compound	PC1	PC2	PC3	PC4	PC5	PC6	PC7	PC8	PC9	PC10	PC11	PC12	PC13	PC14	PC15	PC16	PC17	PC18	PC19	PC20	PC21	PC22	PC23	PC24	PC25	PC26	PC27	PC28	PC29	PC30	PC31	PC32	PC33	PC34	PC35	PC36	PC37	PC38	PC39	PC40	PC41	PC42	PC43	PC44	PC45	PC46	PC47	PC48	PC49	PC50	PC51	PC52	PC53	PC54	PC55	PC56	PC57	PC58	PC59	PC60	PC61	PC62	PC63	PC64	PC65	PC66	PC67	PC68	PC69	PC70	PC71	PC72	PC73	PC74	PC75	PC76	PC77	PC78	PC79	PC80	PC81	PC82	PC83	PC84	PC85	PC86	PC87	PC88	PC89	PC90	PC91	PC92	PC93	PC94	PC95	PC96	PC97	PC98	PC99	PC100
DTXSID9046499	7.309390403546166	2.6447390585391046	-0.09669191042768724	-1.4416918507441863	-0.4057477220456048	-0.9187137797027248	1.3100710920560725	1.9174338318551678	-2.626776030979709	-1.8926160771577798	-1.3350601781018032	0.3111121252761548	-0.9537307495114231	2.3052010178757603	1.1474016863446814	0.2168376987004695	-0.9520580536941574	-0.14576999472201682	-0.3700222230641894	-1.1720904879348895	-0.4488421670734337	-1.1765265831999014	1.3244839751196122	0.10231632634044555	-0.17855276454417102	-0.622420670207344	-0.5247044479068714	0.4561070987944802	-0.28618800230148417	-1.2971647082722917	-1.6506324580468694	0.1157569758297809	2.0273831265115296	0.8695520294188321	-0.0313847977638036	-1.0121664157599177	0.38442944820981045	0.5154380273979827	-0.31012559390826727	0.8421611411337175	0.07142555402738834	-0.5422530798472034	0.6513235058587283	-1.4170189018805401	-0.1679793291632522	0.7797423664277858	-0.3456730949813804	0.9521965330393483	0.7373977196041375	-0.1167644777940004	-0.0010399944633688169	-0.041656077677716764	0.7513461242233518	-0.07044399287584696	0.6423540036241551	1.0992248881105142	0.6219388164173617	1.0664721540455826	0.2583418014447749	-0.5071884173294375	0.024996114167490285	-0.5774112520412049	0.018095177638500912	-0.5668937669316491	0.14390184950123414	-0.2908465595034277	0.14726160429825333	-0.7453462958300223	-0.26138738509775933	1.4231909226718233	2.890972423761621	0.9422569956527277	-1.4048453230737945	-1.7091917034568291	-0.3245696402738608	-0.5669379993319686	-0.07876747254377367	-0.44463980060049246	1.19291057657032	-0.12193489589822644	0.9806835578602484	1.1573587982596616	-0.0005964383342892826	-0.4625259410181515	-0.22458090160828453	-0.23451439363701534	1.2006379697312375	-0.2205890969008159	-0.019507988543154317	0.5270736757962952	-0.07646278086477303	-0.36328192643314566	-0.22524309977460955	0.42374837817190425	0.2567871097602279	0.4724129289035552	-0.5404860156347726	-0.17240822975589484	0.03090348770841217	-0.4070242681147447
DTXSID3049386	1.1256959306924748	-2.0841730696276377	1.0548915506034555	-5.342043663398484	-1.3014863127246814	1.6187885637496686	2.176159987001092	-1.0443674782878982	4.494866195819604	0.2783215246660878	-0.5166494679848107	0.33529915132768784	-0.36032830355364187	-0.6264802503846987	4.356876548208575	-1.5234931442452215	-3.034181142386859	-1.160974850936463	0.20281091649610478	6.4555684236561985	5.041225840968053	-1.1891824790947212	1.254204380027504	1.8150749410261091	-2.5008429913095847	-0.7040583463195089	-2.57687562912243	-0.1938068054815272	-1.9073035756554322	-0.16032200617633796	0.35033737484534305	0.03331836772914078	-0.5420879650107285	0.5978275659715003	0.7763546413080554	0.8981298887148889	2.193845324014518	-0.18611210346442694	-1.0701846464427318	-1.208884392211704	-0.5080134892956893	-0.8705135681608366	0.19171915289962826	-0.27778690117387067	0.6443112224004431	-0.3208239676216977	0.4252887569279698	-0.5583058657516472	-0.023662297324854975	-0.09980715256600775	-0.029297445658438993	0.26201288047824073	-0.4862339954350207	-0.6305313679397068	-0.4598682513037468	-0.33326455304598296	-0.4059978575740444	-1.1138198479999823	0.03845102267517299	0.9444787680579722	-0.06851865646995506	0.5129065940667229	0.9339062838986213	0.1751909645047448	-1.1935375564142665	0.05018081679177506	0.6227337456576048	0.24166726997073315	0.16157806044755227	-0.7055732208108493	-0.24185066570082428	-0.6912695128969341	0.21953816242426694	0.42627263539565147	-0.38660066257611436	-0.009885656604167561	-1.0386110975121023	-0.9248172700372618	-0.3571698676889452	-0.3270485846045937	-0.10368106173287205	0.008309660001252751	-0.45203913314234295	0.375816108820608	1.753837631833438	0.5720399501771716	-0.5903533802852677	0.11328243625586838	-0.9542173657906629	1.1414020325201375	1.4361970393023535	-0.8023868403130062	0.1683687200210025	0.7593298926622198	0.2785677718285311	-0.9726766725368852	-0.7894221676413765	0.6573848953404605	-0.09890797312886888	-1.293405519474316
DTXSID1048625	27.983684272779076	10.878372958292735	-1.3674243394992098	-1.2289339718963086	6.348632249053973	-3.760659161909812	-2.9603188013890485	10.295924588570363	-2.6502926077527125	-3.1027096741429587	4.031048019937733	-0.15961646254004064	-0.3679986722509159	-0.7894806932618692	6.68173589530693	0.9377765217162302	-1.1851058336837101	-2.464837436841631	-3.590658906049612	3.0903419990041057	0.9814865615903792	-0.23671752171839486	4.568226279098597	-2.51923157425823	0.08566492161416485	9.338292935991516	-4.603227621152881	-0.6660537313349844	-8.953958051843875	3.9343746239200654	0.7104395018766707	-4.272042835105875	-4.845682781453697	0.521605030709806	0.808760365358467	3.540474052398257	1.7494645094332935	-7.136084741300322	-1.4304131478000375	-1.4525167564347123	-0.5079090272101914	0.33624146678977795	2.5384808133658545	3.1934709532928487	-2.5820079160871883	6.560872695101181	1.3777119836263534	-0.7621245664824101	-0.564087048244121	1.704576020071661	-0.7167430018701394	0.9633082353765277	1.0643730430985487	-0.5361907581036154	1.097837228527221	-2.2935849452159403	-3.931794918316422	-1.4754996367189466	-6.330903257436658	-2.00137206593381	-2.1730802444676596	3.901875727060238	2.8968546368403505	2.161740397463005	-3.409699823954138	2.3469724986823377	-7.073371952290125	0.27291352333057106	-1.9396890263433102	3.849763357418566	-3.172076012291538	-6.685801192832137	-6.497691861886	1.18139801593621	-1.37493636028243	-6.0914520439648845	1.2821405237723247	-3.068949120440687	2.885117418581791	1.7410312200928493	2.9328635476370093	1.1388764366478175	2.0523374702774317	-0.1585106875740964	-3.5517898162118735	7.151903498272688	-3.046373612661045	1.6063387584956907	-3.7205877558082863	0.5646489545356712	-4.926146386457446	4.0430588929454245	-0.5034816660936096	-1.4673683294967768	-1.386140012983444	0.6429911347078499	0.8008009925225699	0.21076864878185025	-1.5755309397140846	-1.7206560564659612
DTXSID3045568	7.345698173687399	6.662294221052862	-2.877953671909071	0.7832366426905549	-2.182182697604525	-0.1282347640423156	1.4218472969566855	0.6770566489344616	-3.3552469293701614	1.598200157719633	-2.8060707580811997	-0.037842896145991525	3.927523261646941	0.351990790589771	1.4474866189566398	0.4254764621185852	-3.93353970582177	-0.4208705884128429	-1.14086142728862	-0.39483968965906996	-1.6447836604844335	0.34896021392410126	3.0549496909976543	-0.7860796814077251	2.3100142833994193	0.6033010638126267	-0.3936074263617589	1.1849161129791608	0.7062843978132489	-1.6973328835800852	-0.3476024143303932	-0.1842620143599904	-0.05582484473915949	-0.6331423053301604	0.26039144124376523	0.12394811857076972	0.12834800719271577	0.408224698736036	-1.215785401170912	0.20474711875366813	0.7285775240401395	-0.37010909699526306	1.0589818451367605	1.2902274687562896	-0.0938775077239469	-2.1466627405911418e-05	0.007017201273034944	-0.04736633881724232	0.6235241260064224	0.6020949402814316	0.3774184632858299	-0.05431466062127124	0.9791690227275933	0.02558957540578015	-0.28690733304976085	-1.2588578805186064	1.0890141520467058	-0.3630010918005916	0.6237126687482806	-0.5892505511087746	-0.5030439813110708	-0.2008231094782489	-0.1971354861928083	-0.20462337309375325	-0.547511488432657	-0.07664192822466769	1.1055732716437117	-0.043392628012156105	1.1602441702736523	1.1620355748857127	-0.77356074918914	-0.1778142787548806	0.1596868788651285	-0.46852817299326144	-0.2808812574537704	1.1554043791273574	0.5340758752828603	-0.5083398369535888	0.7057973724882741	-1.5662839190860303	-1.3746774505916242	-0.9217035865029037	-0.3622900172866672	-0.2730645465128329	-0.6823565178314086	-0.23051010158610344	1.102992499300598	0.4777615799654844	-2.000189636137801	0.3305874784374837	0.411751215487219	-0.8685816861166248	-0.08793318874134122	-0.6421731620685922	0.5539361651642979	-0.7668010097069407	0.2600892404194086	0.18774993482303023	-0.1170112405781789	-0.260570864447377
DTXSID6026298	-5.775294852786531	0.4353964927821803	1.6270912684369627	0.3455661475598916	-1.4035986561045264	0.24413694089177923	-0.6773271961836554	-1.5581653417389023	1.6130259736504002	0.05872914358164581	0.48572727434928925	-0.3154825610937152	-0.22360121007855038	-1.42135564439425	-0.10334432705666888	0.26172380517992044	0.23984569782576415	0.020798921376820798	-0.3125179052878079	-0.09350519219794896	-0.3484548981116435	-0.3006398320803693	-0.4263078654902698	-0.3589536775111361	0.6336631675808932	-1.0854378713018236	-0.43454460799293426	-0.4662725918881945	-0.2134608690925446	0.09275514107628874	-0.6904628547579882	0.9657372982039798	1.2471917746544934	0.48272427194838613	0.739551619073573	0.462373269884562	-0.4697154164306706	0.1670105796230576	0.21435955888592315	-0.21301790773746465	-0.27044264804270335	-0.23733631526239926	-0.2649352622706871	-0.1445278894180646	-0.6019662326109978	0.4580612286977766	0.28013322185738243	-0.08400842441451829	-0.11106073873135486	0.024087898824494854	-0.052567487027631365	-0.10900529028295738	0.01078555562675791	-0.178118870489553	0.2256086027625336	0.5691117099751287	-0.43112520515480535	-0.03287524412432757	-0.3421267602264932	-0.44688950666060623	0.1787868908089322	0.37885923710023944	0.43718807179837454	0.058942997382530664	0.03494185217698687	-0.3338411958212062	-0.060123968060210774	1.301196004376824	0.0001696608449366998	0.08255144671322706	0.03625141722434439	0.5183073354739306	-0.5449675265685322	0.36024359528179173	-0.20033119019499918	-0.13525147856665437	-0.06534053434373709	-0.1995347879207902	-0.006916235335858167	0.45660455715973475	0.6031800683689138	0.6329526449747891	-0.05114172378198618	-0.04546430799316377	0.14770545413455166	-0.47312655845594315	-0.4216820934890772	0.3218828398043852	0.49803086634216487	0.29645623669614074	-0.44959178137466566	0.4177167715224981	-0.04784431988997849	-0.22932035695723635	-0.3381154686541159	-0.47963120079394245	-0.0811113013097322	0.08969533536944732	0.006273910710914138	-0.43268087349334144
DTXSID3047847	7.428603350463706	-0.10402234147727683	1.1484797809292357	4.987718623442546	-3.913325349304264	1.5943776508781122	0.3604944579830626	-1.095477867913317	0.4993172306918699	-1.3434101156883687	-4.551364528987123	0.03037717253747827	3.5910333874024367	-0.2814874965225275	5.3524136564303975	-2.2711736503290236	-2.973364293458997	-1.4178431013066197	0.8861836953669506	4.585442565159242	2.688277329428102	0.1832795002939842	3.1809967677088453	1.21258148041673	1.2617009356291031	0.08390718222444842	-1.339071621041588	-0.6094864121926725	-1.1480905577593803	0.7067271056665207	-0.48211562867923263	-1.4850431563665922	-1.5608441053262836	0.01846287826211952	1.3331712200520007	0.8535402123488984	1.777304972601904	-1.0321785078245589	-0.4097127581941489	0.9296510151339684	-0.2892359935113667	1.0185987837214463	-0.8603004726557476	2.53599781229001	-1.519162774334969	-0.39001275984597356	-0.19724902175669443	-0.21758053788198609	-0.662836147783611	-0.4908565599748528	0.3496922755670105	0.9952603769306542	0.2763824263882739	1.9422642621625057	0.7800652132205939	-0.24264241842710607	1.7623739432897219	1.6977846796456608	-2.0337996168746786	-0.7341258473597517	-1.9412235620613334	0.003672715191056002	-1.6149970234036606	4.871074489389002	-1.2188528306062691	2.014719597952485	2.351812591699766	0.5078800550598688	0.013071342648097888	0.7852307312353735	1.3255837020805572	-0.8941280082653722	2.8167247237586226	-3.211895765352493	-0.265320695559768	1.8467756071066077	-1.6902750112680487	0.11725610918308045	0.9070584499995682	1.7618309671468	0.27900461386449005	1.8864444400181808	-0.11808412002477116	2.2041563292091957	0.455878438402453	0.5422559095985222	0.9729116059177826	1.6859256308716095	-0.7350866475504702	-0.6487024457730659	-0.42051839257848556	-0.1748729433440528	1.043427361541976	-0.05387155409152426	-0.021941294004648233	0.3534313074339412	0.6454955149345106	0.7713570963193576	-1.3873248317339348	-0.03483317753219066
DTXSID5020863	12.538255200676787	2.3420786505643094	-8.843306562236053	1.196863799821684	-2.6062024393456578	-2.6846920139319206	-11.632140725942577	-8.977502564471218	-10.43678355383159	2.5533403812087485	-8.716900920684939	-3.9541985533420547	19.173156071444	-0.518221291481086	2.034361086369301	-3.7874099731759294	-6.402562180199875	-0.7016974479991126	-1.4542942937167582	3.229146306921011	0.6612170452301918	4.351749629497779	1.5730480332877161	-1.8960914222128293	3.390585848354423	1.9005401139702898	0.39793972509587716	-0.12313429442363853	-1.9628219792588724	-0.5107825694940883	-2.1813839772038928	1.488450182346615	-0.4415935156681215	3.217283157657395	-0.8452958492504243	-3.655505496813472	-2.084354973585358	0.1306994898893238	0.06392013242799265	-0.4900533125249276	-0.5778949945632261	0.009683506744870955	-0.0020367866610292874	0.29983688332672703	0.14627407305069584	-0.5010590857686437	0.568500344612433	-1.4591932687210516	-0.541150755207707	0.5428732006373337	0.23004374034976588	-1.1517382049264762	1.1084470648445155	0.3771141639215408	0.16766155271935856	0.4503567683553152	1.3094606360999026	-0.9915838365247522	-0.6223712400893812	-0.8228197231477051	0.08094671394007742	0.12599999428363629	-0.20016515828680861	1.5135718341547526	1.2031640559140857	-0.9625305029086633	-0.7267452267095557	-0.5237452057864935	0.5157546952886009	-0.7158843416976737	-1.4109641900611072	-1.5256537822194882	2.493173472486621	-1.3575315451780223	-0.3902735382351097	0.9020461226171888	0.7760390936438023	0.39433921485878604	-0.35380597084357585	0.7464411883805709	1.9021867623336783	-1.1723573819400748	1.063420866280912	1.1937610469532622	-0.910168371909363	0.16383180041741882	-0.7635725236498678	-0.8756336187562376	0.26920282806233753	-0.026887128174101788	-0.9576738807374922	-0.2710434007758268	1.93989460308615	-1.0616664417401747	1.8468826387600157	-0.19852707266135636	-1.285149148938425	-1.441764107749606	-0.24854835074433992	0.690840144283979
DTXSID3024449	-5.928488172796337	-2.472594783130453	-0.8077842993080838	0.8775586820923229	-0.6009584491853073	-0.0049001148857974	0.7678953357899547	0.8014204552942341	-1.0850724970326346	2.0590832659990066	-0.7485672327707841	-0.6599503830673258	0.17921269495145153	0.4946168513245602	0.29354441754499283	0.270225123050264	0.08301578414084926	-0.3389926450585033	-0.4597792984122178	-1.5135330538892828	0.37475120445721516	0.43393927348322964	2.031682447691877	0.5144088800483323	-0.24945379975963264	-2.1156742105188853	0.6081735928740072	1.447401943903209	-0.5409829580543254	2.9417936739243915	-0.09417552198376132	1.479507323583117	-0.9741191645282704	-0.40493031915077243	-0.420630751662531	-1.1238020644271753	1.1272668651825022	0.6287140169356663	-0.4008904785970349	0.22244314853805844	1.1808078734555305	-0.11605952833981241	-0.33399770338805473	-0.2543519100818097	-0.6704306286499025	0.10969703409433561	-0.11346137805102466	0.19852743168222656	-0.0276715187159454	0.08382336138732821	-0.07018739129409411	-0.1369138390851621	-0.1084364820177315	-0.06807956762487977	-0.14618142423649053	-0.03326251122900432	0.06633605373723334	0.28826637399783156	-0.313528803511397	-0.5479969485839623	0.46417299478921575	0.5923774352485468	-0.10373550758284045	-0.3683046171887777	0.24344394319355653	-0.7947915214505444	0.05907236710202661	-0.47241150492028255	-2.5489862420290037	0.6331738610542074	-0.4747752881194244	0.4778533166681835	1.701551971440357	0.38246468870137057	-0.9403308686700995	-1.3178618371706694	0.6958548767083	0.7752048685711579	0.14383019094337637	-1.2186879850053915	1.199764461710454	0.69578562832661	-0.6892806889996675	1.9937154320767374	0.3307596348544123	-0.5347773702397647	0.5275790304251688	1.3801731163311302	-0.9391513362604035	0.4091480029961751	-0.19973098635655384	0.8171009304603053	-0.025011614320727096	-0.5498402383303135	1.2829628468703846	-0.14347806829017426	-0.8907579614572522	-0.03011915380870464	0.17833446148749754	-1.2123878723237738
DTXSID1046895	-3.613416859846546	-3.8428016613866665	-2.2750502901357326	3.5321538494244313	2.653083420784592	-0.5104114118856827	1.060390555337177	2.46977266775192	3.4339402219030792	0.14946508144410087	-2.685707684433224	-1.3076329797836117	0.47052119416229243	-0.21113633141015511	2.3835798913358177	-0.8805262715301143	2.8540313053839736	-2.0254547506054537	-1.1406161664324121	-1.1169385522156576	-1.1896312678800536	6.088641685934085	1.2719714274741294	1.1956323794442016	-2.367394975426494	0.07908986851129858	0.007202143040250815	-0.0884559871316767	1.0558914484684414	-0.6908621391577895	2.245688561727652	-1.9733346263069338	1.3744253368410337	1.1463263273384483	-1.0209445507789694	-0.9798109861481172	-1.0958783248180082	0.5886566145419746	2.0557522451909875	-1.528190132660725	-1.2744581924633933	-4.03762157414953	1.1714231466618399	-3.4543514322419115	-2.072856233388005	-0.740413521500402	-0.0009093119313217539	-0.13726171703073958	1.2407105698456662	-2.1028127479454413	0.5161029290946213	3.0895801301593266	-1.344255601482101	0.011402127439800677	-1.1462619679722152	-0.9292577525580168	-1.2988484108509952	-1.6696669727742004	-1.2371354627356512	-0.13659381019840813	-1.9831788260552963	-1.316624657406912	-2.2473735169858853	0.8252268774445234	0.13520312827262587	-1.5506539274695743	0.3177999100850027	-0.8681571874856558	0.6949207404811089	0.9833131356321773	0.13497170289479127	0.30546999003434855	0.8595065769256219	0.6747190922893953	0.4424397282346703	-0.5580856895575156	-1.5941121898416148	-1.1745767584225355	-0.08928420790991022	-1.6460889408300223	0.8653119359288518	0.5888738083087354	-0.15788806332827943	0.17171539012847972	-0.005477421673229835	0.3881175873571754	-1.5361280668359771	0.3321751883676149	0.993875940151842	-0.5085779834701952	-0.8422676634627349	0.2038809424740516	0.1585009408875559	-1.3090852397829658	0.2193755445221719	-0.8541661482756577	0.25649936268444024	1.1959559318090085	0.24083552085944646	0.9837614713714901
DTXSID9021554	-2.2145184319507796	-2.0407242134901415	2.7173506618967833	-2.8510406592919737	0.5438500118475958	-2.388096852259649	-1.0011147223991572	-0.3541714475802058	-0.7674352839301668	0.21090447428952533	2.9709226891476153	-0.5427097618107277	2.6482625764981815	-1.2583413121505223	-0.045752784346347455	-1.3755254241824681	0.42059950003490404	0.05535328514634545	0.2977449462370542	0.4023667242550093	-0.05529092632941331	0.5889398577766798	0.028623776687588663	-0.18169276875233784	0.12994790271210788	0.8200884808060868	0.7064360490353033	-0.1916799876373152	0.10863055685663146	0.6250779106047475	0.5706019384220001	-0.4764697375367183	-0.19725007161439484	-0.10325485669686611	0.45867649584274023	-0.14099610155320705	0.2550601042521903	0.19385634221645298	0.591219786514043	0.8545100101817868	-0.2156586781721264	0.1790942400195575	-0.7442407840460484	-0.04511741350858447	-0.019738953516923553	0.009693456855089988	0.4898590160952399	-0.4422718960917638	0.16205259436189798	-0.16955941288395557	0.12376509673088969	-0.04235121839792296	-0.048407589098689224	-0.06348690446460314	0.1635895648374481	-0.4384376438132647	0.16952336760125386	-0.5933168969572289	-0.09364978196142283	0.10702616023079134	-0.006504257707144145	-0.575863822502841	-0.10896600791033284	0.04348981780724344	0.1753571400928717	0.4026067512354625	-0.5150445605868701	0.030376114776775816	-0.0878059604494366	0.13405447434141973	0.7275251234803946	0.12167336042083773	0.11743358066550315	-0.19104229522975336	-0.14662030479314336	0.2478572433213315	0.28013746339747847	0.03278078442762298	0.12563269643716737	-0.23771625906293423	0.025985120318507304	-0.340524490182287	-0.250056036763071	-0.12788671948436872	0.2216197686552128	0.07799869024708012	0.07165219126914771	0.27859723150158194	-0.010323799676509638	0.10322314750567785	0.38324134718783126	0.14155331401273966	-0.1641638838112208	0.32661008928465773	-0.14203721997903557	0.3171361955068697	0.0794322221033832	0.22405005930628938	0.14859870645950576	0.09460321688586511
DTXSID9045764	11.449623503579762	-3.371524966119906	5.257968880610273	1.6053084588904583	3.616340106730277	3.354464180092091	0.46536569134473327	-2.3004430024724534	-2.9517208444195324	3.1610984717592223	-2.2713831633413535	-2.247354847919833	-3.331538103095955	-1.658788742636141	0.9974185754061113	0.5192192606993948	-0.11647829672294967	-0.34687911882550815	0.43823590574199744	0.12478413311531324	-0.17327735095951946	0.37664169596754055	-1.218296682779082	0.4199996996660544	-0.08812935735168899	0.7005046179459306	0.7216515834548323	-0.78119126814655	0.486323545784776	-0.20140814275545443	0.3504956989371916	0.09393115725050245	-0.7527143254509652	-0.7542989922842462	1.179311468298231	0.07355305166972276	0.19280796385363955	0.3906663630974019	0.8671406671686508	0.9268463171053454	0.06489778849738805	0.7968893004393847	0.18303822032254283	0.4540126891397921	-0.07986931539353855	0.49935943968187513	-0.9018145423277185	0.5056743506288175	0.1822749613475374	0.9659285163861662	0.3226201441040722	0.3803224113986974	0.368593393974848	0.47593194992685073	-0.4463711217023126	0.07405188116341126	0.5635631139742739	0.0674839742737923	0.02814507989084073	0.5858554053801485	-0.7625635619854733	0.43086893379729047	0.07817048844501333	-1.3630552254162145	0.3030154792897358	-0.908515423539624	0.2949301053708749	-1.2115590188305956	-0.6271545237683589	-0.6152657674249292	-0.3057960746387315	-0.035658261522605095	-1.5115685720399363	0.7845552105613889	0.34372006502221936	0.04898116910045146	0.05029982272992198	-0.7084128060039726	-0.07719608113735389	-0.6624665123771845	0.12756997508646375	-0.5969616770181663	0.4403136429279054	0.27938996305122527	0.022542484505674556	-0.8701462921415616	-1.5447571498098152	1.0144098483283808	0.04108046003969577	0.8969734444103831	-1.0482864084904593	0.12241573633416088	-0.4779878648386642	-0.43753867224973286	0.591668334468073	0.5723724362302044	-0.3291734463573954	0.4401058003290535	-0.3940500731842051	0.20374419458881587
DTXSID1047811	7.466744435911536	2.2600265015932446	-2.0654006431575707	-0.7191052535477489	-0.9078079093310442	-2.034451134962365	3.5746861642703207	1.6038872113643021	-1.299811059974892	1.5562307845106165	0.5772274637424654	0.746653774549291	0.2758836178137107	1.166350604937919	1.9068900103764708	1.4413128435179434	-1.5887080727435645	1.41219757821246	-1.1236651988077513	-1.7178951375147544	-0.7825854591578901	-0.9538211127741054	2.23730495920544	-0.5828162271690372	0.8309282551736119	-0.2314914224669261	-0.6884014245151133	0.14800434260820095	0.7838901695342245	-2.8967965105715567	0.6750261421438809	0.1594910930592018	-0.7398440165618954	-0.30056571745514693	-0.31248082786621467	-2.162102649447348	0.35543857237974	1.4808333351307452	-1.131715532127392	0.9122125196745793	0.4341176183448966	0.6884864168742874	1.6664116365384518	-0.10772581781534844	0.11040565073791851	0.3761778012293131	-0.61637605665742	0.16312569635540217	0.9347867586909074	0.6484612205034406	0.40200883589706454	-0.17150636466398686	0.331243687865601	-0.10400778824757594	-0.49115144848153425	-0.8345112113884265	1.4596650086235863	-0.03181853588526517	0.44065140289607396	-0.3433968789979959	0.20549226282395885	-0.9466532675696038	-0.14056538610350233	-1.8228684409610636	-0.17654378649815541	0.8326425391121387	0.5502828926658097	-1.441804396575982	0.9046829588945314	1.0102602466139723	1.1565419520568445	1.3764555524747226	-1.0762176082183068	-0.9120228360334081	1.0548138781568794	-0.8974895585853714	-0.5883402607484866	-1.313036984858029	-0.4429902897283408	0.6379828126642295	-1.0044280402974308	0.6892632739333235	0.5208822937279551	0.4256984250716579	0.9467309815584468	0.5459426657229848	0.3134442903913824	0.7735576835617329	-0.5425671787381812	1.595277519286543	1.355587182415208	-1.1464026421617102	0.7117077306242224	-0.3309834538535617	0.23124010408931997	-0.4646726595549224	-1.0683996284908255	-1.0080318975681173	0.12318147540398922	0.30489923256228135
DTXSID1025221	-1.425663728917868	-1.196851643314762	4.756288642942976	-2.318239826856515	-1.605972320327322	0.8273611998435085	0.6708343764778839	0.30694179070946964	0.5852784122425675	1.5194742364477158	-0.23770858755481314	-0.09401975733953968	0.7900482210333626	-0.5933337708833578	0.38213080835274815	0.8078850867097142	-0.20752181050821122	0.6561916533850248	-0.002325776818428686	-1.285689160974971	-0.17008709493059637	-0.2510102726577573	-0.8647454752324596	-2.291832480762809	1.2502301001507992	-0.8284450395939246	-2.132366734027208	-0.3222540291794719	-0.22420383590403242	-0.677638010331241	0.004186015088429899	0.47943887763076154	0.6085662392318689	1.1359821263378547	-0.104689183830606	1.0713957528389333	0.3647481291693577	-0.898240160681111	-0.5601057737133175	-2.250869032002667	0.8048653130925901	3.1788623345942875	-0.7533888229129518	-2.2360732982864446	-2.5489370003681713	-3.1057438976329292	0.8418962831302552	1.1995786330042886	1.1412509662700945	1.2212630861851397	0.026435104534720776	1.0321348839093345	-1.4564645522115947	1.131229973209478	-0.21550826041812882	2.3707277171900096	-0.6436618229171087	-0.11657822818420116	-0.06070017844395233	0.5945609317386102	-0.5658629372760199	-0.08887165880741088	0.773003578083278	-0.22576124342962772	0.34114035897399153	-0.3691532526584279	-1.2187163809908272	0.7746954938268132	0.4258047957947745	0.9402993717169067	0.9166928542412823	-0.21384240329348025	1.3334835212988045	0.24152010478101868	1.242285238584896	0.19222444740115457	1.4535721785654772	0.41285718595779697	0.7950085057593202	-0.7845041113767066	0.5429802127873679	-1.0185233101776712	-0.09319271083492683	-0.05596291817409956	0.261554779849858	0.10875570803750648	-1.1309998841529103	-0.43053286154249926	-0.6909540128936167	0.23205362350493644	-0.5579949399193134	0.9041890029534022	1.3988957346883961	1.598547874007312	-1.2020440621561834	0.4034775523122606	-0.24860246626814972	-0.24797696596134736	0.4093821060578653	-0.13507756135441182
DTXSID0045468	13.743485753691486	1.6101423545287046	-2.8490008336664125	3.2682337165588304	4.537979295807461	-1.5121375721891581	-1.2404629401583627	6.186320438418212	1.1138902065876346	-2.9564733182820198	-0.7546997263370139	-1.197971671402731	-1.1784861632138373	0.5805750173308932	-1.1730041643086182	-3.656177707651587	2.8795715265665165	-3.7894179216095276	0.424591091872268	-0.05032044005108941	-0.7306576077447724	1.8681947423548384	5.202915282016796	-3.2836911238996955	1.9930941947162917	7.559355683104025	-2.9497958020279067	1.3047133654594312	-6.702892178138083	3.62027325760961	-1.6002531153578237	-3.9789115967622486	-0.5074962409162885	1.0571533548262415	-1.5497945892913538	-0.9613624487216295	-1.7454486730969678	-15.496552155766066	0.8354607877122064	-0.47074046731081914	1.9139614224637063	1.1454708505033666	2.955173337832627	2.0042658691586754	-11.602655552348278	31.644691475229276	7.67941006806088	-9.627662020363722	3.4275471069963275	9.81906934815361	-33.21478270548349	4.6097154843163235	-17.291392102016395	-6.273573265327864	-18.61518932749349	10.93338129661408	3.1064886689693796	9.418412309649247	21.132608763618798	2.6606270684616184	0.3911293232086785	-4.936123108060765	-3.49397212714216	-1.9704933530946103	2.6057749387468436	-5.856670378109876	6.661627834049087	2.7859728845351497	0.3143422590756901	-2.4671563515442134	-0.4573684710947467	3.3567360897063603	6.774522585044707	0.525185919940946	3.830779128448645	2.8389945369871463	-1.3798941353970113	-0.8270214368135722	-0.5556864318340136	0.17540980316717136	-0.4770539114453615	-0.5059516493364626	0.0038553708599034704	-0.6909150407090933	-0.0041091356450971275	-0.1910226103486342	1.176383960572503	0.8744489382673266	-0.12507964692998408	0.8851448466079034	-0.9221735262719782	-0.6160292114313924	0.5154354547812966	-1.3384626612703752	-0.35218323413851105	1.3691908480426647	0.0014811690001792885	0.5932379454897599	-0.24638768863566876	-0.5930590791824351
DTXSID8020830	-0.5672078982110003	2.47313784686947	-1.7836528737435868	2.6698577537882335	-0.6567292275203217	0.14889349640385457	1.3013494696286572	-1.1955258145100323	-1.0016754151981548	-3.035653399883242	-0.10246272182238156	-0.38153195545343155	-1.0044291568184909	1.1340641642935425	-0.6698865890260937	-0.5897396988234361	-0.07435588374822995	-0.4478359694973937	0.33666892412205096	0.8073087938110377	-0.28044818254200743	-0.9172051047612557	-0.9531083530685881	0.5896755455805905	-0.04861407238334632	-0.9960330290329484	0.3472454305196937	2.3333142234609925	0.6184849874148985	-0.0692647003303944	1.9269511488234037	-0.5304434861203454	-0.8347598879484224	3.7402700891662444	-0.6564037869531363	1.7595450574377678	1.9193414471984425	0.11402576251332923	4.37443143946306	0.5411572624403918	-0.5718245454732723	2.23002349596484	2.500163920619309	0.30523211028660624	1.5614819053872537	1.1989086262357942	-0.06135890704859697	-0.42524698126148447	-0.5870290690251804	-1.1538413439630473	0.26329749772427646	-1.1230422363126502	0.8241945405308999	0.873854315234033	0.6016901870364121	0.43562475385374017	1.1325559359134545	-1.2607671626593508	0.8621023429328329	-1.0758339341432808	1.3825775785667025	0.34990792506719376	-2.8417022985533005	-1.8094084767183904	-3.617458321718959	-1.6892732050051509	-1.1206617560814358	-1.1148527280100258	0.23356042379028638	1.2863265501861827	0.8093307561373227	0.10230437141523743	0.7660422263901601	-0.23055076084505866	1.1903715133498327	0.3845299488504168	-0.26940543882150686	-0.3934015334781747	-0.030248344790615583	-0.34739817055764266	1.0598103613928405	-0.5416489791457461	0.3630466407925163	-0.5877593426105213	-0.6871686579826628	-0.12781636266532467	0.9521849624980921	0.2840395448541344	-0.2095426904498362	0.4241631980015895	0.018809797081433106	0.3979293162079889	-0.2871814795150467	0.23975419566828154	0.19356232895026398	1.2028811389565277	-1.1258180140634928	-0.3241113074079271	-0.06827913408254263	-0.07440013357125334
DTXSID8026432	-5.407091815901293	-3.401325857297419	0.27487702023971333	-0.6090793704750179	0.9215973482158575	-0.10299182075530264	-2.0224362394588673	-0.4277615711893075	-1.1225488940541992	-0.1075542256995835	2.316284267480493	-1.0002782815619875	1.4176384294910325	-0.36123539807161703	1.27246257553547	-0.4884863807683669	0.54470374786123	0.7590427658979445	0.21124286732099096	0.24766452858036533	0.2863667561191236	0.07101619411135245	-0.7606616356574032	-0.49839957262766216	0.6621102525128164	-0.22035674600254745	-0.5672694980740732	-0.3654852782990187	-0.11926563849994581	0.2267923657445344	0.13149096608927435	0.48762512271006864	0.4172338487182344	0.5253855249744173	-0.02405210430602981	0.17996302362415967	0.5622412037501548	-0.31325004568879067	-0.040964404922800776	0.41954663999733055	-0.3539320360257558	-0.39610796617944266	-0.9692554063122483	-0.24742753662108902	-0.2173241956782485	0.150019961586153	0.19684106278012115	-0.47674975934608216	0.1432802341830055	-0.10056127669745656	-0.15308263977562087	-0.4969670901889723	-0.24241300169555244	-0.24643462473991407	0.16322127439376835	0.09954551472705384	-0.08147787014720942	-0.4831829228862773	-0.3804205078141817	0.24594175193615037	-0.380217380275656	-0.3338328674501857	0.9331334588660776	0.367982296602909	-0.514324709325111	-0.13881162298195288	-0.9376212839667603	-0.04991913290056005	-0.46725101971268	0.09910391432822666	0.5592019695719137	0.3636155600913128	0.1601122040069948	-0.16441859166249742	0.01765030559895914	-0.5806819979425117	0.08882358366960513	-0.5583997156995236	0.25634027846651347	-0.9147977722881688	-0.21116390020873846	-0.6370980860796707	-0.6551267457081975	-0.4420516939545989	0.5202231622739029	0.48522383984167033	0.07368837495849107	-0.44917758907109895	-0.1962639103328519	-0.04480883411717272	-0.2376746721780793	-0.5970710606653874	-0.12589835056603116	0.09874179716598423	-0.08913850958685608	-0.28512044621357374	0.04416255313130273	-0.07726431875090488	-0.06882905367862678	-0.06349332229983325
DTXSID5020811	-5.550943549359053	-3.8716823295788716	-1.8227841500879036	-4.759971076953882	-1.1876118915725553	0.2771152218293555	-2.8090465029705847	-0.6635641986446666	-1.564650683182314	1.1550395675495577	-1.2940752922317396	-2.605525348436782	-3.530346978743047	-3.4001243574350823	0.21238054612665183	2.459283679449473	-2.33042759169804	-1.7874878737803228	0.6521877929788978	0.4658808113349845	-1.8301801835182672	0.2414363388802382	-0.7288478851164385	3.239716238441695	2.222011303327741	-0.45010613603878036	-0.2540941242958398	-0.6510512076948829	0.0996135968775741	0.35639277142799125	0.1925654838524594	-0.349431494077452	0.7580900799580557	-0.15993103139424075	0.6494513756364814	0.3832136844101508	-0.7457919129585546	-0.11070904792798522	0.17977719843296208	0.520621761808858	-0.2604376561425085	-0.2022436628604931	0.12722008631162474	0.3613371431310863	0.028988677632383913	0.1507135595641959	-0.1840590489721022	0.009944976721390374	0.34708637213354937	0.5125103787316926	0.04227457526135449	-0.21804230756338272	0.4671160733184829	-0.031359452810186664	0.3345110577489684	0.22670277027821686	-0.2701563996483417	0.19690792751755568	0.22529277783481028	0.38564322252057653	-0.5163530178863367	0.0035295738898580334	0.08646468118907237	0.6824233468515164	0.47018057264455904	-0.9526989565187813	-0.4322332511581754	0.07465900531699192	-0.08222933337328148	-0.07873772376640782	0.27465832661602085	-0.2413282703760888	0.2720590375765451	-0.1959454825222875	0.2216685812976824	0.3977811141464544	0.9243987952045772	-0.0847628638947085	-1.168590257161885	0.6206372519156087	0.42359907381892986	-0.9730848991539407	-1.991254076102478	0.0932227758651963	-2.69036297589523	0.32848716203633976	-0.7997061556454119	-0.6062746733687636	-0.3432404164829015	1.0360094998540326	-0.05340182976230394	-1.3603572534004906	-0.30372401848459	-0.573714640467776	-0.7978671141839608	-0.5438337372065456	0.9854624939399234	-0.006107907784082116	-0.3609350603079047	0.9038828201477718
DTXSID0022301	8.6226870584327	7.5232525202118765	-0.7615332862682851	-0.028514274274993572	-0.990417601536773	0.03342856399210668	-3.0365212953033702	-2.0395750835051976	0.4122339502610459	-2.7982348039653706	-1.1132713204725933	1.8106905952746595	1.4278363784158574	4.108267714541688	-0.254637929059478	4.072735420083096	4.866391185530424	-1.9438082694274743	3.3335401883315177	1.4776792997845831	-1.7980911807237898	-1.360172334140794	-1.2447426511615582	1.3914802404681483	-1.0203531272118118	0.8046415370244644	0.16040904955298907	-1.861665058050449	-0.6914006075930774	0.9160493025920478	0.6808163982922337	-1.4490080016177482	-0.018972774647924687	0.28244161630193976	1.238313619413002	-1.4810493739542752	0.8498169710887136	-0.1328835939276667	-1.3381908971473133	-1.1596111537042053	1.672288726440206	0.72945568079293	-1.0974726902643803	0.2365998571952875	0.2895348949834435	-1.2336817054885996	-0.4483654712444352	-0.26786090505282156	-0.6912171005604277	-0.45607037903659353	0.02826523082732161	-0.8552320357004725	-0.36332843681205723	-0.05093827620803091	-1.7810284369889067	1.5118665893851353	0.3650056036144885	0.8072267107983258	0.6733705179246614	0.6827569871287458	-1.4097232102969726	-0.2150669020954548	-0.11672827927209269	-0.8365459783066452	-0.5947192893887384	-0.6316663627215916	-1.961186032943728	0.8713922141874997	-2.6249109765481298	0.4300142030197842	-0.11527899026450758	-0.6477641862668029	-0.1694258376668367	-0.994347635852794	-0.7800725947438373	-0.22052461818466984	-2.1302341105681175	-0.7339986235018354	-0.2606633933000083	-0.1508292336379444	0.617844770980342	0.13227184649127882	0.9479676187215841	0.2666555407699541	-0.06245947193977086	-0.17328388396399935	-0.2669745377978716	0.013678630446790222	-0.1805691744168667	-0.07091580862337138	-0.43091346897374144	-0.8102908386565179	-0.5174281625218886	-1.102222044284509	-0.2407006262521865	-0.7648903331679308	0.3117792839096597	0.4903106118418022	0.12729399946039535	-0.3296628299897138
DTXSID4049034	5.38904772271596	-3.696690539180491	-4.732539070871921	2.1034699451410868	-4.84653636645119	-0.9218083715096203	-4.079891938991896	-2.8552237538692995	-0.6859225491880825	-1.0937501511966745	-3.0249160607845984	0.10531542947950452	4.403568234978512	0.35330118145311434	-0.8623578032010869	0.3960465730038053	-0.8741474491467148	0.8364050751984805	-1.634745697386568	-0.7614529426868669	0.30784445798719495	-0.2749422270848189	0.3860400136724732	-0.14448504410611962	-1.0639362563223058	0.4428888771996708	0.13989280457969655	0.2203542011302639	-0.10893037246207912	-0.5528834676733747	-0.15386736052644584	-0.026449216018297327	-0.37528882119319334	0.011815613914747619	-0.42660667666704677	-0.05393243761216916	-0.470093078472403	0.6901683356990164	-0.11430255349211232	-0.3239863494078494	0.19786068062587614	0.43736725326912573	0.23063426668545653	0.5827507180638453	-0.15331724824173754	0.15309785554182095	0.2841200013263886	-0.32262596550534806	-0.1487270603137533	0.26487083647171095	-0.08749019918960442	0.013131969212106383	0.16976466433439552	-0.03127190675417013	-0.40392146697727294	-0.1398342372578924	0.5335881324368481	-0.10501571612728294	-0.8860447085168195	0.15509923597618697	0.08325230968611602	0.11292673076389373	0.025555798675815873	0.5900610967909954	-0.29362244951477734	-0.6378763110464134	0.7243572411181801	0.39234854080338905	-0.2454146001552625	-1.0320213283863289	-0.6153536643890344	-0.16451550304512394	0.012336202067762475	-0.26097864446762736	-0.3259266416426971	-0.5065257683334393	0.2833811517924142	-0.014433066690385991	0.1538346318746678	-0.08446538779173936	-0.11417614980425796	-0.49296427853737895	-0.10291868500075257	-0.09630202611767853	0.180332150017528	0.37799710775461065	0.26836125204393907	0.4495041691467328	0.2845831381833009	-0.19419968096841317	-0.20617307672297586	-0.5878777874036237	-0.3471883824882191	0.20080490282833682	-0.378705783887835	0.09976488458009342	0.8174945107809741	0.2985026353269786	0.11189549764027965	0.3482798650421247
DTXSID0048634	18.57616579772284	-3.9351181342581714	7.728436097866701	4.439137657029792	5.634583358630863	4.930157380641978	-0.5884973763472725	-0.9024868075339545	-1.5579214899198313	-1.3363731529037879	0.12039621152179952	-0.6617136179688715	-1.7677802212695386	2.9601987368372265	-2.6925387653408555	2.145548721807734	-1.1100988647489747	0.8240673879105115	-2.450849989808818	1.2647519858457827	0.8661855023432352	-0.6404316661016896	-0.3129321755859221	0.6617937345572695	-0.20930583144287138	-0.5097421775778935	1.6505703760180916	-0.00280416948684303	-0.8478196594676889	1.3670828040931238	-0.21527134576761936	-0.13447739688342064	0.44545222113433325	0.7123801877048999	-2.512598355510601	-0.6993627800004885	-0.7446034757563877	-0.0064336253997251385	-0.8842083643110107	-1.1396193487611705	-1.2963054031874168	-0.9091666274268113	0.6139394035678467	0.49982798497079667	-0.4257401018706248	-0.9410872949425331	0.7516587683110473	-1.7039090206528915	0.11526776660807074	-0.03352739208861478	0.151673160078953	-1.0125961931080791	0.6172904952740919	-0.5803468060954767	-0.1197035221473105	0.7269114396128983	-1.5919016436915046	-0.7213510119179926	1.8693556542041176	0.468636374056255	2.246456857252629	1.725425445441002	0.6209215073916425	1.967996105002186	0.5000730119369187	0.21692454154898236	-1.535451385175484	0.6499915400669596	0.4592702784328565	3.0364285777464204	1.9502141562253814	0.9325030173722871	0.3568707794411779	0.3234188979831183	0.3790149790788893	0.3866309632999258	0.09325229764996254	0.49865421818456607	-0.09771328791971791	-0.7072378094835627	0.6352248749361639	-1.1231100141822599	-0.47827003649058014	0.3470655307549912	0.11298742315599869	0.3853741418210523	-0.18714949459259303	0.2369962262853596	1.0546490898593648	-0.07206839266447411	-0.4249249531091521	-0.7824264856404296	0.148684351633107	-0.8032741006064354	-0.187387582304974	0.4215028181252893	-0.7674005369942667	-0.3084472320033304	0.2603165749194607	-0.11969887201898818
DTXSID7025926	-1.3349588086513617	0.48356431713454967	0.273735526085887	2.2770519738977084	0.16785478033827209	0.2873184434881583	-1.1372941432014345	-0.8890622383337975	-0.34599189720346085	-2.139771065549088	-1.3079026362797679	-0.5334763965050275	-0.1937021578250178	1.3164274357805743	-0.42064836862807203	-0.07809153450756272	0.4112491941276048	-0.1628378132385135	-0.14084273963146263	1.083067022775941	0.30769651372190554	-0.2590601140564901	0.2230284815907729	0.8059585179990845	0.2248052011576102	0.13286290050147173	2.0032380651554775	-0.3232433213958444	-0.33665493664348334	0.997946335931425	0.1429856694282469	-0.9074438485153078	1.0084606333806103	0.4334366270498813	0.23084025949878836	-1.1444101508534767	1.4818220812261567	-0.519634370188655	0.7667859015447142	-0.3324638590182512	0.37109996979230336	0.333760922535248	0.007936957662618312	-0.6010019999617213	0.20210730885528835	0.07678689632821348	-0.26293863431906134	0.08414100491168192	0.007193927634971575	0.29858308810784107	0.3703563687062053	0.16421874880513498	0.33481681244675704	0.19130835885078953	0.5112456378285506	0.25677360894613394	0.8207535234191776	-0.2766454401302712	0.9503510373407742	0.746075885268601	-0.31656063055267236	0.5923013949158918	-0.4604031517064687	-0.7153939083554762	0.07713845225653693	1.258415134258478	0.25554855190652026	-0.45490008945030697	-0.31989327589852146	0.9798267089675652	1.2083087953995097	-0.606457710000754	-0.5309221367419548	0.30354444436148525	0.01858472963400937	-0.1587719206733423	-0.8220950658916121	1.323221959401834	0.13156786507906967	0.15177813928269984	1.2347543258068265	0.2915032594339717	-0.10205157732429329	0.07058086898850591	-0.8526135844162973	0.5146501911661185	1.775408504453762	0.5648921928205252	0.9714662369182206	-1.1316276321010708	0.07217179023142588	-1.667605481064657	-0.19116438462892238	-0.4542958103404677	-0.03465481338013444	0.8275270459306129	-1.0726479223281333	-0.11954148088783233	0.6407658014583908	-0.4096485171361376
DTXSID2024113	-0.6718351980485446	1.4908990015058299	1.8447129726500497	-0.8718017301218872	-1.9132562953216352	1.0532855008086164	0.019737656174778958	1.7805702984665988	-0.23368877580853045	-0.44210199951086726	-0.20595776527476153	0.0654099438835007	-0.7566056756529875	-0.43259387488794065	0.5964321177295109	0.02884285142685365	0.9119564011657858	1.1123547358628998	-0.7878335839486857	-1.59132376742602	0.6513439666957859	-0.96159586679544	0.7993235908798393	-0.38936038636483866	0.645878045151038	0.5741040232826674	0.16120957880661566	-0.6960168295525015	-0.45721510504706736	0.022705666255805883	0.2312559078822799	-0.5573956104201131	-0.7412891282736205	0.3364588963517397	-0.8177501005934547	-0.550478922149805	-0.20558522633324106	0.28118982402248954	-0.41462694503553027	-0.06560656026277988	-0.014917625903634824	0.5414442760149992	-0.282096175463275	0.19584785764269028	-0.24673389364551995	-0.34894983418201514	0.447578342135308	-0.23020616049423986	-0.23458098557526744	-0.34664008865918894	-0.0133450121115298	-0.023943803523963605	0.11538337754984926	-0.29082408129531195	-0.21451151089098397	-0.8648680875880891	0.2829593690592032	0.06704355047884832	-0.06538466795821865	-0.41121173185063487	0.8246389513974509	0.07048693494548795	-0.42953792122653583	0.17655808486930386	0.20605530917626466	0.0671590036026604	-0.4933290050894636	-0.09830899976240323	-0.44303369369271733	-0.18172151726480631	-0.9364549208737258	-0.01308504567115707	0.6865476173890891	-0.44453935763571273	0.12125815028624706	0.21811167748234403	-1.2196092717723699	0.1256059335392497	-0.17035489513687532	-0.07862039334889655	-0.10895306639110329	-0.5851728345127424	0.1581133476018891	-0.5491670364358312	0.3981261597675905	0.012308019112510633	-0.17589658138659559	0.00014036173654053213	0.37257221662752743	0.04743332362728881	-0.18366784745804896	-0.42047542188241455	0.7830857367547441	0.4230315429037676	-0.23869910291247956	0.436767735801669	0.9018480063974711	0.6339137701111377	0.4078862202584965	0.29155147231475986
DTXSID2049002	12.211670092548749	0.3834031303659807	-5.219648667158098	1.1234597520541756	3.9640003906512744	-0.10008735749027173	0.7173109705362741	5.702316878135246	-3.380471937869501	-2.182905520750476	0.5884310134487921	-2.008300710248056	1.6086267610534934	-3.0281727279425388	2.883085376147885	-2.905608993681763	1.6458695979789622	-2.4615144272699148	0.2895416922180954	0.41879271314064626	-2.126095954687075	-0.0689683922509691	4.109105323171756	-2.1952150421691905	0.5458864284469711	6.311433753004589	-1.5327918748655034	-0.4777039932739438	-6.190121173996854	5.460842972176297	1.565878827916406	-4.224160627371132	0.6002863077752834	2.0228956527762154	-0.3398737852285011	0.25917015296626505	0.0438810884751461	-14.922295939453178	2.467916954859318	0.505848632732369	-0.46666375655799913	0.9314777719468916	2.5569280091795683	1.4519619434132967	-11.328320608987282	31.473088002110053	6.6762471393054446	-9.237542774289096	4.251689874468241	10.882902374104784	-32.98173758871827	5.1126340783640405	-17.84946984994584	-6.245360459493398	-17.469920628989286	11.8990506226113	3.570884762447137	8.43292719631488	21.70696381481019	3.899859421941415	0.6241556179278595	-5.56410107773782	-3.1557764844353433	-2.1343393795046035	2.9938789600157985	-7.1550638365564065	7.164302927037053	2.579192632100414	1.9622625159843448	-1.1348316832752647	0.9794673661133678	3.4868546272510956	5.075991563408336	0.9033513535761808	4.025314045635313	1.6838024766863988	-0.052977731234403184	0.4349577684279211	-0.19405968703890122	0.11444698675201379	-1.2111575123739386	0.8722563038235833	-0.9622436229468164	-1.0917334951482045	0.7055956141117374	0.4017192766577706	1.9562483928810777	-0.38018418785904257	-0.6211682683449994	0.7377927751617901	-0.5626412776867455	-0.11164749781023685	1.3146189825518835	-1.0601902534537084	-1.539521730538882	0.18561961599888252	0.748681373440677	0.07554751007350294	-1.2043906484072788	0.09390377183892498
DTXSID1049225	-0.34072265313823236	0.42368751996865694	-0.40258029758722097	1.2624819110267103	0.5366960800455512	-0.9578337791424091	-0.638495116201001	-0.005423265463116036	0.6226592963867847	-3.2013976795886387	-0.4328325492061209	-0.11586947088729026	-2.1782893467247337	1.832947486726663	-0.004392421073259584	-0.4268845363549943	2.2563405518643953	-2.0166027112320313	-1.4183295048466449	-1.0146419327864533	0.8125082598787138	3.755189083799226	0.5817519846169273	0.3314664666371994	-0.4158457596081737	-0.4798387412700298	-1.4123161472496564	0.25328280680659243	-0.0057134863601183755	-0.6649216136283054	-1.5394033168286214	-0.3322170577756717	0.40587664067257834	-0.6160763054181684	-0.3356417288463748	-1.0445578130201134	-0.1232555916128672	0.14245485163398758	0.18565320935506896	-0.33164587540333845	-0.009943913522989813	-0.15758295622348284	0.06358283162940462	-0.037368541757621575	0.24260043841112108	0.4392815027734388	0.7324209855422736	-0.46164072873086803	-0.4062056740893214	-0.034130688887952156	0.13235748809000325	0.06237677324859396	0.5460829664438261	-0.022694019717492346	-0.08189973187132862	-0.5369119888478755	0.44024427072200734	-1.074517621631004	0.2405475292420973	0.6381672361645663	0.28146681513450283	-0.1459452633695948	-0.6514145391105258	0.16109392417360435	-0.08952475572741081	1.458596021180574	0.08876229690870134	-0.36717143923155343	-0.45853358698583657	0.2093320941270465	-0.6896363604577144	-0.25958984108389477	-0.016208629855382236	0.6329688747456736	1.136978216975824	1.2452120162049927	-0.07492837932437835	0.7372688340821962	-0.14747381871722132	-0.22372611489478966	1.093737444449459	0.0030808057625138353	0.03866792842477329	0.10041680556263947	0.09867695915200259	-0.6150410133880557	-0.6412045564255847	0.18638031822137996	0.12112298300026389	0.08180107823874187	-1.451446147939382	-0.21679523377596077	0.09212027077147064	0.2660078611557446	0.5893089650924503	-0.12111558452226695	-1.7575706582707702	2.7036154047553826	0.41198600406773717	2.033916786012929
DTXSID9026261	3.867015063472041	-0.37245174801104297	-2.2616201240566323	-8.903473853224924	-3.405746581073858	7.009343215839593	1.3174511133644975	9.077588488224928	-5.074798392045986	1.1709282477575569	-1.5794998863389933	2.333170385816519	-1.1242504494201568	-0.9719893892138007	-2.0042970102314603	0.5340355320911059	1.0282672707017224	7.628876667844479	2.4813600926751094	4.890513503058705	-2.822092734700638	3.480182030253053	2.942590739790683	-1.0671349990056305	-2.183850417184168	3.1879853054299034	-1.3838459189122596	5.062344632684643	-0.6446845038065199	-1.960191407041693	-3.2954166740876363	2.285378744602549	1.7799428973636797	0.7838811313736456	2.3606777708624236	1.9633853353022304	0.06843249966611052	-0.7245077677489089	-0.575911981481933	1.0596599252408472	1.0783690765947966	-1.6883986628690084	1.0857206697828976	1.0317301403031836	-0.5936365982130138	-0.5553830290952502	0.11874198485152293	-1.3894429504294346	0.4597268742748973	-1.4959041282000243	0.20765476893821486	-0.3145735131880332	0.9127160352186983	-0.3057109404181462	0.06991088831196593	0.20171255494969378	-0.38089025455348047	1.0140320650175385	0.6693226047502218	-2.4846208157129577	-0.24712721237989216	0.5808307552257623	-0.45538489671276394	1.6956727964013927	-1.0994345508836985	0.8419281290477473	1.9118065554438863	1.3117171480061778	2.0479799337987172	-0.26539331871141264	-1.099288401988011	0.03844301927301477	-1.2919233893575977	-1.5823778440993945	-0.2702452277467611	1.7796243533516378	0.114577806123711	1.4411821878946511	2.529975402740438	-3.3702505142114827	0.3667888927254993	0.2343144548756559	-1.0387858663172993	1.680805652407031	0.5630846901932932	-0.7363561373667814	0.8765715858755605	0.6311331735900837	-0.45398805248826773	-0.5860978870508143	-0.3610732968520402	-1.0582364622209681	-1.2373043427189099	-0.34303889410134086	-0.46749949896834797	-0.6383915797488239	-0.9633713076376512	-0.822997402058487	-0.014414966579693057	-0.16065800943234965
DTXSID3048990	-2.450071982729884	-4.131004463303158	-1.0988541241893084	-1.523100558884772	-0.7349392186615761	-2.4882022928844334	-1.4154367854050562	0.9938500605712925	-1.062694926022168	-0.31252995210369566	2.6046775052707587	-0.5339751068840947	0.5415429366569676	1.0965924039124586	4.629085054510799	0.4589679102424193	-2.340343125217581	0.4523966227507799	-0.8247390588493433	0.9424391647004574	0.8143387297554673	-0.6761548217139005	-0.5205226699971192	0.997852748952335	-2.5027254621261443	0.05855306934147524	-0.17114158255876386	1.3137648325174835	-1.6041206542415731	-1.206283248448418	-0.9746745230763477	1.4721180853662783	1.5262812365746556	1.840118075277585	0.13685585760074007	-1.6544640869602298	-1.1189068090105643	-0.04264117892406571	-0.3995082583321407	1.473647947122898	-0.9117700934265851	0.21531564314690158	0.7285887691747513	-1.3686130322515602	0.44269536676557414	-0.05051947993338278	-0.37925546448228287	0.01866997882091368	0.4030608920728743	-0.007033080171999244	-0.2018957071716	-0.41951043595013043	0.691482770291657	-0.6385065519421534	-0.6395247363532642	1.1228781844572964	0.5736518873309228	0.18972970088597216	-0.7291831253557369	-0.1721279618247505	0.018414773034005905	-2.529261208786539	0.9206874665343554	-0.30770246819337566	0.6575351175084105	0.42082695477571685	-0.847174203179121	-1.3908272514601359	-0.07877471549129923	0.24073078486632266	0.2115965231810981	0.15928416903530662	-0.9066196271606267	1.086342354031913	-0.16271463847736067	-0.3491155124078372	0.2764950783930609	-0.5855898937110225	-1.6552830376891663	-0.6207111247341304	-1.242342823123307	0.1695001123646054	-0.18114807637771219	-0.6500348601179742	-0.006549727643064523	-1.3801752441382793	1.334188413981844	0.19884801161258292	0.30371906485007066	-0.18442386192377308	0.6270005232786076	0.13006206578940724	-0.23797502588399594	0.6173745903533768	-0.5845607776831105	0.18000254137686178	-0.3033062198059263	-0.4273226392358387	-0.33786222802350535	0.3423275264311184
DTXSID7057818	5.582059906084876	6.900864769151594	-1.380641665549665	0.12714998128382146	-2.9448697518185187	0.7901476718755861	3.3031535349042196	3.091806068365172	-2.8708228424290403	-2.9166174950597292	-0.2660510803525458	1.1778855399505932	0.49831169189865177	1.4029028010619455	-1.3217573351691019	-0.28898861437419754	0.3844538536905027	0.08319445608127483	-0.06874236421058443	-0.619845584536836	-0.8047061378398529	-1.2825459486677115	-0.4252012362987382	1.343053761090963	-1.2627138576643664	-0.6809105915310936	0.10553899265276313	-1.74932524417433	0.5240464622588822	-0.1968077275499547	0.5503535871593013	1.4330582536308742	-0.7131350816996039	-0.43424082539335673	0.04084169241572626	-0.6076605269135508	0.8464085724845954	0.030364449238868146	0.7877795883017091	-0.5960041960360181	-2.0502322970520677	-0.574151880320185	-0.012276712442612909	0.09814134716472703	0.04469922811781825	0.23604501932766236	0.1978582670304023	0.7507476421966597	-0.6110224639318838	0.8349783967440476	-0.47834004842737504	0.44962843205033265	-0.7610060480930312	-0.1507592714044329	0.05068992051344643	0.08601421554380968	-0.542092823825165	-0.3547383426468597	-0.8432211339032225	1.232663306035992	0.20645950346689387	0.2941320982651652	0.11704925596913274	0.839580793515103	-0.5250280994820337	-0.3322032364609156	0.9584107950828763	-2.454992465967287	-1.7866209340135937	-0.3178752278491468	0.7270902890817826	-1.0937259169891487	-0.22905000436110703	-0.2630525342661833	1.5073032868853902	0.26391790495976325	-0.11014071577123644	-0.8333076152980681	-0.0008301734392045004	-0.7952077517900715	-0.7644877694792734	-0.14878870573950212	0.9207192566213862	-0.24815228187315544	-0.08558218190979987	-0.05983747810598378	-0.030948783914711325	-0.45554560389917254	-1.526630545844175	0.23487285127850396	-0.03815269751809173	-0.19114757151813414	-0.22925857395080565	-0.5873183397504335	0.1815998873211509	-0.3624234223374943	0.620880993681883	-0.5224643393107389	0.9842456039535828	0.1807556076186243
DTXSID5024057	-8.048711161241703	-3.5246171831685684	-0.08995874551244953	-0.35735548437998255	-1.0343833693993787	-0.275839188678648	-0.6180304664688808	-0.0642259643432894	0.7573559212334107	0.6205989922542696	-0.09168684401151732	-0.6287213282064169	0.02447981441726881	-0.38549176939935254	0.3673985893393194	1.4487717338093693	-0.9851240230945272	0.2793582338261339	0.1556036741203783	0.02633281021981542	0.1890249222795442	0.18531250824643886	-1.1229887494065625	-0.6896717515174992	0.3530759128938768	-0.5427198572080918	0.09958110394254101	0.5704207768833361	0.3293979510688174	0.04272610576975321	0.036048287503411415	-0.0991594803007337	0.11190192971686823	-0.12436468163468338	0.14315062441389437	0.02710503298659147	-0.30053387828341815	-0.45027547519566585	0.010796799788299049	0.06502602148681592	-0.1935487616785639	-0.017527992682134112	-0.13491059445675116	0.05019753299656301	0.16374047457432353	0.27449589775196237	0.06405004874427812	-0.02261585327676529	0.07706109081220935	0.0866104257527868	-0.05111589710817495	-0.1861555165929741	0.10262061165907113	-0.03715723778816088	0.23270532991288603	-0.2437434103883501	-0.28712210866264487	0.14910593927920135	0.04648010908471172	0.26482111007345527	-0.07229419020639691	-0.09125492549028635	-0.02429898181196657	0.3918324643103902	-0.1864148321508117	0.20816815556515028	-0.020095567854838195	-0.41504680907757086	-0.26202208852274445	-0.012064019965223638	0.5576837267823862	0.11184136414392618	0.17025950844803703	0.35205146935092324	-0.23503711877687888	0.1672064605397771	-0.3208419716365967	-0.3026462895434564	-0.3209767145338103	-0.39894161722168714	0.14656590953572865	-0.02654838153042346	-0.36963333223853884	-0.32841465164373235	-0.013653404233642596	-0.2373962017422124	0.10259574799014187	-0.8798881319608922	0.12207295549060027	-0.4843660202675645	-0.4878342981401521	-0.2138233156056934	-0.3949880333711918	-0.8799515744503831	0.4139814452528274	0.06093206619654099	0.2994114036981622	-0.05097762628168634	0.1713051389036364	-0.6247104526404702
DTXSID1021241	12.313631394451939	4.143615283257987	12.369107577985758	-6.231996082935951	0.03680235337772529	-6.245165989090599	1.9230410169461918	-1.360154934118424	0.5344086432583162	1.513762163055644	1.2257547752185771	1.214998053350767	2.623767064259697	-1.9696603042838088	-4.21608305693243	-1.714327936302893	0.9520231793608533	-1.978415110315478	0.022783288713012738	-0.5638574486409346	-0.9290139098434312	-0.05629347160761634	3.743342003127097	0.41263115437344255	-1.6880147891220934	-0.9056473012568381	1.5324503586901863	-0.2846001058991871	0.12303523269410387	1.2690936949199794	0.883221650939711	0.27766065497136794	2.2093137871609687	-0.3122678751554561	-2.8639638052270824	-1.3955044002864012	0.5035862292963793	-2.6938650931389163	-1.199907067992612	-0.9869267913233003	0.9072967207570979	-0.256076158229843	0.43889423954151346	0.9834741901648494	0.6394139367277807	-1.9968233145145942	-0.6736246434638616	-0.8691712365087897	-0.14777804991252197	0.11276515181247795	-0.02442080424952319	-1.4622876669225147	0.3733942345315218	0.3985965658272302	-0.001761773084021531	1.7286995703047654	0.7131204640057274	-0.22007878417563922	0.683868548376897	0.5672457736615539	-0.7424500334019742	0.8666740246487725	-0.696743421780324	1.7683377088003072	-1.356482655443579	0.06022335814804439	1.5970032179865574	-1.5108665774898202	0.7154663174209794	-0.6342186436423342	-0.6017927268023218	-0.35975186551028615	-0.1829865574411417	0.9021134340030559	1.785847611060159	-1.0194043734770923	-0.010835417235207695	0.5088174694360627	0.5269625714271035	0.2015815670954044	1.1161953486992122	1.0535119793485042	0.18805500342030895	-0.05412508924735047	0.2269565034036233	-0.5869333468910579	-0.8211521965789207	-0.5780996140513868	0.457150891088295	0.07990996866087464	0.6750997748355342	0.9032459604316528	0.09354709034238647	-0.2771437786331262	-0.34361319444849037	-0.18401658976525945	0.29641568980175403	0.4306743635866868	-0.12064947205998618	-0.5414844480868641
DTXSID4043777	11.675558720691823	12.178491694637957	-8.895286181453328	4.494833445035356	-2.486055587273942	-2.6864006606442947	3.7031004830046053	-1.492288390930883	-0.1065421270779883	10.787686140704468	3.5238036009478737	-2.9544292416285334	-3.71017119179348	3.5181928637927413	-3.7934739251321656	-3.675440049811148	-3.8973911089616133	-1.7354114845624422	0.7605018969407109	2.204524013862097	-3.5709188120816515	1.3675558803747707	0.27678667565000076	-3.2728306253247195	2.0819708246799724	-0.25018314227252675	-3.9635705062604663	0.6960758027942194	-0.06890830690572292	-1.7031322475627293	1.4457997373686298	1.0568565760724897	-1.6059086058582333	-0.00774828671924546	-0.9724380917123578	-3.460337686434103	2.572973681966255	2.7380495023062736	-0.3529133505234172	0.6954934956827045	-0.7370465251817121	-1.0150823001484603	3.2838254684459303	1.5176431565981874	0.24902664652554812	-0.12631169012207288	-0.44215171910795104	0.2525138043161488	1.538144657465766	0.900075814989568	0.6898010663823181	0.16515977362981488	-0.19044532714348228	-0.8737899494717107	-0.5975299475852641	-1.401217123776646	0.9986613700929067	-2.253985327376488	1.934871360521503	-2.040477677400927	0.864280484908449	-0.011484288712127763	-0.21815997114374563	-2.105607572591454	0.7292940961133406	0.37245059138529746	1.5452901917410435	-1.2745527340198206	2.1203985640461203	3.0029802962365206	0.5122055333984002	-1.4657632662973907	-0.016359166038652603	-0.5947660535233983	1.1117795583652055	-2.186381135519938	-1.8349677449820792	-2.4373107983911004	-0.5602204298076818	-1.4993161865274798	-2.3015062642938084	0.026467706229653196	0.011601926910348065	-0.42836207801940934	0.1218910377103849	0.3940533989350083	-0.223271639843718	-0.3505809615084157	-0.7529973874005778	-0.29080560461443977	-0.622288599127119	-0.9561531345284819	0.09025817139872393	0.4800536379838213	-0.007680651734663391	0.2828486706892621	-0.6464956553239858	-0.9252435935488013	0.15888103956167732	0.672636693567671
DTXSID1032488	6.211787200769718	-0.15347675728776214	-1.9520587238342226	-3.1162572824704284	2.509951386325679	2.5871942422958916	3.9288124360731205	-0.09921947452954756	0.7257450163717801	-3.2890062216768494	-0.10500161665979399	1.0397393811365014	-0.15400896931468788	3.7147198502033714	1.3055253867523662	0.11635733681905236	0.8227042414765562	-1.1643336474923331	-1.7474696645041796	-1.5482998534894852	-0.9904941413015559	3.0595576430381746	0.8882831163861551	-0.275347561549476	0.7569499879738137	0.1621388301752966	-1.7658088737020505	1.3646910181239844	-0.28892183812200645	0.3324278910268477	1.2622245948442115	-2.5121140626551535	0.8096220828393059	0.767222399097276	-0.3531982396241373	0.8381869668123011	0.03465082152524862	-1.5320286169949886	-1.328090398371568	-0.42955803162988027	-0.21805750849817923	-1.2280880989977745	2.0672066023057276	0.5334388049605986	-2.0589425788327564	1.4954297965445535	-0.004875963062306511	-0.15071240437587896	0.48724139822373247	-0.36020012554009084	-0.17199533015342436	-0.08164502714393523	-0.14348750607614658	-0.308605095386866	1.1620017009538914	-1.2153457759937962	-0.26838995910663854	-0.554176075718793	-0.7924848695109115	-1.5370954695810704	-0.7247667350088578	0.46762172909716926	0.7554783330432857	-1.1604778808230785	-1.0485380143719898	0.9563021938589208	-0.35966902681509616	-0.030856774440444008	1.3586651004781745	0.7644208490194795	-1.031674808579645	-1.9228938839002976	-1.1256064043352805	-1.0363238088132736	-1.993542088809546	-0.9846414194984583	1.4604194947151636	-0.23139190562266884	-0.12200843378218615	0.302621572950649	-0.4469691533398768	-0.2236109839799226	-0.1332311847646417	-0.09370132797424867	-0.11138397834844846	-0.599715244442708	-0.611962731485233	-0.15048620869461857	-0.993037867244453	-0.1347019205907074	-0.7361229392892299	0.993130561236584	-0.4266873512729881	1.7759972393735568	-0.5614530268789897	-0.030105788106950727	-1.575242289150988	3.0164434208114685	-0.13381843225643797	1.0821419624784347
DTXSID4046658	31.720239186439443	-1.131477942384131	-2.546171461329394	3.1726573516942334	0.10984895855513575	-1.015497431660536	-6.069636307015935	-0.9244192179502336	-4.741917655157941	-6.020066306802159	-6.975477331794705	1.3357190104583974	5.138176728432249	4.537204276528312	-0.9688107550517938	0.6834819829895985	-6.660325781005056	-1.30332549253684	-3.456983516987358	2.0998866870268973	1.2204906927670272	0.8547383934972196	2.7326423075386406	-1.8975800042040172	1.5223460639125688	1.4524593020784182	1.9168733285105684	-0.4916654821087022	-2.139664697333837	0.6774769569909056	-1.5560540803894534	0.08282079891651974	2.515616529907714	2.766462463264043	0.05719494316219759	-1.115922959630734	-2.2253214128572187	0.27132459064681336	-1.0448573360012419	1.4503196279520085	0.16789274308216035	0.29017659592131967	0.4077931149923022	-1.487944731535037	-0.9667502622917972	-0.4357763228218199	-0.1927288261563702	-0.15047735609534343	-0.7356878674115	-0.49972451218407754	0.31595560729666466	-0.07778889177653796	0.6361892712996184	0.43774589135032943	0.7418384553249754	0.2735741018486046	1.832432156600171	2.28192848510532	0.005136111959062719	-2.1890188503321997	1.8282497291391984	0.2860788956077079	-1.145406925304747	-1.0894062741788872	1.5755294425922395	0.23411578006880215	-0.22330347490167116	-0.26138238555887544	2.16198441901777	0.3264578340745141	-1.503467339166783	0.3631201953743997	0.522371606007	-2.5987360899572054	0.5847233147994313	-1.3066245135419126	1.1975687421065466	-0.17928355213922093	1.2222184818985184	-2.1158007366114164	1.8443696050595202	-2.5846923195507348	0.6586496336697444	-0.15785002855376834	-0.021214330882678604	0.7023555745770435	-0.14560620716069098	-2.0067001198021903	0.8405672041586316	-0.19356114352172715	-0.12891050471239646	-1.839251399830053	-1.791999670714487	-2.52416067149783	-0.22693423073153535	-1.029310869463572	-2.244945997721495	-1.0294654228538158	0.6655680947942433	0.18252016630675638
DTXSID0045759	4.720478479869433	-0.2810147423297015	-2.1567369212934615	0.3009423322151858	2.0156269599203145	-1.9895247326321612	-2.2345748492716377	1.4082793931042712	-0.9247486371874892	2.081659567710529	2.5276798593761653	-1.6094164158400002	1.8890132539156765	-0.38497203890765774	0.1789142773098973	-0.42167181242645135	1.0356082631445163	0.750849731935124	-0.144162788728751	-1.8306639868659997	-0.531490395556284	-0.4705335776337594	1.4404157674797002	0.28658471040536426	-0.36349307186386504	1.1050720299810877	-0.5525001324028981	-0.296806374936073	-0.2916902878428987	-0.31157128030430536	-1.386859546477131	0.1504024898366275	-0.45523919571593574	0.8850746008280498	1.368661090676963	-0.4847680982775193	0.5848659080081351	-0.11720015667542995	-0.38025561425839965	0.08826719785108472	-0.015989775013813958	-0.2560027825724507	-0.3769259453179803	0.032912740430093394	-0.6267417733161533	-0.10089060683899106	-0.21855270270705535	-1.014190277087488	0.09030129877851165	-0.20361734761962325	0.055874096799375564	-0.2315360565475462	0.24885880648663808	-0.34106981504178435	-0.08718672906617765	-0.16043243888543315	0.24471261314094586	-0.07965238052259198	-0.4063202151060134	-0.14474878426393845	-0.3471492225881227	-0.04897879799337468	-0.2492774332062241	0.6463589985752372	0.16410053203976785	0.25414727049997177	-0.3874315533719653	0.36489628717342015	0.06427729691344881	-0.5548404432641408	0.554801301724034	-0.99603652506228	0.7481107402646447	-0.059502762797287535	-0.14970951390528578	0.27096829376680287	0.020997323477648898	1.0479536318832197	0.6065339616844722	-1.1274129504182813	-0.05525054392773789	-0.5487393876644453	-0.04245289596347294	0.47627835613644387	-0.6980062574946722	-0.7094984214045331	-0.5925855768348245	-0.5223273126791452	-1.0969757433490406	0.7902802378078858	-0.2759673373036113	1.115539221158256	0.7174956396165679	-0.2572648784804309	0.9151218038746035	0.7074031223933297	0.272290913385733	0.5139469579604525	0.06659410536839294	-1.0148626193343302
DTXSID3027297	0.9055835732829705	-2.018174639079047	1.648498914887408	-3.850951035706021	1.817257219892727	-3.344178616582583	-2.8611526798276836	0.2468480020317141	-2.3723204165088165	0.6328937759764885	5.916224168792386	-1.4774889559638409	3.7711013476994504	-1.6569282825751377	1.3467324592178922	-1.466998158849606	-0.05840023115840747	0.42755847665162844	0.8394104834825884	0.6139026395912127	-0.6986227785149468	1.4686148378032524	-0.6756548222510187	-1.1121550930850694	1.3568270845172932	1.5576513493862587	0.4486091646852991	-0.5149648222806144	0.17518818509887504	0.3348961440817748	-0.2270310586524367	-0.22460692719200934	-0.7014484331761716	0.22988121301957343	1.3728322966938773	-0.45088223137631844	1.1181143384593657	0.05872933522646423	1.3161790653385828	1.368761293859547	-0.47192496007194584	-0.37774699218294633	-0.6158384404579297	-0.08393649379125828	0.4956526178309395	-0.1456319244695542	0.18856832860620387	-0.20335712536522607	0.42512119055015973	0.17865033875028466	0.11632062787593227	-0.009889005105814863	0.16181251585480708	-0.4129341500459579	0.6270321906654505	-0.8890195896137206	0.23658649094374704	-1.4707592435088142	0.44059450811650963	0.5293018714690431	-0.7434740771755852	-0.9667495742083689	-0.19229557694696608	0.22939362080597556	0.2285228702649867	0.581413793920454	-0.2862037649646065	0.04634127720998041	-0.01668596668357569	-0.3837753961603752	1.6151225159343088	0.061881599313154845	0.027774651743700907	-0.31216570909409935	-0.3313954872060813	-0.22529341934065036	0.9569347197291355	-1.4718796474201454	-0.04538547125228086	0.06605154011477579	-1.159530986296195	-0.9213861548143857	-0.29811456739381853	-0.47074930575718626	0.06871069431723109	0.3173505861581621	1.0395633310524688	1.6546954126881668	0.03197806020852302	-0.3591203456446202	0.11018459317220178	0.14335829857124233	-0.1678484039942523	0.268531026471329	-0.7121208917867063	0.1734704862842622	0.21331120640600912	0.19763857926476674	0.14118774622995273	0.1267754505949042
DTXSID3049417	-5.025240725268552	-2.5297433304184813	-1.9183931940778907	1.340310375649136	5.2019588232343725	-0.8909676036111547	-1.5897934080822678	2.811896042957901	3.2443904430891433	-0.6661534374246423	-1.8630090984279402	-0.24448270675366385	0.6220861757507136	-2.595296387544954	-0.5463065089478913	0.10084376694871211	-0.8538089688331635	-0.3822262779208873	0.6975970618322039	0.6624209555750112	-0.6673272441811503	0.23977673945908273	-0.7891050951978898	-0.7399510568929073	0.7388687872936169	-0.13571628577245068	-0.1622537686210138	0.5367567196188809	-0.2971586824356032	-0.03952534274117308	1.2764387135268271	0.20445360222909292	0.7994523768766137	-0.22350177322343967	0.49071701323849887	-0.45267868427669644	0.3374903380715769	0.02269672127778046	0.07960950150942739	0.735455373192193	-0.378911964785518	-0.09542223998246264	0.564398444197799	0.12234161050240006	0.09696754806903922	-0.18771525011501378	-0.13907193928508477	-0.8940745950751163	-0.08641821514153501	-0.24170655450039774	-0.013349717831018822	-0.6392250127832951	-0.34276072528225743	-0.07714030772080464	-0.2253306585258539	-0.0012248754179648325	-0.29736723860281067	0.029129022753124012	-0.2345291351640807	0.03693629396669884	0.2618161410494065	0.3028325359168266	-0.02629468386167416	0.71030784601401	0.40468101963650643	0.18568070339094658	0.07327121911025479	0.4377182796978524	0.005004916994005399	-1.1764242664872744	0.7952973391183424	-0.4617089055019844	-0.17835121375017743	-0.40873038892998054	0.7364838105880158	-1.8447453469878123	-0.5140641386325924	2.521809548861194	-0.48873995720672686	0.9642324101186125	-0.683013086078557	-1.2719472041852713	1.3123794823160682	-0.11714476941304824	-0.8032892443593712	-1.1143037751444829	0.6489390603176908	-0.0013029541515795996	-0.9641371915145976	0.3064638673033491	-0.4184785056393234	0.25781299748914466	-0.6553426890575738	0.4625317643530447	-0.07944573576574028	-1.0840205638381564	-0.6321698322543972	-0.43116562883768994	0.21423391007972123	-0.3858253802774565
DTXSID1041550	-3.179714201223802	-2.2153638610659634	3.064802521665891	-0.3067699084601662	-1.05102524383535	-0.8693162330692221	0.2923108050107706	-0.7879155896127898	0.2789101564426028	0.9760447594915607	-0.058744809690431596	0.0390902131612122	0.8490747096920649	0.06471315396343068	0.16101442560825133	0.10790083600622477	0.4202332729432379	0.6908364488961167	-0.4057901632381587	-1.1069312685766204	-0.06675126013453114	-0.6779190810507486	0.7519842552953809	0.2754785049931294	-0.23406445730921924	-0.38388040084787073	-0.023177289700605168	-0.2465553044328827	0.17009943778567088	-0.16279946431173023	0.38855248599940967	0.2572408182280072	0.5954867162583977	-0.37705353738018266	-0.9215477233154867	0.05980205580615041	0.4048684369036293	-0.2999109080510879	-0.2451427141448753	-0.39637247260142633	0.3989419393728268	-0.042929305878476515	-0.1707928239083336	0.11335082951319828	-0.048720818806426876	-0.06487459631436296	-0.2714791655414146	-0.03150672374770245	0.14752866249389796	0.12093050335217626	-0.026212496763287726	-0.28342812887033825	0.10682270261322466	0.12063993356708395	0.1118474820104679	0.06856285170543357	0.41808458288222994	-0.1097855225512043	-0.027802238462353378	0.6027033432538305	-0.3673462755938703	0.19317744883610388	0.019746852800787147	0.3080302336436996	-0.8395717264126669	-0.20806384133742756	0.7773964030986805	-0.34498496781515314	-0.1928719611146084	0.1615296103838137	-0.013459984801587218	-0.017126615070502955	-0.20263979507235294	0.15484642367314835	0.4645147402707368	0.21469979217291635	0.06379842339031723	0.3735346443645975	0.08795018547611609	0.12176876906885419	-0.018249278815831757	-0.15967429200279878	-0.29816586207929474	-0.1396494211718543	-0.22219608074469718	0.03363842691792594	-0.09276436513444603	0.06285551448465976	-0.19570525358628074	0.1830941077326591	0.4009195111086349	0.471933400616955	-0.00535556802993386	0.36288901487328273	-0.056358306714118026	0.17512540859615247	-0.10110478892339404	-0.34707061137315764	-0.1127356616654603	0.18053371415143693
DTXSID5047374	7.442806252956907	8.935531825312264	-3.3751207429256502	3.6693214157586267	0.6159600855735801	-2.5372520928242954	0.4508517911466455	0.015163858763629934	0.5462699681335174	-0.5937580187471385	0.13685553038814216	1.2651893158255112	0.9298907592549779	2.789046738012913	0.5169143705015954	4.444773246096468	2.714301202035966	-1.616132557269515	1.4615349718003794	1.4692604142543497	-1.3116811783067535	-2.1467194291747576	-1.162865321947624	0.484741013866844	-0.05253950543193478	-0.7067547020440109	-0.31158125010081555	0.6085777067352508	-0.1514340591008209	0.9789089181096333	2.1278807764274874	-1.0417263352083437	0.26475407224581654	-0.2601344841139062	0.8504545358378867	-0.33642269372550665	-0.3915369216987138	0.5244215946739338	-0.7802617999706255	0.1714442973525004	0.29750161470066333	0.024192306942553532	-0.130690408372719	1.6098831966761593	0.2851060527260798	-1.4801543251929756	-0.08472165889021033	-0.6224512207856615	0.5779835684505154	-0.033210534818247296	0.510065701675573	-0.2885685392237204	-0.6650518088419205	-0.011185670243894563	-0.9587604845604609	-0.43995049841354666	0.26422706674711577	-0.04838591593530565	1.6513201816045382	-0.25483800919466065	-0.736935508566194	-1.253629371203438	-0.32934887869483476	-1.150677731475055	-0.5526946930472654	-0.582264052870919	0.14873668067578175	0.48532341083081426	1.2162271558230606	1.4215627248140277	-1.6255044982849793	-0.5004803210354113	-0.5308822518659218	-0.9839565244536961	0.23168573390847746	-0.42400492143391216	0.013966994319051212	0.07966451146868897	-0.8824880251289975	-0.75194759847971	0.22560815121174116	-0.5752685007667361	0.08449941147771653	0.27597740049313974	0.7294493082885689	-0.7586566379878484	0.6464192159547831	-0.08712302411043726	-1.8092331394798313	1.1131266230352386	-0.6291398654208697	0.5239013626606724	0.6050429726789476	-0.16423030798007351	0.38063486512727734	1.5149495873983614	0.5997719151115716	0.2863407120922531	0.5884025846099967	-0.6659820331957271
DTXSID9045849	-1.5164172884158051	3.241438066078186	-1.481951789936284	2.009555835550086	-1.877694769661935	2.2311241913134743	0.503290924661138	-0.9741175180403309	-2.565163703620162	-1.997939917708814	-2.9429296684164434	-0.551656407341271	4.136253191523313	-0.8120859894402005	0.39313599738374294	-0.7204854648780543	-2.38713699135143	-0.3787170024150987	-1.3686763448342851	0.6072749783271716	-0.6084234176011788	0.14302149230489766	1.3731073434315928	-0.7867827524241829	1.3853822099667474	-0.6708172070483877	-0.41957977219400505	0.7986797307936715	0.2026393612976238	-0.8402018624598704	0.9918089500411069	-0.45036894017475887	-0.19959452239789274	0.11336570380753946	-0.6291745780982677	-1.1601695137800292	-0.46096097310314427	0.6753043331085555	-0.554096981162154	0.01289810627278357	0.24995589510400043	0.34674938629563284	0.39671840602480285	0.8952997507822841	-0.6213721832034032	-0.05349425860336115	0.07069165845384563	-0.3556864466271563	0.7297965846565058	0.5767659700015604	0.3901547336334375	-0.18268525625969612	0.13859141713208523	0.0011276894301253569	-0.04560279426081763	-0.6989814585471458	1.042382124624232	-0.32699588976448307	0.03289884595686537	-0.6911760172310951	-0.2583854217449094	-0.09513176943133528	-0.04758422615101199	-0.7544426190848343	-0.12919637966245595	-0.25683824858008886	0.4437191862909839	-0.2984996593757106	0.636397635754515	0.780691338765631	-0.7367665061068984	0.02515231248679442	-0.1155665655436526	-0.2264628469742285	-0.40384705892018546	-0.010810159700563758	-0.15097587692021788	0.4775608191035704	-0.972767934540036	-0.013406305752986621	-0.4987270036492687	-1.361526567144678	-1.274888780220994	-0.30114057233266717	0.02974733149066019	1.0239714659455863	-0.08920049204338504	0.10661340104895914	0.017789220248569156	-0.32840596250158843	0.7256905572550538	0.4088849954455801	0.35715883488628586	0.23670078175875253	0.733277453712125	0.6155920024481255	0.6575823572144549	0.7122741155392629	0.1515486692828453	-0.17401124077037944
DTXSID1051690	-4.3248270016921	0.10966619862751421	-0.2524376648030974	1.499383168636983	-0.030086920569644262	-0.3448315425349095	-2.1691892666651102	-0.43245738550408813	-0.1553427584413689	-2.3070833866299854	-0.9339508606611898	0.24479437771029028	-0.14703220813812387	2.178014911245438	-0.5137406866017895	0.16668832317454035	0.403983464002927	0.29204821817848725	0.6197931311007424	-0.024955562099196856	0.4306987433011931	-0.629525796795709	0.4771765592586853	1.1822745379007906	-0.7043301901120673	-0.5209853299097881	1.1004515838681275	0.6821541156133254	-0.057386307136346335	0.7012780739001178	0.5658149266924725	-0.8649015914937226	0.9329665704338584	0.44321652528264294	-0.15018091795856242	0.03150057883031587	1.7679562669803641	-1.7432505853985332	0.9318275645904407	0.16176592939524212	-2.169686123509497	0.6312603370360725	0.22771046660534563	1.948647931238863	1.9516321937861818	-0.44764977274192425	-1.7999930891125269	1.0400514155430833	0.8033802960437116	-1.186697889631098	-0.1507015697942255	1.2528311023993934	-1.7948235604838727	0.05918599581875781	0.10894478788833475	-0.5335599361493977	-2.064690076191804	1.3025784182166855	0.34273667250052564	-0.44542518459348834	-0.9505612742333858	-0.4150096014739934	0.9820205934795965	-1.4778733251864307	0.8947423442363598	0.5890779407511696	-1.2788869780608627	0.801967358818843	-0.004364974625313931	-0.3899055495319201	-0.7529934041300639	0.4308673065548092	-0.22867824999197725	-1.0776827644891185	0.40220661428645743	0.14406233230261886	0.4376726791967296	-0.11459568348054207	0.011721197872619667	-0.3069561514195608	-0.23044623362660652	0.022975599800598028	-0.6848830199772814	0.6554129340250802	0.3292870088770833	0.09262720883613663	0.0011510693874465423	0.7835897399648062	0.4238593044539121	-0.12377571804865191	-0.236089747145299	0.03771617531252377	0.36812234901257723	0.06415974328814639	0.5264370442275799	0.044336625461474495	-0.28039033025857135	-0.2767830228102371	-0.08473650735850789	-0.0011888530543362032
DTXSID8020040	5.092266853170057	-1.0887216591226503	5.318098852984166	1.4440290983651565	-3.4828871190315174	11.919399308256878	1.811687563432768	6.059681848407563	-2.3653064088444262	2.001970179617799	0.8300790751845228	0.011063557683923954	0.820995741711323	-2.9678380177106347	-1.6450345536578281	-1.4653627707492691	-0.32855218420934823	-2.214465788653021	1.8083440057777043	0.18960133817746222	-1.3081829290397395	1.280171895188842	-0.7820778409705031	0.6843565681442125	-1.0645907370008403	0.38326638592642837	0.8958672010291522	2.2792904890413843	0.4825527602117646	-0.34298535306273864	-0.8829477109268511	1.5882407915531511	0.4760602209644546	-0.5084708621457444	0.9074984687614402	-0.18016795585406728	-0.623257957176081	-2.5788947612601674	-0.25629940954800434	1.1160383354585544	-0.6670933520995608	-0.401448284225637	0.0071886866444063145	1.3150374388216481	0.4519331995539529	-1.4711066935585442	0.2285883171078334	-1.0442345513956497	0.9858480253011888	-0.1828857729540718	0.2773491558150233	-1.5158294275247164	0.8667515578661432	-0.39011732145804273	-0.07913916818060945	0.6379639277385305	-2.223031725787237	0.2668610535175544	1.010675421872311	-1.6880248033798253	-1.7250837797587348	0.08530651245457356	0.458893422768784	0.12304192278492734	-0.8136847539186428	-1.8524818506398228	0.970050890403062	-3.1381374574626646	0.04918498289078225	0.05950892320090374	0.15317920559795523	0.11979185939682972	-1.5866855445805914	0.2577080588890258	0.9417124574384744	0.5827140982194514	-1.8189946208509884	0.21253901341853645	-0.1892610641032437	0.04046241994087356	1.5328519760240529	1.869547368558872	0.5938116818489596	-0.34757652930623734	1.4827407089813711	-1.3078904144896333	0.3935882728223753	0.5985800002591283	0.05874583829294384	0.5651323965190653	-1.1738117557538046	-0.0375515881172477	2.715707530809068	0.5571736581663397	-0.8023466782586581	0.4973735138327812	0.4349813163523954	-0.15188260785444296	1.3564744517406793	0.18776427376803723
DTXSID7032345	16.487108381455787	4.915548451194719	-8.42963844715156	0.30067649812635966	5.054940108882682	-6.031266728924815	0.6283938063220836	7.631426416824359	-6.69671560857249	13.045175158916173	6.85369482689546	3.237149506575585	12.471514586645753	-0.590638139326261	0.8126946329600967	18.47617866791284	9.050963921815267	-6.009560204058229	4.5879862330342815	5.90033898008907	10.195948656078679	0.35204584628054747	4.397376801599953	-2.7962406899116417	6.851589602852719	-7.42569381215786	6.041765136206695	0.8316346930010531	6.042688129431132	-3.0017110418720514	-4.258364612773732	0.9100832863795846	2.5510741044055143	2.3417620649606845	-0.4257486421606238	0.7607524022431639	1.822152872907669	2.4759523142289424	0.8620349167556103	1.8010049959767072	-1.8011776708541891	2.741590673962215	-0.3437004295279882	3.6803493339978157	-1.276814089457479	4.234460022128669	3.7240867744596313	0.937884223864829	-1.7287435468613854	2.347635491649339	-0.43372101000892077	3.917242310057856	1.6102525954087632	-0.6606263426960505	2.6901317506027818	-1.9717377440938093	-2.4458941999126824	0.026633864056168337	1.1220972211254385	-1.2684488615642886	1.2310459784138503	1.1453203586083323	3.5575581029580654	-0.0016628363290184431	-1.2898768226950748	1.677357190322613	-1.787158886046735	-3.94359704481403	-0.971340760449441	-2.814818096167752	2.37232607981523	-0.15601102832224795	0.8507702334089612	0.7397652556065908	1.1435552476617734	-1.2616377019639773	0.15735035936514793	2.524555480871315	-1.1611700882069973	0.6622475222469977	-2.938860251053955	-0.854633029403575	-0.4169529353468219	-1.1026707358214294	0.991760704010008	-0.6023740930294472	0.6338415400128222	-0.4522663833996501	-0.8120598655850461	0.7381758701851553	-0.9503778209354913	-0.26252151012866226	-0.8298807845326055	0.97763248972119	-2.312731207765931	0.6760175922633687	0.595682823087846	-0.43965198031413044	-0.9068368107936629	0.9271044124939011
DTXSID9025370	-0.29408592741292133	0.7364867473432772	-2.7898154967485973	-1.5058229715726061	1.4352871246377383	2.0817443036540335	-0.5780523357292683	1.0351123182030755	-1.820959607934846	-0.34807445761613076	2.1798445426072424	-0.47076641375268247	0.5171690237197881	-0.9926652236974602	1.521606135493869	-2.640175082244335	2.1348960776187744	1.02990209217577	-1.5536976331037906	-0.521840829246222	2.4684663487176843	-0.5980363025360355	-1.1328810019620161	0.9013489576493131	1.4978846749969268	0.32637670868628715	-0.13897975454768477	1.0828532192498852	0.07936840270458624	-0.6844789902243783	-0.01856460046017797	0.39718424611563286	-0.3669393094668805	-1.893387565820193	0.22379638297478624	0.24075882299100923	-0.7908157047412304	-0.06889058715789045	-0.5467425375478879	0.08773735486350613	0.9616631699561424	-0.22083202258267182	1.7212689386332765	-0.763116242986108	-0.26705898006667556	-0.41609282418179183	-1.6732476733550812	1.238226186306143	-0.0980275695883204	-0.5245641029847203	0.16597942419194228	0.2693829314809048	0.5666228828104506	0.49586282507847107	0.0958150924964648	-0.8501251948060073	0.0061724150869920304	0.5491582960555651	1.4963122895201348	-1.0554437089556312	0.10255725845471869	0.41720018864515784	-1.1348569639608423	0.14267701385035036	0.5674321395884404	0.07852127220424308	1.4142142542364378	0.13226351892717747	-0.998090203835009	-0.3802323504473936	0.536190292623187	-0.21993027653365652	0.26687101182729656	-0.9264466291381542	0.4699700310360316	-0.3636914894097039	0.433247452970743	0.38553784470850566	0.1762660689519824	1.0233589195716215	-1.6138282692252928	-0.6433098147531597	0.122862698607954	-1.0424659384808268	-0.4703363413609756	-0.1752685962467147	0.18372447568273595	-0.3547202646553955	0.005766356344530866	-0.06773022958509546	-0.04142664639440097	0.836554404219871	0.5725573455762228	-0.2832774299441291	-1.106431017825503	-0.24721499824730175	-0.515646789454509	-0.36723878894032413	0.06751387199567709	0.18683578390700983
DTXSID9024431	-4.875403668332848	-2.7534293145853472	0.4393573627957403	-0.8347525681236537	-0.8450326937763062	0.4585287078913096	0.7411415426526082	0.13191089144338813	-0.6015950600240112	0.4530511547815324	-0.5652676150818139	0.5603012922866092	0.42419540042990084	0.48895028630577453	0.8409976869158753	0.9102425979345331	0.9704929534199276	-0.06824117459860239	-1.0976939285372371	-1.278969370654708	-0.6032377306567585	-0.6793946650065226	0.6349953480230489	-1.0638547374298941	-0.21275779842836226	1.3049326674471438	-1.678715996042884	1.1001156619399666	-1.0483346035995265	0.5154651547320249	0.6221114365699986	-0.07295385300467078	-1.1665183211111019	0.006390934102077697	-1.5285702969552446	1.0303657679883467	1.4440614514532213	-3.746862082765796	-0.5797561972887321	0.7138444415494949	-0.45839437009637757	-2.516310651427385	1.6213616199403447	-1.590337886023368	0.7211328273574061	0.9855296052423961	1.4861017948191018	-3.2617052736609713	-4.1749514226950195	3.8616602536045646	0.4907952118649211	1.1543651667927188	0.12600733302961603	6.384439197274346	-0.7782342942280609	-1.7841529690931623	-0.7067368680947279	0.15572899022859882	-1.0632969779877044	-1.2475262598332495	-0.5020803750458067	0.21892850575736897	0.8987971985120149	-0.8766864093432817	0.9188001118905944	0.6897284694309219	-1.889589550749739	0.40533951224941145	-0.47816030296957035	1.3666328330541964	-0.12353686322855845	-1.7935050431637796	-1.923089273577437	-0.13081011969869785	-1.1473930198227833	-1.3406955808034229	0.3058208936507864	-0.10667651838564605	-0.48242202062431677	0.19810834792626686	0.16647464386321906	0.7338774554957302	-0.2311418260800278	0.10437577727257254	0.09218565018474957	0.1948324934503127	0.08383305711108047	-1.121005569168918	0.05356457889036314	-0.24014537512335477	-0.05917532695454372	-0.24890158925997322	0.022221169159486034	0.009447571632677978	0.0655887761743711	-0.08584699876922502	0.17189479304611974	-0.30023655097134017	-0.17530435129388217	0.2402039898884048
DTXSID5026837	-4.924520227638906	-3.1359230042862865	1.4043284420494377	-0.4512811613232766	0.8684285618453556	-0.6305432483606367	-0.8059358141330986	-0.19485602821642686	-0.21872595165993233	-1.0187770121777748	-0.7756819129286054	0.1816389082760382	-0.6804273159319075	1.2078433839920502	-0.023392203065138572	0.000752945017938227	0.2149523354300506	-0.16213190879580303	0.3441622537585076	-0.5217184842134248	0.37295801533287803	-0.2119657798310543	0.4403861369358439	-0.28698619401229314	0.3541737620993294	-0.19416052153616511	-0.7439301705634688	0.0006063906874247916	-0.11518889803428384	-0.25497046486411323	-0.19241976450186143	0.10305537204183299	0.05994530831786856	-0.26518826319021044	0.09316095688288223	-0.03337914804069132	0.1715847910098622	0.1941659402056766	-0.08719975453211812	0.2671613116306795	-0.2603208668152101	-0.004918187803421558	-0.39125256411717163	-0.12547700492095112	-0.471238023466581	-0.02685599372498512	0.0568663386326511	-0.25224708138474794	0.05899052133956426	0.04773102752344586	0.06704168781309698	-0.054090284329551715	0.05642404877541046	-0.18435963332060765	-0.026594718921554385	-0.0055640796793027065	-0.06306991694665075	0.004257096933463323	0.0672779368745004	0.06158394809644988	0.1977959559389159	0.1744240076378467	0.4976857172649319	0.127180911656632	-0.047400145742430996	-0.2964079945289967	0.04676263232837409	-0.5445071804578151	0.11886162517528047	0.7862921996698115	0.11381542187866352	0.16818294968985145	0.18582003040183265	0.16772037414779695	-0.7610059769918546	0.2588501366022992	-0.4818578610640343	0.6349826042890805	0.08802691501249127	-0.3146851949669742	0.4885173360174126	-0.21874508810422302	0.11635510904194685	-0.14451718421349466	-0.02789723813620972	-0.02680064684570477	-0.33205943244252023	-0.7528634288130517	-0.43731825087598214	0.12972779922798888	0.3028695504517428	0.34777772674677515	0.23084878640677461	-0.12434362828653173	-0.12842944679655305	-0.3759616183045421	0.004092710482955567	0.1830727405868867	-0.252216733985155	-0.2466103298347902
DTXSID0042406	-4.699303153040922	-4.3271842600801795	-2.42922689673808	-2.942055950537497	0.8367607614491342	0.515940733516211	-0.6697932750115573	-1.588047952635864	-1.0258471544637833	0.16216774733538458	-2.1092942547306452	-1.5702554134436049	-2.9325092453442023	-1.655528794323115	1.0130404586395079	0.348890573834732	0.487983214358928	-0.4752382191411126	-0.1165460371408835	0.0075302262297903206	0.2062698190625035	0.0073374137397519135	-0.30443690233340087	-0.5460359404516738	-0.190526957935075	0.24852691335673185	0.8381075085830403	-0.38545556403204856	0.1609446967643635	0.04471936097322642	0.026170328002698716	-0.09767568975484771	0.18038154466471842	-0.6346505889757673	0.5881063121299421	-0.30408404068137485	0.265138324486775	-0.19740995499692401	0.5053258810349788	0.7181515353230922	0.11773806496013293	0.5465858404248964	-0.05806582492074054	0.8381641716844387	-0.030233848443737117	0.25034640645699335	-0.26971899637853325	-0.20744599467380564	0.19151871591266498	0.6451325427862181	0.37973241679966135	-0.0742807017737073	0.5391992876388466	0.2554156417782357	-0.11204778669123278	0.234265685039065	0.47836001367311426	0.1662984625472229	0.1950458698239571	0.6352254777969173	-0.20142715671615685	0.7070449527825918	0.17853279114547546	0.12825435047750539	-0.14687774322190614	-0.23253624126625608	-0.22504884595580207	-0.48964362490211816	0.05992507517151014	0.5303383628834996	0.2681977372679306	0.4618908890111511	-0.6003499044707481	0.34238078218752727	0.055151571304615093	-0.2730827942391294	-0.4648033677071963	-0.7735512943189308	0.09946659841576372	-0.3589642500440084	0.10382406197072842	-0.32136856715442574	0.39306771229385384	-0.027004615831127593	0.2250473935749739	-0.16704661752791827	-0.33275585052230083	0.36802343291089157	0.18970471781726317	-0.33620958786540855	-0.9917244865106859	-0.4020521858803593	-0.3486846592081016	-0.23849060665865307	0.6076181079946973	0.367247892715644	-0.34553832676101676	0.19562496820567674	-0.6911121156288472	-0.16725906185913453
DTXSID9022100	-4.178928312605444	0.9879902828871517	0.46430185568297555	1.1281334859977548	-2.143571027744279	0.15366925522644623	-2.4213344659705953	-2.9153584993739257	-0.5656127606005179	-0.9524989682336735	-3.58554843060368	-0.6185258478315999	4.104418212050969	-0.11112352409919389	0.41154966813959215	-0.6735325729399091	-0.8396474705572545	0.17516221735640988	-0.5825851486605697	0.1226181834283047	0.20858937325312848	0.5135470869883058	0.5976154296982042	-0.325094354887557	0.9816183198367732	0.3800136799086663	0.10254976536653752	-0.3334133699031863	-0.2396117805074816	-0.18391549235210886	-0.5192651385085268	0.16761893199552755	-0.1536186249407561	0.175447939185797	0.11429857969166354	0.021321902415584994	-0.8825887114592901	0.32186312070851647	-0.11118331558421238	0.2921385602087953	-0.08615252480094547	0.1778416747677442	-0.04874686862953687	0.15411338217350548	-0.13897730208830733	-0.0054312575577311825	0.3029323928583993	-0.36117062254719906	-0.1837216589549106	0.18684046698518103	0.006044903465275651	-0.25524900303456943	0.37224436228647617	-0.07385359096571713	-0.05337076004130583	-0.12474380703298231	-0.028094930736712948	-0.01725194690279609	-0.24478136650192997	-0.3380652705042209	0.3951565973937936	0.19653618831640196	-0.12968085337537955	0.619427431708119	0.22414396208519943	-0.5196387880246128	0.2805831366128616	-0.04732785820189862	-0.015544698224754764	-0.4489595121133776	-0.0027446486298128123	-0.1885353155206809	-0.008253193811697656	0.14551848142455293	-0.10722477509178502	0.1229658236870349	0.3611428624503934	-0.22760478550616464	-0.13129514878122162	0.05856202841427276	-0.0888449287018251	-0.14433936301464192	-0.21184951417283324	0.055683661863550844	0.19109271845907616	0.05502679988257508	0.06810782651625473	0.5065597352749838	0.5709493271083029	-0.050620751342296294	-0.16294959124499278	-0.2043652085165622	-0.08297067874459109	0.17524418404008554	-0.24403209169136422	0.07573591468662377	0.32910479281952937	-0.02038472886831841	-0.020514951254492583	0.3645791559381451
DTXSID20880144	-0.609269112974116	-3.166779377955186	-1.6181911188125961	-4.237900752263458	3.9905606236205404	3.6551768992787546	-1.3741635147380353	-1.528253714448668	2.4608687963019986	-1.9395462059932653	0.87551679194077	-0.3887271654091567	-0.1536836148828385	3.592423184387352	-1.5452534032262943	1.4149404941777697	-1.6640099623228957	-0.7268203230328532	-0.22820933017547473	0.5790704224756511	-0.4140007785732266	0.6665705997290129	0.8882026482875819	-0.934179720948965	0.3310406771814884	0.7202251125472383	0.17334261089763559	-0.6451788171279583	-0.4585428742516268	0.29129599358043956	-0.1775858075814116	0.2985959785084979	0.3604293639807258	0.2833763741682821	0.8706015100283195	0.21693158410350566	0.3119916027101871	0.18964096777146086	0.23030298382743083	-0.07292094603274404	0.6009897518256264	0.5919617962924636	-0.5566662601133948	-0.8345075010202934	-0.23738365046402143	0.3116064955456833	-0.5149018713390063	0.3944761135745933	-0.43150287397809445	0.32145839624207	0.07913996052661353	0.32517964865487364	0.01086868567064035	0.18686828659022764	0.1300672237511694	0.16179396459758857	0.9436625993807043	0.6382044569126453	-0.39350610442300293	0.253792769166601	0.030442194970418578	0.5219781880320626	-0.29742800634556354	-0.7236117652227179	0.019514725943795577	0.054539708574608554	0.4994498347678731	-0.4636041404345397	0.514440789481063	-0.06129196361456247	-0.7924031563586781	0.6781457267371283	-0.5397279040395332	0.5599566427973968	-1.3579393496504375	-0.33172777847181645	-1.1869989255199875	0.07378569868990655	0.03039540114085023	-0.7351473175156893	-0.6196370621431683	0.4996020027337233	0.1334983870951589	0.685574988315938	-0.13512768438670267	0.0025935806140367427	-0.5541566449382568	-0.6685712269019524	0.29630702956188315	-0.2043202460973008	0.13524404082112296	-0.5192242065586041	-0.36970169297343514	-0.1912846596595152	-0.27343118396159966	-0.46578372232786264	0.239462462383324	-0.05068334546613133	-0.25216326419358553	0.05818249019012602
DTXSID7044394	-2.2779856851803855	-2.5260921491830195	4.670512628626979	0.9100546306417914	1.3060289000504541	0.8944601602797442	-0.30463313500420225	-0.5459206295744884	0.056082065180607314	0.44797686089586436	-0.27700053935668956	-0.29636911500487473	-0.32534517123705	0.16218799212756776	-0.23376209018838923	0.7866334451438423	-0.88582701632335	0.3419709721008114	-0.777968149047419	0.5488603340235738	0.005960448392317944	0.1302720618273684	-0.1917372511894668	-0.8949162452633702	0.9921935927845106	0.48371607217456747	0.2823256478666245	-0.8398459729787596	0.10633763470369877	0.18996538194916415	0.41690847023371763	0.5409100579961934	0.07089694618381145	0.013085731397591815	0.7760879653456934	0.6006507328439809	0.3868687249393049	0.3125394133701644	0.1593102137724864	0.1474743312356877	0.21501955225844888	-0.33506582940581753	-0.36571834739433556	-1.4673350874675324	-0.11293664975392122	0.3138744390865301	-0.6169847946754897	1.0186691927843123	0.02175226179842059	0.2490991878311328	-0.09806640525599691	0.4149430431167075	-0.14837247465931128	0.1171783186543932	0.4657216076984384	-0.3185002810106291	0.6747481263148917	0.14026059747838995	0.09686858506281085	0.20469710386543422	-0.3215015130623453	-0.41461424443809075	-0.06546144289648767	-0.8393293352008623	0.008967187753353204	0.3036561069198493	0.650191832357425	-0.3849229816672005	-0.2952463599965998	-0.10441148444784218	0.10927573399970085	-0.06675520639332216	-0.03217970368717297	-0.024476052342497456	-0.6153154798271736	0.22086933234935544	0.07600393066099946	-0.6466943392116781	-0.05153924077302238	-0.5067278572785774	-1.131487910694892	-0.6115975559488999	0.014332086359460672	0.02455345203634134	0.1927058624314941	-0.24622369839690333	-0.5315547503923865	0.23058021337372872	-0.43885085146684155	0.11218083263813018	-0.4978308048542085	0.4887419080649359	-0.11710915589890457	0.6447168815431773	-0.44994002476844985	-0.031189076856266477	0.09891000485202611	-0.20948298269623475	-0.47316672612077837	0.19472709051037285
DTXSID9021184	10.325141115709881	-4.365683538984428	6.03251235716115	6.106055050755037	3.3849757300777306	3.6682845231745254	-0.9343217750729802	-1.7189799043175251	-1.6349675334446492	1.5458621561604178	0.6415297786199414	-0.8008998167153668	-0.3825867243387732	0.27426887232779135	-1.0583458785235949	1.924330242448803	-1.0034662382183703	0.9520432983018281	-2.095173677402582	-0.048247609080417926	-0.2673110679490637	-0.6471495521227177	-0.03796383062266777	0.49021316167696727	-1.2110990520660343	0.4897668812979769	0.920487380124084	0.27014472788776844	0.009548156771037517	0.02638868029652551	0.3007441040002855	0.2767327040083668	-0.22380661438812394	-0.41377865356169824	0.019079961334526285	0.05571577972325512	0.017251037520555634	0.07560550722956945	0.24463875054632928	-0.2546732575285871	0.10825096287885842	0.1311874529217082	0.28608190132500866	-0.06817974591257772	0.29668613559060475	-0.35418575497606225	-0.2484819483954801	0.18965040147259896	0.07400483982193926	0.22785575378382847	-0.03560722502827503	0.2071752382846617	-0.04443092431867234	0.018232387816342496	-0.14144804296862068	-0.19593638193082907	0.4424066563109493	-0.3001783755553288	0.04415681944535122	0.4224299810569572	-0.7079208085675693	-0.5370281598180158	-0.274289328145487	-0.46483626011359847	-0.27946714651299964	0.2098641937797645	1.3329044914813966	-0.7884951148307792	0.037838967899624015	-1.6507607863841585	-1.0468507583465896	-0.6669822119008223	-0.6113265169495535	0.2692487106442248	0.5930736173571539	-0.8603258961011627	0.3277121302809794	0.0850782918071904	0.1826729621359523	0.2781727094152727	0.5901363584057105	0.660151397405361	-0.2799531084820635	-0.41755559278271365	-0.385097893604609	0.0430435302485576	0.6384339373674657	0.07032870501204153	0.06960355984348458	-0.45797410836785757	0.3729752257204119	-0.29980789336481944	0.30186253777210104	0.20530493573183045	-0.10539939926115792	0.037689921583455424	0.43648061711508307	0.8963440301788395	-0.17899221946785038	-0.570899461635644
DTXSID6046892	20.42979655630625	2.0837105469626507	-2.006258895700688	-0.643733374080472	7.004106964196073	-5.482608485992827	2.6626699820645476	0.49775314947958743	-4.031674285087861	-6.178783846479921	-0.5286777596264693	1.092656474494104	-1.204510974829369	2.881160808908374	-4.823518298329761	2.357362194878229	-2.6199280957428694	-1.0901078111536042	3.875499582698918	-1.339953547239219	2.4534340531367747	1.1857539671250739	0.05283137159198571	-1.9431336098907857	2.0406539563210404	-0.6608501029978026	-4.034980416713099	-1.3137647166770694	-1.2427331591729676	-0.17022270109324208	-2.0378433418216177	0.18369602038530317	1.3005321527335763	0.8355394593619346	-0.056260834109745014	-1.0625799147125794	2.131311191967645	-0.11771417594492505	-0.7899472345100299	-0.08802336093089647	-0.19453292738612316	-1.749862252814017	-1.0987973222626435	-1.7210802414936688	-0.5057778850256475	-0.11396147447412011	-0.16417809108191506	0.46808612476755923	0.40962382400035585	-0.1872164191166475	-0.17156275084459596	-0.12895557346492756	-0.29479104271122125	-1.4728979038069194	1.1005745791166128	0.9489586695988823	-0.7414308237540674	0.6123388148134669	0.789505833591531	-1.1539874420335168	-0.1721909025301264	1.5136031523889886	1.131461211200538	0.059657263394957506	0.5223474138339611	-2.167486681275634	-0.6443835558625755	1.1450479189454337	0.5194872410321333	3.012572996088654	1.5326251922602498	0.3724404795292044	0.5251605187912823	-0.5233842768099944	-1.4484233221133382	-1.279641916225675	-1.6830078946406652	1.467552125740261	2.470960749542901	0.8394904665841322	1.7871193377368775	0.9503031516692104	-0.34821708565091014	-2.626229105956843	-1.0100700662861803	-0.7552767264055037	1.455758476394926	-0.4370712442646041	2.5968382614841383	0.567164028942471	1.0291106955675544	0.19672607774559137	0.1280444208449907	-1.587032044525156	0.10317013113032614	-0.39151713734048327	-0.6593027333148274	-0.14020253446274042	-1.5505658674543725	-0.01511956135645052
DTXSID3028005	-1.928171589000118	3.9650196980177035	-0.05544120451541427	2.0849392323975744	-1.0649492983252686	-0.36471377302785096	-3.2473817223148203	-0.8908128364579639	0.7805549081184439	-2.454234147365448	-0.6199779082055111	-0.11166117863654725	0.14576182308508884	1.2181362644918745	-0.7125266465234902	0.7263911926053105	0.628263275119199	0.627128097023419	0.5531302467200944	-0.055946701281568374	-0.3302720372426815	-0.45227193403684285	0.6259047012152908	1.1286807890281427	-0.12999855852009384	0.12905121825536317	0.813562264322549	-0.21591173758795618	0.10965793995316847	0.2996836061454052	0.05714640676928005	-1.3441326363286825	-0.29184984916430784	0.09085496763794274	0.827986147268231	-0.6753086862968483	2.3601770781214153	-1.757002394104384	0.5014280016280441	-0.23220263913583575	-1.4150606489337136	0.5881980830184133	0.6880892360618381	1.3922038228170084	2.521095462982637	-0.3728931940033144	-2.1600122312421717	1.5848071627163578	0.7647387035866202	-0.7762147100411992	-0.2657111243892549	1.1311772745032174	-1.274478529193127	-0.15241075418932587	-0.4134134060967381	-0.10157523666756685	-1.897087032618578	0.9146782857190442	0.5394396377874352	0.27432043321948985	-1.6573082717266228	-0.6737048185816686	0.6945670148183094	-0.6096966017549474	1.2644107419361068	0.8684985818555861	-1.5649789931517117	0.7396268477295388	-1.4943246789707558	-0.6741611969866571	0.4868954291161261	-0.004811373095045245	-0.36880329629560366	-0.2890458728819928	-0.0768349905312197	1.11553039589406	-0.24372666968842602	0.6460916494743403	0.1405364848815938	-0.2979231444122056	-0.48179075331588334	0.23696015005536225	0.061264313529185696	0.8371557283276737	0.21913239308767274	0.08839698037448872	-0.500917179928736	0.22917101325663888	0.13483903153056337	-0.3437333965660322	0.27005968224851534	-0.37123406623238825	0.024491292368504176	0.18584287726910087	-0.12660323146424152	-0.2614721666977722	0.052210703174278124	0.18800456952584205	0.40765058208648036	0.08348483761419687
DTXSID6047155	-2.244640699417699	-3.8957912341307552	-2.7529901526420058	-0.8787854109919655	2.1875183593472887	-0.7010277839020042	-3.0597139628253975	0.7339153633107723	-3.8380905986029257	1.5537033520041523	5.210739443369401	-2.3735206611834303	2.5346962049688697	-0.5045913679452323	1.9761233697567206	-2.0337402697514024	0.48278153213252134	0.2179314303039701	0.5978013358679293	0.23348395081781087	-0.5616651245113923	0.6441240241982993	0.7569870865273203	-0.2970954626729389	0.5142578085146283	1.2359882013014707	0.057645827667932456	-0.015260896244857486	-0.613230939284884	0.20532940948884504	-0.8036845213232413	0.6675335757343592	0.6327107698053569	1.085671720862234	0.9699433090260069	-0.8520940551791215	1.0442554444312107	-0.46191675282110245	0.622333726046776	0.576981349205882	-0.2488687083327495	-0.29728394393090757	-0.9139210108880447	0.15109565553015	-0.6023391377035862	-0.07343794492917943	0.485366818984092	-0.9660866799996387	0.18448163875417312	-0.23034402236513776	0.10072761066099195	-0.320594132489392	0.14882298298757576	-0.2680750393616489	0.3026262943940722	-0.22005393745592158	0.48368481864137336	-1.0215014296639164	-0.4346645564928231	0.030111767546678363	-0.5353170700761365	-0.42328584216048	0.3015699474641092	0.4743998094683392	-0.09326999772597598	0.38435899989792854	-0.8853135469559015	0.13448667364484043	-0.23701282270806154	-0.3289736923134218	0.5209611361997217	0.015665904971769614	0.13129616920841922	-0.8721794229284181	-0.6475719990038649	0.3316583397761728	0.14065946527220008	0.11863345903549616	0.8312034688674098	-1.0619175319002827	-0.1172672403023739	-0.3816562714791466	-0.27487497192143046	0.5363844016316924	-0.37655272429286246	-0.07268216999873746	-0.3487520473481757	-0.13763871938798236	-0.4424280749870307	0.09693378568894392	0.5753124464394344	0.18201580799798397	-0.014052409711484089	-0.128364521922525	0.5888213875467039	-0.42985671716430035	0.2282057737053414	0.26199427473440573	0.2073010295775746	-0.2257086236942332
DTXSID0046484	6.258373984609531	3.4587576130995252	0.6826222341928633	0.3370481152059872	-0.8097411001464329	-3.1722736859452074	-0.28393172991373455	1.6048204773950532	4.528778470744123	1.2997229524550282	-0.3312957644501296	-1.1207904024258855	-2.0780588494614074	-0.714384413978868	4.340080280818212	-1.5910837640535562	-2.9598397459474075	-1.5638537237591448	-0.39218993241078154	5.576772751709536	3.0961822752138746	-1.5702933687007508	2.400621030876814	3.1163372424298763	-4.76207954249043	0.48790895401107653	-2.5076391509118183	-1.8579878006795578	-2.94817003502403	-0.824585499925459	-1.37676059221056	-0.5417221256571173	-4.056233213674746	3.8111436842565047	2.4200434053677333	-1.1737380502450547	-0.3128810680679949	-0.7927634620880442	0.4174680093655475	-1.4651861999327775	0.9270763951227482	-1.1152359197684611	-0.7422544863414162	1.241935909778643	-0.8040576358493857	-1.311065142494348	-0.8318541102368369	-0.5294199741820746	0.13296884372692727	1.2596871949603727	0.8845577020238686	1.3800190248524273	0.6716689067345258	-0.3633096317658408	-0.254350009231845	-0.5736636232605086	-0.3705105018601891	0.4158171660653736	1.5893289491372067	0.0076821280624516965	0.0787234822465535	2.9294795831330487	0.13191795570305145	0.48066263698632705	-1.0205710896175322	1.0400754079271464	-0.5937908987784365	-0.12303078018077175	-0.027816326817630015	-1.221649308755739	-0.9030621685550301	-0.590007444414876	0.765222754166328	1.2177094854807893	0.1553135942632629	1.088220887328747	1.5564993917925605	-0.04975738516348588	-0.6787930902462442	0.6197755986388074	-0.4819078400309309	0.10763904631450204	-0.8342073948536742	-0.28009111886451743	0.788167124754238	-0.9207136088186855	1.1514189439372942	-0.28453028733222224	-0.35334636506270634	-0.8200688808293457	-0.8038725302185318	-0.39050431238320815	0.6937006296510507	-0.012673616565985937	-0.22308740286430973	0.46740755177162085	0.8816184060255908	0.0377680057114045	-0.2549396712876766	0.40458432893757434
DTXSID7052288	-3.612000360765041	0.040176749148105984	1.7143519613188503	1.6784916740843427	0.9100945805292453	0.862571345772376	-1.84984295074901	-0.364362362942001	0.5182841476926334	-0.9574767414351053	0.5187006249923388	-0.6180291931024041	-1.4445458506948756	0.22360238233254454	-1.3571881462094693	0.9870534307571832	-0.8840999403319436	0.012568865359370828	-1.193689339448869	1.1265613892583022	0.3238768871959769	0.12597437792651886	-0.3244640411999952	-0.524224428405075	0.5515603039828539	1.0584660607477316	0.9186578804669602	-0.5723565676974571	-0.0924292825154583	0.44287139679140486	0.7603369705460241	0.5496841787851459	-0.6353115355871718	0.057634384867961096	1.0157161769395646	-0.06554114978692631	0.07177385037067799	0.4355893190602035	0.3004631339573821	0.4200310824643137	-0.057182354064881	0.10299773494780033	-0.09718911467400285	-0.562099493717495	-0.27303965185310414	0.2750332546099244	0.12579794016901613	0.2846739254849337	-0.3098374222249956	0.20808181327075842	0.010699915490698599	0.4040387900432105	-0.09085951104830302	0.025685689450517517	0.20147946151123436	-0.6049982894056312	0.2910567866684265	-0.055932919275604	-0.3241644475790267	-0.3028814982061078	0.23314645711825727	-0.2280476979801501	-0.3495560228339206	0.10248791451504674	0.4956677793823341	0.10407483877361419	0.6091080055398946	-0.6276369430321193	-0.2880509417155828	-0.5440189200491341	-0.5280482109890036	-0.3379637314600811	0.004849431608209081	0.2227924932667971	0.3067723957590755	0.5884910052751702	-0.3334942722257483	0.4098227474588904	-0.25438385547914855	-0.1450036597157644	0.09241082802779782	-0.018743871517015502	0.4870954798197803	0.48089018803354233	0.5422469615852896	-0.5062429008241491	-1.0493608942716428	-0.17382042879546222	0.17977116106720437	0.5283895077250457	0.38611656362846064	0.27946524735615597	-0.836738015604338	-0.38439198143815917	-0.20054061166302684	-0.05468678740803698	0.24966901854022552	0.022307539139432286	0.04391601292397591	0.6472288843111028
DTXSID7022629	6.432635329175531	3.6880081664469677	4.012689423200498	3.35869323474992	2.5798924653303232	2.3010218295420946	-2.4180986162844	0.908447010324811	-0.5344630736223246	-0.31447479407476675	1.5684089181218182	-0.5227332121360578	-0.9280883759095111	0.7484593837782072	-2.885831192724117	2.110989255100621	-1.8046914117858472	0.26959157000907297	-3.2773275923800345	1.7247005065615393	0.6793986982022995	-0.25799966778487277	0.3242790766812144	-0.2355905526802681	0.14947424058721298	1.2344031353661686	1.8587109951912422	-2.077603523286522	0.014892526490670474	0.4977533040899215	0.9562986505643605	0.7936260917075365	-0.14178415109391912	-0.22399002524950173	0.6142185392818341	0.8159389785080873	0.45123857357132346	0.2872814424057677	0.02458644782753469	-0.22046611831088553	1.008366275687292	0.21760568817094256	-0.32007157047150137	-1.2497604811064105	0.06296535715103181	0.4768193873126257	-0.6347419241298152	1.2432990512108155	-0.5745379431050597	0.6432360566453355	-0.1594529914400768	0.7444489760003906	-0.10637561309937364	0.3113477728305057	0.35010275497439325	-0.36791822722871104	1.2303823706897465	0.25671739751042305	-0.7246511366871226	0.008542449329596337	-0.7297506577091494	-0.30541647288897306	-0.6256654135699579	-0.5697037034168578	-0.3578730542666544	0.28271305996480395	1.2518232732825378	-0.28000165527252374	-0.040483421202823576	-1.2158528402363753	-0.7617576940384331	-0.4042129067286315	-0.3487278904106436	0.5686607061922149	0.7520149549306326	0.1720196826174461	0.5251743324110721	-0.7818830739309804	-0.21308633482950445	0.2556895936042348	-0.4298422728417385	0.4149925795682628	-0.26359674016726176	0.16179158094289	-0.10565166931187184	0.07883824200368109	0.5372799964864402	0.909387702468525	0.288945929435029	-0.2504020833264234	-0.20753310107722803	0.25865603105755636	-0.27799853284497916	-0.0316424431040848	0.5788242801101561	0.6038635587037559	-0.5659185967905412	-0.7169111055706611	-0.6762885490074757	0.7276086227587059
DTXSID3020384	12.009067814314502	-4.878626387957201	5.794164176834726	5.547284375104539	4.4020999278224116	5.610346266856832	-0.9688403532614637	-2.2576534983022314	-1.4894479451418932	0.8479231668974547	0.9413582300217391	-0.8483312838429332	-0.10118355107807535	1.4294388845190245	-2.4019161641877953	2.904871548159593	-1.2955847048994722	1.8185722617067916	-3.393258025066785	0.6547074672615383	0.342086469188249	-1.1991950682863812	-0.5081623193640913	1.3380832672417213	-2.180061463189863	-0.17625017800452747	2.1286212749008397	0.888344533995438	-0.2067710862103064	0.9406772010724914	1.13721611317751	-0.13952586088610197	0.27442839966937255	-0.32912263443895684	-2.2953537769307237	-0.3533523229368863	-1.2319582437237415	0.1319820413203637	-0.6183136641570502	-1.6245050768515679	-0.7219405484774626	-0.5216434842965672	0.7110637758242905	0.9155502701944604	-0.2562609677001471	-0.40671583881232615	1.0763925003335388	-1.1602083956936016	0.07470433874959445	-0.26763805794850076	-0.1696714582724323	-0.7107544156548956	0.19156853107860009	-0.1990759679015222	-0.258438052221676	0.20674248604971732	-1.3052249522022714	-0.829207619143499	0.62321308791991	0.7357848448337545	1.6456968493191237	0.668770465893851	0.06756705165984284	1.9441584170596595	-0.009477055837324746	0.2806258537778402	-0.983168539163995	1.3168274328276453	-0.807738173929523	1.3129554362216407	1.7739230860033481	0.633261318679661	-0.1658217554085557	0.07594991026480621	0.44773131699926066	0.7838417956914598	0.13801099689928453	-0.3347043899935551	-0.41861020260640996	0.12181100203151328	-0.8263330886103077	0.024252857670703138	-0.747991022621928	0.2917378930556742	0.5058526401742643	0.04534474413262787	-0.3065585914966948	0.7939351363081273	-0.3225077483311209	0.20819977093427733	0.43825069414154644	0.626141258522614	0.21382560636894352	0.43515255566942757	0.34839448555929164	0.018503454868405635	0.6623912220510287	0.3925114748506526	-0.23902820354011342	-0.08192418006912615
DTXSID8044757	-2.321714271597192	-2.2568209087879194	2.9474701015496363	-1.1049944943477603	0.6027333368370401	-1.0647315565069175	-0.617293478177688	0.09658535246369264	-0.28303783148813405	-0.468937557515363	-0.7806130779378574	0.33543975808865784	-0.3164989558574772	1.3662035767388145	-0.09503807435197067	0.1762926395659508	0.16812234663198394	0.1432390920022995	0.5498263711432032	-0.7386771975116907	0.21463863386239593	-0.13657204413055565	-0.17816538098140147	-0.36094263005180727	0.6771658314311194	-0.19579256856302155	-1.0756234867944008	-0.5270517871934726	0.08567244178927001	-0.49482623513348617	-0.3829014849512227	0.18257607918501978	-0.1765677814069191	-0.08264124646808577	0.16288621340877524	0.4100857170752594	0.3849563834626524	0.3055711051554096	-0.2687535660511914	0.2027548183608331	-0.1360012200735277	-0.1655686111676127	-0.44792930861874286	-0.4552875600918942	-0.4595155423247138	0.08618291593635957	-0.2964839495337376	-0.05411013906793322	0.18987124660348803	0.05457090249361734	-0.017736344742678992	-0.08412561973479571	-0.01572397312973636	-0.23036327071197873	0.00015850174900316295	0.11173928849236331	-0.2146979091784203	0.08018950457064858	0.08192424012006905	0.20234295860195484	-0.20793586846914777	0.2670500435734614	0.6999773083832929	0.08583910321824877	-0.18758816443254878	-0.656556428594413	0.01717371520960621	-0.5187863465666305	0.19803529679090756	0.9983894618295294	0.2566734693657378	0.13864059096874373	0.25582780469012417	0.29117770255430786	-0.5186072480950761	0.6423046162386318	-0.14983507485285857	0.8146474856527982	-0.06122796227412415	-0.09080230704289072	0.5510106917994634	-0.5883726258113391	-0.15537877930305585	-0.04224434253949042	-0.10326255748874692	0.005913157565735454	-0.7153391534442586	-0.34542377407538194	-0.5206830312248392	0.34749645208566793	0.4494259649796053	0.8675441863692234	0.3181547024971378	0.2986756234396821	-0.3859751986381978	-0.023352444181895162	0.17476946130714016	0.190298269589727	-0.11281893312082557	-0.25680829310801206
DTXSID7044710	-4.216628220328009	0.8680847357821472	-0.7290780808023224	0.5276682635191393	-1.8193231823467977	1.9392413523591125	-0.008024919845086284	1.7820352333557354	-0.6409833809523282	2.606268697114656	0.04782531580632246	-0.030574360878774395	-0.03560091826289368	1.3600625653705134	-1.1380731576485426	-1.9618552410034538	0.4133597075173537	-0.41420939272164226	0.3277350355723428	-0.10955569212565938	0.28139804178759	-0.35203857757873536	0.4527648878767208	0.41247358251199745	-0.5403981026193896	-0.4852424434319842	-0.5876097476809147	-1.6431647359253991	-0.33862289353044267	0.15690024741986988	-0.21416344190330838	0.713827956263938	0.3176026740703981	-0.2893966924887494	0.10590891100317903	0.5666254058826514	-0.1482454718887652	0.855198157284325	0.17322994720692814	0.33863514845880127	-0.9135833677737583	-0.036011028827554546	0.22052816781271364	-0.2916807573798978	0.12460340184024041	-0.008387872582638154	0.09842152789021504	-0.02762064582703018	-0.28392823802006834	0.0832481712391405	-0.12404818025151097	0.1232460971437736	-0.004783342881079248	-0.3919593344505163	-0.27027769697632054	0.3307428944337267	-0.15371426637893087	-0.5937807951040114	-0.1713747164425481	0.00879402737882646	0.8747334572261222	-0.22353514788416382	0.241021187868241	-0.052685874545826114	0.4342135470544462	-0.2514118165442868	0.24434237567377673	0.2847088755111018	0.6777403820560952	0.366265159642787	0.15168050509052597	0.10690071963177328	-0.5058162974747012	0.48562076320597836	0.3761055719927699	-0.19111265084579754	0.33971014170158353	0.01980131552109581	-0.47199217346225336	0.21272857851332733	0.2118769477852604	0.6144866245034531	-0.4006581549862994	0.21168248389705696	0.24195597791649143	0.06705616374552954	-0.15004521607754026	0.12752629959053716	0.13655102495874402	0.022905037637220616	-0.16415471426780154	0.4256180809372817	-0.29744030668190957	-0.04874422426750703	-0.08096745239826718	-0.14010257986269972	0.0985957721707279	0.0367310509373774	-0.1159852964751217	-0.08554354336874458
DTXSID8048783	31.445623757721055	2.5538686847809626	-8.4843934120252	2.1208853116372506	-5.601610909045839	-6.209449663609923	-7.673485422001423	-2.142496538997104	-1.973088489472897	-1.4864829188021729	5.6394445874967625	-0.2910864267914269	5.018981955959716	0.549947979191199	-0.8318734372358092	0.5804484729238982	2.5594559162026327	2.699918072858158	-0.5003211134948043	-2.218220018948283	-1.5873847337057856	-2.0266695383860105	-1.5179811684117657	1.0896981971252384	-2.7660858075121526	1.707233065124069	-0.6586087918682213	-2.2955506799866914	-0.41210132283971607	0.4091363345526682	-0.19656488096012162	-0.5478449455735867	0.4101662477342169	0.9858001883802502	2.966547050423185	-1.377804896064952	4.791981886738068	0.9147157671425562	1.6570889079163609	-0.3226565496897968	0.5965812369682686	1.4746336024972493	-1.373965521216658	1.2442180946813624	-0.8457168058980935	1.4171355959476337	-0.1379905621146109	-0.43557694820815923	-0.23961113075845927	0.8268551235549336	0.12850929836590255	0.22411618722142235	-0.2519288594720525	-0.5339896466537045	-0.3022069026676134	0.5253916428158545	1.3336775080703966	-1.2314495205585871	-1.7153781950320572	1.3053712570077136	-1.0800546757613523	1.5540697631438718	0.06758880576330065	-0.8654826679748425	-1.0888051030836567	-0.806194442616661	-0.683569461122023	2.2067232164514845	-3.2718444360212895	0.5016185367258028	1.3984514782174107	-0.20138506861537359	-2.6063536870865165	1.3124324990590333	2.0614303560119014	-1.7106219945799557	-2.400757602786309	-1.3293310260848095	0.5382930381204973	-2.579304136728751	-1.2387452978649272	0.3471899888111019	-1.0188299853076201	-0.04745351964816917	0.30108911074034184	-0.3450152112643327	0.6044431515167633	1.544922674001397	-0.5860257821613317	-0.28875601619005514	0.5988597382671897	0.5362153998140807	-1.4330101669838917	-0.5988580534012861	-1.3947815119760527	0.11094779994020451	1.5685250570322669	1.7291365046357243	-3.0416602293763435	0.3896597179611794
DTXSID1022847	4.627999006707095	0.47587220915359646	-1.5117715307796837	0.3593090148250604	2.6481995340980653	-0.2962275792185941	2.39360853085404	2.16619806018035	1.797230003708714	1.89342582393719	-1.9847449646529747	-0.860757948358056	-0.3599344738553039	-1.3358702087493846	1.2537485722135806	-2.307792558436743	2.052541056370648	0.14194202142455822	-1.1127586923877955	1.6457231861611568	3.9130992524882613	-0.2948310225727377	1.0625671982890097	0.6711273496432189	1.5545574987735025	1.4430488565488884	0.3305508914605989	-0.6416818398486683	0.9149654963376797	-1.4461893349532173	-1.8942226504998887	-1.1441651027556314	-3.3480281883423038	-1.1743517576416314	1.747640988199098	-2.1378383824259064	1.2512179890645905	-1.6067673655777548	-2.5564693916224024	-1.6322000002735546	-0.752584780035038	1.0431721962784395	-0.6015457867196993	-0.40687866764612346	-1.3587510899929203	-0.04037766959356705	-2.4762740601859385	-1.0989290660106708	-0.10176973265850343	-0.5631436031821963	0.18209810285053368	-3.319555758627595	-1.4668044203924047	1.151282784678736	1.1221586351722657	-0.5324272209783361	0.0628838406489023	0.742675195541498	-1.6393324025391758	2.427476837413113	0.8594279493470245	1.074116590559998	-2.9503115821601646	-1.2362319351635103	-0.994607281090935	-1.1466919376725877	0.6936196917316981	2.3994980736101357	0.25110925051505706	-0.16903421411876343	0.7034092968879629	1.0826137578911736	1.006137570066203	-1.7603472309333161	0.06799786607478382	-0.09486471677102398	1.1340589740077593	-1.8360038990975802	-1.0450312142684668	0.24354524480093942	-0.08910587995961484	0.15332476858998212	-0.9226030756637182	0.8801017093729896	-0.3613764155909356	-2.2469803624346736	0.9561860801728004	-2.308684938092295	0.39245239270250065	-1.4090933906080714	0.7851549238039235	0.1939211101292393	0.184342757736005	0.34259483543903524	0.16598407841024476	-0.09373685813440802	-0.32239572019656326	-0.09357222723414547	0.6178364041456519	0.5499432228360442
DTXSID9037612	2.3096761227159943	3.1894237417674125	-2.2441813775794537	0.25387714449365606	-0.9552039308606239	-0.7390564452946405	3.11630250581932	0.4642985948072292	-1.825498713020643	-2.243405763921136	-0.7458010284378155	0.3153861153015256	-0.34636436350946215	1.1401841283288459	0.7065021851777468	0.5274383185238924	0.07625984515448911	1.2427288897256956	0.07052246139643392	-0.02504494041436114	-1.3726119354125679	-0.5345825219539149	-1.047535858686743	0.05344758206870655	0.21345814654186723	0.6720929508956647	0.3461488384658256	0.07939979516575313	0.3892476406133185	0.08166136011786297	0.00608431721615488	-1.515077697431815	-1.460880255426199	0.1098841165121176	0.5345182061037879	-0.40893305087847936	0.8187330242180546	-0.2778226021229158	-0.26505585324189085	-0.24304280182181276	-0.4691972086125268	0.43002449881820354	-0.5158853837669484	-0.5993837586666958	0.5266136872488714	-0.6098979451731018	-0.13166353719516047	-0.8208655010110447	-0.18222972862296344	-0.3047147497636222	0.06608351111747683	-0.17012837006558645	0.19066242315601203	-0.44158210503151635	-0.5273118746612228	-0.13419548194916214	-0.0906916399036157	0.22028672064040553	0.7750496419293742	0.7929967172704815	-0.3344027571530295	0.12270160669108039	-0.06974123565535548	0.39473495166121003	0.09278067509127864	0.5538181516988536	-0.41148361183977644	-1.3525239644688614	-0.32114488114146456	-0.22873381021155265	-0.009663123251950897	-0.4913915632468266	0.1881068682587703	-0.49223922966587735	0.2471908334400425	0.3366575488515503	-0.7831780752160162	1.8115780706790254	1.159538103112772	-0.277259714646907	-0.8705068872255473	0.4505867418259232	-0.7577540583132815	0.030716400837229135	0.8028934889830893	-0.2451910976614355	-1.062612366706639	0.46201772291662097	1.7264570409426434	0.010276680802202134	0.6037127416289515	-0.3475427683863293	0.5558870267114795	-0.04573239004852475	0.28671191698668064	-1.199361435904252	-0.07058674396735026	-0.39867880753176965	-1.0607312033702412	0.24632118365304317
DTXSID8034877	-1.5943827445877208	3.280118763181316	-1.2172171970588093	2.162472192198296	-0.06287343423324496	-1.1849412185991939	2.937494531110972	-1.0647764112077411	1.321581365900542	0.40923222934721754	0.6050407029905895	-0.728175736844814	-0.30813643225115167	0.6978827171766432	0.8326114555153136	0.4607036096457427	-0.06964760918668678	1.021286231697682	-1.0753009029613352	-0.28442366014262505	-1.1134881653530726	-0.09075918531363165	-0.5558149634531265	-0.31436755006619677	1.8916592537565176	-0.696761070513945	0.12154041470413006	-0.8360232432907528	0.2559488360505065	0.45055327843082404	-1.9716070881550776	-0.49197053594634454	-0.36441138647894805	-0.819004356197687	1.3914421520171194	1.7389113867926558	-0.7366869182985567	-0.1000115957824638	-0.24756425186855555	-0.1607241562554062	-0.28897561703942665	0.4514551108929928	-0.07942142559979938	0.2088017002701973	1.1027616609536144	-0.11991593503633904	0.45746862631580687	-0.1012736555556559	-0.19277297047419498	0.09185388186799667	0.1489147671606769	-0.03810863835591465	0.925904809484026	-0.2914947762958532	-0.5520791877656245	-0.26851100858628796	-0.8981049921020645	-0.15872539040635106	0.8653880638830064	0.857147431790418	-0.6733432602542475	-0.37116346696188396	0.20342103869353656	0.38276006065894813	0.11738563131266476	0.13104695482019096	-0.1146313199451043	0.4739578383029661	0.6349595659489574	0.49894087368045864	-0.22226528950658456	0.6990686399655315	0.254169227282147	1.1805565948615568	0.10507160864088337	0.4558805519577621	0.20211967039623596	-0.6383744208120122	0.09454808927215616	0.37732343243269717	0.12770437653576708	0.6107110768513375	-0.24298009144525515	-1.0493603085572263	0.36434528208070405	-0.43427398454287736	-0.06489953070920466	-0.23373130765761452	0.5894715058574829	1.165370094732609	-0.01019736375992737	0.44842768218258666	-0.5978796103102912	0.3609316518635382	0.30651733194386227	-0.009530157349363582	-0.6587355327088383	-0.05858184017718004	-0.19118151662183377	-0.5522305849026333
DTXSID0020103	7.412777365732609	-8.052196046058556	-2.287831443782381	-34.912262265578114	-6.9575379020123265	-21.668132785276065	-9.48950517769767	4.718677880258364	-18.715148971677124	17.00217033081657	-3.8478508686810446	-6.623133692024255	-10.984695604590984	-20.318230813519826	-11.319876385128666	28.491791963228007	-22.320233798702702	-19.56686665252171	-0.9915261392781931	-1.4027545677383422	-35.01887938070063	6.729772948053854	7.582622728312196	109.36647260183676	56.27837076516255	22.37581104260893	-14.609504187044445	4.114036912251559	-6.941786874515705	-4.993352862041808	-0.4910198893695275	1.7693286498749121	-0.19616172912294452	-3.1241121956219575	-19.83079495758545	9.766794999262107	-6.894447116501166	1.8171944812042793	1.91945938814019	-7.538419877461792	-1.7874225134292419	8.26665425794054	-10.561977234218132	-2.983349032786011	2.127922792427802	-0.9629203365974027	4.830319513120623	3.3382691643445614	-2.211049900131164	-4.4458539539248845	-1.9610735378610298	2.5247588230406754	-3.1556814980389327	0.39497828359591913	2.3746574672608762	-2.515365648296415	-2.6103157084075135	2.1037431037959093	-0.28589519567415744	1.6819774638811382	4.3147338890391405	-2.1836520382629394	-4.430116242403045	-0.2511768338543279	1.887520633802633	-4.325061642618714	-0.14437445884684283	0.8714920944862189	2.3545871447819477	1.4512761604266549	-2.7493993719014242	-0.7768712546354021	-3.2821215975444282	-3.8973023696315465	1.5845367699927988	8.491888998774714	-4.403943697387179	0.009870391011824943	-19.08998427823425	10.676347860168013	-1.8102829370707751	11.18357469429715	-53.52894187571694	6.1650276856243185	-71.39920092175333	0.9928051560703619	-14.120756870333706	1.7942993697759462	-22.702233913206843	42.21769592622249	-10.733725793059115	-40.38372828332479	8.98029198078848	9.037755311680732	0.7068210442649412	-4.833894624113695	-3.9511154919831335	-5.889798098571523	10.250883844912574	22.90215542643631
DTXSID8024284	-6.006217539695172	-4.3816906835180625	-0.12197361216075214	0.053819760928244774	-1.1649375067521	-0.5407140584789983	-0.5296073335914161	-0.12209172854479665	-0.29737832889081317	-0.49260072161332497	-0.7782734515462371	0.2561432566972996	-0.3043296005148411	1.6586505551046413	0.7182824384263522	0.14197152712769281	0.268015596254397	0.6614721409194836	0.31901819951292354	-0.9581480283741811	0.3564187413859822	-0.7793798331074329	-0.24672220314168805	0.48002147554012586	-0.6694339890752553	-0.18086017295254236	0.7652282136314154	0.46222188531424613	0.13568636587034602	0.07481199563618517	0.8810416754335944	0.18972946099198448	0.8264824540090931	0.05323304351685005	-0.33255831292064036	0.2800667097084992	-0.25045524935240765	0.028371431071069205	0.05518606427501181	-0.07380701043782731	-0.29545181534694376	0.4167008356696018	-0.4861919202321069	0.7727566415823849	-0.8582005513288287	0.12021683173820963	0.4360940903628475	-0.8158301161546476	-0.14389306091678475	-0.5506970611129799	0.12784058379613755	-0.10850774528169345	-0.3685056163291832	0.09444943929747956	0.2543498470648746	-0.8802670697355696	0.022456456103213084	0.3383228218136186	-0.250050864149127	-0.3591413597831275	0.3288348857491237	0.3260694513719908	0.06615204200603184	-1.0025409289829081	-0.7258692770886342	0.024983907007861617	0.03401304044646958	0.03430906673450437	0.4101831677284216	0.1276608814312384	-0.6010249980256682	-0.15957231170335348	0.6561352225550681	-0.5883514728688972	0.5363849649373649	-0.39415363128283043	-0.127885121041775	-0.8797147838285218	-0.26292190289204564	-0.16814601527517678	-0.15434265423777577	-0.13102415702924292	-0.20353589892339677	-0.2512470850943054	0.17684652673823084	0.0323075233119511	0.4154153006575827	0.049823607984661004	-0.3660764242416357	0.09111198807268209	-0.2215784110697057	0.08685591859308332	0.04928828062703908	-0.18013001652134636	0.30394274358981277	-0.15524134810050425	0.1329521136297262	-0.035074152895328926	-0.32571513770201144	0.1533775012054006
DTXSID3025178	-1.0977453071127778	4.480095428426746	-2.041119315677353	2.020578376484591	-1.0919436999649466	-1.2282236572858	-1.3588663845567643	0.23797543761866857	2.196958905388518	3.596805007399169	1.6985205213822825	-0.08666128199658003	0.9900462240825252	-0.02044289983121678	-0.2523953094279074	6.20010537290222	2.084149156504356	-0.9069928487222408	1.1585795194506554	1.4728352069922153	2.306718074402928	0.36223348787254295	0.8646758209235221	-0.6589069842984014	1.8173210698027147	-1.7852043349357936	2.3126867107619855	0.961553912119514	1.5650007128992722	0.027503595805009107	-2.5804173780968784	-1.2956247378958006	-0.821882348648143	-0.04041997176903759	0.577483908294967	1.6213900122926679	-0.44799881110561274	0.2664491392374343	0.02526904831464146	0.31073483199432417	-0.920026178103841	0.9033275392267067	0.754741477719479	1.3249738660158794	1.1011523439572244	-0.09436780045763693	1.5238541401865084	-0.14112334605988128	-0.5768257188043788	0.8434262201901127	0.2138353318047719	0.9906291733491616	1.336342260255315	-0.3409849405341452	-0.4800119130868215	-0.4465088111605726	-1.162442554264777	-0.32311628415774296	1.7848792820033947	0.6861682176741735	-0.34325561288248774	-0.5301147468391478	1.8025148600079095	0.14209122400903584	0.1001681322073311	1.58763410433833	0.05333411447008746	-1.6946282829604449	0.644131253762485	-0.3217428114880981	-0.7334628691248538	0.7481073830823997	1.0158745613233295	-0.24314091235752663	0.054352008047991784	-0.46579528837133616	0.021543284453383247	0.44351553209509753	-0.5647629738143275	0.4357547869360425	-0.10115240821062817	-0.5654176720261802	0.5316368477957503	-0.1425297467193846	0.421966888250892	-0.08369413168902107	-0.22599958636405998	-1.0684452171634942	-0.25263185488242934	0.36623465698226565	-0.2575647048180401	-0.018285766599209594	-0.4804686217822993	0.5353917403758407	-0.27535690019296055	0.06018803379616861	0.035329926521108175	-0.12375926560660888	-0.3574157448543777	0.06494802114764378
DTXSID2024747	8.815135417169712	-1.3021949692799206	-5.9510862206263235	-2.6256845328583385	6.5938150610829585	-0.6150869873576249	-3.9951285839465416	1.3471354445054324	-3.2707163194284803	-0.04455378749308693	2.2423452920084674	5.584873053107396	-0.5408912909155743	-2.7881283688896077	0.8992575088431036	-0.721731215521513	-1.4435041606166337	-1.0365871422228028	1.2614265501490067	-1.8461979883694817	-0.585336701182899	-0.07151858887097406	2.0004117179836305	-0.2882044244530087	-1.1298007829042493	-0.3679057417033232	0.4062049045095904	-0.37424410413349546	-0.11653222851588274	0.31659141939933383	-1.3838654360543552	-0.2362854374731595	0.7566341488827992	0.32932735205756225	1.1359329844309392	-1.162747124664512	0.4574899058538676	0.18151158369420858	0.33460384466716625	-0.5388455498915573	-0.276238053484324	-0.03141462114618133	-0.12825053890850957	0.40535507350488853	-0.190934718339086	0.010860819505514853	-0.15326585436055334	-0.589497958595984	0.43104656110134226	0.67749079086365	0.19352038414930392	0.1019656618368905	0.5141293751258504	-0.20910842719069306	0.40381216280001303	0.010888103145419666	0.3042370580625087	-0.38385148957939724	-0.25486539913878675	0.4662783858290603	-0.8070444927910146	-0.29710750850835627	-0.5099065180731064	0.09277965833700699	0.13157196843620408	-0.712173119937471	0.09710504699881548	0.5017196836697487	0.3161575188809767	-0.06487433376425698	0.3595230264425116	-0.5378712085274375	-0.09984904204501784	-0.2942562088154573	-1.130324246557667	-0.47668557599087213	-0.42850216922762047	0.7653856667367802	-0.22028465860426336	-0.48083887760523336	-0.4184830871285328	-0.3177982242940188	0.6528054479038878	0.47542045061417315	-0.5646970701623312	0.5709994142943459	1.6627898202118998	-1.211829692672974	0.9905589728969559	1.2042276255360933	-1.0980693684931087	1.058884191719067	1.3714779479552814	-0.20878597580872935	-0.43191637143522404	0.19532547149016669	0.49890398673978487	-0.8429514878119267	0.25022608657909007	0.17701777034403343
DTXSID0029133	-3.7780082506007897	0.18391324802783537	-0.049957058893414	1.9578723820884434	0.1963697935239432	0.8773413109990701	-3.54546622983243	-2.613041932190257	-1.5186806579356869	-1.4284155812998125	-3.4327040053375173	-0.6394986628673147	3.4310844536419483	0.41413717902451835	-0.8337803131884979	0.2502154969022419	-2.226246503188688	-0.2311233014962919	-1.8398065375681454	1.7414179971817487	0.8502218127016795	0.5825453568812233	0.7757570358103887	-0.712892537052456	0.8429041247825817	0.8552914485943931	1.1601545662762496	-0.33755009939372566	-0.37741955520306114	0.3938982150538956	0.5913114236895354	0.49590596475451176	0.25222423229622326	0.32202710959467773	0.07218932535749326	0.18594235561169237	-0.7110890061227098	0.29538347561074196	-0.27852407891759234	-0.19669450151251544	0.4386741321482767	0.08965982131494905	-0.25589383496435586	-0.9179957350959801	-0.04172771738098958	0.22430138714043285	0.10219032798956694	0.34702673682218615	-0.42307850302357913	0.15381510129420212	-0.08437611173115125	0.09223044303522672	0.12980941806434473	0.3481325193160632	0.2665952462776006	-0.1011010052610456	0.8472673971898981	0.2333815786048443	-0.4741067651576912	-0.2732913728257616	0.18922044750817693	-0.3472962225826892	-0.29979070731067964	0.07534098914453026	0.13154618205717272	-0.03090743052295446	0.4165346818478726	-0.24428881584476403	0.07836320003105304	-0.4684048665895375	-0.6158416887803676	-0.33098144267212104	0.2598334081587226	-0.31272624169811947	-0.305892105665601	0.32220567766492264	-0.016085654571594516	0.05853174282224162	-0.16220512982237048	-0.17027010981878674	-0.24488653226514648	0.09526802695380267	-0.29958044273687495	0.24259651842001553	0.41339339002443953	0.24590226319584088	-0.09351720939787322	-0.624345740816386	0.07610513924927102	0.07657592424762881	-0.22983103054001824	-0.5651796760638587	-0.43391120421611873	-0.06850130293500929	0.29026599429827754	-0.31684512659761105	-0.2789573645418945	-0.7048314967180835	0.20972163391414594	0.4221496681061392
DTXSID3045196	9.578993393282778	3.9330166418796217	-1.8484436026103477	2.6216270114514213	-0.9494552353440067	-4.537368401501935	0.29068734621615083	2.5394918584427892	1.9652015562624472	-0.4338197015539988	-1.8896463208950862	1.220839907089629	0.2350758105461414	3.9911210257157412	5.248799073733063	2.5700534342580403	-2.338966210734623	3.4566702802155005	-0.0015236061146007682	-0.38115510447561085	-0.9541697301665751	0.014622879879536525	0.6171490500948329	-0.1423778157827889	1.9084675380402532	0.7875069607513797	3.9343058089606577	-2.15318138147166	0.11916853569887606	-1.4839374998465926	-0.9369174523005679	-2.969008744669407	-0.18499761108604476	-6.875159966414306	1.6689415412552662	2.376238420666534	2.680777884084099	0.9988414234861077	8.803152221972965	-5.366427768257895	0.8767473941082365	-3.464380092648978	-0.8393570580811894	2.7070770280181504	-0.24514661108659547	-2.640368144972374	-0.09032049579558635	-1.1031945653239241	-2.7207327723993266	-1.8794857410026733	-1.0342128489261395	-5.489952883741996	-1.048350679795293	1.0403047851619085	2.248760724184834	7.4872294073344365	-0.9492037771637919	0.22325840581887235	3.8532146227460617	-4.222837874168052	0.15194923079726735	-1.5582649268963598	3.178984823880177	-2.8915855054257134	2.663680727923394	3.0898323139923494	-1.7231925213312347	-0.7655089416558306	-0.13688180499769764	0.47650606531701695	-1.7411980321682865	0.24443976507919615	0.5105739205134581	-0.40695513115893234	0.07704904060681783	-1.5802444708623342	-1.0100428432558908	-0.7008481892045185	-0.7503611918569898	0.818969116029577	0.9432017736640183	1.1168331987392117	-0.21118752586787387	-0.053695657891555996	-0.44572473353677927	-1.6576020519837036	-0.12258375346173564	0.2690721579907695	1.2961661518718692	0.9024966111194795	0.09833789377937072	1.0371317694874036	0.6161316244559168	0.01599383805508187	0.44120363414866126	0.8738788619837081	1.0442256141817623	0.013482086605358214	-0.400773535771706	-0.7970380555310225
DTXSID8021802	-1.4186787595911907	-1.5205134189345981	5.9533258410775565	-0.5160480402097821	-1.0638072074617082	0.8516167038607125	0.06039221214286595	-0.8780281686159047	1.1506910486780055	1.241100564922815	0.29216394735220685	-0.3767981257881907	0.5712396894929278	-1.9662914999205905	-1.1116700629551548	-0.26940076200072416	-0.3093565066434282	-0.22176647625318543	0.6487775319310933	1.3842138340409773	-0.0989980709655707	0.9561987152433873	-2.822798199171257	-0.20728278396487407	-0.07612039838328905	-0.27020323226241216	0.054333276556656956	0.44844936145934344	0.7439772695111819	0.07365652805548074	0.7246695130446235	-0.855841541477908	-0.7986120570867359	-0.31434534340750436	0.26829819745889966	0.7774394738691397	-0.9081036990635889	-0.32552973701820337	-0.004805870599584024	0.9120604302689399	0.038850815010482126	-0.09110492227753307	-0.18685840510774587	0.11889896561358895	0.2258242226146214	0.22989689455948353	0.14137143362154056	-0.22470707909461365	0.24511784365064196	-0.25197828624090457	-0.15907815575995377	-0.30213885642711413	-0.44208228850550285	-0.04800181163918219	-0.21934929902148098	-0.17468750811953374	-0.9650918169964089	0.19874631798271292	-0.29337238635504925	-0.3400207675817769	-0.5814261103544097	-0.5298884085388877	0.3699300723042096	0.23782393936384333	0.043686351388257307	-0.06661669301353396	-0.8479857356983562	0.02140706113409854	-0.7188376460308805	-1.416938759450382	0.8199922237341836	-0.22450312419190388	0.25066139019365513	0.2221666978144686	0.043990288231225555	-0.47842624736304074	1.1403997242824828	-0.8645886501954756	0.46013546338159994	-0.029207194794992567	0.2559117140642428	-0.4316740017031903	0.17678926643840293	-0.34219446422366695	0.2074211910385579	0.7153002268047414	-0.04759549193494613	0.05937342316939208	0.3114601132421865	-0.5719853855426967	-0.21063914112642143	-0.8857652607775781	0.22618528024126758	0.753389765152864	-0.1052290378000154	0.4111067160468364	0.5251369136435433	0.6458861970169328	-0.6662435534165105	-0.0646862902129695
DTXSID0023373	6.230268876128557	0.8620745666032436	-1.7110756988925084	0.272467255087101	4.177672265964487	-2.0520290835567176	-1.801953888777672	-0.22789366777058348	-1.0341047169197797	-1.9212102605268688	0.20983713746375432	7.07983861422292	-2.3539172718292574	1.5211141973355036	-0.10403885700485677	-1.2307026313624296	-0.6145050065831393	-0.749881050917992	1.503846511688189	-0.9912085212903428	1.0853376275132993	0.16403544715193275	-0.19733479059706718	0.13252742063153786	0.08831391921245495	-1.0476759457246565	0.2745340579600532	0.2710810800841045	0.18141502384988437	-0.12552886829229434	-1.1708518458952266	0.08863134100296988	1.110283728436464	0.2727752747411877	-1.8864068392737166	-0.08077474793869731	-0.3923451938636033	-0.5589077941181978	-0.7814632058398119	-1.1448504022339174	0.5632039504661753	-0.05775970563442697	-0.1413440080151563	0.9895270113428336	-1.0109263306983232	-0.22581231973871335	0.14857160106211934	-0.7470440157552873	-0.2228410099000358	-0.2902702819631823	-0.2339591917575606	-0.46240965232767994	-0.31260067467845903	-0.023571280147338926	0.3601533284378275	-0.5228404185192149	-0.58325326458545	0.41539525924225806	-0.316671710037721	-0.6959324022291452	-0.4171464523993574	0.6484505797701187	0.1958897167502975	0.34622432726963975	-1.1284379315508029	-1.5695061940602293	0.3486106652443506	-0.49796295808323027	0.8363033754846794	-0.38269794884552943	-0.8891266496786834	-0.9855682080384862	0.8299832919917374	0.13659835014334634	0.33938348563756715	0.04993080501972765	0.36543815340121605	-1.0331637690307383	-0.3735539439991568	-0.9163533854750459	-0.1487062670454431	0.24051640479413627	0.37882401454402115	1.2122777919124705	-0.1936655268034026	0.7917180375302796	1.0614021059844125	-1.290657271220771	1.4520737354224318	0.9681003422950574	0.452384875576033	1.2806955739821344	0.09235983722414376	-0.12922308495838877	0.40196150663449964	-0.1396327193953568	-1.0933279264285631	-0.17868721193081033	-0.046078189942050846	-0.18942850204217665
DTXSID9022738	-2.0471954257243703	-4.0799164919995725	-2.7865290116317967	-0.6616497095997104	1.9259912923436138	-0.9814719630448404	-2.4982727383985552	1.3694152912589572	-4.066276803415089	1.464982924992675	4.97091736078355	-1.9188762556428864	2.5049227254943567	-0.0207651752083847	2.8762146721091444	-1.8975906484958633	1.2171890664171185	0.3644350772118528	0.4182510235908031	-0.44830016473369133	-0.5994591874580947	0.6654155783000322	1.1995178093717835	-1.3415523937483915	0.695750769951287	3.305469775781323	-0.24568594133962252	0.6243528558868281	-2.0262992944959186	0.9747610057217335	-0.21686541119874495	0.034185444391577814	-0.3141082164554042	1.1936906216504377	0.2587773165305715	-0.6092966373546012	0.7108467431083467	-1.4497649216266462	0.3983464516224614	-0.4271129777897431	-0.6041814150800006	-0.24444923159292212	0.6365696077896826	0.2180217200379185	-0.9537975490287943	1.6272739461420633	0.7437219877668031	-0.7739281269101269	0.02927645043596961	-0.0693877816687184	-0.15074152477279296	-0.09089511201349276	0.430130798352049	-0.3799183519742727	0.5877034366708779	-0.7868583331947432	-0.1504975604577315	-1.5732176302317278	-1.512882866259869	-0.22330461704748783	-0.6629503259860215	0.10381747734980994	1.013641913061281	0.0666468407869668	-0.7680570123778511	1.3799473233367492	-1.977740636087638	-0.3024043192795714	-0.24738945367370707	0.6223650077180198	-0.2627980872354657	-1.7447707610566903	-1.1547372390154673	-1.027192406398869	-1.5291194221814313	-1.109378941005092	0.46139276355551356	-0.7391899978944049	-0.2680632924975121	0.3081999270155718	-0.15484652989902165	0.7917129544729441	0.27665395993453784	1.072255613649692	-0.21444403684230415	-0.3022035859118623	-0.5051800524440794	0.08596370255665585	-0.06007748249979596	-0.25116594517115837	0.11092463883441947	0.2873681143826176	-0.43289966997983265	0.12986152345417004	-0.013326507338358296	-0.2785874884894528	0.07541897203634185	-0.04240486208792075	0.38882458586305674	-0.6345421111334574
DTXSID9046815	15.638275760815672	-3.535879727977639	-5.195189300878819	-2.0524292206503776	6.794707186207701	-7.282862740123755	-0.9045987889124601	7.063506337393331	0.3540144263064541	3.080680021312788	-2.544866244253539	-0.05696789142661045	2.9905802638746923	-0.9202146889138426	-0.7533288880344996	4.286357335844539	-2.7373029390120407	1.5549252342200635	-2.766621608787311	-1.8788065816164512	-0.0564508796101083	-0.6215662012480206	-0.8451332197219376	-1.374777119359467	-1.5275693026603163	0.036445787380021015	0.5860881552556116	-0.238950240746564	-0.006899365900070064	-0.7256073309331771	-0.3919012201701863	-0.7023711420371667	-0.5793860709213042	-0.6191202193983734	1.4912284733956354	0.44093415630969085	-0.6909461517042802	-0.30857150083556706	0.6232470794478893	-0.5862498520166511	1.539112778510382	1.8614559271887567	-0.9147990819788259	2.5854497873249307	0.07578925328958766	1.1225281774536502	-0.7066007466456847	0.13744801741286714	0.5981705591272337	1.3512722142146087	0.388299481078993	0.28920704795978036	0.06309075778795824	1.1864699229240054	-0.40395307871172204	0.003595467350439655	0.22225291763354613	1.6443287452959505	-1.581975966267502	0.8742343290282225	-1.1455568244176857	0.74081825607605	-0.5161437802608293	0.15409587845621697	-1.5367535337499167	-1.3631753449074078	-1.0278716447557166	2.4134689215079326	-0.35125077365347773	1.5351555552735623	-1.407053069674043	1.5782638957436346	-1.1474783103118558	2.5564594613829397	1.7818817314755906	-0.9365405045126708	-3.4362689732536857	-0.5085514954345534	0.4281914770393987	-1.838450240295926	0.815669185957558	-0.7501042012571947	2.3121109643583138	-0.5696166594414394	-2.4148601965768415	-0.07055685313294037	0.6426395362317703	-0.11311922031255653	-1.9352341945007172	-1.0411136957067186	0.26534548748820674	1.3128133150275474	3.6018209869632476	-0.7454725577397333	0.7981324398777215	-0.5575743246206945	0.7942788455850455	0.901771616866669	0.19823685998000407	-2.8276046716343
DTXSID5032365	-4.472990512973752	1.0740540618671748	-0.45589709224764297	0.19914309216724452	-1.7917557530848696	2.652323348088577	-0.39503025395440716	1.6517739142269205	-1.2409506116201494	-0.23357480811293624	0.14019588834071198	1.7540680573711536	1.4494250298460984	0.6000525267447052	-0.04833991586108411	2.9018553422140623	3.6488721001993967	-2.511681053152858	0.7819956786493542	1.8701246491107215	-0.21513881153627235	-1.4941825072638202	-1.5402007091171184	0.3453293614485049	-1.0391904965458014	0.2588951140797439	-1.258695913933161	-1.403973367273782	-0.8696909392067543	0.30335444901793573	1.1751208945976197	0.5486947159679212	0.04368767313531202	-0.6943385191400934	0.021962687615187146	-0.39243145291559617	-0.7054434095238613	1.019729074416795	-0.051718398050042275	0.5482335607328315	0.25834817347689915	-0.14615566079313116	-0.8815057739768868	-0.004541762503026417	0.6028275974841242	-1.0699500048164405	-0.6376969166011122	-0.014654139335398634	0.016580889006614342	-0.19042770767450415	0.005480342421512327	-0.23879954325403802	-0.718844748531687	-0.04585678896940683	-0.9136882645672487	0.46956982682625104	0.3966681239595023	0.12615550432820063	0.8505680807123118	0.18757820874272418	0.456490918110048	-0.970418472588936	-0.6927396184395124	0.6594915830919196	-0.18371248898570064	-1.0275090554257609	-0.036823091363544766	0.5992585618699148	0.1425073866585774	0.2979476503079008	-0.5157691379761525	-0.07649991932701024	-0.9500080302932834	-0.4531268910241366	-0.2756185766289754	-0.10945510210677943	1.1359395975252697	-0.42682273242618524	-0.22804272782870483	0.3082206553529565	0.22151777583307825	-0.007874249850567658	0.09996450299759188	0.24515636705562452	0.21394988378476879	-0.05345559796835043	-0.18082029400439917	0.18085145644371714	0.061758768384074327	0.3436322995412887	0.08147964197198523	0.23786985258299242	-0.2688992329288071	-0.1187990061284315	0.17413439081994722	-0.010647880112275665	0.10103113459630206	0.028488350058420292	0.2832640575526271	-0.061142975487102666
DTXSID5040465	3.655418522508342	2.454816848977079	5.964849828550608	-3.402513139700168	0.7167803086862623	-3.3508060225283525	-1.0708868546307013	-0.8414975555577257	-0.9262409756496485	1.0175634111182172	4.364080929080434	-1.057734503607645	2.4167625109784425	-1.826779442639443	-0.681568331548047	0.1811504240725631	0.4491553940208928	-0.18657099915925746	-0.425580686397568	-0.4766170399980014	-1.799258083707784	0.22619709604874094	2.119777399077351	0.5831843611687483	0.315929893077664	-0.23256925417407226	1.8584349790385912	-0.015440261797894936	0.18694873925074074	0.28565701060002424	0.06708834838459628	2.272723061947496	2.040603642127871	0.15233909595206618	-2.948924960363827	-2.3648755658442564	1.8654663983074642	-4.090127108715121	-0.7497283386556989	-1.5104755375970695	0.7075234854557593	-1.1218740643173029	1.0054252890978972	1.654416134473165	1.6692557440556077	-2.3932954439712564	-1.0826984608304395	-0.7970454099273054	0.1576268093717418	0.9635502633166387	-0.18441108686860727	-1.9397580985412903	0.7231564647997597	0.035148031394821	0.8282114802678067	1.0991073708129828	0.5726264070467013	-1.6133244931221669	1.1102333907999544	1.9201468457218327	-2.5193426732478432	0.7179325289157723	-0.4655700068849139	3.7322356082790598	-2.6517242527747142	-0.1803504618791833	3.042939745032091	-2.762478597695135	0.9228763054546555	-1.6769781444120215	-0.37480718668022844	-0.7822220864649252	-0.4083080737518972	1.0419128612867359	3.235159398471759	-1.180744998793009	1.066578166533206	-1.1199662833183683	-0.7587953627954704	1.8068936385394232	0.027388104582683682	0.5689140710716755	-0.7014088772604535	0.31358103308649005	-0.8525333750427816	-0.010242537696854275	-0.02157940948978253	2.233409746835778	0.6014915538720822	-0.2036185901161832	0.842271520192616	0.7614901777623114	-0.4772752380008439	-0.45635605845361776	-1.2079651070951611	0.29444281716285997	0.738883413661122	0.7890730577612357	-0.5046191428831358	-0.3258538866447951
DTXSID7022540	7.762323020971147	4.288757429360268	-2.3969678810533375	1.0137997261840639	2.8802488070068737	-1.310513837546428	-1.8516490810293256	2.053858144221496	-3.893616219801331	-3.5615807288081993	2.1448193831309776	0.5012717636898215	0.5445469276117635	3.1830387025275115	-0.06082291074979428	-1.2195088476221816	-0.010300319657996162	0.21804203349617002	1.109686691333753	0.16486389582909025	0.8979185696922558	-0.5785436518025283	-1.184337601775936	0.557519833915735	0.3688287344822854	-0.6460047555515638	-0.6434465181026852	0.18519565316618913	-0.08684215249721754	0.23118558027365463	1.569482157017663	0.1130523654572696	1.1318959179176127	0.8678757549985926	-0.07590494906004694	-0.49040322100143785	1.0210756795539575	-0.1264878587403909	0.7620260519734338	0.2261406706575629	-0.99124586957153	0.2188879863277741	-1.394019631168402	0.6250778060477739	-1.0005767821271925	0.5798974375796327	0.3390282177513922	-0.7652854932239599	-0.1757688913497107	-0.4733124354807584	-0.10802760752156011	-0.18610302296034667	-0.8756006410619853	-0.24498631069649418	0.6587263063177121	-0.6340880728076601	-0.303458316318007	-0.24494863574401296	-1.004906111708888	-0.4935294886277573	-0.15058846513711766	0.566988105247726	0.4748013278058311	-0.5705057512821011	-0.48884128940473914	-1.524413564762562	-0.6933101286172584	-0.2612967944128368	-0.35747809500124067	-0.15793544103983415	0.31529795557013257	-0.24017548306240763	-0.21198446545969962	-0.5465434542032575	0.453945044609225	-0.4806368787441443	-0.11106433186167529	0.6507670981545436	0.5680947017286222	-0.06279555036048771	-0.3433819414165539	0.24220326538712622	-0.5329824086793575	-0.8249890687942588	0.30002120368019475	-0.17157632831983627	0.47967751238020906	0.08287310222920372	-0.18291171582975937	0.9789702073705898	0.7147963709030951	0.37870967191379656	-0.09663811305205176	-0.48214219650073686	0.49670777094055474	0.28136488073547516	0.02937218232616933	-0.37258399855898316	-0.2696333249233229	0.2805273525091114
DTXSID4045632	7.346706226947153	0.06031847417604125	2.628019839545346	-1.4686198146409897	-1.1069304570272827	-2.3480812201724373	-0.1767361947445103	0.06473068947952722	0.3760296355885356	-0.51164488474822	-0.3161837390571966	-0.24924170135798862	-1.8525233536895966	1.369474719075816	3.4005059164716083	0.9722747946910583	-1.4441942436336077	-0.11025906593101663	-0.13622624191134847	-0.4179165113509033	0.9270070952158708	-1.1645789648827674	1.0003677638584694	1.2880728981857685	-2.7324070915868046	0.125939239859701	-0.1670153223461931	0.605838187786496	-1.0463660082245618	-2.0223559250559138	-2.067419982148388	0.4795879629629344	0.23763720574894798	1.2493614776713684	0.24255548239946284	-1.6589278718068845	-1.1180929359931822	0.8149409357560387	-1.3214694057782443	1.2822003284399996	-0.517246463320448	0.32201331954031975	1.83384163373119	-1.3913932286593949	0.2592866532568628	-0.14907871042374363	-0.8961920869532244	0.33643527928254036	0.4212257648541417	0.20259404562350508	-0.13782124421326108	0.03532937612461214	1.1026144236693238	-0.7728484087100725	-1.1149394665634853	1.066139457639393	0.46737906240185606	0.7629333508706158	-0.29036401718286575	-0.4637766522234233	0.04083442797877828	-2.0504948897988076	0.6825147681431138	-1.008482449717318	1.2103174936264445	0.13639355295962668	-0.5870569144113043	-1.6153221829409599	0.1736045603102078	0.07829933707079488	0.5558874376822444	-0.9869931070081164	0.12951156716728693	1.3052761069847594	-0.8244556873065895	-0.14225268789049492	0.6133339657803757	-0.800141548030469	-1.7246539408987307	0.0627763043816067	-0.7645644269634966	-0.11661943861689693	0.5634960130771304	-0.896410768760884	0.046181508723217794	-1.4305431567993705	1.8471615274261775	1.0885452865103533	0.05937058595103072	0.21464448639997608	0.20182486712992925	0.4188510768369468	0.09407182744829441	0.4781050642445624	0.16280505956995442	0.8860612736605691	0.27440599071844335	-0.10938206880940585	-0.2997880495364127	0.682991426893078
DTXSID2045783	-1.8036927127554743	0.9603881321599251	0.5374540872960402	0.9465228597194751	-2.053713774364401	0.05092556381781088	-0.4515004762856079	-0.4572588048895189	-0.04863089208314943	1.5261940622458814	-0.9920278192288563	-0.6185556203215569	-0.0332388522766559	1.108667693559616	0.500384495644247	-0.5300745536121177	0.8296995244695172	0.7022099097821898	0.7898472454942368	-0.7662826822476233	-1.239789937547426	-0.5846258004302978	0.90854011728951	0.846068729187391	0.5341623903920801	0.24694158164088328	0.41249337333726876	-0.9922253260486132	-0.20286676357141806	0.2639538297598622	-1.8453202336038173	-0.6291164234995399	0.4898269434455258	1.0406068909418478	2.115079926699145	0.9612465849605734	0.2320140056520299	0.1704648433007966	-0.5641042122815599	-0.6005161835326488	0.18500495889972093	-0.6351713071023923	0.2929084432664063	-0.5384980696841181	-0.3908928468463689	-0.21119206243588598	0.2887674509088509	-0.5993918458491854	-0.0860681656913414	-0.47387365192460684	0.1325733870061313	-0.3687031905158655	0.6885408691072975	-0.5632700988254202	-0.4136249637492091	0.7212159617364252	-0.5616909001925684	0.053049742129752615	0.8035954040438152	-0.19553878794345336	-0.5665610233245958	0.18211089224752836	0.4419399447683065	-0.6070337162422784	0.10455848705138755	0.682964664933029	-0.47214084204882795	1.2086917918630835	-0.7968685946441786	0.2782111841483395	0.4477845466387805	-0.23591334049388304	0.1967397883283767	-0.6354655889907294	0.47013106768312496	0.45118439847703107	-0.4019808532101399	0.3635349133459025	0.9471562879149108	-0.03946684209102803	0.03860878973079116	1.2128369495802869	0.06232153380282415	0.574343313416843	-0.9525859061889865	-0.6572202036029293	-0.5978733145478549	-0.8606266698649302	0.4896953048432181	-0.03925824472156779	0.8323607216358787	0.7742942430936781	-0.17785520824938333	0.25340540104680026	0.9238013028966295	-0.3126785353153305	0.2749815866381538	0.25145572952788087	0.5771258055633335	-0.675492651845447
DTXSID0020282	-4.700538507065068	0.56964960204224	-2.663493150241811	1.5712632660049097	-1.5077254588200928	0.546438321547984	-0.42886443752028697	0.7574391533381909	-0.2703903527842711	5.376350601640557	0.30551474880321206	-0.8413790434413653	-0.8928064194939761	2.9939363083801585	-1.9783701377347236	-2.800993946172708	-0.301313965032192	-0.7286544808362176	0.7889073021279764	0.8023462248245106	0.21576564529243383	0.32152889806185175	0.36586845383057015	-0.017925904037408753	-0.6719491508822203	-0.2378183187515776	-0.3776606527425105	-1.2605355965471843	-0.51356565667004	0.5780247725787645	0.706115645840804	0.5311859579084288	0.5410296325643137	-0.5554206928250557	-0.984240857207248	0.12089755231917171	-0.10178720299000085	0.5487456211720894	-0.15311741181818395	0.4704177455208856	-0.34615459855478675	0.06073827999894397	0.43571003610821446	0.05753573548484255	0.30464518959503295	-0.055555710010829866	0.3650959080231951	0.31146708082085656	-0.33572200322555235	-0.08032431886018292	-0.34337799383688755	0.045502855011714784	-0.12757129759457453	-0.1285423790041551	-0.4158227062027043	0.32907472641055424	-0.10990787127661081	-0.47227851123061304	-0.8069907425209538	-0.1854021370402148	0.7141886375327883	-0.5321092633103776	0.3105710514300393	0.2900497592877446	0.40496421011207934	-0.6052641547956701	-0.08070327369015942	-0.10591334481495653	0.06829248801503636	0.24321578096118004	-0.02905250763294953	-0.20769054380300392	-0.1979961963084277	-0.23629315919470167	0.14594315604583954	-0.14417177218544602	-0.04702182923982554	-0.1362464907821264	-0.5250194034197015	-0.1658221184627066	0.2801875142687596	-0.3287190615655876	-0.2781562622707918	0.015417378333582456	0.38748895425809554	0.39150100946808386	-0.0982697483406057	0.25130714016040157	-0.10213332268676889	-0.15184130084738565	-0.230005737911442	-0.028678401283133537	-0.3393190226351936	-0.01880308012878269	-0.262910839413346	-0.13020161460678303	0.2628402374776383	0.12538920838160697	-0.02786851929584052	0.22738597307800648
DTXSID6048622	15.287715644692913	6.112493287744549	-1.822057084114623	-2.3441787990707725	1.8835551824361108	0.00039793198896155276	2.0026122430471722	-2.1350745337924035	2.483478508072199	-2.0992664814424895	0.8581502354087904	0.7016398889773331	-0.6710828292431837	2.4064468541323296	-1.8538793306745156	-0.526471205418365	1.9130473339804595	-0.07629165735427967	-0.749798757568937	-1.7646398036179798	1.2133274499281477	-1.2133515980856366	2.186282376391641	-0.32243446469999826	2.5760445736737356	-1.0912914240417004	-2.187964577889584	0.20704050393003717	0.6738240537166532	-1.4373104328172446	-0.29487995691192914	-0.834753052598726	-0.9413268502696411	-1.5038396852800497	0.3723448164879144	-1.3563443578673455	0.1863233932195594	0.7092260126108626	-1.2556854611747839	0.27643492226243405	0.9656054913900596	0.3769665406420611	0.7610048923958835	0.5398313421300112	-0.7318749669587604	0.43381053966191035	-0.10578649231309722	-0.13185835977468952	-0.2723779523204547	0.12886383884447278	-0.011452850535167943	-0.5638861305625752	0.19578493410920514	-0.23796145266809066	-1.0783179995431678	-1.491758351070655	0.7932809180366331	-1.7049834154625958	-0.22415509480152984	-1.0369367954100905	-0.3561648489355819	-0.9998047054144117	0.26683516127924284	-0.4568267433645357	-0.1625325467559792	0.54478091085233	0.2818996583079544	0.5931794233894303	-0.9443987525068639	-0.05050432961099457	-1.207155540392388	-0.04971881652055429	-0.47947760655516747	0.3275914159994735	2.373154657527102	0.8350827889856546	0.4395850619484405	1.5620320428038976	-0.8998651347844804	-0.2973722904488903	0.6262304331837335	-0.6655469384537694	-0.8798882828550517	-0.0021741974483768752	1.1737518629888086	-1.3946922515770812	-0.4376252984528301	0.47714707543521967	-1.5336861188967605	1.1990531224020937	-1.3265477787002429	1.2524534198802515	0.17949204162812252	-1.4439909170433551	-1.0248456376772184	-0.19315897693380057	1.0306214156903009	-0.656685574438585	-0.9823131096004627	0.6945502136919249
DTXSID3033519	-4.684510710348621	-1.6687049613234097	-0.2844264512894733	-1.1684180002081532	1.607984698954388	1.5454177042543338	-1.39454597751811	2.314887940583184	-0.8190556075331163	-0.5077003069706727	0.027960008776051905	-0.07164865398525089	-0.3875017340714211	-0.4099350613204322	-1.3324798219391591	0.08925997158763639	-0.8259637615716371	-0.7949177766879331	-0.9446725411977632	0.6501408763557937	-0.05879518600407007	0.7649881977953414	-0.3704495730092827	-0.6357742988385554	0.7947052089136202	-0.007506588348689719	-0.0672228468561536	-0.4467860467373273	-0.3980902847116801	-0.1181697928245174	-0.47351502782955723	0.7263650811274609	0.4541844629159213	-0.3591529633998792	0.6847256959489052	-0.6836664174596768	0.42775332838384994	-1.377353813251141	0.40156453228831474	0.10126335133218527	0.3854558809875435	0.4197093711187842	0.19453672094923083	1.0083193122887388	0.8736526337645217	-0.40427339750635183	-0.7954694490282402	-0.12847358057474453	0.1462605057862176	0.4889515687210314	0.2625858852689269	-0.5331184841088846	0.4401726257752811	0.12113559641166007	-0.1300910864320282	0.10922567407182293	0.09609961784293629	0.06630698275547045	0.5830552370639038	0.49739237969156463	-0.8236215655568181	0.8435564198877786	-0.339831953147947	0.7020121385491832	-0.4365924657117732	0.14465347230894082	0.5603112610926807	-0.2249595127693899	-0.060961476441316775	-0.08972449767870777	0.20490046155111882	1.0501137261183735	-0.6364049010638215	1.2618252377296362	0.11263942274671715	-0.9787544053003179	-0.8692741126681306	-0.9249386921055976	-0.24190879441539168	0.5656441703624501	-0.21503365341825817	-0.5941286612301458	0.7132981301743561	-0.6753998310619428	-0.6996564956542975	0.39291769000276433	-0.045354053135132764	0.07204660542338717	0.5218831564069394	0.10182713924381116	0.7193416567908082	-0.3129681925773046	-0.45887332878860115	-0.33738881139436516	-0.2209837401810727	0.02203658395697362	-0.3747831757742662	-0.19211013893861145	-0.05504748919605065	-0.12835770160136625
DTXSID0047325	12.900152620092596	6.760440923881677	1.6065526033087578	2.0511497842434316	1.5381454808537791	-2.104115526473527	5.372810600165397	0.6023016292457465	0.11830945265979903	0.1843582869680746	-0.8285540023453923	-0.24166558675728095	0.49666011335150784	-0.39459499608539217	2.0187047339163864	0.23223633357190493	-0.7386739402024045	-0.3172216573614471	-0.4000000744689456	-0.4668349843617188	-2.051107450438032	-0.015039200706502182	-0.005399046795795345	-0.2860249697520914	0.9493541665511889	0.6505621067161473	-0.2008814128554963	0.07317006223022093	0.3146208163765249	-0.8839286897947607	-0.5666025891848337	-0.20014044556625082	0.39167566094259054	-0.9474097927543298	0.8621583401708812	-0.5127698515982277	1.2526633678644186	-0.44406819592579816	1.023346362989129	0.4203822051840415	1.2697176828104775	1.0668385793317832	-0.9618199294430209	1.041920099607944	0.19565040673525955	1.0741356580469206	-0.715592614994683	0.5983871722255646	0.3936379363982442	0.8676592046615813	0.33966812953273956	0.5280765877433952	0.485211996981225	0.4548262581934652	0.08290678240082061	-0.5046271192045539	0.5596859929189537	1.0543607012603902	-0.12166539605091779	0.27500666119176	-0.34052452555409407	1.500759405672308	-1.402528659031532	-0.719810654667884	-0.8143693478344315	-0.7253844591031194	0.0618880727101221	0.30280583818149365	-1.0829430615982243	0.7045069190418314	1.0251016040493224	0.2141446300942945	-1.7348385818078365	1.2401885647114708	0.44400825610880146	-0.5363939796226699	-0.6362171918979346	-1.4913047014055771	1.942590228944017	-1.8341521805103476	-1.649289882645522	0.08487622386024761	0.12720580542285248	-1.211649540317001	-1.7539805923049812	-0.7386151722517805	1.1435721385005466	1.959222961165697	0.4077410678645151	-0.5038817277564037	-0.8171198415459053	-0.7654487199830565	-0.19483363641556897	-0.6132266296881559	1.0861850412195957	-0.7983675846242947	-0.6130963209633884	-0.5276214752127031	-1.425595516409954	-0.41081527711329446
DTXSID0020238	11.307596561767236	3.1679371967304437	-5.953182979331655	-0.16487774505500014	5.163409567659546	-4.041563095503952	-2.489049635844534	2.6259550311909887	-1.4995524358122545	1.8660852583415535	-1.3181068363658655	2.050612243924625	0.11398032029304117	4.4136242793656635	-1.4189932933355727	4.736874731410157	1.6645757250506539	-2.0411411183223156	1.4209786639635693	1.028254778143965	3.3441699850455415	-0.42566329658499674	1.4819195921828374	-0.1367081244321634	0.7815231174160061	-2.293938234747596	-0.11118828134297311	1.2951361592519661	0.6763873092421319	-1.9328354826816163	-0.16650696852611546	0.5698945998581745	1.8190511804920604	1.4941980594671318	-0.08647215231944771	-1.8963335076230898	-0.709215233894998	0.25178543886277804	-0.888397025634242	1.586857477857344	-0.014221766170346577	0.6774560266935521	0.39565610213986363	0.08868388316246613	-0.7212017148302898	1.2394686042193273	0.9503784465323992	0.4386235437253917	-0.5725488954204697	0.3121432628440199	-0.5831990316181874	0.28526097451442456	0.29188973251859823	-0.4048895070081695	0.41470413884241686	1.1685728241499789	-1.1391096686516844	1.8294372610857839	-1.2316013275950661	-1.578328251942448	0.3856141617515698	-0.06364381601786065	1.5723733421453918	0.48335165007156156	0.33239221075140907	-0.6894123971597806	-1.0481430811455235	-2.0957727993188335	-1.8485072435460872	-1.7782197942483944	2.1301426205890905	0.7711992809537838	-1.4018895956925088	-1.6289995732019118	0.13616874371350818	-2.3814764106492943	-1.261777030448931	1.7196505543637584	-0.31673068200642845	1.2540561705863444	-0.3775438928081444	0.14574167751808076	0.5877520104427876	-0.17106986792573028	0.23808288930155247	-0.13827478448371994	0.5714388988413377	-0.7039693040835356	0.08602089751659538	0.876082399203603	-0.21778079546449375	-0.7019423597847502	0.7280915198396638	-0.7764724708565185	-0.4026959721553939	0.9682968558841814	-0.6657939409240685	0.7340517754980326	-1.4364499358943519	-0.619236307698074
DTXSID3044916	3.9700475393638475	-1.7649578530904146	-1.4538033283757157	-4.725173939468426	2.079047674095064	-2.1627032214421704	-1.9762211587891856	0.4308094973750958	-1.982147826408262	-2.107493057221861	-2.002803395373108	0.4897203523769953	-3.650290586910956	0.43528127885237217	-2.0172563351337036	1.120204795009412	2.4854711528319178	7.9326756410873145	2.1557675785725485	4.677094721519182	-1.4339868578938417	3.531975701058161	2.635069991166382	-1.548566943063223	0.015479858053260779	-1.1402123055377065	-3.0799902683878853	2.200760958242756	-1.1929875957809013	-0.6877462259941431	-1.713491014472522	1.926744614882588	1.5096595567633404	-0.6947361568108743	-0.8201713746973596	-0.9175211475433838	-0.9206542216541233	-0.4802169009146168	0.4775358019570215	-0.12962030580973552	0.7348885762292768	0.08689321156573768	0.06124390401577796	0.3217567789843895	-0.4466519107061956	0.11189386125904578	-0.42483078162523624	0.5746224976182861	0.1936664427077052	0.1243717038165035	-0.01814993276925267	0.23952161355672255	0.22680900368334264	0.19401225597236774	0.6725877923094948	-0.11018050270132894	0.4042912458389351	0.10014193576236598	-0.08296824060712571	-0.5414485080994719	0.05903691493292539	0.30884230673102153	-0.36635681996978464	0.7232253889648492	0.20635794972116514	-1.0612312010949774	1.1317715310442051	-0.09583505019993505	1.2852916241598753	0.06486352797492555	-0.15945808315462873	0.2484933302258834	0.06428704972351675	0.9140015924128604	-2.806696820791484	0.19895825610507797	-0.15696271380387944	0.24707281847211543	0.16047758600038334	0.02432289674158111	0.36051976954689696	0.46930442345214757	1.171355476790175	-0.021541906023006565	-0.2393677569558605	-0.04277892739715306	-0.2315640120651919	-1.6211869376204133	-0.7621372579758859	0.19989259487856154	0.1875567526199754	0.172577873191032	0.19279869804940897	0.09886886800809302	0.22355000795105862	-0.39254758813448765	-0.18245489073289906	0.5417505896760083	0.17848313776090358	-0.2123420848769405
DTXSID6022553	3.505717269048092	3.0757768019148983	3.0581043083623243	-0.0330460421990224	0.03989118229559744	-2.0656699039863256	-1.2842458052524652	-1.3289384609361135	-1.3796990985380142	0.09059493898728961	2.487389618830548	-0.6795157422308759	2.023486203495054	0.9762851486411743	1.407949072560218	-1.058265588153008	1.402863608973313	0.714267163651802	0.5594480417152057	-0.9570070913689983	-0.7752851540972915	-1.0633759910525504	0.400175801650859	1.0377503372011754	0.226031002455668	-1.364060629868866	0.7189402545208311	-0.524292032962078	-0.5429863220086227	1.2037681598489811	-0.4614419246655068	1.2070333392105592	3.1767854895160763	1.4363133740032716	-1.3787282947004937	-0.7634247224215249	1.390683955832953	-2.5300027065468034	0.007833804123124732	-1.0995479215072128	-0.06695193323152528	-0.6979378898856694	-0.25548673665793603	0.7400200125440087	-0.2303552221948209	-0.963765305472757	-0.4960987885269338	-0.9930854499898066	-0.1616888460878971	-0.2764880898958237	-0.030353026357667293	-1.3462964507832036	0.0400998328264104	-0.12594933716574805	1.1917051820470055	0.5348296090173355	0.33823004401784007	-0.8824859458693518	0.7401310952865373	0.3276604728610275	-1.0441018074035897	0.9962610896691318	-0.371933130965542	0.6350376411689964	-1.654815326822179	-0.2646822324190429	1.1895549280713327	-0.3907524952337319	0.32467060005389964	-0.5888825140842204	-0.031173221203105478	-0.9853103219400201	-0.43358948961104254	0.7241193892966589	2.334324181044774	-1.2421031090787438	0.3479377083659305	-1.0623381574728696	0.30966751471340265	-0.10705521225698249	-0.14016655741458053	1.5012134898714111	-0.8292482336280474	-0.22086852851530767	0.14528687327391707	-0.07793227478167505	-0.22729395109561173	-0.07037805981715821	-0.05344864520599477	0.23065789417202212	0.38720386624576386	0.38343902436121713	-0.2426081776022031	0.6315700092877164	0.15139454896287305	0.27722918591761875	-0.08495289353104613	-0.07438835342205335	-0.06665951052536573	-0.32215697026342494
DTXSID3021275	-0.8978974409553682	-3.6093363651654307	-2.232944518702945	-4.041562703920127	-1.611481090404723	-1.2127301620108113	-0.7831747979574969	1.53319745111902	-3.243798182103049	2.409686068369142	-1.6662891378950664	-1.5970537537137692	-2.287734101424244	-1.5900779023718343	1.4968313528429062	2.3089767993455266	-2.291598146103627	-1.1176443428296117	-0.23636290946378502	-1.5106366445359933	-1.6509239919918635	0.6677829202266319	0.9942018935704112	2.2850279075600812	1.0604306844896814	-1.8651757453767084	0.2179348894641912	0.5635296621565418	-0.45669381280442395	3.0338097251730933	-0.2864122071980606	1.0562916931353967	-1.7052483128121978	-0.8042966122059582	0.5640104804089204	-0.5996117135768605	0.6467193293072461	1.0200162094127687	-0.16364564694113634	0.5450271555442691	0.7624645470198231	-0.4395798175598647	0.10797247660693557	-0.3223762524676136	0.3150610150424282	0.11838337180332621	-0.522538072354238	0.2052419846568705	0.20088461379825728	0.3125982597897895	0.11199703717018922	-0.268159157412511	0.5085616084192893	-0.2774493091553228	-0.1593201618337158	-0.3516698146672347	-0.36244779693614776	0.15933633274901882	0.8027874659597993	0.061796936562044845	-0.0366670945082636	0.4699776677192804	-0.8289293483505807	0.05577185080288	0.7111923451841851	-1.3163424311318281	0.03660635757544189	-0.40340651025448576	-2.5143399552614265	0.771905724725863	-0.06430625231192678	0.015445402716520586	2.327554389180249	0.7363004789931695	0.025983080932371626	-1.653244913671477	1.5286203269729524	0.5248655410563103	0.18227548277348082	-0.4826732638743798	0.5003379988606118	1.2140642519898088	-1.0450022882948444	1.3424155879771742	-1.3919946627532411	-0.19142174073344076	0.45684844948929637	0.448859513730463	-1.3444881669051634	1.2201275278326755	-0.5002449648422123	-0.5597210253389157	0.7983934075312563	-0.08282159348978542	0.25189632834055503	-0.19689645617000154	-0.27656580263522623	-0.5882461445667746	0.640182820026843	1.2069782316610336
DTXSID5022932	0.48243178806490805	2.817355078110791	-2.5747761676786003	1.1631791517063694	-0.11495525958747088	1.1736464504008879	-3.5150301127360404	-3.5340677305566977	-1.3028682530132156	-1.7847132080781014	0.40375764719194607	-1.4293852321291909	4.4209054397776555	-0.025222079513737592	1.828546429057943	-1.7490244691299413	0.424318059897413	0.30234233445926706	0.08603293186778618	0.4652670487840703	0.3071868984914131	0.01752422166545459	-0.8330348511588971	1.028023557822651	0.1456448753326581	0.13311705859005238	-0.02308628974618831	0.7877317557202818	0.1850210601296093	-0.35085354257705337	-0.14484419340343258	-0.35656158285901607	0.25005904426505027	-1.2946319501691506	-0.20259778787826652	0.2234788753977848	-0.3007267182886183	0.4076836683810996	-0.3795525169789871	-0.574098244535097	1.0962162277588796	-0.1716312713075558	1.3762749807616976	-0.7157533454979208	-0.042278438315177545	0.3335598782945069	-0.8532793194641716	1.4733874461601466	0.009906944140367415	-0.14012410468645592	0.20382720957299583	0.81351705806452	0.28328324730394755	0.6165725221733017	0.5622038546687056	0.2744104408389082	0.30497486089488673	1.1697125429433504	0.8465741372464066	0.1611362528049666	0.7358635703188184	1.2214777853666945	-1.5058938778170636	-0.46856417058770294	0.3031384815227502	0.05176600536139325	0.8309112967000183	-0.3749216636993763	-0.7285266235802155	0.6244638374675081	0.6442965288238232	-1.0188496452020284	0.11314496656776128	-0.021557248259977426	-0.17476512582685944	0.5873674293079427	-0.5580579403959428	-0.3748615082969838	0.40043942569904145	-0.009708108189108857	-0.7854227921845321	0.3313043159841873	0.4644328269012959	-0.2244683451051486	-0.5474534600577051	-0.3695664424434854	-0.4061401771383205	-0.2690175516097944	-0.9068372124408871	-0.425399613302196	1.0075587659629044	-0.1569169772923403	-0.7706160171203337	1.600467758936285	-0.16397810215094177	0.09449421842425035	0.2106493299713797	0.9479589324879601	-0.41122666816119996	-0.8951225094793714
DTXSID7023356	6.748664316885913	2.3977208675457145	-3.4849175944981443	1.14179223664017	3.8218299441037025	-1.8213297806202589	0.3944895613474716	-1.6086958929871193	-4.199670471706422	-3.301885575153509	6.035342066493981	-2.225835821198903	1.952163833311095	-1.234773276871719	1.7481633607800517	-2.8524593392272597	0.28500332370651704	0.5465706550089608	-1.415885271935495	1.4184954353521224	-0.6798283484095633	-0.5762396927317145	-0.9766739168200264	-0.2690793991811464	1.6967913810612933	-1.7060554475274636	-1.7660603317470227	0.6376526162618444	0.932752555116292	-0.9425745053882598	0.9072837335153604	-0.15964522120584806	-0.2636814556214455	-0.9928735313662232	0.2417220327758533	2.0423540109277303	0.18487699202415042	2.143926236107283	-1.8229475278148428	-0.00842452688805088	0.7175706132487073	-0.8865922021437347	2.987334923745214	0.040250559533087836	-1.18941155090533	0.5821343731794825	-1.1655955136887233	1.8088189616664407	0.9037407420392485	0.1208501438936761	0.9377969617601544	1.3575327373516815	0.05009122321314712	0.8025736031956767	0.2437709797489793	0.4185520334637786	-0.855765683518825	1.9269681044732119	1.9280245251353352	-1.1327786746088548	1.4189014587687936	2.8904207123918924	-0.8088553577756238	-1.8487600624553444	0.28482382894656744	0.12900420379217506	0.4923092164536913	-0.17533616978479427	0.07275787051601237	2.9889072486202544	-0.3538254667550758	0.335858830272754	-0.3145871465381174	0.18976250833245512	2.1080680189146417	-0.5428554327662913	-1.5868395318331074	0.02006969634234593	0.8030209852834961	-0.2945293780025039	0.8311365310768517	0.0014984439070703994	0.7301141738496002	-0.7798563611668253	-0.830703607733342	-1.1996906792709805	0.20979882158428204	0.3075175072334664	0.48583735137479944	0.011956124754422415	1.2701949193459376	0.8046459831951677	-0.4492097494565515	0.15258516899175	-0.1576224508398814	1.0146038262373993	1.2160586311337727	0.4750670137354744	-0.05861521953651279	0.14634978680964209
DTXSID7021106	-2.0716558123923123	2.0948728812969604	-1.706476265352508	-2.479750647422094	-4.290106333636639	5.79564419717614	-2.421581529501339	3.8644969434175946	-3.852365937579832	-0.4701366931122021	-3.4021425077170235	0.46353288828056216	5.036632414348186	-1.7939539249993157	-1.6816899707168596	-1.2716667138982074	-2.096433638268693	-1.3292695759364066	-0.6876492218105296	1.014783008569239	0.9987768874297026	0.7977801647160271	-0.5755291511583563	-0.4127760693320085	-0.3102790151976638	-0.8588668361677106	-0.07674714249368926	-1.6690410694884594	0.029789995703062244	-0.6168254169258592	-0.45766269988210523	0.7462838345488052	-0.2318014539143452	-0.16097500175143448	0.03629288491106494	-0.1325604882666722	-1.4288929560288672	0.3292800142396227	0.5298130405229385	-0.2453496141900312	-1.3068888442113862	-0.024526498974999623	0.22890706718312112	-0.7488850704092491	0.9313422715032404	-0.11947695195175811	-0.7781406620122152	-0.16756058530740245	-0.1555101251985395	0.475243351902342	0.011525322101017211	-0.05975282787078279	0.07213601563326572	-0.011857967873412367	-0.1468115596793941	0.3567106292647146	0.6690978998735738	-0.593785322228787	0.4996639422504213	0.8633159340309794	0.35242207853851276	-0.352579734495646	0.05513672384111573	0.2395461736076256	0.5695561689250418	0.14634601726832733	0.17552912181552427	-0.12176113708714663	2.1198401526299464	-0.17821190939253326	0.3768578290548873	0.42670851732725884	0.6468133776152317	0.40879355478350554	-0.2725543046630372	-0.4115012143320734	1.8642470300300797	-0.42675439023986844	-0.10068944135538217	1.076735601338499	0.31531168892697503	0.5007468936173365	0.9774462382130175	0.5347172205322308	-0.4611457208927038	0.369028195650265	-0.024125027187318803	-0.5214892456557391	-0.08207438921338871	-0.44647691253672545	-0.37163565262882353	0.03780642646911541	0.24054304089829778	0.04375515731189756	-0.46439392849174377	-0.6162851901503685	0.3975085910215417	0.2970186884612028	0.17241147206737875	-0.48676623242252803
DTXSID8025751	-6.008642827815102	-4.511628863670631	-1.624680172033015	0.5243341021863744	0.7541657009110558	-0.14320800188270233	-0.5182033284467765	-1.185884147013248	-0.4814437454494138	0.16861443007849747	-0.27500131686092383	2.3598013187514373	-0.23075680352559583	-0.48342371966267245	0.49450218613826624	0.34481410379106475	-0.1336382108506603	0.27194621821886433	-0.7776094781336284	-0.34826392382181565	-0.2921562685517392	-0.17988770549686925	0.1921010727230573	-0.08846837939274389	-0.7181035998231398	0.21923465733394912	0.48241550017546303	-0.08006121178027709	0.025966486864456458	-0.2884718220173915	-0.15377279545006922	0.06755049800237091	0.016733035945485725	-0.5320892427160822	0.1818703936973718	-0.27489305668059455	0.34292880502470435	-0.20223360556811312	0.3408160126056242	0.25818514754825533	0.21725903739447827	0.8877099320280024	-0.37251208911615175	0.5714708203811044	-0.057707755593897306	0.16503248919989866	0.21649339392016054	-0.3005986415211415	-0.022870907219395588	0.1562855249574158	0.2214341742016947	-0.000722022015709736	0.1897225292517162	0.07758736270612765	-0.4163725680311958	0.06025637879072532	0.4125684768048347	0.16029419547105286	-0.24409345089088544	0.43936508708180455	0.034343741741630136	0.33348813452478854	-0.04117571278705728	-0.03692846999645717	-0.41040641711292697	0.40411059142547384	0.007183208602409605	-0.2339475161320077	-0.0796517285800354	0.3911506861841531	0.07225349577419103	0.7383958435757713	-0.36828807410088454	0.40293909768205605	-0.542006118172726	-0.3298835714761721	-1.06976445829263	-0.407354916003947	0.4590338151524846	-0.11999082854605488	0.5741867809474367	0.5101967633551767	0.004010224636479193	-0.8433613760571907	-0.04514019807172488	-0.6793327621477712	-0.5672830515754587	0.4189325799282073	-0.9884171840577834	-1.1396527108289425	-0.3035887148677812	-0.3668110184032177	0.1656119617074635	-0.3408714966619202	0.6110681855440623	0.11134037922182147	0.2547867759957875	0.20501577288176415	-0.006295289698288496	0.06045132052811477
DTXSID7021526	-3.6830586065600537	-3.8879963230124583	-2.215802664684516	-1.2048011969716421	2.0214153477526167	0.48493802768008376	-2.979824187855512	1.3047368897758316	-3.2229822618076356	-0.49608490152471196	5.400543189882334	-1.7630168614279929	2.94853087688917	-0.6730520454415727	2.3191201866162707	-1.8592988618893147	0.9694644756050979	0.5596708499072379	0.686609103145936	0.06156417157135615	-0.21432117075248608	0.5270625333646064	0.3889259265349906	-0.47014143270332515	0.5504235254857993	1.4545115235020962	0.3882770670943705	0.24073444440837644	-0.4877762298840168	0.004697273899519412	-0.6667883862221904	1.0677061432961372	0.4835751732993863	1.0389616145795482	0.9574905785909892	-0.8706652734867716	0.9668852542328549	-0.24293670437948886	0.2505457563281665	0.12037581638184146	-0.4502148898146897	-0.11801027520731268	-1.021673375731361	0.10442229330823596	-0.09087548209460017	-0.12142988738076227	0.787474882165342	-1.2051643877954874	0.05774599449807719	-0.4706255845156862	0.06566509610630415	-0.4688976761624019	0.11081886427815496	-0.4759521800915356	0.11048986559469515	-0.41652700602269743	0.2080688595615072	-0.9800952955060384	-0.3396504669138955	0.11139489137116614	-0.5288254778213118	-0.519048229948097	0.4776538178041321	0.2660642994591849	-0.3231914791430824	0.33480934690461883	-1.0488997841355756	0.1250640515510597	0.178675524949671	-0.14467553385436863	0.2541292798551396	0.18050664358030996	0.47620824818996504	-0.8516552116031925	-0.6068233101541218	0.11034160892264895	-0.5714041641560222	-0.19717726363094384	0.21591813421932343	-0.7565840858045887	-0.1708040444062243	-0.04777163047404879	-0.432079021948596	0.3385283343394524	0.5316715941667463	0.03373089191559721	0.0658020305037135	0.22097458641631035	-0.10179411311919763	0.4257191109686735	0.2564437590104578	-0.312011242599951	-0.9296891652332604	-0.08047100234659964	-0.251402951490761	-0.18147103378303453	0.1453161637605632	0.07093921338010735	0.19246002643081558	0.033086195664956644
DTXSID7020716	-4.6452000096339665	0.8732019259645153	-1.9899950266756523	1.1375045463838047	-3.491173126148361	0.9014241813610913	-5.246668884326146	-4.838785761430821	-2.091770770275641	-1.0529565202955593	-6.94882712632467	-0.9618173498001608	7.956086636136488	-1.1189084718847644	0.3342438580507051	-0.7797265170948905	-3.6293781654026103	-0.6375541845144488	-0.7107032392328583	1.857442771050877	0.45117290530181503	2.164137686251579	-0.8200443937439968	-1.5078407673606096	1.5503696920861392	0.5710097787834537	0.2762767828504117	0.7631312805104846	-0.30770824534340974	-0.48024742000246196	-0.3367638311363441	0.3385057343089396	-0.31928371065432976	0.3909082218566328	-0.1947946426167404	-0.6356574143739439	-2.0535131771472344	-0.2937079666300156	-0.2068742726366076	-0.2088176218413791	0.151185230803556	0.22358654846296197	0.3766661393661258	0.3017612013033457	0.6635605294955821	-0.15365355741629189	0.038208035583085165	-0.4039965852528451	-0.2742172693196779	0.16968812354359974	-0.02645842053158467	-0.7381584019386409	0.5124101295315119	0.39077856214586254	-0.12031793569831221	0.01063243355778848	0.1900458356924586	0.011865487097297851	0.0701470597787758	-0.05355619918812658	-0.04192869159747723	0.08201218386156878	-0.32535508342949004	1.2926980048262697	0.3476367088283374	-0.6025685120365738	0.19436220757516645	-0.46652332927894496	0.4221181647097326	-0.9852002038107731	-0.2738736786675993	-0.44813609640985436	0.5761527374801408	0.07109652361405563	-0.519273480089122	0.36994739019963274	0.38936937357414025	-0.2753788007414462	-0.4433440403107583	0.35435674996146493	0.15820534496728156	-0.33439976218911127	0.4909630627209219	0.3195035739022366	0.4171762957631622	0.4017829550733078	-0.45293005552918314	-0.634202500287994	-0.06018975636910202	0.05843253611098757	-0.2671004453472291	-0.5368780916548967	-0.5887117326525004	-0.15942081198781724	-0.32446638160523045	-0.5392104712079937	-0.08253268543080687	-0.31607062718673196	0.4699573075696598	0.36395892013518677
DTXSID1021405	3.150496488580829	0.1560719582147265	-2.477732499378027	-0.1582325953076158	5.311733423254723	0.7843328504484254	-1.818084886533579	-3.395333405000428	-0.22945374433352161	1.243564324587642	1.3477883543730835	14.398458749274706	-0.6791519725399933	-3.6560368494075033	0.5913902093963265	-0.6930353416970685	-1.9649441545693531	0.9713931348468985	0.41457131704411676	-0.7154192970259595	-0.5850795263165088	0.4715899387577912	-2.051632442734551	-0.5921021284093517	0.8304962506947242	-0.6372013414274009	-0.36254277765361165	-1.518422433393055	0.31207639106956186	0.1375913786293739	-1.6698896341456535	-0.4048675019201625	0.28694443024631516	1.3692068945615283	-0.08964938766892393	1.1694591340315794	0.3803209386705859	-0.10040874308390878	-1.3243874813611363	-0.5157312780938814	0.5734817160843975	-0.2959120350329162	-0.3148481024393191	-1.508524622459911	0.3217532255763695	0.03813606624279467	-0.4494788587266471	-0.5525644171958217	0.17870187547366942	-0.8287189162130608	-0.5114488683758605	-0.7832458404944236	-0.4469215098344494	-0.5671090060355319	-0.49148033437624367	0.9821759932267237	-0.843379021091807	0.6003760673376674	-0.15462819130640149	0.3855528693156063	-0.9918735488412324	0.028497771193788334	0.691253458547971	0.3291066054350904	-0.2682114458795759	-0.22514404316926873	-1.2991541208074613	0.48567158677158845	0.8720489507436956	-0.16456341547210798	0.6741987336579545	0.1789731179147809	1.1260104509829163	-0.08501768898381819	-0.6037053477303413	-1.4822980476363823	0.6867562251758138	0.39858380884669403	1.632488773498684	0.6558935154003215	-0.27030132507384874	0.474440549798187	-1.67151257698612	-2.2229392389176947	0.9153623897986207	-1.2898706409808338	-3.4408829811116846	1.485009636548618	-3.3994396245941365	-3.472436905581846	1.6336326542482855	-1.5781012827573329	0.3809642982147768	-0.48153370466718837	-0.42395879843468753	3.0632695660094216	0.5753099720141885	0.19237823766568013	1.0726075641298451	1.2768347069824233
DTXSID3048576	8.670621348421324	0.41353086489896274	-0.9391964112336081	0.7733948740116391	5.929066240014378	-3.194330854715771	-0.6679032550710438	4.154765235434133	0.3429477490428037	-1.5768606922636657	1.2821577034690428	-0.9741306518696267	1.5784296214670748	-0.09276614017225181	3.286268898239317	-0.5558486149669439	-0.10000229227939597	-0.2042613817026023	-1.5989110335933976	1.4919588406065851	1.2214454170175835	-0.24791816221533136	2.197786699070585	-0.29973560304442687	0.42220271047926233	2.5861122782402792	-1.06200223914177	-1.02191735566482	-3.282858349740856	1.0519671097264265	-0.495450578280913	-1.2200885889889248	-1.907095105897673	0.1347044154075529	1.0125069035973298	-0.10637770802331314	0.9616243434109508	-1.8893970333815435	0.2890874121865398	-0.4835628232432542	-0.1045164301637513	0.8090889298253383	-0.20201482009249921	0.9457667674859555	-0.43230395810029293	1.617024366037075	0.45413781756363836	-0.494429049399621	0.22212705222127144	0.796771105229947	0.17384838070852596	0.6509261813938144	0.30133452924898224	-0.19602727140080034	0.5569494811711151	-1.3367489959768797	-0.8591725049031745	-0.5094770617500064	-1.4670498066465774	-0.0040269433636973126	-0.44682373617838134	1.2821047319626886	-0.12675230002013682	0.40397411568467984	-0.5663099465414829	0.6149207745506898	-1.9378076997566918	0.13021389366234193	-0.012054432541587633	1.2820901126823938	-0.4343483353032766	-1.5947753719591609	-1.484237088856729	1.2162922609993356	-0.9209662634503651	-1.404834292342429	-0.7926466919497266	0.2538975522129027	1.8987140592727811	0.8229119184005715	1.2733070528856172	0.05758025781283952	1.8385954568558969	0.16756022182918393	-2.2357123193961406	3.340174811672764	-1.6203640768665948	1.0094685183372554	-1.2588532276621125	0.5546508800452181	-0.8080532156446546	1.9387484025856567	0.03963572238515385	0.16530646534587756	0.013082200434224834	1.3778773514362546	1.0138352692168617	0.3312942304443597	-0.03334571039032627	-0.8506892741213833
DTXSID5047667	-1.6614474210463734	-0.25617928206778273	4.4011880643041845	-2.96783558037229	-0.9702500175618802	-2.345889799390993	1.0345298832384027	-1.4107475637908404	0.13420598666557676	0.8387463216200796	0.529269891007082	1.907493367774192	2.7888958347762838	-0.7402570929062793	-1.2280786668299486	2.601392191925421	3.430832387215683	-3.0971999047228818	0.7575369542193915	2.339535352662605	-1.3030513332357578	-0.7846539173211236	-0.5706948201191004	0.1360004029353242	-1.1382505909452534	1.073011501671611	0.12757013827469726	-0.27300631420929905	-0.7320360791573118	1.3142134822415539	1.5678914506095718	-0.5755676337328672	0.21248901189428987	-0.8091099009151512	-0.12152661187858904	-0.7571293693901182	-0.7397397627769807	0.41156280517272426	-0.2323184402837489	0.8155855445821741	0.9639988345859437	-0.21700822955581556	-0.6154773014927989	0.4833556874350914	0.9266885761510689	-1.7388198747809784	-0.20604353481714482	-0.43770656810516634	0.1604042911779846	-0.6009969395508854	0.26749449482383286	-0.6649665149085338	-0.3900940271380815	0.2199401244867949	-0.7666537979401099	0.4563483386609716	0.3572330910809653	0.19705122458273797	1.641367821183135	-0.07787178476847878	0.38515979331581873	-1.0642381633512243	-1.5988884278455424	1.0233084858349362	-0.2040385918299125	-0.06263452811612544	0.16594451857016693	0.5635686908259891	-0.07260121414541573	0.35512076035249585	-0.42789105928610155	-0.5585426927678429	-0.6407797689315875	-0.6526749224035786	0.4516268764601449	-0.3303887769858666	0.6698749925975063	-0.4421200428809673	0.10864335593081641	0.14869521516996434	0.4426949023637334	0.22744571293260432	0.15350701398302746	-0.0916032788948861	-0.019313547989059925	-0.11006224186883687	0.17592791139261002	-0.37212951546439055	0.20730268239886626	0.06542361144373277	0.3054920413370715	-0.19140390168537139	-0.03900893359341102	-0.17047658965273124	0.14962756560221904	0.27698409274524866	-0.2537350135659611	0.28657853047878684	0.30245463766992925	-0.16804251601280978
DTXSID8045694	0.3323202549001109	2.5933801948178816	-1.7246652293124491	2.257693496257459	1.2007718259607647	-1.292731847917983	1.0350025254790831	-1.1352187651802015	-0.8350622273840616	-0.1839994037358249	3.361526270169846	-1.494911217534667	1.4236062965621419	0.6346796677200799	1.811909181110072	-1.591741357643779	1.0407443705516872	0.7453497177738535	-0.8950409528217496	-0.03775967658704336	-0.7635362503895332	-0.9170536503514242	0.5410384104141843	0.4554690028246416	1.5587185493216626	-1.9439883736401034	-0.7104077908514391	-0.15931063185470115	0.9337762931356931	-0.30024538288721614	0.006360939917960557	-0.6294537909152864	-0.07760211884424131	-1.480498864721335	0.08410778350121244	2.0717956259714945	-0.8295701344374338	0.5248468681119054	-2.195037225049424	-0.23019788536747823	1.0802840326114986	-0.37919326568172085	2.137501113381125	0.1684338865430272	-0.23166598368276417	-0.14802332249386482	-0.25650523471644876	1.1544500106279638	0.285948502708341	0.11848667978748052	0.21023249881382575	0.5183091090316271	0.475943310178742	0.03082722511307405	-0.18733628004215605	-0.3341610844039681	-0.43832724432534353	0.3720548097130802	1.0020025039757277	-0.3982545715382342	0.31914736220044343	0.26815073166303954	-0.465686608918328	-0.666448030441133	0.13063988990416575	0.3512765898787567	0.5533163344548222	0.39996936606643746	0.4775907185272159	0.45789396725938375	-0.5031307409394767	0.09569395054382747	-0.02197096784239719	0.947973096770987	-0.054635598115100575	0.47082396547751115	-0.36249749845373447	-0.41418508155578093	-0.4128391411860606	-0.2920336731043925	-0.07679311767040987	0.2613792121424319	-0.1813570345892167	-0.3441713611031913	0.6020498519492242	-0.03397033453319883	0.33363706326564524	-0.4069823414875927	-0.6785814292711216	0.499762080355984	0.27688455251895894	-0.6266796977874353	-0.395711536899894	1.016190011982154	-0.1895394087876106	0.7883886575624179	0.5723142132217341	0.40895480780089005	0.7190046894323507	-0.31016618525845135
DTXSID6041426	-6.261906228556792	-2.958119332183433	1.0180611043972985	0.6638188006030781	-0.7872286847679003	0.10991578904770836	0.12324353003037922	-0.6805009205925304	0.5991706084185954	-0.9899962168505627	-0.4098933181466086	0.03187485043614215	-0.36359739386198014	0.21245416733151476	0.32444253447988136	-0.7246421393285007	0.7520993711827605	-0.29996366912089406	0.2977576059114322	-0.006128721591184019	0.4109452155407796	-0.21240095872896614	0.7646454365427172	0.3951907338887739	-0.19307815888879717	-0.11432746534835599	0.4166623066592446	0.4244025367687665	0.03557595547475076	0.191822163570432	0.6892908728167718	0.13639390323674003	0.3376002907587991	-0.34416120325060384	-0.6182088829205015	-0.11221608228034542	0.0886470224060928	-0.24508382936483147	0.1454072907370162	0.4319523126074678	-0.2106333735813891	-0.11450674440837981	0.068944383884888	0.346031065054292	-0.04938106340946629	-0.29224165638864713	0.26002222712474543	-0.3619485749162256	-0.056280709614662236	0.20509164606476893	0.05897050120134422	-0.16679726801879613	0.07831625036579135	-0.045621441071745025	0.017550646702415625	-0.06380715283200347	0.15541463370744169	-0.38153367934809584	0.13250201765391292	0.1927719289922074	0.45701237132916706	0.031203393129273418	0.062173568467013635	0.3660743347661567	-0.29867862812185886	0.185668015516024	0.6358693909653863	-0.7273564508040421	-0.08483362246106775	-0.1316918768342521	-0.00991863128439371	0.058197351466445786	-0.5244126700507977	0.11503115059355154	0.39573434576349814	-0.40630415995668234	0.10364530475631503	0.1520082325007581	-0.11586128209509991	-0.4557354291182019	-0.17213735245720865	-0.07379549406311386	-0.36811982540602867	0.059363437080710464	0.2321537232964035	0.16482389928776567	0.1750563420263849	-0.14534427364895355	0.40330430631732656	-0.4072242595738861	-0.32225294400723975	-0.7112562769761341	-0.7743516997455344	-0.5729376887089832	-0.023414218158182946	-0.19685998583324926	-0.5488752253380025	-0.15193907936591267	0.24866317701267787	-0.07832212728501535
DTXSID0045094	17.76358306439411	-5.171397120556321	6.238352311698301	5.49831308255767	0.28310005265599536	0.5816194577722303	1.687436076968519	-0.0114083546727628	-1.7414385993888928	5.358932615000103	2.2794811583373047	-0.9562214112041569	2.438639979092723	-1.4589490271346697	5.973570168778054	1.2800344315774346	-1.2614952216306308	1.9205159597790427	1.5668254070110386	-2.024736601304479	-0.6773581529844678	1.602188828404554	-1.6818112352781796	-0.882501192525766	1.1200939814312274	0.4812709644107632	0.2952843463835856	0.08938497216427399	1.2923580241460886	-3.0568340641915253	-0.46142998614508823	-0.659109882527934	-0.8214290539623964	-4.842650269704518	-0.4430997623858892	0.4632256503227893	0.4181913417257546	0.7123420739570221	6.359109329172482	0.6095261214641503	-0.255240455078502	-1.4583346088861628	0.1593980681596607	1.3806774632455725	-0.7021356227885027	-1.464895569846478	-2.0098971805220383	0.3694273552580266	0.3551786416635675	0.19347309014791475	0.05500012854458124	-1.1151099069362458	-0.14961452621428598	0.6528736781049527	-2.0732853176284585	2.0257413452777535	0.4016984632754162	0.463424941832653	0.12175338164548893	0.19551067750268666	3.4002038982179426	-0.7833263482476146	4.864388294895171	-2.993500527798879	-2.2644849350760534	-0.3571006183719845	0.3982224909692461	2.0957287840695895	-2.2407233496630856	-2.234185481370048	0.5510495917633913	-2.652091649573092	0.22792781623112413	1.2621353232994943	-1.1556759820001725	0.013414046275188178	1.286775260079621	-1.3608321955227352	-0.7858069354027509	-1.0617471643527723	0.9315651168379726	0.11575013329490073	-1.8344952846726381	0.019916244662756724	0.5256430609622075	0.5205292602152333	-0.07324155116797926	-0.58561569468189	-1.1950408305220122	1.2124578451109336	-0.5231610300177345	0.6278993311957302	1.1909065001381955	-1.4530508629257102	-1.0400297910986032	0.8599846934624242	-0.230822458501027	0.06979650751646739	-1.0972907684888098	-1.025635571486617
DTXSID2045860	3.412737212833238	7.879644123506915	2.452723041237058	-0.06740443649286086	-3.107376955655212	-1.21682398048335	-0.8159565019461954	0.2627339551198537	2.4401289578840157	0.7038618766751484	2.0846349294080353	-0.618830899536171	-0.4759535300587858	-2.2711753589713655	-0.2551410015357521	1.5701700783739028	-0.15226948645058924	-0.02882802246181736	-0.07435097250460831	-1.0542098399548214	0.013286256203198087	-0.10726740160728919	0.7321566065629205	-0.40618646002170944	-0.16755672316925851	0.12418204309893456	0.9223755923819945	0.48829164404202147	0.44801689523265587	-1.0414109020606914	-0.49801440518752504	1.163308559807233	0.8957039181519622	0.17122137582153765	-0.5881094883907039	-0.2788362506567869	-0.4415369482359411	-0.2606623244248799	-0.7133007117069989	-1.426339292726024	1.2191100342722752	0.5356207183137632	-0.2901035375979607	0.3845167731012719	-1.1589706610860346	0.718680674801045	-0.07963698463690773	0.0852594287084942	-0.24846578205024902	0.055404826706820336	-0.21139288761389352	0.18258528296562443	0.09301335587847398	0.3998362174450543	-0.012909049416637949	0.117493534790162	0.5988891173316127	0.818545185377814	-1.6020587052574218	-0.41060819920801994	-0.7262148762672559	0.6623475307689556	0.13790758159929198	-0.1490267752484908	-0.5878121053492243	-0.775186688635512	-0.3265464775411006	1.037830533353937	0.26529156112043334	-0.3526363173540689	-0.8129390746098364	-0.2848359479331205	0.7011877536234796	-0.7256162183458462	-1.3489183043404256	1.8113985942990538	0.3091406245486142	0.4510829558514499	-0.16352539052398088	0.21479834886032845	0.4084364217214383	-1.0964563109807663	0.3735786500706201	0.9546913859324622	0.0018144287236124572	-0.45245231396827784	-0.4279962378707886	1.960100730040536	-0.4868980957563269	0.2579706553031625	-0.8549104676116587	0.6923485988903849	0.36658661053681174	-1.1556327591695332	0.37180911053767113	-0.4648409311132761	-0.34939127837861483	-0.25526707977666707	-0.04949427926683263	-0.29684343611298103
DTXSID2042195	-1.3823707651245567	2.5032761277872404	-1.1598932291370871	1.6265664441956738	-0.37017856634049456	-0.1449750293663172	-2.839725798002195	-0.8019157517541304	-0.7493753201431662	-1.635694284635759	2.757095993296009	-1.6767103760493465	0.9034702727516647	0.16586913427485356	1.3062388359166481	-0.4853209693634555	1.156327284995683	0.7520281548074486	0.2940098219460683	-0.29733249496195574	0.2799257558243212	-0.40315346619823383	-0.4527671206362985	0.7266059523355929	-0.039007564786840296	0.7940709577353465	0.587093439092977	0.22933000608789608	-0.27507280081676544	0.28040079064813145	-0.32608942436620053	-0.1827625220349608	-0.2514017101248533	0.30116518296100214	0.25027123305051385	-1.0882969998013576	1.1290475102296051	0.18306439798542323	0.870052657822333	0.19015283740546887	-0.5551367979241689	0.2984460976126391	-0.51954782032606	-0.060226629489634004	-0.25343946731891936	0.21687678405466687	0.3413682495177737	-0.563488580048899	0.23149836154581607	0.036359154146698824	0.2502972805180163	0.2059234431942237	0.2060707309205596	-0.2711358923725032	0.38646320283614416	-0.5725972570430532	0.37770519934824676	-0.8054085485967097	0.25946764436506065	0.2569804639212204	-0.0866453443572062	-0.11860254831423492	-0.2433701182331137	-0.0776316865200148	0.19697618414700108	0.4094621927507525	-0.1909114500437985	-0.5896950891153178	-0.12119360437228817	0.6204681480975993	1.2896006552153911	-0.8434203112849956	0.16812285948137354	-0.013113896605755971	-0.2720832536661966	0.40323369877637716	-0.09067895287828459	0.6720493952193999	0.03733094383980174	-0.31510599019583607	0.6374135910633341	0.41894233573164713	-0.6527879071069175	-0.19000641308752161	0.00708292849351702	0.21582264099821769	0.6105635210132377	-0.09268575888546614	0.06555533874272448	-0.13281754369804138	-0.041538734041578616	-0.7740656178025045	-0.35251098959369936	0.6128626586433087	0.21292109060443887	0.8444515665681733	0.06164058397566991	0.25127053678321065	0.537833845269087	-0.1770757085497546
DTXSID9048726	19.175522255209202	2.498199081097427	-3.2532691907193048	-3.2913003429407417	-1.9633384436568266	-8.4662705897978	-4.217281006306394	1.9487901250298652	-3.9645727046759824	0.13737179828001317	4.02364275031797	-0.03782800216927955	3.394036966330138	4.235021072888291	3.4387769397525663	1.743594321071122	0.0873480729478128	2.9217188660049036	2.2522292337628085	-2.7464243940405435	-0.7400805692150493	-0.9686911483621259	-1.183990326903838	1.1046207854896941	0.7106238344602538	0.8985991736005497	2.321503918339658	-0.9083813332411904	0.2648847840232647	0.5050982313124912	-0.5639501908489958	0.29603784328709015	0.4345469323498877	2.1232776031716663	1.8224698513113902	-1.0801956135905058	2.542719329377154	-1.0697445329058277	0.4911215951899178	-0.8394664888079695	-1.0549863488226998	0.33475189731525	0.07128433907913259	1.1355494938881041	-1.494191884137876	-0.2674121924676528	-0.3993858013309422	-1.3376776509526285	-0.4116580763672877	-0.3949413149112046	0.20850791263245946	-0.3666020674559463	-0.008610767886627992	-0.450009145629651	1.2954626891469045	-1.929121006840912	0.35384688701706685	-1.1756355521749768	0.6061149184213688	0.2040911097761719	-0.956522356088833	0.6442319566241077	-0.7651893729517797	-1.8625512210019244	-0.6770147341485337	0.3790024077574417	-0.3177712689482969	0.086332909103252	-0.2507755608641962	-0.15360420796341928	0.07065895202256098	-2.0285760204728422	1.7694378856545425	0.21029276058965024	1.7525586637250905	1.023324015458191	-1.0938558361656465	-1.589703007859577	-1.142848134114647	-0.5595602222851014	-0.376518470957956	0.4540600340192272	0.6616104325006106	0.417812227865248	1.0429196954733515	-0.7145823965245812	-0.6315527595710898	0.4102113965369611	-2.1964236070014174	1.7195491258246252	-1.0671306995426968	0.09623691537522024	0.5342520279707277	-1.212130377971796	0.375064967750439	-1.1033246884493662	1.1333567055843532	-0.4703487855756077	1.0471464125894385	0.21294801564488208
DTXSID8042424	2.6520081434453746	5.214837237071664	-4.724903091539943	1.8566227971059965	0.9559935431446281	-0.8005853395774704	2.7670059547926606	-1.4818967895589192	0.8309376331905312	2.353067505342324	0.4158239054292461	-0.446571697923775	-1.6523326990354108	0.8816566859670809	-1.439987546589665	-1.8314520524739633	0.8036171245445155	1.100856692966876	-0.49977508936529624	0.762193718405448	2.1606085747325925	0.12461295214917106	-1.2782295811981017	0.3387277492815707	1.0216980241706417	0.435217942792357	0.7077929808299458	1.900932175377323	-0.05095043130278748	0.4343173433861004	0.29662263357666174	-0.4481470239838023	-0.4812272479381325	-0.8584520273583905	-0.4604132591887728	0.17505215501372143	-0.49361856437865315	0.2662974137206505	-0.0999969381014642	-0.34638121594929616	-0.5251388410345483	0.7357442698930188	0.05365747065241407	-0.26736262670136934	1.1022594379441035	-0.5617310449384588	-0.018666460460734276	-0.4614942220455719	-0.047587859607426425	-0.5361464887896783	-0.07812203042745829	-0.4274668624113589	0.21767877019791881	0.017188590229572427	-1.3759511545967034	-0.17869692968953452	-0.35157411376312836	-0.5315077785953295	0.5554215685186051	-0.04037536049313224	-1.0656647783519373	-1.1981924668848232	1.6472265970096587	-0.10301898750434903	0.18696864165502453	-0.6180380141703521	-0.08604796939872052	-0.7978652660811271	0.6502446358043349	0.4902465706872161	-0.6326142057997924	0.8607970457760604	0.37794594103031326	-2.2085199134705333	0.3757015081502282	-0.9314849886465295	0.4480015244113089	1.9768301320792874	0.3885294030552458	0.5550690115443113	-1.1543101154082287	0.22413312645043107	-1.4753127759076043	-0.07813635828950283	0.3153832991507523	-0.528499004361471	-0.6112772282144829	-0.9494458798007902	0.6765564070186869	0.5758063477997519	0.1592858032720875	1.2038671720583365	-0.21540256078192982	-0.7570365539624923	0.22130139020866102	-0.42307976983852313	-0.039053519732745415	-0.8206366921332807	-0.16821299741449908	-0.2222091222695009
DTXSID9040716	-1.6792647803273772	-2.7108870318996643	4.242737708000496	0.18070422116804746	-1.0309283846196582	0.216131188167096	0.44665114598396677	-1.1873621505036165	0.7176371690077202	1.3091125881769743	-0.1392808260097323	-0.1797919274950986	0.7988137142758608	-0.7614822830390221	0.40604481809684095	-0.18460851119146235	0.32176742931502705	0.6100972340250671	0.09900957799412805	-0.6631532220950219	0.08810634932044839	-0.22288764586893953	-0.7105965219466344	-0.11467937930520607	-0.2633000916740573	-0.3236831835638623	-0.5214820871307602	-0.050804747929308815	0.3150809903657238	-0.2989934250709045	-0.03542455873552371	-0.2865132799593218	-0.05001021469328635	-0.2979259033488579	-0.11071332553076156	0.7564850804351226	-0.17823949977480213	0.31910831406594475	-0.009274461581639698	0.056730397599610134	0.23218710029283204	0.09295602677000203	-0.28813976439834904	-0.3107034103065712	-0.08493277066242857	0.24082411154132805	-0.3461966010613174	-0.06494660475057039	0.24529681614121165	-0.13257063891304458	-0.0404744888823507	-0.06366674232522787	-0.10814060009896934	0.03266210116936329	-0.10677259022177904	-0.08048026985238502	0.14027978787653525	0.11073888066257691	0.0015082841445921628	0.39762687236574895	-0.3307920921011777	-0.08261086813598827	0.18016822241304212	-0.44881000755704287	-0.2375428747805532	-0.008187831718254312	-0.010922376457153951	0.1539758846014925	0.020436353433047675	-0.23992778505778672	0.3537023612175945	-0.12059174760257686	-0.06647442897499108	0.20230186957177443	-0.4211942720105583	0.011667808503171137	0.6244975577590892	0.34491438597069585	0.21348393874432658	-0.2739835719296535	-0.33782422777188414	-0.4950876009902859	-0.2898338889510824	0.04039781097403669	0.12118634983142093	0.5215524750155741	0.151722523157098	-0.10628309871531894	-0.3269065304928711	-0.298695353288006	0.09552073705922065	0.08258894403597274	0.29734368824184704	0.6334449030968633	0.1459899482480332	0.2708133494578446	-0.08536973065224042	-0.25535015808746375	-0.5833405261811803	0.3400504725025951
DTXSID5023877	-4.90711009031886	0.6404875769041001	-1.7036438314462843	1.9048462250236349	-1.8035490639978764	-0.6269096659912609	-1.3935599331435582	-0.6957016192814444	0.4236420592300269	1.4937665594255467	-0.5620022809853491	-0.5442263221142	-0.7751987421302186	3.1281129362906226	-0.40287645333067545	-1.0529527388427435	0.13893501946020043	0.5540627232164635	1.6933655991673617	0.4615259091383668	-0.11266974437254587	0.08712565138274007	-0.5536871439981199	1.1853382049180345	-0.6797184326107171	-0.4028971305984617	1.3398628740368	0.33642319460942827	-0.27181730747342525	1.6904987054060028	0.03306142480345295	-1.616899679201084	0.5736451594911982	0.10026651754245852	0.2672233840384507	0.7994608081668565	-0.13974915434717777	-0.7594327001636669	0.44372950410921275	0.027996737390239414	-0.9659070659677329	0.24343013478553938	0.22166084250393156	0.25338838179190515	0.3958124850727915	-1.1567244866481239	0.3706406065667608	-0.7258977970275997	-0.3593813282439375	-0.3226122711413465	0.11464286312996216	-0.24339643446201617	0.14873121512800352	-0.0951696553730932	-0.5612868824284925	0.2504343917761277	-0.16880096375519407	-0.24698348993708288	0.8228621945481328	0.5301472402675105	-0.45647500686439235	-0.4568290106806359	0.9444738084813296	-1.2076764100018917	0.15995889076462794	0.9414124900972474	0.14473158605468436	-0.6775801937868244	0.24413345645906476	0.04224183639991049	-0.6932199305080724	0.4308065505426034	0.1712334440406459	-1.5797546354305614	0.05723824100311943	-1.124048158985054	-0.11941346949103249	-0.5150410055426364	0.005675154363136098	-0.2912201706100104	-0.4082088935898989	-0.1938184827237041	-0.2057582353729177	0.42837798625227064	0.09907349654855119	-0.24736856289803533	-0.6067684975837735	0.25096381350608754	0.29956229213314	0.10873839870893573	-0.48512280984172845	0.7467973652162342	0.23994023624568991	0.22183591646478035	0.3251900401547928	-0.29364892767215117	0.20795862344080343	-0.23945074062096658	-0.21282009207160843	0.13198486791327202
DTXSID9057767	3.6619699216668726	-0.10682590636429136	-5.948466743427414	-0.5312818687240701	6.331967448075441	-1.2941800375857004	-3.839215623625975	3.1990316269410624	-2.437566305052875	0.9902745666469922	4.731749342228343	-1.3963291936941797	4.373364919029533	0.40145092152369766	3.042408364257114	1.6854798547905971	3.787681059165255	-2.0928657494595555	1.6129656149495708	1.8547751520464357	-0.2715251023886064	-0.5216573322481551	-1.5862212154543749	-0.6994930734129201	-0.013979593554120345	0.8971999048263513	-1.228017696965121	-0.22467575869496825	-1.7181510724296667	1.0747698071743017	-0.6244461706721531	1.5164478120627238	0.5859359603924307	-0.001879733123863457	1.0478598534290127	-0.5815488692488945	-0.7798515675532489	0.6628118884559764	0.9498896083447614	0.28649780020594073	-0.1499082445032558	-0.44222995713847496	-1.4351563827590912	0.31712080559116235	1.8970077402696746	-1.3624407489110304	0.0733398798280526	-0.38804668009336796	0.44959364929728707	0.05314459469142633	0.20101345100744356	-0.24791431276809714	-0.27391520519033624	-0.20139466778747003	-0.1982515520733705	0.028875753232030184	0.3382477840110092	-1.17705296156959	1.325601676676374	1.115996439636921	-0.33175652497727903	-2.160419644358033	-0.7149234604428161	0.9664420912071219	-0.14021914270377384	-1.30024863362685	-0.3264851111607128	1.3340893917587673	2.060639026067405	0.7356533059301855	-0.8567676569757139	0.03381530486187208	-0.9639015998658625	-0.06835375705726288	-1.1168785935196872	-0.6769839916569841	0.3963147668697205	-0.42404297496846016	-0.7810222125229419	-0.49709980330026826	-0.3556875896661373	0.04839762753420814	0.31515051448771103	0.8288001518157216	0.5353782841252445	0.8060308269621168	1.2228399791266877	-0.4643526189943912	-0.8854854970937035	0.23482894394507128	0.5142901718147184	-0.7100155638121132	0.0972999169082824	0.5676373721665539	-0.2042029125251434	0.6955557635261137	-0.9045080543588122	-0.15393219752468212	0.429217979763389	-0.8802444238278163
DTXSID3027792	0.45955730163465064	-2.1391160349059564	-0.7216786742937837	-2.164152052926718	3.8403035345745526	-0.44117762281108974	-1.9736935268892113	1.2418098845485623	-0.43078128042356373	-0.6827665767786947	-0.4353381827904398	1.1561812606345716	-1.0562892951361962	-0.15425713282239806	-1.0338176694840566	-0.060395920806780225	-0.7202168414714225	0.7942866608733021	-0.4965028314164968	-0.4459433499121946	1.3162896980638668	0.30464866593973505	-0.4169817872604706	-1.5352932116778368	2.567063533859425	0.21388741953828486	-1.6798991611353078	-0.3992628680573614	-0.4225561750597275	-0.35461058050356004	1.274832185245889	-0.12802327867341187	0.15441112671986487	0.47498763271249916	1.170891283966354	-0.552420003420165	-0.1317616863983913	0.09188389550820357	0.025376767567170708	0.42713686354944236	-0.2177994633066762	-0.8320483193348704	-0.15151554416415655	-0.8199821631630123	0.8593455866946451	-0.14047660194951783	-0.866586127779568	-0.16186356692271828	-0.024418103896351545	-0.36729374193754766	-0.16377826646400134	-0.530768447781773	-0.23635650880992962	-0.5208097612729524	0.00440724516105085	-0.48982520477774866	-0.19086086891311857	0.16040612753117175	0.5763057190043731	0.08219676475254331	0.04555922240453166	0.43001887714806786	0.06663585101058131	0.8893551447266757	0.7224707713811495	-0.21841636384157248	-0.3007217550193286	0.1170532219650608	0.2972214508152017	-1.207137112965752	0.601439420947047	0.13759491211687097	0.33278765779704916	-0.8597781896506972	-0.3731576825656022	-1.2078625652569317	0.2482364880141294	1.4369211136171511	1.0588441203459662	0.9852834645997862	-2.518728234356412	-0.5363619752024988	1.6438786670920689	-0.07544492860997938	-0.787477676213024	-0.8195858619203084	0.9433878006284102	0.1332675645808092	-0.27856487344121045	0.7899033340978	0.4310674349824583	-0.19476612666180412	0.970039000522608	-0.37866709446184443	-1.6699782648277246	1.3460790463715346	-0.32848773268288045	0.7690754554686056	-0.6646439277650917	-0.45949567316412554
DTXSID6045377	11.093770445385307	7.660049441897331	1.1638079044980092	1.0255024960047356	0.5757568254279548	-3.2021865315480147	1.4991112916010985	1.1763452600475706	4.03820885041136	0.8586861839409792	0.2663803901988717	0.7629127167252379	-0.6234960366144252	0.7047191200203953	4.362173270903401	1.4649617251646019	-1.554984436458797	1.2012446875238827	-0.8840432600153599	-1.0324111329002403	-1.6135981521969935	0.9587428888485021	1.6023503649682873	-1.3440639513019104	2.971837792425428	1.0848453320677376	1.6486796440461178	-1.8676686780790672	0.03695948548156159	-1.7150951005936153	-1.8768170078921336	-0.34523943802079743	-0.016835815602585076	-4.507002916913905	0.6885280061430994	0.8292916015786488	0.272970522220075	-0.35127293460802916	5.621560278186457	0.46985546448314824	-0.00634529993672916	-2.3990513607922446	0.8331608877627924	0.8497375676968684	0.3035090399044141	-2.468765663739086	-1.4870483332784326	0.9065791807241621	-0.26695273494748356	0.3049525254303288	0.1970242932577087	-1.1361843162434118	0.86752990770724	-0.09373517030104715	-1.7555220178529074	2.7684997381101004	0.023085617526473617	1.1282756098269278	1.5317515275514764	-0.5575292273770657	4.457974010053705	-0.17797964208899977	3.887653425499008	-1.5981726800971905	-1.9276082450020784	0.6544834792923547	1.5906792023502054	3.063507979104417	-1.3203375935823423	-1.145605066707465	0.2285422648635185	-1.8113937029217146	0.3054348974712643	1.4644702832934477	-0.5066804707435296	-0.3933178580854804	-0.1557406888748313	-1.9083155564621188	0.004345061931054694	0.25365350425770894	-0.032271126281203835	2.057925279650594	-0.718004824391104	-0.9271850144146903	0.5211235286120015	-0.34416618221452816	-0.12659381645319623	-0.912860937411451	-0.40198343636716044	0.48994298645742795	-0.9737045163900419	0.1717671242531996	0.07537604840370826	-0.11454285272896741	0.8612870432904844	0.27564822610903017	0.603408652651673	-0.477438078426969	0.10181911483989405	-0.8961354450079225
DTXSID4025581	4.648004883748245	4.90656016214448	1.4425388354334452	0.3110825224418258	-0.3721560275671655	-2.2464957256716	-1.263109304508382	-0.031011234902268366	-0.015124894018067407	-1.7823508696799724	-0.6013568307828516	0.8853165001230043	-1.2637045020958557	2.9835932054367302	0.8728962122227976	0.706336115715004	1.2933167884545147	-0.7171090079970384	-0.2858328547117706	-1.8732490486012943	-0.025640000663154992	2.9556060580720356	-0.4669255004519539	1.2439980033215525	-1.1421444780959493	-0.4542377261708339	-0.8283415314043796	0.10333878050269751	0.30846217211461174	-0.10669924610676947	-0.009289243104995447	-0.4625539480735866	0.9211438271551778	0.947355711544481	0.23147929629761319	-0.0014066408114061617	1.2843760394970298	-0.5724316798539714	0.09126536252571171	-0.22625375144421023	-0.8262201534364872	-0.3786107086068787	0.28202070427308357	0.4441332480470354	-0.9717787452771864	-0.3956575775068022	-0.2148685001278335	-0.4302054419032802	-0.21722902483945686	-0.2030562299431884	0.1240972208591526	0.026224235081625955	-0.2185023032752997	-0.2615207855636611	0.8098496117893799	-0.6051852768239573	0.07165717698886846	-0.4972351467012246	0.7270176497036253	-0.3468688319279282	0.07064141443058422	0.6556285872180249	-0.32603202420128424	-0.9348434891105724	-0.3013595859523321	0.3068364918725027	0.9081740842119357	-0.4705170868164765	0.4639840088304823	-0.08837012194834437	0.06464251566072596	-0.9293206678809914	0.20911160944650625	0.07744367098977234	-0.03762804369415318	-0.14126193266910073	-0.40450294407341036	-0.6177116160191551	-0.30337596353227114	-0.3192949552375247	-0.557565424339261	-0.02029769413166637	-0.31239166498325316	-0.5580469023068071	0.18592091333203867	0.2650420367516523	0.13199105767418606	-0.4220182792214086	-0.8211888003135561	-0.18442814602487578	-0.8434184391068823	-0.12008808181633436	0.4299392195234821	-0.28558275393126864	0.6697746570426654	-1.500952638165531	-1.8285031473992723	2.4452300630914534	0.0536603235018936	1.9171732971224726
DTXSID6040296	-2.8533698911384193	0.6254653526389491	-1.325559275138776	-1.3131562665017391	-0.6364322748638451	2.960968037340736	-1.7319235334776268	3.255424517667062	-2.7525181813852178	-0.8207124821478049	2.9051871761893673	-0.5584847561308673	1.6649007220693182	-1.265094575541804	0.35106089388677136	-2.32524207472246	1.1153298889135188	-0.33751242641486395	-0.2543276854395123	0.2370115664288254	1.3046185569971214	-0.40421450621071325	-0.5889113845971737	1.1313231673211082	-1.058836729557522	-0.9591752435226398	-0.4108769664194383	-0.556541580313969	0.25594518835143176	-0.3896058485462789	0.030419312413906385	0.4716136068199278	-0.020778850779344955	-1.4389974249627373	-0.3765278617431643	1.508559078247706	-1.1752515668252546	0.577342348979128	-0.5229080330553455	-0.3292876912196395	-0.21718764453173442	-0.11450501904300965	1.260493576955652	-0.8843148201163035	-0.02099803125921892	-0.19202969301529815	-1.0866642686005221	0.6972479121626247	-0.25273503718071655	-0.02619307993540988	0.158164497227393	0.7412908962378271	0.07008275021018463	0.38398797786330857	-0.05984122219837098	0.5145561765480892	0.0158561947977671	0.7892584742050891	0.8195812528191583	0.43627305500820246	1.2379366168636763	0.8696934090163007	-0.6067279190787987	-0.49342537706691714	0.4927905032138029	0.5515386561978893	0.4865153714665493	-0.20020341464822408	1.0024942232595193	0.2507810587898863	-0.054295097194236384	0.22953177625601554	0.08783062721848789	0.3164108540599557	0.13488481251175677	-0.2105530886006729	0.6950790560292078	0.1462324799002458	0.10582102947541087	0.43048023195320945	-0.0754729102625403	0.4483165001180016	0.5086468786206038	0.429679451327276	-0.3019361209821251	0.22611876765824884	-0.12760244106915797	-0.44791656580533834	0.16360738404655206	-0.38903629719870647	0.20337136274595896	-0.27919837986990975	0.09265379657391276	-0.02357998840330702	-0.0931257578024257	-0.6022560358643959	-0.10353364881342436	-0.0503818539328926	-0.12033799039107256	-0.32299069933153995
DTXSID5025491	3.3152518570670595	-1.9748212747864693	2.4333340458395414	-3.74823892214123	0.1653863443029306	-4.82047847941146	0.37268955574574725	1.3546662362805229	0.40420179309493415	0.9992876145858817	-0.19603107512869727	0.9194667056766159	2.0013949071873274	-0.5828998503792561	-1.5947515987894405	0.08597641129761771	-0.9970992986252605	0.07652824503374321	-1.0456410745563431	0.06090034940985685	-0.564279799910202	0.09303256826762575	-0.6941006770780708	0.08354994789957748	-1.6279505622759454	1.0650909139954947	0.9023741355357764	0.08090292928420202	0.4345605012417272	-0.06598455264532244	1.1933204122186403	-0.7924270592599051	-0.9692840959638047	-1.067563531499896	0.6737588440182908	0.6135924564920122	-0.5403214967221979	0.6625664654526885	0.5565251777871634	0.6585018487153823	0.41987677124823064	0.5895020889229156	-0.34603757068150054	0.7448217688794098	0.2665976111685604	0.2540892677259781	0.237545104613112	-0.1878777369520391	0.26295699835341196	0.0880032060095901	0.20687020444003737	0.23471865915416082	-0.03546856824962159	0.2540167652259184	-0.3502697314341765	-0.2089223631390034	-0.15431922468269377	0.41054406612895755	-0.2639780293459729	0.12863865669535793	-0.005517471406112822	-0.23433151630746854	-0.4760872220054944	0.18255525553533214	-0.26968891507190873	-0.0282610511446281	0.09842595529705178	0.7156631439654929	-0.008873379674463827	0.521413299532444	0.055696788580337615	0.32554769278822954	-0.5850243269949613	0.41916348037987294	1.0433579525335788	0.21021977943444148	-0.3988040619462635	0.600414762973971	0.2473220653973749	0.07018119658342209	0.41095316412467203	0.2549400890470407	0.2754491283966394	-0.1922723884545918	-0.45226983373077145	0.10780603578524765	0.5382701321822083	0.43889672815117364	-0.2580458449761962	-0.5034877669148924	0.18210031456563533	0.5870631302501875	0.7360861737755452	0.3763562640016712	0.2883848163097305	-0.12907903267253032	0.0021838233123297416	0.2731378204114781	0.058167190322665006	-0.0319255710045402
DTXSID5022198	-4.221439484344326	-1.0430800723313574	-0.3439319439851475	1.7237475854267628	-0.2731727014756052	-0.9897721085242092	2.1652611965341717	-0.995722817222237	-0.42788563005832153	-1.1720856683047736	0.48421432459250546	-0.12236370457252839	0.18873250429249847	0.14863022004999923	0.3323077296097196	-0.10795627422999729	-0.2062302085385843	0.4923191309937623	-1.2802092826635605	-0.17274460646651676	-1.4348399793722637	-1.0052741991321885	1.4370913887721064	0.14213946079981923	0.8182640322383399	-1.1133933230365052	-0.27504223012199563	-0.15265865970018377	0.7413940515570138	-0.7534320831669804	1.0504324661053503	-0.9560693584788286	-0.5271909030274655	-0.4134136994147716	0.5345541543961746	-0.41496663546266155	-0.01709966753455618	0.6887978014473352	-0.6553098563155103	0.5473840821898721	0.3851951081457407	-0.08541305636233558	0.7971658460777427	1.2589220350019479	-0.8545667178940929	-0.05732206656603851	0.41187151106643716	-0.5177670332609545	0.4484614050990705	0.4796880416270046	0.3057265324118978	-0.23574002660633972	0.13570175461131542	-0.45993832429559933	-0.34866013488259223	-0.9556476027717599	0.4305001923120827	-0.786260049771066	0.0859714252430084	-0.7713103040106271	0.10281747246556766	-0.3657155575785116	-0.029699396071754324	-0.3517511400751957	-0.1754911716110712	0.4731357933279284	0.4941782931026013	0.48440650172643346	0.040250749314087626	-0.5050892761569434	-0.21471360221972421	0.2857445113574622	-0.5426990809715473	0.3064934388469058	0.17323205969054317	-0.001601229096671651	-0.09926291113343925	0.09048721568771649	-0.08964789168101023	0.02752550433079143	-0.389857836222712	0.4034870774418674	-0.05959036469867071	0.17091369198991616	-0.07483665079551784	0.09607653798235957	0.3867787894083205	0.1541594179640697	0.22277842134201672	-0.38774431181554886	0.4074666860304595	-0.18557651438171602	0.17324869612906865	0.003085237942249331	0.04135308968876282	-0.1288731961514234	0.12090369745529393	-0.2576168856192695	-0.1341499235805261	0.4107032340492405
DTXSID3021437	-5.386376693535043	-1.760781002521491	3.4158401192196757	0.7894058328388914	-0.2905164978668866	0.6382375507687047	0.5551156534866463	-1.1789687934686621	0.429323311285167	0.15108047483025053	-0.06428631834650934	-0.3004042216474257	0.1459883106305011	-0.7546335881273724	0.21307369901182321	-0.5087692791846288	1.005599753957009	-0.23921450208268757	0.16987088907409603	-0.5491182514415056	-0.24283512498704946	-0.3092171687616103	1.3719361340876766	0.3714505136273783	-0.5172212592483784	-0.06305220953934033	0.9163947095996843	0.6268647133785846	0.1774531008961231	-0.17599983240476166	0.337873060295304	0.6922797995358776	0.9809073216105252	-0.1636736913856602	-1.1388521561491605	-0.6537321898507109	0.11125900364979224	-0.9381636276369565	-0.6819175583266351	-0.7480866275842036	0.43471650589774913	-0.03769079408476566	0.04820524357754401	0.5446281334838642	0.17136247494009568	-0.44801267395315875	0.16399355316961953	-0.5685834309179398	-0.09596362236065245	-0.14032628720681506	-0.037861982781850295	-0.62184238553799	0.14048795781484652	0.1538825624234009	-0.132817994516577	0.19519386038075673	0.2226087443512583	-0.06265794641763375	-0.006873746124917543	0.29445735348700247	-0.30916606451635636	0.21206113132731683	0.05000321385391579	0.5078233870281851	-0.9205810466627574	0.17212274760183935	0.45749164950007365	-0.6885408278488373	0.11384853173177391	-0.474122037422088	-0.3564817637734591	-0.28082332279847877	0.20780684753769463	-0.15716276493128914	0.46820408018881116	-0.26046337145197446	-0.31138031268348737	-0.132962569345787	0.02999536031381001	0.09596742787749396	0.3166161467186407	0.46609787950442133	0.01026098462224788	0.17335945541834033	-0.12579092873391737	-0.2236892986075771	0.19822477515230388	0.21223991528847352	0.024533814611379014	-0.014400230883092103	0.06902595819315414	-0.22821746748140376	-0.9404190628415419	-0.4122344262256742	-0.15770466934434454	-0.19474179658462348	-0.13845480472316662	0.18401593065134642	-0.14486633400100427	-0.34806073506271046
DTXSID6035106	-5.28591532796755	-3.8404248529112293	-1.0192345364965827	0.29487513723818704	1.0440544157390126	-0.8626403467460424	-1.5329621091312824	-0.27473933014071183	-1.874706414462235	1.4021176984479977	2.2387664449486926	-1.3587268135143158	1.2606828498561231	0.6451085287062069	1.174983774457873	-1.4494774690661474	0.6296875071244243	0.4132865162625169	0.47100174972320386	-0.09170728267326025	0.12516257894546046	0.12169154040355665	0.6372377911768613	0.05530553298724356	0.06758129790051082	0.4485360119325697	0.012069729697377164	-0.39329968673306087	-0.3012309573185454	0.13081445276729883	0.3721103814823721	0.3959410084229829	0.008991461161942556	0.2790760440708525	0.0720349239484675	-0.8438713231958039	0.6019222794838438	0.06170154987036325	0.5580371520652415	0.5390554928049072	-0.36427369545282406	0.07561998798503151	-0.6936280390402557	0.1648748542108187	-0.570038790923756	0.11200863996285294	0.38435962758332776	-0.39321664561252584	0.06048821601231912	0.13437671250931182	0.0897012390091351	-0.030987506062806314	-0.03832641262888136	-0.12303969934315594	0.16267801037531782	-0.2387128204330291	0.32182988963104264	-0.6637855777349144	-0.5131229463297102	0.07540280248106489	0.15230504361693908	-0.20275021501727317	0.24353355772685814	0.059764052124432025	-0.0443537950634161	-0.0009321950021385878	-0.28379888329683134	-0.48577888255119567	-0.6347428964543095	0.12728476966961047	0.3064106712860934	0.08937397762063379	-0.1498094027969529	-0.3421727559931964	-0.11412476012530931	0.43133935590595174	-0.2880774806910099	0.2794443302675315	0.07155658630142163	-0.3666054264360664	0.2107132203585126	-0.16371411112771797	-0.1106413943415777	0.24541822602576516	-0.11985486560997836	-0.2838954634854582	-0.5227710258930237	-0.09563605083169453	-0.1137485746543831	0.03914261578384234	0.09885554390174611	0.6307780442733939	0.24436330489472546	-0.10656165848357863	0.7460847951596722	-0.05475345919998241	-0.10221565647618569	-0.15124068707227367	0.1695002454657073	-0.07660030401385674
DTXSID7047510	-2.5723604109730736	0.49341808467537435	1.2652780977204956	0.3574882224348183	0.3195451468574181	-0.9059786536780899	-1.527088528620015	-0.15129769812406266	0.5081266730504561	-1.7177405982906484	0.05664029819581795	-0.11085756887416998	-1.003480258414796	1.0880539317022115	-0.6061429300891232	0.08732375958666894	0.7153760471225138	-0.1755897186480501	0.1789888190519303	-0.8966905780264154	0.13600790596243573	-0.28930669930327246	1.1100409791739434	0.13331134685382934	0.3663246188878756	0.43526690522116973	-0.4102449535888446	-0.4820311773371337	-0.07418583337572097	-0.31514605944229224	-0.6730032419795196	-0.33722404525198846	-0.8135385919239125	-0.41104400722707823	0.43187825736442204	-0.3805380729498735	0.29718246694614825	0.2958060522169853	-0.05793104706852492	0.565550291792531	-0.165789220440721	0.3436034017939795	-0.00011987126648284506	0.1870868818754118	-0.447937567580047	-0.2214287994201451	0.025089994306166038	-0.4195051890998114	-0.07312943883465434	0.16916393298594626	0.14046027905236233	0.13133021608929824	0.2886337019492499	-0.34803382685352996	-0.18973934358244476	-0.5109395178135727	0.05138012449928354	-0.13232512803317312	0.10084611989427647	-0.12695345487800125	0.3421485612074127	0.26046859216264556	-0.16486460730390803	0.42820632643807727	0.40680686963486284	-0.11371630719573383	0.3398896597123311	-0.7342548598371789	0.2538018436863974	-0.05863042892192188	0.3359441958592985	-0.3331801370220886	0.4189953008826814	0.45780596429443077	-0.9259745060475258	0.4104391151430376	-0.06210155166622088	0.6449382241180105	0.02506856534780273	-0.0018241787454312292	0.40687243992395133	-0.33870722756838284	0.30255653132664695	-0.06216686923891895	-0.10296794293330339	-0.11891051833661509	-0.1956469259767355	0.07099869800324327	-0.05641142795957684	0.28849923839299285	0.572686242440039	0.1726082509220004	0.06201220132041947	-0.088696319640316	-0.23045767597985894	0.027265305397552064	0.5267178430494969	0.16377291982362935	-0.08288614075699066	0.40041931392561947
DTXSID3023552	10.321295723133526	4.070229894735581	0.8494722299324405	0.602951070257381	1.463323523853126	-4.039417968041503	-0.5738315260552527	0.9908728371831872	0.8361118189701489	-0.13012315623951165	1.3829398913072175	-0.7124949927990847	1.605393708818157	0.47018312861474293	3.8040943199711905	-1.836429107363678	0.1418504065510496	0.5075973457508368	0.7281982066732589	1.7230556980205012	1.8664698181069523	-0.616774717007361	1.1023061590099916	1.3403204851993917	-0.4176644698881059	-0.5078069371597799	-0.8510807397355507	-0.879470475579737	0.19341342932302474	0.8614065724316066	-0.06412808628067951	-0.7325513205501061	-0.16217752583420672	-1.7157182297781555	0.13999568910825197	2.472250506997259	0.8751055831566551	-0.597939851877202	-1.1349705342592848	-1.5310390388198203	1.0712061593739954	0.306381162098255	0.6153195809795958	0.037271300258171	0.18589134376326374	-0.3531374564898498	-0.5650334615249846	1.2109184070948058	-0.12321923552464077	0.3192682596567628	0.24261508801248727	1.0404228713553574	0.2116356762229624	0.9563236520101563	0.1234879455591989	0.16213593405877186	-0.1686208702172013	1.5512396086372744	0.3295669042269152	2.049680863766191	-0.2965712552068019	2.390479383538197	-0.8027054168837534	-0.7894727726714439	-0.8182284004882124	-0.5376236538814426	0.9623571683034483	0.6870178768737297	-0.6198720177838073	0.6166293029957524	0.5386636634971127	1.163315054517891	-0.34815674008786984	-1.9173390038646736	0.003923098094731794	-0.322909608970767	-0.779409088413749	-0.4531522382179297	-1.0931352794630167	-0.8601380073752842	0.6131578318031342	-1.4433513340673987	-0.3805234249051027	1.2551772025424064	0.8643926828614191	-2.9954939594363443	-0.05988924833686065	-0.7123267140183817	0.14768338067756379	-0.8815628505519347	-0.2643164401466376	-0.8561222223848818	1.4018267382048213	0.045115936879765874	0.07727876851331092	-0.8726228294964865	0.012728469193716856	-0.09919007153975451	-0.04762380032484455	-0.39652082392722265
DTXSID6020359	-4.784063308971848	-3.0840259294773027	2.8853343383585126	0.6611083526996457	1.2322513363554588	0.9330343656490251	-0.9811853741748379	-0.4131393767907176	0.19176320376767367	-0.157000121438774	-0.0021537766528333803	-0.46024030923941794	-0.5792036628611659	-0.03920939957416668	-0.9296479798592605	0.7466053068943045	-1.3355868360944672	-0.08146583814648323	-0.829944153970099	1.3111005766179302	0.09406859406134456	0.4709395583799981	-0.4584572309466251	-0.897004282231819	0.7994041468415154	0.8416119946596561	0.8204715252677522	-0.21018758966530823	0.20061638292042913	0.3808552334274041	0.9162913387461394	0.2679229795045926	-0.20404210093826858	-0.3411066171186938	1.0808050630825332	0.32212148482256464	0.18691034240739834	0.23887475556860202	0.46075235474887805	0.41167515383801906	0.16348074488510547	-0.25342939516416024	-0.04275774765544143	-0.9341592911602123	0.21318741056207044	0.3007149640037247	-0.1978749999176242	0.8733771843359779	-0.02288054768925276	0.2893131085347058	-0.021061922667014937	0.45740688937438234	-0.05850241581837687	0.11226677733284458	0.47450315376104113	-0.6589059147172871	0.47585792229980167	-0.05764747649038084	0.15567129517773498	0.07843191139127252	-0.19801107945922578	-0.6077312387750639	-0.3729966656819598	-0.4594945115982469	0.14703629895874318	0.54323864316647	0.8796655542837881	-0.5099396147121554	-0.460857600735498	-0.641595283387228	0.2906772896638545	-0.12547107719606132	-0.24142032353055673	-0.04783590126901623	-0.4548675095621808	0.07013378775981534	-0.05476304198571047	-0.8811000528081563	-0.11114596796794435	-0.26570127656079495	-1.1780903753283778	-0.2003674690817035	0.31014357082563476	0.04162026565903687	0.24657955391042363	-0.19480712946925904	-0.04562319390907791	0.16232489770051467	0.030180524821341623	0.005197294158752445	-0.11419388490598702	0.014718476168133572	-0.7920600069026051	0.022416313018461743	-0.1390827111080517	0.017350544775422232	0.11171672273112067	-0.2717648317252856	-0.4114919193490251	0.6284167220291008
DTXSID0025818	10.354130433850107	5.216487136569796	0.540264525586369	-0.6304806159305026	2.1648922553502143	-5.663119524304452	-0.4351417528726461	3.6406334332720185	2.169277164417031	-0.8214544341303458	-0.13360143962287035	0.43810620089158775	-1.0748177066258604	1.2959424841602356	3.31123967884207	3.250057063720237	-3.1382985767114664	1.6841393197929109	-2.997910215605523	-1.4909535550356183	-1.5266843777729135	-0.8304790080513038	0.0074558104584794135	-0.6061612161171266	-1.5607987289801142	0.9359102329595785	-0.19599475915030376	-0.889509108958909	-0.966927938523986	-2.535940652784689	-2.3864551230871207	0.24906968276688093	-0.16183644604763076	1.053239449426602	0.30994189022863616	-2.060714756846688	-2.437382705205744	-0.2988326959492492	-1.5321854013449567	3.088075243989687	0.9312133979581562	1.4783393960379658	0.6538954802256808	-0.8031933631358044	0.3715999590556907	0.36396562210553696	-1.327412900772635	-0.20381948734255387	0.5942759252428624	-0.0804036950246309	-0.11823888668867262	-1.014146340195225	0.6572314439007254	0.1455953629704002	-0.5047730260533665	1.3820623401932328	0.46811617981704623	3.353775200380739	-1.046392279837771	-0.7175612229250296	0.2869077530903358	-1.1386178087115078	-0.9064840016972209	0.5154776049388571	0.7813341624196211	0.45224340645585415	-1.726499224565844	-1.287881182365382	0.6156598124492791	-0.2733606552524127	2.625864869049256	2.058002600278422	-2.0467897862921105	-0.7769026790890021	2.3683782114040666	-2.653757865431036	-0.007229607229222245	-0.8607686999359532	0.15141714835979653	-0.28059352977420304	1.3800137699551298	-0.4826926558247926	0.7036626015274636	0.2352753704720052	0.4005381791552649	1.741171177715009	0.6568318249908713	-0.09572286171019297	-0.8184657721356646	-0.6303509600197934	-0.08878613211577185	-0.7983173769003347	1.379578373013348	-0.5779390507336324	0.7206677057452139	-1.2961008630152684	-0.015711352740232304	-0.09239581150536065	-0.783825811094136	0.3371349199768272
DTXSID4022109	-1.6674760051607402	-3.0803634483757194	2.9409230866325644	-0.49128532391852153	0.3284195659114345	-1.3636001833511266	0.0057888333965799765	-0.03035076716616698	0.6436527026086035	-2.0668425953425484	-0.5634324738764104	0.3082034649948288	-0.3384178270908456	0.2995682332454794	-0.9774877534869438	-1.7156327493841779	0.8635108625983396	-1.83034235565742	1.4658685634114301	0.07949067003007736	0.4337155441046715	0.7468548546323467	1.9314198479302185	-0.7666867746499736	0.5164857055379463	-0.05521307546456571	-0.4175627902287233	0.5076593093387695	0.11007506944147083	-0.31749721910367834	-0.6613235264351967	-0.5749549838929049	0.2910454841348891	-1.4802578463516156	-0.3597591914965183	-0.8357911619519615	-0.7335377076720561	0.579346831385043	0.2346957749343351	-0.11541096709733113	0.6680276944775988	0.2504390598184553	-0.613074508312908	-0.46752944612061814	0.47931759741458424	0.7870878477040674	0.8578884269944844	-0.33134277184007854	-0.2922972745610765	-0.40500664658471014	0.06355114944840055	-0.06268632640712768	0.22462081594945812	0.17980307181722524	-0.217214141792252	-0.7783041134029218	0.514996338252486	-0.5269881548978862	-0.1267556658611754	0.6824702256359133	0.44160722354799536	-0.5091969654281986	-0.7389269852300016	-0.9281482350945661	-0.15296040984936232	1.3530099594837968	-0.6912967839456021	0.1606659008805049	-0.9078164685695839	0.2287224820193902	-0.2803473695360462	-0.05162805559775159	0.11481155499119729	-0.19487192057227018	0.9917764633643369	0.47542031716419647	0.11746869211078799	0.30235341154367534	0.2004681270248577	-0.14927494306851907	-0.23906707906756247	-0.1477975468597479	0.02924698598728753	0.106165869016196	0.10386086871381234	-0.2678310731327583	0.00904298531405664	0.5243661295921502	0.016036210370113237	-0.03796533460359205	0.31210384131182384	-0.13496708104593266	-0.09597172297844543	-0.09832803250835448	-0.0605136650181826	0.03272580764678689	0.7141345048979342	-0.008136996255233009	0.2326393435228254	0.35556443987233244
DTXSID9052509	-4.818054977902225	0.7090822142999735	-1.3651545811315702	1.907335657303475	-1.9332158190578135	0.8662596454258299	-2.4687378897015093	-3.238939668464363	-1.609084038069983	-0.6508810176438509	-3.5394241543993252	0.9423201574518509	5.0336724381737	0.6610497861191574	1.2165090929182396	2.6862611473499856	1.966101949443124	-2.5207781139400294	0.524018789251437	2.574426022808949	-0.3785285586843382	-0.3691090744576611	-1.2041758182547433	-0.5372357164482529	0.05513507814760873	1.066731126462484	-0.9114171622617144	-0.12001592092936315	-1.272692318693819	0.2568588217522794	0.7127331087412172	0.3982659718128254	0.06951548560496067	-0.26883349187585925	-0.17285364128305108	-0.8906185857822236	-1.5608944183313302	0.8500195815897497	-0.32298833548913797	0.408148386415882	0.8529446127381556	0.016458566475378106	-0.6184943250563847	0.426794725819714	0.7046417357156094	-1.297892870513039	-0.31106937761162173	-0.3295278406388752	-0.07859701561261073	-0.286499462448049	0.11111804889967396	-0.6493417932603128	-0.2418635248793107	0.21889062578874655	-0.8834209579884079	0.3924843038963633	0.5025364089723487	0.3513519289483086	0.9860565823020196	-0.1570082942797663	0.43850230770995724	-0.7745263222476708	-1.1281465274072846	1.1555395405176856	-0.03762799011641263	-1.2390802291105711	0.11320554112184662	0.4612561011610933	0.058115094497318	-0.04444030333840378	-1.0471161919261114	-0.6578951646936206	-0.7160412171703262	-0.7625958121281974	-0.5939327106372017	0.10812990321084963	0.7434999423668007	-0.24072685605329966	-0.34637747677694025	0.10932312608711868	0.11717443433693558	-0.2923758956768253	0.09130819105231498	0.3631807175466715	0.4533482318024644	0.2406999086457614	-0.058950410884305464	-0.19858498257589782	0.11166329431813046	0.10354216629058748	-0.07525621607146905	-0.39698684858048233	-0.26690125081238236	-0.3049347212704407	0.21501270234551162	-0.20583625766364322	-0.39826554081049986	-0.3799165880551876	0.3454653692209994	0.2748312615843912
DTXSID5040704	-2.4621771655343587	0.5289095009778535	1.432997312500229	1.7285429312655385	2.4723572418659883	1.0136990076097274	-2.7374779483481255	-0.17735728608440535	0.06933865040762274	-1.2335338657854151	0.9653515223344253	-0.620552154124043	-1.1641476291851875	0.14075011337069177	-2.444814877887784	1.4072087172544918	-1.497107780334981	-0.40766749083642534	-1.5220927099889485	2.1123746765689897	0.578750612904421	0.322115823155625	-0.46568937000649413	-0.4689871879526594	0.36111645768933226	0.0610261728777327	1.0809250513848236	-0.15958546142723684	0.026728034506285313	0.4016647093484234	1.031509386453657	0.5410521586716561	0.4178233903665015	0.1204889980246425	-0.28813496038099434	0.03847782422919134	0.15694190872645486	-0.5237295791517692	-0.13115080198041873	-0.09019969604980954	0.26314420765659624	-0.5553469799835402	-0.05353315571768513	-0.2841577627540618	0.2413022296761421	0.18072819851114175	0.04233655730674876	0.37038444898324885	-0.043045907810752966	0.19839557035703712	-0.23185221843825546	0.004093625673177782	-0.3948503985401087	0.07239647846097665	0.43859726592887444	0.25445010450901273	-0.28172576740405453	0.060558667056701994	-0.5297628534987935	-0.26668968616890726	-0.6115475461571298	-0.19514216943835472	0.43784187981641415	0.8030185853633318	-0.34592371831145524	-0.22083866056072646	0.3300755079987704	-0.2501107227308133	-0.09622270364797138	-0.6297157163992048	-0.17883644433862958	-0.3103924782781746	0.0035414265700905575	-0.052162083649307266	0.739762523822924	-0.3858909891185244	0.4335746452762803	0.14074045382661218	0.14736471383909325	1.0542690349749837	1.257366426639738	0.06300207230774059	-0.03441048618682315	-0.6222178080050679	-0.19627865773727077	0.34641658548096393	0.9515690008260049	0.5746952476655246	0.6655304348898163	-0.3127233088609921	0.8828569090001015	-0.13596151910630824	-0.10688017239594937	-0.48280064374594656	0.4003869851893727	-0.08574196231958706	-0.10249070201616414	0.1889387130601588	0.8796855490095623	-0.38465245347902277
DTXSID5044819	1.093859109493068	-1.6865879146341853	-4.626774420638742	-1.9304258539350427	3.690292835233166	-0.05765188233155664	-4.247047183744696	-1.6226486555006496	-3.0218838787608218	-0.8620500414739942	4.482378984577548	-2.1951682844690863	0.6353214137239638	-1.8175049480105239	2.485473106451127	-2.3315958212109833	1.9180066897878658	0.4061252807739621	0.48863250366748906	0.05748917238663157	1.554699932640102	-0.2662419496245351	-0.9123484065021815	0.5835769598762035	0.14345397076914826	-0.3735181231210131	-1.026945619314131	0.912668273851268	0.5433669834894814	-0.34744764039213427	1.3596515138181928	0.2579504973869324	0.019961675508621587	-1.8711070475519904	0.2833824754230404	2.257494069695026	-0.7812798182334466	0.5913355780575944	-1.832442365571435	-0.26656420369564304	0.7309334374737667	-0.6597429109670601	2.8088722739727134	-1.1848944196783606	-0.2827445293533273	-0.32060675849874765	-1.875059340649477	1.6037397622882705	-0.3301330030137945	-0.15771519222287073	0.24981255628115784	1.1046651085526364	0.27629575709962045	0.9502844400893568	0.1845918677276447	1.1405467303399475	-0.9136435531253152	2.228453224741102	1.2973338694656853	0.2889898295503099	1.3436421107686052	2.5551839620198913	-0.9573499856092155	-0.31593369672383653	0.90947592032608	0.3912216487837513	0.7835483705135602	-0.9002848203554485	-0.4882987428704497	0.25491757861329717	-0.3388948409640161	-0.666270846040154	-0.3043806420635639	-0.544232269718984	1.085114806440706	-0.6745293628874924	-0.608597606279853	1.1165659224182276	0.022437160611462566	0.812020331925771	-0.562758173922441	-0.5563196239965976	0.8590325544773124	0.009121840384003346	0.41151872382598587	-0.7994557433264475	0.03353770394428393	0.7960054817464182	0.10966738029387876	1.239812847116139	-0.5005398975767456	-0.02704355259047231	0.3478746381977098	-1.7313636713368374	-0.3341927736675317	0.38855095949474827	0.24020174760275156	0.3211361806206596	-0.537783102940568	0.17203278438313643
DTXSID8044884	-2.455225693000182	-3.380462244970071	0.7727155735522708	0.7019633071000888	0.20409628415963932	-0.8166797052956657	0.09217166475938078	0.17243399999422324	0.10198516239163433	-2.283121100978699	-0.9715597148002936	0.11607345511862108	-1.2039586126877135	1.6922699593958996	0.8634988697322978	-1.195058847335219	1.0993273605098075	-0.6985886939400537	0.9298584003782907	-0.7734221698584548	0.3569032528932024	-0.058182428238596935	2.0043541019736	0.052097851805585106	0.5135791414607827	0.3455776284561455	0.36609794738447693	0.16476799204686526	0.005726338989283375	-0.45529643515292595	-0.041449200331192954	0.2994236731631336	0.05129941033297991	-0.7213232574339774	-0.5208920339474019	-0.6898846551991253	0.15415607812969745	0.37391508722246264	0.1275240686549053	-0.0005130464688751157	0.03384026887009872	0.02848924374764573	-0.018159479351600803	0.14684848135230064	-0.24979022949444807	-0.059223599854112616	0.35213821060173384	0.2173377336324132	-0.05602556927047153	0.3468141691730365	0.09857987615210922	0.2780430789143613	0.36415711581161236	-0.15948120701808496	0.14342496942533398	-0.5412927397465734	0.2993942405438203	-0.18235321270263644	0.06310370696661233	0.03522781081190574	0.5603283326996609	0.0589155338023389	-0.12122933441591541	-0.265207733397948	-0.005518647102386076	-0.4814461619159241	0.7648782381319514	-0.6448250654225537	-0.09143651886853295	0.40304323608459375	0.18049195726191067	-0.01308637789500528	0.12227627064378642	-0.33668803669397784	-1.0516371222381353	0.10099929100760191	-0.366941721745488	-0.279777525543694	0.05647829409800037	0.020291672458406816	-0.5784901090573051	0.03161203114308369	0.6479007474444499	-0.1531519105456039	-0.4445230400759777	-0.24629670739113835	0.36601991350800317	0.1965737145168236	0.19482933966182292	-0.1435840260860833	-0.38227933366476197	0.0600506657511231	-0.5226392266419827	-0.14384649545390968	-0.4523431697848278	0.025962432006912076	-0.46216323285914973	-0.004470818559070023	0.4152627516387896	-0.010308167034213318
DTXSID9027021	-0.5624264165541843	-2.8886917582054146	1.1581038261467265	-2.703087356318648	-0.21932584035056368	-2.715463973337877	-0.8042801970700473	0.8544503114646891	-0.6240853139194664	-1.1698039003076763	-0.9429549875404017	0.8831791221393558	-1.0215152615924303	2.5857119096863395	0.025468647234812514	0.17085677284596007	-0.6212425110656422	0.02174083185691928	0.8573604082918244	-0.5603139134291032	0.37388060574138	0.06249719222141356	-0.49415565174033516	-0.3058993465645477	0.5797796887024786	0.34671310139456596	-0.22904199911221496	0.47015580820134656	0.03830653331209052	-0.5737447009669384	0.32902968373564506	0.6122025950361858	-0.11100535075144392	-0.17977748779386996	0.09298059055411236	0.020723699741270293	0.32756067472642086	0.5243571466942116	0.4861320164379653	0.34340523344119017	-0.385662207044624	-0.351919707204911	0.21310357594864687	0.15612936322333174	-0.39157999159713075	-0.0061461531169090325	0.001123888874147542	0.2720463463133554	0.25948837275284714	0.4810831287380893	0.031657363813559235	0.2843685847387243	0.255320878814713	-0.32366515150530933	0.2673376670238524	-0.14322209813202602	-0.20675568194545987	-0.26361737446049954	0.21729561675850714	0.0872020924645574	0.11207473062445096	0.30767075335210975	0.49107230701483007	0.2547870119729127	-0.14611535375881424	-1.027835553332555	1.0545375916062327	-0.7729307909911328	0.0036738199995295976	0.7773665408272283	0.004637562642740534	0.41499673538322324	-0.617925806492649	-0.08936198477266118	-0.6447990210241269	0.9239095373666257	-0.3672585567041714	0.7888934367612913	-0.20226278806374914	0.2324123212630224	-0.037436135348657966	-0.08569946450506757	0.4288580352930847	0.46189919949068414	-0.07851879334470589	-0.3002011359569643	-0.5372439638438546	0.436719605903157	0.16888420376025343	-0.01205811367201128	-0.1147713612875725	0.017835395099440675	-0.23039651136293807	-0.012093433730438558	-0.4771033506589621	-0.09784148076686948	0.33859790806632556	0.1291046549840363	0.5220475947867084	-0.12255872974737363
DTXSID0046569	-4.55508433511351	-2.070473080850135	-1.516480460094771	1.705582369200653	-0.26410069870450725	-0.03114944818103296	1.3945642764630086	-1.628302354463769	-0.8871855149656326	-1.4011277270161528	0.35185910048273644	-0.011775408089744584	0.04463399493400571	0.15016087150319865	-0.5337646980532085	-0.00174750352340417	0.22166511161199753	-0.18262421556069403	-1.2543814836946616	0.45571646682783284	-0.8128616816621937	-1.205543074703473	1.070875442773147	0.45412611901704386	-0.1626474627545702	-1.5454641870967512	-0.07841313204334623	0.2583699783781968	0.8627263152017008	-0.5053825883052026	1.9192308066496602	-0.742575571287247	-0.31185947550447707	-0.21317545985633604	-0.35314229342191106	-0.5265862130024896	0.33531006104813027	0.651816860775713	-0.802995839868154	0.4308274027189975	0.14521027071041953	-0.16038095111957326	0.6414020296666268	1.1288622603938638	-0.8615009971548836	0.0023851676502757873	0.6422685705912772	-0.3238773716090365	0.5055380503359631	0.6212368967917936	0.26688177500289856	0.02784922483900483	-0.20249367089666437	-0.19121875173090255	-0.39089137444759187	-0.4692920203529477	0.5126308149372144	-0.7482954189811805	-0.3131309814366989	-0.7040832978658667	-0.05460517519023073	-0.6917096602219717	0.7816916076463163	-0.43724037571671376	-0.30459736818265176	0.3851060160083753	0.16876332254685972	0.1295797186992503	0.06171023773624002	0.1282258828770738	-0.6362348964759943	0.1666197428028565	-0.12501804623414153	-0.1380980067859269	0.1614167322193274	-0.010011205227218224	-0.0748192858035806	0.4889267314131446	-0.610739439927919	0.15811469363738745	1.3755909596128197	-0.2574188089307022	-0.2484856351343061	0.05060068049886027	-0.003230354300366891	-0.076530369814754	0.6891587287108859	0.3572502611509516	-0.07907860128017098	-0.13168100243691286	-0.5072532915145792	-0.15773023959488913	-0.10954343883127736	-0.2846497957315212	-0.05965208428140341	0.5851753641874747	-0.3795660134443408	-0.5064149414310516	-0.6407698998547061	0.2954989250903154
DTXSID3023265	6.621994071403386	4.109349793963351	2.009260227954217	1.4397041597157652	-2.1709645047133863	-0.9173250271624909	2.901285165313983	1.52821288258535	3.4256661920116507	0.42170616833184293	0.5531266705860249	0.7021780495629907	-1.5159636465754043	0.08310899139169692	5.29430861595458	-1.4410502968295456	-2.472277401592148	-0.14750705629795757	-0.1775591371861546	3.677179412450921	3.2024721027671057	-0.5590087030960603	3.2515999684889425	0.6820691234408885	-0.15594751267975313	0.3974419618522886	-0.7626074631734119	-0.31844268988888086	-1.4476696255562338	0.5443695543921407	0.8881326868895296	-0.747924389569547	-1.1214323506542565	-1.2386857741036255	-0.2539669696841896	0.40938880388376425	0.8052987639191167	-0.3067894347223619	-0.6028545275085055	-2.1271583159341625	0.4151837595355137	0.9584927557258988	-0.9370138256373441	1.294825635428714	1.1038389969989915	-0.6250531970430825	2.36958625170282	-0.5524699160589197	-0.5024662222120418	-0.5408982956215972	0.23228784630199897	0.5075953031494074	0.10751982527256973	-0.07807903038695295	-0.17788768682708112	-2.5888523847640994	-0.5259664282181371	-0.2531901346031002	-0.04383666437252342	1.442600146866473	-0.019386301630666774	1.1888123063739011	-1.201769367427633	-0.4969800811996008	-0.7729944775045271	-0.5827975548789613	0.41499109331877543	1.2438758967494747	-0.40700857360282416	-0.5527165676623588	-1.0667773345585347	1.2799155720947888	1.2129953395132074	-3.340430607354601	-0.0484562240600237	0.19385169450413947	-1.5083484165953518	-0.9195130603208126	0.275138679566744	1.8643857394476224	0.13004853010757772	-0.36419031486550224	0.13658927133382218	0.14446654894075173	0.49415935170518266	0.9621915494951628	-0.8727007711167819	-1.0769358072037385	0.3897932365001788	-0.0020497983695916453	-0.1137484937562807	-0.5482454890304966	-0.6620860502304762	-0.705174795427398	-0.2256116956237334	-0.245635779915664	-0.1303797346658164	0.504148756751955	-0.16757788008957947	-0.050654307987054184
DTXSID7057658	0.2824627103723978	1.5087941863007421	2.0017387945908665	0.24716708615189534	-1.0375078389968535	-0.7507535034553358	-3.152883213261255	-2.2194865654406724	-0.5662610692072988	-1.1062659324392208	-3.7981406553657906	-0.33186740200255765	4.235233927927727	0.5356337582512446	0.14137753544464024	0.011250448952169577	-1.700015443886044	0.5167950759468228	-1.067403502236319	-0.3661366805414334	0.17099781020192867	0.3988926682799323	1.586906009075781	-1.499683203342673	1.8289191028908853	0.6163566193715011	-0.8860089223518938	-1.2757515976672626	-0.378895940322726	-0.6509991645819658	-1.0067866429280967	-0.034083632730342595	-0.6498939631487096	0.5306043586338896	-0.18443163927951467	-0.2998618144643649	1.2007069005582218	-0.7013894993475518	-0.35535221908631076	0.45050125229514726	-1.3246223155428969	0.15942759305996815	0.48713902141810184	1.1577432711045301	2.398703930190129	-0.19884334548520777	-2.6685979751151647	1.330629420921786	1.029796954318944	-0.9534643336557533	-0.26077288970909934	0.8118777081886015	-1.211106330207741	-0.08500603752247766	-0.0834449548703465	-0.6027454934743166	-1.8199426622391255	1.5543315189066242	0.522497668810379	-0.5517307461218616	-0.7130619583003542	-0.1585162751513682	0.20446840108803999	0.42547966663453934	1.373798680382566	-0.3812057494643704	-1.5762281083860654	0.7458396913044698	0.29021685855609347	0.10049590682932752	-0.2182563118100667	-0.6025305934570286	1.1026710727750684	0.2474576326927904	0.7546289338238149	1.1176922501400932	1.2861651755005858	0.16562221596600435	0.622181359275138	-1.0198447529257282	-0.5496319843237	-1.1184731988941088	0.23533087995237448	0.10726861904875677	0.5157753723010596	0.5445517183226771	-0.5616717815582297	-0.641237665036857	-0.4182592841662575	-0.27941867685300237	0.43049895205435845	0.08931850642159987	0.7373336278187966	0.9144817995058618	-0.49417298313551006	0.05199448926125955	0.25728328836380054	-0.05628650361370802	0.1464714023157793	0.7800267584967845
DTXSID3046295	2.6987492453717272	4.072708131887753	1.5733069792185244	2.0678246034126713	-2.8103513153320914	-1.5015597486368866	-0.1791654017496376	-0.3396346645831619	2.955555263234788	-0.9572411054557856	0.8658834157856468	0.44614465711055834	-0.42961758255148563	-0.6611321662729432	2.2880777168183486	0.8404645417492314	-0.5134607368518662	0.33579439168047387	-0.7597539360087502	2.231485499974865	1.2881693410194757	-0.8729442540703708	0.34647197625605713	1.0454656931563133	-0.3577312895314842	0.7279702253814663	-0.19501545193723446	-0.5132220261453843	-1.1301260115228462	-0.6492010050100799	-0.923013044366886	-1.0327498429128112	-1.6107953846174459	0.0335036337522629	1.1606771185673104	-0.5009280110796908	1.3885397023082253	-0.12293190781351344	-0.2205478283646544	-0.31834063875772106	0.3762822184796194	0.07333668780915042	-0.029587439369039008	-0.41806768716079806	0.2669908207880694	-0.5324808350166029	0.20783536507973793	-0.5858499109026173	-0.2468902951997384	-0.022425548584629872	0.08758059403406061	0.20622355824007918	0.035105896259960245	-0.8566479483389977	0.14586480441697797	-0.9750905136560114	-0.43247402528341916	-0.5073481767836232	0.7831122560969572	-0.05996351623825959	0.28979746169939885	0.5750331901830059	-0.9833242915241357	0.5344712557517571	0.20073775062803484	0.8717099730136246	0.3630664904463785	0.2346822217092932	0.36504869418278185	-0.5159785320670699	0.47210400228285226	-1.5037575754034	0.6461780327661467	0.5613035752843228	-0.0045738861008187874	0.6053005392535374	0.0449318050452914	0.69674518651899	2.0488172070379207	1.6254425209657022	0.3745782667058392	0.6865267543134751	0.14835996088500553	-0.06099168165216471	-0.6822045441363298	4.2558819069420695	-0.6503381037635301	1.8355693872768408	-0.8882998667924007	-0.4569763205749652	-1.282660163564028	0.1911693293866071	0.637059529854616	0.022626741778219474	-0.4535840145999066	0.4160269075821407	0.13958594255740706	0.5126804638368827	-1.0911410038197855	-0.7430446743260616
DTXSID2057609	2.0811910189287985	1.0869717394817482	-1.094831786889366	1.2416773217255996	2.4259375461092527	-2.3731523953275744	7.640718673492136	-1.5837158693893492	-2.2250648359559038	-3.114188977148623	0.04749965928810402	0.25659351007177544	0.06681771467301524	-0.38042330890446796	-0.6858879626749598	-0.378741276410532	-0.7699168705252516	0.3720341611358408	-1.1385572505192114	0.47554988465184866	-2.014139165506293	-0.026248562167341134	-1.0685326372472694	-0.6262231013030256	0.7778312033070309	-0.5397471724092556	-0.06063710609508535	-0.6450012246542836	0.5525302087189777	0.002501948063729875	-0.29252288393548725	0.6820610006335837	-0.3306989276455554	0.2684884571201774	1.1408139138417508	0.04113990646202761	-0.5490203271335158	1.0522703388713	0.7448613833036535	0.24042508134921062	-1.9932180138764126	-0.5361156518334123	-1.084560734434708	-0.5402802121605308	-0.1557928222113687	0.7099576537686101	1.0140265222956883	0.014734046806976387	-0.15889000294529484	-0.26271955339352476	-0.33832980897380865	0.36596264406401297	-0.8854804255495111	-0.3100090952405655	0.3376243620021863	-0.276695352744643	-1.7789986793938188	1.0390684545993383	-1.0023127412063078	0.19153068572281168	0.22362333112988086	0.5394113708805871	-0.10659990362890594	0.5390130779398886	0.3539319000091309	-0.5082855708559012	-0.380867130051088	-1.1842026052785304	-0.6615094681450874	-0.46599490614881756	0.7643958624764239	-0.9694503035433604	0.6195201822505856	-1.2063863159776784	0.6331590088059	-0.23585341192720646	0.8238690677584245	0.6630607033358848	0.8335545219516801	0.6802123512500649	-0.9043395682576293	-0.6695054781552975	-0.7387141193004929	-1.2053604354180225	-0.6626778253013182	-0.35711628583558813	0.9250457766946798	0.871497074079835	1.3368201084113267	-0.6286151902299351	1.1724566204169955	0.7715653643469161	0.7237203029745174	-0.2808241017438663	-0.5539899073043331	0.5962307238432739	0.40844722868706285	-0.21221735499077032	-0.32345996952613026	-0.8102273441217721
DTXSID3044702	-1.3230372823061907	3.8898490539871537	0.248906554355863	0.711809358985275	-1.7278468461523915	-0.8596921158457805	-1.5092524294841698	-0.07504249739058422	2.4642331406958444	-0.6523792005641044	1.1870568878339607	-0.3934930456316983	-0.621762167116444	0.05220567365316783	0.5214573586261386	1.5883060941884666	-0.5331095782497328	1.1291172245096457	-1.2905355345866871	0.2610953994144827	0.4792065267889109	-1.5362253392257252	-0.7178899767537821	0.5561988858699306	-0.407372266915874	4.6371104841831325	-3.79315561939319	-1.218373775550429	10.350263712246282	4.854048758192521	-1.894441155235036	0.993326557973759	-0.40918432508069175	0.4907949913163568	-0.5018832028492934	-2.602195635589797	-1.8034284848898112	-0.20588320974965615	0.8225280075643568	0.7878356688032985	-0.3546720901496587	0.8550028097866957	1.2638756837231246	0.8056588543985516	-0.562435487740829	-0.3523069242595723	-0.007992560547501304	-0.3938717269148252	-0.06337272835741846	0.5053189195662269	0.09755452882890739	-0.06905979853618563	0.510427017951179	-0.5313853226649815	-0.6992425710526351	0.480661175927532	-0.549846827488658	-0.5614971071790884	-0.152972231162225	-1.4853779246835643	0.3642149104534235	-1.1902070660011856	-0.420137267637103	0.03165931758796451	1.346802505874401	0.3445130613531334	-0.8423574742207217	-0.9388938824641632	0.12229720086242687	0.10847273438382568	-1.0401081101989353	-2.2000268658722173	0.5628787195068784	4.363162221979343	0.1476503081382955	0.7437902384575499	-1.9161268990324185	-1.7742930588323862	7.2537503308904645	6.625180036936399	0.633882969324571	-4.8132772771962316	-2.9845466807980108	4.706509488595862	1.2037487974778915	-1.63858024598077	1.064624233127341	-1.3108120635474345	-0.698076577663548	0.11306081707985567	-0.3982353757706631	0.27002310674870506	0.012289339284229364	-0.11400083867173783	-0.445639227432729	-0.3068263352641017	0.16826906121019714	-0.02891206544191184	0.5252672398766628	0.6868276045938922
DTXSID0023113	-4.579367005967244	0.7960796333428153	-1.4688332925150884	1.9370671783417397	-2.367868886108046	0.3471296855119734	-3.3321885585334736	-2.7259292500834182	-1.48382231004547	-1.9837825463247223	-4.439913774158339	-0.3791613308917731	4.047275564180676	1.7798441597765566	0.3856116038791471	-0.26737782371263896	-1.16120994692363	0.6935165041477236	0.5571846825210561	1.1469343686545914	0.7391409650062768	0.553417437678105	-0.541457496157267	1.0119957483392514	0.19306068777162988	-0.4691437101764757	2.0226121036614146	1.0385372431782403	-0.1246425665769527	1.3540204225538883	0.1215105492592975	-1.861189164646097	0.5144241934249907	0.5393036281716473	-0.25938810024613296	0.49429069224407346	-0.9551805894200651	-0.8254371980008097	0.35724870225757666	-0.18216666434201384	-0.8991236547687453	0.26040375780664476	-0.31735405996163785	0.3001571862200989	0.2342167468834175	-0.9497133229382018	0.7057869423900539	-0.9898834564893856	-0.2671980931455715	-0.09627294216786134	0.24105163490356715	-0.3963164261104925	0.27009389677571405	0.1907871572662384	-0.2460443800062215	0.25416464903350966	-0.034156695752432596	0.1063290361089783	0.5947644280580022	0.29125049088573096	-0.6063833095392858	-0.33427417695169365	1.1993008449416518	-0.8968244268495446	-0.0732685493546669	0.5640477158221796	-0.005966206836792269	-0.6863789244055529	0.22835419580126093	0.08520955965557142	-1.0419431729028032	0.5242434727712418	0.6917635758576761	-2.124855754950031	0.09712743961585807	-0.8650240941982285	0.35519771562299196	-0.33839419184519987	0.20424258895195968	0.31208900849011406	0.6012319286583441	-0.47023956218257984	-0.24714737742260373	0.22519146204067825	-0.27882458164353024	-0.12749358102516103	0.1094273408098658	0.5958185246300772	0.9549234961737774	0.006264792204969073	-0.661380186968874	0.3303994021783071	0.6287424153346488	0.142373627448678	0.54290636673875	0.065781390254931	-0.4435450311037768	-0.6331995304532088	-0.533005272749015	-0.03514253239441044
DTXSID7022673	15.57474621211577	-3.829563928803846	7.2432964013132475	4.204817968416599	6.157176205107837	4.318338763607577	-0.963948530481165	-1.3306866659459131	-1.9289527106941742	-0.05462887685684695	0.6250424567802788	-0.5177190686602701	-0.8107915881282418	2.448058077124905	-2.8453189455497245	2.622905408435974	-1.5197082282485308	1.1466841393200509	-3.077022031322859	0.4768752406680128	0.24169804656807545	-0.7245210726794663	-0.020672261555139588	0.6861202839473685	-1.2872562775963194	0.14823365969123475	1.6620475217190054	0.2690997402539404	-0.5324144993982897	0.8471106771943747	0.1982192237264812	-0.4218785899220871	-0.10786655133744598	-0.4355094761063904	-1.6485741575348918	-0.8879727090682389	-0.979925857093001	0.06280114259386939	-0.5056467310334037	-1.2798109429600704	-0.7385286599020305	-0.153078839189336	0.740869768926078	1.2402827357061643	-0.2550460232335899	-0.7371632920124629	0.7788115967751047	-1.3285549623683075	-0.03419012980237513	-0.060758483571546486	0.14966818479357574	-0.7657058878258242	0.6347919617199351	-0.29012734639019505	-0.4183351574505806	0.09053608653272537	-1.2237789093986453	-0.7629224323000763	1.3348620776515001	0.7508091726104138	1.8251800309704105	1.3111034886807742	-0.19973747147809695	2.0172163061888697	0.39819923906853494	0.34847631961308406	-0.9924251411190693	0.9401010506574569	-0.2826111846324597	2.1220791182710355	1.8024839025326955	0.8893306577250423	0.011118962058901454	0.7257960512586807	0.043258701979039395	1.0429526034622028	-0.5828281106020226	-0.29304193889110414	-0.42343605325971795	-0.1232631951192003	-0.32264113714307097	-0.321757273539645	0.14471714649568518	0.225156566174162	0.15589061866633452	-0.17817531315214827	-0.5170185016743415	0.483510851929864	-0.3956240886788479	0.3406503793434096	0.45763291814492896	1.0111852557788459	0.24068448220122962	-0.16479736521126181	0.03605237702527679	-0.05632159586536879	0.04422473127365737	0.230844720416996	-0.660912980591485	0.02674472654210431
DTXSID0059794	4.53638697467656	-1.3803619067444397	-6.522403090621587	-16.022792404742113	3.7720191998348307	15.385756087205813	1.1621829042369027	-6.694991414881582	12.169040044016764	-0.5197807446763432	5.350334038613961	-1.2817111231811733	4.9370627876379665	8.619778631231446	0.14558872991739993	3.4245645797013626	-3.9841809340145735	-0.5653155524232947	4.069248753334866	-1.0308703908963928	-3.614225439706359	2.087058350296876	1.4436600592125903	-0.5048580966762183	-0.009031557688241265	-0.33918208673943184	-1.0389741044013279	-1.1283250455017606	0.8728628599544493	-0.28853485491255404	0.3111698750934414	-1.625198269763854	-0.8766108826503449	0.5545622926194521	-0.5303292998967887	0.8290686054021043	0.2142307929811866	0.44931440394339245	0.17252684079337313	0.6043448999517722	0.710050246333523	0.22865804233756873	-0.5874996719451557	0.2526397090677821	-0.2316300851326512	1.0962953866401988	-0.9038179342855244	0.20080815409341982	-0.4448603354668055	0.5165784029103472	-0.028613823654980358	0.2498846027444315	-0.5218601858961058	0.4161408240808687	0.40822726261775666	0.590360584980562	0.4723587162109895	1.520130079251559	-1.4154110924329917	0.4907736742807733	-0.0904118158263183	1.1849645805820912	-0.6656797536748026	-0.8258664916380856	-0.1566855316941807	-0.7085337156115153	0.20850112939039325	-0.4506631612981845	-0.07980742729454725	-1.0052165031820128	-0.9372645972728446	-0.01783839853064873	-0.49345746425398324	0.9696105207170931	0.5372209163380953	-0.330290495635242	0.3435636573694169	0.3005795472637243	0.40691552140668263	-0.40839736877635485	0.38577055653102876	0.5113358567694763	0.0742564557650399	0.5692689537747159	-0.835046948107493	-0.050973194115552574	-0.14566591967529163	-0.7819722609456201	0.5346859498723134	-0.6515316997721793	0.1392308239584102	0.3315622763398042	0.05797785374724658	-0.29011830625550017	-0.0760935674701635	-0.21332624705637881	0.14903052557055688	-0.19635591848890754	0.37379683565850225	0.02641177214187087
DTXSID2047775	9.579605394446194	3.0130252054197926	-3.9455422475504243	1.7664883822664816	-0.7803443613741377	-2.6573720274345147	1.3274109213375505	0.7398974932388954	-0.24844832557916494	7.822987035385011	1.5641619666714774	0.7730802421645174	1.725794703607484	-0.5518698229686013	-0.8130775870857465	7.906248390915673	4.473312330965904	-4.182720635999751	1.668644568189561	3.8663965373146554	3.0561768429635485	1.0078672005433413	2.347578027601098	-2.297741128229818	3.6489461084276087	-3.004582805736571	1.4872526181494656	-0.11850535571768143	2.006027338535112	-2.3932626862811324	-2.8335639972286613	0.8922643954359032	-0.17165654094073346	2.2762908555243153	-0.7144804700062292	-2.2627246384346114	0.9540416727132901	1.1661390308725852	1.0182193708208478	1.3655884244303431	-0.6049875081832615	0.845514833201698	0.5619066234033441	1.3122920555441788	-1.5525269587380217	1.3815456369772132	1.0752376654593518	0.39185248219846075	-0.9634287952028033	1.1352402807899504	0.05205642534202313	2.0425710686756657	0.5721546472101603	-0.6187514771998013	1.0953416992468337	-0.7691868284657098	-0.8066515918265877	0.5617009695787315	1.6029144659274166	-2.0565405953138165	1.8598524800438818	2.342534486195112	1.003640022000987	-0.1747609017003013	0.4552668415784068	1.7590503100999586	0.11645088140172834	-2.715928696455982	-0.8806390685115956	-2.515536056720111	0.7174189709645815	-0.8893516019587919	0.6552709479631763	-0.3408017900437368	0.28179582655886537	-1.2873670411952052	0.0037241496741751306	1.5522513162488432	0.8045315448684719	1.3247449980933375	-1.2919384066179487	-0.8987391006748229	1.5175971323233441	0.1530345663932858	-0.5508508390176861	-0.5152807502170381	-2.2360596351690134	0.9579249586992294	2.0729151252772127	-0.8974885440793982	-0.45778007965758655	0.051441084717750295	0.6916959450503134	0.8673974646387194	0.09177028802944283	-1.734600956542567	-1.1463879259283478	-0.8440376206149369	0.03325250119512588	1.238634354410375
DTXSID0027014	-4.177891920631301	-2.9422329445259687	2.536520621573866	-1.4088563928023656	-1.3414149643814455	-1.1905242784872654	0.05972445514537813	-0.720009209148297	0.6200749090017991	0.3776173266489456	-0.007164563666138753	0.061098759245977616	0.9706205257385667	-0.734436690864821	-0.6411390257371371	-0.32670401037972036	0.5624264556420532	0.16064187600919708	-0.021346178246109074	-0.5277210581705878	-0.02697186230176815	-0.1964573603688315	0.4497422297501052	0.0830521953139105	-0.7737189669856472	0.4543930958950132	0.536459361434758	-0.08018484213069148	0.3602962801198391	-0.14622460099882176	0.3860921869277656	-0.30832054017108146	-0.2739454702896698	-0.3833544414706398	0.009361445155009545	0.29449358957469496	-0.18854184378412522	0.7172798808907063	-0.3559502000312263	-0.2259733081287853	0.26603106876552546	0.33505241910208805	-0.24179362261139092	-0.06883824637594722	0.04504012480528593	0.190986485920096	0.24569115871505487	-0.5389776768199008	0.023674792122305614	-0.37292749782946927	0.10263522303734288	-0.0985802151286704	-0.019524779106939585	0.025939704841672538	-0.3403606435033414	-0.2617350359678571	0.14490704979645835	0.18121723893673902	-0.029620959793464748	0.1863373779512526	0.04577332450581904	-0.17800840048239241	-0.05457207037649824	-0.49277075966712097	-0.2779792895010651	0.4279423474511691	-0.3051290902107946	0.29628480007835944	0.22968676664726306	0.2893626727548096	0.2870128351564251	-0.2171538790731699	0.6899701446241225	-0.16685246259568348	0.12859150029647998	-0.1301330870054158	-0.08703853234344837	0.04693907376920617	-0.058274071867781	0.01279281749798911	-0.20073204416494414	0.09718556184390056	-0.18563790644333736	-0.03144913424826508	0.03330904950867623	0.34700003170843974	0.5074522594787575	-0.38518589862213964	0.030173229631175556	-0.17663462801685634	0.2213450504102656	-0.1908808239552929	-0.14830203857893345	0.0229113615467171	-0.05519151838111645	0.1570233705359823	-0.14850736174568607	-0.12255883230588452	0.04537919727624266	0.29184804713957135
DTXSID1044807	0.207698438736065	-2.153506615923593	2.077578068587544	-3.140344840196466	1.3676054820612418	-3.3190442512779508	-1.8229229135544465	0.939326147597295	-0.6011307327470502	-1.852184619023472	-0.5203782140111415	0.8422114795646396	-1.0927942140633764	2.7138514360813777	-1.3581364343391993	-0.10310056741788037	-1.493621559604676	-1.2037300245630693	1.707792237612485	0.03202763021616948	0.16546503400418064	0.7969636076840415	-1.8781824121747535	-0.6940413737982117	0.7111856613077806	-0.4859665009677993	-0.07985718375842113	1.2934274639400305	0.07206522566535804	0.3884087776717959	-0.2357434184599026	-0.7276925202083887	1.129647706473226	0.17910676949058024	0.8107665079113108	0.33260625453744613	-0.4190823815824229	-0.8734510981554662	1.371804484164353	0.7450243533166926	-0.5879515003707514	0.27308766951927405	-0.08659894308286889	0.9533861698623435	-0.8156111443565599	-0.3966427722590235	-0.24180220437220531	-0.6225349236941802	-0.07295251729161724	-0.754363273965049	0.23402429368791205	0.012864240195604766	-0.5021246470530636	0.04518540221802433	1.1800729557731207	-1.6768726717736293	-0.39608548266212257	0.17589199480808818	1.0197952519473148	-0.7789892160239633	0.02981571461439362	0.9206668340686497	-0.6545963569890347	-1.2632254125547535	0.051411380060080114	0.029599898620414247	1.0599660592364144	-0.1981327313109566	1.9236614425129768	-0.8202177058217369	-0.1711826687142107	-0.15999314409649418	0.43119418096010304	-0.2092026955070796	-1.1284896492331502	-0.7504584066702195	0.5104468700214188	-1.5915887528023538	-0.39090730747689656	0.703645673228638	-0.6307418260550524	-0.5276506680706106	0.45273642291486743	-0.21188374633488713	-0.2575320277739749	0.11651076914429731	0.7190426844894361	1.0180651769715408	-0.43247666333651913	0.5111848445180857	1.3093738258963676	1.3947732497529493	0.24885813740029178	-0.4817871309034829	0.22007696497170115	-0.0729347520480974	0.4189062624593913	0.1038294294596343	-0.5315016182261871	0.6092430046860152
DTXSID8021725	8.531935195104374	2.0321687360666902	-0.8396482090052114	1.038266573330495	-0.4499096036638018	-3.1149906000171654	7.112022501366532	0.6163308152008808	1.7962169603086298	-1.7753373486721435	1.6269011517270837	1.0516021056701221	-0.1534774842145924	-1.154534087633848	3.6337772087008084	-0.4092681314828874	-4.445863644129758	-0.6973947952516136	-1.687021588597482	7.059094725290632	0.459276276147943	-0.6121622350602465	2.094550575497112	0.22611194650912392	2.198046140095348	-2.5875610273951306	-2.3372388972403555	-0.40137489348759703	-0.67868614130064	-2.040105527205661	2.8784257778867928	-2.1247246293242337	-2.432643337228227	0.5914832726977053	0.7861975756001622	-1.4701819299437395	1.7458011203101131	-0.7222978933566259	-2.6591686612677843	-0.8912463902878204	1.5023780115524539	-0.25670531758917353	0.5702584056888913	1.4700917043934973	-0.7375876442967431	-0.762049077034054	0.6047977078781827	-1.503837284886576	0.5359886879813206	0.48554379894358884	0.37007819771500516	-0.8859230244438129	-0.8129694221776657	-1.128628883618426	-0.41787284249716977	-2.239325293979403	-0.36193048751429685	-1.4089579657092175	0.6985024072474683	-1.3324432255631629	-0.3858391581290772	1.028198552016122	-0.5006850238654776	-0.2743821652732907	-0.6096953075175605	0.8962374351635157	-0.32531286259468645	0.2220613412705825	0.23443575696348537	-2.2463005804023717	-0.9614659251840689	0.08037791938624356	-0.15238796026193666	0.4864958306069497	0.37314901240624454	0.559082429616879	-1.828253490966711	1.61642501902175	4.294108200612159	2.03197433551098	-0.6276566762919654	1.1421727306716236	0.7699485544665097	1.0298104298243465	-1.058520428952536	7.723313204235934	-4.106625717392852	1.197608862812981	-0.728484537123817	1.2470331493930515	-0.568729033671856	0.8439019981867376	-0.8994153698813089	-1.9639942499859575	0.890885666739665	0.5027325100191663	0.7224636799766609	-0.9888614708340169	-0.1358044678028893	0.74745518062078
DTXSID4020828	-4.551883401169083	0.534002717475746	-1.406439303714923	1.5855312140747888	-2.5380237644613945	0.3357970712753664	-3.4613957446617585	-2.6120813367235947	-1.5720995464760754	-1.827136405632773	-4.554611432385442	-0.27704007224057414	3.9533101310925702	1.5022067485590038	0.6649714153551975	-0.4729573956726749	-1.2427655758552014	0.1157335458059139	0.48472880279570585	0.6911679024945971	0.3865409766806233	0.3969667480110561	-1.0254182943847323	0.4493235412835979	0.23263714112187978	-0.28426489863441495	1.1090854703809403	0.502293684840097	-0.06866464484089442	0.49286193270956374	0.5011508273828427	-0.5769954329539856	0.9947408092708113	0.5767054303412793	-0.26319093301034896	-0.024407396692573646	-0.8149785717637398	-0.9510812736596644	0.19095801630095358	0.05135337288755205	-0.020490637784911416	0.38431968099924235	-0.13906414055032937	0.5477709732132998	-0.5014985428930057	-0.12351169795234278	0.027195694010390212	-0.5862327936193193	-0.3926219963472486	-0.33570442329851446	-0.04191914594024976	-0.5200504966804335	-0.1581411885425543	0.33289419909465723	0.4173590207925989	-0.432478937545133	0.21176005862924932	0.19563047586478124	-0.09623304053519309	-0.33968195675736773	-0.054834452823917135	0.3743312322738297	-0.27105191985947696	-0.21885365266803009	-0.2842295919149674	-0.09880761707258402	0.014111362830958	-0.20878187486837801	-0.07099759326219272	-1.0846281902714485	0.07571575048805335	-0.647275846960711	0.15704164270332427	-0.2576588600325364	-0.08534188298778342	-0.41184885324435133	0.40700333749467943	-1.0545517738561914	-0.18970558685226238	-0.4042047307710426	-0.39152357111274944	-0.29131251089591426	-0.3419820390349248	-0.03525046411845102	0.3938604576170785	0.4529808073922938	0.45520746822749913	0.5062154396355999	-0.179742660697762	-0.23578338653433029	-0.45030339150999554	-0.8638632194985082	0.0970336640933471	0.17316832401630966	-0.2010951793346359	-0.31926741006316117	0.27828367114026037	0.07300060983376758	0.34464326369205334	0.1805696649155948
DTXSID8021197	-6.130295714988342	-4.528727207112518	-0.06322434842142127	0.8170167044310145	0.3821180762639123	0.002745286529808749	-1.1914908641915092	0.013657650922496907	0.4940267064108827	-2.411343935557649	-0.785685978374619	-0.01478817246075275	-1.4173060788338305	0.7947595884824554	-0.49719639368976576	-0.8328082947998771	0.29924540880223244	-1.6418299664161227	1.1599045065979527	0.44083553092154837	0.7601072753920073	0.5901035416923058	0.8042927847950029	-0.8982184965970098	0.8029041424631148	-0.6317831672635683	-1.2510409703705783	0.9135932600903297	-0.1630036343190689	-0.3479126084320694	-0.6411603293725262	0.11182942145948427	0.7006500255488074	-1.3794759142392454	-0.28681467134184774	-0.8185007816787698	-0.5645452717155541	0.033629523739143824	0.518162328395278	0.17758231227304985	0.1168951752125101	-0.06166260052658994	-0.6347283128147403	-0.4137749410195798	0.3146284958852506	0.7025120624946788	0.676187785488178	-0.13188551999334033	-0.22375210030177198	0.0003755187762146948	-0.0517896866207928	-0.0894510849511236	0.14281316014162293	0.06379824205753708	-0.017404066888273246	-0.3376864326529454	0.2858624529838036	-0.6652972797675001	-0.17020857549683022	0.7979348117708605	0.3837635905643987	-0.37019469417244855	-0.03335677889430824	-0.18551727929345488	-0.28463233385844927	1.0604491348970102	-0.31016883597833933	-0.487262571358751	-0.9248555429622437	0.4244498234678462	-0.42378732808729336	0.29818937673551676	-0.6677560581743179	0.1593810439247638	0.7829475841940268	0.6563762266534889	-0.01926322400862085	0.5334248451614105	-0.21789464393694138	-0.4877796627235901	0.3771848900448529	-0.3357750632395403	-0.5237367306154463	0.2286205792550265	0.48156040177583054	-0.5621174495192028	-0.5827727449806102	0.5323415389272357	-0.3034285980705822	0.13176597185619043	-0.2834493075368124	0.24131466921718675	-0.10255823932894167	-0.3832609274775767	0.08843980978624111	-0.37579987922061836	0.8238487193527946	0.2483482437302927	-0.11080824581477607	-0.2066618570630111
DTXSID1024912	-2.4979715468750583	-2.007900472662737	5.3000512561845525	0.05518101064214009	-0.969961012791956	1.361555452782192	-0.15763174918076725	-0.9115445567245228	1.0090703221222637	1.1796508979358888	0.1748308092875094	-0.5173741925490803	0.24670868494266204	-1.8147117280114633	-0.8595195579728947	-0.02751662341948112	-0.43574308115104365	-0.18216241111451134	0.7381923590704413	1.3251613245952083	-0.13217524680370618	0.9776429470094502	-2.9338299381570163	-0.3049367969684048	0.014659652344139318	-0.3268547413998327	-0.08933271215407652	0.6205064947655052	0.7350484568198181	-0.03800409503962321	0.6998397568666525	-0.6288124373662938	-0.7735482607739789	-0.33612410858312325	0.28314744593457314	0.6469412569629855	-0.8028890005669611	-0.3181962085473926	0.11956528321654358	0.898728287197328	-0.13126302319367625	-0.16328504443418781	-0.1663122196504297	0.19251101930581163	0.2229205696492633	0.28210717992995804	0.16560979067347278	-0.16389154098217396	0.28606128026240146	-0.13832642711692922	-0.15654356334564196	-0.2889459709873308	-0.41775304168774513	-0.057910110586452866	-0.18497492737563972	-0.14955112108584423	-1.0167529395682005	0.11027365494435576	-0.2399892461318178	-0.26237842041123227	-0.587799075595624	-0.4843921386157987	0.5318462926889653	0.22591876427313515	-0.012692052342926767	-0.14695229906843252	-0.7290684447897094	-0.15773893720762835	-0.7929420645132078	-1.250254361912412	0.8689589120896865	-0.10537341603572199	0.07130137464542671	0.16605972058772778	-0.0005107775530999721	-0.5838227746881951	0.9116282292509946	-1.0249188557387658	0.35809880233639907	-0.0986052960553412	0.3042208906554203	-0.47330475070042966	0.17259498685965763	-0.4690169979869692	0.1926823767414878	0.5495805269614875	0.0983661225775298	0.20187139199687185	0.2931062120339458	-0.4965815051007537	-0.4231115861318082	-0.8795774541585327	0.13523451247931334	0.453015143449455	-0.2128401093327949	0.2961185887982768	0.48599457153010606	0.6843827675972435	-0.38793345734117624	-0.11634811398477533
DTXSID5020497	-3.649730687286882	-1.908162312055503	-2.064934594127689	1.4845165599759307	1.536382182390952	-0.26732989599612184	4.196127764962816	-2.469605811673236	-1.417485886660979	-2.146251403940902	-0.20536433993297873	1.8768502412687968	-0.16309085977840376	-0.34524178288879503	0.17772113029101436	-0.6277838683479738	0.5177053799972383	-0.09745269186406853	-0.9865377644513911	-0.043123390452328776	-1.5025309624818177	-0.5686221649177385	-0.5884895014358328	0.45900884813493503	-0.583199063327742	-1.0758602571226359	0.05510529225589296	-0.5168836242905673	0.0638669985191598	0.4080979900129964	-1.3366331892888637	1.1513750083998286	0.12282314000172442	0.02616871543737778	0.21780021994087922	0.31113579118542845	-0.6293649491566918	0.13434194828852414	0.4643225506002789	-0.4166817604182878	-1.4564661078266543	-0.49600320174341456	-0.6436517946154634	-0.37990775568021773	-0.03713715134663098	0.2501500820352042	1.3070431353354772	0.4956983481884069	-0.5160648285563055	-0.04630516351281925	-0.48641010364774373	0.39317828760701	-0.6003253089769225	-0.17042110335087612	0.0895907630363639	0.31938782169984087	-1.2404424861093895	0.5313496107250831	-1.0674117517193573	0.45153524691303326	0.3704495529451621	-0.13261126061061698	0.3164632536543175	0.7739160306080944	0.032509926350375626	-0.06766400795798021	0.03616654393513142	-1.1055323370405752	-0.9210338836951008	-0.40989582685935366	-0.09697808761452584	-0.622833399566005	0.4590140532292502	-0.7733435991513212	-0.44008820675472515	-0.04328894237874476	-0.2945736311467308	-0.696919961276683	0.039032605447019635	-0.23355233057232397	0.5404297360307484	-0.14439256008805254	-0.4356605565629317	-0.8749082714729304	-0.12585742985198248	-0.23401882193941895	-0.4050107398142693	-0.14880511062368618	-1.126366241650214	-0.9805657619988699	0.11410649173336726	-0.13801210548089674	0.17715747524282735	-0.22445979548269235	0.3366868049686405	0.5373187249972473	-0.48369490057999937	-0.39485453537600607	0.23393050663640058	-0.4379414998544278
DTXSID4022947	6.966692427288745	-2.5903703217280856	3.1674609772215936	0.031075005997015747	2.769853646218223	-1.818929130880498	-1.8795028536038354	-0.46858213577137103	-2.7927241124063777	0.5063691417573961	3.120037561695543	-0.2093625468554406	2.031355116029284	0.3753429461545268	-0.6080657070340466	0.3328704454514484	0.06594049640939982	0.6387235791539683	-1.229048983176135	-0.3245763312148435	-0.501509668408235	-0.429014676064207	1.653069675891328	0.31387972893455635	-1.0955646138476312	1.5430929087871004	1.1946364105825542	-1.0250055177492212	0.20600496326929835	0.32054094323532273	0.818883502562488	0.4688097481842611	-0.5239824372817485	-0.33629076408596975	0.7182748052854141	0.21674192371469242	1.1193313154574978	0.45246148946365683	0.15656688261979165	0.44033618926864315	0.029437165960475943	0.1616064064820587	-0.4308487158523381	0.08605728785562518	-0.32897447009965547	-0.20851742304693496	0.07310479881983312	-0.07275521370663598	-0.23173427694612223	0.41742114876096487	0.063532263010647	0.23989900812178547	-0.017972173081469436	0.03994979085398321	0.021614238527256368	-0.29166673576462476	0.9851941822443012	-0.7304374001256679	-0.7556955717234182	0.4095407138670638	-0.48442897324847517	-0.8706610565094137	-0.18315831729430695	-0.005385620721767297	-0.43517966265031865	0.10228083743946992	0.8179845937533883	-0.3491851710113283	-0.3496224043432836	-0.466066093182395	-0.78203850630273	-0.41483719831161425	-0.26222043260593114	0.13274170026459609	1.276474977226992	-0.04872211155993996	0.17707366640568403	-0.387406396161711	-0.26151771244674954	-0.5217566472364196	-0.455611543739172	-0.04460702997004823	-0.5421417052478162	0.04108137598095173	0.35338440648651664	-0.14889756892006445	-0.3516509481641913	0.30628117419047846	-1.0113151755886363	0.159448393849517	-0.08514130267266887	1.1542957640060585	0.22662241834189667	-0.17218734042148187	-0.3914108689882097	-0.5730257959006717	0.17315013764152518	0.444408880953568	-1.3264972332609823	-0.04837894100323944
DTXSID1034844	1.1264691520151444	-0.0868544869948488	-2.2680577192318343	1.5447909256160943	0.9569412136479134	0.01675109220238294	6.128189102007866	0.603488851430517	-1.2353130288305256	1.456014343179646	-0.3203708829560207	0.8622288795626948	2.6305140315304607	2.33852509922464	1.735932224963798	3.3293443512484893	2.7945138106054404	-1.8890502311317665	0.04623686836320205	1.8289172515160455	-1.1566220153967055	-0.5735854875533566	-2.557655766693893	-0.9378108225965781	0.269855363945474	0.322708108107898	-0.2538845908694213	-1.5086874104156844	-0.5296328774012377	0.5500782329588567	0.5214938934512205	-0.034449496326109136	0.3113320108475154	-1.9657535099664825	0.05265455594590283	0.4661596920940546	-1.1802460735908364	0.1120483351081263	-0.2584771362036693	-0.27572625384593563	1.8786508309493937	2.5432034807372856	-1.8954075274808653	0.40892684883175895	1.9588018662908127	-0.5764658528269038	-0.9574265103809666	0.2298157031281471	-0.0462269885875326	-0.060120639638842795	0.22576112892295136	-0.0038587720950750775	-0.08115348479529105	0.9592770597800038	-1.6908194963948495	-0.18667567532846696	0.5214830252583149	1.1628104132906927	0.7752695809979375	1.9871805101705777	-0.9365633456501034	-0.32824965865493866	-1.5297251820597417	0.37703236545324165	-0.7251659084818871	-1.1325080672299679	-1.1664491281564342	0.1117664719604792	0.8837179074693036	0.9276507735528334	-0.7538838229116507	0.7911986265288217	-1.2435734401772156	1.6120787440848139	-1.516457336785549	0.6749288352848045	0.647852464191291	-0.010171190793286126	0.3026496507395315	-0.6623036480802181	0.07144775214036087	-0.1748855728048277	0.13801848368363628	-0.06833668843659262	0.2854739377756233	0.13902691052922284	0.8428594783153973	1.1785907147034682	0.8243826517931526	1.3042393566611774	0.4242424111540856	-0.951818255336606	0.24074872534515177	-0.2752649417683605	0.25964338640473555	1.1055975340675057	-0.10627878606556916	-0.20685893870818314	-0.17596355497050728	0.7228284658838219
DTXSID6032356	-0.7839185732626015	-1.373259921283875	3.233342223174593	-0.49016694068890776	1.4664546104083331	-0.5402151494384774	1.3226039718781062	1.5285835447474065	0.8488878270623382	0.44545892485384603	-0.7746373945436372	0.5636478344224791	1.1018821429486667	-0.5908440385477121	0.8403236602885413	-0.4082109048628214	-0.042144529607046094	0.16845079482167066	-0.6195419263166382	-0.7773937216679911	-0.15647052611904183	-0.1968688378396895	0.562779871237493	-0.6885571156031438	0.38576054026408707	1.6341241325348945	-0.683939725535228	0.9274730539614977	-1.4639201427627058	1.3774374437614356	1.4306005188016233	-1.5245748278789197	-0.5646029210943252	-0.6100196438349308	-0.3372350411048805	0.696221197396759	-1.1228413153616752	-1.4308829054342596	-0.04905700148394784	-0.3154870130666374	-0.1909085936092665	0.06382450804140567	0.8669065169494786	-0.23767204382966942	-0.3753399236092863	1.8093817939126022	0.042678718277575106	-0.10236293533520602	0.26517074727041634	-0.0525641360268077	-0.148273213880964	0.10371894342515449	0.2653292969036875	0.07719128220523577	0.5268119145825981	-0.7324654050870782	-0.6385093592486184	-0.12755407487567352	-1.058157391490382	-0.1281168618894606	-0.19931724481950727	0.20550757641586123	0.09618179674709791	-0.1442130868551616	-0.4078369599611756	1.05078425678654	-1.2402769340288602	-0.1400721427393224	-0.17135811036606027	0.7572223462788481	0.0029835245909644727	-1.9653523467711065	-1.5227600154918954	-0.003555807281059502	-1.3230466802304224	-1.4703503547383407	0.9628989767728239	1.2326268009479806	0.127609652596962	0.9342124853398155	-0.10546229729715481	0.4077593142710388	0.8074391123629315	-0.04005083650688395	-0.36792468538423656	0.20249945919184156	-0.25619102264890053	-0.9191954115780645	-0.22004420653741	0.010444552508246725	0.26748457429597783	0.010983188529413797	0.4097787837755048	0.766580319555161	0.13487539098423357	0.42603153436939467	0.1429245912893002	-0.2718542079292223	-0.07832826009811907	0.1359979400020438
DTXSID1046504	6.248110010826525	5.517709606936454	-0.4083786435854924	3.3868108394489225	0.5316677473304635	-2.7954995234018045	4.844805816641476	2.072059002882061	2.7194984684246784	-0.8224134100644659	1.0618431356949434	-0.9720712456212116	0.24172079311496716	-2.3920693028304405	2.829126992384881	1.821058796134182	-4.995286969662724	0.2989430235593987	2.646127743728465	1.7141245792723196	5.056107226401198	0.017640958636454648	3.5661038509259613	1.2421498003787188	-0.6304898867818474	1.6047528143649643	-1.9872047055316295	-0.22719825908964247	-1.68954072568535	-0.17534951661525555	-0.403451595234934	-1.1150514690992979	-1.3337530311246535	-0.43148791456192287	1.1193583452153448	0.6798522172239133	1.9137153430305809	-0.7582336519334583	-0.3208197423445762	-1.0606318524531742	1.3673465781265282	-0.7561694249282606	0.12321219419149565	1.2555108265746668	0.24933907472848416	-1.0212671808146894	0.6836721121093471	-0.15044804618042	0.1693674628809848	0.24390570644674733	0.2465059364019691	0.4031717746094606	0.1454147816935311	-0.13024305770535757	0.6177753182695576	-2.4240799079809148	0.3880999792843945	-0.14261375462677028	0.6639383470307367	0.5323312075046277	-0.6387302274441135	1.4601775137559028	-1.683309950454041	0.3129470324741241	-0.8168789062590303	-0.30062576604526514	1.7064486582561749	1.777443428181119	-0.3834429698410215	-0.801565639334483	1.0061606194388997	0.5379659090398702	0.5313700446098583	-2.61768097865861	-0.15724114047102877	0.13340817592675816	-0.2249801570048096	-0.9151571471981859	1.8518445974119846	0.5286691556718218	0.07026506828600304	-0.1311080918607919	0.6989991261278896	0.8949002791432215	-1.1810742557089915	0.01745294261016494	-0.2841462010061858	0.04578690838996317	-0.6971402624844699	0.19153603183078835	-1.0090719292993955	0.8270727259356787	1.3013415356693987	-0.3704722762810506	-0.2551867329104214	0.17487232082106727	0.11550713970582564	0.14690393214381622	-0.8158462305517343	-0.4366735767734541
DTXSID8021278	2.223746919065965	0.41598595692221896	-2.0280867320240668	-1.239098834822285	0.08106851624068628	-0.45981848987347534	1.0017748769552468	0.7414547942725593	0.29752394277812305	1.8396754510424147	-0.855030741638894	-0.4541693630198382	-0.15015090144974952	0.6099855487376902	0.19876024881428264	0.4076524817008338	1.6421388296348005	1.441362356400705	-1.636517267055821	-1.1687289296778962	2.400285186868509	-0.5995825457456917	-0.2569762899607916	0.3127793680467637	0.8394117070832279	1.5718700769488925	1.6395588830612284	0.33756114017883887	0.32005869910718415	-0.8916906404536814	-1.2655593962128389	-0.06525578230614948	-0.33218794984157596	-1.0401404262767573	0.07541700267305568	0.6094363731025727	0.23137380599173785	0.08052748334443126	-0.6402036797305112	-0.08474200812935308	1.7608366377664109	1.413717191410592	-0.025513629536471807	1.0036825319557767	-0.39494651309615747	0.5212975523275396	-0.4249519557548992	0.051814709537333956	-0.08387428659188335	-0.1669501771882148	0.05201543265768157	-0.26046579256355185	0.5002609816421294	0.5246961709399314	-0.8581670258197351	-1.1276097444967355	0.3329190933523917	0.13825989446550702	-0.4026696649417612	-0.7484846613095977	-1.128758932446758	-0.10835207405221567	0.6325831524463924	0.2768990762762187	-1.0583019626520564	-0.9409161635772586	-0.3270746818447569	0.7385335206151331	-0.19959312643328808	0.8126985290185067	-0.38285843876220804	0.4844465970281708	0.2713334842764304	0.12477420948015641	0.9075813614780677	0.8249071605959424	-0.07693548122811053	-0.7484189528608667	-0.06558091382106969	-1.0508616013402292	-0.032718030844263245	-0.4261923215715196	-0.8254744580219913	0.10400033305837535	-0.3689522803446126	0.1513653626413098	0.7851166429692554	0.4525497804730417	-0.8532834385256178	-0.5393676668390084	0.724634308442704	0.3609288879052527	-0.18130198210977425	-0.7412786471564324	-0.0758948451095255	-0.19624367030278533	0.051879029752206464	0.30961844999819615	-0.05010640831394082	-0.6829690057895399
DTXSID1046211	0.9675807760092586	2.6882938398222085	1.708647720274077	2.317697356103969	3.129909953807849	1.8022187582789602	-3.0657057195329593	-0.6426788245165184	0.4740212917680609	-1.8677171034887947	1.332348089500146	-0.634362229084958	-1.6074763230390359	0.7950141770731706	-3.1758490539441078	1.9566025737794368	-1.75209271651586	-0.2100954557857214	-2.784475601566969	2.788694919949975	0.935493701633464	-0.0939193781071712	-0.12582725397156957	-0.34124312084438996	0.13544205285348782	1.1860518431237634	2.232266385954614	-1.1747189749359301	-0.07036516381582002	0.9265129511310218	1.2819436409938323	0.8956590973125154	0.22417370289121238	0.3828950658419879	0.860541038935296	1.0263054410161778	0.0025898180392145637	0.7235112591668375	-0.10843378470204629	-0.23068412978365202	0.725203029079597	-0.2865585097026375	-0.4296730548717193	-1.9615518355539256	-0.43612224849481096	0.9133418793994501	0.07128739646293526	1.26728615590376	-0.5330307858896288	0.05935289542614751	-0.32783473992462003	0.9364712151247845	-0.511510633323514	0.24116540413103768	0.614799979520243	-0.0872320618174796	0.792700596899712	0.5225981061665632	-1.2071520707565409	-0.7130861085774882	-0.2974468758913597	-0.7998003115279244	-0.22604964298823207	-0.6244189877130962	0.10789363226920838	0.12205584190808762	0.4681392988121169	0.2468562417821938	-0.13473992777160143	-0.9171054301234453	-0.723631718949921	-0.5212709149658584	0.18221678723664245	-0.29009201158231296	-0.04399302516388659	0.5507240689677813	0.25076834533509385	0.06348950148892035	0.009662015084577013	0.12767719073835662	-0.1221824634301726	0.7628708292584021	-0.42211570760856526	0.3192310534956418	0.6253154884373013	-0.07836710492731366	-0.48032591504126504	-0.16803370577203186	0.1397729191680095	0.08893682770433035	-0.09038137374782163	-0.1430863261998366	-0.6783111846477722	0.6322544429625189	0.5015176832768514	0.2079362880027975	-0.036779967346918144	-0.2620685466422104	0.8922843607365357	0.0899450810586924
DTXSID0046195	2.9697664723361576	0.36388730759342286	-1.6463227247590437	0.33785794705331074	-3.973609697616701	-1.5814223183897143	-0.031221389521350108	3.2740328480955854	-1.7365872142455134	-2.836817297603104	-3.3923500488821103	1.6434633422023341	-0.5642141375363966	6.392074539273746	3.5265663364638193	-0.23565753291164593	-1.5712359563598657	1.0009093947576364	1.6218640647990512	-0.146332779935255	1.0967163902164099	-0.4074669284961464	-3.8282735342189813	1.8416180935887192	0.738842419411969	-0.07127121016879098	3.672797433171156	4.24555117067303	2.432821685844048	5.736600190583841	1.766347116623098	-0.26477135891589326	3.621508045758056	2.251502541129112	-1.8828979627351912	0.06583481913365116	-0.5176574401533508	2.0547899141347137	1.7818684245353316	3.3721571907403716	0.15264827212886015	0.09732845598611616	-4.143600922082028	0.3932826706180786	0.05354949296481573	-0.9081210541393172	-6.400448004310444	1.0967669173671148	-3.9360127938795313	8.063832810155208	-1.1852363257677003	-1.6184178289553892	-1.5270899422399313	-4.273229209194473	-0.8324279946877496	1.6343073001292014	-4.885619731520859	-4.128791347642756	0.885185428129216	-2.1850135228232586	-3.2510770231384876	6.207245243531609	-5.880853760415002	-3.700301212251781	-0.49224125964136145	4.212425757977688	-0.14292579185110654	2.0819824634785524	-0.8173969355932894	-0.6767080309681482	0.18612057943705643	-1.589329500939165	3.59099220289865	-1.5698242286685575	0.05396593716153353	-1.635915611363648	1.3150122314337775	-0.4369268062996693	-2.717466961183677	-2.4761002550092277	3.0956544057747206	2.2877232439637796	0.36388457871830987	0.6025134282798065	1.0289892142291555	1.2916008552375762	0.3359576832589002	2.7663283520536055	-1.2063685686817178	0.46112835819480397	0.8005402791556405	0.819614637393832	0.16402962466698276	1.2301615988129297	0.7165319635546253	0.5515980114383753	-0.8582478824294686	0.14525874713356346	-0.6024736118281505	0.17409191153449793
DTXSID3045221	1.0867445234725477	2.142449514241398	-2.736828804731003	3.310737651385874	0.41417323730801003	-0.9644416005801836	4.846589485663272	1.5456554341599207	-0.5464846754988336	0.7888665752556534	0.4508675347147022	0.4828378322620169	0.581968119475576	0.2373031932235793	2.0244366272800907	2.896204542593993	0.7238914830226355	-1.3116618116072973	-1.1520804123486568	0.012329982035162494	1.5015538312301353	3.9121669451650547	1.3189718273668627	-0.6487153940803353	0.620625113844423	-1.5731687185528989	0.9975602416380448	1.2273675412120115	1.894766932265361	-1.336049587890409	-0.3670599718721023	-0.3303248586862555	0.9588504383184406	0.5612353541867595	-0.830159383890433	0.5444568507381894	0.8584902759208696	0.8802889296495029	0.4982515910734716	-0.20343985597233424	-0.9148339941027832	0.8343172886842106	0.06742323842702991	0.2949533265005627	0.01988069317305482	1.2353918000492943	0.8921570774886145	0.35279884552407514	-0.10621870825508496	0.48308680595062803	-0.04486866992726228	1.4456060283327405	0.2995007429210363	-0.10785903423001723	1.183437468822864	-1.1148541776058598	-0.2646914925771545	-0.08424086436437701	0.5512228678653324	0.3393134844228754	0.33602737230231267	0.5991746231927332	0.3875525227451647	-0.9610138681467363	-0.5083625021770087	0.8571810314166126	0.4344524104394886	-1.6856898862379022	1.0230444277419823	-0.2479096109018336	0.3575526595996746	-0.38212723664117837	-0.10261329644722138	0.23151609310176394	-0.29063947446438665	-0.18574129554458152	0.26516282922102197	1.551126804535392	0.08569271932778097	0.27952905374349335	-2.5505403079140736	-0.24675768009494642	-1.7012382689959877	-1.0392260844352128	0.34965359832094817	0.9951086825938942	0.6548635238555194	0.6907464056379112	1.171640075448556	-1.1641933650382028	0.6926279985348971	-0.24642055434222113	0.33619451671199796	0.8238573279702557	-0.062029799751562184	-1.8632156207687647	-1.693117849997026	3.6221791267821213	0.916382716574138	2.0742003900192447
DTXSID5051650	7.145643765094103	11.030606184867885	-1.554362233122957	2.492596306524105	-5.118885882194746	-2.3827509379186984	-3.2667172637635487	-1.811884867772495	1.4893551831534204	4.53855642203223	-0.5261729829879631	-1.0520318176858714	-0.5237919051503902	3.5509980780857013	-1.2970894852619668	-1.1231466688715852	-0.2455884825209705	0.3325876906051544	2.3119578737479043	0.5633909954287203	-1.6602820512059244	-0.02070977248414609	-1.1471762035152748	0.21319922653610035	0.40035425659370066	-0.4811215467681945	0.3944566658067494	-1.9909000801210135	-0.5162125015498213	1.344416477914311	-0.4460482538027558	-0.8762011753402589	0.971541500211489	0.9440977276670827	1.1084881447379455	-1.9413886988392535	2.1068606166291444	-1.398004604943144	-0.22222256928520898	-1.2809849502040862	0.5688743979709212	-0.16326055679915075	1.494943355085762	-0.8643054779380377	0.20430636480960387	-0.32920317362164553	-0.8917542236539986	0.9353638046079006	-0.7865635377615032	-0.13219149569405617	-0.3161137544927714	-0.45929324948528494	0.43371626654544476	-0.20495562670645426	0.21458817160526686	0.9625834947550774	0.6942987338627463	-1.0244281462939553	0.9251318455052056	0.8687735064654879	-0.8563930940904837	0.24420703320316223	-0.8303766896169523	-0.40053620351266084	0.9112068862037385	1.471918209701187	-0.27583663591341007	0.2721534000172564	-2.2135701934944145	-0.2725435117482382	2.0933460840519604	-2.3706652478373	-0.11791240603492464	0.532114925192387	-0.6955843260880622	1.2250300874009532	-2.358863512808422	1.0097146750744106	-0.8570742204687306	-0.5148561901314528	0.4313445242628713	-0.5079793355508899	1.4063666182136427	0.6004079230208652	0.9945386464896886	0.3628997433012158	0.0043604832248161475	-0.28648181828537855	-1.5373478207176272	-0.6810443151132929	-1.120804938901765	-1.2103330791829048	-0.28112730232314775	-1.112800488574712	-0.5780645879117904	-1.1133161470518882	-0.21863844002877886	-0.385410618740632	0.1662003164505798	1.0506543241448285
DTXSID5024392	-2.151311964271037	-0.05318154105888307	-1.9405969811973705	0.7526257459907255	3.1179389570585827	-1.1467537561834258	-2.3500733060012626	0.7087486521395995	-0.1101343777821122	-0.03331324814427272	2.2545342776305475	-1.581159448770237	1.3209082123072524	-0.24998978884372153	1.1977792004137242	-1.3114336830054796	0.7982743735299302	0.352992713188105	-0.4415424317879205	0.3591644851995612	1.0005045778972308	-0.06875364316143918	-0.6283013063184081	0.5124508144716978	0.14033796985105307	-0.5268018656037358	0.06286768629306068	0.39138712521995167	0.09352798707401266	0.15260374370566693	0.23507047444692097	0.09463971006785045	0.29079143598301593	-1.4528838341763042	-0.23411283853629694	1.7565882171276208	-1.1187359563215007	-0.05854098663012461	-0.7716596790562688	-0.1678123216792236	1.0319507387637585	0.31143288268779856	0.9459832509258975	0.1878475176463192	-0.0061020647758832265	0.16744979144588912	-0.42570737929740143	0.9683268628729997	-0.04164242883977993	0.09294921371410958	0.23069601514887586	0.6635707398084382	0.24770028226403537	0.8562994828285893	0.04423720689101634	0.21738213219156724	-0.5033609057833827	1.3341890049893639	0.27068335687678036	0.23458662321857013	0.6122616103684927	1.0782284506893385	-0.6088955965990519	-0.11349298122549711	-0.030059328530706024	-0.11750660244613857	0.027781264705589566	0.16131656897800445	-0.10752411044438553	0.6619574450144649	-0.6110416577432938	0.41784574213537545	-0.22956457107783115	0.6220056949664172	0.3494159474109159	0.01831322972315004	-0.9916767028623058	0.0554558297152808	0.08221163677530888	-0.41005067531210243	0.4220714770753249	-0.6616157261578298	0.955009192975622	-0.1300037015208625	-0.4184369498286098	0.23231520844984646	0.5215724398146616	-0.12667567759980983	-0.3466900055341784	0.025383239698868434	0.8275053803058424	-0.8437137271729208	-0.0804037941984647	0.04690875432376273	-0.039705563665950745	0.10919722961038125	-0.07168050126916216	0.014212484874346553	0.09780213726675323	-0.22360924649309905
DTXSID0045090	3.079257122678301	3.6762888743937716	2.1550420470514577	1.1018182949796094	-3.0541057321245004	-1.8807178902109192	0.1882541088743249	-0.05434142103596279	4.323729436743567	-0.5717483186437691	1.309326202354428	-0.1357517773345134	-0.5443388985548778	-0.9822513553503167	3.145536501250665	0.01824460007801156	-1.758476025046153	0.028453360623695866	-1.0406496853071356	3.670598383604074	2.9186900198641412	-1.1144668911200504	1.5934845831969453	1.3279792284050576	-1.0509424107265262	0.7454056363974662	-1.9110134726462973	-1.3601200060350493	-1.0907041135469604	-0.2855532680157138	-0.8534625616578213	-1.1910837408716488	-2.619505023593615	-0.5559335817813836	1.1856620962588513	0.54190183651222	1.7908885483049928	-0.25920849283588	-0.7702982835853904	-1.0801144012638906	0.49355486808462923	0.4697128298345517	-0.1981134728588941	0.7032375305093211	0.2906404258593887	-0.45843247819970606	0.6247445412509414	-1.1561887289735775	-0.31678853992038913	-0.3417312858014203	0.13252165238482044	0.42068247757528604	-0.1097284437000262	-0.4406462484281378	0.0410239597818744	-2.2887999985921197	-0.5921866715542176	-0.19178485523524308	0.2112112915746257	0.8254615088931803	-0.034826720138438495	1.9147083872730284	-1.9073101463719413	1.244975613998899	-0.48179609052751693	0.2808482356129319	1.0042740970375712	0.6937244737119262	0.2802997142770928	-2.231824383920916	1.729226447937148	-0.6912999937644395	1.164205525171407	-0.9136352536094126	-0.33743170132854333	0.24973945417544394	0.44513889719600475	-0.4761528066125205	0.6881911127865179	1.1343712780167867	1.2213097581106644	0.515312870226173	-0.7885171248766188	1.0152139764655792	0.6740084129418281	1.225311594204522	-0.9435995544133615	-0.5180617368965065	-0.18992378147085312	-0.06427912008109206	-0.857621366400557	-0.41097081142447217	0.8015538426593358	0.10329112871463529	0.1803807508269981	0.7442730516679774	0.891106721102092	0.34639584883970115	-0.1452972046858365	0.18550917718876422
DTXSID4040682	3.0495069247793842	4.34052536141114	-3.5072654182306113	3.562571794847378	3.9214585196286906	-2.306027385103676	3.5404842475359586	0.46754781988154515	-0.1838929773164026	-2.988229659086018	0.6999954566649661	-1.5539509839883743	-0.0653697583458828	0.5420485597212555	-2.8183814329545345	2.079840353043275	-2.0025571488372083	0.674325339109267	2.057581238491486	-1.2117309801455822	2.7833449718767165	0.5729748067055008	-1.341683952669619	0.8229085289012202	-1.278678436205881	1.0814384366736196	0.7860749835185822	-0.6674375854843574	-1.157288264790019	0.9982199707678986	-0.8257047940773925	1.4067351619811261	0.6079088954889639	0.45114051256521887	-0.1223156594834609	1.1772021034330278	-0.8893443862015968	-0.46444643795344437	0.8328565182332898	0.03729663476413598	-0.21513372077352438	-0.1125133829381471	-0.27126953482400157	0.7622554861156726	-0.43193663117759673	-0.2937096913319526	0.6119881768447335	0.5487015879025376	-0.4716690962860115	0.05985473831298755	-0.32911925184756624	0.34662091569979586	-1.1464171130391574	0.1571048785876988	0.7326055461005782	-0.7647466229632014	-0.3677477284947173	0.7661425493600746	-0.787744226775237	-0.3126854572296727	0.254273792441288	0.536114065541527	-0.08686916473886486	-0.4373406021492246	-0.3092794659882647	-0.48862338228963587	0.36024126204348517	-0.24053334526418307	1.0927750276187331	0.35293172130388484	-1.205376327329799	-0.48784507345655276	0.1052569575984129	-0.032813607282389155	0.7025294738576293	-0.13296792989498657	-0.2464993401348077	-1.0757731987905363	-0.7366218039711883	-0.7603946704461066	0.4447041821725448	-0.9088814199055588	0.13487493432839306	0.37044435153443395	-0.26875839900010656	1.2099231036536227	1.0833814861874684	0.27483465511229743	-1.5662502495022024	-0.33949231667257385	0.8230225138451621	-0.5213541599422962	0.7039664159167601	0.5699873172324674	0.7796298619184396	0.9339993020964136	-0.22919079492068128	-0.15761668757298286	0.8202176090639959	-0.4372841243785046
DTXSID7045152	11.577975511956923	6.567315222117084	1.1678405964990866	2.377698947417491	-0.5645784884223815	-2.1359335872444234	1.7072727904735563	1.030607612499914	5.976614850359154	-0.2510309107349801	0.16635718596932514	0.013257754947694112	-1.267983695651867	-0.39793294563778225	5.555879867499942	-0.6454257213540397	-1.99309552764291	-1.0119034377041918	1.0372387325399826	3.8320313975543048	2.7438804555866736	-0.273225657152112	2.324483861826651	1.37915379696484	0.4615867510427378	-0.803126463752766	-2.0337464507913734	-1.2856199647761344	-1.0241084395732205	0.8250660449502097	-1.056152469903018	-0.8948276179440273	-2.880056207052264	-1.1968310896545755	1.505317801592349	1.8870343395144786	1.7339045505766064	-0.8971976322017927	0.4074733913164362	0.35691799133305546	-0.9338822282903472	1.2257797538239334	-0.2940558502781945	2.9241201588256267	-0.12241312423962158	-0.2356706137452453	-0.8239530986218389	0.5861078973850512	-0.7844598091701029	0.4889080966515239	0.30005785089618386	1.8906837369396363	0.35212801499603463	1.7921995870936112	0.20947041958409976	-0.16946509354652622	1.8683964607354127	1.2289258125301077	-1.6011937236803817	1.0808285389694687	-1.8705083410909813	-0.29434975026864724	-1.8734973304784648	4.26743100282322	-1.2666518786449659	2.6728777682436164	2.9391866011905514	1.5959220015694837	0.513535442027326	0.5281412878138303	1.1911923425710198	0.8625332222496133	2.26447467693482	-1.8357543010493733	-0.7115826200598426	-0.18756241668479237	-1.4021156742831085	-1.7849290140151004	0.3446149826237822	1.8404195028689478	-1.5118457552197242	1.6087084665805287	-0.17048967268182177	1.1585972595385663	0.45414076306828144	0.8706175291744248	-0.3628158423635733	0.795867406078641	-0.7795038894573084	-0.23797670697702233	-1.945216387863486	-0.07696021608396092	-0.5152674280040705	-0.01929972550827724	1.0587384398538326	0.1228608012522771	0.57624875634639	-0.18139977485425887	0.717139580356642	-0.5912208395532584
DTXSID6042602	11.516808926825412	8.31097904135259	0.36777375418631514	2.789406170762811	1.0631408622126806	-4.503455327779657	-0.8339838358433113	2.557745748241382	2.169535404279322	-0.8350494286890001	-0.31457368148774767	1.060581803550479	-0.8389458701553465	2.9883280050273084	2.7418604461857705	3.0801310209368284	-3.4775202410129586	1.6125343196322723	-0.10863973113224795	0.6264458229705288	-0.9818017972900426	0.9971265017242658	0.6865176179718305	-1.183375872853121	2.2411303108730554	2.017081840083867	3.762767189831404	-0.4579873866081294	0.12510344101700108	-0.07375517212109964	1.2227630435590215	-1.7242014771828222	0.6093073568620504	-3.6008803925888917	0.7337715758347991	-0.05821398584462316	1.549913478967307	-1.0332884162813596	6.012252741892716	-0.31226819374192927	-0.24573005098269263	-2.388774359479619	0.029969530807311132	-0.777774087777735	0.4468864786936214	-2.8425463381407496	-1.986426614182294	0.7939523114883675	-0.5749716004008519	-0.13356887779055565	0.34066605599945243	-0.9978084968396006	0.05485666603721781	0.5100732844441783	-1.0896265761880237	2.3736472959475723	1.1526776707067623	1.5307781894408727	2.0921637224004836	0.019323477739352453	3.7008196424546758	-0.491355881564789	4.070081384835546	-3.2846914084667453	-2.155155462795989	2.0505165744364358	1.854943472435102	1.232104651213106	-1.136469573938932	-0.23333327664542494	-0.2551083015032728	-2.8225716590478442	1.3676024479763869	-1.0760680195603425	0.11012110473169438	-0.9178516662103082	-0.7547421648701307	-0.7995052604534003	0.06538010621446803	-0.39980679246926826	-1.12833527077921	1.4254534049474648	-1.0289905985411343	-0.025516250283177198	0.5975270896522777	-0.6401195014059872	0.27762398199825394	-0.9311130266301265	-0.7404187325422549	0.8668969706958712	-1.2062421730768336	1.1057743559374509	1.6766807289361128	-0.8944267169189111	0.1366395191647925	0.921307553246989	0.13957396096155344	-0.49366280496782877	-1.2286529664910018	-0.48573666349082517
DTXSID8044206	18.644009995902085	8.587104082921472	-7.417615330729181	-1.6393338197432858	5.038321112400375	-2.946841018170331	-7.540212619864726	1.648788382370441	-7.134814597629681	5.605335691533424	4.947951819870012	-5.395385858360272	-4.133149362811044	1.1453221450090536	0.3466354284191853	-0.13619552352494718	-3.0266214601723913	-1.685508698751658	0.7146117610575761	1.9207393109146467	-1.0241965314235904	0.4173344724061354	3.8771766163787804	0.13092633208989732	-0.1666739930912593	-0.2845847089925644	1.7760042170157049	-3.381770294307721	-0.6481893634527023	2.750608077035305	1.1639263998883247	-0.49060303166718144	1.7287818243202877	-0.20914950108240346	0.3867141747114155	0.7920267283252502	0.7509530587470513	-0.02925601173935796	-0.009859144191983664	0.6358128205173582	-0.40763565414966524	-0.8142610966842584	-0.7401214033524903	0.9479831752688875	-0.14118952690249692	0.23598854996431257	1.2763845534552098	1.0813451770037872	-0.2186774988691467	1.484590883030166	-0.35206034818218485	0.38864119596288776	0.7387051010929159	0.026857228287185696	0.05636370483173964	1.3914993518440812	0.21447889408458987	-0.8422608718382438	-2.977439847887674	0.07206540047034088	-2.15917856098223	-2.03175488655655	1.9675238603043004	0.017453199868265525	0.3571955745620067	-2.9227901527501747	-1.8062658624044357	1.4200143493316144	-2.7351335473505953	0.8507750522864732	-1.8611629059797514	0.08490512103331202	0.3997705277123985	-3.4083607220206193	1.669218869759404	-0.608324359320682	1.2967039077369389	-1.2864306075274714	0.664213955276939	0.3483859506465576	0.4239584920262682	-2.280707838232216	0.008524063828415139	-2.213791794114771	-1.3790314443989427	0.47942674620447817	0.8721669851108506	-0.1505772975051363	-0.5774556657160949	-0.16615803926278186	-0.790039578620939	2.297338348382511	2.757142594758022	-1.3901184134984423	1.7439851475013735	-0.7815704334773561	0.93810857260886	-0.9972939188374006	-0.8590677116944031	1.8598220069329896
DTXSID2046200	1.4687930613477458	2.4461261268225023	-4.56475785116491	2.6153033474767886	-1.4470499428638213	-2.5822966678264057	2.2564896339354013	-0.30174547015784914	-1.6047553656205162	3.112702881036375	-1.2178935287879538	-0.7427655349003656	-0.6689909144276107	6.809653966548358	-0.7923414081007057	-2.563585737650136	-1.0793221094225274	0.11533980103912654	1.3344299346108366	1.2950312919630502	-1.189718753211337	-0.060080956263844194	-2.6085368687577404	0.7055457843311597	-0.002741127793804303	-0.9640045186888835	1.7330339640167058	-0.9878926643665328	-0.37517949691662933	1.9410911078814201	0.7161420018073491	-1.2726593676853093	2.0965042923975377	0.7517347221895291	-0.2583837112956235	-0.36224305397859097	0.3818352531691244	-1.354807895860553	0.5235045087093465	-0.006255121032525896	-0.2299289353043726	1.0010832234700866	0.07835008355554832	0.3736427827639108	-0.4674958228063331	-0.35934104653224275	-0.19901914049994196	-0.35904196405245997	-0.6100816413276202	-1.28235934627992	-0.017197279882276366	-0.07827451099649056	-0.5649488562523827	0.27475197705726023	0.7949652885246155	-0.8836760984185208	-0.06571234954196832	0.37885055426587577	0.4582351420022898	-0.36626786958731417	-0.16277238730897098	0.6769238300068163	-1.122182325359868	-1.4334738427532903	0.23332887106851363	0.7647333497737511	-0.4406682737110501	-0.2091908608170457	0.9105853940803826	-0.20422037112539768	0.3092959513477688	-1.9182476683313758	0.8441476145346704	-0.08162222221786454	0.3744976491295014	0.39344361456969457	0.16583141618937	-0.12946284333430844	-0.4265996902718843	0.1760509772098687	1.1414730359194225	-0.531023807526918	-0.4051392010960832	-0.2606615380533868	0.41115446466342576	0.3735115092747404	0.49750873913338783	1.7264656570612078	0.22101329981244222	0.04279204523034607	-0.2817688378013734	0.3901099645980013	0.5251983308889204	0.4146825441412916	0.34853258053885255	0.36505481490606245	-0.015045469998336598	-0.052181851134671164	-0.34783202196158314	0.5406733989121247
DTXSID0032651	-0.8750006939864844	2.6321667367950856	-3.5889621900106996	2.585627918820449	3.449648035984424	-1.6018404574497338	2.1679825541001083	2.80559241589122	3.009580713896442	0.5914461249893035	-1.0775171725729524	-1.2878752126863986	1.2529116834448435	-0.5134226698964917	0.6851090784057732	0.35426874500422123	-0.1485461143577328	0.7415602461587709	0.0272745510105479	-0.9217921291348754	-1.4576976722771202	-0.8131918935307468	0.40422836842812426	0.42775449376712604	-0.40408951624379547	-0.3175275257455725	0.8815349733443709	1.4671121855104212	0.7586969805299533	0.4728531144181077	-0.2705858499407513	-1.0153136667000187	-0.6742738139747271	-0.9072156110759964	0.006039745303084937	1.054402557768429	-1.4388239667111598	-0.1193070927126077	-0.13004913381290015	-0.7894008777403645	-0.4641096346642173	-0.21695135800286475	-0.08024751433521173	-0.02778200532641527	1.1281186534155603	-0.2193147702141963	1.0941007766890627	0.7912277787691593	0.0824835014270222	0.3346793345167813	0.028669189960494647	0.9961875205949942	0.9081560665469276	0.21530168138568853	0.5875758044118641	-1.0622677133207843	-0.39494349191291916	-0.551064819113792	0.9984062503843603	0.9357219114471494	-0.8934784174885166	-2.8511628262027493	-0.35495810135656536	0.15328100891571322	-0.37979124579425816	-0.19652409177346344	0.7644010038916285	-0.2985170266688564	1.501979196663201	0.5854752970821514	-0.5401423835854133	-0.6215738098581663	0.874051684048141	0.3245138178432318	-0.9860068210427249	0.5939297960959222	-0.034052181177415645	-0.24804754446224472	0.1798457545057513	-1.1779045976947746	0.19615943563771443	0.11469498375029386	-0.009650526641097265	-0.017727879235707258	0.7221344570094397	0.4705305920201701	-1.265624843370095	0.7517185494804577	0.8479176424031959	0.7581284386118493	1.0289124671987158	-0.2584873471628152	0.571816980709536	-0.9314306333432554	-0.374424782880358	-0.281272245238699	0.4828991693754116	0.39070008176092247	-0.36623030895200753	-0.17485159705332257
DTXSID1049354	0.18964138626905838	-1.023243335528022	3.3116967240974495	-4.6903297428950905	-0.020108523166584784	-2.2003909246049633	-0.588839956293483	0.7312122606521366	-1.0264285055984277	0.6662568294944675	3.2456289657831645	-0.20352111960922833	3.085953574792705	-1.8745559051513316	-0.5852555136315635	-1.3921090924115331	-0.12454430505208486	-0.37479603161044456	0.2523117261458347	0.49945269524625274	-0.2762468464667891	0.854801553832049	0.14660148031002912	-0.29618715731956907	-0.04079920185509575	0.9417277571853268	0.9374124754618283	0.14433256804267466	0.10595229809114763	0.799000293566725	0.6934080758989438	-0.5893633661896299	-0.18791784466916928	-0.20556110134221534	0.6906698269343513	-0.2523227984489524	0.16302716307766352	0.034251767727444066	0.8316242391456087	0.9234317874664878	-0.22784053200326462	0.21088647885797626	-0.5676968756615026	0.1667666263631657	0.06906832078543973	-0.11380096331802828	0.5549020230306169	-0.25851584551577966	0.19708545866531715	-0.11929848944380776	0.17761204255632992	0.035349036303007286	0.0741046849381088	-0.0281687694911075	0.32475406475254315	-0.47454445300209436	0.2026018662857255	-0.6253537053910807	-0.028173866993896474	-0.01211361946259074	-0.08440338335991183	-0.7122198604181036	-0.4677924537790829	-0.12753667091513926	0.3098710148684122	0.5316681034562056	-0.25525577312022857	0.33228350705373677	-0.4453136637355399	0.11666535945680018	0.5817768699400394	0.2804646906897013	-0.11182678257323285	-0.2639557966336913	-0.1339636494325047	0.19119281666219526	-0.045769246420745	-0.2082118492196253	-0.24562389516141772	0.11944687421398414	-0.17332833271600068	-0.616740773537249	-0.3846611357128388	-0.5651591213918045	0.24306640862701845	0.2646609790103869	0.03651791017568495	0.17589693214847282	0.04149624061631673	0.03582423904745237	0.23433715075135847	0.36521227576628157	0.03979714828871951	0.06915235543007986	0.3052382463973381	0.2811619294431892	0.29239118659684243	0.5116112598646989	0.10906164132955583	-0.0936228881602687
DTXSID0023038	5.144631250772384	0.3320409137889326	-4.1697392349873725	0.9223202530996036	3.4659221985822493	-3.7156287287818954	6.4423924234305785	-0.1683233606854099	-3.381715844798611	-1.89169477539998	-0.4754652887369155	-0.4889451403513238	-1.8683240557637624	3.813586933332045	-1.808189446886245	-1.8496107711702336	-1.4418468787245462	-1.2354590509379193	-0.2627865282650724	1.0495027857447996	-1.8040233986341028	0.4952378097315145	-1.4507504872281614	-1.27773338076984	0.5282424944728821	-0.47878818632859255	-1.468334054088904	-0.4235128580448819	-0.44283813936259175	-0.44260656183068675	-1.4346083123498947	1.5130345451742144	0.05512390750628187	-0.4407683467094751	0.536023688413095	-0.32067808398148406	-0.6562012916488134	1.0512884867571513	0.7517707859998484	-0.5329842028874539	-1.2771351301721052	0.20682585153267713	-0.6543927589706068	-0.005036223499716264	0.06879235364137563	0.339288707766541	0.8267897331428976	0.10005290484156361	-0.2926306975653525	-0.09258399520661033	-0.3421181361790456	0.5029085741642878	-0.5255751778301967	-0.2545494918113084	-0.3151411441536427	0.24121375428785544	-1.5663582491182317	0.8808974892573546	-0.8581880550841546	0.5646480069390193	0.012890181550140318	0.8899452439992591	0.294539334342164	0.960732528172932	0.16896053367989178	-1.4301917572121685	-0.29079509735665104	-1.8416246887611554	0.5110089441019554	0.6281814429727385	-0.13134150267441205	-0.7137747015487451	0.36309318116415307	-0.45876938980824444	-0.9145320289237305	0.2862914433432746	-0.48518981901123215	1.0190937331387144	0.6703690530493869	-0.33417429995997355	-0.03824858261984252	0.025450629547849175	0.27265998578480355	-0.005475340213842146	-0.6706196339968344	0.6259903852472164	0.09203271321397717	-0.8635078056051949	0.5459398622995952	-0.32887410734007994	1.9546887277380072	0.49385411201177765	1.1282896414710646	-0.34128942018536945	-0.32999268182295816	-0.5445105777917417	-0.017127945564295168	-0.2674406153643351	0.15409540810368852	0.029727028916140617
DTXSID2026943	-2.5852763683939117	-5.857597655173978	-2.7190576992482023	-0.919549094615768	-3.187899564428976	-1.0560710564729319	-2.130287941884663	-0.13700960866361084	0.21226101667411518	1.3827955478168674	0.8495556225226488	0.36551200479729656	0.5501982947551377	-0.4580541108054393	-1.0484363026923296	1.7783354717685338	-1.0704828613408492	1.1717138964517992	-1.1684261380475307	-0.2733706312424042	0.046516000941074644	-0.2960565447836452	-2.951469336969071	-0.6432293282807579	-2.009828399709865	0.12257475286996823	-0.5469676943746821	1.308919689123083	0.42527227321755057	-1.168230792668307	0.13235459028895982	0.5775860544654334	-0.7431374553041182	-0.2513304506773159	0.5662564274920153	0.7042953640149129	-0.30536093361533173	0.8027779471071018	0.48409539860143797	-0.578133292897285	-0.16185241690316537	-0.21209234815914202	0.5890265549040574	0.5126967291382634	0.4496038635881163	0.3284964915246035	0.07901039168334906	-0.3783871512654238	0.03034184445083536	-0.03398017375963037	-0.07009439905279162	-0.14463001985643448	-0.17881177573856974	-0.21789294522346106	-0.3902511475620143	-0.07301894917884634	-0.3624284136265939	-0.44027270547695574	-0.0662582528948984	0.5782161722812011	-0.5570281976947491	-0.22409011044766666	0.4970669205599814	0.614201987110354	-0.8804851434524859	0.17689643308941247	1.008611384881897	0.7334906050059782	0.26784593294627934	-0.5686322043013406	-0.4441562788332435	0.20115190975322186	-0.5114073529472759	0.29317296728346454	0.6349168759366022	-0.3348851412645881	-0.3098645582135467	-0.10360288312321257	-0.5982504248341839	0.6822200607169664	-0.3979296874103782	0.862458559187967	-0.11673782188845648	0.38434841309992784	0.6569525927953788	0.7289475666927046	0.589247338107494	-0.05458323021317268	-0.12804983704080122	-0.7718874993317586	-0.20972930360705355	0.012686406268378277	0.48796076207596567	0.05418384357313742	-0.34251568393812265	-0.2234409998433151	-0.8993605447900731	-0.2782284310407781	-0.5735381517370495	-0.06744355536528483
DTXSID9020374	-0.19934200234516197	5.877043360036345	0.5918880974417458	-1.152536872957761	-3.3617734223357343	3.709098093911224	-1.2725605252264214	4.47500589098762	-0.5965338892888362	-0.10317083354945975	1.2347455849584719	0.4633805408384451	0.2608454074426262	-1.0314363023028879	-1.7589068914136876	0.14040819424509396	-0.24975375533285019	-0.41845227083624903	-0.4234151099599302	-0.27819712139009384	0.3225600394604656	-0.2921652557631677	-0.10868917819280674	0.40198374276218546	-0.37688291140376534	-0.4004945596813439	-0.3801435681992146	-1.4335092422852167	0.36344236114336576	-0.5108398530687549	0.10344399024558786	0.4727746795742472	-0.8119833752121555	-0.5636245546025436	0.25268536272390973	0.04430439639649156	0.1241859208469002	0.0016239919177176046	0.1859032083469944	0.40893618984391844	-0.5036084833573703	-0.08588625440503052	0.08190499287786158	0.18131786297979163	-0.03217766430177454	0.19517283057839274	-0.4129653284741042	-0.06062239486784959	0.013709136771073487	0.41324671359084203	0.03305417510617009	0.0787090726284913	0.03901080322012332	-0.23709958030777437	-0.08044722555404549	-0.30445062867254485	0.08455009032846278	-0.3056267999027454	-0.20674031476199778	-0.1486415522380453	-0.11880519125846324	-0.03559468677315829	-0.2776500695771347	0.20853123326171005	-0.07928598379940921	-0.2043542774491125	0.35465472218470134	0.07559901648675173	-0.37309990008649185	-0.2877649451145158	0.7955184198708498	0.07685838235412831	0.3876669263700772	0.5738851806707305	0.6134615206626617	-0.3724677439909819	1.0192057647304167	-1.0894259878199468	0.20285173937826229	0.5446740382901699	-0.2126845033170527	-0.33877474243244665	0.4084264206116506	-1.05963967517443	-0.07425042967218579	0.41345846795682034	-0.2795992957496025	-0.07463571910911732	0.10305679934258935	0.260559402027751	-0.08938081627246097	-0.013967884308563636	0.4426177450839687	0.4382665343893409	-0.06466595986712248	-0.009460341102617285	0.23725299946262685	-0.26365747532521705	0.31343052165124635	0.14469586771186205
DTXSID3047897	-0.16346727249664297	-7.2921026003657845	-3.757875999664504	1.0805187949607873	-1.4386367090973855	-0.8094147955391715	-2.924652991329742	-0.44852904843294117	-0.6040950141853304	0.5200187811788806	1.0194716231855865	0.016646856495659758	0.7167693109089162	0.17169401031652642	-2.887973083624229	2.4613814778273624	-0.9677313784004009	1.1617233198291192	-3.1786789558590396	-0.35767883636532927	-0.189299067891668	-1.0807048400779617	-0.1143017367324122	-0.47429840533318235	-2.3467505081829394	0.7117060883381368	0.6374589459795947	0.1687773584790288	-0.01191146764750768	-0.22297272804321913	0.2942741207086261	0.556745458324806	-0.18379109804751104	-0.1462556377413264	1.0858700318382437	0.199842087586488	0.5127386057132677	1.0946176044566402	0.4018818976485533	-1.1775516201641938	0.24942540058149373	0.3157020375938714	0.23826639749998138	-0.679821252869946	0.23594410779712607	0.585588270710844	0.029427274082660954	0.3278387502784284	-0.28309844965582615	0.01770531174153263	-0.025139317033402907	0.5876320901994943	-0.17076780718193282	0.10019130388127473	-0.1911462847926479	-0.3809649325621231	1.0107130866722953	-0.19232726415437013	-0.5476070759689288	0.591277371579493	-0.3658790537930421	-0.5421628619469591	-0.351814847864329	-0.2979469527602343	-0.5332848977181625	1.0267044117977868	1.5337781821715892	0.7184660125871085	-0.10234897469255726	-0.8833522371898194	-0.6466433174007282	0.16190681544041727	-0.14740729193786065	-0.09581992015481851	-0.5633459576047763	-0.5864856323293776	-1.3803002482040114	-0.12435251776643573	-0.042471962662152335	0.2551769390390405	-0.6788605449329442	1.3280693769542795	0.17015190058367693	0.1565897687090809	0.4370621231213614	-0.2568220599330429	0.37420327354282573	-0.2702837671843415	-0.12435151559533536	0.506837019904417	-0.13189299511032435	0.22639841645477737	0.2382469119351954	0.4983663662342684	-0.3954683368929313	0.1571889216310159	0.3708643168250479	-0.39301971673406	-0.10397013321115321	0.8525778936988019
DTXSID6046420	-2.634601428107691	-3.110118269144836	-2.49982403226773	1.4129089571720415	1.1764952994970386	-2.4422624493818863	1.7119993847246207	0.8664461242916696	-1.4829122247561062	6.7022927943468895	0.08905480671424032	1.013902440109834	4.216700511719353	-0.28902111691809884	-0.5697665068642556	8.878139455731485	4.860323669579015	-3.8799490828527468	2.335267152321473	3.0406843624368745	4.185487074477504	0.12435456898067317	2.775071802227385	-1.6545573716750313	2.015013811714135	-3.6471236716492115	2.948731841939179	0.8965673255553462	2.806705865055968	-1.794913384086903	-2.852420863053107	-0.13745285157865733	0.9281416094915559	1.4453229134733467	-0.6517536407593879	-0.31238116796168364	0.7508284948579113	1.5729867746859694	0.4869317856953713	0.7841191415002187	-0.6611270702326945	1.3813841896332557	0.26975308463589165	1.4745569003819488	-1.1597491787760938	1.8910330515344993	1.3423686778191846	0.4548594308871259	-0.7376807019492285	1.0165750781503118	0.025883705604844345	2.188224760950022	0.7096564539369915	-0.14908646311915108	1.190717281717868	-0.5360687339607134	-0.7685652535941221	0.8593265725577328	1.2725854858564158	-1.0671462198058312	1.3843824411219894	1.2949752813090747	1.4721872338813435	-0.6354930557062829	-0.3952057012527117	1.9268116803129256	-0.20698554548628034	-2.581781786412303	-0.153937475682722	-1.2759874040977495	1.3933835976822704	-0.5458602072248444	0.37779959312631967	0.23841031336990437	-0.4250076062299523	-1.0127603193906414	-0.5003510352413373	1.3506806184585052	-0.27985159562135076	-0.023570505227239667	-1.0124139467015825	-0.1879772226091351	-0.2618400740644059	0.07062419743684838	-0.0570102053152708	-0.34033225927360305	-0.386874654077965	-0.1616905976966342	0.4572627025574018	-1.0478320811854065	-0.8042893596372034	0.5778726423407045	0.027696454792725908	0.8758922567285122	-0.22331109447395087	-0.3486660856640358	0.09212061905246292	-0.3368073194586442	-0.028848159053278345	0.09172684803983763
DTXSID2021446	-5.884146546507544	0.6522006174717888	1.156196885456664	0.35648975961897944	-1.4843352992256984	0.3576292352353994	-0.9718534613203212	-0.7979399352713306	1.3637734697696895	-0.479237154541541	0.6543908576528774	-0.3011641121065175	-0.3246549244499399	-1.0201814271396934	-0.17862118119673892	0.49738816222481336	0.21162664135439568	-0.037219224161912916	-0.2251002313047774	-0.2383036767548409	-0.2692504752274563	-0.30387740311802625	-0.1997878341314782	-0.036437069430869155	0.07255904846439293	-0.8041171993600464	-0.1608164642206425	-0.6778414809620916	0.016451500686529813	0.03985441800857297	-0.3697523805691035	0.21068797076290582	0.31823150564561736	0.22716595900643777	0.10540715778721292	0.09729200024108092	-0.5045953043972478	0.08766319680887281	0.14440398259096682	-0.04274840486573607	-0.5153682614134183	0.06935719206461534	-0.30221127471905035	-0.16781475465865062	-0.28001229324392857	0.2753154989358994	0.10955491678849825	-0.09685506377946135	-0.3174589037215463	0.12014830312809038	-0.07514247984580871	-0.07774416740501282	-0.09103409564057165	-0.11576854113469005	0.07541148383517413	0.06645376092819394	-0.07868639808598223	-0.166274737669948	-0.2248896588564146	0.02230325140620841	0.6188467941703176	0.11668349995074714	0.19156959958582012	0.3415852273239273	0.2936175637539822	-0.008376847353936	-0.15112618538750133	0.33418261173972186	0.47918861350869985	-0.26308491823140306	0.05264293648191004	0.19449103805324255	-0.028361971963365127	0.39954803744430367	-0.25810699498135015	0.08627862765357246	0.18385811618917927	-0.12176204254798066	-0.10196013028225222	0.27641971453941205	0.6276462262369801	0.6260474011730349	0.10047897457405813	0.2082314098408583	-0.42401598101920907	-0.5284188652842298	-0.10922193215957071	0.14040354593383747	-0.10062272874838223	-0.08397839216530943	-0.5930829762610207	0.2557192329549689	-0.4594839495802606	-0.4769594376900591	-0.22927345641034924	-0.49943571160667066	0.07140203340821698	0.2079885995362089	-0.4268228639684392	-0.4628445786967587
DTXSID7046128	12.337645902001064	5.501925756821314	-8.071830720448295	0.9010446764469306	2.074769097610362	-2.0618964589312005	-1.694451567154172	0.09106946817500779	-1.3411555415776601	7.753994323017406	-0.4919204069715515	2.0024003886342903	1.105221247003432	2.9577738123223893	-2.491802718478912	6.1011685253913965	5.668947920057011	-3.4266658111809205	2.3019381135602015	1.3860431198016516	4.704212917236262	2.6891495997780592	1.5166704106914985	-0.5457226039695362	1.7683616470943013	-1.1618285174186733	-0.47209208668875724	0.5112917231956431	1.587337160731207	-2.284448306141753	1.4783030684279863	-0.7078694965557083	1.8502842314803298	1.7311667773198591	0.16695009537593405	-1.763857988034567	1.1003449082044303	1.7429375518949053	2.174228074837232	-0.18170662599997414	-0.8383222297772777	-2.283328816439474	2.243430106725742	-1.7796265192970497	-2.9431608796177797	-0.060437601350318615	-0.674754136038388	-1.2470132492706967	0.25018678067652583	-1.8601092018312877	0.4231823040691399	2.9908267406895948	-1.4029922808038395	-0.5335248007212514	-2.629161083209341	-0.20002063582630863	-1.8490173304963147	-0.9426408218906815	-1.4895544088176131	-1.2620082321098356	-1.7421358542450498	2.2753943139893416	-0.48265853810592413	1.4220522594876956	0.36148889989594113	-1.5534589881870102	-0.2688207922419091	-2.492601145472371	-1.5959172586606647	-1.044774082009521	0.98137087803005	0.49678408565257737	-0.28378944926610833	0.5102631968544519	1.1961466418462148	-2.1282683711400616	-1.969790235161766	1.4627676810358154	-0.7023676936891816	0.4558111981986517	-1.978938187603664	-0.10143092546741952	0.21758263372667347	-0.008889565754042029	1.0128369560387314	-0.8761159975891032	-0.6386887709062673	-0.325384128814183	-0.6944091931042317	1.9912945025283713	-0.8171753084614445	-1.0876054110555062	0.3686232508886629	-1.0912603222661028	0.32793300927138325	1.891837661144189	1.4410741138618972	-2.1211383184504817	-1.8577093091947208	-2.1086921119072493
DTXSID2045109	1.6862864690261183	5.13531600888446	2.526421163580141	1.046913634994461	-2.130601538564208	-0.27089432024951376	0.4609657722384604	-0.2741606372822608	1.6107862393577117	1.0932407159801383	1.2053711024784997	-1.1698996290213368	-0.26150606789014075	-1.6254251788484988	0.47229591325207815	0.33762637778218435	-0.1664110001810837	0.01344179727941361	-0.129152822024015	-0.9972603970041152	-0.22580623411592957	-0.2093799745756481	0.5599029037857964	-0.02719918740796363	0.3655260240742679	-0.13978873069249823	0.26637685070528244	0.8673454054599699	-0.14844373676302114	-0.32165498129436226	-1.5058976902027559	0.7287562235687551	1.3905067141156775	0.3352861882182465	0.6331312410181883	0.3401799155468	-0.6439920779941652	0.20352781079064525	0.5959221006778023	-0.304307181784287	0.4571077798392687	0.1871353497183856	0.05476484673559123	0.44710934002741404	-0.8178674658809848	0.6254524146594577	0.4218755483437113	-0.25393660785729794	0.10324784531278854	0.039584278704830674	0.05462848315594719	0.21927673768182926	0.5409296829729175	-0.15385602459347936	0.37188604859888497	-0.1855682901456416	-0.12236066175696832	0.2544981918803013	-0.5252889388703421	-0.7585806358275337	0.12850793971354385	0.8609570385289902	-0.642393587581089	-0.18072471295855033	0.11330495966928263	-0.6808581946059267	0.6559187171691027	1.2357940797440763	0.2026068591493321	-0.809628669487852	-0.1086992658592322	0.10365432064595839	-1.089996306650426	-0.07255803438733249	-0.7587425692763843	0.6089974846173685	0.5123587938171288	0.6757350026499703	0.6203449948019559	0.008504584904440674	-0.4660381743551129	0.7466083701846083	-0.4197695451355974	0.8134676025597873	-0.5811861691456905	-0.4431724961156158	0.48164741492755186	1.0950101858286287	1.5728838419045774	-0.5344650281725268	0.7461217431591641	-0.3318263903778698	-0.21863969707568376	-0.5836579837086143	0.7005324139729965	0.35722774827589704	0.32300149927455746	-0.13810507473125067	0.1590928486169789	-0.0972897194115038
DTXSID4049298	13.507774666963687	2.10070246756808	0.6468326130859238	-12.949873586430897	2.3396262798523373	0.6263106501976241	8.67540035936772	-6.070846586476902	3.0704558724644504	-2.058418951996153	-0.1685835506283556	0.0731452872641805	2.4624853715410073	-2.1070554610007757	-4.212709135241368	-2.717722987102343	3.9786417864185224	-0.49671339918510476	-3.6012963089685743	1.090923358096211	1.2848631455636015	-0.4030885533311379	-1.783318138478441	1.2769680313588314	0.44487674289164014	0.7412668985328714	2.6466060082446776	1.012600788656392	-0.1269743050873224	1.1232692449451493	-1.8925185168137548	0.5737389385900243	-0.4473602528016217	-0.5448815563994638	1.1825947397130139	-1.2037463277659075	-0.046217683595532764	-0.14899106714277743	1.3901586337353655	0.21102516866834292	-0.6620890412629195	0.7701018229528213	0.13946063703107037	-0.6676568249522207	-0.41726127445923067	-0.3369686607767709	0.21645292348169332	1.0586459139483482	-0.2165961506856057	-0.49842050338976107	-0.14226997572559202	0.0008261929845228821	-0.7208299436088226	0.6813471100159493	-0.31948759523495857	-0.3746236289566443	-0.6108794646251597	-0.7755099405193564	0.4125906966462224	-1.7547057672224566	-0.15404043432997414	-1.1818327519043152	0.7838696593565285	0.1675126628140749	0.5816744377229098	0.90629910143411	0.42776942769364656	0.038202027972334615	-0.6912856952153285	0.5905834789576069	-0.02216179170330273	0.5607767473398189	0.15316247464616697	-1.9216966298947453	0.46814080587858603	-0.6111214340114965	-0.3367774323312235	-0.18370173820725527	-0.6771899382827017	0.531914904102203	2.2896473492560023	-0.2981847727758824	-0.555570417269658	-0.3705733056659728	-0.09738615651870908	0.195717805603006	0.9344490929902249	-0.5445831311011241	-0.5724384192459491	-0.5974660415810974	-0.14250870731817922	0.04013246868437771	-0.009598118880369726	-0.4722634549518573	-0.22167168483941813	-1.2312511728793074	1.1584062015352001	-0.12376257890947598	-0.439378416906338	0.3677103134815134
DTXSID20881338	2.033859325781142	-2.2546521091413165	-4.84069980024167	-10.730536058085939	1.9931825494986852	10.366884059851902	0.6747912243350263	-4.090348920191704	7.845354036897817	-1.461997672090131	2.4671550799930104	-0.6461728564679515	2.2614649076345574	6.003003008857888	0.8027489786864626	2.1501858562462646	-1.8891473588436791	0.4861901260126964	2.3637725762860424	-1.1667153872058709	-1.4688069252169982	0.7507977678856395	-0.5435897115456906	0.1309344649002367	0.5493136733256995	-0.34532661037832163	0.3978629087428198	-0.07793544432332054	0.633006319227396	-0.07881604576106818	-0.1332610859572509	-1.0285460535183757	0.08181192442913199	0.4727468033646742	-0.08770769006934107	0.5243604604258716	-0.13414177030024313	-0.2723075147302822	0.04897653114888843	-0.058555908043269676	0.2318374587870726	0.32781454600689847	-0.4327972376921071	0.17106456974402134	-0.7218582723399101	0.6312425355986394	-0.47206756116656	-0.1428518909142764	-0.15829350255816257	-0.5528186199049913	0.05318396079143987	-0.11176866997257565	-0.6258347596776465	0.31320817301426307	0.8432838038524584	-0.7710528424385162	0.10195907957264967	0.9831020180201204	-0.4162571107580937	-0.20577235607046374	-0.11730178992163164	0.6146965698282698	-0.5829716615118171	-1.6289741241261222	-0.5119781258790492	-0.264683962076838	0.1318240794491717	0.09909147538245894	0.7593584473189846	-0.2852408003112563	-0.8320535244506396	-0.33162588767553436	0.9211642930637057	-0.14374000378124346	-0.17588160208995912	0.170896013699959	0.17764994922728453	-0.9568378384416225	-0.014278004150477315	0.4218665527249367	0.5258967802838497	-0.39424403918219697	0.33924689302517036	-0.5089186951698478	-0.09515350517174677	0.47219423714062236	-0.3121131297450965	0.19273286245381457	-0.5805981037631466	0.325482324610437	0.9023521983316966	-0.3479495573389267	-0.6913280244416731	1.4174060176164527	-0.3141592333179532	-0.6065407591185418	0.5125006959090485	0.25911533732300784	-0.221080112770194	-0.41563131891204436
DTXSID6042498	2.6011276899526354	6.818549342194328	0.5962595636069205	-1.5024864829961575	-2.649118040864485	1.5990635170486043	-2.510464641202399	-0.7607174461613444	1.7487310470040098	-0.15272894964920952	1.4961884744594398	-2.355468402425851	-3.470888119219541	-4.65923912790977	0.9051751853023885	1.6988620622861248	-0.4251194643290769	0.0778002594088887	0.12057488000487587	-1.0707871667360471	0.35473469211353187	-0.5823575856569331	-1.4471731754455095	-2.451457947244891	0.2655627070798692	-1.2481892634523077	-0.6767170207879898	-0.2555994800029276	-0.34731706385844413	0.5012150686714654	0.32760611168324283	-2.2330140044727864	0.020702957898131452	1.6575608197165537	-2.273706077784821	-0.8046284526473396	-1.5879974013960505	-0.3366950134012715	0.03521478859371961	-1.3635130969948472	0.20157457342300716	0.7007290299249679	-0.6628697596577375	-0.010056108917420458	0.15946445532041872	0.03346245717723338	0.4621201300391633	1.00934608675392	-1.1772955189737182	-0.3863537491629817	-0.6497544814423912	-0.15640193523592902	-0.8101220018671685	0.06462014447799011	0.21099647427960086	-0.522645139563689	0.31737180255752145	0.2294176043805163	-0.643923841943353	-0.47531076867957783	1.3332108978260409	0.6678574712072145	-0.2545229680264024	1.5791760379750548	0.5469327266797969	-0.5350415563624076	-0.6244304458992556	0.13685796401105949	0.49366029667761224	-3.0291245793472594	-2.6625063372355546	-0.048178878459779695	-0.9273354144140981	-1.1960734602853322	-1.7183407714398302	1.0481909120319728	-3.4657787352940055	0.24087669677756743	-1.0406226363146953	-0.6267539533543548	0.5920760819636074	-0.1586367060504005	-1.8665170668800954	0.45519016113583083	1.308859064409508	0.6172778824830427	0.27021861569335115	2.4758494687724526	-0.43512120297588197	0.3462284196298358	0.07368150234009545	1.739148049462846	0.5955309562395571	0.5052475352765754	-1.1470510232832394	-0.40064928753549384	-1.6937652616011418	-0.6859765779082857	0.8509525394168478	-0.10993970376130394
DTXSID4045630	-2.2692780369102947	-3.341039510929235	-0.6194324253970885	-0.4911207990945554	2.337330910792291	-0.46053059155361314	-1.8206644574521447	1.2274030546554426	-2.0856385463278224	-0.07554520986391432	-0.7186327175728068	-0.4122955215386944	-2.065413451857781	2.439460165160495	-1.5089265150044129	0.11568044156144405	-1.617376625024776	-1.21293954168667	-0.2850752836046008	0.87745724289418	0.02386167230685536	0.1722055738941639	0.5291267597980733	-0.20502159803112655	-0.23844138194014527	1.0703961957233419	0.9392532200394994	0.6691682575170734	-0.5693968593797469	0.36007069395391256	-0.4209631041520382	0.57471049315582	1.47201309348804	0.8080537295339403	1.3281406831928064	0.7486693984125359	-0.2520748429883084	-0.17297180334790277	0.41579658542746617	0.05013223680079338	0.37215722837426923	-0.11627848944702517	-0.09306174646928952	-0.46390909787017187	-1.2203364720659313	-0.1910782687941459	-0.2542585878894769	-0.36853588197314247	-0.27093338290163566	-0.6060342880872625	0.13454013527348654	0.27086073736173244	-0.13375379941700563	0.15610682046429394	0.6382449020446403	-0.48773806026331906	0.6937660386435609	0.5953249264703743	0.18150271153550063	-0.871488162502653	0.052010025754303725	0.39516701138494414	-0.486533246995241	-0.9995358894520243	-0.052011850136335275	0.5246509702664138	0.8293251829348383	0.06328233547827217	1.5201488733413204	-0.6091123603279494	-0.9936054894737952	-0.37268867578872533	0.13384688074449638	-0.8341558353330395	-0.9839717446618441	0.08769340246445119	0.2913541041951745	0.07573158816970788	0.4418561005424896	-0.7795467569254	-1.1025256543520956	0.4369032325687374	-0.30742491509502984	1.4307290848313041	-0.6345388279303199	-0.005045689887375144	-0.4334855991796782	-0.6298377693287405	-0.43918632864433327	-0.42725139219429553	0.8957330269626145	0.4710358634390899	0.6219415645574871	-0.2219969418869439	0.8067643599840826	-0.8370045036806164	0.22867840068973572	0.21756980078853366	-0.17996320644150843	-0.238090192937277
DTXSID8051754	-4.571200880891897	-2.7340246410312576	2.1647091115251746	-0.10945901317517806	-1.0609663527480615	-0.4914634633677994	-0.01735491547318362	-0.8442759827816734	0.4076681293489399	0.4897192318311581	-0.11450661682781864	-0.23877125716540126	0.5035412247091038	-0.14456670708272026	0.21600857160997727	-0.03036086506705331	0.7677382636600105	0.4976193355968736	-0.1636292985191603	-1.1741693447265604	-0.13326130763306707	-0.6363876217096173	1.2229564555665626	0.14832701538560503	-0.39533842998066987	-0.07098439687368496	0.22615030665273028	-0.2611458309740885	0.17217062100835434	-0.35014671376318846	0.07039789924999297	0.47686183127214077	0.5019400176593724	-0.22638584468646164	-0.856707596170015	-0.1113564846274697	0.32683290053030006	-0.053458126109096366	-0.6774463792237926	-0.8387573063186234	0.4559913426144561	0.020939639335440935	-0.03779826367371359	0.0788537605879016	0.194891856032728	-0.1591930285015077	-0.21957653428402477	-0.4504962145106957	0.0391073657419611	-0.07873111982912874	0.013743462999226812	-0.43720549822740823	0.17632664765676648	0.013757821053996122	-0.12247838952079265	0.053548174361006395	0.43909986654260286	0.01124631641937407	0.17628310975214123	0.6492257041771073	-0.359671147039004	0.20449213368012947	0.03427371390561252	-0.015274911343918273	-0.9100487919771924	0.11625906347663563	0.4247279127985712	-0.24859430488513504	0.30770256994717216	0.11195656429331466	0.03287345875921081	-0.3068002687176369	0.42373844718290204	0.005982025401032312	0.45574828471890955	-0.42420392474349516	-0.11065891356678194	-0.11241222495172269	-0.14828952326348666	0.10791085024659942	-0.5043603040242743	0.06161427767440595	-0.35871387680166517	-0.03022958439568396	-0.1123734634002389	0.33956257874715745	0.5845259172993699	-0.13299778241940552	0.09679130781080789	-0.16874544409759154	0.2867919998698297	-0.10179654976149594	-0.3305823530517057	-0.16602362728769401	-0.0703354305918623	-0.008814018403913713	-0.2218887699635893	-0.44040228219615407	-0.14796401411458232	0.3760768094112367
DTXSID1036541	7.649727350758038	-2.420261048119859	9.73364921089248	5.1306678162087955	1.7546954904100298	3.389600002452868	1.0339334898968138	-1.7673678601259173	-0.6725321365355033	2.6586566221022077	-0.18886279684124294	-0.6705323906580837	-0.08238563989859182	-0.4546493770737539	0.5599757082784967	0.06590014716615088	-0.2216917683728222	0.6069914656230996	0.15343278144301717	-0.23048773754453697	-0.3028908297470912	0.06990632555330815	-1.2348454912171736	0.5024234615592389	-0.39099731510087693	0.277703492442591	-0.21207748137039387	0.200367870160397	0.29291154875110026	-0.22027857973462797	0.24956991069291784	-0.032041989994389536	-0.6554679019212847	-0.39618840032978114	0.5168182908398624	0.8591194534694124	-0.4263224882854019	0.4861903369834255	0.49891732347273254	0.36328584612851783	0.007932168341487952	0.3261509528272369	-0.08108506060945658	-0.5197107842765308	-0.024426643392033306	0.13324144944019467	-0.4930559210520705	0.44138570411883205	0.17190864938173112	0.07995238978007113	-0.06668217218854036	0.27111150664869693	-0.18153716944204049	0.014700143461616513	-0.24027743935226695	-0.42345666440834817	0.20608972667830322	-0.11985979700001048	0.09953140566493715	0.28077401412146974	-0.38328672718219614	-0.4812037609595054	-0.1972497147017442	-1.6442619461160852	0.2454971061997466	-0.1267820431242226	0.6010499523395579	-0.5512732617252283	-0.4342012507082757	-1.6008539568536977	-0.27225814489389943	-0.3825802026859275	-1.0501112859237465	0.39073289059256705	-0.36678168710939085	-0.30441923535532833	0.5728082779829697	-0.07626066534747608	-0.051193675443875236	-0.5034843389692067	-0.6468437132260748	-0.0972599852443851	-0.5181206292268281	0.09142060725976797	0.0148062535561154	0.2154249877025664	-0.43543448349711805	-0.1327941210964887	-0.08999379749933888	-0.018907636014464924	-0.2776543659867949	-0.42133303416615964	-0.40389480715551596	0.44393969126862554	-0.09253900875175437	-0.051355929422760085	0.036717002187620425	0.08380408250323113	0.13740584479385393	-0.08671704331407268
DTXSID8041246	-6.084626332215045	-4.433858099068008	-0.7582045885665079	-0.546976957845174	-1.7813153772311372	-0.45377727561123077	-1.3538983925648578	-0.28482393539657447	0.2285541581769092	0.8884450010078745	0.17169456178245715	-0.20025296392357916	0.14491833940449111	-0.33374268112046074	-0.345899379667556	1.1943955243713977	-1.0171628054733366	0.6403717261370764	-0.685056642375552	-0.09431061490895203	-0.05381017384519645	-0.12911161421854947	-1.2258732721955383	-0.502751321092845	-0.2857997836163687	-0.09333474906615091	-0.10627084850979804	0.3989142827772237	0.4363571203070368	-0.4705101211386041	0.6752585556884926	-0.01833779956143724	-0.2624115199894793	-0.6941388723142831	0.35585525556012904	0.18423175674612566	-0.07543052703315686	0.25072390474081585	0.336988822270398	0.020601865362321174	0.13004061264872055	-0.07735721923470608	0.031481696478975196	0.4399645048241609	0.08749530027685011	0.48832914381720055	0.2176715243145177	0.01837747420845527	0.18216819583557428	0.10313186089378487	0.02716124793933268	-0.016856555579011744	-0.007963396256883687	0.06379482999153879	0.02451026107608281	-0.38645139565514375	-0.12954688287519212	-0.16570854645615687	-0.17233670232727882	0.3367384341350883	-0.4214339790765936	-0.21793773692631177	0.12968227757232273	0.49598934496557634	-0.5377837491126174	0.028764295235970568	0.4936078864519483	0.18053402727200127	-0.5510044990906497	-0.013890907568214513	0.3007133544752102	0.12754014072605555	-0.037768860820161225	-0.015873086479447143	0.3719850113922809	0.26814736025091007	-0.15320756450595913	-0.14357208320689818	0.12637230630011392	0.3878143324255188	0.264593712591357	0.09892993243331648	0.4737553654210238	-0.39016786000777776	-0.15605011346173006	0.014359273695363491	0.4087854921878105	-0.3212737288622307	-0.3873931642323765	-0.021408345137557256	0.3052163024124625	0.34332645888782376	0.17038099832955042	-0.07702709872175766	-0.1119690806611135	-0.13512460289218045	-0.07824254688234633	-0.11748798588082748	-0.14315399683621655	0.3908307244318072
DTXSID3042180	-2.204509037595061	1.1213613086718477	-2.274517716753523	0.6773718129973909	2.512758394506429	0.6485825358876431	-0.27088443278979385	5.334745329283703	1.8771068492257312	1.077243110812338	-1.7379997659520867	-0.9026026028499482	2.1086790668314683	-0.4428619988625909	-0.010107461821903608	-0.15833892425847654	0.39773859595308747	0.30289271858314215	0.2839885720193231	-1.2053021750271073	0.3707074588276091	-1.3772434365891681	0.05571130051447352	1.3680768091565216	-1.5074851368759377	-1.3502236369470293	0.4047621266331294	0.14516662570294958	0.6120463864364629	0.2677864711508977	0.7623557756314824	-0.015240504618820327	0.17796241857981035	-0.7874213603896294	-0.8946660883594423	0.649589706594992	-1.57965617864279	0.2978213364388952	0.21748702754676585	-0.6020324343491681	-0.5880644997727039	-0.43204087471875297	-0.38689558550273945	-0.00819562043199416	0.13233880407021578	0.6426640326101649	0.9232589556754445	1.1986330921643404	0.06492222893656581	0.6703067668708443	-0.172136945777618	0.974698413466551	0.36489370101005225	0.25048294788166625	1.1127217960104177	-0.7692441127979872	-0.13281708882052118	-0.6016323014505468	-0.19537906868682814	0.25746955120168175	0.05126876705345331	-2.531520690244338	-0.3609823538557164	0.050735494289781184	-0.5496127580841325	-1.3393571145122023	0.6207197907294577	0.327126275114631	0.7970906251256852	0.7278424194164254	0.02906202125762702	-0.5147124528518288	0.2852217263039182	0.8464963161814506	-0.12217235068028794	0.5519379796773385	0.19919955222354543	-0.8053988501425806	-0.21833176634216528	-1.476910237163279	0.7872266560577591	0.6792617588192382	0.18142699680335553	0.44554840031966064	0.09987897490767252	0.5230922425613286	-1.0797794909703324	0.10935344043965285	0.6283817157246598	-0.026992027678401125	0.790050296776239	-0.46779097575214335	0.4786376747462476	-0.9973752182090743	-0.44719610718390296	0.47458893159916216	0.30918271752176624	0.32398878185451246	-0.28950439728466554	-0.2801805709632187
DTXSID8046795	17.909293671570797	-1.4433009126977336	-12.200501301715796	2.2259928725511453	6.1258256008452685	-3.6572526567684758	5.199236824977885	4.450457597491898	-4.753510549402369	3.595146706451824	1.94639648560942	-1.13588718207501	0.6643254950207468	1.3557214075343238	0.08989896021332652	-4.932158778280381	0.9293568483854143	-2.4002751660508066	-2.0968719376443965	1.3203708409279304	-3.611791745970711	0.5316474493222211	5.831474198078088	-4.609303251923757	1.5594423861734892	9.004709751711125	-1.9552128998183973	5.10442720051266	-6.695569520618646	4.940296200055329	0.5474027358932546	-4.051115573956032	0.6541411796789425	3.597639275268882	-2.925301280966854	-0.25987478772917516	3.3666514108070604	-15.218718889238676	1.125238691525344	1.4661795687821482	-2.666476652946736	-2.875457418846601	3.550423396681005	-1.7394075778405116	-8.998514539826983	28.630154386798583	8.876471824338541	-13.233912924971225	0.1890681592424363	14.253464339793293	-32.27355714619253	6.760733178629327	-18.108421992087493	-1.1077302793066905	-16.66191035099448	10.034587733813662	5.053654040923787	11.097657377905623	23.344294154454882	1.3997898176158254	-0.4768168537695011	-6.494321426329152	-1.7591309414954948	-0.9013258509177041	5.617476428740514	-7.242659338387094	7.190745146148415	3.8072314400027203	2.0175583514285784	-3.7381714196014375	0.2938253997856586	3.2794525498879903	5.953986582731788	0.08661776441073883	2.1457828492393225	2.73174643195692	-0.9247845611405915	2.24292794160277	-1.4994277680268764	3.8876256028913385	0.6960642157395726	-0.5148413177585772	0.9264121017052696	-0.4116056429388027	1.7129986533646668	0.00041764070908586727	2.668667328980574	2.0524419342197335	-0.15515851455169863	0.9348197752241231	-1.322830219061131	-1.9711994336680387	2.004205093930611	-1.8480802335056334	-1.3151869096002462	-0.03998101274365529	1.5804609977927557	0.17096999612089964	-1.3055173039791583	-0.030264217141407573
DTXSID7046910	4.663018131887994	3.8871708530462397	-6.539573323871243	2.575549724748541	0.7653862187944873	-0.32277178363596537	10.385173117984644	0.16734984272396922	-3.7111336547777327	-1.3535169287913769	-0.27611153972491664	-2.2318055028530144	0.7944334606216991	-1.1816135371827572	-2.131098333757131	0.5705430854183087	-1.1584420797618227	0.9234329482016992	0.9998995152312263	-1.5939582967375403	1.6457270228234302	-0.4489470195336635	-1.8384600282480632	-0.309394821072055	-0.3746329285150325	2.806628318870727	0.6175367847498605	0.9581088128013125	0.6731906169718098	-1.107453449977646	-0.7678212631099723	-3.0097466070091894	0.08699320173042589	0.4886620512730796	0.050164651256374405	-1.0982177176610681	2.0805525581837556	-1.5450261999190467	-4.935927037179721	-0.29705880254512956	8.081811695101003	3.9171085425867864	-8.007153245000556	0.07458925547658705	1.867802546948036	1.0540317716412837	-12.19345153424468	-9.80825014642414	-0.3910602992935619	-8.26837202604184	-9.136015843193483	13.888658966976209	9.37438475891984	5.44045862261628	5.504330054126227	4.868267798929339	-4.757356650893714	-10.910769134553988	-0.6954487690377797	-1.8659115884892954	6.848066623160983	-2.5248542527551314	3.6341407704042115	0.29695320786216767	1.7260420633781972	-1.7075643806113436	5.104490596959907	0.2148558574694907	-2.9519810174818844	0.6753752124539393	-1.2015978182811944	1.91326594093466	0.17886013100650625	-0.38845577026034367	0.8301001609818637	0.6740291460477777	-0.5701903315453575	-2.611341995511135	-1.5780152431633583	0.49457275125716826	1.3737450669503588	-1.1468663736685665	2.388836168755313	1.2853200731612293	-1.0618384602262674	-0.30206269841050487	-0.34405226683561996	-0.9367733807066849	-1.4726130977163852	-0.5279909384661262	0.1596033129100857	0.2375479673754808	-0.282938663007646	0.8111574452599939	0.24692414637771326	1.0592408160437523	-0.6331729363736233	-0.033142051878882806	-0.3592953091944635	0.10299492506143172
DTXSID6020561	7.327284286498734	-3.002980144027557	5.031462282384354	2.7857846493429355	-4.4625702720816385	12.765534462641408	2.050614928186201	6.617768571474423	-1.9312137414697965	1.1097708842289253	0.26209059101170085	0.09036581799763685	-0.209116642737065	-2.6712278196481667	-0.5368124170766124	-2.493792632154578	-0.21641219275603052	-2.74282829930582	3.927640167426903	0.8257958370579415	-1.1270553218209687	2.134053121545634	-1.900386726684909	0.6579481564923085	0.019618025389237306	1.357257911447799	2.1556622268829395	2.555130731250219	0.9283581915142827	-0.6332321343265791	0.04527500904570128	2.569535825437287	-0.7468854340918375	0.13981896658193846	1.3852254586822716	-0.08342498755133763	-1.1940821718209869	-1.0685162282710639	-0.5029414969632462	0.6550553854161014	-1.3090608146114142	-0.5285097266943594	0.9082501554322989	1.6003064472545818	0.6132156985919426	-0.660192137682446	0.8173477766030853	-0.8233129176262877	1.0520727043468778	-0.07612527197504396	0.3889657971738778	-0.4578098632986468	0.9172933458478094	-0.1781691918121479	0.027142707229694748	0.6122740831013231	-1.9475756941923301	0.11480435645924084	1.3307761879095676	-1.618342572394947	-0.8257460923367049	-0.13777534747236417	0.6846707533894439	0.2363046760538055	0.4911395445323635	-1.4417877249944153	0.39198686517973447	-2.1857920080584825	0.11209212997614308	-0.13529309764314326	0.22256816477635388	1.1968170823154	-2.703461701468739	0.716842407395974	0.026064072491226668	-0.2637356059310406	-0.885972887325862	0.4542907035907363	0.6785760264472066	-1.4373878820617998	2.278529003723975	1.219895348490984	-0.3013888656347569	-0.9045360676255702	1.103190011360818	-1.1852294252334152	0.6041569373975937	-0.3079604812119642	-0.14415576230443908	0.8566427523066945	-1.0192715226614077	-0.33620767157206577	3.6192869116335786	0.36941100335304433	-0.5483608102796937	0.35896807706361816	-0.011361446334581523	-0.4997089716715056	1.2091102090779495	0.40988988853559255
DTXSID4023545	39.06344828598214	31.10214503266793	-4.784729458273338	5.969382856067841	-1.4513746942825911	-7.249298288401441	2.783862990578031	-5.8400460461592525	-1.7643431909684084	-0.9224250471997006	5.068176947495099	-0.8818798883254385	6.246241727357716	-4.220730709111721	3.90593741938042	-0.645913637257356	-5.979425807232596	1.907972945983208	-4.166000544120341	-3.2622150980293725	-1.0782999285649928	-3.3564240365438893	2.0551060328795434	-3.261352710714686	8.071510730472177	-5.574885177724933	-9.993184898182177	6.7943881538564534	-2.0420458189638673	0.07278524176966797	18.549253642047546	6.345496027306398	11.901838297985698	-0.7607271280696096	10.569235219507199	-2.6324570994017518	-3.6312750022422824	2.500922872959426	-2.191773783711892	-3.325978554827386	-1.6142963492287767	-0.3130073170046285	-0.40348568239868654	4.349337316770442	1.798831337139508	1.0980609314231866	2.18809512283169	-2.608899820437162	-1.3971255331675543	-1.08836472252867	1.9121823153038857	2.3955893556186645	3.9395101717930565	2.315213908686472	-3.6464535325315124	4.546127345971932	2.255169877057922	8.667586287982145	2.5300965267128874	1.1035966467479326	1.3017657293638902	8.206398671046182	-0.5443684988517958	-4.479896682797438	-1.9038725204431755	2.467107958855035	-3.8187683148568143	-6.880160947842815	-5.3308230511020245	7.006156142619393	-6.046595520779629	4.735809116390508	1.548147280221508	0.7255677126487541	-0.1378652067931363	7.139925897810989	-2.825925559349185	-10.744621902772218	0.23622752303708985	-4.697808350309297	7.2354427638866365	0.8384285078757185	-1.8398963604247995	-0.5393990132671382	-7.741976139641543	0.11262258620673293	-1.5828227285341208	-2.872282061036968	2.8291243076321995	-11.099913439614468	-1.8476185738228077	6.141322521157492	-1.7242313422066198	5.22494853533877	0.4102513717131187	-5.295148227042214	1.4914158916153997	-3.4126031815772757	-3.396498953564554	4.259833777123794
DTXSID4020119	2.3740143041083694	1.268155879637183	-6.025735815846206	3.73641856366429	2.6213817068660923	-2.1929166525086927	13.080227227145087	-2.6890481033109834	-3.9105186943324646	-4.943910999525191	0.8179338420502935	0.39108302024615565	0.956184442387414	-2.0259914934192382	-2.251530920832708	0.6362381627139553	-2.0179859629623076	0.22786717469063178	0.8617758640849982	-0.9812842390325974	-0.7472748891276616	0.7077017488689112	-2.278872814434505	0.22869130863582382	-1.2528971875854622	-0.08477713649426233	-0.40340620032813546	-1.381283478030171	-0.6334009060444067	0.6314461104128039	-2.3158105930738406	2.2700987612676236	-0.3161518070562673	0.2749840988562828	0.019340577505334137	0.19492825845781434	-0.7390113261261735	-0.32319529636659267	0.9723163131534834	-1.0779134069190293	-1.4813851317848243	-0.6430116094062044	-0.618353540400744	-0.45318147122663566	0.7520822823706885	-0.03691147605891467	1.2144602272517304	1.6068962746192765	-0.768928113239334	0.14568203971579619	-0.9760093534642408	0.6769421869864505	-1.2858899331165028	-0.04722431787158677	0.22378137092100184	0.09236778477372337	-1.4348905138049797	1.2335718467654155	-1.2398971817183444	1.283890419101438	-0.26341942439411725	0.4691468550805914	-0.184555846287096	0.9848006678160268	0.014839123306896474	-0.06380318999504217	0.11675266790719509	-2.326110408554251	-1.2404301243978424	-0.5116358855002082	0.05060883713495121	-0.9701599547142064	0.45084117965951487	-0.6344785504892324	-0.5564494735011543	0.3123136471678415	-0.9228307168916371	-0.9608641459481383	-0.3788898484185614	-0.40732434879302615	0.39973056926996087	-0.6366934611722834	-0.5377522000346558	-0.7270176589863364	-0.42556581948380123	0.25532231160814195	-0.2559701012915096	0.11132160525786879	-1.0990130627817605	-0.4353598568455725	0.538812411502552	0.3921912688231345	-0.0066654960045676405	-0.5033631975878508	1.1932716841158961	1.3978760730372937	0.11958661390378277	-0.6546711468058203	1.1700598976267074	0.2825492374571237
DTXSID1045746	16.821024740468047	5.3988661463320256	-4.6719108992332306	0.5017916959043003	2.315594332896014	-0.571992251206876	0.06145044773412533	3.9744629680157773	1.4953017443570695	-0.11100326622403607	-3.0864772493614048	1.547005179507259	-0.3618994286120805	1.304879003936792	0.4302081541019915	-4.141973028522472	0.3598652412251209	-0.548929304103004	-0.6822245571953323	2.464412049341062	3.678099886885425	-1.9271978408003643	-0.6608843725894413	3.240848706782258	-2.171560723804759	-1.1540026245259438	0.9096771748904999	-0.039705001710219893	-2.323988695373711	0.922822888093525	1.928736141331059	-1.0643007013401493	-0.20994228562747724	3.1412516717060077	1.5292871165065371	-2.824873071381156	-1.6844436508763074	-2.624994508708563	2.7640342783237384	-1.5411766290064726	0.8319819620027875	-0.6689672910606088	-2.129717187048005	1.1307933252768194	-1.5950286377040326	-0.8770140780292309	-1.0660252138873496	-0.1790447150627406	-0.4242522465147949	-0.3487151863510525	0.880791482095038	0.7512763138572378	-0.5812318361870229	0.9366166540917117	1.64661859219739	-1.7569737335845659	0.11720520684071462	0.2833769430775795	2.713434059337405	-1.8528546641061767	0.17785985377348562	2.5654122745503374	-0.496811836907529	-1.7559425212154574	-0.7359703058336214	1.6940662785228657	-0.6455325246148121	1.0248446435661824	0.09946687752526677	-1.0179676938815814	-0.7195505029461347	0.3399782691201302	0.0031663044559443595	-1.6057990237573827	1.5146799410803709	-0.3584272506963828	0.9069906816652042	2.1089130911644234	2.496601176286303	2.457671655325627	0.07445186658262572	1.0655675347352231	1.259595586238886	-1.166086482491601	-0.33176362729695263	2.417333233974529	1.2579528619239269	-0.3047463713717669	-2.9432056879897073	1.1897214608514535	-2.5023603909327297	1.3471565432240433	-0.5002090824667819	-1.7811369557310714	-0.9456677608051512	0.5914927324372595	-0.6966002507047245	-0.7418454540835544	-0.20366879526146492	0.26608665731875236
DTXSID9049378	-1.1423237944419697	-3.1604315708850783	2.4024263608767025	-2.23905916254323	-2.304111464073148	-1.684902091783634	1.8255557342255733	0.020245647423310715	2.535757223789255	0.0320665854682357	-0.7817460257712435	-0.059552268661373836	-0.942921829980793	-1.107663227591313	5.2017686990871415	-1.2800345665820114	-3.481424196845956	-1.5407382620550483	0.056554241253457184	6.31368016722395	4.639059568070848	-1.409012789895195	1.2657983713030436	2.383835125985085	-3.5050674391827035	-0.6743686907203142	-1.6624338832083743	0.07079699509591854	-2.0844018837111293	0.18809648824116992	0.3456633237491108	-0.2866451710702142	-0.1196893441860497	0.8215193933917164	0.8614290755272327	0.8481588756991907	1.11444813264678	-0.08846333298135436	-0.9998463470521101	-1.1902424289117637	-0.3857209115592995	-0.08428869649218683	0.08089806498833743	0.05466706740923249	0.27291153007057917	-0.3702533490615303	0.5948013804946306	-1.103944397332602	-0.008297699499012491	-0.22856640494397465	0.10371217008647261	0.22384095033695006	-0.021092495023550643	-0.47208525581240796	-0.6222293857741233	-0.47706152465027307	-0.4702523587051867	-0.39745645270387514	-0.2775831591670894	0.9181487305739979	-0.0728626930952947	0.6274797923215074	0.03783347074959946	0.15039703169859336	-0.5795947843156661	-0.3028061570890222	0.0034885825732335605	0.7203433952580522	0.012187779503285399	-0.6388401240823051	-0.11496619112395505	-0.9997110648137564	0.7002409723502857	0.5133365030771961	-0.17921418561077762	0.2821366484542378	0.1627376721275155	0.18256805680865237	-0.23506506500910954	-0.3968203722795063	-0.2368550128521953	0.3651431967945545	-0.7771745360697674	0.5274755659523054	0.15538227551306152	-0.530075108573732	0.1287717453561074	-1.1405053751522067	0.41770708952886104	-0.6055222408430644	0.0723537909414514	-0.2139073095510323	0.4020283122697147	-0.013300508947766923	-0.13628672344230255	0.7394296872367003	0.46298253248348964	-0.08492253504345254	0.007149984460599223	0.37656393569227864
DTXSID7023516	4.823769612545797	1.1080705031137206	-0.7031880140449202	-0.08088141836311431	5.450470999837796	-3.714040140535707	-1.9551455054241893	3.006397864737357	-0.23628730909421683	-0.4881519316856013	1.5535852253038445	-0.7375305812089044	2.1725459190698997	0.23853270023991135	1.47525175264364	0.11842093560525986	0.06701852037788704	1.263443235276794	-0.085248646395683	-0.7938010869242115	-0.16154794707827252	-0.1705897581824903	0.6042364074019588	-0.1520399856674418	0.6612905512689414	0.8874544886391934	0.25480667190741985	-1.048439425118046	0.011485923417469577	-0.338076495285687	0.6519861563945496	0.20041444399786745	-0.48966008240836634	0.18609159165359238	0.6244532950255911	-0.17594718321525338	0.08413342409573357	-0.11066910532232735	-0.4384493443402247	0.15222371435259097	0.4784824681902675	0.23959140726974545	-1.3680773628970184	0.42791314191336693	-0.045861873672469196	0.4930229297269055	0.04774482196032627	-0.6121374548660984	0.23312761705187926	0.12402117660333056	-0.08906354406705083	-0.29410286834789684	-0.19002590161339794	-0.07335321970049487	-0.05759583883881073	-0.3147795473695499	-0.29340090395991353	0.47867732306539795	-1.2011459261330482	0.1448082532865249	-0.7045929603629185	-0.12949043157490697	0.07067494531571547	0.36447587938311565	-0.6615828592901764	-1.0813566993738515	-1.505093451682635	0.7036256213048399	-0.3840352540918658	0.018878066736738044	0.5780050964472331	-0.12167957965808453	0.3876126691223489	0.07614296561351155	0.9030243677830603	-0.6076212851659067	-0.5360734331878029	0.36367642704906106	0.7122773856862891	-0.5339923772195619	-0.589772848045692	-0.6359826260744488	0.4652283736751817	-0.5842250520131742	-0.8057024449331975	0.14543225198592508	0.9498298246549625	0.6922779217853581	-0.6566886804163782	0.08569677596823375	-0.037693864344282235	0.0330669271602103	1.0020615871026266	-0.20615453155880611	0.31547935485126105	0.07807963098651018	0.8345765214983846	0.26135822491634786	0.9133417086729008	-0.3029703070368897
DTXSID0021383	-7.027266254997285	-1.3869765961667742	-0.06869128301760799	-1.3798612162239818	-1.712103177289901	3.0740271814319122	-0.4512727355999148	2.5435393670218494	-0.8729315489670301	0.07228560077815081	0.08346229115501218	0.13327155695846024	0.3017155747092274	-0.993715688653467	-1.0125152172099838	-0.3315244773588492	-0.17373786670720476	-0.77401285090616	-0.15453917698428896	0.0087928990732195	-0.015485577126851958	0.002716355553471545	0.37649547486352386	0.2607685583531709	-0.25841753346486573	-0.3876878644425935	0.09156365644999671	-0.23974080498371084	0.03741757834122221	0.007807579278067148	0.021679277086598385	0.4599877082808327	0.15246648771857665	-0.5172622538914483	0.6155514073974538	-0.27675377795819406	-0.02466920622574874	-0.3359757083221338	0.2523724741438341	0.3268681935823891	-0.32183526659122313	-0.030889836851432283	0.20966345300871328	0.11917331254039182	0.043493782005567264	-0.2007257347397336	-0.17839524339824403	-0.19320025832264678	0.14386538089603812	0.19596477976287419	0.2055108154669836	-0.02622122508207232	0.2901383587005197	-0.054651633833896006	0.00018600132249015723	0.011522678643807918	0.18682446223051977	-0.10361235191282975	0.2245192410431604	-0.06451159919629858	-0.23245226653822962	-0.16258077319488015	-0.2923633374454513	0.006218736099981271	0.0021136659919221115	0.3454330815380541	0.5469102511669016	-0.012183330933445173	-0.3062424891377663	0.14642173395914942	0.5342829527215559	0.32638652874546875	0.18350232385399642	0.3140643892865904	-0.3848468469511806	-0.38480271625201123	0.07645755758076929	-0.4825239605204697	-0.2499176918647815	0.3809195325578757	0.055567456441435584	-0.6462253265548803	-0.03503102808536331	-0.9146005374010394	0.23341438538698056	0.30353333285381384	-0.7632893804890385	-0.3434734875535254	0.3518915787410627	0.4542511999316172	-0.188467409027461	0.018378562416327154	0.443746282385542	0.4286799775261318	-0.624280397489486	-0.23361112573480075	-0.15388825696393063	-0.07099171749815113	0.4073578202094307	-0.37850540045393694
DTXSID7074616	5.03583320906946	-0.8707036099245589	-5.777539254965143	-15.532550938100147	3.950805124713033	14.601970975640004	1.2025895140805827	-6.7813038132938095	11.643971046568275	-0.7082984003677381	5.358440838604687	-1.1920126421834436	4.938345948412947	8.513499064175006	-0.047340351005136165	3.274671457710715	-3.545025900405462	-0.6713850013039031	3.9747458859944533	-1.2591571124828347	-3.635166902144117	1.824544287703058	2.3279792465368745	-0.261063753080728	-0.4214255417480388	-0.5042007706592447	-0.827369454420073	-1.186362344321204	0.8640731780917146	-0.1820020186108992	0.537824122495908	-1.4823883489074956	-0.638373749522288	0.5490550252314972	-1.2443652390877207	0.5581627207384573	0.3599241242930728	0.21127043051558542	-0.059469105773586946	0.5052814452421606	0.7088025101729193	0.11000562434979369	-0.49976887233936085	0.7025365145189165	-0.17967719977258034	0.8586342056575561	-0.8561138287363836	-0.01960402091889751	-0.6260348250262189	0.6363557173927336	-0.0592988052898855	0.07660233020667742	-0.4309181614035891	0.45892457541195125	0.3006732270723611	0.8187501186282434	0.6137084095092203	1.4650076851814975	-1.505817568757718	0.5044270698915427	0.01210573459113014	1.3853265647980384	-0.6227655199556635	-0.36276397667700766	-0.430513476829961	-0.7774750116453556	0.4216613892214773	-0.7614717749719332	-0.19330772519251357	-1.2265043940613674	-1.0702246319163427	0.0003753244480263052	-0.5877790660570509	1.0552081529880384	1.1157860590222854	-0.7563730308624953	0.24754681552832303	0.033104745870369406	0.47807258571444017	-0.6874721781201154	0.28611102384588577	0.8573380091240578	0.00010577492608481483	0.6224152206213702	-0.7300176882327462	-0.3261758080453759	-0.08154683633347341	-0.8129774143983421	0.6223657120514541	-0.6013719148829777	-0.4616968693608015	0.42672326069261257	0.10829408540475813	-0.7764210675202668	0.045744970672791416	-0.10481205413086414	-0.0929983882808234	-0.24921158250903322	0.5267073087937388	-0.005381141977395902
DTXSID4025662	-4.109779946276614	1.034334231406604	1.2028739040888985	1.3102094012311019	0.686078031101155	0.2099579870972623	-1.6495776227462096	-0.607841322354559	0.6151323375759966	-1.261894256346526	0.6223818278403359	-0.5720498032714029	-0.8585602487829429	0.06363086497909588	-1.1699602098640907	0.842750831198501	0.13457105198703345	-0.05939680435245178	-0.9822456863375189	0.1789381812618783	0.18423234020146695	-0.3890271736714505	0.9949936318443303	0.1392751318158433	-0.07554926488271796	0.5250227790449417	0.47457565402859186	-0.23205515860218068	-0.18258989224168168	0.19119362754614957	-0.0394302326409397	0.14451893856807993	-0.2741090048448674	0.08471198959052179	-0.14119779912905492	-0.24203180726874837	0.5894309589783452	-0.01146558528895529	-0.18383598984173372	0.2609578245054706	-0.17292077101881861	-0.010089275615927916	-0.07877444895904676	-0.13408876981027149	-0.06580857126376619	-0.1685068714197326	-0.051408901326186716	-0.3642959223803656	-0.01265597784830136	0.16166198049235758	0.11036833830572387	0.027443143148364033	0.027868260379730034	-0.15878868302646026	0.09516523257136816	-0.12761391887629114	0.20119089261694553	-0.04879154468408942	0.08022022598510356	-0.15085442840387564	0.2670411641489059	0.07271413517840188	-0.06884585699222798	0.4332551335540323	-0.014379137196030107	0.4023844012003958	0.3908192706650899	-0.7060176413533317	0.44537972191822683	0.15243221245059457	0.14670981561145902	-0.5324833201108655	0.36631049150125616	0.2083658315076058	0.38499333275815206	-0.568051358125816	0.15077542421538326	0.2172305062772922	0.07077070102352205	0.01776954205195674	0.5369809899878853	0.06979509935308965	-0.5729143922821714	-0.4388608521459029	-0.1356766346524462	0.2890716124215175	0.5737384940741705	-0.08129548225962817	0.1741415908947624	-0.21584926501020676	0.026836386191940967	-0.6224527519230681	0.16506280440092297	-0.2246921241959614	0.4762261840321693	0.010256512342642524	0.35245855541828697	0.2394983249929356	0.04408147730118817	-0.3157738583682257
DTXSID2021315	1.465340766578621	4.656722301953462	-1.2535601643585348	-0.5809618419974046	-4.7090151724501395	4.869311043448878	-1.9518114116977792	4.685468076760947	-3.062505424071002	-1.9366782858753848	-2.0742699569415426	1.2634946166668664	2.107262471203491	1.356891969790939	-1.9833154639881556	-0.2782697865593115	-0.4550857865354556	-0.17552013091640403	1.4257181421129035	2.2414766544766622	0.9505434417458846	-0.3292996365228861	-3.319995432728115	1.6117142267394309	-0.04380058369712757	-1.9874694181477897	1.3901202530053625	-1.9561299471347793	0.8222305529506025	0.8388977975391795	1.95021678190271	-1.139692966410872	0.7495602702429128	0.3944630030709463	0.7000743687685769	-1.1759673851560992	1.7207628194010385	-0.47600401187006997	1.1647428220939167	-0.7057245578762018	-1.092619699725418	-0.8258050016072694	-0.01691647395775007	-1.4699520246539965	0.1817432864099548	0.7142681361287081	-0.33967527145314147	1.013039260261519	-0.16153471964484514	0.5074107925654853	-0.10654915725962918	0.19128404708566404	-0.5626109637426538	0.01522273749776761	0.9178331441807315	0.9475759251518072	0.10270764353669058	-1.1356846424459774	0.6515777263729177	1.287538406846199	-0.9732272233544255	-0.346263614401764	1.018181278605886	-0.8762799756686304	0.16381486002817908	0.8505436277241939	-0.6062453884396712	0.21189153665530586	-1.8940162768687685	1.4560681340536044	2.2351339471796994	-0.6682528159420161	-0.364368787065668	-0.07125054956782749	1.2951590304209657	1.3438409152349415	-0.4689527924128685	1.213918896380394	-0.7385650613112946	1.3349128060232534	2.8408205805038977	-0.2114359444983829	1.0101479654095795	0.2780041956354683	-0.5078499195996917	0.11417356015423716	1.2202822716302006	1.2316126619346286	0.3451672392473646	-0.6578991182855215	0.20148637593557597	0.15822509624934586	-0.4538041454188101	-1.183345604382292	-1.4071281853695987	0.05182272059857719	-2.1838025363589506	0.11084397365768675	-0.05017675630836478	-0.8448183370894095
DTXSID2044715	-2.5793323294988393	0.3307696809952942	-0.29337361682960433	2.3487085593331964	-1.8876086013177487	-0.4073765132766686	-0.08736691883968194	-1.01510971549913	0.8961935440455143	1.8284201954460322	-0.5374156669835443	-0.7541954861350468	-0.595733652314107	1.7514555768803766	0.1606035231302536	-1.7571984891808783	0.3853082410360883	0.058725634561929085	1.2186298829654953	0.1832635691509504	-0.24274731575862685	0.17242200324273557	1.099623003915128	0.25874867464250484	0.19095857254751059	-0.1870288490145701	0.6643143288797723	-0.48362364226587923	-0.4054263855278193	1.0158073549088622	-0.019153491575217195	-0.9208416726154978	0.6093734308420746	-0.2580718225488786	-0.13683864031876675	-0.3140875755714367	0.2848728791684951	-0.0318097915595376	0.4227572284790749	-0.05324462777913783	-0.17735379842621884	0.033930582598099515	0.3250699522030191	-0.4183125808828914	0.34353833496550645	-0.5372362095468113	0.16560767549014926	0.14795354851046696	-0.1480936159302305	0.09556319210403044	0.054778300378407654	0.03516894772221033	0.3758624881720538	-0.03657956351263736	-0.3568541908279838	0.35526157178075046	0.513661392709938	-0.49034635579460384	0.5548115018729535	0.7316961503196238	-0.04604359834512149	-0.33144743704751944	0.24349703423929053	-0.6871642423798762	0.4713006848828323	0.5809512383545276	0.2058945064830396	-0.3731218229827435	-0.4819281292452651	0.511725001094356	0.12158831773665632	0.08649551613280254	-0.1992928924938873	-0.9833126537133056	-0.5757512432679265	-0.25512523210839727	-0.3482694903624288	0.4785961666490788	0.41302233601427074	-0.6315112029181053	-0.6094473925154889	-0.6297155879402905	0.5688371813229619	0.2944951951634927	-0.17465909447185501	-0.19868477068525192	-0.22728404238852662	0.13327507891372142	0.32180612589014645	-0.48742795194119526	-0.14464316594556337	0.053336516799435706	0.006175861364799274	0.2329336544127568	-0.7707872479499647	-0.3253262662287244	-0.3090356248868915	-0.2213421063790357	0.602387538494846	0.42917788295046094
DTXSID1020221	-3.540458537427213	1.0849181895672444	0.7706287941963006	0.6095517161493733	-2.4684806817904157	0.19363999192403386	-2.7693151071834894	-2.6893089939145742	-0.3456739520433386	-0.6829545643218119	-3.437794911155168	-0.7101825422168179	3.975532154844578	-0.4638652428034892	0.23151664749148818	-0.23025380735634593	-1.2980144536929885	0.19983196296623568	-0.554382046999913	0.3597162001217998	0.4119470904467787	0.6515626527286158	-0.04556450496867553	-0.8411809723311191	0.9611285776607201	0.0856496946023423	-0.13160391788152787	-0.3718065564500709	-0.18971691517971181	-0.23911581723273947	-0.32319194788649425	0.24050501333446464	-0.0514926582976512	0.3729352662013526	-0.5548188555296031	-0.0870317146550697	-0.8796831505305298	-0.010763153085980581	-0.5551009531141949	-0.08482867868198432	0.1698439203430409	0.1413653378841831	-0.2675581332602772	-0.14292155708009627	-0.1097400854111353	0.04270270762360132	-0.15157469200377705	-0.3972735724705319	-0.13471962236051546	0.06076651520945156	-0.08953634937264524	-0.49411533371960664	0.16694652522090447	0.14742747005558723	-0.13628546098881755	0.1948110086326179	0.21706104351165487	0.30443643089250183	-0.3409455473383596	-0.05774853196292788	-0.03343003155125353	0.2668891832786406	0.2314150907750237	0.7611559414436496	-0.03896002143194749	-0.6065139440992612	-0.23754580960918614	-0.3341643679664897	0.23877230169882666	-0.09363199149134353	-0.11517193894508346	-0.3161067074375732	0.6788436266154937	0.011452630266681857	-0.2207214635141712	0.20383422309388238	0.4906859035057425	0.16806916791319168	0.06703907680173239	-0.4240458332318222	0.23886224028262554	-0.891009942291122	-0.01105389155092742	0.09263449910036331	0.4218716366537027	0.28121478294756275	-0.41863540817842865	-0.11032626012361657	-0.04007609965828157	0.03874212102755168	-0.37365892288754704	-0.19637501580096284	0.23850468576370928	0.2235784840330228	-0.36798446478649566	-0.058024485933336215	0.2220712662526405	-0.08431435303986837	0.10330188093845254	0.4654131756889791
DTXSID4026000	3.887063905633827	2.3100621524945284	-2.7153887009061064	2.9102196324920504	2.1278716857794495	0.8430201522426266	-7.304104816235964	-4.678087444745953	-4.538240376167141	-2.884929871192522	-3.8421857033337927	-1.9057100143914683	8.479762861080275	-0.32213373325777866	0.816313913284251	-1.7501138615026446	-3.6789364695890776	-0.7118456561245946	-2.1884991324917182	2.7945859256617442	1.338119204473147	2.286413149259033	0.03289347386281613	-1.2020227580220195	1.1305840380751566	1.5404509849985	0.7736323129567135	0.7553949781520656	-0.7598377738124198	-0.4526041606520657	-0.7302215383561831	0.7353960436123436	-0.23221778629655782	-0.66943713538339	0.0025662891819338597	0.629777572988923	-2.43755304312164	0.6265709578827997	-0.6954244906168331	-0.5849629383591296	0.9241409997018518	0.44165414806602077	1.5056958517334644	-0.5426974952171434	0.4791346562859408	-0.27670411119948585	-0.899609279215063	0.9584529771857774	-0.6409688296208922	0.2212445748015946	0.27678545467349136	0.5808205395340533	0.6565820164384686	0.9988586833563555	-0.03956721950225887	0.5503872482119522	0.3908596770665505	1.596505129726113	0.6266107657235896	-0.18337197378147702	0.8739131786022577	1.4950614782282972	-1.2328081661302681	0.03050289500558781	0.9006326215178191	-0.09755007876467534	0.8476058845993095	-0.6447740651605329	1.1687703854671658	-0.019421439979371655	-1.380466778131014	-0.6099094911612241	0.19170345280979562	0.16219982036157973	-0.3533890311481426	-0.02038346572581308	-0.18336770337619684	-0.06899905283367577	-0.29501738811304323	0.2405346038942215	0.10403655735976723	-0.2729634718101148	0.6721037292309213	0.20869256966992913	-0.1291643121730605	0.33994055365330034	0.5717696867908045	0.22100235059620246	-0.026704868753039217	-0.9650745937199436	-0.23706827880250925	-0.37188259341678	0.23544699779603492	-0.5825533161650047	0.18319546427032274	-0.6518260339863199	-0.6914001457893263	-0.05849307897643848	1.0058715116236348	-0.03283676058773137
DTXSID4020822	11.046468171842383	2.753015452549625	-9.430640303780976	2.1043054577904234	6.107484672156259	-5.409232243398838	3.9606126953284417	0.6966123828453157	-4.243821580209189	3.8935538836940724	5.794417948214171	-2.8543050621728447	2.1487049995964664	3.1530503131867476	0.7794076709327007	-3.600994923996473	-1.5754589041088656	-0.2525402366803005	-0.280944446630617	1.596155175571849	-1.8841930699206588	1.0320562305361467	-0.5795336119122674	-1.9704859200146718	0.5705846956629043	0.08993800926457297	-0.5819677537351037	-0.16521738437039848	-0.6619630083118222	0.872964866523081	0.42360464939269743	1.4716475367494546	0.6743258735792313	0.19749722466138622	-0.821340577685549	-1.4374433211201811	0.8446874191087295	-0.11582186650370195	0.13616877069798744	-0.29942277997709027	-1.2125280590021346	0.6063794349094779	-1.5374289129166996	-0.2527588620467523	1.2970177186040552	0.26055378013863995	0.6824394034867063	-0.192640030737338	0.12078671309720114	-0.3254070745592085	-0.2167163678720722	0.23750746634895006	-0.19076840511167273	-0.10160190568629622	0.16734056723964452	-0.035215989443058836	-0.22533718900732497	-0.36488026754859654	-0.9947734976695276	0.877510816608404	-0.5419748315876628	-1.0145723956643273	-0.09002179818306366	0.568275049651064	0.29320902636998125	-0.8254543242611949	-1.7034620006126515	-0.650931262491788	1.1731370003050317	1.2327014434832753	0.4544831560035282	-0.8820842600058164	0.8683268956578734	-0.26069258060404055	-0.3985396544240476	-0.32600294284633724	-0.5874797489465355	1.3924917224561408	0.3561843758447617	-0.5237496294611044	0.747032109331806	-0.15789110260421457	-1.2534726270096945	-1.7423443306070323	0.7761497317126814	-0.24923050262445123	0.8664584910556397	0.1047901283267326	0.5210857346678438	0.9231893198929991	-1.8931107032722996	0.3453008017610213	-0.030155179492752853	-0.7900518797638105	1.0046844942641562	-0.046815562422215504	-0.21915746765092725	-0.4932974223494785	-0.2822020796842664	-0.23802535316255502
DTXSID2045236	22.432818935353847	-3.4174912489111526	-14.620661902444192	1.54765387764746	1.6484725082121168	-3.1034614323323164	7.548246565671719	-0.9440593809009857	-2.949488914805235	0.06431984612732645	-1.9509725596267127	0.9584796360522869	-2.999227307784327	-2.8336188993744242	-7.14609770572481	-1.5001499251085053	5.547739620644958	17.047764189372952	1.7975137296328692	10.907744363465362	-7.247438633869251	5.630027666358829	6.645830997152294	-1.5141099595910148	-3.029447412001701	-2.2062842569452914	-4.90978964837329	2.7038308213407345	-1.7612066015434402	-1.049849621478249	0.5774955665537523	3.0056529803279184	-0.42235551688859846	2.6768152699414154	-0.2595421449150132	-4.799520947123543	-3.307986686911595	0.6951085910136593	1.0179096345657632	-2.3073991840524997	1.1644424220369334	-1.246219148934321	-0.9253780627865028	0.20702592667544234	-0.26877934816666826	0.25607902945813077	-0.5289605747628151	1.3203265124244568	0.6071430976153949	0.09348566800219318	0.3779908815747841	1.9565772026995227	-1.3242259346847212	0.7553659553196439	1.049516468145781	-0.7669833047426919	0.17818810047543035	1.4148790776326854	0.4740617440827931	-1.3309712062541386	0.3685102047241861	1.344878512847591	-0.7839736264776475	-1.1064337449606318	-0.004637032132444342	2.3438492220841374	-0.2873188621349347	-0.7399140734008963	2.1778107221778016	-0.9392696584882686	-0.8519382925691555	-1.499893123246781	1.9531394254317	-1.3303209337376873	-1.8956246788762812	-0.9038096638890089	1.6361508195413412	2.599337207208729	-0.9715152737639987	2.4956802336129793	-0.024538095790397004	-0.4334895851120543	-0.3760709303235251	-1.8499139360633787	0.603610643871053	-0.5742173531008814	3.0580185011108925	-1.4425951927049938	-1.736017882653193	2.295597916316938	-1.259776740340329	0.4641594449370542	-1.1706375488487792	-1.2973937220118605	0.07353199624447697	3.021777169485062	-0.3335717904020603	0.23606008649301274	1.439263900488039	-0.6031395473343439
DTXSID9047962	-2.342795348112532	4.212313765459015	0.05799826097321392	1.6481095942422033	-2.9099857424042757	0.1431633348204885	-3.622740529484188	-2.7246513986590215	0.3396216406950056	-1.1344036749462876	-2.5508346999072202	-0.8314377171861643	3.479185371538043	-0.5347336069864225	-0.07051890100177226	-0.013041636849577947	-1.1307554157219613	0.15165860955042096	-0.6773487969221353	0.38236142352068825	0.3062858902237692	0.7292686938040189	-0.1647811073522731	-0.3120607811347539	0.7326248351166456	0.7059499216195638	0.23518295307359083	-0.1637513997859908	-0.14273285065937397	-0.4304218659101474	-0.4604061799436713	0.010335895846985785	-0.8922069197648427	0.2181878634298662	-0.1969984318765261	-0.31196508410520607	-1.1028311336880097	-0.0020915225372390143	-0.36520581630269183	0.1991543694266329	0.20106526686865112	0.4342410302512587	0.10280938739660342	0.382353021204271	-0.0998223477747367	-0.11516694998878063	0.0931643681447083	-0.5661165183667453	-0.3051713241067542	0.12739851581126702	-0.048067469160034154	-0.35374847962426803	0.30561299807838843	-0.05379410724570718	-0.2668368766781143	-0.29218812259156574	0.050714485977454225	0.07728693131759573	-0.4026650939327033	-0.3659818992858013	0.1386338235378385	0.23619515252911683	-0.28732715112740526	1.036024201192854	0.3095800451297091	-0.4788127719346685	0.04696302365419233	-0.3680505488901419	0.2548988264219354	-1.0432891330603968	-0.18861289091466638	-0.6888186884363535	0.5838317854040866	0.30254129091259707	-0.21084352187498395	0.5738728921767375	0.7455329320019443	0.20086192971056102	-0.33330422427343415	0.2818629555887684	0.28887790239692973	-0.5336940548190836	0.002491048356820852	0.3175077623061888	0.33162305855688684	0.4085679960985728	-0.3574048167514777	0.3306390483338808	0.22161770617465343	-0.13654153944090325	-0.18708422766070568	-0.47925060408785597	-0.038274553993789505	0.07257477860573466	0.07332649286283585	0.07318605389103738	0.25658419196467386	-0.026324611961039995	0.16791518930884033	0.38886518578476115
DTXSID4057633	1.976311263190218	4.139269707914889	0.5424272531610799	0.5366380116402596	-1.5625759967965676	-2.051485130111246	4.5849889842413525	-0.11759329032056551	-1.0518800879978232	-2.275622922890649	-0.1751735969015944	0.40753896720958993	0.5947075801732083	0.6233434764866927	0.3764020375248805	-0.04738006084041975	0.9004779712192162	0.3710611657191984	-0.45034812566303123	-0.8376814417897913	-1.7635161632273209	-0.5743489317116319	0.8554988259651256	0.2687149629490635	-0.574914985418112	2.2258058890279053	0.45430489767031035	0.9902710702791955	-1.2048750792989702	1.5105594855380347	-0.5797537192111805	-1.36750430070233	-1.0040485159592303	-0.25782110806579006	0.2985663971656262	0.9799399714780843	-0.2762363305539942	-1.4194844332412635	0.38536437338207075	-1.160156497394566	-1.1557541683466341	-0.5650591879784356	1.4974117937025235	-0.01000417255734684	-0.3778114372474068	1.16931309911059	0.8363174094814693	0.26845668158961034	-0.5419608387406697	0.347370186881976	-0.4527698833147095	0.45970378979725834	0.2618764134994171	-0.09115014512328953	0.05306347548224407	-0.14036774499742113	-1.01706648355041	-0.15881983517488585	-1.1895026500422574	0.8071849184765345	-0.7034299488014089	0.48038329505092764	0.9138283180249469	0.40751122652203836	-0.8532011257138767	1.9350365219932273	-0.4059727933395163	-2.032585817354484	-1.2135920397429416	0.4775324275534548	-0.5794082748127378	-2.7788960256666977	-1.4361517072086067	-1.829758452016286	-0.943119422516625	-1.0577751519413465	1.0591667883359175	-0.4589062251329154	-0.031543985717777986	-0.4456638799238512	-1.3220068273971577	-0.2858227812022748	0.3620505896234342	0.9748863848366985	-0.5410232654782319	0.34625548840279957	0.2555288637898177	-0.06510997721366765	-0.6178613936517847	-1.020426866605111	0.11512141291085749	-0.29600814949193577	0.44981552406172937	-0.04577153420249261	0.03577454869864092	-0.16563497180945308	-0.8108146706608634	-0.9394824705927974	0.11296906434321542	-0.3983778485860664
DTXSID3057698	-3.436591846074037	-3.4396230933843484	1.2675831726898488	1.2145448553852844	-1.1420872276889944	-1.3384374280347404	2.036084186122568	0.27819913078740177	1.5359116128245007	1.0658724202764054	-0.554064148939388	0.058766069196385114	-0.3170879609093657	0.9577978517201503	3.4414533008730457	-1.1556456314894712	-1.3402534302943983	-0.11745157180716741	-0.1682975047068129	2.080537490136	1.7219862180967718	-0.376174932155464	2.3715987808738297	0.7241566872096985	-1.3200094256768975	0.2265565531222262	-0.03088530358547393	-0.29488564659546307	-1.4407343203120102	-1.3429559280322267	0.06490953137379894	-0.032770730985711816	0.09730389849694779	0.5566184262402022	-0.41353608947368464	-1.5754305118192247	-0.2891659908028487	0.30466099001350616	-0.9560958003976303	0.47317144264818184	0.5923961997164182	0.6238001579787799	-0.16498856361104045	-0.9784887482836286	-0.03369473626862086	0.3773855042142385	0.4572852863655582	-0.26097082161144586	0.04514137568786889	-0.47679312335685137	-0.035822172491572095	-0.21845997356522978	-0.08565301112955258	0.01125318227269747	-0.014967297432784615	-0.11943562450560653	0.022638021559419894	1.0164865884163978	-0.6023869630524341	-0.5247265146109277	0.7571744872462375	-0.2549495888198222	-0.5484365439626567	-0.7302885057491882	0.21717506914260204	0.5931989799756504	-0.7814170413505018	-1.0875704459647344	-0.7400676167752912	-0.4284668463207101	1.556308398625976	0.7199862657454689	-0.662831076460611	-1.544782372041532	0.5924136580119717	-0.5046565672972513	-1.0133344802248174	-0.37062847160482454	2.113076041068482	1.1512582861024385	0.45467344212921684	1.1996515335601796	0.7990410630446486	0.788024142344191	-0.5211044011537119	3.8904477001695748	-1.453382027027038	0.35623993808616344	-0.6071830187283319	1.0680570493456814	-0.2814137142398141	1.2609588933090838	-0.4527198872539005	-0.6262763053249786	0.4201917749539344	0.8497381934735392	-0.3956943985529608	-0.3229175374804639	0.24404162273886232	0.011602919293949762
DTXSID0020654	-1.6548934777727435	-1.0699323707537585	3.067593253878153	-1.216907415796576	0.4972547390067982	-1.5781946504132107	-0.5454008909942104	-0.38843209771841397	0.13728078734724808	-0.43870582465575125	-0.14176687623760365	0.008590188483916609	-0.2270381740007338	0.7358291086383635	-0.616173039641611	-0.11707138025331054	0.10130842818864402	-0.32393210603484446	0.11803721697470397	-0.6754071668202025	-0.09497324976612796	-0.21480135696054448	1.2688096381704865	-0.28539147562003037	0.5509364454615023	-0.694473861071936	-0.37699919998570486	-0.11865812131364507	-0.13607358182163493	-0.07656486479744522	-0.21018273378689073	0.5116127186844254	1.0686967285372604	-0.13578160353378557	-1.0591708225634613	-0.5664604077990582	0.5130917491033191	-1.0131628205469223	-0.3818434203008298	-0.569741351900767	0.4263824896913554	-0.3488709350251217	0.12681393400418262	0.1556304083265325	0.12254196304805735	-0.5163385245571974	-0.4877751956027244	-0.1258428365202519	0.10477825929490699	0.22147119621424408	-0.05706785180331212	-0.5771827785550733	0.30276631703383394	-0.042935147305042026	0.25367547279998515	0.35214871896630107	0.3175807413600566	-0.21608264880440503	0.4233960875425552	0.5460830410998798	-0.5268717282368119	0.560651066733057	0.03046055276291285	0.8733071771984107	-0.7500425698997326	-0.43578072396456724	1.0188685844402454	-0.8834347617117696	0.19292576494790384	-0.17704202768651656	0.11718359779938801	0.018990955217392063	-0.12386187775385908	0.3341420027696212	-0.29618434952098993	-0.24049101500659958	-0.22906762988001206	0.3706935452967667	0.3885239589826951	0.14672095579580724	-0.10773452199766313	0.14380961240364723	0.3617164433447399	-0.017241679912745864	-0.3349148041472892	0.021801279958802548	-0.10908849656384556	-0.3778359554262586	0.15814063719105043	0.1782253721120403	0.9184884828397372	0.09122169971919773	-0.21609737127372336	-0.06342892956935305	-0.20360222508970766	-0.15275531843721876	0.2685218216959748	-0.24538367821812948	0.23260296216293955	0.4058493405523331
DTXSID6034762	8.12084881624084	5.737326218217389	-7.211399928454305	2.9559928101105637	9.464208949228242	-2.8012442406762794	2.5082612737766414	-1.3140284712349029	2.0023002714681835	2.6090107485015688	0.998292960985034	12.07887490981987	0.7785509052797678	-5.023579663480983	0.42705437692137654	0.6006487882770559	-4.444291697510231	1.4449509284286208	3.3771496324692554	-3.285709225342707	0.41992094703999955	0.49568693596098884	-1.0144852197544	0.5972340048100097	0.3113859850958546	-1.0863769193109765	0.13328000861655115	-1.3020329291875048	-0.061384226792239316	1.157293953910257	-2.1467141602941266	-0.07349508985372011	0.8212933213675226	0.7006218068259962	-0.769833839101615	1.2451921702340403	-1.1719672691602199	-0.44416330802409015	-1.0685168487366583	-1.503252318861734	1.4256033902931797	-1.6310895683572366	0.6798167937823015	0.09423279943140937	-0.18335575580604635	0.033475566746413	1.169964782078612	2.348665693252938	0.34189456435306415	0.7691268779192549	-0.528612749442771	0.5060080789842104	0.5362753218763678	-0.04449668340695155	1.8283299963141926	-1.0154136304410304	-0.8468558684221871	-0.8682671545118938	0.8049033765122239	-0.732453470487477	-1.023363293079181	-2.873152039869626	-0.9027017811776465	0.6817420018910648	-0.601623685629809	-1.6499038183870116	0.547800334231237	2.282804528631306	-0.2416314751051791	0.9891012014261021	-0.3529807081858252	-1.2667042840773386	0.24988134112303312	1.859612288064909	0.6048493183767458	2.0173855943420715	-0.4523481567217362	-2.0685447145046725	-0.7558155485577602	-1.6168138360717683	1.8029460445720007	1.0213295082617004	1.51907196082923	1.2902756382963525	-0.02664173224813137	1.2382236896811991	0.4701482417713564	-1.7181893753759159	2.668134065519466	2.8657790810365684	-0.3973523068558433	0.6208819618448307	0.2195186240478233	0.21552528370206295	0.019249501960031275	-0.7195024525614615	0.2839664763920753	0.09497117301194473	-0.853388338306551	0.23739241311074197
DTXSID1049304	21.204104099986207	3.7304489411514026	7.634181690525591	-18.13259328679506	0.9351259372650457	-1.45023285288034	5.747806182496326	-3.5950519566355728	3.172735713379132	1.099864423333336	-0.17324131120638123	1.908757955604673	4.226322452689398	-1.908344219638407	-5.361965595433255	-2.797963244868539	3.566367822633261	0.08426470309399338	-2.711873359229552	0.9150252702453151	3.620303406963879	-0.7476959155925832	-0.7468065523114522	1.2831797420221216	-0.13971099970616271	1.5655226518968623	2.4228182894310453	1.5510721887589862	0.22072229763811096	1.643277791340912	1.4946483958090957	-3.037559278129047	-1.2779570113530982	-0.609110375023235	-1.8109765169596146	-0.018631847772841596	0.6240702879100736	-8.265902411176685e-05	-0.24170088506869053	1.4478754704498313	0.840667718296679	0.6184741168820168	-0.07478352601327569	-0.7584986106363841	-0.3109795276512233	-0.8579258505552948	-0.18009564822305116	0.9512167045672972	0.21062848073023724	-1.225050722903028	-0.2075725946632705	-0.42472518461841574	-0.8889929370086417	0.5791193663604992	-0.513607091261022	-0.4729321678455973	0.4528336278039476	-0.9455542889436888	0.820379849967226	-3.0417258009105796	0.5581919107118092	-2.369068449479975	1.1934967401554322	-0.1597327484785017	0.06264187601347249	0.834913952386517	-0.7854272314948716	1.1881169593782421	-0.913528103720138	1.0136992021932516	-0.3078302435069341	0.9034563065730804	-0.12621251351979196	-2.6389300550291814	2.006721017694266	-1.486690723586536	-0.3693106734511693	-0.3275238048426055	0.2472918383369804	-0.7933157443335456	2.1191330022959356	-0.14078172429409375	-2.64405493339138	-1.8119192081203928	1.2232614086964297	1.0445604111147528	2.0933289980047234	-0.6782841135601715	-0.4561413724051742	-0.9796106476558198	-1.3194562313435079	-1.49299283198253	0.9747069321032622	-0.21703035478001909	1.1012681963023614	-1.9583772843367258	1.3063588727194813	0.6351323799886903	0.28728594520245554	0.04371193760298795
DTXSID5022560	7.07439079164071	-3.068726957320889	-8.668905668741578	1.904396840446163	-0.49050685632089996	-1.7566003428764416	6.6587497279289645	-1.4402099591391024	-2.887013196080644	-0.589558461180077	-0.47012514331381533	-0.4018780523943765	-1.4053994252451865	-0.6548280421553896	-3.8574781109582807	-0.7193968661986203	2.5166861873210298	8.399114240359053	0.45685307752326804	6.057295937814435	-3.686300882316289	3.1536987890376067	2.044632371862322	-0.9441686286097125	-1.996041242444234	-0.9455355691297382	-1.9744967806408262	1.6317493649626036	-0.9208445224185289	0.12558323535375462	-1.3768701171163837	2.204351049682636	0.760047722034179	-0.759736822902258	-1.0838178387335513	-1.5260262395879574	-0.7114591691407044	0.7993464869876254	1.0664459962209392	-0.8570363846102907	-1.1456216893442495	0.5224332066339624	-0.36977074827170386	-0.5900609053954616	0.7190084541181541	0.6608871953447526	0.5703737754881067	0.7684706790727622	-0.1497325725880846	-0.47001558232660867	-0.32612205372637604	1.2383184670901684	-1.1477348641524252	0.4458157333837843	0.32689450409110904	-0.3596304209057526	-0.30454414183463646	0.6867598984334339	-1.0369182677777	0.4542640846036468	0.6975913102852873	-0.018220829976134566	-1.0608815445876156	0.3555563211803844	0.4900024970350523	0.6230899701326338	0.7935813245798187	-1.6532042686240123	1.3128839894442281	-0.1795965672245571	0.33446113486787793	-1.750771491642415	1.0332519831604923	-0.38147419553244716	-1.7808108068484605	-0.3601576603019866	0.16287140204008674	0.7209685466273983	0.23341569021522826	-0.26535903237596964	0.6960718643192282	-0.3471886065972795	-0.5988878155973343	-0.8817329475700078	0.053320924737707616	0.33716300107299735	0.4741631865004162	-0.4699199997853919	-0.3012400885883118	0.8773223092606447	0.5596555640593731	0.42501130727768455	-0.069692425228461	0.15489283465663442	0.9602034714820055	0.7154572818672833	-0.17559846476317284	-0.42895130131752773	1.5263651591012342	-0.12439058861313819
DTXSID4023258	1.9119016761143202	0.060873707462198855	-2.4887940318333457	3.0929742047483044	11.279475813509823	-3.2638745749605653	-1.9644812263839135	9.423324955047809	9.675628240611982	-2.1936824426735178	-6.040039994115129	-2.4879032617325127	3.926202524807992	-4.858062388203565	0.5372492271655824	0.11412744562751058	-0.42178024194110014	0.7443922676881314	0.986202327963805	0.5324920030485538	-6.304721860593701	-1.735790597021409	-4.664101091440071	-0.3224825828532769	-2.341183909574153	0.5562958614913629	0.39653605805449543	-1.8170402355155502	-2.3904941945316027	-0.7991664213858752	-1.3975313269765666	0.8417652973458478	4.281116075981298	0.2897438452946648	-6.007505285065316	-0.23786126580363928	6.073762290789442	3.6137812582767146	-3.6257660189686622	3.6209854837530133	-1.2784906881716775	3.8869382859542805	4.7837443916158895	-1.0657869104374154	-2.83045525842569	-0.5276589462777598	1.3837043514431226	-1.174768303584443	-2.212394706994988	-2.345499576323653	-0.605744061271318	-0.807559704317402	0.7836287600616021	-1.9000075449274823	-2.7645577611391485	-0.2069496306269825	1.4313657269979116	-1.1497248068001464	-1.5341318670838537	-1.857009933652958	-0.038324083632526075	2.0827111949018966	0.23082793015451333	-1.077422555142601	3.374839241288759	1.5138486240204767	-0.7801230371179734	-3.5992314757030726	-3.9552443181207053	-0.29373513504267024	-1.6397775292612453	3.1566196410452223	-0.441967534647566	-3.751090851452212	-0.1493603566685397	3.4562811278172516	3.7430876175605197	-1.6447615415067358	0.9660757350985902	3.0510177899721462	-0.21366905701727718	1.919346774621129	-1.218462498486263	-1.0592060786474824	1.7150158180944932	1.1548825338858826	1.637780295704988	-0.9917234712674016	0.33233626021488016	1.0782456233554896	0.5281464582275139	0.05537976132425595	0.394448790862822	-0.863723700879258	-1.1106992536943472	1.6266972356898746	-0.25456564895677286	0.6379840202566359	-0.6216124699957523	0.037727008006311784
DTXSID3041790	-3.3415625710471977	-1.968976955469169	3.499009771029704	-0.33169567112572745	0.4506134577291139	-0.8043551413395661	-0.24444666432024698	-0.683920923869365	0.10375242097228043	-0.27153964906829026	-0.5367297041684007	-0.05617566212311456	0.4346526240591444	0.31246556610211657	-0.13346089253950294	-0.20505888285502677	0.6590741176881862	-0.09967805892730085	-0.090623759548031	-1.3091566110415878	-0.34485592134009185	-0.49943610535421684	2.46399787538454	-0.12246717924263242	0.07560931721230746	-0.08420502942148458	-0.06239561880390472	-0.21077176157331295	-0.03228481950002988	-0.5493440344298504	0.25207309540925654	1.093380425376628	0.7752512419832459	-0.0025058504223641645	-1.0529688518549147	-0.9334037321207439	2.0817115498620886	-1.3261261296645022	-0.07893447285691463	-0.6433958545045813	-1.1825615847884716	0.2844901223225392	0.36288146808322347	1.6271236950494687	2.4979491943575938	-0.1641155784266772	-2.2592071431708955	1.741617275291851	1.1034631431216058	-0.8343692713912901	-0.2842655412531877	1.0675180294556064	-1.3809889747246482	0.09697822594889749	0.06795673580535873	-0.3944825102018894	-1.6300415540336581	1.2402398610010252	0.19509518660781255	0.022164519846698635	-1.010605009936498	-0.2501621203577858	0.36200221445985226	-0.4810679608366616	0.4562901719872675	-0.2229681978078264	-0.9024235680705912	0.6085614274491674	-0.18475670028068555	0.1323114525819465	-0.5001730800049782	0.21747194733936473	0.16836510409438954	-0.18983759205472683	0.49650447959279087	0.8135590943150403	-0.06318796436126449	-0.18982136018863388	-0.2727801324317484	-0.0721531638635391	-0.6368753446518947	-0.034329081976096826	-0.10347835270403567	0.4523400288582841	-0.13007307205565	-0.1254937256001109	-0.3684106013910022	0.10669041801736956	-0.04355005501472911	0.135148886738975	-0.0031420121311301246	0.3026459710140138	-0.42583549494641765	0.06471387300711812	-0.27121841661268437	0.2324053062892646	-0.08157227248671527	-0.07940670945512208	0.008752409918417779	0.07496654536754281
DTXSID4023674	4.561059342920271	-2.1006958013676345	-2.724764124370113	0.8202224351951711	-1.9972475529599967	-2.8299354943758193	5.152336480210255	1.7310409844744201	-0.4247494655415239	-0.340711070609808	-1.918084005079493	1.2360013057493588	0.13254156467456246	3.158613752088337	4.58550207156284	-0.044409428948277645	-1.6871291161899076	2.023360108446198	-0.6483244193117269	-0.7517899585495752	1.2281308654811434	-1.8194772026884434	0.5556895523839992	-0.627865645772025	0.6217265063654551	2.8816678367530066	1.0042201511782298	1.934589772987188	3.5363692158291107	-0.8430875803473024	1.8247488811631274	-0.5812845495903408	2.403937918411971	-3.2146776831827983	-2.435882006143712	2.625809366081618	0.2975691874516551	5.510997435095031	3.154712531023857	-2.4227488401776207	2.118687449000412	-1.2311373639846726	-5.285415508317559	1.6907497359219874	1.0158949277616158	0.5806268843888316	-5.334807213096774	1.3794560355127474	-5.802301942673031	7.961163128930353	-3.137875482534426	-4.877007372970286	-1.9059627680151348	-2.9693204428638476	1.8279020589729154	7.353963286548707	-4.598379984333173	-5.31022893451431	0.48035037422448357	-4.4925138886329945	-6.802317348221773	3.118157386816127	-7.039369732479962	-0.29281209719208656	3.822549361028248	4.649891093836275	-2.748586858572597	-1.5710508799857594	1.3942778060911931	0.20750171343255347	-0.3291679201940596	0.7527346651712925	0.4737654802882509	-1.2892659228156216	-1.600139963899849	0.6141291471508808	0.49805803550032063	1.6733530974970747	-2.4472478422973074	-2.8478817241767103	0.2502958727450913	0.2513399068168935	1.0718413698762015	-1.625492090572741	0.01717741106539367	-0.35028758357190215	-0.7002966863804442	1.0602713922517257	0.2872551115767064	1.0809194197835763	0.571899731589352	-0.17855015325645332	-0.0756492702328921	0.9737100598505345	-0.6450014742844307	0.2570636565852179	-0.02035070257899015	0.4620517615526106	-0.39216084731465145	0.09214897307512995
DTXSID5046198	12.838617409949212	-0.6097726863459504	12.233451401975575	1.3581386251987129	2.8608354559954186	0.39811235998827155	1.4551837713771847	-1.190073556450083	-1.0489525759270089	1.8195064492783057	-0.27694723798103915	0.2751851174604593	0.3526598849373487	-0.7682265960644293	-1.3003984878818595	-1.2091506949535407	-0.2302864999995791	-1.1877630367278487	1.4406120886275446	0.09134541673980034	-0.2834320583308866	0.8452416999816973	-0.16534140054990745	0.006664308878048217	-0.33985839958111796	-0.19871828679938494	-0.3684016928211423	0.6562938469220292	0.396129493795574	0.12186606159237734	0.40006506065268	-0.9740623460327983	-0.6748946478934407	-0.8270683928623263	0.41135035063915165	-0.23099890657797056	-0.3403806690990954	0.1648855761548938	0.7299601595298433	1.0404771077642834	-0.5230135253983436	0.31172713141654923	0.08264736839906267	0.34916683236667956	-0.006655726329092587	-0.23519742927382628	0.023338264670393568	0.20303958027707322	0.34072434870567814	0.13651905233814574	0.1652505441303026	0.2511854539889067	-0.05623185026361454	-0.023013417396668796	-0.23888178798138426	-0.21171800331714075	-0.33873045513317673	-0.24377991923232692	0.43901100811662425	-0.23326591832104693	0.16688774279957372	-0.30801828274058235	-0.15284261197618187	-1.3323148010145287	0.9319233113440544	-0.15622124099775445	0.1506624144617339	-0.6298122366058138	-0.5392617235140325	-0.8324153605778439	0.32277182497612505	-0.06541260942931373	-0.7468651401485182	0.15868385301816842	-1.0129910626411827	-0.387286677771387	-0.036793482110515176	0.22342082001519173	0.4037485232769759	-0.09968366061588457	1.1399888354543855	-0.5534514532567986	0.8153279035085873	-0.9595010337573787	-0.11950531258307048	-0.3482137169510756	0.19632094954519483	-0.23852514546803416	0.09507119912443847	0.21546434429899575	-0.04657001554299652	-0.1485948239925616	-0.28537994224992985	-0.6541995071957737	0.08536318488455565	-0.3943508899018771	-0.05061965468388684	0.12691524061796716	0.26840200974692147	-0.21846619266805709
DTXSID0046696	21.481224447849367	2.4495210116569455	-8.638017790748737	-0.3640663227282069	5.463337354607579	-6.692398098970989	7.19935153151247	0.18633111892915183	-7.127890769377065	-4.617338378682442	6.7914372904122775	-1.9867214568833245	5.2029468763227325	0.6992239854014497	5.195233045634243	-0.17826381896814983	-1.127640560258954	3.912570765472513	0.500432823376347	-0.6486199397218846	1.8998603235878826	1.4899241946464263	-3.3350103527194013	-1.0289752509054135	2.800202741981289	3.3458836969065735	1.1646291580765038	-2.562934966437223	-1.8271237969358152	-1.6634679433097241	-1.7210219544888594	2.4196195964021667	1.5610779150697336	-1.3154198390913212	0.025510189220848176	-3.5251300256530187	2.626212363382019	-0.6289760166027573	6.060698872769635	1.217193986781405	-0.5908719491804283	-2.0550337081926195	-1.1528019022003058	-1.5094033643114797	-0.4937193970442794	-1.909187323327024	-1.6527330985306146	1.1072760824540626	-0.3342386272010079	-0.7444696012844041	-0.6758352035471222	-2.472023154895295	-1.0101287263048502	0.0709302926319794	-0.9544509944719186	3.551268004580976	0.5622844867304945	0.9412418546156728	-0.4517992189123325	-1.0107859069587115	3.1924675976775863	-1.1485918652162	5.79289199454601	-0.5811659679594063	-2.0453523404053024	-0.23990875830384714	-1.492998410076132	0.6607840651820506	-3.272936937275047	0.8156876548523604	3.0206634478482957	-1.5781634556096877	-0.6913250636464604	-1.2378755874213858	2.022300290955159	-0.48566028695636515	-1.426387668249594	-0.5342504867022609	-0.892337020033265	-0.907619124885571	2.6340938328938366	1.8067734113848208	-3.230941105389838	0.6601649526016284	2.261302933478204	0.30354007597356764	-0.3504063405713172	-0.8042946942152749	-0.45045694500687783	2.2476307433592533	-0.09964193545598261	1.9539687259036975	0.11634728064584278	-1.6738754456974045	-0.7175696047719596	1.7729975567805758	-0.24387095602042586	-0.37118148030097586	-1.7756898797223786	1.1024297112913135
DTXSID5021336	-1.598727919167489	-0.25764626171095245	-3.9587594448135395	3.250174653878729	2.901097002184052	-1.5898711408819326	8.264258786918399	-1.927150485933093	-2.515276106204598	-3.586545425923041	0.6110528452877748	-0.8307148957113568	0.16517847985040945	-1.9165215649338128	-1.8564747613192816	1.4005335870527023	-2.3731137671122635	0.6047920930803949	2.161981741824529	-0.9399864153368559	1.0740531798874713	1.0492833128929422	-1.3071996030175603	-0.09784645545850744	-0.3319557118090531	0.3926313334510882	-0.40566725431105216	-0.5895169856352053	-0.4890782817058619	0.17061030811959013	-0.3931999600259362	1.2593013732083538	-0.05858791894968201	0.49697723707822006	0.4920819293764822	-0.18781612485085616	-0.7647284199553723	-0.1023477848749441	0.4698573472051935	0.1557238959647136	-0.9716178787198329	-0.8552774629076518	-0.17901307818643128	-0.17985225797239365	-0.1278882819626574	-0.2224976569712832	0.586888177142442	0.4031319761661037	-0.3315163890158028	-0.18444550216786415	-0.48627734171245823	-0.16381431127265497	-0.935321767771577	-0.28177570985851613	0.3642435549727049	-0.28493592887107916	-0.7689257188177794	0.6159216539317542	-0.5683397815638483	0.0981325702219912	0.13799177104101845	0.3275209113321628	-0.224892846332851	0.47446151603584186	0.5148298963744933	-0.28934054340687826	-0.21207172100358845	-0.7062241485441688	-0.5995864271143666	-0.5902465502963419	0.20413769233450152	-0.5340653664158843	0.44948522738981145	-0.6006998609654308	0.1803457436959673	0.13803198731411553	-0.03694863067446759	0.6546413142734351	0.27611588661695186	0.5864720328642924	-0.3007923264284426	-0.15526145861727259	0.1695608905011745	-0.36126750568491867	-0.3926156886561086	-0.19082198081673457	-0.14995405784476765	-0.52705970849302	0.14729642466233692	-0.32765163468567055	0.7578921086267967	0.3853617653649719	0.047518167679723486	-0.22361598830610774	-0.37260981387017356	0.04992348021496837	0.3462696058793918	-0.1692905211578065	0.03780192295544981	-0.5130369467084004
DTXSID1024831	7.1521014408913475	2.893733768711444	-6.28553196472996	-0.339054985501717	5.3934571764275985	-4.3265683618265305	-0.05283295343550107	-0.9665174687453143	-6.418542089457708	-5.839784794103697	9.476238307268385	-3.0605558213336015	1.825332546512634	-2.3126899768176266	2.4361295001537218	-3.011230488214585	-1.2985050760846202	-0.787979742110472	-1.568160098231081	4.632675214934652	-3.4772419490274635	-0.29550994484065407	-1.946392605478365	0.1889617343901815	2.3025009267988055	-4.732147674820796	-2.55509561538428	1.4775460058843133	2.8894924406686133	-2.150959630814428	3.782212252009519	-1.1512295752202026	-1.0674664867196968	-1.764515567306099	-0.0815357100721514	3.1709554613737794	-1.7448893203100497	0.7846438282068847	-6.190885389619227	-0.3462406669874169	2.924656230400684	-2.2482614794414193	5.994936642944095	0.8726932515826041	-1.9227667304417282	-0.7780804720529403	-2.776033649262997	2.009009160392046	1.2727348157057004	0.7821004861743495	0.5239348080785686	0.5234012866499949	-0.29407842252968475	0.5330822559722259	-0.6293563105050144	1.0424608932776138	-1.078681302214669	2.432437023265901	1.9514967409463313	-1.9809349270802183	0.05246355947679034	2.4820796215669736	0.21421456350387835	-1.9643722960679126	0.06073838660455212	0.6901301079112425	-0.1863960451262405	0.002861939483100216	0.6856777578441797	-0.03742035354989363	-2.353946937088232	0.3582708547673748	-0.28393372464323485	0.08938995373210992	1.3113634353353993	-1.1132961970645512	-0.7314289101236062	0.6440358167725437	-0.9883551949914392	-0.07173600141029088	-0.42672100525117435	-1.234151399964626	0.41710042787385015	1.8752865005764956	-0.1802370246032265	1.0349720974666672	-0.4218933610239069	0.24474296127941073	-0.162446927107375	-1.3753949407326036	-0.1376180067835739	-1.1688257547201757	0.7046039553074052	-1.7941101970753084	-0.6286117628640832	-1.061669666341015	2.164677341227559	0.07001781342089362	-0.43434993902258817	0.97498869003285
DTXSID0046222	3.5828682377002337	3.9288179245671206	1.099796935261532	1.0908080733578904	-3.1991941207302115	-2.356436493517842	0.31136026113489895	0.25899675472941514	2.177231572803526	-1.69606819579048	-0.29299524557697115	0.6206273583177621	-1.1825586388761542	1.3499715908291359	2.7182146002070975	-0.23615325964457257	0.03403384177292435	1.3906973628990407	0.29752974118487946	-0.25780426427379755	0.5970004562564784	-0.7991859334384362	0.5372702880102863	0.3451552850776879	1.6064877123546604	3.0284032443546773	1.3560188666297874	2.3916736972320454	2.900635036687727	1.0307820584130774	0.17000575976802346	-0.4403257623279822	2.3320360290513102	1.2122036958043925	-2.0314884034531584	0.6310895430736067	-1.7432131017417838	3.32209196439822	0.7199467796437119	2.8348219688391665	-0.44064556104802555	-0.4482162684485211	-3.4428832887987317	-0.2587572612926812	1.2748869334330712	-1.043347341645995	-5.520179300763649	1.740826973838215	-3.519745418045726	9.797225961069119	-1.4316184896671236	-1.131938860391997	0.07445648849321115	-4.895383160533916	-2.5621453086392303	3.353754880037726	-4.456016511026808	-5.06775393739404	-0.26440813163551874	-1.0437704380186128	-3.1334487976292142	4.330137508055297	-4.352446693323067	-1.0154841632514195	-0.11248008457243029	4.122577219770475	0.15387485361541936	2.1789534454862913	-0.1523248581437469	-1.2478970761920007	0.4942750139073914	-0.277992787419104	1.194750856691697	-2.737584693246712	-1.337514358657651	0.5195667132488274	-0.006212470176099833	0.5990070669484341	-1.5669944226130015	-1.5204083303233422	0.9048508563938148	1.954795796906023	1.4676477754036912	-0.7447550384482481	-0.11710989347920957	0.483343401138726	-1.682031223078292	0.5466573398798777	1.1112835973748758	-0.028037340228796965	0.7788958612125723	-0.29060363102612496	0.18405761643617385	0.8978720546655743	0.38076991416884265	-0.7817105508628903	0.5995724150588136	-0.4217967207520939	-0.3912774328511654	0.6755649779772784
DTXSID0047909	-0.45109072658374516	-0.4799265187339497	-0.5671451516318338	-2.4353449660953506	0.3713594761411991	0.2695340031528689	4.940153912316156	-3.033367950349884	0.7934390919281388	-1.4879097211238963	-0.3262954206477772	-0.01829779549848024	0.2647119958811375	-0.8583570350856368	-0.2485920696190015	-0.9989440300265877	0.781405210415357	0.07295607999392734	-0.7005633781245736	-0.4002950725318706	-1.3024833266149813	-0.6363407266919585	-0.056719936033953464	0.5284144976536466	0.3235558521944852	-1.2084093431117087	-0.09293979445445417	-0.6565070312072754	-0.13812734394579138	0.38540533211542644	-1.032873772965695	2.106917208902334	1.1795640984204079	0.22313236024396	1.695212681015521	0.4246540810019539	-0.8472245561288888	0.5208562323099976	0.8248712205811358	-0.5184138806227496	-1.5839664336677077	-1.175258756388427	0.06046604047416059	-0.47663603635332125	-0.24679189810528668	0.28988432006933423	0.8909048840709654	0.4261374577360461	-0.4313843960840661	0.2035570334777694	-0.4387458633856343	0.15613022426607479	-0.4979784199179186	-0.2676021502480753	0.2767626846807268	0.642832870651825	-1.200409431186462	-0.0247408688083701	-0.7349240022436891	0.6641834742780578	0.19481411952408176	0.16689458499599852	0.5387278689750564	0.486818728962384	0.06348719158312793	-0.0931315676096663	0.6025355653521846	-0.45175019668235716	-0.7292704450929857	-0.6166499031489684	-0.34014533626775106	-0.3827313426962864	-0.23704990212683028	-0.8698050831044684	-0.14903461455887593	-0.02019389528903616	0.006523370630723267	-0.024854363140510267	-0.5283447143214701	-0.0176341499478456	-1.1225855487868936	-0.7427403890292125	0.7661818916909221	0.65061995769516	0.22879198377557083	0.23830332872412793	-0.20399227756644236	-0.11476094830142619	-1.4376747420186504	0.6642326743309442	0.43025836192701145	-0.19775351071045277	0.24813362900295666	0.20955091106071508	-0.638466963993681	-0.0470972334258131	-0.13302161037372143	0.5783428199453509	0.027304261852487688	-0.789440796563138
DTXSID1021081	9.07916303603088	5.753937397868975	-7.5909331319678754	-0.5496238563360767	4.692247757260507	0.04406927020950565	-2.2342490676284807	-3.750480912404208	-0.04775725933306203	3.798085136185495	0.5596456859566872	10.253185248717001	-3.942961495336225	-2.835488726513449	1.573493213473023	-0.306758214110041	-1.2327822090169915	0.24464677125416248	1.439628200968176	-1.4656598308752435	0.7289355083583667	0.27239573256338734	0.5734979070574039	-0.06561800934603966	-0.17883530225111874	-0.6689002428432841	2.1094033706377564	-0.26539850537056325	0.9370508536774792	1.1338502064538618	-1.117004928229594	-0.8578923378419444	0.41921030323232045	-1.2286090489317398	-0.6492723952338669	2.0832574801253423	-0.08535434484674359	0.0048412971541607445	-0.6133439813110383	-0.6255953178335671	0.3161116993209103	0.3956597350055669	0.6899791143773908	0.6366961006038171	1.2923581350974271	-0.12516698125555115	0.9159723851270205	0.5646028866226852	0.12826561380324955	0.7732026149016171	-0.22266500402762077	0.4193466669707501	0.694376115880955	0.1965145127015277	-0.6719002431210447	0.10131678250550122	-0.40847095926504723	-0.6445079999442686	-0.14668117477771253	1.5026862103269536	-1.3452485618860073	-1.3285538198142144	1.1655410924127856	0.08501445162674945	-0.5312616951499427	-1.0059184424507257	0.09662037215238324	-0.23943096778707268	0.7577904125042713	0.4846730940903736	-1.220204862112823	0.6756123819695109	-0.08016932292637603	-0.5410423213871927	-0.5203256913748532	0.06915044741311638	0.6658186902815058	-1.301027485859058	-0.38523013003389567	-0.4693345405299992	-0.8008202230183714	-0.49941690493042334	-0.09837369756333475	-0.08735245072632339	1.7672379412950578	0.26863011550697424	0.7185906999819288	0.3889378685233212	-0.868684678232198	0.718167658882215	-0.21090230730687062	-1.5946608089498646	-0.3096125278361855	0.5578254037531606	-0.3265949351133249	0.8899504299503701	0.24072258401328547	0.2599879740109703	0.3085833053566615	-0.23184595610978187
DTXSID4045187	5.015486253481632	4.807629232632938	1.743403810651276	1.2461923211663608	-0.06068889368669844	-0.20703417585003758	0.7792275764182671	1.9121973394965508	0.3749608987979915	0.5101560168387559	1.1084873621465439	0.28086646014835825	-1.4039326002923573	1.4662617237145776	0.974671552584708	1.0755594521041973	-2.4653777333238267	0.14616985199707813	-1.6692147280203105	0.3126354035971263	-0.3408415805729454	0.03194697127597024	1.9499735865354866	-0.8496356694799299	0.36957287701294744	0.948482407362424	1.671753530073147	0.7328043171024841	-0.483384265717937	1.0392198985524377	0.10832274691281889	0.17486727258092385	1.1689437459797447	-0.627210866210358	-0.14650418684001687	1.5151393053996305	-0.5445523983822171	-0.3213691759622555	0.09953794532500586	-0.4092272719482429	0.376705956695802	-0.011647284584433018	-0.5311653328394799	-0.9454745659137171	0.6180745892662299	-0.26635743030385894	0.6797195873204381	1.1674897721365893	-0.3068436026503852	0.06727773065727422	-0.06374753954042553	0.7430223088059598	0.7319224581908077	0.17296421657213784	0.21688055767530526	-0.3346316559722449	0.7725900763776109	0.40419336015698626	0.062187823774437795	0.5052641821683238	-0.34467889535519913	-0.9101324468767906	-0.18453800142874466	-0.8078644126951872	-0.02557327201272692	0.21088934217291688	1.0459086883981883	0.26078903275466747	0.35698486748964126	0.849569256897985	-2.080645412290391	0.9189092453298868	-0.37021983231230327	-1.6960545852729487	-0.8449664015415931	0.7640798174807371	-0.12963267411576682	0.5877858949962311	0.3877612775341276	-0.376149842314418	-1.2875946899362103	-0.6097051457263962	-0.8242565828003415	-0.7072923729866741	0.02488206616464835	-0.16547101800112068	0.6542362271356702	0.03806602213127006	0.09530991326787636	-0.6871309306805994	-0.9477215403223086	-0.07391244602880119	-0.44711219955029247	-0.17266833679905014	0.49384528440375	-0.7270889297405471	-0.47721815831142866	-0.20591531445077663	0.3454177402533967	-0.23720463990680857
DTXSID0045250	-2.0624550960713846	-3.0442687898758667	0.34633593095412135	1.47446174534916	4.877111568676963	-1.422226865700154	-0.08934756402579333	3.5480124749961437	3.6526545829216523	-0.5203329764847315	-2.7125608801219983	-0.9940174575343345	0.9142402146463686	-1.7700336799656786	1.5500631231551234	-0.39206449757586503	-1.1548639537842373	-0.46217580393561614	0.20764169391086534	2.4519003978223433	0.3265055607587328	-0.18480703267927873	0.0024196940166346186	-0.30006238800945634	0.15715273119135853	0.5536892305417447	-1.280623501423288	-1.998013598984962	-0.520589176566011	0.21324015558968837	-0.4860191785543699	-0.3251366820412663	-0.441039785766596	-0.8472656964685434	0.7235165671759426	0.5337276518944584	2.327283090934192	-0.015321718206865724	-0.09583999142990107	0.1339048324711262	0.3825679435615642	1.3256849850157937	-0.3310954050111291	1.1350688062578846	-0.07806700815462983	-0.029847574075816785	-0.08511547355971162	-0.9925833309937113	0.06085779377392938	0.018457847343581427	0.40346885081060496	-0.05380214716518006	-0.4235809804897507	0.42991415327957866	-0.35431989337459147	-0.8676061716148676	0.07517750101362251	0.5778271435571575	-0.49524255860868854	1.4328436693983182	-0.13076430791009408	2.347565430573953	-0.6312152990640977	0.4953804341092576	-0.8394661624775902	-0.2417531914224945	0.22882345025199988	0.9444224761568086	0.48753464353719206	-0.1827146522035765	1.8011800965202684	0.8208930523918204	-0.06575346212707758	-0.8019296786178682	0.6069080361957199	-1.512099112958497	-0.9499525125838304	0.3987759769551335	-2.017492447956919	-0.3560036629028574	1.7684324139165584	-2.3398157239788775	-0.06768245636022636	1.1663901980088678	-0.10096706192502534	-3.3397098826426213	0.2506329112538208	-0.5111708863200347	-0.45995761814550273	-0.8578016023255827	0.5147524217310363	-0.16376344069477577	0.33504554825571004	1.6621768481688852	0.5969769097410652	-1.2174017636424355	-0.18740648895280287	-0.18878690361871034	-0.3090579343816426	0.09661641633317028
DTXSID7032555	6.877624753834244	1.5915969570901127	-1.357301477858669	2.710760594248139	7.252529496957757	-0.30334484720546157	-0.6425336253460708	3.306301438683046	2.794444644652879	-0.6557632766110177	-4.062846466233396	1.0827535255452252	1.1427979755983324	0.2099023538528835	1.4098837950081775	-1.7809269845727864	-0.0845685398142289	-0.4305786096084963	2.461116071258012	0.6527551623666656	-2.203376767062101	-0.9020168876384894	-2.405571600577335	1.739891164239138	-0.22879062527885682	0.35861683297223773	0.3102693644691983	2.3955126919327174	0.1531215459510671	-0.27665324605476954	2.0786137705959633	-1.8944657669009402	3.2385795846251586	-1.6831401059259958	3.9178759942870287	-2.7651136929969593	3.4474380163727374	-1.9262338993224781	1.2732910517959626	1.6124157509846602	3.487205917778108	-1.3547717631725196	1.5252407445966447	-3.0097771592561195	3.5016008286707567	0.7523842027795763	2.3558867723599763	1.8670964121761444	-1.106771015869011	1.0216629397499946	-0.3513476956980869	0.4502313952095902	-0.8617229850373364	-3.022720876511747	1.5371327414641458	0.5894883294239448	-0.5358344471034835	0.0646336711735469	-1.7865525562719229	0.24092001588501824	2.355491247713105	1.2209084799780625	0.8617797407375107	2.9799672094438057	0.84227773325731	-0.036801101031158114	-0.14027235570378727	1.5872776266638862	3.3258395581499967	1.0653055063109498	-1.1384471834268068	0.8227573311880083	0.8802862677370423	-0.8317302249214339	1.446032661045829	-1.866329250562441	-0.15213465714826302	4.44663228030853	-1.2126723867539506	2.372451270487854	-1.505098608159273	-1.7021831701701244	1.3166713169239461	-0.44413498659335654	-0.14071317870390873	-0.7383769956668566	1.8486041684624144	-0.1845164847806513	-1.3142893327058707	-0.5197228628738704	-1.464014488610235	0.36972461281739627	-1.112152936520528	1.7954046428232846	-0.13426772948637986	0.08004010189537993	-1.1544306437940595	-0.3915288242344151	0.6671428674722008	-0.17065015690832214
DTXSID1022186	-3.0092565231104644	-2.6377621366934227	0.6360286011909855	-1.0394523020445992	0.3448395490731063	-1.4200211429749736	-0.8090827015718176	0.2709949550167586	-0.6334488989894599	-1.512097892326353	-1.0456973932725306	0.2569921683870671	-1.0473331315645589	2.4036378288041007	-0.0003476877928039096	-0.06218139997190136	0.30868074243112215	-0.042320323727031255	0.3498038140325176	-0.7778636264004455	0.5346616975203559	-0.4431740305104127	0.36231379367564204	-0.018714606234432267	0.32071670902135996	-0.28720786652485447	-0.5162616704442969	0.08647907380227002	-0.012222697880620274	-0.32092105945469196	0.19614249625712468	0.540526460375704	0.11730693721684338	-0.37807336203303926	-0.43814627049552146	-0.14959592142098319	0.37962529256826893	0.13980246852825684	-0.05209275773304817	0.09787440410647537	-0.2965372736078609	-0.28163054512248925	-0.14452701803328946	0.1836102990008287	-0.5547064574366165	0.1222456052974037	0.15778193441393823	0.20271486684585785	0.07648584634588426	0.37468331514854497	-0.038252889317182945	0.07605189997955203	0.2000798009066283	-0.1563615882130574	0.14092789409679873	0.05386555918255609	-0.10582550250561981	-0.1066383864929005	-0.22473756836540765	-0.0021291199898274367	0.16639594160024232	0.1602333906634061	0.6415722169405946	0.5602422086127063	-0.2763497931238618	-1.0305661590647686	0.6533152403670922	-0.8410929687698436	-0.5038726881943968	0.8484210035821645	0.0803244894145179	0.254425214044647	-0.18567162194271278	0.015596707762930673	-0.5414065480418135	0.6991588454190765	-0.7418845420980311	0.5030398105525322	0.10035274694759083	-0.39292875950157485	0.6491338898664355	0.00850130081545123	0.4800951871274275	-0.14331158419212892	0.11021393405897775	-0.5885222478059141	-0.5773633933448186	-0.49891298641599263	-0.32520377465243516	0.6844256974261583	-0.4819047939567052	0.42837182038459143	-0.27760905665537994	-0.0009830962887949846	-0.05854186285405284	0.050867917603115154	0.02898139570157588	0.03075359328757188	0.2984731879520647	0.12760061291541214
DTXSID4028967	-3.5003116254019977	0.8226309192192989	-0.9685155745137916	-1.4130738572696648	-1.5511767580315088	3.9114627625053546	2.5856610073368067	3.7989764954706615	-1.9509097981428778	-1.3496756390548605	0.5925756524382886	0.2337721795153641	1.0512949842265702	-0.5636865089987851	-1.6031303961127739	-1.013198566819278	-0.36775956845990043	-0.8975984307341666	-1.081916538642767	0.572500435103302	-0.961599612276427	-0.4026142970109251	0.6044900596433789	0.3470043856070139	0.02453046944811553	-1.584392569184728	-0.19152991549302167	-0.7819584047613237	0.8104764690354752	-0.7024372043050534	1.0059698217229496	-0.18270240699591467	-0.49325433474788555	-0.6307918557946007	0.40541610384022037	-0.7941365313689053	-0.10601021573828645	-0.051788139216453324	-0.7712345723434769	0.34952364139085257	0.10040646948083792	0.1070372403337889	0.5571916930859229	1.0294237711876697	-0.5011860304457255	-0.0869922235486406	-0.29414513186772495	-0.476510803192147	0.5151109916792387	0.598292874198732	0.3391703973013001	-0.33025882781664945	0.11093125700972828	-0.23332259173519163	-0.5840928441764726	-0.3010736525449295	0.6196287152763258	-0.29125864102509036	-0.11600472169512545	-0.6998604296541159	-0.6482197442438274	-0.2946134233668999	0.09967309592163844	-0.5543920123500213	-0.3473560434115898	0.23416152176876065	0.21194700417050877	0.09985798166003017	-0.00045191374034502234	0.17443723911963216	0.11301555150691546	0.9369026829740585	0.022840344894758804	0.6970695138892199	-0.17072729639342749	-0.2774188423323423	-0.15993986071416086	-0.4965329169686387	-0.3664316808660422	-0.21928503225041174	0.2916904232530577	-0.5047190958965525	-0.028531539005882817	-0.4313169251498849	0.32722971087144714	0.07895568847461593	-1.1570743138071895	-0.3233751542563563	0.44254729747928323	0.35959653920435297	-0.7698540419760244	0.5470006055485699	0.5199198710489418	0.9066205012400125	-0.5720478548574944	0.8116048516968924	0.10726554671492039	-0.2418868892748621	0.48120895946629955	0.21985749692334888
DTXSID5023613	1.8836129967940587	2.3009034109564723	-5.226150374287508	0.29683297265391917	0.917102607303912	-1.3768585420655175	3.5393496822347066	-1.452031616297846	-0.1575767245185615	1.9098005768530324	-1.1578215710486426	-0.4403088041103177	-1.0768753909399837	2.3680290657341616	-0.7047694391021957	-3.045686597527885	1.3440501357423593	0.5328149779136144	-0.8461136139908071	0.7204158367325771	2.1619152715566528	-0.3053213926740652	-3.0936432479591134	0.8281738886473461	0.8682813788554075	-0.2762600102771051	1.7049030815293043	1.3997246394511327	-0.1934425037702545	0.7834278027914748	0.2553804760947209	-0.11608795302764112	1.4589646380758055	-0.5039773858674503	-0.3036819346450107	-0.5742877613388226	-0.9096316851182852	-1.099755110832602	0.18050313210140626	-0.5343314063787447	0.5550660435864595	1.250557622381186	0.29841641369196203	0.16163210459104796	0.11757183283729393	-0.1589562829105228	-0.738720705251473	-0.21941798952086972	-0.5069502119063889	-1.30458565466575	-0.11008369755236014	-0.6134697036030216	-0.009469143871972419	0.5127312052298189	-0.0171108517561859	-1.1464936962254915	0.2193541747660074	-0.16179006071632848	0.6946113829810864	-0.6839352478858546	-0.7584583659973334	-0.3113976636918275	-0.4722828773845458	-0.2313206513493481	0.19752993172365438	-0.13835052940079595	-0.03950459365921419	0.26408049615082957	1.1131536727997298	-0.6833523528729086	0.30153339238991084	-0.8183022030060143	0.48907347477831625	-0.17240248398291788	-0.14892446179045166	0.4412008989344102	0.5975876145799057	1.304147144515378	-0.6753390158416422	0.512641468498963	-0.3482202712182246	0.4786865135549117	-0.9976581144795326	0.22552343158374347	0.7753294225548086	-0.039588044977127444	0.05352177258320806	-0.7940176236781996	-0.361401593132428	0.30271272391974086	-0.7358215245993548	0.6163064024930662	-0.5058384135238415	-0.2625673777327989	-0.05156703098141646	0.5225669299350993	-1.3363267103882974	-0.44251608798491066	-0.2008590008115212	-0.39813460765180547
DTXSID4026979	-5.1300172075761425	-2.8225273486679985	-0.20007567201581805	-1.9542061786635532	-1.3110532945373055	-0.1470766706978711	-0.8770680777439163	0.5435759665351302	0.061830371391812085	0.020292448422052585	-0.13557803008355895	-0.14761099590030755	-0.877199514863087	0.20493574717072768	0.4812568907669546	1.1616483900598558	-1.3840559877908298	0.6798969506271964	-0.39886351076761245	0.22768463332711858	-0.13816666522305512	0.17417218602745813	-1.545848567850539	-0.8692466427369473	0.8492439969641574	-0.3352771605336009	0.09496200565229156	0.43480016272301164	0.003144302915138689	0.22528899306957625	0.7899203426101622	-0.21350868195459777	0.07657970173058022	0.23090472374273519	-0.32290337312799827	-0.08403086781927606	-0.5076427077994773	-0.3766465977621048	0.2961275205141636	0.4329275111388446	0.01656196294769722	-0.34506869839908694	-0.2349854632819174	0.3460297753825998	-0.09377146936244365	0.25826849098277826	0.5416473310688976	0.3371312634769476	0.08889625742479107	0.022421623865980584	-0.1018713849125836	-0.18257782793022048	0.06521544527506747	-0.07402295726116034	0.43466052261280413	-0.5762716765567728	-0.3935747452505322	0.08213855748509004	-0.2723287320058817	-0.26483461975591155	0.00701506202597116	-0.15261337399479752	-0.05615612825808824	0.8485520458992788	-0.16784073298418506	-0.6175327872892503	-0.09787503259949566	0.011248146496796849	-1.303011541151272	-0.3009548753768513	-0.26948268852180074	0.4334561835976802	0.1377252194472431	-0.4893111132491504	0.24360925788862262	0.22934854660507778	-0.3710079256287094	-0.5738662346294937	0.24535594956149898	0.206649981657086	-0.3144907480875336	-0.6661772594738571	0.5216969972478781	-0.7534328063762354	-0.5342255192259184	0.0028189211473878743	-0.14800373097144612	-0.23848201291733412	0.5885132485251041	-0.958933102804221	0.16579529508615615	-0.6973251889310745	0.01200694763551032	0.24839653747708246	-0.26529907299668476	0.22519937159902215	0.526479554124462	0.7204080390552676	-0.45704417992803503	-0.4010314762659011
DTXSID2045656	5.112362513308712	3.3817010529949365	1.4502144708656466	2.2900079994343407	-3.410590217534533	-1.2090321551619951	-1.048256039942268	-2.1775046214094678	1.8159508487378355	-0.6976977855072037	-3.0719396562370878	-0.05681469538793285	3.748165048671323	-0.867877649359378	4.256800593006126	-1.0606156453949038	-2.654300397337682	-0.13705365613932113	-0.5343109238013046	3.786526844799123	3.1777098204162377	-0.1618416254112931	2.622038781970853	0.7278610960616381	-0.6006011784113041	0.8978019880372299	-1.4754957693202622	-1.194534664042615	-1.0426489095542832	-1.2726107543699376	-0.41568272705515086	0.11262335699276611	-1.5243263802100122	-0.12231164994051306	-0.15207312178783383	0.2072373872998964	0.8748584115786188	0.24988702730152432	-1.5728874454812947	-2.5794338685167952	1.3568203533127505	0.8898022228264691	-0.8623230338260532	0.7607537741305467	0.15426317600574138	0.0405959571629158	0.9264063877912057	-1.0021820028711468	-0.4707392206251899	-0.4250441478425992	-0.13207000561785687	0.042719722705875283	-0.28709021574683	-0.053523645213939076	-0.126071748421564	-1.8164297086061039	-0.12253925059749259	0.46515987590519103	-1.180516535821633	0.841045402058859	-0.5614387156022775	2.117268229798504	-1.1861278636273287	0.10968993810040795	-1.3549185943895339	-1.3510240593294904	0.27755901506751945	1.437700512712904	0.15546179551173572	-2.2724152974172385	0.6448305826462022	-0.2634952812443074	1.5896515624033736	-2.4197944283533652	-0.7968238772708426	-0.26352077518095773	0.019724248376104335	-1.6947908786988888	0.1208786894393689	1.8757983991056872	-0.21231406025329874	-0.04712642015441725	-1.1376932036393563	1.2974281162679402	0.3154743253549175	1.682287790304339	-0.41024893464074763	0.7676342758324619	0.2522747123239583	-0.7126741973557397	-0.8891835793848244	-0.6752908474445082	0.4609345407975631	-0.16918899869965726	-0.3987335527328672	0.022392802668751006	0.8160866241863964	0.20965886747362578	-0.581810729608452	-0.007869312978094551
DTXSID7025508	-1.167081282166402	-2.5848668609506147	1.588410096194021	-0.14299449537988848	0.005271840044556511	-0.4074422459809114	-0.17697461965351244	1.5096920700147023	-1.2603198468326773	-0.6087754757642425	2.4351682222993225	-0.43537108803038094	1.6195980383391992	-0.62512955518324	2.0986494143111742	-1.7399475406218514	0.779222422584267	0.24799744117510417	0.4680254822951975	-0.48338760167404266	-0.015611899874440916	0.21449478030744662	1.7020802654640999	-0.4745704175458403	0.763162277853529	1.2880306275815265	0.7484857183797373	-0.28660006913447894	-0.38912768894204885	0.648833658704341	0.3403600481850407	-0.8153254585195505	-0.5068164684322675	0.13973063879345526	-0.17500883384772728	-0.7078353663468897	0.30502764846015884	0.12146651037629276	0.36134778998066563	0.5942526311385002	-0.38387280114995237	0.5492294672589025	-0.8090815202682542	0.12466891710994175	0.09738185596789697	-0.30734957464228035	0.8617842974090475	-0.30625911192697364	-0.18263904071471043	-0.227797667573546	0.1745323869194695	-0.008613736262600692	0.13336454528645522	-0.24985213256332506	0.3431816679616846	-1.219493144177081	0.3134263260245663	-0.6413178468644241	0.04397114321815481	0.10909917285608141	0.7990439187968248	-0.58494403960248	-0.820678400586615	-0.307362650815657	0.43245781088221724	0.5326957347073541	-0.45315966979215944	-0.18668707044879418	-0.4771385572819853	0.14721940606179632	-0.21009189822327345	-0.22188577586579594	0.21373064320778418	-0.35837020806208514	0.28898010530883894	0.03416787717468784	-0.8699776063893062	-0.12154193709915632	-0.47537424899515257	-0.12749946089341574	-0.6411284090839714	-0.5561993118270323	-0.6173331955713928	-0.8829974493845628	-0.07976705951471556	0.31204747663141363	0.3756129978567005	-0.39308845660512837	0.08334982890936936	-0.491849171633205	0.21309984168297844	0.5175015720277143	-0.489194530904882	-0.48326633076081926	0.4562334061209163	0.4144665232573668	0.24352821298070207	0.44548408516320825	0.10097959758890297	-0.00454804215227633
DTXSID5032525	2.526323883115464	4.768061103496626	-1.9883410990918478	1.858685480704655	0.5007302434846498	-2.4024258906328906	-1.3943056735985553	0.7910539903181647	1.4735704804041205	0.5012220032997122	-1.4235150286451512	-0.8619911893919374	0.31480468560002445	2.4226118013969478	-0.1979180055646786	0.7938551982320791	1.3093839925390722	0.5724102888243516	1.8093854249879298	-0.46096985890776565	0.8823388862481959	-0.6201566582330025	-1.1165525427178415	1.125078227629513	0.10126576846806681	-0.20697349613510121	1.467037721631538	1.402082256656613	1.0927730282438368	0.015575276123004418	-1.0379109227669492	-1.8292179575811351	-0.9991036704734245	0.4712398426365573	1.4397584973179913	-1.0281770588804722	1.2830908526237312	-1.9131391518326273	-1.419606063875771	-0.5561535252696261	-2.4059937072433537	-0.06820145046682786	-0.4628022187495846	-0.7823070556817099	-1.8378745478818865	0.021971449981927092	-1.8826350738085638	-1.1280753018122964	0.054487709320467516	-0.14635968859240744	0.23993623496188263	-2.9130078581431893	-1.652007056641112	0.574768633697468	2.43995757797829	1.0380414294440974	-0.3390562539035776	0.5132966992046926	-1.2147271056649187	2.1736932764044004	1.7257802843328038	0.3633894185345662	-2.2660265288253654	-2.072430089903533	-0.597319087177568	-0.56147120907184	0.9895062539680239	0.7010559025876514	0.9526520735674255	1.3501660698376727	-0.9680074629490308	-0.732295359710562	-0.43465904832323027	0.7530588761168032	0.20237498283528954	0.8649122805217201	0.4470073393387107	-0.4372517329239006	0.05932660645004041	-1.429251737890997	-0.2586215100946531	0.8174081669379646	-0.8037918787982479	0.49178995726712443	0.3619310832782054	0.934234632616349	1.1293633625773765	-0.4190327451825521	-0.5972636796784244	-0.3893765463986296	0.7696792742893821	-0.9041519819722752	0.0025541384139854116	1.5716533047911787	0.009429532376267088	1.2301755120785127	-0.4428411951330847	0.32807155015558587	-0.11487188317930831	-0.3850313591978003
DTXSID7047776	1.0352876532122361	1.2542866312947651	-3.238426943194851	1.0276948952715548	0.6435150007611363	-0.40584976214063284	1.455375617767692	3.4355827294850245	-1.9037949698119176	6.167761907075506	0.3707792807953585	1.3845369014108135	4.2873578217907165	-0.4913390818124556	-0.3727566470012067	10.006474542662135	4.492709751967691	-3.730658326380483	1.87011504864798	2.6815393024314114	4.818362734120506	-0.45267041146024845	2.9728236415754723	-1.3444033165837768	2.522714085037479	-3.9453644226759117	3.1170071314101127	0.9565245666365618	3.1844786582770146	-1.6824509976634943	-3.192474162222522	-0.3146425928158649	1.6198793207399833	0.8824947114384863	-0.5222954283456575	1.487493282513479	0.5413355179278215	1.1436581632507565	-0.3583834788568051	0.6637427058760395	-0.17800985138760633	1.3567211152900231	0.1742170586008622	1.8922966603458409	-0.9425207819309427	2.147286922591299	1.7830504446909277	0.3723172595719166	-0.7957346635825086	0.8192162531075585	-0.14295710445375767	2.0123048160951647	0.9961843476486434	-0.0439515784718109	1.0786799143890549	-0.7402380098471909	-1.079199954473344	0.8978793962522984	0.8688367081204026	-0.9232342649595637	0.8392663047486467	0.8934466264257755	1.7707903013064754	0.11439969593263924	-0.9284155451553631	1.3355605739560068	-0.7113129805341868	-1.7698443294577009	0.053651287891695675	-1.1737198608542676	0.9731208490845626	-0.3145173230616749	0.5514082628559203	0.3793670338251369	0.0830565532163634	-0.4154802002333786	0.15193115763748688	1.419203516561058	0.25126663853319575	-0.8199460129864513	-0.7351174484542946	-0.5575408296809439	-0.5472244873319024	-0.4051029992573896	0.23302052884940344	0.2324064822853012	0.6159244483834161	-0.9207204115563585	-0.5327724537854199	-0.29683667926202684	0.38170845311094287	-0.7431620062352465	-0.9251602969383903	0.4579990316590706	-0.31408254776602723	-0.4429321738651828	0.47963575222462507	-0.06784816809593992	-0.39761039645542984	0.3288909648532796
DTXSID1046845	2.5914943715865135	4.0230713384472025	-0.22929865627059043	1.6675017817152171	-1.6900779164959838	-0.5863485182041083	4.049626658455262	1.764811816826719	0.35822575049704874	-0.6281632230028843	1.130115131178581	-0.07645570362191276	-0.9755031396814998	1.0205174060924993	2.912051847752975	0.10540789851705255	-2.2013699661238166	0.37085304155789195	-1.3409959244217304	-0.18511138673204983	-1.8850395681115837	-0.32208810255714426	1.4047760051690388	-0.33176494729311845	0.31361179779426696	-0.8758468123614703	0.6875668075244967	1.5690546008384585	0.3129261879528245	-1.0588998438249937	0.08641620959951841	-0.6709975407971618	1.1762480155527404	-0.23199396816750587	-0.8686976833702675	-0.4119889858561461	-2.2630152670332127	-0.34917702704343956	-2.0354757243885047	0.455295869887516	1.153088308022988	0.5819781015199651	0.7875793044066982	-0.1441240050240828	0.5698821422017698	-0.14151427665061772	0.6810213087946624	0.32487196773645816	0.679896988877638	-0.38937708421597295	-0.09371571288831117	-0.6485220189148873	0.7229794531904491	0.029627971439780562	-0.7687551290813603	0.012991164142895128	0.5577690401273789	1.0921556516808646	-0.27008370175520874	-0.248160967354522	-0.9677111114388794	-2.0240962116872683	0.45426220985978605	-1.058257308358543	0.04841844110632872	0.30061298348750226	-0.8174013524471222	-0.4793683728548765	0.7261957433627293	0.40514943148378113	-0.3659722872660176	2.202437211856067	-0.8228085789789774	-2.3867825780068226	-0.4326495738193712	0.006447268025967196	-0.0019540490744165374	-0.019068402249400512	-0.5984469530245657	0.09770178020140792	-0.1553809362852059	-0.651634377424969	-0.7996012375056917	0.28388792826250514	0.583861253106465	0.6494720585377276	0.04541287848350464	-0.44898448559402565	-0.26177438765436545	0.3390482015561521	0.5987053397328775	0.16280120481867003	-1.4448914989191	0.3606682513620008	0.12794042577224443	0.3542359491218437	-0.3285527673546059	0.6253991227896761	0.4546016336241104	-0.04663989606379228
DTXSID1026665	-5.83616690211478	-0.5695759238766596	-1.1074309746189634	2.3983190443270304	0.2485682398431371	0.048025707491544035	2.319670404314976	-1.414704551621129	-1.2048102351313537	-1.4375230495143074	0.30369897884056596	1.3921175239780281	1.156684617153316	0.9004496949074466	0.8059344814363609	2.9621959770817834	3.1007290102270213	-2.4558783854608635	0.18547310566994843	2.518230257845209	-2.0087116234542766	-1.7609835040193296	-0.12321504429817026	-0.06507193409723079	0.1694000293537195	-0.5960760822182237	-1.2586086077892642	-0.34599556717829816	-0.2837349219391567	-0.03238706026985576	2.456224041263032	-0.6042478984137069	-0.06531117220964126	-0.5903149842855685	-0.07604517090388443	-1.3842629126854022	-0.47101001604927634	0.9468238318484545	-1.1585695967257212	0.7946632932962504	1.2029264759062495	-0.3046382761004044	-0.16701113268689122	1.1803115298357842	-0.18786980748710178	-1.3042444807374853	-0.25773701813135996	-0.301000850464787	0.5396609943582116	0.027533318572279242	0.2694844160810959	-0.6279111860120818	-0.7235666213097388	-0.12654416044787709	-1.1489828109385962	-0.11395306202962474	0.8575683267299892	-0.1460771830930793	0.9495700276764285	-0.7554462426723206	0.12414512244387804	-1.2646199267318141	-0.6002942529530598	0.1634136997866876	-0.45402951866563485	-0.5078093875004754	-0.1275114388965772	0.6465116924426145	-0.15999078366321556	0.10524636303942435	-1.0371421806016616	-0.03227600064024169	-1.1097358457826283	-0.7266479351700179	-0.6089054276678385	-0.20616042143648905	0.21787828634113215	-0.30824933888740136	-0.2587685058618125	-0.3476673481741248	0.0192169991268463	-0.257248189526923	-0.015778988172868855	0.29614983594428396	0.36246480040822837	-0.09380323363039217	-0.1811622166463115	0.10375686654639107	-0.18986486811526623	0.14222160195503014	-0.0649835184692605	-0.14393618754521692	-0.1046106536985473	-0.23043509726579198	0.19246897112371011	-0.1584605255350538	0.06152441393801903	-0.11414209622209177	0.5080861909493236	0.07728815166364869
DTXSID8046454	7.329804492637064	5.227774926141999	-2.5758368009555	1.7901941534053614	-2.515570119344384	-2.9768061638395227	2.0955364639007152	0.140650565830319	-2.4007665121280306	-1.1953622550371816	-2.279403401990211	1.2921851054856517	0.31428620769317783	5.789178049359781	1.5498863495781106	0.6311573489387009	-0.5118138020316396	0.8156451738999726	2.640086068496925	-0.39946476756211224	-1.5920670766805154	-1.7930006241125298	-4.52974096403948	2.757018739432489	-0.5763957879919536	-0.8394167029576216	2.4481945939687826	3.0348470804404495	1.3881773300025044	0.5155921205044636	1.4344331825849186	-2.67135391063081	3.197494093304338	-0.7232929098547439	3.4357120236593954	-2.958322131077287	4.228634677495723	-3.339959004771346	2.0807701446500526	0.468585223004085	2.7281038482445092	-0.2688892248353529	1.0983198310137865	-1.572600471066446	1.7652985114821107	1.3318264791691132	2.317273864347327	2.186391998389136	-1.387854090080384	0.889857779193763	-0.031191475535386242	1.333066878783979	-1.0739006014217505	-2.2284512732938433	2.971502145613309	-1.586658397768902	-0.16406024632145833	0.05245308624873837	-1.1061156183115952	-0.5663796577049701	2.144985736830102	2.000464258508427	0.1375178870627618	1.2043299111666401	-0.31536740465842483	0.5295777508999797	0.2637943119865885	-0.3337735385777518	3.0071233288980848	2.291797420498923	-1.9201181879412736	0.31060193873581177	2.4934969790801027	0.25706715732137614	1.3063538595736761	1.1123565763847723	-0.23169544578491075	-0.7406171346439675	-0.984628093820105	0.3377121470008604	0.3387899289695383	0.0292228351692987	0.5288281227668098	-0.9501396374494185	1.7539392482934104	-0.8258346934393911	-0.19271197478190571	-0.0862403826066015	-0.9378792168834902	1.6476441936606738	-0.9671583482084989	0.5497818537432817	-0.23548958821201016	0.47130844759382795	0.4255040128025625	0.02219235134032666	0.20299002545499942	-0.35930519141008893	1.1928203347645163	-0.41170920909016234
DTXSID8044882	1.0289748294687673	-1.8754188341611406	-0.09166422205798425	-2.7987502459527236	0.9453283981369561	-2.4566216281819644	-2.1976510191774223	0.7761384036998478	-0.782156283409858	-2.367896126828416	-0.8543710086811468	0.013433758661646348	-2.119331033026339	2.6378070978157817	-1.0029083889690107	0.25779311035689056	-0.3093354338973859	-0.6653743048922847	0.4133921653120944	-0.30815793433886696	0.46000029801618164	0.08328228523779613	-0.9162063111370758	-0.8374558123839034	0.7623448782959729	-0.8402044106415523	-1.228292875323829	0.4181846017497147	-0.12706500001692647	-0.7053052874890681	-0.8864315645240719	0.9123350045789667	0.48223437251351187	-0.046484780595127034	-0.39862113607378097	-0.05277302802504451	-0.09607640766192099	-0.30149699815725883	-0.2249334057425463	-0.45132184509617923	0.0961193648627518	-0.8339675917587601	0.19511470449476767	-0.01106492482875814	-0.3813676719321007	0.017573863907017342	-0.20525576349199587	0.3190487034854159	0.1832732899828683	0.28622360439493205	-0.22434334434124426	-0.2153285092357419	0.33121401569055775	-0.3713181249987726	0.21908070219470235	0.47199042043603723	-0.3798809279541323	0.017934452681416645	0.04074573741048399	-0.07689567500133251	-0.5553458312461107	0.3040139052360145	0.9180968540943341	1.1380466242383755	-0.3780608812878572	-1.5957904397666098	0.5834437493415207	-0.437499235857082	0.04531050001812758	0.27527044860545724	0.33158017639613574	0.3949758990686104	0.188168677408454	0.011424659174559629	-1.6459969196323159	0.29356034837865713	-0.35630090732873854	0.03480291901261989	0.5338820604507684	-0.1644512179125422	0.17686059651953717	0.323678356717395	1.063479114517113	0.059930214410365994	-0.1681922075370656	-0.12604201741992144	-0.4837380972938929	-1.1238822655214957	0.011077887354222094	0.12657028775358528	-0.41131080100371287	-0.19741328774421446	0.13459633884450029	0.5395306481401834	-0.5517149548120103	-0.1030642711672608	0.060879503468385394	0.28188351148387547	0.5942917920345498	-0.07880151788013744
DTXSID7029164	4.875168441724059	-3.4531616296300656	-1.2085475736624167	-4.659132484008811	2.915653565375721	-1.0776419883777635	-2.3489567440065287	-0.6156621257324528	-2.4287965147090236	-1.6518380601487848	-2.4139779041347618	-0.8945317403368842	-3.789392609685555	0.6273848424095224	-0.5907793539320121	0.3792980639107781	0.797191174398102	-1.1613096893108403	1.2890148161185806	-0.5850827829406082	0.3794826243107293	-0.20216480771678016	0.49701353441341084	-0.8923489030175119	-0.01918686522347096	-0.48457730102018515	-0.7264818438176424	-0.4561934087036534	0.15720322293252387	-0.6725635576053495	-0.937997639855153	-0.011053060903679354	0.2219477297216038	0.22350728408986045	0.04375291924750776	0.12251049198533011	0.21433642141563627	0.5176257913316417	-0.7630292958963449	-0.16411334918552528	0.006252481613064134	-0.669753195916463	-0.055059970630574565	-0.24414741511361815	-0.4943633757075962	0.05428308632572606	-0.14592093788809654	-0.38206483590849477	0.25806492976986284	0.013372905295056914	-0.03951402234447809	-0.24713971551870723	0.17592267471201267	-0.4905495867735327	-0.11035169010872534	0.8220775982989519	-0.25322364022135774	0.25949429375638866	0.004430106714527869	-0.06447053929117573	-0.5238646450658522	0.4006597082959601	1.3196513424468035	0.03280316615187041	-0.19619697654925916	-1.4912263833382173	-0.8631955754670999	0.04570059601462979	0.6781228467401218	0.4045680111199672	0.23121688119567588	-0.02202356692006459	0.8509795316176112	-0.7838780869324808	-1.1954460833710274	-0.8482669046648592	-0.20304013396067155	-0.329655004206617	0.763930019857183	0.25232762726677627	-0.01065909787317049	0.3478930214496718	0.3725345086767118	-0.12543585654431058	0.1372438162305012	0.6274868662617281	-0.07099109308350249	-0.7657172768311736	0.3944232117856636	-0.40889889706410526	-0.04698134571460378	-0.900278556571811	0.9237281393003411	0.377992568924945	-0.13314130208347952	-0.4571341396949617	0.34754566861595376	0.6545981892816268	0.1958043072593158	-0.7906417716581874
DTXSID1038743	-4.261200123067107	0.7867070898906282	-1.811833882372095	3.7653722365578592	0.10216659272865773	-0.7411328293376097	5.126714166248357	-1.6594055077410412	-0.6066082123990125	-1.7939603947752287	0.8808258991178742	-1.0531349853231713	0.749963495883369	-1.5777153247378717	-0.9430053318879041	1.619055903781624	-1.5172112715308956	0.6710918245250146	2.574030934887692	-1.965738413189512	1.4231654351736753	0.4087597201320387	0.31471330361180355	0.11805999817506639	-0.6127782946902434	1.144481748174775	-0.7214932177986921	-0.3967754280448721	-0.6139869198508741	-0.1289498720966601	-0.7792253500877586	0.4645260631971783	0.023605386012935214	0.1411241402939383	-0.08865131967317141	0.34762376512554516	0.31144189291778046	0.020526616009851055	-0.19135228324907466	0.35751799073401175	0.29941850758779354	-0.21463951703163275	-0.08277791932971694	-0.21299034036414477	-0.2622953512254156	-0.3473975694699701	-0.2030112172089303	-0.22069695318341684	0.01878430309161907	-0.20522886929020115	-0.05518932892444838	-0.04599199354270137	-0.08554677914300791	-0.3507677821630519	0.16477809119480732	-0.4611171497271421	0.4660547247513149	0.027435474707452077	0.49644965976378597	-0.4265768147229452	0.3889868523480234	0.26182391103361446	-0.39499688358561885	-0.3075981348807273	0.14153443113844794	0.2376842952420606	0.09916954242314376	0.5208538853932645	0.4788287303760617	0.38382846979753044	0.4295764233977721	0.04228203740159281	-0.3812788113323948	0.7091735693783148	-0.17175193696948152	-0.052208234681112124	-0.29041657911502916	0.29707592412483813	0.7309571919035325	-0.3734514068533374	0.041335798821417115	1.2999935246813796	-0.8916295571462394	-0.41012704490600743	0.32579166593527353	-0.2533989501738397	-0.05947382675407777	0.33993882362749456	0.7887362141037565	0.5156321642704162	-0.055212586904107325	-0.2031310388716818	-0.6469761503458368	-0.11496152433828974	0.46756189844476936	-1.133006515513994	0.5342533203305834	-0.09499478307441238	0.1748543061866265	0.2127532429382808
DTXSID4045927	2.2548559372659542	2.0402069110990286	4.334122180229421	-0.41989640588006305	-2.1329594616253376	0.7119651743050379	1.5048583806348848	2.2136763339581695	0.11514544655788678	0.8536910886553942	0.5062954305186546	0.27704207399067565	0.23429679864928732	-0.1973293550336583	1.9949490309841387	0.2856485274266892	-1.1626936204818794	0.3318282253798272	-0.45466900971652274	-1.268797129816575	-0.498093248572348	-0.44479617977459596	0.702491023398289	0.20391787974233558	-0.7972587393143158	0.095003244857514	0.34482651044367746	0.1887633084387923	-0.09982621795309743	-1.2455129941025171	-0.8486368001520546	0.10225355016727121	1.0584378542002515	0.40314433572683167	-0.3847394756124256	-0.9400994889060196	-1.7463335580848511	-0.13049157795616542	-1.154140596926818	0.8433925863456551	0.7138622831404662	0.826463745101508	0.11846841138400727	-0.8659724445541506	-0.1416099329053245	0.5110417859136145	-0.12699003740995465	0.11477855649601824	0.16731613552671667	-0.7300284889510485	-0.1869527706906399	-0.48443357732588377	0.43026069073541473	0.20880873576886372	-0.10170838031498403	0.22557940453401756	0.4783802864722981	1.7274390768902699	-0.8740648912269152	-0.5785658722201035	0.19543538506651034	-0.9283599553315631	-0.6748278662702888	-0.5404873106773069	0.5583336021817208	0.18283380689963744	-1.0586196950902647	-0.47224328936538396	-0.19838013974524732	-0.5632780604821587	1.2024118297256534	0.8660827625694771	-0.42821428499645925	-1.4933736598064375	-0.007204312037968783	0.3816310724639248	0.39451038959341517	-0.004999986822214717	0.07186785729750998	0.21916317055458606	0.7342191611114504	-0.20963130401406266	0.16284674806208754	0.4172579541602313	0.04435892731555654	0.2981063780443651	-0.27788125670365044	-0.6364275126924752	-0.38636381973928197	0.409726598099179	0.7774403624766214	0.13173671536766263	-1.062909869807458	-0.3295582445257926	0.7709069128931667	0.05390532443568638	-0.12608546097855688	-0.1896836732235581	-1.1532101007219178	0.3129767804212972
DTXSID6044513	-2.0075394091531322	-3.2621783537332734	2.1641857696450604	-0.5696027617546148	-1.4290038468708866	-1.018783397785621	-0.09748501663889148	-0.6141276979361594	0.2976314451434987	1.0680291451249442	-0.17186035458805954	0.10230837681731067	0.9086301903677833	0.12604184512771938	0.4796054198799767	0.43088219246632153	0.43535787546727406	1.1136334971206499	-0.22856213174488071	-1.4930236224604916	-0.14249465113435264	-0.5869892244458929	0.33518740229550237	-0.13208704421409437	-0.28509462443717515	0.43069978361430095	-0.2201915801991068	-0.4683399678166319	0.4250021155503185	-0.7718645929573921	-0.1783172241840182	-0.18262876555721524	-0.5985519436142017	-0.38032298965761946	0.08177786765656461	0.4833039440474925	0.34985643782916553	0.8306051631191901	-0.42765382620265	-0.35243102704040613	0.40206596153047314	0.06589578541391655	-0.02411174168879608	-0.1955356133265398	0.10801199931461437	0.23563079875718507	-0.21076788333505572	-0.13911824762198943	0.139176703002458	-0.1513336652496112	0.03557600298110912	-0.015274474098598846	0.11395786948643888	-0.12089634903230832	-0.22681209000532412	-0.4993118403318757	0.26234581867420714	0.050592211748293835	0.18436086980503308	0.5136788431816303	-0.30524188911558936	-0.08919056253381744	-0.015786824970606683	-0.539446273403284	-0.5494335229332993	0.2198405227583856	0.1660179293036246	0.2695746363053797	0.03558975248283156	0.31776660141254065	0.3499012575619635	-0.35850942461581836	0.6598120500249104	-0.029207933671899923	0.28122453591522195	-0.02224323766845574	0.09124423675753679	-0.3995765546663064	-0.15691254565963916	0.20668989288028145	-0.738266287107893	-0.28251181800879716	-0.27918910818615644	-0.40212060495468055	-0.13103573531338739	0.4224605427394866	0.7480045796749392	0.07215639445134704	-0.35543478444267534	-0.258212279248087	0.17112312570131538	0.19564467366504024	0.08963103484748408	0.29612505298251995	-0.04967950719055507	0.20187580629932597	-0.11702987815604714	-0.31050572482001904	-0.17681633270148905	0.23087240621515004
DTXSID5060986	2.7829896318554526	-1.5282796582894351	-2.6639006326129913	-6.903437891453217	3.31447758520635	3.635925058693261	-1.1446274989682588	-2.0282234529594185	3.5554918267195723	-2.6611379491953366	1.7231418061191217	-0.686619109265161	0.212617233628624	4.897719265130557	-1.5576398201431922	1.263363745018189	-1.370616695691821	-1.1385942502482111	1.0923302314981618	-0.38147256865687745	-0.6370473668920881	0.8323537083415172	0.4632540510893707	-0.7892171521755592	0.6893118564869425	-0.9827946460058073	-1.0117628806437737	0.5428325696237725	0.03532685421650507	-0.38938115847754534	-0.7724236126095008	-0.3091951429603374	0.09583361191458739	0.055718144653701236	-0.8211016994543714	-0.9215565098108364	0.08431204591432231	-0.1625527121798676	0.27587888411524153	-0.2512815315243236	0.15598153331521747	-0.383204873189048	-0.08121197646316784	0.19974707897128324	-0.27404857008720707	0.28028573913535154	0.1878043875732151	0.5830073837486028	-0.08645558292024147	0.4488157562609225	-0.04842249472778896	0.3050222931969431	0.13532550997889714	-0.1727843573050535	0.6849510474618272	0.1816992009076834	-0.05016906877707447	0.3433341952263464	-0.4540610965101777	-0.1531337843111036	-0.17966304261644306	0.44828153730496595	0.23335410513701932	0.5803361519098464	0.14628975399244423	-1.0077605370797507	0.8271841881096558	-0.5228526697347142	0.09798692063756553	-0.06777231676044879	-0.3732299034912305	0.21429876537259487	0.36041347902134757	-0.12865708007748022	-1.8145268408498494	0.5115322524247209	-0.7420793298097245	0.2780764142350025	-0.08040034153452082	0.9621238349086989	1.637478607681029	0.1856980923946308	1.0170581598610438	-0.11108631181698295	-0.897321899806073	-0.35984136328802035	0.39306465469400154	-0.2530442639382173	0.745299096010563	0.012234709855107037	-0.10540871758758298	0.671817523576406	-0.11935860090782809	-0.1976420297390644	0.4108309430238358	0.8378568562806954	-0.7386305857290681	0.3061501901521341	-0.5156850124909321	-0.46026200248422766
DTXSID8042349	1.8855986584962685	2.2310397928094217	1.076633971672791	-2.1133999324847474	-2.4644193174028866	2.8281784358289186	0.3254417913940104	4.392540656548951	-2.7453686992310753	-0.379948473724055	-1.6760849689278727	1.377589117106582	0.5307738955034471	0.4081262722457137	0.051630085052627825	-1.0039343566340355	1.4154989486075489	1.0398711387173523	0.1118717908394543	-1.712841150805532	1.328612394983156	-1.3817508993676344	0.6113138340461197	0.7062077413552843	-0.0306837487254817	-0.03701847906127278	-0.011162282083363156	-1.4444776886284023	-0.11841681295870768	0.11604983097073616	1.432856062734767	-0.44172208640368366	-0.16057112343542834	0.14782850168156025	-0.46420081611641256	-0.31256058520712304	0.38635329322121065	0.30841527669909863	-0.3100140359767887	-0.3128370289269925	-0.45767910380327875	0.30731483736160525	-0.39984275742989145	-0.43677502304219423	0.10298553193446754	-0.12968796840334487	-0.0009273115477052496	0.030572470129072417	-0.38893544094922705	-0.14213734119868934	-0.20047760767692252	-0.15667137153487323	-0.02471361871900782	-0.34288920003697954	-0.24251186779954723	-0.3076209379213788	0.41678484948293226	-0.2375735309236153	-0.1729051538254352	0.3411788589212889	0.5582331522869238	-0.05792039875975802	-0.061266698282267835	-0.38516579970902576	-0.011100661944345756	-0.20705844982481533	-0.4492623322819385	-0.16721507476582304	-1.1730832803860802	-0.12335823574644102	0.001592280869448181	0.2024826687838682	-0.17580042906056426	-0.47501367228997055	0.6537240611583202	-0.28026732568097656	-1.1594207312850726	0.44439106351702007	-0.3843598052772123	0.08071703171767691	-1.1650282249695958	-0.13075673434436794	-0.1824948441910396	-0.36794023191292524	0.4206239717247973	-0.20072170661502398	0.3280565466393068	0.1831900851930227	0.3339379696162792	0.272190806191248	-0.6562583004857893	-0.5573769140009275	0.4212162888261996	-0.23234044839200452	-0.5686821884822146	0.9035126542092933	0.6225272127694463	0.42643108109077127	-0.1679607855460838	0.2626231045916788
DTXSID4052132	-4.57292656250344	0.6280797831047077	2.0300340814512716	0.7766621622975303	-1.2391821554220153	0.4931700496682158	-0.48706540156914396	-1.478456511268293	1.4757023201138562	-0.21467323542605612	0.42130309227050433	-0.7487520216276	-0.49609486472310554	-1.260825461750777	-0.37162513987247364	-0.2759077260337551	0.3304106840963525	-0.038657609658247105	-0.18398176591339846	0.24559237950482224	-0.08606928463410149	-0.011073217927252122	-0.6628709612579904	-0.18946043380741734	0.4604266560005165	-0.7468964985430661	-0.08021535378791964	0.024375072098545083	-0.11178957606986858	0.23529867055951556	-0.22026874502719662	0.6513123592934097	0.715103587294615	0.29235984044622654	0.5900456879249848	0.2634001238530375	-0.6696170180151391	0.22531270306452145	0.5713938021756423	0.20136359193170797	-0.32567941932833094	-0.06405666758088906	-0.1331287778357191	0.4139583114171644	-0.5275454429068303	0.4953184461886244	0.7403800939596368	-0.31116175952270625	-0.09178214616939163	0.05356954455652134	-0.03788016018756735	-0.09027123561507218	0.005887536891863826	-0.1771978680423705	0.16575589298504603	0.0828121233307211	-0.6885415678515423	-0.21817515066794504	-0.5838321507573572	-0.5940720282868244	0.3635526510094511	0.3293994136609836	0.1898205273948502	0.23356011891127176	0.23595386877386482	-0.5372103108134145	0.08648623770723282	0.9664671251688549	-0.5746518016915836	-0.8313156959421796	-0.04941158506663237	0.5219135632257536	-0.9395754461584364	0.15358537240669165	0.15927325516089189	-0.42038502192882604	-0.09227214298848374	-0.01993590742489039	0.21008023899946546	0.37200349303366287	0.2720857651288887	0.5647475500768728	0.3375494726581008	0.19719772639026045	0.16323137936069995	-0.24520254796480617	0.16534275789955397	0.5126940488688521	1.4557635354291205	0.010945918525320779	0.2893532514839942	-0.41647384686024375	-0.48687738906033967	-0.6170277054593847	-0.09615887241186379	-0.04469512789384293	0.2001827698501508	0.011732178513700004	-0.009756281423083537	0.6062221483100666
DTXSID2052289	-4.141650023505895	2.0368532585544807	-0.8718038956148886	1.789455277578373	-1.3270793071418538	1.9838754185493794	2.3314514760372846	1.013189250891755	-0.8476519244383738	-1.3435587557380326	0.5755590031674399	-0.4168908802367414	-0.5109626539056515	-0.5997122071089177	-0.5728030878683867	-1.1936756436179834	0.43255619053241784	-0.4240936531613752	-0.46594591644582006	0.10386850749436788	-0.59548988659655	-0.5228953702275955	1.0394700207877319	-0.035541503823910886	-0.5476024994998635	1.891536637683102	0.13155590172588938	3.8579680807471357	0.03609946122268934	0.3878029693077165	-0.852976475802697	-2.5738606687055254	0.09903634058801493	0.302957766003037	-1.0491980344415892	1.3102041626906509	1.2876485618500781	2.6967890511146813	-0.007039465157460099	-0.28540008591646543	-2.606712463437139	-0.04538730907716202	-1.5532022782614665	-1.3606388021859395	0.6954753975292258	-0.8458180592222967	0.011482166168572944	-1.4242901196485407	0.2051853755431047	0.658218628509103	0.6113099918912475	0.4964673758966346	-0.04147812589908321	-0.5584136283206803	1.4848447879852933	-0.3251061949665393	2.343092475317425	2.3898991921664354	1.8961761729691116	0.303577129006218	-0.6500917974197946	-0.0025065240512124284	1.6820084820926013	0.9087239373239352	-0.021564243264436983	-0.36724559923896394	-0.2316013025993283	-0.0008950697277481056	-0.2404451371749914	-0.7440511373011222	0.038658182148034105	1.097638800903219	-0.06774173855191913	1.2988312417158343	0.38976313400423523	-0.23460247601389644	0.42553347909165457	-0.44135526118798546	-0.5604396797254544	0.9014768253981638	0.4267513193674789	-0.04151807797286693	0.740217616422448	0.47657444986544917	-0.20734991613510861	-0.3277583799194833	-0.49681866705800043	-0.33988012755245667	-0.190360021032427	0.33197428092097114	-0.1840757908811076	0.19024599805030895	-0.42399062791755027	-0.34139057995145433	0.21515910076728803	-0.055969002639633184	-0.08545783902433061	-0.36784561122813375	0.3561181031912651	-0.07023646629964868
DTXSID7024661	-5.440833762864363	0.9260177389795632	1.1537222902802384	0.14189492366309753	-1.5264768434405402	1.2340124437790299	-0.5648743046750575	-0.18840642943344407	1.0452783964884833	-0.15701972939658962	0.4868324358718518	-0.314431495743786	-0.28748861532625875	-1.2579561593504207	-0.005655248855148555	0.24150168437648128	0.1643492113894415	-0.05166251503769887	-0.42496193655354814	-0.42742096518359685	-0.10807424285264346	-0.33794410162322125	0.22755486922649495	-0.14525721997193464	0.35253523975190504	-0.6263717589878947	-0.19730064200545794	-0.19649843735070985	-0.21267747685364216	0.08340211406040236	-0.4896645424569624	0.5220390892081875	0.7128057186079307	0.06885746179219762	0.4217056297471749	0.09651501435777252	-0.2876264854507276	-0.054656744270582536	0.2001150008472621	-0.0820180870439666	-0.1397449084385829	0.06130112399172248	-0.10650781486960464	0.03624970669358386	-0.46019331016700693	0.1361695507156995	0.0941771368694494	-0.0735422612526697	-0.0566111539661234	0.10536603881420555	0.03960482726797231	-0.018336460131376322	0.17767733981450445	-0.08366147134088105	0.21029726344993113	0.12503159190026492	0.027920826651736726	-0.07470234911749705	-0.16742461880548498	-0.18252744711788482	0.07130167051418475	0.17217447525318907	-0.02019329931818961	0.004859819733092403	0.09715049063974514	-0.006685995698471379	0.2100829181796555	0.7159582171725201	-0.1349234114982439	0.04468472714446941	-0.030200496974202184	0.23794457898812588	-0.2703633852126969	0.31946790794712	-0.4232429406626767	-0.02539383910764411	-0.0683072930753896	-0.0304433990004754	-0.4004436774287897	0.43589740248148073	0.1554700831329729	-0.3210964603198298	-0.2803409468964034	-0.40422231496785516	0.1606689696253967	0.15648746014403025	-0.3314757602398746	0.10950786277628645	0.2273105019340715	0.19583577473991548	-0.15103534169998747	0.332492575634229	0.11400969978243872	-0.30331893981859953	0.2127676928229016	-0.28308147145478413	0.013532413368411185	0.3014763167103376	-0.08840505580118875	-0.3459381789404521
DTXSID6045585	15.865331224626333	0.07526782041048875	-8.167724076306806	0.4940471636642111	9.156217870335825	-3.1908432331932	-0.11996131965780074	3.5720123887222104	-1.6626673006678836	-0.5124853551498253	0.36488965364444614	-3.691381370269813	-0.6396686176951731	-3.7069371001256752	1.425617580059852	-3.7924544686758215	1.7777811846796006	-2.9018951650098894	-1.9648558137258865	1.5782840752603275	-2.735036045472504	0.2560960951581302	5.601651167298258	-2.3326141476519098	0.5972491275398727	6.147829424438257	-1.0396936819986153	0.24290742063080295	-6.579998397142157	4.399856810789166	1.7227677506883623	-4.74175719574852	-2.6051909860211113	4.958511185654207	-0.04476865176884209	-3.175547423173764	-1.8256968151343747	-16.024836263150736	3.3709352053612704	0.36098861527022463	1.5204999308250675	-1.1812479028273277	3.215503118633045	3.8387612491821805	-13.094946513381656	30.055203903539855	6.340774613554688	-8.458361577588892	5.5344767868614015	12.608139056188305	-31.8455942321358	6.218729864329613	-17.05479574356879	-6.029754643579758	-16.66610257589535	11.531907103689598	4.2345121335715055	8.560513520551483	24.0341837411662	1.8388977265420072	-0.03178959556510455	-4.271092836293049	-1.9299061144649925	-2.5049741166779396	2.5116439034536637	-4.781926109121678	7.166473712667754	2.1285650334927553	2.248801780742068	-1.6859018005711242	-0.9864815594915184	4.701475526017782	5.4607845488820175	-0.3185561076764889	2.990161795937448	3.275080127408754	0.6354344128819724	1.086225460037059	-1.4704622940169438	2.787438940313755	0.7237030587283142	-0.5400090699145347	0.2771382429460711	-1.1922692326731428	1.5974773361854289	0.023750913271283147	3.2798732266928985	0.6407517771123162	-0.9785489197405449	0.3522120976625302	-1.9473919180993984	-1.3927964790945082	0.6686468967831122	-0.9007090463131373	0.15168081088742372	1.3071510765236452	-0.4474822451626566	-0.5273175568261617	-0.9998272323346161	-0.16071292853561187
DTXSID3044338	2.764344912490233	1.8199685535115302	-0.7070285423531635	1.352057153840874	-1.2397695551094476	1.5868836604299745	4.35257845433868	1.6022189288382502	-1.33280618241262	-1.7144074117171886	0.487218113056804	0.09807162101069786	0.6558763839816713	0.35882938618017934	0.10261600595966296	-0.6879963649670274	0.7238031152860622	0.3726876264129528	-0.8280429484035815	-0.8860073381553684	-1.1562108787700178	-0.6336471431191975	0.03354545055996319	0.40988621984201407	-0.7552266983163151	0.8598356640242746	0.37722572183602393	-0.09453138418706909	0.9224930565459619	-1.118530651620326	-0.2821542476010925	-0.03555217671464661	-1.4338370759361267	-0.9267605331350438	0.12844714303659996	-0.03676359382531383	-0.2837173638555813	0.20632707722551213	-0.8813684976947239	-0.4550913306159559	0.056995377116006996	0.6917732437209723	-0.399308602634232	-0.053689798701439126	0.11906299573745273	0.07993532490822843	0.054351475320543255	-0.533769688239222	-0.15805336993128863	-0.535349402135134	-0.22016861807309498	0.24954068890990042	0.02478651744114786	-0.2598059408099492	-0.612945093172828	-0.9439753311891698	-0.18831214801871365	0.640556254521035	-0.5478330974027547	0.07743671343169475	-0.31918444901678705	-0.24665877662710625	-0.647334977666987	0.37665401835431767	-0.133342890812646	-0.03871859768294541	-0.23794705907446856	-0.5820937305287526	0.03663825617180755	-1.5309499950971737	0.3651347862620707	-1.0046064288255467	0.9145870864706251	0.12030303499398119	-0.7173471961014465	1.0168357041254994	0.722821136189072	0.4562290809976348	0.8843111192391574	-0.0835931007585008	-0.6483467056987687	0.3466577777603568	-0.39930399399898014	-0.44891321785510874	0.6480509248756509	-0.4635850669832791	-0.12765128045635474	1.1138474475514255	0.9037057771526867	0.7591489598405027	0.10329997053281426	0.35903330654424087	-0.8499536870162185	0.37168317050748195	0.8480887023850386	-0.2468686518254547	0.6222367890932196	-0.25379402333520656	-0.5178827740199746	0.9532210166260903
DTXSID0022062	-6.043047422774568	-3.150678406792508	1.8375016117379566	0.1457418097379345	1.320677958484757	0.5760905337586966	-1.396753103811105	-0.48575168859145196	-0.08144311619666936	-0.4893241174491139	-0.32752194776420596	-0.3782659021564911	-0.7659344186942862	0.2384895801203457	-0.9376582579241161	1.207623867320496	-0.7981831833580525	0.1544721552912233	-1.2962801262603372	0.8839711025787929	0.09265753671457204	-0.1602070155503975	0.14870474975711578	-0.817489511595057	0.5698652862279346	0.4804150321934014	0.5205812047864303	-0.9033229536192579	-0.11215362934711606	0.5178117012996093	0.39191785137751345	0.5767884770139521	0.2257278528175326	0.27436320704618	0.8855438338693439	0.6272457864907915	0.32586438458627254	0.14025008314816353	-0.3104078606583873	0.09291910079807232	0.1538678317173703	-0.3547976895333647	-0.4634134040537748	-1.3634385617658682	-0.23815253225409722	0.19541637590258024	-0.31399693317518884	0.37899849967499843	-0.14090983599414836	0.0015476641137860837	-0.05972142849161985	0.1263910523726528	-0.13195287189092939	0.06243477611295749	0.2707281642814894	0.010323098914325798	0.558330807777631	0.26235116969403666	0.023788995317886877	0.03417426171528771	-0.0958288139865035	-0.36506238196958996	0.09614333200342208	-0.2646632576353327	-0.09789910945679965	0.5904207542415895	0.10813199787452103	-0.2905163037826687	-0.03398670982821539	0.2684868541634069	0.01777518323730731	-0.01828658578876386	0.43931365867606803	0.005774771896412364	-0.08585754264822892	-0.17205793128827918	-0.22934712244646133	-0.3842118125196714	0.17952430576409978	-0.8568076067312095	-0.5346893935184169	-0.08627415710878732	-0.19835837508726348	-0.060020087210491145	0.35113578341148344	-0.0889629306433683	-0.6201608490784287	-1.121472992647385	-0.490470068141748	0.018665184649885556	-0.4648923641277107	-0.1435135311018988	0.055000607049706995	0.21808324376879118	-0.3284915613247689	-0.5411128194826579	0.33946044745662446	0.07521505882969233	0.022209196286808564	-0.18239322280763598
DTXSID0047454	4.996989073803458	-5.8571720178061835	-1.396972537487569	1.3511796719686053	-1.4486316267817747	0.3133162021056371	-1.1103067402573035	0.34580776282665027	0.4431819530628578	-3.289493945852155	2.1642225708392644	-1.2770572052335483	0.22277749166083244	0.9315379944833817	1.4352919598772593	-2.1523748744570006	1.540194318314477	0.1800053659804744	0.9316079203371519	0.8679335655416275	0.8860396739282587	0.26112797355172734	-0.030083911213998477	-0.14114292065228898	2.3128352917177173	-0.4963643146324368	0.6165342719000915	-0.8146166031782968	-0.5153044641518189	1.3728459767324896	-0.03771699354789683	-0.2098101877915569	0.8533712450450309	1.3082295974859757	-1.3222004080854766	-0.35102119049508124	0.5919758473971091	-0.15367286065967123	0.3149715222558868	0.9046804095325277	-0.6019273224601948	-0.8947489780772334	-1.0123860472019868	-0.7691049418984948	-0.4902836773243387	0.023583082402018028	0.7113203669383699	-0.3814969806474792	0.3298276716167274	0.11253466192740692	0.02894933506942156	-0.1246026108216034	0.03747810782109978	-0.5051661580371747	0.8629241688043047	-0.19020486864808345	-0.11531746087278429	-0.6801816695968035	0.1971363390446827	-0.1866909523191248	0.6855256471180629	0.2131616585850153	0.6785837408930397	0.37061881831653803	0.27379484010553545	-0.5380588386615657	-0.8446623659396324	-0.37819767374325347	-0.05033925302851853	0.6187925480787132	0.827748327046241	0.284658320113843	0.40052789208418527	-1.0058044535959578	-0.09079839613947402	-0.4885646919543043	1.3762012733516045	0.7999175812097977	1.3217559662464444	-1.2766772188440465	1.0168095879573689	-1.8116063362854233	-0.3828662668936389	-0.2899735053507953	-0.4295905188370811	0.5329372028566512	0.0851171366802115	-0.0671119029743795	2.4334653638385695	-0.22636276586130927	-0.2687696419000261	-2.0340432916827846	-1.3967905896399524	-0.00013574787933907326	-0.733657721511131	1.8446456188355516	-0.7433093598867165	0.06645516940280392	2.344659165218828	-0.04630084298016089
DTXSID2044000	5.096533319753884	4.237436367165947	2.178376181848307	1.9702164927890178	-2.8292943332224985	-1.0338562514317435	2.92527363699993	3.6104549481956383	1.9427555145195115	-0.6359626245876913	1.0478687383735918	0.9041111842607134	-1.1126198145853432	-0.2760524373717202	5.413148649584838	1.1956590795617248	-2.4715626904877226	0.47174548047610115	-1.9815012414376358	-0.9178498800413497	-0.9945545693251311	1.2379090171320708	2.291508747187191	-2.5827539796623666	2.220479613107194	3.2345328794121153	1.7445155480936714	0.5819705040013585	-1.7967003418833412	-1.4839414865245675	0.5142732926293158	-1.2559138266869507	1.0218986117043933	-3.5910310053077583	-2.5266767874667457	-1.6523118936207153	-1.6601987237532851	-1.9849871699834274	4.403708797521647	0.342420280782636	1.1173833405732752	-1.143054106803803	1.797876579659701	-0.08710353995186414	-1.3229279435142711	0.027352375613879387	-0.9731572671631249	0.7241502483941372	-0.3269607469296949	-1.027359734835331	-0.30938770083526224	-1.6885949462674317	0.5506737092399988	0.9516888750092032	-1.1208882251154544	2.0809877686943916	0.600770196174425	2.374968259303935	-1.5055664887536593	-2.006658764361263	4.724616125312961	-0.16034613342051465	3.8336700449554697	-1.4889009868111411	-2.1064531586347814	1.9060049667946881	-1.3697942690500597	1.1740811431196407	-2.2392803760274416	-0.8146215306700045	0.2928033111070193	-3.1710457101146674	-0.9172767559587546	-1.3712138137584824	-1.502789881891552	-0.8874792783430955	0.732492307693948	-0.6245108561078401	-0.7157074481981777	1.2260508736022127	1.8650982062877686	1.2593787273586328	-0.29801563508682805	0.6586614589719085	0.8403494634880384	0.5445051459959023	-1.0636212638049347	-1.6715647412864525	0.3952985824966705	1.2789607970448322	1.7962153893099608	0.34246763829818094	-0.8288529150455943	-1.1696507944709775	-0.3844104933143064	1.1535690038041586	-0.47545051984138464	-0.12179935908026315	-0.11465180785094341	0.5193570992315075
DTXSID8027749	-4.764369403553912	-2.726111710501545	1.7311728917875469	-0.47627593060051365	1.0047877634185964	1.7530104236026414	-0.736970506089498	0.9268964098316771	-0.7323869365440444	-0.3926626185155491	-0.2584400451880263	-0.1949531310025963	-0.5445407063075854	0.45248116379498154	-0.9411853124922915	1.056206412263473	-0.948960189534858	-0.04618655587001055	-1.471044730826302	0.7191997121772359	0.06739131139364064	-0.320878489562466	0.8014391324427059	-0.7545048596387981	0.22221628228291926	1.0851340211408156	0.8498129953280309	-0.3266304979094773	-0.21851148081527474	0.3056924393782676	-0.3782577399867998	0.574203795926387	0.38183119218649075	0.5368330316634233	1.2138764169138783	0.7893258828362538	0.5186543879491328	0.24173593835164273	-0.45274041944206156	0.11557855595696705	0.12291336948083655	-0.6497374248954202	-0.23292718311189495	-1.3709637567700084	-0.3274980119876124	-0.015442864468652662	-0.15975500221662284	0.03871991177934493	-0.07680454969908455	-0.23898657467787054	0.07259002853250153	0.18968988959297703	0.142607829580632	-0.06075575018469496	0.27955736664976993	0.08873544788783506	0.5677650894597956	0.40813680153072807	0.33144471464312336	-0.3354741811957371	-0.02669699602006605	-0.3123532821486858	0.03831258427439622	-0.15591471191990172	-0.11561474928733807	1.0354877571923797	0.41182818267009086	-0.09573573908853301	0.5617266726195189	0.6562237646397551	-0.25427605237027245	-0.258908318065015	0.5626096307907332	-0.490949017252337	-0.06767922868319132	0.27108924026834946	-0.19925230509164116	0.3628886603019844	0.5898462528999884	-1.1571070157477767	0.17872673268079645	-0.027563592761527467	-0.39421001565245517	0.1938535891072739	0.29307951245982067	-0.18834410207174868	-0.07439032169410896	-0.863388124473017	-0.40072475578747935	-0.17048198900774694	-0.6807516309420203	-0.17234226580074902	0.23320328483138453	0.16166774475041107	-0.21654355703646894	-0.2919791087804526	-0.14332848475079007	-0.1423802819408673	-0.19251077433498956	-0.32894194703026747
DTXSID20440585	5.544906689642484	-0.7255974178422525	-2.057839922920699	-13.47798003005261	2.501114920615718	9.642850113518685	1.3365801628182739	-4.989631889969668	8.631058054426006	-0.17260183382613964	3.721859069105785	-0.3629765136859303	4.3845413427714	6.0529341811861626	-0.9137361594076726	2.1316592124010856	-2.4884252650106284	-0.6700742602579898	3.200183272187935	-1.0967882555265833	-2.6850378210762798	1.377471918305044	2.0115052877734256	-0.34498849570875895	-0.6849023924927143	0.11253649923890625	-0.37569601677645453	-1.3376131888421225	0.9980652061779623	0.0850925452743765	0.852643783760016	-1.82066104622016	-1.019864944184719	0.005412797003020701	-0.39397514628668867	0.8607716258285273	0.4756484680222307	0.7668292221248515	0.002892137008672961	1.0710510316194273	0.38340311770824	0.26427266794984877	-0.6274248201686761	0.3008331024822951	-0.4115833962399825	0.8012153927175785	-0.5109745218705402	0.16107023170066362	-0.3373081371529955	0.42087827167608544	0.0627497304927389	0.3653165665508428	-0.41407250920610783	0.4158243625525005	0.1616144601872065	0.5349391536347502	0.46011171331492995	1.206157295084238	-1.2260563386497039	0.21141943444794184	0.29055688622211384	0.6785541841961248	-0.45707543889724395	-0.7581507690268748	-0.054628555698730805	-0.47491491454419416	0.04088037709905035	-0.3675607243208035	-0.34663808971463866	-0.06846036242575042	-0.3788581259146959	0.03881378788125418	-0.4076896726894042	0.5261920064872634	0.860331040501221	-0.24216790170609706	0.2144373806200441	-0.08045035167185478	0.4081047962891576	-0.9056823174355094	0.549805269663806	-0.18410888476203768	-0.14664335562904762	-0.15892487031117605	-0.2127411942855096	-0.4629753145668011	-0.038233683979692935	-0.07921007560202566	0.1301358087392086	-0.3873322867462913	-0.542099951795063	0.7867065821857078	0.08029978302646938	-0.4658663103190388	-0.25549050220322495	-0.2763416558452964	0.19317930498841893	0.055262144271218235	0.1192846012208961	-0.1774493063295863
DTXSID8044252	-4.273351083819742	-2.9885082645299117	1.4043925475239776	-0.4663594665663976	1.073993970231156	-0.7507670754504137	-1.1095518041547765	-0.3458694479690568	-1.3032964846607225	0.03851481935219303	2.316659020239866	-0.8176376303658692	1.8252300894185418	-0.09117044074823165	1.6889386072630552	-0.9325543378373491	0.8576509998050201	0.7823130734466069	0.2805909573350562	-0.5247671729881711	0.12022928784500518	-0.0721354855011475	0.47786815249202064	-0.07586966124444268	0.5993108672902794	0.36959726762567585	-0.08039544244312913	-0.5141327865342491	-0.13707406972442632	0.1172604558979045	0.11482684166427144	0.2936452775790124	0.193522622590645	0.0754318387530262	0.10907607536857471	-0.2829438143886292	0.7263016086461989	0.09184703617719146	0.3757588581592312	0.49114639292600853	-0.329124235628281	0.09375127404144336	-0.9522072727350291	-0.21818900464230379	-0.367875107984441	0.08265782014308544	0.20675995985611145	-0.27540728294821787	0.18835581190075354	0.06359516400875269	0.06452345220349813	-0.02561218055204612	-0.026643930100076308	-0.15261493207430152	0.2493002883943247	-0.3365240208001395	0.3907340462865515	-0.570239007409954	-0.2754565303941817	0.38058347387693015	-0.13444604833385923	-0.30033156104916586	0.3372442116452138	-0.08728810376860367	-0.1853975734544876	-0.04693562750199054	-0.3280313262682956	-0.3242888284852675	-0.15004033595583297	0.5369969843692288	0.41746001638612323	0.194380444950326	0.05879082987533265	-0.1971796334831441	-0.4011060451042303	0.40715057712166713	0.06954529648224159	0.17361535076394577	0.010838131195278412	-0.40132351769739866	-0.006469269329483126	-0.6901106965753784	-0.45953856900397944	-0.1489716593931927	0.13007251892263258	-0.040797424022434005	-0.2599929252415219	0.40442587186970164	-0.4111513408081199	0.24738397396311065	0.04665019789371939	0.4659767743947494	0.0790542144756084	0.4638021713645038	-0.2388192341936282	0.09269307407594007	0.10441605067416349	0.001957539332824608	-0.13809943133276822	-0.03740642234328177
DTXSID3044700	0.6970889086259188	-2.658708625093653	1.1921324535651667	-5.399752713505829	-3.231260642198158	-3.3490755817077305	0.5608130083015873	0.6211969608673228	0.5590696573209383	0.792437425374228	0.005914620134291597	0.2468113814020293	-1.6279461011100604	-0.11939296622411097	4.587655794406066	1.3674606082589151	-5.105809849986715	-1.2363665813013445	0.2030619048315888	3.5217815997911477	1.6356339573058234	-0.744394296661199	-2.551546516125085	1.7044409974626364	-4.690284014254252	-1.188471386961898	0.26320912180503414	2.4394175485181098	-1.8092003322038142	-0.3718933606215566	-0.10498941798732678	1.1478368712466471	1.6188371375164217	2.8987582805937175	0.16362029984446402	0.11919831595129354	-1.9512915865921057	-0.1957978675065236	-0.7963471686479595	0.19062421133309954	-1.6409379829575712	-0.652527363282041	1.5320426834127556	-0.8984709699341791	0.39865232952634655	-0.4869943357243489	-0.7353533621510498	-0.13335253706279274	0.09515472972563833	0.20452493415593215	-0.2655688074070748	-0.3536814594629094	0.9071642292668912	-1.145826885982951	-1.5414069880742747	1.9422646693817793	-0.24721537058860973	-0.20674190905911402	-0.3893530188035746	-0.2068801169474876	0.0466416570124924	-2.3202900475386987	1.7425878355222044	-0.49171442718891073	0.8095020610801011	-0.4362724579201551	-1.0939080084336303	-0.142887896833495	0.06521876000866737	0.5310259550465222	-3.3603329582629553	-2.3103998232426908	0.35556974587461015	4.390470169291218	0.05890513275636822	1.1555396206751931	0.64761289863924	1.1234135655461803	-2.607656521716641	-1.5589803299736547	-3.402665982480169	-0.14856992767583396	-0.5281816234594386	-1.9466918042864743	-1.1766603143891272	-3.391245220873107	2.326212921157583	-0.3116934128138932	1.630794050580481	-2.9410286811931194	0.3504316239628765	-0.011862808149146826	-0.6658308796620459	-0.2104968254351836	0.39625502546243424	-0.26895713321730647	0.45575622647414227	-0.6580671040762671	0.28061260261971577	-0.030867412658621328
DTXSID1024209	-0.24642335669282525	-1.0028320683124916	-0.5586973619907181	-5.2190053995905545	-1.2043727454322932	4.5693862713821805	1.2768147414648936	4.401634735583579	-2.4633541199766706	0.09019059920006807	-1.4746275592420042	1.1865514317677097	-0.8991059212056904	-1.643542454545358	-1.1954905392579505	0.6410992156964688	2.4975730319196554	8.72006303274722	1.5347917703159417	4.229882783547078	-1.8266776236953237	3.190268901395977	4.080142094864805	-0.8648700344802388	-0.5831441963389007	-0.3324093772361351	-1.0598593430202101	1.3497517267806427	-1.3226955163475458	0.055957143574387906	-0.8355361907227058	1.5078764420906334	1.3474461365740187	-0.32721826782981817	-0.4730040093387608	-1.5434047870509235	-0.8380663163429755	-0.30124287497067953	0.6644827408928697	0.15717153843460105	0.4706573656149969	1.3179424627714451	-0.48786916861852825	0.5941127886878095	-0.37198825844255334	0.09201303388741297	0.0771881435661374	-0.14729819175787529	0.12640351025656296	-0.2928488068970624	0.4563726933661429	0.2632909043629573	0.3030319302199969	0.34138830213894367	0.64891649282626	-0.8347166427141549	0.8514436181409394	0.529707227623562	-0.4026561027952733	-0.8302640299648533	0.447878430675657	0.31604482261037703	-1.7377221313552065	-1.003674658246876	0.27216146424433735	0.3326350005173431	0.6182479977515118	0.6472003080108624	0.25859732789424245	0.6731474123395045	-1.0554684090252096	0.684412189109865	0.34716270073621247	0.43089590625585017	-1.0603618021124073	-0.08781362975560272	-1.335812563345975	0.3718555763351849	-0.9095399110608338	0.8599736422627817	0.29305461346189743	-1.2333199639124313	-0.1898670848225713	-1.424316720745005	-0.0959502302329841	0.6255803579069438	-0.3434239714052654	-0.8192011130514223	0.7731705028842761	-0.3323857052659176	0.4025255448810937	0.32844858857253934	0.7742128740965664	0.12630513307186494	0.560635798671398	0.8531563153339771	0.5981367556858895	0.34938060614274097	-0.2173034150163641	0.05440544828482243
DTXSID8045692	-1.058260966974495	-0.889518840460207	-3.008758457287936	1.8138328760227522	3.7601692885435547	-1.8987878384990176	2.0637508331382755	0.3866901413166685	-0.8159235211002229	-1.3491876840431813	-0.4073144511203179	1.120902699092106	0.28451436721399737	-0.06762266089985106	0.272140714360099	0.2786817073227147	-0.5840620942909429	0.03353319084411314	-0.6764962614830972	-0.16068546216824817	-1.051374665364423	-0.8399781380808276	1.6109105547343403	0.11310740960028373	0.4461031062275363	-0.89453034800697	-0.28586434803955396	1.32349607326021	0.9328991979919431	-1.005778021982182	2.2259810111007563	-0.4769414347279217	0.3054987321782297	-0.20897536715068335	0.6955184653393696	-0.4817783022057624	-0.30603789981135604	-0.23635819009892678	-1.4172389561244667	0.2862933713244465	0.7112183043781952	-0.49803066200472307	0.3129986612051599	0.9916459463463363	-0.6461952417248007	0.03773625531049622	0.17019069788423966	-0.5959506144126999	0.3889495993228345	0.18102296125984996	0.07126325451290515	-0.46868422357753026	-0.12985235688711824	-0.1868885572156002	-0.5127012515867229	-0.3267658122031347	0.33754871820373494	0.06761685671186879	-0.6011303382246803	-0.8820265930324257	-0.4408701281811879	-0.44978110235764385	0.2781754612736597	0.1696913349426141	-0.4621876425994837	-0.11613309869176118	-0.17322442528414092	0.43390051564612175	0.20211191737330766	-0.8494000762371251	-0.13511851674287706	0.10056472982366091	-0.5108124920671543	-0.4325450976852461	-0.3731055447312861	-0.3642312887592866	-0.3182453688248808	1.4772866512851353	0.6559178666374258	-0.5076666159876896	-0.7914076708911677	0.30800552870888503	0.072703981913208	0.1005084393497552	-0.2937977047749066	-1.106304911060429	0.31623476425306507	0.3262181082207696	-1.1639024380445393	0.2328572833516959	-0.8585304790232554	-0.13235561229787524	0.5073996715987356	-0.9840645743789995	-0.042536225488405	0.2887688390840026	0.10551851342930252	0.6056490734804452	0.13258262483944377	-1.3629808765422773
DTXSID4025167	3.465665059224594	2.0674745844607356	-5.995044346112075	0.7776786869583968	3.7234632971266755	2.0621761615994196	-3.4741598719361693	-5.477174645231395	-1.580459506573329	0.5994753427465536	-2.5387812877000755	11.430137290502946	2.417993477426528	-3.286552517573811	1.091240138413098	-1.729817535193514	-2.810492927345003	0.60056042227649	0.155605868112598	-0.7087425463000927	0.7349195564885868	1.5533647186574837	-1.148480261969521	-0.9756986863699337	1.2491168145784075	1.5030372823740976	-0.160600488148266	0.20449260998604565	-0.3197019094611418	-0.7545599339789756	-1.1441145179371945	0.18958546277963267	-0.7186211779169016	0.8958064089174869	-0.4654627206768165	-0.9637291361325157	0.3061166700792136	0.841964697432031	0.08483911838514382	-0.3794388562957255	0.32933528240079635	0.8762764256903873	0.0250916703796148	-0.058318261327302126	0.2893108482200715	-0.09880387463060551	-0.4283438846286117	-0.8132711499932558	0.15508415634987835	0.2869329946639264	0.14176044915602654	-0.267362895600725	0.0542243607411262	0.08538273046049082	-0.4852571766731701	-0.14644602068417467	0.21275157570013697	0.12887549684044694	0.38757815880778973	0.24309542872508197	-0.0277612595741227	0.9849349622420052	-0.08449761682118415	0.332872949012535	-0.11488357257767291	-0.33000548964571774	0.329571921361318	-1.2671600963067404	1.085632369828031	0.4236894202018124	-0.12211869468409238	-0.36941647295825997	-0.31577984409755633	0.09073604413079861	0.18710962488924737	-0.7391862379596611	-0.027723691020547683	0.010539133685932345	-0.2869846219819842	-0.2979161915163309	-1.1772389302032331	-0.36525413388284733	-0.6173805856032518	0.8514635168617495	0.17599068361473863	0.1704013945930874	-0.3081796534365457	1.2768263830789954	0.5953998479727045	0.25632579937505645	0.14045195536867616	-0.7518327835406169	0.13777103628435025	-0.41735507273835426	0.1286518483965422	1.3451633967310166	-0.4922384264738508	0.35116792841332284	-0.4179867129961952	0.11997844852389908
DTXSID8023470	6.758059672385581	4.889530233246725	-5.168297096296881	0.24598206637391293	4.702968522902409	-1.1317639753331086	1.0921502271702528	0.5224177895227687	-0.3960300873051466	0.5439669250777951	2.5179156569046026	-0.5116253855039532	0.6466263920064615	-1.281739074586225	0.3516868289651885	-3.1192603234256815	2.2172045357365664	0.5818474026963129	-1.634738544268056	-0.01776850244624175	2.726761078982846	-0.873872192814698	0.004471752476164525	0.19435894054080188	1.316985153616138	1.5864184616589456	0.590327437218396	5.613636112496054	0.2262080403583473	0.1714100448014704	0.13869182620811263	-1.6589091252396062	1.351193852048625	-1.0464571104176468	-1.0040276555888898	2.256629301603182	-0.44101303745235315	1.9607259723628256	-1.6385383833539418	-0.9388421264238701	-0.41791080287643345	-0.11591605013639418	0.34425452591483524	-1.580121078483641	0.4818881979177009	-0.6681879918918109	-1.0736391112628692	0.26151762133636086	-0.3606507751480739	-0.14344054254563915	0.2610624418227297	0.46115784221355377	0.037323133482420744	0.4496538039660088	1.833579567986614	-0.7433681848047793	1.7000826832759433	3.2294818578328752	1.8656722500929617	-0.9967015814871416	-0.7264586932435129	0.3271121865740921	0.676822099950647	1.6712616791510153	0.19974600803272766	-1.2939358782179848	0.11630953187459521	1.6485696630115072	-0.8185746582237502	-1.9851880170688514	-0.36437661393092213	0.6024769879697001	-0.05354354892838139	1.2180469454860574	0.8176112867752088	0.09765494719818923	0.10482207602618569	1.05551143396641	-1.0413384339592668	1.8384246132001134	-0.45102720024979037	-0.49230193088548285	1.7565419610151396	0.25619490004294526	0.30244755404830864	-0.5690140756406641	0.9805052993422835	-0.9601292006102206	-2.2587182171567566	0.5796383115895734	-0.478937590397001	-0.390239284331711	0.30770896644116524	-1.7094401426081085	-1.387077042920126	0.20213727750925942	-0.4566389287104573	-0.32718619745722943	0.4965177984861292	-0.7215531703285116
DTXSID9047968	7.240568110234698	-2.195010113708003	-2.1784352188874725	-9.285104191308381	1.097821848825174	4.266571948872707	4.307670936299264	-3.4205077340848136	5.227922952607818	-1.359836408455297	-0.6490573136871087	0.30800068608299946	-0.03376951163480977	0.8912775408475422	2.8011699563568295	-1.391963634736317	0.47206071362622887	0.321545069688222	-2.902382332599517	4.634563281915438	6.419814231868364	-1.4630388804128063	-1.1382232313609737	2.331487433727283	-0.07407481488622604	0.6285900853998265	0.4636265678036519	2.5324477359915445	-2.353756264892655	-0.7857658150908716	-0.8019771414527285	0.14941711620325987	-0.8916898056349275	0.6310040764178788	-0.46223817560212865	-1.5192879143500555	1.694894007623759	-0.4444448598207568	-0.2730762106241952	-0.15807510022726665	-0.0077329468322641405	0.02192689050778898	0.5170197700093901	-1.5778992549985391	-0.13063357653620908	-0.7027721061548513	-0.8524497517918889	0.6659033145290256	0.40087561625744034	-0.4468194433443432	0.009755663979955798	-0.07409448077058217	-0.1865180670721	-0.28060496069582513	-0.7306503237482878	-1.028805417401118	0.13153702821296012	-1.979799398511648	1.3522413344083215	-2.2863582128771185	-0.442262953440596	-2.1174290756292926	2.026900271439888	-0.21094207077342172	-0.06579064762593934	0.2600708173717895	0.3596830914709629	-0.10976957921556249	-0.31895784869502614	1.4119325966361138	-1.3415281058108945	-0.9161527590799925	0.913973744773048	0.3486679388332887	0.26203379976561797	0.2006760231605492	-0.28523030347344225	0.9127054381281425	1.5045146275291241	0.7998561722294328	0.8258021763347131	0.49766243439547614	-0.07196291095360166	-1.7848330399176162	-1.3331627246813398	2.46485125488723	0.9267812313797125	1.0195917367021516	-0.8286315572777108	-0.20395055544739352	-0.07665363635150273	0.7326268955291932	-0.15016122758003148	0.09758380572894347	-0.6340781411110404	-1.239782629002301	0.7451916992874015	-0.6236278750460903	-0.26432349004884587	0.5536663641979938
DTXSID5048766	-0.44744367890064024	-2.2215606298582853	1.3506565946496552	-3.4706374704573473	2.005435517973973	-3.0429016196025507	-0.17241299899130294	0.2076085191683519	0.06631187172642186	1.1350992301612548	-1.6491734150166493	-1.1621100730661948	0.10691305816523775	-2.501063484130495	-0.19681333030319123	0.3882605729569807	-0.5981439907662001	-1.2055650578448334	0.5353450269578665	0.38601411550399944	-0.26419522043751376	-0.5123937550374267	0.9370564563462338	0.5592346762915926	-1.5441679415101064	2.000313070192795	-0.3528677145999891	-0.8879409460721683	5.731819232662919	3.3820522401386	-0.17760778101410185	-0.8522684668347477	0.7307211764633569	-0.46003630576900584	0.39288289167757223	-0.6620330279463106	-1.3942713730859655	0.1612022963777011	0.9047136548755274	0.7884228505773416	0.234873422453352	0.9393150100598207	0.21802414203987866	0.831809959582377	-0.012413831391002286	0.3344910511038695	-0.02623355383492451	-0.08302026358901811	0.3356911840303036	0.6926151209283474	0.37383941914578817	0.14410224277308173	0.42653846730294726	0.4526848779579966	-0.2485064820495165	0.7648542359848568	0.07528322844694997	0.16579201651066214	-0.2204167114965609	-0.1621638463319478	0.036971761488487846	-0.6840778079873068	-0.5183157109433532	-0.7457330663468816	0.5839345874471623	-0.15381183576694987	-1.0366957053073795	0.16080026624015417	0.40947536192867434	0.8646231065223003	-0.017911624004566234	-0.6959049914655033	-0.5308267883195664	2.3182087547289045	0.17751519544502092	-0.1073206431778363	-1.3861236457798596	-1.0148758660688522	3.83607412497569	2.551573294427576	0.47308920506175955	-2.1651226913738313	-1.7134829539587573	2.4329504570419003	-0.3635230387969635	-0.9131859886030603	1.2672753338118985	-0.6404700736006382	-0.7441398829802991	-0.22975852645641134	-0.2513265185158731	0.5473340533679343	0.4068749849974348	-0.1766347352248281	-0.3613805107081395	0.32874855821945076	-0.011755224852152175	-0.3682972843588727	0.7858018729318237	-0.008377890772996135
DTXSID7022384	5.995975436648827	8.691852869201455	0.878357382496393	1.5502870876284416	-4.502002906970094	-2.4432723733415607	-2.8851243714356656	-2.431058791166809	0.3878101207919042	-1.0787217461562548	-2.5618384246115484	-0.2071388509977552	3.6461412326958365	0.8200395347114632	2.0272313739403462	1.1690839524599548	-2.6089846346561725	0.55243460428583	-0.6881203747965725	-0.8508168310373324	-0.7168484176850602	0.11217241469431008	0.8366991981976912	-0.20064709342729029	-0.5500793451179186	0.5581295022604575	0.5247697019403079	0.41910810513901686	-0.628901691484852	-1.1872553376889194	-1.1506592474629	0.39702870438166926	0.7031961940222731	1.1023568622263824	-0.9783436580093338	-2.465435985886923	-1.0530724799044842	-0.6058248434299741	-0.7042881743880841	0.507845497765354	0.46942178000866347	0.9344561877687839	0.6888290363926403	-0.7850322029920689	0.15408150096445408	0.19227745275021	-0.7830418003617301	0.2929662923897352	-0.019244493456477097	0.10159023023605133	-0.10702444612494103	-0.5986695821897164	0.7178159554275851	0.2538097211412959	0.22918443985149492	0.737538272399372	1.0836978440087994	1.3101416809785476	-0.4087338578761445	-0.2528765787415737	0.13483213920156914	-0.15671348193081777	-1.2031672894408607	0.09626593958278054	0.5386842212710239	0.016870617898843424	0.22840000202296099	-1.8192165953873807	-0.3658228350281394	-0.45302279747995894	1.7636949110099873	-0.06460416322900998	-1.0143108623787065	-0.7279800130162665	0.1637876360499434	-0.33671509505236463	-0.1880559604568686	-0.36081526749030013	-0.5082666394345197	0.14194503240795897	0.263338218113573	0.46021793156314844	-0.25176502063253503	0.2674285702379653	0.6468939163937326	0.3349823600486899	-0.2762633753487499	-0.21457467074011138	-0.4925083557389125	-0.14638202465888	-0.8323307090594909	-0.46228895567995837	-0.2393357781333566	-0.03428690234325227	0.5042164320507533	-0.09124632646612482	0.423967399182118	-0.16157809405642382	0.13821076354732006	0.07750043855095606
DTXSID2045812	8.25691049129581	3.674485853563241	-2.846889371295914	1.7184351098877753	0.35348619128228753	-3.569227145832263	4.329139946398041	2.514469811965071	-0.4830384432991753	-0.31276167980353653	-0.5777808166640699	1.8159031111941875	-1.3522014318867701	3.021228810538431	5.028756365104681	1.4207187836168431	-3.615915618716953	1.5158687370484278	0.3089047953025766	0.11096494338889712	-1.76458843767688	1.7680966916977554	0.4393173524622479	-1.2994427657077754	2.7544442864577605	0.9991464792023848	3.862762680399409	0.6281766129326256	0.8225306870980036	-0.6771469004468871	0.7136753986001828	-2.3147971030986176	1.1448932830521636	-4.4939417124599865	0.027490222151559864	0.8485099903497292	-0.18001861348948411	-2.1383583741614864	5.3833683168933515	0.22221646637663664	-0.20377474834333226	-1.891420387992099	0.12175001922573817	0.7990452156825979	0.4280274029789623	-3.274574170535366	-1.1733780144900998	0.10818402666286707	-0.5229475708539058	-0.9748117896635072	0.1855163636566279	-1.6712000105676545	0.47391453194900773	0.5917653075809397	-1.8894063747138177	1.7612803219543016	0.252807033721743	1.773025787594012	1.7157817906498505	0.17970022252791126	3.0594717904521382	-0.6135575255514302	4.257243831714445	-2.1714430467564436	-2.215823004983481	1.2953581051758931	0.7815711933325039	1.3400738700918158	-1.2282893444653988	-1.8208056992901493	-0.816892126579396	-1.7247973366991143	1.9335570600001468	-1.381859159895568	-1.4694624911602354	0.4961546240841426	0.8229480351048474	-0.21370185829971983	1.0795977497246918	0.4160934414423096	-1.0799751547004242	0.5771316396375308	-0.9572108181103219	-0.8604047334047931	0.6388942307161682	-0.8954816437246411	-0.5558593030736673	-0.5232257034999837	-0.05128800671834721	0.7331673178722062	0.41445110087759995	0.7982178520885075	0.6351992086784777	-0.10313679486017482	-0.8449799710276068	0.15896911703704988	1.0353550931586857	0.23011712110915356	-1.0984316394328681	-1.1570255331419288
DTXSID9040710	1.1537233595828087	-0.6449224282390347	3.0629271674852365	-3.6616955784914995	-2.7856071946927776	2.7745808387364037	0.6050331485082807	2.350067524955329	-0.7560659786445767	1.5330617208037545	-1.0797296223369761	-0.5205209085071523	0.12519254874117597	-2.3501989900157243	0.12052839296866279	0.089497084585319	0.43981228038431236	2.618256295114652	-1.9312491964725094	-0.9229821631950532	2.8130483852657995	-1.8572914806518916	-2.763913327771914	-2.5867480112453656	2.720458878554733	-3.3260116636649713	-2.7438590409939394	-4.326314207576025	-0.3699152303432619	0.10180538404914659	0.9015857902995823	-2.132092489357894	0.47429917379141073	2.1063071525594954	-4.263589437181037	0.11609570072927658	-0.3513668357896632	0.44141817276699064	0.07269453060221093	-1.5177953496255114	-1.522853689164921	-0.9372784965306413	-1.5188767348993994	-3.2418840750878823	1.5288161535115876	0.5088669180351043	-1.2846923348627295	1.7233386192286066	-0.47527967283594	-0.17009453990723702	-1.0170889657164235	-0.11147952443884239	-1.721415906881327	-0.32463879738292134	0.5808038751700618	-0.14184793079523375	1.501936833289863	-1.29089218306593	1.3035506462878435	2.4056924033166873	2.496573733248339	-0.15396790017479284	2.1871826863117945	0.7533058364989706	0.5456284285466937	1.0556171171874247	-2.191142268924679	-0.6227690896979795	3.4714831284063314	-0.8639970143419587	-0.319586903321356	1.3321281542234498	0.13170904697742086	-1.3287007519023029	-0.47668023124873565	0.04492053253269387	0.1736588601284404	-0.07289510284099428	1.470419212765103	-0.661124660893138	0.8744320644819539	1.547374644080623	1.8524794925372081	2.4858650059126446	-2.0823717707380633	-1.4085811798258072	3.041547773508836	0.40451887286897326	-1.2839405895206568	-0.2155467392931105	-0.3813837016625205	-0.46482521620264955	-1.1767790385577759	-1.092869597575407	1.8025378496182953	0.2083309676079329	1.6251987687240332	1.19657976997729	-0.36425692480946276	0.19301736847505943
DTXSID7044764	-1.9623579625364636	0.5478973560396297	1.4048893625209762	0.16192742449158978	0.299553054129031	-0.9506859337556831	-1.4661311118016116	-0.08915023029354018	0.44837624786883046	-1.5388560870841876	0.06675255163125453	0.056798646791802576	-1.2675980773600646	1.1205030740497806	-0.23472425237683497	0.23159631818842766	0.6026358552515432	-0.09927501821977865	0.15949354098739868	-0.8366956544072679	0.20489676838664736	-0.32080024524967615	0.6944398513559794	0.11975043466766118	0.10270802353141567	0.44589504959093135	-0.5114676592161047	-0.3087089089678305	-0.2053292293082187	-0.48201909685045646	-0.9528985867120089	-0.10987097988703311	-0.8666653588540866	-0.1423974252070081	0.4369537698920821	-0.11854266593967668	-0.013015823443873389	0.4230819708563116	-0.1534322724546838	0.5676188343410978	-0.3298636317773633	0.19820733809926597	0.04460907972190517	0.16741545595242913	-0.5763553831766536	-0.4004699739033285	-0.012010379962518088	-0.7651538869556587	-0.11074773629325246	0.0635480528487308	0.17030133586698765	-0.021510903205216602	0.28355869346546414	-0.4774684306934871	-0.30576128948113473	-0.2716174310755307	-0.07730659772415596	-0.09760305756197948	0.26141334705125435	-0.24506789385847563	0.4621914343245728	0.2837667848650011	0.046108116408153814	0.4227357116668789	0.3931811615802483	-0.06477658437497297	0.15455625043633617	-0.5444205154543138	0.7649863995951693	0.17551227889329676	-0.054548499137717775	-0.4139598648782942	0.5430446633751266	0.5490617139643992	-0.5841634436593949	0.3458578958001278	0.1812542042454072	0.9112389282357701	-0.03189121865569208	-0.0723533719468919	0.5126715531986141	-0.06786123028231893	0.13209420705710487	0.23392413062179368	0.00302933374488638	0.2669196884398678	-0.36789866359618734	-0.5173334444698849	-0.15843152241930777	-0.3221057920299393	0.19196455511166938	-0.1529898268735964	0.6771331641225509	-0.015475901040236328	-0.2994763162541805	-0.4344338854788247	-0.012067173844166012	0.24008026050573283	-0.2447702436401651	-0.3162049856012561
DTXSID8025757	-4.0560778462381615	-1.6888135721519142	0.15968305133368046	-2.632804656343517	-2.0658904836877117	2.1577675431417305	1.1818927856365025	4.03334310891092	-1.494780391820074	0.9595871679324637	-0.20608082109895723	0.4692744563882643	0.2033560443127651	0.6145392339856123	1.0106025078593384	0.7919333688926485	-2.160310820287247	-0.09681173958908265	-0.46207202582393203	-0.3811232455067249	-1.1027666435984824	0.046370215868700895	0.32394408150531295	-0.27262600321487285	0.3943866714094811	1.71539953437626	0.5194835351108122	1.8861680151425122	0.27792082355304987	-0.8517740918564368	-0.746111446391158	0.0032799179048674802	0.6433343686272442	-0.25899798285260356	1.214181511576547	0.8773286072581489	0.24237527238198128	-0.776147278000109	-0.3734445967822994	0.4827238125362632	0.6805328872600896	-1.0653689783629274	0.10812957162920392	0.3682467709300151	-0.26565929324751875	0.04484465302872253	0.4650614273883601	0.012903177292936245	0.37352126720939616	-0.595845243361024	0.008061866156321306	-0.09005320223774681	0.7333338045634006	-0.17088682776947117	0.3354066133794419	-0.5191892252433213	-0.3964700022513283	0.6905319253970931	0.27775874686105334	-0.8415846531785681	-0.5496073266106751	-0.06637121116079918	-0.3585650886198522	1.1925924161508936	-0.7186505497968024	0.2436414507360358	0.8540609196217998	0.3723564464984939	-0.6797553233168683	0.2789453529631113	0.17340680409585757	-0.10980230971051065	-0.2097285116613338	-1.4297837634990516	-0.13300982561936098	2.015704125661457	-0.15204625400849112	0.39797251723631305	1.757094525910205	-1.182159298182879	0.2843420062439946	-0.12920968856833337	-0.2633260094570313	-0.3851290251994116	-0.9787462256425413	-0.8961499967685428	0.516880111099054	0.42286739952736085	-0.6783669117905198	-0.06083595477696248	0.045445307388261656	0.20924119110999073	-0.7844313399202676	0.11274852161743194	0.4314631298777759	-0.35620923398044396	0.2189863476629061	0.22843325977537343	0.11419383903047067	-0.4071689613031667
DTXSID6047579	-3.2758385264817615	-2.0170712191679177	2.0985930386370923	-1.1118151884651573	0.7719932202562608	-1.398724069575758	-0.6429728544911528	-0.07351938521700796	-0.3522236408395418	-1.1144506095942885	-0.5054642858030964	0.2971742454673501	-0.4196253556766967	1.1342245464961924	-0.6120934109815156	-0.07528353998118816	0.2786544844661681	-0.4802388042299959	0.4607797473322995	-0.5556484092846186	0.14222405563131424	-0.11144108526335296	1.1218368313705527	0.012254987971684202	0.09142518830239352	-0.08464244476560916	-0.3159046135242953	0.12559704693709262	0.07272540465159515	-0.28823477925350444	0.07432595283340461	0.22628973646208994	0.1573619347935983	-0.49437529422915527	-0.4118520115437392	-0.2996588894534832	0.49937405873137924	-0.07230270141532306	-0.03748344749485677	0.16838550169654448	-0.13540981266359578	-0.07520074735321235	-0.0851989746428877	0.25831469513419525	-0.21418054674485015	-0.1962988829450596	-0.01489440348846017	-0.10723314959950046	0.02398440315028971	0.3677566916541295	0.03080635018138935	-0.0625061506133124	0.1463739654280736	-0.10653208735258689	0.04503584615454579	0.06294563197673607	0.09547821179991266	-0.16380292179712422	-0.03949006909453293	0.20268092147019512	0.014082196686745603	0.2239897181719953	0.37901984471171535	0.4375745152207606	-0.36909022942475017	-0.46076910466414644	0.7522327802052845	-0.8636541395666684	0.026776154114879505	0.3766670357623972	0.11528122236350725	0.15924149822568343	-0.20091253063759426	0.07307406211539	-0.4481900214076785	-0.15110789657866613	-0.3612340297571428	0.10827381236726849	-0.03333923267820488	-0.08111350634593535	0.09381956020638238	-0.1687868122862833	-0.005859117477922943	-0.128690417258321	-0.1938864452740265	-0.12424570172538442	0.12277470261464407	0.36720614935806195	-0.05043545990075568	0.14305362535872385	-0.03686397054067492	0.21761108779941657	0.11356936314715266	-0.4704540532522523	-0.38158548624180344	-0.22973601004067568	0.04959106422375627	0.027140701780710028	-0.21171163033972834	0.15735386107670707
DTXSID2045498	13.086151704308032	5.235279814877179	-2.235745639130338	1.360178885430454	-3.1680941914232954	-1.9752947199566033	6.022630673242016	4.02227240319366	-0.5086405391315812	-3.000707371279935	-0.7211520592517826	1.8606114658754975	-0.5764864111771189	2.7313221626041875	3.6588905633458872	-0.3461468782415361	-1.3975890009449625	0.49659051383985015	-0.9568673050634955	0.10717402944937238	-1.7235228875533168	0.7573141499298623	0.21580459938971944	-1.2446733526271367	2.339974349858197	0.3621608929558947	2.4850285711586118	-2.820392483236053	0.7374402678312095	-1.551120471063248	1.6693247658676422	0.20413627428231426	0.4128668342008972	-4.909954870254693	-1.8184654217254446	-1.1356844622498146	0.8740594085076614	-1.332421249036486	5.132946028644218	-0.3049839833126738	0.0556672841289733	-1.2440559786759193	-0.627378696128479	0.06533370507494254	-0.3611932813822666	-1.8935719895212964	-1.9157334628589493	1.258156368826263	-0.7087539983551319	0.04360971594554904	-0.25351215083644035	-1.0120488667544176	-0.14249853345730154	0.6925511462348886	-1.7070669479557443	2.393618262744081	0.9035753395732035	1.5986043088970556	-0.04139604834768384	0.28121536301698913	4.330484564326039	0.28926183415979223	3.7722271677904113	-0.8714874417616986	-2.257473731699557	-0.15454744841913418	0.3684223990814928	0.8286041089096082	-2.6561195497216974	-1.3566884981741287	0.6664756217825047	-2.1511773984874862	1.0017045146122645	1.2775884003343756	-1.3109477062715629	1.584693124411058	0.07552891299646225	0.22454104763820806	0.7148813083330843	-0.5953989459982605	0.7019470484362759	0.7477598122739775	-0.3075869117083187	-0.7417605181680087	1.529582823608648	-0.8808661296229934	-1.9143004388112488	-0.29117749401940834	0.6161844801249247	1.9608165287441526	-0.9818569298397307	0.18010095042593863	-0.903419132209382	-0.4613183027888433	-0.7080085388242031	0.2757443889371288	1.3831912752248785	0.1368100507992652	0.5084520024291781	0.9390598507060409
DTXSID7029299	4.229434456616233	-0.5413277532922797	6.544474535601521	-7.306540968274673	-2.5128101922938795	-5.8838758735853185	0.9694511081748753	-0.4376056252119978	0.7681444035400462	1.3657587380409653	0.8048899796470297	1.5524589445154924	2.6925886734612026	-2.143485793849142	-3.703500436044407	-1.083073404559449	-0.34539712347608337	-1.1347743762995042	0.042673998824761694	0.7819646657284884	-0.28906476500981965	0.6885869977189709	-0.37960301512526506	0.5132908632673517	-1.8705604982830786	1.0666710443898195	1.7703986640742444	0.583765789249424	0.7222829332233603	0.9064000786258385	1.6628517823563607	-1.4833635602254325	-0.7760155397954003	-0.7680431251375253	0.5274031184266691	0.7723298446262122	-0.7828700258506394	0.7705235788190016	0.4338218941135034	1.057666853233501	0.046807474115344125	0.3028493050571617	0.14717102561450704	0.3453867268566754	0.13924342716133134	-0.18050857461659747	0.6290811487280907	-0.4159579526531558	0.07693945449049869	-0.3510013880710792	0.21247813788714362	0.13238611339385567	-0.009449732736844484	0.17172690624865747	-0.30119028159820294	-0.06456170291742001	-0.16125059062650546	-0.006705527763288729	0.23055056012348768	-0.4661385324087597	0.655614328013465	-0.60215625503192	-0.6390400234957154	-0.11795273383918328	0.4676371453317382	0.7792663495271513	-0.10816812650004687	0.6313579436111372	0.03873580903089868	0.15438360794743827	0.44288301339179664	0.11739188124739587	-0.082363126291542	-0.039573028332070694	0.6970564907116631	0.3224572190632978	0.33094487737653083	0.3068945142384166	0.007656594952979596	0.08195129820588652	0.4638664223923826	0.5958717304140002	-0.1933952235067266	0.028362154311324776	0.26155337586811067	-0.03261433361655774	-0.04237459950428594	-0.4244578470925793	0.20081692055910408	-0.20871630838520402	-0.31978366328500757	-0.49593104480611366	0.06877251410877656	0.19372027560084942	-0.016285492772445665	0.08925941816385151	-0.2522151354108647	0.3220666559187787	0.3812798300644402	-0.46035461619850876
DTXSID8021351	-6.202752972665129	-3.7341246458155792	-1.7591907502278918	-4.334660298156671	-1.4369245228928809	0.2777487533174183	-2.6925500376610216	-0.2113042464179223	-1.477557691686497	1.6583234164241665	-0.9342587966800272	-2.257972847886694	-2.8376505755620203	-3.443264685158391	-0.03194134816710057	2.6764435222752523	-2.844463208574431	-1.9961394302891267	0.5219911353881265	0.5853772077374407	-1.932766236080231	0.4127934523935337	-0.8003823432722305	3.6610613214136847	2.0833156559234296	-0.3231610350409841	-0.40218975079764674	-0.1731026138740402	0.17324227667693365	0.15962167943127023	0.38082138971961754	-0.34848545192878577	0.764951317925571	-0.38604019468746475	0.2845719566427528	0.7626370170342098	-0.7583622705399369	-0.2599228879332273	0.11023260510346178	0.1442775526461308	-0.146497855102408	-0.2221388649232588	0.03192372992855072	0.14704972500411265	0.31964542904269677	0.2644436548595493	-0.253087102036648	0.24396728249873206	0.30148697919098383	0.32791475956310123	-0.03266507574661973	-0.14018889263461332	0.23294374653465671	0.12098410748771214	0.33165043864464233	0.3285212201037008	-0.3582607448207452	0.3010951183249736	0.2858202827135932	0.5066738549924003	-0.7201114964222167	-0.18950593903928886	0.16630067158703277	0.4701304915789728	0.1446871920604633	-0.5393186496231422	-0.38628934792658004	0.22294226238655135	-0.03818622758575738	0.20575152493769436	0.558471462139616	-0.20328650105863294	0.11455682334511831	-0.11519824794207827	0.25037190938174564	0.2915045348369537	0.7350081028173603	-0.45800081240235807	-1.224456767495124	0.5440345984661724	0.4464089702778273	-0.31818472742557374	-2.5822965080093465	-0.32218268029835645	-2.9469894525856883	0.39647465839790347	-0.38481809787319937	-0.9070235445586083	-1.0946346480621179	1.4084138958375665	-0.7043398259206686	-1.0816196825896935	-0.15149173201393976	-0.5884270731405155	-0.04255541732711842	-0.7455339090620292	0.56540518230203	0.04332843047778878	0.7465751986864686	0.6014107494218554
DTXSID4047622	1.675303316136237	-1.309924615606533	4.710633239670298	-2.753741675444779	-0.427784985049474	-2.2297447269303783	-0.27802319233540373	0.3481074577149626	1.3103159636900739	-1.1506635759085693	0.17985905220623674	0.43868602943780605	0.134226452564146	-0.7665468133304975	-2.176869142362025	-1.445979772070842	-0.46493895723771117	-2.037918232866298	1.1476648117257235	1.4172301195858408	0.6417398829894427	1.3507555749824933	-0.4085812943098475	-0.7975118892825973	0.9758275724968901	-0.3934894030450239	-1.0580365586837832	0.7048698557477657	0.15856829461265473	-0.08715386954194065	-0.5323075067029536	-0.9815289570484587	0.09750465144867702	-1.3900278946289535	-0.07690596770336867	-0.20256266366271694	-1.1577277967250927	0.19539308313557605	0.44066307292133466	0.3967136621583263	0.7479269228031219	-0.16972894339118014	-0.4019858833474977	-0.6111239479387227	0.7510258131716435	0.764310631778628	0.48321773019957354	-0.3641474173049427	-0.13089406825165137	-0.4883169944794158	-0.01919646585140077	-0.2439660052598884	-0.0043598412458695475	0.10629363202617824	-0.060440454014255164	-0.6764891957969166	0.023772198492027843	-0.4652528387349011	0.12742395120164274	0.5163135781795898	0.0016150575713741913	-0.4673241079344688	-0.730783229250169	-0.2658097937298671	-0.02816978838761592	1.2391345528172635	-0.7538003289027252	0.4249099352405158	-0.7373085830181246	-0.2961377592105893	-0.20494876051226876	-0.24876733958044114	0.1299596482498472	0.2959303327923477	1.6563847446830524	0.6981179113281176	1.3207734896120897	0.7252510500297993	0.3836928752040277	0.14580318977145557	0.17794815384267917	-0.3309078315139665	-0.24027939027969505	0.37721534239037996	-0.0070213310943589525	0.3458754498591563	-0.9491893754157931	0.006528385529914974	0.29462235781317897	-0.059513545772580376	0.9729172367825524	-0.14787707376188805	0.03359865567839609	0.5175979036071586	-0.1707303641257546	0.316062443282131	0.32801651560449696	-0.25251475573576265	-0.00973657697844702	0.4910546589526281
DTXSID7021605	-2.9356171891538767	-3.349841203654169	-1.0473486435465615	-1.6695876149316604	2.275333028262029	-1.411225883615522	-3.519015496255279	0.2663927334912216	-2.7677666421179703	-0.024324067869763977	5.491271321955078	-1.8447630826462067	2.8142031544839856	-0.8122303624174153	2.116545822797325	-1.1694351538996761	0.00965795396725384	0.8487033581093527	0.5443761260872202	0.741311969245943	-0.021878883562802466	0.8493100371330388	-1.1607109635460726	-0.9207038965179204	1.3877290715524029	0.7224056485015934	-0.022341448128414407	-0.39688640403613773	-0.19290440763221128	0.37903660753613483	0.1941741223900635	0.5658167626607907	-0.01355596578832291	0.5941429933902118	0.8420703869958783	-0.6103640156040868	0.9111277717203609	-0.2532542249284492	0.8816538441282633	0.7565455722887873	-0.5752984425792738	-0.18154674163323778	-1.0883293318480725	0.15971792033696952	-0.039165330339911646	0.18399626837311162	0.5508443371754039	-0.6210277643662923	0.2570262709651389	0.010453397031271072	0.03502439472220778	-0.3352901536788872	-0.07513335873468652	-0.2830722576831429	0.5122175720582818	-0.5347714273615642	0.0090996137935369	-1.3411699383072602	-0.35434669185284473	0.5080920602092717	-0.725085248573747	-0.7002505869198983	0.48345662232490133	0.6849737772965774	-0.10325888124382561	-0.16035131417768655	-0.9119759405913431	-0.07631621147069167	-0.3359124220660322	-0.022160260742946317	0.6600211911204391	0.26152953770873827	0.06244443799264928	-0.25465939980190544	0.12140474089947471	0.40968407174947447	0.11217724759895661	0.022482129977506413	0.028215354843803084	-0.1998883252072062	0.19742872682225632	-0.6334551564905166	-0.03235272372777676	-0.03639665216221772	0.44391521752300994	0.23684216836094932	-0.17860063991116987	0.025295442635608706	-0.3458659408633525	0.44875833695697326	0.8343448076463842	0.353242067651552	-0.5501565444395154	-0.19712264788427192	-0.11597960380758804	-0.11935410439095287	0.20100393932743735	0.038534255082888276	0.05795599762930801	0.494366800493068
DTXSID8024238	4.903761846136659	0.2915535717509366	-3.7053926299175943	-1.5770493759531086	4.147241805742985	-0.09367664504138742	0.3915597399456213	-2.446690575285158	-0.6985572215876065	2.507938761508778	0.030481946600473247	8.352178663265587	-1.5766281766209047	-0.5363670971198398	0.8248209006295443	-1.5829055404834478	0.051380168580567126	1.184007299075081	-1.8054578972668518	-0.2581277103008564	0.8967279806200119	0.28916479138077544	-2.2865384068806445	-0.2933159654384079	1.0554143874097812	0.9358433640179092	1.0750025102895004	-1.2139753256598684	-0.056101419817264575	-0.2516176469713692	-2.6250913835208607	-0.2580715546914024	-1.4266687158837814	-0.26286112841076353	-0.8461092856636301	-0.23395371182269298	1.0220550531880745	-0.2125469124586324	-0.02393060052064211	0.11734185665946571	1.0092326912380287	1.008446564915729	0.008085535618914796	-0.06394131376496429	0.08453364118870701	-0.025181089984832563	-0.6635612276248921	0.7679753406893919	0.20475554860217068	-0.04544644365481724	0.049928783920850935	-0.09891873817958433	0.19561247081279418	0.22296074002372643	-0.5574880079149818	-0.6292090690035326	0.0010119054464224806	-0.4563482829487095	0.7217560169126949	-0.3980452716427139	-0.8014022904677978	-0.2898580924956549	0.7169691139443433	0.315443828393118	-0.3485252652997995	-0.3923992556463965	0.006580632649488653	-0.18090435316367007	0.3674749251897912	1.7236215401588173	-0.19488632804031464	0.9072574737319643	0.44137280031626175	0.27468606574901744	0.25782219356041713	0.7250933387357997	-0.6527642666359378	-0.9004649728483637	0.2663447351893897	0.5119952747104269	1.9788216098136362	0.04934564402972575	-1.02725107449649	-1.5752173865209629	0.12043812232534987	-0.7531292521922917	-2.5394089560058486	1.691763451476191	-2.594506212447584	-3.2084882244373443	1.3206187501662472	0.6442054879561543	-0.3348133755056868	-0.09246733543789454	0.9785399040480405	1.0872622563742802	-0.6805110228387813	-0.6985029656448608	0.5111344566471708	1.3286935683561525
DTXSID6046898	9.093047344422718	4.001322127698579	-5.184355416687662	0.21913015675819528	6.428071194277287	-5.122416630158914	-1.0506203481764438	6.446928592067623	2.325207116939355	0.3267131128431733	-2.7870101560326828	-0.4074790012542134	0.4779461420082237	3.9281917288542583	1.981672392459236	3.9259317366372515	1.397853718014151	-0.9236652674297032	0.6110533591194208	-3.44384544385647	2.5726992067882906	3.648887568151255	-1.9213965063018486	1.918014264424276	0.5479281798244758	-7.545879689186467	5.0154211539754545	5.340105826519401	0.3417636030566778	8.553528097158566	-5.106970688042664	2.3179359528568777	-0.8015595858594663	1.4191400127981675	1.6534679054545234	4.785300267159782	0.24820579296302242	-0.14015906834913736	-0.42118170501316254	-3.5614189416443423	2.4403986453422704	-0.4939171943882758	-2.7308466776653963	1.6297616322591573	5.493179143047483	1.494593107655873	-0.8356196059600273	-6.300757110711627	13.16984400235525	2.640390660386184	3.1454473842772726	1.3124225679469226	-9.210962187003295	3.011971953194532	-3.093708873712937	0.4952611748107584	5.273609150055609	-2.0371865778497567	-4.767684855749839	-7.480214344058003	5.507182572190256	4.734680822861845	-1.0009137012734088	-1.217891280044791	-0.3230920537125921	4.050159327347503	-0.18161948678836595	-2.9782032571300032	7.296844347108257	-4.229897877682139	1.440658924787667	-3.9324288909503013	-5.055461039956528	-0.8768537759116926	1.2232944206206005	4.524854412443091	-2.2915573100717626	-4.867222302538913	-1.377258541054582	2.1385234554967973	-1.9496689896144557	-2.0688525194676695	1.7891508373701053	-4.480237457922514	-0.7137558086943249	0.19160984170965756	-1.7742995979907146	-1.1994009492803286	-0.17126265261211057	-0.6494281062210098	-1.942571639590358	0.9532582508021009	0.7990147170996571	-0.44322101146236126	-0.8238392608615515	-1.6140519297870626	-1.0657356551411363	4.430342130914853	-0.9720634517777784	3.552870801397796
DTXSID9048194	-1.884849712377038	0.9954665918253304	3.243197986899514	-0.06219697916738072	0.8211425106657174	-0.8665267542692813	-1.169153489622854	-0.528052527454512	0.6981319326133708	-0.8626871294801494	0.8223309479558488	-0.045397293879523536	-0.2591378775876641	-0.10337771309901828	-1.9711918203314729	0.9111327544166596	-0.5510617129385157	-0.2018716889615208	-1.5456075609613773	0.8045883631096394	0.16165874212360704	-0.16909356257435093	1.2458750850905098	-0.2614484412004917	-0.11871858050028711	1.2277581077189232	1.4890457502743928	-0.8414377771706356	0.005844599502470222	0.6597567249348802	0.5304025615923388	-0.13506547199641827	-0.548271847257957	-0.06858188149977555	0.8122053110839362	0.259364230141998	0.30764625761979925	0.619039897963407	-0.03589000555941174	0.3857597913254046	0.08103226752137989	0.06645698397071093	-0.14924949718030894	-0.9984233557457277	-0.2989582944187671	0.05070075019853306	0.013523964450355334	0.2977646586236395	-0.3298940265535028	0.09695595380527056	0.13256468961294848	0.5667133236108373	0.012060777620788209	0.08835882643186081	0.2414833199255297	-0.4035285988962091	0.7567154633872166	0.09545397178112346	-0.005109967947525353	-0.33008068942179	0.4213337184607067	-0.4985764955275687	-0.5561604858173813	-0.39467232456115964	0.42845890406924614	1.052654118263316	0.5249718202178784	-0.198762487731692	0.31537792439400947	0.17638708104916465	-0.15358211319278325	-0.5809263523317955	0.5249589097928885	-0.011219385322964156	0.05971934524711697	0.4194534387461392	-0.0012815340190359848	0.1273067322908054	-0.18049694122964055	-0.17199509535506363	0.21508833015565168	0.019465596843185527	-0.1270336969246019	-0.03880187702607012	0.3641856561485288	-0.16910377681536393	-0.039042867518946846	-0.07742499732420294	-0.22269786571213274	0.04664174388913824	-0.6824004830787791	0.17389319024524225	0.13199658937221162	-0.14716620053335186	0.14561414837935316	-0.07652392669771341	-0.3247861186562684	-0.19066751782900582	0.03204278306129929	-0.03343906154556272
DTXSID7049059	10.224672959181254	2.144755204560635	-0.5281876665793103	3.5030846060034646	-0.11372593634281211	-2.28027177255705	7.474530014555175	-0.4095823963828718	1.0413112836811762	-1.975985890696316	-0.027853025423907187	1.201663631149698	-0.28257629072963364	0.35355772403405655	4.474554449287119	-1.3027121095697616	-2.7546616923104894	-0.048942372008843	-0.5471425838331517	3.7663245591899974	1.5419426842440598	-1.1567338184675011	2.2177936010451416	0.4793420548309617	0.6217590709053513	0.08815642937209812	-2.6786466145087453	-1.3143255920898964	-0.057084171394005775	-1.1975603022941275	1.0136439265099124	-0.47227091927055354	-1.9337815117276314	-1.0375596021048141	1.036265415254948	0.2352250706565226	2.9484800192526572	1.1044089545267266	-0.38209050223241087	-1.4643186131439192	-0.00865730119605097	-0.007023759695729605	-0.9386696561031008	0.32567941380779236	0.631994833685405	0.8567019705907237	0.7439969243387402	0.02391008673166633	0.1099623949832501	-0.30427147466268545	0.02490268763254804	0.9700064175194402	-0.6369041630700536	-0.2599993936069198	0.5918630521463656	-2.6399400740029986	-0.8544011314109652	0.11219852038962388	-0.21618536831728516	1.2635580371637407	-0.44021451075493956	2.0027241386230674	-1.8235464492877074	-0.10617874763515493	-1.2154441079395297	-1.4508046276891127	1.2776744399160427	0.4892007911687917	-0.888963193818954	-1.1096345320713439	2.3716364738108386	-0.5378048332441348	0.5764660946649083	-1.8117461262941075	0.5280958542801127	0.01258102734787544	0.10242660295975586	-0.8093036498762419	1.3951701412386863	2.046516764551478	-0.6747617308635264	0.49996681148950556	-1.3582255153343141	-1.2220487454458802	0.38656388302686173	-0.5208214390393909	-0.5519563942815348	1.3316789448741775	0.6255891800585269	1.2991114329810223	-0.30762881349831683	1.8477519937720632	-0.923401730695655	-0.3441164141123447	-0.34878020905096296	0.3317315828712416	0.5249998927516706	-0.17917125574184226	0.001235330596847974	0.007014736258839099
DTXSID6057823	10.723439232591526	-0.31610130673614983	8.363900572129543	5.156752042841206	3.253966606569494	2.0947347925732127	1.7920243804858953	-1.279650633794418	-1.7592134168026532	-0.24828803665451032	-0.4265941251237763	-0.24908044242300786	-1.2879629420285634	0.9539960533995265	-0.03743476244573226	-1.0924715970738372	0.5103265631960725	-0.610026791690113	1.0745029577801408	-0.09919929139540251	-0.8823064223594975	-0.23901341497753753	0.29006580081816336	0.6867819164519647	0.8713502626814934	-0.9049181518847101	-1.3338826850505934	1.4592285399266303	0.6463482901431813	-0.9825592243369298	0.30362464117491983	0.016677201772402825	-2.3280653449201303	2.5769187008905616	0.7737188438710995	2.4666451660383566	0.6180314204707645	0.2064348651539351	3.71424271125833	1.2818345142852403	-0.6733835565825227	1.6895794932372414	3.269012341492317	-0.13832017818927114	1.8793114679803424	0.2330121608660622	0.03922985564257342	0.23875085487107467	-0.5270998334397711	-0.5336142794058152	-0.3030787158577334	-1.0665981979932417	1.3645649215499687	-0.2564101831491253	-0.22345593590720267	0.9672139291488037	-0.08676620899460356	-1.9302843424795495	0.5161479400129014	-1.0839418337923223	1.1673901310195862	-0.8125189644616662	-2.352945348415612	-1.296589939142918	-2.334459932361683	-2.591479987394951	-0.5736734875617724	-0.9719128390359463	-0.8088960862852307	-1.7585739720131697	0.37735168249629203	0.5419688739520762	-0.6603352947314315	0.2987553744431494	-0.8496305604209082	0.6735596849646632	0.3517746944863843	0.3889371756962952	-0.2569690998496361	0.6430562943373745	0.8246568646871973	-0.8484853056348507	0.9490602675596173	-0.2618431740095011	-0.6135824962056599	-0.021801440462133035	0.488109088751765	0.5751311965232594	0.513137384807982	0.19912558465474867	0.5012404521462462	0.037236225744975086	-0.3258282253815884	-0.48514279450755515	0.09569974669045238	-0.3615556721039724	0.295357213131029	0.23358099668284332	-0.07736727695080278	0.18188269109329647
DTXSID3041247	-0.11011292192954046	3.466676745586408	1.381004543779777	1.5933473519783683	2.4760815256213107	0.4237971919728149	-4.004698512219546	0.1625458246389655	0.23341928754136967	-2.1623576501091013	1.4836499122622147	-0.48984817139392894	-1.9295244539041074	0.8480904961523115	-3.757362800656111	2.8856782792142264	-1.899384639399179	-0.029713876612814206	-3.0125466413274014	2.9435454692470855	0.8083112789498539	-0.08161827493838285	-0.21998365445561932	-0.6528026203603198	0.14077699313969336	1.4219801836803692	2.126404513982617	-1.574660473126205	0.053536842314564376	0.7823834759128927	1.343847562340873	0.9125186045668287	-0.27196613161652383	0.7292351689239818	0.8176885504179073	1.4007285361243544	0.28173330543739783	0.6671839390445643	-0.6556137289303656	0.05827522035039182	0.6409632831957972	-0.5203279886044514	-0.593940819528781	-1.9048402747734312	-0.6655069655536263	0.7288821471710404	-0.01656052636863011	0.9740876570901106	-0.6380484638108601	0.21983529954721934	-0.3941409029533076	0.7353882669931314	-0.6116180276545292	0.12140766785159991	0.46738799978944456	0.12022354932723431	0.5615796512256157	0.6819950541379529	-1.4632681639579765	-0.9558885458544384	-0.4121694894512724	-0.7924863889431822	0.39708868430767585	-0.0969206597703756	-0.20398489813517373	0.13288512584737713	0.06638659566554134	0.24576285567684555	-0.12716186173610491	-0.6703241469493756	-0.8075947223928237	-0.5503527271931719	0.6273477690937332	-0.4675583879810747	0.677768509347674	-0.03225445051666249	0.5740506171103462	-0.7080776725461225	-0.09291105820364343	-0.16883386656895175	-0.09368256463235523	0.12800204235688672	-0.9021827458541736	0.18179031261189035	0.6307071607852502	0.36542062113244506	0.09829893704338385	0.5008609345627172	0.34352948760524693	-0.4291637872288375	-1.0896064676268185	-0.43892383508401184	0.548556489088172	0.015522981525097825	-0.10611858753682622	-0.21580428721588646	-0.035276414698567696	-0.05929848850207004	0.10975398032144973	-0.22006140144781833
DTXSID8047636	0.25282471577141485	-1.2271055508750113	4.648675680468361	-4.153021816551881	0.08839598559174537	-3.4014708695501565	-0.09402246094408999	-0.06880405276840874	0.21623683823770348	-0.3865362061661937	-0.03415100354780432	0.7976724879650848	0.8458514916323606	-0.2159290151416031	-2.2127635278534385	-0.7566424487653187	-0.15533797184041934	-1.0386535040163647	0.6019091211252905	0.2219491707672727	0.09069801392701278	0.561412165449267	0.26257070442175423	-0.2564210264513091	-0.23223359062743537	0.3299013636409345	0.14404495023844588	0.18640844122468983	0.30698291774710473	0.23583284238846453	0.4910180546011103	-0.7088979716890456	-0.21625677516156244	-0.5636156891077376	0.24849124548696405	0.24996133524487787	-0.128264977979074	0.43173684802561335	0.19768345196954584	0.5708418566878475	0.03404677576721483	0.1301666279794528	-0.22739706530285536	-0.06200158689377189	-0.11108536830754849	-0.01645322746211479	0.18327749254227568	-0.11486932280833707	0.11123964634459668	-0.07793625437860326	0.09924366592257561	0.07850061875109979	0.01936510158549993	0.011970112870313928	-0.04275715323056819	-0.03535930621502955	-0.08036155830952914	0.04476552481527922	0.12185069010117527	-0.1205271416625657	0.21238814509023124	-0.06837167775697083	0.002645712424983798	-0.0595053796295781	0.22824819734322052	-0.07465696696495251	0.05127769281939815	-0.08150369965879993	0.16204354775831348	0.46669054855035064	0.5004957816272212	0.2538077018893935	-0.0024607721597014577	-0.024585497163372112	-0.6512801289355041	0.22345044097446706	-0.1428417706802173	0.42657639087630184	0.1167256538414515	-0.025855288490772236	0.20895897379386374	-0.13118061940803064	0.09957740894722751	-0.04716647793893047	-0.05421536516878305	-0.03419822817620158	-0.0016656374902973721	-0.10229958238968452	0.09518740753911463	0.1302350185865628	0.4288514346337414	0.22798357027677013	-0.011522078278656613	-0.14838670612514165	-0.23248455286807987	0.06190174449376117	-0.03368064749630874	0.1017762922648598	0.06987813119939655	0.13853230419068457
DTXSID7023300	11.052394250917441	-4.360220175696846	6.466174927388301	6.209064523213999	3.427202738999477	3.8166645035563853	-0.8508116512751422	-1.8437588428015732	-1.7477767178007744	1.7556790810047653	0.566802523241424	-0.7647287101821688	-0.43005614328995995	0.12858434239169056	-0.9295502312210637	2.0489815791921573	-0.9066854092805757	0.983405725471493	-2.0867605813462204	-0.18600848413165547	-0.3533106147825597	-0.7430486165942332	-0.10999710419460695	0.4965068876574838	-1.2977554662442765	0.2554150556741742	0.7734470411978427	0.1269279394648375	-0.03880003813387882	-0.012000785103362813	0.14423087887514785	0.4311127518125007	-0.06854879558743604	-0.2304114776785853	-0.04450766391586258	0.13799010015950683	-0.07284402920239641	0.037304956576731746	0.08758981413561426	-0.37758995210895313	0.07752266397086617	0.14227742799388435	0.1299803229152367	-0.16701812390832177	0.09639585337315758	-0.3453120015870172	-0.3250920070886561	0.09327898090474973	0.0622034745982891	0.15059384920932437	-0.04850457664883163	0.13147568686119762	-0.11354395716374067	0.052827457343332	-0.22181465106694137	0.039729681554852604	0.45101562611648166	-0.18346315167972604	-0.0627031255382992	0.407788587306824	-0.7448893690620491	-0.47852595233957756	-0.08622335590001858	-0.5483730525776032	-0.3091746805651169	0.1426263761953685	1.0382709954837084	-0.6444752473905566	0.1514060883874788	-1.4257075084958835	-1.2234917234651284	-0.6040162212074347	-0.41178765898880554	0.26753738961448564	0.5962237850298334	-0.8347112919217828	0.36041527206287244	0.26090709251645566	0.25884681271831594	0.17159611195573019	0.9162126666381073	0.5865824368691132	-0.286641333282785	-0.38629852592237773	-0.42203482936951664	0.023346737206826482	0.24212360084595075	-0.26503453013252265	-0.19788409741468246	-0.42020718874792473	0.1519325511897437	-0.22036842944691	0.6185360096460988	0.3188934459942291	-0.29535017260995083	-0.21685924098558407	0.45804612330731864	1.0792211963339333	-0.16306526301133673	-0.9657408164747187
DTXSID2057815	19.09642861162002	3.9682652014840434	-0.8890859605746246	5.177455697341673	-0.7938039661227524	-2.7359517456348494	1.008216759097071	-1.1337051214423763	-3.8138832532707556	-5.170901834488158	-5.0477823530112165	0.5122699325089252	2.496446329538744	4.9848065010127565	1.51108633519805	-0.08978868024388782	-5.941693567447935	-0.9234365686672826	6.282907702262974	0.803325260515669	4.1500298787552605	1.1245105684176606	-2.265117139260302	1.412763333920882	-0.021880935838203316	-0.7721635221943087	-0.6890569122912724	1.6365294867918325	-1.408724276845276	1.9538023259828108	0.29469814457778276	-1.5491949040171196	2.660040884099909	1.8455991733212915	-0.38421690721707874	-0.7645142478403091	0.4806470303543868	-2.8010939096779075	2.2966807381726375	0.16649684972678594	-0.9192755499373836	0.36723624368596613	0.010076026963374169	3.0250485374315192	-2.4662683614997825	-1.3219292924284776	0.2917748679189938	-1.3582686615756048	-0.49820408249040204	-1.6426845500699438	0.6499248659972177	-0.3111214007053007	-1.4127892328786649	0.5045218569148534	2.8549168424392817	-3.9177431820568818	0.5013213040670158	0.1872617528015361	1.887197263126368	-1.610906613672691	0.8183257634867871	3.455604255928518	-2.613541325529924	-3.666854023656802	-0.37204433078835947	-0.6597273142456708	1.8450275927876603	1.0282884347800454	1.7832682511338742	-1.162490263921725	-0.04529105740319406	-0.651835392639436	0.993856328447875	-2.6677678226251715	0.14934361108264538	-1.5827547653833172	0.27568277822433407	-3.817293606760164	-1.2529221023678843	-0.30305854652380776	1.754824516735291	-0.4644413911016712	0.1843842222235024	-0.023471791959240096	0.7300055896712357	-2.9939970405731	0.43573186060220354	-1.2887164539616796	-0.20649469124179035	-0.035497908752742585	0.028714978377302636	-0.6187877316921948	1.304966822903517	-0.18287175198915706	0.08515453850179096	-1.535238836364866	-0.7658871221940462	0.10397726149110106	0.5087592024341087	-0.05123729397129505
DTXSID8024864	-7.141594194519787	-2.759128368195204	0.8994648539356513	0.304330450113364	0.9584620520200444	0.0298716761443191	-1.309105640807815	-0.8029255179804771	0.02157750559387301	-1.0734248379843625	-0.3981403395516862	-0.10170488725116217	-0.10892782822331583	-0.07276237581560574	-0.9077567498550023	0.08680178247948662	0.33944773630344033	-0.5222678553224623	-0.48091776317284024	-0.2729991596002792	-0.0038157416476467874	-0.3800448520964994	2.0604789996456074	0.07416887152556129	-0.19355656450032319	-0.3086319647972887	-0.025399806706083536	0.3802547492256194	-0.1561378396129933	-0.12552084157990978	0.5510848944188856	0.6784134310871338	0.8311691788358846	-0.19323235268902214	-0.8889289790074792	-0.9668069122727813	1.948900455601665	-1.8164228812561483	0.2848850327121211	0.16609220221171525	-1.5840015941705303	0.26262443376938444	0.49760863034642466	2.0500720682278204	2.4849949055451135	-0.37897365213640866	-2.0686347949895962	1.4277301036500163	1.0301199917328894	-0.6965532072762236	-0.29513524367750427	0.9378886661664823	-1.4730268477988495	0.06229789636804042	0.03925941018986234	-0.24102182860946872	-1.8249642377523816	1.0526039815351473	0.1181284567980225	-0.25824866964095816	-0.6467460255632403	-0.3563207663494258	0.48531247729710536	0.3118752357479311	0.6407994870634065	0.08314122850670738	-0.8365586892157735	0.350430002829481	-0.31906363516155667	-0.5215561892104758	-0.28358828152498444	0.506509552498034	-0.48337891107275094	0.04548362645750558	0.4447399329470751	0.05413067606803061	0.0705654170287215	-0.3620188270723278	0.10555875595200111	-0.47298848931783083	-0.41295073705433405	0.3183590105385791	-0.3998557847476436	0.19484774010743477	0.18608497624798287	-0.037399270461621344	-0.22035867816698956	-0.1048243135404553	0.25125658545293034	-0.06475744567965461	-0.1040067203849718	-0.6603748396688212	-0.332395776181335	-0.28335514280088214	-0.19853637568680121	-0.38052038283313094	0.11707046596868827	0.06481453405537035	0.006347359009557724	-0.13784180166648372
DTXSID1041217	-4.667735382847542	-2.448173766634263	0.151850765208673	-2.6904360548115482	-2.2100305028743996	3.2075549181295937	-0.2245833255062948	2.6039294975782274	-0.3132777920204452	0.6143174197628277	0.20274782596760602	0.055406431616644214	1.2578179671639387	-0.9546803739962716	-1.1834115494849566	-0.05040509346389962	-0.3823195262699316	-0.10758854593616392	-0.6156717441114988	-0.1331190970753527	0.14526405407581244	-0.005823721028683775	-0.5877295854185648	-0.2641293438220348	-0.38810095793965754	-0.34273257136866897	-0.1310247304615073	-0.4361932114585623	0.001172444498069977	-0.08121740202941417	-0.4090502138058555	0.31653405027224757	0.1725525107298873	-0.30055435674470987	0.7654580967264464	0.03617745994184309	-0.03636027335098057	-0.31474746421430816	0.026593680374637746	-0.04145304624270462	0.08916612393590348	0.21064132241477976	-0.0882626202225362	-0.01783213977060589	0.21032213381254145	0.09393967878855324	-0.378614726287546	-0.5165298238764099	0.1985042058445323	-0.11121530408516028	0.2093967914636738	-0.2983626639435381	0.2891745741555852	-0.0041191951039370595	-0.25248873507273506	0.09930707668432376	0.14219096310998253	0.2905841751039573	0.2219731853242996	0.13002059515241507	-0.6594093917859032	0.26026912858290613	-0.2781558565472916	-0.11717598988746875	-0.42832880677662805	0.47883724268074473	0.06502041527563633	0.31251786938061177	-0.3003846832437311	0.34958938079000834	0.5977997235099634	0.6496553944079808	0.36044275355086985	0.5269549888074175	-0.24191715823959353	-0.4891942141883886	-0.38662485426525756	-0.22164444647283016	0.23549562414193884	-0.25714638531587375	0.09265771330105399	-0.6192869168187108	0.022367382910427766	-0.8984158398350951	0.38643769125609095	0.4558825920654298	-0.49679841775092465	-0.9871997556245515	0.5616666858348857	0.24446580577205176	-0.02156499916082762	-0.013452327475543254	0.7391256375125388	0.8588446903274262	-0.4502654641427415	0.7574758706780668	0.12342494412591444	-0.5488115153829087	0.4781386233476284	0.6672844295964313
DTXSID5045885	-3.10413360044369	1.2178601728952467	-1.8885624458987031	2.4160303010857547	-1.2726563637435122	1.2873455814593617	-1.1778562596840378	-2.63025221904244	-2.119685347060402	-1.9024907112178608	-3.600653012764817	-0.7460507192720305	3.4476949626924385	-0.4007723827255643	0.3122209597341546	-1.3026335641935085	-1.0968869388830196	-0.543764731054507	-0.5454505087546291	0.360115145786384	0.5136691755852595	0.45302502917232795	1.126033022472968	-0.25811509465068105	0.2991492088113507	0.5914284022642248	0.24277681551210495	1.078053386536174	-0.17638502784385812	-0.3720678814998815	0.3105914892388724	-0.23016194930150502	-0.2750592715325716	0.01750774634835014	-0.8454795389249716	-0.6222565103139833	-0.42913642857802026	0.8788316009115765	0.5039708486819034	0.18874719222549285	-0.2621255344739819	0.4669844239737452	0.028015185723941342	0.38496975887784995	0.13544541009597866	0.1746316187917961	0.33861663410459847	-0.13336610178012218	0.12055824296537927	0.20692800485504292	0.3121642918515701	0.1272462647067671	0.28170001317829474	0.36232022306226397	0.03518861197530772	-0.49586447654845034	0.70438135770495	-0.11235531464676524	0.10176787858244563	-0.16899668861778547	0.6144162531993695	0.042435553899068744	-0.4929119146448671	-0.06784830985596393	0.12848239845548123	-0.529210202645937	0.5479469432678088	-0.8348438446245128	0.41852620479007513	0.448972874166442	-0.0017649710783678029	-0.4388507088518328	0.1388724913327804	-0.22349133749800346	-0.38638706448298055	-0.02175223179164794	0.18561930212852826	0.0618346638828909	-0.0636645327056454	0.08742105149119384	-0.10355889461176741	-0.08258187598738372	-0.46080036568059524	-0.5669766301973121	-0.11454380055551182	0.047188799805207536	0.33361498525123956	0.05023959745139974	0.3159570012683083	-0.07262200956811708	-0.028968797444685793	-0.09844076219261448	-0.16928347472358388	0.6241429523815697	0.011005773646019772	0.6263898495170234	-0.43433098140252163	-0.1614935478747826	0.30526448289451724	-0.24973184916861663
DTXSID5045178	4.680984725621884	5.048084911425215	-1.7425325184565423	2.4866155988063463	-5.125959834174935	0.9492615175948531	-8.302782331930336	-9.547749673253042	-5.321431073559831	-1.4697785007387936	-14.313299593785345	-1.3766448989461775	16.656812970411117	-0.14706129188374487	1.5256226668152941	-1.3250909200693093	-6.239545308394648	-0.20071157702855166	-1.9442892185658125	2.1798437691351658	1.0326127004252117	3.4380102437602593	0.5060499164811512	-2.58487067327588	3.536443671630501	1.409275911813469	0.374261613435258	0.35455677019339504	-0.8971274547934203	-1.0002220408141607	-2.010998505010145	0.30102915412267417	-0.9570227897116873	1.6323834661541055	-1.2767499245665344	-1.1754838477268135	-2.809954925152449	0.41965843883976617	-0.8290466335634389	-0.20642590644299727	0.005882510318259042	0.09089535756298998	0.2863235920919372	-0.12385161695629818	0.7462632035487768	-0.5500024966642866	0.152598600339405	-0.45181493922957233	-0.22881119069547007	0.535574007210021	0.05127240961190263	-0.8204670908447065	1.1352959686553339	0.3026819668682069	0.24832718111472898	0.27648840986767487	0.5942493885406833	0.2886551132813122	0.12118914093179595	-0.45323192665002454	0.15429639063707268	0.30221475690077926	-0.186197480489151	1.450221773869045	0.895521311241892	-1.4212656264677164	0.3900398073577486	-0.793420559800876	1.4906623869576627	-0.21835550885044314	-1.2399667775487628	-1.5044601273596314	1.9265036398761182	-0.8586348422519199	-0.3720926821948115	0.8501480692173781	1.4570057420708575	0.18749215515302337	-1.1332740904097116	1.38281024111598	1.661959893133907	-2.0522402122488077	-0.26469214307812416	0.24533437638702574	-0.12317558441392111	1.1206735757080866	0.8051574111636116	0.7478145384201096	0.329703290827979	-1.0264197572069012	-1.4660772706190486	-0.5907682283952113	0.5688722978273152	-0.21707517382471853	0.40871722759066836	0.43713346406771225	-0.47275245961254303	-0.468779997281948	-1.0000515048532241	-0.17680079463535014
DTXSID1049306	-2.9719262666898314	2.3803019907602976	-1.1960188401204659	0.624255731812001	-2.034242590101921	2.2381688429093884	2.1521067674745695	2.0657419428440376	-0.9037324490494988	-1.2115650494361538	1.118861351884631	-0.15475063340618417	0.25492159726617275	-1.2429190422917165	-1.2097168621838381	0.4908642815525877	-1.1543626471824369	-0.3944118655477483	-0.9414181569015471	0.5314004680025397	-0.7479542261455882	-0.13174410675845785	-1.070489422042486	-0.5791245746119116	0.11586300978307477	-0.08663175111511112	-0.23061822240479385	0.07569537797568454	0.6490582879045333	-0.6898980176156163	-0.01920319390751961	-0.02372848364133106	-0.707153998300836	-0.2287219769449172	0.07435572947717821	-0.3354383536150262	0.36482638219275404	0.3421186920710195	0.20958889859197433	0.03073922123670444	-0.8344039441571695	-0.07402945963376793	-0.4779798729080626	-0.5184264515420642	0.4130954368166123	0.4855801149813071	-0.2730257892514968	-0.2863621860554671	0.2334546837589774	-0.12382505937528111	0.09032858777579168	0.40089262306174367	-0.20542169604341148	-0.0006288576672259481	0.09384195767039244	-0.632905893044423	-0.07306136953784853	0.0981537254912909	0.4328423607879851	0.22550520378578717	-0.02840434469677872	0.02822190339821098	-0.04936407364906899	0.38089963705387136	0.0007265717114042055	0.5325388067531375	-0.08761744884231606	-0.7697431090784764	1.1037750619508861	0.5268489823268752	0.9687184810860905	-0.4400476448341637	0.9624155363887573	-0.052858399519363046	-0.09270999166644658	0.4250234133881514	0.9523579732022729	0.3491835078377765	0.8794232958121349	0.34900362147774006	1.114490441354754	0.17634970309795633	-0.19782667471687326	-0.7867755713489012	-0.4823241714759068	-0.46699264498307885	0.4638671037876669	0.8281174748827932	0.4838600384421351	0.7766446126364116	0.12120776375432572	0.4760025525445847	-0.4991310351101542	-0.3004619413096031	0.03129809546746188	-0.2895975900571926	0.098761651992818	0.021647579527444435	-0.14433313277994342	-0.46547422931142995
DTXSID6048967	9.61359972532475	5.235098945043855	-0.5942772411037477	3.109808313453648	0.8304836663814134	-2.1604091296794223	4.815548238264764	4.2415341815491985	5.189766452779029	-0.7168952818703836	-1.2447250975239497	-0.5358426834456544	0.9691445588036487	-1.0881280913972975	5.817660444441066	-0.8057897216829135	-3.238504294274047	-0.41821861773522956	0.15666728898558793	3.359199811270571	1.169891953050083	-1.7650032155577662	1.903854783769344	1.1886581883667235	-0.8205565309712438	-0.2685439295211591	-2.4736530672995425	0.07428449454248702	-0.4273676664659446	-0.5992521378595905	0.5651641368216777	-0.894518613236201	-2.1003324941713752	-1.18816352738602	-0.04316103191601383	-0.5105633594914829	2.022929727880529	0.1762394504197358	0.6945350582436542	-1.7661696101989495	-0.3052510846878158	-1.1620174274211856	-0.6401097045235563	0.20377362279890376	0.8964141663812699	0.5721220228156245	0.8938295304389439	1.4960254624135543	0.3912120469408572	0.7336089191208119	0.1753250657010581	1.794002222345582	0.14099504847636204	-0.032920003988529914	2.3870636138989854	-3.276557507585338	-0.2831104277667732	-0.8415131981543793	1.38958119065053	1.195005058315506	0.2252922963796417	-0.16292964467966384	-3.1030475820525836	0.14841630480672208	-1.323884967377508	-1.1450508818280378	2.834569845923414	0.2537312204407643	-0.021815591101649722	0.014277513154495856	2.7706393497998207	-1.6138925895046052	0.45922652674073444	-1.1050089554735885	0.16241039506165544	-0.013212531370314194	-0.2688634941632427	-2.655883265383403	1.6869779724984515	-0.7906588682058759	-0.21691662471424805	1.5294335916341193	-0.1884924754403304	0.032061653030318576	-0.17362016173089365	0.9737052162502906	-1.505008250067348	-0.008185061621903482	0.30995842922770067	-0.3653221844580733	-0.9947551589517809	0.11122105468451296	0.8134782641947271	-1.224847807000153	0.1725470238327541	-0.28826622411340336	0.021129862221083963	-0.15328041140062756	-0.28494180107478384	-0.13019553362547134
DTXSID0025234	12.126374877084261	6.226736582646669	-2.5523145291649216	-1.130073192645882	-2.291017939562298	4.418582435763566	-3.169482745557374	1.4650760596734693	-4.595964931870771	-2.251163437860453	-4.089279709357773	-2.325728480040037	-3.6447336713745515	-2.4525434572189555	2.04231094798691	0.05427823655782399	-0.7334898059306764	-3.3699356252151036	4.546007820931516	0.45099561512098363	-0.49297641158644284	-0.42126517256887713	0.3802882344042484	0.757168159957566	-1.1565122607135283	-3.580380927527885	1.1346891610381744	-0.8810411513475137	0.5660928615506597	2.592539703895501	1.2268492928257848	-2.47208885213639	2.186274656767348	-0.28400160727532575	1.3597183558073997	-0.23640589109214707	0.655924975598004	-0.7525488081227605	1.5774734506045758	0.5153402411638526	-0.7345749828229534	1.1941126042116155	-0.07687586212298557	1.9104416884846442	-2.3255859708980546	1.2770964816024495	-1.7761881362892942	1.267848051363657	-0.7399326641502184	0.6078257822927801	0.2595142218707658	1.1212770057864703	0.5944403618596895	2.850968896489272	1.0363580063478326	3.3436083506261642	3.3116954235706726	1.3748782392009307	-2.4533056486049025	0.8081151524769518	-3.579812951755202	-1.2876890370281022	-0.45479772698489496	2.3817053736512905	-0.23847690906778968	1.6925837470909477	0.22179974695113677	2.032641845562737	-2.4688094847039723	3.259086251503189	1.252350556151457	-1.173771258094265	0.6694982584638933	-1.2288908552648095	-0.06004501518924022	0.5280155428186705	-2.292127386167068	1.7792563101658585	-1.0600000463167416	1.0571760106112418	-0.7453569920010427	0.14583264511906788	-0.9618750572086173	-0.6139842340358092	0.6120286847553805	1.8782017939984885	1.5783982272288646	0.23247105712975266	0.2007067865752249	-1.6612449237248728	0.7529169345676867	1.4745055178800048	0.9964413988740234	-2.1974797808945024	-0.9978558877286375	-0.2139940764481325	-0.9518296637675382	0.8172061496871503	1.7284464440916978	0.38638115240862864
DTXSID5023378	-1.758522893535627	-0.46181612056516147	-3.2916185520253523	2.332107042110158	-3.283321276659683	0.13802439568875466	-4.5510882344162615	-5.0014301980985545	-3.2419987415884033	0.755973525331135	-7.0710382105204035	-1.0210890722568546	8.339808929586702	0.3944436932449184	0.022257172820553988	-1.3720838244537015	-3.1029853572919546	-0.40785223443229884	-1.160721252846972	1.1248259112342407	0.7034881095769971	1.522985327969836	1.0166080474432984	-0.8851967096645587	0.34928854063664566	0.7096998073488835	0.5005597367705307	0.4821131651280171	-0.5646597444403311	-0.6059280427154877	-0.44782622008063977	0.15655206606713015	-0.4889275054568697	0.5523319873239091	-0.8280375510507104	-1.1953993092838304	-1.6696069510390477	0.6011927834627335	-0.037326907872031745	-0.21816153468719213	-0.05047835821324057	0.3026657640690688	0.3372055550432389	0.39733461039939294	0.0012078741112759046	-0.13681232003731922	0.34557591477279764	-0.5602096072292663	-0.3172863257631144	0.30810063587506736	0.19657998111922684	-0.2889417117706294	0.5379152113605791	0.3707241195126294	-0.13313420523546507	0.09318669351774825	0.6396047567149435	0.007745376186185517	-0.27804311175299146	-0.41655559262285397	0.564871778362216	0.1449795566982552	-0.2771445826345146	0.6423329450180979	0.4279304084041077	-0.35352311311037077	0.5110194778253758	-0.33029948784798274	0.4419804038322038	-0.23035790378030682	-0.8622894697699852	-0.8411642761017846	0.8067580816924017	-0.5741831566718127	-0.12368480622315675	0.5681079833703927	0.3143202132721096	0.4477713104307522	-0.3809923245011409	0.6468866257215591	1.1258141258556607	-0.28482534880521876	0.3773357029358853	0.4771881270843079	-0.27594011916163985	0.27769894480641355	0.17875196462816706	-0.1804733543577618	0.3143076059286132	-0.6385472598337906	-0.6579952549278922	0.14599217850491078	0.8524311076453183	-0.3409999949389037	0.6328257650549347	-0.11365709950615949	-1.2750061011297649	-0.7993337045288784	-0.19170672807454722	-0.12065232518016662
DTXSID7028015	3.7743086281206106	-2.0935339048031008	0.5820348268350293	-3.1868517104244454	0.6834216506836897	-2.865884807518531	-1.7908457371779578	1.1386999205883352	-1.0400642869780048	-2.734887647879751	-1.2641349777559203	0.20825632530019525	-2.3846258887653096	3.169410371311682	-0.32519056171866734	-0.20183052741526275	0.719363886251329	-0.4877149324355342	1.4369346197932593	-1.2984531937919543	0.10186562326536579	0.07880066610135805	-0.02951255610533919	-0.7011192109178741	0.7878623537040917	0.1570774919860759	-0.43426523357801333	-0.03061918553755289	0.1458955079326047	-1.5907055489460253	-1.201524878086997	1.618563787558331	-0.09563162183733569	0.46312007877430267	-0.4545850742485373	-0.3867410099762539	-0.15272072228201453	0.6868605167965399	-1.3811312087013088	-1.7554460649530876	0.4642824901813482	-0.6382494248325199	0.3725543622802685	-0.05475791360103113	-0.16511632344711433	0.04074175321539066	0.010520415677526563	-0.26668003658933537	0.0015077460569338402	-0.21803322424915736	-0.16955545632582514	-0.41420367174939193	0.4308036105983279	-0.6171135371036847	-0.2847034050379295	0.08959067233178726	-0.4563178089058931	0.3320733273130328	0.1720766027288832	-0.09700027123641938	-0.7068964027684629	0.39115208371493104	0.9576158569515922	-0.17515641888743608	-0.6904032214929716	-1.635206368849412	-0.29083861535580025	0.07450901220647596	0.5846198823069108	0.5429765636781793	-0.04956007667707226	-0.22092584786537361	1.9342593415784763	-0.6472830264765657	-1.137178763474704	-0.025807462894948	-0.8753337943649462	-0.8781703923661184	-0.273481374748265	0.6771143748218315	-0.7382677942358916	0.5392905974511387	1.311429117946063	0.39855959401688335	-0.4869012411601063	0.3307692514032605	0.10452708862746912	-1.0990560380258136	0.5387924331993084	-0.17086325884362524	-0.3491494722536342	-0.9515721566993063	-0.8685279057265395	-0.04736805471452897	-0.9689412464091638	-0.21129860505219727	-0.1877915034772891	0.15671624474215723	0.7741558584766064	-0.10042555308526048
DTXSID1047605	0.15522505203182654	4.495459240958779	0.8938937477553373	0.489781882861566	-0.5169627552375887	-1.3176265927122632	-2.1588640626611593	-0.2097007180837588	1.2739827888169168	-2.0161726383961605	1.0380054835954582	-0.36836101219749995	-1.7696841566184691	0.6601960913790323	-0.9055676300593124	0.5256145541412276	0.5610741819956012	-0.3327249480059247	-0.20947116041802474	-0.7478791667691161	0.17029183448218943	-0.26613146495210543	0.4860234408056584	0.23664574870100347	-0.018512575729773377	0.7044031351015833	-0.4228361392451122	0.14645222487990633	-0.09817854504213122	-0.5645442167185775	-0.8750274919795659	-0.08706864838606457	-1.3991092728559003	-0.4032170422866432	0.2285161735001822	-0.6596006963063813	0.08198243104709844	0.26406191345819174	0.012864307173369312	0.5806338337745363	-0.3232722306984749	0.19488259530611846	0.28805802872727754	0.7187710466344742	-0.4932967248210804	-0.2698478411174857	0.1951231699036589	-0.6112344248636101	-0.14899726161606483	0.25112326928392137	0.20764554436684113	0.10450781745572384	0.3847939980191121	-0.478431602889696	-0.18303940847286873	-0.6814297239894613	-0.13196255811133106	-0.21713973775986836	0.15798721950416378	-0.595994801208477	0.5235462507895259	0.2633173926870132	-0.3589982894762755	0.8385701455320669	0.4533749310599494	-0.1585763516461809	0.56459250314094	-0.7261061170684345	0.32640092293015865	-0.1564372915881967	0.14132631140454796	-0.825597659602147	0.6877887443198268	0.5966271369106289	-0.260173371418075	0.36583577386152516	0.12119106350196558	0.12447315935087605	-0.08616319287931642	0.05988690821362033	0.5711392128167372	0.19639451437890168	0.42228374317634504	-0.20171487316054648	-0.10314415181536182	0.049210063066633156	-0.1430053788790625	-0.5764941865379053	-0.13824209200850326	-0.08679754526213664	-0.24542004813296642	-0.19936290537020102	0.17260267983213212	-0.11985179410288618	0.28468181492979905	0.017179146704616687	-0.2180296806330864	0.16840042155054966	-0.43029558195175166	-0.06741085547287655
DTXSID5023744	4.4208028706530405	3.946443724203755	-3.466860673576221	0.8806362327772878	1.1483832997880672	0.7509925164933676	-1.6133658912502147	-1.5097493474905543	-0.10430981841169988	1.363739318149446	-4.796217642502754	-0.7718291387064783	4.0098604508542115	0.035858952066670974	0.2254257271303905	-2.1022093614826973	1.1141705527374706	1.0998503520267204	-2.1233202040502843	-0.7549892053230732	1.9751663515168647	0.08203100351714965	0.26131901047470446	0.3832990035359654	2.049916761665714	0.8963623907254302	0.35600549884125104	-0.6890475878269506	-1.0145379954043596	-0.2072317409701552	-2.861276941882912	0.12735078857290505	-0.5338003882018214	-0.18723727481866648	1.6297439854043891	-0.0034974505095346493	-1.4216815960154128	0.17824031388891556	0.40662274220639943	-0.0277522929910591	0.17433936202401157	0.9467294291337099	0.3868914057503279	0.2276537359180225	0.5293298994179091	-0.625514537285471	-0.7079398371138134	-0.13938222615196835	-0.3342179967248561	0.2828202495597757	0.2792627081022778	-0.568315780049704	1.053669735674182	0.07383336722800928	-1.0533316757074602	-0.2387216105793223	0.18348390508002463	-0.6363504200205589	1.1428639966462077	-0.5641904257781187	-0.35935942495141854	-0.19169930387230766	0.36206871372107735	0.20003311073243146	0.498819599879311	-0.450214096549921	0.5515012954258114	1.0108206768412318	0.7638998748729876	0.3643349297673813	-0.32362799129179387	1.120264239975567	-0.3719715406111504	0.3297052802724322	0.46236015184569174	-0.7839630982044156	0.08898720977376261	-0.6502291621686394	-0.24850027793951177	0.24701922841048152	-0.7917680279346496	0.6054173869867119	0.18066875967020773	0.23943871127466834	-1.1475826247674317	-0.7828141691129591	-0.21384698636993998	-0.45230697228553435	-0.4215197232775277	-0.2939249012505157	-0.633215881931572	1.7426815817999912	0.5169591990283674	0.3393382594060592	-0.056994862874961916	0.16728629064532408	-0.24862540295690583	-0.10344456755787404	0.03400148322213253	-0.722941314766387
DTXSID60380390	2.867309609304333	-2.116805675597366	-5.481322332004479	-11.21596714954755	2.88765311441155	10.432101697530731	1.0634331476277261	-4.892025232681298	7.269689826869394	-0.3055187008380943	2.210499868107769	-0.8243052705618266	2.025153700937178	5.006936872969992	-0.06812823438634905	1.9260985491528293	-1.2240865896476438	0.24340048430721997	1.8214892284753805	-0.7752678819039971	-1.2245611595366062	0.820496011408833	1.0851661445747547	-0.46546022983648916	0.7789569611269029	0.3577585812985431	-0.5090299256246463	-0.3895127540144417	0.25787597992843203	-0.2585941779932996	0.5988873626994151	-1.0076949133413935	-0.7761371510528268	0.31558496472913045	-0.037110813539254744	-0.178837613463242	1.0330294635705863	0.10182015396554069	0.34750274198580966	0.6132695560530943	0.31491268243196907	0.3701175108480673	-0.29248613759869185	-0.3539831506869807	-0.34762206893409076	0.2396589126287373	-0.25737776271157314	0.25834282331912467	0.05477816848371538	0.32809503670413176	0.12132152477788223	0.3183288210376737	-0.4964026720959174	0.012795777679740765	0.36127410915444663	0.1723445623521071	0.4554909891739342	0.3613404684557172	-0.5762031700970662	0.08690286041760703	0.20492883882615512	0.5064229007897738	-0.06792491153118246	-0.7515220125562732	-0.03820072231005307	0.06974156152679557	0.4405493538595285	-0.6575292725405069	0.06989720729269695	-0.3087501295571312	-0.8074589238354999	0.0764083753157819	-0.612081249431237	-0.16875631616929085	-0.3779066306855464	-0.1092987125000995	-0.2771763352411856	0.6616194840781194	0.5574738199672064	0.7084070786853638	1.0677741734628026	-0.14599230905016738	0.45530951062376096	0.10755064750891867	0.16505092510105776	0.49956413599993105	-0.2239607340452775	1.1597731061539118	0.7995134740173541	0.20183907791541422	1.2287477454360791	-1.524733150243625	0.5526195609432323	0.5452530542604103	0.4389930378550398	-0.9650866283132158	0.6355306050109671	0.4832198936085053	-0.5066761953391377	-0.48755736338405486
DTXSID9044407	-3.5433583189547577	0.00680824159145284	-1.9854748035973724	2.767460862508142	1.8544530573075573	-1.1754079108674333	-0.9284243031003931	0.4892067791412879	1.2425834389810262	4.518821626788043	-0.8055705241515905	-1.3118131198294665	-0.33162690427283326	2.055877862173709	-1.5329919231042781	-2.78318793410497	0.35482053832391286	-0.4665647049320026	0.1360348100901824	0.3058204143093911	-1.0938698949455647	-0.10211496769928231	1.1876792420720095	0.6703752955497112	-1.3134057339839427	-0.2195490645091135	-1.045656144995859	-2.0323896453027785	-1.1140630042003135	0.008964452422703433	-0.150436765430907	0.17701635031309715	-1.5897087248005608	2.5919656292777704	0.617639337320202	-1.1145655168299564	-1.7881659143647415	-0.3158779102064634	1.5070375443271729	-0.32674670457980953	1.449661492856992	-1.2581540912803557	-1.5283449198513344	0.9224622359699148	-1.19113885899832	-0.13499751165997417	-0.5056058344179493	1.005080090200022	0.17068713953350512	1.1131067628079219	0.5198075293554649	0.9725974229883019	0.3248690726092048	0.47739166089400076	0.549281364636092	0.5837637177972073	-0.24886787704848765	0.7792786509693325	0.8174850627081249	-1.045118155062989	0.4669438558985428	1.8959861368828257	0.9364385127991712	0.036558694073084215	-0.9362907828514065	0.3689687251837544	-1.074014118147849	0.015120907439337765	-1.1484299638995306	0.42754195976508963	-0.7019227392750712	1.3739150334434334	-0.9771107780969911	0.04202069481666055	0.5895015431475628	0.46620644187820964	0.5585335635733154	-0.17195912148274775	-0.012684624366274745	0.5785082586150092	-0.054136020020564446	0.2373823003201317	-0.5497787044587589	-1.2159176444008555	0.6174697950208304	-0.3138420699706267	1.0950427193741143	0.14447100723090708	-0.4183229620486911	0.21790555457632793	0.029636082801116747	-0.11616948686995257	-0.48210411967211697	0.1878660595867776	-0.06867122322563667	-0.19025450324952603	0.04662975134765813	-0.06659043034472616	-0.011892517014389004	0.21450138093495622
DTXSID5045413	4.254492196116033	4.191038971740522	2.2866367479799616	-0.5302386121416834	-3.6019533176473013	-0.39180504374431213	1.3794929519833643	2.3959201792217186	2.597659248945412	-0.3825084981901168	0.6574701311694697	0.4282306431486235	-0.7427509878331995	-1.107478085146776	3.4747432578562347	-0.8862059062350002	-1.9954367604915082	-1.056029061350581	-0.21023528816576134	3.5261076455614777	2.824753614667144	-1.0212853262488422	2.762414936307725	1.4270247575483976	-1.3797353832461523	0.610000219108844	-1.2802904997823257	-0.7161153749453338	-1.0617448071147897	-0.7006179460412852	-0.5355930541990176	0.1428890992665041	-0.8345337706409591	-0.3896816748532778	0.8010787002337577	0.464588692785209	1.678908970859403	-0.399887990544451	-0.9152146682630371	-2.0458317244758777	0.7658137269903511	0.24016127697514664	-0.397302959851493	0.7200021056106829	-0.10130003716285708	-0.17742788617265845	0.7940300450212077	-0.8525089294640601	-0.2870301491973199	-0.3690350841227419	0.09084293101391376	0.5233576737437717	-0.018161923621658787	-0.15726595275908942	0.2158054247966543	-1.7796280689241653	-0.1286784036149603	0.13910784658582567	-0.2888253342083221	0.7221572331489956	-0.22648816745215722	2.0833068386096665	-1.5058174384698206	0.4142774227667434	-1.0355134255962153	-0.247597282390254	0.9975191751885971	1.3271687545300248	0.40382479776725305	-1.6640294742306045	1.195480233533733	-0.004852178706053209	0.9314673052459038	-2.193271472964745	-1.1062795640810614	0.6483705426868399	0.1260590791692172	-0.6332855681611719	0.9841319696933895	1.084610956740179	0.8162694556388899	0.5455831859131881	-0.40302509947184106	1.584336229067706	0.06023254241194808	0.7725630705120538	-0.9857079843394054	-0.11395240009234853	-0.25526803607070664	-0.04610964778819418	-1.3939197707191804	-0.6246765095158698	0.035376919295991634	-0.5525319612328183	0.08896902530004783	-0.06880147338097851	0.602210683281984	0.20354146870509937	-0.09022504453843595	-0.357656973782162
DTXSID0022721	9.552418195538952	-0.6548613456937254	9.815598011197176	2.11637144853947	-0.9219180940512696	0.29696063301292214	1.9572786001527829	-2.3263312460317995	0.48032191483927006	3.4053980973903033	0.3370995086087791	-0.005752580583905923	1.5915110780652217	-1.2459900743229217	0.6023804876638091	-0.8304786292424472	1.3237747974761107	0.7030178027830623	0.4053963834157723	-1.9027899468458096	-0.5506219497626074	-0.7022744720552866	0.6622503852395769	0.9557471001172992	-1.2771458748631208	-0.7930904215333423	-0.6456522618142748	0.0831865653008233	0.38496294391972524	-0.39792702506722605	-0.36934227601411557	-0.19550244979766174	0.13318178124609387	-0.4270663851001633	-1.5252743236478545	0.37370812436416617	0.12753884602117319	-0.7768615666347539	-0.5755789758103171	-0.33614042010511797	0.3499750085210359	0.008197571765714586	0.45090972603862034	0.5679488310287603	0.36718276695644303	-0.8097969496154184	-1.0042035593554273	-0.4759132151684335	0.1707429294972693	0.13887748757798576	-0.07396276025985397	-0.7171461120252889	0.19088678232774722	-0.013139599954403891	-0.4083945708101546	0.3618612894246726	0.36490257991700786	-0.2962249477035559	0.505880576291857	0.7569334362759427	-0.6378550027037899	0.16889550856711186	-0.1749171172122117	-0.22454768543453346	-0.7711874769913535	-0.033686903229116494	1.0438633401596995	-0.6173512395607071	-0.007678121254841432	-1.7044860593573654	-0.09531275174422543	-0.8661910308775718	-0.6625592872097857	0.9904767038721152	0.6097846998308278	-1.0659057915931638	1.1299641569145642	-0.12867929125857272	0.31379445557111846	-0.4011229033259935	-0.5486093981582039	-0.02743514703818843	-0.5032892404516475	-0.06916837953342157	0.14317990674011924	0.7507347632786119	0.25115593528166175	-0.07326656949802764	-0.2373488499011321	-0.3495180988589114	-0.4498039017002089	-0.5044759413407491	0.17688032340449597	0.31866924941905644	0.5407463060786206	-0.018303970128808637	-0.47761472015213824	-0.7136084557995701	-1.3861945849836652	0.23066058186770544
DTXSID7045942	7.649766662005917	-0.17168448814571832	4.747511264972419	-8.743726599185154	-1.9680662980340722	-5.535180050567709	1.4546289990277304	0.896613818594571	-0.30497984700001163	0.5632905931985065	-1.0464040671327923	2.9255940638945055	-0.21306181491523526	-1.630265112851739	-0.9658550127107496	0.41591421105895754	0.7365044534594828	7.937813494840164	2.128491128074621	6.264416777565839	-1.1281990063567424	3.2080222244116774	3.0609053069649375	0.8020769428765461	-4.533260381891259	0.935658461915895	-0.4816820235873974	2.4501792615563756	-1.58916039150841	-0.4694716773056426	0.35023884533124244	0.7175742055898185	0.864587722362831	1.005748822656058	0.5362191473988773	-1.4656584022572474	-2.678771395580145	0.659257964910683	-0.9368757423963763	2.8498945162938902	-0.2588678268683596	1.1460561823899698	1.2626954712800815	-1.1848113925520511	0.7941572429966673	-0.22616683549354974	-0.37885605037801295	-0.21783694087438701	0.11253156501397865	-0.9210474152911108	0.02075691180823204	-0.11344625006631225	0.4506731105283411	-0.10760001342542073	-1.149781566413686	0.826847588256552	0.24098507222631851	1.2170907361518424	-0.5025849448127555	-1.616024351221815	1.3965654382033934	-2.542354173413377	-0.9089714765634332	-0.8406658292325413	2.015725573865053	1.4133929284488538	-1.1458234533173985	-1.1552543151854509	0.8125107506381336	0.05164088452801651	0.5335848283003413	-0.6167294404280738	-0.18024770374556048	2.043872351471962	0.7468286430528192	-0.6712620339781498	0.6486295608117243	0.16101116218662986	-2.1407916762730546	-0.2755376976060138	-0.49669821148491305	0.6221778110883682	-0.10690666441667006	-1.2146630532305136	0.6942582734993047	-2.191877920636973	1.299771159741886	-0.5974746677466811	-0.12160922201490094	0.594760516983556	0.22111131495629144	0.40187288217939293	-0.8212436321168237	-0.3857101361452033	-0.5241816879577725	1.2517510233313265	0.33451511855124766	1.093904885469178	0.38272999941820757	-0.7327837595156727
DTXSID8029606	-6.570780012373282	-2.622480473302255	1.3251929056097584	0.10370832150794776	0.7071062612348858	-0.10041232228487687	-1.2777010368606043	-0.8009174253635403	0.3421496857860941	-0.7229439290198193	-0.3303661036783666	-0.18929686941337664	-0.10974666515473365	-0.11267190163939383	-0.6641236645145527	0.20218730697774157	0.14642431688343854	-0.3461597988857776	-0.4613760649770739	-0.4979748408366138	-0.1643277331694924	-0.3367665650290917	1.9449082537307045	-0.35266144083467166	0.16065567396102445	-0.22152647013811913	-0.32579333532708865	0.154238209426227	-0.21482140392834495	-0.21005979740646766	0.04835920742827665	0.6925900492093348	0.6364441466433689	-0.03193855589738507	-0.5754596478534398	-0.9855516410275675	2.110728268493352	-1.7903330789123078	0.2551754862910596	0.09082731572946436	-1.6408278593333403	0.1177792407239012	0.6786097977470635	1.7920700281241608	2.6565371817836856	-0.48528472753894897	-2.3821581625046995	1.4097201612834254	1.0946726248034782	-0.7318945628985987	-0.22141660019558013	0.8935092904936194	-1.33321531934349	-0.03945332726065197	0.11211699006083906	-0.29823246891053906	-1.7724032049558842	0.9814382249142195	0.6697904539983411	-0.06869961117601646	-0.7068964269415933	-0.24483549498445326	0.2991414651021956	0.24130528280781688	0.7838522232660288	0.3986526640851155	-0.6661570598716995	0.26849448799937625	0.03594459827343203	-0.3413608429115807	-0.0882535137760455	0.2659955737711638	-0.2914252254616161	0.2897857841289622	0.42641470369510504	0.2071422871708291	0.0751042512556271	-0.14827557843434114	0.05625175371957575	-0.46702253967761237	-0.450752371530909	0.22820713209094332	-0.21471782289706118	0.25186649462492156	0.30233623910977386	-0.01872868659850541	-0.2949599866747287	-0.4517561234439234	0.100844475807331	-0.04177720938879588	-0.025558242380543314	-0.385279890358278	-0.41870947250339663	-0.3176189371025205	-0.04024413906042829	-0.30010970948296295	-0.0022947156003122107	-0.1629570135733008	0.04585406414298602	0.009312449927083815
DTXSID8023713	3.143864400004481	-0.14814461262201972	-2.085754190301799	0.9333621458871311	-0.8625611889307153	-2.6419705008083523	-0.8474448329953843	2.8148087057350417	-0.49528784299839274	-3.274575562290728	-3.8153204505562432	1.844368973487899	-0.20305841600909735	6.352516943925084	2.747961456981993	-0.961993480941484	-1.4244732071000072	1.246840016731004	2.2995354435374513	1.046830636068796	1.6310140447768184	-1.3817107401653408	-4.625739677912686	1.9560597215317865	0.4830795543559441	1.5619338383309669	3.2577006580758776	3.468933509457461	3.0015473463019977	2.883382268774323	3.3025105277363083	-1.4323393749527686	5.551850550832496	2.787621381475993	-1.770169497716866	0.832345182736591	-1.8553012643706999	1.3404560819384168	1.899375033150644	2.938613841592853	-0.8684554873198381	0.18487540440786365	-4.4694317313764875	0.805842168182467	-0.11652062466147446	-0.47701404199023506	-5.937543918824233	0.6602899755187814	-3.8785876595067523	8.045557052178092	-1.1927148345832594	-1.5160793740510652	-1.7414289547750799	-3.7856474673127978	-0.5717100814326185	2.121064034727372	-4.9876424111515565	-3.9372713568388042	-0.033657813848733356	-1.9157080377585944	-3.4663871654174945	5.706690052430395	-5.179713131104264	-3.1040320422421446	-1.0316405559056376	4.426421026013992	-0.5397897941496794	2.503573088882422	1.1613450508591918	-0.8430336220889495	0.4251440675667707	-2.1511419651225676	1.567092778467352	-2.469224260893423	1.1771723878440032	0.48219013365677343	-0.2294656190024856	0.9946566923087212	-2.7854869645146687	-1.6732535003488078	3.207035037610679	1.3744571882446006	1.0475558351855356	-0.6989482172911293	0.06635830286153345	0.8235273787248609	-0.4885828592749342	1.1628355807649473	-1.0167217175386385	1.052652045426232	1.1924391405241797	1.4001824965961533	0.47640446257799035	0.45649518799982847	0.7958743194580975	1.0669899593105432	-0.566981091025141	0.14611939954861286	-0.7920095680202982	0.3173039909241981
DTXSID1022681	5.357212408006772	6.206759262943812	-0.395216836095962	1.192466801574688	0.8148171820328637	-2.5030984970733954	-1.7613414427467033	-0.25739121503869034	-0.8568678760822326	-3.8799502812208404	-0.12228182755416862	0.2900615209901959	-1.0960478074024433	2.0645510377723824	-1.5142014132439885	0.5977897375778813	-0.7779726652403758	-0.7260494045023956	0.9281595380377103	1.0104110427270871	-1.4275154635627603	-0.28356307511837386	-0.15103378551212265	-0.21924739593792147	1.2463766856259422	-1.646797065462967	-1.2872118857294719	-0.4905911941575109	0.9205509620353729	-0.9386287118581061	0.5406500149422571	-1.785097406495748	-0.5668760686978391	0.19458222998059987	1.074367105200623	-1.0482670430582477	0.9990875908568394	-0.5062236770613989	-1.3329711147460077	-0.24081854269401254	0.9191500845375696	-0.42679122375350925	0.9306898831085626	0.652289541656508	-0.9285697156697705	-0.1251816485231007	-0.5747491522030963	-0.20516565849732363	0.07717875173079941	0.4603946867538427	-0.05684234798471425	-0.7087127265192914	-0.1253278978779608	-0.6549595518627128	-0.3896655583310713	0.06231755749333527	0.20169930278495762	-0.6289173725987917	0.2822164248467475	-0.44815914248790995	-1.3492285761585177	0.1735408954156749	0.7057025164258742	-0.26266214045729	-0.21092240250347222	0.13386346069605146	-0.4987053660292731	0.11980859455702818	-0.7490534982057957	-0.9593059564340046	1.0765108592746493	-0.6712670154911179	-0.244811949188755	0.8116348329202479	-1.2865826488688183	0.0771407097814558	-1.0286079637698724	0.39991441963486324	-0.16628523535538836	-0.407284269040883	-0.2431705759508889	0.08948687629121317	0.4736308006465569	0.38405669781383833	0.3281468036216806	0.8092138680706146	0.5939535529874889	-0.4165145593506014	-0.650824171853677	-0.8111035067453565	0.5944082562465706	-0.5111411642121026	0.3686572668877579	-1.08479904855429	-0.29350455588161756	-1.07527631034949	-0.23698325514029137	-0.3472153919842557	0.2315141035226753	0.6118719729720695
DTXSID4047389	13.447143250112365	3.5913533745768684	-2.371462109132281	-0.8168098027926287	-0.6221599622171786	-1.7112541798390626	-1.4867104759010357	-1.653519317714711	-2.412107419794918	0.6167361564013534	-5.585497473607773	-0.18950462085618042	3.6014296175729266	2.0890687856576613	0.541225450054809	-0.7469237473586219	0.04588265673938494	0.23979305572295476	-0.6752306884466626	-0.9796591510129573	2.5231372364044438	0.17874951154416427	0.060282490011084364	0.20043129513216623	0.7617987112315597	1.701523537854463	1.175846053734358	1.4392941923474194	0.01107257782967465	-0.9833811805044792	-1.8992020832889733	-0.2680685291421921	-0.28680606899422134	-1.3412675356437695	0.660898743252467	-0.34196027593071454	0.17696139422215976	-0.4704121421261454	0.06674541770044423	-0.24679200179372068	1.3774116003731707	1.5578532894640404	0.9471254269144809	1.3727974769315927	-0.08505266322293636	0.005047304294259293	-0.8271553847608344	0.6535607437709927	-0.2777629827927599	0.5421033325430262	0.12462126107345255	-0.09880504332084153	1.1990300141483183	0.6056647423370114	-0.6843816131798749	-0.6834383126541409	0.8712080312532677	-0.4283164681837398	0.32807099279169927	-0.30330464708023924	-1.0890945449618077	0.04738405506597665	0.0016543074868602184	0.34828654579517343	-0.3383349354338144	-1.1697044333380635	1.2025937606294528	-0.23384394957144036	-0.5911301096482966	0.14123172850958174	-0.02732598151244746	-0.061241866954556606	-1.2280207711056417	0.7225326644753288	-0.7851365557577634	1.5488960109976275	-1.0500813369747035	-0.03422223199009565	-0.5680320471810003	-1.6135946135677848	-0.0310584462063543	0.13211143729525024	-0.19425183162783471	0.5805056288969667	0.42017207115346095	-0.3929572910207965	0.5515589404733637	-0.42123185983474754	-1.8259371633505381	-0.3067926397972411	-0.5890392013129123	0.5044035429259367	-1.0263510491606005	-1.6414509997081612	0.8982823452998396	-0.8052670815509212	-0.0644499949877272	-0.42256075792629916	-0.12565432269695379	0.14032310652359808
DTXSID7024956	-0.20845168288079596	1.452836298322206	1.8066589282980834	-0.5358937668197871	-1.4284053478781547	-1.5678427688368892	0.3665109979193917	0.11900627631407873	1.9947481662693316	2.839514363910179	0.5165804836086104	-0.5007714564957814	0.4972534587035078	0.24887810253336168	0.9182999695068241	0.9275472723858992	-0.4049961098289818	0.9678509992726549	0.5687907795730697	-1.0606886438790941	0.7004086395589662	0.1964033574383585	0.056824397556364585	-1.1728969538804257	1.5306225451049094	-0.5642694364029931	0.8895899935025104	-0.30236798206735604	0.6188569196443344	-0.29498577940339754	0.10040553763306705	0.7900491085726443	0.8189694853832984	-0.3561253978298127	-0.7503441712782415	0.8345134145879586	-0.582327839544098	0.25073780331157164	-0.8851422195263002	-1.6448771861907965	1.1907088627452243	0.4200816375896619	-0.13293130152388838	-0.012197534489486043	0.5200601905973357	0.853837152253071	0.3607301309699621	0.5830346205708918	-0.009247069940439332	-0.156757956611283	-0.1245415693889362	-0.027764693408227698	0.2689930981790251	0.4386377944186265	0.07078841317189755	-0.7263828018635945	0.03409306188112819	0.09081612368659063	-0.39735974888301256	0.8445909510778201	-0.9563705064267711	-0.2618586108438961	0.25766307249422665	-0.7594294372545236	-0.7840635079731731	-0.8980203361477996	-0.6801488647796949	0.9813300904251614	0.3032980508898692	0.9565234526532432	-0.7678482040853718	0.23150403643389114	1.4016730733490095	-0.16900952523298254	-0.21540077578296113	1.4790938281960806	-0.34297508416386574	-0.4186851151218697	-0.805095773150607	0.5654803548322679	-0.4251128364737607	-0.9979911638251322	1.011988796308545	0.07092143485323874	0.31264266964544407	0.4431227582698011	0.8001163734468665	-0.15205815279176343	-0.7221730501383398	0.7109354090477075	1.2622841627408838	-0.5400667936089503	-0.7371534093388383	-0.21251173990081182	-0.6609226601542332	0.5871252507344858	-0.5518222397137862	-0.32481452538513056	0.5322930238049349	0.09290450249603785
DTXSID2022543	-4.4136628481094204	0.6710293052565834	-0.6535541516476578	1.4432320541554282	1.450356868183531	-0.68488676873329	-1.1879757524342043	0.5804379109397629	2.0242696700780543	0.20841495415191497	-0.21368879952884193	-0.7884933397244291	-0.24364608576024643	-0.009575214896587922	0.17076992730909113	0.545083486002634	0.13166352939717757	0.43690126731424034	-0.2949821504150968	-0.3244634969259502	0.2071448367433981	-0.018614086410289974	0.6589661041795076	0.24851449326314384	0.27683332162269686	0.11366239773792573	0.7168680937855381	0.03418840134214304	-0.16809520332830197	0.5283683049496416	-0.5121341962639308	-0.7765185632237489	-0.4806244215853176	-0.6845148662255421	0.6689969302340351	0.5307348263496441	-0.5361965249623557	-0.31895382065310374	0.24170458767505848	0.2554962377053157	-0.062421901703799514	0.6922360858174629	-0.13125341264190038	0.7401185242192592	0.6618251560445717	-0.4283676847587872	0.3328833672361935	-0.4359663323431197	0.037727540384780246	0.4952000171784477	0.3581842214561534	0.01615768724250293	0.569863114725071	0.15165240132972502	-0.6388293817600474	-0.18503849895991475	0.006454781781672083	-0.06857411614047378	0.44427880344713466	0.7598941100405339	-0.23987538349525775	-0.3092074615207713	0.3316656724583796	0.005417877600442443	0.02843645016973269	0.4404244150637377	-0.07292067314666571	-0.1685317780110195	0.5244158522697071	0.6353692017310986	-0.6257238577303044	0.9012451553316563	0.07456163973267267	0.2888620566611856	-0.1007776202520472	-0.3262909518309357	-0.5544600037741537	0.03569676355131832	0.03658384295236339	-0.42086427539344273	0.3342091593498949	-0.6071039997808716	0.8535434117354882	-0.011195170344205871	-0.5599289291505802	-0.04345414486627689	0.15305933318916976	-0.32574758349191135	-0.3400172208821257	0.18734109701230492	0.2341390646328997	-0.2554597912548851	0.1374412869366708	0.021109214304960867	0.09734773179846183	-0.022990874251496856	-0.1828660350559398	-0.10604469024418348	-0.05100434611554752	-0.38740104688467825
DTXSID20179883	4.9287937314888755	-2.215264002557878	-6.000724087830515	-12.505078364759678	3.3079330606786383	11.131337343974979	0.7488542408007259	-4.700561028066629	8.079930412234718	0.09650434627947138	3.644169912141467	-0.8099102910901987	3.5014344897374112	6.187152365980555	-0.08386813669450693	2.32978451223071	-2.451001389963884	0.21306604420829867	2.6420129227167246	-1.2202381805689384	-1.9153647773841147	1.2389444409408457	1.7366056496084246	-0.4440276156655057	0.10958679081613067	0.11006553126511216	-1.0199494639282531	-0.8783870836118476	0.41188444757176346	-0.4704812483353382	0.41297333044495316	-1.3281215393579595	-0.9033107438856979	0.4166014523196974	-0.4053983328648184	0.27977386484680516	0.5161013844928637	0.7051581209584272	0.17908466243222493	0.45121842768857356	0.5188731481305441	0.15404801696734474	-0.26786396426329095	0.2522307961674719	-0.26530283971261964	0.6506829401642958	-0.5871100575256561	0.05811880436498265	-0.3615855278548519	0.3834206465429459	0.11759599175175163	0.2811766949153978	-0.394164407028327	0.21958695649370769	0.08063704620834364	0.35562198258003613	0.7222845976805506	0.8319652204314034	-0.8631052741683881	0.18971063423133872	0.24535729696126932	1.0233726988947633	-0.34553000343805507	-0.6279132844644705	-0.20068969123950758	-0.2985576467298989	0.31712637518173953	-0.32254811556004115	-0.03244762721098239	-0.6947809279690339	-0.9317974901481647	0.10048861576380516	-0.5519992048013432	0.47908864334843415	0.3126785545173042	-0.3365632204359891	-0.3076872048052634	0.25172736322052214	0.7003935319409966	-0.3563098997389816	-0.02436359941294699	0.4260934887337968	0.4182829250046324	0.5036292968896362	-0.08157736376347532	0.10892521788750639	-0.35507730185669095	-0.04347149870894325	0.3546502896552021	0.045818945310608934	0.6658741700241553	-0.18614584486631672	1.0159454398635954	-0.08600061413868025	0.5836391391437956	-0.37103749804350666	-0.5459612293824897	0.0025933323061036865	0.5204551136791106	-0.27690011176219165
DTXSID9021978	-5.628853930641153	-3.13069871329411	2.1205939312726163	0.0396341697235253	0.5505109276819613	-0.2502250671214147	-0.5413788029749546	-0.6228258852067906	0.12739242262264078	-0.7668060682088164	-0.7109607331597246	-0.14765018865087068	0.09226158320706634	0.23390855546005612	0.13345038090955882	-0.16078564300846626	0.6471383625189965	-0.14923893438694902	-0.08491482877775744	-1.1281165335241354	-0.2699625609499504	-0.38620978324762006	2.2655293578910003	-0.20187180765092058	-0.01342206090197804	0.3373772861946888	-0.04355897588823662	-0.08361421020098207	-0.07450206160086435	-0.6148529367961939	-0.0456671405176439	0.5431684625253782	0.12234680963129316	-0.14595403948898666	-0.16911533773879994	-0.7817294983709441	1.7242391941609037	-0.6626325375976903	0.22288753536269726	-0.06359003917915441	-1.4674757656932254	0.49788076421350785	0.2743927727163175	1.451847702506409	2.3181083554150397	0.017145126110436015	-1.9658919599824114	1.6048441865512921	1.0860466071174721	-0.9894317042943495	-0.14911159330202717	1.4157757487795588	-1.3883516110106846	-0.037383766124889306	-0.11455717479743499	-0.8033454943089159	-1.7004905346289865	1.3596877836148102	0.2539890478168168	-0.3294586809271924	-0.5327108570549824	-0.5513076790630642	0.24615849991020733	-0.9517746296330536	1.0448468718644797	0.2838735198472137	-1.4263212453492886	0.9539090543752492	-0.05981225186639909	0.2715181646325596	-0.16936541966396204	0.2075988588236983	0.5564428800630756	-0.3501726053590078	-0.21912798828513524	0.7134713121890705	0.06037522752140102	-0.44125145170469393	-0.06002044803763669	-0.3512941212328456	-0.7554761077101496	-0.030926064191239333	0.05882495344043272	0.261542561072367	-0.15952109660861838	-0.013592217029539732	-0.04230873288692088	-0.15067041009300186	-0.1872089503217569	-0.2824998617651177	-0.46971579804341757	-0.20413086079523232	0.13621494733397485	0.31912128782748234	-0.4226564325512723	0.03725855010685952	-0.062282817551773	0.17229279474962766	0.030916512809392255	-0.21504232596674944
DTXSID3048813	6.938485723651103	4.110389023024299	-4.001462170821605	3.2612208945831793	-1.8228908970686093	-3.3757302257496553	1.7925407829921354	-0.4683642607566551	-2.6208482471636816	-2.8635853159443982	-1.2574156428271	-0.3250399043545556	1.1859071850710956	3.0896807475157497	-0.790269266972928	2.8945712255628266	-2.196855085066726	1.9085952548536214	4.293689570733383	-1.7654253235554969	1.9809874242844332	-0.6539123326871265	-2.010676616390527	1.897099874583346	-0.6189138698104071	-0.8365169862723788	2.128218498720088	-0.5323405850139548	0.3025346504291436	0.817165825658831	1.9679969379822198	-1.9834482521499992	1.5995507723266305	1.59988350905321	0.2702841891388801	-0.7915830726835755	1.6427340804372137	-1.4703842128910458	-0.18819252578735138	-0.3031594528643387	1.2781684380100142	0.11089166773213797	1.2263566282769613	2.017834467293	-2.057745766209781	-0.2916758591944809	-0.4339413896870711	-0.16077755976021124	0.17600958686751322	-0.16948508887313152	0.3778390880190954	-0.5776219882410043	-0.6759287152816464	0.060973384146331897	1.059148400361042	-1.6704572060046912	1.3878165043257056	-0.45678697978810245	1.0077862706318033	-1.2777547275170642	-1.0898357059646484	0.8848863978704576	-0.47629761612388055	-3.4525622752054974	-0.8531362615482805	0.8917799512431704	-0.21926656731576552	1.3842354521625095	-0.5252650133959659	0.6577248261307582	0.1757729386922906	-0.8153394967130824	0.015827365955626033	0.3973010251954928	1.5120690532721066	0.5843037230010619	-1.6018196296631675	-1.236505067705259	-1.0523417425728507	-0.47947250452760304	1.2154645374700466	0.48435644768821234	0.6652073432150485	0.6611820821721054	0.0777847820081498	-0.09944997813165934	1.0864781785626456	0.9715654190418873	-1.2184623106624408	-0.3465778083053118	-0.2580465273940202	-0.325514815109077	-0.1042206542634711	-0.2012695940734129	0.41648409748756615	0.9323304348181397	0.2946023797342993	0.03203935279793897	0.4587467157739511	0.27761785788386556
DTXSID8046296	10.854938507281844	7.589118530013258	-1.1250148446199515	3.9206625762276945	-0.575083740044848	-2.2780281610763256	1.073429727628478	3.354841481943669	2.92831576298036	-1.4910254384963237	-0.9300088417151239	0.8912506266533294	-1.5409845594239011	1.8972289633160515	4.43465975374224	0.8068678085651553	-2.299791799965276	1.158281541178335	-0.06461015326015533	1.3346688462476166	-1.2846024180520532	2.3342925554381084	0.15206201061481786	-1.3754656829015635	3.2440445228924184	1.8352163641571722	3.747077952193744	-1.0269831829517113	-0.21313367433159844	-0.46503177253722106	-0.03251950569030845	-2.1892421047705097	-0.15095796338310122	-4.548037727035687	-0.16223703764557537	-0.5836620589655102	0.9193661440992857	-1.527773704981507	6.490885488696554	0.33635847443067807	-0.0004053615454855893	-1.2798029212843025	0.06244167643235083	0.5627331762520968	1.2714067412205792	-3.233682031417475	-1.3009352506353955	0.5573996048651157	-0.3484752204783117	0.42158736833775845	0.517016502417639	-1.30760588286461	0.7967125546706555	0.45982231998395445	-2.2781865663786167	2.9699251249957728	0.5402959615073071	1.0433342970066741	2.3203438738793527	1.1365773032017585	3.3307344255921745	0.03792542247990109	4.859598020119192	-2.314768215352975	-1.8337719432113633	1.786582351044378	0.6772626678318217	1.3712507640880494	-1.585334171537561	0.3666041914504349	-0.3029756506316008	-0.9651512422895951	0.16195242425352407	-0.10545316992884568	-0.6573358184993919	-0.5474415517479059	-1.2875968737671455	0.28067630619897227	-0.14878059849042571	0.35682001555823073	0.8899775351076583	-0.38987801386873544	-0.47126248479795957	-0.32284986961176315	0.06427060642626072	0.5074250481470426	0.7434449609951057	1.103286470894103	1.3003302287354133	-0.536821135507973	-0.5824782540971997	-0.5377131077078067	0.4996899451550257	-1.1881817868837288	-0.8653182162269297	0.7308008204138385	-0.7964474475842045	0.045463165376652695	0.3421750526755805	-0.13590992656235962
DTXSID2025478	-5.620396486616151	-3.3065375187487427	0.9325420969122257	-0.6497119295512112	0.786799873537512	-0.48313916784970007	-1.1004386860920943	-0.36495033621612133	-0.017713415516839796	-1.0585823426462029	-0.6493409428280845	-0.09470297850338838	-0.8314007481159782	0.6707911076757088	-0.18063874029333132	0.04816817360254508	-0.03522583238269965	-0.34509131499065343	0.248473550434675	-0.3354638720863783	0.3410489624412649	-0.13052924173869995	0.47033916276472	-0.5795218161767702	0.5645875414589852	-0.43571129186222984	-0.8656721248135937	0.09657143474295454	-0.15544766647246439	-0.10713533685767475	-0.29257030634940984	-0.026808127638489436	0.33149792421492746	-0.2622476617945055	0.11370962986318842	-0.11484724883166904	0.11253042359013019	-0.01833566655648646	-0.10497852920375697	0.17442430920267252	-0.13369650023443427	-0.10468980527757096	-0.27104579353441105	-0.08179596839177715	-0.3068826865271576	-0.06788448840460581	-0.021078712518239798	-0.30732893382075677	0.07117596621000001	0.020354723146470806	0.08371706642265166	-0.18003138581079978	0.13929760675939698	-0.15091562220965418	0.0323221670179767	-0.022970651312257992	0.08730585051046238	-0.012998149416179782	0.2958736038315545	0.13019446494345116	0.14596266968860896	0.18030217460804426	0.37517492487474013	0.174243342717101	-0.05350911169445129	-0.009436861378829696	-0.008180063374828598	-0.3739949637127827	0.1709819639175064	0.4929197128760741	0.32054228889881764	0.1814743612751236	0.25840465239482074	0.06123814837880403	-0.9440737849858061	-0.1980175822369058	-0.41366119640427246	0.2641127934806152	0.2964435453823054	-0.5635703468198829	0.0913421442051201	-0.36739075606166016	0.282432385678127	-0.2714652164550362	-0.05269169018605507	0.17083512817182434	0.18115099139958452	-1.1060984119558368	-0.22370802920327887	-0.050910823976730024	0.3869461563894134	-0.23128628418624672	-0.031231129680954785	-0.5754410585481033	-0.013509538160369506	-0.5936949660006395	-0.15559465404665637	-0.16867389317741913	-0.3113470603384811	0.22614750611815687
DTXSID1041184	-1.978878100887799	-3.3652807810663403	6.012648709546909	3.4006898225612208	-0.7340024747653584	2.9322652553800643	0.9469993409173459	-1.5016669350049432	0.9826504238245078	1.3165443774933197	-0.13608602373929773	-0.5524893391749477	-0.07449878125454007	-1.5436018680809869	0.8063497798341233	-0.9794595277229348	0.770859380467454	-0.3079274564927944	1.2154296949221581	-0.0257658709371504	-0.3006152855599189	0.46474082297863806	-0.5120300907061561	0.4801807765904843	0.2915470040584221	-0.5844058181863088	0.03543704105034676	0.6234131023740102	0.2902879415475489	0.16345813125615608	0.44652030727053876	0.2702953455789027	0.3260832468261478	-0.6202068195727648	-0.42801955813234666	0.20223601505164096	-0.7799009982299936	-1.0365166927935612	-0.2371355158338401	0.8693197918271043	-0.2191007104583503	0.28492599853032075	-0.7748646942641	0.18195524994041629	-0.2283070760570602	-0.37571197380170557	-0.005780987302462674	-0.15164562097310025	0.4590487990197322	0.14175961696076683	0.0409941813348425	-0.7372145948261026	0.15480727326350116	-0.029158433776396937	0.03243463173728403	0.10781002792344968	-0.8404346706418834	0.18848730947715686	0.15715206299803888	-0.5352196910114244	-0.2264895934369193	-0.24041021350088812	0.6661369748157167	-0.5825197646684525	-0.04771961254145432	-1.1331350440745072	-0.39713650238931003	-1.906433993568243	-0.22204767395849398	-0.11386642118962287	0.5118749176779491	-0.16276089862195872	-0.6979342684499245	0.5797427897273062	-0.6827488608193746	0.5775284773909638	-0.4894173231717674	0.11597175302068125	-0.18405667078228752	-0.24705309110560944	0.30248221913654344	0.9157353332592633	0.5231172864349384	0.19261092491254192	0.6438153535396894	-0.3966294792174545	0.04291628899974032	-0.29376176758704164	-0.9149337343807251	0.08519909579744765	-1.233307311315742	-0.7957756589363894	1.4013630716872876	0.4843562672978938	0.7486385215577922	-0.36053659699846446	-0.027835450314782854	-0.4584565251486034	-1.3061665172875376	0.11450063802266416
DTXSID5048637	12.396927490432097	5.6229230818003675	-4.412408117509561	-0.02998391112409712	6.25062367933879	-3.096374122938138	0.5984960874621894	0.13030748175618723	-5.895090606506513	-2.5773959490566485	6.494026099288998	6.081052368404566	1.8738356385399262	-0.7063770702009159	1.8813161234456002	-1.749000344229713	-0.9135872685195298	0.9454643527555375	-0.7369685273931317	0.47017631202299803	-1.013909719794314	0.14241961721138452	-0.8497344038640233	0.12903161585966721	0.09399235325493241	0.5227774033089274	0.5861228191428682	-1.6641110384197813	-0.06258601989766267	0.23493022709852127	-0.693421744748165	2.3964539726175134	-0.20203773518989504	0.6384060407946508	-0.5295354842035754	-1.1954111352656844	1.5060182343070858	0.2182897649467176	0.7316011137517475	-0.749154942645921	-1.5570343320486812	-0.9389045402693413	-1.6898749768498613	-0.3707790222925392	-0.5788913243329818	0.5540661360900982	1.0317781223100273	0.737077444196539	-0.3554484372817199	0.8192790014512664	-0.8393009227981971	0.47867040580514314	-1.1785822316253265	-0.34548390930815026	0.7913554829351958	0.04388865273164866	-0.6922389949658194	-0.4578541795202943	-2.4003768660031715	0.6646601041416887	-0.6417303164971534	-0.7244849665662693	0.9946339815581418	1.4171420177589338	-0.8637112695867785	-1.3303990827973762	-0.2884760753785509	-1.7969751397271483	-1.7824307850075947	0.0994245273803358	-0.10389452223328194	-1.4288526215993596	0.23041369104367718	-1.495032928671642	1.132754258742587	0.8001365402004912	0.2972057437368569	-1.11059143919997	-0.19332823183300882	-1.502919385224072	-0.6590913085363902	-1.134623697827056	-0.054154898949521	0.5927198747872561	0.18927969632403974	0.8288339018712092	1.1360356992120468	0.024197837022808925	-0.27703675858082943	0.9583351436102892	-1.3258695321591278	1.1260389647051074	1.1442343578021414	-0.020152998708595615	0.9532308867009216	-0.9464957360355851	-0.5495569055803508	-0.7833061570065226	-0.10618604344045757	0.053169346042141984
DTXSID5042584	9.045096245361012	4.843800444787517	1.3783132645841651	3.9191189749768154	0.07135196742314445	-2.9643484057434777	3.812872699487821	2.2734943557114167	3.2865869586998575	-0.9974781969274605	-0.09423274714906424	-0.7904963898264102	-0.7360834579760704	0.8434021214230181	5.785227262473136	0.3361801849772804	-3.4165977189500656	0.008259396890225494	-0.196044335073734	1.7630672435088435	2.2712162436166197	-1.2428259450210457	2.074290061529874	1.850206315209563	-0.4219347620152265	-3.0765467720177706	-0.8788129588969491	1.3556052920462762	-1.5960713136205298	2.8935315150798298	-2.29627398749597	1.2348701022013047	-2.8761395875154587	-0.1714074891298261	1.3101013913630555	0.04950489799390754	1.0961590126785559	1.3685403130015026	-0.9677137804070157	-1.8052577040587454	1.7225648228482429	-0.040679805813539076	-1.7111665063208252	-0.08846372727257379	3.1213526250320003	1.3558254431558525	0.4907893617496997	-2.684597597081647	7.091949757882668	1.466600178790141	1.6086120815969955	0.9574726793414594	-4.676682827485056	1.5124735311876376	-1.968287574101703	-0.6510740095711633	2.506738922312327	-0.4517031284063907	-4.102921636631496	-3.127563611445608	3.0708390649124646	2.5146843907440535	-2.405770084853801	0.7254608089821549	0.3700900979684877	0.2606505828766829	0.41622899631949095	-1.7775814196979296	0.7809619041139775	-2.51498585028333	3.5842981722547793	-0.7280800851474678	-3.404176678857422	-3.5017748796018493	1.0753032636714506	3.3439327681258604	-1.4817194637517657	-2.6556101078663814	0.1443407215029064	2.4808380175611964	1.9776556677411443	-0.5795502537501918	1.0083178642500152	-1.1213508952713345	-0.3950035912361102	-0.2945149378566023	-2.83217320771463	-1.192359138343561	0.8224667423761125	0.9923686701743702	0.004082828685403104	1.8757112533489992	-0.017222863258629092	-1.234045715453744	-2.1427894626572086	0.3561168070768643	0.28884190579482005	0.7452537218456513	-1.5844176240325183	0.3628124259566929
DTXSID6021822	-3.302847623738016	-2.8168654790190626	1.4318977735006237	-0.9320208257512853	-1.1953844614282563	-1.183395054586983	0.42180223762644925	-0.008441739405013684	0.330858713158405	0.751781612105498	-0.13685257090590663	0.2757194809267673	0.3658431386884814	0.22853255655171206	0.9904301374556267	1.0336810182511886	-1.0221554803767674	1.2319926824049061	-0.6571463860657685	-0.5368750199264268	-0.0022851159253092636	-0.3216708049639463	-0.8296995024985289	-0.9481807730952899	0.5713573415860174	-0.3539511766593561	-0.41129148149299216	-0.23226940014302605	0.28978826328682045	-0.5216297755066075	0.3812877994536043	0.23104697594821855	0.20589025388110624	-0.2538101257635825	-0.42869821372885625	0.39872693647735585	0.11095472737596221	0.154717436203552	-0.10343631841132245	-0.3158182747745063	0.28110039425591227	-0.23421130186590658	-0.4504663122599993	-0.36718488636847413	-0.1827227202483853	0.47159452757819204	-0.3406168192897758	0.16208207026815866	0.2512365874141412	-0.07098061812450758	-0.11063478983175376	-0.1674811842838185	-0.10389279829477002	0.06258503746958252	0.2263300454745388	-0.1118921434171945	0.13001387663828706	0.22524545406812463	-0.10840200606029665	0.49987122480834195	-0.3961280988196676	0.11993302902470661	0.310644736221411	0.20544329164106132	-0.6424628467739465	-0.3465585222264828	0.11596130906486869	0.21270690776432583	-0.21271426090350345	0.5711455117328135	0.12521652156386734	0.17050860824150701	0.04788649687629696	-0.26356117971983645	0.1679159116818957	0.6210286417193664	0.029561236558663963	0.7090514254025075	0.6010221226840367	-0.09767845637517907	-0.32413212984549084	-0.5339376838422882	0.1566844374677814	-0.24372773836796136	0.14477361687213888	0.18105308703916168	0.03560195666130748	-0.0032301077504603166	-0.2679923071257475	-0.07015901000489073	0.41236792261723393	0.45843781293019414	0.4189762481124762	0.09284415335918902	0.20144335578114936	-0.5301874477032126	-0.15465328485788185	-0.49153860986099185	0.1993599322799876	0.7240022754188303
DTXSID2024242	2.1381805061387373	2.082221773575674	-0.473089021627527	1.1125568114643984	-1.1091235945625186	-0.4999522545000455	3.645800450791621	0.053489899012304304	-0.5409399588543478	-1.623361393508117	0.566427571015102	-0.0032261020451100275	0.5926477801049835	0.3351321848652879	-0.028682150818617743	0.09388127244305382	0.7210601923189627	0.8743579155560246	-1.4578629174328877	-0.9849529988431202	-1.0598491274302242	-1.042676073372469	-0.4085230055463778	0.310289798581988	-0.7035744289716501	-0.123456890554254	-0.49122440187696864	-1.179297920878741	0.6730702171030767	-0.7293142481236689	-0.6347367870633018	-0.31766379940026307	-1.4560887543359249	-0.6602195783621798	-0.24918440310421017	0.5027171868199586	-0.24390102958866167	0.26934794175361204	-0.9660645453056067	-0.3989539664870711	-0.15027830571000922	0.6249661894366264	-0.6558280588117732	-0.6830823971160928	-0.018963603953226774	0.04904069852971143	-0.6106493078439065	-0.6816713938588482	-0.1528765287189993	-0.4494927057228719	-0.22070310143465802	0.061079431979707166	-0.17796483737237917	-0.2616765335766528	-0.5455203816203564	-0.37916254609303873	0.016125821999059202	0.5607808761709976	-0.2745739777270169	0.6296269206658484	-0.26378235288294183	-0.10929916864660971	-0.4080103437103045	0.5755929432151289	-0.06939852868481541	0.12976601176694896	-0.53627531664498	-0.49008561206691864	0.733109315278455	-0.8163752052818308	0.536037422005337	-1.104440424668003	1.176364555269982	0.9608429671317076	-0.16301635383334823	0.4721379074728964	1.450754569200972	1.1270181202277352	0.8225287083257166	-0.1373339335289724	-0.2770849932374038	0.23669985537473326	-1.0292658843973892	-0.6554439766562761	0.6552872616192202	0.3281859785572774	-0.6573578557822006	-0.2902726081523134	0.43448338522961233	0.4979833523539746	-0.01456566268509331	0.44779794247595817	0.3299879241670662	0.7001128168324171	0.8412403696768798	-0.6692297483746107	0.4126909115371179	-0.15168351654722723	-0.012725277427082361	0.3593031293119232
DTXSID0025864	-4.292198062187804	0.4410972940340837	-0.9548214966605792	1.5161497935388037	-1.6725880691758677	-0.5091292545285971	-0.9383615318605731	-0.8118576524387092	0.4682733739339062	2.1340764798450875	-0.50550854048576	-0.6359453947621182	-0.5717576681349297	2.3588766740599434	-0.08119035855457662	-1.087320847336178	0.1454551561839211	0.2287844391578086	0.8609757984463081	-0.040854384891731384	-0.25476446827513644	-0.18972790089176067	0.07170103968105056	0.2942575313096679	0.015173862313955936	0.10387493708776807	0.1866170715662696	-0.640019334782768	-0.28454052921190465	0.4777160450183235	0.014602730868720847	-0.3682525527640632	0.1870230172456455	-0.0978600529000715	0.1441742968498961	-0.3062286877796537	0.5738854130239827	-0.017075271453867703	-0.00975586276588465	0.0979255727031444	-0.015909355833110938	-0.021952048009823033	0.6136802979952916	-0.20787911388469044	0.1422783740794178	-0.2255349893663654	-0.10120059222908157	0.12478553766966748	-0.1882348079632517	-0.05777006814179327	-0.044589678892195325	-0.08556097846525215	0.29781500296075364	-0.1976728224076246	-0.028106760148051267	0.02222951525984765	0.2005932261949316	-0.5344620689503811	0.4611930812610857	0.32620678601410646	0.19831297210266066	-0.1406376447632309	-0.2892952504265549	0.031939845803761614	0.36994639389707806	0.48215442266986536	0.2320777192046	-0.3101616640009245	-0.38420806115290324	0.17163177567296078	0.7912879222378127	-0.8430941406102138	-0.19117395403212203	0.22336140266096624	-0.21218369696977257	0.46609393177578345	-0.5385315780464183	0.5783185788902024	-0.4024841669388416	-0.3037786182422163	0.060507469335032385	-0.09161361661487397	-0.00423537978992996	0.150412314879558	0.3568486517595428	0.37299575422004894	0.19837326087069582	-0.2277558051305899	-0.3536698661875286	-0.3478632333155679	-0.2165362292773204	-0.6672427783006781	-0.41068740230945333	-0.11029496510702635	-0.07455375428671392	-0.17465981007923256	-0.08696928682118164	-0.09224424467311161	0.39351194518335225	0.23731855822020692
DTXSID0024345	6.4260909558416355	2.787261353615496	-6.995462411205202	-0.5737377648977794	4.532032182528933	-1.3708354440728285	3.941088298447534	1.929226412053013	1.159495001675893	-0.9008699560435195	-4.171596956434761	-0.6209402376347275	1.7247167717750096	0.7886934672822024	0.6517156256060097	-0.9149030433511938	1.66967138117398	1.2116619261578403	0.2637550317141158	-0.8687458081822974	-0.4166169058962315	-1.5894057618410222	-2.4589083304898884	1.752106044918733	-0.2184933369322914	-0.6774646153610295	2.1730043498077554	2.2683924451580646	0.44548099714363476	1.0997702377593164	-0.38341706271750087	-1.3158917149183902	1.8357782978525272	0.04331072845452194	1.560269789868107	0.010429543491449809	-1.1208480059727886	-2.139593840151212	-0.03287589321157651	-1.8552751138360826	0.30592508845732286	0.6569347987017503	-0.5271064778049593	-0.7290603273948552	0.001747258989801711	-0.322478198711527	-0.44528961828926067	0.2471016624859556	-0.2844061123257785	-0.9480712607897941	-0.06381400837099223	-0.03347040896314794	0.608325180987824	0.6028063881513022	0.6473843307717567	-0.5849228300831714	-0.09520953119107241	0.17792932694129548	1.6257518861960525	-0.19409431661277482	-2.216949256966257	-1.9072285045902664	-0.521627809452955	-0.7596139279741849	-0.6463831566826509	0.12047750426796822	0.027832743291351603	0.7117654319947337	0.9202327487072628	-0.3119996246574488	1.1369637838398108	-0.9603188190397046	0.20192069424226416	-0.3442865950115205	-1.0388504486254917	-0.5540968443839381	-0.3858722171849911	0.6503361389225499	1.5604317309322697	-1.9019246163511525	-0.22184130576279332	2.41753078582001	-0.9105037694661362	0.4819113369083033	0.6093832520374519	-0.8266821162072725	-1.6168783102359954	-0.004364122514459959	1.1745537434971498	0.7287523520804716	-0.7948951998989626	0.13371926471651438	1.4475483348684428	-1.7072700798827294	-1.0558542647660263	-1.0740393646553787	0.923573886446206	0.08261420307190238	0.2666659826243394	-0.3529884953265584
DTXSID4021347	-5.454452001757038	-1.375532637394896	-2.8333847654858952	3.1671625257803138	1.9316997869399277	-0.5688664097442258	5.475847214835252	-0.6988937521054001	-1.7870496246763516	-1.7953125067955622	0.9912859396056446	-1.0435771907488902	1.491462380259955	-2.769215021506106	-2.8799578394323855	3.143765983614994	-3.1847330572240726	1.2918183977939295	5.467120085925854	-3.3173725089600854	5.485585817110159	1.4615615297115025	1.0132130992446595	0.8225742783939353	-0.6417809396006224	1.3127652276561936	-0.41487693807465015	-1.4265387130419291	-1.541016959282285	0.72777983196593	0.4156354342789182	0.2410505426442886	0.86844836600527	0.3803087298799075	-0.6974323638254315	0.30809578848240454	-0.12261761935928556	-1.4168631420954205	-0.8140785056403665	0.9254551830327321	1.7462593803544322	-0.9910233745567327	1.0208451225872355	0.20816819861061986	-0.45384050837281076	-1.6234001280802086	-0.3425267526983862	0.7927815658553868	-0.14217568756764243	0.08240375369881474	-0.3178702901852686	-0.845892093376381	-0.020580703982683166	-0.4189696732812245	0.4850224145940579	-0.24973803022249333	1.4649864026651969	-0.4461996074911295	0.4994247649334673	-0.844799022360898	-0.028470561427257377	-0.4992935598801916	-0.2650358594668671	-0.24954395361877998	0.46614902849929674	0.11112762026465157	-0.056274217137350264	1.8779084338432612	-0.5034715355080915	0.07900719457148644	-0.22037177930930804	0.9003732460356731	-0.13804347852655857	0.6348484627250365	-0.26216730613555256	0.5283092982352194	-0.3483209420013281	0.36499820867084715	-0.42567796467763513	1.0669872192454226	1.0395284447856368	-0.06462389713986198	0.5134492286141763	-0.3435172517174731	0.33565124020687315	-0.029398852890206825	-0.2651307531718172	-0.1286759342999252	-0.08667439967140787	0.29695264856239156	-0.759157328956535	-0.16434412923891287	-0.3339844436230567	-0.1807103840515379	0.1607366005084684	-0.400433247770225	0.029248406427138725	0.30740773298258883	-0.5721929867665282	0.08886682888153227
DTXSID6027397	10.56825985906964	-3.1491873830074537	3.3213239520199216	-3.905120734823145	-1.9675286154886695	-5.449034456638673	-0.2317593317895232	-0.7715719190250108	0.5869636173802308	-0.21347315099348263	0.7566564779832937	1.4824488457374112	2.046631665856442	-1.0108704409363372	-3.6689470813206397	-0.8369387040984018	0.5443809722544584	-1.2068994511077187	-0.2686282082465087	-0.8888394137457004	-0.6747751772776575	-0.08824209301242138	2.1555274965130375	0.15256734032042932	-2.176848120580094	0.48842843064944935	0.8781507122103408	0.30357016943591864	0.39537798249192824	0.47894015584951655	0.5205561328892427	-1.1121911832196827	0.06166658385497138	-1.089186768141454	0.046723982034557285	-0.20048903980078825	0.27249089776196006	0.02480157680078298	0.2666552483347789	0.09576846211893059	0.49968821202112207	0.5076133397218244	0.429301556985302	0.6151541579973483	0.2684125516287398	-0.5344845664180611	0.109623103802209	-0.07518156007328196	-0.015728237563971056	0.055641877370984846	0.09372337068936529	0.11671380350318672	0.1972774351108131	0.11970707935942694	-0.30820707153508603	0.023243204529737015	0.6389552198415609	-0.3237537633191141	0.1165589791515376	0.4104600074360958	0.14594402287138003	-0.09171421961231757	-0.9104178333316582	0.12103161632369303	-0.04577727139694765	0.47391879541037885	1.1100583016159489	0.2050007519861913	-0.06028390173965423	-0.7574029552364795	0.27239640189025127	0.213778010114003	-0.5398354359616577	0.21744179616615328	-0.61110874253325	-0.8119188714695619	-0.29830625658740717	-0.05974390557411445	0.4141164808719641	-0.07079611724227243	-0.4524233875237507	0.36663807067703247	0.2584363063608139	-0.493927272095788	0.0019486964483770844	-0.27402857762541016	0.34375742047248636	-0.1039074736806046	-0.09558937057177622	0.09941141669442248	0.6989348878553564	0.4354277884223822	-0.5846280255190063	-0.1429783485715651	-0.3193650048251669	-0.18024138879680718	1.075838820162228	0.7697986269786079	0.4331656776423888	0.072741517280037
DTXSID0047583	-1.166412843923204	-1.8339471891701413	-3.0599141949552053	-8.561881678090959	1.00554359671488	8.650327804835468	0.5308613142460578	-2.1140194211882464	5.411032049981549	0.12858461429717497	2.2361189578760645	-0.40443271311096823	2.0622295495502594	3.248146411492132	0.0027808771816253642	1.840926788876368	-2.5036482678526077	-0.281758008752769	1.3967477635063432	-0.39108922980655314	-1.5748352395160157	0.9137058810441263	0.4377216900324437	-0.8117842339947612	0.49846283741783154	-0.3249771105704371	-0.5295957182721013	-0.2244125090864469	0.37583930611108174	-0.022987061934318636	0.4600898399904187	-0.8068654675030836	-0.20753140426342231	0.005326568057452192	0.21945807967257783	0.11458247050431611	0.22442848835108575	-0.25044954127938573	0.26871243455025356	0.4283668316777794	0.20514374060803597	-0.12805478748196464	-0.15013757043444975	0.18862447924902018	-0.21390410366739787	0.4298405841003882	-0.21416844501175333	0.4156424167149829	-0.006979713278137405	0.2525027225591735	0.09264507556353033	0.01533041647276786	-0.19007594903853917	0.17323860030796273	0.5429920513740014	-0.05963333869186271	0.19011211667769698	0.45267033078068525	-0.45003272973072245	0.09963346706462323	-0.21345668853827796	0.13148155695318636	-0.41782143405195843	-0.3251372130643298	-0.18838178492216373	0.0005647343368879492	0.3624661998379999	0.10050843950370333	-0.88436566222243	-0.01406797127021764	-0.5600916267375965	0.11732699191427441	-0.13509375782358962	0.10188329680651884	0.23870697951488462	0.041826048963007206	-0.43327804215550025	-0.4900901123724389	-0.010023087246899688	0.07496782311778863	0.215441244355867	-1.0002046377823837	0.3325557199373123	-1.0252208749058054	-0.4013637460900488	0.48688133211503626	-0.24786163433885006	-0.6195928772401186	-0.14318312014651752	-0.32410606090014393	0.6854884761901511	0.19513797868781202	0.020196897642775515	0.016806849757581035	-0.007309867308476556	-0.7010356279515297	0.18072927765193528	0.2905118053511993	-0.36521481227389896	-0.3529587136064364
DTXSID8051419	13.034045120934994	-1.41701628275249	-9.129876575876523	-19.201770817042533	4.944635646335809	13.186177786059663	3.4480366757757586	-6.685926979808535	10.478115255499022	0.5262341975678029	3.2211788400547046	-1.0307371163892871	2.7802036238573655	8.080192533226523	2.8477087439064146	2.575629641872889	-3.626943390924911	-0.49094337799736587	3.08628546610537	-0.5359174607648765	0.2493638035872996	0.36563499708223884	2.0123845734503285	1.4784142357798364	-1.9380558269565797	-0.15358006314478112	0.21617760090008883	0.881668784538357	-0.2163826637095099	-0.6384207933159439	0.6111688638277747	-1.1798174121772644	-0.20972145346715476	0.9650825791359715	-0.16257684605570127	-0.6599005241174065	-0.45012641168588546	0.580641876109839	-0.24586586681861441	0.9938705675203162	0.14180792925875574	0.3043075511299575	0.8674135821322146	0.2570342765238138	-0.633243115162153	0.5486488748160602	-1.7287882362181248	0.14757326661514575	-0.5597657215387997	0.6141360096376796	0.01738227474723654	0.012106870524903406	0.36823104824685604	0.05886966157319481	-0.8072894684777772	0.8792246328460154	1.0694709863931477	0.6889139356852635	-1.3531851021191326	-0.8346019414601448	-0.05440511944077915	-0.5906288944844975	0.26635537673534593	-0.9259260148267936	0.5833372286822031	-1.3379089016054013	0.15634047746918822	-0.474981016616012	-0.7916246258387194	-0.6057740955184888	-2.4358165358443307	-1.5275135274271874	-0.2774838951231759	2.1759708396335364	1.4737579470846556	0.008097734372416855	0.8595881233845593	1.457569110381334	-0.6057160819262168	-1.362009632870327	-1.8778058889508629	1.1349761470607038	0.08518642502193646	-0.48161698423752813	-0.9865642832887155	-2.8495604410113002	0.9579551659709432	-1.736551343996694	0.3234652803711816	-1.368523633289596	-0.9556102314152862	1.5131725442693678	1.0263429159934303	-1.6604842812923732	0.20516043256358418	-0.517633501848531	-0.0495661300434639	-0.2772087515098032	0.7285231975240881	-0.6946393039609516
DTXSID9044827	-2.5596636882483295	-3.3515517497653553	0.3703985857234463	-1.0685867367302164	2.0263970940464064	-1.3526500091904965	-1.8559976094498776	0.24616070652870986	-0.5890053272615976	-2.185536900974943	-0.8374616839906971	0.023908816931898436	-1.5476535312232143	1.5840383628099124	-0.7149412490645507	-0.07090821463638254	-0.24194969205196334	-0.9070183761223446	0.7415967576930662	-0.30324868980186664	0.23555291691386074	0.2676440931303077	0.7841418707473449	-0.9547149712744154	0.907936091827682	-0.35448612229999477	-0.7266592673241601	0.23101342072422312	-0.19603448499759815	-0.530109250250961	-0.5070231196213651	0.11243999725551765	0.5474805351851473	-0.27556121947692547	0.14659154930834412	-0.6043621300337456	-0.20521486779850823	0.08826561339010684	-0.24604952637018088	-0.45920839475073566	0.3953571456574896	0.13724223726607399	-0.2998575975250175	0.021232876980437927	-0.36489419494147945	0.11697594205130198	0.2369584457252183	-0.20529129621011946	0.057453869127970424	-0.1729759433634026	-0.00882008819158789	-0.13864771405960505	0.13791821806394222	-0.19314130189097345	-0.06393148563753702	-0.20565516493164834	-0.07120046594110906	0.19748204739356	-0.0905990207829298	-0.037334966886463775	-0.26902434820975424	0.2867141777536911	0.3421639250114278	-0.06582669337514352	-0.0718328646905167	-0.7180076375270359	-0.3832681769540238	-0.038550927141329926	0.08462400233338195	0.10976789456418831	0.21146956238658018	0.3613202723800079	0.8131565454705394	-0.3507273454508176	-2.0327019359125202	-0.1985969014430724	-0.897307888203214	0.11156335985892678	0.6083774666542697	0.26819487746095144	-0.19444804510740057	0.14172626563549964	1.2537219479182085	-0.23978371813257626	-0.6566931487102572	0.19193935827806644	0.2819145454647516	-1.1394814644368891	0.06740222642100113	-0.06883238805597132	1.558277146417604	-0.302614758957492	-0.0585917711569419	-0.24503893812668515	-0.5098701279971383	-0.72176624888152	0.8170704126710328	0.47820276625065855	0.3160957958112031	0.24421829539871487
DTXSID5049316	-2.97990987263706	0.8011573129380601	-3.585789284163967	3.5273260839162273	2.9988666775491595	-0.11383363866796134	3.6177125940469907	-2.549153908968232	-1.150192849899993	-1.2123133512491637	1.5775362777814879	6.14742665126626	-0.06262621596645038	-2.8098871919936887	-0.578039179956197	0.6892616162108599	-2.8162954791451273	0.6409084051025244	3.2511961704611414	-1.9520077887741871	2.008155184697166	1.0003580354468455	0.04512088529903115	0.4177893525114106	-0.8851510997630412	1.1181227150556077	0.10683586829230136	-0.33112047660355165	-0.42610885765645595	0.027798830458128226	-0.15109875662125005	-0.07978563088671167	-0.18808473769982653	0.2262102027131678	-1.4440121107605919	-0.1628128158559308	0.45649340774223884	0.21064479416825005	-0.11965866773826342	0.18716525872767292	0.8930598247125378	0.008904561516101247	0.09512308247957489	0.2516092504342595	-0.6212124119645167	-0.40518307796556496	-0.05402334883818665	0.14181425130086864	0.2723679086352563	0.27451812203326814	-0.12267005924182532	0.01616398496596371	-0.4281050732928557	0.015087533590375261	0.22504239472078677	-0.7292383937441567	0.6732276704793779	-0.09085451104666291	0.06661278797086441	-0.43086137503550515	0.19403837327058035	-0.1872465591150601	-0.2727174963095287	-0.25823194108519537	-0.24366648649167189	-0.20783246527834784	0.1062191715582353	0.0024388302519888936	-0.17486466945729692	0.578979799653955	-0.09106523087212941	-0.15920785852641955	-0.3718438353819831	0.3086810231544735	0.33772150851397215	0.1817146004996716	0.021459143107303225	-0.29676983707653126	-0.012209636895634347	-0.8084065939379957	-0.15844367282188912	0.1343481626757769	-0.19188587535207652	0.6451342149743837	-0.26977334953135124	0.768669467495039	1.0272226965526288	-0.13679555744305316	1.724337617248562	0.74917638254354	-0.39306283529982644	-0.027637132583130358	0.02112488567768595	0.621285303215019	-0.03474450803925919	-1.190426276159889	0.35602563463549397	0.0007776591955696424	-0.1872288492389947	0.17384388673211348
DTXSID2026494	-1.1318624898993537	4.840184700714592	0.5009868832100197	-0.6282099413094173	-3.0733742440206884	2.8591770471451565	-1.6210341698866542	2.42970078178397	0.6483349434061658	-0.012469736535064708	1.2375630085055103	-0.6527766993733308	-1.1490126328693677	-2.1614079094390286	-0.8297883480772242	0.8809761442290378	-0.09732709507402643	-0.25080454290645837	-0.5491676763283415	-0.6047763380639125	-0.3111666019890301	-0.27511799453227587	-0.24733951710232546	-0.6669476883524743	-0.20073126959285698	1.3754784339658708	-0.03602124148274184	0.42951644724425464	0.022970246810024013	-0.41161582027806853	-1.5271617350664242	-0.9317635298153072	-1.1817574132877953	0.5610398668740492	1.1645704882618504	0.26747849744564917	0.002273090006152869	-0.5250304289259258	-0.5996628853218096	0.5068556152972153	-0.01956078959036375	-0.24933503428896994	0.5637024145007126	0.40002723296233583	0.08001407037036722	-0.546317959943229	0.05497944739422404	-0.7409434962389118	-0.3012336551755027	-0.5349894188198301	0.007301129348724672	-0.20261342546937164	0.36794006976710236	-0.443630272444349	-0.3441723232664392	-0.5521160587335064	-0.31023303401090074	0.1052240895723404	0.6010909934879741	-0.7877940491981914	0.16660288217941008	0.1841801877823281	-0.5001727102473589	1.4552887609661693	0.3952876614824651	1.22536882735355	0.07017731219786331	0.042788139915549396	0.4853297153141733	-1.284640144976863	-0.06953124632311432	-0.8944341466666462	0.4310435595945779	-0.013129012005458253	-0.03731410007639868	0.5807301607041274	-0.27898240137980906	-0.012957787831069488	0.30369106631562504	-0.9606181492652227	0.8911193475530658	-0.3126311370387869	-0.426326935533829	-0.1569854198275319	0.6068341778134386	-0.20968189523647132	0.4436599573117237	0.47686202309448145	-0.4291023859783179	0.29093432525112334	-0.7509589684977731	0.12298734628067555	-0.22900215706022276	-0.47397762696328916	0.07825480205780852	0.3376072659919786	0.11913210990105853	0.3368271680496313	0.4177050354710046	-0.08138739441108826
DTXSID2020478	-3.2527939425845673	-3.864673013520472	-1.6192498234603383	1.295806990076087	5.036468244792776	-1.1379062551557089	-1.303747555961612	3.2818628274125707	3.7949106238916555	-1.7062438467885739	-2.715804409566056	-1.0394191498238947	0.8108617614933297	-1.1224066771846588	-0.11571265768264319	-0.3744802031275904	0.19009471745093243	-0.692329281504844	1.5903859213995493	-0.5758296194770511	0.020111672904100875	0.3228979987223244	-0.37860269473161673	-0.4676926209243458	1.4246161557637458	-3.4114302118329167	0.35132127837947963	2.598338921908213	-0.9015126096221059	4.00887037805217	-2.473994433594212	1.3759703877554628	-0.447093490619235	-1.1941011442681375	-0.11409345520352353	1.0925594536892256	0.5387160753185853	1.294998137781226	-0.7508614114235452	-1.688205201289758	1.862246361065051	-1.3896833593459452	-1.343556289782468	-1.5745643455273997	3.9942203726505103	1.1234564998246497	-0.2643810165679137	-3.3391116667962817	6.716246813375857	0.9005428219141305	1.3286680780359363	-0.32008112916662174	-4.525796553931347	1.2582011519995826	-2.827490842366613	1.1913818771986546	3.2904874336318573	-1.972934033069912	-2.9872462341634103	-2.3717297007339515	2.947149309902642	1.1350535847216054	-0.4814377848159181	0.3766809949664092	0.201711200081804	3.0657798613478446	-0.9305712808909681	-0.6815498925043159	1.185001827129179	-1.6753956528280358	1.5880760992389156	-2.280881745290718	-2.9809016654940717	-1.5463708927022861	2.1787150835848736	2.2917044280744707	-0.9135596657117019	0.8235174273751121	-0.5794642794172729	1.6298553310669244	-0.37776142479493297	-1.9769865436464902	0.9176443527776913	-1.9679139700593082	-0.6303165261799113	-1.16065920341408	-0.5001425706523629	-0.2523629058585257	-0.08837577117975297	-0.3563675306520407	-1.4600279545509498	-0.19982079831861171	-0.474232192601353	0.7945107772728982	-0.1082785429060678	-0.9062409459281012	0.08833740418629366	-0.6037094158420928	-0.543648287879302	0.7363587004312708
DTXSID1023736	21.767371156940293	-3.0907376725249427	10.993198603308976	2.270468667183401	0.7087135129750305	-0.4627324712065178	4.439930948043173	1.1601524292604757	2.052463499122858	1.096893714138614	-1.9706466364509247	0.6811978753576973	-2.6435377727358516	-0.12213922143912745	9.634842817402577	-2.2060619185552377	-6.84534851601238	-3.0830348851910303	1.9497269821855079	10.227054707215014	7.326268012565438	-1.3645493691473523	1.7249454311977372	3.6497010160457384	-4.113899415997019	-2.119124330030464	-6.070729075162711	-0.10569923670181726	-3.202061988089513	-1.391690413147524	-0.8024535948993571	-1.5339142039429123	-1.4830218274530815	0.47817544864165845	1.9040614209232882	-0.2741644843887068	1.8221414863685403	-0.49854196437754605	-1.6643122678917948	-0.6022295316431309	-0.6772083097440784	0.7963826916698397	0.11309265535033416	0.5476290132004988	0.3014505416748575	-0.22666985952916502	1.1112426916965688	-1.0895949616924443	0.4355084941255809	-0.4996508830317915	0.04022818608830267	0.37648454386932034	-0.5200696509565047	-0.536746223002381	-0.7054884817645298	-1.4415219727483515	-1.8726796057672528	0.43162404719127784	-0.8977712639271495	1.0144472730637746	-0.4024796996246818	1.5092501045664268	-0.47101781526792247	-0.649705861360548	0.035162225450212796	-1.7086835455606497	-0.4874201289969947	0.0915271910070733	-1.5125620484914692	-3.128423281315664	2.810415798018345	0.6358045481007014	-0.39064417614677377	-2.155791395551946	-1.5451927096347107	-1.0371139838697596	-0.5980878023209573	-1.5870039940954686	0.6662497300003389	0.7468872675092635	3.3868676459510407	-0.0521178895497307	-0.04071535125663406	0.8218785772982725	0.5167240208747098	0.20055411006209553	-1.5743708200814606	-2.384898368006097	-0.20903676995424128	1.7287406394222662	0.334993933044396	-0.09172858448211371	0.26154028400523116	-1.2870698632438986	-1.066279042732118	0.3913131607557082	0.9482253780983805	0.42824033350234075	-1.0186880692542422	0.46502898018876415
DTXSID4021181	3.9736233545941975	4.839773530615076	1.296787702710017	3.4062959991314683	0.9957641972833525	0.42718795246705293	0.4968814454692149	3.1156285519697535	2.104794016935964	-0.4665427636394895	0.1282411648625703	0.5614765641489385	-1.4001393584269244	1.2968003652509894	3.413256784277529	0.16937871634122062	1.1251776241715108	-0.8395897114894371	-4.210478721608069	-2.8725642960798	-0.1920681384021839	7.525708121993367	1.550640957180613	2.4793088823037186	-3.2362936939426614	1.2155774316972348	-0.36371566023417073	-2.8075451649780927	-0.07776044567448671	-1.6270240986957647	1.074989896593012	-0.47956938660253046	-0.741655795544818	-0.5273288056929902	1.519917670224457	-1.8174963317207338	-4.367863200506538	3.4630891217237294	-2.6435260049572555	9.708304722089315	-0.26891936919408244	5.494165964651377	2.9137438222907663	-1.2754389458051976	5.0161531072621965	1.3045681678571603	4.391002049519669	-0.11072535832093908	0.9579923853447931	-2.765946758148185	0.15782356691173782	-1.6898859889370315	-9.605175091131606	6.210989534637323	8.603304732370791	3.5580544917099983	-0.27343306379912685	-7.015286562178301	6.373092935958678	1.1656032173455004	-3.7348879932176677	6.0604005832797725	4.016413850306958	1.0963161066883165	-2.601954973775496	0.8563097937342046	1.8285433135120504	2.448250050717663	-0.6078068226676964	-0.4449281313978183	-1.9908408103980435	-3.0038418502919084	1.355352109282995	1.1169357438527512	-2.459656504839672	1.7693746104939663	-1.1549810203516033	0.547494885549917	0.812473759850963	-0.7092975185390157	-0.7820729536598536	-0.10755815731625801	0.2741977502704877	-0.24165515670541698	-0.7023353953503784	-0.5704705965692688	-0.43884148433229647	-0.4429918949810228	0.5713467265840848	-0.7536693340569977	-0.5592877932959365	-0.6320402482503702	0.4682545073600735	-0.20465551086748726	0.6790927942776589	-0.26280856489784843	1.3511649306028644	-1.3838217512420214	-0.20068294553300156	-0.21846543624345227
DTXSID7040738	2.7441060410117872	5.433173884668139	1.4329491400215624	0.9081711554863986	-2.4338132187518924	-0.9273636195153697	1.4168629025869888	0.31180072954969623	2.2669399759909057	1.2514393386974332	1.3084819254914042	-0.38068061151348476	-0.9619497085292429	0.17729822096415718	2.1029273456446718	0.047502526531155866	-1.47948229292675	0.6409282206563632	-0.36188660421527025	-0.32809140926659874	-1.1012239095463434	0.38469019510819175	0.7532002904920677	-0.3816474582147237	1.0991412551259976	-0.48124427908241874	0.9611573043558711	1.1993153569689876	-0.46666608461788356	1.0194110157281018	-1.301107440539982	-0.18793655477161253	1.6032814784148726	-0.5284220631930413	0.5281072072557693	1.6625894873999023	-1.677015940957501	-0.6387549418429805	0.6885312551102891	-0.47100045294130577	-0.08458055294519862	-0.023992336396746222	-0.35720529552163743	0.19023729450379404	0.8567427126584095	-0.43156300239548495	1.4238094678282547	0.256641128645568	-0.0264351805288267	0.01708434899355504	0.03935290867011675	0.1431155029095679	1.2212483063390311	-0.23366502127473485	-0.3152887430888892	0.13927057705371443	-0.5725777824217871	0.05546055025161748	0.341827568565363	0.6294920551940659	-0.6464415993014324	-0.4384281293312277	0.47242829010732074	-0.3759321980026325	0.2714056192488789	-0.4621257732222362	0.641926571646063	1.2074487809120549	0.019659134387960128	0.22319855915374925	-1.948654438095625	2.244260150675768	-0.9441523865670027	-2.0341205021021356	-0.9597148518534775	0.40491435900253114	0.18640880478176347	0.7677955470670562	1.1744801001103293	0.6998319017766951	-1.0077500772208217	0.15553370974247313	0.1694731327926306	-0.11423659857516685	-0.7976083789672828	-0.8662285195266511	0.07795200328585447	0.4222667233178872	1.7678887254070959	-0.4689278967326048	0.33124914685422524	0.3537864692993884	-0.817076802393192	0.17572390284798664	0.2770983085411541	-0.521040852204553	0.2052563963618251	-0.1992201318738983	-0.05608908695112309	0.15899969976820688
DTXSID8021777	8.368014792482027	-1.6210936105306808	-6.378633564949643	4.020382314407601	-0.2740578732829633	-2.3163318371003423	4.312188274815167	-2.6728870267518983	-1.2518054131715544	-1.6330007748099522	0.9519559918250893	0.021856322661136116	1.578137269404692	-1.9410433276046195	-2.097168674276387	3.0197503654071185	-1.7588536284749718	1.4269315718817255	1.5669502839553493	-2.2992553915036913	1.4688007333701594	-0.005461912082857495	-1.3744987816926593	-0.1961943266595745	-1.8845343104792291	0.6768601941443404	-1.7403314696753178	-0.2727591030708079	-0.595502167933065	-0.315534796922082	-0.6918124608212886	0.6669808530738977	0.6030083862024345	-0.07013114429672505	0.414103660291569	-0.015033358954959457	1.244703851073674	0.4114393973798259	0.04004474467131836	-0.7266299422314296	0.1510957283661661	-0.60005026260915	-0.385456471461562	-1.0261538604893246	0.3258416680104536	0.3089304591027105	-0.34416670907315167	0.1090441352374202	0.22374831737240772	-0.3653832711603244	-0.17354466570160215	0.0060044017973856926	-0.5468352427497118	-0.7058381768912724	0.3698228118711639	0.3558136746532855	0.2299712165570946	0.19295528152321711	0.3407535184814296	0.15819773952542387	-0.29380656896946156	0.5732480976433588	-0.20589001420493977	-0.4651291893155305	-0.16973073216283108	-0.1967632575772578	0.394508631077004	1.9509067205425605	0.25951481947003785	1.2077232786150693	0.9020876877227798	-0.4323933143665839	-0.8318282494972791	0.47765950556241354	1.0235925006454165	-1.4729138651998892	-0.6990530829177128	0.898580915009022	1.2164552533793709	0.5815331948618515	-0.25097436865817374	2.4691442284095557	-1.8244010550798422	-1.5216243163625436	0.2372904152923262	-0.6013082766112731	1.132665128635048	0.14922491599183885	1.0982660275546063	0.26720247484967	0.010525486519228662	0.8133930110852515	-0.43773966887139487	-0.2886148032765976	0.5490041771819527	-0.3803236673433529	-0.37732935272332135	0.4585594343639366	-1.1308258021690551	-0.1915296037440133
DTXSID1024885	0.8582823587473726	1.0618866470007946	1.5313591876560815	-0.14763825317419077	0.42591151816840633	0.5504146304229941	1.3478068901625455	-1.2450069272232693	1.326973471468847	0.6000736385579941	-0.7627621069047769	-1.192531382326799	-0.40588120140258394	-0.6710818099178901	0.36044263475816457	-0.842006336901464	2.50707253652781	1.1868636076132288	-1.5404314337249037	-0.5973970710996743	2.015350249391472	-0.37213833050690226	-1.5231713908365083	0.609360961007163	1.5354138914118265	0.8320348639168024	0.8416558930600277	-0.353506690789463	0.022975110596493195	-0.4136631594956816	-1.832075267091458	-0.6132466623418492	-0.8487932445965372	-0.8863162407378591	0.471357374043049	0.06328484946065523	-0.23077166338758076	-0.006692942892690573	0.3716389212042157	0.7363417470106127	1.061702406299797	1.2644049616377246	0.07686574125862967	0.523684452022617	-0.322570914149863	0.22230204800318956	-0.8671456959058705	0.16867467698771657	0.035217824053518317	0.04185158853707267	0.12939360053737461	-0.22388846917503052	0.48603002303304016	0.14093456735451057	-0.5057756166696132	-1.122514649603294	0.16387046571501301	-0.22794296645839385	0.4219279186495511	-1.0159104118883056	-0.5506900547813123	-0.0222959430861261	-0.0722394312048676	0.21642945051954726	0.010057401277854098	-0.5172415295197035	0.08779966292851202	0.5110880701937831	-0.2694465106787628	-0.49632454189119246	0.9096003278851296	0.28512376110299786	-0.5047684210014768	0.9031833076060857	0.2569145558160806	-0.037610077993879706	0.8025993888632047	-1.074427209277699	0.039095948519148875	-0.5288743229348665	-0.3667152473648411	0.1308038459057103	-0.7715243692668036	0.03715557831547041	-0.5789284090230208	0.09093425281924422	0.45863938648065555	0.6063693957985045	0.5500521480341269	-1.0053907029884905	-0.1168259704062575	0.420002457725819	-0.04969491972297184	0.12433522028762067	0.2264315940606182	0.49254921048766426	-0.0043802469217272405	-0.16878874685744127	-0.22224032967291912	0.25762129548732676
DTXSID1047815	-2.631306731041598	1.2114086855322765	0.693388858809327	0.010197816597303644	-1.8411446379125995	1.3087160002052451	-0.3312516465407093	1.4768198392692842	-0.27188974843946795	1.9152243285216084	0.1884605988679345	-0.7051012567847313	-0.3146537699285927	0.10822990751230709	-0.263417898178249	-0.5354300571221564	0.15611253050185603	-0.01251681766858301	-0.2505280655435258	-0.821171112521283	-0.2626800465518516	-0.39063929232665673	1.1747430285950942	0.23621521544461227	0.11578398378987782	0.4541959570982869	-0.3927575163908324	-0.8633215880661158	-0.09508580257875997	-0.36785271823750276	-1.0618368921224388	-0.3364532958219034	-0.28488839967661655	0.21194332785442818	0.5175720378725327	0.21623497078931045	0.14371557088417272	-0.04073819837894963	-0.36943603972591926	0.4000585238923217	0.33201582055905676	-0.360094974680709	0.22753573108715128	-0.09385503841406506	-0.5407445050758333	-0.16292888675723974	-0.3830256309087697	-0.4736807206211248	0.0276781083479554	-0.1769732473867205	0.10524449905471236	-0.16696684360167818	0.4072312361121859	-0.23061293690562287	-0.09760858321793615	-0.29953507535503593	0.3649858286004708	0.052158417279580045	0.3910920371181728	-0.3199656506053619	0.18551253282139768	0.24895333566702293	-0.40519082981855725	0.33535620076189926	0.169549928330471	0.6122034987603544	0.06414852058723709	0.12068383482186605	0.07761396624853774	-0.38314870457142786	0.5148312082495596	-0.6466386299582823	0.5777384992259067	-0.07804918642685955	0.028945123102151585	0.6426973337857126	0.951525014973712	0.31338521010844833	0.9042724199226817	-0.6390479483186113	-0.1614491545302969	-0.4906975132696687	0.20496873353681822	0.28807790200039346	-0.868387131704251	0.10067895830145265	-0.07916750888057879	-0.7326003278058907	-0.19721673897054595	-0.3824258927641732	0.6968766461476137	-0.006920231697448182	0.14291738650581634	-0.07051708941607661	1.132481892469857	-0.151292257179098	-0.18668620243171666	-0.24580056719737406	-0.09950252773206135	-0.05111801572511018
DTXSID4041232	-1.4238442536710065	1.7097555134885838	4.352142690005183	-1.604356446696059	-2.2672685449924606	-1.1471226676627864	-0.5758519397290007	-0.5436471530723109	2.0320077656219966	0.8884946016246146	0.6680730332586915	-0.38095023169888215	0.3633838508913871	-1.2080807972290046	-0.627208741256496	0.3808690018428981	-0.35676178504345746	0.5837636563540949	-0.08791047542627678	-0.07754663371012124	0.22548731683188308	0.03126044229662157	-1.3846730669065768	-1.154064282571243	0.8050573004302228	-0.8582523953434771	-0.7438342186817313	-1.0224513147197076	0.16819983584583303	-0.1394715663342039	-0.0987709810545518	0.5971740975327491	0.6898110705988828	0.6173960357311524	-0.6221061434187181	0.7013780891320052	-0.0240812711550113	-0.06463409163759737	-0.630839990531973	-0.6994160961265177	0.5720878339830886	-0.2778434741548453	-0.6179243011501653	-0.9953403451467068	-0.37362456243908404	0.6249357588288504	-0.8441990328197129	0.1841218046595388	0.1831318604041302	-0.18446052541038646	-0.25032743193329504	-0.3195293535425421	-0.3301397673205302	0.20521756938712765	0.20839854421746007	0.6505357200223483	0.0664010983925861	0.5900190520384927	-0.4006046811991599	0.3004473335568206	-0.821652416499782	0.5423264244535997	0.761883480860532	0.1000374062570352	-0.4806807817371677	-0.7646900567375436	-0.5624055552652666	0.41602233727821003	0.3166899306363733	0.645269483108685	0.2553972749876638	-0.054698288044619195	0.5408067305308808	0.07569216744880056	-0.21185558379833955	0.7105323560711946	0.6658744854662947	0.9748409433595984	0.3228084140117561	-0.22016146256458674	0.42577237554874836	-1.362847239846316	0.04424790173099869	0.30536437182354276	0.517817265588166	0.28302948994009874	-0.9477993645238788	0.22983276078025988	-0.2169055960201546	0.5009274206249533	0.1613133662804388	0.8903834249521345	0.23730403737490371	0.4933016158328943	-0.22287414766330693	0.3064471202143026	-0.07020458981009205	-0.5339352737543694	0.2868291554442316	0.7504435493265551
DTXSID5020281	-4.369656352569336	0.365832939176985	-1.4313329956897907	0.5607204769263451	1.4397474973700575	1.687697599719194	-1.1844979521160195	-0.7688971613044812	-0.2699393025221671	0.37556995202282994	0.9408769311802223	7.0690019037476	-0.7703815805902227	-2.2561873396610244	0.2362579492508937	-1.038870846509846	-1.0965134977239588	-0.11420978959662113	0.15812307430461647	-0.38630940874491315	0.13463639921132733	0.11219429465894137	-0.13940610510507367	0.33837585906654083	-0.15228836995018516	-0.43103597440566516	0.5811595684728823	-0.5320842442505851	0.2156253739308334	0.12989307442079404	-0.14271218296353494	-0.2756282272917766	-0.007817982592027846	-0.18417510828109854	-0.5413299656433679	-0.44830626423947795	-0.032323066894047764	0.12127394594180312	0.0501245619037162	-0.18407523304127232	0.09276189188867995	0.2195229229219878	-0.05806294484088187	0.1982343917741209	-0.36440470377475037	0.17724970874368454	0.13659987133302115	-0.027493470918559484	0.08735217328938417	0.29664782862090167	-0.029589969415068088	0.11161080726363032	-0.10609962997945196	0.1442618397660602	0.058554778429526104	-0.4301852584270294	0.07882790735244859	-0.20357752528584766	-0.16909451650230506	0.012163020964663866	0.15963560563382378	-0.27065985145214977	-0.18122082713663298	0.331827889685201	-0.06290105138886819	0.052947409851255275	0.10593968194256785	-0.2864221125805543	-0.34426029698390687	-0.07308164668958597	0.13300627946649649	-0.23332222118313276	-0.003857692892830638	0.16424752187833133	0.03266613216952152	0.6291830708090773	0.23874055345639264	-0.12814832017488859	-0.29114681753637833	-0.32125996815132196	0.4061088661640647	-0.24594864774481426	0.6988292542440966	0.7690414851754738	-0.42406323130641754	0.4256421850302148	0.5999676380686242	-0.9366522944352924	1.0024131335618116	1.1913995939587996	-0.2515025473915554	0.47354206670614285	-0.3118886519226372	0.23738957698503235	0.19980664683939153	-0.6818205893132327	0.04258162920713048	-0.11820397762072579	-0.06753354098991185	-0.12697536858222033
DTXSID3047265	10.836939669189531	2.890583411997383	-3.190598392424377	-0.9158070369666094	4.096738071660441	-0.9452372542948332	-1.2283947521792533	-0.6026913049736062	-0.32673702885409434	-0.6555322366505804	0.2641934817874921	-0.6715192134038159	2.1997285240861655	-0.22897410256793171	1.2381425862619304	-1.778592884426331	2.612768998151488	1.566652153045055	-0.5351353753051281	0.44985435341969837	2.4736271177923714	-1.0728001724378908	-2.420696515561425	1.4814606289052605	0.06102584085114695	2.8743823945989853	-0.5249530097199019	0.3457493779349184	4.827318622926446	2.89008214934606	-0.7529665928747642	0.2596496494825146	0.7665879567572493	0.2780337813370549	0.534375471363908	-3.189871390633283	0.053543704963864146	-1.491511839053649	1.3458443832847835	-0.3064999493773768	0.742181293707905	1.7923989926802684	0.06277665315143321	0.6111885925520298	-0.36487817971020664	0.17642030729462432	-0.8896180117098105	0.06565101881536631	-0.1841855993014758	0.01960093694836456	-0.02162700666921621	-0.6648404065742848	0.14729430211061884	0.30219108324120275	-0.5069172570085004	0.34236611310167775	0.653424409791981	-1.0767288827590766	-0.23178730426134886	-0.6323948664382301	-1.1107465120908888	-0.8635083093016075	-0.08615349453062106	-0.5968823795841249	0.45022931240650205	-0.1868039141444956	-1.2184624765054446	0.2706164217248746	-1.6157916850317553	-0.7572770510991661	0.8395276813703488	-0.6010653220222525	-1.6946692685743994	2.3718226562819678	-0.5250215565357739	0.046073461975758435	-3.225284864647329	0.24831095333825057	3.760703593640334	2.2292500412574365	-0.5041069447958868	-1.3511824643521249	-1.479076495201908	3.1844451137290704	1.0342530042735225	-1.344571317104705	0.17563571039074144	-1.2590293187870545	-1.46218598672521	-0.10329611261944062	-0.6684913667632881	0.054868889319427856	-1.1192468358942786	-0.9721743517643235	0.632426130855066	-0.5987400631984767	-0.0783342965430506	-0.5563062470981248	0.6461803303013448	0.45255137363813247
DTXSID5041851	1.115450040749966	2.1594899372636402	-1.6921471839702376	-3.3731948012243844	-0.6375046212589537	3.3669256279007005	1.183268235940457	1.609703214153532	0.15490244510730877	0.3288790220022557	0.35518754671517644	0.506062163497892	-0.2671184344996895	0.895466411555088	0.6192074502474233	0.20357134338769084	-0.3876078201986714	0.2039853361056816	-0.43198205023006275	-0.573231072487282	0.05792169627343381	-0.18275155965142525	1.0492075560072527	-0.10601691853054203	-0.16791889538494068	0.23719815419425685	0.5241104672590501	0.2819887743355145	-0.15988718868244714	0.5335910426641917	0.8614225235104228	-0.9532613673299043	-0.5582681173616374	-1.0168466427652594	-0.29328002657231395	0.3003602837995487	-0.5616700267438898	-0.5618583079143159	0.2252146928199578	0.42818776418377974	-0.2349526139192692	0.702218902543466	-0.45867853706132544	0.2783070046269566	0.37515523633256237	-0.8108918524633038	0.7255596881491961	-0.1447526201464778	-0.12207724371097843	0.005699898771782923	0.1954943898835212	0.1876891150965098	0.36903914060477194	-0.06625543068980047	-0.540125205260467	-0.3302490612629781	0.16528886345437493	0.13877067616032904	-0.007440290022694094	0.04187781419865783	0.03256275390870434	-0.6395409071502229	-0.16890823982116077	-0.19182427739517777	0.18547500179725485	0.21364101542533123	0.12683995364491035	-0.10380922636435845	-0.7151064373631587	-0.0008187413966323751	-1.3558242932561904	1.0146455870913345	-0.06682048187460095	-1.047751781301273	-0.08316214433007527	-0.5014803267494649	-0.26355238653222973	0.0322580157148377	0.9775117768361126	0.44987057829218646	-0.3201423269225572	-0.1427749364942388	0.1843080518700216	-1.4518421783138853	0.37936923981221604	0.2926248965002197	-0.5727090423957336	-0.3354357633254218	1.2289877840390921	-0.05290875790111037	0.1281479964561429	-0.6632851328456165	1.5212470551769903	0.8717246105144794	0.03632874102562392	-1.0450900312627005	0.16599466324698728	-0.0663846436423572	-0.17163489794555342	-0.09664351032657625
DTXSID0047036	1.2175546819269776	-2.4972259353384443	-1.6059419492577902	-1.150587207109599	0.1695244473769499	-0.9681495668647228	-1.4893196376764448	3.2410240315562455	-3.1651649775210005	-0.5226697289227414	5.59005316166575	-1.9155704443650696	2.273894318399555	-0.7610854460744892	4.085629478875582	-1.3491492355557713	-0.449119073007601	0.6763392417710771	-0.38407434757737774	-0.026058786328978806	-0.5196236182067837	0.6084672377529622	-0.691111300816966	-1.0519037569843461	1.5118265491629252	0.5383994275560341	-0.003844527933225183	0.3454286879312734	-1.1081313917347475	1.231898692168319	-0.7870297206937515	-0.21005415121985616	0.11605808717296842	0.959213008466851	-0.5251567691285601	-1.2489849437113003	-0.17054459565023228	-1.2517819859381614	0.9612999422078691	0.3825000538800252	-0.9880867245344647	0.13235234631761064	-1.363631792854001	-0.1604468454719912	0.40560987182071595	-0.4644185805768665	0.8462077310531557	-0.11895299776868251	-0.1728731962271647	-0.2403446244818166	-0.047795394889606595	-0.3885593804174686	0.38455308254611653	-0.5205946830223819	1.0976182178985106	-1.2201315281765222	0.10195067072667004	-0.9459537315140164	0.11529641086850526	0.29015507684756453	0.41933285922389146	-0.9773829546077633	-1.1111600290583035	1.0187032957666398	0.6911655505833191	0.21127433526024586	-0.5561880121374404	-0.227583260987453	-0.7092462602463429	-0.32189581675310874	-0.2601399875125273	0.007236047024136032	0.1518438562425871	-0.15597586353892087	-0.3216226468496457	0.33443992785155996	-0.9984578133663946	-0.06250627268176923	-0.5825696104486036	-0.4353687199268706	-0.5085459808075176	-0.18106857520092637	-1.3961550070340936	-1.3412908073577587	-0.28915495143505093	0.12185500249859975	-0.4053357856285881	-1.93357871809416	0.5665586906116992	-0.8268332309747659	-1.1626960843221423	0.6156120838663355	-0.4096563838907904	0.05939325556457463	0.9743159308799785	0.9475457922962738	0.11213319784478006	0.5655388575404311	-0.0067618992450076	-0.26448496989674186
DTXSID1048592	14.360623579915286	1.3030209290718928	-9.518178545899998	3.4615349692199526	6.635680093471588	-3.2875749056293198	9.252683119312268	4.553414209247968	-4.405861209856603	-1.84834472192624	1.9891190221184358	-1.1656301714709985	1.245081447543972	-0.4878211829856704	1.8176984844438733	-3.607294636790306	0.149004210210033	-2.6830192245698705	-2.3231368479066674	0.9979842557747505	-5.134360965945077	1.043116696900403	3.8359973854294633	-4.108479624478716	1.3377176205049324	7.6551927119455225	-1.8684124620912073	1.935427397709482	-6.318337370557015	4.492717516258061	0.5358521055013361	-1.715280102853532	-0.5669371163111827	2.1841944859764157	-0.8719755302075791	-0.8126952009006065	0.9864799396829547	-18.129810679799416	2.286446793285157	1.5382655996555787	-1.2451284732595094	-1.5645260772449034	3.5141463134363673	0.5599850956140182	-9.092595686698516	29.73235964978739	9.074283718847658	-12.156717855661372	-0.4469228438257288	14.026185555931216	-32.75418595602198	6.570920084387963	-18.174703118442324	0.06546094004697885	-19.00696579219768	9.797983985448164	2.1560611752840653	10.089053815696646	21.292225309153523	2.92737581075242	-0.26823716386213686	-5.667041765589453	-3.722297281933195	-1.5765795089104053	5.099135557540209	-6.504775858988986	7.1682689494311305	1.0430890749073631	1.7467929286355022	-2.6359118401107744	0.39725654418617207	2.3546987600491907	5.660844460165045	-0.9978978508447026	2.061537974431252	2.636278610973012	-1.2016441933640112	1.3552744384100224	-0.7541742865251458	0.44898348922662107	-1.5745722062675325	-1.3115381976262885	-0.817844973165652	-1.51394974285375	0.6071811020174142	0.29638476637675304	2.984938705651948	1.1279326778740462	-0.8211548282646114	0.6892931438377529	-1.5245057396984518	-0.5501221693464461	1.3762159561681198	-2.4907086436117645	-1.2537080007532395	0.19625696370940288	1.3356453038853258	0.23915119502301196	-0.7116885205664544	-0.339616360098463
DTXSID7026368	-3.976279846740866	-0.013199126197264538	-2.146991799481425	1.318114987374608	-0.3167185923338244	0.04491137693071138	-3.8484551384957753	-2.3415271070699326	-1.9227577344377909	-1.511372623820488	0.3251015977838697	-1.575622322080657	3.980636115225004	-0.5399763327950186	1.2162343078734748	-1.6727196614899065	0.32793284186925864	0.4134758357085689	-0.15325881649843018	0.9360022428328305	0.6607256789598973	0.5070129168592823	-0.21468986584343822	0.7728245650881971	0.004126991247925198	-0.27530138867537585	0.39711610166087963	0.8547281776026787	0.14838902735824416	0.2372244531886553	-0.03102947314361088	-0.6931914140665071	-0.22415449854446196	-1.150876672509144	-0.38032486182993186	1.2668064930207554	-1.294709841373724	-0.09838963735143104	-1.0076050075394656	-0.4938271107904035	0.43032043025406036	0.00034455506319213194	1.2261195191623344	-0.4609347347474351	0.18495805359313355	-0.5397409777446808	-0.37165642655458414	0.6771384624388036	-0.31077224234310513	-0.017301223855976048	0.15256637393518516	0.41191815005051635	0.4549086804300894	0.6737553320052944	-0.4321489542620901	0.7899951432493765	-0.317505861658403	1.2454248993195711	0.6407035363576356	0.30559567155396083	0.37775156397627874	0.7468585076533876	-0.09213796634175705	-0.1353943268032412	0.32862022378555844	0.48897583671497563	0.3318703452699529	-0.7886462131103003	-0.7215507818945789	0.03430620410646946	-0.5049958228435227	0.32032452235068326	0.322293154267846	-0.8525914330574264	-0.22229028679563906	-0.4173692320939893	-0.5729796519316079	-0.20292705810223635	0.4788944729311543	-0.07403349211408068	-0.026395518216129784	-0.17302989233718094	0.48892302876008137	-0.001035025286542015	-0.21165941300026705	-0.4661565160943221	-0.5007541558127295	-0.05116921700607351	0.4045272244934845	0.15132826842031544	-0.15164418794871481	-0.017391008393390014	0.20504229572564422	0.1273912896114995	-0.1492096559499611	-0.46331165180099626	0.3799337846901023	0.1257412724827416	0.04833707553865103	-0.0496751534963588
DTXSID3023427	-2.022743463268041	0.21894326214485554	-1.820668625079577	2.651503392596123	1.6649800339054464	-0.5078070800521217	-0.5724067790669091	0.9322598862439027	1.9959990705515098	0.30464044258251083	-0.6743807523578889	-0.1125882304159626	-0.9473364751943208	0.4414627308120313	0.9239368274515392	-0.08959570570771698	2.69704384017257	-1.4918001014928757	-1.9546698419538697	-1.4907953639417872	0.40619128011836947	6.656014566978147	1.1553295915986688	0.9346349441637075	-0.8411423196066192	0.7585800302443098	-0.04666015450667048	-1.1713780722407956	0.581437267426789	-1.0834973948377582	2.0694814346036914	-2.1348456612976174	1.351503603746847	1.4988875873002205	0.6124717497712948	-1.1432217546076662	-0.9079494488649633	0.5327649921220736	1.7082296085264463	-0.8660558915606484	-0.40791756522534783	-2.64274545298948	1.428061894506931	-2.5654391980135216	-2.235477895047407	-0.9855638763356339	-1.0676436521353954	-2.1765849276760942	0.8142474547599818	-2.4868141065115807	0.7858830589448343	1.9159043454100593	-1.3759999470407325	-0.10201052957104358	-2.810444074760822	-0.727265881766063	-1.0325113250184077	-0.8861342105089062	-1.9847222156158557	-0.22708230334057486	-2.198595868058204	1.370548220016401	-2.216313938120812	1.3157744052325153	0.7409003178723653	-0.9699126512405314	-0.844724991383737	-0.3537432439566235	0.5265971338255664	-0.44104704219844365	-0.027925846280345057	1.0986959763218391	1.104883870104465	0.8549107293869802	0.9768295824670257	-0.9534366123198218	-0.8401931233913092	0.5757900027706713	-0.1552134237095855	0.30913271129842607	-0.26173486216098063	-0.49062335935605006	0.6936163357921665	0.09833385893766737	-1.0185511183627693	-0.19060915278781443	0.213256911736501	0.0391113073850671	0.08473460924264557	-0.040533334234336194	-1.217371828671152	-0.3067491579740657	0.6272819192973185	-0.45827130097935137	-0.5981232333600527	0.6957374792968256	-0.6610382439430569	1.118257868236192	-0.3959621038294883	-0.03549432511724791
DTXSID7029162	-1.626368186588004	-2.1651364556974433	-2.0224164562421096	0.23084630107528775	5.572520582985627	0.6249509186761227	0.30701540832200486	6.327986790125139	4.1192934594908275	-1.3402104722020185	-3.6096505923188715	-0.6570890910523691	1.9793863609360078	-2.5041194175807835	0.6961234625559579	-1.294450815669841	0.05723988311362463	-0.2775772019195943	0.25025822695503575	-0.231281349811757	-2.3061909255707924	-1.0260704436281392	-0.9690460100834651	-0.10741495107169827	-0.9560315301041334	-0.5130957706851552	-0.8961029142637583	0.6349881459718127	-0.38374355051682185	0.26122162077179506	0.877877598332794	0.755282860013451	0.833760588619794	-0.3189584753442721	-0.9853655441480259	-0.0031881520010187694	-0.10884160853697135	-0.06693705596612542	-0.15220774758537442	-0.07451840954058483	-0.8909458035852261	-1.1925003971622	-0.16924317123107477	-0.8947018918067783	-0.009283587509776512	-0.2999666590071273	0.4032166854868023	0.6807637730565416	0.16127995204927165	-0.14830362144020395	-0.2071609210233085	0.220574199889546	0.07207255289385005	-0.23075277175542294	1.0652950522310443	-0.08784474194487732	-0.2832673705890608	-0.06207096035734245	0.4578621198117644	-0.11702761112823762	0.06643442485258258	-1.8613284396642569	-0.4214354287940081	0.28611282812486716	-0.2702606359581999	-0.556948951238463	0.9102698402649838	0.6387370006110343	0.0016075401504613452	0.17557329334166485	0.8672607018780282	-1.2548003372825052	0.10390026750301955	-0.5156729924873065	0.13108540475941527	-2.017559532442805	-0.7942594793469384	0.7329057164059807	-0.30686943421975804	-0.9998840412878074	-0.7695219662511839	-1.3953192848254086	0.04711348778497622	-0.8068689326722865	0.05941634832578991	0.25710869353953425	-1.172194871079332	0.29725668966477636	0.5707190752314545	-0.40489065171332134	-1.1573411316918045	0.2796361918352586	-0.19011662702850765	0.6872540543990473	0.5830729275383971	-1.0845204184642403	-0.35326752630260955	-0.22338905322309802	-0.5529547932362509	1.0740066596830768
DTXSID1057745	-0.631440331790887	1.2284039449929633	2.9655506366694033	-0.24834296593414243	0.399365182281054	0.7133928841612593	-0.7045839860951285	1.1105835819319796	-0.06976998531987945	-0.35444986671028506	0.5114433610059487	-0.05740152358106916	-0.40648153115953434	0.5277993212311818	-1.138588019849394	1.0173724834691356	-0.9524777655527302	0.14117504626284422	-1.6427121744545465	0.2639309205137194	0.11552394493073416	-0.4656427718132424	1.5358367179067411	-0.6652064645405277	0.4437456739361562	1.2462479266093012	0.9828137195209353	-0.8173936590177573	-0.1580259912151096	0.2225035461607598	-0.19405543586725638	0.4511033365608092	0.22068190335299007	0.34390784599654883	0.8961169159503203	0.5435865189119086	0.6827862279275292	0.38142105304979185	-0.4252691905046866	0.04410786289329193	0.4527720939555879	-0.4430505995167519	-0.196982087564015	-1.1777909064874414	-0.5867779779427973	0.15527061567678432	-0.2324973348548724	0.38265461224732866	-0.17725311540568012	-0.049522253891142905	0.0632728928794069	0.4270031289831385	0.20528731410764806	0.048029994107941544	0.39808139606492504	-0.20435156308845248	0.8494355791319671	0.4451066728226209	-0.05026873254460555	-0.50418179844884	-0.006672331303551802	-0.1378741600899039	-0.30907738606840907	-0.19653507782000687	-0.029239988543719134	0.6297025427582156	0.715295658039574	0.06690438851286287	0.22554690731923563	0.5263772861969644	-0.42943221210805704	-0.5011834525058841	0.5292816993567052	-0.549936959216159	-0.017571557845882543	0.9629418117841088	-0.021105135802185353	0.5306876579849846	0.6365258809554325	-0.8597900804507206	0.17039170708099186	-0.49083003756999816	0.021573739697369056	0.09327422442226506	0.26405729700144487	-0.422089105735275	-0.16866975520161	0.05409014965659916	-0.3812626557889852	0.22859778237181402	-0.45501971980745437	0.423578584496345	0.1662483568556397	0.15055232489248868	-0.0941765713555953	-0.09288964070106767	-0.35964600894960436	-0.64728162913962	-0.189728005656908	0.3545123835497871
DTXSID4020791	3.9047587571769724	-2.445464121350015	0.12029141875354922	-3.603864434794597	1.2666741803374828	-0.9817780162587538	-1.0879849427555706	3.2718803880065823	-2.5189666337371532	-2.008871076373202	-1.424282858795402	0.8284717222656922	-2.0644068537793134	1.9938932441852675	-0.33105701298164786	-0.389025956433549	-0.09904484422808577	-0.29294348931392783	0.14492834992622186	-1.1315455518038002	0.8430565560018173	-0.041973346449492355	0.08098264017067758	-1.2509846873612882	0.8823184328135901	0.32400086222492286	-0.9640262156039983	0.1720454074640619	-0.9675318059510303	-0.3990970557367893	-0.8687836011168548	-0.18196565720766328	-0.11188874743361964	0.4411280703147767	-0.2602876763608207	-0.7544302088524797	-0.34191367205040357	0.18941988546507194	0.0998003964919864	-0.14095089697705954	0.0443324480249436	0.6173348213090053	-0.12049381361246142	0.5820729448803911	0.07236441446563646	-0.5204978364944516	0.3150277044757326	-0.3662512483569701	-0.2066909624017899	-0.15493334041367518	0.1028423918904551	-0.2078216027740134	0.5492857924430485	-0.5500024540178162	-0.3611948262733803	-0.5665352660950844	0.033122777754214086	0.1652994573633085	0.40877507196226703	-0.24265391809011777	0.6399309430798715	0.8001629197750778	-0.24276442855810157	0.16009499512169031	0.18873721394903917	-0.810243391619858	-0.2325247585177363	-0.18286790774833744	0.09195502915902422	-0.13833984528433682	-1.0517669157970728	1.1813618213466086	-4.843812834113688e-05	-0.13766993788223172	-1.4866231298429409	-0.7930160097231871	-2.284676736648504	-0.02972055891547728	0.07955719037801215	-0.10450351277057397	-1.0596170167232606	0.12328573635179942	0.7344285577975669	-0.1886713778531833	-0.42638281560856245	0.3310442734667047	0.21384143012269463	-0.9006460099949241	1.4836748877458725	-1.0214810277771582	0.453334183350052	-1.59802537985982	0.42882518354086363	-0.25361947597445805	-0.7670416237561376	0.24194076687835475	0.6561922922076634	0.23225411963010345	-0.25867576685960747	0.349381859933144
DTXSID5057676	3.4148429033930188	-0.9524648724042376	1.8941250209187341	0.6913277553781021	4.594880374999099	-3.1011175625250034	0.4010453456897326	3.1595133190687577	3.5865044705357962	-0.9852663306107611	-1.7709590753757825	0.3791726853966501	1.4041350166560622	-1.1618185196338582	1.243666638908877	-0.9328076964200291	-0.59668310134371	-0.3708322135204682	-0.38004093926729954	1.748137226763182	-0.3199348240888282	-0.8280482203660994	2.3583820794151626	0.9474669238351705	-1.3088783722046433	0.9574255686724753	0.10717503386046	-1.048472169896191	-1.5066804693303253	-0.6826493773035852	0.7301577496563691	0.3665708374351625	-0.13518698241935403	-0.5896973989861322	-0.598048842346605	-0.6003953766727619	2.2515235824669886	-0.4256375175994939	-1.0119091516042285	-0.4735008710689094	0.5106141667986603	0.28873864551517514	0.2093967020799778	1.0880316901845408	0.7219017781084717	-1.2057577990661414	0.04377773201852737	-1.496139512705233	-0.25998748170974045	-0.005828434119103514	0.1563588120786659	-0.7162004548712257	-0.08758374906620632	-0.40175706888528856	-0.6101635442783707	-0.3367038123348514	-0.3106177124873453	-0.08243530075479272	0.17426822930921224	0.5540926887364425	-0.2019459046556977	1.4428155177072042	-0.6695537618986824	1.1027681817594233	-1.1109120080260062	0.050480120197839484	1.0240827173315092	-0.2563589467920041	0.1778652162391334	-1.200844519282229	0.10854692291934498	-1.0340242309650858	-0.018658147722968834	0.20963032870207113	2.4077656586501535	-2.244187822680025	-1.3759560118385346	1.3003553490449835	1.5424347275435382	1.9559235779977244	-0.6577935527184504	-0.10292464264878787	1.1362920544394999	-0.29514187219060956	-2.224286551140231	2.893324571315764	0.15779637938726754	2.3842061208675642	-1.2915532080104206	-0.0299305421474971	-1.2961644426587118	1.6822081201073305	-1.1210437967266453	1.1234391380888986	-0.3082584392313096	0.01256037969074558	0.32004181720052177	-0.1467568917048974	-0.8260564453348848	0.11751461865874183
DTXSID5024344	0.11789387666012059	0.3645461556880727	1.1581936376303221	-2.4218386702991883	0.315736687555889	1.779698294566978	0.8397083904188903	5.3060880446152225	-1.0260389171232427	0.33531059410309544	-0.9436786366734518	1.033875415581369	1.19089451994297	-0.13808171041710712	0.2519691354592483	0.11442217488664896	-0.2554965721957465	0.049998895741726224	-0.9401989500645688	-1.5062537503465943	-0.46870242265795253	-0.5994511340214153	1.189860857595836	-0.6992671738756201	0.5575312045156364	1.5382879111666616	-1.2851361620408002	-0.47548230064362834	-1.4952100595461961	1.0497477718074086	0.36177745322905497	-0.8436897675545673	-0.9141758606847072	-0.380901419982002	0.4539609589579813	1.0425959152741324	-0.38237362090906674	-1.4649375848278496	-0.4669128601892508	-0.38297481858938925	-0.48461425040331496	-0.4575055475031429	1.2438217758301324	-0.5163507619375649	-0.32681277195799363	1.4812815442868128	-0.5979339250098512	-0.2778245806978661	0.37531447464865125	0.09832322291901353	-0.050458012300939305	-0.05764685975372141	0.5899560430803801	-0.2244375113784452	0.47796399378171983	-0.3503649070616223	-0.6028327553878292	-0.20820994840689497	-0.5659718066937023	-0.012002760628318497	-0.7806541340886166	0.31698100577229876	0.057093791520124046	0.0752835201991306	-0.6966399969589897	1.150849437352047	-0.8222647742836626	0.016815809454707436	-0.06269420785869945	1.619288449489894	0.29556134759351305	-1.926352256423154	-0.9736511966857798	0.41012795734313867	-0.4779512041524956	-1.9159348417283875	1.1182920150638398	0.8658669559501118	-0.15808766377420216	0.9608324006053273	-0.31376088542573727	-0.4557933381191913	0.36111526179803993	-0.8849521192704682	-0.1431283709413356	0.6689773850699174	-0.7075814555564629	-1.3857540097128969	-0.2832454479858925	0.391133897392412	0.2456368484581289	0.6070090177813618	1.421930908417748	1.0810347046298798	-0.5846054380414839	0.3974527881373279	0.25881153127323364	-0.2845119576278384	0.7709517972056551	0.09966304919710717
DTXSID5025231	3.624138638894787	3.1641929622486034	-2.263724951742489	3.7609996214808934	-0.2729263503356205	1.6254338181029409	-7.679873074745277	-6.97619777907321	-4.640609650473881	-2.5503220120565784	-10.544667786016232	-1.0551877428110878	11.503866504995727	0.24922198197261622	0.3128356251639759	-0.7869329591900805	-6.2370705903668915	-0.9151001705339261	-2.5254509315051887	2.9622064912296255	0.8053342571673127	3.0204475011464957	0.6712201006309223	-2.406668518635598	2.563358320830143	1.87389106348818	0.8212517022936083	-0.0172340219946047	-1.2077082485122308	-0.46993799246007356	-1.1929646480299636	0.9180095214284963	0.03554059159279613	0.6818311501073916	0.6474902902353596	-0.4057898098357537	-2.68051029101723	0.590595031226168	0.09125051816707651	-0.2621363491346159	0.4137904447841081	0.557276995041302	0.25180151788148986	0.1001956045831928	0.7527747304110961	-0.0374019697739747	0.030661947315629715	0.012819876792207077	-0.6186278576748941	0.5357267317480127	0.10417602391069967	-0.3908001670218863	0.8128614515720948	0.5138010723023978	-0.08977237777874225	0.2983097602405453	0.6244351057326946	0.38270734732232486	-0.12680122694991008	-0.3897140452716077	0.1901529992806223	0.5270377192595248	-0.5914442170676131	0.805514636483905	0.7269030176962962	-1.1963662784280384	0.502450693008816	0.014235546633313974	1.1546302681862375	-0.4792525342631286	-1.362329973746282	-0.48287591868380547	-0.06365096720963627	0.3139847506109553	-0.23422931782052858	0.11752420215671248	0.3449463483329526	-0.5313420945418572	-0.45817077936318484	0.3273762224349223	-0.002969854152646722	-0.043332902979423146	0.39170834053312115	0.09949811717080821	-0.029595752324463574	0.4046478764471285	0.56247052978518	0.03895129679794216	-0.09302037076745306	-0.8498915019566523	-0.1359986057594258	-0.04065566404183815	-0.06292775853912683	-0.5072412867089706	0.15172768384595098	-0.7766262618357187	-0.5763917288325807	-0.01888048240687851	1.0795173282356394	0.0744432272507406
DTXSID6021668	-4.1375521924931284	-1.7572671978563672	-0.7630162000746996	-2.402877119096247	-0.056014777776002285	3.2075312162721774	-0.8223287580041168	2.314925440258624	-1.767180568913128	0.2619082876765063	2.5770278240217173	-1.6017545071577866	1.719911200045129	-1.3091291302478696	1.4951547777543774	-1.0609696082165292	0.17613748246709746	0.1888030783684188	-0.4195986382387353	-0.5357151734153366	0.2688853406126764	0.05024943777543969	0.07714703005810945	-0.5201697640968607	0.7468842671923139	-0.4549781856630492	-0.4413249179081897	0.22024676212456343	-0.738262887457131	0.5670421636389396	-0.7673820376934842	0.7225007398867554	1.3924607572760925	0.3311770646896785	0.10531104772724069	-0.5009953884153296	0.22923014721114732	-0.9077127472908344	0.5151125140704111	-0.4076378183325937	0.0864256411841436	0.2897101109620062	-0.7847998969917701	-0.07481064347445011	-0.06433384065078568	-0.056254488738716024	-0.05802774862821338	-0.04983881655567991	0.2705005106764958	0.014177520415401922	0.06040403863347157	-0.29402371852950515	0.4197653542391601	-0.039100172286303234	0.6584540393345785	-0.020232472833041484	0.7291033254845599	-0.3484266285531404	-0.17491902575507837	0.5569713162264153	-0.9045538087948418	-0.1993544124601158	-0.19783265119324356	-0.21371101098238432	-0.23360819427190066	-0.010546857004737	-0.03213372688121272	0.45833645421535896	-0.6122861536301418	0.24702303392645172	-0.04771229986225802	0.7268827333093257	-0.4205158448952595	-0.03883964702669506	-1.2467156065027734	-0.14602009213683018	-0.8436263415482049	0.0828331026741543	-1.0456246269069696	-0.09270877458660752	-0.8056289763220064	-1.7925488931210407	-1.483453824462248	-0.9244427938939345	0.3021847120157811	1.203283073637577	-0.28864767778300954	-0.9462685450556457	0.365780169517372	0.19843948413470894	0.40638170274311236	0.5381160884152528	0.0025582490102968856	-0.03749875874010178	1.5882044073376176	0.8619851993480685	0.4330354409694517	0.5204416528787341	-0.43127147498651186	0.1685362054726099
DTXSID1035288	-2.0937106223417237	-1.0796163768678348	3.741150467507971	-2.0996767258469418	-1.2320500769767826	-2.185875673678051	0.1509166676421985	-0.9143334568219319	0.551266602268996	0.7389629693296144	0.7011566543669145	0.20039639669424106	1.319993324379098	-0.9945868291513897	-1.6483894992394186	0.043123295974590053	0.18339672016615824	-0.2082569147371332	-0.6154799970493406	-0.2871278879184687	-0.4814350623330936	-0.2131283590527248	0.9387068182056922	0.6623611253864605	-0.9218280975426363	0.06168771997599208	1.1490614782252573	0.30038912462392603	0.3760308006404528	0.36618111607110215	0.8598293133542452	-0.10132687341388699	0.3217073000711306	-0.6873375370318611	-0.9816118450499534	-0.3991357952204711	0.19569671649712378	-0.9184311302858642	-0.20845435816792093	-0.20175528214208266	0.3556266785845848	-0.022538875401790927	0.36405324856942894	0.8482539449937164	0.5160964426077043	-0.6751275909316345	0.0521789536478485	-0.5022199090418783	0.009996921657693905	0.12364699405263099	0.05333588391776311	-0.6068035905930875	0.24667859406940054	0.18061118768196835	0.00926172827047578	0.12897014715696473	0.15074609726006652	-0.44488077289635664	0.32596167772033313	0.5240737476809328	-0.3587172865843863	0.022067066875200998	-0.4835569383123206	1.2818072943337522	-0.8296915459433998	0.34791127813346934	1.1908195390644631	-0.7786341010797017	-0.008407780941202488	-0.46361295298216226	-0.02605564811135962	-0.2872986349154215	-0.2161876928643667	0.4858650276282457	1.4719644130119285	-0.17289401172133	0.07250843080213697	0.10929588783757198	-0.14663194337398805	0.5603650625481811	0.49451175486233045	0.6799372317716398	-0.22237286316285057	-0.12308928584521811	-0.25327157164655645	-0.05339922014210142	0.16751519757374198	0.009869173014237871	0.11018600800851297	0.1369277438548867	0.6542870681250266	0.17837782692896417	-0.3247976163023365	-0.1831202504889325	-0.02271323689888892	0.2483789536669104	0.05969730109186568	0.28090068354815945	-0.01681966843080606	0.054788005588993806
DTXSID9044871	-1.8640110817125637	1.516012452424864	1.7767647921744036	0.726732381503087	0.5228891854354825	-0.5875587552777143	0.2916544478484419	-0.8623471834885811	1.1789260661862269	-1.0093812095409682	-0.3416682093239005	-0.3466862763974453	-1.0675281380778372	0.9230179961134743	1.3581158501509114	0.5107296373088083	3.088411029387507	-0.876402423754252	-4.079201644499076	-2.5797894945152846	0.4723950316757108	7.518474944079193	-0.5258959974924443	1.1717368905766794	-1.9738317977778763	0.40284735267726834	-2.512979539922701	-2.0238205590050478	0.4458879078557413	-0.9008168600383403	0.13879394565338005	-0.5815088063092559	1.647307122225026	1.9294081016258968	0.13399731718396823	1.165506266984813	2.550240286231457	-0.7188978112709636	-2.065844941248908	-1.8036924364975682	-0.5368709564861913	0.5777031405788159	-1.1335676805258559	2.473761303538238	1.5170010473239828	-0.2335481189786417	-0.1002530571075235	-0.2500850086575834	0.8263092919968203	2.690681249218822	0.07330422059520274	-1.3833674821576556	2.220722104207206	-0.9033782303379816	0.7296982849083034	-0.12339856474225248	1.9098467824235756	0.7232020772114038	0.7537808669548531	-0.6274898521812344	2.4779386937933894	-0.6948147783270815	-0.619403898953843	-0.3885682329060347	0.6219080322267018	0.8479347753025346	0.9209062028782297	-0.813006815577316	-0.19187272373287895	0.9566962090533669	0.39019549417563754	-1.1428375855178958	0.6679016494534923	-0.3138350934344843	0.41310049608726	-0.6397844480387026	0.32795166419866795	0.6105693422248413	0.41705315165962364	-0.8667791075934177	-0.01493199192029419	-0.08797034526045394	-0.284305219165775	-0.06327571560107109	0.3918519327968503	0.06022146969276453	0.2624769132258257	-0.213770556591365	-0.3838104420190703	0.2454574310664289	-0.05668656161188722	-0.276528104443599	0.6233222058935374	-0.06047395186287781	-0.03925362852214807	0.141885901288948	0.6924852136650302	-1.2941511927862392	0.0018772490469189389	-0.24796797986555807
DTXSID0043763	10.669600336600908	-2.5252538181450355	-7.550631837795778	4.8843959455598185	14.016347730502419	-7.093272386700938	6.00155608191686	8.886543511411029	6.093734494225576	-1.7321587217357661	-5.106133075585691	-3.2859002149697627	3.875198669205634	-3.2768621041679915	-0.6018611102538551	-1.0366823795704991	-2.741823646774713	-0.510010816723781	2.2489840987809475	1.4706600070000193	-0.16010106256981857	0.23499376484604229	-0.46789002363657073	1.5891126777048197	-4.014428175613518	0.9280547549646823	-1.2750406695317724	-2.7383331022895505	-3.4696154106110244	0.10086953368986437	-1.332855539790469	1.031419779778179	-2.5320197097143042	3.0446252628848605	0.9305064540271205	-1.6047997359331392	-1.889764818045291	-1.718615572292068	1.9793996260951312	-1.4933632466298763	1.6511894711154589	-1.6129989456773652	-2.146594114812666	1.543854649929667	-0.43374396392866627	-1.0871010062397755	0.03445950425677187	1.9808503036272034	-0.005020658483576211	2.030555880010948	0.29957301660081875	1.5803456649965515	-0.34746247015533754	0.5704512087835772	1.4195102438417113	-0.14250378133710118	-0.9170060794711283	1.7285641128545164	1.0846491152146265	-0.044435785542139915	0.15616723131250976	1.9349500705291258	-0.3855123357911105	0.7580895888273426	-1.5833199948017744	-0.1630249376828797	-0.8765528681645295	-0.004475301543341767	-0.4472939738090744	0.029759409025919312	-1.0581958508511802	0.6646279929690969	-1.2320589920682246	1.1179462916451417	0.9171770694495023	-0.5647049838249963	-2.830697669628677	0.44331412207812676	1.431244843387372	-1.3716411430190119	0.4687139304179429	-1.0590827655971933	2.4080447627983492	1.0409902761891807	-1.976252589239128	3.361921677882638	-1.722617149947743	1.9132696135332212	-1.5237655288404988	-0.46656529640777666	-0.951019860650058	0.9880907286063576	-1.132990843780591	-0.35945263331120375	0.7423750637433387	0.0032666287945989463	0.6270473356702884	-0.6782642085155725	0.14013003178977176	0.8673709094222973
DTXSID5023825	-7.331584142108752	-2.6901503761073156	-0.08692899624498027	-1.586661347436101	-0.9994943720476438	1.372035046962963	-0.814224436639715	0.18743165563316325	-0.22880128044180845	0.13409461064925943	-0.38845809999759423	-0.7677110292503184	-0.9045898971172259	-1.8400841817780274	0.08487816374618837	0.2007389546535215	-0.4105190960538265	-0.5152265837952186	-0.08620065836253799	-0.05020954653099683	0.21527743852154016	-0.10325519168251059	-0.18306176783780911	-0.4917545750093899	0.09341599379222196	-0.5834972324752177	-0.14580200164191487	0.3115347621594536	-0.12849274583740158	0.5366902286897631	0.622739756396263	-0.592390243979902	0.41868257443122786	-0.08071340584842361	-0.183353271666277	-0.20406621860511984	-0.39414145893098296	-0.30639910800357695	0.1783205327445866	0.12100622758315506	-0.156224848090922	0.13839738018325196	-0.2231217674082099	-0.017542421421730257	0.1961532108915024	-0.09142569927955921	0.15261950024875984	0.16417694197971108	-0.06624725802750146	-0.025413739377786664	-0.01423107587190625	-0.11276017759122221	-0.03105375590027769	0.06060277837959464	0.22160153120508588	-0.24066993690331284	0.07485964996488031	0.09689401698066953	0.19443777774712928	-0.044825043440354415	0.3353733669149432	-0.062471359574675256	-0.09419830879491571	0.2875188342513031	0.19789004505552368	0.09979095914550597	0.06773484492240132	-0.14621829901810857	-0.3365951350936313	-0.23504696057066146	-0.16734509194824934	0.2928178324942542	-0.27552626148220194	-0.10375099042134962	-0.5378013289204937	-0.15014851538334867	-0.9897605504595085	-0.19227544234818106	-0.5386842445613761	0.012084718782376179	0.08560698289601387	-0.36107918593050714	-1.0888191385064572	-0.6865508544665877	0.24908090925047843	0.5153249809896491	-0.39880051864500765	-0.4229798404444666	0.22702763120726008	0.44626871371578847	0.3265058030468074	0.2006308288350975	-0.39522494507137346	-0.024876447590005537	0.09297417652883527	-0.49686834077239345	-0.3989074215072054	0.04569620612268996	-0.021033416622842624	-0.7422944399105317
DTXSID6049068	0.5037567605931867	0.530982393389876	0.6100164528772201	1.8306818991729394	-2.2221238481759285	-0.1645705109496008	-0.6910850000132966	-0.9977099830916104	0.43354705357644313	-1.2381794735475102	-1.211844158893704	-0.38449457245337915	0.48592123629225414	1.0733431796536916	0.5060740832526271	0.03910772073456877	1.2453284703361873	0.7638431625807521	0.41235044150039585	-0.3920884059996758	-0.20822982706477586	-0.5776130365676269	-0.3290458246180687	0.9118497430439677	-0.18708719994347225	0.40817640766034224	1.3338195691292847	-0.9383764607055366	0.04909666712178623	0.13649005637798847	-0.7149188705141007	-1.262624556786721	-0.13645723150076244	0.47918848343237913	0.5209537563590713	-0.6245434586274932	1.2114814477768232	0.25349062403237577	-0.0017614523662784116	-0.5994603763587252	0.5402090423794123	0.5705875521475382	0.010532002560243385	-0.5340754872412337	0.07857337834346419	0.18844611551336915	-0.41060140067311324	-0.6009483484722543	-0.042437407259195085	-0.15713757357994224	0.3907897678839896	-0.13485860706597938	0.33617406128263183	-0.030708387501954256	-0.16312531213667777	0.056510062226592675	0.5198580786982315	-0.011672277868508076	1.0277876205022205	0.8504908733677646	-0.5835225790520249	0.6582177658381395	-0.2936781227205713	-1.0246652980705677	-0.12467994497965423	1.2528906292568007	-0.6222988279428643	0.040089560495782085	-0.05023611095246388	1.308766781513752	1.324668236414149	-1.166265519270856	0.6757470007932634	0.5916540257538829	0.6024402002684718	-0.010365065855938124	-0.5173478443697089	0.9165033528275528	-0.09847640239924361	-0.09158122910759126	0.9225313317417094	0.10633662385748183	-0.2325941082073739	0.09504172112954905	-0.6855744516211542	0.9267501264288525	1.4692250969075311	0.151944050559719	0.28861405975824106	-1.1908407700232133	-0.12215072946945811	-1.2357217252737025	0.2698364429436809	0.14388587783128678	-0.5657100773217396	0.9283161368493931	-1.063255715499327	0.37929890600883187	0.39397959432053453	-0.5278280269942968
DTXSID3057642	0.29859299529720673	3.0374759282571286	-0.12699148359935475	1.9241874438703852	0.531325071797393	-1.5650246454363297	-0.824811870450068	0.7230136633477369	1.0614583441420624	-1.0207739343014492	-0.9513816089235191	-0.524764330515168	0.16855390157927008	0.9238544504241981	0.8218426150496063	0.24183236419135964	0.1506081260395051	0.5779404999791111	0.4287483812359554	-0.9166133457683157	0.5474771827677462	-0.7669465102824826	-0.6028471501155758	0.9273381345999802	-0.39907826000190466	-0.0417821553671378	1.163649817595925	0.5569670862194137	-0.3057128545370916	0.5279132062896901	0.24577280175120725	-0.5858157477486453	1.040317556242178	0.22243216029703658	0.21108812300775048	-0.4943545157003665	0.012220613208075826	-0.39577103495171345	1.1923530456402416	-0.0654081740378319	0.1330448580950733	1.3009433410576214	-0.6762834847868414	0.9128720632744949	-0.9167519139025722	0.3753681421424759	-0.2209074647599874	-0.7862561264924802	0.12029783861003883	-0.18602604034764816	0.46148667712172425	0.19552556679286692	-0.17430873756443582	0.4958405169613333	0.5454997972798118	-1.0933292073451308	0.6081914544119376	0.491699294219988	0.17955996605393618	-0.1625822991145675	0.30812288704443547	1.1515636426190181	-1.0967104357831194	-1.4436568605654914	-0.26704366277810515	0.10426972924643681	-0.021696410590403788	0.07139179384265165	0.7028237347898733	0.48124657268349597	0.10911885441836942	-0.3993242574302183	-0.26311240502916977	0.4876295584785503	0.08772865175643427	-0.07906988155485045	-0.5012427744883677	0.41096778349979535	0.33694003617875784	-0.9706861007934234	-0.22332331293491106	0.023811252818512926	0.3137862954506601	0.38389954747216937	-0.683844207119481	0.10910656737574838	0.35496394559723177	0.2701861615494847	-0.2852426731670637	-0.2034086469379156	1.0703549234735084	-0.51868945232171	0.5033493403661753	0.3775652417619898	0.4642779483292598	0.37533847897944195	0.19882247494050406	-0.2844405217479145	0.4113948908864467	-0.06263019725998217
DTXSID5045465	19.99671007589204	-12.180409651725359	-9.618226390282809	4.855495425789343	-7.317608021366928	-3.0385305010676054	-1.5567396578152508	-0.1379800688745875	0.47505428611316364	6.709259945849903	1.1089685513781598	-1.0330153847812757	-0.09247627139444929	2.0837500602181303	-2.980001767228519	-0.546400116305766	-0.3575648281400517	0.5290743946224052	-0.7333418150741815	-1.4841903516666375	-0.5610190366670739	-0.5266114296085801	0.5621305643040042	0.15677709283126604	-3.397124151279443	-0.9315836253946836	-0.7289910622796327	-0.8695338909881112	-0.7427311680721405	-1.0916050520569938	-1.7818594763161084	-0.23307591418378304	0.1619527854789545	2.637345121757885	-0.7386014360097631	-2.6135328232397237	-0.6600946290964739	1.0117115691466758	-0.23210719518978337	0.5086281603999419	0.16112351961551744	-0.037470177842423784	1.6812880958303276	-0.876347890220919	-1.2093818824284108	0.47678555168128595	-0.9236099642920432	-0.10751016006648045	0.145673789937068	-0.0172501975741351	0.026075884920052778	-0.03928739283221576	-0.18756031376380436	-0.08588534124034802	-0.3955979570776214	1.0866405611818624	1.0865581793700538	0.8356033032844695	-0.9325839957702504	-0.9390449338506544	0.9072466647909537	-0.018288639140129414	-0.09235761029712615	-1.257458270468251	0.9718306523747238	1.0686570553159003	-0.24310177228139168	0.33051904771232027	-1.0171955738675613	-1.8104730314857462	0.9994294563104126	0.3455384756387938	-0.37055852630869196	-1.8300009847902095	0.45219681677101287	-1.86591036861514	0.8513083241257008	-0.7620299836941703	0.614789093343777	-0.5446328697260909	1.142451625300922	-1.2937767157268725	1.1992779640179423	1.827120403489279	-1.4713815646640327	0.21171347614715472	-1.970005613072948	-0.8277944503819752	2.252172922019176	-0.35039093043071934	0.5911348909930061	0.6676477128141013	0.23666083625326148	-1.076007238795542	1.0457754916575406	0.8479015016309286	-2.2245479310032303	-0.3975830371950545	0.9996480694886359	-1.6188056521360816
DTXSID2029298	4.179862141441415	-1.808043791021454	1.7579947237831102	-7.628694132266541	-0.006529328647043102	-3.484817044437023	0.5842449268323934	-1.3004359704449986	-1.0513764053312653	0.8491993403349024	-1.706343535510422	-0.42636698744010904	-1.4430781977052511	-2.343465342392053	-0.9902609632871369	-0.5785571220572259	0.4405936813452539	-1.1511913709468542	0.13656427531607385	0.27544651251645447	-0.012737901675984408	0.39210799875813024	-0.039869820143165875	0.035554501089479544	-0.9984653626889595	1.0955866407989834	2.076319734108921	-0.4787468121436563	0.4914260243699564	0.6243628069278992	0.7590355849834466	-1.0980512575887476	-0.3550411753166973	-0.8665051947155145	0.7830492495458535	0.2544011646753805	-0.13646548538384443	0.3857990417399386	0.6346151440540667	1.305815232261556	0.33949702584791	0.7552888887963187	0.15962381347002366	0.9939957280779522	-0.09825625036183437	0.015609926825672887	-0.055029237521598565	-0.39392572858961744	0.24351874132097906	0.44508447723273936	0.5276445265337488	0.09221366216481876	0.6407718501162367	0.3693058377463293	-0.2846934731262747	0.2815744144541039	0.457758316922708	0.19521538128418842	0.3618359895141972	0.20970628128247787	0.1734987650697568	0.4803811495002426	-0.3505620033329689	-0.07793371461323233	0.30239467851950685	-0.1285026833214193	-0.3869117727161223	0.013124507437830972	0.3256968142700242	0.7742793902726213	0.3106384439930545	0.41783926557691015	-0.6486292106309398	0.2463978225016347	0.6839037755054791	0.26362976648844944	0.11871799132231875	-0.1503655938411456	0.2936371693580579	-0.20413730302872424	0.3754721123045716	0.007975320603894779	0.41028644624576566	0.3054928227497634	0.23537760899658577	-0.1321059910934855	-0.6453719812314372	0.3822046990792188	0.4255986059659976	-0.34665485744094704	-0.8975807210471284	-0.8000493877255367	-0.020810785464660156	0.11294283856651774	0.5439426550609265	0.4622922366621449	-0.3108453765633744	0.5335807913912933	-0.1196925689597227	-0.4322393496949745
DTXSID4032376	0.8075938699568651	0.06131366894457628	0.0800508320319657	0.05566078164153778	0.8546096366384726	0.47271171646596005	2.3297745798942366	3.404305959590843	-1.0218500654855822	-0.7478350280864532	-1.5996345963675562	0.45939454762632925	-0.21606203585345524	2.278182913813761	1.5011882597235708	-1.5112393770078145	0.009125559392204658	0.20928910717664437	-0.6061294407711697	-1.2613438950022033	-1.8137482855608713	-1.7781410899393895	1.3046944615274283	-0.1346652813498542	0.6003794496882299	1.5648142149429836	0.5513631237251398	2.1459310715932918	-0.41143861758128913	-0.39392913964669607	-1.9626474497529764	-0.7648070896595713	3.345130293998951	4.576391692637501	2.226822340096004	4.01197723743531	0.15328339397453125	1.086503217428179	-0.844629231240291	1.0180629607012113	3.963449193596764	-1.7839250937042745	-1.937610858628066	4.217749361392735	-0.9235495266178649	0.3642974202014467	-0.9783767687344752	0.3409228844011122	-1.286751203904404	-3.23688214262218	0.13095237056702988	-0.4341640024013512	-1.4707034705164679	2.5207998656801034	-0.9148771118508063	-0.5385628084834271	-1.6913121443336037	-1.9547310667455373	-0.14346105466492778	2.7682706227880205	2.6897898979152477	-0.5421932217131517	0.8012468882642303	-0.742646290873241	1.6138235607869142	-0.8159423642483467	1.0090972765083268	0.16132771956172326	0.6814572661134288	0.8336894849454933	-0.21344498748075721	0.14426715836298726	0.3962444720393571	0.7162447468610763	0.9263595217528043	-1.1591975609638143	-0.31533727075549955	-1.0948709658148692	0.42332455465813	0.4503809462333732	0.29137033335240714	0.6930940454226437	0.2394817354145544	-0.3686352590511991	-0.10855884064002132	0.0015652759353653417	0.5998538232415757	0.47618651491858466	0.3628564313208339	-0.07310777900219491	-0.42206172233134664	-0.3393055764970526	0.28291688781202873	0.8798336265434052	0.048624015328151554	-0.06838995779883571	0.7954874595907034	0.18510758775962236	0.3413081134120027	0.016259182776556025
DTXSID1047786	9.652292970230228	4.403808026028328	-2.193931080644679	1.8265268159398667	2.727227847739136	-1.8669756430091071	1.1609691612698274	5.854829069868449	2.0559652004174986	0.059227590923153314	-1.5060708846139663	1.1277232062771656	-1.7584803068484633	3.4740282042916375	3.3477258687595297	-0.5420967075177051	-1.5165083618590345	0.7763242104670722	0.09078336013989902	-0.2544269696891136	0.9214377715162425	-0.3401685543642292	1.7366825553166805	-0.3634396018151143	1.7860904555228183	4.23161180574391	1.0576256580073449	3.259076888577699	2.8403244283614457	1.0913737040689946	0.7369698290501137	-0.23253956360439426	1.8930237844784426	-0.31833506046928955	-2.292917957196054	2.6411773986682294	-2.222148784646847	3.221150500443252	0.36781330611049057	3.9225793082343503	-0.4518177532888863	-0.3206025766787189	-4.050883232312205	1.0401421439703444	2.4482598647748417	-1.153633658506141	-4.587272249968967	2.0293515077032707	-3.1314422765267507	10.060156329247746	-1.2826098556250003	-0.8351150167103731	0.10337037333155738	-4.523843289926916	-2.8002930459840605	2.8880961568724297	-5.300682982545804	-4.76381234884864	-0.4735951742169336	-0.6085804415740311	-3.1514384893372114	3.5378299498716066	-3.644031226790509	-0.38646274972220696	-0.9175162534527656	2.9283291698317555	0.17642399114684199	2.0543520913249695	1.2788056092505373	1.160492147116134	-1.370678692948142	0.6704102752581079	0.5968307319510328	-2.5110922580119763	0.24741301587561254	0.5639255318868819	-0.9715114676534327	0.6622787911200781	-1.8541199551902705	-2.846362687856555	1.6454781673650045	-0.08149209512580731	1.0026617907343456	-2.2980104430026262	-0.0550158544734581	1.1103191482244572	-0.3564285114323956	0.517401661940324	-1.0931412108957568	0.5070048142039653	1.7390381517481208	-0.03013059437035745	-0.6431956487345835	0.7590987460420079	0.6605797773313989	-0.8120251845672378	-0.02123549674133682	0.622156979386223	0.007100843305755775	-0.5046705165570678
DTXSID9046108	-2.1667628348755814	0.010049681449401635	-1.7134327562480292	1.5646120265931018	2.9522519583004145	-1.3483292635794302	-2.8155455769532587	0.6288551122132817	0.8848176975016461	0.14346537673799734	-1.3405584270497077	-0.3510517100508915	-0.23696137265603925	0.9703334036839387	-1.7543970088773158	-1.5884977547317025	0.3056321185231203	-0.5687372864766884	1.165285541269702	0.3463614800734665	-0.4408931641605961	-0.008633611784398046	0.9833099784405955	1.1509155074462214	-1.5432093234976374	-0.5752366558828205	-0.7430179170751415	-0.12527296244491035	-0.6793738690863557	0.031419773547812016	0.39039977882875865	-1.1567921856057302	-1.6412321012260118	2.580387027665397	1.2275454120868186	-1.616572544216585	-2.0087470303180406	-1.0505011338923873	1.557220840386888	-1.1970984209673567	1.2608266203476082	-1.573875251534475	-1.663784009155696	0.2605731912706164	-0.882891705314356	-0.7077532320755439	-0.7742656215333384	0.46275138497565277	0.1999644045804661	0.9898174807454794	0.5819281299371958	0.6478410429077789	0.3958784482640753	0.43460755492573594	0.36045500542038317	0.9178837876385396	0.006642802521458132	0.8261484411304575	1.5995393986133128	-0.16550860534248504	-0.6469702318199823	1.550497124802061	1.5611428655010209	-0.34697248960806476	-0.8992384082484893	1.038175372189025	-1.1174571465216183	-0.6246780153906786	-1.283220296580542	-0.2545413394893717	-0.38901613642417887	1.5489536574260174	-0.43826317750263827	-1.2791542967381542	-0.9751684203568121	0.01716811152348121	0.5794480442264499	1.3381103345703023	0.6316702504803562	1.0271268017407915	-1.1573153591506051	0.5111940776313947	0.07200523166867848	-0.6644731683245327	0.39226518907542474	-0.5404789927221588	0.9863376283044448	-1.015051525386231	-0.38974841882612826	0.3300784986016047	0.44687411528499066	-0.09896465743158536	0.09245956333714138	-0.24808029090604478	-0.6651224880159244	-0.56364159613556	-0.45995883221500644	-0.26449469661507147	-0.12249851323929963	-0.12055612568748461
DTXSID9047259	1.5939378231329844	1.467497567513803	1.071527525825412	0.9300007910046553	-2.0725052410843183	2.4530269998210725	2.794333855631832	3.877521762387046	-0.138441477208599	-0.32301691334773847	-0.24169441193898408	0.9378555315139125	0.10530492365272695	-0.3455107379909564	2.331644515276686	-0.5762011855195192	1.498542773266876	-2.26244312678611	-2.471395901703684	-0.9499822775882012	0.4954099610937356	6.626734803886934	2.0790068662909587	0.7972836147862701	-0.4522930334590261	0.33078048100473756	0.12011178038296601	-0.8679803197280029	1.1605283528658705	-0.8950369214771314	1.570461846011051	-2.693613587506632	1.7797576691353054	-0.3471231950091996	-0.2657682034798023	-0.04696435762909655	-0.2613185329495169	0.36484731057591563	2.6431116391519143	-0.11061521925568953	-0.9489939542983208	-3.609824388720728	1.5816533851893397	-2.8741386225056518	-1.9391252892529915	-0.9185330258659958	-0.6466694783358653	-0.6805703205288398	1.243137038658889	-2.2085425998937214	0.7468271266520824	2.6947690387015135	-1.1163377332827136	-0.1293911853803158	-1.835022718532283	-1.6499138745599489	-0.5546761496341162	-1.8084135884855044	-1.0928480721372245	-0.036093568189872846	-1.6356934493959383	0.3267764793370343	-2.6350003437733984	1.1369779094712622	0.5953882271899911	-0.7244741545840465	0.6573561551688207	-0.44120736670418875	0.18256546743949173	0.37911486336213607	0.18389951042434044	1.6183201851611018	0.2737900761958059	0.37703211324023816	0.6918369630358586	0.5383858439241566	0.3634742110242454	-0.9240506601322006	1.0704732207202086	-0.6485078835548983	-0.5089420281039694	-0.4268972956883398	0.473053839869209	-1.0497869493665988	-0.6404406646723856	-0.015520487704724785	0.496487741985214	-0.040368380941931147	-0.263640754540685	-0.31041705357215493	0.3228746670722596	-0.10249782853300801	-1.0918571420044445	0.16048824732895772	0.13276486286201178	-1.132420660430635	-1.1345143680708862	0.3365604306377783	0.15163662235077222	0.7323745040609092
DTXSID4049373	-1.814934229654505	0.34651693560191127	-0.42791151076308864	0.9637458934905353	0.23122642549422553	-0.9732189264900847	-1.208877803193928	-0.3378299962448716	0.1308665829829963	1.3164948246558592	-0.2108171967187056	-0.7048616277994928	-1.2056130457937433	2.9104278826643	-1.2687056698189414	-1.4157250204372311	0.5330936995745752	-0.4191501559465625	0.455137906455893	-0.26110615221258165	0.4010625989542506	-0.2440681586672796	0.8075305591766202	-0.09679737979664894	-0.030973498365331573	-0.44677904464167295	-1.1093116409119241	-0.7679319160843803	-0.3549897429181393	0.18755485559897486	-0.3445247590092668	0.02267832671450089	0.2926488482662108	-0.4233513078118707	-0.8151951208387096	0.27004777925647394	0.17214685814817554	0.17867873605412818	-0.6766460113539805	0.1424439005045053	0.09633285033163289	-0.1486627459833686	0.014227934599662937	-0.06555873611222807	-0.19306125014069478	-0.003294774910848683	0.1701422016835743	0.08663173252313208	-0.20663373394464296	-0.13462155578371823	-0.27949343135512017	-0.16270927361541607	0.06809657729516362	-0.2456430340692587	-0.2581159356641444	0.23216390747376045	-0.15926467322651047	-0.04990235812804638	-0.503094461539765	-0.23925114602012004	0.2572754561733233	-0.12804490083386644	0.4382969353013491	0.5359295870516736	0.008103499306244589	-0.7489493357861344	-0.1388684408152883	-0.24407682663462898	-0.3131758467028596	0.18777452881824747	0.38036215571430537	-0.3325031977189656	0.25090209091672355	0.02530778444278651	-0.6390530628759392	-0.23929902888479054	-0.34240835686643656	-0.1299295728309863	0.1915535503029655	-0.8906128931511831	0.10694497027562953	-0.31843459999815177	-0.2150612410385239	-0.59358356710718	0.3072513182851041	0.39547083887027207	0.26671938933614564	-0.883580437672937	-0.2608917042165727	0.1700401130703109	-0.10688594097745639	-0.24366111793882148	-0.23255458047569497	0.12809160482995333	0.2979395732141238	0.14261647246594591	0.005743291247999584	-0.17171370258663435	0.16256511833833062	0.675419628821104
DTXSID1048756	6.947404228072866	4.047345663365813	-3.077505766716475	2.226779518466983	-4.754277750674044	-0.5565888832650838	-4.557542204106023	-3.158961863237753	-4.897310589851683	-2.3887437154083164	-10.272438152288483	-0.25588474845663445	8.641423910108829	4.930625833707343	2.220174258935319	-0.651680757854313	-3.6242719076492764	0.25988670672431247	1.6331999088278277	1.2785370520824333	1.0126086800552725	0.9407999090425583	-2.4707290873815198	0.7995567511660009	1.4844110917107067	-0.2933159249198788	3.5122300674547056	1.2711621403657294	-0.26478466132258244	1.633491816025414	-0.5251438641315482	-2.133292968085881	3.132609486622265	2.363357313292188	0.24624354412061766	-0.09482994250777627	-0.46145082205595866	-2.2061322511915757	1.0916243777901757	-0.06553515709970803	-0.10866758322948547	0.7510122274576864	0.0044405869537689855	1.1249642482452569	-1.2854008620519333	-0.3737385974139732	-0.29655032782500557	-1.3030016984031385	-0.6093900177493896	-0.9796531324819494	0.4281398977107407	-0.5690825098324354	0.01749950716361368	0.8323069098780922	1.9932717422183188	-1.2578894058682262	0.5606472797018152	0.7734195831546458	1.2676747093038412	-0.8295355745341179	-0.433846434706859	1.9040264619179574	-1.2449309670468744	-2.133844942085861	-0.2898271878999206	0.7352545820241696	0.47708389770918014	-0.03883578217248803	1.4823205429562698	-0.4259925138496743	-0.3106018155602763	-2.3780814175623406	0.6556822420905649	-0.9234373435265569	1.0886825232318702	0.3809473522139109	1.015475826124718	-0.8331516753620831	-0.758837893333679	-0.5717804666810805	1.3428375184743568	-1.444761479913295	-1.0027549643895013	0.737507020097755	-0.034523727138239375	0.6298562014540262	2.465818928065544	2.5815723443582734	-0.12695797282887808	-0.7102356815975904	-0.6643505577727122	-0.4178988402329942	0.4125951889851445	-1.4732666254052658	1.1800370723126479	0.9969723639688165	-1.1452267785663046	-0.5296301287550619	-0.4711018842392264	0.0019074749149354973
DTXSID4021006	-5.542687369552172	-3.3646304729560157	-2.593969705327173	1.4164307641197595	4.50446364541414	-1.3590459366413765	-0.01615313629150913	1.818876947351802	2.659611904965364	1.8893603088804922	-2.3550416775175305	-0.6366585586364851	1.1224050767699518	-0.04967034949478974	0.379274364433065	-0.8787928214358971	0.3545839883128791	-0.33551741283454733	-0.2905766503052425	-0.46635017566772374	-2.840130670026639	-0.9196897479097998	0.25572044985199627	0.8010646432878847	-3.4355748675578526	-0.426331161161602	-0.6727857111617758	2.2899277808053067	0.7710433701845416	-1.3596064011225382	0.38115215050957074	0.4427703228305929	-3.7830892266878546	1.6339226706529186	0.20837673665414524	-1.3330217087329392	-2.6923175729822613	-4.47121630535313	-0.7481069879161067	-0.41552505668902745	-3.010946230562305	-4.4456411497978605	-6.058817664936806	0.46056503533514775	-0.9220631228554704	-0.22297204568436738	2.3967635785552783	7.2579048698822435	-0.851935686987089	-2.8038729451879787	-0.46893726564964816	2.7644986848890185	2.5075196487057405	0.880036695192979	-1.223645506766864	2.259016064577816	4.803419930650542	-2.7008558889722907	2.277042838527717	-2.9251399130793656	-0.5042292317045327	3.8922717735620056	-0.28641377324851286	-0.9514297994963676	0.018082643019603536	-0.7334847835715133	-0.9685443115544049	0.13578769238520663	0.14968427521418878	0.7008043097486688	0.5152754917661377	-0.30778848621555305	-0.14592802894221113	-0.1540007469736977	0.5225513202206372	0.2713270459548632	0.8090693444798485	-0.3906128892753153	-0.6095743845063014	-0.1084048386442259	0.7585225811904458	0.3542853797682994	-0.34668837851347173	0.4015715314141941	0.9022504019675166	0.3639804475224306	-0.7356796035055442	-0.1463750264225768	0.5959032180671963	0.37147902189871623	0.30423059615666587	-0.12029966164386022	0.10310900162756413	-1.1367124044882047	-0.49925578644414903	-0.04550912714211337	0.3419357168232569	0.2208870185124177	-0.7848673544502851	0.5860076387398462
DTXSID6026161	-4.389863673743313	-0.11222120507372854	-0.4086087273888181	1.0232842648674962	0.677903986206813	-0.05110234365815213	-2.146991362613256	-0.9914303071149874	-0.8041114189309545	-1.0954602692050133	2.726738678093513	-1.169959430100019	1.065580177738685	-0.22064124600860302	1.1671960740206306	-1.401475620028407	1.7127141129712735	0.5474284150507215	-0.2397222767099016	0.07517987237382355	0.5789878809270146	-0.5407687463743975	-0.3119093706830241	0.9495619651650706	-0.031023784303938193	-0.6402073655857248	-0.5123674199384581	-0.05434789098841999	0.22027394675104736	-0.05505510492905744	-0.053805674479549766	0.21599221715917294	0.14808531681605977	-0.9594527241681968	-0.23799544027137096	1.8624434530169025	-0.5925046890654333	0.4730576571191844	-1.069124426746901	0.09873063492947186	0.31944317276010503	-0.4006659742317211	0.9846450481872221	-0.4321648221373627	-0.7013836757979803	0.11264815048769984	-0.3083514783857874	0.8468108379512937	-0.2526171909511869	-0.11927848263477944	0.002263401169305905	0.6073409669132319	0.050681057666788605	0.2685394430596443	0.12482466012114493	0.5944320533377093	-0.8681147064174005	1.1893875509729201	0.06442882611213321	-0.512738759384086	1.0473503033369174	1.103281433443025	-0.17700687149606723	-0.029892263994112187	0.12301062924136198	-0.09859091969932399	0.2698866386667483	0.1162065344535487	-0.8187558170948966	0.18194964690668725	-0.06432648411160664	-0.033310002671565656	-0.2990073809148299	0.08745014577915555	0.6385129709520196	-0.427917987386551	-0.3482504861925592	-0.6119102480639408	0.18621849929206918	-0.10829225713440764	0.2332834153164171	0.11688480917556916	-0.36865475339288495	-0.555320081506134	0.07934718576704289	-0.20620346692846617	0.22799476935877835	0.6131143349029209	0.5116801721928249	0.037929478306424715	-0.3152516459121488	-0.21835786705950264	0.04531853025536107	-0.057273779801736216	-0.035888215461179825	-0.17620351860906455	0.26473809404180687	0.26387290293220744	-0.04771571980140048	-0.25814258854567046
DTXSID5025318	-6.490659657516218	-2.7705576443657587	1.4076906667699876	0.7102651963934248	1.4737419816928217	0.23358908475273543	-0.6052176916012448	-0.6284401885017173	-0.2632805881491852	-0.9482972414379093	-0.32748941017290384	-0.16750735045766982	-0.36277298864998325	0.49000208653844074	-0.5019385534732423	0.24315168174670437	0.21180850992093414	-0.061640148981310754	-0.9309434738800912	0.04269700129931483	0.39294963444660314	-0.5633026444264183	1.6963475408007778	0.10608683771844676	0.040312966511441194	0.042647657073705485	0.6632798855496116	-0.28315760492690734	-0.24345813653436194	0.40918046419474	0.49090331353273237	0.3587281268959358	0.5866255419915601	-0.13167000592955616	-0.36406256683117455	-0.34531628044926466	0.5009378994000148	-0.1107328436483119	-0.14497796444895356	0.028850992879557138	-0.14244172565697674	-0.057341907957828446	-0.2874752481982344	-0.29619108950666506	-0.21387943341084986	-0.16233928240726356	0.07880600245755487	-0.010406879222459572	-0.04202185639324021	0.18510102817712898	0.08267199494345853	0.07397485309108817	0.031074663111467133	0.0691798729309844	0.22543369859756382	0.1020639870009854	0.48653130959184543	-0.029416018404796566	-0.0468382226788503	0.09093089426116584	0.3721744792584973	-0.06713719388578653	0.1495403847744698	0.16118860271074115	-0.12506346843998045	0.32365898429827855	0.43983231595787525	-0.6051528275812642	0.1458481108633245	0.6195063134547883	-0.19215666935429684	-0.031514887986084476	0.1054992784225215	-0.1045355710873966	-0.0583487047152061	-0.047972877647661	-0.37711519503047874	0.5983658491857333	0.07918091050723086	-0.08787109573542137	0.7641006425587739	-0.14246244498304317	-0.1239068424906767	-0.30535526888887193	-0.0568088967397175	-0.2134939171612996	0.23778004292194294	-0.12165125476522842	-0.18728796709753262	0.14848392681054648	-0.07161655797899569	0.03203446737909606	0.14323967720482317	-0.30335592691641194	0.19961991463527065	-0.32439726959080945	-0.13110283116264093	-0.11335157914517727	-0.09391786113233284	-0.22635314681013863
DTXSID6047656	-2.955961799385252	-1.85602441205344	3.122656238994161	-2.3678022456908394	-1.5155524214911824	-2.017166752149198	0.07157156547845774	-0.6065975545095518	0.589940811064464	0.8400805219238942	0.3975261488037605	0.3165403183517616	1.2629041682559632	-0.9735484152438161	-1.412018106690559	-0.03403873087588698	-0.14354472418583444	-0.1587976212121756	-0.31858509671548785	-0.07103161542482188	-0.35636783040675307	0.05360131537497441	0.19085647936523328	0.09393615271567696	-0.642218618960758	0.5417159102140016	0.6948407794109692	0.499474598616985	0.5197676550622031	0.1145725033974549	0.6380002436307974	-0.592869161487137	-0.11608892568964792	-0.5641639304401567	0.057001550919916176	0.3852769416761075	0.10498967361944334	-0.070305991315625	-0.026826997476392066	0.3104824567994395	0.3219825191541899	-0.1488651985649028	0.12509437199932796	0.35796906342713963	0.20009954586358797	-0.05840846032301114	0.23988411759652295	-0.18121415254538029	0.0865285328516202	-0.1313081767962608	0.03187705721852843	-0.18140848244303542	0.12226739027737857	0.12797773138947316	-0.05399433636393006	-0.17839847792349645	-0.013631219094881344	-0.13170155787320298	0.1855986924046704	0.05967856058596491	-0.06814180273833474	-0.2079213617783721	-0.20465018607561683	0.6154279754966173	-0.37086945284805045	0.49502037027785334	0.5443497746812319	-0.051679868698896556	-0.23932970318842697	-0.1686846354779181	0.44016902029243105	-0.10640358352486949	-0.1681748802925821	-0.05455715572739671	0.5117635489154914	0.2882948466684585	0.02301934761714453	-0.03699095818811338	0.28950420403013044	-0.15892021583054236	0.25411488086047096	0.2567452978390021	-0.08993009969554558	-0.11295617893623366	-0.1330087662227796	-0.2622970909040621	0.550779761072529	0.20043761568412458	-0.2741363601137539	0.22964634269746081	0.19283026368052378	0.08717768086061341	-0.5080818613806589	-0.1453011211606809	0.0576285318864442	0.1794130028095742	-0.16763404504555846	0.006682628007466086	0.053003650128361245	0.15621779571489183
DTXSID8047553	9.537148398071961	-1.520083887967918	-9.03113897818945	-20.038013255100445	6.918291492240538	17.77969222038098	0.7060339757529496	-8.295728824818104	12.977511740704525	-1.1640595798667943	9.631487896941245	-2.634291155792101	7.927767846591943	11.05420400230745	1.5848713578126807	2.888734272276165	-4.0451551389588865	-0.6761961654998763	5.439542692302265	-1.6394665841530394	-4.667428627476467	2.7275808133925477	3.183657382927579	-0.35508168093548037	-0.3405862554951136	-0.07590692610708712	-1.1522203954463643	-1.5543532852863986	0.7274323400450013	0.023077844293981818	0.22301129538211925	-1.762868018844415	-0.9560963043755052	0.949097171844704	-1.2197187661134952	0.23366908843057466	0.5297197112369542	0.8191529095404276	0.6685471130368293	0.9164979205503619	0.5500307438362299	0.3273814863286239	-1.2425784191844589	1.0167816292158496	-0.3166987462118936	1.2871295410804962	-0.6507128059207631	-0.27082474445963917	-0.8603663290953907	0.7991549085693804	0.033799578839332836	0.4257958955974438	-0.4026137307673722	0.45600489135266475	0.5489251640774025	0.6349386539805532	1.1189031357709354	1.466162677877538	-2.1717017856868392	0.693323958539463	0.1340654838089011	1.4990294645040845	-0.9851110745290103	-0.7515079880472237	-0.01756310008841261	-1.009759158550315	-0.0038186258991991166	-0.7627031686833424	-0.19808754664793546	-1.576655806234477	-1.2462650130006985	0.055876957288945074	-0.6338428012968856	1.1882293817387917	0.9751815114640883	-0.6794437463110159	0.3312477536072282	0.12035040632305552	0.49639084760963104	-1.316274747681283	-0.027477099750899524	1.4248059377096023	-0.0710915350171836	1.2930885846357376	-0.8679485313436403	-0.7627344520804618	-0.12674641779533177	-1.6109132296007496	0.8306304618479897	-0.5815191529533463	-1.1175947211206418	1.2518109496069676	0.16570842763238036	-1.1034484037034349	0.7392807490380311	0.7706828133858152	-0.6960265523055147	-0.40282287913258796	0.815606519546336	0.368547133634775
DTXSID2044682	-1.101532015705729	-2.4310948869909943	-0.19019559489031218	-1.577591027864514	0.8598710388140542	-2.766531593303021	0.5360037180726808	1.5876865302948293	0.5390111599167378	0.3739673219386189	-1.1691193390137566	-0.20936246981887627	-0.6273977322114381	0.5477465214818339	3.3121460420149127	1.3347363866547342	-2.4208227215555396	-0.20237184706128056	-0.20307324090919587	0.8258992150768778	0.9376648924379257	-0.7657169387205757	0.1065475663367264	0.7912456962287607	-2.0106773827338493	-0.6120430983926537	0.3682004717387729	0.7458819047196139	-0.9518180192186627	-0.5574155902578823	-0.2459206564802388	0.8101593112642607	0.9031838430381536	1.054262033590907	0.041316988769187074	-0.29787779358623623	-0.5905084675133054	-0.1602344676877167	-0.19058861370889538	0.1900272045593898	-0.620125298551896	-0.02955008301956067	0.45160473372513976	0.04068324956557605	-0.04567813141004479	-0.04433748726418742	-0.6993223190338802	0.1451978457212017	0.20621466978636485	0.8683711276646099	0.03787712770101148	0.05638263013021161	0.618230019724257	-0.2915776027011488	-0.7120518797843498	0.8820798525572261	0.33166336880212033	0.18311614299558873	-0.4904778421018106	0.1582209422314859	0.021241872999955818	-0.8414674630280548	0.9370438327879774	-0.3529380691505756	-0.08655820180567943	-0.5568644256171738	-0.2978106075838036	-0.2260507586562677	-0.030444711237289115	1.1313854904691774	-1.6917844562884692	-0.8351220248685214	-0.13466942134450294	2.682723686145635	0.022777306902525166	0.3460025047541836	-0.33481015764228717	0.04421710007691285	-1.0630596459512862	-1.6266216099155404	-1.7708848136855497	-0.6940394397782218	0.4810834216438494	-1.1179361380257165	-1.3490412801664353	-2.0978457936401593	1.6398273111381942	0.9914956069902997	0.27840553797758216	-1.537471014096763	-0.48574127371155046	0.3098619006549273	0.7826697005075862	-0.2460411247807559	-0.09381489369294053	-0.3912976983036728	-0.030306178863166576	-0.4714216998699838	0.2381274661198775	-0.5834691407255613
DTXSID4047670	-5.831883139391241	-2.44092147190087	1.7353288200828512	0.5136300278623863	1.4594902189084533	0.17186369406332563	-0.8106743685174127	-0.505653904057003	-0.3193023598649201	-0.8790828507713455	-0.27420377636462967	-0.24000395377525358	-0.31438328668449234	0.6504556311537116	-0.8223844799792952	0.4731437862862719	0.13219421394229006	0.02583239877305187	-0.9596729286922578	0.195116155594955	0.25972674719650135	-0.5159116000712454	1.4462238665662477	0.15630370955158787	0.11192183422757566	0.04761561687793962	0.6691947898701471	-0.40416471816286476	-0.1158209226894821	0.4623215946721173	0.5506136876816604	0.258578061209353	0.46449935396523484	-0.11120625753989774	-0.5406930623906244	-0.1851709076969487	0.6338903540482588	-0.4175494565388042	-0.38144862332120144	0.10163728772950413	-0.046963063600284065	-0.27241696362966533	-0.20375437779461517	-0.12236589895863267	-0.013041465800440057	-0.30073335341479146	0.051955715779636424	-0.11293616561361533	-0.007814453536413092	0.18946754419547607	0.0071196426255493665	-0.16600330998309634	0.014057858524627124	-0.01001511883729006	0.23599569860606048	0.15561297701254145	0.22762166879667786	-0.0813015268193155	-0.009587945732629591	0.13489220811402028	0.07879545052011422	-0.07647236344921561	0.2063393364754918	0.6250079605461923	-0.42019091262691466	0.21376632397861076	0.502192954507398	-0.7883257971571891	-0.05112549412694468	0.3119611822888668	-0.0716903651548068	-0.1792829696491187	0.11603262961051693	0.0047989416363196985	0.648355266037528	-0.3966071293387164	-0.15543405889148443	0.2047717613897869	0.13991687423738902	-0.07075239458205229	0.6740966980859253	-0.13017190292915629	-0.3564407769287018	-0.5215747340529324	-0.13970320412040957	0.007486741172246174	0.4856128094473372	-0.09926308346818273	0.057050310787460055	-0.04152035800043735	0.2029989362039654	-0.17670828086781007	0.012626387044235693	-0.337769344343056	0.23123621438002334	-0.135578541882713	0.1488681893387627	0.11054782530098062	-0.05493823029243128	-0.17732826988708378
DTXSID1046477	12.084197181474748	-0.41496253745822176	-5.405716600510091	1.0139937632129854	4.702885627863005	-0.5870347609784933	0.9638628279868909	3.440176777426467	-2.191269968818728	-2.2575178061048784	0.71420130174121	-2.285834070128949	1.3417147280958825	-3.5950498454632887	3.4165644267799298	-3.116752571590143	1.8423459018056452	-2.7348072352875694	0.3161031269827746	0.38169096397024227	-2.38910069874436	-0.003168001784818842	4.368657763383909	-2.1727764005761494	0.40594688539116436	6.456552896062409	-1.1863141988672095	0.4214985768643281	-6.43602576386937	5.597332526864502	0.8785534793323178	-4.24176588229209	1.0225898204870727	2.06112405603593	-0.05272474838778106	-0.044004950978187705	-0.240601724237819	-15.02141417275539	2.6355770758839925	0.2472385519995925	-0.248540552591897	1.0060327444224266	2.959602337238406	1.4759042246694487	-11.259282482321472	31.286347479661167	6.695229799160838	-9.395590235550886	4.310591288911455	10.623838306031534	-32.82559623818066	5.120719364597607	-17.56588221384737	-6.212968542062668	-17.392141071112956	11.91625753004663	3.8598890530666576	8.439453900592204	22.26707909729241	3.921998395026154	0.754506870586675	-5.541385019932493	-3.7497601392871767	-2.4271644846471503	3.292969586002977	-6.590915917010681	7.37493569659814	2.833090163786121	2.5176759956835784	-1.3043822268745473	0.9439305273672844	3.2199842466810615	5.1588629846454666	1.0143751932883422	3.1438675885465646	1.8250733504417114	-0.27233202825578245	0.9267275712277152	-0.20776165530997362	0.16472151555599746	-1.3833820565226411	1.3709251439717207	-0.8219109206371399	-0.8325349828853444	0.8477435723492384	0.42283411805184595	1.5607970448972057	-1.3223717859003403	-0.9610110607969241	0.5240318944589369	-0.543981172383975	-0.6372466873504861	0.8243257432488619	-0.6656370334358619	-1.2474833790063837	-0.08133085133813804	0.42941618740615156	-0.09462079672778516	-0.916935316398255	-0.2971191739817194
DTXSID4027159	-4.173285458699775	-3.6981837348089424	1.2109289058474644	0.628514503739174	0.45561566881280186	-0.37725332692410185	-0.6397557243827614	0.21386512980207337	0.44319056008907354	-2.089380339767967	-0.7183797204941851	0.11696312223687702	-1.0753000934513781	1.0930460470029524	-0.2232717801920725	-1.0572935133260453	0.20663192249138623	-1.4906212552677507	1.3482885382175807	0.20516974180223624	0.7273096263454202	0.7064401134267265	0.990413735725508	-0.8504875353451512	1.0406454338611983	-0.34567737224207445	-1.262156198505566	0.8097407278634076	0.009145813792408461	-0.5470016392088757	-0.7656618006976751	-0.2691590350979497	0.2869017233969804	-1.6077793663063398	-0.3094862764276111	-0.6376335697043529	-0.40560112990854585	0.37647116349905707	0.7575107955143341	0.36605113654509897	0.26724792530378294	-0.16475699213628772	-0.4305192055197439	-0.3610819668647222	0.49131683477730426	0.7651857748400803	0.5722706813341853	-0.009090955043709145	-0.1556585277713588	0.08709973681411513	0.01794460616998955	0.027530681278111133	0.27529787093124	0.03311330706920038	0.08396257396820125	-0.7629325368392723	0.3904529562753896	-0.8566094516087966	0.06123978522558675	0.8710600607738526	0.3537679557058852	-0.41324521255501884	-0.4006465356326283	-0.3906195840003689	-0.28440410426096796	1.0772820023631735	0.16794225813676836	-0.37626909735784536	-0.9852553547941416	0.2296502650846202	-0.22336245326831775	0.09895753973175607	-0.7931053915241598	0.10534013782183416	1.090791773869102	0.6012825299042422	0.42420910399989653	0.3447437899707269	-0.056245779489964995	-0.251984868612039	-0.2837608449377522	-0.4203376873046678	-0.4113959448003218	0.17108970239736485	0.13592780984556002	-0.26334792766515225	-0.020921826073049783	1.0488246233148424	0.046897156747892306	-0.11979477301439843	0.05254708975511959	0.0910558682861896	-0.13231694709105996	-0.2945473719455438	-0.003318411426737224	0.030100922980416323	0.33655455397879275	-0.27139752165374426	-0.0561757933499529	0.3157413481865531
DTXSID4047705	1.9014692565038074	-1.873056040119873	3.586350784972257	-2.075527088872606	-0.4584814986995587	-2.249574505920992	-0.27829137125670306	0.8445584019401493	0.8546019692731106	-1.2316358750857377	-0.2501619415505125	0.5399681982678363	-0.5694995174169624	0.7783706845050836	-0.7090761448437676	-0.9849637081475611	-0.7924991632217168	-1.4053519099999623	1.2724184754066947	0.6105363767001677	0.5317966028280526	1.1576057380778275	-0.08840506042656053	-0.9254878699581124	1.8640211529029191	-0.23827787187604701	-1.1880954946696423	0.6436716345154825	0.13315766318616334	-0.5187068602454702	-0.7524117489992566	-0.7271621104359425	0.028193373990824923	-1.5274560608046552	-0.08398034648170374	-0.4008438147423322	-0.7096137182431091	0.33303497795965864	0.8425505605245336	0.5606767164478822	0.6932509652319305	-0.5413909659652891	-0.05199274598716053	-0.49325983930365647	0.7208799053452254	0.7216176223169999	0.2929071280916268	0.18937200331878595	0.034058451787360104	-0.03293891233378856	0.019605432321459733	-0.008533589568703624	0.36485774634568896	-0.06364258900015925	0.29907062849197263	-1.1177294707108925	0.22821601512181308	-0.7988059596575913	0.5423040932331831	0.6560301975735918	0.03167592838997741	-0.39352547487599787	-0.8999885006652321	-0.3265524228245848	-0.12972012286496523	0.993694730279095	0.16301285627318277	0.1594006387036964	-1.093661552790774	-0.15485265879146637	-0.004978739181142406	-0.15437429794022217	-0.2675812461514636	0.09865549029892617	1.4731461856183876	0.9187272606291502	1.3812514940172316	0.12104327632275766	0.38597541143178726	0.3502173347178569	-0.6508189699231764	-0.57952809071241	0.10245239342627292	0.08236157139418485	-0.4447470533204356	0.15172093741416892	-0.4062894529496304	0.8534912150691181	0.4280375570111877	-0.3310454686057311	0.6323557756203009	-0.42904472927841797	-0.03152320224103291	0.6262619662276044	-0.4093518764569045	0.264389302512138	0.20892293055670286	-0.4801613907612827	0.1884560184856427	0.4398829627810273
DTXSID9047203	-1.6891223401633995	0.5851371110704652	0.0909985296460026	0.4125508109679216	-0.4138247280444137	-1.2394819149142906	-2.115766093719604	-0.15463361162429953	-0.011038372966288502	-2.2100940643118308	-0.8675232951245255	0.13813772879953407	-0.7423109777511978	2.13760732437105	-0.4198094752876662	0.4054420431999758	0.5239259578348943	0.27616702324929765	1.003074670847849	-0.39945968290630207	-0.03831828951860067	-0.2564651648374759	0.40610512491138584	0.6944788252920655	0.045607346398119634	0.07692152668358934	0.4237979193909725	-0.03370004126695301	0.0670523561597631	0.2895178297095955	-0.2359815520545881	-1.091335108931308	-0.4993093149793662	-0.32006522138149796	0.7985102351933917	-0.2197523858523443	0.6084611499431195	-0.30555433524360737	0.12082619358153882	-0.05507742809956872	-0.3528985907038343	0.17977845617088214	0.09038589627006395	-0.04177727455011486	-0.00539366240373176	-0.4604926319864762	0.14825957746563562	-0.13729897760970325	-0.08961324304690586	0.33280145956187435	0.0820869593878696	0.03189920083250639	0.41377520114054006	-0.2926079202806023	-0.4493224452234078	0.25404389979623715	-0.08140044160705975	-0.308320789399078	0.39560273641098287	0.6444090812509512	-0.5489213329689071	-0.11353774638550945	0.6692172433240081	0.01318074009910925	0.16185872652328048	0.1445845270947843	0.2594206897165086	-0.9938589306895488	-0.8150635407812045	0.23263546619158876	0.40122294876949044	0.3081081573270241	-0.10174021934540843	-0.3448129082855301	-1.0304615966054578	0.3292130714469057	-0.9767534224237238	0.8094623556463949	0.2702581476484389	-0.03876079934588445	0.36916604679113607	0.21528242220463936	0.5964047982326985	0.14013327766425374	-0.09548688105024052	-0.6088040164646406	-0.6631456667715941	-0.1637107142181068	-0.034972375850131285	0.438690199688134	0.18108708692727768	0.4589882879150322	-0.04237310478365238	0.06531432102990171	-0.14339935446628316	-0.26459530126919323	0.9056187950065111	0.33941483358038316	0.5497858306182113	0.13069999590120374
DTXSID8042503	1.469269108527517	-3.359124344208149	2.119737050052773	-2.4072066681983237	-2.0011172431751567	-2.16591245984042	0.012135823152206241	0.11096562627888443	-0.13304862078461682	-0.13881070961139697	-0.7811773613843737	0.48210229148763756	0.04151930088029949	1.569196256388219	0.11357415398460863	0.30748488543823277	0.8855483387659285	0.9316571063509794	0.6899700034766941	-1.6989929534362462	-0.2490680692314428	-0.5183861280522922	0.7170941606829639	-0.06282642091169097	0.27470307437011243	0.9406948828177262	1.0295498040638915	-0.7264485806566832	0.5232555107127669	-0.9222206549093487	-0.23064790485093997	0.6409091600355123	-0.8237404866515379	0.658218700579629	-0.20090226542421274	-0.19523198473703945	0.7941267517972014	1.5394982991044448	-1.104078773790133	-1.093521627168525	0.012091246151399539	-0.2677626115737898	0.27854709608075073	-0.3623880664596366	0.0419540980787757	0.21656578662653708	0.19017486656526483	-0.45693019825736547	0.20845163004532186	-0.23939525672636666	0.19491844629087784	0.09407111529394332	0.32496158032083017	-0.41263143021227056	-0.10931784715938507	-0.467434189460558	-0.05163339248227853	0.14121152235923326	0.5035138887275834	0.19698492278141191	-0.16531082470636502	0.1380233755790598	0.3890903733194445	-1.2252023272826453	-0.4562505160658943	0.024169715840571517	-0.22439724309666864	0.2105893285046078	0.517465226164727	1.368294723764385	0.14783780754084067	-0.732312698253678	2.107923423594305	-0.9522187715245668	0.6761195692127429	0.15677782489710315	-0.49042325828280353	-0.14432342983459726	-0.7400560011366744	1.2536987067047327	0.3930859171459166	-0.433656215497751	0.32788757329447843	-0.06053373656756649	-0.4660759025595583	0.30830632088644255	1.0685115179849038	0.5552411247359769	0.781696810461627	-0.08140726923090597	-0.6881274668415837	-0.9860895461386707	-0.9338719115890224	-0.6151467199300261	-0.26983488166386715	0.700130727543412	-0.12769318763376752	-0.4517997950050198	0.3192490191618152	0.1371355516136852
DTXSID8041248	0.17229314005193214	1.9924653810855224	0.6717678910150704	0.14812661282040507	-3.5336186505134792	-0.08140547961708822	-4.617847250285247	-4.693184141140689	-1.7653888851995199	-0.7836025853248049	-7.321997238023554	-0.9360799855259563	8.190909896417153	-0.3270673185297316	0.9842959057636974	-0.325829944971432	-3.399729297390736	0.43528495970875974	-1.0791491141336689	0.7094866051445338	0.21674582359066788	1.6201459388234836	0.08119557763861138	-2.141463547239699	2.518204492133692	0.8359979568538723	-0.4779041870103609	-1.0205357594374949	-0.41614088018156703	-0.472701599328465	-1.516885265998978	-0.2363665357603003	-0.9380472985320699	0.800492213448047	-0.14902533131827878	-0.01349754759124733	-1.4221586741171304	0.17868664263177997	-1.049611310225485	0.2053266843155127	0.1956393952300674	-0.2223454789300891	0.14547741926898236	-0.40169955227701565	0.3832847525305684	-0.38125412021058247	-0.6120821005221644	-0.6409276687775228	-0.10690718006801107	0.028043961733935925	-0.0030316571963496077	-0.9267635273952144	0.6172049008415178	0.07773988111730572	-0.15516053535828384	0.07253918470097673	0.2689247144549296	0.3952871364892953	0.5577348866109862	-0.04424116410459272	-0.13290542050212475	0.2912425749528788	-0.14111151600234084	1.3671601507162383	0.34384305474937077	-0.5892302537581485	-0.30107797785902196	-0.5660812590605035	0.7663753317401147	0.08598240018077667	-0.0028498153684469282	-1.1967068622141515	1.7817457535499577	0.2297844106639159	0.4243389870121037	0.06776849486581751	1.2719778013758583	-0.3724573424616733	0.40204157194465384	-0.8376714845059615	-0.07171765501321996	-1.5182848708507406	0.4497269675585684	-0.2826293190251949	0.4317458930204282	0.7235987562370964	-0.2459306250252179	-0.9279755601454521	-0.6183878456531878	-0.4522385441040857	-0.29885214193105597	-0.22374405909982423	0.7696044503352644	0.6328188368487202	-0.7808657986542117	-0.3186834145317138	0.5202052482830213	0.1588890393359823	0.051263951813380886	0.6411716469967687
DTXSID9025794	-2.8345062235091643	-0.11484581017076073	-2.357152027852695	-0.8369100586924777	2.5940668362647483	3.0557362785024362	-0.8313035257622409	-2.841202498596286	1.7744753082544018	-0.06486198399351817	1.2791698824607336	6.843126112285849	-0.5047031407923959	-0.43985093910440615	0.9363232721683127	-0.4539321837659924	-1.011356304791479	0.23550626350600823	0.8247462875798258	-1.056240189819356	-0.38456884737066477	0.23997161466332445	0.33906310668078804	0.4062836486425776	0.10695084311801835	0.16551202728904416	0.42895411107627274	-0.39253247387328244	0.2631305192329769	-0.10901016036296343	-0.5705719341642947	-0.41136698658089244	-0.34669831077191626	-0.06419245965844665	-0.41918773308467294	-0.321192102591419	0.521155125606277	0.3459098496055695	0.04789395145748168	0.06247484603748061	0.19152545778294205	0.264633759761312	0.03187117337973498	0.06506422181455122	-0.48688681108880266	0.07781472949753808	-0.03545111388650865	0.16706784725445586	0.15729886098137055	0.4555792123298292	-0.031159307295486955	0.2710343715578652	-0.10225022488122866	0.0273359741945286	0.14226243998296137	-0.4676584557322164	0.10226391986706589	-0.038251452244500286	-0.20915599347004943	0.021276612292905908	0.11738588199605934	-0.1228551383783206	-0.1955795418090297	0.034099493438011816	-0.17031254439487578	-0.07650873689455652	0.5964335978326043	-0.6655557446857959	-0.2625561171238211	0.050677386216528876	-0.042380222290312075	-0.4522312823310742	-0.27768968159450935	0.13619552776023383	-0.27123867004660585	0.5707906148354683	0.25750161109004827	-0.266618216230672	-0.6481778756295846	-0.46949431212782017	0.03120679215147646	-0.870976733231538	0.00867597064821909	0.7228449085775044	-0.34386187944824137	0.554989318019257	0.8612768273828124	0.45586922655984163	1.185991688461335	0.8594419142460998	-0.33759654804622996	0.1950982529911095	-0.34950858321869055	0.6915308555184373	-0.44430605262750744	-0.6990503597909398	0.29927995395442725	-0.04829599887850765	-0.5403236947674249	-0.22946275248380177
DTXSID9025580	-1.8337678513816156	-2.480059948307713	1.4892328027175221	-1.283008849443974	0.35757902866060803	-1.6607892644814517	-0.4206649159387505	-0.1842922021477942	-0.6215739957260975	-1.2703793484934323	-1.0360326474924806	0.20161849081432395	-0.8797822303746139	1.590535061640021	0.06503371869267684	-0.1967649978067158	0.6340727565642582	-0.34557370003447196	0.32149613765852214	-1.0925500288587735	0.16598983044555643	-0.4686779136521732	1.0347569871907292	0.11731002348701954	0.005804351375637056	-0.3842710429476804	-0.23688065084955556	0.1638497582302047	-0.120504294637921	-0.31203615904974713	-0.24337484496221556	0.5861202748702877	0.5448493553220501	-0.38337991322450693	-0.37715635320833657	-0.403000426278594	0.23748324694930986	-0.05033507964942178	0.04720725288111676	-0.13174314109690477	-0.132608968755153	-0.04251816143477524	-0.15089250708415397	-0.02827747990582308	-0.6172229010373309	-0.016033399317700932	0.0011976897486724865	0.20933984235488518	0.13157582756887154	0.32401557169544287	0.020562086090843954	0.17522819253708402	0.30412733217733295	-0.07497796794183932	0.10930927098755153	0.17894190323999104	0.31136744902861263	-0.00942362546383958	-0.1254943134020836	0.10865871093654898	0.12160018618635324	0.1850765300269827	0.3198473595527225	0.1447251136785503	-0.14243419709239277	-0.6760274918508493	0.6132104263319138	-0.6604849058076655	-0.10099305814800304	0.7036843540487028	0.19064252000474258	0.3887814654015799	-0.013658961775286634	-0.09287151452921683	-1.484944426634458	0.48478375717326294	-0.5850768530158577	0.4875145083381059	0.34077666475521673	-0.2703481493480663	0.4529384327774067	0.21195571850984957	0.5647037377540818	-0.093453825548514	-0.22247228544427133	-0.6801128084341946	-0.7287252524482146	-0.5210215765047804	-0.49675788037651225	0.4253083751837046	-0.9091883616173603	0.10213271493888736	0.3389616358666432	0.5640582551442879	-0.38987464001392064	-0.1861140236651392	0.5519870532449257	0.28988049163299134	0.5425481743247907	-0.331359745172807
DTXSID4023676	0.8709905501303776	-1.461111869390386	-2.8824628144727993	-0.35786635847020387	1.7896336429800506	-0.09490355883783064	4.743708954441651	-2.592632343946798	-1.8466997826466773	-2.286441809753489	-1.1007786503084394	1.5904457084478236	-0.9964767299312958	-0.3489302633384675	0.004989785586227122	-1.058241932221884	1.6001078531776578	1.1297541769640855	-3.00976855277783	-0.09540204780931268	0.24243329919876075	-1.4278173780609988	-1.769126399841943	-0.34370622814408835	1.3782551400702123	-0.4385274100021072	0.4944707286657281	-0.9823888700524732	-0.46397672625830816	0.16015365126306608	-2.1050391395911374	0.37482610933513977	-1.0351831509999994	0.8436378793235008	-2.4892460865316965	-0.40478986132737116	0.5579225254972183	0.2884281701566063	0.6715637068046664	2.046704596207257	0.3734990304903797	-3.3467392544621193	-0.24633518661677228	1.4962953857993644	1.1031686094914575	-1.3399523671482756	4.946906691703119	-0.5890872435612684	1.0208276749302345	-0.9192440046812658	0.004043241077141555	3.518989646860763	-0.09163244095295879	-2.141827271022407	1.9307353164348133	3.9618980321154154	-1.3574023012029106	2.3282319863960916	-2.4905753208050414	2.1048276363452225	-0.9196777226198672	-0.4979679026172403	-2.0017909922603416	-1.8452070497960917	-0.09627018646025286	0.6080414888408915	0.5364599022410675	-0.5737758713448339	-0.31722846404358485	-0.2163897461923953	0.2662185856159445	-1.3093117600278044	0.7551023262772493	-0.5993480404288031	-1.2848997168968785	0.3542290650943485	0.3264457355245573	-0.2758296300583018	0.1524607553278443	0.19838957875086619	0.20580475837434506	0.7709643126149645	-0.11748428268369256	-0.7395106985839074	-0.5203857742094612	-0.7041024290315542	0.06533967336211792	0.05546513875078762	-1.6796514033048189	-0.3945052358324908	0.18756859363948178	0.3715721392493084	0.7796897531563852	-0.08536722451112892	-0.06799421557723892	0.035389845230942484	0.07641010104782602	-0.4215115712984041	0.5944677395707407	-0.27204813837456754
DTXSID8045983	-3.652475508327046	-0.5382772615518956	-4.766685085800123	3.89564887758697	2.217697964279908	-1.6671737307019374	9.47966287906677	-2.1289652857054806	-2.237693902930314	-3.7364809137086836	1.4734031843679722	-1.942240760316644	1.5444640224051132	-2.9092362399033447	-3.9095713491210167	3.0461324860763703	-3.7113344742144143	1.0520609130905296	5.321421513643046	-2.3687081897307856	4.451989873072704	1.818841876385182	-1.355068547919058	0.5621648214327298	-1.3329917767001358	1.5067819503930855	-0.6598890579072266	-0.9811890231980305	-1.413133596027489	0.5466589841697073	-0.27385693614401274	1.419136037726001	0.1939287540298824	0.7244291456562222	-0.5956570744699693	0.30541243207608115	-0.4674647297884087	-0.5726050615646063	0.02434940553611252	0.12843633758546025	0.26552138285762766	-1.4220513998785396	0.6824069376449896	-0.40966506095320004	0.19191039631592716	-1.152500638379394	0.14419603246868043	1.0578662834007084	-0.2576656755581264	0.047661563025360655	-0.6756829808585513	-0.30394241526964705	-0.9675547837622787	-0.3719052885695203	0.5116549848779331	-0.024413002338793614	0.1858651502003323	0.22254259436590987	0.06343423325444059	0.020264315554955347	-0.1359652458919037	-0.11196062353252575	0.12642007910435496	0.28775743320188757	0.4040342995715542	0.06478909978298726	0.09731258007986644	-0.12746533310279465	-0.001279158356301247	0.21309318193666396	0.05873989134560219	-0.4433865386232989	0.26072694227422744	-0.3262453018218852	0.1694816851451171	0.3864694465222647	0.024230232682758052	0.6527478190721278	-0.575592477932753	0.569364802855253	0.9600672865201771	-0.17673636291065564	0.03572910208947164	0.4453882764321473	-0.07399396258589047	0.5378055014965198	0.5591744127417613	-0.14969538007818572	-0.2024951034086941	0.08262123912773621	-0.2331171296816261	-0.16992030640205774	0.002773125205275505	-0.373449819574733	0.07224119620800683	0.6495010149893412	-0.21224532946366303	-0.2523029173550437	0.3249767194630382	0.17818589304919896
DTXSID4046159	0.4613813497826159	-1.6829996263153886	-2.6299439015921764	2.149530002072273	2.2886085552425084	-3.046139323884586	4.4727275845316425	2.2118347218740397	0.39461246506484665	-2.129165490761839	-1.0476152202242053	1.1529536345987423	-0.32544778301365873	1.2071914305719336	2.807706978923267	-0.46199285870989115	-1.351280430834923	0.7038091992673814	-0.3015150727877365	0.36549240398995914	0.6704177318991928	-0.5881649465235896	0.5279574740157299	-0.3945584852217734	1.3343193936834037	2.841415806907684	0.8741758367209052	3.5252345135420278	3.61775965649738	0.0032026950933052266	1.9877192283685532	0.20993558346373037	2.247078008886543	0.3427049039956027	-2.8504567228300193	0.39801359879076853	-2.479301233045771	3.5623005501092075	0.2598180919824323	2.9437774962858265	-0.33283650095246536	-0.3908855369162496	-4.131290035366282	-0.21901376567579126	1.5180289696443185	-0.3604321503886631	-5.812489634229733	1.6816284958685148	-3.3075992849278837	9.533248057363343	-1.650153966587591	-1.0577163756902837	-0.7980430165287848	-4.430205920751233	-2.2802483681903705	2.8646737689920294	-4.658832851039308	-4.213965983869742	-1.2747213799400925	-1.0635005335651986	-3.0383080131823474	3.964272722658161	-4.742821834219208	-0.3205806140686931	-0.7807633490655157	3.362368755699153	-0.2551804834235687	1.6847489533372264	0.8024906552515798	-1.4475402996271742	0.7118216206462561	-1.0034281887873169	1.5529390664495086	-2.190649326048903	-1.1312669065861674	0.32011485324406086	0.44383288638705365	1.3107498779329165	-1.4631870963825386	-1.7009242933320137	0.29471869398479417	1.7901626019673267	0.6579163092911425	-1.6823865309780017	0.04029429674162912	0.6161364532425145	-1.0108622164578884	0.7689270440161768	0.4114189253351466	0.4340994930977093	0.9717801604408011	0.5242210766787018	0.8298421175044429	0.3184377668684299	0.5958074219173192	-1.143066320169206	-0.08884660405595365	-0.07013568768512926	0.03497356075464243	-0.64334056531196
DTXSID8047717	-2.3821796401584723	0.15071132960392686	1.9602462439196726	0.4694040532062406	-1.6241065437782163	-0.4632560386715365	-0.7616075786041183	-0.8984460601289157	1.2359959961938947	0.09458745471376842	0.4986395622435533	-0.2798612883766427	-0.028973477483098614	-0.4920031357960594	0.153996083275475	0.3733092299046968	0.8719131888455486	0.6953639880250211	-0.2176493444611269	-1.223549215764942	-0.03081254228242305	-0.5074181513600424	0.32162146847187906	0.16165261980489373	-0.37490354143542287	0.39224102871356115	0.09401425969836516	-0.47282153424551526	0.19840501047247433	-0.6705964706862495	-0.33925608059231926	0.25508712244215037	-0.4425956857048761	-0.0737648997062701	-0.08444352106874145	0.11956122256879406	-0.0980702020099168	0.631310743225607	-0.48904231789443764	-0.43363826154538626	0.3678889838582278	0.443826770751886	-0.20337105098251515	-0.028167110190649287	-0.33770021118877763	0.1706629593399159	-0.08632768075293402	-0.4566287755350961	-0.04226694273276769	-0.16183735374930414	0.004120683213623974	-0.03525297801914393	0.04079854987210775	-0.12988756505250432	-0.3403826199344985	-0.28177392491738457	0.2561343512483429	0.21424287914140236	-0.3247562728769104	0.16006836497364527	-0.15042308513643887	0.16610979768419493	0.06889281101888473	-0.3698029309051861	-0.22292994876526478	-0.08477908966098155	-0.20798787277560132	0.26187508454557507	0.4601665612018302	-0.026718196137913656	-0.13445341179824874	-0.4127466871900641	0.8016909423382447	0.034280972578637166	-0.18741314115447436	0.30342507024625	0.30991073950824716	0.31423959009887853	-0.42980674057006935	0.44862285560711307	-0.0861643828603499	-0.39278891608052297	-0.2729917084680355	0.27507877446548124	-0.02427719450051694	0.38163036892075725	0.0025018802016357733	0.3813448209565737	-0.10811503834176169	-0.21993067919944664	0.09473279520871893	0.1096119137501154	0.07654273986023213	0.1449475438684563	-0.15174279177713848	0.018969572285544918	0.08679649919928162	0.03959205906508462	-0.29725246824096146	-0.021550881672859006
DTXSID1020223	-5.591253684585194	-4.599386779855014	0.4126255308883196	1.0520321761183593	0.5321317151239322	0.08545287515171525	-0.9001640379501146	-0.10438698277121987	0.43074220205233793	-2.4991269363224307	-0.9591003632007714	-0.08518496395001682	-1.404527515876078	0.7501657549490653	-0.19520961941642834	-1.0837906485772788	0.8779490025870185	-1.6194089306405433	1.3717868325699398	-0.05504409202284951	0.6056188954313526	0.4220140565354543	1.7015660018562	-0.8054825025323638	0.7363393600513994	-0.4115728071563707	-1.043160791987217	0.6014032612755305	-0.1477239328790485	-0.5110168372532484	-0.8879797000751259	0.16578441407636024	0.6311960845026259	-1.26367104623769	-0.37503491722125126	-0.9709234306982603	-0.5762186286554521	0.3094829043046227	-0.010427613356235583	-0.2829995466609597	0.30504322685424146	0.11333467565214403	-0.7093547662091121	-0.47734100385459133	0.31889496706105996	0.681247813000289	0.7644134721561745	-0.45601756631652424	-0.3222473479393368	-0.2562882166777718	0.005052198349123204	-0.21138107619623858	0.2004373382761847	0.02773807909167965	-0.23908868841575495	-0.4378137305500118	0.4185254164806727	-0.49491671447121555	-0.13093202444833701	0.8064368590327613	0.43684429920405055	-0.35427181214442044	-0.11845016438008113	-0.7098698482706448	-0.3562449246831156	1.2516518222956683	-0.8004825759562025	-0.2552430323387645	-0.7231726518268498	0.5761016326958415	-0.5146969768919231	0.0314964947662809	0.08921705518598036	-0.07688353535402852	0.880810473436304	0.3616133488852088	-0.2592313286926534	0.254300271338338	-0.2675193467884952	-0.4794213506947478	0.1049813329651695	-0.27248611396398753	-0.4519727752787146	0.16126001165409512	0.3407421058982959	-0.37342452923576275	-0.2393361568798812	0.1562226394848897	-0.3000333896710196	0.035842358467024854	-0.25212272504732536	-0.09566534846601352	-0.2454809157896196	-0.631255115191968	0.10427246534609082	-0.5196424472929387	0.7372886647221639	0.13986940505242693	-0.14699764660040354	-0.07599189672753458
DTXSID7023279	0.40719486216109907	5.6646953288427095	-0.6733843324004971	3.261814748991088	-0.2900890992783611	-0.7722117873349463	1.662033927068913	-1.8281147549875392	0.8198053560968882	-1.854002434170196	0.6683199433785775	0.12598574270255	-0.8685770306710643	-0.45100314173300854	0.23981445009198646	0.738555022819641	0.1124883155506211	1.1326490444180335	0.3020912133842881	-0.2491721898004135	-1.206363207490664	-0.3698223237476598	-0.596675438313791	0.24710370593373243	0.6616489968070818	0.20356550128912598	-0.7961690037728835	0.2719311494768321	0.17966472521216037	0.011609952948110229	-1.1701980929873452	-0.7184648306822075	-1.0727245800971148	0.29688467648889144	1.8998111683822207	1.0264875608784703	0.4504706388377255	0.8433447037602388	0.06335469562727995	-0.1315878212089198	-1.6100111490105642	-0.18679090122055947	-0.3223278458319306	-0.5774636198660297	0.8140085513967233	-0.3886152297048624	0.029409854255810972	-1.2080814211095927	0.07980074766062771	-0.060730100816073336	0.2769475374271813	-0.2541787891863836	0.3312406471497973	-0.8238783651010179	-0.9208565986635959	0.6915740242842786	-0.9918377095009827	-0.0070394250224489014	1.2372060764504562	0.6889754703121619	-0.43555243801224963	0.1616882853033443	1.0288015227643685	-0.4425296672329345	0.20949407589592683	0.3237159536561338	-0.02508376826152141	-0.5210734028725384	0.6807537007096308	0.9172474905662539	0.2949513518202817	0.2628247272973234	-0.14663520848683753	-0.47422456765201804	1.1382003566623276	-1.4972784543954847	0.16118382536744869	0.9025401016692173	0.982390984380205	0.25250455454789633	-1.2918092521802407	1.461919691878902	-1.4663184517403833	-0.6053833874139849	0.09401598938525012	-1.0741833725082248	-0.7779766693207728	-0.45435355731052696	1.18362480786337	0.8073139769474986	-0.14879748413318422	1.4910497254412287	-0.09754673641708762	-0.3521389997614398	0.8605593004609083	-0.4271778211788974	0.23022984295477317	-0.22567694282614706	-0.5365578551290937	-0.48396824100469993
DTXSID0025997	1.9096594830201765	1.4331437449744244	6.659012814168992	-0.29602578694498305	0.7977528464780338	-1.2502014596882043	-0.0096355807822118	-1.540479397926646	0.588073609199922	0.5925285696074196	0.6587881607240836	-0.28311299652446326	0.7012448082357746	-0.7742185825228033	-1.4460949397691847	-0.09602297026060601	0.7741633501484667	-0.4808488852615209	-0.9389547616105606	-1.0910726294339124	-0.8703819782895356	-0.8203312160390321	3.791372744730992	0.1082597855646232	-0.5277809399678908	-1.2544625998716188	0.5588709883380446	-0.16642686456148326	-0.38211240359539406	0.17501805561047287	-0.011664800960624454	1.8803331239981096	2.54357317643907	0.45547060436116543	-3.4714313924792517	-2.0172398309134776	2.543472908793467	-4.335543665450167	-0.955098914175261	-1.5287874882152552	-0.754772282943924	-0.4317814891033937	1.2379323439699872	2.6296371893887587	3.3503255908250313	-1.9572674900189282	-3.2293662914461856	0.6519569419815668	0.9776465909416283	-0.6030289620974356	-0.4156523353195395	-0.5661687341392805	-1.083622646538812	0.18051792945033354	0.24235648619252445	1.0770980800192032	-1.4067534460893405	0.703157952390306	1.0626914165455288	0.7281736762946123	-2.0053282231391356	0.699328078417587	-0.025218456588197515	2.1548193866105896	-0.9326592550191202	-0.06342141989139492	0.7710928335751343	-0.966452765382081	0.7202539509659414	-1.4926564162285514	-1.209899621138093	-0.44813519096253157	-0.47930979809771607	1.097151265453768	2.9187298874207888	-0.7398498521827428	0.6684629328869813	0.3271501218006482	0.5299573265599884	0.06205559625163361	-0.005839268475021512	1.2904700925397241	-0.18030057450038034	0.7544402811474489	0.1587108214376768	0.13305155227884752	-0.7988775321736797	-0.5476702251667881	0.7423773332360581	-0.4844505993475403	0.9556942909017262	-0.0016200579030079979	-0.06706031312697446	-0.08690002848018673	-0.31584302733901226	-0.005455136929324831	0.1715373187231093	0.11307035980788296	0.007521900681340903	-0.1477206642631218
DTXSID9049409	-4.550089492452492	-1.2411424580911559	-3.1490232591769254	0.5904963071711998	-0.0472220728694172	0.47442021288208047	-3.0462124386366902	-2.2407780869533602	-0.8267033781515097	-0.5267802483838372	-2.8371799599464227	0.3261494834344428	2.9044671560987534	-0.9934989910932499	-0.5173968444763307	0.07228261890231324	-1.4939170701853952	0.2761807482025795	-0.2348838196761336	1.2527614199645567	0.4018222461562036	1.3251982828588393	-2.2865423602354853	-0.6986748823509545	1.0199885844218934	0.2577774145926112	0.4121228319258215	-0.001413723331082601	-0.07242435207494487	-0.0907076230423111	0.5558972110399119	-0.6198680886208727	0.42922930000183185	0.3971831050956005	1.5098812610783463	-1.0112336055144873	-0.40150966326962906	-0.9046430840997078	0.03755500043512142	-0.3473652277763583	0.7387763356950403	0.850262756572612	0.0683260093076683	0.27592658394116554	0.871351241001321	0.1972691195082504	-0.8411715526797799	-0.5755654713093055	-0.6399841974169301	-0.0708736859453594	0.163771691512149	-1.0057628060286732	0.29961175525581424	0.5253455315733194	-0.7024430707326137	0.47340922207874025	0.24753615447043978	0.5173726006515129	0.34176366982468037	0.8069896864013891	-1.010296837660578	1.170274147818443	-0.2396871936086027	0.5991831963359405	0.05559854268571712	0.6657898660078915	-0.7337770495706208	0.03005003910812059	-0.520879134051986	-0.534710520879372	1.1519405789837227	0.09508868598487756	-0.2784664075777757	1.0346975016496152	-0.0018779975818868353	-0.54645432341456	-0.8864048013397631	0.6149385459072673	-0.17699081713827572	0.22392705861785642	-0.4937862926725811	-0.24005032100145446	0.698084975317994	0.23951128988902942	-0.21167485873379852	-0.5961469628681153	0.24611142841626305	0.6031240777458301	-0.24303006652034825	0.1413652781214035	-0.8658193903445838	-0.4233352630210753	-0.042008985782382643	-1.701706189424104	-1.4733770908652246	1.041010754431277	-1.5719136278319548	0.6553255248785775	-0.8579716747413034	-0.736881282414936
DTXSID0057704	-1.2899782726882787	-3.458847118382694	0.4181688122393426	1.1770116421839962	2.923390778715989	-0.8938513474044322	0.2547356931466403	2.100376776010331	1.522285835537647	-1.851369044976955	-1.4954626948330048	-0.018289767003773282	-1.037166030579189	1.897788756007358	2.7268171511166672	-0.3226643199719866	-3.0353370509187747	-0.6584576974968935	-1.280160972815377	5.2644010533893	3.3118781006114966	-1.0784723515456485	1.9228770458232003	0.9998389614365915	-0.7183316773484744	0.750360127707046	-1.1897066280180082	-1.4818805973550815	-1.1893926991100043	0.5565517477913977	1.4359151999009887	0.2517596856008576	-1.264507400680854	-0.6296543164635113	1.4040246506867617	1.006912791446434	2.1617597103550366	0.1593225785932084	-0.32824859605890466	-1.231632579150904	0.3092746409043624	-0.303712840918124	-1.278934535097008	-0.3046927776227408	0.015566952462207151	0.3074915298384552	1.0665654041462547	0.3560865581653734	-0.1267834640186732	0.18323646453803782	0.0329888181570168	1.083077131176576	-0.7158959152790716	0.1424023416077025	0.9604300669107986	-1.831421713085245	-0.3439145161531704	0.1214879839485456	-0.726979046203019	0.8554887813234929	-0.12673416175681407	1.0931043742125863	-1.0166242678567459	0.6319994934622664	-1.1233170139708042	-0.9423311523154942	1.6311395842808774	0.30339674946098505	-0.6284814048146337	-0.5379457800832458	0.8622035827844003	0.2805888654533188	0.08877894866175035	-1.9033234605458926	0.17405620199576938	0.46821783864728095	-1.276421856622768	-0.5631438570024317	0.5495036680524918	0.23164983078798085	1.1401285026111079	0.3111666616648527	-0.580783334478623	1.1705450017703507	0.3314201066171961	0.23538067036594507	-1.7587808250517503	-0.6316553415270348	-0.6230328559999295	0.6779618121404899	-0.5444952522264004	1.1941676209111287	-0.08246760169538536	0.43573061741839875	-0.581861777441051	0.5956722975998606	0.5517759954820561	0.6382415045528476	-0.36055584263044216	-0.23118569965911046
DTXSID3043782	10.68290602792471	9.94785713043405	-4.995588642803656	4.779660627462083	1.963972261461342	-4.266112602014697	6.890000699366998	-1.33559724437933	-1.7687932471805818	-3.594402675614945	0.10721921759389588	-1.2184758843436267	1.039673182739269	-0.8362241016324997	-2.315200191539415	3.3868477709760687	-3.12170217442443	1.0079970773682414	4.109235719139741	-1.1529078764650407	0.28563972231914175	0.22494386497248312	-1.8330260880994302	0.2473438978109797	-1.7112432000010447	0.46465668456854353	0.17424386786053045	-0.7135375134026467	1.0159176068072389	0.18149090396014722	1.7900090266328765	-2.0065427608036197	-0.583328912724809	-1.7499217181975764	0.3198403855428486	-1.698269330446995	2.191493122335003	-2.1426055974700158	-4.258519362767782	-1.510724919874071	2.739573632357502	4.3511283231346445	-6.651470279292873	-3.334580557829563	2.914699499932156	0.8171329818771037	-9.459436081147922	-11.635236445858954	1.1359381602172074	-5.290026704414429	-8.994238659569575	14.245193993783703	10.83881008159619	2.0667905297757065	6.871870885231521	6.995951212927528	-5.008759404477217	-7.814419193154483	-0.5594026935954299	-4.372357100446271	4.1250271899473825	-0.8511217698966547	3.5612533126932298	-0.8148106781875464	-1.0287052080013055	-1.3392640756749652	3.7350769969529156	2.013014632335664	-2.4842791270938074	0.90863076078582	-1.7707785774969533	2.038183125580781	-1.7036812255842082	-1.859544627199716	1.6818500033586337	-0.6487967308879258	-1.473887846763553	-0.906893349952189	-1.0992334598514293	-0.28445669027609205	0.4804051227538004	-1.0961880635454326	1.4602157746095923	0.8118038568465503	-0.8155938415220713	-0.415152003391962	2.313185955984987	0.39088165916024703	-1.089772980901524	-0.40760397161389017	-0.7115297508268534	-1.447380567215769	-0.3457846459249815	-0.3571147280178716	0.46492809132828106	1.8099789024496011	-0.4583099981275635	-0.2325411990654498	-0.522458727418333	-0.4504594047187556
DTXSID3046825	0.6688573855110651	-1.419547977832845	-3.586118888095887	0.2418060302132956	0.3459208816666195	-0.7920089490631549	1.2864914629209243	-1.2777698580518104	-3.9592683811533997	0.39885827871533336	-2.9061053161241848	0.17273286567699642	0.22626762670740236	0.09035543999816725	-1.3729504997116424	-0.3846358989536261	2.2890747443740516	8.894158685140427	1.6040769706740519	5.685372867671256	-3.130398755492661	2.9409322075485935	3.7570168331916216	-0.2114886267980808	0.26936380816300437	-1.7165903045109872	-2.53720298778461	0.562850363019041	-0.2857312758345275	-0.7768091470928161	0.5846920629791349	0.4631865647277435	0.46448388088717946	-0.10888826994965733	0.24108814888795788	-1.3808529217566345	-0.6668085991367384	0.7770309194675553	-0.2546259183746882	0.670225469617917	0.975720589435267	0.2840993262880055	0.5966921393866	1.1847344330611786	-1.3303311785694536	0.3555038139046187	-0.04918062968369411	-0.006582117287635817	0.3059278706682063	0.4207945566202428	0.3763662934154198	0.12965974986396206	-0.30190092996206114	0.245008349396333	-0.11553836491820632	-0.7135938260137873	0.8275851212991698	-0.4400095633847902	-0.4848379912708877	-1.6692573620259537	0.323664799615386	-0.014114048799375662	-0.4652089137896104	-0.6873405800263274	0.26695140688321684	0.0858418494693093	0.5337186150902917	0.597959002367558	0.16299167238138887	-0.14476943374417836	-0.4908792900908869	-0.15362573286995337	-0.49394456094460715	1.2381385979288142	-0.15076038253116505	0.5498655500348714	0.08150570700622874	0.4229829355960026	-0.3964810176026417	-0.44915310686285026	0.46615067918039205	0.15585293002954395	0.28884858513436046	0.8782505025447507	-0.42350066135187525	-0.493857539311724	-0.7705660367155555	-0.06906260798668998	-0.32283936934271507	0.008073448850342325	1.2704191066012875	1.2310227518732246	0.7213418572648884	-0.20992826525172	0.014337527137584455	0.05502205398086452	-1.0339080329908914	0.0757897618515874	-0.38417535376811585	-0.19994058339529944
DTXSID6046472	10.364394233021747	7.279187582852013	4.90682618447216	0.43193482244571246	-1.6742263588682262	-3.110109966402969	0.2511969491744229	0.21837689174794897	3.67718094428175	-0.8503797622378595	1.5885762964980286	0.2438477666136885	-1.7016528489632374	-0.9187880969757862	2.4094926653044046	0.9561353903968909	-2.9673952719763843	-0.7756562073950595	-1.7654996258579536	4.079241626191494	2.989035811937303	-1.1812919275120657	3.5947130558357316	0.1697851709673492	-0.7026797876780484	0.3383974691493917	-0.9877853582341313	-2.0721948450196868	-1.4157650905878223	-0.04334925492460815	-0.10155441828207187	1.1415632413908898	-0.3799991317935293	0.1307612261814301	0.5278386764119054	-0.021111078833814374	2.5031979073198714	-0.11677931563422737	-0.5299837672151848	-2.270937445875612	0.7344421352043423	0.1100385522068057	-0.7786079981803987	-0.5941638801593395	-0.7923308140438854	0.0456327027495401	0.015140638746097205	0.5068323063967375	-0.57350329350942	0.5269628914583961	0.019076073958926833	1.3066844167941798	-0.32578117174060706	0.19098861292025876	0.9372007509308392	-1.305929437886052	1.1452391810388824	0.3618342466364301	-0.8574805455722677	0.6970565871030828	-0.22190768282188914	2.1802977118733042	-1.3967656733506275	-0.3029529963203159	-0.8400231839258512	-0.287511151372784	1.9076715716565305	1.0512290429677142	0.4269712642305801	-1.0663601040445962	0.3628222899245255	0.06055931057618693	0.8158675173330975	-2.323733792175131	-1.6881221565528277	0.5061696920956229	-0.060447765752358586	-0.9088103421766704	0.5470697837837466	0.6909054926892861	0.6015678327799029	-0.7190362269391554	-0.18212879474887142	1.520669199780073	0.804014927326601	0.06669867416132856	-1.5910923306562292	1.2253744069985657	-0.40614385639329176	-0.06548137051500381	-3.621923508105842	0.4192665028993421	1.718140906703868	-0.629606494979302	-0.9095036645833026	-0.45770416473809844	-0.02061660141612665	-0.7148799468746353	-0.6997469867101014	0.15380713252249598
DTXSID9046659	19.53310729112989	-3.5203330042819676	9.76180316234121	5.823980190137294	5.022049313904783	3.716945963628694	-0.03834677745733599	-0.6349987966632618	-2.2910418610264545	0.14798474468385445	-0.24019054486737015	-0.4636998400355488	-2.0395721897121293	1.2042071107278844	-1.2681809088004963	0.8544654142031941	-0.8500017894363481	-0.5512317601507551	-0.5359369098238728	0.9343447174254672	0.025863882894121108	0.37171316384474085	-0.3097210120635615	0.23216680358669245	0.27738709911525666	-0.004029768807702306	0.7887942556015545	-0.09425994972335493	-0.25883821765571047	0.1864899331654991	-0.41902689904921253	0.28469215569753414	0.019654789788328922	0.14689571696723033	-0.28158073744698975	-0.2723674266515811	0.042017364710694005	-0.10608468693002852	0.4518312043538147	0.6471177899732603	-0.4103756911828515	-0.11370534011874052	0.07787418232173957	-0.018905905701673872	-0.10051587552193371	-0.7084739088045331	-0.3477613809792759	0.03164426319922866	0.23313521839718912	0.6979286267825506	0.22566525962347955	0.2254739966919974	0.18702616374582717	-0.21728372091949993	-0.03736981403238386	0.2870876963219904	0.04441896735079324	-0.08032188959557728	0.6288314972487299	-0.15527679991310916	-0.32857272776880253	0.2156788492563229	0.4002676143699915	-0.9593560002624446	0.2400836351931925	-0.34587491107717716	0.6907002155364832	-1.1804731829684063	0.6796084962210134	-0.6820687824739597	-0.9086453219708344	-0.09060961354138025	-0.48217805497434035	0.12626417444807705	0.02492067790449704	-1.456949908253556	0.9120746809902541	-0.05636343268120189	0.6054524467087493	-0.1150230970385727	1.87395701969154	-0.6544083221700676	0.15837105194246417	-0.5178837031085346	-1.2829427990094193	0.2676567776191178	0.7970697513164411	0.628030584590507	1.5729473144895902	-1.2932379217830174	-1.148358311645405	-1.8041251598659171	0.6986458874260736	-0.6113154949091938	-1.2448508674420047	0.10847035534884264	-0.9085529442507554	0.6136251128871055	-0.24943506533263168	-1.4810642261780087
DTXSID9048980	10.039441042952012	0.28119881957141113	-4.184169235079565	2.579044965067853	4.482672028710299	-1.9699737319214143	0.42134562209538456	2.9517722073721613	-1.1300793694039442	-2.720458008698898	1.0623714428038433	-2.5713752525209723	0.9955433028989946	-2.90780925633816	3.5685058971889543	-2.2560929324795937	1.753960673003553	-1.9737849348724208	0.21237205236269022	0.26811159326597245	-2.793467190556447	0.17975477662683761	4.138237458045021	-2.905581055638889	1.2656000186899528	7.192678867320805	-1.2532458623078733	0.1999115018550743	-6.336020186554469	5.613564807414107	0.9280595516658643	-4.732900414469161	-0.0398518645861823	2.261603628924444	0.17094734133544948	-0.190358157745716	0.2818418027766893	-15.121375513052044	2.345853586635895	0.7746187820711874	-0.20593501050997573	1.0154540570370516	2.8171702567236574	1.6087398657696985	-11.378449900987762	31.152532558309712	6.82465070719067	-9.447663963080798	4.307491176401649	10.690219345258607	-32.810524780702025	5.061566883082186	-17.593245633281064	-6.363236767198335	-17.330422073072747	11.446180102963009	3.3345310825041814	8.511698565459664	22.282320096359456	3.655862333983359	0.6346951427496427	-5.405925885025449	-3.659088713291598	-1.7817037969562515	3.362307913889901	-6.573164759308308	7.360908277450159	2.220364282640992	1.9887191617317803	-1.1620859664392367	1.0242460944586393	2.7329419530221877	5.4763747439800055	1.0579506505522882	3.791332388963519	2.202710021831336	-0.6779577257695901	0.8588386480829229	-0.47811943411822705	0.14809896374700923	-0.6835463357047507	0.5547571401010141	-0.9260962282270425	-1.2087398120327062	1.113887279334067	0.33703727106924974	1.7799833966972256	-0.2538198769423846	-0.7673766135921429	0.8353306733128547	-0.6769278987023991	0.13686391162852693	1.086831281039767	-0.8838208951762838	-1.6850493338434465	0.4551573649656053	0.7250793392592264	0.2506120984070256	-1.0530659396419229	0.003086162341980797
DTXSID8048789	1.0534009731772738	0.8738068650030951	-2.1215341493085824	1.8239162946336542	9.777285347944984	-3.157085899142766	-1.8377025777569116	7.011519361992006	7.012776901404462	-0.5078135149590774	-4.17867121907204	-2.40832692467554	3.046489094902257	-3.257165434310111	-0.18809486642448525	0.4235268982091412	0.5094793393221757	0.7930990228724745	0.486803257136447	-0.7560816884482293	-3.1040841212696817	-1.0956521846344636	-1.7607272649495254	0.07305196196579763	-1.1409569726293656	0.7851364021284413	0.2654297014408268	-0.9949784574680407	-0.739553536850032	-0.4593604962054103	-1.2383035223371661	0.07792219098629546	-0.11456203034347662	-0.03649050378179708	-0.7416100993432675	-0.09627356801144245	1.1008021255576788	1.1237765502596428	-0.7049368457023899	-0.08281091864912984	-0.0726043606965454	0.9465964390065985	0.7383253023663485	0.4928507623199942	-0.3795655262766943	-0.20085985497965134	0.14035503129247331	-0.7828324054025119	-0.21143713271769482	-0.27554111887789784	0.2283356894624517	0.007317453298499162	0.2872639099455974	-0.21638566886925104	-0.3823062362222441	-0.4646585718007431	-0.00013639892228537077	0.23485643431393066	0.17651216225771654	-0.07967996697785562	0.2436338487843302	-0.2365975774945371	-0.503843003355322	-0.05778453824345364	-0.2886129355913421	-0.12013040008877274	-0.2801725201547851	0.9857379010236681	1.5093670763126326	-0.0007384959099579157	0.6841856099335428	-1.6662147978047148	0.9971559696092444	0.9525768103218711	0.8851610309175078	-1.7821007528022643	-2.069352926677421	1.6300339874191767	-1.4201610514778302	-0.7283957214193163	0.9413706014031574	-1.3848697353504118	1.3572288033032482	1.0248374060287986	-1.0251707527640135	-0.4211267775779097	-1.0770181798263792	1.512386545673142	-0.01916350851448444	-0.812956654169913	-0.0189300606636914	-0.5064265791916225	-1.0969723470174986	2.249520967245009	1.6894815962671461	-1.7499093287537817	-0.2798910015367572	-1.3201931380180423	-0.3428949581875464	1.206877459053679
DTXSID7041467	-3.4514703832292217	-1.0680913902892404	-2.149455361288926	-0.11340979265397405	0.3193250643174813	2.4547898428775823	0.8428359111024224	2.0708554375081247	-3.1878435099822346	-1.497923136005929	2.6292448908153365	-1.0795061088012037	1.8914592663577532	-0.8078870218715588	0.598578034162676	-2.176295824317789	1.0676485849378978	-0.18307135323841675	-0.8064282265707903	0.2563919575661589	0.2856655055591592	-0.5680204548978014	0.32892940162019435	0.6265467904009924	-0.09707361682375985	-1.112827428197916	-0.24859232126414954	-0.2511720294785572	0.332581171412825	-0.08921698610414315	0.10692725762399154	-0.3403922510434898	0.002519440289641841	-1.1443708022283812	-0.652751359901175	1.000335204654221	-0.47402239114917655	0.38840565749826506	-0.6485631638335524	-0.40537482531175945	-0.0187318142238188	0.0614875984173598	1.0694800134332791	-1.2870780700579134	0.18000348316682344	-0.23358079162119877	-0.9626423938502296	1.1184723333767728	-0.03855991983090203	-0.11034417291660964	0.18964629361964588	1.0046775373483727	0.09783827338540674	0.5125367598008836	0.27411777049256736	0.2198021349003428	0.11813565697728548	0.9760329143531487	1.0087466658956272	0.5641745308979944	1.022253893773179	0.7106007788165939	-0.9421651371310538	-0.6275209203215362	0.5679278780524023	1.0130563169311486	0.45135071147714034	-0.6949804810326432	0.5678990475776429	0.36350398465901607	0.33697976929424656	-0.029315432878340313	0.46986989336551416	0.002940361761641093	-0.65363049657375	-0.26952218907729275	0.2465361004529047	0.36458460590332425	0.26407212816735925	0.9464090152779226	0.4790065104757449	-0.10185238569617396	0.034064225562423396	-0.6914920132566185	-0.4822616861534326	-0.022702839073080603	0.5551336303200098	0.47793393192707295	0.8688503129134861	0.22944290869677822	-0.07285166410190543	-0.06434305840808924	0.479799172635806	0.06623190550506688	0.3325215158068595	-0.05952319358200814	0.6324925365592327	0.14966665621945335	-0.008860104941102969	-0.281211620528367
DTXSID8029236	1.8342326558548039	-0.2776721398221474	5.424322665025083	-5.194186141947596	-0.16629752750426652	-4.169847287878357	0.15552686588003029	-0.3534063190865529	0.3759632184932457	-0.4007449630694528	0.09301595351595414	0.8064359016155832	1.144078118473411	-0.6171640236602237	-2.993759293853367	-1.1694035410201922	0.25898379879175765	-1.3907081013238287	0.36970747003024124	0.44223247551743416	0.17612555554698311	0.5299837000230615	0.21383193135453357	-0.09401079152046937	-0.7639418950862454	0.11040431167571808	0.35776809532159876	0.23455836414302017	0.39888093576626993	0.5427796428791903	0.6473462431902637	-0.7730229465271391	-0.15758728834450894	-0.6110669320060053	-0.08564666357088772	0.3647071613159866	-0.3733409694692647	0.25806734842832785	-0.07007014337461284	0.5229465115755929	0.07150493499566729	-0.0172413080883492	-0.26484974715126625	-0.012943895365627652	-0.14856712144662862	-0.044448100557448515	0.33490218180358083	-0.113932659122712	0.017734178786091234	-0.178747975826264	0.022039110053637966	-0.048204470130442725	-0.013607886204184093	0.09198086421523737	-0.1193120893696876	0.2673997965440748	-0.17459381491442752	0.16788737397603326	-0.05093261051364334	-0.3914264699357064	0.2871393784036877	-0.26397382523839213	0.10471250995070315	0.18056697304441513	0.21916539475328112	-0.10901427999880299	-0.17144757352724924	0.07057185531380433	-0.07640032057089623	0.4834667527644073	0.5502160851591706	0.18251876115309185	0.21234125215555436	0.01958526500595903	-0.42516828296671544	0.13097274938958245	-0.13841344864853655	0.09455791983959619	0.2231330617906281	-0.3801484388396786	0.5993876252598489	0.13221336649229803	0.14280811494552165	-0.24560101812445861	0.24872423190698245	-0.19945537901597715	-0.1344687137589634	-0.7239029998532479	-0.024045076427633233	0.2998985631551854	-0.2900550376788567	0.2717696605897653	-0.034546789437513464	0.04012458876961112	-0.009047776167923823	0.21869337180364967	-0.43213750540521967	0.21022120714110099	0.05652118741558153	-0.13424494476040608
DTXSID4072990	-2.156525368195546	-3.331048511095138	2.514424763678113	0.527778275726877	-1.1569078226408347	-0.1820673034324783	0.10695757945648553	-0.21031020863168834	-0.11818141555219884	0.8591689165155836	-0.4166342212362036	0.3567515923971479	0.1638288400688227	1.2702526324378796	0.9239640420950983	0.07337108035579633	-0.4986936290382313	0.8421475596168314	0.3083880467323547	-0.5257777850447197	0.19067581189329208	-0.3565529896004788	-1.7407377122090235	0.4750331118143911	-0.031013245080125526	-0.5218608662719909	0.44460220067663775	0.7207145599224317	0.30838564004017843	0.22813671765157087	0.9810811360566176	-0.6263670961751256	0.36579017998181107	-0.26407029458622666	0.07758839971899872	0.48644430930836263	-0.5798506844886435	-0.4335265857196164	0.7993532329717118	0.6537579710186282	-0.2045368303698742	0.3014496864871798	-0.21013181777607237	0.9456341073288352	-0.6938338726709865	0.1520100123159334	0.30773067057674464	-0.32697930582694934	0.07026684000870038	-0.4593299035669851	0.140472746666997	-0.04144800333764148	-0.28464561387182225	0.14073253532765528	0.542010341630798	-1.4127246021862836	-0.26222041476719704	-0.04332013190577934	0.08883152353448288	-0.46958121673006276	0.16490006006030047	0.09546064328685497	-0.5812175678842936	-0.7240330029775628	-0.2502811158074053	-0.013563859085781506	0.46679488379269274	0.09297277602543354	-0.37368980437310945	-0.8861817363409341	-0.24211752243428153	-0.15188662599711183	0.02577815120550465	-0.1191300703704581	0.40971100024115664	0.33357302485546536	0.4306533037232091	-0.6032458624131313	0.2415403760023145	0.3213719820955922	0.0687144106040061	-0.06072195279735935	0.5670743745286422	-0.5175737728364661	-0.13066215315731738	0.03790678776557706	-0.07094081558933372	-0.2297887193705685	-0.516374032445501	0.28360554911799435	0.48421333784902076	0.08231154235686934	0.09167321332848409	0.6905660172286651	0.6370834091900922	0.22473994923330154	0.11308548675316747	-0.30026726949206933	-0.46360059679417304	0.3537827598867669
DTXSID8049250	8.616188445407275	2.9061795191117477	4.615628516945597	-9.836420849690466	-0.02746629929622973	-2.684477000010695	6.648945353855841	-3.7752933827542545	1.8332306662411648	-0.5331084130569127	0.4369773373933971	0.469457348616673	2.684717412420826	-3.6426795209980503	-4.345207064612596	-2.8440059137838594	1.3414866905739176	-1.8130269771501488	-0.6498401089644698	1.2761675082964983	-1.5607359183019032	0.47231787882117127	0.03985342850522464	0.24922284482383067	-1.6751831139569224	-0.33407926926475745	1.6817043520619743	-1.0990195128772537	0.4338242806316271	1.6803457313088264	-0.28293200972461396	0.1757109501117743	0.2578240038213727	-0.4148185768240367	2.0091747267382054	0.8771857636192505	-1.1271047681147686	0.497194452425593	1.0258088441421158	0.3673114345774512	-1.1566380109887882	-0.2423288671934212	-0.04373337510554483	0.20323224100079018	0.16217379319219272	0.04900018923101479	1.4085807871533633	0.1347246504726987	-0.6513481311199967	-0.0762880780498342	-0.18328501710572473	0.20629132617835713	-0.7391926056711065	0.20935168541108876	-0.3044564893460715	1.0165532469207843	-1.1036426649810882	0.023848363728728672	-0.6414773269196538	0.19730056595685652	0.7727935743694829	-0.00884401469608065	0.05915066440227613	0.1493589578690016	0.41098003829424434	1.1534022802622497	-0.25469284931707736	-0.035102573972352724	-0.4169368092135401	-0.7330580683616068	-0.35151969006899314	0.16350245330813076	-0.7374650819352534	-0.22916326119817035	0.4033643544511724	-0.1384598704114909	-0.9843664999698131	-0.9309938529447562	-0.6067802190910885	-0.6433641077462657	0.2821993490516615	-0.44236330013378317	0.7120578394481056	0.6228251328421911	1.7377706450153771	1.091155361560264	-0.6257311004275322	-0.18837391018914826	-1.1836695884970383	0.8163070403702496	1.4185666046622534	-0.4572002083990487	-0.22637078244507597	0.4117953985139899	0.5663477176644116	-0.6998681179097178	-0.7161865955301281	1.0926648989574226	0.15687363210483107	-1.6076449711430614
DTXSID6026373	-3.092354914942777	-3.8703478170643213	-1.7931637943097967	-2.7922073324561283	2.18379344547837	-1.4392334115588965	-4.295353659759399	0.4723632405118891	-3.4749608385193973	-0.43135745915452395	4.596076435792278	-2.9127445912837797	0.9243819414044373	-1.3254532200928728	2.548185384067843	-0.6469523061918194	-0.32540766058702264	-0.18431642102252646	0.5031746945682924	0.6297181823559569	-0.9064285178862114	0.8054403943137235	-0.9135830305667736	0.021403506647844347	2.1315721658449904	0.3630801636698667	-0.4264381667845686	-0.5430717297652885	-0.49945635611619554	0.6099654495180417	-0.27092388915246796	1.0180096369750047	0.5552972258076782	0.5556459891422016	0.9724714134225804	-0.77936102485711	0.7937726633739524	-0.5618608356992035	1.0541937009885958	0.69273749528724	-0.818758882831759	-0.5853766523615407	-1.0169656670915308	0.12362259111141147	0.3233037162927855	0.04161050543112569	0.30938207313733146	-0.35808836513474396	0.4068828690056729	0.4150630359020672	0.061671804217484964	-0.29978678644468276	0.37293913148915125	-0.4044110721517165	0.758897977337125	-0.5640920038081492	-0.0015639863912296022	-1.3300218327260034	0.09514458895888994	0.5823698686256911	-0.8211223140497986	-0.7440608743383945	0.3556925926174138	0.8187335546356332	0.16030903596137605	-0.47560032665984353	-0.6571826040155073	-0.10192178505836368	-0.40036054007890576	0.0571758465943384	0.8030903930005605	0.22096760388078404	0.29773527356119267	-0.3756855943009481	-0.3762036755295021	0.06783700355132205	0.4804618694466862	-0.5715367224832723	-0.16795249627067368	-0.1314874642304291	-0.072847076713193	-0.6635938240170784	0.16921664404228529	-0.0659578445576562	-0.670877118792345	0.0924885472751565	0.05160008052035301	-0.41904633497957416	-0.006413342926053094	0.7229182951221631	-0.4067115315864827	-0.5116419803308249	-0.5180855405075556	-0.07169146016182724	-1.095449732818436	0.1071628573213961	0.09709957769112063	-0.6464439774017635	-0.45521106420529794	1.2170397166031715
DTXSID5047297	10.303636452810009	5.958726392398688	-2.937852893287599	2.8068323391630985	-1.00369028714476	-0.3376149546688883	-0.16237693003135836	-1.0007294286788948	-2.8332608608597076	-2.9123810288324545	1.7834300232710056	-0.38498039703098663	0.8473711383700835	1.2991759226551083	1.1020347084858442	-2.6284084142306683	2.183993892532876	0.0511619066274201	0.7233597832821875	0.11972007841017444	-0.38265989433551834	-1.3938403460298456	-0.28128875829157074	1.5520820891396452	-1.4975474823458998	1.3475448530348066	0.007616377881734157	3.754711147855519	0.7324988161430955	0.21177595881386066	0.6922916879261737	-2.259317194607885	1.0125624012130083	-0.4313110152583812	-1.3520329486579699	2.281301097469033	2.0676325639127664	2.6733284316143333	-1.0879638257282305	-0.8470281743960756	-1.0984028823887224	-0.4877776589276294	-0.2475556799645709	-1.391385921607129	-0.9305030116578229	0.06143815204805097	-0.6603920715077538	0.5887313836206315	-0.20938525554158488	0.5379631068223482	0.24793083835750615	1.2503715491701408	-0.5216790872029918	0.14107542033274964	2.110083280930183	0.6277064309027419	1.9773682997885311	3.6305352208845423	0.9339169694267484	-0.08847826692108447	-0.4083433356204436	1.6190948669546745	0.909364079985998	0.3013725967510663	-0.44898962194854297	-1.5605081033900812	-0.21454845454956575	0.5550643524090949	-3.5926348209309373	-0.9527012714253708	0.4336554198501929	-0.20001488782338195	-1.3800810021260506	1.8239911363589312	1.608458070167898	0.7401109515393857	-1.0130967155514812	-0.4449838253382689	-0.658318407957232	-0.2578547817391984	0.19754671543586622	-0.4950756458395095	1.0091569403782907	0.20562900671225565	0.5888297314881635	-0.638789344985057	-0.7246009024900716	0.12616421298996097	-1.5344668215066442	-0.27145855155026094	-0.25341795127344857	-0.3980799130841238	-1.4018532777734414	-0.6239949187883449	-0.566401668880643	-0.879411012722537	0.28821761088245956	0.3374266317913095	0.9599328648239145	-0.16240898933668296
DTXSID9049241	-1.4188817374356675	0.2184873495851273	-0.44778831587577517	-2.4402142532079845	-0.31814896545400967	0.8125117089196119	2.3306203976511446	-2.3723582202412232	1.2800671811525444	-1.114941541860776	0.672562868628086	-0.625555651556361	0.08056994018832865	-0.6822263559339071	-0.7675116927833234	-0.050030332252273435	-0.39390402119155404	-0.22438464413818043	-1.328766373949492	0.8853835400553101	-1.3782217357576092	-0.6633322077644314	0.8569782012769025	0.02720657711751648	1.5221710464644576	-2.1026943330128054	0.10255600057799495	-0.2085090669284806	0.8097891242735104	-0.29879143178941836	0.8952366475262793	-0.13559908978941013	0.3067809662786194	0.15963636298361766	0.3949637578173915	-0.540808257002524	0.3897476025867741	0.42139792618964855	-0.5568053501655867	0.1828336610545968	0.0884724535339652	-1.2804696576936934	1.1496789199859894	0.584639120332835	-0.7180703045059832	0.18465428260845929	0.4003030376039919	0.32072250036040184	0.8227391819835717	0.7939428626399068	0.24336984854865912	-0.005273952673887885	-0.062017995227237256	-0.3444533059755014	0.26385145560711687	-0.1774943917476466	0.306068452001363	-1.1623227324863332	0.37451030224012494	-0.7018252124730029	-0.4745891059292391	-0.7105384777478562	1.0249995211281862	-0.4972605312009213	-0.27689496273126313	0.5581851198339628	0.44437318676785365	0.6409024350086359	0.23567217979749308	0.46856973978064786	-0.3464722594354047	0.41263513842688	0.09348766153340689	-0.29335873370168386	-0.30831248302551983	0.40214429235086496	-0.07903684188840167	-0.2407459885944269	-0.6372386866392702	0.5329055568575312	1.1913822628857624	-0.7333851965603668	0.944079940956574	0.40855851960797795	0.1392253955750657	0.2966983667320381	0.2343784484056395	0.8876752694729896	-0.8555853046919605	0.6947146520467435	-0.037157463027185964	-0.44020086668904373	-0.19816221856077207	0.7207308993034813	0.17668520922541947	0.2196133280661513	-0.23955913528159342	0.7339552006906144	0.03206289200809974	-0.3571061081308616
DTXSID8030760	27.508267212669057	-7.197193425947722	-0.659193989398279	0.4209291698552768	-4.414415036758224	-4.761967630514343	-0.08765524848444357	1.9175649906637984	0.26372344187396957	-2.4171130607092866	-0.19337269954702643	2.790672178649516	-0.5417817673597919	4.682345058824722	2.0298000767930446	2.0721771596454905	-1.539854662542455	1.3135451096449484	-1.228697258126749	-3.485822705677641	-0.1774714808048999	-2.23135918479285	0.848529710857594	-0.10242043391619533	-1.3416345212766274	-2.4054730740874932	-2.6428718771006685	-0.6768453924248024	-1.0713403902601941	-1.3609303460754865	-3.5679670514882753	-1.4809899977597687	2.201933093407197	1.6422469703058078	-1.7891583599898264	-1.3702445097992284	-2.3325581093038736	0.23835536210146605	-2.1675392688429103	2.398048759661535	0.20458329057459923	0.36389105144225375	0.4046906809193756	-2.214503697507541	-0.48982037320258837	0.802656232975919	-0.7740056546946411	-0.8441134684615031	-0.17410413239136974	-1.7537169755869295	-0.2872629161596035	-1.3876670289223165	0.19529753619402865	0.08712095956711037	-0.16692241956138376	0.4640974083898844	1.18870999867368	2.2748261830980865	-0.5188049220687094	-0.538944013361181	1.5893605761957996	-1.4363179265025907	-0.8881671609264726	-1.561326834558175	0.5950278353451722	2.111714277563318	-2.5022798390010537	-0.032048043908890995	-0.7319400564368634	0.008196023013595465	1.0915261592182237	1.6360479887793715	-0.3069310158889946	-2.1712715363948414	4.4558887652676695	-2.9254555449997572	2.035433034932911	-1.324017549079521	0.9800223722443482	-2.1657831286539264	1.9326687270712088	-2.2534848254598874	-0.9639930723941234	-0.9259884020559586	1.1253271968723415	1.452352634005463	-1.5863022411067607	-2.8488737612660913	-0.5921721159429592	1.6874618869478069	0.09610035266632111	-1.2834427033711948	-0.9096628989273782	-0.8308405703928633	-0.606816861173945	-0.7062569817015328	-0.7154728883138465	-0.63260707112771	-0.5503626126412635	0.0304713717085461
DTXSID7044974	-1.6864424865523837	-1.9535080654024992	1.1824257323337408	-1.7250611724061005	-1.711968343308082	-3.07254674248538	1.5786746240852945	0.8981860773324439	0.6323092034541695	1.239679637678819	0.23274906549663912	0.0319181119992731	0.655588876356558	0.5897249621449407	2.2050181391280197	1.9717972883851422	-2.5070500259876853	0.9727398299152132	-0.2953339532092384	-0.4095024800571538	-0.3912322549365336	0.21388428802211773	-1.7985188915727692	-1.008761679228738	0.19238607956755258	-0.8327601766902311	0.43031042194188346	1.2377632531752567	0.174891371754115	-0.10622838339772345	-0.061352434118540584	0.10028421923746826	0.754710478881851	0.026092638320671404	-0.9952284254431866	0.14256342709808284	-1.0019886894958312	-0.9003838378690895	0.08832258350832468	-0.7899006897579284	0.34601765887206215	0.1402664197649053	-0.42090861368000215	-0.4224744013161128	0.5149962758264037	0.5026682968771272	-0.21321016771875523	0.5629412111140818	0.12126021902335286	-0.12764914459426668	-0.3323871251510252	-0.18547791035442052	0.34707846223261296	-0.009738037675995355	0.616951069947214	-0.3499224909865535	-0.19432710956475827	0.6955202350670558	-0.1682002065555451	0.564808883854882	-0.20260281724691354	0.03930571763700822	-0.8662640904894032	0.28072640537824295	-0.2953317564791514	-0.5592720884883071	0.2749319001929635	-0.015228789274993146	-0.3374436056625507	-0.4594550364691286	0.22173659748010516	0.42790205722940505	-0.3793849791422586	0.0670192312112173	-0.9095335739591437	0.7413838789432459	-0.3572946638607519	0.9282621832787974	0.16046236291082505	0.24774150065633382	-0.9207273291990887	1.0421453958049984	-0.9443296316981735	-0.3339616635328758	-0.3647552423021203	-0.025570005000893185	0.1235675441555037	-0.9683802282540117	1.0558041377698226	-1.4197714035669124	-0.9462918655361927	-0.810498839135966	-0.2369034964924996	-0.5197078071746247	1.495853933632901	-0.09563283461160962	0.8924500944434991	-0.6012988589726067	1.0420887606591156	-0.4572499004740024
DTXSID3057694	-0.0018095744796488664	1.9417618142510407	-3.9719163817081227	1.9143551457206103	-1.627409644537293	-0.37203874621867417	2.209232007046509	1.0124200968129058	-2.647878072129429	0.017979701245503375	-1.6183798320050242	-0.2275374730013673	-0.12040240867759551	4.780522614236605	-0.6396708343644546	-1.7688756018212344	-0.9196223407667068	0.0676364617623492	1.1275949375935448	1.260879347623617	-0.2841575868623395	-0.406035073610624	-3.782712722446269	1.0568986953920751	-0.5859121477964109	-1.4065080134244092	1.4835091078472664	0.031740482436514006	0.09897560337567604	1.436957926106039	1.2206693487607678	-0.8162911174018087	2.2008165207800925	0.6614934383344748	-0.5388649472583589	-0.18177667459259234	0.49172069779095073	-1.0161822081409961	1.103156296071546	-0.36074635664889054	-0.8158321028932104	0.8323409620236014	-0.7001880177047305	0.24161809912596957	-0.5990417803830548	0.418771152350395	-0.33052019604839944	-0.479780234336506	-0.17659371199550897	-1.1512980095315837	0.12390121311966464	0.04686502770721011	-0.9273415788585727	0.5011763985834229	1.1153281393739216	-0.8717464669209645	-0.01955395796158071	0.5225567223539127	0.4950791909647432	-0.07123631690278628	-0.2924180464490607	0.8951500384484747	-0.5758762110211805	-1.9096569769409655	-0.42065043571216965	0.2943122880390308	-0.419004903993645	-0.44897273966915485	0.9905085907619008	0.6667721217310033	0.7312637103469807	-1.252815072313369	0.47963813582009174	-0.19942493778378867	0.7441546816597033	0.005843119656152196	0.15056910697869483	-0.35012634586360697	-0.07477963282302887	-0.16676610828121205	0.8120837404419586	0.13133723826695987	-0.9397940532150463	-0.48364557739194974	0.18334560436888322	0.11137307328696493	0.46544407703702323	1.0073035664470316	0.20140102030935647	0.4317114118892256	0.10514939707690527	0.6643185102803788	-0.23922298266331954	0.6402717192894833	0.7479784867024212	0.7082095651159129	-0.24804401904974638	0.025651049460413897	-0.05455013312800422	0.04533408884869324
DTXSID0044787	3.1158182168367863	6.360917601900738	-3.371913339772834	1.8712842435117831	-1.1680372854650631	0.7469262162874635	-2.9720865134360888	-3.182176889375645	0.4423434504212322	0.9549082249053191	-2.9250838242688544	-0.07072914534987525	3.081233755528802	0.3348699206183558	0.40203507467645266	0.16603378169472233	-1.2501371468937612	1.0253228242922003	-0.1883777000384091	-0.6557794056531692	1.7945779683486542	0.6616443947881215	1.0099903821714948	-0.5255853871264675	1.775958921799426	1.1764193720133873	0.09946381654044485	1.1364991312023376	-0.13674337734894668	-0.08708940867168981	0.9424872423713966	-0.23675529054015987	-0.773407642258506	-0.8289126655891718	0.12829877951263205	0.12746719804433007	-0.7317563376849984	0.4587318077072658	0.14938881322692835	0.3088340588283932	-0.3536876820254792	0.7474777944597636	0.1480721031557551	0.7211565654333237	0.8550695799895869	-0.3405804680338958	0.6989719520639555	-0.6065477785279928	-0.21639919684121706	0.34590118756439786	0.23720076833655848	-0.08330690713776089	0.6629672177257178	0.1638838934262558	-0.7834651626980528	-0.7044532473740123	0.14896256972439526	-0.4382506227190782	0.13952615555794692	0.44114265737399994	-0.009015300311288402	-0.16163889790280636	0.26932830871367247	0.2693483318772523	0.26057161153519715	-0.4947194810217684	0.45072220292841153	-0.9309380597934942	0.11429833689091269	0.2799813458033664	-0.943942773037677	0.23099638173942774	0.28719344709399586	-0.8673373919384632	0.5904738882820495	-0.4369214782629638	0.3535809793497185	0.2919598176284406	0.23043483665730677	0.15947380817343176	-1.4346421113123902	-0.6623300393553921	0.6543716643125065	-0.5290517975930211	0.5534711948428461	-0.417557985484562	0.3373005115493768	-0.19792035479944173	-0.5234191915612165	1.546688194529014	0.3885703337577778	-1.1339737187301446	0.2845276810123521	-0.45545574239079084	-0.4357988600036015	0.5840285701787391	-0.2744652509099818	0.40670475402579	-0.38547992144571297	-0.3367370686177792
DTXSID8020591	-0.14178186884125357	-0.7571018817225437	0.6891963266800779	1.318816802218778	-0.8447457117827837	-0.4811030730435177	-1.0171924237179402	0.28758557763367243	1.3312382664391633	-3.2955512436278966	-0.40745732046773503	-0.21575213195085494	-1.94915511881766	1.6073069018920396	0.33013780224378414	-1.1288736725221447	2.07704570889601	-0.6301851861012662	1.9142038341321121	-0.5605658458281945	0.2704392261150945	0.2527549726207762	1.0363057704757481	-0.13203856103074618	1.178690655591811	1.3373442305203054	1.92273272821281	-0.4666451732248938	0.3837041273604443	-0.7989866199575836	-0.08370810117854273	1.6284250603541461	-1.4992062056016235	0.9907450400256325	-0.5199619917160012	-1.0973717642060858	-0.06864254522872551	1.3045010529837273	-1.5845568343795482	-1.7132846911070545	-0.2487975791106073	-0.05793283716835495	0.9562820167202865	0.2564165304544908	0.2638425619282182	0.40488353031620156	0.8471252096105644	-0.2908922834414287	-0.36795530942996524	-0.1326438026935798	0.028894469399097344	0.706060834962184	0.3120495796888633	-0.1395449679545371	-0.04169695422252165	-0.21203539203820876	0.310311438137275	-0.09093797567574115	0.1488108796235323	0.028530055451420785	0.7923539230563269	0.05619102509711814	0.11103744949689853	0.7949714565819013	0.8978194026522052	0.35642967739067216	-0.34734666240233925	0.4396379453052472	0.4529082282688873	-0.3365315297645357	-0.18418166336910344	0.19979211727956028	0.7616236730946493	0.4927246509382082	-1.0419532735769756	-0.9731758036043483	-0.011452780356888412	0.03996713297961246	0.41210667884901525	-0.311087083457171	1.341395445100279	-0.07932409728195484	-0.288365350033013	-0.7212914202610133	-0.3739131844600383	0.1507943126671637	0.6275518583865832	-0.7679692443666016	0.0890032510299514	0.4717710981913775	0.1560731766147172	-0.12283912360242301	0.37261320345047777	-0.15231935110098938	0.5092435087091821	0.635680723764616	-0.13335867317339947	-0.024999156138644632	-0.6081542891019189	0.304902252095152
DTXSID9047461	-6.17697692262089	-0.737013201074786	-2.0578445004392827	2.4147494183221605	0.09562133548152182	-0.5071836899124481	1.9314064398388915	-0.8329328083342905	-0.6552989223831066	1.1591920637621078	0.41032221910971545	-0.5463462128239368	-0.5661848510309776	1.606661237375033	-0.8826161843264676	-1.508981368166179	-0.5151892041915542	-0.4201052597138738	-0.2532155720831947	1.1568174735600876	-1.1576255714435804	-0.30515164749969875	1.0517314198554373	-0.04861244423906004	0.43596562269510103	-1.3504360969901268	-0.4055298776513953	-0.265642952017219	0.5336091679176458	-0.25338756136101276	1.9524692761735531	-0.6325259652918797	0.005451755031648707	-0.36599926413534356	-0.7491425000026184	-0.5000089896552996	0.00527789394234466	0.3489816416756087	-1.201233544491663	0.6410385827157952	0.3788487961131989	-0.16474314819926816	0.7496139117329449	1.0682383676405292	-0.6064016142385119	-0.1620996560837768	0.3936339224531354	-0.19706055874165154	0.2899493809290867	0.33404107029462815	-0.04728542061011141	-0.38578388492206905	-0.28811315358959544	-0.2706973302703684	-0.605956881316281	-0.2642101126041728	0.34269705690489893	-0.6082763479598465	-0.5977277746548336	-0.8785847816973562	0.09180912603375302	-0.6848393308528348	0.7227091212559381	-0.17894979243297435	-0.21288205467001062	-0.049539507138001454	-0.2765524938665489	-0.09486289022512141	0.0096302834935736	-0.18943949895081214	-0.338888201091178	0.21681103078346217	-0.33914908923695486	-0.17566246842131056	-0.039584645885638134	-0.3652265590667867	-0.25625880443481247	-0.24731339107382846	-0.482211998850456	-0.6589389991302356	-0.07964104729268011	-0.4575533517136688	-0.6101718171225935	0.1538147557939276	0.409408892273195	0.37491055757773656	-0.060178393287851746	0.32784046231799063	-0.15418993433542288	-0.38850339012128204	-0.3840345633620763	-0.4177980677512584	-0.11076668870286711	-0.11775817730413071	-0.23758525307140285	-0.2991385212939836	0.22820024103311087	0.10607911385870475	0.11358578810466402	0.009984062155108069
DTXSID8034085	0.8589985343842287	0.8927140701101756	2.6016752080354255	-0.2537891754967744	-2.58511023930325	-1.2583894987977067	-0.6494654365496694	-0.7500672181596892	0.7783738891464952	0.252235436879062	-0.428024598382793	-0.13103577777962983	0.6115571628539066	0.42014055894476326	0.6004534372310578	0.3989877126382871	0.5349707917639178	1.2647254591500938	0.06206660576823538	-1.1857745133036244	-0.013034547502305946	-0.8979516373793206	-0.5422552785428721	0.13334487889034158	-0.13740638334098057	-0.4728888354790177	-0.021866966575604246	-0.9596621389146794	0.03155716054742961	-0.16049544939223828	-0.348720231199363	-0.11970972181083912	0.6586352406980525	0.41217306994487335	-0.08880090183612782	0.2655172442719192	0.40553747303636456	0.08757461136759236	-0.23565386745733277	-0.8268249596974044	0.6001254357791782	0.1329763178452251	-0.20901465886727819	-0.8443730904796318	-0.48777950346975424	0.25453012038208234	-0.8027550287685393	0.047243558690350254	0.0907851094298491	-0.11226421226096445	-0.11442363730542411	-0.12469269215932491	0.03356591656456526	0.006882486756459696	0.01602699426087496	0.4553394616336677	0.6346072234093488	0.21611629774905725	0.02442267140752071	0.7123079625964919	-0.6912515705269541	0.45363839912688597	0.17549379675242102	-0.3560770734120086	-0.37294887055456416	-0.06946232673261821	-0.12166103841961028	0.29929413959666124	0.029759842374627556	0.3690352280995989	0.5194323096744705	-0.3911312497539421	0.07644129590874693	0.20579141311182042	-0.65939749592161	0.8846035162431596	0.24172626715397924	1.5271146280454295	0.26316974435263896	-0.3692750896416603	-0.0725423716646809	-0.45478073952118037	-0.09952702097324995	0.6637695101607126	0.3295842962275624	0.2876490310080277	-0.3943965618470451	0.14755417775363722	-0.3438183198862383	-0.34577004514733456	0.07257560465014674	0.06553111044547728	0.8112660003761349	1.0979768075390224	-0.6631511135401401	0.1704286459234728	0.3614630858651439	-0.0402077078896296	0.46885840597446277	0.2878554158610037
DTXSID4048931	6.242009531362275	4.9959368830936866	2.2978921778305477	1.0663905443365849	-0.2701148549459061	-1.980403764774514	1.574638263961	2.415543711903159	3.5814940321832003	0.2589825123414154	0.017897678538297247	0.05048357447981698	-1.1757952672188487	-0.2464775885400094	4.801238501019536	-0.09103963485498318	-2.736331121894409	-0.2772405994649001	-0.9016259943397131	3.2672925348607187	1.9298038220317721	-0.847721600500452	3.1961760935738126	1.019948240193916	-0.4534133273318977	0.7776047595772517	-1.4748093924245913	-0.9557966943286893	-1.4003502485302917	-0.1388749900329633	-1.014970038212756	-0.6410790396627664	-1.1854935094666084	-1.0002830954251407	1.3707342698213807	0.9673358485053094	1.729630177681363	-0.9243068706033876	-0.4242346338070457	-1.3145978068747848	0.6910150412160226	0.4135885877015652	-0.991116544663769	1.2123247720964339	0.37589170187758497	-0.6590665407310509	0.9087062419128887	-0.4331907547190531	-0.0006632183440205745	0.2737335762693786	0.3709017065141995	0.728155743938062	0.3716749542742699	0.07170421700210967	-0.05952561173335439	-1.6437669114528668	-0.2176398747050985	0.3689498488379973	0.044468585196940705	1.4044953666635474	-0.8734366842628467	1.8044529197944474	-0.8916717503048927	0.6086080725962165	-1.0349143546465684	-0.4113134135138369	1.155027767660917	1.1681422436376343	0.25264362152187947	-0.22367774851459685	0.17893976709953	1.0903848332269206	0.5614458715935634	-2.556707732006497	-0.8654440082226231	0.5299569899888588	-0.3880813227259617	-0.6719307897947602	1.4548897144590307	0.5011701712108549	1.2242272903583005	-1.3161742420648757	0.31864340788882295	0.861582176662912	-0.8778459786118962	0.1728602531462901	-1.0589218145278751	0.9387254513156358	-1.0490131618347687	0.10808219474636523	-1.584098561383521	0.9207821766853426	1.084084236689299	0.17019626198860952	-0.5643188395178599	-0.203941139021472	0.48820858731871175	0.6021064622128209	-1.208481510102663	-0.5134693048065204
DTXSID6020480	-1.4590920381656114	-4.330887192140115	0.5769633523858144	0.05644209176546385	0.1643389324783782	-0.39426306786174237	-0.4875979902657915	0.6696170315898062	0.10063558454988933	-2.171916555134099	-1.2023639177117265	-0.0026824094847210577	-1.424021172649368	1.4713735303147704	0.18220203773265964	-0.8910660588189936	1.012918794254126	-0.5184707469973333	1.07162115565167	-0.293185741445533	0.34657657707537254	0.29884379855365156	0.9285068952495362	-0.5256593012877074	1.3179759309103687	0.4553877561658453	0.6709152818883934	-0.9755848972554664	0.02088546015109157	-0.5421268813753253	-0.16187784510461206	0.459493319432304	-0.01702506575304475	0.19168747998141863	-0.18428033102652552	-0.7230140820341265	0.008739249521329824	0.6403250700324757	-0.9968842744770019	-0.7230267846312943	0.5618587569164611	0.5334692421843481	-0.536142928128959	0.21610964400513022	-0.18443718543222068	0.28650992139578013	0.5096975914906663	-0.7633623257120651	-0.1502223623255389	-0.2554416972600665	0.24655837927719837	-0.3121046839368599	0.24633845343417596	-0.15503673943726717	-0.4460830452848326	-0.4471243981169259	-0.16143364855617368	0.5018109938260861	0.0005848802795644296	-0.05091136841189357	0.05452849210680465	0.7056783211098859	0.4127936425765222	-0.894578951370422	-0.33687456656034753	-0.41167662346603157	-1.3889186137938239	0.09462136527766897	0.24415369476109233	1.1427725957162345	-0.09948079125011944	0.10574845372546154	1.8848615917219578	-0.4376626133353056	-0.03410146284842991	-0.22327427565529984	-1.068707787711242	-0.4890369338725306	-0.14209923656637552	0.3354251203971931	0.5016955662479927	-0.5665930147695262	1.0891956597307813	-0.09642208133809696	-0.9072757922475181	0.3702864030302305	0.4909061488313519	-0.580938038802177	1.0020611061318432	-0.1315809303007327	0.6327903017590748	-0.9023577855127739	-1.440454504235196	-1.1759148950166411	-0.6458214604877495	0.2727345621517387	-0.5992477847532898	-0.0369898815614001	0.20352726008301514	0.186384528516462
DTXSID1027346	-4.756885872940882	-2.1375733477845023	0.835162379366637	-2.81057777191856	-2.1552038916222473	2.7666486377260635	-0.677584924653332	2.9828323541096786	-0.9370912244559225	0.37318474149595604	0.05758847389890586	-0.47379492695706554	-0.24229236068564744	-1.2536070314971042	0.5079715710625426	0.7026662668503184	-1.5544487954034778	0.008708553833040275	0.052375442257411996	-0.8128069031404016	-0.23527448253503358	-0.4643414561157219	-1.142521988201217	-1.3161187981834959	0.07991020031359156	-1.4120829352921735	-0.9079114997934142	-0.8956611931298041	-0.42940752865891646	1.0658389895090687	0.05568247917528972	-2.2372426664403133	0.3675179188984171	1.3671527507356935	-1.115300534645376	-0.19561722274700394	-1.4042192804037998	-0.6154655620213244	-0.15087739497134545	-0.10065216344661929	-0.7098595323910144	0.27230112204437684	-0.7905058859278753	-0.5556901684774552	0.7134898161564439	-0.16505142068410666	0.24493714868594207	0.5238961352500463	-0.6207272560245658	-0.5868889658303221	-0.3018740757258782	-0.5286929749914206	-0.22751930916527618	-0.3564250816199491	0.4390428314219	-0.646294950597321	0.006473464484249495	0.686572940338075	0.21570986055624486	-0.04773300746527727	1.2582227457288588	-0.11097063798002291	-0.9937454222045718	0.7914536797639853	0.7101638250823349	0.22259060827137697	-0.7403228050218142	-0.26090220367448197	-0.3332915083636103	-1.4148085280357268	-1.0327786516880337	0.41052053588512144	0.08441188879211439	-0.06796324726541542	-0.6160580238332259	-0.19604952176138696	-2.536681683642255	-0.5544924413628355	-1.3001760696263638	-0.8152436429364803	-0.6938600943427085	-0.8329286132029742	-2.9800717662929554	-1.9008765557573029	-1.2601122846182848	0.10997614129268721	-0.17122979333642896	-1.8597086405429	0.944625424423441	-1.7578915383685174	0.4487871516962911	1.052785000824807	-0.7142673479398481	1.030132896318318	-1.1695522521817092	1.0915844696021126	0.3509113794213239	-0.060976257247109825	-0.9417074412254891	-1.7101036773668479
DTXSID9020245	-3.5275079200597896	0.7347566746356928	-3.518214053943411	2.8612568356416164	4.162658218620486	-2.2046457302510243	-1.1953841470757829	2.6356549915968177	4.262096410908503	4.1684979624047	-1.7881178369730313	-2.1479549018500297	1.0716220638414686	-0.7956319674984511	-1.2283647203690709	-0.4479865409870302	1.1403575847656622	0.23852310977526828	1.1858648679217108	-0.2631046736110251	-0.7013590611843696	-0.26633668127103083	1.0600505172526753	1.1891237929164253	-1.5564750033541028	-0.5421641428745354	0.5500722857562971	1.291070876078125	0.8450597419997333	-0.5831114081066371	-1.2220047734325514	-1.7217577347385293	-4.4176170131930945	2.5085026440059326	1.4833074198787486	-2.150106720926386	-2.164758326014748	-2.0644804279699107	-0.3010750092835574	-1.6076087455905301	-1.8750018188776727	-2.4313242104150374	-1.4231038168325094	-0.42332217968036207	-2.0304042832901015	-0.825518152769487	-1.4887603225385742	0.8753689684364986	0.4052422801718186	1.726637866387538	0.6365153805744691	-1.3039444692112605	-0.33105448873755133	1.0574900277622767	3.0085692395505923	1.5490888574645219	-0.779496267364842	0.3927333603662696	0.5268958142557828	1.8929848921119659	1.2938540281520696	-0.8120596296282526	-0.6435501737113056	-1.3043451104044244	-1.4075294622131762	0.1366458122328789	0.7742069772728608	-0.20254335702048748	0.22237573955374185	1.3101736042486622	-2.680772724565964	1.4603097212634668	-0.31854343274709596	-0.2655781132078414	-0.730152499229115	1.5335009206477161	1.5514820056090295	-1.0133762290519543	0.027874911222241	-0.6143918538079308	0.1480230183911455	1.2052091510276155	-0.7758731574610541	-0.15962017520565427	1.6623544973818476	0.35989447998325036	-0.3084144916622108	-0.08594349404210823	0.7933189868207496	0.39876501027375555	0.5627120810856453	-0.7975949306018184	-0.3016415230826832	-0.8392232935686705	-0.6029831814003844	0.02388981983599427	0.331367887919407	-0.01795677274003984	-0.28008520857169805	0.6654200918044227
DTXSID4044668	-0.6512842201941123	3.2670123578838846	2.1854098925939844	1.9865019971092395	-1.377731910778922	0.3963516424789586	0.4611327487040952	-0.8520093113872617	2.0276252280536315	-0.3809715310352939	0.9533508729090882	-0.20574688668338076	-0.8547883003595377	-1.4235691371830062	1.111133452059678	0.1720698414259034	0.6430518217220605	-0.8716286839142189	-1.4167824687696673	-0.9293973391602884	0.5236220824781566	3.658930344955152	0.1644941248085985	-0.09181405923519924	-0.7896275930878018	-0.36786109163938174	-0.7884633814136397	0.3774348322652874	0.020207989694067376	-0.2565421593771931	0.9080523444781693	0.35608255992366955	1.4346445915914554	0.5654640175453265	-1.0633418668503933	-0.4674006392279233	0.26675586385310507	0.6851625833046049	0.5320187734734915	-0.5350148407873833	-0.3656833968585215	0.07686742345998496	-0.5988147158323583	-0.15218007021687566	-0.6930255517481796	0.5545672609775671	0.24993264076202132	-0.2826642840636728	0.25129159752793073	-0.07858584664294398	0.16465706994731494	0.3171444374154991	-0.3922754867316558	0.33792619060090817	0.396783411574026	-0.13267818778225304	0.5651045832132069	-0.18471410447144354	-0.2371765569498747	-0.007761008555871771	0.3924974349311332	0.6500330943223022	0.026256264227349897	-0.8454898432293666	-0.1997626984824148	-0.3253762836231373	0.04798599046368292	-0.02254307382861658	0.7772323464305335	1.1446294324507662	-0.4818765162995527	0.270091159226439	-0.12070342274601033	-0.7388121169800705	-0.2659435448384654	0.08156979167611275	-0.0471547566845212	1.1157539983010913	0.7541573900492962	-0.525533576812018	-0.3086775404810813	-0.5650505381676139	0.014709218298443414	-0.15694836513300287	-0.23069257811425228	0.009182459675326125	-0.41362786953920133	-0.13303412824064786	0.3269363625802511	-0.3542638211419302	0.4073194108737294	-0.01586454199196594	0.4719213386023477	0.07438885159712161	-0.6403807839047223	-1.2684622168214739	-2.0089299150413744	2.570814458971561	1.3689412992808183	2.2130441585805856
DTXSID4048698	4.120621312488078	2.103335610931243	4.912212817069471	-5.329573707125809	-2.780156337913339	-4.2940551202275135	0.871521615334276	-0.7464940416214757	1.4592711744627371	0.5896441051899406	0.8660939502249796	0.4436308758785347	0.25996129273393487	-2.304281538709751	0.21730121810813013	-0.30016167613297356	-1.616907404707997	-1.497247163195215	-0.11268339038583088	1.707857053152048	0.7309947507465122	-0.39456118814102287	0.3319435390473742	1.271010992372779	-3.4423224372783667	-0.30323141838328926	1.3963407754386155	0.8366262463516454	-0.7206802562732751	0.5454009241875842	0.6374452495587946	-0.1923279859860118	0.8465377982806573	0.9982709278378766	0.08920463607811727	-0.2280717323761481	-1.3335420273179872	0.1452289836736672	-0.3443250850085075	0.49194165067788437	-0.5289114295774255	0.31051531385530956	0.5418722923855337	-0.2725343809976227	-0.35026492127973713	-0.31751021066487906	-0.05792471476359419	-0.3390038782135214	-0.05743265072874672	0.00024417208214999885	0.028735106684304308	0.0719126268274694	0.45522376759138483	-0.2585244464453824	-1.053552092291106	1.017169728005785	0.43318788961803995	0.07575235128583996	-0.6421552424111268	-0.5833669456637961	0.4906470152554613	-1.238477860604087	0.36492789335096104	-0.6074102202515079	0.9161687000475329	0.21079681829369618	-1.042916648004442	0.409868434385494	-0.021156246389779365	0.22593352946694448	-1.6296543127759673	-1.2137643914544691	0.6221086173541562	2.0053422375533168	-0.4937211007518038	0.8822793351333823	0.6518808237694842	0.895904365335523	-0.9014880491491614	-0.9699336545392229	-1.1215073037563097	-0.39361480981018465	0.30901571783304105	-0.91782774666332	-0.28842902658681857	-2.0740662472545557	0.7285525805786809	0.22128850762450247	0.6967398417723744	-1.0706894956195347	-0.0773565374313122	0.07842698365016972	0.32097138282836557	0.1706146489120014	0.001257764609162772	-0.12617075794467394	0.4607913703327768	-0.009952941455556374	0.30819737669391295	0.05862566838053992
DTXSID5022489	-4.025902449333338	0.6868930097881342	-0.5155208093161563	0.8176868138281247	0.4572439980460577	-0.3782876566611079	-2.2188509425506027	-0.5973447534333298	-0.4552001622556288	-0.994374204582967	3.344873291077346	-1.5013520664641982	0.8128784482274309	-0.5133954154282989	1.1300913426380652	-0.6651618881122835	1.0641249631859024	0.40202921791132423	-0.1672053639575052	-0.32771481331788166	0.09877422927924269	-0.08212920476330403	0.3181693967075465	0.3035624032696082	0.18261045188825456	0.7362568140487006	0.10997799977118801	0.039832132696223634	-0.2159940638382951	0.047410324981489275	-0.3493157616913001	0.20307516913855145	-0.5477028583322706	-0.041624035601256965	0.05748272522158064	-0.7397142474747999	0.5549267502902419	0.014881154737401307	0.5056589137087066	0.6097098917390625	-0.4801081618256626	0.14610875672066825	-0.45025083198207455	0.3700507229696519	-0.20403571935475742	-0.05608324990610899	0.3589974892884642	-0.5944586169729651	0.04757371524603588	0.14887715371968055	0.16643135837097	-0.006377156203746514	0.1778383991173179	-0.2650501318501223	0.1650947946674692	-0.7017582957860453	0.291877943318932	-0.7587321468188974	-0.09038531555103449	-0.027807612473611507	0.1391862937693608	-0.35789428866483725	-0.15729539486373662	0.5254030836792599	0.1197331678709861	0.17258998541752	-0.00716689426029983	-0.5136407657211353	0.013809710110588326	-0.04656060525097959	0.5543437250650198	-0.46397201707545854	0.3536273095497083	0.1485527191341514	-0.06187127664719117	0.0057831324216327945	0.33794270554232547	-0.42821232728764086	-0.0502997084231471	-0.35366328475959974	0.0605532826866326	0.01846512757487156	-0.38630260340669337	-0.3585781463273534	0.09219291842452976	0.1232415339877579	0.09959821571513326	-0.06379556460325854	-0.2022927326790613	0.17187032127341867	-0.3549745231140306	-0.20889063254688173	-0.2480148187331664	0.38903164192802847	0.18827871946609537	0.25213787810974153	-0.22388009374401516	0.18498148399627873	-0.11632392649295369	-0.17464768169627853
DTXSID4021632	-3.071392373915612	-3.8851662016298256	-0.9941551493594368	-0.7245377669414407	2.669737289666348	-0.9247871153341121	-2.9990137939602612	-0.06811202382092275	-2.9219591340468165	-0.3275636485999524	5.247643016704261	-1.7547435388184547	2.7545960454241087	-0.6590247541892927	2.817943766250247	-1.6999763040187068	1.0874683367276554	0.849685066542517	0.746927277447727	0.04850792705181064	-0.0351268431277431	0.4890957698098079	0.11117464387411026	-0.4342830391829694	0.7325148101406799	0.9605594733868479	0.3103128853812231	-0.3826696172044319	-0.4270499409771648	0.11650220446953034	-0.18980601771923272	0.9185645497756564	0.16470599596937163	0.8147750483839266	0.5218677249430067	-0.8913058321035531	0.6903770215625133	0.10663920794201531	0.43961922372809065	0.2084117475072899	-0.5474101026770752	0.14861111287826187	-1.2408018735807675	0.06619158402676026	-0.20710682309104414	0.008813968636586799	0.7259767450285515	-1.1236229510654554	0.06384742634021205	-0.28442788741000724	0.10837708461631157	-0.3920904347248928	-0.042376518069891095	-0.38434179591110923	0.14768532511626492	-0.4909635291019835	0.28014978427480564	-1.1304106204996525	-0.42954304889860523	0.40201976605373896	-0.3825592427237892	-0.6268829692384624	0.46122212178650646	-0.1092426040555348	-0.15604144899287606	0.07179475150347181	-1.3737955693124753	0.14790210340532037	0.1861000338943287	0.12435093589466639	0.21765892694088665	0.12731515511485966	0.6967902544227602	-0.4868070402838854	-0.20707658816430452	-0.03258477802910909	-0.18375367762581202	-0.10665855961990899	-0.08605399621320262	-0.17341286253356697	-0.1641645770089889	-0.05011383412974934	-0.21061844525489318	0.18875488726976167	0.3564336102273838	0.43919922634187986	-0.1457661741876157	-0.3279290784996258	-0.27601510119962586	0.01568827700210232	0.3400314569365187	-0.26378327525069833	-0.2545008674302448	0.024580924588955784	-0.29416103947065525	-0.4437135480563467	-0.04615382931117227	0.08105132517257775	0.0879518139088581	-0.18346075781545246
DTXSID8046246	2.536999307592111	-2.573774262352608	-0.21976252447251857	0.7882463858032132	3.9852919659288997	-2.199480324804834	-0.3633019925151386	2.6514393093571726	1.8292606526683908	1.8754350113037865	-2.4055996067137655	-1.8744557847952923	0.709770691176748	1.6149576544532993	0.4483580130585726	-1.2933645201698734	0.8679545385582838	0.23289553916047592	1.5536755010974161	-2.195717262981806	-1.0047316090531049	-0.04806650334096659	0.6665579447195055	1.3142149480843432	-0.9261691296101893	-2.4742207425969274	1.242849704295499	1.2391897369596216	-0.5188134722804233	3.2419893979695806	-2.672920627500551	1.0950902272683134	-4.655759098364504	2.2616961656468546	1.3099963849758944	0.3217269458554469	-1.8204840166002918	0.6542317655833859	0.49583148014229517	-3.136942677279395	3.4584753789328966	-2.9053978174761497	-2.5634812676133447	-0.4710848213940073	2.7192149440417133	0.37006087774056684	-1.60296525385888	-1.4287897858553722	7.71067489124752	2.539420525339661	2.029253505771984	1.5006070848943054	-3.9413500882976633	1.7141509029305555	-1.6567300418383004	1.1334419236214481	2.8902113068907447	-0.5467155544412688	-1.0915247126091365	-3.597832224458407	2.1468800648571436	2.512247371288442	0.0825079169808348	0.08737931697486795	-0.7619806566202169	1.9873230062790659	-0.9393235676497221	-1.847660043571057	1.3938988353234194	-1.504992217480503	1.3822186118110265	-1.301351235099692	-2.3670197383188305	-1.4354142645018984	-0.42539466076309024	4.151841749640109	0.3283881230595787	-1.5348458967933318	0.19334645395931754	2.2307428686321944	-1.3997471382009459	-0.24226110132087975	1.2934624599595166	-2.8984433670422414	-0.1580962220538524	-0.3123869890865423	0.4818937580360671	-1.2730925450925727	-0.08837745203029482	-0.4886724704243959	-0.35242651260963814	-0.4002853640246322	-0.002281025714579612	0.8039892259805282	-1.3171678469100634	0.14185670093910963	0.4873994236393894	0.5627911344708434	0.16226686282968467	0.42517811709923836
DTXSID9059832	1.6781453996432896	-2.5360547481501015	-5.0274452799336204	-10.363212943987868	2.098708537283236	9.861659319098226	0.6620265506058306	-4.586329358937162	7.921707775690103	-0.485204759629083	3.592954192682168	-1.1417676149542388	3.4729856756644346	5.711625997671743	-0.06079121068307879	1.952733158804563	-2.1285211963415716	0.11610926340506024	2.005372818355181	-1.0479598267322636	-2.1927876573155465	1.0264499639281806	0.8183111571744488	0.147659643665867	-0.7391916813055237	-0.07403821533318707	-0.17400403830378108	-0.40928237861816374	0.7262319443541216	-0.3350434762288475	-0.04144289974202153	-1.4178676385402522	-0.7591795469245501	-0.13278141839285226	-0.45724178694382595	0.4726618191522167	-0.2424861909079316	0.5755272110500531	0.30452784077717815	0.31393981879861166	0.7099951013042137	0.17980259595417306	-0.23136132887715974	0.47192076256403004	-0.04994319074784701	0.8964272081392756	-0.2700754871314879	0.1023525412993526	-0.24116956444442045	0.1633952460216056	-0.014233505404141098	0.24221586395622566	-0.1887802998262198	0.14246648305404808	0.29126130488427243	-0.0040433372068029326	0.4142562313385456	0.9679334372223959	-1.0603875715821525	0.33311423520953626	-0.09996710803947073	0.5380858294994154	-0.8141498907706252	-0.2631783784887582	-0.22877091969688798	-0.5169617712752782	0.593459090758235	-0.13199511100218786	-0.11543322214534928	-1.228457510456755	-0.46111641464035125	-0.07417321980053579	-0.29917885747292855	0.5205168178224636	0.035877182604078905	0.2198881771788653	0.18202165830488024	0.17671746786932777	0.3233312509638225	-0.060766075057991455	-0.17570773490804706	0.7809752025209316	-0.07969410255890527	0.41019160694738604	-0.5334524250307584	-0.004763057080580008	-0.04096282485519314	-0.6639063720499749	0.3992844507665315	-0.8092822486423562	0.548295688742245	0.5033205426275036	-0.2818070928871074	1.0032013140834544	0.4530942710241989	0.7497079858574044	0.06291351518676702	0.24254795158087963	0.4393314274168593	-0.16624113100240256
DTXSID8045480	18.734519227566853	-11.65685030277194	-11.025294956215896	2.540611925529366	-5.86526037803618	-2.1195882694547796	-2.4049231849963735	-1.0014704802294059	-0.5543371852584916	7.709569813662301	0.8275214007793292	-0.9734239504159651	-0.23421408569980948	1.617523852387701	-4.300518497811428	-0.828255848506816	0.7705371234575572	0.8506318967983086	-0.6340593082327642	-1.5592590488658609	-1.0163542910376122	-0.27811996500501185	0.7041196185077627	-0.27950323107490305	-2.253976210413966	0.11653875283644861	-1.0235082041883428	-1.39022388698514	-0.4563932088265947	-1.1855138792448274	-0.7037912500455732	0.3029308532059148	-1.2867630060148842	2.055064898792945	0.15642460996103155	-2.543140507659653	0.9804246634393331	1.0633314525935558	0.213129856987701	-1.1953119936478849	0.376125592524815	-0.17873335145019986	1.2956967151944208	0.04078810049995374	-1.3590826249870454	0.10607770407826998	-0.6873977305903911	-0.5152704238498623	-0.14874170623633384	0.03802487824554188	0.2354622253596174	0.17376402765962987	-0.4910616498785401	-0.2725729013521717	-0.7871172859609262	0.14291968938956431	0.9728312910243141	-0.4244026405196672	-0.4930819654737237	-0.6667171818712545	0.33428017427789986	1.1322082626488104	-0.04467769295881297	-1.1536401799206801	0.23853860099271693	0.9111304614968907	0.33714166799513345	1.2205825876492944	-1.4642563178427441	-2.0759241665771526	-0.5823164305233857	-0.6993791256394414	1.1782636462844431	-1.136286901217835	-0.18935789349870635	-1.1002769864981168	-0.5362280368796941	-0.5818470354243461	1.5347459488244657	0.681433842631647	-0.170373182730939	-0.5084814805316233	2.790123788294379	1.23705419365129	-1.7936773683222955	-0.5665101495668498	-2.655700821681987	0.008015260095446848	2.0235457915038517	0.10723918762476907	1.169082305087526	0.30084197923847067	1.4583689169174465	-0.024258116352769987	1.4562540735815888	-0.30206762581422797	-0.9779805847485809	-0.06609552926662583	0.883462277658178	-0.9935110295939801
DTXSID3045514	9.017896553829942	2.050168315104022	-4.646884406902337	2.1215314350814514	0.30296640273332087	-3.4624554273888832	3.8724223167900704	3.335479474900316	-2.0926208287048	0.7114920925302338	-2.830568225258971	0.19859289791552812	-0.25201994634522057	6.7323487102742385	1.3395212027375534	-1.292648942736101	-2.007341406019132	-0.10512232490492011	1.7650524878249778	0.6727786071810967	-1.2561350224894203	-0.04436408875481446	-2.0573037284002087	0.39524276084193016	0.13066589057124392	0.24623802184309776	2.7452615360361197	0.3743050593048075	0.1219333270602563	1.3466796059710526	1.3071724875313366	-0.7929934496791733	2.1652693669796848	0.35963590740632073	0.19388262701577783	0.13518109956171448	0.8227954881759398	-1.2928652249437715	0.8078321029056568	-0.17921713771169528	-0.029596134433687995	1.3141512091668037	-0.862948576153973	1.119019982490722	-0.34472655285233156	0.4846838069238633	0.1965894844550788	-0.07422388422151135	-0.10328362245371411	-0.8473250477854591	0.3377636771467456	0.4118211140785704	-0.41368398951153573	0.8066509052194478	1.0950836547113152	-1.3918775036077455	-0.38610779383494753	1.1657537286176622	0.33123285616590664	-0.02548480376053061	-0.40275698741369953	1.1554946482100434	-1.1389806518369119	-2.019798039761952	-0.7351656712910204	-0.256127532251864	-0.4335959028370927	-0.310965392955387	0.700186725138114	2.045428536841044	-0.17479921916873478	-1.1990222168438294	0.15256953048298819	-0.1529412957321692	1.6041652802135817	0.9859045184305741	-1.1863698148090134	0.05590933537122115	0.10659742426360411	-0.9642939565686982	1.2156176190556298	-0.5555590923152263	-0.28543659667386595	-0.8282787307994944	-0.4962598236177325	-0.5164301355214571	1.1033539682169027	1.8338419839358124	-0.6230539057526457	0.4663365198919343	0.05594452902713215	1.0795318791381414	-0.6842376773375727	-0.356230203852258	0.751238357066552	0.6049246807133019	0.35319435163455387	0.5351435041840443	0.3429025313947776	-0.39496682482130796
DTXSID6025309	-5.348800883670748	-3.4301432143927015	-0.6795157660428899	-1.579084231173358	0.45591748570928897	0.6278981003403449	-0.18788983633547912	-0.9443861564431735	0.38418924975163815	-0.0008708408805998998	-0.966780991277214	0.6182182155015445	-0.7713142813936065	-0.005856910998471598	0.46822575148138784	-0.0479980833554443	0.5329102426612338	0.8355810396888076	-0.043294597241789017	-0.714950388825195	1.0993835249626758	-0.35999855440952694	-0.036373884587799235	-0.4260857621708005	0.7393141958907369	0.45243569615747076	-0.4418185079066547	0.6397722650983821	-0.14133015690856202	-0.22246518816666297	1.4807142548265448	0.4017399502411804	0.30803873128862913	-0.04838909719982829	0.3560748188357754	-0.24326979962057374	0.08861496816098857	0.05618234993951831	0.023045592304348023	0.5540840847630614	-0.21263685543566105	-0.09341436818583433	-0.17825650609165183	-0.24301604860020007	-0.14729819849234455	-0.23818696718609622	-0.0350199830804218	-0.5531596130041525	0.06000170869191298	-0.11182625712937608	-0.005260840782224849	-0.3049356726420482	-0.0017758640561525674	-0.29296599993176364	-0.09665764863018689	-0.020416311224037406	0.0880915638182912	0.025494229891543374	0.06768709979286613	0.12291004525928265	0.25303720480462394	0.22327660630384513	0.2867995535519071	0.25340993292005604	-0.005585024815523905	0.0954557520349303	0.10079280010247928	-0.5226215206636012	-0.12121685864853542	-0.251147247227167	0.28078249102494734	0.09568199502604995	-0.3762683664953023	-0.6221483467174649	0.013717630575015962	-0.7344890195860236	0.1382864720662521	1.0603495881698364	0.2511992258363919	0.1917695432846138	-1.3176536715365241	-0.34812865944706106	-0.037102807517746576	0.0022866642268968723	0.5354208947063567	-0.3429680595955347	0.09466221350109393	0.08127539325351163	0.2901600300780154	0.1463449943973744	-0.7601924781220585	-0.9779278207042958	0.4946418911362787	-0.6498300571653742	-0.17304863197831544	0.45150466533011413	0.10888927897754239	0.6734295617596372	-0.6888742952942664	-0.5770014165356814
DTXSID7044500	0.6245260577119167	-0.7743275822898756	3.7695236844537274	-5.375657521343843	-0.9255700095013426	-1.9197158582175704	1.1292094551594603	0.26474377473559096	0.31359284837537227	0.5964697665653508	-0.12201781212136316	0.47199371948414337	1.0900297301466546	-1.5704294952946776	-1.9252368271071587	-1.0375642928579516	0.22482136190646315	-0.5679022128647644	-0.7007949131752748	0.4305106680902033	0.1505199442721654	0.6425288072730785	-0.9343321248789612	-0.3313531622548146	-0.47632849339702754	0.849622558660846	1.1298998174914052	-0.2539776186714573	0.1948122061773865	0.6433166721260503	0.37017183536182724	-1.0850290530843714	-0.563611721916741	-0.5156179378864381	0.3521165847380419	0.11556752630009721	-0.4631599131234611	0.0049175673639446395	0.5044739065479139	0.9882748084724935	0.33557371543258346	0.7404549882685053	-0.22060439885310842	0.574942053207871	0.24348374359284458	-0.037647495032765405	0.13904931440452775	-0.13590078634468952	0.024394933484030806	-0.1370403184158985	0.3047381658720767	-0.04354096759113587	0.28322237579259446	0.23941624100218198	-0.23818701061270509	-0.22304667096038705	0.20166065387203697	0.4291605611367066	0.2810866487768168	-0.14538538437791013	0.2816980412199624	0.12756525421207154	-0.7399585588800763	0.032802485358194425	0.31138550832385525	0.5124291133994603	-0.3347989053850837	0.21834790399156856	-0.26395123194417525	0.37424459690858425	0.32015132325485596	0.6140547317506977	-0.14610736287539852	0.5400229524296795	0.3533008549885178	0.08069946717761653	-0.46001727769828393	-0.7280570799387285	-0.12106077607629091	-0.4361182913231293	-0.014366525729137129	-0.6786120096063335	0.07913028878355581	-0.5618947219863017	-0.11674506840996227	-0.21799836073343842	-0.43612354866068903	-0.19590372005998483	0.5740498485482645	-0.6283673048081961	-0.43527704589814564	-0.00888265333518791	-0.5708279646055107	0.5384016027332391	0.3458381679202618	1.2141969630440255	-0.3730440281970254	0.7403855369279596	-0.44602662503685786	-0.6199739823526069
DTXSID2035481	-0.7702663775349164	0.44667827095237644	1.2200098661002483	0.657126288942026	1.8361958101635358	-0.6441082358440242	-2.5627858725319346	-0.35053338141107065	-0.689681386033038	-2.1674112621701376	-0.7854809204199263	-0.34766813602923735	-1.0381159334373649	1.9316454014256443	-1.498205127131579	0.7047658498231301	-0.47173448597557477	-0.21372908868239457	-0.6885083123747525	0.7373546597154758	0.07920078385934017	-0.35419408310670486	0.5453261302874868	-0.216439616310367	0.8639735341447161	0.20240563092254765	0.39348502323204193	-1.1741810647030237	-0.2447622171423085	0.6982604308165359	0.11894807071583204	0.11562861500951434	0.6441014788155771	0.18965785959281042	1.5348179287763022	0.3444604225919962	0.6411871046436253	0.19661730147603676	0.10418256144628044	-0.19669204800126316	0.43821510651350587	-0.27266633518727534	-0.2564255025761679	-1.1292940656875408	-0.4721364257247495	0.41962825978128554	-0.028506327144890355	0.7915608099854482	-0.39253790074386563	0.22065168472181476	-0.14182461089348825	0.3273516519323538	0.11492773503759482	-0.09136983843673255	0.45310575120646657	-0.04702302623716344	0.39248868370128426	-0.04786313751963247	-0.21737173142347244	-0.1496151318622438	-0.27615011746139817	-0.11888263632233706	-0.15795454863545175	-0.3230546968954931	0.16427834393271598	-0.06492877177476829	0.4577789825857494	0.24129581997807129	-1.1334125071589876	-0.3736361519522935	0.4004135399487679	-0.13742419656667493	-0.45588516091588777	0.19914439829008518	-0.6852424125658984	0.1364733660720708	-0.9067257343611627	-0.18847923952819123	0.17506162272850542	-0.45153666459990205	-0.7791061112900953	0.6879285784374488	0.28467823806749165	0.18516719632396175	0.0334595285519517	-0.21189809358016262	0.14556635539743967	-0.4657674565208999	0.2767329523398081	0.16936857684608586	0.6174752552422781	-0.07999027974291703	-0.336318621112435	-0.20347253044029553	-0.5657621090565867	-0.3284123755610509	0.2860486076784032	-0.08241118477499375	-0.12293321883769819	0.6819210324243845
DTXSID9026053	24490.319392243866	7775.65066054485	-25280.1904440087	1259.051275058147	25968.3139030056	-4443.854584182305	-13259.491505601361	5404.812360930707	46562.41513204806	36129.24326151593	-12219.67226042293	25160.29679821561	6348.427581298663	-33282.92438281659	-27139.6215065309	5803.589749227694	23439.018059211096	48350.0958563435	-5158.333239389983	-102285.58395255299	90751.95727986291	-54057.50528846367	47799.759472497	-15244.860652066534	101979.29634397473	-3475.2129947999806	-136872.02631103393	85666.99136167442	-30812.87945846304	7848.063656692174	299215.8924158207	90959.21072320009	146987.02102989287	-13655.637556950449	245500.66991819942	-31155.304166622896	-41459.32190714682	33397.453710188114	-27060.426912415987	-6557.443821476878	-70934.09633428366	-40714.518769668764	-14181.058146436213	15382.964426570874	89400.82803452543	-15060.218759334943	39855.81750432508	-107683.23440902638	-44207.30535314628	-59306.20566589417	1148.1652450051126	26312.877559790046	68011.18442857791	-1594.0231351321827	-66286.11389771571	72956.76681998395	23673.947522791776	108417.6176006836	52134.92915722616	59151.428037952086	11662.542466703879	63228.2310850229	4544.557470894059	12503.46825697633	-16020.858547999886	110776.36616266836	-57665.19811670724	-174480.9723167791	-53282.304548178	-20353.285982855403	5452.549854966217	11636.85933622966	62381.768159845014	47960.65554215365	-68981.97389268318	146198.43131232887	58207.37104016774	-182741.89399407263	-34489.42272397845	-33058.731545452065	161360.9554886082	22732.071658530112	-107890.98948357694	36266.78147066576	-69683.00516370464	87298.30446035125	12647.098121904928	26060.46651438146	77750.917981712	-197916.69988856566	-8381.385701402694	87156.06244932872	-41207.048972322365	112625.80210033072	33574.21089057514	-70786.1674887477	14839.94151869057	-58377.47002585685	33976.17688466738	84862.77496593498
DTXSID2033736	20.40236842451459	3.632547710898966	-1.0739553836938232	1.4673811461436213	2.547036306947166	-3.1962200133675207	-0.033689433670409254	2.0326729193441833	0.500763519579471	2.1655307656720937	-5.747367073995723	1.7338881261070944	4.968509385912636	-0.33492309444576707	5.052478000686474	1.3005487985704383	-3.7497499498917506	0.9200822306284168	-1.3939316840967175	1.9111548577362727	4.48205329292745	-1.5798449735016538	4.134562472254441	0.46573816778459143	-0.21980981716254286	3.053662176281143	-4.200736336092803	-0.9649003374574927	-2.315261628256277	-1.7010315201731712	1.1299048819733988	-1.9629811637709793	-3.8205422201969785	-3.822986848022197	1.998359121986248	2.7713765230655487	3.408186004041557	0.4696420049536106	1.0712647641548445	-6.099412718759293	1.8376749408296296	-1.273785922225105	-0.36902899521738136	3.768534614018845	-1.4463236978932517	2.145871814526292	0.9640769711631466	-2.3012088698518225	-2.6699065488123344	-1.0276816595177527	-1.7238182261531472	-3.9994467009499437	-1.7145642338984883	1.081038987941104	4.3281720783242905	2.7316110517498196	-1.9107786015806534	-0.7581613012532203	-0.8859360441775745	-4.2922048779097475	-3.5940055038544396	1.6656595968256511	-2.4712120359240313	1.885333190157882	3.1569014811796094	0.653751374876028	-3.015064579684231	-2.681229973025342	0.46289804426926673	-0.36436670691315937	-0.6131307291220548	-0.9700101515669534	-2.0592292088257538	-0.7534663581772805	0.4606303965315286	-3.1958119752361633	0.7642477855924878	-0.16042705808405405	-0.3495931455491475	0.06995079059899055	0.2225073406709629	-1.7344256016380253	0.14471064023181196	0.826586715705882	-0.45183391750132695	-1.242224133838054	-1.286107760844992	0.25493513668600787	-1.6518180820459663	1.839476656360952	-2.389312805479175	-0.15896727149013584	1.5485251445250385	-2.3837554337946867	-0.10131072588174932	0.43647036525937044	-0.03294423888256143	0.5775549707830798	-1.5324200725123365	-1.8612499443224837
DTXSID1057610	5.620060802415904	6.333319582634701	-2.6785000742054828	2.02583544504859	0.27854613613249984	-2.059461953774865	2.189228624766184	1.6358921046499728	-0.41100687301166605	-2.842448475483554	-1.3821921053527562	0.6048311795108331	0.6695099031922572	2.406319087661875	1.7559051332453506	0.591550116170809	-0.9432719740699363	0.7929413863531862	-0.2901933188693581	0.5376412588687858	-1.1628848442752535	-2.4520383763708153	-1.8634182224799383	1.3721588299672045	-1.3683535538089868	4.122623368216942	-3.5360799680964936	-0.4942831521041984	10.258744280456527	5.271324695784494	-1.3576607643877976	0.6303763225477429	1.2585016095588375	0.9763895280975402	0.3983251619884352	-3.764687488574961	-0.37281709479809555	-0.6279666642498678	2.3739364953799758	0.11672482372854766	-0.9616965772061296	1.275476771699915	0.5191158181057555	0.9069618485216256	-0.57728891188852	0.0021358648549097714	-0.636624393092293	-0.5387840966139238	-0.007322428682186182	0.32065127557368656	0.530658984844002	0.05453550312025607	-0.03817596178241561	-0.250532381665374	0.40195803760061866	0.3942145235981119	0.06324699768988613	-0.30604726538091626	0.8775873670574967	-0.9174954659102988	0.7819619891585167	-0.22868734646469638	-1.5488730267136452	-2.0952396566812137	0.7767417069095587	0.8164101813405477	-0.4271684228568343	-0.6940131069391728	0.5174988194008502	1.5600482371995485	-0.41033673909221613	-2.74630591763532	-0.8183045073105377	4.700924216365407	1.3377725833994583	-0.5475089476446126	-3.717700171695228	-2.372590953046139	7.821175832422355	5.681366365899868	-1.1202267990042958	-3.2250749546459296	-3.2458300825589363	4.377913124712124	0.6284579858821469	-1.958263859217942	2.0283211446222875	-1.5562774354891398	-0.9691762351799841	-0.7012118101732115	-0.5072544641413851	0.6703106565932931	0.07836413605792432	-0.18183798418303837	0.265324434033442	-1.4887942406191186	-0.7117967116588685	-0.38968493925178943	-1.2949518369660284	0.18478002437290586
DTXSID9034573	8.004576802877622	2.1084617052585206	-7.535360824365016	-0.8315032766071564	7.075208880285476	-3.6826608574259057	3.6594383899249214	1.9331326808968567	1.9183696179621668	-0.4484842145962217	-3.4454202611893816	-1.0156381699556203	0.6535686756076323	1.6600531034444084	0.2790919061546928	-0.5451662128621751	1.129950208648379	0.5763012914614392	-0.31976476361060374	-1.0502015082201623	0.962831324744727	-0.8455845137261429	-3.0285810494042877	0.42788655695300504	0.34320288440751645	-0.995124731020378	1.1840207136455394	2.344837758238134	0.3782936027109431	0.4334807423387679	-0.3443584644148111	-0.528426960227243	1.3984070039213767	-0.9474396251415016	-0.1815823972432848	-0.38706467502781766	-1.7649497925812487	-1.8963682428885797	0.11866612480316475	-1.6793164804806344	0.753071787112767	1.5464498792873993	-0.7624024249611585	0.042609589690868414	0.30606200856033416	0.20007282895529324	-0.688963201719554	0.8565104449865865	-0.4403607651784085	-0.42249240996333104	-0.11093104287157139	0.24827632425888926	0.5078264397779181	0.9689323700108053	0.8621130725108073	-1.5771616722845783	0.10568171273571685	0.2908092818801479	1.0325639144509493	-0.007787480551164954	-1.7662984544841955	-1.5688526241287064	-0.8889830662698858	-0.2944282563511163	-0.7871740171378274	-1.0606122041479389	0.1709055450044895	0.15786693818875105	2.0096270098553535	0.03142029416987983	0.695012287391654	-0.8490195364320642	0.585793417126681	1.2516553553548406	-1.7585800386058543	-0.5369278882148569	-0.2916996623349316	-0.6837024935901858	0.1654449549679308	-1.794249150328717	-0.4182634765156227	1.5196180459100002	-0.7318964902210178	-0.08195633323259441	0.6746260207345152	0.09089097140787743	-0.5209255769366646	0.13778219548195414	0.7158381749979897	0.446854620249554	-1.171375754943539	-0.44667091855511093	1.5102905476991935	-2.249250480815915	-1.1843043622515823	-0.10189390875372675	-0.4609681883880142	0.11245493429701321	-0.34668096860114006	-0.6727275463333838
DTXSID9022730	-2.5647594023522737	-3.7161305679230483	-2.086848544102726	-0.8448420937689339	0.4769657120544691	-2.3501582720989624	-0.7102602384392861	1.4836179919040833	1.199672039230047	1.2938439309471255	-1.424452665509068	-0.974187988003219	-1.3439621966859139	1.9308245524674477	2.840865315081082	-0.34056300968854525	-2.2392964471903833	-0.5171187783664438	-0.21965308711590878	0.8169188822525897	-0.2139093760887524	-1.0814561798158537	0.4994089430038976	2.122222903077334	-4.434808919526135	-0.3544068464439666	-0.5319095421287477	0.4658518942909269	-1.8894523755175194	-1.3914259192061875	-1.09309850910389	0.5498960680006663	-1.1106976181223704	4.446205493228145	0.730052368239713	-2.7963502318255373	-3.3604241677313365	-0.6159542920460221	0.5299249909924829	0.759722411324095	0.3998892994604933	-1.4644401693181142	-0.03663342458473512	-0.9867151932192051	-0.6806955036928662	-0.4864917616788033	-1.3919139270150078	1.2367583212376922	0.8377660359373481	1.075718735730998	0.4207262829165865	0.7523754443503954	1.0251596668737544	-0.03201969332930747	0.10898814427522358	1.6698979377141359	0.2507388381578142	1.5851126945510066	1.0958536447205824	-1.0716267835765017	0.4446831286167721	-0.6279667686520498	1.4727220220870463	-0.4024206107264986	0.03251513889809071	1.2820021605332406	-1.411492652743885	-2.465944761045772	-0.7589715784475389	0.43730390798238766	-0.39149124349761844	0.758307567612931	-1.005328036947068	1.0003221203459156	0.125013631305747	0.7271342854602821	1.2510404572429632	0.0548982206050801	-1.7742341200023757	0.18241817756937648	-0.9739904126397261	0.4167110640221401	-0.6439523198116611	-1.5945342847335537	0.7543079065294945	-2.00284435630602	1.7179172383398174	-0.5846430688743444	-0.42306067054294993	0.10275485800803076	0.7624258795824223	0.14443732623576083	-1.1057103406379878	0.9481796154358483	-0.09329069605897931	0.40399251520350915	0.5135427974916965	0.26319642726068626	0.3184020305889707	-0.1718479249071566
DTXSID6027507	-3.727415685360044	0.14965428855405216	-0.11570324622737545	0.4414499717219505	0.20713719473100484	0.5134278163978262	-1.2689069143181384	1.1153834498123953	-0.7450824456568854	-2.136551312642694	-0.3558429156594607	0.250227432781782	-0.8773862185656119	1.9792422859397831	-0.559258346478335	-0.7356469357901875	0.6787189364927441	-0.6081933823208978	0.3870870898934575	-0.5245390582872642	1.0798722678336603	-0.6513039491545384	0.07417792192001836	1.0005977455045805	-0.8217805238058806	-0.8614363228526368	0.0009429357560225823	0.3299918322306394	-0.05209272741017129	0.17907092988149692	0.35507616060219055	-0.08922983991750551	0.9164046355986065	-0.4436036407886793	-0.6732740900545113	0.32672791380508714	-0.5687679837263402	-0.36181554994431436	0.4122478925335497	0.2738842661239921	-0.4642889956161631	0.48858844637956844	-0.5468547553584574	0.7532167228135255	-0.9900227903308545	0.009819520774707892	0.24710052843214397	-0.512044483794788	-0.3449637989549948	-0.278315556808811	-0.014077228582564114	0.0725353205927406	-0.38597200641938384	0.07508340387705087	0.31830525398457105	-0.7006311245194187	0.07216725338062087	0.16042875299975695	-0.5317318828578479	-0.5863108243013493	0.5374014090408823	0.28832306012102227	0.05399304398659768	-0.5030522600448545	-0.25861430904600347	-0.5300468513562391	0.3279472533555357	-0.15524523041097876	0.6516239509088384	-0.5314573496895599	-0.3546360976474414	0.017106382405986633	0.06071617561608992	-0.058136262716481375	-0.5962632091141628	-0.41134379396513077	0.519680057580707	-0.802679004666586	-0.06845283330033756	-0.15444479353641752	0.017331273406530495	0.2001761196844356	-0.2535880439123985	-0.28356927350367567	0.03924639145871776	0.12016213906316421	0.31579324811333315	0.04191400656177374	-0.2798908288221117	0.38164141207428864	0.02944580411416923	0.39057155608924754	0.05541509008656155	-0.007248770536594695	0.6752152081992399	-0.08866533364520002	-0.2639097160672469	-0.06801187652073405	-0.2818914814777379	0.0813707243197612
DTXSID9027104	3.2388384163140427	-0.2319153730726926	6.653728364732599	-6.135617034830074	-0.1417165632890747	-4.798492653970205	0.26643859444296103	-0.38362889100787523	0.46721892676514304	0.0008340974504251384	0.27329290198321926	1.1310375765041016	1.6537030388438707	-1.3525423009551107	-3.5875189777627416	-1.200929079024882	-0.045834711893094175	-1.6493271184017038	0.565906519279545	0.6069072998007954	-0.12901279911464664	0.7531463852732942	0.4731537755038384	-0.2387389098507915	-0.7339129401679049	0.4209580645095055	0.448515203461449	0.0359818720068329	0.431975211081363	0.8215235281436137	0.6047808334433209	-1.448344837515218	-0.4939117614848947	-0.5519736863344549	0.5757635580110205	0.45127147748506563	-0.34439896716689095	0.3907620870671997	-0.03555730136588005	0.882723060647852	0.027939067538607542	0.18579230700764018	-0.16908159501876274	-0.04536567306815327	-0.002948336000250758	-0.24635017225013497	0.30649872971368164	-0.4972467569154555	0.015078460459544954	-0.3833325885667357	0.1867212149723664	-0.10899613554892182	0.010202696363749856	0.0693276583584192	-0.2531443541237299	0.09742127239591125	-0.1544870368573148	0.097699357454599	0.4011227612486099	-0.3671888283498004	0.49277240478823237	-0.25907514076911264	-0.2961024055320707	-0.04847449745100855	0.5808649985892191	0.5685889897374685	-0.48877364935814693	0.2423439714106395	0.2180799993112145	0.40135191853035185	0.7042138039627722	0.10337730685965381	0.3925150004790452	0.13905962951695502	-0.23777118498917305	-0.12339723405063699	-0.11357149249259625	0.3716715738911329	0.33880999909847126	-0.43832269634636306	0.541986148804812	-0.033331522021868974	0.16734827806649244	-0.3187602284178656	0.21698285465383602	0.06518454820180426	0.04493548810015745	-1.1556966520715701	-0.02264099339905703	0.17502961791957056	0.42492973073046036	-0.14144837512641975	-0.06067113720378385	-0.46929622700427776	0.04475992222587332	-0.15741199804249936	-0.1534314306677103	0.12727642276150888	0.022976786895010332	0.13615568369169112
DTXSID3033983	-5.565135128943182	-4.0313080391222975	-3.0979045762128523	-2.5092314231145556	0.6074120683086438	0.9531120903601258	-1.2204385310926809	-1.3072057289280183	-1.3175247004252872	0.7011097937015908	-1.8431018285540917	-1.8465765980135216	-2.7339611068128886	-2.2534737701168908	0.15296818289351735	0.3543754421711731	0.56333961275246	-0.7482072635199571	-0.172013302013961	0.35099564394857524	0.2884985009846766	0.04198120298623564	-0.4758308648346019	-0.2045148591474046	0.0507491218777093	-0.25474484665065766	0.5937924841121711	-0.7899925932970936	0.23701319707123195	0.08160132135602623	0.1085978615770646	-0.22530743332293773	0.22673818707508642	-0.6761591806079867	0.7147687736513845	-0.4568408874778198	0.2557254628555363	-0.4172188634553354	0.3053752239923211	0.6501410728358837	0.15502109758155477	0.5496148677927889	0.1293182820827753	0.8511167945954694	0.03793289914455372	0.21790752515020506	-0.47809135504547046	-0.3432651623371444	0.09284768144514507	0.6837593577575665	0.39341082207272116	-0.24464761122637366	0.4969426202707682	0.3827989673610343	-0.302096707737081	0.3490497109984349	0.4566162733896499	0.1173593582263033	0.28504617577315056	0.4969414799692537	-0.2698195271171049	0.7144071439162022	0.3012581069463566	0.3766912994489862	-0.10791259866402621	-0.013564880188243771	-0.4582952460875254	-0.3841119760785962	0.0072959501677323305	0.373248646041956	0.5633304577070082	0.5246747518440407	-0.31411376390005885	0.5891017498368418	0.15488672551730123	-0.3395786294322371	-0.38968812340223513	-1.1550058973658146	0.10997166347101814	-0.31220122245770643	0.660854492123648	-0.3242174946027955	0.4675737957515652	-0.2473984181988728	0.3156895871952694	-0.3046584708213477	-0.7253981764704515	0.17158056165241492	0.39338333842491163	0.6764788808369144	-0.7858497286406169	-0.5668597561768889	-0.4214001965830228	-0.3571146406019866	0.1329127962363	-0.06490872472289916	-0.9065484223664747	-0.2460217213807667	-0.2951782279337069	-0.23076790561944238
DTXSID1020146	2.630418638094441	7.41370537608801	-1.5619254254251285	2.04768832294184	-2.471216615910552	1.7062587576168358	4.3439960626594525	1.7842452980100663	-1.539481160241007	-1.6939738067346157	1.4706224353368575	-0.8590732970451137	-1.537312247116265	-1.5715915746939555	-1.2922300386666112	-0.9486756771603705	-0.5993974771828897	-0.43909863064665305	-0.8631825601324511	1.0252018006533927	-1.7783712695117688	-0.2746456225660348	-0.23589143521489297	-1.7977999570647307	-0.15141145180147392	3.181266249370455	-0.49088180063710557	8.565805360718272	0.05465032633415641	1.0538648672914899	-1.525187135366516	-5.0226413312610525	1.1377186809192936	2.086604106496972	-3.1589920317902727	3.470121522952784	2.4733972653245684	4.37611011402123	-0.7198908827454521	-1.4169324627534552	-4.15093040016253	-0.7736253622520849	-3.4537476220787964	-2.707735068206534	1.3603672040967696	-1.315565865708081	0.06325475379133952	-1.8605248848753893	0.46510654283440195	1.0541102433818073	0.5747219556260486	0.5298541897019939	-0.5747162779880949	-0.9421699207832033	3.4635857716524217	0.08373111990422148	3.949159540195899	5.599189577611693	2.7349760118087594	0.12235401226354217	-2.5833335885576303	0.22783365084663704	4.088482646724253	2.2027905815577786	-0.9172626652528901	-2.1172877417579423	-1.440425116618183	1.1579737680869604	-2.1244917193553015	-2.3987712910269323	-0.7540497057189239	2.6889203721130595	-0.5773558862079712	1.6209905820873112	1.1065912914788991	-1.4507146702883746	0.11806710749108905	-2.3172232435558127	-1.1773683724732131	1.4338246267626393	-0.5294760671665559	-1.4572706148648307	0.5749110635958359	0.2522092810983752	-0.3252164053650712	0.00045377652805224427	-0.2541781291696074	-0.06536914084774463	0.2484143153148661	-0.3749633248973509	-0.9461581669956419	-0.021203985884784827	-0.286605890325324	-1.0547222051175833	0.6592282706415069	0.33031186142086955	0.6121349948250447	-0.33147039180219784	0.41573986183494893	0.18226240373025698
DTXSID3041794	3.850348158512562	2.750324758506437	0.8330896171912285	0.0628865014941192	-0.15737870219569844	-1.0708844518004133	1.5882289622662338	0.8542657496778575	-2.1028963360426087	-2.868795792600226	-0.640591210045608	0.3039071128431733	0.04704548621916552	1.6121866945374588	-0.819906255354231	-0.7918464059748058	0.25946609732459053	-0.5801237503166018	0.6319970778064838	-0.2964906164172886	-0.9934244466341634	-0.8013473700152005	1.2196737680854461	0.20103806802386143	0.3184643366445429	-0.9595915638981605	-0.4612287259100633	-0.16453608760165808	1.004778904407091	-1.093798724285089	1.056037836213689	-0.8271251838598072	-0.5380874653906047	-0.1919109916687971	-0.09148705491633971	-1.1662062294639974	1.247253606703504	1.029863625003227	-0.7888059908703353	-0.36529619339109204	0.10797983827779312	-0.19083157145306143	0.5467437595444873	0.3394093180964436	-0.5712462682784647	0.20160773062976195	-0.19894125829880502	-0.06436316329875155	0.7278376866794585	0.5383761735589114	0.2999542534040576	0.08569531765122464	-0.03324827129820651	-0.47461784797278767	-0.21060699004558886	-0.5106997738537712	0.7737171101879022	-0.5736567593325054	0.589553628724023	-0.22758935160738072	-0.4035232634281189	-0.09480887128529444	0.4521754343237082	-1.6491586063140111	-0.3686213609116395	0.09031460171912042	0.15440522038166618	-0.4719856705129911	0.3540159963267448	1.1082314650453244	1.0420007943340812	-0.16526427083610382	0.08405838653487067	-0.2108122391468411	-0.6894783447473117	-0.31788265328593246	-0.7780719332956773	-0.11369607398298338	-0.29396574387104507	-0.37764901970635567	-0.5560038492617728	0.3148770513581836	-0.34193182114094994	-0.01467204472618417	-0.31891969153193983	0.08991657057757585	1.0470405094401636	0.06181376056788515	0.04939603582348632	-0.5020167026993255	-0.1838264459247061	-0.3516307685663428	-0.5436602108050763	-0.018955127067953024	-0.10195802804272831	0.5759832698053098	0.3040731335166786	-0.1152991207008837	0.5184104180423753	0.11761500331341784
DTXSID1026954	-1.371015545431721	-0.6669099429176514	-2.141684158745422	2.336853325268795	4.203767539576195	-0.9462470371626107	-2.132644097534162	2.8848704599361517	3.3604090334162433	-1.428670259365679	-1.26411653242687	0.2924291533470084	0.8024662409086096	-1.5224712869539574	-0.8143317621026442	-0.11189859971995794	-0.4675161863181345	0.2601704684264799	0.17991961624860126	0.3465544320283391	-0.9070385227516323	-0.2546697481071577	-1.39621533964765	-0.12873191833251774	-0.6551601384615948	0.3589146010509838	-0.6791124243622191	0.37490779114150363	-0.3169297226692124	-0.49935174874318294	1.5909746003022087	0.42548366150382416	0.3822867648599792	-0.2958226494466432	-0.05392910245699914	0.24527264299311177	0.3363282615380154	0.5068489445189852	-0.16971288778867785	0.5719452453224431	-0.2737166050956509	-0.01942754923441877	0.1438064832520207	-0.10450080154388422	0.08748311288467264	0.037902742423332525	-0.07590061724888605	-0.8622403230899454	-0.1929672824555395	-0.5221141194338478	-0.30189275910968416	-0.5219279308944396	-0.717926588049682	-0.3265624256664754	-0.6190089633329312	0.2481658999328568	-0.5931413173344647	0.3485274662441607	-0.9457433458162126	-0.011675650201788576	0.07488123068528763	0.38785856408068214	0.3464776250984265	0.7331240913719271	-0.06771385181473423	-0.4368478250310174	0.04883908272394412	0.6422455648226835	-0.16248809372151582	-1.5884307389083792	0.7417457163773434	-0.48141254144773554	-0.7341304857798523	-0.6306058442412934	0.8094864591558448	-2.1300805455987293	-0.31585522067280913	2.7180117973534044	-0.38735300852266014	1.0859809242783536	-1.203351509973552	-0.9373065084073214	0.04999239605611435	-0.4103312783651224	-0.4054162374765823	-0.6834061998533524	1.0587459112960107	1.200782664511073	-0.6499499032029263	0.02160225963456807	-0.8249212589178417	0.3829051132542026	-0.6652003843332096	1.4254466030670434	0.27854569333181867	-0.6892127704093862	-0.2795762350986773	-0.3031452277316138	0.8399460409345199	0.21460906016644765
DTXSID8042187	-2.2819947864783625	-1.636488378138418	1.528996783324175	-2.1363583451082078	-1.3045946715644285	-1.6548659242658625	1.3540944043763288	1.4636581477724397	-0.06769235051005251	1.8786604892604288	-0.2719735502826586	-0.2312784361912614	1.4730885602444206	-1.0262588138265982	0.20841057989333173	1.5479366566530184	-1.0627207645504095	0.08603018139670376	-0.48194202904960304	-1.1936240101068236	0.6544860913598521	1.0070344051099405	0.3627878884080007	-0.3596526635595199	0.7476804521628234	-2.3473256891493306	1.0516961783970165	1.541497313601522	0.023599991435256425	3.038645012239137	-0.2732008843329772	0.8812986210152782	-1.329131136982698	-0.8426127628272245	-0.014468291690385267	-0.44531800289787815	0.7142840801347019	0.7719172651965147	-0.1346115203271957	0.07298471759221457	1.361499398296678	-0.15489551446932728	-0.14290155253335196	-0.6411560724742421	0.2006637897246187	0.3586789742263192	-0.41768771294324	0.3940345696845074	0.28988464078432374	0.024250386542128917	-0.035647416554843644	-0.13380596335176817	0.04825688847028713	-0.06335905254915247	0.16400773355074502	-0.5688943879825393	-0.16117582177857714	0.20759952785244293	0.4306059503134153	-0.04267022076900739	-0.08513250300876617	0.30779248401020665	-0.7221965346266068	-0.5580759723787562	0.2543224660073623	-0.650016959082137	0.03994294267182109	0.07227805142004652	-2.07196629332799	0.6139253104437927	0.3050801124386096	0.5131525280231989	2.108208438746183	0.9208033717068601	-0.890968439729901	-1.4248837530438418	1.3366786887993454	0.38811454984310645	0.29742980439044153	-0.7704919028831325	0.3449219811153703	0.9022166761472076	-0.2990859309532627	1.641996255916533	0.5718595171001336	0.18980098017168234	1.1446528446645374	1.008843062970185	-0.5094921630019289	0.24027588984445233	0.36767791538835215	-0.17854839425373795	0.2680179755885344	-0.13575769805649177	0.5520880246744768	0.3272134814575122	-0.8981912508526307	-0.5947166742716465	0.9456483940978848	-0.7526616665811011
DTXSID7040609	-3.542342828513577	-3.403204184942843	-0.8421945188223173	-0.5254468214441157	0.8512846337958944	0.06069478321155065	-1.222166093268575	0.5195104831007122	-2.7653001401734327	1.2224162886987076	1.7473449359165998	-1.8668241573497453	0.9032004761637246	0.07318733815828378	1.600537513668855	-1.9656031162913747	1.5718846407838196	0.39994402831512676	0.9555602441119989	-1.042542275388028	0.2799472989776352	-0.3124982258018392	1.1475441988071364	-0.15303293700848197	-0.2715803322407225	0.38833857115314024	-0.04809491486188174	-1.5972889373205972	-0.10728842301727168	0.10817401316252225	0.6628379067574653	-0.6474580860844924	-0.48089595661439644	0.49879160973905057	-0.9199709799110453	-1.0077779212672837	0.2576790732679843	0.6477253838280452	0.22686438133008371	-0.17902467881435516	-0.5892867817068579	0.49935547841897143	-1.2941521128358138	-0.4752728958663621	-0.012824254682439563	0.18410399369855845	0.5547791866890364	0.03836635641437727	-0.46029782185018503	-0.1099809634110395	-0.14709523039999958	0.05782265411710226	-0.49172348159232	-0.21623243107614692	0.03261055353001455	-0.7364500404180692	0.5250483626390282	-0.675160040011899	-0.551110392753413	0.35848982583289385	1.0324627798146238	-0.3233938010499422	0.25981423952883254	-0.08571471600000784	0.20262678851725113	-0.1965489975114999	-0.7418419732048079	-0.8499424031178117	0.2592910354980156	-0.44327648361173644	-0.23521128657722146	-0.08470279162037368	0.042501975639268365	-0.8175910591278711	-0.33047601385935316	0.770940769926179	-1.2738235496013237	-0.21564916913130372	-0.3356638007256798	-0.16240082351664836	0.20489664518510997	0.8106712099441953	-0.9057928370609623	0.6430602637263174	-0.45230625343015746	-0.2730553377148961	-0.13600677585446722	0.8808600072189005	-0.259658466368661	0.33844570080473935	0.7933332790250209	1.7345328980486499	-0.4904892629300476	0.4718236683854384	0.33787315248572897	-0.006953570416486634	-0.5551912676604939	-0.007691186601681535	-0.2792991490960141	-0.7808926464246434
DTXSID6046921	14.23545686762282	-1.5219562030479812	-6.624236235070169	3.0657624369573875	7.872559105755323	-4.424913023241965	-2.306529227325599	4.767613837674799	-0.48264991198993873	0.10550125718898158	-2.847904166705284	-3.147052156899429	7.958099453417571	-2.2041255773738677	2.2339801318104033	-3.478834348389295	0.3183735002379759	-1.8018941795142291	-1.685501734697836	0.9105381440233477	-0.9599721162100516	2.5415342659674787	3.9429607149656336	-3.7683413634548293	1.8025012704993415	7.973157629148612	-0.8057342845352177	0.5868468116647303	-7.625112953869064	5.162163778686002	-1.0781647938568757	-3.6332383517027487	-0.5727858888211956	2.688976001967433	-0.864143124165393	-1.3148635685515635	-1.638890808937784	-16.541299725560474	2.603928392002249	0.14762301051849114	1.0305290126598357	2.638134850447533	2.6411631207631294	3.221226601052467	-11.222091877736622	30.766535917558585	6.554180634455764	-9.53205673221413	4.1368282390978806	11.38789281903532	-32.61401578306646	4.801984429379316	-17.228496759169687	-5.484849295896835	-17.964469053108115	11.479226566310219	4.113677624848034	9.417007178497299	21.569547397524744	3.4425792246042355	0.7175709750146148	-4.4400360569513495	-4.052911381656867	-1.7207981801901218	3.080603199545544	-6.540041182607841	7.190290288532427	2.506637390761495	2.3884867510362646	-1.910777442628168	-0.5460888080537936	4.637181102421071	5.141873406843775	2.513932685343074	2.467194127957392	1.8155571694316697	-2.9780232967119926	-0.701256481878358	-1.0973495906807782	-1.2794348499341741	-0.2367983876416933	-0.891259827418808	1.0480758452405077	0.41219907717923726	-0.35257102291388054	0.5434634358244099	0.682167478120934	0.09991324125720362	-0.3671269056085953	-0.04970435847557303	-0.7054818373086839	-0.893287977520383	0.9844030890008252	-1.5438793932056278	0.8222424485018547	0.5942518528560474	-0.355609107770079	-0.5337312259818695	0.04963157654961078	-1.0242069582606375
DTXSID7021366	-3.5747442494997568	0.3860010736248226	-1.945291130271921	2.268105644560803	3.3423840197956864	-1.261494914413782	-1.2822859913453648	1.9457466451947663	3.945475131062101	2.904921837613305	-1.8482482525093342	-1.941242581599523	1.1301775348752467	-0.3639806675815193	-0.45112073766708954	-1.33824904025872	0.9873411768475415	0.19458404053979847	0.3216473146551406	-0.9869938997968652	-1.6357326787143947	-1.2063055231989195	0.6691271870287218	1.3731678828856235	-1.8926729006453429	-0.9635215036839945	-0.835650540437412	-0.4670684101502173	-0.33508095328204235	0.054939063174693464	-0.38921382038527697	-0.05923258261008723	-1.8922711828847099	2.681847553644836	0.40567761888541276	-0.7445522510771344	-2.813773720971171	-0.37479807497378864	1.467677118426743	-1.1672535540685347	0.8493314684924356	-2.4695008599790707	-1.4327595587143702	0.3499279416850662	-1.0797961601556063	-0.01877544224936893	0.214034608167562	1.9564584614033294	0.4110222195145078	1.3786896878920336	0.48058553891006073	1.7129608378031866	0.9061619023885852	0.4272842645240908	1.9867707874598886	-0.2621842606043286	-0.5161858808353025	0.07971969274024182	1.9746504058283205	-0.9399904736456559	0.007047342833328827	-0.46779610104749164	0.5156578789517128	0.1230387381071779	-1.3090135449086466	0.13999157263684672	-0.06421351134838515	0.04689153400386742	-0.27273253156357674	0.6840113054117081	-0.4463305136141245	0.252034887601607	0.045583403632760464	0.3240956716243649	-0.05326529649536029	0.8846092724677432	1.074968514067204	-1.205899857126658	-0.1493898923877529	-0.43422287164432916	0.3682956834551183	1.017662475595241	-0.6833071492653513	-0.9115219081360054	1.4064473548012462	0.0973587770882277	-0.07692105903360037	0.020543883596327236	0.3504052291720746	0.42005049181454324	0.157439235942958	-0.9910677182263324	-0.031664167674851605	-0.7221083012595693	-0.9241118427899657	0.1219259689384662	0.27165202800930055	0.3867946926181923	-0.4608495600027648	0.1820047040780338
DTXSID6021610	-3.971445893125016	-0.15253809837132368	-2.0470796191865173	1.3159137500915388	-0.3643529799022483	0.15231289332589484	-3.94032477000806	-3.0108127142498327	-2.47858387355027	-1.515668531632385	-0.8319478891766318	-1.4992086293907891	5.219289022859888	-0.7711655097993425	1.6355959389097938	-2.2992390148387853	-0.21234675921690144	-0.1360791712917086	-0.5206814501785552	0.82628400741044	0.9656980998789897	0.6451442281233888	0.16821688330214324	0.34010052601647384	0.14375386499767606	0.07595521515951487	0.11183492409809016	0.9439490106238344	-0.11135969493296888	-0.24701870365597897	-0.04378969128356705	0.17750034743684648	-0.05289075551212157	-1.050625901083596	-0.7089707691338188	0.737410505829299	-1.6635398441984663	0.2404642960014444	-0.9690497034999062	-0.3081960647441653	0.5165087417914386	0.18225973472574905	1.3323550697906725	-0.24781220067815946	-0.17481268560106897	-0.3061893998917817	-0.4527463691389817	0.5589785596324399	-0.3734453478599604	-0.09559163250390239	0.20469330217837978	0.4135816548635632	0.4613324396045392	0.7334816185014181	-0.013776795330285658	0.3577961506889919	-0.029511420119756	1.1866580111162859	0.4963190619326855	-0.17025739252203675	1.204196000633225	1.1040173442033403	-0.9479507825870274	0.15088411389353915	0.5549206576629606	0.14923617089774968	0.5828352989665542	-0.6545388082628355	0.04086918246059093	-0.06216614391867404	-0.5936241259392621	-0.4203802662094172	0.2844811064373308	-0.10498448125764245	-0.2690133545212724	0.21850021088786317	-0.4029294192170963	0.19477167670533074	-0.08353807203827307	0.009405243364088899	0.2633081050017409	-0.08438019318898184	0.36531612452878	0.12699648976436942	0.16875134410269432	-0.02943791364102574	-0.28204274635284493	-0.3372403347791142	0.045043503160982955	0.005726122750509264	-0.22291776009866537	-0.4780026529226588	-0.13703783116479495	-0.1176214513546684	-0.027087976709955906	-0.498526159010908	-0.11980245733300597	-0.2004996418217786	0.11449932285901737	0.07122488642202243
DTXSID7023192	-5.733089712658746	-4.6966227432560155	-1.4266189652462742	-0.04511187640431758	0.3924907499677198	-0.2627130026039784	-1.9617503636011469	-0.6086250755880364	-1.2046504252144936	-0.2507416878903753	2.477421486716	-1.3334992068944291	1.5143021363491096	-0.514080371612172	1.1772939793886306	-0.9006389975326544	1.1526338648324619	0.5901382883487375	-0.07494182337573116	-0.4413004904884514	0.10029881610769918	-0.13803388378832154	0.18644445402511353	-0.13677272082477812	-0.18222918370371669	0.338459644072574	0.17040074893687662	0.06898959198244295	-0.11107159658777535	-0.0336863612280641	0.02492129538582568	0.6663443768848156	0.183546391803228	0.023156501111062745	0.09128959688161203	-0.7334338354616414	0.3624931839155007	0.1013206844299127	0.06663749385797266	-0.3601072608057636	-0.22818946495174644	0.17192176927961292	-0.7108040087926897	0.07191603449594662	0.026442450868564102	0.2175147925876128	0.5735652679493515	-0.5066282560124167	0.006792073490107894	-0.2032099080208084	0.02205884090308881	-0.18826552417150239	0.016933374433612734	-0.14961137661458562	0.00040062253493406504	-0.399687740951574	0.27553831419343255	-0.5129715055297277	-0.36708616469801814	0.3738864915157405	-0.22624916579992618	-0.4998811303649537	0.2653976727805307	-0.07054479533291705	-0.3306909101110716	0.19486134436235256	-0.5257982141581775	0.041676457599825904	-0.3052016621053803	0.03857225520293459	0.38956586749991307	0.02000585218677266	0.6504172517446479	-0.3194672700185368	-0.49275391952436026	-0.17870419922678799	-0.7058301202722657	-0.6598621891820942	-0.19569670552136656	-0.19751702354719658	-0.07360285069644738	0.23643910885917652	-0.04016412679410448	-0.3041870833836581	0.3511946272502103	-0.08735820761071686	0.16468076008838417	-0.5833235092294768	-0.23463175631321273	0.45894285093850806	-0.3163393372306572	0.04126107769409606	-0.7431646682459463	0.12367932005073612	0.09678810714351539	0.12147394862562218	-0.17841748031050386	-0.09987974491263736	-0.07660318809330278	0.1589591555866504
DTXSID8023000	9.33339856607023	0.8674708122002758	7.032301735208101	2.770655977982334	1.8742532004008305	0.599092955471583	-0.5022038609903459	-0.8022041833282743	-1.183505059251468	-0.34207498915293794	-1.350205235654934	-0.15098416539693413	-0.862805658298343	1.5122496977662085	0.06894084324949656	-0.9361456413670901	0.270265864628006	-0.5883634612070471	2.362205007086362	-0.8912445636047808	-0.20883614135752762	0.19810034310961347	-0.5147910198288842	0.25117498462725496	0.7353194482344124	-0.8366509944873909	-1.6416541029321152	0.11637254043775085	0.08803044385740398	-0.4017900621358362	-0.717906023276971	-0.7775649171792084	-0.17815434707998762	-0.5894681113788319	1.220547676337471	-0.5285193667547732	0.11430672798249114	0.32866788099460903	0.8015753268208938	0.35785272803610135	-0.42669538861964335	0.4395822180309932	-0.01812166189964399	0.41295719758367716	-0.6489410558965006	0.2950813828342128	0.10737382904628902	0.040913192420397274	0.1455073524223418	0.18011260901086001	0.11583681908304824	0.11391256162329044	0.19274517035855318	-0.3205676661445229	-0.15695089047462443	-0.14066099952288896	-0.6627811218870441	-0.4013582924405662	0.24298753085810545	0.020190756714970778	-0.17659667177821	0.5134359108307369	0.17209313440189386	-1.0041419557078053	0.8024342430766046	-1.096007715918426	0.04937162453614073	-0.3072584572868777	-1.1767563482590953	-0.415279126764332	0.8197011611247799	-0.08754621202191763	-1.1846094014471324	0.5268697621106357	-1.6180424465881902	0.4531558322982374	-1.0674913469888399	1.173763709566023	0.39721812772754705	-0.1355442061725789	0.9778657244985037	-0.04631521325232268	1.1387675635595764	-0.3192389087993296	-0.26409456732653974	-0.4597393671429936	-0.04510956036646024	-0.3303511120763518	0.21544786076138295	0.7164681684721196	1.3533174265465393	0.3698331647828304	-0.5344247890543226	-0.991757100602926	-0.46294720279860657	-0.4363288335436283	0.18989258522095573	-0.004554554204624426	0.4274311419693539	1.0177706019279098
DTXSID7023697	11.291745099397838	4.820016098247649	-0.2979512346348879	0.2728502563324546	-4.9209256391138645	-2.693032968677498	-2.6717180334130046	0.2715208085787776	2.3461799557834215	-2.680307417306121	1.1116880125935062	0.621890221442424	-2.4267529420778473	1.63250059663917	-0.8464228363298153	1.0949932359231525	1.9051661130736774	0.8749160732836913	0.21255378019926985	-2.2371671078189026	-0.333028546880366	-1.1246874483983131	0.6466584286453482	0.6946179689725515	-0.047995185267740256	1.575210826491112	0.5561167031140801	-1.4605356703866328	-0.06722759350362773	-0.5944420866105858	-1.2639582409995398	0.7057736677952442	-2.4897445827126736	1.1731473818817586	0.7609359548397865	-0.8176519796469341	0.9018110169061719	0.8862665631100057	-0.8200376535572532	0.4727566792484687	-1.0857390612250453	0.07401939080657595	1.0075157569615132	0.6357423473681002	-1.0259216801808024	-0.7891787526337981	0.00898233564330231	-1.2587243720433512	-0.39268911520449995	0.3953568999938688	0.29143421860534635	0.2145346471110832	0.5814988294709243	-1.0713982392506836	-0.5767932467160948	-0.5891528295713405	-0.18740282147306378	-0.43399442112325093	0.4214642406721547	-0.6691046794291401	1.129456649818801	0.9056271384028634	-0.20406574556098045	0.6241205082396096	0.8566804447297957	0.06947911686252155	0.4795541863951633	-0.8292365473129992	0.7096857362406809	-0.1367800627343654	-0.520984335975862	-1.2716089962091277	1.5295867210585927	0.640801765562602	0.7362219811316261	0.9306262431236744	0.28314550000606853	1.1789530137158752	-0.7911525466618085	-0.03422588014886777	1.46563317986758	-1.2597056880716784	0.8330589724418145	0.8049725669038039	0.7468314004793878	-0.4718733841983051	-1.7914070669749689	0.40400132455754345	0.6046499146598936	0.3598926290212332	-1.810904905489981	-1.2291357083109105	-1.1177066599385002	-1.0944936515902577	-0.5719147893095222	0.1504198539712495	0.7836852847276318	0.09699621695152477	0.35743335398073606	0.09463067548852233
DTXSID2057730	6.450415928627285	0.8753553542314856	7.427055981517796	3.178692230954747	-1.5497434749382013	1.1227920746913809	1.314897746573526	-1.401867105549066	-0.037676950197583076	0.9991175675649558	-1.1784683153518825	-0.10758133270679057	0.0181187587758822	1.125218206038602	2.068573580751914	-1.3933659436481194	0.8840886542202113	0.7977543906183294	2.3118531233378685	-1.2234584565219246	-0.2083300320606238	-0.3989698248017825	-1.7878069231560194	1.421326589573995	-0.13751198241656473	-0.7850852848284351	0.5515218745041991	0.768455435964668	0.12152660028183317	0.28063521098516403	0.22836461507832517	-0.46523221068255083	0.9139493847152216	0.5028684579522738	0.3057572763526087	0.10386955365975309	-0.6841353725965722	-0.06259257845056129	0.9493851727910743	-0.0314085973551432	-0.4727898214747505	0.636110859380184	-0.005684320327146251	0.7603678579867078	-0.937893016156988	0.1552074311735335	0.23791623360302788	-0.6070413315831233	-0.010288427415402751	-0.6240736488384132	0.16560529530841586	-0.1115368253677439	-0.17495990137234751	-0.09637241224714824	0.3123223566353959	-0.9591584888158203	-0.4006756115278427	-0.09601732868659696	0.45616198165455385	-0.46351248443082493	0.27690170860257624	0.6665725936917462	-0.5148370102032602	-2.55431391090155	0.23951500388115024	-0.25809902410067553	-0.060267491741297856	0.4450736391336693	-0.4435224832567571	-1.2662725283930578	0.006670873638280395	-0.528776168773437	-0.7853095719924283	-0.23782667053853396	-0.13435098446918814	-0.21122146997696994	0.028744572173585583	-0.2718282028689782	-0.11146873238811505	-0.029542005546409403	-0.3610005449638416	0.11593585143744449	0.23709307818642691	0.12910098706533873	0.10824433462653907	0.11661686140606937	0.356400481043077	0.6014674657088458	0.8466930978679919	-0.07974208600977382	-0.09562685117517176	-1.3185908802992292	-0.7955288298590507	-0.18420131032483328	0.12967922760493936	0.04810111779179774	-0.1776337697415822	-0.45656124932061426	0.8047194640021834	0.5615273655059171
DTXSID0022808	2.245589750420665	4.869841428317537	0.9137013883316617	1.1177237348465605	-2.434733999259281	0.26136816316822975	1.4268784187472268	2.0011908482228717	1.2696731394206617	0.7432986897969899	1.2252335435679962	0.4241770359015097	-0.6179520918149704	0.6644388958878418	2.0899617493387077	-0.1496519399000084	-1.1816295426945302	0.4667480413857449	-0.4859009084171932	-0.8213687065467327	-0.08522755784326093	-0.025351871748472466	0.8766304984493563	-0.18520609105327457	0.03038429514226431	-0.46599997170911595	0.6425817081425673	0.5869268187611506	-0.4126265375051724	0.6478514352281959	0.03378965097489217	-0.21680970920735218	0.5268346919204235	-1.1959861147861575	-1.033083106732837	0.5571986093086653	-1.3629960659359293	-0.5007073541152329	0.6545484264084459	-0.3540063461019576	-0.36484881837761096	0.6870441650184861	-0.39210396652272245	0.053690695579059554	1.0247274535237563	-0.5118362609902465	0.6578501496742191	0.46079042739570725	-0.2049007227843034	0.16174328530255827	0.03842447515568373	0.30531267852858307	0.7353087683134646	-0.0370661873214715	-0.23254969769348582	-0.5657873106383018	0.3619310206938424	-0.2531988034567744	0.41275934539494263	1.1266264659918546	0.13856753587927564	-0.6296260850719707	-0.32699283580690053	-0.5688398569943798	0.2901596416529581	-0.0813110980125598	0.6428718029670398	-0.013028120322068246	0.5724270459318667	0.49957740776629694	-1.538051359906269	1.332183719449415	-0.40558351724588254	-0.7610943289115579	-0.9819103498695592	0.44434722527359427	0.14768729805888975	0.7953815940737182	-0.04051595021727544	0.5903116863299086	-1.027616131118874	-0.28542356035469235	-0.06107072807604487	-0.7856472550110589	-0.040969907828141874	0.13713872123487353	0.3055980598039106	-0.40009163681503623	0.48991802660274764	-0.7442056959035401	-0.4999972187055343	-0.3399553610539862	-0.29935558565423676	0.14865780794102443	0.3245523686865035	-0.5379179656919467	-0.38370202721079805	-0.22189143068004644	0.6886507239147256	-0.048668241557519074
DTXSID3057775	0.41917060564870795	0.729659349782228	-2.2660435199809634	1.0505830873820337	0.20890536090703796	-2.325482236487625	-2.190829145511955	1.2687794339577847	-0.5478744542969609	-0.27000074913333777	-3.389720245766998	-0.08888422388355564	0.6013160575607583	4.818685455017194	-0.40438073457582446	-1.7793015702778465	-0.2746231001054021	0.18884367983237507	2.0363130433796615	1.0043476470530182	-0.4958360721554546	-0.6517489103550672	-4.109364761076931	2.682086599005228	-2.0723875372511005	-1.362054983476774	2.2819791800197913	-0.07709094418331404	-0.8680164940126943	1.8676337120411672	1.0270859404746202	-1.8379089327270726	1.1690538117950973	4.702908715694613	1.3500592238325213	-1.5742805778255142	-1.2200983914189123	-3.076511736702344	3.454196636241197	-1.026853874851271	1.1151962546596852	-0.2157659518075133	-2.0150275324269327	1.7470778602184818	-2.4713967977824582	-0.386351085270902	-1.487582523845791	-0.4295721792831516	-0.021468477015414343	-0.28506812046773045	1.1895584305995872	0.5889998565250054	-0.6306272890125103	1.3530452999277451	2.4708596539584873	-0.9560709003851542	0.3230647686637617	1.447790298669127	2.8373249525788617	-1.063425109711005	-0.5053013800415616	3.809245236133831	-0.32051289410763584	-3.169721882808051	-1.6787854270918985	2.3370656706410653	-1.076336849567309	-0.1790938589849471	0.387665086660112	0.07119444470252229	-0.5781416161321443	0.06622535095824679	-0.40135127245292723	-0.10843347726455432	1.3843453682061941	0.3818603691919871	0.6963585497417538	-0.3347633250034424	-0.5993400062948299	0.6834467426681554	0.6276177345315457	0.2282269443952212	-0.5000212948313112	-0.0340758737055997	0.5420553493763098	0.22751118414821883	1.8685615914886744	0.9715242644943752	-0.8954446940293329	0.11136286325780355	0.5834844035262721	-0.48386480296155254	-0.14735039166252553	0.335799744829644	0.5319842524797064	0.9056399785114982	-0.8507072080595278	-0.4313495854836669	-0.5515900616684624	0.2648455044397123
DTXSID7044716	-1.2211290225594003	-2.6361974473746352	2.970353478716357	0.9578556566901066	1.1236430381940774	-0.6876359469786045	1.4783380034082183	1.049996819070892	2.4889249607908357	-0.4659644967613063	-0.8056335452943019	-0.11545911071912131	0.36940814698357294	-0.8047205793866056	2.095761384712415	-1.3066709748391916	-1.3566057324895007	-0.7169644729294633	-0.15781294663220874	3.0797255255594433	1.4740768217294042	0.19678177773725417	0.3427776903850459	0.4818798368890177	-0.3417605947129339	0.2321932736180097	-0.29959618123885057	-0.08310409020993877	-1.0269483174343692	-0.11656616334055005	0.8326245702736528	-0.8118836571171356	-1.012803795657675	-0.7053574515477588	0.7280294728199599	0.00022238625825135236	0.3544748533717131	-0.3031510011755432	0.43130088062299204	0.17197264802820988	0.320160846696679	0.40311822938324327	-0.8763986569254153	0.5746402250785989	0.5190364037530465	0.06953925078504651	0.5780619910780002	-0.2673754524361138	0.1294736816806791	0.2538033950702526	0.23383952929230054	0.32188438807253444	-0.1927035607673812	0.009099564803911362	0.1012208536855054	-1.121539649765382	-0.6600981752339287	0.0005457945048320094	0.16276436377394116	0.15064059064986993	0.14271676183927565	0.5075768565584059	-0.7404448697703554	0.1209629205314596	-0.1208752290304196	0.02762504144064645	0.04646927285592041	-0.06054458367840538	-0.5629920584976412	-0.6066243446621845	0.40618907174375923	-0.013894684355412806	-0.5591517820004207	0.5184729422451186	0.0030022547007836926	-0.03873861996983486	-0.99492767420407	0.14685195247354524	2.540921136280501	0.37726729492069533	0.09142123464798241	0.09936915878412449	1.3400450492345877	-0.10223846818940567	-1.412515831012001	3.6348559409625585	-0.673528166948119	1.3283256949467044	-0.5966846530982587	0.37620232665778874	-0.8326640382575488	1.0615809556739122	-0.8303842508781638	-0.37114100419388174	0.029190100034992606	1.1952763761775012	0.2553725142629556	-0.11538208504792533	-0.5529665883128474	0.6007232678855862
DTXSID4032459	-0.08276805026808626	-1.3742212902875328	1.5914478648275006	-3.5898473999397353	-1.8407720100089204	1.0906069360782644	1.1820687814943076	2.9647787386677273	-1.5580341539340041	0.4906554824737985	-1.457374743229983	0.6118227998486535	-0.38046433049918493	0.382745430694031	1.0465607898309228	0.4990877826737164	0.8276830515031531	0.9193916388907709	-1.177018358460376	-1.767841882590541	0.5386829925652141	-0.6643561024798399	-0.17034646656512833	-1.6646402595424032	1.1735067062052082	2.251824448760829	-1.443788455452158	-0.04460343313027436	-2.1273608301577815	1.3923004196961954	0.607838196677116	-1.3959355459371958	-1.3991583549808253	0.5031986991585401	-0.9960187744568324	0.8400790317118374	0.17147011064843232	-1.3846501666886022	-0.012211515527299838	-0.20180248864322015	-0.6520137301791026	0.6311623348687438	1.142610155485978	0.12068718730408867	-0.4543085661598827	1.1483286102149262	-0.02642874385289079	0.11567855413749435	-0.04627517801382275	0.3374507787270086	-0.14081706645711345	0.08007833153220648	0.5366999403748414	-0.1948914707917787	0.2102054589384086	-0.666566144206739	-0.3866709968600633	-0.5692458053230859	-0.5682487185587874	0.06422322422463295	0.46442967920181305	1.0178214496598115	0.5675844726090647	0.38047237725175753	-0.5400323959804273	1.1525371931852735	-1.1204599827373505	-1.0912458337138407	-0.5296689582242956	1.5020000890936573	-1.3559013160059064	-1.0117767947913179	-2.304821811945121	0.42270853088191696	-0.2696652407417479	-1.799543552361957	-0.782672582289631	-0.06411307347371563	-1.0019154123019178	-0.017046826779954314	0.12458468828149724	-0.03547899553583941	-0.1754415414658021	0.11872866231042685	0.4762233838567204	-0.019708850709497072	-0.5642993803759659	-0.3831914425159835	0.7953796296776342	-0.04475833152912033	-1.1179787044753748	-0.7167140272381586	0.6899765155413448	-0.08415666277967972	-0.1576029818030504	0.9554770887866392	0.7965927809424675	-0.10623926844366802	-0.046988956912603866	0.8191155641063107
DTXSID0034722	6.528045693402913	1.2060516966432957	-2.3777242056063113	1.4220821512176713	1.5706092655327726	-0.4542653046421257	2.907041302871157	-1.7182567313679376	-2.3065192360133255	-2.5149150423660642	-2.29126416924523	0.23232889239361765	0.49861509297259776	1.5111075367908344	0.2648375942113442	-0.8289656705558062	0.5622367525958532	0.9436502728734228	-3.9001289254152147	0.9778549594092291	0.7596506596895856	-0.9554198666171463	-2.0690327375819773	-0.8416728782180214	2.162456627028149	0.14197426499434945	0.2874728363318569	-0.79567644591238	-0.14083570070312107	-0.719249939106437	-0.19390190704173466	0.35644062743606225	-1.67159929456665	1.014843763442291	-3.1752803594852073	-0.6430551864459039	2.1764429425351626	-1.9975701120256693	0.22874082833984868	3.470826898533272	1.8090145865643026	-4.686751567927696	0.011410457019351164	0.10715170454702107	2.48077441665331	-1.7493850546466254	5.182534296314705	-4.0199373428027805	-3.188797017231735	2.7484724871061976	1.1149070470368363	4.44770811734169	0.06005333522336384	4.637547839022893	0.6658568359732528	2.063439196124633	-0.5568844918728173	2.9137639642745636	-2.0877857236369026	0.4985689590219741	-1.6231707400397488	-0.2516102246259058	-2.6722523630645756	-3.8045466279066447	1.8420811111121098	-0.44051968335478797	-0.6123096210028296	1.638963105554501	-0.16263735282633773	0.1624812966574817	0.1039759888361324	-0.8241486267517033	-0.5642940151066788	1.004281160435082	-0.7473497885825596	1.907145516053931	0.02867099689315603	2.0512052846864246	-0.21463868960748184	1.004869096146704	0.007374547639520044	1.4522380090059976	-0.27853742807654036	0.17283387500234354	-0.5339275457713394	-0.6148690102920249	-0.04744248081867377	0.2621039021520573	0.4807208465201793	0.29831341175743614	1.2142496987256244	1.668677490713276	-0.19198403981823894	-0.10094362627358294	-0.03900463568875708	-1.1202799764969384	-0.5786946270533793	-0.16356403202587683	-0.3535928282303897	-0.21049318797816396
DTXSID8020464	-2.014969396245498	-2.324040969225774	0.12530503029086823	-1.8088639799575277	1.5968315017400796	-1.639154731951087	-1.953332942100218	0.42381984869349126	-0.4159183327245461	-2.248627182555622	-0.5912272012955679	-0.17609499496256512	-1.6515163840985805	2.273449873930796	-1.0052553599410696	-0.02133217143083843	-0.23399017747217876	-0.7415076754141019	0.39894359575311966	-0.04836040654370539	0.6168046989343529	0.3982002012659682	-1.0004545868094514	-0.7163200975088431	0.9360880550856323	-0.5445679661826173	-1.4217808961011458	0.8240648386825451	-0.013645713535558775	-0.6373879779684712	-0.6496226275436785	0.3710100478870383	0.06887455401924221	-0.48789696340802857	-0.28666806432003156	-0.09960859012791493	-0.11345163935836022	-0.13038063689826887	0.1038531734681892	-0.10596341973762387	0.08666470933435196	-0.6339613654530708	0.00018457348523713424	0.11372733788312708	-0.1279045855038119	0.0866217284909194	0.0639202292055633	0.49238419197736055	0.12218029741532564	0.2858788133915671	-0.19727458027444428	-0.05754143448860873	0.21023321892233965	-0.345427185194383	0.34506843071031107	-0.10808890921200848	-0.4680316234307734	-0.10687887589799513	0.02321033865602	-0.0789146722611111	-0.42517750292086426	0.05827665536945955	0.7211755576700227	0.9078000449497217	-0.21532436641616143	-1.3512707222294504	0.7395800918119481	-0.4399707335011132	-0.27189165915910873	0.015139780071534738	0.3632167951947847	0.2693009034235247	-0.03626663819618351	0.022471793734545248	-1.548076377514712	0.21209028994698315	-0.3806987515993803	-0.5946229758625998	-0.12653384444220683	0.2126549883033684	-0.25749226407697146	-0.09231636012693825	0.49308523779594005	-0.20566565891393637	-0.4039284014505503	0.127353616103784	0.20560885198856457	-0.36652652728111584	0.27640509967424576	0.059330668054642675	0.2551308340008564	0.3582879606851707	-0.5348987129264873	0.018400704375723862	-0.028989454314927936	0.36315627881508455	-0.7175110553784132	0.2284639818417603	-0.4209410075626442	-0.024941962862143542
DTXSID4044905	-1.4686207829530873	-3.462289110400188	2.021078580370857	0.6933826579752166	0.6014995068162428	0.017301416518488478	0.21703489314995436	1.2397838581659057	2.075940348173139	-1.2554303134580627	-0.9097590151060458	-0.07778895507573455	-0.654714610370667	0.5342711931305214	3.204963615657639	1.0959235589969423	-4.370910560743812	0.9366358142503058	-3.2002431373232487	6.931835961354439	4.612989968320028	-4.222394031518833	1.398038402209953	-0.2578813541750308	-0.5896614346288069	14.320443711456567	-15.48401814530677	-5.762898118507505	33.282830002701346	19.27310111066539	-6.155174662049474	3.855934563738155	2.8424613190611288	2.172446390052438	0.2732146903082227	-5.14610574400314	0.2524042682925307	-2.5843150586471473	1.647865633871809	-3.5441960433930215	1.8069841245972662	0.8236653431485944	5.73422471956532	0.5628805442188879	-1.419268573851586	-0.854637885686657	3.035764102085636	-1.7247387300388308	2.153856800543914	-7.6232076495097285	1.234363736998824	-0.2844111983895753	-0.12296490447031728	3.507968593872342	0.1397015622179344	-0.07446749176496875	3.848273686349274	3.00365826132057	1.5554190525673126	0.3651667428422563	1.6374861463188015	1.342053186320497	4.015816427951348	-0.04888955489203832	0.8949104611744365	-0.7666623136920567	-0.18040327591964891	-0.2279327567557329	-0.6370429998892468	-0.9106750547281406	-0.9355513382411723	3.014156374974618	-0.5820578261591973	-3.9840677324798026	-0.2201687015453988	0.09555983624753028	3.8767781819385436	4.038316451727157	-9.056339392603544	-6.183025014622559	-1.0571604867521072	6.151099855478861	5.119173148005547	-5.841258853116765	-2.3035087615557606	3.792194834423208	-1.8534132362520646	2.529452563536289	0.6433893561947519	0.12468534036586455	-0.4206164930101346	0.026595362791961816	0.08709823822000418	0.12461340048515657	0.05352003957962901	0.08846240723098464	0.14506657118969313	0.02450025961774266	0.08461852321664519	-0.449336319775266
DTXSID4026214	1.0988153019625455	5.000389186236388	-2.4452108238305166	0.2545856986584067	1.666769647380795	1.7664511627423356	-1.2049382107602984	6.739618740877615	1.8867428543936169	1.6807267657873548	-1.2591941031993474	-0.6075513776429742	1.9903002185867684	-0.0861206286991923	-0.9150513148555897	-0.19756914095607264	0.357943132214672	0.34949009953973964	0.21246564765970966	-0.9835803959143005	0.7409311199509195	-1.3836588157010794	-0.5196215596970265	1.4356672418384717	-1.2912590607527656	-1.7128327445336224	0.03856612208143407	-0.6643811657097598	0.8365791246405683	0.27423930434117205	1.2150640787189972	0.3567023972932533	0.11800060802383851	-1.0536771491429742	-1.1009170789118938	1.5443556059747356	-1.576325734776407	0.20636092053389907	-0.044696936786623405	-0.548121028759403	-0.5598783421706339	-0.5965406524755246	-0.44162005489489536	0.15775999030655985	0.43624713881953764	0.8584566124234434	1.0846157635640827	1.56116886870434	-0.016206113858443665	0.8315976724959093	-0.3873933857689806	0.9353651893907602	0.22464106227562963	0.22276608993060296	0.9704758293091879	-0.6951909100023184	-0.4790455572692081	-0.9158911899584627	-0.6229988818443299	0.42581308003915336	-0.3399147619999774	-2.7809146354364422	0.26481605264526853	0.3414817006763436	-0.8921039347554166	-2.00458532497653	0.42481645735067053	0.6124182836659561	0.6008426243797311	0.6641646804273362	-0.11906715918219513	-0.07511739787219458	0.1991385679225915	0.9675246896801762	0.4555322979430973	0.541798703987119	0.6422365451094034	-1.4891596986632052	-0.3715128492967826	-1.201219567989378	0.8583814566329674	0.23542889943977952	0.37297733226117835	0.09031917683031246	0.4207541632230211	0.9063552580872537	-0.6536502556162044	0.3477372465685375	0.170006955692931	0.4665559043115792	1.017737676465728	-0.9342867441035821	0.11143615818266449	-0.8112839440026309	-0.6443477780406628	0.7205509789059792	0.5381925204899449	0.46426364431108025	-0.37320940765409083	0.1408114427510588
DTXSID3046617	8.57955621653468	-3.6456230431375896	1.9357128161848374	-0.37667548698643283	0.6144207500827502	-1.771883954865566	-1.122870520928739	-1.2100974348923164	-2.583344665415936	0.5222688607258004	1.7641216439219385	-1.3801096179093848	0.08494141549056036	-1.305179032144237	2.2882033442987177	-0.6750267431332511	0.7141646875993182	-0.6086697625026972	1.147402412432512	-1.3979715179299483	-1.203222669654961	-0.4779763425297568	2.3318271723299455	0.4906911709768235	-1.4776595061036992	0.5271690914710676	1.139453025752789	-0.8932521924800748	0.6820390777790559	0.3130415457763814	0.46090281094706886	-0.8339120823799163	-0.3813519026873037	-1.094774961558889	0.473342194394455	-0.02806557846395951	0.7340402605642247	0.2638761769563394	0.6349898291103954	1.1061673232919351	-0.43659451489580114	-0.0008594876635353387	0.11550379284038476	1.3135070592905826	-0.09918864725906268	-0.35312187165510156	0.04652988647739765	-0.28721686744195213	0.21115416480044888	0.897831175441921	0.33690526891304284	0.11595816565860212	0.5536056622866096	0.028800513458474584	0.15438302563849401	-0.3789510814379874	0.5497155568740534	-1.141634496460803	0.031340531414705566	0.9551545085930427	-0.3198581796403174	-0.6280531052618009	-0.404009258464514	0.18841859868003039	0.0066007666018048985	-0.5152039623435246	0.6405065070501741	-0.30036930502300696	-0.1974388412454466	-0.06412888702106695	-0.01540223182352962	-0.9942296577094711	-0.5643165672576447	0.11263396987400609	1.4766356196887727	0.11279257318371848	1.4821639146766015	-0.23015489135955955	-0.1281308271938438	-0.36069752124323506	0.17435970543492138	-0.7428272044905068	-0.058296794467258745	-0.5719035827869942	-0.27300141563050534	0.11306538558634813	0.7336020752880003	0.3966979581371205	-1.0209841203309773	-0.4554223328504007	-0.4475296834290368	1.6376613333858032	-0.11882255058730516	-0.6023491728519296	-0.992621409616601	-0.3121357840112504	-0.40163820501391956	-0.035871027498978914	-0.688943934181574	0.21503306897957078
DTXSID5025572	-4.296280993962014	0.0017214017379722085	-0.03911167705387918	0.568467125983313	0.26580766291366986	-0.5290970455442865	-1.879827704326444	-0.23873944708933156	0.25389408438802835	-2.1713586772162343	-0.09933216543037787	-0.13837050049653948	-1.3482333983554207	1.6635895870970505	-0.6329428818948541	-0.16861090255472852	0.4243765156918755	-0.5527496580421568	0.471544053763567	-0.13458000088885888	0.7649267739992214	-0.2982128973983632	-0.6969611663502077	0.5638044115767348	-0.5806861668747536	-0.6227363048525405	0.019732164872541792	0.8222271675873142	-0.020897552616797366	0.1676884280029107	0.09208235199171245	-0.11459799516628162	0.7350047018961985	-0.11541504815893282	-0.4776439842327602	0.4009861890089726	-0.5804538784540599	-0.5350557083507376	0.2459482255032181	0.2828773904913836	-0.2825150466252972	0.3304294688728871	-0.37861695253536687	0.8085366575337053	-0.9397519800274361	-0.023149551086485292	0.23269442150317848	-0.6346084302974302	-0.30174091907195816	-0.39184006324256787	-0.04985301732122576	-0.07626487632476416	-0.39469685309691693	0.04485815577913526	0.32198743347138864	-0.602379191297719	-0.2418155923745439	0.3010764119053964	-0.43379685778264987	-0.7298877756979427	0.2390924966509305	0.37028550251317977	0.1591279035399113	-0.2076180716190966	-0.28615071727560343	-0.4521109592305313	0.2091370457152958	-0.13353519160211072	0.651873132585836	-0.7501256583288423	-0.29802655755052543	-0.24542130430049905	0.2135769580698829	-0.02491954338603251	-0.5955003484103565	-0.5500469264237032	0.45312960647058514	-0.8656490495814168	-0.17783712954452438	-0.2056696113754683	0.12143134901916816	0.028537440581223195	-0.41011928727433583	-0.23285658732498665	0.27172485067654534	0.28114994619248224	0.3405981476481592	0.15076988931974242	-0.20366816108335672	0.2507339856516737	-0.21765868120965484	0.18233845388940154	0.08778015039433006	-0.10682116553318799	0.5416227069340236	-0.07049839309553696	-0.21582532079218963	0.07585228429453658	-0.1224039369653314	0.02497850088564154
DTXSID7041411	-2.164191395859163	1.210297223973411	-0.44734142776356206	0.6748741560766492	1.07560554912818	1.4461930924875361	0.3237325246805069	2.665167611369904	0.583619511763841	0.7055192287046991	-0.6612857823463328	-0.4316281900857811	0.4251472614730052	0.13303483664034585	0.7790047117769052	-0.28178713379735565	0.41822177881416106	-0.0077834628632733665	-0.6491635984687144	-1.4542424920606936	-0.19196182682142035	-0.7344692850032588	2.1548616698007623	0.35520595622291207	0.1947380347597474	0.3679072090396712	0.3960226980540492	-0.07079744258797552	-0.5587534038360805	0.13251712619629089	-1.5338907512712279	0.17548515820428837	0.9550923548424235	-0.3555876760364333	1.3598928999816573	0.744136286258851	-0.23862903881126085	-0.18463320625759888	0.22233275728399035	0.17731849147354364	0.4523210462562191	0.5583790834684854	-0.016386241150189797	0.6631610595336562	-0.049796999742217636	-0.10854414018046674	0.31877425323974806	-0.2296976984074611	0.12072599038274757	0.16339954842499008	0.3383176430835199	0.19618831162639275	0.8196512616123017	-0.006479915682162344	-0.04188562280526434	-0.24903908252050497	0.2088684329130733	0.14323175615070152	0.1973998036456499	-0.03473363692381324	0.0824283327916032	0.21358231455326762	-0.6955262495344677	-0.12154149052118786	-0.11230932424427341	0.2083025042947374	0.5238038594671938	1.0184071273468265	0.517349841130643	0.5775136911379096	-0.33608878048822355	0.5635831720863322	-0.8304096184698979	0.7517496002367193	-0.6090831973019981	0.2146672081420656	-0.7844326092254947	0.35697439794000235	0.15203922257737873	-0.6976555213615822	-0.04093429750021748	-0.2767841267822868	-0.05456238713625692	-0.29286158582401184	-0.48182459515293585	0.1346223241080153	0.8371809314344041	0.13630760523694113	-0.3875709007793417	0.04772350660785963	0.6280371467981377	-0.43245548612968937	0.19954137528119167	0.3785260601457517	0.3746570549622406	0.35711787182164606	0.42408282186946444	0.3943726194570091	0.2118663294210674	-0.5657228375065929
DTXSID0022012	-4.677492034503688	0.4124724359495219	-1.4642037997725643	1.9374327468365276	-2.278987750289473	0.32252890383125055	-3.176906620967273	-2.559281365629789	-1.849118657814192	-2.0567539223433653	-4.678958863416168	-0.1053414265572486	4.007301700723881	1.8494300727419342	0.7798377888706568	-0.651648029274477	-0.9921528684110973	0.12025724867676336	0.40143798638525785	0.46945936651721587	0.5003899315995689	0.15013632741478158	-0.33916641817201304	0.7585306082546142	-0.016312928542520456	-0.18033202403206952	1.3288292185804322	0.4031557098035851	-0.11442596603996849	0.5652470398966712	0.789264345150124	-0.6410235814954531	0.9866176360993718	0.3805415966065558	-0.38876888921036723	-0.2003670974435299	-0.8054828962940609	-0.7811443939245524	0.20537186229789034	0.18330215618763182	-0.12197196043490413	0.5811997116226453	-0.2958975955437515	0.7242395570922568	-0.7791059174573491	-0.1298316555697051	0.25920601707487445	-0.6612670176103421	-0.4652155918703741	-0.3036576699898003	0.028798795826353835	-0.39840840419592155	-0.17800254870017698	0.39235128657445184	0.3453601513370406	-0.4946669822214338	0.31874335862503467	0.22960784597709033	-0.34464595855824587	-0.48087038645972596	0.21353198846082608	0.33807250015581386	-0.27641020146232237	-0.27075220588916665	-0.2426753702096967	-0.17498096797717352	-0.023253632609747513	-0.31032783108604095	-0.1989613353404905	-0.749810716075034	-0.2040409499297831	-0.6579470380599802	0.20060199544887128	-0.3421627961756976	0.06352122436225273	-0.11935061678814705	0.24024163478815067	-0.8151142850883879	-0.1492126335058468	-0.5484849526286495	-0.021255927688073495	-0.29105461026854973	-0.23573599042997997	-0.08295902961373687	0.3826411525805925	0.17844711842785227	0.21901507652278374	0.5115922689635602	-0.37526526703438656	-0.09223415646009096	-0.44867306942490376	-0.5006313667437298	0.2986132844496988	0.23752978201544936	-0.3039449614623161	-0.38977001828145513	0.2013950183795644	0.2218909729394321	0.21319096803480114	0.05539094741743319
DTXSID0045963	-2.4707488740197885	0.6232636118998905	-1.2939417836861098	-0.13968803841776395	-3.2060201036406553	-1.1428548266709992	-2.802694869638038	0.09680254799251921	-0.7842402116321885	-2.284103965869801	-2.243105049886217	0.7737477670980472	-0.04818713163357147	4.2215986188321635	0.7202214485605648	0.569705432441519	-1.1141261311921822	0.798283403956005	2.5618737707850823	0.9226139660819174	-0.28497082758370945	-0.4188334621686522	-5.22490448728397	1.4531366299374948	-0.14204534634092444	-1.720935917838784	2.626466962130752	0.8439466981389149	0.3867925405322169	1.979046614969934	1.449581712583234	-1.8349784556674906	3.0387588547155318	1.746891645556173	1.039486005947487	0.39117093862270486	0.16133152061306552	-2.7729792511120603	1.5395901989144203	-0.05808530435506782	-0.3906119786634181	0.027653934549696203	0.003855808216674485	0.824085129851476	-1.522254516380489	-0.15919496354224996	-0.6421802793981237	-0.742787496960084	-0.5021453346589295	-1.4780165201324658	0.07741959535137552	-0.5950240114019697	-1.1696408955773234	0.5110986739708469	1.9320306354159713	-1.5087560250341654	-0.1558733731353208	0.27892252435344733	1.216682437113287	-0.6645707932863532	-0.9448328697071339	1.0768499606517379	-0.8999058462734453	-2.3276931499581908	-0.7342429150009304	1.265036058465095	-0.022116944402610306	0.6593666598975545	-0.05255403198711704	-1.6734235595815306	0.7298234153474774	-1.5817104327119977	0.42057225810952	-0.41015056191610044	0.8548172707769773	-0.7023838446624829	0.6836755809700711	-2.520894111619574	-0.1657446133888613	-0.2748940682814048	-0.7700833241038385	-0.2800201649235501	0.4543175288169929	-0.02530398280158392	0.4175853465029642	0.48381802891158704	0.8064105721445545	1.3587836126175872	-0.9533828300050496	-0.3970549189088398	0.13387490528719967	-0.3307287003389494	0.6107025900089897	0.7202549315555279	-0.814784769666306	-0.38646130283515573	0.10928392671415038	0.41424313513530614	0.5026501439396734	-0.07055500944881815
DTXSID7048611	13.64968500668288	6.780174326669169	-4.748535903813413	-3.180727206986751	1.4328553968867301	-1.7289592959747977	5.2949873174451545	-2.5891189949118085	-0.44373891746862915	0.5406751289931371	-1.974822984902685	-1.0538158453659976	-3.3064580740585376	0.7461515867478284	2.4374285156594513	-0.11213950548042645	2.2883821492796965	0.37050287704253826	-5.353938843061088	-0.04165436655192365	0.8811785270144967	-1.6253358037732382	-1.7726237034478687	-0.42679786281980076	1.1894201425583575	0.8769174833832178	1.747762672152782	0.7480511990711086	0.6320695100955998	-1.2401973844129934	-0.904474321954932	1.6245449087723822	-1.9487646509999206	-1.8606970119040924	-1.3673224446546575	0.10515428048038652	0.962879075675489	-2.771134472860928	-1.206620681080487	1.6380369804135604	1.8243270047045563	0.6040393279364027	0.14461023107327836	1.0483420349142702	-1.5561651833170342	-0.9003889438450812	-0.843791103762776	0.8666659488290467	1.257286939349093	0.07611645537325706	0.22632280501621488	-0.864498408766226	-0.15500412462795438	-0.1613154981265811	-0.24924236220701518	-3.624228823085342	0.16061276897292778	-1.6920210136434908	1.8035985716153067	-2.233444660211777	-0.4832244816445779	-2.1896454383854946	0.1676613630887539	0.3545684600019721	-1.5871876956620283	2.601573820450558	-0.21795070617657208	0.21799773751921409	-0.6201934106876219	0.642257247134652	-0.21276630163773594	3.256188308787523	0.8187318460283683	1.5545357318440365	0.7726624596154478	0.9810063721060386	-1.1942917157472925	0.12913872425151718	-1.2318376082260047	-0.49795053692909186	2.1114531499863696	-0.4415382926030289	0.2511541133929548	-0.3286535542804177	-1.8731336107228085	-0.6887870111256785	0.9844195386075888	-1.9916289342879498	-0.7751031993953812	-2.2656513435671988	-2.7601214302808317	1.021978142591737	-0.4581856645520177	-1.3608911793743028	0.6220005283304741	0.10975657921947277	-0.5059806226994831	-1.2626256349717542	0.36117984858111524	0.5207307834812583
DTXSID3049382	-2.687883916246286	-1.526148212486578	2.6655586692103292	-2.8725986671864803	-1.9395163638871085	1.8293011262296017	-0.04120554000407553	1.5114215861102949	-0.2979438828087571	0.6304544663953207	-0.25176542388148804	-0.6505763804833388	-0.2388396032764799	-2.042226632535764	0.6082570238097591	0.13274237083748744	-0.535154000718149	0.735901088616821	-0.07665982447380859	-0.8759034197549203	0.5738371297873152	-0.7005937548848143	-1.4840287197055442	-1.9597287511553962	0.5720553906186808	-1.4086767128927775	-1.2170945182581483	-1.6101450298785493	-0.2882441183942627	0.7361129052885073	0.4446741747052666	-2.700723450872868	-0.10641710130454334	1.4476932805323512	-2.1705290395886907	0.10776052439865699	-1.2634233430299837	0.1026152987729331	-0.05506046559447597	-0.5744905656100582	-0.6203973210907253	0.1617243269386664	-1.0582866404844828	-1.1669420453122885	0.9009682070322864	0.04970864613760897	-0.04901154981889157	0.787304233138177	-0.7699171744885082	-0.6923350891721328	-0.529653928280893	-0.3087623379805963	-0.8678419915303065	-0.13446446400515014	0.24796967599419648	-0.646608262723709	0.3893816407901664	0.09280808805269264	0.42461643801448284	0.5247390241672958	1.801336443866884	-0.0497438870574623	-0.1962643639248411	0.881457948139575	0.6562044822708042	0.316783877594095	-1.0782198328981571	-0.32568739292136495	0.9260743879973955	-1.6192509992796231	-1.1534728756741144	0.34548742620435335	-0.23451698477396718	-0.5422335405933654	-0.48680680535339543	0.08714846689050575	-2.080202576585103	-0.06519497312341047	0.025052714369886413	-1.211557076914713	-0.17000142220769704	0.5554519643253103	-1.2099327876444586	0.07372047624982728	-0.6083700694734112	-0.1525600003343347	0.8090631629470468	-0.39431131920233253	-0.38244565537914854	-0.8720969416432275	0.3964102999285244	1.2270520761573502	-0.2724174900206793	0.7640860900576445	-0.9370020158500061	0.41814611817710334	0.08281506655039511	0.009787308053707542	0.020775644835661758	-0.4018186138882439
DTXSID1041897	-0.13053574734883389	2.207583947906044	-2.0667762015451157	0.7776892556166874	-0.2200970362426329	0.1795352441445677	3.003249422079966	-0.6248973934812868	-1.2051729645269948	-1.7737293518434103	1.4130841536144336	0.9825235895373992	-0.19400482102776592	-0.7901097406124542	-0.8126625730757296	0.5106751711003884	-1.9222736463765717	-0.1451532521312353	-1.9750194623753776	1.6624978787447728	-2.0622863295525997	-1.0013951368498148	-0.32664179939190174	-0.8160129155268296	2.3377306835078553	-2.997006219091426	-1.0228129434634656	0.5144827415517668	1.70975583206191	-0.7718764446607894	4.41706476959284	-2.0556465029513786	-0.6215057220711555	0.45757902675403994	0.026312882198974076	-0.6236740693239226	-0.3838262505898496	-0.003383197238701055	-2.1208092505180556	0.7701035510301825	1.0110145056985296	-1.1533633828241818	1.4513374003387762	1.8014902971153435	-1.014490455274299	-0.10653271554407034	0.5099110736836641	-0.018543729197335667	0.8543187541780606	0.635105670277016	0.1105889837682038	-0.8028943006635084	-0.45050319054101734	-0.43919699666547274	-0.37825725318513537	-1.2438652909547079	0.16474017492386933	-1.0328802420147476	-0.1308940149530211	-1.739086304493779	-1.1280196840467132	-1.3001524311237709	0.799351325649602	-0.17251366624055703	-0.27832044098657494	0.25301426518807324	-0.645901447086684	1.1006534718779433	-1.0392092270190396	-1.1375768377750146	-0.8047479563454536	0.14306204670649103	0.10638082588660959	-0.3653934478352104	1.0733282941055025	-0.2200586927972074	0.3184989849627396	0.0011183975134866852	-0.9315927450774407	0.8328488321824434	0.10574100418121753	-1.176775421168201	0.21472113702894952	-0.8707122560723646	-0.48140009366809194	-0.10665936574754256	0.8029287492164883	-0.4604511547124622	-0.6278083297738637	-0.1393392058140287	-1.028334902428016	0.23232050196994503	0.02470597044140531	-0.4349032125322154	-0.8897674101146695	2.0860403229704523	-0.3641358298531326	0.17438250226155083	-0.5155771767745936	-0.14095569635561625
DTXSID8020838	-0.06598675629318614	4.854598809942758	-0.1515805468192098	1.0975809580950688	-1.3466759644415431	-0.31618096482191316	-0.16113475848909134	-1.649991306311032	1.7914609129237438	0.9370022510753897	0.5634615939226059	0.24552673149344123	-1.1052597954701504	1.554070669348961	2.514053521618733	1.199683644718253	-0.3202084146793526	-0.21105155838999523	-0.6724086513268653	-1.1493328538426841	-1.9887768171022477	-0.43687624287780924	-0.15239356601498197	-0.7524868500943681	-0.6791090201553764	0.7402683117307605	-0.7794055954695092	-0.21892411597808778	0.1873425326080458	-0.30009052425430394	-0.38661932594462306	2.345686603440724	-1.1199475551955393	-0.8893163533885461	-0.3202136781392823	2.691876843258507	0.036267378580391266	-1.7619205438183128	-0.5476039366232468	1.349818536629125	-0.2346761292160579	-0.5489405591290375	-1.0502618582794976	-0.8322503368199479	-0.725033590856632	-0.8933230337440974	0.7209505687383692	-0.14733072800769256	0.5109520661811444	-0.5480721692928483	-0.15698270377535514	-0.28575979707081706	-0.7201686146035439	-1.0161801311675744	0.7235651998070893	-2.296917221799861	-1.4174638675081412	-0.9095798431087221	0.877845737697179	-0.04393064796491378	1.3815486896529574	-1.419079266724077	-1.0800475991633756	0.3025280466670329	-0.8256094527006284	3.0518076020355935	-0.13893038440679517	0.02484148720494857	-0.10584430615347624	-0.7117035520051533	-0.020392412345037945	1.959623694134979	0.7390949632319761	2.182595074093207	-0.13247900976348553	0.5325004587444312	-0.4367001666245203	1.0267471241173534	-1.0797862377494685	0.9374124411906138	0.2700044142405693	0.09643825988738304	0.06514629537941907	-0.5339626385209538	-1.0057188012288938	0.1794509414649585	0.5119865579312872	-1.3269660628949413	0.5446522331432858	-0.8957186740079642	0.2100266298621469	-0.07620912435373299	-0.03026973336150909	-0.6144542170408231	-0.3000571305571705	-0.0735140110540855	-0.5339233049478284	-0.38610334369942007	-0.09499507032808495	-0.08661692269394469
DTXSID2049210	-1.7313717831722815	4.489065621292835	1.1585913310503209	1.2088762017202372	-0.7496521264935706	-0.5476052521153181	-2.859928953791587	-0.6375802806837684	2.039987575526432	-1.3772678949920403	1.4185035676432698	-0.5385421611895529	-1.032727265726672	-0.6585909919936498	-1.3496049625996682	1.2060496562684972	0.08366331204977451	-0.18679268946712962	-0.6477738352158978	-0.5878441017087893	-0.4687329224935101	-0.15879184265531204	1.1982384805946098	-0.2955550770770581	0.014399272659055851	0.7940293375265234	-0.36038626509136606	-0.06525009297149861	-0.10539698764957481	-0.7795402754488171	-0.8346454022550773	0.4162714995455846	-1.0911795237941309	0.20892986452297838	0.10882275665310108	-1.014328550069205	2.0265429826909434	-1.2853081021728987	0.3023798955839338	0.47842534774875983	-1.735387477815287	0.4098772270655823	1.0191096282718028	2.0348850050366036	2.472069992146477	-0.3942266147052617	-2.4659161742135853	1.0641159192729146	0.948613114225867	-0.7084361567206512	-0.1448920563853951	1.1570666202134237	-1.3112431029957032	-0.36743527574991813	-0.14947890600131455	-0.8197738505278257	-2.0829824207660956	0.9965332979926599	0.5897442808804908	-0.6327429519378551	-0.6050451315624061	-0.0605218463355191	-0.14795332128481278	0.49690951817816476	1.3520904091419468	0.5054380340380858	-0.7836268892676674	0.3700817749217704	0.519347803991517	-0.9208074153380255	0.0643630850685525	-0.6078185819538323	0.3159882602909625	0.7434426587412538	0.6265867790328272	0.47915988392785924	0.8054796552990167	-0.17158516388887296	-0.1391669420307854	-0.02109726203388321	-0.27011161579009146	0.25147576740980515	-0.20431560839358884	0.3515748420396022	0.34349769147932935	0.322076349128235	-0.2511960366009282	0.1622975364303478	0.030017152841757353	-0.33577385237018004	-0.36217522615425396	-0.5067781875755958	0.1666150489070791	-0.1430933008433501	0.24222175449159852	0.033404699872561075	0.321638068361287	0.21952391164811474	0.16782392461462864	-0.03636410613776052
DTXSID4046024	6.458890549474374	2.2233585866638075	-1.6026672773731163	-0.4487333161258825	0.14726261688421619	0.5864537465743732	1.4662061791316265	2.7833906970708697	-1.532114902751192	-1.9806269254002695	-0.10372679061022858	0.5242035351008115	-1.4304742729330864	1.083666512147285	-0.3233407686633165	-1.15034709571217	0.5894303061813866	-0.381424135434268	-0.3265393580996582	-0.9651096590799021	-0.18630400511803952	-0.9005121981441111	1.9875953258387364	-0.4633589321605891	1.4675043573799784	1.5021634395426928	-0.051728814938238804	2.322629809365401	-0.00812198683356594	-1.2701746646712622	-0.8674449700709969	-1.3140924833349814	1.5639097920027534	3.684512336264453	0.5541254371123849	0.8304833839370369	0.8368442280913527	0.8913324307417855	-0.32816257576523056	0.9182604432920188	3.7540444128533084	-1.0566006335834912	-1.6718203459337135	3.8729955318044267	-1.287752246174823	0.013232160297611411	-1.5453678815326677	0.3848865435849079	-1.6398075735506021	-2.8263571645174608	0.11961108052282499	-0.26054198104176646	-1.9637098065320302	2.593779243440887	-0.9634392427966957	-1.5763527393414427	-0.4677034978682175	-2.678624554717107	-0.2996814613392805	2.828575409466387	3.249317670118599	-0.2716194984628317	0.3101071986672632	-0.8483345296912695	2.420735174269774	-0.41501343848391675	1.4984250386759577	-1.9088822163131416	0.31979640588072167	-0.6892302987758863	0.12558473094865866	-0.40198156696787096	1.6788315884915634	0.19792101203319273	-0.6725049826506313	-1.1073738445565142	0.07118175671012138	-1.2255858728803366	0.578411031424454	2.025366008022236	-0.4344647179979118	0.17775400439377836	1.7564217408681493	-0.24540329567691518	0.23418702464608582	-0.14611651134533393	-1.1542388378985058	1.0985327732555954	1.3696839273084873	1.0222924851761537	0.8502157717297205	-0.6538401569411142	1.1684352702336107	-0.2699519028515274	0.6055867470932275	-1.1266075645220914	-0.4818109374942963	-0.6361320917077199	0.12161282098130735	0.7463213381642178
DTXSID6042234	4.941690245720469	-5.995774253931069	-0.894862612890647	-0.908129448437048	-3.9051264776937438	-2.609505524563593	-0.8401144649377824	-0.704270915034045	1.0872101297417653	0.26683562612741707	0.7733221737788808	0.7832951968348439	1.6657133678407925	-0.46483890798373356	-1.9973501122928474	0.3734825360811958	0.3302126579625342	0.7018945511362477	-1.1906835752436289	-1.2158332097473201	-0.2590100672306235	-0.7046200664718631	0.3286672065516644	0.023861454116238384	-1.637061521768452	0.34085679165731586	0.5017367513940891	0.0034104974660407435	0.3396244746401657	0.012792412425203915	0.28886767039757627	-0.87015434936465	-0.40190230228951	-0.5376228991521909	0.252475961408889	0.14723627014257928	0.3395549681125144	0.8878606555758893	0.42301330400412857	-0.008891153259081479	0.15666765001169825	0.2937984163188074	0.211374432684175	0.08273381467209422	0.0014706873298475985	0.20608333281773028	0.1354742085545722	0.023297343913220303	0.1524738443252007	-0.004695443781207462	0.11929778803232387	0.4383097911678026	0.012649538469538394	-0.03002418042864735	-0.1757400464589761	-0.48003143151865724	0.5322678116900273	-0.24160720279285533	-0.06756911373490744	0.382648625223987	0.10433605996162025	-0.18087837047439714	-0.4006035248676883	-0.23599692617358287	-0.09764088905537514	0.5780515824920326	0.8283563510059544	0.7252309386252895	-0.20334888514066535	-0.22507620708982734	0.27518540881746045	0.04328694116542701	0.027697850326740252	-0.14752945894379876	-0.39147336920069636	-0.24945303242142017	0.10863131253988817	0.10370871279798934	0.37560703614758517	0.12282482314571917	0.020287784011093137	-0.3528836988900398	0.22596860863875465	-0.47881033437449355	-0.08783183830730949	-0.07299106258817394	0.39933450073712023	0.5512111580901401	0.2278497730604684	0.12657121543306296	0.24846422956847194	0.28206843443297563	-0.3822650700124168	0.5875922693777884	-0.5568971578536339	0.6628581177603711	0.43280586179785663	0.3986391555450134	0.3313359936810509	0.0742102485795809
DTXSID5020360	0.8244577247380259	2.729511986391823	1.23375780354025	1.98471553802685	-0.6502061328051681	0.8451385392229007	3.627017556056957	0.6935420853454017	-0.6219465633900177	-0.2632923433040161	0.5029772111158687	-0.5877001527576438	0.19656164222571235	-1.0433693073670633	-0.4469866929649096	-1.0496795619087271	0.40680191701173785	0.08537875863985368	-0.20741928266187326	0.25003036309911647	0.0373550044904203	-0.3143929242398625	0.7242769956555738	-0.13161648784794105	-0.24182800041470134	1.7080808575180073	0.6631599227074223	4.506138760510735	0.3492843431103119	0.6527889569707104	-0.29395065156723776	-3.3493824650107307	0.44893302236999155	0.21790494636401908	-1.7185664917443069	1.875283417510057	0.8130096568928377	2.4949042280189406	-0.2844660928469622	-0.39042465628303036	-1.7053517204813333	0.41298962125384536	-1.9618850803483934	-1.0996742570461635	0.3060460578120753	-0.48113337818425495	0.32958214934092805	-1.4043822396464285	0.3383998081306902	0.4237552674999381	0.4387451964225283	0.39280890005626695	-0.2550463284142389	-0.31516561935838344	1.5544624597242054	-0.4824442089462265	2.170175341246517	2.8777031958149077	0.9494693555634426	-0.04136015472377934	-1.0809219718337197	-0.03412292153021139	1.6477862055534045	0.6589060932029334	-0.3606957663777872	-1.0851270003495015	-1.0081017115372062	0.5084524129048035	-1.1208524472823413	-1.5769325447442668	-0.21017072876741366	1.138951343487259	-0.34867232684164484	1.0098764315037434	0.20251280271625505	-0.04569142745639532	0.5822507068397307	-0.16911373724114098	-0.04871352839813758	0.46589278324228356	-0.30183344213724306	-0.5054456876654859	0.375681059994113	0.6096532678984045	0.03994844141846914	0.2949622040041748	-0.26241163755326696	-0.09405346449047773	0.5250139519365973	-0.06439179297204026	0.9664795960543473	-0.5071442501310962	0.32676896207562195	-0.2719431956667242	1.119343421737219	0.5106825294923275	0.21994651633645462	-0.35872901679652763	0.16594661932471189	0.3064128364914015
DTXSID5049235	5.7322801063689335	-0.395503904133412	-4.758582691106721	-7.377346379906087	3.079034337940102	5.07401545259046	6.986058531683684	-5.58438905264501	2.6676509495468834	-2.7505188925155535	-0.9223858559864028	-0.669602789905888	-0.049012380957590806	0.19599764740896025	-0.46246373976203203	-0.9844240042591883	3.4735637155898513	1.4905034078296258	-3.428146660632752	-0.280075469823472	1.7196207853077607	-1.3091496595583767	-2.413048228202967	0.8640477125435125	2.8952630244005877	-0.10398335570770569	0.7023685705007743	1.029709693334902	-0.4409434025204987	-0.23823879651130034	-2.6440720339816925	2.0521082257845373	0.18488252330459945	0.05257511473416105	1.0291654437309161	-1.3584220559285731	0.36318701681837934	-0.11965452159414408	1.1147526987198098	-0.6335784823044349	-0.91916101003998	-0.4423690817461591	0.292025940105867	-1.5927329822614138	-0.5725360916174412	-0.055480326851869766	-0.4607413342203463	1.5367689266150835	0.022806498508129575	-0.3411574616506328	-0.4798615902912244	-0.1490779361448566	-0.6979511683180506	0.13543878028173625	0.35747752070144895	-0.6991699427060184	-0.7881137856095399	-1.0270599603716117	0.5379078207607747	-1.2737520526310657	-0.9377766692448712	-1.0763085526623557	1.4775368352276694	0.6709066675995469	0.09391190815842886	-0.2560880788115476	1.3055033909632614	-0.3283255574820303	-0.6909756727062178	0.3428694726681202	0.09523651119797874	-0.08956991675293172	0.428057878080062	-2.6034932433528235	-0.05350955983954625	-0.38240446700556396	0.4773175315579878	0.46941654450285064	-0.5795596255271918	1.4426566379392611	0.8672115787955127	-0.8337103498346954	-0.6013764001000562	-0.42812112144216957	-0.7225296590761272	0.22419221140167167	1.134370718666224	0.07141641800577371	-1.0251907258472577	-0.32793519129380744	0.20799827191518688	0.464593873384453	0.5367332089898589	0.07000194868634671	-1.365714096204241	-1.0221852168910093	1.2198127650680815	-0.30576820659245896	-0.4779805790061042	0.45328822764286447
DTXSID8044545	14.113618068906248	-0.9522636929758249	-2.816621986460799	4.941403825235419	4.956456184219406	0.5135669669048581	-3.9524248268730253	0.026330913961122627	-2.6126801156657153	1.725189837081703	-3.1963698767747273	-0.07601765520892916	3.2976641723335263	2.6267342894307175	-1.1293747801616982	1.7060828476349763	-5.732275172469292	0.2151256130592006	-4.717198332065752	1.4212095115260046	-1.1702386168539978	0.15573245974767388	1.8337918681061702	-0.6589006196998032	-2.766923078601448	1.7458279997693786	1.1417133764341487	-0.025678207786261478	-1.6871361840124461	-0.6387623521646144	-0.02764281257704104	0.8890119220010486	-0.43064304574704876	3.6806857452799884	1.2298479591759468	-1.9133351871633035	-4.075046201860255	-0.6235890571039716	0.5216681131740409	-0.10516255804868023	2.5379589026526337	-0.737225176640779	-1.2465447409101786	-1.0060445417256163	-0.3291609762554736	0.09726754090058902	-0.7349558917403093	1.6910035542046709	-0.278161668246079	0.577708342253883	0.22594198512709632	0.7740554118685392	0.7586256805780317	1.1777437942125881	0.6514191207992164	0.8123275498477277	1.4417409041886486	2.9284958587940344	-0.12097508923018686	-1.2657238494236493	-0.1961699583933152	0.3183181168192118	-0.38026075596473485	-0.24656954836032877	-0.6201572242803612	1.1904390139560146	-0.5711525187688066	-1.0765071613775277	-0.8654947532663766	-1.6889422039501973	-1.770009452687444	2.2812331190575406	-1.5863425046740725	-2.1145727210069203	1.0464366561934848	-0.7994570791982177	0.4338448025496335	-0.3000334860666668	0.20095966016044015	0.28799148689166293	-1.0124371902812228	1.15812984235558	-0.9972715123723538	-1.0337141449791794	1.267605020062059	-0.5149461326909585	1.6455776314343633	-1.6758950602084322	-1.0259532405285585	-0.1393937446471249	-0.29709469456756393	-1.1024703150645556	-1.3598804224907128	-0.5799030375142865	-0.5864530213864878	-0.22452276532073734	0.03178681712826815	0.6460249019615544	-0.6904014972984993	-0.24996761040745685
DTXSID5040708	-2.584212541034071	1.2808631527744196	1.6065505248685625	-0.29860277457432927	-1.4772814190238053	-1.6392504488338708	0.18962374209610758	-1.2457534553186043	1.3952923076550037	2.962464899616518	0.6804042542538195	-0.5825151093830035	0.006437405697491473	0.2974348808474867	-1.4501186402298554	-1.801010435658437	0.16453789174369252	-0.44738863918067684	0.08116500684180555	0.22627680379792894	-0.2821381672083199	0.16107283272042017	0.7515701343771624	-0.23821896122518502	-0.13212165748957747	-0.09302441317974382	0.17995939489447219	-0.619194148021636	-0.4107515260544882	0.7637589507065585	-0.015896259421210285	0.025011337945174267	0.5828660006998163	-0.1271186212835992	0.06011077163925197	0.059592976601114865	-0.407704307461284	0.40316927098752514	0.11917772662312683	0.3767685678039198	-0.0431142904233923	0.15642074523006833	0.220279951595905	0.1035476199991051	-0.14649596818164917	-0.033548061732209894	0.5620333731272855	-0.15525326785676188	-0.20111306573085524	-0.256322559532241	-0.008875984856994689	-0.02252830255754787	0.18042754934779584	-0.11813341286232411	-0.09743846350809351	0.030481339346370078	-0.07744689124794711	-0.27600916646770013	-0.217563483560579	-0.4952993412212872	0.7781756551401772	-0.10103094190844955	-0.41334410487850604	0.005329653048508313	0.6249586983329077	0.14470691764103893	-0.03368400518239894	0.6875422178407201	-0.009005990945825205	-0.09717660216327079	0.07984499168943594	-0.09806759614142273	-0.1477980195782909	-0.03972981880325514	-0.12782404917838952	0.012440222380339502	-0.19221064500538212	0.27183691414799205	0.05363986891710649	0.02328725981777784	0.23202438107773632	0.17220328646898925	0.2630594669207818	0.07599424335532841	0.2625589443069084	0.07138871693108684	-0.023768196025554727	-0.2310120559187109	0.46386695705128284	-0.15462805933414445	0.0930852317313924	-0.30317375574393424	-0.16275570037938525	-0.07030265816877021	0.08936475803182582	-0.023384217306215777	0.10744359657062473	-0.140103459382593	-0.05127920559310874	0.4396522659453945
DTXSID2048610	5.503368786794865	5.157860854363892	-0.48461294002682315	2.0190659581777717	0.5260458692976568	-3.209820281172538	2.2861978595681776	-0.9670573012302994	-0.9863701767510608	-3.6886698160975717	0.39821065048505594	-0.8472277322275525	-0.1980738499810364	0.9220175847382953	-1.7641318390707899	1.0747227367885497	-1.404375762532658	0.3372761137640067	3.2520848556482105	-2.249122891187125	1.5346426570878402	0.13031663880330346	0.2091063430533821	0.6897885206040446	0.25516170882289824	0.12494597265434759	-0.5710176603579393	-0.9728376599398858	-0.5260572102480422	-0.027383481072678507	-0.3723521441250916	-0.8389849782294199	0.29526980035234984	0.7171616613133168	0.9387028997065175	-0.5130223172476327	0.7729467342390396	-0.41377176720542674	-0.10968123923763688	0.7845018670358888	0.9425857364266855	-0.18134078055688774	1.4568520758508408	1.5835321424960698	-1.525993729153094	-0.9588984145540553	-0.5893639563819892	-0.07805184319245437	0.36172919901482586	0.34282127758127456	0.46709241849845234	-0.3430702974081955	0.04316642848246882	-0.5983514971978857	0.34982495324804075	-1.347053647673949	1.2480887632616235	-0.7103446840206878	1.5286300468894116	-1.5320346803614777	-0.12494018216980281	0.8534721385768094	-0.6683662873472014	-1.9675649789172458	0.2958324289548686	0.4079049178236663	0.8152494501403068	0.9757913466391321	0.9664925916604866	0.5318502088651785	0.16390842347859091	0.08642603788525727	-0.5752015072263438	1.3914386211121719	-0.356722673224348	0.1977884550948222	-0.731150183426457	-0.9865823137617578	-0.6855421560595056	-0.6039496983937707	0.09798449821035622	0.5346154106372741	0.6899198147575379	0.738776660013858	-0.09272857472256982	-0.36763044414586665	-0.039942796365673904	0.33299561043085313	-0.6911546895486566	-0.21503784952398144	-0.08300108799630324	0.6320071057417928	-0.49162488732664944	0.842771596378987	0.011680648965254942	1.0374230727903464	0.5435035324287508	0.26961976858677505	-0.009833678962450148	0.826988672400235
DTXSID2034091	-5.667130969117547	-2.578220589882918	1.3902939521100062	-0.6241165241958533	0.7567032322464644	0.45276461912873306	-0.09023412738509742	0.8144967343378513	-0.46678320439005594	-0.4563096553740936	-0.6051588800222741	0.06144170276627235	0.21541333519286926	0.24252986992909117	-0.20552681326210442	-0.4613505274509086	0.33727762950383733	-0.21761112351519135	-0.3198783786634616	-0.4068933696644201	0.18565194129764287	-0.06734761190430943	1.046920901399696	0.050822638497545335	0.07752796511836471	0.3894509111810679	0.08051241220967698	-0.49482394657694895	-0.13322732077523375	0.01929964451258969	-0.005714131000395501	-0.09643076696765786	-0.01896047541918608	-0.6662565037712076	0.4871089130230438	-0.09978079817574355	0.3963529823630142	-0.0010890507080002815	0.2731455104770118	0.5683374016896692	0.04731366301659365	0.582606522325095	-0.3562930308078432	0.3248251501950681	0.02712911493365535	-0.026248566444207276	-0.1334710361118141	-0.1442170512231	0.12478967609110278	0.23525438167313184	0.27679262924132003	0.0842629236812579	0.26252573093538595	0.04490715788889104	-0.1649351961349677	-0.22148120959529236	0.35594256348626446	0.16473387686680044	0.12105512494194681	0.2501451534873352	0.14234170855010034	0.2702623067932329	-0.2331613722359385	-0.2419380924918998	-0.0622809185079683	0.29552606250254687	0.19171750620328346	-0.3054732846089426	-0.13428773514630446	0.6486390747091715	0.41027711424096946	0.5257327770267057	-0.3299382645897018	0.44347473827229406	-0.35770962272825435	-0.23417314089153618	-0.5589106006098581	-0.07020934072124102	0.00611934118461704	-0.3718537718326113	-0.1650674020307586	-0.6399377536216418	-0.029572348535545676	-0.5308287804134076	-0.2946105439824566	0.04643833169303644	0.2523565466875112	0.031317351290059255	-0.07685824864208847	0.0026407472671387904	-0.003018496143703362	-0.0001628110801273015	0.05782636251515204	-0.05285054480056087	0.19552459856165316	0.22392815994044235	-0.0540730494959449	-0.1861759912618308	-0.15469258128211755	0.22019988449297023
DTXSID6020646	-7.2081102726067785	-1.1862589970071702	-0.3157173832893036	0.8331116440431746	-0.7654796929573415	0.3939018818490049	-0.1186228591435363	-1.107436471637704	0.5236540971719255	-1.5165038238074502	0.4405644637265153	-0.3949072114639339	-0.8172052253602576	-0.541944080010905	-0.8173731209770881	0.036856738012634345	0.22191380113833087	-0.473994316441754	-0.0921130078965429	0.8578024237942684	-0.47110770045305317	-0.3924593535128366	-0.1502241154173253	-0.08096374030099493	0.28789610845088026	-1.0675116740925121	-0.5275416723735621	1.343252331165906	0.7476579219641728	-0.5566096898580959	1.1556307407357518	0.24394184749583567	-1.6492328900909679	3.044144720615665	-0.28978598630332564	2.6775071292622443	0.6816712938545405	-0.39413838353336655	2.750903451409661	0.588671865733681	-0.053971873890552045	1.4023309648940616	2.9504862255828685	-0.44094628881681247	2.086953093283493	0.48175500880556593	-0.16267114672416808	-0.189681827728946	-0.9039863419310948	-0.7996388361600218	-0.47421851307077706	-1.5991660101487277	1.1318538592726708	0.2581027525720692	-0.147187631667579	1.5431943704089783	0.547742777083669	-1.4066800978039933	0.03051962922358758	-0.7196120342646866	0.971571811582815	-0.821924217797424	-1.876804168665935	0.25333403913267627	-3.341721905310042	-1.7331864937098758	-1.3730116985708378	-0.5675989325826591	-0.2688875411548089	-0.7253364455676442	0.5381054302338492	0.6607338868626749	0.6705911119001341	0.02173774013992054	0.11619615012672702	0.4213508787020797	0.5051272996050058	-0.32345321769233293	-0.5863758785508375	-0.0216386277090307	0.3501351682673691	-1.1238871588055916	0.19515236112900672	0.1092336488757177	0.2251045194208336	0.5106986352137488	0.2575028219867937	0.0493846188546783	-0.08450896695072263	0.0220139470813148	-0.6528646296535873	-0.11243874989158123	-0.22242684931718426	-0.7973466079583431	-0.0265475773206131	-0.618146589430452	-0.29442587631483835	0.18999926723895888	-0.08265292899381174	-0.15293133260119218
DTXSID1031096	11.317357163122615	2.6675901515917695	8.921618293299904	-1.9163437559975596	-1.1552631501286823	-3.220478197181563	0.8892474106629521	-1.5985996678217753	-0.033412255583825566	0.9393612253528516	-1.8278589244313785	1.416522260879391	1.6946401639957496	-0.1495661974848198	0.305855579262349	-1.1207989557312132	1.0057619982590131	-0.39503810472744144	2.192395768819784	-1.1338309149794255	-0.9492857224409343	-0.24543551584216416	0.8442145523131264	-0.30704636244481937	0.9311725269383402	-1.417926949391338	-1.1229107869864494	-1.4347720273151583	-0.007907919530604726	0.35330412482322676	-0.9917408793528614	-1.1587910128438124	1.5783384802398561	0.6571288890327129	0.5530047802100306	-0.3041054144471429	1.6475620126292534	-0.5911164713012705	-0.04905197733025282	-0.7420738607304558	0.6111365031324789	-0.5517404836570197	-0.028408287979386444	-1.7302932946684582	-0.2070392883034556	-0.09111399679514703	-1.5374785464506018	0.9677583242867905	0.052889432254926254	-0.059907221707271745	-0.04478642566839606	-0.17900456042509508	0.12038364615300481	-0.03802934643375358	0.44083974290905353	0.8689307667897135	1.143127266340536	-0.06905572861286187	1.3503896529192194	0.8617653100410324	-0.7055668210228414	0.6075297435815731	-0.23631635587566902	-2.017849222541412	0.11387873506775216	0.617128093439708	-0.14220532166253239	0.8605663371303242	-1.0285515673468768	0.7127964940352355	1.7331011112913226	-0.4475345826422181	-0.1211854044773953	0.2857415867223704	-1.561995099264349	-0.5134040016313264	-0.4872780740430138	-0.2509827048766341	0.917691458823777	-0.8822558236144988	-1.1532687202851317	-0.7347648350662653	0.540266450957288	-0.7756439207265465	-0.18059707351313045	0.019419843430089723	-0.4047827933148309	-0.6316361163274603	-0.9590573334493262	-0.3747908522241627	-1.0099727335645665	-0.48308575283430133	0.3928667845212582	0.43443345548180806	-1.6092035563020612	-1.286171211159318	-0.8546213594104493	-1.1404147090195993	0.8816891620899416	-0.556267532108253
DTXSID7029166	0.43956877528388794	2.0152475053570664	-3.0829575993785894	-0.4742244934517561	-1.2720715588118663	1.3479066868602598	-3.431699817880523	-4.410022854178005	-1.8974685107014502	-0.9260021741812179	-4.67559454159864	-2.046470876778135	1.2448154733653911	-2.3205149157010583	0.7908295982142384	-0.5470030204749595	-0.840311201750769	-0.8894324989655584	0.046864566624087944	0.26450423727206296	0.9469145644617779	0.2987053028434961	0.32387936196882483	-0.5067186767020037	-0.3095956788645999	0.5355656227997615	0.5540754602382073	0.5885748558312209	0.09128495356162075	-0.15746666757796318	0.5187933062301203	-0.10264409092249972	-0.058380749251519155	-0.43698714001504635	-0.3761726043148602	-0.47047497028670426	-0.6277241680701544	0.5936346291725023	0.3511245098579427	0.22009016941429269	-0.07969930305506835	0.3757498575083839	0.08347957787795614	0.5782551130618105	-0.09114688529652132	0.5049464939393812	0.1012655897434691	-0.29659147736151675	0.23644905405010094	0.33017148521658407	0.20362227954346526	0.03135899372916146	0.34202766042827	0.440692440759601	0.050916907427128115	-0.025753515202899667	0.5681514342945003	0.00038967016220246603	-0.22483828946253404	0.017597828101069513	0.1861241361994132	0.3591067152259211	-0.19688148447931675	0.2619182312183733	0.227051539680528	-1.269918444075129	0.04798274780008696	-0.6356782190264813	0.22704794039776893	0.04181704613585153	0.11178765921818924	-0.7037768649136443	-0.16509226740111857	-0.4041523096838508	0.06572383662287869	0.1895501255305697	0.44182783133789955	0.20985719644841624	0.38883891092694606	-0.16609303699656472	-0.04091302393213565	0.3276980945802321	-0.0470525167540058	-0.040680228939452785	0.7229440289163315	0.10460558808526284	-0.6488104669858102	-0.6995798378374155	-0.16594244221941057	0.47987565491948964	0.5140135401897233	-0.25616643991048504	-0.9172749697163209	0.5195669460252734	0.8002958941171465	0.10087120520060747	0.40252133051987155	-0.014407374429427303	0.5580490576032074	0.3114967970029854
DTXSID7047512	-3.9243111556522345	-2.405522754555689	-1.0013966698430592	-3.316313693720893	-2.238235306001072	1.707481052695396	-1.6283008719156389	2.5896476146756613	-1.384712716114748	1.3336362960713866	0.3694675011834041	-0.9631379628520442	-0.6428444491768058	-1.8327224003507718	-0.16844188290020096	1.472423880762871	-2.3458937464192706	-0.7459704317851255	0.09961607593818977	-0.416954054426258	-1.0676955126104954	0.05094879199947902	-1.286314821752695	0.696446548564358	0.7527751426514404	-1.026854603224612	-0.84784372137673	-0.3709923355823412	-0.42392168025159144	0.8169601319615694	-0.3432240185411731	-1.788333451446414	0.37974331622498847	1.2167200076036842	-0.6663021043109603	-0.05829727328490444	-1.4494321910786983	-0.6285168922538287	-0.10408409451419404	-0.2139491400130253	-0.36642974097029385	0.2482285319228435	-0.24529979112716416	-0.2961524296374827	0.7272056011855172	-0.14711994575011805	-0.0024928810550202064	0.3992996418946757	-0.5211112863248158	-0.46835235683859616	-0.20580185427062306	-0.5333742520947794	0.0784382296096302	-0.19086122420019733	0.34197266536980797	-0.5194891497404795	-0.17757263149126043	0.7296092013371731	0.2818992358157556	-0.25375544576553355	0.6087960834981989	-0.0499338737041089	-1.1167422834811165	0.8422233228573378	0.706978637790126	-0.0383475631122752	-0.34907598430696485	0.0655444287565583	-0.4432710382204528	-1.271029358508279	-0.8291253137479312	0.1494186309053363	0.24208501430049492	0.21033224514040794	-0.5109530749633256	0.05683354234977709	-1.7100751334844055	-0.4759756960910913	-1.6945075456846912	0.017481390683077237	-0.6294221232125785	-0.8273242099080204	-3.502116081034116	-1.6489781292168766	-2.381395297262823	0.2733687432788927	-0.8560346899296294	-1.5312846897936139	0.9051061134309158	-0.5478339029679622	0.7046661861088241	0.27129801791050495	-0.4695108634964434	0.7265709483223715	-0.9532870317025659	0.759300508117307	-0.04525808281574404	-0.14487239019107848	-0.4729520839684713	-1.3338459448521758
DTXSID5036684	-1.4052446352042203	3.791887775125856	-0.3890192455377996	2.1905950939455385	-0.8123431534923478	0.3943286567622746	-4.3119418204875	-2.2952035139423432	-0.6491055629559435	-1.7562557332817357	-2.6415970834435276	-0.6295911899439607	3.235942972257951	0.24125768060075142	-0.8595078736226237	0.48425123524284397	-1.9559729013253369	-0.03608355986699601	-1.4067148849572362	1.3438066417538572	0.6939132925855919	0.7099884435640238	0.1268921521259094	-0.42854801878663007	0.7965154982905214	0.7709301982553969	0.7117754266470899	-0.36628914258584755	-0.1505383489269278	-0.1856749999903756	0.223126687531337	0.04954138072893185	-0.6005945994785337	0.18833054168347285	-0.17163437190855932	0.027558390365246002	-0.9481463421830695	0.11462175510210763	-0.4467878557442718	0.1591752539010136	0.3380424631203276	0.15948658341261743	-0.0862131380767031	0.07402169711815879	-0.14893003777190925	0.16015237671614616	0.26851626100120807	-0.11295686743346366	-0.33728198737524	0.14174567623483886	-0.13743698353255732	-0.13089357922611367	0.045333711354564515	0.08083966683775058	-0.04747289032110527	-0.16097046495502298	0.012320623445032467	0.21887452376593336	-0.8032625342585624	-0.5965275214388669	0.030056200362049583	-0.08570210558044787	-0.033032754198002626	0.9419142234734222	0.1677234756603233	-0.5917528633586847	-0.1026840143440229	-0.07069786534005204	-0.041288817356633124	-0.7745603541114093	-0.37312086105108433	-0.653894054359488	0.5883295524867993	-0.029254280185929293	0.1294740992655029	0.5481144226559322	0.6928603236259365	0.20104639687538986	-0.05714576703557296	0.507697679421327	0.731978752880181	-0.4077561909119602	0.010937195096396518	-0.22230569452270935	0.11842987760645601	0.5238067647940022	0.2791032705312144	0.18881330995266793	0.028476307520082036	-0.22385678236433798	0.19276259121289918	-0.35784037487695625	0.2061896373325862	0.0033523045730024714	0.4138129221866252	-0.19378314360128868	0.02287921721351071	-0.08556012940640004	0.5415326231634695	0.13895473285255588
DTXSID4057689	12.79767437992896	0.8216195936263997	6.562965328287751	2.0829627946649287	3.246357472984822	-0.20546907180717866	-1.6205290846648985	-0.012809128285952629	-2.103571426394651	-1.4405841074859123	-1.7084084941885287	0.1611681936599844	-1.5533961965352645	2.8507035361374333	-0.7772201619773079	-0.642966708429775	0.00374827470569409	-1.0336438847032656	2.815508378918719	-0.9191788080548737	-0.17124631615181282	0.39741360287167504	-0.32993415239347185	-0.15461014622840422	1.1232487306318115	-1.0823148209597213	-2.3756513127045644	-0.19376895530740795	0.13968425955129066	-0.7077681005909076	-0.954587000434909	-0.8058406067324198	-0.1660381984513114	-0.6674347608224174	1.2642742631421102	-0.4939860697218754	0.38618126152836685	0.3506533885058645	0.6036497793849513	0.4985674204893213	-0.3757108824870883	0.2188048321800076	-0.17011884201080202	0.4777688095686722	-0.8830389447607188	0.3894700216942229	0.02213476561106879	0.23188499986416383	0.17355232390745548	0.3521286654063619	-0.01945985530378808	0.13748726556485558	0.12131508611361796	-0.45590036923431104	-0.21035126634301138	0.03821969918267216	-0.9058598595706878	-0.21194991149874481	-0.10869513937120681	-0.1919790278556049	-0.50350464609859	0.681063457824547	0.6979172296729158	-0.7893775479700872	0.6438732470221313	-1.9207456319434815	-0.10812254609192555	-0.3716576570848406	-1.5118261798048598	-0.3942052708304058	1.0603585489966545	0.2030641751188859	-1.0501126508042886	0.39870288680493865	-2.2151481348449855	-0.008256391226998212	-1.150253495591233	0.5518648912610469	0.8567076126153641	-0.31167928653958127	0.8355276508940578	-0.32276887987120456	1.4560763562911774	-0.7806003333500047	-0.54285163755936	-0.566490985986061	0.16393744798375492	-0.08972875776981219	0.3353307418574538	0.7527126793614517	1.5633239534570078	0.5225493573180289	-0.14027976766641634	-1.0296228265242533	-1.190810020325585	-0.7093641626002231	0.7308918569263667	0.3157787178727722	0.4573144982356879	1.0218159420107717
DTXSID7032474	0.6308014347819292	1.2311957413926147	1.1378904440595743	2.2482692308355086	2.9754720070277223	-1.0714955168278097	-0.06015727377050611	2.297505908352286	4.033236931364146	1.6876862118887894	-1.514577028079936	-1.8118476638659047	1.6289437679743966	-1.0288771623447897	0.9611324622457929	0.21948540471732547	1.0734175119882707	1.0861164685692288	1.3056122299206765	-1.6106974986286915	-0.6316925618553391	-0.7162443785169804	0.2687087485733045	1.088808093660466	-0.6794539451566773	-0.13329378507215603	1.1664703720569296	0.7321398503180431	0.8708394340567865	0.11924674816194122	-0.1859167331242159	-0.8044988533640581	-1.1282326712861332	-0.5295437446173497	-0.18253254718283074	0.5741958806679933	-1.7338240513819374	0.5021075808900807	-0.7612523354356976	-1.371390025711532	-0.1148523829221096	-0.15512408295907149	-0.17483081524624774	0.026393180884191722	0.7143024782925178	0.1369580750742895	1.2811676323172239	0.5106497440414874	0.1339476450379547	0.17119704552525586	0.045996685901233736	0.660566826612801	0.7806780553322681	0.05786894301785482	0.3209158502647555	-0.9851764532192623	-0.6737027169259114	-0.2349676479254536	0.582743409092814	0.4317323961729785	-0.8757823284237057	-2.7497285441451726	-0.05552026343124413	-0.9651654913334947	-0.41195244389992686	-0.6325175498727759	-0.22832322928173665	0.19476853721693718	0.7966351787360979	0.7502752446205058	-0.3623847251208934	-1.0929563491070688	1.9696728566016062	-0.09994096463524499	-0.17548696509107664	0.45293075848408837	-0.5588913403878817	-1.0698910075241124	-0.4605882816813701	-0.8876776963277085	0.734021204438961	0.40879764368413013	0.6719522568632676	0.6144596962986797	0.04138697756583976	0.4919590288965904	-1.3490241801702372	-0.0854638500434405	0.7629571138213208	0.4262906829606519	0.7897220583280191	-0.1272353567737399	0.17448724282726433	-1.1311392754194292	0.06484942153741789	0.7033039112940428	0.3485837467780816	0.2572043917757377	-0.5699954929146668	0.12131261531861537
DTXSID7021233	13.709024619032911	7.0303771638384305	-2.141076099473293	-0.6637708519572983	-2.446321636285623	5.429609488444091	-3.1653087044217423	2.7719450731987463	-5.288221383285672	-1.5724472004796808	-4.757051829779393	-2.019049397240113	-3.7255806718740185	-1.2137160773526299	2.64752614898479	0.582506483428256	-0.4532918568390103	-2.61073073304015	4.511709475229473	-0.6433100271906081	-0.919489285150298	-1.0746682151865112	0.6999100656718135	0.8335385582038103	-0.009803091217863498	-2.667202978775758	-0.1854264357915525	-1.797326153251155	0.34632601876683766	3.036312512581075	0.18535584641438715	-3.8862083849863778	-0.046526383959372065	-0.04955988133957031	2.9782055390304594	0.08738580194540853	1.9257722483367061	-0.6734488811155354	1.0393905455770034	1.4667900246672134	-1.5792376424180385	0.9511922278057056	0.6732725713197397	1.993088358490893	-1.6298749576515956	0.5967103924182279	-1.8370901417751688	1.0456482366975766	-0.841728499041083	0.4910884759718441	0.49937418350094825	0.8847999658231414	1.1468541480867012	2.0915646440720126	1.0661317844613716	2.4711742120478175	2.530810503389933	0.6195222438746989	-0.8105546521000633	0.8872560923956435	-3.0016014652859577	-1.5163978945061978	-1.331023463488073	2.9736342100464275	0.6179746661741959	2.734218275365692	0.7176764211602347	1.2374555612571476	-3.422852462454774	3.672021991104791	1.6822130310214234	-2.404932765528416	0.7710710607074551	0.3206797374697328	1.9607704538841046	0.8103603574074236	-3.8164825597897267	2.0643989943468415	-2.3714067676483928	1.1217260151708144	-0.11127403925589832	-0.03530517014841343	-2.06640769826192	-2.2647678016769555	1.2790794025341392	2.2573896261297777	1.1645238001913654	-2.242813034064283	-0.7503726965280478	-0.15221844512559332	1.5304084821038542	2.3300950941786476	-0.5449624169277357	-3.682361001462044	1.9793937528803995	0.6428071260412644	-0.32787766159150245	1.0588880429324454	1.6856136440825988	0.8142439904972331
DTXSID1041423	-3.3784445179209732	-2.3754978056507787	1.3486624383703725	1.0279604413706724	1.362740452976307	-1.029218248594978	1.061158423413772	0.9891539774812232	2.0965296435323615	-1.0774586173882246	-1.1242507346042288	-0.06597842905626282	0.08034816085803609	-0.17767314541613527	2.28413636706031	-0.9573048852435743	-0.7585933169119768	-0.6033862580201573	-0.4398215901157848	2.4662160538966114	1.4594294180801899	-0.35465586119597686	1.569462161032516	0.7556802675546883	-0.42678844656723347	0.013271898313506657	-0.4643774077056221	-0.5720731366988463	-1.176366523921206	-0.21408040092681851	0.518861541957106	-0.38627428577677436	-0.5333978193837433	-0.5254880068972538	0.31737961414676186	0.08563753304787103	0.8765256959852025	-0.3827288327740139	0.03727439143825657	-0.028439686774032538	0.37415207105120885	0.21873402569594175	-0.9904026996405596	0.3986476528136162	0.26442895180565223	-0.03175313252671884	0.39829780245620316	-0.2835135133513966	0.04852523474570853	0.41952448667790493	0.15798273943327815	0.2352821622177064	-0.13696165964206225	-0.040235689770616215	0.07012429136705842	-0.7094964914186254	-0.32345827319425646	0.05163170895476277	-0.0038097971536062065	0.2524237089780754	0.17062345584240757	0.6889937966391843	-0.3663915092041563	0.23216832049372538	-0.5458193712761609	-0.0372873522239533	0.12724628572683158	-0.14106675789536038	-0.39600017832437745	-0.10335157514497603	0.3814558604378108	0.18754580116577782	-0.472377760982347	0.39214170727222025	0.04758003540353318	-0.5515837119298302	-1.020246629453591	-0.21595866478974984	2.4866397074034476	0.06228975170793573	-0.13448969313911466	0.00955211829744887	0.6330208250901522	-0.3056070292512052	-1.5366049006850868	3.6178555666284584	-0.44191756155428347	1.6021805984040955	-0.7143725726555284	0.3167843963737314	-1.4492635152823607	0.8463056214799718	-0.44871007996229306	-0.45406644596739715	-0.3472103572695175	0.7966628155016909	0.3599317729655891	-0.01994555332206113	-0.12930940737163296	0.07369273791876388
DTXSID0048848	4.214696150628907	-5.107218215321869	-1.8255521145230118	-0.13330251496940584	3.5751449906094037	-1.1476664346100902	-2.889295965205527	1.733104575754812	0.3779053753283912	-5.283296300499823	-0.4868770282157677	-0.4941068848271029	-3.0822621890963444	2.5724416741166096	-2.6625046168740574	-1.08872615701713	-0.19217186513020887	-2.648148994938709	0.4798614904665005	1.2384142708227786	0.9026041737259426	1.8565600978322618	-0.6050474282728098	-2.20642647565059	2.889843776362376	-0.6965571680603466	-1.912205859986142	0.08381493186782793	-0.9183100554598103	-0.3266640640099574	-2.672902569762519	-0.4832650652282362	0.3250254553097437	-0.32444441689222336	0.18241156522292507	-1.5703829826439242	-0.10338537687683041	-0.6755414745494989	0.7083228857413182	0.17280149445358442	0.4182299169031539	0.2540116275422551	-0.5115937944091705	0.14738231782216307	0.24516676415734692	-0.07409891088451859	-0.06120779319600158	0.20719549570961726	-0.07630428379829798	0.45391954209959645	0.25912245895369634	-0.10072459584228187	0.6452238731458556	-0.38332448913228007	0.19808047656318	-0.3204200820627946	-0.39728914229198514	0.16178387964235294	0.8873851269576529	-0.08824680928801358	-0.06984996624795753	1.4108622977465382	0.3300085001925669	0.851153299465641	0.6543506578907357	-0.9441485082027391	0.02250762978000692	-0.4940481686936735	0.8375689444008778	0.5986389311033558	0.7680605989000291	1.2604603504608969	0.41440077038201983	0.6929320557392876	-3.570718964445181	-0.7232456071574052	-1.3288737729483993	-0.776945799018091	0.7435051570106286	0.08493683641161473	1.0144163484073694	-0.8097448106226821	2.036549943382114	-0.5157103398174715	-1.9651371567206093	0.18681849617090543	0.7216474420285215	-0.30726944334136597	1.8548045219951046	0.05786210777557845	1.0160016140962698	0.09221378332553186	-0.8702963153181469	-0.87566730735215	-1.045606584712165	1.480286970287843	-2.0539706458175444	0.14068935225209242	-0.20515676975466868	0.08012544934853669
DTXSID7040152	4.086865680390738	-3.6646983256243835	-5.135498614679196	2.4576614540671518	-5.121038544068475	-0.6777766549547011	-4.101764340158234	-3.227258374887323	-0.6149259529929915	-1.0103333402215966	-3.5837957026510785	-0.004227450802175954	5.130531370428383	-0.15341983117396227	-0.6829223079142347	-0.06999215845966959	-0.9093263213873226	0.5657470644001599	-1.3479196691926287	-0.31463817178893744	-0.06436229242756832	0.05680706343214075	-0.4191945266497204	0.02328450372637121	-1.1953292010513734	0.417586054549445	0.6254448124116059	0.06842718981969186	-0.224371598101977	-0.20641163730187528	-0.2113994724835113	-0.5175640167363033	0.09258211117161688	-0.15774961379584843	0.4800997325392664	-0.6318700221611235	-0.3979489891138416	-0.02779821537591695	0.2709861246388079	-0.9477667778972348	0.777112649803377	1.2556261639078012	0.25145677036089564	0.6335197622559241	0.24234656828852127	0.27513434649785595	-0.1955413177402853	-0.3296435171849755	-0.4182386389217823	0.15367162531273026	0.11569783713598569	-0.24027395913078028	0.3673736056619437	0.4344718554487382	-0.6490551050872726	-0.03179397130645858	0.9987974125411122	-0.09978797179445831	-0.3065982429139383	0.9218312586477734	-0.38470198978702963	0.5742096909459427	-0.6557495547961155	0.15658634179650763	-0.21402650893814382	0.22461650247520212	0.36576435026633813	0.5335337679579524	-0.6260793051492987	-0.9619494971629274	-0.03629797501948438	-0.08396667316489495	-0.44333512359012633	0.779491016907595	-0.7400625258437391	-0.0028895789971116245	-0.9448834068396105	0.28390099836450344	0.008901355423027576	-0.4302593352578943	-0.08023014010282459	0.17954846304024463	0.6808852581569055	0.40767985533676243	0.09636045367893158	0.158666419085911	-0.33562460384436443	-0.3920437259412475	-0.35857975378757573	0.2484223957623799	0.18339068549635673	-0.26093792383584863	-0.972597045686007	0.10761854041753162	-0.6450442398634997	0.09089100696530182	0.09253263154815361	0.0847994283544572	0.47339372909715177	0.6294305188056197
DTXSID5021120	-4.094545398975731	1.1625789575396035	0.6922517575312944	0.3783528599873826	-1.5228556806613978	0.26849375461320935	0.029365841240494996	0.41005658885184876	0.30309390963251387	-0.8840035446705696	-0.5823364845501194	-0.006302508838421378	-0.7371232463509656	-0.2829295160470054	2.423573435465149	1.1586535316963913	1.3859877393534474	-1.8031548301485159	-3.9904564244910294	-4.1371802665571344	0.2180008411191365	8.979587228034516	1.3931595548922688	1.6145391141084537	-2.0735838702550473	-4.843526764417523	-1.1068768758165615	5.071056885225985	-1.9627935715259743	10.001604131041518	1.2216239192318188	4.479937348157185	-5.848613220495603	-0.8411388404882698	-0.2479302253637832	-4.217554333273108	5.319514766845399	4.625705599084333	-1.2624910725699126	1.5227171945287197	3.2852595569397756	-0.15544528736316984	0.2767010927831697	0.013522203415671563	-5.348566243000036	-0.9396502522463472	-1.3895158954035902	2.516232948167815	-9.073292200620083	-3.179421424583639	-2.377809657156878	-0.17682761844147912	2.30127535197428	-2.062111807365412	-0.3427458338013155	1.006339835682761	-2.5711778433081833	2.0405237400721656	1.410396561079251	2.9902663024457716	-0.8369832656308597	-1.7541587540602521	2.6532490535476363	-1.4941309555942404	-2.250543500715704	0.3560053384986575	-1.60593316286757	2.031117338762478	7.061919015753826	-3.4290720515075823	2.365372838009887	-0.30613853291789717	-4.289582824080155	-0.6698696374151933	1.8709678486809749	3.6657836033464912	-0.529581945832423	-1.0854553673059595	0.6936095887181818	0.14308898595213376	-0.5592769171723188	-1.4482194735652054	0.6368011832869055	-1.4300921127188082	-0.7385750734424249	-0.11327577886752596	-0.30780080278042066	-0.24790454393198602	0.6257660862684644	-0.21481332155042995	-0.08444340684660906	-0.36083161261174573	0.6626490923573648	0.33132195927745844	0.022079098697679995	0.56888118617234	0.7411769699768559	-0.5139163920664737	-0.38945285385307715	-0.21567775519607232
DTXSID0044369	-4.976908932531046	-0.14166896211836516	-0.856275629045442	1.2520887759904635	-0.18634086632077904	-0.8885472599132667	2.055205812206868	-0.14402534105712586	-0.030889773336849058	-0.8239536202264287	0.8587708049959939	0.14398049901051177	-0.5502232104222539	0.8980468891339602	0.8469296528204765	0.5853274167704792	-1.9032810967524394	0.1772176750801189	-1.0877685923527844	0.8299143271986781	-1.7861993775509608	-0.3026333335242145	0.08914315604680208	-0.7002714721503496	1.1803406917514685	-1.3751076448715758	-0.04929906992675298	0.26251246890559116	0.7863492752242739	-0.2992698125417337	1.65623401915414	-1.0760727930971201	-0.6317311401232844	-0.42980975049631964	-0.035568480152461	-0.42957869550712846	-0.5811079775573098	-0.2873880426687045	-0.9791410733206423	0.6991455967786188	0.2494671986758348	-0.2533713527043572	0.6711567282145668	1.2949068874163747	-0.19772500551303387	-0.20300177286536772	0.5618718508250327	-0.1583687624165092	0.33551844120088087	0.28736005791685043	0.1945588097549891	-0.4722064430986968	0.08771980889977186	-0.3226621623661271	-0.24094130424036297	-1.130900379370555	0.015852210755503228	-0.5831371565554805	0.27122096579109495	-0.562817534725798	-0.1260018461762974	-0.847698937966962	-0.033210314802169696	0.2543073390286366	-0.06833238990010257	0.38532650904360954	-0.09688020830050743	0.008819830715276016	-0.08461555803999579	-0.14686418144647892	-0.6465135238111165	0.2769256397411619	0.25639173735900733	0.2835659442867734	0.3709621292998756	0.44250986757266275	-0.28357945009025093	-0.12471412947481052	-0.29969300455633874	-0.11973167201599756	0.13596063984993825	-0.2635735848646124	0.30768219989591816	-0.7573319280167196	0.10658308851734558	0.16529022923072287	0.13108299238084617	-1.075727271750494	-0.5583019294313042	-0.78864970761228	-0.1910511100628792	-0.5400420710361169	-0.4625965149342624	0.01752159515364562	-0.24782083689349446	-0.3837214905158079	0.18314476723166861	0.2706511496587287	0.11298618994094578	-0.21679383817491243
DTXSID3040271	-4.113241891897608	2.391366595950417	0.04584446091734898	2.4378413069640716	-0.8190724679579642	-0.11434681448476439	1.4968925631519296	-1.361042950939853	0.7137770392114009	-1.5241994352827157	1.140092064638693	-0.4547370840894413	-0.5497829961435872	-0.8658261775701147	0.03906368375869186	0.357016825104982	-0.6184044506494338	0.2518933741469826	-0.4247623586479221	0.3967884559695634	-1.5051186563428105	-0.3880202179356218	0.40471795756756684	-0.2623047092823841	1.031782823844227	-1.053778713875235	-0.6746745573630225	0.5576534762938619	0.5911176333582563	-0.5576858552750193	0.44538250085562947	-0.8526235096764205	-0.7876493247485865	0.1030998819003859	0.6649003466483284	-0.19003747365994053	0.13580175010059942	0.8426300806300494	-0.3724433984384918	0.242762627737949	-0.4840659765641202	-0.2415872423446971	0.5484080650180108	0.8181987004862578	-0.38993409402099055	-0.21893620589530538	0.21423051347836164	-0.8020902853419384	0.6679718199684539	0.5562609947175945	0.48428809995972627	-0.2343881884675755	0.10773088234952916	-0.4876610878031338	-0.6674803958564879	-0.33990493881318845	0.1468443905066746	-0.6999076586901943	0.8297893684252332	-0.45663253862395187	-0.2466037842925206	-0.2211555541643728	0.9278832438017053	-1.0038869530485124	-0.06496881803872459	0.5656039774755086	0.25632953278511317	-0.09817918129086102	0.7790175143429457	0.8065736182616992	-0.3790783472155544	0.783002168996797	-0.3540253712207981	-0.28233081831136864	0.26855430723061263	-0.8216730518240986	-0.25835282681399346	-0.04204076257941321	0.056024226119858966	-0.33803100767679917	-0.4097897377194774	0.44879971503300803	-0.41822727912410634	0.2664072245985391	-0.20818826576330196	-0.3381247723965046	-0.5646729691930964	-0.2370342321310956	0.37795769111626676	0.03911291174776659	-0.024927498205476913	0.5197123951343868	-0.13313541916180915	-0.037295811124181344	0.07992604359834118	-0.16216195331754507	0.06174746993603659	-0.273912163008031	0.22724275029742977	-0.15534185504990156
DTXSID4047672	13.48318511442308	4.273386127412596	-4.13628943769148	-6.535659628412916	5.941731931443089	4.593477649777674	0.5630786406132974	0.5229571265604194	4.5440912722067095	0.19051805725712534	-0.8844467824293595	0.685091645383552	1.408550619084173	1.389492448377025	0.2372165870585487	0.7394452160183027	0.49873404119151293	1.3264685353853196	-0.7165638296241834	-2.4086493823211406	2.3054133877237115	-1.6587026349568188	0.6705059453108789	-0.11415716552754443	1.7835052215324454	-0.5142150461949689	-0.7747097542675919	0.09806579354717665	-0.4095225231785297	-0.077379279550506	0.2914538934860684	-0.603984863612358	-0.10571835904686853	0.3984362932590712	-1.5228700485104267	0.43946461318508145	0.41400601607575455	-0.12085234027185986	-0.17898494587730704	2.312800554164589	1.5926532129853601	-2.7094835682501457	-0.00709202207493806	2.3677374462692486	0.9090027594047895	-1.1081914719596586	3.559260236539681	-0.9020620504310322	1.1818860848196908	-0.5891583606056973	0.23801114515229077	2.8334555975809748	0.24136281019400133	-1.6844949988944815	1.9388518903347913	3.970073068057519	-0.43058939865651086	2.313853273406043	-2.8060454819636704	1.6461024100992372	-0.9228859234286367	-0.5620673159161677	-2.5823201908986215	-3.280984037302107	-0.5176849524743603	-0.5696853740997808	0.6025260505580705	2.046924915518068	-0.28033321817172163	0.05043140672884643	-0.45721989220574566	-0.0791850949910519	-1.142394962090758	1.1058954364510047	-0.5600386206127361	-0.6813027068792956	-0.7793183999858471	0.9994136816547764	-0.594603739346537	-0.4156206412335151	-1.9207127237563095	0.18199833324918793	-0.03602740627162488	-1.4403564590305804	0.1894367103553775	-0.4716475497953958	0.5125142447434015	-1.2266385619464133	-2.6210300673010454	1.7162140174209548	-0.1340773994038938	-0.047935394853433004	0.2147497002250876	-0.8438666291803762	-0.7389315494475015	-1.6991307322155842	0.4740814592194641	-0.37099422352433864	-0.33027842822212744	-1.5637834232887087
DTXSID7043873	-2.883935522162473	-0.5897731780557497	-2.0364417702698097	1.8584195823126388	-2.5085344627034925	-0.19886541294614246	-3.018339646716329	-2.807974317625168	-1.255087905856609	1.0542637402292634	-3.3659204897572654	-0.8074257036748717	3.8877835071180993	0.2927915210835615	-0.11472551030190531	-0.9216391890807657	-1.1562353494497966	-0.06036618067592258	-0.339750765690069	0.21225416817202963	0.1944221649710348	0.7610650497033643	0.7123082561099233	-0.3167503497405705	-0.3391560729478977	0.7269236288614604	0.4058303229513082	-0.002036130665912673	-0.11714000274907088	-0.8197398824595815	-0.003063429735735233	0.3092500255769292	-0.5680151164240945	0.2083833324625343	-0.48140338902674307	-0.6639355559036867	-1.1365799814942514	0.5523557254045999	-0.3948575057166007	-0.44494902353634963	0.46630037263809626	0.3562965841035312	0.17873128422077886	0.4685674163866561	-0.19485141955034127	0.13589056829437993	0.2163447141823856	-0.47692178043580025	-0.3263243065861806	-0.0072556798799075775	-0.008872262151927898	-0.29800978873738077	0.17514277512014337	0.16905807008726187	-0.45030461563636076	-0.1457807997697895	0.3403503809364613	0.18764793390814002	-0.6552490707872243	-0.3539913850760239	0.14346913544865955	0.1238635393500028	-0.15440612754180227	0.09606223329059285	-0.09589993928972732	-0.4296486200633067	-0.11130716382102986	0.1162620789051389	-0.23534068803968664	-0.7878975834279303	-0.43004122382100124	-0.6251153865791663	0.7912095561694421	-0.39570817340580605	0.0074461997809066064	0.07230852171065115	0.12782454193044634	-0.6034024369694234	-0.20966432184554523	0.4309241937516855	-0.35451772749330035	0.12833527597739675	0.3716502694944657	0.3343467386471101	-0.27895808093513486	0.31243212444007107	-0.027264285127889264	-0.09759721137878354	0.1755262482787694	-0.6722737963713837	-0.12558843694100463	-0.02474739193199322	0.39721105132228607	-0.01008997063732378	0.30966652583599863	-0.45158126862257114	-0.48188636916820043	-0.2537627456855965	0.3006020262209562	-0.21712127918811425
DTXSID4025404	0.6921518529479891	5.320898951454965	2.6941746306328302	0.03966079595301071	-2.4064869514321674	-1.3384748766297765	-0.09864381343065586	-2.0918972179255686	1.2843440770490255	0.11913391743527155	1.0015866713447084	1.2140989419550179	1.7586034805323192	-0.6053104453823948	-0.15695817553270036	3.0213221885614865	3.769543234836603	-2.469309919712431	1.015010369312504	1.9634162729123856	-1.1511335703722456	-1.4373044514613036	-1.7501677582037387	-0.0749621174238605	-0.870066316526118	0.9008881009763666	-1.0206211073750246	-0.36656977093285065	-1.3183884350856736	0.8554848121907463	0.6982438078062259	0.18682100621673248	0.7205367831970605	0.13518048905495064	0.6416020966863647	-1.190965288269834	-0.3303878157156024	1.2842274405649217	0.2978134680631898	0.15698903740852557	1.0153406578287356	0.10459527580713458	-1.0716233944669444	-0.06595589917665617	0.18965285893197528	-0.8320365689779673	-0.33908678848115364	-0.48291770631098263	0.14385322158142194	-0.6336327599291216	0.34799975723888493	-0.3221616760102165	-0.5545035123337626	-0.021714533769808687	-0.5307545350942294	0.6131294971174402	0.545987084347517	0.40471237484691613	1.2357808463695268	-0.3746462091995234	0.7527013784965766	-0.16404817321861603	-1.5797608544200221	0.13698731842401707	0.14643480108907675	-0.7291030533981206	-0.23240025313638518	1.4970433658935671	0.1884940076600826	1.0900471607222102	-0.5814211226529108	-0.829778952148314	-1.0444619602385108	-0.611727340904724	-0.03226941487450691	0.19376580778011385	0.20678945368548057	0.8244229081110327	0.23221623926667437	0.039781404807033016	0.2187572349647047	0.6082029149262866	0.18423842534767423	0.9318281444375354	0.19931677287462732	0.002491913405700369	-0.2500887887925369	-0.6121769006581118	0.5085811542876324	-0.21593432010994534	0.8664401139089977	-0.10281919842957442	0.21471035721652615	-0.03677603936116322	0.4088617138134754	0.31243766839289633	-0.5125767122302888	-0.039994799171486795	-0.884304614562967	0.1316090890290074
DTXSID4024931	-2.899616325104685	-1.6529476532282505	3.3100775345169917	-3.024654561088792	-1.3297752067535216	-2.4817099343922826	0.6555333629884911	-0.44550225201833304	1.166507403665938	1.2120893150110057	0.15816956728371212	-0.09512327038995456	1.4254651178596967	-1.4300135880690281	-0.9438787689294923	0.3370888693054803	-0.46311004863410504	0.05327258688235976	0.05629222073306011	0.30022411336363714	0.43228512769813937	0.33448071353947684	-0.7479010325747448	-0.3290866813275961	0.04790099047928281	-0.2627388105167	0.7268669132539752	0.3813365885208397	0.45734570647680167	0.37057643148717245	0.4652730600170794	-0.5695545570943975	0.2452593019033921	-0.21236282704595053	-0.20227381490006024	0.6252860409188089	-0.5120020033363598	-0.03648091990598813	-0.10147583291480212	-0.10288461628762903	0.40524807061412504	0.11695393078354673	-0.25836397215901197	-0.2958927613399316	0.07880964939623517	0.3679368676007993	0.005004157279649991	-0.15328454241742961	0.18469641207277276	-0.24476762419837084	-0.044027040746407224	-0.1810492668923904	-0.014673534162928506	0.235139102729179	0.09588654075037917	-0.039891884757301745	-0.0757427144160329	0.22480494057055175	-0.023933751790869602	0.1466719174594701	-0.12403422935577653	-0.11742600074070675	-0.10981960626800037	0.03224122198210307	-0.18320820527933365	0.1457146344195273	-0.40731161174787495	0.2644364346545146	0.036703412138018914	0.13600396202430565	0.6096828909271016	0.1129654595244202	0.20822102522750366	0.17672442843059688	-0.14346561949912515	0.44109140079303044	0.22047240136426785	0.5239653053162037	0.3658721283187355	-0.33215518002985106	0.0776606984390979	0.317889403695815	-0.12124806608451191	0.3044746354649101	0.11923197449245104	0.22786322039403514	-0.12240459806192966	-0.7826925902938483	0.14798809374670163	0.13055453363588898	0.2916225481568268	-0.6267125204353149	0.24831888121133305	-0.07291454906806705	0.4991924476957075	0.2843008990799332	-0.007351369134973095	-0.25387005814341707	0.9116184619461116	-0.11597698841423999
DTXSID6023608	3.2328527351201886	2.335189437696785	-5.857366416917676	0.2137273432766028	0.6554246542105909	-1.6789119129420478	2.940788237592775	-1.4680136522623735	-0.5205250884411796	1.7256996259863788	-1.9519565558199459	0.40597374794980023	-0.6962599714117069	3.5091331636242677	-0.3620849750787303	-2.7505168775693045	0.6470234038510019	0.7421376600223739	0.40850618528223076	0.5116127938086701	1.8600687585668003	-0.4861355363755357	-3.5545664434281163	1.1133703610904477	1.0559978158701984	-0.7263695751168463	2.4596406560528052	1.539736246358788	-0.34983748138460197	1.6318651618903017	1.2049454049151966	-0.9361047699726436	2.940524372989738	0.35431309781867276	0.662845522054722	-0.9098118127079974	-0.7620404193189253	-2.051997612594474	0.6344086494820385	-0.6333464736598269	0.4234696157589269	1.7295421957420227	0.1858565893596293	0.15594786542112068	-0.32755831470451646	-0.4231767321444243	-1.172933505710338	-0.943058100330947	-0.8244675823606753	-1.9610637540652451	0.04741146101762251	-0.9284435495484765	-0.3398162939378224	0.751220228741467	0.37871855588717135	-1.5120058801307321	0.4462033012425533	0.044395005409262604	1.2429554984556073	-0.6855603343648923	-0.9149928114547701	0.4287290969570786	-1.1792629918751498	-1.3958662721430246	0.3273994631452256	0.8142612970682237	-0.31241121679738654	0.42867253768295943	1.4712233497539449	-1.2775238190503238	0.5814622382664436	-1.2926931085269133	0.6127743967942398	-0.47451552184140294	-0.09099558990047235	-0.31421307033147716	0.61274831011217	1.8525536439167987	-0.3528801453420022	0.6683006501610698	-0.7568503568987444	0.6754323835816785	-0.5743888681196174	0.3551615629932967	0.7341333961309062	-0.30472136961340907	0.4644486828827521	-0.5843385253837985	-0.8847513790691025	0.7355458278010729	-0.7498328376195522	0.34913380173845776	0.6039512383200554	-0.9581820054291019	-0.8964914019876881	0.32644172811695893	-0.5704646988844594	-0.1936327496621928	0.04039430325754004	-0.29004950223487297
DTXSID5057836	11.557787463587793	-1.6749709217997306	-2.0947226764181885	5.738686152324389	5.044354707755567	0.5114200879471046	-4.744776173378961	-1.4491323515042527	-1.7389855629472064	0.6274193766499393	-3.1384552988982333	-0.5090255111870556	3.6806042167040944	1.6827670436421602	-2.1940402793693528	1.354886089255611	-4.202815457075839	0.47022225938576473	-4.454829602010344	1.441037924212683	-0.3913071234261876	0.07397225403450594	1.3589406704051878	-0.16601557434077865	-2.8191813937663115	1.5473248099147967	0.8225063225863911	-0.7621259311327553	-1.6529188371154557	-0.8239720562913846	0.13811651434348032	1.0482461362295679	-1.237544330858432	3.9493733046500945	1.0952267617428144	-2.650755097341985	-3.732167366468288	-0.04286690140645859	0.7335735667353478	-0.33251293987949776	2.1996687465933413	-0.32636931083321635	-1.2966113666954697	-1.4104999405774674	-0.5685339659804562	0.14517286681573416	-1.2514909887679486	1.3441414959458402	-0.29220234463169004	0.8259106405611066	0.2540568940219281	0.7931622491337352	0.3279353461057631	1.1173873608108242	0.46955684154661403	1.0819086493810748	1.636723671907502	2.6497026826578916	-0.18949247322255294	-1.090704020135829	-0.0028019314469763007	0.7111477923167454	-0.06654898879125438	-0.6410647425317479	-0.4395020062202942	1.314230923117795	-0.6220645270824252	-1.711149968379173	-0.4874350445398551	-1.9038372935501677	-1.2689023078153951	2.1017681090012803	-1.6231742560396067	-1.4590153225252083	0.9358479643785532	-1.188516484555281	0.377768005194212	0.14367681322120862	-0.5865378112708017	0.8301131985969319	-0.6734500626304655	1.3463609036823376	-1.1210647780447867	-0.05481979339065133	1.7124305340551313	-0.41891243193716243	0.7123503705179808	-1.0204074919362023	-0.4780370216189664	0.6718437727850348	-0.1820880950048265	-0.4866069234436487	-0.9089761644855765	-0.6295615397136237	-0.4365785117436271	0.3080134065708711	-0.17800205819695356	0.25170484122600423	-0.33804708496022945	0.22581388795752888
DTXSID0045254	8.651144188234868	-2.7690405504995605	8.97052961818892	5.643061556948385	3.7444117553624086	3.686773730137665	0.24628456699714454	-1.2338947345723337	-1.5903788773989422	1.9940831765957856	-0.21589653325063365	-0.8648688041704741	-0.6793961553062524	0.4386801059438722	-0.17750263904731503	0.8175534615624426	-1.1156088955725507	0.5613820513803393	-0.8005471361500234	0.6262961995159891	0.02897271538508616	0.0454540920779222	-1.0619486627930848	0.270961069568627	0.05155731551838224	0.5911462600667864	0.5474432072074314	-0.055325872839573347	0.1070824055331528	0.06873436598081376	0.4977285846462508	0.07792370919801518	-0.5687392543877926	-0.2215200271893553	0.8563242935004619	0.6845872175885122	-0.20617237342470707	0.6962125334631654	0.6678369528093473	0.35985483728835227	-0.013098182437772995	0.23201664109839543	-0.1408477990074248	-0.9057421586070822	-0.03309675775557248	0.2686697363714316	-0.20093708469908272	0.8068924384624866	0.29300092014505674	0.13986573040957762	-0.015976100152821332	0.6793479483223575	-0.21095683182255298	-0.023222039940516942	0.13628848448698908	-0.44825960041591284	0.14627236908429406	-0.08255357719839253	-0.002644017172240157	0.11160859675869322	-0.4140130014265494	-0.6888587531587402	-0.21056559083109558	-1.6063220326779049	0.5430876672935087	-0.08808475679722465	0.6901882002846146	-0.5779515786972241	-0.15348431053903178	-1.1114731023604651	-0.5422916909985938	-0.46466580194409424	-0.836830019306931	0.02869555923073974	-0.32077680944603215	0.38899605913368457	0.4179688448055881	1.0568349148540144	-0.1025264687003148	0.4698370529479614	0.7691690796411076	0.004147005609721824	-0.3595660959485149	0.01584236513517622	-0.3523382410120679	0.04663853693572065	-0.0176321143563519	-0.02343916140312798	0.06509502713090093	-0.06795601418351416	0.4403133849756266	-0.017196965548930077	-0.16133210755060667	0.39264640810781126	0.541157818975049	0.3167672139998968	0.4223749390108734	0.3357312407392434	0.2862198612380883	-0.2863117934602386
DTXSID7020007	4.574109893195013	0.8107678877701894	-0.14923293058688458	0.40510793367316145	6.644862574486319	-0.5774408050928164	0.11269139445340383	1.6446968186299606	3.221080061868438	0.8734515616545588	-2.1515024402660936	-1.6534857474300637	0.8590987891894982	-1.8200350454099503	-1.0884312776710252	-0.24602885541521352	1.291392653900438	1.233299722975481	-1.842827542731409	-0.40844560749900943	2.1144503972962423	-1.2199081621036132	-0.9336454184131092	0.7100926563961132	0.7971188065126669	0.8056123810417304	1.4576211401558798	1.26245146412307	0.39330480538481544	0.2868679470819315	0.2630393105047575	-0.2508369672324832	-0.40453439250295925	-0.4542729335663726	0.4818241856665132	-0.32970452823551155	-1.1650959664212501	0.3486156672059904	0.08343030855171542	-0.6262919939899103	0.7526018517662751	-0.6673555525382574	0.11748318177074181	-1.775679416697833	-0.05106711017294673	0.5025095262479379	-0.6224544485789717	1.8140738768895197	0.09541839858842603	0.010611953004341748	-0.21309924288835427	0.8048795567263836	0.5088099073873694	0.3733251365376491	1.452155323708559	-1.72675428835358	0.6665945631934347	-0.4717718422496391	0.9638344673784631	-1.232382465996398	-0.9620428752562991	-3.0534910426416597	-1.0689439890617631	-0.3001141699632885	0.11256164454204691	-0.62445885537825	1.4913300947366834	0.4806802238730537	0.5816191838222886	-0.7138243294979901	1.1949397736384408	-1.8522159004899044	0.8104481740695118	-0.26702698716699885	-0.5616507338738608	0.029195856245224167	0.8436094092095753	-0.1683647212587097	0.13834399399287012	-1.2306000281818545	-1.153285134610168	0.8852879673005296	-0.5031315313025638	0.7949509016310787	0.06052038599982613	0.05936970090373875	-0.9682431305122103	-0.21242436450565785	0.832233429600233	-0.22312540248004492	-0.19566421849927873	0.514929017666438	0.7802005231114962	-1.4264538303384129	-0.39669823761574813	1.0992664676764947	-0.27427670626848527	-0.5936768465854294	-0.5849888715579732	0.3745355300636636
DTXSID8025967	-4.167731230962301	-3.652492888070403	0.9500104532965802	-0.6131353632547177	-1.4580632624969516	-0.5296848569845563	-0.5049074468811647	-0.22391835126348222	0.1374348829591114	-0.005572482099232026	-0.6735726894756724	-0.006637858109423445	-0.06381613278310279	0.8655619988552381	0.537715091319707	0.25438111209395464	0.5340009685353742	0.9483590039662464	0.09106041949351683	-1.0108993647962938	0.2904509262711138	-0.7141491077724145	-0.17469594717131814	-0.08808042436924385	-0.2159838059536964	0.1323184800404962	-0.24091666533758654	-0.44619708569589017	0.21616398319911892	-0.49803875040003004	-0.0315282426512407	0.36174056854692854	-0.24960887219918085	0.1345201191524806	-0.1061601150927896	0.6944059220549106	0.1856456013933484	0.7465806755751929	-0.769411899245115	-0.3914736412976226	0.04531122104893262	-0.15449872064709053	-0.12133348624874651	-0.20157533323716553	-0.1349725993946785	0.1739085826332533	-0.07542264092314946	-0.6546752062480048	0.08018676519714638	-0.2457280681793259	0.005142314650509011	-0.3308781090315813	0.04705878169882381	-0.23676794238815793	-0.3102295898571845	-0.0006808798450059348	-0.07074216194361282	0.132032574624446	0.130080303685939	0.35081952578829356	-0.09792122628223551	0.10054580270626033	0.5569363836073508	-0.15540896534839685	-0.6302748805832986	-0.08708213553691123	-0.2684904366486554	0.014923890860085146	0.26294295616611885	0.6497665668579057	0.10400194967986201	-0.288139439862036	0.6645110199717802	0.008526194639084973	0.6742279888059355	-0.1277020612370804	-0.05122627860600786	0.38523894702206896	-0.08709487669026197	-0.49956508327736027	-0.26224953938595713	-0.2298505065364735	-0.38238230810527996	0.10322848157210661	0.3909691877550314	0.6326738988760123	0.3559337550303971	-0.9481166220523523	-0.010433963896020911	-0.2491627939037887	0.08172621254861996	-0.5658899955606993	-0.2996097252899485	-0.19595602352558716	0.05694672797326786	-0.020875444458839373	-0.20386650216830196	-0.4255409122425172	0.012170310706217342	0.5041593225343518
DTXSID8046321	-0.9730138330034241	-0.26211796529810033	-1.0427866060101074	2.2091978671664725	-0.43805358565364705	-0.7962616974566558	4.69599434323893	0.9263457916253256	-1.040886385290246	1.8316404772227761	0.041557304035237205	-0.21187777297561702	-0.8821185627866737	2.1679330007527113	0.8040971854897776	-2.4249676526159414	-0.653347187867907	-0.13991918639945786	-0.8010894805365406	0.4827961115362654	-1.2535723992189607	-0.13580995384869626	2.073572307426724	-1.2726170438398308	1.1101400197085534	2.206628065747811	0.35259750675440954	3.012640534389577	-0.2729813368503838	0.3201811042428497	-0.48019692163626226	-2.3710108385773854	1.1674605231449868	0.18670573636939636	-1.876934628585001	0.8594158035654833	1.2930286286906536	2.343425865048571	-0.502110666892187	0.36745356904005	-1.3756315605522942	-0.711224924543426	-1.2075177892641842	-1.4073700206593978	0.23660123314435597	-0.7969950458324957	0.221175346349891	-0.49461291012499464	0.08914574026498193	0.28181701082864974	0.17134415006744488	0.3635780729727746	-0.03460109946315116	-0.6721825584093241	2.1227206072647378	-0.7826171836249571	2.313670862724807	2.572000279922631	1.279573484118999	-0.5908212858503827	-0.24441033177872779	0.013567272300531957	0.8659664098797835	1.8394670204601635	0.009338829179595252	-1.0128883136324118	-0.216727258124659	0.7168903197905389	-1.050464511237493	-1.2812385963186288	0.014291621614725147	0.264264914968556	-0.06113343238263091	0.9152110108759923	0.38627101686618215	0.9934760003970046	0.6465961826286047	-0.4393598042063687	0.2275537586526443	0.7225102828313544	0.16117355808953704	-0.8580566817167946	1.4772381164791049	0.09430642551858337	-0.16347208186492676	-0.22442327620808106	0.2727283070424841	1.186287458442831	-0.3337014798234334	-0.7825711924967056	-0.12767121553024874	-0.28372882878098804	0.2400947591618195	0.1051620396286978	-0.689923332629046	-0.6494956864301611	-0.21773450927499924	-0.006749193568976035	0.8570823600064644	0.11149526371802515
DTXSID0023294	33.54120808471237	-8.919750211635032	3.826777468594986	4.96343390886221	-4.293796175137181	0.8275773490484601	-0.14008011662545294	-0.17689411470702296	-0.17967611401594202	-0.47551922047573086	-0.557040424811394	1.214177595969106	-1.9797975008469233	1.8677157204686705	0.3382099183696735	-0.6938971088426473	0.5080617417300253	-0.40004619865168634	2.296402821151217	-2.2102563481910438	0.1334622578425666	-0.46173928350036425	-2.1724388718451024	0.16195205631826673	0.16060633205884253	-2.2883707732092824	-2.611047607479788	1.0475673122795643	0.19526215316779708	-0.5450964457392442	-2.111363196345352	-1.3803324550683107	-0.014813778273528566	-0.2754547935730159	-0.5413135382841254	0.29288593393913037	-1.0112281896041664	0.7312645754149588	1.0758714319235785	0.8246249621734594	-0.9990338037556293	-0.6304390551913872	0.581224813094243	0.8768341747727091	-0.7562370920250864	0.1634322660068076	-0.06211820236871903	-0.9728076064306831	0.0823669510900049	-0.3089155082867924	0.3421007311127677	0.04421983198787046	0.10782562145178187	-0.3436848907336107	-0.04885855969204509	-1.3210340620981131	0.1281190334433818	-1.1056915000454053	1.2837440037783947	0.260036028769422	0.8574258806128685	0.1787278573715235	-0.27334430487893185	-2.3919331848382956	0.3834177758656226	0.8722093845752078	-0.022489191159094736	1.2537897153612407	-0.28477602919986206	-0.9829070090284151	-1.4977909221680155	-0.7020523411969221	-0.00024546034935845744	-0.32030477435883714	2.1246189024931157	-0.860277586698657	2.9842212644979416	-0.37975839097295794	0.8450949032584985	-1.7769055023883493	1.1734361943113256	-3.444654520007289	0.44181300181834565	-0.6745041354669906	-0.3702286023762664	0.36933801275995926	-0.6555228832049071	-0.30802327039174815	0.4602762567244936	-0.0494344541361188	-2.07552066847943	-1.9561673623208244	-1.1612562355618428	-1.3101429799358009	-1.086686507571994	-0.5929372853181389	-1.5026733538175803	-0.6894588979034718	-0.5022467697539746	-0.2804175545610774
DTXSID9046786	9.225728227033096	4.127273682764436	-2.9005990674426516	6.593309671299747	2.131292089347201	-2.7711030716977896	3.565168243457598	3.27820511059605	1.749951717815978	-4.41914605090514	-1.3099077885171764	-1.5848509144722787	-0.09848951579593407	0.17585122526367125	2.417441200580329	1.8311542965863064	-3.956420218505356	0.7964077697678054	2.384114607825975	-0.1445614165622412	0.8405566361332859	2.617118280021315	-0.3733522209968375	0.03369204694293369	0.7568375284967197	2.6373006835542934	2.7734673261641785	-1.8282682496642488	-1.422248863353511	-1.2627874462105413	-0.5136107545890212	-1.9199421450281648	0.680089703544173	-2.799689735802197	-0.39915802373287596	-2.2652104657112413	-0.1232328352137837	-1.1080981736640638	5.907949420594911	2.0976245512648064	1.6669986800643746	-0.8357066918370861	0.6082559640193684	0.2509578984787581	0.5080238399053739	-2.531449807145583	-2.0462182041539596	0.583795107622208	0.21945586501490047	0.026502183474660816	0.5022270861227868	-1.9540373695568267	0.28805822592271785	0.9874603175743718	-2.094847550164613	3.6214972964109613	1.517706655363519	2.740969563401139	1.4763662382141338	-0.47118189264227034	3.9074922687226596	-0.13334797066353757	3.825489400940533	-2.6354725150210143	-1.2908642449640089	1.4738717005248758	-0.8866020346164166	1.2708772070910288	-1.7731082817795205	0.5949054018674386	2.2909695274651223	-0.3698461868330584	-1.0723587695427574	0.5799299704364905	0.8873953473144949	-1.6652849926166928	-1.5417810507667173	-0.05756421064711123	-0.30075955822591927	-0.8821840388930651	3.502229958702095	0.36282944314038545	-0.18766409507676313	1.0015874368716036	-1.0228754670827793	0.8959255371197272	0.485138208652389	-0.18999027814541192	1.2765198069718626	0.18681571601719626	0.8859111988186064	-0.17990973865460425	-0.4567447571067127	-0.8303288524061169	-1.2637374684300005	2.4292302350262283	-0.6530658447395328	0.6608901633946979	0.46505518839986576	0.513630782292586
DTXSID7041887	14.41070282757228	-1.453778062534051	-2.183586704782391	-5.5102579416668345	3.7392509911018488	-5.776948087419241	-4.290436211320023	1.8412475430962025	-1.8869791498479094	-5.336646858653159	-0.386498122639827	0.8434605615712812	-3.869285122105018	5.360458277229887	-2.6261985320454775	0.5285906486140668	-0.319894550249712	-1.7523125929404846	0.08514961541228273	-1.708300890664327	0.3246517351868186	0.33884670346378487	-0.9353872669904022	-1.6905445257436373	0.9143043183931778	-1.2688588816381907	-3.144070877590084	1.9735773083029906	-0.8139338408040674	-2.0502967715346605	-3.5368717231443383	1.721212987649979	0.49956020791866035	-0.26183468350256145	-0.24000159355785336	-1.7392010803580134	-0.3544685038910204	-0.8242883680615161	0.24901964026852008	-1.5755273941944588	0.08863839682517427	-1.4814129034211747	1.2407941648182899	0.2732683713779532	-0.2630239871364546	-0.8741735683028135	-0.4059466027540025	1.1685740572285352	0.020082834691668477	0.6000678898545367	-0.31997163429060643	-0.060401223770431285	1.0525962479079964	-1.1476247842782858	0.3667921154271291	0.28457049620147146	-0.2307281130852166	-0.5006189890686942	0.9633167181907588	-0.3418250513763967	-0.8106769599989706	0.5747831688556019	0.7144550546834826	1.8872939292293933	-0.07219395965152547	-2.3279812597297145	2.311215290831851	-0.4873353700586615	0.7134955693398916	-0.516795625105772	-0.0480289237762723	0.8962242737781586	0.5260046408294335	0.1300840521198799	-5.394883578910843	0.49839582397376286	-1.7475837290438678	-1.5251392640763464	0.2550357144279369	0.8667004973113733	-0.7814483286442491	1.623866631964514	2.9703197985627177	-0.03178270720682122	-0.8730881365536792	-0.7862995925883471	-0.8982437948327229	-1.5637213252793838	-0.19717275373519122	-0.12036054607716047	-1.4430993002638235	0.19241150000008636	0.5875434864489528	1.8585168544495458	-1.3992910150655902	-0.09421632015677456	-0.9848752736297385	0.8559395530467098	0.15593039868595887	-1.503995132434778
DTXSID0046511	7.178419300869445	-2.195011764714199	-5.02598943162591	-15.519285185973617	5.414645062087216	18.014189791627935	1.8688297167298684	-7.55158486217799	12.893419301166992	-1.606990773823653	5.565361318744069	-1.1276343012115757	5.162771794178705	7.444637125065842	0.6138865724977942	3.388846740275408	-4.059286589129379	-0.27531697525800736	4.430491305465001	-1.03226953860905	-2.723771306211388	2.370034614895288	0.09872146963556576	0.20737940269677216	0.19404506512843836	-0.5438046593441157	-0.7009808991359896	0.5250195782230879	1.3801152555542728	-0.32939434771357967	1.2801080294300708	-2.0670246841454434	-1.076843308425852	-0.3020249266421953	-0.40096953148689946	0.4779241228734005	-1.105204107169036	0.5759885879331865	0.3125255450469173	0.9389084120855455	0.24634059004700673	0.15287389881839564	-0.24868695742937774	1.0116544905328206	0.3599657663521117	1.2317526439837498	-0.7293564044170907	-0.401691690872225	-0.6537914051325838	0.31905944727708924	-0.20720151563777608	-0.1582892483141025	-0.30569485869125296	0.500685805956461	0.0704671368236717	0.23630832634964852	-0.08497862371185871	1.6513246557972288	-1.4637342006147886	0.6156694528319663	-0.11427398731178114	1.0064368121159186	-0.80030260152556	-0.0915672800887669	0.24993033275492413	-0.8381739653171538	-0.07101494197788306	-0.9289919050076975	-0.4656242105965614	-2.3038226843825376	-0.2171319631742699	-0.10809265397931496	-0.3568357215631603	0.8729413417572766	0.579914368497598	-0.7997176733372507	0.8738996995044951	0.8425078678095592	0.15483365714087177	-0.5769866119832512	-0.569127929018152	0.7445931021246559	0.2756986163192586	0.46560690656689224	-0.41668314545269547	-0.9503600177612972	0.6371250956563809	-1.4564910888857374	-0.06608656974786613	0.2523761936785353	-1.8834400104701394	0.18596448053787754	-0.5277410649531796	-1.2381978099016855	-0.322697163902923	1.9235775480831208	-0.4290614647274896	0.5317508605044621	-0.20706037468804603	0.5771982793874536
DTXSID5026702	-0.8047914297894693	-0.8577921523590162	-2.2747488070493236	0.10842552247055177	-3.3473027750889224	-1.136710708928066	-2.7888007567672255	-0.4584495373144726	-0.5758780134206795	-0.6317355103722152	-1.189717386772635	0.07519024719503566	0.3435914793272998	1.4768152681892608	-0.248532747344209	1.0824193667026116	-0.18447702706741265	1.0415471586567715	0.5167380289394787	0.1757973896874613	-0.18289781563390906	-0.7054848659495031	-2.462877310336503	0.9135734937958758	-1.2383202638542827	-0.3268163567105968	0.9978571975467222	0.10732871410969519	0.5593798475779375	-0.06858581684196252	0.9202567052178869	-0.6017790933738627	0.4523713135405421	0.014265380145650977	0.7876286374061768	0.3095270457669559	0.566342058614536	-0.3317024993569372	0.24303529779198313	-0.7838107167305032	0.6851204135838515	-0.030718482041517302	0.44193621603569444	-0.046848560734202314	-0.09119137015841836	0.5241056980194233	-0.22857412370450567	0.22508062597361453	0.024840487650823983	0.026092078843522708	-0.24624164523803885	-0.15173026605679224	-0.04263840140458183	0.007611309136373842	-0.009097298426015348	0.50186259134094	0.009248670844058763	-0.2565968335356905	-0.22578375467743939	0.8666900006591193	-1.326718060593002	-0.058515248632943606	0.23917662976667414	0.18272252983298398	-0.723008037375789	-0.05264327491974029	0.025066764348177402	0.4638239102704955	-1.5338359659821872	-0.7511318809826	1.2483771204603347	-0.46795811572756485	-0.9314704930514848	0.23311824066046263	-0.048645964296829054	0.6069367678102243	-0.4319748078648732	0.9128091068286247	0.08499100696760399	0.09852353485175878	-0.14312899623165096	0.8880480442260517	0.014762136686610078	0.5712393971655132	0.3772776917295016	0.5452770449832829	0.5352867454796073	0.013470272378518772	-0.185227653075094	-0.8547065232177259	0.345718775256488	-1.0833826887179503	0.07780781775044551	0.5682309449596187	-0.6673545703096518	-0.29074273116456195	0.7842235566574085	0.4701029182688407	1.0947142678058488	0.11261768332151503
DTXSID0026171	-4.324816212439804	1.226665080939812	-2.289379969777235	3.5587492119470325	-0.21379271634303837	-0.6989818372640746	4.723967594128073	-0.9142348657469374	-0.5958281361841887	-2.201929721897551	1.2242483897219223	-1.1433911306084088	0.6705125283332263	-1.4995805691004078	-1.143610364912365	1.9941513213878401	-1.8222718004014213	0.8421404955011267	2.8848718185090356	-1.74569062791198	1.534767482681054	0.7708605231738427	0.16422443651355562	0.3410665969515476	-1.0947063980473237	1.071279626588513	-0.16220757492978755	-0.22882611382605733	-0.3435696369055036	0.10344460632651657	-0.4783921078310748	-0.5383173853912456	-0.6591835757307621	-0.1345448223285374	-0.7739456467925233	0.3240602001760842	-0.03915328312090862	-0.2716207231585173	-0.09376399261367904	0.10957101124727618	-0.03519041972608616	0.023431739088049356	-0.29581830132053244	-0.3907002910577489	0.42285374075686805	-0.7562712835936917	-0.2737515490184363	-0.1358106651389545	-0.09506437885253559	0.04668687256471441	-0.09193244428114193	-0.036739114149926054	-0.09379197428335766	-0.20715336222552386	-0.29111575443441046	-0.4587522000096918	0.7935186956579394	-0.013526377455470518	0.6565257600105062	0.5065309981751729	0.1323873588310012	-0.2455627639527391	0.20382178433378417	-0.3726824127377892	0.2485175151274648	0.4632928322661707	-0.06954746822112365	-0.46218051890084455	0.8999392969179	0.22083080332068	-0.12011297559564997	0.6766938435762123	0.11698386152816757	-0.26370056142158615	-0.5988080736738618	-0.16378606898716538	0.025943470601827383	0.244563515845035	0.9337421680828002	-0.30120412411928155	-0.2771970324983456	1.019884726831598	-0.49453463837865785	0.14504967685323109	-0.5233366151085838	-0.6507292473805143	-0.2906645639410292	0.5179739736894673	0.7353139107505621	0.1851755682162227	-0.18007373193115417	0.37764494902772794	-0.8507909314049982	-0.0968282817104095	0.46529989601361577	-1.196468381600713	0.6750133631132901	-0.11711775360188197	-0.5020992679401585	0.10628345176781553
DTXSID6046218	8.523312249594548	-3.6234786879108314	9.733042406452977	4.7189001235222525	-0.8070488599307906	3.442658260103478	1.7020472240418785	-2.2838785195189457	-0.013532593736152147	4.078888475506248	-0.3140047753100978	-0.4788749392140374	0.8145556554816032	-1.6115668989675576	1.6871433258910373	-0.6551006997049565	0.6290571970378578	0.987225016769621	1.643113243368739	-1.3014376327852717	-0.40975499382655145	0.1516447902543642	-2.9833059733215634	0.8605586534272288	-1.0353916372822263	-0.3647724949503112	-1.3218978260132572	1.073253395158403	0.8054360499252574	-1.1768017694149802	-0.15491744238718028	-0.6584040048461369	-1.425654359284563	-0.6302620564801882	0.2858850984902659	1.0896819866436773	-1.1248138291351357	0.9100816432791989	0.21833438457859436	0.1108052507342694	-0.15143876180813468	0.6862216041291296	0.030830797295338674	0.5430793706238218	0.12740929734969572	0.409684612346517	-0.13716073548399912	-0.4069886598262209	0.46295229886856115	-0.4382517188223636	-0.032953121468481145	-0.16633750590288668	-0.24652926962790356	-0.13596671032035643	-0.8781276036836609	-0.5600859196997103	-0.7867205772269993	-0.12679019975697095	0.12680013702975337	0.4103902008255042	-0.5171553808798193	-0.4130217091204546	0.2895218390453041	-1.9487086360603891	0.18943274622180623	-0.4626082785606373	-0.6653998346339122	0.345429691506409	-0.543927056691544	-1.6026277618717606	0.13484903225427927	-0.4921775687264331	-0.5070672248138347	0.42549293458508486	-0.2804911634426737	-0.24532110220544312	0.633738503245956	0.13127838321726212	-0.3317915576351504	0.16833845632871167	0.13122520482431416	-0.2727902610410554	-0.35137347625950016	-0.14742873977091334	-0.10827061964661147	0.9678321928684428	0.13328289017228445	-0.7004248623739062	-0.381876117103978	0.013974024149595685	0.11693919135298105	-0.788087876267378	-0.8338012540147606	0.05505692167402676	0.49864193580945665	-0.06455873562499169	-0.31698430386941806	-0.12618207876486875	-0.2811004315036153	-0.02971246862502428
DTXSID2046090	1.5699348833835938	0.4356909090939934	-1.5304885115979259	2.276991875578945	-2.8765435115620517	-0.6060520888202369	1.0951355085295136	1.9355541035064467	0.9037750489441212	-0.5432859186559359	-1.5189808482731282	-0.009179540574514256	-0.18636906843900572	2.045542008973251	4.029619784938131	0.6757377484465587	-1.7578186044504243	0.7980009908029936	0.7106886390936791	0.721749372314505	-0.4493239398020134	1.3400902675067972	0.5782261456276663	-0.5600576038956872	2.48167681365745	1.1185334483264138	4.011955989770076	0.06331502495142115	0.4303120130163126	-0.6135051656386264	0.3143471928207839	-2.0858105155638924	1.590814996656911	-4.198119096782767	-0.31179199665842494	-0.0603707846822078	1.0387690260966482	-1.0170536927113314	5.838449092192665	-0.29152097607371774	0.6673416074891015	-2.427252197696135	0.659688466543624	-0.32355454682964946	0.24976447062630946	-2.3735155246048145	-1.0737537263158554	0.9836544618522933	-0.04400703483956031	-0.32022209187396944	0.1844468925738595	-1.0886714749878306	0.6402546574200093	0.6372191043225944	-1.388414917265395	2.791285140500804	0.7026626404023285	0.9670778291493096	1.7616543574574315	0.31541231090927946	3.2364152390147396	-0.6473882090511941	4.574722496035338	-1.8215835208073028	-2.177901571094756	1.6150559350691838	0.9939987082870502	1.6753450961475205	-2.1934474284640757	-0.2192853751600833	1.0090111384971054	-2.5223770783204276	0.8705832065131093	-0.6770198236996335	-1.7038084934104274	1.5441941310987097	-0.002139855124735373	0.8358562987956033	0.2067987128420177	-0.2734414885343303	1.4791255765323315	0.9248121196726237	-1.1104349402643092	0.6247810601532198	0.1386097487731408	0.01709350803572497	0.8024382746161607	-0.27201402790844226	0.47322066087520676	0.2807854513126818	0.8439373884194946	-0.2975055679025693	-0.07868569702136485	-0.07508177711859902	-1.1416898454099518	2.1095250099921006	0.09429328325297445	0.741945514500933	0.6720102898636185	-0.8200129868102121
DTXSID9047548	5.8229708311019746	7.768092428500723	1.0469591755443202	-4.140005063446293	-5.161074874698376	7.010767489233923	0.6437461947706882	6.785996227079749	-2.801773129805896	0.9617069566096028	-1.1771349892854899	0.5781259286382504	0.8267455211745622	-2.515273549326275	0.6916551120387943	-0.12793496778836452	-1.1673270884302658	-0.7295599723431279	0.371503778978241	-1.726226324436754	-0.020957191095820914	-0.6622588932719362	0.5064454456135601	-0.7571748847126587	0.5450635217741706	-1.9593971119469162	-1.0160362857336889	0.6883645446632037	-0.8283129668630139	0.8646807391315369	-0.6093882102911088	0.8540907211228765	2.942295740756813	0.6093222618889685	0.5872757855037511	-0.759101338535062	1.3573418075721053	-1.9848258628266233	0.9917547668632202	-2.271856974523924	0.3097693914720426	0.0821816711257568	0.6323276962538533	-0.46246600426798645	-0.0031950360961353237	-0.3934857196003174	-1.3206254562193982	1.840878981299797	0.10207775642203885	0.6412516286588127	-0.07006884557363562	0.02226283115102652	0.7672083685647808	0.31049131148099945	1.5693786487541466	0.7811392518835301	1.7504572937513467	-0.674646930566748	0.7064379853718692	1.5564684515299263	-1.924093759737427	0.23179441456998487	-1.0915715310412437	-2.0590355332092907	-0.2760328992194203	0.6279298511240337	1.909676945918406	1.5357004007387118	-2.9000124544052284	0.29632766723660003	-0.3148955148152355	0.5423375760749791	-2.5018605906448705	0.259680179003487	-1.8352496234837916	-0.43459625054165374	-3.036416807582034	0.31670670655687533	-3.535272066573477	1.0104424260814904	-3.2412291381216516	-4.202116268197419	-2.0141791649655345	-1.7863764831273006	1.3707144303851821	2.948528199164147	-0.17205022535968217	-0.5353124927124505	-0.2917209606879742	0.10820560940316064	0.49605659925303364	1.2034882945393797	0.008247280937702868	-2.818308270724477	3.4636228414632417	-0.2444801797798476	0.21322045217343377	0.7741726898666966	-0.674741166873279	0.4497326022809086
DTXSID6045240	16.1762745576679	6.619466116054864	-0.7901203735187944	-4.444845191067994	0.37120286653094514	-6.879588593709214	0.34387318531273575	3.315525434532556	0.72979549568477	-0.716830650816892	-1.7739126043848155	0.30281472398357456	-0.7416740353819873	2.962480100585019	4.911217502787025	3.04372093950258	-5.823436912665	0.105375974884108	1.2233085739000324	3.5498178831577514	-0.33830814932079795	-0.9655006161200012	-0.6820068291215934	3.447052984680706	-5.160963267307936	-1.5685210021401326	3.0097792143951922	1.998758138061907	-1.1036508006631927	1.8796638809350745	-0.8778351899951072	-3.2340286182323736	-0.5024661347015116	2.1220624083889166	1.48108428084334	0.27934960078065374	-0.9271723469528114	-1.176419485217826	-0.528137154937022	-0.09567987022918246	-3.278418688894925	-1.5718095589791319	1.1309413325009452	-1.6464981491432595	2.1211741259802057	-2.0647821580373362	-0.0023686208153205807	0.657681665523105	0.5603750056579312	1.45342077651358	0.1234995384677383	0.4041531534356495	1.8651941774853944	-1.5624583384734498	-1.9508709305114185	3.1340872761084686	-0.8634133895961614	-0.0954709157138809	1.1461554315286167	1.3806747743074377	-1.882314247283146	-4.49426121555823	3.4206156028892436	-1.9016145377197815	1.3970430430601817	0.9288762853428237	-0.9873245459985006	-0.9226685841302438	-1.727886210579547	2.7236805445229817	-3.4721641383492674	-1.5269938584799194	1.4164848532816585	1.0866643544785448	0.5593151239181927	0.3310135889766494	-0.7240753076068803	1.3666941990064434	-1.5242905503185888	-0.48393449454843307	-1.7366370144400154	-1.2113482896444785	0.20531012553348466	-3.8189780149071444	-3.1781686643430933	-5.035003026609715	2.861692519269201	1.5552302396278865	2.7456535971012537	-3.323335987295156	-1.1668897145675494	3.3246010870984595	0.9059275695158328	0.08831476136093074	2.1160516784451406	-0.6770119002014984	0.030235723322744074	-1.1908018760562755	-0.5567309592345364	-1.5267162297735917
DTXSID9047041	6.381574535541979	-2.867901526951956	2.284606589707875	-0.918627080858369	5.161272026134275	-0.4831706986313142	-2.1669822822479627	-0.13293561006690502	-3.703267160532718	-1.6507095739940467	-1.5831713921495287	-0.7835486125101458	-3.9037704505931434	2.0131042110184807	-0.8715826657344887	1.9239011973519506	-1.2036173578097642	-1.5813489250774801	-1.0903527653600769	0.44478885084104514	-0.7216052995935675	-0.78257166630987	1.1499866596614428	-0.7388892732742625	-1.1885340919616703	0.3014113908445665	1.4122470469165211	-0.9075483284586304	0.13661756418890209	0.5755069192955051	0.135832797295835	1.8391797058636878	0.8940165031705656	0.885056274203688	0.5430578688441692	1.2594667254204424	1.1483083368725642	-1.8348315965830602	-0.7390442966676201	0.6057957525733101	0.03311975950982421	-2.7394157081709585	-0.1694834967756365	-3.006617370764828	0.5628081795758016	-0.36934934354694343	0.850704441111397	-2.6943207342521576	-4.895497629988885	3.4608778939750633	0.7110732309803144	1.593469144775809	-0.2190257907936661	6.652281679584771	-0.42615344489788354	-1.5946047229101155	0.8315103752371888	1.6237535209022675	-0.22864851841814549	-1.7986228447869401	-0.47033956959333234	-0.37223537131007245	-0.3186159398383572	-2.772322402267491	1.8800260657162393	-1.1836658566333011	-0.4820825632579214	0.8927990265356917	1.4523589962119627	0.06242563324557564	-1.292907707376409	-0.8838072018397096	0.701248370452423	-0.8362247879250776	-0.7940451275827012	0.23264295979801983	-0.6569719480862242	-0.8031449619112153	-0.12932396437689914	-1.0561571005916335	-0.889554578146543	1.7561156954770034	-0.3962144186965511	0.8827837117535766	0.6289253211159804	-0.5161501767206833	-0.9915884270044382	-1.7365725545632194	-1.0869113151018037	0.3894611317407636	-1.561268517751474	1.1513991533842565	0.4659448665593655	0.4942464944985587	-0.4356135492597089	-0.3595451356092572	0.23776021598795447	-0.19528979157902232	-0.6702448970331656	0.17275605668763128
DTXSID0048638	1.1216885981427578	3.4254051014259197	-2.1955623454142064	2.9555414474689883	2.9453715423793376	-1.774741433538507	-2.7520537725517036	1.4072332755519144	1.118646384115713	3.3550499031352197	-0.011544082446742506	-1.4101980314594873	-1.2981172352148718	2.7086998157556645	-3.22432811062733	-1.7174268302039726	-0.33697771843721225	-0.26470699004865905	-0.4058054649664291	1.4889811551073282	-0.4846746729234715	0.3144908385361255	0.9293100933907562	0.762538110546955	-1.6745379631624855	0.5088153522825443	-0.01836078936057896	-2.060183753107595	-0.9874313672100035	0.3092416645423433	0.48269923568441403	-0.29818351632996476	-2.5129654536840214	2.64119403736629	0.3127865503940005	-0.7366326658984135	-1.8365180049804408	-0.3304536771570192	1.213459768999476	-0.3119476155957263	1.442633203829335	-1.250788815350903	-1.7929334190501505	0.8324136101569374	-1.0236002108715274	-0.4435977038010217	-0.30806163354129157	0.9793359817777746	0.11981893654746113	1.352446466054133	0.4082141170114903	1.1559674299863283	0.13634123076381366	0.4561745374712452	0.04035161661026193	0.9195993846128718	-0.33471488178936504	1.1513891144320723	0.16986631019557905	-1.027320302049635	-0.25877626767482687	1.450084834293155	1.9897524865668463	0.12760799108900295	-1.0107512107173333	0.054287064701934416	-1.4437332412755866	-0.5661713462647532	-1.1568867814050576	0.3513484710806174	-1.7053679727351219	1.7324379679400261	-0.30390301232732575	-1.193280984816788	0.8654938091857717	0.30883999568781023	1.1463646325334909	0.23350688769605651	0.32661534927030983	0.8478865426351697	0.2492603695186884	-0.6720597619631495	-0.40109400326904815	-0.867923900063596	0.40155294714404843	-0.2223915247848948	0.8087993909261337	0.8114551598535701	0.12338912577599068	-0.22566735572794128	0.15153876880924277	0.18863231319389662	0.33700200470079	0.2917114348684073	0.13687607545718755	-0.1297648545417621	0.3689821734213127	-0.013589278117348277	-0.2615658519293223	0.2101589220941185
DTXSID4023094	5.770790521375579	-0.5635779499124673	7.994692426351411	5.007084951006637	1.5357734172045328	2.7722605299796994	0.9309532990489655	-1.8030647013576757	-1.574738807493856	1.9331004532930123	-0.5816882008577423	-0.40951883050418075	1.0232872232756574	0.16736749424824324	0.6239073225709811	-0.29191357669638013	1.0196632774155647	0.18454570865885836	1.1231353926356502	-0.5884468198057189	-1.42472614572176	-1.1128572873005018	-0.943600565683646	2.6908007844418065	-1.2949382171009451	-0.011359643617141021	0.7171970480992853	2.1485133405309615	0.9284396046037292	-0.8113448995742643	0.5408242929485119	-1.9784686270661207	2.0402459348522037	-1.6610546833180315	2.024510410219262	-3.4865359799670945	3.434045377676762	-3.0078890097298325	1.0138146213456183	0.6107718440866838	4.359815166740601	-0.6724975672437452	1.4562209169457703	-1.7174464008174477	2.948691808834039	0.45395827264955574	1.8297745816931503	1.9113512937817638	-1.0611017865414092	1.76242231356363	-0.351073321352828	0.36989276230819057	-0.596392954369255	-2.551372000868579	1.3752357204221246	0.2131955374283024	0.15808443527659294	-0.3520544754781804	-1.9290125466664216	0.033848545089582724	1.676990330659559	1.6668712758571327	0.6088817180966445	3.2776807704141646	-0.48463854058236	-0.1591985845920739	0.8241153605034133	-0.7550973427086002	2.477415050170178	-0.253405389034719	-2.4395317900581435	0.9925874860452091	0.8392351560507721	0.7656028295800612	1.784885272005448	-0.8677376721051737	0.890434606763289	0.279492667813214	-0.33889981709589145	1.0325576279458637	-0.05400010316644333	0.1319157440738099	0.13699191527797835	-0.01429503710280364	-0.01593316244223709	0.059440614261627576	0.09701814311312443	0.12632203669664477	0.9628547758398833	-0.19472145832112298	1.174826815863967	0.79499574960359	-0.11577427491626716	-0.11356761965467585	0.33851265910041595	0.46563751116400626	0.14053172167513933	0.011657959717525106	0.8478192992291749	0.2474575585838802
DTXSID2021652	0.9568612348700576	-0.9504660643091906	4.791546877625419	-5.1765683464313765	0.12357619269663793	-4.0610303645371	-0.6242854477403633	-0.44156229907778693	-0.48211108957994664	0.6878017848823497	3.395788623832269	-0.08768806658623683	3.551755224941735	-2.3205953771914807	-1.5198474448299133	-1.7796161953798917	0.2592167057873784	-0.5601033042875864	0.3702146540188509	0.9787033091537227	-0.25743891393683893	1.0202195229494972	-0.19981602748959854	-0.1632986283814888	-0.3465269683299461	1.0576670041366247	1.19547342314827	-0.10724708713140768	0.3255670698942278	1.0573406148357125	0.9754106301615484	-1.0145770169988326	-0.4511863730880176	-0.17440152927381644	0.6996558804273877	0.04067163204009109	-0.019163730993842425	0.22458085980648543	0.6060394888959134	1.1338867794322607	-0.1706155487278777	0.24230824850050242	-0.692051150237227	-0.003300440318523218	0.1297752821678721	-0.08286947622298031	0.6469700495859818	-0.5324764357581532	0.12887002355380442	-0.36106459568171423	0.15083155335630083	-0.07408218738477473	-0.12517870141360957	0.02924194872983259	0.060909928416865704	-0.34031883313972233	0.012948030790547576	-0.5371794760684628	-0.01684070885250935	-0.1338399498424639	0.12255642701092531	-0.7717091662312061	-0.3385807738753987	0.023233734139590585	0.4485866469067506	0.7105923690001332	-0.8234820548990219	0.33390597814231915	-0.11008737174262005	0.03761071937300517	0.8743881509713102	0.12465763709689544	0.23156323564199988	-0.15521662585773552	0.12992753299043602	0.19915436346446455	0.34320201120675475	-0.061370387338725255	0.12872187184601663	-0.20076240455300354	0.28512624586343427	-0.193781347681357	-0.232484260723925	-0.20814666182497707	0.36891242862093976	0.03894950874242261	-0.013996611519843523	0.029701834629275344	0.017793116930724644	0.17105912434958903	0.33742872124319867	0.09370596783525288	-0.23414213752929555	0.25163044390014216	-0.06739102249036401	0.3239424554637473	0.05284858639305282	0.3909039648357618	0.21493859785131347	-0.06335612839643703
DTXSID9048643	10.74746650096768	-0.8457056775283087	8.220231380418863	3.9262889482466443	4.310764572835815	1.2615377075792271	0.9272330463582807	-0.32239554304925416	-1.4168761097850817	3.1772130852619287	1.501848173031828	-2.2009128900662565	2.04128464919492	-1.1610965616300404	3.3879321705832877	-0.938286194110798	0.8743260725933049	1.0142389490210852	1.304541816413445	-1.4894639933775722	-0.41347143349807236	0.22304105641948646	-1.129831050118943	0.30759018421124723	0.6619076174138322	-0.7746341393098661	-0.8534518275763746	-0.08169037709654087	0.15367906038663914	-0.4246242449263172	-0.8200443497735059	0.4766641779825877	0.15357211643245533	-0.1808469424512775	-0.5800499553228614	-0.381443113182521	0.10890165180130759	-1.0276877452155873	0.5872826500414575	0.06544080530884264	0.025563366010216644	0.338503974107838	-0.6891866970497104	0.9568827273343097	0.18146096917439455	-0.07975866239643739	-0.6732090104868936	-0.2327937408459389	0.6733326173630813	0.5407971328486175	0.03476062145910183	-0.5218158958247653	0.125514982560628	0.18030152504767555	0.025235698011894927	0.07894094708124307	-0.05898199711926127	-0.5345554995870107	0.05929103262484693	1.1232393725790957	-1.2976346548942688	0.17111415031678692	0.21692251057976475	-0.3286065846397217	-0.6171913124546948	-1.2076111516829797	-0.14720620410415372	-0.743685860720845	-0.22741328879483727	-0.5097205591337293	0.18783216053634938	-0.04757805658930382	-1.1070042887516989	1.112848051470105	0.5711383412620398	-0.24440873074490105	0.3252528624632087	0.11411025211566546	0.07703021272895852	-0.9588005160573391	0.7722023753467683	-1.1280822899838534	0.07262008179950986	-0.21162692750770384	-0.736092685961384	-0.03780066031681482	-0.2033314653579873	0.3734310839135635	-0.5265924756271095	0.26209772061760267	0.09430435588320805	0.6163432788445942	-0.23372351140516903	-0.05250781432415959	0.1923580852387362	0.4569170335411698	-0.30427941015802334	0.21505843140732767	0.5741760134331215	-0.5375238481933421
DTXSID8023680	15.6303188200294	-10.582636056631198	-8.578618066752007	3.870671180897025	-6.297913608208107	-2.694027476537962	-1.9747944299138886	-0.7493791502790541	-0.4742148589623865	8.733404203664534	0.8996891886095643	-1.4702262417110614	-0.5801854317503554	2.3097837334187674	-4.044892223101257	-1.9473121035525296	-0.041011244903533646	0.059634616866601445	-0.09585313748626036	-0.8530679396723063	-1.2210903350960438	0.01795916973210016	0.10201209078155617	-0.2266805963457694	-2.8612658303893177	-0.5133994992693112	-1.2841518729889974	-1.459291737207962	-0.6783045064353395	-0.6250322686823881	-0.9685646259334054	0.1175622466701406	-0.8783791727229318	2.354133310207755	-0.25061258387172075	-1.956495116860305	0.2509498743422342	0.8366362763584412	0.47338084423463356	-0.5600612457018704	0.08970411301250733	-0.8505253743208017	1.2575585233074302	0.10563190062156033	-1.628039407987669	0.06005179193978865	-0.9111337329447964	-0.2938050945997173	-0.10482353664188519	0.15427419455429622	0.16903675619262826	0.18001894272130986	-0.38791468139276825	-0.301181475071316	-0.44805804988787606	0.5749002732597102	0.7844949220714728	-0.23414559090623527	-0.3825509813366648	-0.8779788211602773	0.5690150888078507	1.013694704591415	-0.02853911369655251	-0.9003753670441977	0.5172123322945735	0.7203671681825788	0.380598787223971	1.1941902610266735	-1.4160123553028765	-1.8960119771402182	-0.4628584679783016	-0.9202875030022066	0.7258319040638199	-1.031384385328847	0.11542540090282472	-0.6793036174151124	0.5326913584815824	-0.30274974806834154	1.2475759919257274	-0.38153671138588313	0.06018108214826977	-1.0623440521623064	2.0542916786099705	1.639958023845434	-2.363541370301265	-0.44630826518455247	-2.5337033903166475	-0.9857165123755529	1.929847049718459	-1.5435170192449363	-0.14756775762966037	1.3938364711707665	1.3716114691657382	-0.25565508488374533	1.7833374406945526	0.023432803209042875	-1.7951796862311244	-0.4114672487165272	0.9871840986994964	-1.5748805931179017
DTXSID8023347	9.115091250164264	-0.9416769058172002	3.440738624991605	5.995217342720596	-3.536554962906845	1.538703793324858	0.658733425955679	-2.3951061317930105	1.327159196160999	-0.8931127721151144	-4.576900635884971	-0.14106645088851694	3.7628361534844132	-0.47835960125511795	5.9871165060460845	-3.0019873329613707	-2.678793489223573	-1.1117512318311527	1.7483216715129404	4.943031017605041	3.32086455539804	0.652103088322629	1.7215999100449266	1.2858446572018503	1.5122044071332137	-0.6374139964383851	-1.785427188113549	-0.8239625860370045	-1.1212837750697047	0.852672988406155	-0.07500377752438418	-1.5842652187010797	-2.252063164189363	-0.20528684367057473	0.6800296071371205	0.8207056097539883	1.1928975721723207	-0.5702959308524089	0.24792375416265627	1.0400884191441	-0.7860248720021963	1.370944995009393	-0.764891270946966	2.217525399261358	-0.8801821670199856	-0.40966176219559836	-0.6475189420061593	0.01669747676166787	-0.5662990151172116	-0.1266820510479431	0.3433591834111852	1.0497792596222304	0.17701030868244602	1.8224245678473534	0.8324287805758618	-0.43823436556210826	1.6722350211022947	1.279877706138036	-1.572313862298986	-0.24277600297775825	-1.630881466315414	-0.1936517299465751	-1.796892962039278	3.83593984174653	-0.755391544236062	1.7553798880313913	2.4275308908230913	0.17360734687754406	0.12138149897973358	0.03239553912237995	1.9278101075846763	-0.773609234534091	2.1967501333040107	-2.4374031054820584	-0.8648580423119273	0.7459647841423851	-1.2583575616935736	-0.3732766287844395	0.1717348619654998	2.399920029907959	-1.1950845652759416	2.152865132344472	-0.1994877127231954	2.281638013089722	0.9595349144744998	1.578529328343345	1.4283581598294977	1.6902152966736101	0.3233187094560897	-1.348597907143621	-1.0751230525137445	-1.6095072101214434	1.4502670410851952	0.2000746915713964	0.36917096576836506	0.7432121318614039	0.05000643546850961	-0.5801310967889327	-1.828262529734701	0.9959493519646306
DTXSID3020679	3.240821266525682	-0.48713048943179055	3.1276228658579988	-1.1010384845327337	-3.6720773744893087	11.619617038820572	1.9419834955645046	8.109701971486347	-3.04993656632653	1.195690487575578	0.49946287392913247	0.21758548242479656	0.6504354360998146	-2.220548634179634	-1.0805053199877013	-1.6155877862189583	0.2448988610057769	-2.104368205255601	1.946685358760213	-0.7439934339658152	-1.7508223413562052	0.9328645675752617	1.7470219171047836	0.0679770396500679	-1.436480963893109	2.3279725005790723	2.601148082401767	1.6226961957683526	0.678102175961177	-1.798487190839826	-1.5749142038826627	2.3720533704135307	0.1302864299586601	0.3987431222893742	1.0940572229745642	-0.986285224055687	-0.5862334402689977	-1.0887793010703155	-2.3357987827423585	-1.6226612481176685	0.5052931698807641	-0.4642290281844172	0.6851961295326151	1.3552279131824154	0.8626965900203037	-1.1807609597303714	0.9052546616115569	-2.2265427703801124	0.26564282831492303	-1.4918094547533538	0.328865511691587	-1.6405340527942205	0.9813641408205771	-0.5563658210823514	-0.9870499798620288	0.09886659826425853	-1.6669019739902762	0.965941694886548	0.8475698439184431	-1.6801844170123654	-1.9316563710496564	0.1577354881781127	-0.09223105018984026	-0.7436844954694785	-1.5815012953914387	-0.31656976107298745	-0.3833233257023431	-0.6143410129337378	0.6627967863882596	0.11411771533391585	-0.7962717179421566	-0.9683186964049547	2.149610552499502	-1.465203759661475	1.8946657051071218	-0.06420346848649186	-2.4436365279519574	-1.3493389986295445	-0.06855050051033386	0.8446237004588946	0.8162466256913973	2.0265329741906286	1.2876577032338763	-0.31687541378271383	0.6142933783877186	-0.592517784573285	1.3009803626057448	-0.0163978816413107	0.7357385822778361	-0.003510553108306688	-0.2771616400934377	-0.36266610064295196	0.40992367980397865	-0.22528478455948953	-1.5720318355509808	0.10944794129266477	0.08212405402434064	0.2560518867081077	1.7051105632888677	-0.10438445944555624
DTXSID7057652	7.060443101103023	4.605736841247974	-3.021160689909962	2.1450278769561417	0.8102676454310817	-2.90760245698833	6.102123242210951	-1.3100824385810788	-3.5170954595632424	-4.694999693247286	-1.5836355518031382	0.7330741195938936	-0.17407671884489076	3.0596592000778933	-0.5099080395294744	0.30913438422949985	-1.1875754785296437	1.0275570407130936	0.36309552519148913	0.7032063463213057	-1.6952545279133842	-1.133550675583652	-3.870269299377489	0.5977701396550344	0.6962253329400876	-1.7524558912498407	0.8969658342970591	-0.10703546663980984	0.36974104986282297	1.493819891138899	0.3984493394792386	-0.025151031268501177	1.6887670539944566	2.1132794598900584	1.354963614744907	-0.21264048323376056	0.9611673737559172	-0.3515904114998949	1.4113784285844113	-0.37546108439394543	-2.9479908397075927	-0.43648955279898477	-1.282227231571971	-0.21498087475751992	-1.175580527577593	0.7937147998585539	0.6671286084509745	-0.802367178221626	-0.3154901029930417	-1.23798480878564	-0.0426684183986871	0.09551404164609491	-1.7154079719868767	-0.04301927790429261	1.7392927376159135	-0.836590136895011	-1.9827938398508465	1.1518934129070086	0.06883775604769943	-0.2908898224235857	0.0033398034261291516	1.792895896856546	-0.3398859963728828	-1.268776682355452	-0.1705009182740245	0.19794908912194506	-0.36310589877356725	-1.4524071380075227	-0.11858320157184525	0.4753999049121382	0.9414444475839646	-2.4833431092618596	1.08088063384932	-1.4576301214783214	2.4247484310678153	-0.5315336516350716	0.015531357407386537	0.7921992974609708	0.5649307402649093	0.33857423053132324	0.7450601095913227	-0.25911740527823707	-1.154728710314917	-1.3395542551343969	-0.02568094992623939	-0.3507034479504904	1.2979341192585523	0.5355755498946719	0.2210771295698838	0.6911306497915317	1.3482981399499403	0.8622996224835928	0.607229200422384	-0.8244360527030228	0.8738278349964004	1.0826655386113162	0.6338109874605253	-0.6318752564068476	-0.5038058402910794	-0.04803517501775077
DTXSID6024597	-0.6558039332835793	3.6989932851044074	0.7401624319139231	0.6296445175420814	-0.5554459059530977	-0.9586636143333463	-2.7588539803653456	-0.0886543264814078	1.4665596804647814	-2.0779394162272093	0.9428194264296339	-0.40055501219728057	-1.7916442211858294	0.6143426003507723	-1.1042432190659879	0.7185085668350271	0.6219698284051405	-0.12525817720977955	0.05277735645353624	-0.669507890252992	0.04983623985529745	-0.09709246864262923	0.06379716294672363	0.04327825810293379	0.37271767268065026	0.7776117817839223	-0.4952954420548841	-0.5500224457012294	-0.09072332545390506	-0.5776607199635931	-1.2566752353710509	-0.10452429499797856	-1.534520108718037	-0.02725548747977782	0.8346245752022057	-0.3759316565965941	0.06513771559067204	0.2521386544509674	-0.18943587151148933	0.6167707083183368	-0.28676668273948713	0.35116814627082754	0.31860848878381104	0.3378479618716843	-0.41874318573027697	-0.3962991488195388	-0.09064563939429579	-0.782565799333717	-0.19576143051931846	0.15326395104410762	0.08788677949846611	0.01347334172241599	0.304760794547811	-0.6251487323392009	-0.3832670389292464	-0.4962814879671439	-0.3111954668928523	-0.1657030961042482	0.15476143250117042	-0.3422152083981183	0.2384618576052119	0.43918383053870463	-0.16314634750583815	0.9198380542504863	0.6523148553242426	-0.09963659148586314	0.26040926577763507	-0.7565448828556516	0.7718594779660138	-0.6696474339545347	0.21025816250087576	-0.7135316042201065	0.6956978930894531	0.8832034714701376	-0.7524556687041628	0.5365911967563086	0.3670295891160331	0.8838833902517966	-0.3816674394413782	0.36822941973725154	0.7096114558384774	-0.3259729195067596	0.24547632606479516	0.4292646249504202	0.18823739339420512	0.13007076754025515	-0.4963436436368324	0.24582820382881768	0.15565875167318544	0.061332844575551264	0.453147134619433	-0.028913204048711616	0.07946381012464715	-0.282386327891982	-0.18831584204599106	0.05372647749182288	0.7061632634248451	0.3675455833957168	-0.16836421825576697	0.3197043376051538
DTXSID0023329	1.0200303392696406	3.7563982307398596	-0.7794453716355347	1.2963033628877474	0.9474839961006837	-1.0534439588881055	-2.3607770685760228	1.1879372408081053	2.5730543449576606	1.070131680073445	0.15581031004024376	-1.2313415809280845	-1.3280912257636082	-0.285417748691739	-0.9431557119064344	-0.5737997540261989	0.8017325722016335	0.429821815116928	-0.6029145857362416	-0.63199247516328	-0.9956508209931675	-0.2339828838398479	0.6404585818990667	0.4663944480621368	-0.9066376085528729	1.460870063697533	-0.2868490719015924	-1.8419209943746198	-0.8726185199354276	-1.0397832424048985	-1.0737964594182645	-0.341045075101697	-3.884822955926805	3.138463920578171	1.2919805965936928	-1.9938513921733538	-1.9958974985325764	-0.3661173273364979	1.0742614338420813	-0.49395373971420425	1.6810441894548886	-0.7715280118522313	-1.185150961971689	1.115191442781264	-1.1866512298169805	-0.7706614062892495	-1.0013053780668308	-0.07927164102452154	0.19394267035917492	0.8754825383481152	0.8186997861846712	0.8248107843895649	0.5532001857252532	0.06462530244456109	0.19441637053125982	-0.35853153699334345	0.006801811654119099	0.9993477712422224	1.7757783322225162	-0.9786231080219286	0.2597502054376521	2.3366597948637295	0.24460529063398362	0.2682586520065156	-0.6052120568616409	1.350364584137354	-1.4647831936329994	-0.5924132943351987	0.1906977248427577	-0.4632450533713276	-1.0289454908784081	0.4751389399084857	0.7227291395460663	0.30023339199064997	0.5086973015710504	1.096468866308178	1.0866030402105111	0.5267367489334311	-0.29942057069619715	1.3880325566966367	-0.23395563412930756	-0.17791685641095123	0.1306895286387022	-0.4347024917451357	0.7437037849590579	0.1682847273889905	0.6137493125187746	0.1283365604141062	-0.42010419845039476	-0.3644264755438826	0.45079661595567533	-0.9369776568373227	-0.012648584433876786	0.25329663085723086	0.2350774108980425	-0.2729788734221285	0.7086519935720665	0.688371898293359	0.15189199437663442	-0.07961532908787623
DTXSID2047777	3.9513062072014353	1.0927268466250817	0.9138236722680346	-0.8425110027384095	-3.436746895364244	-2.1635135836045807	0.8891972713964451	1.7236189201547498	0.14235267827059989	-1.1186161479217847	-1.9115440328960709	1.31258137800657	-0.5318653424769992	2.5293290234798103	3.742138976328779	-0.1483338469547644	-0.9772909327347745	0.9339791859439083	1.2655793726835047	-0.322727736705377	0.013224917154900286	-0.6421025427453939	0.2774718768016137	0.12955801325693445	1.565999968101012	3.996118271143082	1.5208649743572384	3.179362057237457	3.361197435738844	0.31263314366518347	0.2421712073670325	-0.6991879064809203	2.819145277402012	1.1054803838753346	-1.6263869763008048	0.6648962059515636	-0.40929479963054444	3.0315266771344804	0.727408471755109	2.9760703042387204	0.2642198480780954	-1.355688762228876	-2.7230598783205315	-0.7147785160893173	1.4876069218753687	-0.9121132760971772	-6.485918055013089	2.5541489819820273	-3.20464173003219	9.728549575648472	-1.4706715063723823	-1.0310818386690856	0.2229387799774394	-4.756284249382177	-1.766737010680808	3.12005953339133	-3.8917185508964094	-5.0957633361542465	0.7824100904330962	-0.7092790471519436	-3.630384566704981	4.31779308218888	-5.011031600963042	-1.111643761659415	-0.6837100494679359	4.845853434885802	0.9032551533853929	2.067107475894393	-0.33243313152067616	-0.7770370372936034	2.175957703625555	-1.5762526048246024	0.7298299602966117	-2.568518165673479	-1.592693877677583	1.0414886490423747	0.14444770876761562	-0.15955142501899816	-1.6116624591399349	-2.479998089488039	-0.21990481086493036	1.5084343751868599	0.8068561836765342	-1.0938777259472858	-0.3529656478608069	1.149874278343983	0.2412359364719873	1.3763133406830357	-0.2856509847632233	-1.110418579147797	0.009305947103901594	-1.3346518516043886	-0.1217704635578355	0.7280546299167102	-0.2284289393915485	-1.140993746614327	-0.23409778567082298	-0.11482550647073303	0.03738137022857502	-0.21590805864551293
DTXSID2040236	-3.665383277369605	-2.3502148438848542	-2.4732697004227355	1.8770744086974978	-0.6270082724633222	-0.084122166927834	-0.5304900604370231	-1.9473278085494172	-1.1408228837791399	-1.3215079139030026	-1.4906535746236889	-0.28566335261886283	1.564388283266547	-0.02561112070487895	-0.2641099554498491	-0.240001236770033	0.10470652314101841	0.1389112927976962	-0.883891475420555	0.05018744356569646	-0.37382902558617603	-0.29748262854784396	0.8120606782358025	0.3421017635331051	-0.173139297600515	-0.07806822016930502	0.7477146665428194	-0.11913643235473663	0.058371705105462204	-0.12411565474743148	0.15908425521757455	-0.7372307721107979	0.19894038966811622	0.006707655242100044	0.37964605201152796	-0.713803066464485	0.39105542601435916	0.03283712279965846	0.3307072639286472	-0.10138986315982629	0.4978878995864412	0.8120964202267846	0.3338191226647445	0.5165087673807205	0.11714046732552826	0.025169584989658822	-0.07957638612391257	-0.07139445423268526	-0.16146515455070976	0.23741159641407467	0.2563889887008355	-0.058754982771676505	0.25794942456726605	0.37366758258709853	-0.4422089768534751	-0.10928492358054193	0.8964833970165081	-0.14683522765311116	0.08892995604662489	0.5401749985987607	-0.20097621878703537	0.24925184427627356	-0.399171677608551	-0.10393354989608743	-0.1794112477862164	0.6200595295167799	0.15941110046138665	-0.2240090020196428	-0.2805480849694815	-0.31675421703908346	0.3729661115774659	0.11230908690238098	-0.11474977850025082	0.5633334274174097	-0.8476091925640186	0.024791740717339486	-0.4926938840016317	0.22272453648938567	-0.008963101914432867	0.08730585532393413	0.19897889787380646	-0.2467862682973272	0.5143438444787214	0.01690671881557102	-0.3330065742267265	-0.3420764670269631	0.4426303024173448	0.8784907078362274	-0.019739112953961267	-0.2031114068497225	0.10718556456193726	-0.4232938122877884	0.07205397300685636	0.04004843453897475	-0.7136066642449204	0.11870127832077877	-0.01988853027501446	0.18884709245254871	-0.3097750361641837	0.0018499160981363004
DTXSID9044748	-0.4346438943631467	-0.012103194934114254	2.5287944070222617	1.8697494780664623	0.8244966113762071	0.6463598346884826	-1.684390808121357	-0.49419170368693693	0.5018603914022012	-0.6824149220418342	0.7817725465510164	-0.5066489929724868	-0.32079425888710916	0.37557474755712505	-1.5565480263977385	1.1632798765903132	-0.5218922971806111	0.43510051476887535	-1.4807543168337873	0.6901888769665667	0.4299918150305115	-0.26895692948292643	0.15535320952601836	0.03959194735340299	-0.133566367099864	1.1744664487435035	1.1049118243817821	-0.8308750575670515	0.2467493275029539	0.23427697827041774	0.5856300279654468	-0.21581738547674387	-0.829073714861331	-0.32634381477724156	0.728575277662932	0.6750256672986159	0.20744565174573557	0.7375891603454966	-0.06053074607571616	0.3811925088777975	0.34530506639465414	0.22526391682124514	-0.18803695806398624	-0.9217859700443888	-0.15067771198492813	0.35908481447715257	-0.10232693343167366	0.47996057259248687	-0.20121406687322804	0.1689731115103022	-0.07988509896452761	0.6617733924390028	-0.1486678588141518	0.02479371027485966	0.08406734827532117	-0.5601572636814935	0.4541462654159336	0.22267542266989593	-0.5187025440535138	-0.17555495402206095	-0.16558996788028696	-0.5431945606232929	-0.27682122354013217	-0.2874165025018917	0.1640467730290485	0.3562449468956441	0.5050186470818813	-0.35427765478369855	-0.01471105228128476	-0.6714597379046254	0.05552027986024506	-0.6766473154214201	0.19820792216258612	0.14486524427820632	-0.1783716799125975	0.4362355246183585	0.5746453736817089	0.04015264934496404	-0.17999084087314618	-0.025795474374058183	-0.11008339777637789	-0.13634275527226156	-0.5557059186553802	0.06326412981949492	0.3865139038607523	0.05140901128932161	0.2177644292447097	0.8562535616515536	0.03256832838310745	0.06515001259619439	-0.08720354558794373	0.33789081132752896	-0.007453000208102605	0.4137319615607958	0.31591248910018577	0.7231892415187733	0.41545368637163915	0.08522580612809785	-0.39566831433053234	0.5496224455614601
DTXSID8027373	2.361067546360674	0.6283062792240113	5.153286726580768	0.7694993298986235	-2.008211861767296	-0.09848413931613664	0.6949752487838899	-0.33543746054350493	1.3967164796652574	0.3307183928688021	-0.26743474048778215	-0.419237362553215	-0.7759020342143624	-0.2598708358833533	1.1302494106032417	-0.8289011690252077	0.8987663815847828	0.5754697206349773	1.0478784267048853	-0.9439023385848733	0.3541675762904705	-0.05415571238270222	0.07642846055006237	-0.7872121303597005	0.8914026723030304	-0.17820144070945515	-0.21318078865210308	-1.1484516362580872	-0.008458701269027952	-0.6358767435880801	-0.06679002229211803	1.0392634036136663	0.4329502145749136	0.8354069507510704	-1.1880108437640078	0.0006733260945297154	-0.31651613145157725	0.962727361617767	-0.802537051284604	-0.8610464366628513	0.3778039284627155	0.00400230979969839	-0.6501472814599751	-0.5877063131130595	-0.6091685060706712	0.48116872218417955	-0.19115699309475434	-0.4131390019243609	0.019046533780628053	-0.3498973752676027	-0.13584030075673767	-0.2829345358278862	-0.2624361200022182	-0.09133562856303822	-0.26107321824599766	0.22759748295855906	0.055293901859478904	0.6449663738218024	-0.5087859760970533	-0.03989950907845982	-0.10018259871933011	0.7655359027598474	0.7967830162050455	-1.0717254130607523	-0.3881200226059089	-1.1950045722536942	-1.0027972354360482	0.3344315132808931	0.4220381239351144	0.7984074160483352	-0.5997393086997579	-0.24371506293137288	1.0979255678952107	-0.702043430883202	0.4348316260529641	-0.027221090321720785	0.33493943252824004	0.5052246280791372	0.2041347055204523	-0.33495946731487947	-0.28896955763424526	-1.198783221502088	0.33509094683548646	0.531990728141061	0.22895965710747285	0.213081931452734	-0.46984110308612964	0.5221977800659987	0.8460620003509225	-0.37875149039103856	-0.13332758349749166	-0.1817744807252278	-0.14799623365948128	-0.014540541392069783	-1.1997872380573156	-0.010847950139698364	-0.4159147141510578	-0.27376932766566003	0.8966571648677639	0.482386464963396
DTXSID2036112	5.914788826403791	0.024746694966654662	5.850957668575026	-4.099227435114009	-1.7434374084337307	-5.844221675478472	3.2574839309167705	0.13945631424125424	1.013321797707751	1.2953579850595498	0.3194422704867372	2.0993393384480874	2.281063615917759	-1.2031429521497468	0.794033838746621	0.2780705560128118	0.7939475806374356	-1.6012541088871337	-3.1043417586553117	-0.538476762289465	0.6214257569630671	6.123420904327526	2.160508494542078	0.7387737304784572	-3.3468395153781194	0.6571884421289463	1.3284938233812957	-0.6025732708456161	1.4456370829802951	-1.552636369476339	3.067803384600803	-3.5840419706997118	0.8941191276947809	-3.5002715521872863	-0.6358482844889447	1.32491074405786	1.4116587591698944	2.355527098226051	5.251325427259055	-5.152570027175351	1.0493426599416182	-4.700152768525116	0.839571777737531	-0.11804084106873343	-2.35983930146363	-0.8585004462937639	0.28467219760063006	-2.263798127594308	-1.1982088222741	-4.0657470048524775	-0.8022699938241307	-1.8152157358215868	-3.0190942599580235	1.1618805044163854	2.1284402805723617	3.7127109908275604	-1.2411428615204856	-2.7630601836036663	0.22376555711724014	-4.54773953368231	-4.646016130326747	-0.9814107697026795	-5.049657486644068	1.9261372460702093	5.154666907309993	0.9293316742994823	-1.7456700172804203	-3.67993555844962	1.718619450506709	0.45071420202709345	-1.5118043742361558	3.0496829087264503	-0.8343469251950677	1.2234338160095268	1.431462599356272	-0.9819407510727948	-0.2476007081804078	-0.037048974612422944	-0.6418552581410926	-0.2554674392919782	-0.4330538563230258	-0.19529505315561432	0.07830249465897346	-0.6777519361338102	0.30516939389712544	-0.5026575074099074	0.5369030251076343	0.015440681483071159	0.413935859119038	-0.7888450197549061	-0.5256486743988367	-1.2468475768570353	-0.6060803594693598	0.19165392787712038	0.5242107225921424	-1.390298937578014	-0.8333004924776348	0.3802750103125446	-0.16599170630356483	0.46996287703604545
DTXSID5023742	3.3300447250780234	4.790152316133109	-0.42572831065519734	2.717694205096565	0.45620554333017166	-0.02002872659902864	-2.3174950592270074	-1.5765232288527034	-0.567838543805063	-2.684700164544226	-0.41452485419353197	-0.7108228914344226	0.04090974267449935	0.6313534367611128	-1.351239607037582	0.8318137368684554	-0.6041803121611065	0.49183884080934526	-0.9697659189872632	0.8414309223334926	-0.002953417858166121	-0.24963554837589214	0.8562116768798774	0.21051148006116532	-0.19191653429752042	1.4204301364587295	1.3148076998073672	-0.4189419369828095	0.14465785492297908	0.20807283879053112	0.5843003024206364	-0.49446328016980945	-0.9028708455021519	0.49693784897478355	0.6198517413919078	0.5639438213470693	0.27414782260282755	1.0504380340138493	-0.5661971034485804	-0.7282536124726235	0.4233913754839729	0.30717631730674694	-0.20063211332806832	-0.700110066493862	0.13944247028017645	0.14565422459845612	0.1070670163637724	0.01254465476813278	-0.40332929509392973	-0.06954278232091764	0.09527859099936468	0.13957099093272982	0.021563186245914214	0.1639043371500755	-0.720058072514629	-0.002256125058208255	0.7554188466813383	0.39218190537788966	-0.15953946604020108	0.0839182721616532	-0.5315994469629357	-0.36112909742731203	0.21424941479664722	-0.9962776761308424	-0.30222275228116263	0.0437403406691783	-0.21009100715561715	-0.5716149110805248	-0.1473325967975934	0.2270130903992627	-0.5217463961649381	-0.4167606099646877	0.8791775582204197	-0.7162615645672076	0.5354368303685986	-0.22181685969341192	-0.28222471278818917	-0.2962976138587613	0.3188432777481988	-0.6429063095721965	-1.3374400389018613	0.5611176571727665	-0.39252593968947896	0.24220818004693767	0.12296228302272519	-0.31835318399733814	-0.7032695481728847	-0.749041770436697	-0.03151568376662987	-0.15423657694615825	0.193133472306008	0.22989239059867334	-0.2956861635992118	0.5178427203756646	-0.057429737068525485	-0.11282078735981249	0.08191531993646822	0.02486341412596138	0.051729509865055694	-0.0769784941121854
DTXSID0045173	13.294401424094866	2.5378730466272272	-6.193285253211308	0.7409867256283125	-0.29449242704238826	-2.0657882649885093	-4.24477752539977	-0.16004155713208026	-5.499541621374201	3.079584243944876	-7.386405080829042	-0.25830740321438184	8.092152258347754	2.1463548639487513	0.5781814981069529	2.893939305421753	-7.321984070381037	-0.21429026613500454	-2.0810299310135423	1.2708997354147207	2.0382218299781396	2.1900263022217485	0.40961140107557137	-2.476481331798275	0.5481101610923589	2.5716109721031413	2.547719653025022	2.1727170876356254	0.2249877337053882	-1.250653124556399	-0.5679193390779043	1.2812463871479187	0.5767073665595064	-1.2600414481978974	1.2033256378115658	1.9514396352341297	-1.7730212894299182	0.41339749002623505	-0.12701079255179748	-0.7714224142402802	1.5026560654912726	1.1353226858836878	0.8228734177306498	2.1633716193121155	0.6770662379293515	0.966103153143227	0.5511405649618158	0.6115831207044731	-0.4789872044599279	1.102972695194591	0.09411849118722514	0.3845210094634078	1.330851771235572	1.3192734540403401	-0.5000913493290026	-0.09966406933082719	0.29210237593263405	0.6741978060411481	-1.374366742323273	0.42046429334343577	-1.114943381976655	0.21179841760010393	0.06573856428493743	1.331543951172529	-1.108582617146003	-2.1255432129705	1.0593050850759564	0.38299767052384126	0.7838451711706186	1.4184155652819979	-2.959162652332092	0.3335731859808866	-1.2376088236455636	0.8328922022385967	1.2027569013692816	3.1098823317054296	-0.8020461364335493	0.19364970448177216	-0.5230816695234486	-1.8654467631815235	0.9112505408338772	0.24705764812962572	0.558191495928495	1.0095624623790567	0.8081506725540052	-0.5641285384386213	1.14383369772481	-0.02540393607276974	-2.67610266537105	0.15719478362190875	0.3309268145068624	0.6984119025290721	0.42727473127628307	-2.7099076439725724	0.7503623894616276	-0.989468005908944	-1.2293396540708341	0.4925918754796028	1.1033350627387801	-1.7814657125771807
DTXSID2021602	1.5808082026407666	-0.7515142053633618	5.2046808233710875	-5.624067754042883	0.05575316236064382	-4.399610508743228	-0.5311520976063427	-0.47340832514996123	-0.4453372638375731	0.7756378098853282	3.4650370112856326	0.0156064450388753	3.732232595677884	-2.527980831813879	-1.8092141503228538	-1.8725501547251222	0.2508623753868536	-0.6992334792802698	0.389794682331603	1.0739051658939314	-0.2964018457723584	1.0911917453545987	-0.1810206226344501	-0.14401475232879432	-0.46887764386449327	1.1026755618044624	1.2960609688515496	-0.08284378874513197	0.3642718433669247	1.1498032928068147	1.0683862546390017	-1.1152850399252434	-0.49229092369699606	-0.19998054687224393	0.7375634917397673	0.05754296264323888	-0.058092708861752516	0.23148017460595888	0.6114584721599111	1.194762120228978	-0.17946715767606508	0.2628865380051985	-0.6846815249284062	0.017487892735896834	0.14903484559657934	-0.10734286150555382	0.6870316728091321	-0.551842028386349	0.11563625901299028	-0.38854355484287384	0.16066861568397223	-0.07371000151940418	-0.138110854482394	0.05148234363813089	0.03696962017486067	-0.3151832779994752	-0.003234554267485286	-0.5302238717343911	-0.008751886917090687	-0.18376686629322198	0.1723844831714103	-0.8115681098117348	-0.38184096243160776	0.005656389097501837	0.5045318105387049	0.7816979213937344	-0.8746911518735396	0.38053164393027994	-0.12513219574903062	0.03499226144669257	0.8932217410678257	0.1322442160538939	0.2425996652733722	-0.15366318171815324	0.18093966199713377	0.17387000683048912	0.3248928721336822	-0.09178048875226456	0.12293033143571257	-0.21518445812394865	0.345853372259245	-0.1592792324130788	-0.23249414973629	-0.23737815984145888	0.40749456292341496	0.008268891590472904	-0.03073868926685076	-0.02270900831920698	0.008980546059194783	0.19714351370294475	0.2806000877682876	0.0841097852822356	-0.24996024499635955	0.20509632843888476	-0.04676417996692476	0.30144457592215257	0.038499031574152034	0.4139493032725679	0.2172500443985529	-0.10140642004288354
DTXSID4048854	3.484050151846081	-2.550005101779219	0.6637817832773582	2.333220071373777	11.701237096994577	-3.0089289609845338	-0.3170622877900359	8.809505896043806	9.129684548888168	-0.6703427651935338	-6.720949289700451	-3.0177282424033534	4.877934745656634	-5.843730652483111	0.3822867319300288	-1.1616958875622623	0.2352310782204125	-0.011008087951972159	2.0012685234989807	0.6368202917326374	-7.328532041307674	-0.8296768420703742	-4.978775568136269	-0.8269399875610407	-1.7543069880264468	1.1751762158594186	0.4254342774816863	-2.3102503706621107	-1.9700399580201662	-0.18774269613433534	-1.9920997506804818	0.2865174112983299	3.0598485766806567	-0.9477795521442072	-5.024995624233805	1.012727435573266	7.339311176661382	3.5248306762249513	-2.289290375773086	2.670297834102038	-1.1634962968849023	4.008391760888965	4.500864368062074	-0.03627808298717059	-2.4225477553664683	-1.0374306215994311	0.8919455397609964	-1.1020503153928953	-2.1070313467524766	-1.7563116081832033	-0.08555395427790773	-0.10682895018797359	1.0538062411119329	-1.8875401896219781	-2.8845750844686653	-1.2027269177645656	1.7024237455817066	-2.3303566250815684	0.1581730524219474	-0.67097238412288	-0.514663821615044	3.2150390770083828	-0.4142101398431481	-1.8666023980479287	3.0009945952338173	1.925551292404281	0.27051923499702407	-2.923038179894507	-3.250773046336085	0.11406188811032139	-2.5575211267737195	2.300974845163145	0.021271894309367476	-1.7056178437372316	-1.5451567919686438	4.388244651532175	3.537299086094377	-2.0394351922496257	1.3670983451663503	2.1647921913793478	-1.615201147393989	1.7667007068802865	-0.8300192040808402	-1.180324043073944	0.7117499209127268	0.8953004861152396	1.629842751448871	-0.5758229172896331	0.3189841056705375	-0.26938334865309094	0.06947851283699207	0.26461525400943803	0.38220707942578397	-0.24406306624189497	-0.5366224093938629	1.0344379450284755	0.22496237893563045	0.4705647220676219	-0.3832883924111497	0.29971462540253313
DTXSID6025141	-3.845213576697909	-4.666415993480305	-3.995153541683605	0.7134515732335948	2.1844464107760313	-1.9915983302656786	-1.2062773352255114	2.2900561812570532	2.824782087260478	1.4156294539430831	-1.7241198601768843	-1.6500364060338357	2.265535004099461	-1.7211137992570043	-0.6255605894939376	1.544065691092084	0.02849476702546525	0.7851091715308033	-0.20205784984088004	-1.2416419691687872	-0.7622996458749074	-1.117153442612816	-0.9327147759106358	0.37689171887046125	-1.7960063670589415	-0.8683371815949851	0.10274800929763112	1.4037713404292247	0.7720577879922936	-0.11632087802781008	0.017092455874982787	-0.23688519735007518	-0.3919118638974993	-0.3464391596178987	0.08095938702394602	-0.17101241134472983	-0.8262119345386306	0.07171551153644164	0.20455803416460688	-1.0748872795733388	-0.37806911289365847	-0.7195315543594182	0.13746295248322093	-0.046222884357053524	0.3129896896337842	0.6480751647391066	0.6111474601832084	0.9312213628356555	0.27359648131381425	0.5026482796264768	-0.11397885738905016	0.7667653799530216	0.3623473895781007	0.19334833382421057	1.0922457296386445	-0.6766312807398042	-0.27962854613776855	-0.4855156852128125	0.32756512877405963	0.32519295759092076	-0.5510142296578959	-2.249840947660551	-0.5588197887107286	0.4427581770026715	-0.7760097250464907	-0.26104330890971095	1.0488928526114136	0.17350554073935567	0.25642753910332805	0.05768257632105648	0.8298240301869492	-1.0539776512508923	0.4936005568563366	0.8726288672493346	-0.5796355439792262	-0.24057886911195694	-1.093927910705339	-1.2864352780612949	-0.030012236638137672	-1.7156536761602785	0.758174466178502	1.2318237520774706	0.31443612938692167	0.3541812473379635	0.3703859941992336	0.057535587921259485	-1.1286075630383778	0.15234750508457523	0.6209385355539044	0.4410605059287375	0.07827735521127403	-0.19545026627583936	0.8754443213623124	-1.4990676749595513	-0.10794444355242573	0.3493645097358783	0.7260344077279862	0.2876077112805877	0.23871551387812492	0.07074553130233219
DTXSID0041359	-3.221459418258935	1.1835554540961657	0.014891829642586086	0.5320262217031305	-2.5047329105308753	2.722080839234764	-1.9597345654239113	-0.4411066988783939	-2.183227740351495	-0.45809948920032273	-3.9028835569361813	0.22522564418770988	4.781169015228057	-0.09395789558427496	0.33645735419018546	-1.0980152158020393	-1.0221850287189518	-0.09743376592075588	-0.47881039669121367	-0.02267075277181626	0.4849671163232386	0.2174938428906218	0.5314728790363699	-0.1035397609956864	0.7603200763305883	-0.3385498679655974	-0.46549974280567397	-1.2982785284113914	-0.19481859016816125	-0.3478870337378091	-0.5713670240532592	0.37532615333173797	0.0898815598581004	-0.028007954457005307	0.19100451929282916	0.4214726009811879	-0.9359074399520922	0.5720722483122815	0.06172294827969238	0.1626931171602722	-0.5291377050863632	-0.0047340914359101805	-0.14166088155130305	-0.25052642818702975	0.14661730127847453	0.11018737816976339	-0.04144945943423862	-0.07304827781768324	-0.2230166752936909	0.28572243195693464	-0.04498799829374443	-0.17955125581397677	0.25796148224171933	-0.1539910907030137	-0.05188042444228814	0.13080012598223448	0.14072793114013873	-0.2879814595765312	-0.06565035207698199	0.03388153119294524	0.5098000496151038	-0.007379555859863887	0.021048753486343726	0.2687100900939923	0.21089393322356156	-0.6592016158311848	0.26834180457816237	0.27109360001737054	0.36946142957146605	-0.0710492231974771	0.13586150283864598	0.13986384317714898	-0.18037264446045223	0.46145719844742505	0.2377289486678766	-0.12823044020904797	0.8230761226669258	-0.6128413865795055	-0.011830384453900451	0.31254156854328297	-0.18058445165572068	0.4653050676330443	-0.11355137618530615	-0.21208804530975203	-0.10018367832049323	0.01731194331546557	-0.051067814585147746	-0.03195113991395181	0.011400911723243996	0.02392305401450945	-0.06114688578054519	0.26445874173889256	-0.16834797851314978	0.24271795294907283	-0.06716939823307133	-0.24461210664165278	0.20219482864504715	0.02876362778723089	0.0562957442872478	-0.15081254964088234
DTXSID6038827	-3.6403620634365748	0.17092984568100975	-3.022902486374333	1.2551013801617967	1.4804840759691364	1.1827910655672103	-0.6799330636117629	-0.805054784488621	-0.7528892668843132	3.1167219351361535	0.7766754136698325	6.736804000381331	-1.1921623838772604	-0.5440465587374774	-0.3366547148980179	-2.6298135764422668	-1.028720867779532	-0.5924977152216351	0.730551270161694	-0.21935105584254858	0.005852579431690904	0.265416439712463	0.656702334493576	0.3278911244100817	-0.8184445049335677	-0.2229144967815057	0.48191546973948524	-0.8492845164912911	-0.2589313591456592	0.4494042921229887	-0.3270454758299469	0.07284764077110474	0.37746260966456335	-0.23398318800880005	-0.9194149411075775	-0.46422497667044416	0.03289843598903128	0.5560435247518133	-0.05066530160601525	-0.12744711782861287	-0.15112768625312378	0.30514512770009	0.3029699755638249	0.09107580632578209	-0.16421059915348687	-0.12979134880051696	0.2503684552920825	-0.022575049363899223	-0.07217352362025549	0.1850458222948957	-0.10120909098165612	0.1970095955033808	-0.06431389493363168	0.04709040376170274	-0.2229103237254891	-0.028520860372845132	0.16467710021862325	-0.3601062072541383	-0.2669174595539821	-0.0304002818417429	0.6142068654095622	-0.4547971003707694	-0.12681185900420638	0.13303280984222546	0.22827796892524194	0.02080191226526598	0.17623906160761793	-0.38581854532319804	0.25201300695691137	0.38563901253819893	-0.14817467842274773	-0.4615232161882529	-0.1404713126841014	-0.03268227290338508	-0.08025592080885868	0.2962906518136392	0.0098063818259342	0.08068228973721307	-0.6272124020015295	-0.6913429136630511	0.3191534195552838	-0.198288481959677	0.2873221253066756	1.089850846486549	-0.11783200335464765	0.6275604159231394	0.6724442899035329	-0.8323073267860156	0.8990314417597353	0.7846184803260585	-0.7669708650470456	0.3964125853787033	0.0008100579437665057	0.2614210957863231	-0.031357888930116116	-0.7846819537236484	0.14501963156440542	0.01874799208579246	-0.20166293087006518	-0.14222148691342504
DTXSID2021151	-2.906498962995717	4.7932055348492435	-0.6338140912628066	2.3245456692253614	-3.192788687071986	0.36962720186462084	-3.9009638624461456	-3.1747949410136647	0.36496352883743594	-1.5335282565065038	-2.785128196272498	-0.9285084122521079	3.685314320126758	-0.29391521103556567	0.04374099829233166	0.5801539395613455	-1.4132999714911054	0.37477930057615527	0.02274669087133558	0.6912536917955113	-0.21874983259486624	0.8443283200919331	-0.5246273222815754	-0.1403289541556702	0.6232970112562919	1.2735517078904621	0.3533096266201259	0.4400152369844959	-0.12993105381423972	-0.1177782319247471	-0.5924187808665389	-1.0710485532515723	-1.4402812347922718	0.10592464637719515	0.48723407360861715	-0.676701507538297	-0.19588013517210584	0.1980933908107097	0.15278181278684497	0.17137352049620078	-0.24016135763208704	0.2939725390662121	0.019065941893755912	0.038516830087813723	0.6337737568854466	-0.38885902610150946	0.014278909836375893	-0.6847417506636858	-0.06103612652423313	0.29284325395135713	0.27647438198401714	-0.26359497158046286	0.4326919049811472	-0.1293380510339938	-0.4311312822489814	-0.055270796293212084	0.15465307310530513	-0.08325610527464068	0.6506186129038117	0.29607021002430167	-0.141225814425962	0.03791689270507437	0.0749882936219896	0.5089139690460325	0.34809541999252036	0.181515897028905	0.17164351481370807	-1.0408965506453023	0.2788050105890148	0.5143331466660799	0.030147246459328994	-0.7085144209094801	0.7751861064258462	-0.36795142659779756	0.5045172983875031	-0.06795624027236893	0.22280422180372905	-0.11273139332022199	0.1029427357809102	-0.059132231275864595	-0.03522843316953621	-0.11277892657844919	0.030571045938920884	0.2551256293802857	-0.3181458087372224	0.01632640684439815	-0.44707648359365015	-0.1786531991646426	-0.07079870621278296	-0.28709556126109165	0.07466293159000394	0.4263658646102655	0.36730141616147693	0.4478010380514917	-0.17713452916242983	0.036093124512816994	0.09755693427868045	0.6277246070926643	-0.8354285690555593	-0.3450715809663464
DTXSID5073901	-4.951358979704054	-2.7968190408640488	-1.3228076573377054	-4.100514839986212	0.5040282442535338	4.135298949122588	-0.18660248308477076	-2.1025944695079173	3.3897774550269446	-0.09589836038654133	0.6285510731291565	-0.27972711803888756	0.7935552019150054	1.155688042683856	-0.21387261732225937	0.5439717553377786	-0.6294156203047783	0.20391960447859492	0.5630988637661035	-0.2735782386671115	-0.20661947171769204	0.29528098955781085	-0.5135462060131113	-0.19965156923382066	0.421881136597472	-0.33442913915476685	-0.3390939979978624	0.14082333830963684	0.3836436875172724	-0.08710183999666825	0.34973050911671916	-0.1226576785061352	0.25882781314852804	-0.2125593663678042	0.3853962573657294	0.1849970388523274	-0.12634136115505765	-0.253729830316444	-0.16009925357379465	0.26970323861994283	0.030923452711735543	-0.444324694026386	-0.14169140717516834	-0.3043950654128096	-0.012999181327864262	0.3918723692178615	-0.30039620138950834	0.028024358162327602	0.15980273184435934	-0.13261150710047517	-0.08058266552911834	-0.2929164480726931	-0.06423267661674983	-0.0941777774152158	0.3061885627946728	0.1388229719334302	-0.04916481044678046	0.3941210525658299	-0.1315182238557268	0.23787868588427438	-0.3394836744343394	-0.08449336061355707	0.03467272322946669	0.04646569498665828	-0.18265040526259568	-0.026511935316121	0.10664757467495457	-0.1347402756273908	-0.27842052281159885	-0.22751411188785856	0.7092183566423218	-0.07194226337862723	0.1892241884272324	-0.1475478132411109	-0.38910856170140357	-0.03773983671530477	0.1653611712104373	0.07127032295051162	0.08874409211577867	-0.1146065700968515	-0.3540224404474255	-0.5448557646401645	-0.05437370385893341	-0.5649160882004987	0.054994197859540274	-0.27571878614552914	-0.15425458550992513	-0.8268746090129501	-0.4848635330556068	-0.005988161033790529	-0.44432107192679726	-0.03075043695692442	-0.8336744187694618	0.510741714759215	-0.197483290965826	0.4121431396895563	0.24362884089844702	0.40856385049449373	-0.10347233826300123	-0.6072855386674246
DTXSID7040653	6.2617915659269	2.9819779905119375	-5.044155129229168	0.24893773902555102	3.9210799978281656	-2.1778585846160023	-4.801648659276374	-1.9732332310101026	-3.0191609851089516	-0.34021948922310186	2.3748353050863176	-1.5586821981315895	5.885837449877402	-0.7566324532953892	3.548541646653115	-1.930451448338559	0.13083594775866567	-0.3840323325215574	0.08836294979123374	0.3209505105759706	0.012865031652066136	0.610800126011243	-0.5325512143980545	-0.3631660760450873	-1.0198395485145342	0.8271456435484777	-0.5996913113010026	1.4161820307655328	0.3246185393904391	-0.5547549474663573	1.1204280562355744	3.030959451610212	-0.21090928697933026	-1.337661250514524	-0.731717326944769	2.5787066822257194	-0.6091678177051759	-1.7832951587261283	-1.1703956715181205	0.17040662411515758	0.6894186420220729	-0.5327874703064353	-0.5280419784798753	-1.4363763898653823	-1.0751841788589838	-0.6475028509131103	-0.22985242550425003	0.39084383340233664	0.552969411067052	-0.6093362680528207	-0.18673211554899977	0.1306650791491948	-1.1628725891445402	0.21154397244962345	0.9361843421632688	-1.1013531996115626	-1.058392334285765	0.31088850221723513	0.20410305062771533	0.25169477787109046	1.221288304315453	-0.3645171890273429	-1.2088413138269507	-0.24073585789653096	-1.0166809487875785	2.6326864880231793	-0.6379663573496158	-0.3165012329210069	-0.46423965001379425	-0.9378950670698939	0.05522399832186296	1.879292921732677	0.47543255893318354	1.2550785773467497	-0.691882906381711	0.10314556182749639	-1.367578636759882	2.3762010043877146	-0.6202445807143843	0.4324962131199965	-0.19096626536142094	-0.19882285786449355	0.882365813010733	0.9377275374365994	-0.9345971776905264	-0.21251685040273258	-0.05577238738977524	-0.8478551140025586	-0.10705283370217213	0.13172946478161843	0.840083483430643	0.4688998765929242	0.9167408093329299	-1.4517200552628151	-0.35696941864519127	-0.18265370522879923	-0.5618392282614094	-0.6055713863296893	0.34353807172829476	-0.31925037277546287
DTXSID8048733	8.908911672302423	7.027442017753428	-5.183160855393016	2.3745088912839942	1.876187288464085	-1.9931696126360439	8.087864473393187	-1.7343805805565935	-0.25914044453282786	1.8031002433891994	-0.15024221267021992	-0.4891772984070258	-1.1858484331163723	2.6411940217395604	1.1579613337911123	-1.0136612336408248	0.5327160396957646	0.9177355239955816	-3.1191512948485394	-0.3089332595256064	-0.8902261669506707	-0.5056271583018002	-1.6267246609117665	-0.8253071146868431	2.3994459523638807	-0.152905005475308	-0.04971758361925245	-0.7560280307278302	-0.02548044627451844	0.044996416892706066	-1.6794901986173973	0.9235414505087098	-0.44182822925759613	-1.447433793751942	0.7580714314191463	0.7482181026709795	-0.26872890727600585	-0.19710239424719395	0.1979652186410265	0.1961461955841987	0.008847664049153853	2.2424959779391127	-0.90356922895447	1.1529868599600168	0.5724787942633869	0.6762456274870915	0.2296844152417597	0.5927973954847712	-0.5119328695674572	-0.06791590906442013	0.13441213421639908	0.06986777803735908	0.6018082692267074	0.48642668741705214	-0.9017418345768526	-1.5302135106362897	-0.9377011421096179	-0.20276632815126855	0.16376424672590348	-0.32702054430566313	-0.34516823180642026	-0.006255389142384496	-0.18433571534260498	0.39664619142309276	-0.23278099277423725	-1.2238299518846936	-0.4975096314901815	0.6005758657608296	-0.41319119318058883	1.5519474063782759	-0.6662990492385392	1.3880242464861867	-0.49919213688993236	2.126346568359607	1.4692857779947621	0.2143553771306088	-0.9114173872186591	-1.4924858442633757	0.13616803521447723	-0.4687186658608233	0.2254475353738304	1.0435604789486748	-1.072407493800818	-2.8292907316140874	0.27093488045494935	-0.9658554302299153	0.3944983813531782	-0.5774570798873732	0.38943935339596814	0.7755276091582857	-0.6601555002536287	0.48254965564907626	-1.08334299847471	-0.5309887582198239	-0.43485396837643425	-1.6293159280512512	0.007294446308076727	-0.17455471825245905	-0.7073852131047186	-0.21816191520410316
DTXSID7047562	-2.311105999549899	-1.2385687670490666	2.401438454967877	-1.1186429558182693	0.7153072227599853	-1.4759113902773928	-0.5343623285788821	-0.29529153857757523	-0.34364318707644326	-1.149422822813267	-0.5110418390851298	0.01857886252428418	-0.5062753851991451	1.3159840830768073	-0.6691230908991432	-0.18399259587380684	0.7156234727006987	-0.4858141656493121	0.21658360553122213	-0.755307222210021	0.11824432146952639	-0.3356563379159783	1.2704998177964166	0.21874154988013159	-0.044217793688006865	-0.3702835947866877	-0.37858707006036346	0.10455443511730542	0.08996628247916857	-0.21458877039722316	-0.1383556878033184	0.44040562727813365	0.30895364688064386	-0.5100563248009544	-0.9890731997122479	-0.324762577538772	0.6022686044756475	-0.5372455175702509	-0.378958890994254	-0.1070773337500822	-0.03130181059612937	-0.38866349040146103	0.0750627339107941	0.38945940049240446	-0.06006846479848992	-0.39276544304217237	-0.1247136019501712	-0.0589562791137171	-0.007320558374227096	0.42661808541372775	-0.05990474097158713	-0.30652358796674145	0.26979910843475097	-0.11746824645881875	0.11922079937914323	0.2797106195752098	0.07597347576661534	-0.21861546150571312	0.0530784568802192	0.2707206993273714	-0.1822824293628046	0.19468592741184304	0.39117740216059593	0.928546185549317	-0.66066707349481	-0.6115047361664397	1.0649551784954454	-1.0734099698739143	-0.14852528547171076	0.19300133975954106	0.15696778960118946	-0.09475295120657244	-0.1405358568747863	0.25981658114823714	0.011875467875056335	-0.37352232242202893	-0.27760214490924784	-0.31563574397109617	-0.029935677301043684	-0.2543519392459791	0.1281464900137414	0.0448090814548922	-0.11115101998129519	-0.33480162570888294	-0.12538136754525875	-0.14173949628348892	0.19215104548415263	-0.046384208495815205	-0.04914707479243367	0.22135992534525759	-0.4791067856715756	0.23351470324117674	-0.14670588790954692	-0.36445201376605846	-0.09546995428604972	0.048827103343050696	-0.26764954098770477	-0.03590186277134159	-0.27601502018457214	0.14151318302077487
DTXSID2042436	3.0484026888349725	2.7854375243184046	-2.966445397830894	0.6646004026505801	0.1379423199742191	0.5138697664914699	-4.0451201719957925	-3.1947811565909348	-1.3384167358997698	-2.037916571635513	-4.08647287816523	0.6622496585871445	3.4308179602289144	1.192816556406329	-0.5776131156815525	-0.3023598172461928	-1.2055027282673685	0.435711168076914	-0.553909591307914	0.4712317242644468	1.4991968541627776	0.21706197350060052	0.18976964110345657	0.09767329328270698	0.88732196848883	0.8470541720605945	1.295898433303334	0.51695100495603	-0.5317468130723215	0.3546721454064194	1.425455942507068	-0.2644744570976256	1.0163236585987634	0.8553135146651089	0.643037619262394	-0.8510034001305083	-0.6215744166383878	-0.5155303828081799	0.29209076999416367	0.015083238868831653	0.05872807468734467	0.48159607948869576	0.09769398617319008	-0.08685067639920419	-0.63096053077147	-0.45735496842914775	-0.2590869409776238	-0.8411065180282012	-0.66069030939463	-0.5533819814911279	0.07137152354344488	-0.2783211559467584	-0.26852410506842495	0.2128548121851868	0.29748828093088076	-0.4872287463895294	0.7777106186007279	0.2750160156749495	0.003312481321687854	-0.7051410949581264	0.22581728713975485	0.7111323110247552	-0.7003938297637263	-0.5307103803379882	0.3973095361701931	0.5198135392676447	0.19723360533478265	-0.0033588625492504747	0.5707243468786651	-1.5291461202926233	-0.25161968943414276	-1.1256514275279421	0.42385594375461166	-0.7646343352048873	-0.24323640351821108	-0.6624073927181575	0.7714751442020047	0.5101114971857157	0.3110982080398825	0.7174483137947516	-1.099897462338148	-0.10312943684142255	0.651122837483932	0.25063889947716045	0.62010850678769	-0.14817491557064968	0.27250378041492446	0.9896019885236175	-0.3187685240513447	0.5315680557288607	-0.3744159202939433	-0.9803154005431861	1.4268951319899545	-0.1760523525675176	-0.18090811994349593	0.04099214126770483	-0.26612350558507086	0.5593271658079592	0.197248093809467	-0.5878413802831173
DTXSID4024646	-1.0839490504481786	0.38510039256723955	-4.52214058226833	1.1456146940716323	3.476633621801151	1.3715425741273723	-1.1020611896018055	-1.9640964323783996	-0.7715000115765279	3.770849219082078	1.203415217151535	11.074910565169228	-1.7136588957582475	-1.8138059844311842	0.3634445819213161	-2.5565704536974847	-2.024132904185131	-0.2415158075064458	0.9852858746352515	-0.657261473949627	-0.6133329766975624	0.750238557647722	-0.09198239783883527	-0.2586757771694951	-0.1483109021244556	-0.12182524789660389	0.29293673815971555	-0.7262405206626522	-0.2897260236686726	0.4152007527878989	-1.5397137726690133	0.09002206005675947	0.6150171190565312	0.4599595395616111	-0.703205315595337	-0.11610145192944431	0.3741456110237399	0.27661935283206956	-0.35462427568427374	-0.6006806279972372	0.34334975637927184	0.16730913180883483	0.5353538490545658	-0.48555529717294466	0.17673614427754908	-0.3134325171986441	-0.15561121322544344	0.08128392812712892	0.16618134702358645	-0.005374198051545361	-0.2665530912929209	-0.006895948385753129	0.021259233635845014	-0.16592832720851203	-0.12091509614871215	0.30707231639746185	-0.07001447730307607	-0.13422739314573154	0.010530254066885911	0.3081841732437475	-0.29161960652774355	-0.34671889826552466	-0.1459346817103233	0.05595304702561813	0.09572051070165762	0.059295105553607834	0.3038423317350998	-0.2427183056121568	0.5942808713755114	0.18281602561040672	0.03764248328416745	-0.4892008523136074	-0.13788408247767003	-0.1261554490635625	-0.8239083494721127	-0.3237705062743913	-0.0005964662824230005	0.18186222479016007	-0.8318069866703612	-0.1009790089334527	-0.5932641079966224	-0.7264045221463113	-1.0077124819611127	0.37261088604610076	0.21176350971177227	0.7263351302062856	-0.09585306104285132	0.35740574378134227	0.1098303118145127	-0.5975947942817732	-0.07336985088372232	0.08447989859345993	0.25430806003049095	-0.07411740078718064	0.27555105503214933	0.686746959746974	0.6670804138104661	0.49665040250052417	0.1710231453640786	0.31235712253060255
DTXSID3029312	-1.6229515365187628	2.60310780677452	-1.9619550321165595	1.96668403336064	-0.7463874972556522	0.4264341286192625	-4.495044489612248	-3.0838175528397658	-2.139426010043561	-1.6780120292838194	-0.4257610345595776	-1.7682786419441325	4.922924994521465	-0.9268975288522896	1.3984224719619736	-1.8363036973172966	-0.534734071930819	0.06165495765641875	-0.38974658931178996	0.8521117187129544	1.1227406409155538	0.7437242124435415	-0.6181782661121876	0.1167323471655697	0.1901014879308674	0.3541089574674537	-0.37764054385914336	1.2692872670837692	0.015807904112288596	-0.5330905045580031	0.14064337195621948	0.28287145936229824	-0.2579886437879505	-1.0027709662359776	-1.116981257975644	1.0065310399453389	-1.251945856126568	0.6634062932931873	-0.73826843962615	-0.18132967658274624	0.5276579937533494	0.0968294072334428	0.9953991652099353	-0.1944567896366109	-0.20238512683647877	0.21837515608858069	-0.4898999188206583	0.6728845305275818	-0.054734891352625145	-0.044750306054696765	0.15659930394427118	0.5483682750213759	0.21641876579897426	0.7455825819012818	0.10657501282256548	0.18101053919858257	-0.22148877859161134	1.3530945865011847	0.2480320804330742	-0.3316221223424416	0.9943429295381392	1.359083779210149	-0.7268060477014845	-0.053361325674044335	0.1590627844313968	-0.5189881223586927	0.47838444064964974	-0.7790614416465509	-0.21782913560017877	0.32936413153735306	-0.14981784160754508	-0.4555381938202581	0.11988942798402068	-0.3752132274568438	0.2911713694664756	-0.5318920268358738	-0.08134740994177123	-0.58932206759041	0.3472044296354448	-0.39123198459645725	-0.5061258516954285	-0.17128709823408445	-0.2891750089845573	-0.4477303154928102	-0.18178182301143134	0.2981698642563065	0.43396478484338075	0.05806408011565453	0.27083611995774537	-0.32891417347725155	0.18286474065871372	-0.911316686310082	-0.19977801174834947	0.25856785831286494	-0.00915021360832593	-0.03232510197923563	0.4707973023732085	0.09817452684341693	0.33748793410212047	0.09537012245201937
DTXSID9046289	0.632325087254163	1.8057503895185607	-0.8930657615235836	2.610630160793456	-0.21194312995874096	-0.4938094464935527	-0.524348335299043	-2.46927868714801	-2.4048188014489087	-2.703857019356122	-3.908791057279143	-0.4513870263916173	3.2228270514681303	2.0438971198201807	0.939813660392756	-1.0222356312744154	-1.5510972622695476	-0.19476193213057916	-0.3991241497311789	-0.19420422412633276	-0.16697185718231097	0.2585884083754481	0.6967112241979523	-0.5646321201499684	1.2233486685973511	0.12681429898043586	-1.1107424620662	0.34797021296931724	-0.23819825871514677	-0.7261577523163124	-0.5960010200705024	0.0042598072246066016	-0.3836131940045269	0.037941564065956175	-0.31046586839037915	-0.010153321082380276	-0.7527555383380528	1.0963559262635043	0.15891921735822764	0.31014451184781217	-0.31988362839740075	0.0922009541119311	-0.41708821912257604	0.3842135127716422	-0.3596767825487405	0.3224244797029689	0.4437824333229526	-0.2170121375296803	-0.005847164063131083	0.13473532298295188	0.10459634328636017	-0.02753630273338268	0.3257388642764206	-0.09951944530612851	0.04935080214374766	-0.5702660409374991	-0.17629459475382916	0.13398336603911754	-0.15087685840960963	-0.5185642843072331	0.5573958835188574	0.3099979412177047	-0.22445198935297156	0.38552410716899077	0.03468702483351208	-1.5915240651488398	0.3370212446940857	-0.5163315700546408	-0.17524391278728632	0.43174947257525237	-0.12677678647806156	-0.39062551116673305	0.1235018654714652	0.1499861284289365	-0.025535818893875954	0.09844672405262464	0.22639503825545332	-0.285532544755235	0.490691167098561	-0.4991138008383519	-0.7114394479049981	0.2942808113901713	-0.3809506942350667	-0.87849128270825	-0.5287113879094966	0.06554731128558783	0.36802988812049153	-0.7163049939438662	0.5139828305327467	-0.35057344889278047	0.6280683535878767	0.29968549057102223	0.012465565975727332	0.6376104966809298	-0.28484989684905526	-0.18572097143481217	-0.15150249999172263	0.044322518708231534	-0.24586914674377455	-0.1358094438338793
DTXSID4023385	10.11255035802691	2.2880026246497085	-1.6543995204737634	2.9929321266161226	-2.623998338652098	-2.4375658294611404	-1.3147851154346053	1.2210362553852638	-1.628465248865476	-5.5910061274852785	-4.289511700731938	1.103947893369745	-0.824923198587792	7.93383433246571	2.125595414494247	-0.9280652277815675	-0.8600519443633742	-0.5086723786248937	3.449969656172302	1.2560059834576245	0.4670213155876359	-0.046303622385765186	-4.108880923739894	1.9705026368923213	0.03352680143978939	-2.0714855302734754	3.017540304632188	0.8434441029472115	-0.5706977663093269	1.5074057711669866	-1.036088581589616	-3.2339022820198204	4.599426932134441	1.5279841473012843	0.6318228171746793	-2.931611465567749	-0.20842177384537208	-2.556204430423013	2.3613415589338267	0.7571284765689545	0.2977479707867991	1.5069776645033963	0.09445245921170371	-0.8554746500137999	-0.6689952919631176	0.9318767599868257	-0.529611370593212	-0.5127901607424006	-0.7401937791477656	-1.6862548962065924	0.44283430639093335	-0.5615549381210121	-0.271801274989308	0.9748785124588045	1.965895712507989	-0.7675441284477051	1.0557342176804188	0.8044009630587116	1.7020591077497471	0.49711057087721905	-0.5509455867221739	0.9879128486021861	-2.1395251494594105	-4.297695210528248	0.2663763163768895	3.689860415837937	-1.044951801945252	-0.6692553873096923	-0.8549487840469132	0.37297040858970776	2.2232991630354544	-0.9213771431173531	-1.89143819970845	-0.6205157112721531	3.0723771174331223	0.186444457211328	-0.2747170340600958	-0.14766394076678885	-1.0843855973698495	0.0008641417982530222	2.820934554124399	-0.18272310602537623	-0.18097365859957015	1.122257655918989	0.5139865972985015	0.2059228825532427	1.422845108472143	3.036395931975688	0.08909553910880934	-0.2648541944343118	-0.2079533517120188	-0.1632749674063055	-0.08880163108571336	-0.5012654183946089	-0.3336173440582463	1.6213923875516563	-2.23697726298347	-0.22988376293908977	1.1000475200433382	0.06441427604774982
DTXSID5022439	4.022710987262959	7.030685468221366	-2.635586837158321	2.2440272335253715	-2.103292938017535	-0.3294083396397141	-7.571646385692519	-5.033852050544066	-3.2411862822516064	-2.4248746722712013	-3.6700680886615147	-1.6964121193286779	8.911280878138484	-0.2270885111357953	1.1775611334406382	-1.6418182574014908	-1.821996963790865	0.2350567504632996	-1.02199046467187	1.6087387920916998	1.200643940900259	1.4594277610259594	-0.20242594682331316	-0.17741102736590086	0.7519536887639469	0.4791830300764457	-0.12017137682955321	0.18059330077194471	0.19153190476086315	-0.8050902278586642	0.11055659804772995	0.10171619443481218	-0.7641179731675976	-0.6679659951048869	-1.6850725792285373	1.581684122244381	-2.3130891125156836	0.11717451074670714	-2.0703340087548643	0.02720901682623372	1.215583302199116	-0.10261424999741668	0.9844876523341891	0.27998924321314533	-0.5203785308423831	0.05398689569723466	-0.3322344007316803	0.7924911810618488	-0.6338985818306448	0.19127954714507556	-0.3610300950765565	0.02349353961300879	0.21456632259064087	0.7180258297296257	-0.23069515311244213	0.8099467879726022	-0.5050202639821204	1.8205894869451476	-1.2464875561082114	-0.9660304940799795	0.4961603285488696	1.1795157704671875	-0.13636572077304546	1.221805533845908	-0.1200988816715551	-1.739361421088104	-0.2024159647330796	-0.37241804956157704	-1.1760836607950975	-1.289672010775597	-0.7939391730263252	-0.868202630236485	0.5817506666948536	-0.540444852819881	0.7402688943448159	-0.5092859935672277	0.9046680459491454	-1.8371515822322746	0.29059529304962695	-0.4656398708568506	-0.4261875817452736	-1.1990047863768565	-0.30815174944870416	-0.7034988003015472	0.3677864002563729	0.7269261388990148	0.6642678760364382	1.1397096563911344	-0.017531041945131595	-1.008175368840999	-1.2513448165597114	-1.0566319447872068	0.7651735314892949	0.004070390789597595	0.1577399946596303	-0.5938515840890694	0.9200718330427514	0.4754051773929883	0.097808409101925	0.17343556749892358
DTXSID3046588	0.7767267670922413	0.03334426691367222	-3.759119973307731	0.3925586399031524	-0.4907062994982698	1.5573026244132597	-4.440365518864672	-3.167967050601995	-4.044703233526928	-1.7847933182977984	-2.5615177463530765	-2.381004305712156	4.838504043553518	-1.3905704859935728	2.817724063147229	-2.1733228328449217	-0.2656988202887541	-0.16071423727670983	1.1263363683342136	0.6437048403868045	0.4507246121905216	0.5972354272582634	0.29121819066786986	-0.35534900123301943	0.44130783597157636	-0.14419300800268223	0.37769902942507144	0.17276369590857035	-0.12319986889532558	0.7218200633935364	0.3750208298160727	-2.9050917028527885	0.07493924444121884	-0.3060869952573024	-0.8361002929052465	-0.26822655144775004	-1.0432280237592775	-0.003934172542371548	-0.586204704231268	-0.7903446630225285	0.7787729322656306	0.4748358608970899	0.9953134193483629	-1.09125024956137	0.5043402074705291	-0.42182026217869767	-0.5178809977632568	1.1706710665984223	-1.1009866210384889	-0.4020746954895738	0.16196928984532696	0.25107645212158436	0.23590643271947853	0.8639950623705018	0.288596516535463	0.2930582488632734	0.45752442344205824	1.0873060211099732	1.2822602914193875	0.27400284373606193	1.5328806741151026	1.4966854446556785	-1.5950575940177942	0.05293434140165986	1.0213888181399027	0.7832672611668386	0.29640907396286703	-0.986940783681005	-0.6295550560390045	-0.566884124286842	-0.5184728163466606	-1.137599428025086	-0.7304096677666944	-0.6021423844108705	-0.3480174212744936	0.32203854770885476	-3.1032835024442162	0.5861289132304099	-0.1875152323444458	-0.466101967620289	0.06943308899150016	0.38373356175940504	-1.1405641093998782	-0.09937877653166081	0.42833682275948387	0.6744634093821174	0.2598805649257486	1.1528565154943178	0.2858382776648584	-0.3658329988355747	1.126053196828676	0.3689076922881611	0.9386509377411563	0.08594730096471818	-1.5157953944881843	-0.9151274818095885	-2.054582926175845	0.0979461021839047	0.1560576250562774	-1.1114513691701722
DTXSID5022437	4.737443485931739	4.926135702428831	-1.6125305174922195	2.460343334484448	-5.190468574284636	1.0365146504814073	-8.262356109556983	-9.34063733235148	-5.292892527935244	-1.5426702783046775	-14.442550125844344	-1.4243731102284338	16.524052956135986	-0.12962363472221508	1.7933679461777499	-1.46536683128656	-5.873979994502267	-0.17859287352358796	-1.410764759494368	1.9835683366363799	0.8359504751621682	3.6293048230162586	0.7689362693274432	-2.747900690186909	3.631699547287963	1.9511678243723	0.9268729539248737	0.16009067644505232	-0.6844582856241478	-1.5185977204373589	-1.940031967471122	0.8087920006779513	-1.2392165281821523	1.8571108414568986	-1.3279391439175752	-1.5028678149683163	-2.949739137705198	0.8585923246437732	-1.549549006550769	-1.1028931788513157	0.3301161063095896	0.25907501381307707	0.2576027158079847	-0.14855789668646313	0.9836310547015913	-0.37366416462561913	0.43573530813556155	-0.6723965828590175	-0.35861967804976913	0.17622021046524874	0.015189274457981591	-0.9838322776167487	1.0871152129525132	0.22943702001984276	-0.02152563313825771	0.07505319471866576	0.36634008294963516	0.5437222103373403	-0.017754232800187925	-0.490032696401595	-0.07933394349612599	0.2884760428182365	-0.09424209736292628	0.7689939069406494	0.6385626976132841	-1.538297231353717	-0.3204967992680686	-0.49916807699127946	1.589487939692535	-0.0680527401152864	-1.4439581032636424	-1.8080830276705504	3.015002082598044	-1.2775417944238492	-0.03602312212606318	0.7830141721638068	0.8051903365044388	-0.4637829688292739	-1.7045754211528734	2.180052905871246	1.4167162423974973	-1.6449247984858453	-0.008463500280014491	0.2937400225052718	-0.21596973970326036	1.2249718697356204	1.125901581174767	0.7640987050514347	0.46390414565045973	-1.0363115224445199	-1.31645973649456	-0.6501491467756799	-0.05289320443964599	-0.5539805388795599	0.3735659726916753	0.41615738320790974	-0.39435810341206473	-0.3412637579949833	-0.8307777202323194	-0.2338086511914647
DTXSID1044568	2.3121931571100007	-2.397133520176947	2.4562424809484193	-1.9845640458580145	1.0338736029365734	-2.173724526801031	-1.9243605398109	1.1633201972891616	0.489371204442514	-2.7856778443131898	-0.3780395254010943	0.1996950523788841	-1.6644051780483375	1.0472261649912158	-2.1811940695559544	-1.0010698266623932	-0.9658439746596597	-2.917544949119863	1.929807845708587	1.0685126479038125	0.5940046140403663	1.8813469760165913	-0.06802139969885168	-2.048190300707396	2.265257923165009	-1.0013475996644396	-2.654928191751601	1.2016816161597181	-0.03183996690239805	-1.0574458399161997	-2.5095648832004875	-0.7707207745405966	0.5101451110781501	-2.3272215780841443	0.14408403380367665	-1.1407295389920116	-1.5019406171547964	0.21582167614581488	1.0001265387310814	-0.01700019792812048	1.2492880881372008	-0.5286200803437362	-0.3701553932113102	-1.05919644860626	1.339274611733343	1.4696752960005544	0.6000107620850151	-0.054601101858572774	-0.18068901698298792	-0.45933919103508236	-0.12476791807778441	-0.23913613691132146	0.4609212688982297	0.05409535727283058	0.007833377393562753	-1.151547916441281	0.3942225945346699	-1.1854516529951813	0.33986737565444747	1.4122198916056539	-0.4814391361813698	-0.7756181777221227	-1.1948426109927253	-0.41927056699725485	-0.31713480475482203	2.130735738307467	-0.7699509459774437	0.45632421676170476	-1.6334504224012947	-0.488926998878067	-0.39684818152499923	-0.09278203930983156	-0.20031289533161103	0.3440912699499283	2.053484513141377	1.2776619877674162	1.5389036219542618	0.4971200899288355	0.5862212643050899	0.3685018368096864	-0.24082185236818776	-0.36998038727971816	0.07873810003551268	0.40832412283631153	-0.18900915766463927	-0.26691769773198004	-0.8504220101779293	1.185098296456356	0.003683794348223208	-0.14306176159379652	1.0241018663163797	-0.2418045544007207	0.7452123574258873	1.0566755968211712	-0.5386253373258395	0.09313411762611473	2.0078977545865553	0.15396507332000978	0.27632639142880167	0.5254175090229513
DTXSID2026573	1.4818789920439577	2.043454070170773	-0.9899972170428641	1.8917723501770451	-2.2220858283061906	0.3893568102965657	4.276651932843865	2.5323278355913756	-0.7007940609144336	-2.045895821635368	-0.22628546992341486	0.30081367796595576	-1.7000482655161289	0.9075419947573974	2.413328029335636	-1.5462120983095136	-0.32446409328244824	0.3396113274319456	-0.6796943268704074	0.15271998374591306	0.3093458514852758	-0.9795054088789242	1.1678986492628416	-0.888847233561893	0.8293954729884389	4.694360596676622	0.5061989445029618	7.266341675606068	2.913932862603388	1.291205127652953	0.19976687899283244	-2.690195924782195	3.0688054177091617	1.647691965709789	-5.245001424235465	2.4085698328009557	-0.7777988632468066	5.829366739281192	0.1464704245227654	2.56026714894752	-2.339399025607506	-0.7706897064092719	-5.649330232903258	-1.421611112098104	1.9290339298046555	-1.3327663260031744	-5.337621532836171	1.1758335533432451	-3.1826691298111207	10.092236549279322	-1.2273162609957229	-0.6769033519543233	-0.6290646651831675	-4.971487273411525	-0.45074805239343024	2.8405720480072625	-2.2432887543463327	-1.869852254379005	0.45099840354493426	-1.3876324009721441	-3.722324383869799	4.060108418626731	-2.7312186498711117	0.34327957947637366	-0.9584977840084216	2.55529298797178	-0.5979277874341491	2.4864411841781866	-1.0408997096177852	-1.98692755723397	-0.08050065723417928	0.8100119573515567	1.067491906605392	-1.778656827148891	-0.5054440695813688	-0.6910290414968184	0.13891634828558813	-1.5835025440039259	-2.444107366524783	-1.530998983857919	0.4005073958976562	0.8233906905566021	0.6848088376700674	-1.8158157471093703	-0.4740397001711148	0.9723412036760697	-0.8217398560519057	-0.02661058190533394	0.6681070206737496	-0.4962642349359432	-0.011963326602493881	-0.20928426324496	0.13075525816684447	0.6091444285772157	0.8807339899093864	0.16002878377403992	0.3743199093198875	0.012189558163400201	-0.3984803049121801	0.20018333010045952
DTXSID0046270	12.79896344341193	-0.6668190571075204	-2.3988992642483726	-3.860159181313215	3.272146039115549	-6.296736133262282	-4.7160283230965	2.0311315379153587	-4.8173151369597385	-1.630618904654023	8.364590931060695	-1.4446373535580892	3.2426965782231276	2.03820487950998	4.724613675635615	-0.7828367417175017	0.32236462272084165	1.7544755325001316	0.3372904662875869	-1.4117469268043001	-0.17458414443055903	0.23791192253100224	0.5190812755758478	-0.6498421101609173	0.33773934462614735	1.9178040882044827	-0.5034807571972884	-0.272959810013435	-1.2039329630370774	-1.4754989883283973	-2.5356553888547446	2.3278820638725066	0.020399049754181137	2.0552360243496355	0.37932309611155224	-2.602914789621533	1.0836578416018259	0.5214338133524178	-0.054116894407444605	1.116749104540438	-1.3351572511536585	0.07048070964830391	-0.3677623635458612	-1.095798224637602	0.06044976830136648	-0.2292138539440436	0.002311632693325859	-0.9061001156157098	0.27450709978142557	0.04255497306308069	-0.10857749184970156	-0.5545363116499932	0.6032973970776163	-0.9696291881766487	0.3116997391832694	0.40467744342964096	0.5787998597137622	-0.8043028474331737	-0.44602614420222825	0.27224367116585435	-0.33189884123664737	-1.3729958051792357	0.8624865173997117	0.17849927148765607	0.3930141396321246	-0.11225996902933164	-1.0551267786470526	-1.535381325516203	1.0674937037077228	0.6947207561513375	1.6434957361263114	0.9101085296893823	-0.35959864703277766	-1.2838756415436463	-0.25225944333736533	-0.5833770589073147	-0.4985708158278633	-0.4110027831752644	-1.0887175254869519	0.11724610863505926	0.688760289180315	0.6280024076072063	-0.6281739531006283	0.979449781315303	1.844090505545049	0.6482949127653997	-0.17916733693475506	0.4834724864975865	-0.5937582747550367	1.409421468783512	-1.3925286016147416	-0.13598960188387277	0.12509344001823944	-0.5699060793550086	0.01981638370556042	-0.24687140970708038	-0.73588572255413	-0.5793851140504855	0.11002799741003719	0.4299284067473079
DTXSID6042440	4.397795679564839	2.8979578530422705	-4.683443094443148	-0.9629448356256098	6.965239860028189	2.6483170620108076	-0.9861817942653066	5.243970577162043	5.443954705603798	0.12720821403140983	-2.4092143497632317	-0.6037306604845886	3.2305681040547944	-1.750154948199022	-1.2765207835896628	-0.2635966546079762	1.0360515121789018	-0.023287703815137388	0.5882896984751063	-1.1638250622165283	-1.0702624235304152	-1.6321877579245627	-0.7009306462746236	1.474175490051721	-1.7236681030390302	-1.5595934506391098	-0.07781366161171753	0.03881888784781432	0.17109976036452815	-0.008086575359734786	-0.6858070748977558	0.7205389917514037	0.9522411581763076	-0.5000494552658984	-0.8334237529083449	0.23334302503725585	0.003086654425604557	0.7012274640664116	0.06151585077309716	-0.6082683156630115	-1.4793760633231157	-1.2817075381949303	1.0213239593360395	-0.6923560259095061	0.5454515615538289	0.26809004518150614	0.4855966895150014	1.3124915092458365	0.026798100200456594	0.24551513265454833	-0.2902336637195866	0.8652722145533169	0.22991332063267325	-0.47701217965293113	1.112990810038226	0.04085171159014024	-0.05355667961590149	-0.8513294203515084	0.396754371771853	0.283929164410414	0.27152498069242254	-2.3051730019761734	-0.24811960821519766	-0.1593742875681609	-0.09368295997739635	-0.5429637698788576	1.3505407682117234	1.0149347431354354	1.516262291906861	-0.0806335763597538	1.2153988713758483	-1.1863853485315894	0.6275508364901043	0.4579287634601876	-0.8153516570620488	-1.1555029713531295	-0.36444601182346836	-0.428938184405723	-1.2804261736665188	0.06957872886834249	0.28864090682869975	0.23538410934038645	0.5634975746420762	-0.3408158712169024	0.06635541615738318	-0.8366234946776835	-1.150544308586636	0.6992891652724839	-1.0422941858580559	0.24753886658172802	-1.4936192975190385	-0.7491796724387613	-1.8664160350920935	1.9172073637489624	1.0703911437541036	0.18018994262650714	-0.2624029976552445	0.03971898007962418	0.13307815987643376	-1.5399920120868542
DTXSID8057691	-1.0270944686758916	0.5433631296064639	-3.8780705901028285	0.1283864142515111	4.459593298889356	0.4012638855055284	-0.3311730406703483	2.7873656199045893	3.15887684925294	2.361242416756715	-2.68319892222894	-1.5757270165151918	0.8713323988658532	-1.6691015804935272	-1.3371468334718897	-2.940936457171126	2.698202426647203	0.7050838930953598	-0.8758514702513909	-1.0345526722838088	1.2409896793644628	-1.5578877437684728	-0.8876253413348395	2.1130148822254817	-1.328841720712688	-0.38548779161951857	-0.45770235313999225	0.6259627372305613	-0.3139732699060138	-0.48104008981172075	0.34765599943486336	-0.11582705155012721	-2.2625949583103186	2.226506004639965	-0.02737748344551471	-2.267607717872035	-3.1890268343041748	-0.7724131812720808	1.5047208475594025	-1.4081864169142788	1.4517008282558386	-2.043884852753391	-1.3767002974855025	-0.16441018020227385	-1.3136981909208805	-0.09525644176480898	-1.0615569932706168	1.9481705661331865	0.3944510620905618	0.7849911266555444	0.30828112919444156	1.1007296699625646	0.7036488241613732	0.7387240894024472	1.7244600347357524	-0.9994796302165129	0.1714406236029743	-0.13511906642947158	2.207057253735939	-1.7811530837128478	-0.5581152699207357	-0.908125602851652	0.4807195335528456	0.5077198535334373	-1.078990516184167	-0.2988493569624628	0.023938698614187126	-0.16010496810579977	-0.5365399478319212	-0.35329315013689677	0.3540432430666663	0.0682174347760142	0.40456167470152404	-0.7241593250574465	-0.0038115482359190778	0.8278296462107373	1.9486167071878955	0.3091950803965087	0.06872513105194002	0.1706931663931075	-0.6499252979892571	1.2164996973843851	-0.9165564603020836	-0.3708395652843762	0.9127170620146531	-0.3302624897263235	-0.8249321337541534	-1.191317791823838	0.18225683239237034	0.4448735783073323	0.21111941973385026	0.3028348428037451	-0.21458846162189563	-1.3319325489679792	-0.9327160414128886	0.36877465485135263	-0.03463721921613446	-0.056924902518333514	-0.5031003778647304	0.31645099206751226
DTXSID0034936	5.80455534053707	2.5828540348932836	-4.831785609806249	0.11164078408734766	7.066451019363833	-2.6260330311473834	2.948796429928916	1.3378224363057905	2.4262648378041938	-0.9887552993489516	-2.913786973010667	-1.0274530820343561	0.18261966685959055	0.17744361425465296	-0.2519754274799846	-1.5776288353240395	2.312260695373665	0.9633642289455123	-1.3670908156116284	-1.209417297508136	1.1242766577600356	-1.5769186092698797	-2.758744612784606	0.8528235095399178	1.3444895320453252	-1.4604823504097875	-0.10698406503759933	1.6334651256170563	0.23094565483385623	0.14529753403239487	-1.370439979367336	0.2526775066953065	1.3415625804978188	-0.3349935431255368	0.4056485326395479	0.42707494596483836	-2.1230972404357376	-0.7713971140151321	-0.020089152488612348	-1.0464603680672113	0.1465529732405368	-0.11002235920204738	-0.5077121349219054	-0.0005472136553559934	-0.5550434026804552	0.5418646911394024	-0.04079672814348549	0.802034087895265	-0.17884018340701235	-0.7860043856347443	-0.2840803183226928	0.005308105999728381	0.345243965694004	0.19786975505485382	1.3759292798698326	-1.476168211819639	-0.9354183177835252	-0.11821822087247358	0.790443263366589	-1.6044559193928354	-1.0984182136679288	-1.846422528274799	-0.4350460700827245	0.22562803934635403	-0.5718716090455372	-2.058478447533636	0.6289568838211956	1.5968604991153028	1.4750069892455746	-0.41836916050018247	0.7737927494416255	-0.8845069106388198	0.5588525787819739	0.8351152435534994	-0.5503989118493489	-0.527241453814438	0.3450446480456712	-1.3452380577530485	0.3183066352465242	-0.8338380967877471	-0.3235067101426702	1.9524784685064607	-0.9004168418147309	-0.537457846424554	0.5618702987014713	-0.42725197718127156	-1.3931862697250468	-0.35499146704371903	0.8353571714216269	1.1350095470239216	-0.1562481531612258	1.5412340771118325	0.4545500687846953	-1.0816481064877141	-0.02030041105765257	0.5828008701221875	-0.21330091171443297	0.3022477671292037	-0.44436052895264583	-0.3841814814544734
DTXSID4047880	-1.4507115696957185	3.7698224043042567	-0.46655058061728305	2.323284451144258	-0.6022413140770874	0.41048355179047524	-4.288391439571661	-2.419861306829869	-0.6380643867536201	-2.018187836728965	-2.672828198683658	-0.5907529516661684	3.251396161957103	0.37371932837660443	-0.899039441589255	0.488074174878253	-1.7667158294104413	-0.029610527735007195	-1.4624878608613725	1.2243608030253967	0.7132025295763951	0.6232222349489234	0.518800628231102	-0.2856706318455339	0.5997380974009924	0.8935777940173822	0.8341469888121822	-0.4423347553975249	-0.15878850426517427	-0.16047772090224463	0.2641209475804393	-0.04817902951998004	-0.6398633598701157	0.10306201791290336	-0.2722209998112109	0.029534068616027885	-0.9149140733875423	0.20821603286532725	-0.5014390830183605	0.3032186808163682	0.31067781256372307	0.24813308341839774	-0.2195556351209027	0.11543228166267161	-0.2941316662436027	0.14268040508166432	0.33136554367518667	-0.14143783591955428	-0.35897842931312035	0.17385111179157145	-0.141785395331161	-0.05337321316977218	-0.0040096350242055595	0.08094957389363726	-0.10571643343054858	-0.12017276218478941	0.06100710076884703	0.32167585835891427	-1.0168406643143393	-0.6869496388759662	0.08379947108572794	-0.1154824092402364	0.07744556934479128	0.9031638669706702	0.15094537009795836	-0.6655281757043003	-0.18625228012148773	-0.14351960562486576	-0.04065399392521083	-0.6438039120107514	-0.43993133732238265	-0.6911248528160355	0.6473188886739961	-0.09271898740014897	0.12993199029358132	0.4293639245944431	0.8098355701633159	0.060973714162249296	-0.026773589185319233	0.37661882489545884	0.7951779312814806	-0.4943829545273576	-0.1583180916333213	-0.32220892800901685	0.08665315927028087	0.4803523339605384	0.32501986542057293	0.5069943760315773	-0.05159786935219911	-0.36701154606191827	-0.00045130337456968604	-0.2259283924626827	0.4881661841387957	0.11470260167527983	0.3000788435336173	-0.2023678567601762	0.2315256005195545	0.3333599082177853	0.44274045743020535	-0.18268397304327721
DTXSID8044204	13.306112935814456	6.105784335973756	0.4323549140833346	0.6527354925892053	0.10058481308287055	-2.418528480550245	6.605698773132486	0.43515517907240714	-2.4304193626475783	-2.5014359732173115	0.02524291861730351	-0.710125882546289	-0.8298528675457444	1.0209194687676366	-0.19550791307248266	1.6125493678128588	-2.16375026300743	0.6997817287399651	3.4925033233575107	-3.7987469034178223	0.4564867948478518	0.17927601919281447	1.107284040050536	0.9209903665882613	-0.5367256314318077	1.149607162089128	-0.3145606681001418	0.727210082206222	-1.1534732727766936	0.6069976181698131	-3.8909023182081794	0.5815689078287087	1.2232860188194625	0.30154003411939917	1.797126373406664	1.7734466380478249	-0.35287634174452415	-0.7956904073506849	1.0889737023128234	0.08559206569324665	-1.1795512965616974	-1.758732792188513	0.7471737431223386	0.944067387510188	-0.6653962399969329	-1.496068556809232	1.0263136138481406	0.669275355719534	-0.14625592719346195	0.02487578549059169	-0.19137115001582286	0.3878724056085446	0.5571794642186451	-0.7441482226048061	0.4100934861561018	-0.24429346715912717	-0.6667327120961017	0.5987373851617165	0.9396329370667703	-0.4614895100826023	-0.23341339937157604	0.4036033826098135	0.19024046762204253	-0.8805386338636696	0.21701523261887667	-0.18783630177930055	2.0793409931305473	0.01947292377137033	-0.5920974851889692	0.19144240276083593	-1.2692689727687771	0.5467423522759393	-0.5147224737930888	-2.88043144378797	-0.46967544884287316	-0.02631701278276586	-0.24258932108391282	-1.9436319721862583	1.7169145928580583	-1.5575608147426117	-1.3706060733951875	-0.1429615879777069	0.8467466230433698	-0.2306014708844265	-1.388348609795034	-1.6386874837076275	-0.18443209241608563	-0.4768474773259323	-0.875838116731411	0.14213078892179176	-0.4621647571730308	1.591315816378667	-0.6178026600019693	0.07278572805361913	1.5651533249338196	-0.8024348744634193	1.1622748023314051	-0.541763096428142	0.008186518689458269	0.1029746658863813
DTXSID3020835	-5.96965465077267	-3.7694116235726325	-2.3434258686453875	1.1194506527707009	2.3997585104694976	-1.418973863650058	-0.16624393539949947	0.43417757857195	0.297448110475021	1.2957507297989226	-1.7585496302274872	-0.8253033979845784	-0.2995752554195091	0.5819524283803134	-0.5751515401879427	-0.39120503088904174	1.2281798484287139	-0.46615464741548474	0.6185612886479609	0.019283393972336017	1.1099505488225043	-0.08805693580515724	0.11590228478721977	0.49548557623537043	-0.2543744321575985	-0.7333022816816352	1.2253850324215037	2.2407079411745987	0.8540404932286133	-0.19252851244454805	-0.5343061353590349	-0.8002502583763895	-0.795756212654944	0.13581048327757544	0.8461703055592814	-1.736861630822663	0.24451906064332127	-2.241332413306972	-1.1965440997253638	-0.21411986098951552	-3.132445273164887	-0.20687021153874485	-0.533984172213429	-0.3277884373239154	-2.3851765084720618	-0.30234307912917496	-1.4299128519755189	-0.9336337939497511	-0.00548575803646003	-0.050726121023223526	0.11563111719322186	-2.9087440266723683	-1.8960219612690263	0.9461287921805982	2.301357378015115	1.0266287050588192	-0.3684104996583288	0.5165038664136415	-1.895205962742265	1.5279563896402653	2.445949552742682	-0.08533756445996922	-1.795241303676719	-1.954880423540631	-0.4391198954588411	-0.20614545988866798	1.2511132318190814	0.5655493086266975	0.3712099755614972	0.55712432466919	-1.7719806267183467	0.6392905924577301	-0.4848804170183227	-0.23253260302818324	-0.9626130741217791	0.06180578807291405	0.011848720052611368	-1.628851954184846	-0.0752817700493476	-0.7677990507564163	0.2905195139506958	0.238641465487353	-0.14724451755158469	-0.3449971295822875	0.022976628999564413	0.00846970879977591	0.3090036639439855	0.07235756066573903	-0.5552661507161596	0.30742083510624163	-0.6939744357499127	0.2873450670747714	-0.23985156372558925	0.65353097394442	0.8453916701017142	-0.04921578194053952	-0.360478883989702	-0.18441725340501816	-0.0453843451524022	-0.31870018538382383
DTXSID2047276	3.6286913269567513	2.1949335522508377	-0.6087271286327052	4.187997795044648	4.54480275997368	-2.2269722271768404	2.812295200112977	1.0773080206234733	0.0301395105157327	-0.2695944409221215	0.5617514327965191	-1.340624507704499	0.734474613360357	0.4332161491149836	-1.570911770864341	2.8910690255776847	-2.911511949987003	1.4037625433864103	1.8034858115440966	-1.7925453022018958	3.0995572056082774	0.4113144517234173	1.579382469288922	0.013251955492840377	0.9377047875539032	1.4526585102410177	0.8170750967359028	-1.3688644378892736	-0.6803357874448352	0.7048985818702155	0.03575449839703956	0.2416002729894831	0.026586503869778046	0.3143808329428491	1.2015652072228635	1.3567123333520725	-0.3556433490411047	0.485243163340086	-0.010929879672073121	0.5668985840265611	1.099916120092788	-0.7196168383376162	0.8632386905586509	-0.5373476244935544	0.09349121176185034	-0.3733613567202571	-0.024480832295318666	1.234659198854434	-0.24071064303880918	0.5720034093611384	-0.13262761899278255	0.3726110144840923	0.2917010055653806	-0.27167028357784423	0.8080215335751059	-1.1339495519810718	0.7525563908842912	-0.36193563612876056	0.2665899714851409	-0.49594329163776024	0.13090929546016797	-0.8602535541647064	-1.0661011748508984	-0.6065427866593949	0.5565508672003499	-0.2529095473314219	1.2076191906462195	1.302758811247869	0.23751847757734088	-0.2996817623338788	-0.7247785434243498	-0.16534549982610788	-0.508439625152331	0.980748008363576	0.6082896697887368	0.8605892058477574	0.0030990381384113246	0.5000637909544151	-0.7368065702524489	0.2625800668198151	-0.8227010871874973	0.23869240156782473	0.4821971931295097	0.43820499156308784	-0.06269807916504229	-0.21925823576452733	1.2734942685690713	0.45394510801231164	0.2363439159235934	-0.13148819178114843	0.30566507106527235	0.04681132567481016	0.184790929866255	-0.2771298621534853	-0.32765043592402454	0.8446051934605929	-0.39368489869924544	-0.3495149279630129	-0.0641238458465122	-0.010558985566563246
DTXSID8044624	-1.9066006738614396	-1.5712463727942514	3.085296832750914	-2.7158395412836067	0.3363190397210382	-2.460716147446755	-0.12845050233643146	-0.39219775668197476	0.07441875536631945	-0.9725682167580921	-0.2616316710055231	0.35492722636381385	0.15629990407914085	0.22214197992102291	-1.4106374635097176	-0.8216113540099307	0.44978038878299176	-0.9906189476351999	0.3073398678704582	-0.20104001134927793	0.24100405636453096	0.16979410174424933	0.7784707828485605	0.021587710026996523	-0.40076451762291904	0.05325011407188697	0.08725596327481833	0.44608389524532516	0.1399989571679402	0.06412545656123857	0.1340331019562526	-0.24423676078658998	0.034926399903488184	-0.6941118272030677	-0.192546129590403	-0.12721515710834919	-0.1329354648746791	0.2377832778340446	0.18835206621237477	0.28942125972020544	-0.07917198984682133	0.023962468923835512	-0.1370829991129372	0.0707803375869901	-0.21844650849794858	-0.08805227098387743	0.2275233568603657	-0.009826000944667053	0.025358028769274673	0.10182210667097875	0.08398362167981732	0.11532407450278068	0.17635740425583796	0.0023035401307196675	0.006331564477191121	-0.0017346910196996406	0.14313967851909035	-0.029577688517163733	0.06268079139089854	-0.12093380908982679	0.32521120840386536	-0.12166984110193763	0.06901427004136039	0.09591426416356946	0.11634499462148563	-0.12551835069639844	0.4330674974100316	-0.30817749497217717	0.10848380097727822	0.4545819731327254	0.37913302672640964	0.16526847640960218	0.028269382751292132	-0.03865803538436081	-0.9961940189378101	0.12667319802794855	-0.26266052535877543	0.03600237198954305	0.07693525738242303	-0.2210022241769475	0.1994359847583349	0.15662666072733725	0.23384429584454905	-0.11246918945670747	-0.08219907371875125	-0.2659550689939279	0.07811596419041476	-0.24670517254118773	-0.06705046893450592	0.13808572788276324	-0.4719818137547116	0.20617307202288	0.06592478862448951	0.035122805109609835	-0.1967824245828698	0.08218698993350287	-0.5227120737500799	0.05596387671734294	-0.050856442975191346	-0.11953303781389571
DTXSID8026224	-1.4765756080737404	-3.295073064105652	-0.4089666378576775	-3.1921566693994756	-2.546496014708708	-2.698334132783476	-1.208700468637576	1.899641579943941	-0.8413278964846725	-1.0496989842399018	-1.1597770095056876	1.3621663553276315	-1.5847465109361416	4.663509934606189	0.8578433174301147	0.8233878854336711	-1.729373319918072	1.0254129058350778	1.4880125232490142	-0.09854509721356691	0.6726237863602321	-0.2258939698283878	-4.537345103026972	0.4969922833365699	0.2581738706166914	-0.21414866586619577	1.13359012415336	1.2637833041317739	0.19413415206900878	0.3241030225251157	1.4949740011913533	0.8416934624327868	0.9228707374919307	1.2273118448273597	0.0196267353766222	1.2155978250073627	-0.46436189752165324	-0.5356077867268044	1.1271123303986408	0.8068882172965393	-1.3400219814226269	-0.35257076476911714	0.13333669165844236	1.3853743812950305	-1.3723639129261598	-0.12714795787781522	0.07348538164083698	-0.8424546309730918	0.022849009769052915	-0.5241189747077463	0.11134243621162315	-0.09755170846948345	-0.6449853924028156	-0.11127758101551481	1.2195630231603047	-1.2839520547956347	-1.066450232846696	0.10217238613528294	0.44458563499222087	-0.9842324248307213	0.31527667018290895	1.0419595204096541	0.2752854585707497	-0.5405857562354915	-0.7415009535361488	-1.0413355884905628	1.1890632843760918	-0.6255036001570747	1.2617485254230425	0.05664727949528149	-1.2871175267477777	-0.12676598440754602	-0.19110614081547037	-0.35819859908909363	1.9403364296508958	0.7612155783463168	0.8543619020809309	-0.3190780926021098	-0.8774708063504075	0.3459823553526635	0.4662893119784319	-0.2900051503926924	-0.10943458555941475	0.8790558094891442	0.6163367133164044	-0.2097070259992241	-1.2561862528846186	0.9602684376096828	-0.1405339981107496	0.5359468314079372	-0.5621340984631062	0.3666415551093966	-0.264667674696002	0.11629794549562698	0.2184430720018027	0.339276259634938	0.47153441013207265	0.08417726134369519	0.5546459456335148	-0.06110736495608658
DTXSID1020063	-3.2153538093310408	0.04338774251706591	-4.2143062073182085	2.2424801347209944	0.7720186449406761	0.41788470383531884	-2.7535963519559887	-4.22861122112155	-1.8771921313920554	2.5832488953761974	-3.0540102808275407	6.210840399898205	2.682433797703317	-0.4676968410310958	0.42156294093637336	-2.9018336508797216	-2.582699155156442	-0.7998029673930765	0.6193326084161109	0.38452824057278645	-0.15026568309282382	1.3583370332346707	0.9355596275533287	-0.4834898065769176	-0.10128984991688937	0.4915905838052053	0.6482340174047095	-0.12886447765888923	-0.53117035468575	0.2125466409597573	-0.9084960751870972	0.2244793281633948	0.21753856111903197	0.170961452929	-1.0237992251666936	-0.8362276870053963	-0.6104864489181193	0.5184820725963334	-0.27316142683122513	-0.2498246526197085	-0.01698230277708834	0.37640585971788376	0.5741935471909602	0.23671098515991532	0.1275605749997662	-0.39590311036675113	0.2779735594773392	-0.19468616058094185	-0.17823655878261155	0.2990763889505109	-0.078436191825238	-0.08869291840935921	0.2761090935119175	0.20630610120512882	-0.28758500218008437	0.13947215229701007	0.2819154843912332	-0.20992253490820428	-0.1389002478715628	-0.11403331051649832	0.5629762029436354	-0.3198629658215993	-0.2574388651158782	0.5687104880514814	0.33358597928924194	-0.21877352345942355	0.4409250499788461	-0.793737081572659	0.4992875865380279	0.17078291203797857	-0.4541786432672458	-0.8516877545672633	0.025989414126604837	-0.19627805710177473	-0.4082720333259407	0.14803873888756391	-0.1441655106193388	-0.21183814862519212	-0.957118037881947	-0.9271674711372808	0.07010830482219631	-0.47759748616974473	0.07371833692182186	1.2454326100115156	0.19590995496764768	0.7170250911278065	0.7942139831003926	-0.6304377992886966	0.8643375776624869	0.5723448540457019	-1.5184551010917042	0.14737391172863168	0.1419354581777058	0.14818716391571396	-0.32199926827591435	-0.9202061391446941	0.1965735018573568	0.019552219819729696	-0.07125603358056971	-0.01665022821963822
DTXSID5048847	9.81825362180613	-0.027035100907693742	-1.2154679772612798	3.4908915223097754	2.007534920277931	3.318428942623067	2.834207443434077	0.027308984063164832	-2.041280122531299	0.03890293559351525	3.065703139990173	-1.398025190879344	-0.05593787104902519	1.3328208534183084	2.570411121617227	-3.1167107492024555	-0.39798661706265565	-0.25349168078688433	0.5818205960803907	1.500132600424345	-0.870045411519037	0.3608949338507147	-0.7231711801377405	1.0574135560219007	0.24736646612845484	-1.9380895435941683	0.2144833973845054	0.6779718985088194	0.7292123668022222	0.056428180230209936	1.6990982473578722	-0.5284494819162787	-1.7585354425031692	-1.5785879697529064	-1.8599984641554452	0.9497081941068273	-2.45694509231871	1.4376918340108622	-1.0936536991416934	0.5569448942292816	-1.2500627473065504	0.28838660459028326	2.751547029156746	3.531524952890018	-2.056534693966709	0.12135635796111069	-1.1992860859067163	0.25763796581587184	-0.024914468959682384	-0.21111884524718216	0.7123461947452643	1.0165040942583745	0.6122028756559873	2.015471888921948	-0.5689443359969347	1.2382208597672653	0.7676391792122716	1.516651384513844	0.16862554705691185	-0.6616329338486037	1.5784614074254513	0.20232140446714567	-1.3247578916736793	4.083792631568216	0.325078075889405	3.3104285543432117	-0.3647807885202972	2.357895623092285	0.47724452130028433	5.455725279891437	2.437971655272069	1.119636784371945	2.426673748832689	-0.2669446974057792	0.1524049420242239	1.8318535876739919	-0.8843362364139085	-1.4049874970580136	-0.7480592683233442	0.6639072082241058	-5.027124776969651	1.2589502396195964	0.841273153248014	1.8502771296465916	0.16379125381161283	0.45698843368600384	-0.6322633586872595	1.3813364743031937	-1.1037702840521497	-1.3180210369088745	0.5050727353481275	0.9477945861469917	-0.4191250673059932	1.5683962744726112	0.7615271619894257	-0.05489649646705057	0.48947839593715436	0.46941405618304827	0.5249494218689851	-0.1136129161053547
DTXSID6044359	1.0990447220649697	-1.521263361297062	4.357694327116905	-2.46674729208852	-0.3739655986640329	-2.039043849302141	-0.3562999093996334	0.35755784479603586	1.2648776675398208	-1.230525837187025	0.12337513865843518	0.38810153255385454	0.014265857657709354	-0.6105910912414566	-2.014310552036767	-1.3838086551177073	-0.44709428857624794	-1.9640243823748007	1.1529691930571442	1.346918225963928	0.6534109953577794	1.3150906997634932	-0.3931895102581619	-0.839634207800461	1.0182286131064873	-0.3943708559596992	-1.0828809704117754	0.7050129342837214	0.1489870217170364	-0.1344451608355049	-0.5638798848169204	-0.9195926169690842	0.10801926647590447	-1.3890807302867656	-0.07968173832092369	-0.2187322905643233	-1.1189039763104207	0.20443379854652377	0.461343034984813	0.38532909547676425	0.7250111237877582	-0.181267763770801	-0.4061690603456556	-0.6043917971721341	0.7376431112313556	0.7741988168447637	0.48262747198008144	-0.3361870588983146	-0.12413161753838302	-0.4541598960390199	-0.0223513770726775	-0.2340379531061309	0.014391945810696404	0.0943710992651586	-0.04500948946164742	-0.6848888568956336	0.029853351514074047	-0.4905186336435877	0.12762679953702105	0.5463302283690852	-0.0028179096384319366	-0.4598562545949639	-0.6930077692602481	-0.25154656933189495	-0.055306943354585796	1.2103884375315297	-0.6983413703593118	0.3715350353439062	-0.7429239223918142	-0.2631754661533417	-0.19513743389609636	-0.222152007338226	0.06985615774043255	0.28734555267035805	1.6114491971501503	0.7164343574642432	1.2758065039257238	0.7109249867318034	0.35335112777620015	0.13653301352748748	0.14586970462509896	-0.34531025176433183	-0.24256969500084677	0.3763407142613389	0.00526566657136121	0.31677082509830884	-0.8797433428570738	0.0865211009072284	0.29203832336324215	-0.08325165238747763	0.956468156851779	-0.11818964595305383	0.02140174740762762	0.48424014116861946	-0.16700426283886693	0.315888641895998	0.3443767600760738	-0.2290353160168306	0.0016338886431937695	0.4674248135323502
DTXSID6030607	-4.707179738336344	-3.05702386008192	1.195705388060071	-1.3545249360988156	-1.2861427205089158	-0.6858608833265416	-0.4616956047796647	-0.18680132175323624	0.39524652707355756	-0.12615967219584334	-0.5410592587095232	-0.06402264460964834	-0.502810101017518	0.8871071467453822	0.494873477089081	0.6702064365275312	-0.3993227990105441	0.7125817829373866	-0.08889067253493063	-0.4260878569491361	0.03980262690334612	-0.2662544081147454	-0.4818191681989734	-0.48811344537603946	1.1793506783540797	-0.21094921056430338	0.000526400532263218	-0.20812497233363988	0.07809195825836938	-0.0037629331375221148	-0.08701262343048653	-0.04671341509598945	-0.09732998990906853	0.22267949018766273	0.04048117411971961	0.003919096575263032	0.4374563042577306	0.062317457176343405	0.05124333936327788	0.34327770175965217	-0.2752461450143322	-0.6624004877987061	0.16057912076244468	-0.23475675229454032	-0.12675462307401733	0.015080940641802543	-0.08750310797573248	-0.003968593870563519	0.3357015451576928	0.15281721817659863	0.14737693254807252	-0.03601719894357843	0.3338824752034577	-0.23370308852959873	0.42772710030725947	-0.35256641193870386	-0.022291542922475763	-0.23961424054505906	0.7896448733944199	0.10858375105848618	0.07512694739557046	0.08689072056769878	0.1108651333007496	0.2994975423092556	-0.07772609057383233	0.27810930274617446	0.40348591462360434	-0.341193161714039	-0.17473822094131214	0.647193129739097	0.6964467219510506	-0.08311053935196001	0.5075513921932719	-0.19706758197359286	0.04701248223915122	0.2900414871333532	0.1804199451861145	0.15696310741491304	0.4679612884814135	-0.06193218413838795	0.4362860608214753	-0.6260229557749614	0.6377863525270412	-0.4320900043393223	-0.3157672925670576	0.06179207493316836	0.3346271223192042	-0.42738546482140477	0.23379468026553915	-0.14341290369438495	-0.4574736238444065	-1.046815500957293	-0.10355880405162349	0.019569420841124428	-0.06950177008120274	0.24955680468076227	-0.08589527988015669	-0.4180630140075371	0.43676899482934106	0.21027833993534562
DTXSID8027795	-2.7517583961995613	0.8866536246129606	-1.9386936271188184	-0.8906305723133869	-1.9138504378784584	4.3247562288511565	2.7955648957238637	3.8993566978131997	-3.585078473380763	-1.0326147869146844	0.38338655684432466	1.6552406755636224	2.1710219542948472	-0.37627000324979465	-0.8888394035882462	2.1564701611944335	2.7998702720251316	-3.2920561271545963	-0.3450156114419077	2.880677757077776	-1.3368354890149574	-1.7945934455531056	-1.234332554622285	-0.014369119453303662	-0.4934321600791747	-1.6977112513400905	-1.440503001078262	-1.8622577320230846	-0.21268561248564902	-0.2795765499311633	1.3873906592819842	-0.11675601299647213	0.03915149332638414	-0.5343800352307628	0.03157231827204178	-1.1341966010463145	-0.9933972615903452	1.3327584855170462	-0.6850933472269702	0.16302224268646268	0.2014960818927743	-0.6687945341618723	-0.016799361006338626	-0.1736483191640647	0.7109217270666729	-1.3419489105248532	-1.1098805460762406	-0.1344705258500934	0.7590192170858021	0.1202397601205074	0.2940400551525528	-0.3524880830775329	-0.7336998627870457	-0.36472303632599457	-1.00501808632553	0.34274478959715277	1.1965521602988116	-0.49297480977199115	1.8684488559988057	0.0570481898177732	0.02720155152673847	-1.6518982330679437	-0.5198761456634012	-0.31274006552230316	-0.0019476546152492817	0.025627152030481517	-0.03227411815024444	1.0283765873707558	2.1385782968614975	0.6247700920818049	-0.23659696513173123	0.306263292034395	-0.37813138026554205	-0.5180551028185507	-1.079117103571793	-0.4640351654699719	1.9982843665753427	-0.16860533929006388	-0.17875898724288747	0.9212680525839292	0.6287240331632151	0.5118204007887781	0.4306309936401721	0.8528677862650544	-0.4252422733060215	0.22548254573581247	0.23943550541430308	-0.3082123013211531	0.3364374329300591	-0.3969856702521979	-0.3713455581071582	0.05352298731289843	0.3811414787395899	0.5641144501250039	0.12704528766863996	0.5768730453391002	0.10416252709166146	0.02517308359420721	0.4638973225583537	-0.4856459676719347
DTXSID8046589	18.710597794837188	4.383172618818651	-2.919426420228763	4.227909046562959	2.242217232590977	-2.993784797286563	7.553241765420098	-1.687336106842364	-5.478971512219548	-2.756416584173062	6.48563081911432	-6.831994480685766	-0.2224141075977841	-7.050339333534086	1.6763721770412254	0.6400187622232553	-4.250922454961693	-1.6316454341438167	8.829689127055392	-2.8098269147323007	0.3510395627225474	2.882448432109465	2.7116587420797473	-2.0377638536380123	2.6994134097728564	1.706789871649721	-1.1825923102454456	-3.12843030436465	-1.1242518810802595	1.9266058620675657	-1.4162541917473412	1.8032821707297388	2.3609016159249347	1.3854559744627977	0.0051736928806870065	1.178500952472709	2.2579092659896727	-2.241143041716193	-0.3599880597838364	3.140514576919057	0.7662328129406091	-3.0442541082856236	-1.3373921187633981	0.36808021431625515	0.7776367811611761	-1.9210965656393786	-1.1501897382833748	0.9712920792996856	2.3611818827187028	1.3456119471784853	0.5365575566092265	-2.9114832454974104	1.4162241360579002	-1.1528527858453388	3.1903117898510454	-0.23064793036313153	-1.2842389408174668	-1.167586900453288	3.690249316217417	-2.084792957933549	-2.0744496386561075	0.16332776980452077	0.03815010234698999	-0.8766422631441644	-0.9808463136783531	-6.437521419665114	0.16171381266218635	-3.5436645965431617	1.7422018198860074	5.653467006066016	2.400094484437604	-1.5464741576116303	-2.341792506401549	2.243831168776744	5.952429288970535	0.853266392403434	-1.0453199194628096	-2.1801149890412077	0.07790416053639716	0.009631349728028787	-2.3877912255559894	6.639120174619629	-0.07137796898554288	-1.2732965709430384	0.9751004625528941	-1.3102498710308295	3.7235394502400307	-1.883828178000087	-1.147414013797192	-0.8576070288602874	-0.6174630266043213	2.210173135928928	3.8846233383443716	2.039659862037842	0.8485606872261934	-0.4179455738462263	0.41490750710695823	-2.8534965037910593	-1.4203466540276282	2.5366578167632627
DTXSID5033098	-3.6740321171155856	-2.6255184547202957	-2.3276230428091247	1.3206934764845395	0.8808690278082488	-0.5622996893962664	-0.7190176363478352	-1.3278125858078489	-1.6270985853270004	-1.8112154288963502	2.764353294326867	-1.4853941058805908	1.0306503964390548	-0.7123143660229228	0.5776093671432502	-1.9534608072242683	1.8810274176789787	-0.08629965840191778	-0.9350876536765685	0.30261464488906276	-0.16096486561265583	-0.8310497856096905	0.7408632287839224	0.8066942640992714	-0.43910873163684455	-1.029662641642003	-0.21797129602400198	1.2805189595082658	0.5907601514521955	-0.519469273792729	0.6418293086195088	0.055338628290869975	-1.3615408611370463	1.655707557087637	-0.39088076071806643	3.391183529559971	0.1992547934161568	-0.004027202664067772	2.180841294238329	-0.010052675727242834	1.0286958164591324	2.282459756763357	3.972747766826366	-0.7302452818986761	1.7690524685284965	0.4747809652602199	-0.8495887160701106	0.7279989812251002	-1.0606101896167415	-0.9845442239153976	-0.0772286700774018	-0.6327350323570455	1.5960841165423607	1.0974981017962524	-0.3248288196434354	1.769015363971439	0.8635270717050425	0.04725389638090579	0.48265157881616305	-0.4497621677437348	1.7977461559447598	0.6755359615072379	-3.347131029300838	-0.5964758222916264	-2.9185011649157464	-1.219095232069289	-0.9840011802102324	-0.6616661286701785	-0.5052676834128632	-0.14297731905751215	0.12799881062334936	0.9106372067614487	0.6732570435333756	0.22031270087494434	-0.3954596592884394	0.5692728331264489	-0.6552976288003667	0.20900092955423127	0.16767344083731336	-0.1613098280657334	0.5702601749102749	-0.8108188772169369	1.2477271051269967	0.15212946136193714	-0.4529348782897934	-0.19368984765378328	0.08212498060855614	0.113743232542232	-0.13715644948577788	0.3041945048606697	-0.10087164435960405	0.11948053259533652	0.36821885455317555	0.021898772037118517	-0.20530283659282073	-0.02973656094298762	0.5447722470503344	0.3280574896204888	-0.20123260273227492	0.4790682830608998
DTXSID0022193	-2.776364908709315	0.8164827705703356	0.8005056651810405	0.442291371658958	0.20965483894127418	-0.7498813050922319	-1.5797651356582672	-0.39581005072248737	0.5204966612545279	-1.9273880844769045	-0.0053294348096969	-0.3643407306445401	-1.269706467329328	1.0719642503498146	-0.6488166451758088	0.028191406377106567	1.0290292491974349	-0.2903306746962652	-0.044373708241365016	-0.8737754250224923	0.28430040392180594	-0.4364062248314061	0.9615160271061411	0.19710208014715266	0.18151069239571768	-0.05929988761437735	-0.5216085784001943	-0.35846858472094933	-0.07941478959496805	-0.2947977041152876	-0.6792480912223937	0.10075959614588234	-0.4349751135131948	-0.3697442414428334	-0.1273679173916737	-0.3999309252653702	0.20141405282933128	0.026273108994298765	-0.27270954750279885	0.22334915471211772	-0.14349754273413068	0.10661008876732611	-0.0776569818176516	0.2037087980525149	-0.5605727403547757	-0.11644236263028562	0.03793333601075137	-0.23850892840369778	-0.13336218072336214	0.2372440201660842	0.008942073797576881	0.022448793604626635	0.25310152166557964	-0.24979578445972378	-0.14073997252237688	-0.16787962010680502	0.052030190369510156	-0.03602711716826158	-0.20221942919012056	-0.2131716095752887	0.2300322626286596	0.20265373796713845	0.18133520556544366	0.6722891941296987	0.17552660367343023	-0.4537922645126676	0.326272981430327	-0.6877590807698993	-0.017153181347951182	0.009508008046072585	0.2556741591444658	-0.2789770383941845	0.48357273596134476	0.39855494909815575	-0.9550198245295718	0.31050486760175366	-0.15080058020704776	0.26127695281716323	0.06079276979916357	-0.28147614435479307	0.6268036110745201	-0.22362418373259288	0.37504112437840625	-0.16720172208050973	0.037060216533773	-0.3196732209436159	-0.34517597782658854	-0.2245596060800388	-0.20865325676675425	0.5278872157961081	-0.26999983709853914	0.26122014366890906	0.032220370002251794	0.024295068977709493	-0.17224147969424597	0.08588932772633406	0.09550957179700417	0.12822899930692427	-0.12321536002034948	0.24632023194294905
DTXSID0036760	3.9656988557259654	-4.238362551071777	0.11894010035707124	0.5924790450943554	1.1763173205303972	1.4359824536823362	-0.05877834492542027	0.6182844592334925	0.8298222004526743	-0.9736434001496402	-0.8877989145519165	-2.2530266148017954	-2.0513032373598197	-2.2763957348053707	1.187768229221351	-0.5778105940909432	0.4249461502594151	-1.1643767024221316	2.7426435395251243	0.2726509528645287	1.27918589118692	1.1347960714137224	-0.5969048116210726	-1.832499448687993	2.8137601859992003	-1.4664085351742295	-1.0211042482409531	-0.4612462321686349	0.043922063691214173	1.766614994648642	0.3582890402358079	-2.7594303142989043	-1.6230923935569477	0.6777043754754425	-0.6523103465600005	0.34489621494920214	-0.80468065645614	0.012457533943555775	0.8842253542974335	1.9959251437972902	-1.4863347916693488	1.4295103240759386	-0.8605517464054907	1.5323657705575686	-0.3965890763674999	0.3960787256665578	-1.0476470080947913	1.1022190365865494	-1.1990188963548531	-0.20789551391547614	-0.08983598451529685	1.0353678925231584	-0.43354920555783	1.9082208436554686	0.37125737665275804	0.4268427109876014	1.9086893611999691	1.5902261433005365	-1.9906146634905122	-1.1192228988922093	0.15267311076900597	-1.4365490296817987	-0.8993255975701097	4.978651572645838	0.5754547253512028	2.223171658340242	0.8918002550391682	-0.31214682050464215	0.6480376895476925	-0.02914148562794899	-0.7734950645222012	0.04329961571653984	1.4174742670884461	-0.7286237030271777	-0.9245665169060481	0.34689095396422265	-3.169992054575225	0.3672339001093028	-0.3257991059172674	-0.014966314170749704	-1.6160241997213105	1.4325732485687852	-1.2042429110622597	1.1378517788773392	0.6504126241916365	0.7004861381006032	0.385856489236427	2.009340290494478	1.6500809002764747	0.5564560744099193	2.5940735378350004	0.7886771365922106	-0.34308662489724645	-0.1994429955391049	-0.8126855080070998	1.2343093422326383	-1.381415757805704	-0.2087055650434295	0.4766206759979867	-0.6081037624826104
DTXSID3049049	5.586850857274064	7.86067306846547	-2.824851923075169	4.52540303904733	2.0875065943726434	-2.827260265849084	5.7708456758808815	0.9486305508335994	-0.3523108001623584	-2.602134127402062	1.8731585972479972	-0.6145052835181237	0.7479237225016406	-1.5554182125426372	-1.3927642501853246	2.8877937876068103	-3.0265541630797026	0.8939258651049405	2.3658377204227348	-2.1210665693451776	0.8330369602725938	0.03614005364351994	1.0782092734363105	-0.3022630751513556	0.14746335269483132	0.7470593644732707	-1.7427374694625557	0.3461891905623398	0.22490652478092074	-1.2383930548909183	1.2605925505681534	-0.5684076663871577	-1.8838851578092237	0.4734288181095191	-0.23184207353650993	-0.5141902358764796	0.8085453891048852	0.41833354160669706	-1.1507466803236928	0.773027745596066	0.586779573357876	-0.5108694882370346	1.0026603616710656	1.208252083232993	-0.6161824051449818	-0.7069639495535516	-0.6923846072319585	-0.5098915451171734	0.6893914542260027	0.6786350197756712	0.23232241867033188	-0.4632010915515801	-0.43056352316396873	-0.65288424892704	-0.06614170738980502	-1.3822136146741895	0.873658785604004	-0.46566929054628836	0.7229888071950654	-1.1538633732962191	0.10170708672920059	-0.08375896488065802	-0.5096701929301342	-0.8302790520872123	-0.2341394043558673	0.20833943645032119	0.37749080726845896	0.13078403458646026	0.8031284651811651	0.5240709446932398	-0.01070129474861464	-0.5683192950097828	-0.3528976547819664	1.1040372959210334	1.494920031894021	-1.070205610004793	-0.5062098778422571	0.2770246340183247	-0.33561403487021424	-0.9198149005271653	-1.5381864973999133	0.14523346568904827	-1.0707309061506096	-0.5057820536648712	-0.0003527443339359216	0.5607203981127964	0.847669712208689	-0.33335944889097446	-0.4137205536054488	-0.5193253368123478	-0.6014212290233368	-0.39197850622320035	0.6576699643154748	-0.9822265455025894	1.0275227863796397	-0.3135479798956639	0.40749927193510216	-0.2728626842762021	-0.13532712342427847	-0.12554476703342457
DTXSID1038298	-0.34841060837146814	7.293104856758962	-0.531133574599717	2.4722218827945346	-3.6467891382476623	0.7911009218851963	-3.5929966991440043	-3.3794144807259796	0.6669875693290803	-1.320840769811528	-1.838888020276419	-0.8712657535900113	3.162976860114204	-2.5579762631744427	-0.43794248067017355	0.23280200126363385	-2.276635171754586	-0.677499605989752	-0.37574480992568915	0.4743842263588448	0.826536263524036	0.9191006006895844	-0.7592055315380087	-1.3578125311186926	-0.005887707706658925	1.059933447367457	-0.49653417836950803	1.9318053351086335	-0.37144958428180347	-0.6807672508203643	0.5860785335619929	1.1247068544812686	-0.13277496327952187	0.09129144533429329	-1.072086950679573	-1.3529504478857775	-0.16789445311125922	1.0976925586185555	1.155663995395165	-0.2800004746496633	-0.6680808720894765	0.8689513917522951	-0.8525395509783941	0.5155598681026397	-0.2616382767938018	1.089971454060592	0.22275116402015438	-0.38515604057961417	0.3196324486991822	0.2254192536449571	0.4035993852837583	0.3966282012700297	-0.21786961547468206	0.6850075558544857	0.2482472661377814	-0.6714505997843959	0.6046850488895723	0.28248269187209163	-0.3950106911573891	-0.4632412196292389	0.74916893365682	0.961099091879046	-0.3974107388579291	-0.36240821901230785	-0.06566638988865445	-0.8969182696744616	0.2909045173808799	-0.8427699110803077	0.4434991377521096	1.7743210387918191	-0.034599170945648225	-0.3497217236817819	0.28500322383978066	-0.45629710589145006	0.2867690595478969	-0.40582971864142714	-0.5068442792672468	-0.3397514452381827	0.4441979356992617	-0.8252894763316597	-0.2761682988260915	0.19015641177837306	-0.09216500491752516	-0.6116055229867147	-0.217364549181309	-0.21897632638843492	-0.2494010243052447	-0.7161666179506692	-0.6506745303968704	0.3226713028254024	0.25308242441619605	-0.0765159463070494	-0.623079795708815	0.28616492730364995	0.0347513783977866	0.11413381841114942	0.3883230920822511	-0.12801035851282921	-0.38672292756695825	0.15487936955241163
DTXSID8034871	5.802191564795399	2.5242876425549885	-3.888944415152804	-2.1257664844929502	-0.029432248436805933	2.430168031214414	2.5237102514495247	0.13285788160148945	-2.0096360349701015	-3.749487474312303	-1.7094161030421353	0.19477508821840858	1.0932703483932804	3.1997350720563285	-0.2599685816323175	-0.8119523945399462	0.4894647768823318	-0.8872074855668766	0.9435524812751062	-0.07753708236515217	-1.536010573897922	-0.7499440850905713	-0.7845139018967017	1.2583696297802103	-0.7064249573818842	-1.1078885325202352	0.45355054489089286	-0.5417757870255985	0.1425514804869753	0.1636358073468899	-0.5226002225162183	-0.9513689619719007	1.1868202944434125	-0.2283860445311279	1.082185417051395	-1.72195783385103	1.153611083638372	-0.3431947187402888	1.1931544038241844	-1.001541389190363	-0.04405840895242513	0.6888280024206342	-0.47638821979973284	-0.857269051619522	0.01678350480669164	0.4533517347394518	-0.5782298327394824	0.438504444045756	-0.06756143180987531	0.22439301584507884	0.25948729674588283	0.4350552635080187	0.2441458782087855	-0.0554504370718415	0.49950069447031575	0.4257128697258465	0.9842532960162854	0.018830459697020536	0.7020196558086916	1.1663078456538902	-0.24339196691777507	0.5791119849353625	-1.0214963183497197	-1.1686607577257044	0.21695317633041106	0.40986995697690004	-0.03947126140223481	-0.044899763605740294	-0.46523547657072606	0.7722760085352905	1.9092473255837694	-0.2906277576982814	-0.5843820476190547	0.7361238970255838	-1.7168064893757176	0.272057144216122	-0.9292791800085753	0.38257807095516927	0.9091355356152323	0.016651763824987266	-0.3479817562420791	1.934876541961033	0.510425781800133	-0.07125063340594398	-1.1790328455718433	-0.3777205434570543	0.25163153292133644	-0.5242150638539379	0.9550008633299892	-1.2461107701694374	0.007253029869673699	-1.027743222651702	-0.14559367565979478	1.1039703524092948	-0.8709766507471063	-0.6107514583043689	-0.3068355089589682	0.7556037072356158	-1.2587676660945606	-1.4499069081089322
DTXSID5057672	7.002214554222564	3.2937653566944	1.5428382989895788	0.7926437931014803	-1.758132645783017	-1.538093576555945	0.4559959262992103	2.1432213738203885	3.6155669636805228	-2.966296615312461	0.20418773290695058	-0.29124815678689936	-2.5647985636216397	0.2592982773675071	2.827910360567921	-1.3502688787729034	-1.24479991298182	-2.2445393657849677	0.014087527678016513	4.014973724136745	2.98206697879588	0.15713529415707417	2.486683311285502	0.442099447572985	0.28931455420362867	1.3212330552277587	-2.4075299425481274	-0.9171389316390378	-1.4421000094995564	-1.0364628213160814	-3.2391452253141906	-0.9336072756044532	-1.9815788044623934	-1.5158697509235528	1.4769056760075479	-0.3163751985679068	1.3197152105398586	-0.5241606018241427	-0.7244866401868133	-1.3506722520383945	1.6241174819828719	0.8610475691952992	-0.6823891667258423	1.08135107071191	0.7978246558529278	0.2474125841135179	1.06069065770182	-1.4902734592443998	-0.7476506654408273	-0.41538500644937376	0.36775655315406325	0.15519409226163006	0.7507723287886809	-0.12561557077526456	-0.432971211973038	-2.631525206986286	-0.2276447890491627	-0.12492894207055474	0.31115887506386003	1.3209923958903513	-0.24038045492644985	2.4580594530416526	-2.3958351255107355	0.9374384909441448	-0.9408100749634024	1.2525108444765063	0.08227208301006518	0.9120533849776034	-0.3666119914416507	-1.2848141618147546	0.9669485427456957	-0.22856944962548237	1.041146386049512	-0.5635554177081492	1.0114551706904573	1.0533968455680933	0.09306612230147165	-1.2201842195397863	0.8554037611328134	0.1196073013682729	1.7069341246394907	-0.07315809530574012	-0.5036641065068502	1.5456216641087344	-0.14055457493527343	0.48579495295384256	-1.2060416068736721	0.7160601963444229	-0.14820281725843001	0.049117480187949425	-1.9334078400169163	-0.6133108967603217	0.0893900510364285	-0.567475321353396	-0.04669148398050778	1.3651627806151205	0.5339734135825408	0.6927373272057561	-0.8364222922681154	-0.15160057028351306
DTXSID9046285	5.9873298850518415	3.0446582173181227	1.7086267998432756	3.2020548916358025	-1.4208747203200498	-1.013838804671964	-0.1970201537117018	0.44632014856000335	1.3275412235635657	-2.4677157153244744	-0.8025505200302047	0.23494770293538383	-0.708063244690247	2.3503381392974987	2.1263761384417057	0.48492732198920574	-1.7398596433482343	0.16644511812633628	-0.4683251383974716	3.599088343067295	1.9102872161325928	-0.7628952187786715	1.239263426982597	0.9984066911491885	0.3393326378080643	0.6762988684548148	2.1310162134029094	-1.3049195413124195	-1.0546340469649025	0.42469396770114626	1.4082943176498899	-0.4028528133869257	0.025519178372369014	0.5521124671100719	0.8153258415612497	-0.7449114401664769	2.0934154900734305	0.06049259710713745	0.03799090898571101	-1.6580640180614203	0.7532599589012139	-0.15569484445118992	-0.5062213241359841	-1.7690900405197576	-0.11015416931420564	0.4587861772917137	0.4861976520216011	1.1675962039032983	-0.45452106447212587	0.2095613723819808	-0.05258830473445322	1.0473135201100563	-0.14326249498718888	-0.15501168220513403	1.064798332859029	-0.7381251985422108	0.3355086984229732	-0.3009437118380776	0.20790452550904448	0.37222386043604727	-0.4000282823082154	0.3607716843205477	-0.8321344316234806	-1.252461899908143	-0.020956996246715657	0.6691263470684389	0.601727716735723	-0.07354791504946231	-1.3186572535273258	0.3549302609133655	0.4230509506081627	-1.4091237599847506	0.0064168961554105985	-0.6917152812534688	-0.1267996471988161	2.268362248108099	-1.7593047445355745	1.783660508503857	1.4966939575249587	1.7382876067088677	0.9635395543054743	0.9797196704964899	0.5718375397866112	0.4896675240366512	-0.7040261696693343	3.1762341865975885	-0.5196667800061143	2.0725789339679808	-0.36857423448525783	0.33578311986731824	-1.6569465871040316	1.2221050531518778	-1.1675170762243343	-0.771882246268052	-0.172265469526795	1.183998948379003	-0.2797255498437888	-0.2338134169044991	1.268483058091719	-0.056974384648608614
DTXSID8045351	1.8103037707853211	2.29642736204244	-5.273782626274778	0.7195015999540691	0.9982203843347343	-1.430883807808956	3.3749037258965524	-1.4821024793248865	-0.10367275063045571	1.9615830437493091	-1.1353534086676633	-0.2523240504492923	-1.0291400579842163	2.1356711397272985	-0.504085906793227	-2.8588537094994213	1.1423763696372353	0.5474139741883076	-0.7243223241691378	0.44538111072032194	1.7251180168239442	-0.3292955095969309	-2.2140372983705636	0.7156344457624689	1.0243631151855697	-0.20415988661584708	1.807930062771196	1.0691401996963161	-0.2652947708110527	0.8542326869486406	0.4438766800570232	-0.3759519396785725	1.6166182302799996	-0.633024220237084	0.027106252947439007	-0.8698272133026667	-0.8660029429656604	-1.3302732675402504	0.22160658849357392	-0.4326364133747854	0.7881575587737458	1.6013155793904004	0.24083977687298153	0.3162082518972569	-0.025341049536413397	-0.17872093060686922	-0.8156981573571183	-0.2623560380641495	-0.5835175613306248	-1.3315142367223205	-0.07782322124236851	-0.6594242754315773	5.603674333162247e-05	0.627487274463265	-0.17947138327725845	-1.32257925700704	0.4979152275274148	-0.1501561734711289	0.5713725368937473	-0.6376899045902282	-0.7128647236599586	-0.17624895362134388	-0.8581319421261926	-0.3485770952938896	0.2584647296843367	0.01394257227708546	-0.22645189598618265	0.2820461848281282	0.7321967460003108	-1.0601680217354303	0.40255652205574033	-0.5866768467551998	0.4218243036163334	-0.11845216410217697	-0.548653485275654	0.2826975900979351	0.3053699185246425	1.1711044986578778	-0.10220099746606436	0.2512615420734691	-0.8637499088397084	0.5752968438539066	-0.3894794794153116	0.010411220343185278	0.6562464146240066	-0.3265887433792788	-0.32814662041018744	-0.962886588005078	-0.7907938301395924	0.5019858168863219	-0.21975069615911294	0.45268021483755205	-0.23822841649086834	-0.14218599527135256	-0.49916027550079667	-0.20527816547800382	-0.22037079293238415	-0.12778429283749276	0.3978817593516524	-0.19067509979035854
DTXSID5044786	6.424393243479884	3.7807298223954113	1.9402257570086503	1.7143525068059926	-0.6555528247495753	-2.5044313805118956	0.5380101047423758	1.859153773043223	1.9110969155550703	-1.1395663247066836	0.9298135455722177	0.8511014072136912	-2.5111579338064964	2.8706542367243433	3.57879594039116	1.490284255136305	-2.628868579787518	1.208823498135951	-1.9819939243854128	-0.09758831400662121	0.6529876940980756	-0.8703168357174896	1.8391061368445496	-1.010202555142992	1.0069926355025387	4.230579162103174	1.903459472595593	2.0606187666549816	2.3833385335890496	-0.05972481416401038	0.01553402779915003	1.108874405045994	2.8270667114815327	1.7751437354271478	-2.871087304220455	-0.30103391915684563	-2.992331671929211	4.043570198569329	-0.6475383104088984	3.775238272544128	0.29487125417540067	0.18502980203171987	-3.1140486380175147	-1.9883237383196206	1.810411998494127	-0.36633535546963586	-5.830530598895755	2.8344071311791335	-3.7049104249674216	9.282738687432268	-1.6684914761486778	-0.9940080181359939	0.048741818779463604	-4.501528391030494	-2.086417019409595	3.0959747765919947	-3.48609366247975	-3.4383155462114003	-1.1607838048506225	-1.7319333682222677	-2.3632966037669765	2.892195254064322	-5.489453161365467	-1.5846884149340825	0.390245688265495	4.592727328429528	-0.11951017020937792	1.1415179116737537	1.2015919682221168	-1.002579726913189	0.7086442116230947	0.002852192523263226	1.345892647342461	-3.5681070801735655	-0.5370442904886286	0.08041100589250322	-0.02831689906346102	-0.6615064631148134	-3.1596903586412965	-1.0376800507128545	1.3032795590064261	1.734718011392911	0.743836198271439	-1.0897763403174432	0.9604387730478372	1.5308475049612746	-0.6686247913370132	-0.19483833358700947	-0.06588551725790734	0.20281420176515508	0.43913933779031944	-0.6660736619581374	-0.6948932700121788	0.30246612303413667	0.46293477951960516	-0.42963641748733916	-0.34578484436747736	-0.6181472378152404	-1.0349746446273584	0.7411415693677608
DTXSID6044430	-1.8834546092857924	3.7215696254990727	1.447979027838536	1.6675536983661872	0.24968661366510106	0.08134667715505388	-2.7121443438112105	-0.3402343080717475	1.4918362190550198	-1.4312529442776214	1.5262262949502943	-0.6471154266412383	-1.6048202433629741	0.08965065110750402	-1.6037128014828037	1.9390370482048223	-0.6997545623829909	0.27646386460612293	-1.855870208874192	0.695970284068071	0.0579279899562683	-0.22630493633756585	0.41546307018759143	-0.31140460250206287	0.5032955875271217	1.4642237603516177	1.1331178973987786	-1.1451496745945517	-0.11439084515903064	0.2046004102942856	-0.2909682484756344	0.13521164930898363	-1.3288964926660205	0.26377095818225993	1.2002092319061775	0.058691587428661936	0.25298009449940423	0.47011857937864115	-0.2016266957893443	0.43190120911870694	-0.006803431185953579	0.010254867478361272	0.19489398629167518	-0.7884833779258018	-0.3311162325217902	-0.09082253415127789	-0.15864287213013717	0.024298632811957675	-0.43547558038973017	0.1833470637608779	0.09670812284037639	0.4489640147798125	0.14150902145097774	-0.2493579158261019	0.15056090174376563	-0.6623534515216645	0.4335458831337464	-0.009131035061469433	0.1115493010895238	-0.48763411193988876	0.26348507524793957	-0.2667759150740141	-0.6120586645909932	0.2788278734830581	0.6287828320597559	0.9638645971613168	0.5777155457598593	-0.39261064323517947	0.606540057590248	-0.4349660592296462	-0.2462145928215296	-1.0781156877973253	0.9536208687296711	0.4484956556661832	0.257615895698465	0.7020143307416101	0.41532748264562885	0.24835015651360745	-0.4485025446996953	0.28268633567071844	0.5240027081734154	-0.07716504812076448	0.043935165175223195	0.20177512429545777	0.34350030816309496	0.03382980138300144	-0.3121007017513594	0.050133923279123714	-0.1519678224295933	-0.03384592017429956	-0.5621484944611972	0.0009817315289542678	0.19607619228559006	-0.2185137538088215	0.13893694171901835	-0.09299082681611961	-0.09023365372662695	-0.03388597641059531	-0.05954210815079021	-0.000445343039143069
DTXSID4020321	5.9669173969338605	2.9870614517484504	-1.9030840565635503	-0.44368525889209287	1.5505968075805925	-3.0413695540143637	-0.3122122526255867	1.9476107369932867	-3.13435489926512	-1.477186114453568	6.604967643359381	-1.5555520520573514	2.23759978635365	0.3592663198572617	4.671847774319536	-1.0895827268323417	-0.9849558305816535	0.5045048740514012	-0.4046470558094721	1.1388708612788632	0.24071229513317247	-0.7694966417827281	1.0612019510059254	1.0310907244716132	-0.07060599112098499	-0.4944693011245068	-0.1233478695022901	0.017972425793251326	-0.5188660289722632	-1.1934146891181034	0.3198821285948796	0.9331484561503296	-0.35411796566982334	1.677913361700456	0.37640922308202157	-1.9429992730609715	0.36707496147681895	0.2394450205272283	-1.010795744233904	0.12122056786583067	-0.7204600271307283	-0.21699160550867513	0.6389336924646668	0.8619377664847807	-0.6865684873944691	-0.46978665932527097	0.10511456156898376	-0.6789572002896899	0.3496781530437416	0.8413078791147366	0.1208591787416083	-0.37168392164824493	0.525053980520408	-1.2862777590288117	-0.8427021172247078	-0.6571675512278887	0.9980848580807026	-2.1631896084097813	-0.7188448307590973	-0.5765221709558365	-0.6230534724446147	-2.156520031953295	1.2363039924931225	-0.7818440038626155	0.1742158680689559	-0.21195146430477005	-1.054726203627616	-0.07848404347046989	0.37988233394051524	0.07971430373761192	-1.9880122248337595	-1.3792997055564862	0.8813464376218509	2.4059059685782707	-0.11700411655028348	1.7796731513553108	0.35108476634048225	-0.18859446125363807	-2.2756889125519533	-0.7386148522940329	-1.8597632906037924	-0.3001044673408191	0.347885479356109	-0.21559471461843413	-0.4145307205759845	-1.8188003043787941	0.835400998552501	0.5972693847540986	-0.27714755622294424	-0.3435670520451757	0.3619407287302822	0.9637857454175042	-0.40336203192681525	-0.16322531960881975	0.5591727334210393	0.32413384099381043	-0.7037779719113508	-0.7600785896456449	-0.0640639827622916	0.10007017078682738
DTXSID3037709	5.312460706091457	-2.626300363594611	-7.386810007846123	-14.630666707424597	4.11891809273032	11.872079716820501	0.4168475128495122	-6.696515121188602	6.505527746327369	0.1035899310963411	1.317737250144816	-3.342936918812511	-0.11156474642761578	3.8219644870135725	1.1623407858999393	2.5969308248263294	-1.9885655591765938	-1.2455369790802142	3.4001513097575984	-0.8258307152667991	-2.2017761923955184	0.7550353098629582	2.1983240740669534	-0.6638977516669712	-0.5770749317764244	-0.6776976477189958	0.5356202955182088	-1.4966175378311166	1.1638090261151817	0.26036775566400217	0.47871531475237455	-2.1947824468677157	-0.3147619600600029	-0.08498765480285328	-0.04603539625748507	0.49198592012487724	0.594225045166715	0.6473959317089022	0.20854309574365942	0.7871166729198831	0.3686811267235404	-0.2763389834470739	0.022939213483172204	0.13414499394854365	-0.2733038427470773	0.9590570419564823	-0.6348570130813433	0.30547113816445526	0.15250984877130158	0.8318903718718369	0.23744184820697514	0.4130301945310463	-0.012417462214878197	0.3929056433399014	0.7291902405168035	0.8409957090064195	0.6600308596494486	0.777312991216459	-0.6614701220561596	0.6544610849968754	-0.3539118652421235	0.6422441293697996	-0.14030302297068067	-0.6229780265054519	0.10710616267359958	-0.8338812218522175	-0.0003749704203747039	-0.41417086377549484	0.4068283538728559	-0.24828157305240783	-0.28460325994487096	-0.8562881850438416	-0.25711451914440536	-0.26535766790474946	0.6163427475270906	0.04636769760789154	0.9327627896800642	0.5055529632961572	0.821528418577681	0.3658272442707203	1.4816674402084442	0.3918966706292013	0.2979715845283323	0.20856782045277783	0.15445734908609687	0.4362275192741423	0.420174512232215	-0.05099623945392707	0.5260075319550799	-0.22316629525790266	0.1978939537235084	0.19272845214261106	0.6279143728186486	0.3579885955608479	0.7253610744184716	0.14016011823387983	-0.21737916809741475	-0.2765581624720774	0.24034421332210143	0.00605922813887473
DTXSID8024941	-5.574022190716575	-0.9894384616382506	1.2580916342539263	-2.319407211362529	-1.637961070824619	1.8918672259753175	-0.047004535408183945	1.460641553518349	0.24900114572008522	0.3500702255882655	0.5050669714149375	-0.22211442032682835	0.1850275693400792	-1.2374841995971884	-0.3639084765802477	0.6165733675802776	-0.9648365046486749	-0.35721832343764837	-0.44902183267440826	-0.1408822189399098	-0.3812749088918295	0.21368726116468634	0.24652100688916823	-0.36185017077020254	0.18801023052076668	-0.33128773760016006	0.5104755610736844	0.6045173658248844	-0.07747137341401261	0.04653619553778076	0.12208420503751446	0.6521855198340222	0.9029870432129267	-0.26926009842354465	-0.3897312242543955	-0.6504734041458923	-0.06354216177358896	-0.9968395503867699	0.25997333527119	-0.3246774664536587	0.12209226761069243	-0.13022734211682285	0.1636668018636046	0.3689903113450541	0.14352838192429915	-0.3712422795649511	-0.2547486456612824	0.11400995581688146	0.21827188701333824	0.3045682326368384	0.06097327308163986	-0.2342644349701768	0.304268119609338	0.11900804525490442	0.503810019531009	0.14246815775199312	0.28628760882696047	-0.036491510752635195	0.15306560538187022	0.31656233633036035	-0.7733357223275166	0.08337757821924463	-0.2567708075518207	0.48976312730559324	-0.5364391275872593	0.016184121905451394	1.0590199861874878	-0.2137361085611769	-0.22511932898541923	0.18085114941510522	-0.20139544713157045	0.2572030116148391	-0.18112129554291648	0.014680378944681488	-0.09533676252793631	-0.12208751494087412	-0.13696444927489865	-0.3115645886287056	-0.6884852234496119	0.8963825067678124	-0.1425122517365239	-0.9316247732441585	-0.37631113938728894	-0.6846235145546135	-0.2729598704970911	0.44269842226939	-0.3770859803907592	0.40708768933164124	0.25477414301500134	-0.27270936323347744	-0.05054248556218895	0.7285290077392803	0.6525714230043902	-0.0256618970818368	-0.01144285913271873	0.030553567063148785	0.6073544503233296	1.040581821202622	-0.061494642999172816	-0.6945721749828522
DTXSID2025765	-4.091584255468717	0.15725856204060348	-2.6255039883575346	1.9212391007252525	0.883663065341111	0.957235562392257	-3.0073756767339357	-4.199121807887817	-1.5219109869353624	-0.41020014660160004	-3.0035269668290936	6.567414184168002	3.1717276614902623	-1.906281110862653	1.1637076758557394	-1.6666844561801089	-2.17174798855155	-0.2687282909473717	0.04191984325299775	-0.04426272307121928	0.14680280466453247	0.9728087412309057	0.6232943819945418	-0.06417377511727144	0.20007729111530523	0.4808866340489869	0.8977961484159266	0.15565490595769843	-0.17122592656631375	-0.10380028359367471	-0.8123301985716652	-0.16885521608141663	-0.13782232197920952	0.18015408016172194	-0.7541477086338809	-0.7372020350434652	-0.7573957656069765	0.30557655837626435	-0.20224959052023397	-0.277476500461721	0.21583873437866735	0.50292956832974	0.12819316427881797	0.28004872720957186	-0.1884864817781309	-0.20013043429472416	0.20881116707618758	-0.38919241898922013	-0.046794359847843914	0.3529793031242964	0.02679271645150226	-0.10115953572620703	0.24668112087538327	0.24456214341468316	-0.13769344291011948	-0.23043598710857985	0.32028662101583694	0.015254124485478807	-0.10442432159108167	-0.09994532941610311	0.29183944372355414	-0.11711685605051406	-0.33763648707502575	0.599907781306529	0.07334222334676692	-0.17804529248036652	0.3706515799965538	-0.7699304067459547	0.2549424604015178	-0.20520650848383187	-0.31129311414408434	-0.6875837359530066	0.09618567787279853	0.01469422088007038	-0.45871100241788426	0.5356482517774165	0.2502405367932898	-0.03661644492861427	-0.678106579541487	-0.6659111558363788	0.07224157520742978	-0.3916672836744991	0.08134110756092501	1.20326369513787	-0.07428860739199936	0.6269925659223863	0.714693069442106	-0.5798602370736857	1.1087623720533144	0.7674525891683383	-0.9295142749538724	0.1662080366802714	0.03924945518735613	0.4289113680693556	-0.10493569404850923	-0.6870436260825568	0.11760341709440862	-0.006900306920396811	0.02806998154595354	-0.1506372666231473
DTXSID6023232	-3.0582594236309992	-3.8387632879648597	-1.2310874461845405	0.27291757313965787	0.5672093380856855	-1.6825805927219795	-1.4332058046109877	-0.3846094942144591	-2.0041515210691414	3.2877832228128403	2.336558808098882	-1.7139724025996947	1.4833648428365196	1.0035517771752933	0.3485374849514262	-2.1089627287610377	0.7880359322537	0.20644953445928924	0.84224990834965	-0.12616872139819466	-0.2739576017173566	0.4611580498234497	0.7551116315518958	0.0031137512098195824	-0.34307615482399545	0.6226397190211285	-0.20049458921150454	-0.7509535042824059	-0.3584509676138166	9.432800122242613e-05	0.0012764289777123842	0.42089451735522315	-0.3231161456370965	0.7820986148147911	0.11392849177383428	-1.1517181760376012	0.8084398011097814	0.11212594583249601	0.6404750527996897	0.46310444270937035	-0.3152582292178049	-0.10354291533836898	-0.41458905101877236	-0.0855718302547911	-0.6018784851434049	0.059676366943755464	0.008758030162300737	-0.24659060391339585	0.049961990126783686	0.17013128357042054	0.0411779719909737	0.017131831089914833	-0.11385113208980713	-0.18975750869143893	0.09546598903923613	-0.07160920456265028	0.4044351106651864	-0.6740133725975863	-0.4426051559071216	-0.03842700540365284	0.1277905967998874	-0.015125270105210928	0.1270422654230389	-0.22751782718677255	0.10040621715282289	0.23100512889817063	-0.12901967399675232	-0.5565615253618854	-0.8420369995630256	-0.3715809088867096	0.6172992816413624	-0.0883981972026002	-0.17272727506419455	-0.39132852407139107	-0.3140495402583443	0.1896202630117178	-0.24092490210038534	-0.11832254884382336	0.06999175721200523	-0.3234138114311568	-0.27148025470661485	-0.11613798841980105	-0.07778099859010265	0.628408080571097	-0.4632193684805133	-0.4812256737794323	-0.8460783657213545	0.27643488863840393	0.2990572851388357	-0.18563172484901136	-0.1554086400509999	1.0509909480603492	0.5498389191034383	0.07135419502334749	1.2215271585513316	0.28674150368503354	-0.03635808432779071	-0.20944990073172182	0.7231827325409568	-0.31267319533733157
DTXSID7046093	7.395797622123251	-0.3077670833856549	-6.467091559607722	-0.6155817086883102	2.4663134509488933	0.6803118304716668	4.504783775674507	-0.745827421007671	-0.05639032141173986	-2.2974152273283934	0.4973659061077301	0.05186991283281406	-1.2759992907874236	0.5303923326737375	0.7052502864120218	1.5335432039244503	-3.05313113942221	0.9384072161752187	3.410898330414825	-1.421647389340036	3.7091220111485588	0.5133012704121165	0.8439965374311431	-0.5003911019252438	0.24833287510646543	4.364724090313427	-0.27394854932069734	2.3624629250034985	2.246238892718846	0.5483366627213687	1.195289356161738	0.34969780129062916	2.180953171299088	1.010104396894742	-3.0868897161571396	1.1420210218451743	-1.3983501425341398	3.7158684749267046	0.13588538353295052	3.7354672726876617	0.1286047493937137	-0.49967277333634813	-3.212828702346136	0.2554490794370802	1.4997483329845365	-1.2610831082676242	-5.739318275676316	2.052514600571368	-3.3441826438075974	9.540538621140373	-1.4242922431718645	-1.2360077337158983	-0.7881291822037222	-4.646055028743845	-2.6759726334588425	3.1437530926591744	-3.617457027850998	-5.037913669478611	-0.3911171406265523	-1.4798208268471629	-2.5765259494549415	4.329400160657733	-4.286583815960035	-1.139312666896855	-0.41782820029839446	3.2646243789482052	-0.46593143543411536	2.355939197938725	1.6587813265638611	0.1299366721686871	-0.5398598933677885	0.04025105090331996	1.1727580263081891	-1.8362556472785052	-0.867148410898862	0.028625327632789903	-0.3145840752037352	0.8117430934870815	-1.49822446973385	-2.000616759614033	1.8802336274183744	1.8507969337433474	0.7570856148346116	-1.7738312662806468	1.239220668732117	1.4771193762057506	-1.5428526876276296	0.1369174612306874	-0.44281895753204825	0.42381582395798756	2.315331266351995	-1.478019623765898	-0.02401513244090197	0.8830124385761949	0.3621336673096985	-2.1732113047212827	0.8168842092263182	0.6161386997893632	-0.9663772363342799	0.10447458365702816
DTXSID3044415	3.0995434687880543	1.9890486888897452	-3.512879702508741	1.9916387125231834	10.191488077009584	-2.1401529875169496	-2.4054605626711587	6.193403523983656	6.80006462868122	-1.486197769691241	-2.9205165102598754	0.3537992382189686	0.5613987972432685	-2.472995722564575	-0.4267824457171552	-1.780557965927321	-1.3470629439066395	-0.28855645926626206	0.34220472556498394	1.2622853995666652	-2.000577227728445	0.24775104352415653	-2.5665002325004345	-0.9964845212970216	0.9614740991600618	0.41786795991963377	-0.872986826297072	0.737173052055028	-1.1689323498957038	0.23201667616750057	2.6684494091732747	1.1216343900104673	1.6030828254066107	-0.721322204273042	-0.005456007848664665	0.35746322459028856	-0.038379843109405225	0.039482701850578755	-0.23308734108391757	1.1955691668605308	-0.41047284522840083	-0.5890017061147395	0.8284081716992844	-0.022125902971284077	1.0896380902252052	-0.6417944363827303	0.41581660154894456	-0.8721111540161676	-0.26272677891210267	-1.0687908159289665	-0.32241216368573833	-1.1328492917001785	-0.5472345981987605	-0.5579889439696075	-0.5602246033805893	-0.07997383518774454	-1.1806173825904656	0.06786464939482523	-0.45318456145648417	0.0934085750377724	0.15469673809224102	0.06119421327100136	-0.053559159467317166	1.6369994897046845	0.7293913595204793	-0.8400771059782194	0.3098119546861578	1.6140866402321357	0.17485268317226785	-2.1685453789902907	0.5074714352402709	-0.816043217169025	-0.46642273251897737	-1.3761730787208968	1.6816287665446876	-2.8760633495765453	-0.5138142978770533	5.061955137259017	-1.12500546773333	2.8346528316108244	-2.0895501507016747	-2.5323965378728097	2.2733316631397913	-0.8824988830334304	-1.1876380526779924	-1.5371467853310967	1.7745661367751964	0.20734388484228175	-2.1280846971271563	0.24857642177400005	-1.3023255394998048	0.2827302092255019	-2.473065887782457	4.015190953997902	-0.12874680438511682	-0.3413160127129979	-1.6027884740141465	-0.47910700174549414	-0.20909089183545548	0.4246276223456218
DTXSID6057669	6.519394566110655	6.6055565711284006	0.38129642363586935	-1.1778261091958488	-1.7079252865915906	-1.0371160528236474	-3.0130862208272595	-0.4461012644188676	-0.06963266424182922	0.07805888610549053	3.8630877934815824	-2.0236780525219826	-0.7370645891435837	-3.6610979493062463	1.632551425659481	0.44631934432962067	0.2855131821407104	0.046037799578411163	-0.07720848961802425	-0.8030474949674601	0.11670986817076809	-0.5411028444796221	0.24973467373604027	-0.6948952456925643	-0.5245180084875407	-0.3082203092510642	0.6389427996666083	-0.17800361707316048	-0.3724677763767907	0.18044536258794072	0.11461205675784983	0.7058268249719206	1.0496450792091148	0.7555057109922314	-0.32764750343459864	-0.9190802286993288	-0.11111486870243852	-0.5176691409733145	0.6470844371085803	-0.7172421857130625	0.027838753099686354	0.5920225125416245	-0.2785799735635864	0.5336883371578817	-0.7106397544941899	0.21556235572927362	0.038602619093137135	0.25012923968762857	-0.13548103705514694	0.4369687401269966	-0.24525299035937503	0.23671944260238031	-0.018371826677453535	0.12605450649173836	0.24396729792226238	0.20455787956225605	0.9786958599833576	-0.6243912414952321	-1.2147399737305826	0.4950919696494724	-0.44909033780089186	0.0799339621460779	0.06032208432638065	0.1027247585466287	0.13523232576732283	-0.4637487201016507	-0.6560049727312562	0.7540051476961446	-0.07991972572764669	-1.1706628001681165	-0.9570829491593832	0.17398621401854591	-0.664288927221481	-0.6299705011645955	-1.565967606143026	0.8278036189348015	-0.30037974019691294	0.6710126212927745	-0.7896531498549326	-0.1320721290657823	-0.11489410196025703	-1.0215424778099675	0.18351420481282169	0.6572177455575264	1.0408680518579119	-0.19359262741156805	0.02608911749355829	1.1595366392508937	-1.0015855611846844	0.16801622682787126	-1.6421716857006836	0.5879263678408538	0.4352377885489164	-0.7822013460699778	0.732974926704581	-0.10275321845014525	1.649409904946043	0.21226238364000433	1.2259142164069323	1.3549969473032522
DTXSID2026652	-3.251624883647771	1.264741442812246	3.123718052837122	-0.9788750217350033	-2.0385344114788966	-0.6079745227479362	-0.8843600918600402	-0.6356003292838198	1.9406840966077805	0.40700729326341195	0.7557898657431559	-0.46567549059228985	0.0254386428570471	-1.2674807024906947	-0.5724026720250438	0.505151795561031	-0.3001653842903764	0.37435987265157256	-0.1371993467880906	0.04842322507659182	0.18134652771203508	0.08633044105606857	-1.261268163617303	-0.8945935169841275	0.5528151008189262	-0.6665667569652108	-0.4116598097602799	-0.5612591417876834	0.1665845914590991	-0.17162703633650866	-0.0038214115863066983	0.5447908702762913	0.518166541913547	0.389672380481467	-0.46243434568327285	0.3772133167739595	-0.1692439873561128	-0.13031665822080368	-0.3685636813954082	-0.512921797509591	0.4210001852356474	-0.11993603047638211	-0.47546074752310136	-0.6241325918176994	-0.33993326677756075	0.5058662711753883	-0.5596117558617446	0.09732350131699667	0.11057954939589816	-0.0921445450409809	-0.19223885557249382	-0.22352558397079755	-0.26043663264433425	0.17894891257514983	0.14946029070480998	0.43025665231511373	0.06297393486203526	0.42225986051945386	-0.4258087468938901	0.2078088462809312	-0.6320271879495607	0.3957202162467677	0.596078536749421	0.20459784151141772	-0.35494691243994553	-0.5356067010866116	-0.3936202068260571	0.29078524480260015	0.2693949998605906	0.31193587332061934	0.1914438988912887	0.009911906977556704	0.4223710770301528	0.04010977990847086	-0.40798249255375857	0.5830441184962066	0.5451428770870098	0.6823986115926016	0.12014280933087457	-0.015343006507689303	0.43601991748826446	-1.1117020888029427	0.09721825647027414	0.2804986029111835	0.3842687819482478	0.1976489314134322	-0.7307922089972454	0.40696065248628144	-0.13159027030827317	0.31698668023524823	-0.03181895901087198	0.6133360705212176	0.16412409061944674	0.27672802946035563	-0.2838983100545745	0.1593942595945958	-0.04038825497386257	-0.2578238512187653	0.19723817878560151	0.44821356064152074
DTXSID9044617	-3.137851352732333	0.33363812700874607	-0.8415588247222636	-0.9572528646911991	-0.024360542824248616	2.6829208711689025	0.1590924171651351	-2.0908512901026044	1.4885455207399114	-0.5273786081881777	0.5913459906442555	1.286132923276029	1.3242201248414207	1.9507272094296118	1.1105061125783708	3.250372242652792	3.681921267543101	-2.2990224490847977	1.3275459320631986	1.329722853107013	-0.7193700860824459	-1.305590481946067	-0.5942454977320392	0.3495387479230907	-0.7095417384519791	1.004270218223552	-0.9740940214474562	-0.5212185451309026	-1.0745194416832133	0.3422607951811476	0.8496151341856579	0.20082328702946986	0.10214823904076922	-0.5897287574098093	0.09817483433890357	-0.6011250195027992	-0.5542863734183214	1.1949376321246556	0.04583944574597767	0.8069347639945968	0.7686171972192245	0.14489621568102184	-0.783127845944956	0.2569084042351921	0.1664211253214309	-1.2246276757143264	-0.4451600756668602	-0.18036724151867456	0.10553480353176377	-0.2530608094775985	0.19301052113836953	-0.13326334059443262	-0.48875480970056234	-0.008782919195413373	-0.7919482269260157	0.23561393178711895	0.6367873931821464	0.4184891297697469	0.8549216552676854	-0.13933897958067956	0.6607779351940309	-0.703880149074213	-1.1919401870940682	0.19983899348871254	-0.0619501400332694	-1.00380466249766	0.30494082417233387	0.5959219197636844	0.19118640261465802	0.30595057371493056	-1.0783254055213598	-0.43762756244618123	-1.087217246230152	-0.713461253484994	-0.8275747759221804	0.08877226870060001	0.9896552085368538	0.21060762690417523	-0.16518721954966406	0.14152995000537036	0.013773684098883063	-0.43565098902956867	-0.09726581782055665	0.44293544107953386	0.1888852447895863	0.20092360242230273	-0.09222673644243828	0.654593816402285	0.4338334371957548	-0.2898060314852614	0.4712463186479806	-0.670729045137129	-0.17847362627789584	0.23251833809408953	-0.3698658835114288	-0.38467164772659573	-0.19965327752323614	-0.444363042409865	-0.42614626711506304	-0.028960867734389502
DTXSID7042063	1.3760139294331508	0.7251070600596843	-1.2463230356561434	-0.20956440024441178	-0.23615649781682743	-0.26335131136373874	-1.5319280500526917	0.8060233851788747	-1.703889373378797	-0.37454448494767445	-1.3483227876534494	-0.6744295731172012	-1.0921313203205698	2.1370188463670776	-0.89821931883947	-1.2644489389765248	1.6014025744523384	0.0892760848583055	0.8477619236599832	-0.48397418669641196	0.4031958970926108	-0.31788972120409387	0.6425309317516257	0.872145215840079	-0.4927494559777553	-0.4383724586580569	0.16188735886540548	-0.3752896259748263	-0.19115868152442814	0.3497251435954804	-0.37681286867918756	-1.0139132751033386	-0.08723824064933473	0.2272126036341488	-0.4599778555358587	-0.439129424414133	-0.1740587355017884	-0.2855057580896403	-0.4567976776220538	-0.6930515706462818	0.3767988682987562	0.0070801329069528855	-0.25566228696015303	-0.04441803787672309	-0.23867911234320666	-0.33048831531130435	0.47765073650129003	-0.1982021894369522	-0.23714638059542117	-0.176571121892301	-0.09723038222396581	-0.3529008059649976	0.3480020650785091	-0.3398417089299167	-0.5662800261362636	0.34407559988879216	0.06383978915419229	0.2594671013280987	-0.29965632529240216	-0.1509656376622524	-0.4570210611346742	-0.1525633572493155	0.544415559411097	-0.43599169790093645	-0.08532691276018543	-0.5484433547361456	-0.6720958464562252	-0.021120902883820108	-1.7664784255314754	-0.7130365239953869	-0.02080671920701348	0.4100778989087079	0.6150094629821572	-1.3456511264710873	-0.8774101441494725	-0.6980678840543314	-1.0737665111651358	-0.6580528074179796	0.7778378038895702	-0.1761995823608923	-1.18276708897559	0.2682699212503001	0.3609045714011473	-0.10548676503274385	-0.7354156195999108	-0.07791385564421319	-0.5829716717421249	-1.1153115451180171	1.7174918270939337	-0.8892493983421599	0.37974016601951155	-0.530609043391479	0.4407457682092578	0.9433556221363522	0.4200659332215516	0.3888842617100966	-0.3581147042593665	-0.3041009347635013	-0.130904564249507	-0.12779623296062595
DTXSID7044714	2.6376238121608395	-0.16273295787058967	-4.510531073415034	0.5551064756613308	5.599637161123728	-1.0493145938917239	-2.3455501544586985	0.5207310547852697	-1.778467947970498	3.1122440222338796	2.860012252463786	5.353992968872302	0.7480738803718376	-1.6032948989816553	1.3423490884957023	-2.1229215897485707	-1.0975899570241294	-0.04334287424737735	0.42135409333974144	-0.5939184649355821	-0.5542635255433466	0.653435080685489	1.030582491103821	-0.0016646122681299566	0.10293091668101652	0.8343974950467027	0.934652831435542	-0.28885039633657056	-0.4755394597974406	0.39531337090208424	-1.434971055452288	0.047220943019706425	0.6987018644449224	0.6662349877444289	0.5079760371049217	-0.46841332942953584	0.3932203582601815	-0.40269526048500515	0.19598557043454617	-0.14134268388183888	0.8792187296569078	0.4578114139344812	-0.4829839468919572	0.8674377907465571	-0.5018845312338597	0.12110003687464357	0.4593793507920545	-0.481469731587189	0.3180002165567509	0.22866982471082525	0.18419326200609096	0.026239215186820236	0.2749084668384843	0.3080309344504099	0.02919982030686692	-0.3805404843118116	0.2807603761568	-0.23913198034310038	-0.475275841948494	0.04097578418777418	-0.5479602943970369	-0.15229635083831627	-0.2811354317632442	0.4102051611411731	-0.3607387404970386	0.001717895642557723	-0.6352058605707086	0.44457792399109536	-0.06097734534228351	0.24565839831944628	-0.33369378627639923	-0.0017946328743013076	-0.24378687133626448	0.03072602085562642	-0.28889999908878655	0.9695034508857113	-0.571838766783448	0.2632737436791199	0.32044168405017476	-1.7073508720854846	0.3447049175698774	-0.8882691876168017	0.9799772943060281	1.5407787021975732	-1.245642710896533	0.43346268415387323	0.8545404179811886	-0.8896382187651256	0.2301408681718959	1.0127791156143047	0.6485967657742688	0.3352554555074471	0.1757884479449912	0.4051850126782176	0.8467225674666619	-0.31236497149794873	0.2628030101472429	0.25778442868504386	0.1444560152250527	-0.6511602021303962
DTXSID3041035	3.599424277726599	0.5761285649068415	1.024727588356092	0.6887213088265517	-0.5193676171631173	-1.4518804710963316	-2.94684065702833	-2.6083114270762744	-2.699423902810121	-1.6802112066232249	-4.501109769999614	0.2795017588429678	4.654155010924026	2.6655766884454186	-0.7818367773826043	0.01120716891117446	-1.799662396145258	0.5153643088205542	-1.3283189730847687	0.5962632839051901	0.5236740231281244	-0.23456878567087053	0.8541566545450591	0.24273623340079742	0.2883846895395571	0.9350976338396104	2.1474678863709684	-0.8046131967247349	-0.2758214524495243	1.058841063585366	0.5206355239397186	-0.3237034710487055	1.006465411207574	0.7886594580377421	0.894828898624305	0.6173878185609746	0.00930304937508288	0.6396896288626109	0.4800163323948515	0.05339150784414063	-0.008367401660462563	0.28588682008474475	-0.30273039348533154	-0.652387515678697	-0.8884546986783917	0.11515427561886141	0.15473703407567002	0.16494078295396028	-0.47089225146388847	-0.12533463868129402	0.15473155947654907	0.4851809334141774	-0.02174438717629684	0.27734191528316604	0.9718481972977032	-0.6196425241514021	0.9615833182989972	0.2556541560974995	-0.11095880773230497	-0.5787648381341393	0.31191896320507084	0.11280141814323794	-0.7387278642261442	-1.4379496343539524	0.13944995504150395	0.22615529595360012	1.0745623512292444	0.3855594757218944	0.435237194050214	-0.03571776187033996	-0.7557098091561446	-0.9017952813812851	-0.023276445167380654	-0.647356336892229	0.5493196863023724	0.34954528177691063	0.2193558858353623	-0.21738440114175966	-0.5679438023330012	0.08042195910842505	-0.24480723516456795	-0.10634126266631962	-0.8181173863845151	0.4009016304065871	0.3153932244277745	-0.06202697521642649	0.8202964908646047	1.3389828644155581	0.19871648189128657	-0.18467828009426157	-0.1267446453510684	0.6445195271931345	0.3080782719116778	0.08691664238569959	0.08533788701765493	0.35111771022113103	-0.046840077089266435	-0.3778492186593995	-0.9116307076806773	0.5255026577282917
DTXSID6023810	8.427000986466675	4.541264384984613	3.393109663461648	-2.598228196572426	-4.265477757458925	-3.8709590877631204	0.05271645564127973	-0.12941675701941752	1.3460266678103066	-0.18357897377515145	-0.3137688249180605	0.415227384673464	-1.2810539015631512	0.9966649037208976	4.0573677853428	1.4100881012076163	-1.8380921791866642	0.528356565982106	0.10732911467682872	-0.43920244005146175	0.6527058332321906	-1.5953881486120862	0.2264236197572703	1.1996510859123464	-2.729109848717381	-1.047826673145407	0.3733368453711735	-0.03092158202199266	-1.4005563444577163	-1.357758344093912	-1.1633445783601863	1.672308628732619	2.5790271328063707	2.6657384374399586	-0.535471976403044	-1.920111327630975	-0.7577922046658478	-0.13677953803528886	-1.0890343165556857	0.3013969386694748	-0.2613587645254702	0.31349511171006594	1.271155119042561	-2.1165729113272955	-0.7847243066966578	0.13580458510160534	-1.679966897548567	0.8741671979551361	0.26391183546040814	0.4128731365853623	-0.3814122713049962	-0.15053903933843293	0.7120345157514354	-0.2705888750982932	-0.6464855446162097	2.4314688933454187	1.447098917738598	1.1138473913864824	-1.0596681459162756	-0.08667120572381949	-0.28054284716359207	-1.1629267849573475	1.1565917142447129	-1.2890478199757034	0.7280708560174979	-0.333824664830255	-0.7708141207814478	-1.2050495598343778	-0.246592145246606	0.7473140814609511	-0.04679071340856083	-0.1971848344552889	-0.9398214155504011	1.0033525597777913	-1.1157638814210744	0.8477263949082249	0.35650695823223166	0.8052349475405619	-1.539094004050077	-0.9327584390282287	-0.9148428651637713	-1.0972550049324714	0.6470304975392506	0.4235186368685997	0.5708288051897709	-2.171540863696916	-0.29773229308611315	1.8258554199508379	-0.09814480223819011	-0.07568365315495816	-0.8085416748234001	0.477886786407022	0.6446747235827703	0.8689515755464835	-1.4040998973750476	-0.12712750375190943	0.6508713789615101	-0.2916893860407188	0.5676382114395453	0.2588339137622514
DTXSID1023730	-1.6984564328059357	-0.36655063051925213	-2.50794546301902	1.5463807871424	-0.5253797820499816	-0.599148583454674	-4.089132168954221	-2.6254695251686444	-2.9110890125184525	0.5318162666939684	-0.82811680299608	-1.8236912734293873	5.167759447002961	0.04054557577981813	1.0821064420610105	-2.0996236729001527	-0.5047257470017754	0.06226851972281609	-0.058270329968163344	0.5156653611022074	0.22579748735159147	1.0215143312769812	0.9390193050334601	-0.31242214760291565	0.4705732743936419	0.813255634740627	0.21874960464129	-0.34941471820405595	-0.6824762327979274	-0.07019953900401187	-0.42456131187931917	0.47618513628565295	-0.12231527294082094	0.8241144736089749	-0.2225256502815711	-1.2240645978779234	-0.5143187419840192	-0.07851939595352417	0.25440139333534023	0.28665702999975085	-0.09564924764226015	0.3487895836002501	-0.4124967131263487	0.2968860705741876	-0.36576231586487756	-0.1714516129331961	0.3077367816095599	-0.7657286341124753	-0.21501353085319644	0.13122308677561684	0.013006279520821394	-0.3881127796846016	0.23280719684322437	-0.04380080576589644	-0.11342902425287744	-0.13689026987281674	0.6091061563913434	-0.5117193978967401	-0.6953673001061313	-0.24055875185150077	0.20561601516682693	-0.012284289284334485	-0.1419000904272765	0.5463411509556246	0.29465087469649787	-0.3640562237384399	-0.41754176826848166	-0.35739197808597395	-0.21526311518840432	-1.0677944910012558	-0.0383523443476954	-0.24841136508877912	0.32430619460654064	-0.36082703104287134	-0.6975259689835716	0.019724672157004356	0.3506578931020691	-0.12159170748162483	0.2105298209964864	-0.33838251283859255	-0.3289371936259269	-0.22788892296875468	0.06433427982466482	0.5718289870338388	-0.013486225267074482	0.13608767114296566	-0.6306981822604224	-0.03371578380503645	0.36820987301646046	-0.30604483931716	-0.07176022437479025	-0.37748944511888	0.3992638632423643	0.3135878521281406	0.2768024896420196	-0.26539626185940235	0.22126282470878078	-0.2181724325371815	0.46349322489177125	0.09067590837565911
DTXSID7043902	2.7796544452546947	0.132720720994688	4.098285786473335	-3.661851028573463	2.070661139577816	-4.615428259376822	1.3907445951634365	2.8352516038913462	3.3985265106333165	1.344279622769878	-1.565166050216273	-0.2916234059305069	2.3675432769069156	-1.1571442482067213	1.1675613394560767	0.5101178324320503	-1.4602417872565876	0.8847200505297974	-0.04805059755859076	-1.1287254236325417	-2.4637014573845715	-0.21553924558058202	-0.905692775649562	-0.8533472841868136	0.3130853028063716	0.0391745624826423	-0.33355663598065016	0.20813419102696096	0.7698529523285956	-0.4073629132239027	0.045498742905878936	-0.2900668845426768	-0.6484686821838768	-0.395737812317376	-0.43837944741458396	0.17807518781309056	-0.4351534708281325	0.06963780320964524	0.3637378596000691	-0.23000640730076863	-0.019675864009492155	-1.988724188297483	-0.09350998691263969	-1.2799962337927318	0.7206879795587059	0.2491760646609802	-0.4539096551360598	2.2600233124101323	0.7763944366039024	0.5706830574615643	-0.20053654227019274	0.9730079332288497	0.6271431170066947	-0.054466514633344044	1.9096842468409165	-0.8535173350066032	-0.04458312113695018	-0.06370300141097535	1.6552988807998212	0.3031644517314866	-0.8267396253117617	-2.2018247155601385	-1.001378575374416	-0.02848933343826931	-0.5464430416333307	-0.5245313905662004	1.602180095188813	0.31468936942806675	0.38667374359306145	1.005667891186827	1.7578547750667097	-1.228040682113626	0.6509294080364756	-0.16440858633548283	-0.622444439294062	-0.08493452139555754	0.6519154384991591	-2.2246990381648235	0.8287141463486106	-0.9546532215121227	-1.1305289466973465	-0.44542199195945475	0.4053925102721496	-0.8615690627808182	-0.48934428891853776	0.45213725499521945	-0.3145917659661813	2.4621228117672187	0.8351360589312423	-0.8901027760734258	-1.42226097856894	0.23780553218396047	1.375833476900097	-0.009000430616318916	-0.8545742542750102	-0.2584543089256885	0.38165489739740704	0.018543909367717246	0.22178443001616963	0.5909589174738352
DTXSID3020912	0.1521027131743268	0.8821512084334203	-2.4054349648462217	2.4298476464079615	2.2905049728702784	-1.3712004673157696	3.617260378581158	-1.4105194097446176	-2.9542661780897723	-3.312715543737315	3.0494809566834906	-1.4998122394467701	1.30849750956111	-0.07605823978786554	1.41995120943497	-2.1815070006440447	0.2782200466387381	0.5689981526557041	-1.8536963571139944	1.1864862885704563	-2.2162550019044036	-1.161566870322954	-0.18815644610971652	0.05133457298257075	2.150786261320001	-2.6801911892504653	-1.7401944911638856	-0.20922229164117775	1.3626403316510394	-1.272448815364698	1.4751942917038279	-0.9148501317543816	-0.4995979291264178	-0.5981157270988852	0.5538246701861049	0.9202173497512434	-0.2150345631279883	1.4141110119831026	-2.518160340834319	0.17086493098738756	1.1409088364569506	-0.6481641597935163	2.1506940625800572	1.0268614666331648	-1.4950738152929135	0.2801506660244601	-0.5419630217350869	0.4761310502875452	1.118407438473669	0.48034207210182167	0.6060775338877904	0.09156621409535265	-0.06141284517824687	-0.165571717939183	-0.5299989205874798	-0.31203232434570655	-0.2470650083125365	0.46715447812857225	0.9996100841125314	-1.5797621462760347	0.1840220838018844	1.1001723016920906	0.163871483880477	-1.4557993605360282	-0.2587821751185473	0.09073937940145622	0.013991277887641804	0.4404234597742193	0.29484773604999875	1.2295124163614362	-0.3080859701875334	0.7763977312979992	-0.9260802572177017	0.9225965648451506	1.0362597470222499	-0.28472824514731115	-1.0969355978482302	-0.20498284841249828	0.0363137353185295	-1.0215123720087067	-0.18533832741271378	0.6872440531273186	-0.4883593084125666	0.31387474213467453	-0.2029838230214626	-0.5858778673355383	-0.5455188146965769	-0.11486064526380657	0.3331231392307231	0.05433877067964638	0.650405809331023	0.6644718468675616	-0.6017009875861571	1.001712881401757	0.013406826544915902	1.3469858235759407	1.0186361275789162	0.49183167451002124	0.46589657393420464	0.2998342309345138
DTXSID3036999	17.29967151963042	-0.8700377151136028	-13.130868898899294	0.49552336201333524	9.526611895707841	-7.284806304087761	0.5398260785489937	2.9979709550379585	-5.172485610769557	5.202089083425742	4.022180266967631	-4.666530620517575	1.5918851194162527	-0.19158448635390113	1.2800173349854682	0.601061162232767	-3.8008954909126658	-0.5565073562041524	3.5709786049469	-1.5912100753317864	1.9043578325596449	1.964319820706204	1.9595882070730726	0.20887362813904528	0.05435102188690979	1.2717896591970903	0.5836002571704356	-1.2859781460701163	-1.7128528220515105	1.3998711979127694	-0.06693367162208344	1.3316099955368668	1.876321628933974	-0.12569742874774528	0.2736209833313105	0.30322678731741076	-0.515866373529762	-0.9052902371039221	-0.08167295155065946	-0.3714439356083764	1.1982280753289256	0.9014293160561977	-0.4821995280516047	1.4201800746481406	1.937583785988775	-0.1778703924172392	0.7097796214520171	0.4163425226008747	-0.21091749765876716	0.5845238541559651	-0.05794943908050867	-0.06642183778575762	0.6814088987120595	0.42904946234610547	-0.3654213646380298	-0.17520362594888003	0.6553827075775487	-0.6365959324746683	-0.9226698951941973	1.1863164754643145	-1.4163098683399935	-1.125297394030237	-0.08182657071697262	-0.22281979240378952	-0.01711284065872907	-1.556362212977665	-2.0277932276240556	1.9739983026243446	1.2671310413064154	2.0016106847161446	-1.5382356950760152	1.0333464337525218	-0.05412703697129318	1.2146376226585136	0.02015257145155772	0.07462779753282649	-1.5233964885905042	0.7438534433001877	-0.9065184436993425	-0.6834195524737305	1.0302576305897018	0.07233411171519102	0.3389577927801696	-0.3919279468925803	-1.0043689380504224	0.21775590855891389	1.889836836120323	-0.6813473989979708	-2.0462344687300558	1.4088586155326914	-0.6321801993971862	-0.7225864397225443	1.1811252023977905	-1.8633481497435627	0.6860117960751889	0.16696476531236232	0.0006234346805045167	0.7898403800200277	0.9986576660193506	-0.3340217817014959
DTXSID9020877	-4.2064609257720535	2.949935690911855	1.3979422531916512	1.2924026754244784	-1.7920996207246072	0.5146257951799467	-0.9530195096582518	-1.5262657615801836	1.8984375380449914	-0.43223695046866406	1.1331626808281472	-0.5894962351075878	-0.5720655205511279	-1.9075280527927807	-0.302378312971304	0.3558963986089241	0.08697445867929998	-0.1952396065140054	-0.18788340976207604	-0.23967282158460673	0.13842500433835145	-0.2250915230797048	-0.4066512614854687	-0.23528448320621725	-0.15344404864047004	-0.47763963851837016	-0.2687331068649768	0.6232536701621081	-0.21472186819376363	-0.15891425080985494	-0.046499602634450334	0.9956020270775886	0.9224614398304969	0.14733545814118684	-0.21247556681106913	-0.2787366095123393	-0.2182661684735563	0.467120743721306	0.6839846186546069	-0.37209960884425614	-0.2755773874198504	0.3817580084281273	-0.5366093966610962	0.15231016961809482	-0.64533425943052	0.7289051013060405	0.2528261289352976	-0.2364021897123462	0.08907004814793518	0.07587562679382355	0.11658887925020908	0.19188546697227352	-0.13338211386482565	0.17766584167005206	0.16962629415778785	0.08017503327659946	0.12438988617935082	0.0610272868587654	-0.5108078984069333	-0.3025720157966265	0.3422579961387383	0.614456614568448	0.14674348139544785	-0.36775240134719545	-0.08405171332981501	-0.4648932307242188	0.07270522794475888	0.4972078790566631	0.2818270294500279	0.618436643495637	-0.028886659091751477	0.3779727032518748	-0.4379451462350822	-0.054677473058889044	-0.4215946572485233	-0.1837507601102623	-0.2089517107105108	0.2525182347445588	0.15273475825571833	0.043555386807138344	0.3046888148346338	0.42657167213105035	-0.173775556511999	-0.022436514989594127	-0.08227097359975138	-0.3195037492539959	-0.29769086312394494	0.22960026727923838	0.30920808660603016	0.2918504343512484	-0.09579420607585368	-0.007227785076280164	-0.20721393009817815	-0.12461567828062262	-0.23323388628821787	-0.1360838393037451	0.011961516985216929	-0.028771325371315284	0.2331179012151636	-0.13009646483456574
DTXSID7047801	4.1173629038848105	-5.924175034072144	-6.073282657017731	-3.3764766551098453	0.6358790417203048	-0.8280924849357162	-2.0234620965290393	-1.0448942333243418	-3.4186006504774986	4.7517962633432225	-1.8110381834616782	-2.8603403430449386	-2.627529375720915	-2.291869171445613	-0.6563097630389104	0.582340449659725	0.1327521543469693	-0.16812450254374225	0.28272899200196205	-0.6173410079108841	0.1264293327322865	-0.002001398754308983	1.0560264678100744	0.39484245112078237	-0.19051093498464242	0.5440600925335503	0.25577084826993307	-1.2628317566275833	0.05234820137489593	-0.8970322808267153	-0.20076872379618577	-0.36391943356727496	-0.503657852255355	0.5816906559541551	0.44437416970063043	-0.9513811692948858	0.5067053658062749	0.9955065607866527	-0.6198090285702297	-1.1803344313858577	0.8045493019633886	0.19914858938908314	0.6291946060292208	0.2177597009086531	0.269547041577714	0.6399577607441655	-0.2896662585866089	-0.25919407211621975	-0.02604845824290436	0.08595094772214579	0.3354676009660911	0.04539587465206312	0.24190974759519504	0.2567900913469519	-0.8451721185234918	0.388085801797155	0.689753775611626	0.06607262552663666	0.025430307844385373	0.20009073367622152	-0.7821472348905183	0.6682291212816597	0.47783338855513635	-0.8003812335520368	-0.33616132480020583	0.28519776101641126	-1.1730809742088777	0.6078970958480717	-0.07185072868214752	0.0021981626652509334	-0.04827954465296144	-0.704706544360005	1.1926967472156018	-0.693292153757095	0.37911898832476104	-0.6566429157866666	-0.9626441775072742	-0.8240472730152093	0.2840191628200973	1.0521730252540027	0.4431324194452769	0.4200469833898889	0.8447332367051645	0.2924132367228453	-0.917514588027623	0.23927067785417602	0.5091351477579775	0.7126512199868557	0.08811944005318796	1.1877410065914187	0.7260714131261028	-0.3958630714877641	2.384748633351239	-1.1586604330245933	2.5824113242342297	0.7511394855113567	-0.8061068695437523	0.3378928770887633	1.0106963552062544	0.1792366398294516
DTXSID5041439	0.20948837772943074	3.061914206474546	1.8437641786039694	2.680696402418728	2.227271785051883	0.8449443223112784	-2.7637081453289007	-0.18429411721838415	0.2446734380102593	-1.338948333982467	0.9947855643592726	-0.35625830388884727	-1.3418566893823862	0.6842628945728202	-2.042823633280927	1.5816907876259032	-1.311004459749322	-0.005204776943293097	-1.473260365353121	1.6117690158870062	0.5026514394217741	-0.016531188319960744	-0.27644837722962334	-0.37223575740345294	0.7426414064049762	0.16007475322086634	0.47916712686590274	-1.0229593406073572	0.016722078830247143	0.21665788738254896	0.6567433661579539	0.43413805268105726	-0.05795730096943027	0.1820719063388098	0.6515065938858334	0.6954481157887559	0.15353063150033477	0.6122129194950473	0.04699894763606937	0.4672302139162439	-0.1404451264337272	-0.5568236547949541	-0.3598781977345648	-0.3660436699648183	-0.5118801398529429	0.7865571075778827	0.4960402593831846	0.5877388654109662	-0.1678603806385186	0.2511336769609915	-0.21645553591828684	0.46298804628861046	-0.4984569072580968	-0.1915709413748641	0.3724571628384468	0.1099753871411644	-0.7334231329376626	0.19400939847944113	-1.0865205702844825	-1.0219136198859973	-0.07288984289853853	-0.16648939070984128	0.7094003490726984	0.217764893171482	0.06793867486838914	-0.6983211589227586	-0.08022047685538711	0.6682261358762213	-0.6978263243631729	-0.03366332545337778	-0.11360705591021367	-0.2430140490613282	-0.18168220549840766	-0.08182033482874078	0.9724110069725589	-0.0671195991141264	0.40292798903169474	-0.1902696221206054	0.30684623177610015	0.8107422463736855	1.5036521341579714	-0.0013506781003018796	-0.06422421249737986	-1.1727568644450324	-0.13764529366221603	-0.10080527061319275	1.0359888895402476	1.0914094158151602	0.5325990299057272	-0.07007379522623247	0.3402578940234987	0.41161830880680184	0.36683313383468974	-0.5060229038720274	0.38473663159036314	-0.2014077359740168	-0.20427467116161885	0.16397267181281602	1.1183656479246373	-0.30520657318176514
DTXSID0022563	1.0164550428881658	1.883113116516294	-2.69193556069587	2.412102304692872	2.2633881811916234	-1.911660511186278	6.123687316043357	1.3746216911348355	-0.8046671730823248	-1.7725756215703743	-0.3097259856771154	-1.1691588925669316	0.9715468822557962	0.24742403668180002	-0.7209146633622436	1.14920982133861	-0.779778845929346	0.7487488053491571	2.309215797289137	-3.070991722189525	2.1931648802399097	0.3184262461349963	-0.1567189422723593	0.1584426820150792	-0.8921672376747186	3.029062968025667	-0.26293630530225304	0.7871454669833726	-2.671987806891106	1.9542964381225678	-1.3155639334483746	-0.0540740540699611	0.5111368244064183	0.3003893992712369	-0.5206443661756088	1.9599145596539564	-1.0497040297182638	-2.0373106828841596	0.7615551858942121	-0.5779095668953961	-0.23304347974477563	-0.1741398629416161	1.3735626642799859	0.8725451894567269	-0.8521314667235468	1.055503937501358	0.5832734651347307	0.4778850407244919	-0.2619221803885657	-0.05687456888366322	-0.39115510116330043	0.33755746992060504	-0.2867890555542018	0.1847949663267735	1.125218248037765	-1.459355400561991	-0.5331384210590985	0.14988878727580787	-0.9505160499950654	-0.21828513575663602	0.09943092570966278	1.229345032431442	0.06939485354170848	-0.6021331834527816	-1.00013077498195	1.068777534234621	-0.27263201505239176	-0.6434586929143403	1.1964049157536991	1.3908674014005196	-1.401028346885374	-2.07826252877044	-1.7945243884090183	-0.2635884999736489	-1.0426781054260317	-1.1779219745854017	0.4474109771091502	-1.3627983868131033	-0.8831224361626488	-0.8520631430258824	-0.370387713302113	-0.32393071729163025	0.26536764773885035	1.1737331717009196	-0.5559476221549271	0.9048143148857185	0.7635317079847047	-0.06036463657751503	-1.6237785394864728	-0.3286035594914158	1.0695843345911242	-0.6727736454434783	-0.2607510929808094	1.2165434685778374	0.24321066189339116	1.3300885343021664	-0.33246642141171184	-0.6029940230931263	0.3572290740305382	-0.355224223452468
DTXSID9045500	3.7090687836478398	-0.17818605940768664	-3.0433149529443724	-2.1598354895610403	1.2196409083862463	2.1180387342426146	0.06342023394654858	1.81458052873718	0.7078388430328257	-0.21856333823486418	-0.5915075220140786	-0.07671630092743702	0.6714445104882834	-0.700501488851904	-1.466762653173429	-0.5415464559543001	1.5536983923816357	1.1441786774767577	-2.5484743244648786	-1.1022798830642375	2.4201281183330394	-1.5090503283629408	-0.2597115997985912	0.3315401734866921	0.46974097401899684	0.23192179404919042	0.7474602666977135	0.4096707256663689	-0.56418025364085	-0.36302258954072886	-0.7206636839004223	-0.4598900513188103	-0.8772791186982187	0.5602055931813348	-2.152675007823043	-1.1943708976867404	0.5184271768128131	0.1077035629298998	0.357355365258289	2.200712516375093	1.5740085458203925	-2.607249933816694	0.4023724893610876	2.1180029400523	0.9761218183127051	-1.5486819610748435	3.6973903106745274	-1.7971073873980483	1.575542063663245	-0.9576374966527808	0.6258435781326116	3.106158848254872	0.5926375908400234	-2.0418589149021167	1.808020339550871	3.5505280543487245	0.08612258811777417	2.089962151295585	-1.9361193328789827	1.4395384669150963	-1.1845127041132146	-0.5056166082104453	-2.9586811314918484	-2.986919646850131	-0.08616286697280459	0.8839153200784883	0.9344298302042995	1.226499534085994	0.6728969532215916	-0.4437195204814922	0.35459688073089635	-0.6610324891273018	0.4299407304866207	0.3291132817553492	-1.5476456035962345	-0.08351020253645883	0.22072172286427894	1.5879676251550507	-0.23305673538973865	0.7769055839709791	-0.6195501796110521	0.6761552305641267	0.13748077336387554	-0.13128145219391676	-0.5179281963641376	-0.2980518917487598	0.34653684464165235	-0.5179509668437555	-0.2506498878301555	0.714907496133393	-0.004004634461576713	0.24124458866086168	0.9770847360220465	0.42164897265129003	-0.2248824916900157	0.1424703732234798	0.038184835583553366	-0.5395058286094973	0.34269217562285603	-0.8571094513951208
DTXSID4041363	-2.9407580888898117	0.3093494173321128	-0.7419222241155143	-0.18468090489829303	0.20726524657031187	1.7066053446286118	-1.7011318749031168	2.4445323696842998	-2.4262976690926004	-0.7543662022687071	2.800726135413244	-0.4906750512649262	1.645213769999832	-0.11357785675471338	0.8340152715686012	-1.5294413046670043	1.0337853820237457	0.38390600736221087	-0.0879906294157102	-0.3414867801660478	0.9223264021873486	-0.43493767757458596	0.6161000948476137	0.7683579718830182	-0.10824666362110273	0.03889859030467782	0.09704582337277028	-1.24815287719382	-0.18771750298754192	0.080084829009627	0.5099690563301413	0.4113889768424167	0.006294168716436155	-0.2670346995505676	-0.09309654897906389	-0.34156410588397	0.163749895198507	0.2957666872068576	0.6149047551277508	0.5995158772861923	-0.6969157429627316	0.42053142769855556	-0.9018543050177554	0.1674958336310304	-0.38572111448424734	0.10904105525841772	0.3777839813302866	-0.5339931950766701	-0.09828333200413512	0.2180125679648594	0.017877189944076475	0.05597444226892494	-0.07986378717037136	-0.2441762368854153	-0.014617726093881383	-0.4808864567338452	0.4906044549513917	-0.8629027734990119	-0.7505575765161224	0.2471705157173995	0.37988867441987634	-0.40821614205480744	0.20266489837503732	0.16413702694789287	0.0848363773093402	-0.40151704536014804	-0.4294626886757598	-0.13859268324606416	0.10409801140658909	-0.1457900228752179	0.13204850889762434	0.44228132302555884	-0.10447316445468821	0.04238280379464474	-0.010832270124166614	0.3821533822869191	0.7622765823360911	0.35286079866290315	0.135751746080205	0.029030447000386306	0.09412585918115812	-0.010906620608041089	-0.04650936560626925	0.19472349283295315	0.01402762314121223	0.11983455687874055	-0.3095599966896435	0.1598830796737072	0.07061751254743794	0.20347042551426747	0.7552940336267946	0.025886776126813452	-0.22293082654478363	0.22000007880507147	-0.027523056710847614	-0.1630035571434461	0.1470895130085114	-0.09386969639594094	-0.2866009033782451	0.16547577925568585
DTXSID0025600	4.5810383037808124	4.100025699951829	-3.961421465535026	0.2856970350294471	-1.2940201518577297	-1.8086286137749443	2.1974254316133535	0.5380007131360313	-0.43284547431734	2.249301456919484	1.022208774796773	-0.46113461338064893	-2.2190262354455434	-0.6991651885056583	1.6870496383977003	1.2212615718309854	-4.032216560645001	-0.5923217750598422	-1.2890302252116972	-0.023695072053676377	-1.3107865759376196	0.3832656909364068	-1.3107883378798013	-0.7322069235370399	0.40896261677271645	-0.7438406297201027	0.3510436679937994	1.5298458552691159	-0.4046537015331746	0.16994118106414882	1.5295313669234798	0.9288334684655177	1.8459670423465653	-0.5547914569525456	-0.4531224827891158	-1.0114391052152185	-1.364282832949939	-0.42023794640852336	1.2892888757887442	-0.5402002428117245	0.20239346340925152	1.2060165054406877	-0.5787886108661402	1.365143452148766	0.695796497581908	1.261697767390062	0.2976655034314946	0.6484771890963258	-0.010985582497112746	0.23778986538237595	0.3661029341922524	0.16998935369871496	0.642025186056828	0.9442852761658946	0.06606902893101392	-0.8656253188026667	0.39839151168855885	0.8486288769005385	-0.42672999606599155	0.6658213411602462	-0.4897995446258633	0.6103500713572558	-1.366593162945513	-0.16524875064215525	-0.11831274124012063	-1.2617187832145507	-0.30602915081173004	0.32418081586274583	-0.9282805548833586	1.4302742341671502	-1.0067716916246672	0.8584574285379503	0.057822111506463984	0.02739293913421998	0.17119208898165753	0.2435923483850695	-0.7854036738558191	-0.012922397106831433	0.4041261231683024	-0.12577236679176912	-1.3838648138403045	-0.39835410435465657	1.01242527165036	-2.367432516733235	-1.9970243193638688	-1.4096405387857858	0.6031083516793789	-1.7385848043880021	-0.6927865482134611	-0.09876535763668962	-1.3344239711476902	-0.23631597991584466	-0.05181840634036671	-0.11621848177192581	-0.7079802988060601	1.1591648093972198	0.0639091987685664	0.8747064466759132	0.05036839817451318	-0.27951714916095005
DTXSID8023505	14.403104651339385	-3.118574196657797	7.7640258490004825	4.770955888702163	5.247816186643852	2.761452923872868	-1.0981743857931083	-0.8775493152778738	-2.244302862471834	0.6302436880657811	0.034176081138746935	-0.5424324832656234	-1.2031635881114116	1.3753508185395005	-1.4475871593951033	1.7475879525587978	-0.8587144376209936	0.38950670877447535	-1.664485449709835	-0.07494982525726213	-0.11055530097604627	-0.3528461527131713	-0.09039439056754918	-0.0081214133576158	-0.43103935598461945	0.3878721745133609	0.05610863070514363	-0.6282737412527717	-0.38390148479611236	-0.06778535209229745	-0.905944505416385	0.3348211526704361	-0.3201611805564536	0.02756077172069112	0.29082268744679357	0.12305358017072555	0.2019997781063775	-0.08096405684248459	-0.23002882805266292	-0.08733687637744264	0.06905474194046281	0.32215967511363547	0.01082514192754506	-0.14937066028701312	0.10536376307822172	-0.6486108660483091	-0.7271593213576119	-0.30427980506107755	-0.04666149812250084	0.2601312599699348	0.11375047237873188	-0.1367206868879575	0.17902779794244317	-0.13338173358495667	-0.49091209200440417	0.31397199950541177	0.2633465238507724	0.061012858835486565	0.4785862640398737	0.37897524235967056	-0.7066007972281774	0.24233644313792088	0.15424614382036866	-0.3288627439585714	-0.14570210154057597	-0.05498640068102935	0.60536232905913	-1.1010081619317762	0.831100709652166	-0.6230504234489321	-1.1196844542410047	-0.3518025651369793	-0.18881094546715596	1.0188431201942578	0.42644592129373377	-0.9876182207042636	-0.07485915381464761	0.4277002562602083	0.2826289237499291	-0.4375545332950961	1.3660006413336734	0.2617920901094602	-0.12678179731062433	-0.2952111648119385	-0.5184290089154213	0.19470380595458286	0.08360304861642344	-0.7471594408885925	0.038333465774476015	-0.43323651354051984	0.07679038548035234	-0.40027843929098583	0.7266565486118979	-0.20428366625045383	-0.4180286456529865	-0.04157930440097886	-0.014775573320223152	0.8559697631315735	-0.4969187204807789	-0.790072707743585
DTXSID5020079	1.669271133186841	-5.927951337622089	-5.698253269215187	-2.197757114899794	3.6069280621202515	-3.2920746748988963	-4.723258968421592	0.1300864986502798	-4.144818309009936	0.3907131199183978	8.079111575541837	-3.608138072500135	3.7658804581950363	-1.2013809903234303	5.318173709555964	-1.411557001494083	-1.2988060520244282	0.25705130287959205	0.09496142021916852	3.2359708344613574	2.252192556259873	-0.04095683858598767	-0.40804835157485814	1.637876014159586	-1.7315037617447184	0.6215568094224504	-0.5924425864450413	0.7635624797914822	-2.3538485804236426	-0.3287599292757825	-1.2103475084604496	1.8619002426453517	0.7006473470330854	3.0518276957916295	1.3684166585601751	-2.4960094034402904	1.1690472037088482	-0.20306815934208097	-0.502791978035363	-0.001742992277145715	-1.787778523808013	-0.09082004369013798	-0.40529730179396456	-0.8395925615099995	0.2551986791947011	-0.18607422313235342	-0.23170467328364322	-1.3773372760696159	0.12119775918405258	0.06766437331373679	-0.15300165123307843	-0.36526710960972947	0.6380764676895109	-1.203458024590945	-1.7109557524015973	0.6856913765069882	0.8114513726825451	-2.3526154698037414	-1.378373893693079	0.03725751103507836	-1.2360406026414168	-3.117067179628528	2.638736860133072	-0.4007066371885239	0.48308979387940504	0.4261155249329918	-3.110692715854537	-0.4010902513397926	-0.7597718740396026	0.465590462458047	-1.4520287046068314	-2.6341044088320436	2.2768583850716975	4.25220665222614	-1.0241475333929533	0.3734298934727569	0.2033845703116788	-1.1272611492719813	-1.5273882526192115	-2.2486672482800736	-2.777993993513715	-0.4844536168459367	0.909682247416929	-2.2255208191738927	-0.8829773866569302	-3.885722256463328	2.173262330584536	1.369626884084782	0.6079159078051529	1.7965069115397654	2.540409921994894	0.7126085905058468	0.4497989191105182	-0.8389609056778213	0.47830209125249684	-0.30585095718700456	-0.2337251158656873	-0.2649767441813672	0.49330643674901337	0.728970268459845
DTXSID4047464	-4.750682547780635	-0.8937971595939659	0.20949039013262458	1.1610305037930346	0.44042988319712517	-0.9253212573708416	3.057437745799926	-1.1574802448037647	-0.3085613448374757	-1.1914528329288732	-0.059122297983661046	0.31420849911840704	0.035603014286729524	-0.14751533067031258	0.5064581387284413	-0.07596196405582341	-0.2951162275194495	0.35237556875658727	-0.5193751614223031	0.16592074814581345	-1.2789280046132423	-0.29539860848589056	0.12203909176550534	-0.5299837295657961	1.1548069496733862	-0.749748471146174	-0.4937605458376741	-0.6405519237994088	0.26129328415707387	-0.27250595273530054	-0.2966627177453585	0.3977376473731371	0.36388585123812217	0.17244944969533965	0.8220499499064766	0.5256198864174952	-0.022054836583997626	0.415383982489386	-0.018730691362580792	0.2638253808184712	-0.5564314169835551	-0.2675325790669102	-0.341624043355691	-0.16444258713417378	-0.3074461122893604	0.24559647876506782	0.14746237473804852	-0.33008445188012686	-0.08394665491210501	-0.034365741288407345	-0.061005457980810245	-0.11610927240064492	-0.09990458913980999	-0.3819615806269804	0.10888006226672803	0.04987811262593356	-0.5680855951688879	0.02135480429528577	-0.07748561198064705	-0.18189733956396664	0.22572888043794231	0.2585236340281272	0.20388274263365308	0.16211277399052085	-0.13432211050772852	-0.13184111087941638	-0.07308727647868649	0.5367527351387081	-0.02605759769268707	-0.3928318436917633	0.2930412700997665	0.2074882098452214	-0.47422241064508636	0.43104940344558795	0.21624511277995226	-0.49279969413819924	0.294706104567794	-0.1552586593197134	0.5475233523775503	0.3479574619684486	-0.7100295586589673	0.48822674653328607	-0.6669849742498719	-0.6721435803841853	0.3802464706293788	-0.16315652338860825	0.15362045468690946	1.111784946816459	1.3476094596252335	0.006773155370134813	0.18967584362891984	0.0983695098147127	0.09736550601935604	-0.6255396311126231	-0.1531565170565927	-1.5595037006567525	0.032932915723528695	-0.28975355732909114	-0.23650617790835646	-0.13282473430536829
DTXSID8045806	8.719801361790067	6.310549839920342	-0.35120526842766836	2.520202295143099	-1.437544726338042	-0.9930724929454721	3.15984089693505	-1.07054701664203	-2.0985918033707156	-2.0372254394009164	-2.018789819538814	0.7591609500006786	-0.4243435432790054	2.9971520033849592	2.036424251243847	-0.15667802863354985	-0.5305462879799504	0.3040776090177555	1.530695389817131	0.1056002985190391	-2.5075285083186767	-1.0675046198205866	-2.688550211918683	0.7678427545555206	1.4145100258935217	-1.8167905130632895	0.41073794183209344	-0.07180806677673192	0.06017253022286356	1.137117056823361	-1.2411094956934299	-0.22676990498949146	3.519547344700771	2.3261205707882877	2.4998558469426158	0.630389643196328	1.323223555582674	-0.8603967753305425	1.477108377145018	-0.056405823192831016	-1.301048048335817	-0.9893487818981654	-0.6504817470263478	-0.22607413413756716	-1.7783848942664235	0.5972872667455396	0.15922331331548298	-0.5295290246821581	-0.1603382669157554	-1.1482506680700744	0.2725005638271716	-0.14764586617252734	-0.5946532108936037	-0.4584231109346222	2.1483470895745693	-0.3379997903047171	-1.08971390632144	0.29653692072264276	1.3067640417892912	-1.3107433803641921	0.08000099113094496	1.8348564429400998	-0.6563116445295233	-2.359243596161145	-0.15080297147855806	0.18152172797582536	0.3492997888979834	2.036912908572788	0.12437596561506517	0.6074579485972603	0.7468985026101659	-1.2945288749995951	-0.9308842004455762	-0.24125873415667992	1.8578100503913675	-0.22354442994198875	0.05977494663550084	-0.6791583463282512	0.8800801962734685	0.23730733568692616	0.09109834309633985	1.281402191604404	-1.2826363435521506	-0.8387702852946228	-0.2606115469100409	-1.2034102371546491	0.918167027892725	1.8365490566760494	1.243017191736411	-0.32926177541222273	0.46138621263556234	1.3177494159289675	-0.26602724798868177	-0.377836477929417	-0.0444653318464321	-0.8750590110415881	-0.9632885207187287	-0.001089238250534552	-1.0372842146908448	-0.886904593852906
DTXSID2033445	-2.8168870953705896	-2.6837719571890677	0.42736430610220577	-0.36282687802362956	-1.2475901807910885	-2.5684134973256976	1.2673594304985596	0.28141688586663927	0.04950991984109062	2.7772826654533858	-0.2886821508792831	-0.5451621265951171	0.430010319536528	1.212376129585622	1.4746359405316913	0.6878682146539832	-1.1057761256005325	0.6733463682611511	0.2806724852437655	-0.8503787732014232	-0.20074232240327208	0.14307819821697476	0.013451473860998974	-0.3897332315927445	-0.03622007304948817	-0.2153522903087927	0.25749037089008403	0.5131558450518066	0.12744173626288838	-0.41196610137570794	-0.2550271595388759	0.04210366234482801	0.17886157240141573	-0.037780845942243985	-0.7226202503255401	-0.2606359721636941	-0.18015071237035324	-0.24599267775671646	0.339790742987891	-0.30659790560316497	0.2655534491422036	-0.019120623434301286	-0.00019057202383492187	-0.30703894310298985	0.06960438289782948	0.3151535437759125	-0.4129040658857743	0.5595422612087243	0.15382157058921597	0.27360236194832016	-0.14252410144032343	0.13887500117941534	0.3533339000114803	-0.05071627179355342	0.42906987317355827	-0.35642102890432953	0.25799445591334086	0.25422189260139944	-0.015296058654075248	0.33846323551039315	0.08680770941467766	0.16083095440051942	-0.6591933646505274	-0.27230429411107904	-0.22201972351168278	-0.11849328817816569	0.7699673213447398	-0.4108548346685673	-0.5071478123501149	-0.3884969489605624	0.6098462649237034	0.0760765291259698	-0.49736338564518995	-0.07704065834312736	-0.8582660329187785	0.4167026260547221	-0.10881663945664886	0.03590242326512371	0.11976648038318088	0.027481114447619154	-1.2687233117934629	0.7268228202515025	-0.6361476469189427	0.12159555826019562	-0.7585214466886907	-0.26526222765102264	0.2630809470037164	0.12075499084041429	0.867817394427307	-1.211477216012131	-1.0392920132711605	-0.2690709647801023	0.6327928392815493	-0.3060152363244462	1.5033605516688215	0.1311155762377003	0.23464050421927157	-0.7187674154713656	1.1331359000800054	-0.6690328461932237
DTXSID7023853	4.962570934245516	2.2939593992900664	-4.935099018901957	-2.652514241875657	2.857874799972283	3.0599145990319276	-3.443455598088705	-2.2458745097470514	-2.088535452025369	-1.4215475804952484	1.4986974606238215	3.079835554115079	0.07982912604576806	-0.4281973765138662	2.933905399192281	-1.207600630547987	0.022763497098266926	-0.5791055956297234	2.578701032912956	-0.6437517721821664	-0.7205767165179302	-0.4185394396452509	0.2943915291927697	1.493355921675129	-1.3513585899189782	-0.8602120305661363	0.8508130622726991	-1.0375661996307928	0.7879363509607419	0.34204137706858057	-0.03951689820335257	-1.1807323392756908	0.7711711712594416	-0.9125432050356705	0.885973064881147	1.1266586532649954	0.6106851278111397	0.11147119018165523	-0.5500051273783803	-0.6550001896558059	0.45841134578296744	-0.09979736968043713	1.7217423939174623	-1.1402448697139447	-0.15893101251815134	-0.05398246123156768	-1.652048824680813	1.3270798354211666	-0.27053697215476474	0.4232730220722859	0.15985507442424782	0.7713777932319599	0.40014692006178765	0.5056892102316058	0.3563416752030475	1.2820404267788073	0.30567807910178435	0.9156753425151944	1.018917390438928	1.3698306798317719	0.10438578145714655	1.2520287933719012	-0.9490415937081166	-1.5262495761095252	0.5845017567309555	0.536145580766908	0.4660624939586836	-0.2953436863774019	-0.3310767883026223	0.411467977365576	0.7443066019380942	-0.9967937784312828	-0.8222114476678013	0.07994157450568523	-0.3636895400683909	-0.02305742313985292	-0.274591584498431	0.8797959822704892	-0.07352004755100809	0.43872913394783974	-0.32681672233501435	0.3632145412567934	-0.16378472334255217	-0.16005355380755593	0.0659026819752387	-0.3392519422605586	-0.10851624213241387	1.437581676234216	-1.5278120654006413	-2.3040598137427786	0.08590677446641623	-0.7787072978139039	-0.016691163022990604	-1.180724503612966	-1.3171217701753015	-0.2637026117861007	-0.005331423024338407	-0.7441382203412468	-0.23764296590549375	0.6513722716125548
DTXSID9020902	7.290027952753295	-5.07613783313809	-0.4923949196869899	1.8963022568029593	0.5872312380050786	-1.3676528364282223	-0.35203465394319833	0.5861837478206339	0.8742158782155359	-3.7039540237785893	-0.3275614793921411	0.6395306936970215	-1.4031754133221959	1.3408718598465705	-0.10257102214474001	-1.013876393602686	0.2112642412262788	-1.8082541456297723	0.7517445860179919	0.07397361736292372	0.7099318496815953	0.7351698726247474	1.5583022916564004	-1.459242043061557	1.3100469771532581	-0.7906248545111079	-1.8665815145458364	0.8417194334390041	-0.2805738547691872	-0.7942502150835636	-1.9677869189616064	-0.669322231204153	0.395770402718714	-1.5676534718880664	-0.8378055172796116	-0.971915692157589	-0.6102522333233253	0.08855165063268165	0.5805717730039172	-0.08442982722143844	0.5187010330994117	-0.2921114965589402	-0.40539483733125253	-0.8650570351350354	0.6384579964096859	0.5431752862855829	0.3466272653045302	0.11282758810155476	-0.3187701605423456	-0.16858510403404825	-0.15263957322032123	-0.0020642795120944884	0.24044622465863605	-0.14431365263473203	0.02278394300632713	-0.7241219062071975	0.4881008810627957	-0.7333266708386409	0.24979687147498406	0.9457008409562973	0.4972715917625973	-0.25145073046767386	-0.6941391959917419	-0.24826851300359634	-0.01466077023498468	1.114143107887038	0.07457577116672678	0.16880359957558286	-0.543664249449025	-0.16062937453244502	-0.37962003374222625	0.05437266226806795	-0.30812875004993695	0.12771174251618647	0.17333377483614582	0.03024830383617591	0.6416014490020712	0.6864022508180481	0.8769301810779688	-0.3063635429284446	-0.46978775760878116	-0.24510040092103647	-0.11469065622029363	-0.3518859884570572	-0.07943319873791654	-0.022177549388729543	-0.026075802708666825	0.23912037292304078	0.13586718131362466	-0.30283680849731937	0.1540374576726724	0.19393942864345268	0.031552559560352286	-0.16052688893393943	0.12424495082001155	-0.4014583715149691	0.056716693195959046	0.06109140013323363	0.7719245266112137	0.022442653304169467
DTXSID7048823	23.254025829131855	-2.3959527291183127	11.847474912813336	1.9947224333745146	0.91667411339699	-0.6351501073751522	4.702598214803074	0.6962721414809726	1.7652348125328985	1.357100711423289	-2.271295653540771	0.7216858858332446	-2.490370229355925	-0.3646736908753868	9.014340729103994	-2.562531901116352	-5.74874304279691	-3.09367626960122	2.4618459205195062	9.80588424627294	7.270376426860579	-1.478850474017214	2.3102209141975694	3.4328638043064763	-3.3126334374014457	-1.9584200206567708	-6.325907111746155	-0.686814870639352	-2.837825769726227	-0.8906426124268256	-0.41816049576162034	-1.3206090306658032	-2.3257491325066004	-0.16164570905027564	1.9803985537257673	0.7533140081720874	3.4803799433758407	-0.4721192378853893	-1.2379197093820498	-1.9307962176873736	-1.000825582939523	0.12463607744633777	-0.31813947933227676	1.293410646511189	0.07270787106400416	-0.6486060706731029	0.964833827217506	-1.200778161953829	0.25724202917123373	0.0469786131223219	0.180993928462368	0.8327962630661113	-0.556306709539822	-0.7899984762483663	-0.6940411227538253	-1.9405921624912978	-1.9143832515354913	-0.7657917710993914	-0.19353155205792827	1.6433512162840052	-0.6314020053533025	2.622922743290534	-0.13001389822259016	-0.48053623932316786	-0.6743296866781434	-2.0679167527586544	0.5190138208230617	0.7148265185442333	-1.1966606727694724	-2.4348455599146996	1.469450221855324	-0.5678696138168743	0.5979749770055502	-1.1071852462434466	-2.0651251120245564	-0.10885627288445461	-0.7609213735249198	-0.8804900179122729	1.065952308810547	0.2743963176616539	2.6626119997732163	-0.3503094572009685	-0.048752687531399504	0.38648202914623764	0.2218924633865814	-0.4968618368029783	-1.4281076648705713	-1.5691563502245458	-0.49037493560164913	1.3890698698971398	-1.1511806692981077	0.22216929752532355	0.9641080503812753	-1.4472807217446986	-0.8535054820931279	-0.1711669608439628	1.3294715635060501	0.278498046578729	-0.5678201029788081	0.4413565391395231
DTXSID4048648	10.736199231391588	-2.221596613258547	6.904483532671721	2.313414343206208	-1.4130755791982643	0.13796399466562312	1.1900275221996355	-1.6021744828025564	-0.21692864581935065	2.854722581082183	0.1456900618428569	0.3500319531776596	1.2250646262990943	0.3544671513182391	0.7039170032244801	-0.24083412292209583	0.8884961916715348	1.4579177103279453	0.12545124090356122	-2.331571401223501	0.010608155773961087	-1.2804310330743487	-0.17552361736600355	1.1432768006243788	-1.5502799501343694	-0.696222406781088	-0.845138327519932	0.003529897043823528	0.47536655527495664	-0.6447951315385851	0.33890374949743796	0.10579130259687743	-0.21571962722255417	-0.536616729312763	-1.3213075484963557	0.6619311390132917	0.1035018727394357	0.05897183630446865	-0.5483389377536981	-0.41757930824731004	0.1937590933948815	0.2332056816777102	0.30165203226840515	1.0079548973344243	-0.20540572324223097	-0.29409914637868706	-0.5878335899227134	-0.562175009889378	0.11997766479235043	0.19300496883407983	-0.049824991678756515	-0.5125994236889291	0.08477171462506322	0.031720708966461605	-0.5560806256092402	0.28401426546476716	0.13366944039791803	-0.3056907726080026	-0.21377201410906282	0.7291642755397162	-0.5338825005145437	0.2354332527839154	0.33943816527139703	0.06134723243749556	-0.8681449505232841	-0.9648225807352468	0.9559763024595588	-0.48172055370732386	-0.32781227099984933	-0.8717940306121664	-0.9127506279427864	-0.7177225801282002	-0.870559394161246	0.9149143240909948	1.3779092358305378	0.32668467037269716	0.6322864595248928	1.3725910666762962	-0.07490159024475453	-0.4759426488246812	0.5171454903011876	-0.3922848801225451	-0.2823074982617482	0.4283277883496405	0.5162424215842738	0.44640459613588956	-0.5541310630749781	-0.39510213528241683	-0.6312022214279196	0.45598120870297104	0.42176328119527623	0.5645416963963777	-0.41270436739518096	-0.2514018892195574	0.8553202661290994	0.14630295492069179	-0.7037027043972313	-0.6395819081098337	-1.791861513909635	0.864854028435763
DTXSID0074059	-3.2434644205401315	-2.842237007632866	-2.6459424815534827	-5.57140523863804	0.6297836265506993	5.554195103130902	0.09354078710240717	-2.5974080974456455	4.374526548412677	-0.6085366112002656	1.3729067800736383	-0.5012108077860845	1.2500794135763815	3.007500841241172	0.04707477299671793	1.032060059809264	-1.0050608138937147	-0.08695294530694131	1.2520397101330951	-0.4404304303097338	-1.03734378673861	0.503389711048973	0.1272005074083372	0.1109738117343809	-0.09169812436761059	0.07109831045132381	0.1688728471808149	0.18941931892416108	0.2933838250358082	-0.009690264345819065	0.41766171559957843	-0.6004684335095526	-0.2057282211567361	-0.11152819359796186	0.2888682368251243	-0.027571316690999294	0.021130264175557713	-0.16520358153251558	0.37567531134166593	0.4173615137799785	0.18035115872538215	0.396800614936494	-0.18569658887580937	0.05359424597358969	-0.23211714795927818	0.25684691064345533	0.09421335324917832	0.1598157372726384	0.03851243872515984	0.15671621362922505	0.06920942472830813	0.1872971869209759	-0.16477014197902914	0.008950336417569277	0.25531876485135135	-0.20744732634065008	0.14257452492363068	0.2453293415315464	-0.4957292385311625	0.15076795187332187	0.04774233933894064	0.04891960943814835	-0.40116556873329007	-0.3128769223951834	-0.03287384608462153	-0.008463346800774362	0.4237220011382897	-0.4040360944304827	-0.21398034033577626	-0.5124073933822431	-0.21828436924732944	0.153854261152975	-0.395027180964553	0.051380617530973	-0.7401663820101568	0.29346198193856143	-0.09132871171037935	0.2495270252045495	-0.007993117124936997	0.2727350878583859	0.3978443523034829	-0.2040784261547397	0.02782340914737612	-0.10688367699004966	-0.3155470047260073	0.210956944611891	-0.25478627663832143	0.22704149519647132	0.36415033999627694	-0.5033290836205129	0.7364530544228978	-0.7721319137658021	-0.5557187641314622	0.6237422823997414	-0.22639615856408446	-0.32643054015476136	0.9822025535641049	0.5403900553826245	-0.1270762582325058	-0.47651548011673306
DTXSID0044818	-1.4767402791156081	-1.9881151065127833	4.227888050005658	-2.6177873158628855	-1.591749997799337	-2.120961846041086	0.42148706763677746	-0.5914330695505126	0.676662934778526	1.0265831851150826	0.2217158814023804	0.47940038162010934	1.5637781872413683	-1.0568954713428997	-1.2430598018881764	-0.357636393625842	0.22470814612192289	0.11353781456150833	-0.018107259374389437	-0.17331727671189098	-0.10193187055130801	0.05124658809357704	-0.24527439395091624	0.11115005950036183	-0.7261809137792697	0.38809851527075623	0.7040789042173542	-0.08096000556031611	0.5210447220521648	-0.018493550589322304	0.9391580913671073	-0.43885984505831166	-0.36338661045673587	-0.35102944440793094	-0.022823826910727082	0.39537017237213684	-0.3814381473345681	0.6178192018380891	-0.349281415400628	-0.220457806463729	0.41860220481763977	0.37375480425297036	-0.38197213734444185	-0.013104160543169896	-0.033187808469936846	0.3730522047498632	0.40471544013556665	-0.3345737447912889	0.036320501181524016	-0.49141681129558956	0.03845901519228445	-0.11609256323688415	-0.18549459976305072	0.16018195683919	-0.2934935235396507	-0.26188252593157435	-0.11818977924195301	0.24083528322556425	-0.3271627890976614	0.003920998814933369	-0.07903146350483227	-0.24282427744405402	-0.06341188650791077	-0.4313991086271874	-0.243707472622977	0.09543228475597643	-0.5658091120839807	0.5501671560368606	-0.2386362823225291	0.3249360826793214	0.0930880948921002	-0.07500888856886423	0.7241062236677802	-0.18260765766012974	0.5031824416956427	0.504531899446727	-0.24263900035689004	0.32853190916856045	-0.05825797819118699	0.47990430017915686	0.42779759981196774	0.2059619938497999	0.10311740769066391	-0.07105893492921672	-0.04253486254450462	0.1417512930536145	-0.25242316391093234	-0.5731973377296161	-0.20081912181646372	0.2943297736167845	0.5102911243488623	0.26046394604072703	-0.20362448349873002	0.32118499711951753	0.0017473790139546572	0.2652553880847212	-0.021019020379849297	0.03739220434362727	0.22608173414764832	0.06296919206589538
DTXSID6051560	-3.5496906098186445	-3.0544943315860595	0.024871182278252774	-0.3329046938390998	-1.4029797674032152	-1.4127891891614064	1.2612661026825174	1.094359379478186	1.209886436329603	-0.2967016121509261	0.2964094680578115	0.8331127344413082	-0.5411254662419365	-0.1816884311097246	2.138614207554532	1.5178862686523462	-2.7725526397640836	0.3349187133167381	0.04927532129045499	1.2252090131073106	-0.7149628361824424	1.133316525166492	-2.507517054151541	-1.9883295614410488	0.8734384317480259	-0.18083610644016085	0.005888773444588697	0.9119748434822058	0.23794544785376828	-0.5439654825139476	0.12153457510484406	0.6963809426340818	0.21336377227794448	0.11110872378834183	-0.5018727399588021	0.015207354650200108	-0.5976818711391371	-0.909443756958481	0.22806048930363174	0.03710946077921393	-0.36710570554441246	-0.3350459898114525	-0.5440583524024784	-0.8007754137756871	0.5446011423733133	0.10739614736025126	-0.5229945088440264	0.21980712405481143	0.1191709875101196	-0.09373731897212723	-0.33028492091017314	-0.40722412790316853	-0.22056141451011105	-0.3433567378907038	0.5660610388034916	0.051564773703445296	-0.5736090385080141	0.5935031679709203	0.21759222937353073	0.5244924023961318	-0.06996207736743468	0.2385989684097772	-0.08998242476832834	0.39734715419827565	-0.19655046100681442	-0.13622665533741715	0.1558813355366204	-0.38726894084501	0.527099030351154	-0.2992243864456026	0.28174619106767396	0.41396843459537264	-0.5363798592043149	-0.09324374120855655	-0.435008128537295	-0.13764806715362224	0.13264699789742251	0.6843590889196953	0.08297143038185338	0.504296411039238	-1.243246817796968	0.10097099880757252	-1.277500139807684	-0.36638216971939713	0.3428813500420949	0.3160860492289322	-0.23079045334081	0.44369299150341307	1.2163428346455551	-2.067941086942247	-0.861702216600174	-0.10721393127232477	-0.48062278462681896	-1.012662863295459	0.7005259511570808	-1.5243757419958868	0.4990025766270537	-0.07864401268390535	0.7904884361834719	-0.7249958899602434
DTXSID8044755	-0.9723942927709549	-1.871204582233397	3.7947866045864167	-0.34930078020727584	0.8483335587612689	-0.8150603610894644	-0.07314486381164514	-0.3746992575720926	-0.14473136403727616	-0.7032113402876488	-0.4371603040935661	0.2899692825546983	-0.0763159377219044	0.5136071034856529	-0.6445073389523468	-0.7570092441581956	0.4900339187850855	-0.5820133139270486	0.6363212861199635	-0.24442832553415572	0.26464351194719954	0.05855229881916095	0.6066781338076516	0.2643208656822559	-0.18630873239692655	-0.08969509166480433	-0.12647414157583542	0.2933093004197997	0.12755338312512748	-0.13793207052389989	0.30583727331347976	-0.3962723733127642	-0.1235531531573948	-0.6918764667321345	-0.055799577581496326	-0.2015831567551941	-0.16092207929735125	0.05178120315115845	0.14084920177602445	0.4971062378553189	-0.05321702303676482	0.3553637369356223	-0.22495188446529327	0.23779840325175963	-0.35342969560030807	-0.03688119403945198	0.2420326126616244	-0.13963196968742647	0.055729254336727464	0.09403273666801525	0.04591806595699802	0.09896492867940947	0.016756957919299934	-0.07983675643303967	-0.182511403059133	-0.21650182252110187	-0.0552656725596053	-0.0026806064867091134	-0.2829982203858216	-0.16458171646013	0.16906865586883082	-0.044941607531343034	0.10367990381397392	-0.04333668398614722	0.14502929025572817	-0.37480716560207655	0.11325788905941923	-0.5651727464609706	-0.26665531151905136	-0.2922772263247106	0.2556806516997626	0.1196787638762025	-0.09544748474383528	0.11975684193710721	-1.2162801978696667	0.19399581294759047	-0.17241884627689644	0.42688556770196817	0.38069139972806604	-0.06423371714169843	0.36425702875042465	0.1089692708267516	0.4585642232146426	-0.09433489212938972	-0.07544599275735372	-0.12023770684801342	-0.28236257386501895	-0.08160558504370362	-0.12653309530670823	0.1752174325932113	0.19533399728682277	-0.03963150460772858	0.2983599809443787	0.37018543483014155	-0.13695641303838996	-0.037137447541813716	0.4774865391951286	0.210930183332612	-0.28062713889717444	0.14327899732623958
DTXSID7052654	-6.031812474921312	-1.371521024168252	-0.3066840680127892	1.0638027955778715	-0.46871781975178145	1.129672410153806	1.2012065215481096	-0.369886216853554	-0.32568859565637454	-1.6768351909601087	-0.03509125658753541	-0.15007116667704323	-0.3946266225072475	0.4638009464443258	-0.13655602630328442	-0.3833937731612975	1.0286238720795002	-0.5442812729152123	-0.2308675147777936	-0.7923234666887612	-0.5023063855504459	-1.0186732792662234	2.2064141003428657	-0.5540686255532434	0.43118805405708605	-0.4414862258227807	-1.1775802877260348	2.13532383269757	0.17941627360294402	-0.7906008218040862	1.7061408105386706	0.06156304653173107	-1.5718603695026157	3.011012422009556	-0.0009600567791882321	2.433352555593516	1.2733415257085472	-0.9890355082395474	3.123614902644711	-1.0400072323443659	0.5092144778884707	5.587538707618295	2.8189137021819786	-1.3694123203570008	-0.3483153283376994	-3.102424412489344	1.9015009430328622	1.0528776282241072	-0.05328557428304999	0.8056951600454175	-0.0918913005478317	0.2254848333077593	0.21598174798911135	1.3121567921856834	-0.41477885699317785	2.760787537933728	0.330469586876749	-2.1880244017515316	-0.1583180333020074	-0.5209735659791623	1.6734386956685896	-1.3231298956997022	-2.6060242274255985	-0.32663786091408986	-2.2117295896660587	-1.6801738154120822	-1.3766170559514948	-0.36329184359606526	-0.4858409292126076	-0.6735533498961184	1.0296405186395203	0.26888325905736765	0.9081501911731025	0.03973148586347016	0.91417545080318	0.6694666587996343	1.0048068688705112	0.011592090815535729	-0.19926012830440795	-0.24896164257825856	0.19246439171905594	-0.8738272617320118	0.26777642631514154	0.02315009548579772	0.03364994605737764	0.06364939030705513	0.1671142652051086	0.4009502008105795	-0.16780101807542014	0.2644954338366772	-0.40014080152014975	0.06256135671399336	0.031981729395564235	0.04104771371266805	-0.0026994376213951444	-0.047992018212953125	-0.17554561137849584	-0.12010953675345164	-0.2818939982867983	0.30901661503020456
DTXSID7021946	-2.702644332601193	-2.0749276584239245	3.457301568002073	-3.1819432980004567	-1.7446334932920966	-2.3959772416302876	0.013930777514021312	-0.5753609088296343	0.9235060254304062	0.8745510197590657	0.5442547390978445	0.3628964781344819	1.586747154331704	-1.3940157597593068	-1.9027975214451722	-0.20954165905987587	-0.36325287280562596	-0.18766662775897308	-0.30042615323112615	0.40061882531994747	-0.11050948156956542	0.34494411540683756	-0.6626666195120253	-0.04025744000562759	-0.6960324515979363	0.4109831225234908	0.7542005372126486	0.2070708422313268	0.5375506586439591	0.3407585682907091	0.9850570783036278	-0.9245773273023815	-0.44208123720607545	-0.6513036659786595	0.3052048443571189	0.4866232390233802	-0.43484799995269435	0.42472428330908196	0.26600905972273925	0.49280374054779064	0.24134842337049717	0.2002003746218652	-0.1678156532152132	0.08100776075600559	0.13404667617011784	0.2306968277636353	0.34892217250020663	-0.17028203100776196	0.13531291027096762	-0.26194523987363716	0.08001320600465976	0.014896701404871314	-0.09654184591427474	0.16000939910543158	-0.10104011008466367	-0.29870742266985945	-0.12229761187693909	0.027820216024085163	-0.02348874860721574	-0.03691284276921626	0.020318783792562786	-0.3775800352954558	-0.2825830213120511	0.11221502533521545	0.01904974393340626	0.41959362923044907	-0.04961219878840583	0.35128984207127045	-0.2172699903363882	0.02989218381348735	0.5654426116556811	0.042722896644912356	0.13237657602297667	0.010589717197991278	0.26780384905022864	0.3395481719816944	0.23844908225947475	0.1706713881739448	0.16203968696751803	0.20475393286993765	0.3006383895433067	0.08687279041281971	0.03810727350097151	-0.18406289176042193	-0.033126394783597295	0.06700865924771512	0.15687270099837886	-0.14847101062514856	0.015793921126700656	0.04100653269255259	0.48740056704298956	0.17717438161195745	0.004326445733457892	0.37790130427539376	-0.05586797926681153	0.4288342674463588	-0.03172074823297841	0.21619240041486104	0.20053842138401234	0.14028315137061448
DTXSID0046561	-0.10982891859457736	3.1986364357157844	-0.16425664210851237	1.404808172994585	-2.1929721881508453	-0.49178245855828223	-1.6698896192648958	0.02053465677175088	0.9237830864865989	1.4194232686071342	1.0994804245908882	-0.7368371904596817	-0.8990419751988624	0.1999188819276624	-0.7298362664001153	0.24159414268472046	0.40317201818154846	0.6531785874658632	-0.6615858698393323	-0.974318734624567	-0.06065047017929153	-0.33791855238410645	0.30451534083258375	0.1594574921741286	-0.16264741023233256	0.7090150533219695	-0.3341436962033599	-0.9501628062462629	-0.057485439170456135	-0.4959599897995419	-0.5533262038034918	-0.3925936104805102	-1.4441598673827023	0.06498562813290001	0.1824152956145328	-0.14504008257240067	-0.003213702263407463	0.4576169932659809	0.0005469657100729678	0.5353045528281785	0.26022397803196323	0.17290511095787628	0.3031548681984172	0.4720160224742299	-0.692953667804289	-0.1110335457780095	-0.17352206257248298	-0.3585343535743212	-0.13413898122046472	0.14636813927486006	0.053429399617730626	0.10656734226610108	0.16266790281312674	-0.3057629751620431	-0.2217578351937407	-0.6933577732559554	0.17724113874562547	-0.10468690618912091	-0.24548389562425396	-0.5055901337322992	0.1741344006797867	0.25928413412601475	-0.4745770723998031	0.4202549348085637	0.3081901197636802	0.04577045455994716	0.25822238144754667	0.10210886242900613	-0.4005581994205248	-0.9947115819101267	-0.052506796680985755	-0.8722092672213416	0.5264941007272358	0.34045382550246694	0.39161519952366	0.41329900778643164	0.8935988295565854	0.013981811193151927	-0.08818895361690463	0.3502705759252892	-0.2798234724920084	-0.8154903198070128	0.17675779786128587	0.14846537907851642	-0.4172669402666828	0.430909260789334	-0.18842614276480002	0.47861657257855944	0.3439787511315997	-0.6993728216836097	0.5940636372711506	0.41486252051032135	1.023786210536949	0.1270054839461007	0.5894785447385185	0.195262318734036	-0.20172369962288014	0.02567897696857903	-0.29797850012680505	0.08807186038412662
DTXSID8020468	-5.492670388427061	-2.742802098627889	-2.574317523909895	0.5959119914806537	4.874360640506797	-1.9892496141260365	-1.1400037519669088	2.5414809505328306	1.634073005333367	1.3349888194648738	-1.7179929792494621	-1.0897780832696555	0.5304226075511734	-1.4476382449648812	-1.492969478262775	1.4310474200661465	-0.2735588106473597	-0.43477453415349043	0.18774161530095507	1.1786023767451008	0.5553066724801259	1.1580300785154998	-1.1047422119318564	-0.8872145584287853	1.2171084882121963	0.18113032232676538	0.9057699984271262	0.8508211533147165	1.0450833248484621	-0.8922632277184934	-0.9577536077033147	-0.8497915227504999	-2.2062632198802943	0.007521696574804437	2.4943901021455566	-1.5334959331847158	0.6532581227429602	-2.060593718140848	-1.2862468681688468	0.1517727919278795	-2.233613590658398	0.5041186771396192	-0.5899332278487159	0.08608315414634542	-0.9816645144539151	0.20455077789552487	-2.126975845650742	-0.980908581465156	0.2937577125335148	0.9402244639646611	0.25987813972458734	-3.1117996223584155	-1.4926104138025442	1.006665336950417	1.4306464783721877	1.7887161161996896	-0.8523931408991299	0.8872038730335978	-1.9865588272919004	2.6420614503020694	1.3142018454709248	0.5942480922548397	-1.4912785791961882	-0.7506782399133626	-0.5123018237912238	-0.6866155139856304	0.2945589578509104	0.668286102667	0.3987286011381031	0.9868160465274937	-1.1974549776749446	1.654830147725372	-1.5321594652556219	1.80121246730051	-0.005260295631706424	-0.07930264777687446	-1.0841636040227776	-0.6528925334423402	-0.2447851621452876	-0.78937356336705	0.8880342510908974	-0.14874948992633255	0.5217259101072103	0.4115514089805226	-0.7175074926710048	0.22727403244010808	0.5273844826876529	0.8949512902036106	0.13492153681074237	0.2854062598089611	0.5106859329341605	-0.11412168139290484	-0.7083681847577662	-0.8896396075171414	0.18937520660894894	0.15606670210067755	0.4862538232870557	0.04144273739359902	0.6069677767772101	-0.18420145203088023
DTXSID6021909	-6.675759745291676	-3.0802189906193562	0.9159633972420942	-0.7670666000108857	-0.9858400023796391	-0.696134765356068	0.0008546299978527052	-0.29024128614371475	0.8526525197662886	0.7918463039437218	-0.29966181473775033	-0.5837886511322353	0.311596070312805	-0.46653906697327213	0.5142687452924173	1.0711210328975718	-0.46466020795697327	0.5587698328309118	0.11589319155571726	-0.2992056787261341	0.42588080039229975	0.07006830167786825	-0.5561700602215156	-0.6750711050971905	0.6385820821082558	-0.4102246259403225	0.12310158632874695	0.2438926623375436	0.3494627464026733	-0.2237127700678416	-0.056663306658878	0.1313485017510988	0.3345609715871028	-0.2199670754036864	-0.20353424459630123	0.255072089701465	0.0184435137173973	-0.09189771172960969	0.0010555774721842232	-0.18744222687034495	0.1172863118300655	-0.13383780208691504	-0.21181152928518274	-0.36539672451501287	0.03902940964732085	0.38818952709593163	-0.29399305058011976	0.16220659009837232	0.24633063642624944	0.17263258060745354	-0.07533196675827036	-0.03217234244706226	0.07322220512986138	0.07438912836827812	0.25645414599311367	-0.08577910340948317	0.061894029365610496	0.14173770642210887	0.056116836835561706	0.42338394854708444	-0.30627034388970653	0.05415734732231578	0.26333961879747614	0.0641487049251122	-0.45574217097552155	-0.00491550958219704	0.13641948097055412	-0.28326847977188546	0.056111225451693766	0.3874698729799822	0.7265362723038598	0.14116638165266138	0.09828420464514873	0.12141602380016721	-0.5567759274285179	0.22399514286106068	0.14235850458325083	-0.17400460449978555	0.12196434628330184	-0.4085484504569959	-0.2696705505862673	-0.14494272918434598	-0.1859126654435166	0.07976079389086951	0.042477444690764025	-0.04599595466017243	0.21168377411157183	0.17561119566742556	-0.004147480141553365	-0.04730194627007803	-0.43450666411821826	-0.21366204462492658	0.4334505083765028	-0.19569498406354507	0.07561018503442574	0.12964382437171143	0.06880851405481804	-0.17663264164188738	0.6322638289215746	-0.3308885520652249
DTXSID3046085	8.94338557961226	-0.1047053696773896	-4.7286446233959625	3.2198802448603634	3.992921672381825	-2.2288060063649344	-2.8581578809066257	1.5884217751023877	-2.084405032670519	0.1684365432614227	-1.404261266397145	-2.113359439835556	6.779688629993415	-1.447603185758802	1.995438163987164	-4.034293375609109	0.8624779317022196	-1.5387309904537756	-1.2276808793966756	0.676542813184735	-0.9079237676418617	1.910585642816271	5.1118457467396805	-2.443309521506073	1.9284755815020005	7.943807979811411	-0.9031368612158085	1.0953493307922118	-7.094635667586327	4.948486533927477	0.7426610940141837	-3.2608202001326587	-0.24537855242854215	2.325501582315727	-1.8870554087109377	-1.59831617180904	-1.1447055829917752	-16.45052714037314	1.8905500251950755	0.325302247399871	0.5100325491361964	1.255278823722649	3.4990382287449737	2.5161898098645166	-11.579636580132211	30.1731377298789	7.071350599037633	-9.67861760683797	3.9504124896982136	10.699644647777305	-33.05155893898555	4.42915701107479	-17.349726062379574	-6.11295960624117	-17.713231758339194	11.451956192045042	3.8475002977937685	8.380309012170784	21.535070415292047	3.0118218646143826	0.4427741227986222	-5.2777681929679945	-3.739446768915329	-0.7639949541824169	3.0972986888852647	-6.642747350004133	8.559078024531457	1.3144639545433068	1.4165576651365233	-3.233347309781055	-0.21119626978450587	3.235905260850889	5.8473460148812295	0.7468435129403627	3.128170590587381	2.604196496401533	-0.8374273530538887	0.4070258482391249	-1.1257474691357696	1.2131164841939803	-0.5512983396164289	-0.033593478829662536	-0.16638670791814475	-0.3441009125208321	0.6527430280359136	0.05961249951716765	0.3188700000522907	0.11133546130414228	-0.4621540323188699	0.8737294286110049	-0.0778553823059808	-0.18433841924176336	0.8012719557915894	-0.7948465983168422	0.0831406275847091	0.5908079876738963	0.47543307416994096	0.33252200728202275	-0.2244177307294052	-0.5098506444080303
DTXSID7022912	6.412029051545442	1.6598442059246017	-3.5910910483715903	-3.013196903784929	5.0393498531724354	0.9132593535917966	-2.3496761257425534	5.756855213447603	-2.6675882886927527	2.1969235338337874	-0.19102690824278104	-2.4389938694935767	-0.4233225650318081	-1.9107261266360898	2.4626960039647554	-0.188887888444032	-0.9783151202207454	-1.0398398840752279	0.18035627613379485	-0.7987420662588169	0.16257768704862544	-0.44052190253445633	0.6700895311289339	-0.8200592813112563	0.06351486439287948	-0.7541841552256986	-0.4732970264894872	-0.5973771986174073	-0.41243221129162494	1.232002595122273	-1.0595724289957442	-0.6794521638667083	0.41617562056952084	-1.290634565039474	2.002313075537696	2.844273540869807	-0.8112051242246239	-0.288242949175307	-0.6886994195980791	-0.03654351665615832	0.435062752304898	0.6022336374235504	1.572600794387726	0.8203123119149961	1.0332189106210568	-0.3489792704073761	-1.118944287824825	1.1621954885400818	0.2225964584479935	0.7940108712689564	0.7238299368904485	0.7057965505914849	1.1612588312835699	0.9162369501602609	0.3501577103101723	0.5858808199779526	-0.5955017614953397	1.1543891721390476	1.6025060366684556	1.4607714843874686	-0.012235463468353932	1.063332470659889	-1.3038766469001828	-0.5721908206842814	0.5390208860631046	-0.0348587688972856	0.1520008672425394	0.8634873157445079	0.4170941288203114	2.5749168517362375	-1.674246153107474	0.15622887834725577	-1.1082839655333376	2.2188613575578633	1.8518251978162719	-0.5544071378457592	-2.6922825799090937	0.7885035574513407	-2.154212041620083	-0.5766674172042567	0.5002027343548655	-2.5668627844598535	-0.07635746080728491	-1.5282930043197487	0.10365596385512699	1.9373539041245336	0.9194619365164046	-2.528661212607661	-1.989306920342872	0.3145932211783838	1.2873467750758087	0.8739641334644894	0.4341538576612506	-2.2613622430579685	2.142486037051709	0.5687324389420128	1.0882662914039891	0.9380371388176134	-0.15452667491922842	-0.2559793848649234
DTXSID6040614	-4.376561568905146	-4.430910729284729	-1.5621603105343085	-1.2972493817393613	3.445040871153662	0.18948004184749873	-3.668460663495959	-0.9131047547401747	-2.6716066757964705	-0.8314364192932894	1.6360081351395008	-2.699638583282601	-1.4983707152828574	-1.2375156331045325	0.8046257673638869	0.8712976881530812	-1.2207039838291673	-0.9330647822986889	-0.46628786347143214	1.388674234033624	-0.4292970136223758	0.1249259793229622	0.7655429683724154	-1.0482229027493777	0.24787264872505624	0.41598492983764046	1.4471828424441306	-1.036197594020913	-0.15240565088033703	1.2547937693598965	0.577478273519027	0.3786615150194577	0.9423772111411115	0.38064358357858197	1.3813521155276187	-0.043229114260920076	0.610177993642235	0.05784412668753971	0.5590456200360436	0.3276350505887439	-0.36290452251710065	-0.4610408069746871	-0.594518509127241	-0.9557555196411432	0.07955556305407642	0.3587809010619374	-0.0539381837701387	0.5121666150886099	0.018951604613214365	0.547480661965045	0.06019621732016648	0.3578197361343873	0.19775137316169572	0.11851232585450243	0.8725665983092487	-0.0217307085786174	0.8110653033895788	-0.45529597460645943	-0.11750343859124497	0.5509698249035841	-0.4914661678407347	-0.8180394283449713	0.050055273064495365	-0.17968055562295612	0.36179574905981166	0.15636493513243394	-0.13996365453291362	-0.16024550700112108	0.15132957944175865	0.14280609531385294	0.1439487077756113	-0.3043695971905707	0.08221704236092667	-0.5452341813190765	-0.33760017469865045	-0.008364822471744996	0.11222464757683946	-0.42524322773091455	-0.2534336376264715	-0.33668134736428085	-0.017775836030437114	0.16460527504445693	-0.2721729207355991	-0.002725062342451788	0.22112569541492944	-0.18565555566792424	0.2756239325418786	-0.6305483285677301	-0.2958263800562009	0.1406540506792033	-1.0232655349440745	0.5060997031570409	-0.49123849386314467	-0.39133945541822135	-0.43377143665736445	-0.1325268151810963	0.22982400302803419	-0.5484095119266301	0.046339905065343585	0.4287947856773891
DTXSID1022138	-5.774037429443653	-2.784923754720397	1.2407602344885933	-0.09902072726905159	-0.9493827278650382	-0.5506257371031272	-0.22832574811681358	-0.7357942870259294	0.29756184206317715	0.23645193789238927	0.03663317671122469	-0.1564782527278563	0.34982378469668796	-0.18728053423356922	0.031079580246310214	0.29922736233883135	0.23282648101057846	0.31142850614968287	-0.47140493755805857	-0.7631941996625103	-0.13316849751471072	-0.47452069162493143	0.9066558485677646	0.35625933901367646	-0.3971905405416793	0.0041869413835504314	0.33383774541453715	0.1477323400236832	0.17747810992101276	-0.17667425056987116	0.3200011998089468	-0.041410521157940944	0.16032559595217952	-0.683995941849671	-0.3806020009737246	-0.19212936876605707	0.19881604434774058	-0.06269594520852603	0.10524544164820587	0.020591044569583137	0.1525072873689664	0.11228139723835386	0.04422105834147126	0.35163850514473544	0.0020675692704096534	-0.09696304761593319	0.026934259861207527	-0.1583471626735649	0.07270725617808504	0.21789721231900422	0.09817345181439988	-0.05512122800844333	0.20534371984060862	0.05733404587903399	0.016569966368498053	-0.24624114145883583	0.4112842185076768	-0.20077637946569715	0.04787007061233468	0.3916234424239731	-0.043036587829029194	-0.048831476186702416	-0.17071887074751457	0.33361197996684494	-0.4782336799326278	0.25390831969573374	0.8110533840591215	-0.37709629091872454	-0.05057429583093657	-0.0007858733620051103	0.18854467615801065	-0.05724927972638316	-0.0926687760215203	0.04974320994944292	0.062242920828085115	-0.06167431641694484	0.10539359272812546	-0.07393604822478957	0.04336721908124455	0.11227929466938255	-0.10747691055944202	0.042345935889404135	-0.12429325253372979	-0.23415032979198247	-0.3343879105595464	0.0038417558070239703	0.431963539635966	0.28198721210902905	-0.15696238446789543	-0.11775826332696247	-0.09940955754927917	-0.05293366999515109	0.25903686635001216	0.0816805718868742	-0.20125688706521688	-0.07111634001761216	-0.0669851805003072	-0.06288376384548576	-0.13393101951130573	0.1328261915095379
DTXSID2044638	1.8957745767165877	-2.888294751877077	1.7427071724338683	-1.7242164525346513	-2.664769380127043	-1.131562991101327	1.0393531073127231	1.4679767228656762	0.27296913134284606	-0.8107168514562549	-1.390663811794613	0.8288067800997395	-1.2243461353967942	1.5424786311408654	2.46793484069769	-0.9391280197674821	0.7923763673909482	0.8805912902837872	1.7953763715104971	-1.1205447274613236	0.43269717109979444	-0.03721467887184397	0.2210639691700527	-1.031440129073159	2.1306746456400316	1.113997457515935	1.6192442068024246	-1.1183839054568712	0.48911623082142164	-0.8423910322561508	1.3677867752883424	1.1716464064035659	-1.4747785100714224	1.0951425613363144	-1.224177450419299	-0.7225386745493603	0.4145907655170789	1.4598057427362934	-0.34829016453679007	-1.15108643816771	-0.8232010283916916	-0.8743922988505621	1.2742249632323441	-0.17509527566590685	0.932543884497532	0.42923219379219724	0.09045991901167946	1.0958028821437602	-0.21152034161805894	0.5485996801370729	-0.10632187032171948	1.0315262918146475	0.17951642887665403	-0.04157702368078474	0.5713296761921127	-0.7024375167221413	1.1058551926553615	-1.0147158455137957	1.165586777876979	0.9815505169254438	1.667716094652563	-0.0651206761891468	0.01860242986032776	0.8110274249690452	0.7916815861725928	0.5888945859720524	0.7294323804413055	-0.03406317816035047	0.23635533815945867	-0.5199955916825112	-0.24857902179322702	1.0894327236894197	-1.067980977889153	0.12488633731721785	-0.16236044731498675	-0.7726362787803515	0.18585772421321933	-0.8320035470962934	1.1960289346737643	-0.8814682999495568	-0.5510326601725037	0.3796843086737323	0.7101416345799065	-0.17895260895251516	-0.7457521270260855	-0.6641766657740066	1.049692079474654	0.3933085661397302	-0.6074793224468641	0.011189134727960064	-0.7399187538769144	-0.4811117211019421	0.5227536597389262	0.047824663838708995	0.3123071700977855	-0.154349844311979	0.1179220550112859	-0.2828202464035156	-0.1860081075236587	0.20348319540234408
DTXSID7047144	12.449638788812852	5.827859451284501	-6.579280952988358	0.1335389701159378	1.368068150303634	-2.535680527370577	3.3137757702114605	8.189132963395812	-4.543297784972644	13.174629260255003	1.1723785035128276	3.6895673641110474	9.17674161128005	-0.6798422130328781	-1.711404997963337	20.155426276142734	8.05412949621545	-7.805005843499164	4.206966986037785	6.020080898734353	9.374879509501536	-0.12492387934528272	4.845708125813494	-2.8539181919781713	4.811746655606877	-7.270727507151237	6.541523116541645	2.223472485768414	6.7556297924374284	-3.596094137451379	-5.6215214590711025	-0.3077888085044581	2.7410857356919616	1.6736921086540075	-0.7281241254329973	2.906304283098795	1.2525812458600611	2.373082507875469	-0.29837379296235955	1.4160525250345644	-0.396901262489214	2.5823138153054055	0.6256800888560613	4.108360071447295	-1.5754022833350614	4.426170596243008	3.720921884433829	1.6361124037307175	-1.5493941653514474	1.9611157188588075	-0.4613694438038367	4.441708723589159	1.8053379644086371	-0.0985415937231815	2.313112563431414	-1.358035141799738	-2.6917301874662583	1.753147057268205	1.335714065788884	-2.082908117961144	1.3083491687009339	1.7085017389769865	3.5887603163631314	0.12867970777738041	-1.8604163823541178	1.9398089296038046	-1.0064922696853422	-3.512967433857707	-0.43810326251030923	-2.4689658314566505	1.6769464514583212	-0.34006894787327563	0.3548687996288992	0.5592071677649423	0.6765269425751566	-0.17317852603691264	-0.018248056373031143	2.221574974896849	-0.32433370473555384	-0.6108438942549486	-1.3689559291950584	-0.9245678515418467	-1.1427204867278684	-0.6862204932948462	0.6061850627157671	-0.2688045428984273	0.9729188020744929	-0.13539058172204646	-0.9829608987137082	-0.3926358865735419	0.3588399654223809	-0.09881036934218139	-2.1392414187926723	0.8035256091901622	-0.5678885480513778	-0.4016221335386873	1.3299529625649587	0.22947526187130465	-0.9649764965491423	0.25668339429648745
DTXSID1046926	46.6842073645124	-0.6498633201867264	-12.617700297941823	0.9904132019535521	27.69812946235099	-17.061812478223803	-0.8580387247391108	17.982710254073446	5.286426171244246	5.121118967401993	-5.542067316092844	-4.97689258043788	8.371498508909273	-2.3201469577209894	-0.751449134652077	1.4422366437132248	-0.6930509802826504	-0.7702586192555363	-2.528094118171189	-0.13059942078277395	-0.3901894130390295	0.5694435260185089	3.0030006906394657	-0.7809701294898016	-2.957979364717648	2.14507251862369	-1.3339994747555295	-4.525955009088624	-5.200208900816654	0.800121893314609	-4.276079337889895	-1.491108608842848	-3.2877268847628764	4.797856540194166	4.761005275517893	-1.4815124857440396	-1.8797429985860779	-5.429978488304521	1.660669386403447	-3.434652567661453	5.05096731306709	4.113665751124878	-4.152431288169401	4.451376423285611	-0.205107764455375	2.3230888132073573	-3.7500106845188546	-0.7668848994204162	1.440372538440835	4.359093977610146	1.4949430731232858	1.135100471424266	0.48437919650751404	2.532825313201378	-0.5896212341226399	1.781913461082661	-0.08464563909389086	4.673435114318674	-2.122376812862156	1.639296743716855	-2.3446085532138308	7.096101971501036	-0.3115065711630256	-0.9021084085486349	-3.9340818926188375	-0.003828155295834174	-7.217968891364869	2.602088223892605	2.36270514326617	2.6435914055505627	-1.530973880895991	3.585766043323826	-5.249111746231811	7.675245892681759	-0.45364201312456104	-5.543416591958121	-6.147621469289201	0.10305517796702705	2.7602432296970223	-5.38070102638378	0.5440815575840569	-1.0952513541819364	3.633735802434722	3.04241834376388	-6.294051995388973	2.875149244086499	-0.8405334007353106	1.943155362834583	-1.5992453189200304	-0.28189564290103414	-0.8401987849482622	0.11863379356580908	3.3447189148818186	-3.09685590812682	3.572080712883929	2.1491301323733403	3.345117804780455	0.00023704754195471653	3.409827429999258	-4.585585910620185
DTXSID1026293	5.096170388967328	6.352334888512897	-0.43640129316041965	3.622241713791313	1.2543410826294161	0.3891356650910914	-4.378836125460209	-2.3526084958804185	-0.723549662207812	-0.3990864870802636	-2.4355994760248634	-0.573421484266958	2.6957472089395975	1.374995025772357	-1.1053991780243975	1.0450979277587968	-2.777897440153945	-0.33626033908679476	-1.524744929391086	1.5252508403836906	1.0662581709372672	0.7755750488067987	0.9102023779746734	-0.9284844146566973	1.0344375252119589	0.6897932902064505	0.9514376188488788	-0.42064592039794646	-0.34552792782492486	0.282486056458146	-0.37877787177422034	0.8988340662440003	0.06929291282102006	-0.09885090295497229	0.5246855399727879	1.256798594229789	-0.9956430049461156	0.7696450476560907	-0.24491477138679138	0.06460317726280732	-0.2428977518644186	0.07339422281970202	0.1747668520580792	-0.006459009008039886	0.4166110994421033	0.2982305920166215	0.8110851312093442	0.38470619619671215	-0.4979805501972274	0.42209357387956375	-0.11207623818183872	0.42757534808164904	0.21948437361225806	-0.008921289931082751	0.003585111026855776	0.09283577997120139	-0.41742236521745096	-0.11280216700758716	-0.6804490763210831	-0.43485479738030985	0.13659095501433768	-0.4372145561861199	0.4358073192544157	0.28384823672887044	0.31819866691344184	-0.8511817280570835	0.32571311416277	0.4649545725413602	0.9826763271334419	0.33617287292116493	-1.2944605485387115	-0.3839904625863985	0.0023725079055225686	0.43631019688513284	0.45788325016419135	0.24709446380476738	0.5081619266868105	0.015223389427052113	-0.6790669559738091	0.39389291409962685	1.199342556957722	-0.009695845772428019	-0.35520624977980586	-0.6936857496552558	0.9055288465825031	0.4969996378303983	1.7504381096629893	0.2962291520164656	-0.4612087140938466	-0.22735049968411908	-0.10458693664377622	-0.8100612426406549	0.33397355727573685	-0.783354114221851	0.10183585041448548	-0.4440439386459368	-0.478061695198072	0.13446371811682079	1.0520168558830698	-0.5630415871905715
DTXSID0041692	-0.6544245391376851	-3.84372374819647	0.2866520353618023	-0.7515999544004144	3.698980444266249	-1.3286290131672354	-2.9650162321202957	0.7139691466968372	-1.1413920366505728	-3.1721114317515444	-0.6299100270493325	0.45941583835850713	-2.307233683690277	3.5721115858430763	-1.7125566470613645	0.5343186975548265	-1.3473108384176953	-1.081277876612861	0.5142610729216718	0.5507620032502808	0.4234110400445734	0.3390282804948774	-0.9884725733047698	-0.9090233236811763	0.40266457522853055	0.030111236315214947	0.5887385614652902	0.8848712020099255	-0.6932598996812885	0.6302044130571608	-0.45267688073051104	0.8012139008263794	1.9216566804116668	1.283483768285472	1.0937396871883536	0.22721905211653837	-0.4901225637020427	-0.6254030379397943	0.668147126483572	-0.5956538412147259	-0.35096089897778737	0.437813255432504	-0.4528601397102979	-0.33802397513819893	-1.0108089015486486	-0.3633192896907015	-0.31627317623974016	-0.7001374548710821	-0.6290397774907157	-1.1293764095837673	0.11514843659250895	0.041100447422362164	-0.7035680823638544	0.02003958095876595	1.0141292926958214	-1.357227882557221	0.3363683183995613	0.5653591831538038	0.645464117155565	-0.8584891515522208	0.1682322565040935	0.9399765915520868	-0.5690633109174347	-2.1820734461787783	-0.04727140678425336	0.41740764679104975	0.7313731777752668	-0.10267204950171899	2.621590017835882	-1.0769727721498032	-1.4133113775257717	-0.09881392628991541	1.0195155991716929	-0.4345274899212069	-1.7692081698411375	-1.2496492509528874	-0.6953662077233935	-1.4615649150130472	-0.6325213744067648	0.29615278097434417	-1.494920127482769	0.7595203789667999	0.2597347422064736	0.8402023152756907	0.300882121603282	0.11269280248030579	-0.4207970852832006	-0.3988077434074296	-0.3748034360011312	0.6655397804432799	0.8604142432458644	0.5885122711194045	-0.066643921490728	-0.3446882686280452	0.24001035154958852	-0.5861875409949577	0.6462555812140615	0.12885424355285108	-0.14121410817798155	0.2200089473613619
DTXSID6021795	-1.6571464126411315	4.565995671878276	-0.8754328457040399	2.3921256856593254	-1.304466929375075	0.4182960848434436	-1.1568985043728444	-0.8739125625216556	1.1249873068671308	-1.5834577848261635	1.033921196749647	-0.7887945665364096	-1.5451109300006178	-0.7676199884622489	-1.1337254343918366	0.896376937396709	-0.4341511285127469	0.40027821041071854	0.5175700441740562	0.6634061932114123	-0.06549547363456956	0.4086666988620551	-1.4268255097101112	0.08160648222430444	-0.2636484292027783	0.6473321604664612	-0.15682647101220096	1.063155207203019	0.276409289826626	0.0015916447611937193	0.19293310698442512	-0.7210597104715027	-1.551657388102667	0.13806017631236583	0.4384695707492058	0.7802389348338555	0.7242272170085423	0.6635137044477786	0.6871210544193986	0.2256721975791924	-1.0440770926476215	0.5378418076423424	-0.2434065854806436	0.7477818026547846	0.8206300770737099	-0.007106228406349232	0.16405915362675672	-0.8415046731315783	0.4144908820267922	0.47375202087062673	0.46949580902572524	-0.08586374415633292	0.11401741548424466	0.083963005952801	-1.267306067178073	0.4006228574082888	-0.4080757483685121	-0.07718161152502433	0.6493636568493658	0.9122322615787071	-0.7717465463067813	0.29279966688341585	1.5303788422673235	-0.4954146540595541	-0.44601892957677686	-0.25028288086208195	-0.2391654683224519	-1.6845569419913835	0.1874618540599581	1.5720730841977806	-0.32944806774865765	1.2702799784313952	-0.20654393683650668	-0.608802292908278	1.300991282756689	-1.3083652410494777	-0.46757995821808596	-0.01207607321321806	0.5142521861528291	-0.7009447016629995	-0.15637408148838677	-0.055955675498206764	-0.45147411243428204	-0.13237843898983348	-0.417963912470477	-0.7591388003643754	-1.1293281114753109	-0.518697282509706	0.4646947521715286	0.7745982911445983	0.4420168695724427	1.0473442377787103	-0.960111913257258	-0.0425181426916212	0.6331505087190851	0.5180518727221877	0.7761249913861855	-0.0906991829328632	0.35186518395466615	0.20740226061772926
DTXSID4024359	-3.7817465747848535	1.4365306077519242	-1.209537904769501	-0.6674454295794905	-3.3354009922386276	3.6479098323991157	-2.3903512854463482	1.4375488739613043	-2.741075216290128	-0.7218738673893522	-3.446124445406414	0.30334766432392646	4.679525507221473	-0.8153559238093673	-0.6328719842612416	-1.2746359925940933	-1.6513348031462383	-0.7516491847808442	-0.5046479383293567	0.6844254516856815	0.9896063810742056	0.6710713134007016	-0.20883483733887684	-0.0767709772584381	-0.06479931534677762	-0.2026961399921964	0.03728530045719161	-0.8636204586286637	-0.03332790062962799	-0.5393713051443015	0.12769687296955204	0.5332221108887205	-0.33005246457619564	-0.3536534600020288	-0.1318397919190603	-0.16118225833332728	-1.3718607047615652	0.37014146039441814	0.33489551177569193	-0.0036512891988184156	-0.7699114152541158	0.2633855234592941	0.07969595949914418	-0.12487804974054259	0.44046780977707795	-0.07675207882684316	-0.28679092231787345	-0.2878121411485991	-0.25878083066321395	0.36539632784910026	0.03419739282887744	-0.14543963887395842	0.13622070656603336	0.08860304356638961	-0.23995305824692995	-0.02922264267965935	0.4983160296347543	-0.40762461384135	0.06707163438364214	0.4071365002489309	0.48621742352370734	-0.18622434787424103	-0.06518180138600546	0.39703007352372055	0.3566520831280137	-0.28944269116540755	0.28093076485146	-0.309103786800825	1.1385158136974993	-0.22699715097904705	-0.09199638754386515	0.18605292629565348	0.25011481835543375	0.3966660518989268	-0.055057537702691166	0.32584202297294584	1.1394054522187227	-0.052558315493467206	-0.34566989964183076	0.5880184206593573	0.0908572070614026	0.23355300910761556	0.5642195957997419	0.5463037570494589	-0.07204956454951846	0.2098563390712476	-0.5319662696545142	-0.4063350354840374	-0.08450488383477187	-0.05479519756044753	0.09555827842106338	0.22050060574744096	-0.25608385609562506	0.06750073154363789	-0.4202586771190596	-0.5282301929957901	-0.22603153978245358	-0.0913681932428637	0.031884360588199115	-0.16996087851294647
DTXSID8042422	-3.8947464543854333	-1.17120049747759	-0.8379272776906375	1.2381093860000165	-2.0737675625107097	-0.2540811395284189	-1.7104970495810186	-0.5976090346966607	0.857988632939345	-0.21632149158769723	0.7296602707768103	-0.25012411451262523	-0.06777445151631999	-0.28127652247959567	-0.5945777735823587	0.7156076093525157	0.6701722148097076	0.6112121510546924	-0.5791498490753579	-0.8434165263294606	-0.020266539513925763	-0.5973918780076657	0.15443339004728585	0.4051570840540231	-1.2855888798430006	0.5170818617402549	0.4004598983820783	-0.05425944961971998	0.33990518738715	-0.739267535825044	0.05328436363702227	0.028802890523488795	-0.7845542618848107	-0.4338718537420185	0.061781456896145726	0.09643627466588903	-0.19619427620344648	0.7122390219343899	-0.36401602154620327	-0.3721182168878934	0.2541538537434893	0.4969223843682333	0.10444396046313165	0.45992949322565563	-0.09960182740727638	0.2533459717269795	0.2734653844988727	-0.6019676702834579	-0.19800763093501508	-0.14124179942347787	-0.012445694783499285	-0.007679800551988267	-0.026735482476885595	-0.12192147663768992	-0.5826001949938991	-0.41051227982818667	0.02317243748648609	0.05178091219160246	-0.5653793808110844	0.04533644213404506	-0.10756309318951791	-0.11641718190577896	0.017089522594440135	0.061815676088683026	-0.39805028385251273	0.11870506712863178	-0.010061429805713682	0.3473220151819334	0.04495716634663221	-0.5886991226403332	-0.024594104936577182	-0.436667323878113	0.6256071460771059	0.11158544970569037	0.12216151738334277	-0.22777543060965932	0.009694813331203466	-0.299945111606054	-0.28001832628880935	0.47662579461326854	-0.06771192548965083	0.42431478031814845	-0.1348478012102951	-0.12382332834105655	0.1703886767325889	0.3819697895745265	0.6109679900226906	0.3228817148350236	-0.00047772731696165213	-0.18555624391159856	-0.04379420633037217	-0.262594938359904	0.13588654721319318	0.09925579829388619	-0.2803863911306779	-0.12994820693348844	0.10292338785135838	0.0791578268057209	0.12289616524970473	0.11819379737949101
DTXSID8024153	2.2469574206775222	10.730967274942829	1.6608897741181647	3.440847752909299	-4.034466315437321	1.088915580634182	-1.8225672901628875	-2.7473238094678982	2.6211353646292674	-0.5601879755730361	2.1017933681418026	-1.3010732105937133	-0.734695041363219	-3.879532450016787	-1.2893144681772528	0.7280327949871815	-0.9659688330041669	-1.2017967434353485	1.4233130525889137	0.6877699068133594	0.20717752715847343	0.1113140052294389	-2.7156630577250445	-0.7317306582593707	-1.6965778440141928	0.6054628943085065	-1.0121984566310815	3.497531803697457	-0.4466002099512115	-0.3624233134713624	1.663131774580402	1.2300339143639702	1.3456088883632817	0.3864739977699545	-1.1978750118930441	-2.924653482603116	1.8097257258291952	1.3740389216242033	2.6001812441001095	-1.1564716280793919	-0.4422667596657874	1.101038236690071	-1.64184412358339	0.007018519603828047	-0.329851835490047	2.1976773857478302	0.002931001633915176	-0.34867287628407534	0.8443927874686086	0.05301002142653672	0.6868047709263844	0.7745024745866669	-0.9110803719106306	0.8281153072443983	0.7955990507263063	-0.1502131468966513	1.0998432421451003	0.33270494716252064	-0.17445790486895785	-0.06893458152489372	0.8425490367083236	1.9300338771568568	-0.5495696153402579	-2.034181588975651	-0.44864863788127196	-0.8467101086971407	0.050734903156142167	-0.6876168921099235	0.26315470559929904	3.6134828835627295	0.9187574638089254	-0.4550356842082474	-0.9047039677265492	-0.8860084167442863	0.5619413777473512	-1.2789558173728983	-1.9901209434178564	0.7129777906970399	1.4006647897518754	-1.581696099412332	-0.660933426027079	1.6334574637160288	-0.2402267568728962	0.06678245481503761	-0.8773543006320111	-0.4672327017556706	0.0607023540542317	-1.4360899644079888	-0.2052947559446364	-0.19540036566120864	1.148886295846037	-0.8075920995645237	-0.4117271315530105	0.15875356611886707	-0.23480062485138695	0.5006062341741017	-0.3182022976054351	0.07545368865580873	-1.2142589260981616	-0.058874315096712884
DTXSID8022036	-0.9963375655714282	-3.58039381590217	5.42725509360655	2.9772172925677483	1.2212674522681477	2.6608912957823323	-0.04463011581145327	-0.7334942866310956	0.1439941635609355	0.41923935546633173	-0.1702837336930484	-0.5130180587427766	-0.7033274009293317	-0.5879884558477363	-0.12923448042288052	0.2230289921948705	-0.5508285856926647	-0.1456392688257	-0.15713219266555975	0.8955107788590528	-0.13538221944047618	0.49257904711892514	-0.40355473870475755	-0.5331024565273436	0.8724223718973501	0.4613699447279736	0.721953656665037	-0.3433523889444531	0.11650206373519742	0.5072830444883483	0.6825385770900352	0.5608215181145004	0.14125053249628322	-0.20745737705999392	0.7956528967140212	0.7089673587424802	-0.443026778580156	-0.1972980471517665	-0.045406002446370095	0.746470969046457	0.1237203484900976	0.14170470643104185	-0.9991332863444362	-1.1302266314078036	-0.366205263041946	0.06308779571881722	-0.16640630941942372	0.7354691224383775	0.19203137678316962	0.11848439309716866	-0.018956925386229773	-0.05410393578199158	-0.060453763974918584	0.1192937627936722	0.38759847960492433	-0.2525788420759013	-0.15157149215359092	0.4425527542469573	-0.07407654737335001	-0.6163957881741645	-0.2749751992456532	-0.6147532096394682	0.27889814482357406	-1.1640987746444944	0.1908217431932395	-0.7782741382659447	-0.09307504895695175	-1.5146937389108865	-0.15486160841352858	0.1668842099559786	-0.041713698199839666	-0.09553841689824726	-0.42645587846478067	0.15059845890306814	-0.6158515958624002	0.8787679710032471	-0.7639569682880493	-0.08415636586294674	-0.24047244798390624	-0.4986523175080698	-0.6790805070892311	0.7150639680432795	0.5744929334146913	0.4135584059957191	0.7651238387387702	-0.6211778903344848	-0.320625551352185	-0.38716753455715025	-1.1101973883479213	0.0513450429161783	-0.8943643669801679	-0.061941627883859825	1.3983948392311911	0.7236076837995611	0.12796901400845934	-0.4032413191521231	0.32661604292022167	-0.25654611948519823	-0.8809412051188376	0.32176009022200147
DTXSID2024822	-6.285188480714403	-2.3920729074082763	0.9810533776384313	-2.4711052529331528	-1.934466877506828	2.170483077635351	-0.3267904338322248	1.1743409044951074	0.24330574211789394	0.46138906798074286	-0.31800545260893054	-0.08608149502152831	0.4407479400138419	-1.2121167700340467	-0.5099097966606527	0.35352359066866484	-0.1663718117940449	0.26897757672061373	-0.4120232457080433	-0.1356894566996031	0.6096226073249307	-0.33229707513495726	-0.9949092402284321	-1.1270147288880294	0.5998104384247902	-1.3128717483850505	-1.1456161195258228	-1.4630772562738872	0.08830990614624383	-0.08768896769834099	0.8313197598993118	0.07431820784140436	0.4131428244760442	0.13027893794294243	-0.7641521574100755	-0.0854467403622556	-0.04478528812306765	-0.3305401206920731	0.06463844193160279	-0.3597806750811681	-0.7380958258551079	-0.1133487821662189	-0.7315533484180164	-1.2083478725929555	0.3410290536012741	0.1375345260551091	-0.644283246290682	0.5140836186779058	-0.028914370829334412	0.21978993836504085	-0.28906153559397463	-0.1458782401911437	-0.6494044719390916	-0.012600669823295302	0.10774443165768738	0.21392703038290706	0.5518521796565118	-0.30743561332104063	0.3142411347623606	1.116953868673272	0.5330117048492994	-0.13737073269236313	0.9215121272992524	0.1710508029724588	0.0020268464581121065	0.6109394603928013	-0.7278070974657752	-0.5718765293582023	0.8490298238632182	0.12034898344496422	0.5366967002563655	0.7399879449748423	0.2042413541860879	0.043632452617974875	-0.5162369185132029	-0.390384264944842	0.182491071573712	-0.8357748227626105	0.3658363409094523	-0.42085645951315237	0.18826316495954773	0.254906122896055	0.7256757505174349	0.22559566293684985	-0.614170717296235	-0.7841227999791409	0.17959911220546387	-0.5512448510322105	-0.6338467081174934	0.13618860675977462	-0.738411665721587	0.1600080047513763	-0.36425197716693625	-0.40867553735396334	-0.0305582557338406	-0.6549158884216305	0.9125478890130017	0.5137816107703431	-0.3369976022656043	-0.38657033651981526
DTXSID7044425	-3.82232708627877	-3.8377654893217445	-1.1097439578881414	-0.8351266941641304	2.2742115748095504	-1.3384112636543397	-2.589315891971424	0.22966516013957233	-1.924975072165929	-1.769071560519515	2.1817848971413696	-0.620754829841725	0.3799511738492854	1.2889437031266453	1.023641265200908	-1.110365864552063	0.21511737798468478	-0.21117494427493538	0.992165810927693	0.0023332876626915755	0.5138896913999181	0.21439502861430088	-0.5409557518805692	-0.1694849634700665	0.1495780898926825	-0.011894681308049864	-0.019119642210692914	0.8347313036718522	-0.5561169741455448	0.4059826220071844	-0.34205725793675656	0.3584062968683147	1.1206563825947247	0.5864704939684732	0.37515226787786266	-0.28594235888055924	0.011228301966933155	-0.4434542146819255	0.9925320325257746	0.4459654164091002	-0.8290798733397413	0.37381301220208346	-0.7358190781166407	0.5603361480412632	-0.7472631460460535	-0.36657137997237055	0.3027470368107868	-1.2395760571214465	-0.1003338694595518	-0.4867306673546311	0.20106430644258608	-0.22182649851434041	-0.2813387276943121	-0.19017034257780877	0.5492810807492234	-0.7687368009853371	0.13827148839971878	-0.5173382404586581	0.16563971397724914	-0.1662186019124803	0.1744862290042993	0.26081542148317993	0.1216409429000539	-0.5262808927530284	-0.06860755009916937	0.08613584889669379	-0.04800271172249398	-0.23749384086505154	1.5149908354472983	-0.3150426855769234	-0.3844730299629518	0.1140452103305168	0.11194359463075236	-0.2479880095011311	-0.9901189967870517	-0.5960704754929532	0.11278754552208865	-0.08994188795060976	-0.1887302760784507	-0.3005615242789788	-0.2825616362570869	-0.014182927003794412	-0.2981996601835241	0.4795038746069463	0.393504028048771	0.44403097688463017	0.1267347973830541	-0.006564230879842975	-0.2501130836073366	0.09311729208010193	0.6418925968498854	0.09258534365247718	0.24332518202111003	-0.3214559712176142	0.14267703864545453	-0.4921681155025915	-0.0016125979413063782	-0.006333243803788921	-0.3563753564537869	0.212011894772406
DTXSID0048686	12.403363665608634	-4.236851553339156	6.866346551348486	4.970252401932378	4.978635684738269	3.0879167013763547	-0.948765788464838	-0.43826028168527054	-1.9974368506803606	0.5372858983112022	-0.2507590553279057	-0.6623724880457936	-1.3086405133877197	1.3286610464841384	-0.7240060854011036	1.0347835399539531	-0.7057604113208725	0.38525948991876524	-0.6026257177348885	-0.045806964513145705	-0.038494045416417266	0.33778983568836163	-0.32701513188600545	-0.4880554183172288	0.14938891366300575	1.3980538151472284	0.7415614706515875	-0.4196248419066972	0.003857699538271191	-0.9329527205833849	-0.3470315020765652	0.5999652467780912	-0.9329067058146628	0.015410386041412932	0.8811463950608485	-0.28287449547856197	-0.34247633648725223	1.3900033328636037	-0.4171402309438226	-1.1065489795709993	0.6934142067739313	0.932094898497324	-0.24718041579507272	-0.41782350665394796	0.32896666928549145	0.39951384252584277	0.09397882421524226	0.10575183152632318	-0.14894515167971764	-0.2823938267347396	0.08456708448903888	0.32408873264595994	0.009337088204315355	-0.1541477455812352	-0.6913028742711168	-0.7683134890326239	0.07954175990191928	0.4850450988718546	-0.10782774455972499	0.07816366677486972	-0.6944295676141995	-0.07570410390631917	0.013136872752993635	-2.4011397143974222	0.07369896959806638	-0.2878249527402123	-0.586370708393799	0.06120068148346928	0.3412432561141221	-0.6599064878991243	-1.0511787377737796	-0.3199728641697783	0.9695966417241666	-0.26052231192043945	-0.6037945150688819	-0.5420544073676633	-1.3190723661073576	-0.7131937888544707	-0.5940847996984552	1.0429733842290534	0.18715632617791603	0.5128138273727598	0.6277160906957329	-0.1843701226409135	-0.8527393280373993	0.27064075442339874	1.0101580049489698	0.011056102005087108	0.5583416920052786	-0.2724194329489021	0.5164098410911646	-0.6695687386704783	-0.81299605372393	-0.6719868266736645	-0.03296831720145669	0.27351681393957317	-0.12657428625925737	0.44011131455361047	-0.13315625624142022	-0.1522085891215419
DTXSID6052740	-1.3666461080616759	4.597384378710361	1.6776039171867274	2.2510406418473483	-1.9140728504447206	1.4758942680486513	1.5155769921627575	-0.7164188800758396	0.7603183848097905	-0.6638741963210354	1.0881291327435307	-0.5223138390488768	-0.6065994967460643	-2.307737079992116	0.013178491499711726	-0.5729049898935178	-0.5119809522493578	-0.4145553614652633	-0.8834669838519684	-0.5265678230083376	-0.8923181238636742	-1.2832468967784456	0.8304423608974979	-0.9850829348721665	0.7157108483734169	0.7442900282410759	-0.7864253237088757	3.462262501661614	-0.3779654352626715	-0.7007683105525043	-0.8267143600815461	-0.2647750693003017	3.0077577081509146	4.098521578749596	0.8064104950696522	1.7598222269498844	0.6995348791502564	2.3187166415838694	0.5178242667319889	0.4918665406100459	3.3287085010711053	-1.5638966013551385	-2.226014612999307	3.775490585793903	-1.3375278261932337	1.5583446354205615	-0.8459408374154498	0.9810568819520731	-0.9703685984618005	-2.4744888415108215	0.27198744396686364	0.10909157457039548	-1.7904021498247695	3.002542032021466	-0.6871246672591156	-0.3138865429824521	-0.9177789293121069	-2.710612311428415	-0.6766289661477741	2.882608172938624	3.3448697611757514	-0.3402141157031187	0.9365653318809388	-0.8011129762537256	2.2329071067122244	-1.1658526513157963	1.2176491941625984	-0.6000064574054979	-0.6712247280764229	2.009790950043186	0.5230844558735334	0.30173672624403536	-0.06063238399715286	0.4176424861192648	0.39770630681209435	-0.8979235394006037	-0.8196677493417093	-0.3048982114589113	0.6505616524330541	0.6677757455997367	0.7278770326572932	1.2323634138112003	0.6454146702641816	-0.6974770509107472	-0.37465810863701965	-0.7365065672303717	-0.7022448398260388	-0.8216720225184161	0.7905742915675237	0.6147565025667947	0.2230167072679923	0.14061852479507542	0.06890944961283559	-0.03391798907208983	-0.2452302507142771	-0.3524174076056454	-0.32898059401160756	-0.371715666776122	0.6455142790547969	0.02760312223166181
DTXSID0047248	7.696617701322803	6.241023205370297	-1.7649645808164904	4.463183590218308	4.233542691909228	-2.895387142081858	2.498912702152969	2.327412424857834	2.4490154144879295	-1.5843408320775514	-0.038535196943466944	0.5036711349742758	-0.563677154208073	0.2339262884647228	1.6344536652688089	-0.07991266111283397	0.2886867777454225	-0.40610076606581447	-2.459319491179859	-0.7408098907169827	-1.120614786750552	3.1121502329881414	1.3174727328744884	0.1740190274446499	1.2384857724658522	-1.0624264286629261	-1.2443105853855068	-1.0885336900540739	0.8760036972855346	-0.9505729116668545	2.11899636267198	-0.793522527425077	0.18557770149708952	0.3150920938307957	1.1683750693179455	0.003466398926728873	-0.5854229826485431	0.3147952936203551	-1.1663870106959628	0.5290532054782102	0.42060297332970475	-0.6926605010335273	0.3121526876463501	1.0365734562641857	-0.32974974641720867	0.035242252217523876	0.1802939799197577	-0.3431763915160009	0.34000898345449837	0.6246539234429593	0.0805254095954419	-0.27349989757420334	-0.2493424020584455	-0.4967670471328453	-0.1536590542189237	-0.5646985811116305	-0.34980432165883757	-0.27804901812573185	-0.4124065586455224	-0.8093395477042075	-0.39475557156719093	-0.10841149741569117	-0.13040593136604306	-0.020678462530316143	-0.16423762202227785	-0.6192428590179476	0.017618075693480267	1.2473446525546954	0.8452510560207593	-0.4917718358186124	-0.433843153919921	-0.007018250306012134	-0.8248336020419454	0.6038298032806577	1.2528216745380547	-0.4606783738499168	0.22578314664637933	1.1921419783110863	0.061206900064044716	-0.041592563237552234	-1.4609226542194842	-0.8063967605055736	0.3152232336576058	-0.3217743899580791	-0.6829946180403027	-0.3423595549212658	0.8534715150910597	1.0537245803575306	-0.37516383457289393	-0.5480293247833913	-1.0855734460490225	0.9355134129189507	1.1223657470244681	-0.21262625881937233	-0.6019463151003653	0.1747008115372452	-2.3416136543213524	3.0953970085701408	0.9769338830180855	1.2087900986256095
DTXSID2034833	-0.4922733272071384	1.9368634436046648	-1.6467587984937	-0.46691360911226654	1.044189396671217	-0.07313663790563377	-3.6138558923981496	-1.5235376645832615	-1.9232038168450123	-0.7145732926468897	1.9733770339678085	-3.6370469959388565	-2.767617546628624	-2.746906118969251	2.8953873041604026	0.4340079497140127	-0.032957953790182785	-1.0330950320047363	1.2902577860680509	-0.7552891905583344	-0.7390842925625446	-0.431484783831151	1.528246132723502	-0.42340789339969387	-1.0125254476236223	0.5333376227654428	1.0212628691091306	-0.8940658883865742	0.22369051175888618	0.5453752934648738	-0.15509934972542197	-0.957345304474667	-0.23298263563492005	-0.4567768280357709	0.9905301933969896	-0.4314695912098566	0.351686966826041	0.7205976215286057	0.8684187329183223	1.077461675127834	-0.7625188309318479	0.37105359498391816	-0.3735419243242352	0.8222097465454155	-0.32519849737080825	0.40279850596257444	0.08933674894867333	-0.7493104419525114	0.3448087891391874	0.6653354004768366	0.5024535561973659	0.26862352050127236	0.6423637031037799	0.02337611594351094	0.36385547376738925	-0.6218630031697634	0.47316642528469993	-0.6219176345667247	0.09268363352598721	0.5040782421043466	0.028253324411019652	-0.09037059506122197	-0.5675549508992348	0.11792298020045253	0.6676065110009917	-0.6171175541090729	-0.5710347656484488	-0.40127299595190224	0.731757179171128	0.6738307508187034	0.7099945290428277	-1.2961565865818265	0.27591474265784377	-0.13323150605673645	0.5719632121221105	0.25075830745853356	1.2248979617954503	0.28894401952915266	0.31721092602705964	-0.45603579833190416	0.5574679412278296	0.19881347175813927	-0.33711562558977576	-0.5508078352183419	-0.07027219581739023	0.33375610458108407	0.8076873716410662	-0.61995569316587	-0.5578991359376745	-0.47891575865289093	-0.1610854956899115	0.7036133629241126	0.20677174516032912	0.004564968989600677	-0.7239127250673102	0.06435719176249481	0.4040880069538547	-0.5674657465877846	0.2201879644515534	0.6000620338066782
DTXSID9048853	2.4763458634500357	1.9430003148193695	0.27919793009138366	-0.011940139699553204	0.49761486052721493	-2.292539809710087	0.49011336580459375	2.96401133411465	-0.08849125622680878	-0.4648708981763758	-1.569740070361522	0.9607738657577207	1.1795402322475828	2.208213472650493	2.0107562239266152	0.9230113340447379	-0.6499992510747884	1.4797214915853478	-0.15535750683956337	-1.6502823534373878	0.5445885504638855	-1.296109950701475	1.0747139615255235	1.1000275387395948	-0.7443095486603197	-0.4497081151898375	0.6496768811796043	-0.5833536514059658	0.05507695036261069	-1.0885097912403423	0.7097401428713919	0.10008239604090832	1.2894182888146732	0.12722543995627675	-0.39851596144713985	-1.084570477586921	-0.6954799896863043	-0.041546013434659905	-0.7563630089659585	0.7544367118059221	0.4660959998453729	0.38995673240316525	0.060291150747382956	-1.5101278652295882	-0.1232338200153707	0.7774136826956473	-0.8223525591144903	0.7573117237385442	0.31611604318234465	0.1438541175995365	-0.3943129310888187	-0.2367306491492406	0.08284278412998133	0.27694633054817697	0.2262401219556984	0.9737220004386741	0.5984115622761947	1.417286079710872	-1.1696214082350682	0.18214646109898353	-0.198486472961223	-0.9251439260860703	-0.01915714180166947	-0.3160384997196405	-0.054073174679488877	-0.48000224552699317	-0.44566797155616666	-1.0796910944853106	-0.8707699119108834	0.28235767200505035	2.4459092988574866	0.8314992694096872	-1.6649355198500508	-0.9612355369337903	0.5264495021959861	-0.10291611119901133	0.02670179863161464	0.8864189849980081	0.09962848548731398	0.08579398471956244	0.16465976101074026	0.43672247261312236	0.16813911233906034	0.5735386454026951	0.387080552417179	-0.06193007095826965	0.18011397043426017	0.8501526325354547	-0.9802804718211389	1.1378317190133531	-0.024257878268166715	0.4668930634515762	1.11970852870434	0.30531053193336144	-0.22786784793760229	0.44645082001740855	0.06366961748038938	0.23056092912534398	1.0376952896962366	-0.5919122398576084
DTXSID9020401	-2.931648258669051	1.0697201589306409	-4.1204670563390025	1.0305544715496746	-2.679918569625272	1.0669778127349945	-2.090747985960528	-1.0562353258970618	-2.4119789889009224	5.662338407829258	-3.5931393854247426	-1.3825184367564762	2.8651823596404604	2.0323487118325936	-1.4231067005039155	-2.997210245092352	-2.778218507093468	-1.8720922092136851	0.5495652991662847	1.4873303749239435	-0.6792633441688894	1.5733479888534205	1.4678933116359387	-0.9325418054071346	0.08840887437629247	1.4099981332063658	0.04325976405922642	0.7647295263829129	-0.7564170494069965	0.14311514415657312	-0.7643318520604203	0.6097501123099154	1.3405601169831973	-0.01818013461269847	-0.03132058656753891	0.3471960019110948	-0.5609694361591384	-0.08855730691895933	-0.8200688009297982	0.2939576578548173	0.45765004296669115	-0.3892430914649758	0.9510984803298855	0.44966206742696135	0.3315162355020706	-0.3544292521494591	0.5854149090659944	-0.07698691532781697	-0.2853552235222345	-0.476184574819985	-0.23891237314638483	-0.3437307107886276	0.6586454692169156	0.2165408758213829	-0.39320864622779905	0.5908917868391209	0.024786695183980342	0.10409747222626055	-0.4483885139209955	-0.7580166795030057	0.1972012070247844	-0.3043019753325351	-0.007836393423798448	1.2038598217843222	0.3330890558432347	-0.3652876888177302	0.2405654186302422	0.1815155186533507	0.40386580784492093	0.16117877490410976	-0.4142065968697477	-0.8430420003593757	0.04371399206625968	-1.2003278458764393	-0.5006054459201265	0.714699783697359	-0.17965723502444142	0.11716518330578118	0.23197388963317064	-1.2513483971269748	0.5408116743263085	-0.808503945439765	-0.44539672574120065	0.40099692661821396	0.05373188038471829	0.04387993452004232	0.08294758245585003	0.013451643141238272	-1.1371272735363587	0.1227567646289582	-0.3058420717793796	-0.06943037049464194	-1.102018854270438	-0.7761926875462353	0.08715226700314459	-0.7357080499048224	0.3754730601274535	0.4742653305314502	-0.36512697401775795	0.023188242582748188
DTXSID2034962	1.970842496933476	-0.9952471767058861	-4.041417468682306	1.7730436882262943	1.111220181003198	0.12233527680317129	5.393614394382423	1.7560746016910462	-2.9028570254245913	-1.2424932105751296	-0.34546475514754676	3.5061329722485937	0.22705186931691718	0.5411917114035766	1.3408708487165357	0.21944497406919627	2.3572767486790847	-2.4168929334292875	-1.3829409867610694	1.355903803626604	-0.212174309680473	-0.7479367515212098	2.8333001273757117	-0.4513237572939636	0.04002456933137654	-1.493943502824241	1.5825834169569468	4.256977507331025	2.797535012695277	-1.5010488696986672	0.7330574734059977	-0.24562977166026484	-1.3203449883787322	2.7175523733972313	-3.868954589740915	3.054817002028226	0.001044833241692798	-0.4304283284904481	2.2152803922127253	0.8461536927703818	-0.3237900149710454	1.7280568308460698	-2.6511921258103475	-3.7105209901215668	0.8191931008270388	0.27999733372239594	0.9001360322513343	-2.030769241316197	-0.11043190752363728	-0.6791490643264585	-0.6466589787741572	-1.4687088298957536	1.3299647061449205	-3.7500624445565705	3.296428861992065	-1.7703806824853694	2.044799928441846	4.807968996234026	-0.044189737314466154	0.7016763335123585	-1.8399223363070587	2.0390908232199565	4.065072974611028	2.207551753853292	6.027169358054195	0.5871473760178825	1.9914409865146663	1.488297675584726	-2.0492358121861263	-0.9867990663721471	1.2697709851026795	-1.4424874158035645	0.009330588370030953	1.0045242104963195	0.4117062018465962	1.083413292928552	0.14595962474592633	-0.9804437313371543	0.31480378892805716	0.7170474363827839	0.9553040159308758	0.27548480213443793	0.7335796276875157	-0.966486110876937	-0.28302658089657867	-0.8808396018279335	-1.5000677379005423	-0.36932723623250985	-0.7202068868506779	-1.2385271018535435	-1.4171731453170358	0.17387155102298102	-0.8463431835049924	1.4965539137668864	-0.5878962608181484	0.2463050211616435	0.7899378935273221	1.7650263046958048	0.4522935228233791	1.0734389165912122
DTXSID8021721	32.37508515837582	0.42809071475882077	2.8401691644727967	10.380290971668028	-2.1794360542465143	0.11819238620365813	5.667102246301257	6.242415072282116	9.851075635919663	-1.553581451405501	-1.1250769089862234	1.2855922295285513	-4.377422423292987	-2.993588048275181	9.66251245090561	-6.032308252143515	-4.449005959197093	-4.438063904706457	5.442993087953817	12.46391462609241	5.65239860763746	2.8660981640126715	1.7623942746768395	1.2717327432850793	4.888160354705982	-1.1160756224865411	-5.821599123735813	-3.7041032348843834	-0.3702696377762126	4.334073266813747	2.8660763789698014	-0.8832166278257798	-4.927334275256404	-2.059312477591487	1.9630529225568403	4.118307027268181	2.627364825528433	-3.182181973305067	0.7063871705071976	2.947470955697867	-2.44459552582586	3.544545168066023	-3.539377668711347	6.528200405294135	-1.649392124888625	-1.0652498757230124	-0.2477211784053004	0.028875387146974782	-1.192659138013484	0.1965444425768747	0.8131571613711813	1.88953245776756	-1.5254169776674105	4.82308228771434	0.6334589370082143	0.15150592205302876	1.4643137169475056	3.764011154355082	-5.451307752636638	1.807814185677029	-3.6811169028878092	1.7270266536353358	-1.1390667236409169	8.895806485890045	-3.226733424672011	0.4429993501298833	4.035153732242427	1.6557327926567944	1.7223263137915934	3.5024909056051543	1.6770446961954664	4.975070251904397	3.1041087053442267	-8.480607546767057	2.6753640358901625	0.24061559875642383	-2.4150272885111135	-1.0997398627358204	-6.930125531440649	3.016919087240611	2.2615446168763493	0.00762981023611161	-2.5528214563257845	6.994953525741408	5.7723630267109005	-11.164480845903034	-2.111358510116781	-1.922921782978662	2.8029048730903408	-1.4038625834106626	2.316040103601326	-1.788403439636906	4.286196939558891	-0.9600416206898896	0.7060604217615714	-3.721716359814	-1.8389485880034095	1.4837092860605094	-0.8462258513877794	-0.6541866951217029
DTXSID9040269	3.8561314442303996	0.9628810790517172	-1.3934374845566302	-0.23973394608211265	5.017325515064137	-0.6054944358078375	-1.9455048316613839	-2.4964203338942723	-1.4532140258157102	-0.3612250996225919	0.028241172777982763	11.413518493167938	-1.136139669216348	-0.9787428174373141	0.427967060660063	-1.4368254216562777	-0.9415369470925031	-0.1087824415786524	1.206166715775909	-0.9147130175560791	-0.70877602772792	0.418084041712976	-0.10974125095466983	0.060933349622007714	-0.12755165506553529	-0.3280590163656411	0.5485628265303553	-1.5987717142617834	0.2987205901832036	0.044232369586784955	-1.9130670244072416	-0.7177086987586792	0.11985934135061804	0.4723203015426836	-1.1237038395641612	-0.40061440000434617	1.2469280532142526	-0.1937085833130211	-1.1719869326352956	-1.3371228580498415	1.1255491906181103	0.34643807090977635	-0.3358470204456053	-0.013545074088293236	-0.20529592027203725	0.10447343601141985	-0.21399856126178116	-0.10083294758434384	-0.03870113356128683	0.14838964896567083	-0.13554697928590845	-0.40940227480164304	0.005980966976818875	0.04667257519773462	-0.2967515288400951	0.5412301760819239	-0.12517030388140696	0.40741671079385083	-0.05983128038572645	0.49113772518837945	-0.9778674237589577	0.42534628383798506	0.4883193961488576	0.04790555419193749	-0.9858612278721757	-0.4209185284131497	-0.6430961406376312	-0.4315240128624304	-0.4882023766806516	0.995501920378976	0.400773305261496	-0.497086131686645	0.5136040327382978	0.5419956170796264	0.04784856996477999	-0.09593666471246055	-1.3037534661229178	-1.159498479303522	-0.02154830591572604	-1.0446880762797086	0.6355358951336321	0.09815404562407239	-0.06613821310810414	0.09805958447356163	-0.25455437830957695	0.45117186713479007	0.19718163028953029	-0.1325769377140008	0.06493373328696322	-0.6438806050433699	0.06171867615631181	0.13608374203695323	-0.17979477458333812	-0.29417936782969345	0.17617229215103553	0.36384655266736343	-0.7467984961634945	-0.27498467898645707	-0.15423974212218755	0.6619805059697518
DTXSID2032342	-0.5126091158888687	3.007433337353156	-1.2030229715219178	2.3658878922298068	0.054415600856448955	0.7004819424238995	3.9185062184683175	-0.431826067954753	-0.8677279382069345	-1.7768375827705258	0.5804425217474775	-0.3957615393770489	-0.8155456052729764	-1.5236915568055565	-0.23448098024480984	-0.4298969049368951	-0.6020772013857041	-0.25123154352263954	-0.526793216635723	-0.11176318376446046	-0.9346561300281355	-0.0662563284376521	-0.44543370063343635	-1.145923497385232	0.9059145314735847	0.2101083744574158	-1.2419572294404682	1.2748024760439998	0.19308362865767306	-0.7236528526506701	-0.4694407100862692	0.07557043530258709	-0.4711698379518847	0.3987308770631246	0.2015359382240228	-0.2322621111815143	0.9555705763829143	1.3143858364284065	0.8090071901583176	-0.007216433476401499	-1.1271133243745333	-0.15709642124206236	-0.14182033917802667	-0.6524450594504275	0.6438743724384601	0.4837710114753511	-0.46656766254195964	-0.032580288303365096	0.620112840293486	-0.1265129982285475	0.32202123154005136	0.456448734530289	-0.0409494061345124	-0.2541233904603386	0.49402307518541166	-0.5678856012268924	-0.007135325330058136	0.0552783124451586	1.2541759925318925	0.180263653939604	0.1797291785543372	0.41052311081126197	-0.5777430761502812	-0.8137174151969035	0.14876767636969238	0.20120470062506077	0.704721625536934	-0.6737154364267061	1.1795016710606616	0.9758590657061323	1.4962781000441951	-0.7511467985152309	-0.07031843687907806	0.24007347642882718	-0.21333014909621448	-1.3802823692008113	0.36964776676873606	0.04956217523888707	0.21539547888279292	0.6759578124537173	-1.396025201923693	0.48977711195332135	-1.987695324926926	-1.828578393730052	-0.043762495864718115	-0.13122148538145373	1.116850755495373	0.6615805382145581	1.3540653189304466	0.2449335713945732	-0.6199954699555341	0.5831430295204494	-0.15021607717249696	0.05550596831481473	0.666509475730796	0.9139045131842429	-0.21160481879178566	-0.042956256319174296	0.36419116504925525	-0.927235519641406
DTXSID3051834	1.2953081460776679	0.2660701646755361	3.1158773401274376	0.8561719801408455	-2.2998679040757093	-0.18564392134584312	-0.5579299746294865	-1.0681158186289945	1.0201446052642609	0.10146995252125533	-0.4032853219475047	-0.5628214735400372	0.389943440278325	-0.18940761959430663	0.8280384448243627	-0.16954733074297543	1.0014713315822241	0.8534762269224211	0.9149145517011538	-1.262019786772048	-0.3965312749773974	-0.3993636949270936	0.03678681759257564	0.2547836587177944	-0.10804743496817519	0.3231973222983294	0.717028685012283	-0.7224979513069498	0.43074498505362624	-0.6192463926029348	-0.38508451418755746	-0.21115658851627972	0.014729545365861275	0.05724534299198209	0.20244375531098024	-0.21484520268335716	0.11895400259099849	0.5281858820958725	-0.6390521230038112	-1.2677629045576875	0.9604631782301946	0.48739299335224356	0.08084600688778433	-0.4948780541856995	0.052005228956288785	0.30631679338178913	-0.48158600618143727	-0.223551204618199	0.029632277077519566	-0.35265374978861663	-0.02694148914914366	-0.13797321112892313	0.17170275876680113	-0.08257233282903437	-0.28443481565054096	-0.23834361881870797	0.5098716291241759	0.3156449964470219	0.15971333210111877	0.67296520095624	-0.8961744932083496	0.17034637434911193	-0.2383305005295276	-1.3389041572707336	-0.2779686587480523	0.20726663065341033	-0.5783457056013257	0.528994359230283	0.0121270612113615	-0.43821185099253335	0.8221307851100799	-1.0257517092615656	1.019505992878703	-0.17043801196481315	-0.8384359126020839	0.17125556356213106	0.15062415167784254	0.10829849668313556	-0.22689448408428728	0.3870289573605973	-1.0754375492390293	-0.3168746886383951	0.2658757257688215	0.4983211767331006	-0.06997128272382425	0.7304187788787596	0.857819438247292	0.5732900175984954	0.18325822666880703	-0.7064420318659603	0.38642159033079604	-0.7080198760554753	-0.36862325634898074	0.3373218158803802	-0.4606578489499412	0.20411173959896875	0.30543845421184507	-0.11218760163176836	-0.13426272047270285	0.8063786102822242
DTXSID4021767	-6.73972239096954	-3.714196198505623	0.14729508246883616	-0.37373699137669547	0.7620322415578539	-0.5056002734040016	-1.2170547759361134	-0.21202615311791398	-0.2037500795967361	-1.435608663528211	-0.6661699227122491	0.16308535384028508	-1.0337857714550924	1.2748960584770814	-0.15682775655508474	-0.1434585326675607	-0.3232340692798147	-0.6260669242684966	0.6028443813966925	-0.09969456091560684	0.4715790797919202	-0.08004533420406044	-0.2797493076396876	-0.23329853994228048	0.11116113969933654	-0.7438487579767356	-0.0839700602645651	0.9409100070128782	-0.23302483097294613	0.3687091968948832	0.1880722772963142	-0.049815313925464094	1.2031370684206157	-0.026076710873033673	0.07571844663974364	-0.24331829476247832	-0.3240371702257064	-0.6473710204641817	0.6112002491859281	0.32219454150182036	-0.5393227997191253	0.2864512674097223	-0.3871126866048974	0.6045267800000692	-0.7672081647214903	-0.18513644266860263	0.17442875802380067	-0.6498088989546765	-0.14645129098837933	-0.4093019298908189	0.1854800231437291	-0.10794939727134802	-0.2823205961960583	0.1056984521342348	0.5201267358048915	-0.7329405872614538	0.03589785759361633	0.13623575327503198	0.290436010774903	-0.4334197824808951	0.448535509524042	0.49376482386866166	-0.07150817206193039	-0.6047732517946901	-0.08833916235331142	0.22813644810586017	0.3157678481575305	-0.30907082481494774	0.8031929007805853	-0.09810983732969032	-0.29996591443594894	0.1289103201784233	0.32806535452139696	-0.20135292299547403	-0.9163110331452429	-0.5833015308094577	-0.29794641278861744	-0.6096914559604396	0.03473768032343054	-0.2221092688967914	0.149630784646595	-0.14324355601292216	0.3960692465541557	-0.28662459360889886	0.09120543756435243	-0.10634407953264768	0.10752167238755002	-0.43501087120507387	-0.4995495572852936	0.3639325868483521	0.24777123365151404	0.31820251935291644	0.15416764534509161	-0.5118509585447534	0.2023273164373354	-0.6406104074477881	-0.05497173697354593	-0.10341899393780504	-0.46559763508196284	0.10569938155113426
DTXSID5046770	1.2949779146069085	1.320077386000175	-3.9676557402013843	2.589706995343717	6.048496377633186	-1.600326702867323	0.7639302876509391	6.176285751683192	3.1716316609818804	0.8848705312530668	-2.42640293459124	-0.3432736105932324	2.1959648718003324	0.2405823029380131	2.2566463494249374	2.658415566502487	1.4499220731238658	-0.9215355912436284	-1.7218583517600197	-1.05463449422883	1.0417934334676022	2.541820779731762	1.2846849307687318	1.312741896024131	-1.6825022744552989	-2.2175812801942247	1.036087496392345	0.446528079925983	1.4383203740076524	-1.2306644885984472	0.2194986899623277	-0.5993770286604237	1.8206474064124714	0.999214558413151	-0.7782734965723738	-0.35699079025530683	-2.2533523058122475	0.06786369916357297	-0.6926700251232747	0.9831499987833877	-0.32380013260320323	0.7722555236091887	-0.26452049117365345	-0.3362439838197428	-0.006341011405996247	1.739704327595696	1.5914973886205788	1.3454888617791456	-0.06824991455766068	0.5089552866949152	-0.4570774247123122	1.1581521349220365	0.7046140366661867	0.37589891516515866	1.7339353298572395	-0.13526913316499448	-0.6621809568679918	1.2903603964962271	-0.7211522526572922	-0.5639043606621205	0.3558871486663105	-2.4931423423560424	0.057596950986833796	-0.030743851166009927	-0.1835823579195686	-0.16613565132874372	-0.838945320099085	-1.552962407061428	0.5561461952438768	-0.5258010531842963	2.142453507360063	0.4028468725461583	-0.8095815669141327	-0.16937561914548777	0.8909408697714767	-1.5174964760264447	-0.33776909572670055	0.14576327759741517	0.24941754159329826	-1.189097956622583	0.31059381444713335	0.5063307229729838	0.07901127513266443	0.05566892985409663	-0.04506574119229755	0.9995410371835737	-1.2638695525918502	-0.13054574707165165	0.7209445041841046	-0.07076472367588893	0.5843773075524276	-0.17227775372886017	0.708751610050875	0.2495215642986475	-1.413858699114283	-0.2362478800076715	-0.9558528710897186	4.797564563930513	-0.2910898317922594	2.8425455432384275
DTXSID1025930	1.41745426326164	-0.07938717634371183	3.1365676320072358	2.7318685536226073	5.571117342349844	1.8738508211208489	-3.386597420252106	0.11178843623876586	-1.1573216145937508	-2.078590891894296	0.8023645922629563	-0.6291736288881752	-1.8369977975101215	1.8507870580477936	-4.062523412255707	3.240382463382708	-2.6598255870158742	0.16619009793975542	-4.207049878376914	3.712905978077073	0.9505982952465867	-0.16916067767933599	0.3692289109227032	-1.1817851471265501	0.7841011620887635	1.6427279499804492	2.7019665337379632	-2.275292926575469	-0.37653733441815757	1.5165601518870677	1.4694593181627391	1.2539958359918326	0.4727076242856104	1.2633510603299072	1.2610145563418333	1.6650558415529815	0.5457784091091236	1.0780784835570125	-0.5327802844664843	-0.2619197531466052	0.8190796872088838	-0.7828184939251374	-1.0861596899691364	-3.5944315244791523	-0.659614745411148	0.9258651954911606	-0.2113147749376878	1.715276359379145	-0.6774038761196388	0.05860615559918591	-0.40076530936192284	1.1280632240218142	-0.7701367848487284	0.29320513588434816	0.8997449001000791	0.10886268724475037	1.2569741887837822	0.9213853430993021	-1.2610089017351267	-0.9075432996338718	-0.44240275878759905	-1.1200168046900134	0.19691884514622832	-1.1561661297249533	-0.020989518996697546	0.5764202689811352	0.25028327169464376	0.19920084311833283	-0.03682830919301144	-0.20122906076006256	-1.2431116809130967	-0.36120018634485357	0.8257732952740008	-0.8458428071131001	0.3295350881752557	-0.1406357549513402	0.10390163285241422	-0.5116482332414716	0.3201162184176438	-0.5680443315795005	-0.5271602582225215	0.5159106805964061	-0.9223043199214928	0.2527780827411922	0.4330459309374141	0.02009544394568873	-0.300977306161534	-0.27257555938511246	0.44562298481303425	-0.27856888864683815	-0.8350676353308397	-0.33729845954866344	0.7620863597024802	0.9341149232504617	-0.43658818746172984	0.177917816634222	-0.0012099141759140584	0.027634933362486083	0.43215013224487464	-0.40388727201659913
DTXSID1047158	-4.848450863158321	-3.22538217588589	2.108902168529487	-0.9682960572522141	-1.243472615377334	-0.8622872988113941	-0.019459618249926428	-0.7199147607703543	0.5313640230888627	0.29754398902834944	-0.12102246093652717	-0.009491370287035714	0.7786695002284404	-0.5408088539306122	-0.34793814193486344	-0.23730829442890355	0.6100385215358647	0.2564225150911707	-0.033291445673867354	-0.6589524560244054	0.01100822188228059	-0.30435894551856735	0.5655849478943266	0.07682820820970455	-0.6968722689849615	0.37989436726140374	0.41281896863577633	-0.09078581534419806	0.30978683644220717	-0.21921792944011345	0.3314695897853757	-0.16947627066297924	-0.1924884610397855	-0.3787776118227251	-0.038818993348212615	0.22009952454715218	-0.10163608561289805	0.6808188909192657	-0.37370691697239655	-0.2726392591903961	0.2239739802938953	0.3142134664398529	-0.262001715454511	-0.06433540043180107	0.0023506453080505627	0.19410830463689915	0.22150437912077514	-0.5105476806446045	0.021866071123073268	-0.3161103695813284	0.09887659583118344	-0.09193479620082191	-0.0035252349393643037	0.00724698205634546	-0.31915768318483323	-0.25388975920557066	0.1900196757781647	0.17357377550457434	-0.0462446678415719	0.22888087680494737	0.05108920216268073	-0.13730877081629725	0.013745758030516603	-0.49825793666735735	-0.33692771588287523	0.38775673598771876	-0.24914832095178996	0.210505074211486	0.19991842016320824	0.34513803936427395	0.2519433897980319	-0.1962668893292964	0.6633618482662281	-0.1836380962236867	0.06375698642328856	-0.1528620307023479	-0.16840177127681366	0.002177487324836838	-0.07970287253265088	-0.04449890929418907	-0.22731643702082086	0.04814012778488156	-0.20098973652417573	-0.06694146025833575	0.034697089717786025	0.30484938791122507	0.517906395422875	-0.37082066371927325	-0.02582923200014375	-0.16831566387504132	0.1137056550110686	-0.1746975096419273	-0.1420590341577396	-0.03316089955077159	-0.04558807350990931	0.08569860367024217	-0.16017737136842983	-0.18033818958501985	-0.028196817617618247	0.2937675741021385
DTXSID0047585	-2.716903174615553	-1.9848330194189103	2.4592684010201658	-1.0872701491855083	0.7522047136365424	-1.2987786588318493	-0.583468059609421	-0.28079822631718515	-0.2824986198538648	-0.9658438016678254	-0.5538717215100469	0.2854178315525688	-0.536758177804278	0.9551265516378241	-0.3597919009474568	-0.00653923914544551	0.5136963480101613	-0.4786748058222165	0.5214746838971697	-0.7925054323481238	-0.02400913132239455	-0.18567321374327764	1.0909027142791234	-0.01682868404328894	-0.09002789947847116	-0.05445853831036352	-0.5305145017336365	0.04568456193305393	-0.04915083742205348	-0.3977493457179386	-0.5947473131916188	0.3674079360356322	0.03697046834639858	-0.21632385819077019	-0.1629947498311658	-0.15313956729585865	0.4719100444037029	-0.040403674910369024	-0.18249708406684778	0.10149065191827829	-0.30810447536163926	-0.128871895367937	0.03164354163972445	0.010506094477995213	-0.1968962020385083	-0.4457884367079302	-0.2721137523140982	-0.4005536846851279	0.01595443597644384	0.26777456835463126	0.08667542059024293	-0.16816304808102814	0.2191052576985153	-0.2407885401372712	-0.08520422692849376	0.27025847440524736	0.12239839406461758	-0.16880997394582792	0.3650709947071038	0.3031257292502583	0.05978705096877426	0.29751654281038853	0.388209139805764	0.31332739500445783	-0.24345170016355266	-0.11013569836004558	0.6696322707045058	-0.8771018918398766	0.6584099253190486	0.5137783204659275	0.09025581203711264	-0.009392258619668315	0.026125743317858916	0.3538670577656648	-0.5340484483361095	-0.3263410957620625	-0.20468879176167123	0.36161762562139527	-0.15273444553785392	-0.208540557868013	0.1299731485854744	-0.026076102292756604	-0.231004677707937	0.08728497655222264	-0.061808937485978356	0.08270228141140186	-0.06450401335788486	-0.15236966035083932	-0.2681416400081587	-0.13560378138748194	-0.3901172398123365	0.057792602443628174	0.4613162028853964	-0.37197037447287457	-0.4080411869597663	-0.46293334434120553	-0.025162071601322066	0.11583539766387971	-0.2188404504186423	-0.295575395081234
DTXSID1044986	-0.6974884105368586	-2.180862296312482	0.11364276260656907	-3.2557694774298205	-2.5009306241418505	-2.6271985497271806	-0.9923652178607771	0.8451703677181149	-0.24721457085223036	-0.9195958232796136	-0.7942244283584623	1.0905735192382495	-1.195519346823525	2.5019939120058905	0.020818368362447118	0.5268694582930655	-0.46031677967541085	0.6135947518502225	0.8804684011191999	-0.1493438914959642	0.45044686346916796	-0.16264943400994014	-2.585011145924824	0.2889936639293211	0.09733506055944635	0.24081226725256386	0.2875983514013733	0.48543063892348964	0.21325346797399417	-0.6190333123082372	0.8658366868701485	1.8173690209028561	-0.1836289157974666	0.7836220356666136	-0.14584189938308467	0.6389614985701442	0.26772036840761343	0.35252818842809325	0.10522678312828593	-0.03178356423437606	-0.7356302018531081	-0.7811101128948956	0.6479151061144991	0.15849139012680452	-0.4136460213211809	-0.03283655123292101	-0.19739898124877	-0.0022542938685455273	0.22645506275167118	0.515244633506966	-0.14954995908932425	-0.017307412840480173	0.041929296386904305	-0.3846102283595906	0.0830493660314289	0.5609395572069151	-0.6529855113764335	-0.3752331729513376	0.07593199955110315	0.13685069744282777	-0.11166620266205686	0.4692793629040104	1.1964498418361633	0.8778620792980739	-0.5339778879962133	-1.3957037434708437	1.003058969877844	-0.9882601035946357	0.27849926186141977	0.6557877409035798	-0.5053501249876121	0.3544410718306997	-0.8451050205124612	0.2654374078626563	0.6373160503801775	1.4980589752655629	-0.013525702058406997	1.6947101447008508	-0.8913357570320419	0.1988079621590003	0.7213769959936157	0.10531566797363986	-0.03646430553275456	1.702697667409099	0.7396412916527111	-0.34620283803508745	-1.914898626738919	0.48089824663777897	0.20939978331395864	0.41263452051374394	-1.0465577981397047	-0.4827583306948144	-0.9032049735871228	0.08925027607271327	-0.6359921668606684	0.07167156043418764	0.42468624216465056	0.13359665592615774	1.2692211605813293	-0.36039347782602194
DTXSID5031133	1.0262695351712332	0.5523402543329992	0.8305629849397234	-1.4322493622419652	1.1240698326799006	-1.846154708299986	-2.407847171491965	0.6605273831163956	-0.06935639379876565	-2.5404492784270585	-0.15963267355716937	-0.10281216014233988	-1.5111551383893094	2.5078340498122134	-1.3439622251058707	-0.2195580791714922	0.3479095594958464	-0.5735304721349698	0.5391167257994208	-0.23598250577009627	0.8981491409057892	0.09546195855445974	-1.0090543696232377	-0.19651964647260425	0.1104386486801074	-0.1601585878622362	-1.454010815299264	0.3017335690454825	0.07436522772560913	-0.8581630200109877	-1.0727287025797239	0.10516110403240153	-0.4230145813529332	-0.419101984468826	-0.28427375566935703	0.7925441368295519	-0.2843558117123678	0.30972303315780225	-0.39088748217670377	-0.06593681306329027	0.24988686947919578	-0.4950535927207333	-0.001338904248035984	-0.12363184664334217	-0.19020390426519673	0.06714052510284546	-0.17765902772252615	0.04965232415454579	0.025286749613395287	0.035536709255360004	-0.25984835504870074	-0.07312707986901393	0.14036223017842242	-0.5247756819880995	-0.049685306094176485	0.15445645177389386	-0.6052190691886615	0.17873462959853575	-0.0949960975446091	-0.19858173002385487	-0.4644353270142536	0.150713296138931	0.7618308074918868	0.8332209410037442	-0.3099148723785192	-1.4074437094219852	0.35834447104608064	-0.2266583741269288	0.4430512603358908	-0.1691689151814747	0.5856053222409904	-0.21151573571240034	0.06597964912034797	0.37230774410362655	-1.2905918531870688	0.11144102414355614	0.48693457805811113	-0.13721549687683618	-0.002355313983489238	-0.08676171325480381	-0.4267053181543186	0.20764240915083454	-0.471052272955761	-0.012188487744365775	0.04345847408517669	0.8183077053151788	0.5115033403501213	-0.39776726001312285	0.40880131524504754	-0.46904218467324177	0.15796772157415173	-0.009326835223313013	-0.05374699339182449	0.533962840823557	0.19683004776009985	0.5610167060358157	-0.8292048706686816	-0.09058816185639422	0.12640257822332343	0.031175371629280822
DTXSID7026572	-0.8850301766412311	2.651790148921948	-0.08767870520414865	1.6766581216263547	-0.7782037053697437	0.5338958928164957	3.1805327257725056	0.794314956136014	-0.6707009292462128	-0.4611701755966212	0.19604233394111387	-0.6823515242651873	-0.1821509449814013	-0.48907753894362976	0.15525688972831161	-0.2823942103828858	0.3996901757395026	0.5610073424684617	-0.5347820258512147	-0.42788646035144645	-0.1191210121750344	-0.7266729350724479	1.2184748499614872	-0.6911967283523636	0.4047692619631955	1.3735875850595942	0.020875240200644296	3.781898717562559	0.14977166464597386	0.47333243970103406	-1.1186933335734472	-2.8614881810928696	0.8419938175483026	0.7395746380569604	-1.8611386331312412	2.0620447532248507	1.429882057550893	2.4403836806493366	-0.7000836977524897	-0.827619549011848	-1.6759331400071487	-0.0660953639990716	-1.9965882829960546	-1.663983192267909	0.23482394086844252	-0.5142318298240595	-0.20306145818289276	-1.2977678713352434	0.366900509746557	0.47884569063227733	0.3767808865477398	0.19055751708958216	-0.1506730602883908	-0.3817277417666296	1.7209116014426389	-0.11840622303645311	2.442332413630306	2.9076583868480848	1.3104422456535894	0.3065646383841317	-1.2573028331872067	0.24680292668533385	1.9844266864914026	0.7976281258151705	-0.7081668167982061	-1.0092700301546453	-0.9399067141463591	0.5710702648919446	-0.7741217953274351	-0.7215492293563723	-0.09686044569181729	1.2064536339459822	0.0038237119242655387	0.9997367195239052	0.3653796699205051	-0.3693631603586332	0.4782844778066281	-0.34828354747173434	0.0055418252831828255	0.06545804736223793	-0.6090865480925042	-0.9493774661466812	0.10446927910012807	0.33976100741871557	-0.02171251983845316	0.3705683293326001	-0.06933909262178699	-0.3394965140824921	0.15238470828105466	-0.02200196753866794	0.6358046348074217	-0.4342543714193864	0.6349157525716489	-0.38982991348991064	0.7757094900461039	0.13870782359048134	0.15125922020282007	-0.5020030888215669	0.6555984657575175	0.16629014284761506
DTXSID80862527	-2.0701028512868525	4.4239533182601	2.1455698623019135	-0.19135012640674118	-2.35415760812273	-0.6849158678914494	-1.2177180929656322	-1.4340348724070688	2.6776711585101567	-0.3494209877970374	1.570108152183072	-0.7292839676760757	-0.5808638703147353	-2.129169129602213	-0.761653496553122	0.32224139549695024	0.20000861344405607	0.1050198904077862	-0.7135879758537045	0.051558265589659015	-0.16951454390453186	-0.07057648924019697	-0.8914663247558389	-0.30848459728870314	0.591057995278459	-0.7697635272879128	0.09179838511056997	-0.21268864656152894	-0.21583164933258978	0.026182838322929475	-0.6072146297426841	1.074989729166955	0.9731139917005057	0.6028035575791355	0.5727814407178434	0.11603250631673848	-0.9810469479158922	0.003972085150073242	0.3599870825694258	-0.37960994541065696	0.14810809713108977	0.16045390134031315	-0.1710041911998068	0.2508800553499476	-0.841500742506657	0.4778554143624802	0.4489575526061319	-0.25800763224372525	-0.1698237768962173	0.008661527378241302	-0.09589259181693448	-0.0826614821828419	0.0596039267499516	-0.1444882051764981	0.2104626496927536	0.20518215174457288	-0.366169840722899	0.0019791384555370344	-0.8128280893304851	-0.6591678206463594	0.08549610901375418	0.6022241713160414	0.027555214227900835	0.3123619887072687	0.2617709516612766	-0.603348553778601	-0.09071546282602555	1.5019835603861724	0.06190364772448272	-0.9641760491998814	-0.39781090431583044	0.503575838904913	-0.45969751020230165	0.1611870453373783	-0.569210815713129	0.4890102508984706	0.31306255433324576	0.5412269258393987	-0.10313634346280351	1.0561721215785267	0.4378072900328279	0.23522481094145242	0.4650910616421384	0.8283779938804408	0.09332463103526191	-0.1440314179588552	-0.5484436218527822	0.8635680370418178	1.262773338724127	-0.02595019526215763	0.2710513453064644	-0.05156719230010945	-0.06720578332975118	-0.24075677833781656	-0.1654787292939685	-0.11121885776611304	0.22981206646922475	-0.06915816586530855	-0.3684801492333576	0.38413394161978565
DTXSID0042167	-1.1220049746587486	-1.2885956491183628	-3.4566241019737585	-1.9477009169477966	2.907035096945673	-0.5998723599780024	-4.814277537835489	-1.6954762070592113	-3.9775594427689533	-1.1019754202405936	4.190580526769087	-4.147287238918707	-0.8890206494042673	-3.2667986256553863	3.666530185561673	-1.9504325897344013	0.8633348434073058	-1.2207052990715332	1.170297396185065	0.8591519575844634	0.2187563357003807	-0.2914213398971476	-0.13076105007677719	0.5922146458795786	-1.6526211234301214	-1.2668045999163855	0.6857146403308186	0.12911930325640503	0.9766014700362992	0.4281896786056186	0.5587092382485763	-0.9843860837721099	0.5107506153587901	-2.4276032692379244	0.07268397664837546	3.0084388175753753	-1.7674441178230929	0.641439959908954	-1.7542861875659357	-0.18741272411841986	0.9507339785198916	-0.47099960545636127	2.747968808128161	-0.6193899339375457	-0.547902049549553	0.07707410216378828	-1.587429095341488	1.8002406960181732	-0.15238263815511416	0.09513653895102336	0.4353758822666347	1.348319253109581	0.6165744408678446	1.364757894187443	0.4754171961143395	1.2509453415213814	-0.8011147558049336	2.4962481500557656	1.1691834323469399	0.39317818214621275	1.2392597439232846	2.115535247487266	-1.3972960546700859	-0.5180931004960899	0.9975200244707544	-0.03178137628717992	0.10180441532770428	-0.27324136874460575	0.04169057204722448	0.731942232762111	-0.48422537053199416	-1.1104004789071478	0.1548527907281709	-0.35985357463988565	0.9588385866282226	0.2556799081800221	0.06944613480555586	0.5688383975846227	0.32754210206098333	0.313663341514226	1.0180219130213721	0.013948901512724828	0.645838336693769	-0.17508097365855005	-0.09779153512372984	0.13415347879992345	0.4091012568966176	-0.4191934662388164	-0.20400470196907813	-0.5914508593749307	-0.02554220733968924	0.7273700680407785	0.5206318231718462	-0.56781354990415	-0.8554993470793524	-0.7081446587492223	0.3946546769528837	-0.5398006441713201	0.16318561106470936	0.3711707161203078
DTXSID7023198	43.8641025752737	-12.545678476045326	-0.13475454283030683	5.9443746661627	-5.043153337856198	-0.1195818545379875	-1.8925947781107322	-0.11557144782739338	-0.16474491871366342	-1.612814342722282	-0.020282092315220036	1.7784897542007352	-1.5611996242600998	2.1397098998493225	-1.8599599452758366	-0.2902103992385023	1.2593818440553044	-0.24937176909122588	1.0948224030600835	-3.1321558592812773	0.2066922816163745	-1.0901872326442634	-0.6332692756423448	-0.08978731003586465	-0.5489958686663777	-2.452793474128915	-3.9428709788823872	0.46795480864191497	-0.059551637490641185	-1.0618491184910872	-2.6339961813479715	-1.5094393439219769	-0.29414912359122103	-0.5727288965057946	-0.7713296703671809	-0.1896398430606017	-0.31542428528830063	1.5328165769885498	0.4705714034333072	0.061478916335966215	-0.4303448783781468	-0.605107888144322	0.48969369454267986	0.35491067435552165	-0.6105496216301874	0.4495662131637693	0.0932105632813919	-0.3446344344551092	0.14685648974818577	0.1054982451466902	0.09154077557905373	0.3110597035900979	0.2528542554948672	-0.6939422480633834	-0.7719352200335786	-0.5460835212700166	0.45234262820381493	-1.2218106914201046	0.3739631444209962	0.6999851069050809	0.6047051508836996	0.062267132009096914	0.414459135644364	-1.802535473857541	0.3222649693483606	0.07665373443348523	-0.14218572947363292	1.8858947091937832	-1.4409177191527531	-0.9826670968026593	-1.3642798376512277	0.032917124800993194	-0.27191467330482183	-0.4261897553332107	0.41174396884078013	-1.0802972574505278	1.9086632516967716	0.3846208748420091	1.531057123684435	-1.9098693866224863	1.3360119313664027	-3.594080076810298	0.6931838533919948	-1.1048294938049907	-0.7715665735781548	0.2500501708047392	-0.8617575527408912	-0.5921408264387488	1.1063611618124731	0.2149400015907283	-1.2570756768071831	-2.1952869477331225	-1.8661425913984753	-1.0191120888843062	-1.8663469774483672	-0.4803541065201911	-0.8230898493555828	-0.1732648407630553	-0.28236785640005413	-0.42712133942188135
DTXSID3045695	4.697816557901876	0.47413886793316845	-1.9299162346866399	-0.7239276458361507	1.730314941734972	-3.9628698778586453	-2.7585269417895284	1.811006293893516	-2.66106220689813	-1.5160492301147865	-0.5420693005346968	0.3955037142205334	2.8682357314316	4.399258108539089	1.7827212533872405	-0.6672293634631937	-0.5438163632330055	1.2079376998140208	2.779663717083872	0.2487021990643938	0.6519674444938859	-0.5564505740396208	-3.867712682925109	1.8248217257340542	-0.023123633723162472	-0.9917141882585176	3.1511685573107546	0.6460592081484655	0.0003794290535105139	2.3867627290721067	1.753280384986559	-1.7137815225289643	3.2346053969770536	1.945282005890631	1.677345441792706	-0.3718807416050812	0.8276114650304599	-2.2992657057107775	2.114309443596384	0.03892833493215538	-0.7760609126541815	0.8241540910881866	-0.91109506865417	1.0124110004140472	-1.4729881517934518	0.006687795665444054	-0.3873992811422093	-1.3821150936755664	-0.3660212906678559	-1.2057072350099454	0.4634287703214134	-0.3363220741477331	-0.9469965481484727	0.6336471372358006	2.134153271020782	-1.505076560986465	0.16795144029648748	0.009412306386150059	0.9427039657277604	-0.16134842774123984	-0.7859480773423382	1.2116545143738262	-1.1093489575402538	-2.856499696628188	-0.4565268607774177	1.2077481683477735	-0.35830791165469705	0.6139991254143444	0.8530533077679674	-0.2117385816715639	0.6174631549777814	-1.5306107353728988	-0.08515367183204577	-0.15488679749409393	1.3619036296921263	0.11142894456309248	-0.35181051337637714	0.31613241417016535	-0.822937990040252	-0.05917759030720313	0.8446975152276209	-0.29821773151299313	0.09504589494860623	0.6433927747828943	0.22925644311082932	-0.11890931023553436	1.2749258298779391	1.693301528190671	-1.3016000023765564	0.7279038802115472	0.1389253259008757	1.0699556039038842	0.8261614547498547	-0.7758610025993333	0.5613826148193546	1.1391948449483975	-0.9302221861398452	-0.41816418409347283	-0.019056684633777077	-0.25733316656477506
DTXSID1032646	8.32491412669396	-0.9884942306840442	-7.8777611630069995	-16.87471443767581	5.65766967984901	14.546612119867243	2.932333910089916	-6.992797361388399	11.4417300901796	0.16834541851022278	3.827342461012581	-1.110064845336478	4.445447706942575	8.067995357462406	-0.05604203994495475	2.1085965157985	-1.4442371578270703	0.5161538278915817	2.9285367493697465	-1.9209321545622022	-0.6459111985534439	1.3152264717209476	1.4819282346871312	0.1740826714655871	1.191489596502924	0.47530103960689335	-0.288526253544065	-0.1355804378435133	0.8651363889105643	-0.594530366434547	0.6298654503867535	-1.6262179438119575	-1.1653168129248064	-0.21287423068820668	-0.4702265846817922	-0.4119270295399493	0.33213739921757945	0.4593518371717246	0.15921968772352016	0.7213213920225808	1.1275639325991458	0.5959267422611111	-0.26798253960485974	0.2162787161657234	-0.5185124570328091	0.9723324652065956	-1.4626248916765927	0.3966532458932228	-0.5426555349511025	0.241805524424784	-0.06701142116105015	-0.02717681645972846	-0.3754685234438903	0.5556963222604652	0.1295403518939502	-0.2394255012634572	0.8154368955147625	0.9533465609020867	-1.167635001835712	-0.6020602735656375	-0.382008796400191	0.6189185412344241	-0.4283818248494963	-0.3531473663749325	-0.00212218240858094	-1.1873978807708632	0.7532964530989955	-0.5844292772860427	-0.6514865661578223	-1.175924955984586	-0.4054737431943125	-0.131701709192735	-0.48851317429176044	0.07565944349506996	1.1236678042136814	-0.2890239316907813	0.5181844284707405	0.9858518810285666	0.39002972081539106	-0.26800520740198963	-0.3298028521593975	0.9227120930996148	-0.19214668442913935	0.6861868327280944	-0.5567665444895629	-1.088428907879047	-0.32334921039338554	-1.0538092990549484	-0.05191062921377805	0.09748013552238997	-0.6183949053288232	1.7224176833240088	0.658298359005711	-1.1521591034695373	-0.12523949534113377	0.295936399051814	-0.14312430455997882	0.13897915770917663	0.6203106095334654	-0.5568322903301007
DTXSID1021958	-2.6848459876553634	0.3461549938282903	-1.0589283732068335	1.3229049625124023	-0.48724181995263377	-0.20853258067050662	-3.3057926006448053	-2.5568073541723098	-1.353501966987493	-2.4750326322516303	-3.96114654469142	-0.4966749484385649	3.364756977254432	1.4231105452723731	-0.024880537108397337	-1.0116180491898792	-0.6299839870637672	-0.26382844147964546	-0.07775868127534843	0.23700159298207027	0.9212840620855175	0.6178882092642176	1.086585041551206	0.18954111758576342	0.17769300649197847	0.2096328218675149	0.10773982855429388	0.7043464277104826	-0.3290968375014273	-0.052850507406516936	-0.5584039828053903	-0.5829819020371819	-0.19311126856344527	-0.4897110710671858	-0.584052887740274	0.20649853792754028	-1.269622359239705	0.05314798733570691	-0.2641857106890074	-0.16954254257696544	-0.01919547435400212	0.35229355191700884	-0.2607400858201204	0.22566381092618684	0.17766436920625836	-0.4730764358495714	0.5225982636405185	-0.39192653654670706	-0.20360471685159132	0.222539389622898	-0.027531008214273713	-0.22662411063709811	0.5428074578103532	-0.017660509836952935	-0.6532608511084443	0.3433037937274174	0.1307361359855507	0.17525024143816445	-0.2895007454750732	0.13867326119649528	-0.16161448836856795	-0.26142316381581526	0.7388157163030593	0.44273834020426583	0.02640701062464212	-0.8872866995982499	0.1877694152379861	-0.7430141850530496	0.046895969034646455	-0.21406486717273693	-0.584947343838946	0.4844420884588974	0.19711841683620263	-0.808097679848052	-1.3420077749111228	-0.17424373534528015	0.09688155642162372	0.022230671260127614	0.3711765072741516	-0.25795766319316654	-0.32061794210974875	0.14416875633816484	-0.1004457659934985	0.11911709090676424	-0.11747932441497679	0.010407441667868628	-0.3492817595879604	-0.5840342066104856	0.38499599781016486	-0.018747958312858613	-0.06383989380188332	0.20610901565471923	0.02729077898171242	0.6419345219916681	0.37108054412163255	-0.050964143492789396	0.02207108193374637	-0.06454283839396141	0.1367092137559101	0.06087432187235838
DTXSID4057635	-0.3166078494451425	-0.6015705598591103	0.15203502944010572	-0.17470134731861697	0.9446927862120972	-2.431204461383168	1.7137086655849434	0.07090208702212761	-1.3263511755049342	-2.6527648918617746	-0.187442907750133	0.4377901800175226	-0.6899936418000443	2.0650146796408273	-0.19936551201649558	-0.5427708591885324	-0.31422123576995087	-0.37900375370611383	-0.1750757207680213	0.058673968614653	-0.8455687224344617	-0.5780952796048184	1.0835657310174698	0.006428122642071513	0.6999890328399888	-1.1261252602073821	-0.5065836245238986	0.42964390596243923	0.8458582810208598	-1.0831340331222983	1.330449841474907	-0.6090749661768908	-0.3895699914203352	-0.5720889584917251	-0.35953031965734406	-0.49194933167663923	0.10418315653768372	0.48164044925203003	-0.8284043287934605	0.39452848968504034	0.4757251402223759	-0.3887304501236319	0.7254716150936942	1.0588847153257783	-0.9603710540974459	-0.11068745687417922	0.11555896344557914	0.026919490943277793	0.5653646625994222	0.6933714644932113	0.10952737067428873	-0.06864996812845081	0.05977383181415194	-0.4434706683852325	-0.25621785989436724	-0.5490649198238974	0.45303660708486715	-0.5191679778189802	-0.10050703652942104	-0.7474102815273199	-0.2514268733147597	-0.3246373571468989	0.5988544945813196	-0.29194699035083865	-0.4578237499028876	-0.5505669377722429	0.6254252619450057	-0.3380959576986096	0.12428497014682366	-0.0530236453304714	-0.06470179555897994	0.4415213323927199	-0.5484834799642169	-0.028667122649090705	-1.0004754938426028	0.29018638953832554	-0.11648225854415639	0.01709491992089921	-0.09581336949574026	-0.36684723235638406	-0.5671452356343213	0.07731221291911804	-0.02444670076122883	0.25860347299719144	0.011205811621000481	0.0384142394182269	0.00480291684460715	0.24582413531722938	-0.019755674799334	-0.48023632129457433	-0.45628480003962174	-0.18454558328398799	0.07589664056601136	0.3938428799565543	-0.13638711527468525	0.046172704807641816	0.019939243526099694	-0.07560699580430358	0.5933694720787354	-0.07540682385077412
DTXSID7021653	-6.275858430912226	-3.1629823229424003	1.7461866059406026	-0.3695313715627457	0.5047703617077097	-0.6792693812661416	-0.5664258401450822	-0.7053729734510721	0.17235561134254143	-0.8672454335923221	-0.5567576665013042	-0.05840113679141448	0.30409237348875884	0.09617900138442101	-0.3733973461913119	-0.25896875608718245	0.31251287779638576	-0.4529855731468038	-0.28865222424130954	-0.8136141497406367	-0.1346865077554079	-0.2924245362013355	2.329933416843488	-0.1384376770476832	-0.12795217790514446	0.22323307486737182	-0.07050728699623672	0.3045297012502523	-0.09454865086294506	-0.2216843235509193	0.294371496289295	0.21111663177574455	0.2916315518513438	-0.5113522102903484	-0.16240668774257938	-0.787706644106189	1.8690385692469105	-0.8515351349190438	0.8616409121551892	0.508365176749962	-1.6721906140968568	0.429517395956094	0.3826462275545202	1.6280800883137398	2.3573209822461294	-0.04962687779004755	-1.9528689811837274	1.9170898438584727	1.139200278498085	-0.6630502528647058	-0.12460906240410961	1.6194089493049366	-1.332907799453768	0.06029308938293975	0.12106994366589169	-0.8203244305105342	-1.535416106399576	1.101266722945344	0.32085158255113844	-0.3185180672191795	-0.2926733115979861	-0.6397611159424071	0.08651643410377913	-0.619836706976352	1.2048794131769185	0.41312270313641813	-0.7434146428871855	0.6968682691252224	-0.3248671412036601	0.08193178702504855	0.06770714471761496	0.48554464664989777	-0.35449199607544835	-0.27108333823299724	-0.5017048548548408	0.644926546627423	0.15238744645422667	-0.4582069000557333	0.04604476342333221	-0.7083768165181183	-0.9047220280385196	-0.18286641010214374	-0.07199328093337025	0.1636018312027479	-0.07432450615251829	-0.2643508872012351	0.23383519330318345	0.363333203870945	-0.050975472293027194	-0.19905863871878798	-0.6433736547288732	-0.19111179777329418	0.05106385720428209	0.1104044422956691	-0.2621466836092718	0.15007400609758387	-0.20837471368489127	-0.02960127856215345	-0.09074382451962477	0.12998343004089832
DTXSID6027268	-0.4650071534046389	-0.2132109946042146	6.617326069506734	-6.160909196443665	-1.9295789426693217	-3.7913563076832766	0.5110182447775057	-0.912898029305874	1.6764983336682993	1.0348847894672002	0.9488679942758748	0.6551370015196332	2.295664060678724	-3.148188820855005	-3.641639871960084	-0.8643458038470808	-0.4540890814347122	-1.2663749179918957	0.10276462994285449	1.5099640883575378	-0.3346106774396798	1.1043850029083992	-1.1329449526696498	-0.3223594539183723	-0.8603800969700532	0.3863995806541675	1.2376478366188433	0.22226318377651558	0.662819643831026	1.0498718029045966	1.2048727043626792	-1.2975006869783905	-0.377209958096354	-0.2994969301738804	0.45205290112407026	0.6516567307847879	-0.8430586388669352	0.12298914526162705	0.05237810628870297	0.7359066663554161	0.19334657472165082	0.11066628719045467	-0.2475096940996289	-0.20880006737623555	0.2734311763758361	0.03855057495646445	0.34807218875849505	-0.3959053520964458	0.09235333176850867	-0.58313533473285	0.07193823548290532	-0.20284462908302994	-0.2761072612566294	0.2864114335719793	-0.1716391911673037	0.17235322335939826	-0.35527572561938475	0.2632854092181185	0.17438210936077672	-0.36286666909668136	0.13119103363213186	-0.46531540326323456	-0.2873345783373851	0.09653593767383822	0.41753507260910366	0.8411582443822627	-0.8593051084617708	0.5979553628460731	0.09009728954722511	0.05785908631251577	0.8251999064754694	0.07675660965141995	0.5552869700010766	0.036206502121154255	0.32803103794849414	0.008390628210781596	0.4506334434651714	0.05457614201753619	0.2576713258001863	-0.0781771249387405	0.7259561938569099	-0.035792086536264346	0.05266132108067866	-0.11818623052033683	0.2863344420460437	0.09461972363169048	-0.29494064502737133	-0.6535016350321868	0.11397627340251001	0.07622791098507552	0.07356205514428535	-0.16517612463047446	-0.11161031694175168	0.18929422272433627	-0.1321215569017705	0.3020818817224429	0.019973440034343405	0.5422122566727823	0.43735560352323366	-0.23910019815090255
DTXSID6045373	2.1278443155268523	3.4526994647302978	0.6690987405915112	0.387437076439375	-1.8225492491089028	-1.9146579138067668	3.4580254674422326	0.6110584618158351	-0.6349878066543995	-1.5131755192863996	0.0412541248434606	-0.14831561559790568	0.2015645647300207	0.95061902212731	2.224882972718537	0.29964417282531053	-1.7295917639205443	0.40926701695341416	-1.3245282272581598	-0.5376796169012853	-2.1983028830723006	-0.8624330935748609	0.5873261427333949	0.20727652845920755	0.14060172209225844	-0.3875325642888964	0.37136467946804724	0.8292408508566316	0.21076409320223577	-1.4704603654862338	-0.5057321776473971	-0.8294121124453504	1.1860833998182692	0.5568667450669805	0.6656624591935534	-1.7730181987979146	-0.5698760252489155	0.17935159977021906	-0.8994899913462403	1.1892314958118595	1.1624043051470034	0.6651321139611114	1.0099377104823704	-0.06733537449675855	-0.5822747302626701	0.6022977991372003	-0.3880405806162635	0.1428149438649258	0.9568529090034134	0.0010311109000008681	0.3349724615213693	-0.4495762015929576	0.7991682978500154	0.02250992811174084	-0.035714079976394406	-0.06458809554956682	1.077159140359126	1.1481130545109428	0.26114691507456195	-0.9730005568546282	-0.271694915341023	-0.47424823476671657	-0.8781302594958955	-1.1587146305845475	0.2970530636552123	0.8290645443557211	-0.19900070040794413	-0.5608032838256566	-0.06760820233734244	0.6770290349720507	2.1513372004937694	1.2434468499445344	-1.9805933535554472	-0.7395595121825566	-0.013629444215473891	0.10670415304265425	-0.5660111101803601	-0.12312900995425007	0.06544184987423363	-0.7978925545273464	0.11019745679391584	0.79413289845458	-0.6215720517328482	0.7760594723573844	-0.3214076184405368	-0.05106619667445626	0.10243600901078216	-0.04862613483640163	0.06837395368939804	-0.1725057009397678	0.3908048288848451	-0.16092205932143797	-1.0523595277228404	0.5977503737603056	0.012563641904351249	1.0926805961421286	-0.13657129569407653	0.1389389706273519	-0.11480911929036218	-0.1275695291616004
DTXSID5034355	3.726746624250114	4.000026110950574	-4.193979698736634	-0.12163926030024642	6.108969163461591	0.9360267990236419	-1.776689425193577	4.926537273201165	5.7410115847113	0.2856954366459214	-2.6571820148778533	-1.1419794533692358	3.0976629900937835	-1.1308283891757223	-0.14077157365477516	-0.08852338010019993	0.010388940608955458	0.3211888307579864	1.5590110060659366	-1.1568296097728397	-1.569114815764064	-1.443367343164224	-0.32959056663011904	1.4353701741788945	-1.6281701076729505	-0.569408285546494	0.6114214742780002	0.8700091551068682	0.1491680998796882	0.11894546772250035	0.016711692553580404	-0.39617682535434307	1.7377291099283165	-0.15566103761413078	-0.2496151691790586	0.6829353366652355	-0.08145863815791106	0.09424914273644694	-0.38483575573222095	-0.7538965225249534	0.14214234876382498	-0.777600336126946	0.6102139266423412	-0.25253592811478565	-0.16216935835531876	0.3867524978092791	0.4534950472305319	0.5179968216358838	-0.20313448369889178	-0.25772366807324315	-0.22690791239680333	0.37051139258835764	0.4263535399386388	0.027090813631078615	0.790537629016597	-0.17620304622358834	0.23369427391110892	-0.2653173187333232	0.023810425260182115	0.007107281776715025	-0.4037784351456917	-1.5872204666350598	-0.5161923908111765	-0.16351511147096903	-0.5889875092718839	-0.51652303837821	0.6596238399589514	1.415881878939774	0.808043358147593	-0.7003742326114847	0.9121326482848647	-1.5331066449827808	-0.020551746876457347	-0.1937699922798486	-0.916834100724761	-0.14414197490743888	-0.5303695165844466	1.5113162495850858	0.014038804899421477	-1.4010544472528914	-0.08711227440924302	-0.11466344992486344	0.7120570932752878	1.0763000286443958	-0.2948012117540252	-0.06137551338698741	-0.2155027617857942	0.9427564256262364	-0.7154583407243867	-0.5143584194780364	0.548521632431076	-1.6528632556624443	-0.9674314174943439	0.9059767365700435	-0.13129787074989752	-0.9978220834016169	-0.34027543283664413	-0.4850108603246013	-0.354887530460418	-0.30481999474309396
DTXSID0047379	15.386109272027385	10.35311227896361	-1.7445516288570402	1.5463031272321843	1.7239774648596211	-1.6537265417875895	1.001357652981065	6.429751678187055	-2.301200523642088	-3.14886753751825	-2.2927953847024938	2.342527380406074	-0.022526248672892657	4.442271085128424	0.5312240539403288	-0.23884707988675513	-1.5816003254335738	0.21389712530152763	0.47549502707438296	-0.20618881131720398	-1.7430922146462082	-1.8802425866187282	-0.056745591216381494	1.4078481664283358	0.320618872684316	-1.825197777737263	0.40559590569852033	-1.221904480585497	0.9016419737095667	0.5345695339139434	3.543928187652787	-1.3747076146850365	1.093596768817992	0.4525120477422722	1.159976271902688	0.10353724279109919	0.6559604069812836	-1.9200540364291283	-0.7245095666197044	1.0554614286535644	-0.33851810423673134	-0.22820623589210393	-0.3531879267427329	2.5319275456067567	-1.878779291587862	-0.12272764761326714	-0.05737255144421117	-0.7183613342062529	-0.1675354304784779	-0.04764703353399528	0.12801846994899013	-0.6285808546388	-1.0423805684560274	0.06835268916542739	0.4388296930878936	-1.268508266788036	-0.12588006553710188	0.23358281866481764	-0.4683923276472322	-1.3612981917889544	-0.37577402960202355	0.5990252547485468	-0.013243824238282928	-1.3451598079910199	-1.0364140449492523	-0.36028947065095274	-0.41329456768293776	0.7599412549421852	-0.6899865204518876	-0.1856780668159348	-0.7554021069934911	-0.43828653134849704	-0.6655734554244639	0.0015519445129039766	3.1131825713802046	-0.4656065795285485	-0.7471388834412755	-0.4219636158600288	0.5184538893079536	-1.9906483565083992	0.17998459742329437	-1.7281696067536299	1.2273846468171634	-1.040563746643567	0.13881070682324534	-0.8436015506055101	0.7388889654640124	1.0191623499417453	-2.991990989701443	0.8225659045142261	-1.0704745411531735	0.9292097573634458	-0.04556668795062893	-1.574530290181674	0.546393816516054	-1.0585284741025038	0.6938495326577387	0.07162617161325717	-0.020148192569635487	0.8892476208934493
DTXSID3044758	8.971687073483706	4.242831962485256	-2.481931243878183	0.5020486746478078	-0.032858752493637976	-1.8492705143674888	-0.9487575360443883	-2.1958219063730704	-2.0465662558365088	-0.7831087882474235	3.026737509811826	-2.0952813684854603	-0.24175911975809042	-1.3507538462294486	2.0467073438449486	0.7303350503703502	-0.6077041309396022	0.319203745972807	0.40412675569411394	-1.0512133259158378	-1.5717086877961526	-1.1588453416879738	1.2400509907608643	-0.08206756976597687	-1.434498056137367	0.25761838322676806	-0.005536551231949403	0.18174695358145657	0.405507328120849	0.18479808210437093	0.6226063060371022	-1.4972152433127768	-0.10986481491068546	-0.4825287435926211	0.19852417215850843	-0.4808987567207812	1.599138756741576	1.3690612405479698	1.1367814622540207	0.0832691894233945	-0.32692016428925924	0.03609604683549443	-0.9232426554094721	0.8005331660933295	-0.018298304308772464	0.8245613601781192	0.11787839760024948	-0.3166590619877828	0.60220758626755	0.5787509627441213	0.5582963389481519	0.37425714571900287	0.2391612699648372	0.1862247347323766	0.1509868283834477	-0.4217278011112205	1.1274898967525142	-0.499358023065656	-0.031032363700252093	0.9390924814677238	-0.6024010903451468	-0.3160500236430343	-0.017745918652202763	-0.9159376493837459	-0.5822940910535644	-0.942619722152829	-0.34351976042639343	0.13431998420843727	-0.6423760401439229	1.9741807541006502	0.14098080599293272	-0.7843307873247989	0.31697840419511636	-1.349673025636081	1.647022476026693	-0.8287278911642859	0.6229645543984961	-0.8421436966003107	1.821182603463583	-1.3382137775752043	-1.5812545171608239	0.1975748377856101	0.022943876907978646	-1.4354797914464605	-1.023278974516002	0.09555373950861164	0.9168619098944458	-1.299077009901201	-1.0215108429351807	-0.6185721272302053	0.5121806837363175	1.1555008391096937	0.7954561179557889	0.9736132927950327	-0.40000047315860304	-0.6843864492332389	-0.590055959889876	-0.6554400721621668	-1.700747535548477	0.22634048642931304
DTXSID5023037	6.405414257153671	-1.3504838151913292	9.432881471560643	5.784366317616759	4.187581196748967	3.8915617037515977	0.14662677953430772	-1.151800366555795	-1.369653496649362	1.3367180004899641	0.031996811754267336	-1.0234695639239586	-1.1775632718758136	0.4965102436688774	-0.22776108652269322	0.9255990393487603	-0.9655203150115834	0.20978572925566508	-0.6965338402837262	0.7166847917495002	-0.3611052992664408	0.19162777544612192	0.06812437402202154	0.23688643896926959	0.5176772946953485	0.2690460181200598	1.0545322772194528	-0.2215865973366222	0.06295759893015296	0.15006459388473914	0.6988328414659586	1.2051098410534495	0.4263225815666201	-0.17259977924001316	-0.5427219592365636	-0.19559010442768654	0.26369284661102516	-0.8075914143343856	0.16355342790719182	-0.10669513277538528	0.0984484113268363	-0.40233198477112375	0.12359390880452079	-0.4371575126443512	0.3217796616271764	-0.5057205303716393	-0.7078247872841499	0.7075091048442531	0.16948631245137402	0.6084650015015478	-0.16339410005034793	-0.07048077260492996	-0.0490604253891914	0.0900608747407505	0.3405725976369897	0.15282307364129022	0.252638336090597	-0.2812515567963559	0.2505885051768261	0.38190861413218724	-0.9702558465475632	-0.19591841477230737	-0.009185635224449257	-0.2641019075924451	-0.46701801979969604	-0.5000172473054557	1.622349091145241	-1.8153329333444992	-0.17047968892998272	-1.3771470796455227	-0.644211558610417	-0.5474344933235692	-0.9960020256401082	0.3870410047741974	0.6617493741719715	-0.4576988388642169	0.6043862836895952	-0.24958770289463497	0.04082416099776315	0.2709955068926333	0.1808670971266906	0.19283116006813464	-0.13379093560498506	-0.06150758936206243	-0.46010768639182587	-0.37827019026069314	-0.23004520914249965	1.0043384064925296	0.3989759748813155	-0.11539865768650542	0.11671040409596521	0.14849339461189734	-0.068014759260587	0.355584033955613	-0.746940533882246	0.022616271171441518	0.3254211654613269	0.6444382231605946	0.35469341191630044	-0.6156620076845395
DTXSID3044201	29.41962574497293	10.012563488850878	-4.267439286071378	1.631088495629788	-2.489993906180246	-7.742214610611118	2.4265803334031113	7.244620420080537	-0.3519398618191414	-0.9700059915909609	6.849031450774859	1.6462756448740987	-0.204719404393008	1.8976810521231575	13.103404053262597	2.9986922287937903	-0.7383106891766416	-0.10787008359098903	-6.478721398380763	-1.9676408218172348	-0.47198455791036165	16.4033389748911	1.5804745010176653	-1.85607005883398	2.162898495689986	3.036154422650969	3.711689670220163	-1.0871955575690173	1.6876151568147564	-5.191586081593433	3.9650160367123233	-3.2185568609790782	3.978196416130919	-6.725353173389851	-3.9091617158804577	-2.4853511518662885	0.794554195530021	-0.4111561243864293	16.474024421201744	-2.2856442403210786	-2.3435453438957796	-11.277966407193624	3.2253655208372236	-3.803556141104401	-4.900286971880681	-6.995404352989039	-3.521767840562117	-0.5241240387763065	1.784253918889387	-4.212831213617174	1.2142084587258881	2.311209294153164	-2.4200243306040807	0.37518621712863903	-7.372474996492582	3.790453447213544	-0.46102173490437565	-1.7429483681136488	-2.6709860724078838	-1.0876580550751747	3.147362698828847	0.013056177723858932	6.226305408824882	0.004580841578471706	-4.287933742659608	-2.457059496473832	2.5376604269249268	2.6171638397643076	-3.764158911388299	-1.0894577763836137	-2.747251058786835	0.19256806964016354	2.5380559577010837	-0.14721510835907758	-0.4905046984290208	1.223023540948105	-1.7783095693736195	-3.015791813386981	-0.8620327448207085	0.19416803798207868	0.897176290030798	1.567471645050563	-2.0443995132487434	-1.0312446021773305	2.396989294655608	-0.20846370068934464	-2.5083027349428764	-0.8160372924371104	0.3173330340384281	1.4749105101299338	-3.3123922281527935	1.8398538910675288	1.668845222759223	-0.20015733359909557	-0.3816109627861659	-0.518909275407234	-1.8231172397080624	0.5537754973713577	-1.3919856019881867	1.2577996906439677
DTXSID7028300	-1.2175705232327239	1.3338076793717608	2.826678177183703	0.49234593719352465	0.5432516186368906	0.8892100057283523	-0.9515179919807959	0.8734078868587295	-0.06385398328508608	-0.6977579496148015	0.2387924987967152	-0.07607500438674333	-0.47432025083078266	0.6732901039679365	-0.8003024162213918	0.8730033842443783	-0.26587524643868277	0.6004091527456722	-1.7347105838068393	-0.15191260799390616	0.018287926665899765	-0.7076929149837505	1.1197150805124	-0.24477496755186728	0.9753626450636628	0.774047408798112	0.3835334488952503	-2.255980802448925	-0.2458975997422726	0.34798395147557265	-0.4989422907053842	0.4516248569842358	-0.49861875106889814	0.22406437444498775	1.5834810278685962	0.7379180956117514	0.37246270558044914	0.779775657089586	-0.07121568724174404	0.3639428993480654	-0.20767209829832234	-0.2235058400667232	-0.14528633430113286	-1.3331654728889462	-0.4009506225775129	0.05719409910702385	-0.3555915515218306	0.31074313139261106	-0.31432711315085143	0.17001422281798745	0.06733011502769734	0.3741811091847154	0.18621617532065352	-0.3103359516260553	0.2675433434516903	-0.5143098239214985	0.5356808316864101	-0.15374318058830388	0.3178231583138636	-0.17485883779214068	0.4622500625847424	-0.2135220798286355	-0.5700764186590347	-0.311278468709451	0.5074758829962978	0.598598040977877	0.6275939173997788	0.07632386112211796	0.26262859196668403	0.09331347041764272	-0.04410370679194642	-0.31502053578828226	0.3637070904300717	0.6303557533861132	0.4850072272854224	0.4493684182409126	0.2893084430883745	-0.06907377103335868	0.05514787164457003	-0.17602025641749616	-0.5401871992808388	0.3229784300131293	0.12841433550208958	0.07339046320254772	0.10098591910672594	-0.29305288077782715	-0.6699627672090377	-0.6265389962173034	-0.13799154636860245	0.2780397834579632	0.22815188173660825	0.5174993578378695	0.06124979652394452	0.46720414514434716	-0.23114910200592428	-0.18635641966594907	0.40177404642650805	-0.06639823373517804	-0.20576838231829045	0.22771986067360644
DTXSID4047098	-3.935662792827726	0.3566913027407395	1.5628057910098045	0.9016141598973143	-0.11867803384026847	-0.40798867195137006	-1.4511411376603982	-0.44960605526065267	0.9566568312728185	-1.38534376793873	0.16123597893072356	-0.3030002181730597	-0.3321907802945367	0.28535792434615603	-0.45273009577692547	0.08653635955656154	0.7333624202006408	-0.034811277616894044	-0.34513811932244515	-1.0645991406915787	-0.044314898360451625	-0.5318521582002382	2.0670449861291247	0.07310491772590078	-0.19057956348140634	0.6356748196890236	0.10460497569528439	-0.32098663893599205	-0.0951400764888874	-0.6059389557834187	-0.020181960799163793	0.4041188163089217	-0.5130637048272445	-0.0884319434990568	-0.13548608222789585	-0.8719500322432159	1.5740024291935921	-0.5952928396679632	0.013817758637240682	-0.025819208818008733	-1.4607434104931372	0.8109323963883602	0.42081773257844945	1.802819132824193	2.162090102385976	0.02349395694514142	-1.8397832305039314	1.302160452993437	0.8526142764594178	-1.020716222155826	-0.1665680342622457	1.3940988928612343	-1.3980494620103205	-0.1006140748371626	-0.3157201123310787	-0.9342178101215195	-1.9192301437877086	1.3382335717631633	-0.06815507741508736	-0.5977707174267318	-0.3962472735514318	-0.42960215382251954	0.11907234692137075	-0.44535375354272955	1.293643312994552	0.09483272905204641	-1.5383165591996337	0.885874812587224	0.015663781806994757	-0.08038508158457167	-0.4892810235899571	-0.23127067991602054	0.6734145005201316	0.028936862739367086	0.2415570878457595	1.3392927152743308	0.09125391910944361	0.32999919773134706	-0.3583612711809745	-0.11503796571173168	0.054319189077545155	0.03971609771799409	0.1071948783871721	0.5201507355856295	0.2847969235172599	-0.0004752947269254033	-0.4472086781980435	-0.12639262188091097	-0.12244769742494957	0.1973038257280287	-0.0656310823563148	0.11453244071185602	-0.23971351103247046	-0.06648897450207407	0.0504713110893006	0.22216757323781627	-0.037114221273870554	0.1585134722549807	0.16035134317420813	0.21415955482551896
DTXSID8057724	2.2931932170432594	1.0701800620367716	-0.10679632686623927	0.2264988673983865	2.5930440261037546	-3.3353418497974348	-0.45447362731024255	2.030312251644073	1.0272734427698988	-0.9203889614490587	-1.085656327635875	0.26921840465058045	-0.6366046710391575	3.618801665569801	1.6219497229796	0.5175324056029464	-0.5645340808038483	0.9622392053373965	-0.05843846248998439	-1.1563066786494358	0.47886456594432375	-0.4737439816468711	-0.23917001272132568	0.5576083686504604	-0.37389935795580614	-0.12323661374072688	0.1173286231284406	0.2981677092443838	-0.7165671927730476	-0.455248823907996	-2.276019142831076	-0.27712195164270303	1.0181815909537004	0.4583210356321951	0.7149236627448822	0.8110332209940022	-1.7179596566634443	-0.11599773082109543	-0.235243258877291	1.3663519579647205	-0.330193871471608	1.0026764808717157	0.1924362413337132	-0.4337474102469049	0.4037933262748826	-0.2759522622962434	-0.2231393842179917	-0.5979264141175042	0.19937424680411908	-0.4185577810140822	0.10109790617173582	-0.42647455150390157	0.4201286523502752	-0.1280923058609095	-0.2128670366693544	0.5013534309058454	-0.499118564144482	1.4484823736658148	0.3419687113186853	-0.16658089521133332	0.008743039921723832	-0.49699447207163955	0.40570666062214633	-1.0070839473796698	0.22968775690553733	0.009823876716246032	-0.1355772393115562	-0.8502561138374946	2.075090773693616	0.530823203549254	0.6226053271007393	1.8393113956953087	-1.478338648150193	-0.43518962150114643	0.5023027652872258	-1.608018384183772	0.016522432467832054	-0.6783303287694585	-0.4444343975687987	0.11162131295777865	0.40506218987762255	0.8481931527898152	-0.5414831840849664	0.8116637734706433	0.6706652459186383	0.7078815648063752	0.1782101094516624	0.1480473955787724	-0.16521813496993376	1.08515391571372	1.0958902245361208	0.7440691732462401	0.45718485886513155	0.6411919089756761	0.9956688526213886	0.6144225256121771	-0.3522362016262221	-0.16915977384192055	-0.018101710400356276	-0.19278266828307267
DTXSID7032470	1.3626449253582618	-1.9574491334864983	0.18580384116733473	-2.1437926553620548	0.5968378936608701	-1.0494687096354518	0.17490109222153669	1.6074286564390599	-1.8185252610870373	-0.8611311150957593	-1.355580467739587	0.04846618437571254	-0.8019739866507057	1.480116748885336	-0.20946535073170736	-0.2040184054582822	1.237130362822676	0.09632177300414746	0.17946064960953942	-1.43720258756314	1.076417407064771	-0.6724437620395484	0.9927459034324725	-0.11098068670422266	0.2531299612557395	-0.43505459639458	-0.1613443788526861	0.06741307321125926	-0.02548068834360662	-0.12734908102615408	-0.23535181063982358	0.25747892144605594	0.020085729150220943	-0.08241689023438059	-1.1273800694322615	-0.595627535165366	0.08243213014901979	-0.08693787289402849	-0.6554564658315922	-0.518200367216644	-0.05787826341600815	-0.011395740766320698	-0.1418306049729172	0.4163884279077766	-0.2251468851001182	-0.1685202774601167	0.4642499715300331	-0.18659949021744957	-0.12938009056838048	0.01105437702695742	-0.0718339518258428	-0.29326619428847966	0.34979326019436735	-0.2710672019001312	-0.012716600875713146	-0.3482413672443271	-0.014028721427001128	0.06357528710944277	-0.25594664522522786	-0.25786567956927864	0.39547990184283716	0.11988479017114573	0.04160701522620761	0.4717603038730675	-0.3617287781425968	-1.0795458664412705	0.1279345773694123	-0.5829256567865156	-0.768596242453844	-0.009270440366126696	-0.5226989136629828	0.19405815429696646	0.5778692025269768	-0.1848409794793472	-0.1614728374810828	-0.1284912305689549	-1.5296441110961057	-0.44905093226954584	0.04207872045001387	-0.5944073488784561	-0.40196666966647165	0.23937714309178265	0.29115268260277233	-0.3686603390871423	0.22811726036594415	-0.39525945305425647	-0.389076030879218	-1.1241140432019632	0.996554121239628	0.16396578160412814	0.13190430036044454	-0.6609441080372366	-0.2627631542164612	-0.19050351075478505	-0.07747523670076294	0.5302708382536587	-0.2808967336983393	-0.3505134990532629	-0.28510390142255676	-0.002425960949485978
DTXSID5044990	-0.07602261244745413	-2.122409373111325	4.365630735230684	0.1705629001675998	0.6341091094732505	0.05066133969117507	0.054652823415585854	-0.5018287298256542	-0.1188327444667892	-0.33873048357710656	-0.9776734995205623	-0.3622795991219505	-0.5783282574464913	0.6743057442676434	0.5259071921358613	-0.6300191085386133	1.154493442140778	-0.11047939316151366	1.0912704516738514	-1.1899401707414201	0.03486651056179889	-0.12511934291669657	0.5606661811365359	-0.3472640223130822	0.4938667620483073	-0.43192070896919743	-0.6031781535742339	-0.5407458137098171	0.2715001998968249	-0.845622586049835	-0.49749609693471064	0.6132737767685493	0.1972905294402778	-0.08232346492047454	-0.6009848633070145	-0.11140335890346624	-0.14734228693811824	0.3504005946472796	-1.0717444933240756	-1.0063572726162346	0.4313646951272205	0.06600325674711675	-0.5220561473471669	-0.3779600798715772	-0.2881509769100174	0.3188435739669641	-0.10082083016026412	-0.07332921305622521	0.056439363423254695	-0.2899263927138185	-0.14115047496087996	-0.2825850522573747	-0.0015740823876120998	-0.10491507177953231	-0.304580211055872	0.08404488994153074	-0.07034255140536992	0.5157694058787773	-0.30745705333836093	0.12153578105211088	-0.4990332637440142	0.10435334907248787	0.7026176774334105	-0.8407717292750096	-0.43464253460702296	-0.8363568487120772	-0.830004772684203	-0.014557018357230334	-0.05796566824101233	0.4150850217219354	0.2545624141694174	-0.19762032229675985	1.3582502671621732	-0.34234586160139757	-1.0960245329932983	-0.010170207645117701	-0.5310934222849979	-0.5097603655703556	-0.007422573674911084	0.0050026628899935595	-0.04992224495045899	-0.25195178427929804	0.5215294895636234	-0.2552846767181806	-0.20953512459734108	0.016690207460929807	-0.029774804151866615	-0.6684536911117299	-0.352747028501874	0.34790804253257257	-0.3065204919224494	0.21599073587301942	-0.3247625301759864	0.24288895163463667	-0.2524769954395688	0.004737537298165466	0.08318507901218694	0.06935948789557242	-0.18741560745188005	0.12376553386048497
DTXSID8044888	5.600064500954681	-1.765095762290155	2.4030455354165774	-5.140226188062809	2.449456337547004	-2.4464591588828903	-3.0751191628089343	0.9593000106629322	-4.183875389986385	0.6548811882502696	4.13741287448142	-2.667259807676771	1.5091977133721914	-1.8694340924456072	3.3931638869823693	-0.7943273669747754	0.053456451509700395	-0.36170958779406653	1.522990883731664	-1.082836175116091	-1.6417367697392293	0.7808513251761201	0.8493315434857053	-0.7357678035220062	1.2161124883317864	1.3906995867761573	0.11626769527906673	-1.492463292611051	0.073888592334128	0.08201971782390528	-0.8014774940824698	0.388153838656206	-0.2142279751318092	0.5141659035625259	0.9583917915783957	0.15848095064492326	0.9707243116787538	0.4725488674754041	-0.07392096617332687	-0.07375945031038979	0.009280434032671345	-0.2747001187626478	-1.225734981303382	-0.42068064504653097	0.6093219048959309	0.14489205605250716	-0.01806245583964405	-0.19048263728478496	0.4893203810605716	-0.08329368806231935	0.04616058470070538	-0.10486035354812341	0.40229977679508083	-0.37538747668948025	0.526606411220664	-0.6034935670828994	0.08475051201459928	-0.5440664507848936	0.20384925322140277	0.8721295789374478	-1.407906959562014	-0.8167656406072784	0.06680636003187569	-0.6492580583227792	-0.057009852150471614	-0.7255751334945246	-1.3912810873065264	0.5200929358820251	0.2992789260868269	1.019436806376764	0.7410547395285185	-0.5670916623204613	1.4345274265791692	-0.7664872308410263	0.21698943259950054	-0.0198280671710215	0.3997719407523862	-0.9469856826421298	-0.7442322172709405	0.4573294638605076	-0.7129665032205843	-0.66282428542535	-1.4430026512875647	-0.7068060815954449	-0.9412361382536653	1.1747245847231236	0.6527830987431036	-0.2543632573586393	-1.1633162431411128	0.3371213269843072	-0.2867527308354249	1.136680947300708	0.0018032058051115545	0.272615877316547	-0.3746672872698648	-0.075204469795754	0.6342751685816497	0.3427401076951192	0.25327689829723815	0.03484200867433561
DTXSID9047257	8.674483053024321	6.429085728004037	1.836282701708727	1.8704292366522939	-4.292099175786869	-2.397716073646009	0.6814458746838652	-0.24552208168542172	3.5102807340656765	-1.841620366577636	-0.34545526579896724	0.10552793624462298	-0.9381081561806488	-0.0015347199983155025	3.9845328523509034	-0.6584676316644065	-1.4777665344306163	-0.7307583587179817	0.42114830864578867	4.285083394999966	2.916980796767362	-0.900301633192253	1.4566148592192276	1.7854751197455894	-0.8628627744622419	-0.38690779475340487	-0.18417989287688943	-1.1925217927087617	-1.2713682161430284	0.23117778822784882	-0.10994468234270371	-0.5684184887966385	-0.011546771069504603	0.07207829387076858	0.6115890087999368	-1.24447580198712	2.856542176080578	-1.0747708171759562	0.49933344418698966	-2.2676760752114102	0.8752175190031747	0.8334619369773544	-0.4303723661908374	0.5454931961197889	-0.35022751407341407	0.058856749015258836	0.36135550150440565	-0.011490099680570864	-0.4178711292157446	0.5253625119407745	0.27416156058736374	0.9051068149428615	0.030087443694834414	0.22030968930338865	0.7760054387909269	-1.1719432871415345	0.6132613387434517	-0.22303795700156587	-0.07541292930592952	1.5497120739555856	-0.6801534218408982	2.9028975001892667	-1.5609500194814425	-0.3492436294585982	-0.734614066447431	0.10049586246163715	1.2715817452886944	0.9896010096969053	-0.794803745453788	-1.020536846655181	1.92801012344491	0.04912364110706989	-0.34870869092405493	-1.713767261404042	-1.7475712718503287	0.8509118448053028	-0.8858465973509848	0.19342630928501375	0.29437895786388857	1.236340262543181	1.9464327263014258	-0.4597684466916704	0.15495109691947032	1.938219546786321	-0.028169645901423613	0.5410813889091965	-0.40063770268072096	2.132745844403823	0.7172781959323796	-0.9095691577742085	-2.9553256235031684	-1.0740402582507849	0.7402623879709218	-1.041079015208875	-1.1928466544524046	0.7101315276114921	-0.8610362146221879	-0.2052910958696185	0.03818266570242634	-0.21076048824220905
DTXSID9023122	1.4220641114992072	-2.1784075630993516	0.33485567906180436	2.3807816800888877	4.593067718814709	-0.9429089050786221	0.6550793785155087	1.8266483225792844	2.3280772977246427	-0.31479582809461343	-1.4036344835976255	0.7782117818313431	0.8775639336888673	-0.2843655722512323	2.1022248459957544	0.46320640162263954	1.9865424169436674	-0.9222059019888125	-2.439023073735341	-2.1118773625964633	-0.24564662180409236	6.400737583872828	1.4101773292510267	0.42421983162020255	-0.7982092584648103	0.6053269995641376	-0.6407473003422925	-0.38672367735689606	0.6990353967646652	-1.2153748282152073	2.241480899661734	-2.3067187003772265	1.7242970958835386	0.874585622382525	0.6045853818593014	-1.036550449461207	-0.5675683935712671	-0.012483116520518228	1.9029723583062834	-1.1038748315755045	-0.416078952547687	-2.885653430378882	1.2282988854025405	-2.7226234720336744	-1.0294705540140527	-1.2370918927698653	-1.3299261650709449	-1.7137554856913515	1.2225254287053104	-2.47236040371445	0.6805871462081443	1.7772212976844737	-1.4636760612857407	-0.20512188642914483	-2.4230617284157563	-0.9227998709494605	-1.016074676541319	-0.9245685213811872	-1.3606022911759539	0.6870641493963829	-2.5618851883214466	1.0153479741031362	-2.6622549719655937	1.1039230872952084	0.20026423368090823	-0.7796758927050854	0.058797842755433025	-0.29284202369795637	0.7196971038532038	-0.7339209897341584	0.19312849695482673	1.424461036849165	0.13618212301684884	1.025647812059442	0.9193412486461178	-2.165319391555565	-1.8053609520394542	0.3280259283704593	-0.11195774723944774	0.5126002287875698	-1.6030667914352923	-0.32375817127654744	0.21281798090482595	-0.9766635369260481	-0.9767278266941329	0.06720770757789375	1.5590400244885927	0.5112846703518081	-0.29433025830717446	-0.315127065149326	-0.7575339917238878	-0.28327950462100837	-0.3312182703067295	-0.3536399601884563	-0.18940933055735998	0.2851945981662011	0.1379182010141411	0.8122298459207706	-0.798438919491002	0.4148541312471159
DTXSID5024269	0.02871500848323509	-4.178241158977587	-1.9363878988791507	-11.72570137171955	-1.8929958210532998	-6.387368243555268	-3.3055331080201995	-0.010908458717569573	-7.0822055521142255	5.199527074263379	-2.284746024117759	-1.9483592944320869	-4.403601605841319	-6.315799866072684	-0.6240142635760233	10.74337441763983	-2.529361835423893	-7.888058602553457	2.047326659294235	1.3168494515248899	-8.934320058657852	0.58355812088017	1.837239684032877	20.964572179517035	10.315463139747683	3.1948962387749833	-1.708236643651037	-0.7378884261650243	-0.6087581577905192	-0.09110426374977065	-0.05783033294949932	-0.4623064632481186	0.6246050671813005	-0.9589287171649974	-2.708787670917403	2.6705225757693087	-2.107297353993618	1.2528541499487318	0.13280359077406922	-0.18050360953073616	-0.1450846560943856	0.8245808603108439	-1.9825772788434008	0.01457627226966167	0.43233189317214626	-0.6305395123960792	0.595800755641663	0.8734699925068009	0.06286137765799142	-0.03829772632426629	-0.07154844961858882	0.384777741221024	0.2523087885691762	-0.03436416858947016	0.48426721419234475	-0.01305565280317712	-1.201040345170835	0.5347503398247303	1.4815843481225697	0.4542020084202731	0.8695779967345566	-0.6103228090742588	-1.2559398495300875	1.5822748720722375	0.636030094765684	-3.297394242475043	-0.33119677290667426	-0.16985262771776075	0.8193686226335248	0.5898327588271017	-0.5236481842363871	-0.9090363504015507	-0.7098543454607753	-1.6395473183094555	0.7774069966759881	2.7810399426763412	0.44250884508116906	0.5387058017658366	-4.2804011440306144	3.5031480815690412	0.2933285703741526	3.3530730212849145	-12.242387488534089	2.285596291047787	-17.400813506112506	-0.11344517657923253	-3.840089122372209	0.7539186406664518	-5.601870098565022	9.757572247562647	-3.128770332026136	-8.836511138515078	1.5994598178101103	2.224080054873466	-1.7300830731734276	-1.4992342099821887	0.14659053911589812	-3.6538303819083198	2.402136102530209	5.393685907113425
DTXSID8026775	-6.028470725993391	-3.7295602704877266	-0.9674440227687686	-0.7885822837588533	0.9798965377556097	0.5319923762394008	-1.2458488223061026	0.3980987224252692	-1.7615600453920859	-0.2884292355566143	2.301626115312849	-0.9090901428045778	1.3681544661578515	0.1312394368289428	1.6853925069398954	-0.6135569761038523	0.44901538168837896	0.17058043346132884	0.19068061333980146	-0.763372912527612	0.16342121020722472	-0.07174538262699291	0.9240177855068678	-1.127834702586751	0.5794689803965554	0.6680162922347666	-0.8570818049275257	1.205894685424136	-0.6465604457514131	-0.13166264582412843	0.9529952778817441	0.47269897186536314	0.37936351213442826	0.30518227241183754	0.5224532967030789	-0.33392217730949664	0.7845894269879139	-0.9351266697563663	0.750623056896686	-1.219151414693133	0.04508401331361579	3.8670555214841755	-0.7169026239445877	-0.7471930907650877	-2.418953330630463	-3.518847044958071	2.3519517479249346	0.7183450768330676	0.9525740954088875	1.665139431673082	0.3239405981463605	1.4378810186410695	-1.0851532316662582	0.8635795839155705	-0.03913836099299525	1.3175072979191378	-0.3926960116958019	-1.4061359654698267	-0.38638077250511105	0.5093984186934598	0.31480754964721525	-0.8942110848847671	0.12915904370235812	0.015954968173205304	0.7777631496791477	0.09702621382704842	-0.5742882566953861	0.048004297329136754	-0.12799437947401895	0.08401290677769876	0.7919591507884818	-0.11150299210201355	0.08944850879051391	-0.07679750346838522	0.9164942918106175	0.013726665685315735	0.5765792764347814	-0.00805595339313919	-0.023347661518160836	-0.5494513710849344	0.04072810462601293	-0.018322379846900435	-0.5607726258539942	-0.030736720673043227	0.3479329858822158	-0.003948892907615373	-0.017934363434241863	0.05788271274848929	-0.2534980866804015	0.043079230699809797	-0.1896667375419519	-0.04810131325659249	-0.139458477086327	0.08789728806253011	0.16012341272400504	-0.07381885315694837	-0.2532465954823503	-0.1473577221022664	-0.23534007773588342	0.0016262121086023816
DTXSID8045513	6.24972877040713	4.018629504112959	0.062441343818259054	0.19894833331889736	3.0825410292375017	-2.4577755036253386	-2.254185761990124	2.8036152037312863	0.5958674577799927	-1.847926570428557	-0.17950530142619764	-0.1539053476807018	-1.310555965428031	0.7060229158158614	-0.6582857991051977	1.5374162644518383	0.8105783452127062	-0.42749825151414605	-0.659660586139555	-1.6535938643943167	-0.279690488386044	-0.03841275884679005	1.673303309426138	-1.0510273208483256	0.8620700647935051	2.732015081091588	-0.7077685929301705	-0.3552698300502048	-1.8104112730163655	0.2583177042748444	-1.4890481855336748	-0.8566129714908645	-2.06068262563597	0.13122646128086002	0.8685614596514849	-0.31357955845840796	-0.18530084176571499	-1.1526375107465918	-0.3765631797646571	-0.5600177216348625	-0.19538585147261167	0.8484320872199594	1.5429888375261185	0.7048891451727751	-0.7721936914493324	1.3654991505792895	-0.19186003443215335	-0.5641086553960377	-0.004422941828196109	0.5611881026158332	0.08104304630116728	0.3899897310863471	0.7353098065292781	-0.48910780687251815	-0.043606313551605096	-0.8299345198419161	-0.7049194730236197	-0.11455960410738183	-1.0151842867744543	-0.49818765980437524	-0.25806877767721603	1.2767977745398784	0.15426703517893567	0.04238634333261812	-0.014160559902016341	0.8643265561887402	-1.4030270876733142	-0.37532476141250887	1.1139781836688951	0.9437919948423308	-0.5975571077284196	-2.0376656453881257	-0.4663364171946616	1.1511173992692194	-2.0237204000629285	-1.309766903300506	-0.008906767499627157	0.3804986057367268	-1.0354561696387434	1.5666501605509686	1.0355377432320896	0.2562138666104119	1.4685697071638562	0.6634029181091994	-1.0075119394320953	0.01597839755166047	-0.4413918017148968	-0.014261015179538301	0.02061663341845522	-0.44547024107850036	0.5480571888016561	-0.054410984264255786	0.7720082336105009	-0.19500728255625316	-0.07935465476706459	-0.0202289168423516	1.13587713609603	0.21118312054118382	0.16136528583964643	-0.8279129679562028
DTXSID3047184	-3.9795920735324257	0.674308943742301	0.8591866490183186	1.6531714407576328	-1.9248523079614903	0.5886935671775421	-2.195983164009165	-3.617855607399242	-0.49943793104948053	-0.20309596196435767	-3.8854467877833545	-0.34046498050364865	4.220959079975751	-0.10687125944430557	1.1204306366326982	-0.47669041309782256	-0.9295935740353408	0.3251363684126676	-0.4042181046710078	-0.16202046432625763	-0.2886311055003158	0.278378721583741	0.35260436642205034	-0.641285727589206	1.7147785266106108	-0.21120947044582364	-0.8011609562170999	-0.8376122095362003	-0.4154275766338449	-0.18429133829824954	-1.4497232618521088	0.5055209306417476	0.4003284074377073	0.6070592683236	0.8882346026567112	0.6691009857383416	-0.6865318881008374	0.5146866455283124	-0.12024039804713402	0.1382091787132952	-0.3019215127379683	-0.3301623305451424	0.062175153604678686	-0.2083783971736501	-0.048363951220507	0.12880800500908451	0.16866115552887584	-0.11927481760713389	-0.1722022938984875	0.1366607490251337	-0.027624182597140237	-0.3554869265217547	0.4697791259927058	-0.34368684267247057	0.1583970154020141	0.3181555036796331	-0.3992796901026801	-0.1999896780417712	0.21898184548317365	-0.36863891733803583	0.38329359377193195	0.3136644666287719	0.028888115776866955	0.4030263118951711	0.2450478156745459	-0.5987646716097903	0.3919723221521071	0.7393010311277242	0.005439749256612975	-0.07219997424525712	0.18688589059934227	-0.14847889990409543	-0.4831675790885304	0.6393066543942938	0.3099073050860194	-0.22644499438419063	0.14713422892031344	-0.6563054772639354	-0.17667779913904488	0.2194935448570555	-0.04776239333655438	0.6252695073895879	-0.5636365120406376	-0.40244398858820557	0.21334788220150036	-0.16557527807548622	0.03904279427528899	0.047396873299616345	0.22479427952026473	0.21939221348570068	-0.32397136150157946	0.2622712206696939	-0.4391326294625769	-0.04978064403504297	0.14552138650254848	-0.21872387271503502	0.16761559892234384	-0.08384701303166445	0.1906720682715394	-0.0858533730030959
DTXSID0048505	4.860943439684117	5.109377939875934	-4.27344289133673	4.062579594063114	2.5774779396994414	0.22387757457410734	4.720762605910367	-0.48390732921060137	-0.8127772787601577	0.4469115537251081	1.7299526166900903	6.930250878584807	0.1365477386320253	-1.1701182523740707	-0.044100673584036056	1.0363487389032584	-1.9756787333222852	0.06340510216890467	1.5633581226034987	-2.793278645671155	2.444556747380271	4.44726734352095	0.19559707178417285	0.9711112234898011	-0.7642926569508057	0.0606944223293796	-0.25279171261494815	-2.2902998961441714	0.18535925868974162	0.4816875573902087	-0.03841648557964314	-0.04630190105095325	0.40613205427756816	0.13901003013611807	-0.771671938698262	1.1994780586140414	0.483388770997785	0.2608143676284628	-0.7581167874110943	-0.05955972596300562	0.09325583681072502	-0.5265412343198014	0.5013354376337911	0.1585317210315887	-0.140192461298648	-0.3937004978975206	0.9125609414014971	0.8611052847832745	-0.08603039548973157	0.4094122084610727	-0.3416607617035113	0.3963597808715161	-0.3467492905388985	-0.21671999010996162	0.41989327276535443	-0.6407786781147607	-0.34823191291219185	-1.0551961707502024	-0.05170575166287149	-0.1656613953103863	0.03469538249316131	-0.953008617008028	0.148529398989948	0.04785626114384365	-0.03785729155372049	-0.5611401086454814	0.26803388170614945	0.6441557523802336	0.16032446944768117	1.3344198911669212	-0.9816879252094894	0.15669767072222937	-0.21791682062194517	1.0381513527282422	1.2930443764405026	2.080024608278137	-0.09816874834166917	0.15333846207361793	-0.9143066512856137	0.07410428325819025	1.9388996083440286	0.010271458062494847	0.2667035929940159	-0.07546338378451821	0.6947879269872271	0.017463730366101955	0.687330403901718	-0.38494070663546665	0.9737870710744927	2.0623099021991336	-0.5384156596287473	1.3809351218193966	-0.385124474551324	0.4030645863545994	-0.3018508745475654	-1.6155186626185196	-1.5888778680374542	3.1048525296834737	0.8636012176694651	1.9030951802374454
DTXSID2044767	-4.7824106002120885	-1.2395396277485118	-0.8888743554873458	1.8612489195976494	-0.29896085973763287	-0.7388404247316364	1.708786196082547	-0.6160272802330802	-0.5275329100997749	-1.2618759419239958	0.592009156998173	-0.0634949729877857	-0.09407263912583683	0.31244761942216354	0.2199639058060656	0.2748736806053491	-0.5445411483749497	0.46003758466094474	-1.1935860345956713	0.024829158617235135	-1.22784504161123	-0.8623843491171078	1.0909256512495864	0.026396390714336845	0.6799302692018045	-0.9601247192892541	-0.19371062977511738	-0.007312654139151173	0.8836265194730474	-0.8779463813004392	1.5979335789488434	-1.0704181347921196	-0.8989573483301917	-0.5973554791896408	0.08981094848941477	-0.7570032472678115	0.07025262000004648	0.5334761151523336	-0.7902557491005252	0.5962812739890389	0.4603410537861732	0.024390211493805325	0.700693272551939	1.3716185446795794	-0.8631511038020284	-0.06360996118083491	0.2729255389002257	-0.4566205213820727	0.46167267624402736	0.530270108724856	0.291130791354411	-0.22466881360927407	-0.002289334609917988	-0.28845711401422447	-0.4358605942076501	-1.0499743865779583	0.6079047828288144	-0.6663984474568793	-0.08168513094432611	-0.6460062956634721	-0.06781942162931932	-0.46565453764742154	0.1286960532241556	-0.15657233459673944	-0.2679610541872397	0.3581549870242192	0.31808006547422885	-0.04525288339176276	-0.0311501543446973	-0.27145712082303125	-0.3697452574830185	0.12169179874737159	-0.10140191902134946	0.1618367909836165	0.1729361613026681	0.3813729403331965	-0.09757324914137286	0.2552376988968234	-0.17754991399284464	-0.1394228161858677	0.011094685958682696	-0.24972495555901902	0.19628267124316487	0.1083265008009058	-0.0043837797230101274	0.036608618510642406	-0.04548522846701141	0.09320663881195446	-0.33416666973450887	-0.23062041949205753	0.2984097883446244	0.07266234015323716	0.19830480391862176	-0.04083803913475925	-0.141483583063702	-0.23004846493828052	-0.019719361048390033	-0.1519219078739595	-0.14557632555808594	0.2838247422174467
DTXSID2023436	4.246309382907903	-4.51920189580113	-4.868767236552	3.4306653074254116	-1.469056249213141	-1.9498535961988006	4.446960715878641	-0.534637848817005	-0.22515265389909764	-1.6798714644397534	0.04947058146455371	0.7703677892737736	0.43413742957915014	0.48298018611963756	0.20380083864362636	0.13446414733643383	1.2387889794521338	-0.28336553659596087	-2.211067166090894	-0.9510919945131032	-0.3550871888372747	3.0239167734414196	-0.17319646976571548	0.7957924240685222	-2.5601020461824446	-0.1607412344745664	0.11794280340866957	-0.1445259222014109	0.6458438549389937	-0.16741281485667783	0.4117045773022328	0.5004882165797578	0.45704131460128256	-0.4396559375880239	0.38067422321383576	0.9226016450431599	-0.3604031318136835	1.0057784337324127	0.49102469756398204	-0.8820559696901062	-1.2883860485684806	0.037973869607142045	0.07340537987156368	0.09462012667343171	0.25016655771951796	0.173892861060022	1.21631809508199	0.11475218162857358	-0.5352886655417693	0.01298229910054427	-0.47408193773874036	0.6807776251257109	-0.9827561077307451	0.07968469960197111	-0.33393411950102	-0.033266065572814106	-0.777371902376433	-0.18478479050269014	-1.2764597543597493	1.564244395709967	0.06942141461069426	-0.14511580867843774	0.253206990035071	0.4124414214636604	-0.5390618231529212	0.039223893278312445	0.6728293757923846	-1.199692667995503	0.2665790585500085	-0.6633827531596318	-1.0879642425033005	-0.6190777744956611	-0.39320656330531123	-0.7357844581477744	0.13979774080080096	0.38353888082112214	0.10392370191261621	0.9783942371149981	-0.2693142667715114	-0.8635007035617165	-1.1668003849971111	-0.8622399647282355	-0.540504458863305	0.4334363005107363	0.7377412792631132	0.8155663627244996	0.07440892218723709	-0.30859563697032166	-0.9647215266063952	-0.44218801422341925	1.5057712277377107	0.25602022572120237	0.37902846882823477	-0.320531369502605	-0.7431747569220403	-1.173650762744523	-1.3254788251752996	2.94902388796239	2.1356095520182694	1.7294561850019792
DTXSID9034070	-5.3549285539151645	-1.70810427781734	-0.6381059149985029	-2.605922847927932	-0.33264582540358256	4.306562931385152	-0.6286891634657151	3.8760468128643506	-0.9810600001750844	0.017788457667434966	0.11796596942523611	0.8086483270710269	0.6893142587137286	-0.9404008365485933	-1.6585994048451878	-0.48774534485718424	-0.6042446655337308	-0.7230160423866953	-0.02667828115824044	-0.21997231057209615	0.4443460559977015	0.23296933163664174	0.3489256544009727	-0.16312290824697734	0.1060992424806483	-0.29449850645738906	-0.5082799436821622	0.13430132859408495	-0.1848650726623408	-0.0655874613281526	0.2760269723490231	0.7786461118596677	0.5145771554801585	-0.2167072257952613	1.4327499047747496	-0.559263400477407	-0.12514486251020804	-0.4714482741009007	0.0584047666889997	0.17445746739415624	-0.5242908948988569	-0.1903806381071943	0.06719484978138185	-0.19505560001243752	0.36919002531113837	-0.2305395581185185	-0.47542056612379213	-0.6549849362306562	0.1111208501419088	-0.13970711417939663	0.1824125048269665	-0.45002903019613455	0.3115544382321553	-0.2859161973417277	-0.06279965930850079	0.21951652379355688	-0.09482124766991756	0.2555164406250198	0.2262030466222104	-0.13585016038997086	-0.49843008586566234	0.14302833809206683	-0.383943757225877	-0.0011685188069462437	0.14302478780807068	0.3393724971392746	0.48872813004404	0.15185790303277183	-0.32468875631002486	-0.03938774152816232	0.7450449468657955	0.4934554882050224	0.20171661593852008	-0.05005008708063973	-0.4548336835873386	-1.1318074464635386	-0.40056980249353985	0.6906350356958368	-0.1404936813762176	0.6765118821274717	-0.7483835745119509	-0.7694426014348362	-0.10411383278369936	-1.2476450190559738	0.3686937148134245	0.04048069075445804	-0.40966332369199115	-1.0364790542768594	0.4899091463361265	0.8666834303290878	-0.694735862436808	0.22145252004624866	1.0811046782458222	-0.06952765779207264	-0.9452827153570431	0.9389732946575964	-0.07395701716830784	-0.1894167581658191	0.1912746039547339	-0.158126932889048
DTXSID1048675	-2.918613304177169	-4.26005972280883	-2.563791551744403	-0.25642096479693866	2.3958460325275657	-1.399249111802182	-3.232343670410945	-0.1748965963552414	-3.2522911072092477	1.2496174066049692	5.304559961102609	-2.308008655986831	2.606050978476037	-0.26246733825049856	1.9901692515290306	-2.082096619117611	0.7898466000714746	0.5528487189195959	0.6324717478802118	0.2956544956191045	-0.20422010427936596	0.6307106468378	0.34901824034729995	-0.4692580545189577	0.4824113677065836	0.6681629822469013	-0.030691698179142433	-0.549117774812464	-0.6421233348083341	0.3783327288970267	-0.26680495712406666	0.7347143457267756	0.20845281177877464	0.9986159044999235	0.5247540639529772	-1.381405630119499	0.9447272469977671	-0.2613984906324063	0.9213258655278966	0.5534173082920957	-0.6498253175166929	-0.029408924031935145	-0.9882641717614525	0.09830328830000337	-0.4541181712058677	-0.040051041589090515	0.4313420905448297	-0.841787834099639	0.08014557012089406	0.02331799326445354	0.10614125950839615	-0.27178679966206515	-0.05610832914047855	-0.28490452459778337	0.2949953286147849	-0.29665735922271563	0.5142035693941489	-1.2918957308113057	-0.48259907522486184	0.2657415136714693	-0.23747662485277113	-0.4696498128649424	0.2996360961223632	0.21912191412593554	0.08424949953533141	0.28347164326987573	-0.8934561615270638	-0.1853911890684092	-0.37754998648210797	-0.3375831635776482	0.5177169288185908	0.16938697820343027	0.15139362940714515	-0.4556571028861395	-0.5040225592261554	-0.10201533114394391	-0.1242472373699122	-0.1107112456872205	0.3398475614455135	-0.5905833723652322	-0.12291721680316291	-0.20765353455101337	0.1048384327754383	0.3316260510082978	0.04406687248198116	-0.029662552464118416	-0.5571339828431199	-0.2393041248565591	-0.09476790710927126	0.04179071498991379	0.19576399322866986	0.21089968683483684	0.3063847564944626	-0.013525386580229642	0.30995869882468063	-0.36078821515832993	0.07893288123677711	-0.04353821367741617	0.4319602718320483	-0.0386002531565877
DTXSID30170109	-2.4460012862686447	-2.6056821591604327	-3.333821080850167	-4.702610341543712	1.9465526992379811	4.6519651466445495	-1.5377946640182518	-2.170299156296702	2.3172512854465737	-0.8012827677116711	3.998113411225003	-1.4583954697895969	2.3661391730586976	1.7639223514164155	1.1949441709985524	0.32273023964471304	-0.308020563547238	0.33499130772692365	0.6935100368326287	-0.16067883902897526	-0.7013757264608199	0.5039692474180694	-0.13122221014847502	-0.09494894769605938	0.5909990438278421	0.007629910114357485	-0.10652996811660562	-0.10391672574640082	-0.027690031016827824	0.17581612240897224	-0.11018127440123203	0.18626862606317238	0.16379140522378613	0.21870459873730833	0.047494771154521824	-0.45101005288625484	0.6026814739318592	-0.7652517408523344	0.30326613705514194	0.1879160897547973	-0.1896245953558172	-0.05611221205754915	-0.5233422868007426	-0.05354136525757852	-0.0478285198441814	0.008125560390061622	-0.028612963393972637	-0.052036883413280846	0.08144935438212146	0.13898979229057762	-0.049112179150753645	-0.3045230319716498	-0.11815396006780718	-0.03472267390220139	0.455775238751464	-0.07761822398544878	0.21693223835654815	-0.502084869178874	-0.3492339523303901	0.4337462629012071	-0.45792800744776274	-0.40222721049707283	0.07179210247198588	0.3547609583810491	-0.32269514005737193	-0.08770106324961634	0.023766286428377158	-0.38703430907892133	-0.2123648826875195	-0.18171784161307394	0.07994292560205561	0.025918360830039913	0.005796743303976968	0.185126563972128	-0.41376097751543617	0.1318738481391942	0.02511284830299375	-0.4013186955530521	-0.020219586672864588	-0.0651929532124878	0.6032051515125016	-0.23579434401936597	-0.03987881098184059	-0.5247207108118804	0.0938417000275822	0.17836830584389482	-0.3693528734817962	-0.06727976054206766	-0.32325550569823536	0.2983975508717904	0.33616810254531165	-0.40476100355556754	-0.7569421667676097	0.8743374981614953	-0.6940133332976464	-0.6686095896949529	0.283693634171578	0.19868873002801543	-0.2694285668368088	-0.395973897693854
DTXSID3048996	3.8842571026530006	4.802358296561427	2.755915226179226	2.0237688721058715	-3.6848616515058	-0.6503228357904886	-1.3492780465497631	-4.230115595874759	-0.2719966854810788	-1.0443176777275058	-4.375671174746217	-0.48050511486266995	5.069567883123025	-0.34787756282381366	1.2815859693509475	-1.4978682420332812	-0.5036024411767849	0.02118946439353491	0.7860343387365266	-0.19408810557869877	-0.5218190088257348	0.25261808473740643	0.6826386056025827	-0.23293045826142578	1.358950940861317	0.08510552132697667	-0.016329706746464955	-0.4135954191967888	-0.5943863095325698	0.27357396879064855	-0.7897681583857773	-0.04679002928508058	1.559058369272787	0.7236321796943284	0.7639265970663189	-0.9681021597451224	0.34391938525593374	0.7453097875438498	1.0668245261514118	-0.4367548523731173	0.2090595456839528	0.09566629468597267	-0.22321680603436006	-0.8441883829070623	-0.2795957522232401	0.4493163278751751	-0.17605941674930692	0.21384410087085634	0.08509995860054408	0.24949379704570215	0.22681831017296777	0.022753041809393124	0.4068482197692727	-0.007369666057384639	0.6231425073757492	0.43267510210166743	0.7928146502931505	-0.22107537689714654	0.6737652486895945	0.1841274485475705	0.40335458471072183	1.0680258781069716	-0.6864994238597563	-1.111869784543744	0.39326780264256767	-0.4560924665017537	0.5424690705621361	0.611990120573813	-0.26289994183223186	1.1643495388934402	0.9012251537150417	-0.5032695998971588	-1.1613853854992193	-0.05134735184187505	-0.259373726499234	0.034353242235804625	-0.3235776425452602	0.3999588287507411	0.35780661207785674	-0.5709025963509506	-1.1321478708909272	0.27187750699495955	-0.1804877824963087	0.4731665159592915	-0.27780626757341104	-0.3940595324336255	0.45183674515517913	0.862114549013169	0.8622461662600264	-0.7964927219829173	0.5237205330011815	-0.011514028668077877	-0.046066082735080886	0.48477270520553434	-1.4630929060208182	0.07762590352701786	-0.282954371751369	0.22736583925321427	0.23023056432740463	0.1629118544466939
DTXSID6046181	3.957045203717006	4.6243377700386175	2.3481111635424496	0.7492134033724818	-0.6465878588363723	-2.4448682589442963	-1.1165739232581573	0.01564781499238919	0.7840103032520104	-1.4815579134226542	0.1272321988297551	0.16260479848901416	-0.8424783624241822	2.3196452061898105	0.8039823853381249	2.2269542348714033	-1.3460363610297696	1.5742528753221223	-1.6419921498862389	-0.18890548985418495	-0.33828658586666305	-0.8506732897628899	0.9939628822943495	0.3355818863776233	-0.043995470501492315	0.963840462575527	1.7066202265270731	-1.1036575741720926	-0.4843426010789782	-0.12246719433522121	-0.9482937522532993	0.11299466524184743	0.4006869077675038	0.9646947880157409	1.287288513296168	-0.4932592272958549	-0.15619977173815572	0.4055563017424436	-0.5326403966737497	0.699058934819524	0.03939467336786735	0.2297364540868118	0.5997124791588643	-2.4827746303793155	0.08012479258358467	0.08693574084674799	-0.5054039166718302	0.95536180206672	-0.09772402094165154	0.19061230973895774	-0.11834508335752593	0.22622886915963986	0.6533402448272159	-0.11180472716254596	0.12109160301960167	1.0144544754486082	0.8070247787443408	1.03730178668378	0.008712166124367366	0.018552993819111293	-0.24443149909596512	-1.2129666557720777	0.010835373300810056	-0.9911439648389831	0.8375017881219906	1.117168499801161	0.4213900395721251	-1.2634283372252948	-0.3715707583923428	0.35465123940612103	1.2295513074195341	0.9694528845240813	-1.325486138171096	-1.4615453116623591	0.46610802504568977	0.1577605281770921	-0.4197908148865434	0.37330149196018386	-0.43632646538040826	0.5647274550798046	0.55117941628517	0.9320905452065082	-0.09178177054397665	1.196591818964548	1.044173345247564	-0.33579929953797194	-0.87283322924742	0.4995418721847132	0.1315486682158242	1.070948640603558	-0.4610890857131276	0.889798985550442	0.11522828154749208	0.07395161274907687	0.4126712677741521	-0.10202289684910698	-0.07523719554779942	-0.4536370728431998	0.21663419087637806	0.40294101428301254
DTXSID6023523	-2.2748313043627304	1.6401548273423423	1.7556131113533757	0.40200691769950614	-2.6726668080259897	-0.31831090567460174	-2.5658659471208436	-2.647125107874471	0.08032734439801502	-0.3676157219060183	-3.3390733309501734	-0.6590178927718692	4.389328806377017	-0.18178348570798225	0.36842709048702155	-0.15198847344506292	-1.408422870268385	0.7877253978941885	-0.2276960615611885	0.1492277881733462	0.2875960585360975	0.8744652912139931	-0.05191825818634883	-0.8223682283598946	1.2411863866142678	0.3687961655229072	-0.03715882016785864	-0.489447737792274	-0.07293896566314988	-0.06906406362829104	-0.8024105073475855	-0.4592721479535962	-0.6150382687183537	0.23803146772111033	-0.17054615407458418	0.5492274613340592	-0.7592661594989802	0.13873015213652654	-0.514208496599348	-0.2747543163476834	-0.01039217647848897	0.0689423569308139	-0.2595826339016102	-0.5945830423865984	0.4671150695706042	-0.3328705658993266	-0.35165176891639444	-0.25048172836476407	0.00859066674429391	0.17717692015125813	-0.008657153221751526	-0.37822732051485297	0.394999324451539	0.06404711742815762	-0.4429906845300522	0.43404391201038917	0.1394788512133335	0.3036709141320347	0.27208492736182865	0.6168444435183402	-0.6915486745916867	0.00841861640818503	0.7789820825068414	0.2927087055214591	0.013023706114476645	-0.4246805939528097	0.032803369364583036	-0.7033627145112443	0.5094504216313539	0.5089246221222503	-0.33850404797153255	0.05967584619398413	0.7560654146902293	-0.5404044156789236	-0.23554758064601108	0.365069388934489	0.709707815007924	0.4220212738890064	0.07790180300313614	-0.08881467487610971	-0.028092957644685522	-1.2173211808524926	-0.13932421958105395	0.3084997033739257	0.20088682426402832	-0.02381198625757894	-0.9363458950450801	0.35316909346057995	0.011517231368240951	0.3545771967717936	-0.07570621211650937	1.3266139196314215	0.24610867967796418	0.6593933550885551	0.002154772709707901	0.3191807542096028	0.2792425844943017	-0.20900025830083419	0.0030134553825324553	0.5086676468013555
DTXSID5037577	21.775671753788725	-2.7969537542273715	4.690075555539966	3.4252339852394207	-3.0436492622867255	-1.1616164689600548	1.1976255566865666	0.4472298928917467	1.0934571802894697	-1.9098075585486416	0.008005799650404932	1.6995141206976798	-0.8654459208563017	0.8313932265590248	0.5550111884076347	-1.262175766494053	2.0102781599974464	-1.6555470543765396	1.8010602479336661	-1.4339136136772959	-1.0710136474110596	-0.2865229208361488	2.2368453126317718	0.3516607219143398	1.5358090564738978	-2.9771451018334436	-1.7097632971325776	-1.5522622275055997	0.17186999887606835	0.6718699953065137	0.1471090843687338	2.127244485287097	0.3208963308759464	0.8734390827962122	-3.1968941285851296	0.39685444228879835	2.209410573863977	-4.305667594408926	-0.9728882320985337	2.9451101625762073	-1.1827443271327434	-2.398330694918648	-0.20725282546558493	0.40629138156694095	-0.4142663495915492	-1.710365567061232	-0.8427252360706742	-2.6273014646770436	-4.775480562798768	4.162047507807478	0.5719933649276532	0.9215677721368731	-0.15079193411954855	8.02271850168557	-0.7375589375648861	1.4087676614109699	1.7855251185639844	2.076757993250453	-2.023172822881459	-2.0014557143797336	-2.1307782275615677	-0.8770679847488199	0.5469208392730618	3.690226834846424	0.18419252162935051	-0.2804374290477613	1.2186387728511014	-0.40667489465315343	0.5371785366312789	2.804940762115904	-0.8028711024192495	0.11300012334439517	1.5941126280297668	-0.15632481767778023	1.444876021270853	0.3757094823923838	-1.1598112302090144	1.0898720062544944	-0.3755369612781993	0.6351768796705732	-1.0558687878092925	0.9395101108751049	-0.14114416813935454	0.7116610035922566	0.156667487067991	-0.23434409581258733	-1.287759797961947	0.30233453927312104	0.13720694957753327	-0.24591381561222153	0.3354789301397482	1.2902914097928493	-0.12274148309799841	0.16725177072263853	-1.3619558477524207	-0.19863904153873857	0.8175904407424911	1.1001211505441972	0.9529493083123185	-0.7504053635866171
DTXSID5023900	2.942390590656554	2.587481323085541	-3.3836068994957706	1.7867296753191817	4.378258811600078	-3.230065540834329	3.766097416879738	1.4759398688787688	1.1332486855916661	-1.7647972906842249	-1.1321123039633387	-1.3915156978140464	0.4801454638602317	1.4150472773967364	-0.040161135790133355	-0.13780533484596694	0.17382290541545684	0.8211092558944092	0.24384445294179485	-0.498268348615432	-0.27491108815489756	-0.12267201981915755	-1.3433042064805762	1.009303907897655	-0.9216420288134829	-0.2902175055304635	1.3392182121595524	1.279772119257829	0.06524150248438876	1.181410650496542	-1.5925783161301699	-0.42697639487161626	-0.30159345579247143	-0.7366607253298981	0.5080849112894616	1.638075540200674	-1.6154321597614096	-0.14382780329295386	1.3502965134662148	-0.9177057574082264	-1.6720393324924614	0.5220777334874499	-1.076285548356793	0.5484195607788703	1.0257853662060885	-0.3277651317212003	0.9029513167202797	-0.32242213677497106	0.058555535270337626	0.20097099155334353	0.0837707020939476	0.5763691160329416	-0.4795515235062768	0.4071993021145502	-0.19127758940905804	-0.30462269439963835	-1.2272206743517864	1.0946789340620693	0.07309023050045144	1.617860722155204	-0.6179797750542062	-0.12945183464975188	0.7307472138329837	-0.840536737413176	-0.621166157068533	-0.14264850220525527	0.5266548578304229	-1.9156794533566928	1.7083949094676028	0.955241415111454	-1.1657384330256957	0.19194816561155256	0.3589886532257076	-1.4085251794249949	0.1488792471017842	-0.946120023371767	-0.31308037120897064	-0.5907150788633267	0.13008331226779596	-1.4021343994198403	-1.1134910301811654	-0.8184388631966677	-0.16827809586416226	0.5830067071406856	-0.9140646363932602	0.3336089332488941	0.05224421548106248	-0.32126238222160297	-0.9026585716420389	0.3657639106120068	1.3286083911461084	1.3051019319578432	0.9746229384564168	1.2765071708866826	1.482545872241679	1.3604239818749073	-0.6370246619959519	-0.8272936106647748	0.8166307156909263	-1.200197421702407
DTXSID4034869	3.5499754366929515	1.711258188296191	-1.326820527884527	1.8100595560273842	-1.19442088677874	1.9552297793782032	5.884857495934202	2.346488308235247	-2.505700782176322	-1.5079797172046931	0.87000862838674	-0.3848298873166858	1.6345638033471768	-0.9238401190005957	-1.4925271422118938	1.0174964662327948	-0.8593370557051782	0.7613528065008168	2.3072421257490032	-2.7286034015007314	1.7510086461439514	0.12825464510163392	0.6761056057457759	0.7400710540573724	-1.38984262103853	1.5943155625077172	0.00662941383731709	-0.989249968530577	-0.14251232111377027	-0.603713502005536	-0.7723074035974091	0.333386731705604	-1.0535409394736823	-0.34888447691063235	-0.057196582664398254	0.2606201721284392	0.022931672528957475	-0.2652028429108952	-1.0300988289682347	-0.03476347624739848	0.7285312463622073	-0.040620966865925194	0.4413180900064616	0.05792951644801549	0.01834382103469962	-0.8686520810635587	-0.07461072132390141	-0.05021571144261622	-0.17052842282712277	-0.2997803844025334	-0.23066075450839343	-0.023785579297565945	0.20135004256883404	-0.5179465725953843	-0.3155203167601547	-0.8508509910961818	0.5231371037300842	0.1084749910390531	0.11738189580824132	-0.4752481833534304	-0.1679056177268508	-0.43618426579545694	-0.7232170958616738	-0.14711753272201922	0.1495375269812953	0.22048364172563115	0.0956096578290095	0.6521111132320149	-0.11395780568746638	-0.7837579424193262	-0.005296970875287511	-0.31075337145852994	0.6903008518156561	0.440058051500126	-0.4048445092377195	0.9035551964118547	0.16044137452275448	0.19691027662705762	0.4330192207772232	0.258706364249459	0.4099804503653609	0.38191905158817824	0.18084522501016123	-0.3584303694032003	0.6962369226291554	-0.20024634089379395	0.08555186476413984	0.7904709746833745	0.8229174604050119	0.661978794194707	-0.5972846905480986	-0.13071205439781758	-0.6284162640914845	0.12727968012122087	0.7499404960100166	-0.2149382829228504	0.38577011024993696	-0.5899801193142246	-0.8854295839348135	1.3817886622376283
DTXSID7048873	1.8221489247896063	-2.4664085031345353	-1.1661530861801295	2.2175739259646776	11.826625601820332	-3.1639253407635324	-1.0617790437467844	8.710886840338736	8.994440306559794	-0.3446899676110363	-6.821735136008607	-3.2428514462642135	4.843547263363941	-6.117842949278276	-0.08928698812344144	0.10727027770124652	0.46769225009321047	0.13622595388492006	1.609154471302282	0.3109653326708271	-6.817875219171201	-1.3982776843162832	-4.569494588732868	-0.9803683065990235	-1.770580075422712	0.23206112652334443	0.12101242197213719	-2.0403013602799596	-2.143443503036791	0.00914542664660364	-2.778169730502289	0.7225240208396131	4.222450875467709	-0.15183872957252695	-5.436247284386479	1.3540055603811498	7.88087202871846	2.628220208275941	-2.7731988352997536	2.2255252737372015	-1.1627733826307483	3.5234436818825854	4.6117505104010785	0.04945091744587698	-2.8982797007437955	-1.1990727973724102	0.5965620281905815	-1.337282073623325	-2.222797200683108	-1.603973342598064	-0.22194304030841347	-0.5837253133570807	1.0676377385212559	-1.6771990191848323	-2.783008662053192	-0.29732112351010426	1.8920393960877349	-2.453823630107642	-0.0013144203001042667	-0.5731641960699446	-0.6484916271232779	3.640305578274112	0.31513441488393157	-0.7960957225986944	2.3314144014514198	1.953083639750196	0.37619137431219724	-3.0069884733085708	-2.9933540115352084	0.5321587881808805	-3.022561311825554	2.659157540177019	-0.23921495476184607	-1.4091729548730167	-1.1536298618168712	4.30110951309487	3.234833082135772	-1.7848578329839104	1.7293725677789644	0.8497009637375676	-0.7654327433522401	1.8012305256419348	-1.107045278704107	-0.7402064711189765	0.9484497735088884	0.49597645136024865	1.1712226281999867	-1.2974047752604716	-0.48172887357676963	0.20174524095086607	-0.33264046317105517	0.06545193332656654	0.9813051304195831	-0.8779253166872221	-0.9127292421576721	0.6421621898797705	-0.013209107030194473	0.45713731264592494	0.03742328738912292	-0.7743413163782032
DTXSID5025312	-4.192883091083455	-3.636931056248738	0.6469442510412222	0.2558937325563888	-1.5515529019399188	-1.284890118046162	1.5109202569785474	1.0722047621871493	1.3214624680987368	-1.0158017241549002	-0.73625591640885	0.790458489481417	-1.1397403148186347	1.4090161704930437	3.786089282391868	-0.012178084978621178	-1.4842217399729574	0.8373299119172712	-0.43850855125532506	0.0230366103059103	1.1130625508914198	-0.5490774117855248	0.7341821367615525	-0.6354383228693734	0.7351063675568362	3.015793309340484	0.7542693467694268	3.190628947436025	2.790335372451626	-0.36418693024302234	0.5521292151555666	0.45746202660533375	3.261855125493138	1.204848302604482	-3.3187252005354035	-0.5446390854762841	-2.8170765006790592	3.7290531820395456	0.030928678810404543	4.5466877214264185	-0.19042767894012896	-0.18052987135055476	-3.2732147682714023	-1.1615157199389872	1.533770012589173	-0.19170962169799888	-5.855876511284438	2.1884924283826344	-3.033023311330775	9.374204555048717	-1.5958208859459024	-1.4579016390901451	-0.324577358536737	-4.268127599377121	-2.2221034121717165	3.7317643748328337	-4.0555732894872625	-3.714714806718393	-1.1091482078167956	-1.5843224980150863	-2.491405797884457	3.207641883580085	-4.407961265130525	-0.8932896219203385	-0.16028240736887445	4.3350530276763415	-0.4678587961983939	0.7161138808080896	0.3610236806888037	-0.58624045712685	2.2331868732234943	0.6942642785470903	0.4529948065014454	-3.513209269338978	-0.5588741684697321	-0.7989653579511422	0.24184103748108451	-0.9170267530758074	-2.0311483579207463	-1.8604897597651742	1.8983827795318657	1.6716246785901365	1.1736400870793313	-1.0832278868161145	0.6373017224617169	1.335564432270768	-1.0046677841412253	0.05008496664887368	-0.17167622311448616	0.8234813530857835	1.0848945144323694	-0.18109435199934787	0.10672545789228052	0.7164870840943076	-0.05051112712612728	-0.39305655196368816	-0.3843475413072528	-0.09197248484388813	-0.5384865243256871	0.4336659300723028
DTXSID2023193	9.529038941846103	-11.401300794574396	-8.02580814602375	2.192532459109816	-6.514381781233399	-1.5078329537573367	-3.2913818468607676	-1.2392375299113148	1.706371861781264	0.018885435597169428	1.5505338254508543	0.6280472627615497	1.3638654202754517	-0.7565768738936974	-2.7865729986472134	2.029884415066207	0.11318853942492486	1.5683786436018126	-2.676124311013956	-1.8893757633130164	-0.4555066040761991	-1.4750133000140504	-0.5870672665129217	-0.37195414904663826	-2.7171784857697654	-0.29982618952710177	-0.4192528160127477	0.38859373910838146	0.13479593050111377	-0.46063388028414903	-0.4631662002967999	-0.42370813239461713	-0.2272227831115095	-0.14589271694582354	0.3868912366383216	0.004046217364671086	0.7081458286673412	0.9516931150960526	0.3964357832286576	-1.1558250557206815	0.13778507161793285	0.3108250892037722	0.509167204182678	0.19850992252575062	0.13404831772646295	0.5293920623472357	-0.007790176409491965	-0.036540865374099	0.09920270621519234	-0.0315701619718897	-0.008514848017325124	0.4355061593609698	-0.2253538792078608	-0.11860051956761063	-0.3683951554387309	-0.37025700898895053	0.6923814073504434	-0.47570591325681166	-0.4301934145787312	0.9687754973686126	-0.4094631942167566	-0.030631275930145484	-0.04246567442360807	-0.06163318410907452	-0.5152794281301183	0.6950780174594883	1.2124283593608196	1.5662808428837816	-0.252598166721915	-1.0049885499646756	-0.2897440334575533	0.06715038606974387	0.0906925959894031	-0.06522867404483085	-0.7434039963375357	-1.1762299599244082	-0.4490779230196984	0.15915639988764482	0.4534953548982316	0.3459315310701202	0.3278909881777321	-0.2805367212385835	0.5054469783837259	-0.5877297336798682	-0.14010448495225056	0.1733823503764514	0.46388162336858146	0.062156103884802916	-0.015309280802432395	0.5730069965498436	0.5903729761896881	0.4121349864633256	-0.9960270064725751	0.23380366934456412	-0.6444213078623547	0.5293246626885371	0.837689368538656	0.5901805224997447	0.2698367365643874	0.3504400264467539
DTXSID1046182	2.360608617169538	2.7880085273554736	-0.32966528104175724	1.0103358811749312	-1.9467072427741465	-2.1587821849801863	3.7973771475266784	0.9205590902543506	-0.5871934366044957	-0.8920985905313057	-0.17399010101565088	0.3672392809996291	-0.4798912682792646	2.641809901980719	3.1895803056392733	0.16808229372396744	-1.742453248155081	0.986342159920983	-1.1372704351644687	-0.801089453931514	-1.5778542553292811	-0.9650620160474973	0.5260402966763201	-0.6643643976854081	-0.4109260790187051	1.5207172850391888	0.6826081536886206	3.426099163106919	-0.4413111540468236	-0.3161013012140506	-1.0884128846134917	-2.269029213376154	1.4836557078285608	0.83726176562343	-1.8618689822077628	-0.38105873869054374	0.4514911133500786	2.3688548260927407	-0.37154128839006134	0.5907957883822068	-1.7584844726978155	0.4046807523418729	-0.908343768385519	-2.905613404919367	1.085953651493671	-0.17131240980870266	-0.696358008642557	0.13013943355949206	0.5390894830362076	0.3718152968619012	0.30976774306064836	0.3207512125478097	0.31650442619026065	-0.3968829725237266	2.4714673285292363	-0.19747784504458094	2.833197726782905	3.600284774206671	1.7703065416230874	0.32361120412845645	-0.6501754155102061	-0.8766409827893002	0.13320723856306538	0.4443114612594088	0.46359092576838506	-0.42914074384304124	-0.5290012504843253	-0.6645167067960127	-1.139665867331416	-0.4266012334305907	2.3615219249274304	1.36014824346479	-1.2051071858883062	1.1204656025025004	0.5058458200271982	-0.20317183061279398	0.20619515243271916	-0.9475952436302888	-1.189037873798364	1.7253048778745514	0.1710222802178455	0.3347608116654269	0.929548946982749	-0.3152690085100474	0.6949981755342963	0.8542654459767887	0.49252422776748994	-0.46434224162148346	-0.7289713810302032	-0.5190894471065092	-0.37959143471723006	-1.1457525515979072	0.4356748505273877	1.121052701201673	-0.795058368974209	0.2508535046716238	0.28964519661397875	0.22369613583902453	1.359420510816455	-0.12146456799563896
DTXSID5049021	11.026999711244892	6.075057330134795	0.6137003574673947	-2.5227941944690357	-1.7292021166654132	2.086313377758187	1.2152048595164213	-0.33342010015738693	4.253346601143346	-0.5084551160920714	0.9731466927409069	1.1168309386298865	0.1250133172066601	1.014453846689857	3.1889402920479952	-0.43379349847612103	-1.674337931887738	-0.7767506383762713	0.19367347273733257	3.2442772422683843	3.409051885180684	-1.4992142913023712	2.4390666058177928	2.2481813571996216	-2.0273326119351958	-0.3163143784839314	-2.3865406005460668	-1.691480436672835	-0.4856756853516181	-0.6692311956344262	0.5073186255958497	-0.15660761243977012	-1.6319693645622664	-1.3524510417703839	0.3378405195469212	1.1207682794808413	2.4248763329252423	0.01937625240791193	-0.47820041656846857	-1.0309854617231333	0.1794287893345123	0.11025221175245226	-0.39257718925802293	1.1975889904664896	-0.29553373742981814	0.3320655349227726	0.7077915066633799	0.1538067060736092	-0.354635081539526	0.41944220782670444	-0.2041483514675411	0.9102408895127847	-0.5534534314558922	-0.1695545075406756	0.35913194320109393	-1.4966049210131462	-0.2429185358710723	-0.2023787734334584	-1.3610329027260113	0.8584253449943989	0.12926658188820028	1.6686795441672049	-1.150437370465829	0.24337576921314263	-1.262293834922348	-1.46758460594188	1.6119197278783728	1.0858745390174602	-1.1119037658441826	-1.9880342294103226	1.1913430265127054	0.24095214421502834	-0.3841993195561189	-1.3542178144173114	-0.008867735224859652	0.05884376762918324	0.33468789428286877	-1.8106443361666238	0.45925270953488956	0.8644709590680413	0.6312238111328664	0.1724248662700139	-0.9732361484078869	0.24505429110644564	0.9968071005052563	0.5969969787360604	-1.2784292629613354	0.13250377909111263	-1.1012889260878929	0.05482832855371783	-1.6851479903391273	-0.32822863011890274	-0.8606649726534705	-0.19127838175698442	0.3875004254439105	-0.7290342917287495	0.5400164257546557	-0.6339009076595817	-1.0400085138065043	-0.19289539157380475
DTXSID8035001	-1.8063230503376917	-1.5837879674676385	2.8044423685368356	-2.5743274694012293	0.6448659390844771	-2.347068942791415	-0.9141579818690119	-0.3821561893980326	-1.0026443658086877	0.3001434760851191	2.936382884688517	-0.5149550939390506	2.4994282603951814	-1.0821648055515323	0.12209525823815519	-1.2371439252338348	0.5418346473603941	-0.023877911662069394	0.2947323147021287	0.0979469683688469	-0.35512521129128416	0.42597895086490845	0.6972170896347085	-0.09930492361433217	0.13911660145981458	0.9937922501092532	0.7266709372966511	0.11533913963383265	0.14944975832473048	0.47164110161280065	0.2891917759815782	-0.24481952378982205	0.06024021701039308	-0.004322683137798132	0.28323407525245103	-0.1777087114318594	0.725046007039295	-0.3072821281520694	0.29777111461298655	0.7167647441892986	-0.10970001663088434	-0.1876548605761432	-0.43140607412929344	0.22108351685650576	0.10027795408554117	-0.2831539146700201	0.3937345030833932	-0.46257165548754003	0.11921289718360296	-0.08844076504758465	0.07147847539279893	-0.26026043971177953	0.14694068465358173	-0.08209656856089542	0.20098827670014743	-0.2963646735032915	0.21229999071600925	-0.7382888273146525	0.14700396833912485	0.16342158161486386	-0.11771461000261023	-0.44285417038717395	-0.06636786191420081	0.5711527174956571	-0.16818376447937447	0.5278306900663653	0.0002741696535126536	-0.29293104191511216	-0.10856979531501006	-0.10692158735763733	0.6549250302662603	-0.03309539734978897	-0.14039565013616867	-0.241502940511199	0.1709619086838789	0.19593175497479434	0.10743145822413333	-0.20234093337607287	0.2591152793460068	-0.564060743813008	0.023967681955538417	-0.15390325728376084	-0.3541625359464712	-0.06022024903291421	0.146472524819124	-0.2331695048839055	0.4468481461361979	0.5749865590606433	-0.28443677843389165	0.29311034283579057	0.11960332652935937	0.048314118183841605	-0.6946014212310124	-0.19196213124963943	-0.022619867227361798	0.09657981405506827	-0.04913422063042953	0.05793064167226151	0.03142533547178841	0.09464709770824849
DTXSID8020121	-6.858080045975823	-2.5396879623017283	-2.1327147185117434	-1.4577336090229147	-0.5837872342021352	-0.46222912768865426	-1.094002141420584	-1.3962198873913658	-1.21796836739814	1.656327504932823	-0.583984449742789	-1.312415295149724	-2.480908885464853	-2.2400004757988494	-0.07602228398935013	0.8789905570770087	-1.5703058874521871	-1.9348415192520667	0.9935194760640118	0.9393923664627497	-1.8135811846622893	0.5513383223069377	-0.3095094971346485	0.19945857748769816	-0.2535252095284323	-0.3876251676812361	-0.41702859753271243	-0.08460856985603472	0.381651918933865	0.04262204814928796	0.8876550583667819	0.323070472749805	0.3658637771512373	-0.05570432872592159	0.0017542379481211535	-0.37898012635005035	0.2732063283806743	-0.14942670429892582	0.40902303390850925	0.4862910464179307	-0.6356188261884875	-0.39718313040674436	-0.5241618381713533	-0.07131086823423326	0.18351731937394508	0.5731598211366574	-0.26545397192428105	-0.17393556018679793	0.34940928343549366	0.321921674820468	0.41965638770148284	-0.03407577933197407	-0.10706167620050515	0.1253648987128475	0.3360071719642288	0.3340618050324443	-0.031908731981612676	0.20782898901910365	0.41599330266919904	0.19253899135751545	-0.04821284027677214	0.33270107719709124	0.04258196566012066	0.10191312734255037	0.08432515416845072	-0.42193956225654544	-0.06655913027932163	-0.6825341838440077	0.2215684326567802	0.5750769004649576	0.6947341373444688	-0.412784715938256	-0.014940309953184218	-0.41722937924079856	0.6428114364267958	-0.5609403545667492	-0.14137436235546258	-0.38690864796216395	0.5145537681289766	0.0166046354129337	0.3384474727501777	0.8275432337472357	-0.8880738963964122	-0.4546669145531256	-1.3786411132080993	-0.5384515806626726	-0.607907615231205	-0.588141194015708	0.00032406177570045916	0.40046646869420927	-0.25581085360489686	0.07286940965476091	-0.2573459653696033	-0.27152333706275217	-0.07592537163514716	-0.7782466397892767	-0.21204998589497998	-0.5557690723091274	0.1917656629086335	0.09825369859260782
DTXSID8047189	-0.9867188161505344	-1.6451747129389462	3.941006757229047	-3.7645088759297205	0.1811393730814854	-2.9912610790420464	-0.2499959555759837	-0.18092524923705686	0.2729253164156055	-0.5302784306634445	-0.008167403578032277	0.7049772085785835	0.6609616239350508	-0.3403486842202979	-2.1541992794166305	-0.8125532849844136	-0.1785165630117009	-1.0980180513806779	0.46374688710357514	0.4372544749693053	0.19816795346782135	0.5472865728219313	0.163154654014417	-0.27285904158610563	-0.3157433837909578	0.23698905493690572	0.232575745398879	0.36907272436449456	0.207574155197368	0.3235101573708223	0.519760450551745	-0.7432682154405414	-0.1192472728437406	-0.5409481172593865	0.2763589401513173	0.13616679808262666	-0.3637609938976292	0.34574601166558055	0.23119612623694072	0.577988726585095	0.012909919826883774	0.15513493656890298	-0.22624682259361945	0.02295806073622254	-0.12054433875901545	-0.0522308287586558	0.33412156219689526	-0.2841155758583155	0.061741339647589294	-0.1864510054062209	0.11937060896273698	0.005773115482320142	0.008990384536640287	0.004976886554584342	-0.09455597577560569	-0.0682416539193298	-0.11802719255424227	0.035578542718106704	0.13887988319889086	-0.23981573232971828	0.3242263599309875	-0.10856029101936673	-0.05335571727850295	0.009445830650704513	0.28524314113987465	0.0861499511416378	-0.09996633821066567	0.007447067394034919	0.15962279545449531	0.3071980016226219	0.4282983984046909	0.26364203142375203	0.09791418640653356	-0.02043881093647649	-0.6962310649410375	0.11304953472811377	-0.1857740472392022	0.4421196478236355	0.28278148656794927	-0.07312114292749129	0.29568179016820495	0.1233863696816155	0.30603479379064935	-0.0520117602856332	-0.020498775098708472	0.043030422441895755	0.0034739391666681447	-0.5653601161135718	0.15031569812438672	-0.021631110842776424	0.5780154579882977	-0.06268020066467087	0.019948411528848273	-0.09137221313255323	-0.20396732211093352	-0.08457110803272697	-0.13131345447867465	0.14566230730968774	0.10245840358330618	-0.0061577596779647465
DTXSID4024436	11.275943374335144	4.533690419488216	-6.651307451330183	-3.198043669700292	-0.9942495118186819	1.1840498845457732	-3.3799663748237863	-6.831844090296164	-4.3806608460675385	-0.4524445540893245	-7.7793441878381895	-2.4325303779012755	-1.201186595912967	-2.308046427384688	3.246625268517726	-0.48853833611854236	-0.016357339754617395	-2.270053357378283	1.047234430868797	-0.8340885021487581	-0.8355496137074381	-0.6975402149691237	0.5183480891099232	-0.7722003058989422	-2.15757131300589	0.8402853800048372	1.3944636955668013	0.7374030328120043	0.7223460567596719	0.1657596101015365	0.4120455258277315	1.6276095712976313	1.3191751698229126	-0.7164766029011798	0.18721263806065594	1.7556489472331571	0.5481985459608237	-1.7004531437348422	0.42911016478724434	1.038340953316876	-0.15922251663009732	-0.8648361195417519	-0.5855059629439725	-0.18992834721086327	-1.6972190967367604	-0.1332296322288718	0.12929970431826265	-0.2809967807936511	0.9981442680912469	-0.6075639431546969	0.15833590160785915	-0.020869775125174243	-0.7566136390503617	0.07796895750764882	1.5391013882383382	-1.606432656038088	0.08571813929486423	-0.5943679411815731	1.0054549104862969	-0.3333141923676988	0.7258382053396399	-0.2553736633962288	-1.0556060380134076	-1.098879271823845	-1.1243477864168807	1.8160166518769254	-0.10656533044205439	-0.1213035690396684	0.2920112199089991	-0.8760335320561341	0.7738480325239694	0.8819170927972079	0.125906443510225	0.11815869965438795	-0.6546990784504886	0.316867247063083	-0.0544505629330484	0.00021801445721948476	0.705803476355134	-0.22491555706404093	-0.34363403664531345	0.88393068013682	0.9881193619625249	0.472212597569463	0.30696282716338047	-0.9586241230462477	-0.8720140021037939	-0.4303895649238981	-0.6536746791256238	0.7816616904617397	0.7419110680081925	0.9007248212434127	-0.6357855868755162	0.8520544534327525	0.3952069019863648	-0.0399804974608888	0.3926839508294114	0.07179074965380047	0.8880584169410841	0.039663941300862274
DTXSID4045347	3.8117855743257363	5.486550332529624	1.8094557966504814	0.2788575953490875	-2.465349457132261	-0.5748667420501944	1.3922283684550905	1.6863109707850452	2.0129452043335347	1.084867871207814	1.0897240134167538	0.2604955835870885	-1.2247105574922441	0.22911213657818932	2.758393253169347	0.7803286366548309	-1.811767860806231	1.0051153282786787	-0.4073985370095721	-0.7391947196671453	-0.46649194407878863	0.33462776216953616	1.3796067310375313	-0.6415773090826229	0.1735886353801195	0.4075896416140373	1.089138666082749	1.2689939241255277	-0.4167488433213381	-0.47893206500890706	-1.2645281598338591	-0.09592335438304342	1.3293319546629192	-0.17220571998449713	-0.6361936693249663	0.3987775888512057	-1.9056022807483535	-0.4167711951945112	-1.0060760592227427	0.13323276181337604	0.4191104115582562	0.6228991021673271	0.11002068959387942	-1.1298225912414162	1.2273783229894495	-0.39998702660808205	0.4374273602044858	0.23904794669580864	0.2597036096369839	-0.4689732909132959	-0.09957382344564042	-0.4185327674990892	0.9754514503405878	0.2643005438682498	-0.858102472618237	1.0221136511929303	0.31811340704772106	1.3723859841254293	0.09167498914897292	0.8402621215882504	-1.033581726769243	-1.506076426731833	1.186930801923306	-1.0439908838893925	0.15148553760825909	0.3923017934459117	-0.7505686071051678	-0.6637960087059523	0.7511417100462147	1.2517300685835122	-0.5901935445587129	2.6791828342287554	-0.582926931597308	-3.378638783401165	-0.21188918595010256	-0.39561870289645057	0.0939825282998599	0.1454239941715017	0.3512264757800123	0.5341443637278103	-0.11468025994718269	-0.9977688078691815	0.17049140340905225	0.3897180399025368	0.7096906062218528	0.36699533828629033	-0.36405020323513027	0.2350512667592018	-0.18195121485490753	1.1820349979096536	0.6240915245093304	0.6689966796199456	-0.42783313917066823	-0.1495846262819195	0.19430925928419365	-0.802571591476827	-0.8855504114124462	-0.022216068692872827	0.3735394273420688	0.19686324299132285
DTXSID5047081	-2.3067988779035464	-2.7376552951937745	4.656345233100548	1.0245471043215904	1.4249650092790125	0.9905926380935131	-0.19653023428276678	-0.5237569218000699	-0.06578778390251407	0.20859588836346618	-0.3677831056401704	-0.2900471433171208	-0.371029778147475	0.1382761190646114	-0.22733163750718083	0.5542598961554862	-0.5013047116831036	0.2340462905134595	-0.5714998225006312	0.4311785998264926	-0.001244111495834976	0.06943547078199626	0.28959482169548684	-0.7200333371286739	0.647431857606109	0.7194761106642061	0.7619672226801716	-0.9044118871055041	0.13497945165306324	0.0711021255603986	0.6051276262971181	0.7471739775651753	0.053054890116982216	0.07848542536394623	0.6470446218781084	0.3711974184505986	0.13622531566327165	0.5831386839610752	-0.28920832185332634	-0.31505468331243286	0.3476894140762126	-0.02106062260693975	-0.5272456511714453	-1.3415578332208093	-0.1918483047060959	0.40000751730990713	-0.28533571427260107	0.6504908781734866	-0.11590340111725667	-0.027111572656924664	-0.06512192098059148	0.3240642625937961	-0.20295821899155692	0.1481595813451515	0.1863760874978339	-0.3199748422917239	0.6152657491734436	0.3675611341476673	-0.205332208692768	0.08564114362885183	-0.2608505892194706	-0.4211835531418569	-0.0067681748577222665	-1.2010324140276805	-0.07269730707989712	0.2390622819731523	0.04115772704476424	-0.1888295165616148	-0.16108499456893624	0.11882541616190442	-0.23039529641198364	-0.19893012737207702	0.6211455436401407	-0.2723646175056791	-0.3880830622419195	0.25647653174943685	-0.3251340544244218	-0.5595256998679868	-0.22171163379267933	-0.262609782834951	-0.8373707647431883	-0.26739650728527486	0.16036476660046492	0.14723469366633019	0.18906137315767862	-0.2391243579241847	-0.6483234346241009	-0.18149535735541317	-0.43104634794413466	0.17235175226102165	-0.3828445470144102	0.43333681166351534	-0.3114278624438806	0.4162321981222746	-0.44379129469913026	-0.16479434430957557	0.17592955573373636	0.0010548335546528274	-0.38602011794441626	0.04881501925668249
DTXSID7044633	4.956777555438403	3.746594664741913	-2.8414383715443736	1.4260636183719564	2.743585424611492	0.015724970243421243	0.9190423204688103	1.547353052705522	1.6888411648486228	2.010667350859123	-1.17347191352238	-0.6642052130785006	-1.0218038341696372	-0.5127986772742293	-0.3857182844707941	-1.8123532915802494	3.143921093221427	0.7095868504330639	-0.9816068152960707	-0.20950747820175117	2.7469129155332572	0.12623374689875005	0.5377849954323138	0.7201574638866527	1.2908303200422448	1.400532331406728	1.8476825464702549	0.6876725560471507	0.5000880552379826	-1.0891166549075633	-2.03491166162726	-1.2326900640787495	-2.858871269889145	-0.8120800759542128	1.5385461462746859	-1.7284136458845005	-0.19564394963492573	-1.4730270132945429	-1.7256526439121802	-0.29308235437320196	-1.7316422459027327	1.120439323594082	-0.2139875640195592	-0.5902049956798684	-0.9808474746119555	-0.7775491008790462	-2.361046792219196	-1.2459251949031402	-0.23720649500140864	-0.038412481963715196	0.222043661007221	-3.471661014412376	-0.8961581974020111	0.7215262880950852	0.12561288374897683	0.9112869048322954	-0.03724302019975596	0.08442455907510926	-1.0655227024108103	1.9584397933998974	1.1936662176157773	-0.36884405065659726	-1.3399347068914138	-1.6886774942299574	-0.010538854032509298	-0.6049692632511697	0.42393997265020517	1.1223655669394612	0.7932740390767128	0.6231110496741147	-1.8820109963255776	1.7237428633520717	-0.3973113222309527	-0.3471167019911629	0.12225677426006765	-0.3224322387078721	0.9005332555846088	0.06452452583697191	0.4072637627159125	0.019677414590895687	-1.300182746651976	0.48446450429864224	-0.12233494627617243	0.3999580038464092	-0.948462451392203	0.43519610959439414	0.6363326519766715	-0.6378138295676311	0.2475305653380049	-1.1107483717683573	0.1855158760360866	0.42926413183302436	-0.46945620179055125	0.1709788571775139	0.08642184585272349	-0.04970168308009403	-0.18822857344505683	-0.5798647881763113	0.8971432595456454	0.698104007933632
DTXSID3044831	-0.07692382484985542	-2.665268819413652	1.8453583607190605	-1.9952284392589568	1.7854591516769422	-2.031259331266612	-1.2427284183360963	0.5128045819616492	-0.6266795009647861	-2.065367946911795	-0.7872198605722421	0.1657796827610367	-0.8861310183961972	2.2521865029128394	-1.1648523410773022	-0.447942303172066	0.46596143056738654	-0.7208448822461316	0.776224982200048	-0.7780176212724119	0.39533451698677124	0.15884355418727636	0.8432744111137143	-0.5901385473836619	0.7827044919152478	0.12960941938343554	-0.8929670775758101	0.03940988219873213	-0.036321374061380036	-0.6455240029177839	-1.0278021369622852	-0.05918941762646139	-0.33418719098022326	-0.27741406866158846	0.017189472810921688	-0.45619323679189877	0.3755263414217973	0.617454224878596	-0.3137891658942431	-0.27927191770660836	-0.031629253528903084	-0.19408724444431105	-0.09679565014599907	-0.3170959936045275	-0.03139863168518476	-0.044288023058636314	0.11474590658892389	-0.06087369065344367	0.1207839739552726	-0.038227889158088287	0.08353306649987015	0.08280712657275896	0.34005875614840747	-0.46741954191704804	0.07504858176664096	-0.3276199205564555	-0.19152468757636293	0.02620382371541961	0.4800951305171425	-0.018004545686373073	-0.025727807976852198	0.19657963592664038	0.3383578323426385	-0.14947057290736507	0.08975161365838379	-0.5312083880279047	0.2992967269893397	-0.43533673932180456	0.48685094360537706	0.7433316397081405	0.5731685394610262	-0.09868023727283277	0.9186133843412583	-0.23006078409272282	-1.6107074037783915	0.054153123646919446	-0.8174407325248895	0.032617979729430445	-0.07758178512768252	0.5293167910819192	0.18840155228071667	0.0004259273295098489	0.4724192918323807	-0.3205397651612555	-0.5518016910390111	0.10905209036583553	0.7271422416637101	-0.31565341940929315	0.4981811398229986	0.1876542856672851	0.49842554154572266	0.1286746461093964	-0.3954294782506607	-0.23872774678005543	-0.09765135241946189	0.5429785872262645	-0.401936771665959	-0.24933633619821682	-0.19631644310761356	0.31144120129664316
DTXSID0048929	5.49289368667692	4.246951442952498	1.6013957232764189	0.9347135328347055	0.5650855916754569	-2.1400395334944204	1.4905374024174025	1.2864706919341617	4.035965736692012	-0.2411571558106785	-0.1358700796307176	0.19457361672796156	-0.9529316397608562	0.38754517250097326	4.71552998243228	-0.6638911884348248	-2.3918580783819494	-0.35737278262824207	-1.0675768743584562	3.611693981286305	2.4889907611213955	-1.0181348431026764	2.5746183568984478	1.1442815308019514	-0.4011239320812741	0.327993780054532	-1.6374576616977594	-1.624039724971	-1.2837870045061945	-0.16326120704736652	-0.10420004344982516	-0.44317834807612283	-1.3647161474256484	-1.3663975607958696	0.8049475504628206	0.49404994811734554	1.6844654290391867	-0.6254428143112751	-0.12008011739267216	-0.8971484106476204	0.8393264845699163	0.4617289740706388	-0.7904698740215299	1.3469363368974467	0.392116820029904	-0.10291868633823834	0.8717285981032702	0.021551867587891724	-0.021300216109069132	0.32205450451912915	0.21655478979123546	0.8196781335207824	0.021427289582422366	-0.0027449467455232662	0.4849482998359911	-2.24614750899385	-0.23930729351829153	0.05381595233382389	-0.2470430223075377	1.130208478460918	-0.21380487182851593	1.7688034987988823	-1.825359203837678	0.7307593739547205	-0.9589546920796193	-0.8626912122895567	1.2485475866936235	1.2733546044913437	-0.26894177112431755	-1.1078715654214515	1.1471480441093833	0.4705543501382091	0.2376398285125407	-1.3250334924078204	-0.5744896443189441	0.22494544024251245	-0.26949206453682556	-1.4447738474447673	1.0048250423574105	0.9344133893503269	0.6262045633906976	-0.5523243104603589	0.3815861219041894	0.15919926988169886	-0.32977160597350863	0.8273720416876363	-0.31181400248695984	0.5188198959431305	-0.9310841318747468	-0.4358726192178146	-1.2446729632310787	-0.4202065232696338	0.5520665042800367	0.7912870558463795	-0.4645163156866424	0.15070913593710714	0.5097394219749174	0.3491477086901436	-0.46060812660414985	-0.15494623445175762
DTXSID1021409	2.9349059208521933	6.623525141591567	0.08974437201374114	-0.8029003111013885	-2.3005674340171725	1.5012952690324792	-2.883617767773747	-0.8946833994522597	1.7626800659183137	-0.0765562886438126	1.2775624354285746	-2.5252379268900786	-3.6040373458066655	-3.621196661861741	1.0695363592409386	1.9525635588468846	-0.016548227935793615	0.6787332277294927	0.08479555031547768	-1.5125504601701538	0.20365643618219448	-0.7777837981025069	-1.2442762336816886	-2.1754259142184593	0.5986155815436369	-0.20443338786891174	-0.9575597809536439	-0.9284374741634817	-0.2443701550187587	0.36317048761089216	-0.45349724466083197	-3.361198387396332	-1.8194311584675367	1.5925728327868076	-1.444502271596051	-0.46710326806717006	-1.1228795198735986	0.041088862432989724	-0.2856227162992265	-0.4739134970575127	-0.1844111846035757	0.5381683895026156	-0.1052632444296303	9.127968149796793e-05	0.5764245600144459	-0.4383475152846759	0.3341365919105768	0.48701853048150917	-1.2522682772613505	-0.5243547838759595	-0.49728786437723166	-0.22590648088313994	-0.5862294304534785	-0.39803052943517014	-0.09284594257816035	-1.1374375165896928	-0.10111667757876795	-0.07358101795364481	0.35585485811609685	-0.5681201601013248	1.7479783389469659	0.4955531255332634	-0.7120749267259981	2.0488266121718546	0.978286115277208	0.34755117006854724	-0.5178046449389875	-0.5467334919651247	0.7639335855838991	-3.282484316134336	-1.9635435852734673	-1.0591551060591544	-0.37843861993419914	-0.3921274837402418	-0.5823004040566012	0.8413144536360215	-3.0956381977252176	-0.07868560956444995	-0.9192437267216893	-0.9173051660607796	0.6920706858749874	0.37753112865004784	-2.087905129061193	0.04019834675657455	1.3836892776184917	0.7744072301634757	0.7581693231051935	1.811988313316074	-0.6394859511700488	0.29817978884778523	0.3944013458572146	1.4034781750471028	0.5837075558409034	0.6382406682718309	-0.6921676390574345	-0.1501381048240142	-1.5552659530702158	-0.5059576238368573	1.0999835108851372	-0.24994939248006415
DTXSID9021974	-3.987692213723538	0.472568625263392	1.736486513581185	0.5602253414163658	0.0015680604542533292	-0.5098400141940059	-1.5238268443214897	-0.5360798792135013	1.1716543570435247	-0.990614219274891	0.34691125487289265	-0.13447653212385097	-0.13600287598257463	-0.1796624529027951	-0.6940226997598231	0.3123390705305781	0.12204519446066808	-0.06346262419347076	-0.5294945996360545	-0.6169786909957823	-0.003569548329803537	-0.3196745191109708	1.5728020074790758	-0.38216911270477505	0.10736220597778041	0.18188327366447513	-0.34536657680807276	-0.27987043567590514	-0.14541146493876106	-0.48532032575870526	-0.22942552296068475	0.27316644181312183	-0.09887619739715418	-0.0074532938234735824	-0.09657497370220064	-0.5841222927886955	1.7085605451394588	-0.9509539213587543	0.3477390028964679	0.24995836238210406	-1.4984260681707615	0.5114111402007901	0.4562354295267165	1.4779057080253877	2.154563519667118	-0.001514596377471847	-2.324555202128235	1.5097079197540502	0.9889420081821663	-0.9005961566975721	-0.2064852266631694	1.3316385363401206	-1.4991474107560707	-0.04079241550628633	-0.043971475731318745	-0.6124347554615183	-1.7890110604891047	1.2932356500645972	0.1639481932404131	-0.47082297100669196	-0.5598243703935495	-0.2979312871616406	0.21317887200100283	-0.24698441708757438	1.2720183414099016	0.24413422034549195	-1.239522848339678	0.9501294555549203	0.20002907566660363	-0.1790204398522042	-0.1432675560486231	-0.00023631744204980097	0.121015811060684	0.21806828459442543	-0.0935263814710626	1.0704782560155042	0.5633688660977071	0.42145003090322386	0.13774543645141002	-0.36362531309575796	-0.2574232465229904	-0.2079134365180711	-0.011435745680773013	0.3981447856363006	0.41569464522641886	0.15907350443164978	-0.5000589321168162	0.03683768825644233	-0.19132542732153257	-0.05069780606929296	-0.037111426904477204	0.0693026412435918	0.2921904026976453	0.2460054364958144	-0.0005768672523483194	-0.06886137081463124	-0.15681048766427635	-0.10928085565270851	0.315755571288118	0.17554981465766634
DTXSID2021866	1.9783009429756149	-1.676062153717481	3.0576454002341413	-3.652045608362165	1.440069532025625	-3.337313972727514	-1.4954413629820673	1.1997326073047738	-0.8661257624872564	-1.2671610816978636	-0.6514106542823204	0.8275822518719632	-0.6069777739036696	2.234327397090193	-1.6412231927269525	0.059985122690889216	-0.8817650948145578	-0.8041183143316926	1.3059206053971792	-0.19625679455786182	0.2538570475569269	0.7228764642850082	-0.5364502033650335	-0.9487473744437578	1.0781241011175773	0.230567579859981	-1.2665076840756788	-0.028381351108698525	0.3577903782599568	-0.7514121485557494	-0.14563502716881535	0.021355192454239502	-0.5241111911349017	-0.5402194037064049	0.5330647348364559	0.274368809868648	0.5722104029929493	0.554748003728711	0.24925551729035858	0.41675516365580934	-0.026088711785578537	-0.31730642200475284	-0.02873521387985444	-0.08265993762553044	-0.09169003081556248	0.15247343345325468	-0.2564072725513969	0.4545848851552756	0.2754168127209976	0.406479682898285	-0.052942426081286006	0.19232688641383722	0.11949724473462195	-0.3081240592465564	0.22202030450379867	-0.08863718114241616	-0.47998045321946714	-0.12325354735298996	0.17889405759857135	0.21534980478059068	-0.44591243495135396	0.3257450839288602	0.6296588245478382	0.35449060958295353	-0.06127051921516706	-1.32300541236728	0.7841036455208708	-0.6865248835126861	0.1161924887542028	0.7036832753133934	0.5405388993393526	0.3828275396235709	-0.4003393472297893	0.13488234065522087	-1.0282837315400661	0.7242857361975242	-0.40598071694173543	0.5292582897670981	-0.36319972320605726	0.5272143176925455	-0.010693176581750398	-0.6863000771412776	0.19623635335522763	0.07564866445355752	-0.28185444618755395	-0.09234453239426939	0.032969136524367136	0.7494245654243262	0.049746043243334655	0.4417135156269637	1.1407644123767597	1.2821333204793628	-0.33741799310114684	-0.6109301649917764	-0.44140223712939974	0.15509754799097517	0.17749226859678516	-0.0521240808058514	-0.2500107877163204	0.6411135154448611
DTXSID7024112	6.9442115343577955	3.299361397468805	-5.593098621051205	-2.368724427911656	4.546096813686731	3.060391227704358	-0.440654303425535	-0.740459948975653	1.1616151741357696	-0.9090423491747432	-1.7700268506481858	4.867733254273273	0.7715492642154524	0.8653142338401555	0.31638640719760364	-1.2228745133132102	1.634602672577715	1.0801609679270856	0.06260603977974386	-1.2454839216277278	1.6513456701623863	-0.5754128062331578	-1.179428564122438	1.6916751784074786	0.6038088927146317	0.6121995832298107	1.23066204866012	-0.5251722892782025	-0.002479835461586714	-0.2108403380995661	-0.7196462778213955	-0.554570694135174	0.08592835766859207	-0.29954241600147025	1.0946188667408734	-1.380335556903862	1.1612809269608335	-0.782984630705605	0.5190600073644696	-0.4856784337964701	1.0144578461591822	1.2628558799616012	0.12429935263361641	-0.3888104306962942	-0.0815180485636231	0.07417749087339852	-1.6561850264252689	0.5380919244226254	-0.20806450079267078	0.2164529364412904	0.007712259208757977	-0.34476965632604156	0.12600641543520494	0.30680177314545853	-0.36525978884162547	-0.06179510306248804	0.9397178902947113	-0.2745499650100536	0.4485451737382327	0.22510412778886704	-1.1219212405861911	0.14136123824657287	-0.13228449485971422	-0.6423487930517501	-0.14277754224541675	-0.06815153264088047	0.3035851554603332	0.16707060118057798	-0.6603055465609544	0.08293162373752248	1.4243115137853406	0.17377744960206945	-1.1065658117300956	0.6526889016323133	-0.44157071697687633	-0.2808901897635363	-1.004712951573537	0.7793871684990406	-0.23750696795490267	-0.03533087281387525	-0.7627951443078814	0.3752545554694468	-0.40341640964656644	-0.019041261409499598	-0.5030356044957133	-0.9960785592911277	-0.895790531887106	1.3200366114940336	-1.9243530396401622	-1.9064684866327326	0.003083263726440208	-0.07318968603038828	-0.3372883421771471	-0.840984849938082	-0.8756358344742683	0.5291741453363666	-0.4680812640955163	-0.24395704869756385	0.045744333819345756	-0.3129386558064412
DTXSID3041877	-1.9844584043696802	0.5677773979331923	1.473731825871587	0.15932188104189401	0.21026047643654544	-0.8720905500807502	-1.4683400580400041	-0.27280270089273356	0.8137575952657005	-1.5300543544264245	0.1971633315349323	-0.1385822538365276	-1.0304814833768978	0.751342374317794	-0.3673076968373341	0.20626536862276837	0.46266424368947534	0.030076734682667753	-0.18032504247349604	-0.8767274286318347	0.19548839692774755	-0.4149685984508247	1.0263206281856512	-0.216577730807239	0.672285165928886	0.08301933104103085	-0.640532000025152	-0.5390278041570671	-0.26888909928074634	-0.1604278144144066	-0.8751208430466979	-0.5178488994406129	-0.5594360075089878	-0.17043277454424902	0.3172339422540919	-0.4111667248029966	0.0742842792013256	0.08849896070637307	-0.2408470371353714	0.4152052488007271	-0.06043295098891475	0.15933372588400155	0.014768228966946748	0.1049219921850133	-0.45510923414138804	-0.31944773446398234	-0.028142707600223832	-0.583404806302533	-0.10721298846155498	-0.05365897553744934	0.15128874466782738	-0.13550457410796396	0.32985571478737624	-0.3662621438013333	-0.17289905982868928	-0.5205496741482915	0.13320500603639654	-0.10243651608901516	0.38960490465344116	-0.22320741623653714	0.44136879132508494	0.28231312286041355	-0.2611140152161551	0.4926961991455525	0.4170718186052121	0.19438581438291005	0.005022293179917675	-0.36683436239192585	0.25694807459144564	-0.10285087987483095	0.26006024580987785	-0.3600301343052155	0.7884113638194603	0.40273677206091724	-0.84741898519458	0.20241518543746473	-0.08156306850324295	0.5245731301772419	0.5052828529033834	-0.35412999016497787	0.2731448533482498	-0.3102611008336601	0.7462011419649319	-0.29333889192531115	-0.06561420369294502	0.1403834399826602	-0.10536422913908544	-0.9584926839832761	-0.13989511341317676	0.07228115481813639	0.6581625784289895	-0.4437079002819802	0.23867622894736043	-0.015273854854711999	-0.14558669831241025	-0.3421326220723554	0.14696843438936655	-0.13075602922908242	-0.042940837199177274	0.4646417502499422
DTXSID3045194	-0.159223829422927	-2.753082594140471	2.4887327022379195	2.6606601203469467	-0.12630881434814878	0.3936800409962494	2.241003766846761	-0.20528785352967846	0.9905819624298441	0.884187324713989	-0.9131176296826287	0.14904606365284315	-0.025793985163597714	0.06551538321971045	2.936362893372542	0.37062298253576864	2.284210155551558	-0.9529866199286717	-1.2195918057078343	-1.2948754271321665	1.1218533008713558	6.885560588016762	-0.6755479860461274	0.8942914834638319	-0.5043164545484917	-0.043831744766762964	0.33822326053630414	0.6379053119321212	1.5112386003518639	-1.04069256323522	1.8116980975026344	-2.653212589948253	1.3982403637614487	0.35111583328585033	0.11523226627388722	0.04245170530349138	-0.9410319762397023	0.44021632936462896	2.5497044268889884	-0.586331899722866	-0.8563574114097281	-3.0813959575258068	1.9612553548748086	-2.830826288372798	-1.7957169268757007	-0.7549471993407834	-0.8604065153684822	-1.0712252046008448	1.3457927622425965	-2.303748010874741	0.6115954013822247	2.3714430204417933	-1.1680100711062154	-0.1419502050648989	-2.0716147699890994	-1.3730218722668304	-1.3064935208530872	-1.7264423257992525	-1.3849093300036324	0.2555189213596009	-2.4364480019263994	0.32159981393353393	-2.3251181129974565	1.0122133526402213	0.7518776288059924	-1.2477970984976792	0.4244051248952721	-0.9585296836940664	-0.07247961005985563	-1.0509925821733492	0.5075630863162678	1.2250530819734518	-0.12558338045606945	1.1214812716620408	-0.27350549880996766	0.45015324587872385	-0.09889475099272067	0.33627462334104136	-0.1049227809083014	0.013124028618750151	-0.8321533506271461	0.2190041167053117	0.19143792728116285	0.13575354641545606	0.3184377281359152	0.09897933790413692	0.2922826859744494	-0.16158210089558428	-0.048402872964917146	-0.06223458855709743	-0.727022024032876	-0.9578561181809963	-0.26496757781157126	0.4136039959983538	0.46945758461723947	0.7840077216702168	-0.5185719226937716	0.5401304491518633	-0.718484539868878	0.4727825773570861
DTXSID2023068	8.849848119035137	3.70919478454104	-1.2346846758551202	-0.11752750186877528	-1.9939846005888053	-0.19710574977305456	2.7066565215261096	1.953328102001896	3.7351749929376195	0.7007354593742077	1.1675244009273145	1.3790268730862232	-0.6737433165691319	3.2926643112336436	5.738428387703002	1.4890098933983098	-3.698243723549956	1.9684210166825358	-1.0372774430901788	-0.3951725452944003	-0.21558954188264046	0.8451051135723703	1.7229932002244226	-1.5969377033280836	1.6001595085232394	1.9265407620692532	1.8906732862217626	-1.293526050373499	0.2807121801234788	-2.928338024340403	1.1941141073031794	-1.5719571006993591	-1.4558332188892231	-9.134744226317938	-1.2206684954189089	2.1581263164013174	1.905848353032936	1.885108426795481	8.693505637961	-3.7993193423101315	1.6420043222526042	-3.4126889262253153	-0.8174177536663177	2.9159223934304355	-0.14605150410939366	-2.009007354528991	-0.07070152283968127	0.029963483690038026	-2.628055299285912	-1.685023662295176	-1.4826851036977358	-4.981499076269492	-1.3120660873289436	1.3149701567278962	2.3514048531528897	6.140344083048493	-0.2685165869132993	0.0008263339246897445	2.462842638139368	-4.64928528467491	1.6537962245340954	-2.104096867167814	1.8441385554599439	-0.9645598272944756	2.8015624305552045	1.5353724509044966	-0.77761000384488	-1.8992890116709202	-0.2717761173114405	-0.3041891982858679	-2.1386296465980847	-0.2809178013291988	-0.07095269010632212	0.42964562788704463	-0.6040518918034206	-0.16501371749737026	0.9703524923424116	-0.11877972184786124	-0.896532362842123	0.1775274139290619	-0.2632782624070649	-0.29006010222017786	-1.0295290010882292	-1.208977123682273	0.8830937770938609	-0.2071367997374429	0.09108916191512983	-0.30656841433102294	0.6978128374174225	0.4341207954546268	0.5008614851495302	-0.7596277191668451	-0.4165234258630103	0.47867957479631823	-0.8189555337949911	0.12005860498842862	0.11448001944061768	-0.04744024399106555	0.16159443319314729	0.094248658799881
DTXSID2047852	20.035253436445	3.676606523148394	-4.227527544174304	-0.6409794291943595	4.879153988104264	-6.431292732524568	-3.1787681617915324	4.173421648700405	-5.20316827763478	0.18204993663915153	12.145325192977982	-2.341611781875758	3.797373389563486	1.8196378035688072	9.163544584678482	-0.8941929531396839	-3.1221646330489214	2.774695142669035	-2.729677373013686	1.3772725552103586	-0.20321220578792817	1.9085714783545584	1.8664899512022064	-2.761279597045126	3.779153401588419	3.221349418482468	2.7412921247416726	-1.9893273773600855	-0.8880558109945516	-1.6401335954287564	0.7048196246192798	1.7318422282671835	-0.09956957985450522	-7.6378907253505215	-0.687920907811752	-0.14465587917633038	4.0821920275847985	0.9358058537966152	10.160718522812497	-4.235944280115274	0.6797396969217641	-4.637364898928744	-2.7868669692744548	2.2406796026209372	-0.4355852572590046	-1.8306022287006163	0.9026089957978854	0.6968296860017685	-2.6977227239740653	-0.9894562390793369	-1.6216507421995048	-4.870573275800325	-1.1335480382153884	1.0785866351445061	4.1342218464971525	5.719161787207315	1.0624088074102218	-2.4661352948061093	1.342658365212695	-4.331647642027057	0.09101061962424123	-4.068952145310139	2.6078005862474707	-0.2956470004891704	2.563447384753955	1.071644733403626	-1.2615683953777068	-1.6490653698404563	-1.3831505470344692	0.18285091235682258	-2.2100728470956446	-0.13396389772278922	0.6405508055984467	-0.9205978762536914	-0.9086264690481969	0.5777682924876609	0.266976852523875	-2.483894226677628	-1.3511954077785189	-0.5517348256440222	-0.5479016100549541	-0.25475441769275436	-0.6750985638849396	-1.3595679779633925	1.3780031524093064	-1.3493201318919663	-0.6379804031845877	-0.5127266543289128	-0.5969978701288888	2.2172956248009537	-2.335262418052086	1.2985295379804231	-0.5157633171702267	0.6428378161890984	-0.35098665922459965	0.7722935634261574	-2.0577276334391836	-0.519585999360137	-0.4901180826124708	0.44329075075535623
DTXSID6021327	4.686060033325197	2.153308415621817	4.668378376722725	1.7637085092957308	-2.623065291082999	-0.3618251319896153	-0.5977330302628581	-3.741082361800308	-0.8783652279491354	-0.16881602321704106	-4.425204187337364	-0.2666169409827382	5.099505959252327	-0.28915862424025907	1.2393399408484405	-1.761170253078934	-0.6861610301998228	-0.05056262640886881	0.36959999895119516	-0.34424097365673134	-0.23552080979311218	0.3759894894289302	1.6820436337108	-0.15805845534095958	1.098392925845641	-0.34143734977337903	0.530719799918553	-0.494382819878414	-0.26312552885411356	0.4206042839080747	-0.06275643526892881	-0.2738519692771064	1.210340746552558	0.1066820470551068	-0.45774746101341496	-0.858035230246477	-0.2778006569817214	-0.4133944686725496	0.2617617694174576	-0.3049678295259728	0.28436148187948274	0.04200397928408621	0.15869827894829827	0.012638934825910756	-0.0768528573443413	-0.28390500537445656	-0.1412436764747783	0.05140628401166572	-0.08926630740859252	0.24120441762907144	0.09529961804906135	-0.438459630903054	0.4959020211769576	0.28818036068762864	0.2876886980734258	0.3034511243913444	0.7099350805709134	-0.34819454614442025	0.5392854513660805	0.43306720736394505	0.009988631297925116	0.5792207723184724	-0.656046162934522	-0.21909946006007333	0.05053013958669938	-0.2719621885506371	0.7230719418703109	-0.21175841011115157	-0.6974131269428565	-0.031298260791975015	0.1894381597359074	-0.49710297325357816	-0.733172156653066	0.06025531083661086	0.34519335265144835	0.2165475389037041	-0.0418263982396722	0.34909952412227746	0.32644900474099114	-0.5216083622663624	-0.18225510881059323	-0.44446328811677605	0.4606908014028241	-0.17192517406344904	0.02629485844029936	-0.3910801067628173	0.06650870559423583	0.21004574908358112	0.3625108312408579	-0.25777701527545727	0.30542664836328726	0.21729724456173713	-0.5933488183379815	-0.11713616373873048	-0.9653494480686287	-0.3451408699377116	-0.3496440945568491	-0.12474737244737354	1.2067206399948471	0.46187678056673065
DTXSID2026107	4.105288215935249	-2.248087287914907	-0.8657396176484218	-4.418333637301525	0.03955956468639047	-4.037145692318657	-2.2239291673219452	1.9051504348544945	-1.4254828082959874	-2.6606647407792767	-1.1724672603083444	0.9488991856413691	-2.703338054678511	4.448109871313206	-0.6527231835011434	0.4113216503603075	-0.7945308966589752	-0.42271017384690845	1.0949801767536318	-0.47821543907192826	0.6603754757002901	0.2258616351607457	-2.264896776297573	-0.44956056616346163	0.639031722355247	0.04217031932579767	-0.9235380277848513	1.151095218613813	-0.05454900165296098	-1.2583532307331864	-0.44844261722874657	1.8595268364868778	-0.22095898032201533	0.13213881634534985	-0.05784863096296443	-0.08115932441773209	0.12170082288307985	0.2541312830155206	0.3803601494481022	-0.255012232220105	-0.6210070729495909	-1.0731120991864924	0.8590890154425508	0.3489139038117536	-0.36574308593003935	-0.19616492509633304	-0.15810998964910616	0.5443584221775933	0.2655637054425249	0.7638032002340639	-0.17762763768984113	0.16779316210156886	0.4840234826567041	-0.7073768622550862	0.3473540340506571	0.3802327293669148	-0.7877682732299797	-0.4257678236702706	0.35302558156364827	-0.04188510043499222	-0.31581953529799633	0.4840990002225524	1.1599835674931906	1.3077852292072571	-0.30708133529232046	-2.236172802712313	1.7585609437407554	-1.1665575941601265	0.3826304425601584	0.6877594654898695	-0.2988318650959962	0.48171889329541845	-0.7238118096271454	0.16563392271530386	-1.149078529137262	1.5189143003935786	-0.6254428773183429	0.8726275691641264	-0.7254716105295836	0.602332245426871	0.4116675784167791	0.6373121225966231	0.8447881927621408	1.1852084794326394	0.1423416172038383	-0.5541961094617008	-1.430232130010064	-0.052446921391837424	0.290438299050602	0.22930557241770141	-1.0607788541566028	0.18284070432386004	-0.5851478663053598	0.2919969873099988	-0.6590575746863319	0.1550113663732106	-0.13093067206504272	0.34115384346962135	0.7590447609695637	-0.5833615773325198
DTXSID7021784	-0.8661125447461661	4.470437418384598	-2.192097315666838	2.6473752586929047	0.19937976010470557	-0.504740035906261	-4.114743614504652	-1.5526526254251891	0.8566857685411531	-0.6802708464926646	-3.396720679678075	-0.6403554371253556	3.8931055480996624	0.1923048993912344	0.034796206122215644	0.2015150818316868	-1.338210799098023	0.8094711451498423	-0.023222322579790712	0.3821104251414923	0.907264028860494	0.8062986864700051	0.7581787357521891	0.4106661573436335	0.5489694336360392	0.3580725256604819	0.9286309203457485	0.7871789381644491	-0.05517371938601573	0.4951899183428486	0.026169061263446015	-1.1834995545172329	-0.7253650048993825	-0.40013987848261406	0.2783716379162955	1.3177075393697606	-1.991046820331023	-0.19465872942245	-0.4971857445530088	-0.10596206011485433	-0.16682629726739073	0.30985536157581245	-0.20345684243607318	0.4650838849073203	1.0799998070192354	-0.7735558285497666	0.7380686466101379	-0.8255988860359601	-0.18189213878439142	0.3836180819134864	-0.0044313657399159346	-0.4721545589052759	0.6182769519800405	0.048469173010543536	-1.1715359644125685	0.5127878158382904	-0.4436971311415652	0.18802275390036674	-0.27028434821133723	0.6918606328550763	-0.9280567223998887	-0.9053378733577152	1.2739825982774813	0.5118465440804796	-0.02273962986720288	-0.6393203014338538	-0.28412085285777966	-0.30589104742818257	0.34649672001639237	-0.39181245375670565	-1.2693443214453057	0.8460910136590493	0.4232668775141537	-1.3021728610277574	0.0868090912961428	-0.8558479708349316	0.6676372696775118	0.5646341940889945	0.3003450184129489	0.11338215821476662	-0.7666200902742062	-0.6748943117343101	0.14437094429264125	0.24376792365102437	-0.3489442446346574	0.022761984913774045	0.05771160795863395	-0.25229121170234015	-0.007977915043466725	0.1928181128417461	-0.04828740634518638	0.15618147958375211	0.8194673661911199	0.28439266652720774	0.034243223602206795	0.29292345023632554	0.30723077738141347	0.13071243663694665	0.04622662930554124	-0.5141908054594398
DTXSID1034181	12.056499645881818	9.27977496408206	-1.0388690450038343	3.522383344066049	-3.740693918279171	0.04348739722635998	-2.245850440043127	-2.3361384102842653	-2.8194258817258575	-2.9330825268695473	-7.9540048279296585	0.1279459707784984	7.6526515510822835	0.4676675118393231	3.7458184286821954	-1.3780299832445533	-6.6258927561419725	-1.6219293038943534	-1.070681644342938	5.975699784620269	2.1326100576975446	-0.19425387023076127	3.846391147274029	-0.4888968754091988	0.6788556917151792	3.4986956084205962	-1.4058210719062187	3.020876212162609	-1.3409945007714381	-1.135641063617446	-0.29896456759863776	-2.203914335215398	0.8624397037494289	3.971311176354879	1.5564841394410471	1.336715241898711	3.6794870856646567	0.7876828187051478	-1.1210385153822249	-0.8863574652722801	4.90303485033655	-1.888668925233459	-2.1344263648775406	3.9890575861925788	0.04608221176090255	0.751170573991391	-0.7720877660356487	1.3224952791585034	-1.4072081136298407	-2.2007170530665694	0.05274656288489911	0.1883697684151061	-1.7212351432857478	3.185814087374863	-0.07825831268533326	-1.6503742820809293	-0.43257723700323414	-2.4589577908773177	-0.6654637495964715	4.201503462749692	2.20347422021646	1.149730658339427	-0.7423687814930726	0.7548779412508783	1.0354338549013122	-1.5173561682867205	2.706560869976197	-1.458918471650366	-2.124708647683566	-0.11088825527608952	2.596328124839203	-1.3507116170621485	0.6342765693966794	-2.237888641194137	0.06610433704446508	-0.5903825359693399	-1.3820600423844454	-2.1149707018849657	1.462624147772901	0.5923119357895706	0.5035001247339206	0.4629463087791662	-0.5857256754736649	0.1290223488182716	0.19401838045925518	0.7318847603702576	0.03988288917511127	-0.5042002460423817	-0.9223824666666058	-0.5451711505944655	-1.5975146999320349	-0.9093626953858439	0.4119051495095691	-0.7772523148893665	0.4265456128705902	-0.6193279770201201	0.9419828951646438	0.19286848544949722	-0.4752458571038677	-0.11894497519998919
DTXSID1021328	-6.062542228101767	-3.6758724889494196	0.9797510337089668	-0.049922952314185594	-1.6104657137900429	0.045439744806226375	-0.2046128538731021	-0.16972863629778098	1.395878650053508	-0.4982495231499142	-0.19259987667460612	-0.062253068810000575	-0.4811793750685312	-0.3083928624448617	0.5439507530220173	-0.15786524934889357	-0.5618983781437666	-0.12960951031516157	0.37205524720293964	0.7041415049674771	0.2051460288589142	0.4964417974961594	-0.582092180406521	-0.782793185256089	1.0887393262011844	-0.0629421652243556	0.2778628294650911	0.2723327375855894	0.2041500091441294	0.12320101176742519	0.7756849583478751	-0.07256359627719625	0.05816340214369806	-0.35623347261834215	-0.04841536775916995	-0.07618320620346368	-0.05372292687445963	-0.23038271220254075	0.4546219687575607	0.6165259883855325	-0.08131549282433126	-0.4273400800169742	-0.05936302833600715	0.03813547206723463	0.08004876735808249	0.16851891379932474	0.19278521889073316	0.257488402682827	0.14922932968076538	0.23474830416092776	0.044646351928694795	-0.03787618265706816	0.05218474604251594	-0.011719541361582923	0.4294535779108174	-0.47343256447662646	-0.14864120513531573	-0.27475971727263565	0.32417747299552413	0.07351813690821955	0.2435618728479815	-0.04898343633094268	-0.04586459093400143	0.2992829297538026	-0.0731687451905218	0.11658982755367715	0.4073361818480847	-0.33237652786591915	-0.5486816220283316	0.1076788147745773	0.5736539836551379	0.178435142976787	-0.20994127000739807	-0.10902236005412383	0.13177816078153248	0.09229179521808607	0.21957534553622915	-0.34820851344790116	0.3467382585176675	-0.10817621799484779	-0.19073346432200206	-0.481228645103315	0.6420775154609404	-0.37180630707238527	-0.09777627542361819	0.03662855434006501	0.054018917617109155	-0.20030946616432896	0.19456747371324656	-0.3235302080806409	-0.16780970423264677	-0.2832018337525404	-0.631616224475236	-0.3322870187175991	-0.1980800240125002	-0.06281168750294858	-0.40446817447017835	-0.17191719789321344	0.5407718494587124	0.022753331902129047
DTXSID9040130	8.47314107351998	0.08431182163364137	1.7107667294146802	5.986278454585363	0.26780767111917	-0.769403017961886	4.630367161876587	0.012761442040359285	0.18322066315182942	-1.644069431937611	0.8017110498961163	-0.48751434054816783	-0.5916476250543499	-0.19469184461212422	1.3885385528483054	0.5232043515169785	-3.5644551461472274	0.2042074766079557	4.472526390905324	0.08275670321816957	3.994731166561203	0.9629458066156481	0.10962399204910474	1.087020338459953	-0.7948701436215398	0.7748007358017014	-2.093860416905231	0.44362860214106825	-0.8037156161956974	0.3224716822198775	-0.03523725066415379	-0.9596204549847974	-0.5451751504003691	-0.5593520605970645	-0.26948057956372157	0.8170964487945936	0.4240977545873728	-0.16018688350619037	1.239828061273905	0.16631708968926776	0.09940654119322082	0.38111720057900417	-0.16089308219355564	1.6822369108816047	-0.6221761952477807	-0.9298193325270785	0.5369190417631896	-0.54872975564511	0.178180843370974	-0.34099132151587613	0.3330386148113961	0.20955206218871783	-0.6561846855708208	0.032348383876225136	0.42129506663573385	-2.272242916820918	0.35351758739165007	-0.18972614803017945	0.6452081068031202	0.45909804308784713	0.06482419861997044	1.6613107527331836	-0.7814865982719512	-1.8522063147050265	-0.3783703907814747	-1.1957910197797674	1.4046240462576902	1.0146449284687886	0.951081428966169	-0.306674279124046	-0.19638706107841872	1.490864993215321	-0.3281375942494939	-2.421277913884973	-0.1899227487721056	-0.7228817941367678	0.7211028055723958	-0.9683308548732799	-1.0372091533763121	0.27073238046297005	0.8447085858260451	-0.558342276341265	-0.8488178798195917	1.0422364808856401	0.32174046830647407	-2.8325195228980027	-0.6010275584173236	-0.8893838634236978	1.0912639395573538	-0.49582435395194413	1.492476530528603	0.5636019754347616	1.0696573609632767	0.28001950834290923	-0.34412353764557	-1.314974897787108	-0.7237561562568297	0.252519253082126	0.38027995671745507	-0.043719469302818656
DTXSID5023902	-0.284849870250326	7.847224582396488	1.4238936562657536	1.974258393810972	-3.0264498679683713	0.8924913268604588	-1.841817145472137	-1.7578284457174296	2.681835923190926	-0.5952391156384088	2.420243338466191	-1.0387254072660161	-1.3130010874645002	-3.7350561862411595	-1.157883848787185	1.0838191646450748	-0.9479074599525634	-0.8243260742580772	0.1847456760225955	0.01608966920920473	0.594441163546414	0.25912939244836314	-1.587422433057839	-0.867610400318709	-1.0572285734359614	0.06732354900313019	-0.6890090306175979	2.6616010870756814	-0.19434057520867307	-0.608341659663154	0.8655367611436986	1.7618044092299645	0.703705040086813	0.011933820058638389	-1.2737581375005138	-1.4809783988951704	0.3711110564500334	0.9021189236483019	1.633013075173135	-0.7907157261378683	-0.7163137168672628	0.9069935399562084	-0.9717178695944455	0.5831790597388017	-0.6095543594632578	1.4781769686746882	0.19468991674022956	-0.35053268459433234	0.5375513649417487	0.2153180654563655	0.371504628824092	0.5716448745062551	-0.49852092086407024	0.7135280899905612	0.276757672394968	-0.33073350158067166	0.5346053295495302	0.18818764354636935	-0.5654945767781666	-0.2111969799485976	0.47334972733085157	1.2673973804843546	0.06523078010723629	-1.1157873217409215	-0.3785284986545777	-0.8375031531791828	0.1871507541815796	-0.5112504186114257	0.5150432745381333	1.9782964044709601	0.1161460931709007	0.44514188148008255	-0.44286337608281484	-0.6625949830421474	-0.32064831669201876	-0.8343415544081639	-0.9539174753863789	0.2203589580724511	0.43977143607773145	-0.7125260271192013	0.06984399417784629	0.32151520341734163	-0.214077633923523	-0.45478765195145693	-0.3039019543438969	-0.4631912097404047	-0.2057731316927886	-0.3497334197254282	-0.0767925978689364	0.5881851863845518	-0.07998796100404776	-0.537672490249224	-0.7307257115223459	-0.5742138283442842	-0.1730939176076569	0.047430496505810715	0.13170241361010762	-0.3536675305038616	0.7385689696157381	0.22732662469214962
DTXSID2025846	-6.851124647641825	-2.5599956028254818	2.4144896403879885	-1.7891908961557346	-1.1835775358599252	-0.46383928769627786	-0.42338856095000116	-0.745476212400707	1.1193929959239557	0.21926769438757834	0.08769430064167041	-0.2294029545492521	0.42388356903656405	-1.2037584995929242	-0.7952808355222393	0.11777003999737992	-0.2904016549970916	-0.0977218720137377	-0.02579479116856098	0.449275789040893	0.02498564628495503	0.29359575336280647	-0.8451189753209176	-0.5649049668512673	0.16613515118462419	-0.20996652017496858	0.09363763893042497	0.07025213622454343	0.2476101540158255	0.1941382840598373	0.45206105057588897	-0.09526742622782357	0.19163810837762696	-0.11453960500390216	0.043297437239718094	0.23270425534490066	-0.2162931116937924	-0.07814599401941404	-0.03672078483907998	0.1771415926889634	0.016095375580818666	-0.1311200754041851	-0.3597345854125815	-0.2941604603944999	0.005092486472229187	0.212090776078958	-0.0017651922013079383	-0.15175689356563235	0.15926356150911977	-0.1631471313603746	-0.0030842648575213107	-0.18443188602004396	-0.14986872744293886	0.08934423291414104	0.06016868975076333	0.07981538688885173	-0.09414085079352041	0.1707418411255911	0.06429890587008988	0.11297838829033487	-0.15935812052815956	-0.06161449589374457	0.295851266870022	0.16778632887819023	-0.17619158779508604	0.2753694910547158	-0.288150917169114	-0.04406841003542913	0.033082218252363384	0.33157871697316177	0.5914938837171448	0.13993303971779322	0.35569065885810436	-0.037114303081759274	-0.21093892975722423	0.006954801093833727	0.16537464730015822	-0.024137191656359185	0.18266383428851068	-0.2473983231441977	0.29282876963468724	-0.442091104514178	0.04408180427977921	-0.11497653791242121	0.10697650145412356	0.05510790720040136	-0.16306142482422178	-0.2889557365893987	-0.08160877731389098	-0.012343356879190266	-0.16145622774159327	-0.019907787003362636	-0.04968209641269294	0.10475824830547716	-0.24278429153664963	0.09252401868065323	0.04877114146981405	0.14387295263355548	0.16134157771251975	-0.0003191412801472208
DTXSID1024334	-5.4951430886471995	-3.191850381103042	-1.8019948975100613	-1.275370445718732	-0.41206439026540914	0.8993466397655054	-1.4105200007678178	-0.1553518055703881	-1.3820274873059781	0.36804137225921035	-0.3785378724230722	-0.04377113101761225	-1.1716489506880823	-1.4602286686329704	0.1945564721197831	0.9190861065620817	-0.5947207936371376	-0.8520376820960467	-0.02010849034189093	0.04901326057084523	-0.5981368395046168	-0.08982912792338411	-0.564151321476718	0.3502832293820266	0.04889691204831995	-0.6559110300306414	-0.6488911948086563	0.09647902107172146	0.06430874345451108	0.015635202698554847	0.09294826489533888	0.15687421113276806	0.34034187447803194	-0.2624887147748546	0.22564364222500985	0.1454032481024173	-0.17999785001813395	-0.36758598758108324	-0.03157305774194745	0.15153158913239528	-0.20253196546771365	-0.1832315247271607	-0.11692301521250192	-0.055066266270423964	0.37501142943592347	-0.04245951037836964	-0.03460807377066298	0.0062432425068506	-0.08229521943263068	0.022273111789348005	0.07377659560467324	-0.07701665504879118	0.14557715049075617	-0.019303139173906983	-0.09301653495887387	0.13842404699833602	-0.008632817346263718	0.07952199973442947	0.3558516957764246	0.04105051810813111	-0.10532361767761447	-0.11772685313804021	0.03027265916710459	0.45966899505111153	-0.014823451407549008	0.023638998368149578	0.01985077456392888	0.04828730146806449	-0.0038717730023087645	0.0015205545756261432	0.12068426481856474	0.24041710402125913	0.07876499235360854	0.17403292007629823	-0.4406307572400324	-0.4554198850222796	-0.3742104169240208	-0.3878223044702902	-0.21539745981771635	0.20641549063765377	0.43731473006207394	-0.016089175361552407	-0.9541670102785789	-1.1015211286919415	0.17856470178934572	0.12152249971937025	-0.5421660500926435	-0.4561794032478319	-0.13302084535665046	0.2099483441915407	-0.30813505647930245	0.035824585357358996	-0.15655498352560177	-0.3832291247814134	-0.22065012356058683	-0.7879595079816323	-0.5717730821986841	0.07997698716965053	-0.1937392436037742	-0.8853330070117073
DTXSID0021094	-1.3755258654557951	4.236929967188209	-2.81831006048308	2.3269044147682596	-2.86910990747016	-0.863139989217382	-2.244646717681193	-0.9956215864476922	0.8772955134229181	4.940256222033898	-0.1437575245000957	-1.3406470019576242	-0.7744890105586242	3.453017763228996	-1.5009695143140738	-1.740954255691555	-0.6891172088359194	0.07048794702925866	1.5048167760058597	1.3292734748574213	-0.8760851032323925	0.5891104340048632	-1.4121922194493681	-0.05462676211556841	0.5247572870981521	-0.2514159558934773	0.15575250336182975	-1.2907928670520141	-0.3423709538873763	0.9572431597570765	0.14035689893649794	-0.7463218194289759	0.6715267676030884	0.1630575347655236	0.17305681063210276	-0.45738099260084464	0.7610294790747585	-0.6216861172378189	-0.13550077885497253	-0.15678664375903814	0.6748716098983932	-0.3677128602675001	1.091554773101989	-0.43882009322184035	0.5970209004645902	-0.08183549175728619	-0.21382167623631007	0.8115138820780108	-0.34057344858492633	-0.27861095735926455	-0.44716994181385644	-0.34216421994074053	0.16061116550966856	-0.22866695807278295	0.05925834168724508	0.2995916983072462	-0.057766453818443954	-0.701129216879923	0.2145664800012485	0.23946296044398768	-0.5839755815451724	-0.37839088530379683	-0.3841340981415018	0.22661580124287248	0.4798943035004258	0.3584133042470762	-0.3297077990564069	0.3923194227502736	-1.5033127037748164	-0.819688974891354	1.6344017605457042	-1.3265458509845525	-0.1362891461230773	-0.022434801002961077	-0.36337095884266934	0.11994089037998715	-0.588347724409647	-0.43559695216406247	-0.2923873150080476	-0.026658131977527085	-0.528605371898697	-0.39275463407594785	0.37889651261071283	-0.036132158101463044	0.17499154218608098	1.0181031069240052	0.7955454607714229	0.3376474654502061	-0.16633251312017758	-1.0232623916446648	0.15471866048761712	-1.493245900534878	-0.34683673842268203	0.23565854115936188	-0.714081316423448	-0.22920498830343355	0.23450699072497405	0.1534248775832396	0.5026013695042748	0.4947287546136504
DTXSID2032550	7.863688401623219	6.026476505696653	-0.5416918892068727	1.140211366599297	-0.5294344271567949	-2.9668243149495503	1.3640018754686922	-1.4337603981523885	-1.089470147443754	-3.4995624654618105	-1.3887665511683125	0.4491006100374096	-0.5287445329146551	2.93840926634677	0.19372190354485855	0.5225266560387534	1.7695675392952046	0.46455290378115666	-0.1226435585608159	-1.0829102546165221	-2.334525275030533	-1.075281594898135	-0.8321186672627733	0.6635709938217279	0.11795346303068517	-1.0711608989856498	-1.3691971452332763	-1.2095290230637898	0.43018214582993386	-0.28696399238112075	-2.385652893657241	0.2468610634790526	-1.2774828806898342	0.7728906916980943	1.069298431886619	0.5103625123478196	2.4992934758560508	-2.729335134091373	-0.7390897399458629	0.5086634716230845	-0.9068234609486193	-2.470874548701589	0.3187165360268895	-2.0159666490280626	1.5066485126681473	-1.1706701787320744	0.8836603084584681	-3.656376414521556	-4.7636442586676395	3.911158231470937	0.6842538975170149	0.7029374383371375	0.47551937649634657	5.606181715490063	-1.7809227215788326	-0.4371365626390961	-0.9258761113186986	0.6295887374656332	0.9518457846910927	-0.38105921971764917	-1.199222141362671	0.3342502011818482	0.6215176843375938	-1.1049719196695902	2.0180050330195245	-0.418961590687869	-1.126273176994582	0.7503623050749991	-1.0937656480669742	0.206218206091745	1.1595960351115817	-0.2926541982092869	-0.6593497288275618	1.119284906908944	-0.47495761664465563	0.011735163973943539	-1.613226613821649	0.5474631398149314	-0.06010617518109794	-0.7021503666903832	-0.3331654714768712	1.1693627409605993	-0.6285067346315077	-0.07311753499648405	0.4318954470490898	-0.4126973282819715	-0.4090446463379802	-0.7269157274046231	1.1927762310451244	-0.023330406594375845	-1.1260018625061115	0.380699899690469	-0.214544207032918	-0.5869720677641531	0.22191328437560925	-0.8805576011419041	-0.11001373177045694	-0.32171906166484265	-0.9128833620956895	0.4421373702791384
DTXSID6045086	7.6311487068183075	0.4749371459353572	3.814347173836473	2.960318155034394	-0.5230503223952316	3.127708501978374	-1.001750208020624	-3.472910595313366	-2.899936194039845	1.2596991912259938	-5.311360727376636	-0.5639923091655323	2.7249571853125416	-1.327218826914833	0.5938900964701035	-0.6675067898443892	2.1829509721316693	9.264147093290818	2.885900397789901	4.360694775841327	-1.5579126276500879	4.152111708211278	2.3942590519331497	0.04110071933874953	-0.01985943744611366	-0.051649943726277	-2.818462633377156	1.8440533560572945	-0.848358469545527	-0.7871037342809099	-1.1658002445801425	0.8673048728288778	-0.17569269512519228	-0.9550144965168007	-0.27853962531007637	-0.2835221275815519	-1.9514614057761457	0.8602905147583648	1.0885725114125673	1.1858807001693141	0.07517013183040952	1.1892438147153888	-0.04700883963817413	0.96145990948684	-0.09204473657676554	0.459642225527099	0.06730491701180723	0.18314625220829173	0.17793821376003832	0.21282940451112603	0.17059257802068312	0.48115879754331575	0.17193681185437004	0.3346227011850619	-0.01750241508073547	-0.9668301968661334	0.008894440013602825	-0.13250586777205856	-0.37458586920622905	-0.7867016165550933	0.8020867488438354	0.1594158066928727	-1.0524330033583444	-0.7437783838373766	0.9840705507270424	-1.1039044915547187	0.99283148369467	-0.33742952402234344	0.3873831885733244	-1.2697713227221057	-0.121726655008928	-0.5469988207220007	-1.2746503417002866	1.281443942842778	-1.0160352533712877	0.10870947329849635	1.0559900697542735	-0.031235631834941643	-0.5825832290440955	-0.2395357888564477	0.4700856251836936	-0.33254066437926144	-0.5305427513681442	-0.2949690763719878	-0.06663114915767665	-0.023696179298244666	0.5081124379989291	0.696403769593512	0.12417827038155002	0.6073298403403502	0.28261601744338305	0.0946602062837228	-0.8116385674870219	-0.309378009966382	0.6353428459214302	0.7509108204136554	-0.3172384300268911	0.05294962015846087	0.5829455213890209	0.629666640462809
DTXSID4049404	-5.816815101626148	-2.498791819969201	-1.9795014098848331	-0.6342905246933467	-0.19453238452923927	0.07492243318272009	-0.32280476373231387	-2.0005641382182606	-2.5497920173630524	1.40698177660119	-0.8360229935461156	1.6918788256483672	0.44604116698687535	-1.0627438612637805	2.225898820220001	7.515685391790409	4.974024282241043	-5.8330265638607965	2.2799728466325213	4.48826780159619	-2.7946242135329875	-1.9302291337995425	-2.481190187439512	-0.583252816368398	-0.6299828065070922	0.713252941006219	-1.5162370071521072	-0.9949049869211916	-1.7637447934251798	1.446563999010761	1.8358409802536502	-0.07278945871063794	1.1412950595427152	-1.0401230030495374	0.7894529557552684	-1.8520723257850114	-1.2800736455767556	1.459867232379386	0.09102729081093666	1.0155239396034563	1.368217026262182	-0.8656476234297442	-1.3129676947741662	0.5262646346560211	1.4688974002615631	-1.97624294571978	-1.0533004455853945	0.15443637005271316	0.5317778050275425	-0.5393811262607634	0.5312845228279258	-0.7356949127543078	-0.6903499225291133	0.4406058591426335	-0.978072424139061	0.7557751460828288	0.7609893762089378	0.6099275489324669	2.8964585646928285	0.24442966084569798	0.20952646488347118	-1.6358369519361282	-2.3504034388166515	1.2308161806324798	-0.07907072214369616	-1.8061404621430734	-0.22906581376901775	1.5754514917825277	-0.2322819283958281	1.3523405696287187	-1.0686415285785826	-0.8639040645906964	-1.2722727848981887	-2.0551320732310563	-0.633721427289285	-0.03013229552098052	0.853572214936713	-0.9215341204119717	0.199231532053512	0.6792729141164275	0.6288615817865784	-0.020367049319217956	0.6917491678644206	-0.26582752266967774	-0.6618663029863712	-0.43597796474268313	-0.07922844312762899	-0.5439219734511856	-0.5607574206602456	0.70302896158348	0.4036997045698895	0.44563291116247306	-0.04843646089801394	-0.45694417787991265	-0.20671764712112828	-0.3478350959977354	-0.38256988177632373	-0.43031490743604056	0.5616414776399692	0.1874692720523996
DTXSID6032649	6.532713674836241	-1.182729020142556	3.428321220625434	1.9029017262551466	6.784194163513639	-0.89319048873794	-0.5464765215001622	3.0431202219710847	1.9294788737809707	-0.9093563899067515	-2.6583344034673178	-0.014074523502591356	-0.23897172404788508	-0.43062306727975264	0.39456319349560814	-0.8509418008860492	0.17704845118557222	-0.4310600639091232	1.7075636256375002	-0.6354367753445364	-1.6006030503030078	0.08459903448936476	-0.1761085616625143	-0.7779164790879827	0.6985258710970491	0.27003031091151863	-0.9082965257817424	-0.32411646493243007	-0.23282161208553048	-1.0689588894712112	0.15739697254028193	1.036079008209251	0.13673123746805296	0.04877718939900145	-0.2766250516724123	-0.6833830847262641	0.6504981393192442	0.22756378865645682	-1.241152528795289	-0.24350319629998107	-0.2901576892123003	-0.4052805720688677	0.4164201155474822	-0.20733737898419985	0.4226203996464359	-0.6392862561721417	-0.36661747418739543	-1.1676871398301196	-0.0035182808161718718	-0.6455054975016676	-0.09691076445799195	-0.9752509959257354	-0.15663861216375116	-0.6403027662350436	-0.5601598805991707	0.3984315628327155	-0.8859230095966398	0.3968941746888303	0.20062806084417173	0.22672085436648276	-0.42925964078051543	0.5679627990173746	0.27208331901128757	0.21472560308159136	0.08782610708978185	-0.6719297298077909	-0.07798104269538621	-0.12886045331213297	0.6058725842285313	-0.8259685441407753	0.6220624647917322	-1.4550745914456609	1.0018129973209615	-0.5564916289752337	1.1347900231964647	-1.9135619953733347	-0.8224589791313418	2.998681934173366	-0.6898464243723569	2.007247446404573	0.004995103103431557	-0.7916807615251005	1.294267236071887	-0.4119312763394511	-1.0852124401843326	-0.9130906342660572	1.0026746139817697	-0.3764696292805214	-0.9713566113324922	-0.016168028532977174	-0.8924591668119403	1.1065250698593492	-0.924778701026171	0.7684728886671965	0.6106851923436926	-0.5786386327667086	-0.3800575029110858	-0.16260863966261865	-0.46672470131424304	-0.007000444218458327
DTXSID5047453	-0.1914393087419659	-2.769693982766625	2.992321756113201	-0.7597924825161165	-2.22388194215495	-2.0747755424524104	3.240893280950446	1.0325910347943739	5.031229018221058	-0.14243747604717408	-0.3458951217161412	0.6959966198315152	-0.18284934329963473	-1.9000948036477023	6.213929080637409	-1.742910385429886	-5.201913045345736	-1.563119434735812	-0.23761716116236292	10.401783554867949	6.400234986818842	-0.6037504093758213	1.2237293197206696	1.3468449912520042	-1.5178678312147	-0.3272222806937728	-3.9478044099407414	-1.1185029598213978	-2.090639121646024	0.1757347211103131	0.5183288917204067	-1.0240017105110946	-2.1015227232382605	-0.5325555757129374	1.5170495933293786	1.482403653963607	3.4996131758298863	-1.1588332577754235	-1.0405037397954526	-2.987725223258482	0.699333753616177	0.09713932495128244	-1.341979445599744	0.6909951511926196	1.0301716574557631	-0.17891261527133084	1.5248709387129318	-1.573062042430233	-0.12256207109092616	-0.915416858349642	0.0494005564655631	0.310140969305248	-1.1498930335509239	-0.12492259453034035	0.8346498675897498	-2.8977176342881616	-1.6768744779067404	-0.11588544288645156	0.010122730507136019	2.195519350348259	-0.7252976625438934	3.682147218238542	-2.021742199595955	1.5061652672422217	-1.9741208688782381	-0.4945704942206027	1.2596111396113254	1.7033909827696962	0.03631359959825215	-2.925071239047069	3.1337249807235525	0.8265947351189066	0.6812760377225954	-3.2743716931978377	-0.5132723978570986	-0.6017271742338273	-0.7755627219868161	-0.8975562854774066	1.6906866602115314	2.0644989310140653	2.065523986402042	1.4106335504139993	-1.755103234095841	2.528787036677216	1.3465230823300245	2.29670030522996	-2.4292475970010297	-1.946659145579772	0.3491942929371574	0.15175990425671917	-0.7300863415886056	-0.6927069861489054	0.3757204654062303	-0.6383802817577282	-0.09687873075115332	0.6625186350928637	1.1859281592895823	0.3439450800455983	-0.11949961603262578	-0.01906881772085365
DTXSID4042335	-3.3287635480191895	-3.8261327973789285	0.5659260485487265	-0.5646188973262263	0.19702620083735115	-1.2491346322161996	-0.7174711896728854	-0.45092682811115886	-0.18006896867127747	-1.07796539259821	-0.536232210285788	-0.010392509811578084	-0.09074050620415557	1.1687832078589657	-0.5613964344072631	-0.37778833992109734	0.8384655111049752	-0.12673853259498297	-0.09695433732242467	-1.1282093618688436	0.3386556064606967	-0.4893553346060459	0.974302553085272	0.10434629003573635	-0.5697625324887696	0.007617944687523367	-0.56927869417073	0.3818717638438062	-0.07075593364677896	-0.2778649360059251	-0.40857493768803727	-0.11252414709942184	0.01696411894731553	-0.6929682289628707	-0.12290498508011743	-0.1520695959221231	0.2006741778806356	0.42431328360691617	0.12354863031712722	-0.05403909303852298	-0.08068376981879807	0.17891051919031128	-0.1797371865414987	-0.024942334169755248	-0.19295964551949832	0.005736470510260331	0.11568304959366549	-0.050486755748151355	0.04397901671691288	0.08593802528651037	0.0696899075506405	0.18737998443513662	0.23080544310990603	-0.15999891623003895	-0.06655513022431582	-0.23066256677527283	0.3102982086971649	-0.06940335946696133	0.04605247871101149	0.23914462307684572	0.23540662663053075	-0.0022709220823477435	0.0649821479689519	-0.009489574403376465	-0.09076920923895825	-0.11870310666496571	0.7086668947199473	-0.37823187981210293	0.05137950666580741	0.29969484112313344	0.37019673692761645	0.107198777046365	-0.07398357547892892	0.06884835959377955	-1.3532144452817105	-0.06953686905908006	-0.5781423192288974	0.10039274988264155	0.06570047595775327	-0.36140070632636306	-0.2675474069247401	0.17113000778272772	-0.07176663140941691	-0.22092335480047587	-0.06131819549624288	-0.13686261770886193	0.31347701462558547	-0.33614968948548585	-0.05562972883251463	0.19382345294065675	-0.11853211110451596	0.25754722074409453	-0.11987046344996026	0.24274068939761417	0.08074170958675238	0.3654103630348862	-0.1962259574372234	-0.08668575435850814	-0.24818332651662758	0.2530856557569347
DTXSID5024504	-1.7295324879636371	1.3985883142412927	-4.703910593542021	3.015717456657723	-1.5071743786364316	-0.4435414997913983	0.8410672645265505	-2.3239008513596184	-2.180451408159372	1.2911825803591754	-2.741201293390974	-1.081417897104799	2.865869690783651	1.5862043725291974	-0.6178375782057596	-1.4778843992534576	-1.8611469295132088	-0.46587211199492573	-0.20709827534717626	1.7032358899251572	-1.0719189288134146	0.99073562295759	-1.6418052790610838	-0.5978422392123663	-0.206424606096535	0.8134794406109093	0.23325069435752638	0.24465164241874177	-0.040029028124490426	-0.13938023542416556	0.26469082132975597	-0.40449678078341755	0.3846688965057285	-0.20318918933329633	-0.01672128739511154	-0.48119595730050135	0.30257373625514616	0.0065224251424070324	-0.07232373299745214	-0.3711688101196335	0.8367254792680896	1.3311540906334243	-0.5650512902534693	0.5503073990665618	0.5741867184055774	0.6379402119311425	-0.27401833214488047	-0.3575897717557776	-0.4240027858183084	-0.16696352747647647	0.051296725976282154	-0.16328312353851385	0.07263452791391498	0.8251352871757787	-0.8931817987298027	0.3571926153554636	0.2949823567697473	0.837742496793277	-0.43853969791573205	0.5259753951164996	-0.6719344746477653	0.9859763491593682	0.031237593069770312	0.2326801656934529	-0.5478289163996737	-0.09291708428510581	-0.8617512467622415	-0.7520286014371798	-0.30296285930063965	0.9540518851925196	0.5565364178295493	-0.37476748656997527	-0.5384045235213705	0.6748794336060879	0.2480784896616107	0.17722453360074764	-1.1000724334486274	0.2741235040435588	0.43399434732372777	-1.756680799835061	0.3706588803249404	-0.06391095884989824	-0.8560871098565485	0.2778449712425675	-0.2174349177381318	-0.13430764680269353	0.35254435195070616	1.3147081066168258	0.0938426811421974	-0.04169366527839383	-0.07220754484316814	-0.08122814636532402	-0.48973107738727495	-1.226756062215667	-0.6536413397638041	-0.441349747001111	-0.8427366660108274	0.6853324367450373	-1.138298273960208	-0.36340786681829584
DTXSID6022133	0.5548750902565781	-0.0037067227447856233	-2.95975941059853	-0.4261105393387049	1.4040788578217542	-0.8516843713073459	-1.1471764908083601	-0.27370773950357624	-0.4276129311349393	1.7927630993220343	-0.6831144519332691	0.36668502572885736	-1.6133056699919734	3.297615997304134	-1.5642040837272302	-1.5795931054087013	0.7694851092127954	-0.07611231617565749	0.6586275653598757	-0.42259440315023994	1.4756718960667807	-0.18113990215352135	0.6061119325022305	0.299340417483825	0.31449982398807746	0.2565189643324868	-1.2505759037484563	0.08675561749885274	-0.3738247556978247	-0.2768554863625586	1.3860275542163092	0.7620020936612593	0.3710207846271738	-0.491268878037472	-0.4323461410315702	-0.1022355106004747	0.20063035899832485	0.42899673071271766	-0.4667418064018324	0.43716469015800874	-0.03252508187298412	-0.07420504458232029	0.09346704633585327	0.03550738545589279	-0.36063621994848977	-0.1074549544873078	0.25107181692509817	-0.20029477759112863	-0.3068586421471436	-0.032627087051058025	-0.33680066759094773	-0.21958051763925587	-0.09852322652950382	-0.3651753006372267	-0.43599439209514257	0.4023936050294641	-0.3260171593799759	-0.07026763347019672	-1.0304397547735908	-0.4397623447538801	0.3042553905123497	0.1109530024519438	0.7795248152773725	0.6706292719962393	0.057303426272712205	-1.3298484618421693	0.1400474899906744	-0.49583111992159173	-0.5792062099796204	-0.21365872560468738	0.028730073855005388	-0.23055294529370765	-0.4670151010305572	-0.5612078277410948	-0.07645931489744996	-0.56118288845487	-0.16328487708831185	0.9831615148821952	-0.03467443986339194	0.21451065200040928	-0.8310485626849761	-0.137916068910205	-0.28109448731549863	-0.10615680227304908	0.5357961186564084	-0.1551465764408157	-0.11647021876473615	0.19821141666582703	0.12677556775671595	0.978313247646965	-0.47863816496739997	-0.4944766911861375	0.5084429108636134	-0.6140780994504242	0.06643483728968086	0.6656872164356349	-0.40193424070208844	0.5267279789670598	-0.6691556432755791	-0.17926927258417213
DTXSID9025588	-3.4781357658987995	1.6409513536449585	-0.11758589975994564	2.0355072252518265	-0.4352966808035117	0.4076360184133935	0.25074579765110816	-1.5021434494395207	0.43035951822505275	-1.2489915644858012	0.4131994070702962	-0.568177228641308	-0.9281738376879588	-0.49743510422012677	0.039550545526335086	-0.10560921763982867	0.3636524407328365	-0.05002141520331451	-0.19947522975415685	-0.40706140668935364	-0.3603181114813262	-0.6018109398624445	0.5059571126180461	0.13262558439992592	0.29059406592976195	-0.2085490754999945	-0.5146458057748531	0.1664949920453439	0.13341921511780913	-0.22430726010014587	0.05390036160486569	-0.07042474942071178	-0.16396927700638947	0.047798683594645265	0.2430820908310734	0.07085149191074717	0.43106706176677695	0.7569862934637869	0.4144401436803317	0.4121390180571643	-0.41090509113095264	-0.05562674460912736	0.06742241074452027	0.4686443844690211	-0.28646836729859854	0.4674317720823741	0.28490119340724673	-0.10075956324236227	0.14101490577384448	0.11812651049687227	0.2487923112813354	0.04748348252902841	0.09017835852480088	-0.04355217491698418	0.05104020502954792	-0.38748718942955673	-0.00386001932475421	-0.3416202212063959	0.20295201293595316	-0.32768042973620054	0.5343791114526448	0.17371747031199006	-0.224893134275997	-0.05297883599662838	-0.05312273961439667	-0.32906570079286385	0.32509027955678044	-0.12448527700304342	-0.20509165087227824	0.44009212034340917	0.5648011428009352	-0.2309269128667378	-0.23481953180703066	0.44462842547107984	0.49605790617138157	-0.2000759342239578	-0.08006878499271364	-0.39610387371966976	0.32258927098754697	-0.1828782735802898	0.056586752162527926	0.6673424177241105	-0.17290807132040603	-0.909841145723956	-0.12438735641965436	-0.5164540114996592	0.03770189811949058	-0.503602232374367	-0.0216553066908046	0.41149470233716384	0.09209086819323824	0.1726851724304678	-0.678029940527625	0.26128620614077364	0.06680400053900835	0.15864642657725764	-0.1739514435083566	-0.14102940233059086	0.408367139927693	-0.19816390435583
DTXSID4048773	7.124620084967065	3.3433183225780065	-1.8751453423862947	-1.5453930953886506	-0.42509416076924184	-1.558103340811182	-3.0340795974306873	-0.5135172409363417	-2.2321435430304093	-1.7144844816273088	1.0330494740554375	-0.6330075655942031	0.7211049823531867	2.6805858675056013	1.4928833366639893	-0.42103423150660235	1.8734382025950402	1.7814885120083144	0.7822233913871514	-0.5379942813017823	0.6375313784112018	-0.923462513429977	-0.8607582084736064	0.9557200085066673	0.682065289197995	0.5107150610316289	0.638027826747487	-0.9846401591559802	-0.031115965096451193	0.4940750316714306	1.2161621968525786	-0.3540379520219411	-0.15411056287078675	0.727884932520436	0.0628167273426535	-0.9979992318910345	2.0455706620288447	-0.3674805062148385	0.3888607692192457	0.38300351856189363	-0.05843970091048765	-0.25409796307267	-0.4617364469579907	0.08937331726023014	-0.8660842045920143	0.0718957940090296	0.4631733140487053	0.24410234859244423	-0.0648427564268838	0.41987241049934737	-0.15881325256968595	0.06197254080510664	0.03744280897519743	-0.4598893824708197	0.46370920800116355	-0.06601275488733305	0.2857119655410237	-0.9428161250087131	-0.6267647001772867	0.01181432552097688	-0.47462886494567524	-0.06710665248907279	0.5922010084949525	0.355846833887692	-0.2106429075063574	-0.7300983895451436	-0.4015110441795651	-0.3480140773633422	-2.5409230633651165	-0.1989155605382625	0.821449706642555	-0.6114856417817514	-0.6714724219842496	-0.538569136873229	0.5386159682616849	0.9870838023968905	-0.59647199171356	0.3548204961344118	0.26031472031337005	-0.3482305595177203	0.37253232602057923	-0.4932733180418931	0.2560133006516822	0.11730501730017671	0.8423506684038642	-0.03395513546914406	-0.13723324138134038	1.4607185667316045	0.7164985892024665	-0.02789063979080073	-0.348159508726764	-1.5646307172471063	-0.12568545550839613	0.25296109534380284	-0.07470392626078613	0.1820410034599348	-0.17066588773931385	0.13763598474376545	-0.40324373625955556	0.07740681939875818
DTXSID7021601	-3.0399989340189464	-0.7258446400530508	-0.2806702631507169	-4.0569994266298925	-0.4421997273650564	6.95816103606113	-0.52019742786667	6.296538359424115	-1.602751731399404	0.1202258268159289	0.7209099830391433	0.5833246634791489	1.051756517026416	-0.7187621567813246	-3.2124876809530907	0.13245461943277595	-1.738744657147856	-0.8519748371166406	-1.553178216159561	0.8607903520219463	0.3535412511409001	0.5529998931534865	-0.08286234113148351	-0.4805307028196218	0.029996145620153535	0.7092571594455886	0.8161490536132417	-1.1166569288690453	-0.4469715557428322	0.35552455157175233	-0.2230827660769118	1.3079885615147064	0.3593739525669771	0.12086821538421853	2.490474320618059	-0.07254234968949898	-0.22082131222094475	-0.22642473604867436	0.14298958941603038	-0.06304706935595533	0.0956803050811216	0.17747789455276905	-0.05179853523154886	-1.0860927595698404	0.4383800022027921	-0.07218215611570869	-0.9777444436414272	-0.49970465579728646	-0.1594097132490048	-0.09462674485548793	0.3414035868510801	-0.20453630798400818	0.5805060945763366	-0.09942791131713595	-0.09434833403213927	0.2182273048661769	0.6183551395866127	0.739162257655469	0.25003544070445705	-0.25852299464419076	-1.0794310400877452	0.27018262470125676	-1.1072797669571162	-0.5736979235273975	0.029353101283874566	0.8217491117144897	0.8148178932756935	0.35171037615631	0.030204100387716867	0.10530301281702621	0.22826289694234173	0.7716516673167158	0.44378758545580815	0.4642049091159728	-0.1371392801823157	-1.0295473047202257	-0.5419852223615766	0.23242702873796237	-0.2267203897411433	0.2381247240228453	-1.133236355726934	-0.5785295799048035	-0.36182568338761595	-0.7875393695709354	0.5977501077401924	0.32608629449156723	-1.3622376151752613	-1.199133375176927	1.3557625049692346	0.7176147966022621	-0.9931353177678987	0.4462170598308558	1.8498074893178145	0.9983895274125265	-1.6461986881312656	1.8841464833932005	-0.04971635810968001	-0.3233557966956678	0.5830116890558524	0.3620232734441653
DTXSID6022187	-3.9278358657135164	0.7859992524897275	0.8530049687222574	1.4832048779251465	-2.068116098513821	0.5459798553634883	-2.3465437605456527	-3.5577621762837577	-0.31763531879957313	-0.20181003952660884	-3.7571519502519393	-0.3790896371247973	4.156983860934359	-0.21897386636960953	1.0128001653223215	-0.30973513886553516	-1.069945020093316	0.3269486614557333	-0.418719371130912	-0.09303212480864301	-0.43359980476893	0.3957150427286105	0.09645772811485863	-0.7815437243037641	1.8092327997080784	-0.010777424272147656	-0.8044287136330037	-0.8868985991069559	-0.39907075779371565	-0.22302950339497898	-1.719547912795345	0.41259345333984376	0.022747931079874918	0.6738024822124846	1.2043268068155597	0.6367665327949793	-0.672874616470897	0.5457971152980136	-0.1219767829949512	0.2160519439128016	-0.4234009661613382	-0.37791644128921087	0.2373116484635772	-0.25082713099555554	0.09188777229099217	0.02713589121201416	0.08646075570138123	-0.23812683916660982	-0.17620901924994947	0.09574388198206822	0.027834069125514962	-0.3801765132295233	0.5249639316236786	-0.41659437313793735	0.1293039994802119	0.2317166229028094	-0.5197963735887724	-0.2691259819897638	0.5173183929797427	-0.3449890042421829	0.37680970240586914	0.3028208503730842	-0.09562085096309744	0.5386497750413529	0.41074991736685346	-0.3613490118871473	0.4404364017890696	0.6475355287514373	0.22776491871549442	-0.04713605895353594	0.2825607452002268	-0.3635799214551616	-0.268980804476052	0.8551361875498462	0.4666715073971302	-0.15265683545575848	0.195041604564439	-0.5642354444414541	-0.2549546749132009	0.3315410037981433	0.14711226364608587	0.6916301113522623	-0.4279147404817306	-0.3712639056619784	0.26253899097188144	-0.14803761891794273	-0.062498689167673364	-0.11912388947491928	0.11456784877043669	0.2648631372579855	-0.29529433069422906	0.3938007879193546	-0.4161310899819209	-0.0640155384286172	0.1086983558209163	-0.17466533938392845	0.18454739985786314	0.022035544948961774	0.239024504707832	-0.11819112748437301
DTXSID0021040	-3.7784832055465065	-2.83320226699908	1.1280407436603839	0.294588736710664	-0.39547149801913545	-0.6920714377974522	1.1138007665740428	-0.24425215451432583	1.0442735640550596	-0.15128927778257045	0.02326878232623853	1.1155297665274395	0.025651829267554622	-0.23894943555484904	1.2586821047073047	0.608427688355287	-0.7610512541290099	-0.12571016148579447	-0.37023319969660534	0.8414956577402364	-0.88019066495969	0.6729977287952239	-0.39428812711211436	-1.098270168730923	0.19327338183148562	0.4446350639152172	0.5147408767685875	2.030936322619034	1.4797870943175377	-1.3496053986689918	0.1971204985297316	0.07476705723612732	-1.982369180856185	-1.5199607400827433	0.320715182065567	0.6775725475952098	-0.08411930170393506	-3.855517225239769	-2.0361277309458843	1.5471271328298368	-3.6433483193099754	-2.4679412327330774	-4.339397001658377	0.10395263708277372	0.5620436844683518	0.09384284117423135	2.391574696085894	5.535550282790658	-1.1906303208110611	-3.970445122481189	-0.984419588505789	1.0446839562939303	1.8666538520657694	0.1354229223557855	-2.9293386908423815	1.8901100537880822	4.763135409004728	-3.2662295184716723	0.6913904950789636	-2.019433793939061	-0.5004805285631514	4.183946319709859	-0.9080011966006383	-0.8403684847922008	1.2347612462366337	-0.9267721698356383	-0.5741494921443576	0.7617707133184007	0.49498006865296906	-0.2806153770991914	1.6921264617390583	-0.5211237487520208	-0.41060520191682076	0.07692259289259487	1.0524458904902023	-0.7655230947665618	0.864593361887841	-0.27978811096059775	-0.12058871756370051	0.42789897321834336	-0.5507756322014303	-0.8033490882209758	0.3071475186430507	0.8024668608652272	-0.3935903893751391	0.933695254625776	0.4692332696727238	0.5865341874275771	0.49435410023801896	-0.4953066385545677	0.8058040451660219	0.02733615532937986	0.14867322219511753	-0.03351510018786988	-0.16184572178080242	0.15935621934712055	-0.17969884607940717	-0.1407738620727239	0.7550309308554621	0.10674894706745044
DTXSID3041405	-2.33458979727054	-0.09241669187130484	-3.0562170350589666	1.617266280868886	4.272502116760168	0.6137931833770893	-1.4926609325404732	0.7032365288374283	0.12124029917847912	2.0933383697764114	-0.162218888015122	6.332934272004248	-0.5732369779622051	-1.6414059593330184	-0.39060666183914533	-2.759349300199091	-0.6479182911902667	-0.5604675995211981	0.20068359973158353	-0.4313106618458337	-0.8018871620899054	0.07819494514690689	0.7772467655872135	1.1527435900440566	-2.030381888262941	-0.07208715247475679	-0.07235821584160154	-1.593977760171322	-0.6672496884518411	-0.42227766485936935	-0.8405527274772011	-0.2833604054589886	-2.1354991033662287	2.675746803596538	0.22033049982618313	-1.7077123163845562	-1.8520586713470355	-0.3588896814189836	1.6584227973354588	-1.033266056112082	1.6494430310892738	-0.8676212791342551	-1.5925181835460136	0.7873721606236299	-1.2946140243362805	-0.3427180429345836	-1.0769057454042927	0.644897323275291	0.49791434773166054	1.4395399417821406	0.6976333596097877	1.1471508374185455	0.24999257574163783	0.7240319056260615	0.5734097894042877	0.17214559221309542	0.3501812273747123	0.887511979619317	1.434112099649194	-0.4057816536256926	0.11412618877447883	1.8247799370039814	0.5884043109964484	-0.10954915213442558	-1.2065458857213138	1.0347346613990434	-0.8282923126057701	-0.7884322936020126	-0.20607877429091503	0.3431936874215073	-0.7611023553085805	1.1279084499100382	-0.6936586232389678	0.19934130643145664	0.061702324975428734	0.9917740758179184	1.3797835889586403	0.28654016781599806	-0.37941129900097764	0.16391176393670615	-0.40693599121722146	-0.04983167432937089	-0.11484492534241329	0.43085960475010504	0.053453183067750105	0.4438449169584638	1.8903322995087772	-0.769910198595599	0.5804236195518131	0.7296684851377403	-0.3016861595900436	0.07526010636202969	-0.16535191611551406	0.6335088738022591	0.03558197239107589	-0.7338689942654527	-0.06946917114103486	-0.11169894391844835	-0.16437624827088687	-0.1824769243250961
DTXSID1046342	8.430732790475622	-3.0713492410170797	10.519515470679488	5.228751821204413	1.6684738562402908	3.8799079347102414	1.1264002749228423	-1.8604819852963728	-0.6083193743153882	3.1843630766277387	-0.3246890587330231	-0.654599621280843	-0.03606822812175902	-0.8483710259163361	0.8094199786860127	0.03442399985055511	-0.4916210925949979	0.7001725477998609	0.43442457214399044	0.020047569974282187	-0.27459692347173403	0.32818481796339716	-2.46179180627414	0.39132070995976326	-0.11325038716428518	0.23085336223920247	-0.5912864130013119	0.41765100205873595	0.3846782260093607	-0.28346261792590216	0.15319693591329664	-0.3195099973755103	-1.0416448085325438	-0.3585951608513411	1.1051941971916757	1.2833058514570646	-0.7750889346869041	0.7142713536868637	0.6398769770800915	0.5447921982279575	-0.09655845610552066	0.3886818255411392	-0.11521053263660933	-0.6917653015879982	-0.017090309967899026	0.342833974781598	-0.49092395248801324	0.5296744260797414	0.29053059736594766	-0.1063366786947163	-0.06226385466111816	0.3259954296036289	-0.23382862163005827	-0.018308015659533557	-0.28679798870983897	-0.6462493628944821	-0.07287794782197878	-0.10870208522839167	0.26397417207845575	0.20811703640599463	-0.34734445739551495	-0.6996305693659958	-0.1941861185007045	-2.0564299768573746	0.6147184286423139	-0.038247127248435576	0.12822091018095785	-0.17985014223486362	-0.5791838889949765	-1.7568514803017508	-0.027489227321126936	-0.3171593288062147	-1.0026724558271447	0.4409491229519171	-0.8295062141397304	0.004243177331740398	0.6140048233984243	0.04171592779037156	-0.0761993243176594	-0.4708096204027555	-0.6256770559258082	-0.21447793966174594	-0.37429489979554836	0.12358855313722937	0.03514672673470663	0.4590824979983647	-0.6613538243768715	-0.7589029962465816	-0.35457981991214377	0.15902781283178882	-0.18901214975925065	-0.7803634639137793	-0.6886878047420522	0.5506360307743208	0.21204479618351912	-0.13781805555675178	0.01638364330519156	-0.15648426423918432	-0.09021768980290217	-0.006493557126543407
DTXSID3020881	-1.038722883833228	-0.5350090516743131	-0.23051839090468387	2.1467066681157596	3.4512695355044674	-1.438229612588369	2.4487241961873365	0.036495308237795836	-2.2296442341727882	-1.987387658751933	0.37046867656096555	1.6359835527929092	-0.3780942234757946	2.209820259551157	-0.2031050230358315	1.842093237242301	-2.0660670650871023	0.15062046045644026	-2.7408222388430823	1.807733724508702	-1.752279149705681	-0.7118246081238164	1.4904828115874864	-0.6918596473123024	0.18853327219506602	-0.3229000162979642	1.1481608411415305	1.3401383333893209	2.0323200586070653	-1.4382356551470552	2.6635899431946872	-0.029736298969150192	-2.1225735545697275	-1.1432411777961642	0.3838364382745536	0.3577787761398099	0.43776264922431224	-3.144082454133594	-3.523396156441007	1.375027827806775	-3.113262781443507	-2.504398732451991	-4.145849787078125	0.5450682522008747	-0.8632335784316787	0.3401766807600868	2.8322055645247377	5.855164787695947	-1.2000480945799414	-3.4671389992329664	-0.9492032356350538	1.2315008414012165	1.4546034630639575	0.14371145140762462	-3.1772106774527904	1.6613329759532889	5.7342306704842105	-3.3506226796296428	-0.600975611029452	-3.250428227809911	-0.6790889503152927	3.39087286819765	-0.3063245268852921	-1.6570181537729904	0.8250528230657393	-1.1322698074715176	-0.6405866985550156	0.8576785568381039	-0.006371994006681633	-0.10866488098597943	-0.11885980348029078	-0.1637442584452416	-0.6033179649798639	-0.32791733086485747	1.698137004692533	-0.07479383254214986	-0.5055269923932423	0.17757671119385415	-0.7421036279440749	-0.09248619153589653	-0.023550480612434036	-0.4325389337959468	-0.23177463577207735	1.1027604095264438	0.05578761589488813	0.30711280170541966	-0.24321778140329686	0.23402854107061274	-0.0720703818426245	-0.06887989131288076	0.41704674228486455	0.43398537848381324	0.2612029148111264	-0.38885474394322356	0.3446271401713413	-0.22664566062190034	0.10316827316409027	-0.4480152267710709	0.21546822529999407	0.15292854879212642
DTXSID6025939	6.917809471229447	0.1563772821135138	-5.395881836497895	-4.184536897033022	1.1733710999154543	4.64829261201827	3.91084219927548	0.5428365420511735	0.9971125685836096	1.8200271271354878	-1.750308547989884	-0.8899880313225466	-0.8158109629526045	1.5499717248638036	0.9792255298320024	-2.191152018996664	4.047141880358085	0.6797930747453158	-3.1921675821721336	-1.3068292516107423	3.2566114027760413	-0.3298038462992563	-0.7709769480086456	-0.11907670593417086	1.628761142789201	4.127067458087049	1.3837667141852628	0.7619891421415445	-2.094061394690737	0.18158097888647495	-1.8402552511617618	-0.8652255840769081	-1.2903968832500246	-1.3901866351524985	-0.6889238339651208	-0.6552247850210273	-0.280060177198189	-2.0418634149992987	0.42096338234480507	-0.5039980464792854	1.8962414057199157	2.7703165321666208	1.4309783649779186	0.8006690882781022	-0.8416462356625779	1.743474747780229	-1.4643054633633663	0.8957740202892157	-0.3167033937398933	-0.12181216531463152	0.011863955004549393	-0.12045091489389315	0.8918781932275225	1.0159295412648428	-1.0191976298639427	-1.9980482669266206	0.7812015097063131	-0.8185258204641604	-0.452138827313356	-1.507465835736323	-1.1277846211889155	0.5304941948518774	0.7756542385758965	-0.24420353645480242	-0.9984626511053504	0.4963299764158231	-1.101938613238404	-0.013153629227796058	0.01981655645613257	1.8010069924629153	-0.9074574788584586	-0.10017934879609883	-2.0881276250397933	0.140699169081254	-0.780461421525682	-0.8871064258592697	0.3292295290013394	-1.3429426024529014	-0.6575533537855744	-0.2729770304250172	0.46420791123842997	0.900252553197622	-0.20440618345907283	0.8440508774148623	-1.4702616995114905	-0.7239449776872166	-0.661120743149511	-0.31867190673474566	-0.54902486188619	-1.5746414984697528	-0.2888165117699389	1.3373844137677373	-1.326505321074813	0.1403090107107058	-0.7889270531126835	-0.878880189362533	0.294874114968412	0.07634872102930658	0.8877456987145076	-0.517048706802637
DTXSID0023533	8.573843253955223	-2.5174305656912157	-5.562408815156982	4.62938610681395	9.276027839858575	-5.738766690181935	6.2764929889899355	5.103893933914592	2.499800429480962	-1.3279064486882604	-2.7572409331825596	-2.5744430212177845	2.0541969121869115	-1.6627768111571166	-0.9506144292443935	-0.6441245860044705	-2.589025050672343	-0.7232454949760513	1.8683014647654066	1.6397099280368952	2.316777927764112	1.0853144689547056	1.1858518758266612	1.3752539626017162	-2.3708626819522722	1.085828895273887	-0.7951030261927835	-3.477947451116942	-3.0385073003245875	0.08337144314051255	-1.2065153466519618	0.5452111302880768	-2.942290920356798	2.768747637833636	2.1536021440167223	-1.4548250589990939	-2.0083766484303456	-2.1307766319062926	2.123979882998319	-1.1289595470052671	2.540238253446767	-0.811437695558269	-2.651909051310049	2.0275959436569955	-0.41673546329510813	-0.7534922190731004	-0.4803316230617548	1.4421792762592123	0.12491022798116293	2.300321193731888	0.4710599554855067	1.2270841979108336	-0.5343233186091144	0.9287022053733225	0.7574183541962229	-0.04247793091526107	-0.6892501787600042	2.0550801600332713	0.4507008799146219	0.2808207439521336	-0.12884455895705518	3.4108854707915732	-0.07783401869064743	0.6982456423160178	-1.451160369882115	0.13804293012421012	-1.6652726131950861	-0.41892320309341435	-1.1578335417639543	0.15833488104794338	-1.3282352915153404	1.909325498608048	-1.5605140381792744	1.372982805203702	1.0014895983861747	0.6387790328332162	-1.9231774570941966	0.2577722406860404	2.036751488515883	-0.6938230224201973	0.333139612440812	-1.285204814364378	2.4003842726336058	0.7156481846666641	-2.206673588595461	3.485815269081834	-0.24605923761412563	1.1544898872061022	-2.35134847683484	0.39284953254727756	0.15232749497574985	1.4896100643506216	-0.4578568889808073	-1.2845680852165489	0.24058561154357108	1.4119298751258036	0.7832902037121564	-0.06928847452359786	0.8463785407860042	0.043252725503174515
DTXSID6047787	11.323919387557467	3.70602435409633	-3.885968404735174	0.3678870042927404	2.464373913968315	-4.361770265225127	-1.4490746066272662	3.820482008850117	-1.4928471127940945	1.7318481784405746	4.4775351608509135	-0.9529750329883083	2.503852396533503	2.123385049766821	5.355915371273165	-3.4294977142489094	-1.9128657285773876	-0.2831732183915157	1.445914563189054	4.168690939200338	3.2972861256371644	-0.4814850700559837	1.6662866859051508	1.680212151651244	-0.5287638819532323	0.09128802712345148	-1.332393020145281	-1.4827352240608425	-1.6334519904928584	0.8448195524134637	0.7219642589449894	0.7743613409889085	0.18193922880344263	0.16887840081375805	1.263716911724179	-1.1035736015034285	2.95293804180333	-1.1772730153891722	0.9102484613364225	-1.2135478110074958	-1.0096187395220693	-0.008018600776159181	-1.2771526654695537	1.2328319970443127	-0.42900200084580375	-0.33264011032058755	1.0184146049829466	-0.8621888497282203	-0.474698343046511	-0.027873361512159116	0.03072072800931628	0.4305164646585542	-0.7582617183068485	-0.18652128419556854	1.527055718821918	-2.2805626899559206	-0.07508106126550787	-1.4326521430341594	-0.9117586077688982	0.9533005095375446	-0.45379590251882285	1.2827434828364004	-1.344174517152619	0.12262132843051465	-0.7819135168005918	-0.9473956909921498	0.9204074241886784	0.9885001559649933	-0.11878360873525316	-1.350744877577366	1.4535056692166863	-0.6345386227851126	0.4282019939755404	-2.210213138891599	0.1259116462071178	0.17202252814364555	-0.49825012027323995	-1.4162840573775581	-0.11155564264808246	0.5468856162528699	0.5703718629855206	-0.1563382792042735	-0.06343640231190846	1.3593791153179635	0.7110705594160841	-0.07153386159093258	-1.2319209505067843	0.8961986641582296	-1.764792538541555	1.1078790038840352	-2.200927662822808	1.934338355334914	1.234784178322064	-0.6924728633658089	-0.6817717972804574	0.4263043932678893	-0.6074428391395067	-0.00296462126369801	-1.0024393083629437	-0.3992235196619643
DTXSID3057771	8.178272736507829	5.357168229856676	-4.318978707342287	1.5125303930580687	-0.4532045082814453	-0.8630717936209856	-2.782380499488776	-3.1136410422705683	-1.7719938863310125	-4.321228919735909	-1.8129993171803005	-0.5086236551899784	1.5110869666498712	0.10461867600271312	-1.8168034015490198	-0.2829890697796205	-1.0089276680505566	-0.31807466104054155	0.8482700057045826	1.1977226669928884	-0.010942596045947548	0.48401873800841405	-0.8556818564971469	0.08418232366403916	-0.8224308799894453	-0.3999049980202669	-0.5809370246509997	2.3145737464161886	0.16762836043022852	-0.027712572663615542	0.028810859805832624	-1.5587173133694803	-0.24374281343143187	0.7667455645070861	-0.18253119968385556	0.23414863410191095	0.1750400796602165	0.4870086220062969	0.21374786711294705	-1.2098856225355734	-0.3273546332074814	0.009688101008004737	0.1413424899129349	0.3319600063735598	0.9995248819357596	-0.2165411449378984	0.16396441733380698	-0.42829135915394484	0.009263126531050521	0.04171718799483528	0.2101496752690333	-0.5207503426969107	0.1486006161638654	0.26593901995274455	-1.3856251997933817	1.2270579686992797	0.288950967550211	0.0335568901976538	0.703569500962711	0.8179982257819807	-1.1759889886396482	0.148433013940205	1.5428467127909729	-0.7205181471416698	-0.7433469410782595	-0.6851322737875538	-0.3526938869177538	-1.0966079026888083	-0.2318327325321411	0.676454503916119	0.040382856942030906	0.9606380500071331	-0.06430629910123364	-1.2346492774938747	-0.7741207452347961	-1.804412242767936	-0.8706379593997743	-0.2850234709677769	1.3274926606022674	-1.2247422527545289	-1.7054986312680784	1.0065199633594701	-0.21316073433925944	0.04650579714889229	-0.1372671087622722	-0.5895105123310832	-0.7290393947323968	-1.4332936844087654	0.411282025454439	-0.4026159707123918	0.21336135343094345	-0.1449394626910515	-0.23456107391176215	0.5351640543567451	-0.2501741579754442	-0.1801665445224689	-0.5602192497894183	-0.2116481646760562	-0.17432604169018767	-0.5310646192123998
DTXSID8026141	-6.643776001901462	-3.864444482601556	-1.3051776029731021	-0.6700980309730121	0.9831413969996873	0.735325000441645	-1.3999510574256882	0.2157197299642849	-1.6300123329696523	-0.35877589074186816	2.3651508734206836	-1.0336335084103578	1.2667368099286085	-0.09879465129181907	1.6058949690707256	-0.6047585317540829	0.5191503813157929	0.020509202718628012	0.2217617540983897	-0.6631591576058052	0.11625713079567422	-0.004835416975065653	0.8992759667886716	-1.1693624381128676	0.47155052062662145	0.5592120200474504	-0.877354048008693	1.3387913319575895	-0.704045174344572	-0.10765734163584843	0.7670875828899167	0.565168845440793	0.4793671740048182	0.4164837575475291	0.5086946284493127	-0.41508831109152616	0.7461449922653602	-1.0434416406907832	0.7470384113098671	-1.3047314876089051	0.003395533390851598	3.859880772052621	-0.661364628268525	-0.7949969095111901	-2.3272344061196093	-3.5650089521407926	2.282581915637288	0.65622095970504	0.907093257626496	1.6640714500284346	0.3083738509978299	1.3907756883465676	-1.07510513021232	0.8674371505696211	-0.06884579077210867	1.4383688451132548	-0.37034838008693016	-1.3952466144391664	-0.336400977171932	0.5342767441979588	0.32976794470271714	-0.8518043931222106	0.14693225091844403	0.032925005466564884	0.8218945938787509	0.21866943292572436	-0.5803220726244178	0.04566919120579121	0.0007913598718371156	-0.07039618412161741	0.8439242105993695	-0.07216380554432923	0.08821884699359034	-0.0125764526293715	0.7087734314523662	-0.31598741972397465	0.5530054995570167	-0.12782341956219948	-0.03633639362459978	-0.568100728191865	-0.02312704516203056	0.11807267139473547	-0.6226577185278955	-0.005578530677288541	0.427435811055554	0.04382491505516707	0.04751048576193979	0.010218650025343333	-0.16860022898525903	0.02227916323696357	-0.4667437902548949	-0.2990407730234682	-0.11764124427136084	-0.032529874099325035	0.17030698005165776	-0.16634249090312114	-0.25374764005780465	-0.1459699560263441	-0.20798325957769537	-0.10378316017014619
DTXSID5023667	6.981168444745744	-1.846831375669064	9.201812274754682	5.559251202837134	1.6837411893596337	3.4917439525962988	0.9310091717634343	-1.625351416914388	-1.9886737072105864	2.4954761167891877	-1.1783411953069685	-0.07248592617867074	0.7780881853259342	0.42523188130320594	0.8168686732844417	0.24798113475701913	0.4975492000891813	0.4301889883351039	1.3072293212817732	-0.291562869805877	-1.5313090265740235	-0.8492683685218314	-2.05868953504228	2.2148912221349604	-0.9613838217267743	0.6494244769294297	0.26877350713260356	1.487594216706643	1.1691674270535166	-0.9304555630845246	0.8362756285118471	-1.9375889135321542	1.1135613022405701	-1.6024213950745632	3.5636258967351626	-2.436198662664776	3.439334159763722	-1.8108914959879117	1.266162207533237	1.2201913075779982	4.047310558412207	-0.5828559240383154	0.9133397227471364	-2.8659478617369833	2.330117857839723	1.2381418314608408	1.6424821865108554	2.8389772652806453	-1.1994880141243764	1.824677729173685	-0.43362502829429445	1.113925317196898	-0.9502104207163676	-2.4531215136644575	1.3121652698053377	-0.18172654491984566	0.34650755279685236	0.019341584555244457	-2.407698788544588	-0.3177760851134111	1.9200631494004634	1.0762492642281538	0.8823140065130307	1.799825441441894	0.07727915381754027	-0.16282614376062304	0.3047529905058464	-0.3618345656511609	1.6520040190216294	0.09332814879049856	-2.341363944300499	1.2761860581818674	0.8905430502736215	0.5522026724956971	0.9415252186209282	-0.43729263183802336	0.5280972470855475	-0.911630972646215	-0.5671884095373637	-0.09785247502171272	-1.0954325908273015	-0.43598896492598643	0.07613186224645338	-0.020155648688904095	0.4750800554951305	-0.5043283778546938	-1.211777924103615	0.06885443779446854	-0.05840874506162756	0.5347753731179922	-0.4468851693588067	1.325197765628613	-0.14347986949211977	0.40017326284957955	-0.47558676971342306	-0.03268506184890164	0.31469045328748335	0.017581303907635196	0.44087373090482107	0.058063243175347855
DTXSID2029240	-3.953898581546566	-2.1167221819507787	-0.08573355509406386	-1.45464988353387	-1.149071693168005	-0.18263732805654154	-0.6964506503688119	0.4998846933059609	-0.17667052521322	0.01320756338761304	-0.23622677449717053	-0.07955406833297277	-0.9235862137651147	0.5618804538176715	0.544840660995437	0.7765063823408715	-0.7063415859864149	0.8980417106822336	-0.5181097512467155	-0.09966441053187877	0.1667062786317487	-0.26780231149602035	-0.9151786957582485	-0.6205427851463303	0.6909574243381901	-0.4158291824282938	0.026157624216617346	-0.07806913332505433	-0.08758319462801543	0.14785522029850062	0.843589416530458	-0.3520438361395176	-0.05266169016826459	0.3604741926252537	-0.7701768100732876	-0.15939613541275144	-0.3661053173011106	-0.2695718285398759	0.05856664821766111	0.4763244423445763	0.0328568097731263	-0.4030400662773569	-0.18965632416220096	0.35303664858668266	-0.15919992211094014	0.14735924293381616	0.4758771313816956	0.19959789172559908	-0.0617876866373721	0.004967418894272311	-0.13497815610793704	-0.2382347833063981	0.01136156817995517	-0.14373499722315314	0.21397892859201353	-0.4600500880714193	-0.2442579913381673	0.06363080261212371	-0.3416416502359767	-0.46893579957002995	0.3329676147236604	-0.05288009775840677	0.05714970763410851	1.000958747725043	-0.2058312696094976	-0.6564224110110678	-0.15385494017795873	-0.08634126205657207	-1.2499673756937373	-0.49104601816698296	-0.4452492720607121	0.3764947972559439	0.09981694678269326	-0.5254646009873195	0.4969282786558814	0.03270191585710269	-0.4716192390464691	-0.530884171988566	0.6753086325045649	-0.18629456715115195	-0.16709074982945224	-0.26987029578163774	0.6310301558938659	-0.6963956395576988	-0.2208235692952408	-0.12920858313712846	-0.09219940968082319	-0.11951479672925627	0.6491057405186431	-0.6992656781340323	-0.17412677120208958	-0.9579408825064718	0.49259503414946654	0.5965080584626188	-0.5370474390066742	0.06856473467101588	0.23618884211543256	0.37592736987540837	-0.026529528273392868	-0.30794699120547225
DTXSID0045678	17.508211956716078	-1.364759989702464	0.6847251557496972	2.037510029117134	-0.668234524225546	-2.5118029896930194	-0.5352819370874248	1.1029269847454024	-1.0560742138503578	-4.245351899498114	-2.4987046226638006	1.2279455068514176	-1.2256816801655424	5.400522646827141	1.124054121033779	-1.4819251127722035	0.5859774447914653	-0.6495213870684022	3.3549618120134963	-0.25677294937878054	1.23832200420067	-0.033357963607002855	-2.10909864519489	0.6464116270764902	1.458173399591936	-2.165016934834989	0.04928100554894603	0.4058188550026522	-0.273597347178053	1.530524741216198	-0.359201356446341	-1.446542532443845	1.0252233129546513	1.4326271299359743	-0.2586032346869588	0.2150784034564158	1.0540199112594966	-0.7957573170110228	1.6228010991607875	1.187555387141088	-1.649332422307097	1.393607657104313	-0.21996039098432024	2.1728754378965505	-2.152248698008779	0.08526196521539937	-1.7287257343043947	-0.22217023252822696	-1.029315476947765	-0.9476235271602771	0.3555957639568947	0.9984217291034531	-0.36011055088691457	1.8457145554626992	1.19088869326875	0.5932086845635671	2.3183178106508424	1.6029316700014586	-0.6943415417064562	-0.8055437622408127	-1.2880282221000383	0.12261547516606203	-0.6472793266783587	1.3552498401193942	-0.7340334558391944	3.157655030140406	1.726285675110013	0.7543095986366479	1.6490802371732975	2.1750750114949526	0.08103431553642292	-0.5741495498970144	2.2358802384665935	-1.1149854949645959	-0.0860781490323285	-0.9688658578355009	-1.7338773172129034	0.09913066498872126	-0.7046954673637144	1.1975150345481296	-0.9226165406782543	0.8170518238354619	-0.5319908590497756	0.452276422784556	0.2796272809580111	1.0812276004053891	2.9356937918755204	2.5246237985785354	1.7148903352019949	-0.5442968663143753	0.180674261148617	-0.7443079980702155	-1.402698417665896	-1.9805484027908837	0.9874296296940793	1.1443897935288452	-1.6715619010214677	-1.0040841792640123	1.005066290297746	1.1916872702899661
DTXSID6057611	11.707270158174294	2.4326745761356365	-2.9076679266565777	0.5445625976571709	3.273932754623799	-4.228368452684593	-3.375447321836485	1.1481822615827928	-2.743345923567539	-2.4325610329935756	3.4728172264116868	-1.3783523172422922	3.132160433660688	2.239301450979705	3.0115352439125562	-1.279329178222433	1.083444535002446	1.423102508610888	1.340385104197466	-0.20154051680678142	0.014820235755351848	-0.40888187142282556	-1.7602125704047147	0.8393294950733347	0.7813270848436877	-0.22480815924641168	1.7351943136112618	-0.6026440168956388	-0.7709569608621606	1.9946432820506215	-0.6850808942569048	-0.42043864554241883	1.977360767114672	2.2988895579027795	1.5195507574222573	-1.1157284324405683	1.470233969431072	-1.8042133633596282	1.79859973257587	0.5023550065375034	-1.3701913071773935	0.6467312740749143	-1.4386451107979732	0.923075989149159	-1.4273882418949193	-0.22662906016813616	0.24715231394737175	-1.6728138910141885	-0.2715388389977958	-0.6750283333121092	0.3418547427853944	-0.3033852706383177	-0.5498311396311626	-0.2332076573967928	1.6214530151002933	-1.1438127282494146	0.14961317060404952	-0.737548833966101	0.26714837520505386	-0.27753332281914805	-0.1579380412558043	0.9290021876073477	-0.6546871779533551	-1.6797315956440393	0.10138927070150762	0.7156035213469759	-0.9896340845142708	0.7599931532232365	0.7101457513359867	-0.45474366456042775	0.3170382252110973	-0.8810785784806654	-0.11509898282215968	0.19493141441721584	0.9177939614936657	-0.6222280472457242	-0.5500307395897528	-0.19203540367247934	-0.17663513733544897	-1.0035148990011586	0.869329847684657	-0.4277996803282177	-0.3077026049367783	0.35386208720254786	0.6490578582612916	-0.09339889808949078	0.49128669801949126	1.498567226694122	-0.0024324984133521944	0.3495500145056922	-0.13999578914737315	0.1794784655841595	-0.16010633731026613	-1.170826489999036	1.2863748875530423	-0.0359022494779076	-0.017186074213659013	-0.3630878125235475	0.16597569937465845	0.1936227486131813
DTXSID0020288	-4.381295828350409	0.9447588292502914	-0.7333702138045833	0.8514978112801275	-1.4346797487891905	1.703945017040692	0.05844665012242516	1.095859391208815	-0.45574567861936005	3.0363364282924685	0.04898567583065074	-0.46545276203389396	-0.4492223323105849	1.0742501147710033	-0.5304075876043639	-1.5013017940506912	-0.020211167308013762	-0.5342196540989346	0.0833151068430511	-0.2988581922800575	-0.4588252127902727	-0.3010172219795976	1.5516145912889698	0.18096650612735815	0.13131718884514956	0.01652603064298557	-0.3742860063178832	-0.7494972225766691	-0.35924243616912327	0.1652000379170244	-0.7544376632807385	0.1943070710584516	0.9802734419897866	-0.3025290167539941	0.44475760904198486	0.6810232559029836	0.10305177470509952	0.2330149677167573	-0.1494969048330157	0.510175573956874	-0.03276780946133378	-0.41801827900620614	0.34587655784218324	0.07275213810126784	-0.1538722823551038	-0.027626163256271662	0.3513405132647517	0.07690873484471034	-0.14145831892268151	-0.15745070256409838	-0.09298139299139371	0.022947280078756974	0.4001843314150029	-0.2725840325263914	-0.042569538273471444	0.047728465292079136	-0.025516249059387302	-0.2662060562406592	-0.08926697865607383	-0.505933011966436	0.5315248998634164	-0.200376978433607	-0.13043148555245074	0.25326388718026616	0.20960046818043312	0.08285482220864812	0.2872627546230079	0.802027588900938	-0.08837998543896047	0.011034573242237757	0.3927831381809966	-0.12233583226500945	-0.3617217143772778	-0.2832362990605946	-0.10385612524072503	-0.07622176008310844	0.2924120707419768	-0.6358138554260679	0.5720405606691968	-0.4633221892823796	-0.17608281658367989	0.14470278534987321	-0.2699899663635071	-0.4381964606780311	-0.4440467927284657	-0.05461752973528434	0.6704373209429549	0.1666412076286214	-0.21215324761185836	-0.09381229163835839	-0.006080146718434758	-0.26849594294182033	-0.47490217090243725	-0.1867808291820598	0.20073111842151406	-0.4831375199707187	0.15916585622429644	0.10970597582192873	-0.26079013106247606	-0.18212604581701589
DTXSID8046161	-0.8395565052019459	0.5285289939986932	-1.9981622082621386	0.8139271510902322	2.9816573643389206	-0.22202813462157583	-2.1725932486657644	2.269607546452311	-0.952528755524283	-0.38438919133511845	2.169321952401417	-1.0411330286012228	1.6156759189793564	-0.554537074916682	1.4185984135451462	-0.3657494469746802	0.7027357045583432	0.7439473345397934	0.10704281945714335	-0.9409765799882532	0.6148367861209751	-0.5015125388298862	1.0254895285291759	0.4251574034329889	0.2766652509281965	0.37657929145652	-0.040969179683619905	-0.0014193699559660773	-0.37863063888014736	0.2437657840503352	-0.004532724933223557	-0.00017165507467005093	0.11770804388579842	0.2506775391512412	0.8050382633395324	-0.0990530824686098	0.0405592665842563	-0.19187025181737458	0.126853219094127	0.322390630516921	-0.18905930575860508	0.26775045553128973	-0.6175732084266718	0.16106188736467658	-0.15153508002766067	-0.09528916932873516	0.14855268967156593	-0.785961994697111	0.09336755308646029	0.04859099101704772	-0.026298546184630206	-0.21049461071680645	0.10209116036422528	-0.31714408893003665	0.17044407915242873	-0.30733487188426556	0.07172390853555893	-0.37990136983481965	-0.5870885826798401	0.19667266147904514	-0.2656413378582406	-0.43941701682359674	-0.26475423235382367	0.3499325003137438	0.020805932452044987	-0.19364004239667984	-0.4377486073408432	0.29101601254946585	-0.07575177015711883	-0.6068792762544025	0.4002467654195784	-0.3243038470067002	-0.30935194508097685	0.3280730202706317	-0.1550033300500122	-0.5219396439891093	-0.04711120846675564	1.1770821193211236	-0.36127881576275234	-0.22888297165482382	-0.93077745655449	-0.5166808655754245	-1.086120639942277	-0.3625442119933444	0.17109409031622938	0.776098058795189	0.47440445940254333	-0.3999187331587601	-0.358125638640182	0.24232780595377854	0.5193455129345202	-0.1563736763570168	0.7696568654049292	-0.491888102809905	1.1004935583200048	0.4870674153560767	0.7993180202744741	0.6541737806526451	0.6292395162218115	-0.6815421238215797
DTXSID6048626	2.9431841485938435	1.924744857599249	-4.31933567321318	2.9095214715721225	3.7230756282045405	-3.7709036370562674	6.494527926992975	-0.17193795423698513	-2.041288716978754	-3.439183359550681	-0.19968599257651445	-1.7678201495353145	1.123928044189518	0.28534119415592296	-1.9991040006939917	2.6678051482217184	-2.9153177546550184	0.1960671353008974	3.9444844791101596	-1.8049638561803287	0.5523562013021663	0.6596145044868336	-1.1310831118308962	-0.5181717334268185	-1.5358391285801647	0.5972329407263463	-0.7906246841215634	-0.7283569943805082	0.7276734890566123	-0.24964622576175835	0.687057383901717	-1.7473519376246318	-0.918899225638939	-2.9020898337959276	-0.6757313727770405	-2.2521379213225137	1.1481306420305766	-2.2882085008738042	-4.513401399899604	-1.269206522220361	3.2075366708152973	4.226931328883926	-6.870715095333943	-3.7873167214707464	2.7387484856467146	0.6098034757152828	-9.522492244044011	-11.24224689235921	1.1386499303560256	-5.615928848501432	-9.21387955002308	14.485586370414783	10.807145419507508	1.944639187822796	7.453300780374564	5.87793415331681	-4.833247512085858	-7.723514870154662	-0.6615069048622301	-4.803435987721491	4.846695500018263	-1.3392281094877632	2.7331462853141524	0.2361983325226811	-0.6037653025776412	-1.696181857193761	4.368997405439286	1.666725671388472	-1.7492690068474137	0.2039034771063263	-1.8424580203417635	1.5409290152356159	-0.7920158170261528	-1.3629660776668762	-0.38400620246915323	0.22590687840945217	-1.2606841042664207	-1.8017530749443154	-1.115347272180656	-0.49245574131672276	0.3065173167677026	-1.0792932790778542	1.8513103675141591	0.7908155211066612	-0.7921741150457015	0.2527979990776299	1.6304156314767315	-0.16406325342023764	-1.4487738011241336	-0.28466430603733955	0.7125971748705014	-1.0397890738126305	-0.22412267356244636	1.1017520316506602	0.006705453507552021	1.4879270191950609	-0.5748229810571053	0.43151281681402637	-0.33471306165212467	-0.4604249441112603
DTXSID6047604	-1.9808579412008906	0.6510898358454233	1.45715881336859	0.06695042782833181	0.3125523299377718	-1.2373745406072512	-1.3257671819821166	0.07548838069656176	0.41997577073970255	-1.570837322685462	0.10005000534054645	0.10238751088333956	-1.0610137829047945	1.332147337734402	-0.30716769010283396	0.0958962469921108	0.44566500506571055	-0.057115927874523624	0.1348641950212856	-0.8665255234848234	0.28624275105289465	-0.30014055272268036	1.022273373489132	0.12871575724628587	0.3429633691715571	0.5531763197368842	-0.35028156701223684	-0.28879419033831477	-0.10631016970200241	-0.4039760965024981	-0.49414058576190556	-0.3275373833687161	-0.8798015159548724	-0.4665998656506142	0.3313166045628535	-0.3327435781311873	0.15601001044351456	0.4394342836168361	0.03240068288114786	0.6601664145294859	-0.19649073498389277	0.26742615199322634	0.05789235956359387	0.364793094588812	-0.5105420243111181	-0.2644710739714706	0.13363397753456796	-0.4547813676161338	-0.08549150475934547	0.19677406597051067	0.1781766626565483	0.13360618625766446	0.33174652441056307	-0.39062231814398335	-0.14976393358533688	-0.5880563086544099	0.018889905173803186	-0.17824605246676517	0.14035256676671082	-0.2379645814992265	0.49573651967119625	0.2294437647967125	-0.16572761544156148	0.43259457422948244	0.37539312689948456	-0.19759232544179178	0.4437534983667548	-0.6301481862925316	0.2888165631223245	0.09500890367290081	0.05544487042862507	-0.3575273221669162	0.31067229199079915	0.3644752313643734	-0.5721830540262336	0.589201814286877	-0.005081395519401755	0.7189557337474662	-0.012308417490314756	0.06999452461697685	0.3559303829016176	-0.2421371183759607	0.3514185743761707	0.010013309167139241	-0.10649444131028807	0.03543341098382133	-0.11009161280950969	-0.02865578158610956	-0.01941882034003052	-0.03813557896791907	0.4996199391832387	0.08115676449943436	0.23955756652978497	-0.18849159460919274	-0.13991743374397708	-0.17788724227742134	0.0043253532315816225	-0.008709922623260799	-0.2800887943828035	0.22149694912891993
DTXSID2057780	-2.4173827146311075	4.396439769414309	1.1797281629499066	1.9925576838747066	-1.7297095163820708	1.1669174997686917	-1.2629306126758824	-1.7956213936082766	0.6407301083302929	-0.5962994905854245	-0.2735971474410669	-0.04237187547316338	0.47479499631226196	0.05098494950080018	0.31607989054793734	0.5704866337299437	1.2432357196724302	-0.04133734723688353	1.5846663834647257	-0.04767070775296332	-1.4432011438487504	-1.2697637100825419	-2.1619381398518582	2.4642220164440882	-1.0999531672349272	0.5784143848844182	0.14869108050651203	1.8256090871060622	0.9650463632341684	-0.9786852434785432	0.23403398300507355	-2.5687733111832585	1.2734906580399008	-1.2863838457997931	3.4787681047544545	-3.3376220420569327	3.9818241612058887	-1.8215095554255427	1.098838309996011	1.1097319717431633	4.24409676983075	-0.7043868876427918	0.8903257412048939	-2.367453340743279	2.1375672482853703	1.585063131956404	2.0298761792491233	1.9450694700309903	-1.2119365391994612	1.557947827158727	-0.23163670613353077	0.7969337621394568	-0.8162422396951382	-2.717737828443936	1.5438557160541007	0.026829094770772274	0.2951329198622876	0.14083095851240238	-2.308029142691711	-0.7474705749665219	2.606844576802655	1.647696196424817	0.714438251693334	3.036229101916956	0.03270952879477533	0.17070468104675177	-0.7032384210983053	0.5474914998513766	2.158560330654498	1.636145021159892	-1.1651177697622233	0.7766907408882444	2.069846691454519	0.49414934347133616	1.1659665410471867	-0.39206259512684316	0.43358972595119805	-0.7072201515537553	-0.12892762968957985	-0.014292674115429702	-0.9294118504571733	0.14821433964187447	0.18360439858471697	-0.0695446256515354	0.260598916379768	0.27434560965503163	-0.4156665525935325	-1.0701880142653786	-0.4228949391795096	-0.34456430330190874	-0.05727020461733338	0.052427705879997344	0.34531982017871454	0.5766600372191869	0.08399024310958006	-0.27472114516436885	-0.16287631966433902	0.09953876852986021	-0.33984088542806845	-0.3877543705048072
DTXSID9044320	-5.88493327738848	-2.7314323470968715	0.740135070786086	-1.6016819935986584	-1.236073107661185	-0.17182784614466645	0.1401275073851413	0.6474639760828471	0.1752686036918832	1.1677442582181816	-0.40404021773977966	-0.6472322538642111	0.21603822964521618	-0.784559237393809	0.42547571298026776	1.243958855167203	-0.853387712739077	0.1254962535744858	0.08450307659450221	-0.3738766491098534	-0.0891072373513358	0.11488752666650232	-0.08041033121908145	-0.09486247535594317	0.8450932252188654	0.2508324028867365	0.18321565728936	0.8104738230792461	0.3632249089890982	-0.40173431979824675	-0.5787214274870006	0.07262389111312323	0.7499499692769801	-0.15790178725515053	0.1831400839485406	0.8224877677575971	0.11220375910624635	-0.29354641469039583	-0.29307425559889333	-0.17296702128929073	0.5056453948062084	-0.3812750230659375	-0.16696528716348127	-0.30665997150063357	-0.11139064209016934	0.33785429299069714	-0.21780609434466305	0.06205758117285945	0.35206885970225976	-0.06920504215593676	-0.08376686133101562	-0.0745584908694199	0.28159410876637075	0.08733142562436268	0.28295041891055966	-0.015853435632415053	0.01303827134167738	0.40719720781801083	0.10796106271664176	0.1897248179370205	-0.5752358279908908	0.08794655639760068	0.255340320437559	0.3260965150595764	-0.6263471274833102	0.05678613697887481	0.16404168602885544	0.02227619390118597	0.19252020661224364	0.42059940119630046	0.7170546531181945	-0.011976208596475668	0.053065492136717206	-0.32612498886314484	-0.6834886923592631	0.7157426502560903	0.37772570698857494	0.042138849881090595	0.5104219464839699	-0.8143411713378491	-0.27256302535629545	-0.2412097287879768	-0.8021190104311157	0.3425761267865268	-0.7386810461371607	-0.11699756608821954	0.35253223925034993	0.315686838379435	-0.47171201806193763	0.20804203955049322	-0.1554928379110025	-0.4277883948221386	0.13943324107260416	-0.3149310961621184	0.37030693312039037	0.016311386044186176	0.20699096742452425	0.09553762110376038	0.4441608170417938	-0.42313652260001866
DTXSID0048684	2.5610497830940546	4.308490943835237	-3.354356186650565	-1.51281799339559	2.851633730590643	3.036828506951453	-0.6834279300303896	4.161853457303702	4.27497898471192	1.5136885867149186	-0.6676701763788031	-0.8516228212621951	2.2256749453585334	0.7423463104882406	-0.18646104609874925	0.18979228086513866	0.16762706093860466	0.34367260146542034	0.6241628658767968	-1.5168074443292707	0.1373010588393516	-1.1900315886798862	0.30230730111362847	1.2709153247591594	-0.988512919300515	-1.3886969108921408	0.03008221954320334	-0.08870276712880755	0.6115769315384092	0.30209813478118747	0.6431754064391355	0.11261395539638341	0.2253073694636354	-0.9079997893109273	-0.8451811345726862	1.1333917566444682	-1.372129677794624	0.11568937581098633	0.1390350291974572	-0.5457851182688571	-0.4000352522877718	-0.46686036877918735	-0.1558022443295661	0.09771510787640612	0.3943523570031963	0.5950121855888628	0.9589844692194488	1.5994295585222098	-0.004715723214168403	0.8039889720225799	-0.2195647131584552	0.9913451023850681	0.43063835591812444	0.23234222820920516	1.124893999758513	-0.857637327887512	-0.10904433240656165	-0.8663018568361205	-0.17563368697628529	0.4078102323746899	-0.07722688327590924	-2.612193007873397	-0.3153981618614321	-0.14608521003793506	-0.6675554923062524	-1.4833540446985194	0.8586772897039155	0.595345976178321	0.8760894479723149	0.63221262556506	-0.3841104873394156	-0.2456447483660133	0.16761914015802554	0.9192516216133748	-0.33939846693182757	0.45292950165919027	0.33305726474286496	-1.4476256970047872	-0.37310829783786753	-1.2701842336824734	0.5413806468660977	0.05791587023239275	0.5138519772904536	0.0038611306035087082	0.38328536645478006	1.0106035907549993	-0.6018761080425169	0.4707271426298898	0.16699486819409592	0.14758863695545807	1.0139712422123188	-1.8366111693423197	-0.04908554319500704	-0.543192724119713	-1.0777648493002343	0.08324454490585029	0.2922647896783419	0.02027090948386315	-0.8066273969256237	0.0030547171337632563
DTXSID0051863	6.024793006538674	-2.5969935951276084	3.835618801439735	-0.9381191440878978	10.555674156818677	-0.17953298412180962	-5.913069883871735	1.0111402621135552	-3.6350963415880257	-1.878427422167387	0.5301212100305993	-1.3360722800426632	-4.463187936624127	2.2418774052029664	-5.940891485670488	5.847992966272881	-7.11063712235124	-0.8690798566151472	-7.308336321738033	6.186298818058335	-0.06841934046654358	0.4356471707256582	1.1829768388578357	-2.3431883718362827	3.6594418521904863	3.942411684303639	4.192724126353831	-3.8669182042195893	-1.4685066904649104	3.2656603538145075	1.6737482572885158	3.3614534280707447	1.5749592870994127	1.955898366103914	4.9523540344240615	2.7211678410214297	0.7817103833418295	1.7192933027602113	-0.11155362140857689	-1.267435415758306	2.3964054275362594	-1.4651593140112749	-0.6193462574087184	-6.671629306470121	0.025857371729744894	1.0168189834880725	-1.592574209672357	3.872039525707192	-1.3011959248583542	0.6825361315292712	-0.319000349874158	1.8626644438979507	0.21041824854247687	0.674158779887767	2.1463914966338216	-0.7480749562079082	3.6439018295611705	0.8297182099286683	0.10071916497238209	-0.48724813460711486	-0.7442213123103804	-1.7809750789127143	-2.1025296719400406	-2.307861099291967	0.7943111005334653	1.1193420262404048	2.5637534016860553	0.3349684247054642	0.47174645314545	-0.8404713228838464	-2.968007722749767	-0.4312688503746169	0.6610754516496452	-0.492742339708888	0.0445664402731338	0.47190569531554516	-0.7237819149699415	-1.1779223213598458	-0.39103820936975436	-1.1865043341801018	-4.992878984973514	2.185757063544251	-0.5609777439464089	2.69144169364159	-0.264450475717748	-0.2906835834553519	-3.030565646067006	-3.4480506579692176	-0.19779585479335376	0.8877543069710292	0.2710402889632134	-1.0073643349660741	-0.8455065087577994	0.4030733764442589	-1.4039065071945118	-1.1475916504435135	-0.5510834701788814	-1.7831128717630502	-1.2182063809672399	1.4314035467880943
DTXSID9044370	-3.905050713014881	1.075342904609561	1.0202667367483134	0.46576614095240204	-1.0756027832806931	-0.9939979671173602	-0.20627784386307318	-0.6014770017063469	1.6929993396764826	0.7748530156860485	0.5900333938667929	-0.32608252146898425	0.09300285303882726	0.031399742200847125	0.26500644099430065	0.48869821506854066	0.1666780452782169	0.641291015187954	-0.011929626825527916	-0.5212673814933761	0.5534870542294457	-0.10121157105717112	0.9291290101715922	0.24225380793261075	0.11122530792867907	-0.16093740820483804	1.0423482255337018	0.42658816061280297	0.12698863415293615	0.5765007895703061	-0.05523054688974287	-0.7905232049700263	-0.05977973246978728	-0.7914325947281796	-0.15041001842827367	0.6912625221858211	-0.5743318993486887	-0.06748532917394491	0.10455070768258284	-0.049896215405562966	-0.058358881013288295	0.4601611688963648	-0.05181775450039998	0.30264147560553106	0.35466434897981397	-0.3092767362049225	0.5866833645021476	-0.17532186078422252	-0.05882957228880835	0.23423109197792896	0.1820567501567686	0.11455073891391077	0.5327882424624325	0.11777633674265875	-0.45158836732232116	-0.24957308850971519	0.17150880930778892	-0.25294593943765314	0.19002024261946782	0.6156166874531931	-0.15545451873263974	-0.5797024194282382	0.391820288080293	-0.19172312147854423	0.006926575430819334	0.3127677550571431	0.15425755316269732	-0.18772956824726658	0.18030560438336285	0.492282557397755	-0.7102414099339519	0.7458687502607054	0.2834286047979852	-0.4844564551715686	-0.46608308233280465	0.4136752107470913	0.07651339099524375	0.24452645829388617	0.16746115764382058	-0.11760398777940255	-0.006369860077859794	-0.22812948761747812	0.4474368311125082	0.06061522707989036	0.06304534953899177	-0.17713665254002786	-0.08867119609463345	-0.3639019236754256	-0.11005206146446125	0.2602320295770705	0.10288362190739592	-0.20009471214713503	0.3185834208988283	0.2070958824851775	0.046402148982556624	0.02161481879380907	-0.31859182445368217	-0.22179122706734222	0.16215925727422603	-0.30615913060281424
DTXSID60238701	1.7153618307990515	-3.2422565458302843	-5.549216154279549	-9.388951224736438	0.8489277846432566	9.709464570788514	-0.33236557198282873	-3.6767263425308503	7.066068041023859	-0.6529202912328858	2.625377806184957	-0.48102087993879367	2.785306968846185	3.77058015569902	0.14347844933029447	3.280455518357301	-2.0696938393081363	0.8980371035797352	0.9646998427315199	-0.9339993665457735	-1.088132354413857	0.4319172677497779	-1.1935559556040896	-0.18088977581667745	0.23504383295477718	-0.25039036162677736	-0.6874550371076376	-0.10196701290480376	0.6626279173133387	-0.5232442428321057	-0.23373942966826244	-1.2153960790335858	-0.7735665984172095	-0.08978171255365566	0.5823134971606032	0.9190181142904144	0.26285947923923997	0.002605282246524339	-0.13228405307062238	-0.17017176231034206	0.39234948534319086	0.5301410556435072	-0.2871032288974251	-0.7556456885308206	-0.02848763021270964	0.6548762640256228	-0.6739185414778732	0.3833636456823494	0.05288872908302405	-0.03506696457455356	-0.16161905552873257	-0.11666722812916068	-0.4970061987936455	0.3092187605566663	0.08713384364670426	-0.18075698880877472	-0.023923594639913903	0.4529171829783153	-0.5708398634817866	0.5776416592602717	-0.5192199252433887	-0.1029715145515675	-0.06970740962259317	-0.5158377490014657	-0.5151897240419218	-0.09146700074202495	0.051057506128208044	0.17044851391661386	0.056262174755648056	0.05481008495315537	-0.3084514580414796	0.1468574362482555	0.09976743205178915	0.4869105490309067	-0.824352187757665	0.3265598142705779	0.03854286255916492	0.27414578143108026	0.09928854577927244	0.4352545525623344	1.0230677911365076	-0.5886076471312189	-0.2611621651068901	-0.9918239738634526	-0.04529248826782807	0.9986163543772553	0.15340124879528305	0.4547121470537021	-0.5108678993398196	0.24717526334803794	1.6313973226081124	-1.218556009152253	-0.1311364650494895	1.5790324984331314	-1.7450773412497367	-1.214463194586323	0.8662735829503321	-0.1636870675095066	-0.938732931343351	0.02339054968090478
DTXSID5021914	-4.794033097072534	-2.8224861142333926	2.8293401711462454	0.15075992970979257	1.1015134148173256	0.13427754422536145	-0.7267234360338861	-0.4486898857338848	-0.18929194261185486	-0.37812117488713726	-0.44791889836953336	-0.34278310870116785	-0.26692873200645595	0.7917151804267718	-0.6450432876860124	0.7283678583238391	-0.41629463603876	0.32992830380025007	-1.2054650841339414	0.34875550681738815	0.23327603101653485	-0.37323905357438886	0.5159804255211722	-0.43494632482834183	0.4832820383699808	0.4936402817731225	0.514537235397049	-0.94389005154072	-0.07463590562779053	0.5055983861651846	0.6677655725868017	0.6354457195941484	0.3987989394125799	0.06827793332089868	0.4750783100017681	0.7235421176591416	0.4699958574872363	0.36212086243301744	-0.15330099494678245	-0.07975966379247676	0.3420836450033622	-0.2608148646471347	-0.6110269362646262	-1.4617196126626142	-0.25056451658089546	0.3740693918686429	-0.2941753885346438	0.8729945762692423	-0.10120714247225161	0.15478665845698023	-0.12442340906064393	0.41842824965347075	-0.10775892764716115	0.16847254012731472	0.38471881104309263	-0.1560936461421947	0.767133704803993	0.25582321400145913	-0.23378503111151494	0.15483847770583245	-0.1425974420934195	-0.39781427128671976	0.03578710137566827	-0.5470044370287667	-0.23253119815318107	0.15656287213036266	0.5034936432753413	-0.3620445212918637	-0.36401197915074907	0.3859644520620074	-0.06667797487885803	0.07446762386058958	0.06457671163275232	-0.1452211652488166	-0.3455857715720095	0.27727897716176947	-0.21434047265224918	-0.3267057177716871	-0.08148274334321408	-0.8082896753813137	-0.8312334840889557	-0.3220388979617433	-0.4291737348457554	0.07604582107319204	0.16415780441718625	-0.2769810147668466	-0.5013635555748346	-0.27602575561058496	-0.37243691315211414	0.33664728385223786	-0.464037601873534	0.36233312273314494	-0.21089264774305327	0.5472321416935014	-0.31276927837131696	0.1787131282648106	0.19656756055330302	-0.11897683729709552	-0.06832460824024983	0.15684840742617293
DTXSID8021276	-7.162771322362074	-3.3251371918430634	-1.5819944736508114	-2.7721114378975362	-0.4489078394549917	0.9480929730408978	-1.3704315230956579	-0.6454400145025221	-1.3109861338474427	0.5528838486807236	-1.2437244447194185	-1.9479260550827653	-2.474203717885027	-2.6219123272170877	0.2602277044480222	0.9168930517340846	-0.6053760198771568	-1.5193638721019394	0.5402912662216457	0.28967203918681395	-0.762283168889014	0.10427990959654415	-0.19032547529075425	1.2336311506889692	0.17213404123203055	-0.6423816380113251	0.4543167144752922	0.06108296539206908	0.49803032792120505	0.323563292162552	0.20476808988770057	-0.3471451348755663	0.5671223383195573	-0.6944196579012074	0.11973505216242786	0.21795469841482637	-0.4728493411512864	-0.3272145943163997	0.13496028141494107	0.14084805620013563	-0.23819298586485896	-0.19482748491272872	0.09905049024703652	0.19221543227896418	-0.003590871365129939	0.24715049985750365	-0.15336205797688507	0.28409077200688965	0.25950059527488095	0.4142288435403839	0.0670111797167977	-0.12585415102424008	0.32807434733412855	0.2290650850152073	0.48817311679819564	0.2915243966051736	-0.005384117530480061	0.08169867410988711	0.11625386465830828	0.45270255653348807	-0.3736091687971008	-0.3095235457422513	0.07889475844035428	0.3813983024968745	0.1620795308993668	-0.5521011188595655	0.010237988417302332	-0.018326985384851828	-0.11759711662604093	0.17741605315364567	0.6762732111591212	-0.32193384210746817	0.011829647861229977	-0.17443180749709206	-0.14336353748764172	0.34871318672418616	0.405291602882731	-0.6789994654716623	-0.696089480583144	0.4617974523355725	0.34722270174852166	-0.07745008157404878	-1.210445034578378	-0.5011650661046095	-0.9670475609064709	-0.10426169855933351	-0.4845260628719708	-0.6027927645906057	-0.4215329050228756	0.709917103319745	-1.092339595178495	0.07943753598018032	-0.5800242361446376	-0.011900692684695749	0.12267706662265643	-0.06416057549803805	-0.49498990769044776	-0.3812531379385282	0.2056877972964584	0.10070067828615195
DTXSID3046114	-0.23771976234324999	4.253777399705642	-3.8309467632404757	3.2326310742344155	0.9131734485232909	-1.7934939716812022	-1.7017724268763383	0.8360097717917776	1.882501800535734	6.009844870818535	0.3353385416015372	-1.105383293055132	-1.0425955378191556	3.732156882898442	-1.9395576384865718	-1.9000615819351825	-0.5339972209768493	0.4527483570707247	1.3804837727143473	0.7031101912806427	0.4631816864632062	0.5701154994459006	0.6086614852340116	0.3888220274765989	-0.20751096452088857	-0.14376018840688615	0.16163256355165956	-0.34337664404110113	-0.4171525624584911	1.3595502525837397	0.7551713674352017	-0.6659632797004704	0.07114781824955976	-0.7029739252736649	-0.3310261381205944	1.6458722497261715	-0.8610038286766208	0.212228974304226	-0.5462644476077674	0.14510453507326068	-0.3563835645186918	-0.09205753263692655	0.31657182661962957	0.30254239669080857	1.3427790377985047	-0.6953579213125378	1.0120361071526156	-0.021157423409582723	-0.2615189027602808	0.11656812258865248	-0.3562485725874058	-0.1924691385912675	0.26372666630838887	-0.21824559159216358	-1.2861165259760285	0.9067573385186982	-0.9591006639146178	-0.2823950327381439	-0.7510598578064145	0.5403991464174454	-0.604115177149569	-1.3447601456214386	1.6599480044969122	0.20522487396843037	0.1725315579373476	-0.9460333743873579	-0.3515103581947806	-0.042681626547434896	-0.14380879977614525	0.3044871502410277	-1.184763947044902	0.8068715653703561	-0.14175195479586605	-1.6602767064502029	0.6309357319979336	-1.0220837259692996	-0.21093372941799574	0.5805230566653875	-0.07693639774561765	-0.07725724278982204	-0.6074546967241738	-0.888378449423075	-0.034314928088184087	0.1422321812377048	-0.03800679500706597	0.06671513471066771	0.03999402406503326	0.06752679078569186	-0.047545241067898064	0.3432583439796332	0.03755454601578679	0.5835491521841397	0.4008595113413904	0.130440138746272	0.05808850404367586	0.61920766445022	0.38887338667605514	-0.04466483058516254	-0.09166561179474371	-0.006670450905574222
DTXSID8045773	9.346349213455843	4.3007803172974	-5.5173128294117655	-1.8408783870463514	-0.07985376829750997	-1.5248416195665553	1.3334384550939005	2.8708657814436065	-1.4631096453072778	7.9278053227485294	0.46673952065100416	1.5732480036032965	2.1095980132960714	-3.0108707956607033	1.3592403278140321	9.462921164069838	3.5086492853470874	-4.028849842905896	1.1050526884934142	4.35240088429027	7.569863824373531	-1.3650735559261342	3.033416384006336	0.6522065591102897	1.2566489970596526	-4.437656646959538	0.8564505687892255	2.132119383854659	0.5699107646079238	-2.519948059697248	-3.044073791522242	1.7324994607171735	2.095697065637624	3.6555706962095953	0.7364418811571929	-2.120365852513118	0.6434966947024211	0.564652018837491	-1.247934163478671	0.2973344415903676	-1.1991429280979224	1.3771875525131156	1.8061039576233324	1.0425318599091944	-1.596400272818774	1.2758647123840907	0.15220214678559948	-0.11759619512020553	-1.0987415591738616	1.2072972347942266	-0.04434128422929395	1.406648035368553	1.880346620037974	-1.125948286626813	-0.6498568564747027	0.7525620888930734	0.004788226891883173	-0.07993312607255776	0.2834011733953609	-2.0235487769334948	0.657749135373393	-0.07004982850391987	2.7928143263043492	-0.6226597358846601	0.6363503665161329	1.2820188112385544	-1.0965954924041736	-2.3854083484850843	-2.226068469357307	-1.8287203817690585	-1.7092634406148666	-3.187314549513481	1.4336518539414231	5.024697126029321	-0.37409570985039664	-0.19792398886589574	-1.1540786108391807	2.1886770803743154	-2.2739829719879703	-0.40944668179367216	-5.5665363232554865	-2.309634862459083	1.4593359101313725	-2.994518213799171	-0.1406712464679383	-4.449007436272135	-1.159235978966694	-0.19535203566405765	0.9196092488243034	2.76092870047516	2.4582047561343026	1.0944592630261756	0.6082438286972944	-0.6604133742962561	1.852941446675474	0.4291167730918945	-0.7029518200766165	0.01694718399426369	-1.3931138324634929	1.0876437088509683
DTXSID5031131	3.573143660608129	1.1830043538291541	2.6189576038731213	-2.986573146749974	0.8779869502764693	-3.1569146131200285	-1.8589132373507777	0.5490159434541326	-0.031877173561725945	-2.086784867320379	-0.027911502254973564	0.2945255423556866	-0.8536397870546314	1.8722264273646638	-1.9904586077794006	-0.4646516236131765	0.3304638004761682	-1.06884309820943	0.8716676769835509	-0.3146826866001327	0.5883868298063739	0.4444251452266459	-0.4910720666488737	-0.4030364497511804	-0.20775550533705914	0.06789535315144864	-1.1731151282952903	0.3699645910163232	0.3332549853898332	-0.8369180456485621	-0.8761954605963261	0.026602303242086286	-0.4197411017524452	-0.6835281214370013	-0.24678404598821405	0.7002735355105297	-0.025782968202791853	0.4578739397715944	-0.0811614725909456	0.1376619927439117	0.18775590423845942	-0.5457777047788628	0.07196530073245307	-0.1751059284155605	-0.06981621536759727	0.03330654666912529	-0.305944008632066	0.4790734749784354	0.08192328391047707	0.28921497143563524	-0.24732762712745404	0.20607050189064904	0.15571816811228573	-0.42096617242194245	0.05145704070596028	0.23571795541976162	-0.35101091694193437	0.1641078567384844	-0.03658790834471394	-0.15853346564003568	-0.4346626903432844	0.05685875604167297	0.6704972786181224	0.4045174059575508	-0.2589628268117647	-1.2316570005571839	0.749977311532144	-0.20808588598619754	0.3869206340856736	-0.04346614283252362	0.9049778482547791	-0.009856264240097645	-0.2227614025357989	0.1328641298870701	-1.653801020308517	-0.23140776529606163	0.530062825054604	-1.0088914280472192	-0.20463475943470186	-0.08167549780995366	-0.9292800418205088	-0.1323946345547308	-0.5816035906764971	-0.2762728934019101	0.052043714866616804	0.4411604464617801	0.9687261328763247	0.8163153442807674	0.45512419791233255	-0.6145013705219178	-0.7921127506473853	0.3282695679523303	0.05063915805593002	0.3536871588750327	-0.1841256752383571	0.5426945135721879	-0.8892020956704777	-0.073679415232905	0.0027278216379850416	-0.19435226021189575
DTXSID5022306	9.67425377540252	0.2992295331587417	1.565779563637551	-8.071507174044164	-3.109475129364018	-0.6898288214584075	2.1772647400970526	5.05241303568997	-3.117441379557378	1.647544318186212	-2.01868230291065	1.8561220331603023	-0.8860083699366679	1.824016331196131	2.107167601916974	1.4515067599048734	0.5483311419297009	1.313213514383985	-1.2895700058493715	-3.229895490356157	0.08016767006893001	-0.9284394022619925	0.11015580976340454	-2.2683303233664875	2.241106519163099	4.517234532563235	-2.847106269375817	0.9987668753741976	-3.7101472326914013	2.297863540424115	1.2266996813286435	-1.8740428201802009	-2.8751418500835735	0.8421201168267124	-1.3879011011697635	1.4913667640264598	0.5207699585158305	-2.55233466833367	0.0648670990535445	-0.7232684111638364	-1.5396162004878318	-0.11307598730963615	3.4891406023747797	-0.1822235537158618	-1.0029367849234614	2.210041690840626	-0.0648852120509463	0.9341976022084861	0.1855356325955593	0.8827161278856455	-0.33891297550553323	0.4282510091781818	1.2469693872641563	-0.6907093813323053	1.2557902760792157	-1.3098166713481847	-1.1527690327659217	-1.7469987583228461	-0.7766209415962176	-0.24440649335379847	0.6210421804675664	1.2771198663918293	0.7868388279715306	0.491073564001854	-0.690571494611043	1.5440215063012699	-0.8205829273721184	-1.8926505506639768	-0.9875882376694433	2.7527846872038455	-2.589670256937153	-3.225501583483141	-4.297608788749184	0.17303099332548635	-0.4899028790046938	-2.158240259059207	-0.26380948157358003	0.390264302109348	-2.408747609575991	2.0916144702721478	-0.12946840649599617	0.7748064746465315	-0.11470566620411636	0.519755187118511	0.6434578403559671	-0.16799173474881426	-2.256491858135163	-1.0074803060231794	1.24369644945723	0.23464855170907664	-1.1885096839922564	-1.0819437718846336	0.34554251922717505	0.1520455411761483	0.3161998271382429	0.49023498426612333	0.5584682740090207	-1.0442052097311667	-0.7472112343536237	0.6557718948450422
DTXSID9057684	-2.285878529549644	0.5183090326539772	-3.5097590222782933	2.3974136866759164	-2.3083625644272128	1.0974006867135238	-6.84524344965983	-6.554918666160597	-4.636497877586528	-2.5178559397971325	-11.065829319800317	-0.9333181803614355	12.65382968623654	0.25072267686905503	0.1728370033213938	-1.4538325689841989	-4.8362010436965654	-1.0153533962819963	-2.071152590914916	2.0699306126278953	1.0524175076365994	2.692794347165403	1.7716245812101326	-2.0202454088159096	2.0212529642317927	1.2881085558276062	0.6193122611781363	0.8368700744120218	-1.114994313786986	-0.9000990404524142	-1.205627282513938	0.6072793326119341	-0.25969933847115434	0.9773494589662315	-1.0887807619573935	-2.031587392898011	-0.6448752665584733	-0.7302639597959177	0.35451359388272236	-0.11459532393864412	-1.6991305070028588	1.1146247303325696	0.7435301161496327	2.0453773206630474	3.278332046947081	-0.4624047539913879	-1.7526880294963232	0.9684301071109601	0.5783413654371286	-0.3757801413622833	0.08483803196501581	0.70332666955748	-0.5464339790492091	0.5408544731421938	-0.14196933011381296	-0.24940810649549697	-1.3089310692108698	1.4193526730045407	0.3873315450710257	-0.6561933045000278	-0.09438241396690586	0.05735364722095593	0.019034000981254715	0.8159099392062863	1.8001212701498657	-0.45704558905814135	-0.8921148016728011	0.23460805941919866	1.46026384606901	0.11313601225583117	-1.5462419225878958	-0.16971510152420696	0.7234650079161608	-0.3240658349207063	-0.18485418419152005	1.2544968865248896	0.2734516170000117	0.18320753874620105	-0.9936629944482781	0.4000154824180599	1.1880936479425956	-0.6418496820327586	0.0013161142686921301	0.964203877650508	0.16221061936897768	0.5963728018434773	0.4306308031584254	0.5798931769371504	0.7900337510333955	-0.5813191842747033	-1.4689033388125465	-0.7461719227917157	0.2760736253470815	-0.5402095392949504	0.016612052686628822	0.6232317647228471	-1.7523985490187992	-0.7817425090944367	-0.46960458734201216	0.1639304035280684
DTXSID4035542	10.795268511384164	0.8266770383271861	6.939314383477941	-10.01704636268968	-2.9209963112402035	-6.89868150783717	2.364127338978321	0.9830041485604704	-0.2602879562596101	1.6855192242838635	0.376513794848534	2.033036775566873	1.3442707289949485	-1.5868518362938833	-0.31978894658534934	-0.6154084916554253	-2.649108144378621	-1.2178636834355256	-0.33160228693927213	1.9396667167832926	0.7799333381475899	-0.2744911289464093	-0.09987825145571921	1.122269329671715	-3.362513965965944	0.09002109152295872	1.6887668642001286	0.7152656379904643	-0.5838518566441453	1.1573247114225782	2.1281763127398183	-1.9771189919483012	-0.1458920790988184	0.9497673660488755	-0.4542442612532929	-0.037172121094837605	-1.6847106261503033	0.4306088505946029	0.026121677434774206	1.635024356895692	-0.9879620161011973	-0.1278230409297719	0.6413127233013761	0.09288636113034766	0.2254415620800677	-0.6332075207722091	0.626614354316806	0.13724112458750418	-0.26032988627829834	-0.15781891722352212	-0.005094701492199296	0.07799475686495369	0.3782313444315795	-0.4385156847936952	-0.93867879281107	0.2507154117831692	0.10813697678378856	-0.20348163115612591	-0.12931701978310695	-1.1433249132813825	1.8165469686942393	-1.89986104346007	-0.16499238181681383	-0.16910105694984387	1.3109806181938721	0.37685005152202744	-1.2181601373496622	0.46324444405604925	-1.0118648272350157	-0.03312780468714516	-2.028112989207841	-0.7933066638928266	0.33820105987956584	1.4266880987047703	1.1638001985884492	0.6815085616161092	-0.01595304088394787	-0.4772702235190255	-0.28148958165178867	-1.279026438896856	-1.5973322768004694	0.5126352551313504	0.7855222085044689	-1.901990436489832	-0.841274140278976	-2.602000621362126	1.4461783432862692	-0.41762630770216036	1.0293147118802284	-1.9745368054398391	-0.48728945640499927	-0.8953363695412375	0.26311820464981717	0.31894641605457724	-0.07143897062013554	-0.4394086236947438	0.17420639672944987	0.28218247036538047	-0.036758960283597444	-0.7999524164791777
DTXSID1051856	-5.855970487887666	-3.008881741106371	-1.2516783719061253	1.097648248505225	1.9588933475854289	-0.9052134408126579	-0.7728183636711438	0.107848017061445	1.1324139218536393	0.9954257003784174	-1.2916689066189369	-1.098320666982624	-0.17956083836520798	0.6016534196552205	-0.4830320366530447	-1.803209832963776	1.0317143134654903	-0.5064992552388226	0.02010838673936436	-0.5889065300460604	-0.7578599427386279	-0.6404880052879196	1.7557763670433761	1.2023287680054044	-1.9200729110562482	-0.44507539017215386	-0.42194723135258716	-0.33658967486913294	-0.7853586249895086	-0.14426377503050186	0.10879270815204191	0.15915718502717352	-1.4986249788353065	2.479903009031418	-0.04896958550821859	-1.778888103456311	-1.936869385147203	-0.8149826621326237	1.5391967500578507	-0.9810833262467534	1.2363838931223334	-1.4300550542746557	-1.725813491054962	0.4384981307041077	-1.4026994791492935	-0.4371525042454488	-0.6704836496266402	0.9806964047199422	0.46215942247852987	1.183852438585691	0.6210021535101632	1.1428004272743917	0.34024698425586336	0.6507169121272974	0.9714921616391308	0.3734807915424226	0.4820230260432549	0.813508087344706	1.2875666966830737	-0.5621641354767524	0.41666712167314296	1.53803075085485	0.9083121358172985	-0.07623514507064807	-1.097582392329773	0.8597803340950025	-0.4798257544904001	-0.9652628777986194	-0.5880177891159744	0.41922434248309326	-0.7279572400491943	1.2819465911225965	-0.3732152441332965	-0.5374812160382547	-0.9760059933127713	0.9524780088576436	0.783514861533629	0.6704336893915003	-0.02294837289651541	0.5105007432078413	-0.08301043514930674	0.21896130524741528	-0.5860432791666415	-0.8314988723150358	0.7294707583951971	-0.5765036635904379	0.5915091463808293	-0.5069494387200796	-0.9053874832745453	0.4338951769188363	-0.473374189126493	-0.39178728756175096	-0.4459652001201145	0.6876258122915151	-0.11631843723579771	-0.3984884514731278	0.08194653921449996	0.27711439233872304	0.12592244339191633	-0.5192656890138239
DTXSID9044821	1.3735078245590067	4.640204175291154	0.039407954323604215	0.9140875620359045	-0.6455180929577604	-0.9550586033864324	-2.0688060354311393	-0.9545710958042469	0.810822653966805	-1.6136669643305004	1.0120373167084509	0.9655461913516246	-0.4751775683008841	1.3157885276014687	-0.12431540637116215	4.144880587309518	3.6943298667926814	-2.647640911353371	0.6857991213848941	1.0435830138406688	-1.0799274270822026	-1.361950023982051	-0.7386137566553609	-0.4021626048949031	-0.4074147272297037	1.2822718446749692	-1.7946865061697894	-0.5941305857242395	-1.2374697485186905	-0.02987778917266471	-0.7157470216925226	0.20035703344607775	-0.9972890878272586	-0.45908852748052065	0.5822430123365319	-1.2841214025054741	-0.2314728625218317	0.84031292566937	-0.393320814697505	0.6219948596478404	0.5360745117331929	-0.18341479179626569	-0.3397841850918062	0.4258062006267949	0.3123808574139673	-1.519411746701349	-0.6774650006845861	-0.3841735271379303	0.028954734730159533	-0.24956064578757478	0.25488614838213564	-0.2432928941012217	-0.1331903716411412	-0.41020448230651674	-0.8978119602502527	0.09807168198518132	0.24897142347778187	0.2648947840315264	1.5897213388115816	-0.3848097599415768	0.41704892158549006	-0.48406163132813557	-1.3696634035283892	1.2541405848487386	0.29105962819659503	-0.7394594181476735	0.39955986646954283	0.08742373364485294	0.44020851842439696	0.38616836396056897	-0.30276417359833707	-1.2786611222501105	0.024136207733039105	-0.08880524282729943	-1.062851163030575	-0.012930323777634967	0.45432274864457584	-0.3743741440059452	0.006647205083766919	-0.018540673287118687	0.6389610117169718	0.15350537387545857	0.6293196522295604	-0.2493909556899184	0.18220960210416023	-0.19696718417655895	-0.12131299147056787	-0.7374202480524493	-0.6081694540957051	0.2631027577905756	-0.5962147628733503	0.18744075498455884	0.3578909952990291	-0.11250275858381326	0.6253218788984231	0.0919543419373442	0.3099457486235426	0.4194652311074873	0.28952627881522086	-0.0704377756480105
DTXSID4026713	-1.7433812647192066	-1.8888455841899319	1.507273777999711	-1.2707723232970887	0.1582930173207532	-2.346297529336282	0.25036368326450925	0.5282516011519433	-0.013213109891075549	-1.0910092805225546	-0.6878153582731753	0.18961067944806873	-0.7817180764989334	2.190005186814693	1.623313195028253	0.687051165794657	-0.870829318365561	0.45206972125593137	-0.5818812032803731	-1.11352727241056	0.09757494443071006	-0.40668146558994706	0.7307241547021683	-0.41266071254484954	0.027475395418422165	-0.3696892635810797	-0.515155900587649	0.15052131909693656	-0.31842911723646933	-1.3437670487375826	-0.9352526945511703	0.55764367896983	1.037190588762369	0.009823381280358635	-0.8905896792590822	-1.23364316943055	-0.7508096099972369	-0.006550639808344366	-0.6867578776767695	1.0012099986533582	0.3524240068982147	0.12951156408465847	0.2602615051003298	-1.3328681473417485	-0.021188370580556174	0.46884291491327995	-0.5456219194643581	0.7991629719655481	0.4265312831319039	-0.010820058463388432	-0.2729591785354245	-0.2697249705357441	0.4070251801812952	0.09556181908073505	0.24928063760595323	0.7162327151716884	0.43991796155340773	1.27853498975714	-0.47632487588129385	-0.17216087637676525	-0.0070291951194407405	-0.8075994811935057	0.22483528146193654	0.1380305703526921	0.165283504491145	-0.41092378544333585	0.04935778195526351	-1.5671206717440733	-0.27734658682659136	0.5299662774463402	2.0267155395290914	1.2824027378333738	-0.9926867091074671	-1.1313836898320555	-0.7145471225889973	-0.42427854553715316	-0.11680446190048815	-0.5710917645659879	0.2139757884779626	0.09521811859158232	0.5914688949623195	0.2977464574493639	0.3980735607287331	0.06582438899259652	0.4886025886909542	0.11390244303613722	-0.127818061324412	-0.017208960178734054	-0.4643727183780603	1.1561756964005245	-0.06438934998241594	0.4641604018159947	0.32498832825253204	0.5733018477758641	-0.1869354747993694	0.15420875261951603	-0.2895861917304729	0.007733038756951948	0.36530194463476545	0.27673892282642415
DTXSID5025603	-6.494948049382836	-4.287443149193963	-0.8293117922755908	0.4427224693283261	-0.9341071084418624	-1.1238197829468277	0.06356052264446921	0.21240839565518516	0.005983513223068668	0.44500342115304764	-0.4118284445065377	-0.12952836460802733	0.20378741456342686	0.8690564115464093	1.5219716506141443	1.3883540597217308	-0.799503317919284	0.7824065275884523	-0.6227904546719113	-0.9823491102166346	0.6090862786220728	-0.6979956118287526	0.7003720358182245	0.43217876410150896	-1.3264004835620427	-0.16001531538325386	0.6042389019206936	0.7744098371287224	0.03864045248001654	-1.020827527855722	-0.05259282665710855	0.01895810060836316	0.822749873583195	-0.2311739066502353	-0.40868939741251015	-0.9572262102132513	-1.125885900209954	0.3912150969871273	-0.3964069312050044	1.3152772780476312	0.1569583005356077	0.8704055201628603	0.36411405744813524	-0.45789151519893223	-0.09680282313617813	0.673712713039817	0.1762657373883836	0.14412491301358438	0.2600569039950711	-0.012139485274773015	-0.08347645514394754	-0.18720467145054775	0.25391983697235054	0.3125882627174228	-0.04906477723982066	0.3846147913835349	0.44197779769877504	1.0989490424231436	-1.0263177024451478	-0.16822867948131884	0.43086475686201864	-1.1530021067611687	-0.05627521214548339	-0.15325533358092477	0.06848950261481584	0.3087763611435573	-0.2275180478578849	-1.2923629581307705	-0.45811452475952086	0.13134466038435866	1.5344022550577336	1.2559295108243493	-1.3444752827084887	-0.9140194204867004	0.5059900514427634	-0.5040641998635309	-0.2201011758247206	-0.5768878207256913	-0.540443072493664	-0.18863681257491483	0.8335468512123865	0.5456680093089686	-0.39218543386709415	0.43578936770628246	0.6020420258017631	0.2045201858391085	0.28899677586761363	-0.3718371342744732	-0.3974798201252862	0.561307541991545	0.399962452641506	0.021360237406905406	0.20438846887945347	-0.49609424141296954	0.13858955543790896	0.26038704336459656	-0.5080640482219295	-0.13310917738158426	-0.25522183070177523	-0.27877161958662894
DTXSID3034799	-1.8333264677528682	2.3725942768489534	-0.7955800387208732	1.4719198851785058	-1.40144704896297	-0.3694963787370427	3.6544990712110423	-2.474283412617387	-0.26992476496521983	-2.585556515867823	1.1429731415550173	-1.5689906421313986	-0.46176719833535074	-1.2808139863848917	-0.7729738429995227	0.6078969926103649	-1.5120657085840987	-0.43562465410039114	-2.1151242176250946	2.463952407791745	-3.4662342430467734	-0.8893053466512311	-1.6791314943931193	-0.9945455374754197	2.590551487042002	-3.8022486877654917	-0.5734675450149203	0.4669457564617211	1.262622652456452	-0.6228384025994732	1.3099597661522726	-0.7715775092175233	0.392371882326018	1.9045589758921273	0.901579960849697	-1.8481098011272756	0.36839378326611094	0.21625755616192133	-0.9998658496975551	-0.19060233998071371	0.15827107832819495	-1.75181535458985	1.673206482735903	0.8725579953916097	-1.1754760619701161	0.20218137563701283	0.5948102646845052	0.06848675356848419	1.5171753606213723	0.7650364529002709	0.4600495254928148	-0.5711583638034172	-0.34452076309036767	-0.8526628253358445	0.6774481358095333	-0.4914634585890576	-0.02878164525310846	-1.3585678881711438	1.0559246615912483	-1.5705479395997857	-0.9088196820310561	-0.7001111034571892	0.886572325274362	-0.8371286922261768	0.12193099103172507	0.9682962385674806	-0.036218624474626426	1.3079175622136645	0.5541575937845614	0.5771000156521704	-0.30016276744773024	0.20563382868127048	0.2675258009483206	-0.281884522610138	0.3439316913031658	0.5724207896135652	-0.6150096841984115	0.35882276375082817	-1.2739834314735112	1.0635404316639192	1.7776645693792101	-0.23126272020229738	0.4476081207770018	0.8902509748812003	-1.094819575018877	-0.2501004602300591	0.6320249266413389	-0.6712243430342495	0.6998719050984897	-1.3855153511320883	-0.16160901087998641	0.3516330415627982	-0.736945938507609	1.1550992071462869	-0.45579694784717484	2.1298331842974045	0.30646736373996497	0.6070413431134185	-1.277788855463271	-0.37385172975507375
DTXSID5048978	-2.5572320363573118	-3.687964146341933	-0.266062975011539	-2.087933446916566	-0.4910177775196348	-2.0920566540418095	-0.5982319024391112	0.7345913102010169	-0.16521929441829597	-1.130635371562816	-0.6823620824725645	0.18816282209415677	-1.9468815431237054	1.720532861755863	3.177258125080261	1.111237510903129	-2.9622190358913127	-0.7861454167117716	-0.09288654945551923	0.9589986751453344	0.9667207818752699	-0.7031183933888756	0.2621808095888006	0.8305058417766553	-2.567843883407627	-0.6814243942042292	-0.23170327739140514	1.3724273604250585	-1.3998206240578264	-1.3128234397806546	-0.9375302027056074	0.8652011945694019	1.7259459005352547	1.4854416569816788	0.14649937353033182	-1.7621823921890793	-1.5522575801954919	-0.013690745879669307	-0.7613024249134103	1.481027736534728	-0.7484547930973858	0.30535216521889436	1.2525728759850865	-1.2930124043649296	0.06723692409610052	0.010996018600772192	-0.529602309362806	0.33508369541485944	0.3421485528409559	0.13042744486088304	-0.18224903213983124	-0.2843858432423593	0.7564169720608648	-0.47998389070216096	-0.7833231282344604	1.501469770015027	0.383075632491866	0.8611977545732932	-0.7048886863124105	-0.451630492335779	0.2855375682121111	-1.9486984413658628	0.925415793728946	-0.4255841044619071	0.985089231960609	-0.036350167389758034	-0.7004522638743909	-1.756127279903	-0.1680701893214764	0.38657146872857234	0.1231157595100689	0.20851952341755586	-0.8421036689206157	1.1584687496318848	-0.8767548181971149	-0.23719648140303856	-0.2146726030372185	-0.1932146120607363	-1.4288134746942895	-0.522139614641205	-0.7327173604616428	0.11763767846337779	0.4694249441306232	-0.784855471701729	-0.23010331109631305	-1.8073274244944733	0.9265298896485393	-0.15710831361551736	0.24295240708040053	-0.14333848050080927	1.1458030965612394	0.47651143045118594	-0.3388608631230907	0.08508339122619463	-0.49591717873105645	-0.09252491263129858	0.563103850550818	0.10073448157220502	0.10676246006149984	0.13710843163971925
DTXSID8037596	-0.8617707019379969	-0.39204654219290214	-2.253023863056056	-0.3484893989690148	0.34126089567260015	-1.8721993705907256	5.2679585330637515	0.9697264082442087	-0.0989234233421202	1.4214748578837095	-0.10465307894661922	-0.24655698199687803	0.9895672155265725	1.4074892547258389	1.251816741715372	1.542651665120256	-1.0864754534910799	0.46393104552822545	-1.5826770863954043	-0.2999640136499024	-0.6298089423333934	0.560404848337339	-1.0403299848954346	-2.195009659707648	1.7106676373341883	1.3576173020673845	0.06713649248102616	0.2193360164613339	-0.9620398424605746	1.2430835999734862	0.235014200213991	-1.1848930299237173	-0.6876708140441875	-1.3046344240148753	-0.4234131776240049	1.552442883444377	-0.6158339682941846	-2.104446259259717	-0.30584086407249034	-1.1210207986656242	0.39402900227492316	1.8025534060420327	0.7087083135888241	0.028409461251853348	0.7454789277119785	2.0998902591594524	-0.22136643486945953	0.4512315190372006	-0.014937125020168123	0.4545001392872095	-0.08875970120166396	0.5172434783242588	0.8130430779585557	0.6342798488710027	0.005661918084976021	-1.064912568175124	-0.680113097840604	0.08039770971152722	-0.844005439403723	1.4401364470878728	-1.369916290370778	0.7453052321093033	0.21278552442941276	0.22399661566775514	-1.04270435471939	1.2455291482420099	-1.754129142201701	-0.9939677240074816	0.8775318590682034	2.0607544220826792	-0.426114151053908	-1.1331671795540776	-1.196372585952762	1.9879247668850413	-1.654626272721733	-0.299510840912841	0.9216340190834028	0.08316754147050459	-0.6347510122048385	0.8700193060090832	1.0051108454478057	0.46460011817921776	0.05719674341729222	-0.5306998507244981	0.3740476913282309	0.21174988832528038	0.2502377987741766	0.2467172352812205	0.7139900958292273	0.9897206504782681	0.014494719203097478	-0.7328689992052526	0.19533295536479697	-0.06620237232168925	-0.3222518990669429	0.45917384622065627	-0.2148555592726099	-0.39419899160567584	0.3111753013319597	-0.4740384160005715
DTXSID4048646	1.5237810279875663	1.8507676111675562	-4.19327197630466	-0.30574185650795954	1.1958691892280224	-0.7436734822019255	3.1553756811267726	-1.87416569846643	-0.9093374661821145	1.516819166295706	-0.7547354632282006	-1.6406957155210073	-2.809272140671479	-0.024696410950314673	-0.1910463375165297	-2.200335481315396	1.0648000932120743	-0.39766981917630767	-1.6542289892547606	0.7168083267166836	0.41340494344265555	-0.1679351515142977	-0.733532795855547	0.10720341842506154	0.6601448029180293	0.18050773814421556	0.8737951135740468	-0.5181227200724926	-0.3987669698601343	0.1878055324265186	-0.320599165269472	0.07159896565696874	0.01488171656376757	-0.8631834649785354	-0.4375199855018832	-1.2539315373240083	-0.41889459526729256	-0.5008618960902239	-0.012384372488996497	0.38060199891615315	0.9261358217130468	1.7065807012661105	-0.13204213830830505	0.7781336950608716	-0.12744030224449512	-0.023143917238622982	-0.6268182516625965	-0.08442615197327612	-0.3891206569577328	-0.18980201314369485	0.030286924818269674	-0.41429124259079325	0.38224071988219527	0.5238883640967393	-0.9508061257274977	-0.7585599183877058	0.6104213926843544	-0.14956718344950473	-0.22105738914204331	-0.7473253449498809	-0.3111855661264283	0.08288269985953733	-0.2858068661647458	0.7073944955140592	0.3321462494522549	-0.917531508075893	-0.6263082747044604	-0.1610591994356602	-0.12457811594865931	-0.6544903837188731	-0.31849447423630844	0.3533295483757132	0.07857903611108619	0.15729927072559405	-0.25688846288246214	0.08033498828702017	-0.027218504452589325	0.8521267879541496	0.19945521896007354	-0.03156583897048613	0.3383053417914023	-0.32394346802714685	-0.498495174983734	-0.05054478117840835	-0.18799434555693975	0.3872288238797916	-0.9232889340979618	-0.10340999032992362	0.5847811665583371	-0.4253142418381245	0.28390104133744715	0.08384842530795783	-0.3295394274393781	-0.8811975807608534	-0.26388687721346904	-1.7305660559576688	0.3380009262813114	-0.7797471371789778	-0.7263177166604895	1.047988630273017
DTXSID4046442	4.706349025524258	4.666716064142003	0.6111597910571338	-0.043912041806375	-1.4249226517236802	-1.6157514857680666	-1.2720402846546714	1.5288258339387824	-0.43413184152393264	-1.8573646095082565	-0.3197799465795656	0.2907737285307763	-1.3056703384182073	2.3300566801042137	1.332068103739185	1.6694205642088062	0.01458545409622553	-0.09070628939743179	0.15609855122705546	-1.5800026071601936	-1.9553700361784985	-1.4031733021112809	-0.9784170171745428	2.229383474923868	-1.7573430605748501	1.5287428877089317	0.30422936601888073	2.0010842481739193	0.16181857279011982	-2.15364685972415	-2.6976312104578968	-2.2618728930787197	1.2154215056961493	-0.6067668766580739	4.193920547587318	-4.116545672576474	2.172101028648901	-2.549930534229664	-0.39442320282484644	2.5229393489869145	4.405898027985395	0.34012183789661704	1.9036175025825666	-2.5188543217396573	2.0982609292915027	0.9347285111541235	1.8790148303691714	1.4848087744516052	-1.3725993161847252	1.1626819946191045	-0.29899829735811917	0.27316572723671667	0.42465776480119954	-2.9149569976575953	0.789343578899912	0.5764449926892025	0.06096994850808888	1.7923790656120464	-2.5210315154941485	-1.488592184644351	2.803281127666327	1.2394792992079702	0.1677458533970069	4.235455420610241	1.1263804202212608	0.6710196112749421	-1.134413466306682	-1.0304640533431435	2.9873836007229424	0.8963471708474892	-0.4284949665909782	2.1941614353420538	1.4806125078182333	0.19370266146593554	0.4198449444638491	-0.02518137726774094	0.002272139728601201	-0.07151980107912735	-0.5642938644358545	-0.13206741376121	1.4189019629509534	0.41328098818875986	0.37126410165835183	0.6195102191105252	0.8602552234391951	-0.014388986783566354	-1.2397273054634892	-1.791779473578501	-0.49116841511509257	0.7861057834579751	-0.8179102703220844	0.3003232095097785	-0.15217993130717178	-0.5453797565636257	0.9175407965437231	0.2704978700822265	0.7702860456982268	0.531556588051032	0.034707890625821504	0.022620265863279802
DTXSID4027284	-5.818847638688096	-4.298338321993243	-0.16443209694087413	-0.12220728698767463	-2.0124305080809926	-0.031876683720152184	-0.5916004651102869	0.1130162532827459	1.1221116572420406	-1.05660991713589	-0.5163995022148912	0.04003619792929292	-0.9759266934947699	0.44525016788742433	0.5587853145070448	-0.14263918125931357	-0.27704479760422596	-0.10106660288000018	0.7493198953927709	0.5799044310537427	0.3059460158348379	0.42972437882755665	-1.1297052242883676	-0.5841655921541928	0.7087600452244991	0.15528970058783012	0.30381760372030175	0.4186185239602178	0.1488817313662635	-0.08672774807696562	0.5566324839040235	0.5392228177688756	-0.014582723417326282	-0.02161314236041072	0.07389306623636172	0.09013564891009149	0.05767410608518622	-0.022350748433888786	0.4941867772892953	0.5418749871687406	-0.4378014866841582	-0.4772182758054148	0.11415437595866348	-0.093942498255953	0.045424126437060994	0.04959447736444016	0.04908741469349043	0.13731915427189179	0.18126034787646428	0.35858493625331583	-0.003507992376827581	0.05480580859170442	0.030406645961586893	-0.20186991526054598	0.3074307575416552	-0.14445500043063128	-0.3023453876403719	-0.3108271418973926	0.3484213840045381	0.1807345005086612	0.21619685750382078	0.12068323577613489	0.33119413780833873	0.34112508575364386	-0.12025320744532193	-0.1353189392980285	0.6635074644928142	-0.731796429387993	-0.036746239615386686	0.1915960399604171	0.46691774309274264	0.24509074570690467	-0.5256499766034302	0.04583226771546572	-0.09065911630790055	0.11052986023508655	0.25900872889360815	0.10032424540564717	-0.10187560345208964	-0.16571113585012848	-0.1697417460481793	-0.3422522634460673	0.15651596017885433	0.2924557059974705	0.26670762492711625	-0.03865253160064467	-0.334727714321841	0.3018096783673595	0.47126436102870006	-0.4100091060651866	-0.6188865835835448	-0.37265726114058983	-0.791378808347916	-0.22013206145065378	-0.459293600328914	0.14697680096530835	0.07132284131416443	0.1934712246609951	0.8641898161832793	-0.2706238503865228
DTXSID0026882	-4.851557270006862	-1.7320009261980829	3.6970921998223054	-3.139092501408082	-1.4687052740497257	-1.461270273548107	-0.18344520965467	-0.7521675778911397	1.3705280114327387	0.465577404455342	0.4166551179034783	-0.007445471084302257	0.9927149167023428	-1.7971485232178057	-1.6855088780139786	-0.1472167927457332	-0.4280663405646375	-0.4058935820563699	0.015829266919733197	0.8492537999465224	-0.09625622686397053	0.6170136988936175	-1.1701564755082543	-0.5456026351707131	-0.07387637648169666	0.0035966917133825192	0.46204306779142795	0.1121526946832195	0.40030408517548743	0.4181987993622001	0.625154513115146	-0.4904326648755459	-0.04544319060230513	-0.12959708074239426	0.19181223161411118	0.4359313701111728	-0.46182768118076223	0.013196592796223254	0.012482686750346923	0.3192382050394853	0.12789957569258537	-0.07780952483596983	-0.29578612287277095	-0.3015969979920077	0.1316449380370417	0.19734926904167324	0.07573568512719485	-0.2294513442049396	0.16076501228288628	-0.32280465790867374	0.008140957629305801	-0.20480734806317524	-0.19733845480464146	0.1464267556534416	0.00020004466141719822	0.07167096461033977	-0.22860476113183958	0.19223736540757622	0.11329668996761405	-0.01437315299639543	-0.1649827172953189	-0.18413996904073063	0.09904713160699415	0.19031170861057228	0.002718146148397675	0.40265438110352425	-0.4582412456558919	0.2030686251649521	0.1016818350510065	0.17088732581187155	0.6908864069423375	0.08424308299497965	0.4358726162193267	0.00900288910611823	-0.013666907437562834	0.05485901113462785	0.37587930857479834	0.07851931168461745	0.2365646461254559	-0.0888960533020448	0.3811856444993091	-0.30082200426863404	0.09106899471600892	-0.030172918456654728	0.11276761214658973	0.16280839275085468	-0.19566641543146074	-0.34310687248056265	0.060329658094759674	-0.02150682687445079	0.11009200598617923	-0.06776031955804385	-0.06582230764162582	0.2396943268844396	-0.2571081133786049	0.2781156855026562	0.07255881195870778	0.3078496482997762	0.3505677486758135	-0.014181357164130073
DTXSID4020537	0.9624342737651892	4.440612773164181	1.0758934875899504	-0.454374174113701	-2.968317342413528	-1.359303695624834	-0.41662904171604415	1.094839673527843	1.5907585227227785	-0.48766250424738794	1.489508692487182	-0.07334300177006561	-1.1219389905784378	-0.01694806858214294	1.686831620171507	1.5738714687524635	-1.5815405703923322	0.3171678798332244	-0.9872791283366451	-1.0364426506957558	-0.6854105281660868	-0.3892487939827502	0.2665820738681695	0.14973159619708024	-1.0088187494855767	0.39771123697669936	0.8155650718656623	1.018132635829702	-0.3879259983111645	-1.3900807573200178	-1.4254584509696069	0.7152068027967133	1.4448537980422675	0.7629671379982375	-0.3335146626352558	-1.0816462835599054	-1.7699849243549295	-0.4555128824931554	-0.7330070882949778	0.8304017766348886	0.9247631107644855	0.7103305715819687	0.5378145766614284	-0.7283800163461426	-0.5535830629587777	0.36395741727854675	-0.32490267441167947	0.16725762801892546	0.16555443448965065	-0.3890546355223867	-0.2274697369623005	-0.24615669279497826	0.5958237824023453	0.17248025202182085	0.10128843095298165	0.6195097066998249	0.6648561507406039	1.7560259225253019	-1.0436403079566807	-0.7580800642172153	-0.05905092172920778	-0.5015284977641258	-0.6487711736339427	0.28586779647695054	0.4739901187302941	0.059880611212401895	-0.2898601798456005	-0.5097389956270209	0.47345609894794477	-0.8259157355155814	1.0347175108073714	0.9084503278046192	-0.9408539983505366	-1.454112976413962	-0.945032983567056	0.61760404573941	0.9579907411578759	0.520727299912228	-0.06317773713015504	0.4209943569103018	0.7260024895309276	-0.25779570058103746	-0.25601663621050325	1.067306577729217	0.1446267893627588	0.32250442475677615	-0.533824851143084	0.7104384066998757	-0.07548140820094276	-0.17534939475376835	-0.06530790494815253	-0.26303187960673546	-0.14136410772791097	0.10108717587128506	0.11881588428056564	-0.08490869572378149	0.12788391222137613	0.32709420854905485	-0.1328990073903566	-0.4032591206443795
DTXSID8023185	16.755617483953472	-11.561791563927613	-9.8143156296341	4.333170331850755	-6.936792411809034	-2.7907357694256985	-2.4750754902317564	-1.053586065604594	-0.2465781679251871	8.84649123086049	1.1615084401669558	-1.5104994131956675	-0.13952070504725977	2.085313320491645	-4.566551809068939	-1.4999759650323472	-0.009744681398258981	0.35644190960893407	-0.6796914597684903	-1.2504337815401467	-1.5783095534133684	-0.20702349680289717	0.22171433695275275	-0.29494441227790963	-3.1634615825791426	-0.5899948175540008	-1.2998794192542305	-1.579039538937837	-0.6682324465474281	-0.6177753316460097	-1.0893888345055949	-0.03625343873299089	-0.8585306377778088	2.265656765359045	-0.03704612596566392	-2.1922780852481565	0.4192301899615034	0.6946263969893897	0.49957857224925795	-0.8614925752464169	0.26853548442324565	-0.6590952246931251	1.2989786024845813	0.05457802191705576	-1.546786281971011	0.20350309739291952	-0.9641277187337224	-0.0612840809108499	-0.06915953190842845	0.08456097236755161	0.09843486214900299	0.28037834965717084	-0.4462857563130056	-0.23355658174427665	-0.5111176281804232	0.43625235025647496	0.9304196704226085	-0.22725987840253303	-0.5538562513778897	-0.7059088492632769	0.294349025273154	0.9528984104359135	-0.2508002800739824	-0.8824333142819518	0.4988982458256651	0.8708331063860972	0.42768624786780013	1.3569216314781176	-1.8470405993528378	-2.3244924037478234	-0.26159104699018687	-0.8708661091580684	0.8792850793697817	-0.967327602936334	-0.42975166266202125	-0.7629007947360603	0.13207726879454423	-0.5695988409546033	1.5087530125212627	-0.25543134372547116	0.07854816187224342	-0.8651243841923136	2.4630415482572423	1.2637945747921155	-2.4521323520764677	-0.8334571784964248	-2.6956779328873512	-0.9806885578813307	1.5743443493607856	-0.9823931097581042	0.1534473922399483	1.769750117425223	1.2466747473922448	0.3633450613036615	1.6533014374678154	0.21325949636539931	-0.7313418330385595	0.06421499184822117	1.4684615930445815	-1.4204062498134546
DTXSID8059928	-2.1015970018658523	-3.3336228676147446	-3.823044282298151	-4.813271724340451	3.1699356479547323	2.7597814965643694	-3.0246241474350617	-1.641438942181944	0.31121459590178796	-0.6721530564222022	6.859066185465132	-2.9627125240628565	3.747824679992285	1.2249854998066918	2.31092182135129	-0.9465762973367869	-0.08144310220131006	0.5552639527713507	1.1114514334930043	0.4340015048627835	-0.7210327432877857	1.2798335839586	-1.1335117061657474	-0.6749308708604429	0.9577877481885199	0.41274669345177284	-0.27187571378164044	-0.18897922542890405	-0.1898918025111284	0.3569740728124447	-0.5141937236230821	0.41869971786933147	-0.06931874188944154	0.7325289221046914	0.2050110690828456	-0.6252161947423382	0.48269595734591497	-0.33245540354727143	0.899458110115016	0.41961047299947585	-0.35481156207464537	-0.26821298704914814	-1.1066284272474658	0.0884342407018328	0.17790828038355075	0.3410297982260495	0.33119664333520654	-0.4819293721949176	0.06612434465738487	0.06429300618680923	-0.06040003602562354	-0.2554162509169168	-0.028298476821879328	-0.2440387754275371	0.6428074226329086	-0.32343969608874673	0.1786571974748794	-0.8520633523417489	-0.5752683348033619	0.5427788364433966	-0.7823857235891583	-0.522949550419577	0.18985575356570064	0.7251213536089369	-0.037965857091306204	-0.30746775465331955	-0.6393882822042077	-0.218911557116178	-0.09170396998598808	-0.6795375442505093	0.5532606001451162	0.004825658036083043	0.21533825159458325	0.1163681558825768	-0.29753385616456934	0.10109513928605884	0.4539112119221426	-0.4954625308129335	-0.006404219703512626	-0.4029404114545078	0.04017712133365479	0.21781619600219618	-0.22696597207867	0.31638702021320564	0.247361997840977	0.13994232839683324	-0.17600225694284938	-0.5921046784059008	0.2313466730926854	0.21807790093788357	-0.15205488200227957	0.4235408169273218	-0.6313176875059229	0.5392228971268389	0.17525501925481757	0.9005343097260812	-0.48752713698054106	0.16798776604343793	0.2390948777909923	0.11387218430048754
DTXSID8045145	2.310101896148169	5.014978841844277	1.4522107867480427	1.5252419677818692	-3.0306845680399235	-0.5293286636608652	0.206319798937917	0.3522034889768014	1.1898603142791926	-0.7156814487870846	0.6155362238479165	-0.3067348496354185	-0.3588325056450641	-0.10830173369495859	1.2107227770043452	0.23435932353570293	-0.6120942404224902	0.14016175303069056	0.45650138913614496	-0.42595445552668615	-0.7516607039643806	-0.03320100440856531	0.5900109734043902	0.5500954191963449	-0.20288305714263039	0.10881449215988542	1.202259928950921	1.1871266670980376	-0.12634801076572003	0.3105064292143817	-0.2912879096663033	-0.610436642312534	1.1678483743313532	-0.001705512259515826	-0.1449513550225605	-0.3737340719555757	-0.22440290662299534	-0.7795744820349864	0.5348123610158267	-0.669375388462166	0.5560400732305385	0.32350431648811356	-0.3393925950722692	-0.10716937573173563	-0.2731888946916455	-0.037737416708657996	0.20931245050777214	0.10357117818903715	0.03139571991052382	-0.00960390003046152	0.06913707210652667	0.14408699878767278	0.5366196653914014	0.1275890823714994	-0.0031958492289518377	0.12976562441113063	0.6032807036337218	0.4361220359593711	-0.05333426938534505	0.3880673546052914	-0.6626357912611288	0.31786715048862474	-0.277509204844422	-0.5345524041139773	-0.0014195006210419993	-0.055648424460119014	0.36253282941105136	0.0017156061296950559	-0.6022480755433919	0.029678517287183424	-0.3365024581542705	0.3296694976634361	-0.480339322029513	-1.422919848199632	-1.2487506306030522	0.9905991986908071	0.001919480962539801	1.537782234080116	1.0189648263504134	-0.30161361109609414	-0.6004944792029497	-0.30613779488645293	-0.0935281499220813	0.44936813815301535	-1.0527136992479698	-0.7280666482044709	-0.5953776641361583	0.5801465529894264	0.764946011789093	-0.875699647616623	0.18711785872752132	0.36748103166554336	-0.45748195158607663	0.14544219806260283	0.23144857060076285	-0.23031999579420415	0.24280881957580433	0.10992769014107012	0.6110867509478355	-0.2337496616619651
DTXSID3040726	1.6750764783689864	0.8428571637994533	-3.822453241304183	2.1412507474170535	2.3150298829115217	-1.4150857703738635	0.8816927354593397	-0.3887086539738397	0.08428954245179004	-0.15912712436921495	0.027188911714858814	0.8695638852064815	0.02080665309566013	-1.1368700170344745	0.13754446855264177	1.1216586707110299	-1.0168662356822236	0.7803666108609761	0.18162234836733115	-0.6309634340487764	-0.1953652565659999	-0.5783126307648354	0.19777342312559498	0.29021155445146796	-0.5865864236903425	-0.2150077885702805	0.04411275389174818	1.7916794577796478	0.6501674737282565	0.03946057002653997	1.8333002331495336	-1.3065586384620895	-0.15423826582001723	-0.7213123720410698	1.3058392232301481	0.8847681480607276	-1.0269066047121573	0.5436412521243983	0.021988380626084887	-0.28689654673786785	-0.48461112306678233	0.05492397289133729	-0.6582599474564195	0.21921775414288155	0.9110047047806142	-0.03261270820281105	0.4091776345169083	-1.0805537910704202	0.04552125901596888	-0.021268340835551968	0.21690572777139863	-0.13087672674917245	0.21887220035357316	0.19602793778481928	-1.197442913370072	0.2619151124058217	-0.46433199744003567	0.5335487343942132	-0.05150848785609381	0.9090471417403734	-1.1226472839105435	-0.5970080227958378	0.8690193935324004	-0.007387852233247745	-0.27065494518041827	-0.4183874684773526	-0.41677948667781367	-0.10126986384578149	-0.07244807740718182	0.18642114389937178	-0.5756226532536721	0.5140063146696335	0.28789598933336086	-1.8127108438200088	0.9052877904011287	-1.347220398911738	0.49037348508706224	1.9649207495482484	1.7897680475983382	0.25645779775035304	-1.3494808806623557	0.7024058130093701	0.29945012073941163	-0.9277243942975801	-1.0631472871372998	-1.7858376924180863	0.05409513538291398	-0.7335990629599789	-0.5036299255660618	1.2877583669593058	-0.3814013439918803	1.8990608882659945	1.3822920360318902	-0.46710909046281635	-1.0905168906985194	0.5024157550224357	-0.594769102275098	-0.27576887566719	-0.6613713807214187	-1.1561210329331921
DTXSID4029698	-0.4949413577599281	-3.9715581847710855	-5.760283836470392	-6.125600922724175	1.8019484919065267	1.1242407988342225	-1.3568855807953752	-2.582981751948947	-2.2859415890324426	0.8110511852598374	-3.497892927743442	-3.634588561256655	-5.710884056116873	-3.9429755814041485	0.7975342329240919	0.5322458697718901	0.9399201833732449	-1.2913689857618997	-0.5435039406095664	0.479342208755679	0.017443778834681244	0.3493227253235656	-1.407610886056165	-0.9231200963908921	0.29146304555032937	0.5573757409613683	1.4238261966564494	-1.1629044704012688	0.39255052288339015	0.15868978777890244	-0.7832940609747225	-0.6784037433946076	0.27240574059307815	-0.8169790423338671	1.4860656345490033	-0.017619256464063593	0.46107920573021677	-0.753873411819953	0.42768641187195416	0.9488696193941824	1.1651579937621106	0.76597024170511	0.2762892435495194	1.5080572195796396	0.22564602460279917	0.5253611045282002	-0.9529003348718401	-0.24112832434391193	0.349194258067197	0.9510812980649443	0.6047245872464898	-0.2944186151191944	1.1532360823696848	0.7579307490904676	-0.36057083781364463	0.5766707756557141	0.70658073206159	0.4624679705665125	0.5075554958388413	0.8896651629775891	-1.2698427217788832	1.4660469395356484	0.3184275265824407	0.9255652699650184	-0.13496273150447427	-0.8110356955054575	-0.9364293137377875	-0.1621930157314375	0.322098848642862	0.4221527727910823	0.5212243901045218	0.4662061876641261	-0.7095008693025656	0.7326413882544022	0.453273573405577	0.07101452681237518	0.043467931669743554	-1.493607132728214	0.7723981730214323	-0.4787887855696813	0.9483644445997054	-0.5875978096782932	1.2774163220113584	0.46336149981231606	0.06866291135675878	-0.240991442944999	-0.96641546983757	1.10607638043674	0.45325729585747004	0.85830688430507	-0.643131887598556	-0.6933279917468894	-1.067088583782624	-0.10467709352133014	0.8505021214055996	1.1213159473112286	-0.9857115069196384	0.7183380429882605	-1.0321712318672842	-0.10998406290059379
DTXSID4030384	-3.6051630476698087	0.09893171390783673	-2.73512549118093	1.2743824695383583	1.0355432750510059	1.1352134495482593	-0.49921519760825384	-0.5717602400154738	-0.5878361988795784	2.887937983093982	0.5753791235468689	4.453325921893676	-0.7607187116657209	-0.0480147802091265	-0.6359778205996699	-2.132078713891822	-0.5714985358076085	-0.6142708178566382	0.4259611806615593	-0.14763144773269737	-0.010076950046254312	0.11395366394170428	1.0041926393342395	0.2331601099283443	-0.5988573444907564	-0.3417519777798803	0.20694110039644686	-0.8468587593475438	-0.2657651268848473	0.4277603307341876	0.11004676463028791	0.18500574671687603	0.5214057034762887	-0.39415836096460427	-0.5271928815031555	-0.3615129663991426	0.02344831642594508	0.1883901437155694	-0.03298189444886063	0.1050702980944109	-0.28923266182199875	0.3509401157667678	0.22864146535523847	-0.09380289375884328	0.13257035732431907	-0.13345273102495456	0.25961146408186053	-0.06402245100040915	-0.25201738107974075	-0.08164024635642902	-0.11003750992558829	0.0375963317844085	0.003954529989393853	-0.0530976047915157	-0.3501990231080072	0.186396785792717	0.23228970036353672	-0.3354537988403072	-0.38219882135094385	0.11884507975431588	0.6445638653181216	-0.3595673490224109	-0.1527324797731808	-0.07149586437216385	0.46733968876681126	0.15080723179634078	0.003922876432695208	-0.13448275381814223	0.332208897067633	0.10685790115804084	0.056960217632691434	0.06722868925101187	0.11067146586110709	-0.15820250893646656	-0.6189431770150043	-0.36876037102256376	-0.25572598033164573	0.2813561725710847	0.23052453363892206	0.32479093610843757	0.35558327170989823	0.447680351166009	-0.01680579153786606	-0.7612406676150408	0.2932798900866923	-0.7068535066974198	-1.2361978001479947	0.21908547027185848	-1.5150586009284464	-0.934890938209131	0.1522292267057204	-0.43628041233608733	-0.16162240205250455	-0.6981877287012298	-0.03170866329964422	0.3703601726947921	-0.01339476289151324	-0.18342487756284206	0.25219676245737344	0.4811732348747161
DTXSID3026065	13.409862249044261	5.278635372968459	-0.5743066835775452	-3.213399577288954	0.045140876739721024	-0.9281630869722952	0.353798608885839	-2.5217739392153558	-0.40483831073366555	1.1383698447875474	-1.3779887112123685	-1.291673640427571	-4.097138424198985	-0.04585770849400449	2.034012176979685	0.8822350908759065	1.278922408616704	0.9149812951885897	-1.3639828390347135	-2.1482583313229853	-0.12699945738271595	-1.665832274132749	1.8846034643894338	-0.5550305834847626	0.7093075469118337	0.3526657996283786	0.4837862475724917	-0.7948930410939496	0.26762340085542335	-0.1609043122067578	-0.2422960134203056	0.7220871192879863	-0.477602548453145	-0.9257153558574877	-1.4182538608428867	-1.042327511182609	2.032246652255087	-1.5024247373934674	-0.5244721136647879	0.03828127776289678	-0.17302167343333894	-1.6211478203342955	1.7226314502402902	0.7931081590972359	1.029926150412699	-1.2114184018596963	-0.775235417971509	0.5732727818209307	0.4649411634090136	0.7518638927743402	0.11217066525011649	-0.3409470697791631	1.0393393118719527	-0.4261076225815374	0.6819738363668058	-0.049381007622162236	0.39932989252893414	-1.208536718525982	2.034838655011217	0.8993796320378927	-0.6930885445093601	0.21371152299297605	-0.5677241096412319	1.9848587727441278	-0.7639081323499989	-0.35224929534552196	2.581143325505178	-2.0341765885359435	-0.2462395488385405	-0.0006955383314418739	0.1903131595849062	-1.7251358375461323	-0.07802939358473647	0.3904562750863884	2.4486042487314448	0.44606102666504005	0.2452379205310778	-0.7684292860117782	0.8065481441939185	0.544651325818021	-0.11774326628650536	0.6086406010251625	1.467755505553518	-1.5165985605784944	1.72391365171884	-0.63799594311463	-0.3830988847948871	-0.40462308275294806	-1.093864280540696	1.0739239083404293	-0.4130130196712098	-0.24672086461559564	-1.3773831687721583	1.2688986841085848	2.593324577641715	0.13579935498226078	0.525555050163647	0.657035354373039	0.8276799415155283	0.39466768848866735
DTXSID2044713	8.010780401592775	5.110098025706466	-6.659561887499344	-2.304133054941066	-0.7883381396120364	3.146396126338273	-2.3113580656182733	-6.30016453843928	-0.9573722841117263	2.274712332651922	-4.574548694723012	-1.9013654164481828	0.9011006146655303	0.4724073821503942	1.315493599005743	-1.4789389191478373	-0.8329251556873394	-2.4403346290211223	0.9078691578820897	-0.38521349284779527	-0.9014948318210189	0.5388370207104529	1.6673669830697362	-1.1658313502302857	-2.416360337894486	1.9652782191766855	-0.13981766750454747	0.9005270467445974	0.13697521496147105	-0.6668194733009878	0.15113429306912077	2.773663582740433	-0.08507182077439686	-1.0945451751637847	-1.352489909388083	1.646678796284274	0.42911095266054844	-0.7444555091965491	-0.3672140773539702	1.1908363349837217	-0.09482355652303759	-0.5258321884622145	-0.5948773040732463	-0.6248987233208813	-0.8895997786129735	-0.48977310191441614	0.3527330108173743	-0.1437174273698248	0.8054595271219146	-0.33804045621445206	-0.14668938400078974	0.02075880739610532	-0.8087694328944358	-0.22223748966599158	0.4512159013551234	-1.1526659722191783	0.008894302273907905	-0.5781849398678814	0.03916714532316653	-0.253057958734274	1.492965945927261	-0.8696539411298013	-0.5342595084973041	-0.357447001149606	-1.0193591376982503	1.6863798375646113	0.026501649027109865	-0.9586902096301344	0.8457845679465684	-0.21656478481730562	-0.09772510457581016	1.4608392689556011	0.2361740712778078	0.28088223228931464	-1.3171794783830502	0.05033476867357248	-0.3382864377905302	0.8505440596073934	-0.2342144642168249	-0.6342812318865931	-0.33204089000170844	-0.26795583918302013	-0.08172554088632678	0.7843887701120426	-0.07013743261894863	-0.04975976104750499	-0.4829855012332645	0.026804767326797006	-0.18650951720453807	-0.3624814458551417	0.21953576959244356	-0.3044705539374228	-0.7083162940118659	0.29047131221307876	-0.6236286651351924	-0.47981678954054624	-0.020642305377216428	-0.3415039912899145	-0.16342691733898707	-0.14032835155079318
DTXSID5044811	-2.2634343340989442	1.5513271576244194	0.16403123815672777	0.09455729964333982	-1.0262143123656933	1.1200770688310069	1.3093527899958215	1.888186909537918	-0.5490464845927531	-0.10886711621442723	-0.06709390495026253	0.6388523341506909	-0.35953908581926786	0.8526888021545018	2.0652583689917643	0.6445569283402309	0.4724001996112501	-0.6759987584366586	-2.185415641902233	-1.7413872913753043	-0.727812522580541	2.8829693265700285	0.8352282918868903	0.9136252651152655	-0.9860741655150533	0.02634985538608257	-0.7404607703614473	-0.222887751273425	0.2559457043178431	-0.35211373383562095	-0.755948661526686	-0.21672709062930232	0.7128633992221939	0.30096581560487423	0.8084654982890346	0.8264335867670787	0.18946818353353642	0.037987477233816486	-0.33606062616828164	0.1407922137668026	-0.7651691015249061	-0.9098510652762891	0.2560463381240352	0.0332150458055352	-0.2478902182071424	-0.2425219113282809	0.5063084297921394	-0.18813405724534793	-0.08865364139194178	-0.20818061739267568	0.046879834464258564	0.10953348842586749	0.4570396305797686	-0.49590045428569923	0.4294983854986748	-0.3778593817998446	-0.26547213354571597	-0.3459193671898657	0.5387225085190737	-0.387056642511604	0.5529729182320012	-0.33818689820667924	-0.5982348120100225	0.41388883876895033	0.08022632675307324	0.5668381868864053	0.7055271565049258	0.5389838350236955	0.1775040067956188	0.04632827901577761	-0.04469571271186859	-0.3078163251378936	-0.03083252657689566	-0.07743128460653144	0.3882925754240882	0.6138550646060025	0.14253947468520756	-0.15863538231340496	0.5264487173751785	-0.41007386698866727	-0.3900344061372435	0.6914861852837667	-0.6918906248328855	-0.9819682962841647	-0.6537662941105326	-0.2777440922478768	0.37963989502822526	-1.074016046038246	-0.10305850389914288	-0.8950180767857462	-0.6636741380389463	0.07970588677054498	-0.42535626690339434	-0.30462769479373103	0.9492825749643649	-1.7211460306214839	-1.7596365078339724	2.9627519055535108	-0.04412098530229756	1.1923402427965628
DTXSID5048188	-5.69543655248684	0.45297758577560926	0.8698111459234936	0.37407520692150714	-1.5562387491501262	1.1820521859279436	-0.6375784049953294	0.05517723531638985	0.6897476852412329	0.009514678455524542	0.3300092650948237	-0.33588796779014096	-0.47305458087609126	-0.9223247726646998	-0.03371633934487633	0.4955207778615433	-0.02501733694603831	-0.19767565246414032	-0.3854660901648044	-0.8489370827266798	-0.4706219442015178	-0.33517155294448314	0.48549645135925934	-1.2694372655898452	0.7912456254656163	0.31032536828753216	-1.0976064172287952	1.3092321596607004	-0.30712696391145844	-0.5125947792900795	-0.5543292780484618	0.17434212282308878	0.5124743776952061	0.5884790033783072	1.2849045891589868	0.7792933994745017	0.29293715144266075	-0.960943417638534	-0.0371319395446736	-1.4501260117037427	0.5331517841426664	2.9503177305506982	0.21558242107906497	-0.6817610687467593	-2.3816442446042694	-3.2377641888023776	2.1058223505385585	0.8362627964536363	0.7609908194855061	1.2946097577325255	0.20802895868618845	1.267615741249669	-0.778024817221589	0.7824944651750119	-0.14992988145139063	1.5415492250898308	-1.0708573010498312	-0.7919752262765336	0.11669819175599372	-0.3459976541558704	0.29321713314697884	-0.3223943334975978	0.0015182954693465148	0.606045899007789	0.8042748100512706	0.2622897901808499	-0.1318021344457674	1.1123156852592473	-0.02845285121345969	-0.5592547508933385	0.9863536228808236	-0.4671281609016435	0.2400695576886729	0.1594513932860626	1.1981281008334763	0.27090547626110184	0.7789174864054262	-0.4261348596485855	0.5534019645585019	-0.6513706708175477	0.3694316998833684	0.31121803263980885	-0.16430265288026524	-0.02730012437274479	0.0937676082873687	-0.43017892089605914	0.23837655789674272	0.2527345785187313	-0.39296107949271025	0.3189041388397008	-0.15477952794397995	0.026768608091952282	-1.096263494308955	-0.20284970514031456	0.2302678812277836	0.00706099579925658	-0.5606210452847122	-0.054650622004713406	-0.08136840210581339	-0.32481601333356513
DTXSID5021413	6.139249142582814	1.2440303755834121	0.19746251450413632	-9.484572517552882	-2.919347792761923	5.260416136801385	1.7632175403431114	7.435308775077012	-3.4646955796239984	0.9160364190799318	-1.5360029822536785	1.6967067635374007	-1.5435668842402746	-2.603944258726705	-0.7896909474797007	1.557976408698932	1.1290995790600242	8.347314068062097	2.3489195590024856	3.607581076710904	-2.4109381599468787	3.6101999971379928	4.328959744042514	-1.9224045916743095	-0.7388976606699017	0.4915617552553449	-0.6131310474679709	1.8520586290143344	-1.1467162727290212	-0.8894278809655096	-0.5792189894233557	2.932659430552448	1.343270638662736	-0.020980387277779	-0.37438720198761866	-1.6337702884017218	-1.0337147579717203	0.25990749908679395	0.13271196565314686	-1.1031791677156697	0.5572378607766593	1.1498012350837714	-0.13944449215661367	0.8304148560371332	-0.5773685721971351	0.10387894308624236	-0.03349085520803373	0.11960626692061542	0.21916925426626585	-0.2616981950972917	0.37354328551991084	0.37259684244074215	0.2982766988295367	0.3501204406576719	0.8228710666731317	-0.37600258870082537	0.7420782646790882	0.9091905020165755	-0.8540104357422253	-0.7820422065391917	-0.47641798877207087	0.15770781884511065	-1.2793844044634557	-1.8776243750979702	-0.1824046377439236	-0.5981218851293068	0.6076761427116729	1.4822763851823297	0.3378284018727687	1.901326385085768	-2.4813145834600636	0.4499540456658115	0.7965219337061947	-0.49018678952416245	-0.2567359352270202	0.2277510647768257	-2.205481725978952	0.10085784472313288	-2.716797147922672	2.226995774022814	-0.4362792053996461	-2.29200363328067	-0.6717869207723045	-1.5387219120833422	0.4248098000050351	1.4284533207722945	-1.0827215886937798	-0.49926884939666133	0.006467086631732875	-0.5487302142159503	-0.25767121822078803	2.2206411847549568	1.9243096772851633	-1.1474549935844178	1.037965402135073	-0.4019019292989128	1.7314964723290056	2.321460758263869	-0.12390114582447802	-1.0365197776524349
DTXSID2022333	-4.599014289936397	0.6583213702521165	2.391621959119765	0.23022874192275425	-1.4463124963151501	-0.175999589938978	-0.4903312343601925	-0.8336272981226626	1.5140181672012991	-0.31620721072845587	0.5171155321164957	-0.37027687936007647	-0.13344351257720266	-0.9150374294894553	-0.06486935508647958	-0.017050944903986995	0.6659675709154206	0.14813166758454474	0.07807764105241603	-0.5216955301847758	0.18105674935410504	-0.21695880801295903	0.4081587525106297	-0.09876495977280703	-0.1805921250872958	-0.08741419054131662	0.42849248148405844	-0.19742773778307932	0.11892701411200918	-0.31716602477696937	0.2594624774321269	0.5694494027805233	0.35723539813705346	0.04091592562984313	-0.6333030134478912	-0.2726188195618431	-0.29442795125760657	0.22661322218981012	-0.4618688179226732	-0.7135685666326363	0.3829975142891415	0.46578823466923647	-0.4808588844231252	-0.1089858608530382	-0.44379504617472243	0.3716107803450881	0.07500889963454244	-0.23979649084185686	-0.1254883318656005	-0.1651997270092257	-0.05122001662548299	-0.06367103522043754	-0.12729461439886036	0.16362368081824127	-0.16097306136314854	0.030060815835724966	0.30648994704889865	0.3716174773427612	-0.694124687663347	0.04209128845105807	-0.0812538950988094	0.22808790161655892	0.2678348131668169	-0.3894402207453973	-0.2852940679035139	-0.271873042188085	-0.4735730739334514	0.2334652777221079	0.2267104803584196	0.2215237971510961	-0.22169620246231156	-0.06925871617947853	0.6763816403201027	-0.3224129549206947	-0.574750159719296	0.4040287704765446	-0.13191137123389515	0.37243202056970093	-0.271143886136889	0.2821508114918831	0.2791567978348271	-0.49432188812057476	0.10128355011444884	0.26161066109335035	0.18321757627321458	0.05689777983147807	-0.308169136695076	0.48294419870217037	-0.015483493209406953	0.18938671548209526	-0.3011583477248752	0.1485815572928932	-0.1660571493731757	-0.15377374538188504	-0.15542871773928116	-0.08195391173010202	-0.08263518073431401	-0.10818381355608644	0.12962404863572916	0.1551951481367099
DTXSID4048195	-1.5661955733177422	1.4257687526133362	0.8633193563809647	0.09664593419257915	-2.6779019288324157	-0.8913277205049622	-2.5158064261669093	-2.837617763234929	-1.2015875683818804	-1.2235176204889904	-4.300927833491838	-0.07778880330866347	4.93490140266966	0.49316176103384457	0.19088066125525896	-0.9799351883293624	-0.7980205164117281	0.07837076453914738	0.19520076822681065	0.5211454219489364	0.2826415239594848	0.5537769019961901	0.21206296589779555	0.2828799824527609	0.11023992788067617	0.48479020210228363	1.063370789574255	0.042013879159554325	0.055634780168534216	0.1517202713274018	0.3830779049013679	-0.7717512899758292	0.13357114295359007	0.039272367665626855	-0.22651393967285452	-0.0758860188655606	-0.6025175467481803	-0.06347354038631549	-0.11728533331095985	0.020526264752418394	0.4780385429862836	0.2631049848481845	-0.0002303921547444567	-0.11211683971234149	-0.0036186915719916687	-0.06304387070148762	0.04193193688835739	-0.11885859031342706	-0.1644417607103452	0.0645076565745672	-0.06018316760656626	-0.3084823755264268	0.30165159009518905	0.16482139516459327	-0.06174983570662298	0.1255276600305561	0.4746772935104536	0.028670998401605894	-0.09915098055821539	0.09907090305028862	-0.09640640980245559	-0.04857853921291383	-0.24931655903684444	0.13929167458307473	-0.04353071304686574	-0.14739270273454536	-0.0398641769465872	-0.1383123723078913	-0.5769275345550715	-0.5141442954475823	0.6648968250771443	-0.48914689471594025	-0.15642973277948327	-0.16350672813715594	-0.5310264559946006	0.22305035542269327	0.30919121050963067	-0.04105629714672848	0.06389193624795826	-0.40111102386565245	-0.6722044845215189	-0.16072990659233866	-0.32737020229377733	0.18889707676827372	0.24695604025141726	0.567977472986396	0.5617362889294	0.417347118865216	0.27585841803939387	-0.8657095302962988	-0.3783023864530824	-1.2634374733320444	0.12751941957333443	0.5706887644679687	-0.4783561764610047	-0.023195136607240114	0.07753171374807394	0.06177079241321414	0.5783438931977454	0.0355153579674772
DTXSID0025076	6.103948617732137	2.3300940696141352	-4.977594159676823	3.0258763690322397	4.757595203821716	1.9347530349675373	-6.75554151428626	-6.185743252883848	-3.0714412665306368	-1.6272628530524824	-5.479136142364523	8.742530767959446	6.961947863658125	-1.9612846965919573	0.0803395141533858	-0.8035947677938274	-5.95999348277685	-0.19960182013038336	-2.016443637672763	1.819940782614197	0.10370684278682722	3.1682902802618784	-1.1804767420771174	-2.218886864511517	2.016379846455998	2.0986094095634966	0.8290953354124632	-0.5264165570114245	-0.8931379814037622	-0.4665248071595254	-2.089294140299734	0.5657283819285298	-0.46946310748002007	1.0675727346221993	0.698588325034989	-0.47839717147456573	-1.3587631279832726	-0.07606892981681179	-0.1693943530257066	-0.6672008096635228	0.8929739676186729	1.0215406844364927	0.24761537804940253	-0.4959777630148511	1.4446402100688718	-0.2950297247684371	-0.7826658871547074	-0.0796269109597723	-0.6005775067519752	0.21667176593890985	-0.07844646708788353	-0.5848978995230971	0.4766864020048666	0.20650384442109204	-0.6823174011740365	0.34452356989989696	0.43030228767344597	0.6209024203929595	0.24969158203993239	0.5425032977586189	-0.5769440324301023	0.8918411993218865	-0.5560231883943592	0.6092089365102064	0.4411834114862224	-0.27855134177133556	0.12988980624661875	-0.5700858913614663	1.7796546590767586	-0.7706504179551343	-0.7577864794281076	0.25843978009207025	0.09988109114663427	0.8536048728451433	-1.3230424926491933	-0.9094745995936956	-0.3484030579486778	-0.9413146826196951	-0.2112917503670214	0.6333935230903739	-1.0690853840991037	0.09088790361918604	-0.5312344410026499	-0.8913878812804151	0.368578761839441	-0.7884697511527179	-1.8571953344189225	2.3386890411167442	-2.2598723686853437	-2.833735971738359	0.36344903119156696	-0.9750712356174839	-0.49115259834104896	-1.159639574149527	-0.07662692671629805	2.08546728904163	-0.8590200276708876	0.1371598639181289	1.5054783137954093	0.8757432358877485
DTXSID1021164	-4.888563678780889	-3.4871062163161386	-0.6880498238241182	0.23438979771408827	-1.536131022358462	-1.34466279189108	0.705243815113829	1.486497750169854	1.957990555176492	0.9716761616031735	-0.04469250573310616	-0.5816017367233883	-0.038466342185150396	-0.8319771781707568	2.6405710269640155	2.193181193050589	-2.638639739663153	0.5896996262086586	-0.039923003515088026	0.7772177663903441	0.18567239489291618	2.1068967853042655	-1.040482764005972	-2.6151067282467264	2.9803626529016793	0.49067887311196784	2.217428250443919	-0.23559424565262024	0.9346276479239827	-1.8345276217239883	0.5154889345615419	-0.516645012084982	0.44541288416653724	-4.260265182496086	-0.8707051393634522	-0.2729151158377323	0.20455337184384506	-0.5071109292430731	5.5831814205204475	0.05602714746702208	0.5651501573503073	-2.3936507977174633	0.4838093673230912	0.3848231947469005	-0.1127003907780091	-1.5211387728604515	-1.6433791225814856	0.7822359427347692	-0.024169801609211672	-0.0928292106984408	-0.03448844139962894	-1.4168632495740048	-0.09917133837908126	0.8214121347017861	-1.2157252929834823	2.1578261213292436	0.27506206538836014	1.2645681077980568	0.6235075469424648	-0.5150736175908757	3.8404450860356563	-0.26870194382076	4.350249100075982	-0.8058012179603766	-2.551198121479197	0.6318880203019545	0.7475616947846074	1.7152298955777574	-1.8803981895254116	-1.3725607503317838	1.1647330982522053	-2.4031769633285576	1.5374251605815055	0.862457530839102	-0.9777306096294407	0.3978203010741239	0.4496574874487285	-1.6184396007637383	-0.31146743394105786	-0.425705395410969	0.6803709895896387	0.846672642499813	-0.5996886996496249	0.29023825863074004	0.587986839494317	0.16990383000789783	0.07045363437658654	-0.9426776513820616	0.3011526172403487	0.7611625247519486	0.6300550733309985	0.1506956008552385	0.6846671913309378	-1.1272084847556898	-1.0333093759540357	1.848537987001143	0.2212675390767172	0.18777808585883038	0.2713381334140342	-0.5972975014005467
DTXSID4048800	7.4768503183722785	3.953083091025203	0.8715243276392617	2.6323311568849386	-0.32063087065489937	-3.1947934724183105	1.5339602747563506	1.7797067695899595	4.163204892165497	-0.29378480004214014	-0.8336269402236636	0.7416381187281603	-0.10734920860364018	0.6914507632839324	5.026468422897174	-0.4727829828824123	-2.3428536991806337	0.06693334941612852	0.44700378960959275	3.4495044739493106	2.70365937033474	-0.986008929897569	2.9099171892964613	1.1757969011092206	-0.009034305358564122	0.625530858381426	-1.0484360702739128	-1.1739340925466553	-0.9808344554207726	-0.011903008980858566	0.33184484458914576	-1.2250634301537313	-1.6457906785844274	-0.7838352991802894	1.6851792989755845	0.053545535914765165	1.9857315962490776	-0.6948829667341915	-0.76052675289656	-1.7751294679170506	0.6591145855360965	0.2554529600419768	-0.2263021801922571	0.3041697894301046	0.9222465987452821	-0.2983579992095032	0.7159453973625797	-0.5773102709054836	-0.2865175220215293	-0.3694414885271729	0.15549731959862775	0.37314013448948624	-0.0371511224051793	-0.2535309486259264	0.44162200639938193	-2.3555378090553165	-0.649544907933235	-0.2522680763058786	0.6910089847139146	1.5843548661004105	-0.3200865030585045	1.6364206329846358	-2.324176463297444	0.2624688549050289	-0.5859445908819785	0.2811630943523426	0.8877409601917627	0.9524327068443799	-0.3410190929524876	-1.3946579499088105	2.1988615932649003	-0.8787884750817354	0.7927740407868235	-1.2889130820943455	-0.10088779647228244	0.33904275835916486	-1.089822567894238	0.37691910325496186	0.8057748659710511	1.1990733166248435	0.22397535911338262	0.8031551407934505	0.25545156348217885	0.4609815561533868	0.4535227501197743	0.7728582306346431	0.10433152905820282	-1.018451000182669	-1.1503836489085668	0.1591624796484205	-0.7861548477958213	-0.7545199162513204	0.4676353517944832	-0.606834961059285	-0.33571729050093135	0.14846056072654265	0.5903857563234886	0.449912587065226	1.7160691907825354	-0.5197895830577031
DTXSID5046986	-2.024493087520977	-5.436039033148587	-4.089645613054279	-0.9898365136590517	0.97972243050567	-0.9773605134028979	-4.189737342059475	-0.3681976409740009	-2.599561691793009	0.08212668048130244	6.048346504003006	-2.5874853542542366	3.080765245053429	-1.1386944283657954	1.098598944402524	-0.6380619091727641	0.5818930944556469	1.101727896933408	-0.8560439136451679	0.44134209425238813	0.10619499939065884	0.3701233334080121	-1.845393932514414	-0.8414375416991668	0.2449648123274327	0.0828036482621485	-0.19380926110885366	0.3297457338905185	-0.2893841482385394	0.23540327177030204	-0.8112120952960247	0.8280147411474075	0.0553983008442814	0.7834400601449594	0.29772281652349153	-1.0037412235006364	0.9536390485592705	-0.11159536535968309	0.9343747658015172	-0.19166461279634528	-0.8606440904344833	-0.4970662403762813	-0.8247351838722029	-0.07731737134467294	0.32498426838318256	0.3389726422029314	0.644703544208644	-0.4935293914321787	0.2832835751673019	-0.012261861305952512	0.002855196845483713	-0.15240933366298923	-0.0002470324675156178	-0.34080345607780255	0.6348632972429059	-0.38403065215644167	0.10495253991990643	-1.382145900371997	-0.25767519498386743	0.58132894891922	-0.9298856598166827	-0.9806864964125599	0.6777069935647153	0.7968137542043081	-0.18825262754999328	0.33358645151888777	-0.3511194004301734	0.41284696075285254	-0.09315554974709636	-0.11272901090898203	0.7576647858724764	-0.027624207959710545	0.6951624152168098	-0.43513372120536403	-0.4625157713057433	-0.21521118523962512	-0.13175755525090535	-0.5452458685995125	-0.15702552567949848	0.31102501368901986	1.1219097882061373	-0.03152391570931664	-0.04611861300373104	-0.3891921003816804	0.3364469669095193	0.1642282404378994	0.7786725232321974	-0.10493708554033845	0.22403085313981255	0.6756321048093018	-0.7276694038363603	0.280819516155962	-0.4165355375352224	0.25058883909298135	0.16814301963974115	1.0835180659683483	-0.9947123620633137	-0.3725710354415667	-0.3684285455862482	0.2785778350764104
DTXSID8045563	12.230558020522592	9.709764110331417	1.0010093523584251	-0.4502742400670329	-0.49592263362174704	-2.317707945097307	-1.6781367566264744	-0.4806186213632508	1.7059216648549886	-1.1178351210300235	1.584468923885152	1.1259334074398861	-2.254254120121532	-0.16926879120249722	-0.47236900340359345	1.8171873285693843	0.17509806213253976	0.4015021993529132	-0.3502634694148228	-2.4278116958830225	0.39629801584611357	-0.7345820812984316	1.4373685274490313	-0.43005296059979253	0.4246660795860474	0.7429585164270668	-1.3366280894099023	0.3775682074050476	-0.4428271769662814	-1.0417208184435578	0.1692017458003172	0.884309516766051	-0.8242941339990222	0.14511105563286025	0.07053095137687812	-1.9538988240452981	0.4997550135383267	0.13665256832648043	-0.08414645215315117	0.2642845842717057	-0.6945062937856723	0.6832032679430572	-0.2699260340156828	0.5336812913296765	-1.2032492632756695	-0.22756769960273387	-0.20643000475106155	-0.8524325822742908	-0.4428976980893344	0.25416356728568745	0.1405916907033227	0.032971463335281496	0.18671525760759708	-0.4335959394041841	-0.38975251472231487	-0.46165172111563585	0.3717151402036341	0.32230290692372954	-0.5757036788410532	-0.8487274672639541	0.9529836046783221	1.245829666702721	-0.49866482935083295	0.2675492781197182	0.6386345516890426	-0.5052575704019838	0.26351713391859605	-0.7253350887086886	-0.16544508099178484	-0.02949556626696224	-0.42023807304129845	-0.4876469621033998	0.7195336943162515	-0.23133188150811712	-0.427913768736945	-0.40295547061622095	-0.46273038176084214	1.2249867890255401	0.5733588659923617	0.13512407208980542	-0.44016488303867435	-0.4577733280799007	0.9064156947213536	-0.9152330033704951	0.0993306404508455	-1.3026214256296238	-0.9842116368918346	-0.1068157689523738	-0.4048955846378333	0.7636224686335463	-2.03917856800759	-0.6491542685646622	1.4651654384776593	-1.6218950968585364	-0.28195364480829016	-0.7239315013057395	0.38060053891389467	0.2486091434084534	-1.0032727198776599	-0.5125481613443157
DTXSID1022267	-3.62298902876415	-2.5677391127714717	-0.8520007247634422	-0.1852741783411567	1.7768622163022014	-0.6530770579522059	0.8480622521569395	1.6361990541046936	-0.3715145047771923	0.14304562347616365	-1.227493989954181	0.29804936921714614	0.6100120103880452	-0.03912837926932719	0.7350432924715793	0.8576178549083763	0.7380555367317676	-0.4911244961807941	-1.0026979198319594	-1.2911224470367695	-0.6854284454051992	-0.5768087640708127	1.2511722858190455	-0.8275535462163475	-0.4842724279114525	1.2342717889378225	-0.9713458098613641	2.0221337965812456	-1.0028086322840248	0.6394762735704014	0.21135572677147324	-0.022428047786761725	-0.5954054775284904	-0.09401733260056166	-1.4049115764343991	0.7057540432886334	1.0929103081340394	-4.061807570987886	-0.40103375444277417	0.4629956133455504	-0.39286441106941516	-2.7512337082422036	1.4585401073389803	-1.3468894858784146	0.81324185016376	1.324914318483089	1.7340439800994198	-2.946063550154099	-4.011785048807971	3.902269366789445	0.47529805962530175	1.3448441893216516	0.17933529208730584	6.544385204012267	-0.3573183765845325	-1.889558698039333	-0.7435732051221189	0.4136291630534246	-1.404561123709038	-1.4788031684431566	-0.4665980229919638	0.04774746290193465	0.6293976213009006	-0.8316170290739797	0.8703533825117988	0.2234618824178787	-1.6265223301832374	0.7253596047878013	-0.3072173126233778	1.287202956912091	-0.15556073954524477	-1.6102244983477991	-2.158929736576241	-0.34532987196699283	-2.0622896965096364	-0.8588260308516356	-0.6122483605317228	0.2100538058710121	-0.30471191836701517	0.025095796394446222	0.32637821692694685	0.9617892943101141	0.14961778827776528	0.3568631170129078	-0.41195878233802435	-0.4355362551785395	-0.2201374914389741	-0.6708874245775992	-0.41771129366320786	-0.047930001976604256	0.3224709174624847	0.22773448172105154	-0.6591490266512261	0.3367146790198942	0.3876173128380762	0.043733187798261554	0.3014901444157082	-0.048020868059742684	0.1126007029401973	-0.8936338786630876
DTXSID4024488	-4.605892002714986	0.3990393390587166	-1.8149446337617994	2.308406244510462	-1.9589442766234708	0.17442607019222192	-2.2610446282992895	-3.150659892605358	-1.1513177937027526	2.0233150139949987	-3.7752510520763307	-0.835658433942059	3.51581517375779	1.4698525928924846	-0.11240025344304022	-1.9164432647100444	-1.1222001095393033	-0.48595527850862774	0.05171280499964004	0.5418148565362987	-0.05380498145146368	0.6893914612472479	1.144850466858989	-0.47839645892051325	0.47233923160139074	0.18895953076723018	-0.2494356773164751	-0.5443533601818267	-0.6687270452457094	0.18554999324213955	-0.5228335088797071	0.5738446621320965	0.3901402808814673	0.10332955507008713	-0.1816020806283897	-0.04932918785358255	-0.7460562111419651	0.4964274391131661	-0.24448341984690083	0.30073497827608825	-0.42041292706564726	0.08169752844352458	0.3601988941901893	0.1913024610280529	0.13095006218942934	-0.19881833864436196	0.4826092206271991	-0.19511276437017488	-0.41056522078169927	0.10764543328467013	-0.09492937568740852	-0.2686064953923566	0.37624435360933073	-0.10198851971842533	-0.2708189386461395	0.39141952051156653	-0.07894548416936031	-0.2863521363125542	-0.3289966290475798	-0.410746285090281	0.8281488288837989	-0.08322732905619439	0.03221439766928597	0.5501155724149416	0.45192138453751274	-0.5170324247142799	0.2700143891452673	-0.014496899643083795	0.1328207350674638	0.05063972181797743	-0.22681483301576666	-0.3395106774144623	-0.2183726090525621	0.05494347578710115	0.020085033153825326	-0.3412993175641979	-0.29662996409033865	-0.449408586004022	-0.4664550871954399	-0.3031477539389429	0.21012583942899588	0.15990073566508894	-0.4151763879295836	-0.14526604997337939	0.5307945768723239	0.02703334086675621	0.03675794243636214	0.005479388099098138	-0.013576291671838653	-0.031107185980772025	-0.97167715511685	-0.20474737508921131	-0.13689233523379002	-0.2864762203982572	-0.21544588466138326	-0.4801089534355218	0.16352859298962188	-0.02341031455464593	0.052575786532938575	0.1337477400725058
DTXSID9044403	-4.342053925967088	0.9397210065514304	-0.7813952604297204	0.7190440451579594	-0.260410740333783	1.0755396702751117	-1.7870233424869213	0.2794389010077561	-0.07715067432370136	-1.7212210496001612	-0.45013430600088766	-0.21075569455947216	-0.1594414364028778	0.8742034099089533	-0.5212316634216925	0.04385663931388981	0.5309114807939014	0.15441606296078147	0.2963832392148529	0.1918930816440203	0.20124608608550631	-0.21197728136979543	0.13888598606694044	1.0627660160290802	-0.27680421306522957	-0.5107590890788988	0.6901272126118391	0.1170455099538585	0.14736763684442306	0.6965305503492428	0.3484599116427309	-1.0323328840432568	0.10038304572304921	-0.5555384414592589	0.22031492710811662	0.14813102369315753	0.13977970061284067	-0.6627710139047847	0.06401714245093777	-0.18976263407665567	-0.11264022621810219	0.010142816911892016	-0.25911205233096174	0.0934739651570874	0.1422395157834194	-0.22524185457342422	0.2999483771367554	0.13342015896273338	-0.07669358780955816	0.2379950208506778	-0.0005960252219098369	-0.07168524255941677	0.184456558534801	0.01389319973243598	-0.28380626136123915	0.3148324512161327	0.01011839657728711	-0.07631136155659583	-0.11118886879914366	0.3903612147554688	-0.7111587457704458	-0.5604963101712501	0.7321463423933284	-0.10957275393640496	-0.15447473338904016	0.13449083405464235	-0.0995814135541286	-0.13267473376357902	-1.4083802446938558	0.04309603977214845	0.25062860036001167	0.5424462104789554	-0.07485215882568282	-0.681278385286001	-0.5234556317764252	-0.2415875231867839	-0.5220520482624339	-0.3402473938752331	0.2583889571778756	-0.07816274703376709	-0.06285850550930137	-0.3107702034516919	0.14020008075021187	-0.5819442369857741	-0.22662437624947793	-0.03811125122813786	-0.27518969590673487	-0.18095837295943895	0.1916750515726038	0.19522649891321153	-0.027490103831997917	0.06792771825609918	-0.02286586768095255	0.46348746603092317	-0.08428239725375909	-0.20129557475919987	-0.49629667783584197	0.052891798939939325	0.05668018043883296	-0.4077203003199886
DTXSID9046813	2.469886012291151	5.296349896897238	-3.167715270499085	0.5001316482153233	0.1742489523529885	-0.010549613334741716	1.3226058224217272	3.0783424059622533	-1.1275059051396352	3.1006768310949484	0.6725038808970627	1.135349829174896	2.2786432614243934	-0.4088282091348635	-0.48986581852036015	5.6686847474628514	5.115811147486724	-3.9922230813349002	0.08754434958250772	2.0302041672634257	2.0769112928274143	-0.2030221682693736	1.910227905035419	-0.6289325155981437	-0.5264641609288276	-4.910397631112741	0.7709136435473346	1.0111633450208286	4.794095912398588	-4.058234753817055	2.2252819019189882	3.998160936081878	-5.379559781783563	4.02241420396632	-4.019462652111208	4.407226948275567	-2.0664427300237027	-4.315192137075988	5.635652751445493	1.71368914964053	3.8342203827323673	4.589494034582823	-1.3707081425177656	-3.291775575583855	1.1148072357697885	1.0160286644440746	-0.11584781198670212	-3.2492931114553762	-0.04828937254487955	-1.5214782000461633	-1.4139054369169095	-4.379329396633027	2.388055230498147	-5.714899344539907	1.2179095762481635	-2.584224482425374	0.4594319366749506	3.3644218204320535	-2.514495077873206	2.4576702310622673	-3.260627170549903	4.220297021942383	5.609439312790062	1.0172276176139199	11.498929655540895	2.3838169321368277	5.104455816774369	3.0247567926447134	-1.136543176266009	1.4194536737799561	1.0450604182114145	-3.6287232034566284	-1.1363843398431213	0.542036351880172	1.5374449265008607	1.1112418447004608	-0.5732508938518727	-4.329911854468436	-0.3820997425310741	-1.8342214358669209	0.6016031652607018	0.2629435948559563	0.026061049874839197	0.5961701164198546	-0.12625070788301143	0.5641799641988813	-0.4959972980761353	-0.2511522125929699	0.6341046928160567	-0.23510377769397917	-0.3558592290890692	-0.24455712547027156	-0.273149094672264	0.4494479543998427	-0.21271696799617867	-0.7630971842490885	0.5664067529209841	-0.06125244476804488	-0.2241069944195706	0.5015086505029785
DTXSID7044502	-0.9019084518063477	-0.9263546620958373	-2.3140952685962626	0.3646809419190912	-3.1637798877031216	-1.1745799481730606	-2.5436429103918066	-0.44119857873687307	-0.7298627240620766	-0.7980337998872663	-1.228449746042299	0.20488869171210058	0.372202432967272	1.6549106972368484	-0.11158838119798542	0.9586417912190568	-0.03745343936772975	1.021084020711503	0.4248561225174154	-0.0050509158009743	-0.15878056744214725	-0.8497518197481736	-1.85295393455141	1.1020604349680558	-1.3931758250479624	-0.21606724179949524	1.2065040591955185	0.06933536702517484	0.5103079699510922	-0.033801953361265	1.0526904945392241	-0.6992668247934121	0.44079957239773765	-0.15532723900206313	0.7173326165405971	0.11641467536111236	0.5531781742835041	-0.20474670670365347	0.31941091459639037	-0.6576059499382897	0.6137112203986621	0.08944534358450555	0.38157573554136665	0.0863539352336239	-0.2725481239028649	0.47526810180192064	-0.0786477031361168	0.1863445731146806	-0.02422742105434196	0.06620373624070941	-0.17114068520412976	-0.03993797114252425	-0.021528707548265674	0.04237409977940528	-0.042377547770395055	0.3879489343656419	0.15068087174257497	-0.2523970835234134	-0.3198310277579386	0.7420915994420278	-1.1093400159102393	-0.10703913497425058	0.1502910105024362	0.09543154413907966	-0.6611895409166254	-0.003394732682382297	0.0657857856429515	0.43196111865405923	-1.591665708689879	-0.55818464059399	1.082759292594265	-0.49643563008431896	-0.8544594286511262	0.13966577854158424	-0.033482268275899486	0.723281087452796	-0.47254014358503293	0.9019028789910936	0.1798055027972818	0.011839114555350923	-0.033929195816630675	0.8949817755913332	0.1893841445727825	0.4791810939082326	0.2778976660325444	0.3680869341984217	0.48134226916456785	0.0953050218568421	-0.2869509228814628	-0.8941041655919016	0.2694902504292105	-0.9323075576499117	0.3437942165941006	0.6967911477860246	-0.8772408543682229	-0.40450449959801016	0.660410148512154	0.5773882829595189	1.0135024655303344	-0.061180103116397974
DTXSID3021562	-6.9538149962342315	-2.3104895760566624	-0.5439626772004743	-0.8395097435792929	-1.1873484681324096	2.873771536419028	0.19889440871558242	0.8990153792048443	-1.0115109711795665	0.2269946685556376	-0.03526070536519628	1.406582235858092	1.6970758578648284	0.38833500791035036	0.11071163992583162	3.170502124939778	3.1576023127437662	-2.715851261705443	0.7111015472321255	2.004638767929447	-0.7737715839250202	-1.1515426408038145	-0.9685189695769788	-0.16849165271616123	-0.6444556723671223	0.39420583832347156	-0.9045366105846987	-0.3886272023976107	-1.1192070997139223	0.6152387775898084	0.6566389257411255	0.5131491254383682	0.5157616201221248	-0.49294230551591844	0.4368410570503046	-1.0453553793099086	-0.43456828668031927	0.6648406335622231	-0.0024976322941613264	0.5597368893819072	0.41221496707372507	-0.3600372370417086	-0.7567994453877498	0.036129716484565665	0.6046879910770273	-1.2907799932888935	-0.4158740492143733	-0.23953718087850626	0.3199668992709063	-0.37145754448566504	0.3147188858638703	-0.33021695951212504	-0.3172475444672569	-0.03019023435340687	-0.6050023168775572	0.5280531690268716	0.4138188072371171	0.40875229541676417	1.3745422276063195	-0.17560744341940104	0.13984650873809934	-0.9048360601170776	-1.0564156472800021	0.37640557356764576	-0.22279979478023115	-0.36294868503810385	0.253706929138021	0.7431890743840716	-0.21597024226128955	0.9954584012058275	-0.3985264787842905	-0.05247507117361412	-0.518584502919529	-0.978568450251843	-0.766899936327728	-0.4805088459274486	0.22365757861898272	-0.4230373264029983	-0.08373869565930639	0.2917658541316702	0.6220489132475633	-0.5854758959109196	0.018915066893071476	-0.592237519851423	0.23143440702824108	0.06788703878646833	0.017665607899268198	-0.23222295874352328	0.6112278650913819	0.22267717326817624	-0.4722489773670638	-0.10248412809271842	0.687860350287946	0.10185649155634327	-0.06529980489771708	0.33885822910691865	-0.27014540306036033	-0.31843554874813207	0.27352880876719055	-0.0822825815074301
DTXSID4025791	-4.459857647197626	0.33310965417120053	-0.8376416005431879	1.4100552545925427	1.5275881189423688	0.5463134310170077	-1.130955666423988	-1.9213471047352186	0.2583296588697127	-0.15562597276275353	0.3906796658626398	4.675300992715005	-0.7282060951510736	-0.9847573176803219	0.3110735403103029	-0.18660699608357526	-0.13646683328315448	0.4926929577758903	0.23240636589239472	-0.2182072326760549	-0.1112646202362029	-0.10927711089236682	0.30549861422237656	0.5676955763301271	0.10902034510986704	-0.5518290823068964	0.37288079531338075	-0.42154860286554335	0.20014513111585644	0.451654911125851	-0.23259946296314246	-0.5026661459967946	0.10180841628977375	-0.026890178130895784	0.19319988063766516	0.9771854811327986	-0.11528685480680428	0.12526133073618562	-0.21837331681241187	0.2307995322582667	-0.39160081450919	-0.11266885553204849	-0.392758352538827	0.08745965240354643	-0.16235740040180122	-0.09850321227587688	0.715210384264774	-0.43648108575418654	-0.10428804821138019	0.14012902220398243	-0.08050528419679785	-0.1833677866654846	0.05273429252726082	-0.25862980240108974	-0.5638547033075455	0.6485883796827352	-0.6356807130208275	0.046044490407746115	-0.520196710383056	-0.018862412153195	-0.22064550576190214	-0.38136809921118425	1.1868894061735296	0.012806705950689062	-0.16338231062922315	-0.2659281268883341	-0.3378265550175139	0.26385805302430265	-0.6249587940173398	0.13756454436708268	-0.34636520900233597	0.9474653446153245	-0.12030467443365243	-0.7855578295752982	0.3325257880520644	-1.064575430471939	0.07484939028340716	-0.4450140256085876	0.8716499634964242	0.27397931675750486	0.16911294136153518	0.48287697128909085	-0.5580093185180706	-1.082534178536553	0.013367860442288234	-1.0657222654491538	-1.2282827219777037	0.7791987414603633	-0.5374520036753587	-0.9357959231575899	0.056897011651819235	0.11297094762088013	0.32507207483323924	-0.6532531085449887	0.03512414297288891	0.3501792533276297	-0.1388879711332274	-0.10727487481216513	-0.07998034591630387	0.11325900340261832
DTXSID9023881	1.2199143122588612	6.6518818517281	-2.6812419660198015	1.3560859278884887	-2.7448796156256337	0.9454894084526035	3.6211683386812434	2.053337560215403	-1.6817647823570505	-1.901304867769607	0.4808503679988742	-0.0032828408082064752	0.8246219649052263	-0.41858383906055596	-0.90980744809408	1.0790933388917614	-1.2892660340168935	-0.21704723270317758	-0.647340900986486	1.2355393817077447	-2.1051667638234073	-0.13539156136886332	-4.002527790555707	-0.4519026588684896	-0.4810161688258225	1.2092747318241217	-0.4588334870299934	-0.18887567139742006	0.870178475466715	-1.0796410472094191	0.07036640169884456	-0.23500769969587754	-0.6909250038478219	-0.4542895900473805	1.0634575016523868	-0.7182830452693484	1.597980430352776	-0.3787187597639159	-0.1086642168544166	-0.4701772468982276	0.5380962109100708	0.9847330116295084	-1.7329381733855456	-0.4472857531618327	0.7287385281749821	1.2293665802685583	-1.074907791620183	-0.7186162034483303	-0.034803416813577515	-0.31980823538782466	0.0658998754076417	0.1142714079245829	-0.38544278820422495	0.26386561241517853	-0.40612630183777154	-0.12100312591952521	-0.0020539324274604187	1.2154835460490887	0.008547155501917128	0.903995793471554	-0.871385692605245	1.46231351081836	-0.27131984757906746	0.9558578447468195	-0.904698342806122	0.09286830165350331	-1.298643692338941	-1.0295681115242827	0.6317203893312139	1.4416788589184903	1.4393203392069769	-0.902851158284305	0.17300109632460325	1.040681292134909	1.1473614764686704	1.1290101021377665	-0.1939834137254549	0.7850359338083477	1.7383717158227971	-1.5949247660185466	0.5760274880970513	0.830618972489265	-0.9649382927900668	0.175123273074116	-0.5500219902494166	-0.6644187265664218	-0.21422871280975153	1.1390103973663197	0.12917443970653597	0.796562154681581	0.8143546909330587	0.8600883250409254	-1.003977101990606	-0.7393273010029433	0.0684052393813193	-0.5825350086514274	-0.41168181607560445	0.7742522915500486	-2.619218909447382	-0.4069327946786482
DTXSID8021854	-4.627695399791499	0.551029022381277	0.9407790140868371	0.4730054595465323	-1.4646109435428267	-0.6443064513983559	-0.22694345796720647	-0.33416863096958394	1.251525479135361	-0.46040167515187097	0.8003472104695963	-0.25205688879391286	-0.4934062143404116	-0.31033938147416384	0.7878389448363049	0.7942564479688505	-0.5891739576395699	0.24471266882555961	-0.4718320071398576	-0.4228485984186744	-0.29850183213318293	-0.1156506004827036	-0.2463185805092277	-0.27153510908365214	-0.08611395754740787	-0.36787890816605034	0.30314523344647865	0.34288819343410964	-0.07614022714481575	-0.08467257987403046	0.046223225581617663	0.30480183335015515	0.3649584367764902	-0.1041437132073204	-0.5868500159941488	-0.5457084448402142	-0.6385748521891633	-0.37801078048194636	0.18236336551943316	-0.13770935988909971	0.05085138640106839	0.39850044434333476	-0.4261507951105567	0.09189190421619074	-0.3265291831299267	0.1686896403859968	0.07746033227761367	0.02129213323798443	-0.11848241096364548	0.05491151287674291	-0.06085037885550378	0.026583142932808584	0.1379200955948699	0.026243690258284387	0.17774315894318998	-0.3069173176195924	0.25611846942558253	0.35635672139863434	-0.49615961088030774	-0.010069166786404607	0.20680008812881376	0.15709829696573607	-0.40536959253806065	0.26676112569548577	0.11395754832181719	-0.24783672619169875	0.13039048901677947	-0.05577239348386	-0.07496852097664117	-0.355534800936848	-0.23556470335793928	0.14986865131025998	0.1346800253519286	-0.11471399298799585	-0.9421165263060451	0.5151112687479799	0.05195946539145341	0.5489360671253665	-0.055335252054081595	0.24273419511521294	0.0007213199753687431	-0.30979804823655194	-0.08541593287516502	-0.14957872065841285	-0.24640563351217362	-0.2479481280956185	-0.33580552539743863	0.277273859371587	0.5281982375678447	-0.7163567404536147	-0.6810908448441836	-0.11065954494926918	-0.07911493449931124	-0.21840495445244995	-0.00014091049705275595	-0.3289646067874262	0.23513759000166395	-0.054739388047476606	-0.15959654721536273	-0.17306383263994018
DTXSID8020886	1.408157171583519	0.19397499261346862	1.0109419170150757	0.804464575073593	-0.5174227620285881	-0.961627109668641	0.12406878037876284	1.8405248968424708	1.136269719288457	-1.3222533840336235	-0.2820279993629965	-0.2219743003823287	-1.1394721751618628	0.7964733386719827	1.9001800294481035	-0.5693930084188855	-0.6219815069294939	-1.0214647483665527	1.402977032761164	0.9943304515318969	1.7343787897813816	-0.366567618704428	2.1717972225099076	0.7551493572549085	-0.18317579002259424	1.1203057768477849	-0.13859938628164575	0.00800454675703982	0.20077683540382954	-0.2231603130596071	-1.31273560601611	-0.7528249176835621	-0.25588421496249036	-0.3206352368500081	0.9673937665875356	0.7231641161666107	0.6134377609239123	-0.19884684277428297	-0.846973935086989	-1.1946287891811478	0.7158053778336539	0.887974783989808	-0.16297450179683357	1.2097836233939254	-0.6100539000693228	-0.2313230230662856	0.6140392765686815	-1.6484205234416445	-0.3415868270164132	-1.1589781173800957	0.29043294921861934	0.11356512494536519	-0.15089423530574653	0.09236499377934779	0.3104710348244057	-2.3220916353756382	-0.16936710888993997	0.7785279277890074	-0.02390685199559621	0.2068647967801135	-0.1355366299263633	1.891235675794444	-1.5532714736438706	-0.6388383067895691	-0.8623327377240991	-0.05063776853365978	0.46392464124403554	1.0950370406177916	1.9987333270053123	-1.280756691723652	0.9228098373929768	-0.6832455249876874	2.0115895817525606	-2.1155761714895673	-0.7473693153795657	-0.08971485692868778	0.8732810917291153	-1.33661836534715	-1.558035175402141	0.11135810609668939	0.664927354690979	-0.1446462754346965	-1.3988273983997654	1.6295129104552923	0.7092524331330221	-2.2383841763910555	0.956838689984573	-1.1003388015365356	0.3126290630171038	-0.49983988832770193	1.7029777186109738	-0.7215173229262216	0.789191510483412	-0.782629627660686	0.5312209607405831	-0.4492659170954572	0.048380559220432925	0.5716562495633815	-0.05296459367696035	-0.43809040874946653
DTXSID7020340	3.3107781118522763	-6.625353940110481	-7.182684037540418	-11.730519806956837	-1.6460124731707686	-6.6505357161026915	-5.367099119667987	-0.4005699744959704	-7.504263073843739	8.655963278007402	-2.130628340822618	-3.7857996249924586	-5.953650469570692	-8.25099458554911	-4.850549935101903	11.621968965007213	-8.72538871866923	-6.587801604317366	-1.3517080675557547	0.48390939604309513	-12.521346822569955	2.80045988117031	1.789672654862177	49.20146737924459	27.912720993727405	10.238241939857659	-8.973787001337346	1.3839431615312623	-3.563250904864723	-5.4838425280521665	-0.5418837815844625	3.7194940832068575	-0.5758723259380601	-0.875691890646159	-10.816729092402946	1.8555060767985976	-1.963296939614468	1.3138348812318041	1.5945836989027893	-5.312452790326718	-1.4527137115883086	4.326329515819731	-5.214535205631735	-1.7396830610036118	0.8448183237044032	0.8831502716536124	1.9740801527831673	-0.7285465892307904	-2.3320902372906156	-3.754781946678058	-1.0181416056451686	2.251283203479483	-3.984742811947781	1.2462603810894677	-0.8228795142030105	-0.6352304550871609	0.7922944142658507	0.5207387101780253	-2.088899984116178	1.48605126209482	1.1804678086357814	-0.07004545367679922	-0.4328089418597862	-3.267508755757247	-0.9327983124321481	3.6952375028195346	0.0010969464238190997	0.6580537464882046	2.565399329337377	-0.3679159957725673	0.6487968963962435	0.8050398007070485	-1.934565546222563	0.9639118403433089	-0.8821123761491041	-2.4479562435337128	-0.7452030388118281	1.85608312192144	3.4661525725865605	-3.6565485680564955	1.004441246745531	-1.004277110986341	8.091781945638877	-0.9619294091170479	14.339416282772403	1.426950531570753	4.120554064643624	-0.8206733616094996	2.4001372692656884	-7.08353750122801	-0.4601934202819198	6.3856420240888045	-2.151207635901362	0.3753686580735892	-1.0311079496436997	1.4693077492757762	0.5027973451294585	0.07260742788352371	-0.21227354757265365	-1.3484114996659393
DTXSID3048520	8.427146281473414	2.1460988740646982	-0.5790275597816099	1.287160673885342	5.096037799121727	0.43468655186966193	3.0300790943274154	1.8998548525979546	-1.7591431005559048	-1.0540933622681847	-1.0954798098857579	-0.12228824318847471	-0.8752006548825092	0.8525360161425996	-1.248479691612559	-0.5611915026219262	0.12112115681511729	0.7963020983932375	-3.6711040517804205	1.1649397788053595	1.959341231865859	-1.0593633139759655	-1.0001843043923195	-0.4672972353765352	1.6527911022970994	0.7875271942102147	1.5670831756995935	-1.007994005603258	-0.2693741118328414	0.02268412090297081	0.5100400479240172	-0.06796175907994717	-1.397721742444703	0.11988166773329662	-2.1478089344470055	-0.11027609903337358	0.5605041211292865	0.41940900992632096	0.3459203149245507	2.393731949213846	1.7535152302617476	-1.8542890608421059	-0.41603309917568215	1.6626296824253728	1.2800299441138456	-1.193178245242736	3.7641704905770155	-0.6600252905610958	1.136501228368976	-0.5055120483550442	0.5281302889065043	3.8006279337805404	0.2042253194923991	-1.526797341622988	1.7328114327777673	3.1299913618036	0.3649733705407143	2.157643443231202	-2.2982254117714316	2.016364340234586	-1.1338573301279982	-0.9217238088676939	-2.696761667700715	-3.3778602787719723	-0.09073693373011286	0.5139724775163993	0.48156956070391804	0.2939417077719708	1.2212294267357764	-0.15520884055841846	-0.9287698125303381	-0.4086797138956978	-0.055343256114616254	1.175235675182854	-0.9660127283907668	1.2865832493737823	0.26390561079614816	1.4352118253283173	-0.47846603348848454	0.30155505449406056	-0.35270547143115927	0.7195900017840908	0.2364042135976051	0.4452698384505941	-0.10103091112172205	-0.45164785285917886	-0.08791312660410378	0.05482537285297056	-0.6215981136806976	1.0170687654890795	0.44820515412258266	0.6039073737659909	-0.31674866865058227	-0.4196390166193591	0.47261557560142176	-1.3094957754165808	-0.5335247058053175	-0.9922115528219121	-0.9027522784272879	-0.18770191735677827
DTXSID9033264	-5.908151856343604	-3.2768819134540927	-2.1111730281365224	-2.949306961423315	-0.003572230057851129	1.110647692600793	-1.8558507089473664	-1.1241331431859545	0.7299281162576328	1.3568420269382122	0.1388808022761438	-0.45971772765082297	-0.5859861593364286	-1.4827162478649472	-1.1670705482724693	1.4389907035891016	-1.4580714884428982	-0.4681592632584569	0.19414422859028485	0.9549397118775624	-0.4989398628103083	0.7018373395644548	-0.9538351171036971	1.3347729787675218	1.6517941446218256	-0.12898778855938065	-0.4847821324974822	0.05984902881449191	0.25233285338439326	-0.3652106281552834	0.2683642799714888	0.1867574765813173	0.046296807046715294	-0.10194267572120316	0.42632116416394084	0.07704230100891413	0.24975033558755066	-0.2245081815305009	0.09540231421885069	0.31764467943471403	-0.13870665620791914	-0.43133119034982875	0.26220361575211504	-0.01079591478583188	0.20916048412973923	0.2492241343724903	-0.34271074409883695	-0.020460502348981762	0.16026893597782185	0.1738913429770836	-0.04442882533100442	-0.268842090545814	-0.2365975087041381	-0.03542468025846976	0.08051703852328096	0.2121776197856683	-0.1751574021226733	-0.26024476909277194	0.18603935507747832	0.18814813567552258	-0.398668769804166	-0.005985328074942178	0.7195631463902359	0.24920270113917342	-0.25840568351747284	0.25181702668246375	-0.0031179444197494198	-0.1465329513296246	0.040629849434489496	-0.14306185877133923	0.457768646295095	0.2860019755626645	-0.00507426085355523	0.14289925771176823	-0.10667494416595212	-0.21940928672480214	0.07031846819422467	-0.6149900943543783	-0.4620195142296964	0.6655926887478526	0.09642712461191272	-0.5331895411599112	-0.5318212129642537	-0.0860863708388736	-0.6546010401414395	0.36953339010438635	-0.7190278477376488	0.4678458925094774	-0.8444348576777849	1.1532965612761081	0.9284922547611016	-1.2012560182968128	-0.3622088297599987	-0.5748760345387358	0.47248659719626074	-1.4872255381657307	0.14003543035634822	0.6206586275675625	0.36538332974213816	-0.694525359696998
DTXSID8021301	14.135486351623257	6.600547089988481	-2.0152258031463472	-1.5470271760040848	0.28726673953230986	-5.523160464206437	-4.85747475246079	0.2679121084252118	-2.826009284549951	-0.7003521759111307	10.230790993884595	-2.242845319965843	4.238478972935185	-1.051591615242565	4.4926999432919565	-0.45875861399380613	-0.05911891857150936	1.4795919788396994	-0.2658817391071911	-0.9694928276749153	-0.645365280861462	-0.04717071292617135	0.18666873644157042	-0.26961613575499194	-0.8731397349981056	0.27504278933947257	0.4464509842859416	0.6847466022566242	-1.4811481058146623	-0.4241630595257771	-1.3914313696020415	2.750004463512874	2.73695854440488	2.555261347200995	-1.0499898754250896	-4.133031028111743	0.8672786839197019	-1.0986640577988505	0.8368045876771112	-0.22968657404404225	-0.5239687841767072	0.8831164693107648	-1.176154551785708	-0.9515540203199673	-0.5421964875638944	0.4572145471034552	-0.04988264959473536	-0.24655406031101582	0.13271502201616256	0.13266325190946998	-0.15932826128279198	-0.5379777276869152	0.2520321487254517	-0.013884773287849969	1.014328984548679	0.9914569110565717	1.8884949823246933	-0.4477507767040768	-1.6836947001156044	0.39910224114171683	-0.7710204221209291	-0.8169411776839995	0.010153016913273753	-0.3901963072758471	0.07051100290184475	-0.11115694655631622	-1.058983993473356	-0.7934401465083725	-0.10169307758106845	0.10531516439625661	1.341059786300594	1.240397764157596	-1.329309926917277	-1.7613134314380117	-1.2068096416518606	-0.24544975953400522	-0.9355053469297061	0.13506100357345446	-0.7632625965426768	-0.03634604989271772	0.6258853053307343	0.38257813768133964	-0.5525312029764834	1.1171495947991956	1.321490447757746	0.01686700810331278	-0.8639165651974939	0.707561969959831	-0.47876297181102384	0.7604209896909908	-1.6478042152096475	-0.03259542106248956	0.01028941838439718	-0.23035009345572144	0.27292983000057736	-0.004108008862245943	-0.794155011330722	-0.8855137989200245	-0.7169995116449249	0.3042604466954986
DTXSID4023254	-1.9703135393315847	-0.9494812964909229	-1.0930867404530822	1.6266109309293313	-2.5696241844463774	-0.7274951333019342	-1.4854475753556113	-1.087089753943257	0.3760394468420993	-0.475090925382716	-0.4329362780762077	-0.08382975129161653	0.3490435865658215	0.8015376789488488	0.42308753290589324	0.5767868567196393	1.1233880316036033	1.3279759190730511	0.08589044280072453	-1.320932570445134	-0.6417441451587977	-1.0228670693904518	0.5656852998014811	1.1273254030800102	-0.9974922825886925	0.2598552376475299	0.9441054558630876	-0.2941817450351672	0.10499145149958754	-0.02995636444042882	-0.8371141166756478	-0.7869093213434917	-0.31574437022628166	-0.1283164359847817	1.356073758567469	0.3785901912439548	0.17762803419538487	0.5696949219313133	-0.01567625608514113	-0.9189084592798538	-0.09073786223303916	0.34259969959119724	0.4017958807803499	-0.05133262593280852	0.2683593656137867	-0.25849412682937517	0.35073397621511354	-0.5846919187036803	-0.18095358175592008	-0.0733762739953493	0.17102018904903085	-0.038031378134325604	0.5480756957952612	-0.40918419553554175	-0.7549474199989216	0.1795103169636828	0.020424866085387156	-0.3403401229171822	0.5382331788318784	0.771427878015574	-0.5520155114428413	-0.2713891285107099	0.22146718262845805	-0.7441759630925675	-0.13312497563412207	0.8334063499846199	0.25383289754070076	0.5655451846479334	-0.37623345707641026	-0.09741237425958323	0.16715202502680102	0.021963459155017358	0.051106433166497746	-0.29965466710502114	-0.09605033381406791	-0.2706229263372753	-0.7517659190775113	0.2624824497728616	0.08106590410721712	0.5780667464812127	-0.432102043405259	1.4498573268687112	0.10880521649377008	0.26182769180145915	-0.14218044387091988	-0.2163528439860998	0.23872017645627658	-0.24078978191193823	0.3403203303632905	-0.1750703713670375	0.12785040457807922	0.07870978491036205	0.12947095591437985	0.48913383283495465	-0.1453636119245162	-0.30574948205197017	0.48405112348453594	0.050950735740355815	0.41562227346943187	0.017700599981807584
DTXSID4022442	0.7425842683360517	4.9046168908566035	-0.21750601233619574	1.6964714470547178	-3.7320826596637393	0.13489542244326033	-5.231266268552734	-4.88250366280668	-1.3654189137012296	-1.2965373829376885	-6.5661502461451215	-1.06088164789416	7.8700068388525155	-0.3145383997487894	0.8647426724832126	-0.44288471516033334	-2.9307868719613497	0.32183150518362186	-1.072483774227537	0.7001575393511319	0.4085979615689058	1.5450435656491002	0.2640107516143115	-1.2957074807830755	1.8359413314900181	1.0063111598078223	0.06480870501319011	-0.4356895194421746	-0.336311119729742	-0.6996234068018242	-1.0372585492491766	-0.13379339327682105	-0.8318964055282223	0.514714045902647	-0.5792771478915429	-0.12728785373507479	-1.7997001884753951	0.050705856748421894	-0.7908282031592814	0.07880998952217638	0.6258720793738217	0.2678688205926898	0.11349253308919463	0.1612959325404699	0.151399400311489	-0.22345228698934905	-0.20693747324352	-0.42346963877654953	-0.2792070775868547	0.17281865189180828	-0.14528111953171854	-0.6698603875374972	0.5658107480666835	0.11337917024881759	-0.21284136532567058	-0.0986489968660503	0.37585925458463504	0.36074268456870867	-0.32938898432266656	-0.29024867359905077	-0.12882681701804735	0.27808044679701716	-0.34394104656033275	1.3136976211372595	0.22368822295441748	-1.0544392483449658	-0.07642916318376014	-0.33475464926793297	0.4344623573234142	-1.0952096113690961	-0.2946597142736603	-1.0058833838084162	1.004652182689901	-0.02157870725026465	-0.25168798218956134	0.33855660760460765	1.4195264203143816	-0.46727995957794705	0.01858398404308504	-0.13641261299960147	-0.505909110023949	-1.2044179780508537	-0.020603027511771118	0.06499058373445156	0.2768988067826848	0.8887835702330674	0.18669110208987655	0.3432374398042521	-0.13453516718690486	-0.7901993492496646	-0.33362351216256975	-0.6254816099611258	0.55292697119766	0.5674270010029369	-0.15932615026408972	-0.13226806618648934	0.57433001630878	0.12363127760908682	0.17339497788720487	0.5642387219051134
DTXSID9047334	7.009233151306501	1.9193890287970605	-2.2274962150499946	2.6523467227794937	0.18225282006179755	-0.6986436981108574	6.803561908774511	-1.4631638161084979	-0.053980417457678405	-1.7213988901498523	0.4635495225010015	-0.7665811042904596	1.2867526946281809	0.3619383159456119	-0.3504040979750176	1.4478347803318397	-1.2131552922068654	0.3684768259796026	3.406169155152053	-1.1113232351027311	2.230468648552922	0.906305798187907	-0.7719839729136636	1.0219393093501707	-0.9841999052494665	1.0493794832224714	0.8127623157687244	0.2722039440600489	0.05489703195532469	0.14817399608770454	-0.2658217637516176	-0.06215253921011673	0.2698726718362182	-1.14235208120379	-1.4005884560007338	0.37661151120942543	0.2739499180849464	-0.7486841359102604	-0.19058193661588768	0.28794771574211175	0.9610134695019702	-0.6333585508076197	0.03191782650112941	-0.6577973855922534	0.38907399689501515	-0.33111507350348796	-0.02823694211291424	0.8731303589887273	0.25720045899199906	0.0918761003153363	-0.3264436167604281	0.512445535188367	-0.12945686572447848	-0.3617163743889013	0.6907022159213494	-0.39244355416317683	0.5047469474954267	0.18608721055082258	0.26225117714525725	0.04069660057164492	-0.3241924965406899	-0.6074675523540951	-0.3805350752511218	-0.33544666646325294	-0.13019181833059182	-0.2968187929841383	0.38282248289879905	0.4471660925971358	0.3104767335651698	0.5326598786562728	0.5409579359874223	-0.6914909511759646	-0.2809876929814972	0.07228750707037868	-0.43969184375426823	0.7410004543119514	1.1648128487883036	0.10072017277954444	0.7838039390711599	-0.5113494548035433	-0.24611544355096895	0.32665515618625046	-1.2044862966040455	-0.44379082082416954	0.3194266501529715	0.42764525114354607	1.3034390768830308	1.4016918304750576	1.0384822429817042	-1.0747724903810538	-0.7115573648259657	-1.6627261053941957	-0.8083539870650476	0.92869123032276	0.4062746168057113	-0.42861189084791834	-1.0584226499966867	0.4655445507150833	-0.8235971134495222	-0.7422850592429745
DTXSID9021841	-5.658306491890339	0.7040734581435149	-0.3508145717141384	1.2746196030035157	-1.0985441271471532	-0.24262444404466688	-1.0067366223393557	-0.33580264629482987	1.6437678329111105	0.5341484115088734	0.6742837941666865	-0.5369752768092351	-0.5207297142101843	0.3405992905962888	0.40869122282303927	1.1142726739779083	-0.2789778856445659	0.618663251590749	0.06517250355886471	-0.3467192984347617	0.2584334901088594	0.05358460997331256	0.2902043535004731	0.08663538958738161	0.3196510457418078	-0.08152022254999325	0.8010799630230407	0.44644565594469754	0.16637260104837184	0.4869182104837508	-0.39417757624521826	-0.8949660676856304	-0.6510057213168413	-0.6621510505543429	0.29485689953020877	0.5928757414192486	-0.5319117892417953	-0.23087487630652453	0.11444056365511834	0.22961725893150062	-0.4143344049620134	0.30234888364208656	0.2507970784124105	0.5021258875495669	0.6098456483964939	-0.4427792084539763	0.5712444798537641	-0.24193966003509176	-0.1422780759910755	0.3022565516405914	0.19107779844582126	0.027290766809040898	0.6010454541649389	-0.06366954747322881	-0.4477015689618649	-0.4417669316289852	-0.19582202409763716	-0.3780217285878137	0.47577017897729873	0.6001691144640177	-0.12911283235739263	-0.6689850904970622	0.2885580835181962	0.24601964488480044	0.212446194155195	0.5034549149524212	0.28207530822914534	-0.4769249008620074	0.09187607729883222	0.2186561500868564	-0.5910467160072503	0.5011701391438842	0.4294744345993484	-0.1363182540761475	-0.06353157120640161	0.2270150718394763	-0.016448613689148055	-0.1759382867955725	-0.19840434477671728	-0.01224790198634074	0.19475965121528935	-0.23119336524804937	0.3666856892826649	-0.28249535678443416	-0.003844148993344713	-0.2495825791377605	-0.005741519825442558	-0.6451280368398592	-0.1323571175068733	0.09405777629129769	-0.10196392418264466	-0.12644629039776772	-0.12837983807873363	-0.2326944216355697	-0.01348739580703578	-0.0699102157299199	-0.16569896623956143	-0.027083258024328268	0.020598025318475432	-0.530096364434468
DTXSID2025892	-1.0117281536060527	6.745428595439107	-0.005955899936128189	2.034900190074306	-2.1167053226765775	-0.22146400753587464	-1.3051040796839175	-0.8470025480126192	3.0732795454761925	0.9939911294033651	2.1050030326128675	-0.8529023720134478	-0.9558921385736598	-0.9727267229185412	-0.10010505652419976	1.1543813549220507	-0.5387962249860433	0.32858667012520343	-0.013499067893423622	-0.4594362851171829	0.5297764762015417	0.2262228181431228	0.09221961540490392	-0.28466462142680676	0.1810567521482867	-0.17207762028195206	0.7695857598397396	1.168744562737839	0.0445218876700278	0.2948339631850425	-0.1106131660453562	0.15333772339410012	0.1972823453137684	-0.9147880290986832	-0.4810820275006342	0.28286179659146043	-0.6465278502734623	0.08483560108038281	0.6815149328314128	-0.5152555206630743	-0.19852943662686354	0.8750627108140302	-0.22180110935371058	0.6653257513891179	0.4494537647699179	0.16653329394852945	0.7093817021516108	0.013613341871684016	0.015712923139875573	0.401776569420195	0.24497022427720755	0.45998089710570045	0.43278050938091994	0.3652570811614106	-0.3690040846068552	-0.5094078128037479	0.2699197060949038	-0.2959739479911233	-0.10136518923582122	0.6658456968351366	-0.36509297294315407	-0.2550576564900497	0.41843001098669164	-0.4499701931064162	-0.057774304651943754	-0.20728134559629155	0.3170432684919888	-0.13267915431864774	0.737685513852412	1.0059503802909329	-1.1444270586922658	0.9339895246640135	0.3368188280436015	-0.6240048984819851	-0.8223645574046218	0.40666435271799484	0.04383034699032942	-0.025158385110817007	-0.08415417310858592	0.12570226652855512	-0.01828347753715356	-0.5869653933140907	0.6342746375886842	-0.10248188458568117	0.022428236419399745	-0.21382320170528427	0.015593041082850834	0.19827794517175645	-0.36221172727868145	0.5516885853338166	0.2684066443470806	-0.33009220873024064	0.02355100576610756	0.2387766106509572	-0.6700807893603413	0.08401320875470274	-0.32083475801289124	-0.02394007613359423	0.02096458614312896	-0.32100759110969895
DTXSID6045905	18.414908162553743	-4.7578711842852535	8.09411550265076	6.147779283497518	5.768580902217422	5.967592735288369	-0.1042520057689814	-0.7150682597385257	-1.5684329920038536	-1.2070797466422363	0.1188110068287829	-0.7357491358580638	-2.1044963548215887	2.924745591343641	-1.7343185989048744	1.2286264027858067	-1.6648463530241318	0.09427635885513068	-1.0032358422079426	1.8020525630097595	1.033592163944689	0.1532135922582143	-1.0864800313279743	0.9886836290444083	0.9544652457118024	-1.2865756400328072	1.5815907270578788	0.7771889289642078	-0.6340772887700947	2.1180768852249856	1.0272717075293358	-0.32693720049180997	-0.6732634418679453	0.15283505649561951	-2.012899058510221	-0.6386375476975417	-1.1529960509786639	0.18201803170510952	0.6642230219294917	0.8101043502134473	-2.5465575912924905	0.34609933582794317	0.7897992398429897	3.122143428437016	-1.6936310061573285	-0.3503386369721058	-0.11448468368007618	-0.7307423104256655	-0.43064515701425254	0.039722913639236544	0.4102936350674112	0.47600742293580206	0.7228856084783519	1.6272991572733784	0.22688213785987385	1.4469768661983957	0.6610671397447273	0.3836416949394868	-0.39199115113185035	-0.4358793143409665	0.9448470789939942	-0.36581434292922205	-0.3431017417017471	5.792563944758993	0.3780658153994436	2.8719069876260876	0.3813255845532584	1.2817988568305057	-0.04996331565094143	4.276511623594438	1.8550200605356528	1.1418951745392323	2.0383462010006097	-0.5772381563452433	0.13521921885688018	1.4655663050122494	-1.3066277896557954	0.4755955354487224	-0.6031678983667996	1.357497925530283	-0.8567316073315139	0.5829475578404254	0.5745256575304518	1.120047812717756	-0.0413787846605532	0.27598840178543715	0.41709585706541213	1.8309705897780428	1.5350384694653916	0.17275063809312197	0.8012594462931829	-0.36493436345039837	-1.0338251370822045	-0.8901599034679527	0.2108404511883466	0.9619712730768009	-0.768616450246757	-0.4093079482587071	-0.05522753043218928	0.6924323429846485
DTXSID6045119	4.879372253684771	1.666572187161736	2.5852908760865603	4.238134241100533	-0.06938406586767615	-0.9706468370318907	4.197912121799287	0.4860232507783077	2.1632522258131806	-1.766439532126961	0.5532878691131148	0.24872854058645577	-0.6723092320455424	-0.9890255218444672	2.7024202835032294	-1.6511799292297167	-1.8559907288869288	-0.5602328554855696	0.21968142987905012	2.9486168148037173	1.215348758603536	0.552766282143588	1.6405295061843017	-0.337662323949059	0.9978886983822525	0.5423778787847421	-1.2624720143592052	-0.3753150176244027	-0.07206911572474396	0.23578059781359442	0.6557386925707557	-1.278788419412523	-0.9091644995356083	-0.9923406151943163	-0.20241159627427785	0.20360535580244982	1.130333983762169	0.24553055318504144	0.8616476380473542	-0.29290746827798086	0.12052389968937592	1.1167513117314218	-1.208558047028902	0.6738181738568869	0.41864718793219713	0.07489802783747035	0.33471638832386846	-0.43182022782176616	0.16536984176408373	-0.027455979212593084	0.41155362897511666	0.4483105465649093	-0.49668981265960616	0.49178460097080173	-0.13551699823838548	-1.4179686231730007	0.26060110311923945	0.42382038688707563	-0.018918314000421523	1.6263617707520774	-0.017293071739122295	1.9191193362205439	-0.7777664756071705	-0.7361991577080675	-0.6624759220051417	-0.644650906110175	0.5910102244750572	0.06438819567712543	0.4517803705744809	0.32917945969087964	0.6317295629119127	1.5314209470830578	-0.4592271120732296	-2.3464505615662827	0.16712885343969833	-0.715679397171719	0.4985881364495827	0.07875416834074253	-0.259215951934651	-0.30097931411276474	-0.14418981143200285	-1.2590318766829238	-1.2759096389699114	0.6455570253367825	0.3446321172558834	-2.913626008977752	-0.4690698881613485	-0.4891357462152606	1.643658324296767	-0.8239066086478564	1.560896204612934	0.4191582811497845	0.7290660888597554	-0.08957536159202972	-0.04981728957745386	-1.1978400761230636	-1.03936990744151	-0.25808157453073266	0.9925075569226636	-0.05308950264897648
DTXSID6024836	-3.6708592184595075	-1.280063517780726	3.113138708733098	-0.3783850952307812	0.662434785811768	-0.8853591400710824	-0.7316847794665435	-0.904996429864377	0.3569519130769254	-0.3109122591124209	-0.11944514466918273	-0.13007404167276307	0.3103162963612137	-0.0637956758973729	-0.7868069215228153	0.09888656738519726	0.34296029819810947	-0.29199378094333034	-0.473101439588687	-0.8813994631243408	-0.434809640772416	-0.43516095278526545	2.6956238813227755	-0.2309480314316257	0.1000002139802903	-0.40498162473197585	-0.10950776294454138	-0.002177704047671942	-0.17021258017741517	-0.2330120957958449	0.0156091707325106	1.0348525189331328	1.2054621530039389	0.049516629073483455	-1.501337763925767	-1.1148744113485964	2.449781446771845	-2.322537040755401	0.019834339033218233	-0.39195548798834	-1.25670415092095	-0.09722420419744644	0.8103840165976633	1.9049069746268366	2.852004590139782	-0.7600373053546611	-2.7224048784169863	1.502227725385948	1.1378993410337086	-0.5655648186695453	-0.31507980848302986	0.6376347270010811	-1.2426329059197927	0.04030972672304123	0.27626655140557904	0.01113289720202551	-1.5191581948969963	0.9093799178401013	0.6950360788766623	0.25577424554796446	-1.1677981977930778	0.01709142842167462	0.21456135842753632	0.5499657278897063	0.188608718205219	0.09053076468663153	-0.03228144642469365	0.015355584318543081	0.1103775424729125	-0.6441734114305332	-0.2336820238244126	0.177362755157802	-0.5582225962137983	0.29668437676677056	0.8854482392304028	-0.1358431370264014	0.3612064680058555	-0.322480515762837	0.18471931603013073	-0.27891357097509145	-0.9520644628720718	0.2663780914245457	-0.3748175975079512	0.3734620946927232	0.05018561463870846	0.07910231967199423	-0.05971200476117774	0.25058129342233754	0.41579469425841814	-0.25598101887988417	0.10126457404137815	-0.3261894591673444	-0.2683698271810162	-0.17046215302361972	-0.20406843769709399	-0.02585983363918971	0.08272053072641827	-0.27619386084549213	0.09583202010020028	0.21184620305313212
DTXSID7034460	2.7424043800046927	1.550921982210107	-3.7775183640373697	-1.0420664641959918	2.4053238225294367	-0.2030937110616068	0.033499926889086054	-0.40191809693544106	-4.645528370268991	-2.236714158522026	0.9222476302658631	-2.520911060502244	-1.7302418429181332	-1.37434102085409	2.5376460950108513	-0.9275018948368021	0.4603783962458977	-1.1272993737019	0.9839325113665941	0.5270169020088408	-0.6097110485499129	-0.8360930749923174	-0.20648967118746536	0.5454108819247	-2.0146709167542127	-0.9373032908162241	0.45748390025141716	-1.3300667203919263	1.2606599569417314	-0.01565271925783858	1.2319195295326075	-1.0369232136762883	0.11276893620478863	-1.7388038591346682	-0.11203042831247055	2.1803218461903184	-0.443782947874978	0.715634739586473	-1.2665650661080354	0.07551249793483014	0.511491257413576	0.5106906727861256	0.48919065460481626	-0.17284195461061153	-0.2901429688300281	0.5897142810219412	-1.378207754215224	0.6914324115180841	-0.10792432063325035	0.4392726946965286	0.14905240929468247	0.6861787756688034	0.08545742940105575	0.8236013004205527	-0.15148127396340388	1.0995443039557564	-0.2701899488522193	1.8670231856957724	-0.23246733306663708	1.023323910383869	0.2538588988634756	1.549770752459617	-0.3640012021299166	-0.2691336575834852	-0.04001677433539619	-1.3156360618873808	-0.9482930558893804	-0.6542723605150014	0.34934926931481924	0.7420217191740024	-0.00014800848389535985	-0.9059628606056591	-0.4877221316761825	0.3990961576105677	1.4429284896167078	0.10596260299044902	0.9760511888805434	0.8472318361391332	0.5134824779431856	-0.36438304162335594	0.0867535615148488	0.07838318721564501	-1.196456947785369	-0.27698431267218326	0.29425016956268	0.43101247516214525	0.48564569458647405	0.6478319512037317	0.569686514516678	-0.7400000195289211	-0.14684365509877478	0.9077682031397064	0.27560690965377294	-0.7199843742710771	-0.25533311762410316	-0.7017357364741929	0.2367214178388523	-0.8531020567317086	-0.9084789460567402	0.6847905644628257
DTXSID9032379	5.339320391289982	0.3905656462295827	-1.3898766961534772	-4.473987496373202	3.749325696942779	3.0381174998257463	3.014833860839515	0.6666009812806221	0.383081227849776	-2.317951732304276	0.15330478972917683	0.7842194100024573	1.0515771756544972	1.9957461410359578	-0.5720819220992299	0.37688980250583637	0.37878315611487423	-0.4006012819732517	-1.9307539758488406	-0.47168535276417034	-0.9161228068636361	-0.10956889732747445	0.5564264058515502	-1.527794660729127	1.614690716929543	2.2536285402696064	-2.1947425351423844	0.42418194326287095	-2.3287115317251015	1.5560105204369739	1.4180529402966076	-2.626786536114788	-1.3829084221807675	-0.06612805189196887	-0.3923527782101539	1.4201201527463598	-0.4191265854110277	-2.6367382759766116	-1.5900273550033694	-0.9640068427479439	0.24873239938084354	0.29979172349137206	2.9640827719808875	0.6436341384024545	-1.5252120996632026	3.705491680286963	-0.7530915021511816	0.08546197667432029	0.5750087111147566	0.6341484447898853	-0.29023528757368217	-0.17861480870593197	0.4210158955468547	-0.15671192193401	0.22932195822204546	-0.3597050230565343	-0.843104827097126	-0.34369018102354115	-2.656714207823765	-0.7645749528839554	-1.6107615058710016	1.4097750920726149	1.9382053186082964	-0.8194715063992893	-1.5456291875888124	1.4945500739234945	-2.8222034570419847	-0.25820582097634925	0.5536534251273388	2.633939788099544	-1.1145810089304327	-2.431507285116751	-3.410896384007061	1.0395627840697674	-2.4935945479454644	-2.881250622329737	1.474440427952048	0.4962082467503382	-1.849879380112745	1.6734407302230603	0.6403871755325146	0.08387209398789443	-0.26336982724348484	0.6157516292400671	-0.16303406353479055	0.22972384014485772	-1.7522337718131626	-0.898735391514082	-0.36636247862620597	-0.19773727821068265	-0.31026827782851085	0.290269974998892	-0.985169610852309	1.7546041906071839	-0.43840425814096273	1.710091731711093	0.3521663872855288	-0.0324383332124847	-0.6506793914297287	-1.1027531303940874
DTXSID8047000	-2.9462797294004432	-2.432575658252167	-0.1325062233582362	-3.543479293497372	-2.622736845882745	1.023798871742717	-0.11957067894634417	3.5969542916904054	-1.3185237903423617	0.22204155444047688	-0.5982803269580653	0.9555432045386163	-0.3288378605139718	1.9258296767009078	0.046146574536019835	0.40558157790788657	-1.4558984954079395	0.18594842943762457	0.5879432248718364	0.007725934269750428	0.020895413434475908	0.11496588524152518	-1.722759848640623	-0.10154788788837402	0.011683860205746821	1.4776724693781311	0.3714964835367571	1.5531114341775767	0.3947199052431077	-0.9601162114850623	0.222883463168683	1.0733098665706262	-0.045686787436950184	0.2827151544123695	1.0441575307496345	1.0699122950429922	0.4279650526574598	0.09434546757454297	-0.03472051054459464	0.48847995790947013	-0.17264930204559986	-1.1167226191361483	0.47618400599148225	0.5308822550375557	-0.3792262008910281	0.11403608567473801	0.373804382101236	-0.13585915922926958	0.36774942575603364	-0.076221374040712	-0.020479069679288225	-0.024894196860274328	0.35831292164133194	-0.35110291076498495	0.16964267075049977	0.037135151261693436	-0.8893607280256612	0.08714483895675006	0.09094199311309123	-0.595239299551959	-0.4110951940675105	0.21409257334005732	0.7317202219844716	1.1429350666048452	-0.8003816268072703	-0.7718160206137579	1.1696302736855035	-0.30485396305187845	-0.3056635475044078	0.745549715949941	-0.32629691661389015	0.21604798479415097	-0.9089003004146162	-0.7705385223052356	0.8579794571449786	2.133202670578416	-0.3050290378962689	1.2231405146199492	0.3066897488882017	-0.6040436554126594	0.9206569444472128	-0.1351108769160135	-0.1994958408439642	0.9246053499028846	0.23412041491785124	-0.7209510319008893	-0.7279687991445011	0.7526577182506016	-0.09894592581217443	0.35654864097595024	-0.2679498836287344	0.28560934267540566	-1.2180174559698989	-0.09137072466475937	-0.1929259516001382	0.2726173663794571	-0.07200979384043976	-0.030076626153932695	0.4601332883447813	-0.23856094765416103
DTXSID6057742	7.841746548198134	0.21582953623177398	4.474435843447487	-8.07924781564198	2.0720701490068993	-5.7946372957176	-2.4879856666627296	0.008759494649662336	-3.428561988994833	0.4646262813989474	5.334089880666891	-1.702358649723168	3.3655197939598853	-3.3609548461583243	-0.07380189768985851	-2.0403926586592993	0.2238498116394171	-1.8185211845961233	0.766466148924368	0.46472043661658474	-1.3689028975689468	1.1152923116845062	1.3138510339457785	0.6072038028451966	-0.521851112372233	1.3106377263814515	1.2470735682116392	-0.15252484862636514	0.029226640505586755	1.588271546916592	0.49714135020810446	-0.3672260921497205	0.48622697278325777	-0.09980054931176259	0.2295634766345968	0.22970558692593476	0.6729199244206026	-0.6093193064865597	0.6885572968546597	0.9832432859591708	-0.20940342882767743	-0.28185884634226	-0.8425480742221333	0.3430105915342971	0.8732610243722791	-0.7262263040268282	0.3358794546507698	-0.48067728175055235	0.36632791616518834	0.18061558535821276	0.03164255570626567	-0.3152326217651948	0.37395036791853187	-0.14926614798507382	0.5366855946825085	0.07910439808502072	0.24290059763835806	-1.1072539824719774	0.2622074521505655	0.547066233874369	-0.7315313110630765	-1.0958391511510681	-0.3306245715690581	0.5693800103960984	0.034246163452055015	-0.0026785431423709013	-0.3940871748845084	0.050271276467703956	0.2926045976265272	-0.14877045669052086	0.8563044279708824	-0.0976938415893163	-0.339071452214779	-0.2786771440570285	0.494574648043159	-0.8523759826293774	1.0347592485773873	-0.7633156656798901	-0.4371808158567052	-0.3019673687848041	-0.5856616074197857	0.30332432210589366	-2.0748771099062338	-0.2628102661858639	-0.5638856179641855	0.8858753464636926	1.0334820455559344	0.03535583904751764	-0.38138227055473095	0.11508969689794614	-0.7326215597836259	-0.23428914379345908	-0.17365803025281062	-0.0332520302995612	0.08089017939191483	0.04189662962920906	0.2708314084410336	0.25690874762982113	0.08306057322067564	0.16299889730096623
DTXSID1030317	-3.8114953944211156	-1.5766878132377211	1.3059951385992625	1.9123839022474072	1.564957425898901	0.4485788326482046	0.3036938200940254	-1.3871441582627908	-0.569160409307934	-1.8307939144954228	-0.24688815222771984	-0.08485378170220895	-0.5444870512240961	0.6863528400985449	-1.3378763575001404	0.20321042430749933	0.2779062542645361	-0.11029878736900399	-1.5990141698921587	1.102160001382762	-0.5402806530223974	-1.307148054204883	1.4889033232918263	-0.16950959860931647	1.0388170752053234	-0.8548903709209688	0.007747978977060787	-0.40786344434808364	0.17586883112758972	0.29760237766220626	0.5688377573479291	1.0572935098528138	-0.44546423572465377	3.8079173355588476	1.2739384068157271	3.8270630763771902	1.206920410460426	0.6199260593489458	2.7321649249517668	0.2083208502570953	-0.07166373205651405	1.0465632493419565	2.5207397225235773	-2.2307667633268697	1.6602103653204774	0.9604334351469139	0.025148896866354128	0.6324960134811562	-1.1110490861064106	-0.9158333151620486	-0.5244573498856017	-0.9967499454866955	1.1413842507793595	0.06415686418652435	0.3665112051813584	1.9299126802099904	0.7474730376762625	-1.270684751660331	-0.0894710303351162	-1.2200346692301223	1.3339815182058885	-0.9687329760097652	-2.1205437669450093	-0.9036730712930988	-3.1171772947249927	-1.6355416425643912	-0.9315115309469606	0.5614686242664526	-0.3409266436412686	-0.06888137587321859	0.31004235856993917	0.9105334373498539	0.04062181577830703	0.06993593765920103	0.18841637840677725	0.4441944691884168	-0.19344133118862866	-0.1405935564410362	-0.14223212131850282	-0.04763324306095947	0.10040289012434608	0.500817755322376	-0.3757712917706912	0.03154061037606246	0.3934960053587656	-0.2894171385675936	0.09381064199111827	-0.1785459299133071	0.26212081674161386	0.6371730287431052	-0.45270676747794597	0.5781702788307247	-0.18553977589230075	0.117926977733287	0.07931437979782557	-0.3199254850536436	0.41056217389780825	-0.14059768393041996	0.21992532635700338	0.09349223886877232
DTXSID5023536	1.3408918455422765	-0.8446125373769918	-3.6123722264632425	2.24682042140205	2.1244064264175897	-1.52394311415089	6.768322801654699	-1.6625133925454978	-2.276575313002922	-3.2402899680685193	0.1877856469427997	0.23599330081147765	-0.35449519607099583	-0.40176295641291737	-0.5401569244542724	-0.08236366127455975	-0.5547703038200429	0.6335780565039552	-1.2602181802888497	0.25080430712966145	-1.6011070312737739	-0.27101940191741747	-1.4688633706618723	-0.5153196265017405	-0.12231987073839898	-0.3469612627772165	-0.1481032841745199	0.06734723236293737	0.45386854485989575	-0.5431362726119283	-0.13926321885815313	1.1876085992852903	-0.5014668844542952	0.45831943224137656	0.5179131443145782	-0.3866005413346034	-0.7120284727384453	1.155400399942851	0.1487954503996425	-0.8269113399364552	-1.7538737622179743	-0.2103971004498807	-1.0284253734667401	-0.3996757718335015	0.07009070837560617	0.6860868233633919	1.0013779449761826	-0.5281838119049491	-0.3324135957431474	-0.634392238630209	-0.37168297705876013	0.0731923567304241	-1.0418123810799473	-0.27173812003016345	-0.12203580138005823	-0.30727151850630335	-1.5316658280739959	1.1442425258567304	-1.1407083308810189	0.5431644247939967	0.04993584974745253	0.5708633149986786	0.1540846271296239	0.2994464225081668	-0.04762678024075072	-0.42710566687879314	-0.821861693414264	-1.2362199654617938	-0.16396116988651943	-0.6115990891359985	-0.00970692298773634	-1.262438024788824	1.395797292942433	-1.4052322375174733	0.5718046266652268	-0.38564956713942367	0.17122289034227112	1.066678882557942	0.37909172640992816	0.8113620663042717	-1.0042565077017747	-0.3964484152009191	-0.6781062753792959	-0.6613424253692445	-0.39970358833031505	0.2634940276939914	0.6626305717637223	-0.1675435095626694	0.8844523150992958	-0.5683512953417883	1.3668820169324751	0.065462843296738	0.1888692947376874	-0.7092154108232261	-0.172868959318071	0.19803954427835643	-0.21939291387099094	-0.62861571774231	-0.491809256283089	-0.7326981740724927
DTXSID8045147	0.18068663269351415	2.002962320677845	-2.224807421760702	3.2582466958007816	2.5079079978402645	-1.291530700077104	6.096590537529157	-0.09698783389519368	-2.394746588101698	-2.8674016291947337	0.97065145446053	-1.9044638062107704	1.0936653483253944	-1.506476244197887	-3.3943609450264027	3.9932217925532956	-2.738688189715392	1.4293409173572216	4.012424307216234	-3.3227393608263673	4.453222605172342	1.3945126014426938	0.23982175581525042	0.08252393387089492	-0.5231495807249918	3.9020808971429024	-0.9553808957347549	-2.4644384498811216	-3.260563957086332	2.0619857812216478	-1.3913520678473466	0.16117718918480134	-0.06961092483355574	0.7465867958315667	0.18347240243284285	2.740084262313542	-0.7224289968601787	-2.5102035782694587	-0.7161726187949662	0.05909237437888792	1.4894716668760586	-1.758099162429358	2.340326097123856	0.4445585514957759	-1.0939995786268277	0.6633120854715008	0.5476900401956577	1.9643222575388966	-0.8063291134603415	0.4666936377424024	-1.1241995484133158	-0.339610319065182	-0.12633130773164275	-0.4486420049295728	0.7606449424486933	-0.24084065600584872	-0.5353435870089046	-0.22099471261919296	-1.8632891556225395	-1.1239629648645977	-0.6197050192268189	0.5768713678988509	0.8300182075950254	1.0297342794540891	-0.5825327848636853	0.46413891194705686	-1.008528487122243	1.2664578827386377	-1.8778787233954517	0.34886182591681175	-1.0836021383741516	-1.4113708646794063	-2.2814747073092	0.3574908342022349	-0.023609503193391775	-0.32093392325432385	0.3588253410003797	-1.9655026621423084	-0.6784583570447306	0.08908537486559341	1.1320345564170675	0.2814467896495965	1.2098246609487868	0.8617026093741466	-0.5022639887022801	0.5160071009736426	0.2813917062305752	-0.4238643297611395	-1.3030874159051817	-0.5609495592082027	0.442910957464893	-0.026746446399298934	-0.6583356488185886	0.40263881547262953	0.33887664855789223	0.6470432873193975	0.17106851109246649	-0.15018972465141694	0.4436124495061276	0.5868581015309243
DTXSID2024660	-5.506204823339601	0.8642113837001185	1.1354706979958167	0.3581657820488483	-1.3885828965859357	1.2552467222119004	-0.44551076833010106	-0.2323435038581538	0.9438352480131579	-0.28575200621902686	0.40199352646836495	-0.25856360974878667	-0.2620488828099187	-1.1155765804167779	0.02998811872963926	0.09200895063430838	0.3996333697903918	-0.04872273808713363	-0.48101155596891737	-0.5530241669552843	-0.03966009239616768	-0.5097527023810134	0.6077523911155633	0.06659692274063186	0.16835641204974064	-0.5409021112194133	-0.1319648788558055	-0.22789896708711144	-0.2849295152415172	0.18490184294698322	-0.4605433708758674	0.3685015762576435	0.6200585235846908	0.027347503759147147	0.4039131885692176	0.060792730649442094	-0.2931085068892749	0.003301641885664733	0.13472469254948102	0.008091662852433288	-0.22103447935438636	0.1730272703203309	-0.13801771369701624	0.11320568167134537	-0.5296219148019726	0.0550956015965831	0.2156480005434373	-0.23894701319246373	-0.12057654334814077	0.04746567802910207	0.08588344360770006	-0.023140042178062696	0.19942549342515054	-0.10583356583173899	0.11934824317563367	0.08281078057998169	0.04974190078949157	-0.08839892303958118	-0.16718388599854442	-0.2594867080899123	0.2933284180939341	0.14650864112214368	-0.09828848478401599	-0.0017212622987875558	0.17430270592779126	0.10988966338397886	0.14920511938804643	0.6461157939717073	-0.13791346863509094	0.10329131907891893	-0.11986107904883432	0.16273773042459305	-0.2342751350177337	0.37229904506371103	-0.3061309936393679	-0.017024789660305576	-0.2036280955803236	0.15617872506637975	-0.34817601416070204	0.27689439009008465	0.32811972787885635	-0.14917820823422623	-0.3177240217551408	-0.4331553138699966	0.23104422579480505	0.1329198144616847	-0.37631458889282254	-0.20716780168096394	0.14816955546901092	0.24630926874468814	-0.15539676148899442	0.2527339688724511	0.14664616519805482	-0.34323450846542636	0.36118545767332455	-0.32714945872472523	0.007135009182806996	0.2987623609885052	-0.08053204046537607	-0.3423964788152107
DTXSID6020357	2.1170768313821196	-4.343532004544522	-4.167002424934723	4.077537372312274	-1.3537467184582643	-0.22292794135180072	2.513503678112037	-1.0174069758237492	-0.7574722727724325	-1.56027460625101	-0.22659543972264615	0.5523178315660635	1.2387631634330314	0.2965810200787378	-0.12401382174656639	2.1043125409021073	1.5455250219933494	-1.015795262650122	0.3135577561790831	1.4745738989910986	-0.23864530778549375	-0.7693415005402526	0.40509264671542494	0.03349385588975401	-0.1925256380565519	-0.9893292698151488	1.2420107842634436	0.26848375326032253	0.5011516189141613	0.23697575856657802	0.6177541142126849	-1.3085993298718672	0.48185406663563196	-0.018115342776920673	-0.39540130302715154	-0.9887779202039462	0.3549405921621566	0.6238156533260101	0.3448795717800317	-0.16840649366260987	-0.04177778132804632	0.5360982012773206	-0.3750904570192341	-0.14332769607463722	-0.07996781390476955	0.13961000295915887	0.39127532024943446	-0.3951356366094887	-0.062435477140310745	-0.16654905929328587	0.1912450378977567	0.44844918930631417	-0.34540537252576947	0.1414212701705985	-0.15278723247772866	-0.10173409150659672	0.2308600231285384	-0.022472050099086538	0.4087158245876693	0.5063599193692603	0.1989193177108642	0.006215221256593903	-0.34459429772365624	-0.26937582983005365	-0.1065535164375219	0.676720015603556	-0.36547835654783306	-0.1965650022742593	-0.044690942142088096	-0.08375677490011912	0.4638833698785613	-0.5024699725509744	-0.12346299957737793	-0.4603692310572094	-0.5485996269396154	-0.3168117584926587	0.06313325013829559	1.764769330715278	0.7997093935014079	0.2368042428315406	1.2222233681550039	-0.11485117805283247	-0.3909078446832055	-0.6388760441519862	0.033855388149679054	0.11646644821319645	1.0729039850765354	0.8534262989472766	1.569903485677544	-0.0960714214076942	0.325641291224309	-0.94972644240658	0.04244289447979621	-1.0641092354162622	-0.6284593450829249	-0.36667268464814745	-0.459110070132251	-1.0493599814916457	1.6085265501468804	-0.5974491716398208
DTXSID6026450	-0.9841093770430672	-2.1041096690734467	1.0841763559950652	-3.2531875229459826	-1.5595557758180603	-0.9599942304190477	-0.4790965414207797	0.7328878006391074	-0.1286174383825717	0.7998869723400635	-0.747037855017334	0.012601296322780712	-0.8622235572352445	0.9243049477320454	0.7393559057695109	1.0989628048896942	-0.936048275699396	1.718901302774388	-0.43783711857160446	-0.4500988262729239	0.32453981296513507	-0.2767433908221457	-1.7998262893746906	-1.1928570034418693	1.9592388598981694	0.2085118121984235	-0.6347191285603365	-0.7439906610576679	0.0847724503940034	-0.19356993915123913	0.6146781818981096	-0.18111854091113377	-1.043679969842263	0.34589552769506193	0.037626400941293776	0.21774165068219917	0.49815766974655856	0.2059125294510739	-0.04755097015629353	0.5019422074254773	-0.11173857524336517	-0.8293657043136021	0.1597543384996617	-0.09661885781558686	0.14239286996288245	0.18718224142536688	-0.042792479949519464	0.2790038902490817	0.27109966091214655	0.0557853666170219	-0.017206147338365434	-0.21715371940377623	0.19781308559691307	-0.2866122637028854	0.2937494559428493	-0.6161009456214726	-0.5214448647041644	-0.3563074806951003	0.6712745479977638	0.029393460348683568	0.024205339900431645	0.17180368658020548	0.24681312936002336	1.1902900463249144	-0.18237488061455276	-0.5927054316834178	0.1774091281629008	-0.5817174559321528	-0.9112482317839657	0.594902020556224	-0.008699036770492961	-0.010099341147350125	0.2227128628981121	-0.10211862036323753	1.3957344498081508	1.2506343256584862	-0.6414798078576882	0.6090416425863366	0.5370309824654533	0.039448971712677694	0.5410370317397788	-0.47138306255728035	1.2482419661728834	-0.17174639060114874	0.42465983701698806	-0.2579580676320252	-0.7997848283937294	-0.3751853278934274	-0.1485122176772835	0.8728384144233646	0.6359238155946856	-0.1335465075744231	0.10481751650902271	0.34321918741578294	0.208468645559695	0.4451095585692044	0.18600846491173953	0.02934525113006234	0.4587695115283502	0.8072682279119399
DTXSID6022632	5.714571495815261	-2.135457637765848	0.3287021771384022	2.2911371893171073	-1.8546974023090765	-1.108256655337825	-0.2536742951538719	1.7133093940236466	3.0468945879836644	-2.644869621131001	-0.07098869985109318	0.7951192588270798	-1.584133411193673	0.4778184724598602	4.115903844273166	-0.7161326682062052	-2.231062220573334	-1.0421774942054303	0.26940912754611107	4.362478967673347	3.512214563834426	-2.449833137942827	2.3327008683806083	2.1187609043117352	-2.759943703867687	6.850346121848402	-6.665732887586358	-1.318255582047502	14.538829086522396	7.351720087887055	-2.376375695993225	2.0014812808092612	0.7950144499915759	0.9602098287314305	-0.7512740307588264	-3.746410978110157	-1.9955056127511592	-0.21389554926547064	0.03780779066951579	0.1520377020423579	-0.5448476660156124	1.2924255616543934	1.6761437756124882	1.3896305813791214	-0.3775467058363853	-0.9448677337787078	0.8652168396218427	-0.4046707695590533	0.02082933692250605	0.4756851344401512	0.19773999497218273	-0.19420704929084334	0.6917174609405733	-1.0321196189786614	-1.6239043040595755	0.8559661472304233	-1.1714912162256752	-0.7988990704064097	-0.8357086832499382	-1.9649568298131155	0.3745733514121466	-1.972546163761693	0.44639713037074186	-1.8846382937346164	0.9293974907472135	-1.3104014606762742	-1.6401228557791	-1.3295070130428788	0.4141171336854695	1.2895295581405954	-2.0986815942031773	-3.202733883541698	1.0223228939120297	5.771362044110361	-0.3552960157745835	0.26328005527330856	-4.601585448361535	-4.990384106819231	8.01890062524472	9.103657305428223	-0.9537522761429266	-6.470984787441335	-4.92120394680911	6.74411020716013	2.4205029640918427	-7.1918218706006	4.601403985198449	-3.119057765842513	-1.0068917313821235	-1.2881290162425307	0.8220453964559217	0.12375711467354931	1.2071194912050636	-0.14833353002139082	-1.5043661416406253	-1.6365133894987356	-0.09439557954807458	0.3101661923635561	1.0852001866284582	0.631575241214687
DTXSID5041560	2.5589650815350957	0.7373178352861094	6.0536400632598175	-3.9383582349329687	0.33674685511218455	-3.9799991375579102	0.05601821249037622	-0.5147422755527362	0.004327013013955183	-0.26146022729005536	0.5266533672097201	0.6817912158539629	0.655127068711259	0.04936595026503093	-2.2011091259541273	-0.30505142440504124	-0.1723758565328537	-1.3770223998050868	0.5699501368419779	-0.41072190154998345	-0.7321708874217319	0.24289390305441022	1.1779303547079245	0.49766914362745956	-0.45657163028423936	-0.5941875595840665	1.301897975787426	0.9692607038647664	0.2206528391573461	0.6629313750649739	0.45006409518173496	0.36781767564403445	1.9006625301021105	-0.23858255562902325	-1.5285104088016137	-0.8896470981087674	0.3811456247390716	-2.361504417318944	0.16852233470098327	-0.46238284485902537	0.20199095617552157	-0.11355391547629996	0.5339831080923774	1.3941847644756618	0.283113438128198	-1.444689881716303	-0.5157443225699775	-0.6484986188018622	-0.0858534696560955	0.03949075312273963	0.0781027972172636	-0.8463999357240712	0.10446402341574605	0.30012280507438066	0.8101280073737381	-0.06473140080132724	0.32296075709449096	-0.3742782825191544	0.959221813263486	0.36233197013403384	-0.67143064237519	0.8805586078576016	-0.8038127725205734	0.7842435499484627	-1.1968378085929376	0.15876804485963797	2.188074648306216	-1.3527876491228674	1.3270499274583496	-1.1001520858751637	-0.5100027679460054	-0.312554736031217	-0.2174989515290294	0.31410672456512534	0.9121607796565523	-1.1340213284725296	0.43459476076741305	-1.1614513795235215	-0.5407905474681147	1.0119139073026961	-0.21220889006391097	0.2969542795591375	-0.217584308857255	-0.000951762725580179	-0.5413459522165577	-0.16673886180732708	0.36927990317106374	1.300022904449761	0.13285214965717784	0.2266929981845246	0.6499681329385492	0.7738235889630127	-0.19636212767066946	-0.7362218792247222	-0.18653677521687365	-0.011947083440519231	0.35870259681881855	0.2644104480356799	-0.5224538520051347	0.0908092700304907
DTXSID30396867	3.3443222811539117	-3.0753888086695085	-5.891396428175375	-11.137322296198391	1.4343183301126217	9.883530035583922	0.09586943104424035	-4.727069031875951	8.42760265202735	0.056627438556999574	4.411232939080506	-1.0339209693982323	4.165380249276253	5.974116011878551	-0.5917782389516394	2.8263187946347634	-3.020295796204251	0.12277110290299177	2.1362652569698524	-1.0490837892926999	-2.7940053164471723	1.2422224819181624	0.5033101492116187	-0.22236839989514448	-1.190545451125091	0.030546694754445724	-0.358837127454882	-0.3420522095478429	0.8167935619868979	-0.47958693496834465	0.482386364829778	-1.554763200116926	-1.0139023753155811	-0.047323203098727555	-0.11677347714728886	0.47610955093954827	-0.237055685404732	0.6376552303627291	0.5531259537974379	0.24142158197707048	0.9021176453418762	0.5123831078618075	-0.0693948835128372	0.7891637507238464	0.18947594177293536	0.9226619973052163	-0.2624123407457398	0.007290237745570174	-0.3694478079206874	0.261829029964912	-0.027670278687290363	0.3440222814169952	-0.3170653132119389	0.22094431867582465	0.03720225351181143	-0.05742529544829713	0.38401749806346314	0.9468956105051813	-1.2625453387087295	0.5605895037619797	-0.3019095813823795	0.733655035846183	-1.0297723179323386	-0.12462617092319977	-0.2689064030364794	-0.29657521287954214	0.6422674181048446	-0.030176964808987187	-0.25057603361453856	-1.9155178637448222	-0.7030763284192727	0.05346565783243417	-0.5685692298330016	0.7692787187688528	0.37200684438560144	-0.16405590345316892	0.16652313963798715	0.27026735839106825	0.29557782000708366	0.27849545813218335	-0.22706049983263932	1.20918985853235	0.22005305343489337	0.6729005763502529	-0.6133167350922041	-0.031076417777841068	0.27703179720291043	-0.5364615271675539	0.7258256902993173	-0.7991748670472651	0.7810726935472841	0.5432425875405572	0.15245213023078935	0.3026434388859329	0.2908369072548784	0.691269848383761	0.6220916165302898	0.3053544341125596	0.6405888533501297	0.33831977976957156
DTXSID4044581	-2.353407635600696	1.2000126282874077	1.647578011870259	0.6411987237426978	-2.2061036843921187	-0.18928598618622383	-1.8811545862740262	-3.153719183068096	-0.3118149474011067	-0.6455831042791371	-3.700805005087864	-0.68689259942437	4.2619074863404185	-0.32957453388187685	0.800141665116901	-0.7958166816592132	-0.7849565298929986	0.399118336652719	-0.6945406851218783	-0.3483382578974583	0.295045357331093	0.3213522261915367	0.9881040409649201	-0.7502711861259532	1.2671158774612095	0.01756922489252414	-0.20240477815023614	-0.7444067904910592	-0.46164275639374946	-0.1370312479609889	-0.897376067326909	0.4809311631881334	0.521330032901485	0.4720652871575665	-0.2534379879276736	0.029922365776545487	-0.8397549431687289	0.41131427802953413	-0.27234808699844953	-0.12035830021120689	0.10778205920833926	0.1839037141617358	-0.35485181262672383	-0.3110064419625331	-0.3816106068204764	0.07525962940454149	-0.05452593727905877	-0.2953415394246166	-0.10098051767741478	0.12052363448066555	-0.01524333666659262	-0.2894012002531778	0.35442622502904175	0.035078436377847695	0.04409462802538545	0.21253029141136587	0.3589482371279992	0.26358361925874896	-0.2988939935528781	-0.1637509064670011	0.27421544842153994	0.4929141433326532	0.03953017978963725	0.28063421180239284	0.148902567037459	-0.7536749782989065	0.10773080588214634	0.14268792206810932	0.385109727540223	0.13670467820998555	-0.22980744833133132	-0.10822440553638714	0.21815265160817565	-0.01345887190210683	-0.4668834087945031	0.19111787054054175	0.5181714832508497	0.32682866325204024	0.1665630017230092	-0.2891130814984386	-0.1744473348691155	-0.6493362983507104	-0.10290804644913962	0.28821706511792095	0.23608376245724783	0.041333928089532006	-0.24721783887171045	0.4697357685257408	0.4155864047836031	-0.08893134048933489	-0.10295390200996118	0.1291032439328653	0.35930821283003234	0.4536804051504036	-0.4485152134337528	0.07921145078334642	0.40293938467114837	-0.08003901343454004	-0.26141511029620285	0.562630575753427
DTXSID2021658	-7.625487907870794	-3.5767802559498736	0.7497601485072797	0.2697508588743409	0.6212990466215232	-0.014566212587571164	-0.970935117470178	-0.5995876826110341	0.047081100557441254	-1.105242776878665	-0.6708240496854672	-0.17979037846191348	-0.06313574881139945	0.38047441879732524	-0.2721751661475285	-0.06781039881828957	0.32088879927264397	-0.29674131470947773	-0.4343236791818209	-0.6815707432470548	0.0704906466744793	-0.49926255322181373	2.011978561753963	-0.06301693605441692	-0.08727146769806347	0.030225961849343477	-0.2556536353113196	0.20802273610170843	-0.20053018055714392	-0.17853707290004003	0.39449648965975065	0.3758950469617603	0.2899199568434905	-0.366839613151241	-0.16112154487231925	-0.817617842505545	1.7976110520897233	-0.9745866861682221	0.6050457675808595	0.4426899306554044	-1.7774158005448675	0.4666331480472708	0.2589878006415793	1.704988943435219	2.209662226414171	-0.012562236389440885	-1.8356574105816754	1.6896030031993545	1.0639884336609533	-0.7601298121538093	-0.1440009273655411	1.4746313379036768	-1.4206681561975725	0.03999668568769174	0.024775535115247518	-0.7012129177899495	-1.749438471236704	1.1777173037686015	0.13721393704268622	-0.3976645859997618	-0.26484147721633766	-0.5743125747212551	0.3270474327267382	-0.30776546206178584	1.1767192457311235	0.23419075569079642	-1.0802168183871577	0.5844153316502545	-0.39967142188522453	0.24268431197039483	-0.20036984958132945	0.43279159063138545	-0.16217806143709915	-0.11817883241116715	-0.15803873227957008	0.90672112412381	-0.08250050517874088	0.016071179718873136	0.02533403974100405	-0.8107197272931177	-0.2065595211254627	-0.11029433581637371	-0.03186060981030659	0.21501225568523233	0.13852592105115377	-0.3092749288364755	-0.30161827793909923	-0.33077367252017476	-0.2702804153722396	0.12722640974991548	-0.3922499712769587	-0.006149568931257733	-0.043339194422470285	-0.008344902135734876	-0.07636199599164199	0.017324370806191477	-0.14982360655995552	0.06095376554914111	-0.2081617381306608	0.09882213721795344
DTXSID1021530	-4.214579555328917	-3.250425231551984	2.4740284439176286	0.7966762380785529	1.291439506472082	2.5465479641481075	-0.2035612616475912	0.8768860223699586	-0.9205074553683749	-0.3681880763221204	-0.355762084068906	-0.3458259896593241	-0.46245681801316146	0.4398401050136493	-0.7042989496225325	0.21977667796486744	-0.6084188632114648	-0.37043682512131726	-0.6567711908032424	0.6721995991851791	0.10347194145511786	0.021041908526379802	1.226293816915476	-0.3771915556118538	0.043717023998212416	1.5684873197202025	1.439762804049398	0.18315149159162145	0.13292475562464237	0.02194455944729149	0.3333361195391678	0.5757300706149745	0.14411496890899356	-0.072518748218042	1.0723781512290171	0.34629301287033276	0.4034776081733273	0.6039517522418879	-0.21464224117490385	-0.02857596065048574	0.28939900915811856	-0.21577755926438152	-0.12604794482630238	-0.8667383066866862	-0.04590954435044215	0.20605816463493168	0.24957417037644414	0.2817352381240527	-0.08706520535381633	-0.10710987534407772	0.09105302177241145	0.4744333070250653	0.16644747440393404	0.010631735760900797	0.20966963947112818	-0.4823088389529755	0.5680804560250636	0.3341049693990918	-0.010186210686769595	-0.3315530104606851	-0.042571197087739175	-0.5266802899788346	-0.21545823331462202	-0.898025017265985	-0.10662029111723188	0.7693107817198793	0.654600733005515	-0.22795675373516744	0.07230787004785129	-0.06663699372475071	-0.19230515561599396	-0.3489139397931885	0.2506527863916252	-0.9081045678030929	-0.45388110745209526	0.24374199225427418	-0.504077837616818	-0.34045869188958	0.0652258417322557	-0.56057253629422	-0.541419608360316	0.027996310478876883	-0.22778114344208497	0.302008663680103	0.12008603633617773	-0.3164293582772824	0.7108255526999872	0.40288526285259746	0.21109746167888982	-0.07377463673109948	-0.47036863446818594	-0.23726591384020962	-0.9311827131935131	-0.4261265827454016	0.1019078039423471	0.13885425258938144	-0.22874096020636353	-0.47435769226206204	-0.6989699732724869	0.4604046973217757
DTXSID9047205	2.357012014861552	1.7775801083377307	2.6834811765251008	-0.9380842117342738	-0.5623699087807018	-2.3623424503034514	-0.9100267647059084	-0.13295040122714338	-0.4028184410162963	-1.7398730604013877	-0.9881050540401388	0.5100406415954601	-0.3330103348673736	2.3923128311595057	-0.18254316098172077	-0.5106851530838776	0.914136112390434	-0.25851787962440154	1.531790986064051	-1.0703252939047787	-0.0037433741626938344	-0.470003010919209	-0.15075424854033553	0.8654340039779919	-0.5160034556447893	-0.021094511691006002	0.4887456517667286	0.37621738951450595	0.12657629433114292	0.06150905992012136	-0.11150243164557416	-0.32475624091889205	0.5339203134909731	0.27988227274921756	0.03271139038600321	-0.2669710184060595	0.488328302033004	-0.272956243753139	0.13592103039962553	-0.3579001522614655	-0.17550557234856834	0.3268538885424401	-0.14266517675256454	0.31259133113781157	-0.7741147872528109	-0.12178641450819658	-0.15109965099073025	-0.49991652496787514	-0.1900370903572978	-0.48306136509447856	0.17725910260284897	-0.04626805311886385	-0.1437096732038047	-0.06661802462880191	0.43405891080952674	-0.7120431629736876	0.15559899986821205	0.19046565861394854	0.49362557132036866	-0.32105115317818106	0.030237073789651805	0.6155539244332077	-0.3803572221285027	-1.3921814475490455	-0.2608365809488566	0.04264737529477941	0.27594572561462155	-0.2693824007915526	0.3996547848795631	0.23746313701421465	0.32060517098407176	-0.903668873649666	0.7185804550890039	-0.1202226719167334	-0.278894717435726	-0.21269233583175434	-0.4379543354958922	-0.8134263281765698	-0.4140011796366145	-0.0590218446852715	-0.37924204555151614	0.3315646405629616	-0.13339234869067526	-0.1535320434116463	-0.04391193148197403	0.09958074970180018	0.2885314627051261	-0.08765571726083934	-0.5565086434538141	0.08645315693411602	-0.4147948490923782	0.06482439142876012	-0.036290013076639184	0.18950241034874446	0.14826007055832086	0.09729876829181401	-0.14121304134428617	0.000568799456272822	-0.14536741489269076	-0.17952473778428488
DTXSID5047582	-2.941029967871685	-2.335849295213182	2.5826672338505943	-2.013637107907716	0.5171228088010613	-1.867372159161546	-0.48334667350157834	-0.02908729109924417	-0.07513559396300225	-0.9422165268299847	-0.42878341737340314	0.4298933098765033	-0.0014363970384717476	0.7176919355321143	-1.0592607859144545	-0.4216122989888326	0.08400892812377508	-0.5932671247135783	0.49685676868854906	-0.20872950663096346	0.2744476423656372	0.13421657899537906	0.5761924342589391	-0.19928941289507973	-0.01200469837199682	0.1866912901527539	-0.1947698764779172	0.13349299744146778	0.09317211484688442	-0.047936056036241556	0.17493283230427648	-0.3100183357285424	-0.14918967340988246	-0.5084785536351573	0.1312546999370305	0.009099623799862901	0.08271895804198293	0.41107927107709685	0.13724464850712026	0.4402891125967655	-0.15780697069481545	0.12495473223533976	-0.267909028322884	0.0003939372668316041	-0.2724433961760483	-0.004553730885493611	0.18104006146972984	-0.21281124332715223	0.06573771161362885	0.04647793755690925	0.11375287342964556	0.07858242072433731	0.0730114003903887	-0.08773275805265826	-0.04655943817182124	-0.10758137780170891	-0.02781146449925968	-0.024069015553580257	0.05082448211243268	-0.009723972874797968	0.26803019847105497	0.05768643728691146	0.19957081740767807	0.06372719801621674	0.07920527189627573	-0.196819903789836	0.2258887498876156	-0.43602816332732103	0.16192126813732446	0.6125300820473242	0.305120070202436	0.18115011600819028	0.0009987504211977612	0.03082590526952395	-0.7029224320350232	0.21989903765940266	-0.3525711564060095	0.5763128891161781	0.11939403583802742	-0.18216427418399359	0.2956645558804495	-0.10904619463662496	0.14876697619660625	-0.0363101177870162	-0.0483213411656653	-0.07426951683832846	-0.022432398140328307	-0.19716582025196952	-0.04924567420227058	0.1386772385303636	0.36708488028324954	0.2740405484807838	0.08793900016249473	-0.2139634397442402	-0.22396668315484775	-0.04026565867982864	-0.00703672935343853	0.08784224504725706	-0.02533166528976938	0.17361169630368092
DTXSID6021032	-4.3703867878874565	-2.3892686400834586	1.2802266026034979	-0.7771100045517351	0.08604179102609523	-1.246883279675909	0.81495131139842	-0.40987177874496383	0.20545751457950898	0.3598721699892606	-0.2239406485287164	1.1978946329147604	0.10712012845644592	0.4692241548535124	1.2438175136899796	1.3726545926585796	-0.678472220828634	0.4745514660698552	-0.6779551222723117	-0.15571500810633263	-1.1531287077081718	0.1252536755442526	-0.16146768002851047	-0.9704008443563773	-0.11630232671092969	0.45675795228713045	0.14751555716418865	1.8350741166927147	1.4285224976580497	-1.598901491666387	-0.2883430335214115	0.29494205271311225	-2.1606288803761133	-1.2905688324199585	0.47480332181734447	0.6798273277040863	0.3125468823129717	-3.6808648988351447	-2.34959078520204	1.3031145583971424	-3.8643267618686417	-2.546583393203321	-4.221723162115291	0.07980744041614485	0.4180731193815038	-0.002345610054776072	2.1566042624569746	5.39100819849973	-1.1448066917239048	-3.978022092303511	-0.9412863486288922	1.012433895558327	2.0284039626364407	0.03881829276693158	-3.059570118279126	2.0531172316509805	4.892630187664402	-3.2165013626996313	0.8733454974653593	-1.9341811547440846	-0.6198914461760422	4.241313406577839	-0.7043650713327153	-0.8383693594400793	1.1018334304516382	-0.8361254334012042	-0.5127703214953389	0.6408055405629626	0.5765579064742691	0.1414219793468938	1.721320552106296	-0.600848395045656	-0.09980675322088506	0.128833270347242	0.9775314208539049	-0.7410379050229868	0.3975105189386235	-0.38087733340030555	-0.19770740995089478	0.22971418406401992	-0.4012669868358925	-0.692391453326673	0.29458971567810244	0.6621701523834229	-0.30771784601187013	0.6894519439063944	0.5187140080276771	0.4339970447056575	0.023416386870116202	-0.2104191686782503	0.148265452661949	-0.173864653660599	0.64331823690475	0.0717711135244432	-0.11252676761129415	-0.05565522962632036	0.10522886790952629	-0.26115553575581746	0.541883075876442	0.11145794963504238
DTXSID2032398	0.5594848898305732	2.673328514193074	-3.205119181541575	3.311553793120348	-1.096426674190112	1.1688185968390299	2.9974501875061996	-2.379747243768211	-0.841470846432616	-2.7800100820287743	-0.3850875810494157	0.18341698244458304	2.95979839138311	1.8348944443060122	-0.3256119300481243	4.8521498256648625	1.5610489855436327	-1.2887054925245058	5.390059195685853	1.5055601541161994	0.939210181437518	-0.5744537615214265	-1.6710837529004032	1.5150363157828486	-0.6539432671481751	1.3757911935077942	0.41770201701817605	-0.704033185345046	-1.4776885821956143	1.8915151037208926	1.3218860917173458	-2.262431495225818	1.302462111499663	0.5233835038582272	0.2526043922463351	-1.0784745651754977	0.9088142996988408	0.07654706365690987	0.15573003457548829	0.2925916192954658	2.266208579044586	-1.2189443558516984	-0.39865332853961527	-0.4104590163157798	0.5455272191965045	-1.5783527704351008	-0.29783361862516944	0.7715013209492748	0.22672983876697136	-0.45493212416561857	0.19186806334682546	-0.565402418364225	-0.4959508475049503	0.09244863229783298	-0.13361062252625458	0.7749129822174586	1.3901254719401681	-0.0262487858809339	2.1327251729648746	0.16126457157852675	-0.7679438859583341	-1.118675081036494	-0.7474855953286315	-0.48953640635127404	-0.21651635281610215	-0.2987897100809105	-0.4362794163587477	1.6103793376013071	-1.7622343519174544	2.0898207218845317	-0.17895527382093096	-0.5725980632515573	-1.0178577179132617	-1.8918915807058936	0.14396395106603713	1.258646396580251	-0.33666083663151236	1.0020007858380584	1.0064648118111097	-0.18285726474732653	1.5355164419182494	-0.041711860166558236	1.0294237125868249	0.840160446069073	-1.01560248134093	-0.19023713775319778	0.5903052154021902	0.4101356189950518	0.26848768136682283	-0.6935157391953567	1.439429386012899	0.07106318852289889	-0.22664639915223883	0.8539084766085683	-0.8142883197036597	0.3163665990043335	-1.1181727541090611	0.8015391406103539	-0.6089011903674141	-0.5168857354028537
DTXSID0046565	0.32752161760540266	3.400524540096595	-1.5800750920083304	-0.8687793289428712	0.5098494120720161	2.0261066050162353	-2.391483076326814	-1.9254411614219589	1.0482402839639375	-1.622759326065225	3.6504802727961088	-1.3616056439712032	1.7227671583971331	0.7983329037307388	0.9775085723343594	-0.9467193948911717	1.1414356078441719	0.43104998659764826	0.7647055763433371	0.2576495580310621	0.4810971458395011	-0.2906435612229472	-1.2141731376301375	1.2903305955081057	-0.5126546061144813	0.15604239655138025	-0.44570359106325075	0.5581206751457453	0.3512961487144945	-0.3216159729010627	0.6289510592860958	-0.3178528473089442	-0.16596860548239833	-1.0244436293978831	-0.5091898620046634	1.0595079810796897	0.1566576910745974	0.6335696369030085	-0.6202495381957821	-0.10736048699704996	0.917295922516502	0.0681791944155654	0.7955932262509603	-0.7178563660316435	-0.5390465839024602	0.43365683082485124	-0.817912420198377	0.9377697911226525	-0.010104349104887713	-0.14134715317622643	0.12372343966588177	0.7969038684935199	-0.2325809748194766	0.4680678409235126	0.3101358003689081	0.3972134023500016	-0.22354261711687712	1.4338427140741505	0.09713879881319826	-0.15613041957488463	0.9034533064659174	1.4780015102759876	-0.7782335128547416	-0.6328984665784879	0.0027256253705078043	-0.2822296988271483	0.3177614199263754	-0.4397433049421236	-0.48460735048759057	0.738248705904902	0.07940829890491323	-0.7138012782433271	-0.21942252684692506	-0.04221839782447386	0.6139801095651062	0.07995773353688351	-0.16290168820023365	0.36761122761794823	0.3875817187472576	-0.15201160627214172	-0.16587516832781163	-0.04157042188758593	-0.4131851847672143	0.10771198813922121	-0.3176617004960621	0.3806043622538366	0.0716223059370688	0.5642606203661125	0.31355491006139313	-0.6177088498656954	1.1879150489917039	-0.8194414189474013	-0.05815032403950401	0.9035836860244979	-0.5545319456132629	-0.06900053216217109	0.21564263271520395	0.23100583754305898	-1.1924931052983878	-0.25383189325572286
DTXSID0044781	-1.204428904948508	1.7556936840957913	-1.6217903288141857	-3.896590869433499	-3.144152192906622	6.93493590765341	2.8585893059571217	7.7712188313563	-3.8409602031131445	-1.0238929440110303	0.5314487608937679	0.7710168603513894	1.619297337426946	-1.7821720636316989	-2.597106182907367	-1.6692641691589887	-0.6499998705533961	-1.7583377290840079	-0.9802941341841351	0.6206978548206231	-0.74809573408504	-0.3632916431827263	0.19561706629747544	0.2997733735195551	-0.8552835728313195	-2.1816481458806947	-0.5226302928752021	-1.8209031180681658	0.7929047436450168	-1.0297782656986916	0.20356312735846022	0.41240516678483014	-0.43046774594196135	-0.5889531985280793	0.8530354663977056	-0.5507392576103118	-0.4918932413918429	0.20017992249353722	-0.38071891584195583	-0.08900780976413465	-0.7533212954305893	0.03564228633586769	0.8448633096911417	0.24528559502275768	0.1721583483662796	-0.32619837149774705	-1.1445078431063505	-0.6350674098179955	0.5094995396593881	0.7112631329967323	0.3814018445191899	-0.27335487148957777	0.09509077859674316	-0.4014118524271653	-0.7830719632890573	0.1747403160610443	1.040244902294272	-0.663215296264594	0.6482553753535379	0.10228447571324202	-0.5458429976381952	-0.40706419129752563	0.07101558653041179	-1.0169552451635466	-0.04440640506451489	0.7863100180141107	0.3590432278785537	0.2515602218987352	1.8875997049090245	0.24570113543629232	0.4850537993571942	1.3672587115567232	0.09960199033660289	1.1470193618994873	-0.5353646065827956	-0.9812524332362185	0.885303437909696	-0.4824537457174238	-0.32785832227852324	0.13577236417239777	-0.17577687432680664	0.3016611475770311	0.3376134902153234	0.32666022957580704	0.12622165416163336	0.35224139431840296	-1.190307420507524	-0.9282253286176867	0.3925816181516215	-0.15873751276614548	-1.089013681639482	0.40498330586094555	0.9271463646510406	0.958455619694805	-0.9112977744754742	0.3589579038824954	0.5279249438985829	-0.10941405381474352	0.69209762493662	-0.034206427765328326
DTXSID3025330	-4.469542517826822	0.09734470017000535	-0.3233248675899662	0.17672357740523842	0.7857120167152004	1.6710924378334608	-1.080807166385605	0.051796164290556	0.49773743549069166	-0.9931747309161467	0.24232183626008494	0.4140008613465291	-0.21653374037076015	-0.3479755616629672	-0.6956349222491849	-0.5461894659339062	0.5200517801710939	-0.3935203590579712	-0.14928079132896724	-0.22227530669973675	0.7086027086508463	-0.3089370401348514	0.6248799284133727	0.62442072715795	-0.38885835964530235	-0.21167408614377575	-0.09814734491356117	0.31533186220064646	-0.104881940179538	-0.046643036244945084	0.4470808451563545	0.27564798413393654	0.4995091446217807	-0.425928945604271	0.30789166617048885	-0.0455561274737751	-0.3384278202024397	-0.13157381732868043	-0.02685916544032349	0.12674819003215124	-0.08595989081056882	0.10597823684907197	-0.027384436022840977	0.1252756371581115	-0.060412910690196796	0.02795248466854013	-0.026250285371788935	-0.2864425063616116	-0.10466292613882881	-0.13800116082109287	-0.03560181051274051	-0.14265247462329148	0.013825959898664008	-0.121124739910224	-0.12726884347213777	0.08355880571004555	0.09153598557075909	0.10742890797950536	-0.3475660168927967	-0.13739706933033585	0.15667260343951156	-0.05177921820812795	-0.15550509967616646	0.05585256647016402	0.11272926337643162	-0.0606382278919842	0.12936487669135507	0.25890583990985794	-0.10752733377425809	-0.5984453323516118	0.32246476234047955	0.08229094365543188	-0.23524680500924713	0.10734012947387317	-0.6773320013913608	-0.41302444967935914	0.06542025577249957	0.6011146443856337	-0.07197498727231684	0.353511635178597	-0.6398628401356986	0.07332569564058525	-0.2686410718132792	-0.49859125193128395	0.26058769361461065	0.08457367459385302	-0.17710409658661225	-0.6805737469916678	-0.3304918380321907	0.35569124374739514	-0.19137562427669988	-0.46396487995235186	-0.3961367146346754	0.08088787589127094	0.19427772614520927	0.028655629899969157	-0.36366625258789764	-0.10165048798520417	0.3165827849665749	-0.6081678951718484
DTXSID1026904	-2.7396868677629675	-2.9822673249488068	1.3539040256734483	-1.596024506513216	0.3470070326522454	-1.8849575601883446	-0.5974782621243314	0.2205303729548948	-0.3542834230596804	-1.1430623384457324	-0.7837021335640615	0.49975627842499676	-0.6964895429298581	1.7263598707998369	-0.011124808057067198	-0.05458848458908587	-0.2171977423547931	-0.20475126221917792	0.5433451970319881	-0.6472635720184043	0.24307906964444373	-0.0266104734198921	0.5974338453066531	-0.30163322780897955	0.5009095044961395	0.12712184155905767	-0.20690777529660637	0.3334717883439282	-0.034907134204732605	-0.33294353031201107	0.15920005859946654	0.15842875107610593	0.13780064678620835	-0.46182037277458576	0.015693126522796915	-0.30139129446705065	0.28971198878711263	0.3104964158067193	0.4362079500771953	0.32789580222813564	-0.18997825813115912	-0.08366173446458287	-0.03212874752531123	0.10140979681844725	-0.37609456726126617	-0.0021145323058297796	0.08630427498084085	0.2196038490373655	0.18138603985232224	0.3541775947352666	0.08710487923434285	0.26612947424039407	0.2512220914868289	-0.167454832588603	0.22159623044925356	-0.29171322412343265	0.13259747727844867	-0.17898848479776933	0.14968267865275536	0.08424791655439273	0.21381366633363552	0.18092242945148973	0.1731553912791447	0.033276223491942765	-0.040742266309262976	-0.5058902731652897	0.7937060351293215	-0.6172047695914902	-0.13561308775570227	0.5721166555038341	0.2435087655852226	0.3747327728114616	-0.30700558608698797	-0.1719770750758856	-1.1229156134694376	0.44020067496269133	-0.45924430763157126	0.3184760212817655	0.16719362321430975	0.016634372362159144	-0.16576224885086166	-0.1296037118306389	0.5646037345453387	-0.057315381857412535	-0.2958010442541022	-0.33164276594124414	-0.0694464374368442	0.23593214671383525	-0.004644042264683974	0.009429948495588179	0.02967424333121307	0.016312095943187326	0.011596967152218375	0.03178808123291384	-0.42075687369084097	-0.192149578392389	0.33260809814673026	0.11282746423440056	0.32008504477466243	0.00534964206083072
DTXSID6045583	2.210526970584192	-1.109113034242761	0.012351980017368865	1.684835063792989	-0.11280856893854566	-1.6055733593042116	2.47560315656288	-1.221488923064136	-0.7111268683666289	1.8583179750364955	0.5837590708540648	0.17193191871916458	0.611507966547624	0.4759087513266097	-0.04238490515454733	-0.8193283083494364	-0.6715643856101139	0.4396828764328005	-0.4829175613365398	-0.12035844948106392	-1.3513916993300947	-0.5134912075350749	0.5598688971222451	0.2556456226046354	0.5747213650342279	-0.8822303428905224	-0.9895264288480243	-0.21889807095607458	0.8696488940063689	-1.165088079085731	1.3226390492512445	-0.9194048591849777	-0.8819861165570113	-0.16547820114510275	1.051803909144338	-0.09521356393661412	-0.29869456145925655	0.9863442103363051	-0.7210325348359417	0.5257476820811356	0.5697829060163156	-0.30684225186850317	1.136224785035927	0.8046773354498694	-0.7525716724685962	0.0004137487295532341	-0.26552464653532865	-0.4272798041408656	0.45978715095501466	0.3814003503842466	0.22296033639401025	-0.2927041910857196	0.005720241350296673	-0.49347253800161334	-0.5861084426147504	-0.6291500843071842	0.17547608083643162	-0.5730995016495452	0.1784982321231305	-0.8465227570264766	-0.3035954846273635	-0.22385589165157457	-0.09868837126919566	-0.7914659141058864	0.07888325727565222	0.21833283438256235	0.4084093648010689	0.6599148227628523	-0.03263231663982857	-1.0830628133753013	0.1665627280146184	-0.47395138467133874	-0.6441669209168135	0.5183687869086094	0.4057330402801629	0.08615291240064755	0.8532594074933628	0.73058761874399	-0.04286230944278829	0.5121164573764635	-1.0013776862669157	0.7279480652514007	-0.07736343444359366	0.6128555172305167	-0.3747940784465291	-0.1893541688184977	0.012528856659060986	0.09097387383086869	0.031128602235036915	-0.40584754952770297	0.08242466946129974	0.7594771765075545	0.9466075426096263	0.06776006404375298	0.6189151538718709	0.7719804318150436	-0.6944856322633088	-0.5846921441096049	-0.4408079113980511	0.1928892013924564
DTXSID8048579	15.256011032933772	-1.7566714042823195	-1.465141003580453	1.7435139965177835	8.833917426325778	-3.265071823760366	-0.14203296566350398	6.817648853983331	2.044456150951481	-0.7726424492397707	-3.0170611133695124	-1.2621162384295146	1.4111917476159663	-2.1377646517883186	-1.6646806813983182	0.6215559978924547	0.12255286764429421	-1.4716920044644635	0.6339956905700737	-0.640440076460663	0.16149851719931393	0.8520333011577518	1.226599767023831	-0.590105525793471	0.7377503981478621	-0.7886838125736723	0.16659514864518693	0.02931408732988988	-0.44352812279809817	0.48621574608249535	-0.8334945599261173	0.04293765718526693	1.0605224709727785	0.2046110480748524	0.2487869323504272	-0.5781711651566754	-1.2223039209137896	-2.2223680414365727	-0.7636410314759731	-0.4817396012388331	1.1226232096493576	1.1553173903178355	-1.7657709389364933	0.9724638014541122	0.7007735281030726	-0.028817931454172545	-0.6298965458207814	-0.6168462023333535	0.6487850168147894	0.7177695640518222	0.07034746306196316	-1.1446168041366913	-0.0330960793018953	0.5330601691818216	-0.20143456139552396	0.8290230042733696	-1.1123084369061609	1.9686522034419303	-0.6206684710367689	0.07639423743952246	-0.9910412087034449	1.2444333102069987	0.07601934590864227	-0.13680722027380685	-1.075865197787246	-2.4859526747448943	-2.1357181929817646	-0.5461553766317604	0.8298574365458761	1.0799914777808308	0.270142808460746	1.1280985558659604	-0.7041920330441971	2.2109961263692077	0.46560978831337435	-2.694577699142124	-3.6333402963636225	-0.19876831852495258	0.12876981234464926	-2.292240126864043	-0.41542488451183723	0.16458598111476694	1.015953945465047	-0.2851921501643269	-2.1242852396188288	-0.7221382002225104	0.6902377434627155	-0.7570051387002152	-0.10990729575635406	-0.02997353189230417	-0.013476535854130995	-0.25379351522344745	2.4920968428381762	-1.3596963941676417	0.03239976759312798	1.016454800638152	1.1723793445867787	1.2837555053382343	3.3384426975826096	-2.661764323332056
DTXSID6020511	0.24702206437726715	5.218501170210589	-1.444139935678741	1.4098025559028795	-2.8457521078757937	0.4890145516463839	-0.2258070232988553	0.006579195090209665	0.5194136128135094	6.889571257435593	0.6186122298954564	-1.5596222942927214	-1.060752597230443	1.83132926249392	-1.097184978541688	-1.9638549689468998	-1.2722824450965204	-0.8567487275920088	0.9440239030393087	0.44602858924959843	-2.028486725045224	0.24810901964938667	0.29286212634861997	-0.8388169108212487	0.9715104765229681	0.855796610512341	-1.2043638590115204	-0.37983501924295127	-0.9337454200812543	0.33002384224166714	-2.2751369608776977	0.3629366229416898	1.9567679691158655	0.7783993809516152	1.7170251784515136	0.8550919916318924	0.9339716758719454	0.39240416864145006	-0.23088098646667668	0.15155509857527352	0.740429980401703	-1.1664820545869654	0.9339052597247698	-0.4347700910297134	0.17668804438884506	0.19245444780020232	0.2056506764727164	0.1267929730811817	0.09806161936878433	-0.8140039663653726	-0.08366482128281197	-0.2034043196618908	0.6676842822982071	-0.5816255848614268	0.3293951445409101	0.562863416139435	-0.4803117622077635	-0.16400373572045826	0.686549293179647	-0.9676454534815688	0.14827928794584386	0.3617105489823889	-0.6198521805885985	0.43033138553153255	0.43826685535422105	0.09200939840693974	0.2514396232806469	1.8828827027407657	0.3006817459092706	0.8250116991449312	0.8794247179329715	-1.312595334600603	-0.49944023252440295	-0.5145165384010711	0.5156514889239703	0.2992291001826995	-0.14109550989459643	-0.04227697539549308	1.1604931375251721	-0.8634098667396068	-0.3644557153738442	0.6491257897429854	-0.592944592894973	0.20139960912634744	-0.8376632061364824	0.22701708512309196	0.8520340335428213	-0.43946575955845135	-0.47785681738908065	-0.5424669110201189	1.2752197642777177	-0.10610540979777525	-0.7419392673175098	0.058533384633348784	0.43203411264820335	-0.13746527369577993	0.25491010414009574	0.6507595927573695	-1.1281909933564513	-0.23481188279701387
DTXSID2045573	26.689415963037487	-7.583517268786727	1.9259361044874532	0.9603740089907198	-3.3288853627787076	-1.9509317834848474	-0.012521157331944754	0.4960886162917389	-0.8900776442996065	-1.3626389416443385	0.934126032777475	0.21803951240277222	-1.528721373793144	0.22305954050943788	5.01848380749794	-1.9973106222487083	1.0151006247537677	-0.9333070520516645	3.7460962373565194	-1.416459784964692	-0.2671115072675281	-0.520492861797251	0.7965788925144053	-0.08814897063541242	1.5377085602263116	-2.175693250478598	-0.569332674884896	-2.6251849626812334	-0.10222235252643036	2.005862272652017	-0.10718920154847499	-1.0673085630360402	0.18456118387225684	1.7871969150830405	-0.16385732748797976	2.239054703742547	0.3905535296125848	0.6621245580327039	0.9031017685268087	3.2930801182645895	-2.5535122904536043	-0.03304586375727315	-0.8250797263016448	2.1600226823302906	-3.2875423757349256	-0.2239402540361693	-2.0652526543273666	-0.522189449929445	-0.7319349684768349	0.03737271181871107	0.6339225569556028	1.0059011313684931	-0.12103502148950983	1.8348318314756606	1.023341178826691	1.2122495193773601	2.9933836050142464	0.9483979012254219	-1.3065836504398123	-0.7936918771836617	-0.04169750589932366	-1.0682375112077385	-0.10079278735364416	2.318728770541581	-0.005585290868294536	2.2669545809653435	0.42674415749282585	2.2935112417991865	2.029602622401854	3.6875542072197183	-1.613592737246197	-0.7435487265883524	3.2937288292988267	-1.4274405173529665	3.1237680480086	-0.40875629545652137	2.7541173828078342	0.2904791935780546	0.4326608021295922	-1.0366863329886242	-0.8270439262980024	-2.377360897711845	-0.4304486552747874	0.3908989512965724	-0.27998051143044655	1.591174166992524	-0.8043390145435427	-0.7911886703841198	-0.15948959221403894	-1.0930327786115799	-1.6053985835935467	0.9760865310869958	-0.5087697857323296	-1.5050972598072017	-2.1732439440801756	-0.9310859144456556	-2.9232474800076287	-0.8856205622544109	0.1975890069596786	-1.2960161373096089
DTXSID4025824	-6.072972818398046	-4.0219720838565625	-1.6972145887151082	-4.716226742405204	-1.3119383178494954	-0.12604101898134726	-2.8395256297551814	-0.7093465336465044	-1.4582733956361436	1.408167855202316	-1.120053359088723	-2.4291524782743235	-3.241850112835522	-3.4254256921483592	-0.13054783091614205	2.7580260516628696	-2.5930781496094406	-1.9523845596076814	0.5921530782195596	0.5921081470765737	-2.1815700214809692	0.4201222533055315	-0.8058466047965451	4.434254390892021	2.7628551314607313	-0.15941249868972598	-0.4511348804440609	-0.4143991629672691	0.07776109609157969	0.19197743984734808	0.2754029756090782	-0.1910485153858113	0.6836747499892629	-0.24009407443061	0.34243011236307197	0.5211641227001621	-0.7359189269791466	-0.15446233271914334	0.18934771703143904	0.35767787922506455	-0.31037064807284326	-0.16851808267344412	0.005294386864235745	0.28616266696203074	0.11538255568649207	0.19405143349833007	-0.14299276094233407	0.09830178996838436	0.30335947871019453	0.4387830182688962	-0.006811182325625574	-0.1780069800214831	0.32323048270467253	0.015204835603059857	0.3285468138792298	0.24244198268386138	-0.3579222366810745	0.17957952683218925	0.20842230680046198	0.4297705193018249	-0.5017315476120885	-0.07727848525218585	0.1754877539943607	0.6260596524980128	0.3644643763154657	-0.8239796336587031	-0.4174307927018157	0.057794542247764605	-0.07342290860146394	0.015270158014983826	0.3841453756742048	-0.20249868311368	0.2120816129957943	-0.1855802881500609	0.27726075829942887	0.4333473305226162	0.859418153448319	-0.30298528707771666	-1.3107265153878904	0.664742909546422	0.49913854408920744	-0.6050486385449803	-2.3593122049534987	0.1373658634510433	-3.4034839577451743	0.11912640740363943	-0.807810205618208	-0.5739772018863486	-0.7950996910357312	1.5995921705346365	-0.5514322282071784	-1.7829324357110479	-0.3162920417835297	-0.5772967778430307	-0.6615758554104771	-0.6427622409646768	0.7983462288258047	-0.12269035507672234	0.041247222275691726	1.0951814915750955
DTXSID8049042	4.399826630919761	2.812813526130855	-2.0912811120545407	0.3044767760643922	-0.9095921342309642	-1.920028262743956	-2.7183456272401787	0.9069168319329157	-1.7733526496654384	-0.3522314553152207	2.563269463732762	-0.6836297268436613	1.4853800104949313	0.8994968830075883	1.2265266570265734	0.6753807000562809	0.7276458848740144	1.1511621995645318	0.3589419552145255	-1.0557998283982062	0.13532470238206198	-0.7369804347511426	0.5820094404234203	0.9339108980070164	-0.5989116237100579	1.230838059849456	0.9903613583318406	0.013323255027995374	0.2730564881868218	-0.2571493142258408	-0.2777197520921565	-0.16532439067944366	-0.14959069178504011	0.13934498334181525	0.8673369679404324	0.06615615354029913	1.243965242855934	-0.09565769395739847	-0.07027247456911823	0.21663152012269052	0.17058276652846197	0.17831748849390544	-0.2332639983768943	0.6713540615596141	-0.9424258297963948	0.22102875484089324	0.36645548496832137	-0.5381663520542922	-0.1302722027090432	0.18489851869658713	-0.09017805839208912	0.0754182492079726	0.28229356267448197	-0.25457794434688746	-0.03214127938635529	-0.2185285429425582	0.2351134996642806	-0.4884501924241608	-0.9943026252079562	0.010026250086006501	-0.6196239033059094	-0.13732424535481444	0.23611256400631545	0.6114406614215772	-0.4691854514776274	-0.2857616311031467	-0.24030803200397594	0.11270815699764389	-0.995099370600782	-0.3162910342377484	0.3668825287740489	-0.7793395367717063	-0.3541125013143948	-0.008748500615683328	0.18062692814349637	1.4038559580138714	-0.010529182856431793	0.7274778943378174	0.2059346028234663	-1.1383302386578933	0.33741993157214817	-0.03724304341814388	-0.6887278518353568	0.5358748679176106	0.5293724009804323	-0.1557058153247335	0.1505497276635498	0.9910554022455517	-0.8274710966248272	0.07007346141762269	-0.03609015162820507	-0.13532363472110392	0.1404395684074926	-0.6617168150687481	0.34545565527161753	-0.4188931576356456	0.4546260824742777	0.40844334971291824	0.16717166434692646	-0.48737158214242793
DTXSID5046354	30.192170223280133	-4.178633369935673	3.8376282743020695	2.7485290632074553	4.224152957155418	-2.431661769871066	-1.4545333482061582	3.339423825273397	-0.3904395720310936	-2.6099753709134896	-0.9587292157062193	2.380234284451589	-2.070651087122436	5.283976771180951	-1.1487013506752242	0.3823469248965432	-2.942902512051601	-0.9822165982172191	-0.4823808031646812	1.0311126802771509	1.1679195433249308	-1.1387279534562038	0.9442749117124408	0.4043314976675318	0.8837457359668639	-0.48908413969718256	-1.4102722264929464	-1.6121122199963318	-0.8572702765009858	2.284869671001742	0.3366239310756395	0.35436210326128076	2.771657590949701	0.677728810392699	1.2396554720147936	1.3416582203874168	0.31073869041942453	-2.7113577496403654	-0.6836111560366326	-0.4442869160684379	0.6197592864834023	-0.15589111005440762	-1.8561882584206908	0.41943348353809196	-1.2789985381589233	-0.5962854398233127	-0.7557589825036921	-1.6383475724157897	-1.2447720950495633	-1.7734772813472706	0.2113796831867018	-1.0665436257184984	-0.9144756997032327	0.7400932470824569	1.6402225022567172	-2.7574182080600225	0.5780582155060996	1.2357198005635661	0.33080795974838123	-0.1567790549059452	-0.35696097801734766	2.6987076098946177	-2.6634933256779427	-1.8046443749849	-1.852913005647261	-0.16320818036646104	1.4130576090824725	0.0754287389067712	1.267010661484466	-1.846153653154272	-2.2410301298230477	-0.8291076589333011	1.0614038000145325	-1.4026240472201807	5.483532578516998	-1.2205774938072558	0.9159241695494367	-1.8490581001964048	-1.1023040356790836	-2.079512170953957	-0.33537234822245865	-0.6453361806154068	-1.0523313481238228	1.2181525305010439	1.4568283163508635	-5.0831166238276095	-2.918653398760803	-2.773427190973454	-2.1560499428061486	2.4274996768942816	-1.1484059724289026	1.6391619325811153	1.6941719077660033	-0.4572238873295152	-0.3716332209856944	-0.07101784229172929	0.23000313934906963	0.2829095305300771	-1.4051691449110806	-0.27115349480517603
DTXSID0045179	1.279867205206142	-0.511908210214465	-5.013076168672193	1.4268664708170993	4.692504374490629	-2.0997874244620527	4.8217614918634615	2.953363749710523	0.22598732011041564	2.194900625529059	-2.218334960928408	-0.40514216381130247	1.3213405676384569	1.404732478647976	0.6792542025247665	-0.9605820267518418	-0.2949488717655642	-0.33536671766621967	-0.7339780095803355	-0.5257747387079658	-3.3063416515681134	-1.0746296477287443	0.4441976222524818	-0.009872766026293483	-1.8770281784101843	-0.41800979195412163	0.08049734859949559	2.6670292009767818	1.5151708576755885	-1.1519750098887376	-0.5549522666863047	0.9083477318198457	-1.1180271158675046	-1.44259669706352	0.2508895231866447	0.6566831858468655	-1.0521897042233812	-3.661527311055291	-2.900362467400619	0.0694836145035678	-4.103471549609831	-3.223388605101273	-4.387930328349881	-0.03073985794255131	0.17906697585170359	0.28825990184221506	3.4462530797962057	6.474472707591156	-1.1737511779418	-4.194831251614937	-1.2532950724267913	1.9154673675259637	2.4883972624689368	0.22074778710644125	-2.151069225744593	2.221508059530526	4.314786552280465	-3.067810472988755	0.37691566529742154	-2.7485949671534544	-0.7715179082444674	1.9049540777388656	-1.5136398513906761	-0.318730080806395	0.9349093182645617	-2.336625232989824	-0.27465158958931435	1.492690995307875	1.1303658396372227	0.5879965246346748	1.4232245136732355	-2.0010635387730127	0.22455975344485596	0.20942062292579317	0.34038254331540524	0.16996049639484118	-0.3420487963257671	-0.2535658690609191	0.593855806285141	-1.674437136210729	1.2049485442804404	0.8330962248372964	0.05602529830235485	0.940999214728373	0.2619299219464643	0.02010660212157025	-1.9214255482356688	0.5861323138279378	1.4296995733287075	0.7037367340078949	0.3302628549473316	0.7831814107468766	0.843445427913251	-0.7623259733834401	-0.096527140293468	-0.42334571608982824	0.6027642776369685	0.14271725743425362	-0.19280583412749766	0.2377918451077354
DTXSID6057794	0.26349303370178867	-1.6604358433724964	-2.3722268243103315	1.2658353338258646	5.8501056022500695	-1.0254074767853427	1.218090470312393	1.7844084619195733	-1.4329844890070194	-1.924484726013994	-1.0156362937615295	-0.36190400599032224	-1.170264370023236	1.7312983939003501	-1.7603270774744082	-0.6845067497071633	-0.4236670514582938	-1.2168262842633537	-1.7825721380017607	0.6688721202986553	-0.184328955056725	-0.3326711749080751	2.174405570810057	-1.2132369571580073	0.3323762578639384	2.267030101009107	0.7755735548650119	3.5015429565616154	-0.49070708484117886	0.8104920633578361	-0.6248367917599806	-1.328693862504211	1.7161215085899753	0.35977700915307026	0.016736483313687534	1.4238701510027092	0.9990168099959702	2.2450565844043124	-0.39598261707601984	-0.8264649701036126	-1.1177353449547385	0.1424849874960662	-1.7812561002687157	-1.9923010542342314	0.6818289990893972	-0.39313716124250087	-0.25075112508720254	-0.2560937897237348	-0.2608623052927525	0.8771633952003272	0.3643971207949189	0.773728446869037	0.08196791793367092	-0.110239318574661	2.1132483987132478	-0.26809723347049397	2.910345653742847	3.051543280203491	1.0090048905928746	0.2680058084525003	-1.0240887743869578	0.021008791977328637	0.9672472516662829	1.1318576734192933	-0.1489788735153532	-0.9886159535800833	0.15850772859036824	0.7155744906487326	-0.009544576533505732	-1.2245043543741805	-0.4035846762490491	1.2279597916220164	-0.6061024982780826	2.2790073762707928	-1.1792247534225317	-0.09286450019877779	-1.1092140728089745	-0.28296427292797927	-1.136126948799219	0.44316116529717586	-0.36959563180962063	0.007117847684849136	1.5231526289932813	0.8367981806095979	-0.056784050887557225	-0.5756207059352726	0.3892130069141516	-0.3884762115166832	-1.2459275099051257	0.6084520737636214	-1.051691124790063	-0.31441182640476617	-0.08298191285595576	-0.7509988849427249	-0.6442754553565756	0.7571200633302652	-0.25090898545445334	0.19117062167572074	0.20369603723996477	-0.4730916022434018
DTXSID5024845	7.995491428926744	3.9407783292753686	-1.2396223505577888	2.0541610177593093	0.10551773624395931	-2.538427199408094	-1.5761557417584502	0.8837844300450269	-2.1606419594384216	-2.560049081473092	-4.660997949164561	0.38197228051452253	0.911087107163501	6.32315522749833	1.2865975588133063	0.06636029582195686	-0.6233872462581411	0.9883949992190828	3.3501256065439633	0.7613783019477386	0.2198772540229296	-1.0880873019623551	-6.330243648907456	2.879139954376399	-0.6920943749974696	-1.7522703850963004	3.8427773960598333	0.4843087802094828	-0.28114611247411975	2.912939245761458	0.8397706621035027	-2.7248971188083284	4.516924427121922	2.6684843062113925	2.1066314007992837	-0.36374448322597763	1.4099617915498979	-2.691884400701865	3.0190312332771048	-0.23565227260063623	-0.337539502979939	1.886841383589375	-0.8262418378422428	1.8049786524863167	-1.9351695565944464	0.4112146344437814	-0.9769430836376279	-1.8554177287374944	-0.379917432090408	-1.4298502911105975	0.9951774649812192	-0.3789477245763891	-1.154733654542209	1.0043889254163174	2.2843498748610296	-1.3110052483676906	0.22878845479703033	0.9809068223288473	1.940674324470688	-0.38821511151132404	-0.7000730155624676	3.3455585482655232	-1.622037407076917	-4.708586955103292	-0.8476929904996298	1.4281344686707824	-0.5174807631892091	0.9934570205840663	1.5772689870527916	0.9156099685897039	0.6355443349025731	-1.8042075406213467	-0.9102630241977776	0.9063103708110252	2.631672890557612	-0.9062530649408626	-1.0085492008904275	-0.39508226756831594	-0.46825119162398177	-0.9164508294980941	1.6856542884277894	0.23982167603340326	0.01611036277037927	1.1842062181743327	-0.6753877798484329	0.29402605544269983	2.1604678713993186	2.361074883190902	-0.1434934504250013	-0.6891924642497834	1.0919324131137347	-0.006834223859435094	0.9713262033082589	-0.7264337244568416	0.6228852128868672	1.591320458971402	-1.3470367746090302	-0.19417151987218514	-0.62071621859223	0.04910186721475355
DTXSID6026167	-5.43074360380447	0.4591935481009736	0.45071129202101534	1.815087530507	-0.8074454950898581	0.5380154188461502	-0.11267470673913423	-1.6850810866324337	0.26529439155967793	-0.11347516829905313	0.10183751543530396	1.2503780822027306	0.8366613775207318	0.7024075777705345	1.3355046516803302	3.2508688158338503	4.063947790263274	-2.1442180622445375	0.755937376456418	1.230419455315754	-0.9939361831603567	-1.6880408028446208	-0.47123687682800575	0.08096912502106789	-0.3114455042334104	0.5641787226102151	-1.359093680177585	-0.8059159426591287	-1.2696592700190923	0.48044195604147183	0.05980177322184752	0.4738086890984237	0.3842730397032567	-0.296284660305887	0.6229103964891984	-0.4462660003284411	-0.5024988856134829	1.1561677488632318	-0.06337397213392848	0.6299869973082158	0.4335141728740536	-0.2782451757590514	-0.6277335312952632	0.2126982108001561	0.2656067521067907	-1.2600875319522988	-0.31159344258910804	-0.2579826852907844	-0.013939522804185835	-0.2921711001605952	0.21399647814910552	-0.2958601800055926	-0.2704383952333581	-0.2262071788891277	-0.7233616517110838	0.4203934434226946	0.2745183359496062	0.1107770375906307	1.3433476207624433	-0.2651367366983934	0.782478733469938	-0.6740766451837314	-1.0831275235909061	0.49485060506245604	0.024005174423450047	-0.5885889668827837	0.3376425906945151	1.1021941930422277	0.020516537220174633	0.4482579185405217	-0.6435447833630831	-0.4655013706967581	-1.213707174755398	-0.3871309988253537	-0.3889058689377996	-0.36297093450294593	0.4762829032644795	-0.4451607863336765	-0.2152019468511897	0.07236560465806652	0.08217135426998969	0.3116413325061752	-0.19466554365651714	-0.011624572096684422	0.29642567773462797	-0.16542640226437616	0.31425387368795654	0.12120082525563587	0.25324267109783355	0.12807129711666063	-0.45524727863357256	-0.14436363250214462	-0.05244294344692075	-0.5309855453161147	0.38030909262893015	-0.2630595307523002	-0.4902874960028508	-0.34213370489259376	0.1274012367796953	-0.08103333527159033
DTXSID2045787	2.3072885645445496	-2.8312796157685303	0.911930899183293	0.7568620977380324	3.4459946606983265	-1.8126726515489078	-0.6420856239648131	0.9397756100486925	-1.2588888480182248	2.6412301803742304	1.6496289330655787	-1.9621287561923573	2.091606195259199	-0.1467192545731869	1.6708551543774406	-1.345016230601012	0.4859466641669451	0.5787652076397527	0.6762640156820279	-0.6000598177430662	-0.11535677279247178	0.38754093478767154	0.40666248569746594	-0.2854689971088892	0.3939747793075762	0.29571995701856457	-0.18334252695562367	-0.9023931651225007	-0.25299005904841676	-0.14385202598981878	-0.7732125484490404	0.015488105569240483	-0.0996564488784958	0.3752264250851043	0.4916692692549567	-0.4534000637017185	0.26241937279830774	-0.011543541016130691	0.6625622804137365	0.4040228360259349	0.2813168694422124	0.4234941239103624	-0.7580720835991932	0.2257082139731488	-0.3095316556421144	0.1835788788940558	-0.4874394992678613	-0.42378893773560183	0.3715644096263553	0.40591314267207834	0.22166726559871236	-0.02928880479864021	0.10511526362008439	0.0862141764881121	0.063192796540309	-0.19744007979477143	0.5784580520194038	-0.17363138326314648	-0.24928954856052846	0.4515676929943086	-0.4042252820193614	0.12905177966066342	-0.13524732154939562	-0.5343928059590395	-0.10277673657588837	-0.11858451527573836	-0.6695078577921835	0.15517938388348254	0.12344270085746506	-0.15278624949652994	0.5552384035038797	0.08570110113325277	-0.2829149969064785	0.4287074929610438	-0.46995185629677505	-0.1944826128628585	0.16051987349427999	0.06691538287336905	0.49604735692780155	-1.1320197726417112	-0.6427684563699978	-0.9551509507339417	0.4086642709340156	0.699100147964758	-0.9266690380240515	0.2891927528387169	0.13858845491157104	0.4638069657891683	0.019487645305941898	-0.7269162775430207	0.34832767450751484	0.24472263366286215	1.199632807184685	0.10549046243689517	0.774789285719735	0.24135443730565778	-0.3500384698201281	-0.5341736214489865	-0.11549210281564386	-0.09161423002377692
DTXSID5021332	-2.046815564948346	-0.5735964300080921	0.04456462474846788	-2.219149739526886	-2.812261000785359	0.6957287053675377	1.1425136644805685	5.067611501052374	-1.7980104124339935	0.6895876373399038	-0.04716030494251912	0.791367193072151	-0.12524486710861418	-0.0520095802507234	1.8961642602051794	2.028586312994705	-3.492353493419707	-0.3141961793817713	-1.9527062710062202	-2.009514077315722	-1.4089589273209924	1.9279465353903766	-0.5638671470631791	-0.9495052720749365	0.5935114238004008	-3.620078143673932	0.30778126936527156	2.886216403954387	-1.4833597468624073	6.429572211507069	-0.605849457137608	1.8208759899918527	-3.7902821979827634	-0.767685850022215	0.5141559649379065	-1.8179422459196026	0.6258670576898566	0.552832001237165	-0.2853611335846595	0.9415176506932249	1.6502256277613905	-0.22178921647431066	-0.3646494226071634	-0.7360368125546388	0.9200216673930154	-0.5337834330236519	-0.40775060966853327	0.4884420860804823	-0.13403307527089986	-0.7834208810911727	-0.12128993742158617	-0.7922244122190103	0.06613176032666206	-0.9093338231310636	-0.04399266451497929	-1.4036212719790342	-1.099412396528538	0.6714274578249908	1.3698835330549393	-0.691202564579206	0.6950854230938888	0.6042986966607277	-2.6091308785947955	-0.008609944270769032	1.7109919919484504	-1.1442393609383754	-0.008325615175914887	-0.21321799412833498	-4.880077358731467	-0.07775576622006432	-0.9563238116695925	0.8689413954645534	3.9979431498762175	1.917887253080022	-0.8958557177192937	-3.785486453975022	1.247944177818182	1.0125311156407752	0.042867040511196636	-0.584623474899451	0.4336880804211204	2.0226004555460197	-1.0845588037740104	1.3298520738299813	0.9406984433185848	0.3223947944542562	0.717791797506852	-0.30647288995535804	-0.9613668833838036	-1.0700617640115342	0.06541070848817901	0.7621575700942242	-1.4509434514432056	0.5181181320581202	1.0619692641999467	-0.2835524518509477	0.23550867576961093	0.5917423676421872	0.47163902428627563	-1.0155349123266275
DTXSID6025648	-1.9256541183509701	5.449533547970546	1.7367427625424563	1.8360818689783263	-2.3101837357907136	0.7296530368684102	-1.0964476724483547	-1.813787657418166	2.2393386515765457	-0.4266664646335653	1.6848035570893032	-0.7744515797794712	-0.803452553165728	-2.7620264208687275	-0.5832365454947568	0.5244145551550192	-0.2682941213349413	-0.4367029855705035	-0.03274765785097255	-0.2643211335056013	0.28836588578330197	-0.12579411372282548	-0.8011846018675659	-0.4397610803405046	-0.5235023286745071	-0.30853715670410503	-0.5542280634147115	1.4689763399607143	-0.3175761558547085	-0.31616451481511454	0.17333614125501517	1.4313717583728116	1.0311178082964358	0.16632948287702942	-0.5404876865770333	-0.7073956965526262	-0.00513725126366305	0.9034770671189588	1.2349273569095702	-0.5731882107282679	-0.5749329063963458	0.6221521549783481	-0.7977790022590385	0.31406785975579243	-0.7413326482245473	1.1617466609660898	0.3457158048031841	-0.36042662396965347	0.31449897512473063	0.09289344962544752	0.2739444251142551	0.40017144790129533	-0.27448234408405986	0.36458838731319276	0.23521555653610246	-0.049393266492289915	0.2139294343427098	0.10514389691418594	-0.5145158567184025	-0.3910681851484149	0.5407646884808337	1.0190810541322288	0.09803172880261014	-0.8840771255900131	-0.16901887033753588	-0.7455909499886119	0.11871502672535302	0.29367172522078344	0.44131782998867963	1.4367950003459984	0.02287857987437655	0.48533050279327167	-0.6220156699099655	-0.2900016825016564	-0.2527323647784968	-0.5613714858528753	-0.585872927115562	0.3108124129748304	0.42495031133876043	-0.2900424741429499	0.242100268847803	0.7374638136374988	-0.2818081498216489	-0.25649481242469446	-0.2631516295082807	-0.49349977323828725	-0.2592548869437848	-0.07135837714800068	0.3355495917260694	0.4617724809451053	0.07389024679762898	-0.1887428934308062	-0.3714355890593879	-0.20319193180411196	-0.30110567614827205	-0.002229971675358917	0.08290947907458515	-0.13235382526137374	0.682973198332751	-0.039725882668206376
DTXSID4045428	10.934790677003074	-4.825206504021147	-1.6494028735076085	0.22521218823890632	-2.027184714686721	-0.49987451632177166	2.1867991508572535	4.985650874080893	0.6963938006136812	0.44099867271691984	-0.9219119580583404	1.1406782649726124	1.4444033715494828	-0.5180687043830572	2.7834454111824343	0.7426508726293922	-1.3209018168437476	-0.47113398613844554	-1.8117477542580365	-0.03932467862951392	0.3313842619272766	-1.2117324894582073	3.5325922750726613	0.013362458235020852	-2.524533776047557	3.077610709420837	-1.1534017209492462	1.625658856737629	-2.7340991092224565	-0.6488213343587674	-2.121401287548462	-1.8021971809636697	0.2824907570558325	0.6871182178780962	1.1694019966999853	1.1888716914545783	0.2635494391268153	-1.854817663860239	-1.6877870357960194	-0.05883289285800577	1.2010917127909997	0.373142080798129	1.6073899821358082	-0.3212920009532907	-0.42322318850801766	1.8588181293223827	-0.03639320995908416	-0.4348862281805462	0.3091474979846482	-0.5141773897544517	-0.27495438784254933	-0.02932954450281658	0.7202749752202278	0.09249107763974121	-0.02561144895345957	-0.11709013795903743	-0.28616331268379563	1.338083465560641	-1.6052326640145935	-0.6007768663204106	-0.501805123934313	0.6189902336476805	-0.10513284500174659	0.1355400848039423	-1.1678586659661485	2.128717598464082	-1.2778608650913243	0.14079667240258226	-0.09894240533702388	-0.07002130317041187	0.8772479407489422	-0.6628669449731774	-3.2946067522637192	-1.3034449639199581	-0.9706420355908756	-2.533269098624922	-0.046326173679766984	-0.8147992606900257	3.0419462944273064	-1.1295945049205585	0.23780709923869803	0.4102798458036442	-0.123559788398145	1.1102165095337861	-1.2138040502998284	3.5916074219562897	-0.8899784578715813	0.9609156679339315	-1.6620302265327795	1.3256991086572418	-0.15041962677957013	1.123215169674434	-2.2335721534606705	-0.8767302227102787	-0.6380185442800435	0.8547807368133562	0.8118102247054817	0.23841870492997896	-0.3012263238761518	-0.7741448260646636
DTXSID8020961	-4.201902148426817	0.058561583774805616	-2.7922106500078807	1.5420569385633656	1.6713879358993478	0.16121815395671368	-1.1610976547778715	-2.122030987099814	0.20765978191427015	3.35150235013053	1.0352796912782651	6.387134427493198	-1.488227761818854	-0.7018217286343595	-0.2865794905588578	-2.049010694916682	-1.5330976227650468	-0.38169268816157526	0.6813824326173699	0.15453374957186325	-0.28737729296198095	0.6043571981658705	-0.023678199470864747	-0.1894732641563861	-0.08765271099219456	-0.19661449466290773	0.4604460511646161	-0.47628718295865174	-0.17205528886439317	0.547540986435551	-0.167956111214505	-0.12360863445783792	0.3312019825648486	-0.09744091648841874	-0.8284337277833697	-0.5872552465131368	0.09077467744765934	0.21198583199998405	-0.14007117302448646	-0.0959815178580331	0.2362879749585766	0.12922998362268812	0.3548317942939558	0.2806463310286031	-0.16706136096735813	0.037245918480137044	0.3788995305878452	0.1682316247911129	0.0018858067721485186	0.10240899748763631	-0.1506596946609807	0.07130234284872392	-0.06054100788251435	0.13307673829254188	-0.03728001816011019	-0.20371895687191793	-0.12017958082667164	-0.26506454591128537	-0.3095931197610856	-0.2342662885591852	0.2753423114004274	-0.4049976289250682	-0.1887102096658106	0.4592605451570258	0.17198144128299261	-0.07631081618910908	0.06155513214517995	-0.273496316070743	-0.45693690031948686	0.12220809722022907	-0.02578707507663948	-0.5980524770987874	-0.001993672973292059	-0.13220200933164303	0.006779848697036075	0.51710224286559	-0.3175746964117933	-0.14103882476180896	-0.5177362114527849	-0.565476236038482	0.5361594896440258	-0.49350297882131194	0.6135160435045843	0.7439909390784047	-0.11617345922603471	0.5297625763855663	0.6107805845902926	-0.8736610712992146	0.8763184545016734	1.0746980493504703	-0.5332211197699708	0.4335759289420099	-0.30465750198082026	0.17749989448643178	0.03624620164226303	-0.674247363718513	0.15430530635587322	-0.05460885445895046	-0.02083216047876682	0.07568882715562122
DTXSID4046868	-0.9948366052100457	0.4692752694601223	-3.923229173872683	0.2082185841116197	0.25123027577412227	0.2538487003850418	0.6396936353384123	-0.20905633149343622	-0.11104654003648505	5.324797237649534	-0.6803829161126419	-0.8611909559203309	-1.2709477864329388	0.4370895557421507	-1.3149262411336295	-2.0322497175661987	0.9565693886698919	-0.06611299032170327	-1.0116298011753115	-0.88149248001142	2.3686548796149083	0.8158245286320823	0.22780529840787114	0.20882732356094935	1.1058359975457608	-1.5729991945065194	0.42991571341513113	1.7938774095667895	-1.1775218118002628	3.1124607575324688	-0.15499243729400936	1.6705329552129722	-1.169615196829813	-0.4896395290773623	-0.10587516380267195	-2.170782597253391	0.5983917709687026	0.5971970354565149	-0.26725073997765647	0.34697884760690745	1.5503213582569997	0.26513752436294924	0.5625640239429179	-0.6120410994399043	-0.2270581412096173	-0.23287995182447052	-1.014372908201164	0.2646030398832098	-0.2724282876065635	-0.6648072125269588	-0.2524860884882069	-0.8171096515487409	-0.08405358118289945	-0.10645036324318265	-0.5629113043208565	-0.6489213276241313	0.06853766913097725	-0.538678778979123	0.35591733125673275	-1.5564756106362194	0.1250563447546253	0.020734960549040223	-0.3828477377345706	-0.1119981712136115	1.2005120302166146	-1.0879968992720412	0.0985992883332937	0.18696619625134822	-2.3930114592279494	-0.46946602074012106	0.05487856983307629	0.13496902575064143	1.9021574771174552	-0.19105064182032414	-0.5812922605759819	-2.2986984222544473	1.1763911980806485	1.7849306253579817	-0.3199015885239354	0.033938603041140554	0.017190888126080026	0.8690971986997889	-0.7989887115072677	2.0208447692545635	0.47270776436718964	-0.19418710247551924	0.3727497552460647	-0.05127107191766807	-1.0232512988457214	-0.00681980311838151	-0.03395399231066109	1.158014973179726	-0.12034874605135461	-1.3210419388565213	0.5701421748503419	-0.15885165444348526	-0.6509213149284242	-0.3429564632010331	0.3404224316380586	-0.7321540335944312
DTXSID5041275	2.792848289343026	-2.8890459873274787	2.5932178081555772	-3.7148875409027533	-0.8540366609852714	-4.022160533821478	-0.6318186699097762	-0.02492517785871022	-0.2609363349697252	0.013707313171267771	0.23318290271546768	0.9058514630584741	1.246958132618042	-0.3289292274786406	-2.6428420578793688	-0.4079745122582293	0.12259166070798988	-0.7673069872412375	0.10015678351730811	-0.5196669415423941	-0.3070774416399493	0.15603391485102103	0.8263061831334956	0.003708268279176553	-1.5645744992075585	0.8039001571245855	0.6761759073524094	0.3220316263180572	0.4631098862477397	-0.2541199296815696	0.41825262600380425	-0.7185661572280015	-0.5531004237654121	-0.8696131724818255	0.5774925044521743	0.0007080491034464655	-0.29854064513349277	0.9674310290033872	0.05404330343906015	-0.12938410793681165	0.3652343560601128	0.6221902734213578	0.06089572620097216	0.3158480082179765	0.08481546791528512	0.08072064455484068	0.4933221453361161	-0.38589732530544424	-0.006401850609800944	-0.3057024757490918	0.1400036411283058	0.17870629373689215	0.07486538455453627	-0.014874074241786833	-0.512684713179253	-0.31209653328291437	0.08026373307164948	0.0744411922055173	-0.1388135599701554	0.004684851097592279	0.049740697888487326	-0.2671257225614004	-0.38122936762810816	-0.42781342331353067	0.0175553284202122	0.21746381856298147	0.05834951448453457	0.5153492665536691	0.17259935860112446	-0.04670121794601313	0.2792270724950335	0.10388992270276644	0.4534456073586502	-0.18731850817529305	-0.7335892835536142	-0.10648200867159875	-0.6600033262173766	0.045440176271140414	0.05272350131306117	0.550364467781664	-0.11990865982307637	0.8028891861390367	0.4137273063301909	-0.1646994854823444	-0.15393655346031576	-0.03739156983142997	0.5861784220129362	-0.29011441915938896	0.0019653876715094686	-0.0219161718502329	0.6938158248825709	0.15004658973975288	0.1785871021005274	0.13307445231603135	-0.41192263842221144	-0.1043526534894602	0.5054153838821349	0.3672014584111195	0.23388341923905254	0.20487248067197109
DTXSID4020589	1.0894573524576516	5.094130201480348	2.6223652347814226	-1.7123679096344495	-3.161276729343946	1.4694103310676991	0.015156392602428126	1.33726741063401	1.278516766305002	0.5152050126405212	1.339276038703758	-0.23853896445188838	0.21934260083195933	-1.8576916244864896	-0.8323731248446432	-0.200644234387633	-0.03148562672496954	-0.30863766210112925	-0.6106791234183913	-0.7140735585129729	-0.7917227343850504	-0.2791570668990469	0.7045392589008113	-0.5511425621541003	0.4106957233213869	0.06487790166249831	-0.08644666646220239	0.1384390556754745	-0.21498588452791959	-0.38913377134959165	-1.8620915246210479	1.1898606115499515	1.6547608516247836	0.9072964648958638	1.3857021991635334	0.7061709954873812	-0.22437949148139208	-0.271235181334117	-0.1955988550097854	-0.36252385021718564	0.5525579441593905	-0.6273878836054054	0.044497433085968666	0.10669996766421129	-1.0541217558314302	0.30547357162090377	0.26014633859704966	-0.34766015489240576	-0.03845153315714277	-0.39003779854621146	-0.04146088589075975	-0.13922640413374296	0.4770427180837074	-0.21573989208394445	0.21203180834171073	0.41407566692135694	-0.1798521658874095	0.48390263728473487	-0.46481539050359233	-1.2328620240349044	-0.24570509216662417	0.8636460328216123	-0.09410280968681269	0.42338501156548264	-0.16974201970091643	-0.22752327525513436	0.39457338860602376	1.955749436508641	-0.03771933264061626	-0.6702611784200627	-0.2748419503480007	0.3952877991195512	-0.47362346088724055	-0.6777936852205926	-0.7710111589216677	0.857115282224326	0.19655529691465448	0.37222186306829785	1.361061798527052	-0.5180433096424101	0.22025215781278198	-0.1079444702769411	0.4736943041446325	0.6601225410666874	-0.005591397138216241	-0.8593098856255696	-0.08538587875268576	1.2829002814066943	0.8452364137013985	0.26557140235216764	-0.03273677497049515	0.2414799968653596	-0.17963693058421115	0.04941224183342169	-0.5072322586305439	-0.1058105133086926	0.03468551321954628	-0.6366958004401075	-0.3001870868736806	0.6880563607976099
DTXSID8047476	-2.110667962911507	2.668707901279985	0.313376021951351	0.319616541878421	-2.479218511665472	2.469239706364357	2.132899689433894	2.993587054295317	-0.9686865361022515	-1.5691343778491724	0.7550059037524051	-0.5604235163003068	-0.6050617465273088	-1.6690437605795934	-0.7074524264785906	-0.904942942739259	-0.657999051366907	-0.3583716712303916	-1.6955022874520944	-0.09066929605925754	-1.638088850615028	-1.7004596238604988	0.7393952370293436	-1.4917005453120031	0.9593495558841161	2.29460815027382	-0.28322513698347973	5.4743296161291415	0.153964724861134	-1.0832802679726945	-1.508088814930224	-3.287846934799937	3.522960169150524	8.209659261552618	0.7375902825152308	4.881834829765945	0.8304500455333493	1.7915729830095608	-1.8966049236535405	1.362292037326736	8.436238812236398	-3.334706114399879	-3.3104910618908345	6.868544502224456	-0.8981851735324109	0.8536395450684591	-3.1340999636052365	2.418238417919969	-2.6482670428891923	-5.190258718684145	-0.47433718805712777	-0.8051605448660114	-3.483932731646	5.64024582751141	-2.16125841654307	-0.35280157239477267	-1.7948285258851275	-4.9366040688304835	-1.447311068435794	7.220075437946765	4.654515320476914	-2.4622817720651367	2.059332862960481	0.7773732623961379	4.355305602926935	-1.1651117953634602	1.6800242500745814	-2.8328745489233724	-1.3034581701851364	-0.399932243798153	0.8672191733134783	-0.3283968450276703	1.3585675073257741	1.3307869387708122	-0.5890291638630886	-1.1241719177848597	0.06872668657353387	-0.4280882043715093	-1.0251883242068232	2.078008350883347	0.5133280013919016	-0.909116843115364	-0.31045285301014974	-0.16509173274057654	0.4416384611713599	0.9738420554759922	-1.0079235321169469	-0.34738036023906166	1.5319944183442287	-0.5143027715514318	-0.8008184779486844	-0.3255641313581787	0.5880303974404228	-0.340289940398141	0.6089563361003556	0.34074947392879573	0.517068797820282	0.13197362310519228	0.019227583871098516	0.28567550211866216
DTXSID7048796	4.531651977076728	0.933319477007958	0.011309963013712676	1.0553175037481635	3.2875404857142887	-2.1097202334355583	-0.6241604797342746	4.0689751284933475	2.117887272322724	-1.4356581394866976	-3.7827724998408456	0.2097330223368617	2.1676216832014816	0.35025242105646126	0.6767020157520572	-0.29815245970302184	1.0698418475316909	0.2316795212578702	1.5385941989329759	-0.38591074570152756	-1.119640105865051	-0.3607332352987329	-0.09592292427250836	-0.2647666729073989	0.6410865714033568	2.2650314780123226	0.7389154382897325	-0.6536618188162706	-1.614488421148495	1.3972201564560303	0.7420411509663681	-1.7188752565807242	0.16802359815693274	0.2531469724053432	-0.050862748208946824	0.41599506873177033	1.8934263797936675	-0.9205800894856895	-0.21428067263655814	-0.8398434766573198	0.015175464831912875	0.48505117630036193	1.8641082540240095	-0.7466672524374296	-0.4224018891649498	1.6869686220988807	-0.5821618214153634	-0.0514506968713709	-0.02717109811972905	0.2026490927443796	-0.07865518060817174	0.03921484015866744	0.29547933932356746	-0.13708152191395762	0.3717674065758665	0.13489691802269868	-0.2607542604829808	-0.40883660006081357	-0.6639903085494616	0.7460041475881358	-0.6626006864489538	1.369481061517138	0.6099165476409171	-1.2367529097124352	-0.5834912515575863	1.671689767187447	-1.2887362129598134	0.12612586206297352	-0.255674053862564	1.5325178474933558	1.3513106819263918	-2.7991365804662225	-2.1317859018301326	0.10285509423615233	-0.506040224026088	-2.054257205030753	-0.5516914507527788	2.7399682235285048	-2.033465731073114	1.7752001575686573	0.20637560828420073	-0.9057235551242302	0.4477966924442635	0.9813187108045646	-0.9480256737541675	-0.16798076446125432	1.4088379001941094	1.691526952955386	-0.20949021546053073	-1.0389652180330262	-0.38170328429807543	-0.13690502506985977	-1.1703902006248137	1.2385886074054	0.3384237904074822	0.16311601075654308	-0.8433933709041739	-1.0821561614905637	0.6512820339445226	-0.26514559984785885
DTXSID4020743	-5.040245541988326	-0.7918818435098482	0.8708718321855334	-4.111575932349311	-2.6034490151203094	4.082821419478121	0.11523151634308437	3.2728105770421028	-0.21590595946189792	0.8005941026856723	0.19381950733330874	-0.47271899886206475	0.2745625102823545	-2.669263524471092	-0.7299278099845002	0.5460573193269649	-1.16636073679872	-0.6242103711586509	-0.5402021184709594	-0.35676759886829557	-0.09782634563039305	0.201275985866842	0.00340167186183774	-1.1974750185475187	0.2936601423520441	-0.7443283079044882	-0.38277227109446743	0.4816157196037501	-0.4746959192128035	0.4157661310042194	-0.36978210424817937	0.5747530584207516	1.3866836408138146	0.23630322221573474	0.24948851596171262	-0.38673649876868604	-0.21698240835647226	-0.8295820540170035	0.1622644757804315	-0.553818340187579	-0.034345345915524225	0.2051687889612602	-0.4091001797934703	-0.3625727865969997	-0.20054186338712704	-0.12140348413900906	-0.4155373492522337	0.22527880377189233	0.32166952565629764	0.06486449013842197	0.08839173124290703	-0.07836622949997622	0.19737866710076574	0.1055156943336736	0.5975051086941938	0.47015150385210486	0.5390503274976305	0.5104550819041391	-0.0946083364777305	0.23390070633780494	-0.9858425508106788	0.1016687979721344	-0.04640392793315505	-0.49580685830719967	-0.1514902439874811	0.27223759866437985	0.20119177463707985	0.5100933755131246	-0.41521334645638697	0.89277379261094	-0.37314701885368345	0.6755447861763876	0.04312227804544886	-0.14795806006899645	-1.3503375182434778	-0.42012109044424634	-1.0017644448971244	-0.02070350276116624	-1.540517020630319	0.5179051729413708	-0.46309113665974994	-2.6936312891801735	-1.62063028910501	-1.4082728912507014	0.19291071013306943	1.1613201278933545	-0.9745718370798775	-0.498078263891418	0.36430055271668504	-0.13653730434418848	-0.15191157501231284	1.5166796899509505	1.471690666969888	-0.32579716541832354	0.9984854274176795	0.6052722004783441	1.3364606878543166	1.785868260427586	-0.6231972543297528	-0.9537479741756765
DTXSID5044940	7.143363255909174	-2.8324506495306543	6.895433446058077	3.0082768692905577	1.7191218094000837	2.241408086294371	0.013075192545137643	0.3952652918769147	-0.9931151573221053	-0.33470677131394244	-1.2736377014810798	-0.3430748660200446	-2.2056770162829706	1.4259124771967975	1.1628401872632117	-1.5540791989691038	1.650318817894098	-0.8904224506824516	3.9739286230982795	-0.865077068899438	-0.43798837570761184	1.628126886780966	-2.068113368375684	-0.09641683411861814	0.9616954601025836	0.9753981727328103	0.06087408179100033	1.0228641119985966	1.1088683118297813	-2.6375744093057816	-0.338575258493827	2.0728605272673284	-1.7490980128429083	-0.28995887462968883	0.07476129182655004	-0.6758406619855201	-1.5484852370801834	0.9054562702288811	-1.835085573575526	-1.8300159478223035	0.49235061163862437	0.5537399971031363	-0.5048327565869768	0.5430977325588285	0.27701129688244724	0.44587324962616304	1.116084860577851	-0.2440352304347674	0.20470466494956674	-0.7881145564225487	-0.21404484601972354	-0.888173816569691	0.08564805839933426	-0.6717738855966339	-0.8470379070858476	-0.8119127132552864	-2.5911166122421303	0.6251329722918898	-0.35166198886110245	-0.9126623544631617	-1.3573292047201029	-0.2890904858361738	1.4748701165059002	-2.4126172303258513	-0.4369725428404711	-3.339329909636582	-1.9981220605001295	-1.1501839976859367	-0.16130254769188113	0.2996102803756108	-0.33588080697510636	-0.8192656942661278	2.1851546836387543	-0.48431308469234674	-0.6397506748255619	1.5200010682110323	-2.8643803686050506	-1.3600257226042085	-2.5445172788920294	3.240812504835224	0.37324850074978466	2.3884133120433457	1.8859017787449994	0.4721072786438997	-0.17116830455009197	-0.19478455007237255	0.31544689171113427	-0.6551673544827755	-0.48991346240121925	0.6312178303756368	0.15198212817732587	0.24224816118307196	-1.1757603544275337	-0.41324454123797166	0.2894438016582949	0.08202158860648237	-0.32956819998124953	0.5440278055222298	-0.09970918238052584	-0.7097999626265402
DTXSID0046220	-0.18264024047616753	4.347920455514698	-0.7341760705244615	2.2644136194395195	1.7751001071407542	-1.9677332729314643	-1.1706102859095897	1.1985356180187048	2.583072194271877	1.088020269091514	0.22753351271845	-0.8994262514041509	-0.11535105287980181	-0.8830381878371595	-0.7242750850766319	1.593627923607317	0.9572354618307506	0.6295538146030655	0.3577663103862149	-0.6618812443968783	1.0173955457562527	0.024588242366973153	0.9124493965437983	-0.0009488774816367849	1.0924624781025165	0.49232449757086566	1.1194202393321875	0.5049317680973917	1.4921330141722882	-1.4107082259134842	-1.0530016490621052	-1.23492183500908	-2.869101966739377	-0.08900993648655908	1.6950899113397118	-1.333609692860161	0.05769036744279238	-1.2109595145538434	-2.7707461941689093	-0.4604536416715598	-1.9890563702516435	-0.12022662294229881	-0.20352307507446818	-0.6185434440722472	-1.767435258515506	0.08898462454710743	-1.7081733022708043	-1.4185281063750907	-0.13915065478434233	0.05415187821658881	-0.024017670717688323	-3.1939644366564526	-1.336858757389736	0.3539881073407185	1.3953664911451908	1.1194759382931239	-0.8534950104233192	0.8841932641189022	-2.381772608391363	1.7673640398524115	1.5262865186836603	-0.08458582418803744	-2.101015936238724	-0.7457953573756391	-0.15284017540856099	-0.789889410356115	0.1390479146954018	1.1371028013637061	0.24456010604359507	-0.13821857659838593	-1.0371025513135812	-0.5866158896602321	0.645481096020859	0.5801419216957203	0.21657130255832724	1.0141877062055593	1.059978156824404	0.09222646229648258	0.15320744209827936	0.0674123681373927	-0.1469774305950385	0.3716904097870146	0.09614763908779082	-0.07350812061678277	-0.08130396538791694	0.475833474334416	0.9652461237008024	-0.2107075318574424	-0.11911488334322795	0.0690302130181548	0.2172582050425095	-0.0448008317442211	0.3031672243035664	-0.21345003392745973	0.4020116492566637	0.7457545408684934	-0.1315120263544766	0.027126401045002052	0.9036872313819647	-0.20984766673568606
DTXSID2049347	-2.8894625986096214	-3.7257382960441676	1.0528844812411753	-1.6442032958063166	-2.14771945798764	-0.9493477287217502	1.154872952600882	-0.05113581943004846	1.7843066074707747	-0.22849092676724062	-0.6887644422630496	-0.03693246570146182	-1.4331973680497976	-0.6816227593658083	4.439762434917519	-0.4446951082741371	-2.9308251305942075	-1.158080461774463	0.002865618330924195	4.4998010143020215	3.126056823131615	-0.910986631647159	0.4131813211211583	1.4260089264699631	-2.6483985310173406	-0.8493097836957397	-0.3245930611256096	0.8102973175159554	-2.0532993102394843	-0.2840861503805298	0.5685054753332531	0.2561075260046887	0.4735683792291539	1.1527544404078172	0.3869847247500026	0.20483338338311102	0.0112714079127102	0.0028647234968440407	-0.5714935942887516	-0.2428835519582806	-0.7251384599954382	-0.5598812333079201	0.27954306030892395	-0.328877061310235	0.07909210399212009	-0.2662462905035241	0.30065560141826714	-0.5429129162048603	-0.008201016265020308	0.18758095113064735	0.0306750560655452	0.045656997819950175	0.2564155651332943	-0.6513305388072561	-0.7045476968302572	0.3720162658104302	-0.4578162675729457	-0.5986077761478974	-5.662176957436619e-05	-0.10778307488814069	0.2905990987628834	-0.6619807288311075	0.9133237841318251	-0.10400048953744151	0.06382226928121232	-0.027664343815846978	-0.6007791858071664	-0.08326617186938728	-0.4457510265828748	0.3468501350595503	-1.572282513285775	-1.4664205961017351	0.3273668160506215	2.09037041026728	0.311123282036773	0.6614521255871885	-0.24437725159872042	0.6907324701228125	1.4440451976232174	-0.5910685138027699	-1.3408751130537004	0.45197439818271357	0.9839971884656032	-0.8413382795033322	-1.0676627985017468	1.9820784498298438	0.12524163879509367	0.2641014668825747	-0.4251785796401959	-0.29432652774817547	-0.7235240538672271	0.9252527224265343	-0.342767971941864	-0.507045057124644	-0.31339740891321805	0.5297365355547374	0.040463288428946066	-0.4228637037625222	0.2535777586875801	0.3418429320335151
DTXSID7048665	21.667536151250044	1.578226845011042	-3.3670518233947706	-7.076161146534258	2.131152867175286	-5.997814499299593	-2.0773138503254667	1.7034498960893	-0.43559706313975816	-5.138697187511141	-0.9791647056842129	1.3800106840101765	-5.559686500204031	5.343310836361866	2.9051703927115407	0.9518791946104689	-3.012329432829522	-1.2717920223612929	-1.434494628068774	0.84883960647184	3.6088592742809706	-1.2959334158362097	-0.00938168926599628	0.6930194189311045	-3.0562336621716275	0.33275602218084255	-2.763226126531812	3.6359159808500436	-3.6048994933050027	-3.9262606399794846	-4.497700038880321	2.6422670716387047	1.3121871951296882	3.8237073408044626	-0.4388568324058936	-5.464208675463658	-1.563348911310982	0.4736607432525885	-2.3904661052203253	1.548717707997851	-1.390392857132648	-0.23920292349110592	3.250480647681175	-3.181034879575235	0.6346465338033207	-0.6561577685333481	-0.960469947184866	0.7212456764637133	0.7782006618012289	-0.7251389055605555	-0.3355581781924356	-0.45765924103342637	1.6267632405652879	-2.0265989932898023	-1.54582540979647	2.2072733365537567	0.46214249664708446	1.4137943309903485	0.2500082335206886	-2.4025932972121176	0.8473882375914916	-3.2856312046114367	1.8051969659524225	-1.2065054573402656	2.4181455618636587	-0.28940507508386765	-1.262637020382604	-3.5991906653918218	0.2957484637058737	0.9010675376009494	0.4020897525265313	-0.431876230896187	0.6072573530551126	1.7490117291429261	-2.7903636580854463	-1.182204051254341	-2.4468973409901422	-2.267139981368832	-2.2409138249653693	0.3286514173767936	-2.0285284312667833	1.562832207683051	2.824598516113668	-2.3091082125752704	0.11869917113267084	-3.6009360222356697	0.8057073771765564	-1.4733115931050462	1.494273044991739	1.6813698677256075	3.75522539115964	-0.860543435242475	-2.48427870747757	1.6668932759886261	1.488365859280977	0.7378954963006654	-0.379252717174828	0.8724591632329044	-0.2534571855138331	-0.7432587313987667
DTXSID3047059	-3.7764934496227274	0.4643316936001077	1.9295730203519024	1.2489599144249257	1.0258034801231675	0.14276906345107993	-1.5708260378232408	-0.40871304037368	0.5624477909769791	-1.1173548111998979	0.6173944521979534	-0.3562283918564842	-0.8559371143898876	0.5209019273829273	-1.1863641415028576	1.2567203837362744	-0.5308481552288952	0.18536008765672524	-1.6169799707669223	0.5517430614579593	0.21439338216123063	-0.3850788033639629	1.1608664121019727	-0.22141708449238995	0.3172277788228697	1.1565541680550855	1.1311094623143825	-0.987134292754356	-0.1030394596324064	0.4096898895659466	0.18413201935707144	0.05557774305320063	-0.618717897373391	0.01169257136973415	0.8242257329921093	0.23966177555585458	0.46232172859983367	0.5664897216660674	-0.11846053637361328	0.32240249605541976	0.04385371066142249	-0.038064470640652374	-0.07462906680792877	-1.0318518525937799	-0.2886224322963156	0.03362165642627239	-0.13089005785456323	0.29969235352431917	-0.31090432924508965	0.17412245676824267	0.1136030240313969	0.5267661945305411	0.08217262600621036	-0.03253591401259698	0.28218724408152945	-0.5118507295772164	0.7217290317300072	0.03930243338538653	0.10861046779090967	-0.21079077688939796	0.32596567418150485	-0.41272553449993205	-0.4655417394742992	-0.22411215499928633	0.3421542680736371	0.939566566566368	0.654727913303064	-0.40200237499650315	0.36053105962662974	0.14091049348525028	-0.14572827960008666	-0.7074087204320905	0.5699936502157547	0.1071043714212219	0.07793278628436479	0.4537337913314829	0.07345919130741362	0.12637137409781485	-0.23177300366465858	-0.1397314257344593	0.11732454050446364	-0.05072991205524866	-0.2158456499627008	-0.043509516740041825	0.24399336938116767	-0.05601403988368423	-0.002528561599636251	-0.08051045224801241	-0.26796937084970535	0.05797092281341145	-0.5464219037890758	0.11799986386436793	0.10137101073787047	-0.08568435946901491	0.1369768255394096	-0.10362000583447636	-0.2883506850938851	-0.2512076094112967	0.009333310730932538	0.03131894182154047
DTXSID5041306	2.1095428291482134	4.011466291396182	-4.343517413863978	2.9094292155380392	-3.757373298019759	1.0418449834907977	-9.499988581756217	-8.815970156474547	-5.779800034723228	-2.7522432006029094	-14.014038387808288	-1.168008337479317	16.05839500085505	-0.21798193258036153	1.002898789599402	-1.5196551720711136	-7.40578575692319	-1.1141317513725426	-2.1558848134113	3.1673043653145965	0.9381364131568979	3.8606399826950364	0.8929504901300301	-2.757837710174577	2.7930787151886953	2.149275857098402	1.0415240741501792	0.863934159981392	-1.0625121738759646	-0.9301474511347597	-1.166786475482375	0.7189389004790793	-0.6045290450744157	0.8988563203602694	-0.33125424287778904	-1.195307539693641	-3.567419671257914	0.26625479985183725	-0.3966819036381271	-0.535790530364508	0.36867804461710557	0.42824036156165285	0.7114875301297905	0.13453835092133637	1.0643074930480823	-0.5799594029928755	0.02212497275803844	-0.3368357671321378	-0.6346235750302772	0.47320821246389394	0.055866023942505436	-0.7863713196355921	1.0687424994583894	0.6501565463678669	-0.07369740613477688	0.08905685319549414	0.9971845770823348	0.23145147100874283	0.0941518826229453	-0.31559516021031114	0.22266475440768335	0.11676747079402068	-0.9459818205573564	1.622943154348896	0.8872759434775687	-1.1793711542434144	0.7805759081536174	-0.7212238434593192	1.5367153562748774	-1.1358916164753898	-1.4634633167723918	-1.284846755825321	1.1513867025255413	-0.32389351771410546	-0.8732483466322373	0.8254293049847519	0.98068754783677	-0.21142054794686838	-0.781472725958219	0.6759321144434038	-0.23078607324142286	-0.617563655257043	0.6923735812633132	0.68117723597196	0.34947902473214254	0.7972202738768627	0.039345573662344265	-0.4871829735935617	-0.4786955480039578	-0.9124784922540555	-0.4867319627496096	-0.34629487199755876	0.19854480030751764	0.045410830203889425	-0.19949711704631679	-0.9657975432175603	-0.37115135731620535	-0.37108290238431324	0.5743869372526321	0.3026543731234775
DTXSID2023353	10.862824374646229	1.3837770137515084	9.308103160195092	4.658524319878828	2.6902160136828415	2.095259113499347	0.24943816370026525	-1.2193328040515332	-0.584872412640879	0.912249508098512	0.009998266296801485	-0.48883755202463036	-1.2528666779351527	0.15986715004706847	0.18487695319304268	-0.36850744620531023	0.0966569380020105	-0.3459105228700181	0.9714670270832007	-0.6144386883710647	-0.41118179524211207	0.33468912258684874	-0.2555907447775816	0.4720372893910968	0.6730708422575018	-0.15465276524645166	-0.8599096182501494	0.39537612310086445	0.027286116460140727	-0.496229121361011	-0.7476359492901826	-0.12929958825401303	-0.79926446032376	-0.530406514427378	0.9832261687506595	-0.38335625778545346	-0.3487360147758471	0.22065533756510802	0.9186530154718678	0.9034654414148199	-0.6921693917036891	0.28295335467592136	0.325747021863159	0.6289056357474527	-0.34561456865069623	-0.19815404031083506	0.1876362232707504	0.12984908543631388	0.2470732483672329	0.40171969977057254	0.14396752148468014	0.3240819390430117	0.2235321861023258	-0.5054623070930183	-0.0952191251778752	-0.6086512859364311	-0.6840874020350557	-0.5549631786628013	0.33272010970263144	-0.4616902822296156	0.2015530026019446	0.0601728538337184	-0.2419007688296877	-0.977318111988798	1.0188554624046051	-0.6087396406537186	0.713424615147929	-0.47550296928115326	-0.5235006111444908	-1.5169046804111677	0.0525266395964674	-0.20558910059576566	-1.087106238034377	0.49967405773571727	-1.1486965654328243	-0.005210420280970926	0.10636358076238794	0.2878964908006879	0.03109490026367883	0.7646287389651084	0.9433608291163212	-0.1378982813589683	0.7416737396250288	-0.5552067940065898	-0.6324013042297495	-0.32036281725614996	0.23325406630724552	0.5513908290687825	0.644765554386291	0.11768513549448102	0.36362250565079296	-0.3272494893850972	-0.3302367609841938	-0.5663226531845857	0.18228800706423884	-0.3026184938390314	0.234804517063273	0.09807885541406255	-0.07133033638372244	-0.005542816148673922
DTXSID4044828	-0.6206229849182244	-1.2331232106586754	3.963152397690203	-2.937982896265825	0.41721301458358556	-2.756778909699544	-0.12641825691073416	-0.07161408374645728	-0.17511450755559277	-0.5172334960756552	-0.2732140411159423	0.6709801059710335	0.37929111645036545	0.4540559770255486	-1.5149397720435496	-0.5221155402399444	0.13655786419349022	-0.8933698323180875	0.5638386499118854	-0.3382271449000615	-0.15268163485882502	0.1867589188047037	1.1590913600832702	-0.08808307905873577	-0.11419671018722566	0.5520765624045145	0.029308321257891217	0.414977107983201	0.27667313636259644	-0.018310814396852445	0.03685230420110452	-0.45044492205274805	-0.07012657218372423	-0.4976093622975889	0.11090799497418193	0.15395053912878948	0.4638093843916718	-0.038011715831737396	-0.11757964891396597	0.49237109893808484	0.050483682053837214	-0.2380728714469835	0.10958236651282172	0.24221815270988503	-0.010828262004967282	-0.3619945470289702	0.10568597020635438	-0.18697950874078215	0.052731534323575024	0.047127415671161174	0.06694429689834597	-0.12871887329673384	0.27761776315980835	-0.10022701246184669	-0.022766087714019185	0.0013583389980427582	-0.033796307400802986	-0.16726742236702882	0.43370385415582513	-0.020584131169118947	0.18397973446350102	0.07762208124282276	0.04126251711729079	0.529995187457184	-0.13189964739304447	0.09875419112120631	0.6809163892293171	-0.6047624537920608	0.1327430640757953	0.24772290223354607	0.4369990961152574	0.009433570034550701	-0.2749462762457594	-0.013288430955918862	-0.300665449585163	0.16204005134534177	-0.3737099598628088	0.1996604785482851	0.22372753965783207	-0.4519981054165758	0.1684227610102241	0.0694431748367404	-0.07793438416232526	-0.03938243839611102	-0.12899365440194546	-0.3374632684824574	0.5162529014779428	0.14917170187450804	-0.23825148637528176	0.2692551485034489	0.19063121252260298	0.11603056052216439	-0.5583101826271899	-0.6966117336037941	0.006171956762733492	-0.13907679952999497	-0.12112767584623348	-0.04565740280942667	-0.09659764271286714	0.1706685828786613
DTXSID8048860	-1.3084989757616856	2.5855739302894993	-2.403350229836346	2.9849366125246837	0.10694328574607491	-1.1170214633885864	1.9773843737605874	-1.0601758497172127	0.10068816373999939	1.1983105407479466	0.5052756403702585	-0.2470365910357285	-1.085621707466155	1.6228048151557186	-0.4050977544829304	-0.7187421613437105	-0.40717305993325376	0.4890034734929385	0.4613198384593837	0.42462269030487104	-1.2285844807624786	0.20883190858206707	-0.3999305421832972	-0.11649486665369353	0.26684779306220574	0.30070011694035065	-0.2930695846869654	-0.31159937445139135	0.052328238205694086	0.18102458379050157	-0.16143444929860376	-0.862328147579498	-0.9085357403572777	0.007707179592473304	0.4629373606112342	-0.024498337463152272	0.04431293250170032	0.17044036556629188	-0.5239323181372202	0.23178741526774535	-0.6084519047503182	0.11455176632235002	0.020235639653709357	-0.5028814997349692	0.7683328021708177	-0.5793499834706749	-0.20077628650065046	-0.7422903997312597	-0.2222076769865182	-0.41551528394683657	-0.0814010714625188	-0.38288064365207064	0.09854938832643262	-0.5122942744278483	-0.7894560438546092	0.18327359607469734	-0.3733504403419134	0.1581708444339686	0.39465046122827774	0.5283829796740845	-0.19398099512315783	-0.25040384842680125	0.09494113277778966	0.28409091634870265	0.5485228220696043	0.26711614233227143	-0.5134526700453592	-0.8981895949540103	0.46716307960945824	-0.26230248950845153	0.26660183425290257	-0.685500354143431	0.8327529301925536	-0.37987650909194337	0.15935664755825607	-0.5776114836286598	0.46711745769048335	1.1928552534940913	0.530771379899709	0.1964406132896765	-1.107527697487563	-0.05804319340702724	-0.7467508657140246	-0.38683414418313744	0.171647807938028	-0.22743181968747903	-0.7605529711588068	-0.37169198384656543	0.4835182192613341	-0.20886996514915243	-0.2737565155208654	0.4893202151298557	0.3270481572771736	0.08493269175899654	-0.02066658833803358	-0.35233977993661947	0.3707331365448961	0.20350106702028242	-0.7306233220909435	-0.48552976786960866
DTXSID8041909	-4.219840711166496	-4.4434180628756925	-2.0002631556513144	-6.114469310140662	-1.153003418641983	-0.10619715462202822	-3.454228873399145	-1.1728265808522118	-2.991535231193986	2.8762822164668775	-1.6631082952131249	-2.733171160595712	-4.176236959419694	-4.900594154171724	0.5812494925665629	4.376465056451484	-3.7036484733840704	-3.178956229449656	1.4294540724453992	0.5260899904295985	-4.086816672324395	0.23301424485018646	-0.6067416221317954	8.064381026836509	3.6897196953961555	-0.16134105396077414	-0.6798246505816774	-0.8527973640107593	0.17801360708850114	0.07795810523204187	-0.11052672296249129	-0.7647634001043058	1.2177507193520596	-0.44297942852302136	0.571237010980028	1.6947539248757268	-1.2915123520254614	0.20873919908769428	0.047971469337198924	0.08043255003833842	-0.07918077654272263	-0.0972961926743054	-0.07410138877399437	0.09845096359720654	0.2742597158498698	0.4209611094031408	-0.1916430410691353	0.4444509362669265	0.30069542819087736	0.3768497464352056	-0.05949531165717448	-0.08995675419798349	0.41476869890793133	-0.021873460029722853	0.37684285607558016	0.8068585534869247	-0.6096320483076553	0.3408553400445905	0.24389709052148714	0.6261013001003026	-0.9079448385093795	-0.3901192661552035	0.012173272641689355	0.4351662681892704	0.35860446047926003	-1.5072365599476338	-0.8472576848119122	1.0166114991242319	0.2895650849257509	0.3582682331190323	0.40333338397829765	-0.7251576929539385	0.040652588151855275	0.019365211591391263	0.6585162692557813	0.8814679980179903	1.483099118983451	-0.44925719442330503	-2.023150207309036	1.562240452835511	0.8905866162342441	0.6014205792867345	-4.893104771205521	-0.22162743272225374	-5.999444202038723	0.3648206661391385	-1.369578858137381	-0.9515122435603323	-2.577208817052882	2.689811729734451	-1.2627616465620801	-2.230858109863577	0.4880144504765687	0.16375215313797137	-0.6017478328308098	-0.8770057396743826	0.6442267055222096	-0.021319365095646466	1.0881014210246227	0.7348043959219621
DTXSID7034252	5.567677052013165	-2.0958444311990894	2.576778206777364	1.277363467721218	0.5834416134179475	0.11528028965544983	0.33638292463136776	1.3569355875402138	-1.7798685825124847	-0.1651292334775829	-0.4373210756666266	1.1555315913050859	-0.5720966210358307	2.0295724017456243	-0.08775924799548862	0.6954776223914783	-0.19835018943597033	0.03967149893626699	-1.3994479882862871	-0.28978461305155745	-0.45985289725609674	-0.6860102987427614	1.5561263594598218	-0.031630557257743705	-0.02116062926356225	0.727600964092236	0.836385404476739	-1.034468272410684	0.5079159597172959	-0.6062135827958967	1.1020164568552973	2.179854528302173	-0.7266354506457392	-0.1563977997550564	-0.777464555848251	0.1589990075733032	2.3429249934897745	-1.904571916890459	-0.37096149998583394	1.110010052911181	0.12112293933296091	-2.9885529444513206	0.5550630058490181	-2.072400220778525	1.486618657502796	-0.7717334839361557	1.2235103465313995	-2.308605881005021	-4.2677440943865	4.208977716673114	0.7072343357572541	1.5426754706775327	-0.02562941076005107	6.223561205549142	-0.676410269558721	-1.8014479085376736	0.3371171102868455	0.3778468375536209	-0.016247228076693612	-1.038788215519106	-0.6052663808723511	-0.5627512912656135	-0.43140608787613494	-1.567863701604222	1.2878553299374578	-1.125481272982869	0.7565385565445772	0.32112117346837965	-0.5300337461347724	0.39592712701629323	-0.614041373266513	-0.45728549729679147	-0.42847619341695026	-0.25327043477415107	1.1430072644784801	1.0211028167455076	-0.5588615113556629	0.28290156693036933	-0.7107032718169674	0.84949324382864	-0.4825747155250187	0.35980808588170254	-0.16030928510312492	-0.026001260887386107	0.009930154583328727	-0.15469506950667827	-0.6209318576086962	-0.001239875972071558	0.005671293831341868	-0.17918328037666076	0.5685693788856568	1.2754092780154125	-0.5630425919385449	0.5103993268187536	-0.3080069603080149	0.0157705103398801	0.29161142329457224	0.24096482340441966	0.20623309937039502	-0.24768145512482162
DTXSID8022082	-3.322567824764663	0.9113977954967906	-2.1025788665759544	2.128999715241633	0.6328536047273727	-0.48436980185980333	-2.905385719794653	-1.4034663418626383	-0.16159607267595852	-0.4851276673957514	-4.343870518991908	-0.8524862359800564	4.217227220809499	0.4704057380587036	0.42933009819653345	-0.43463428217568045	-1.1002325400419672	0.39367234166739284	-0.2136598512101252	0.6099822947668385	0.7643535818303631	0.9465090037595487	1.0952239476202519	0.2661355148417008	0.33273236393707956	0.28233475911988365	1.2638388259569133	0.6065498132132208	-0.3431074039991686	0.7370375944246801	-0.3367504796975516	-1.0186636587703293	-0.3339159593715514	-0.6100447708346767	0.06757772292397254	0.9439239754339057	-1.614362948836852	-0.2598634479534758	0.05691138506552537	-0.08864409097275551	-0.18941688383100164	0.8866155253860806	-0.43301576277683046	0.8101270997433101	1.1261269472574804	-0.765796682122091	0.7864772159496473	-0.6403753514778104	-0.0886889388190402	0.7147559622061131	0.28640169647755037	-0.2559189303380303	0.782455291980039	0.39331857742371623	-1.2391287392582437	0.5600649605344329	0.04981394869903761	0.17873300974365103	-0.005781459032274132	1.0076986120752036	-0.6186601114426745	-0.6084172898338523	1.2833152199672824	-0.02470971059424815	-0.18111961035482596	-0.38061090768870065	-0.210173669501708	-0.547273445359523	0.37539577310443895	0.678125975268059	-1.6470007345926359	1.7523802561536757	-0.0505206696237865	-0.910326372410732	-0.22371537740008166	-0.8465345209103979	-0.4716307798717237	-0.1576468759500883	0.29219794866640336	-0.6305141658026031	-0.1799534931703275	-0.6942998876475506	0.5714829068888326	0.42208746972191014	-0.5655721005191757	-0.20257027267504144	-0.3389117598403936	-0.15718688708134002	0.28029727306739266	0.1412693268458326	-0.002483029835697999	0.08722618510592982	0.392202288598688	0.4257516401202623	-0.011546676175751633	-0.11008000448833963	-0.022730020404782454	-0.30952830721551694	-0.2101625557651146	-0.2693054538099054
DTXSID4024721	-0.9963375655714282	-3.58039381590217	5.42725509360655	2.9772172925677483	1.2212674522681477	2.6608912957823323	-0.04463011581145327	-0.7334942866310956	0.1439941635609355	0.41923935546633173	-0.1702837336930484	-0.5130180587427766	-0.7033274009293317	-0.5879884558477363	-0.12923448042288052	0.2230289921948705	-0.5508285856926647	-0.1456392688257	-0.15713219266555975	0.8955107788590528	-0.13538221944047618	0.49257904711892514	-0.40355473870475755	-0.5331024565273436	0.8724223718973501	0.4613699447279736	0.721953656665037	-0.3433523889444531	0.11650206373519742	0.5072830444883483	0.6825385770900352	0.5608215181145004	0.14125053249628322	-0.20745737705999392	0.7956528967140212	0.7089673587424802	-0.443026778580156	-0.1972980471517665	-0.045406002446370095	0.746470969046457	0.1237203484900976	0.14170470643104185	-0.9991332863444362	-1.1302266314078036	-0.366205263041946	0.06308779571881722	-0.16640630941942372	0.7354691224383775	0.19203137678316962	0.11848439309716866	-0.018956925386229773	-0.05410393578199158	-0.060453763974918584	0.1192937627936722	0.38759847960492433	-0.2525788420759013	-0.15157149215359092	0.4425527542469573	-0.07407654737335001	-0.6163957881741645	-0.2749751992456532	-0.6147532096394682	0.27889814482357406	-1.1640987746444944	0.1908217431932395	-0.7782741382659447	-0.09307504895695175	-1.5146937389108865	-0.15486160841352858	0.1668842099559786	-0.041713698199839666	-0.09553841689824726	-0.42645587846478067	0.15059845890306814	-0.6158515958624002	0.8787679710032471	-0.7639569682880493	-0.08415636586294674	-0.24047244798390624	-0.4986523175080698	-0.6790805070892311	0.7150639680432795	0.5744929334146913	0.4135584059957191	0.7651238387387702	-0.6211778903344848	-0.320625551352185	-0.38716753455715025	-1.1101973883479213	0.0513450429161783	-0.8943643669801679	-0.061941627883859825	1.3983948392311911	0.7236076837995611	0.12796901400845934	-0.4032413191521231	0.32661604292022167	-0.25654611948519823	-0.8809412051188376	0.32176009022200147
DTXSID5049027	4.756297563705955	0.6832416843180995	2.5192408225127574	-2.3725624040753006	-1.203028011325913	-2.990327792317357	-0.4344683417179263	0.5620295863390318	0.4502395366366021	-0.7908917782470123	-0.5796583604592517	0.027251236775565027	-2.3337626183227465	1.3948651236707723	3.7356303440414265	1.1481371434525132	-1.5592076316596943	-0.27721960147855024	0.556926043223532	-0.4679755510512335	0.5776888375259677	-1.0296392358739124	1.5676496452353936	0.857025301925863	-2.5571907690559272	0.30364093656725827	-0.04123172638970435	0.003774661782680401	-1.1666192526533186	-2.359580879555952	-2.1434293334638466	1.3504640576259765	0.7387630111213928	1.9800100735640271	0.20346688563205392	-1.4748467974529211	-1.1114470935736127	0.9445638299978041	-2.071170098584414	0.49691190526554024	-0.27576875139857815	0.34277981819779363	1.5712982004758342	-1.7771108044626907	0.07913285766116333	-0.09077787061058679	-1.1720615797878937	-0.10329182421144421	0.2592981515457499	-0.10031229479008402	-0.1945550799430622	-0.36607511932716413	0.9241078589427932	-0.7575719687606054	-1.3647643264045966	1.6617421696466723	0.5094931644634944	1.135501659621175	-0.42309365892938583	-0.3055303580848399	-0.14096708807020328	-1.6168955885735519	1.1311642506835307	-1.4170296952700727	0.760605974295276	-0.03893265681150881	-1.3686730087452283	-1.3186338243020292	0.9070125093578193	0.8232976646055147	0.17278773320931193	-0.8396382089333941	0.6464339135202765	1.1122622019207427	-0.4601896496053331	-0.40358038753613223	0.22602006550779447	-0.536742289664362	-1.8561728565936786	0.02419052405789118	-1.2092459225756265	0.07423905451370875	0.36170868898659203	-0.36018280794861757	0.11199464968843012	-1.1100260078523043	1.3490691565231068	0.6455455479004151	-0.2180549169741486	0.06299842143780704	0.30004937794431946	0.3168748775722501	0.36735240415375936	0.03814295549295497	-0.5267421074393842	-0.29380025121255177	0.6344771937326782	0.05255318192929649	0.8481212319471495	0.23586671952837585
DTXSID8042218	-2.243763570430279	-2.1062908162020664	3.030152200411296	-2.2478763990978994	0.4128719227193656	-2.062944229545219	-0.41209370892478303	0.04353537156956733	-0.054838697240427	-0.7065214219725259	-0.42557744781247825	0.4132124121557501	0.05502623058127969	0.735838594316424	-0.8660247874243047	-0.300244893957112	-0.051334715832161544	-0.5253089911858069	0.6699229484701642	-0.39293910050683817	0.10268068958495287	0.28497925745143593	0.5352442019496573	-0.3824067231773463	0.2928357479047389	0.25642003081265574	-0.327657529140978	0.058915457600119674	0.21944828849175504	-0.2776351583795385	0.003217661628492033	-0.22543439340371632	-0.16449017443963976	-0.5705249223352923	0.15009565200627592	0.06793485416085315	0.31966414251731784	0.44955118327054006	0.2847252976161143	0.43061807475656116	-0.06032082547833607	-0.03966226221573564	-0.14275893399630737	-0.1373174020077774	-0.1143748977228424	0.024370409581348056	-0.0899116759684437	0.15036578025672973	0.1766017175130298	0.23467856681342628	0.0711026688513251	0.2031626058065384	0.13250921313459013	-0.11235586933086648	0.11054332701681019	-0.1776419687267111	0.0852258149004081	-0.06489129025201211	0.1999812337278345	0.16766311009373924	0.0354869871095168	0.08090776441931252	0.17421133023234894	-0.08770011448766787	-0.012975515372995966	-0.27306910829340386	0.5927052221162982	-0.46178263740493974	0.17706555960099593	0.5297210123745976	0.5804217570905625	0.22148954890575723	-0.1772532878244198	-0.05560009811547505	-0.9589897618378076	0.10849201851224642	-0.09095995040056826	0.06274447296931798	-0.01620496977888845	-0.00011513378250809575	-0.31548079766470655	-0.44549157312661725	0.007017015710806569	-0.11084798348898482	-0.24057835933966207	-0.07249484971935492	0.351388708123904	0.6696940391236512	0.06490054542778093	-0.01907400671405833	0.13751588906915663	0.38844007562598243	0.0749913608530397	-0.1306489715622069	-0.45506911057295496	0.08796663946310126	0.011199229170859653	-0.03305314967831263	-0.05055595623253013	0.23731774895585306
DTXSID3049332	-0.25430947812012283	-0.49198531226883646	2.84737780052778	-2.331976160840402	-1.4382354927600602	-1.784907390849665	2.707215130896085	1.1951403776320673	0.13575802291963426	0.07432779588484	0.3364129281787355	0.7326751844672238	0.8224713395091419	-0.9007054609385539	0.5240532263594015	-0.36554353044481663	-1.2871441792808187	-0.6934250048980252	-0.6263264512208043	0.37325065901044185	-0.8274052864913228	0.3490533928801249	0.7819017681491637	-0.3706815970805035	-0.3252564020952265	0.6976367939799364	1.3211938255810507	1.2615481923622858	0.29260737016812716	0.18585653272745845	0.3854045019612328	-0.6480278170826719	0.733855216031703	-0.6096869662007962	-0.11111897113223208	0.4463795818114997	-0.7655830725857872	-0.5282583462117638	-0.04265773449517479	0.35057401509218206	0.7577938983351493	-0.20090522713088463	-0.41164160967260716	-0.006865802312631841	-0.23794752307086783	0.03397141257493772	0.5532727953984974	-0.08909953261042036	0.04064771731982252	-0.6079227486212125	0.012125161591065104	-0.007965112131210112	0.24897896836959968	0.26912846941499674	0.17810182058885948	-0.37415063254952163	0.10735392777740618	0.6352602728326725	-0.12999579073625436	-0.4426220853857483	0.06284558343808436	-0.2859752148999695	-0.7964500746081898	0.574863142965372	-0.08715043140481414	0.3839384354489735	-0.01590159301393762	0.6314410924673105	-0.24641154199156506	0.08267014728538827	-0.19632739981619923	-0.13107997386816778	0.1299368459346973	-0.9017292221820337	-0.152389582251631	1.202301346416845	0.5678849043031596	1.0593089140045207	1.3863033730995464	-0.7183646799605743	-0.10867318600848302	-0.16117929028954453	-0.08494694397545448	-0.23510012312749132	-0.5432298738937748	-0.13544048510176537	0.24649635268949172	-0.05017694419746852	-0.056500087585922835	-0.7865796685935945	0.38367839571394435	0.2153310882425354	-0.11987914948218355	-0.200370010641509	0.6150922736465174	-0.726451632581891	-0.4467935284126198	0.7152786436659737	0.2722927952430801	-0.5128494057014014
DTXSID3027085	10.128564701327369	-1.916778214215607	2.0367780037494296	-6.866332292070018	-0.026630995650000284	-6.542194896946457	-1.5555271931636472	2.8089084329201794	-2.3477964103317692	-1.5707947176704216	-1.6142316091494293	2.1897990078746914	-2.0115564447714087	5.080510077523773	-0.6272369671380541	0.6536534594935342	-1.7834608226851714	-0.3732849656940459	2.0036456960427262	-0.9631052847640913	0.1841902787727582	0.4009036382697513	-1.1834034335573216	-0.5667772525574154	1.1210976382874882	0.8190474628887626	-0.66770145728587	0.45737992873752836	0.22693834339704405	-1.2498876422606042	0.21390488960323994	1.1532211715677487	-0.599076108484204	-0.11527135761392816	0.6460028206754723	0.3263768742188066	0.8222073011977743	0.9188808674373486	0.6929645866732134	0.6367654647631302	-0.6034352486892152	-0.9352238277467748	0.9575835407826367	0.4631220946037614	-0.5142363352429093	-0.2430210121757442	-0.3621515398506749	0.7285010104978288	0.5210347671209301	1.0494670077324897	0.02953577928727889	0.5382331213298369	0.6563176345902552	-0.7172998547870288	0.45616248107417984	0.09386511860605802	-0.5872501025728968	-0.49051764894222427	0.6762940276964906	0.0831653208307021	-0.10095310493780484	0.6510518087365378	0.7774754834654264	0.570706591375666	-0.13513119118322017	-2.276172762488486	1.9477360489460058	-1.142895612716736	0.2142730258609951	1.3068374876299012	-0.03994195567466804	0.7227640244832416	-1.2360809022747876	-0.11801686706254029	-0.6262393561518416	1.6756557879504435	-0.43174025634473456	1.1867073510565342	-0.5028428417493221	0.6937151038502382	-0.14493710543698496	-0.10635262506282077	0.7268447509199434	0.8437776001381657	-0.2405900603217073	-0.5903170362246501	-1.0040550102406944	0.7916332429234788	0.25005832445930987	-0.06861835342223332	-0.5394418221328147	-0.07245921218511812	-0.24430149500068477	-0.42906141791101876	-0.9694075397525964	-0.6389636955887665	0.8155423546085232	-0.008848531035027613	0.9334852406094889	-0.17253350631171405
DTXSID4040713	3.5371686181321653	1.5333203906247521	-0.9398767741534513	-0.5345753812058069	-2.6472889569408875	-1.1944931872898936	-6.032073401337898	-6.889838384534002	-4.341945723429227	-2.4986382156441436	-10.823673184026102	-0.452610457707223	13.116753563166368	0.687496932415504	-0.3872950566914596	-2.1891673237471605	-4.488673545678847	-1.3659945221693963	-1.06835201359188	1.6780546376597536	1.0777788105272805	2.9566963921834013	1.483656836297315	-2.0213313034623663	1.7235171865158425	1.5025245216939298	0.49007967664186025	1.1869534597731708	-0.6898266659227502	-0.6110421947976684	-1.5306244518898406	-0.27476801614301694	-0.7185642673928596	0.4260342867514185	-0.983612492763756	-1.2502573044833272	-2.2126977234912513	0.7705755579388088	-0.1344054929322295	-0.02756139288923161	-0.23523466487822609	0.10595847903807265	0.37496390604821267	-0.12428533444760184	0.883892590227951	-0.6781059490043728	0.3585892660422973	-0.18879434120356206	-0.2591323233351652	0.45295298663110906	0.20734228925349332	-0.26250954402641574	1.0591960893054175	0.20556094370098243	0.2065125215774391	0.13964899901446437	0.6766010102044661	0.09909555171216006	0.5812069125056359	-0.36691461963979655	0.6009898195543214	0.012351423369567413	-0.37440916846343375	0.908995640827717	0.9106645049638965	-0.711833495357014	1.071542108925465	-0.934752128234676	1.6681283679819616	0.3350538340981808	-0.5173103675063387	-0.9922973366976671	1.1199691587694716	-0.7200831203430794	-1.5263194603314563	0.42504254471707664	0.47520029261539914	-0.36236035947728645	-1.0488566671314925	0.8022341981224087	0.78160893619915	-0.7996043539516575	-0.21098167999275722	0.015269034125073445	0.09126009821160526	0.5038972334947506	1.3573566671514237	0.8532994611005011	0.5140458206276389	-0.8921134396337431	-1.6534944268019636	0.0961507005385059	0.2601421283727901	-0.15334713227033728	0.3240815432727089	0.8372183806690852	-1.4419931557590766	-0.270229020928556	-0.6447240059385508	-0.3944289527305132
DTXSID4047462	-2.797166442694712	-2.305334020000486	5.4027181023355855	1.9945397733480734	-0.34389256235006355	1.667465579889486	0.896436333579224	-1.2866902083725318	0.465031167267849	1.0551130412603758	-0.4305795531210077	-0.45836593051572466	-0.01927842848387929	-0.7067107812547183	0.9361396889393613	-0.5853684283760109	1.1479021334974233	0.1481699822241064	1.0924082478177801	-0.6994040584825127	-0.3572285239280701	0.06361517738638563	0.1855288994746935	0.05018801891262215	-0.23886539266389864	-0.17643890112756674	0.4493359131709615	0.09093515630755908	0.38580136641119944	-0.6194939297208382	0.28253920780463576	0.8719270765478584	0.17935889810643668	0.0897976131725785	-1.0256697515716948	-0.4756251246821269	-0.23884431643140802	-0.16636264332948877	-0.782277476495493	-0.9439997880513709	0.17210185105902526	0.16891623626799399	-0.2931114699587535	0.1499042573745572	0.13587997344140623	0.01213455078925599	0.10808928559559107	-0.45831158387637966	-0.012219996086747181	-0.2836853305005055	-0.08498356844677676	-0.5452458317104827	-0.15476616305255747	0.03891185774964105	-0.33926361577661507	0.1133840157446519	-0.25049897494827	0.14129623979712816	-0.214239856593329	0.29283308227592003	-0.4582870230434468	0.09222930125482916	0.43514353355116103	-0.6633447492414472	-0.6879011765337174	-0.33759103899531306	-0.4265246738729604	-0.4292646005662774	-0.16825925812888293	-0.25487784227259624	-0.21828870299343187	-0.36434346195857914	0.7019773298977654	-0.151129851715559	0.3776254834885784	-0.4815417456252441	-0.5315774830344451	-0.5601148650625998	-0.35568694046570626	0.4999775791177578	0.1861216060741663	0.2524928421837372	0.2432195739134914	-0.08251126681635301	-0.0343914435769446	0.05636705868609256	-0.010434376244779013	0.11713697664773735	0.011145962921957773	-0.05166238933830182	-0.40900236113796984	-0.14965406460806363	-0.501793560860761	-0.13295506598584003	-0.23608766844408816	-0.07404639030537997	0.0073063649036716125	0.3331157336494069	0.07390556680732015	-0.42848291602671834
DTXSID9024300	-7.019769478023979	-3.6737093704490853	-1.5715964262164435	-1.0339007466892378	-0.559294139518954	0.9313359495632909	-1.3926993043229539	-0.7212957465854875	-0.08370049676931104	0.5343731985319851	-0.24445595022156982	-0.8737407826563834	-0.729315192551976	-1.1029601328637708	-0.32860038028669	0.4905356838723329	-0.030153938362661177	-0.07308093073094969	0.0012516574485077591	-0.06762211627111968	0.289896697967417	-0.08569959667831752	-0.4507328924729297	-0.2987894469122477	0.2710626782269526	-0.4812408510489758	-0.385637873050216	0.1039268523796491	0.06995303445779122	0.08256334919331089	0.44517481040962137	-0.43502595391906723	0.052855660137477944	0.013945603433334319	-0.05675679249137973	-0.4710574893930274	-0.05526934399560888	-0.21946255951207463	0.0702516856514146	0.20640761653276948	-0.21421257728445095	-0.021937052074984087	-0.012937738127454393	0.028657365631537077	0.1597065731833892	-0.006484651479132422	0.037780535502600146	-0.026486149176923806	-0.1752228409483659	0.05577047823832173	0.018399850836416955	-0.1652219341477658	-0.051234571697532746	0.0293075529262235	-0.011204813388960063	-0.1881386377858355	0.10357010926165901	-0.030860799087123338	0.168894428686548	-0.11687587012222825	0.3530276745395061	0.07254497564462059	0.134493169433024	0.5220186196813702	0.043856545263368914	0.26571576151055987	0.09979165718636125	-0.41264178014882763	-0.24317364421236493	-0.4029387301062548	0.16253981852804988	0.2089670830269745	-0.018924610140610528	-0.036787117866563517	-0.4006327433962919	-0.18093820620897616	-0.7627820719462572	-0.6880503825660457	-0.2468640166399975	-0.08292170217584166	0.12745459823614694	-0.2699671382853858	-0.5531463327416127	-0.5541185218554586	0.20614459844307761	-0.061564313731884576	-0.5519077485408614	0.06174256855432156	0.41319399221077197	0.6084582386403322	0.2570006619981313	-0.2440095662285319	-0.3601747121370064	-0.15476310676890884	-0.12922338716218346	-0.4727296006398402	-0.7661078762854183	-0.09466267814911679	-0.2624766748744369	-0.9122585232572648
DTXSID5047372	9.849997807945137	8.173676533066834	-3.276643396192583	-0.16079729615615973	2.6419214149436314	-0.8549890624399995	1.2052011881384195	-1.4188991758785032	0.6062734510910379	-1.4551533480365284	-0.39138667498169843	-1.2986577320156438	-2.552149973525807	-2.3006137281747727	0.0629736785764535	0.39931933339268755	1.0396447991603885	-0.09535364410541597	-0.5986698679219857	-0.6304607716912908	0.07478025787250392	-1.521342926927479	1.339827156631427	0.6476962898513025	-0.16218503543039406	-0.24194049538656962	0.52071419305034	1.0841878301755365	1.1768202673910122	-0.9017090786726724	0.6758033404144904	-1.383839847331022	-1.2371513615983472	-0.740239768338422	0.48101590477549966	-0.5117048262393147	0.2323812790737283	0.6172871880301927	-1.0496009253485477	0.3532847315469702	0.28041657429262223	0.05747931860320633	0.6341483747816815	1.1038630248473416	-0.8393552840201446	0.01877025525434538	-0.7580370143257408	-0.5241177561659622	0.768652449942598	0.5468378683959795	0.3520546778294216	-0.3187111603732899	0.00424316394614125	0.02016282372335266	-1.073981009653963	-0.6118239957543156	0.654080879029743	-0.5086091439990881	0.3256430775599451	-1.3710304580002997	-1.0588023388576122	-0.870468296129887	1.1406901645650143	-0.6416332987429898	-0.38964370465857623	-0.7647255520812012	-0.04059804518395463	-0.002109898387949347	0.8027558363537477	0.5118894191739005	0.03537534301024956	-0.08603235487165592	0.002448220417520664	-1.2250915372623392	0.8705583902967015	-1.042247127257573	0.6209223405419343	0.6058025417824912	0.719822053869206	-1.371651051140191	-0.8545716729771281	0.32038538517682835	-1.1260573462222718	0.008739250970750796	-0.2747477635609175	-0.6277227618603347	-0.23041393312280845	-0.7591208664023607	-1.6636655135782517	-0.5050877385742256	-0.8251729202211634	1.5401998685833718	0.3918437627791899	-0.2874868129014535	-0.0027331543704513014	-0.9022346638421442	0.9531971684910227	-0.6605214978080962	0.7981383844776178	-0.3086790562803866
DTXSID4041812	-2.4009213447354845	-2.8045291351189054	3.8049167358685625	0.15237217807146025	-0.9385353234700595	0.45975853197567595	0.12847956069904626	-1.1759801145548436	0.7554589683125453	1.168925122884555	-0.15513911882743786	-0.17073903345739788	0.6608610192391698	-0.7812109292696543	0.22967992871545098	-0.04589268631061063	0.2744096109395726	0.5951986751787367	0.051950732946625146	-0.34946358270177463	0.1724834294874194	-0.18872244930106458	-1.146171649425141	-0.1002718420019323	-0.08366910763156153	-0.3483217459087984	-0.6310476569839161	0.003131628066228738	0.2697462496842256	-0.11719128536525344	-0.011188344924975323	-0.367469163381542	-0.2999892331900265	-0.13054026046758926	0.09063674479140463	0.7230382592452883	-0.2148458414087417	0.09411894193969343	-0.204986047822432	0.2015577019942471	0.032734401503819135	-0.0008269327064307099	-0.23141884154827483	-0.2678401148226865	-0.02768215949954883	0.1331507105001206	-0.2016545090337824	-0.29510908339780284	0.1719775833208878	-0.25499258735687624	-0.029170887281397637	-0.26060600832290565	-0.11824692640766661	-0.04636791165753806	-0.1803547866467287	-0.1082402105848731	-0.1683364466200577	0.01512886926418687	0.17321251562251763	0.25246051714632717	-0.1769040154816598	-0.1338269920012422	0.23125447877534727	-0.14933251487261287	-0.11691047381927684	0.18960222875316077	-0.3184144316448253	0.008832725994273472	-0.1308261465219231	-0.22598833159494924	0.37564435757859627	-0.1941105032458489	0.15924386143249988	0.4089893763761222	-0.049532857244028006	0.05607435597300723	0.3487704010616805	0.3698467536297304	0.15360389160753865	-0.4096288932976188	0.11605659059318613	-0.367037256337044	-0.21478878743667204	-0.1079492097522447	0.31193703380427773	0.5034675320255612	-0.20162321902271169	-0.8916054893744192	-0.4292871817534603	-0.018507797060411838	0.19348801771811766	-0.23466506015397512	-0.09231354574945468	0.3404593178197403	0.5017323863857336	0.20777235512216097	-0.1090848873556639	-0.20095220978988207	-0.5201682378778855	0.23994907219627415
DTXSID5048716	13.141502734036647	6.000359458274525	1.6585715142588702	0.5527784326747592	-2.2234018003519735	-2.800481775483626	-1.570678872798024	0.615885044098881	1.9080293139351145	-0.02237894365611785	3.910713814603777	-0.3763857495948961	0.690537157740502	-1.0559652021119497	4.428483133206705	0.013737657656602351	-0.6206984282553673	0.36954944658437994	-0.34916163244918275	2.100579715690222	2.2192485940898057	-1.4056411049491178	3.404233620235273	1.1245968415081424	-1.606809600057969	2.0329876987728825	-2.719816309442518	-1.5968007560287742	-0.9941221440352728	-1.1391764411511822	-2.097971227842381	-0.16162239013131674	-2.811345666685247	0.11154051512238544	1.6358201020210392	0.81020136215972	3.687282563552863	-0.038443455615501824	-1.487803634916685	-1.1583718092474578	0.21141800811650652	-0.017291781101632812	-0.46940539161768746	1.0333397548602208	0.025275772947022983	-0.5769508158999526	0.5509498764188093	-1.41108551291466	-0.45166582066709726	-0.13235495109208453	-0.06737245295291124	0.34971170838254606	0.014568469961082362	-0.8664610998491823	-0.16935306988005683	-1.9739197485646756	-0.3291465878192529	-0.5296800338840834	-0.399742494586815	0.8858107865882611	-0.5634532051879352	1.8769872910473773	-1.004769337897905	0.8653492215680227	-1.2451091529337432	0.10351478070002655	0.8857088175243696	0.9615145839989645	-0.027840768277957756	-2.207699031032421	1.7255631902996484	-0.9219311549859865	1.101439757147783	-1.5578535242702656	-0.03269609788061334	-0.9229714337299392	0.058570877630724764	-2.358796746841247	0.35114128469463896	-0.056440332477331594	0.16193603993798605	-0.2596337839637642	-2.2233389926787703	0.4459842165128061	1.258404492310232	1.1191354591878682	0.33959764973041373	1.0530694161669418	-1.2483655616028984	-0.029705997837721005	-3.0343191512385124	-0.4119659362690452	0.2812657264183929	-1.6073866605174978	0.6068828518345813	-0.19008639005673234	1.1409689406833547	0.07164936651076793	-1.2439569390782148	0.05660621170128662
DTXSID9045136	4.5517058671223305	5.631975429949951	0.08096075303909771	1.3563135134231157	-2.5074563493739963	-0.41992817714025854	5.3263225739063635	1.2339399387227334	0.965074043795489	-2.102339172995829	0.9993443280244626	0.06368783038714722	-0.6392796103650548	-1.6974646184700544	1.718254140830764	-0.8603135304026478	-1.4144134536851636	-0.3483745307240546	-0.28643647432850655	2.5526758304412596	0.5499528288857305	-0.12093433113064335	0.9408334446362044	0.8838814561499792	-1.0278243464654502	0.2315870248670245	-0.25950747192732654	0.7753120250384256	-1.2001449824757509	-0.1514229551432653	-1.5447696439181124	0.28094520265557715	-0.7978361332543493	-0.2697702427332963	0.9322211581109433	0.7780669687550359	0.14007336986885893	0.01476087911080378	0.7915347726701363	-1.5320808710045604	-1.4879677146069163	-0.4270242932437226	-0.8167365948833847	-0.28890040888191315	0.9320306221909145	-0.7404008921055076	1.1248165697381003	-0.45091209834882406	-0.30727120853393003	0.25953390704789586	-0.1401517392130647	0.5689240604963373	-0.14692682915119104	-0.40644012884111713	-0.6280823732305575	-0.12629372954851809	-1.0278332241102857	0.31030935803891807	0.2503137081461734	1.4203198575890952	-0.38211934316590696	0.6933941183772707	0.5773295736637322	-0.07646870066348299	-0.2688648672198561	0.48044733944215995	0.8207582709929983	-1.7864767096335714	-0.00849100796998747	-0.6103463572272527	-0.8790154215593587	0.20668657908280916	0.060258095654347456	-2.830166898660799	-0.7104180205860298	-0.4026989353842394	-0.027867275862187846	0.34534992497295414	3.4746873588355514	-0.12929234314527577	-2.3240709663179913	-0.13451179483251113	0.532419995220878	1.084327928148419	-1.677736560613625	3.55402944479653	-1.561730102192198	0.6347868969986621	-0.41312525521891136	0.25486526406702475	-0.37656725576554945	1.1143262100568219	-0.2828230469481694	-0.9340522767558578	0.6735596335198855	0.06789328563602735	0.13902469415041038	-1.72246954287511	-0.06333964135253846	0.2874281848433663
DTXSID0046066	-2.0905691993302393	-0.8768410973482137	-4.266085817178409	0.6063418631558137	0.5845018203627156	-0.5510042586568297	-3.8637441676815074	-2.7666986054101943	-3.605851956539034	1.8412693240369735	-0.7985133259137349	-2.7812861687650505	1.5414637932133086	-0.01340753303696403	1.951603464406744	-2.501440216262632	-1.0182927927247423	-1.3406952312427889	0.9674736309839658	0.9422078855209948	-0.18128147868515404	0.4510617527914289	1.343149174844866	-0.08360450520039119	-0.7256384590672278	-0.44742898836045264	0.5790707453888082	-0.2968213145315715	0.026249629760764625	0.5810739352041443	0.643418746832403	-0.51274891769162	0.752449770657379	-1.564498912023462	-0.20741060291924737	0.7729493769033153	-1.1318929513652625	0.49703525738900456	-0.8297555162703756	0.05090565678525696	0.4072891794458151	-0.03467871402986677	1.8351006163978008	0.007701940511745789	-0.003985027956505997	-0.14558726849889153	-0.5584618449132259	1.1951923053035842	-0.3727176613223176	0.2613214665742394	0.22890628233651475	0.6917791750050404	0.6476218751229702	0.9296448390333942	0.0965128677263544	0.7198387516376323	0.0029766127384609985	0.9997371178971347	0.42338853590795417	0.2042212989361649	1.062045119337058	0.8546559101333797	-1.0267962433966509	-0.18086201460778464	0.968776784903917	-0.18348547940298887	0.3092125940772953	-0.38494074144574053	-0.35719141727891507	0.7168029327672818	-0.44538637986639346	-0.9823425543791999	0.021353275468504348	-0.5090052383075087	0.3194819453185926	0.2993313933665736	-0.5129201024332847	0.18296514688747378	-0.11535068945220578	-0.07943814111599337	0.648485617922629	-0.27582118225846614	0.8820808412990767	-0.25359537109814906	-0.07035315779454226	-0.17613545576510614	0.3953181746144167	-0.2754498181574583	-0.7074901112469978	-0.3803628319961796	-0.540642814122723	0.5291099542565668	0.3537657440327238	-0.8151409701702841	-0.957050729145579	-0.9333839747952424	0.21671225978520442	-0.34652775577846484	-0.10866711900882169	0.529285950295017
DTXSID8041743	6.509413637149858	10.861275678556343	-1.2431426143373208	2.35258367075876	-2.927745390441066	0.627318903148356	-2.5429139864671013	-5.887280217423662	0.3753432285780402	0.27910886172233274	-3.4421758057629903	0.0781646959731543	2.894902416625225	0.3238398774019062	2.6320171624857727	1.0650666357985685	-0.3854949591153124	-1.6913636626155704	-0.6331087849266109	-1.3876500203480493	-2.99525108626811	0.18727559590718773	0.47284428615491336	-1.736853468025958	-1.7494564441406641	2.576998930959045	-2.1343522905526746	0.20122292780008502	0.4826990858004398	-1.6213618168303896	-1.0021110806060485	5.64820594387551	-2.2289923136184266	-0.8989698782158861	-0.7146846119693225	4.326894605831203	1.2392687337518662	-2.463688560230994	-1.095804784776245	2.1599825484737414	-0.7511756992439602	-1.2692471595133643	-2.3398614885588516	-1.966780783066756	-2.0256755035614535	-1.2634545692406358	0.744874073994636	-0.6558194413644702	1.3195968636843762	-0.699359063367468	-0.32080612366914807	-0.4448011387634057	-2.0789367436003556	-1.5087560995516969	1.163924798392939	-3.2257163195419754	-2.247652604761049	-1.3913375334703855	1.0227259430777653	-0.7165262986299775	2.487761122805683	-1.7467686272665859	-0.8724653593957756	-0.07909385791959979	-2.272939050950093	5.439036423246182	-0.27344947316004325	-0.8255552999767714	0.014522059654723113	-0.6787626891202351	0.7851136647118526	3.8142299296286404	1.1017429064461	3.4995781978472413	-0.36813580563084547	-0.43978404625372897	-1.2331148562553973	0.8993199732256332	-1.7041968933629292	0.505261851372539	0.5341341223333331	0.16363754551020931	-0.46271063792374345	0.14671986542148707	-1.7451437533081826	-0.5954893336803382	0.22585557872553425	-0.4491045144404807	0.7972226897797985	-0.11706256260014468	-0.27242252426096697	1.377563969337895	0.5655927940003017	-1.7074755813633196	-0.8627526070928323	0.09477998896430853	-0.4610821551218614	-0.5293322297893549	0.006719358469161313	-0.15288452923035864
DTXSID1047603	-1.937267189727922	0.6141815895279311	1.6876031992320957	0.40804319267296063	0.330709978400472	-0.8189712335212076	-1.5200418022696558	-0.14155970193566075	0.4410970358430626	-1.5251605585258785	-0.03659459296945582	-0.03314247261180305	-0.9859543273794373	1.1972529778565695	-0.5480774883060809	0.2583557619156001	0.8082163650380254	-0.01466000300883684	0.18018391542531245	-0.9930916464238124	0.0880105592660653	-0.3742674920974134	0.8209813081064657	0.14861105119522278	0.4144407442040978	0.3480218272340312	-0.6308988462248176	-0.7564296287192398	-0.06729418036489526	-0.3614881303065955	-0.8050301351103245	-0.2462706770935048	-0.941558908028756	-0.22430371657068007	0.5133271190263594	-0.20440394430816447	0.32592927791508314	0.29060298355213515	-0.27605091082033956	0.5622187290442566	-0.2508211683599555	0.29170879924037846	-0.1312887608754701	0.03931417496502818	-0.5813246398971107	-0.21859383760113266	-0.04652815597878729	-0.5118165653123318	-0.07345460580329086	0.08633303757306025	0.11498668308418486	0.03386281789322731	0.2071858665941591	-0.39111904525117464	-0.2648464853298756	-0.35617351300157085	-0.11311219734835269	-0.063181901162941	0.07014769714977402	-0.15429411566103787	0.27258210617932366	0.2997513985101991	0.043369965112722154	0.47687975175517483	0.39219455873377923	-0.20434564065619557	0.07235431709909158	-0.7540562493547854	0.27661959686400067	0.20581245796758316	0.250912647153199	-0.38028015391268444	0.6396810099219844	0.6237906624373724	-0.6759400572555857	0.6165253286834975	-0.07902414094476441	0.8932722878782647	-0.026765206368555575	-0.046186260655244595	0.8523926491895077	-0.3882932717911841	0.21232187370122885	-0.06795501576369989	-0.038969472678753725	-0.16197253198861966	-0.6711763966152616	-0.28316114970147604	-0.36124310910874663	0.4638942134192722	0.5560659553919676	0.47496183654637814	0.24545110422612287	0.09836581695198866	-0.26344019927402734	0.0026985801979785714	0.6135835532844156	0.3768565655290233	-0.09478335412532647	0.07806670858924865
DTXSID90382620	5.679517182296335	-1.9864318036499047	-6.391389639457533	-13.968059180109009	4.933738093320377	12.206751939199563	-0.12292225629597085	-5.503228513471213	8.635502484455953	-0.8197481009633247	7.401658817878003	-1.7225225446915218	5.843548803433683	7.533716798854781	1.5413415619494693	1.8711592842551428	-2.7657932463242663	0.02919088706007732	3.674721908284229	-1.1505385732840208	-3.022968640927808	1.7911702482229306	2.0123315109281474	-0.42060588659383974	0.11418694927359331	0.23655243826732283	-0.8066150493871295	-1.2294858124102146	0.3415016088183341	0.021480303382827713	0.17555759547280367	-1.221374651198592	-0.641414986656918	0.8842252705847163	-0.47642484903694854	0.19753067535542204	0.589270300368255	0.5795001776728547	0.5411449162741709	0.8186225165872165	0.2659860256173499	0.2964716296172215	-1.0677545304447076	0.45624632299606144	-0.4141175091233661	0.7784983037937984	-0.3923683505348988	-0.371655421193523	-0.47579263841438507	0.40146344264245526	0.07754119960844372	0.16054805136057293	-0.37394198476663704	0.16560907045827078	0.43225423288038217	0.24927546026751132	0.7971140072378005	0.6925548831927231	-1.4257780859154434	0.5054731049633743	0.0947557024343815	0.8377904371214663	-0.5553774662694612	-0.6467029627708404	-0.0636299439248927	-0.6172038803768441	-0.23879114139760432	-0.346129608619694	0.029453051331926727	-0.8443292951412974	-0.9458835957020035	0.11088712397781333	-0.46444053359919063	0.6237180526196869	0.4694974998280646	-0.22418496995932402	0.22941388937192686	0.3936010108584814	0.45132575417237075	-0.8619956598955482	-0.06341592645745732	0.46938610248687734	-0.09579497297909767	0.7655053375672357	-0.4542548194953148	-0.03691494626717671	-0.20583534313595908	-0.7140174171563967	0.4570684558225306	-0.6084364084327194	0.10346855363392765	0.33879052854882846	0.1596667187090662	-0.3024107709362691	-0.0028658144383853657	-0.16590433284050807	-0.299745035716673	-0.3391012180037035	0.2904790522759427	0.11130503389460783
DTXSID2041389	-2.7638269209575133	2.7493775375952914	1.3834770597688275	2.2095750822473175	0.5434923557325436	0.7530787118858786	-2.1605955002272546	-0.7229740646816166	0.9891397057116752	-1.3091487276955025	1.1148009605718527	-0.7355907690634436	-1.3242824135060838	-0.2060380518055805	-1.4406591324278406	1.5075628957128873	-0.7525797403332918	0.010352995115589824	-1.524223855215473	0.6649363930141736	0.4123039233466912	-0.32254174871848673	0.5219581602481815	-0.38541251587289943	0.05886691678638251	1.2479417540246964	0.6922513466778542	-0.2624006835583243	-0.2361573134923346	0.28106311921290456	0.16767035151387316	0.37581557582590813	-0.5713007650491457	0.17901397270180955	0.5396165909433761	0.07276981768222246	0.649774999924036	0.8444032254225429	0.23016196152306026	0.17667644785428305	-0.19025807494223004	0.09206079925089117	-0.2688359184236624	-0.9516335813628496	-0.23668780335809259	0.3838606843126801	-0.1314598120968198	0.07141195455800121	-0.12448560787262615	0.1229570513876118	0.1939511480964833	0.5768286362464261	-0.050327589403409	0.03698891847620089	0.2988106491060939	-0.598926908410057	0.6836979702139946	0.08023350955554114	0.17326654982099965	-0.3188230745625719	0.4630967278723346	-0.06540993301424478	-0.47609581080249413	-0.5129598007943101	0.2280832605392908	0.7709752903740111	0.5912018591529244	-0.5675489776135935	0.5443361056582708	0.5414798653905532	0.10163603471467761	-0.687739366961594	0.4315987829020045	0.04736639406346895	0.2709095352048028	-0.2877058925848416	-0.10161755238290779	-0.042925733771906754	0.06573721227280911	-0.5239682627114809	-0.1994100439066019	0.42854451552346967	-0.6231178532972923	-0.2976679444863235	0.13225048558964247	0.11656248232587797	0.2846473000962905	-0.6216738286374694	-0.07676120392263429	0.05692397801878898	-0.32017777634937905	-0.5860387832779215	-0.2131062164657286	-0.11338601940207699	0.32719645948606074	0.029910601232236173	-0.05684828235102186	-0.3437391251151161	0.3290855434681539	0.08435678421685794
DTXSID4047129	-2.28497649578834	-1.241752742683817	2.581808783998887	-1.061273264626397	0.5164613740214075	-1.5964935115935261	-0.5396197627035626	-0.47233758352690913	-0.03635516876843932	-0.932203111654351	-0.3429969148826696	-0.07841653482086366	-0.6292852452209016	1.4727427620670215	-0.34200713982914427	-0.3119162160511736	0.2310926278674766	-0.5269941589368409	0.3609992065640988	-0.8163349600951065	0.03946726671499933	-0.340341091246682	0.6047629409978441	0.08547288914478947	0.10025126496466114	-1.0396226628679226	0.02366026167003602	0.6029349907969548	-0.16910276227634083	0.36037181338491414	-0.3181030891280703	0.3853367652310105	1.7157845175109527	0.050164181022216585	-1.2517118510152336	-0.35183511393522465	0.17305167493693233	-1.5632845397399355	0.050713924991269574	-0.39759649707752026	-0.04010838717516206	-0.25089655869362876	0.04405624648734531	0.7354533102945469	-0.31600902152716626	-0.7454058043097316	-0.46915649431014345	-0.5120815832212373	-0.08677548228919235	-0.1766500633449656	0.04864334730665993	-0.5849362617939329	0.02727470749417756	0.11997862693425725	0.7795850033568541	-0.3098446863886478	0.305512061576082	-0.030106328342141365	0.6966831207215815	0.03794627382302255	-0.25556291958735367	0.7522054966888626	-0.2994679017918243	0.16405741695746578	-0.851916936967569	-0.11287066538175858	1.3953358274324885	-0.8209578046003602	0.9817929732735621	-0.534432389693458	-0.2746596446398162	-0.38105838692266564	0.21883288678107976	0.1432707031697936	-0.0115703420177643	-0.9812243213195115	0.2754384433406544	-1.0942828071292783	0.05633134807391167	-0.04741437212126914	-0.3583109664110139	0.06744589171411702	0.07580295049994996	-0.2807157307697905	-0.20332678576497495	0.008655183193326052	0.335878849430084	-0.052386185209680795	-0.16397052735056697	0.2680378878315699	0.05859324166283754	0.514156525247422	0.012156451179293001	-0.1382722814359027	0.2372701510528841	0.004261388493776686	-0.29046483118893784	-0.29120390071077845	-0.3802208499485201	0.27459613604919275
DTXSID70366226	-1.155097887143255	-2.4853923574199586	-4.230547894323272	-5.8752888317824965	4.324385844097591	5.85425035135411	-0.25222916318991745	-2.0136681551734257	6.303764624085029	1.201813495487725	1.2256019256840371	-1.3638644310315196	2.1450667791755262	3.628781551225294	-0.7400376777043705	-0.4129584297895366	-1.13992084088354	-0.18787554436690176	1.5976318422089295	-0.5727013450072059	-1.912074088733308	0.6947120001344327	1.0461294338665275	0.6476606330920986	-1.2212374167116484	-0.2056385396992476	-1.0371542839321841	-0.7547589213034969	-0.2264910999020185	-0.5154002858870514	0.16755276677676348	-0.8371730220349541	-2.2652001853043515	2.898779164945052	0.4503883054525424	-1.2614305778761412	-2.246056401230974	-0.3909144057508776	1.5277898375447239	-0.5989400948377546	1.6997250138980666	-1.7372913680959483	-1.8176915472906947	0.38180530529834034	-1.0710582033547271	0.19713889831531917	-1.207146959942869	0.8124518588711267	0.33360656374486264	0.9659375584284496	0.5102603717686736	0.8761838362751568	0.0990769054602565	0.5600754303857013	1.1994433358398693	0.40589403957829695	0.15133845257505554	1.6102073473246408	0.8491842824924898	-0.4498361977619134	-0.11680081004812286	2.0494721475545137	0.4253857397287742	-0.1537377861713149	-1.0079440203298147	0.37731800865253023	-0.6175072070304007	-0.6954898668355917	-0.5686025742369712	-0.6636534557625511	-0.7284289008210235	0.9729712175396519	-0.32107278207486306	-0.3794464124764039	-0.07932060101890975	0.7916404502974507	1.4403628068313572	1.2176033295548918	0.17850199899769162	1.021784550236041	-1.0267750640956879	0.2383972886429166	-0.6106908336849932	-0.5210706910954167	0.2982848698529357	-0.4406436409214598	0.9042861880919167	-0.8740144178726967	-0.48518005887453847	-0.08160871748584829	0.37555795984896967	0.24845481212300394	-0.5191742338364683	0.7653955998032905	-0.136552734890408	0.8195532288308555	-0.04969226372664405	0.4092817577513378	-0.03729104974808136	-0.4233329026919851
DTXSID9021764	-6.535472843834678	-4.559895480924028	-0.6801951802979864	0.7406426979255415	-1.0417371048782746	-0.28686699181560826	-0.4551720303703878	-0.5121101337177886	-0.35686574688738426	1.730314158017558	-0.5264774856823642	-0.4748356550207615	-0.08766859736633713	0.8145021245270138	-0.07729007408339794	-0.3769241610879805	0.4710275501887271	0.31275684472101756	0.1353453101532297	-0.578427176270564	0.05526335500573672	-0.33192653908228675	0.7080069967597612	0.07913458749282752	-0.8564765849391901	0.1682021370226847	0.07934583966846147	-0.22645513566725048	0.1423766387892806	-0.5172146267351725	0.5851626748579908	0.4126876654980515	-0.1977347037811887	-0.09362103756012553	-0.26268503230120205	-0.4130993460077404	0.0691140391344003	0.5653302659944219	-0.27852974211089143	-0.28303832501567655	0.09320740394526489	0.06721320076033113	-0.23309986830492954	0.19703861088651764	-0.47081608704075334	0.3393386476373668	0.2998714225326284	-0.28662823474162946	-0.0702482751347122	-0.058893764226787874	0.028392998737881175	-0.04970218556170133	-0.13410591010562656	0.0021475545920962183	-0.29075991212354557	-0.08013298754365475	0.11969964853333259	0.14755718742511179	-0.5393777877820575	-0.08064202511608765	0.17953124613378782	0.025806239837168198	0.3537821091505876	-0.4127708798869767	-0.48122973516678463	0.04926667358738501	-0.19541712253747165	-0.058216963074596124	-0.7043600170859299	0.26537549130727434	-0.0023496327290290606	-0.13929416943237605	0.5026593584728202	-0.46818134881981793	0.30345753511521406	-0.04202726637616761	-0.6401940617000043	-0.40565873406345143	-0.06398425108569528	-0.08744704712403936	-0.051175579306339126	0.09244598569567931	0.18260286723277872	-0.0015778992726234052	-0.3019135018568498	-0.1822524213916466	0.0644057197657464	-0.3920083445794919	-0.06325630004561056	-0.35687282405416015	-0.2486495760049255	0.47953970787218037	0.37661988688893616	-0.2881331244342006	0.5449265205141745	-0.22806188107956332	-0.43831306507030937	-0.23359826974103073	-0.060770143906907284	-0.189125639410984
DTXSID8024280	4.021536130079231	1.6409472178090387	-1.0771751199505022	0.7082960429734882	-1.7007282021399328	0.39684987341988276	4.8490036905483915	2.578226737794366	-1.278293631993892	-3.239257313812263	-0.40590331733234025	0.5878922385647634	-0.015719565491219063	1.2402431112668661	0.32773777525333003	-1.7632578881461711	1.588961135020187	-0.0624352186320657	-0.16618117046595934	-0.4940122033415246	-0.5846798734587052	-0.3696833599226686	0.30700116224677193	0.5438499897716995	-0.05733627522808442	0.42853859806710104	1.037209442482167	-1.926629032926559	0.7516215957709086	-0.886238738473918	0.49930946549838406	0.7385210058287851	-1.0534295111650804	-0.7276672352012029	-0.8200735099471269	-0.3534291154179671	-0.3526741974753692	0.5133938843002145	-0.8628793200200665	-0.7107746694541764	0.007593408553124432	1.207160072155699	-1.0076611938251572	-0.25725011650374374	0.05123111705530786	0.31244834005446365	-0.1285541708917735	-0.38707827302652914	-0.3788347897417093	-0.06140485124620352	-0.18066185119434106	0.2794547283601167	-0.150756441169513	-0.14786295534190771	-0.7030441987350791	-0.6509445362168135	0.09629728252612559	0.7553588679134506	-0.8692175730743615	0.5389277234605803	0.10504055157554554	0.39264835850381147	-0.30157992311501347	-0.36014793131588485	-0.2890017349613342	-0.7992849133539077	-1.0030215977926653	-0.7575205893243713	0.38726897911337843	-0.432005808630658	0.19970170267295004	-0.1884623676419419	1.1667314909819058	0.4529333617323523	-0.05735596143160599	0.45901011039493145	0.8591836878696252	-0.08415983957682723	0.3574352641020052	0.3087934535608488	-0.9323397170302383	0.11180606354370846	-0.11477999905703455	-0.1038717690179268	0.08434337011277804	-0.26580359381007146	-0.8655251054775893	1.2865015975880152	1.8114791685675278	0.37802412922622586	-0.42032227181117116	-0.001836089617611711	-1.2573226028507691	0.12528933773099354	-0.034913116222830366	-0.11837241615574348	0.4431012367795863	0.007460413044341826	0.4690209000569761	0.3316612703327766
DTXSID1025770	-3.3967029486209386	-0.11935579795239992	-4.0945468590418255	2.0963487562432825	1.1508726648947585	-0.3745665411028516	-0.6246868957948258	-1.8590711343554935	0.003987975922778328	5.943152726301189	0.7597912062794722	3.7054696966556437	-1.4867942639489424	1.4152245360381692	-1.2314032912717485	-3.033298243118855	-1.1919566857188693	-0.8216436711363181	0.9262893783087555	0.5255579214916138	-0.44682886895077445	0.7069358137739792	0.7225380516248607	-0.40918626407852615	-0.3651721741484546	-0.12826393965505276	0.02707990076594572	-0.8260399290161908	-0.620561878830045	0.8181581794265902	0.0478429079510313	0.3120962399035965	0.8284333084730651	-0.2578849556292588	-0.7408039882756097	-0.403112922139177	0.0768042263804647	0.24290553155516284	-0.24122250085152738	0.18030111464307158	-0.07223383089469125	0.1963393783796546	0.6670036947343757	-0.06416221628197503	0.39664409980768167	-0.2491735682045519	0.43922859174315426	0.14607575750256066	-0.2941321038625791	-0.31534789228979	-0.25680552960374764	-0.052140978910040346	0.036106685637853755	-0.08710698923670847	-0.4254642833548901	0.39934576994311277	-0.05531051326250654	-0.37832748615083095	-0.46306908459724266	-0.11575741589616925	0.61560771478324	-0.49037647774830423	-0.14138227785075416	0.13050862772163352	0.683313877702291	-0.011322643661012372	-0.10053445490438624	-0.06141050003849308	0.2687007372473129	0.22809316035382407	-0.023459005208482438	-0.3163892434758431	0.17582022351835955	-0.42189634970895035	-0.6110444667527163	-0.4164359801495171	-0.6596601317173646	0.25970633448813074	0.0005673869677176266	0.1869881759007325	0.4683258905962269	0.15246335423893653	-0.10324088430977076	-0.7490746304674978	0.5659597377044472	-0.5074306217372062	-1.2480612412538805	0.2698357499135434	-1.563417198110966	-1.0952160113628786	0.07016405973782022	-0.47765227970164087	-0.20827098305897626	-0.6588359852790922	-0.2388612329171049	0.4539003501645538	0.14623275787337872	-0.07261543392741172	0.3625958433075819	0.6818324437751441
DTXSID6037015	-5.482272522727696	-3.222195792142974	-2.7103052855065917	-4.665413020480755	0.14587504066555	2.692059768903062	-2.1784322578884407	-2.3218522296430737	-0.005748750503862861	1.059876832168636	-1.3455745173860933	-2.66123464103211	-3.129807221461506	-2.7195095912720095	0.7238310405431487	1.2074872528139444	-1.3190608090114966	-1.4814082864367861	1.540423217713932	0.6080558489561992	-0.6454829887193233	0.04201208701287306	-0.14915672479101263	-0.5294947151962625	-0.4263792520439585	-1.3064089693788123	0.6811019503950995	-1.003109577056294	0.9405843086532937	0.5301619153137671	0.6717376125897065	-0.9849597741018739	0.6004567908664786	-0.7373069490800275	1.0643026414460497	0.7404267046850195	-0.11773220903570975	0.016593604247219014	0.08787178747168191	0.6246950898775284	-0.13705670034923856	-0.762642066574611	0.5187793081460146	0.2403331108079926	0.2974200966882758	0.6060838883240559	-0.4516576147339493	0.3087157893958639	0.37339147732108563	0.7476442456456515	0.09048060136677538	-0.07321018867683023	0.23764185824654777	0.2754379129771986	0.3511014752553403	0.5383555639231794	-0.06590733479883118	-0.30974180244876215	0.2969274952455461	0.8180076069708049	-0.7554685816982891	-0.2620327775177359	0.6466617241039603	0.35152931759353606	-0.08118881378423104	-0.5359725645025232	-0.35942217234807255	-0.08020446982000658	0.27549472315990026	0.10595918858388313	0.70568475491976	-0.4600651742646477	-0.0849926571966778	-0.0633841930631408	0.3150373068663467	0.13490613622864916	0.881588564847996	-0.6422975389781668	-0.25693479420316545	0.1859446109169668	0.9701633340552488	-0.4374348928166843	-0.04657722786716597	-0.26833965802676396	0.7234287661512369	0.9411669794564762	0.07345324365968096	-0.07006690100888154	-1.1099585646021515	0.5603193121468586	0.5126128378149115	0.21889560913085504	-0.5648414172013306	-0.12551541851331952	-0.5280088744304721	-1.1959830702619838	-0.16093243831379278	0.13720222296684867	0.5074187827741256	-0.6659046045733775
DTXSID1041180	-4.356982008038279	-1.6515787440570886	-1.0864910921722262	0.202420608613724	-0.05551762494488372	-0.7080163213192237	4.205028552399059	-2.2540474804281554	-0.7654350061341734	-2.1264274156284286	-0.9394888466819634	-1.296378853614845	-1.0890966846093653	-0.9888586538246005	0.5599994438076608	-0.4516046850361961	0.7855504609499822	-0.39219185861550027	-0.9229305271350076	-0.2145000371316182	-1.8084197093088448	-0.5837464131820496	-0.341289440365939	0.4048258264244095	-0.4612735139501855	-0.8196533431829918	0.48500249014222213	-1.0752340978849777	-0.2462075790481294	0.40576228516295837	-1.9019677060661342	1.723579386887981	0.6631972514236518	0.23994257806140032	1.7943359939312513	0.2895635038261917	-0.9602563222978349	0.2528925087033128	0.9737745720041571	-0.2516863995626163	-1.6014991256184172	-0.16300811050746689	0.04003652326583379	0.38202838574675413	-0.2609648265324396	0.13949169295044306	0.8149495157686982	-0.002812448371230055	-0.5406247277758234	0.5287999259735991	-0.19846422888973608	0.13058743921891064	-0.08459123613971485	-0.10848672003111899	-0.07496536107172476	0.5649911520162869	-1.1793376437197554	0.3611566954709621	-0.669136604096683	0.9416347062693787	0.2545120363011929	0.6686845116197166	0.12541698495672257	0.7339573572494955	0.2539792948044701	0.09031729755237035	0.2708636820958049	-0.8364997688073323	-0.546311722444718	-0.4830621379207675	-0.27301364688004714	-0.325151058463262	-0.4523200174015508	0.05125272591100074	0.2524565571146583	-0.08564755375772826	-0.19741165075537553	-0.5148806812444149	-0.8389314718660189	-0.7091027680788615	-0.4705748518283643	-0.5360617233464524	0.28992806929892256	0.7067157350574165	-0.42686964741345745	-0.08227552814027023	0.34691930821643685	-0.5128683754240231	-0.3120794060929314	-0.6468569103388171	-0.6248802184123737	0.1693188899442261	-0.0794158219784631	-0.6991952250016473	-0.2856956193972389	0.49572298422447975	0.49233761696216105	-0.18464290806484174	0.08857585363754145	0.42683095121071585
DTXSID2044420	6.18802836432758	5.633287046861253	-3.11206125852868	0.31720339264756725	-1.7101497743277043	1.3919524010677569	-4.213689491993455	-4.26344530949806	-1.2599317332568574	-1.7536878018398558	-4.707858979874457	-1.1442144135189571	1.4348130800488899	-1.9584656259487967	0.4969743813362436	-0.3237557975740715	-0.07488438956832655	-0.494431672880269	0.5372407972304581	0.37472439551377434	1.0830388393275217	0.17072543257623055	0.8217029717487807	-0.07218728434332325	0.14720631888389737	0.7779671472705486	1.4803123279472608	-0.2926442574406154	0.4650831072806058	-0.02514379477157292	1.8576635342905123	-0.9347712158692129	0.11832996794517683	0.11702704012048669	-0.02950198872891948	-0.6331124862781257	-0.9192350060192552	0.08714623800128678	-0.9331199837819643	0.05546633922408254	0.7143022168737296	0.3800872043331116	-0.18940441636425248	0.39331895190149	-0.4374267660163107	0.4363399428296572	0.5104813289102074	-0.7258483080184084	-0.5644601470925955	-0.12794384130124115	-0.2399985506223576	-0.5400968121136975	0.1283777756960865	0.29010783074731145	-0.43537023464411956	0.31442728526625086	0.05103027862130829	0.547086734333243	-1.436237979022002	-0.41692615836038466	-0.3214208503549736	0.4059670175122211	0.10306987470567101	0.747220677673075	0.31081041889070476	-1.372318892885102	-1.4313982617950052	0.20204491304149308	-1.067199090918861	-1.3958396367918564	0.13204593088374042	-1.556936668692517	0.6028564068623319	-1.2773643479607177	0.9386970779322191	0.12034849411294424	0.8775538737627133	1.0417407204928828	0.6080879446085798	0.5269096003687567	0.2556363641799959	-0.1751689333473008	0.339646777090943	-0.038175459509615685	0.7053801883957771	-0.3951889996069196	0.5725438824174264	0.8622207885943177	0.18844570861300916	0.2992775677864595	-0.9861180532854049	-0.5698779510796392	0.05424242192057582	-0.9655272236012005	-0.9047348820384772	0.8022467834948126	-0.160371767376047	0.404965691113399	0.012210202652415385	0.2655189102835069
DTXSID6045660	4.247284122828902	1.5912529746846642	0.07373183512700185	1.9821905486877085	0.1093192232326534	-0.17826520347625455	3.8413641418078392	-1.232895705986902	0.6200739425612022	0.44923628031102597	-0.06600681909398833	0.15926221257491577	-0.18254554696643027	-0.6893324296795447	1.082391979092022	-0.7297776011326562	0.2066578561045021	0.8735194951681722	0.033251914911342405	-0.9642142357382804	0.6114669111047766	-0.46963412683607547	1.007488380101774	-0.41301147055671467	2.2191083400768665	-0.2433210169938913	-0.42491849421310934	0.4476583771647141	0.03375935895171268	-0.4134635347808452	1.5923760547014605	0.5913594713021532	0.7937912106867148	0.117445613242591	0.41993683879395205	-0.6420796923160708	-0.3009731366459992	1.4094234054566381	0.6084998826691325	-0.027042853477146578	-0.06752097703327388	0.3374646951745405	-0.4883821867653243	0.2422905838463972	-0.7303156888796672	0.9136427246144563	0.79311569244141	-0.6144636494495428	0.019476673070288848	-0.19707481411115976	0.19074245222457342	-0.005282560090032972	-0.08796844468886457	-0.05443155352948071	0.07452129419706938	-0.8275449742681725	-0.3301786293868926	-0.013737198616574426	-0.5482057289017536	-0.68044120140529	0.7576408923107777	0.8273403643192357	-0.43677879230009825	-0.8406882541691614	0.11691507203852423	-1.1880396893009364	-0.2853160493866248	0.6529334509376955	-0.9883506873825736	0.14512416414419188	-0.2721462623993187	-0.0375163921955845	-0.45442633764518103	-0.5240917233944251	1.4940501891065305	-0.333689192172241	-0.07373371925313572	1.0848970344148992	1.119992193635057	0.5343656911064254	-1.5575427795260528	0.797539863360531	0.7621304714333521	-0.42250618140835666	-0.24333931962914349	-1.1139847586573184	-0.015395547553850942	0.235461914764852	1.8067038325946014	1.3168423787481707	1.514188521372639	-0.2784452786543821	0.32769209626269075	-1.1772730947435204	-0.35693256347499663	0.29198357401246905	-0.8889256275132588	0.08309835188796198	0.28778805195055296	-0.2170914829793898
DTXSID1048594	10.950567528669133	-1.1121544943177357	-8.43290070652078	2.0878844058654518	6.241477965812579	-3.377494347722304	9.071038846264031	4.555752007238271	-5.398280547070812	-3.9442393224513292	0.9783195384258426	-2.3139355044303636	1.0722942020297617	-3.918465987348532	3.8763746221579005	-1.4547226737840926	-0.8452512390958447	-2.8780244168528997	-0.8457578503721848	0.4700264847922708	-5.615600932071385	1.0482015285901363	3.16528053294709	-5.5327022756908475	0.4332480804565008	8.816814315284397	-1.198551560231187	1.5116052957284063	-5.9178803943309815	5.919140203104037	2.7394575884813492	-6.874152859373064	-1.8746085872263087	-1.1071015960946489	-0.7116105375421599	-1.9156903524323472	-0.41563038823976084	-19.53607405237587	-2.5656714183168208	-1.6355867842663658	1.7041403367308983	6.229535653205271	-2.5796606283954997	-1.7607807769513375	-9.16630400288543	33.407185633755404	-2.5309013730716083	-21.488349443060425	5.113045840491563	4.544104066765867	-42.32977658088815	19.870407999589606	-6.274958347638111	-3.830834722376135	-10.27909545899633	16.861406785100705	-2.6260098308341875	0.8669861996830008	19.876888675364544	-0.9041732717300721	4.445704562450581	-6.244632279359585	-0.555133138565217	-0.9515616060617408	2.3912522699215613	-5.947076776968444	10.516898124309094	2.2728688373537453	0.34899560248839623	-3.1326886268131933	-2.460527300582244	2.8223343115132296	3.494949566389015	-1.2258873951774134	1.2865965763206053	2.09260954816551	0.07766323470210643	0.3462566301279258	-2.2873651302342366	1.9211651687753548	-0.10321104366161614	-0.654193043866542	0.9829575243741332	0.20215519044949282	1.343034111812648	-0.17003940126794342	1.0061107215867189	0.019148983717486526	-1.1736472894278989	1.5267034267216233	-0.25876654457946535	0.15152118691806027	-0.441396354700318	-1.6340028884796165	-0.410308501147858	0.3245591307238795	0.9563681194077044	-0.6399804220866272	0.284619683276059	-0.019564551063158877
DTXSID2027414	-2.2402209038737153	0.5424063198447583	-0.18593706239793545	2.6000923039210577	-2.3322981288823637	0.6481070002104898	-2.283668090325256	-3.047502745271175	-0.9108366941930146	-1.8410512678428814	-4.500193870296208	-0.6269158686138714	4.057320892768962	0.8552990947325879	1.069012779843698	-0.6282097841273656	-0.8536873380243231	0.4255875465730611	0.0722027333933122	0.5812358618373414	0.41835909802125615	0.5320229754243767	1.1857012623948304	0.12189671028986761	1.247860064058672	0.23452979120150083	1.1505131967439708	-0.10779480258547412	-0.2130246740782563	0.6425136987466028	-0.37351408247670065	-1.5249028556594426	-0.339804138098179	0.15465651479155829	-0.12584517001609236	-0.5013312601223812	-0.19768015218623697	0.033400384259451965	0.15188702876709678	0.12967613931469202	-0.40481739318658033	-0.014588235716417855	0.033784489427137514	-0.3427024888835209	0.3465419220953743	-0.5707176055789333	0.4062784769730689	-0.32269212510272305	-0.0686311325781979	0.32398737764326707	0.26604997005086284	-0.14686961636946508	0.637986666406726	0.024048025449815935	-0.13311202090083438	0.15369776191924495	0.41306304368036906	-0.29978792314922453	0.8093324201848395	0.5681195498089663	-0.07308706630202381	-0.27531608735232915	0.3653660294103578	-0.10276572396963875	0.4826916333938543	0.5586038677357142	0.16215390000649152	-0.8194945929533363	-0.33131444512196684	0.7457861624542309	-0.013230357466554207	-0.309572636942167	0.5671832864827436	-1.0722652305144025	0.05772000371282812	0.10216939320595465	0.10473779029637487	0.749579378782999	0.31900860427758665	-0.12937656390685953	0.7616784237143128	-0.9350296150576813	0.3103178349654092	-0.11718244404557299	-0.40366828847798275	-0.06224708600297589	0.5279226256708341	0.13126561143398713	0.5536852132770749	-0.4351207699804054	-0.30053689554718804	-0.06432488224791345	0.1649045925319064	-0.1538106623053957	-0.16167711697691653	0.1241557298015356	-0.6929217297900321	-0.2983379674123832	0.22560073239525888	0.2278058114154766
DTXSID4040765	-3.197555893361231	-2.7019804827447893	-0.6445129130560979	-1.5975628182724804	1.3695730529942158	-1.6847663509076856	-2.2162226336639845	0.3989077451355228	-0.3314832537725168	-2.6879640973120438	-0.4767763402297486	-0.01836901068236207	-2.04792820851699	2.788962118613408	-0.8695408267865752	-0.21650365006927336	-0.8467166875512394	-1.2035016667002234	0.9413978259378589	0.06088770222656013	0.5409741119846464	0.43176848527866135	-2.3581131719517407	-0.4253024164082701	0.5662118633686548	-1.2664561866586652	-0.3372744447960471	1.9635567459341645	-0.2742131471099563	0.3854553621708189	-0.7008058017023159	-0.03191800962619046	1.6467621107366408	0.24644663823711885	0.09749344008547381	-0.22148781798763678	-0.8962191701828126	-1.467112607151719	1.2189896281698993	0.060804567523512744	-0.6437118027063619	0.004102153601575596	-0.006393209478847285	1.1016603452957276	-0.8706281011084882	-0.419132553293811	-0.06039546584983727	-0.5883295446465829	-0.23811726903306882	-0.7895325324026371	0.15298623640316383	-0.1840430061203995	-0.39824709480524095	0.06880429742769528	1.2774270678916289	-1.5739345290541173	-0.3497499443739398	0.1493177213235344	0.9081280910554593	-0.9507225688519225	0.05356510936220362	0.8031872595503757	-0.48929000521957516	-0.7004221780229146	-0.05670271813997096	-0.11546537601699082	1.1796599813383004	-0.1711012710116514	1.7347126519764655	-1.0769078507864243	-0.49487325066680754	-0.273926165074017	0.8104829192403101	-0.16845267285290627	-1.5078077817627387	-0.7573436781956768	0.2500621733869875	-2.117424341967984	-0.3887893443306954	0.5367892459710534	-0.25755877849811354	0.06347668384324623	0.9230322115245136	-0.22761210169382606	-0.1954192567210074	-0.0421667823785584	0.18213262465759694	-0.13052803832657034	-0.4624140774301847	0.8295689216390387	0.3542985606244595	1.1214414870352352	-0.09588793880653718	-0.003838646732122455	0.47654834719077277	0.13864727888915193	-0.6888100306416709	0.05094951689760678	-0.6835280238601503	0.17002441025702833
DTXSID9047413	-0.04865597203357163	-0.08869311246639298	3.6767936258457548	-1.4204183446921759	0.4297249668707973	-1.8630182345844817	-0.4326318962907704	-0.46872824937688046	0.0036616642875883145	-0.5089499673897998	-0.23732767044485384	-0.18446517450886085	-0.21898945510567502	1.1665844483737733	-0.8431797632960263	-0.14080390130545062	0.6204352165282884	-0.26778736695610406	-0.031848533403924406	-0.9207155655451168	-0.13835102301416788	-0.4631860105598375	1.4255665585243662	0.0002796547834256958	0.35831461839963397	-0.9083768020685742	-0.4650118261507077	-0.31827080878099223	-0.003304403360104554	-0.037397572163551496	-0.29071962174921856	0.7287400526537486	1.075208667648167	-0.16243823401001262	-1.7165448734876538	-0.4271401982192356	0.7831881807732125	-1.3972439228774465	-0.8438611072988318	-0.764183019015826	0.5031267052995122	-0.6928366668213999	0.1852645963844801	0.2888805716301161	0.21268972563050878	-0.6332223306277748	-0.5825295500533045	-0.022481209634392284	0.07748446234249158	0.33860462980775236	-0.19766486128822658	-0.7989757559444356	0.34708320066807763	-0.05770142640053889	0.30129592755396273	0.6512588384801806	0.18518693076367562	-0.21056268336625444	0.295945742189563	0.5967548281337777	-0.7982352728820489	0.52534853673382	0.24090649012538695	1.4322489365920077	-1.1633362691095235	-0.8208993493975572	1.2938942694571118	-1.1909757910088	-0.15245105806982906	-0.2240894056704905	0.18708453813297113	-0.23118319763277603	-0.10394062395167857	0.4936365010098906	0.41348844587191347	-0.465932588457197	-0.13540182957096097	-0.13086113403329838	0.3533314647468219	-0.115189957035309	0.01085233089942457	0.2014226053317809	0.05685272679774872	-0.2963061374860651	-0.23475805655015433	-0.05800782722944241	-0.04685095939353303	-0.4734757791644104	0.11002374017467628	0.36691807028280216	0.31471411154427753	0.3029700088516019	-0.39484423470885466	0.015443906502988748	0.0450532987887557	0.2642978128403015	0.1355401954187347	-0.1842085684222628	0.14469802260500506	0.4592182449438494
DTXSID6046268	7.308766295491608	0.17773995239385054	-2.590667225446475	-0.05817423166373845	1.5476272042392394	-2.5432006739322603	1.8626381759784194	1.0298238303723715	0.6052713110775972	-0.24971300116716058	-3.4474343036095143	0.4589239755076685	-0.28558869204181586	2.619000850679038	3.101079217476679	-1.8630040763344915	0.4939423987477094	0.5600383217872558	0.03463505254097439	2.1004019885228975	3.679177697350983	-1.1600157400177404	-1.1939462282986733	2.1526268485769613	-0.07661938047587886	0.2332407503810867	2.6278884738325123	1.0791083049723738	-1.4058949826442053	0.2357728750904924	-0.3407143369634909	-1.144577129961504	1.3732506448674453	0.9801406359597035	0.9606575470594004	-1.3263303953450554	1.0604534593861983	-1.8730732855339414	0.7896211523356436	-1.2490265319676936	0.8718021630134245	1.0365551955643564	-0.2851158934587323	0.7495466792172603	-1.1654394968649777	-0.4320486431939789	-0.9320646529123418	-1.0350406461731663	-0.4786211376954513	-1.1872191435466495	0.45660458870456466	-0.38780051578245345	-0.4130700170251754	0.596594959309888	0.9273318649651004	-2.1285643301352333	0.36428427869185076	0.07164693609299833	1.7175700273374424	-1.3104620664449282	-0.5340958510939882	1.5280495059076553	-1.1431775921657574	-2.102181463553446	-0.6843077456624954	1.1801267369167057	0.20585009165719695	1.0236638829073559	0.8588600000128696	-0.36969245630387826	0.419056901489185	-1.284184398941509	0.5921086402732151	-0.8478480778124102	0.8765299322126265	-0.2374587595516685	-0.9698093515408732	-0.09138747634740205	2.108411502501111	0.6289439762482932	-0.04343416614949982	1.034239983847919	0.7473642466400782	0.8787206831832	-1.8723362159633283	3.212425956844106	0.2808098489852937	1.6076871178291459	-1.7896278754883568	-0.46788273080820597	-2.151636285499891	1.8989933296890456	0.6705168935745249	-1.5018379245250362	0.29906769393359645	0.4093568212504164	-1.1646901601251733	-0.8882241312472995	0.15761807552340099	-0.8241338210709186
DTXSID0047082	-2.7813689084839144	-0.6642374183440903	-0.007537263894159073	0.9132997954600359	-0.1410173852420863	-1.542719631249148	2.928426976992186	-0.2821043693481734	-1.0607630918508304	-1.9902785879947138	-1.1064823408203601	0.3137896147581785	0.3758134868896617	1.8557391974213615	0.7776726741405853	-0.39985055343864473	-0.0750905159917589	0.5760590302403414	0.29563743154940214	0.1398793403408331	-0.9383121746851201	-0.26451316965528465	-1.212364351666664	0.30213157205693447	0.27473274980222645	-0.47131416522305164	1.3568457119080979	-0.4582949089244853	0.5861110667444134	0.15970436938605992	0.8412272888554811	-0.6405832183841528	0.7943563246554158	0.0987234262053372	-0.15458529709652957	-0.20453467602617872	0.10275171827988035	-0.7675458669530554	-0.18287169493658237	-0.5154166127544468	0.3550126455705709	0.9198903747590469	-0.8571092581261961	0.3294650049389716	-0.5125663409593879	0.32452239486097983	-0.3582755747673914	-0.49262000295936864	-0.31346723441481833	-0.6824800943189723	0.05216711218710623	-0.259917900640616	-0.474706279778639	0.4113369371069609	0.2291706161837351	-0.7544584723722486	0.19851358952018736	0.8851354869796048	-0.11437108590278498	0.22677588487655173	-0.6537171145907267	0.7106123489593854	-0.371404383611053	-1.0828353875408872	-0.7990717936344126	0.21236922003872058	-0.8627704829571023	-0.18948803552599455	0.02309662236435803	-0.17633664338951716	0.3160045226187122	-0.5956050623662791	0.8892184596174388	0.12285541801305092	0.17939186025229614	0.13791462305971156	-0.07472309749257408	-0.8161382413281785	0.21468869127757326	-0.1254017153921459	-0.45342728480672007	-0.4291713165846934	-0.16749357226018816	-0.6265854287493073	0.18669631414963886	-0.021041266592888856	0.024373202801006244	1.3296806518596544	0.17114325590586543	0.28664519853310283	-0.152413561851238	0.515239599851009	-0.017366163467324867	0.11166430978385299	-0.015696950837488684	-0.49890699474403866	-0.25540977645045043	-0.0034249868257197696	0.0660068040291421	0.06397705424770092
DTXSID8022246	0.1067403583271007	-2.612697599133024	-0.12582276443346935	-0.14456974976751566	-2.2505678404814047	-3.2085620855820056	1.891247293432037	1.4471715130069176	1.1143848152715394	3.8401642755753644	0.04298235922684335	-0.3766195599132887	-0.47197231699996545	1.2804912495820144	2.787122295331536	-0.16415172088880634	-3.044948134235723	0.6519210063445247	-0.5612399293644393	1.0524786619279207	-1.0400220528798363	2.17168227043782	-0.862976025222199	-2.333641919948838	2.0989341046731136	0.9409615789086554	1.4609123976329732	-0.904188976629105	0.004562842239922496	-1.9185941953003303	0.7591220948511213	-0.225976128900009	0.23243818828646381	-3.3791893032190514	-1.655647897633343	-0.9605157870657922	-0.1281411885965745	-0.6925427176217894	5.506658948877434	-0.010072876810778718	0.9168287260488894	-2.802994743090438	0.35911465344813864	-0.14551737910019732	-0.43071264820067423	-1.8683968927480237	-1.9469180265751305	0.8063925897761977	-0.09902653348123762	-0.6338053319228673	-0.13686783907346312	-1.646371801142509	-0.15420585715533006	0.5257538307095485	-1.3529307003897972	2.5326526465731303	0.36500850664124224	1.585448691829762	0.7631357976317404	-1.133611802840034	4.345809848842884	0.15304482677234035	3.8347264740617137	-1.0102540810920566	-2.1996496753766897	0.6322253425050046	0.6369234892361251	1.9044655776690151	-2.5402546521708733	-2.0084721140715573	0.9011164808102592	-2.64403846993074	1.3796049566704813	0.10047412484188148	-0.8449148241422122	0.6052699529372605	0.37046015506332053	-0.4259971637883679	0.7559934076439041	0.31091329902677517	0.2838924114978923	1.8987357461857879	-0.40436451716971494	0.5752849559581985	-0.19919314044464698	0.39086548666557014	-1.0879875733407776	-2.0058289381444863	1.0409766792154878	-0.19759883218156915	0.33930747487754254	0.27215906814567076	1.4954125456433338	0.1254879146161724	1.144600569673954	1.2420201057434526	0.09597544972858515	-0.31896035488274016	1.0837811052248567	-0.2833886660915373
DTXSID5027647	-1.0125495971751306	-1.1131602114002033	0.6536475935726788	-2.841359393722705	-0.7533687151489872	2.841861999018561	0.290058169922947	4.3780388097064336	-2.7907898782457563	-0.389937598938046	-1.0225684548815754	0.5001566599612568	-0.20822104261651184	0.5675903956081108	-0.9406395383702212	-0.9893957223277055	0.3048614578240056	-0.910145854127695	0.02468974438858013	-1.1263588318535676	0.38778103851346846	-0.6904713992082606	1.3733128511011647	-0.5114341120629607	-0.27052753966652815	0.51544719738739	-1.0087126207289243	0.8898976017557095	-0.09330618002409476	-0.5935073102750456	-1.036871560243466	-0.11688452150053842	0.8790924667515579	0.22030426580192705	0.14752106215165237	0.5610169422856687	0.6047420265798031	-0.5196820909392882	-0.7505222805574728	-0.07347396092146072	0.0923649664715939	-0.8937597547158785	-0.17705694471826625	0.016129426606555603	-0.3002179697845482	-0.20625841793920158	0.302371333580337	-0.03290846451494834	-0.12726460014922147	-0.4695552434729002	-0.15955825778060612	-0.18458492557528147	0.33359915360917375	-0.23229251689535743	-0.06380047276730089	0.14831193853944885	0.1258383932735087	0.26401138481149805	0.11149879205706192	-0.6052099087335392	0.2799415782332841	0.20084156902205288	0.6008456831413069	1.2001087520776448	-0.5024937061580911	0.006219080425990427	0.5224925113515142	-0.17847484152554424	-0.01864888942818811	-0.028197325112512318	-0.31310477666209446	0.36832654317589136	-0.4922483157216733	-1.1199771863815255	-1.010415452431634	0.8156786358007544	-1.4233881407631126	0.08418868204330886	1.3645888232467875	-2.228875389366676	0.5448043595199391	0.04051589718949139	-0.2452076841380452	0.09464736758300644	-0.1573370551978539	-1.212199717721205	0.46988386210246014	0.01024419152471867	-0.7272573502620603	1.0211883267834383	-0.26929936486586487	0.6363201114310263	-1.0927122756511671	-0.441442621903407	0.04739536037561354	0.17706376593698997	-0.6163479863408926	-0.11853909940358773	-0.5170735178136966	-0.1947251700775341
DTXSID2021997	-3.2732864662009833	-3.518562370577324	-0.7699280970963036	1.4299583955130732	-0.9416298405410406	-2.046539729446032	1.990705738872142	1.5281611041044987	0.9067532009641183	1.9389947891289698	-0.36976871924413135	-0.03922078725128784	-0.34921578606856946	1.020904690684688	3.5853740588480583	0.797926208735482	-2.276022288344463	0.7593985476059618	-0.3495290773218193	0.11475205420735235	-0.38265647954227006	1.6979482548407856	1.1210713875973357	-2.024810836503652	2.4038139257724427	1.1502963945214164	2.22829449019375	-0.7509282589556108	0.3791073951604908	-2.040782672863529	0.7622890665026253	-0.5203355188951893	0.27823412239667544	-4.326008908067443	-1.40161745134393	-1.1811927655960688	0.4236036826903684	-0.23378731994154597	5.825289156744093	0.4566278814723909	0.48549137227469885	-2.296454923033923	0.34140017511758486	0.4096371158479743	-0.738623192937226	-1.8938487424531756	-1.5946053652089744	0.8009423139741573	-0.12699365751355515	-0.0893263607249096	0.1070783400564729	-1.204363192852032	-0.017486733468764726	0.6569114731698774	-1.2774631923367386	2.0166126385243253	0.8450700509649195	1.3127399808790334	0.579570160991037	-0.9434458337316569	4.706353939112441	-0.08663562428256337	3.8811942147055714	-1.3262528654841828	-2.27876957474104	0.8273658415882192	1.117302543387386	1.5057990176511835	-2.282476654668249	-1.2407506202865544	0.7884460721776487	-2.513887536184246	1.3126105626731204	0.17843964129796458	-1.087696560271194	0.5492874121334743	0.19253894736232927	-1.2698162523822656	0.3348964651880233	-0.21551300859266623	0.18336130606491424	1.188972189018078	-0.41602471371130173	0.06798207466268187	-0.025120628270862044	-0.1696978362977647	-0.27406846884862746	-0.6000182726742129	0.4453480901711948	0.015156400741701735	0.2260101533293352	0.5206123245560411	1.6556070467940276	-0.38626364445496864	-0.3390660931499393	1.0619615467956727	0.004808883623326394	0.022251235646388146	0.3890263709923059	-0.8094221325108877
DTXSID3022401	10.38699780373057	-1.152883912271554	12.604525932108656	3.379787169383071	-0.5682128354638942	2.1623747387230154	2.770934552363038	-2.5645567340874136	0.07583357418764645	4.263612132108491	-0.2729203207116853	-0.03269178772320013	1.242851708410867	-2.168705627463036	1.2594276601938348	-1.0514423879978019	1.1038445762556992	0.46019635684349713	1.4993482893113947	-1.418330417555396	-0.5897473157364658	0.017380289327820802	-1.5324802312448254	0.8401864139888264	-1.0925453212474179	-1.0324427094687638	-1.2842818608150992	0.7041225275419176	0.5127363452330642	-0.6516870054709488	-0.2488854544470644	-0.42834234952519384	-0.42358234884065066	-0.33626599790256506	-0.5390537018924614	0.6318308192908566	-0.6276767282213506	0.009726347304031949	0.2435837612602207	0.31659867382469503	-0.32900680538564325	0.3479160398559237	-0.12737874822365913	0.2101466190524935	-0.19823294276204564	-0.07949196774771763	-0.5739437112715692	-0.16420377925296312	0.41230697382968806	-0.11799884862225529	-0.04208855376603594	-0.2303019698061732	-0.27139621363402094	0.016436757202754025	-0.5960772357847904	0.1383378653382299	-0.22455119573322183	-0.09854935856853805	0.18606819971053135	0.29627727227434275	-0.3187427828821097	-0.09827933469783595	0.35053725665089486	-1.7078549578043187	0.07255701834346476	-0.3010192549007786	-0.21778196555210735	-0.06682761574962538	-0.4679842325922039	-1.1646210965723425	0.03261254369354508	-0.16694731599379065	-0.7510365418336941	0.43361721328081293	-0.4612196337359275	-0.699073294041498	0.8664325545770462	-0.14025318964535263	0.21382115413451677	-0.4392996454005133	0.3561120678189852	-0.6580171663005155	-0.37976184293016507	-0.48705574031671406	-0.05555192815678608	0.40353683974697635	-0.6106043269266233	-0.15710613412154967	-0.440780491264478	-0.06730862043836117	-1.2666278073433983	-0.6419390746191337	0.31236594621971603	0.6052824254461627	-0.3600385342049407	-0.4666021959409567	-0.4196228360038465	-0.06775034453909155	0.06354002093565689	-0.9807682111375217
DTXSID9025401	0.3847099515020688	-1.228992293281252	1.6590568496873617	-2.9686904829639205	1.2835417649457401	-2.7673487361261135	-1.5353088523162488	0.4813809891427649	-0.486526509618972	-1.7252262096667415	-0.5044865402989243	0.074709277297473	-1.3477875754351853	1.8720144382324744	-1.1056125897043108	-0.13811458501076057	-0.3130628742123798	-1.0555314313982544	0.7290750947199055	-0.3345465818832866	0.21647669069415737	0.6180969401893918	-0.5412328302802265	-0.8196451286115524	0.9634630480991435	-0.22117961001367303	-1.2094186125634951	0.6528280725886991	0.22819619845157213	-0.874488253329952	-0.9503313914555709	0.40715119911917924	-0.22073870727085992	-0.6830465855802706	0.023999713416963046	-0.1123237288961216	0.20092359045446528	0.010354439294473383	0.33531401721925297	-0.02881825583074224	0.055528790807213416	-0.7858886067471664	0.4614424707761096	0.022314478346111312	0.15436159190407023	-0.08362470256603276	-0.3364659554623133	0.7390983242848709	0.2213576996963574	0.5417588697814804	-0.11630252963853654	0.09681843827715057	0.4671097554280577	-0.3457321271791437	0.40307273281057077	-0.10677405290676949	-0.21573730989313816	-0.31777734729800844	0.5919278577586492	0.1472897483753927	-0.4780167713740871	0.048945295080584594	0.3889228535319583	0.6851264673729643	-0.0909474654573854	-1.0122991322214532	1.3882235226643163	-0.5899958170192737	0.13489706360877604	0.06699284953637026	0.7942606687695726	0.15730104300619902	-0.1939697431887737	0.15215591574847748	-1.7188419669861115	0.23400324556102126	-0.13409204659803337	-0.786252424369686	-0.2969745329081429	0.4492862741880164	-0.5868254336036423	-0.03818933966273059	0.6050024694924104	-0.12088189752157184	-0.48318636541132104	-0.1010797553871118	0.6060140672685755	0.24990732527841372	0.08905198910849803	0.06876421086665727	-0.34551619394432137	0.5609285766096331	-0.3676804469291695	-0.07128118951175914	-0.36412676767280633	0.26229097029832055	-0.8893059744360136	-0.2209302842661235	-0.17415387270910732	0.13443402638371185
DTXSID7020344	4.672626177073381	2.0864680181498825	-2.1221999633679096	3.1103370995546147	0.9091103896777067	-3.0649281264319965	5.308635330245955	-3.577745036425827	-4.852257262261971	-3.9205298592238593	-4.052064831421522	-1.2146970642541945	5.461818679588093	0.6320859805166011	-1.394427272751747	2.2732984483004635	-4.9480136673588415	1.0059880673883135	2.1887768882824092	-0.5754962627366373	0.4042766999562925	1.2792325169987258	-0.490254230523387	-1.0531543215756125	-0.1871420440952948	2.0135332162981094	0.9541855305990424	-2.7058326934165438	0.5454137998990537	0.19496980793046592	0.7627895270619155	-1.0891387045462988	-1.0253599827810425	-1.8417366787095555	0.7836736866589812	-1.365623953920621	0.8475095769244148	-1.8808792591118602	-4.861339696818665	-1.3406199201157767	3.3192652484390957	4.002417208814237	-6.182797714322273	-5.129669773096805	2.3954911748112853	0.30580455414118835	-10.079075841337158	-10.64979956180789	0.470759915472846	-5.564423138404906	-9.397516126412473	14.493140818091556	11.220564488072652	2.008900077106942	7.588128108801308	6.042079561420361	-4.052179680897627	-7.808028588434631	-0.4398262844116859	-4.9050985602977555	4.685209725330702	-1.447956070281937	2.071673956155381	-0.3010694111313347	-0.018776428936844	-0.9074192422021871	5.19189953253531	1.721162246729568	-2.506528566306496	-1.2551552302409235	-2.2464438706315524	1.0396623838008001	-1.2817382157552146	-1.3750111014055784	0.2162444736594216	1.359604117879871	-0.5156866028665348	-1.7030826777516797	-1.8828641225409468	-0.1645858465232647	-0.8127460007196989	-1.0656488268954003	1.3448379061402391	1.7439161671034256	0.4073055009979075	-0.15996704140213838	0.4064519929716384	0.5447221847639635	-0.9049711843905566	-0.28112071533532057	-0.25427798329105233	-0.41635548279533857	-1.361640129654989	0.6088064413622603	0.1882758509042109	0.7464627925116394	0.11302047771706979	-0.47835035528269776	0.5948549718175125	0.9559309586584034
DTXSID4021848	-4.524938110724943	0.4126979669459393	0.8756231312813072	1.1492386662190788	-0.7723192146608693	-0.427184637115018	0.30609812830298927	-0.9918509988943472	1.3440181554980886	1.0340796317001897	0.22017127366267614	-0.2895896241154128	0.07335315531000278	0.07118421397831841	1.0206018231471707	0.17330292857749294	0.36371908609876846	0.4805317642727184	-0.26082968825739145	-0.9957338605066621	0.516612530705376	-0.621953785892001	1.153962056822068	0.002819390638656545	0.5471596259585134	-0.8888079097388638	0.32813284013396077	-0.019044342310210273	-0.16498652942253608	0.25789274880544244	-0.19134924067446518	0.4947654282846659	1.3723446782107227	-0.41464633019312985	-0.24361309295774	0.5056377927199105	-0.4886080401245489	0.14851286088050125	0.24057355410552855	-0.3136705810404918	0.19060223044084734	0.35287521709618	-0.23095293280552456	0.2031930607605657	-0.37636272969801987	0.38168855502753835	0.5328310633182659	0.23081423870479256	-0.09646869680807324	0.18946750570700693	0.051041430699005054	0.19292137240634677	0.34418473030765107	0.1453353292001118	0.2066244896481837	-0.185263264597372	0.2635715396180221	-0.2289391670753949	-0.3762786556904229	0.10868745534605458	0.3318480276614506	-0.011877310436855507	0.0014826508127835428	-0.2736664672242277	-0.155109493212763	-0.37664188528951625	0.28227653064835656	0.7781865380128987	0.08138180361368881	0.5052786739315701	-0.5011731401619707	0.5911800265148422	-0.4673202079627319	0.18543254630817146	-0.6920870792970075	0.6865857463268897	-0.17945444401276253	0.22317287545543854	-0.04230482954620218	-0.054288993764138004	0.04151095038250142	0.20854230393041667	0.1997945480796721	-0.04649562374718036	0.19046544715050373	-0.1949445017755128	0.31412413650989274	-0.009162865609239578	-0.167965718609267	0.2675154260358478	0.14991590034837748	-0.4803983101822291	0.1176891566106382	0.05508616662565792	-0.19302020255516655	-0.12400386784738233	-0.43217139467020127	-0.22371745711417443	0.22308158547985021	-0.36290541210176197
DTXSID5044867	0.7164876993625311	-1.243444344436152	1.3519845831215047	-2.2208541662236323	1.4249481426708288	-1.8920641433707832	-1.7815165210052277	0.5787290440138783	-0.38881552566355704	-2.0031011935616183	-0.5723333075513106	-0.013346933397916847	-1.5533031831370756	2.3397358443691223	-0.8551707849611129	0.2204161673314142	-0.004164111832997852	-0.2956413668511534	0.12320976372897041	-0.5115225684730822	0.5504466701342174	-0.03285859104622345	-0.750744373920383	-0.946049930310487	1.0516643220005744	-0.9205321884326374	-1.7498675290027623	-0.16863080826684307	-0.1333894024735777	-0.7092278894400407	-1.2699075564046203	0.490304518031761	0.1417915835701399	0.020297198227389714	-0.4702522936989845	0.20852978328712288	-0.09009605221799444	-0.134943842807749	-0.6163096965778575	-0.35430618342474773	0.1523296704275536	-0.8818364670744164	-0.13958156652013387	-0.32354727248822723	-0.4469414185848065	-0.021021601087824023	-0.3491414350762972	0.09421078671446662	0.08958381482733582	0.04571087383139921	-0.19508258053504418	-0.42608166561578525	0.21917483116425457	-0.3944086747223679	0.12312252856567119	0.3788146599497814	-0.4059060677135443	0.1494094212967913	0.16945612859510847	-0.16335209904274137	-0.5132364788225061	0.2808822123808738	1.010889977099805	1.0660876079435895	-0.3549082184004879	-1.365494941342892	0.1197853481302976	-0.23168736355745564	0.20214718900486886	0.6822905018749428	0.2627089063705998	0.074732824630807	0.8081438130708353	0.23520751941262327	-1.1311831422606464	0.3074996509440366	-0.07820221339886754	-0.05873754103339235	0.5435654727785955	-0.3718218139974061	0.32352268598660583	-0.16873439081527766	0.8188877960449663	-0.25669890654888344	-0.17662280825234936	0.21921691691561782	-0.4208071567309252	-1.3728886909123328	-0.2627443585368444	0.10906252173144744	-0.04534078125731362	0.38171636729503633	0.6197408021470617	0.7223652313984413	-0.6146278452931566	0.03995375481994244	-0.9018094913690498	0.11072039287388272	-0.17844690873487895	-0.25457898777627813
DTXSID6025438	-6.559951979938316	-3.6964860368092034	-3.351898215238583	1.7391941351385596	4.358568150664421	-1.3236617177275665	-0.8475745298111228	2.159023388037533	2.9139588733126076	2.50931098101053	-2.6361771623995853	-1.915831016067076	1.495913048258118	-1.2229449413772635	-0.5959510790984828	-1.2942560531768192	0.7892259152923672	-0.14350816170817865	0.22171085315309455	-0.12908596262995287	-0.8265297075541913	-1.5772481836202408	0.6496248615920267	1.6284017300151263	-3.046605353486282	0.908373377099507	-2.512269693391997	0.24397305451557033	4.968407527655481	2.4708367122866326	-0.47852683058367285	0.5642268478235847	-1.2317619067270877	2.8852915561770236	-0.7103535613745332	-3.215262207255201	-3.3070154763478192	-0.8937620402553602	2.1052305756490832	-1.3498574596853898	0.5484604320381047	-2.0150921947139575	-0.975295083678151	0.5677697889496953	-1.4259194699877134	-0.1552336356180181	-0.15843558655668802	1.922649971600093	0.5304458947729895	1.692905844265708	0.5344704872030956	1.5938438560399242	0.7616431581050065	0.6930863852208529	1.8460084673093164	0.6198637664890133	-0.04044962837316525	0.07705603247898618	1.708891669330793	-1.3501732622380707	0.21693204288587215	-1.053040667330225	0.6388003572712044	-0.5485750388342087	-0.9641967389133577	0.6212356234067672	-0.4538034569386623	-1.0666362110631844	-0.4584443519515831	1.0123450928233615	-0.7975258347357947	-0.3608245262811745	-0.06251566392862386	1.714618436298121	-0.7699280596994692	0.5531957717684274	-1.0042962445884274	-2.2834713524950105	3.498219190495152	2.312482614466944	0.2670799937372899	-1.3779593002676496	-2.3824255104525496	1.6903428306245658	2.0289418111871687	-1.2611894081330546	-0.12675983187135242	-1.0188603925532214	-0.030148297850778428	0.6116913629392068	-0.6079008404069955	-0.37046910592699533	-0.32754906429614106	-1.5760274884727528	-0.47144589432165973	-0.5940890585023926	-0.2195318894529704	-0.10992478959771192	-0.3225126076173501	0.07946346110249614
DTXSID8047422	-0.8586958345041691	-1.832503488377203	5.481926866583923	1.4006090148854855	1.7197790366728491	0.5928403967758866	0.19471884580401713	-0.48007012912021835	-0.5342636756089387	0.232578090189254	-0.5451791003573082	-0.08650543870935543	-0.26074517867010544	0.8190497752679019	-0.00802679835356349	0.3817041818053224	0.43010583469814867	0.47487318545039414	-0.5261887299242201	-0.3926489915676088	-0.1877653830584331	-0.42386600257061124	1.506898062569859	-0.21956024534589985	0.3571443551689145	0.9190856623626562	1.234787038766199	-1.4575552967625467	0.12197219901249086	-0.15015719381504047	0.6215524181897834	1.3695504029241887	0.2673767234315035	0.3544914181259318	-0.1151884266105605	0.029279888822487547	0.48216483405949706	0.3651104101459304	-1.1007929246455042	-1.1412471661517867	0.668582753420372	0.05187976627194687	-0.5612962659097763	-1.193505655466452	-0.16180671536396662	0.09377867503751391	-0.256535050748475	0.3130801691011821	-0.27579301735795336	-0.2050089702214231	-0.11224951494329133	-0.03402967547154196	-0.17695999364214657	0.1221030058437451	0.015516190286662452	-0.07033563776923686	0.6397125075734018	0.39092196821238123	-0.3308789601841474	0.28959887252417205	-0.49882579322363146	-0.12572509857527006	0.0017137111828467242	-1.0673564556893491	-0.6701379909993057	-0.1102604116996995	0.0907233636618932	-0.45704486624457563	0.043184497133355364	0.42758628155449846	-0.8960136747785991	-0.5227835390827344	1.0820581089472503	-0.22362479208202152	0.8054874804022024	0.4240706876020673	-0.7534202107057186	-0.2377863045939321	-0.6453993517329221	0.3685539022061569	-0.4242024282277373	0.20016472671279187	-0.14954887038490122	0.2795311076639123	0.0484507038993423	-0.3362239100467875	-1.0366176780420633	-0.22037520090555324	-0.458089098695199	0.37439319876283905	0.23029722307450848	1.0437338058125913	-0.6776258731007073	0.4023177932951495	-0.5347676480175616	-0.13042501688504474	0.32388748166099807	0.32846301393845423	-0.003728621287562175	-0.4644554215306668
DTXSID8024498	-5.1641930154535665	0.8646657343596902	-2.5755660573465833	2.269729195421911	-2.1862276655359083	0.1317998174378863	-3.039942459741912	-2.8067736664835357	-0.8998205482683087	1.6534054370419304	-3.4887211683282704	-1.0435805307784485	3.286478609616935	1.495112491545348	-0.715967128925081	-1.4694396748153258	-1.4345238622555712	-0.03606373969062553	0.5132040975805441	1.3792955183043236	0.2504049938056759	1.36809396538922	0.6865722306794793	-0.08759537500788764	0.09257097433649628	0.21709390297668144	0.6262516059058261	0.3410861794683925	-0.3816407364051155	0.7948714329656106	-0.09055882247449416	-0.7735361780915537	-0.3883583650521284	-0.3120428605868604	-0.5722495501315339	0.5573553665318447	-1.1383104281223766	-0.02616923044370234	-0.28792574211642924	0.06282056610319009	-0.6893887330568299	0.11473817892245033	0.16332869670543443	0.2686589899036896	1.0418657951486043	-0.9644059239556414	0.7715579717907085	-0.40739063534685055	-0.3202529888953357	0.3767652300893677	-0.08403541025270542	-0.41104304871273445	0.5552554088624694	0.020998630220677002	-1.2301846230332094	0.9555604369846363	-0.18725594168417187	-0.16455628785906332	-0.16955980897947237	0.49274088631013185	-0.35491960737858474	-0.8949734183580592	1.5714565316542188	0.3108953517969706	0.20438587248494358	-0.3390421170391902	-0.037974662960988476	-0.9413500863845292	-0.23714495941937416	0.1309937533007165	-1.1610507842528974	1.0238571400582648	0.242816266116499	-1.8241160421068414	-0.1302792539520889	-1.153431795328687	-0.0797322120462374	-0.7367458016285813	0.13894808105864923	-0.2932341555495833	-0.3020059786085491	-0.5667126648191563	-0.1222409605795305	0.1518370753355041	0.06297456059028654	-0.265753452583108	-0.7974698460244308	0.08781079949941205	0.690022193053668	0.07664287852899239	-1.0307818864011742	0.5000726311405024	0.1594624013158286	0.0313618796005773	-0.05862211827597645	-0.5675258982602307	0.25293902951181296	-0.2619692987188783	-0.2594242047752879	0.1537453701210891
DTXSID8034586	5.1910357344867055	3.421533405407308	0.8923145747271042	0.1756751055446889	-1.5262601651129948	-0.18127465310170512	0.48367029219254165	-1.2771818090474925	1.7297005683386708	-1.7752233617533244	-0.9319178552189705	0.12593579014548364	-0.6583117478034487	1.2343042619164248	1.8324247666311833	-0.42565383031197673	2.7421980321161983	-0.31582652679674855	-1.1123911426060282	-1.7025294757120302	-0.08376502029736672	2.8821267759630818	0.21787873517387732	1.344240076194642	-0.9179974661572233	-0.034603644066561974	0.6134086084143392	-1.6304262102753118	0.30327628842968907	-0.21608704259854422	-0.5471794723959741	-0.23794226798048906	1.0945481056624526	0.693293583283781	0.20810554014726912	-0.1724288710941137	0.6422411269943543	0.034952733497637334	-0.5895557443358217	-1.0757717849043724	0.5152411727203169	0.013604904614417561	0.36774609796656055	-0.4541458404224856	-0.40114443541746053	0.13307334183292466	-0.35080637465691505	0.08209209792921711	-0.1005661713787639	-0.25108682047576136	-0.01051247448776761	0.0915891115282399	0.258028112026092	-0.08188037429247277	0.045808329862799695	0.36520250935200754	0.667195175634498	-0.0014699574335528375	0.2843466853353879	0.5164997028467931	-0.4514426793201065	0.4713566564528778	-0.5902368378593601	-0.7593139824556795	-0.1528775292037555	0.13431116089032455	-0.28496606068283076	0.36049916659994863	0.1075491994095215	0.1940301596843356	0.6430381467083106	-0.6642665640778007	0.5720319707825403	0.4597598734791071	-0.6546261806568109	1.0330812009253254	-0.14042878840915218	0.5049041602767361	0.3778777017789987	-0.45321365408779374	-0.5362396974657633	0.11864850968362302	0.5770172767358195	0.07969426594568005	0.12577856310092614	-0.1782542907494461	-1.2010604785951309	-0.8279609189875895	-0.5871321110882215	-0.7040227693090979	-0.7572134502059921	-0.5484497644725788	-0.8972379031395995	1.8091158059358352	-0.13126160503451648	-0.6451936828962637	-1.1607872729272424	3.313287682467403	1.9782741241321349	1.5660459984994166
DTXSID4021137	-5.32121866211607	0.4636256740980989	-2.5351997519008522	1.7726186954135894	-1.3543058290012158	-0.45509185084096154	-1.0400460227183492	-0.5707811956234444	0.7278621856310898	5.57768654436869	0.6065475099355224	-1.278267604237251	-1.3372805660006997	2.6620467928038933	-1.9272456147748336	-2.0363734658414776	-0.8545631749043755	-0.558643533027693	0.6819622888804903	1.1534488807012222	-0.2140518440133392	0.668673867947642	-0.234104399865356	-0.6208183224661113	0.06969765687481785	-0.1886511360547626	-0.3926323279024428	-0.941436213516235	-0.4530404372015631	0.6627177391753365	0.6373361940688167	0.2925028301341764	0.4363832560668181	-0.3894443155708514	-0.7743953010323088	-0.04938739921633176	-0.06793305678578584	0.1604750632374963	-0.29417252255593473	0.5487782824076181	-0.0027229829014273088	-0.1456465553102363	0.5477627907054492	0.23339709517979168	0.3098802215959147	0.005333988595173861	0.4300636150340803	0.4021494084302892	-0.26272091001511033	-0.16323362614454434	-0.3582924283340896	-0.11238706807930995	-0.07099526738522269	-0.08207117748875706	-0.2633125117943912	0.19036568358587438	-0.3682901907142918	-0.35440360922164305	-0.7109383798627867	-0.3971972411755679	0.3779761646110333	-0.4912604883516631	0.22628685747941585	0.6732276343919968	0.3968391170896359	-0.5191889937949801	-0.25675680867620293	0.002008402885213819	-0.4520012754307284	0.020397745226365935	0.15340641420796686	-0.41592924329190234	0.13317432980552465	-0.320907519400314	0.1961224080882203	-0.08953727807780415	-0.2620522570594036	-0.5202716851907966	-0.35694765129023687	-0.12989485057981462	0.514684982998888	-0.6656265025542004	0.0756604062592518	-0.41147058713308926	0.3550236071718117	0.3332900828984069	-0.06749156680937149	0.12373825611831608	-0.19701188387421306	-0.04864669485305205	-0.24620778683025202	-0.13984842543462125	-0.36174181837849045	-0.11779048262782557	-0.3399095019703383	-0.1965028359251326	0.33331796863327545	0.20618612516582577	0.1171841348150546	0.2839432313770132
DTXSID6046551	0.42973634562506696	3.735278421041483	0.9171931210925877	2.5249181888549015	0.9038232925944533	-0.8069718386454792	-1.5775429362483266	0.0969079971354537	2.767363386736962	1.7016100192542976	0.0982400921106003	-1.7979878813992582	-0.8790825382791858	-0.7228403190295102	-0.8625050274432607	-1.433638122838284	0.5551918891438742	-0.15130180870348653	-0.2986101384113889	-0.18978284816235716	-1.3130942295692922	0.001059265124983376	0.07887453485122378	0.5961633926509877	-0.7848244731171271	0.238547791856719	-0.9667038905407938	-1.5751850787644326	-0.9987493435317987	-0.6201670486810634	-1.6808642077292775	0.3448036922905242	-2.518117084228315	3.1256124464873625	2.0509298051552194	-1.1954709623227289	-2.394122982107754	-0.13045720483694023	2.182339203451113	-0.2641531806396721	1.184810555247964	-1.1551716477778862	-1.2132892443677354	1.1146694128662331	-1.3663716794066456	-0.24285137118846448	-0.7443931945051013	0.2082402948558522	0.3370036189487663	1.2573559128826437	0.8026441054724002	1.012239148331742	0.6635728081710174	0.07255561800607434	0.6306684416022549	0.16514428639957013	-0.5672512935901344	0.7298575765604873	1.6460167305967703	-1.1546133185234688	0.3452218695625067	2.6163631213164336	0.3786580442527353	-0.0031505067924584205	-0.40774466943130744	0.726221583429003	-0.616592166389571	0.255343856382714	-0.13446719908286492	-0.7420427407503015	-0.5923309059248258	1.163393478449021	-1.1614501344702137	0.7318893975631104	0.4246343801456863	0.4742720896924871	1.5548800072430573	0.5387683816676516	-0.017700936982930023	1.3102511974078044	-0.2680378729350573	0.6674928774050497	-0.2171324619955485	-0.23956195223980958	0.5169307853636732	-0.2681699100108206	1.340433255880038	0.690566801907967	0.9835166836893885	-0.3941888346210361	0.5012494140079117	-0.5618869849814576	-0.37157387323535795	-0.1718960039519613	-0.1415219473302103	0.061820888602548495	0.1588873556066045	-0.12828558099740972	0.1880373558376225	0.7006310257165254
DTXSID2041412	-5.141506709586395	-3.9998560939291514	-2.050384959932481	0.2587698562800265	1.1722531621268613	0.2195284847205208	-0.17484268389431223	1.866207190058515	-0.1474361120032283	0.22957192672064505	-1.1381565272851792	-0.5315548006853167	0.7194313796328767	-0.3453444057734177	-0.1248499116905005	0.39757020654095815	0.139285277899007	-0.2521846368515375	-0.47263415763297467	-0.7588948117227011	-0.1335134056973603	-0.4526826651469116	1.2509169270122333	0.24850764867833708	-1.1622276872870312	0.47587255972421144	0.7164714826367573	0.8300963026096031	-0.013916843859229318	-0.30482640885182016	-0.4467861818311356	0.132667470685687	0.5148508556613984	-0.5268150636157349	0.8803627046967116	-0.07301623828150978	0.07687993544013816	-0.29046130683828225	0.24496058752322286	-0.02270657383452908	0.3651203552580163	0.5991928960675378	-0.21157778155947993	0.7546030024572247	-0.10839373027742898	0.2049117836637264	0.13848944219534784	-0.4277899202001001	0.19587195182609626	0.23751384384554436	0.23294020420309627	0.1610989404581224	0.30745564654719415	0.3081565031469084	-0.2831287047985163	0.027603976335259628	0.3727195319403831	0.46306606247869775	-0.36952343064237897	0.18378148517577758	-0.08381527336037037	0.21828503234009775	-0.24437632865113265	0.13986960802947707	-0.5670851046971339	0.3746230509880023	0.31916609017880165	0.10655571365793663	0.13754486409722932	0.19759546910528494	0.13093550201977897	0.5405166641203878	-0.6633168571605954	0.2678792748511721	-0.7608111487119923	-0.21141290977987492	-1.2537629724293993	0.310804210807638	0.6552829471608355	-1.3413855660809517	0.37360628358687575	0.2644032234900415	0.3038316850707162	0.24135942761792012	-0.5401129510807653	-0.6178657316469526	0.5978428781182241	0.2289081681029814	-0.5187806390082357	0.07960061837368748	-0.29766231442659835	-0.21158286015926844	0.35086775493959765	-0.25630811522052505	0.25147489534939255	-0.1048307853034057	0.6275572706733714	0.07898270880489579	0.4499108407558722	-0.3564535060181453
DTXSID2044393	-4.514568550251645	-3.167224302719153	-0.5824691190221275	-0.5532439498334012	-1.351136801912151	-0.5705427068188009	-0.4805587492793636	-0.8634898829960268	-0.28229603045153523	0.9342714048548153	-0.016033690953947317	0.476278840384378	0.3968584898971054	-0.41723442926177745	-0.38038364512924705	1.1075477875751119	0.24008815967817365	-0.10479868126268184	-1.073426108303862	-0.34193562373835035	-1.0021260179766895	-0.27388014287689555	-1.8926923228630683	-0.760141372233161	-0.6510175050974321	-1.140460720477007	-1.6274027792228605	0.6741507544292347	1.0408068882343333	-1.4272757473611961	0.03663086280196399	2.3650219144378806	-1.2620389325235712	0.33209817127769264	-1.7105552792996024	0.25776712288811865	2.9908140769991216	-4.607618748324539	-0.3446511870462065	2.097032652513196	-0.3592320239858197	-5.352182677128916	0.8493918554405601	-3.447897588757087	3.405054372819065	-0.8586022401372606	2.2933883236799306	-6.1562828934022935	-8.2212799261187	7.356788191816138	1.24428362490942	2.1537808617284324	-0.5717197898308951	12.761806258285924	-2.1725780022935908	-2.803430178931328	-0.695843631218245	1.1731955581594826	0.1216682809852406	-1.9256989285894413	-1.3029022354852768	-0.5097746653452636	0.4007610313599266	-1.8916358413519814	3.2884858296544923	-1.5024306981972961	-1.447541816899378	1.840760561825507	-0.24975033192118243	0.10912812271846153	1.1905925719055752	0.05109944400849436	-0.6520781216588789	-0.03000384476502576	-1.0433903768440507	0.7527023783494394	-0.9300456911821636	0.4177888157623741	-0.49509284414912746	0.43636218552084316	-0.22160170459505818	0.4743553981587902	-0.28921216574189623	0.21927078785868787	0.28179107352528227	0.20934889564363124	-0.21215785827178524	-0.36251813047409165	-0.04550431641584537	0.35726405607426515	0.8907653295308451	0.6962769372567573	-0.4354573291941586	0.6769390305629106	0.0128994529339107	0.4396970053649313	0.9224674830736902	0.4349804904215816	0.7821187780530297	0.35502623196991107
DTXSID0024555	-1.6994227679256602	4.373442618433678	-1.020498795566617	1.2022984086869795	-1.092354327233556	0.05866889255649773	-1.8078577863503509	-1.6037145316652786	1.12922121395214	-0.498099832600127	0.2546531314044185	0.1762911519058083	-1.0705782117689586	0.2231428447841666	0.13831875516795203	1.3593615699242347	0.5006567995614912	-0.3559020923578481	-0.6257486421820924	0.17964143961924392	-0.9812857687100238	-0.05830789752153493	-0.7580888431368601	0.01173577097035581	-1.4851160145756492	0.7147745110172811	0.1671174112111833	-0.33111096115487587	0.8121805171675429	-0.18655848210873618	0.8783048250677153	1.6593116789245799	-1.5478788240082961	-1.3538786852218774	-0.9238937875454829	2.6189023790071997	0.46908004767384753	-1.9656154979147322	-0.7542366747184995	1.5283734211835023	0.08054509223597973	-0.32571778218295255	-1.6732299782803202	-0.04148076789558816	-0.8635396930269896	-0.4854532697007951	0.8136469558867474	-0.2839955051932998	0.5110903261811744	-0.05627674356314836	-0.2981289144167432	-0.3116281129978407	-1.1593416431841008	-0.4753892923986087	-0.2152107966721017	-1.4140964613689258	-1.3476919421370617	-0.38556142393494536	-0.5813705004183005	-0.0443518645062142	0.23351894898750042	-1.3875919964939494	0.8009342838240889	0.520799561519363	-1.7749456303176105	2.2852202250154905	-1.1499499637874133	-0.6166289958955549	-1.5782700490550212	-0.6976176085562763	-0.06015274265136	3.2163929556128665	0.8477830860551991	1.0996340773002822	0.19039269477679305	-0.46112360879955744	-0.6856545954857856	-0.3811082635346621	-0.30880092588124997	0.11003444810512265	0.880457848460409	-0.9950755361998224	0.5507808520821275	-0.44460831444129	-1.2140021865004698	-0.5596857381856464	-0.5771164498828387	0.47459630429744587	0.4746434131203543	0.22219172051388153	-0.2812320354009974	1.038205038355867	0.31476754407356206	-0.6207831892402579	-0.5674412735791768	0.3298312330057517	-0.1618607750356112	0.1659519711266113	-0.07047818681090047	-0.1541609780447328
DTXSID8046244	1.2689953689010804	3.616737181400137	2.0784192261057903	2.4058070826473976	2.3636226026055374	2.1004552571937416	-3.0061267822482827	0.8719253196575673	0.05925322684996808	-1.7152500127356534	1.5076568666677383	-0.7546254224937405	-1.7290158728722511	0.518044680981578	-2.953680891047403	2.385810197228248	-2.0053638729223917	-0.035756574663457476	-3.0612295050248255	2.186460657557199	0.6602548936119766	-0.14922407466561077	0.5697395829499238	-0.7428545191912149	0.4896559414404536	1.44462660220738	1.9914058665195493	-1.4038413838637003	-0.30330093071284764	0.8968952077076338	0.7326147204268351	0.7894432774806993	-0.07502978741562842	0.5419589011617536	1.1049787961631001	0.7805400051345309	0.25472169704356157	0.6376115994191904	-0.11107275461033853	-0.18994963441405782	0.6044505983433488	-0.18526222306591367	-0.33322518994070915	-2.035428983066575	-0.42135208347829206	0.5184944145847816	-0.1876292278988229	1.1597920188684812	-0.54604119311832	0.20727331390199244	-0.1877540772830239	0.9391299774709023	-0.2656996965401847	0.1303959903763318	0.6706123067108016	-0.30816193442344186	0.9950086454772763	0.45068576188482634	-0.79491065461116	-0.6358336070072904	-0.35842960109808325	-0.6865441971296079	-0.4824789019924151	-0.6696108833515282	0.25138392459147746	0.5908725819024947	0.7641621742247121	0.121394014648687	0.001399030959843458	-0.6326997968377581	-0.835107822410633	-0.6655833407077829	0.36878869067290776	-0.23781508735922863	-0.05706122335530207	0.2772080279105961	0.1669378606040643	-0.08938109220565235	-0.39302215622878484	0.18107662777120062	-0.47858636419410416	-0.1292394561376988	-0.6991476778144547	-0.03909719447493762	0.5452415409875531	0.3950095066775057	-0.04974514412072386	0.266910670481206	0.38892527493002627	-0.10843365110346673	-0.3153313573200612	0.08809499300538744	0.3318340349407742	0.10277102694364632	0.5573659396045855	0.2867258198184491	0.057194553964510404	0.05612168383558382	0.513268836167153	0.2028043465846754
DTXSID7044843	12.610904829804229	8.105192580310607	-1.4165458255331034	2.0646595852888407	-4.914423262933564	5.896355534485286	-4.561248835800546	0.13996070669646063	-5.497008487247861	-3.0812708410507077	-9.228495692962284	-0.1549114341124559	7.393340275532216	0.42145556681266483	1.007484979495457	-1.9751415597946613	-2.793965789226786	-2.0683251899687076	1.6688184572116394	0.8075369059161569	1.4291308299918202	1.4442905541383713	0.1151912691223561	-0.6492218621418194	2.33998374988844	-1.3723731428389563	-1.7350642383771193	0.9217293962649358	-1.2607553948540176	1.363570346295733	-1.0653527850637012	-0.10112386863907118	-0.16826909747230556	1.4530191005983384	0.22670858632728322	-0.4274920455610343	-0.12861313733994223	-0.16646774448664212	0.7804208604764244	0.5766156047850185	-2.108722485390715	1.0885978791832567	0.35812956247466676	1.659603984623723	-1.2300097543670074	-0.1542724322394623	-1.2136981665958932	0.7816165289684825	-0.9699605129620115	0.3422706447558701	0.16124858068441786	0.6897076724071252	0.8284365377500315	1.9536919221908637	0.7894906645308936	2.7556085258112546	2.5870645395893876	0.9170051695254164	-1.5676320729186675	-0.30120870336043065	-1.9213868095763642	-1.2781679658365754	-0.2590089472310573	3.588726105491884	0.23216874448908498	1.9124228113841837	2.136336252500856	0.4815236775338296	-1.1012030537338515	3.591375343174502	-0.9023843744846504	-0.8498036270287381	1.0456587846211132	-0.45426587238375504	0.110295197553851	0.20136762226606345	-3.700532795218707	1.8642771672702232	-3.8656921972617435	1.6359444523467916	-0.5290786181421693	-1.5450575429956044	-2.95938709002348	-0.9511820916906236	1.6926003749395204	2.5965399825411595	0.7084492804393956	-0.41006449680891305	0.5183402725885113	0.10713425781130757	0.13942960186505654	1.126301929316327	-0.9615667600146481	-3.5769132062624553	3.1136629978733805	0.9873082183201963	-0.6739525974108002	1.3974557436390254	1.2615878078862994	0.07088271471938286
DTXSID8030423	1.2734969744218374	7.689145887497943	-0.24026956961868695	3.4077219735266513	-1.9919448051481154	0.3928506148875004	-1.1921240891133755	-1.4794298581644363	1.1225519456527144	-2.084163456631051	1.457123600473233	-0.6442806302455598	-1.35343410554407	-1.0434822995328774	-1.060805265559537	1.3313881629738848	-0.3347069087633402	-0.21976449759712416	0.4451451486715574	-0.05150608846229638	-0.5158619876310412	-0.49202774492100615	-0.5574625432754262	0.024103045121647036	-0.5649792034365131	1.3035772478983518	-0.6017385035092534	1.1704439114556593	0.16687815921278673	-0.7035274197231092	0.5860417578375943	-0.15621285900921156	-1.415761234402446	0.34683291973681457	0.27646462253157295	-1.5242921094282396	2.140678510997725	1.4312541550068978	1.096754373873805	0.5596481939578576	-1.0213166802237288	0.35646693377382704	-0.07879924063998991	0.42625868248535814	-0.13528067494499577	0.7747521700774123	-0.045705081700311775	-0.5935318061470556	0.5494274840688873	0.2635393005839676	0.6390943618559846	0.4540426244518919	-0.33067596712981245	-0.0375015159465311	0.05943463608593693	-0.641373257855033	0.26375582655793145	-0.3338335752640139	0.7275628682022252	-0.18719010600147878	0.7529953175981189	0.8511321336250646	-0.3915699430367385	-0.5433595188807291	-0.03867536923101901	0.08511748393841256	0.2747788856323914	-1.5682405879120422	0.46710685555857	2.4078929034726926	1.1411394305197382	-1.2668807142244185	0.32933916157420706	0.2937033962306258	1.4877874451088402	-0.4966921720927674	-0.6535938991037721	0.3120128709911543	0.36053926504547956	-0.7447240518824542	0.6194922075059017	0.47138883140247695	-0.43631396318804694	-0.9363915550701009	-0.3498252742927483	-0.5497465139792835	0.3200876763296369	-0.4446922809100102	-0.718565581814125	0.12259729746754748	0.33842281882581415	-0.028118076982413018	-0.1681833465133133	0.06956820594590434	-0.30468244979098713	0.45558679773965366	0.5624821482392434	0.6802404160080441	0.055372791159450034	-0.46820045837862395
DTXSID4022577	2.773853968875592	5.330794629724947	-0.6618550271882471	3.757066641369605	-1.4170430417461086	0.22817518049114693	4.0982213970547745	0.4825957876229761	-0.23939038982493785	-2.0092120263626665	0.7792624801008263	0.5652788974597988	-0.39508732678884023	-0.28640586593625694	1.239509439145529	0.6851041724548714	0.522005251368699	-0.643635189830746	-2.044228573317707	-0.7769504056214404	-1.710797145269696	3.123303573257241	0.02915556427132695	0.2600361567799037	-0.2949858623653326	0.33361045074606904	-0.8657684792306624	-0.6958422314136182	0.7696306859478552	-0.9861659833645332	-0.3225265135236702	-0.3085336574403001	-0.178096837271422	0.40494018033146073	1.0425171079271895	-0.4016082998717805	1.0954277631958245	0.5992094909708192	-0.06860157524508058	-0.06671933725679655	-1.0706458930790974	-0.3540968176783607	-0.18580554236001545	-0.7277271363827145	-0.03445527659055737	0.10491863589260446	-0.026258996247117364	-0.5562255677597304	-0.05508628610692487	-0.2586560444643862	0.019896694880530738	0.5243047500125125	-0.20142381011591975	-0.5197026989449222	0.17157699344593913	-0.502999165264643	-0.29766035024855625	-0.29255607789236837	0.6196548007216396	0.03326209090210068	0.2832230138003703	0.45818546902660356	-0.5295016631749823	0.021323446130233722	0.18770909312785874	0.7470077863416166	0.2631110265345793	-0.449685294245785	1.090030825767229	-0.061940525437844875	0.6483130336276203	-0.9549997772631263	0.13478531371722297	0.062306084024031226	0.016380924639010145	0.6929894342849662	0.5903962062514805	1.0920086336081283	1.22122701830524	0.16684805809209954	-0.05721877313373946	0.5671283475432278	-0.7698274321700581	-0.876752325279332	0.04028469021744872	-0.7779206011736403	0.15356219899125334	1.6499376299040123	1.134649735060846	0.210532476602435	0.04015989249083924	0.5432638603361396	0.003065709505392948	-0.6353347281476465	-0.19728593446325704	-2.509392836009327	-1.531838069157829	2.5458898580678206	1.0326670630094215	1.8384749563553757
DTXSID5047162	-4.482892719848325	-2.1514897043570302	2.771860469996749	-0.43293371515938994	1.2153174148948616	-0.6749292336810349	-0.26011536324967904	-0.6429265629878156	-0.10190451459929831	-0.5870373762554895	-0.16292661574777398	0.022582721229208288	0.13517651044565662	0.10487987379078703	-0.9331040280246761	0.09904046259064059	0.052123828894977645	-0.2307750680829415	-0.7553584159266142	0.10704023105583216	0.22125340774830843	-0.27489097163075404	1.6144457111736925	-0.03348219304367059	-0.009532205963425463	0.22133693738411603	0.823924574561089	-0.24346579264596382	-0.06033093184041171	0.41260411472035036	0.5810904675202896	0.19952665659112637	0.5163970642038452	-0.22467789641528307	-0.3276883868928521	-0.20330384484144082	0.5433485756815056	0.0015741278776893347	0.015313305952479319	0.08022748476309344	-0.03201861739879117	-0.10661548475909118	-0.23057802285282872	-0.3728373856378528	-0.0763908246433708	-0.11608437141946591	-0.002347366210467047	0.18560732201034905	0.04395072999570631	0.22412232286944955	0.07417914413135215	0.16521833053112345	0.031240635664366575	0.11053150143668887	0.2963031318251665	0.0668820434975804	0.5376176442278161	-0.047425576583280483	0.027285959120312057	0.14662155074982042	0.2416361528681266	-0.11825354079298009	0.029342447253274766	-0.04570535364964362	-0.1331942702586411	0.3698506609117033	0.6122436488178478	-0.47931252757032616	0.160787697851662	0.5457905664518025	0.03625059016219408	0.02062773305400225	-0.030818832058312977	-0.21719124283215085	-0.14554005627939967	-0.10711411298445972	-0.1878530671861202	0.3446558374821329	0.06286541464534406	0.04823081436362435	0.38720757166911973	-0.23993278700970253	-0.15225441851623653	-0.2857497986512965	-0.16656352749841366	-0.21073689599863937	0.4907124321965907	0.3985611963018668	-0.027852291040442352	0.013468117053434822	-0.1640993518689192	0.08348433330053612	0.1257638472061689	-0.23982264144765864	0.09482587842218551	-0.0871067862266703	-0.09713461320741586	-0.16089470209391638	0.04828107680137612	-0.11258569890694725
DTXSID0044363	-0.9900980231575386	-1.6380429384093536	3.8427889072243975	-3.402452986078858	0.23696263747193194	-2.821636282035345	-0.3119118657712142	-0.058076085400664855	0.13390076007991986	-0.5775891857742582	-0.16306912792737993	0.6464883163762536	0.5285664645657786	0.10309682370981559	-1.8809946859612772	-0.6307583104897796	-0.10778557025485754	-0.8766571773829959	0.5363987697660831	0.1686719674122285	0.17347496840151294	0.4160415564781019	0.2099959416090904	-0.23913846120143778	-0.14498995624201785	0.2823737316011882	0.007285222943507234	0.17284896086089738	0.2321813808161216	0.20151408711634	0.3987714587073099	-0.6630122241858001	-0.28534575534484663	-0.5172620014932229	0.287429011832389	0.21641269489679874	-0.11033468337962726	0.394187464329357	0.1340420708903694	0.5717263538516627	-0.04885226038713378	0.11901051051876346	-0.2182159259062507	-0.0010436998222028825	-0.1303459321904934	-0.03398657139121295	0.2415467120871232	-0.23231269733117335	0.07839161446805266	-0.10047827128771039	0.10569756996595496	0.013418734961749055	0.034545315393133665	-0.04961502997366354	-0.07745694212390032	-0.07870133109691045	-0.1618346257601465	-0.006349388453592913	0.1475814317616348	-0.11479944480305086	0.26311066896476504	-0.0546405553450153	0.04793569457300084	0.08194114237398226	0.21397354210988848	-0.051417911346253606	0.027215167051122258	-0.19829853700842792	0.12858685373684384	0.4573571351437588	0.4418525495174584	0.18741738701018448	0.03046147273308503	0.06155363466787015	-0.518258716646137	0.24065804024522489	-0.26067496615095276	0.5588434700353643	0.1223452911328259	-0.1106018675659093	0.35373237242804373	-0.044277747572639595	0.1283005341387063	-0.05752636673911254	0.011025873207920056	0.006722501893855705	-0.016941185750399355	-0.4302167257781612	0.027940658117662862	0.16167502115784652	0.5582648126509442	0.16222335256997886	-0.10226937679083795	-0.2525198598290708	-0.06307962756617697	0.027217111696032237	-0.011883916294755171	0.11724342806839648	0.07131725837729226	0.19221763802217048
DTXSID7029904	6.118903015979751	-1.983535294052895	-6.802456018728015	-15.442264168504103	3.512949427148381	14.268857499373295	1.2157319342437665	-6.443558839563707	11.466525661361578	-0.2788011607406674	5.57148028145992	-1.0173844017282871	5.275345445432224	8.776362000798605	0.13420596198631474	3.4635195094162015	-3.954957613386225	-0.21178883549783054	3.525126671617712	-1.595563291351753	-3.610194248495039	1.675148370052408	2.1833369445282034	-0.29904711081900864	-0.615926812421695	-0.19742789236250155	-0.8231863302091084	-1.0328511752200276	0.8677512624632313	-0.35455098536416296	0.6574309792795074	-1.9795935218213234	-1.032102350559856	0.16539314629846255	-0.7187257039923983	0.5249041647119791	0.08044752737864849	0.8289083810595687	0.39698214682590843	0.6450866671032631	0.8429245248297562	0.41865489169233705	-0.5025429689597277	0.8723921256765828	-0.3246799668556684	1.1117098591208174	-0.5401488073048042	0.09758205899536108	-0.5982118909384395	0.5423995384042782	0.08665429667256833	0.4165952427425875	-0.3684093210354725	0.45343062006055185	0.28928872960356283	0.19253621057187606	0.7616910109538012	1.4239985256202454	-1.5836640298363753	0.39865851152695037	0.2031696723398206	1.1746881119266386	-1.0634091373244121	-0.7084584325517554	-0.18314527187904653	-0.6434030371240979	0.4951575852469722	-0.19657064379215555	-0.4257017635258651	-1.1997288161409332	-1.2455121463573882	0.0380208346260259	-0.5378270624962772	0.8268193964123842	0.89453562659631	-0.17479094731186998	0.1262781674316217	0.1790237084436668	0.5869843539174735	-0.3960398022634416	0.09880221329052463	0.8539563523356687	0.4744530140836135	0.48045680027935367	-0.9783065806918589	-0.3180099809158498	0.0764722498200707	-0.9433910095125481	0.5535612127654392	-0.7996867357883808	0.13374802701707267	0.6619791479934807	0.38892557449763154	-0.40161624549795205	0.11371069832773265	-0.021518884863162665	-0.3826375784038006	-0.3249328671306433	0.23658301759856382	0.1476929012229287
DTXSID4023460	-0.9350044839727032	0.009204826522354482	-0.3330436926720203	2.0770326084966695	3.954778008857424	-1.7847374314919027	-0.6207442850262904	3.7577920769534514	4.560993973816201	-2.1358590643587565	-1.6848427703492612	-0.5634657993763189	-0.3402553828529637	-1.1702994527468602	2.801838264516607	-0.2761624135240871	-1.7675398577652988	-0.7026422417449434	-0.6806825570032885	2.771501880049054	-0.11876569807198656	-0.27297788835503733	0.49340849480956245	0.5447266098590001	-1.6184677195541026	1.201108612554481	0.00658393142185673	-1.0614641433804004	-2.1837285071540515	-1.4871288212971312	-0.9634460399649724	0.17356423585647351	-0.28812228366692033	0.2531305770925513	0.5501392163639052	-1.3473949694556349	0.3902941050181352	0.3735087415784286	-0.8856310537738185	1.3659500160649696	0.489436517569253	1.8659556483080433	0.31575344761999186	0.2242246836740632	0.33423788136068117	-0.13633162791968909	0.1943759182654824	-1.2637818009558344	-0.14872925316221827	-0.37253413170055805	0.2890736649300439	-0.4811612065929728	-0.0002501882864412026	-0.07105580907083363	-0.9893467129866645	0.011319848916667541	-0.2104849064589145	1.4237395539472069	-0.5498284294446896	-0.3659487234419602	0.7168752212974395	0.6425313862682216	-0.6985096805889324	-0.08196711238630507	0.5149566269396695	0.7975480245261111	-1.18917840794107	-0.5110910768704906	0.4811233051146732	-0.7060691795855709	1.5005679812691353	0.726290002849899	-0.9170798656314781	-0.26522353957583605	1.4352867011970498	-2.1401971031098954	-1.9273125378707905	0.6373603104633987	0.7959847166912105	1.5075551158669218	1.4240352689933544	-0.36897138783897343	1.649768708286031	0.7065112849446143	-1.4682819049431626	3.6433405931162754	-0.7359967149012802	1.3789112497829445	-1.5431719147596692	0.481199176866441	-0.932682084139417	0.9868033274559765	-1.964397025352221	0.8448432097546966	0.3195746266685924	-0.33762691813122886	-0.27729244098142636	-0.49128599658813155	-0.6717612803853128	0.5242568838705758
DTXSID5024473	-4.537116775875745	0.5763145349238831	-2.356731226036102	1.6358998564374239	-2.2915906654347733	1.1989167914924062	-2.2031776439746977	-1.5203057646804603	-1.888715163570441	1.9413427572300381	-3.608825567759925	-0.5586131789900236	3.8043927343026214	1.232748522417859	-0.6243391552154829	-2.291654795434902	-1.406703482584545	-0.8505384887236437	0.007506705590931698	0.7711207247202195	0.5146573498686892	0.8176510987274138	1.1289588529769006	-0.24904564718028652	-0.09693112241209072	0.173805507834604	0.10861491851399792	-0.43425914129184306	-0.5259744990784065	0.11485849606009434	0.33330235795768387	0.45924621038956687	0.2166872133705386	-0.4025376916437905	-0.7747036401349645	-0.5700293357631693	-0.9343825028017148	0.3398946030874024	-0.04683022538417063	0.19458306675623976	-0.41238478814268353	0.4293745398277899	0.2768130079103627	0.262635681819285	0.3010543501502304	-0.20773615078135216	0.3299351098844333	-0.09234030196069978	-0.4244493201496924	0.18678533648544088	-0.07098891286472439	-0.1390849950282128	0.2568333819124375	0.1794203797872814	-0.3567720445903973	0.11994345449939434	0.430210774307859	-0.33726412761698843	-0.46844403425861775	-0.07414428811857116	0.854755311964935	-0.2697017822296988	-0.13814771798593262	0.44850890839116675	0.4908181048322976	-0.45713018313919207	0.26045559209510505	-0.4966814639662807	0.3065243026117537	0.012094759530876006	-0.35383160487324566	-0.2003660494084747	0.059695144755813535	-0.12251046220599475	-0.3136754535980172	0.11707085276913087	-0.09718549126550266	-0.0778014888506588	-0.48797073621619974	-0.10904528212725727	0.326045608835351	-0.12324921705970819	0.15143252253890516	0.09035171432171055	0.3688088535486771	0.049244510255276895	-0.3271821989533831	-0.22337262438455338	-0.31772663757365616	0.11685255812910315	-0.6129208093513474	-0.0886992816945595	-0.3152586629762545	-0.2213770000404373	-0.23222270181764118	-0.5183540898093149	-0.018987747866901248	-0.1855818896104834	-0.0032076730554446587	0.21283799599735947
DTXSID7021817	-5.164351423797163	-2.873506678274794	0.1224818441409329	-1.3299231526587305	-1.6898233274886334	1.9623546244084817	0.3290032270985651	1.6703908205416507	-0.372922562359789	0.2528455256838148	-0.09028185543507512	-0.07093732971187777	0.3539419361383298	-0.3870566488273042	0.5177734846564975	0.12768292894434147	-0.12379336668873676	0.25708392751486764	-0.4261593950806208	-1.1182003343592222	0.02462828440627845	-0.43905279174971384	1.1319638069911635	-0.052749129864985075	-0.6470823016317888	0.3292712992176034	0.612264446299255	0.39526733872940056	-0.10715721602828959	-0.3871024166893302	0.09267206158250167	0.3411438493473492	0.388981956043292	-0.45696623892121857	-0.020907078587695024	-0.3150204597411583	-0.34952020635633013	0.435577816711384	0.04602592571495898	-0.5656363978058674	0.25781268835968585	0.5323853567075925	-0.23729430338362736	0.22483577622622045	-0.2647761430235904	0.09425172984599013	0.3037696978971726	-0.22857337942143485	0.10831137567575345	-0.12877991029398192	0.1793426380552646	0.13613492173504407	0.2495079520017354	0.003095674117212489	0.0176316273973984	-0.3098599690950676	0.48496214367564683	0.2928435019812506	-0.33176490721808394	0.13732995362195966	-0.24585467193508398	-0.12446568340547423	-0.32001377409363013	-0.7357091279527698	-0.39414826271350867	0.08928090448670213	0.2945279982783143	0.5106365372993487	-0.1405804093474317	0.6446692432175147	-0.5151275264225214	0.13947916324927437	0.32844515711676475	-0.49503202309027255	-0.4759732455317648	0.09747093494560241	-0.6653505641581994	0.18372549709230704	-0.6289585638554066	0.6375133611161906	-0.5546829305311867	-0.6262250223622094	-0.4848862627953053	-0.5651835862271046	-0.14215680518202167	0.7302257857541586	0.253982378725696	-0.15486958830424913	0.08648515090240748	-0.6285515296132792	0.17335741494764642	0.6061644884918158	1.0685481510614774	0.2149884074844929	0.36533951837814826	0.12581331389404332	0.4726137217300085	0.7789864438953691	-0.225857191753048	-0.29904661649488784
DTXSID1049431	-1.3905146916259845	3.303990217913023	1.8931445140968401	2.148356861489342	-0.018125004502806276	0.5887587117639348	-2.3195126585564947	-0.6091865752523558	1.5853928023373451	-0.6664720353702738	1.3906697483046557	-0.8168303266022418	-1.5334831818203352	-0.5511917138579573	-0.9467978715520653	1.260553369679345	-0.7684400652185387	-0.08297608466418753	-0.6960531516553995	0.44774421240822404	-0.09649311462342403	0.3043927551213037	-0.12997406548785223	-0.4998072888389953	0.5755272784153975	0.7940133043317765	0.22830116354615576	-0.27680127897114426	-0.004165743537496895	-0.24825951035810828	-0.513926999673594	-0.030738495614285623	-1.195151111484388	-0.07872343503995534	0.7973930137319647	-0.4381054786541041	0.16826568686515506	0.23592125830463026	0.35591610298435256	0.6256185189045956	-0.3361896128889084	-0.16666089063411785	0.4902608921770254	-0.018239583697460524	0.07374973608802594	-0.06677775371519096	-0.17101072476862167	-0.018608980533332754	-0.0865284152634433	0.31757143662014997	0.12188316363303943	0.32159699824291355	0.13590776936267226	-0.335508863782044	0.13264224480817943	-0.6057272767125343	-0.08184507574023697	-0.22867469224474557	0.4399898312556578	-0.3255600080228155	0.17400162690888907	0.04035509666021807	-0.37827153098798105	0.23956493680106544	0.6541910675647058	0.6140597807680502	0.6331376221717845	-0.4058694155567364	0.3746300674313412	-0.6258580699179354	0.39393147256451966	-0.8797698442571275	0.3777592707414924	0.3992100588793931	-0.03984031943137262	-0.0985743734824751	0.5762258481927537	-0.20864466945216165	-0.16985218826584578	0.604455201520986	0.58628537602035	-0.389140119621309	0.43060059162285425	-0.5462135052091183	-0.02888134139173115	0.06474472929519792	0.7621912800345696	0.7739338013014733	0.2568487270742494	-0.383445238778398	-0.4362235732499254	-0.2934408387608801	0.09187139540232644	-0.7104150671598485	0.1938347109888691	-0.23903670773687546	-0.3760586504862536	-0.18098695641385062	0.802282714615125	0.0039147248122272235
DTXSID6046713	-1.9625784208839108	-3.995902409951017	-1.4576853534893863	-1.0601839591396665	0.420147115904592	-1.2178584962876706	-1.3117557540612617	0.3282040461816389	-2.6548933500382192	1.605031721087581	1.6010966340890471	-1.67161106532628	0.2621806292662144	0.3929698846050203	1.9995254191856326	-1.2956247193930654	0.4871258921031426	0.3094178335687695	0.8026534283455576	-0.5084499170769037	-0.1121225470552474	-0.06699402100583285	0.7509540174547704	0.12598961825786484	-0.2473455764633006	0.7472796215186039	0.5938683643442649	-0.4200212455952745	-0.39820101883233466	-0.060371905658558135	0.39135747219062184	0.8739126337562578	0.11503574177993071	0.7186107982696937	0.19050798078556558	-1.136703097475815	0.39552474974566726	0.3973409818785123	0.48051849507684447	0.049630574136286056	-0.4604752936144299	0.0860752139283504	-0.2861389283873832	0.3033238254296499	-0.4214121026711366	0.04095486242238621	0.5259632881771239	-0.30504485440882473	0.09919529669911542	0.18612059133760983	0.03121953165871487	0.024020527224791727	0.062218700116994	-0.32682518752798906	0.0998818458736675	-0.20378741376306825	0.22699105323466426	-0.6095576211126827	-0.58070479390279	0.22034979690570244	0.04918483228231756	-0.21807884326040736	0.23032489867096895	-0.2870523467353778	0.02563799691252271	-0.3951223308884499	-0.4292984135524121	-0.3293225571730538	-0.6058618526013363	0.057553094804090724	-0.4514273283083524	-0.04869376744196138	0.027308870335133673	-0.7491908119366438	0.1253958168633319	0.4933492783304999	-0.7149689859240672	0.26989734457659303	-0.7216148046570487	0.039508734009991935	-0.36279427023670596	-0.14231115805669098	-0.14245345542045584	0.6684543745032304	-0.1908766006998187	-0.2996434883070499	-0.5244773992693934	0.010934666340868869	0.04868518987304236	-0.35457461209030994	-0.16386890492000936	0.6207901849527625	-0.05970539063610764	-0.15133900819123497	0.7791450700938146	0.18472333637160435	1.0514831340304924	0.4683518481289806	0.44172169277849826	0.03189179027590171
DTXSID4048694	-3.0683813229715335	2.152600433532789	-4.144069405712264	3.4162962051514087	-0.549704605016336	-1.7978940344075107	5.595742850909309	-1.8099596879440225	-0.6092158723733975	0.18056064605339667	0.7775444095725098	-1.5083300564520241	-0.4528875679571976	0.9233762210513916	-0.4703815687464027	0.15795143865253075	-2.0214958435744648	-0.003723239525703781	0.742002338970212	0.8141327956218379	-3.1724465754343543	0.653114844027457	-2.116109116979981	-1.0107669378715622	-0.9956596936530995	0.1570024305370164	0.0006133781589615174	-1.2366084572953986	1.1517420269871423	-0.022272501653244098	0.7335330302401754	-2.317935913409555	-2.011943072131684	-3.130039555577482	0.21330512088473927	-2.32646921649183	0.5858355005012306	-1.9821228550663403	-4.327754384244482	-1.4350220615991607	1.9585109003351924	5.867085273795597	-6.883618648913659	-3.8141513368633397	3.6082028232358954	0.4364312251802884	-9.832820521371032	-12.618898906128884	0.628566193279849	-5.917268763232027	-8.954727375764012	14.344979258829362	11.161424113097965	2.151368988104857	5.799001943996828	6.3305966814918415	-5.405193685654139	-7.59267701824542	-0.3955431032939672	-3.640074240876389	4.638956045961437	-0.9903851051976691	2.728300598892216	0.24431511583938517	-0.08077998094473773	-0.1600517389807365	3.656478137615648	0.06604311557869795	-1.2387851057528831	-0.8061752167449142	-2.1422724045289088	1.4504419479866184	-0.42444286065650666	-1.4109815867657554	0.14501111902288644	-0.5305656986550388	-0.24471765805512188	-1.2122794027726376	-1.3178368083229088	-0.13364421146395045	-0.30705756837195297	-1.365157620979571	1.2279863437678697	1.1418452802709467	-0.4638188329135767	0.322821859810134	-0.0819533206853226	-0.16716152877014268	-0.4882943610975148	-0.007422180180078661	0.20634881822884582	-0.49935570388174383	-0.13803788903363176	0.011548305787618163	0.35114910809810385	0.5976561788381687	-0.17296463631484588	-0.14304127906480804	0.36432465100554035	0.20677942279543313
DTXSID3047970	-0.7797868942013533	-0.9926048479197578	-2.492764762243008	-1.154003785890446	0.6349141628148537	-0.8501846212218422	4.0448348713927835	-1.080665936328533	-1.8810062869271584	-2.2353684905875033	-1.8574317179674573	0.4802374219054245	-2.4802210739108053	-0.9611435688540394	-0.41738302375239317	0.7796712033121911	2.9757552397328597	9.149442436027906	0.8218668658518078	4.417607720412201	-3.7943417231664416	2.993575799734851	1.8903954751777126	-0.06172459520925063	-0.20647556100823664	-0.5128312819952372	-1.7574564556096544	0.6165769036558323	-1.2719575589068652	0.34049029090269123	-2.043583251134747	2.608768352666761	0.6419929623486608	-0.08041046312991978	1.9962868211801283	-0.42355444164134265	-1.9832397573630625	-0.06332507633322455	1.506515574713483	0.8722572426005657	-1.3271254814969655	0.2766267282451397	-0.0015104173754746668	0.7126516751540385	-0.058169318393637676	0.018080298461248073	0.7181003636856245	0.07015746365271967	-0.6981031327341327	0.12530133669000815	-0.07768337348416396	0.3078171701608732	-0.07689235942845932	-0.03188713484888792	0.3466564415314734	-0.8057411109517276	-1.3190588066545523	0.447809999760212	-0.5194042738158748	0.036559047367282604	0.9593802804867335	0.5968191802704378	-1.593488181473008	1.1817683083466712	1.1362926235362538	0.43997856500392885	0.9324418377099457	-0.9735676613179401	-0.22199192653875582	-1.2738100615077672	-0.4333199345511009	-0.7879266940482893	-0.07941679341617759	1.1035933361985268	0.2566892019039451	-0.03461623722854836	0.3317612514770832	-0.028339681637575463	-1.3006608490501903	0.015615896242912809	-0.7165862931344159	-0.47939437379401395	0.6053295899031826	-0.05421194229854812	-1.1814586797186744	-0.49875946609875005	0.5186330303306201	-1.426395824263328	-0.737856435303281	-0.5477654585584382	-0.47532875684735876	0.32882466692380014	-0.17270631844509798	-0.7977510041476319	-0.8439829775247221	1.5419494174001562	0.3045780203534802	0.6329755123553672	-0.5947777883462138	-0.4140308399498625
DTXSID9024194	-1.5854676389573503	0.09244962660509787	-0.48690534148143066	0.597182209837752	0.029172042435458026	0.7219731066227854	-1.6426129597758752	0.42754313145554707	-2.073905936511078	-1.1781905774666905	1.7449167478753802	-0.8985010038524682	2.0502730605441597	0.9017349903701415	1.5565020226627395	-1.5969517115260827	2.0453594941397992	0.9750512579893977	0.3436820799572877	-0.6374403013500429	0.30217010395510235	-0.8823137047541648	0.4994105727184983	1.1177466029664405	0.400913452955582	-0.27244003570409564	0.5771319510642989	-1.389438269931035	-0.20061242070825205	0.4423482706773335	-0.2215660046719916	0.1517481472656333	0.7723040913922679	0.5191547958860384	0.31593124230504516	-0.3683502897004329	0.707841674367562	0.22086064017273976	0.06834339300630135	-0.4451645179257497	-0.25151834934661504	-0.014065911221113789	-0.8284494976202323	-0.4589276079046324	-0.3735993903313009	0.3717420919796346	0.6430933319245249	-0.27890343241897897	-0.11457910873241473	-0.20283280993107522	-0.04388921577756167	-0.12024433167550758	0.12311432643551048	-0.42547060496866884	0.3112544220499377	-0.1190000793762324	0.16208088112239383	-0.753307887139273	-0.35086191307491965	0.18970702350139781	-0.13706069886635253	-0.38623666381810146	0.23056465448842112	-0.5116215186543018	-0.09516529955663386	-0.09231172418198853	-0.8907756201819002	0.7880431582826167	-0.8560992859959374	0.19671875297165956	0.9779447939714635	-0.20679271137589122	0.21891768287066604	-0.1947215157860881	-0.05640595264551376	0.35752541333412163	-0.3112220718523619	-0.05835836362762181	0.036490587574723746	0.26359083521252114	0.3090962332241736	0.7846219646880773	-0.30052893414683723	-0.21696516146908715	-0.08377794321490678	0.10878094203995628	0.6153979750953936	-0.07322499751765373	0.49873284693582964	0.1734490342118973	0.23434599668400427	-0.5098213730496285	-0.7964337712783818	0.49710433984416263	0.2313183662833495	0.565535713407452	-0.25311450241236827	-0.1223716720809684	0.20593692055254106	-0.010389195468723808
DTXSID9021718	-2.1817560537495737	0.9195967207889674	-0.08468303721014347	1.6537443822546387	-1.0827987846119482	-0.24166070272465012	1.1728414587642686	1.0605467805472306	1.0376913000997499	-0.05078605591695942	0.005829212951493635	-0.062317913390187316	-0.518619793866496	-0.3699056347101449	2.511651785253122	1.4921513211175612	1.7378260735120998	-1.350518676826415	-2.3054908928277693	-1.5517427893030877	0.6217362589137534	6.442956072349851	1.7552860679078528	0.5714023812852214	-0.7314943623241422	0.7036966469883885	0.8048593508279082	0.24449645184394825	1.0954214111241778	-1.2800557731233129	0.7222185642719752	-2.3963398496345376	2.155239465469271	0.6670762293186678	-0.020657617431417332	-0.07140040159587561	-0.23815335532159437	0.42526246690101216	2.216455710329797	-0.8467638813803662	-0.29469862680789627	-3.019978331675562	1.876717913659528	-2.596560641640807	-2.527768291360424	-0.8716481583914543	-0.7786578830969628	-1.228799760418906	1.2149412796165364	-2.282806684465098	0.6925036560106836	2.6020242013884203	-1.041630695378961	-0.011254703970179747	-2.0531016517255103	-1.1230422779788296	-0.5097179638156654	-1.3658275691378396	-1.7670142693011635	-0.1216628641494911	-2.3093882969407113	0.8256945868974529	-2.209009564782899	1.3675701294095548	0.28186719387576664	-0.8905195663591047	0.4689979416130039	-0.3466646943312437	0.8511208599589682	0.024791272746978142	-0.44190727433805055	1.3673539573521096	0.2746893228744653	0.4767155497963671	-0.35067177170334973	0.9830341667290279	-0.17514003094426375	0.18930683811424548	0.3121902226999315	-0.5691956248333725	-0.23577528284863664	-0.4478051802828026	-0.2584074095190058	0.3893751671842596	-0.060190805877560795	0.11565963609446392	0.37008939109019295	1.1477053819771919	-0.27642999771433596	-0.5253071388409661	0.15853915130297747	-0.48727662160662805	0.133241729361187	-0.028670733347057307	0.1294345872811556	-0.893437016023706	-0.1081903212541046	0.8257268845924646	-0.2344575140641361	0.1026930136244469
DTXSID9026342	-4.922674482539323	-0.21089927253389257	0.16168486849790395	0.8768783126344952	-1.566051664502997	-0.20876256459571535	-1.3495568525847308	-0.6903798886970656	1.113097117494578	-0.24079135391259557	0.6755418824007036	-0.39617822653600704	-0.456454580012744	-0.3685275575938785	-0.1782402633428567	0.6579683484450247	0.2336193566967592	0.44429833467347235	-0.6348294245031889	-0.6003893966712156	0.025120684509759295	-0.4291893532279371	0.1728187093743648	0.2086896811778957	-0.3502016742368382	0.3497536305774476	0.1831838023395786	-0.04977738974563817	0.08873578236777199	-0.276133099227461	-0.09592537031571542	-0.300291780870601	-0.7474922650731184	-0.46581882486690873	0.266492036558914	-0.17066534244199955	-0.12338243395827767	0.2680381870072879	0.12050612878650957	0.39536520971348077	-0.041430841960756894	0.32227406407849923	0.17535277805513894	0.49447487883933666	-0.22002807318334594	-0.025768990953562148	0.15328224245046507	-0.4912048673296641	-0.08318119104596938	0.0984427915637622	0.13656437901991916	0.03549477477202443	0.22362756742632126	-0.14719365904383824	-0.20738849809539023	-0.5666043917661526	0.12836372939609342	-0.18834225608501512	-0.023560436252252452	-0.05125077957779574	0.2778675985676409	-0.0218977785116385	-0.32989921112599635	0.4834889219885953	0.13691483138654081	0.3504924812834334	0.37067636130895365	-0.12327360654239179	0.05236288108236436	-0.4147498687366996	0.13308480925052402	-0.3831041691514728	0.282180185260117	0.34592416332637355	0.031579933817588	0.22733848216110583	0.27038679314529374	0.2606271082278681	-0.006858428699887509	0.2038766742073221	0.3606196009025222	0.026990694765327176	0.21393167557177503	-0.12369071103140541	0.05069571962338102	0.12279527088024354	0.12269494713280321	-0.07210718010634003	-0.052486533719192346	-0.12013878667396845	-0.024141667570512164	-0.28675408856521206	0.19722875883704752	-0.08550480341779228	-0.0335928502186603	-0.19486395730147862	-0.018449369827887727	-0.05626219472420685	-0.10797408250594391	0.1406606626407291
DTXSID4036489	6.901463866172037	-2.5442469260898037	9.222030404783748	5.158066423408604	1.6154153952302202	3.49975049587275	1.2385865718150684	-1.6798730898481065	-0.6686319467670528	2.661838076605102	-0.34127460631924816	-0.5968395324798564	0.08804511635053694	-0.4221756268975978	1.1575100142702093	-0.21226750465483163	0.1638527471637999	0.6720260468003291	0.7179413982075098	-0.670850532149137	-0.1096506888620399	0.0842666525606616	-1.4482999513623076	0.6822738088598477	-0.05503799199999941	-0.26569202065639475	-0.7835057595883054	0.5908657987798905	0.3148923961065223	-0.5333958015449146	-0.056223269922991696	-0.2237893689730751	-0.695340387014289	-0.447866011652103	0.0172690987118285	0.3706686766788316	-0.28281459338906656	0.28922518585291923	0.5860719382185923	0.5223183791857782	-0.40377867165048575	0.22205649000824423	-0.015780984387721412	0.007653264292058398	0.05038352648916676	0.022767817825108547	-0.31104495190749054	0.23295188853515114	0.4565468109644864	0.13435255624514547	-0.0001428895307276694	0.15902827285424803	-0.14886872782152133	-0.1468878789490181	-0.20395653547545578	-0.3644635058086445	-0.3487316519763368	-0.30683332317202117	0.30304443278268683	0.2877148956347574	-0.26439416379094227	-0.26170877571106815	0.22063045559103034	-1.3299966310419231	0.3234244208791793	-0.3527818511612087	0.3485179022598918	-0.6237339606624925	-0.35836996730053566	-0.9862865781354738	0.03974247463022605	-0.31241846961370473	-0.9397279006773079	0.3113579600958241	-0.4477975479880837	-0.08320269569767416	0.6403050368570786	0.4083046872575062	-0.2010059569271763	0.2220796254400115	0.6311548710304121	-0.7540294326005179	-0.4429277000899444	-0.4477305748130239	-0.40350902513549375	0.24238891656627956	0.16440800231134506	0.5605159131070239	0.04649169754625177	0.01672461228906108	0.027176709683682743	-0.3012247274687396	-0.3630488097153597	0.11754752774454333	0.33955148332947127	0.24049356607776481	-0.2676308176112971	0.1034935706813139	0.09089073501820488	-0.46052746767115815
DTXSID6034265	-0.45449244676717726	-1.2886907012896076	-3.8106949707471625	0.06175310927509535	-0.23061764563779588	0.2668835387848962	0.802258878013484	1.8556007397124639	-3.846894849849178	0.1438276324496793	3.1085795915597374	-1.307974720791761	1.843672162933486	-0.071166775819856	-0.020495931821827	-2.4303346550375062	0.48220641494518124	-0.14957172731461799	-1.2858103455312293	0.7687488383080444	-0.5036091086440073	-0.7595085440298212	0.09582808076669498	1.1482440380155376	-0.5831103199218604	-1.9732662226343132	-0.7011756239948022	-0.1850548349209042	0.9187692355566153	-1.136827091838455	0.891811849297455	-0.2039123805630143	-0.5638604784776664	-1.1129966245655325	-0.5747336056917102	0.47097253959076235	-0.8234304666248637	0.821568222739685	-1.5612341554375022	-0.5665613583762661	0.5977834174569	-0.5793240432421284	2.138358941593025	-0.19932714029696547	-0.7997845128163528	-0.1624039933867474	-1.0539684580232977	0.8033183813949748	0.42242070064411563	0.3486298773524842	0.29852560833755454	0.5625006076290674	-0.008993213628978461	0.17911595133713196	-0.23871013038083605	0.23913981952006527	0.3548902879318635	0.4883532112116626	0.767979256926036	-0.3953076864478902	0.5740312741025168	0.5310547032232504	-0.29546798546977215	-1.022040062026818	0.15845232927130526	0.7958283517049856	0.6975803240662534	-0.13687463227853408	0.6705132148333115	0.24053464779999806	-0.26494134385189305	0.08779877404336014	0.19845572696280223	0.03541148671975545	-0.05488706108651875	0.25259271257549715	0.07815899150797524	0.4195493342548772	-0.1272796235332713	0.5641050815130787	0.36373650342582453	0.7188794638314543	0.3750518943195413	0.9068103852545779	-0.8335329449646706	-0.15002484840507396	-0.5237864157776657	-0.4827451487739138	0.06278636415478103	-0.44646106703783545	-0.29939606772784766	0.5288379836808336	0.9254763630226288	0.6753869033815277	0.8392145739736252	0.3040066744170121	-0.12254507602735668	-0.161535344051473	0.24630553977895253	-0.38231421591036846
DTXSID3044914	-2.6034381486280105	0.3260284904589214	-2.313751837565671	0.15137289465575623	-0.9390979783353214	2.147862488641133	-3.082576796739863	0.4312202330646913	-3.4169888245407716	-1.229838667718072	0.2602274322921631	-1.0027893295212857	4.670840604762763	-0.7474076423009476	1.0770044717897937	-2.4274902135609726	0.2570706538913248	-0.09905839759768191	-0.49002244428282044	0.37686026850404397	0.9297910018986939	0.12399616829434196	0.140283340458886	0.8067346411416914	-0.2163081503165952	-0.5064884656854873	-0.036115707141732706	-0.26197577237651665	0.07922601962408521	-0.3038668568867422	-0.10962027451040132	0.014511290531119804	0.0063729524758526215	-1.343054388539165	-0.376588561908709	0.7459411846185385	-1.2996646570244261	0.3040649312435944	-0.6477012320164076	-0.483097881947343	0.2506236003577934	0.10530693381178982	1.3498902051416217	-0.7895569146056832	0.06435793492115144	-0.25877926577872157	-0.9346861373130809	0.9053512847628183	-0.3578785540912146	0.0033592744750828864	0.20060549268629024	0.6478358281236876	0.3507743093090543	0.6353107592613699	-0.004417749011241166	0.3198163778916896	0.26729498018953096	0.9440925328978723	0.8323941282324495	0.3449090071896568	1.1028617023649603	0.9788394486367205	-1.0709609112202927	-0.27365408112341494	0.5961522170975404	0.5919669955228539	0.65812552398904	-0.5157833800410659	0.20854787259429894	0.0783454165281449	0.07596952404325373	-0.10332126860985068	0.3139012698746444	0.11494482919831522	-0.37314417738037065	0.10783839552778052	0.01783730924970884	-0.11270956004005973	0.2335580854174184	0.2719474427504338	-0.1383969028206507	0.21105029487619675	0.8501818264096924	0.10995896046383495	-0.4198068289591231	-0.22040214047294707	-0.15064875246111117	-0.12446507915277491	-0.04386301542896219	-0.10510422014551071	0.17705122988149619	-0.21313186340527854	0.21640783926939566	0.27684816316276084	-0.45293731219298805	-0.43764509896551373	0.2256355857557415	0.24334352145541385	0.08020330810640647	-0.18139865930247984
DTXSID5021209	-3.5705923240872885	-0.9327593426042874	-1.793145807387488	2.714676785024593	1.7334792288169623	-0.9552498874155412	5.924981433302269	-0.39169278100922883	-1.8926098945626282	-1.60707161274793	0.7972188115820704	-1.0210944974941147	1.8506016405870076	-2.265475778687292	-2.6903662456592703	2.8995677924009637	-2.8438837336674347	1.7773793868507666	5.4488896238816	-3.784196108691993	5.2292553016477274	1.3040343720226935	1.2364135832508132	0.7586719037830224	-0.07437018086593698	1.4364785228110108	-0.6581454776231679	-2.275470202096087	-1.5577172749890171	0.6127320439884753	-0.30234609744399016	0.31180015238890435	0.7986722783104614	0.5933503868277308	-0.11207196032500837	0.8005539766729781	0.047349738670093004	-0.9133009539231871	-0.7339202882059255	1.1673611212132917	1.6626292662079585	-1.305354759687535	1.0320635380528043	-0.0684219868257429	-0.5160644962006636	-1.5396312549917135	-0.3510517657242002	0.8133283200697526	-0.025589425607918388	0.1078762472849393	-0.29745391356136835	-0.7778633215132348	0.13870033234899942	-0.7620143680212642	0.5762422661601992	-0.3106981267934336	1.1858926365032667	-0.4730112634936039	0.6895387907226661	-1.06873464962948	0.015752503318412	-0.31170873193185145	-0.3447488179742261	-0.38936178602128435	0.4866807251247034	-0.09068077353335977	0.18009235611729	2.3070111939861437	-0.5007589491108773	0.08990370836655572	0.18889036878871499	0.9830723242001258	-0.3313914917343002	0.678100784302321	-0.003845293494672134	0.2950091565605903	0.028379289229950446	-0.029319841256261768	-0.029214149374793788	1.1491355174080302	0.4335684278628902	0.1643854848908751	0.4183930796823761	-0.3699723174490616	0.12953315250323624	-0.11512927808589957	0.1790063657094326	0.637709806468608	0.7522003692005149	-0.02838391294355629	-0.5849509023888586	-0.16526815555352675	0.11451436534946854	0.5093872893041065	-0.39600212481366825	0.15620747806637184	0.29898348801709923	0.11828756760948864	-0.609179596742694	0.4641169330485874
DTXSID8020094	-4.198536617879219	-0.029769908112583007	-2.468498765138519	1.496638109533917	0.5217853802140605	-0.5861321546298	-2.1978582020801096	-0.7731467427504477	-0.9175803063936202	1.7548669589977963	3.0066645677095822	-1.7315680738885648	0.48361165570624187	1.133935195092904	0.2587685588604561	-2.561891165764739	0.9866159952917543	0.2386457104690311	0.4119863017249401	0.8731487378382753	0.576855524640664	0.21922795522652094	0.01392594453453039	0.8014528829785639	-0.4787683756373779	-0.4395222929421685	-0.028538677076547544	0.28505135599284426	-0.04248805494220474	0.6177018941690872	0.3174572202734169	-0.3764803368804693	0.0066597452374842	-1.4453701406258201	-0.8633027334863042	1.6052119615108595	-0.7939311039003123	0.28746876292874346	-1.05073391478298	-0.039778591105050276	0.1915253802160501	-0.22218620632306052	1.3576646676937911	-0.3541787408360605	0.11470514130256389	-0.5416518073055702	-0.10746265683716576	0.9193430108582569	-0.3139747171128665	-0.11974012609695353	0.009633891360191719	0.6063903806267702	0.26949550715824855	0.4364871312886568	-0.4903419967111471	0.8647494829478423	-0.6258896988882702	1.015200570882343	0.26522331406061583	0.02984791187223707	0.7754936586728409	0.4551671451251328	0.21826782200702738	-0.22913827802351006	0.43722377151088676	0.1950896399252325	0.22445009667005802	-0.595536031423411	-0.6686737991290044	0.5420078597121805	-0.7307646275056742	0.3335579979356329	0.16581359316766223	-1.1229525712033335	0.27027639375273976	-0.6256284062182607	-0.632520037387441	-0.378276999694398	0.29669164475521925	-0.1734024619732291	0.13967802338319854	-0.45728094981497125	0.23764704435418085	-0.2482541672027158	-0.08442612257143157	-0.2639283686083797	-0.3788190691041295	0.1907180857780936	0.41889243757010197	0.023821331065033653	-0.3368445823289553	0.17086147111972652	0.17077678881962113	0.032995292189264745	-0.017667891488980562	-0.3729928818059877	0.23323477147219362	0.012038105352243715	-0.23928896200093916	0.02613653028615444
DTXSID7026998	-1.3908325831815334	-1.873975814525659	5.040204882160782	-0.5911685761299387	1.0135804727570563	-0.27601880842264553	-0.35236748226550896	-0.21419211245393047	-0.09879222540321678	0.49763823965636755	-0.38496554884470907	0.09909303148821583	0.009637479189879119	0.37174931976385517	-0.5322334605903979	1.0517771321256022	-0.5809617243042072	0.6715469242088872	-0.8118072757572242	0.192929412753994	-0.09666759188498317	-0.06173648525663044	-0.25103437096579184	-0.937148385488017	1.0813964044741897	0.5744938909270066	0.38705805535678883	-1.543012857893305	0.16063499911893633	-0.04423194653443055	0.47178587940667155	1.0881700330597102	0.20139166020425073	0.6089509843245642	0.6009621999646024	0.8353628966088749	0.4696436888759113	0.558628314435715	-0.7035332534204821	-0.7105702686787659	0.5631892371053155	-0.2977981350930742	-0.7733679975539399	-1.8647523925948777	-0.3643766196343696	0.5412823999699332	-0.591372412590234	0.8554520159752121	-0.039586453189396534	-0.15923842584641743	-0.1976537362132745	0.16905937638464202	-0.3511573454624582	0.1465464137465886	0.3040317850044111	-0.011980066219994943	0.5320904139301128	0.5083389868053617	-0.26834784484691365	0.22130154837797872	-0.650319833799271	-0.21174966268365056	0.3842469824335881	-1.0867911504198773	-0.4039401553011371	-0.14617749854720163	-0.20471429148447076	0.0965195960007759	-0.060665543826377843	0.8652797201451143	-0.3588800131052446	-0.008434548408043292	0.9090259687682143	-0.26646180199135383	0.04732616882080429	0.8514449692233065	-0.35553687111234217	-0.17752601543080604	-0.4365312279954144	0.026353369694996676	-0.546320818856594	-0.6351183369365888	-0.1938945232972174	0.24615703635810762	0.06815400247908067	-0.24332894709979278	-1.4192842776791204	-0.2635759765760458	-0.7465202838943096	0.5669090198245054	-0.013063167272714922	1.0927319204916301	-0.25280255369991034	0.8179861918734534	-0.7459544156587353	-0.11171588606186386	0.3262865738001734	0.10339826341052105	0.12846739029108703	-0.4192586037287323
DTXSID0046016	0.9870904446458207	-3.580989648525038	-8.854083653986722	1.258810291490271	2.505028224957998	-3.447542456749837	0.8117984010003068	0.6585939466660763	-2.5140063807672974	13.35488731424172	-0.5854188565635259	-0.7278419659615208	2.661848748115188	-1.1242301015403358	-4.113906175383097	8.685300100458392	6.169902827530246	-4.551542262959046	2.5398264121073497	5.302694838884807	5.298431191041447	1.8533535568898707	1.2812888508395082	-1.5952878683903835	4.0070549084853155	-3.438308593338444	3.0796402991072576	2.77675687743389	4.367407225183057	-3.8972929546816593	-4.940429596451032	-1.182292904665168	-3.478073251715091	2.759516304311681	1.9871925459805684	-4.238655183705649	2.352265364758753	-1.9244502676823168	-3.1911220540208176	-0.11113371606717139	-5.392728458922685	0.2231305386771391	0.7216717657469605	-0.7091923508584462	-4.766578618686006	1.1628096982147071	-2.448166178040318	-0.731136194575619	-0.7751205982770382	1.2255999728362732	-0.15369429932377338	-4.29495795715617	-2.590267526411352	1.0285527558124279	4.178330418434426	3.306288106532893	-2.1100735354498847	1.1727196581254906	-2.342727204477663	2.3289955051166067	4.536624659398527	1.4136009113068893	-1.1979504460422388	-2.529970955417018	-0.47086910528974607	1.0359245977556344	0.96944366519813	-1.1106203704813766	-1.2351716802940416	-0.9269726986501898	-1.782634329667263	0.722891226219689	-0.33412278026621506	0.015965921457837325	-1.0297245365756418	0.4801937877126503	0.6247562647974116	-0.3378028435347593	0.009926085596569134	1.0883004781456136	-0.5641973148988364	0.548457823666832	-0.04974660693049162	0.5875214356321693	-0.5958122323627157	0.5296629372982374	-1.7523049714805559	-0.20862785453374616	1.3126303729370157	-0.3575009220714807	0.5258443281062913	0.24637798797626162	-0.043602955800835806	2.3711599332621103	0.9954460693908298	-0.5944327877911021	-0.45202723151819124	-0.11799613912043863	-0.2667570385301151	0.6980106212919028
DTXSID0041646	7.29260216496402	3.595790592739001	-4.542459660842638	-1.364913515930184	2.551560622892795	1.4153427187088004	-0.11163198563035605	-0.6614606562792269	-0.45313110768272413	-0.22103973738060476	-2.301192643148342	-0.20029973054749495	-2.719448249419359	-0.514829893922864	2.013038137464369	0.011261803696209606	2.9132586824287374	-2.592920494029862	0.13609579334182859	-0.7012836353662151	-0.9896987508455851	-0.9579636802795425	2.2397121086590035	-0.4860269874568827	-2.8853649772246497	-0.5363650187777731	-0.32533949342621693	0.3454703354159464	2.1916603400740677	-1.8519169894534697	3.9026614218865134	4.493328727633088	-3.0664600626923897	0.7343396666443464	-2.9570849522997236	4.2708341686796025	-0.6780612804646545	-3.6512770615202013	1.854537271901635	1.635615193678048	1.8868931550025672	1.0593747847810424	-2.2529114190272432	-3.6633518164848295	0.21673159082016996	-0.744543380211462	0.2199852901306853	-1.8872011298818478	1.135274324303972	-1.537388372767201	-0.9899640217540103	-2.765363700602146	-0.39587222720884335	-3.4131757185348146	0.9360519855514765	-2.316756461954792	-0.37913905482591265	0.9439600861956444	-1.448774415239031	1.9025058103099879	-0.97276545861453	0.21147599734641878	2.5656886628176094	-0.14469469330385953	4.690925438670827	2.9331953222995564	1.7389833797169507	1.9441720295380922	0.00712822576283572	0.7452388462261879	0.34022940495493725	0.14380210845987923	-0.030296303508213097	0.06381539792731122	0.28307653298892976	-0.24714589099370965	-0.4074384769922139	-0.3570494628470793	-0.6584371608799056	0.5740166621515692	0.29141315279782654	-0.4220626167408632	0.09389997596720441	0.26063457222181474	-0.6427491907511438	0.5100838730662081	1.025039890628416	0.5364117623187823	0.9919948800870508	-0.051248047934247046	-0.3329705576298596	-0.2916969853621333	0.3783453915154646	-0.35541787681025355	-0.8691326396813627	0.1994527403335167	0.13635410642534548	-0.05079175164267705	0.046947042763823485	0.26659550441126234
DTXSID2023222	-0.06240486938242031	-2.058744217893876	0.02105999814170143	0.02310511715298185	3.8439450557611328	-0.33238452886745123	1.6629434699369432	3.28940366466987	1.8295850045365059	1.1353840140212286	-2.0563250394132453	-0.16754643249028822	1.968442368279345	-0.7997772197593711	1.4720648471400029	0.4566463310359762	-0.16414254176232584	-0.10806269066816142	0.09103977791171163	-1.1020291293941589	-2.1941116278641393	-0.6856844853133228	0.1770528591262651	0.22030161299177334	-2.151261536744252	0.46490767098714686	0.4686498508986252	3.6834979272469006	1.8014581360228765	-1.5594866091836312	-0.44424013740364077	0.030764988357250306	-1.982486054604164	-1.565395861645388	0.530012543673653	0.7344318300357272	-0.955732122245668	-3.734184462801361	-2.170114539226506	0.6952128210067366	-3.8980441408152395	-3.1762277201947398	-4.1633375061923905	0.22272901797834566	0.3720728507303302	0.09329514494401328	2.9887634324428785	6.242918931841161	-0.8654057959859989	-3.740796291383955	-0.9237565671383984	1.9875142848158187	2.6406305378529735	0.28711725338007954	-2.043191237325758	1.6220678849276537	4.766301022661674	-3.268825799533697	1.1982845966155216	-2.440827322285334	-0.9359031971946831	2.0477226285544914	-1.6296513012483693	-0.9936248530839197	0.8440443947543311	-1.4404682104475692	0.37341982434088156	1.0795154328292738	1.3305026024506474	0.06376308196410499	1.839884668213382	-1.8754454882438418	-0.14341311677257507	0.1470364911844888	0.06617108357132788	-0.4944803389377302	0.3274251256531081	-0.905402640696849	0.31690773196375177	-1.8335963127813972	0.38899917244062004	0.1007130245231383	0.3814408786320911	1.595832054910315	-0.33026954006311915	0.8133292723365955	-0.4587051038625515	1.234178794282784	1.212716685390964	-0.3974880324604206	0.16594832111917235	-0.4452808252934764	1.180060511724496	-1.0835084264029922	-0.2570156055394522	0.46866194618776597	0.17084195746898553	-0.18266030078221943	-0.6014495754038922	0.5857134130970983
DTXSID9047914	-1.9598999910188735	-0.48711091059563044	-0.4964833444926774	-0.017316459954251563	-0.23985386700330838	-1.439988745395798	5.966324277500094	-2.3344465857588492	-1.9820092567559602	-1.7965023554719592	-0.7098519875034662	2.1500113060166166	1.2868327192605549	-0.3135078314133046	1.4795978729193626	3.879042943643461	7.4175599865104545	-4.823459793391956	-0.6014136527977707	2.606875746376311	-4.2936470769430155	-3.0497610055491955	-2.0042075579654597	-0.9171604820468092	-0.7335015796174921	4.330481252644566	-3.2791759289663402	-0.6013078662700678	-7.396258244425876	5.615686608570629	-0.7945700781654258	1.119541938287278	1.0255886853471765	-1.28459826205362	0.812639960329657	-1.5242109269257853	-5.314833626498585	0.7225157178048485	1.2157737663715191	-2.1805324020217416	-2.326395430637967	-2.109253050111779	3.6097475379085426	2.0720855442018595	1.4875150645616044	0.3962355326397943	-0.7736649432980718	1.8239700867833382	1.5978968576717385	1.9446143619131921	-0.2132111233584153	-2.594867580470058	2.90973695562926	2.283186768331931	3.5089815650521516	1.6068705368689502	0.17533888026307287	-1.704952455547335	-5.455766756393091	0.17008527247085362	-0.3632170075892914	2.2808570011989326	3.178059096493337	-4.556456553171454	3.180135442077991	-1.6176299605596152	3.831160432759927	-0.5070682590345457	1.9871730315966092	-4.740649107377576	3.6986371269674327	6.134960516081325	6.770247811157356	0.9371821362594042	3.422648778391374	3.6590000355742527	-2.593479838499626	1.0961519017951342	1.4207177533942965	-2.441975676408169	-1.008876332249701	-1.0382672199119622	-0.789619865441059	0.30446925544915193	-0.37244643029940394	0.33795511619741386	1.0153649907831868	0.6562305114141043	0.37479613102456794	-0.2076398918824598	0.051112850633006565	0.06806302844073642	0.505940792099486	0.12538683827301944	-0.10476641777755435	0.3078714205030701	-0.053383535676231615	0.4595437111893559	-0.6543135815575748	0.0753992938128541
DTXSID8041799	2.7887138232438646	5.019430751856857	0.45391629154634605	3.1074542434943138	-1.5242012542278582	0.2342645833199549	-0.8122256399078913	-2.2507429632092832	0.07054695525196102	-1.601882095858684	-0.7367229124790869	-0.8656637718494649	0.6596118917610837	-0.08060107717886679	0.1254249684665153	-0.5286656016333908	0.4519261617680348	0.5143083261122969	0.6259802220078953	-0.3230027374552722	-0.26871106656978383	-0.127847976972361	0.3566347287382028	0.6544968145438718	-0.0386923836812567	0.49822501470154673	0.18321330464198693	0.2944118202838742	0.3551779180146492	-0.33148758707243237	-0.029797089121669274	-0.7286788220742225	-0.8930055016333251	0.12711677848818936	0.3369103567035578	0.20936508043586138	0.12008142775496496	1.0993517228163883	0.11650382536732992	-0.3091896272810998	-0.23862609630126122	0.316979809414424	0.11496713348395571	0.5027589947067064	0.26971827773335816	0.1646366380459472	0.5128067421090733	-0.3593880127310801	-0.05923926758654115	0.10855378583392047	0.19404256364379693	-0.012832280716632933	0.2050857770717201	-0.11912618676877872	-0.7813178511315052	-0.048473829587765034	-0.17366298870268876	-0.07867653312945154	0.10658540457531615	0.10348931630179699	-0.299239686414716	0.10704641754919941	0.43524555841631235	-0.9101254017087758	-0.1852316328138745	-0.5066745287508286	0.04773763026164203	-0.3941436246924766	-0.5244024179458063	0.11122247190537443	0.10382340438135529	-0.17351402744873085	-0.0795113395452463	-0.500322261162389	0.6681201206738416	-0.49516507787815334	-0.15560815845750306	-0.40018553343604113	0.10376181306186467	0.014746542243187877	-0.7956332626273657	0.4542725559609433	-0.37895675633333376	-0.11328553395497098	-0.15050040414444008	-0.5463596271620388	0.19232374716617742	0.6111286789410015	0.8863428926577469	-0.13079497022318634	0.3673734446594642	0.5055721268419687	-0.8134995676932072	-0.012930096762980611	0.10220187782211469	0.39734616745118656	-0.13512951319685254	-0.08843814508314773	-0.014487866939713963	0.22920860356652586
DTXSID3045304	1.2085053400484511	2.6028802213540088	-0.1379171334206423	1.61523850546314	-2.5450009037595325	-1.3421416638425956	-0.8144425486277169	-0.553161171616639	0.9355071225194312	-0.3205164886745051	0.18705258262289398	-0.3152656057261526	0.5759014540661866	0.3854977603298503	0.40021096839852893	1.4434708699471186	0.19890945801893062	1.224913488789728	-0.037504659519127216	-1.5902695998604996	0.2970742370725675	-0.9558393211811781	0.187895351692387	0.472441521305614	-0.5036082430786817	0.36270911215270124	0.7501035940397713	0.02856096397984578	0.31644481909922983	-0.32130304830130485	0.10181006973866334	-0.5141794065225449	-0.21959480116667562	-0.4391903240592475	0.09569015515347795	-0.6479847594712904	0.833819009582628	0.5798539633890417	0.5029412205667589	-0.492176625246359	0.1798118555984714	0.744619466931887	-0.14477330223564064	-0.02026600753040548	-0.6046557755524377	0.6675377441019227	-0.26498434303369606	0.0674279111970721	0.18866708327034648	0.22588224204834637	0.1910422649348706	0.5201053901706575	0.11373967642232782	0.21383069070919652	0.11231670226313564	-0.6290510256547348	0.6900023396646284	0.008228624287731148	-0.12494005475115307	0.4286696327316373	-0.19834326611071787	0.39763338336370213	-0.5221854962892272	-0.5062770828417889	-0.1995469391021477	-0.016396214283512314	0.30973921485281675	-0.34992681350836	-0.4714357603193775	0.9829261553067913	0.7793743296663981	-0.7498584460416898	0.1370321082728635	0.3226458055624297	-0.2832428006264516	1.2324177386870543	-0.3398082044402958	0.8793819257914746	0.281021237589708	-0.5835818036073425	0.11566653764053186	0.16603307098783168	0.15605372153535294	-0.002383224335520752	-0.12933540993179385	-0.4737763852217362	-0.14049370355336133	0.40564073084917973	-0.6280195444014508	0.2665829346150642	0.6676047203335269	0.4819736182191071	0.570495484841578	0.6722226629231455	-0.44427649473339614	0.4196986319432378	0.5995873146820342	0.48122249154159386	0.9589860972269201	-0.3608088672793289
DTXSID3024861	3.383710435629568	8.745033556171263	-1.5380258651216496	-0.3585936561881081	-3.5146403825927	0.5014988636333296	-4.189463850431151	-0.5546763403187431	-0.32343665404704686	-2.3338018207050566	-1.9628496659366474	0.1911172717916691	-1.0846142995652945	0.33719648097872607	-2.2200536949318592	2.5976011539556496	3.834480856013159	10.504350846609789	3.81658046919881	6.198752782128698	-2.278743995399924	2.976960954755752	0.9228804013731946	1.905783456540955	-1.5297473056012187	-1.5505056441889573	-0.24349262720780845	0.3888832268411174	0.058604974184967476	1.754320296698786	0.6939142791252189	-2.3454556020981174	0.06747835409361294	-0.36163168600830015	-0.18782146674263714	0.8687853969518518	-0.13014577703000177	-1.6535787129644797	0.023193398839210476	-0.32846952762562415	0.3312165148559256	0.5342079558611689	-0.9056783222748728	-0.25061005923241486	0.7708739375752385	-0.23783840867856798	0.23516962378890788	0.4607356407589904	-0.6061411952168574	0.4217966530100429	-0.40850492176482384	-0.20195211238765537	-0.18396321990203982	0.3567496950544735	-0.9818057346052931	1.1268250899675032	-0.22317138197520164	-0.042811353555602255	-0.6985057021767834	1.1033324080644433	-1.8086156835869924	-1.0744155576748486	1.8028719854836375	-0.2517063774007009	-0.2400081551841164	0.34035933020226206	-1.2334235298531924	-0.5369472229025429	-2.5665383716180377	-0.9838777945535203	0.1773231697593295	0.9684625911807943	-0.3331271047587345	-1.0207443287395135	0.046690912334103274	-0.8993150072845622	-0.10043719913883627	-0.7770155776688297	0.6310700853549718	-0.6254485215692425	0.2219596780496258	0.3471908977130003	0.010379406469949464	0.28315081744611537	-0.7857047160360999	-0.6970750105747517	0.04296931246699362	0.5234510228755243	0.3281688020471201	-0.03560109832058572	-0.6794585825200777	0.4123049736531635	0.08358822119464988	-0.1288720554974633	-0.2562772272702107	-0.3095038041110645	0.4753729673717395	0.1140919767555954	-0.6465669342848707	0.30563264495723697
DTXSID4021715	-1.8977201550668779	0.44833742048099084	1.989527860355559	2.480928710473144	3.1612933624180726	1.1913375773097772	-2.4942055077101744	-0.12783028910346494	-0.4460940241437758	-1.4569185649905376	0.7369848773697735	-0.552096333776175	-1.2761674516635992	1.0414339690509393	-2.520276932479894	1.629730578933594	-1.4818609416195154	-0.13629240846104695	-2.222696868833883	2.131218689966682	0.7941586114099796	-0.1468931070642202	0.5822386259559914	-0.308463902582335	0.3128124030422204	0.5593691743106864	1.6829972313181343	-0.8507055789392008	-0.07005425022001853	0.774464711566485	1.496406547606319	0.7248587987092313	0.5417522619795186	0.1494516110690404	-0.23049266690025216	0.3777657370695592	0.4244994714183363	-0.0591445389368941	-0.29305169625983585	-0.10043863405753725	0.45067286434039683	-0.4900482889307995	-0.3891674515345535	-0.9493773644863496	-0.15127289938184194	0.32683263603324264	0.07963898293757649	0.7106363661471323	-0.2926216916715538	0.276941664746113	-0.239086687788276	0.3181250798814015	-0.40869723706067723	0.2114118730375959	0.5493454653024653	0.12983916246779115	0.3535841501542154	0.22944309513709765	-0.8587333499586186	-0.40935418928339584	-0.41325856031255614	-0.4319202927853838	0.27028986725133913	0.2888507462926692	-0.4584221940951042	-0.1341071579091908	0.6329711833645455	-0.42065816313099214	-0.3190049866647755	-0.37355148826422635	-0.6385168833584914	-0.39583563954813594	-0.005032573869378102	-0.27917434489366705	0.9885837220417195	-0.14671102752294235	0.20234524131076664	-0.017722588742722048	0.1811996911137081	0.30995988781969774	0.6593087239381704	0.2586733036373771	-0.37101052197965084	-0.36841709351126856	0.0591535213920106	0.0528729651548534	0.5350366620667538	0.42169970553755814	0.5733191630457058	-0.11312148201735184	0.44127552060631153	0.03336619032275448	-0.09387104194820269	-0.2146936342977971	0.1655064598014848	-0.0044199286686044245	-0.2292170091415393	-0.0455903897657452	0.5734288948376225	-0.10541566218212946
DTXSID7027540	-1.4194234635514666	0.8878596311357503	-0.32103784877369845	-0.8535353050663153	0.4475331037639493	-0.20666913262716285	0.7128108369119657	-0.6911099196469834	0.8943230553288768	-0.2135836882756975	-0.8738977517547074	-0.8508525794324591	-0.5130882697368248	0.11546754213231414	-0.22127444353063264	-0.4775939639996929	2.57253913605947	1.1942185571090214	-1.7875177558302193	-0.425751560574984	2.5459920758141217	-0.5362006324463285	-1.1740268327723904	0.7600040135486135	0.8128972654923328	0.9314431121602313	1.259748117446398	-0.14692862507065343	0.11242998917427255	-0.37858758047281993	-0.7209675783605527	-0.4517926631021715	-0.7943977689071371	-0.9614897102376317	-0.6119100487327764	-0.16322618693667962	0.07058232103741788	-0.22729440341541188	0.008046586212371079	0.6110052443018551	1.2163392012629757	1.363765698137159	-0.3402595942365263	0.6835025738512408	-0.6113183433754857	0.34241189988798887	-0.7012355899488294	0.23874018958581605	-0.06558250762348078	0.10290207301201265	-0.023186409699790102	-0.2613313504816966	0.19231577618368012	0.4228528288569541	-0.6132493486969627	-0.9241989310661731	0.4169167429933324	-0.004290633199980334	-0.4009044874405528	-0.9757433016031849	-0.5696641920409102	-0.0795497658548938	0.4672600876204699	0.5747170591310115	-0.5313212050963748	-0.9172237612377349	-0.2075064091152527	0.009125694790867089	-0.7289584403775783	0.05011950594672783	0.5015080626885001	0.5875282612526388	-0.26665104162621456	0.3773923768028797	0.5185385549211128	0.06946241297644064	0.3396071444417573	-0.9751990264896413	-0.012863992544624137	-0.9181998279367316	-0.035151527764512365	-0.34995507292596595	-0.9854186093636602	-0.11593570999539299	-0.3920011684162668	0.03885401041978247	0.2025022369726586	0.6571497422979643	0.17247083035112284	-0.8424728168049872	-0.4831490948645086	0.38882903997725987	0.09575054131045918	0.0055617792298546685	0.03657987924743286	0.2869125663655523	0.07709681905562692	0.06091132035046586	0.3113249499100197	-0.1594955584634177
DTXSID0023870	-6.036180554700829	-0.5094384824976701	-2.0160336650241826	1.9606828714629945	-0.16113942726463323	-0.5464129376579825	1.6230819846213749	-0.758640766554701	-0.3347494846872032	1.471880374586642	0.6840615724615164	-0.6782456422409414	-0.6308124232903425	1.1846019420141536	-1.0357440893722982	-1.1198247403822243	-1.1161109035581347	-0.39247013111399853	-0.3444481834809815	1.4880263806701386	-1.3980862787196189	0.03964822211120281	0.3724793432676052	-0.5524476147599783	0.9927499409589629	-1.4742901133489297	-0.4999158629988096	-0.29110275145861697	0.630531488358894	-0.3009419491970889	1.8326415334757606	-0.7280690069596507	-0.06984363908486434	-0.29026098696597996	-0.5463309094524479	-0.5556175126106108	-0.05805476284960725	0.1195272782824046	-1.1336333327850798	0.6312758398232404	0.5281274886593167	-0.41960172454166916	0.8934102771423427	1.0164485274013233	-0.40378747725565073	-0.09791603613436502	0.25526350524610203	-0.0027202457113870556	0.36767154180159456	0.3257799389359967	-0.07622137835260591	-0.4686815176356126	-0.26643730496256113	-0.264796991554486	-0.4487083943613219	-0.40370267843610297	0.22396354999330606	-0.6350783162784511	-0.37461395235585043	-0.8860186024944681	-0.20731720196367276	-0.7150059107043083	0.6128332738394418	-0.006498277670700885	-0.1970174758133786	0.03723121655645224	-0.29236289929312037	0.10406340416005737	-0.16354681997793147	-0.43653466065468693	-0.05768173266045634	0.19783050413242972	-0.100104884784075	-0.18841403618098423	-0.04169645202214038	-0.4417365054807295	-0.06800769424352326	-0.7757407245954991	-0.2874946133742144	-0.38945278966212354	-0.23432252006813867	-0.6073444166293565	-0.13932170777990635	-0.10807460934928945	0.19087901447163716	0.4395860340064056	0.06692499361046692	0.32193753597920605	-0.11732190773803211	-0.46040558379719365	-0.2515207305724377	-0.5088116176247628	-0.0841179049844883	-0.011789544582629055	-0.44673028858338604	-0.33122656796555167	0.2359451316591351	0.11756647664460051	0.22684625770825356	0.01750251208125496
DTXSID7047277	8.061675953026246	5.813052613887605	-0.706386546269919	1.5156336105616381	-1.392617821316655	-0.4339938216812845	2.3925910687928162	7.391745770891171	1.5437658578854552	-0.018559151041847154	0.20020740257708491	1.976300672829926	-0.9501994195112033	1.620392309580453	5.258281511978323	0.506087469526425	-3.083917931484577	0.3309122026759977	-1.6288293187999188	-0.6817475178138586	-0.8522346433565204	1.1324650672939773	2.6210457524042283	-1.9626704907915298	1.888405457310052	2.962898088263971	1.335827368782838	0.029259639858547733	-1.718357203750085	-0.8963907464502023	1.36381421492953	-1.2387299875812385	0.8893244595405099	-4.6777343762638965	-1.9464156644205854	0.1620449556462896	-1.7336828009344527	-2.117122572111792	4.846385629811369	1.3117856711198403	-0.19363936938616305	-2.046417718211194	1.6611030757446472	-0.43882146830200447	0.41676639648466896	-0.5807193328587125	-1.0161901511597993	1.4546393963042112	-0.10617308316406913	-0.09617917168058737	-0.33458624816466087	-1.3894332391222846	0.7705095353814236	0.6437519385472095	-1.4016187595817808	2.5664931441275973	0.05010389920243379	1.8300340648616629	-0.8395270522966233	-0.8774130772774873	4.3973370947028325	-1.3979558045453082	5.000870828407689	-1.215878497649041	-2.2739962781434446	1.4239076285772208	-0.37952273857837826	0.5356511534161752	-1.489568447119725	0.27462052134815435	0.32748239323962014	-1.9815607334964018	-1.8014395551014215	-1.7486742874987922	-0.801215771753953	-2.290377626270926	1.8915122467503311	-1.4034974074805426	-0.41469945820554555	1.1315369160280937	0.6016031287069667	1.2341000439771872	-0.35692126289790094	-0.07153064419906217	0.3243272602784047	0.21109607969443064	0.18181214764819	-1.1785967802017183	-0.652056749306872	1.2781952505901295	0.4185347888638988	0.6788135367701303	-0.38460973828243183	0.20469606635211654	-1.5052856554897	1.7799809784739242	0.020103707398139277	0.3643248249149943	-1.3912158741573466	-0.3967243767484085
DTXSID40187142	4.323760438660731	-1.2418178213242903	-5.626671494780165	-14.011781240454185	4.697353125734625	13.386243187521435	0.8999109383533593	-4.856146818705801	9.855120663218118	-0.8028645320995629	4.500113470148273	-0.7132445555804949	4.230496714421337	7.282420762900727	-0.2244488736486992	2.568147633833942	-3.4864554192217874	-0.7607391122930056	3.475907923189466	-1.2153633466565938	-2.8467459253128284	1.8406535768193046	2.1497883983534587	-0.5352958750172029	0.11650100723191627	-0.3123589192021131	-1.160283364626042	-0.6864989066264511	0.4747553425783702	-0.17535937478490204	0.5654680157532492	-1.1533683463371969	-0.2470060363507157	0.5053165430410982	-0.1666218908031456	0.3124160691450845	0.12931823221743222	0.2627137838951753	0.19546839676303956	0.40628539393163665	0.534581360709789	0.2664671258097029	-0.5673949185863733	0.27454067599892457	-0.03642042619165658	0.8035211555125632	-0.8874745903983471	0.015624828325286616	-0.47398342175950775	0.4028317009955641	-0.015115684194929301	0.09925629733602558	-0.37479962043943704	0.2912821667363882	0.34262807880117413	0.6071899132014714	0.5206684492682166	1.459514529008077	-1.3274857731092606	0.4594409069545782	-0.07952727017897389	1.2301790269417852	-0.7564814555604027	-0.7352079636952221	0.07088255809523199	-0.6178168001647698	0.35454313422438977	-0.330242527463014	-0.11165378777834709	-1.118680779344882	-0.8383739358116047	0.19329871121716094	-0.6542491705012446	0.6668317799231582	0.1562187626433656	-0.836720164510561	-0.029906832400090524	0.9795401625470842	0.20346807507357256	-0.042340377819209886	-0.5525203780020556	0.29088330317284083	0.043454122162793755	0.4064702467369041	-0.7718845874426048	-0.20238651822820772	0.0617446781350062	-1.0180190223042738	0.43241858988853904	-0.23593970157044514	-0.0927947489943375	0.553868236839337	0.36390993579137176	-0.957795667759419	0.25498973259353014	0.384463933683678	0.0918730652198387	0.08400710377962078	0.20519391577179674	-0.10872973845246083
DTXSID7021237	19.905783974450685	3.012407649740143	-0.924029496613839	4.061259911732709	-1.003247212098551	-3.864324817872913	2.02274753096744	1.4513813015331474	-3.2880481546620506	-5.727546091736417	-3.303670557963622	1.3911440389330954	-1.414037925249245	7.970493566061771	1.8405265815166514	0.20060871607161257	-4.764885256022081	-0.40678408744600936	8.38554652869615	0.7082164017623063	3.887167445363703	0.058103332399003955	-6.036721738006156	3.0939604302430075	-1.2082357283078673	-2.0993712693916637	1.0275441224865765	1.5747960709126314	-1.2551893720289278	3.5403799805670446	0.7216791477513849	-2.7307826019930577	4.95328960383371	2.9146705527779524	0.9950048829368074	-0.052699955231579276	1.252844848843507	-4.607142074482495	3.4521451205385003	-0.15113052519470233	-1.162301356938734	0.9518401915962392	-0.036775243569483404	3.40344713003239	-3.4324058083246705	-1.5162513308530436	-0.6005106303753411	-2.034822540156324	-0.9221176151310091	-2.768804725231476	0.8699679105809588	-0.45835840899243396	-2.1829604956509314	0.8062779326151881	3.780404490176222	-4.462864671736341	0.4134990908831414	0.5220194226647188	3.1365553493271014	-1.4627892144892265	0.14178068104199804	4.635457908158059	-3.1691331424320865	-6.067680835171195	-0.787957948772184	0.9935123707095448	1.5545432392883718	1.7452609097617644	2.689263916168995	-1.5481760515735372	0.3598641331228998	-1.187783974281685	0.615078964261739	-2.0021415337870567	0.6310645852490744	-1.7345511811737326	0.09435559649307723	-4.195986032914781	-1.8823427037263618	-0.5662144236152747	2.0545849468481108	-0.12918228164139384	0.12947144436120644	0.8475993414657772	1.216073288514391	-2.89877666203016	0.5614439253956217	-0.4218996714979488	-0.7776293472492991	0.07160192018044916	-0.15067110886319243	-0.14923329863000256	1.4871371252912713	-0.36030715944354574	0.05747188086975811	-1.3104244720265685	-1.4936808024615982	-0.0797975497490035	0.7882244865478143	-0.06260665541025995
DTXSID7057733	-0.9198904771282791	-0.22137163747691785	0.3137276374149647	1.3379212911629133	-2.218458465726192	0.2167684025336934	0.40837258187664943	1.3445301847002673	1.7923268895092959	0.2424323482412751	0.25799575388585444	-0.30305887040232254	0.2841918961043398	-0.6008629006482799	1.8816953030068404	0.018705997828894667	-0.6889598395790195	0.16615263563900542	-0.03168907464754779	1.15231119822775	2.2075979605640237	-0.6431592931690739	1.257127000927884	0.5705245988310255	-0.007006288110601645	0.16537590738324318	-1.2599778302862312	-1.2297438400192444	0.3724066167354754	-0.10644957926923372	-0.5338702159311476	-0.6792367164870117	-1.3350855165883868	-1.1027931578431311	0.4613608012345673	0.6108581555308185	1.280874761900119	0.1271008525055603	0.02707726783474204	-0.5587584704779813	0.1726894091855347	0.4344436661891929	0.031257543754133005	0.4506474088410408	0.2890296794036803	0.08923808272218224	0.009991372888546264	-0.22285832543217915	-0.05317793082562071	0.2343114678856445	0.07944987017262618	0.47094222316179707	-0.03429217187865034	0.06775075534111037	0.33786944072361264	-1.7486380096846001	0.2410892082475459	-0.2876977983206877	-0.09796953768243565	1.4427818398525216	-0.017894930591549434	1.2419601950280998	-1.2560792516128667	0.5056053356213691	-0.6322458371908009	-0.19126755236377374	1.4601147873225446	0.4274147392903768	0.4163047302167558	-1.191775620459213	1.9394978988721427	0.21456583473863378	0.27299957029992494	-1.0092496035366316	-0.3498533588537268	-0.08380232439880203	1.2358045932047295	-1.1282995276172225	-1.7403945653678963	0.13333569908488774	0.377541615946004	-0.5054232862903899	-1.4133017124810021	1.1742017161931866	1.0888432436784599	-2.477798558768239	0.634586427506013	-0.5951284865320663	0.7502328059734065	-0.604913192810521	0.7902487269684938	-0.823515334715376	0.9074888105030131	-0.27256177826739936	0.2946480820952809	0.16181705075614314	-0.2030487217588513	-0.01423773274105844	-0.06670476652421505	-0.11753449586634417
DTXSID2048666	6.058845911976502	5.102994396805309	0.10987366106904052	-0.2529277171123351	-3.75011775259423	-3.0971203995416494	-3.2628626604668587	-4.649891043015955	-1.6516717646710357	0.6406446167912581	-6.61261129276277	-0.9113723802822342	9.199657796553916	-0.9827184429644771	0.7256662833120033	0.5778743619754888	-3.3909944491095767	0.07378222945845903	-0.7484142792879104	0.32689404966448643	1.230735410732136	1.8141274926781166	1.159555200905378	-1.5715727483194943	1.572527249160847	0.6137203328955411	1.3473858137119492	0.9723961839827898	0.06700726386423436	-0.634976245572594	-1.0852332746764317	-0.032062995820795956	-0.31201592098905623	0.28667928023494466	-1.1526133199824116	-0.7537925921344645	-1.4235050305964958	0.10950831566478182	-0.15662655432739098	-0.42547634545503876	0.39201046415961033	0.4431083497966831	0.47085602536373355	0.2854953076915495	0.3721172658420635	0.005894913918966491	-0.047022438740510104	0.144960265789457	-0.11925208965375349	0.8607789924900284	-0.058208379369072485	-0.06800425119137025	0.9718086851678592	0.33038071083997844	0.3659264146780477	-0.18517344982906175	0.7693461517105679	0.14867605014295696	-0.3279771905339384	-0.12486618371264743	0.2034492433253162	0.23446419672115887	-0.6525823464722444	0.4853197992674341	0.2655641198419327	-0.7991682574474603	0.8526009338107496	-0.4168198600865877	0.6059110864330721	-0.671171323871153	-0.25115284143120914	-0.6302903359199491	0.4168509122448981	-0.2736287193898418	-1.0255854538687947	0.6145110985210256	0.7323832018315195	-0.4092690021585059	-0.6364308750708731	0.35999195551060686	-0.1506288573336861	-0.4440880122957833	-0.251066179503261	0.5053609897064378	0.3254768454748862	0.25628927129314977	1.2544293940846758	1.4292052108677338	0.8155218759580753	-0.7874121222775736	-1.877744999029045	-1.333186658826673	1.0412411083210067	-1.4167294432556434	1.1513293890227776	0.1637295211294773	-0.2605267882947749	-1.0885813305886503	0.31104555285949126	-0.4626784536272893
DTXSID7020683	-3.5924797137505884	0.7170757177521663	-0.10559961454668856	-3.8557818732148554	-3.2321743882181395	5.566552689018352	-0.573517336977979	6.106604164577382	-2.146360666939404	0.4331330250963545	0.5839265347502147	0.4498016917100644	0.8216185539690849	-1.9296297035824455	-2.4422393725541234	-0.41019660046500994	-0.772999079295125	-1.3710646141837195	-0.30241233049537275	0.3655693340631912	-0.16589709424711943	0.26449105499281295	-0.4409208067996507	0.23206372065379538	-0.7667886987527763	-0.5976146535536265	0.29102714372617894	-0.5471222961329466	0.05506952569379489	-0.13277156100362492	-0.6613868753326013	1.364362624976194	0.30643956565366226	-0.30484841720742123	0.9192474982248513	-0.07801253552103717	-0.17079186480998554	-0.9839225001312895	0.03999575266737986	-0.21102452636622754	-0.3329602661300798	-0.35630949166114856	0.8090676342162136	0.13219418348450057	0.6234569018954819	-0.7442448021068682	-0.7974800163509399	-0.717562840910713	0.34943140875474304	0.11906550809830806	0.23060090514876955	-0.5136282187100197	0.5307545917882525	-0.20068766980378341	-0.10278946365351169	0.645126381960897	-0.08340741992050273	-0.20098856940116844	0.7361754063588045	0.1665038925999808	-1.3413943018797791	0.0034565794452251406	-0.5560999826968311	0.5344892528341535	-0.46431665145294554	0.2698256935617964	1.092348187665787	0.09251258622520718	0.3385295662442386	-0.0816923870498996	0.5679259115639316	0.31487490256061407	0.36644020493002444	0.947204897629756	0.400714155147297	-0.9320310930145771	0.7136026139330641	-0.18874522285213535	-0.42973362602051407	1.149175664788027	-0.016428940551027005	-0.5874675156751038	-0.22835365914358355	-0.9018707293180384	0.6849123073696973	1.2176134376884764	-1.5110997854615162	-0.7758595734728458	1.12386342464507	0.3602701892087831	0.5609988433003722	0.1725720759846849	1.282382106588506	1.2277294998641586	-1.3825561248031177	0.24909144422300825	0.16859847736586425	0.08963026375730632	1.16751052889636	-0.31021743364256027
DTXSID8021147	-5.477893876605472	0.533517859917504	-1.6204903512801974	2.067863253093751	-0.602545802415709	-0.8036718783898424	-0.941844727883725	-0.4872664372780369	1.1708677964642331	3.507859530319752	0.21992461085425175	-0.9306332547770065	-0.9782474119581709	0.24194177786561075	-1.2858463512604603	0.12177225294407766	0.4865363615009076	0.015823619782987536	0.6075501842582515	0.7148368620927295	0.7842920597187517	0.7015183253490757	0.4701063090005396	-0.14722812904898544	0.6863146314364863	0.05940798532030391	1.1033497402070676	1.1524314911434115	0.8581332808452645	-0.2027621254961343	-1.069383828338184	-1.4759251220573109	-2.2440315714394563	-0.4934210364008307	1.3870701996104926	-1.089597673779867	0.5559301944683855	-1.5676541727042879	-1.807268642238932	0.05753111883078476	-3.048235163253293	-0.18738023878673393	0.4231472204748092	-0.6452789638563764	-0.9583216428649421	-0.8566040532013282	-1.1536335771167463	-0.7882806258804079	-0.19041511395115948	0.33417161238592274	0.03414314892080759	-3.0610934385435984	-1.0368229726737335	0.49878466798287	0.8956692219016034	1.6117189250267734	-0.7083636607128522	-0.2912582855306732	-1.5024421475801866	2.4284661869950095	1.7548293832709114	-0.8652860878487303	-1.0608144753326965	-0.9961471918945742	0.21414858440358495	0.0939005766840235	0.8978032282874541	0.2440990409208443	-0.1252744477582776	0.8792295587319785	-1.9097522046249424	1.1807825137254027	-0.25730541195346823	-0.4806797439743209	-0.6767734653338703	0.49301454700057445	0.34725892478839593	-0.857094416220254	-0.13537921301970252	-0.08924013733284779	0.44078752290481615	-0.08929052179449021	0.13568249197352122	-0.3063066177496187	0.2789230900511386	0.3472922562022246	0.24186500964230534	-0.07457503549663044	-0.10360474164122238	0.21607600719756978	-0.2646800315680374	-0.3201446408058209	-0.5043952330783158	0.24819721713429418	-0.5745446168715088	-0.3233078439516074	0.3403916639960273	-0.09142442853636619	-0.09464949459368417	0.4706774806118631
DTXSID6021824	0.38211346096664656	4.8151549881920355	-1.6009117269633415	1.05873706128138	-4.0166102302099675	2.5754310738092068	-4.888852247150875	-1.9226568336543408	-3.424126933238165	-1.2861814570188843	-6.911573296289047	-0.22282221643237488	8.60779846808489	0.11945898482087208	0.12870414302420416	-1.282600721965938	-3.1631296312112607	-0.09603286102378766	-1.0706870095742396	1.0278641542003384	1.204681455873296	1.3782503622716253	-0.04067865489797492	-0.5795729805543413	1.4236143892551814	0.4370522908512885	0.08514143614211513	-0.9855289493140053	-0.09821865444261085	-0.6667489492407094	0.3206923720314191	0.20647512341929528	-0.7095847150383214	-0.1594431072223147	-0.6722476805171833	-0.17320947600535236	-1.9832472592085317	0.22843450708117138	-0.3028373496709618	0.12790573862087956	0.15022717114457101	0.47190602427240885	-0.1830309839234	0.39761968762741356	0.20893788869908755	0.18535211115870906	0.1375390112880832	-0.07678605658145153	-0.3548183963640296	0.4007107898269313	-0.1905410679281955	-0.45130472901818247	0.32535827353864943	0.26826955089299315	-0.18369121380839395	-0.27512613437507427	0.3165706473866821	-0.02354126594779133	-0.9071487678215853	-0.11449013517688644	0.1384127892756163	0.008594016115435752	-0.21610342247055173	1.2342820369399943	0.22652490856712443	-1.7247245073820698	0.00591434501684867	-0.392320387757932	-0.11868505949602672	-0.9135714047161175	-0.4869018609846825	-0.27748281932823005	0.46299246345174155	0.06962312360327241	0.372004624537952	1.1037387857565537	1.279902385969202	-0.14789401763199747	-0.18760280931138093	0.5923796925518828	0.10568698440895231	-0.6788169313294852	0.5327789688281395	0.15077315283524792	-0.0248377083605334	0.365905885574347	-0.5498063783829682	-0.04665338759818169	-0.21213840857545527	0.10571040349303149	0.863794219631188	0.3163446528291414	-0.5470286252297307	0.30429910041368385	0.226617880664352	-0.04082888961919534	0.5564229281133348	-0.015182535826209789	-0.08461840395257299	0.6990828612761499
DTXSID7057656	2.5468662814956984	3.6677367306462756	-1.0424534931252654	-0.1989756297393936	2.711758559744017	1.5118645671758069	-1.1851440866789025	2.757502769296173	0.5612950020916267	-0.4322652225896727	0.13834044643599408	-0.0017341275000034495	-0.03304491544717803	0.045926730308793275	-1.1654255214327303	0.07117155444604521	-0.2483423114279478	-0.6567232648212963	-1.197136793144901	0.10045665486351787	1.0681421401373694	-0.47476924248632607	1.2357186333102657	0.5500988397906207	-0.9631540940052321	-0.13536244796961552	1.0265547987065753	-0.31809055888352894	-0.4510483463554609	0.2958832542014061	-0.044856474632683226	0.736158182624831	0.8970406937380135	-0.5409401084856352	0.21128940696298745	0.5799398882535428	-0.7173109313265675	0.04095516236013589	0.3391233559256374	-0.2865998439342726	0.2573340612050258	0.7576322171705608	-0.2520804098086029	0.3941857475071757	0.04151762306015824	0.23970566543984173	0.14578345786503716	0.17020047908157263	-0.0923924216436203	0.42247749592411343	0.12213122396219232	0.4660497333952287	0.1316062578752485	0.25065334085001667	-0.037578489392545905	0.23165878703930734	0.5735902973859527	0.21637822309560623	-0.7400898119131589	0.19085287283657493	0.1111104809754884	-0.14581038028258692	-0.20157413871374136	-0.5581009813894512	-0.13371104716029839	-0.3373130751188645	0.09549895217501453	0.9941640401330181	1.0360758246313357	0.4576441178011992	-0.9414412095916382	0.734431869989964	-0.5951070451271457	0.7600189679158967	-0.5978174411472746	-0.05271732717714352	-0.26322185549898997	0.702183653101982	-0.43206336652317695	0.16839707295095163	0.24362534086778642	-0.19539661886012552	0.12898991891532585	-0.0526083738332117	-0.16608854283781008	0.8135362103221367	0.46965272498668326	-0.45254999179384275	-0.6282641088463952	-0.6071857492498509	0.328376018049839	-0.8647506659263845	0.30225940640799187	0.20246244839152128	1.0367978141867744	-0.18365436530005178	-0.1268613634613672	0.06427943032503423	0.39948231649675087	-1.0543182267032907
DTXSID70381151	4.489613949415997	-1.8510379433687778	-6.914906361553469	-12.634318884309728	3.752912053475622	12.382664271500317	1.4888573703512562	-5.695609227378835	9.92119750756091	2.20582221132575	4.668792269290764	-0.9126848239954414	5.408971369927371	7.9643979501974185	0.2847762568512568	5.241533616601733	-0.9034083907399385	-2.3863809995351724	3.4354870542442986	-0.368465950787504	-2.366901064893292	4.565904756962287	2.5722853771380234	-0.5363335400892959	-0.2998724278595442	-0.5501920574467443	-0.4416610278979466	-1.412325939420376	1.2341608307061023	-0.9674411826340743	0.6669223935790409	-3.3113012023569883	0.5493057452225844	1.5139512769921457	-1.0493836600231858	-0.3297162112978292	-0.3479888924682459	1.353033201902804	2.5303018527686985	-0.1575861446209014	0.16451002024961076	-2.650398993041732	1.2099741387045673	-2.0647227980069105	-2.415092704012437	-0.10213813655265258	-1.8054545833051059	-1.0757319489811683	0.5957706169096927	-1.7951925866007097	0.7753186515314624	2.7122942193393245	-1.8164230561626586	0.35608459928926006	-2.2677946482421176	0.02080100514231851	-0.35193010202916913	0.24125691189235474	-2.5339500291159704	0.05435740752534917	-1.9479106066351652	2.0114554473530233	-2.54661794709105	0.5448758081574789	0.3549357929305469	-1.579033932303418	0.02203248418753423	-1.0199157651328898	0.1041339500236507	-0.7780333177458719	-1.2693208526916957	1.5790568091353836	0.002276305267094817	1.6495543564689732	0.8649940222431605	-0.7267298538042605	-0.7370449144920064	-0.28393052689732706	-0.18798778850060208	-0.557987167321839	0.9000359615946141	0.4371879227018425	0.2072773809654623	1.0257831912007336	-0.6522739841189998	-0.1937248957298125	0.012068043905499018	-0.7767381139318685	0.334562334932413	-0.538791449612277	-0.17266629944323778	0.15622868922285957	0.1127895757751751	-0.8459355861564001	1.1283660709718757	0.866020592803258	1.4179612642365529	-3.343999005044314	-0.32634802133582436	-1.9052218911809875
DTXSID0044280	7.02712084437075	0.19596414343616714	0.9654227195744858	6.35444809126616	-3.278219842380212	-0.7431080241996527	4.545076166062521	0.9629021932521454	3.0885572306834073	-2.5460622055939255	-0.12904428622938094	0.6942854162718408	-0.49798678712742994	-0.07771685310395701	5.90750533477587	-2.1162210984889733	-3.4629014535222122	-1.1495650228521141	1.1541333293155411	6.52982889780596	2.4562517985341867	-1.2316009062429896	2.6785978771370704	1.8489670185615485	0.593572878573128	-0.1967608375021945	-3.7384853507820965	-1.4307947806385282	0.9526413451111104	0.5554922827723487	1.2469796815806549	-2.1551270231509396	-1.6238754433719664	-1.1797210563973963	1.4320945745340001	1.0155033041116341	4.234469586221218	-1.2930167909181	-1.1509604800622921	-1.3328071652305444	0.8674543312358352	0.6126559816179636	-0.760604105114041	2.4035733659360856	-0.9571877548348984	-0.48002272793948164	0.780305337746867	-1.3173157213964868	0.6906160507857254	-0.600861740643664	0.6164327583651434	-0.03307218685248891	-1.3162758352065371	0.342052122154031	1.4412666091299617	-4.476267181150743	-0.2841121824718673	0.06754377926472455	0.24015722296850747	1.5906675929877272	-1.0277402195116117	4.214157752834384	-2.3131690098745366	-0.8028708418047416	-2.6959687109772923	-1.4500454246129864	2.5504350940744884	0.8313100311129329	1.4281019209639236	-1.461395194379268	4.24970077577198	0.7993495808692473	0.18555815218309035	-5.111298205932722	0.21856051455649317	-0.5475602458537497	0.8173170685190225	-3.091789746657666	-4.952662255258666	-0.3915341536801304	1.8759826279105047	-0.7151158418963777	-4.518907768824761	3.487448390261887	3.4832208954442656	-8.15704071181073	0.9323926256521022	-2.5213211777586735	0.29296559123515575	-1.8054369617093986	1.76598902047326	-2.033836293428085	3.6823702465390795	0.7929672642839866	-0.2407761837626157	-1.321034924240958	-0.21538542808973246	0.859124673809182	-0.112299637596028	-0.6649631049373482
DTXSID4025298	-4.224292980846541	-2.4992302797848955	2.6976680833293796	-0.6044680367792616	-1.014847446126716	-1.058266548994765	0.5018977560896568	-0.7727460993220062	0.3870466225736336	2.1273647212341382	-0.29065339420688335	-0.41941935066448377	0.48872400441276875	0.015106034754433836	-0.25874309933504136	-1.01664073100581	0.6494826666787074	0.05926584856429827	0.4965419390834979	-0.41752732360284195	-0.20451039787830197	0.12159683573469533	0.598768797834048	0.05506699763524909	-0.35701143162675103	0.275466425346051	0.28260627015497997	-0.4237649824043354	0.06730249275188407	-0.28574565632869753	0.13064903766884678	0.07152860420105735	-0.11785373186958291	0.27369828133428437	-0.3134417016432757	-0.24835785451960962	-0.17128946140858106	0.39646546224921664	-0.3127097541393613	-0.29178662940236605	0.3666689092960163	0.07765899338593356	-0.26371781142067163	-0.3839065069194638	-0.33326444328570126	0.16618025445539944	-0.04455339341298319	-0.2234024690643795	0.0399992637333658	-0.3102020222573638	0.03186646548602467	-0.10140579204186151	-0.0880608227741128	-0.005703307288853545	-0.1752172664972196	-0.07066451959738555	0.201316869633419	0.27441417155380676	-0.10964172145160012	-0.12075288461380645	0.10712652649471074	0.11573410113765546	-0.02344554570791829	-0.7963184529861438	-0.1453626761787404	0.2569797724743798	-0.4303053548162982	0.10724466253408335	-0.17568123200437835	0.11849056020229734	0.31325872112624015	-0.2328374940222426	0.7501669217952132	-0.41058217300173194	-0.22964287428067445	0.1254431214721048	-0.05960308307359664	-0.13293227876642827	0.10110128358288951	0.22921570971218816	-0.3238579753159781	0.07874792809600378	0.08448322608498919	0.3174714033620938	-0.5967729724170908	0.08135732332030882	-0.3796657083001705	-0.2671863560594087	0.21353775071986347	-0.49944874332432593	-0.14835862020765292	0.10450677419266127	0.4979498261503585	0.4995032451052815	0.44077876487760587	0.15143177511428604	-0.18506151042824887	-0.12135864218838757	0.5657426275041616	-0.5348249748106111
DTXSID9040265	3.3819284070327	0.05268868579566726	-5.223313662489325	-1.597964565614105	4.059805745837851	2.036660466610663	-0.05656383930413975	-3.1002505195419223	0.9014998460872294	3.501495629467266	1.4270747987929313	8.961592380074217	-0.846867668397255	1.4750385000980977	0.7522658583748529	-1.2161296939889077	-2.2807134939108735	0.27239796307228326	0.5266055244117556	-0.35643322121278376	-0.9687398917485411	0.46273639494405283	0.192223186524178	-0.5220229289411085	0.001277397718495575	-0.34826820065091213	0.39462455502683447	-1.1050525840975416	-0.22037464744018462	0.7117999186911202	-1.0273623871730388	-0.2980622727448969	0.45217620899422767	0.10676324102599019	-1.12114046155442	0.6878356164003446	0.40441063626104273	0.09601185245067458	-0.6251537518440564	-0.04035173793602567	0.11111809811238217	0.15550930145777234	0.07327065202710706	-0.6436370699549061	0.5046618381472954	-0.21579725179128417	0.5596344522769612	0.2756204532582612	0.006465923056022497	-0.3893415556706914	-0.26248427593446944	-0.021553240150192474	-0.04083474725374829	-0.25441307864498036	-0.2575298581343664	0.40729180443575064	-0.3567314544192522	-0.06045741067854613	-0.2527279777339716	0.3365090487726406	0.20078592043240057	-0.6374245799583091	0.2403447467390178	-0.08242305902672352	0.04484544120486599	-0.1493875873727405	-0.4036380001803233	0.11523828122206609	0.9080539552227117	1.1117276371371116	-0.6671410018109513	0.34418552423800164	0.5907235700125656	-0.5413424748329317	-0.7979000221514445	-0.3341187080192659	-0.3903051066192195	0.17957762426490265	0.8356827119894855	0.4478975590090626	1.0445016309622976	0.16500526385436148	-0.8683402707558624	-2.07999399211344	0.9078247634994685	-0.22117547400398144	-1.494279064470941	1.3023852764158037	-2.495785986149003	-3.0148769238861517	1.1396701852647655	-2.3554896650980273	0.1289676067115639	0.16569041900319817	-0.3179317432406162	0.7537507996315663	0.3715083720493155	-0.12610805109496384	0.25010215532804464	1.0261744299828428
DTXSID1048964	14.886314350257805	-4.242624918707238	4.995760169300496	4.383406513313697	6.884650025417739	2.248093476530554	-2.8200704640448664	-0.6634929706455213	-4.01097072500086	0.17843004306775845	3.00942646649507	-1.3912592343760306	-0.11924493198175684	0.7702222501077024	-0.41028387097249147	0.8329058374377845	-0.841603941079721	0.2612997871515579	-1.355255071995383	0.5419057412750223	-0.0875021782936519	0.20700801570413213	-0.12541344167867835	-0.2717100314931132	-0.45309857411612403	0.8083559730935655	0.44578553759157413	0.04975261660965886	-0.7272939570596478	0.1347529517584075	-0.8145353098568091	0.911155910044686	0.1700815413567372	0.32003404820660886	0.5012054937188203	-0.6331930605917488	0.3713937196065154	-0.27743446875877115	0.6062715828008962	-0.0026428806332358602	-0.2286928318453964	0.40926755624492	-0.278008499485219	0.3088032621754688	0.17759006143269	-0.714995946794557	-0.21340325411201233	-0.6184913548708977	-0.05755045436163385	0.36523727324342065	0.16775117540369913	-0.14591990287323567	0.2265222751903119	-0.22175029860941864	-0.25721998774503324	0.13064890064697007	0.5632297422933105	-0.7129324286533604	0.1754384155442178	0.5200544412985763	-0.8216310918397096	-0.10026774266468022	0.15574657079404858	-0.27369609706567305	-0.13507113393702266	-0.03172290048503004	0.45387268693279265	-0.8748499438245735	0.9190130463488942	-1.2228097803296114	-1.214827449989484	0.0530586168950477	-0.6994450496804521	0.5294737402304928	-0.146102516702877	-1.3921870191289383	-0.2310931453526313	0.0776760442444049	0.2596118107049783	-0.4165648563599994	0.7168098580603469	0.5748687820786478	-0.04607817140075856	0.08143153901434985	-0.35339255311358686	0.37476705652408693	0.5479224873734133	-0.3427894961768176	0.3901300387755488	-0.81986833011559	0.03410390458921623	-1.0545476243734122	0.5017288253263068	-0.7085897035573786	-0.44236471010959494	-0.45677715679065556	-0.23072075477384085	0.6383373569695829	-0.5659062793475775	-0.6086881677101226
DTXSID8026195	-4.753044512676081	1.4678171616153324	0.07880313115219896	-1.431270163564241	-2.468419647971851	3.5373086454114624	-1.1983355213397133	3.6503767491343777	-0.810259053328232	0.015636899571737778	0.502474530774035	0.3903466776702356	0.38570050705956566	-0.8989865874948451	-1.4825070727705856	0.08244767467852172	-0.6203332030355194	-0.2390515927575277	-0.34746356497811726	0.45051332914825304	0.7023312289180556	-0.058717600351472284	-1.3262516804681606	0.05691370464509322	0.12958354210778625	-1.073832527188504	-0.4457763624078838	-1.43362010088141	0.510055270061857	-0.28449903093522505	0.8893587793150154	0.23116558486373998	-0.28139697156704757	-0.5883322780031583	-0.060766197434469274	0.27249542634268403	-0.33238180426625635	-0.11915218218456192	0.24560898885222437	0.28411507888521675	-0.5550345500262088	-0.23191560669490927	-0.23265084942923067	-0.08068304066416955	0.1865347460359978	0.43640143266399073	-0.2845053672528819	0.2892736734351021	-0.05855338798348611	0.354545117068644	-0.18805675403432237	-0.05441736148927315	-0.2897811115337707	-0.03321354839300876	0.03548622784262251	-0.1940909718363619	-0.07344763689094355	-0.39284330216187713	-0.3330928063427592	0.3021462670603019	-0.03708590435484857	-0.30022450684648466	0.4204977225020539	0.4959756463043765	-0.09722270110336048	-0.35838683043419967	-0.17914389148413862	0.06867024926539222	-0.25398362654394363	-0.33308851819023344	0.6472314627989275	0.5908610467011893	0.16725686642655277	0.34773194488510645	0.5250259656081012	0.09384938664540506	0.9856306566734172	-0.9537796558057188	0.07736192939461883	0.6696868027024383	0.3351022481155132	-0.1873041212529824	0.7386414437265971	-0.4728483989407261	-0.3467688855184849	-0.014027656751423267	-0.24200296500242574	-0.0785866393417273	-0.06341924304010939	0.40911279812991347	0.34066089109800024	0.3131938135351163	-0.5981675071690604	-0.19717700760052778	-0.1760769795487942	-0.32700598794053287	0.12347985688351858	0.04566808653425654	-0.0049618812460585264	-0.10192028864443439
DTXSID1026035	-2.800972782474321	1.1191405173990019	-2.0587772816747054	0.8140183356233676	-0.8046259053391486	0.9500316113124155	1.1508695426619235	-0.1117051470750468	-1.8544081642046768	-0.9649085327840683	-0.4092400722024776	-1.6145878135475853	-2.687404488877361	-1.711161633190745	0.46338279721007586	-0.2964210448745215	-0.14545096719469158	-0.9602729655428631	0.5635584880761391	-0.057615280094869194	-1.173758902215979	-0.5935776906235194	1.6551973921555472	-0.3068102015056483	-0.8889907188324554	1.0589773350398917	0.5646828468050821	2.8619458718284956	0.13977620666484852	1.0776353876088867	-0.2424985568961772	-3.05428116680572	0.1415921601968271	0.25544644061459026	-0.7071773443750199	1.1165545042921086	1.096002366926622	2.9317824456120682	0.18072931732484585	0.11677992844385297	-2.755610758029905	0.29681492664699544	-1.4123599274611383	-0.8672163300596594	0.5901658948702097	-0.7171662524077274	-0.08561727755158817	-1.5678368864713048	0.2512836494074796	1.2779192201033953	0.7481809001262779	0.39631333298980803	0.1855999866289549	-0.40744539241464145	1.423405527253745	-0.18238324960189534	2.30996253605997	2.3312154526998317	1.6282912272037209	0.6411755485988354	-0.7662279989117238	0.2362875673590066	1.4928623459495012	0.8047478022738926	0.26783033053112104	-1.2657316595434809	-0.7763080241660114	-0.1473322843785384	-0.8665389901486314	-0.8668015515443419	-0.1875853088434373	1.1081333403477112	-0.02778523196565557	1.5071940329236433	0.9520747616222699	-1.110547320983488	0.4365579420335406	-0.49285879275773686	-0.7649035006908355	0.9479264622389959	0.13783739658687294	-0.33046906415450344	0.8581841585132297	0.1613290630266886	0.09276853815967288	0.09998715427596741	-0.6162082044373979	-0.6089076161072166	0.1960215105565145	0.04422316752097324	-0.20738267344080544	-0.0842832529673149	0.6816018796944433	-0.7004831840793626	-0.9604368822702941	-0.34005208409194393	0.7849150818902261	-0.8002183189894879	0.6467179495438109	0.9726073625901096
DTXSID6045296	-1.6085048315143808	0.04922251801834125	-2.4899798826611095	-0.5582657900125787	-0.07283440045248357	0.9801905240853901	0.09445857353218808	-0.4383907994057367	-0.26826880207659404	2.764873742121096	-0.8101743656566205	-1.640621054351533	-1.4563602943455463	0.07093689012781468	-1.2215649323923792	-2.043617466692614	2.1211533971049468	0.08626544743503696	-1.6867382765915886	0.2590707649417006	1.6284336530671202	0.04080558346714506	-1.2061578205646661	0.6955618817253743	0.4251431774575977	1.3917911068621982	0.627918788797381	0.12151247028679797	-0.3976688553815087	-0.6842781015806545	-1.550282948161966	0.13929498254989578	-0.44709591908799795	-0.05355661627330822	0.1377254659819506	-0.7531827056476262	0.024961563994964873	-0.5426137705412801	0.10122946387867207	0.48477270112235077	1.593010515994632	0.764360738542557	0.1695365072048938	0.6785968983008587	-1.1002758162558093	0.12619557277604193	-0.9981050217148253	0.0034836524622173523	-0.028185283131616317	-0.24305711247355005	0.05023919498054131	-0.4692661170169999	0.31436834048169365	0.5027412630390703	-0.7069645678117692	-0.575054760220634	0.5529488984279155	0.06874898859237498	-0.07588729510726679	-1.5749993467000205	-0.7144424087065006	0.3557343864081496	0.3403892247424154	0.617052341122605	-0.22862671309631233	-0.3951501328399977	-0.1849953169930405	0.45023943943679573	-0.8967144397160166	-0.4602033413515542	0.4047514419168599	0.324425316167366	-0.03263495184843651	-0.3094419737528222	0.18385383160159435	0.44708639066668593	0.5349236467892331	-0.589881519238012	0.5283653245521551	-0.7450910292789792	0.12289968251922354	-0.5923625244121971	-0.33133766507924867	0.7697975386505636	-1.5771306445712954	-0.2263267791969494	-0.8209208978362985	-0.04659383116609147	0.11187439880588876	-1.1636407673562805	0.2878524856808088	1.121813008553404	-0.13374561279072936	-0.04664731491235197	0.8471950741386982	-0.15942071541270808	-0.5072573353507676	-0.183948607548517	-0.153242036893466	-0.28144785048206056
DTXSID1057666	0.9535485804119542	0.30068333985187956	-1.602893669106761	0.8972642609985976	3.555977545969325	-3.0849260213917744	-0.755312658258087	2.71272342115009	1.5754582231271679	-0.5957057445668678	-1.3022629263030603	-0.8227056929220707	0.14951273703553886	0.7112610593464508	0.4148273220223971	1.0185153367032915	-0.12224533399129774	0.48420096418837544	-0.3871878896985084	-1.06768988017987	0.30284428499453875	-0.4646550204046633	-0.17851749439427916	0.4693346479574798	0.051533434703739354	0.11959689742218342	1.402550326312393	-0.24179914514485268	-0.31205251038484577	0.3183786536610948	-0.7275040203176002	-0.48164990460601687	0.16870470939501625	0.16856557970553704	1.0329044798828764	-0.2066207063611162	-0.7772291577213042	-0.7331149292903039	0.7596532474330631	0.4076452793776226	0.27372800644906925	1.4904484515101744	-0.4755203939994627	1.6031150611966627	-0.7344485729194407	-0.004186386212055756	-0.3817796922303886	-1.1692992294264934	0.08503051255497095	0.18411501669748562	0.5592963647005452	0.09512332978645542	0.06304308687728592	0.47829297885405303	0.17301463353825822	-1.1193026636376806	0.25537453651210906	0.8385658944070201	0.030011957604286467	-0.26133181544234735	0.2938960188168914	1.126004327045844	-1.175069039031711	-0.5192460982815919	-0.13163010866057465	0.09682404804062829	-0.29470892260932596	0.33891857159897193	1.6230786227753786	0.021658480214360634	-0.5288819062172864	0.0020112174422210177	0.2539806791239996	1.468960563218734	0.2727919147122428	-0.1954826467817481	-0.4368198665200954	0.15388205527781576	0.207855333774386	-1.064031992699979	0.6243687904834522	-0.6421128625135059	1.3928382912969497	0.7495583220099589	-1.1588779569460512	-0.10557309938322434	-0.08476757653185808	0.5366227507267152	-0.423033293105487	0.008536802401715407	0.7038268815252611	-0.13325435375678724	1.274372280788492	-0.14907960788974786	0.6050592449574096	0.2723825950292729	0.43029543890144384	-0.024130474877085337	0.48706003726006203	-0.6037764180224013
DTXSID7026102	0.30693623018891003	0.3948015529088175	-1.0092459392435023	-2.4630437420362683	-0.2280390591493772	3.6987373898756815	-2.097409845187236	5.476510340130286	-2.0618293412688793	-3.37176657131256	-0.0426823324645513	0.40766334633324114	-1.5665359307492261	-0.055247775156613596	-3.4252283009035254	-2.008146445256961	-0.22643550852824504	-4.0801052707497645	1.4634676295397513	0.8686717845113164	1.7131331817122875	1.3507489724573725	-0.5292692117747775	-1.4723932388865522	-0.2837744191145046	-2.3754586975635577	-3.4522060429757233	0.7780468998334792	-0.08995631220347601	-1.6608509626046255	-3.2149657100790083	0.6434299743780327	0.6892831787060805	-2.57591268397235	-0.5371921765214885	-0.9733205709275904	-2.363322834795617	0.6676562572143816	1.3357605469329543	-1.100906628074943	-0.3031722692675299	-0.6526685410352906	-0.32544348951379926	-1.426098247108588	1.780259611036411	1.4776365894835697	0.13313501762669078	-0.2531086141878313	-0.682991929638475	-0.2355404777317806	-0.2115791481461867	-0.18794837811484247	0.2624827322584735	0.0930503045352444	-0.3953977671042969	-0.21337717357153463	0.8608240772919588	-1.7125957552476554	0.3800992346442966	2.1039857594743436	0.058910864752859525	-1.1800313104925066	-0.4029291410965904	-0.6534918718606201	-0.27820390255015387	2.2901604858376343	-0.5456663966477318	0.6971536125840601	0.21082251249876663	0.003117909115555462	-0.715964721159271	0.4345302701646168	-0.48257294372575477	0.9221831457187886	2.134268645002795	0.37028409466659684	2.0233239812032306	-0.3119550445718548	-0.21456150099499566	0.3045238536258149	-0.13598422689433448	1.1243976990764901	0.060293928740406025	0.9658012262531284	0.24709727445462887	-0.2407015107412572	-0.40664717434809294	0.22188654047314527	-0.4366632998018601	-0.36586690114387344	-1.133911194855004	0.2369138657238905	0.8594128963052701	0.12931412208130805	-0.07510821763474164	-0.5588047475653544	-0.17027131754008581	-0.12485373917479342	-0.04428462965350814	-0.5001834962805625
DTXSID0025527	11.224454537212015	-2.1362049946749893	10.039563491370277	4.731068072179727	5.479249095839905	3.3338032420645662	-0.2337700874269479	-0.5286618551263349	-2.1776421372661923	0.7822051296259782	-0.6020416849810639	-0.6314863197193399	-1.4579728779020917	1.397166073993014	-0.8300281461476527	0.8882332272769301	-1.31845636751229	-0.019657966703126053	-0.2544833310836968	0.8360370337322495	0.369435511024065	0.30531902091354207	-0.8887321920851854	-0.4546299098184115	1.2307333944065373	-0.09526009504666752	-0.3803516237714304	-0.4139712744678902	-0.08278361858968737	0.06775569517426996	-0.017352603022079166	0.19752176659631956	-0.2661085596985455	0.24597758900698638	0.5444675603588524	0.337660898241566	0.18741290289873916	0.5684882638810601	0.3386442622873315	0.3255842861292215	-0.3602244360519577	-0.22401354033723048	-0.4214026231862926	-1.2708824413636066	-0.27489010971988703	0.21318026395563006	-0.3345390338112492	0.8940547365894845	0.284126702332698	0.22412607841548635	-0.05386955600648421	0.5584169181432161	-0.26405047949944893	-0.1514728066503325	0.3188111153859921	-0.10540195111253638	-0.08329132522550461	0.04900233496144179	0.13540653538811004	-0.16610970068256967	-0.37759476516421075	-0.3610385825927791	0.5125536793196144	-1.4951271572722356	0.6362018870033079	-0.5164302321074487	0.3244570673755695	-0.7861909292433362	-0.024455340580717293	-0.28971853181565405	-0.45980675154022355	-0.21049533153425404	-0.2685460177502543	-0.2520200092769288	-0.907324498812837	0.16616216615179447	0.020342962502247396	0.9926407652582763	0.1488860696759088	0.24795570488496638	1.5425538551669302	-0.7731018614033529	0.07584053340227584	-0.3841937503762383	-0.4949775655587986	-0.09776117868621681	0.07236786652638007	-0.03883162754411478	0.331464572964315	0.34504463675370134	0.19308387199075316	-0.008278987284603162	-0.0029493663670373785	-0.2807058656228876	0.032406656185760906	0.1921936667807332	-0.09570856607824811	-0.02905492283419492	-0.02788702037391976	-0.15419129424350017
DTXSID7020895	9.727904082290975	-0.9097085469642083	2.698661187973105	-3.308309911233223	-7.976024506924822	21.0839601763952	3.5201499289721494	15.00823062751529	-3.783416006745173	3.05238922635099	1.4261012454942332	0.2639165950945281	2.63392241795402	-4.4532097981547425	-3.283510902275502	-2.7493239392433058	-1.979351301908998	-3.379724635305705	1.3040077534105536	0.649127510300517	-2.2955807418159204	1.563574538157632	-0.2952731850194927	-0.9262407115006556	-0.7561757284051025	3.166931573637317	1.1214722242608774	4.401458905739672	0.4613427635343125	-0.7364328349349306	-4.018858497080413	-0.16897493455817097	1.2404427276175185	0.9223012438643029	4.499774488735739	1.8151804595616348	-0.5773094552716315	-3.856942605779286	-1.8157380064506259	1.65533504581671	0.6469965242433793	-1.834985296966636	0.5298747433516678	0.7673475597673424	0.3088275119185044	-1.7149519422002457	0.6460335820474027	-1.3680960366286743	1.0509381481156679	-2.17214849656369	0.10316541792789952	-1.681009851217576	1.6727148709286397	-0.8932878408593904	-0.2995280223196919	0.2796829375612443	-2.694838411682361	2.029138176134297	1.3220338357320394	-4.586283057659635	-2.243012036469863	-0.33724002216972054	-0.12316796927821441	1.4614592124475265	-0.6152228691531139	0.41422487282900405	0.4871405808387818	-1.0718329047711752	-0.5457780601513553	-2.4071863293122875	0.7348210510020059	-0.19923862076278145	-1.3012872230626	-2.4723738566481397	-2.6077698658100243	2.956547963064065	-2.919655048394444	0.24835952268789227	4.131523084033655	-4.688174741322047	1.4659992516363358	1.6776738713304773	1.8046470916571449	0.7760181377502524	2.5720937480400523	-2.9679710283469958	2.377222182117041	1.4176773590428187	-0.9242720826046041	1.506425018614169	-2.494763545439313	-1.013619808519311	2.099741469054317	2.0357230535269286	0.803023351397012	1.9537571054542964	2.087507506919153	-1.3602330570698937	-1.3454364897019488	3.7133523624869182
DTXSID3041530	3.4929289285266027	-1.9899197394276142	2.6871830292048418	-4.723171493472989	0.5695659555527677	-1.1242290684477132	0.7464460413379954	-1.4679500746589622	-1.0837514530109869	1.1057764542425037	-2.3470015189076747	-0.9290571186885208	-1.6221024564271087	-1.5722560545563449	0.679114796631226	-0.28078106215271015	1.8442270692760938	-0.003639193961031737	0.6832770695180445	-1.2199415267051974	-0.18781932921359168	-0.2006994007147611	0.4984450010578323	-0.16018786877814636	-0.1663529190029129	1.0000709534475503	0.9856870042568324	-1.907881545407457	0.595223848262877	-0.43260407970480325	-0.14574965590438493	-0.18492767558468468	-0.7016473876817294	-0.12568949103438912	0.3787993425596631	0.23689516085618378	0.6167871591415597	0.7434838109778619	-0.9293069074324359	-0.1367272786387627	0.6465930324989241	0.8422159747148228	-0.39791661588319194	0.24624800155400992	-0.11371078044746119	0.4087490000481793	-0.4968543594189616	-0.5005614689367095	0.10757321657034241	0.03852220249494107	0.3247722695141565	-0.2531832573408334	0.34878758899261086	0.21038745105848503	-0.6244430892079984	0.262962838858918	0.3262405796008683	0.6680731544210489	0.012854679206281769	0.6680402656052612	-0.5134220935816382	0.8483530537497835	0.39246942660797257	-0.9960825884513601	-0.35912972407724	-0.6561944100841552	-1.4134987936439285	0.0021534546460522126	0.3441122497340071	1.3956832275729723	0.04683405510195414	-0.15185765640181506	0.8830069951355156	0.19980761944279277	1.1142739364913177	0.31680759132642833	-0.6575607615096849	-0.545510157447029	-0.4418201828170815	0.18692744545240486	0.33898041030781495	-0.6076061891546533	0.025752118256599052	0.16438932111669122	0.20253141677474465	0.003855650798868159	-1.0566515164515595	0.4240292412243277	-0.20906444975415842	0.5702891162539295	-0.649899891806854	0.36860956097466213	-0.6862705260149932	0.030311379822219958	0.5234217543292482	0.7632852660348527	-0.10484543479576695	0.27169227356158476	-0.36194116496996454	-0.16659864000538163
DTXSID7020631	-2.477389441557444	4.072770735605283	-1.0404450049249703	1.5131220991086016	-1.9231029124719365	0.2787576494796017	-1.5138705430869466	-1.5243234786715032	1.7918969975525865	2.348565458280391	0.8707469101351105	-1.0698213049023664	-0.8288708208769614	0.9512390260538336	-1.0853735550402759	-0.5930465901155141	-0.24579367042658898	-0.2733346110477961	0.7288166634675479	0.7191441431373078	-0.4927739890246629	0.187508357853217	-1.0923833611861402	-0.014257004583138052	-0.06197829208563796	0.2921342788042973	-0.31492712975371956	-0.1989762197976221	-0.1617889093364244	0.12028662791176246	-0.010821013237649184	-0.1771843084888574	0.04676135373647833	-0.14667613792216588	-0.04590443365371924	-0.5500000701336016	0.6313092129832707	0.21219452237981046	0.25827437186257407	0.24333102095552545	0.3122043975433092	-0.1750837011920151	0.36231267769258724	-0.12134678820631145	0.3294475613346892	0.34623713816442164	-0.12145129747498587	0.21942826594594253	0.08374932582704504	-0.10695533599645698	-0.08234822292913238	0.0025288154663613235	-0.04553847746606763	-0.22276626294119778	0.17247947542650416	-0.03478109799671405	0.08361037394459114	-0.251611061022419	0.08521447736206006	-0.10788881395095153	0.16395404659518223	0.00030682961555153937	-0.45713722864113476	0.18421800990121082	0.21438580258291245	-0.12796853727658064	0.006650903541653031	0.04754599840170581	-0.1684265006956403	0.17158638134544243	1.0118225993320122	-1.0487181751203591	0.15105992963346673	0.09818552069493253	0.21939921064670212	-0.20681319903081846	0.07040280187506263	-0.5060058681295422	0.1523708171314977	-0.10402678980869799	-0.44894695742161655	0.21280273774855532	-0.09884569208221211	-0.19805658151821004	-0.16249743388871257	0.5235826592827973	0.15656302260498156	-0.38555461945711467	-0.3944916223548858	-0.6958830821877577	0.3837107984143346	-0.7290762370572706	-0.38956914257284064	0.8275747251509274	-0.09924794401593799	0.09742573299563251	0.10435255205501814	0.468735673614655	-0.41497835260356214	-0.3729023633841767
DTXSID7041883	0.6172838906379798	0.5039363889924754	-2.9311688867532406	0.9887619567526917	2.782256585490917	0.9683307470573995	-3.2867390618476744	-4.789845051207223	-1.816361712036643	0.0544261582162117	-2.472681995098959	10.975923765124419	3.2915984891222028	-2.320700663707487	1.3446002644644262	-1.409214016357366	-3.0901851673995586	0.6022935306173155	-0.18574514509517234	-0.13645128801516396	-0.17009138902696394	1.1895552609451958	-0.35614942196609395	-0.757302880060167	0.9850436532248108	0.20159853550055784	0.5840321518791708	-1.0565751738229876	-0.030954355160545125	-0.035543357147041654	-2.1294749612316988	-0.7130591335828484	-0.4428730861020692	1.0296139803616748	-1.4678946309922447	-0.012236092593547772	-0.1484554469257378	0.5086579438717854	-0.8529511039850817	-0.40152869609072966	0.5246930825298696	0.00628139812679542	-0.2233109081417113	-0.5350117798809575	-0.09376944474585769	-0.12463596599533462	0.06038766676492616	-0.2296088740657766	0.22774130124247963	0.14097119698722332	-0.18013353586139969	-0.25856098336822275	-0.013737164260034207	-0.06887329958787258	-0.012265456514624223	0.06911235351811428	-0.1026372001754262	0.314556771655115	-0.06643376523334506	-0.12872026551112814	-0.21637670107166918	-0.08960501632085244	0.3463894272661634	0.674814106367053	-0.3180194188171705	-0.47716694736911075	-0.25645000555741615	-0.5228418013051991	0.6299921784721171	0.4525373212892498	-0.23928699720136098	-0.631846694333642	0.9318578349610236	-0.283581853301127	-0.22248730211432544	0.08317905860643852	0.7026973249929303	-0.7914124044821431	0.07771755545752862	-0.6226841368167791	0.43819613705153176	-0.9839397702128518	-0.7884771184437412	0.2005670606943817	-0.019585868904429697	0.908320603072426	0.2075140988401658	0.9413735329932105	0.6602985109911561	-1.1758373758618976	0.15453730239643326	-0.4437188977657836	0.67376547259478	0.9027915514467951	0.004753321854619793	0.6133133098347364	0.0552481619346469	-0.06394375639081669	-0.15293532940975485	0.44897977471940226
DTXSID7020508	-6.283676458928317	-3.4122527470333104	-0.3333277229298258	-1.5917968721034639	-0.7978229381536078	1.0887271897038133	-0.8242700817894094	-0.29863205748939975	-0.04085479001129178	0.6026273139839499	-0.5136214835346665	-0.7110622070549645	-0.5052163153344729	-1.0472598838276181	-0.004618265155881878	0.0532516115457759	0.11959783598602154	0.31135848109755765	-0.12364203209338669	-0.32165735156302055	0.6046028936880452	-0.4217504647990451	-0.3862641928329468	-0.7013199311734976	0.30504599988138487	-0.766598011934445	-0.6897704429881208	-0.7916473661265981	0.02356529088209603	0.21268184672434734	0.8240692487078347	-0.9556838783341132	0.0962160027955897	0.12223377964013	-0.7282239367279497	-0.35245825551153215	-0.3078241033814112	-0.022610758551335982	0.12067325573303744	0.13283802240960296	-0.4349691061155081	-0.012991822897850837	-0.6211618174196204	-0.49947924573162905	0.29534727552629636	0.13769746400522628	0.08536367476933696	0.23941574004000787	-0.2751686132334744	-0.06427207880351833	-0.12727575327444918	-0.10078788811319501	-0.4065794755104364	-0.12774425754482466	0.10224501459914057	-0.3649152411357103	0.39961495230573624	-0.16262110984833708	0.21467605609060963	0.3204039267556889	0.9825116599863424	-0.029588018315668967	0.2554265884278724	0.37705852723343813	0.181734346285318	0.38969098717394535	-0.4167325862847732	-0.6051953165555933	0.3296061356497815	-0.6509253756331849	0.06758908281460073	0.3325260687992667	-0.04866994498966856	-0.2630984366852938	-0.4887750100633265	-0.016027912738406414	-0.7452303565661621	-0.613345239876545	0.21573005165845763	-0.44337588693211655	-0.03942161126272851	0.3416791427962113	-0.2017523001307887	-0.02039091144590816	-0.36012974110713114	-0.3201846362820326	-0.009257804938751406	-0.34747053823646423	-0.05174838264261837	-0.19587101984084326	0.53731890293716	0.14034853210592962	-0.6641568708933909	0.05844585454661626	0.36267824021492684	-0.3222526682378919	-0.25350728186988675	0.24862329452055118	-0.7424285936375556	-1.1070365295256102
DTXSID5057678	11.21333943617637	5.027750246524809	0.8820200195100035	0.9526679923118628	-0.8857717532582399	-4.670435338093745	4.53742206994911	0.12315938032318585	0.5888552526948849	-2.2086986922571894	3.0645063659586005	-0.4136529397627933	0.35290628103168126	0.15455203180303378	5.544319664905623	-1.4263236142370832	-1.800011293264562	1.0447702172813418	0.1514073922999372	3.4291508309127376	2.1145540616470457	-0.7426639471600336	1.8098847044278854	0.8776486072613826	-0.36856333042799505	0.6073136879020404	-2.215599552498188	-0.852281121871466	-1.5518152308496398	0.2782492319394657	-1.451913797242035	0.5032589939326754	-2.083382622961056	-0.1329516630362286	0.9513335279141744	0.38170420287456885	2.6528033201020893	0.2498457286944014	0.9756277126026095	-1.8865852632600713	-2.0418550334328605	-0.5525776125115626	-1.278832825135383	0.37348470048784166	0.9154445061584366	-0.9250697114975509	1.473564642125617	-0.34914095852858146	-0.2405818923160225	0.7085349828427201	-0.11135501948320804	0.9613344652672926	-0.36473026586082974	-0.6094712748375677	0.012423673022542015	-1.4341646198574418	-0.9494035362642897	-0.43910454485648137	-0.10777639467978176	2.6266848355992134	-0.6645306518765121	1.7684880042609663	0.24128362325449382	0.3005814653215694	-1.0942468065636681	-0.6524379672951708	1.838661453887523	-1.740083099394963	-0.8700438434630919	-0.7540877489907556	0.48626785346621165	0.7084212504371121	0.30596265087801183	-4.538595268866691	-0.42649453457557196	-1.0585240785857228	-0.2194388572254351	-1.7171872986480712	1.3426750162130041	-0.3948930092483674	-1.7686108987585158	-1.195132519954351	-0.6168389603937148	1.4002930208188922	0.2687572297610564	0.5946151936878311	-1.3435071045042	0.41511586019999513	0.09335708350627286	-0.07818879737013452	-1.6026339397058686	0.32481387390989824	1.1906386224645782	-0.3794129019356549	-0.12310767990112659	-0.009568697964827717	0.21636848267575792	-1.8229888132123213	-0.3939898077388763	0.5249669053561288
DTXSID5048635	11.252452191223872	0.6912548962346696	-0.6417289147109386	-2.719018879652121	0.6251968371543724	-3.06228365031198	1.2180098276512776	0.5225828541518867	-1.065503097690926	1.2767190264891846	0.3708560480216229	-1.3109614788145625	1.670679305614348	-0.6656915039395197	3.0753868684772625	-1.6845058829601727	1.857715776581427	0.5513284014025234	-0.1462359553887366	1.0060738322131066	3.362259112746127	-0.6010810504104735	0.9347108351042145	1.5707027798006195	0.8248970622824268	1.9730908641949298	0.3563711081070875	-0.3084739227120451	-0.05080055756302832	0.2332984160596136	-2.122048782451234	-0.832907001686951	-0.5805462328771506	-0.5997232227332715	1.1721828114890944	-0.15026899761071819	2.9285731689483057	-1.1058803199046185	0.11423145546585602	-0.49538978905007897	1.3565092396191047	1.274166603879683	-0.19492170248784882	0.8652218351921818	-0.3149368367204319	-0.06254353390932149	-0.7570671436174128	-0.025283271376333176	-0.01067940179019537	0.04413109171171077	0.1554619365453305	-0.01666060480158132	0.5146508384806711	0.48899497833792105	0.08992475584845462	-1.6287746762343625	1.0696916519427337	-0.7095285498051042	0.1760947548418983	0.7210287629638299	-1.3201820828776272	1.1585577398125053	-0.7670402910196839	0.3246372247600448	-1.0856530819620829	-0.3692585713910199	0.8143341236434769	0.8119075448581493	-0.7344766168463512	-0.5890734300326159	2.62576492611377	0.6644956348399471	-0.7631340546232939	-1.3563736956518972	-0.39125751870935754	0.09570130371457891	0.006635541808375642	-1.495760877164065	-1.5156304281748583	-2.049099303619859	0.2632247967502902	-0.3478292673143006	-2.887129263441653	1.7468626282495576	0.8151921106414115	-3.0603901813402348	0.3955483892262567	-0.7941803045961158	-0.2079009206553707	-1.0211111439415232	-0.696027242805344	-0.9802392722811414	0.51703656258148	-1.3834890187807172	1.0041528784144234	-0.6253173127041933	0.2784675163287007	0.17655433248989244	0.4041769442068375	-0.8192660313136854
DTXSID4040715	-1.894440749559594	0.8617787956842534	-0.30447825174174803	0.4447119102620923	-0.5462286514094089	-1.170860707093277	-2.0011298080083186	-0.5932629002866721	0.21945863863969917	-2.3496086093670128	-0.7237483779262781	-0.1709154146358129	-1.0269890501376793	1.7221999984610354	-0.22589819650175869	0.2914879833887952	0.8167389647810134	0.043026340252090615	0.7268607229048654	-0.6185803725654746	-0.1568632039277662	-0.3143649029460178	0.6512191996914568	0.7111512732932758	-0.08511768335976352	-0.1559898537069366	0.44737771171958446	0.3438154034690599	-0.04599277252984392	0.23896787315335158	-0.7239159499480298	-0.8050364975536984	-0.2569833502877404	-0.37493746262532684	0.5500356355359256	-0.5963269543224377	0.4790434367757918	-0.5908883637278746	0.20100084876856106	-0.3832904206329189	-0.3731239862063055	-0.0053016790725996955	0.3658516687199313	-0.017391277404064334	0.11128969132422374	-0.640578856705903	0.04780315318941354	0.01606887350119384	-0.13675905454723955	0.4300172517321663	0.1029365489128516	0.019166713694748504	0.6362313396224748	-0.276673994507221	-0.3421700621535353	0.3004945337822404	0.20236536361161345	-0.4227667975132971	0.6981124513205247	0.6799295505785748	-0.48880470803049525	-0.19302740916171957	0.4816254678181312	0.08196006091451105	0.21328244906343755	0.42015349848522243	0.6571636612812853	-0.9644619434319026	-0.6360082093889655	0.08073137978729182	0.4526763847389385	0.23145127977824095	0.017581717947394434	-0.35670665551030273	-1.5322187572125778	0.14342460252790043	-0.999605789214385	0.228550591133625	0.20994927373137198	-0.0815871638471408	0.1480823769074596	0.4895963067013304	0.867856902556969	0.0981956787873313	-0.1801889048115129	-0.7662668437244762	-0.5496838286341225	-0.38760052108861387	-0.14238523977144513	0.3670427534285313	-0.8241471564530163	0.22048711760297196	-0.04900958208199637	0.19020187764012222	-0.1323172717889453	-0.31072196099517935	0.25838956209439146	0.17105434678838216	0.5006007116371071	-0.14118397126333865
DTXSID7025427	-6.340321024939372	-3.466455339032456	-0.2446798232309611	0.22704881657689333	-0.9283542101311123	0.33837718338642203	-0.19666618823951068	-1.3074765553555625	-0.3233561823880089	0.47876516934410174	-0.24327142821609313	1.2831344725676275	1.5813474419125213	0.3826469468182993	0.7238878309890008	3.4252138277849817	3.413865539704362	-2.03181449183517	0.5436687134022381	1.7350389463083085	-0.6501744811214801	-1.4314754299213432	-1.3768845586407654	-0.4728513444991656	-0.6169105448595856	0.3254067322743443	-1.3004072414632541	-0.3199410862307748	-1.0247748653593642	0.5756379659941437	0.9928074320374916	0.24626257024919532	0.5999075902427473	-0.5200357590960587	0.1327483523980681	-0.6738924527267294	-0.4730635895374792	0.7490088844366909	-0.23039317937533746	0.29119619053412793	0.8195932048479991	-0.2788088732045831	-0.9005892858285393	-0.021362345879700366	0.6066531733553955	-1.051108150172865	-0.44126234042099	-0.10540817640121833	0.20765615736837373	-0.5023089954498208	0.12666954264512376	-0.44831862289861213	-0.529008772218691	0.13514446380750147	-0.7683367408151486	0.39025203546029724	0.5023109464510828	0.3701772770150015	1.232272297870104	0.17829013381938694	0.22189578427212503	-0.8675294690725498	-0.8839874897969782	0.5468815779858819	-0.4312876501373536	-0.469020010626361	-0.09548831374961073	0.7808441410196506	-0.3802282817530972	0.581404550273799	-0.3954537917364719	-0.15819934978701217	-0.6620446821649596	-0.8189300062902859	-0.7542026596542537	-0.3969681680043139	0.18102944169576993	-0.46091171414732673	0.26901289206636086	-0.32568203471958096	0.0179223254810647	-0.21422188055446675	0.310900998945177	-0.21795267850994382	0.352880459335652	-0.12566046584098411	0.14980445215821528	-0.6654735586404016	-0.08952209843388584	0.3178273781406149	0.03150124028441514	-0.21698463039676152	-0.03755450524972317	-0.08579952910922072	0.20750590460813306	0.06276122707047319	-0.20283988256584232	-0.40779400232342733	0.1361204797262207	0.3181052085742341
DTXSID0048977	35.7788338480173	-4.662607712628932	2.2781580423892605	2.759830878960988	-3.1837434419003197	-3.489535731642698	0.8693828552827921	3.798537379434314	1.692441290148486	-4.333651064368921	-1.577935004545926	2.3019254116727725	-2.227465565086886	3.596431049520687	0.8774158229723652	-1.550981362010794	1.5408147640729393	-1.3719177115128844	3.582681774061073	-1.7127698521909234	0.021395105301810602	-0.5752716227946814	0.9962432806953297	0.8772597171552281	3.2615773362655553	-3.3454874157069168	0.19292237113377503	-2.352052521097496	-0.4742205291490337	2.4247023998262653	-0.12788393649140267	-0.07814854525588391	1.5545718531297876	2.7586021779700536	-1.2971585861226063	0.7912528703624587	0.10744881036031644	-2.149062661256525	-0.3880085610490913	2.7310603005280942	-1.9948508501619022	0.4407724860543119	-0.7440387426440767	3.159905467196532	-3.8941193651269614	-1.3686900168112355	-2.0044836271413113	-1.2243750004952179	-0.8614723238670184	-0.39804617453174435	0.6232130791902973	-0.10480838005703741	-0.4590049367124433	1.7519134136736159	1.1031199383970587	1.0555862682124444	1.8515933433663505	2.177255958942021	-1.0704442242979966	-2.655054682775336	-0.216380732787368	0.5930865688016889	-0.053589993756538515	2.3513575044606743	-1.0407368609623326	1.285459776390221	0.6246490749965424	0.20992531791416666	2.5739808559829767	3.3749830267905785	-2.3600138974421565	-0.26130878904807775	4.3040116697032005	-0.735657848799707	3.3507645748053205	-0.9713471781283831	0.25545167267312757	-0.5676526759434887	0.2837722565158486	-1.0333908997610854	0.16315456129265543	-2.127420507116708	1.6691619383924934	0.48644464126926024	-0.5984372385536357	0.1046391775971893	-1.5585475760414214	-0.1388968539640699	0.540618427229787	0.3098653648821054	-0.8398296928382795	-0.797112115270629	-0.26233409162411525	-1.710844922089632	-1.5623624000929974	-0.8033450466375184	-1.0612906781383624	0.09122760976062652	1.2891717412688115	-1.2990701739289297
DTXSID7022918	0.1688192476586772	-4.68831685698331	-2.5940027845361358	-1.97212787693338	-3.737347541016655	0.9261629426618206	-1.4226064304985535	1.317210091525483	-0.015129985607985985	1.4234299507796502	1.0795941214604103	0.14368529479108808	1.2007452802236116	-1.3071441671616335	-1.3609440860333188	1.718130639365803	-1.2074385641492007	0.9263937324593529	-1.7269920077715835	-1.3041610296832085	-0.4300542463048828	-0.5977432342831265	-0.8615918442854207	-0.7060041530876274	-1.8049021326845818	-0.12136375820373545	-0.36693354621227703	0.7001254508983741	0.10858063437376313	-0.6834146895649044	-0.357852168215888	0.13944114427098883	0.03554256543992689	-0.3803663699618372	0.5693154567742335	0.25726557903555936	-0.1766485980440095	0.4984722533538771	0.3633989796569384	-0.9625424968436862	0.33580518976267015	0.3294927810082289	0.23632688776689484	0.38727651622440434	0.019186274462064057	0.3957618088403126	-0.21010318870074804	-0.12075587768224563	0.18883555653789558	-0.10560098637201669	0.05536487912342307	0.08116657247647968	0.04553190724052056	0.0888998014435126	-0.1275185747457559	-0.12552456177522808	0.4641246845205969	0.05870031246957232	-0.43511519619156636	0.6105446939825272	-1.0384798809861828	-0.1469375257875244	-0.17514650086903943	-0.08322744664708757	-0.673159814707617	0.17318204989715738	0.8878559256312044	1.3749633312700764	-0.28136914929053325	-0.16721361231731083	-0.5506675183661599	0.23453810773028663	-0.05151017296439772	-0.011902352540719708	-0.3189176369402413	-0.3740855086761852	-0.49803530344817953	0.11064464095653821	-0.33865101905294803	0.6792542687242806	-0.5781612246873721	-0.6850585815968037	-0.12502553836431127	-0.6211284724573773	0.08642346524276645	0.9437312714215075	0.15976049171515158	-0.295989759366738	-0.31944576543853703	-0.20430896945050456	0.6207362361358387	1.173548031027792	1.207224487500615	0.33266085357015823	0.04005899294166251	0.08869238205753568	0.6187190642889898	0.7890127910201319	-0.4179702540788892	0.18842919475112252
DTXSID8049331	-0.7538394444859	-0.5710654735689087	-2.810486384825361	2.7427801216952283	6.581813315848146	0.4829291742122678	-2.064553514212161	-0.4437845893610154	0.9233446945380673	0.2427660125480696	0.4339944708549124	7.159787278096684	-1.3599780997984614	-1.5928899227821829	-0.45939454881557173	-0.514516613912467	-2.1113373414891545	-0.19042566174641304	-0.22204790678793276	0.30791150724268024	0.8074258979386735	0.5025996519720702	0.7174044546710825	-0.3816575641093788	0.5974782344245727	0.7327209422095778	1.320496455539185	0.12452907996902414	-0.18256299574853327	0.8056369651908933	0.8254704528930099	0.48943334245153486	0.7189499439792375	0.23904455637816677	0.8417245196473746	0.21706960369313869	-0.4345218210144873	0.5779000082389267	0.03776094878701631	-0.4486713306642783	0.3697558226655332	-0.01568481654503055	-0.14034156202378875	-1.0635488658149423	0.30191534039246093	0.24237040147980293	-0.0030517641011708553	0.2579367468058077	-0.22449303605934084	0.26862771886793096	-0.12140481660539004	0.3152249158607905	-0.17930151937491318	0.29734337242013414	0.28855464554370974	-0.36893108839107286	0.23382932034799211	0.1129137212337978	-0.20655710634671898	0.31306692989067586	-0.03909565763883728	-0.5982172497400378	-0.4729916922985823	-0.09304858034730838	0.1731704679750428	0.10708430158343253	0.7582829561211122	-0.2423451238804036	0.6601798756156945	-0.14529210002606008	-0.5333439444920455	-0.46356337981921814	-0.5748704783651076	-0.028498402218706566	0.1764140040753148	-0.2304127152850065	-0.25912285884530173	1.3078997745400733	-0.9450429247646489	-0.6996145090948075	-1.6291529918298178	-0.2229175304230621	0.13337423022237246	1.4697955595313998	-0.019648899463190893	0.045063608548993606	1.327762066385879	-0.939831966615732	0.5100817064788676	1.645992352595152	-0.9905987598950526	0.5101292513133543	-0.024919416272461626	-0.49234520581200014	-1.0934556105554263	0.5848401563144263	-0.5486445599416631	0.35344190295081335	0.45937561779688235	-0.8447468409599574
DTXSID4026216	4.7318618677780355	8.061826521098016	0.28213790709123565	-0.3167363713317966	-3.234363837453486	0.41399703707927954	-2.8082646689949726	-1.973263705036302	-0.19990617719796439	-1.0120931649366625	-2.5753763511128436	0.4474376434709503	-0.7975561313245662	-0.06997279461033332	-0.9434950973309256	2.007614495113767	4.216232073200121	10.016029149157733	3.0888988449629085	4.778770913287453	-3.3297243858274923	1.9668528975357982	1.259531786218216	0.7565013475719575	0.21826320242440053	-1.559774334446991	-2.274361137569721	-1.0763012136447827	-0.6573419804986792	0.8242863889853912	-1.3215329918732932	0.2705719541476339	1.3951989387303718	0.7248847311938138	2.1067250420491055	0.4486778000616799	0.8344242545173938	-0.6288829137770193	0.20162214594632993	0.08525206713423993	0.5262244639755771	-0.12009101568067022	0.034851829583427175	-0.46387846769180063	-0.5123716391716053	0.7845085006168276	-0.26887643936491107	0.6313879597096813	-0.5535080362717999	-0.07222489677364471	-0.24236055339022716	-0.09406394850772005	-0.022367711813215396	-0.21505616034410913	0.6509292823942743	0.5636328216148642	-0.733520398283546	-0.5068238154485352	0.020313800100861257	-0.6041868265788606	-0.27564243452832266	0.42849490171770316	-0.670241120848981	-0.005601816251638543	0.32910005539434367	0.4253841552762837	-0.20873766267613775	1.7403540439550413	-2.1068200579033523	-0.6551470129837622	1.9578383570498759	-1.2191702582142387	-1.469229885137357	2.485718933108993	0.8780418479260064	0.07860715216758757	-0.812785769259038	-0.4379039271113164	-0.5245102392673551	-0.24394482634452305	1.1275633860469765	1.8427266631605324	-0.5115219970719553	-0.5713302704602204	0.6050125225454893	-0.2578897601279919	1.0584765682654325	-0.015235256611470146	-0.3862454592943007	0.5140886467658713	-0.4685405612566009	-0.3088745351825389	-0.41149406235694913	-0.840685437273749	-0.2596302081269091	-0.24834514204086094	0.10368263375745762	0.17532850296654523	0.3389215816835245	0.45572653629451826
DTXSID2034540	6.07478691746728	-6.426347553324303	-2.4046971880646733	0.20831919783533595	-0.9197709538103234	0.0847540072696014	-1.8087319473360286	-0.029226404326804664	-0.6474062780699938	-3.1632246838682563	0.8363367950722408	-2.3418668540919696	-1.8457352751613056	-0.30798391056168967	2.2962450548112114	-1.6782506255400915	1.0385894676071414	-1.0693830197574399	1.7187755157466518	0.848085603265834	-0.008277642396856006	0.2661310258336825	0.6081247753474628	-0.5102221749568595	1.2501253264470242	-0.6286746708656145	1.3474595123519715	-1.7475814681915858	-0.31769324990457215	1.7236593403152731	0.16347905761363882	-0.557007646439893	1.3377742398129238	0.9594232245283701	-0.3629769714472435	-0.09303654516782722	0.49834238582586393	-0.38553572118326285	0.45604878591715187	1.1481105821515132	-0.435457051707768	-0.3232335370388562	-0.9363520308110482	-0.05945907403162713	-0.36963659820919265	0.2498525378745568	0.23253299918391973	-0.43383485535782407	0.2991224764514325	0.6478030465134715	0.19577179605547654	-0.16982850961360654	0.375932448791342	-0.11325110315267355	0.5391520194423554	0.25748626444297673	0.09246766543320284	-0.42631400496241245	0.034719296846471834	0.488340079254004	0.254231613109304	0.63634108556122	0.5056588665363048	0.26026100984718764	0.32993358170397474	-0.9738332997981161	-1.4016796156367224	-0.32782264222417856	-0.0723809981692866	0.7318501241623626	0.861107691040428	0.43451098761301316	-0.2139686561854743	-0.4429331452530577	0.17797832746571796	-0.7369752078433326	1.3631001717770799	0.5614508220587413	1.3767989330628938	-1.90608620992792	0.9519921737730367	-1.6517701738085715	0.10701196453231801	-0.20115218929087617	-0.4571160656190456	0.2828503892725843	0.06059590303525737	-0.4553316731929352	1.8793465235039326	-0.3370926127296314	-1.0289577771219822	-1.4777563955468114	-1.4253484792472304	-0.5500200595990636	-1.392799669191609	1.607076230924168	0.2519682878515514	-0.05886803225697452	2.8338494045643974	0.6843351135987562
DTXSID9038840	4.929381572551023	-1.4444633829260187	-4.89327155349909	-12.273720550431928	3.972089019704833	10.110963929014817	0.4545701540144735	-4.735160273102568	8.249266611210228	-1.8334500305373298	3.6184015149207776	-0.6499556279171803	2.8536190256497416	7.635802039829237	-0.2819313758407788	2.052945158609231	-2.3696935465697235	-0.947816204556158	3.1296310654525317	-1.3691858599600735	-2.2480922066118856	1.2875640971537452	1.912200129780875	-0.29384808034504467	-0.36063029904221605	-0.3901600106546213	-1.2338837427315377	-0.29892426264716887	0.38559059198169465	-0.45046882007196865	-0.10245581971085004	-0.887033404101351	-0.4498599852976589	0.16468968700380476	-0.810169398415997	0.12717373479254465	0.14235109977303007	0.44495115355118026	0.18709748209859128	0.2737199522378438	0.3389446964006216	0.16339247256587466	-0.39634551141441104	0.4940513954122053	-0.5065511231882164	0.5642799848862325	-0.44766887122081633	0.178229179827153	-0.49497257237737796	0.5639745237295053	0.007941855355770338	0.29179436085582416	-0.19252570207528988	0.15552022141914215	0.286034886298041	0.5157129194274043	0.51590880740127	1.0096754233986447	-1.1413832977208618	0.2052006431853816	0.2861202861762765	0.9853548844841085	-0.26587758778346615	-0.4168289086968927	-0.08055376665059158	-1.0443620312998683	0.691398622316885	-0.6197626902949406	0.11569562836039578	-0.4700128154731895	-1.1266394786633183	0.18098540723264042	-0.5588651009669848	0.6328283135867488	-0.5005651773714228	-0.07027363590435029	-0.37964339805569375	0.2807261042611945	0.048694091965238544	-0.48696474811089197	0.25536647264453044	0.5440927082654268	0.2686794794881369	0.5767115862262897	-0.5319687844460156	-0.2858570188332337	-0.29605456793263885	-0.7392772486729253	0.38689741710515896	-0.47838833351839505	-0.37123646273670374	0.5527210973826008	-0.030380096485836828	-0.4879496484149918	0.015282672010500537	-0.2830245172459375	-0.6522544811938494	-0.11412670354696419	-0.2364688263147208	-0.2982209450911763
DTXSID2057786	-5.161233787154774	0.8561673632941292	0.5150329322555076	0.06583928769951947	-1.6170418636987236	2.558188441120891	-0.27180567513807824	1.9056790276992943	-0.27373689622255304	-0.3309695225933076	0.2787584179278428	0.11418650194046423	0.00032263929260398564	-0.1959480255989148	-0.2523983919538109	-0.2697328576031434	0.3971718342105819	-0.24135198158038063	-0.25751625324964095	-0.7703427726897292	0.060387589069120576	-0.48680658184213793	1.2637460150586575	0.46800432698151206	-0.24153831763533337	0.4813593392887817	0.12723241541886984	-0.126190562835521	0.09591854464283554	-0.3153709305467286	-0.3451092829956393	-0.06275232315802279	-0.26247954270520385	-0.4651240857994497	0.5275126887457754	-0.08095443592100048	0.2574928331098146	-0.0292321485901882	0.02462919404259263	0.5686758107439261	-0.2383672926140675	-0.028205773501425717	0.11034640243355245	0.35908105598427276	-0.3107302938068129	-0.14564155727281716	0.1333106933088043	-0.34927498467716267	-0.09059853625632128	0.0636896831889503	0.16035233988355468	0.08315571731009916	0.3661881428540719	-0.1492452569593274	-0.10422332597202918	-0.5191851987517269	0.29882822074835774	-0.17548629505149693	0.1123142718606576	-0.28827403200530866	0.4517280590147426	-0.01703272732265537	-0.32081705883122424	0.37553001013879983	0.10451936204377861	0.4703392326173723	0.583222825590448	-0.19668927960954105	-0.06906172461442159	-0.14265961090865964	0.22287782395754363	-0.10323283134355908	0.06586297085826229	-0.07566750000227353	-0.16433439511861864	0.5314358224792711	0.17240448707344475	0.005323441374178583	0.4290028288165619	-0.4561989691394726	0.3412350784013654	-0.28022797391241183	0.26849093307647404	-0.2069401241449696	-0.16242070833462288	-0.44122142858855484	0.11434425814065909	0.23969772237825587	-0.2277577776873416	0.33655295293480214	-0.10943725435094544	-0.0624885355828016	-0.5545877238472773	-0.3219043294603042	-0.023434285586574767	-0.2512019723773098	-0.21546688209058645	-0.327399294465243	-0.2794238896737692	0.11512350182639788
DTXSID8046793	915727089515.6279	292306171037.8177	-946491246312.9436	47031737761.51761	973625293081.5691	-166244300440.3754	-496969043667.5775	202501489032.66156	1745633333769.5984	1353662512707.1948	-458190565552.17554	943058611307.6606	237577426729.979	-1247722047990.7651	-1017071632701.866	216714987108.8859	878276844220.0713	1812618635664.394	-193300227177.06558	-3834383332600.4736	3401617159942.5625	-2026307305866.9036	1791580940489.664	-571398867734.996	3822877804382.001	-129954519190.85492	-5130975694125.299	3211317942914.76	-1155198235129.4658	294460880997.0685	11217003980284.438	3409759324113.0557	5509952048857.479	-512203420439.7107	9203075117730.7	-1167692852969.1206	-1554350696901.354	1251846888157.2808	-1014401051820.0725	-245844305902.8434	-2658958647440.5083	-1526453047694.9646	-531788286439.4414	576524008459.0469	3351274056460.2534	-564689122698.3881	1494185612854.7087	-4036802216784.679	-1657225219371.649	-2223168074569.5605	43056674877.66501	986137572039.6022	2549586306251.5986	-59718255624.87853	-2484871136381.02	2734904889251.992	887583260942.9543	4064008169273.9272	1954292997626.841	2217557252620.8823	437118395935.528	2370148807479.6045	170212168199.82394	468868351971.1057	-600677390753.8318	4152412599188.001	-2161514371207.0916	-6540670551719.604	-1997423903650.1045	-762749444484.6228	204324343784.71234	436174582839.3092	2338481196438.296	1797970038902.6575	-2585889764885.176	5480649446675.246	2182003044683.105	-6850543590037.385	-1292903877636.1587	-1239313004863.3125	6048876918376.006	852172107492.7048	-4044478516406.2734	1359347632589.8247	-2612223280123.8364	3272466659715.293	474280959896.09705	976951156453.8755	2914401366919.5757	-7419320296664.459	-314372613627.36505	3267313254745.2847	-1544752280450.4114	4221917185085.1987	1258536823684.709	-2653579214875.529	556420693046.8903	-2188317473345.4639	1273744899712.735	3181264906977.135
DTXSID9024512	-4.029232232700621	0.042843741289967666	-1.9285150729245508	-0.7891064604500634	-0.28083253043354256	2.264406483962844	-0.2903899880835976	-1.7751746451803807	2.351456835111861	2.3118850691964123	0.8862713764630108	-0.7585022281704916	-0.3214675383674229	2.136812031795589	-0.5335736921283057	-0.9844105652875772	-0.34352734145980907	-0.41650055230911454	0.7491762506181271	0.034190037024335956	-0.20363103454086132	0.27977614630816894	0.6782751484670874	0.043567715164045014	-0.11656809054248207	0.03271097441533568	-0.10155987395544744	-0.3250210510166656	-0.2582987014796229	0.22041814189004394	0.22061789623096553	0.02291100482753707	0.2661617047931334	-0.45325968723855015	-0.32790843842550665	-0.10176437688558387	-0.031219843294458368	0.21753546850141886	0.13530493371801125	0.4423793919729115	0.012774013069815234	0.24742761139700536	0.347709929885033	0.10791430816020052	-0.01710700145220252	-0.06017686247339524	0.11803761463058879	0.1601176410693553	-0.14951759943194382	0.021872449778638874	-0.07343016202600987	0.09625223673179177	0.05101866684871901	-0.01662647337723705	-0.09943994932321254	-0.10007840629402552	0.24018218470849842	-0.20092318146538468	-0.3289290896766252	-0.1103006154545611	0.5491154419023276	-0.19482612011044664	-0.28381206067821163	-0.13893364240466602	0.3322172276643783	-0.0542784166609894	0.29000534686022716	-0.07889051712965454	0.11609423716084473	-0.14051237232952685	-0.08106452778836039	-0.2286321912207806	-0.15433734757743872	-0.051873006386705174	-0.5805297247507628	0.011669719607599929	0.11475626998789064	0.04562511506954886	-0.21666620508945367	0.02900217895534626	0.07232098058634538	-0.4066234348605527	-0.00030515366885309456	-0.1307014167512374	0.0993267822069901	0.4107306999098185	0.017632547206377306	0.28487732151625406	-0.023454142675924255	-0.34476554057239855	0.1660123080646225	-0.8482678778824966	-0.47447724697405513	0.2517933464499437	-0.5619680940321313	-0.7250591145666222	0.052312538992903466	-0.3651724192390287	-0.3105771997534369	0.08052237589509076
DTXSID8020888	-4.107367078556174	2.249113813794545	0.19562181036644818	2.307845705735253	-0.7601062596866864	-0.15567736096475776	1.79235850359261	-1.4677645481421495	0.6318233649876454	-1.4451470605206707	1.150292003766016	-0.4204223033896935	-0.4059404740678142	-1.1442909599517945	0.00927358807690599	0.11029530853741637	-0.6322924843547544	0.1088542698474977	-0.44776367402464423	0.5016417642120333	-1.3590273452125805	-0.3827569374929849	0.44366947139371227	-0.260969893401254	0.8708797117693376	-1.3992906707104693	-0.5347703663434157	0.7881882304740311	0.5364019110534651	-0.48922273160497565	0.7798568924777172	-0.5582168771270816	-0.13995086483291244	0.10755646512635925	0.28758686992773924	-0.32902163413976304	-0.07213012961955197	0.7392766818199626	-0.25980872775081526	-0.07248463512051798	-0.3057629620203255	-0.11666022943010827	0.33547381304585083	0.8261206193630171	-0.5511246559370305	-0.06029031047331304	0.3183675038895675	-0.6622992583748676	0.6600366271424979	0.552549615444265	0.43349348143952743	-0.20204165820355782	-0.003908473347639962	-0.301596405446631	-0.5969509093419629	-0.1541478174184426	0.3300615660144513	-0.5857811679586644	0.43712779188544176	-0.44754527952557516	-0.3124256440547706	-0.15898778292244536	1.0458087380380374	-1.1582170720084737	-0.2136725510797032	0.29317303838825587	0.17147123396243127	0.10804884792230159	0.7061417917839956	0.8234864094401856	-0.6925084238510898	1.1016137094001788	-0.531198603576912	-0.5707483600138947	-0.055535636860693294	-0.7204546361010519	-0.3656343410347941	0.15111086357844294	0.11536107404258081	-0.2756955071367689	-0.4243586599394938	0.3938310152333242	-0.31150980176915694	0.46895072265684834	-0.2532681448102577	-0.41551004439617567	-0.7417839204069062	-0.07037713222852657	0.4599758565526182	0.047828367697215095	0.07421323042155535	0.5996717902797304	-0.06628281254973228	0.02921258040534222	0.006846380429369022	-0.20944147619121528	-0.025251845940413634	-0.2942727860526856	0.13435474558896202	-0.14991469994440101
DTXSID6020430	-5.50985235252918	1.0187513969569757	0.13304901112813997	-0.6759566913144823	-2.1110004727232243	2.507586272042832	-1.2961556872413944	2.0919348041140227	-0.08181988946092733	-0.4531458013941562	0.46894900580647964	0.13821798253737697	-0.03364078567486658	-0.7834382795238584	-1.1703411533151347	0.07484739629236985	0.00011032657360436634	-0.26495929522797174	-0.12390728161216381	0.2639852326557631	0.5793579174306303	-0.1231584194811791	-1.005997174057284	0.2490707449261263	-0.4046191558195221	-0.5147305124882988	-0.2694149789425107	-0.7911244117584206	0.33710535105404194	-0.3004525990810272	0.37885346562516387	0.33003400860760046	-0.4575853887313496	-0.3106206550708684	0.017430885226752003	0.3413818849828568	-0.25368085109168154	0.060314550228191904	0.09121880997024161	0.2641782303256149	-0.6209928170502376	-0.06234062597646394	-0.059701441855622664	-0.051145635388211916	0.1125729375400334	0.1538884335253082	-0.2423896784281515	-0.15627060317947805	-0.1264070764901202	0.24606025692013075	-0.1214299037674528	-0.06906973386888368	-0.20878660163329452	-0.13547617363605524	-0.1696888417636803	0.014555067624200418	-0.11137649974694096	-0.303625817713943	-0.18834051106907512	0.24664761180303307	0.1293526239207236	-0.16813771096625743	0.4481370822837619	0.4372014684411167	-0.02097970897965606	-0.07875760445433236	-0.02948378808786632	-0.18059674034914971	0.3162325065105254	-0.310015156056164	0.41321069396603427	0.23364320399223878	0.028824917383951505	0.5045446685352601	0.28811437905088577	-0.11756025081478029	0.780200454151061	-0.3415691665565789	-0.3358381892557364	0.3196877670737302	0.31522039217425374	-0.05379242244785137	-0.027485047760876697	0.03150119025038515	0.1427092483255645	0.20903420467604159	-0.18846554566816487	0.05494987444970504	0.0034196256890411843	0.1414688718168329	-0.22784077638325112	-0.009358370772983016	-0.4844804378130849	-0.3902398500843047	-0.05787648244576378	-0.3080324727239929	0.01648092640248597	0.06826551859307459	0.007346040049138675	-0.19830570285319515
DTXSID4025587	-4.2276521684071104	0.9835867933728847	1.1248553899042328	1.1478381588992779	0.20505155887070586	-0.24668027438427892	-1.7288343449230643	-0.7631414656534183	0.9324442190798593	-1.315041823224842	0.37581036304504006	-0.311649196978737	-0.5167971163508447	-0.12677213363825796	-0.8275414137048671	0.4422993433001733	0.4308864370401716	-0.2925025437917138	-0.48062379388386106	-0.8011875239330866	-0.18284321755880328	-0.43645390287140834	2.114563598212145	-0.06638340858166512	-0.17990673367634316	0.42508333861226544	-0.33857822727476844	0.17106446479614826	-0.2196888726398866	-0.4832210991928645	-0.28944119662357765	0.44967881892204253	-0.2500108350158719	-0.017825257333595593	-0.3643954871331379	-1.0153615100305726	2.2093392291620186	-1.1728115003032957	0.44357980219342047	0.3961244579895231	-1.7784921228317976	0.47836723852669405	0.6742528094410155	1.9328326386659513	2.388100146345725	-0.293129317584256	-2.282290100639261	1.215595587511894	1.0486838544420423	-0.6954704582253005	-0.10258057199125141	1.2141411949409615	-1.348141668642134	-0.14634350654142844	-0.05136091140289687	-0.6961586802041488	-1.7552098038594723	1.0112428545562233	0.46438994751766777	-0.43514388073040877	-0.36052582232342906	-0.16399734073252745	0.02682504393007438	0.032485400462977605	1.1245577790123498	0.3697565246261002	-0.7228947869862434	0.2817776845344189	0.21516274022629886	-0.29965455240373234	-0.04321407134138677	-0.11085451639439538	-0.11638774743354834	0.3524571159988118	0.4413506148263677	0.2074936590897821	0.30146858887950917	-0.07916207039301591	0.08425433534354668	-0.5227726027808861	-0.5581141105796165	0.30806317750124507	-0.41124147126244454	0.20901299076002644	0.228015729328176	0.14183122820711797	-0.11864102898617515	-0.1302826671387358	0.06021252114124543	-0.15501468713930927	-0.1813083437437496	-0.6033076515302906	-0.05688520455149749	-0.12328223844200095	0.1834850682660331	-0.04900559640789502	0.21756501212021118	0.04548776489227069	0.04343058604877551	0.02619090218769876
DTXSID4047385	16.435821522246243	3.607182493122067	-5.18246917282993	1.4931566354615855	4.7866081465923225	-6.3800743257596855	7.145563226246003	5.372691036554629	-2.4201078585338	-2.941086512053167	0.5429335854227475	0.3663727149549098	2.406833567180869	2.2538790859775606	4.7723914183861345	-1.8384559502462956	-4.219192534108933	-0.1411563299664199	-0.4920312880315864	5.058031232626704	0.5648088772600035	-1.6343363307697305	0.8627152134673487	0.8712670242424345	1.5700827983719756	-2.8332592422492895	-2.3857863577484735	-0.7598590762802919	0.540462387891759	-0.8696583815860089	3.965796236489456	-0.9935477777493333	-0.574525585262194	0.19720921547911938	1.8779447447761213	-0.7736947478558814	2.890429231154518	-0.7836672241263952	-1.3036042920955786	-1.4079638938650867	0.575955995729555	0.0459027071801265	-0.35237683093723327	2.9750677851558924	-0.5578931276631313	0.2991924103616674	0.0014441584840589323	-0.9656356688885251	1.1302973453025487	1.0343829168524268	0.5112199794628847	-0.19059212552184268	-1.0926831271156092	0.039575937854402485	0.4141647550227194	-2.9360476813014222	0.2103449919831788	-0.809591472041637	-0.1721730336864683	0.7191727279767341	-2.1874448289206665	1.6495070547169746	-0.47894999150039475	-1.222600061289578	-2.451884600734988	-1.2900436095149515	0.4056815410383217	0.7230249859617865	0.5789006965418684	-0.29414325110512096	1.4285608066777238	1.1180848641633259	-0.5790939383664536	-0.7161956906528126	0.8556123802218529	-0.8881532228707351	-1.4271888456701078	-1.1126659977740148	0.05522368578005438	-1.2939395625167536	-0.736279641360577	-0.5717918761890202	-0.1932745431890013	1.4991517065465614	0.11367396631154925	-0.4727059973435436	-0.8357800944874152	0.481948762943062	-2.0918771575456545	1.6077756508508412	-2.6225970006036485	1.2644021106318972	1.0650578147065222	-0.22117598903719848	-1.5139452580067054	2.3010278700384412	0.9907805689354636	0.5490082446887089	0.345309359036927	-0.6039286333442547
DTXSID0025577	-6.8628087833125875	-2.085711368191857	0.8204183075345398	0.8907902698426916	-0.21565699354964912	0.4837702595387442	0.22669351500284865	-1.3179619915232548	-0.46625028201821533	0.0982003648624009	-0.2953477712857368	1.2638837412761237	1.1908153578321137	1.0008096438428802	1.0127276080296008	3.273227694776528	3.8056477940744697	-2.2189016806248434	0.672943961969891	1.4815529573822779	-0.9214839155224089	-1.5817329452949984	-0.035342702909802085	-0.010402510154636663	-0.45540442128814634	0.4322737837396189	-0.9051881146305261	-0.576223855205546	-1.1041133184334226	0.7094886570901543	0.9817605020820928	0.37853303855243214	0.6943034448630852	-0.5769916204440936	-0.6016923077199667	-1.0405139728442696	-0.1233349754784781	0.2284506574237817	-0.47700685449862146	0.4512938755743056	0.7418183116292889	-0.4855025804330338	-0.7251409831789037	0.4128690329021324	0.6421989648563734	-1.6193482322567374	-0.5271041236982097	-0.26294187051109436	0.126948128107242	-0.2465801664741462	0.1696928213730057	-0.6893973654499118	-0.33464564167644417	0.0831564039907391	-0.6398878262678204	0.5392253734233876	0.561981597346118	0.18019746174173934	1.4460824093313398	0.19734542426292445	0.29868084698448344	-0.7415182560704715	-0.9924750452484395	1.135188467468935	-0.6655895251735043	-0.5971177732744167	0.48272414174226397	0.06444054062146848	-0.31518847996783333	0.5952374206632666	-0.6432368741365128	-0.5247717488246997	-0.7879275877021138	-0.6494358332551925	0.1840336247563108	-0.6712556151677935	0.3721871218966874	-0.7259768897397375	0.18370452020420466	-0.28374657180817514	0.15777897928487944	-0.1287302455595471	0.09554460304486737	-0.35519703946865655	0.08162715327333624	-0.15868584525975427	0.30669943284097995	-0.20485380335414682	-0.01306744775685474	0.1127479463013208	-0.17663995962410675	-0.1528855483257178	0.06459291567886234	-0.3363715797250254	0.014452492992582758	-0.17536557288011073	-0.35242379403339547	-0.13260995663371447	0.0077686725303335495	-0.09948477812773503
DTXSID9034496	14.069701625829698	-3.9418950541884397	-0.581098945559581	-1.5956948173965253	12.101620148403455	1.55397724578572	-7.58619184396878	1.7699079069977948	-8.550370022678862	-1.6876833955003103	5.113772696660227	-3.9821555344484265	-2.9853192323127584	-0.24317286945059002	-0.696891289708385	3.938320258242853	-5.2403437520279805	-1.4403153936802622	-4.82674739557871	3.848783271671065	-1.1092778710907112	0.3866956357718894	3.442662127525571	-3.5271544646237882	1.8167733760728766	3.357889921994733	4.692587945962058	-2.6916003689450267	-1.0814029377540946	2.692208775961515	0.8872782940281536	2.5619068573497152	2.326894558777785	2.162454927081152	2.322280689787392	0.29375385455562786	1.565489506069585	0.2013664234113406	-0.5150270793423052	-1.381102671185099	1.427138243201613	-1.774486020809044	-1.45831047494554	-3.3208134671555833	0.4724417419021842	0.19524445405468568	0.1515990628842508	1.4700848514194522	-0.6080744244112842	0.0825365853555709	-0.005020447077237494	0.8291118381907877	0.4554333200686408	0.4261346983812039	2.13215412003226	-0.5404813789582164	2.469449958047456	0.031021166692807675	-0.1660910461698399	-0.14236411126266343	-1.9132735228483244	-1.8580485053860722	-1.0179582865471024	-0.6620141989252625	-0.2172950689993374	0.5748364301996343	0.27557192545577247	0.5851530265307552	0.9462971151005709	0.12931529946686457	-2.856460061273932	-1.1813549957069598	2.227272383856998	-2.5649493491583524	1.7953415222440117	-0.18361927717998738	-0.7820729374441834	-1.230135401344621	0.7410851263064385	-0.32961063156879805	-0.8204778438040068	1.783383649630547	-0.2994092139347275	0.2633449790220299	-0.7814813376433953	0.1570750567775919	0.5063043686145541	-2.4957446793923515	-0.4708550135226367	-0.48395495364175767	0.2587778094500766	0.8134042628786258	-0.4011646280030809	-0.6178638460412496	-0.8684593459174886	-1.1172881253617406	-0.7719555255341523	-0.296757335001964	-1.130751696139708	-0.17359300063198613
DTXSID6026292	-5.6379232663047505	1.2427993827750214	1.077941297506188	0.6600846453654404	-1.3834698783789279	0.21299341411991826	-0.9507235378407408	-0.5294221983254668	1.2245265735881221	-0.8340603796769603	0.7469407955973414	-0.3781632885890343	-0.42494477832331773	-0.6823337536878422	-0.28119403600658727	0.45496584795495704	0.3904795194179138	-0.048729104552876816	-0.20124080972086775	-0.5039523126274358	-0.04872832144622207	-0.41060166206290044	0.4195202506045076	0.24844093222203184	-0.40826429554661886	-0.15078102800617638	-0.019244796213577497	-0.4199768230017334	0.035640711640380345	-0.05508334693917809	-0.08750736389332152	-0.17659460807494654	-0.4162094230425459	0.0002700124371672459	-0.49586325659391106	-0.33531018532429485	-0.05955201206019386	0.15848798939442124	0.015581699532194534	0.1400833026452284	-0.543765777813117	0.32707436548521457	-0.2987161189542523	-0.08723096647414866	-0.16120833537719523	0.07902018232284758	-0.11001867721174387	-0.3930740132916464	-0.22183935680972797	0.1250465134228565	0.08538558576470144	-0.039484929281940875	-0.08068197846052029	-0.02106610603498936	-0.0942273400931613	-0.2797653434078204	0.31977411528983657	-0.12059375871071137	0.042881328889380725	0.18250521259691854	0.8026666143127221	0.13222714979319092	-0.059642528181814196	0.3716529607290763	0.26910024051081505	0.2767586270680179	-0.07614992591237754	-0.6780785938114172	0.7906866513697398	0.17797861314476063	0.16635030533678016	-0.3117481266243992	0.504258806670812	0.38051831922382684	-0.0347339906529367	0.04144171149027171	0.21879135658057436	0.2187758621447622	0.051845047415446315	-0.2858026876796382	0.5551374879756501	0.42222336183212456	-0.06082363963362564	0.14493566909857458	-0.492752445230696	-0.2884401797214579	-0.06198564948361531	-0.3668587630490523	-0.579615783790513	-0.07596175018825557	-0.507882357489778	-0.0759154673284127	-0.28250670752644247	-0.220496369118947	0.0014469482661131055	-0.28753146694961634	0.15062546864724688	0.23373977453264866	-0.4308477971933019	-0.38700333883212995
DTXSID1025017	1.020569608038134	4.564508093285109	1.8957832019810679	-0.5055998049781613	-1.9704798091219813	-0.9639184015823189	-1.9034291808794406	-0.6627511512292611	2.2584942804576102	-0.9678072077128655	1.051431911926604	-0.6792398306070945	-1.2745488859727225	-0.6377322145722782	-0.66885145307232	1.1156127011517856	0.9827085244381516	0.9252272269002063	-0.8295473082057344	-0.8948661849870628	-0.2956457939647016	-0.32713949363970063	-0.7115407409676325	-0.45186087106226847	0.8505815416006888	0.5441081720351416	-0.6719739365188983	-1.2021189666135361	0.024376281070545312	-0.3047665461841331	-1.9491092968513901	-0.0766954247284373	-1.8423141252762643	0.5240417588788594	0.6419987723388363	-0.03558631221041032	0.42170310291401325	-0.25360998387543976	-0.8780745853947519	0.35959732057487154	-0.33073560094461324	-0.3862581876419626	0.5770760095082018	-0.23820225292365868	-0.05581012300821345	-0.47736060058815427	-0.6317285632956916	-0.6648168803077117	-0.04915153979755595	-0.11386165733583609	0.03779954355273412	-0.49049245934848573	0.4597234884925846	-0.6676267840855947	-0.18900223923028853	-0.33386896445450576	-0.24878194741351237	-0.1100934929353562	0.9157250077816077	-0.15559573644407454	0.0950979727539571	0.2906368208708286	-0.3599891304974922	1.2422428523972375	0.5680509602154261	0.539061134488618	-0.015917890452013465	-0.48517728214126926	0.49554800831067347	-0.5237933935589079	0.8532193709631626	-1.1788753886928653	1.5104727210337057	1.0311451357914738	0.21884817261187434	0.21936272839372975	0.5034041785953917	0.05320000084556887	0.14536660781880603	-0.30090099718599206	0.3764784478094561	-0.6670944786657176	0.47488600333249154	-0.36837094403954274	0.8317351987227728	-0.00935754843532231	-0.8266117363255571	-0.9765243788683926	-0.18724589456692922	0.24989265623863974	-0.9580538242285056	-0.7132465065383817	-0.2715828390104164	0.33537507680213396	0.46794503922659025	0.525831436671408	0.32627478254146963	-0.27036941982986124	0.06195767643079394	0.7651948295185784
DTXSID0048979	28.490866148879924	3.2629550590056535	-1.8180966072103562	7.350046615370666	-5.767488743565724	-3.3364138629970377	7.758039714006881	2.145564648288806	4.052740028814306	-1.590418014560026	-0.1549613152339641	1.782504179156276	-1.340026345245146	-1.3865979404154736	9.56000263833364	-1.8905729210291078	-8.42458352772421	-2.5799107186489363	2.390068793689488	13.472230208659887	4.276164895094511	-1.7320745260546158	3.760221395119408	2.881849751723448	1.7286420386864279	-0.7870717503074915	-9.098196018262195	-2.647011313626917	2.104883361676227	0.2500451496192729	2.1286896892886182	-2.9114882787280343	-3.752139145652858	-1.218121915775733	3.818203522267632	1.0533567980450202	9.850418527065928	-3.1108898918110213	-2.5784859210402775	-3.4840190935139774	1.2152351078056263	0.4235836900595751	-0.41790520239575746	4.888275443998821	-1.5694934012099928	-1.0539830254062965	0.7102171283989889	-2.469033053462963	1.2592179455025858	-0.7567146824648581	1.1734367235803995	-0.38661472900826166	-2.8765556436596214	0.7329125894391139	2.617060448198199	-7.91913668756701	-0.7949957470496765	-0.16573322506305355	0.7874911519817784	2.963031897097177	-2.9448849523354204	8.976673016749952	-3.7105931932679472	-1.5329085614416573	-5.712095965168606	-2.599881628433833	5.270827352700266	1.7875089266207411	2.194359070806703	-3.1138510946394486	8.22864170078599	1.8776957204818636	0.7142533829714227	-10.154868904214169	1.2363668609216178	-2.4448058901002945	0.3118484882776991	-8.040254370718024	-9.983496573534529	-0.18009545604068294	3.913831413591358	-1.3083684308605024	-7.732642487042048	6.6836439025435865	7.448044297868711	-17.20745393803947	0.7610958403219609	-4.726106628580939	0.32815201411700656	-1.6911223001603783	2.411617879465226	-4.943686392477562	8.523285934091774	-0.3640475299281061	0.15619154476237418	-4.217416954808665	-0.784887462522498	1.0720502613032756	-1.04073714904558	-1.0956833308967413
DTXSID3040724	23.534082004827646	-0.0855891067548152	-0.9379337306484363	1.9147568548439147	-3.1934831113003206	-3.2070315012276214	-0.317711367055326	2.5220114862799154	4.146932481804221	-2.2555819582382157	1.3449801483847945	0.8006267110288986	-2.2820932449657008	-1.2036391031170868	1.7284497556806895	-0.6836622519088458	-2.233779857313104	-2.66173554785011	1.8353547881948005	3.9595003401936015	1.6855170898865974	1.0207328198247896	3.7400963444967776	-0.0363922012562207	1.6970682904837293	1.736578904217509	-3.1652882137196277	-2.0720219329900056	0.33106828584023346	-0.33024697937899805	-0.803219812393859	-0.5697410111680257	-3.00378872394195	-1.6963735673506857	1.6004411051023342	-0.39137571369822227	2.430351809314828	-1.393291527727456	-1.7007083136958732	-0.8960761400253737	1.0250501643448373	1.249887429234816	-1.0000780401168856	1.1402502359418831	0.37591708972623544	-0.9198678635134621	0.7741786892801567	-0.6344445496841008	-0.19969953814833347	-0.13787036576712489	0.18779654988509614	-0.42286279196816473	-0.17582352883305546	-0.37491783082856545	0.435825316957067	-2.923538363023319	-1.6569685649745538	0.7495273711250182	-0.22615355919698388	0.5878281229398498	-0.5210884997510405	3.190389809187775	-1.8642307692952973	0.3529586112797838	-0.9334165815676176	-2.940296114606187	1.0430446169582908	-1.018939163137064	0.6918415195078648	-1.5012983357383574	2.8141989451485534	0.1265503212455894	1.2948682198567814	-2.830143946797494	-0.613877745127231	-0.012058403335070775	-1.4092686473734004	-2.0993961557557923	-3.769449820168201	1.8792921726205771	0.9374921924059091	0.8828216894343207	-1.0131837954058374	1.6422371415821735	2.7074898827800022	-6.039722581237579	0.6520587397838121	-2.4140367653748944	0.8329234926951727	-0.4185334791105904	1.6873343139065229	-1.6052482494822258	3.7810385902421104	-2.1593350845624126	1.3221881450194886	-2.653375303301615	0.4250518704491573	0.12153427286674748	-0.3108863894331472	1.023474726796345
DTXSID1046051	0.07729218555133102	-7.536552070608426	-4.655542364194235	-0.0826076839293282	-4.494086775590607	-1.5053175385847313	-2.9056208350734014	-0.46463728072061744	0.18519964512438364	1.7710938568099257	1.2833008238852142	0.20334564518067808	1.413241040888565	-0.9335088542611755	-2.28000236148638	2.2921899712775247	-0.75359876050854	1.5016262259507764	-2.0281822833808185	-1.233474882383714	-0.5911024552408988	-0.8511719530159796	-2.04744345647755	-0.5513528774971876	-2.8098618157713986	-0.07905091592418928	-0.6721088240254847	0.8227931845582279	0.5166043244896598	-1.1419576917344698	-0.09427493449019402	0.17889332113554993	-0.7300431308297053	-0.483518222995776	0.8012811674725614	0.32833865413888436	0.13835773835351425	0.8550620889096433	0.38879490721478255	-1.192809909868116	0.1317310140779227	0.2384884135916034	0.6181296496265266	0.5383324400428903	0.5071905528330831	0.6511924182852722	-0.06165804213312697	-0.2720251718612472	0.006552561628009879	-0.11219010579843408	-0.07061990197191166	0.012716852597728952	-0.2203034711677385	-0.0017997475969385444	-0.6336099889171127	-0.2848719756426922	0.11946369804894746	-0.3815488755047227	-0.4282875448148196	0.9031030611737517	-0.8938436254085615	-0.24223799674592497	0.08574090630807542	0.4809332227115235	-0.9550713771140797	0.49530846436476916	1.1547677286886324	1.167861622993399	-0.3517050343167454	-1.1394091953941268	-0.07709887510105447	0.1833235972995144	-0.16388991636408615	0.32000970819734653	-0.05013950209250373	-0.7455995284981212	-0.8933456190761976	-0.4069357952967212	0.044796825157319496	0.5367753850181238	-0.4138941399926239	0.8993129635555197	0.5790985714914993	-0.1733335684048899	0.3900620441337827	0.1453426582449462	0.5985326117889271	-0.1512987666245041	-0.39753905825394265	0.4375269669516535	0.28632973028313236	0.5061168660692653	0.30242550714232536	0.4517926622848309	-0.7574531310146354	0.03789021212247279	0.21577163195268861	-0.2950973583765518	-0.06948596845331488	1.0100602561455798
DTXSID1048837	-2.968158652542146	0.2827074167332732	-1.1147463051620814	2.030694517073481	-0.8097076548315908	-1.4746559512895356	-0.7137878823092237	-0.2842738800176284	0.16900032931564632	1.533467759861538	-1.1568755213195945	-0.4302406910057656	-0.2037195567212628	0.5002678266123924	-0.3371437627766463	0.6464227414974117	1.5231091191410995	0.701568307021984	1.3616736893208548	-0.04962174045142286	0.6614257691251733	0.10107345607731112	0.8600182990014246	0.6983764774727216	0.27377544911624985	0.45275322159827897	1.9981499810405063	0.7963076421649329	1.25673477618086	-0.7251236228127272	-1.1217156738304614	-1.7958134344907586	-2.527950010522459	0.22011183234252316	1.9174704235835964	-1.7282158832264294	1.2047836262850133	-1.5258833502142686	-2.1561813385809545	-0.8831055586027033	-2.6891192876821144	0.04651391555771695	0.18868162929735086	-1.1012983512003975	-1.5647325533342733	-0.6646928511368417	-1.619334993592903	-1.199727905445477	-0.1896535930240338	0.206854974075404	0.11030947365491572	-3.201560362040676	-1.1241170376132312	0.4086614078514735	0.8607259823582265	1.8787807707402309	-0.3867345916764733	0.08551148682473193	-1.3916995764430207	2.7261677904521258	1.3311021479811767	-0.2881161400707323	-1.0918656536229017	-1.9818230965925032	-0.18478669868932093	0.4353386468236914	0.3750991612591273	0.16711417363538572	-0.6868961921454442	0.8147193517381999	-1.3244611110169386	0.6597199808023647	-0.07544435422184566	-0.5324237827321566	-0.6157890861764015	0.921441849898504	-0.2712803630244951	-0.0830316007138489	0.05286271686752186	-0.0634331130701557	-0.05111776046674459	0.6873087351273187	-0.009629697203190702	0.47914769969969495	0.13576341734011257	0.1310540164566812	-0.15592006580421258	-0.0647774239463955	0.29358037539804654	-0.17377716395439688	0.15208172582409646	-0.2644787515396395	-0.2790596026100516	0.03805086478865961	0.18677143243161168	-0.6518263989979767	0.48585514821591747	-0.2218793113999084	0.8097054030343938	0.11770600869521822
DTXSID5020443	0.29258598759137033	0.9766158732734619	0.29986798124064207	-1.1993876615776	-0.8175226391951036	0.7789209937743439	-0.9802146271950418	2.525956244296852	-1.952058409822696	-2.0052371876032673	-1.1761955220475864	0.6754868033541661	0.24492454705549807	2.2727955782833114	-1.0507605850275903	-0.8626414540245559	1.0094853157373167	-0.36908685722255663	0.5408645422007742	-0.6254310426519198	0.9117024995130825	-0.7947035289387645	0.5303062400929324	1.1647739676714997	-0.686189580386125	-0.5812250519544857	0.06691014243232499	-0.8286656089878734	0.15012042761306135	-0.07531456109676124	0.18693635995756483	-0.3128872095749526	0.13098457158117	-0.5783314143323742	-0.17788671667070446	-0.30201403932589477	0.5658781055217532	0.24549257048603523	0.3204624181648683	-0.053023891595882514	-0.5085398438842988	-0.00595724601558263	-0.1618277405016581	-0.38018355258005926	-0.25302763876042716	0.08056526154606765	-0.03102850340742988	0.31027954555774	-0.07701209995036513	0.40523286936970804	-0.028178663790334433	0.34362314995283144	0.1498998488606264	-0.2963807038577463	0.14330852139526842	0.1245228298320025	0.33817302840466246	-0.4114285207620586	-0.01752032902841743	0.3828545235251924	0.18393571708902975	-0.11264277899139691	0.3070532402316981	-0.2219148627450429	0.0558348879815978	-0.31148736727911275	0.45592326805328637	-0.4622562803967538	-0.2841881782219111	0.49400098470891735	0.9660849462062615	0.05279254232584319	-0.31414548915225865	0.08381672148427524	-0.896488167334277	0.48776584735885475	-0.12820795099168328	0.4407053378224197	-0.06554448621888427	0.23895078364041353	0.5056079418743075	0.47355811395507297	0.10668199574258495	-0.019674126821923127	-0.2891187382733395	-0.09369139261196323	0.5563146640342892	0.21130758342374908	0.2745329449979715	-0.17979165215787085	-0.31858335648719965	-0.12802840618400455	-0.11797154171236156	0.15236817566648186	0.05240211379659941	0.45283246868137916	-0.23655803896715746	0.011916188283019854	-0.04432531365443388	-0.2143001014522573
DTXSID5020603	-0.4282144713551539	-2.8270426095469614	-3.475448877276444	-4.8391531375882355	-1.56708774351344	-0.2837488794109335	-0.32011973953345296	2.9280246144684785	-4.148093657882689	2.660644849886796	-2.7001477353880254	-3.114628475672427	-3.508842579845624	-3.5024527713828393	2.7271666022342176	3.5113507940713085	-2.9951202059763817	-1.9543769414214625	0.4276761095293226	-2.6614941905201452	-0.6120799338172926	1.5830236925295624	1.3896878631290994	-0.07396053494527616	0.12253163111780209	-5.1408496036793565	2.0156380276880186	2.0662739215578876	-0.47491243911140235	6.935429317303065	-0.12143492946422194	2.107255641153581	-2.0083859359490637	-1.4091418109039016	1.101993572348659	-1.1569111258779432	0.8691325267382952	1.7129201404543613	-0.0038219969478002626	0.4439553573678697	2.1243118399153604	0.12301581735464431	-0.09224755261348715	-0.14502135117575152	-0.06360040743714547	0.5999613517287473	-0.6489907100425103	0.8312165142287119	0.4795825695861067	0.9227015874637577	0.033707327164996706	-0.22089589917325714	0.5088483685871371	0.05619592167455679	0.18935164980353641	-0.3330118533087407	-0.5914968881688975	0.4290613016982479	0.09327948538188366	0.42622325999207855	-0.5542375769222246	1.0604373592773912	-1.1276973880632166	-0.48704690093606184	1.3930605095903366	-3.693545524169969	-0.5569822636335772	-0.2607176032811607	-4.404004505691032	1.2635855223031056	-1.310400651091439	0.8058240895903621	3.64114161720754	1.5398219047589587	-0.9473855534361679	-2.638629714314207	2.677029496786056	1.8720846282152874	-0.7473283607724699	-1.0269138918094545	1.7060555819858885	1.220991679304391	-1.0505360897388356	4.043746556965302	0.9069968871224744	0.04626162033111772	0.8967826156189659	2.071398367597428	-1.7079397090024615	0.8059885434905354	0.8012581748945643	1.9092670540685324	-0.11202394541909545	-0.9203120294042546	-0.1816131700273081	0.5897308902027183	0.22908129724989718	0.15223107873918906	0.21845265408190476	0.012855383837808048
DTXSID7046837	7.069793738069993	5.249013678669633	3.945119659093722	-2.028239435863454	-2.601397724772133	-3.337340238923119	1.5220849321703447	0.6217059822945874	0.1904083861571254	1.8268198612903772	0.07492435450391606	1.606725470258228	2.090205283560807	-0.8171865830857284	1.0625418653586827	3.1228873629746237	1.6022489723341875	-1.9652115451405126	0.46928495727702146	-0.6804512113695325	-0.19706669182594763	2.651484615962028	1.8008391322980097	-0.6035507613108438	-0.25519784800717915	0.9203292932177204	1.0737158590039035	0.6399742785279363	1.0933538306302355	-1.2284210381012959	0.5313233377035352	-1.934081862602351	2.0230055041626156	0.08590580073412395	0.055439787026804695	-0.8768444721421479	0.8347598192920708	0.9243455692733286	3.056501288608628	-0.7325737449587342	-0.1189162781702768	-3.05922092369351	1.6963446715123742	-2.739199683487044	-2.245381955885674	-0.7236881175412841	-1.7404809049153098	-0.22220324906095915	1.491040190994928	-1.9505456225816056	0.9319647805130513	3.0916851503736305	-0.9473021221809335	0.257447255436516	-2.009548257791021	-0.8697526217545173	0.1381861016335438	-0.8926832630800029	-0.5216988529918342	0.06024964477618036	-2.402788847431587	1.1412047413851258	-2.652662204467439	0.25973211858874296	0.012701117520230192	-0.7722518295785079	1.0830847321547308	-0.4624456519288663	-0.22490105602653318	1.5044879198742211	0.8847231846841287	1.3324251897606278	-0.4067060236787375	0.16002619368699117	-0.6726405095706	0.1128970295319825	-1.061441033834621	-1.3704279871569687	0.3370519770063674	-1.2579252368374167	-1.2119308079564606	-0.7321311414777257	-0.005789039660594984	-0.6034439550643071	0.17198838381467355	-0.6209148004278968	1.127448472106751	2.056839845799759	-1.290182424120332	-0.13549254981654438	-1.4363874809901882	-0.550121373531461	-0.46818367261107335	-0.106340538266854	-0.3365720346722768	-0.25779864671664465	1.6396938202820428	-3.2788085655850914	-0.48406545618897023	-2.0672839938372456
DTXSID8046905	4.079050439841264	3.0479257889170084	1.0099213686515938	-2.206498929922999	-0.9172071376993707	0.19742908307199356	-1.0784492020388126	-1.9210019840011405	0.28262152402436613	-0.09036668504943297	-1.0100979919189217	-1.984371352196849	-2.8027990109206087	-2.0820517243036205	0.5891387771381109	0.5602300449126518	1.1726405021824877	0.2771255374007908	0.15130155449279023	-1.4385314705664898	0.5236563269311634	-1.0744614413645912	0.540078350527759	-0.6408004336451629	-0.1094984449222451	0.11085616769519797	-0.4322127907240322	-1.337184233798164	0.18137727635381495	-0.04536507634232571	-0.5242278776148255	-0.3634746672743523	-0.3411183036069006	0.05859301509645376	-0.3021925188724793	0.20861095591641232	0.8033124935404624	0.92722642559344	-0.321813012588998	0.374585797154323	-0.22560607486686043	-0.1375268526515076	-0.2622537201324893	-0.4074946914938146	-0.5526366031786171	0.438656515405381	-0.7540510646068525	-0.45793972113450376	0.446554207379076	0.1318088823746468	0.17743785190219652	0.049197942424201446	0.12043695550419614	-0.02993946891203525	0.01621955205543085	0.22313994662355313	0.48685344754209703	0.344480910210389	0.22626533758237422	0.1454967982770716	0.014927330690308035	0.7340040842539429	0.3307200587878779	-0.020964366878785747	0.020602516725355877	-0.8214762742899316	-0.4673495342599753	-0.5577604621297337	0.6962069796246108	1.2320975513505257	0.7147624063417857	-0.964309895509249	0.7192234676467082	-0.1363047277781779	0.66369825945111	-0.2745589728848193	0.9929753085312164	0.39626697352771145	1.119363256373353	-1.2423251597886593	-0.04260254193441016	-0.7177817547857377	-0.30862605028184903	-0.39955775740884714	0.895303740341563	0.11636951071690159	-0.6684385876732296	-0.3564616290356637	-0.20534171132257092	0.3982873761900447	-0.011525933270645656	0.015513369593046947	0.4487485209939481	1.1157168167597933	0.12423719517336719	0.6061416267486207	0.7824147698330751	0.1431870865354652	0.2427282220065285	0.640243065751009
DTXSID4052269	1.6772624886465994	6.6322441806593195	0.4289549128486025	-1.2397929289579206	-2.540925355246116	1.2818938357280267	-2.6242525563307826	-0.9494227282209301	1.9221819998822929	-0.2878819817805786	1.6058624226636786	-2.3374415413830856	-3.323074965173031	-4.326645845946214	0.8317753468001359	1.7152515260849324	-0.4641846302316378	-0.013721912726558457	0.18690331422103623	-0.8982868759463295	0.1995468357673137	-0.41618498021317446	-1.4194807726635055	-2.157408511436965	0.18403475675067746	-1.1921174759322448	-0.4358111718140271	-0.20616287644683157	-0.18555212699572454	0.39412046545007934	0.27782178947069186	-1.864784595836144	0.09869447127149265	1.3807643569564652	-2.0103087653259104	-0.6451991389145536	-1.5647371971117048	-0.3091630661390792	0.04160695462467793	-1.3131201381576227	0.334654668033369	0.6740661400942775	-0.6420121281506498	-0.015454172330886052	0.059253798344639404	0.14610283981392633	0.42728077480880927	0.8959855489790255	-1.0347430725499331	-0.3083338150463598	-0.59454888326022	-0.16309268917203198	-0.7078769020402358	0.11073921149547795	0.21592110641298354	-0.5009620686038865	0.23084145654511498	0.24726200321929365	-0.7040940639230572	-0.4245752206377106	1.0498155646909586	0.6530116570755559	-0.21826772839490113	1.4951228050915921	0.42732600958752304	-0.7044503387545866	-0.5645662076330991	0.1703208081818245	0.5695971316205013	-2.7776820303863055	-2.3011728743234823	-0.05941456426956539	-0.7169375614964729	-1.0730134570637915	-1.7228001300286029	1.2146256580052932	-2.8123397702176907	0.32206231352886444	-0.8573114474058029	-0.36705244875965626	0.6159646864194785	-0.07295820392199837	-1.6283305220301316	0.5794200296702429	1.1218754640860062	0.6767450358263217	0.11979643166642301	2.4298209306640124	-0.3543708223115509	0.343533136656066	0.35726543841170794	1.520343620384907	0.42216666688936144	0.749442184054815	-1.266255962348658	-0.46392577802049123	-1.8198688832973415	-0.8677702963517641	0.7368544297433262	-0.11827853410140214
DTXSID8032463	9.276347073000137	2.334433239242988	-8.509600557725724	-3.9132732825842056	7.276191112129275	0.13158708986146933	2.4701267918054692	0.008683865094712393	4.113413675595665	-1.8386067136343083	-3.156287981299587	-1.0536541596807683	1.7201203024894258	2.745869700303614	-0.6942827294825745	-0.903966472727404	1.5905248728232795	0.12697725753686176	0.7065724959930824	-0.8371237649002748	0.03787377881695882	-0.4137686535059414	-3.3674819484670175	1.3800825086904565	0.038949029906174534	-0.4372329232263769	1.3398213672380221	2.0213314229909836	0.30950228622675086	0.5522501390631748	-0.26890646282351643	-1.3329403063811467	1.051730534417647	-0.3347018308858882	0.8931531852944733	-1.548475403440101	-0.6628073523065886	-2.2217722317487913	0.8227879718247806	-1.4160753592145163	1.0324794096323604	1.861714603166388	-0.43298173858352745	0.3647438503545169	0.06957341929238475	0.12420430989495168	-1.160293157278997	0.9518265603110698	-0.6453874682510083	-0.11486813908609642	0.1509477777926564	0.15419360798606715	0.4400037976171867	1.0131547726799994	0.9268569107636497	-1.2552507947934535	0.6442755654556093	0.1219751712805962	1.2884046163769307	0.10682610397483258	-1.8922868924172824	-0.8547717358521396	-1.2454482889656344	-0.9711822764046112	-0.5670516926220096	-0.3235095135964732	0.4937950662240416	-0.02634699381210439	1.0990989942645473	-0.3916752848180054	1.0691129803699917	-0.906289006955085	-0.3450640205134937	1.684871466996403	-1.75819604837835	-0.5634895942744391	-1.4257115142425745	-1.0702174811106882	-0.7757078771217485	-1.5089977414085955	-0.001497603596957949	1.0273290296640216	-0.39093700852441415	0.6439956795301461	0.0584798002841952	-0.0005636672065175461	-1.0960395730704617	1.3242174854398896	0.7992961044598013	0.24141472249077367	-1.1863396661849004	-0.132660076075696	0.23640595616576335	-2.587905331318651	-1.1299347678324774	0.257451607491727	-0.9144338174247609	0.47879747186459437	-1.3064398538289435	-0.7545075199756085
DTXSID2047484	5.283380865818455	-5.639689391791802	-6.372606773813683	-10.888414171447158	-2.1386402452245203	-8.102626314107145	-4.4804519082493535	0.6316724463630703	-7.529857645980052	6.911276817355313	-0.5848502057266198	-1.0022997858258151	-2.986970365752871	-5.716506226071267	-3.3798221636594254	8.650657426978363	-6.183417980426181	-5.451114504332789	-0.610021799199613	-0.10239014713119735	-9.501518979710927	1.7207114972843467	0.5697199848720541	26.159257866036885	11.823404790781149	4.417064615245958	-3.872365755017672	1.1724180866683365	-1.1930367610387782	-1.7349659615085982	-0.7821540418899482	1.2682427754031236	-0.15946129827721262	-0.719711270122576	-3.4354602533527094	2.518889708450621	-1.468815491070856	0.1132084404832336	0.027623978980191907	-1.8268154471721003	-0.09969590053715996	1.0538478644670588	-1.643502113546988	-0.7518306664501535	1.0046897988117784	-0.04167740817786401	0.6019010796964956	0.7675430447321135	-0.538479574777516	-0.5958333482110639	-0.2736406841610288	0.362283684285431	-0.10686226281398391	0.019657018267552423	-0.05211361790186534	-0.1227195237938019	-0.8084672137992847	0.29999705504406843	0.32734594376782544	0.10894368938381953	0.03733506940158011	-0.6024798016746727	-0.7471161485535927	0.6971012883858138	0.09852097509522746	-1.4980882013280588	0.15150099523207566	0.5881765634075979	0.37100556518184763	0.2860027788753653	-0.525961419333448	-0.30796218502557765	0.08956619781767369	-0.3710914702738935	0.308603101081864	1.9278902522651526	-0.0577789274329198	-0.624414945636823	-4.11428559937798	3.753036928725933	-0.12186582272938336	4.0081842668156495	-12.351903634261978	1.2239978460202379	-18.427645577070507	-0.9567665153582795	-4.218572332807954	0.7454299008628907	-5.609211845667016	10.549465639328465	-2.7943439231654064	-9.933889820497246	3.2556241302477273	1.0390906893921792	0.9387306697424287	-1.4780425813849987	-1.8185440763694853	-1.0929230172983377	2.1354235948484277	4.558370407932822
DTXSID2037508	-2.908027402361968	1.2041747035167367	0.3586230160203449	0.6913747411561546	-0.8240612235157885	0.3989776667002448	1.1339230436162582	0.9987291628545414	0.028345956401841607	-0.40187487244494324	0.03305100945527271	0.6888709200546578	-0.2849582470453645	1.100799255292261	2.0843991185906394	0.6120977157758604	0.7665364379893589	-0.3313159968333536	-2.165858182912095	-1.6883952679263847	-0.39325751270815335	2.868151935815504	0.4232605434447058	0.8466605571103113	-0.9599106734886711	-0.5114680508100423	-0.8274552733112471	-0.7704679081729229	0.21948059519668867	-0.1831217925320115	-0.2307568823432833	-0.170714277210601	0.28570382883134704	0.2092126378242151	0.35168946600307277	0.326491351512876	0.06597053268936451	0.248688872953837	-0.04151459013242096	0.11473333998833411	-1.1392176640859915	-0.6285404354642291	0.1700148749545066	-0.03235831031000017	-0.10113914752311808	-0.21151180153274945	0.4534575363229494	-0.06663356742230743	-0.1858402663610282	0.0312998663620893	0.050643033399352534	0.15705704716490115	0.2555319481598285	-0.5199090317785398	0.4233875455421736	-0.47068593382225127	-0.2395112441201284	-0.6078721846103862	0.49394474098914654	-0.15335588236919548	0.8427666151007152	-0.38620890003909697	-0.6167923189762512	0.16093136179629636	0.2598426975204556	0.44817562055395843	0.6879632021481051	0.23041954251886176	0.05811052952052205	0.02945646893916727	-0.04563068822392626	-0.16553095728914138	-0.0025849289565884987	0.3363848347239762	0.528196688028719	0.22304667375713902	-0.07950973102432136	-0.3530242245357611	0.030289864548949837	0.09153238666929306	-0.4137847730968509	0.8787843138406278	-0.36962230114041894	-1.156235995752575	-0.318315969302028	-0.20988556729397448	0.16042121705670895	-1.166034661225196	0.24773295072046794	-0.9369156187048544	-0.9813282682803931	0.0685322367135675	-0.08938432218782742	-0.127467825956183	0.6738572049358953	-1.6240871704883266	-1.8969354241987744	2.667133496578814	0.19640972119653818	1.3979669357888578
DTXSID7044427	-4.0726760591259765	-3.83590568272794	-0.6658181037358903	0.7679357536091534	0.7946143815320501	-1.1500325569060188	0.6667005457352733	2.032623901429221	1.3378678105174593	-1.4862785494116144	-1.5421869544969518	0.3137260002548408	-0.9205169174026515	1.2374229805970647	2.3292444834386004	-0.6784428547724	-0.7114808381486262	0.26818210189066366	-0.22318389567498012	0.5436441289398578	0.8624558043326352	-0.31259269356621194	-0.08947866625315931	-0.5163860419395799	0.991590463704271	3.2743149053474143	0.639617491908702	2.834778682490987	2.923299801665607	0.5624397932994529	1.3849010065364322	0.43933635582331787	2.198394916030529	0.6119084030427979	-2.617490929583672	0.43001852639870997	-1.924828205147244	3.438493172896802	0.8654430839237505	3.5620801018623878	-0.3314933580263905	-0.25418303751053956	-4.187806592243338	0.41863729651372034	1.5763159994302767	-0.3587099444378777	-5.505529195724568	1.9096351269245226	-3.2222720292756213	9.969881210027523	-1.3719758827763961	-1.0049912780127694	-0.5487186204693597	-4.29669901597987	-2.404090979398202	3.1015943922217155	-4.654220971337527	-4.510391788468236	-0.985008748391307	-1.139496147595435	-2.8041312969018066	4.33271004155706	-4.265489418104061	-0.38937899965605477	-0.7900291216526613	3.5489955544615435	-0.12022663812686334	1.7099762032850365	0.23411414348980084	-0.2610333111240498	0.5361903615973095	-0.0227115131824037	0.9843241251004425	-1.8763225386303894	-0.6053409345477289	-0.26630519673656855	-0.7894180279934292	-0.2988220682091008	-1.9864910376194993	-2.458975306354182	1.8457415921397593	1.165054391861574	1.478120004190558	-1.5298482581404482	-0.587084937272266	0.7040792432586758	-0.8072686377756498	0.5934422340552616	-0.011639592219323397	0.1491773907331729	0.38820226141087255	0.20144938260408793	-0.09880830635843925	0.5096274905787141	0.3176894789965325	-0.19828936699501967	0.2527424175983763	0.2637306466849281	-0.5678278748413818	0.2409770371261879
DTXSID1046423	8.352397718228882	4.614575638071198	0.6819902049864368	3.4617488359588533	0.2759626891416378	-0.6352918190229115	2.8137494912486525	5.264352045181619	2.728653082128936	-0.6889835616367359	0.07749521000384933	1.391025546626474	-1.0653193992394623	0.7633276322496486	4.508549650832394	-0.4197379451382315	-2.2215902371192056	0.5199214535117878	-0.5554180713690529	0.5063704742741572	-0.840383112700284	2.0733944417570065	2.2457947991537615	-1.8050879899086094	3.119388528610119	2.24584104452983	2.672483985991745	-1.5803958116744077	0.007554353280865719	-1.3149385631886454	1.0067618438343617	-1.1720479332346254	-0.7487055477770582	-5.493262664720064	-1.2174487407703811	-0.04552422775196103	-0.2464560589140823	-0.4647416252393254	5.603841086074414	0.8333375325395174	0.0756117918910813	-1.21971008567619	-0.41297232952861973	0.8753334763256864	0.9178904838872597	-2.7598003189288396	-0.780398495494812	0.3581412214564584	-0.38961525077895726	-0.18153640046003555	0.2997410649990635	-1.33961549500448	0.23117621187441403	0.43063428815113886	-2.2368146944210667	1.7105417205460194	0.2597129314791197	1.2213609606414295	1.2058902145723902	0.11443646844920267	4.835915257597109	-0.453972332406725	4.033682407455592	-1.905270355122791	-1.9114279316904395	0.6742443290752564	0.3959501903774691	1.696681841709685	-0.9430017636498926	-0.1862491601071429	-0.8409334851466963	-1.3232002674167205	0.9993047692452952	0.14441051136685856	0.2134966834658235	-0.3632726375599111	-0.3465324968889187	-0.36465466549135983	0.09495616809888657	0.4145809005380599	0.017912255715229624	0.11758068697781791	-0.6087815448213547	-1.1887678541618347	0.33438734274269183	0.7773853041253568	0.29866756287560614	-0.5838128368924644	0.34209148032453546	0.4127791055808603	1.1439552861959297	0.1820677678993131	-0.19345093622829346	-0.9666181604140374	-0.27276280303952777	0.2479848606099992	0.18002698819005547	0.29427554620649776	0.9195780389203555	0.3411104375620594
DTXSID3023479	4.357618975260528	0.29223199456242827	-4.480765305829818	2.7083623468575233	2.4465091526374523	-3.328221237160797	6.377991698209735	0.8466220974500382	-2.0495523425828757	-2.389627423580799	2.81434055633208	-1.153787874439154	0.9706810470615161	0.6425807153884786	4.7707729858269365	-1.1895397947096673	-2.0232623431266035	0.7038170816367942	-2.302855030018323	1.4090115753857726	-2.0925795085041554	1.2354740034585021	-0.2646286319992746	-1.915817877455294	3.5013597868194446	-0.2624558757316041	1.4003755193721255	-0.7029154734632889	1.224285489734997	-2.3048123365043005	1.4802862271162445	-1.0252862924561759	0.014113892229809546	-5.749959949903556	-0.9831833664561103	0.452651079877074	-0.18509023935282307	0.25017052859323236	3.8144498178774335	-0.021749843944450557	1.5441760900435102	-1.2799040974978964	1.4560989233699744	1.0202609348680844	-0.4960361691107787	-1.7503093559431648	-2.1795360122881298	1.3508590466891872	0.25958920899547167	-0.1434906278821001	0.6482748259199234	-0.7328975321983446	0.170300350319758	1.283403776640142	-2.139153492196679	1.9580803318969597	0.34972901678406204	2.666810211400084	1.5458245410610507	-0.8230787455284697	4.515412001092419	1.2625087947462657	3.274871012066096	-2.018273271251301	-2.3328967626103037	0.7679732487252655	0.34525020300628156	1.2133885367312665	-1.087922785897386	0.3564305830605521	-0.0036279101122222647	-1.8144458792926457	1.0950171122063068	1.9045978202285474	-0.4089493584965741	0.6029051495940497	-0.7946122029705152	-0.6998515951754817	0.28876470165523277	-1.0149181899450799	0.8979720654710843	1.4954537692867116	-0.9700277090592401	-0.4774193604964287	0.4294571104413674	-0.49915363893973436	-0.528446480106705	-0.8380504724772466	0.6510021257181668	1.3440348718588289	0.975823938519044	0.5543818611186013	0.19421719744935723	0.22455642476152243	-0.9972708779979017	2.171394058633951	1.0557404229093388	0.7734999210669027	-0.11109485153998715	0.0536073994426274
DTXSID3024108	2.775288818781349	2.0334727991262844	-1.5185284889550792	-0.5909253893206906	-0.4244849238973133	0.8470273853321374	2.3379691142471977	-1.78013881135175	0.8186633875888277	-1.675813750035629	0.33445868891166025	-0.144559196521815	0.9164199843534254	0.9409763878118069	0.021591202879628027	-0.12015983938200073	0.036232641821762106	0.4954010861275227	-0.16216822233591457	-0.08437965922455898	-1.2878191660824885	-0.48808968939271585	-0.5498871369510173	0.6470137289664829	-0.21949593977898726	-0.09531319250665694	0.9272228706970296	0.06789651085316932	0.9349090634787957	-0.4737646011749067	0.04891196764155051	-0.8135004965128966	0.30913641124805674	-0.0973208229066733	0.11836876505569394	0.1558293025048159	-0.11292189693769586	-0.39472022677275803	-1.1897088904886752	-0.9823964164436062	1.2252440550358696	-0.0651434270687488	-0.41903853620474385	-0.17219679752111666	-0.36036027506779766	0.7668326395483365	0.026584646861213177	-0.10690194481299671	-0.1980997569162641	-0.9409718661163629	-0.3167200326704525	-0.2342909650590195	-0.13642786189645012	0.1723901226083734	-0.15719510463204792	-0.22201045313397352	0.07650148741065788	0.8851493139210606	-0.7599622921713439	-0.09327574196861406	-1.0814878270403558	-0.0220457443768597	-0.2688789654946275	0.06748221804260979	-0.6921767837983382	-0.23985616584675765	-1.0934560154825055	0.6204515852715922	-0.9099790638342526	-1.097106853177259	0.5507642310778176	-1.0099834747306033	1.1930867293730238	-0.30735640039571865	-0.7606352890043347	1.7441017311893197	0.2026806815466507	0.6894465672249096	1.2763526068211313	-0.23354203889735706	0.12237013612345596	0.22583449276411385	0.16745530563914834	-0.2934245537262514	0.1025808378927967	-0.17363878846587893	-0.6093526879182541	-0.125904577969105	-0.38453523937762324	0.28124749884056566	1.252637407666196	-0.0927547852332815	-1.432137728307721	1.1718980339951552	0.1107527034525158	-0.7974601513085618	0.02136468290510215	0.26218985116414717	0.1718449818259891	-0.6516370292154716
DTXSID3026275	-6.55846030600468	-2.53830394740489	1.375432750724822	0.012360926156418426	-0.4846899940470676	-0.10030115211146111	0.7081048404898548	-1.2412731129413042	-0.28615205982002495	0.3014121056238379	-0.30880812427363763	1.4094950100383823	1.596748209721353	0.5986202479324851	1.132378956153988	2.9929516994554444	3.573104403200292	-2.3359688022520797	0.9382524073030518	1.4190371825502268	-0.9411781978091729	-1.2297821603504	-0.2687663670133183	-0.22592688782012887	-0.3706703066406167	0.8693200397949776	-0.8253340627722411	-0.3688335148147169	-0.9966763628473744	0.581054283357614	0.9756286284137976	0.04736836417401744	0.43463124912161144	-0.8491999650189919	0.11401450159921335	-0.9041861223607479	-0.36817857964556355	1.0250022838719415	0.16942028290043787	0.7081628057108618	0.7347524573041282	-0.16324910927888467	-0.9029551987093689	0.03837139826730251	0.4960236035660058	-1.2365407518134346	-0.40378745271426136	0.14611226308898465	0.26628848664697763	-0.26257340571352245	0.28296927402409	-0.11446198558727297	-0.34244397069682286	0.12451027434077505	-0.5602600623349211	0.12472723117168535	0.7940713056153619	0.27978804244928834	1.4354497212320494	0.14235495246286853	0.5254045782096571	-0.9394279289972385	-1.2291938910848723	0.176606455388443	-0.1583753860425246	-0.37662888886445844	0.4040999557855952	0.5205395156569153	-0.13902926900546808	0.9399297724010498	-0.3555097119210221	-0.25370156086605705	-0.8807664062401817	-1.0656071447339925	-0.9985130046557021	-0.09646653770296483	0.430497416500664	-0.6195833513526645	-0.010085014172617004	-0.11993298588340014	-0.31454209041873454	-0.5468225351854856	0.1746730585800102	-0.13720254629708314	-0.14408960808958063	-0.31364362120195843	0.47518872731686107	0.49279470620974286	-0.05495150164522142	-0.028988872900004962	-0.3646894388415458	0.11282406343022713	0.20207530412537816	-0.07381905014760652	-0.037249762660493506	0.11740829736054574	-0.4299763010033627	-0.17706419209164875	-0.007034497903980808	0.021212929641540007
DTXSID6034005	-6.604501267039177	-3.7588937249758607	-2.2821786779219764	-0.9099601511639568	0.04527295382612339	1.0700169193916276	-0.932210692769602	-1.224235401397248	-0.11165595952624281	1.4976219622807756	-0.48882959309910456	-0.894761006311393	-0.7399455708221223	-0.6532233767422173	-0.8861792408931422	-0.10308162077701552	0.7246980249515894	-0.053324777866863675	-0.1491651756136125	0.182497428631166	0.5622475031824202	0.12339275243411937	-0.34394295588259616	-0.08326600252476052	0.5761019377490708	-0.1533041324947943	-0.5984412387981365	0.06949672605359047	-0.020597170078845293	-0.26324191787262696	0.4051102720395419	0.21355001668812756	-0.21492495431092773	-0.039571605755821526	-0.02180334864562148	-0.9069369712036564	0.35943511742252593	-0.30647946198548764	0.13011439663379093	0.23213212265330177	-0.11615575280933692	0.042444412818963724	0.05215608522905403	-0.10392914691269234	-0.36399820571242997	-0.1738384047192071	-0.22605736085067912	-0.1505069922328957	0.024115724193412225	0.153218293511436	0.03771849055529228	-0.16176161857159543	-0.18606389180131616	0.08262333151437272	-0.10310839719657439	0.043482850163966275	0.2826757351988569	-0.18651894167301417	0.11244501820811534	-0.16823464870959817	0.26637368122420874	0.19694805452819417	0.44982272230430576	0.21184467096926898	0.03772878882096168	0.5184281652974998	-0.015284732501528356	-0.5506038348725422	-0.37271589423335283	-0.2025220146651802	0.4484046049431693	0.2262952210829259	0.0922898569761406	-0.13208417288469892	-0.49668618084275284	-0.31495083089363846	-0.33224212966644173	-0.7017911963982199	0.0536051539397212	0.1428727112820442	0.20827824251637145	-0.42900618951485997	0.2519655959932697	-0.1415975609613205	0.45169805830258614	-0.31307404053939897	-1.0205536988357227	0.22120032440954662	0.6073367027184189	0.6132738375663596	0.10460409503162102	-0.2862611043585163	0.14639932976834563	-0.281595834331908	0.4791989039397102	-0.7466472786619021	-0.6908302170176217	-0.08346068219124152	-0.3169560313043863	-0.7391361899485819
DTXSID8024573	-4.903617526813508	1.5610354077588071	-2.1160810442658664	3.466461172294737	-0.11198201447037653	-0.7673215618270961	4.629215121839689	-1.720755733420977	-0.22331078445372665	-2.7976196458766194	1.0919221351352968	-1.683066902574432	0.16876613796074025	-1.4390323481569982	-1.8215961516238668	1.5974948814701073	-1.133319244897586	1.168161174810572	3.1547361119787527	-1.4668747674843274	2.0138080506624685	0.981529939496784	-0.42502297202464895	1.1733138326532238	-1.400964088349097	1.2254935007095895	0.07992097651329673	0.02376919313015596	-0.8694508668626643	0.7970331556494905	-1.4404693504078365	0.13476908862784692	-1.0518628983422562	-0.11405950757354781	0.09765448709833731	1.0439682368657441	-0.6460992611341247	0.06977657326142965	0.7526734814545469	-0.027545228775977974	-1.1312344813411914	-0.8685393103993582	0.3775393169401655	0.09962134606660594	0.7609546627202547	-1.4347720306779341	0.7868379287491596	0.168449994925482	-0.27177365875492615	0.5425750061385557	-0.23694854083472947	0.005826471583917269	-0.19651305122739038	-0.4246657555450514	-0.6870781177525925	0.3545990064727056	-0.3521978454945864	-0.044094045016210934	0.49172897916760405	1.0280643368060112	-0.3178674817505637	-0.49787677889209087	1.3090576408580217	-0.16783388721334003	0.17812254750999057	0.5267035440543619	0.6840234577074629	-1.5047295091220856	-0.263394800542983	0.438403894263828	-0.9309059306883569	0.5621878067623616	0.030116320663750296	-1.8532775763538214	0.37942162470205	-0.9021297360494572	-0.06676374678398721	-0.7973745359764022	-0.09174591614435978	-0.6842319254027954	-0.9487279930165515	-0.4835068476599377	0.019016032706858362	0.9106094929976875	-0.606317714873638	0.3824368904545929	-0.2786197982021138	-0.6282621775712259	0.013575473777716698	-0.42333971317730784	0.07001674156092008	0.34776807280920585	0.23339976352422206	0.06457150479119711	0.49491654690417947	0.08671598088356372	-0.38497902851756866	-0.7809017986221594	0.26181875683251	0.12661837000290108
DTXSID3021980	-3.5433858798557103	-2.595258587394633	2.208741072115664	-1.4122479288517888	0.6247949846897779	-1.4807981408991435	-0.5726724424536553	0.01564391159154861	-0.2082460392607199	-0.9240178878949157	-0.6127005671656588	0.2989645981609194	-0.2613503986826436	1.0921654013055535	-0.4903685384158938	-0.22085709631950937	0.09105165616776303	-0.3921510017660718	0.602920719478746	-0.53626964026795	0.20415473260538575	0.06500830763012036	0.7191946783273682	-0.29280984637743285	0.30784666286936274	0.19721428691792828	-0.4672839642961329	0.04654114977820435	0.11612354292324158	-0.28745459064052525	-0.05467344821104727	-0.16611524760474713	-0.18504281511099555	-0.5660680037672863	0.1498803222647996	-0.020067620112837345	0.3820562595299177	0.41330390798274697	0.21412093462581205	0.45352887152372495	-0.18865723589253788	-0.017881500704611163	-0.15812935186801788	-0.04747445732227087	-0.18347892814797676	-0.019538591035810793	-0.010124778103962761	0.02585878567080123	0.1284766421646524	0.2407900407708872	0.09247707249503291	0.15971792225298295	0.16244713241628753	-0.16745998233393578	0.06489522899131327	-0.20383861820484075	0.066288807448979	-0.11792118847705557	0.20789529900319673	0.16702923315214663	0.1728232231011722	0.09647772602818483	0.2248621327725892	0.003469099489198535	-0.01936423642284866	-0.22435219790442928	0.5753676751397142	-0.6207072474564767	0.12007589238366376	0.5852980522503768	0.4874780909439935	0.17627571599587116	-0.17107399635971124	0.008486200453434749	-0.8598884494375697	0.09455698844271267	-0.30025016947840943	0.16958762615545672	-0.025538704650899444	-0.16797696145089175	-0.14343336267489296	-0.3510597066078601	-0.003698495685414633	-0.17066337426392963	-0.1502842507572398	-0.10236754551733498	0.33247215863286317	0.31799345300498866	-0.05020621591775634	0.04528680791276835	0.13096470377027425	0.32134503008560406	-0.01165625243998518	-0.3042495859593734	-0.2627157662312253	-0.02769097126383403	0.004889008355041535	-0.05266732210441984	-0.09848498620614624	0.253367916022232
DTXSID0041519	-3.9507111374561514	-3.169228278233693	2.6029257501875187	-0.5171073924052945	-1.1766756654952906	-0.43067667894591505	0.01173007329718401	-0.7169661171331657	0.5739535771774947	0.4914992480554224	-0.3195644628003991	-0.06941085407765893	0.5662205620240263	-0.2438490492775654	0.35544989083142353	0.015410758587942797	0.8128768016573029	0.6591209962126994	0.33271869765553763	-1.123046661578966	-0.1888649190549682	-0.27852793415158883	0.36012547614154183	-0.16475520496089	-0.3044085026205031	0.5436023692875156	0.2527332531741468	-0.45743505201074136	0.4418497218609616	-0.7983375008260549	-0.00833192354181145	0.3242212199696587	-0.39398312122908796	-0.04784199693735776	-0.10713176609820348	0.2639026741088564	0.04184805644347517	0.9177737279599554	-0.8599463101730954	-0.8707754038964598	0.439621512390531	0.2541873121969601	-0.3347653119782926	-0.309131269790721	0.05187486408017536	0.3688273386379981	0.03415027687525082	-0.405768602582874	0.038589243461897745	-0.4478238400408432	-0.0047121807535192494	-0.15595921351145134	-0.09126611627497724	-0.07098974717831302	-0.38493917962879787	-0.27129903063864846	0.05699938472169321	0.36722997278738545	-0.14934394450511085	0.38764119083163234	-0.37628673584104394	-0.026275969638669804	0.2964939249819684	-0.9352900812311443	-0.5947932573719353	0.02180549445947068	-0.5826624215453604	0.36133683944944345	0.29746417215586857	0.5472596380766729	0.09839257028389412	-0.41318133757948516	1.2692798463336434	-0.3304250090785942	0.2289614889918554	-0.0702631164993725	-0.2615785368410219	-0.32970043416404937	-0.4700442829911451	0.48539873629649694	-0.41477323325079446	-0.14531380302681796	-0.2192320092329799	-0.015317512504053485	-0.12589837940658488	0.4466700717025108	0.4402486977552841	-0.011660076151434532	-0.2547922293633267	-0.14782631454012085	0.13045785948401284	0.22535318176269803	-0.33761597147901024	0.03600444534441754	-0.20921482696518484	0.10820277182723567	0.05627822244198221	0.058545404573622055	0.005137431750855963	0.004638485875469208
DTXSID9046863	6.869235304431929	1.1498335250354341	-1.8596048928832132	1.7831755517113224	1.5295280856068845	1.140332449374677	3.6864699338936577	3.4350237352025292	-2.3594021150711812	-1.3410557940182115	-0.14761537060854832	0.7107237497853025	-0.5196861156632216	-0.3518161196193127	0.46517662246135844	0.07878098995037702	-2.4980199279152364	-0.6677873214358776	-1.4880632661354058	2.2026202541060633	2.1702728515188294	-1.060814210151339	2.3868709451882233	0.23444656997630114	-0.7650464585208965	1.2252482617517326	-0.6789688698985588	-0.31405796673569053	0.3770294801321886	-0.06537307887923877	0.8264805550870662	0.49912512319153973	0.0018275569261039563	-0.8030416335357545	1.0888296289690167	1.4105134381624012	1.758035078921734	0.9807302196166922	-0.4157458317071919	-1.2508514614925992	0.24469213772311502	0.4763714075751456	-0.9014083866270991	-0.5165107775841458	-0.27503721213230164	0.6425043543590084	-0.04181055258547109	-0.2809406960323252	-0.04675506808847104	-0.23947638061969484	0.0912150416301629	0.9011190709217527	-0.40724614897490985	0.41204149806187357	0.516693325650609	-1.227539062516597	0.9769095505154094	0.8131887266591985	-0.9923457305225744	1.255511909767219	-0.4356026458613394	1.2539895680742483	-1.1789605902349898	-0.4235844176611714	-1.115516070119465	-0.7119567566074987	1.4000291174020645	0.5902027888690341	1.1380976286850635	-0.23835788794532028	0.7648989433937126	0.0025609312312814183	-0.08300964571445182	-2.2192545833309634	0.08463697516792573	0.02669105184440171	1.0940257981243113	1.107317010148229	-1.1366413064106828	-0.6495954274704289	-0.9483407715620923	-0.5770584429486021	-3.5178757498786357	1.2026363931259751	1.4786754288723956	-2.6580037917076957	0.15622118732691723	-1.277156038106523	0.8722401699518254	-0.15309133567643815	1.4969857372830213	0.1637239460443671	0.5704893749405283	-1.4172321996433055	1.122310806180799	-0.5562336497151166	-0.4211240948531583	0.09266852035214082	-1.185006684295946	-0.6381534245719214
DTXSID1048700	9.43212009576925	6.542601116058387	1.970952261350306	-1.44006679832063	-1.2316857438010085	-2.270790607551981	1.571240712359328	-1.177625011137393	1.3579695869362853	2.0503707525645667	1.0057197257170174	-0.26826367741624346	-1.2549003070105555	-0.768772834711053	0.7136838273485464	0.3837827438268249	0.287986497701658	0.5833567706104056	-2.4468250061831203	-0.8688548641327065	-0.10814660076858608	-0.4335561713010768	0.9494871898671916	-0.6038174191714193	0.78437465241083	-0.9539861894156304	0.9200533694128776	0.12391135330401516	-0.6085543300007658	-0.30926397283832224	-0.15011737595378394	2.787053630864412	2.429841790681569	-0.2797322773097758	-2.9572604600615313	-2.047588302807165	0.6976746692038486	-2.577890745302447	0.045068636443510286	-1.7630532435705564	1.2267314212467064	0.07252850969570661	0.26575448024907516	1.072443109150631	0.38942362141896303	-0.5381241951412555	-0.7590897371833345	0.46904367507280403	0.07702213754170277	0.803814351262762	0.11504461101869365	-0.6610217190672115	0.7366944511081583	0.5430320058881095	0.40451041979314145	0.7228661207802163	1.2854938505244315	-0.15435781391673561	0.2998922828626369	0.8578849876799113	-1.1331607346235093	1.4702361399216444	-0.3098243908688446	1.112737425235731	-1.6689564234585206	-0.6658151944613215	1.784119366657337	-0.6481220792885382	0.0541139257670744	0.28752394624286914	-1.288618930343303	0.7485918135549959	-0.5292483376633244	0.31782610983259135	0.30340982331714983	0.24961090379242915	-0.8312877631385932	-0.4308354125846331	0.8643416782839152	0.7619979285433257	-0.008120334077229115	0.09123876364131557	2.130152236426108	-0.2154364878754024	0.014382558526507569	-0.6870401494163744	-0.7729168517553126	0.9875757152176675	0.2176698614593644	0.46498330227642326	-1.0593902500874564	-1.1749573552531105	0.09089051377345794	0.9338704078820806	1.1713412698147971	0.10901063715412859	-1.0656690788178824	-0.2557675030954429	0.0268574927788831	0.3691493010255291
DTXSID8045195	1.8374419792662475	1.0841436566814715	1.6740013990165692	0.5696955208216936	1.015509702983875	-2.417429454097932	1.1277864924182015	1.1169846542587742	2.0529449660355192	0.6429269016499964	-0.4620133760764521	-0.3283419911776513	0.24373656450876988	0.3548130616045616	1.3187763339539722	-0.45981718027395113	-0.10253369713181051	0.5195127107015609	-0.43991297536264695	-0.5785642556197946	0.4341490993628538	-0.04756248444605581	0.5881328388811519	-0.3727084265666578	0.5947546452541967	0.19807389572078044	0.5149618566336515	-0.16570347008223457	-0.3742763383192986	0.18729992967440398	-0.08977236238453044	-0.016420459332126124	0.3002804971164752	-0.4742309162766968	-0.3558428474495197	0.3367502754965434	-0.6508829563833034	-0.014027836102830878	0.40667690925630573	0.12102816154302713	0.6280597213279691	0.7332515340478213	-0.4715840631849298	0.26242425725834856	0.2955748721894951	0.17787475386430876	0.06040891828300274	-0.016611212610611895	0.17610061938007504	0.2097060560440625	0.1558662374590025	0.15364389969395928	0.3576340545663592	0.19185251948116763	-0.0070143810876583685	-0.5003108728427609	0.25030342764131874	0.2431287276906491	0.027594465907504633	0.5071706367208311	0.2678743214504405	0.35829080198018365	-0.5918895801608778	-0.1469751147273552	-0.04910197688918966	-0.5217514444855469	0.08238737910337682	0.25292484211470595	0.715739895647668	0.5673647867666113	-0.47516094620324445	0.48080073769619164	-0.6087690279052067	0.6615085853876848	-0.14423425100134668	0.4361621260286963	-0.2035855582995634	1.402761103059665	0.4526857702695032	-0.513089618728078	-0.33493410757708175	-0.3664758284318807	0.5866705675032277	0.4048422654219103	-0.2152148450180759	0.4557497584732073	0.4227241935288352	0.10230400952508995	0.21405754530597793	-0.4857708054476412	0.6648159777024049	-0.9582198388050155	0.22458577798661897	0.32045996035374014	0.31365071332869443	0.26614765759759135	-0.21465801662090966	-0.4109314663941128	0.9716422590311402	0.22492225911164845
DTXSID3024491	-1.9917129027549259	1.3246296550272751	-3.947630045556013	2.9808220254602076	2.0334916450844776	0.5396563388157772	2.210662632687522	-1.657983923416498	-1.3803150196533007	2.2315342563822855	1.07398600561649	6.184876415215168	-1.554559047996936	-0.4195280461306291	-0.4744337093557872	-3.49651012074215	-1.0604017429686994	-0.7275278763926472	0.17956698503954624	0.27181093838152	-0.8237081619693264	0.04293004578111593	0.738270643480895	-0.39038720514828273	-0.5449150089287187	1.4911107167267397	0.3600241638279905	2.7901664313239327	-0.3115843561106485	0.8745211469909835	-0.5720697514548969	-2.093437586874047	0.8488914282375541	0.5358650723232395	-2.538049345277935	0.32094567851027345	1.460270945310074	3.3325175861932683	-0.1811080683236912	-0.57766487071111	-1.9083367283110766	0.33017798618921446	-1.4201702128667932	-1.3408117736720344	0.16416839815104703	-0.32995447768095826	0.18014921790032787	-0.8296465020768877	0.3156192404574976	0.6522978389938969	0.337234118909046	0.7109951487165725	-0.5362031496759455	-0.31936367068038307	1.9434343716913762	-0.48982605748979285	2.2112588339373023	2.4172519794369913	0.973925426914092	-0.2404951125578294	-0.291418868651986	-0.05761646063592395	0.9617711463919915	1.0108396874796275	0.03179634347045465	-1.3291533307160248	-0.5006774362239489	0.10021132387910037	-0.7390301390799386	-0.3154298671163808	0.1437180392145788	-0.010321013055292408	-0.17572439922444497	1.855775078040082	0.6333172695446044	0.31032492919141613	0.07328256989031905	-0.3500113519930001	-1.659439983194252	0.6909648316512056	0.7579829468365018	-0.5660186207351295	0.812033040686737	1.0529036598314185	-0.06751625554404342	0.8962271658001398	0.38339427093041645	-0.9219609283581189	0.835919109048116	0.8478912054688018	-0.3825760153880841	0.3931280062151986	0.31882530118212	0.6000210242002756	-0.1746487492571804	-0.022188229618071643	0.517325958213328	0.11715968437232355	0.5709016033442927	0.07297319286299221
DTXSID7020845	-5.847932363915605	-3.544640613952455	-0.9305648789028276	-1.649460646245561	0.23638790922644368	0.6699978197920418	-0.38276441722832233	-0.8492351040689813	0.6152615737117563	0.054814362056129294	-0.7147027838232627	0.6177294986283112	-0.8226029372225252	-0.1936560500341281	0.4100547260557604	0.13625969985496736	0.13279757141067308	0.6911773549219182	0.05362673318735187	-0.49947362177136156	0.8978132238760418	-0.041418040351051164	-0.5647489814077563	-0.691660372734459	0.8175542725532007	0.5205833254978046	-0.4231165452093054	0.895701232616395	-0.09403781137504362	-0.3104789933651583	1.3411686169106574	0.5202125985105663	0.15208047550246098	0.015978801972414754	0.6120337983351714	-0.45419938644051017	0.032505775531832	-0.023650901623646272	0.26224872011320494	0.542824707727278	-0.34671501069438343	-0.16263401802006383	0.009771163842822556	-0.24015282469912588	0.07395281226157115	-0.2523328831669483	-0.08793072456153096	-0.41218579490832297	0.052891142512951524	-0.05524778649103632	0.005123444725630402	-0.25574897732949886	0.02061393604813098	-0.3209240916600929	0.009075779476511349	-0.15249516439151092	-0.012627316286190701	-0.04714601882815822	0.25538955132383406	0.16956928246959455	0.17839961780668792	0.20345254863523893	0.11664395237155817	0.28197530032427415	0.1391669912296676	0.22345123646383538	0.36578388798402306	-0.5727813611177908	-0.08552974965343738	-0.4336810231204011	0.33372707235253385	0.06876371704493218	-0.37446236184429244	-0.5026234458820042	-0.1261452340690548	-0.7062674592398994	0.07968327132815324	0.8411868640777289	-0.04132170471545102	0.5384435504235663	-1.4044895435701574	-0.3651594093658453	0.10613614011838758	-0.013787701423056756	0.4484177059649692	-0.46554628072648735	0.048559239183032156	0.2873012318503998	0.3878046333655966	0.02462293222087929	-0.8564980536910817	-0.7071820948273644	0.21933033611802208	-0.7157416364974888	-0.35544164749308077	0.5708796033592907	0.02834517313141497	0.6637081186864333	-0.8186327347449754	-0.716370176452346
DTXSID7022754	10.843380684973821	-1.6540619994216748	-7.453428720698514	2.2694520407121326	7.258179674741519	-3.131892488923614	1.9351153155082799	4.624516764530946	-3.7312609449174396	0.8512098244859049	4.941619068553558	-2.2092439107634294	3.2222137542508764	-0.7542622892256292	3.073916748773872	-5.573837288236316	2.4516820539867243	-1.7016746886871796	-1.89351616043397	0.369262627481464	-2.7578357559887965	1.0799368057345098	5.14056310086542	-4.087659115583123	2.2097050611681954	9.171480141374849	-1.5551159632456426	4.854086837780543	-7.063318697180497	5.370559953371284	-0.34736143405060516	-3.707857603246489	0.9097329679209654	3.112863433416806	-3.095076483133049	-0.8298622535482131	2.82928959932059	-16.425603807084237	1.935876849409226	1.2395677299088141	-2.198560281507581	-2.137875405044142	2.4381282231451804	-1.1085443987839645	-9.022220267814479	28.838215655757622	8.492313460396229	-13.205838425924973	0.11678965229965091	14.63097556330278	-32.0820350112588	6.233826924188761	-17.60240118628411	-0.7437206270295587	-16.216161691486818	9.56296458597475	5.705421735983801	10.75801668943566	23.46043291767507	2.295059165389942	-1.0409485803939071	-6.224335270372228	-2.4037465438283885	-0.6742647624172909	5.286082930354637	-7.607617966970534	7.185033513253534	3.5422573578831766	1.4343583395419668	-3.500467374709134	1.0148543397198861	4.080552139807148	5.438696062632442	1.7028621028954471	1.983302714548108	3.1605062834494446	-1.4251424902331296	0.5920480936955163	-2.4616688777354936	2.9568813659519058	-0.04094384249612056	-0.2046983042831788	0.8893056723991366	-0.2964029623530244	1.3244529356449957	-0.25855509638468166	1.4089178983556854	0.7059578214783218	-1.5558268576034555	1.2430194612663594	-1.8993619446193708	-0.046971592066358724	0.5753212892270436	-0.876471712617966	-1.339969603057391	1.5933952001503546	0.6736524345599588	0.8035190652162995	-0.4692035078771264	-0.5040441888922592
DTXSID6027181	-4.601690528781318	0.6741473333773135	2.3145262928560792	0.20999987595485511	-1.3493237243509855	-0.08235794206014543	-0.5803318441135529	-1.0640674941630013	1.4696475937989728	-0.09412958525615574	0.5394164871588107	-0.38002772860059403	-0.2855483248389478	-1.1155521106084123	-0.009062060124841778	0.21053089297469785	0.48450666208474674	0.13615917549778286	-0.20622907753710787	-0.43834811223237463	0.1297178897722481	-0.20104069824110488	0.009529503569580294	-0.1073084234583164	0.018885360153128243	-0.41835506147962404	0.010705642232372116	-0.06564796375940002	-0.03983484130476035	-0.14243157210542903	-0.03531833508372955	0.47723683494982866	0.49759169231318573	0.06196581480755467	-0.4349199375960877	-0.19735731256074726	-0.2502254881087683	-0.11631853998445209	0.002665575674569569	-0.17674394487795683	0.15558041669971145	0.2593384230094	-0.4120922221461645	-0.13279576523811307	-0.5671136671710121	0.1656268455325909	-0.1264610884929993	-0.11852513747778598	-0.006197487131649964	0.06428671775830873	-0.033266130499279505	-0.029205026395260528	-0.046783530297516994	0.09710624303876284	0.017734985248036985	0.08895496078957078	0.3991191370459982	0.17103254843280893	-0.4493156967027229	0.013888133001512886	0.005911351138631284	0.2615374993807758	0.2178602393266555	-0.06274134874126007	-0.07901369882253248	-0.15319731644950169	-0.09699331823860291	0.09423706592217808	0.20592230679676513	-0.02183352822054913	-0.1009365313115701	0.1906986017683123	0.20988234995567462	-0.08784104367919622	-0.9248081936344293	0.2994226585429026	0.29088850916947245	0.4097813132557435	-0.026079374531157398	0.044324084428390184	0.21846546620427673	-0.6877618205157178	0.06370047947704859	0.27254167187168465	0.03696750765628127	-0.013230228184804804	-0.5924023081928883	0.4618557588849073	-8.321548415592477e-05	-0.056708027216608344	-0.4968201904608993	-0.12197584053716547	0.3113948682031262	0.19681172214605505	-0.38617885558236176	-0.21825264282795304	-0.03792704953942459	-0.0533751536669273	-0.14868035663182178	-0.20981091860974913
DTXSID0037570	-0.8729293946641212	2.4258084794853727	-2.777368391412038	2.8573050443999497	3.4549210693103127	-1.1630464898605857	2.552296448869647	2.981722106620548	2.120398349463713	-0.5604321809584415	-1.1710290803434729	-1.272731901266625	0.7316231262262667	-0.24267950204307878	0.7902030203471052	-0.673173448926606	-0.07841276409074721	0.4533528744685542	-0.3738760381557629	-0.46430402989379205	-1.6269545644670431	-1.3007796011327515	0.4707085058088295	0.3651997477993922	-1.2871752931977403	1.0128403244898365	0.6080102790593811	4.489789916162053	0.22930113468617286	1.062826068668666	-0.16918522264368355	-2.9355021637871825	0.0024562993123854637	0.12905874743718107	-2.011793720415337	1.3277750368805652	-0.3083882575926601	2.6929922075136257	0.08021563705024455	-0.8376570829657094	-2.8140328627649898	-0.5356522136149267	-1.9589365182086742	-1.4404973341966258	0.9484586445196641	-0.5119185620356601	1.0486700674144902	-0.14793940622065277	0.4252880094920055	0.9632038838201158	0.48916556311479975	1.236585671344709	0.3148522139822958	-0.4274921508447586	2.8488918441128277	-1.0088211922143138	1.7504106220696665	2.2523395392455385	2.0396790405994936	0.2956660538866877	-0.9351365921583568	-2.3750485093479914	0.8318996440476576	0.8358942826831233	-0.31574756239824914	-1.7288623941699273	0.016442409819032777	0.48154516938217445	0.011814178849608493	0.08054392674666658	-0.23049346287762545	0.17888920049111762	0.5824362960896735	1.8106310881371561	0.4720364697656639	-0.24968980759540624	-0.13060889120574834	-1.0047546799773135	-0.7290671346043504	0.11336629968899237	0.8299337961052855	0.3862805888614893	0.7983726387016408	-0.034861024884768305	0.05758200888385768	0.6386233713290245	-1.6650813051425464	-0.5419541394560756	0.8746574299759238	-0.7163473223704494	0.31290306527886264	-0.4235572372587279	0.9717778896282369	-0.5722339402026821	-0.2954052856115679	0.2706864501112675	0.8563758300974703	0.21192784120406505	0.17666021893526715	0.09140772032329947
DTXSID5027932	10.41804876987075	0.3054330744363194	0.037316887499194366	-6.391304380711411	-1.244878421555741	-4.857027263767497	0.01769900270394529	-0.3775785307446371	-0.942637570058646	1.8728793706586533	0.17271043078272907	2.082102218199312	0.892617428135758	-1.1374108964942329	-2.0169764945209967	0.8215529530007681	-0.35706928931509946	0.6293300231125111	-0.5502626378410819	-0.8181224528271009	0.6312598355694962	-0.7257615702031577	0.04825407166039173	0.37061063129927524	-1.8458700694170398	0.45983872728843245	0.223391734318179	0.036552241408439365	0.9524493767761522	-0.10618022475648962	3.415562240090799	-1.6321335515380897	-0.9878004054043	-0.8230891077379086	-0.5157893968467663	0.8567576952322565	-0.5455346799874072	1.0454495688142427	-0.22085675345545908	0.39625525582674354	0.036576188406373986	0.30809828194455596	-0.32771239743344727	0.4098150281410597	-0.044556477016346026	0.1534659870078532	0.7220023159770794	-0.3314364670098284	-0.6713179753095518	-0.22815110404974773	-0.3596910187480821	-0.3921166953801931	-0.6718625220471048	-0.026106113123860807	-0.6716157078901561	-0.16044692606237498	-0.276159422592044	-0.0669807327552777	-1.0561601434098034	-0.3243133380855993	1.1515368810463498	-0.2516764503954386	0.1474635604995297	1.1511968196632818	-0.2789362975860539	-0.6547811001682878	-0.17431551698297335	0.37102460953193206	-0.6854866028674947	-1.5962109252312928	-0.8507561060589969	-0.03340206914106025	-0.9610594926306271	-0.9240527322800084	1.9296945959282206	-0.0928799470763324	-0.896044353211677	1.0685194715830044	0.8100880079594421	0.26686237829305876	-0.6040806965169675	2.0682521769035076	-0.9546442322070832	-0.08143431639546099	0.7666910875457481	0.014993322594113363	0.6675622606059206	0.5969214642441246	-0.7215439968535118	1.0078639854845282	0.3556436478164217	-0.4237275629869728	1.2835857762235827	-0.2999791345269709	-0.3212124338453546	-1.4416892022182848	-1.840166870729466	-0.5943680671571225	-0.638089476664343	-0.5796180912218535
DTXSID1026615	-1.0106313017486814	-1.7179004926774895	0.30655377666213307	-1.9486852898251268	1.315239635656228	-1.8042808820219485	-2.137536802513438	0.1623658245258339	-0.18334760817732965	-2.2437611588085478	-0.564187417442148	-0.3716603748114365	-1.7119772069283823	1.8218794129843099	-1.2265866947878852	0.2965636524167818	-0.2073313107440703	-0.7425669533311897	0.14206579752091064	-0.19513986722770074	0.33692209803309997	0.2086578802151942	-0.6246990148210892	-1.0629703283982406	1.0404650934330568	-1.0856812526271218	-1.4098813118294982	0.30514567643626733	-0.09783643711566067	-0.490138646637894	-0.8680114469456351	0.6055963367141514	0.6333052866133412	-0.18457304148853512	-0.49302359041306054	-0.2551549167811206	-0.034774395712842174	-0.5754918773778614	-0.296726865446652	-0.5697548582636859	0.30397488245953547	-0.6499125357964842	-0.12220261314533878	-0.16600957781085582	-0.3032880325228345	0.17656248477870803	-0.19007858443347164	0.5483468370381575	0.13254739095948956	0.2026291293431226	-0.2914904477221558	-0.23528849406186228	0.16890557384771812	-0.18145047525479943	0.30541078264291877	0.35232523415253375	-0.29398875871141833	0.12115916552228098	-0.17689704853335234	0.006338029622726306	-0.7233594245177208	0.2126525650354066	0.8600324329750572	1.068404153106707	-0.3326489805365343	-1.4094088202036053	0.33173946000855087	-0.3585825387372965	-0.31888202386310666	0.14705942353966867	0.4972833357653698	0.3738523153623646	0.3819709064501629	0.03582589705323309	-1.9500162016903326	0.18973373411083372	-0.5654968286897165	-0.34887118763687863	0.4610014340344019	-0.10086167777206646	0.248943245994115	-0.06784690150800385	1.0495644780366769	-0.3597762754180624	-0.2813457275155133	-0.24228731835708403	-0.31626603473938125	-0.9059987395499682	-0.2648488659818767	0.5661916479960336	-0.012293436868196722	0.5056970374876664	-0.0822058884639727	0.40922688766516097	-0.26611219715545725	0.11034865596874588	0.21234567878946797	0.5338831471885152	0.2665601429902035	0.08749757139510278
DTXSID6027426	10.488659482071231	-1.4762830488451266	-8.512588287448775	-17.203541621741373	4.829144709886155	14.015742410365563	2.991390502716936	-6.7146214287506005	11.415438820687783	-0.09396564704492068	4.347451937159909	-0.30636566936035764	4.273067182908274	8.947365619481369	1.029362922279409	2.5837963872895857	-2.5836795355628577	0.9254756246266764	1.8002250623119223	-2.384815799824003	-1.369774929026242	0.8658632823713234	1.853171064856096	0.3201298770419706	-0.265053300480167	0.9248626586873623	-0.4985692398278407	0.24052597603460113	0.2742779923276581	-1.5804581989620705	0.5296370851952271	-1.5157514413835667	-0.7539576109881079	0.18328106184597445	-0.5839335937214448	-1.7811669614751107	-0.72948880922934	0.6828375567514269	-0.17135528805561537	2.0861455141823817	1.2693472057513047	1.2625993525666528	0.32164183436095617	-0.4539875372981747	-0.23020828377248123	0.9601396406078039	-1.480660608330486	0.5129427504109608	-0.4585921125430646	-0.138706671022035	-0.11388734729758303	-0.3005094704238257	-0.2453992507929187	0.6345875624013776	-0.14051170312200445	0.313253083442776	1.236296714155887	1.9102195146485133	-1.5589662045165242	-1.0245392961367836	0.12606585127472664	-0.3678627822043706	-0.8235279861312443	-0.5239605609485938	0.5896361544659484	-0.44017400670405155	0.47013504622224234	-1.3806158975676377	-0.755445324006308	-1.5890990241342158	0.5383355965673969	1.07945757377176	-1.87788705381773	-1.2308175330613011	1.863385856412766	-1.4590925888080741	0.37950675338793477	0.4522403471312879	0.1122041567834335	0.4928620959566508	0.3111473783851073	1.4462028845425874	-0.018850793779086206	0.8998261671383899	0.0617658570605284	-0.45110608367180804	-0.20418842852156646	-0.9546599068382722	-0.1853087160055474	0.5627494400970119	-0.24082727801724735	1.510647820567504	0.6834746825396901	-1.1756661173468284	-0.37388776064497564	-0.20823524840777086	-0.5786143334557529	0.17955205797729318	-0.10150052540439303	-0.04394947610617805
DTXSID3046536	-3.585709281250801	-4.613325114527791	-1.6220258255576738	0.7549851496181968	0.13445754066226925	-0.2520185702513623	-0.8221385734947775	0.5490519090213882	-1.2565674593413299	-0.5695628934668774	1.610797314115903	-1.1490392385987223	0.5406646684817354	0.0704532866259282	2.9058858950015916	-1.6362843973639305	0.8107407793962267	-0.7829306304138317	-0.2169115857592011	1.3572584196156834	1.4228372693536777	-0.47801305282204937	1.8179843938918894	0.38667722974402674	-1.2991623075402368	1.936536480382042	-0.3789768741020861	0.7652351921290492	-2.805451442542326	1.5354393238914712	0.6845932980582327	-0.48868015597653924	0.04865864028779786	1.0557750876867789	-0.4420516012897661	-0.44301335924972535	0.20875885964428004	-1.586186154681956	-0.15024151084262452	0.24769894112912122	-1.2602729009343574	0.05580576023295334	1.1749137071899614	-0.44128686899884906	-0.9116502881209909	1.4455764842523784	0.21537013903047564	-0.02486781579502943	0.05745774577714729	0.5425817195330608	-0.35019034502246765	0.31530967186407843	0.48689032662025084	-0.5186929793134119	-0.3786305302418255	0.22674732695587627	-0.09034716824750318	-1.517618039163234	-2.118383247976313	-0.44032418489232444	0.006866220190049873	-1.0387941055974093	1.9665955350086206	-0.27616185108237196	-0.17533403249428112	1.139200584217761	-2.159518879367573	-1.1921850613745129	-1.1389237381224893	1.3657073181214099	-1.1801543026661974	-2.75509566707142	-1.4472238101547583	1.9084194562551025	-1.7396964772340304	-1.4256067817241151	0.9847230482543233	-0.5823005716153314	-1.1640361036014466	-0.864363474912282	-1.093411899245644	0.00565540385318445	0.3795801796502278	-1.0172249111169438	-0.4247272694933757	-2.147042836415553	0.5153743619256484	0.5878838456775304	0.3010783620724036	0.07751161147477448	0.49095610582131555	0.8525761953283135	0.027823681325087238	0.5113140461666309	0.10546796475270605	0.24841756387864142	1.0849792532758282	0.39041623536491643	0.9807284667050489	0.037964088180108935
DTXSID6049355	-0.7278479056404408	-0.19112900683210107	5.544794747405692	-5.814855041905135	-1.9497723001218876	-2.252361870126843	0.8857182427292233	0.14709376061701826	1.0325377797388513	0.9415638024132242	0.7719217911560555	0.7082025037780582	2.0950269930480254	-2.749976769244751	-2.888375465183951	-0.8270082772971525	-0.5377018264289517	-1.226342399188609	-0.06888896272573083	0.9437531353996028	-0.2640089517188311	0.7892921619286655	-0.22567203031614355	-0.13387723210044786	-0.9342510076384025	0.3320580650352471	1.219420496828808	0.5183807138853225	0.38015084366241186	0.9966396446053116	1.1248175401778522	-1.0454962515744168	-0.03309316863278859	-0.44055497530153565	0.33180100928592576	0.3072433089590029	-0.7609243606586956	0.009777592281905546	0.258923206308535	0.5891309029323363	0.12457636422765567	0.29343329854332195	-0.23658318253272229	0.053824205192468916	0.07080179172347942	-0.0478042241963328	0.45176187126281886	-0.2751931310576869	0.09339654020393943	-0.41807135595531014	0.1527156984303537	-0.06312308917795045	-0.07433833262999354	0.2831390143517427	-0.004464382761229988	0.05029088798026661	-0.054668497701917916	0.2065825251620421	0.03633810861572618	-0.3548235673782399	0.1934371918894908	-0.44962623879825553	-0.5292794950348513	-0.18112302124509166	0.3686611432317951	0.7467606242329716	-0.41132165753898364	0.6345671389771724	-0.2605706755914304	0.22866259778630194	0.3743347796899703	0.25898163765014837	0.19234969063383708	-0.11654526251506044	0.06425457117620562	0.05312877930967662	-0.0853519249276688	0.1788777350645424	-0.04369389884847499	0.09090168095554077	0.44588999810797864	-0.271134077142317	-0.15277648547387987	-0.4564705857194586	0.2081251342490178	0.253160895035235	-0.34430253099898694	-0.7803568725998283	0.10778240670491351	-0.0017802219904967742	-0.010207973154846336	0.021138916122861964	0.21729672366487615	0.007346210008326091	0.38857704181710834	0.21438274297326684	0.21410637869300997	0.6642310681215429	0.3047844485252245	-0.3066438792545419
DTXSID8046664	3.1916354180311544	-0.4827057555139548	-3.0196516225117214	4.149765871788747	6.8666917918706325	-2.5433484355510987	0.007379853780550317	5.088350621841558	4.341338085262068	1.1618859912013824	-2.715353203592192	-1.0224212711721643	0.267887647181526	-0.20297668872853267	0.7852842846147837	-2.281520817613355	-1.6152858214673427	-1.0708295308227365	0.7830184624694779	2.9628776303842757	0.015684384665449167	0.2872344704382615	1.1185401312473922	-0.3379610042593399	0.10964493648668212	1.0007913409147262	-1.086270624280767	-2.2073707911657667	-0.8806775645485792	0.38683311807453236	0.951140635662445	0.15060019495385363	-0.1543717659967959	-1.0526650136393443	0.26956793101572807	-0.3225310726576816	1.731298693657776	0.27429069748926266	-0.30962657089062673	-0.05216527138192015	0.6065113605878731	1.3676311040943556	-0.40242067333791887	1.4050513091418788	0.28147975979930007	0.1791693241793799	0.588997727389334	-0.8258596504387119	-0.23696530231372723	-0.2587344963485054	0.129141726502672	-0.02851238581207969	-0.7355820225906339	0.43275347341410075	-0.5644182430924661	-0.9787579039945505	-0.3678390572950818	0.8174468292070748	-1.6009241384481083	0.9212465842439971	0.2122625225190131	2.1317905622828883	-1.0011038206278926	0.49376319809093416	-0.5162002713067603	-1.2693389840033655	-0.20112431477588047	1.5150214593591447	-0.061579167738664384	-0.664145957849763	1.4517905557076272	0.42610551811760616	-0.05405157756800409	-1.7165852363933394	1.1750026614519697	-2.119162559309997	-1.710336994007329	0.8920699585918163	-1.8942439667491189	0.21276673837005552	1.0994773821743515	-2.4002653744979296	0.7042206689670305	0.8479111186273008	-0.5823535373448852	-3.6625183851837972	0.7216320057921767	0.3027573467764928	-0.24262409606256657	-0.6216537127298255	0.656269317972777	0.12539827914786866	-0.03778960145074283	1.0511515920983523	0.284494889256087	-1.1266383502709945	-0.09668912726458818	0.09764193289822806	0.5146182943280664	0.4169813838392829
DTXSID7020211	0.6307508600577482	0.8397989801777229	1.726436334869797	-0.19394630963186574	-2.904209284245972	-0.7089206610430363	-2.4202352680576236	-2.9408295395036186	-0.19064958148574382	0.14653556426198613	-3.4442379373762795	-0.746019098255885	4.368941482256644	-0.6023219112694088	0.6586798793340493	-0.13316217499790323	-1.3820312736925728	0.8228711227158946	-0.8573175795685265	-0.5785135629636459	0.35188270904831725	0.40929856757290145	-0.0034215082676027158	-1.3875183037469998	1.2501081190566197	0.08408092300456661	-0.7476458472404733	-0.8911792782002056	-0.2874675037405936	-0.5335630756458396	-1.2227108966283364	0.381681673496505	0.12795419462657623	0.5322644250590198	-0.44690151806034367	0.27154213917351167	-0.6509779883349568	0.48713968970530486	-0.5453826808411942	-0.47200201479017995	0.5291494791766425	0.07832315308948413	-0.19154117652247588	-0.6283250215433763	-0.05217906621128629	0.0644742983872803	-0.8169223892770072	-0.2824657402570632	0.09150924695031666	0.04415248600082538	-0.07792751414348037	-0.43014013081279684	0.3217942889934092	0.10644614126471204	-0.04334236235656014	0.23107160786869577	0.6831633492182122	0.41911159505464524	0.028541099195516416	0.4241065243370191	-0.41443214373773674	0.5628908815184138	0.11294650793047342	0.36447378536395963	-0.08979205884657752	-0.7685802757614374	0.0872818447018204	0.024540454346480417	0.9572393770321797	0.18255839761017428	-0.19225141870021972	-0.4917686048821211	0.8316207304732873	0.07779020061595487	-0.4471857560737423	0.1967476294364692	1.1442725400998301	0.7052051146968347	0.18807578955305668	-0.4447542130579578	-0.5667859118632209	-1.5316570359867827	-0.0715561130523822	0.49102225607587385	0.33177158140914925	0.6436425980357223	-0.20516887661254513	0.18887052040967867	-0.0929223436997576	-0.36488575564473363	0.3576186486907524	0.2171156041864235	0.6057892407546539	0.6337067655712991	-0.6280642556527504	0.17233651984525775	0.298822769154977	-0.36627569406376753	-0.5854699154713229	1.057849952068094
DTXSID5048689	20.07637483048058	0.1799290758776744	-0.1568719620906151	7.1051914456295675	5.416974306063599	-4.271417017144112	7.250869912502018	5.5405276706637965	4.9179181453703205	-2.4117206575680914	-1.0099037454372213	0.05009671679614304	0.796126035134372	-2.664777331308864	5.732972500154684	0.9527128774018548	-6.34610989623314	-0.038877798560360374	1.9133739788776845	2.4906756004352766	4.110424577722143	1.9095490379523266	2.762133931678281	-0.26790474264012254	0.6458874189710742	2.2793085817026575	-1.468182218599965	-3.1560011238724304	-2.54115913432319	-2.0568209532094937	0.3154833314575856	-0.9631439354628709	-0.22068621966118024	-3.157464530876761	0.21795796052164032	-1.709521478057291	0.7901481804023931	-1.3244156824889135	4.363245993595276	1.0499609704662614	2.035128111512547	-0.497575404820869	-0.9711660255283608	0.9786141588980721	0.13767278321365697	-2.299732548018203	-1.9018720154476694	-0.4875199462500686	0.013681987835580112	-0.5172198361067912	0.3655599623655623	-2.0497783788226127	-0.8378260859989861	1.1558285276350757	-1.7246128000098093	1.697967023532551	0.7455461038802039	3.6239172420251275	-0.04071467660354255	-0.2049458301124779	4.76427309572888	2.323387439253026	2.0737756195533317	-1.4590463637296274	-2.083339536099666	-0.3429633269824821	-0.7851715842849994	2.6970634311530604	-1.0859147057319052	-1.2875896480785005	2.987999362067759	0.11494768494872333	-0.2321012369196377	-0.3893273860555322	1.0916474336380821	-2.625193565529901	-1.6046151834174407	-0.1522768071546067	0.8258618765654642	-0.8444165624264712	3.3191792061973415	-0.4998152942762699	-0.7467803445549704	1.3901397857090587	-0.5930638433397775	0.640833094468167	-2.329831768821844	-1.9636000748688345	-0.5568327797383128	2.364437062271271	0.09229305589202262	1.526578464282361	0.5163045606862977	-2.217916367348712	-2.2614103321976984	3.069091479487725	0.6580716799716876	1.6652904276255283	-0.16603597495039787	-0.5993437402823469
DTXSID6040404	2.686737734142144	1.221660120169821	5.321063173668152	-0.5785999227471328	1.1035399580744358	-1.480654040807923	-0.4163232437672918	-1.3554701862692533	-0.8875514260026836	0.9677421673489339	3.4737160991206557	-1.392190498772846	2.122787127689752	-0.873595624511631	0.6042372909114411	-1.2744636383207286	1.5728711824545096	0.34239903966652413	-0.5914610151471102	-0.7715138336668854	-0.5253440417468855	-0.5991085488515097	2.274595260125061	0.5120033696522482	-0.16751320604302397	-0.9541141438333897	0.8671687110591204	-0.5142160999082676	-0.36114642030686533	0.7150362157322108	-0.044262006757791586	1.5338680282162236	2.239342055542935	0.4348082429661272	-3.200147719049171	-1.5448198555608932	1.0425025578683245	-3.074370111152466	-1.0396452014026105	-1.2216750266891119	0.5720620301698531	-0.8566013647251467	0.013129537801741012	0.9983640305989465	0.7008138868294513	-1.6841446739837735	-0.6264313841338305	-1.1240057996737032	-0.013271128231401563	0.24217762324009295	-0.18427081468192283	-1.798220767366118	0.4186493691964154	0.026767872932690624	0.44311580564163494	1.104286491487866	0.6514798853647986	-0.9997922452285348	0.44110277474874127	1.087039525081609	-1.4722593154068524	0.5081622352438085	-0.12145337674902085	2.5582386598385636	-2.046837235380068	-0.35441819880673087	1.4240307438799789	-1.737896685398395	0.3229102704911576	-1.1937750911524583	-0.4804251199766912	-0.8188226038356209	-0.030925309775855097	0.8498765962438112	2.5201516632933694	-1.162754927017603	0.7622807074487568	-0.2521029525667181	0.6046024428733546	-0.04626503731767551	0.3779637173395775	0.9380609178236923	-0.29729157653992594	-0.020301409602833363	0.05186822848724013	0.16825977696501843	-0.3712232180296154	-0.47249365419598266	0.4964776547796762	-0.2373140023642294	0.623580807597738	0.2533620645701667	-0.1587422988548959	0.5213376346972777	-0.2810133872016126	0.310097240974053	-0.26268414423070524	0.08269887106161712	-0.1307644556979714	-0.25749806668287667
DTXSID1034187	4.934240378392883	8.411816455591094	2.432111605911893	0.3936516091031186	-3.9385206851236547	-2.8348982809917898	-0.7207594649012221	-0.5281788963797865	2.439893872832513	-0.3619182079438311	1.7101507438743075	-0.031597458193061055	-0.4742012911524468	-0.46625255943214977	1.3153301659495806	1.6007178038882075	-1.3827277643213194	0.34379749231252765	-0.4028736017391509	-1.0882867394494018	-0.6890847216183229	-0.5393547247352093	0.12133866503887694	-0.006526118988046265	-1.4388887633194924	-0.7323995479020307	0.7065450248664229	0.8675719591751312	-0.510561241706457	-0.995581540222622	-0.3040049728330687	1.3140823126238639	2.3845361753060357	1.059765813732918	-1.5439536270716394	-2.7041817663724603	-0.8102342673656954	-0.889923912431348	-0.14707557035719065	-0.35603932745815065	0.7880381357306223	1.1032095187114914	0.12332414726102531	-0.9691485251794374	-0.5077941483760703	0.787402457586874	-0.7884078816654826	0.7976940636554488	0.11445747503617977	0.0571324807932676	-0.21085916979775554	-0.21919807730228794	0.2024212971799687	0.5734035063223153	0.5201065443077919	1.1641361996323536	1.3810234663154766	1.5327379551624511	-1.2474237708636013	-0.11938377658847285	-0.2428449055837009	0.0793593886135332	-0.7180100711704931	-0.7084616849047771	0.1267978657789055	-0.2214039309373576	0.012392280575391098	-0.9676726662554999	-0.40680342611459575	-0.121729474030932	1.342931016383034	0.9702923371682428	-1.555095818775653	-1.2788707460068225	-0.9277483741059283	0.06566772918677818	-0.5385716499605321	0.4181522499037099	-0.42750358696655916	0.615743633952444	0.5349458471453825	0.2782775103111053	0.1940770545955315	0.899226912834933	0.45353592462524556	-0.13593847759845362	-0.947104794509637	0.6724496814704983	-0.15865467682581688	0.09310627482043916	-0.7506322265109797	0.10699240258916319	-0.042316810834889466	-0.039236545079885235	0.06226842313798407	-0.11454177294157716	-0.021311249084509255	-0.3203639028769597	-0.09979804893931672	-0.06815142294727082
DTXSID5046439	3.9634422458925456	1.7838985463314665	-4.171453967310086	2.0178992561358204	1.9114327661228743	-0.6844085073185431	-3.5146525573063157	-4.667585458772646	-3.5414758418385053	-0.919165845610001	-7.651887495480408	5.897227210191452	9.57190851687364	0.853563786959356	3.4102824230907824	2.515364931786836	-1.6121831021919224	-2.096154381049604	-0.7655578696694137	2.064891127251367	-1.1505967803924375	0.4796299427891315	0.1993044646972985	-1.52901967760206	0.4675948305769781	1.8144627420195254	-0.8218231596253173	-0.31914597194570893	-2.0268256590399774	-0.7551311977179613	-0.687265648946641	0.4416606768278399	0.5326540125760489	0.7441575941586669	-0.7476955648784335	-2.9336574343138193	-2.4120928188406605	0.9024467151857445	-1.0090073489080957	1.4892203168448994	1.2636355963857602	0.6997831566717608	-0.5300691479505129	-0.5833754204644208	1.5477185633772803	-1.05939805927078	-0.7401901191270324	0.1405788360256286	0.35994625597222546	-0.18758625086640618	0.13824238549191437	-1.0856009918416307	0.17594690389466577	0.6359994638203817	-0.8130283714643387	1.2821517708030925	1.0818942442556854	2.002999624918516	0.6514327766195115	-0.3492864467410183	0.6116583584863208	-1.3008789188841845	-1.6219080768649143	0.9963396727330012	0.42717892180205913	-1.336296406319259	-0.34278253054626157	-0.947281692850373	0.3258386822684396	0.9565539590271659	0.2956883298110928	0.5881014926739067	-1.4850615979664037	-2.0563398988631674	-0.007939989135859025	-1.6558372526096572	-0.29163110752929366	-1.3874554055921242	0.05080920975975827	0.408392908000681	0.9312264902339793	-0.2634621227778241	0.31978548881121077	-0.583440346555403	0.33344742816189576	-0.23879102655394172	-0.5297717372908107	1.0959825557918847	-1.7885332565123708	-0.24316745165352652	0.1800897787793197	-0.1883656278240202	0.27826354549561183	-0.5160792389415516	0.5177920267904484	1.2781496050569667	-0.6078904526072865	-0.2452763064056789	-0.021055126463031565	0.7033111177378324
DTXSID5045380	6.398109262123095	-2.2429564534824618	-3.977104161384558	1.2868518079648934	2.383279507921829	-1.1848927387316965	3.463325161414975	2.3413358345556365	-0.0018282167891160806	-3.420839250073277	-1.0877180987707982	4.0194821221213894	-1.7533386555512718	1.7313766435187483	2.933769769456821	-1.4790310074458137	0.2877400502397527	-2.555358874731084	0.49852807405338423	1.3291229975928187	-0.7442399532775953	-0.4753293575872621	3.049516590013506	-1.107196605545521	0.6519184094912982	1.3072839717897433	-0.2487935232354072	5.9915360965423226	5.108742995514477	-1.965129861755046	2.6174585269340387	2.7148518529252583	-1.3551633074709377	5.323379168593237	-5.386361804499272	4.700392831395443	-2.559189178256012	1.04512733898254	5.910867887416307	3.459160702944345	2.3282146661656546	2.3983184279201883	-2.2364661264382626	-3.876066882560147	4.940238006409693	0.4525571942892357	-4.9844891371106765	0.048854431474578824	-3.991101157490671	6.815700845351484	-2.587747428580739	-5.060238424470302	1.7604600475831325	-6.8837735895901115	-1.9448253696687692	3.384255834869528	-3.2510720837215343	-4.691725863552612	-2.1174581787543647	-0.21348460760180182	-3.4116860154977946	4.484310102720183	-4.795670613970073	-1.1051001345337923	1.7885416509502168	4.159509398829276	0.6290719817550857	4.233871510197903	-0.37066660282331193	1.1644258867157855	-0.37387539275356474	-1.9323973331148117	1.5722681148734035	-3.5779043433555358	1.2271088566679802	2.896476285790507	-0.5415091377838049	-0.3566448940288758	-1.4571445091255681	-2.4048943398976705	3.6977993156461575	1.4615350566773915	0.8569362956154394	-1.04760605319759	-0.059333387676408646	0.446412650372705	-2.2563712063328105	1.5149213574347382	-1.0591127305219679	-0.2824663270190432	0.98442019577189	0.1852374495709668	0.03625500145971777	0.5720722674700787	1.0861533014996954	-1.54812065103443	1.109499747029245	0.29573218445566657	-0.10917971773242062	0.11905285793543219
DTXSID7044130	0.4543239466048193	2.5392322382097947	-4.694511015001243	0.6046420352156038	1.5334537092436349	-0.8762612530832231	3.7182837489033935	-1.5214731013984595	0.6164548994381419	2.6302462099723547	-0.11574764895196725	-0.8733485372421415	-1.351647825126723	0.7380489678549726	-0.92353771227689	-2.6684503163264104	1.2296705118370788	0.489209729485997	-1.8775553243214944	0.544734365799264	1.951224539662543	0.00685618765982088	-1.7099657294593569	0.03778315416580494	1.5762131106553134	0.10064669236533859	0.779466555261791	0.8553164571970414	-0.06884551637613137	0.07036095199255833	0.21586713028240195	0.17213778363192928	0.3238120544720469	-1.4297497923616858	-0.6157668269402767	-0.7024378604853807	-1.139315266202508	-0.6134991263194483	-0.35737007662855613	-0.2148351253788717	1.1132308957625399	1.1028340281008764	0.22944604117279574	0.27094766952064087	0.5005232211816122	0.13939784308772926	-0.47235579859132065	0.33245550356431386	-0.35992974593921917	-0.7392520896047745	-0.26595540448632354	-0.5809623615105984	0.34113875685579903	0.45200796598183657	-0.5938994090081091	-1.0703394660679137	0.17523145149357833	-0.23645534811536392	-0.07552141583745166	-0.6492078121779149	-0.7398827593951723	-0.8082457089143736	-0.31205288203596016	1.0601778054770685	0.23225149241696846	-0.8712194892930236	-0.23319874185156636	0.26335099646543797	-0.03965508854261163	-0.8325308421211485	0.429412137772256	-0.1642917984639394	0.5081300555151557	-0.09593004330981758	-0.30032959371304707	0.5371445182110839	0.5777433115110915	0.8132318643246879	-0.0027037716329284278	0.43058162688410684	-0.7541158313927756	0.20145817152462334	-0.3777117146026472	-0.5832096292703631	0.29802477060953353	-0.27317235981125043	-0.20816397543801776	-1.2353039150513032	-0.2789563457931831	0.4535700034123426	-0.497935948843184	0.4723754194187032	-0.6929204568639403	-0.16904061625634065	-0.32423016455643605	0.2305732723024312	-0.9390047587628779	-0.2518132481470052	-0.014998973346019689	-0.25715562767521843
DTXSID7049425	-3.9060114135638453	-0.9862298850625004	-1.995292419640274	0.9169392907776309	-1.1603462093500356	1.3072623871419722	0.5089674383425058	-2.8284140451899793	-1.7576274862877073	1.5715010183715064	0.5774489444494396	5.124165355348134	5.149525990209516	1.7763782073342802	2.042608051226644	13.907938109733017	11.953941103879208	-9.494409254299615	2.771763438412841	8.844959123957173	-4.184446144070091	-3.823105790827331	-6.4426563655624545	-2.0379603045505035	-0.5593195916051172	2.07218134923004	-3.822331146237511	-1.6517471733612095	-4.428035436585162	2.538397034043256	2.386810148502896	1.0810716190579588	1.834297059506984	-0.6083230609735096	0.6844215320102375	-3.82836249472506	-1.992777847058755	1.8889352682303644	-0.5394167409432379	0.6308265487252938	3.4556829366622646	-1.6408117165626628	-2.1788828370346556	-0.026244885058509294	3.44246131290982	-5.1409401748850305	-2.2725027420039794	0.4898196627538994	0.9663532542320015	-1.8714822949759644	0.460623274996595	-1.60703920970664	-1.8645826697883732	0.33580619435285564	-2.2725155598077826	1.8561936682178217	1.1408506365510986	1.1768357224400314	5.939098680529953	0.22599680542358902	-0.16722295322508457	-3.234388761399379	-4.641894483629368	2.814151921581497	-0.5647585157757192	-2.396181194880885	0.16062396938589152	3.1138657897595263	-0.10749853540931527	1.3493481145953985	-2.337080462105996	-1.5899328656297198	-2.3964853679163864	-3.2692720998843137	-2.1459188794994555	-0.4711817010832702	1.7633398675145104	-1.2788884747559686	0.3070077770515826	2.032020851930385	1.5707048794907092	0.021637323896444082	2.203489201745075	0.2656050041811715	-0.09843255214358652	-0.7355019179132506	0.09879075697255074	-0.24677508310341473	0.6897525772366645	1.2215926140564508	1.2105582919230138	0.24885094198074745	-0.17755930774546627	0.33674060557864294	0.3082583553101289	1.1977638657083338	0.4377960075800678	0.042578159693109185	1.8267483374478077	0.08421307565669076
DTXSID2044717	-0.0964890939454044	4.099291322286186	0.44968875824293775	-0.22996019118903563	-2.3058663732516136	0.0240866510613827	-1.8920233454554876	0.20100356743076817	1.514595350034786	-0.4250557758135767	1.193008419971714	-0.7423689806934275	-1.7385827677888148	-1.048855647796797	0.2703588995203414	1.4421404578979224	-0.276313947710809	0.8161862972222216	-0.7655332546539988	-0.5593806285609472	0.18295937096002993	-0.3757901521316474	-0.978583816303514	-0.5774020135633271	0.3734376858973603	0.24111871439116703	0.22294019639752938	-0.3156063975724571	-0.10184249432738621	-0.14162963756020708	-0.10003503210299756	-0.7107614731591297	-1.0077544343447125	0.370520809510279	-0.32318565872507465	-0.3651284990282233	-0.6280923282224364	-0.10999850413033477	0.0249577921301756	0.37568963793126925	0.021354642638343035	0.20056941873512996	0.10846196524594609	0.4497097935145666	-0.20393877433573596	-0.08497417073003946	0.16714427989783276	-0.14510719920138165	-0.2807607032639648	-0.009791139773158958	-0.09491915330149432	-0.021780530172012393	0.09104733771827456	-0.2697824925621619	-0.05913622073882136	-0.7340024541570808	-0.11658602340247327	0.01948682415839891	-0.19758081266807428	-0.4874785864043764	0.3830581966530013	0.17597651689882604	-0.39530146031601193	1.0611977834929005	0.38300018625250326	-0.0981309032336184	-0.25406409364895793	0.006398323389887571	-0.13743643191036162	-1.0662394003761426	-0.5125283530331839	-0.36680999925519003	0.4640208163361347	-0.016735788399158805	0.041534796091022924	0.5309079309916598	0.10452119643855481	-0.04164931069626837	-0.012426290876115943	0.2548443076536452	0.31455129136117116	-0.3881692879613862	0.35273587348391006	-0.2703952175742728	0.22038668810840378	0.07375090689289318	0.006172366644532021	0.6479673283485307	0.3179172013428702	-0.6110327443579988	-0.6317954088064395	-0.4223679840105082	0.792710161390773	0.3174841078467412	-0.2769520848374345	0.30436109705631553	0.4739640130564682	0.5567830674010865	0.3162679998196484	-0.06246959489050648
DTXSID6024414	-3.7629999977968502	0.5610187932138159	-0.06443113761366655	1.2045356969115173	1.4970822583384054	-0.725370638188225	-0.78512602766447	0.31983448359224476	1.9481086437716373	0.5587542628533265	-0.3723463778957924	-0.6260798470256772	-0.005070437920972368	-0.14675177055493122	0.312474410857212	0.2948240525090999	0.20880296447075314	0.24888340426678787	-0.5684360072822683	-0.5208681641654517	-0.01188596360997001	-0.3386226214694749	0.49043604166186594	-0.06284800101377688	0.6693857902781788	-0.18716961227421133	0.12881110861145553	-0.6023176342543425	-0.330168458888085	0.3065477016495704	-0.8163939026856956	0.036276643246333715	0.20611757120484417	-0.2552119207575308	1.0434357982643008	0.5754591197757486	-0.4828532647240062	-0.007245889380843501	0.21877025678998538	0.3309946070038786	0.09270455049756271	0.4833378644038905	-0.11809337380862564	0.6116525589000241	0.13595867791016056	0.11811393646240952	0.28403757619657943	-0.3101932453911972	0.00026429040207481976	0.2743321537382397	0.28361054982486567	-0.0011817631211281942	0.4061298817512131	0.03313136067833047	-0.10580890788785852	-0.25812874816663056	-0.2307685291408871	-0.07263385512149649	0.2309955632911041	0.11879925240661085	0.2678869526218482	0.14480835246238366	-0.25749503875783086	0.16643258664927552	0.08686317480634792	0.09469457978655542	-0.12825557651282246	0.7691271606242451	0.5470372460703877	0.5629140723695079	-0.1369348053693937	0.36992936039593927	-0.2781307215837567	1.2719775626679481	0.22511974022121126	-0.0743497151742738	-0.5946457065029512	0.014145836582465992	-0.07379886491715844	-0.3383946966926786	0.6244923890301051	0.031453331838025254	0.6836338099847253	-0.22238528011100367	-0.32837379734460154	0.11019652259391026	0.5238392982875033	-0.43829796684544176	-0.45470837405892645	0.1330018952833021	0.4323284799502712	-0.5878512670459276	0.04120526472410951	0.017079671520909837	-0.07806541625287082	0.021477806307262978	-0.16367655217040597	0.07122067501786944	0.1579936817271848	-0.4762909440726488
DTXSID30891564	1.4642533776335316	-2.3904447708864853	-4.667701120446762	-9.101932951268399	2.635585899109954	8.248966202356812	0.6315943453983683	-3.8884566065889463	6.259864845284721	0.17380329338804806	2.0749710491189135	0.048229977967256366	2.124504253327818	4.120376582330943	0.04054548180326107	1.4543890674453335	-1.247131617620893	0.7422719383489146	1.669483722856228	-1.25348230336232	-0.5904028017215508	0.6577158221782319	0.8336740503978216	-0.4284322658365889	0.9368617892607953	0.4811758571760222	-0.8847603502553947	-0.20320073490000573	0.24645704348772954	-0.43995860558716204	1.3853818156831332	-0.743126794998486	-0.44842689355760534	0.2811340224783385	0.3131541279064298	-0.05667292647258305	0.21302974316676127	0.38557115659945496	0.0733025001885379	0.5932075013030198	0.40355143410723204	0.17209100250102186	-0.27110986748263005	-0.20482643163149894	-0.2575526525078594	0.2679934423424107	-0.516613658104965	-0.4245595893366969	-0.22554890042720618	-0.020858292903697614	0.046734795693408625	-0.1319625428587196	-0.3111058883776363	-0.014887605586165914	0.0032826868705326316	0.07685054437896359	0.3796755229500615	0.6200827604830949	-0.5609419803943948	0.17385094753401956	0.12195528365473224	0.7717258618842665	-0.3199601071149342	-0.24138043895712363	0.07239268345988752	-0.10395402516934746	0.16148181289063523	-0.37464201333021646	-0.10496284170625354	-0.8685014257759582	-0.3071429964922075	-0.11917263724651934	-0.37380210026583766	-0.11640604359704558	0.35177068791213834	-0.48072776824748664	0.3391061696238607	1.3189813924042055	0.6898613322715692	0.3877657664949649	-0.9194169809455056	0.014908430551283325	0.5461665581838905	0.3630359172935001	-0.015847908963074933	-0.27222182120279315	-0.27427255338267675	0.023055821895173006	0.4262382061501266	0.4908492496104967	0.3380534825356121	-0.6553471192226128	0.893054227436356	-0.22717315946155642	-0.2764163507325705	0.421634259695341	-0.15736811448284502	0.5867706232037989	-0.2821705081562676	-0.5030748813999008
DTXSID3034113	7.552588275199064	-2.960357016251783	8.624080454635235	5.727444517337416	3.9793257311192645	4.04684927830556	-0.31693732418758847	-1.088637976432578	-1.487378380695896	1.7176859428618996	0.016347760413103644	-1.0036273712568262	-0.9744458309783284	0.6048235681575885	-0.7485534224758956	1.5918463322268985	-1.9459432381482344	0.5816124410922826	-1.3908349944883311	1.3029678067384105	-0.01257187453175102	0.3161919579790067	-1.1993984363645431	-0.4020814826679208	0.749492297132741	1.1118685771143952	0.9667322883681738	-0.4761968200598667	0.2532255226164285	0.20951574952045837	0.7068555680521911	0.5227213715984868	-0.6426818544915953	-0.18131493230521534	1.3542864222105322	0.8828641157352506	0.23756807894929344	0.9792044456048433	0.8326714967673484	0.28634907099111284	0.12978113746175346	-0.14080830367275238	-0.07347334459721615	-1.7329209825085958	0.11897469085606636	0.48644217570996345	-0.5386661187447573	1.536596267231075	0.16484761648802676	0.4377873638442344	-0.06616038431237962	1.0168840180552712	-0.19358150094406776	0.1347159677163356	0.5226068585303536	-0.7380731494657512	0.6450370620486019	-0.11174528115776117	0.18029960874168938	0.19923574458386986	-0.7101008358494453	-0.9354385467806253	-0.3662610663896938	-1.9060520101769176	0.4313665119290931	0.1964989890168006	1.4332742452550729	-0.8099813253988948	-0.2605038325626564	-1.1473485867789417	-0.43644151054340463	-0.5542809864158346	-0.7899330099136909	-0.09402865203338731	-0.3802808228976142	0.32790316523678437	0.40485093745571715	-0.0791609763141035	-0.3828431286007406	0.1820957307233634	-0.35904235019925623	-0.1951725806014759	-0.32672751158545627	0.18939699467033552	-0.17820149392208853	-0.2619591317642632	0.03953223794597293	0.773739767332107	0.17842315954667265	0.15415807341532534	-0.07005295002049104	0.31337591743681215	-0.5786683316022039	0.3616265080128196	-0.29971169594566643	0.5002304880466467	0.009572318101229342	-0.10083982612338453	-0.1439604832381688	0.2857044686670384
DTXSID3040647	4.352214900783188	-3.307737448281833	-4.541833972080825	2.319518136966052	10.650852574866251	-4.70653871344208	0.3243276789765574	9.894186778312838	5.688506220890148	-1.9122796980172012	-4.745979495011741	-1.0230759541028271	0.7546905125028989	-2.9459332727197696	4.209498072701719	1.3982449299234812	-3.8964170323211103	-0.2182451377875579	-0.7545982339639625	2.7070513609273177	-3.3885038709652626	3.525100380560985	-2.415144778709136	-3.9824577353767543	2.6929780506509298	3.135092864834045	3.889576227442132	-2.780463282580121	-0.9660309268049461	-3.626401754557952	-0.24930197890132527	0.09935235734589133	1.8549084894528372	-7.9057060402250485	-1.723050681147741	-0.33879068582027	2.1465662990750114	-0.4608072575898332	10.55204178814029	1.204190744349458	1.2627459965140233	-1.5560242213284703	0.5515300057220385	2.1455839419281078	-0.7552009799096648	-4.5266281622837425	-3.91240239029064	-1.5444098648620723	-0.49604389733797366	-0.9796661043598027	0.5043298906034134	-3.823067279150626	-0.7468097780928777	1.431463930313314	-5.119873883645695	6.670710067094145	1.0280727753112533	4.1703201909244045	0.20646858345011956	-0.8808145408843404	8.722617396598158	2.2142844153104786	9.115221774311955	-2.1732993072629423	-4.778220983034354	1.2018089140380162	-0.5605017240539697	4.74504809116003	-0.7483110067525025	-2.8177308680652318	0.7895404084168812	-3.803959830189507	1.010642503724962	2.5434188287037127	-0.5332692695926218	-3.50758831590292	-2.176981668244286	2.581903176707549	-1.6900162554898488	-0.7298219612847144	2.4382231723381302	-0.08471742637459882	-1.5804816722340662	2.128782769986252	-0.42587594803717865	0.432382962877933	-0.09122120146326237	-0.9514198165671406	-0.04229389826040181	-0.4713255032437609	1.0256723945392419	-0.6904850068387166	-0.3279792658849964	1.3255488365111516	1.0161093207919596	0.09394073424926964	1.5749929387990895	-0.49067024228211203	-0.973569736665083	0.6519307927486074
DTXSID3026641	-2.9029229208720526	0.9166635495735248	-0.31388945339803803	-0.3073676635640756	1.528754622808979	1.6130604943017832	-1.840499019958522	2.1057468052124735	-0.17830192515199914	-0.7305306488470683	0.5765223370935894	0.824420603249323	-0.20069479213654573	-0.7659260059266714	-1.4399238472731617	-0.3515962217698363	-0.6715969367163505	-0.45572482124252167	-0.33953229017952496	0.07180515415983112	0.8667341608138928	0.17708106476602645	0.27051655847854406	-0.11820659177357705	0.4680574860177746	-0.13825221602223065	-0.5195830404386643	0.19185514663877623	-0.19130293129208384	-0.1615238610786705	0.8327540924138009	0.26608649106040966	0.54114273607553	-0.31790981798644485	1.0917941271020486	-0.15334431498231935	-0.5433876323608077	-0.3731866097396138	-0.06256307215528864	0.08840814767414891	0.13157999246858418	-0.027422368941372947	-0.017111480966162437	-0.017318766912719254	0.273001490741586	0.01499670407268449	-0.38459342104246075	-0.422114756540717	-0.046866668507254794	-0.3255899013564305	-0.009620697916785532	-0.40566702906420166	0.033402278261180626	-0.15052740754413801	-0.0992377794497642	-0.06036357122467751	-0.180243289699752	0.3083902680215503	-0.19244757480229446	-0.22239002095651875	-0.37977434101109786	0.13269684367187945	-0.442090199345519	0.26917119865808264	0.28929364874060776	-0.0850901670936491	-0.020644436034403087	0.6799265120365289	-0.218980809845032	-0.8717001758521002	0.6135282737431803	0.0911630217108314	0.01672545054320001	-0.048119604655947966	-0.4731553301129515	-0.6673299370365591	0.28073102662160176	1.289838920938522	0.29325805382641523	1.136059699897142	-1.1572385475098348	-0.2851140427498409	0.3616585818150321	-0.8779316817729098	-0.10846658233971226	0.2957343939786828	0.21677211814897487	-1.003146223037246	-0.14037771304517538	0.6399578609576922	0.46919823395459886	-0.1483088438951521	0.5398866397048111	-0.24696807379889424	-0.30867556023057946	0.46556891323975375	-0.5433781559830895	-0.26960302178006434	0.4061720970220087	-0.2915013218871467
DTXSID5059799	6.022301153206601	-1.3339377961984562	-5.875999097530685	-14.054015138796236	4.759870042116108	12.140147235034176	0.6659887992939021	-5.757381574592921	9.665250027707517	-1.8708700735125288	4.463207452830067	-1.1029671279028	3.548250954188709	8.496909687417064	-0.4729929430725528	2.6669285659962276	-3.015482299518237	-1.2315439030920774	3.4069196569004174	-1.2934404223082367	-2.8679132873193773	1.606805033069786	2.545054422915239	-0.39098903509484967	-0.215007191519025	-0.6931139454071757	-1.0217780310842393	-0.4319704171325224	0.4823336132844026	-0.2729824402052579	-0.15347323809885235	-1.362116067055405	-0.396308866397474	0.2670755783739447	-1.0369570431612471	-0.19431130891532616	0.20837935836633625	0.36425857660487787	0.3225773613747408	0.3411869689065069	0.4757739846622773	0.16999029629001405	-0.4380466065025639	0.6003913892035224	-0.4370857898436344	0.7460622516327945	-0.3658076839123456	0.2655814976252717	-0.5199595476347697	0.6715955603889797	0.057197514353792944	0.4641253010637283	-0.16173714311844103	0.26180040695832335	0.502234545319217	0.5315175070482292	0.6582177462200954	1.232774973986103	-1.3002835912557495	0.17719924415259608	0.26502155939060135	1.1114553506044789	-0.563927751818261	-0.5036888593877444	0.07837966746744811	-0.8150431175900712	0.6611797105089078	-0.6127564723623253	0.017331085619217784	-0.7332525338842669	-1.053453643753213	0.15258949459259386	-0.2769352571633879	0.5188574115787107	-0.5802708055878172	-0.30247002609973106	-0.31816844571403674	0.2733528894590644	0.32665625476738125	-0.14821556516124443	0.8836547088053021	0.7529113279453834	0.56130637069406	0.3659830521311979	-1.0484851863138913	-0.47598577828686034	0.27619296351307654	-0.8885048857646927	0.7321217359511695	-0.5900297929274135	-0.5954410207643142	0.4619960589134565	0.23836354386543648	-0.7426591552910998	0.36633546726956956	0.11377110614098575	-0.4898508818689493	-0.09642670087986843	-0.03194104209058705	-0.2667127314805209
DTXSID5021629	-4.484602830731222	-2.1010857155164535	2.751494804696251	0.08452539440285081	1.1053105061069448	-0.03978339803548673	-1.0049471418672393	-0.5394959825294274	-0.06770995887784488	-0.4397299034411797	-0.12283707974512147	-0.562459478838993	-0.40625790460970274	0.7035606281846422	-1.0730584580237406	0.7905204429839614	-0.505883671509604	0.1674022066042638	-1.4490647179461122	0.4494356210825414	0.06470780751939419	-0.46820642385527705	1.0254779668290275	-0.30729644223255964	0.39909698810815997	0.4203222391554009	0.81189179418099	-0.9617346389387624	-0.15990130587611673	0.7404915242608227	0.6224495360109062	0.6683070400002412	0.6121993047119179	0.09375209140535945	0.0005002844905207145	0.4240761555948538	0.5663116545611234	-0.2957274765841458	-0.4784811429998129	-0.2911736181105536	0.48078624819224003	-0.43925984606510343	-0.20599637313786442	-1.0291195623546758	0.11593158824691834	-0.11328981928673731	-0.4263019211738689	0.45087041777006415	-0.1653916014230603	0.17231005195015797	-0.09668124536830966	-0.027115647306291246	0.10626914795670364	0.14875123834005533	0.38418339712459926	0.02866839467839276	0.7658767084565115	0.062344108797565155	0.16720224417531604	0.32512400480147163	-0.31123199717744193	-0.23156351766389702	-0.23793070024054952	0.2615799980949468	-0.5114525130428559	0.3257737232055169	0.9081290488086732	-0.7741959052504551	-0.10522853006685434	-0.04917919232218694	-0.15387603407916156	-0.3038304492571186	0.0899380518007522	0.2038354758359272	0.5561994415886456	-0.11952963553855349	-0.09555546997011097	-0.2510851598283423	0.06235640433148867	-0.7588073033963331	-0.6665294472512476	0.19450739570150397	-0.3650020134848821	0.12060275727489674	0.1700321869147422	-0.1187793637328585	-0.3396691725967436	-0.8138641515383629	-0.08612218821298204	0.26690135576989654	0.015419421996993444	0.04887165993523653	-0.5138113761043027	0.14732647166390983	-0.1389013879326791	0.09117278397571202	0.21031533278266235	-0.1762792056027838	0.08572262458719078	0.38837180575152297
DTXSID1062122	-0.6365710424236093	-2.767906637480471	-3.6156353168484276	-7.5126026067789	1.0117460641801694	7.400195770612773	0.18951409797872334	-3.2176337922606346	6.052609544715559	0.030676957881361783	2.7192634581152375	-0.6352712469249376	2.5832214481549918	4.25072170194605	0.12959275967028377	1.9387311437602768	-2.1025534713755034	0.4454818109349702	1.231256600576757	-0.8076253259746999	-1.5556182274924135	0.6593029705386304	0.31245334995785873	-0.22851718754849992	-0.07973079113596125	-0.01729814935723614	-0.324840888719782	-0.4230257903426897	0.49406153991509394	-0.3146237549384587	0.41928282369658015	-1.183201816220804	-0.5845682388457619	-0.17741204378186645	-0.03582271402204458	0.42470214162076186	-0.1238459661979627	0.3817355130427402	0.2820918042640651	0.3548290987260902	0.6327924303807515	0.28538833380961354	-0.31301008367162536	0.2330004596154024	-0.1953387159855696	0.6459875902719585	-0.15887821701860266	0.09592226882842998	-0.08929228427751816	0.09903520430611386	0.05869814375480023	0.1326478862156915	-0.2200414823611436	0.14588132582255878	0.21272824358761547	-0.2794748228041765	0.2695992052064967	0.5949521099713949	-0.7259527221194403	0.23939059651972927	-0.11895365271829143	0.29750166949885604	-0.5807741369200241	-0.2517674093893421	-0.2559229646752066	-0.24630848311031642	0.31982012684408645	0.09627047146489422	-0.2652168805189773	-0.5681465984783507	-0.4555995134937125	-0.031073962870230523	-0.14089171910134668	0.2891168058277538	0.16452657975068413	0.382365300041275	0.27133329551666147	0.25534801353794084	0.4596911279400905	0.20337830454604486	0.16821476637644817	0.12976337458832493	0.3499724523704124	-0.06305944317351223	-0.6334673245073765	0.3094983961857583	0.1221992888344193	-0.2795146049716882	0.2696178711498582	-0.6330417264241033	1.1487546321869677	0.0017257538955617175	0.2032558602296243	0.7497099924544295	-0.2982678808471014	-0.10979532785280788	0.029501132926106656	0.001736337975572487	-0.1126326950457215	-0.0148632522073052
DTXSID8021931	-5.343281455178992	-3.133689445790477	1.7897395253626316	-1.1790571866982575	-1.2738400729451018	-1.0782280083807232	-0.14341989780389766	-0.6021807650522443	0.5397339445447277	0.43573265945618445	0.07315863019026239	0.08758374110076554	0.8694473196631871	-0.4764452382723325	-0.6448733549082818	0.01570118084911964	-0.03704227438354522	0.21782234331413694	-0.3370757062016581	-0.23568210241669563	0.07515728591094449	-0.13934332821701084	0.025626804464297135	0.06441963603117622	-0.506520548259945	0.2057834923662558	0.37746104953396326	0.17806179952501278	0.318894297901444	0.04179481716299231	0.7506721243306094	-0.4456143205287275	-0.15138172214631204	-0.6811008973671963	0.03688474310982526	0.1990956647986044	-0.10302881187889217	0.40432857578125625	0.2559750327810001	0.3064102202213169	0.08573081329584041	0.2149686027741943	-0.25702300443545084	0.1263718852310834	-0.07556448241130993	0.2565514907761659	0.2960728751987227	-0.10926242534958656	0.11571864197201617	-0.04209858008618255	0.09099339538106008	0.09001699899201536	-0.016671429180765585	0.1039911407994647	-0.045266267770694896	-0.339302896708974	0.12067512084779106	-0.03268912956550655	-0.1411892161858083	0.13634225306615053	0.10112985493456526	-0.22343547253722731	-0.08354091655224051	0.017608771318219602	-0.1993661034666689	0.2465416736526246	0.25640334474132953	0.0024312428556918426	-0.2788427700366092	0.24788821836125988	0.375218889864385	0.0941051509088853	-0.033552655423173566	-0.06727430473437603	-0.0065632727887045	0.2849187339773157	-0.040951938114448576	0.17318106688671212	0.12736508169270774	-0.005758905535161594	0.15001604990984735	-0.005706994855365233	-0.013659144072982304	-0.22449629170936636	-0.08012473620383155	-0.06858824744592035	0.23591637452739062	0.008191473321864238	-0.1256595739290106	0.04812752619719272	0.18244015687361992	0.22050340565252058	0.07291173119236746	0.241848483249964	-0.047808146968889034	0.26039200636262505	-0.06634766760559994	0.007700957950686288	0.03343548881789708	0.21632904255427002
DTXSID7023724	10.837268273378182	1.3811412105526517	1.402170425077395	1.9849600074790203	-3.244523802912905	-1.4367108317898074	-0.033998530751323454	1.1794520701416669	4.130975667666294	-3.167354622540693	0.6040573592903098	0.22209142983846245	-2.6314396404632587	-0.9553581588123236	3.1156536058522972	-1.8163511040416753	-1.381617634753844	-2.5036425900407693	1.1525206337026659	4.723118234291322	3.320476580567657	0.038328903306993525	0.9165677378500574	1.595102247118325	0.06720178171885396	-0.5603376575699858	-1.7061415170295207	-1.4377505320021626	-0.8145644477227144	1.2048881614300564	0.3810766375801112	-0.8229550505382777	-2.2112101873059147	0.0028722294372594053	0.7971839811998774	1.2256975193295674	0.24294409337531717	-0.6381572657683379	-0.7316020171044533	2.7633811380396107	-1.2033625839645097	1.3429619889934858	-0.3934751370808754	2.755380504468291	-1.862969537761682	-0.23168453622430346	-0.9098957041296271	0.013902614264335983	-0.9282993611524107	0.11744147980933509	0.1854506879633564	0.8370079766689147	0.19143020418952186	1.5660940194854152	-0.7133204273310135	0.6987503921205526	1.344820394717358	1.575666336386952	-3.1456450565437026	-1.4020386585316902	-1.1115385690373305	-1.4055535419814074	-0.017744790514619142	4.982020359618511	-0.4846010085453971	0.9571988966461917	0.5191013158578495	0.34020631357141895	-0.23612389831078856	1.8024931489783256	-0.23519534338388284	-1.1605669753172578	3.3231607337090887	0.7409042378457397	1.1122872981677487	1.40777268331699	-0.3657430964215597	-1.1479174206607743	-2.479174669847198	-0.17854477887404288	-1.3005823953898052	0.8378069755441463	0.4448249358467191	0.4299286182693054	1.2967184020092817	-4.180269226883594	1.7059913291965196	-0.23113663386067018	0.44302540976001703	-0.8310629283616902	1.5868999110372322	-0.019993093378316458	1.6614521542435454	0.13293055752511782	0.3138482911935271	-0.1484408652711179	-0.8146602024082821	0.14809402224892632	-0.37668229262119873	1.0335002965318338
DTXSID9049320	-1.904909736922625	-3.5887593290024498	1.2158631123268404	-2.0611099623080826	-2.1771478241934	-1.1693560613056118	1.2414389672100135	-0.10074599800548548	1.523765120147444	-0.09078052560590623	-0.8459595077429248	-0.16801531613061355	-1.558698338363561	-0.9246689007143651	4.521040266269268	-0.5225566726893723	-2.945360352058314	-1.3464702216540063	0.11026646152781532	4.417121595568335	3.072319141430241	-1.0397607001660212	0.8097532375462794	1.602150522806404	-2.9691568358506024	-0.942782225490359	-0.10293964354806001	0.6916100840401006	-2.0455583514128506	-0.11990943336794305	0.6335199936799194	0.0765537269083655	0.606003697861285	1.0844350553238786	0.4728782820794456	0.256492454117625	-0.05516151478023335	0.08274617324330237	-0.5779877781673117	-0.18989074840616704	-0.7120496831305587	-0.49922802150875184	0.3467452691166729	-0.2501777449211201	0.007824415390539184	-0.25411570008986906	0.28980684391797423	-0.5938599015917752	0.020303405882340118	0.25577609684038	0.08762518788319383	0.09192323399976689	0.36065356821639305	-0.596335570940226	-0.7289110359356591	0.4336840150073441	-0.3534083910045348	-0.5700698174762342	-0.028269196448897783	-0.05625419957011943	0.2787993869504154	-0.6823852751011563	0.817414732730519	-0.22791738624558672	0.1372235928032181	-0.0688890606548154	-0.702914410132733	0.006057125558286185	-0.4660174980707311	0.4423861200424388	-1.6157667998632759	-1.5689409726062002	0.38317034926710763	2.09458533792915	0.371810741702148	0.6876050144638082	-0.07104859623030396	0.8465002378959943	1.431243649570383	-0.6459944256188442	-1.2825991523038418	0.4087738083038399	0.9649502487500307	-0.8353845952501004	-1.1158001452375104	2.01648918798474	0.15316465063904117	0.06988080698296435	-0.45533088801796207	-0.3871817314684405	-0.7964015361858813	0.9662417138036413	-0.2149151680891036	-0.5870807207662294	-0.2779683270994565	0.6295713409516328	0.19825387617290885	-0.405218797910532	0.29390050042761506	0.42848956756967704
DTXSID2020210	-2.1701769850604555	-2.875723877782449	1.0509740154201817	-0.9816249028498027	-0.1872624029312018	-2.2189274422817973	1.1100530083296918	-0.3711085082326856	-0.3351772203200304	0.8693820841638582	-0.11688295837404343	1.5764891148633113	0.6386739114179887	0.531219601938176	1.0579754058785686	1.2883723082803744	-0.7446542740929513	0.43990725981031853	-0.8774113211611698	-0.5998471666922985	-1.1832547921369827	-0.06862097473665141	0.4711275330862631	-0.6295313958988097	-0.883454038694116	0.6540678057519735	0.5046796360996874	2.1499143260755162	1.5690415875346067	-1.7290255833047612	0.196305955059666	0.2031408935270487	-2.128093936928583	-1.8601629162726174	0.44160688466983217	0.5393360700122602	0.3281220323992992	-3.3073702532857445	-1.920893636311209	1.2445704182870303	-3.7393027134065275	-2.2138912116045386	-4.139201448946711	0.49367749299110725	0.3437009056630034	0.13758578962606918	2.3965149118084526	5.601772209178712	-1.155411967748379	-3.8009032869477717	-0.8629809720579849	1.3228626960277066	2.1134140523004947	0.2107897990040559	-3.0852262660939407	1.853848137677315	5.208630806422103	-3.36150856304971	0.5754463278727373	-1.8468113031357671	-0.5006295589109582	4.111848487106021	-1.0080544059279113	-1.117560196119461	1.04388317603427	-0.9291451959138348	0.03371449597357106	0.8682987027117696	0.3221404361236335	0.14219706658506848	1.4586088685232805	-0.40917146980508756	-0.5923499138308778	-0.05803734086934065	0.9267581516609208	-0.457698123139451	0.13002295641864353	-0.2389855688334823	-0.32439770397563233	0.5838122590696808	-0.48121727421388594	-0.3888572622800818	0.40541040598302086	0.6380832260431548	-0.46694603141089813	0.3971951147788162	0.7809032864621261	0.8691541551175184	-0.08296940720432087	-0.11118682875364912	0.24377500524510406	0.2596516277296053	0.7237118770301162	-0.027382283945116426	-0.07904607750741988	-0.1145740063027659	-0.09165726998612087	-0.46330416118018797	0.33433828939234267	0.26982535053133566
DTXSID1047102	6.190929075320862	1.1343905420639993	5.272657424191433	1.9637165297283636	0.440944431007235	-0.7235268432244994	0.20233115672055943	-0.9295181793859852	-0.8891498379860316	3.446626264619492	2.719196010032535	-1.2781737719898987	1.7700007980595704	-0.3398822708785015	1.6035914244253529	-2.5850026275352516	1.2871560657539822	1.1223480111907274	0.7912665623514702	-1.0774330746303928	0.26728664174856315	-0.11529790964811372	0.3511193853433947	0.3942180312478176	0.787317190572001	-0.4212009524055186	-1.0585683365024945	-0.9796201000538183	-0.6509122105208948	0.12866805319427013	-0.038047778945496685	0.7307741575136572	0.8437753892543692	0.9884435057555694	-0.032008007852220306	-0.49462260448497297	-0.20856357396347647	0.3860154340140104	0.4326957082514573	0.3282868483731506	-0.25405947227275194	0.08098998594711283	-0.9593091583928378	-0.23960136835994442	-1.1328000418829751	0.3196530278991066	0.041539457113641945	-0.7467486278625706	0.06729119610447157	-0.18731027564151384	-0.056238668800554496	-0.3720328777291381	-0.08436953356693402	-0.34951428157076236	-0.02123852533283414	0.12713113731858094	0.03239254172268059	-0.2849422940504713	-0.8411440846080441	-0.4238226434508575	0.14152353504768714	0.4671960872360664	0.2731155365653594	-0.7881948247129554	0.3697827371875344	-0.917597162164177	-0.856261098976607	0.5289119044494484	-0.8379982627332633	-0.680124782441507	0.12728849365863487	-0.013383264545624057	-0.4373952544773371	-0.44934519267984985	-0.09886565455186358	0.027640303741767423	0.6751114869379523	1.361176026586838	0.8511405199305543	-0.45645948569002764	-0.42457654545141615	-0.4462415516803455	0.07740410406762377	0.47687735858963876	-0.15779657874597675	-0.4753314586172536	-0.8688792297099497	-0.004742738184612133	0.9336227820371418	0.42926277524386997	-0.21051479644973614	0.17253652437777697	0.9489731320727349	0.29226016737275773	0.10444329740001082	0.8011927188997041	-0.403106605931199	-0.5406055990994717	0.379160631096833	0.46207134772200004
DTXSID2046678	10.581220904334213	-4.776713649108021	-4.516632716531701	1.6972558711755426	3.654536624701212	-1.1389673218734988	1.6576183431051836	2.8608367309467497	-1.310830081362859	1.2426965426487646	1.5884405997588409	-1.261875013384634	2.036712707640863	-1.4681383558551184	3.672225627492508	-2.835789011168387	2.818455716485166	-0.6088992292338012	-0.7930383935337335	-0.6045700554520493	0.4114724562853907	1.0343756820639984	4.005244649021398	-2.89400774954258	2.3277789406883174	7.744062039450565	-1.2029212059132595	1.3772460512314055	-6.174013854908458	4.566875220534109	1.178907818367858	-3.9155597386675156	-1.0688367729947212	1.0999750027725461	-1.331746380891315	-0.5543994233278269	-0.3743903301336115	-15.287343074714599	2.441269141588735	1.0274707197207402	0.14212687014393	1.1659827000852154	3.3696062504885047	2.3215891591409883	-12.41978218081941	30.70803103656847	7.162067500352433	-9.290817982682288	4.049495056496225	10.686301150191412	-32.886201536794196	5.098644165757229	-17.445295380018543	-6.102031441526941	-17.570617412309538	10.64054998185017	3.8314693689807378	8.092546299091852	21.747153863013445	3.1920871264481954	0.8983438832253124	-5.81698552242976	-3.3484685712701436	-1.6542932604754135	3.3858187719984825	-6.187220003609512	8.318122178711352	1.963647296070375	0.8905536812971117	-1.6831315627604206	-0.09863495041106818	3.317311265311514	5.95334229781784	0.3796250215819935	4.110841668907048	3.3055217346023933	-0.017474411615713836	0.3182331160413977	-0.9626101386499911	0.6613329418604901	-0.7822146336635045	-0.6295708033401214	0.05103392575533619	-0.7835590372063254	1.1779890407800868	-0.1781364802142448	0.4468042915838244	-0.6566495278071994	-1.0724846740284728	1.1729048326104756	-1.1853029280486604	0.48935766204775366	1.6613431671848564	-2.041488654316746	-0.4547740225353204	0.46050356048775787	-2.170799087490763	0.5106158423816541	-1.4049404040220848	-1.6487556147191216
DTXSID5057709	-3.133353011783608	-1.3298474345042144	-0.9101044388660572	0.8743886711817176	1.1733292065230183	-0.34404372280020973	2.0865404720801295	-0.3113633893439409	-2.4678839682086	-1.6826099212758818	2.386442288236766	-1.1831660561262225	1.40526018558455	-0.12643208071090167	1.5658519993063253	-3.358870146398238	2.0349330325962667	0.08433524462243909	-0.8416685218143597	-0.0742790412517974	-0.5650816102051419	-0.8831670222440349	1.2125620596537718	0.32322864592150147	0.021673655651353617	1.529785922356141	-0.21647830238062205	3.5225546894168764	0.11431612004129535	0.2903738075355159	-1.1164386613520558	-2.0629821405009134	0.9136699784920282	-0.4095077473990687	-0.9382914837281501	2.7717336290035663	0.6005185958947767	2.8108464024680937	-1.3539276616820155	-0.4635880039078658	-1.254757180584032	-0.48540001565207064	-0.1531613490057302	-2.0131404312398105	-0.13323308218018498	-0.8035094998773644	-0.6162255489544299	-0.04717708862011911	-0.11173907912201604	0.183904989846411	0.48753978551566124	1.026090377252096	0.07483181279715634	-0.15330328644254196	2.1192384383694343	-0.016075860390969622	1.748963181246875	3.711570824299248	2.042891417399456	-0.3162611465636223	0.3761486225249809	1.300838771464858	0.31834215799109644	1.0106107538845912	0.2538209080309279	-0.41612824691847927	0.19792564135231097	0.6940020469213499	-1.0745508881725259	-1.3179161507508967	-0.019360044353653152	0.5028214265243414	-0.4828875777634108	2.0148042565402675	0.36608833908188965	0.44873685034487437	-0.18964745443603576	-0.4535926813709466	-0.6470036769245595	0.9145928790240333	0.09741312439033094	-0.08969328712907881	1.0419645283023922	0.5897448960321523	0.18366407475908716	-0.39465675204131023	-0.22598095461540385	0.3930090852619795	-0.13503663514456057	0.07524798575174456	0.16770741277075235	-0.009875802886859873	-0.2512263172105964	-0.041182766137309285	-0.26618874316536256	-0.005365761289941402	0.39252596997346584	0.015529172489300165	0.1386105411514694	0.3363170622089969
DTXSID1026902	4.560493095808159	0.023886172764261065	7.045795014821813	-8.375005923355015	-2.7426599761257355	-5.975170612842935	1.6746872877676184	-0.4034537407019391	1.2116549777567698	1.2924175976535757	0.858649245528236	1.2213843375364664	1.8378811024506914	-2.688784331935848	-1.2584904092990716	-0.8911351717866088	-2.290251351409708	-2.0895047620923015	0.17025027645418586	2.7744612359154686	0.5620635848442103	0.33752115835208696	-0.8462836272552915	1.3534422587355641	-3.9078041517372575	0.09994418626032246	1.7408303568337027	1.3712491992345988	-0.4262384929835369	1.1004366949418212	1.2263794862756487	-1.084533945147226	0.3997255501764729	0.928944584290335	0.40172667749001534	0.507551721011008	-1.7966742903078623	0.23303697981461263	-0.3319952570975472	0.9817883176842377	-0.6461289989487596	0.19436294991230377	0.5524235611776258	-0.3943600354036606	0.28956571242992113	-0.48180933480883786	0.24094134158180242	-0.5496976588745976	-0.03222557315678521	-0.47427996782810833	0.038653639058323884	-0.1712983618357381	0.30053406780456027	-0.2800729089946296	-1.125730760640731	1.0777206505873762	-0.18383799857865027	0.13778269523673162	-0.15583505337811157	-0.7150027947112985	0.7079282555122114	-1.6968341873461419	0.17246238584120416	-0.5240307275423323	1.0959640398006447	0.7253008586059462	-1.3609935784750915	0.5587321475839188	0.11109201557004653	0.3219769719172652	-1.2615372304642067	-1.1219279614476547	0.5085486581351143	2.179050598113665	0.37395270887297527	0.6199903511246794	0.5786465063879132	0.8173454046054941	-1.0898313242889972	-1.000760999534971	-1.0065276204846816	0.27756327847796264	-0.47106079108090615	-1.1357543365716525	-0.2826795505095712	-1.7892949786737904	0.9596690647095423	-0.827309264565575	0.9590852676774014	-1.4130719700464491	0.2178414173492701	-0.22479365307808363	-0.308308126227565	0.10127622090268097	0.35749784459547596	0.0693537895662885	0.1703565121144962	0.1802266252743697	0.36003143215411887	-0.45029879773828063
DTXSID1022007	-4.191724419696669	-2.2060111828252076	2.7555252630317275	-2.479472510126839	-1.4125085413994525	-1.51879740829905	-0.004118956863243881	-0.32783417009883226	0.8402051346179887	0.3273756487067932	-0.049697814483692024	0.19761997764136163	0.3392425613619214	-0.2951719885377126	-0.21411334332269266	0.1438185324209054	-0.5711632647888731	0.2268284235135031	0.005301048011535345	0.03861368999997244	-0.04679291249461794	0.1953023145484787	-0.5824666968509803	-0.4192936877075725	0.6005895693885563	-0.018767542160801516	0.32932691855520685	0.12275857453643567	0.21814335455394276	0.09611862774537916	0.5513372921694334	-0.15784445083558393	0.11038833898193504	-0.16338780257397342	-0.05569454196933617	0.14572486155011885	-0.11398184976864727	0.0369804102733055	0.20821859594796552	0.2801069085501823	0.10844631399340354	-0.3054239014142772	-0.07538810884626207	-0.1133781944015489	-0.08066460058654296	0.16119254018782486	0.005977744556617011	0.10941400141599524	0.2405262636718289	0.008641888461183514	0.06447971565763858	-0.05322192244670284	0.11756811901439865	0.037824193494620795	0.28500735961118484	-0.2885892148862939	0.04082548928569162	-0.037123565412876404	0.31032300528151496	0.03955785372697621	-0.006254616506701631	-0.029923658789773735	-0.05341018857944549	0.12275218805359493	-0.13414941730783514	0.06394075078248546	0.20065566101233012	0.021499615845975532	-0.29970569251096085	0.3448369478651836	0.5257931333031545	0.1689935853210233	0.18253139074199615	-0.20047239845875453	-0.10008597419864654	0.37757195263375526	0.22493942781473045	-0.053590782724139474	0.4391137232066569	0.001878877769971446	-0.1310770466130587	-0.3328107330858161	0.5659202349306117	-0.1923742877606728	-0.27802586891701686	0.021750356215962247	-0.11944234678707272	-0.20293330531291062	0.04947454671695626	-0.1131564636629709	-0.1805507856247471	-0.5527823709672941	0.01407078888193	0.3693776010758612	-0.3204313670408079	0.04422496459397623	-0.11991434096061969	-0.19087906259970633	0.4617329713249222	0.08290653733867119
DTXSID8047892	-2.0784904604318934	4.275455755026805	2.240919999475315	-0.006345445623707889	-2.439732618926094	-0.43374826658314225	-1.5303561710415374	-0.891492373019796	2.6747277472876703	-0.25363459838906727	1.7409430347208998	-0.708558399855117	-0.765230463597614	-1.9864851445899838	-0.5650994657006588	0.88667780349593	-0.2015407385789487	0.15897040345587987	-0.5148016595047141	-0.04682538207260801	0.10466407784847494	0.05494442544984221	-0.8474494141263449	-0.6598813974681218	0.2072171446486569	-0.5783128143860938	0.15012892409804088	-0.1793665501091628	-0.010218807816926244	-0.3319541567364572	-0.15313045968241973	0.7833130705556093	0.5880774214303354	0.34240447537529367	-0.6170126269933127	-0.3589018732539046	-0.7132617000697538	-0.25597350993131734	-0.06931509966479042	-0.6110743585647008	0.5203445339665794	0.30930975223796225	-0.3814283281054044	-0.047385576893849424	-0.7488577699521177	0.38645230223841853	-0.2770187188910003	-0.08593768376277797	-0.10801396354521563	0.04385026957025282	-0.1423350610189902	-0.0642729535050027	-0.15999898994308218	0.21319835777238338	0.04657769803240822	0.25280469563212626	0.38259812616931	0.41234311379001876	-0.8851066818064264	-0.15133092477703147	-0.39693462148872793	0.5068795688015277	0.26927284542639685	0.3191912138612702	-0.09868839392434126	-0.5114492212519464	-0.3624165945113237	0.5632473313710427	0.4898302251095093	-0.3687884003026669	-0.42110906110325275	0.045275646737321734	0.5562852293532364	-0.17318530495539972	-1.0561692061944057	0.7374630656396622	0.7463515983496983	0.6754236706822938	0.06312451145010384	0.382041605853004	0.5216824413378619	-1.082496300670294	0.6466358055334833	0.6346010754798405	0.17315021419321844	0.0737726897587527	-0.8012873630786879	1.001526108316345	0.06317210644623558	-0.1759241511503649	-0.4698651215052615	0.23917673744452533	0.7766541973086203	0.17345006724048503	-0.6333593891983953	-0.2207512741784201	-0.12015002954442486	0.01539562522786002	-0.06795280410885197	0.14485489052814757
DTXSID5045623	1.5502525733629253	0.9726602900257724	-1.3765662426820735	2.0463472954070197	1.745553277563295	-0.20605824259493777	1.50683549163501	-1.2464377766661194	-1.324098774878021	-2.493534589285166	2.898531097681081	-1.3366831519666145	0.9387022892052931	-0.4156332254427258	1.9977698052778505	-2.553591774246293	1.0744625127517353	0.2124036254925705	-0.6001588000471262	0.4483638023973357	-0.7097585100632593	-0.5261346853372753	0.5448237024254602	0.3028737471637417	1.3114448120321782	-0.9483487098735268	-0.6478890026682557	-0.2874840060261929	0.8221936036076705	-0.9479990999044925	0.8159066557747316	-0.4655637293943944	-0.3131414939869464	-1.1028391430332918	-0.006648616257590917	0.8256440686579192	-0.2857443864459431	1.2894571959984908	-1.6295651383683247	-0.0924956648629203	1.184439233119598	-0.05868801608690762	1.6066580290584886	0.4219189093733564	-0.7559926581211375	0.36124554654399965	-0.5199583775179732	0.7317600828967117	0.4966611335600921	0.04724667755590125	0.5165112540151824	0.5250638534982501	0.08515254643985	0.22716728086310126	-0.2865420600423271	-0.4058210764189491	-0.021604766123371946	0.9543560279003158	0.8527706349072415	-0.7020308542223325	0.691000111682822	1.3608444052598023	-0.7553161321190026	-1.60750784468319	-0.038209046751652244	0.18088561298038433	0.03059325164311759	0.17587162435964915	0.12560252910733372	1.0931018125470593	-0.1946978963757223	0.1435090500903702	-0.1413628222179143	0.4035903721086205	0.9572967702754203	-0.19048877665265437	-0.8265158502971968	-0.4896991649491151	0.09214674441635619	-0.4537118197455696	-0.7869676051624662	0.18742362265852677	0.03310297318452809	-0.1344031525585115	-0.48219194106243773	-0.31290904155563937	-0.07985027361509904	-0.07297406796655243	0.06259939266810591	-0.309938237646863	1.0127350754620725	0.2413419686788023	-1.4406675909282696	0.6148416402602832	0.2374559375968679	0.7526732530576603	0.4260282329073847	0.22178781589317742	0.3636290329307585	0.19856355340864607
DTXSID6046216	2.7329279115101697	2.3128099999356553	-1.5217595898128633	0.9288461235182194	0.4046700465976704	-0.23182711903705155	1.228657505473342	0.4251477563875178	-3.422964880764118	-2.8544170245029132	2.159976503584783	-1.1817922256600404	2.0089561745764826	1.5595968047593374	0.48059768445762163	-1.7965736707679043	1.7201621573317105	1.309186088570969	0.3038108342817368	-0.3300485615305293	0.9351292619666904	-1.4998296418319945	-1.0299243629602806	1.7705690138836303	0.28113157825132923	0.08123528106971922	-0.20766403233219194	-1.867057346634839	-0.4564785428009082	0.4282046531033419	1.6570601127962323	-0.844935231441491	1.1854850666788368	1.776674271622649	-2.1532893934579187	-2.063367255942206	5.7421532176891255	2.8131612680134492	1.4718053209405224	1.7542727745388853	-0.373424156128255	0.44800495082845937	-4.5493821905020955	-3.4946481050142855	-1.8254213645939898	5.558882605772901	3.8593395258534486	3.0075053681864246	8.035858257417377	-0.5963263160301755	1.9747365226409372	-5.160268438632198	7.693943110403073	7.103945552102533	-3.277608737828126	1.831519464739276	-6.59431902227708	1.0395846535830437	1.199110609656163	0.22281036312631644	-0.7414045767467048	0.6319416728142593	-1.0490687677350692	1.7665444787990041	0.16601888010233776	1.5141236535951923	0.9555440413374758	2.1281233891498292	1.848568667146806	-2.2800417313886134	-2.004324435425423	0.15488593723162625	0.565476914334634	1.366799429937474	-0.28006277421744263	-0.011888133550567176	0.9904013974443194	-0.991969949051456	-0.32601350560092146	-0.11948890950963363	-0.38092949787163094	-0.1909716034205608	0.15220552558222325	0.3310982657977256	-0.06074255139168564	0.24500362640960924	-0.20579755199031635	-0.39346924293001845	0.021292268135340384	-0.2042162803090037	0.02927019077410068	-0.1705412224637143	-0.022060041263838412	0.7341375207928118	0.23461010202903834	0.5921190838467063	-0.18234899925126108	-0.2160573632608027	-0.7235926665304733	0.13302620241843233
DTXSID5032498	0.10098598004926841	4.94464909354517	-1.6339946410043704	0.44395595483063277	-3.944271403406858	3.6578475066362706	-3.3586290104620993	1.0664881533121955	-3.4201909563889417	-1.7514176431132593	-4.523567688339807	0.42225206523190084	5.53750450515259	0.9362654738605773	-0.6879642747193563	-0.8543632853464646	-1.2495051245174953	0.052621782688118277	-0.15102745686850277	1.0809622062326383	1.0600860771279612	0.04510446561018005	-0.6467960878239679	1.0316959960512844	0.2726484750653075	-0.8153679103757384	0.9993255436521075	-1.5411140449048295	0.204884671391433	0.1779518570086241	0.8550258943241233	-0.7671957169660057	0.31297244987162115	0.03653842158035001	-0.23566471224281957	-0.6344350876387603	-0.25171334057796696	-0.2010332529588108	0.20065324336680002	-0.4328906975403039	-0.17578795928240393	0.10046641958216275	-0.21163991954144273	-0.5239790317171418	0.039796715173054165	0.31639389833993775	-0.08070723228081475	0.2676246484509848	-0.3178811368577857	0.3453195445376554	-0.11632298763254391	-0.1530941647186384	0.04768314601265475	0.1398247225871116	0.2543739570921844	0.3008580145170805	0.6006509763015084	-0.449106757275048	-0.2508537148346205	0.5151300202728902	-0.29326554924025716	-0.23928600969220234	0.13447559485660823	0.028747250965058486	0.13250503564161448	-0.17324758996521203	-0.42340753457220615	0.12215760083158729	-0.864820915855649	-0.04116288663853285	0.9478136785585811	-0.489209127824693	0.21549009116979412	-0.10186973199878974	0.2180890227978839	0.964766933555368	0.5613504128291189	0.4868693272418299	-0.09132929641215404	0.8357180593542385	1.078471757473757	-0.05373444453651299	0.5750875279558662	0.17777638600441104	-0.5073230382881166	0.5365595220838747	0.7458845606473783	0.3397664683226828	0.11497807725483361	-0.6289335264335884	0.42383653264154536	-0.6088293533483824	0.05874946971981196	0.02981620844133965	-0.29230569451089783	-0.026875799132608676	-0.5062989863792065	0.027193374681867596	-0.27147804882951826	-0.17721855848136947
DTXSID4025086	-4.460111538931748	-1.6868469816511926	1.3382033910788533	-1.001795394097422	-0.56108432804019	-0.558383269320873	0.5256239962443314	-0.289333625840482	0.7690663069642015	-0.1857260566930144	-0.6691976945197967	0.012374559445845517	-0.6064282661732251	0.5087355880456611	1.810918775946462	1.1793246596224278	1.765681692651979	-0.6506993807040419	-3.217945351081618	-1.4503736593259917	0.3431067084706373	7.062809390606336	-2.1285081450271557	0.45518313384137904	-1.2402369644432945	-0.49148141773117593	-1.929062518609394	-0.6360731107028087	0.9068409414428786	-0.5111263314300852	0.5629844230711711	-0.28341045875585263	0.8404239128663263	1.330794933703349	0.10147110447360692	1.0599780436187352	0.8853045445473381	0.2634250285141729	-1.0173276199899854	-0.7264935366918427	-0.7703029558572672	-1.4901164492794177	0.20921233074510873	-0.8283658664665978	0.020224333370544398	-0.06538457161214664	-0.10287284970004303	-0.1747571317644833	0.332523811346249	-0.3678712769894271	-0.15451462958436732	-0.21875233921918225	-0.2560265128950102	-0.2730253862828271	0.5999565034847203	0.330877592714698	-0.4432464339725924	-0.580185444489962	0.7573010877581183	0.4177733139803162	-0.5847780349016108	-0.26379637397042416	0.6371779165906313	0.36324620986775585	-0.515929325301403	0.22664903830127178	0.13752752086952008	-0.20523887137649793	0.7841432678715505	0.6221606607324384	0.31722787270357145	-0.4685133040532328	0.545337739743626	-0.21339785874080403	0.5580731359309589	0.8142036786764831	0.09241019418766575	0.5508596474272804	-0.04025838379937885	-0.35222632081119487	-0.21917536365367768	-0.49421608282298646	-0.7652697198574975	-0.2749135982341139	0.36309433955337445	0.326510690548066	-0.6417310709280959	-1.5688882109826394	0.018582015778162656	-0.33971985313331454	-0.6292132456940306	0.6490667710054381	-0.11200906044843205	0.37311612785801906	0.6203950833013678	-1.4393461779998382	-3.5820230123071064	5.347640745814029	0.7578922313341926	4.220744433972742
DTXSID3032670	-1.613697019112278	0.15342423110328968	-0.5519063419635919	0.6103183419987009	0.06142641249030844	0.6783465401795082	-1.6628260709625529	0.3239869610047662	-2.088175209323371	-1.1417446886837486	1.8095420139048797	-0.8746368982113399	2.1166530676817255	0.8930161617893766	1.4226293829815115	-1.5268137559174573	1.8625768371936076	0.9639919062369158	0.07691985042156545	-0.5393025851006495	0.4005012165866239	-0.9779609943821646	0.3679673962953527	1.1992616114219552	0.3532855151268513	-0.5433859919835109	0.30082628081949037	-1.2922052230568637	-0.3069470052928882	0.7015361104889327	-0.2570492734415029	-0.10213327601200502	0.9134009606275001	0.4067911082346415	0.3415258519805657	-0.2046583060796824	0.7777337806439362	0.0013936972707361442	0.42859457949996627	0.003069118278409277	-0.4136351473422803	-0.0981557393461573	-0.814089059478256	-0.44657446803955025	-0.49228331590770796	0.2835729259603009	0.5015249780264465	-0.16861261060425628	-0.04967486505526523	-0.023155911558689016	-0.02584764820060112	-0.03856173828948646	0.14720470428692084	-0.3888481315444868	0.44618082917643126	-0.018282471801727873	0.27603553391791763	-0.8808414356672871	-0.2813902262089279	0.2081074083771831	-0.020245531799752896	-0.3793673067768303	0.1845869629253086	-0.17100758519010426	0.0333140072576701	-0.0337959217389881	-0.5355073168689912	0.6409169168778189	-0.9055120623633741	0.1215673686040811	1.0799404568289035	-0.0549812612204318	-0.3253315384902978	0.014731960299876468	-0.2244407326798879	0.3910923618609073	0.014685630930847501	0.2672791983635266	0.32214125294630463	-0.13503049716511137	0.4317180585923784	0.580964257806596	-0.42864325554589205	-0.24116798452821026	-0.03738086557023728	0.05663179502618943	0.45502589008981653	-0.08136708083331616	0.4316324195245896	0.17839491683070668	0.15953722962175987	-0.48013091385939416	-0.48555102014490137	0.6655570223715834	0.248893993732846	0.5760237538373533	-0.2923116805126076	-0.18612979172445082	0.12130002824208813	0.018114732809333373
DTXSID2048169	3.570308985081019	3.5595547415113913	-0.34337227276023174	4.8468386683319205	1.759986850010068	-1.8574778093509683	8.026311428324949	-1.7041518887743448	-0.8423780889639724	-3.0979035908097075	1.0803294015886318	-1.1120070903817223	0.2273452514463148	-1.4901458357007384	-0.8055834144156574	0.8113899144063896	-1.650059470873139	0.974324255482794	2.2864084591038525	-1.5453608571310158	0.7272702602994742	0.9026899114921907	0.16039506700900474	0.2028241360607435	0.6943810908665518	0.8719714220154794	-0.9198167486842026	-1.5876540231810388	-1.226687285510259	0.3139056836779299	-2.3311327373862074	0.6036502530365563	-0.30923976561440797	0.4423588080755208	1.3412328195424479	1.00539776335135	-0.6218691900512181	0.6788391881539507	1.1914705712365061	0.4983918293737561	-0.6631771400323531	-0.7166380604147559	0.21341443783668199	0.3922990444940719	0.13956912582916556	-0.8217217091040478	0.6415164686618445	0.4011370359942816	-0.3278507892867022	0.37811824772433517	-0.11742144933226246	0.01173074752574939	-0.24888965439129476	-0.6207548269626563	-0.2458915935590685	-0.08231706609348743	-0.6435140808365363	0.08869538845700399	0.5291782258241436	0.21523975685335903	0.3362393594116343	0.6168512202210132	0.10718569487004166	-0.5089304505268977	0.4606685599995375	-0.09718593283468824	0.3304576309311913	0.18223040194900125	-0.28638197234315815	0.4367964913807187	-0.7599868972399182	0.49433664732167426	-0.7484541958554082	-0.32209083439146924	1.1201719551057958	-0.6966195679159088	0.03641730672473298	-0.9569947459724641	0.5381753229582162	-0.3403102963973282	-1.2723910930156277	-0.16478165301563358	0.5345435062763846	0.05948341677505011	-1.2121262357512912	0.31662619213566096	0.2075536479621133	-0.17415417184008555	0.45321889268790594	-0.9291711172864794	1.0209759640697065	0.4326020583344523	0.6102332809545464	0.0028724647586582724	-0.2371631038461837	-0.6683450086273526	-0.8605650531325431	-0.8363105619778968	0.708543245396952	-0.06958975530444213
DTXSID7020764	-1.9350713465812481	0.8947806693703542	-0.7305517607996934	0.6550942980669598	1.5185848628087728	0.4166152203868165	-0.7342193206673381	2.109992548398241	0.46915606633464624	-0.15310400297652924	-0.7562705544391553	-0.08099851579333148	0.4122042169215104	1.299486950455721	-0.1643892276308712	-0.3479379795313088	0.917643103955388	0.4255066239753341	-0.08547442667831057	-0.828602243238206	1.0426773399413136	-0.9058810554953948	1.0182275850306173	0.9610250781079684	-0.2437043994722641	-0.7273089292760997	0.14681288297575498	-0.63752412186868	0.17902402946511825	0.2380546031399229	0.6318074402287962	-0.1029142724728468	0.37323702170728756	-0.703901575861791	-0.8204361954324791	1.0098565875214713	-0.4338421162973161	0.10480450391595528	-0.326678947066821	0.19278659553021285	0.12701652906183827	0.14925466118390981	-0.6967311957115778	0.23518365917939302	-0.23405013968680477	0.35352218584383216	0.45259739859956605	0.053157508931248834	0.08594087887203883	0.2582329565852807	-0.11560273035870042	0.08175329275783591	-0.1335614426627282	0.06773350662690089	0.018429001008861533	-0.19906440416504925	0.025940724763014053	0.009753586762129778	-0.9111670388693681	0.09610353106994379	0.26430464243430235	-0.4668015800057685	0.4801097203216885	0.14097778252754542	-0.5714922209219049	-1.0024788342615787	-0.2618721440753912	0.3067044288213756	0.012428056475540274	0.2667828922518168	-0.08957138140335467	0.49496266306728165	-0.15831376378295492	0.13726401730130441	-0.019888650195655066	-0.04817694778774279	0.2087611750322762	-0.029973323778227888	0.3452843625967429	-0.658640239630855	-0.10896039665522304	-0.5098032219289572	-0.17275735300182252	-0.4439940440879677	-0.1438644580788708	0.5541963550565782	0.6166322084771546	-0.0642560782489059	-0.2540803472480783	-0.018675236390929887	0.7563400929234086	-1.1548543233627182	0.040907063915813495	0.8910231686167039	-0.055718998354358215	0.23341757120970896	-0.05521941596943813	-0.05434155382160205	0.2415906124198327	-0.4813255633334054
DTXSID6045955	3.1670951473122164	2.3496165926547032	-2.6439567191003692	2.630656103310116	0.8452738724269421	-4.0308221193269045	5.553235456953493	0.06456657772278045	-1.9114057466688998	1.5813433615863473	-0.034328818800455976	0.26407889628576975	3.4825762505098	0.13132216875736347	-0.3830603092182541	6.484196972427918	1.8943640309741396	-2.1414134335981694	4.504772506987173	-0.5081132561856191	4.1128433259109345	0.42228087080174637	1.9455830718923255	-0.06391633529241106	-0.48610380824466987	-2.2941043986017147	2.0666537561966214	1.2474138855449066	2.3313746115078082	-1.454554692936125	0.6457254616211696	1.0204997899062067	-1.3918894916345392	2.8983512328018635	-2.33317731283266	1.9666477775948614	-0.1654407753321026	-2.5046974443942864	3.788839251007157	1.516870441492469	2.5365430280410877	2.74518678666686	0.02275452583371966	-0.3136784360120379	-0.3570169198561619	0.213199556367079	-0.007689657191343302	-1.262435355335652	-0.26968746057823256	-0.7353995880773094	-0.3393717581799719	-1.7526063650218409	1.3391844945719855	-2.541715344254864	1.7725365877953163	-2.728804781134798	1.3445394237294255	1.7091813496131802	0.4462290335769654	0.4209126692341605	-0.9410386158251308	2.869325678616722	1.7967036356655923	-1.4919460272240486	5.6020185972149585	2.412978912386252	3.1672225406188876	1.4123483429484116	-0.7089250797194246	1.35381059548302	0.739791033924049	-2.212685075056978	-0.797539828893357	0.79559756392329	1.214330745592081	0.2779696649742199	-1.4176504326767843	-3.0766581993576003	-0.2340912613679045	-2.1469556006885835	-0.4707703768657226	0.5043075282672874	0.5954124674227859	0.09002947785334284	-0.004214828114808171	-0.07251974031085723	0.2471837327340964	-0.10386119280941264	-0.39381202552343963	-0.39309720977241114	-0.8847452606608979	-0.07144711831659666	0.056672877045588654	0.8221139564023946	-0.6001706433674372	-0.6869231476831188	-0.08409473481304275	-0.15970177775832983	-0.06334966364953307	0.5316883847982962
DTXSID3024657	-6.285000316984653	-3.350311178534045	0.30665549106128653	-0.6535489509323277	-1.3194155221822568	0.7626327076337134	-0.03504374672134772	0.5629991197810842	-0.07564280583866007	0.3619826343575868	-0.13221217589752454	0.0005115949378205005	0.4240517173273124	0.013130950560268532	0.33748672419666365	0.32963857078512704	-0.25701276593922345	0.40564093295297704	-0.5206283624979227	-0.8119811879368082	0.08656114616487522	-0.4237029780836402	0.6810585147065747	0.06353690849442949	-0.2812794464985447	0.11177877084964762	0.1737177854588422	0.3611391431634951	0.04887307798246393	-0.17735014942441074	0.49692250980478747	-0.024843683803005716	0.17344331676281674	-0.7669608413156593	0.02303601982604179	-0.18492376827151835	0.0703357006673254	0.20508003491560978	0.4220649563235154	0.1539741440685948	0.012601586046605755	0.24552267759020027	-0.20795345308286506	0.28535538261821913	-0.22063321566794264	0.1587175474672791	0.24734007103713357	0.1314399506503842	0.16382671539450774	0.19469205288321859	0.13637004712667555	0.22974925992197182	0.18974026743834452	0.028016080808457897	0.18369796800774635	-0.44374904360964973	0.3726750058221408	-0.04419516586139971	-0.18807095987104908	0.19348255253868293	-0.002144669836516147	-0.1616176013652059	-0.21441413206985216	-0.161409378053838	-0.31536137555884436	0.11304908890159159	0.741023187142444	-0.053781614193017906	-0.588086550523898	0.4438412362657329	0.04543995241267659	0.2483408791798735	-0.2803719794809209	-0.20163889716896288	-0.3567124872264144	0.3108895755409011	-0.43911761566793894	-0.0005146419208353925	-0.23887085633163818	0.22219553015919696	-0.22998254546139907	-0.47378802686481364	-0.2543478762796098	-0.6517172314148059	-0.1968205114837528	0.07636331438097979	0.22685404362043668	0.1451199093415095	-0.18543230258052013	-0.1296726958158965	-0.04842162088555175	0.5511190827859627	0.5308557051168245	0.1826371627161146	0.2988638300045803	0.14742677928839779	0.1813797471607259	0.21109137122893812	-0.26337724070656915	0.0032258960427976177
DTXSID4048808	-0.7751260419690257	-0.37014048909366243	-2.3371031157912525	-0.8448909244384334	-0.12779999531072023	-0.9703706829785878	0.16218951754569788	-0.7062078447268341	0.5816334093674066	1.3652588127741954	-0.5164571222276865	-0.8619191492892718	-0.9419172341301799	-1.1835689833160898	0.33519404711756506	0.3985534352361046	0.9707122514245408	0.04444495502623248	-0.6961896068076172	1.0403739258087534	2.3192121171891906	-0.33431109367781314	0.24131940768409532	1.241716997748675	-0.9092629127357682	0.4234173427880299	0.4412139534875208	-0.033391919567075906	-0.7525128341915723	-1.160013511554526	-0.9115705801326806	1.095766978854048	-0.27338364694631745	0.925330399559307	0.36465861039122044	-1.5049710954098698	0.5830377208731865	-0.1530058445912026	-0.9372604488493534	-0.3829804034443203	0.08393843973837388	1.308303239338933	0.5307919019864066	0.03733896577240896	-0.45241556519354503	-0.005890970587902184	-0.7696903088965745	-0.9315893113103823	-0.22167694302225388	0.42523774535965275	0.28158880101875455	-0.2435531240219748	0.45250286102148557	-0.15702499125244407	-1.7001338609814522	0.7518584736429446	0.7876513650311453	-0.113524348878971	-0.7275316839685156	-0.2377865934899442	-0.1667001578881209	0.02301334423954253	1.2761264929292786	-0.6772938493095937	-0.03585841297452682	0.4745313287486171	-1.2046449737062381	-0.6079269722705288	0.012431125203609759	0.5381980388513382	-1.188260822526836	-0.9891881395945628	1.039308529974117	3.105308981355766	-0.3572556259949312	0.3023793924003242	-0.9400929029413022	-0.7662315334737405	-0.8572581236023978	-0.7327315633612992	-0.9237234348631903	-0.5090410103450838	1.215491408350379	-0.508710666001724	-0.17578421459708882	-2.3160082625898983	-0.2618316925864047	2.003648549643843	1.2248241337433852	1.52484134502864	1.1350967205767393	-0.8481555782514442	0.6452613013563057	-0.7759920588287346	1.2038140670193767	0.031208027990953496	-1.175257305938594	-0.31323840777120077	-0.05393677269498505	-0.20079549744860456
DTXSID1044196	3.309476454720263	3.628470172455805	1.7294956444130698	2.9051457181408047	-1.7412781855402402	-0.32460571776803665	4.0127423989384	0.7345847372591608	1.3541210485767763	-0.19390089865501414	0.9810763537104006	-0.5644321591451541	0.18645276297790306	-1.2737288084890726	2.0147553486385665	-1.2890006812173729	-1.521029502388936	-0.38452081245072645	-0.3206853615920007	2.0897944385064298	0.4233515104870025	-0.7175881259663446	1.9452381549540638	0.1942670601392217	1.6111645662155452	-1.5133815106207338	-2.0009606095567523	-1.173016381722979	0.6630594760875411	-0.5126216471907855	0.124733251815703	-0.6674296959168274	-0.7672374872656349	-0.4612798862394208	1.0891621688294455	-0.03141725989884516	0.9343671885997386	0.6975849248679667	-0.1414685775167204	-0.40403299198648496	0.2646944238169666	-0.08963236371805065	0.8076620827538268	1.3757375271906926	-0.4973315944304298	0.22719555244001843	0.4080816453537344	-0.5322859748111355	0.5325579281746456	0.5878570423985432	0.4051939913668188	0.17662298419739275	-0.07856238461377694	-0.4553171419850542	0.35301510927775454	-2.0211590537336406	0.1452534310196091	-0.9409584505010082	0.2586139347746386	0.052406702739188626	0.11060074060067171	1.4981136843733498	-1.2718325167294944	-0.6802169210669413	-0.43907654532032386	-0.3844633776890882	1.7450512118492487	1.4722202936297684	0.694696052498121	-1.584760152902963	1.5588795544341154	0.8334910079458108	-1.000711096041407	-0.8847956619280547	-0.030634312924355915	-0.5580822588878621	0.939662729719891	-1.0287637812980273	-1.4240122667508786	0.2894244727252372	-0.1975261444711251	0.7553501467021411	-1.1005271830872523	1.8847314947669096	0.8310093271208592	-2.771832672517931	0.4714728843973667	-0.6163843578401951	2.193630889124403	-0.9733221946453321	1.4288299065332488	-1.0779829235455263	0.6960243150466149	-0.23175163436688379	0.2699473078320942	0.13683426628347134	-0.3248002359386171	-0.6110174999336596	0.6066227526632898	0.32133817159780986
DTXSID7052602	-3.7061202599823506	0.515220189658104	-1.362287518930804	0.11547704688229599	0.687557094281979	2.6407041497829247	-0.6525703103486796	0.8465929223988566	-0.9672604616068871	0.03635455211571848	0.5668946875041264	5.092974406964599	-0.07671013455015596	-1.6812120506039323	-0.2224813996518462	-1.019294566587422	-0.34215820010242054	-0.3344680570682852	-0.07477224198206014	-0.5326858881643395	0.3733771691850084	-0.2446472784247271	0.5176109997973003	0.6007829475656282	-0.5159908959485058	-0.5999889714673737	0.25759829011234997	-0.91624627296386	0.16338892170346714	-0.022041560939145263	0.13095622002674787	0.0463355391687399	0.12408763125043051	-0.41136463105146187	-0.18327354759378423	-0.17143731256217315	-0.12634707895194192	0.06530382223020079	0.16175705997609302	0.007791127091557812	-0.40774397904078025	0.35028395967061615	-0.1485728703849219	-0.19830595867747622	-0.001518078766893769	0.04556453843932582	-0.029889719319078197	-0.22421436148359083	-0.14318995492461606	0.10344948891880935	-0.009394831871271657	0.03891430897003754	-0.06770689396703847	-0.0541028378095146	-0.21855826031664582	-0.037589868263444945	0.3347713167953068	-0.2762646992230235	-0.2040115856183876	0.36442168136558467	0.41262414111104756	-0.2164521270199923	-0.10596796665677985	-0.12084348714608996	0.21973846832457106	0.2373410282865601	0.032895490381324825	-0.10615180368534835	0.43485031275051034	-0.14645007807678861	0.2569627189996363	0.4122975772307556	0.13836194680490796	0.1608678278108331	-0.4958606710675908	-0.22605395741452788	0.3659460517905997	0.2422392695777774	0.44257892251673303	0.666045647255148	0.2409753928744513	0.6517836464358239	0.1378479048028217	-0.7088968861655964	-0.027177891423773103	-0.7678178512380843	-1.2798541947257904	0.17145733617983083	-1.3363119100945853	-0.820072293559913	0.5271107909999461	-0.33936736369092324	-0.22030854407172562	-0.652644626364942	0.11012835983545041	0.40790164611920826	-0.15230968363468475	-0.23407269614417844	0.24604996024508297	0.2878004562310903
DTXSID4048771	6.3650989945349306	2.883128680502832	2.3040723852219465	4.847837973521061	-4.307325404395332	0.2579446137404271	3.0516212111152377	1.642315623873568	6.53306844151016	-0.08014414080708261	1.132526754210539	0.07565562857600958	-1.8119813751819942	-2.0852837307363155	6.072698221557283	-2.422251644135896	-3.6792103029252643	-1.4305920493220903	0.9008495524325698	7.449184074492944	4.132469160984798	0.536250260582922	2.6932383237611015	1.0929992480505273	0.8472956746963696	0.1634360555747356	-2.8137889881434286	-0.9812868660241412	-0.29652436960770845	2.479372018156121	0.14268564382700524	-1.5046484005714513	-1.5632748613519092	-2.5321751800148773	0.6448737834077493	2.550914180588427	1.7783141202726505	-2.117764264248315	-0.3429814228931058	-2.002145980470143	0.24464760303308355	0.9353641301253832	-1.6480181851817899	1.2982252737365603	1.6542824257939215	-1.2692921663054522	2.2738658614840865	-0.4072158377201224	0.07221655268380829	-0.3515836663735555	0.30108260995472036	0.26530292267416467	-0.17241388632703394	0.5753195866330312	0.5054856078580636	-2.9868753464366096	-1.317663372033518	0.04476997409784014	0.13529499568391856	3.530419741731022	-1.3860026630167301	2.8222361061946146	-1.155386667329531	0.48824915575168226	-1.7665296849049388	-2.1210008957854267	2.026372484310054	0.8515717279594153	0.7865149533184183	-0.7941735188678067	2.2432863177941185	3.363337227250686	0.3829229828214115	-6.473829919101118	-0.9433157544826085	-0.29563512465232616	0.6127540364513113	-2.1043469880175123	-4.680440916819516	1.1952778621145035	2.570029473557388	-0.9727059585358485	-3.0567659499637925	2.9218391847000174	3.7263457815480794	-8.349991701647415	-0.22776193967808428	-4.2144292292964565	1.6464857216705577	-1.2078420869894855	1.1539376095244607	-2.1179968323884673	3.757163419290724	0.9572081795346902	-0.04591130964088928	-1.741940254274536	-1.016764664482362	0.8821954040311532	0.5002716245521637	-0.7266514132056823
DTXSID3051707	6.056157399760368	-2.6486992663634803	3.821876669871974	-1.0269335815864697	10.53756301302127	-0.22095310471991153	-5.930175224635624	0.9611443105059012	-3.660042499187842	-1.8530600161515032	0.5115072118533467	-1.2720144653439223	-4.481756074022924	2.158599919275349	-6.027802558585919	5.897214028408156	-7.142303020332208	-0.9810214067697662	-7.253943348482656	6.219005407020089	-0.10902696495901538	0.46843079732106807	1.2360762229546096	-2.413721809252506	3.582873188727754	3.896875508202992	4.156340844838084	-3.790175235069273	-1.451021313801658	3.26692000620062	1.7198140874922225	3.4547412766695627	1.5838461962190846	1.961315469462954	4.951618441865911	2.640918976813003	0.874240250876609	1.675574338391015	-0.09568212058052208	-1.2744845894050254	2.2876479351584718	-1.5070955288998131	-0.5919974603941717	-6.6240359267688795	0.033403545218587447	1.0176314389060657	-1.588658641302837	3.9020601343794987	-1.328492120447244	0.7415667410872699	-0.3165919205611945	1.8681278854322663	0.19566166363911167	0.6984862838292049	2.152482196888275	-0.684838247731279	3.6474436095944043	0.7951754949548709	0.08934752289533399	-0.47921536131909975	-0.7087483526808067	-1.7846619041891698	-2.041312476690639	-2.319685752137287	0.7829449390407005	1.1652696391840922	2.6194738682786163	0.2898427672738503	0.38669512033607767	-0.7896352384144113	-2.982367676856959	-0.3917736129340494	0.6136535551187126	-0.4977926685207302	0.07605753415626898	0.3460738148892515	-0.8988612295745265	-1.325674892142433	-0.4443462944328556	-1.2537091688297064	-4.9347293247411255	2.183615039201922	-0.5000807886559643	2.607733536296257	-0.18335159436907641	-0.39920591737963684	-3.035698315154035	-3.4626415362892513	-0.29573599825750096	0.9757150195948202	-0.029463646995860383	-0.9776625202018434	-0.8912574923878382	0.16025321280726115	-1.3893610898251234	-1.2818563599190662	-0.6030328054561235	-1.835531410935296	-1.24564618347079	1.4181301962077777
DTXSID1022425	-0.14847886494474577	3.951123339407495	-1.6087430672371859	2.340366507329826	-1.8940877425292066	0.6595559513340251	-6.160804635402054	-4.323919534520845	-2.4840047387811355	-1.785620458275914	-6.5223140355993445	-0.861071696516949	7.595050331371377	0.13018284973653202	-0.34134131136211454	-0.21909461249304527	-3.962762417704225	-0.27863942417063614	-1.6212982666181641	2.2835387723454192	0.9515339546929279	1.8229126440598447	-0.31779590145464504	-1.274965703139718	1.767070979387029	0.8356271176966481	0.6312206808193366	0.059034489525280225	-0.34969003037218166	-0.3687055800801131	0.14403956965972736	0.3363078414118814	-0.3049544488579393	0.5036181032937298	-0.43286946814070065	-0.10510714802539142	-1.8835009065035122	-0.07248086133732001	-0.5281342467668023	-0.23713423225564334	0.6391727004533401	0.11213302733344054	0.06225873824404352	0.07780483976979372	0.310809750919408	0.17645634783022754	0.242318408990005	0.018573476540743643	-0.37307915848673573	0.1842688588279386	-0.22371492782044966	-0.506724902221851	0.28146336584707066	0.3391882369560751	0.051672194973972914	-0.028048869895577547	0.14453773878089876	0.24513094863501844	-0.7571534611391832	-0.4927657059283214	-0.16852249814780706	-0.024432812477001613	-0.1985887006121296	1.2949952679553565	0.16816458925854755	-1.18870054799746	-0.014867867603436967	-0.053337526167728876	-0.06886303569349628	-1.2316263150630269	-0.6316183425381889	-0.6234264772895548	0.5514021504966734	-0.24325034144871363	-0.07833723955895082	0.680858788881322	0.7052089818580056	0.03412236256473788	-0.1391612305896125	0.6616928047268357	0.2656460188465523	-0.5081099736236852	0.23027799819539074	-0.013546754524953263	0.1914190367691005	0.7886127656428839	0.26466396794973146	-0.2814533333860133	0.08814923877274876	-0.24193270379841306	0.48768777746253544	-0.6533250690349687	-0.2503568337570975	0.007135547039094368	0.5232974815255519	-0.3084017248844962	-0.06032839669462159	-0.5745006100699696	0.6736203098095248	0.6591123795736572
DTXSID4046816	19.818933261914133	1.2159082198207667	7.451107261230691	-12.820833721250763	0.49035572332406385	-9.785262750942062	1.0470896664909002	2.0498659743524867	-1.687886184475226	-0.8009995014725456	-1.1085090758469724	4.193827595024743	-0.04555257707726315	-0.445147319567932	-3.763106633554499	-0.44392482274249184	0.8709323819687557	6.333384977593666	2.864621538362867	5.8255964587150775	-1.244945646757588	3.642016684382428	5.195642758377948	0.5950999568788383	-4.4740532102845725	1.3630603823205958	-0.5742574375809293	2.2116281375229074	-1.7100410076653503	-0.49968594538862104	-0.1603054967591102	-0.09802451131609617	0.7338858037779874	0.7301681278593084	0.9131338563315053	-2.2372649013181882	-2.5959398625209373	1.1777698901150337	-1.2420870648647266	2.7831679123623214	0.021757493535411385	1.4624129789006555	1.275876995568994	-1.1561684693821501	0.6181539923018734	-0.6644795269422398	-0.023002774550064095	-0.2891211564697774	0.06438058523255402	-1.1308899875499971	0.20187662099638307	0.11374070368542036	0.7415249334197654	-0.3992441786626222	-1.3542391423881275	0.7701187763234889	0.2997149940424098	1.4170807038970712	-0.22759229820426413	-2.2079125101973607	1.682866517411825	-2.4052369185044413	-1.1750353457859235	-1.477207339328812	2.6182160714803593	1.1761193900594746	-1.5311677177067209	-0.8054408914807855	1.3440098730919672	0.5572818880560255	0.6132390899797211	-0.39735080759930214	0.7456151703300263	1.4915641229917294	-0.8852929982947516	-0.65956353907186	-0.2637593596758429	0.12731773100573626	-1.9589687834876983	0.47502547888210495	-0.08376212561653638	0.8583562159676649	0.6399992058251304	-1.6938132713641718	0.04412904103488753	-2.4244608493264828	1.7584666469330092	-0.7954785413409416	0.31159328143251697	0.7484989743135343	1.0433860606802947	0.3347089864900909	-0.5570311990841289	-0.7144821907006353	-0.7952862853333326	0.8939632638086236	0.5554987067225114	1.3545713386543807	0.18767106768832992	-1.0294548048104446
DTXSID8024947	0.05442730722589361	-0.5656261419188635	3.859415398116073	-2.507179421983712	-2.1232386809971358	4.975044368349836	2.0179357265216833	3.9146530722112227	-0.6892956676841048	0.9543299722338862	-0.1730107927521139	0.039885523796450446	0.721215707737008	-1.4648380128034124	0.8404220680995331	-0.7187121123265168	0.06304341618731225	-0.2242057668798357	0.8786436931835386	-1.5751122235737962	-0.3683864444961505	0.224089766701355	1.5693383755627792	-0.595143300222633	-0.0512027502370279	0.7450138515749374	1.1745439886858864	0.17386942630977584	0.07270546624469303	-0.7578208440623749	0.25345726794324935	0.8500954908547191	0.11841956463710546	0.05001919961626405	-0.17144967643216552	-1.1172101287824299	-0.7146454828061245	0.5823654795905866	-0.9192894634884029	-1.8769178268871136	0.5664633438238905	1.0163941747498548	-0.43300282332005874	0.2785805763959077	-0.02769779464472348	0.2482266016733649	0.5891881708183374	-0.16922329113844387	-0.026018801864277838	-0.6702329023253335	0.14797559408316144	-0.05171785461679734	0.16494783989939135	0.020925013143169198	-0.11934139722890591	-0.6346804350225577	0.17409853499836642	0.8328202698754014	-0.6888910876670277	-0.15590028809037412	-0.8045869003855715	-0.20079672082005048	-0.49054719022784926	-2.4159461684821855	-0.36391321017841544	-0.26017083391473406	-0.8653781081259749	1.1695481642455536	-0.8844310020992955	0.8009567799720099	-1.2917399931725269	-0.15102839984865643	1.7060367042359275	-1.1912164511135608	-0.27630635478154636	0.139302986804263	-2.2681716101948157	-0.7564516228324409	-2.071035874865409	1.9737426434837175	-0.740530376418522	-1.495881282087019	-0.21814878829248333	-1.2353954353035246	0.005245524667259672	1.1239886649367712	-0.1592825016090244	-0.23051516575807707	0.37594979679248053	-0.040499432688013134	0.2736302901307988	1.5664220775819357	0.13375825303368333	-0.7062560894839466	1.1315988660560397	0.5319841823208608	1.1727366438899214	1.5499252378076507	-0.2771900015935839	-0.3038630622571477
DTXSID1023603	5.158328818053417	-3.3245252717315608	-1.4649857801737645	-5.02728561119915	-0.7630994901903768	-4.97275370276061	-1.6488953565278774	2.645045412792164	-0.7837622233957853	-2.086014439004103	-0.952233667929104	0.5626374057497324	-4.158852989803272	4.002806605406956	5.686559489636179	2.711361153180805	-6.264974036572913	-1.5351771141581974	0.13255334830797275	2.279713603703504	1.3748910687450042	-0.985402339230074	-0.8003722089238661	1.7620791049762365	-5.179086239711394	-0.3634662313108369	-0.8377915588103398	2.207701676960292	-2.679326650371866	-2.918917645015671	-3.2453197659508737	1.2772204782771364	1.7004142600775984	3.664097616639487	1.373740953831152	-2.569744177749973	-2.9515321441277975	0.246473046100277	-2.0276852162905326	3.198035081849775	-1.659888359181925	0.21772303291655934	3.4781744846842995	-2.69230677202928	0.8506117973600454	-0.5214508926907492	-1.5974940107894704	0.22378616487672323	0.65194175656935	0.0633930819116737	-0.39316219664598295	-0.7859413045415625	1.658416315486666	-1.482785601487575	-1.906676203888717	3.149722339365154	-0.08168112504936506	1.5592151514537729	-0.48153153340714655	-0.9403399969136905	0.21214885870179315	-3.9176846518899406	1.61498565648157	-0.3246712216518507	2.3961027173071185	0.11202047643882761	-1.5025289505887087	-3.4715529847047195	0.6766125527262742	0.18085110759410805	0.3985445970938762	-0.5328064591735665	-1.4171394352136373	3.2099931000943567	-0.32195494734220736	-0.7486532279150774	0.41191236786919355	-0.1755498160768087	-3.332011690993019	-0.697534112107799	-1.5927187747239586	0.8021522524724211	0.2309655648929763	-1.0548274888120268	-0.19305785920017757	-2.779331492967299	2.0528564077781493	-0.7061387046781397	0.6082137395440436	-0.648023398373701	2.630092867212167	0.6598855724281071	-0.5959786673554643	0.042957121194135764	-0.5987605778068894	0.08321436211564674	1.5056880003785293	0.4828609158780635	0.5057058752547396	0.31733142011396287
DTXSID7023435	1.5576964225001528	-2.889217782451158	-1.1212495403141107	2.095847125024914	11.662290493127674	-3.112840523808628	-1.2069060539013428	8.95830642088961	9.217046884092719	-0.35843660113024234	-6.936257760717994	-3.2936025068578285	4.933172741827627	-5.909292878659209	-0.004786436094106529	-0.009430638583090116	0.49249824805625253	0.42405456687013754	1.9905956225321546	0.4337162035204299	-6.636077317953543	-1.1250117494233336	-5.378037623665844	-1.1444161704823388	-1.4367595295407811	0.4419966438115401	0.13280929718353818	-2.5601093062272673	-1.9790654049264398	-0.18331745126117113	-2.4769599458276517	0.6644655619779234	3.5023524998169555	-0.14543782051459084	-5.170827476176276	1.3820839298430072	7.583526256407452	3.373972781614353	-2.846078112710967	2.0341763244349935	-1.1447574370023397	3.8390415353540757	4.403727156179429	-0.23399918582759743	-2.739935693940598	-0.8084840095657316	0.7609731982297487	-1.2731868320905233	-2.2101887649373726	-1.7976735121332954	-0.23110238110942657	-0.45044236242675767	0.8674457645638207	-1.792255094566154	-2.895655066883656	-0.687361943977714	1.5762451637917314	-2.31475762746771	-0.16636145205601255	-0.5612845385742523	-0.7193031098723983	3.4754694131135064	0.3177462779585345	-1.5677991010444123	2.524770710692357	1.7118291717942042	-0.2919898102160574	-2.702233043802968	-3.1388167160441105	0.7306673767843578	-2.88073977409091	2.574114999395732	0.39062857934911827	-1.4396492830230239	-1.0459879564646433	4.3995203697417145	3.028185328199687	-2.0229763816558797	1.0842174113237653	1.6560403615334214	-1.0378533690853802	1.704889083008612	-1.0679257345920625	-0.878286173655544	1.008633321932163	0.8850186574467174	1.1063434155900043	-1.405345911421731	-0.12528540030734836	0.19397707687759144	0.1626389473844604	0.24342771059435994	0.746171529783794	-0.6808601853329854	-0.7891862022378084	1.068911767210951	0.1896136120164281	0.5492892176027789	0.2716428387203613	-0.5625635298974186
DTXSID5020948	-1.2823655544858685	-0.014944829429526648	-4.731244327387456	2.738489498593909	0.7548124309705937	-0.10891125247585287	2.4918714531211745	-3.236419717997978	-2.223921131542218	-2.579419349193468	-1.0008844943213706	2.4345418584919356	1.7936583782112356	-0.6559083694229412	-0.15091987421084901	-0.4693654707275534	-0.7606867933027751	-0.4702940174741098	0.09461176813115	1.0852282220870766	-2.167531101351036	-0.43240358661024164	-0.09589454724014534	-0.14825792082021053	0.20440107929019752	-0.7663362114056811	-0.21395054054887572	1.9776889652334444	0.941899502850172	-0.6726379433329371	1.0993991776036862	-0.7206595167049437	-1.0922326771144713	3.5448338310263314	-0.016196085022293746	1.163229523350446	1.7455977892470427	-0.27713221435728197	2.8460399438200032	-0.5346929950288308	0.42368494753205094	1.9971113462887133	2.1445451087670353	-1.8388849491350412	2.8198914876472756	0.8829007459318502	-0.5572198545884333	-0.41735671576016736	-1.0208791448026342	-1.4655860661525697	-0.3000714946269351	-1.4726669412110036	1.0522669147080308	0.5153083329575011	-0.10812698480656135	1.7001820505270495	1.30656195345114	-0.8187683784968423	0.5205320976470912	-0.051357121663356584	0.6748981186996797	-0.24569847298041894	-2.8518504912338076	-0.4189889202312662	-3.297253827407427	-1.1285699032712957	-1.7478929314601725	-0.9984482123822501	0.2490586489839692	0.09529959439909798	1.5038954737082981	-0.22886215437053564	1.1414234157510292	-0.4264353529663308	-1.0392780032415856	0.5331147569406939	-0.4164252069845826	1.605760502650407	0.9938880508120147	0.3030097184048424	0.01019089467267996	0.3139517842512805	-0.47529252117208864	-0.3423312688612496	-0.14341271846228681	-0.5447877403246902	-0.14764730033672518	1.2353287971507168	-0.47998558905855304	-0.37379139590870236	0.36613139486767954	-0.1369821864279504	0.8330525957449331	-0.6802550956759132	-0.8431541210800565	-0.09031790617316074	-1.0456894182501604	0.5423724837571945	-1.4429210776400663	-0.7537396127074781
DTXSID4047335	17.802190654320587	-1.8840957936337515	-1.6915711370295718	-1.0542286999390578	4.849849466723893	-2.2790469473185366	1.8324273475500517	1.6835237905008327	-2.1400682250400096	-1.625715757813315	4.588724689634568	-0.8486647534271818	1.961952611052356	3.607077568648416	5.986142426836081	-2.492282105976076	-1.8521716610408596	0.249790466221503	1.1246661713114972	1.5577521917735737	-0.7472790798946021	-0.20212699545781468	0.5830806570717374	0.7359159446951229	1.2001982357538274	-0.3733406356634894	-0.5851198949821699	-0.7174435692578418	-0.9145137785656896	-0.41123499792150586	1.3651722652716536	0.17492652137534268	0.03782249386748145	2.0749028552584043	0.8865348423190679	-1.8566381110826926	0.984301698711436	-0.20779235923687533	0.3169790357777035	2.261525838556055	-1.1913550915201268	-0.18517830873337776	-0.1224880125919697	1.4495724539575376	-1.8679478223014752	-0.7132388753076084	-0.4844881396891061	-0.6650809516127625	0.7627326798542569	0.9798748727558257	0.38129173221515666	-0.0992540639863682	-0.23989905597129488	-0.8742647063333063	-0.2992455811635705	-1.017242947059605	0.8612291137021131	-1.6116474811107273	-0.5378675750932888	-1.2218330597340026	0.029929866764536232	-1.0777573170177825	1.155593859767983	-1.9478292456282995	0.30791752954181895	-0.8602018360997495	-1.0449123335147368	-0.41711218190538707	0.08954961203535476	0.7466082480121035	-2.5576085542244664	-0.8642652611753947	-0.2735032194544092	2.035148102637719	0.9322292830725362	0.671915318280202	0.8678397836680164	-0.31744114073168483	-0.7083918056159221	-2.429523084082483	-1.6644384213070416	-2.9566188355864007	1.3313548718406816	-0.7300038182159254	-0.9788307017534987	-2.2223736922111894	-0.3651996813133863	2.6049587986959133	-0.5152436181892593	-0.0327494008398827	0.8266262975245644	1.6631975860096966	0.22405108886561828	0.26554071938183427	-0.5532176535889555	-1.1367118614156706	0.07383550308221269	-0.4171796867046225	-0.1882638268440927	0.6434799015029388
DTXSID7034549	-0.1861859285545676	-3.540130167906333	-2.4458906752402703	1.919079566230067	1.5567490966262718	-1.5785189711828413	2.526185973071345	0.2048526030827074	-0.8786512632075408	1.217424221087707	-0.8369426394006803	3.0834496096302044	0.784302023785685	0.5634428842919522	2.3020419992188446	2.483723859978483	2.4335240627807515	-1.5644336169170694	0.7332484745376653	0.1734632056544624	1.693118677512968	-0.07483669998001412	2.5935194232734853	-0.2566251382446958	0.4914722778439118	-2.9059451891433783	2.1997102805465487	1.7822981503336721	3.303745538583308	-2.3600938929251902	1.3292558276410955	2.104392530871441	-2.3407930690050507	2.0266127278736943	-2.6886620055649173	1.7229898161862616	-0.8117076607935776	-1.8954467574295093	2.8432451780652315	0.6879014201454343	1.435667470315535	2.235265607205155	-0.7953785168562394	-1.7251405560246469	0.29514403772926795	1.3673910655175956	1.241169727552293	-1.0100841767334339	-0.19393843242960632	-0.657983623878802	-0.7851299242850244	-1.585031677925156	1.7220258287870847	-2.989568595613886	1.5069092686563241	-1.911743829684657	-0.1515563911008026	1.8659998812979943	-1.4774820244221778	1.0563590591656857	-1.0042373675888467	1.9519185425575067	3.1039952541168025	-0.05182214812941581	5.817691832551289	1.237153138645044	2.9037775816948863	0.6000142039859342	-1.485723401538346	1.459938879183336	0.7808943891194057	-2.3046157683885253	0.17065631221336228	-0.6423840988725427	0.7320881755778366	1.2645903378502763	-1.2841714497355565	-1.221872591407491	-0.17518038737406308	-0.44409671911077414	0.3477208586253297	0.57020719934695	-0.024373325747933276	-0.9052315222118236	-0.32804715082188807	-1.1872433819823611	-0.9668977901361997	-0.12023299157406236	-0.7476744780503092	-0.8810327865107146	-1.4377267608484796	0.9331592887545527	-0.7031306176252882	0.34869290119362556	-0.5127646941993086	0.7442018959367865	-0.6469145897927668	1.261712033273639	0.17092185369976617	-0.09228958970661623
DTXSID0045416	-0.7143018702063798	0.758619357557128	-1.6947213659889226	1.8323910285242022	0.6089154056240749	-1.642897071367963	7.222066857440201	-1.397232327850093	-0.4083312478576876	-1.370341149078717	0.24420502265353666	0.3435444472940354	0.2583887863844728	1.060229028812989	1.7997808347015536	-0.03580647148271413	-1.300102029448223	0.6713170537283334	-1.1610096926865028	-0.3080729663737413	-2.241543359972032	-0.41016165692866735	-0.41919041438011484	-1.2399732119847084	1.422822069258635	-0.6137042124746922	-0.6481662889967278	0.20488665609232984	0.5624782280703441	-0.39733899958019225	0.8896618681840708	0.1917395200358835	0.12933172099215315	-0.774483943276967	0.055722837144439666	0.2170616708147658	-0.32406497568180576	0.007055630951924633	-0.25427802040157366	-0.577292940200108	-0.23172949252649774	0.47655581514018164	-0.9902674193771065	-0.9945099244727046	0.6478183804667756	0.39838180932044365	-0.1780532812457938	0.2522621152191208	0.05430038787573615	-0.4360854675710115	-0.17340947046664987	0.2116216792116696	-0.07121688426617688	0.07205749451218554	0.03531930896456187	-0.707690943608796	-0.3643530865545691	0.5488593821374897	0.1875012287579621	0.8790165796501015	-0.39959509651428926	-0.15534735693269788	-0.6997886496792238	0.2475983030874211	-0.13377407117362328	-0.21698698439054728	-0.21775583792057882	-0.5265529903685957	0.17895915548292654	0.07336781333894887	0.7161255024952622	-0.4692165892528598	0.3258072740836493	0.3473164985212493	-0.6948074019054418	0.3621690009252662	0.6935929394114526	1.126748870056916	1.363993780162315	0.5530312333045178	-1.1527636576684492	0.8588931638709086	-0.5604673766366598	-2.0203570134919326	0.5241943417249917	-0.7357390539846533	0.28504281561922346	0.4805389824199721	0.8566005870456358	1.4786817542005302	-0.5987911953761862	0.38199677801032017	0.35265205622162404	0.42065785705079256	-0.5080768936071793	-0.9836460800464153	0.3524310405394347	-0.13988764787588534	0.64415697228863	0.18345492882079015
DTXSID4046810	2.7977978258814766	4.823151173634777	-4.180682537006452	2.9694087561069917	1.2820634120165797	-0.389597714427178	7.080283823902307	1.082303015442007	-2.921737322653715	0.8626634127024092	1.2137303900178709	-0.9193085509332669	-0.2658173017166121	-0.8873563151570227	-2.1651595662007903	0.1905102786939127	-3.3643004292114425	-0.14200172251448337	2.006307180304177	-0.8778741598686979	0.17997967207093699	0.7919880066266307	1.2587407509000694	-0.5325491247336208	0.7884586275415169	1.227723335966403	-1.254894971312463	-0.2628435522957499	-0.3443839876996664	-0.7444911456025065	-0.23777624650529944	-0.4234537103831292	0.5976984718615634	0.457148217881716	0.9715278613198791	0.8401804008054401	0.4486118674245381	-0.2073534100544852	-1.962403583318291	0.9276926330459939	1.8108326142940254	-0.866414652321356	1.4041708672229618	1.2175923849473431	-0.6989220531898434	-0.8075751369619227	-0.2942930918282538	-0.41056221380267394	0.5158192891311267	-0.34163993828760164	0.05143976404957839	-0.9467552555097184	0.29585218612095776	-0.6305930372407894	-0.5157639410764021	-0.34761407989040577	0.6922587951503735	0.02727970615491672	0.6308053116791447	-1.6859782972832542	-0.6797779276384658	0.15415796185770364	-0.1204256333040957	-0.13630750735395697	-0.12890063933706447	0.2550972046278791	-0.4210175076514447	1.7257890642943592	0.9873784294836777	0.5234501773194061	-0.03489235230094618	0.04685679927161365	-0.6059055491463047	0.33828339970852117	0.46904169934488316	0.350719504913845	-0.10943460144405447	0.5906670468827844	0.745570531782718	-1.121269171598756	-0.41489181083056886	0.03582841361355201	-1.2737269116114094	-8.442100495117749e-05	-0.17345645625101877	0.04100862488675634	0.1517336005897233	0.06879750739965398	-0.6447372791169378	-0.09240270875151309	0.16621364271450575	0.3166905938569118	-0.7974446448659996	-0.43462500906986845	0.825361705628643	-0.0006281537954357217	0.5465827206439987	0.9339816461316663	-0.5264491099506652	-0.2942118118539114
DTXSID2047355	10.680612621700101	5.844579705647846	-4.002535766208008	4.043672959348433	2.9230930194931504	-2.7034258340763806	7.521497736261295	2.9521172063417374	-0.1443827385569168	-1.152371183481926	0.46962049990340027	0.31210014953593274	-1.2520222462813626	0.20893554546284998	2.210385007735678	-1.987970124938622	-3.8737399486488036	-0.4549788487441482	-2.551852536565196	1.5547391815927631	-4.8386192034615645	0.16537970506837626	2.5320387395788457	-2.60980665737882	2.8939323315378545	0.8260935517537571	-0.09228723923656931	2.1369660795543544	0.9982950400172835	-4.289095886124164	2.927175299328004	-2.557406155913327	-0.6458145287612211	2.1298729799508997	0.026616241022352917	-1.5633461376225128	-0.1805254135571819	0.8971783353217726	5.024581444206557	0.7479203221040416	6.428017287369304	-5.6068912617736215	-1.7965152303810312	6.406860682992512	-2.4753133007835406	-1.6909494122709143	-3.9049236855846097	2.606396846650404	0.3596707026536248	-1.018591651303567	1.0605579475855704	-0.9816345783606707	-1.8555713773336564	3.57478426408919	-2.425816693157896	1.2443372778126882	0.6320281453109031	-1.0650910108557687	1.9026899217131243	0.9236761959795919	6.274704108270297	0.24212979452853836	6.163592941946744	-2.7191081755683117	-1.5452694447499296	0.5970988168214829	1.037984676532471	-0.4316424138531665	-2.269525431646265	-0.026581274444183497	-0.06200622400664046	-0.5282263304847834	0.8561622005403376	0.6349362929663726	-0.7098223562745939	-0.2242327326745556	0.5258575112636122	-0.8721857255741118	-0.0383014078515695	0.9956956676848245	-1.1384368627737056	1.2581472311043858	-0.9538780900677387	-1.3005453681624473	1.4671110976469042	-0.5918410233592953	-0.1848833504262197	-1.6689054161195493	-0.8707847305157876	0.6198389350781577	-0.03675222265393638	-0.6068021611361364	-0.49094908444802393	0.9729991664405647	-1.1650627362989436	1.9134513604053263	1.5397321332752392	0.2814181240454887	0.16152582262763196	0.1935994297551214
DTXSID0034192	4.252416212135762	-1.4318665826429557	6.825657090459105	4.410454371458491	1.5875888094108124	2.3401523698947013	0.5291917887564536	-1.420970464551891	-0.5544041872460399	1.669292004283724	0.3562177434981567	-0.7744996665390028	-0.0899890723078151	0.013140699510645202	0.02819024842504987	-0.11062438624930265	-0.04958612544204504	0.24728466874747082	-0.17023316167675157	-0.39860161502359376	-0.18502453905820934	-0.1706055877312496	0.30847160834685544	0.7106117569032668	-0.5543966036885113	-0.15860777460137915	0.5044476134761504	0.5541068460027969	0.20838200416268518	-0.18472902420909768	0.5764053485656117	0.38908118735836145	0.27511092232931184	-0.6910912523722242	-1.2042705814848114	-0.6439110422676616	0.16688032112427575	-0.7965755167053445	0.35021461608788435	-0.14565147559636754	0.14236525213431417	-0.05024165264291575	0.49641209748924353	0.8947804981100891	0.5937938686431411	-0.6211695958965692	-0.2348165327756765	-0.17141785413835176	0.2596747110214228	0.38969797721174954	0.012966097117629876	-0.33148662237471993	0.09311510917680788	0.002299744262703202	0.07344302744504475	-0.02832717072090756	-0.018983139987174245	-0.6218463982089701	0.34730787841962063	0.6725647504039394	-0.7763468921138441	0.17006945014260688	-0.29101392016211985	0.40251773929852197	-0.6494517691640108	-0.4671492755091294	1.7858699015626223	-1.4384168061939246	-0.00995188785413285	-1.417595238226356	-0.5804160850262882	-0.7396824766717178	-1.1872459346654252	0.5852022280720771	1.409562015305286	-0.4186750548601287	0.6186119369041556	0.7075240254718512	-0.12924352980216092	0.9275238082508589	0.8043413878291699	0.26599334646776385	-0.17136911387584206	-0.14842762113364424	-0.503418654992037	0.044949663781074484	0.6376765897042045	0.9136458800041082	0.8312976623516095	-0.4107881734230709	1.4968723404957809	0.5372114711788264	-0.6741874820810825	-0.29887082535330517	0.1468424962010181	0.4999497673680637	-0.2838968738079649	0.3299537975010227	0.3557798790024815	-0.062305968044908816
DTXSID1045160	0.8264429684953792	2.846992407730787	-2.420521581129886	3.218637694568381	2.448104170518542	-2.0004615795001084	4.580017400603958	0.2901572117746113	0.4266081935600878	-2.171079890720229	-0.2658457398145735	-0.6718879313597691	0.20909993824265005	0.1758331695331023	0.5205943559984301	0.24836443077180226	1.1475924152168397	-0.846413199885222	-0.9315358311381005	0.5858859653581674	-1.5175508531259212	-0.17014636936405766	0.22893866895560236	0.06149791362264858	-0.2507542825719835	-0.9506513384122862	0.07930685463033817	0.13396867802936224	1.6074640535076457	-1.487208080687944	1.251808315519587	2.019165989845152	-3.6450624876862117	1.3678770984141355	-1.0214743501997479	1.449781223207352	-1.5201608123588037	-2.1566793230466987	3.7712820666459246	0.6790378008944086	1.587667373507178	1.7765951549490209	-1.1162051035959153	-1.9472946825671975	1.0106775816867066	0.18175131909862585	0.25760457889255084	-1.4432995192851392	0.0007735018502133641	-0.7868495095779453	-0.7884254223877897	-2.2384823776663123	0.4233995760999981	-2.698459893745467	0.6451522633582595	-1.6773817489816512	-0.29013039222810266	2.083716742427682	-1.9235837325581995	2.238481191171963	-1.7456193029063025	2.1451575842813737	1.7215822559316813	1.3345093141483428	5.930465721365157	1.0587344507585297	2.974746865376405	0.607351874394197	-0.973550478201282	1.0843371713929735	0.26371252561956526	-3.384403381787647	-0.40415370850706356	-0.40832071316192714	1.5569358189701403	1.3607915349279949	-0.3764929971247518	-1.9099169354338092	-0.03064806113158991	-1.650980042844314	-0.06350555976896374	-1.2957697292454093	0.7647032884768658	0.6865823615312162	-1.1889403130662919	1.0392384959082253	0.6482752819205582	0.0511684032227439	-0.6275968212647703	-0.822297784763092	1.8321307497055315	0.3196172338291408	0.8918259103799069	-0.18377713207547774	0.14897616632591493	0.013448227889681651	-0.7864971556135172	-0.31241713529899645	0.37628148494661023	-0.06438856525221102
DTXSID4024696	-3.9070870369425927	-2.309815358639638	1.6397310570562933	-0.949905690580118	0.66053071002576	-1.1871280847974517	-0.5025225147907632	-0.2431809895954346	-0.2849269804257818	-1.2536104915258737	-0.7570552389696911	0.0532774887435728	-0.5494532124118926	1.3002134700838608	-0.2945345075203703	-0.4033418760438896	0.6370410794825114	-0.4163187148107026	0.32974384868444273	-0.7215474100975348	0.438852165576213	-0.2675990065523552	0.9609860127104121	-0.0813680462850894	0.04799389979399113	-0.305905762001229	-0.5674893004914271	0.1027625039603372	0.031675610090376984	-0.2780339557424836	-0.10415369470523626	0.28358500044422735	0.27112236923589766	-0.5543301888030279	-0.5095806834163152	-0.09516509904259071	0.3199500019843879	0.17739310550758733	-0.04754195521343406	0.08871087800576752	-0.14018112382980374	-0.17182355076848213	-0.27855659363227986	-0.035989316035649414	-0.3937783061664566	0.05728887280699273	0.0020405865884517145	0.16683160412493003	0.048364249781837086	0.3161530735149173	-0.01720996809614146	0.08584170981940373	0.16097426166554224	-0.07027861487834365	0.09372294243955163	0.11551593231514334	0.1891390468314208	0.010072263280003196	-0.14683356780354903	0.07532546092689472	0.14695939557216878	0.07330235620395978	0.5329355344951076	0.17288238579642787	-0.24898613977483772	-0.6011673945150833	0.5680085968459256	-0.603207440131875	-0.12040102166753862	0.7046393048329941	0.3177589224846991	0.2050889875370128	-0.09168845342928722	-0.05436785223634689	-0.9775633701271618	0.02803187535893778	-0.3820145930531015	-0.08770169362019643	0.07006796681953942	-0.5063508932946763	0.04659255473637903	-0.23232140995776496	0.03511415892257371	-0.2722156110274143	-0.0024375305908616936	-0.2935605156865438	0.1373186799009435	-0.001144749680705147	-0.20159548708075567	0.26070585560186926	-0.6877783226562144	0.40484921284671843	0.06916202149079283	-0.06964613159869641	-0.20741248847082147	0.003641206569354958	-0.45538083950114566	-0.159549127491917	-0.2176001583829066	0.07050857289444151
DTXSID9026716	-4.426666744874748	-3.754554465603403	0.4518308611357482	-0.11476527124382743	2.573621203180022	-0.45536385374770066	-2.1444829555122964	-0.05716785932229176	-0.7312316652552713	-2.092279680345075	-0.5605236568145882	-0.01799860465512917	-1.5430463295401005	1.7518442369862515	-1.5119644664968346	0.5854952810192908	-1.0445458787143096	-0.7827465182026887	-0.5349498281292179	0.8397407529761584	0.4623496618723173	-0.04163039403610466	0.09176309726948795	-0.643464423996315	0.1747483491355271	0.11817310112708788	0.7405533955580064	0.31318319319899074	-0.5135975954635752	0.8953579759884431	0.2754520769181042	0.5632657527224193	1.4374074156604402	0.4773753861521976	0.9047321966189243	0.22241437048095863	-0.048810331248270535	-0.40972889746728647	0.5267435842513074	-0.09013529043659582	-0.17799347827233233	0.25733746732490054	-0.43428487009406025	-0.6782937745813732	-0.6742667906734123	-0.09745612501311432	-0.20788688124497867	-0.07639949623445774	-0.3860606760608129	-0.40629501137798907	0.06945615183557353	0.24339759959658683	-0.362924109944974	0.18871988583710378	0.7201392265699315	-0.6513379167135173	0.6994922090039587	0.31070933584875643	0.21816914218832587	-0.3629231412455102	0.27262150949441766	0.2538793652296298	-0.42492582689128344	-1.1352582258805055	0.05191719904880869	0.5940026807118908	0.7576192974272417	-0.40106319273031105	1.1833104191729593	-0.5352798260393927	-0.6714420360595464	0.12225028577129092	0.17544139482907636	-0.21162913946985834	-1.3351584185036733	-0.7083356214941284	-0.6172817814506237	-0.539602751565631	-0.07673654446216498	-0.5279551443910406	-0.8894109228035578	0.4719621944266175	0.043015703520238015	0.42447157769299676	0.4532998538599345	-0.2342784501070507	-0.48100930481531495	-0.7712424815739725	-0.4009092906701121	0.5561055313279065	0.22741851138759142	0.15906130580206465	-0.17563130630144108	-0.25305524034043253	0.17916228545126175	-0.6271780848165963	0.7107626677261049	-0.08098433475840335	-0.01646243104734471	0.41419984155607015
DTXSID5038830	-0.7923664062323985	0.9415943222727705	2.2321661206710726	-0.1567718959207207	0.15338270390691836	-1.2485844730553248	-1.1887733482992735	-0.17108532011695823	0.7565571068879086	-1.4020594252404859	0.16372302108529757	-0.06028433449585731	-0.7866899857847458	0.9070212245767151	-0.32206577466278835	0.16001453809438135	0.5508799552276725	0.13882524433592638	-0.06492687095397211	-1.134946782632647	0.15886245485484507	-0.44170592035935013	1.1898099279531005	-0.20865835285373519	0.7103972756054346	0.12844307025126872	-0.6595299164657531	-0.6967781102755863	-0.1864609403602407	-0.253096569744303	-0.853969029351906	-0.43514004564572367	-0.497241459588807	-0.20943804182467518	0.19704003757076385	-0.32178168803869267	0.24476813571667352	0.18916165568961574	-0.24217497725214757	0.3300472536153493	0.055540904878267336	0.1937771284775352	-0.06597901310190382	-0.006762623628031362	-0.5000902781883058	-0.238505968137267	-0.14558044465224337	-0.380634093067172	-0.04888217834494726	0.037489335486241955	0.1208486538187457	-0.0341331677547265	0.32279442745199305	-0.3284748544155976	-0.10664184674232605	-0.480391425002574	0.2407737571577004	-0.04634336259111857	0.2629420645465869	-0.09987668710226828	0.3005606666525821	0.3423226393860726	-0.21007176994620444	0.3503842893105148	0.3096730245142552	-0.04056868364757647	0.1491115222405074	-0.39965785339211063	0.2670949849666891	0.056626456380929516	0.2730193901508054	-0.30017335816807317	0.6501306134853893	0.31343620642539277	-0.9485846910334459	0.3843383977604893	0.0039134474260265496	0.6071725524180005	0.3907755573372929	-0.2850115112748042	0.10427056157306987	-0.6123227065264956	0.5627733569496816	-0.21588733051437417	-0.10527478142521118	0.0810776415866062	-0.09528274963103889	-0.3855452174330217	-0.12537903612476162	0.12201256285642127	0.6308547122857551	-0.10307397028913147	0.28536182168420615	0.06758313798785498	-0.1856775915986662	-0.10722107252389879	0.2584588239796349	-0.1550861934842431	-0.1269796905362793	0.6199060818962825
DTXSID3020120	15.884223810847596	6.847563660676212	-2.0261653658988057	1.851052795414608	2.3327029292090766	-3.7301867552586474	-1.6353903800014657	-0.10016460811301554	1.385421170190485	-0.8207261644045537	1.589108649686465	7.015317248089164	-3.286621300281884	0.24124448063998472	0.6820389834336351	-1.1711010005210478	-1.2652495722810173	-1.5826650763021135	1.1038450258210177	1.1922521823435974	1.9246133092264104	0.11384226352590568	2.385153212849341	0.3347165851573763	-0.7750973117831308	-0.4988521485100379	-1.2296193867451128	-1.3525455236759372	-0.9577147148370426	-1.3139960021978483	-1.9053021656030131	0.4163052936730334	-1.1231843792838185	0.500319855454319	-1.2549225502709407	-1.074821164884353	1.0362252103855571	-0.25085365308907775	-1.7401529072999706	-1.8114078437302297	0.7417817416488562	-0.22229828751728392	-0.29929639929606666	0.5583268004367314	-1.2007123978148635	-0.3309307590311182	0.2664682259568602	-0.5658123145404488	-0.6266996287468924	0.49557958026814386	-0.35271529830550363	0.016281402842708036	-0.2650297642042733	-0.656103751932918	-0.3235956143728633	-0.11815796596404936	-0.8343569366061316	0.2367197397297296	-0.929302007714728	-0.914043986969021	-0.13915640930920647	1.321484550722515	0.22784688759130134	1.0163109127277368	-0.7151850559794602	-1.484406521938541	-0.02849149086309911	-0.582584752594186	-0.3398351446942221	-0.864487427843929	-0.5348892626337889	-1.4210836434275138	1.0668342986977049	0.3657708921891616	-0.43464504179628893	0.8443389167384574	-0.7855760452868094	-0.6207778684411271	1.7168657330636292	-0.4798735003913993	0.2383155820196572	0.4209180609717815	1.14033877128594	1.4374642546154057	-0.9274161399667752	3.5075605891982704	-1.1421169035543006	-0.10110026905802469	0.6913613028997726	1.122872686786983	-2.7093505873522283	2.727961179083625	0.43483899737462056	-1.5315262433413093	0.5700068677863787	-0.29531430460516717	-0.7795908914703632	-0.2538725736535112	0.14838908037882137	-0.7634240977993718
DTXSID6020694	-2.519010244907587	-1.4474437338867296	-0.3733617571438774	-1.7015012021929792	-0.6923161517309047	-0.6805654407240436	1.1341218964211965	1.0777693845889518	0.5450622349828375	0.10637101432622319	-0.12394762952042555	0.3732846635637334	-0.5673641483379678	0.4611995684593248	1.6669615072413235	1.5290288610276257	-1.6989866327751695	1.441228121694406	-1.026651951637666	-0.15022456838058165	-0.28708154883240894	0.10390088889368146	-3.0916555016336664	-1.3019612326904642	0.825714990904634	-0.10264685268979758	-0.4234373495247454	0.919559234169099	0.11683619368184914	-0.07803641287207075	-0.10861034604804805	-0.6204675505145252	-0.7382191037945431	0.3231456317952705	-0.3171414036638235	-0.18885511303316502	-1.1765888219280636	-1.137732835356699	-0.5173716041797382	0.1661344958093059	-0.38894568984326156	-0.39520988393287493	-0.4134939549442323	-0.6020236919855424	0.7863771788479056	-0.06270795872216828	-0.1494395377295029	-0.18805179645481587	-0.11028705751084182	-0.8567092285835087	-0.41320571025925623	-0.8125892158487201	0.13215534405405144	-0.7127379927647232	0.4457079684890239	-0.5433679380709119	-0.9884445169294884	0.8273713049398317	0.3471300480921784	0.06970207947292306	0.09949159746310068	-0.23357624576257044	-0.9482887186071428	1.488011011687295	0.3911873215625923	0.04857470195237071	-0.19232314924861457	-0.45429904063034404	-0.6012172945824493	-1.4239952477186812	0.7006161176632714	-0.48095802084503375	0.3956032775464272	-0.09229096923930888	0.32890692989547854	-0.22052058199510555	-0.49667397731183255	0.7525643872553761	0.2061710239293198	0.35606271029741093	-1.2686775356443114	0.6390354469662537	-1.4016500245672492	-1.57527030366672	0.2546228134758711	-0.25572060452381185	-0.06309186697718397	-1.8834289478006072	0.9765730659030412	-1.4455074132476127	-1.6200459673420673	-0.2604383018618666	-0.7362702982002837	-0.24316528487541195	1.7032142124689575	0.8446137151959152	1.0683432626595801	0.9243571077362936	0.315464899347438	-0.9346853676640563
DTXSID2041913	3.4295797342457544	1.4702869809580563	-1.4708712576185539	0.9346518902127599	-1.666094154719814	0.6145492102496042	4.7337953601974485	2.5761964312625207	-1.2817276039764878	-3.32212861412258	-0.4110641062656513	0.5196897111513327	-0.12743225403155112	1.2746682818214972	0.3656930484353958	-1.727513264991576	1.5558478368170698	-0.038041832275770834	-0.22345910731591256	-0.40645235764128596	-0.5254491412947523	-0.3924054776151028	0.15364142662350366	0.5620816247583865	-0.030409929322164853	0.3403538498614094	1.0288320827769857	-1.8815636289753082	0.7114517448793682	-0.8540913257298057	0.5287387476808578	0.7938522547848103	-0.9745521949906198	-0.676948555915453	-0.8484976742793089	-0.3446582765334657	-0.4493319615903844	0.4702947108052335	-0.8882333124469773	-0.7731599050206822	0.026286367225270744	1.2250315897449666	-1.0508236745909856	-0.23987955556349497	0.015780717909808013	0.3457395216581278	-0.0690145659535476	-0.4418182217689373	-0.39411806619887857	-0.11152147355583586	-0.19327171520838224	0.22429607511837896	-0.17400673109943113	-0.13258829474123193	-0.7122222153021118	-0.6195514367508113	0.04216070481819464	0.7610469527276118	-0.9320333816116777	0.5214837493161704	0.09875438996739713	0.3973566053990344	-0.25654244503054235	-0.28098507338667866	-0.299595009544821	-0.8595833149142318	-1.101940649985389	-0.7189959765004293	0.3672052902832314	-0.4424721837985161	0.11466639416478992	-0.16012582151807378	1.1763198227619722	0.4619392185836421	-0.028141072563929774	0.5263149099783633	0.7997990964851004	0.0862364490521982	0.3727684944809572	0.3172539884938907	-0.8040829262513298	0.17328229349838786	-0.08330497722064537	-0.04333735110242905	0.09114098212453872	-0.22544456796858012	-0.9534693509558562	1.0791174468885283	1.8012415867123297	0.43303737806672576	-0.24192425357702307	-0.046907516193486085	-1.309314613924819	0.11187669676809699	0.039107683954926184	-0.13837243203653773	0.4312409532103878	0.04352855957129137	0.48466174822892943	0.3533150453002673
DTXSID5046063	6.070488608668664	-0.7227302702947437	0.6492241704128322	2.261217122699156	0.10511726920577356	-0.25967140113286735	-0.3782135048813385	2.666881888351685	0.967013023781544	-3.6484459896859587	-0.19060684030050729	0.5802776501750743	-2.1295596009740367	1.859959506387026	1.1931268503600712	-1.376942541446825	-1.2193304736548998	-2.153661640855632	1.5497260460076043	2.244972146567138	1.3445918171498703	0.325628302588593	1.3525049334059527	0.4737564290835413	0.7291653293065596	0.3407312380487886	-1.4000495172035778	0.11634310519281706	0.007197341802249027	0.4399321536045931	-0.7856918118133192	-1.0493458654888406	0.27266867641981735	-0.8459869364337776	0.6108718726827453	1.1184973269904666	0.448154353641042	-1.6839737183292112	-0.4581546316491082	0.5075597370154484	0.4851460963645954	0.41714251425532306	-1.2752306234218396	1.1473479686804828	-1.0418376531520122	-0.5179889323084242	0.7736414518133871	-0.7004761112324214	-0.059997206929112465	-0.8622932005947719	0.02957153092217136	-0.270988582015241	-0.3600218594041221	-0.09792571988350368	0.9631890812644213	-2.0177323765306894	-1.213793383737504	1.0157363332909106	-0.3853057933265855	-0.7224484482858181	-0.1744778285317273	1.8224368922606669	-0.911673185415288	0.28458946597021645	-0.7326285828968288	-2.069716799137686	0.6188395320970584	-0.34677471936177984	0.9772213901120387	-1.1601701941288052	1.3102267834495946	0.12982248236540225	0.32545612339293517	-2.0393036646222904	-1.2693573765590036	0.3524118090286068	0.41130177026033155	-1.2222790103799444	-0.9045339344615577	-0.31094245409962024	0.5543082248440964	-0.039113668018711516	-1.2982361534529943	0.6466952133976758	0.8537674205825667	-2.93437717821573	0.7062415996544086	-1.192973970468234	-0.08727554694147699	-0.6262814410038846	1.5950564008542056	0.03271870414189612	1.6147068204293162	0.008751551101087867	0.7145779097125928	-0.8439863660539999	0.45242483482425094	0.7476980783816588	-0.12734672868870978	-0.07515606117235316
DTXSID8042137	-0.27101155522500564	2.690748557678877	-0.014132534289043625	2.600130593967507	1.4408057348888943	-0.9912108035716455	0.21683952669832698	-0.19683510105539534	1.857381181992644	-0.3187771861916021	-0.09830562764914513	0.05118032027414088	0.05918490315558187	0.348535852781579	0.1509086226294161	0.10968463637062356	0.8058064246395712	0.8407320767913606	-0.029472321700933855	-0.756485202362333	-0.8340107148507553	-1.2258303452261492	1.4117117039712657	0.4119064214623616	1.6050750991244227	-1.2465611836683281	-0.7984367976347984	0.1979985556859661	0.3546220537972561	-0.010241929486438157	-0.399346524386963	-0.23421796846554666	-1.4199065399397248	3.227360659482566	1.8792358475664916	4.227684143994155	0.21554262997530294	0.2439250236803521	2.6883844938282535	0.3852393525318601	-0.4260289170472332	1.1708488021852346	2.9973025996655362	-0.9901444759602973	2.6470951228126802	0.19791604924792727	0.21289066008280572	-0.24785634010769397	-0.8464033111483367	-0.8398067145536594	-0.32822325024644294	-1.494522127605902	1.7297990162200199	-0.28999566287419726	-0.44323481013200544	1.7878868359483413	-0.2904867872681092	-1.5671444680393714	0.7419862591930083	-0.5184539765365394	0.737471227254886	-1.151659489129786	-1.8667226459734343	-0.30093433253395246	-2.892187100166462	-1.9268270110940917	-1.1881929368707462	0.7987822060358896	0.20182275219264834	-0.030361665484746832	0.29312906900146324	1.0947741325917855	0.3989967088706438	0.18056501379223944	0.5677488980328489	0.2323425590735186	0.38117168931500567	0.6107759555770392	0.02147085239805118	0.5761158920856964	-0.16850845737205863	-0.14398973753368988	0.6249489918834549	-0.26528390651540323	-0.3530829364490374	-0.4329558441440362	0.37035413356251806	-0.2589965558068669	-0.4942955426623331	0.9788613821443412	0.19076105471096455	1.1279036849072843	0.6753946147030474	0.4944051227042839	-0.3067747928724271	0.37657821797547275	0.4847537584465422	0.35849831953670597	0.3805960327968925	-0.6524398019721718
DTXSID8045937	5.311998417295362	4.82202684016483	-3.7574460941358723	2.8242378067054377	4.023962958807923	-1.7819087093892352	1.2577765464951187	1.8822007157542209	-1.970163416892472	-2.153624344538075	3.6962531304394184	-1.820633572864547	2.3413383337358726	-1.7346107630628695	-0.9552680747576213	1.0003514037402241	-1.412474925541817	1.4978195991465968	2.608482826099455	-1.5831300772935635	2.6663102662605844	0.572556478624308	0.9070457418152761	0.656202254779253	0.335819765107365	0.326176879972207	-0.24913674003771757	-1.089590423444702	-0.1355943365408599	-0.2498222813319725	1.7185266752652535	-0.4252508453253254	-0.5475734553903515	0.23120504655149793	-0.19804632521897425	-0.4770497145501523	0.044248779011831975	-0.12868753483053685	-0.9783300102197978	0.36224309967147467	1.2062357821566259	-0.3309951142232213	-0.009623360893653697	1.7594442788823625	-0.5790045638164013	-0.34388096226938386	0.4301507590143249	-0.21288633518640154	0.5851547200639479	0.7889788640806441	0.07942359153019068	-0.7413388304659174	-0.1968692709449321	-0.41064265471143924	-0.6099010343809814	-0.7793314950933197	1.0217606515491906	-0.7493499318256736	-0.7343415313447971	-0.8733470434771372	-1.105715330557799	-0.7771572801147428	1.0288984815666093	-1.1022089496514687	-0.5324760025390642	-1.03276255712191	-1.3024919317900898	1.412803548030495	-0.6385652798656212	0.5275016622958831	-0.5290088243738039	1.5387522221705785	0.03207360987537978	-0.33694414110997173	1.0042217019195345	-0.5319348599794962	-0.7148842433705904	-0.9578579038678112	0.2131244200643204	-0.5476170711581275	-0.4424559813381144	0.02226649605182666	1.0789644088777643	0.2593100755205626	-0.9223398169060166	-0.5136635815851529	-0.2092847664223261	-0.26531763508930767	-0.5691281575821042	0.2982351746726378	0.0032672715894290897	0.6484475549392017	-0.3953951542063842	0.41312042937834464	0.4222135769703892	1.2502825335037961	0.294346602899873	0.06507001142395082	0.0883875695506328	0.006049814281982472
DTXSID6047363	6.8240724035314395	2.930956869003735	0.6288985838404157	1.5398745136327787	-3.25455880339457	-1.953289313810641	0.2151721799244994	-0.18729816176769093	1.987327514182295	-1.4154110018254038	-1.383860879840231	0.898618451913366	-0.155693914972779	3.4817815116523345	4.680344171103506	-0.2690510133717234	-1.7508705738598445	0.7213253029281467	1.2530078268266107	3.4845617453714253	2.9536143367026146	-1.8300338890816297	-0.12908384983604013	3.2601739600341553	-1.5990215724034675	-0.7964044924720044	-0.08618998773250325	-0.4486370083569486	-0.926412908220942	1.248112546510418	-0.38866397957252985	-2.5277107025286423	-0.07913558572516928	0.3955752681332796	1.477582725814475	1.134629899511587	2.6614453407307783	-1.5263269705807325	0.6714146124959064	-1.4974918350808326	-0.5146970179363404	0.21763516166595928	-0.2617612033261751	0.9710910383527703	-0.3695928084297486	-0.9365955674842342	0.4639193716238834	-1.1318126422808736	-0.3925311626679128	-0.8254902552426168	0.3746404997991507	0.5549728333108066	-0.531923469413873	-0.21391958967771976	1.3399794407241705	-2.537252996799327	-0.33045711476750517	-0.226806167664374	1.4326196660104793	1.070201792604268	-0.7512159113093295	2.2037576859320898	-1.5927832229537258	-1.8503595411080476	-1.0738168543725817	1.0970747782648353	1.9195855659813945	0.9002597618216202	0.471686870070696	-1.8887806024662468	1.3919786140330275	-0.8253805820855744	0.7432791693062167	-2.5670152725329816	0.08610130039960218	-0.6359265086751282	0.4510176312643287	-1.8706463336411716	0.19598338045171493	1.4956680345855584	0.7849234953456349	0.2882182350331514	-1.378109618468577	1.0137937631114518	0.30230670590390873	0.9419336822262036	-0.016191724644620407	1.0677475578032072	-0.45100796504312646	-0.32128734723668184	-1.5603009710843472	0.3786808553168517	0.9272873388532973	0.34700252983392227	0.6341746850296446	0.6823809027979644	-0.04893066542826899	-0.376682361679909	-0.9959655755418438	-0.48478017082795966
DTXSID7026366	-1.5013307851835294	2.8592554878269105	-0.0843466863796501	-4.093969581406057	-3.102860386134272	6.451203739634996	-0.23416204574420396	6.4352748131198885	-1.1212554596196147	0.12117552670706888	0.9706997838555852	0.4888509976040359	1.2600414197810037	-0.9042144324645215	-2.660768362576312	-0.3181607444898238	-0.6316350391692426	-0.9630387852752651	-0.6051957985018661	0.2976993990743154	0.1099437318283794	0.4720978858602414	-0.5611942952869494	0.252136948317671	-0.600105141117341	-0.11168349891592459	0.3489507904068716	-1.3506416414165532	0.02236044992872991	-0.22054659018407302	-0.6352456105892867	0.8082551998460652	-0.42007794934417547	-0.45302359213566334	1.1992424792541962	-0.1529852285194898	-0.12915609964495273	-0.48301164359817844	0.13601033503666246	0.575321872178672	-0.03355049862551525	0.4974919120157785	-0.04251884804078352	0.77250056021252	-0.12323597883390791	0.04475389167828132	-0.44962857471043727	-0.7880723137702494	0.08980814710820206	0.24370322838375286	0.3499325646225224	-0.28046043951866007	0.4811336791561333	-0.061081262804730495	-0.48191769200131446	0.28131393219553064	-0.14829026913240304	0.621138716323732	-0.4976944455692485	-0.6774917414935496	-1.0577188783786728	0.5806343435555922	-0.4362346578827514	0.09259785955450078	-0.3973729793424061	-0.2954655527262728	0.0828418107725089	0.5665681473711037	-0.9378147834126465	0.42333411461989695	0.2681908066839438	1.0077389998137525	0.47456799921569687	0.8905335605462387	0.6020248592720401	-0.7100122350526707	-0.09690024182752151	-0.8638656941526153	0.053919025701991884	0.1362459686867032	0.6964561630149475	-1.5066525123890573	0.13398063461228055	-1.5703757105368938	0.46618737081608197	0.6951173110279255	-1.309851225674529	0.07004752378189287	1.5272468967879056	0.34309102261438973	-0.5672005147482965	0.3389425455158325	1.9661261505256566	1.3118062275404607	-1.5416824053023401	1.118714061989882	0.09584895315344041	-0.4098170169390317	0.5950849016698789	0.6049951533880868
DTXSID0025101	-4.202020559118948	0.9379172913339414	-1.1768570072826765	1.8033478852110627	-1.9339696773325972	-0.020614090108893268	-2.1859880495737802	-1.9885956221699201	-0.8692077191482535	-0.49994788263512924	-3.3221146340702337	-0.11047359953473314	3.5141205996386615	1.4428577889811824	1.6415077138082317	0.007126543278726019	-2.265500436951917	0.25110902780708244	-0.8762413735887501	0.14866497728696365	-0.12970610016621917	0.5699236813347027	0.6804356752434757	-0.5490426246762429	0.7817454621278597	0.5143272072874174	0.6156702563077835	0.17709742652384444	-0.2717971794044135	0.0727943043747147	0.17495687654820716	-0.2858153237211658	-0.5054620650548644	-0.5077555872615213	-0.3840521841086952	-0.2930514930853571	-1.343292732267914	-0.19380634880200948	-0.09501068195646226	0.5731293016722774	-0.20170596985541117	0.3876274901912651	0.001987162847878586	0.69071652723733	0.3357416694506161	-0.2522872439726504	0.7575231960132285	-0.048114080501521966	-0.35427078666299805	0.14455778873815106	0.09848219928750152	-0.19093447925759788	0.6022249893721349	0.06159293641883494	-0.037669008535604454	-0.8449805774992518	-0.006022383883555673	-0.0758628681360687	-0.045818532015124654	-0.09551393922456555	0.591442640409913	-0.4454951260087056	-0.6883647248570233	1.0207607224209077	0.38044003304064755	-0.37777371059287324	0.3202971138276606	-0.5021555642721679	-0.29910436650424455	-0.0027177901609683865	-0.7524569535449791	-0.32277236003729226	0.5821590887089447	0.06056830322140557	0.16464146751378259	0.9013500135114593	-0.05177336060414212	-0.23839908883603408	-0.2691798956191904	0.040922996911923804	0.2891510093864737	-0.38542978941434536	0.38799814717579845	-1.0764728486618382	0.06296411845038212	-0.04014924363634818	0.26515651828323006	-0.7626919840112532	-0.4905072158350935	-0.5631748506800053	-0.48551847928048647	-0.42118420959644026	-0.3312490164329176	0.32662464925497725	-0.4240902345895815	-0.36857850801269487	0.09249385534628679	0.3198304810959709	-0.03496485128471023	-0.15200439212396796
DTXSID4022529	-3.2054998123605856	0.01645538839717957	-1.1025729713697077	0.9719204125866973	-0.7774592671461976	-0.35195414942279435	-3.2915993978846263	-2.4383961001666123	-1.3410951510925098	-2.289907367262434	-3.8192450610854074	-0.30589642226492053	3.1738736578463045	1.4087432620966251	0.10324926107376763	-1.2489902644639221	-1.2876821047228475	-0.8466714759334912	0.11866145658093132	0.3647914481925099	0.9970917333106436	0.6621731868153549	-0.37497702920309955	-0.08146537833157722	0.19079396213747735	-0.17440288262863515	0.17140153999359659	1.331520692401602	-0.47856661509363996	0.04414328912135341	-0.351565934899338	0.04847248318971339	0.8564571309459001	0.10740866183362438	-0.46016556178069773	-0.2445011143844216	-1.5825233622958153	-0.514123057624464	0.37855686695882845	-0.1543742296502427	-0.18727819466721388	0.6267600823496048	-0.08369672042189226	0.7433972251990075	-0.46043116585345045	-0.29234378937969024	0.20664458031881178	-0.7620318157401169	-0.4129294423964788	-0.4398489045395539	0.10050353801363858	-0.3024150165419789	0.04857716602558418	0.2628965652438537	0.3444321494980776	-0.7286738764557011	0.20717419995329303	0.1970992821108062	0.10278459254280953	-0.5778236535356852	0.4789887810795024	0.5085463592638884	-0.5351044078106776	-0.12225574736746836	0.15354988388531657	-0.4571894729703351	0.606534461931799	-0.3165496795660223	1.2857901220201753	-0.8978650889423262	-0.7287681227667089	-0.4560846370554196	0.3688203736904252	-0.0018783258408567993	-1.18542193751043	0.10240692863859281	0.24781823407437303	-0.26128795885847717	-0.44443972892849254	0.13121839024600984	-0.0022201391960094603	0.26458756114394394	0.06011662943400893	0.31868366178242424	0.3654746739060854	0.2913884001233879	-0.16494460310981307	-0.607065104296486	-0.31261533903453154	0.43910553943397956	0.22308918849234324	0.26687609898950654	-0.37060196899665615	0.0682300371956017	0.6985245958362271	-0.09686694016408445	-0.5922882328855212	-0.4775246949382189	-0.020172223138051767	0.3901117249297144
DTXSID3049384	2.7713568126544126	-2.9016137182647315	0.623175254107005	-5.232357105586485	-0.9966792450841534	0.8619493927870867	2.871764342191723	-1.0613005767744605	3.8414159386312687	-0.7191598231913825	-0.5160745792764405	0.5121780603918359	0.002246035267382448	0.19329299034328265	4.21791217230367	-1.256366815919175	-2.2743280533495303	-0.9446820151978377	-0.6865325124371395	6.260033351757236	5.354123901458956	-1.4360545997710283	1.1564627283115914	2.5307780005231266	-2.53594865187522	-0.38448485981202185	-1.9956928194550179	0.5736729501365989	-2.1120166570519197	-0.10352027797639465	0.16427807442293627	0.095562553225564	-0.6987014473006146	0.8304917282120964	0.32466831079570546	0.21432928663895043	2.1845140764087354	-0.28298383042106867	-0.9974260169053701	-1.2713529605773053	-0.6138689982859508	-0.3746838937033462	0.14552010615593955	-0.43531638494550473	0.344513920608734	-0.6202826552502089	0.7454781750541697	-0.8845328816538308	0.11010875674101946	-0.2898277220405868	0.11417933070064133	0.3606048207131741	-0.2540398913220479	-0.6118878202267553	-0.4095472204399231	-0.5452950175617884	-0.371955585387394	-0.7236299110774962	0.029467850252375277	0.5616827830632902	0.20821903518434873	0.5024910638917408	0.43615547076525846	0.10632130789146983	-0.7591259606220918	0.2853458998794893	0.5165206851692145	0.28976401121417017	0.05303744702178017	-0.2681526738128347	-0.1671721191335083	-0.7180526969157527	0.9562197678169811	0.04442611021389923	-0.5537214193147041	0.09696869803516739	-0.5513685036138013	-0.12580019574774598	0.021937840856400794	0.25671700392387437	0.6947741641135441	0.26773718705316624	-0.3416044644790019	0.05558938002226701	0.7785387253261512	-0.5754240918838095	-0.0843250226467617	-0.23267442368741142	0.8675162286991784	0.5599742465331231	0.03146566000690481	-1.701252801309648	0.3797357007815405	0.7609277635949311	0.40314289071615506	0.6084452342580563	-0.37925417617843066	-0.13217303325194402	-0.7350390158875557	-0.01661807693832561
DTXSID3023687	3.837044478830259	5.315298808355134	2.9603645264199367	0.7971986974811454	-2.6715341288372323	-1.6223202314466645	-1.1875265460098396	-2.8312793106871688	0.15178309263719883	-0.0501748574430328	-2.8550287644094796	0.11082967275271523	4.374535175157531	-0.2349432972840178	1.6911229618471941	0.19819494728828682	-1.6624027755604467	1.0137868200453872	-1.0685427452183622	-0.9007441003911603	-0.1538409107436289	0.09563178634813344	1.0855528814172541	-1.1042759056813072	1.6962695786229645	-0.07692870651007373	-0.37012670796641045	-1.094201253977512	-0.3103563964670702	-0.6082869401187319	-0.8467896572112	0.586378039382929	0.40081899847265684	0.39798301974413564	-0.5618776832274123	-0.0792188207802527	-0.766260595076391	0.23960059285607985	-0.4888705701267333	-0.554523474734792	0.41509594802866623	0.20466137230031123	-0.4565536731029042	-0.29961908767701445	-0.7003967301411942	0.2524959500721496	-0.3369026942567043	0.10377218952802227	-0.21148934187498422	0.12400032277844916	-0.09548957594021813	-0.24836675370574832	0.33206647597647104	0.08540235724627628	0.2096123295587853	0.13324044542033284	0.5291997950558188	0.4128830882293386	-0.5069882590658565	-0.18485768965041172	0.1406952208464164	0.667362579835065	-0.21673504168018423	0.231032780553665	0.015150465551108215	-1.0296762008649496	0.1267749028633238	0.6552116299174037	0.1549832839319518	0.2830882122603423	-0.619500452593093	-0.31178470479601	0.24006171143713392	-0.10819332661093951	-0.25730260412939115	1.2712168376546595	0.395671545297661	0.7767885634218592	0.36191443767649245	0.12709206681073418	-0.057358235757546526	-0.8145874221997612	0.24477752558315577	-0.09725123766782094	0.29985593834276175	-0.15924631654595614	-0.6585788673143913	0.6926017586239629	-0.3205649939180938	0.18780737326056912	-0.3431793924277388	0.9089632586502091	0.6445880097358839	0.03689706045791719	0.38577368711433196	-0.8569352136181119	-0.08851494937210523	-0.6390642785563164	0.21588968695295524	0.7298708981165559
DTXSID5050426	18.558819596916557	0.037369712516986966	-9.5144364073505	-3.685770356993012	5.786402467551629	-5.879516634949729	4.029307518789466	0.635253760726605	-7.08387047158986	-2.2725554914592725	4.269596578430421	-1.973709870227979	0.5865948892327051	3.610386247378614	-0.7219247613413583	-3.8868349976763223	1.419756198647934	0.49747391369260535	-1.2481617590682386	0.9710933263537759	-1.2393876173405667	0.5853836786403998	-2.7204814640685315	-0.9744398021952007	1.1899010659478029	0.32049813860455356	-0.8761911949737113	-1.0586811954129123	-1.2128775835139178	0.6883759472801856	-2.014418711635105	3.1371044452473966	0.18718995585963252	1.494393143661762	-0.537248558648267	-1.7330181123001083	1.7184579033764011	-0.35504283136752973	0.7634178906702972	-0.683419238202361	-2.056114794943859	-0.4370720569129181	-1.388976486354765	0.05436644071617793	0.5204577587409512	0.00045389959169129217	0.6209138705406044	-0.0037294642648026287	-0.09775612947019587	0.20803905753764593	-0.3616608778280362	0.012562668777334586	-0.4369553316577754	-0.6034893431472952	0.18853273335673637	0.5247992380173209	-0.6802386121012263	-0.23484365823441772	-0.9574075195129875	0.893460057896857	-0.37947620120089876	0.7798231513700433	1.1183810841357698	1.6457672011610904	-0.37883763399994796	-1.5068164366367967	-1.01509200353526	-2.4206297833703805	-0.20716159749205512	0.5905326419141774	0.1588166798347301	0.07928420665924371	0.5379914783152646	-0.9464667993679071	-0.8514967382060188	-0.5470803554551275	-1.8455201538171113	-0.801277506405536	0.7372805764135727	-1.9427649360141614	-0.3435151137624058	-1.2158594590355358	-0.030688622350060653	-0.23602169038281173	0.760894290836491	0.3174970858700174	-1.6963615606629847	-0.20470819260794393	0.8837794606630578	1.1962873336798843	-1.313213225857279	-2.378765014921252	-0.8946210416989641	0.9423499266992866	0.8999105765159412	1.2100685584970508	-1.184721738063825	-0.7947878513832619	0.45265813165510577	-0.38627548553309077
DTXSID0041567	3.4041493513847825	-1.1360096360778937	4.420061423464349	-3.9495418370762865	0.15153888087734058	-4.2772247259585034	-0.4469333079497523	-0.695972636817692	-1.0914525352275029	1.023589929503437	3.237223796158531	-0.019458418046465236	3.5316304830055443	-1.4789457570272178	-0.476919151150272	-1.325374268698681	0.750511583507327	-0.07995758382191943	0.30391278381939363	-0.6495045046517205	-0.6443502406871163	0.38629240050937136	1.466375026806762	0.22615325584174079	-0.6552666031106358	1.1997083691094286	0.8066149347559234	-0.1649191114056751	0.41323653158952983	0.32247092990680953	0.3724544499146363	-0.5452489388996855	-0.3940971012681756	-0.5911507708317039	0.2667925570682687	-0.1636902876804326	0.9959185151990446	0.27803398058270856	0.7137616523409153	0.7945025468314428	-0.08977435287524799	0.1308959762185777	-0.18829351474079797	0.29206867276506665	0.3186246783019807	-0.36080948737928753	0.07113765043254812	-0.13087415453021722	0.18769742340231899	0.29511729025632744	0.15539345203155913	0.14324032075679977	0.21699477438654932	-0.05834798229824711	0.18259565190121477	-0.44351165432501716	0.723546114957682	-0.8970876798422699	0.1980685440546911	0.5574583410525559	-0.16582060847200877	-0.6005602809405903	-0.47369549702143277	-0.1963332881934639	-0.11690229460288466	0.6422052262987172	0.6969495133879127	-0.10839967055307165	0.016360643067473993	-0.18954588723793778	0.8122420411710171	-0.04587413640836854	-0.4365048138861288	-0.11725441025489351	0.06386663362983107	-0.432151953698621	0.5202153000846124	-0.8975441023771071	-0.35898700766089925	-0.033030731076556887	-0.9969918320524618	-0.5017125638634076	-0.845637045112432	-0.36682225190183815	0.0018145904867243384	0.054840245377056916	1.0546506133677165	1.6105474419447932	-0.10638746729739056	-0.13325260926712304	-0.4046563932846532	0.344548607891431	-0.15559463594238682	-0.1855370627690977	-0.2155343762184515	0.16768077528949724	-0.08281571787953856	-0.11708513411783436	-0.36101571442955477	0.21459953573963222
DTXSID0027197	-5.113064900331455	-4.5171467148805045	-0.6017229331168386	-0.0360653523710816	0.14637928771159167	-0.6585406482556746	-1.1569347721578174	-0.33878445785643524	-0.22457134941699744	-1.4545899917915723	-0.6312478235437955	-0.08327943106136734	-0.6338108272698312	1.5136778869512904	-0.28876969501202926	-0.4183091549190441	0.61535106511808	-0.2665554120197851	0.3376852531699583	-0.8964784715316699	0.41265152755632295	-0.4489229736246533	-0.011220537872520503	0.1288247270493902	-0.646941377085158	-0.4463161065878579	0.110769723218498	0.9515904282917143	-0.14909165220034545	0.020740056336063427	-0.14498877127136206	0.14754535648140685	0.98776128294179	-0.08846132224355628	-0.16022331514356564	-0.3319934804190959	-0.42740266095330004	-0.22701774499895377	0.1883949138696971	-0.5622671016994686	-0.21387230659596917	0.5373129953175175	-0.3809695565421753	0.5314195223309622	-0.566558372179962	-0.017872693236607295	0.3406336744774234	-0.7286120727512501	-0.22952110784066096	-0.702857476373743	0.13190787737678045	-0.0979806807430332	-0.233556159925731	0.049606933385672285	0.25887637697617244	-0.907452590723895	0.10999881206786657	0.2805601645595335	0.09081236956539018	-0.29943253926022423	0.26813853275695543	0.3870642591453674	-0.20986655409363558	-0.9672478683952411	-0.3251011012458911	0.15773627099262347	0.25189134893108106	0.015693054484601798	0.8314764487934788	-0.2681187302817511	-0.3473719345449219	-0.13868823595783544	0.8747966054144644	-0.34514080722835533	-1.083127545229198	-0.6155150045638554	-0.7294938331388457	-0.9429104667850722	-0.23275309474952338	0.09754997466165596	-0.2033954498115717	0.4638368772493226	0.30709965044452814	-0.2156923634087243	0.07232485387168187	-0.10021847866129868	0.32952680693541253	-0.5724728215528883	-0.3445506159533855	0.6083488869047298	0.17565019607756185	0.43364551105646676	-0.2867378748403403	0.0008968869015293012	0.43835096133660384	0.10883637976005683	-0.11402298049194577	-0.09340963311496224	-0.35762576834488147	0.33879433890662003
DTXSID5029683	-6.556521818539614	-3.5532654661474585	-2.0235115677913886	-1.5634263878534411	-0.12103846713274354	1.2164958137821014	-1.4448207917758422	-0.8385908177387255	0.19097157797137532	0.7786412952391598	-0.23101365742593238	-0.4512771600062018	-0.6036254175181124	-1.1033870267191332	-0.9330049297400189	0.6592681220855918	0.056618950861734914	0.1862606655150214	-0.05045011768668605	0.469642919333361	0.5292952936398503	0.2959611293088615	-0.949334922490084	-0.4622844425453529	1.1500847659764732	-0.11761635284710954	-0.6448728331164479	0.05700227996760298	0.12040369836260624	-0.3466510204549993	0.6354866324271679	0.1841175949765223	-0.23997870801220533	0.0016567566033193542	0.40021432613810876	-0.5682105092256945	0.48117451261837324	-0.2920465551244625	0.149120361775208	0.35881884118968954	-0.1391871808047104	0.007894515775162753	0.12842216538982212	-0.09102621652116216	2.0132435210617954e-05	-0.11568037919852553	-0.22489327949190224	-0.3166443616077145	0.07026409870619109	0.14339982040142626	0.07734382576013162	-0.24555890221101456	-0.22486821879376054	-0.013529210844171018	-0.12983619138563512	-0.0116745952389796	0.06127319855911203	-0.272784368716373	0.2923141170646905	-0.021618756624580855	0.017086132273785845	0.2732411992519724	0.5304184562385614	0.3840520428268712	-0.07873877979480505	0.5068941464439638	-0.01706924480275971	-0.4771292091376637	-0.07073603770084731	-0.3394375026715188	0.455618284028848	0.378399644177305	-0.015955043788471127	0.06553915648484512	-0.2123439407523917	-0.5094392210615503	-0.27408587741776197	-0.5061529133978323	0.21984335524241413	0.39313429003271216	0.18696329626959665	-0.39805392574517984	0.442234414389487	-0.1567581706344677	0.7868872317445766	-0.05011915446782642	-0.8125873220464148	0.5346178653616941	0.7810033137481796	0.9027983846447752	0.7864674817779347	-0.9540520130524272	-0.003728528139051616	-0.5115534367181548	-0.06660745226334255	-0.9743342929362739	-0.3626035881970645	-0.0742822156256044	-0.1267915686134494	-0.4583681389738934
DTXSID8025759	-0.1392498155357014	-0.49851044226262625	-3.9368263509879466	1.0873083901920741	5.922783009256259	-1.2103473114279393	-2.7536308349484266	-0.4488569984774853	-0.6757281364344846	0.4400641014371055	3.201341301287832	6.05708255189418	1.1023456193663506	-2.6033355662473396	1.7426073208759254	-1.2578860404737158	-0.9753583444474575	0.6726930895037044	0.5294124088102434	-0.6817230823256789	0.1930887042902418	0.33351373651023725	0.19149096547551478	0.019315087872538387	0.44390806029905466	0.12984550691011013	0.7369846044801451	0.1473820299646961	-0.17243686936281902	0.33709372845100166	-0.2793022900315889	-0.04862179108190126	0.4043246623125891	0.5561518682876736	0.24423342168635598	-1.0271907718798976	0.02488774049303403	-0.16743596266928884	0.26844450442382467	-0.3415165876213983	0.18520840696726407	0.19191673040874263	-0.5584794912652473	0.1589352870276605	-0.27093663476543095	0.15495225349294886	0.29314897966945397	-0.5848010599380294	0.24976326271107366	0.1538296699255876	-0.05596191054125677	-0.12372539127324111	-0.13167506841520363	0.0060422195826332304	0.3284944878764857	-0.5295998154602427	0.014585195177430402	-0.4103273111855769	-0.5138934097525589	0.14595705547594875	-0.3333926344554646	-0.4952799119168943	-0.38950400164830323	0.557957531785084	-0.08855117703714162	-0.09956734520442202	-0.46064746919133637	0.09548697643655853	-0.11251796760700071	-0.5866727014198649	0.38027565052644596	-0.47331442203216395	-0.09683583844348952	-0.022679216786398382	-0.3773127825559879	0.23452700479987354	-0.19139832390900946	0.9109041371583794	-0.06512346534403042	-0.6481427820003418	-0.438164004753596	-0.13159546086528962	0.659099637044736	1.1038608629666764	-0.4319439805975157	0.38805990417867264	1.0287484134315386	-0.8606597953279097	0.6795045017585458	1.365757175285924	-0.04570815454724347	0.32771417080768483	0.5302272154198209	0.18524196955236216	0.25344904375582344	-0.1371804782712915	0.37758927599170383	0.1055155549802782	0.6160162201935865	-0.6460848732675224
DTXSID8047921	-1.0859552562018102	-0.1331687442514525	-2.1450089242905412	-3.4666919899515922	0.7801987881364476	2.3481795099254215	4.554667598234204	-3.175430066873295	1.2234233553729188	-1.7378475364983894	-0.5828593091351423	-1.0945638156713275	-0.4481167627345513	-0.7080555721126054	-0.3609472634930541	-0.7669000558294592	1.0679162245171765	0.014699707039319934	-0.7937053507447969	0.05360162330850319	-1.447823745734382	-0.31256805423131645	-0.6295824499090263	-0.04079790066979429	0.5466735312991982	-0.7938473639906347	-0.16054713972604298	-1.5347941635444997	-0.016032299399456388	0.17536753051701656	-1.9585849372492063	1.70173209472335	0.21274979117480022	0.030258013506480153	1.8899053025606594	0.6340886727563513	-0.1823239680845723	0.26901011365328564	0.8866983214370958	-0.2301397855945475	-1.4436802454625062	-0.9074688085511238	0.20931656640971238	-0.03555068585359964	0.16026171202350736	0.22965759011463965	0.6020676286584402	0.4847351704654223	-0.4675202709048713	0.5381081882257776	-0.3239583201217884	0.1426283390497544	-0.4800319321434941	-0.27161399271760833	0.08166084328687653	0.6436898146462213	-1.1860604246020185	-0.27545170390482304	-0.30198470699585395	0.9721134406714513	0.03440088228305308	0.5075165031566586	0.8156468375926282	0.7810073591090919	-0.27048949584907933	0.3286157050379875	0.6984643960903886	-1.050302387537787	-0.2654716091766476	-0.6822008055983267	-0.31061551639878515	-0.18189863506790963	-0.7762405705280032	0.036966391357368907	0.10857832960557257	-0.10373750668201999	-0.8510850830597878	-1.2599712153975569	-0.9103685231356256	-0.38523506901765336	-0.43900872481289965	-0.9531020614470468	0.5173950633530249	0.7271366260225978	0.9676905556432206	1.3668662323815768	-0.33646303500449615	0.6554148282363478	-1.463311508085581	0.8606670893304835	1.432539630656934	-0.41940826459364927	-0.17954768109534272	0.5127944247070825	0.1377705869308209	-0.7847101008948248	-0.5409877348519926	0.7709760051692021	0.13801190018410509	-1.1520182882069636
DTXSID2027834	-3.504320696050626	-3.2160155668948085	-1.0901856666013894	-0.5981865938529641	2.335719677343719	-1.2688944759406517	-2.267288365839397	-0.1860850530719916	-1.8169364561480186	-1.7349430053487913	2.23858640211875	-1.027057560379821	0.41254418520075903	0.6817526479231178	1.0557169590054372	-1.0896048347971665	0.8399157258087788	-0.24991168868931524	0.3258624768430145	-0.36734478166966356	0.2767708238852415	0.08623829341755612	0.8697251659809395	-0.20028161323848484	0.3616257054201721	0.10201815776306666	-0.297359615617905	0.38058209286702993	-0.47979958307033677	-0.029253521423402137	-0.5669025230557652	0.6296895608119955	0.5377823571480708	-0.07347113529821123	-0.003960437549885322	-0.9226611205048181	0.3984559436907375	-0.18245620361876402	0.5740677315864061	0.14944715909128026	-0.4129579709157893	0.03624916724751194	-0.5277759237274326	0.17934705457626776	-0.353309542928117	-0.1965280575694195	0.3629037813766672	-0.32285599751431904	0.03698560514926264	0.22030530598546882	0.060179606423347	-0.025626015910753742	0.24720552420609324	-0.25834482888410715	0.237879118883681	-0.18146269762064834	0.43097555741979143	-0.7301903674586769	-0.17479945412469253	0.23504727590124938	-0.019173999485047787	-0.26339374272139215	0.33918460358177205	0.392674730188923	0.022093543601505856	-0.2998536679822485	0.12145202086224681	-0.4589611336769194	0.20927924364825193	0.09577137964870551	0.22622202025278582	0.31484579771436694	-0.04217381593853109	-0.17838818300078568	-1.624567777134285	-0.016276886426391097	-0.40159312003124575	-0.0035136612371279214	0.07014420779764002	-0.36492995336527245	-0.09784466684265235	0.12991956378719927	0.17486748249989617	0.05427078390083509	0.03037133345401059	-0.10433097782347328	-0.011403596399926734	-0.22733371322872153	-0.2305498092576322	0.14515941176272287	-0.22951607339364977	-0.0338395783595325	0.011824403988868129	0.08731766098928001	-0.2609669236323967	-0.35790904303381244	-0.10070980998212925	0.23112183122352775	-0.03081569738965642	-0.1458008171174889
DTXSID4023200	4.969225950117176	3.704906923464146	-4.4379969453303625	1.1266810515972363	0.9531041190858445	0.5678547898157943	7.396612632470775	-2.316619296086189	-0.7753962305905973	-4.325760914262546	0.8744155281785688	-0.9100317418269965	0.9463537736905597	1.0741557295607922	-1.703160393061182	1.6889730879899614	-1.552332112207387	1.7855183833503032	3.4963478135749617	-1.0079825589685785	0.8001154551031402	0.26800118353956087	-0.2459192317833964	1.3169412655442392	-0.24654646682831424	0.29253300197470533	0.2686516644233149	-0.5987345043557473	-0.11583925533376557	0.1706645935716907	0.08351906875832478	-0.8056419601089997	-1.3346240830515348	1.0353651395419456	0.25122721493272837	0.22540016788172143	0.2697492962962028	0.7143612507627117	-0.6459984804962432	-0.5296196796418243	-0.49277726043043824	-1.1060589296685515	1.0041361992254703	0.2900045657965197	-0.07469921308426056	-1.4700755929457192	0.8840673001649539	0.01483418106205804	0.26023169357670844	0.5733514211523115	-0.10842095906217054	-0.25559811660448667	-0.6226790592070683	-0.9657549585232877	-0.875168969596461	0.41461574928794004	-0.025187147788891386	-0.3015698389421976	0.49611011585685727	0.34925446087890605	-0.9392629125528037	-0.5628249210504082	2.0058841054007877	-1.757278956533054	-0.11902408607642805	0.47804265234191595	-0.12951501792304462	-0.962590067970733	-0.060459436102105135	1.0132355261015162	-1.7816476500884817	0.4521529421014408	0.12489961909934176	-2.365115626521075	0.7729700225753593	-0.07547874074430903	-0.9614741105188259	0.8312799934878712	-0.7051385250214922	-0.013286230035035703	-0.2035302919318679	-0.785122697350574	-0.1635682673551119	1.8995166677416333	-0.28652357727737066	0.8402023508004831	-0.694578806416468	-0.01759255862615262	0.35520687234079773	-1.1066331803970764	1.1621591570604948	-0.39462207918887576	0.012874775146552135	0.34591327442731445	0.5850561697721003	0.11197281941555498	0.12319160283308224	-0.7082919832865738	-0.16550551364773217	-0.1472047642081224
DTXSID7042437	-2.28487588408841	0.8731666408305159	-1.5258084606285238	0.10080034900958734	0.8450506363492589	1.2849033187805288	-0.6445581243254846	3.559405920455712	-0.0747783310334194	-0.316374260720546	-0.6951009730281575	0.3522802534885368	0.4278836120759223	1.5859802273423547	-0.2855890420149096	-0.7548685189766617	0.42320547977400624	-0.010848262710150049	0.34580806946567233	-0.724211167397544	1.2455900088022938	-0.7907429640160571	-0.19030807271404337	1.2102349727011006	-0.7886929258219325	-1.0094764292331748	0.6372629625763503	-0.07661767850864536	0.03733093314327131	0.5320259849448186	0.6088885722956947	0.15828993627693236	0.9893205399595181	-0.3760813815553322	-0.43802628035089314	0.9446776970600507	-0.9241160802380255	-0.31564935362317176	0.6094124375748639	0.12457315582738725	-0.7158694000960256	0.5517733704589736	-0.5379099406032763	0.5611056541668535	-0.3324088781959306	0.0347039123929206	0.21818287619817278	-0.3804386469659631	-0.11958986781694353	-0.13643137779540543	0.06677955711609503	0.19213039557150235	-0.4855571661420446	0.19300543686265562	0.4875801576920873	-0.8647822229013616	0.06970328881870554	-0.12396463386578632	-0.26749364998262215	-0.0009775328628991676	0.6259678505324247	-0.12048258158125438	-0.07958769227330875	-0.8036942649896569	-0.3218917479675633	-0.4178757456472754	0.385685768546714	0.20414658872766608	1.6850545200377238	-0.07829782358569153	-0.722520713399775	0.36518122619623855	-0.11640840030989914	0.337568480784419	0.012535114375802016	-0.13485174895668503	0.5663458957279809	-0.28103993828959045	-0.4671486113651269	0.06390954395138573	0.014978517047878774	-0.07929850311033901	-0.06546088193541158	0.1764783371890725	0.09743053040134987	0.3798053701228115	0.20607995812748311	0.31668683356620325	-0.6792247175031574	0.4786840924161494	0.8833105566814768	-0.08021100369512134	-0.12157811358349428	0.7135285842554651	0.40498905911066796	0.2377390305956615	-0.03305668258298167	0.04018824693405969	0.022080581681341575	-0.6308442397213492
DTXSID1048831	4.84630859428502	4.193802933091488	2.7138851310214567	0.09504306743383721	-0.18696275474223864	-2.496606555938009	-0.7973332466575281	-0.952302732940566	0.275907894254034	0.9111538896839313	3.8302133250081605	-1.5144143806107917	1.6268272433652093	-1.8604168414253048	1.3734468251588248	-0.763207757353281	0.7456900012101427	0.5303514128680255	0.31638484632602626	-0.8524693866979703	0.02245286994117994	0.19719665202098366	0.6653756859569155	-0.30541329055063166	0.7633960263118416	0.08100306591756277	0.4251824751202583	-0.2880618969186881	-0.16141539894780269	0.012198535993397448	-1.1670915089660168	0.7593685843188425	0.682244600496891	0.2636972518746725	0.8997736455884271	-0.23190990470715667	-0.15016961027920223	0.5760049611963328	1.280245887475206	0.26729556563207585	-0.21911706059056082	0.31391539115346373	-0.27892272833763987	0.39079237146498513	-0.6767526469922308	0.38272952919374603	0.4956272795852555	-0.28820147067124396	0.03019895061317383	0.41430872211233555	0.07646676030003681	0.3363416319027274	0.4048741324852223	-0.35468395323757934	0.4382368549237525	-0.41433755423173396	0.1540360727243874	-0.7856981642436798	-0.5500524309454425	-0.30374270716317237	0.16515484993049268	0.2576759304551328	-0.45796731512548106	-0.5112293080092899	0.42018595699381867	-0.4946338665269588	0.2963963814286744	1.1782580541876468	0.13690737983637985	-0.994293574917824	0.275846751481709	0.3180925467333669	-1.1433666977312016	0.11887604659033911	-0.8154599373633614	0.14013373301851154	0.7306638649615993	-0.1485215747014346	0.04646525288508888	0.26248036352568666	-0.8848587227423963	0.3598242332945012	-0.10619654702485201	0.6361744905904061	0.25468539527788936	-0.2859334953297697	0.7749775633564152	2.085008185894325	1.6545583692156125	-0.5031969160109067	0.12939339732627195	-0.18348821630083065	0.4050481860676934	-0.6459932716528951	-0.05491737906716786	0.0009886211256231424	-0.16562887140168528	-0.5966924386416028	0.4107740459853339	0.32069359785863577
DTXSID4027608	-0.694106938962932	-0.1650442372531609	-2.1152283027863743	-0.003908535895446792	0.6269490306047343	-0.9714663885345077	5.286326780102709	1.2251464086672068	-0.2929648819268233	1.3749516210153547	-0.3864148459810292	-0.5663487065734943	1.1132149473382538	1.5579141016037985	1.1493651578184685	0.7554127716334639	-0.9085045851065293	0.7382827878232507	-1.3350406116412188	-0.4346209649808575	-0.3047114839903988	0.20582858633979562	-1.0544158126352308	-1.1557292385529878	1.3525977947431762	-0.5267836440353674	0.28059877458505483	-1.6434196371160885	0.34218397066962924	0.059464980946473296	-0.6250664973184475	-0.27043563270216686	0.04345096648804235	-1.4275522480451184	0.11584578815349919	1.249706771385863	-0.33632816873822624	-0.794691247733443	-0.481709938340958	-0.5948258621696233	0.9321697678977361	2.3968525161090395	-1.1180454409704697	0.04443900108130448	1.2957606819261425	0.4299932396334331	-0.7855585928917258	-0.05536642388836326	-0.17524364367566206	0.27448054007996736	0.19565358308842412	0.03852749515107919	0.5922839684738066	0.7331372476342788	-0.896977187711385	-0.5410229586964235	0.2907555212360414	0.7765390306897303	0.271864380103245	2.1417953168971398	-0.9895200525586122	0.6583899931227299	-0.43963694604497455	0.1596322065403583	-0.6363374489567347	0.21964863914801866	-1.2471633617312308	-0.6986945839564763	1.379719841706907	1.3480188876326653	0.1269488924123646	0.9383100888124166	0.24716533506920588	2.646155544837776	-0.40572141627845737	0.8793906914417245	0.07546433443225566	0.3840298773075893	0.34431347680133145	-1.0889055295352836	0.4657516347754826	-0.18463875165149035	-0.16899869444300047	-0.6275082293302459	0.19623633885291422	0.29087851642149176	0.5584255355389932	-0.18707216479951838	0.24233204582679344	1.2126924936335175	0.21844648895780275	-0.9661178003848891	0.15293971136400417	-0.4878615790534172	0.09515273712545048	0.3139056993046031	-0.29594658089662346	-0.3405089638429463	0.13836163838111395	0.23953023192135903
DTXSID4020167	-3.9433142308716076	-2.356745676212533	0.9226067182674105	-2.364791062855155	-2.0748772315348294	2.1394030353105014	0.24519474743314737	2.882494807602065	-0.8433845390271987	0.24739893517213501	-0.5335864351527546	0.27628483272382703	-0.04581866038419472	0.6804680338829797	0.3457560905806473	-0.05170925459403638	-0.35127222366641453	0.09767673184191386	0.6695504714756626	-0.6371304632794444	-0.47181324904027133	-0.004937507704597864	0.07270615972520188	-0.4222304519208072	0.1713181965959442	1.5661274197943746	0.6780065822400633	0.708192772368437	0.45709327259319676	-1.107293867776261	-0.5786844384351307	0.7317684198210063	-0.04512554994014501	0.4493055651524384	1.0112510038065812	0.6156026811885927	0.23223909423328604	0.27448622838113595	-1.1922028029337775	-0.5252254566594653	0.564095375464362	-0.7182498000235855	0.2163447083482163	0.20072836606900946	-0.13560589424561495	0.1534652362518508	0.4431105650228069	-0.7491845725979087	0.16208167237327403	-0.8084490886539333	0.06413399200152228	-0.4180941852365771	0.41082117484695624	-0.2889449600267262	-0.25543946166488385	-0.2892860111021981	-0.5368933493763497	0.5498181680188813	0.24073556437837082	-0.5561579717075052	-0.5947653820871547	0.12905936137188723	0.293398781685173	0.12680604667990303	-0.8477179017239034	0.05479789676206832	-0.210311867445957	0.4969978611853365	-0.009289331795149982	0.5806446405061277	-0.07576929387685073	-0.40013199072223155	1.0877455538771554	-1.1888814594309622	0.6693475373553153	1.0933213298084334	-0.5761447823930185	0.085703995241366	0.6130855855065757	-0.5346862700860411	0.2361563175953152	-0.21730615945929324	0.2965351387878377	0.2753755487404892	-0.13895043231698698	-0.1621586657821082	0.36827661815105867	-0.2308873459525118	-0.1086488203888644	0.11644170211746178	0.35264228079500426	-0.2819076899007159	-1.3909248433369918	-0.3614386551987656	-0.25445199787118006	0.01353456994386516	-0.13044536169945264	-0.14845144371449165	0.32312889675015144	0.13839376579655463
DTXSID7020215	-2.426809513103021	1.115164496710388	-0.3119110812254481	0.4775175572156947	-2.7834966668197314	-0.05886175603514144	-3.071966549111122	-2.418166627887928	-1.5731028525390123	-1.563254028070054	-4.710674696678636	-0.3791498427873536	4.128197750543598	1.3462357971096748	1.085702489941694	-0.3927940745955007	-1.1956082100147163	0.45125852222533847	0.5490528655609999	0.23547793587699295	0.3630509463960379	0.1676251936783615	-0.8757559555318442	0.032742790274914294	0.6144829010882698	-0.8732584726586247	0.6945665283828748	-0.4782822174797291	-0.0021827294429840804	0.5133204856943213	0.2599110598774366	-0.8113747686236701	1.3050510331163492	0.8673193808114391	-0.8459743414700506	0.28443713544143706	-0.8067670562869497	-0.8357906950985305	-0.08340738673674764	-0.417489169927382	0.06705033108087434	0.19025052096472347	-0.509822119991065	-0.26027193975121304	-0.4140082269210792	0.007813319892559737	-0.3830757339780472	-0.2233393995531255	-0.46189575501530283	-0.3519972411841729	-0.21067308588523737	-0.6582246207755594	-0.3436797067742592	0.3543532751485304	0.5547839927525764	-0.3197297175861604	0.4633238323788589	0.2563257506727659	0.06221024998927159	0.024564817757579453	0.052322248142584606	0.511898445275314	-0.010377479690648514	-0.22501199047260184	-0.41314860043713003	-0.3557440928442922	-0.2527858869794174	-0.2531664812917316	0.5233657478004802	-0.9195783399809541	0.06182687554242804	-0.6331473138358718	0.4137163594496763	-0.40704775459817716	-0.34839950318063734	-0.16812488549672785	0.539840631022728	-1.0200950814420815	0.21184828574449552	-0.7215123987143083	-0.6039374982797031	-0.2250523841813126	-0.41693530318990046	0.277799872424887	0.13398157466003532	0.5750319928843226	0.6053665858934153	0.8071671602517372	-0.6142526155672132	-0.2100574271648956	-0.06957453633244505	-0.5092295150434105	0.30160334492964896	0.8696924838308612	-0.6531053174125178	-0.4683535426438777	-0.12260207572031477	-0.29126768802087716	0.06560209466139576	0.22542948332167348
DTXSID7025136	-3.769662340092434	0.4046464226053445	-0.42683555618895197	1.190473024648789	1.7483358822246928	0.6384460260855542	-1.1165007955658302	-2.5481870747129673	0.4194785565646657	0.7335688167709974	0.5537822583602026	6.7892560344671775	-1.018445822024244	-1.89346119518765	1.0165106625024858	-0.47569724562551474	-0.8091478242168141	0.47599144148944594	0.21328366267458107	-0.7735715807087414	-0.813538720433583	-0.14420913395713333	-0.2972496610470938	-0.08486203753348853	0.9967473338931825	-0.6932710973222183	-0.22251147809466457	-1.2323291560979164	0.04092657666533937	0.1918523708884538	-1.6607068385641925	0.02735163124026856	0.37205319556954425	0.6213965905023504	0.684232596743334	0.6698960189739442	0.24175203513391866	0.5080086877995712	-0.1809859458051537	0.00546456748488211	-0.07392652673467166	-0.5019029548451829	0.05777845610898319	-0.05454537882823378	-0.5891923616900697	0.3040491913717949	0.3010198618665693	-0.06268280404913026	0.14105688335936836	0.23708411510380406	-0.09698326072504267	-0.07677171462383435	0.07712290755086554	-0.3807336382598279	0.26376728516447445	0.08573667636018345	-0.8639845054849156	-0.20319439629134367	0.10546779179764862	-0.48694846167842903	0.07063706826970123	0.007764066674486728	0.17452870279744817	0.45385921339715585	-0.12390518136535902	-0.19401526172511158	0.12020620203379158	0.7609353332498686	-0.5941978680690134	0.10624628690853063	0.48881202328733137	-0.2925264337920246	-0.5482185348124645	0.5717001135953729	0.8438475315878237	-0.16566737698488326	0.17274248104355527	-0.9588081954163465	-0.16808297371123085	-0.44204765770554943	0.20210851306729102	0.3860851126574635	-0.12558427470580782	0.2782337374656782	-0.3265048862967382	0.31364487744326447	1.2561898585615083	-0.5717449671944276	1.5443187558593332	0.9729006547783516	-0.6559548579703639	0.5645136987229706	0.022916591212619665	0.17990093731926893	0.1194619951765395	-0.6510162161035106	0.49400002114465613	0.2269487958425136	-0.002272286900942144	-0.27869308304347545
DTXSID0052598	-4.841843681082706	-2.3543040984660824	0.37732932231162875	-0.673584432747922	1.2477401998802422	0.11238965823237893	-0.11706430021267565	1.8491366854830624	0.3062249435977314	-0.13439237842952353	-1.0078017019981174	0.08148041256118707	0.3753987599604088	0.46924033515964786	0.5558446374277783	0.3123944974915309	-0.7242066900979941	0.2637103332185754	-0.19520428726822323	-0.2961724176455154	-0.3684098640483313	-0.35136301042217066	0.13118012627404924	-0.3254579753948674	0.11601456985533515	-0.24293143696741712	-0.4454374448689091	-0.10875331083276452	0.04815887972479441	-0.03289904922698667	0.5315022540409159	0.19889944030461415	-0.20163582932545934	-0.3662548127640195	0.14288914344932252	0.0890688605854482	0.10239539538680775	-0.229817123508621	-0.051642096792233805	0.21967376487238813	-0.30963016030730184	-0.39508885958667217	-0.51220986960895	-0.11994884910218273	0.14741021950469088	0.15367161471291219	0.013926489890554854	0.07358688539008623	0.2979530408537884	0.13064789416419598	0.02203771951412719	-0.06008872746385777	-0.07501033479466483	-0.04767075325425461	0.27049317942865697	-0.06003454772607166	-0.2747055084396123	0.1274049499974466	0.06998114384563332	0.20068456959047984	0.07004924215239997	-0.2570414895033458	0.0649484823078397	0.30756376124882995	-0.3658077186384382	-0.10823691836391014	0.2088825545573664	-0.1888343680306621	-0.41047681859245316	0.7012240302486723	0.3891145515193326	0.13289732906236765	-0.15555723843939548	0.09854885167808775	0.32246510463243316	-0.16224219708727902	-0.9388137162761663	0.4688697144227636	0.32253210721989434	-0.3318428933653044	0.3546816451457706	-0.34245525738056454	0.18575099244538093	-0.9006795955062664	0.041904196624926636	0.1788774391325369	0.05688479439089418	-0.5481675005035122	-0.6006900032940454	0.3066610709377399	-0.05956973107631171	0.2474375739484991	0.2052960110027712	-0.048796703958704515	0.6915241981156698	-0.6459916165153079	0.14790588441031718	-0.2698675067986121	0.5447701629656125	0.1299328297274355
DTXSID7022883	16.963950541349337	-0.6114185133798583	-3.37393041420078	4.44420177525024	0.7116112337530942	0.25607648479999345	-6.8098336338007	-4.305702635994304	-4.778767024365272	-2.2666255762862533	-7.118279840860554	-0.06137756936099435	6.862171178301472	2.8852817973491844	-2.053460770644208	-0.29699435006303604	-5.29903099891205	-0.6436812244419567	-2.997245875154649	2.8242160998803527	1.2881055884411834	1.2934765623295907	0.982295299212148	-1.4214953814150861	0.4503734723583543	1.5858450565078495	2.4268619806710516	-0.4394883077581484	-1.7165315677266264	1.2470455234105489	0.06509505100767232	0.33787328288941154	1.3192244202805177	1.9724810406975097	0.6725436512765123	-1.120642905448777	-1.3793504201304074	0.5307192022515991	0.6876816915556212	-0.6417913055379424	0.09376393084597898	0.4968881984433391	0.13925043221832195	-0.5710601456360397	-0.8067970862303153	-0.3486300395163473	-0.29285417037822986	-0.2275040541436533	-1.1589132284241594	-0.11836975624352744	0.4707562510333216	0.26201474489199433	0.05249895715649036	0.7319525003162037	0.518957865222837	-0.3083687976039876	2.089099697221349	0.5595307224267222	0.31617571386900284	-1.0401925389495126	1.0575369410808222	0.9265917061302055	-1.1971485546429483	-1.73429150241128	0.8906240989966326	0.6974169121309461	0.6207697577655741	0.5596697551715053	1.4439725736872908	-0.227636746903665	-2.6358831771649225	-1.0879845063441185	0.7987458831402503	-0.8544340293917949	0.2151749162493009	-0.39642132268838237	-0.10012640540259192	-0.2416014540507189	0.2275093380528788	-1.188094520132259	-0.04242828742770662	-0.7967416647387248	1.2964903215793186	0.7441388308644384	-0.07048958345471569	0.15402033478146426	-0.25539745552690357	-0.8826437113160114	0.22349326525203275	-1.326246959225293	-0.668326815389685	-0.7437726581421514	0.4362958786753898	-1.1609829326013588	0.03521527817847637	-1.156730694201382	-2.7552828627841426	-1.1397467854212853	0.6047129762239849	-0.0900996141367498
DTXSID8048731	6.226570442006642	7.801151167449448	1.0901715011335475	1.0623580756114328	-2.1867258813001698	-0.4491295471185721	3.6845778142098258	-0.271551635823167	0.721872456140335	-0.1935346312055177	1.3655805544064743	-0.48474904878640057	-1.6163701596790452	-2.0507759241033052	0.9180673447107731	-0.32003973245564427	0.16106747129187146	-0.7118250809210009	-1.270694582898453	-0.841651143993868	-1.794834625203409	-0.5155162644625085	3.074189541133409	-1.1731227475601715	0.17503015370109956	2.0552098979781332	0.6691288811976974	4.063429756402249	-2.0693265440453747	2.7865786508201382	0.2199902848090949	-2.3155682817312186	1.9155259485835472	0.3449220193162058	-2.5000549533991023	1.2385371164884604	0.3550955373070052	-0.25621346716806437	0.23704496466333455	-2.3146562608555556	-2.5523647341020004	0.4770785349284274	-0.034942617141241035	-0.3024204863536643	0.7602074366007583	0.06837473044837966	0.061250415419363144	-1.3592372631170955	-0.00761060121905205	1.7220648610630493	0.6042474211279267	-0.04613468057424627	0.9456597182687575	0.0666391206587544	1.5919519991245437	0.5267419421766794	2.118596460251432	1.5841889633599568	0.8594118529292811	1.5337417142801901	-2.3182856469826167	1.3720184072822124	2.423545917767599	1.096015576504881	-1.317638123971914	-0.29213808504972805	-0.7141832316744329	-0.3653289372576108	-0.5447803257314846	0.9779793024879432	-2.7633440657619905	0.74895383108082	-2.2702362884180434	1.268719345552266	0.9534618242490928	-2.6384172572965494	1.0474820234549937	-0.2132322431148499	-1.3656634522255815	2.6277658779679207	-0.060434267016347874	0.2312896088647567	2.552314750783144	0.859575346663992	-0.8093281559412163	-1.0320985835384862	-1.6144432230185206	-0.9174360582653175	0.09851726193497323	0.3878330197947403	-0.5127446836789386	1.364696442904376	0.6555963847798305	-0.2894257384029738	-1.7219512479189822	0.502811160910303	0.6487545394978383	0.03900464401086948	0.33328508158269243	0.8474341744955155
DTXSID3024102	1.6935695777015158	1.4054883137911192	0.6096710607485176	-0.8320197572250955	-0.7812820902157109	0.11265657468743209	1.0351063542262804	0.6417506347164337	-1.1114165392264619	0.33040252044972324	-1.9342920446250846	0.15217050988172506	0.21266728943564694	0.684951735982101	1.4107973929538686	0.5154707162524397	2.238423636401802	1.2571826795620502	-0.261945764301131	-1.9342742774141848	0.2921944462494082	-1.236014544622335	1.3739324747504118	-0.44572778823405984	1.2177669704291967	2.0163794771002292	-0.41560791293864097	-0.03329335805465798	-1.1699883258014363	1.0164899439109643	-0.5118011840993975	-1.6132780847203754	-0.5453557340114248	0.3740782050747528	0.0696491033030164	1.1939349865511444	0.7543754344043807	-1.2711387401290921	-1.1514910745579128	-1.0579356880000526	0.15795039847160292	-0.4185906375623379	1.5232476565736532	-0.16165560655755254	-1.1180689211546664	1.8970475500230632	0.3034067664911753	-0.1333185458162214	-0.15834661396051702	-0.22829774617927306	-0.2762638980951965	-0.2291564885951117	0.705006509816012	-0.3360729327339812	0.48572625746796994	-0.37330018625309996	-0.6392954502829828	-0.557753733314514	-0.8514919416916916	-0.46399594935687155	-0.24655379248120118	0.7319743058019917	0.7998017566003089	0.01907209835289439	-0.9995611360357705	1.1640255017294838	-1.5293737696039376	0.23536576547651783	-1.2089497138150276	1.1490145600722856	0.0335174238313743	-2.457792674833093	-1.5004640507315126	-0.061070683349554566	-0.12888425568142156	-0.6594271997221979	-0.4057163425786135	-0.32924403583427947	-0.04507033257855364	-0.14374988565142344	-0.02320910827311355	1.1911394025904891	-0.012772482368928398	0.3440746790054093	0.7375007694987386	-0.2556805987091879	-0.20677657272705588	-0.7377848749390199	-0.03677707963649483	0.4177807647671796	0.5829936717807217	-0.7024378425061243	-0.7801048013299035	-0.31603054534297687	1.0682531090028893	-0.009022169360194189	-0.4506156103087308	-0.2577105145357321	0.12195118498276286	-0.3891618086533811
DTXSID0045175	1.2669822999723555	4.4095271990689	0.0008213242480544407	1.5000325817644085	-2.902625074802231	-1.818337139262231	-1.6228421448700137	-0.31355491112704964	0.9726594051074687	-1.234472145371087	-0.5456630136411422	-0.34696728573529545	0.1458647691781244	2.211632220192513	0.910846249484566	1.571909389228422	0.34912437438757016	1.6760202891487919	1.595792207201367	-0.5672835586352021	-0.0737082378283213	-0.49431952891116354	-0.7265227235425893	1.6497810032280797	-0.07644966536276886	-0.3777421201506735	2.9310371027884354	0.4083356764659651	0.3761586997663998	1.2481128679358218	-0.8993999185365161	-2.589039350878947	0.02993461232396552	0.7524170911011886	0.8284908967055986	0.16842209918978263	0.17497942124089322	-0.9916244179484406	0.2083314406175221	-1.061084515952982	-0.4662683181862888	0.4125180629612642	0.3328343949304785	-0.11625166282467149	0.20271248612538567	-0.9363918928318207	0.10551109054785644	-0.8330087251976156	-0.2901871847165966	-0.28989058413231106	0.3253844841911486	-0.12185900022230928	0.5477796622531651	-0.21084085086963933	-0.08982441523713618	-0.2977368194421687	0.059723844422684545	0.0008769324839372806	1.4804257832883725	0.7945781925442598	-1.1619441317853623	-0.17782475270577644	0.23663323023296387	-1.9483077191860645	0.08955433019506034	1.7641246681409186	-0.14616884812841202	-0.23439921297861777	0.16478796026154777	-0.06274642309980352	-0.02259584735105757	-0.49245694568788373	1.3615119816101895	-1.4664275181921371	-0.1731504523795412	-0.011502966331593955	-0.01829549243225823	0.035971678328074415	-0.16476499276680892	0.7686781655184919	0.13167084496672088	0.16725454994596176	0.1492714609331787	0.5434710658988431	-0.5936450366372822	-0.1367541274674361	0.5607862607362607	0.572568099025785	0.9139908760481278	-0.6827630541987846	-0.5526382055361535	-0.07284213594318639	0.756632316596347	-0.22384280508739413	0.8061526468606635	0.29532717940774933	-0.25667290603422005	-0.663550733335131	0.240985962482608	-0.5897044720529273
DTXSID3047843	10.373479492487837	7.840094474075636	2.0386025898780877	0.7937972609660681	-2.1333029700021577	-2.175955214960429	-0.25489961028831704	1.1268805001355875	2.589365220547873	-1.4833027318525283	0.9487874367987752	1.8209819805817142	-1.08802943309002	1.3563747644337911	3.856678355034562	3.8643498242223835	1.440143552810726	-3.182272149023055	0.7770125418736135	4.559954655604375	1.6430060604631267	-2.2941847579281953	1.9030915688826537	0.6381824248158707	-1.289559119181772	2.446430179781286	-4.062613120370667	-1.6081704238434167	-2.379655564369123	-0.5317637686522475	-1.6496629766934492	-0.2512021374920433	-2.7635327666145684	-0.5475698948368332	2.163567103525614	-0.3631535010614683	2.4200085788368533	0.5520549287988922	-1.4096175713590036	-0.44859832352887413	0.6675170353370051	-0.1872073508769268	-0.5429753402564108	1.1760581375246755	0.4102967608587086	-2.2174374811134054	-0.0638863903439568	-1.2061749886459567	-0.3335519592462819	-0.3761450556276218	0.29815708661332274	0.2579930837678067	-0.19798808777921334	-0.8483951701993578	-0.7865956282570682	-1.3807800397754022	-0.442262417679424	0.22256030076874345	1.6513160158650406	0.42440600540021317	0.37015879561527254	1.6905895227264922	-2.3986970214758676	2.1433232076270103	-0.4836607426404053	-0.8263472890560409	1.723059508099119	0.6827971459308746	0.7796256834943129	-0.8984129767912975	0.5336603366524992	-1.3295192968346001	0.05369153067084643	-1.8422789562576214	-1.1624134261966395	0.5681288154721101	0.028397298505285006	-0.47859219440464	0.2382883288317276	0.37343982881350013	1.986083305693143	-0.22180573966171527	-0.8876604388255518	1.3768693317392873	1.2098474180912122	0.2763685793805147	-0.9856393601051914	0.24001624983186304	-1.109909920326933	0.5400779232295905	-2.268032920542629	0.7065046427526225	0.5805459124153932	-1.9810288226335515	0.7783834090838768	0.051754450855815835	1.0014134069066047	0.49103709473843155	-0.9137129915730543	0.07114591616103695
DTXSID4023044	-0.9564753098515526	0.47362847383071555	0.3885952372717298	-1.4355688040758194	-0.21452267852243043	1.1563112680801508	0.5982952325400682	-0.8107703002190016	2.4929239647737234	-0.18457857340051104	0.4166480628131597	-0.383588251167035	0.49951030774826954	1.923923179748826	1.7000197506925623	1.0416166899112318	0.006130641360546662	0.9853580444165866	0.22394044020174456	-1.6580618589035099	0.45469246524332846	-0.588735292412857	1.487288048513928	0.7040948094050865	-0.3915409439010242	0.4057589864164856	0.6265559774985554	-0.5152041878923973	0.11153297047154773	-1.2587219388023412	-0.6719869520023481	-0.20934300696045305	0.16075716608669896	0.21198272484037448	-0.3975156029927218	-0.7863935753434531	-0.9397413322689404	0.7700536271522974	-1.137570999112361	1.1656276829413483	0.6856378784329886	1.1237804120780046	0.37058562691151953	-0.8889369317599782	-0.28996982970754503	0.6369051324044344	-0.21864936406206575	-0.07401376777002011	0.19725618108949597	-0.2649943618638486	-0.10638419697300694	-0.26625370831098516	0.25056432701263154	0.1607295209462371	-0.21917708146089027	0.15942277653090814	0.5101564277473916	1.4083642512382943	-1.0493437835740511	-0.38871648608435727	0.3928827659304656	-0.813198048224693	-0.33697897663805415	-0.7943570260121564	0.33392270907298366	-0.023616890319240785	-0.8490833200770813	-1.11539948838288	0.046757292436377766	-0.06121423721782784	1.4125523496506565	0.6053279244250441	-0.43797184193706795	-0.7818915448956608	0.5867085427150106	-0.11374462236063869	0.5430961861369503	-0.22420008150683746	-0.5543006103229556	0.231719443367699	0.7075015129818186	-0.09680493375723742	-0.26127531482154426	0.7859640765397136	0.6470666650125787	0.7973875993822999	-0.09640914603164111	0.22406309640139813	0.06915525549210953	0.8198262754985495	1.708138664331273	-0.6116978859609694	-0.4455522174985246	0.06965197901902426	-0.2270155525814876	0.21761155027390838	-0.21378567690695938	-0.4140863451916308	-0.28017561909022315	0.08232387629668149
DTXSID1046500	10.147259134112126	-0.8619928459227963	-1.1419039100286008	-0.38714876857993086	-0.187402499925916	-0.7222489881757113	-3.2415100204882776	-0.48169652259501516	-4.312676725974628	0.37911657383465064	1.3956267746116753	-1.175812156015433	0.7005170550316545	-0.3516209387839945	1.0894477860586589	0.4207060310556582	0.9969109111023503	0.09174226033554407	0.5876808917431948	-1.7120135406856591	-0.9978936708973852	-1.669185887461736	1.5487654128649384	1.7419763840549272	-3.3374855078238688	-0.47358695382223254	1.1504708093926357	-1.3842929886313076	0.837761841319661	0.3490197808269914	1.255273067805795	-0.8167122867174191	0.23465695874316908	-0.9372105906753276	0.2685239067985437	0.07118084495011852	0.9672822975726315	-0.21539948036854603	0.028315838880496526	0.09301556439128934	-0.16332962851595548	0.3923109114466316	-0.27116029008226433	1.6088383444869305	-0.5324029399606351	0.21909086098114444	0.19712266866829298	-0.40338627110491876	-0.11633809014636064	0.7479675378320246	-0.029417281891919788	-0.14604710464340473	0.18501017472634373	0.14069172309022887	-0.26394161567547286	0.45861935635099466	0.5625372444469968	-0.9481303767886948	-1.4496649042882948	1.1492684456314306	-1.0980246913641851	-0.6844695299231515	0.2870513791051041	0.4334641108134138	-0.7210921649517019	-1.0795271814411846	-0.28049841872448283	0.28103686521165144	-1.636785392062378	-0.7509544105751512	0.03707871168131295	-0.835822248627932	-0.7851074366232719	0.2014363812642472	1.6945286766269672	0.09163652129429671	0.4847309597815684	0.05249431127675762	0.08338299894966066	-0.39417566027337825	0.9543995094419615	0.5228578480883325	-0.1568197340827781	-0.5496618905157331	0.053227885669952076	0.08993778761033597	0.5806850159282039	-0.46537295302489223	-1.6765851644826653	-0.10253207491845573	-0.5919947321456275	1.080870672521152	0.25284099798932114	-0.5416205485290739	-0.23750790911606082	-0.6718119561043195	0.8730337473097552	0.3649239220303152	-0.8969557419369473	0.3495435077060057
DTXSID2047278	5.910128230269976	5.531151770623242	-1.9104709779041746	1.828751321301334	1.1977403676559388	-2.0910754804554093	0.5303651130512069	-0.6967058830905886	0.5167598237113774	-2.0243154806570254	-1.0161281327551568	-0.15328297106214486	1.1846581095114135	0.5207151956949388	-0.2874379141925772	0.10689263527898883	0.7315351229197914	0.7086689473741298	-0.32147245236277716	-0.13066399830766556	-0.9029814924152915	-1.336677920750382	-0.05724006381928713	1.2932972250532122	0.32363096052934953	-1.593867482141852	0.22408489872615794	-0.5905557299729118	1.0226702638521703	-0.3413219857329443	1.2921768990090043	-1.616096784512849	0.07164878429959488	6.918534823770446e-05	0.9751594977148127	-0.7272607979599558	0.4664032619243864	-0.5017385904715714	-1.3290679853535243	-0.5917738221092328	1.4944011079722266	0.21070447679684176	0.5746502932766464	0.8411503459598402	-0.7854722478949712	0.3534253049906577	-0.6678880582396274	-0.29977556159746127	0.26237041566967645	0.46642802254663535	0.018162019611212478	-0.6256219124176503	0.01751177554740738	-0.07187561808532836	-0.47629535818874424	0.061592495900027064	0.8291735996484361	-0.04338891686572463	-0.3140153388438624	-0.03130727652827342	-1.3104121431030327	0.06307717573101447	-0.09751078411298097	-0.6796512372282464	-0.5088526277920599	0.2007092290682731	-0.7581754394311276	0.8162465057355253	-1.017340112221181	-0.902026197416459	1.1858277415924858	-0.6591028392296016	-0.5570706655099842	1.2358719090565353	-0.18726752486179288	0.13034079067763948	-0.7589457985066251	1.138585435291757	-0.14860829915257862	-1.17726739813453	-0.743928765509577	-0.048795129948945	0.1631079878619262	0.7777010557074769	0.0413775333955898	0.11845205233717494	0.1409285426838375	-0.4752287757052123	-1.052059335759211	-0.3890615068410639	-0.31098567020151713	-0.8742369559886513	-0.06385788251503245	-0.10498027646394051	0.2247233552083536	0.7659304277094839	-0.37864976955750157	-0.26833546196474894	0.21705345999091846	-0.2535730525311293
DTXSID1046502	2.3607491935310216	3.8822784494449674	0.04222766296970607	3.513102683239135	-1.7781399337229926	0.44636582250510276	1.1130834951441138	0.6309578668039251	1.2973938548680595	2.5500670035015145	1.0916607413438344	-0.5544597851217379	-1.0959649743163953	-0.22064701735164727	1.1507819986572858	1.0342001840614186	1.6401864071723806	-2.1926330468421584	-0.3709423369223991	0.6363384505318818	1.0269848117619713	4.654966006383062	1.6290645345845807	0.13062353595522772	-0.38238007809776764	-0.8231887969738952	1.4543369147479697	1.1447759393309078	1.1898199071780853	-0.9307724448375604	-0.7789269864030216	-0.12134871193329912	1.3339985567805148	1.2438817149382912	-0.6073415902382093	0.4571394357479833	-0.33471508573569553	0.5511383210286491	0.12200142456575583	-0.47168998220385155	-0.3703343502560085	0.4099888644368772	0.04191010089953964	0.510451722609665	-0.41828787030353204	0.7357187822991442	1.7937193429114082	-0.2156527812917987	-0.4063022335457521	-0.003984165149642753	-0.04720254876768211	1.0171329448248492	0.5868438235625545	-0.20559991405863426	0.2513048463427888	0.04308781801234779	-0.6401306732205225	0.23527311521274735	0.2439989360248744	-0.2785909252186057	0.002697740490723032	0.7668006839327202	1.583435179757485	-1.1895718059772118	-0.021726783310570003	0.718399337019475	-0.3295790976219605	-0.8604625632954663	0.8093541561969151	-0.4074991815889127	-0.9488711308976788	0.23848708874005753	0.3091588781433376	-2.0130590035393943	-0.27797028137704805	0.3293425567963545	0.33687467840765567	2.3642950892122285	0.5511125656038539	0.7680755469642441	-0.5719197838216462	-0.6678189309550635	-0.3039086246858102	0.5065485400169423	-0.8761169682564065	-0.09549218465528442	-0.6216229006226264	0.5310953763063979	1.5335285336949676	-1.415551318521436	-0.03221279529409361	1.005885020983309	-0.6168173199055674	0.7076214768064517	-0.2637927790700006	-1.4879406823949748	-2.5484776857258065	3.78392746077825	1.6587979642338526	2.6900320005149645
DTXSID8023890	-0.32437583680894094	0.2392134524377545	-4.0509354051862845	-0.002523547237809225	2.4916753248014616	-0.7347419374103479	0.046792604823373975	-0.22135686466397322	1.4262985816301057	2.3568084677469705	-1.3176587372784756	-0.8165697544666243	-1.2463569681917803	1.713365938955186	-0.7434804644025031	-2.6028959633557576	1.7563138604573694	0.5493604568265615	-0.39797900583135254	-0.5855170177508061	2.606402593538334	-0.5783878028977252	-1.426295578776569	0.7957850851583681	0.8102076658670644	0.024952894028732974	0.6708626787246744	1.4916669850616353	-0.5585645386211978	0.579739035867929	0.10693166443255896	0.15711482591701112	1.0495651250563727	-0.2872099186555104	-0.32929779034293305	-0.6593951924480977	-0.9549504756925533	-0.674589539989152	0.40114307501792934	0.08642504124470024	0.2605210104377574	0.4113369680383533	0.3091065317516361	0.20290770598381133	-0.42214494565543936	-0.2524734310965729	-0.6346643202474372	-0.0912239410229808	-0.16598612851389585	-0.9615915686692174	-0.1327250018296248	-0.4608307246681603	-0.22067401536946366	0.3036278294336835	0.37401654018171154	-1.4373529880820741	0.15842949431899953	-0.35328319061319446	0.39930933695369275	-1.5495913128344023	0.06706547456781303	-0.5298334766430591	-0.4280227391451027	-0.11355871517713761	0.31808521628657394	-0.6147322696080787	0.7375745717016632	0.49727208461146566	0.8512861721778074	-0.9782845046406287	0.2544870631761	-0.6805080630795793	0.3026942330608166	-0.8619947558232804	-0.09217623408858835	-0.7033297948495102	0.49389864569063113	0.3627119072686871	-0.37907489241059467	0.18954454494150355	-0.9192227712520867	0.04682671230154955	-0.38289763250460174	0.12146195192670069	-0.12186939875329715	-0.22336739498637018	0.07892982060881734	-0.6229632617430724	-0.8677004141478005	0.3507236380039775	-0.31004197050314053	1.0243474535744643	-0.007372655300059206	0.011699819304306736	-0.01326382016927963	0.5941530536887335	-0.3869378891840941	-0.268458437891684	0.17219905298155436	-0.406566426225222
DTXSID5033836	-0.4326560631076151	2.2165238892946095	3.0250794870086986	-1.4269561012345062	-2.560450826485361	-1.7772462722879625	-1.7781292021724608	-3.063382255252456	-0.20132934765680582	-0.44836683606013866	-3.1318908733875865	-0.09007490300993229	5.29868864696681	-1.182977243267894	-1.1788771861381484	-1.365909406151767	-0.88220100138368	-0.39258076945619763	-0.5787780355955372	0.7313379952917793	0.14731961643139532	0.8786333218235498	0.42116831873668326	-0.2570365385882593	0.29836870152376616	0.6454655459979498	0.7642824229407607	-0.21738693565489361	-0.04104300781421986	0.4110101233668762	0.04249247103467609	-0.5632118360536834	-0.3472036113014557	0.08226517447540901	0.3097275805569142	0.3093531447360683	-1.3365072258832575	0.4147237544913891	-0.1307006917358912	0.5607379777060985	0.0870202301998975	0.3704813599519686	-0.10944035665676508	0.21113527379948863	-0.056883350023873	-0.06468380498696147	0.6285352842595835	-0.602057233607944	-0.21871904705215253	-0.171125177948755	0.05284206047229267	-0.33264890022547683	0.2806341219123286	0.04062141810582914	-0.2138309809291197	-0.06105889483805655	-0.18407127406864393	0.07104794402063605	-0.24843124577196216	-0.6422784539953913	0.5951956818631625	-0.026778542301068003	-0.47582322566539526	0.5274436933104123	0.5088627438968447	-0.1782556436990482	-0.2037819682036376	0.3938799250030059	-0.05288899093233268	-0.5782772961742594	0.07622706575677478	-0.17692464607823077	0.1098943527756856	0.14808868205436884	0.2266718281116543	0.22697817070112422	0.40358129212028604	0.08281630161200013	0.04577429074438553	0.025473570198670126	0.22802779206179422	0.16192821018601042	-0.13172349414755538	0.08801034678932325	0.43084393259418674	0.1400518418008758	-0.038799302375691146	-0.1562107876357179	0.7040489050880442	-0.08868773540706597	0.2251585441569929	-0.35109645234889564	-0.19196621106561476	0.22999942066684426	0.10696974973087191	0.2800174000480398	0.3347118127219595	0.1270624814495313	0.12758468940022236	0.34979759075101297
DTXSID6046470	3.389475399246263	4.207549579129139	-0.21663044800863188	1.569625589086508	-1.4970084576373495	-0.752335034428607	2.508055545835906	0.450465595985902	-1.3539176039114043	-1.3362332386219353	-1.3597398354993417	0.6174618482410477	0.29086727206163004	2.6262887863492916	1.5746787531817898	-0.6854134158015	-0.693268905764043	0.4372456095315695	-0.17505368009848268	-0.7931397725887199	-1.8652727164327927	-0.15398353299088005	-0.8207802932044406	1.125854148366109	1.4958609552680213	-3.641548456546126	0.9255534621425148	0.7617847058747601	-0.22108776418017373	3.828949526098401	1.2412285617960412	-0.1083031572463866	-0.055644726577697	0.1865580120309486	2.145978552733368	-0.8813393188355467	0.682021218514314	-0.18970125443241753	-0.2982350258986519	0.5005780888685347	1.4095772557223434	0.5768527593035719	0.404628315316149	0.8854687408010958	-0.7716617623090515	-0.28231035458771786	-0.1195362499329827	-0.6274163583422195	-0.028537488545738312	-0.3902998490656902	0.29407440088764514	-0.9946694127111889	-0.04288941494999068	-0.6633511937407298	-0.1298111179276194	-1.1516452307686051	-0.3831666337835037	-0.3849926560350057	1.130598852422914	-0.8370477049417759	-0.36873620139238966	1.1643524025069611	-1.260561868639029	-2.084240440604151	0.6668374622794964	-0.19056487783354864	-0.11324063870244423	0.9149103747500443	-2.248354660307558	-0.717455128600348	-0.21989596274901796	0.5726794140305793	0.22554125864280905	1.7564019392477215	-0.09395708821832671	-1.936148773645216	0.3069214188310815	1.2795163388352695	-0.5393775282957197	-0.41539495396709925	-0.1284982293085375	1.7321607124843839	-0.5782869077311382	2.079375443687078	1.2145232471169654	-0.004401426848600807	1.0897078823974686	1.3188959034932901	-0.10397693666093469	0.049104251837921435	0.41943747492697586	-0.5921773495155966	-1.3183289529960005	0.13455402673916242	-0.3166670672867227	0.9965719020615554	0.05681212122699043	0.12227753449636605	0.08366869186736657	0.6613862388052923
DTXSID9020370	-2.7477773333390205	-3.008941157835272	-2.428749818883033	0.036701887805446455	4.2197477948278115	-2.4788166691442473	-0.9241093556622788	1.8900083869517792	-1.148922546579826	0.5214020259118106	1.6330398938565254	-1.1358537021572364	1.6059368026911032	-0.19183194622908273	1.5328943951147898	0.15023758845356103	-0.030770089910847155	0.4222122244966777	-0.1732209778352031	0.7158941927690231	0.4395533815047836	0.6494509211496502	-0.12781675313041185	-0.6325778816494042	0.9360076333380828	0.37148627051067795	1.242034974086744	1.0836745508380612	0.7170005895143055	-0.5638450617000602	-0.635202631283771	-0.7594010119572174	-1.5508390235508223	-0.10827996074558202	1.399033597416656	-1.8329567700379397	0.4226634819680514	-1.8994274656060137	-1.123625537382277	0.3685613777037585	-2.5204395779252264	0.0810724034862053	-1.3337856837358202	-0.1460940022839877	-1.6431766605877332	0.0456858694102217	-1.1197197070813307	-1.110583125090849	0.1959186062138204	0.3514240913099936	0.12955601217466511	-3.110207828549422	-1.338193427960572	0.6023444130213877	1.8584852226436148	1.1891086823650272	-0.42049615759340786	0.371185969389043	-2.499364847007893	2.2716278151602625	1.607213067401969	-0.39983538735983054	-1.8404342807541416	-0.6889640605939569	-0.46238462964077226	-0.9823203758267289	-0.012399618617800508	1.0257926414047664	-0.3644985434929578	0.7893216030348088	-1.5040293794463917	1.3235220655714843	-0.8529951779687652	0.2249581401256107	-0.3027926172709495	0.5714876164155218	0.07752841945283571	-0.6172335297167738	0.7893804796166494	-0.9487421693148358	-0.1075575002764896	0.324288469079055	0.03421981230352977	-0.512323447638906	-0.49437312816591533	0.45592585192349194	0.7814091775952413	-0.2806751903089119	0.326251328105356	-1.120150093112757	0.14465181159354362	-0.4267937357880873	-0.219299196662459	0.5520162763560872	-0.010966314284898382	-0.2526590918985157	0.1981976257166325	0.04680064962285364	0.15065673689494535	0.06832973506589282
DTXSID8020256	-3.1969914603088685	-1.8092419534070514	3.7373956395931254	1.8707260090893643	1.9259745597121778	0.786743093246323	-0.39818328720919366	-0.8090828656646186	-0.3782506620154153	-0.2848500541601094	-0.19237242577358174	-0.4265014716735667	-0.5409499900208938	0.9789631479706762	-0.5581745498724363	0.6811452807092441	0.023024368003783584	0.2662163306253199	-1.4046865817515786	0.04443830720340863	0.1289745468615952	-0.7140955140317554	2.0123628944347836	-0.0239081707575514	0.3308985630968477	0.4339550535613397	1.0304784564171714	-1.0325016123779662	-0.22350045382787687	0.56047020685802	0.3247023653731157	0.8072510873760604	0.5875772834565621	0.1311089828514173	-0.4272897861512278	-0.09825178832763223	0.9697329413588834	-0.3693963987929424	-0.45044565256421354	-0.23096015496556477	0.15353094740994497	-0.4132943502866925	-0.05489811403610412	-0.9366352021173115	0.06851385575129308	-0.4781400414812837	-0.5118341333221083	0.25518089641394687	-0.175202299258273	0.3404567691108436	0.008894255733678191	-0.02366584129276973	0.1740378296467493	0.042825894219588635	0.4327652512666413	0.1432968360084111	0.9026050297249419	-0.1494518409566335	0.39131967714978527	0.3865576084651756	-0.10695941422527684	-0.07477700772689765	-0.247134728627359	0.1545759307724697	-0.4708508460597264	0.5488726503896455	1.4073697823449354	-1.2616703076077427	0.33110945044133666	0.07416454305904391	-0.42195227885207753	-0.5930046202387725	0.005325136090049399	0.29215765327131543	0.8152739342997255	-0.19884198927527197	-0.11363812442283226	0.21807069761833978	-0.10573636938676578	-0.2787410860377201	0.019572646785745416	0.264655153732749	-0.5429272029814807	0.06858079458182498	0.16281974050632064	-0.26256184353569056	-0.13799656999758095	-0.11040738030085243	0.03379998500033011	0.13382311036214323	-0.20384261120869276	0.33588541789496995	-0.27584320466789125	-0.026001260838172	-0.027385034996119655	0.059768834963443325	-0.16767715210654413	-0.29133399914446806	-0.2682109350342327	-0.04705917936875524
DTXSID9034282	-2.8095741779797483	0.11753166811843833	-1.5667334720821682	0.41299312923957415	-0.02349620900256262	0.7507072130052878	-2.3242759492413216	0.7691877261756348	-2.212694985817132	-1.4047510510345844	1.9924540502182218	-1.0534716449910073	1.6371849899055342	0.8490456643887124	1.0677244773055794	-1.131358159527495	1.3296003548797064	0.6826256570122279	0.16836793438442765	0.0899482818230728	0.6482131364249457	-0.5699895772844642	-0.23632141008122584	1.1468536264551221	-0.062488848652757736	-0.2811361633068782	0.8014661815970494	-0.6549922934450593	-0.06441774839107806	0.5426813613365613	0.5123900415739244	-0.1743241318569343	0.5452148481208332	0.08603641363112927	-0.17623878955945244	-0.5741877316581572	0.6715311907194972	-0.34586559432648833	0.48976673863499165	0.0981367443222398	-0.2465888764182853	0.05338473235870386	-0.7498754596450657	-0.12469032864211521	-0.3598549871912213	0.26058960326999553	0.49017206411406083	-0.08653951810175793	-0.0001372994982423491	0.1273942746923256	-0.0908485821212471	0.004963350315885553	0.01994427404744496	-0.18295054264536725	0.390264974264271	-0.12759832680424446	0.37859291420016633	-0.8038899070739269	-0.5915428110972987	0.3541403464496655	-0.32199939327596044	-0.5787000716642197	0.3050791456165127	0.176351887539944	-0.12535952693832544	-0.12279546931995307	-0.5704049916117495	-0.002734592144203289	-0.9717538541074736	-0.16222633571493336	0.9938091772014188	-0.09837993037366179	-0.1429371851472859	-0.2777534700990194	-0.3877192639202849	0.5428478566187617	0.16446972835803908	0.2787092868119603	0.13001078986671105	-0.02391429408447601	0.6032152729112124	0.16660598374642913	-0.2945209900725784	-0.12712397371260847	-0.013214876751337718	0.23434129318000504	0.5283961903650515	0.19317079414441005	0.23881982209807098	-0.10758186837088349	-0.06480453502018456	-0.7326471207668492	-0.3345514245939785	0.5367903264537311	0.203553831091696	0.48017916460958004	-0.08676989510112139	0.1295270597755788	0.22989243060788497	-0.13265581890887926
DTXSID9027441	4.154706704409224	4.6762792213121385	1.9168547311727875	-0.1085553276843395	-1.3243264130020604	-2.0192866556648705	-3.3936055724538488	-2.584818169760911	-1.336574645461064	-1.9278136824397507	-3.5998558254797306	0.49394499947366083	4.726240795253199	0.8737988717706575	-1.4803197183889591	-0.3589191468210097	-1.3305722457613502	-0.3592118475601606	-0.48630371683157164	1.096729003713535	0.4891902046945438	0.5168061263175366	0.9781771387039265	0.20037023420282118	-0.41002846133998927	1.2190207696109798	1.6534042641178595	-0.48716714209804834	0.06774725269912094	0.3897397501966434	0.9024245688601474	-0.6199667439788724	-0.4619192709653844	0.08336401303351575	0.1879008188847442	-0.10843455735868576	-0.21347093676640835	0.3678489222356278	-0.2738421395001406	0.25920121864049245	0.14355197552949078	0.29095796444504357	-0.05493023807144284	-0.1647781940932576	-0.32179825853060584	-0.03438055169656281	0.22308948696596195	0.07529440653828902	-0.43114283933558223	0.22773140052554583	-0.029768298975635477	0.1275598178422427	0.05410346448532459	0.1787383863060066	-0.06404609733789997	0.33222219075755555	0.4126872772462941	0.1644701774954035	-0.5763195512649625	-0.37737359768717404	0.20494283640432476	-0.1611570786150815	-0.09947880759194974	0.08518737058297048	0.3066021097134702	-0.10427615683962456	-0.02733004451393537	-0.2016148461352511	-0.4846858377914907	0.106350868814689	0.028980497829579864	-0.9168021293361478	0.059864508143763435	-0.0640784915872036	0.2418464449575917	0.7972646686042612	0.024360901443127476	0.5670939238871149	-0.3746175396195504	-0.14764297354830214	0.7809505733149263	-0.29398956923423303	-0.25983231421884556	-0.031014972558928745	0.6848350169956142	0.0971608379783894	0.34071017218761074	0.6131637114297345	-0.3952855890120951	-0.5594964014040993	-0.7588744605931627	0.015305571912583278	0.3370012883611246	-0.22766139700210797	0.16722720951275988	-0.31486588607335747	-0.13059107375483472	0.2473603396229397	0.45704279987889007	-0.3780529540578792
DTXSID0057839	6.556275560989843	2.884934648994014	0.9323555804665482	4.437367925107257	-0.7713411178819215	-1.9187788977863507	2.409058848634838	2.682522683421794	5.911486821431404	2.0931555922815384	0.047162026097306735	0.3437931133468569	-1.8050378837617396	0.2755727013201993	7.0374033725519185	-2.6682660060616104	-4.63242817729622	-1.4582832938770642	0.6919639492387735	8.642852427215987	5.201434299926798	-0.5997625094214327	3.9979370973297117	1.7541437076629685	-0.338236434535264	0.8362899602572877	-3.7784154300937627	-2.5986404062865067	-2.306175004084111	-0.5688007015526357	0.8017770873404172	0.027973513890980826	-2.622627251004078	-0.9746438254241011	1.7355469661380647	0.2503082892699685	3.2524441213495705	-0.7794908135478318	-1.8324737481457576	-2.723334310773725	1.0837289954283589	0.24022124421254717	-1.6366453245616808	1.2101225976921515	0.63498034954779	-0.4963701812341603	2.0163521907942368	-0.8484098203859328	-0.20399399286372036	-0.6466879665458887	-0.005870864646379391	0.3351907969561317	-0.8263041464299352	-0.4905613389674183	0.8194191378327335	-3.7284489340208644	-2.249435717332815	0.24871580902974377	-0.7366158985502982	0.8363413678874841	-0.7266593957216719	3.329783186292513	-2.213192295787649	0.5953055604741179	-1.6839305150787889	-2.4544941806616642	0.8891629997427254	1.1736332902983821	-0.38169602662076446	-2.1240486777064724	2.7106383037840893	-0.2877584804732653	1.7598901570638057	-4.141954992023166	-0.07338436676206994	0.3851436940600887	-1.9761212531741716	-2.185249356915695	0.31981788778823145	3.6477798635999457	1.2102487540123952	1.044315318046049	-0.11441815371251178	1.7410289686172	0.23810566758764967	1.0951320459886043	-1.1409215908049055	0.33948607279963916	-1.274121660122082	0.04280007163016529	-1.9165117547866024	0.6075166574535442	2.4673103923706288	-0.2218258326531069	-1.2985693527127455	0.5025016994449498	1.1468529335952562	0.857913920199158	-0.9313121433933623	-0.9311900072420218
DTXSID7046170	1.9846057479311046	0.5243947312185051	5.234492408800614	-3.689417238127213	0.6296643775354991	-3.496418320088397	-0.6118560783926311	-0.7863310388328858	-0.9046509113165618	0.869441319269201	3.6509871577567696	-0.5590913527375698	2.9341185955469005	-1.7435327832613743	-0.5793545667002616	-0.9205016278499561	0.5482079977716999	-0.29675275107514987	0.07121351556435354	-0.10496024723253562	-0.955016883726173	0.4423793542142772	1.4383079557310334	0.3105687955730324	0.06281849473588237	0.2392267984902668	1.3469795326494907	0.06244804844177446	0.20796791116469965	0.6094571822088216	0.5667027077436557	0.818181248156042	1.0897354969995556	-0.08941340664530606	-1.3761477137481515	-1.239447789184129	1.1586168907032257	-1.9707346896861393	0.037270493785537484	-0.3275723803724605	0.29246107015351963	-0.4449608476575209	0.16117790316564756	0.8699091944997266	0.8757683672664859	-1.1950777162608601	-0.24720269656488544	-0.4302232984176948	0.14710725543829656	0.4595063692484338	-0.04011456103785779	-0.9450120804010799	0.366532815796542	0.07343375852682035	0.5610493344443109	0.337562235471687	0.5176976417945126	-1.2035624571454886	0.5050094855055951	1.052434227691801	-1.1263625153326662	0.010315445517785677	-0.410265627584173	1.6623009194605884	-1.2223572202815358	0.16093806879550612	1.4318733929861547	-1.2742393649204333	0.1663338769263388	-0.86825343591497	0.19838827436321935	-0.15674002811861085	-0.494437641378388	0.3198605171151089	1.4482359670918954	-0.5924680923505875	0.43609942117854056	-0.7179819114677539	-0.4344227700915307	0.7336862184909837	-0.27329579916625885	0.10134305274004232	-0.5835185088898411	-0.006737814455210271	-0.2780840314933907	-0.03250205063551716	0.2567857524248538	1.3355428043415465	0.32853496342680966	0.08140130463413685	0.457953030494505	0.2786738773819074	-0.7068577199021314	-0.4032403067060678	-0.37353641787071945	0.2369214871379627	0.2313138869585729	0.178902304045684	-0.21047701873457486	0.08264452210991168
DTXSID2057732	-1.516294351848102	0.27379431114029806	-2.1508578877446647	1.4120903647874208	-1.4055465067684816	0.20138235944512137	-4.816880588082225	-4.4771067468370545	-3.507203321811913	-2.501910335314683	-7.680562052533515	-0.757358574566214	7.534192857230898	1.196568637345998	0.4376960728125666	-1.4990659718737347	-2.6530346530180475	-0.998713707937736	-0.7236851920435192	1.0221338215426023	1.2163633233694084	1.497545598014812	1.1844141560460648	-0.9278391404887518	1.0612535620074188	0.45968000126429037	0.06809588157319771	1.0054769803215315	-0.6650259860545302	-0.6379486964576092	-1.1205680737038164	0.21087032141971426	-0.00901482141789896	0.15269596428107512	-1.033219293828624	-0.8259444895722885	-1.7697280574437284	0.40963962287974826	-0.21281699346565372	-0.2765927069575506	-0.119536710999647	0.16438082468113477	0.17491918893112887	0.16217809516424145	0.2542392268144919	-0.3564094040016937	0.4157528746498527	-0.47785831590572275	-0.25700449731710245	0.31599126553248097	0.1265619634358806	-0.320968112676943	0.7938803602442913	0.1304803662061505	0.017321029406121815	0.16436995463627085	0.4735047701328557	0.062414859627588005	0.09207250886741214	-0.2934078544567761	0.5041566639031024	0.08599066934176239	-0.040324364050025034	0.8773116382374196	0.3797653224299042	-0.8472981621079227	0.6620578483326591	-0.6442151681930225	1.1351786622235482	0.054392208495878044	-0.5226996436167621	-0.5803178962911124	0.6868101179791668	-0.4763939363670177	-1.343993507424226	0.25551129057616623	0.281454270788466	0.32253456394835694	-0.34335643826197815	0.3153787971633384	0.7046753212346496	-0.06792599719192385	-0.045816967176083266	0.1647156783035136	-0.027446443813443355	0.6337726100863659	0.9475694766399556	-0.45704120316830954	0.477661775107067	-0.6428940763430431	-0.91624911280826	-0.7601784669789324	0.3247648449475889	-0.1608716451728243	0.2071175774136425	0.0635308800587242	-1.3002502159182683	-0.7687891913849426	-0.2056555945001962	0.11171747104828353
DTXSID1046685	8.24098878104875	4.549757201252387	-1.584636182211716	0.8613360972412291	2.164426439712712	-0.3098279415733839	1.9512719523366457	-1.476777548884543	-0.9172158878208736	-0.642702360194791	2.3370008103198607	-2.0231221328187248	-0.022064939618472463	-0.3418995581519125	1.925433469333401	-1.6402570367525673	2.3731144348316837	1.6667165339535779	-1.17484390964357	-0.8393753759784167	1.52979492225079	-0.3255453021117864	-0.8814254617843768	0.430062829775495	2.0266938723978924	1.4209274963309024	0.6024070528918241	0.377342923594074	-0.2157550758624585	-0.3016990646963726	-1.6624370603684024	-0.14075791971422172	-1.497807593118588	-0.6181687189323395	0.7373873707126518	-1.146041919719834	0.9228310373462615	0.666502342629639	1.6029187319490097	0.8458337376979325	-0.3466592114455768	1.3813772855317379	-0.3440653087804849	1.3471730011381642	-0.20802390955439914	0.13839717691386844	-0.12333940261300269	-0.27537259007129167	0.22361263433889814	0.48244128698183336	0.4912983195289409	0.0683743630195491	0.7012827129274259	0.024527821032242332	-0.6449457913701697	-1.5447923717630345	0.43263742843747627	-1.2703385589747265	0.619950813936941	-0.4563251386520427	-0.4735639251692547	-0.15611408883662323	0.32732757186926315	-0.2755866202656894	0.12110257636100293	-1.0170632534745239	0.3609571816523705	-0.6018912089217495	-0.6173611439219691	0.6387263179332983	0.0019596626321749934	1.0040020337574	-0.7595473280726612	-0.09868086072222554	1.090813496842999	-0.06486272525950268	-0.15474975256367163	-0.6117923974017995	0.3687536736083567	-0.952227411930192	-0.6093869158175412	0.013927261498117127	-0.2584155660248011	-0.17938270546352145	-0.48104099575113274	-1.158621539430894	-0.7389563169556597	0.24849900643493447	0.7260275437526136	0.19142829067927414	0.46923544621843327	1.5705501130919144	-1.2204554644643337	-0.6551795599648302	0.36435214011745465	-0.3775375816235891	-0.18287860308353154	-0.9044746981151564	-0.012714922408724466	0.6663234782326117
DTXSID3048732	0.5912718871164988	1.3475535951162134	-6.190455767595046	3.8459364158056424	4.074065842150683	-2.8838467655869557	5.522561560881239	-0.4635366803335473	-3.034472939145197	-2.76867401088305	2.8862324048033425	-3.0629883366179036	2.9756165033544084	-1.039070429952701	-0.22979612168225488	2.0330174454561214	-2.5633733424856926	1.068988087273699	3.6734441471684245	-1.2227662608896586	0.502845506152596	0.8166229967124817	-1.8594132019664782	-0.33120068619159815	-1.196240741916606	0.830828185904844	-0.18816364866171462	-0.9793315105904488	0.5610715536628313	0.25851947388976976	1.1394114919956524	-1.3539758387679497	-0.6810647298359634	-2.3560831159619924	-0.6333006570291022	-2.5645233775023937	1.3489346560387847	-2.6207134635888383	-4.15074176374221	-1.1561457567372837	2.998957583671272	4.333150517669396	-7.476831695762608	-3.696241524432002	2.758766021181355	0.7924177776055081	-9.150180525397548	-11.566332297828625	1.1560204723299188	-5.744105342896525	-9.256491957059373	14.287096848122902	10.595462403145616	2.0307442694772067	7.655739709420654	5.667547751825986	-4.719065734634332	-8.301290157204422	-1.1751511796773577	-4.612447087615567	4.532753909594285	-1.825178436088747	2.82737995974578	0.4656034984020353	-0.6874638931836169	-1.5358822042894664	3.5768962231645043	1.8975247662549954	-2.1243316422245253	-0.10944609904235202	-1.8834835485844188	1.5400355203047007	-0.7451150045375938	-1.5125827313486921	0.33001033654074885	0.4911824580818092	-0.9611272944395798	-1.7818313429891524	-1.2205295817779496	-0.5620706323539272	0.6097860563323645	-1.1981986695784899	1.536544986848606	0.9381718263449648	-0.4824375662664097	0.3018718301843656	1.2333928008150457	-0.0501505872246063	-1.6104182870570476	0.1554552420651622	0.9154423264940215	-0.9694127021055411	-0.6227767073489978	1.3755036279940374	0.12914100467293463	1.638841671047478	-0.49601721624038336	0.5414267364380099	-0.14351681516219872	-0.39926484758118264
DTXSID0048761	10.695023466653705	-1.718563735583907	-4.0597057516033495	-2.447664719152989	3.6759690897298354	-5.473076403700832	2.1032645489311945	6.389415239588278	-2.3938094635224645	9.485339250108437	-1.9513741826066753	-0.3934284996985364	3.976324232898755	-0.3851869844534707	-1.258911761896528	5.671485447004065	0.5681746557393847	-2.709165880378948	1.6908600014556143	-0.16500122262335468	0.8123371306367085	0.7523628567508361	3.3117602537972397	-0.49970979618770506	0.9162777507928422	0.6582604704369208	2.2532972845276826	1.6730857792082554	2.0214531439627006	-2.3336249181398507	-3.1319727210332426	-0.21605188112072357	0.7695202788953043	0.8506351437680412	2.0892195381919825	0.8517194363802171	0.9648807681727477	0.4339621605236956	-0.3487817757782748	-0.1559806551314176	1.8146624280535522	0.5723240154547127	0.5132845199729432	1.8445008654108725	-0.552738962731845	1.6256651796557733	-0.12483160550963483	0.3623113045532338	0.18062178418056754	0.8730170341915039	0.15117000289498111	1.2680954857737379	1.3175671474682016	0.5201370519886773	0.47496507063171245	-0.1871363345511386	-0.3708578927909416	1.9297730419797117	0.2838667279950894	-0.6331684980729396	-0.8073871288928575	1.5192647548255551	0.05561218292509	-0.32845241961549393	-1.269782508183824	0.6718277667129288	0.13591113838107202	0.040321959839884125	-0.27636213154728617	-0.36684348219733587	1.330361760341626	-0.5446647039363652	-0.6219849950487568	-0.07301272380483458	0.21220865270865788	0.47300760684595283	-1.364072577472283	0.5561603598295981	0.5450236178740445	-1.7393610598440474	-1.4838870665916626	-0.4928630798058288	-0.4035972753332931	1.4411418800695037	-3.4348610928610297	-1.5098859412110899	1.3072630120311055	1.7421192279996973	-1.1439203859332947	0.06538122354150966	-0.4244204996491184	1.4843592980751257	0.39942492384944106	-2.1424052475808777	2.3614812600852377	0.7469644848122063	-0.040459039280476984	0.08637357909913515	0.3351029694134349	-1.8973169204218492
DTXSID5045598	14.837677566312301	4.999229637859862	-8.094723077460849	3.0536690303282192	0.2519917175327996	-3.5305138592278302	2.603581678433354	2.5954743494574215	-1.1079127251966643	-0.9013642192636844	-4.076408305327101	1.592164425310079	-0.8289778514053342	7.941895518748533	2.316258301760789	-0.8073964221642023	-2.351808532996983	1.7692760663353828	2.106180696403836	1.91999320699825	-0.7380226130109337	1.1822215324250416	-3.682753274421829	0.5124775095773932	2.404509296748379	0.6356964564354025	4.538314384468882	-0.4311333315916421	0.069792401688188	1.0854480887091746	4.17544955873757	-2.321148057680136	2.4450156643594894	-2.784050923411593	0.30028137396983956	-1.2948948327734824	1.8009438412956549	-2.1846856346115	6.01913258889383	-0.783270503515024	-0.8630564396020516	-0.9015896947983411	-0.8311557151131809	0.24735088939135605	0.24972122979009137	-2.6316315265396217	-1.1850765997346648	-0.6039450059115777	-0.7553350480151408	-1.4242548928941836	0.3711682986389281	-1.8089202411298237	-0.7676042223924	0.956028779324074	-1.6895573453419386	3.118253535996631	-0.4879169831446657	2.1822088100491617	1.5812059103592941	0.40288248149656597	2.549627320299931	0.8602082907985281	5.301474988152044	-3.79636695475795	-2.380787871076542	1.2503049145018759	-0.8816251136218572	0.5470767283687149	-2.1855892177541296	1.1354333458652233	0.3057593307672132	-3.063384351372339	1.559753697032386	-1.5246674807929699	1.8113886477538639	-0.5392578936588713	-2.1536596962622414	2.2364434337495256	-0.49918575109757246	0.8481947025925067	2.7415678187868076	0.6450150298700406	-1.1695411394879567	-0.2985397614718119	0.6943816780171622	-1.3809831711052676	-0.352127759553369	0.6159874217672014	0.6940616065178414	3.1611670466994544	-0.8927057037305303	1.6221501718789677	0.5374087762755636	-1.6623875577001443	-0.44611310989751873	3.3811041115839244	0.05451263408758685	1.4247548519691788	-1.098229369343807	-0.5623144118159512
DTXSID5048926	6.574168110141063	4.008934840108167	3.23302380996362	3.1085392239336866	-3.6345317617926214	1.1008248104002232	0.2287636122831367	-1.0037344264961332	1.247846504305253	-0.2866038101369334	-3.28205514823332	-0.39771799908009214	3.1162991368906203	-1.6597478054420978	4.640927698686024	-1.8206200300785544	-3.254915730804361	-1.1512261951171843	-0.15578252379997676	3.8772215291809604	2.855698408082871	0.17940770853982235	3.4264102471855806	0.6356458467411399	0.28497062407269896	1.276897444757705	-1.6581540783941318	-0.11330555363489728	-1.473497933212131	-0.5065244172978222	-1.0113806323812022	-0.0796627957608633	-0.577605177272734	-0.3356956950601192	0.6815188022875408	0.25896136828468075	1.0095340580244219	-0.8632340804785679	-0.9952244403798924	-0.8589811989515719	0.9595318876059317	0.6883586431067816	-1.2314993250135549	0.9913110030418637	-0.4965039489331225	-0.5657686347113502	1.0248110797216312	-0.9530412509257606	0.07271258268623947	-0.21837738985252939	0.17588395447468122	-0.10132924839332158	0.347176101404	-0.014418072344848196	0.44049801270871597	-1.7246929950006418	-0.5105446543097735	0.6576201852465561	-0.45695653105085104	-0.14369009135602714	-0.2718289354850992	2.439136160734659	-1.1696874746802302	0.6044930247091432	-0.729303959959003	-2.067818449209288	0.9496436264311124	-0.42829144450085854	0.46171376515785767	-1.054169708885504	0.6923230491239308	-0.17922150387871177	0.055416401885462756	-2.4434508853926773	-1.2156691738691947	1.6123032959052406	-0.537468933205423	0.2454620933956269	0.8314047926776376	0.39087729039279506	0.9281824338338843	-0.09192555147704727	-0.7112063915015306	1.8095914826757848	0.701457356199494	0.08369156508695617	-0.9004183617476025	0.7762785218833264	-0.6231260206645265	0.0041394879943279	-0.8675845821615242	0.01152544881416936	1.3981242816076052	-0.5219655991193568	0.12658250325168635	-0.06817544587917007	1.0153829629397448	0.18857789078636047	-0.7478924690761231	0.27881125187086003
DTXSID7044506	-3.1752793646432695	0.25132473990836635	0.7287019069347925	0.34246447870125546	0.36211940131010817	-0.8603498285338	-1.4998049247712322	-0.07300673014902605	0.4663996164076585	-1.6643417192666041	0.16124181152567374	0.029146491536021966	-1.2598636253915056	1.0267242160046788	-0.33177972351089413	0.06828034087892848	0.3276770638812068	-0.23474361687747103	0.03499075697974447	-0.5821115722108758	0.3828918342945391	-0.24348236193195422	0.8644897865837945	0.06546687221479532	0.25685530997827977	0.31861544577894707	-0.2779480632904586	-0.00990623426016186	-0.2021130577054626	-0.3241828872273311	-0.3781679886290068	-0.20579755287100288	-0.5788542407231232	-0.42657747707345894	0.24682989252013532	-0.49911014719742236	-0.08725838388481397	0.2962600144973228	0.12144319752325375	0.5591837560056595	-0.20697203786895726	0.2826790940233789	0.034232549834645486	0.4532636196833917	-0.5463337608838749	-0.24248394298242507	0.24836412337962083	-0.5183998361844592	-0.13230991403743167	0.14684076396314258	0.17306825414151056	0.07670182392442493	0.28794035611862656	-0.3212647419120721	-0.15471388942284625	-0.5258220429982629	0.03937385582995997	-0.17333004600699467	0.05786116282364555	-0.32922454301767234	0.5550049404834494	0.21384182105446808	-0.13280659633644532	0.45110864132610373	0.38938970217985325	-0.1460745225053896	0.3147662100211123	-0.47743444133446955	0.25228069497833544	-0.04572000523566629	-0.08550531586254355	-0.21997963487983035	0.3177093424494102	0.28437798418124666	-0.7441063094243726	0.44158899801559315	-0.11014432629718099	0.6594992170127424	0.10021073585850696	0.07141156918220866	0.4338718855717213	-0.04844297331963988	0.582224709142216	0.030934121082667226	-0.09862376071564799	0.03785517713248325	-0.17244846401464003	-0.3264783995838148	0.04236825448940779	-0.09829853888274373	0.5027575017263128	-0.17653362842097753	0.2290652535235501	-0.23606571309249696	-0.22696955459964324	-0.44158761494256044	-0.15905689281039342	-0.01518931828914287	-0.2538186218923496	0.05093061235652576
DTXSID2049399	-1.486606266577352	-4.670570471522083	1.3075721743170783	2.3018860277827033	-2.7119934520406477	0.19814911027384507	1.2604356948649	0.39773908390506635	2.7290277596903763	-0.7025321917346868	0.2370696160906604	0.01398487447733617	0.006138156710665145	-1.2941162824707568	2.0817002529990116	-1.0132818965052077	-1.453917865983443	-0.8380953001051665	0.5207530150620115	2.712979069520364	1.204405227518865	0.4014139766985766	0.6254636554041653	-0.09455866830534941	0.4443730984176211	0.24487235456570275	-0.9487455586041177	-0.46761630601206966	0.411332668837788	0.6592050066271923	0.8277247439366295	-0.6963067459591622	-0.6968254275358562	-1.311306722033073	0.17740718372958642	0.7484405767675704	0.7177353956619609	-0.7479927433989325	-0.13264286923458574	0.15840967212261306	0.3831441117293173	0.3609503215335814	-1.1343630637324156	0.4701606990736218	0.30186068183626147	0.0641987153897595	0.7009115791037777	0.0735744075569036	0.21486105897826993	-0.09982732521759355	0.05746743080587577	-0.11492202477509537	-0.2897928297558054	0.23661899623144114	0.7549648457590843	-1.61091162429469	-0.7919666864887032	0.3580859035952471	-0.31695934908587	0.7199399695475639	-0.19709735246454735	1.001820323253591	-0.8449457321005074	0.3517139720436512	-0.773911605069367	-1.388928248650265	0.7736978932112132	-0.4693883017958651	-0.21924293283317262	-0.3395781883263519	1.7400432443553486	0.42897657549095847	-0.30387718997970975	-1.6194068698841142	0.3005865373904482	0.3234890830180889	0.0024903444902024	-0.7179763430397157	-1.7816443550031575	0.14112856486229056	0.49943378014790196	-0.15779030103243297	-1.1983164641233244	0.7410808004352669	1.3507889047736574	-2.8561337161008256	0.903726885375428	-1.2043127347877967	0.35641830585211637	-0.9405170750982412	0.6596026448230461	-0.14874433579939994	1.1917291865443067	-0.47906922459977364	0.4362195320302127	-0.361010447033629	-0.3042353621564501	-0.05830156596470475	-0.2835360526699865	0.5687249149580167
DTXSID4044375	-3.9283219039104402	-4.422109476827217	-1.1125316690836378	-0.031138221701182477	-1.7754181195929208	-0.9278376099196387	-0.6117613908056742	-0.1279686825944893	-0.5439269027828444	-0.1317802606574561	-0.41550474833442336	0.357810558885536	-0.0949094003277231	0.8671241857590841	0.1863809757312897	0.3253291261005408	0.6441593618761954	0.5611165349285353	-0.2160076765559679	-1.238447412325119	0.055026535526528364	-0.8993796897317862	0.7225247082800326	0.5541857523673117	-1.622840367791889	0.6674187134973861	0.5913758365678192	0.7382126350437646	0.22318049121331449	-0.8551715330680734	0.33748982734398275	0.7137072499929336	0.05712584206035796	-0.24279032469722875	-0.1704292750684603	0.21083602836516	0.12881219539221422	0.7801850825418929	-0.34288229115202207	-0.5632069959296654	0.05562555570095683	0.1571083930409268	0.13043204588758037	0.5379664633389083	-0.34798096673737133	0.15289973132094897	0.4650835699472611	-0.5753312868514446	-0.09300594139996407	-0.05964345824476514	0.023638833194597843	0.016595040195489984	0.10392669571507385	-0.09306683400942196	-0.497928721158951	-0.005582036955041991	0.1822271843797999	0.033302820266454765	-0.5062362838782816	0.11360317701394376	0.13390746330834302	0.004183865693066458	0.4953456737043492	0.00496951023541239	-0.80314041042586	-0.12274183973276369	0.46381337873579065	0.061017085612635934	0.17432946141503428	0.2312619642754556	-0.562343362355496	-0.00247668521972543	-0.026903669669296953	-0.47650729155748167	0.1241011636674052	0.15146188616328107	-0.627082834703263	0.3508501890803731	-0.08289029425777751	-0.2501991268748701	0.004284319559823676	0.7457718076992754	-0.21419499311909126	0.5465342688060026	0.17742068233504862	-0.16862570655819942	0.43559790898808687	0.2446145761157982	-0.27824213301989886	-0.14146948572172086	-0.6988343676587228	-0.43604963562684124	-0.12131724199255924	-0.23268878362529405	-0.30847823283364945	-0.4513826336535859	-0.10173918817044664	-0.020765959851569368	0.0016039209153534272	-0.1287804488921844
DTXSID0020602	-5.191972447964807	-3.6339302164633622	-1.9895382832595159	1.492945818263435	2.7699653015336003	-1.2351576526221493	0.02950802464845505	2.682174084569484	3.727555801448712	0.4730403760562153	-2.063813711743603	-1.6883499607896981	1.4477182018938433	-1.7814280040842227	0.9576600379254094	0.5820986615894181	-0.21803762957926942	0.12467451974203363	0.756629280289905	-0.2601565885363279	-0.3893075007875653	-0.37610380007756156	-0.3714190422567772	-0.1492793581829416	-0.07369111339519731	-0.849054034424258	0.5382503208170972	1.1461457882025505	0.7361525237468061	0.18656154029193636	0.464780486215065	-0.26769715819309403	0.007991721426330275	-0.4352770838757127	-0.47578527285119604	-0.18032333851815985	-1.0243963198240038	-0.1861123568114751	0.39956625249373995	-0.3883495231097664	-0.30891160437989773	-1.0717581980945565	-0.21924819107890534	-0.2743592376555434	0.11570421944411854	0.617083873976513	0.6211818561289244	1.3739507614018966	0.3382980019813025	0.7628373414065687	-0.10315543948285143	0.8251885950075266	0.3863149026457149	0.31093352397155216	1.6425611498166701	-0.7848892391597312	-0.3151170692397194	-0.40243496963309194	0.48692737574596867	0.07046813839009311	-0.15053359063746458	-2.1946519651855443	-0.5358189279388672	0.2625261963478312	-0.5302892006677078	-0.6507717823894396	0.8641179777267841	-0.09367558151401105	0.26242639646826293	0.7416318544314806	0.9107583498823656	-1.0397389641233312	0.31272884027161024	0.5577935985422777	-0.31368671926235453	0.10323092067504253	-0.22950435012781142	-1.3662617672015134	0.19580123319372808	-1.925631711265217	0.5316564990764631	0.287253877857216	0.4809410177920128	0.2862134968822705	0.06247490658054911	0.20486195166550622	-1.0604774442395954	0.5869602262279283	0.8329554899193264	-0.22421429974038626	-0.05657170068348639	0.07767601593737597	0.7974135385800971	-1.9134205976512835	-0.3474309572204879	0.06003905460564951	-0.1351618913108523	0.2262356242025249	0.3458091144409561	-0.3920775864604068
DTXSID5021546	-6.1449760168732075	-3.5596418753677557	-0.9296167581860251	-0.67846406997884	0.8334542664557866	0.9546390485121192	-1.2885399213472808	0.9561814950174535	-2.0755973252111577	-0.28352173478344633	2.328205020242743	-0.824835907163843	1.3920336873930501	-0.17348894672831366	1.5531339865356484	-1.076277585933487	0.4652311422855414	0.135396040250401	0.17359271487177194	-0.2060439122945588	0.05290002138556045	-0.09416064211807836	1.0144390460696067	0.035526831671061715	-0.03453911451332334	0.8716607213772868	0.34245657420694225	0.590505211540767	-0.2874262668152353	0.041409589143177376	-0.17497473547758235	0.42690358174279197	0.6298146006787264	0.06321130287162392	0.621475299855824	-0.2872596119314116	0.5541338881120201	-0.21280554628029028	0.32841130796738865	0.6118508379209427	-0.30442107666868473	-0.11270129450090403	-0.6125883777652567	0.33353118582579105	-0.42268847778502106	-0.1521458513032409	0.6239294083664584	-0.7480434059094307	0.11990504206105985	-0.1530857242621265	0.16085348836734092	-0.13261847399112356	0.26117652590856977	-0.20578174023772172	0.11569416121951176	-0.2474967614165068	0.3396571879225533	-0.47896254553486495	-0.18024506442876645	-0.10051503275926287	0.03887586447274193	-0.33771925206413705	0.21157168128898596	0.35349599927775943	-0.2754741015353354	0.369676127056764	-0.13620061732536803	-0.11592335430466481	-0.01622533028147739	0.25458189689107946	0.14797633659554785	0.23176262887095014	-0.19104544124459974	-0.6778383433612226	-0.49710418524249156	0.36009093661487446	-0.2240764582282995	0.24470988013753558	0.5800743297137992	-1.0990650324412865	0.1645261679341369	-0.164134262550227	-0.4104951128406307	0.02569811791993257	0.21258529887697228	-0.20160007895450127	0.2308507237933173	-0.049332618368195684	-0.3670117424773644	-0.025128623390409707	-0.14557144056160667	-0.2740502511116201	-0.22502391105382757	-0.08530384404732187	-0.07301727822986222	-0.48314594178803055	-0.13949782969231467	-0.09225360033237574	-0.1901807210814687	-0.15143688372088038
DTXSID7046889	8.496689766987089	-1.7563694806483034	7.462728240402066	5.13989459896436	-0.06198890795433697	2.6335884467427695	4.874726634917529	-2.4178582314879127	-0.718177403321376	2.213655665985238	-0.160081626012112	-0.7465438705191483	0.40312409301927604	-1.4820725390254113	1.883035291467138	-0.9191315084869025	0.2142108920206353	0.7001265285134017	0.9473394094792806	-0.7392026124477824	-1.3528620097855841	0.2795370637023796	-2.8936473148464303	0.2878748521596119	-0.008654122443741544	-0.7792643715392309	-1.322171987568836	1.0460279163197501	0.8563743013838668	-1.013241063438944	-0.2575050484183508	-0.5589634272927728	-1.2015853651855695	-0.7236795308249344	-0.08837130954818961	0.16728691173207408	-0.9823212292552471	0.33780603275514376	0.6199272004197535	0.3531513816351586	-0.42534364773879463	0.6283861430462369	-0.2959658837047172	0.04606505241257622	0.19905223749747936	0.3364755446697762	-0.45882065318527077	-0.11100992852433961	0.4892952112150839	-0.2814400409626243	-0.09645844271244627	0.16352931099619245	-0.20530574681879304	-0.057171004130788454	-0.5353771709527544	-0.7704114171543336	-0.4918711857324475	0.08707946048486184	0.2674342683374004	0.48071979838138335	-0.4820968569500167	-0.15333319648859317	-0.23278214336785735	-1.3335889328899837	0.42140702708105987	-0.5067983976558861	-0.3605394630156774	-0.6570153988153454	-0.4225830065192897	-1.9324486597319737	0.6801858406828052	-0.37866730357722234	-0.5054529365173035	0.45116197357444787	-1.4520199877654902	-0.032136505228158495	1.1852044163716398	0.30147728225272574	0.6969729667178834	-0.11217603513090503	-0.45035021017222165	-0.5752119926305124	-0.23837059346640013	-0.7227059437378752	0.05723385604832005	-0.03319578893123266	-0.6943655465593089	0.6163015646252855	0.9397511621786679	0.39172796143557015	-0.32466844548729806	-0.71037598264765	-0.44608295048818963	0.5945371829944546	-0.11504661868283367	-0.3378884331580974	0.023374908907159632	-0.18211582045241725	0.5293343693922928	0.028040813345014313
DTXSID0046060	1.6543631020733662	0.9524575356357646	1.0012269793428652	-0.681534176356348	-0.743642102325003	-2.7001148902632797	-0.6830555085837343	0.6063527222330153	-0.21956853740688279	-1.7488315076741625	-1.1552350075589422	0.4017336088078782	-0.6245414783553395	3.3998408965129925	1.7191066859851953	0.6644811905024716	-0.5526718288215745	0.8440137444689939	0.13879586404104588	-0.952779183096759	0.2352084629149355	-0.6690157895304222	-0.28159581815859286	0.43326473378806185	-0.4316469475050221	-0.24351594413558486	-0.18298829343859027	0.04329626173471688	-0.1343922170440368	-1.2643214736644488	-0.6803764471835375	0.027762173646805128	0.991274730455367	0.2137482872143399	-0.5885315202555231	-0.8098707675135463	-0.43640509111974685	-0.0960441670453291	-0.7433858158486958	0.8023037421599811	0.6584092912535142	0.1223085998070944	0.4572563279365037	-1.4738663231699192	-0.049936446985280124	0.5599376063679163	-0.6992481376957498	0.9279799266639347	0.324152407491615	-0.06875021552297483	-0.4319662399913008	-0.2964137120563838	0.35810866882624404	-0.04631873591763273	0.2359231541159488	0.9418021724837188	0.30232122214972623	1.19892001227395	-0.5024281467701142	0.011372907072055731	-0.44489416755215416	-0.7716038561725007	0.2517897398143069	-0.0776406879997696	0.010309522277756607	-0.511138270036912	-0.13563820272162208	-1.3544038842684276	-0.9095317231586492	0.023432376729519006	2.595069724192022	0.8067242912521082	-1.6373003386026104	-0.9261859632612143	-0.5397043419945671	-0.12609567228236582	-0.06105126558078886	-0.21067244757532544	-0.06576903161007543	0.0388049188621249	0.13489969406041408	0.6085207896077277	-0.2908883818080982	0.41779839894834886	0.8123055427822777	0.7177654367503372	0.33225779442880304	0.26240725250209906	-0.20969123880982696	0.5110468851904326	0.13972649094477263	-0.30998092641885605	-0.07092420959021845	0.6384959618242138	0.07756386618788039	0.2712064365363277	-0.3323931398251786	-0.0540526899845134	0.8487210060184266	0.2767672865323405
DTXSID4020242	3.1774045395292454	-0.9244678680396892	0.29648951441876364	-1.062557600095748	3.345721022157177	4.856644260629395	1.2015878190568574	8.627709597638017	0.14527502234082795	-0.4729533422274662	-2.448548779719883	-0.21319646109057336	1.2735096328122513	-1.7443851747313253	-0.6050740342440185	-1.4702526994497138	-0.07146881211747262	-1.6615953450299605	0.24112522683411222	0.3284888161618324	-2.4145538973120058	0.5543415528957026	-0.09924473645104301	-0.4936418351703188	-0.9297013906456019	2.0854708979506333	0.9852547571093396	-0.2356632419129904	-0.550939285676962	-0.9593971978475988	-1.4027588356697243	1.4892873273618104	0.299576953492404	-0.12860944189490311	0.7083616402551403	-0.2400107839301406	1.341147392661087	-0.6672253982532174	-0.818634867657671	0.0801621055859356	0.4479055478688058	0.6539334829766527	0.2879677671640983	1.4227136342320907	0.43937044148459997	-0.6992925091046545	-0.024834194569955153	-1.5045847785316229	0.013227832303909533	-0.4901062080563835	0.4645136290887674	-0.7842255147024775	0.47578701976643284	-0.04827667358164189	-1.1157821380104458	0.5312517461047097	-0.4293180708682455	1.0727514754229956	0.1500344557569217	-0.2787033458404946	-0.7478521080562343	1.4177677403255176	-0.17825216025134952	0.22628771781566875	-0.9393932990550006	0.32646520399149564	-0.08938021551244311	0.5123070066161848	0.3027506737362555	0.6142822881455101	-0.4583170540595083	0.20331872733330272	-0.009085073433842236	0.039063165150397726	2.062372231300688	-1.3608610636879264	-2.5628089511186296	0.9044223604785713	-0.5457179721906806	-0.09426764157548444	1.5688425682605969	-1.5741288842290961	0.6985543576404696	-0.4333719299265442	-1.255392936487951	-0.862071321673387	0.3195835025910221	0.9794747704568993	-0.1193579372997898	-0.2367275717932804	-0.965070360581567	1.2969832430734267	-1.7210754983978633	1.1745749809065673	0.752108769432416	-0.32789374534546895	-0.7581549699560778	-0.28759834232828213	0.25819814293484983	0.13040374960445486
DTXSID6046349	-1.1107153999529815	-0.38505779882188357	-2.8929427363857787	2.280288591623166	-3.3431955176954524	0.16730540892632753	-4.540356881643473	-5.046783115903985	-3.135816996712178	0.8020313417591249	-7.04492902469274	-1.0094601303793926	8.57989204648471	0.4095717287532469	-0.19127269060661364	-1.4164339695665686	-2.912800585201595	-0.24131782084213943	-1.2002643179075136	1.0360972522933123	0.7146258917288695	1.4423457911466748	0.9630964074184178	-0.900145499266539	0.46338732775391905	0.5494687205332125	0.2414660575307206	0.2066668281697451	-0.5421719309063927	-0.536621536941255	-0.4921057015649012	0.05545649865980742	-0.4542553531611053	0.7171689458216111	-0.9776629335098829	-1.0127343364141626	-1.5741500686425571	0.5753489740258595	-0.2860384525200068	-0.27060216192526326	0.033638562506153186	0.2033634486820763	0.18834947885313594	0.2486844615766504	-0.03111102539662263	-0.08244052450210158	0.2707776819209822	-0.585415083519206	-0.32483435670955	0.20960756815957277	0.13606920202552697	-0.4084780420611729	0.4448693010983528	0.3489489991929649	-0.1614443857534553	0.15062728719401713	0.6089446677617237	0.10082567681826099	-0.3563541457440036	-0.4436414230465324	0.48638565187209537	0.18663477049271265	-0.12961498788139036	0.637306911822782	0.3168205858872149	-0.42393193991870143	0.270808562149904	-0.2029063042153834	0.27821521668799365	-0.2709577065475638	-0.7812831019246643	-0.8426022609784206	0.9651843316299088	-0.6099016258112311	-0.013090191130759042	0.36926984529435164	0.38246637220518276	0.23603012691388378	-0.23373950083146894	0.3837811270261156	0.9550865566483592	-0.5969199445820749	0.24624674633555885	0.348265990715424	-0.28110136957656834	0.4130715195807588	0.19225174651032334	-0.2218219561383955	0.42625692995103076	-0.5294444068097487	-0.5418200335037957	0.031211308748129545	0.7364671576596518	-0.2758360936297796	0.6086261008000778	0.04877083429697004	-1.3564193694724709	-0.9221738842114092	-0.26443921016042393	0.05870530194903958
DTXSID9037038	-2.3624119956907754	0.27087502557573717	-3.2088911334955847	2.047525098114741	1.2609652937368532	0.578157802930924	0.7472617927573341	-1.701298518148307	-1.832141731272465	3.4545611671773155	0.23219807220611147	7.457159712142859	0.7378823934521376	1.1221963492336902	1.7189490483840995	3.626575081907866	5.992657587168371	-5.221375252472039	1.0466908810586728	2.1380708415853373	-3.3016803171637483	-2.4882329711925206	0.0009150112146255789	-2.204194426537335	-0.6236414041809117	6.587376430571674	-4.378691827259222	-0.011276443917794334	-8.53929807457477	6.630047239806158	1.7065716463603373	-1.9025850085647837	-0.007651212770319829	-1.9178779559249572	-1.4176309793873871	-1.10916199575264	-4.053472461018538	-0.7483969142379092	-0.1347067999057813	-2.1374092944231142	-1.2915235420001943	-1.8405786828394126	5.634513683369497	1.8574782100222162	1.3977734848575711	1.9226669677659973	-1.5078134391689255	2.006918802701741	1.880790426212667	1.7931374469883807	-0.3441685648477556	-2.512214458299187	3.376294408733203	2.393642538224072	3.5896956569859246	1.0496508418226587	0.8167000079579658	-2.9417195295152254	-6.157108526148722	-0.5944892308091697	-0.7022221566117867	1.767670357683139	3.6928628192785995	-5.31016193680504	2.628042822950894	-0.31588494263362416	2.5291396240598756	-0.2966587240791206	2.2991433881509535	-3.300839612819559	3.99483399713605	4.234394151897355	5.448879247314376	1.0187911393187699	2.1521616722264367	1.5989421884056607	-1.6766934663318027	1.0625204640094967	1.6735747534252494	-0.8815786386357164	-0.0011268368072823677	0.2746548264046698	-1.1763495312547723	-1.4525813709446223	0.49982115877880995	-0.183627042491581	-0.07919563043900033	1.1032954579227647	-1.1767262250568742	-0.6688256802027481	0.29134840642032556	-0.23842693106018137	0.1719557350914917	-0.5392220096054715	-0.028168149497800263	-0.05857039720212803	-0.07183495456884155	-0.019611785650828707	0.1478925820242255	0.39394071107922013
DTXSID1020980	-6.382013711227824	-3.4720750586042537	-0.12341405531792488	0.17115274640199984	1.3381438114909041	-0.029925758113249917	-0.10399094000185441	-1.068071251703924	-0.4519967938588132	-0.07784055960918106	-0.5125269873733174	2.45173270779916	-0.30931483940780335	-0.24760749607704596	0.6683967261064974	0.08089995926294531	-0.08140364453850024	0.17006590924680337	-0.41965892226575213	-0.113705853663655	-0.13647935113186463	-0.0485163006430177	0.31244852557120284	-0.14126542748369833	-0.08116104644293132	0.1457488413248696	0.41267779076973227	-0.5100514583403707	0.09856010694563601	-0.10990411245271002	0.08921322223757729	-0.027453777737752615	0.010647739525322851	-0.4380042048944927	-0.06460793679081232	-0.07155090782602695	0.44136576313250947	-0.22787584494938423	0.09129527793418124	0.5761867654952187	0.18362149772319986	0.6751900435643587	-0.6440400721146108	0.4525716953485297	-0.27048368064666184	0.20537484464337755	0.19666551815834563	-0.24106551376934324	-0.005453840129862948	0.17041962742621253	0.19899376387391549	-0.06574929598271904	0.10518826094372813	0.11795240446732831	-0.30066011568856366	0.12744474894944705	0.2788567497267282	0.3075185472135532	-0.3218756097896221	0.2382597693584345	0.09688796895827184	0.3605953527506053	0.22349644510915917	-0.01928597320930966	-0.40374046970107924	0.09916072499620275	-0.3746621646679482	-0.35434754440759614	-0.28572746144378425	0.8504995907078035	0.12727129194898587	0.673020042046618	-0.162855733071243	0.30790381145333195	-0.09263892828851317	-0.17073630850016575	-0.7988416942959486	-0.5104894795004407	0.5637694886171637	-0.44138590888662593	0.7518599149191459	-0.10562401765315582	-0.05098787603418246	-1.0119563217233316	-0.08838639734379675	-0.6745603103087373	-0.730901803741491	0.4953364779411396	-1.0169994803666407	-1.0701902260730562	-0.3138037968073794	-0.19301668680476178	0.10733542841835692	-0.48520517898095594	0.493262627750869	0.11083625785008164	-0.0434158775072401	0.14654728473494164	-0.15300834208595376	0.023027229772390544
DTXSID4024270	3.9439098556171532	3.658111791166832	-1.9138858869985897	-0.49851096839929143	0.4373531458403458	0.5332195237046946	4.267622725505415	4.4075328075830305	-2.7830162751167964	-2.9849168273786435	-1.2588933711855235	0.9641877864601895	1.5310885468476096	1.459910185282957	-0.7322284226766036	-0.9247769406427606	-0.012056856181009415	0.22213841911634336	-0.6936614317953966	0.07956624787695508	-0.7594635790502692	-1.1417802126326897	-0.7589858238189745	1.4268252410322317	-1.4032735506124807	-0.9073475957049731	0.5695903785132426	-1.8383976717502866	0.4565242849027445	-0.01984616266078083	0.4893991142271655	0.6978380939893531	-0.5137424839159869	-0.7666599864622565	0.12396612059223217	-0.027878060023492864	-0.520867977958787	0.13531488580038692	0.6662981387790035	-0.6983524830817415	-1.609970024643092	-0.5635810904567646	-0.6993270031500775	-0.6957071084538536	0.28141100188364865	0.3544704137211634	0.4375202123255171	0.9013044773558707	-0.4248675870231489	0.38890908632493704	-0.6253700959266284	0.5968869489598493	-0.9977589069930528	-0.1384948748028082	0.21919978921932645	0.2866358968711086	-0.8218786132066912	0.3425675913994437	-1.164242492726459	1.2505316438222531	0.07680388647617101	-0.4176615163616005	0.1793034064070391	0.6848045976552113	-0.2701992196074529	-0.3439649698422102	0.15080717351887343	-1.3863961784356484	-0.8369509511843396	-0.36182069758109187	0.6588921335298789	-1.004709386417757	0.011671501651889538	-0.6618509805117296	0.5400640189138054	0.8326300644031691	0.2448989757441582	0.6329774427208211	0.26531200492278106	0.07453735627872288	0.03516031924408821	-0.08606180791037608	0.6896530009743542	0.05073317775737213	-0.4842743929487661	0.5832498418077182	0.4055766090773512	0.04823697831295364	-1.188936369901466	-0.4969633127706753	0.5459001457466057	0.4161358269856541	0.8719548452934204	0.5001224067757502	0.6383706806508364	-0.33772523187668063	0.054642689433262774	-0.36822132469411406	1.2703989788822039	-0.45605932714358355
DTXSID1025649	-1.9773740072389236	5.441169422130145	1.716154462679198	1.8099176155898855	-2.308206202158537	0.7032769475177346	-1.0932133047480468	-1.7986672406958122	2.241693101891138	-0.4774191750015516	1.7023267875237151	-0.7567998664315816	-0.7934087545563303	-2.7818546642738813	-0.6326530398944565	0.5180765177912153	-0.23018121793169852	-0.4641054162445649	-0.051980201992497456	-0.26456741314237425	0.280807761660503	-0.12903920213466413	-0.7220130597197294	-0.4106619215862413	-0.584922150384826	-0.2683801662589577	-0.4924807865856769	1.451040124727784	-0.32317979529541857	-0.3131635765205721	0.16956705417714713	1.433055208214438	1.013979636998843	0.1489797406660515	-0.5262518657702784	-0.7491379178582532	-0.01773986393441392	0.9246499422352391	1.230699303025736	-0.5464689165605516	-0.5991239603440747	0.6497179192516694	-0.8176211974665054	0.30785557226984583	-0.771442938725813	1.1451739474860825	0.3573420638155043	-0.38776968213599566	0.3059520769678067	0.09629517763964139	0.28687083428062804	0.42209817389263293	-0.27956102633390606	0.36486102155938327	0.2148746849886066	-0.038412947781835495	0.2250035400311706	0.13441729715411502	-0.5370665599211483	-0.4228200811714117	0.5630762314494813	1.0170402380012733	0.10392820507011032	-0.889026865073478	-0.14767207488427167	-0.7300072297205723	0.09556780842988556	0.2744608641005413	0.48504319555874836	1.4930300281173754	0.010027555083089442	0.47159583182076525	-0.5604579454857815	-0.28884943810103336	-0.2787343481077683	-0.5558293065299726	-0.5602438235185091	0.3032109027058891	0.4319066142240722	-0.29186064517785637	0.30450201151906087	0.7367716955130738	-0.2759889544530905	-0.2625116983297315	-0.26644392870524375	-0.5340472924044686	-0.311569399822076	-0.01321618760264434	0.3221684590209416	0.44581854115026665	0.009541246336305055	-0.12811247227410236	-0.2539416668221075	-0.1310934023768173	-0.3967655933074678	-0.009550945895361684	0.09576691405484397	-0.05148231071848086	0.6459366885402071	-0.1415727638257177
DTXSID6029703	-4.244221792994725	-4.144566178369725	-3.3275521985120506	-2.3746634858694593	-0.847554545007794	-0.4489716031737688	-0.5464740185193409	-0.3241805006286559	-0.33876237479986365	2.07952473443962	-0.6203097632587254	-1.0521608189327791	-1.1115736321052558	-1.8566841602920299	1.0206902788316594	0.9954513215838378	-2.13462435880664	-0.6359378196528537	-0.6396335888608439	3.171766612506846	2.793285124934149	-0.6537079024927867	-0.4092073752082601	3.0733232997322304	-0.795130336451961	-0.7503067245328681	-1.350460925205222	1.1204786624972896	-1.8251570208051782	-0.8543035951920648	-0.4317298315728406	1.0395274157922259	0.5096745859690986	1.9955329256882226	0.46292534728812107	-1.8711087771368053	0.5020607761192486	-0.3721473476393021	-1.174029092429929	0.25975585018817976	-1.1823959356925362	-0.02881012460627739	1.120209403852415	-1.1425283045315595	-0.04991094105679215	-0.4018377659036511	-1.1395699760588909	-0.6370708103156368	0.12815071141714515	0.28963197881814123	-0.0824137129230439	-0.16221058628589327	0.5484914874260367	-0.7875520783162492	-2.092303942011027	1.3062707474348334	0.7055374298014736	-0.8635798301844166	-0.4780634376200324	-0.7204902693811236	-0.12367517840441795	-1.6700994413935486	2.372204402898689	-0.47633046132243106	0.6312246562695258	0.8677619232998492	-1.4788015875870812	-1.2480656375648742	-0.9358200337913822	0.306248283636364	-1.5144247184311865	-2.069946054037362	1.6299239570152848	4.676470521440885	-1.0919101838393173	-0.1189144722296988	-0.11611487807323746	-0.6813935785752373	-0.9359727690714925	-1.7574734977135098	-2.4551687231887085	-1.3085480990176799	1.422825093731379	-2.475445167970309	-0.2534738231935115	-4.243381008167033	0.9158862216781677	2.1314045225116307	2.0394059095578863	1.9135081869937367	3.3073720100690354	-0.4907966582988042	0.8152535675244176	-1.1148134304899462	0.7774826318795162	-1.0868075876522214	-0.10359713904591107	-0.20411875007117022	0.05053366171506366	-0.0471459116689663
DTXSID4025117	-6.931885734862354	-2.3459154554545387	0.9518674497043661	-1.5602841523143631	-1.5576360792501462	0.6803749963970356	-0.7479293726099057	0.9186733001904112	0.10151679972460761	0.17293062711705373	-0.1446057754275652	-0.2192926821688697	-0.2123037949063984	-0.6313384598215285	-0.23665515384785318	0.7199910189394793	-0.8921037172230212	0.10261096870615036	-0.1955506866318312	0.31285627289710205	-0.04310351478960635	0.22656816351784487	-1.2619330724545994	-0.7181961464574043	0.1955154437445753	-0.3255530201556161	-0.09379631579875654	0.5479922977347997	0.05227582678952396	0.2687847564653811	0.5695459977636746	-0.1249672224478579	0.30381984396139133	0.09667530489021225	-0.32828939463334306	0.3239273085037248	-0.3452157438313186	-0.5477171643417209	9.485856858736147e-05	0.18746026977243735	-0.016885423274126964	-0.09647028121272526	-0.4032408785133909	0.03209254198408306	0.09679260456447737	0.16682239423175202	0.2574957492178509	0.15508926013787358	0.11770562623739213	-0.06879588041325775	-0.1729641490468715	-0.2340593919901934	-0.10605894828149508	-0.059083984248255346	0.2967389572949419	-0.05560766697289451	-0.35876699644007487	0.27381574814156256	-0.3318981720308257	0.028537383184558524	-0.26521427288545757	-0.17517231566108735	0.19210061401542425	0.46894449520984616	-0.3390278757861184	-0.15363250374942858	-0.1718329181334155	-0.05622926771327519	-0.7955748184166958	-0.17105491817477433	0.19451491935155527	0.42935043962711145	-0.12350749349568828	-0.16495543193005383	-0.05584282885680042	-0.4736792524751652	-0.3380357050917344	-0.5816519810800753	-0.32421634196040267	0.06611930292143949	-0.3433139221187255	-0.659631251069408	-0.8884493277590126	-0.899498342448735	-0.147853651464195	0.4459419398182681	0.08746355267802287	-0.4589210991758753	0.489942022435644	-0.7796687293358228	-0.4448323939084352	-0.30250644297458507	0.001339551029634163	-0.13536077512948674	0.4315040061699051	0.4134810383545163	0.9386325698952671	0.8219599854372781	-0.0762355374616032	-0.5123724871391019
DTXSID6020199	-8.033006198099766	-3.061877171400193	0.9021516075224489	-0.8635635624835664	-0.9177398772497344	1.299310244378536	-0.03591910077434035	0.26698173536658903	0.2173918285121511	-0.047442880606883814	-0.35324533418179127	-0.15042004865433148	0.06162394614373801	-0.4181215216149371	0.31707687897381825	0.1626646970855154	-0.01271122728829608	-0.017473095233106428	-0.222673903940975	-0.5142155566777076	0.08331241676847355	-0.30879556881433473	0.8878894476703924	-0.14944173810664044	-0.0019477948118469326	-0.1540811496271779	0.012207771999396093	0.20365817769422503	-0.10497077685418807	0.12546630738659517	0.27752723743721947	0.18622550417586406	0.4703118217819978	-0.4400442762008317	0.020356165583008408	-0.316364423249264	0.12396799179278586	-0.16758954136257034	0.10318963196325348	0.26374006240444575	-0.26841993875069925	0.07730310687194736	-0.36941386832042344	0.00797242628442106	-0.3036340881253616	-0.049114236997089056	0.12203171095131538	-0.05634305352586564	0.1274506049423716	0.1401871551988044	0.1428793120839363	0.043467604843529704	0.15700531346824692	-0.012178937873940233	0.17927511795194018	-0.05205691535640204	0.33822674893380517	0.11319616218834423	0.026623234158934833	0.09438424949891143	0.16532887568798335	-0.05687051444728983	0.06134633283438595	-0.1802926755412845	-0.1759739344191233	0.37781628117226407	0.2585844255709963	-0.31444657807720716	-0.3472848220214446	0.7867565058581678	0.22359563022119505	0.26632022702531827	0.05466669566111434	-0.15248076314001888	-0.5624855696738803	-0.0741092567866237	-0.5160201978789883	-0.21968514124905084	-0.22612157976465194	-0.3613908322761079	0.0391075700093259	-0.7844528299148201	-0.39589013440455856	-0.7808462649431993	0.08121275396907601	-0.02500222583071227	-0.09683975099661804	-0.35965244710168315	-0.3082722738043206	-0.11154110990448779	-0.7518869474280736	0.2569684712567507	0.4164543114124155	-0.16305680355671406	0.30435170447139437	-0.21831224263648585	0.2195512672563607	0.31271306886973255	-0.31393331266415986	-0.3861761061142931
DTXSID3020546	-5.922642921712906	-2.196505414520331	-1.6767553188693292	-0.5733306201287811	-2.187013864195442	0.8660566388264003	-0.8681374744247938	1.7599871019661328	-1.110607670931802	3.8221838448403864	-0.2777288695020348	-1.279429228554228	-0.7060882237059194	-0.7479140804616446	-0.9311431263326737	0.06727339265522772	-1.4597388428371378	-1.3218662513488495	-0.725756800858247	-1.0715505509925394	-0.752024513675816	2.560790796923629	-0.06993618797700647	-0.43794506748583334	0.0440778165940923	-3.9257402040376252	-0.10784305484510526	2.0860457599898004	-1.422228013591191	5.896346923382995	-0.6343078219378889	3.11339639918723	-3.0616066475269554	-0.1107531193619534	0.6630217712996721	-2.115902709186544	1.3144152548372507	1.064741677953414	-0.2817126548934129	0.5274746091248905	2.3357093965575673	-0.5420034325754246	-0.03731466588271697	-1.0022488827952176	-0.11052510857152346	-0.185931231227076	-1.180216985584924	0.4184111012171229	0.09030965891399775	-0.28001699089550064	-0.19448724820598406	-0.7338831613061909	-0.5085900568631702	-0.47706462333662536	-0.45385982262998864	0.1176904612721526	-0.5840043959498792	0.4247694923102074	0.5985973306889593	-0.7831925266806812	-0.10918143381218774	1.2473931669058023	-0.7310418715993683	-0.7307940610739709	1.246894906304145	-1.4038377587629787	-0.32944102624263527	-0.19935350658549308	-4.346276557769569	-0.05579971300601664	-0.356174385367343	0.950367616273824	3.7471019648361636	1.5103718327252036	-1.6751557534298382	-4.061319869583772	2.4519557490270554	0.5208566239338153	-0.13038523679306802	-0.6084098849020344	0.8808930240321912	1.241004975209853	-0.5193532434372629	3.784407337812236	0.8065538991949218	0.2376172245481679	-0.11162913856337162	1.6834936308495716	-1.2614476737622977	-0.1697572867533385	0.548900276221478	1.6510492257156246	-0.4668932667508523	0.535191639019987	1.2151882747621077	-0.4075015974944589	-0.5055529543267735	0.8518418528208254	0.7294334575388517	-1.6563511180825214
DTXSID4057768	2.114483911106741	1.331053098700281	-3.2764056050222594	2.2026939788865767	2.990350497869291	-2.15655338140952	5.5156690200870235	0.6490157374486392	-0.6564620549488143	-2.237914047542715	-0.5386249919203047	-1.1342960887485476	0.348973168951548	0.7324538608851016	-0.9235150768339074	0.7801986857578926	-0.7995670415639186	1.4661518352197898	3.0077890131175526	-2.6475755176753384	2.98342044552985	0.3145696479085769	-1.0834897357260544	0.8870613452596312	-0.8904355606580344	1.4955082587927546	0.5362534820148223	-0.4449790617006111	-1.2092952259054381	0.552302776954631	-0.8399636351262711	1.3441453996230175	0.4618989318019195	0.4673196806476046	-0.49927070427728126	0.8986642950807081	-0.8877952103769108	0.0406412576960976	0.7975202887588028	-0.10904299430848424	-0.16378279449475636	0.13923057779153178	-0.18880725066094237	0.971917431199191	-0.2717863391665258	-0.5736757440830197	0.7222083395428454	0.18095255862075693	-0.29575928160156084	-0.25345650401149467	-0.2140214622274083	0.1249093302854376	-0.9340640126745219	-0.04554725666834454	0.525960534184063	-1.2548792370633712	-0.2120186190786354	0.6111808781707267	-0.20527065634437122	0.0037414468646463175	0.5942862100546432	0.7422770519912775	-0.2522649230445539	-1.0588820334044065	-0.44466755601620134	-0.652794523642444	0.2686585050344717	-0.38149265221958994	1.2057382522167466	0.6088774247951033	-1.4863114754193387	-0.26034169054883755	0.08333493874547533	-0.40599015534486294	0.7794195729195249	-0.060119217512059224	-0.8438687103778094	-1.1369350864103989	-1.0638456665039389	-0.7752235545220777	-1.0383577071159094	-1.0509901926319074	0.06240468242619661	0.9047310557524468	-0.12117692861534181	1.3496686800522602	0.6863130434846915	0.4890417930529563	-1.1013844825974113	-0.45430700575637184	1.6605217932746188	-0.9095827020736762	-0.04858750599514963	0.9705790679041936	0.4861703127672613	1.1194668048844132	-0.03682863585187415	0.02200045653619928	0.3588880498456278	-0.3091029398592951
DTXSID6022892	10.573614783160428	4.701046100770065	-5.03415712191899	3.0049883028015962	3.563611885682645	-3.9475296140717004	8.386565549778169	2.1724759846159603	0.5957941534493244	-0.1666857388388531	-0.22625214744875502	-0.6321629454280701	0.03612094367344034	1.2232810224454402	1.7778801545878533	1.4615146058406847	-3.152927682777996	2.115264029231307	0.14054470543620642	-1.0964872865778883	3.122686518278831	1.4387547763263504	-0.07453263305307097	-1.595696999550871	3.941359259508088	1.254840654304079	1.7417194049489544	-0.780265467630056	0.12815834879687618	-1.9183819722770452	2.0032172357812255	-0.3134245410627088	0.20198759670320884	-4.866614997521135	-2.1389209598727787	-0.24833220067866119	0.5614609200667601	-0.7751486151620426	4.2183230117348085	0.7727589152234315	2.5084243738321215	-1.785409867013595	1.11025809120237	2.0117612028765635	-0.16665021614279227	-2.307029516267803	-1.8262801946571077	2.002758517502849	0.42163956343929554	0.28705815870289975	0.06825543666686289	-1.959995336948306	-0.10756256618130199	0.8799223161294618	-2.0211318141781915	0.8889739117088011	1.3512553216074288	0.3179525711427643	1.0013686004105913	-1.9559065871810193	3.0857010468448305	-1.3433967515687169	5.160093202661157	-1.5167963745091972	-3.029853447639256	-1.112845385303826	0.8489753856444726	2.796576470099101	-1.4528202587972898	1.0000035731844816	-0.7398814832474944	-0.6519148891515466	0.41242054136529405	1.326795718454078	0.5024699003216057	0.9226088985246667	-1.085250174773352	-0.553225229489435	-1.3373728606369075	-0.8751919289686135	1.467100320736026	0.29867214428952643	-1.2698843155443986	-0.4755935551043555	0.8728648518633797	0.11730333211618944	0.7117953979311745	-1.309008954599193	-1.766650104304628	1.1565420638348132	-0.12417918012504585	0.740676116329263	-0.37011935796898726	0.010230435430507934	-1.2462505182407908	2.5591044598401864	1.00242317266184	0.7475498000455798	-0.1385206380640932	0.17617739325770715
DTXSID9045342	3.174746191086192	-4.203443622596657	-3.1859400897879895	1.8918144433698554	3.9968802205989284	-1.3888827424183507	-0.8718613455655462	3.522673944299317	-2.0049195419492682	-0.876595714820236	2.0466394276689304	-1.5647969472085699	1.093357784838075	0.28799928274609554	2.248972399748212	-4.014934342356246	1.9611612771386098	-1.9337810589269404	-0.5446458876584644	0.5684615903807578	-1.2449629544249574	1.4803662186944546	4.436955594105215	-2.948558970544227	1.939917764480725	7.684334247071755	-1.528185274995664	0.932735002419776	-7.0820482239291085	4.902816723792041	0.2758727992394392	-3.6733069346538665	-0.49468893809425324	1.6460506216242312	-1.1623147350557572	-1.4684291400376903	-0.15738651189291694	-15.703342144021656	2.95532474241734	1.0533257176166377	0.047656054221804474	1.2614240477403071	3.43707550995856	2.287810768366085	-12.217496488469228	30.38332216510905	7.490343643155917	-9.145279204326417	4.156022813551902	10.595181938547956	-32.78072689159284	5.213633945208155	-17.361110337903817	-6.475504377462193	-17.516149823539664	10.748264317104029	3.7827921517883354	7.89602643689587	22.23408381742336	2.926999645869572	0.963928911298502	-5.463200389738435	-3.487724385449077	-1.694522839319928	3.598766162959209	-5.988785323688284	8.638893716269216	1.3994617593347254	1.221101752615149	-2.064020582956103	0.073241612866985	4.134882535607108	5.715985584338241	0.3799815901235058	1.6803633095419306	3.370251995480013	-1.5155587736324148	0.0829900563192627	-0.7647333174454554	1.3290575003586773	-0.003506636053306689	0.1316305161088903	0.6338274466849356	-0.7355436248371815	0.6642409021535991	0.09540987090454003	0.29658458156145995	-0.32110098492655503	-0.20037286652120342	0.49091199762927745	0.5181068450022353	-0.11612313842916676	0.45825685346673084	-0.2379288520365868	-0.5556901353080914	-0.2479370250686836	0.10901463820668206	0.15298111973804215	-0.48353157865090324	0.12715401310213692
DTXSID5037072	-2.30680449052273	-3.0492930738490185	0.8452748103564142	-2.4689536778864007	1.4116910633451727	-1.0396649215517726	-2.096486950512735	-1.0357756249365238	-2.094470923543301	0.34155442338920156	1.379330459112217	-2.342797585263403	-0.3866257820075043	-1.6138207844257462	2.438074721635156	-0.1032380067333612	0.037959060855999184	-0.450665289951339	1.0806923379904148	-0.44814861511213866	-0.9307925411156791	0.022472142217819995	0.7831924090525206	-0.3709068366192545	0.05118931039018085	0.19997324265740274	0.4056241550013293	-1.0329418652848927	0.27493616107557056	0.45391063352456673	-0.24785050283291155	-0.6253373004068299	0.12391452575997466	-0.1507048157323969	0.8801695363049117	0.25634710993899634	0.5076472835835403	0.09358246045933509	0.375911468647712	0.7903531094636517	-0.3642894291173566	-0.2865802091665202	-0.4829961141678034	-0.0473853436858192	0.09391401481251473	0.13672642143342928	-0.2141200567948494	-0.14356506150653153	0.36652799820326626	0.39601103279704797	0.1667817079229291	-0.01002776421073479	0.4172022973558147	-0.10327142219472295	0.4518233617885837	-0.18822263463424202	0.2918049925663371	-0.5452914751730659	0.26307711610904616	0.8113406443745594	-0.5717395906812217	-0.4795419537974361	-0.012537093537894754	0.033403221257982375	0.1900589885435134	-0.21659485589496064	-0.4854640667785882	-0.07049588269960964	0.19437804917131626	0.34993889827031205	0.9892659284770837	-0.5910320840670694	0.18873950159327918	-0.15898375793286826	0.0016721821634005673	0.07461292992604947	1.0731374037750665	-0.3327903854254617	0.10693131006346047	-0.2989120121991504	-0.11437840583905548	-0.36157887146217804	-0.44828188098283306	-0.4312478978279755	-0.30712609402069596	0.3087732633137558	0.7053866226436484	-0.2244517977315341	-0.7046988861490723	-0.3220647809588426	-0.865541392006335	0.5752288438622569	0.3105156901450725	0.19410912383887544	-0.49963656830702363	0.18129243073907536	0.32347502399144434	-0.4328025761104669	0.1457763513421032	0.4554112831498162
DTXSID6046054	26.365499727618456	9.712934778415878	17.98239401223965	-6.078670403540323	2.7269432568133087	-7.996672298513775	1.9506967985930066	-0.632248533034066	-0.6158077587920912	3.643834130778125	1.5427526666573372	0.4209881069351686	1.1387606801057342	1.676600107814668	-3.986175466277219	0.6942985525113761	-1.0971549628422723	-0.4405936350250403	-3.4026683342438098	-0.7986723539116201	-2.027836293170925	-0.8574082205192469	4.210049613482603	-0.009218958232673305	0.5781823459231626	-1.1010251002717384	4.372334771012088	-3.3048542058842454	-1.079758390232922	2.6182503209311205	0.1135357797893534	4.500101811641317	7.467476949555773	2.200566891411473	-5.582866067395333	-1.2975556651695908	3.2404713449562093	-8.25779987219787	-2.17096230339851	-4.090097817470605	3.692508703565883	-0.6482513860237455	1.3460121490688364	1.8662783921468016	1.8853374527636886	-4.12059008555405	-4.9213679135855335	-0.6122960433492234	-0.8736378911190107	1.0537473649141895	-0.018119837985434366	-3.421014162385066	1.153519226325576	1.4793229944508466	1.8812513178691597	2.238706025105625	3.482337784203481	0.3613444406963623	3.021013395113181	2.613594878733342	-4.0628670871673	4.70958874165723	-2.6925668848216096	2.1647285147932345	-5.67884715282599	0.13927628454051602	6.433894330297949	-3.9156181691314624	3.550962287496889	-2.8047844121056555	-3.330347639127001	-0.808045717456275	-1.6795775489942286	3.4989251973808035	7.065253547837256	-3.6796175179925816	0.9379503474433556	-3.535864094467405	-0.28015760512773	-0.21975953875040727	-2.630279127730066	1.1683200714600024	-0.7609451904248387	1.8427985785636904	-0.8574078373399258	-0.26952045099054456	-1.171792750404845	1.8510709990938543	1.4474473895349413	-0.07488324050836125	0.06980857514258962	1.1090165548461437	-1.4140646669856722	-0.8601207397743229	-0.09241419130177285	1.1518502875441576	-0.5964157344008371	-2.540571530476784	-1.3807127678616784	1.5595769956388483
DTXSID6025226	6.254519305097792	5.923449202618892	-2.2453359081341184	-0.06771525380380435	-1.7424199397817792	0.8376352266823139	3.6713417409124385	3.539045706182625	-3.001877421010081	-2.0450874892023028	0.7333823578950139	1.881177330550256	0.1310589674194701	0.4359818448772158	-1.2687854315485567	-0.32576515415288704	0.8422753796466171	-0.015456315598174954	-0.769636905238639	-1.2609680144109285	-1.0664412018671177	-1.0446179903604067	0.40542886375742065	1.307407638368643	-0.7866023541866479	0.26636780623574796	-0.21159099113814847	-1.8939395332386677	0.5965307421679592	-1.0696893996421273	-0.4517297442367362	1.8968156378961272	-1.5360334452874906	-0.4612385625844411	1.070974295102176	-0.34805030034919876	-0.3370757738904927	0.5186687193890676	-0.2622712238386032	-0.4161429421217503	-1.8023014889462892	-0.5547739983599402	-0.005714883830287721	0.21624268553846054	-0.0074826444902714555	-0.04549236254168112	0.669960011661004	-0.22428702420189034	-1.1540082821255135	0.19499505002859469	-0.39284713514120767	0.246050258655531	-0.4078449404129488	-0.4665814123040207	-0.7450662475757325	-0.4580445000105851	-0.8653829478085793	0.09816400069409778	-1.0613406657753777	0.3776392850888512	0.5637789454882343	0.1807557912334	-0.06641574165671288	1.3309326487031847	0.07517824680814647	-0.08155474363633286	0.30131593599894435	-1.5116177053318423	-0.6145959805332732	-1.2168388435995263	-0.2944948102808423	-1.3412769111593965	1.4414154674865756	-0.7374479585754244	1.261081629970027	0.7870591090022062	0.6776577304295502	-0.3984840866524661	0.07632261538764952	0.1436707279766426	-0.4148561638574271	-0.4960140695714227	1.509443245062052	0.022758353510284716	-0.5039912447019538	-0.7837404452422498	-0.3492817157066025	0.014004932052345593	-1.4790801250351686	0.8993140981796626	-0.40313674244532494	0.03380994847817531	0.008402773473264234	-1.6950617214838082	-0.29580868063308313	-0.1313939393459809	-0.976054168965757	-0.869835418333542	-0.41307888366069323	0.12479619334629802
DTXSID2034255	-6.8202983910678805	-3.7904822315422892	-1.7478787761282828	0.6189960571119949	2.541756747835115	0.19265926544060494	-0.725933376844238	0.23353863311618156	1.4783376487905797	1.268615443219858	-1.1731416270922392	-1.1758252847550703	0.07678801467710393	0.4644510323647746	-0.854379126807276	-1.4185485721090785	0.4970421495194279	-0.42199010812815263	-0.42773249416695286	0.21158795611179176	-0.636612064851367	-0.17080347128799953	0.892389310866707	0.7867509969291253	-1.6144837260439238	-0.1355314357010052	-0.2398616893463004	-0.45632052804046713	-0.8197467703726667	-0.21882719962024672	-0.08471677730796319	-0.006319284950399347	-1.781387546908562	2.550230486239949	0.43140774932091847	-1.9727805998711265	-1.7274950672609453	-0.8538337980794298	1.8467190645847367	-0.550461646146745	1.2351792604065024	-1.190049541760697	-1.7907278546370267	0.8108577495003622	-1.1309230316412662	-0.28394805330642636	-0.630737614997061	0.8415171154750231	0.5349982232088176	1.261053335446153	0.7693662829330159	1.0910514631424693	0.37461005147082155	0.6254554910952449	0.9308039446359149	0.3752907122748628	0.2735407072722431	0.9875635888412239	1.3830372707935297	-0.5114129971659671	0.2852238989046026	1.827254634903707	0.9619649627641789	-0.16928358657278073	-1.1164637050024722	1.207039838305612	-0.7800203863654426	-0.8426300291391999	-0.6160541454987545	0.6983061184337841	-0.6762143822256401	1.661073731581631	-0.5318871274362129	-0.34904741929814515	-0.4611762052742682	0.677045666611587	0.3406672354037817	0.28617969580226044	-0.26738693777889594	0.7451296641188098	0.3758549457068262	-0.20448212283543465	-0.5413124583488468	-1.0575074648755574	0.4756917523482051	-0.4616243751305075	1.2567608893163147	-0.08775663569152262	-0.5058428745509913	-0.09774955953745343	-0.5705092314370431	-0.556703475016447	-0.7402335259053056	0.1410321507704952	0.4895484959109743	0.03236082209759874	-0.05380958257854497	0.18252425424094584	-0.4657353165911363	-0.4911521366087009
DTXSID6040743	4.832581002803948	4.946952529518548	3.868883544037253	0.18765319714390727	-0.5839573087757779	-1.2345399084832347	-1.3714768779674051	-1.212951435474345	0.31433962604852406	0.24653830262877718	3.768606440860056	-1.6842784638251147	1.1647898571851765	-1.7292423978548381	0.840160009078121	-1.679946135718184	1.247673491022209	0.506962948184342	-0.1087685044460757	-0.45921105489406655	0.8015511688212031	-0.4677984571620964	-0.24043886564359065	-0.026850065307960035	-0.1342639820912364	-0.9287167296512862	-1.1377162609753442	0.13205822132888634	-0.10711177225559818	-0.09374610505321702	-0.1175311705445842	0.80229703450447	0.8798899095072117	-0.36317929732082493	-1.899405072772725	1.005460939987612	-0.27948815726174064	0.2736062165139765	-1.1982752383130226	-0.9370333915158209	0.8258606622590945	-0.139828052187372	0.6151931778366796	-0.776558840795843	-0.7457547792511112	0.22117832167776585	-1.2200966308605912	0.5774280794112726	0.06737164371927319	-0.2723767628347734	0.13290563097547214	0.3760314147422854	-0.060763077916843905	0.6657055594473085	0.24872354718743442	0.9105242451786244	0.0772205799089547	1.6659053537925959	0.2811006380224457	-0.11702025226745838	0.7050005502771407	2.082770155555127	-0.46799992084570213	-0.5633187707311024	-0.18430784384181392	-0.5089480786656354	0.2585166208643543	-0.45143844913993386	0.12905588033803003	0.9481342704517736	-0.47544141380099236	-0.4385891080782568	0.25281437883853586	-0.21497578272851864	0.6534722616892319	-0.5055859059751469	-0.18373677204849279	0.8665993906124643	1.0543287687652136	-1.0043498976799017	-0.07477529516201172	-0.6492973989477919	0.12309729283081704	0.037402180210414526	0.17352191449391624	0.046207154114676824	-0.4463631637466314	-0.43503466856286876	0.4529794704958909	-0.05891878898981688	0.27077830619281623	-0.3620622746386242	0.40978073174864593	0.19346060491906023	0.32426005965702104	0.2619417288665332	0.20009011365417576	-0.631653345298071	-0.17306024896554184	0.9896279468902506
DTXSID2048909	10.129861840181487	-0.5518007220949444	2.1898981641270563	3.055557892449963	-0.5390105036440959	-0.09319148200145744	0.5932101999825222	1.9836234630121692	0.7756675814435793	-3.086659029060682	-1.9123715705551803	0.4728099762478806	-1.9873594766778464	1.7615721438960708	4.62137461924092	-1.5690958540468292	-2.927468601350774	-2.823211662957975	2.394356448111146	4.701011537151282	2.7057154086930444	-0.1372385256690048	2.7360383249684137	1.258337492577039	0.8567718565048068	-1.855696313897907	-2.305229777319319	-0.34750057872042245	-1.588535485703342	0.5587684820922987	-1.2096478047209134	-1.7391244980585872	0.2180933935130275	0.568405488570916	1.7495449632806315	-1.2833819028254887	1.8075386532554847	-1.5343164006714582	-0.2831142261986689	1.73262614999206	-0.4546697142320711	1.2414292449755187	-0.3912241104762778	1.2390535361087716	-1.5062806970492022	0.065627961886208	-0.48961169674166066	0.5715390643487258	-0.4154156750100594	-0.6359900898043176	0.31883597497218635	0.8884852421910379	0.340180762514804	1.9517611799192014	1.2945060536921413	0.8019353906177004	1.7747894859144853	2.469940918776666	-1.9358054254827337	-0.8935514582793954	-2.0515757221882165	-0.7269003506476875	-1.4794519080851	3.7903042464930548	-0.22242044910400957	2.5696848429904864	1.4930995345151743	-0.3335788581228334	-0.7465752233899339	1.2657947287550917	3.7617428883632344	0.7507474291476747	1.602278720160449	-4.045369696342062	-1.4543469997039387	0.5166240139562671	-3.2208512980529833	-0.0427454151557906	0.40310112900650635	2.599901503548546	1.8515014209324128	2.3411585015683833	1.0904079421165478	2.2504187942397786	0.4042789750184096	0.9513854966794927	1.2956519682788954	0.12184512843562749	-0.29055530361347504	0.13720359118115114	0.881430215877704	-0.3922912582057979	0.6229633855043883	-1.5139983618095518	-0.5768741937663833	0.39088716015284736	-0.6209742185158041	0.12578476839224545	-2.0720604636719466	0.34188436414010887
DTXSID6046765	-3.7758907537764332	2.0881009506989123	-2.805001640587392	3.034929668936178	-0.5892264362240508	-1.2568804564914993	5.1627828904159205	-1.844766290051277	-0.7318378664488505	-3.040056808270171	0.6538311766675647	-1.036441248406476	-0.25443153264156343	-0.6668858342606052	0.11404041296879289	1.4479521544219724	-1.5372541914120972	0.2997153312246858	0.4873904225869022	0.41999292331732596	-3.018161750898191	0.1106956155148277	-2.0940823103509354	-0.6252277823333581	-1.0498813163299445	-0.038700164584811424	0.11286219717355576	-0.1725158185601814	1.7944437294064886	-0.4702825550807738	0.7341503619096581	-2.4392060803643183	-2.1684855670051446	-2.969244254794063	0.28117305384575986	-2.0306903099815257	0.6373471403399104	-2.229105647496779	-4.532626095684411	-1.5440429737265235	1.8169834582469901	4.958965994903832	-6.992597226825689	-3.9195541195937627	3.1847882130622907	0.6048552783800646	-9.675186313035473	-12.638661694151434	0.8267273652544326	-5.981813897754393	-9.065245499283172	14.296803178685808	11.006855134401661	2.0127247038664913	6.246848771271772	6.170673711560323	-5.566493475562394	-7.555845456491372	-0.42401484722410343	-3.9182348743087343	4.384026933789175	-1.3009942858356651	3.056118977874144	0.5890793599204955	-0.516036250711147	-0.19037514550703055	3.968593269286996	0.1515453600279523	-1.7874740562538398	-1.5686207208120537	-1.8691200021673242	1.2885122299275475	-0.2616490982541013	-2.027987010084201	0.057928859295674394	-0.44378834160705005	0.22731026724983186	-1.5643674389479196	-0.7528510284298545	-0.3029949244369658	-0.7993161892098094	-1.2003255755318347	1.0742121027243428	0.8757746060392447	-0.33930235848234663	-0.014368119654496827	0.18073129461583637	-0.28455548769121974	-0.6660658121850744	0.07616994484060437	0.20132623844173514	-0.6084321991602333	-0.5928096463499187	0.14241342372346424	0.6917910489268762	0.317083254436697	-0.15469538403233302	-0.07183562527490064	0.646811256634271	-0.13777777291859605
DTXSID8057641	8.363293268057864	8.034610908035795	0.3287371030794607	3.3190720668849507	2.8895923644312425	-2.963022983684196	-0.6921730680405846	2.498324972520119	3.464111815959422	0.7757554575190152	0.15265315031602947	0.7105026842881513	-0.29930480061990183	1.3856191293651243	1.64608294785725	0.8113789925138939	-0.9806428869741125	1.1427333265959783	0.27580157955083584	-1.5011531004811616	-0.4265234233874966	-0.4865042014978103	1.5690747798057798	0.11342145574147813	0.9734820103228541	-0.11797095310123064	-0.05615851320684961	-0.2179398606449553	0.034616514530081584	0.29731830013532934	0.9678395163549691	-0.1503172822648558	-0.20446637143976637	-0.6216286400469577	0.8017244713421158	1.100147715435152	-1.3674551655602105	-0.13728460957784813	-0.616590453035509	-0.12812878050624033	-0.18655988075696228	-0.11856005335579896	-0.6108004330768246	0.4323555326013205	0.967229824546122	0.07129218641263935	0.9759621742746688	0.09470857852403866	-0.3184692147789037	0.12934814134321357	-0.16995797009738914	-0.12227322722856566	0.33182240189870305	-0.33137273900444286	-0.33981493179363514	-0.3087818621410325	-1.2920389101583343	0.39332568615661073	-0.6297211673871697	0.33706048212374856	-0.2843574432199672	-0.6802411340756591	0.012501948785908908	0.043465724537934916	0.03652810383183867	-1.2139499527709456	-0.14608946038041673	1.0645503598158037	-0.5716532724275836	0.11325619249901325	-0.9446685851198529	0.23844229211056772	-0.06559365652316185	-0.5627015247367493	1.4851900923017072	-0.4646546355020139	-0.669042849565048	1.2153084566481351	-0.06239438761845355	0.9031660574550672	-0.9167161085888844	-0.4069823589416479	0.4713938220277076	-1.7647977252067042	-0.5788909073335703	-0.7833045820315524	1.4410031403319052	-0.2672157238937965	-0.8486330276245511	0.46984188966804663	-0.885558209824473	0.8771810222769676	-0.1561916915911302	-1.0415091339938225	0.3784719429302024	0.43423093673374064	0.08617208762226983	-0.034181934064222874	0.6398033460236259	-0.41497283230941817
DTXSID9024487	-3.428268829993562	1.7726779389089549	-1.613712403945902	2.9530984052998788	-0.8913221343806451	0.16187016983043453	2.730991073106318	-0.8725812201383444	-0.24944965707718159	1.6349852090659498	0.5236540765594085	-0.9720149841638446	-0.8549796463433176	1.0497807296942299	-0.892051774726862	-2.553204183340788	0.4595444905934338	-0.37454517312707863	-0.15738798893932213	0.4398317556826415	-0.8939155370454415	-0.40879952633277095	1.2722978404131868	-0.24956061056943024	-0.23997215007258313	1.3472573921076385	-0.19854684607519651	2.8857210285792996	-0.6380582483292812	1.1759440279168663	-1.0072825170938735	-2.257915870681029	0.6965295121942228	0.4901265737167479	-1.207576484666835	1.3162340016344818	1.0407400549147603	3.2848492415167727	0.035085605038831916	-0.2881865534474244	-2.7943243705455623	0.08234711426970383	-1.3504831104248738	-1.553514914782217	0.7649097725251831	-0.8696865787546237	0.37093795699248694	-1.3030415502668173	0.07803774846874267	0.49895929718815984	0.5527828239236416	0.47889521197753127	-0.02778433215472992	-0.7553810432060779	1.4541117220183108	0.10329919207815998	1.9591175172485866	2.1772797587975283	1.7253376018696083	0.0289554254752222	-0.20841238492185324	-0.07738852486390872	1.555899613611097	0.5365104681962825	0.478027795044565	-0.7822068943857907	-0.4651095706603748	0.6063402880418837	-0.3121468995944553	-0.2098303193804655	-0.1244622597569757	0.9654974782598584	-0.22178838711034543	1.5888949039569664	0.7166025526723336	-0.7113322995736683	-0.08018855297403342	-0.23076258038518835	-1.0268381937298727	1.3916075297734074	0.5887723834976127	0.4166884752639298	0.5094815465341127	0.21261767579579682	0.13827402764285363	0.04567616146328256	-0.8437625264370704	-0.9155299799847901	0.2613176198506391	0.13051324898182412	-0.10554726864580663	0.2986320399896878	0.26251490339371036	0.12984433552808766	0.16209128341326093	0.09881912958982855	0.20605134954766713	-0.30475123402361315	0.5548676059592289	0.1165514517465796
DTXSID9047706	-3.0636514401723063	-3.0360202373995513	2.479304448408402	0.14737652369037402	-1.7782958946544063	0.48335921224400336	1.4902781937148581	1.1335159821016383	0.3830078554634262	-0.5161179411331885	-0.8273916870380212	0.3264585435578833	0.12232375461784462	0.047496589998078834	1.4547600182660598	-0.8209657163159912	1.392135512428666	-0.14658787471555518	0.22135573920026877	-1.2227044988954783	-0.22442382910736733	-0.216734018467566	2.31952337199476	-0.9631800456932864	1.0173639404640697	2.626086618728694	0.22017940357575405	0.4078425391296584	-1.2905704614390985	0.9451056899826555	0.675989993746409	-1.0907583616952288	-0.32923343353546686	-0.023718576080591854	-0.7586063050129941	0.5636202107439209	-0.179650252930423	-1.0289077530771917	-1.0027381416822603	-0.9662407674130721	0.31833456146505373	0.02079436157373481	1.0146544363132435	-0.0966125188725772	-0.8174754434228698	1.84136974953669	0.6356187506659504	-0.16312998122859984	-0.09662624392104076	-0.3217023077830676	-0.13589230121126153	0.050013090984230624	0.48358061382324985	1.8987018149088152e-05	0.316156570634157	-0.9972027526919995	-0.3648809876803818	-0.14407672608990654	-1.0719648306984104	-0.4164451056745254	0.0737686353992365	0.6487385159754928	0.5285995080919064	-0.6115124066522113	-0.9060383111606196	1.2748699800313315	-1.6436871684862624	-0.22794055842053276	-0.30034983967176565	1.5238661500245219	-0.5685660156227753	-2.0578643219653605	-0.502548313992236	-0.9093854401820631	-0.8825296328089053	-0.7971746807286479	0.3542261288906077	-0.4119435335115354	-0.17948892487843707	0.30968321583334807	0.022402378842329602	0.173015679329122	0.6262601959830252	0.35424452386328087	-0.44095463189943257	-0.3008850642844137	-0.16270035193410096	-0.5102980342184701	0.055211023196182714	0.05232341450266944	0.3837805934568046	0.044311292608967996	-1.6015482348110244	-0.16759756637027398	-0.4037047102305332	0.2853352598377009	-0.1292071656517986	-0.19485776094061008	0.4517054277334977	0.039114735236924617
DTXSID3023001	9.408772464287168	1.4964604876226069	7.55596018891042	2.754279901759383	-0.16667768996245189	0.6333499736444131	-0.710330393798933	-3.475777724509546	-1.8087023674898821	0.4710139613348182	-4.136636096004976	-0.26368128286489273	4.199426937796843	-0.07797801794156729	0.4947633765972518	-2.057135725558814	-0.8379351218665986	-0.6789533540515238	1.244507997215293	-0.5466274956233121	0.058878430785419406	1.0200659971150157	0.522327603670529	-0.0802733941234014	0.5727257246382655	0.15398628325713873	-0.8498490754298322	0.55786138680952	-0.0728383452820714	-0.38550126955107106	-0.4869199262773198	-0.5229638031391254	-0.687375379582256	-0.5990662837305804	0.45314444073434124	-0.37826278735463675	-1.2492011105961844	0.7623547992400996	0.6595335474073898	0.8197963631678726	-0.5507600537027568	0.8010168608892954	0.038099274723240706	0.8279221895629931	-0.3287156219665742	0.005428507409454771	0.509205995079908	-0.261178025799598	0.05435369356104056	0.2360393421762982	0.18804445045653478	0.05486210461813269	0.42132698285659087	-0.049878669663019216	-0.39414074386416753	-0.35792900337744155	-0.3323103795848176	-0.2510036634641752	-0.03058064532381332	-0.4044036080113234	0.6629892148448219	0.2489123787617688	-0.3338112721899447	-0.7467991206067165	1.0488479729299025	-1.1792184744048928	0.308673317660598	-0.46910904597721104	-0.5246014639100451	-0.784315145487129	-0.08027072544755794	-0.09156091294344786	-0.9995844149009063	0.21731611081593843	-1.061419788652845	0.2804429788463995	-0.24208116210255975	0.517845698585631	0.07087622962389922	-0.27019442463328586	0.6708425308450592	-0.35514218621136445	0.573043088313666	-0.3613712203172607	0.15812118412129356	-0.4835829514714917	-0.16403478894269904	-0.028950951588923836	0.36479264239750003	0.5803833971313507	0.26657094534159353	0.13155575862792684	-0.7592759179921897	-0.713527045237083	0.07959058582381176	-0.20668761581358694	0.31669844651864015	-0.07613785086589717	0.4254768758785167	0.8395276528016039
DTXSID1022718	10.647106419944508	-2.7789379506666214	0.9589904240542177	2.0370179981784626	-4.049301233134804	-1.799061933233144	0.8325367559062006	1.843324343927464	3.4496161842272914	-3.5263469517789936	-0.47808352672590787	0.41607392717025027	-3.244155668125193	0.3372236777942481	5.291119431880014	-1.8455804315522066	-2.1992708109584687	-2.3369057778203817	2.347276003668281	3.551880299842168	2.739844656092893	-0.539082654357474	3.052388448644348	1.3518915222451011	-1.322163660633467	4.092620544631287	1.3719097506431195	2.264958328361375	2.525778771227352	-0.2086870583642616	0.7050043616789637	1.2721541474943818	1.5695999779678431	2.4138488436935255	-1.8395715670798924	-1.2431983772879673	-2.220742633402291	4.237256205966676	-2.044344734188047	3.064637359584243	-0.728857690162303	0.5130377801937813	-1.8079829469371473	-0.16018569251049358	2.0148132897305593	-0.215789792884708	-5.049046385422213	1.9463930314103255	-3.207793085144829	9.458036582953554	-1.4818394577785243	-0.5770681571085514	-0.05851267168624041	-4.266661792055846	-3.165536270759207	3.6462668382803085	-4.275616083254484	-3.8977377602663332	-1.8158269143138086	-1.1625731098462193	-2.6259978304426914	3.299312586633694	-4.3202646790297266	-0.45772097124265854	0.9739696192385792	3.221263598474368	-1.1973160732186503	0.8905240566590342	0.3652963708647076	-1.565399230702706	1.9759485752801544	0.12294187786277454	0.8737112546435831	-1.8439447759332617	-1.3861580364634372	-1.2583501327158002	0.29235978285513553	-1.6008533683606962	-4.547011584516943	-3.2470317262932795	3.2924516689056773	1.3064305273999635	0.5276156600512167	-1.8357282617597521	1.1442655073017218	-4.284049903056246	0.5644760328497936	-1.608176336377309	-0.5989117090322241	1.7233381435492592	3.521611537410148	1.1123625738439078	2.276186994712807	0.5719143335156371	-0.21714954326993668	-0.11154664732579128	1.5299996515826837	0.8642249029747985	-0.06265517940494914	1.7640322833566258
DTXSID4037611	5.7275286100658	5.175579836449991	2.1714503796854974	1.4537957618556088	-1.3685310635908148	1.6026175303223344	-2.2326160105376363	0.9208990455360748	-0.967923595689902	-1.846383578890584	-0.9762193242281527	0.19147889677727237	-0.5025167296847146	1.2605266129309667	-0.5123865678563309	0.2287920547371086	1.5408572578736954	-0.10135208843134884	1.6510419627592012	-1.0251681390011802	-0.8861412323370125	-0.5340147132184836	0.6243489069792411	1.6504362592808053	-0.7404915435514327	-0.22614952540011624	0.34962736503512626	-0.7247255958954274	-0.020513027569401716	0.2730018113309407	-1.8432617208310362	-1.095648119724448	-0.8087732479128885	0.11910479851440767	1.7440007607476802	-0.5233003474776825	0.8453178021886983	-1.0469058040230088	-0.23354980370667885	-0.3691645857374177	-0.5518346844755029	0.3215362907997229	0.6049312301322926	-0.09282159787394063	-0.025688461602210486	-1.2735858401641975	-0.5503139311916896	-0.9682875621668441	-0.2589588376570071	0.21278535575673885	0.2630083178574444	-0.45106314678129816	0.808934747475821	-0.5753155525290489	-0.8783672828298439	0.8746229235754104	0.09030461313121875	-0.5193675822776809	1.1708906283261677	0.8132926983817481	-1.094849112662321	0.05944709096036973	0.09415809758814343	-0.40420686965641184	0.483577680815854	1.06062828958334	0.13713538422964944	-0.8520154547428153	-0.6878503876292855	-0.4468597322345303	0.8396842865085081	-0.4733865034949974	0.31973398987419094	0.6549359929779959	-1.0394070608810986	-0.41236501251562235	-0.7088774760174774	1.185383309166976	0.16304733118099282	-0.16609319989202853	0.44512415503307756	0.2011459258055782	0.5947642947554844	0.2236240804228995	0.19181647555496587	0.24786341129631792	-1.181325354816263	-1.321932640802677	-0.30445276890028283	-0.1723590270564682	-0.4180094371317327	-0.5463766258879111	1.3258198214985246	0.1631101924681184	-0.5459267969512323	-0.8561780480579961	0.7065302312801144	0.38006573586277637	-0.08245475248889646	-0.295711262603937
DTXSID5026178	-1.4679650600541312	-1.1947918828005124	-5.179150883171822	-2.124080934852769	2.8163458104788193	1.069747448189027	2.3246609709646973	0.47249214255915584	-3.7250188679264085	-1.1467955580901845	-1.5031906120468086	-1.8344393822641993	-3.3660910523890775	-3.6251180196639132	0.6459554923314718	0.8091808385267261	-1.4695406785218061	-1.9140717982833162	-0.13837818983104527	1.2700612139056122	-1.7147202197582945	0.6962154911941936	-0.7503523306761031	-1.165578461894214	-1.0909843524867386	-0.6488773064929275	1.7391144256479456	-2.0432412101079547	0.9630140865332308	0.036326056720588216	-0.5971815754121264	-1.1590954317640298	0.1350316437194336	-1.1622184326622471	1.6139446997778566	0.05028935739207794	-0.5334608359349307	-0.9429530803384698	-0.28150886895320854	0.23852449824711586	0.43191596234564417	1.7533776556097516	-0.49056822835906855	0.8386008058457702	0.6572662182691581	0.536863315086211	-1.3728599415637566	-0.7970295281263005	-0.03165316373163064	0.45893458733266157	0.46954699098223457	-0.484411164221303	0.6592262415415746	0.6661924406999158	-0.7421737969792235	0.6987337640565942	0.34732990979576983	1.2183810902614216	-0.0055411100066919145	1.4961039882103435	-1.5462325710232496	1.2480373122424158	-0.6394958961626923	0.3562701733032596	-0.05883979266716578	-0.3274076584810291	-1.797542227660858	-0.10793454569370335	1.3626977379466867	-0.04695335601982466	1.0395566886621985	0.13770711940648092	0.08269291309621654	1.763181932385352	-0.3190218958435226	-0.24034544680825048	0.6038410864242643	0.16439747717219846	0.7177140800802452	0.47329753311345774	0.6499487929482669	0.001560872438278036	-0.7326739470270318	-1.3794453603019452	0.5615198206491029	0.45994296298871507	-0.6810280579443398	0.6758716086165142	0.9777623606719459	-0.151780093376085	-0.5518264411290839	0.8028070466842454	0.21174009810592856	-0.4602434587596775	-0.07973863281980255	-0.5042648588301639	-0.29766541390651785	-0.9511700330000666	0.43768986953899464	0.19099136217263574
DTXSID8047684	-1.5828102951655294	1.204226498377894	1.3566560196533086	0.1580127784725556	0.3036654154564007	-1.1424280807820364	-1.3605859203380315	-0.14335648870692022	0.33451336696602263	-1.7401132005269973	0.05516394257760605	-0.1705454402884739	-1.2351942953373558	1.4981216130062238	-0.5183729934930179	0.028752178635248923	0.8685878688686707	-0.14110110017615848	-0.12924804021729294	-0.8548018213169177	0.3521645715560158	-0.5130586617178532	1.0445880484135706	0.3666481598649144	0.06781776700617335	0.12440802020594956	-0.3544962207816962	-0.22190187174092132	-0.07550341772333245	-0.28651975856899464	-0.4620880178246949	-0.0014990834047303061	-0.5683157507598596	-0.46185648404501917	-0.4124920711072187	-0.34965001940694407	0.17042282228085104	-0.07401524933056174	-0.3456066145018104	0.3656556804743332	-0.1098106401652329	-0.04811602614062691	0.07027920809804647	0.5749742910069009	-0.46870801499438247	-0.3572774938679388	0.1673583093825688	-0.42460286475718156	-0.1520624965307089	0.2493762789712521	0.03488704617791697	-0.14184226401927577	0.33568351558270687	-0.34554783437651493	-0.10840939496941918	-0.2416967066963436	-0.08765085255008524	-0.15722573893175867	-0.07431961734673817	-0.2796461574607811	0.2837378226495107	0.18046169158049719	0.06386556397676052	0.9977902640968626	-0.03198682395739142	-0.5329656977625085	0.578598476729931	-0.7844017195926918	-0.08412993001684464	-0.08593450665873618	-0.012680092312588261	-0.47565122569826984	0.3476638902120977	0.43258182044157834	-0.049836693026628236	0.24789524451285763	-0.0005124559246304178	0.19482796641135838	0.08588946946534978	-0.19513996378268567	0.5326678053033829	0.012079164585280092	0.26510818814382914	-0.23332235389831377	-0.016141553584949998	-0.02726496039492091	-0.09773881197776782	-0.42984606172637496	0.0020769715869740045	0.053601242612870775	-0.052154855099284234	0.03526641933091876	0.08139842471957354	-0.10061863577154129	0.04322460463113679	0.020760892255064414	-0.2733499367744715	0.056062770514950684	-0.34918835931053105	0.11739189120200658
DTXSID8048993	10.225193614041915	-2.5885758429711703	6.156974666441318	0.22385406734899838	2.3555671156948716	-1.8199059998710616	-0.46817263364761663	-0.5160531406597492	-1.5799892445314312	0.4560226236078658	-0.14878340242693544	0.9295581094552577	-0.15816102576083893	1.465187898729242	-1.1899510469687626	0.5367409741459905	-0.8895228314797278	-0.4359649197629707	-0.06586916827805578	-0.8459434661731157	-0.46399490734591614	-0.17966215857069873	0.8180034070820491	-0.04739315677341878	-1.1316168046677182	0.8840154494000719	0.5438532768829727	0.09992416195180327	0.3412786034580924	0.05588914642087602	0.04526369340914369	-0.6299034579904601	-0.3264122890835025	-0.6903903346937386	1.5065344593103744	0.8729436153070322	0.14693983941964886	0.6026100072143039	0.9149429769634512	0.7974570097849907	-0.15755635383563021	0.5313481198491297	0.22458089475863777	0.20547546921482598	-0.6937394801201746	-0.3335598608918162	-0.5578397926728933	0.2205255936586042	-0.26285829601713684	0.04692796395964856	0.2792516190591609	0.7942305995289337	-0.11229398236210217	0.1383852986661379	0.34823977535163847	-1.2834313344798525	0.9837807648750668	0.03996899736447969	0.3880746202751026	-0.2600263577448664	0.16161816748468855	-0.28258453389621974	-1.0556350418129	-2.0901952093580567	0.3385239293195201	0.6967199146414265	1.640677771300666	-0.004141973996848105	0.8732405710552116	-1.2381981025671422	-0.7411666688998214	-0.643411014007501	-0.2001204262893622	0.08593566049349947	-0.6997284060331028	-0.7567958788073801	0.598721814303604	-1.5288873118651447	-0.32822208285330834	-0.3511122026413817	-1.5916590704083815	-0.3041666751844407	0.11393738374086428	-0.1573767184894474	0.13067755100799475	-0.025774417605073364	0.5798683636806449	0.5203839052251549	-1.3021920941006702	-0.24735670636605403	-0.6793359697139745	1.0754812406841616	0.800971507393449	-0.37743704451854565	0.09315507863376832	-0.9747169034858425	0.010209511443746289	-0.19245046861180948	-2.0348112295048413	0.2709087864264875
DTXSID2046206	4.251778559844021	5.305252931612109	-0.35783439401907785	3.5306522342328948	0.3932341173839785	-2.1777177334247058	1.5070847323232865	1.8119914379551896	2.948161226958132	-2.4143811921374785	1.1478181194464767	0.37237186724679344	-1.2378433849454518	-0.4736093351731235	2.5657839395525546	1.0611724938547464	-1.8967561535089432	0.6861844054156737	-1.0920944939219852	0.14185169517559523	-1.6073991147828608	0.8543136568519123	1.952257115232935	-1.5322771734456042	2.7125926399681415	1.0930440990831003	1.4580464598140113	0.7869033778260124	0.5309458191638337	-2.3027487043893786	1.3367630765970737	-0.6694034073681464	-2.09043021881377	-1.0676526117076126	-0.9148485042997994	1.0902714262204467	1.146085999590563	-0.27995811810445476	8.67795985154877	0.6545080892444913	-0.15201163721188224	-0.4903727809816332	2.7318122659090673	-0.5128033006782287	2.0418726875811153	-1.9621654512063897	-1.6852086620020141	0.05766451879865801	-0.7995919957110669	-1.1432108829343353	-0.03986565429280022	-2.506645536758711	1.297282866817196	0.6422662428556861	-1.8229426856658144	3.604515732271049	1.3060891956486713	0.35025613955032503	1.2512221300942423	-1.5146534564882321	5.456885027293059	-0.7945118071151397	1.6096443002425969	-1.7160965652391664	-4.8578350404817465	-0.8536460264407616	-0.33183326332180363	1.0066576786227919	-1.269924854900859	-1.104934985937727	0.8221142077950062	-1.890812152024653	2.634638782504723	-0.8002570332334359	-1.0318971670062629	0.19491353262825978	0.5092353306389973	0.5512121381364206	0.5656941356955272	0.6645632859290329	0.5746584450686646	-0.07248575954245404	0.07742916264062037	-0.40342338585855236	-0.5727047484707513	-0.21405804984562507	0.027092664941537625	-0.2963397601764452	0.2084423539866985	0.9494890159628872	-0.14917941007051483	1.220161593274593	1.7570986855048707	-0.12058317189291856	-0.5853629302266851	1.4023263797046448	0.8672870027716274	0.30565435791637857	-0.3795770028720245	-0.06405905222992966
DTXSID5022227	-4.978591290894321	-2.163670748129787	0.6755259257650601	-1.5824161236304792	-1.568965328919042	1.0627324999540853	0.9401219226178	2.280042510971763	-0.8090207724958267	0.5598178984757095	-0.27303227212194914	0.12798176488152468	0.12215531294405652	0.452425290991215	1.2484021155973122	0.6458653663397879	-1.3700070727684053	-0.09356080157456022	-0.2492204934826328	-0.6841746635051744	-1.0422533478756837	-0.11055072591082031	0.6514330352454605	-0.0011485263971583498	0.011033125061802375	1.1405394832722264	0.31655517983897796	1.519435623676513	0.10089659687725908	-0.47586494571944793	-0.8724366188054279	-0.1657906659663253	0.5871632713289651	-0.19928843756372402	0.6712729146631957	0.6394558402530607	0.10680298081858605	-0.675777187370391	-0.2899936133294462	0.3408437277440451	0.3987979892535214	-0.5483491077979746	-0.021427061129487987	0.08891005475319709	-0.0138037318814347	-0.0838452842530252	0.2412072740075265	-0.07846376580757135	0.22916310479581928	-0.4365355972571325	0.0036555748505332857	-0.09236883457464608	0.6784961317825946	-0.21704670164575762	0.2657243685473362	-0.42653851062754117	-0.10372987691829952	0.5830928550313135	0.37126520611230945	-0.31792184003499985	-0.15369606468213934	-0.047440831786401946	-0.5782432754584134	0.6607645602002287	-0.4025069540484895	0.4720101344101233	0.7409303887522519	0.022969152690584412	-0.2611913573884103	-0.02654198828459185	0.41143744174309693	-0.10960072924441598	-0.2603394941992829	-0.8493987878643423	-0.6324428629257983	0.9326265394913053	-0.1270590716821054	0.30648534357522994	1.0378964365087013	-0.992485254781881	-0.3768669426736566	0.0578658108195488	-1.0041801943158981	-0.463437942203967	-0.8890164126684043	-0.44899525801417584	0.783174875498229	-0.03246055645994467	-0.2302387177485338	-0.6487313497695382	-0.5404196271372643	-0.4512558416972569	-0.8396117297488249	-0.22453666138602113	0.8173583977776052	-0.21354248760037225	0.5235592723156179	0.03648072097103175	-0.04415422309370144	-0.3323694439990703
DTXSID8048521	18.159880391601003	-0.45778062783436835	3.4645066616511033	2.724961145565262	1.8364584758510882	-5.524725739175034	8.931610512806921	3.9563502886205315	5.238206852277663	-1.830129388888368	-2.447393754774741	2.103598466202274	-0.5017046035548953	0.29886281818402954	10.96184592971515	-3.1575676770249785	-5.636731242641632	-1.747488966570759	0.8542486405460658	8.32264916960755	3.6235568232072377	-0.9768594981638269	3.800631287196025	0.9560870422105409	2.5646202371291755	-1.4894447171891658	-6.186947935536705	-3.058188536082436	-1.9527549189783802	0.19834855374289348	-0.16569052120740987	-0.8819915475062459	-3.6229262315651223	-1.0368137049554675	3.2614745448218794	2.082852773756541	4.1012513177443415	-0.6067184721052065	0.17096996431684805	-0.3093595268422456	-1.4880039323524754	-1.0305700172436272	-1.2793075943947032	1.8778854621658845	-0.1447873576156215	-0.2676036774050133	-0.6864067464267923	1.117489818237233	-0.38671374419655613	0.08920834853837206	0.2428704034110561	2.375951088309601	-0.6374331242359691	1.2009186904528122	2.279290632153619	-2.2029523439995695	0.4070811812433242	1.2799969486006266	-0.5394452838214108	1.1052575702281406	-1.3950101418828618	1.4200539173325226	-3.6885052674289702	5.054077622207412	-1.946496209974562	1.8092724471603634	4.5870138297644525	3.2232887638692014	-0.32800855171774385	-0.05414045086492813	4.222936555051258	0.09079243695911304	2.4218825053341333	-3.75466767517464	0.30052289814893424	-0.737866477895179	-1.1114728501811473	-3.287714641882755	2.163755824662399	3.3395108577518204	-1.8479969396045859	1.9832796407600204	-0.9462824527025931	0.03472853135823113	-0.1290149842769731	0.775377634532114	-0.9498184192605494	1.3212372817165692	-0.0403416904558315	0.01438654407669452	-3.3876534868688046	2.3746411581775635	0.7687029599384996	0.3947508409269223	-1.4031468735252814	-0.5273470794001915	-0.33278504151787125	0.33775229412831437	0.3936771962974857	-2.131850770349128
DTXSID0047797	16.187370265752072	-0.09785333660250174	-2.94663420250176	4.214931222849383	1.0289035171900582	1.6271408180610367	-6.575295111096931	-3.4873951308171027	-4.911315341425899	-1.4726820449171352	-6.185024710572734	-0.5005802092143634	6.502021063643217	1.3040036224056615	-2.675195321661798	0.33461278555783086	-5.645712083103566	-1.0660086727055471	-3.870971562676038	2.873186234247238	1.0701501668114157	1.3724982182113872	2.9442966190923707	-2.0747415196095877	0.8772667460289338	2.2377249263146606	1.7196975831057641	-0.12842098508502325	-1.3670198705427805	0.37992096423463145	-0.36878370373256936	0.7043676947277029	0.5662114582828863	1.512431917960453	0.41564723637007983	-0.622777748307028	-1.2013111896958275	1.2625127613891418	-0.30770671906930275	-0.29273642666892175	0.39326146817213226	-0.6416688878949705	0.22499080202817304	-1.0055663490599283	-0.7072279323244793	-0.10465535360243848	0.3377815291767887	0.24782726538725453	-0.7089147515164521	0.17050927155899248	0.2104897158756152	0.508104173317986	0.34582928750030373	0.4358409817924345	0.33204295914981774	0.14710470699584574	1.6824420077507618	0.6275148477391063	-0.4809646270459789	-1.5225548975814427	0.8695248217567191	-0.012231952329434229	-0.4126877893774741	-0.2726684529018562	0.8317178324860742	0.0925206444679786	0.6235384966315317	0.7858376510836033	0.8139613964260373	0.04722255509834072	-2.5038097662353502	-1.1188643832271332	1.2425061746504744	-1.977659367749734	0.05301051791301903	0.09661170614021736	0.6553568534484562	0.22225313473620908	1.1640650965778916	-1.084092885718667	0.5833913407769057	-1.4434369082878085	0.9359487962059941	0.029226971708403212	-0.6398637236235675	0.056216066072139186	0.49164116722629914	-0.6933389800193109	0.35952971664057587	-1.4511095832297796	-0.38651951034917637	-0.7253661175216363	0.46907919634231193	-1.363225642322722	0.2328848549992239	-1.3399623944700851	-2.252702123818268	-0.6940007541966439	0.2878104769545779	-0.5123158507080527
DTXSID5044522	-2.137317321624103	-1.4101794687762572	0.7201059531069828	-1.0412578230877358	2.5146078425220884	-2.357461207876791	0.28399425318356036	2.842508087181219	3.263542171319423	0.5253528216608067	-1.9316069226101584	-0.8520126603658996	1.1298036217269427	-0.1612812952287723	1.9474578452482434	1.0013343382181725	-1.4202572569446164	1.4581195676138714	-0.5140991820169836	-0.850147526440441	-1.9850480522019316	-0.7877050079984877	-1.6895770826108962	-0.7231890934129171	0.5101383302253935	-0.2857210655045601	-0.8301445379286654	0.24088687498355366	0.3776920820393285	-0.23974963812763153	-0.13328516520224706	-0.25480544351622	-0.9782925558869324	0.02076200768183001	-0.23524982095529734	0.20172271701465255	-0.7188111340806591	-0.20332321967878042	-0.15275311815849374	-0.2872232415729622	-0.36841212683979613	-1.9723137067329894	-0.1432524751179281	-0.9536561576396094	0.5599014327671099	0.20712929377408565	0.0036504333308706844	1.3512684702582378	0.5651191563159251	0.1570483498393622	-0.16295385129639922	0.43607876794767103	0.5913257114284732	-0.26523839073561406	1.6274968243905412	-0.913428218871249	-0.6668144834682151	-0.22148916737006444	1.6896520302537659	0.1386432165549251	-0.5262971332781676	-2.1687602315025183	-0.7822161505322012	0.8193296943494809	-0.4965006925820103	-0.4082491366550754	0.9198847174119242	0.057136246409854985	0.21601365123964913	0.9462496371765076	1.2776239283468418	-1.5834860701659805	1.069622647584476	0.36029200724791643	0.4071763353535533	0.16569259985786364	-0.059773005169079955	-0.9918912882375595	1.0667008911693523	-1.3902005202425647	0.18796821106012318	0.345790345057902	0.7593674360373265	-0.7531191931081992	-0.03070743746853432	0.797549384028892	-0.9448203257384548	-0.20600376741004375	0.4571495984910743	-0.4694760291665371	-0.3796293620540553	-0.3205861147956169	0.861335257793344	-0.5249291089113873	0.17584203363194817	-0.5253237636304586	0.4321383826554881	0.06894763950065518	0.4271175955908151	0.9125829513839866
DTXSID8049046	5.874570664509034	5.969604976295498	-0.5408702207097966	0.7054743037871589	0.034022527645257004	-1.1996252396658846	5.724319554515387	2.72103080131425	-1.4933816690759731	-2.901614996902464	0.15668540670755596	0.040457076218865046	0.6943260488760636	-0.14551062888067767	-0.16609320782002737	-0.31604249346931945	-1.1320921070086307	-0.06696331702638757	-0.9834869716052543	0.020109295641193698	-2.9561415523156795	-0.8807045281710317	-0.49488163763891335	-0.30056665925185005	0.2305479749600413	-0.39423061916269975	-1.2694316105951409	-1.1048973182952075	0.4934457699254491	-1.3261765963490912	-0.10522287093569098	0.3328639467794041	-1.7740765520584354	-0.06562538937263536	1.335065405572989	-1.4658906658767727	0.7265675226593503	1.1808632190809776	0.6588909995488308	-0.017002605574809433	-1.1263705269620397	-0.6637944360787694	0.5737102443887749	0.4412977230622453	0.3755960991148195	-0.03974396004117275	-0.6119853800247148	0.23213900070161964	0.5049623534150329	1.1471716614543928	0.24564123688174253	0.2858309875153155	-0.5619264665221834	-0.5140023400684538	-0.1948519359937579	-0.6302785960035338	0.22988495665730904	-0.23288258210954504	0.922489039152212	0.7959910147707827	0.19729228680731195	0.4633095381253673	-0.3873561190531647	-0.4842902261852356	-0.19903847460609397	0.660520560570409	0.9841765134084987	-1.8049821047820895	1.0280808437003743	1.1358503333353627	0.6187347808086839	-1.0747699611611308	-0.18945349202392112	0.21493296217234417	1.1173322676468698	-0.5821405519618095	-0.22045336740020008	-0.5997551371733393	-0.22791544482771714	-1.4174776475829547	-1.8170572731124341	-0.7132394022908286	0.8983236335634299	0.88352977853148	-1.1701033707274493	0.7177745135335548	0.7487307256164301	-0.3416612167870113	-1.6972621265425616	-1.5179681148035276	-0.08572472089773707	0.0850817544263512	1.1928193092345112	0.18271862904263989	-0.35458268648402325	0.22906693508128656	-0.40207587929989286	-0.7059742217689298	0.045790671092723674	-0.11946311795734116
DTXSID4027153	-5.385977500819988	0.6130923027347586	0.20747496469082694	-0.1874559397610649	-0.9840299297850865	1.9303557175206243	-0.7762246137146468	-0.24925127228748262	0.8789171301603427	-0.46131464323075594	0.31541226485150037	-0.26668726572192303	-0.37031640917293096	-0.8391823968866742	-0.23060911936449258	0.057687136387264346	0.23388334759963225	-0.2501462211897843	-0.25855804776243085	-0.05067426240451307	0.2878706791533742	-0.2327164441889924	-0.03418831172462174	0.29717260923134764	-0.12016204814100206	-0.5353058675768047	0.11338610027316277	0.19825307267825973	0.09209643354721976	0.04840612942808386	0.19135175346919542	0.16471271716107647	0.45854696145612445	-0.4161834612646225	-0.19060823358793347	0.11037235944088059	-0.2635078932381896	-0.321434430933314	0.08499809336479627	0.09379655626638451	0.13580583663736012	0.040206324749269	-0.033634924242746056	0.26476470455386386	-0.28342076452979975	0.2056032949427772	0.08279419473450683	0.15797122785301945	0.035749265809822316	0.10963837032399285	-0.09244551175330133	-0.006357631581149713	0.045433478650310805	0.05635645482212768	0.16834419143846927	-0.022744744436704233	0.1810963808626297	-0.007925376889280158	-0.449712990132643	-0.05390804330478703	-0.14059209480672336	-0.1958511546595197	-0.014708950154293519	0.11571689689625456	-0.13927803423967974	-0.2072583823596455	0.1286332556817797	0.301128735755288	-0.5890175820251188	-0.4407982471066791	0.18973920813621653	0.14122483873740677	-0.15835525734567987	0.12454912993222847	-0.569732900735932	-0.078966930374886	0.1834679543767033	-0.4199010781010296	-0.31070063815192606	0.23109137715341438	-0.2403128657008017	-0.6122303105855473	-0.36583765230766496	-0.6908079248666749	0.19974540144093184	0.4440266861878705	-0.3129081977660789	-0.21060239166040878	-0.16811784733377735	0.04069874251931118	0.02256201018288924	-0.3040140674521395	-0.555097379059843	0.1452851509714361	0.5211200649688872	-0.284644755926693	0.13511499758911316	0.332650343998771	0.19061132744201947	-0.5112242786095957
DTXSID0044604	-0.7853018985431112	-1.4722743271804486	3.553281965211654	-0.9821417246265178	-1.3218090143975612	-0.5538450160835596	0.07586934395641096	-0.5461368215220765	0.4541597884368936	0.4261450693808592	-0.3205267032552968	0.4363514295774585	-0.31324035158788044	0.3074479803959393	0.4170192594920251	-0.3131593457092074	0.13737331450045603	0.3706899069910526	0.7439264389027953	0.02720293482388752	0.3494147518509693	0.055011677836774936	-2.172928416785208	0.22252510113756646	0.15106012775610483	-0.35970049950915556	-0.19887947067071718	0.5190064154797173	0.2652113480924779	-0.39501200201578573	0.29522247337180435	0.7009079334362118	-0.09719557274936462	0.3874216792369104	-0.13300301570108905	0.7877679821740012	-0.3467359945210194	-0.03155497887944494	0.006657064816524242	0.10322168276588185	-0.18253645660001594	-0.47800826908276167	0.3422781727097885	-0.018204637142650658	-0.16392969338096947	-0.09450196093644692	-0.27478944658910565	-0.2035717339890687	0.19463437321295138	0.06800633863595006	-0.0960053903066438	-0.30400322602884267	0.0006270182066685364	-0.22876864923812992	-0.04549194339165349	0.1858718912447783	-0.3968999302258427	-0.28783278046651367	0.3187311729711992	0.07339412810890421	-0.17659767143515218	0.11093369813372123	0.5734250779075615	0.16152553585160676	-0.232451721244541	-0.5105256771911316	0.2643735912072047	-0.2508298597098406	0.15859255640369305	-0.4756969250078126	-0.07204531021861656	0.05204531191225214	-0.41898300750037837	0.4047563009453014	-0.014806566900469385	0.5800743008262695	0.6479894472157944	0.8691570009950103	-0.30127013083074294	0.07890465679865724	-0.00853012502759826	-0.1022986913016188	0.014118295343457777	1.0041352315607235	0.43650312193331353	0.5771334415604807	-0.8431146667836481	-0.3345270771593331	0.14373540144891833	-0.270882568357141	-0.33983544842340196	-1.1105588127615023	-0.4888405040129023	0.32871284691149805	-0.02995871060023627	-0.06252182668901761	-0.5360097699600332	-0.4884310782992751	-0.049586070273600125	-0.18497089533494487
DTXSID7046596	-5.531541754161517	-2.577074623823589	0.13260609197771991	-1.6135331457883557	-1.3775690715786517	0.8545285064812188	0.8205244519633289	1.7410627142663515	-0.5067367502921377	0.5019206975846109	-0.23957051326699866	-0.014364955053457688	-0.13435761899622656	0.580824070260694	1.453950637097576	1.266927354328027	-1.6205633734560605	-0.08771179250223532	-0.4282335261103055	-1.0951985373964648	-0.9374413995253179	-0.0971400735117365	0.5305381765468593	-1.2942146137528894	0.7126250931546341	0.8141653371540921	-0.8093180693711515	2.1420909758469455	-0.3287051182759416	-0.6008737475054245	0.30059343185512394	-0.14071306174435994	0.4770384878204404	0.02843995685338051	0.6098310627009699	0.46532730950398676	0.11702503932696816	-1.4798772957128516	0.13281775384685957	-1.459399154266654	0.7611505656715627	3.401227751513582	-0.15802863334482536	-0.8985946441627771	-2.132008011761605	-3.4823741785696187	2.060648541116966	1.292091631084809	1.0525069361085595	1.327346295574581	0.20660148547691995	1.4259801629559121	-0.6655176828751491	0.876892513041617	0.1052072493311034	1.1332283616359824	-0.8150860430613918	-0.29293842752799004	0.175358531361622	0.16249551285402752	0.15747327932506114	-0.641060179956421	-0.6611228387371495	0.41861838054112305	0.6762708747683784	0.2867660879991503	0.08614578328383002	0.33414158507883135	-0.3523514624545039	-0.1189888862388719	0.9399132351198074	-0.44559362349303927	0.27208856440387624	-0.345479794488002	0.8045437124086531	0.6232487627423848	0.7359391584903933	-0.036752532623487905	0.6508086932434272	-0.5244700171723627	-0.3232736247146448	0.19594552102886134	-0.8180143273872443	-0.6189009333602543	-0.8497679242117234	-0.26975640071861745	0.4704703040584669	-0.28795289700119825	-0.2262737597647498	-0.7764475922012098	-0.5265274722160248	-0.3061832453237221	-0.4633730898876935	0.04254618997595702	0.8235482270006115	-0.12304114377483945	0.2942859039972064	0.1447808691169464	-0.13353677196318914	-0.4267919535816445
DTXSID6021666	0.33016750075452467	-1.1541344689742914	4.378010696764769	-4.724478929298709	0.19547327753365362	-3.723311269490194	-0.7129806122273439	-0.41317924301894227	-0.5238579226604864	0.598066697624299	3.3226590025609624	-0.18803107612151587	3.371327378574565	-2.1117283852608493	-1.2288919122031303	-1.6898476520284929	0.2736353984925871	-0.42464911977800435	0.35174519253956693	0.8783737879462769	-0.21790006221366584	0.9452890958123742	-0.20261944025044912	-0.17890873012467987	-0.23092250761513597	1.0119858039597471	1.0956391151977154	-0.1300067484387613	0.28566092144751365	0.9664453040931059	0.8853803456734141	-0.9123872771674454	-0.4075869753389412	-0.15169176634063897	0.6593058962016541	0.019098552071647814	0.023567714666892482	0.21789522204506695	0.6011240066338345	1.0743536514647023	-0.16596099356819025	0.22374358587272788	-0.7002311428209648	-0.021087933752551972	0.10781185204459662	-0.05992834470109812	0.6090105799990946	-0.5134913654665204	0.14056184372949598	-0.3309671884897709	0.1421040607022258	-0.07284306813569985	-0.11155161225039037	0.007826284038351419	0.08399057101813115	-0.364185878729519	0.032910525626529824	-0.5450954013566605	-0.026657448441623398	-0.08440633403716269	0.07861845861719291	-0.7320036000030202	-0.2947403884607584	0.03746741620879298	0.39296431417485667	0.6417463898467004	-0.769824770950715	0.2838363688815757	-0.09753966723818566	0.044361892190979434	0.8529908847622261	0.11874634412680343	0.21774340533892048	-0.15818074911232574	0.07774284793474259	0.22091600252688937	0.35418407720315115	-0.03363572128515901	0.13290951564479195	-0.19162089878711921	0.22649936089443118	-0.22702845134156371	-0.23379514034019167	-0.18207603815405443	0.33209350211875227	0.0640988025315128	0.0027210701715354147	0.08140321717340558	0.02313588616624659	0.14809168807255774	0.38297826013669894	0.1030558330249014	-0.21866573281269577	0.2908052144834425	-0.08654598072727317	0.34068063599079573	0.0650484306812301	0.3653889845134863	0.20993668229748053	-0.02693906293270334
DTXSID0045543	8.194493545800727	-1.811685010964535	-0.12541454782923547	1.6785637910926072	-2.2829331933066377	-1.906642668670378	0.012179328899077687	1.2393268372697555	1.9870023161192565	-2.142414439314558	0.8613596563179068	1.747559154441224	-1.5439719960787444	0.233454114083584	3.0469688941125126	-0.6066777010760723	-2.018018406417516	-1.863849864416549	0.6758507311869819	3.433539624256365	1.8662442251521782	-0.28558041055471206	1.4515006526394085	1.305753991356356	-1.7428367829993432	0.6276919143128715	-1.7139174622281552	-0.05376307268249144	-0.8359149894590727	-0.5452361103692169	-0.6016816231768246	0.4874863601553766	-1.2046547721183865	0.1474135829790011	0.8746750128241345	-0.19046231121787915	0.552327226426031	-0.36993634528806946	-1.1828465583079089	0.043407698529975176	-0.5642712118783881	0.23072611597798007	0.0534932494083627	0.3227798656349078	0.21301099340205407	-0.8905750023596709	0.4996417185138982	-0.47859544742503124	-0.2899315027649145	-0.06607409026205441	0.16939728081264435	-0.040731056320882954	0.2682955877912967	-0.8217872812890857	-0.8871726294485924	-0.8901183054308044	-0.7750844282040346	-0.11922309611363294	-0.20325614154964453	-0.2369194605952984	0.21619630496582226	0.11229319981389366	0.06923858962237313	0.005574553214234559	-0.09300127941751253	-1.398243436887686	0.16977798141019387	-0.5967788491333104	0.47116368377621737	-0.10403333733593816	-0.5296145329660875	-1.1575466066299733	1.1836431273462902	0.868316946720952	-0.3341197832892445	0.5589964756108524	-0.5366572736769022	-1.1750778092014407	-2.972625707967378	-0.053761505804926966	-0.5904712791183837	0.4341527175290154	-0.1384470957355824	-0.5862572236162802	0.8049879606889868	-5.250166825249478	1.36336780647233	-0.6255074471901666	0.3889604915765822	-1.3299315984795046	0.9217450086288326	-0.17191469739180754	1.7878773554305623	-0.3409496953064066	-0.6157015422144465	-1.3081815512319848	-0.872623636867076	0.024819128070165106	-0.4305217767976915	-0.08145536225515586
DTXSID6045745	11.235039360552145	4.545875660664592	-0.4698840587011267	0.010709971294107537	-2.153535673255333	-4.229431547010423	-0.4716247128173654	3.176522833067907	-1.6844607730485317	-2.7280241238168275	-3.9573547787540417	1.4883931855180166	-0.18411054544937552	7.453718645789622	3.9895375487584444	1.0066052735848294	-2.537327501314676	1.1991854939590043	2.220596594154537	-0.3884469294543921	-0.9829114925092926	-1.2454904731235663	-3.954986826249878	2.1506280285670925	-0.5898118288808104	-1.1225622959436299	3.654252491870952	1.6699305123892367	-0.5537104681222925	1.5832978633814727	-0.444102715363212	-2.1731428091915763	4.75285570912071	3.2576979095821574	1.108318827905977	-1.3176866332295167	0.4468943759067991	-3.4192977995759546	1.8286740001462534	1.3997353050822878	-0.706125956207493	0.45601100060930755	0.5756415752653449	0.042814989013483074	-1.4835667563137043	-0.4721466436298289	-1.1856793075881322	-0.584462805150169	-0.08708584755610776	-1.7307416101460298	0.3928837059143511	-0.42651436969739237	-0.4818777046880529	0.47979443364161084	3.1066747254783706	-1.3408117631920249	0.5025412692943891	1.8151814850502677	2.234771612713936	-1.2469766008699945	-0.17729895266337414	1.2050070243128324	-2.1583795734013114	-4.12548103274523	0.06306288823152092	2.6846223141080676	0.7935910832410616	-0.4178237205448834	1.3213509553910414	-0.6800685821674503	1.9729101530219704	-1.3126854966036972	-1.2972274061305553	-2.027483280445854	1.7758707409871266	-1.4778915649054283	0.17767500193052585	-1.7223277146601985	-0.8020713956931422	0.1875106365812309	1.113287342955566	-0.6845238074257847	-0.49936035568451814	0.44593299514593077	0.08347963362217072	0.7523809607016348	3.070699785076032	3.44887456947906	-0.4976128388786393	-0.5738399865894929	-1.0352126986832482	-0.5850466844727282	0.2996962343390195	-1.1858195584414524	1.511243718224516	0.26273491120616066	-1.2420246702919526	-1.0353736267736955	-0.6408263813097169	0.17904232927600972
DTXSID9041524	-3.9032405103438066	-1.4738113675101434	-2.2892076914108586	1.174181332671914	1.5341297811926327	0.3581698332542296	1.1920423883337652	-2.2554472877046297	-0.6917813510113413	-1.1245709783061464	0.6277897932580412	2.8988036937025763	-0.4365256264356721	-0.8812616966953555	-0.12339053575757283	0.011728844927347168	-0.5738571225556359	-0.5276410654400854	-0.4491391071269221	0.7369882957955214	-1.2731530863942162	-0.32450232008072993	0.16731729743882795	-0.2348467698932804	0.5117311722876116	-1.3181798409230863	-0.4379219542001743	0.5289534740230073	1.0080733742096364	-0.894728937217082	1.156378140077302	-0.21058982711125035	-0.43523724946166453	0.3642528562181462	0.2047125229758834	-0.3789691088798376	0.6804552949373934	0.306362259745023	-0.78883095809987	0.41504911164297387	-0.17470633453226317	-0.6419189881760903	1.0369150071238025	0.3158846957131032	-0.09313019861585362	-0.3122884803586424	-0.08371597346144476	-0.21584852322703346	0.5443248743467459	0.5657574741800137	0.17030574588248384	-0.15790528245653285	-0.1818179766262073	-0.5061197224268735	-0.2996962500244069	-0.019809700689314712	0.2999262460253125	-0.789893764895592	0.5439497936256047	-0.28513072208135987	-0.4381796508812797	-0.5584261025247642	0.8843367716833502	-0.6109535807809735	-0.08506241067324703	0.8130202439750297	0.44250363875734966	-0.15834243635320028	1.1289901619555434	-0.040304792767512906	0.0022021417546216958	0.10421077915032423	-0.20654732844680418	0.024823300583381988	-0.5163944843747112	-0.8295314425470359	0.19120350023712165	0.23554967548156602	-0.9941506268926069	0.9770333111437122	0.5248536643026587	-0.13538185790910426	-1.0094288343850932	-0.33610005931251113	0.3388468114263373	-0.4854320919106156	0.19744091130782354	1.5758469443126895	-0.8967511969744871	-0.998439268912011	-1.3478825117289677	-0.29602591311624055	-0.4005494912965856	-1.0204821096351515	-0.22519019827897058	1.0972062012954042	-0.6102692405227527	-0.2588687234258142	-0.2605464827927312	-0.39284531672859474
DTXSID8021305	-0.9920721511999889	-2.077271984778808	-2.6216352413364525	2.4999106123479726	2.1436936263085653	-0.4774211543535621	4.633184679267925	-0.9796900693310396	-0.11831344641204407	-2.709039539125049	0.3122687227195907	0.021796960870274704	0.42872539294641243	-0.5139043570775592	-0.7549229118625574	0.8577915157493244	-1.0997150041098762	0.8079031413603041	3.06320034252796	-1.5487107900182133	2.518990070582114	1.0591426261262162	0.6171860464985411	0.4481999087078987	0.33048975075987463	1.3871856985102147	0.17167366430672149	-1.4370687784398979	-0.5013067033314765	0.10516367869770844	0.329380694756716	-0.4486537613799187	-0.18600957557507797	-0.15009398279989808	-0.07096917985759019	0.23551469464131825	0.08283208290764285	-0.6980327216096752	-0.4694996234249428	1.0493778549500246	1.0907710599832616	0.10394510709812334	0.2510203566919924	0.10559488667836364	0.01587978644622909	-0.7909442046500649	-0.5436014753904883	0.26373954693939167	-0.2649102304270771	0.0901943375368418	-0.09668710592596547	-0.5285987999070463	0.01774201654296666	-0.3125952080874906	-0.0734242460734927	-0.4049281161616435	0.7848770623330934	0.021940042159497925	0.3052689071731044	0.017972179363440487	0.17724469924000538	0.32812184038735864	-0.5819257761870249	0.05532291439526139	0.3009273971209057	-0.10266204157099273	-0.1483764820843957	0.2979457797515555	0.17313525684683126	-0.3571059755768361	0.38436411657463376	0.38700317307785725	-0.500925080359965	1.0911340713412088	-0.1743410168022297	0.3772449801146086	0.30464211907605365	0.6663353662313669	0.17100914226143554	0.45346296141125053	-0.3729920427671778	-0.17037375613421063	-0.17204783629334391	-0.29845165646543487	0.23465892417847434	-0.21993596480888908	-0.6379366400667202	1.0426648919136843	0.3091232110695064	0.07984020465325413	-0.34641837602588066	0.01237778449270391	-1.0179479944534888	0.0570594718953889	-0.016587419478681607	0.32582019776160653	-0.224856982141115	0.25086932291055075	0.10676461772537839	-0.1795447363895819
DTXSID3023471	3.6082223677371177	0.45882133551504894	-0.14505451675772071	3.1787799732378934	0.08434982215586335	-2.1326002361215326	2.042839112777608	2.2859688984421256	2.7739376760571006	-0.8144926913559605	-0.8968465253650257	0.006865760046589209	-0.34872692371887004	2.2472760958497666	6.005940559408823	0.3350767427045469	-3.20703638147853	0.25144176368421245	-0.4298283840091016	1.6308590100179072	1.35110477572273	-0.7280614173617204	1.796866282413956	1.2583859782400693	-1.5386519683247526	-0.6804396741356541	0.47666767433072527	0.4838213181790187	-1.751471958986221	-1.1890881342136004	-0.7578893082053653	-0.9813929411058171	1.4112590150186763	0.46021390168066084	-0.36554566429572843	-2.391233731320027	-1.9652788310063742	-0.4022677293630847	-0.7593556196662948	1.8134259400333503	0.726887517460979	1.308150181886847	0.31457824120769695	-1.7234003482733493	0.7860364637764714	0.7194835955633924	0.4859481425474477	0.7325745899504781	0.337145012984895	-0.446383876163613	-0.14615401791844612	-0.3011583732014776	0.36455485582220554	0.3845997679879616	0.5558211189281488	0.15493002083468616	0.1705601270066915	1.9637711372102713	-0.7053691796428364	-0.20261907065914936	0.7398662986017652	-1.6869298326188085	-1.4751057246219135	-0.5956127716196826	1.1480271397954946	0.4907889468116649	-0.9931072556580928	-1.839055042993573	-0.7246345734682946	-0.2709658842080406	2.965904306284998	1.7459313705001276	-2.5535857050868946	-1.8378703650893595	0.8549882116993518	-0.6678120574557251	-0.9995736874365426	-0.12490183306240864	1.4226607763055168	0.7930933819339935	1.5198158440537122	0.6490368253222967	0.6808806745224021	0.47772104061914544	-0.18118981583763585	4.3622055807024305	-0.6960573844481013	0.1834631115524884	-1.0319742251172401	1.2490036228577381	0.9434014653348176	0.8833719488031846	-1.443324164216737	-0.3898794381902146	-1.3112733841255912	1.4345289826646683	-1.2057718714370789	0.22278147791109715	0.7531922865805952	-0.39241042631352513
DTXSID1030604	2.1527136980263006	-1.6468947570975778	1.7072140040643657	0.7816927066943977	2.8118700745820955	-0.45738018520973617	-1.9361211336429427	-0.4337614328398489	-2.0338628088511976	-0.4907443727934458	2.7447365033063447	-1.171419770759466	1.4200364199847098	0.606390420303853	0.6450161822866057	-0.2928753921055101	0.9978572249346079	0.9657100420632512	-1.0696253328947474	-0.3120212393529244	0.1897094478838424	-0.6074691059392047	1.3716564663180402	0.10936764092767781	0.3106948259668291	0.23072194897849405	0.6690970193484541	-0.979233523909722	-0.14749895765978085	0.2734624897228188	0.2089189468411263	0.7181295631470652	0.4547142765622144	0.3311117782916228	-1.03611372625887	-0.5919406427746723	0.9518620202766191	-0.7081523986290136	-0.8052972241294273	-0.5015966130665099	0.28025935892151516	-0.4528078610165653	-0.5315933477821341	0.15597399244706817	0.13993169078293582	-0.35031274885743097	0.2650623827800719	-0.4303459593064009	-0.0756373320552735	-0.061041013789928884	-0.19446586284004827	-0.6396403991547261	-0.02735630636896239	-0.1940453709147189	0.16327929905961272	-0.0397638206373215	0.24446868750044462	-0.5826207302956303	-0.4883574407866022	0.27626412298942393	-0.7746759838646611	-0.448348798965799	0.35779174495258603	0.8716850384410629	-0.9871870061313839	-0.29465438422052587	-0.17670323674526936	-0.3941924682108633	-0.5190289628802303	-0.38300302351991705	-0.2521611914595684	-0.5826762721626239	0.8749851836700948	-0.12532990652796994	1.4111705947552038	-0.5653743115802707	0.038865138491671836	-0.6542861298391559	0.2987475286068771	-0.0025456122292128068	0.3914215625803578	0.10158568611055838	-0.1442402261570028	-0.8520171536470389	0.04793446162466703	0.2472690487307538	0.654403473663453	-0.36704944852689375	-0.11160546968864117	0.045826493807390324	0.5954941045901418	0.04333242891481844	-0.29241803508721914	0.296258435661111	0.2627884958251277	0.24674238265705362	0.04847829218775869	0.29677581673665576	-0.0751114026455289	-0.006587710344019194
DTXSID4047919	5.006902851028108	1.6959574316742538	2.1094580163352585	-7.467876282921987	0.26810967036283795	-0.7809000068983889	5.950658754221622	-3.613426701269617	1.6057345429581071	-0.9680290204767976	0.04181750312801237	-0.09645349781737686	1.5266033161743526	-2.6174724615442235	-2.8194910521181615	-2.103166065651286	1.2096335567310716	-1.1628911472273082	-0.6783141014604512	0.8492479763365731	-1.4611685055611026	0.1866068614458425	-0.2274945734788505	0.04009930752385682	-0.9216908576896359	-0.6540215017034119	1.0003825702019407	-1.132823180323669	0.25295491921310026	1.1112550335006892	-0.8023776610672582	0.919726239558538	0.4714301083748264	-0.21324341488547804	1.8137450805297346	0.726189098128806	-0.7934220602802773	0.37416186773775456	1.0167643414391505	-0.01796481463943822	-1.235207858213143	-0.47285194899667443	-0.023523612771221922	0.12443177979559375	0.10075840266161994	0.21240579046496155	1.1391935904420238	0.3181845942469605	-0.5872798086503903	0.16810911165981332	-0.2553927582650104	0.18752980558035037	-0.6883807883233392	0.10588851258941201	-0.12419656010785257	0.9547307033329103	-1.0712058147530206	-0.07080474343591228	-0.6711710577999017	0.5214019906598962	0.4560412283861165	0.2244918398437214	0.41800602295105665	0.30849275043541485	0.06755597760525076	0.7362954142694415	0.10876742261923715	-0.3477496941485608	-0.4285584399708631	-0.6926673527631622	-0.4558531344147047	0.16144053288442659	-0.8475347379200472	-0.23867333168336363	0.18696555052584407	-0.13551144618647157	-1.063677086917694	-0.9759366616997828	-0.6741148914315058	-0.5583775156344452	-0.00398969383405706	-0.6421127220330748	0.7686625496143069	0.7358748261128172	1.4931055244079554	1.156349756043448	-0.5692004820267883	0.13810676831994229	-1.2785922842642414	0.8458394013561799	1.3771487491420644	-0.41696905992093336	-0.21390595269155185	0.36921163991525924	0.4137155341223226	-0.7506185696125838	-0.6908148381198984	0.8784523718087525	0.14171023744784447	-1.3430740029460244
DTXSID4021503	-7.904011626861554	-2.92835286570066	0.31162207070679354	-1.3573185128900183	-1.2268036166591891	2.7045808537746345	0.20851139002405025	1.5727785456214756	-0.4685536185911849	0.04560873030981578	-0.361124654565446	-0.02336245969631867	0.27137358015184293	-0.3534762580451064	-0.008234141205159608	-0.15216448628815482	-0.08049250799013304	-0.39048664705414027	-0.06593336725596943	-0.45044846620159673	-0.0008266377395949871	-0.2686662558053764	0.9728197518532612	0.05504422254914539	-0.4294067884750241	0.3236728002226951	0.1170823908104603	0.8745687084823485	-0.06271605020083329	-0.09028943262861251	-0.040669159011497535	0.40905057536583583	0.805044629339091	-0.2904925030202011	0.44001576764707756	0.05043742580004849	0.2071654288179315	-0.3257419012692322	-0.08364563798735536	0.21982630272383527	-0.08730600818906391	-0.10834534538510347	-0.30393156080255146	0.1490867719076745	-0.3992857703402762	-0.06274842590845839	0.28943151093802494	-0.2613685715579034	0.15117023019753226	-0.10395090779689142	0.12195515260371627	-0.012549627600065406	0.2549360884466757	-0.03705989125847155	0.07539554260429812	0.11897544634683993	0.20441326579362565	0.31856652586249823	-0.11205506790271956	-0.2198101983084649	-0.04236532862713998	0.031062222438591674	0.16869033290514795	0.033252372567840506	-0.4117969926110916	0.3647260145738306	0.40371433767009285	-0.1398447436365506	-0.28253782611360484	0.6413776906549165	0.03750621515680067	0.3448241459766313	-0.24058000430575008	-0.5344411690042855	-0.6899494428503948	0.32110854461950755	-0.6438602990302467	0.17026219600943748	0.053767990506225875	-0.8151680189291497	0.23284878581994145	-0.7364784837942937	-0.779723495851484	-0.3844559369909597	0.11473965964443625	-0.2402970509779815	-0.060569858665095115	-0.08414834594379954	-0.24723684726685785	0.0632522637425952	-0.5388235001334825	0.33315037081334925	-0.06582254076545042	-0.2668309222949297	0.393798154279298	-0.02934380609638599	0.16707963233281775	0.24674122379350447	-0.4162401432180511	-0.35635803393028453
DTXSID6037069	-3.87730618065422	-3.7380076611691013	-1.2679448357559946	-0.49170954317090043	0.6595913583997405	0.19761873659200066	-1.260382857773207	0.23055644531220254	-1.8308902398738525	1.520492806128778	2.3529339875719915	-1.4126415047367136	1.5996819801764706	0.5252782767227573	0.9085830759918665	-1.1080468230660023	0.6717650867257563	0.28163059141799335	0.23102474876653786	-0.7816903945880258	-0.10449735551786048	0.012595490495102496	1.0604914860315169	-1.3932707847108203	0.5066116346207123	0.2551477385840914	-1.3798596839663706	0.4219437468410646	-0.7790703779114537	-0.06693352217730317	0.59839831318853	0.36984353399672426	0.40400810416358174	1.0597765933089267	0.1745053765206873	-0.5220977747392592	0.9374470456530375	-1.1471043195708743	0.3780776485821081	-1.4713649065976526	0.3437774865144044	3.5359205007041776	-0.7712477136132508	-1.1136097985197422	-2.6536446701880045	-3.406856013658175	2.0037176665414558	0.7694651316425093	0.8923024458684338	1.4985600429618657	0.17390017393654125	1.195590259743424	-1.2893349992510414	0.8709202860788816	-0.11800625160792058	1.6124388402448624	-0.3341341341255788	-1.2023075397526009	-0.6105120551205415	0.2560017863558527	0.16863771975268568	-0.6482803498940402	0.24113806077327554	-0.052726731071847624	0.6964635821332613	0.14634619817947292	-1.0696744182607738	0.29054814473166185	-0.8159421437066299	-0.4404414761321118	1.074628074173626	-0.21097317888614603	0.5173601870757782	-0.26018778003169213	0.9387360160714407	-0.5426308280646078	0.5976951086002426	-0.6154007533199676	0.6486911688205007	-1.0259709388112366	-0.39278701811857536	-0.24631315774418855	-0.23197149657984065	-0.09294845386093198	-0.009103214555742027	-0.01936110584389589	-0.3097890244552398	-0.30518435788378107	0.09167390603583343	-0.09676314824916646	-0.18537591844141338	0.008693010554227602	0.4838677934010954	0.46184126825331634	0.6004970007433735	0.2193046159003284	-0.20074240781086708	-0.31864760676440756	0.26829897834000566	0.06906111443183444
DTXSID2020927	6.835630765021824	0.27737341113877667	3.3040483673431797	-7.826969376353965	-3.441021746802586	-2.894582992951524	2.234919914142688	4.8483713786192295	-2.9337761551256887	1.8757689201951748	-0.849726749371683	0.9349145806012791	0.31553022168792955	-1.3241477122917256	0.5166398751106186	1.0577814356555841	-2.651735679925958	-0.8176244673580462	-1.6684289455263952	-2.372504193191495	-1.3256766818746186	1.9381241011267318	0.7851596694827763	0.18847550313974581	1.2593325235347874	-3.837275170940847	0.47805346791064135	1.8530653061724238	-1.4235596350814053	6.5975157626183725	-0.2042039687570616	3.141626404804715	-3.2243326631459177	-0.9977513625853488	0.5467353490474178	-1.793337844604384	1.4052135009096405	1.5867351517857096	-0.13039315385098182	0.9915058942938832	1.9366519928210542	-0.7020503976529892	-0.3262817739980716	-1.0435903122189634	0.4558063285114304	-0.3978649873349421	-0.6679520130478129	0.5874284539279707	0.4369573321757076	-0.02208991166827156	0.03834551569374028	-0.5134778353745559	0.44355866094332747	-0.7059830878049591	-0.19610394329465816	-0.8318496351494342	-0.6401296553863741	0.4461507090649029	1.3522411274732842	-0.7363126892416434	0.4925077383130994	1.1238558425453082	-1.8335812796784567	-0.39182344646275763	1.527985769575427	-2.4566084702473234	0.08893460642839414	-0.18947187796867312	-4.97376372533943	1.2440896460022155	-1.0494609378984923	1.5868381449328057	4.471462586715922	1.1547222229626612	-0.9208220959873399	-3.7120747386923982	2.042173322222634	1.5144072936449349	0.9297520073886297	-1.015804061601139	0.6013901781381891	1.3509098942649482	0.1460289786871268	3.0209596141424644	0.7261443453303605	-0.05705594513187554	0.06567222624574132	1.7259063621144217	-0.8504141253843166	1.0131499838244373	-0.11667189619543829	-0.6135129247856331	0.09867649814732983	1.0752595588645453	-0.8942631520151902	-0.2923481439784389	-0.5111488886956133	-0.7258207788236325	0.04098573602224301	1.051891245679246
DTXSID9025455	-4.892893768761294	-3.133616274682192	1.3347393039603423	-0.11952898268514398	0.0544266956037888	-0.3061587969060827	0.4161580694498174	-0.9953425736395988	-0.3263371698580563	-0.08803817505564161	-0.6413670183857321	0.4173860545715155	0.03835273537558843	0.31449023165101186	0.44012020648288336	0.2134651351259351	0.5851553578732525	0.14404597914278458	-0.22194861483526748	-0.6169416949869425	-0.2684554669116018	-0.2983267734370903	0.5158838253402785	-0.052529064220993585	-0.21174483092539767	-0.05144300073166767	-0.13616943007423965	0.29930376396280045	0.08836407722429147	-0.1835248771712554	0.12105005049190003	0.6300694052989905	0.4005104725784829	-0.04265699882287412	-0.2551564523922499	-0.0031921819908872283	0.6286471727677609	-0.29773013716378793	-0.13926801644544254	0.06809957773206562	-0.2797327042966608	-0.19184723351383132	-0.6130476788943185	-0.41835668629448736	-0.3135173569144468	0.1148444349839967	0.17489581019385717	0.22282805285511706	0.13415130025957592	0.002645801802428614	0.02999017671369686	0.1741133486603053	-0.03012248260260771	0.03314460210831637	0.08215993633715565	0.15697120308798834	0.20326919862173173	0.11776718939410663	-0.14053479862365065	0.14093799424273307	0.014966015189550957	-0.019111163188694085	0.4718749141087964	-0.08752029867176352	-0.2729651963308915	0.13772334094315936	0.16177757927042166	-0.4643768060069139	-0.21395970527203817	0.7095735199539497	0.14850958174826076	0.31915279010604936	0.056003761899220954	-0.4114677315990995	-0.8846314774924515	0.4020175981689323	-0.5727635607274095	0.4776231399497923	0.2093762453523566	-0.11851865888876777	0.8604907337764147	-0.35322145943605815	-0.17742009650036705	-0.3945435908856731	-0.11177698614096948	-0.82739084731701	-0.27125954306542915	0.4779158327446014	-0.5442891470429301	0.30201955937974995	-1.022191387573725	0.23187707916504224	-0.09376381576984653	-0.009620448077692759	0.3237886830051055	0.058346856892721434	0.25941570695900906	0.32315695594382776	-0.22614355624698737	-0.550425564215148
DTXSID2044397	-4.952636143020722	-3.623462960822585	-2.0197899489035946	-3.9359166886486374	0.5363069666797721	3.461581446992824	-0.3782743192488028	-1.8249349539419575	1.8245835489603885	-0.058330407110095295	-0.04413201531722726	-0.4118419245899056	0.16989892287557706	0.25100033925611864	-0.28484657668973334	0.8990839426795142	0.12100288397351852	0.33426693377733213	0.26827333685444593	0.005877289381097096	0.3279572341897547	0.1850425981923376	-0.48851886389453314	-0.530320243477737	0.771021249616399	0.10885343985055479	-0.3818516845545775	0.2510742066807592	0.27576495185129485	-0.33486613895620787	0.7323118416818714	0.010791335867494284	-0.41236343522739344	-0.29002707768416036	0.41111144406536343	-0.36613096623490393	0.6644031400521532	-0.20357393416795272	0.17806603951936914	0.326651629378495	-0.10430442982525054	0.1479083021091256	-0.09231089466760109	-0.20052483236981267	-0.04438890888520539	0.008510453390976485	-0.016445761381996493	-0.13440052138635245	0.12960504612353285	0.1645115085470496	0.06468149052821803	-0.09406003500409227	-0.2872045637514639	0.03877686620482802	-0.07831747633877298	-0.1016977866357733	0.0793348638179937	-0.2436334010890656	0.05680556376991819	0.16963127302964698	0.009401603279689539	0.09348066618726833	0.4510453164521325	0.11400709345077054	-0.3098580144685565	0.532978075569032	0.13210539420801498	-0.6735650921688161	-0.20174699685677822	0.022610349668300396	0.2281281415645274	0.3702191928479263	-0.10925887795946765	-0.09244011356386503	-0.3330431126260918	-0.34514900959048456	-0.45037148366804985	-0.2557153258446739	0.30021450295963953	0.1922785480955776	0.42106243843572627	-0.35715119310005283	0.45618448891705277	-0.2829235930187859	0.6879873271801911	0.16259461158593688	-0.3212050326024458	0.6243530496534849	0.21338847207777545	0.8583169185530185	0.6314314109924847	-1.2483731154842683	0.27726191531314215	-0.03817473799624688	-0.14263636479602776	-0.7947528720613874	0.13514058978453933	0.10178475884748969	-0.390389688250313	0.09089681263219143
DTXSID9022813	-3.6657687004908928	1.2218714141010518	-2.3630719209685616	2.9939713211911	0.4045330872536031	1.1233325643760586	3.217110162932815	0.22171673448735288	-2.06750700411884	-2.653070901818075	0.8418533730550798	-1.2004049945029787	0.5846836559848791	-0.5113133885757343	-2.4680879537353793	0.9251929070372581	-1.0820821646472571	0.9286857179278477	3.7048937194258293	-2.094712858920576	4.104408498142297	-0.10579701623420106	0.3331830876698404	1.9000166832402847	-1.4146715682194084	1.0746502755311997	-0.5395177034230069	-1.439348024145297	-0.8283812906615384	0.14259813151971104	2.299998831475853	-0.8717248240617618	0.5234320903225506	1.1838667351113756	-3.3593945036393564	-1.4768291982474946	4.769781549292414	2.4640717320377434	0.9517117328642855	2.3588883417780147	0.15143363487016864	-0.0666731140295141	-3.118413226484223	-2.9587558251562913	-1.8983206693768888	4.528975809945983	3.52561235921138	3.647054175846912	7.9015680529639	-0.41477491650488635	1.8427886999219032	-5.300605243950042	7.44328893304098	7.206374212396202	-3.422797973711002	1.5356174763492176	-5.988536728081201	1.1269852111195384	1.6126943918404122	-0.4556351191898256	-0.20941437622325418	0.3226251385731544	-1.10003659049183	1.3678001801919795	0.5566011532524414	1.8175121106121972	1.981802304299259	2.1422185483240708	2.3717489087615546	-2.62762898298987	-2.8001308841661614	0.5525429221675788	0.3775163183203694	1.39596747399885	-0.5378161764174556	-0.08882687479724263	0.7905225789062265	-1.3774486836235345	-1.1345217095108704	0.5364850833098375	-0.029320362893117232	-0.138479154682377	0.4392059060869302	0.33485823209975857	0.20961426824717602	0.20263784938973914	-0.5010445589438485	-0.30190465418589557	-0.6768050181807405	-0.2914331521192379	-0.3670220173496581	0.2268623405830404	-0.26053860983109695	-0.01382192417271634	0.47871406664798566	-0.3907905150265598	0.10865462248795749	-0.10792237721205677	0.413179363194335	-0.016048826232893214
DTXSID0023088	-0.3357117023208274	-7.2606758624558365	-4.119252117595013	0.679679968416631	-2.4520214981690924	-1.286521286866098	-2.9605021464260637	-0.6057939988013095	-0.3200327373831243	0.404159810161742	0.6850605965114364	0.01198496001087877	1.2175564298460335	-0.2979116933811806	-2.4121764381522346	1.7526357401447468	-0.22642752802436086	0.8521031460721072	-2.3394907147231807	-1.6279880843479695	-0.4131710462938755	-1.249186669991092	0.594092445684237	-0.3296249561666878	-2.5849124627019924	-0.18861734345415387	-0.6293295981989524	0.7813126190791637	0.026779966327655075	-1.0146865255133137	-0.2534895360225872	0.39123965884490236	-0.11555578530737844	-0.30345740299993196	0.2506007453174486	-0.6079276355342217	1.8803062279138811	-0.19425877960229876	0.8353159968551206	-0.9789134683619289	-1.5197937507870753	0.7360677291228952	0.8932202325721483	1.9868186973365043	2.663880934459231	0.4817883698760103	-1.9147052029896878	1.4464405472865232	1.06663377635889	-0.9744760696681334	-0.2037518287341909	1.5730810095829628	-1.5760783880036366	0.056098536355302646	-0.48319542454084646	-0.7195965572689227	-1.5826390139214523	0.9330278036556473	-0.2641725990054855	0.19808509154634255	-1.1174002157408374	-0.7117671700246917	0.2671071253421838	-0.21496229364884717	0.5805279509021604	0.6178374286384358	-0.3437321036351203	2.0556858439764114	-0.2372906826137721	-0.8189195114245857	-0.5810181015160348	0.4743979116751999	-0.10464630210719089	-0.0855325046081442	-0.2956341895353364	0.1623273825727114	-0.5938114512310321	0.2006824847684412	0.23739240626123898	0.11881537555990686	-0.13926910731013395	0.9097882597961793	0.4465302964129328	0.2843676925570289	0.19478714020388832	0.045171185237555075	0.5928350383814276	-0.287459463923608	-0.06574399499198705	0.36872051472857653	0.10746066267002044	0.10308944852232992	0.5794011821449524	0.48075362052010473	-0.5430533243254585	0.4232085124119786	0.014528418941894732	-0.31593571778054297	-0.1880760382140067	0.959595701811424
DTXSID5020861	-4.197743294777451	0.7272915123172039	-1.468473599090582	1.992430260145537	-2.8475341300341044	1.0840201543122618	-4.331614690740178	-5.216618961843133	-2.5702662596401296	-1.1708902339589211	-7.325021034647523	-0.845436931659732	8.26411672971527	-0.33965344085348914	0.7455843538228902	-0.9545992374049513	-2.857759118523683	-0.35606969057670707	-1.113694073635539	1.299349570768776	0.5345038061438047	1.4406137127401986	0.6495320856902711	-1.0447258756523685	1.7323378246576593	0.2794768602721194	0.3438779425645399	0.23658980288966794	-0.5792410760511845	-0.24183701954398312	-0.9910092602746539	0.267707086367179	0.08196455370258887	0.6818027246202204	-0.2363273460022223	-0.48571994904601135	-1.6677801925603035	0.38099406716790996	-0.16367817740573326	-0.0021538017278903148	-0.36189983261863656	0.006497676312081235	0.17157073944713366	0.072874225140488	0.2879658791888157	-0.15475985185336533	0.5447670433253201	-0.5127206443494073	-0.2560054712177441	0.258731295672947	0.1304197206865773	-0.4640320682156956	0.6723414338315115	0.09585969275988836	0.1287803160689795	0.20075460493232378	0.06786120765692275	-0.0762122387647693	0.12440343155741551	-0.4851752974233366	0.5715139941715979	0.09097515088488975	-0.09668021806380842	0.8712709683997959	0.4948466837944334	-0.43047366059594566	0.3500305137053025	0.0071547836141760135	0.6472737689318884	-0.040904998726924095	-0.3862309367104088	-0.4900409082074953	0.5291333982737227	-0.22114569110104285	-0.12142759309105511	0.10562105898038139	0.3478143114185359	-0.08577642550790632	-0.40007229423221513	0.6677432150653165	1.1339536490620037	-0.01520720602917531	-0.13826388277902238	-0.12255794927295721	0.05731990054868894	0.27078767242517837	0.6740784963145201	0.043498552394331716	0.6426804771232784	-0.2235566319738398	-0.8793051869893469	-0.5822321151937555	0.1047954696488237	-0.3329224977104113	0.013675453245068908	-0.06528231427237542	-0.6429176886270292	-0.5248785670164287	-0.12483611672426558	-0.006850897629952985
DTXSID7023221	0.07717060605428583	1.2843615528978793	-0.7119703747509407	1.4991047103424495	-1.8691509966969975	1.2474685475289975	1.037998521410841	3.0748027349534244	-0.7388161010445462	-0.8800468132209679	-1.247405565168846	0.632577975146782	0.7697740873471745	1.5085068826252992	1.9429242694254572	0.9370754896747812	2.6714732652723643	-0.48825505904050426	-1.4701728814946207	-1.225668108504192	1.5285398545654627	5.9529614279786065	1.0401546777896777	1.814085126268906	-1.2032857991283024	-0.3966105819159741	1.4942151651811593	-1.4797460123902422	1.4271064005788663	-0.6932482504428644	1.3991061409306553	-3.2579592113007987	1.5255115161239172	0.8788997725783125	-0.416174610582445	0.19195170237521733	0.13179685259712273	0.9591044623034664	2.043290971740869	-1.7447940559164148	-1.287783982561633	-3.060672177722084	1.606290484649663	-3.659992372198768	-1.587104052103758	-1.0146777708799362	-0.7498729617931824	-1.2291628300291806	1.1317720140203682	-2.126738234652078	0.6551667118027545	2.560318977721363	-1.2517646759406906	-0.3266554251239055	-2.4924445889836413	-0.4169418134301352	-0.7623490117915015	-1.8112198338383	-1.2788707785611964	1.0610329920697843	-2.760646583044829	0.17522718195025064	-0.9834022315510501	0.031243476041349562	0.2038189438546659	-0.6398711488316224	-0.3549696437350387	-0.657371221288582	0.6505829032102568	1.0025843985442142	-0.07395204723872932	1.864794570518728	0.892352607974254	-0.060371572274387955	0.6826608199712604	0.19680546818969444	-0.4221223993350265	0.3500049333459464	-0.15839347941668178	0.6371560453762349	0.28399817416801376	0.3190926048551379	-0.2955379031303098	0.41603964462384635	-0.2581914199758447	0.47870931355329427	0.8833227218030256	0.731731803149535	0.8552880057154733	-0.6801272220975143	0.1436599455313549	-0.46150297434668813	0.2061036774628553	0.17445353437428368	0.4524099680906955	-0.18451657617399708	-0.3810019988270695	0.23638856282908388	0.008991523806803254	0.17832433017832083
DTXSID6048678	-2.872318691936544	-4.5362486471151175	-3.8094426435219564	0.6577774245139951	3.3544667478722614	-2.0865134475449616	-2.7246739159791917	0.7434211919728045	-1.0491234223889054	3.5373681432272157	1.5788378974035253	-2.4526507920227654	1.1841993473955958	0.029207817117352774	-0.36547563360995267	-2.5318362249385795	0.49978004455971453	-0.40327792234231224	0.32309858852591417	0.4692895143752559	-1.193511004771665	0.5482690686647084	0.5713750571231836	0.6341210651347664	-1.4554342950408279	0.39894437735561167	-0.8780983259957903	-1.1674287062928392	-1.230591779710563	-0.3117503563496635	-0.5093525949400098	0.637452353248174	-1.9488484177421022	3.6152175264284	1.0112931187864669	-2.4646004852382797	-1.349138359361579	-0.9074204749686108	2.1348727433206327	-0.6178788081078154	1.1477330838247515	-1.2123589337884246	-2.020408613376527	0.7569612825496375	-1.3354811294053504	-0.35450866333183095	-0.9690828769865197	0.2941875796901322	0.4160490998551758	1.2361479464813006	0.7332840862958431	0.7838623274649867	0.22415583191609503	0.5511040960431185	0.6798251598208299	0.5200706984131704	0.4658234614666308	0.40298207175604317	1.1247424058970856	-0.40687939849631555	-0.20394992114237764	1.9375513564110844	1.1547172428880523	-0.1180345345820818	-1.066825517048524	1.1641182207694434	-1.499045413430769	-0.7335266785166578	-0.7594256087331565	0.04762955615918558	-0.5872237635012388	1.5612200494759658	-0.46284281298112634	-0.2147698215837693	-0.3243906736833738	0.37782138788168734	0.6686710554801639	0.12034642255493327	-0.06522907720708175	0.2533881621949021	-0.4853484947081267	-0.14940633285046853	-0.3978554752524519	-0.11882455328003347	0.13581943757126183	-0.46078105844185885	0.29485297246129755	-0.2587032463508578	-0.49274127988087063	0.09833854957609324	-0.018140313727734676	-0.08692572489432707	0.12510501193880028	-0.1966488810371547	0.5071562340928786	-0.34343970541285124	-0.0010930047598840995	0.14107255909668856	0.11014472197962774	-0.18512397392392987
DTXSID9045053	-0.8805131562543387	-2.0080991224561155	2.531039212238981	-4.19325920354909	-3.195340153740433	-3.2096524114803615	0.9369592302706861	0.8924156755741427	1.5592497314203595	0.2761440828240935	0.6667852850099432	1.2301011935333226	-0.36566927466310023	0.6578464538792589	3.8859748080122753	0.7731140036597794	-4.437381595475194	-0.4559941281017394	-0.24433351213000015	3.565924019738197	2.200206485939085	-0.49306573806797266	-3.2443602795863393	0.9283946368416276	-4.074093667029133	-0.7644859847695646	-0.3538595865514755	2.8020190154571014	-1.962018903787911	-0.5639656947544719	-0.09271904281463536	1.2800548205338944	1.1424015295317973	3.041377923437646	-0.3605329457252024	0.004505114648548117	-1.7576763620987899	-0.37241440000159637	-0.8712656508437088	0.12195220343640213	-1.569075550320558	-0.5383586773451212	1.1616003616520343	-1.1694971247787131	0.5122081636012925	-0.7227572418916087	-0.5880091278691786	-0.14273324474286458	-0.0455465988394324	-0.2222992058445579	-0.37497604006615515	-0.44843277921089136	0.5580583768122769	-1.2863725627832827	-1.5735553052795872	1.5833787955682697	-0.3205262254725392	-0.2526784102264874	-0.2382180248131576	-0.5383580352719379	0.4327733592835237	-2.2806585684719227	1.7918291205551935	-0.34667283071761174	0.6465286146016871	-0.008858947609367207	-0.9098583223518544	-0.42210098853557093	0.21143593640294092	0.26840686875878017	-3.3646363362630467	-1.9611764400483866	0.259899125046882	4.421773687102032	-0.25084700300719553	1.039928186841905	-0.07475531571698525	0.8837254896375489	-2.4488393577807543	-1.607542009484557	-3.5766005988689815	-0.09918039861711389	-0.6007457569346861	-2.0317132934930564	-0.5709589810685866	-3.2833028361932857	1.9818821093333139	0.10161285073986188	2.014363302654938	-2.829479912521247	0.9550378289264764	-0.1572636965647514	-0.9774674407171312	0.30344261660267713	0.23912757746210395	-0.5272321411707077	-0.18286042736141878	-0.6738929466592392	0.06363011551147299	-0.6522953575353576
DTXSID2047939	-0.06628520407638464	-2.079516953593376	1.3015247775310304	-0.9191811698528102	-1.8881741911769025	-1.9606588660372426	3.2493521268554453	-0.31702802552046305	1.067745476765579	-0.07969818490146578	-0.20612770595947155	2.8118311016349535	1.0358051288200416	0.6286570095435138	5.346725311608759	2.4880622951671567	1.6778427669478697	-4.233555503687541	-1.1295831686056912	5.685149180270315	2.0729792999325647	1.672942362418996	-0.6457679360421978	2.030012625191211	-4.163238330513394	0.47955706532942405	-2.211496416676016	0.9717917706706736	-3.042729667581249	0.02366453690821106	1.6845134581524717	0.37775697407121345	1.216806630300482	1.4796589278551178	0.2096398220727644	-0.6437567652325582	0.1089129231851297	0.8567390921395486	-1.012057199664358	-0.3499948737459703	-0.13391714052073203	-1.051470753095176	-0.677345800501969	-0.5653507524147929	0.7621099930294217	-1.7793841147271607	0.2687815244261641	-0.7803757827344908	0.056765674267341915	-0.8122648849254466	0.24923412585762506	-0.09241345873862573	-0.4869716561740048	-0.5652519189436459	-1.371141628487873	0.5563393437265836	-0.010770344187220409	-0.47816859996632166	1.582300353122882	-0.6161352992009443	0.9321960429677245	-1.4720665576532275	-0.47614472164437754	0.23097313286862742	-0.19572459707322426	-0.16832359402073718	-0.39818716792267006	0.5687340629149589	0.05652360199340509	1.0213970457800898	-2.742855605207008	-1.7317022494197045	-0.2915847096735571	0.6860259716491939	-0.2925464622453447	0.767946053769975	-0.5377435665666767	0.7392624990465175	2.2172063786287426	-0.7191484914231715	-1.3209789914450214	1.2781290950584545	0.9673315478929867	-0.720830806040296	-1.3546089240588859	1.4457312623786727	-0.29019918566718517	0.11750743523060164	-0.20568764607520398	0.17689356870469217	-0.413974732230907	0.7092411801645939	-0.06091101553617255	0.005684041622703677	-0.27160983081377055	-0.46301042228403705	-2.2796799066469235	2.1671727392308644	0.3520302648981678	2.0640487095381266
DTXSID3045859	4.979116310256871	1.6957131655424553	4.24781982712005	-0.870057041439389	-0.4290357638385512	-1.5862064237436235	0.5462362662215787	1.3043583318733094	0.10799841006040242	-0.2811388694300622	-0.013383653448088109	0.3278013215225674	-0.8332204584720557	1.0384158998960091	1.614603703804671	0.4511176661033016	-0.7991508255169546	-0.06095967336245945	0.2214383823406401	-1.4759410983601062	-0.5521165177695846	-0.11013180241202837	1.394281113272343	0.020474388855359	-0.5409051804095079	1.0910154607110425	0.0028482141073132698	0.6571070274267938	-0.12584764585986533	-1.977009465132091	-1.7234772704814567	0.21874977057837935	0.47149258613034306	0.10052552333023257	0.1480976767283063	-0.90239780479614	-1.0251678543581866	0.27502186491288694	-1.1489397211481147	1.0770421484954487	0.7797049098625746	0.5948876636778242	0.6134490809389315	-0.9786326020577636	-0.08724617988037311	0.18928376483474404	-0.4647612255816348	0.1211222895363158	0.360279969251004	-0.4573253322677128	-0.15495800741670007	-0.19414492149134188	0.6307973530844588	-0.11533191440249609	-0.27383675195455764	0.4213900199419504	0.30758738496145777	1.631966797046362	-0.380584274679138	-0.6039259469287	-0.13579628415182454	-0.675362413297346	-0.27202598239393516	-0.5044404140772258	0.47477765431923785	0.07414153865242161	-0.37981590830141504	-1.0955037238658722	0.5188934118254498	-0.34196155669843725	1.7881116326319826	0.5582993468503442	-0.6452470619393187	-1.3741951383179256	-1.092175100055885	0.0013842522810330459	0.38703751463981567	-0.16341561681613945	0.11840605627754114	0.34587673814010406	0.42776608025111384	0.2547993098349019	-0.06284486197371758	0.6890135418208196	0.32504618672486874	0.48378213331727576	0.20500115260306212	0.6822279533394434	-0.6003650298684472	0.6590241987247328	0.3007932452163117	0.010563954531252329	-0.05975870412804491	-0.025871959850219502	0.3736869532342517	-0.22919483840369642	0.23520303727647818	0.27745427038319664	-0.27855635072830387	0.0603691560229439
DTXSID0024979	-3.5989662151831774	0.3278028083972895	-1.1953589694216646	-0.6473712873652165	-0.23827171477025316	1.9875309822031781	-2.023120265992751	1.9083717090347148	-2.04726804663703	-0.9369617718383001	2.952958412194552	-0.828112143333145	1.3928273793771122	-1.0830868164903185	0.5359326589008455	-1.9916740371138757	1.1850220030344545	-0.1124625666517222	-0.2791290867658529	0.3184054836314057	1.1629785550634253	-0.3591707776133191	-0.6327821890867344	1.0518440481540885	-0.8041691620865767	-0.8018272352454657	-0.33092261279723156	-0.2176741367593679	0.26354864542494655	-0.286264608988965	0.16128428263724506	0.30780799300827416	-0.010049561169500692	-1.3570370867017971	-0.47435272917169885	1.4889922670534748	-1.079143402717004	0.41383094417922484	-0.720285781230759	-0.2190769934710257	0.0749897922941023	-0.12941295158277383	1.1831290450566188	-0.7049137306916562	-0.19646403421480582	-0.13682003273097695	-0.8885669513163985	0.7163126391543976	-0.23158543066084372	-0.08982632151722299	0.11163237637721651	0.6791555669499167	0.05597008187750227	0.4158219435503432	-0.025360285561847253	0.47723070419694635	-0.15758611557252736	0.9684211577205006	0.5936243368498468	0.19147423391712032	1.1120274641021966	0.9173576410368853	-0.5300357082911462	-0.29982882327100263	0.3778763969328939	0.4150029114601676	0.32772809398444885	-0.2222420902731581	0.49539655996965937	0.13112175705858994	-0.07406295132004038	0.09861151939111075	0.1225832523165666	0.17296368684915603	0.12895275156576813	-0.17868797516128526	0.43058754313684455	0.017986805007255097	0.13599845781833036	0.25257440925656	0.034185750581153355	0.19097345773737504	0.3056931934089269	0.18665807417632155	-0.18898677532288605	0.18983958890664665	-0.06890552790279708	-0.24396264122816047	0.20301045129208695	-0.31974343686228707	0.12090656406755372	-0.39430236415092895	0.06645849834244096	0.004408288825148927	-0.0675311732660761	-0.5080775249182518	-0.030281210597767824	0.01895376115181719	-0.09338286719595959	-0.3054122231815253
DTXSID2047511	2.7672804925776084	-0.37141462808763287	6.328092329894899	-6.122348063918354	-0.21530568670560457	-4.824589921285918	0.1911013090090259	-0.18600626654376673	0.4269512262037445	-0.027429139389104875	0.30781184376390175	1.2094334739363366	1.6192988893700107	-1.133906956045549	-3.6102706946435696	-1.162416695075167	-0.22617949748172295	-1.625497272760104	0.6168448178556125	0.7941569370548922	-0.050261650637169066	0.876802415876825	0.10252018772914863	-0.14844209321335622	-0.7618669734659127	0.5663401240591686	0.6035557429500888	0.26793965420136096	0.471086982529422	0.7389851001031394	0.9076625256508899	-1.3151459145856312	-0.557047240456729	-0.6361947750672613	0.5497747562105507	0.4011132005800068	-0.4211684573700342	0.43658973586653754	0.146775587718307	0.9240944386465078	-0.011672989839258921	0.2266804542099142	-0.17396586584237977	0.06742833496689075	0.016403438281660757	-0.16651772896841233	0.45016825348583156	-0.35013887279565703	0.028093490001080294	-0.3177053004324877	0.14870251129180956	-0.010512029762481908	-0.04628348957283073	0.06242960460684936	-0.2120434740278089	0.041003126534499196	-0.3072944046872792	0.06348879529093597	0.2260200620400674	-0.41369967836647126	0.4747235374570112	-0.2899779100806082	-0.2344755453992846	0.023413905315146376	0.5473050890427333	0.3351267120656635	-0.33662794956896974	0.13911105500823243	0.0940259519519998	0.3772647737744051	0.5956824879988428	0.20134760984337327	0.15211965321399235	0.09173009596887875	-0.21236372754851301	0.1773117056017428	-0.22194029530909695	0.4465521207184765	0.11794353872798419	-0.11217830435051383	0.6749595938513645	0.1383022216837607	0.11120881182996076	-0.17662648267021877	0.19215363983787373	-0.07473711341728152	-0.1210880909974549	-0.7421575474472933	0.04492958771632386	0.2543687248268754	0.45112999904730483	0.09609876899745548	-0.18059351931770604	-0.3611247650797976	0.04632707152580517	-0.0019407795949437842	-0.05635957501714597	0.30436025895657154	0.11974582632750137	-0.02510274572639284
DTXSID9046449	11.663126464277049	2.3299847252561943	1.1382976172993986	2.6150540614629216	3.738959588334052	-1.7923676989487771	5.011758712257757	6.043928663377589	3.3344702738545378	-0.6901463630065995	-2.035416320847752	0.4208943445467632	-0.4588112021640342	-1.5975714841749222	5.964971110878227	-0.5416252677218572	-4.367441264469846	-1.075608156097891	-0.43405640606618656	3.354533626077275	-1.9952470594785336	1.772403431449026	0.28301970306247315	-2.1138889336353164	1.2503692608117718	2.426415118402641	0.7124043896754587	-0.05311779817322023	-1.417013421476073	-2.7539343824369498	0.4222146113605831	-0.08145983015546206	0.3907720179657783	-4.772674125272863	-0.6786795831995113	0.318592317221915	2.413365290083882	-0.35141865582224463	5.8460593883490795	0.6400104995523921	0.6644381245864592	-1.0786957683637948	-0.21287944125146485	1.2791289629941125	0.3377225644052744	-2.4691880660432783	-1.4740309660475668	0.1176474410907934	0.09423831170299417	-0.34442030746853713	0.3478233078704725	-1.0292253716446633	-0.2153647095728297	0.556806815973443	-2.1612142666938627	1.8253496056636993	0.19586638197240738	1.8087339673474832	1.0208760618607644	-0.309697925276806	4.34425599998954	1.3715651229152344	3.591354594096118	-1.782914022918916	-2.735563834752077	0.48875672551801663	0.8702986160466165	2.1155219595354113	-1.0990781178793168	-1.4504673420678875	0.636733226373981	-2.011118531192873	-0.3899156774465932	0.42579204689852007	-1.1362768912183312	-1.7570458738682728	-1.2785261210785162	0.014899931035403009	2.1112331195349183	0.24937879621781686	-0.6241951721827128	-0.13563257587785651	-0.8053276981676545	-0.9206412765335695	-1.4209472087955204	3.607623420273522	0.27049405965190937	2.05280527153211	-1.1476970738820853	0.13383346152762568	-2.084389187374054	0.2265763399537291	-1.1123828276181607	0.8989359650567392	-0.14743941566502514	-0.09719755391460562	1.4255567090325114	-0.00039721708732614946	-0.9016637482408568	0.05386575975428127
DTXSID0046480	11.33420753039702	2.169490834783411	-3.165424924873266	2.5990813898669254	2.449563784011714	-0.3237521210894641	4.319480968697487	1.2122211263040048	-2.5614597241295436	-3.2665042496222445	2.6810439622310347	-0.0792906848190385	-0.2184733414296502	1.7884155001017168	3.7620876137132475	-0.8915301587083405	-1.09650562028666	0.8048800998441012	-2.295851127552522	1.6132848138799043	-1.5119281427900628	0.6525167799632876	-0.03297936453007378	-1.5387757924172207	2.341439384041635	1.3797940840435299	1.2697958567924743	0.1903329034916092	-0.35007675531208604	-0.7362842623600863	3.1062597812745847	-1.5296487302327721	-0.64748666367664	-4.880667522983138	-3.5494619814174833	1.2780591443163127	-1.1028106548761747	0.11150893606941624	2.70310926604869	-1.813561724676138	-0.20354958514117982	-2.8325728046083736	3.9714907623721216	1.8357516189312797	-1.603071435276704	-0.13953093505302694	-0.5282893463368055	0.30030345976799033	0.22059018473434508	-0.5147149294071531	0.20102444551868312	-1.5147487826086072	0.3808550041573023	0.6002357057545034	-1.964947519762786	2.679222658632299	-2.4522094944605413	0.990548235813578	1.1119652033695688	-0.9474715980444659	6.766516737526414	2.8912262403309765	5.0724395270889	-0.2828207950815655	-2.564748488279604	0.9037587566502822	-2.6254380889923747	2.9451742666909095	-1.6661674210603237	4.734133910519824	1.795409699986372	-2.6607869714412447	-0.47569733421545174	1.3571085052969931	-0.211121547638629	0.7371049318505739	-0.17510771418532156	-0.7508439812130016	-2.401654963282478	0.7176263042500783	-0.1156475297467873	1.1970385034297457	-1.909772067582704	1.0132156268183816	2.0467705369284146	-0.5599059788574734	-2.4652273819568613	-0.07600591267671712	-0.46329081196912497	1.6878713020448144	1.2754184583957646	2.8449490029200457	-1.4606066310404842	0.1361338893275586	-0.783151119910445	2.4493478513539095	1.4450400721632504	0.49080962381584753	0.672697758338296	0.48184485112917796
DTXSID3046827	12.065504567878193	-1.347909646712748	-1.3036436592091698	6.046947064208438	0.659071469328311	-0.6210730415283323	4.908367519500219	2.5587006708611866	4.286204821420807	-4.347414542262721	0.47942092141872134	0.18754030302127114	-2.1472467860997533	-1.6338440923973225	3.080371764887643	-0.880500922078039	-6.004915197192325	-1.9503781097113828	3.930394524432729	8.304771330946725	8.477978589296645	1.2327713518488752	5.112158070816039	1.1904853613885973	2.059464283139318	3.853693435917432	-4.7908457359945436	-4.089909780878359	-0.4700102730857863	1.8588238065601626	1.3719889694809562	-0.6165881788683034	-3.600796066419194	-1.9816891367520229	2.9969659004234908	2.028557629627456	5.160061806553823	-1.5857804473891117	-1.7282862859616457	-1.3463885032178617	1.675157398065975	0.05785549928775267	-1.4636379657754646	0.7607146143688641	0.5722516712122256	-1.7049531822861559	1.4171450447793312	0.20270442885443715	-0.01421010593413093	-0.20569550318595883	0.290124822491633	0.157778286333779	-1.0961759700511198	0.2288897602368908	1.7892111216957187	-4.917801168616258	-0.8678658970083853	0.5710148919447626	-0.20509360207005994	2.2325331709294636	-1.5650423650988692	4.278979097641144	-2.5301881767790957	0.580447083496414	-2.21700146826715	-3.708552587762587	3.383459372761674	0.2881546773303405	0.23004503208558066	-1.2646948312976873	4.940996296349801	2.041770218815697	1.3524979198226956	-7.309641997203148	0.563266065645291	-0.11588886102359992	-0.20009675022917045	-4.277053287390242	-6.972214897428346	1.8386137426114548	1.8141600513528753	-0.16479328764598392	-3.0914350395424868	4.556679776126462	4.950177070548475	-12.585910035758605	-0.3233553149803648	-4.606202658842334	1.247796519139534	-0.4419575576464471	1.8782908121754391	-1.1722006892260897	5.498958393116332	0.7551798221950476	-0.503754891646451	-1.2753308035281286	-0.31377190373864533	1.8400462672903621	-2.6660132415222315	-0.38106452319689255
DTXSID3032751	-0.7826484041049159	2.671692004669095	-1.5275248368195382	3.8763595397325346	-1.1090284228408394	-0.4466627559016479	-0.17458951742270504	0.6452413449848688	1.506219617575545	2.1858119018420203	0.8711270576973702	0.5652213782315112	1.5531062960351105	-1.0272032497399683	1.4252596837533948	6.656818642140618	4.424874137891688	-3.3105993192228955	0.03783174420011829	0.7827788812444254	2.078931615694877	5.651337902613988	0.6919494758059411	-0.790782313745968	0.8534835459132637	0.2786665921679484	0.7600408836598579	-0.150177128926359	1.718544586778294	-2.000708524629575	0.8124260674775544	-3.933013295529152	1.6181890167785014	0.6759332194121721	-0.0778324862491742	-1.119599995212777	-0.8171133311437047	2.043552899634721	5.214803649729613	-0.8408457064773666	-1.079217668424408	-5.155865576846588	3.386429364904881	-4.525458469888518	-3.8418808276397876	-1.5052911444941814	-2.2682503125768667	-2.399589583832734	2.384094911922827	-4.347899557547692	1.6729517226225206	5.13212606719453	-2.7102883936300493	0.0016468062151834026	-5.112168243905008	-2.2471587468199306	-2.0567061790437986	-2.455028087102609	-2.118229989133179	-0.15406608701885866	-4.14724843538985	1.8072285938554484	-4.479115324197122	2.816083211752603	0.8026187878603325	-2.5398435865917497	0.15752042825444493	-1.7932883490899634	0.7058232179474987	0.7010367274681094	0.026487883584142082	2.818094608656329	0.46124852787724746	2.824269222515173	1.1400888341887274	-0.5536848702725159	-1.6069490756550968	-1.4311576264017742	-1.0239129249147232	-0.9010161179772984	0.48669909971549047	-0.2840188096947334	-0.06941119117133715	-0.247538822857824	1.0597266745792893	0.09825500457387802	0.3761670664613922	0.09631981297356623	-1.1544592880456037	1.1649878604420218	1.1322594436550786	-1.002857069037363	-1.6918675483292713	-0.7051838784905604	0.4535000039210374	1.409298910479568	3.7331313978256353	-6.079543817003891	-0.28781798690383537	-3.3410022736670584
DTXSID3023180	20.517708715776795	10.147428506463768	-4.765846399480868	1.8506732714797722	-2.9419843099476393	-3.524156325385811	9.30927553509372	2.9085810868486135	-1.0956809294163308	-3.93868389614405	-0.35273513979542626	1.4453200240832444	-1.4521390343851057	2.9089960651222087	4.016215004473411	-0.329912514485593	-1.4470085512255333	-0.07018965004556892	-0.9907768813119948	0.22375421598200057	-3.574272369314677	0.8403183572830247	-0.45156076762899944	-1.8288243427325435	1.8641634913984018	0.5021910698234736	2.271313243978377	-2.524207561695969	1.3742450452121096	-2.045399130593299	1.177738405764975	0.5323913676879146	-0.28543135575568224	-5.462277931987564	-1.915186079388028	-1.3144454294797914	1.009145569728158	-1.633163942203756	4.246619983622909	-1.3328302195506496	0.03634506128085352	-1.1844982067791094	-0.7009635980651348	-0.2702432545662018	0.7711037058667587	-1.9195030998905265	-2.154606617362694	1.4799360951030334	-0.8855271206864858	-0.20534635226818637	-0.4018713107240141	-0.8888585990673524	-0.05178858827909779	0.5354404599590336	-1.9109735984858693	2.2895487554743505	0.7114624923367101	2.044539867419113	0.41097130883817123	0.8950873075100902	3.6842058929160673	-0.014356096384354014	3.3289447641216494	-0.9983502449060919	-2.4906798351139723	0.039238110691181306	0.04866244106288682	0.49059404065674034	-2.0387512057328907	-1.5723855302240508	1.2719314265053556	-3.3435679399679743	2.10225236423255	1.5943961189580003	-1.6182410509277332	1.09195099502469	0.32787151520267943	-1.1200867113048503	0.7438490221930618	-0.4932530461294695	-0.4154074141790109	1.5528835190056927	-1.0410773616757714	-2.096616528047229	2.345557384467822	-0.8238792797385179	-1.0288139183469798	-0.6807970459201582	0.7852859297908505	1.8418861626621457	-2.9133622512696644	-0.45004028999406875	-1.599033246151823	-0.6186492703735346	-0.21885491478521374	-0.5715686358937044	0.7576235496917259	-0.21867241517204686	-0.0749053656298938	0.6808552277914762
DTXSID4023416	6.142250418509503	3.0205258778824087	-5.219731959259909	0.8413378589185231	-0.03315349487256562	-1.1157408671079854	6.927192960020641	-1.9690156451142016	-3.0552457287903194	-5.464671968602403	-1.1011985471371635	-0.10005879341813845	1.2227408385886027	2.8970218382789863	-1.4319833691514046	0.8165607987545729	-2.1826747207289743	0.9383314970319449	4.718117471853619	-0.41562455166062134	1.0792815573402648	-0.3005087734527556	-3.070548217783855	2.050163833327897	-0.9912553393407415	-0.8017887963878921	1.9859439028415307	0.24900817676681697	-0.1535986734831162	1.181583688914301	1.7211620832868635	-0.6668669688570401	1.7507622376285095	2.3147122885806146	0.486266478415166	-1.0848483363704255	0.544888456226051	-0.7237699097155722	0.6797949844442002	-0.7645172532976536	-0.5031244457744974	-0.5789187142413214	1.0599118649812473	1.0613281269223223	-1.8814635476413415	-0.8766023212736579	0.45337142677043635	-0.40553888195722165	-0.18540740966865538	-0.7065305038934175	0.09202580536371008	-0.27577758622926124	-1.7206332199054644	-0.1984871438040938	1.3172687572709896	-1.1152213209482746	0.4704245130982984	-0.14679658327090764	0.9034505265821977	-0.8102656581322583	-0.307383097573923	0.8890600187083523	-0.13667999939888828	-3.4072505963470663	-0.19899339404765493	1.3682454281931216	0.02767001466865547	-0.09394227719468541	0.7680753782175527	0.24973753685176128	-1.0744466619735387	-1.8171669879156565	0.17948674573240292	-1.3957425324330208	1.145401519349568	0.8371904854878027	-1.1781380831802701	0.7659921033280358	-1.8514848946953157	0.10448991533625508	0.847650274795958	-0.480685028082305	0.16682289868152042	2.4220960273465812	0.4905444019070965	1.3290421607606577	0.42908116791066087	0.5750073403818854	-0.9734938506803773	-1.1606748179875415	1.5266455162798114	-0.8036639690038035	-0.026842333948988304	-0.40679113620421065	0.283828605682409	0.22106850531276706	-0.7781669535114892	-0.5628251858316387	-0.15565966290769348	-0.05171337269730224
DTXSID5057701	3.840615622305723	-1.7688771745886358	-0.9330154104595851	0.7686881097146975	-1.8360528792602522	-1.4976415876470321	4.150273207765033	0.4960957386931398	0.21623358836449563	-1.1270313316551634	-0.08469700493639014	1.2022354007454497	0.47528953154847975	0.4187932854727018	3.709170227392564	-0.21189388256436625	-2.513288124640509	-0.5244907965528947	-2.565848833374249	4.437892843482316	2.1514757890820784	-2.8918797019757814	3.3184503250566166	1.4616889092651706	-2.483267726386482	-1.877294081923567	-2.7288411003605706	-1.2951797650842776	0.05179169276101535	-2.4787985363070617	1.731194997114841	-0.4346437850749067	-2.808303065010727	-3.8944935681117436	-0.29991368852982914	1.4458038131229716	5.9825806059034345	-0.08330136138108098	1.4126751173284835	-4.7283264663923354	1.8432846581527218	-4.357701883259645	-0.521601503943271	1.8795752566558308	0.5641208009163513	-0.19930414658801157	3.3299592416814536	-4.516131429876636	-5.891227856270895	2.5399118412717927	-0.5692978342123246	-2.1892348360613165	-2.4062730186857215	6.93252039188866	3.4038772119762517	1.1498352453162748	-0.8932397650538781	-1.165256001050502	1.191763166663912	-5.387554683749204	-3.864125718661143	-0.46526372344797445	-2.835581127625119	-0.6974681246108261	5.474141064301776	0.451201711660903	-1.8653839721864374	-1.4554177056239228	1.2201747978139093	-0.42496870906016027	0.31024867592036937	1.9496843614830084	-0.828361338886433	-1.6430591823709535	-1.2044809682462825	-0.6562167051218283	-0.4711488400745003	0.09103910670410119	-0.8647686694514595	1.371063276479437	2.0222496364002516	-0.24519054903077608	-1.1257593608295209	0.7482927361280853	0.13166592557747414	-0.043222753296598214	-0.2871567102662456	0.2520658270233756	0.4494512697061418	0.017130658611596062	-1.6963391108391033	-0.4129518393234585	0.14231810002428327	0.8461122173178364	0.033599164051756544	1.759336816298977	1.3172692523464584	0.2773729685095297	-0.06371896009987763	0.03332969497955586
DTXSID3020916	-3.0685690292224423	3.248771758511293	-2.2373955826135545	2.2672343278705553	-2.110011011997891	-0.4784868746459034	-1.1959145864046807	-0.6460551846091585	1.5661571893349735	5.740088965714877	1.4850380281337852	-1.5535825172160145	-1.776791665876254	1.844905554170453	-1.703868106244945	-1.5537566464466401	-1.5602474460798803	-0.5800417157165234	0.6426487789240267	0.8298435054169335	-0.6259961713197255	0.9647012629256212	-0.44624972917828265	-1.2497436634643533	0.4163698605326759	0.636890581090821	-0.6508416100325037	-0.46380536659785515	-0.6000296153656393	0.2621353279797958	-0.16278283814783692	0.28182781725775136	-0.3499074477561299	-0.3650046591162461	-0.2744337311937512	-0.7073829694039516	0.26476802290796836	0.7099488041428367	0.4626505123124617	0.6729788876396181	-0.3963686962584186	-0.15856141569329224	0.9111477716191472	0.21781672690292414	0.5788767366894652	-0.00571315764277508	0.13412171827106797	0.26386300389540274	0.01148144169107379	-0.12002424527926722	0.021293958826978404	0.19394183799129625	0.15461334966846035	-0.16853134487422586	-0.05562766043311111	-0.547210816318687	-0.16163449638585986	-0.5841716034612495	0.412424388690834	-0.4060449822356126	0.6374388027501707	-0.19121292603093787	-0.5975043046550373	0.2911978933776652	0.8100908692263927	0.10268158407260745	0.32991150845700534	-0.28335450851701	0.30917407016558507	0.6838052124688191	0.5724068237622436	-1.017073986917241	0.5805466556709857	-0.17116238809409487	0.37581180773729017	-0.27577481769754	-0.12187629215839142	-0.8578438387199325	-0.08879427593632713	-0.07697840084464865	-0.01737182496466824	-0.40435586505293747	0.5873313265718775	-0.7174660104331911	-0.18472829400566318	0.3205937328878871	0.2688309937936926	-0.1355633424367082	-0.40124758699852614	-0.36564868855676963	0.051706729964402044	-0.14115233749163286	-0.11915658226005725	0.2863275730548026	-0.6686694258642762	-0.04842006063132258	0.12888983645149912	0.1869544088592959	0.3379602876587976	0.1678652138334693
DTXSID3049411	-7.384409615896875	-3.6135121780426402	0.3053289354633757	-0.15932322946637137	-1.62380623924141	1.1554204586840642	0.19361670478636003	0.5515117931224882	1.096044335262359	-0.4078521526270871	-0.24592913213813153	0.11471271640448984	-0.2475176792880393	-0.5595093310961861	0.723909922106779	0.4313339118932063	-0.05140255772462213	-0.5096317591846019	-0.3413583998840504	0.36170917773775213	-0.03432440459819587	0.432077123645395	0.03891687684785913	-1.5969383300853146	1.1463236733923685	1.6569738955717817	-0.5532050684351256	0.8662682127001224	-1.3629807219186645	1.4221129261755376	1.409412956400759	-1.0241535341794799	-0.6384372326729095	-0.4867270419632768	-0.31699203114342933	0.5141634411435536	-0.36506359070493694	-1.873670475463118	0.18301545892504564	-0.05556426964379304	-0.4395270634573909	0.03494526753264861	1.1497430616263882	-0.03909718184331164	-0.6439465126343082	1.658822019384667	0.40990408771225156	0.29486251098284066	0.0880014850655708	0.394893973099413	-0.1377850876800029	0.07716031474450755	0.22563359976812863	0.09041697543332625	0.7112063867612501	-0.6477671138506963	-0.788063564276981	-0.69781940196886	-0.9405424225777426	-0.11014429831077302	-0.015292355864086038	0.3092524838459396	0.6309687701004468	0.2764616057377223	-0.5309390961224224	1.424885836421978	-1.03255947309514	-0.7348899775325279	-0.6880586267714861	1.3867979387422324	-0.1607934121523166	-1.6124526362832192	-1.6543134981951015	0.16752732717798594	-0.7356839021777809	-1.350315275292488	0.8576449695334537	-0.5185694101444233	-0.55357545983584	0.8751101343460777	0.6794959709806828	0.1601776643817683	0.6732268026191031	-0.2920229333962794	-0.03961077136308739	0.023238543675745182	-0.5708554617693765	-0.9928353966619117	0.10644846256169405	-0.23414173362438595	-0.10667982415735136	0.10106056622424027	-0.3854963765190322	-0.324663508740262	-0.3172323511109373	-0.3909290547822508	-0.21651818041252274	-0.23612614881554014	-0.0024691309099026965	-0.19986913564155262
DTXSID5045673	3.089782316359073	1.712924444689881	-2.4371535106282907	3.0117706824568784	-0.7119889823427497	-2.004841860165445	1.8102629639416112	-2.8996214949925014	-2.5199255480826968	-1.3338041400469351	-2.61622444145618	-1.3389427643094047	5.490606556350217	-1.2373162661085193	-1.0728599024898444	1.8273385926756462	-3.642150844242267	1.1191422931674573	1.6389366234760085	-1.5881919310069894	2.5180980628145244	0.9305868875055782	1.0499016788918152	-0.43999631305409614	0.25022331179539137	0.6888454012235231	-0.5551353963857305	-0.9886342599943727	-0.14451766813137415	-0.8991988499726051	0.3717057467747304	-0.8737015334403682	-0.8724815389596583	0.13948550084947944	-0.6822780747131376	0.08348709561849643	-0.3734052974355615	0.6449361649975871	-1.4034391583150114	0.5401421734707623	1.7698557775326011	0.08649109114752655	1.0362991337274767	1.5373976755657628	-0.847977573740337	-0.3661532305166576	-0.49566135023460356	-0.25747453613952553	0.5212244769654119	0.7209958275124595	0.3086445767488026	-0.716088998922427	0.17428684198564764	0.028742009230331253	-0.5862599589388956	-0.7447839286488928	1.6585481276139091	-0.2479067474959505	0.18200905170881274	-0.9486002317423167	-0.36292116357015425	0.12580710031019993	0.08157261054028576	-0.6947764377977018	-0.34083551348568747	-0.6063105480434533	-0.2528714115507159	0.9185205515974944	0.711872641620068	1.2776227903552155	-0.730859988239534	0.25376830882194684	0.09407091992796884	1.1124863779578404	0.9665718154626672	0.5213079838561153	-0.0007673689940428335	-0.25964843531551646	-0.1994457462066707	-1.491828561689026	0.3901991706683191	-0.3320592474800531	0.13891683784254164	0.7284066597508323	-0.03168501176730535	0.44812587136363763	-0.12243468574377361	-0.6412596818388782	-1.0139303680129634	-0.548812923809506	0.23000898282087237	0.2598653957466834	0.36298923562729873	0.3965687809382806	-0.07911339088167839	0.6421474716939806	-0.04044401074744166	0.03534792064750124	0.12028803879388528	0.44541691723772847
DTXSID8020753	9.08163846397004	-11.296356413656056	-8.317300363920527	1.359391115524821	-6.270029050022906	-2.3389355502336873	-3.541422713296393	-1.3013920311335212	0.8183937721469258	0.9962885405059366	1.6140739092250296	0.8620441739962087	1.8891802931897101	-0.46256929777063127	-2.7672404656676464	2.493079542689482	0.20907841323301923	2.150868244356055	-2.8975782523216576	-2.896092361359349	-0.7298387567312716	-1.8553296568603412	-0.4374519414273608	-0.1622483358122595	-4.09263283103951	0.31353167078506483	-0.3658657370775255	0.7313631360609881	0.324913704217732	-1.2688077318840325	-0.4156738108327855	0.010539661935436484	-0.6705342383643523	-0.418500565040162	0.6159955973283255	0.03553752230704841	0.5614141612861371	1.5699153094825493	0.07561252735796127	-1.9768857011308998	0.42228129419855376	0.7395504472389002	0.7001503211855418	0.6531020945446756	0.27684537462598074	0.6741025268789942	0.11375218513150367	-0.3037691111271	-0.05522737839856752	-0.268562330153295	-0.03946784978679579	0.37464745282173434	-0.20468120301904605	-0.11697041685607744	-0.8952289837748031	-0.4894868687548883	0.7652571750764207	-0.35820903598831516	-0.7977520980191122	1.1496818807778755	-0.7342112176736291	-0.16489194107292807	-0.08254018358751067	-0.4300630470349429	-0.9998094805201795	0.5554421957956605	1.2350861319411937	1.930963407722604	-0.27902406713033834	-1.2232450041010776	-0.7655241328604704	-0.03896780960122065	0.25303822186345215	-0.07027505591432727	-0.5181102584769504	-1.2184925917008764	-1.3297328959355017	-0.32721344728845836	-0.06634974328919548	0.7766938944180269	-0.48753443433899335	0.8006480941679144	0.5202512913370987	-0.4064632862645278	0.15566450475946406	0.20320603960823347	0.7757125545961481	-0.01835323626001394	-0.5718517142612106	0.49606364499500355	0.6114730919806077	0.6233287347503433	-0.6719927491608882	0.3725991392366181	-0.5016865907925525	0.08691262842233155	1.033034475149511	0.5626333259983561	-0.06186677469525638	0.46836997275325587
DTXSID5047661	-4.015374384082709	-1.096927171701701	0.1030287361279117	1.308722980016026	0.8956912738870882	0.20643469465465328	1.046676441123835	0.2965554278347598	-1.0925447975821445	-2.32559736955382	-0.3227913766372391	0.3329139437918117	-0.45529966041417297	0.597718319147155	-0.2813082084632802	-0.5609399933486483	1.6447975053433526	-0.5959822313197569	-1.008010610629441	-0.41424009479211593	-0.19211943829070047	-1.1186412958902479	2.732854754211809	-0.13543978187893832	0.3493382514688946	0.9695344324398778	-0.8181592039706518	1.4156418666209436	-1.1421560317136425	0.8457910386538842	1.4304448715275793	-1.0029043615723763	-2.0619205578118716	2.814341621580421	-0.8993810733410932	2.9614019296664362	0.7568139100186513	-1.2598338817629766	2.737198904411342	0.13836325765638802	-0.42678940854351216	1.8682924593415244	4.055813794576978	-0.5296725796068772	1.1139195400882331	2.021589680495245	0.18428309059098236	-0.10480490289984329	-0.8400169133942808	-0.6485621707971667	-0.48114061732951713	-0.9960669376772662	1.5482932772299818	0.22095850950017304	0.25142049938225036	0.9556753975018052	0.48016199880221044	-1.8107927239721011	-1.2705055993053653	-1.1810738826535798	1.2619362386662372	-0.28334451388934334	-1.6364549064779035	-0.4449889558239056	-3.568483436597789	-0.7276914338616447	-2.3850257419138963	-0.8467079939041817	-0.2997560261203422	0.8378661995312955	-0.33077823261965394	-0.9999687126998089	-0.763288202934012	-0.24830768551505125	-1.457404713656406	-0.7643095710550192	1.0908442947319426	0.49559188938414955	-0.7407936316802659	0.9481980559148074	0.7069605186525691	-0.6233700533326457	0.6495742073684982	0.30130964673347604	-0.27001848548673224	0.36183731660734514	-0.015395802558533617	-0.21130665595967094	0.1077271703813856	-0.13370738146585232	0.22551361359298966	0.013180069414323108	0.3881535705314201	0.30690238843284806	-0.2233963604452835	-0.15898904173220893	0.09453352491638128	-0.2430788895783455	-0.4155653494088626	-0.018985698685062925
DTXSID7046885	0.6587292910316048	-1.2896941379851428	-5.296912156646711	-0.5290240211571664	4.355432058473364	-1.8973435147099518	1.9927939014527156	-0.4211163572382259	-0.868908877145155	0.5194568370337266	-1.7813539670584777	-1.653909678612748	-1.5171977635483656	-2.5001160275211767	-0.16316261784305042	0.7610537266016143	0.23106548026929233	-0.6118590943558663	0.05875593945305221	0.5073225166961494	0.01858385758153128	-0.41572878015114667	1.6636804306285187	-0.5679907072825068	1.2989719563627729	-1.5945006710741425	1.195383681102125	1.4527968558486657	2.320271697818943	-1.2440240345767681	1.1605968620210998	-2.24557587272502	-1.8427210193862065	-0.6090661745498431	1.8203341732300997	-2.3460608614309177	0.34477369952730424	-1.4315606420896354	-2.691097792791275	-0.05568829760717047	-1.8779909125817114	-0.7584358247763422	0.8079188399443341	0.21464147630709446	-2.0541056725756515	0.0734329791675672	-1.8221884847063297	-0.8319041712732322	0.7614697774109317	0.8606952620769053	0.2393291715835196	-3.2427703451943057	-1.3538993364861238	0.566939138538011	1.6378382815562196	1.2194938282949577	0.14899352015417283	0.02062946226971325	-1.9291097572261675	1.7092866286071806	1.1453229686999349	-0.5876836130092925	-1.7057436466551523	-1.3299900529562247	-0.18308163499866253	-0.8874052540435047	0.6576388028962382	0.9574272816560403	0.15040155002904937	-0.2463611776844875	-1.2079221734481553	0.40664291816593684	-0.9655243157242878	0.09224979007623929	-0.6674281386856571	0.8889759882141124	0.36496869579021274	0.15844681426596333	0.47774625721771985	-0.26849043402950457	-0.6278617534640181	0.9683458086146832	0.5408255139767835	0.3450440140548129	0.6387176995495109	-0.24969122753419154	-0.25993176053572603	-0.5522889561845898	-0.3520866354655842	0.6972285449581551	0.21332969008196892	0.26542787407534296	-0.3020218718027226	0.42117873131499467	0.7911318448873365	0.7663708062052123	0.11318338108865135	-0.06421751776241516	1.239840019100215	-0.28615491840676055
DTXSID9057846	1.8403776457368448	1.4184643729318156	-1.2660040490820375	1.7189129038897115	1.8172847852703282	1.4526574714727758	1.423937853307138	-0.009063126660977507	-2.3582096677011766	-2.0807178179665042	3.261966699129888	-1.17134766251308	1.2530285561196224	-0.6109835251486131	1.4387516809451877	-2.4841033203165357	0.5215324083238616	-0.03556948129089978	-0.5913939845896913	0.7460384339769948	-0.454137549613539	-0.36608801091550097	-0.37400956057108975	0.7998145869321932	0.08661384893337014	-1.0464875311215724	-0.4167778817368056	0.4446869203687691	1.0162536602374652	-1.104707803061084	1.0377537253150686	-0.7515572709706766	-0.7772046469413352	-1.68342961064013	-0.28276618714888047	0.7324302628448813	-0.6623370189788013	1.1077240114402156	-1.0019414051639566	0.16199777986832603	0.9117570738754467	0.20242329569209647	1.8293846354526906	0.6033066025640756	-0.5322937095154793	0.242187828776678	-0.8989274683141297	0.7782194984500433	0.632930809734908	0.3081162108624427	0.5772327750883257	0.7349832546722767	0.08677822312423279	0.42920337923308427	-0.39159729433855994	-0.4716937912243221	0.32437148022175627	0.7644339425593942	0.9203973388682014	-0.3898252034226837	0.5378645216418392	1.0031690060378005	-0.9005018902717242	-1.4343443059367103	0.1367827119601873	0.2415191609611622	0.4387752786969619	-0.43300898611579547	0.5338386114238376	0.5099594670506014	0.04205873220434664	0.1831081133534284	-0.5058172675287201	0.6276787901219818	0.005205997819248079	-0.12764590704131037	0.0035418062530752103	-0.10930894861215586	0.48786439857695957	-0.5444343049277776	-0.8459892976270809	0.2710963191353795	0.5397395981249301	0.17988085473136653	-0.6093914841885346	0.008629696889979699	-0.03139697086766235	0.09775135841064686	-0.3758508629283775	-0.6360838288095844	0.7473764165143081	-0.3749267452157103	-0.3891480122642376	1.2575694160540523	0.28439502399880834	0.8788057601806758	0.41902057503057766	0.2507069678782951	0.1096394310780093	0.24210607178491877
DTXSID9020166	15.795197113143782	2.4931120956665387	10.804660604517952	-10.126822558094757	-2.812513285919752	1.8240989579516858	2.6094765714307897	1.7733276073482451	-1.9524932485524151	3.7332859623883197	-1.5546372112330888	-1.5089740561478642	-1.3478581955001303	-8.54974473730989	0.49885398649151097	-1.7212331716233642	0.6313597199313933	2.0271188288495243	-0.08388689391702638	-2.6767104676813536	2.9272914199668394	-2.3739804704726337	-3.0292100461777594	-6.258672299021254	1.9830787609550002	-1.8658927350589534	-4.038040164961144	-3.6609062989035572	-1.686346839691648	3.1141790820513475	2.6919679662713865	-11.284824127615332	-2.383801569782425	5.064177445129645	-7.526249626929915	-0.15666837130521105	-2.9810257685598778	0.926481477366603	-0.2298612443061718	-1.2951925780474731	-1.7329746905302288	0.8912612272169126	-2.3224448507120394	-2.1205229515448116	3.0775328913963977	-1.2446378940324292	0.8449807829112115	2.5211490020162413	-3.007398748768614	-2.7969518887339158	-1.6756877116253392	-0.33066987222084904	-3.3727118849985307	-0.43059082766694246	-0.22298857983170933	-1.8265363057726787	1.1896533733606416	-0.405573007197988	1.9166953638069522	-0.08155870851676855	7.333634561723874	0.08214135230489099	-0.4464310791524739	2.804896792400449	2.626802926095074	2.4665924492470497	-3.7404425939192394	-0.9449614516110028	2.6247720374604793	-6.4518559119086465	-5.775996983353855	0.3527575988123494	-3.0860784570306303	-3.2923426748203806	0.164630107997258	-0.4701039505580622	-9.592314754050618	-0.39775174381019873	0.5999832425041942	-5.82532794800894	0.892644812620543	3.572501118865583	-3.039949576167352	1.8749914870894024	2.1217118114725215	-1.3458254868457964	4.067943595032517	1.5761633337089656	-2.422453459923191	0.2172710050199751	-0.8700996829161698	3.2365033590498173	0.8295923744808585	-0.09580367117137667	-0.5916614806770503	0.3540497173350267	-0.12572024891401398	0.7836173278871843	3.9540718468031355	1.0726223437403242
DTXSID5032442	0.8809660361390296	-0.3226495035257601	-3.541164655157734	2.5163835147228495	1.6334887712152746	-0.6595178904760729	4.753413062923481	0.8372467034654013	-1.8895725234287655	-0.7881223857263427	0.09468237372433023	2.9817244423910783	1.0097915361436123	0.056166925534891485	1.162062279418915	1.4701888988795218	2.0795149194020666	-1.9184838949834648	-1.0364408028245737	1.38285096784266	0.22243093090872953	-0.6068774601056918	2.617673483351671	-0.1493204535886913	1.0792687886978718	-4.373227049152813	1.0220612078164215	0.9177939706381132	3.8815546459517525	-2.670791059924633	2.46018734310339	1.1673990003189696	-2.955247222001734	1.7064980066079802	-2.8359197810791956	1.4099757962407127	-0.8364911566398975	-2.1120741058880963	1.8446159935835196	1.2051780381484343	1.7705634486717807	1.8762439696783184	-0.47078213144052894	-1.4370916984937538	0.009160408949655936	1.1043515074826675	0.838548995606224	-1.0924023030956052	0.3175864757508923	-0.3793006771342886	-0.7968060547783905	-1.9382485799309488	1.4073522630752726	-3.33074435516716	1.0976856443501404	-2.062468887153938	0.2772151923046657	1.4676643285636095	-1.379483030608495	0.49879049305705864	-1.483603823913594	1.4728739006975506	3.46163882781647	0.2347130698255508	5.87142558765975	1.4418427635706295	2.8074594984850183	0.5124643458959964	-0.9271831793256602	0.8362844264695906	1.0511107195612945	-2.024038821227297	-0.17941995127125715	-0.24322503763340275	0.4442035988546906	1.1709335711336568	-0.4531212160558514	-0.7598694822492088	0.15185694096767854	-0.7200697003204096	0.4443736674656802	0.43836054005281166	-0.45410521008193483	-0.7109547316446551	-0.035981259336715164	-1.051793218106	-1.5398269057979812	0.007246237081602682	-0.8278104137493807	-0.5186235643543281	-1.2678257232877943	1.5435701170425813	-0.7871037402610306	1.3125702377734192	-0.0523285043933651	1.1164963863553583	-0.054170253394236076	1.4404456458079402	0.06601686315242061	0.9488507717422702
DTXSID4024729	-1.5876393355307075	1.6043165307112957	-3.875742587945333	3.451661188976292	2.471361353211835	-2.0709244643148996	4.8227360438094005	-0.15080658714923498	0.3984677809101299	-2.384406760581777	0.14395693762480846	-1.7875195070513161	0.44875734771135034	0.13337783636632852	-1.386954895410939	1.3075019004546922	-1.1664593650859143	1.3191325525739388	3.29965611286551	-2.0002401705333996	2.3678351971071097	0.8774855173654922	-0.9543531614901011	1.4351237062831652	-1.351673245803964	0.9213582958087789	0.9640330332765689	0.40695083371337987	-1.2283774716144926	1.5804506289061528	-1.9210918741640552	0.03454177183317414	0.0631129984241741	0.01352793965376541	0.35396255462777243	1.504769171016371	-1.280223339439227	-0.7167255697538802	1.3197840591712182	-0.21312034493512463	-1.0716453883987513	0.09063626190284021	-0.008293149006964817	0.8042273109999921	0.7450904466313797	-1.544279645915738	0.7780750115424137	-0.14502378943926697	-0.2794921634580736	0.2361526334956469	0.06267579848282838	0.09489381659977429	-0.29814289853504333	0.011142016831557702	-0.229024234856325	-0.41810588876219046	-0.3004053241088378	0.31400128434517943	0.8723762204689692	1.1049875404000309	-0.2332652623970455	0.00814201775198038	0.6768033374249129	-1.1604925426877066	-0.021482918091143593	0.5644953994534517	0.8001752938876752	-1.204973712807041	1.4960251702591585	0.8825115107935452	-1.7814911146958607	0.915283247640673	0.06738262171690636	-1.210615417015587	0.07907067047471278	-0.9415002500545578	-0.6302766942928493	-1.0327850173166435	-0.49394313282492586	-0.8997226052735586	-0.6256075976646646	-0.7085912516981201	0.3623357185736741	1.1217867179000767	-0.7024343099126003	0.4467878122321057	-0.19090247939759278	-0.3596076737189977	-0.8409557921877578	0.16810408709670177	0.7265661842313883	0.4882052696731398	0.3641383913545836	0.9254749369248197	0.8429992823194283	0.96100649889872	-0.333762602116833	-0.606819715265653	0.2052858851887936	-0.31977063834766906
DTXSID7048613	304218091.08953834	97108412.28815079	-314438362.0098133	15624642.456872059	323452678.66128844	-55228821.80534281	-165100426.68095353	67273988.89517319	579925105.7160441	449706635.7969576	-152217658.44980076	313297958.0321382	78926726.06581245	-414511642.10737824	-337886187.5325246	71995910.41494389	291776503.56318533	602178612.540614	-64217182.98772701	-1273838629.5436513	1130067321.4869568	-673169136.2518656	595189583.5374621	-189827120.52937946	1270016309.8784482	-43172800.374649994	-1704585705.9266028	1066847124.2614726	-383773872.5462251	97824239.24859819	3726453944.3433156	1132772271.5592864	1830487227.0894268	-170161508.8687417	3057397115.860612	-387924771.59110737	-516378201.5845251	415881979.6501823	-336998972.99676996	-81673112.03827788	-883345225.5332478	-507110191.05582243	-176667908.18564832	191529768.3400032	1113342604.4188771	-187598046.6374481	496390466.4178365	-1341085159.401098	-550554627.9326487	-738569178.3451897	14304063.645929663	327609429.3873541	847010126.2573464	-19839283.866597623	-825510789.7662075	908575690.65469	294868236.9007948	1350123387.6646252	649244927.020918	736705183.5844111	145217168.2056043	787398355.6092318	56546993.18238105	155764973.84801576	-199553882.40052614	1379492630.8945644	-718086923.3001035	-2172907094.8663874	-663573644.9355345	-253396599.4735186	67879556.5662316	144903625.4058332	776877903.695744	597312134.579013	-859070668.8306066	1820752479.301692	724893549.639546	-2275851492.543573	-429521716.5678588	-411718030.98517597	2009526007.3523343	283104125.8766633	-1343635333.9400413	451595308.3214063	-867819051.5233076	1087161625.9830344	157563121.52594274	324557563.5745269	968207058.9483032	-2464807487.1272087	-104439211.71917461	1085449591.5569222	-513189461.9540311	1402583074.521942	418104471.8597427	-881558104.1502752	184851150.60200128	-726991299.8144985	423156820.4877562	1056863057.926507
DTXSID5041728	18.480088538651483	9.93280983534016	-6.15198132073064	-5.594996656739631	-0.7792251526220173	-0.011655906383812305	-2.505194785139124	-5.6981632132158335	-2.7400828586867774	0.16015035946402037	-4.79690169149351	-1.5249472394350332	-5.31915426820392	-0.4077975775625725	2.8566681196906667	1.2190671293208504	2.5527619902889893	-2.328550486230862	2.012719504124907	-1.1106621540261907	-1.409172215228916	-1.732957089157564	-1.2862650215944373	-0.11403867527009982	-4.70659854533641	0.9806378335889248	-0.16047789860753608	-0.24396132703100487	1.987734358304266	-0.5301245749908723	3.0670448561525894	4.255385223645337	-0.5930688256256522	-1.6949621803026396	-1.9426958551076514	4.616709162736681	3.100823879924076	-3.3646612353594536	-1.2912686047175452	1.5356564228163265	0.5057439810709178	-1.7175976642062125	-2.2268051531003072	-2.0931942865446342	-2.648026695591448	-0.4071168823653063	-0.12831714930326987	0.4591508045818231	1.9276820662523888	-0.26373660719021214	-0.6849775965197379	-0.34959927287827886	-2.6370969698186824	-0.8011797984888117	1.5588090909627803	-1.568172254237454	-1.2710057311662957	-1.3028712590193914	0.010529108097527032	0.7171624035342955	0.49292322178028647	-1.8451881450418195	0.4859170362655888	-0.8737622104116636	-3.4566053677438937	3.560395503349903	-1.7374526826234027	-1.0697980539562268	-2.2649310120382786	-0.9080046829236431	1.9445686578174917	3.355761023368941	-0.28481954269633963	2.0801131851741017	0.010987281759943348	0.1585991946224888	-0.971917077085896	2.082554039584855	-0.8124702290911077	0.023453936906473776	-0.25529466961300756	0.016531483015900784	-0.4172841541563107	1.0922393590844426	0.10699898096142688	0.41662206053128326	-0.831748271598326	-0.8187487200702755	0.8359183944335669	-0.24788234228560985	0.29778930731408804	-0.3420300356058709	0.03982639078719603	-0.6546544803402102	0.3139266951745886	0.16450051744311903	-0.5379845689077302	-0.9068446724328718	0.31225936397884263	0.4064181902788103
DTXSID9021425	7.628263929569231	3.37971280436695	-2.645226870905655	2.3014525717979017	0.5325396749520084	-4.279862558731928	4.128429057892485	1.6714469970256767	0.13033766108482117	-0.5924133293885095	-0.44341164481345824	1.8240278312307014	-1.2661607961052739	3.2877433058607592	5.064395539839464	1.4001335811657394	-3.3558861314377384	1.9224830963217932	0.29475434150434493	0.18170234569192242	-1.4288252650501194	1.7642996880129267	-0.08832354975988353	-1.3209302123965174	2.872032478288211	0.4871507853253975	3.778099728799318	0.03956581346288499	0.7836994262698683	-0.5186455268209632	1.2039012506508386	-2.3149091186957147	0.7035913345566792	-4.573482432277268	-0.4167874036171674	0.41335430130782347	-0.3645787786406511	-1.9173640748733831	5.6643450233914745	0.19066020419903998	-0.5059107923803111	-1.6056441337137821	0.027736242940960436	0.6947108674224075	0.5876429155287939	-3.238090855498204	-1.2422193163898687	0.2230469712567618	-0.5983757056306673	-0.7747218336872157	0.18069316063330457	-1.6374603936273961	0.27518355966272395	0.5506829510640294	-1.8912642136404894	1.636992817883203	0.2539712486384315	1.5327029184110017	1.688766077581547	0.41244588570355517	3.2976134808420645	-0.660469059358763	4.211068360255101	-2.3993651587698466	-2.034651669511876	1.1439582524906369	0.7238497410918812	1.071324183607196	-1.2995622491016832	-1.8811294587395544	-0.7954582202781098	-1.6089045016516643	1.9988250260612692	-0.9583458320271029	-1.335886206381848	0.18517024668692267	0.716726562804398	-0.3387792256839087	0.6017318190644434	0.9825254945600826	-1.1410570413996877	0.7583923032557167	-0.6792415851585138	-0.983408746720488	0.9011195293621579	-0.751028250668071	-0.7806112445958318	-0.6078359754335666	0.34962918280608424	0.6533243734136218	0.2816105599982673	0.7621701177745049	0.9910373536814464	0.21769509127222597	-1.1260881672698146	0.3392284774180706	0.9308038229422853	-0.028570740841098556	-0.8296336959777807	-0.9382930916188807
DTXSID7045360	3.053434360992903	4.670828283263087	1.1277193476634078	0.6793233217542697	-3.077882608638011	-0.5168049732035834	1.5157519130918575	3.913672043235355	1.8093387994228027	-0.5486650731700217	1.404751814176821	0.6768717043787271	-0.9292810268178171	-0.2110304622529897	4.316646987426679	1.4450229301274973	-2.9255282265259503	0.5230190055169762	-1.393337240373342	-0.5281634386906147	-1.0988945072018201	1.2065451781735168	1.3045178213203736	-1.392188356454561	1.2296834315727283	1.6783496938650337	2.4397503757962418	-0.6368526055371143	0.046320004657673934	-3.374124154856789	-0.6015863812580747	0.3367266921622198	1.4354325802269192	-3.564658045046874	-1.4840930575018023	-1.723786453256729	-1.2727445352226205	-0.40519227313210315	4.25313022667295	0.751912545404472	1.3062224923014136	-1.3451483449486599	0.5568440282344737	-0.5826098419895778	-0.5777141478688035	-1.644131599258532	-1.8001280748780828	0.582129669362912	-0.20942008472148957	-1.0201318715317198	-0.19773430197646763	-1.761393191592385	0.22483387086983225	0.7344687767192346	-1.685824563231315	2.917184625267601	1.1757198032086646	3.07241255278467	-0.43351936328857044	-1.491038542111507	4.406254530581301	-0.788067583384074	3.615020613690099	-1.4338216168301858	-1.7775415429501045	0.8523277981411119	-0.13121215475545367	1.5450644544363787	-1.038698698274456	-1.9264541687125807	1.478654663634338	-1.6367629776054524	0.9252639954151727	-1.1605604689634763	-1.1267983749701234	0.4771610215911237	1.0334760540504513	-0.8305722462113797	-0.36720487485137665	0.8709283314851669	1.2776386141353784	0.9219582038481142	-1.131450632510707	0.9074091090893567	0.6598448813331917	0.801739021829406	-0.45860547983724853	-0.18880450846387098	0.018972121079294007	0.9767207537511928	1.158340318216004	0.45125059934455597	-0.1336495324273993	-0.7080381987738555	-0.3692044343184027	1.0267195846165442	0.14270742937859937	0.3779577242556814	-0.8220331291607814	-0.023352429793669728
DTXSID3021772	-1.7552311994412035	-2.642323631100646	2.6731775030011367	1.120066222919099	-0.9891012847863676	-0.1915645942798052	0.5608651550277092	-0.9582942090898402	-0.05008905271511282	4.698814094031369	-0.4017325571526004	-1.2865613863314316	0.015741954627555593	0.5277205217269122	-0.06143404270417314	-1.404158990458896	-0.05599345872832759	0.15533672273136745	0.7224831936192853	-0.17676498620066672	-0.20705734773673815	0.2788375012711791	-0.2047947878288891	-0.38440885613085285	0.12837303068053738	-0.6491015083607792	-0.9279682926152748	-0.8953041165030888	-0.01307726554422492	-0.23035744856096774	-0.018806289435395585	-0.09907031330757522	-0.026062481243647077	0.542266214873734	-0.38683168445048494	-0.24763914713937607	-0.12835327924747733	-0.021635699498223564	0.03293831893956335	0.07952345551971796	0.45661273211233816	-0.391719229025214	-0.06275915596328496	-0.34332475855515854	-0.6751463927710093	0.27962724971482755	-0.6056066439717517	0.1448282291674071	0.18493971388621536	-0.020814022975307152	-0.035537704409826384	-0.20769930361788333	-0.14642666588607472	0.08434653589106657	0.055502404835519735	0.14355623841432738	0.25219770377064116	0.13515976105500446	-0.08290421735050434	-0.18201961639562658	-0.10679575613124474	0.3017119372789198	0.0554006246508538	-0.5361415843282659	0.007972123645434866	0.02848755595083635	-0.2614425534285828	-0.006778265821972605	-1.0147340564469127	-0.6274975698567178	0.5155801020056721	-0.3568845012870651	0.13552077256672979	-0.26625319390008806	-0.15280672515502652	0.3112812702259623	0.4614915079628299	0.025359133429110604	0.6804883654002545	-0.49237535394713583	-0.43474545774665924	-0.7402593004179318	0.6476943538631782	0.4884588506788577	-0.8141054817786868	0.014016369509653025	-0.6968585666303276	-0.793550328514732	0.2545005731367971	-0.6992444385179255	0.32114486883589566	0.7185472453152262	0.9136908857447233	0.2707058738813725	1.4917900656772773	0.1734710316435692	-0.7397467356034148	-0.822895881273904	0.044569012537202614	0.22449563343290815
DTXSID9047047	-4.061815292954214	-2.6300470759246766	3.3090945422149702	0.09615127310321266	1.316645612019535	-0.048765802030057016	-0.501144102673431	-0.1407130441589523	-0.20455488046287792	-0.450867286483145	-0.4071511203642532	-0.030781877367753327	-0.23582551085627057	0.8253843714086927	-0.6051349592922572	0.722789080101071	-0.322467360854965	0.4108283818005065	-0.8983408335644206	0.2108073969266916	0.04326255284372315	-0.19201628840979865	0.9095979002104567	-0.5664524342019127	0.6070118947901624	1.1415711425671409	1.0146030014725254	-1.2094463383724228	0.08795538312122259	0.12629732444860614	0.6925951700977505	0.7444124448221516	-0.12011878206340017	0.13268704521519928	0.6738583770696996	0.3680679188617369	0.5101708978868276	0.7904873963119607	-0.4435798744816086	-0.3427943934964706	0.36344255489480665	-0.02286951854464736	-0.5699189700247276	-1.3968660517619969	-0.2665884548659508	0.39172055212227175	-0.16182864207936287	0.6064542291735332	-0.17799751682264917	-0.042359065302786075	-0.031814199802955925	0.3933538471994632	-0.16671350094127427	0.11270569893858522	0.2195168757171079	-0.3869763306689373	0.6689573509653554	0.3546529281672432	-0.2486193772193991	0.09480498534279747	-0.1218149566123262	-0.3510153058898735	-0.03791173382936616	-0.9389892653647075	-0.18348574634932108	0.21551241396990797	0.19811782675079087	-0.28049419414419596	-0.08664310719262013	0.6967526918012283	-0.30591217613066946	-0.22169996835766054	0.7527382535062433	-0.31749797393876616	0.0658434833517821	0.5714249368523868	-0.5733757961834692	-0.2821249881207162	-0.3622799299125149	-0.15696116822759923	-0.6889741060410479	-0.24279973888986234	-0.07580705290511927	0.16017243969261122	0.1359069526573733	-0.36569222451082517	-0.7349536876722961	-0.022588180181767326	-0.4644436961202124	0.41429723553244074	-0.06780247047856755	0.8225871022262733	-0.3668394152052094	0.40183185288389284	-0.5436545465969775	-0.0040209264351134585	0.28427631853468344	0.08702331579660968	0.0368521623377765	0.019722309734279762
DTXSID5022801	-2.1522870672378787	2.6639847981373066	-1.9991226477598072	1.9253257488892763	-1.9428757900770015	2.5322542108397474	0.1699894805756904	-0.26074055800549023	-3.316470009705908	-2.257737759551497	-3.097634385667827	-0.039683557028056995	4.550507040662832	-0.3130630299356095	-0.4396765206036783	-1.221914709456835	-2.1015875860668896	-0.5768708396400668	-1.087113291534392	1.1926857178938417	-0.12986896793790717	0.08774278306077274	0.7179101461029538	-0.2052210720533432	0.6800805846843792	-0.9524974880472029	-0.3940127928280904	-0.027975556496132196	0.6068826929337459	-1.098390743610091	1.6653268214312047	-0.33197179602637256	-0.6282994599064354	-0.152775068781894	-0.8044153083346545	-0.8634312143407162	-0.6405540269598948	1.10036294142971	-0.5304754978903556	0.25314279267718653	-0.29770135032685885	0.2158802966786044	0.22679200692092535	0.7629759345020446	-0.41089648243481397	0.21982640487505772	0.0957969498693123	-0.5602202154107068	0.5744715437250505	0.6424064693273717	0.2870762356348405	-0.1934571425084345	-0.22633775224090236	-0.055571322129618315	-0.42091546277829606	-0.5540824589421014	0.8269675258420898	-0.5537364542827475	-0.17013468939515666	-0.5466383479681357	0.2400586734475302	-0.24791829183859185	0.48264879727372667	-0.5464613549788425	-0.1612749689397342	-0.4730381218177587	0.03172988703843433	-0.590528188829435	1.2048842176554122	0.6234724204645786	-0.3373603480332899	0.29363888299086693	-0.04317610140505133	-0.0960930153640703	0.24574471327275949	-0.07370386391356817	0.5824653562673765	0.3128989873354348	-0.25028702607885295	-0.17644805073089753	0.10309456786962796	0.07031443945285785	-0.5397275693570287	0.40369066757699046	-0.21622784942398643	0.32063867135102064	-0.020617169110247035	-0.0578810295380553	-0.05322999579614858	-0.2785448235632624	0.46619793556774775	0.0096020505726632	-0.1903291539320696	0.3547652984573315	0.011397628686864987	0.26690628480465484	0.4264218731495294	0.08955692545996558	0.27353519996561476	-0.06693189773040793
DTXSID1024916	-2.3711003677031623	-2.1809564280303593	1.112328181320552	0.5879449620842097	3.973009719327302	-1.0144498186516389	-0.832826595020235	1.000573334414987	0.2678610258484439	-0.5404963177980956	-1.0138359235521879	-0.6830647503470041	0.1515355343461363	0.4399972794604266	-0.8411849676771268	1.0874446756882197	-0.5915201293034196	0.42994228572893844	-1.695598189289997	0.4759676023950127	0.6212247927340566	-0.4577673706030339	0.872347733019111	-0.48859900954169794	0.5701329498405021	0.3119983011680323	0.9296705826244556	-1.1977698123624678	-0.26241037606197953	0.6216169844912169	0.43114550877313396	0.3478730256578364	0.653775453103083	0.174217811912315	0.5432360478199325	0.6674424655280338	0.11922985835269613	0.01306815044698232	-0.29404793657897577	-0.2918001316478325	0.925315507983655	0.31967358861286727	-0.8415594610340514	-0.9029264441395067	-0.25239954974640133	0.5020631182683133	-0.48821977673578576	0.3765221020056882	-0.06920994940509331	0.2838610580363988	-0.021201897208751368	0.14400384352524898	-0.08900424908358816	0.4612256540472313	0.17289456552331106	0.02832684938839082	0.9039603614404544	0.6982114606224223	-0.5597823380824976	0.21912296128042055	-0.2034860049663327	0.027060270890796413	-0.13122668800914195	-0.3774891276258623	-0.4907258641356088	-0.01953365443644892	-0.20812659636732603	0.15496021070548335	0.08667024951390657	0.3394102460074358	-0.27962759049527053	0.4166725529177557	-0.13075711600081819	0.5021740957092072	-0.07647011357102482	-0.21023334945961591	-0.7827405156128455	0.1695865667066562	0.5053730264131284	-1.5181475999916467	-0.7320341887209433	-0.23636399657898927	0.18299216382099462	0.47538097479538	-0.22659104961937543	0.03330388857962979	-0.2090495409849759	-0.5979219767884267	-0.22791870713314416	0.14214535981124757	0.41665156632205075	-0.37344822567195785	0.3188752527063017	0.11431572292676154	0.1754568331552487	-0.04781802494534383	0.2167678207246701	-0.44151043594917755	0.34603607020231897	0.16157247696495347
DTXSID6046846	12.353081139517702	0.667261114763351	0.8734404943462298	4.260641361083008	-0.6768831198512419	-1.3842904844155546	4.409075758196303	2.1922644895747627	-2.1518972267350422	-2.8618811049061548	-1.085273414670223	0.546003823846264	-1.842132931416506	3.6353137333609054	2.8179827835568196	0.47449738027089516	-5.039022236460773	-0.3473218832552455	6.346723147490121	-0.11364812125304552	3.440870665878101	0.44391358248351154	-2.2517103831644523	1.7579510412214234	-0.47911087637012556	-0.050181191519707374	-0.32025004252203904	1.6030514350633416	-0.9604687462978065	1.6097822840676523	0.18014067445060628	-1.3983389348595612	2.773463944307088	1.3756965445267757	0.5113030656575428	1.159075116376398	0.34699413985418	-2.5658442891910114	2.2326576444662516	0.9703748328597671	-0.3792263789871971	0.16707877810847518	0.095791409805714	3.2273181298740456	-2.832734188154253	-1.3121290446774434	0.06192960203857345	-1.7274172807631447	-0.18139984067903603	-2.012705457344549	0.6530946462677995	-0.1744325505664703	-1.4140530255777264	0.47091177145687907	2.6202021073944293	-4.362491049568537	0.33870324316828493	0.4915309059866942	1.863758257292125	-1.6274711563395339	0.6267630654734897	3.256699524767496	-2.7182994119475947	-3.638615882599258	-0.7730637927090815	-0.21310316736458193	1.804177597293408	1.8113282441010854	2.5166020671922222	-1.5676541482719701	-0.3571920408157504	-0.25993019554346014	0.5721374192757941	-2.7938571688033793	0.8209035909793827	-1.2723607138398105	2.024654087503134	-3.5518738954937077	-0.5253073881456155	-0.8869248029321495	0.5235928045647285	-1.1177717321318192	-0.4039643440385937	0.5744517595527882	0.37075721723329025	-2.7408199070298718	0.31178410654420036	-0.45775707097059315	-0.3309734884379675	-0.5302882434714778	1.0685374508683176	-0.4626082947550634	1.4419655725009655	0.07085314815159446	-0.4123775040346256	-2.0640411405237087	-0.2529562318516681	0.5926266763402787	0.6049290905307789	-0.2843953394501477
DTXSID0046648	11.222617489156036	-1.8427384678287146	8.628807158385596	3.8531292539521496	-1.1561720114142127	1.3202337801126616	1.4487252406797495	-2.2800107765719098	0.012041910789362826	3.602964505248786	0.672138805467961	0.12589669179284077	1.5444637887278874	-0.954028007415065	0.126442390537458	-0.4169085507198518	1.0679874672279739	0.9178964593627431	0.34467407191913096	-1.7344139290075484	-0.4187139972414984	-0.7583188163113985	-0.9168734508706774	1.5049205182140144	-2.297728497309271	-0.8929261010238132	-0.5076535987562257	0.6441460153459216	0.7753949718376935	-0.7857926014949452	0.616954449633416	0.3545032216376035	-0.24176108397328766	-0.8197511977688497	-1.424701445988303	0.45530508039736856	-0.32590356435955437	-0.4877600956826395	-0.3624541238311156	-0.5894158902992528	0.2648720997255527	0.548251004156085	0.2595066082141091	1.3963521722108254	0.010001859143120021	-0.3001696865555454	-0.44056828322764807	-0.5225192498271093	0.09132686262968032	0.21656906595569456	-0.15676435201450198	-0.6242964220071414	-0.1776649988438789	0.1909935647089617	-0.6920177435531469	0.466997357442044	-0.21456946066403035	-0.3726590493864579	-0.7198086535278729	0.765703908562056	-1.0560446059114081	0.025619922797318805	0.38547403602056796	0.14002695841820548	-0.9576176698586302	-1.1470193392213455	1.0613735099933272	-0.6039506444868002	-0.5267900764610047	-1.8731819342348126	-1.1254992918961568	-0.7415110040961266	-1.2205819152827015	1.2128126906224346	1.2193371335185086	0.26254602888771533	0.7107989982815843	1.2615366139425934	-0.4986855282723509	0.417322472543195	1.0591878929496288	0.058366800410808016	-0.2806228618314118	0.6808387898605115	0.3797291137125974	0.4319189335530543	-0.8733793092202494	0.2226207858761508	-0.8217137454971181	0.5582443579595543	0.4957801037833263	1.199154834604921	-0.3249142688819004	-0.030550165098341967	0.8779454304427914	0.23596898572614955	-0.4538291391877015	-0.024219874050178964	-2.473282974851644	0.35608116329929396
DTXSID4045002	2.262306113229667	3.121782212732424	-3.0828571601463213	2.2530641375757154	2.021792415642782	-2.523070209440522	1.160755351616785	0.8074914168264722	-1.3417425783652732	-2.4692301597387782	-1.7827267144822898	0.9033785943832622	0.8181707537472341	3.471243854057032	0.3438397278465696	0.5710600957219772	0.36897288291732566	-0.3363363200011001	0.7531889880814631	1.1625130215414439	-0.9001505342827993	-1.3765744959080803	-1.041835077024089	1.4019784284331795	-0.14580628163912113	-4.065805328278875	1.119252997037925	1.746061463826878	2.550529551048508	-0.6086007156169353	4.804629182240287	-0.1315002662858502	-0.7072141326790108	3.354305985169899	-1.5565976806329087	1.6985607082699798	-0.8405104372917538	-3.842045893591923	2.4082944065953864	0.5968406454929442	2.132171122355605	1.3858789813330847	-0.4461042415900949	-1.046131969657501	-0.9806926931712324	-0.13950224756522445	-0.40767561000750097	-2.7026328875556205	0.5456450333321443	-1.752189670151225	-0.5005318199508582	-3.346140882009899	-0.163687777055908	-2.7590958953051423	1.652189835500341	-2.188579718541955	0.5278052657621302	1.5175139012958936	-1.0967226756972306	0.08995476604091263	-2.6971226328687004	2.0009071118570234	2.500974961907455	-1.7734133447218596	5.111056930415565	1.7119250365809222	2.4990367774174467	2.8267131817088673	0.003601091579713067	0.3007293115894342	0.22718340527867872	-2.9771121636827407	-0.6398853964872027	-0.9349737626058833	1.5460090017532293	0.08730639932351704	-0.38645011277264596	-1.7677298850652599	-0.6194995672375123	-0.8650005494536253	0.7175131471873323	-0.3488117434010005	-0.5766718296858275	0.6736916472967259	0.01802021171731304	0.6776222148259787	1.4233834907997485	1.2078497029335116	-0.36906313341270547	-0.12285848992521504	-0.0649871213624558	-0.31030192759041153	1.0872391522657128	-0.35621023325083795	0.5230805496119575	0.4554266927964863	-0.09021540502866895	-0.3179068970331241	0.18066575903224003	-0.1903611562275555
DTXSID8045698	1.3417887608751775	4.294902377104934	-2.3369136384695097	4.429270275594398	2.6559216926299265	-2.7524953351669876	5.02447075448409	0.43778398183404316	-0.16733582481594259	-2.409304706670268	1.2669481862835645	-1.0693681082712536	0.9968187988366191	-1.0800874303818118	-1.4403588212995266	2.0659928520564765	-2.657885208383868	1.4166562107286347	2.4377020668861475	-1.4132218203053528	1.5631219693567422	0.2028022969997459	1.1924478604892867	0.5063878749721693	0.6455988060940958	-0.11770800098134077	-0.5170527064527642	0.07036709852967599	0.2782139267336021	-0.4461823911813072	1.9354959246102605	-1.4384655694761124	-1.091205930147595	0.16290555648339283	-0.2594526482654192	-0.00545846244027134	-0.25629853206468156	0.1800506932408643	-1.062511256779907	0.698021888189614	1.1624279694782462	-0.7722414707522868	0.9514258803252574	1.44695262417578	-0.5442364334254187	-0.7687174512813765	0.10820520008640815	-0.1675746515582868	0.6880789709068078	0.7530082730214502	0.12827847446201396	-0.6292380181778044	-0.19116945706039676	-0.43113635036800385	-0.4508485452156947	-0.9464987542277021	0.7663700447491141	-0.5671274260400357	0.1818475227337769	-0.9895910052065537	-0.6075828628776601	-0.799736543861282	0.5322159226033549	-0.7039925824045034	-0.3128677515529342	-0.39488358334898066	-0.038689228115853416	0.6524279654057343	-0.17050397523697508	0.15120853191711936	-0.7647148007675278	0.7983604990096927	-0.2401322611838774	-0.2252511408994085	1.047806249731493	-0.2585007312954052	-0.1700736580459439	0.5143000300284672	0.3233648734394399	-0.36011522879793145	-0.7647493973855285	-0.17782245055203535	0.6130122034255506	0.40332186617204124	-0.6857488408784477	-0.13348713901299797	-0.047461646053676636	-0.02611630484884166	-0.08135853873787975	-0.03954069870807045	0.36831108327450285	0.4729223116949456	0.7541762765043373	0.22577488553713312	0.1968910648558954	0.34135252629488005	0.189996331880354	-0.1558007610078564	0.14536314569998557	-0.005569349586028167
DTXSID2021234	10.599774924462093	4.78139779238135	-5.823175454828911	-3.51015573566509	-0.2581665574798939	1.8601741352456849	-3.0275440196051693	-7.265731364775826	-3.477596742849099	0.1859831242102659	-6.701409821328301	-2.7620589003254796	-1.2751670820226637	-3.80512876502785	2.5637972288376836	-0.0034379797585012057	0.15106373758662317	-2.1784505434880175	-0.17197623105027324	-0.5248687771765244	-0.6397486866496671	-0.5474915375648504	1.0008259127137886	-1.540490154865908	-1.4165531230288781	0.6636088107232333	0.1913212507870107	-0.16245960616393634	0.6256573040875064	-0.3850041176139561	-0.11294264496437101	2.320513034609607	0.3500979146988567	-0.8358598839824967	-0.1246722528800435	2.273571754067221	0.18905406043108022	-0.5012662812851851	-0.12878139704466185	1.2832184629321486	-0.2795743813060388	-1.2909234881312737	-0.8027412481226639	-0.6406816870442221	-1.4192030461393346	0.14674789290221082	0.628944559501322	-0.08226791806434068	1.1903864597132665	-0.07350257051970727	0.019301748239603927	0.012826644818450502	-0.6098293361388492	-0.3563094334154293	1.0816760467921473	-0.8014934453637564	-0.6261152092468325	-0.6797246228372298	0.3162492937303522	-0.5867739918353295	0.9959298811149355	-0.6846900318890992	-0.12027011712916871	-0.060141851306116406	-0.971935841081481	0.9828222498526881	-0.6216434817164224	0.5582290932920552	0.06724907328510646	-0.18952291849900746	0.6007354685277945	1.528257254696239	0.120027967803479	0.31692202076758436	0.003955802076577533	-0.1918282485793317	0.3784386663622171	0.03510480936659865	0.7874962353291484	0.522055353263486	0.3683271139385437	0.9936465991815027	0.5207780539086265	-0.13017891326881062	0.014133717678048314	-0.5420580594877725	-0.468899988919485	-0.41251884671144623	0.7127968401196774	0.29366978540241506	0.4221150738279675	0.47432016263653476	0.03864865029798342	0.681093936673926	0.226738787597175	0.10202331842734712	-0.07838229586123134	0.028139271937907592	0.38280445844157684	-0.3318179703058782
DTXSID7041623	-0.6078957392703849	4.777684878709272	-0.4378606050278227	1.5012968659062282	0.5645853385823844	0.36165107556532045	-1.578705285828907	1.792020746934634	2.240524967047918	0.4377803491296178	0.4798658802799754	-0.3920618275928606	-0.3833987934958315	-0.5042774416932858	0.24190275937985797	0.8157789005435797	0.029465682977872717	0.7353093818961353	-0.0801208931785096	-1.2459863981315191	0.4110054887275571	-0.44260416445703676	0.9610315574638992	0.40588597008704647	0.4493273094626843	0.060350572745897106	0.05741085601158169	0.35674615659660286	-0.21833684061710626	0.38802883429824775	-0.5493075194815252	-0.6237270597954758	-0.4395629138505992	-0.35165628866227305	0.984813713742277	0.7908020068262732	-0.7406017619338511	-0.2600630890209045	-0.13038151472744933	-0.16095192542029813	-0.17481224983184523	0.31563256776478593	0.20444587235209585	0.2373306326556486	0.6533454997724502	-0.654223440533835	0.10860991667408372	-0.4654490123708348	-0.036290268632205594	0.2383156689045317	0.1620385369901531	-0.10217193900677209	0.6312242826876138	-0.22304030586731124	-0.3957340244352133	-0.16462945862564615	-0.13686826580025996	-0.19321946007530455	0.46292883746808644	0.7131672488000688	-0.528437347886064	-0.5149626317658115	0.0029729498289397605	0.0511000130598659	0.2964183087007688	0.3121963916495237	0.3958510091329363	0.18486066110494304	0.5721760986009936	-0.03721729418455074	-0.6639001863436318	0.13290175547952546	0.07133281101509566	0.046235771018784476	-0.1696216411628238	-0.2048611016835552	-0.04608041532534151	1.3484636472684268	-0.8129039675756502	0.5801206575569734	-0.7274962414349236	-1.139398703731992	-0.2652839957710844	-0.2851954350301225	-0.07296729982840418	0.5637344957320337	0.19822894840299057	-0.6853943556648262	-0.5852217299990052	0.5111987632323796	0.39014336264513305	0.35044425593673717	0.5139329735738636	-0.5319147928477497	1.0431989028823336	0.6549789858899026	0.10101336108642262	0.3100493634189495	-0.04275685189016826	-0.513138570573622
DTXSID3047182	6.174308851564876	-0.5776836921402461	5.8699352258031805	-6.035480826996384	1.1528195214704935	-5.3218211598895335	-0.6225864733349326	0.49449609599710237	-0.4621033213207546	-1.0379213530606197	-0.2582290851049869	1.2263533510400504	0.6662839992422878	0.2287983970310539	-3.4515332967092305	-0.9336522055939682	-0.15908520354117844	-1.9059777284923796	1.29753535830242	-0.02705116354660971	-0.37261362809701815	0.9655466801213971	1.2263527042526832	-0.7420439587975792	0.01610010747182916	0.524603904972742	0.05542413147681686	-0.20890968384162328	0.46210677886076185	-0.007679526807797715	0.10517032625639312	-0.930855207928263	-0.36547890873976163	-0.6511404778681273	0.6248355295043229	-0.11205915091735788	0.02915988088606162	0.5430594868306615	-0.2103010963258817	0.2885833374616012	0.369809489993871	0.18882626739591513	-0.13444632214414742	-0.0806399564525107	-0.02756967120591136	-0.07351502547086594	0.1831848398418774	-0.0027665361527143403	0.09485657249085568	-0.19468793354673058	0.07194279374961948	0.08859256120482166	0.1179482410399017	-0.09333198525290406	-0.2159040140898735	-0.07140379193804167	-0.14840450973726313	0.2554902565129975	0.1721347888198106	-0.2736302091441275	-0.053874989180104464	-0.017661871014651224	-0.10492344107775263	-0.42997840457537595	0.3456282158640099	-0.29762615419848387	-0.35119361348639194	0.14159326218069088	0.061213271294272904	0.3662740965569661	0.8856550692284287	0.31034382494725316	0.7584363987771459	-0.2966412427681228	-1.4864511829774416	-0.24033608803530504	-0.6717857825773568	-0.42246493377403566	0.3670821919547496	0.27115186209586495	-0.13302679790977318	-0.049949386697140885	0.8207725414063567	-0.5925600314673152	-0.4192739843241253	-0.23142042020218584	0.391901731548424	-0.2715191909767466	0.09517464538270065	0.2695049048975026	0.7660628084765446	0.19205368061148523	-0.09063119125207258	-0.3279118806723844	-0.7129489129370141	-0.3337365966210691	0.8397302569317833	0.4506834914386195	0.42765245208849034	0.231699043200007
DTXSID5027061	-3.7808822256775554	3.281564315325897	-0.5487427675695546	2.3176461180988253	-2.648154379667339	0.9318419928380616	-3.43575191975257	-2.839391524399196	-0.180703581313967	-1.3230225874521873	-2.849892685661925	-0.8789521317280157	3.4455738065525576	-0.675733979028846	0.04503194523382938	0.06886797643444802	-1.3989790836492728	-0.10720730802493199	-0.3595260671647883	0.30720210725601493	0.39709793354422857	0.7561937665416405	-0.15291400325475246	-0.4421343692136665	0.42670531128235767	0.9963240072893631	-0.07906551820045592	0.6053224801098658	-0.12890716204457953	-0.5481756467319255	-0.1775217329067228	0.12643403270040957	-0.9675326086935027	-0.04382606069214848	-0.3146151450190663	-0.5431136059027392	-0.49631823088201465	0.5094527607800489	0.18423357431452816	0.3354868347140682	-0.37775595491134834	0.46693927258206946	-0.0679230895359346	0.4138989533616337	0.08827635166459105	0.17604235522721415	0.11698683014798716	-0.5666168459815375	-0.013188843747668556	0.23892937537957487	0.16169263587683796	-0.09837686131776378	0.20860098262403495	0.11465968904869729	-0.16857223969430044	-0.5000683094118487	0.11345137461147112	-0.023160479542037885	-0.0198458254002684	-0.22282552709793566	0.41549696233588523	0.3195070684919258	-0.23762238542466457	0.5524348589029776	0.14934864687804492	-0.3856327489331421	0.32270438548457914	-0.9522684472492668	0.32930975995617756	0.17576972615518144	0.2551813291257697	-0.6052324177428633	0.3438925297263168	0.15642127316106524	0.17680455709280585	-0.14551876775023762	0.2233127931494132	-0.3311786470737083	-0.18081350985222952	-0.3141978788823997	0.07065193597386256	-0.1426143696583732	-0.45018759415744175	-0.35650203330975144	0.10186009199893509	0.15845989172761452	0.10847628030738518	0.03460880916842589	-0.051017019236374236	0.12975172257127604	-0.24495025867818446	-0.4323563668853882	-0.3575523993290306	0.02928126859117642	-0.1606185823853243	0.14569168174080396	0.3605522784602341	0.13794515731442286	0.4683356415985984	0.13336125013209177
DTXSID4021056	-4.245615563655287	-4.10666010517744	-0.791818664733329	0.6980358703123637	-0.632058125041746	-0.7730553439097294	1.3200222484566577	0.7420047810258226	0.37231274683441884	-1.201076640451239	-0.9631222303528154	1.7061457978580612	-1.081320812283381	1.7651582767701668	2.633395159886796	-0.010837189074293667	-0.48711660382625516	0.27990883085924756	-0.10073375619220741	0.7297595611095614	0.7195194873975521	-0.4214403600918537	-0.566982022287511	-0.5684533850222998	-0.266338140183052	3.3657419616707207	0.7979633681732798	5.101010670891448	4.357840448669952	-0.7888087958932075	1.281678903880281	1.1822841510813695	0.5338045050976902	-0.10092902715748836	-2.5642875084820265	1.5794358364711922	-1.9355906655994668	0.2519050402055948	-1.955026815748258	4.171623897821169	-4.478300012304553	-2.6040661059332773	-8.140462418062587	0.29612827276323256	1.5267247255168062	-0.4100559169189887	-2.899312416879035	6.840169395613117	-4.727820263957118	5.491368627120623	-2.510290734968973	-0.06732798478209581	1.1461395916035282	-4.322173215604361	-5.792260711178926	5.869526383705044	0.0075406159864496464	-7.9714390442356855	-0.7913600592555642	-3.3584994375543955	-3.3193886575029836	8.486867751856586	-4.367484964061089	-1.4027350589514709	0.539906440271071	2.2187465698676374	-1.0239426613710416	2.384129374215811	1.39411124103342	-0.4103861932091123	1.1696721537804025	-0.8982412235318205	0.8524362383917079	-2.0163867680656953	0.5525604827968327	-0.09483633591884504	0.07309664794002342	1.025971906807832	-3.1383347381200863	-1.870229191173243	2.3086299765861638	1.1757853132445997	0.5344710093583414	0.5382487703214873	0.37779279306353647	1.4498468031167522	-1.5428223540703385	0.09850322804907748	0.2520379378054782	0.5673474619381387	1.606653454100816	0.6426237775960572	-0.15867792738826186	0.21187673254216005	0.39075836723268625	0.19587595803176264	0.2585689946779713	0.154946985053277	-0.4270232753482316	0.4292727270659987
DTXSID0023163	14.175089828191618	-0.9048331126380259	-6.304744311669962	-1.7013613676061743	3.1163360734363716	-2.470271231107492	-1.0374185464012975	8.375852346859405	-0.5950578080391838	2.243255783708857	-1.742136483871193	1.774399485914146	1.0187693801078836	0.7953504642690122	1.4020890954215384	2.1812317066885027	-2.5678063568226968	1.238223321073958	-1.3336663681991163	-3.8750552827436917	0.04050263996455932	-1.872905388094467	0.8927950570791279	-0.11827505810200796	-2.8948260582235	0.5199254670182953	-0.26958084168424334	1.9007941259648453	-1.055217622861672	-1.1351941140613435	-0.7518923199921104	0.5167918121722793	0.942774140974209	0.8479938101010613	2.268661321078618	-0.49361739975586183	-2.2144671358512085	0.32280311958099556	-0.5707874870806331	-0.3267281425847637	-0.16879576210577488	1.4156988557875985	1.1691347717247251	0.891558210558898	1.0434047458014288	-0.23563148156164276	-0.37268890137064736	-1.1504851430052416	0.058666871251628096	-0.7841398774713408	0.3624584703616816	-0.6096974587210654	0.4565463630832093	0.07134878857089856	-0.02470426548823971	-0.25753666720156915	0.09627502022475405	1.5798327412563253	0.18105210775014569	0.1859293437579118	-0.022044776126955105	-0.8596982036151807	-1.7996713399951292	-1.7097954985087733	0.013896527811946216	0.8571704132040008	0.3145130113719332	1.5026074072585833	1.5737930435593517	0.10012075572056939	-0.8127027598431839	0.4168968209068072	-1.2797069034054371	0.056613954994992464	2.606593253857283	-3.146526295194457	-3.0646264122283924	0.45740380777892886	-3.009689628689656	1.2477284843953618	-1.433458376752344	-0.14673721670609366	-0.4439485561190919	-0.8709752681638236	0.8586960664043012	2.2238392351403036	1.587027655470647	-2.7934530257918224	-2.590077082040446	1.0840559524078002	0.7939374709712237	0.9949493881023935	1.248460890534421	-2.8583097002766955	3.034935696212592	0.4147110791914304	-0.2258800725892427	0.9662112674525525	-0.5652694824590428	-1.445482096385
DTXSID9048518	3.027457048207017	3.668118896794615	-2.482085890662425	-0.26891356158200463	2.963505328566606	1.9782168052189726	2.0574271698982494	1.4250411369040101	0.7165078898327957	-0.9109039130371288	-0.882331334259596	0.13439806088940148	-0.2622376711591674	-1.4377483624484595	-0.4028551863188311	-2.1583812988841813	2.2048647777535524	0.6234107901578235	-1.8632765878855901	-1.5314208651622572	2.0368000365069707	-1.9185442340928809	1.1681730883361914	0.6884912396981603	1.3839431923278611	1.8438371803764517	0.1742737920612161	4.24299910344189	-0.048615944137904044	-1.1209134639873632	-0.4437560854217373	-1.2539869278476035	2.1296443792633335	3.142390424821125	0.8634421193998223	1.406236457739195	0.17375818686445108	1.0162495295314626	-0.7247408273977476	0.7023373503193256	4.901305158980798	-1.5371031277692764	-1.4098879206908128	3.2256609872471618	-0.6884780253003899	0.5315057671729069	-2.520620760773895	1.3307260725855987	-1.1193849271566287	-2.884056034255251	-0.2352208562213592	-0.7091363236790097	-1.5570389948377936	2.936821325648868	-1.0831306373866283	-1.0539390481148112	-0.2993183200604823	-2.771251464748573	-0.5027767840282438	2.558047688258677	1.8463204744075155	-1.8362847216001812	0.6097769281027904	0.2776449638255294	2.2289432325557508	-1.4279826277004468	1.8288253337268066	-0.7787157332000649	-0.9282681556214858	-0.7572185715083153	1.6152889097341137	-0.5959399942491496	0.429708970576455	-0.11402264539616075	-0.30975102037332447	-1.491262233156352	0.8289176347978903	0.9303498936987661	-0.2515664765539205	1.5642281290533642	-2.281357899416827	-0.14484005299670014	-0.6709564256210193	-0.5332832530198468	-0.48048223608360313	0.03590702417671637	-0.01410762248112254	-0.9537490788907558	-0.2912491899391481	-0.041691665753912185	-0.5579259101707261	0.5824314673401894	0.5788178762587258	-0.018221683868529927	0.22978640063235273	0.9738901923292904	-0.22953880108649416	-0.014134974997680017	0.11165569089181167	-0.9895586914039686
DTXSID6021379	-4.0258610696494435	1.2742320165008783	-1.4023761493877767	-0.5191571585560758	-2.4061976280615167	3.013828559969249	-0.4548874807533853	3.6351633529278895	-1.2681603563680794	2.647155068910043	0.3116400065785585	0.11182384122378217	0.10995349467935692	1.0782710481373226	-1.9557759522074134	-1.871723581592729	-0.25692799763772656	-0.6453904267823243	0.3034273528777682	0.48745248459443574	0.7459565089412104	0.009091361629810295	-0.48923542886278093	0.3093300739860884	-0.7530961681559909	-0.6503797871741833	-0.47351501075210406	-1.702864127150696	-0.031934600755485536	0.003859168800111012	0.6527854829090411	0.6222264840930097	0.026188165850946403	-0.6041487037119619	-0.4536554855577118	0.3488100387236183	-0.3185373084902762	0.5392618732547629	0.1968734523935698	0.27627934432241297	-0.8175185528203501	0.012278339477239207	0.12510539091046308	-0.2885528884649105	0.3967294995105573	0.0944496158391178	-0.1666233478684653	0.1980102607448899	-0.23394653653482808	0.17266124137367786	-0.2409678648377631	0.09928718638116703	-0.2553470491524946	-0.1739295850508471	-0.3103554369405458	0.18499243797242246	0.029836786734849755	-0.5633354162827563	-0.4107105201839917	0.31142730108004896	0.5167374547636105	-0.4331341656459955	0.40730920234546364	0.16665161704223705	0.26718577125798454	-0.4378478424485455	0.017609261029897027	-0.11748385421424831	0.6418510814440478	0.15169618103301324	0.22414948566103216	0.27792711213694965	-0.13273483367169453	0.2801410165934276	0.3394849457602682	0.05038151899643633	0.7916639476914069	-0.13682918958032667	-0.47172355267373905	0.413941181233748	0.23379989418367547	0.02773393024485459	0.05605723936960437	0.27652105684058687	0.0681798399831312	0.26764343221654247	-0.35542050347780085	0.13935619767796803	-0.03901372736411693	0.0482690043355257	0.16840821753776422	0.4437393053113873	-0.4413169950875502	0.02774864743345582	-0.24673559885487692	-0.11367975495511964	0.14814288553789498	0.12531415348889274	-0.11492262369404481	-0.04824589909263971
DTXSID1041683	0.5193181534140856	1.8577185204935407	-0.807347186044371	-2.302541436838612	-2.6836689350492517	3.322886402335906	0.052721845856447846	4.8535414524453815	-3.03244757993231	-0.35151420554690804	-0.8882430516568878	1.1228441839443057	0.2690466751076555	0.4385119275626659	0.021262050955760226	-0.6137328803174418	-0.23172228480018794	0.15798910885053144	-0.28085332161168647	-0.7195430912622509	0.6683922067545016	-0.880002957373247	0.18883279948362672	0.633477013057974	-0.25959083373007724	-0.7444695934961449	0.4033566355271902	-0.8779919124401557	-0.23277884173180236	0.5325876945002667	1.2913224149307376	-0.31875876828869293	0.22920740674968354	-0.2873758149988696	-0.017333844471589584	-0.9974602861251916	-0.03591759881995061	-0.20709830865738874	0.9378553164499955	0.1878273684301469	-0.5930291889404193	0.3310128999886909	-0.08451907412426378	0.38242735514730747	-0.2488329707449367	-0.057987409231385595	0.40136983665625836	0.43773192210227063	-0.2795378412696583	0.31347776853645426	0.12820778106944772	0.19073386655880392	0.25599028086597997	-0.03794816435903087	0.3012994224741633	-0.6857109184180848	0.6194900032102025	-0.5766165577914012	-0.15459177356293682	0.04198184168697474	0.6365953491551205	-0.2127697862717868	-0.8493017948855082	-0.1220729720734556	0.4065446038220859	-0.2890533925591699	0.3672614782476109	0.12069173059156273	-1.7935606727776756	-0.0802771225912164	-0.5800175205599326	0.5979552865737384	-0.47153407711264383	-0.1054016315361473	0.3469845153461918	0.8055319522009369	-1.0806766003376054	0.3725612136005245	-0.248452909160805	0.5364317298281571	-0.29265414593146316	-0.45748616199564524	1.1190453447690298	-0.5880401956750368	-0.20886992725211206	-0.24717846498625956	-0.9210338592215651	-0.576269628209107	0.6245404436566544	-0.3490619074714413	0.8768703163522693	-0.0724185389724273	0.052361677093049	0.08692417026901705	-0.4455782997441028	-0.028360570752691005	-0.136385911261923	0.09241338959519238	-0.954276016847749	-0.014288753228591227
DTXSID1025437	0.30856719444371516	0.7436647491059915	-4.012430583508145	3.8550158311851237	0.4210312060289173	-1.2728122284839125	-0.16734084292689597	-2.935968753858867	-4.1745610394720565	-0.5356771488890861	-0.16093615565671468	-2.665407664094482	5.942879255401309	-0.5915286202765127	0.03400359441826436	-0.5438535948423725	-2.6445006071833315	0.7823402300830173	2.812743448746465	-1.2211701661957377	2.4671213363423714	1.7661281346968454	1.5509246203909575	-0.19928551391889057	0.2658003785779246	1.8417085974090324	-0.348209250469381	-0.7574501180554112	-1.3464266171226797	0.0336629475632273	-0.0674250018335182	0.4046423449740902	-0.17721773576865799	1.0637940236002335	-1.0527447077953316	-1.1336976477711358	-0.003817818537914087	0.0011289505267883557	0.41067137168711537	0.9183915694596202	0.7037214884616751	-0.3345613512892379	0.030756051357583216	0.7648534003667488	-0.6110751052378208	-0.5693261390035981	0.294092199260401	0.06122820034930536	-0.00016913924388491295	0.3762383351566723	-0.0034545493134477342	-0.45259110733403324	0.0797740067889772	-0.071883748626316	0.33031662602328693	-0.7823665745079893	1.4056049006527784	-0.8558301839507892	-0.33856519553303627	-0.8387133200015493	0.37007153710702445	-0.23149947593291434	-0.39107781697094396	0.032894585566877514	0.19851806166849217	-0.838952614251042	-0.17666693458217841	0.2709358832187901	-0.926862874644738	-0.13365784981129897	-0.23574303359704235	0.09562108503160106	0.15008817929840057	-0.3363139380015072	0.167229036452488	-0.022157598218566554	0.05885886744239902	-1.2550215364315611	0.555946753096901	-0.7089992710346632	-0.5493745357225599	-0.22858999353222073	0.6183866126233952	-0.06134428576265554	-0.5419035395458789	0.11096677441086238	-0.12542425380534253	0.03704590415243568	0.1379252063033989	-0.5100539773226959	0.052991372396909604	-0.2772745203481925	0.4173342512000744	0.9085159273308432	-0.04019113597698002	-0.3989660246735708	0.2891645238905732	0.1263789498065889	0.21500665693541654	0.30115822289202826
DTXSID1067629	7.74484309239341	-1.112411106506897	-8.122267289326057	-16.7834293615403	5.656779005177597	14.710567178464037	2.781400973258638	-7.182220974905187	11.498590297926508	0.2167314236149171	3.777210053677619	-1.3899636757753457	4.200759737283771	7.7325776801695625	0.13027472291844522	2.148035040829742	-1.4936633828397725	0.4119667022666046	2.935543080773616	-1.8058461511130233	-0.6985052352342699	1.376865515256057	1.3632009346683691	0.09292027911330936	1.1975758235504426	0.34337892723948316	-0.2933627721842197	-0.010400006578714757	0.8073112044859335	-0.6317156261136633	0.273226445755972	-1.5460417480908022	-0.937859147271269	-0.12856771832338482	-0.4312950577718719	-0.2648329970657882	0.17319517046635258	0.34896767194336376	0.13202249344087322	0.5650579635516562	1.2679311755442668	0.5532295745464523	-0.1764274882312048	0.10106303556940589	-0.40560552234885416	0.9330251774928976	-1.6067621819869287	0.26012040504219225	-0.48225817107632163	0.18165686791516023	-0.07953656397951332	-0.1362337952583539	-0.2953505020416168	0.5441360926751764	0.10891539887098828	-0.09691630990346844	0.8689685293493711	0.9771535600289195	-0.9983329538436018	-0.4876517903282383	-0.5329470554239985	0.6420175286482418	-0.4636351153736952	-0.381281236654929	-0.03836011002566842	-1.0363411737709889	0.6892906956526724	-0.44597953630653386	-0.3121938645538526	-1.396115292205117	-0.23302451975034583	-0.14126671791138792	-0.45672127056675227	0.09843274696372711	0.8577434950190146	-0.6644607922936623	0.8106307069114911	1.043782833092535	0.5906612225541404	-0.29144873606960797	-0.6013902536887472	1.1476329975914532	-0.2807321946813068	0.8265934146052398	-0.6353814256655856	-0.7327258584123177	0.011414186876384543	-1.3843685945544706	0.05423994582380818	-0.23139066036855616	-0.6194379419646422	1.1062678392798708	0.8916764613759446	-1.119567931481328	-0.06444636988911213	0.13834879574335757	-0.019823968185125343	0.07940886265969502	0.8254880089857667	-0.4974443162311407
DTXSID2020266	-1.401860711111383	-0.8597263818208651	0.6155456473332583	-0.9726532553592107	1.9209385945258242	5.033282845799357	-2.204707779961131	4.327722909166441	-1.832360073403637	-0.9204112221360994	0.8913484606228078	-0.55855972750503	-0.6885012364604605	-0.5262514441966951	-4.375478425348412	1.2868624027146771	-2.114690837495773	-1.0108152077885548	-3.563640908016596	2.6075204923896944	-0.04742551046090384	0.6443191136041067	-0.3846286652112773	-1.0431025330115238	0.20494204627836132	1.2839754544387527	2.424529828172133	-1.9866596406834778	-0.8505985608444504	1.1632119078239482	-0.25800135484119624	2.2801954761963126	1.0460220208435442	0.5518852818839745	1.743227908278758	-0.13323499101620245	0.3211067556243505	-1.4468335148349267	0.024254804437224442	-0.9193817561821306	1.0435425874597335	0.3402764563226426	0.2420881290669009	-1.2909260814291108	1.1090768098259738	-0.6076777272409871	-1.4505632688103336	0.3286872376334794	-0.4757228607177823	0.37714251234301555	0.13432724552269362	-0.25741709768811255	0.5138785856657563	0.3477072167635103	0.07322295850381333	0.5180605827247787	1.2998684994317695	0.36296260499573396	0.6104312794469335	0.5549542939899156	-1.6143823670548467	0.46490510683892433	-1.3287016250788761	0.3787316858539919	-0.6280808738539704	1.0264702333684772	1.6165967197004614	-0.7582609934621404	0.6902893482330429	-0.9276545063542364	-0.7274993313115058	0.7304770886717737	-0.2695603075656319	1.7552558522812192	0.5052745409986549	-1.1256149963144637	-0.905902324724816	-1.1675919792979452	-0.47493455383889377	-0.025156511887231305	-1.288639975344623	0.74769666056042	0.045841581255192165	0.5291736476060639	0.6027663103278241	0.2605988925641095	-2.257199524991686	-0.5769740685095713	1.4528814281536726	0.5091855200398118	0.37919465324463203	-0.030510997136662277	-0.2844125021643439	1.2666998534234166	-1.395043910689626	1.0306337842181403	0.48008617915155294	0.40229073715439023	0.8740847090490648	0.09915470798937501
DTXSID1045902	30.393877696268085	-6.404330323815187	4.28574866344146	1.719040505237007	-0.810176534137775	-1.274404955280275	-0.8612186533414606	0.5199007762117335	-1.4083903127774748	-1.3341789177335746	0.7657220552323789	-0.004636266080693	-1.258928660335002	0.5585160752060639	3.3919259283064913	-1.3410499715685578	1.3131517873791374	-0.8331657494423148	3.0025641018059415	-0.8941919200109817	-0.20722937565036892	-0.45950141450668885	0.8005991166267665	-0.22519130262263415	2.591229662470848	-2.2768365341292927	-2.0343686534049983	-5.091467154603293	-0.23495141888047777	2.9645836374793317	0.40561690723647803	-0.3848620289891558	-1.7021737917212418	2.250379803715451	0.9458750637455119	3.815281601558771	1.395141963691473	1.2471769393478835	-0.02249095411181609	4.411778969007155	-2.848683629961241	1.1775501733848057	-1.599296982515737	2.623211182913195	-4.299199841316492	0.7240990013628075	-3.9414343041145714	0.7141194541506172	-1.7486424152269842	0.15840368093162993	0.39190823319371426	1.9170025599404819	-0.12661554018001542	3.900687764986341	0.12093396388793237	3.9201180520393932	5.574820830576814	2.8094797090270434	-4.519415538896215	-0.889002380060575	-2.199509182754226	-2.9692059505975132	0.2602168862230775	7.000284281120315	-0.7918036939594669	4.602702310415936	0.8334290722560495	2.6207913886892618	0.8010184186824969	6.16676610078842	-1.75953780366532	0.07050921508012324	5.1847259194412905	-0.8803788594592066	4.014612216807426	0.4399075582543739	-0.3601362165954656	1.0189463006554689	-0.38638510064411563	-1.1342866642211633	-2.179676271567408	-0.6221007540892264	-1.4598865292898628	1.393130093798431	0.6576646635841431	1.3957908010500593	-2.3764120470789236	-1.4567240293318229	-0.37772578427179615	0.4009948503778889	-1.1654776815178824	1.5973837368785957	-2.5022713503291234	-1.642327077815824	-1.5993271317682982	-0.11702973919201787	-1.8275459944067984	-0.4583867293636002	0.6125325098577749	-0.5712564517828768
DTXSID5044233	18.318013338807653	7.593336344510195	4.932677483430862	-2.6249017967648287	0.11758634237745876	-6.464207375569068	-2.151261146250696	-1.9420308115906633	-0.7566947721466395	1.442887405504721	-8.881058192873697	-0.9136706501997678	10.498041671814638	-1.2142820412333335	1.1477919067610471	-0.06389527688337863	-3.3421053534404033	0.780308188973	-1.171857145114224	-1.5219091205835173	0.04854463936216026	1.313826026020955	1.8584161884281158	-3.342239359923107	3.6106868953826847	-0.08730692723484736	-0.921116108194896	-3.038685999388297	-0.6915885172633115	-0.686536939346632	-2.6916520136749797	1.6790213970522725	0.9658896112343321	1.3161877952446428	0.47073395497064763	-0.0820720043967828	-0.6749847830445325	0.5854588281845888	-0.3761031236896421	-0.8206953889742166	0.766937008442357	0.5341198550445545	-0.8558126420388013	-0.27468691745455154	-0.364993475191129	0.614834354173762	-1.714616889761322	0.6313156509890646	0.28806645648429985	1.5698716868893214	0.08269884996523569	-0.1995382072057423	0.8173555040667068	0.7728987989855854	0.3980780899955379	1.256016079368687	0.9508297392464431	1.4412039665458416	-0.6666264553571705	0.39383296749963387	-0.503316085339667	2.026856069367626	0.1310986181248286	-0.10288194590745199	-0.1750070098275709	-2.748470015241502	0.13022561870200716	0.9528802797041064	1.1022725055901281	2.3406377178069047	-0.7622507759699547	0.6074554164842737	-0.2156065139132738	1.1838537000644496	0.1566627178599409	0.350957412274676	-0.5169204971157139	0.040912095077844414	-0.031328341684473834	-1.6672258136162883	-0.04377647607496128	-3.2550674021760324	1.390970684027071	0.7279058715107086	-0.18898921234038907	-1.1923547293210701	-0.6973126893688096	2.8883376606875455	-0.21557395111076022	0.5017687783888234	-1.195674416954855	2.6831267588607197	1.856375364896361	-0.5578026100240587	-1.0439301250547817	0.1398470835666823	0.8884444254033925	-0.9750526384529524	-1.011402190755842	0.9434582920612501
DTXSID0024000	1.6288745561775506	0.9456619243139311	-1.1562798747376521	-3.744919263706748	-0.6181662440904723	2.411593021229656	-1.9292634483100337	5.9701952144996335	-2.843684658961775	-2.610040170294346	-0.33861239406001614	0.9859151078464607	-1.1699958865109035	2.1355800966005862	-1.94910660919018	-1.3372522159663116	-0.7723628149071126	-1.958250334331113	1.137272352783663	-0.19085485760587523	1.4589733182986122	0.036987440974223997	-2.5896048075009697	0.18874034499139258	-1.0955975288058772	-1.847610042393264	-0.8647340045623216	0.19887717082871323	-0.164479585373717	-0.2856956111191737	-1.3355443540778056	0.6447341973125357	1.5015535759451697	-0.0029842875970357246	0.23270875140515512	0.7856630553158176	-1.464549541401316	-0.6150542862895141	1.4595022509507518	-0.34322886646888073	-1.6172324808937466	0.051126690470121666	0.06863260072166785	0.18215280297475744	-0.3758805264073043	-0.5223165139212848	-1.0790412441562756	-0.8126482515145199	-0.37621625096732453	-0.635975633193788	0.10549746293671403	0.05622885437348775	-0.5987999599151647	-0.17988504879195696	0.8490472599767129	-0.9012473384132774	0.12452698531361603	-0.11644134777866022	1.2786265142789977	-0.11781873753645647	0.2923214293668482	0.6878238436095067	-0.23364118788068283	-1.4200946933968446	0.05451690741498272	0.013047044309508054	1.139640023306867	0.1717361019706409	4.124186992397403	-0.7999543567290032	-0.24149711366539411	0.05455186662052273	0.674547467988346	0.4591197791989504	-1.3806869308680159	-1.2917415682294415	2.1774556724968592	-1.9094563761357926	-0.4871475563589482	0.8031816489537021	-0.9408214872766087	0.9645748389159587	0.5305021661164538	0.6876422859884185	-0.17277716541185434	0.688311915581709	0.46916115209351866	-0.35822696089896683	-0.5585896453223842	-0.10521414190119088	0.08526656612067904	1.3513813802515244	0.6252319954281331	0.21373579432153	0.4459056992652278	-0.2874471786930895	-0.8425607080022028	-0.06972269388636275	-0.5134773463357526	-0.21943978059686675
DTXSID5047083	-5.543298599183902	-3.294129189705086	0.9287805187404181	-0.37367587852895084	0.8311255449418556	-0.8743977314742505	-0.8444799490288876	-0.07652118501616192	-0.317491464326024	-1.4675146618783308	-0.7704783330698937	0.2443884197324189	-0.7707882690556841	1.7712286037128853	0.0117325459282377	-0.27837611468293055	-0.013275570510800867	-0.39760320335449373	0.6844763809268147	-0.5478470794018888	0.4192997350925168	-0.24420615017767155	0.19755669248407287	0.04659808053221794	0.08847610059055902	-0.40626507631463593	-0.03126445681450154	0.6504161909068441	-0.1768430333922597	0.29782965387637667	0.05788461440795026	-0.2671313872970811	0.8931091454677664	-0.13041082209880633	0.06992267943236341	-0.06885934315727898	-0.11489230565996478	-0.3837071868743981	0.5608978088913847	0.4340998842737253	-0.49334925963655973	0.396044331144525	-0.40329340116681434	0.5335802473755394	-0.7956789577814702	-0.21349530970334346	0.12218355587236934	-0.6425602826422634	-0.11218551483832334	-0.3814503218980757	0.218100460848692	0.0029609632600351194	-0.2121009189087283	0.04338334329768349	0.49465949715821567	-0.8754890214325459	0.09886178946961945	0.12472871795314242	0.316167725135738	-0.3479264009670272	0.48432639251649234	0.5010737624885606	-0.2038148417057348	-0.7015744405893637	-0.07682978504399025	0.16125084057781974	0.4898917825860447	-0.47184853401999616	0.8979370481508152	0.04590389363021923	-0.22506498687737045	-0.0429442244964153	0.2780634894901372	-0.1478308083100798	-0.791458120923503	-0.3604074263645498	-0.1458456087989437	-0.3436893140000771	-0.02414689226017824	-0.22521171668048934	0.012338666900630582	-0.2400305178928217	0.10633041817862797	-0.21302207720548957	-0.013286177580688209	-0.07529685439758645	0.21072359914287234	-0.06232154362360492	-0.5038612843567285	0.37970744570358617	0.3919920783977353	0.5344948915647062	0.24861263380008314	-0.3127534551869874	0.2977114952184918	-0.25322587980940886	0.12926127258879283	-0.07156314821587202	-0.4271459685493137	0.33554182611143935
DTXSID5047035	-3.3028246252673177	-1.5273836456013044	3.5831865310580318	-1.9475765918453132	0.528947410356066	-1.889158595659814	-0.47385959852859666	-0.8828867852434651	0.4049218517920175	-0.5928854471933369	0.007261288065256089	0.32109877600902087	0.9853929744653818	-0.8501506028056172	-1.9845247900363028	-0.4145381414452098	0.32287641706717146	-0.9136761634032339	-0.36478823645449865	-0.14430305141947	-0.31828358732984235	-0.01130613245486528	2.23629871223589	0.12915065762487277	-0.6384209379594825	0.24347769477826536	0.5747602657430942	0.42701008909275934	0.045633991041291996	0.18245109776283305	0.6470293494013484	0.06923121368879581	0.42436577236555645	-0.330423675732574	-0.6083173678262253	-0.7959124104207069	1.7781509755008165	-1.5473936596321305	0.44135216731375587	0.36502078888444905	-1.4820296186536734	0.44213945585239167	0.5780995410593371	1.9827422671822612	2.648976436878991	-0.48654092669639704	-1.9567059954550088	1.323527903716297	1.0613510447717789	-0.8805829546336954	-0.18455804169836526	1.0193429735276318	-1.4233397846715827	0.11019167033685684	-0.019277873958015355	-0.34825339747921064	-1.8043943065150367	1.0171291581233857	0.3679697451252279	-0.3105925264690351	-0.5216945087811559	-0.5062035932525106	-0.007276746300898494	0.07715396757626715	0.938959775655523	0.5177452603266776	-0.8201576766869386	0.5538254029120695	-0.060747971942022035	-0.5090764238333617	-0.10006775521786944	0.3726704336127729	-0.4158089400590433	0.06288773846514477	0.5627311158193794	0.2357907950845293	0.2043518216421514	-0.06422356183224892	0.1143976747613472	-0.3400735466053273	-0.45306518504306975	0.49176682899352503	-0.35573649251374123	0.37122093589696664	0.1388993689547767	-0.007488028842985355	-0.11968141349822001	-0.09147506731803286	0.31730589413809995	-0.16634207314258964	0.07062361886847918	-0.5822693165395668	-0.23316022556481383	-0.160027900011984	-0.0045938876444277365	0.0770384671720435	0.17549564110516017	0.21647337432427838	0.2029538101971111	0.03371811162528277
DTXSID3026512	9.636197602157491	3.0404767163011788	6.816008810795554	-7.140766690710696	0.32173045409317313	-6.503202640953082	-0.6920758642628252	0.27699767382284246	0.2959185301982659	-1.385019100194083	0.5796264224389589	1.4965802785046687	1.2299386151159968	0.22724646383843905	-4.9279463090342395	-1.7231884372587638	0.5756359312315158	-2.267129783350037	0.961913603067821	0.5323645597736905	0.5581518274327197	0.8848040482230447	-0.1149374728642645	0.04880600103381309	-1.6669329238153474	0.49619373320475296	-0.13306027739146112	0.5481227891232596	0.6263135016627607	0.2736987528158681	0.46624719792664426	-1.0101170677499853	-0.7476213032633294	-0.9641179594700617	-0.05941166223361605	0.853805475806704	-0.4573160304879904	0.617785928771818	-0.15676362101787242	0.728022234281726	0.060259746519989776	-0.10664065404097374	-0.15662924529899086	0.07329617879008259	-0.11222232001105538	-0.12763842248057544	0.35110178626779337	0.16154251450762258	-0.1188859599496424	-0.10609191359401081	-0.15008402759158038	0.2022431382152031	-0.08227472705203716	-0.1685608721019927	-0.2821855714817013	0.49110022551464727	-0.5563380038879159	0.30940717837386295	-0.2818411953280804	-0.781780262258884	0.26764975464810387	-0.3041893185220816	0.34282476770820824	0.1785194472799703	0.27971292177839846	-0.7196479283933808	0.02123917501846518	0.16429166968449732	0.03187716086405748	0.19115234918119722	0.8004715056000349	0.12492289661516864	-0.1699066924763012	0.18018808415496218	-0.9923256565136017	-0.016974446705381667	-0.0278911454968224	-0.6587107073203139	-0.3104727347328124	-0.3516882460192889	0.19044026610777717	0.3182746855341995	-0.6521544942373729	-0.4610114517328028	0.7183072958684426	-0.037608702366051336	0.31969666344380604	-0.0670167340519153	0.3487096010949192	0.00724050435349074	-0.9496962083634003	0.6272055598457271	-0.3588659167194021	-0.03640202521130326	0.3663205914374711	0.5797294271200237	-1.035038233896612	0.15350623671922656	-0.03968300260541182	-0.5185698478433659
DTXSID5020653	5.983141562264891	6.525642330094651	1.3723647154496403	0.23444905015251274	-2.357732816373976	-2.248426865558395	0.940857596147921	0.02831256055781187	1.6040019690266922	2.0748516993242814	2.5211217811767357	-0.34392436567023266	-1.7012262068226391	0.3543143962813625	2.504007199868514	1.631108500116402	-3.5143409928891236	-0.3056520704770682	-1.639079818819366	-0.27097947265671685	-1.7229047323609235	-0.2664402098409749	0.2292756888588426	-0.7727284945765565	-0.5318398487647311	-2.2713377247008837	2.030801106310773	1.3475622532321014	-0.535617503674097	0.9235389012373211	0.9269069123498538	1.8309114210655986	3.5242176746230767	-0.22544544203945108	-3.041936127279092	-1.6540809357338722	-1.931144082939811	-3.011146716330394	0.3338127217723261	-1.77940704675031	0.8007784598895463	0.07373864976554273	0.11936089147759113	1.442740562401231	0.6626970734862324	-0.34636431710092713	0.7082574921048176	1.0096854885186202	-0.15185075899439684	0.26334105008720105	-0.13344757458995254	-0.5386825797126891	0.7780635872451855	0.5114862404556924	1.1568807497547033	-0.05915490338814348	0.3374276344157048	0.1578156459839078	-0.5126823737598237	0.7558053160190583	-0.932678859218219	0.04073902653979001	-1.6400220816235986	1.5577685448947407	-0.6990209248380554	-1.5430234554676834	1.4264348944650604	0.2336210598855774	-0.3741376886963989	-0.5799665208086264	-2.7365076594067963	0.2520783410936311	0.0251093970546958	-0.39195726544901227	0.2734635878289106	1.7695586563448384	-0.13387104339339606	1.127214573052457	-0.10086829957809558	1.9228074033802642	0.49206802142060013	0.30372300119048395	1.4831103615882448	-1.2801825927635462	-1.196835435941599	-0.6926187697112929	0.04010533101049193	-1.5927787940737852	0.17946123063196878	-2.3449479615606816	0.03048660554629617	0.10473103852768716	-1.1263300738739837	0.9238529145553348	0.023950197846760703	0.09864184811262364	0.7714535619742295	0.4988581596516174	-0.37171889329063057	-0.2452624643431443
DTXSID3020621	6.8241091407125385	7.9362853960089375	0.36859795361325376	1.2835783426455973	-1.5455610562152362	-0.3064879152877288	-2.7181972048222276	0.06409744085958993	-0.5770867266644976	-2.1515881968965265	-0.4976355206251445	1.9865653959005238	1.0230220178706175	2.7385783479005794	-0.4989152330221016	4.033865692615493	4.558167835242303	-1.8277861136338092	1.6761083352115278	1.2089791248868031	-1.1201327721839265	-1.7304755516134496	-1.0621562687725081	1.034379355606554	-0.7407115779547202	0.4123587079354767	-1.0422300879843158	-2.217808616235981	-1.0820381138064408	0.9202610019577597	-0.12527195105569938	-1.2588173756704573	-0.41125446946110195	-0.20875751242464718	1.1395576692897662	-1.0310873014190514	0.6123299899383219	-0.07190370674354896	-0.623596093973637	-0.014157269772737733	0.7814807483701665	0.41443287310369886	-0.9812111645461775	0.2411727165297388	0.2980779564728322	-1.6384550440459338	-0.8830059761704933	-0.2715127866353013	-0.4901620741422817	-0.006069268343196882	0.15219028892151273	-0.6372357996573549	-0.1349042396323237	-0.2063812762196448	-1.6635427670818934	1.2593996004045673	0.5686008598984882	0.30417604338895754	1.2475147119995036	0.6697305833022388	-0.6624840673677992	-0.2813831381109922	-0.25487632132348914	0.23111097321551166	-0.1230100188154668	-0.42673305302259457	-0.8911583791620273	0.40041089213299486	-1.5923943511981244	0.6091618284420197	-0.1415121442861935	-0.1540799710852496	-0.6738037274530159	-0.35661641346847256	-0.8259967125965888	-0.2182567533272991	-0.7990664125135308	-0.3906622269995082	0.2794772186163618	-0.6824244971076747	0.7233195137989346	-0.3874323154071645	0.9840712629878375	0.07111400989865146	-0.08791671775997324	-0.44035431440616213	-0.6527044889339165	-0.17680608608171997	-0.49358084998410257	0.33915117974858805	-0.829316235917538	0.017921862316824452	0.41133106787137114	-0.7810728034483866	0.13918397269866056	-0.4474931004576282	0.025192068404564387	0.09120561290952423	-0.10363993270850813	0.02064434341394867
DTXSID2045608	8.47314107351998	0.08431182163364137	1.7107667294146802	5.986278454585363	0.26780767111917	-0.769403017961886	4.630367161876587	0.012761442040359285	0.18322066315182942	-1.644069431937611	0.8017110498961163	-0.48751434054816783	-0.5916476250543499	-0.19469184461212422	1.3885385528483054	0.5232043515169785	-3.5644551461472274	0.2042074766079557	4.472526390905324	0.08275670321816957	3.994731166561203	0.9629458066156481	0.10962399204910474	1.087020338459953	-0.7948701436215397	0.7748007358017014	-2.093860416905231	0.44362860214106825	-0.8037156161956974	0.3224716822198775	-0.03523725066415379	-0.9596204549847974	-0.5451751504003691	-0.5593520605970645	-0.26948057956372157	0.8170964487945936	0.4240977545873728	-0.16018688350619037	1.239828061273905	0.16631708968926776	0.09940654119322082	0.38111720057900417	-0.16089308219355564	1.6822369108816047	-0.6221761952477807	-0.9298193325270785	0.5369190417631896	-0.54872975564511	0.178180843370974	-0.340991321515876	0.3330386148113961	0.20955206218871783	-0.6561846855708208	0.032348383876225136	0.42129506663573385	-2.272242916820918	0.35351758739165007	-0.18972614803017945	0.6452081068031202	0.45909804308784713	0.06482419861997044	1.6613107527331836	-0.7814865982719512	-1.8522063147050265	-0.3783703907814747	-1.1957910197797674	1.4046240462576902	1.0146449284687886	0.951081428966169	-0.306674279124046	-0.19638706107841872	1.490864993215321	-0.3281375942494939	-2.421277913884973	-0.1899227487721056	-0.7228817941367678	0.7211028055723958	-0.9683308548732799	-1.0372091533763121	0.27073238046297005	0.8447085858260451	-0.558342276341265	-0.8488178798195917	1.0422364808856401	0.32174046830647407	-2.8325195228980027	-0.6010275584173236	-0.8893838634236978	1.0912639395573538	-0.49582435395194413	1.492476530528603	0.5636019754347616	1.0696573609632767	0.28001950834290923	-0.34412353764557	-1.314974897787108	-0.7237561562568297	0.252519253082126	0.38027995671745507	-0.04371946930281785
DTXSID8045854	4.825514545431428	3.6060570939618004	-0.7621625091416913	-2.13490397496733	0.5384397597538759	1.1040108996032472	-0.7422369444451342	0.31940067439162156	1.1776528143978362	-1.3229872028373122	0.3746276123025251	-0.16588365002644545	-0.5455131442049285	2.6382551342169713	-0.27390733789618527	0.923749180783692	0.5397043619920162	-0.2750381616231123	0.9156332712525563	-1.5517240581589515	0.40198073842596355	-0.4724603752054312	1.7718671969448478	0.6718513308460128	-0.3221564017406077	0.7072265035066829	0.11382139675828447	0.21388944669633622	0.5379672010765877	-1.0201875009331927	-0.5162973346860165	0.05783575843823142	-0.2455203363909992	-0.5213755799887022	-0.1750175499830563	0.5830506676295036	0.2812818423841437	0.29475228470930304	-1.011158605025914	-0.13782943870490616	0.6963856813218648	0.20985767516592893	-0.14825307002130525	0.6734199560930871	-1.0457561436532774	0.43652911503585307	0.4046734578121682	-0.10204679571020987	-0.18039366323115885	0.08776241917639653	-0.22140204269016045	0.18817582180793122	0.2072023780475198	-0.1605786450867057	-0.26076527309675207	-0.18850154840189468	-0.16733034452822562	0.6633213495481673	-1.418739161161645	-0.702684792042262	-0.13762150938449424	0.2180289132808257	0.3207727166406368	0.17365680878225878	-0.6124276514255723	-1.3676076538003388	-0.05486590263701329	0.05981341049859747	-0.5516170756825869	-0.19743842823827318	-0.30972900122314323	-0.4461061855552908	0.31404273371693864	-0.307749808823352	-0.5632507423942668	1.0129948509707434	0.0013856927515195534	-0.12169048812178461	0.31020263431039025	-0.7225487011934856	0.1959419673834344	-0.15958949452206908	-0.3790458705825705	-0.06060687803055329	-0.10226344858978398	-0.13905400785893174	0.3012165632658797	0.5797665104373302	-0.21891676350326741	0.16311621392443507	0.2894714941876726	-0.4169667595609675	-0.5663676374199306	-0.5477302203089399	0.42360353129786904	-0.5301559783489589	0.3312651872803734	-0.022518260599425226	-0.22308423373206798	-0.41210582725553807
DTXSID1048259	40.127819867567084	2.74458054604012	-15.701305461121336	5.317228956044096	23.933286992551647	-14.502782360866622	-2.6267401181583288	16.09202569109607	4.635687095131944	9.452477385475909	-11.025078382207582	-4.62250505616309	9.941430392280813	-1.5953771284217457	-2.67485121099631	1.86064667542785	-1.3891234528511178	-4.416147639398275	-1.668421278621833	4.041089316511588	0.4281340333794247	1.7269279872045822	5.0278673693845795	-0.2821499639840145	-3.4057801851905056	-0.8832099314556338	-0.3440422034868014	-5.169653489045433	-3.9396682740825004	-2.2135520733591645	-5.434561497612791	-0.9172303630927399	-6.635850312783859	10.549893137580654	4.552037393263534	-6.063401240754312	-6.459005742437919	-4.223351943692944	5.245744816374235	-3.4706417341772022	7.412818700447398	0.9409580178200938	-7.118355428238702	6.558465966809303	-2.1284187917458737	0.3221683209175275	-3.9118705834984127	1.9400596021618193	1.198147496013354	6.425655940186129	2.8476362751792847	4.052625947482718	1.593168490631651	3.343956118308641	1.5646665417926224	1.530744206066567	0.15651565903613215	6.996110698933715	3.2117004961925417	-1.420758464805482	-0.3605749782944097	10.523963662216158	0.6714384466052449	-0.528234007092982	-4.620233920800245	1.426922527877158	-6.342546322592003	-0.12113284888690647	-0.019835252586753997	0.28720433356386166	-3.1325951765357036	6.630708243570404	-3.3985448835728866	5.03711630295486	0.607871785698364	-1.9346094211950098	-3.7720028111855908	0.43415006307387627	2.872121705003307	-2.4064924815017643	-1.7537007506952964	-1.8288029606691485	2.9157387399352004	-0.09441473533536444	-4.445757073995233	2.1319256037026784	1.3410851105300976	1.8557556473464665	-1.8310946774448047	-1.267875840867158	-1.3328599028541088	0.012358994589140181	1.7970508435919235	-1.703070579451127	1.8397215992395954	1.4749995554974038	2.312283824939785	0.3563316705581488	1.6218688185211902	-2.8125540844836436
DTXSID6022975	2.31575231500501	-1.8059664453818838	-4.818264325212545	2.117144290703249	1.600434162754615	-1.9245031587741575	6.560581558846399	-1.8185439815278923	-2.3385404752694283	-2.8592818691210526	0.5589295295316568	0.337006275958915	-0.33708703052113764	-1.0153036454082207	-0.6008723761231147	0.07818537992384995	-0.8430380360127213	0.5245912661111023	-1.6294546322355714	0.052044999017661776	-1.721803763235064	-0.3368595262360577	-1.4394808119381157	-0.5885030012727265	-0.9120773727086212	-0.164552958726768	0.05115468008140828	0.7143986101997507	0.3293685948570135	-0.7741988583018976	-0.4558822358322129	1.3008490636043482	-0.5157192618738624	0.2818060315378437	0.877168171727015	-0.6916699620270933	-0.999339258748384	1.3669841189913217	0.5526758629096686	-1.1353374583523654	-1.8076735243065616	0.002945830354277982	-0.6026826733924477	-0.1593124225677501	0.24278568414379129	0.5283819310896956	1.0117463940451084	-0.7771786287798289	-0.3766510092548323	-0.6654813912369026	-0.19412867546923812	0.17414723519555686	-0.8406818014401611	-0.2555942184862928	-0.24231560156845408	-0.4255581634052263	-1.2303528078686616	0.9280067806895607	-0.774270075247301	0.7174954052829643	0.18754062599109053	0.5453785783495667	-0.29464594501289193	0.1362615837859976	0.10221819502363945	0.11072397786124248	-0.34348125446395955	-0.9149292116644148	0.4716504336941762	-0.7973946148206438	-0.30406454342393846	-1.3030706165636485	1.3143889794355608	-1.3158669461408683	0.24151949814259926	-0.41806301088919556	0.034714549242449794	1.4176655454138762	0.3013896493709931	1.1902185221936052	-1.1044283319368593	0.2963644836619661	-0.2831678141666966	-0.3099539992347212	-0.37843143144904495	0.3539901439287526	0.775230200836341	-0.5900877095323637	0.773184964986062	-0.910682956724493	1.3008628267837412	-0.10947252591884045	0.4932869711934153	-0.7984538737161069	-0.25385271168437584	-0.22787832472167352	-0.6776314784847175	-0.907004986620416	-0.6394729176185007	-0.8331537000384229
DTXSID7029619	-6.339582941920246	-3.4931402095967004	-2.1903290815243364	-2.0516651424263888	-0.08480035697355026	0.7023671972528226	-0.683360696884972	-1.8280003383660617	-3.2399007114837315	0.9737691653156731	-1.9769043054386393	0.3726431548595198	-1.9322813254231832	-2.1985244795887295	2.8393716798362023	5.929951235741679	5.561599138272336	-6.323905632977372	1.97143099238705	2.7816724679634954	-3.5394960347027618	-2.9678804585580707	-0.597380811448917	-0.9335057520982833	-1.1718572846661202	4.078726339900226	-2.8116029534430256	-0.48230841667762087	-6.397296088726938	5.8428896963239865	1.7317833179116138	-1.8494082468241908	1.0571917569744211	-2.282079196661334	-0.08826413485448265	-1.3843104559547976	-4.704672397382326	0.5330416424738721	0.2763979944867049	-1.1920604808812216	-1.251194656319137	-2.104411580372716	3.896711843441936	2.286322602712998	1.6785504974072378	0.6170902721805708	-1.8395009703668188	1.772854763108823	2.3246902223216592	2.2418981566874643	0.20670691021785229	-2.7939948718168996	3.535556609365353	2.691853514886362	3.8338895427904482	1.5011165960182602	1.4104324923021074	-2.068454815937194	-4.63057046677706	0.055333634933624115	-0.8230765115404458	1.446583574202996	3.2198267231752444	-4.918026907108325	3.2626257742010987	-2.301940891790755	3.0924123570577597	0.04907197055568476	2.6766609499083054	-3.9521834028175418	4.634061926830133	5.680596662818275	7.081041882943581	0.7869647518203947	3.6999567879440636	3.8672601360033885	-1.631686020350984	1.3406407250295358	1.8371638510180752	-1.9230957065084247	0.45792829181988687	-0.4963181725303288	-2.0277498934494598	-0.9537343623051262	-0.30524922752829237	0.45054351279808186	1.175733993877417	0.3540002701768001	-0.0896607741361995	0.4847173828811443	-0.4536471080577786	0.45669062965609614	0.33553519249522573	-0.19096598123621117	-0.47161490747745244	-1.004788740700172	-0.3424488025365192	-0.13627363967032752	-0.3906545103405187	-0.00022721849098204536
DTXSID5041279	-3.509359402736661	-2.7782408230081237	-0.5917407531591004	0.15858376644144676	-1.955387658359564	0.27363594150954235	2.217538511409187	3.922377348136111	-0.15734294296795145	0.46475425273012805	-0.5916778385743606	0.15497995021353414	-0.07905923868789957	-0.38876622538802447	3.497760516727142	1.4166132907681457	-2.4556591568471213	-0.2638399001959875	-1.0801320812707214	-1.4342084608928873	-0.6838796421607302	2.2799817823911774	1.8922905224192692	-2.7831347052026856	2.5114863956042934	-0.18071658506487026	1.6254536398558608	2.370037955144547	-0.42794548625846685	0.7813164197838913	0.368031495273775	0.8646603187168809	-0.6066450450077278	-4.486898040992893	-0.28864640671396546	-0.98858206249124	1.5422637636718017	-0.6681335736130525	5.286031822014187	-1.0975309390651364	2.1827863244657237	0.936924251594454	0.1981000664149394	-0.8064071347929905	-2.2749377270028743	-5.414117880785173	0.22302805746176885	1.871810190933969	0.6930272174194259	0.8853859042015937	0.20268845898113988	-0.1040971936624371	-1.0639377684664064	1.3855924812826808	-1.900425581951218	3.57579488630017	-0.3654026058453593	0.9176730057638277	0.9380430676903315	-1.0817782831359826	4.678100474647703	-0.23124667686051256	3.4463666174482097	-1.279272531567438	-1.1095757316045554	0.10385120158119714	0.7023576049462412	2.072955441915117	-3.7583790783105595	-1.3290991131835745	1.1011830257529103	-2.2330982687031136	3.404310531472376	0.9657027243438161	-0.8843502970013439	-1.532279735848505	1.9056261838115927	-0.9134192163552897	0.6225129782234271	-1.776415027097851	0.926785902147241	2.103417359597315	-1.5313066162152604	1.7670222550729624	1.2646986792807082	-0.16881682546995358	0.772827071789076	0.645309859384334	-0.9803217185106159	0.9690898424796652	0.29548087309203896	0.5206019936671711	-0.45671141784895153	-0.022150185295281146	-0.5580765163547937	1.775351193967399	-0.2906542370103959	0.402684335878053	-0.05509240305075347	-0.8335933467591017
DTXSID2046670	6.716367636376284	0.7616253874951818	0.3927569577511553	-0.4718593551772652	1.7822050348772676	-3.286948184345566	0.9079792981054361	2.7696350721421203	1.470970905866476	-1.1349850093017373	-1.8761536434675736	0.9464375725934655	-0.17825035516411786	0.8402120841629935	3.14091266286389	-0.5720955045309987	-2.593255642148397	-1.0938247646983612	0.6284020540637629	3.7534521772594722	3.425793718140881	-1.0869990992343193	3.0396861968092215	1.3696612228643734	-0.4552692602056076	0.11051296511763105	-1.6832319844459915	0.2823887733526884	-1.25029089432682	-0.037205136234455025	0.08299928292203217	-0.8643783813558759	0.014923323662475327	-0.23221037355118582	1.753703088212055	-0.11876963927774654	2.449454749722083	-0.8355182751215703	-0.5066036259021559	-1.8009345618984545	0.6542852531052697	-0.04364172348148632	-0.6421233890737297	0.5066871599268417	-0.2537011304619662	-0.16703453952562214	0.843537326318825	-0.7978919097798834	0.019633730253794706	-0.19309629006409895	0.16699919000874608	0.4208653202453765	-0.04608404251182411	-0.12171121080411167	0.8368201245261426	-1.3899670247347051	-0.4310737210523079	0.15102059244620394	-0.10167362303924021	0.9534574822283071	-0.437712861138183	2.194695570383651	-1.3178184139511413	0.6299926662389612	-0.8138264328613299	-0.54707242058871	1.1260405013395325	1.0636982999030722	-0.3302311304609088	-0.9991572360146055	1.793742997473897	-0.057230371966956406	-0.08450738024404485	-2.2673158946038168	-1.5050004633248395	0.6701789049906878	-1.5939351117559182	1.805878072915371	1.3140974281050126	0.729346314938903	1.3281403930106477	0.43117209556933417	-0.18510939800349954	1.6848536173901731	-0.3239182980525531	0.290412147855321	-0.45086080487270597	-0.5878907443509557	-0.5053393569351318	0.4116257458102876	-0.08511993020628483	-0.30248486705780686	0.6981556127641199	-1.6523447236920956	0.157231493228676	0.2806398827442798	0.5338898081673688	0.23090427982272582	-0.5206956129113368	-0.7655706663161478
DTXSID4025113	-5.473318876084741	-2.9405328873572016	1.8155316276809244	-0.1169656461932525	-1.0865325441704758	-0.26892057380065415	-0.16023466290286054	-0.6034283755409853	0.3836314404321134	2.2274794133691938	-0.410540185802221	-0.675078565803386	-0.011638059947744892	0.23374284608224327	0.07095834435284369	-0.3055005028717299	0.2009482871038843	0.37045057116795693	0.48731103185296437	-0.4366182500607639	-0.283654848153354	0.136943440362954	-0.10398045948334267	-0.533737790126801	0.4323531662205993	-0.05839894318261801	-0.408761217214148	-0.8336383704200241	0.1692513333789551	-0.4942050204061359	-0.03970000078419106	0.3686588222853882	-0.18937218902997682	0.4257961833954508	-0.09259882678034545	-0.2045962768839508	0.16443308193052078	0.21234834446529505	-0.49611618390038903	-0.3100717027583455	0.24699890063957572	-0.3245673814128506	-0.24933146375262097	-0.49256749322881777	-0.30380371623434765	0.2604241127795093	-0.3242799928232774	-0.021449613291925334	0.12110063964576061	-0.16624696224513286	-0.03771244453061966	-0.23764321145657427	-0.13202079912239328	-0.07652008731330649	-0.0413494564565136	-0.011883156652570778	0.02135259751597804	0.24995467019822282	0.05746699591712333	0.03090744036411096	-0.24684978497074495	0.1928315303776362	0.3777927343871528	-0.5167979058057367	-0.3251120194447846	0.13359550440185358	-0.4881010558015342	-0.0513775652568541	-0.3916788746677893	0.3686339847269473	0.4979484009205199	-0.2650494788154001	0.9671639994414657	-0.31628315496317666	0.06496110988314115	0.18546001971250034	-0.09853269246700966	-0.6035255224191056	-0.08054838022174983	0.057016926633649115	-0.18662869929644305	-0.6241067444941407	0.2140959326863964	0.00018707696611551734	-0.5198203434196724	-0.06541197429136297	-0.4140306260035465	-0.2993892592185905	-0.05583465347273427	-0.25934250646668366	-0.12918370226216613	0.6335351163474561	0.177573233735576	0.12493390635263704	0.2929893229272571	0.011122736641213712	-0.2674169896774062	-0.15252550135087212	0.3030107509632359	-0.4275098687086437
DTXSID9042097	0.14906397729167006	-4.887318875481515	3.5932920366845957	2.4045466786264753	-2.6753404745951572	1.097519424207285	1.3619197407527703	0.5845389322840895	1.8681590976576132	-2.0373261556959252	-1.349757768012458	0.20406696405428845	-1.4812126652095363	0.5976904020261072	2.6745797945338965	-3.0085916333596043	2.4876638407153715	-0.8123660773946155	5.207610853460499	0.1897723396540399	-0.04636423324624802	1.55992173041935	-0.26926122627194743	-0.33987734341267356	2.0545816978137865	2.6737102227883494	4.6027764409209215	-0.3700254182845187	1.5682535924098564	-1.6294537975364707	2.528815941943814	3.939002510105793	-2.080767026121425	1.9949825236667997	-0.9511687512543635	-1.0536649310146982	-0.8548738650722261	2.738951525218929	-2.9658514348290796	-4.017306557304236	0.06740138086390603	0.004903499410666121	1.6440644443441144	0.6123906571528668	1.2127701358036522	1.5270371403759717	1.5387185884859953	-0.18020841440862312	-0.4728377750599679	-0.5834589891175326	-0.08353432179974735	1.0834863163640935	-0.1364489490802027	0.5017849915302921	-0.2008539213254874	-0.1022355673137358	0.4255387556264226	0.07495099372546586	-0.09034985684286237	0.7440095269661662	0.691934274061823	-0.20684588551838648	0.5380366621830953	-0.17991047757452064	0.8624665405302275	0.46975594785867125	-1.6685091504646479	1.8080253405167719	0.18124262030228086	-0.7467500516938238	-1.0508046286109134	1.0518535335052663	0.31231379939280735	0.46339848378440607	0.14981074973339914	-1.8724131910179802	0.18025237708328504	-0.5382642470246748	0.07246650133215068	-0.46976052344260905	1.0030967200296916	-0.30413817599447523	-1.2079960735917608	-0.5654656006086921	-0.5825297604989158	0.5886233540270458	0.6583973814846857	-1.2196495186854053	-0.15826731316498857	0.7617152093813943	1.3407960779671289	0.3828471207839145	-0.4370755223210753	-0.9280640860415087	0.8650155491191548	0.3947250931701776	-0.6383372509824294	-0.37685622568167043	-1.2239185259774346	0.611669325527256
DTXSID4045973	-2.890356920869901	2.4047849020279153	-1.83639571947465	2.6172746451805367	-1.6736576626002675	1.4213584906903665	-0.09984680210952573	-1.7147617708277596	-2.443320984893215	-2.314025485081494	-3.0568566805136834	-0.29950487448969676	4.201489070931871	-0.2977568186854934	0.03505931521094738	-0.9732890499836203	-2.0189785354822467	-0.4203434781333782	-0.9196208786664096	1.0005701788636405	-0.5580244542540341	0.2151192887029646	0.8453519269961364	-0.3716005561077714	0.9091765933403818	-0.6207801303087263	-0.45830546562471147	0.38274729972545934	0.5836478458093577	-1.0921164522478715	1.5737912461863934	-0.4407065781601259	-0.7169371756871334	-0.18515853096035828	-0.6091388979103851	-0.9366734243057401	-0.5609074869070678	0.8283935230703195	-0.6303052590330975	0.3199080121517969	0.04293133306364181	0.28066437974393066	0.3540866983607429	1.016563292468501	-0.46603908615404027	0.1608543467748787	0.08401244896728269	-0.5339705873440808	0.5434547070686838	0.6036526312343187	0.26264906261720433	-0.30996801166097065	-0.1258404878249842	-0.015930254750337446	-0.46865664856374206	-0.7183919610018658	0.8114979365297412	-0.49587543611374096	-0.1566138989026943	-0.6081422421508221	0.1290841068346271	-0.1546802076878348	0.24246358684894387	-0.3958001387057834	-0.21010577146663567	-0.4534446702280983	0.11124164355826434	-0.6975060815911704	0.6910049953099232	0.17432747291422093	-0.26217400440889504	0.15668626513362202	-0.20748053584077517	0.020346853037563284	0.01707492991214388	-0.18821735122325522	0.18148059737396036	-0.07989043891478671	-0.20486252334545987	-0.5975916796678283	-0.534526217373501	0.012655581076510852	-0.5256966854645154	0.2472190285482682	-0.007167213101987236	0.21696422966858456	-0.21755335607186016	-0.14308193363287489	-0.29661954868860596	-0.14603246694126756	0.3874328914071246	-0.15761866188340787	-0.4224008048858149	0.37893647990425283	-0.0660465610677555	0.04376367209554507	0.7164908915435774	0.16663704362700535	0.5778765393501718	0.12301505888500222
DTXSID1047104	-4.132475927529045	-1.3327491903723039	2.854448835509157	-0.8180935022441109	0.6840407426616527	-1.0640482679775203	-0.8839364695257553	-0.8850761771199109	0.25495173885557887	-0.6186460024027179	0.04281870643098353	-0.047520507648438584	0.3115778405089184	-0.46202925930990324	-1.2833847708175747	0.29024075041286573	0.2159782211298368	-0.6743162318575489	-0.40741528251296644	-0.554211650260707	-0.63132431513192	-0.1428268986775751	2.464196564587238	0.014717834944353447	-0.14993547380299116	-0.110988188357798	0.3406175722023666	0.42797307121351996	0.01917369859833266	-0.25197860503517655	0.2364830534017421	0.9740325730386372	0.8801265228391604	-0.2151917784157816	-1.2391473146502383	-1.309303246728778	2.365874493519434	-2.343100999264742	0.29282378226940303	-0.18803429327445312	-1.4211401623613178	0.020314247462445346	0.9832112015017475	2.212561163988608	2.9808183445035255	-0.8253543452650676	-2.4846997602034766	1.5222326800700419	1.106565637547493	-0.4366787998849575	-0.28677665153621434	0.7547016671791189	-1.2482342421074246	0.0715233314720042	0.23704263988451177	-0.12496828644767345	-1.6708646474861384	0.755187910201011	0.6304678388504464	0.21207961102130554	-1.152128699313529	-0.17130622509090765	0.1443506720802156	0.7338212009461952	0.2890526456844029	0.22943656190935133	0.1492238627883469	-0.13542796889241637	0.07911261351695202	-0.8166353643955361	-0.2315091374224689	0.25002837821146295	-0.6465613674202069	0.2634001945662215	0.9193362298574894	-0.14900770585730877	0.33375143379864713	-0.6450764992125619	-0.1941140858624087	0.08884613829035613	-0.7738099204093399	0.3707283761553822	-0.42237958827299743	0.38005864219032254	-0.12347465696199181	-0.0726812508976229	0.033881830056160016	0.8084415748967674	0.4022303192414626	-0.2131612025711676	-0.15214118900018953	-0.3479499947836126	-0.3515448396924668	-0.42489602109459224	-0.42306550447790386	-0.030314978901899197	0.2579724640685283	0.175461110171262	0.03259294058816488	-0.0018756235104732096
DTXSID6025307	3.1699924659756955	0.9150641193798985	6.398565040465316	-4.128367935590755	0.3586995051239785	-3.9296969720753103	0.13484305975533925	-0.450528815362324	-0.03773961624474413	0.034012136028931376	0.4956581174141285	0.6229690469841034	0.815994902687391	-0.2876481604893332	-2.320469766464152	-0.17954865337331663	0.10400439892924639	-1.2015592650956952	0.33255038269037834	-0.4882578354284286	-0.770205249855485	0.25187112188488736	1.846137842610411	0.3036453853112505	-0.22341784883623203	-0.1608652066474714	0.6956064686821231	0.35156654998822034	0.3434286206286644	0.11245952657426743	0.3143846072530202	0.5925069389688687	0.9152697279881691	-0.5901273914573351	-1.5149555781112354	-0.9348284149901721	0.8649238730657757	-1.6794284533026453	-0.36400823129678384	-0.5183741822179857	0.42378775764961296	-0.48141233087573315	0.7002159001570286	0.8908856214314861	0.7599252247869837	-1.2829392299937825	-0.538329106506523	-0.18343992731182351	0.08113201627814032	0.5951991707057246	-0.03520624938360597	-0.7987028166146785	0.4804666644033876	0.05214750376934479	0.31518389160967913	0.6390053343753859	0.25517785181907293	-0.6083346351299304	0.7841743022587586	0.8366157442479076	-0.8386392412341724	0.5279106224546217	-0.28544358442355705	1.6318904603053086	-1.1656325318230232	-0.24678416002596756	2.091952485102762	-1.5985859811965972	0.47631636707925595	-0.48617631129634514	-0.015044365815744939	-0.13448008779640927	-0.5638729244905374	0.5523631468078781	0.9754038340784452	-0.6187812592962664	0.018053844203706447	-0.3417136198043701	-0.47096102484168345	0.8757235015947232	-0.04759025375880318	0.32969482188503363	-0.28614373523963177	0.02987297407681409	-0.5602663423115436	-0.17045872550158472	0.2624327408884643	0.9958947293182058	0.40183859518653015	0.03464148469744872	0.4879113604732193	0.4184810856242107	-0.48466992220974753	-0.8439909028100713	-0.4800604636832793	0.013205160364663923	0.1935707444593319	0.1886101318646365	-0.3095819940021369	0.04903592727951931
DTXSID3048780	8.958900033317175	6.91666238317729	-0.3692569353702003	3.084530538226699	2.8777752848043567	-1.1662689955627592	-1.1705908289272553	3.202975574355699	2.0035865489968128	1.1228458343239145	-0.5284487485972049	1.3464646979991353	0.5449192633435329	1.4940499256557658	0.2526025160983144	-0.0017047827016394759	0.06719363767811441	0.9711450561571107	-0.026521974548960457	-1.7849944214749875	0.38552318440677374	-1.3575216403792343	1.6824944628965972	0.5801636541282065	0.6844711748581105	-0.5269291988573762	-1.0368361681941287	-1.6536122799233026	0.2751800926177807	-0.1292478944061613	1.730924008069642	0.7836611755215921	0.1912421106578269	-0.7918023305844368	1.220485518418585	1.8053245981983033	-0.690437765427629	0.9615301508142173	-0.675149530519947	0.20182755954216264	-0.2643571235627752	-0.37204581686355903	-0.7122865389466845	0.686387988708962	0.16430037426038552	0.986968478298711	1.137382080403917	0.22944276238654995	-0.35758880932347437	0.20587031081878218	-0.29834619265065265	0.009755034248192103	-0.24232212866970007	-0.3131667569585176	-0.1430246867859691	-0.16648489462709032	-1.572627134491291	-0.05092167576840222	-1.5692584736333306	-0.21034405169652765	0.14396266048922263	-0.431703363514262	0.451799759206716	0.18401627275985796	-0.4401247532542888	-2.1444221769403318	-0.22093622376818178	2.0525205586828155	-1.0698672913212937	0.5059108403901622	-0.5199684292965909	0.03044402731726425	-0.8498633257159477	0.47530902514854556	2.9796017039337586	-0.33225178418328927	-0.6168410735617196	0.7430243519301449	-0.33448944592381497	0.8207168098604649	-0.1161996270344482	0.008096628150208417	0.3987660591043008	-1.911539172958836	-0.013511477891072172	-0.670914241313362	1.85317872561287	0.10794599245011313	-1.6734988194943812	1.598473974860122	0.1624959272707292	1.3387465623371668	-0.48471770616143733	-1.189756817166088	-0.040966795213959	0.6392063781955759	-0.18861807550916546	0.19565105586637474	0.3581840576879658	-0.10334262338119657
DTXSID9044164	-2.9530662953242035	1.3667893418583899	1.31929370492051	0.3740042986981322	-2.2257164753795635	-0.4697596157020852	-2.126334347822543	-3.0050407621490103	-0.4680317940654052	-0.8152748066574457	-3.466530441677955	-0.43259177511703467	4.5412945417006725	-0.4075827372271809	-0.0717770576846931	-1.0057350167578454	-0.7772958949637975	0.015147378776831305	-0.6195098843207906	0.3027928280446034	0.2657117364738994	0.5552784474303816	0.6192331938764964	-0.22167973626775472	0.6918344333362976	0.4254450112462107	0.34742912132789966	-0.26437153125913626	-0.2139653074277644	0.07684143521778458	-0.269070531240093	-0.10219577049486084	-0.13816502027904426	0.14730590613302783	0.11160214383304912	0.1405465148938904	-1.0918013251499896	0.3513764645595283	-0.1465162991366629	0.33933912917455716	0.013474485914224236	0.30229601228977304	-0.12150621126998544	0.19893538286477455	-0.16298193055052043	-0.009144210331530574	0.4848846809532982	-0.503246283304551	-0.20999428972873302	0.011741572170146168	0.026295223189330034	-0.310604434597503	0.3405843059553833	-0.018238503228486438	-0.1253601910723354	-0.1058710805923346	-0.0626928750164355	0.013886067973455228	-0.302366981217193	-0.45348261836639203	0.515327160923785	0.1237756164123535	-0.2719777543817382	0.569032802191789	0.3113743248818923	-0.4278928960948488	0.05282201997083913	0.14398955512848535	-0.06369079104604056	-0.5011819845358917	-0.055816099090114174	-0.16481559995159104	0.0015619315927797575	0.13351642981039535	0.022490715690575237	0.2182864896253667	0.3039274385033563	0.0783890643738977	-0.016007844123894638	0.0017671887349954812	0.05769918171385552	0.03998015486029928	-0.17751572526387857	0.11616861413644686	0.2921032402631706	0.13080387384758546	-0.005674390431743582	0.04984087612952636	0.6229980901495112	-0.04164633763909422	0.1323465937767977	-0.3431437715958573	-0.17665570020000196	0.18682809837313158	0.027145091660423715	0.15876245096398905	0.31195466546361267	-0.03673419685514929	0.04768623254563119	0.45105551355418383
DTXSID5020572	2.177413004941394	5.243388454051834	-1.1574971086367796	3.7495024868961053	-1.3529585178239363	0.30269987434543505	3.827834072842072	0.7551385513882076	-0.3177850803530127	-2.285482438927601	0.9389529102645081	0.45665276977282815	-0.5104636558653928	-0.17864456850039528	0.8844332042525737	0.6756934910193264	0.4175181883962783	-0.8222050760013282	-1.9641982436464775	-0.47768613079563677	-1.422620573964516	3.329378152277819	-0.022924299725662685	0.399543735090958	-0.8261222075714526	0.5572408263546273	-0.46327434140533874	-0.27848081869823926	0.9341946114943858	-1.0308195063808303	0.4068897615058103	-0.5230357670576707	-0.4547647166415071	0.14367239979199423	0.3212978036610107	-0.7504162913749266	1.038328028782445	0.3529260637464415	-0.14034581620990708	-0.05035713445292425	-0.8280268588572088	-0.11581907140276528	-0.2763404903283073	-0.497702104675971	0.00645236295901922	0.08681606221175345	-0.03128995668300693	-0.5858928650082463	-0.06730563635685508	-0.23147266435785382	-0.022905460780096767	0.5417299389711187	-0.3537083641056145	-0.29936833243676236	0.04939741566336909	-0.6435338245134817	-0.025534674497470624	-0.15115617177346843	0.2544944433941455	0.16694337759311392	0.1295442012156596	0.3385033310637908	-0.5030806471239695	0.18981350519944423	0.03180341161528348	0.7005387460427627	0.12723469718515923	-1.0174974881947292	0.9729661134820219	-0.3508550953075451	0.5070376266645649	-1.040202262910713	0.4017262044114237	-0.23498166868124604	-0.1578227107893937	0.7771962534366644	0.6988352486730627	1.2404903000731295	1.2345275927170818	-0.020343705404748853	-0.10185458063399107	0.08541717435343914	-0.6564524007163884	-0.7145137951307751	0.031670526128245606	-0.5655506629739842	0.13251516222598544	1.7201250601757694	1.0044182928206005	0.057955824234254265	0.04769735542783588	0.28797568630778647	0.07620918475739596	-0.6343159853730906	-0.14548078395695233	-2.388959945279992	-1.5272948602235044	2.6452058336367954	1.117212084773736	1.9341101198182917
DTXSID9041104	-4.003810495334943	-4.376355315980496	-0.665940329271015	1.3297115893758933	0.7379430876836119	-0.650900661038078	-0.4965247006300188	-0.0028490508062499697	-0.6461582816720071	-0.45793914164323674	2.147638735686894	-1.296326128365471	1.5845239294672178	-0.5761951947485926	2.3684606497965732	-1.0770192129587548	1.161041459760698	0.24858639231821963	1.0294544021819299	-0.2380297055948644	0.46482803070964723	0.35024993428567774	1.4891216291330112	-0.2957745454332559	0.7157844779115031	0.6389237053057844	0.9752062277323793	-0.04525145858772669	0.08235727019014348	0.06075689115150458	0.007211565556703196	0.2490918046696166	0.17249544758244797	-0.16241075362039	-0.09022350805942111	-0.6497483932699673	0.5410291732011538	0.08674932700964473	0.3206768623147644	0.06294664156690488	-0.14024665579705578	0.3970781944622654	-0.721267441570021	-0.08903604812844779	0.07490686910261421	0.20323934601229626	0.4714719908642761	-0.31009293011649053	0.0028479018926408895	0.14998716731785505	0.0408206015004017	0.05101371238132682	0.08264349773837362	-0.08598075669839772	0.22933168672730778	-0.6777333202602661	0.3866229281528619	-0.612279840356303	-0.3395886139668445	0.5291960091443977	0.14463197681619655	-0.38039216439928336	-0.10381305778979281	-0.46310152538991955	-0.16850083348880723	0.2016068846373241	-0.3798957454943967	-0.4020158542954886	-0.03703219370060908	0.03144689016184602	0.5941021392847392	-0.014621517924123533	0.11943742386229288	-0.20111419769534766	-0.5527613728533971	-0.1853270546869265	-0.1816396901911226	-0.398843376853015	-0.10005832303816094	-0.5217108887720001	-0.7949701963690802	0.043700345174250116	-0.4099647825320531	0.07791885144256724	0.2258468445069503	0.06127695192846736	0.6059086304244042	0.4564693428432928	0.13344352088406103	-0.0043293745690808115	-0.030369108459316185	-0.15581898007884684	-0.40152481323383626	-0.7570049917138647	0.20978539484281566	0.025712794694073934	0.07410389894858539	-0.08948675794465628	0.8274089965128648	-0.1438200664212449
DTXSID1033539	7.270746476137631	-1.4983664518815323	9.986956094953749	5.272724757540983	3.978779266096525	3.7292894033422805	0.36478775973372046	-1.0956019325753368	-1.2681483978096277	1.696945113510695	-0.07824815582097978	-0.9355983485851522	-0.8640294218623045	0.4304902380472452	-0.5599154191876335	0.7043711691054149	-1.11980835027407	0.20947494430532515	-0.5770795494238204	1.0163895255011792	0.007557136864802675	0.2616895130183315	-0.7146437251186555	0.07580379760602492	0.6436663769376577	0.3249895530664618	0.6244432675331963	-0.1858309148537749	0.0561203964447959	0.36179914277132347	0.711215987709221	0.6712882741853449	-0.183200375055729	0.05723254136864709	0.1032364028413212	0.10289858716641864	0.26452128266382324	-0.13374124878820096	0.30959981902270883	0.1703823097576901	-0.25491509064804285	-0.236655161784997	-0.03272209218284916	-0.8000283731100252	0.244044732914067	-0.1391460838856044	-0.4062282806859237	0.7135737412020063	0.19467072555173326	0.36897889042760046	-0.04988386708751515	0.22861161869387192	-0.1727049044515518	0.0033929361762312644	0.37081985971131	-0.07522423310075792	-0.0005045702263777021	-0.2580311016198645	0.3234188649990224	0.19030766548490893	-0.518214840857036	-0.372906678720381	0.026855101895595514	-0.8630701867771796	0.18891304277246065	-0.16967426493923443	1.1317342448580245	-1.4545225462480476	-0.16434394470199237	-0.879465901794925	-0.6076020421104701	-0.6220646813231028	-0.8406539540539659	0.2760979647586592	0.5541819554150825	0.1626219853172658	0.12088380639586636	0.7749934154984767	-0.33877698822795427	0.3796164014274631	1.1706804410977345	-0.12293426550677197	-0.27381264868043975	-0.005006248643547484	-0.11915111241888078	-0.27754823604018947	-0.30216402132290904	0.2655339021011735	0.37341079183658493	0.3987374592062002	0.18084774754908461	0.268014454980406	-0.7085312047520506	-0.3277646014089348	0.425554825720876	0.44234071236195577	-0.08411503416504457	0.042868918592613464	0.1081018567205894	-0.08630234848080962
DTXSID1038321	-1.1683214081294853	3.6468517005682277	-1.3065139851911642	1.623858005263808	-0.8571805102423864	-0.4580890770893072	-3.7284834644399054	-1.1539346607958947	-0.6423656100012648	-2.1708140415043253	2.167720548172359	-1.3197008672025794	1.454500633552064	0.5681655796453843	1.1086782287710022	-1.025935197351607	1.757438913338455	1.181551732131379	0.8170836005044712	0.5598288030429068	0.3436007776461436	-0.41501964162052474	-1.4368428594207128	1.9957290873425653	-0.33560655381274895	-0.3510450714292488	0.8060534054310858	0.20151378017537594	0.40805631273564413	0.657422437883968	0.06072380288414734	-1.5400152592538177	-0.3488979088929869	-0.8567494055910136	0.5163696317872725	1.2447375356141124	-0.04297346505343747	-0.47600801156680156	-0.9692806655748696	-0.8000464792932676	0.6479436549172173	-0.032451248114649646	1.365199557704768	-0.8609445920080561	-0.09062777402827762	-0.4785885428921567	-0.6940751979980716	0.7271309673354136	-0.3826081062920674	-0.19588563240773207	0.11473399580638205	0.3801940233907435	0.3887659167619814	0.36612426587779984	-0.273336647273334	0.9257885894852574	-0.4196369364894431	0.9161307333265738	1.0683931868882555	0.7452645360416491	-0.2320903021484124	0.8639732303215648	-0.1853805461823731	-0.5305868233708083	0.3750307493212475	1.0956602094780061	-0.025138230370496496	-0.5944872347014901	-1.5233554872690234	0.030473151268419728	0.4767466259383801	-0.5065447187816783	-0.02297338411034726	-0.31564600673156845	0.11747962498905917	0.4797604749617179	-1.027498678920255	1.011730578158185	0.13070495528776463	0.00017305753064019293	0.32490487778484	0.059269311426616754	0.3151339826950139	0.5424610733021016	-0.0032666247711087095	-0.06550671887298945	-0.45814985772063405	-0.04182504721953514	0.2355653831536542	-0.14704277308270033	0.4566047191405216	-0.29853741918399046	-0.13909245287446917	0.03496677294379307	0.03412211643265401	-0.216775771339126	0.1602138707971304	0.1865803391041776	0.15279474878880564	0.07734316173993491
DTXSID9021217	-0.13579600813314707	3.4735475692331863	-3.3866772812359702	2.3556736210551774	-1.4183589349233316	-0.8146625625757905	3.304961739743041	0.05639602129682729	-0.5387767344337874	4.392263021843909	0.3701818516123571	-1.411402706915697	-0.38860793906202207	3.08580845187906	-1.3519971443157328	-2.813549626900943	-0.5747937440708677	-0.4664274687051104	0.17040553748129128	0.7428742168415845	-1.7610952400322106	0.2931632828023659	-0.4169015458753277	-0.5660600252406932	0.3148681163224114	0.32124472784425456	-0.7311001002382036	-1.8729730883050812	-0.6147758263211288	0.33726955754394866	-0.6340120245777828	0.03568228575199016	0.18621304151051477	-0.3937679322874311	0.25676941469252224	-0.6982978698663771	0.6575866760318917	0.6995394341730222	0.212050291384244	0.07466947554053695	-0.0013267302505681222	0.7164376388850444	0.09357137419911381	-0.6257885556690367	0.8857846200962367	0.07192202831307645	-0.4274603006672761	0.16015496258804784	-0.1229802403119331	-0.23896698206690997	0.003379364745521527	0.18242093096324655	0.16774454750174952	-0.27095020634442496	-0.31782839580311095	0.016706407340896044	0.16914696031938786	-0.0586530371459529	0.38936066401226155	0.3944506570293664	0.4845641619734987	0.2964146015432686	-0.9836451614907887	-0.03715893521085084	0.68261499655153	0.027734115997815913	-0.24268556564044452	-0.2768134125607378	0.9319964683301326	1.0228063137673395	1.0631278507198845	-0.9765311009532638	0.10704945523133168	0.8197654493327995	0.04864897749012455	-0.02728215156098055	-0.0668231903180394	0.1651820835739719	0.3353866848909023	-0.1725806063756586	-0.42796138229859837	0.628993482629889	-0.3964312713263778	-0.12671169457555392	-0.2637324442316106	0.1519669724125231	-0.06480162019226435	0.3732586419937897	0.7855295432475415	-0.3115072994991111	0.3071096879229959	0.3709039815702981	0.23258646157159008	0.8757618701992124	-0.40006985279632656	0.09533747593358444	0.3732099232953461	0.45449412030701103	-1.031047144514915	0.22102922554528898
DTXSID5041302	3.867026935278296	-2.610490138587485	6.161087975182182	2.6737281937883983	0.9353286517754128	2.1977494082991544	0.4264449251929946	-0.6409107519691722	-0.9059255370531536	0.008085828396577193	-1.00118209128937	-0.6625431256663525	-1.6078381240152848	-0.00561277737795276	1.1426588706973504	-1.1034864597017142	1.8463800988920942	-0.8794824384824956	3.1994458188984023	-1.072886215253243	-0.8859634725991269	0.8532456837715032	0.42716257134669944	0.14892477630737833	0.009730437501664817	0.4116760851454384	0.7948663220857021	0.6295621122042901	0.8952228952537697	-1.1979827326674974	0.41692942448624815	0.899496112966402	-0.7145680186974762	-0.3684711210723776	-1.0910654495755066	-0.9272853832919451	-0.7670704758716511	-0.176209057819078	-1.4303657833382157	-1.0141113199335758	0.30972012442556807	0.6034153110984266	-0.6895365319481314	0.6873355137870976	0.5124318255280403	-0.18633913480990644	1.0387444872556129	-0.2996231543401091	-0.062217016285550784	-0.2933351664260456	-0.1864112826626188	-1.0530172647070886	0.08551102671535413	-0.35634515794420263	-0.5673895356338141	-0.5351308386765536	-1.7330038743704397	0.2979286579324073	-0.3110420842585771	-0.7143776713419396	-0.5584366338858908	-0.015293786499289747	0.8847825293147902	-1.1727297473985985	-0.7907645259960324	-2.5714607780119927	-0.8935757801537128	-2.1643272634368564	-0.2896283321002976	-0.5116695215196644	-0.46796760692616035	-0.5396990962589869	0.6789298785528488	-0.5561256817854474	0.00025875566539135464	0.06575369240999333	-2.9795437411549766	-1.5486573591116255	-1.3878528464350894	1.8184098294761541	0.1335788862191434	2.517154109734831	0.48181911690877816	-0.2256591666291589	0.2635552961540184	-0.08632119951300565	1.0739828727041574	1.0386213444491788	0.04713430593308763	0.33283390344155	0.005618383864461158	-0.7010651768032812	0.07267447981824667	-0.019435532432865523	-0.7536590966778246	-0.5202961544182177	-0.3588554970219551	-0.09646173181037193	-0.04276012183270288	-0.5998079619138384
DTXSID0025991	-4.6554832095263645	0.26632396639829065	-1.3094407468929772	1.6045774164884201	-1.2075873975393059	0.642097637637927	-2.4312988905470214	-3.1888395530452374	-0.9170638903032579	-0.6515014533774652	-3.440473801847739	0.30220918831460997	3.9316003610942247	-0.12162576011140391	0.7380508875692183	-0.11520406062194852	-1.3553443273954713	-0.46091387148415425	-0.938657469536535	0.6325707892184488	-0.35720721912230513	0.8129043692265082	0.19221639066543322	-0.5756062399740641	-0.22746839214294481	0.4274112755844952	0.512511600170869	2.3336742594424704	0.9012022045935815	-1.3018623903792217	-0.2775903259211201	0.521798304376628	-1.669978992789481	-1.0484997787816994	0.12603044154502227	0.3000776333629615	-1.1115212643932504	-3.8185859760038876	-2.4164297244918806	0.7876443456912274	-3.5451614872813444	-1.7181963511241778	-4.059311880621403	0.6199141238936644	0.5100777658912989	-0.039403938589298415	2.6491706444745913	5.104157110572395	-1.5176295796560182	-3.983035583792952	-0.9594923176171116	0.8088495388109621	2.233336637906691	0.48810410275790245	-3.3878588630592907	2.2147919483948337	5.203433130906803	-3.3007856001675773	0.23430732819611172	-2.1484729780630403	-0.3927952354139236	4.283509030032365	-1.0092917276716291	-0.44259668481290354	1.5201952571886141	-1.446802533640541	-0.6831376238736435	0.6499555526519312	0.8383070478194338	-0.7520786068996415	0.8536618026519471	-0.6181325663378516	-0.14411042580589856	0.3624652660392681	0.23290391878250782	-0.18918596684734432	0.32444909658807286	0.3533409534824025	-0.9432451164324874	0.5093307265508187	0.4482008803105797	-0.5172876669979922	0.40191659454895795	1.4567009244092894	-0.0019032051717172522	0.7873624604965148	-0.26151940926129974	-0.4467837604563678	-0.02564165142424919	0.5884009841386697	0.9972066813849307	-0.3860494018127778	-0.5028310823108001	0.18493379622652298	-0.09231710235096442	0.31257281819211913	0.2104122325327129	-0.27400537228715593	0.6446097866357441	0.3884097092179346
DTXSID2021103	-1.787802784843615	1.6774305765454387	-0.9213380904730383	-3.1263864639495593	-3.912414354949464	5.044663054644491	-0.8229945309435874	6.077059486882169	-2.966198423389882	-0.6116156129959471	-0.6451558182867823	1.1242309809467381	0.9853495954132307	-0.4007327541005734	-1.7281471371714354	-0.9453645304039252	-0.5199961878486002	-1.039373506472543	0.5939489177098984	0.430927610905495	0.8103818469139131	-0.4759727001212288	-1.8642178434154386	0.8896368036142361	-1.430585491719351	-1.8406516277820133	0.7088258434069254	-1.5180286247198618	0.23409496171393887	0.35044626122181805	0.2280315212900541	0.14206147050479961	1.1281002036487204	0.19495592654847374	0.5502017370819461	0.13366811055989292	-0.4786594180982113	-0.5089479172899444	1.2178187623700596	-0.35261819925745425	-1.6174868113999052	0.06197247265272851	0.10373403483744387	-0.5986380559693847	0.14992378901334635	-0.1323437625915949	-0.9872012803971155	-0.45203653477235806	-0.2478329811857025	-0.17478270652924777	0.12975940494283786	0.06776445286142191	-0.5057446253891882	0.026023443827666325	0.4616326332947447	-0.07538491680071609	0.6347716421164864	-0.5838566023925122	1.0216656526416295	0.7551735076925911	0.24788976449905561	0.05209192360826472	-0.23746281015241527	-1.2862373989255713	0.2602505157330623	1.15854413718965	0.1611019223672832	0.29701822867104305	2.1820938426304317	-0.2562799607102916	0.7750925353058338	0.19625568398865353	0.4044998900686434	0.40101796148082125	0.0009099874708801158	-0.7156471264349927	1.6373304559365782	-0.5241369360132077	0.0020786583693223532	0.8398922025959887	0.31316084901417235	0.9573284288425864	0.997820924079298	0.6571406057194397	-0.27605757999095126	0.23560738694050687	0.15326357597706242	-0.3970292364852285	-0.3951688502441355	-0.30250579958201473	-0.28471089659209375	0.014346209970273917	0.41512538783134373	0.027465913586561745	-0.344428594062784	-0.6592948902329929	0.25388167996768124	0.06309396600089756	0.26559957227449593	-0.42806232732057853
DTXSID5025998	1.9096594830201765	1.4331437449744249	6.6590128141689915	-0.29602578694498294	0.7977528464780338	-1.250201459688204	-0.009635580782212022	-1.5404793979266458	0.588073609199922	0.5925285696074194	0.658788160724084	-0.2831129965244632	0.7012448082357746	-0.7742185825228035	-1.4460949397691851	-0.09602297026060601	0.7741633501484666	-0.48084888526152103	-0.9389547616105606	-1.0910726294339121	-0.8703819782895357	-0.820331216039032	3.791372744730992	0.10825978556462335	-0.527780939967891	-1.2544625998716186	0.5588709883380448	-0.16642686456148303	-0.382112403595394	0.17501805561047293	-0.011664800960624399	1.8803331239981094	2.5435731764390694	0.4554706043611652	-3.4714313924792513	-2.017239830913478	2.543472908793467	-4.335543665450167	-0.9550989141752608	-1.528787488215255	-0.754772282943924	-0.4317814891033936	1.2379323439699872	2.6296371893887587	3.3503255908250313	-1.9572674900189282	-3.229366291446185	0.6519569419815666	0.9776465909416283	-0.6030289620974356	-0.4156523353195394	-0.5661687341392804	-1.083622646538812	0.1805179294503335	0.2423564861925245	1.077098080019203	-1.4067534460893405	0.703157952390306	1.0626914165455288	0.7281736762946122	-2.0053282231391356	0.6993280784175869	-0.025218456588197737	2.1548193866105896	-0.93265925501912	-0.06342141989139481	0.7710928335751344	-0.966452765382081	0.7202539509659412	-1.4926564162285516	-1.209899621138093	-0.4481351909625316	-0.47930979809771607	1.097151265453768	2.9187298874207888	-0.7398498521827427	0.6684629328869812	0.3271501218006481	0.5299573265599882	0.06205559625163383	-0.005839268475021456	1.2904700925397241	-0.18030057450038028	0.7544402811474489	0.1587108214376768	0.13305155227884752	-0.79887753217368	-0.5476702251667881	0.7423773332360584	-0.48445059934754053	0.9556942909017262	-0.0016200579030079979	-0.06706031312697468	-0.08690002848018678	-0.31584302733901226	-0.005455136929324831	0.17153731872310912	0.1130703598078833	0.00752190068134057	-0.14772066426312208
DTXSID3026308	-4.9666972371618465	0.4449291917592712	0.14334871186594822	1.5026157882171831	-1.193088717984616	-0.181420076550402	-0.18133020812287698	-1.5492758767946782	1.1848961604288375	3.129632757657358	0.27219220004019296	-0.7119265813786407	-0.584101740600194	0.8314757996662792	-0.3188929109610911	-1.2509979953384964	0.08450572259669906	-0.06871703708432624	0.11794440417874465	-0.05806483810305275	-0.60885421009515	-0.20022585465414366	0.4021700261250353	-0.40566595428068547	0.7549199138526048	-0.7787826288111278	-0.7761391263154502	-1.0820184815977114	-0.6273253494565064	0.5153072136965833	-0.9118201112956219	0.6698689953098247	1.1137580719550257	0.29396860341082975	0.6368388453325665	0.5117724318358676	-0.192421247824068	0.4666032692729409	0.08181944726305346	0.15208805491879032	-0.3462239005063081	-0.3587919395008509	0.3254484178951706	-0.1145392396642866	-0.16044249495056806	0.14226359254059534	0.4527695312861465	0.04347998466141616	-0.2260238530794306	-0.1588002464726857	-0.08290369316914364	-0.1368396075393822	0.2537402563185675	-0.39630428181791905	0.09467759883763693	0.3755402397883836	-0.5095346890077979	-0.4596991416243814	0.01688434482829664	-0.522429089529077	0.6847608536653442	0.06700796003556739	-0.02694935380894106	0.07523913423615104	0.47054729935741535	-0.1367676542105295	0.15240890332652024	1.199364764488443	-0.10023338969781481	0.1446534604328623	0.18594339641517793	0.007977126961822265	-0.5887100338872773	0.3735397099645889	0.21454328963302685	-0.3145033493877583	-0.40002516701668067	-0.2670230261893429	-0.038854668008298315	0.2120686155133371	0.2980842047429409	0.8054268108835686	-0.052277509208714636	-0.30667319237454616	0.17398272667999123	-0.13270675328339704	0.007642529534044745	-0.358093590851176	0.33181444416808975	0.14860039356554794	-0.13847156729267612	0.021898018980451187	-0.35214214573041625	-0.24668883774382744	0.09883201662131905	-0.3932998938050913	-0.02833872000373755	-0.2111126871099753	0.12230607891257153	0.09357686110604702
DTXSID9044663	12.02015127857935	4.577441021558359	-8.039399131347748	-3.1496248214296547	2.297553682149182	1.00830653127361	-3.4925633433350503	-5.324961365654936	-2.859442168229679	0.5350957727305338	-7.223077726472163	-3.2483445549217995	-1.1614255026737845	-3.046543617507808	2.551502050885603	0.25132287681104803	0.019597456628441933	-2.2355919894277676	-0.1707022226659187	-0.7881269244617152	-0.07104524502295169	-0.1745763185534734	1.6219955434480484	-1.5672646392688738	-1.9092078061012683	1.371334099760391	0.8099768468137665	0.4922085213456468	0.611722117514646	-0.47806589424431045	0.28695847166471294	2.0819071909482583	-0.15662847196329543	-1.5701757188807421	-0.9237673617983275	1.7967695613449368	0.32804890063206693	-1.1027095181622588	-0.03900384058454164	1.2695612384415418	0.2994916603654394	-0.4730826744828736	-0.862415395010033	-0.00969090514438786	-0.6129198700496126	-0.14861992903884946	0.23026569088875437	0.09714160627511763	1.3495622783513208	0.478898404964033	0.18107012109240808	0.20614277643427395	-0.4646928121354315	0.15011118929563988	0.7981705611914142	-1.2731802497595828	0.18615485396257908	-0.5089635045940595	0.38671002224282475	0.41041452454709293	0.6259289708933694	-0.7875671833885598	-0.253144261669801	-0.1629060668513497	-1.4117949881666458	1.17900881392345	-0.5029231419597565	-0.513777982710198	0.8409511567351295	0.1679286582268933	0.2371352445175923	1.8579259405744197	0.23920974409790205	0.5670860935760835	-0.8182379396342404	-0.4790809480034389	-0.2144117540484574	-0.24598016612798032	0.25295728387478683	-0.4326922439944667	-0.31916902969925703	-0.6481591344337982	1.0040729200296739	0.147526894553677	-0.29002255931444126	0.090569501357046	0.516434170547681	0.33193026762005157	-0.12433516723888652	-0.07195913573542155	0.11709698025704117	-0.7720073788703393	0.2582095001628305	0.6722068312306215	0.13838702786806664	0.6228857208693905	-0.3695412310792085	0.012700561283136453	0.3332741778129776	-0.5209576158688421
DTXSID1037565	1.0288216015005884	4.288495281374059	0.26836693775354	1.9966101473115017	0.7113855450518115	-1.342311931078436	-1.477237046913235	0.22512671637223086	2.0594161491970575	0.08985484344780853	-0.6432122526978462	-0.04396465602978962	0.21188135340983794	1.0257983005116196	0.9382021902516375	0.5508476995159989	0.5880710146392978	1.127065010243612	0.2587776329277727	-1.6191644419369469	-0.11021516172277387	-1.1148782060409053	0.9682129388411408	0.7215709706653647	0.9453268937782313	-0.020354851955319192	0.003124241873439042	-0.9667918896058	-0.1315201004226392	0.2972494859170263	-0.7189755532946872	-0.65327076502187	-0.04288781993424235	0.08346706613343738	1.742360631720084	0.5799441048429733	0.03440351958370491	0.097078826410966	-0.2603044798578573	0.02711107844752061	0.023060487445193217	-0.1101261953492501	0.3830405839425412	-0.18213118593949515	0.037577265108072466	-0.15580325710739742	-0.1431986253555914	-0.40369268460294466	-0.14933044510159735	0.0024188966315416296	0.17902163735197696	-0.1747471483937773	0.5504684563178353	-0.38576118919408403	0.08512372106966046	-0.28780018447454947	-0.201321307884344	-0.36828698607277643	0.8427289857476019	0.32497247586938066	0.013687436883681063	-0.02913056449658095	-0.6571531921797557	0.09310719342729473	0.3870809810145175	0.5135562945688981	0.15154825992644455	0.7489238453454534	0.23412585586724768	0.18073810905497134	0.7818814755747573	-1.0770790499283054	0.0053652068161308955	1.10027390032584	0.4822086360048601	0.4891521705806711	-0.08407446613942898	1.4840610436507864	-0.16389324707926453	-0.11160424700707273	-0.19548331417129922	0.09549485085081015	0.3839727245921861	-0.17410441630543344	-0.041700739175184985	0.19584769185796852	1.0271756085391146	-0.8564498962618812	-1.10333726156521	0.14696418085533083	0.3459283898109455	-0.6262601166356081	0.4315537784034334	-0.11397074928074591	-0.2745813764016967	0.3619838172366536	-0.3337833641867915	0.06191226283240634	0.4904105005604181	-0.4046846258796251
DTXSID6044272	12.425509901367397	0.48587805570914655	-0.7292842923927891	0.2741320616513178	2.268718936687318	-1.3655306027747809	0.7944491484220515	6.153765029446493	-1.4354149467078763	-1.9722957526411022	0.8153077095862955	0.09294839143992585	0.43898737970960106	0.3403280416816402	4.351703913247451	-1.2988841175387675	0.49213172628555124	-1.5973993325743092	0.13744663644028757	1.161445923394709	1.2481113207613015	-0.07382442612129872	3.2197668079775914	-1.4205501413188124	1.9966406785831514	4.034929344033323	-3.009963132066697	1.2228616032764017	-4.528829363041823	2.6371181339142025	-0.9481770122748109	-2.4243407656266385	-1.9698055129912682	1.0664098168730756	1.029392255898525	3.2471928974577633	1.0821288988843567	-3.4497924843791745	-0.49001797315964707	0.7403411998029442	-1.2896739837715867	0.2681079260623112	1.4028637473515517	2.7559819587642984	-3.2831682699350755	3.54182337539374	-0.004919901402096957	-0.23082533408343744	-0.8071473859224733	-0.05475237860934149	-0.4025670019521647	1.3390460259207246	0.8502523747229828	1.3622039985772278	1.0646776284959296	0.3345717405753831	0.1277470040803581	0.5312062883832658	-4.945474115435671	-2.2733973089224047	-1.8775440392078666	0.22373881978846152	1.2308413273127399	5.607280217530911	-2.314365637588085	4.218278923550468	-1.608155846075245	1.123754428030426	-0.282408125650284	3.371985423771196	-1.3094891948051357	-3.1827359833450233	-1.7281147490524253	-1.1247395403993368	-1.860497008839677	-2.112200424665399	-0.8728367400035799	-0.46703885049662724	2.6174843352771657	0.45767320897517727	-0.7822665855997754	2.9172853019990037	0.35413783869060383	1.7902315910361157	-1.20005969877893	3.159191314840902	-0.7022026173844077	1.9240001578457715	-0.6578796764868966	0.5393686514431187	-0.20178576673515342	1.4336264334974078	-2.1849316747582974	-1.186506337604095	-0.016379489942490465	0.7916747006630102	1.211211432945324	0.5853281462218616	-0.15927009375625922	-0.7978011807847977
DTXSID6048838	9.711900217586853	-0.16699563644874343	-0.3940904790933716	-1.339782105400661	-2.320798788889933	-4.5022457732409755	-0.12126806825747691	2.58256369367413	-2.2454468355484813	-3.675136769269426	-4.076012432667498	2.7043820894028676	-1.159721934302751	8.457175312126394	3.0903660686689722	-0.8036614829604666	-1.020044469140182	0.9096445760676198	3.1853972001492377	0.10338486483635514	1.5991650325615996	-1.2892511086308227	-3.949246832525823	1.4402047439102035	0.5521720405684855	1.6500526971508134	3.061764061091036	3.357172984697694	3.1328538049388586	2.02509908480492	2.2313602410912634	-0.4922594947423876	5.434379536103937	2.7743782714587537	-2.501949068122725	0.4034644544262274	-0.916974366852121	1.724334317378859	1.625290603849729	2.239734019897324	-1.1318906857564397	0.11775185860696988	-4.088759756089547	0.871282027817844	-0.5759121378324614	-0.5920605944465319	-6.037290136080091	1.2001810465862983	-4.003373035269778	8.365733190385443	-1.1906088674161062	-1.2541696553302135	-1.4088847934088604	-4.014147163844288	-0.5787499173254597	2.249920997352518	-4.708449576862931	-4.147988498874234	0.19475662743131167	-1.8975016096134072	-3.348345502499223	6.100968355209038	-4.62050572102251	-3.856684541164099	-1.3039582186097005	3.8628867418561157	-0.005946124777533812	1.9838332215771604	1.0947036134855064	0.25886592775511547	-0.07799595163411778	-1.7909546918252885	1.9011382790455684	-2.6480824186053855	0.3290303218973152	1.23195887852345	-1.2398579121213784	-0.37117392809693256	-3.3225337569338986	-1.6159522612033597	3.3340289419433886	1.7854858480558984	1.2877986380622266	-0.7534604548652775	0.6197689059293418	0.3501421291102618	-1.357438341690987	1.2166288993370313	-0.9658165338399964	1.1264647374256869	-0.043656150385841544	1.5451910193446574	-0.059564279303361965	0.13583854982924645	0.7742070979241735	-0.0017672185883766869	-0.9432173114810516	-0.3381546726072615	-0.6269425843498106	0.034022113740054774
DTXSID4027286	4.71340178837365	0.37865456465950303	8.425746010437798	-8.327489729884745	-2.478417752062441	-6.395357919910587	1.2301147222338835	-0.9123143339263226	1.35213291992542	1.8595614616826075	1.3764909677466564	1.5530926791032529	3.8098538928585	-3.7180431887444643	-5.2315654470693795	-1.456105868971267	-0.3253506757976352	-1.7270525637381042	-0.14855818380062996	1.4354749270180271	-0.5066491756710928	1.0929025673859276	-0.31864969354459066	0.3918076326670945	-2.1268902757536257	1.017065074902266	2.0366681231198447	0.40517967763284657	0.9569757231882873	1.46291892842164	2.0549759757751835	-2.263489061863869	-0.9237013247358062	-1.0004375131428567	0.7228225345039643	0.7612356773300597	-1.0073289390617306	0.5744835568368324	0.3122565037063624	1.2436735432292316	0.26786080339439594	0.5426428522717202	-0.12000103520406968	0.28970061018599913	0.3218357194960442	-0.0855976420148914	0.842570653195252	-0.45177145982600325	-0.004472734363651726	-0.6563128355634199	0.20562269340299674	0.034032904110890695	-0.21929104161257298	0.4033745512076849	-0.4083182361591264	-0.08062089741330532	-0.2698723011061846	0.15085020865096663	0.06745695662786602	-0.6515829256818007	0.6340549586478645	-0.8573903682543091	-0.9039725152561673	-0.11497183968398758	0.7211128685561949	1.2299310212682113	-0.7251910833481041	0.9539907434509983	-0.29768414554745387	-0.052984260856245934	0.7713556280209206	0.08269683746123009	0.30293921059787376	0.029930934111152458	0.8137710982946025	0.19375395658430852	0.2092224330387968	0.013335325865726277	0.14551473583883498	0.08882748616258156	0.9548108130982105	0.5189053183735315	-0.08528763652543825	-0.4458847410647028	0.32471928671255057	-0.18095059115806433	-0.032476742047900096	-0.7518674016329399	0.01832785589154028	0.26209619287375613	0.15668703152838734	0.0170834047217472	-0.11102073276921876	0.12202373243497101	0.20122760993867025	0.3045083708850439	-0.16120205241360902	0.5576512771374621	0.24439933878759937	-0.3274988298542418
DTXSID9020089	-0.6276319088624318	3.502826986665448	-3.548407602475227	0.09897018758650455	-0.5664306156064178	2.1686302189303026	4.182783536654474	3.4828412221577927	-1.1437210808412965	0.14316293849257755	0.44017327732658035	-0.21946071728308816	0.761392568415826	0.7994573339568835	-0.43768170634634923	-0.20463154805955142	-0.5664475486725089	-0.022707440223363014	-1.1534495082411422	0.383776683225861	-0.2689957662268574	0.39835574950406477	-1.4843142873217416	0.072225829821022	0.01815211546692148	-0.7616193782780692	0.47526131001315947	-1.8473557130897755	0.3786488955885749	0.1618208593456689	-0.35560460194303534	-0.33958361425538514	-0.40569229139193086	-1.7401215929796734	0.19764673072519937	1.5638931695638636	-1.0928208524084315	-0.796635586399517	-0.07032752915026755	-0.6460316145760452	0.11257752510972228	2.591375899580372	-1.2206716526818788	0.1462019497237453	1.8174720877480683	-0.0680668513743441	-0.5691111471174225	-0.4044878339515671	-0.41782329415867825	0.46951502797219896	0.1112603676663113	0.10502358225222987	0.48254658825516344	0.4939856922409838	-1.6439423578482186	0.04651970248228132	0.21267688754268416	0.5137403362516736	0.010135739153911133	2.461880845922669	-1.1325325349613744	0.1892065259597724	0.3369409807757718	-0.06154711375195204	-0.36462148764757335	0.1862434410548284	-1.2863649294204	-0.7489147672697947	1.8977731216684337	0.40206537293269873	-0.43175468441933124	1.9762733910995112	-0.10306724208228575	1.8462752744658828	-0.5896114241649982	-0.11357986019501375	0.9732318338844661	0.13112301282171826	0.3091285163691848	-0.01700924882690189	0.08448561367017768	0.3463483134213281	-0.3640023635056247	-0.005241135842035059	-0.28401618768698517	0.32823701327579896	-0.016660937952873187	0.3726097017653182	1.2530150381815655	1.0132656523560788	0.0841779477167964	-0.6907765158925837	-0.2454009948766091	-0.4816541844012471	0.278056277891644	-0.2548200060113059	-0.08200897178590794	-0.3050831220369624	-0.4465391532022802	0.14242857653072571
DTXSID7047198	-3.536534416869535	-2.861658606139388	2.171045099353058	-0.7390976494518804	0.7110616197239896	-0.8415173056905341	-0.5723517583890987	-0.030877422191080386	-0.25308152619006885	-0.987356918178437	-0.8233644276609279	0.16308715118938785	-0.6093874098335773	1.2166549308687762	0.16885635235873117	-0.24585285102452875	0.6335393890939597	-0.1545507736084151	0.835408537802517	-0.8909513832389303	0.14215124771779888	-0.10153464838037833	0.754719554839556	-0.22872631242923386	0.19252385697105778	0.3022806987646989	-0.47192784953657696	-0.1499088943362614	0.017496913132673847	-0.6945404444961728	-0.5807768338072565	0.3035083510601194	-0.21317214585216593	-0.10355893151471757	0.08268421460833475	0.041794736417390455	0.15559376639675018	0.6280962655412848	-0.42082881660910093	-0.1984304115970323	-0.05386696883432921	0.07076162661169827	-0.22939396482838179	-0.273840622364224	-0.20730535997483748	-0.06476462846969691	-0.04982481933488277	-0.42530864410967867	0.04368407884093221	-0.11341682611023127	0.06778582238196616	-0.07712589416602444	0.12554525043449205	-0.3194834783135467	-0.234072446598981	-0.06965300202084383	-0.031261394270847676	0.12735713637450904	0.22291864840684777	0.18891182225461015	0.044018346496563464	0.20947129463091405	0.4276243586484196	-0.42614452229223176	-0.1826676251575383	-0.24278167069009596	-0.07883261349660933	-0.35930636781746705	0.6683773570595639	0.6888304552368057	0.1700636829687715	-0.08003685335759188	0.6185937304925593	-0.048990685370257046	-0.7854942846460183	-0.094097466203016	-0.3733999719488332	0.24818459045237554	-0.22110067957162846	0.05503205641684621	-0.24379236258516382	-0.029203797846088057	-0.14657022963430497	0.13856506817790526	-0.1564522729103636	0.3279206127851063	0.20260359821359722	-0.2840884336733449	-0.07601086859224436	-0.27998362976228597	0.114249650414145	-0.07122300163770985	0.10355508141948716	-0.14379508579744876	-0.3557099200106976	-0.2646802442008679	0.024050984148521144	0.07583705615490688	0.002475423063728513	-0.18757837604704505
DTXSID6025143	-4.734930639305764	0.5950850421793634	0.3180112800602835	1.7969932044820023	-1.9899915645250492	0.646870970623127	-2.484936780557297	-3.1540992164933646	-0.6686269983678519	-0.5975795693257319	-3.739363049214075	-0.40213577253162136	4.032845483593153	-0.0033631245370520303	0.8230542428460909	-0.4141214441677259	-0.8708209886968186	0.16234121531668594	-0.38746198324810843	-0.03612923977692226	-0.03905191822401278	0.361322622748453	0.5396649941121862	-0.3874208615889486	1.1324308039483275	0.1973763072607388	-0.3567302320538	-0.49345277666083176	-0.3032560130609682	-0.23847866250251312	-0.9367361768217661	0.2035288895859355	-0.17529579892605995	0.3007192898221646	0.41258192210457323	0.1608962897654452	-0.6742931835217063	0.3395831606481928	-0.22155336593127808	0.2529767108827694	-0.28750752334282975	-0.0077813267118197905	0.08232886571347801	0.011616168823954269	0.010874773749317692	-0.06639169865747327	0.1524407568384414	-0.3364864456457445	-0.2325500910654929	0.16006543758048455	0.03188610711097787	-0.32999091781848466	0.4265135988824906	-0.19049080526974002	-0.06381333901922213	0.06160772864884165	-0.12235719103849423	-0.14755909747021892	0.13633820701034297	-0.25780877476858627	0.45213029844725894	0.1688580587413216	-0.09098039935630925	0.5939973103825843	0.26030433265698955	-0.3257492000712936	0.32888200334028345	0.009244822641195272	0.100597705211009	-0.1410193353283237	0.09660690527852889	-0.3652869930714224	-0.02359710014747574	0.5041658352889625	0.14013623011331874	-0.026444148267361363	0.12091782798793486	-0.37615669521131445	-0.2515376831889003	-0.008954287854143764	0.19087726704896849	0.22952247470162154	-0.3964336141842731	-0.31012152931362874	0.30873369946535656	-0.07640962164968189	-0.10009675779509952	-0.07200513784796124	-0.017652878397228684	0.2280825390955023	-0.5549720617078041	-0.008323787974662003	-0.2585943053461643	-0.07194525394693856	0.0233710627798187	-0.20645790940961845	0.061296984492489374	-0.10836600658395514	0.22556997954192629	0.0037928643390689075
DTXSID1048706	-1.6972926466977625	-3.635344338544678	-3.554698662462541	-1.415289630259123	3.7679386833311947	-1.5460322170259362	-4.728883094994369	0.13310236824196886	-4.264016828118242	-0.9899944688359821	8.347240754643687	-3.057792099477233	3.9138152499854324	-0.7674624963551849	3.489891707691428	-2.5325667545154227	1.4148159385596712	1.0245621791310942	0.3698338490754673	0.5835780182532199	0.2757918153373524	0.8080019358543735	-1.1130919460988882	-0.461751509662326	1.0509738638294917	0.940725375000736	-0.09913398499532014	0.0168894297999886	-0.7216457488360898	0.5474339171469871	-0.5873553812644754	1.3973053237535271	0.2056239417248593	0.9931470799944735	0.4771702441409371	-1.2758509563303533	1.0922572709621496	-0.45876018129735135	1.2079888738563287	0.5476116391322815	-1.1327522564098373	-0.32514782400909964	-1.3725910630054958	0.23978679119035376	-0.02039373656939712	-0.1290146540305581	0.8261960599327158	-0.9227491297964969	0.10819308356593903	0.0669007453178171	-0.0017942342128150028	-0.4299068751002204	0.05892462370924312	-0.5345597921090701	0.6409668531218877	-0.5287976148182955	0.3035391801823179	-2.014371748829327	-0.4892629226806791	0.5516585487271322	-0.6899514344623521	-1.1396516505946515	0.7130785660558902	0.9961058360844075	-0.05215677401571524	-0.2268066939376572	-0.9026061926067094	-0.18985917944708675	-0.02652760316941833	-0.21481865959524715	0.4989591106217754	0.15042014373921797	0.09623524743705006	-0.23191101028107364	-0.38232578714115817	0.2595848231207537	0.11090645312194378	-0.5268252562420015	-0.4372622792418283	-0.6448094398027511	0.004177282302930505	-0.10887962572011559	-0.5300426507114387	0.29094513924220117	0.9218755958573841	0.18108449106308697	-0.44673422220094755	-0.1410674402419505	-0.26381692498292447	0.6406809379571822	-0.45350545985412	0.3191015104371285	-0.9107233054634184	0.3119956493267644	-0.01823254398883694	0.29687847996317346	-0.9146978078863837	-0.009003423849926848	-0.1859872495952469	0.014277722331881423
DTXSID0021545	-6.091089531769556	-3.749189704791671	-0.6826326467147376	-0.5769799113309955	0.6799970729832726	1.1813657153617607	-1.2946080468708565	0.8008200860206826	-1.7330747659366867	-0.33797821445650206	2.3303126776088217	-0.9333603109783004	1.6211345904284615	-0.3952606054478475	1.36061378390423	-1.2663790471348002	0.9441080355225155	0.1793805081175454	0.394252996318869	-0.36446981341045714	-0.10224836095156221	-0.029466266746906892	1.1701452755041402	-0.1140518524656112	0.07845177193799237	0.9197541623749066	0.430223052247757	0.33719873068132145	-0.2278788829887578	-0.05906509062385203	-0.27027681858885383	0.6627206734457212	0.6206515066088205	0.37811388736590934	0.5515660194518982	-0.5679621167648033	0.6244762005739498	-0.19975002442363918	-0.20224640522621704	-0.030281524227275015	-0.1111387173943203	-0.02091032861790322	-0.7215138260565979	0.07834596055489819	-0.20826658772606563	-0.019807601349751982	0.6605646138259764	-0.8149574216073554	0.022901143262171	-0.44487090955368636	0.07926753248040255	-0.30120664760203514	0.16070878937802935	-0.2269376680611486	-0.04191958713091298	-0.28256092839943764	0.2507937383154347	-0.28891222786514725	-0.255479310682974	-0.06842421641178713	-0.13190304571893208	-0.26207306246825623	0.25552777714015973	-0.03209216181246202	-0.37521050475688783	0.4378972113136037	-0.6535912036959555	0.02709013148117404	-0.1573540193629503	0.14324521689506708	0.2516548559688409	0.13704497009050884	0.504656251848588	-0.7972504331574811	-0.6407863401177041	0.10691161845817647	-0.7993534509834734	-0.20475917433028865	0.40126601687084484	-0.8446897182454861	0.02189540932418363	-0.043269212719655836	-0.2451410901844798	-0.09458313419803782	0.2886731810077017	-0.26615403612588806	0.17907139523773813	-0.19453838650255845	-0.25663574698519276	0.44148783287652127	-0.03762037902956195	-0.3118303252924044	-0.8929693341668826	-0.13560087863017503	0.004532510824352975	-0.22927286286805865	0.14514938561797694	-0.10754448921136253	0.05669521445614819	0.019895533263232422
DTXSID1038795	0.13707267471683127	-1.0113153841499603	2.2540439320306183	-3.1744613208206367	-2.070345964422782	2.452547343595237	0.596541276854121	2.0090537805153046	-0.5186761490673666	1.395202256068997	-1.0942905477764442	0.1717714907285183	0.17144374801275042	-2.1358844527371477	-0.031375340074026876	-0.10440128944258667	0.4998621465214405	2.508907731419404	-1.77666945215845	-1.1764172005947005	2.879563356266883	-1.763840072019424	-2.1712477887651613	-2.0318908713009387	2.6385576321121413	-2.8232700718079347	-2.3856248128763813	-3.416241083134354	-0.3627273352438774	0.1019000205119276	1.5024988940949027	-1.5674759031405998	0.8286885649668833	1.8414278861526738	-3.240891963400111	-0.1190607684341579	-0.48597789934593244	0.37569413618608116	-0.05693887181034871	-1.2455410981552977	-1.4205505810295214	-0.9659249646019099	-1.297634869816141	-3.034585028831623	1.3634162047714906	0.41139980041660157	-1.185202163049882	1.1565607369616053	-0.4460754260752032	-0.30229596299612876	-0.887008188846233	-0.3127434145589599	-1.367044433481262	-0.38256502262478215	0.4908531340021053	-0.10298119196832806	1.232323864153564	-1.0029151462724983	1.112291806784197	2.1392559196851417	2.06691630731438	-0.1088834398581468	1.764074435125318	0.759467723422789	0.6719493782986161	0.9599766032053397	-1.8896609561295201	-0.4974769064670836	2.859652651858967	-0.9177129945425305	0.09668347381970699	0.9965576560992602	0.31180808212234523	-1.4819599632840714	-0.3191409149570741	-0.2844383118536569	0.4950877006336244	0.9053889956038438	1.259071893288403	-0.08468638710824433	0.06387696145271228	1.1706153056727833	1.6608875461017991	1.9768262751660752	-2.016743607077644	-1.6718966213113584	2.898033280842293	0.043179144468235224	-1.1981270547991492	0.2549524833712047	-1.0685248515065908	-0.4457348577664994	-0.7864980023008884	-1.3552546822000424	1.1311187151204767	1.1987482027888865	1.2822421601304992	1.3494710566694517	-0.7025734483697655	-0.17350750965526454
DTXSID9022524	3.2028364334727675	-0.5149341462554874	-2.7512922923135106	3.6421679460754497	10.164349484780065	-2.321816535509798	-1.6827677861444783	7.124540810026864	6.683507966324777	-2.4259615842645954	-3.790590669921984	-0.673652389381547	1.4057757669135265	-3.311848923988176	0.8226441191386042	-1.0335077809817999	-1.5448267235572635	-0.7040236816281741	0.9070719544436708	3.115412161004324	-0.7600336693069888	-0.010029127111174659	-0.9131470788384626	-0.3348473326083959	-0.28013519812063514	1.210415317359196	-1.4787616187565247	-1.6078844106398378	-1.0398160177450668	-0.2915382679358556	0.8097151080166909	0.4436581469086021	0.2579207506848347	-0.5863523429252128	0.4220376572434053	0.4196574498120655	2.319676731418538	0.4420730727600967	-0.7135751005730125	-0.07241666297567616	0.47333098289681735	1.4123000738727505	-0.09080084552797867	0.9857745032795806	0.2261667501083692	-0.10871862524914394	-0.037521585085154546	-1.9141817015578775	-0.2818888737925026	-0.7954435223156233	0.0486962044509524	-0.6886520838464751	-1.1175141059493232	0.06462201161946911	-1.067496529224493	-0.4557062781645295	-0.575776132090501	1.2039385190710508	-1.4990149072835548	1.141905214127845	-0.15373843937933385	2.886645155061792	-0.4651969904507322	0.6429926831650343	-0.8125478307459927	-0.9032002772391137	-0.38941109446419586	2.065550049145592	0.7620720983751227	-2.0212992164132793	2.1439795336773204	0.26033630710095146	-0.3326083424244322	-1.9133312872294863	1.3069329666988105	-3.9079350901660725	-1.3980552630287277	2.777678540901074	-2.544937431455353	1.1832669123152686	-0.04457404098987833	-2.841591173244945	0.11077067611493169	1.2201163616358013	-0.8138890048076115	-3.8146488705556316	1.4918666897839916	0.7655147232158692	-0.5022964765570678	-1.1210900453205381	-0.12618142866723314	-0.47001148141418203	-0.7255469284391152	2.804883429353652	1.053471589597169	-1.906143828500493	-0.42907805740483523	-0.47966724549790085	0.7538013652601183	0.32214480206136353
DTXSID2047727	-2.5134479924578264	1.3955839214861467	0.04928782941928571	1.6815032908199814	-2.035224337210108	0.1814953612498223	-2.4643962564957955	-2.9702238953047084	-1.5399546026084592	-1.515977618948376	-4.399928479083627	-0.47435327448657716	4.448858239744106	1.4039461794970214	0.6340222333875105	-0.4754444643448699	-0.675713742121466	0.4474029159594919	-0.2502954082317753	0.1051844415222952	0.5401606721953958	-0.06018238338795386	0.8487104245046534	0.4752200686548008	0.4696796724559088	0.45266594948000444	0.8089186897652896	-0.04929392251118342	-0.25409975485252173	0.147059960510742	-0.14212158319470797	-0.5182031141252511	-0.016465541028212467	0.4231705931409149	-0.7290459540655505	-0.635142389948772	0.25760817950670134	0.0858560390968159	-0.28999877100568777	-0.10425822885796322	-0.09908996785717236	0.07596753425993652	0.022963994957886306	-0.17715321920631974	0.039090643342949816	-0.27528107640418353	0.042547675633045026	-0.5154667243120991	0.004749078331953182	0.17205826591689966	0.20016203326757565	-0.29384231462810095	0.4465056068617187	-0.0048977069399945145	0.21445809778897792	0.17532595332570622	0.4298077390313038	-0.14747908597124734	0.48894506553041883	0.22496549344967354	0.12480426322087959	0.24040016584492027	-0.08057471255722776	0.414293970662688	-0.06367594536790963	0.05700644093906688	0.3687476764283304	-0.9913967610056789	0.1963058755027368	0.8612191412661282	0.3641662829387974	-1.1788405525358128	0.3736372943947792	-0.051749124442964006	0.5946538381294094	0.44938781192446076	0.06460005235654978	1.1503241559238004	-0.26393740138701516	-0.052879799581448096	1.0812873777884071	-0.12801289260879484	-0.8384813154827134	0.04661392332862464	-0.03967447618748059	0.6020844494587074	0.8757161784471644	0.0016814017091406795	0.18975429018929216	-0.5822186102351612	-0.07545044624676157	-0.7715641875672289	0.09046208179834353	0.06843135636822181	0.3956684778327163	0.5967655189692789	-0.3208631133610849	0.014001805194881861	-0.20067607471533866	-0.17618597731423627
DTXSID5020570	0.16241077200260298	-6.332585568005231	-4.445239822662893	0.13783805011460523	-0.37137225184487044	-0.6145152751654954	-2.5370136103045007	-1.2679823661661622	-1.1094458972676835	-1.3232059784382737	-0.5918126601163578	-1.344605086778756	-2.1028710812117644	-0.4528343830263722	-0.7653369931487707	0.4739098433073904	0.44724930717207567	-1.6114770835768248	0.19693538637162622	-1.026334459949881	-0.02652362368016705	-0.5563763389932868	1.5680925516941777	-0.5686224578354262	-1.9479687251469264	-1.3151109816205526	-0.7233159353491383	0.7918783724050188	0.2556449775450067	-0.4739722668322137	-1.3873807414004247	-0.9175376198530572	0.727065399852967	-1.6953302335163478	-0.242402711918663	-0.7517213113445692	-0.8365300175482165	0.7750610516480501	0.638386173940784	-0.7416966563630577	0.46540937680567024	0.14506681995294018	-0.006020042870749937	0.06372986908844344	0.5192916356667158	1.134162097956801	0.6340159053834347	-0.3448826458636003	-0.3104909432640657	0.04577223573002411	0.10006921843851868	0.09837671114415293	0.5329355551429437	0.32361071957614646	-0.2537145792364567	-0.37167839949877995	0.9157656959942071	-0.8233545612394922	-0.422833011983756	1.4054300168186467	-0.17676560696602417	-0.5382885240524565	-0.6265760467777256	-0.12024429362250214	-0.34645037710277626	0.9952307579875868	0.08981894535141226	0.7378008956388047	-0.6681423777324782	-0.4013180778310739	-0.7142899211257118	-0.38198435021715593	-0.30615357365071744	-0.03993607591506575	0.8261961140998173	0.3123264480128417	0.22201385906145787	0.5465509052960921	0.1648822857520612	0.18618470799337342	0.561814860646729	0.79013429205742	-0.21934367484952313	-0.0006799374934668949	0.18214954383980325	-0.37608121348916185	0.6292230323829165	0.3486517260237578	-0.16053057255665182	0.007983912854658427	-0.5393255907054363	0.6317977471210207	0.6623091982458763	0.28492883580186734	-0.2609857580366845	0.616139448641696	-0.018243413107375	-0.6430234397301066	-0.33383902372260743	0.7476233100493822
DTXSID2021492	-5.364108014969654	0.6774963972619614	0.1923119001844975	1.2385900428953873	-1.1070010059867246	0.3663678528491757	-0.6165216259104	-1.181653912865365	0.4420286679590786	-0.3780993189137405	0.43717757732676815	1.0930921142222125	0.5671987083248673	0.5561934675743885	0.8029495275744788	3.5303202485751783	3.758530156773159	-2.215429384575053	0.7731373371421387	1.530007676077618	-0.8114952045486312	-1.322003778953718	-1.077480516303786	-0.03525555567511546	-0.5374181093021293	1.1190221487366658	-0.9819653400860696	-0.54004249096148	-1.1155376860932695	0.3540589399523727	0.45158094757324574	0.2843557790590027	-0.3662203295898317	-0.4421730121236385	0.3928312208492093	-0.9368649284100176	-0.5475709982748521	1.024952000406038	-0.09684677063134997	0.7578581796357168	0.4931020909858391	-0.006285814260767452	-0.5799311196043322	0.34914341842483243	0.3748510997817513	-1.4154030559455304	-0.45668672065154065	-0.4270101250043935	0.041060214212937554	-0.2781996327764876	0.25511759611860213	-0.26402444042235096	-0.337156194307792	-0.1234551612411335	-0.8703775367747242	0.14926816383218075	0.4117710084809605	0.21035406766126397	1.3222468026092875	-0.10344020442206116	0.5907293062345984	-0.7208156932483722	-1.144475727691351	0.8122350834060615	0.14700088946239578	-0.518423449399832	0.24601715262352877	0.3599901479495167	0.3495019525770382	0.4051645386526168	-0.7823877960276936	-0.7379547776498862	-0.6169040132040606	-0.468076739030636	-0.5091775125113723	0.18008093266984634	0.6873814854795077	0.12222287549783908	-0.46649877351804164	0.16709111219316397	0.4949169295390864	-0.3885716847630431	0.1056264727049129	0.4226207710593352	0.3633078947198744	-0.09887151877214634	-0.21772017238753572	0.28559149329943273	0.09451038314480259	0.12331834313697053	-0.26007106917122097	0.03784104445291377	0.0039455724117605905	-0.4649299016952656	0.10012879135555312	0.0056027804765445294	-0.27799757413624643	-0.017980572128301384	-0.02799600527015763	-0.030655523460778916
DTXSID5025815	1.6185385739316773	4.284238549795167	1.7127012370271155	-0.12288933335334948	-2.813761946120183	-1.3506292772145254	0.24720719074535666	0.7596564193656627	1.4444724977796741	-0.2700411592272898	1.1364549580409962	0.06834256375277566	-0.9124883208058399	0.08704873333848315	2.2119925010334387	1.083180574179482	-1.0126613058565097	0.412169421421307	-0.7447846768354336	-1.5213715277310507	-0.9226011245289087	-0.6631025145462233	0.9806000948801873	0.20916440686998036	-0.7885369791693203	0.2154507315029078	0.8222668450019979	0.5906799292070253	-0.5145181172972281	-1.4796946385060696	-1.7494400464270632	1.254554120830545	2.044617751301722	1.097755752370218	-0.10358207211310082	-0.9288303623958425	-1.8880542074884505	0.03614255465245851	-1.0058629542425022	0.2344693886188421	0.9684726610731658	0.7140853898172105	0.38984414222650027	-0.8317403052840538	-0.6872653005815582	0.597733834036518	0.031053555808386705	0.0859971980206331	0.04727128668957862	-0.612509114441173	-0.23166619028707403	-0.31438610992306204	0.6329043917586346	0.0365111952456297	0.05676670716459246	0.7832995825814639	0.44560091681799846	1.8409473769145093	-1.2061938086173583	-0.9930527713439199	0.09724446171119461	-0.3590632468602842	-0.5561773580439477	-0.40697853593493616	0.3609145329193092	-0.203418542560961	-0.579694519853803	0.3398520544135676	0.39641646658250446	-0.5300601005747417	0.8005651106627832	1.0493315087166857	-0.9022496727840019	-1.600701716361086	-0.6614253597309745	0.39852359068871485	0.41256800578255154	0.20004345221190628	-0.17345559216030051	0.8305749952261123	0.550468445035234	0.5191571016443294	-0.2806434305422793	1.0306852512762705	0.044092762827354255	0.14243038616559767	-0.3904244827868954	0.5957492067063354	0.30363152185964365	-0.03220012871471975	0.0872878662895975	-0.17294835678717121	-0.5488667688261285	-0.08981453165012493	0.1778169712251424	-0.2239095085879575	0.09164922198126477	0.2184692821844546	-0.05411363576076303	-0.48908755914998564
DTXSID9022360	-0.9614627826650288	1.7852271612521937	2.52175097996741	0.29208470949027604	-2.448067198800281	-0.13317562052749188	-2.2420353488160396	-2.845696521962329	-0.157672144365357	-0.2086469075026498	-3.5098723714145565	-0.6241945409371007	4.3736482578827935	-0.3296625896693199	0.624152145151482	-0.27525638480132436	-1.1194774677074526	0.6504261529345096	-0.554880408634921	-0.15271977808865528	0.4155458467581982	0.46406010760538113	-0.018330991929160247	-0.9487489343011741	1.2246941252631522	-0.012107728613417783	-0.4846525155768046	-0.8987036063316421	-0.21029397531934205	-0.33009537202405304	-0.621472247258367	0.15834657609816175	0.05158400123231027	0.5951477253889824	-0.7679486599011801	0.29974883787893064	-0.7910972580660409	0.11407577390226532	-0.8057183482840168	-0.23194328889926535	0.41161061130111876	0.10022748133835965	-0.5033946584360572	-0.553429131088867	-0.25383059260200025	0.0878811718041591	-0.4887734364011689	-0.2577466536484997	-0.03946180009307376	-0.05384693232819666	-0.17041450720092788	-0.5165934328714853	0.10125139121116336	0.1278793442592952	-0.11400770743271747	0.3415038706226516	0.3485087998697204	0.5134470279002085	-0.352905272429931	0.06784999735788544	-0.2391777665454646	0.41048954922963843	0.3630188857327079	0.5062441087355007	-0.14530063277863442	-0.8277298276419437	-0.45422880115997144	-0.19085424644133253	0.4346210005841852	0.17210951352684783	-0.1488530657788521	-0.38137168633708857	0.8225702530148181	0.018343017074297807	-0.2637645020222354	0.4548377541737992	0.8381642247145847	0.4663312982661924	0.17043791885049364	-0.5627891255444116	0.09802567549211158	-1.2740984490480844	-0.30044545826137803	0.18162259395581934	0.37577854097988467	0.4094946786399242	-0.6046875732597106	0.005361344140170549	-0.28560426496944347	-0.04942921522994129	-0.2167852887355468	0.21633029086586136	0.5791508478649446	0.7675097931342839	-0.34339831429196116	0.19301190938885443	0.4182964035597741	0.04729690502461542	0.12155935158796649	0.33889765152480944
DTXSID6028028	-0.7705557396343437	-4.414741570305347	-2.90636522216612	-3.179333252422049	-0.3830557544461493	-0.3057984795626238	-0.7218894397190034	-1.2418073325330314	-1.7676413218770346	-0.058233110120625806	-1.9177029295270611	-0.9187479243976074	-2.9100632755686746	-0.7191516535880812	1.2759267731900807	0.14413526261225557	1.0362763151458732	-0.23292651788489	0.4837816695574993	-1.1935783257105552	0.325765901470717	-1.0047082258698043	0.976686673207723	0.26444909743129924	-1.6687975457633104	0.6321005564313128	0.9668996458418601	0.6249499039686054	0.3332023098008275	-0.6273816072245468	0.22315749186891634	0.4444980316004484	0.20968272343666491	-0.23954524841678557	-0.04255256723458444	0.1855865201856301	0.04772393145751767	0.8950519707337804	-0.29911271668167916	-0.214939888334233	-0.15491996093191393	-0.3143376285357113	0.5168530336687561	0.6114325232517865	-0.4188989058382274	-0.016984802503751267	0.20557150652377132	-0.6476694790971435	0.07445091750974527	0.16010778476863347	0.20265835125799278	-0.01088029697554299	0.43997538153272103	-0.12472122766399188	-0.23247801172786728	0.3926061347563185	0.43713109049286064	-0.07068022964916122	0.05789848919333572	0.17900652214550627	0.22474462953003893	0.11885565625248597	0.6309197801985061	-0.039394871575823415	-0.4304191942350679	-0.5374937598742366	0.2563371441904561	0.014103066711899878	0.8292367293622498	0.43133708152134914	-0.6734008544587207	-0.475513874073662	-0.13928498024874578	-0.9028291951453491	0.4061022747975277	0.17925458357509014	-0.07918894087497409	0.2566968039671361	0.007264990659446627	-0.2513704155706059	-0.23605069957105654	0.7553987955214598	-0.16554780275542685	0.8893501672912233	0.7916656142273671	0.0822728839882465	-0.05263954177822804	-0.04938752838705467	-0.051124617989383545	-0.45891093777656655	-1.165471817529711	-0.7411181317685328	-0.19273433867594555	-0.3321431164436392	0.36132399778746904	-0.6262531053793615	-0.9970420509442672	-0.14166610109606906	-0.3458217457089786	-0.5548347488223719
DTXSID2041464	-4.296768631383535	-1.853519738456766	-0.748373887978274	0.12255845343073256	-0.7000896281297817	-0.6097592278074931	0.9294143094618955	-0.49097614170808374	-1.227799015099101	1.5118146794877092	-0.20703756522530734	2.774198619186212	2.7670432921507135	2.1112496665636304	2.1828411506597907	7.779090900356131	5.335124194373771	-3.9585746907331987	1.8182361991994986	3.7976859312477846	-1.488615963227878	-1.9930945986901938	-3.448552399593558	-0.9853842571221573	0.21048325462211367	1.5100755009371631	-1.8095545555096142	-0.8526013475236299	-1.6890214890643827	0.8079832150131805	1.881154853385192	0.26975697653871644	0.028580090872094045	-1.0806389233164349	0.6399082883750212	-1.3611755962880558	-1.0783898876025049	1.7935933869067953	-0.07356833005683654	0.8785854813433366	1.6606953681577774	-0.6169462925251097	-1.3369771464926299	0.43887296045147334	1.1727211770427726	-2.0415513933514484	-0.863476069217072	0.3866298466246685	0.5072059989306897	-0.6045549629839959	0.3275839433545515	-0.49122467664886965	-0.8726357615712682	0.23258224001945202	-1.0770916916609565	0.24395770634427597	0.378983385160746	0.5982808773760178	2.4959204414812737	0.0718444847707269	0.17596014445814231	-1.7871785535312226	-2.192852245527973	1.4221612665741856	-0.4148868500479859	-1.934108680763659	0.18054050593897517	1.3513290106684919	-0.6336060807826038	1.6244290597999806	-1.4356178223390357	-0.9039818643485121	-1.4113015212769378	-1.4717836248574725	-0.12260976307015961	1.3065082106913166	0.8546704028733572	-0.31588980239964215	-0.21841942002502604	0.5060162595886334	0.7371894244923752	-0.40066196537974097	1.0910848122970522	0.39274895987457625	-0.05362555716177727	-0.6270697671855917	-0.3419265141397634	-0.021888681619977986	-0.230118815952364	0.7952341330889384	0.968610041179875	1.1511756697570066	0.37372374343533565	-0.5690401712372235	0.43151146569630827	0.46070785448891355	-0.6365651414737632	-0.09415856939199117	0.6941551868062945	-0.15590910025086535
DTXSID8024733	1.8727710987457284	-2.335885368032408	-0.8385407814017136	-0.3029046278595098	3.711503555276586	-2.9255947488385416	-0.7589296425680633	2.786661513378816	1.9281776446944654	1.8400266117888235	-2.4460879721153845	-1.7295671122282352	0.8263120999549781	1.7568335789717135	0.21744039866242057	-0.8395963195536799	0.8414111252074682	0.5524636923088805	1.042887205432068	-2.498576159753005	-0.956215923441623	-0.4478685892634181	0.8739494713374761	1.1692558672324713	-0.5484297929578337	-2.7328383416632547	0.7019857043570426	0.6232643000742504	-0.7634760738460717	3.412826436770261	-2.8983972788651684	1.1655628751292075	-4.378459455598144	2.6714355028148833	1.2421078000989387	0.4464261887187825	-1.52394658821254	0.5112862331334097	-0.027726886093405716	-3.340562016614264	3.462225387795235	-3.1511354916152414	-2.7527018651247808	-0.8184903350207019	2.5821904981741794	0.2546923671417334	-1.787256109468028	-1.5955050566109412	7.670096486050048	2.3543485972031974	2.0012602407594713	1.2262045226599134	-3.9689951275805715	1.6062240916007973	-1.6589364065653567	1.394364968828697	2.974480149084564	-0.4239841486320477	-0.868681734308259	-3.569361877941457	2.2038498179680186	2.7246603989684335	0.32476429233809084	0.2886209763160948	-0.9597772231677584	2.192615843771248	-1.315744835754231	-1.7243521296667645	1.5879396460380517	-0.7819391507941792	1.294169495441073	-1.249352146032201	-1.836556011972224	-1.4175677169618424	0.03838177069132728	4.194365791236874	0.04957009269821591	-1.4548208866381291	0.17052163588254374	1.8741455213395606	-1.0613084266285704	-0.42657751408582534	0.904719050128316	-3.1352810797736548	-0.1031923312932898	-0.33758479708341177	0.019451084573392268	-2.184871475748762	-0.33361030115025786	-0.18721381487576644	-0.29925015298548496	-0.31350069843188244	-0.10670779096735246	0.7453581118136224	-1.3511288341651289	-0.11949822931384238	0.42646802601876743	0.5142971879482282	0.595042533140223	0.10614751347937634
DTXSID8024521	-5.623230896072895	-2.8996441082056816	1.770897372081165	-0.8845984683141465	-1.0935000541894127	-0.5104464661954511	-0.18537778273568903	-0.3106010453079429	0.37779328032772436	-0.3163411341292455	-0.5958059031937382	0.049149336471255745	-0.2122551690929324	0.97746966321679	0.6698549308120745	0.10761662385281508	-0.19544179462320307	0.4862804002595238	0.38153693113978576	-0.5620095459988035	0.2424095261803231	-0.43060337190559334	-0.7781674134304283	-0.2241510793867225	0.3035298714918974	-0.8206725976521316	0.2802419928224209	0.17828159932738571	0.021888920182622493	0.47115453489859116	0.34366202240614585	0.00730148925352192	1.2595218402686015	0.41860935633863644	-0.3548169325699835	0.4157025437964527	-0.13029770614456332	-0.5658358710613755	0.29216782050913637	0.16818363502936204	-0.2724347794306095	-0.016265446754853537	-0.45825654272257343	0.2154281602812292	-0.7845292327675217	0.04108930433019536	-0.1857021104514846	-0.4809053305725736	0.021105669177722736	-0.46077362689246987	0.10225642193552684	-0.20749954379835991	-0.31347489897840036	0.20613095148371657	0.6606605073472307	-0.6410895769178088	0.19793389787912427	0.302282828244481	0.26359554582136674	-0.21864105707713022	0.1439969472225515	0.5185501294672908	-0.06226671230330368	-0.704770394286243	-0.48214616045106057	0.18333658215727505	0.19411795299124035	-0.04154125452866256	0.5841240011741631	0.09858719574164798	-0.09184070284308517	-0.013376167093676053	0.4736287816100408	-0.3826419700911417	0.031230897010847834	-0.43781898164045874	0.48195139054203234	-0.6738986881476725	0.3235407249818256	-0.6362272264406202	-0.30253421288271287	-0.8792427998475127	0.11749035159712885	-0.2963441978622693	0.20105046867962056	0.05993830232964715	0.12478642843068394	0.022596184334110713	-0.35326820093128763	0.1287963685289854	-0.3183965028806189	0.017118022141118742	0.3066131065458967	0.1354627514269535	0.06478541944901568	0.028354359056282807	0.08997930389865694	-0.372296685390788	-0.08206153115882797	0.5228645612541161
DTXSID4029220	-5.505643216508344	-0.5758225972158885	-1.5733060074470566	2.261542617868942	-0.28084828952301	-0.5515402777012004	2.2789713745593416	-1.3254264766323736	-0.29156274214564304	1.3346847586030757	0.24071606277843907	-0.8987429943529801	-0.43305941106450513	1.4116479627776186	-0.6554986028369177	-1.6801917680250864	-0.060198854582437115	-0.2953324097663656	-0.48050221309268343	0.7370322385625033	-1.5787247501022539	-0.49560512337264856	0.8531385238424154	-0.161505463336901	0.8626458250242626	-1.5330348691607556	-0.7515528548214362	-0.6398452732930741	0.3869364624925334	-0.16556164101161497	0.7730029937239666	-0.3903455583242046	0.15894490615095275	-0.15678925657815812	0.010946010651238293	-0.21328633159214608	-0.015271348404112237	0.48039507463226117	-1.14809051313207	0.4033433930303878	0.19541225803710346	-0.4348289193527374	0.9190648593125325	0.6320829627948988	-0.46844206735441213	-0.11579260384170016	0.32831453197215515	-0.024705721610372555	0.37108036478315004	0.2354014300183691	-0.023925751360788394	-0.3380358789631401	-0.026623385200211683	-0.5045273926110333	-0.41432936538296616	-0.14581541075724172	0.05887220857479065	-0.7070844678905477	-0.0742738283828907	-0.8949382666377559	0.07255280548133819	-0.6622843642939013	0.47572510489092784	-0.22420845774185313	0.06523078995179561	0.07547450337565738	0.008787345134212868	0.35680426035491875	0.20253277305131306	-0.006243577477079303	0.1443346775895467	0.07458002188243493	-0.38852345284790557	0.27205227670743864	-0.20938141253932618	-0.2666776160775165	-0.3400400933756588	-0.4290556858290472	-0.5023565277146038	-0.44495972644608517	0.07840692591398582	0.2879850874783105	-0.6444697664255055	0.015772223598056107	0.40748441330754537	-0.05046111973233699	-0.23199436485951636	-0.05349951247461269	-0.08121146664328717	-0.0041563373468403485	-0.6720994804814504	0.17145627521039788	-0.4052605316266281	0.45412489829151415	-0.03884423995919115	0.29654158742062564	0.45113077992774814	0.252947254130245	0.33212558303779066	-0.019090861499409036
DTXSID9035753	-0.24987649911678547	-2.114529807853594	1.249659692398005	-1.4815078177286598	2.9810054840878317	-2.74944084247482	-0.30899539852883223	1.7961603512232909	-0.126548844662856	-1.225172250265966	-1.3703729785960925	0.3936601158792166	-0.28546597153440956	1.7117569768458025	0.2658921923789284	-0.03899143606135135	-0.6888044358326033	-0.04108156660341165	-0.135143605286356	-0.30131366195794973	-0.07773208876222353	0.04887385869180979	0.10939970297000146	-0.49798134774954883	0.42620299000442896	0.3392378121959547	-0.46646883617936746	-0.21678025045979848	-0.18790931613195744	-0.4828775950413857	-0.016182064659836442	-0.010310703673406574	-0.15536382387302994	-0.5374575044596338	0.19679206910858996	0.13918737949149906	-0.06723777488949571	0.16197114366736315	0.27991934508936067	0.4646332680908037	0.29227088234101317	0.10959543399132074	-0.5929837141666857	0.24821047104071195	-0.08422345046914616	0.10065663733007242	-0.2108232456396832	0.01226739636605635	0.3227320249413882	0.33338687824506874	0.10878586200993615	0.0815951335070722	0.13517385294795434	-0.0631390684307991	0.0011021109643697467	-0.10149178983899877	-0.08314506909284712	0.4602436459182346	0.012335879498750568	0.16524292171874735	-0.07692180995682296	0.3541904044622277	0.1342664139118183	0.1917243506902168	-0.3490031532145852	-0.815198489448808	0.098524310344142	-0.053416732510766556	0.2255188163617647	0.8000877206171669	0.19545927503858584	0.527083282975655	-0.46641486171789504	0.27654050388404966	-0.4374898240221969	-0.16146608748194144	-0.5509903402761733	0.46197271639550014	0.6668115365626576	-0.4073834664125833	-0.2954464800255513	-0.37240573417948025	0.5858572335994437	-0.1865192321608099	-0.8671933855927635	0.3130370654071002	0.558131249411079	0.42089128377908774	0.02644704482551805	-0.6800091133608824	0.3935340997662029	-0.026739170152021666	0.6725609760180526	0.25230810566139017	-0.055722354636159654	-0.4698049332601721	0.09052831688955416	-0.011740091549848272	0.1763180722606324	0.09650234773210772
DTXSID5020499	-6.235364553095572	-3.0232505324814527	-0.18547829071419783	-0.12615011904675677	1.5826583976133963	-0.834799416006172	-0.421520098987612	1.116409215162576	0.7490930820273313	-0.49320333299856917	-0.8081191606274599	-0.10226122672252691	-0.060604371897036706	0.10455818863146552	0.5793916555230579	0.5720390563951656	-1.17098659177473	0.07444048988846085	-0.7498461791855406	0.43350715974678805	-0.4565133341666547	0.07389649622668527	-0.7431352133353725	-0.5855812522659924	0.0986671907338667	-0.24944094883248707	0.11686414737399463	0.11081265707531646	-0.13699580806229253	0.14384828827645224	0.6792993565153349	-0.0309641298289324	0.16095520782693154	-0.29463820137482044	0.11702988830041838	-0.30344666364584244	-0.5545810489091516	-0.6280512773012747	0.2637504877688829	0.500180315879867	0.07074456417010902	0.14379729805891694	-0.7458404853945482	0.5556764316837872	0.044462395724896436	0.2631327151668673	0.21453023457858483	-0.02123109158322033	0.13434076889709248	0.1611759795528198	0.07887913500364702	-0.16844725618075723	-0.04966266964794864	0.17810395617261088	0.10726770987887455	-0.20330650301987557	-0.22267262946002447	0.5966686731132506	-0.2921548033913998	-0.02900037990077868	0.10031733253044714	0.03549066809632513	-0.14776094882998841	0.45223788481350197	-0.28560494693543054	-0.15878069212100038	-0.4492135746879733	0.16513026381035914	-0.6955129187142844	0.3166895121299508	0.08685687993502618	0.5782255923442473	-0.09507034453302649	0.2476209734371548	0.25021361004807907	-0.46900676475971004	-0.905588571154166	-0.4168057438836231	0.5521852269779446	-0.5820637687066933	0.2688321768182191	-0.4486857218889786	0.7422436231098485	-0.9760923108921747	-0.8440261776260135	-0.12746578538638015	0.2545385707057422	-0.5381658779422209	-0.06325174555170004	-0.9023512938088348	-0.44705910088107714	-0.2360650855512201	-0.05567087138064992	-0.0603085227644541	0.06296533699716111	-0.623238168010081	0.14686777102050472	0.0824137593102756	-0.14142408342967847	-0.4303037747035352
DTXSID1045669	8.393625350876658	3.6290011333097842	4.4145132237427	-3.5808546864979105	-0.1825737851003865	-5.500129273840479	-1.0296113609834232	-1.770281861940794	-1.1664128155296403	-0.13452282777996918	-4.609441487002239	0.6948130571087715	7.128136327188912	-0.323603678746368	-2.318485163961271	-1.3289754697320335	-1.1645079175358024	-1.1078642694807983	0.14783803816177649	0.8574927757715576	0.24526987622786658	0.7476692238354816	0.8271922222157576	0.6957391089107768	-0.7970870832879788	0.11670343602149844	2.883215154573961	0.3642171444175353	0.22259368988484593	1.6405380834084486	1.215461431463258	-1.5010458219598408	1.041718239345663	0.2568154017367878	-0.39531728563420754	-0.5272520813439054	-0.5540327298206905	-1.1550265790885914	0.3566452847749529	0.30774722316871667	0.24740334208444606	0.8978803166562754	-0.26529511951903173	1.2483043662497204	-0.16858479787086436	-0.5381873827197946	0.2583062570182309	-0.7529564832884844	-0.1983237197931483	-0.027243733040335595	0.3653693036080277	-0.3630102538446943	0.04000163385075097	0.8550786770706309	0.5661425362286276	-0.05226354366194881	0.5074851769709364	0.4086907045810843	0.1583051904869574	-0.39948883955233655	0.26665189969622616	0.5015463848399193	-1.0845164775960985	-0.5612624081187697	-0.14081247703770425	0.4776715817032037	0.07319097075916214	0.06637954613210112	0.40085920175065665	0.0372431017371677	-0.213058093592937	-0.5663601903038038	0.04506876249236124	0.15508336764788477	1.2884943780460423	-0.3413681605260147	-0.4233199521533121	-0.28090062519068276	-0.46052211243287205	-0.3339371438780293	1.4061407749462955	-0.5757124458166505	0.1127803129767043	0.01252648009585322	-0.15652202676579025	-0.09416936077070488	1.0922123413881235	0.9628108942709543	0.010678409092411172	-0.14979526301858528	-0.3477095578470247	-0.17166012264546146	0.3029026429042375	-1.0990848744957051	0.9489161146777798	0.468147120600071	-0.4881629558636567	-0.3924194713597989	-0.4953984617617654	-0.29620816401967803
DTXSID3020708	-3.327121748356904	-0.3848044646882451	-2.8995377552620862	1.657241137010908	1.2597397506495114	-1.2845199124671678	-1.8560978428406822	-0.4712033241127639	-1.1699993735650895	3.141856218560067	2.513958644764529	-1.6120378563029356	0.6134562697264427	0.14926562144400457	-0.10767863626380741	-1.9142724909296787	1.4740399627730332	-0.14063772270090702	0.4695126953309874	1.1407323137340522	1.6306776911119256	0.4439976382776976	-0.12473627974164439	0.3381161788408769	0.2881017836369741	-0.5586132300579492	0.526646808983133	1.5477066249251843	1.0546263658745667	-0.5230599199147176	-0.24414497787643913	-0.5776690585005515	-1.3837357766135212	-1.3771536139075629	0.36183641169078556	-0.018713766707460777	0.09036677238881889	-1.2559124492213412	-2.8080263613471037	-0.32836296481271404	-2.071764914905377	-0.44988636345665617	1.438000350489978	-1.1156433990472456	-1.755291130829261	-0.31646815383832083	-1.8110129286822163	0.5827831167346899	-0.32751972503157467	-0.0026234018165963973	-0.048109488503731715	-2.3377191005249713	-1.3265871764244437	1.2315437708143142	1.5390376223908515	2.0317148034427817	-1.0539687274427256	1.0884828295717115	-1.7601836421558719	1.8853236592200437	2.852099597584178	0.5149135245546735	-2.021584744155031	-1.2588522208013282	0.17364564813235575	-0.3950079779041041	1.0753546387861133	0.4603095556641137	-0.8245701239319223	1.066452236470635	-2.011772839410984	0.7395375484997142	-0.6540061229766665	-0.21106345193031456	-0.30469322221938744	0.7553156004610724	-0.33161679703554764	-0.8297060417201987	-0.09541515606915377	-0.27995641040477204	0.5689256702291619	-0.08195590496670814	0.18184215136158405	-0.5127838026866561	0.4754017473981456	0.46054874840713167	0.64047287630526	0.11609205231641866	-0.23597775759838294	0.12160439235375438	0.014537257258367528	-0.9218761716311472	-0.6549173046847481	0.1314661810157729	-0.6449949096036439	-0.3347128973167839	0.3894566305498028	-0.05015282478313518	-0.06375594886352728	0.6044938285010824
DTXSID4048690	24.011247247696257	3.516760473997777	-1.0042998176661104	1.5222391171854113	7.9661468769701695	-7.718413495898337	-0.06546354198569775	7.582975149383901	3.3825260753957123	-1.96212937249793	-2.9785823777605334	-0.16835929177888603	-0.40538505559226484	1.6622657081519054	0.6771689745815681	2.5086049233587566	-0.6509109684684624	0.7919693606696777	-0.6047309287241575	-0.3038013837763114	0.7377287361491077	-0.4411729398307	0.6682860987010699	-1.3355003524589537	2.362925700175809	5.133387365190243	2.9738251961986335	-0.6192824370640839	2.8802125581333704	0.5610932750019001	-0.8056081475994782	2.429405173369797	0.03632850623464514	3.345320329952933	0.16924893465575575	0.9715435772898676	-1.2845811199176425	4.098499501236455	-1.017305266295958	1.7860518921756887	-0.16647709582025566	0.6946974334632761	-3.57612144698928	0.4640443880815151	1.6973506303017738	0.23609556910951018	-6.766231508341318	1.695878083181158	-3.5687391137530176	11.102378977747552	-1.1274201417840293	-0.03404205921718664	-0.3093986073408529	-3.895144578212824	-2.6520367955721027	4.340816238592716	-4.0972540067024035	-3.295578914540703	-1.2645907687069255	-0.6841687396227919	-2.5503636501604805	5.685929746192539	-4.773869064448078	0.3285023045168274	0.10667407383119897	3.820326368262811	-1.2652625836720863	3.3262429656000116	2.4077926903047993	0.40708065046824754	-0.7401820174009546	0.8848589786722187	0.11154656305832196	2.261809080466677	0.7864080674041627	-1.2547871231600527	-2.3591912365763643	1.3922301005580444	-1.7859263822199896	-5.825568368475903	4.202110960780841	0.4857504263958457	1.03967229086779	-0.2836567845164694	-1.0402926267381898	-0.07795521684409965	-2.5470758750036935	-0.2781897509080188	-1.164167806748582	1.4653638530178392	0.12875488429442639	1.3019405897522227	2.47802016675012	-1.4118822315809811	2.4242593881974233	-0.037500290527521345	1.6636233131295302	-0.047456156016850326	-0.3970682881855769	-1.1119232750735106
DTXSID7047693	-5.381010917020654	-3.2943292152263357	0.5527979300050322	1.1821051865197187	1.012142753313025	-0.08684041530926614	-0.8887512523032426	-0.33775145390839517	0.005785751626471468	-2.511274669204238	-0.7859211727124622	-0.014048517898632033	-1.2291247003838794	1.0812339218448928	-0.643030769480445	-1.0035361761814872	0.9545070564392033	-1.5542757762592172	0.9299485301023922	-0.06670809862093842	0.720100588916151	0.2061542349573408	1.7079389492728296	-0.3754437464702725	0.3541751894339149	-0.8458525514373383	-1.136580509565538	0.8392182776350904	-0.16432739211782424	-0.3471714888809322	-0.7992231946615285	0.004412069598538543	0.9086954920853441	-1.3365966856775005	-0.8956638751599667	-0.8481245150350738	-0.402106494402878	-0.12190792118357927	0.3033484123551716	-0.03866782451677551	0.33606778031182966	-0.07190083887299283	-0.47784475310126534	-0.21836773296931034	0.3223626625658162	0.5162630902777818	0.6080202166949225	-0.34155162368218844	-0.31693092443582643	-0.046632512428012356	-0.09638013507697782	-0.25844129181458547	0.17589799362552294	0.13986766003828194	-0.15876676607131054	-0.25067347815447105	0.5376718240955929	-0.7764107359429018	-0.2993363003464754	0.8691216903340099	0.21827880850887155	-0.3501169156394282	-0.1323226626114482	-0.01789473694700616	-0.592157783096558	1.0153714918429129	-0.07061692420334079	-0.47084829202197637	-1.053230937348971	-0.057591625860598884	-0.593750020734224	0.1689592381858511	-0.687211673557257	0.1792732888517496	1.0944673080230647	0.0329353492278964	0.1596411796102779	0.2947576676314469	0.02513471878306239	-0.5688726914549864	-0.0385399987092979	-0.20380131082162162	-0.6459166419595259	0.09305910289118476	0.3417827504217345	-0.33038225012908906	-0.054956926083430786	0.8505539691132096	-0.06015629986332648	-0.00605961960979359	-0.12885478896921823	-0.32927034547358736	0.08402522917863534	-0.17809673007509752	-0.13969626006113303	-0.363226388684559	0.7029654107239613	0.13580885616291052	-0.12161997075666083	0.04142040853061614
DTXSID7045659	-0.9539265251512892	-0.08906734941958586	-0.0394081657771519	1.3806649100348365	-1.721621313452479	0.4809462590738978	4.178302659316417	2.565908657106849	-0.005362478655734147	-1.025985557509833	-0.03188035127366833	-0.1776539278177191	0.6691158125853431	-0.49162044310215497	2.1787570038670823	-0.5674604392916868	-0.5536584676644951	-0.5095795236516572	-1.0335490576686075	1.5187488862648677	0.5955721183294314	-1.0530128690924363	2.3532814591664746	-0.2525666592750789	0.958332802916174	0.9852317219150312	-2.114091737641354	-0.06344117885836174	-0.38118604790100463	0.6470622514991211	0.702848965007541	-2.557087516034903	-1.8836015550108485	-0.8304237184294534	0.051847508833372864	1.1612655792402105	0.9705363948877532	-1.4118750334227521	-1.5904245982483836	-1.2217627035715868	0.5118023449894168	-0.04860477331849861	1.9615698422284087	0.9978027959709268	-0.8580944872268487	1.5751201715360115	0.2219209435567145	-0.3852715357294317	0.4672703478406509	0.31760004818642296	-0.032055689795383514	0.1981658205148837	0.18827340811555052	-0.094159452880362	0.4022528034663372	-2.2393017048331947	-0.05890718458700423	-0.9116200239612265	-0.9487054966718562	0.39008512562467135	-0.7761740351620967	1.3270218585976798	-0.12143032725487332	0.26363317960095956	-1.5107256259801862	1.2688104672421778	0.0030700361034611723	0.13264423705083705	0.8900796878137468	-0.10007363453141471	1.1555060337573693	-1.3339753976654476	-1.3839277130500582	-1.1728966529100746	-1.669224578148502	-0.7425249948330072	1.7066132280608273	-0.7686212636250124	-2.237487626998867	-0.10511649374183908	1.0699829552839664	0.34798927674656455	-1.6388523768745966	2.384830589000678	1.147034959326543	-2.906308660185912	-0.3728983941751579	-1.5643854931500807	0.31827967043368666	-0.3624337878609721	0.6462874735264375	-0.25507454857703293	0.028417041917808653	0.343440878946338	0.3493742112827106	0.8352542833907749	0.03437749721708817	0.05649080008870907	0.3489084469066634	-0.3646356021455941
DTXSID3046530	-3.9464497480157865	-3.714656446072365	-0.20249543326300948	0.4002762298127679	0.8859296258944723	-0.7442150906294074	-1.3939742367602208	-0.6182395598201643	-1.5395250838799113	1.4685482084778607	2.3469808054692276	-1.421717442139972	1.455641881253133	0.23635910640037244	1.0904612775573732	-1.4520719873876784	1.1532956748260166	0.49326875005375825	0.40637655910846127	-0.4756343382777239	-0.27382366250153517	0.03121662130937056	0.8923257035962806	0.005684516845977522	-0.08400362564137653	0.43803519109473676	-0.18209308155407813	-0.7846562651407606	-0.43050371647856955	0.11365993783295449	-0.5420096003284297	0.2572276880286055	-0.1349081088942077	0.688762963784716	0.2564056710894894	-0.7662059894884119	0.6200346107798965	0.03137705315994495	0.2709220612867605	0.444486803711598	-0.4240336017132509	0.019604739393578804	-0.6523981423183157	-0.2758239273640069	-0.5432677195003693	-0.14138162937855778	0.02938134013439463	-0.672772605435576	0.04117943809165747	-0.09029096076865514	0.11662822156023536	-0.14409496900826088	-0.03545806942929876	-0.25867567423545945	-0.02263455779273987	-0.09458826336329638	0.4428052299568405	-0.5366562459753309	-0.14317691233742344	0.10173754844113463	0.13190288490051194	-0.1366160236003349	0.14501666945638753	-0.13360149552566844	0.12172018469187638	0.5134665603082069	-0.5740395274427558	-0.3304981207624369	-0.13179057130170485	0.017891291678330673	0.5153833310814241	-0.1464999759520555	0.4598326249629211	-0.1449990335881481	-0.46817930476790176	-0.12818133478951757	0.05473601254356006	0.03354791789689329	0.36637590698375744	-0.6838572349371389	-0.029610605098475497	-0.25934713003417054	-0.16141178983235083	0.19045239762327879	-0.17796409787844755	-0.06468525502474076	-0.6762111742639877	-0.3805295904855495	-0.20780359903512693	-0.18574830098698444	-0.28975232099596687	0.3056615107463205	0.7881996960263261	0.5141323854403861	0.27811775491360813	-0.09016289365601579	0.127954878175034	0.15140636037850855	0.41188890470493333	-0.5353116954793314
DTXSID9024489	-4.619553094226683	0.4724506931142835	-1.7796778037563121	2.384989485866629	-1.8456606916043528	0.15823748559120676	-2.1286340004392907	-3.0530013302618046	-1.1671265892625693	2.0910577649086908	-3.6779224005042312	-0.7843509671838611	3.596815387003431	1.4889897161314003	0.0028737824680447775	-1.9292115101425382	-1.3580640176109777	-0.38747139644673745	-0.16578886759344222	0.6006541145744373	-0.033158597477859875	0.6938713573818137	1.2552940923213847	-0.5020697799639412	0.7631170395416587	0.13870406202823157	-0.054066018468893064	-0.6256238059529102	-0.655120301311755	0.24632605420849477	-0.25148637794086115	0.3541311005341762	0.4734958496789352	-0.08391094496512665	-0.22041207136329222	-0.21176735006343572	-0.9072842659212867	0.46596280521847205	-0.13420340786028695	0.3771852770033581	-0.21800511595866787	0.11079297085146875	0.2854348341093749	0.3096911358351754	0.012870647588423602	-0.10156592315860584	0.6342758191086658	-0.060439147642158464	-0.38276451001247036	0.07140921605685294	-0.062249636259154924	-0.21521395889043907	0.3910983990398397	-0.011165880178171106	-0.17441035901142013	0.12467580507171647	-0.015831422763197902	-0.2630447699639787	-0.42355861455172794	-0.5626887986512068	0.8212402843525195	-0.15766236843238865	-0.17523795406447962	0.5704535554129472	0.48752814089097507	-0.5979313118753445	0.18380542520193116	0.19237578021584084	-0.2022110469124971	0.03959342513015283	-0.2643637660791716	-0.3168447652336061	-0.03457709280857985	-0.10709533225824827	0.04056468052956799	-0.00633755899986038	-0.20362271887959063	-0.5410907096130041	-0.14593138750468748	-0.12573533654644709	0.2726629691669508	0.08435068210366702	0.09672190932171375	-0.3759446463833026	0.22322837954242541	-0.07358826954101365	-0.03144478363676865	-0.054943227127705795	-0.05623995409500381	-0.01792616909637332	-0.483650364407908	-0.06760755951378215	0.0009092565625072431	0.08423816578400657	-0.4267201551671796	-0.4979589697589414	0.06223234291950932	0.005623723497627532	0.05657249093092557	0.1101508666354265
DTXSID4049329	7.240119428892414	-2.3424648069287817	-2.057794138145725	-9.125712920348864	0.9645262152893728	4.368729569198866	4.455779634048556	-3.3174448297701074	5.89685248625568	-1.1502441689170588	-0.9210041770013252	0.05440018503795512	-0.15640827560334591	0.6708260307542416	4.052259563985918	-1.7051541693126087	-0.34514035549425814	0.08410995080684591	-2.7943958518519607	6.435647110858827	7.90328671340502	-1.9603465087011498	-0.6688118167137173	2.9240733172852678	-0.5502796255417792	0.5384946987401628	-1.3182675594747642	1.8596441012848175	-2.408533613624818	-0.5547255674190902	-1.1778280511741728	0.08011415801610196	-1.3758111285672434	0.4304032941684637	0.029169350844306143	-1.0154822717634042	3.0386304849980497	-0.7294459320990121	-0.7021130739384902	-1.254514370821458	0.15926858025802942	0.2488693397434717	0.3712578350937832	-1.1923851061796602	0.1044934668671514	-0.7338797154269675	-0.7002145669293515	0.27345841287164985	0.4224143598536825	-0.6868651660659362	0.02559415268705389	0.056272320253811015	-0.47798578681061693	-0.14126115580481738	-0.5346346107751115	-1.7834139773822844	0.04766934737916274	-1.8549147399130996	1.1139291462198975	-1.1076675542717853	-0.9759947461139915	-0.737248825940221	1.4537216033570246	0.1835785615837566	-0.8862918670146951	-0.12426062812922471	1.121519787605388	0.5099211582918229	-0.0047015435252782895	0.4856912866259713	0.13767380745263866	-0.3628998402720625	1.2060586437717404	-1.237321289407527	-0.26321435377046953	-0.3495026763452133	-0.13268281001355314	0.039651833115873364	-0.3184637430196191	0.9460995789917226	1.9096938116560447	0.2244959922269731	-1.7317905027500362	-0.5357921973765852	-0.05074278271058018	-0.16787244680757385	0.9801911871214823	-0.298246852302644	-0.16859173223928006	-0.41002796584494206	0.3115433231132035	-0.31785157323328006	0.44879926029344674	0.1990254080757378	-0.4876417920012246	-1.270557959902426	1.1349920559728484	-0.4007590987902513	-0.6129325010816012	0.6369237705118556
DTXSID7034753	9.947719809092865	2.572978720671063	-8.53494611190029	-0.40191582579537344	9.699971874615763	-4.935707273259537	2.8205462983451626	4.4642367049299905	3.0098893102070234	-0.0375889063439028	-5.323305763820506	-0.23782629015679171	1.8781593379159864	1.5811626841615298	1.0321047182167202	-0.9751145017333864	0.15153924470456198	1.0410443906506766	-0.33039221757054255	-0.5894063412264248	0.48939011521876447	-0.9820515220571738	-4.72260478559891	1.1865939010272377	-0.00838618729032582	-0.7524184002468084	2.669496703862113	2.441171489473595	-0.2245100727332865	1.465157582768254	0.8751378883118074	-0.8633316867297275	2.4959747435066086	0.16235165949258132	1.616020842015263	-0.8683451760929157	-2.1461173209558675	-3.0975453282853755	1.299009054477405	-1.331495457708356	0.7743262259032071	2.2307062387284664	-0.9214471617777541	1.2690985973785867	0.39229932842098164	0.058198814362839454	-1.198322120481964	0.007756853594818544	-0.4951667736471205	-0.6966846758256899	0.42060141000774376	-0.24304627372566093	0.24212629720247977	1.5561159101989122	1.2222813959556966	-1.8960802790767108	0.2244456575623494	0.796973980771326	1.8031217149606251	0.06534106856409336	-1.7352000165751047	-0.6029257917897279	-2.05654014056434	-1.4892036557542907	-0.8457618522879793	-0.09342239701468236	-0.19288413239263114	1.1348612133883882	2.5136625814695193	0.14404608274928446	0.3164745247111987	-0.7140604196221735	-0.22411858780299598	2.042053221579021	0.183603598894357	-1.3756613962907873	-1.7469560653545753	-0.014671597989775315	-0.30970376400850264	-2.0240210940989476	-0.3074947594553422	0.9995098314895697	0.7595261481949047	0.573324056619148	-0.3038026555355722	-0.20840393801003568	-0.40971212765369447	0.22407037335793084	-0.6001700854235402	0.21111990879159886	-1.4922846574693314	-0.15212420632702017	1.4672532321315557	-2.636617904510453	-1.0717366976059723	0.4060351797074051	-0.6445102710498786	0.07060787197914607	-0.4616554360959974	-0.9855835504688594
DTXSID9046788	7.694085585959759	-2.0241084718347064	8.811043477800366	5.275771784727977	-0.4339317376075025	3.212672390478409	2.1795382841931934	-2.5078921720068243	-1.7601385403701018	3.8497134231162136	-1.0743195314717597	0.2528794275501178	1.6070375928523382	-0.8207163235844926	2.117944683767624	-0.4224430066690816	1.732987801345303	0.14853864711622783	2.272833621961401	-1.5767488218372248	-2.2934274782319006	-0.8683915141486708	-3.0900673675999193	2.7286612620193136	-2.0560069588871563	-0.5477968675963351	-1.261202045380813	3.2749872230401067	1.7986720158445852	-2.218293587994535	-0.04292855607853939	-1.4647327545107316	0.2451650076589151	-1.8625213501613824	2.0055987947013	-2.7538390476601013	4.405386404875182	-4.379424209872021	1.4098936683996675	2.434380298557469	3.544171520261277	-2.9690196508055364	1.9139139750434422	-3.2065321295843088	4.3534062929117745	0.3225464967157092	3.0150023616843957	-1.0536750491122355	-5.053699892857146	5.4756977205546935	0.37082473425035367	1.8482459742215132	-0.844489571047259	3.710386477738847	-0.14570580807844122	-1.6255944235470412	-0.45225778824555385	0.21592709366592877	-1.7383086297805244	-1.174054676625723	1.5742462707820115	1.070158772765518	0.9302228637017538	0.8213543646251413	1.8598948093726895	-0.8126681171307134	-0.573378236078123	0.7623196580256566	1.9169959951451228	-0.3572337771861549	-1.269782375610523	1.318219242285442	0.1460677535382986	0.6086566429904375	-0.06578522734610581	-0.7474621137072673	0.5784491652126108	-0.8220125389430901	-0.8620459286378617	0.5009656674084925	-1.2575226127622106	-0.06782563099138277	-0.2084257654376562	-0.06599456404120399	0.23539699105524586	0.3145316824857186	0.04890624380256912	0.22929519693617617	0.37954893773128373	-0.12650783683899286	-0.4604272916543261	0.2438371943736348	-0.05617575772480244	0.17773032272375233	0.12423004452228983	0.1624786836097369	0.10759835778524898	-0.1933224037161956	0.461713321625841	0.15868988035659104
DTXSID4026505	-0.6350688757931368	1.8546311234868018	-0.3136333608049842	1.281346286269171	1.0290554983268678	-0.3171946820683211	-3.184755784349526	0.2093693122789197	0.9953743407183612	-4.054848623703373	0.44998198327222266	-0.6367191464019027	-2.6394510779505094	1.1665355614081	-2.5143743375699112	-0.7489951420148685	0.18840021494155346	-2.858072247415881	1.4032445704433156	0.6395128438048562	1.446946530011455	1.232237993983902	-0.5387512262249037	-1.5960914835685798	0.7608506414907953	-1.1497340060479513	-3.474880176750332	2.138787387952955	-0.09254192341851351	-1.4405969509712926	-2.4260339386134597	0.030737311833681297	0.3285704225693272	-2.3481040573580967	-1.1805118886518695	-1.1099316217536621	-1.392111475507781	0.6586000355335005	0.8352145285241521	-0.5748765658091358	0.7141898170377313	-0.4388194956291764	-0.9525205356747711	-0.6572504949143884	0.9382287050347107	2.0532955178843477	0.9802608180239775	-0.13712084686307993	-0.44384241577724387	-0.4506792492229003	-0.25951337555176335	-0.1324468620323278	0.1017178289298136	0.23306688676186857	-0.15078913584688464	-0.8648460252688264	0.23875492945623042	-1.004497367981682	-0.6122193115589649	0.998747100365326	-0.17991587120357352	-0.7248508785416571	-0.35488226610618107	-0.196557907444022	-0.8288842165197103	1.396599082479004	-0.8227075993307938	0.21053875070764286	-1.9063912209387441	0.3015392971162545	-0.7274451806397613	-0.38823854128566393	-0.4798015706856497	0.41933106075354054	2.736428792220087	0.9098576969891378	0.799370464739977	-0.43739482468376834	-0.07747480248957044	-0.5637530802044342	0.0695047623079656	0.23872622036204327	-1.1609364950492242	-0.10401491276532032	0.49615798716246173	-0.4709398069280631	-0.2942479347170227	0.9960262437031032	-0.4279125988930881	0.2825530206688688	-0.5277561195443677	0.3140549159693467	0.19651978957597277	0.6863167218917178	0.60352197494541	0.5714924976408071	0.33943434324724026	-0.0011710813030015809	-0.34267327900520667	-0.07199923314638383
DTXSID4021684	-0.29923035062129816	-1.3640504502097759	3.9638539079914232	-4.267998162773042	0.2721103150650106	-3.387276121582317	-0.7964859307115344	-0.38963867922034534	-0.5720427898755691	0.5062462781046962	3.2445463767735365	-0.2841709524398622	3.190455969211252	-1.902214461193499	-0.9371046061707106	-1.6031819127335136	0.29491229099562766	-0.29518507091836077	0.3354017775151253	0.77235928873893	-0.1784833026887081	0.8661677555671656	-0.18554949378676844	-0.19003780364154074	-0.12392289961959826	0.9653293721814955	0.9963226640313114	-0.1497346401901711	0.24450653621929544	0.8772869721031589	0.7993283304138245	-0.8071841575684247	-0.3611256046702569	-0.13229858238034756	0.6156826893276828	-0.009046935767428823	0.07191240856219977	0.21115209285165532	0.5971954989329228	1.0161629646119166	-0.16775387037088213	0.2072468238722907	-0.7091289320179491	-0.034703572375029315	0.08275166981352658	-0.038707446682493665	0.5737616692579806	-0.4946588299929875	0.14996021392936834	-0.2971216369104209	0.13471673286568633	-0.06946473392299425	-0.0974148752415689	-0.01219279258378697	0.10610260007555539	-0.3858478550280348	0.0574259139170083	-0.5546522426757371	-0.03884962273956832	-0.03537601012281097	0.042292622659738446	-0.6925359024875617	-0.24956918215722482	0.04752260006822144	0.33766047657141657	0.5761736810791385	-0.7124399036162353	0.22911719918519216	-0.08889042867089306	0.05653356401714556	0.8282496718163107	0.11529824622202066	0.1998747829059018	-0.16287600906178337	0.024624198168623317	0.23670156141909776	0.35422722049928407	-0.010603092062084095	0.13489697158670308	-0.18973589071711564	0.17110781493342583	-0.2586863606874882	-0.23511780608995303	-0.1606379397600211	0.2992506238024333	0.08140642211912354	0.01968083234587021	0.1322829027097231	0.023336672676358774	0.12944404769147858	0.4114141273365341	0.11289175905320176	-0.2041746689136121	0.3182614212377368	-0.10405097394596173	0.34909791923003247	0.07408499422071513	0.3362351654279674	0.20136532234542387	0.007542599539825018
DTXSID2049262	-4.587358777977691	0.4345164323505767	-1.798338721350253	2.415948105788734	-1.8514208672656849	0.2065803185666948	-2.2376156684813764	-3.1297416550165655	-1.2474478603632098	2.1259300011920956	-3.8098239016598066	-0.8358340978537396	3.553981387359829	1.552009517957589	-0.07667948132431443	-1.8792703869523448	-1.2320833704100338	-0.42300625650165274	-0.02246593174700682	0.5804460780066075	-0.04740109816874107	0.6748195188462943	1.228105621762891	-0.510142286254421	0.6766184137702305	0.016949753646090616	-0.24254097330070168	-0.6138197112414847	-0.6196714140911462	0.24679798325721639	-0.2662221300677847	0.46700263613018844	0.5314445475412304	0.007225682559275043	-0.33034500836329284	-0.08868840789437821	-0.7340502958946443	0.3808154768941982	-0.24267293111093788	0.3341559703244676	-0.2640930857415872	0.04074146742865854	0.257059466617233	0.2894656254218356	0.061060756315707405	-0.0676489600084685	0.5868107378566879	-0.026650401890364023	-0.394727402910244	0.1299538039328248	-0.13153756228256935	-0.2751475346503771	0.35309025319758713	-0.03124284434882758	-0.18535953951058393	0.30030792384214255	-0.07051546828784788	-0.266491839614335	-0.5219777751568867	-0.4900794487249262	0.7719739535165505	-0.12721166232946077	0.01570586511955708	0.5868459600434548	0.36066599946091227	-0.6804233754294224	0.19540540851157778	0.10541510928267118	-0.3265503129388716	-0.044887495597630056	-0.1780323879469894	-0.22747294367288518	-0.23098916652533777	-0.10990757129605562	0.07546116899280143	-0.34541006922077266	-0.34733117116505546	-0.7292492164205142	-0.22672383645843744	-0.29599838281838786	0.1524360159330108	0.06363703080035497	-0.19837899699777387	-0.4401511656121836	0.3637898108617467	-0.03310726740233142	0.14511701624700904	0.0063676036857992675	-0.00457188001452535	0.03731459622892071	-0.8218722960440099	-0.27383809320618757	-0.15756977610197218	-0.24040006334970404	-0.19609741383866292	-0.5028747721071561	0.20428583187953162	-0.07658670327037258	0.07141093293865547	0.2373533083194887
DTXSID5021708	-2.9087613532049694	-0.567016316922259	-2.8955713258010385	0.05255896864308972	0.47898273183790135	-0.07763327422414419	-4.488293204464417	-2.8753939611606727	-3.071758787105761	-1.308153292362263	-0.7333804094040588	-2.5592212351931964	1.8856742122505286	-1.7044647369633812	2.318677655509031	-1.105870555797696	-0.49159856623532855	-0.713781310388591	0.7399764729395805	0.9031271369888029	0.10259891868051292	0.3236032380345693	0.7281472793438903	0.5104636284062888	-0.8210867410179652	-0.5866067509762455	1.0338573788428498	0.38923592531500323	0.40263115132987365	0.6129819203600834	0.35919072491957815	-1.2881517875324897	0.21337785789929634	-1.3994065792154764	0.17606250480804309	1.5415250277740067	-1.4999622676602806	0.13811796452803402	-0.8839586350360892	-0.23400090923879965	0.27862502435851616	-0.004015147420381561	1.3586777497146556	-0.09790537597288146	0.17445378309746773	-0.3968197706480039	-0.5299473815155117	0.6338620845273408	-0.2423643037819549	0.371540762287927	0.33058075294912775	0.49007964669786463	0.7358417370132463	0.8751574899596773	-0.3143339917084569	1.0478588058784217	-0.2074975040924354	1.2678141441542339	0.6912336288119774	0.6708981283010776	0.28315655846921733	0.7700128818030385	-0.1667096627862422	-0.34255841550680843	0.6115228133470186	0.050562782719633215	0.043471703357515996	-0.5656347097790912	-0.3602252424679396	0.416682779480228	-0.7450890898769685	-0.09110343897669829	0.09979150538627488	-1.0059067472053373	0.26781807988870776	-0.24324647250525155	-0.05809061102277103	0.31250018584860323	0.39626116382238563	0.04205981834190464	0.35440935358700754	-0.06681936173827825	0.595884639060548	0.06863435622828798	-0.3300991018316563	-0.2810056052329416	-0.007805535742655185	-0.4491911015222042	0.054605215374074596	-0.26935808333070793	-0.39303422241704233	0.6038903474101497	0.48629486178883474	-0.635393562834972	-0.5109587252509828	-0.8696761687193268	0.30034396282225	-0.4965946406594312	-0.13481990202824248	0.3528621322055777
DTXSID0032520	7.392301256958048	6.528255699742099	-4.1056518782434095	1.340185352312136	-1.137903731546526	-3.1395831109005106	0.011433278017461055	-1.3735726319841322	-2.7997544801133945	-5.161068496929925	-2.8138270414834743	2.0281444241469706	1.0165789235305558	5.600586701405125	-0.03454135647267222	2.722413012858582	3.885718629387501	-2.143665257164936	3.0755049438391504	3.36068651700248	-1.691112188049993	-1.2871432509300935	-5.472302464167272	2.24591032474216	-1.6897635061898502	-0.882134082063305	1.5406196330432433	0.5272771945699358	-0.7943695618293524	2.6430262728446974	1.1077768915217057	-2.2138909138971683	2.432192521472075	0.4240763203607029	1.1755636241309269	-0.90487003092242	0.1495835177978293	-2.202592869424772	0.7595808263260998	-1.212992239288871	0.6394310084106298	1.1515256843759427	-1.543563350280176	0.9883565769016172	0.15485226281321246	-1.8146272960897054	-0.9786493774113921	-0.8388533949541866	-0.6633330605500593	-1.0374775565377412	0.30591254773295173	-0.8763884767847463	-0.7853174320043831	0.6677434994933849	-0.9024126890744821	1.1151770317116587	0.5526156899867742	1.2682840138566804	1.9798634663252335	0.9516934786418625	-2.168399030040492	0.400721677593366	-0.31074598554037175	-1.862583223892625	-1.0626820295861443	-0.0040412765974549665	-0.9522640648100006	0.08855186859261167	-1.1603720485199212	0.014475150038268738	-0.4539488057221615	-0.14925880880979198	-1.026825383328516	-1.3023909152941389	-1.1453239909436257	-1.0584515201783438	-1.1103733259282378	-1.3716445485039532	0.5408380451847963	-1.127254848519051	-0.32403154990038074	0.6979484475030288	0.48934000607356937	0.8462606482137893	0.3125644709793436	-0.9473380377350564	-1.208125696738804	0.5032608388014779	0.39519484663948845	0.570527789396294	-1.1515686625482493	0.8507649758575794	0.09718627757943266	0.09715923454801093	0.6027812576660696	-0.430451277535689	-0.8144754122674542	-0.06346974420707566	-0.5315335167335324	-0.14342518247148697
DTXSID1048916	3.7482870856075374	4.401535377391079	2.2165698309385666	-0.29752290911321494	-2.969584096300921	-1.2524957782888555	-0.18849809301401718	0.4394594724900468	1.4959812829603767	0.3641327260637533	1.7522305232838333	-0.09766530828989245	-0.1068515632901988	-0.969616995045987	0.63674001047092	1.3438473443354393	-0.7630518977891304	0.6210985774916497	-1.0794902258376933	-1.5296487701574975	-0.639463522411069	-0.6700581764565183	0.38666021736717643	-0.258831582383787	-0.6920440910269511	0.1376916831659627	0.12308104289069528	0.46021336467966745	-0.030601778019430304	-0.6448614388667656	-0.8857461672567456	0.2766865988364472	0.7527957782123134	0.14151422119363782	-0.5192606333221328	0.18503541532484524	-0.6034983346823621	-0.25843590568709174	-0.42881779203260073	-0.7414285316066352	0.9380954917807105	0.4260994905696514	-0.41076631517912404	0.17650965278800554	-0.850756552689307	0.28275171051975734	-0.1972501158992724	-0.10325501174686146	-0.13920474228931773	-0.2697138045217242	-0.15678756941499988	0.05112907137194604	0.28793912845580355	0.10598865713310597	0.007911385263103197	-0.10136593403886023	0.6553594173776766	0.8812129019139799	-0.9492549737178267	-0.16528797143519805	-0.31940176479523663	0.49345091676152236	-0.46368701748163316	0.31424991638363803	-0.2678544092032911	-0.44678839577056234	0.0967381953768162	0.996180861620577	0.37363336721775847	-0.4875762910783728	-0.8463604204032824	-0.22756703402866213	0.2840079714638892	-0.6000927543285711	-1.1310850583082224	1.3302000976257862	0.6781470618957958	1.324896407548075	0.49312464187519695	-0.2514207108987436	-0.12406747002633424	-1.0621458679376254	-0.44515882466898216	0.2951579098497775	-0.3740809690547324	-0.014669113935508248	-0.10688736251455161	0.8125205187871618	-0.14466053728293626	-0.8312083609944066	-0.4386499335611385	0.43853214341408175	0.2292557948429195	-0.2750231080007321	0.4270935352467444	-0.3919598539874819	0.1740994980508211	-0.10443289220839075	-0.7792638139231876	0.15583251802385287
DTXSID2048743	17.439490214397622	1.471745780404235	-5.714234489391958	2.4184163222945387	6.753518530785262	-3.485936091952187	6.180417441077728	6.125871085843383	-3.367947049860131	-0.8973857416054907	-0.935362636292105	0.5039529569326401	-0.6795572924945673	2.082209743214884	-1.0288722797839032	-5.0668072630078065	1.443651596837165	-3.622809333738814	-1.9983110425663981	0.25315865222143585	-3.920731190713146	0.2797473469258366	5.9088457803257555	-5.014429609219247	2.2931712838955023	9.282294326576443	-3.8961915002733356	8.078330077253543	-6.848437518774632	4.859925396428451	-1.8520453494935227	-6.405434488786859	1.9007586934322465	3.75314560101545	-3.9677151146223024	1.8597414591244563	3.412983040151605	-13.84711889438048	0.17006365619251373	0.5392083294515364	-3.3173112244751217	-3.03824246444353	1.8360043631314782	-2.5936929362436127	-9.01010894751082	28.319152131409204	7.888300186184988	-13.674420119012796	-0.0032442611256922344	14.891719762554388	-31.963674439042077	6.279369557105203	-17.940583290703522	-1.577809933853291	-14.7893895409918	10.114204536495434	6.685475630363126	14.779674543450962	25.105255730227892	0.988006107496453	-1.4819631288233126	-4.753726990764289	-0.862538538359721	0.6409685862404033	4.840611853370921	-9.650002139058174	7.065527415091001	4.975238355638899	0.25555258087863336	-5.10489216804265	0.955813327152431	5.198377350732963	4.994804516665712	4.13135961225143	2.1127291989462655	2.196489615916846	-1.9024669158319107	-0.7273024479280347	-2.389351361796185	3.8340728076996964	-0.4089770465232165	0.2639330154390438	2.173826397357133	-0.625504080233487	0.6667609018917668	-0.12704960398291457	1.415157814613668	-0.6818277526520464	-1.1933291284476157	0.6007114243312526	-1.0333212693771539	-1.1052013890862769	0.8159827341544915	-1.4842611363140628	-1.9491584663098815	0.8099615140990858	1.1372164958212863	0.5376721637264326	-0.3842561469664052	-0.5663135230200914
DTXSID3038808	5.650766375619351	1.4237793474953975	2.0582634119557137	-2.955496074952218	-3.166273321034276	2.8866288746844764	0.3739609787054426	2.3774491932605755	-0.1481119706576688	1.560766709034456	-1.021250816197146	-1.1533457555569382	-1.8580647176994365	-2.8040135123573857	0.3942135211453529	-0.5530801049267311	1.2874038205394056	2.24497384202988	-1.2695993604865812	-1.0523335496787323	1.764635170539982	-1.4679666819895587	-1.414831915681174	-3.1178485019363076	3.3342787449505327	-0.5304585263675206	-2.8353024347553237	-2.9119872129444193	-0.6744176141875157	-0.09394374454634491	-0.2875093304509919	-2.912164846607711	-0.38068868731580874	2.932469356187186	-3.182212836434897	1.0534499604461363	0.2061109873180259	-0.42000948582975944	-1.5005193057386066	-0.5048897163822711	0.15684976127576863	-1.7135141509427356	-0.8493873677187688	-2.0397180210787798	0.9460286991709999	-0.37802522228454444	-0.8235953465347069	0.6486931470034052	-0.8507222313803476	-1.0445099522182997	-1.0345324438301466	-0.869298595332256	-1.256322238658001	-0.6150759097162797	-0.20831387536343893	-0.03532833540499713	0.5374337202242361	-0.44196166838007156	1.2255248406333075	0.11126043081575222	2.015535420581058	0.7287368414760473	1.9138464674442568	2.881438100434059	-0.07613023227689591	0.7549074722098374	-1.927511296259935	-0.6524112861827296	2.0597257204561785	-2.369276377386554	-1.351974611724832	0.02088983014249464	-0.39404971082001156	-1.711149313724826	0.6931532594978858	0.13499797574129258	-1.0284021728144341	-0.17879676305110992	3.1002295661329846	-3.551322523845498	0.4500801397864455	1.1041596185152063	0.7925637057785652	2.6503202605889866	0.10305114579144961	-1.0894464834172533	1.7136463952295722	1.7501476854207991	-1.4499322266379162	1.1336928188091324	-0.023613101106521373	-0.3044713867788009	0.19424534918111244	-0.24423235591978026	0.5855806214613369	0.06319218925284886	0.4415299276203733	1.7953133394487801	1.2898863117105481	0.30174879704473545
DTXSID1074915	8.733919043105221	-1.0769711732460046	-4.040620535855965	-14.35989649780313	2.4931938354513155	10.229013917392148	1.6962647302549392	-4.323034733572983	7.576086499086952	0.3655557491017367	3.0946639428819473	-0.2897691831225683	3.044049069859714	6.328999779292204	0.7557391206988869	2.3260495451375314	-2.8918213315271277	0.36033762082211984	2.36948608547989	-1.6073565443646445	-1.999295243779903	0.6946059663591903	1.9946683535009204	-0.8994725362991808	0.5076172215899387	-0.3842431688680697	-0.8671471967596853	-1.3805053953721538	0.39873222059000085	-0.08313200494922662	1.28434363459338	-1.8522825841908845	-0.8327909043812359	0.31071085146024197	-1.12428934594648	0.006038850859230922	0.34273377736522553	0.5971154114854772	0.4303209800935803	0.7694864554688972	0.31215860527714584	-0.11148882216856233	-0.3009284669168512	0.5655031477750249	-0.3086462120523541	0.6645189323894133	-0.3480504019589977	0.4625839695047131	-0.4581133470721063	0.5034225918192979	0.10238938720365148	0.3431622652967015	-0.24613658438176672	0.3130032751844036	0.3938521031933285	-0.11743806615559303	0.9629451295945066	0.5638946620155201	-0.647579237562609	0.209106864957861	1.09437888755573	0.8228380740421716	-0.7223306081827856	-0.3642917699672178	0.056299699157324606	-0.4840138745491783	0.18047511813438352	-0.29431381738243545	-0.620855620012994	-0.6050615740759612	-1.393678167843637	0.3892173712523961	-0.5592684113620466	-0.07817135099888158	1.0907246667178851	0.12223056836658835	-0.5757021960110843	0.004336892788621615	1.4853215525671046	-0.7613933425717724	0.23753159386455808	0.7994709574043607	1.9761363246746928	0.24786487778037677	-0.49801294811790003	-0.6678313989804006	-0.1954985314279154	-1.1308778963621893	-0.08929323469071125	-0.2629539170370288	-0.14136545409153844	-0.6701699567460889	0.5184898988246732	-0.4338938454113793	0.2448961372205914	-1.2366536464885252	-0.301656611568487	-0.39716123495620353	0.21010672895628116	0.11778572266396406
DTXSID5034303	4.382000853985553	0.46048235508737967	-1.1825702490566299	-2.432289393263398	-0.07143415811739869	-0.22755576594655502	2.8323887312916423	1.6679762267005225	-2.173642599960009	0.5856445861362586	-0.8155854954052696	-0.11313559169263038	0.6562441314603875	2.8622499399687746	-1.9742962288361148	-2.669414315155617	0.2559841652445006	-1.5929938734975153	0.4871687995657375	0.2900836889474112	-1.7228033354727201	0.0526928340089191	1.2323349641737433	-0.12972999868580795	-0.10386743997278668	-1.048793081700689	-0.05165110518044636	-1.9182561896839445	0.2738662454516962	-0.4824671706660842	-0.17432451184593692	-0.8656012135788906	0.14765498437446717	-0.34523915668589195	0.40830040807790224	-1.1934593527818758	0.5970642448302645	0.49874848079536394	-0.7830844874374255	-0.4833531452060573	0.6664490668098194	0.8377697719122502	0.9226914746200581	0.24578122929647697	0.34740551856174934	-0.430590786179992	-0.7912562362723092	0.032012807812435776	0.22264145639981026	0.5858355669685392	0.37302458695667934	-0.06122102078803582	0.47746643398759603	-0.30263677247293513	-0.9996552242669382	0.26659374482481996	1.3245921608886857	-0.4090808666597004	0.9508937618054255	0.48840441397441686	-0.4321625431405855	0.12308096846036849	-0.04555251863031361	-1.77072109749194	0.19548053437892834	0.9747320108594196	-0.3696366040496735	0.040395525768451825	1.6630736878522732	1.1177100985921395	0.9175433710865205	0.5158823064264144	0.004732595550741194	0.9451264667262534	-1.6819542573025716	-0.7841918793227424	-0.8620177852654624	-0.8119635000442621	-0.7499064061358423	-0.3887391331692768	-0.10583668590367311	0.4703184972466175	0.39383820441395256	0.7862655541646023	-0.7776571735612544	0.24182225768365917	0.7576375801168881	0.4405614103654237	0.22155143102746008	-1.090563770072744	-1.8116094040941835	-0.7494215330792778	-0.005509239199591366	0.1495676675743107	-0.7950229116047405	0.9472367964385497	-0.11472003585672594	0.30393559320465624	0.010391921363560716	-0.3232391139619394
DTXSID5049310	-0.8994767137043223	-1.421727678030321	-2.4076786847613683	-1.150259277250085	1.00397733130177	-1.0639625229459748	4.926529461359544	-2.31555350654749	-0.7724653016044258	-2.3747012454553516	-1.4585125509710373	-0.7859400621267116	-1.3937602222322314	-0.560656017418617	0.24609509508075647	-0.961553614796436	1.9229744063755276	0.31587938171580016	-2.1314253569471964	-0.2154265832403608	-1.1298789086884284	-0.21159354625366394	-1.3427285521050525	0.14531919671856114	0.44626167200342903	0.21386658316763293	0.38142416729349243	-1.0818277204786808	-0.6714725145643111	0.010923633186450586	-2.6211941590722976	2.3128629455439715	0.15694843949361284	0.22628173325619724	1.7526050701508096	-0.13529650838181898	-0.3971893258309636	-0.07839691999227655	1.2905968366093723	-0.043147543226990416	-1.1035065596458105	0.4592776639641395	-0.046086148846389625	0.7945385355573374	-0.11346571936351131	-0.06477755744005914	0.4942782033534932	-0.10212223746064901	-0.550180316204328	0.6353371629359597	-0.007278691383351313	0.03267727785772671	0.14260808607242903	-0.10912155457804369	-0.3553300036482563	0.4756242913138149	-0.8313124357229678	0.47447289999483455	-0.33613771496342837	0.9568970192166402	0.22909138729581796	1.4982577904576835	0.11552660798735903	0.7848262605545949	0.03208677281243154	0.13539126852434102	0.3698464306043494	-1.13151239433862	-0.3850270804894448	-0.304444253700222	-0.5273573497746884	0.49930829025274315	-0.9480409483846997	0.6796408680419472	0.1744482452096693	-0.39467023967385	-1.0459356736444227	-1.2428979567149827	-0.7332629497528207	-0.7029973078898888	-0.993885344941302	-0.7457539456195595	0.7880838680776912	1.0401193298244136	-0.30249213967248145	-0.09836467095002616	-0.5600132699545479	0.4705255465579042	0.3137338290751789	-0.5414734509108284	-0.6541802582023241	-0.8707016347208085	-0.41560884177052887	-0.1776705552619744	0.5579571206236741	0.9983009315328433	-0.2491763258895118	0.3949589389229608	-0.8206634411018378	-0.1479649255773392
DTXSID7022544	-0.7763717756693316	-1.5605149499692548	-4.733197783105853	0.16172150946757102	3.7641597922034755	-0.29210382471204355	3.73760475708946	0.6609062863345804	-0.30784382947284833	1.1109574523161467	-1.8652765387352197	-0.819222858175411	-0.32989073250761813	-0.4282565501469246	-0.5115037128305603	-1.8587473820221956	1.6170943041384027	0.4065785450507281	-2.310160167990638	-0.1820095399469828	1.3427206502552809	-0.17490799509049593	-1.15511417706285	-0.17528785875143005	1.115123414109783	1.1412410957164478	0.815471113359483	0.8086024036569903	-0.23552965095494396	-0.3465478902410261	-0.6096125412403661	-0.05886476618119199	-0.012125220387745791	-0.7857905476239666	0.7728484480264648	-0.7640043018024303	-0.5312776949556393	-0.7688167920132385	-0.057209164908609784	-0.02108260992280159	1.3697301835321674	1.8167394347429553	-0.6796303358037147	0.4457614732184619	0.2728155223517971	0.21364537549218934	-1.1177666524964505	-0.303624647986668	-0.15948326595290266	-0.40406852832607826	0.13960593172199498	-0.4407611761838768	0.3680576473118227	0.925410731002263	-0.9818409438665372	-0.8441103902423694	0.4519918460495654	0.570805381698878	0.12443102854398946	-0.26048585857068535	-1.04481148360431	0.24311898230609638	-0.06201725474916105	0.7618691828082409	-0.25658220407409277	-0.23297796289915024	-0.6229927972926834	-0.007833926485747052	0.3753720056362677	0.1953772809662221	0.368406287328836	0.7334057232104946	-0.10374332821668925	0.46877056142085394	-0.3332543808189431	-0.09939905535981222	-0.5400406368873677	1.1522891231052579	0.4046286768128245	-0.7894059722032047	-0.13966585803235546	-0.5159785637810467	-0.34717494070454724	-0.061157867614391244	-0.9079435820083593	-0.9185930590938813	-0.008285048385522383	0.17698579783782853	-0.5091377706373127	0.6220236701031672	-0.6273846577236042	1.4489569806423654	0.20899593608417402	-0.8131455917560035	-0.45554007122618373	0.6138082715483247	-0.22284503610314066	0.5106688660703296	-0.3552049612737284	-0.7530613469423197
DTXSID8026933	1.8130174401311456	0.23919980244139993	6.52732285927662	-5.397745194084019	-1.7028803957545724	-4.669519980779612	1.0927843676541886	-1.2030880487329454	0.8905470465105475	3.008514013750019	0.8653123880123257	0.36617182844315643	2.3336882359096216	-2.1936343036431922	-3.7409944062744747	-1.7136017999493194	0.0026727804257381093	-1.4733856452316478	0.23758543013026576	1.0059069216100116	-0.6078494640024235	0.8758614285890357	0.4126400032747107	0.4415435279206516	-1.423531201175016	0.27644773713999904	1.3811920360104426	0.20883433300431184	0.42073281774842014	1.0689825171767524	1.2966230522150337	-0.9421917607632737	0.04024227305006161	-0.14236407107569735	-0.4433562172856867	-0.1129743008789358	-0.4920270579203475	-0.5219394562192813	0.003055095524480683	0.36777332826542486	0.492557296307929	-0.00380272398451551	0.1915510128549159	0.28400458926961575	0.22253207300607988	-0.4451110559907191	0.178924546198059	-0.3905659740925118	-0.0034243431099269892	-0.32497639148785656	0.06034945705038825	-0.4505486008119719	-0.04393108154147293	0.3113803323113694	-0.10129312201098617	0.4042538230078585	0.027370105020171384	-0.06989393968412194	0.2422938726023097	-0.2912662731087689	0.23190120883587773	-0.14854576442344702	-0.7042669035297962	0.2641892275207663	0.08022802151917403	0.8474198063288901	-0.023483436355309986	0.08057610884375796	-0.36965808931271915	-0.6559166166782874	0.5145498784744326	-0.09013203507673642	-0.04980479464156051	0.023549047985719305	0.8583286329669473	-0.152576905176648	0.16933850624077243	0.019175247992033153	0.1508948807398505	0.18583055465860052	0.30434940700445406	0.6162324194858944	-0.10229672886891046	0.2643636760842809	-0.33813208179245885	-0.06991221742068336	-0.4114972577391863	-0.8144165108377446	0.5187177652138707	-0.2152247767283583	0.2296254741482173	-0.1840798143566754	-0.10257673513464753	-0.2152286398794786	1.0546297310729882	0.23199755766187877	-0.27221015850598923	0.015131512389540745	0.6104084450116161	-0.3408596506678403
DTXSID3041615	-0.6873153455981554	-0.019242000025054655	-3.0637442482893418	0.7937115549393515	1.157849418221234	-2.0364385336435484	7.457998403557174	-0.258262095021479	-1.7462140763908363	0.4473656658189524	-0.1535063186102921	0.3778592011008826	0.6056323829495945	0.9012324991738252	0.8997937152823836	0.9737451374344211	-1.0572255708573448	-0.6530974057527189	-1.6451384186929459	-1.1087251304401773	-1.9292039991446301	1.0640329460201976	0.19463768710978238	-3.1942745296101718	0.006956392896189685	3.287556978466097	-2.283838371665836	-0.3474578281750426	-2.9473580794138408	2.0804136971581886	1.9118258999621314	0.6139097676427739	-1.2794929108490107	-2.704839867665601	-4.2351001305570835	1.5649412485594512	0.08312309743896183	-10.523642699812052	-2.707347007142684	-2.9357954011235683	0.4582124716775729	5.258772253092392	-2.5773560761560557	-1.6000157048063233	-1.634073221072443	17.845256156291654	-2.965869813361005	-3.1650800202297904	-8.306863357147613	-1.2269364076382452	35.86691742319617	5.430717670887168	-4.01559372228822	-8.518579401626708	-1.6914433014637071	10.4282671916236	-3.425409310652666	-2.682487665863761	5.9461691354020525	-0.8798645564068965	1.1265484933289855	-5.034520409356485	1.218119453746176	0.7611354233514369	1.9383618833960825	-1.7974211796396944	2.9344533248019946	-0.8366083708366551	-0.6193931870542738	-2.4791341863044507	0.6914779468473968	0.49464117710282773	1.3708153729759556	-1.1077625702344178	-0.23278029242591322	0.8443795793997219	0.14284163799556915	-1.044304265163393	-1.6547719946907018	-0.5692657821671706	0.4494015385669667	-1.0735286539729718	-0.23106885612199707	0.8716399876499406	-0.057884487574164284	0.6054578186949753	0.8850017493634311	0.09880120503553567	-0.4717751331738744	0.316726455943602	0.017251794648505504	-0.34507545092313036	0.042269643528920556	-0.11885064135323556	0.21116461941077683	0.6296861786049767	0.4712207606469888	-0.1862280762545125	0.16764634713647186	0.15909551533809463
DTXSID1057828	6.975106426328938	-2.345470464571649	-5.420976043136622	3.199217087400726	-1.087841016453448	-2.7838488281061893	7.118565710938665	-1.6376225340207868	-0.9145217288663161	-2.127706267539258	0.8595809750458853	-0.23642533226686296	1.090380287308476	0.10780260895927779	-1.6887906375034716	0.4298180501682274	-0.2452759940536002	0.6515821478691669	-2.386148093652335	0.004794019607971035	-1.2120743373663916	-1.009709895963907	-0.6474396756318964	-0.31561435984474484	-1.099189843561997	-0.7619213339623465	0.605280207901033	0.5143335382844126	0.5259072864209293	0.041785747983182235	-0.7368990312654558	0.8289071678782579	-0.2343793975930929	-0.49254468187425837	-0.7857078223739092	-0.24566661078472488	0.23518566225089665	0.6800894357581156	0.3206973900754878	-1.5787218248028645	-1.4947530108954838	0.0037669783499830224	-0.39182234204882405	-0.5630928493076788	0.8619118875156463	0.5157175569797559	0.8430113680909636	0.33488113534296965	-0.006798374209783392	-0.124539466406922	-0.32754755931333407	0.8050484652763261	-0.7951982823320726	0.08770954331933319	0.21499456900950023	-0.13356434251127206	-0.8293594512059713	0.5086140271031693	-0.5802140190477637	1.6735132805684207	-0.29500705123283066	-0.023500437235559207	0.05787636387431125	0.7064449132489234	-0.5325374827985878	0.3431642890804838	0.6828384016406265	-1.9785723292285877	0.6962838013193593	0.5165233870843174	-0.04627173989375171	-1.6155279967807656	1.1646663668357167	-0.7077859473826781	-0.0029067469963720643	0.5329276867136329	0.020765637537085817	1.6203991507919755	0.18304495232797444	0.16350485856729838	1.1748739461210407	-0.40319779786294574	-0.8590499950902024	-0.816420535883193	0.40836607711155903	0.4308585206907531	0.934067421101195	-0.44604550841324714	-0.29199717104563055	0.8194284921558643	1.115613716470638	0.4826857730957983	-0.13782100939655773	-0.007022143521324694	1.1163166937262257	0.9779415270447751	-0.03766963166033595	-0.5222482021907531	1.1422796710164795	-0.5499788606719686
DTXSID9047045	1.7554195842248785	-2.7540633471113476	8.027413232700155	3.6252737185640873	-1.3922975565610993	2.9746458882335456	1.4567035819737508	-1.3673527756306378	1.4719428970233042	1.7928807525434083	-0.004657859770263158	-0.25390615670119837	0.28051621254005854	-2.047360755594058	0.8092117399151815	-1.4468451141567535	1.3133416714701904	-0.35707401127813027	1.6079418875367595	-0.03578866495700619	-0.5463963219916508	0.7028152684371557	-0.8058482819150724	0.2594175129028713	0.8226280734588057	-0.7040739147541607	-0.0864476661741827	-0.07440002815342792	0.4335275554500033	0.3153529069561862	0.1826076250584458	0.12469644732552322	0.2976532884155612	-0.25847741717968326	-0.4896666720178697	0.97710801987697	-0.9930042043292253	-1.6203549820966678	-0.8978721690296597	1.2595217251762107	0.13888891024638853	0.23848938782897938	-1.403269253226615	-0.26645307564230836	-0.2926717501132601	-0.6478460298444929	-0.2595376048657407	0.1063065411568916	0.5599418889797009	-0.06059348125894954	-0.10321910943107651	-1.2448739159380502	0.05397747675023598	-0.14167227240968824	0.18917463820608021	0.2195003994195688	-1.4551887653813287	0.6011946239769795	0.04624734368831278	-1.2068110146484106	-0.601026520265935	-0.41615430611408794	0.9534049679199585	-0.8351560060963245	-0.1547239081108669	-2.0489956177373507	-0.9214496269669187	-2.467518654204607	-0.1322317528330846	-0.07848753345079792	0.4969898105774791	-0.4059041805651791	-0.6377099198260452	0.8709404972468713	-0.3320371793677927	1.1627045182074032	-0.7340810773588724	0.04097162659076162	-0.4348916578444016	0.03868505608561516	-0.21863667451222624	1.5978235265123215	0.7839087219538313	0.5523416119768996	1.1904634858782934	-0.3442806791826642	0.14944507969621246	-0.3448424959096757	-1.7447667952720194	-0.1674364248084376	-1.5159015907265712	-0.7009006125745973	2.8943316886624966	1.391235641076699	1.2811560909821473	-0.3373473993577136	0.30673109071432664	-0.7637608934261769	-2.3335018262269696	0.15688393311366278
DTXSID4021636	-6.091063564866254	-3.6004455004398292	-0.03619099438965411	-0.38127185726521834	1.0742101765679952	-0.12118924148376053	-1.9045780007994484	-0.4525910222638674	-1.2879751596370812	-0.28112485856021563	2.328091334292211	-0.9848058293214542	1.3085453620648293	-0.38869986595078426	1.2947642235525123	-0.6567456657678621	0.7092480264993659	0.5039434831242398	0.2617480593429556	0.16652961213030784	0.18710264024779835	0.07822923493944493	-0.2317178428876178	-0.23390128781410546	0.2815354817673509	0.09171346817406205	-0.1583366541198984	-0.24453815812923607	-0.16298782444662666	0.19036486653929427	0.12039211269981813	0.4906382470769336	0.2994985774901042	0.337895039723653	0.12830883231144335	-0.08981448289889243	0.4492302408347917	-0.13694421411918212	0.16946372877514043	0.5476478865749372	-0.48519349054648087	-0.13928820579519408	-0.941905967033713	-0.107779789119135	-0.33636691993671597	0.04846670623409286	0.3193078130292989	-0.6055796194436891	0.10513061029254424	-0.03698945949870452	-0.027056693104583737	-0.2874603703517533	-0.17622179723317324	-0.21914267057211595	0.08886454628757723	0.03674605109539421	0.05600013441908746	-0.4734073463065437	-0.4077890862849559	0.1784555578201624	-0.17823952055305914	-0.35563440921232603	0.7508079148673543	0.25017988706777544	-0.30646476148631385	-0.006890335090232389	-0.7943738588173747	-0.18735031806227304	-0.15238030254099802	0.2372296739930691	0.4131674535408711	0.27580026745965264	0.18714882747939937	-0.15683980304102543	-0.17759102367536128	-0.3780788888641523	0.14211748774930116	-0.295708068841901	0.1704171886459403	-0.73673639626612	0.0631012717384072	-0.40571236342425077	-0.5683932559236543	-0.21455532102990174	0.38915171964735734	0.2568522241692218	-0.09811110522172525	-0.2113080334756985	-0.2747904786524184	-0.15681580303435277	-0.3965221791457347	-0.28921238802535804	0.2575675115505384	0.20063341749660096	-0.31890501285717515	-0.37571499375103107	0.08390336588684796	0.22613317474345018	-0.1140975596320203	-0.43873255527627275
DTXSID1022926	5.010302193278231	-1.3319185481920854	6.5136282119364015	-0.8202823597660822	0.3950602566376442	-1.6883754749271822	1.4314872510123462	0.17118284753638927	0.18936980040142645	0.44223850174847884	-0.382812936856951	0.4651245803587188	0.058488144252553644	0.7672886932564904	1.4356958570350973	-0.33694390911759536	-1.0381938044535952	0.09899323765895679	0.37749426688143806	-0.48679596086680227	0.058042014752342566	0.243515380601529	-0.4691008871378225	-0.07684647866101522	-0.4722453928955565	-0.0815365098732418	-0.4182348082949828	0.6656487511229545	-0.10588227856897572	-1.2231576611043036	-0.6769718239942094	-0.49081817996430166	0.3354922673856987	-0.21416631554362042	-0.19489192020040963	-0.8205024595378958	-1.6080006151014752	0.13105843086207086	-0.34087132234770035	1.688490275350792	0.3428961995948163	0.7326936952074208	0.44384480626604017	-1.1166112841813012	0.2767645513617727	0.23746015167407697	-0.5150887459158001	0.35703528135398244	0.5329695926744058	-0.35422402428485733	-0.1657284284837436	-0.25128149959143864	0.2749673928191887	0.0064705225971927625	-0.14925341508526144	0.37395577584884554	0.057496751573705034	1.2731655458346585	-0.20159048474091457	-0.3533665227767506	0.07411638559469672	-1.0196332825709813	-0.33580651779252296	-0.6165393523650191	0.8564889016464352	-0.03559083696797449	-0.49222312454371053	-1.3937647569224756	-0.016830553003458728	-0.8783883777617586	2.081504414114621	1.0107642827556933	-1.3445570922236978	-0.7332790440670649	-1.0583352082604462	-0.4353009652925889	0.6086000912642723	0.11811173411818983	0.30983745807290164	0.3950981832855401	0.5093095033481341	0.5454736433039116	0.3926019838788159	0.5325870412721889	0.7703428621221184	0.7970300493467266	-0.2962686472987255	-0.31592172801707313	-0.11961684252864674	0.5534582419492219	0.7425403290534998	-0.3344184552746335	0.2723414871969693	0.8062172368947484	0.36435951109931375	0.18818106856034036	0.11942124369100217	-0.10104244847445583	-0.4325514920761698	0.5313258162520146
DTXSID4045343	2.129215675460703	2.070649963532359	-4.3261760653530255	2.5809912461571454	3.1263483178387577	-0.8529795697016201	-0.8957152440578586	-2.8243745309321344	-1.314912936486428	-1.379553085204259	-3.4145019432156	2.619877090778902	4.394197638726479	-0.9666106774888774	0.17884110525840646	-0.7572555400663412	-0.11352847873695111	-1.7520618424248386	-0.7429517312220667	0.9045596277803493	-0.547856234204519	0.16099022470907812	2.683038947937148	-0.4051537581751199	-0.0983348819607648	-1.9896333681480647	-0.2586806692242592	2.6807921494225866	1.8406129998498704	-2.156455170320218	2.451898706112567	2.2057169416067386	-4.065509278819893	5.4318668486375135	-2.231065538096387	3.728030564777651	-1.2035170792741356	-2.666180088083381	5.518016420628718	0.47094000588389	2.1850470240495294	3.6041679207659687	2.1853795988187605	-3.134749639536981	3.2701383847068697	0.25639523652465546	-0.2636387420323	-2.087526645121563	-0.6915994872122359	-2.1414892704336355	-0.9727484983274548	-4.255588062658101	2.4025862706446857	-2.3549545952854776	0.43786357987760677	0.5307709244191736	1.5763124280114773	0.3259303720337954	-1.3247130160490344	0.6150638879730079	-0.5037902052853577	1.0049467748281407	-0.5071904915133453	0.2352102603982183	3.172927335912564	-0.9570467254218629	1.681397652122522	1.8402543812097791	0.27089439882933647	0.4311548621349664	0.2151682350848592	-1.5541904783073626	0.3433341648962249	-0.6241846486523839	-0.6023781841754859	1.441500140272937	-0.7473974290615545	-0.5503291528396387	-0.1088391968541243	0.16186809654385376	1.0738108646607467	-0.18930523322653867	0.6927536427388004	0.2628559898079535	-0.0971736604231722	-0.014701850410556671	-0.46888428911013774	0.2575685226759038	-0.9238452930736389	-0.3114214891870387	0.19750967777215545	-0.15443910955942142	0.5328017042821389	-0.45737066701468493	0.4912502258240843	-0.09242660473559033	-0.39974678115358203	-0.6376532407545036	0.46724703441892246	0.01877705124039066
DTXSID5037579	3.0105970085134697	0.1594285843388186	-1.0942951605144775	-1.2303237727141523	4.136172378124238	-1.2446904163022876	-2.764005523696157	-0.9902027482107189	-0.9452125472902488	-1.6236602528817525	0.18744030698072411	6.888371887245597	-2.204033781791365	0.3754257981423296	-0.611173495446018	-1.07242757866164	-0.9599156363532471	-0.7305201173447343	0.9647276843135374	-0.6229468831822526	0.4804814165393612	0.42337013656282196	-0.8983025615318649	-0.532604289460184	0.34283369998929014	-0.8421746624056624	-1.3771422149470358	-0.10060991798646834	0.1595376623749477	-0.5602732834202614	-1.9336903849396234	-0.1409017123825826	0.19048221149034336	0.010967412577100492	-0.8689152807749024	0.5758318844442885	0.07679354699157759	0.2588372372570453	-0.7266340596406157	-0.7120995989102531	0.66417656655085	-0.7113093261786918	-0.046699648537468934	-0.2628334503938524	-0.4321657004708532	0.1733017553677228	-0.32664330734131825	0.15481861908988487	0.24415717438412507	0.1710932015837312	-0.3356383234545197	-0.16733800149537206	0.024806502500613736	-0.27509704218154984	0.10621161535724194	0.2458346232238218	-0.47785801245792553	0.27189759804969676	0.004915681808148187	-0.12287557680584471	-0.7912017338004256	0.02814520544590895	0.7902100098989936	0.7730720990619947	-0.6459181498400796	-1.3096917072373697	0.1272292556653537	-0.0925522724055077	0.05157030434504018	0.03548269151115233	0.6768177889014919	-0.40986983368175095	0.21456120369235757	0.12174441514444363	-1.249865267835322	-0.2674419933129315	0.48991098187036963	-0.8614340434715537	0.18186296882828923	-1.239663936855367	-0.8282988640350083	-0.41212136808662214	0.11075114524119718	0.5558939536310321	-0.46228640428181467	1.4057213091028233	1.7612433077107716	-1.6501907015389286	1.4151348994161663	0.3695663267597336	-0.3574210930084661	0.07342218304119297	0.14589462347743104	0.5979702568088359	0.10074805624550172	-0.20997651068680606	-0.8424164881594581	-0.43465852076923905	-0.16484991649241326	0.3233216762138019
DTXSID0047371	7.41773218377898	5.463140380930377	0.35425701285767863	3.5651722829585197	0.4291350574575848	-1.8776488270330969	1.4128370800125751	0.48884864439635894	2.387281380522768	-0.4868697373351975	-0.5173602506449826	0.3854810725796535	-0.5341883534448879	0.9336281810215155	2.1482903906263227	-1.4735229600227835	-0.7839633721229965	-0.9590681286509094	0.019846723583361453	4.649940391572847	2.4281112425695475	-2.1400273182135283	2.7361197678956324	2.515482243508699	-0.9662570621151603	-0.9987714788625832	-2.6333963045593363	-0.8041800758405641	-0.5508369719422749	-0.6188998015667736	1.6130391005214866	-0.4209335420803695	-2.7147268607300834	3.107343686674365	0.8051945062566763	2.1527635128758553	3.5771717027952126	-0.4388248890486903	2.104867561179242	-1.0243302252577897	0.7343793334584112	1.2595653078458982	1.9517523797974055	-0.5140026149091662	1.7479174480081996	0.6886541498879483	0.650379990774335	-0.10212458317528215	-1.0208774346636227	-0.870628704316844	-0.5290028960428338	-0.7429786055734685	0.33146183013702	-0.06430024291863289	0.5907796338521826	0.5467225488900976	-0.03815913706097781	-1.1296126788318095	-1.1350323240607376	-0.40827099097045	0.7341717820340503	1.0748111591006941	-3.2335875166075985	0.3226480962251032	-4.11618243413666	-3.0275299370866584	-0.5301118098400392	0.9634168790896136	-1.4342874201333518	-1.4310392758925994	2.130892900020975	-0.1472415129010791	1.1074193927836478	-2.2723677629701777	0.32118034717142746	0.9833844986697773	-0.013455920353479063	0.41613913349984827	0.3879404760966237	1.848321305931525	2.2652523781009024	-1.1417463478649743	-0.2875782531064758	0.9460848408884647	-0.4939540112260444	0.554712970752849	-0.7885257959859276	0.9535537584786087	-0.9116067495994787	0.1383771492153533	-1.495275252437288	1.3350665426827575	1.6989322972529928	0.0013078224411430589	0.2591166940076979	0.9234234636917087	0.04351643663280796	0.7025556882029553	-1.4608627001908179	-1.0619965206413593
DTXSID1046392	-3.1926559180931933	-0.1771047449538503	-2.608285793903627	2.3059659273963646	0.9264521321446189	-0.822104552057854	3.3989161125266705	0.43098225744855084	-2.0010236088032674	1.0861989080715766	0.014744303639694305	-0.07727590346659233	0.16455481896583626	0.3746147273636848	0.2702368317225505	0.4879870487289246	0.3640262098332231	-1.6587690076176782	-1.1797927110156436	-0.1694639273688416	-1.5389052667219483	0.3195842765051963	3.521648199396016	0.021737482090900102	-0.03484354879882992	-4.665062690481963	-0.13719384505074503	2.066818676887081	1.599848231814166	0.9725502715746198	3.05364259945638	2.4239767556549427	-4.42382182176505	1.725079990440308	-2.0113349278727877	-0.020329337958605507	0.11337106569152433	-1.426263450084959	1.665566323366889	1.2762841331337198	3.4346723930655423	1.51864948972187	-0.10884438274170219	-1.6627443880930743	-0.3221823112098464	-0.3836682519471303	-0.46784928874195447	-1.982918898033834	0.7121630851295138	-0.7009138840087135	-0.43714230405806836	-3.1459661023408896	0.6260721387823351	-3.2634341386029044	-0.039558072895602245	-1.6653602301052743	0.990722523449023	1.0434283867847416	-1.2529022451760408	0.2167517253680068	-1.595530028634172	1.9611294038249252	2.3734788961165325	-0.8837507679563262	6.328579353234817	0.8861344904143249	2.656742901783129	1.8527556670364242	-2.478202085614403	1.3602598154203944	-0.7792047564608944	-1.1278313904173698	0.9703899460421903	0.24017486922301465	-0.3107573765928573	-1.3774202736885273	0.2319388068471459	-1.2956557753239473	-0.33627825878947754	-1.6528347611571694	1.0915892664326332	0.6074664359961495	-0.670345042706818	2.4839878730847684	0.3678745375078894	0.4382173740575945	0.43982054381971325	1.3366809177085335	-0.4267035387046648	-0.39760968020367027	0.33700723909968583	0.08861867156073878	0.5806429791419776	-0.644799587004323	0.9392112344438106	-1.0752626412536737	-0.26288135798382967	-0.1422964126071131	0.3521985843347388	-0.8156496439815237
DTXSID4022361	1.4484084638516803	1.0008420214541018	-1.237069556003816	0.414095468277892	3.5925298963006544	1.0603139505856636	-0.5976631592044523	5.419002001136046	2.8279654972091963	-1.8684195020807428	-1.866553801342724	-0.004404441046565308	0.4245139545510146	-0.9322071127040582	-0.35949176065435545	-2.527421210725086	0.7330294476668744	-1.2298808731104847	0.3663194068237418	-0.0003718459159098104	-0.3432028057785478	-0.060627039840873816	-0.16676036434260627	-0.2408040705070462	0.12464987728784048	-0.5685784309791729	-0.7397540751271026	-0.6131672685635471	-0.7800170440781672	-0.31605965898273874	-0.49354702025635466	0.8278358712176104	1.2150601070937819	-1.713381158640715	-1.0648100863428054	-0.3802926232657211	-0.8572694704930163	0.4179843098685747	0.0006826343958969056	-0.4575193552068909	0.28994849696281094	0.4578107663268367	-0.3220002481770686	-0.5256807253825064	1.1978801875622724	0.5676246335965129	0.4320093376553209	-0.5763314488386444	-0.5187567421068799	-0.6407376700586326	-0.010707792547197963	-0.5318015463521186	0.18562286777598166	0.08122823938001428	-0.7301770802342014	-0.5459527134400938	0.5854924003692124	-0.49972694982021504	-0.14694753503706504	1.2144184010529049	0.6232549884773179	-0.22518417137681798	-0.7283800281757714	-0.4712683321014359	-0.137065463068259	1.0502111550176945	-0.7660731247198476	1.1738730596164202	0.0803710312210527	-0.10182023781587274	-0.4032636341384314	0.06834114098464582	0.058026370623933586	0.1339482584920558	2.033798265993122	-0.3005887647553436	0.059036150948587295	2.045402064417204	-0.6088547762492554	1.0261393213954366	-0.23699612293877637	-0.6895070557921804	1.1627877117881196	0.14851501885817303	-0.6642041021102694	-0.8139544217189542	-0.034607075174204464	0.24996174539389723	-1.21629996020113	0.2713132017205938	-1.0311170366958762	-0.474904120457009	-1.6265113160060587	3.0735930401191216	0.573462358145814	-0.14969855692831152	-0.6905438559338867	-0.9849347366638375	-0.0789400660030315	0.26825959000489763
DTXSID8047133	-4.590918260416304	-3.2853698828999702	1.098304482719264	0.7063944486772825	-0.7267233573830083	0.1295505636072111	0.49793071850973375	-0.15137951735080513	0.6747131294739778	-0.7811772825854042	-0.8670729314484338	0.11222125580185474	-0.8221967738956601	0.33724175210655827	1.7324036742951165	0.06178006950021886	1.5403279245477888	-0.5093614834889204	-0.6896653049766449	-1.2061088061332137	-0.09526388967989462	3.5783573334219043	0.6995670442148727	-0.0458115122587536	-0.23829024750788988	0.25715592764584944	-0.1518545672067743	-0.832441804294453	0.5355592490965442	-0.5587500599888656	0.5816584711505681	0.0558544442016514	0.386815794310904	0.8395856377250143	0.025034667520698835	-0.1413122616392799	0.5347269525415941	0.6072445806567195	-1.032874174535973	-0.7686495156539149	-0.2075704058890986	-0.4188422296365717	0.008084421234098579	-0.3990855005300116	-0.008614046550848556	0.02436456067121178	0.3149663368236809	-0.6210729452260518	-0.013220272576339473	-0.4724384298046484	0.06460655498637698	-0.21532029004205316	-0.12124289210899396	-0.18894162242487478	-0.02479558842010817	-0.23310692055638432	-0.06240731383741248	-0.1905418981000232	0.3885826768426507	0.25968011341103414	0.009093688726266558	0.05252215902677477	0.16272893170978298	-0.7411870590108974	-0.3449930040594897	0.46549062402858377	-0.5945190810623401	-0.05835493077423932	0.4246482139902412	0.5574579182864732	0.05352759566389492	-0.4046893300967121	1.3221177047613435	-0.6330853522650125	0.5042438973024261	-0.16857344277178954	-0.6013421449436906	-0.0828829368030813	0.022316227970795834	0.058130599075697606	-0.5172129182545754	-0.2831570957925944	0.25879985992296217	-0.3349416544783487	-0.023620338974047108	0.22145626926039566	0.08313384610826303	-0.9332612542358045	0.2236968066903363	-0.3707138243205025	-0.08566651357311776	-0.3155068822685662	-0.6610922625717026	-0.6375202878617919	-0.19042426024455422	-1.3825000388252433	-1.433401063190229	2.8279157335325893	1.157252593833917	2.1720894671240667
DTXSID6025692	-4.69297609765673	-0.6392837981914418	3.5394352117549146	-0.4186167381379552	-0.6879545125766326	-0.6683351242266257	0.16582217993307852	-1.173621640466937	0.8286056279005637	0.3015036708738093	0.1932256610427504	-0.2699832553170116	0.2891487492185908	-0.4301130850243762	-0.07262472182706778	0.07403396054668454	0.6590095013644816	0.12086298651324974	-0.3014008021173656	-0.8843397856913993	-0.3357230408472611	-0.5343206903496492	1.717634517000071	0.07315641713855817	0.04134350950346661	-0.6627252764157455	0.32113483438219453	-0.37881212065965464	-0.012433432976257706	0.03896783986249502	-0.026521209872139472	0.9025126512630421	1.230011743427156	0.015488934279486976	-1.7222369242346232	-0.5619005907507232	0.7304458073353658	-1.2674344333241254	-0.6713253590362491	-0.7190165199822003	0.2894822028805943	-0.5026360869770815	0.18111480607043914	0.12430848184953516	0.25502224324997524	-0.7194925650131168	-0.7654393290852051	-0.27465067754987377	0.04728059971107373	0.352263416914844	-0.06608426069339184	-0.7479177149195032	0.2809601588363014	0.12809593973883054	0.2227396478645837	0.7058608864649006	0.5948474208805908	-0.20352430457568027	0.4808608861378222	0.7593388888397494	-0.5343586258568951	0.5510988433978473	0.1507816880912381	1.0376527208528838	-1.131715278289181	0.011641961908544456	1.1974070998202468	-1.1382371629744712	0.4637337701519759	0.04974649517533023	0.06292947512881557	-0.2733983045034339	-0.038090174505531656	0.44212159913107874	0.6909657469159601	-0.6099619660386147	0.2772927141259035	-0.11073154106934006	0.16198951417914434	-0.10604104934174442	-0.0007738730788848573	0.02696356437433634	-0.22397766176687303	0.004864495663053682	-0.07155229465224516	-0.11825844410093339	-0.03953502429380142	0.47163749529821497	-0.016817091458921463	0.07397439407870238	-0.42265600773487877	0.1967616827731415	0.14843405990388142	0.004551360565460567	-0.5645253085394155	-0.1406738995829443	-0.13585124777722402	-0.22012888002046338	0.13080742984525806	-0.11712163935350603
DTXSID7045605	28.34602076192388	-11.571717183809255	2.516196859510964	9.34039050334386	-0.8781763237608607	4.441885783404485	-1.3663494405387002	1.771861165750071	3.302871026806622	-6.827004754438538	-0.6417096240759999	0.34203419063665536	-5.010310222507089	0.059583034136866365	0.7996526282724852	-4.393450940319093	1.9469772783932904	-5.09617574838351	7.559126540987505	2.5062134861719625	0.5105248556520465	4.296903379713757	-3.4200390133716114	-1.238861564473024	6.741719753294606	-2.2946768678135285	-1.029535237107748	0.3427567854748072	0.06446820769209843	1.3461797964695013	-0.2848659716130686	2.0022901738473937	-2.8711167217846745	1.7656749931842477	-0.19473101354553735	0.6640450850529905	-2.1443944914196966	-0.37456324031921273	-0.5773251141166987	2.859805077528018	-3.2633957325200353	1.6603565729804448	0.14102598200975236	4.8301147129141855	-2.2307706512787453	0.5722542315234912	-1.9515889746331583	1.3339050906500518	-1.261350107873097	0.1876294816659395	0.2662961331543911	1.9920881286137173	0.49166716607763794	3.9459246397847143	0.2449809766248204	3.9282453616231785	3.1727635780741577	3.0808188709513415	-2.862841168236402	-2.668126968142898	-1.6686042424318344	-2.758379702830569	1.4507947902211291	9.471524658079131	1.2818722403085356	3.5433367348943383	0.22672490799506187	0.6973487337351422	1.4411851754460898	3.545518756780445	-0.10508257582249936	3.515647735570588	2.3611461855411613	1.422405914048357	-3.5123647398313578	-2.560825270656085	-2.6159094870313586	-1.4851612859322672	1.410353463046338	-1.3162126215767465	-0.5862020003405215	2.8534867356428326	0.45099894702560306	-0.47576730865537614	-0.8386098108418938	0.6351365799275858	1.704838798295067	-1.6498753931848016	-0.32475365948825946	0.46006395508708187	0.028009718026074826	-1.538334554907135	2.919493521801625	-0.561189979752636	-0.027769289726095457	0.20883341340640904	-2.1640665331303035	0.22213488625481342	-1.7175779208252593	-0.20126106447607484
DTXSID7049001	0.4350289643995081	1.2134530155080403	-0.5236164192332936	-0.18330085928817816	-2.9931373285669367	0.5758363315179571	-0.6968670356967618	1.8933429108523854	-1.9980500121580735	0.7664891960810124	-2.10372864135799	-0.15043233302820677	-0.2302118279756226	3.170613536546818	1.1558223977282907	-0.9714976133983818	0.011256345588050163	0.1628412898201179	2.1005475896991714	-1.0518993513310801	-0.7461474552147828	-0.7349088906597216	-0.7358920857292687	1.418378971577275	-0.4748565310069393	0.034829156828462986	1.6892134119229092	0.5958190191112466	-0.1548226309539743	0.8224061698824628	-0.6693438625986678	-1.036584865201095	2.5612518422966244	1.708555547199657	1.2088490242891738	0.38339785723316516	0.5027110193404055	-1.648254812046495	0.34459509173560665	-0.5941018029797378	0.5465584758305538	0.03532992480995181	0.2908529122503775	0.3771440652566829	-1.495106548126674	-0.4511486212561134	-0.6827830209017165	-0.9391473488198157	-0.25402391363195936	-1.4268525855011094	0.2163272001089377	-0.41278718122196323	-0.11186002994291215	0.15764554369298778	1.1558108506465852	-1.0385217039890016	0.5711017793507119	0.6100000199624724	1.1699707229327203	-0.675592142332632	-0.7188548469831951	1.1680529490509686	-1.239777280195002	-2.393395651727923	-0.5207451183881823	1.3735233959561153	0.26186531665468105	0.8764614684188976	0.33478065013239106	-1.0670301009058991	0.310633459920395	-1.7247105919110124	0.5283661354519401	-0.9586655159674973	-0.06985258366356883	0.06455522715789445	0.41342714804794334	-0.8879641751499461	-0.06327081893968958	-0.6039644448412395	-1.5993446690513644	-0.7879457169099364	-0.7333827920022331	0.6636372635570715	-0.5276117611553869	0.7327954074199339	0.6907776688961889	0.6220644725143117	-0.5250416565643992	-0.699723741779711	0.9663051134445997	0.05583715647747486	0.15834130856749146	-0.07896062581818779	1.4057116668790393	-0.017669809100324844	0.20210253035865808	0.2872593396373745	0.009445727843386698	-0.2074770519497455
DTXSID2026789	-4.730086025523857	-4.660544998897024	-0.3461501912973977	1.1049005937861673	0.24710480661668635	0.12279770950258032	-0.7494556644856188	-0.21865637107279814	0.7739983617174441	-3.014895517139916	-1.0180410561384392	-0.25276764226045845	-1.545315456795679	1.2898766594464255	-0.2089891938460673	-1.4882604020237105	1.2478681908742784	-1.8770976707687796	1.4309764961278804	-0.1253202894578195	0.7114776995412696	0.6062211803989629	1.602638486562154	-0.9151717827720838	0.8408473158215842	-0.8960539242993629	-1.2229789431852953	1.243727931351432	-0.2029239868502307	-0.5525420427981931	-1.646754618128357	0.29007607208229597	1.1189210424296971	-1.8847352504172563	-1.0600235794591262	-1.4069223467156773	-1.2682948431461607	0.3154700079348091	0.34233840711113855	-0.8320871739826884	0.7808063349409453	-0.1609038506862184	-0.9554947609058931	-0.9546465383467495	0.9790349414333187	1.6157458691821587	1.213814206214935	-0.1957830349782377	-0.46477801054855666	-0.5424594661974786	-0.10920966749537507	-0.17782070963991684	0.3166654253396593	0.3541833629508358	-0.1536214836706937	-0.8929642326961621	0.8853423442645662	-1.0032215713858919	-0.4371839692051209	1.4321008374449848	0.40294200921010126	-1.015951563366336	-0.814037243175093	-1.1048572882218504	-0.739669369720052	2.4805460673308883	-1.168520700975711	0.27265860759022315	-2.11934579950111	0.38740163000690037	-1.1731956891406154	-0.03973907924402462	-0.1944549884619969	-0.15272848663182326	2.7834348125689248	1.1837705234697817	0.32006681295662776	0.28455532825407676	-0.07776808606465539	-0.5802319271161799	0.11620411893136598	-0.18413299209511616	-0.6144944855849205	0.3770658839655722	0.5966036246841847	-0.9527048622105322	-0.9806686772435438	1.1613428813672086	-0.48387885723977736	0.25267327419944313	-1.2524069354876632	-0.7992413922374908	-0.0986351341299536	0.7814205111599501	0.3061139154321965	0.22812709597104652	1.5611388522605694	0.314223059179199	0.3959963733146252	-0.42794413087690136
DTXSID0020577	-3.811049071759549	-0.23003197390263758	-0.5795211703975143	1.8126207337046103	-0.4800508317428313	-0.32560533438014216	2.6349589017518156	0.5157525916511994	-1.4462818351042446	0.42472646984534185	0.030512415953231474	-0.4203668322414992	-0.016039343387605938	0.71646367446736	0.20343128041246428	-0.851039938508803	-0.2704257041499167	-0.221440006496451	-1.1878097790989812	-0.9466987796452595	-1.7270141308928586	0.17455609572846154	2.351791033834258	0.258118159045045	1.0715914849104113	-2.8057665734704234	-0.3930080240464997	0.22400569600279321	-0.12855227027423574	2.3062748318920496	0.48248234233373005	0.604708113095896	-2.2389227391516044	-0.20993180048305257	0.7530364793053087	-1.537004101395794	0.9645756632380409	1.4006562580463786	-0.9992762243363263	0.998475543536434	1.3430802221892304	-0.4365015187741245	0.6586308712222355	0.44677026919167134	-1.0192206991812796	-0.32198270690891484	-0.26175066168526717	-0.27187682230613813	0.4211191012029285	0.3163681393472486	0.24657355482868082	-0.4997220266958972	-0.1162402303122353	-0.8341726912977169	-0.612489375523466	-0.81968519827727	0.14860988337945963	-0.4816190883233974	0.5025785232233492	-1.4265138496711616	0.39539662408317583	0.41021347798117186	-0.4591978636109538	-1.0468164387346504	0.6515322908376849	-0.3463501337956123	0.22894735443885764	0.09722632479727604	-2.0732013398083913	-0.16174664598877725	-0.39161735646930074	0.6040520093759219	1.4124518227997245	1.0620521991235659	-0.534395126584897	-1.935999839225811	1.088487218219584	0.4083843707728578	0.018645133869390984	-0.667128733021178	-0.04798402816431287	1.0002280436632702	-0.3957876815754029	2.108357195449201	0.4034216348928467	-0.0823462033477203	0.05123264716992851	1.2804522054730747	-0.2783634251584151	-0.30542377310810886	0.479384427751664	0.830681485674565	0.06136983306817166	0.6953352624462978	0.4992109846947162	0.032784432241485265	-0.3256797152497883	-0.1578720149481523	0.389542389450913	-0.34228802482952114
DTXSID0044731	-0.9233135338698449	2.6613827084076864	-1.4553018406054494	2.8631519776501984	4.37327004128075	-0.8843126719453327	-2.3011051730904106	2.9785996233592202	4.042533653301637	-0.9120945126648937	-0.9478382750292359	-0.40216801456628587	0.380171847284323	-2.485794817042608	-0.5983972925186637	0.5997940866220958	-0.9670384010399937	-0.0054044961341130964	0.7433035028946927	0.1510630768154198	-0.45153244718949953	0.0009735684227517944	-0.9369732358156175	-0.6693574370744508	0.5779799921134493	0.4954091953956515	-0.6468738224836764	0.32858779677037947	-0.1996898529201219	-0.48985691553049016	1.261888896215573	0.17019678096360133	0.19396101617100003	-0.34171626716048054	0.21253900366951156	-0.1705526383406146	0.7647605880333892	0.7340511072917771	0.15942000010628465	0.7941151370550645	-0.38319520181928585	0.12954285654396058	0.1801614697596298	0.09646406036824495	-0.14422327997967024	0.33510973453489573	-0.28215874151952663	-0.8480026878146179	0.05360952958722622	-0.23971357457158865	0.0328736116418229	-0.2873653539361373	-0.5393977507171543	-0.07878814642394638	-0.21579554463123934	-0.3174438418728174	-0.3348320270851493	0.29155036280941277	-0.4972028332972808	-0.17886631652112478	0.26887872978034666	0.6650345420458796	-0.13924218993552687	0.39750831897804273	0.19007026471278315	-0.26786985442761124	0.01904431072221555	0.30969012415343333	0.08728167508564456	-0.4947589581353897	1.161357973934547	-0.9810048143558594	-0.10036031771324652	-0.35326350821032326	1.334510738126805	-1.7052517244247858	-0.14553666037634788	2.4024534784080958	-0.23629423431018026	0.6372660706211553	-0.9704865720661586	-1.2508491302012539	0.6066627606681445	-0.6246888118770475	-0.9557879439220501	-0.9714080604506071	1.0409267139503733	0.3303870535771106	-1.2888125390521035	0.2706047051641782	-0.10167873940778122	0.7114715706165192	-0.5254642957938347	1.0026305622803797	0.38425246343806396	-0.48501474351104973	-0.42618359467633826	-0.5005421166840459	0.45641453992063086	-0.1809379977798981
DTXSID7041091	-3.2695862562247333	-1.6477155276747102	-1.0066663558951765	2.244621560022444	0.08314958867110442	-1.3952585718048762	7.438956676198965	-1.9578626826089942	-1.075640673161435	-2.5945907419304697	-0.13840239616108424	-0.8014693114615116	0.2994372741815783	-1.1250850400081096	0.7933190422554341	0.12010746428811266	-1.5765476791728323	-0.0664083455773432	-0.20796777339603892	0.3291121215415357	-2.8798743182378868	0.06592988515260069	-1.0263188990593994	-1.397239420584796	0.464229699134548	-0.7111666960786215	-0.06274919882160881	-0.8341268446553917	1.5218023906534341	-0.23966945600417533	0.6389866773533439	-1.6556247390286825	-0.8518614498032631	-2.925158860404314	0.7959961028170391	-2.0724174030497076	0.3257332793684815	-1.6334666754596596	-3.8438362683986345	-0.9411709239048229	1.5719382368042811	4.531840373014314	-7.017893678351658	-3.937447709724994	2.489883934659082	1.1596009145173627	-8.960944224460853	-12.223441872990543	0.9628157860584496	-6.049825324571908	-8.98150561605655	14.576432008573917	11.072444508965305	1.9263445202452438	7.195992969561401	5.582619800859642	-5.9192109214721045	-7.9021172060057845	-0.44835450127833937	-4.76302280197252	5.396345465131079	-1.023126386624611	2.2955831076928908	0.27375492333452844	-0.09794538151651552	-0.352915095188525	4.3982071546051245	1.4964904613680736	-2.1394632976684345	-1.412037835755192	-1.5968066298731833	1.533581016669612	-0.9997941155953565	-1.7039534195242438	0.2972571303799262	-0.09107696672454234	0.13700742860179413	-1.6508197528644049	-0.6727456037725706	0.2843005732944213	-0.24520233528284424	-1.022581884627279	1.608652525187157	0.2707365267570894	-0.5482386418784766	-0.38439000901734977	1.2335900556487216	0.3135070742422503	0.4056882353990807	-0.02327319500416957	0.7575809873412955	-0.6039201306028138	-1.1248518563199839	-0.3023832884263481	0.11233329036438379	0.626783719146988	-0.5927589481484459	-0.4440384827740261	0.9759301888547196	0.3735744149565713
DTXSID1057743	9.036895298078825	0.5349688669195969	1.772239903203206	2.7550878778915044	-1.7382910328720895	0.24261474101151964	4.437347227204184	3.4565841045480203	1.3655876295334206	-3.2386729632350932	0.27082278056051157	0.1021093603468465	-0.8391544253684532	-1.043234066327934	2.387524959725803	-3.084632417017634	-1.9219961407046111	-1.8264796970063328	-1.1322778661754305	3.9659428053657235	1.2219276561543349	-1.8119542210794801	3.628024286389579	-0.44798820302753745	1.1662335524911944	3.1170988111263256	-2.9476808982867504	3.1245771346348326	0.28479068318210593	-0.70847437103365	-2.164497854695452	-4.007704639350125	1.847422062720206	6.175351168757453	2.038191916663733	5.295732506072478	3.323212051025307	1.266773882111475	-2.5090701322438553	0.7286473208898105	9.17878543706013	-2.346598904288352	-4.531942074285296	8.042215888845428	-0.9253497732931812	0.6439059098490074	-2.4424993717451318	1.944068208495412	-2.548812561231908	-5.316249398611836	-0.08973211086888942	-0.4977856586321211	-3.764748884148578	5.982926604752375	-1.7641262714504435	-2.6706235671036733	-2.430745882808475	-4.253784805880974	-1.8838524099944256	8.626415779084333	4.172847216760174	0.5339988780301478	0.5050199847283785	1.2107034168898936	3.1173394443396836	-3.336687359732505	3.0154797683076833	-2.785147993435856	-0.7316090205181713	-0.5746197782490362	3.9943810905634436	0.6637989702265422	2.090992946054416	-1.4064820271990555	-1.1383423144257514	-0.6107315245352313	0.2177919409343678	-2.1264724131471766	-3.511752958342753	2.0102297101839732	2.9264225271730213	-0.7583210710091057	-1.2566015565657789	2.0128880578650232	2.6468809096693295	-5.578348798321178	-0.9200743728246055	-2.572003842056353	1.8118988943183705	-1.04355434740989	0.46473109081492725	-0.8144828053091652	3.3464976510747637	0.5864512121678325	0.0509748913185584	-0.24581301292387164	-0.17538772884708725	0.15054019789331757	-0.8885615428074775	0.6848652489332876
DTXSID60195123	4.428456911486876	-1.726129943345905	-6.893687806951579	-12.75611635645539	6.182872657470108	12.105654610757039	0.4067887154360958	-4.68049434811559	11.37827547491355	1.189085405033255	3.9205017478286277	-1.6383544696368748	4.671459236247313	7.7168284511891345	-0.6656612961679569	1.3457172210202981	-3.2648258977319835	-0.6317334348966678	3.7312158278610954	-1.121837915270515	-3.8355786743623286	1.7068018131116527	2.2668984585775767	0.32037512808553725	-1.3079234098027057	-0.25308008687513567	-1.6916236009280754	-1.5030541599706693	0.028748257816498566	-0.5857397353149918	0.6596268390362834	-1.592651905639261	-2.67203256253879	3.396964738885283	0.19097061165175785	-0.9138112101340095	-2.0496593904175975	-0.07181252446745395	1.6256217056103082	-0.34721793982210497	2.0764805477977357	-1.3470323660887906	-2.0896731647695015	0.6746726531400814	-1.1507851874161914	0.533985721321632	-1.6688698252827558	0.7386641012993025	-0.054538658810663374	1.3062728997478779	0.5212022660057345	1.0858121589611587	-0.17692108431720913	0.8512794789224088	1.128381579639011	0.7787317272378069	0.45417591674709	2.339831571095749	0.12516553379630485	-0.19693477287201178	-0.06114986911374757	2.9032695001098854	0.025341986838656287	-0.6446759515735928	-0.9631488548378973	0.152122665729601	-0.7345590038952842	-0.9031412661302052	-0.5444810061291434	-1.2337329984145244	-1.4809447377168654	1.0318557533786197	-0.7020722346950073	0.22886914385924403	0.6166334692918418	0.28123363803059404	1.7126689415863428	1.6240196202149053	0.3841025320306883	0.787515334988223	-0.9219986585489421	0.7290024713263267	-0.45251937974328366	0.11164165589717846	-0.2166627226977995	-0.610305283962113	1.0400313645768486	-1.1557037266918058	0.0395026918134574	-0.24288298529177818	0.29349914067232646	0.44764416876822	0.09329895031237061	-0.35304794471324186	-0.26919672061237077	0.636621289344679	0.1671787243285133	0.15372086124289142	0.29395695677863154	0.06105485740113566
DTXSID2021498	-3.7848644780366176	2.31954145514036	-0.7415606808271822	1.8793600786431983	-1.2260325821796398	1.9676683877773151	2.4411435226249463	0.7115329445362624	-0.6876615563864963	-1.2754978697613617	0.5172186755718234	-0.6793623186880455	-0.724880647184775	-0.7117809699402593	-0.1733379911572404	-1.0005342527415308	0.3781233514924793	-0.2662814544015939	-0.571339614644045	-0.06951737042691597	-0.6436135649017429	-0.5823283731862549	1.1630511375028745	-0.2255970317506497	-0.314356387080264	1.708595042058254	0.015265063055983685	4.279693652858777	-0.1300734847395769	0.5479933436992168	-0.8932840214720108	-2.515161220725955	0.696638854007218	0.5054393893008091	-1.3677990481305675	1.4848562624648256	1.256798063857283	2.4055311386838185	-0.1611946218246887	-0.5319795621019092	-2.139955515788075	-0.015355666431347887	-1.697489671479493	-1.2669514693658441	0.4664081132846653	-0.8171801050464411	0.07518615403294247	-1.2606012654783487	0.2751411058229741	0.6033404522052479	0.5154275177557727	0.3933994159522212	-0.010874203944241968	-0.47337041272380853	1.652963545448473	-0.17695931683635863	2.4101976331913435	2.6154652015928472	1.5527179457461568	0.2165856436669653	-1.0212014229314783	0.06745587362479558	1.7415005112895205	0.8412064754136104	-0.3033938960278078	-0.6882702476152333	-0.2946029677968301	0.34620289070539084	-0.782472040533072	-0.86343905949093	-0.27821790149575554	1.2320765486167764	-0.35672706983736413	1.020112841483594	0.11323968913094551	-0.45837511019100613	0.14667103988221697	-0.5022543619243128	-0.7789823128902182	0.7535169053662993	-0.1936830280501769	-0.8231021230998254	0.09070211795760733	0.16708889389320358	-0.08607494243981191	0.2406294881651077	-0.32520558170965536	-0.21833887398627183	0.023581961765402375	0.11509650406725395	0.013353076827308687	-0.004442978605996761	-0.17045933891578424	-0.43278865839344133	0.6696799478517061	0.057477040077647625	0.134693292165002	-0.06738779179691153	0.27849976486107353	-0.005568323619115005
DTXSID5020528	-2.1997061482298856	-0.1289722724438221	-2.316766256019849	0.7525221354765143	3.448085486948646	0.8180285087574258	-1.5221322717427783	-2.7024624105987227	0.06126270552998397	0.7786530627675606	1.1017406635168212	9.436885120086004	-0.9967237735832105	-2.74571860999255	0.6477712262964592	-0.6011924136186027	-1.5436418651490151	0.17470262137174264	0.32983268696192186	-0.2758111418179729	-0.31790270768858836	0.4285129395109273	-1.0169071562053114	-0.1737728903554325	0.3758028167663312	-0.3622509311265794	0.1978768294262907	-0.35939221504577823	0.2513220949779767	0.025470637195230184	-0.6285090373580396	-0.1484524230366857	0.1814519639516079	0.42881330809653906	0.04783486034186209	0.3036097225384419	0.024319627126379008	-0.1448240232758561	-0.38390854335186136	-0.20172382624733598	0.2956397560258995	0.01419838324785286	0.01557334194762545	-0.43269762146405033	0.10244797546979269	0.05254729149748404	-0.011655487547660479	-0.39540604400378476	0.039442184987735676	-0.335454411181352	-0.17099848865751271	-0.3557804449095939	-0.12974103160580225	-0.21105037460048248	-0.2109111566551074	0.31244261051689354	-0.36588572840353184	0.1045581575396146	-0.08099929106070758	0.228614833148072	-0.3593587082962	-0.08925004631159808	0.09814654910631133	0.19634762924449808	0.04393896315904663	0.08981144058477246	-0.39594859461523174	0.22127987657938503	0.4433171901110299	-0.34670684336663005	0.2552400147406268	0.05525513816910089	0.43853876305701806	-0.002988814258872248	-0.517099680565404	-0.5404341781621242	0.23359859108180042	0.5492890740657456	0.7745536826402927	0.9320096295349247	0.17453033507773025	0.6261109397248381	-0.6186926325078064	-1.3339026745024676	0.4359515742102693	-0.9904778724194457	-2.2544342837735587	0.6835007133449449	-2.4225960836867575	-2.2138743011101245	1.1999090165260644	-0.9344298074588046	-0.15367507753448062	-1.0736588855963176	0.10089511961398756	1.4681849568844492	-0.3849862652895244	-0.279043225404687	0.6245350225864073	0.7425954417170292
DTXSID1047782	2.1643054795809773	4.97495632397841	-0.20000583730539012	1.631465231549349	-1.895915580358105	-1.2551477445181924	1.2500136464377136	1.1858737180751966	2.077071372571321	0.588852199174726	0.9049164159956083	0.03619428418306958	-1.0421145433234942	-0.10602457932737729	3.12741064574178	1.8996430679068819	1.1457890780887339	-0.8241667516427408	-2.448701122794641	-1.5520191677223474	0.44360640257207384	6.683220353271182	1.4690148054132974	0.38901495623015037	-0.6384595479766758	0.45690907408912584	1.261564991898111	0.625652140434446	0.9806491867714923	-1.0160658490633832	0.4637081361857193	-2.254366165396937	2.4702563416631715	0.4717571842155897	-0.3436616631761943	0.6093007342735876	-0.9300405099387075	0.0800414167946371	2.2596859663679396	-1.5341835893910845	-0.2295461463469491	-2.916437169345387	1.7449292410218913	-2.68668131267782	-1.9491344164220308	-1.2189957426717752	-0.547915797523361	-0.9622592247007943	1.1744614810905598	-2.1556511446209976	0.6398784606194862	2.6643823194622915	-0.712721174677014	0.008491156109412812	-2.432808585725653	-0.7754442047698605	-0.5347631671780573	-1.351058999601936	-1.6967513588504852	0.5184075303711402	-3.0735154223594314	0.495581287866375	-1.5474825563096994	1.0828981792906467	0.16691351699555565	-1.2286375016907365	0.5194423152456857	-0.08911275316290625	1.2928936976427003	0.2902957606324914	-1.6602299047157125	2.3297521163088044	0.31178080094392346	-0.45067968331511027	-0.9905343527944875	1.2957206071527914	0.09555162577477158	0.5720395148507339	0.42334944145416475	0.024949208282553575	-0.699715184983248	-0.728861274847053	0.09322666057440764	0.7290724769306389	-0.02116185955168957	0.07606795738255108	0.07437074225469566	1.5794869435257335	-0.08944083779574548	-0.6310665901125962	-0.07614966100280487	-0.2801001969750435	0.5104726360185057	0.5510103584454118	0.08049319029480669	-1.069407352835643	-0.2430969167260604	0.6386040160073987	-0.40977520266440665	0.22859793697276998
DTXSID4041444	-3.477768201945537	-2.486541493841433	3.7378945535365258	-0.2292274853259502	1.002059315537303	-0.26830343665891315	-0.36188277123755674	-0.4339639471523994	-0.06262252200528298	-0.3232288014487742	-0.3733069876590864	-0.2494398417383054	-0.04066127783991035	0.5462175731099757	-0.6660796887347823	0.39313840063108146	-0.09653737634589468	0.2614269544858045	-0.9564832470434945	0.1704639488352291	0.06293030165592298	-0.25909405308231115	0.9788369375640847	-0.3643169727458562	0.34036210862669797	0.9088692556955514	0.9806580005304036	-0.9940009549063126	-0.0017866826610772107	0.3099502780973692	0.6214203861253721	0.6150937090324372	0.20513787945598266	0.14783587010533525	0.40664385196323255	0.5515177958721078	0.2936180458583718	0.6613842792218674	-0.47726676771071697	-0.4968209824624574	0.580144906493275	-0.07376360831206875	-0.5676267703162302	-1.471285833938286	-0.10705330922936664	0.3723724448439361	-0.1580844977374589	0.6764741066091328	-0.17757422161693565	-0.1057277386606045	-0.09101318492995461	0.37877992962759954	-0.08859980122210671	0.13680844158711658	0.1979652144767441	-0.3652234093552225	0.7952280715393402	0.4049213963209094	-0.2132531051718022	0.0765536310315863	-0.14495896860360474	-0.43760874687719814	-0.16564753955374645	-1.0719718869518302	-0.25200691756959476	0.2908696290732014	0.15318383851489784	-0.050963743464680474	-0.1701789465124875	0.30286515841357803	-0.15996881851966885	-0.1631745007975611	0.6993962297000901	-0.40818762607840786	-0.29602924676092424	0.1068012853159268	-0.34558451542673724	-0.6901069084770595	-0.18382804669896988	-0.3960445503379077	-1.1786292095141646	-0.014165847059144908	-0.2540883543151032	0.1307594021511275	-0.018506124783049985	-0.08097981043035618	-0.25387339701483697	-0.2689647643087969	-0.15923523206005916	0.15531936748802166	-0.42099910072324864	0.0203669984728181	-0.35171955649155545	0.5863283547152371	-0.45163899847226463	0.17231833301025606	0.18022879574439207	-0.13171422493750942	0.1428583686033494	0.09254236180445305
DTXSID5046142	1.8829177332860632	1.3065636815742423	1.763200518719764	1.3533996212865813	0.8889411074417553	-2.1721405579530946	1.4017020837494092	0.8964357001201024	3.396931264473345	0.6752944603273661	-0.6507263037774318	-0.011094211414628925	0.3438163868988947	0.11505059762262766	2.996974669988682	-0.5343814277506833	-0.8065339046352298	0.46041094551665795	-0.2806959221340132	2.0120853125520974	1.4034078608985083	-0.4074849586563344	1.3345463909532431	0.7308217271389825	0.6421602458918307	-0.14820599030993845	-0.46255140281154794	-0.9958601553039864	-1.5178080635589282	0.2541015877538471	-1.6213302371692562	-0.7114235605273597	-0.429073848066516	-0.08317439522138577	1.9694162143952412	1.956590149455985	0.19479825825700653	0.11289945881686438	0.13380330081614195	-0.32647393567244626	-0.03107158277774574	0.16758927831886272	-0.5319302452981174	0.04187588719753749	0.9824579195683582	-0.4412648104610165	0.7556502411493627	-0.6190667907147243	0.01582660251978739	0.28695563399751983	0.27574019392694	0.16795595880087896	0.5463457716587948	-0.6895679393099284	-0.26811127636521903	-0.3207013512012164	-1.2611769125097652	-0.31728351698243035	1.0299015746888276	0.5360968607984716	-0.007522716743861332	0.6018918887161208	-0.10246561453165791	-0.27874684232551933	-0.06765626623122357	0.08203718443328853	0.24668870209740038	1.0783532332489263	0.7204209242369402	0.17143851431111154	-0.27281254112272624	0.911143223844008	-1.0162861352933665	0.7862494536072717	0.44857502953956513	-0.5545194051827115	-0.823964630418852	0.3354939256906819	2.5021274003268283	0.920981231969805	-0.5190780194703825	1.5874977843670683	0.12978690386276281	0.20347809546854917	-1.2345076326761333	3.638325292376926	-0.6761858879955344	0.9409131692131751	0.13187546453766374	0.35371770199019714	-0.44432186296989945	0.9215268954526097	-0.2707214806113521	0.05734520778378298	0.3306401184232986	1.0029491877839134	0.66435040471096	-0.2567878266567822	0.1991436479606297	-0.4773726343839888
DTXSID4025080	-3.377432069680005	-2.2505595532495155	3.676810854922441	-0.5751189745583779	0.9783602651627967	-0.0489690507515295	-0.8740386926913917	-0.22040421288720166	0.06684250357981238	0.21054198374609698	-0.17075383703738412	-0.09527996831236421	-0.22653026558821832	0.25252224077101626	-0.826940302584481	1.3001370772775025	-1.105605758047002	0.5118412307305783	-1.1641908338482791	0.6761488364764917	0.009938018266050033	0.044619345773737606	-0.5998892987882155	-1.0915517633919951	1.1461002085454945	0.3884497967650382	0.25681650139473106	-1.2149307486499745	0.06423106171755258	0.2356314812658231	0.482846021682971	0.855406191503169	0.30574851474053366	0.39825126638435476	0.7884268547214833	0.8059867008214457	0.4670855843098404	0.24744408592453618	-0.1952413279964679	-0.1774914120520903	0.37141159953206004	-0.4692969623709831	-0.6070764641093706	-1.7298457148964181	-0.30329819097561755	0.43813915467637465	-0.6525744528850351	0.9573842678850429	0.025652975600367386	0.08636307584834045	-0.16304722442827616	0.25450689562351253	-0.27403226844950257	0.15529497526338673	0.5042487628589026	-0.008713458647826577	0.5739389876759653	0.3236612165012709	-0.08391910484148209	0.21489573143358304	-0.567730783836558	-0.2466661629568769	0.27172742146872114	-0.5072561061474278	-0.24606511814034973	0.0504455722269502	0.2726037190714708	-0.14630196175109603	-0.09886444952017877	0.591939035533013	-0.09140903541490632	0.12126228765802562	0.36371977107338815	-0.06900338271533195	-0.19175256338727947	0.6941100556758986	-0.02832632769804406	-0.17649526524061537	-0.14810638735973924	-0.3054228449784464	-0.5690460596359432	-0.73448080157856	-0.13745946270396983	0.1724049987730171	0.14212630090953732	-0.29633856700490074	-1.2257335747186326	-0.14728698615579527	-0.6155226903188369	0.37892506768409784	-0.06883876540071503	0.9719451640256956	-0.010189694650653527	0.8010770057305481	-0.7416243015021607	-0.09299468437822292	0.2692597918632082	0.08691096279362262	-0.011152417580965022	-0.25214514748775063
DTXSID8027034	-2.4461001140411445	-5.48220915161144	-3.4205019439924995	0.04060370252933685	-0.7648996080280419	-0.7718173948061215	-1.7149001902472965	-1.1027335305035233	-0.08068335747730668	0.8332398474795676	0.7085065645738428	2.9909801571939556	0.5666370533861599	-1.1229114857600488	-0.7414971082098288	1.3233220120798384	-0.8104256033987834	1.0668537099615159	-1.2155719450950293	-0.7343691881060472	-0.39681864929855276	-0.3734459418687038	-1.0587220189468398	-0.5248041122663736	-1.2048456581314473	0.03387632476252508	-0.06689638353664423	0.7263602428726759	0.3764102599601276	-0.6703409829546281	0.29751891179060125	0.07238117874479401	-0.29470938889225684	-0.2988875267145404	0.6913999308266245	-0.27660884887786463	0.16925162906915117	0.019546945422117788	0.2684535333035327	-0.42056141008309883	0.07795949766438327	0.2178961954215158	0.225801241887185	0.13975915800738967	0.43383448522728113	0.2943313441877977	0.18459158780376286	-0.20820228547859257	-0.04963465307960962	-0.2501121638706016	-0.08267992487159621	-0.17328690846473385	-0.0814163543309017	-0.16307753195660574	-0.3495135669907624	-0.17442050926877203	0.0005738382495548919	-0.18658675344070022	-0.28765161664806466	0.5574125610173404	-0.48088436668493795	-0.14642412885922104	-0.17403139934384734	0.5278758015066982	-0.43066643897629886	0.46816850830344325	0.6039369311146181	0.3524150442444043	-0.4497943622101033	-0.9147200683101201	0.3077498939658879	0.3145685528026623	-0.08141410549387414	-0.08412669714861878	-0.5446097812840336	-0.6036818527469631	-0.9713417471376409	0.01162224437346348	0.49062934046792755	0.9740259646877656	-0.3272534157410924	1.0101711478754305	0.36907673346217046	-1.1061484430172912	0.44637712251826106	-0.8640841039136946	-0.34710865701252613	0.3256237319076412	-1.208507508343982	-0.44141562272085016	0.010665424830379031	0.059432975218961556	0.3142957842668627	0.003742738349778763	-0.0679386796984445	0.7217651052085419	0.7089935434511996	0.4052773066902061	0.20632292725701656	0.3517389484627333
DTXSID1032513	-4.301580982228611	-2.021601502719277	-0.9751372380763113	1.7190141561930656	-0.3950875610532923	-0.4982679741144726	3.02664392536672	-1.7613670499706389	-0.30403363747517087	-1.003441779247459	-0.2104310321846435	-0.14744042500925944	0.31557438585646225	0.20068971096515095	0.6628440040614415	-0.05754537407312372	0.6191319665696148	0.5282459920122469	-0.9972037742044748	-0.70294383471308	-1.4527395934132856	-0.9791726112551979	0.29498340621425234	-0.08607413725872246	0.3768738256382612	-0.7050661257165742	-0.6779653850998822	-0.6142107799426438	0.22095992647666213	-0.23380578107763625	-0.8149810190341167	0.2118729438838544	0.07692384446236042	-0.14213637193065828	0.9778218265083339	0.6475101274584848	-0.056694749105875235	0.6249309659540734	-0.06823502434144975	-0.07264017906332099	-0.46986288210751104	0.07521414544218805	-0.32705163737963094	-0.25316176791794687	-0.2325965983852274	0.2549248578310948	0.243286300463124	-0.366270036813485	-0.11110047640106921	-0.14027206581924168	-0.019579520443101604	0.06536894376705063	0.11151884750299378	-0.3518732658420725	-0.06032070436156233	-0.09432695791941328	-0.4489886192164751	-0.02054088738327998	0.0066482119551713025	0.03314010022278051	0.28725413065559885	0.021483126557035638	-0.199736729415575	0.20919748317661602	-0.008743961169142982	0.060888233143211755	0.16101858203300776	0.5922286509507091	-0.08742095696895404	-0.36532125597453435	0.44448906803096877	-0.15713727312561093	-0.32708961055924957	0.8037309190495144	0.0363442355724328	-0.35536395103967716	0.1462183466272004	0.00870017297660216	0.5713694331878332	0.15918030519269666	-0.28371966681469063	1.235579839289645	-0.7285205011203553	-0.828638500157863	0.3500707617979438	-0.45646007702617347	0.16852833138540077	0.15554369458629455	1.0368416488171641	0.5292573707570416	-0.17890234769760746	0.3772719880618828	0.07439066774815838	-0.09284437278387617	0.08868895640268296	-0.9024511905867211	0.10593246684910212	-0.34505029341692384	-0.3475190186417287	0.21906537869625373
DTXSID5045128	0.3868696780812956	0.16749835364635055	-0.9249797785192743	2.3887014225111174	4.108643266776062	-1.8124742361939226	-0.9869674607377572	3.582088626959275	3.1098996677142385	-2.4763113165930393	-3.078231120517477	0.4338011384153729	0.5504741846035348	0.8401742492846987	2.1697626201188314	-1.0180960699008323	-1.30254428224119	-0.2081556884608899	0.9166249138291775	2.96095043791077	0.6183259362532078	-0.8784677562737166	-0.9043980802900347	1.469755884679311	-0.9405877122325114	-0.1377682291073978	0.08121799881453633	-0.5501455268059713	-1.5717308628902404	0.30571687686507343	1.7568478590025034	-0.636898593169641	0.933799186272098	0.048019020753731094	0.4116599197963824	0.40811762211984	1.7425765094313808	-0.6715749337396326	0.18117859025574226	0.27268836427432264	0.044185629086242795	0.7159310601215465	-0.6488182605843115	0.9169914250367202	-0.6724423808359993	-0.16840770905806818	0.36678629784922434	-1.174366603312955	-0.44146808595467246	-0.586993831566698	0.06358233174895535	-0.25709262632406127	-0.9054159866809636	-0.07144672970627633	0.1157920156627189	-0.8899701035579047	-0.6838194070764808	0.32891902758118186	-0.5123644579245328	-0.2703453703058316	0.1719073912401921	1.6020486343003082	-0.4519424413370629	-0.3676630142096958	-0.5408550283271658	-0.18492535178536332	-0.15219303949117383	0.6220859629977109	-0.7085574476449672	-1.4265126273681241	0.5073776982121828	-0.7276488386510893	-0.8040794100220143	-0.30126927033065143	1.2986496946961714	-1.4820883319112736	-1.4952439931932442	1.639544032156968	1.7517357611704683	0.9950845612473017	-0.36075148154007103	-0.700516227381984	1.0323680363789447	-0.21673187366401628	-1.5973107512958533	2.894269810722098	-0.12491861876564658	2.2124495621036964	-1.885686878707336	0.5206829294789469	-1.4007837448990146	1.3427068754368021	-1.2069786613569748	1.1696817791356338	0.5526572573563231	-0.10101918165907059	0.39318099118079275	-0.5435856298459172	-0.1685148475874672	0.7433329997510547
DTXSID8022828	3.590133401693071	-2.1057678810237697	-6.282913239095612	3.326705900451581	-1.1394561432913854	-0.7964783356967258	7.51993683428014	-0.028774388779768054	-2.024063267366362	-0.425771093089934	0.5299605797742587	-0.4054847620274754	0.397575217734854	1.42977617062418	-1.844375666807573	-1.8341230837725415	-0.6467622068334209	-0.47033904529720894	-1.1341677774867587	0.7816392715879503	-1.8495195197251755	-0.22375320221160697	-0.6351636021070964	-0.36068422232375885	-1.2974419773094277	-0.20884248829824187	-0.1309031937698473	-0.8356260635401265	-0.09110848387801422	0.03608433639318311	-0.054154787186755926	1.0062240498745934	-0.16029594706716388	-0.6238438564820146	-0.36732221273395693	-0.44092516124658493	-0.12286196163579138	1.0560973259355502	0.8109982144583214	-0.8480203225089626	-1.4078798445498917	0.9335884844737813	-0.7299186543417285	-0.5045362601833322	0.6781621945179467	0.39492653371540354	0.5275554311465093	0.14777078193248475	-0.37014391629004667	-0.0765929908910607	-0.31108950101147026	0.7862141539256939	-0.9688185365103669	0.18916340758182534	-0.5227449564066361	0.08162741938365083	-0.5011549194077006	0.6828063042834035	-1.0385520966316462	1.539744420174441	0.41610833745741627	0.457444058596322	-0.23379349783684789	0.20082976002618533	-0.004336241704264922	0.19376143485991468	-0.11732008028371595	-2.014626512342808	0.7424605499116617	0.3367084988943676	0.05940173168046429	-1.0234293585635108	0.2589898781494151	-0.6432433149515175	-0.1812152091759414	-0.27120250615271907	0.17459454535263969	1.2430239104298977	0.44418532913931263	-0.4794632623486422	0.0014384988763958143	-0.5279609877007968	-0.6841059061984358	-0.12037227939204259	-0.31158370825528253	0.7093074271003523	0.4093268789921048	0.14740297871815264	0.3595060229076382	0.084907150424943	0.9131973811743047	0.14875646649283605	0.39951616945823415	-0.5410473441705428	0.20762197699610038	-0.026522480722218075	0.265209748652526	-0.7093373558873849	0.7814606139511256	0.43624695827986537
DTXSID6044309	-0.750976975323843	3.9781924881966177	-1.8755416979321309	2.0741041942970364	-0.8434494996597967	0.08687769335799843	3.4538176460933565	-0.17007115359232533	-1.0611601646292705	-1.7078621049462284	2.0187241851588196	-0.8066704180355766	-0.9054746402246153	-2.074493212492326	-0.734189874558939	0.7895959011376387	-3.0443828664563735	-0.8579884307559782	-0.8574093952201023	1.7803891720390754	-2.9591302257495955	0.02769049444645606	-0.5901160740521008	-1.2431954902088542	1.6831099128532552	-1.3473497564289467	-1.4718469401002219	2.200790637843436	1.656476865699525	-2.2855383411137025	2.116736813967397	-0.6178952041318289	-0.7437693465121026	0.335718346364893	0.2877853532416098	-1.199203442271078	0.6792162620311365	1.0527154660937115	-1.1406036304366178	0.3154926007812109	0.6917790815688061	-0.8359999185482143	1.3112273095245683	1.821877446957336	-1.1397346308604046	0.544139726247922	-0.3018176439744652	-0.7228563154521497	1.6478954619289903	0.7036602590481355	0.5635077823153156	-0.3837678900901352	-0.4459446139943066	-0.28798682193780967	-0.4658259015679187	-1.1433521934341617	0.7425535513846617	-0.642749679737273	0.6313859240440504	-1.54105687851929	-1.1534191569342753	0.03401528524022656	0.9409440436752864	-1.2219560224364139	-0.9430396329465497	0.2717717962795669	0.17144766253008095	-0.0822768168412771	1.374657072818705	0.9083288252337048	-0.023319778173982956	0.2965082226907979	-0.4325254499704253	-0.4194247609121645	0.1669790373454951	-0.543737276914826	0.16424608303519844	-0.3912788388984349	0.17160902909673365	-1.3196401565033509	-1.1129979987544636	-0.4794569812428344	-0.9451232515122681	0.5753576660250967	-0.7162363752283284	0.1535265199896106	0.1386524387428642	0.5688480880646165	-0.47848236755415874	-0.5384624828533968	0.6841570974705168	-0.14554206181707782	-0.31742036265701906	-0.2089525890736962	-0.35795458291027304	0.12096361633135479	0.3313687882324022	0.4187682302345896	0.7006228689581847	-0.36563978446351486
DTXSID5045883	6.301869145569739	-5.586980908696236	-1.5314049701370283	0.6235160637804853	-4.0052820505586055	-0.8811302577239576	0.688088054891954	1.6182197704876589	0.36958455376016386	-1.3152539494998357	-0.39378018116468544	0.48565644989064977	-0.44484703411209164	1.7073396994399688	1.1804449890500368	0.2293729006080209	-0.04597452787516653	0.5198808793348623	-0.10613460281207958	-1.3223492991837704	-0.7092277086404208	-0.7181078613250261	1.1296346098413539	-0.06376656914756115	0.15118757824329404	0.6830616960244758	1.0343533228377333	0.21558241391944935	-0.05453250940041807	-0.07633789928267158	-0.8106365447756396	-0.2998528557969969	0.2205857309555786	0.5374819141593677	-0.10936973381663252	0.00696742329876584	0.3801240844208196	0.1687191393844985	-0.4333098998301215	-0.2286167425166805	0.13670321720975778	-0.31180459884063455	0.19076438151284966	-0.2965532973723097	-0.12978362762836598	-0.061612173052113174	0.35503895294383864	-0.2671698441917534	0.17262197315073863	-0.29642837661627797	0.1234161171920838	0.14739510974850925	0.6312075882342384	-0.4368526567227223	0.2372158486766461	-0.6169819133431765	0.06662682855621221	0.23093966320645953	0.5467857726426077	0.04984800758384154	0.47219292659942014	0.31514829726439825	-0.6753766686519079	0.03973312832531774	0.029514236524652914	0.28987782246466814	0.4617679293328696	0.15183910150337915	0.1212345054799111	0.31351502031529754	0.14388188803027588	-0.33812626464777323	0.623005443400026	-0.8650440296117038	-0.26666450989770285	0.500692868968174	0.10941497619660534	1.4063649206136657	1.0363421651839877	-0.41668508910408114	0.3510733010930323	-0.4883362800593563	-0.1533696640017379	-0.3973008064252101	-0.8430707226497112	-0.11548242359532629	0.43206419353666664	-0.5071349911839327	1.1242120518657117	-0.5927656876966088	-0.20445148086885906	-1.1591360067131773	-1.6323023908710306	-0.4675533732068803	0.27897479633345923	0.6410522857618082	0.8842695113057	0.2892713293583417	1.4475978331392596	-0.12487250126772133
DTXSID8051542	-2.2585515511256333	-2.1037083024439025	3.030896601087519	-2.3933400017180424	0.4304810448592671	-2.149806382704165	-0.4361057773295707	-0.01826498278872947	-0.030919929178377527	-0.7576861148843108	-0.3834633263351738	0.46847672329152634	0.13813846295369256	0.6083784400296943	-1.180479286973458	-0.4313434829311802	-0.007870906969589146	-0.6256401043557893	0.5691955864984314	-0.18701993885634652	0.191702882086458	0.24237228216344667	0.45938272245319217	-0.2621172687834202	0.0819665123861455	0.24912167424931544	-0.22235851195493314	0.10783168549247499	0.17437028658327033	-0.04618341640592976	0.16656007512004836	-0.4239756223999627	-0.24128740285318973	-0.5424200205581472	0.21571081544167262	0.10717081700643014	0.12940518496179518	0.41548115891874865	0.17895135301400625	0.5110535139350812	-0.11199626683041039	0.05582651009975221	-0.18858233347840267	-0.026716297652970945	-0.1570584215950546	-0.02260051801032546	0.11564412659137738	-0.10786037418684401	0.10601864468038426	0.06605878086610441	0.10014193848456171	0.08810348077817959	0.09930837554413545	-0.10860677055826376	-0.0075161336546342335	-0.14971318557395025	-0.04746484970263975	-0.06342670241069541	0.1768106824067693	0.027799358203203593	0.21322280990478065	0.02100025736441236	0.13029603780392898	0.03941032756217285	0.09738649864798016	-0.1423825256138623	0.3049999650699705	-0.40536176550583236	0.13464179430031045	0.5170916544415575	0.4656439222888924	0.1767243450737027	-0.07149342678059885	0.03552461619509731	-0.6891501180705175	0.17690470551308732	-0.26510505124078665	0.3847222182640093	0.05560653190896287	-0.13029320208994885	0.09836197345175088	-0.18943003484823456	0.0640558409629674	-0.09999017871401514	-0.07857647360816593	-0.0372920271323905	0.1602518890155893	-0.04697595732595966	0.0033535290851493572	0.09665645033963491	0.3733036537316538	0.24015674525853087	-0.054002676647342346	-0.25973656719985155	-0.16878307526030317	0.01997158773550733	0.0015758597695403127	0.03773690801115636	0.006071817568268805	0.23090927192691613
DTXSID5035957	7.703890363389643	4.696588946562719	1.1363317371917194	1.303967473640092	-0.30634771760961094	2.8023191692469194	-1.0665140002302826	0.2596895708798095	-1.6568618971986928	-1.7093314388608394	-1.1928847292617135	1.9170521021160634	1.3816140603355342	2.546116564180724	0.010042055288814857	2.9188839657326104	5.47425821083938	-2.4151452974844654	2.5502579224236843	1.3567515048051852	-1.4104330245412189	-1.384905016500495	-0.5405195967134412	1.467596528147179	-1.2179569942519126	0.5799708672333845	0.6159687272396898	-1.5500126227380957	-0.902672284831235	0.44518270788485353	-0.45997180670771415	-0.2561429853171346	0.08838273813286548	0.18462727516358407	0.7859901858590908	-1.7409564065078742	0.012635515352385433	0.2980851745454499	-1.4528317672887254	-1.543451285973518	1.2042079859096828	0.5034588272366123	-0.8331572845114529	0.2383444410036112	0.7590796891405025	-1.6354935484111979	-0.12382211464124618	-0.8342310171530873	-0.3145733700543252	-0.783279455884871	0.28809288946264	-0.8989571508929789	0.014913655442880968	-0.2811815303249236	-1.8627526835300379	1.4271290896991544	0.13881685497453944	0.7318554442838295	1.2802203941341983	0.39090268404132666	-1.3565044380688178	-0.6159405158050932	-0.3251982328113119	-1.2881899846111722	-0.5092454568877336	-0.45027108244245573	-1.7517051742452472	1.2002352731137678	-1.3094169816941177	0.8964756330769349	-0.5976022777239025	-0.5213739347916431	1.0679432603479444	-1.2159594614886713	-0.8293327549270695	-0.7091631616795399	-1.646257460970397	-0.7529766471537882	-0.4025143806616107	1.3323016605712097	1.1919197691015215	0.5543687361889108	1.2127848103549297	-0.1748276579044242	-0.4070313544343137	0.2574742297167299	-0.28098487650798437	-0.7316877845358728	0.3552288723723487	-0.1150638887583198	-0.48711356515252674	-0.7918076709198157	0.19476862682547283	0.01988715241030287	0.11322392444757066	0.16242389406353674	-0.4105444017629421	0.4115404267570778	-0.05192544265858723	-1.1494603122627947
DTXSID8040484	12.165763484968716	-5.654633166739128	3.2497419433827224	2.9825171043305834	1.5322653574442975	1.5407255568166596	-1.2027718466321653	-0.5472649449211701	-0.5185037291876045	-0.931902337464821	0.3964499904623816	0.4524397400872712	-0.2308789696690955	0.8193275795265509	-1.6614518966265295	1.4035648639249678	-0.5782577258261404	0.7850172031285924	-1.8622057686445392	-0.19513728818203613	0.8258485720604958	-0.9414366454499348	0.01250094246793661	-0.5646736934624439	-0.013387497398791706	-0.17452206789261804	-0.6334422389500717	-0.15550875238965986	-0.30225951387514877	0.18230071889328234	-0.41916663897221396	-0.5520124731603349	-7.629215713316842e-05	0.5090571911542765	0.03744359452844243	0.615971842424024	0.2240982864650575	1.0157013567075923	-0.49166000991490466	-0.1525257021773219	-0.1832712765110233	-0.33584037995431476	-0.48427520751689346	-0.9981468256076201	-0.6987029115667772	0.16833670656411373	0.09271250414255344	-0.059268401943981384	-0.17181983463302933	-0.3460869354671747	-0.030086867035083866	0.20137274629186755	-0.2577943997546321	-0.11268412085435449	-0.19174108464736384	-0.15957574730273344	0.3844956653513267	0.1936129851283545	-0.04704741283346792	-0.4082357053602182	0.3916180676593498	-0.18967537233183485	0.7955607132822087	-0.6515661929724031	0.12321772832948351	0.2914187663421266	-0.32335700301299714	0.5589713668867597	0.22915405160058175	0.3754976482677695	-1.0277601076789924	-0.10632447650011366	0.8362976076438552	-0.6656589581848469	-0.5432950887676328	-0.26406674727427015	-0.2739782648753235	0.682545282947592	1.062848780366081	-1.4545510985910197	1.3579367576315622	-0.9232026708867402	0.2436851128288797	-0.5070090314171058	0.029980845008657966	0.1070703394840882	0.30264896017416115	-1.0219511700153903	-0.19427102725401493	0.528182450335622	-0.23154661389009074	-0.6366421106883167	-0.1415601379368388	-0.47612574014786946	-0.7169742069426114	-0.07605466758076185	-1.3808123029627684	-0.3956643266062554	-0.8508936979284398	0.14677007840200362
DTXSID4041575	-3.470069939377201	-4.157608666162129	-2.8760437626758524	-1.4785216068282825	1.6715555486895513	-1.215805117633711	-3.522168369093396	-0.15091148233632945	-2.513939254862054	-0.8927442658489659	5.294128928957657	-2.45200951746864	2.246543796541292	-0.3982879284246329	2.343198922645262	-1.5904584231475989	0.94696709988737	0.79481706310385	0.11170017305791045	0.33455850141151894	0.0724357980759638	0.5481932657829486	-1.3652169747360587	-0.4748789936013868	0.8418725111387863	0.5364610182835357	0.19667126257905543	0.3792869022577873	-0.5480326665815395	0.5014656772840624	-0.4472216344822112	1.0543897850604036	0.3989339387834734	0.6660691173662181	0.4111618444084718	-1.1323664041927342	0.5657625676136948	-0.6522475617730901	1.0093673722988268	0.2680733056247935	-0.7106606110187141	-0.26771940395458493	-0.860221650369052	0.04934855633246817	0.0537081386915992	-0.03960027546760834	0.6454628624364335	-0.37170253226374206	0.25322262806763096	0.02905120873780154	-0.036533790130574666	-0.20071470717400572	0.17936172957200697	-0.42712308595355253	0.6310709550755584	-0.4741193027020743	0.1808365951824033	-1.337292434801248	-0.201818018276879	0.44735663619080634	-0.5895740347828851	-0.8207523023979314	0.30123438997403756	0.861245909454407	0.02050714717873536	-0.10997667563166805	-0.4254123221666502	-0.3143921791458516	-0.2785668445027041	-0.3968575181391483	0.783657191359954	0.270522817740334	0.08491547814561481	-0.28538576317181685	-1.072841779987681	0.3280857158941548	-0.10666015768150004	-0.5668425599791694	-0.09926250843852337	-0.3572530555446961	-0.015820291880254193	0.1423412477631172	-0.04042470066186688	0.05577288633570655	0.5380289704478611	-0.18272644093333884	-0.6119386208994523	-0.3692045950936996	0.028534940721141443	0.4261005733537669	-0.6548947848734382	-0.2233916769591705	-0.9994434378499812	0.8910488601043279	0.1462762111510344	0.644241777240482	0.362339629979771	0.6062070374511271	0.5758512514569718	-0.26692033444057317
DTXSID4037582	0.3534646064283062	-2.197674923121394	-0.7238089907142464	-3.268167447805242	-0.389157190739703	0.8514267838992529	0.8141524718447611	0.5747779317365208	-1.1717850546797726	-0.08615309782249128	-1.492157968042175	-0.20458243415385835	-1.7706131838405041	0.04725882726427654	0.9016572964550176	-0.467095702302256	0.8040649583141639	1.7645898599562393	-2.6104235489942744	-0.6522118457436278	2.261456784927736	-1.187455692467843	-1.5129695704132373	-1.2025558977971609	2.179173406190538	0.6157272960319751	0.5194030713566598	0.4744957584558197	-0.9289011251873323	0.14067110771158997	-0.031888280112330955	-1.4396191323069356	-1.2277478106897817	0.8790834272602103	-3.4884981661301064	-1.2426922769850683	0.527985787858413	-0.08415732937457086	0.7890892929548134	2.9948153159709494	1.5352499200024354	-2.674815273704492	0.1460150446122577	2.419467988310933	0.9118039517252429	-1.7831899345786848	4.390833634158543	-0.8446415729063487	1.4139416779861809	-0.9836142134103376	0.5517344456590902	3.192052913326385	0.6761520025452241	-2.0592612900858462	2.25819508164834	2.7334162187690496	0.07610612355011674	1.7305885781594503	-1.450716082502466	1.2896096839186213	-0.3155645714972253	-0.5970751107411052	-2.9726906506117166	-2.363953947896208	0.21977509040097293	0.6099194984649217	0.7274996938453311	0.380320480242411	-0.4666644601767391	-0.3014220555890726	-0.6273967946434779	-0.30507070098886835	-0.06211235169768871	-0.35588752501893983	-0.9882432410695757	0.6746818145288557	-0.5254325458114318	0.29599190863307057	-0.18923674054004797	0.546838380426204	-0.8525558427264701	0.4868949110350885	0.2868559313865989	-0.5949414884997934	-0.652509875591839	-0.5354581013367903	0.22988656079391961	-0.5788208004254773	0.10610030102048185	-0.6645491081416273	-0.02611443299201013	0.06764717260080677	0.43832458254251616	0.21325620914749382	0.15629047361224116	-0.28513294221560476	0.40582902300610696	0.5096071723743912	-0.6208865985168955	-0.7760695601131611
DTXSID0042038	-1.6620601701844036	-1.880308236747769	3.3850664633929832	-2.740118819039824	0.35787921224375735	-2.4071246152957255	-0.3640712008747225	-0.01707941751720078	0.025820352387274342	-0.6928628052380666	-0.31779459837482354	0.5391189697546831	0.2754908433301187	0.48394232848905505	-1.3586600087449738	-0.4838016554116859	-0.021465230338080187	-0.6748437108282089	0.565986656002602	-0.13507807662027202	0.16904835308556446	0.2823886306930337	0.44989849481288097	-0.2361730506034352	0.035492609593884866	0.282268177570469	-0.17021824443515324	0.09285800197601439	0.19027081478151658	-0.008307993317109288	0.19440233507542093	-0.48495978767083114	-0.26737845745335365	-0.5318450676223628	0.2190946060324405	0.14602723422212943	0.10089775182046735	0.4243970466019842	0.14817671514964126	0.5150111886348301	-0.08265435186685603	0.06594179142353938	-0.18661892029750815	-0.04506212070448543	-0.15130527317109746	-0.028738601676194683	0.10659368123274651	-0.1367311948098488	0.10744741783536545	0.0322239860763785	0.10580097733439418	0.07831891293830921	0.09065225033895165	-0.09633781740716692	-0.02086670741232945	-0.14129233129313293	-0.05343237834644068	-0.0360846760731667	0.18204816010659197	-0.0003736756520665124	0.20632996712752716	0.017195730092084683	0.09854073020825829	0.02165898258682345	0.11809215602624504	-0.13239523323213157	0.25499595894681565	-0.35327405696107606	0.16059469078925234	0.5157519696801462	0.4705422799120408	0.1524042908577256	-0.015728688554431974	0.05066869233151225	-0.6490208708577179	0.19355003705766063	-0.2145386813851872	0.42667370584011005	0.09437594579906648	-0.10800573613332388	0.12295646699024315	-0.15886690107571622	0.07833519884806367	-0.07850628933642927	-0.09188691911171017	-0.010716439520792674	0.08378404637165729	-0.10958463115335258	0.012258373467387815	0.11334279520558531	0.38931765183859224	0.21362972549917142	-0.008605034059411364	-0.197954786104453	-0.1947950784320454	0.030499236261529592	-0.002470309696926659	0.009923030379708842	0.03225876699386713	0.23361100294942438
DTXSID7021312	2.157619073485102	5.588554875692795	-6.05056426260765	0.6650933114445295	-3.6800749181179704	0.973830356407411	-0.3519126111939458	2.7187390377493053	-1.532559779424083	12.703550963023503	0.5332523535037461	-2.4173103124114808	-2.3689570032246214	4.805547686165835	-3.7315682627151703	-4.373710511685147	-2.7400929469180157	-2.7412270120530033	2.427760251835802	1.9899575700545067	-2.311284469627284	1.4883780745704973	0.4947819079669343	-0.9447651300902865	-0.8485953685157017	2.8339469984876495	-0.9501616573423128	0.8313921462845961	-1.1028502842303423	0.33709974393856984	-1.8929397739024512	0.7759287833377416	2.420967918343592	0.49375357137222653	0.887803269945556	1.5290495386331713	1.4738091723531002	0.2648186918404412	-1.2909115945930123	0.45816313523573643	1.2575073780226969	-1.486024475380092	1.7490206126526304	-0.17157837390141537	0.6772162384564084	-0.26626574802687325	0.31211905535754647	0.14540600411404647	0.07221876601560064	-1.3893830614816352	-0.4988353697223253	-0.21059610909718154	0.6133268755513145	-0.3531861666145731	-0.38512601045347605	1.3431038000685616	-0.5528935652078828	0.2584044946439384	-0.09326849155206074	-1.17807611705152	-0.35379677558799394	-0.17578975416943807	0.13396652493611402	1.3020686158378632	0.21720184762931993	-0.24496619426981306	0.09283066831202887	0.9820537293254881	1.152526878249301	1.3482436353434462	0.3622916309889719	-2.226462732489574	-0.3485557982130978	-2.0159669753661373	0.3259918735140468	1.031079586601111	-0.05133676078348547	0.8578571500585354	0.8931482842469676	-2.5662388841106822	0.05741732448498052	-0.9874038376818824	-1.9760253592900536	1.409720014510487	-0.5240203715892174	0.7408588645147846	0.8684249296750522	0.4213324290873957	-1.802918364101314	-0.7959521644440474	1.0459401542238878	0.07709304946110322	-1.6252416123403355	-0.6228871707698445	0.5431307562494504	-0.0780621761126244	0.888032768483562	1.668557351603217	-1.7192989364418687	-0.35673299311447787
DTXSID2036409	7.997802091388035	-5.16321703355089	-8.037836289976585	-7.052618724195771	7.3638412622735245	-4.05296312637467	-7.162075062074647	1.1398433687981833	-9.798194392625645	-0.6165724382510137	8.14480290523646	-6.149638468105659	-1.0194277620952223	-3.21889385550074	8.772912995294396	-0.23957110901867334	-2.814935036632152	-1.1654447188386106	1.7380351916174586	0.8585091007617526	-2.262303728909497	1.1070805234087109	-0.10788082141823224	-2.0968497547223004	0.1315349543147351	1.2393908184689089	1.6684393871657095	-0.7484543194434525	-0.4177642904616275	1.340180022309792	0.12561683001535776	0.11201579616803502	1.0911761856657498	0.3202891727780276	2.0946266039934742	-0.8139223054310681	0.424752837575027	-0.5351876249634442	2.161823231046217	1.4445627581725984	-1.3472618623702175	-0.6396873275283805	-1.760614372316178	1.042206854578062	0.5586339434515897	0.18737518251210264	0.6880256892609374	-0.6622718125248187	0.7652799537796464	0.7885784725645291	0.22754202487436284	-0.11405618624505258	0.92580057102526	-0.5567154156517933	1.5884820105341424	-0.5647205307673785	0.13502354440291725	-1.9615200894601923	-0.368086725724666	1.5342214983691695	-1.736491118508603	-1.7159949349159442	-0.05900537980905766	1.2276980704032796	0.6603671890855064	-1.9034186857128734	-2.005136652131856	0.7175988115899319	0.573974828220102	0.2572111297175081	0.2370264177165193	-0.6258832737642838	-0.4951956926870546	-1.4838018770898023	0.45714442959829305	0.8934102901789258	1.614802537948496	0.503566497042467	0.3862938114039421	0.23522843303172486	-0.13223061132071065	1.0966359657590026	-0.7559560796192362	-0.3845795769812911	-0.07618131506225202	1.2378303810467388	1.0532026544823931	-1.1906327967486128	-0.9936556259709327	-1.3940972798528528	-0.9216303503464769	1.4333037926123569	0.7661717488183403	-0.36051570479436607	0.02262992892217245	-1.6388226772080345	0.7534089081041374	-0.19250337132783724	0.7832124296328584	0.40722598891385414
DTXSID2044680	-2.0123871368897452	-4.103103943941181	-1.3605242898755707	-0.503007406368025	-1.810230474457049	-2.313384255685609	-0.18656197810312325	0.4031804667189309	-0.7084391846548176	2.7303371230694333	-0.1546072017469075	0.21132735481954548	0.047540544254697066	1.4546371357469547	0.2952233523941917	0.8680026689116402	-1.3492636826961957	1.0227775831319932	-0.4319206560896496	-0.3923028987648405	-0.2495096242089198	-0.08203308554219317	-0.9654683812261305	-0.3989175590427778	-0.8507930677386056	0.5463841804685654	-0.13714464543439417	0.2741800216584119	0.33821177812680964	-1.0566922392608373	0.5940476351434757	0.35651117495384493	-0.8850695460081857	-0.40942297250689647	0.01237611508139804	0.035714265629950205	0.18160914871626838	0.5863066032729777	0.43024310602255983	0.04512517309613615	-0.038513679773657904	-0.21145413468975638	0.25509262177547687	0.29036637575459096	-0.12153599842310386	0.3711514380508876	-0.13907612408849562	0.09396564245626252	0.17064155107648063	0.23746703231058536	-0.046809355173804676	0.11345697052602816	-0.01947473030315791	-0.1626934416182469	-0.023868270531488708	-0.2017175261272276	-0.1732397656725784	-0.11782730786452889	-0.21510906291349807	0.25382488735176634	-0.11189224348843672	0.04549455870565844	0.0901905980686434	0.2907893703399563	-0.5356065871800499	-0.22909203996025893	0.9566217705799657	-0.18049455923304858	-0.5405511821665425	-0.011530528198039307	0.06500953282466297	-0.09236566173483239	-0.6102519704965033	-0.12007820563320291	0.7783711598814631	0.6485204901568425	-0.27311840087035977	0.5575538406125605	0.12060855247305179	0.6488059697231066	-0.22243904173824508	0.8403614376070042	-0.0043317411537696715	0.2214036058268541	-0.1281377943820974	-0.10362988165670037	-0.08711509096694833	0.2457877296013474	-0.025302314165575778	-0.6085830565971577	-0.2139615303506853	0.8394933994447568	0.991606757263615	-0.1397425306034531	1.0878941472986081	-0.6131704982267243	-0.1260211654250798	-0.3845565454747123	0.621484528537561	-0.0628234114955981
DTXSID4046157	-0.43340118316194015	2.470792267168193	-1.9456834253408086	1.3614214366701463	0.15012744211077123	0.7319942643380396	0.9993205644204772	1.546245985031833	-3.084409256197133	-1.789076904794083	2.9496829940296605	-0.8243099252538613	1.4291221116514676	0.1196969411730644	1.0172792048324	-2.133067604356	0.9954742121790551	0.11263835453440797	-0.27216456497297065	0.27513681259131717	-0.8046712994879268	-0.7421918638985247	0.5997941581063558	0.050872946644940936	0.0018525107423865914	2.4531515480834063	0.0979632442489053	2.8102430814281334	-0.16704948806462433	0.3202820767427283	-0.2526171277262186	-2.1739731836050207	0.7225369216137103	0.762109378304332	-0.8110919281959407	0.3846236768745598	2.090602074608211	2.5757321085193667	0.2109289583685596	0.06233827651740729	-1.7713597647342358	0.005426154136437409	-2.305149409275073	-1.3314381826296664	0.009880939022743764	-0.3186273798302031	0.08017164918644436	-1.4020887222677174	0.1392737911773967	0.4571772709902121	0.41608999021692705	0.30140443452877747	-0.42323473201224326	-0.7042988378505759	2.1532667197948756	-0.7833396363970694	2.7515050548479247	1.9587541079453685	0.8776091369182452	-0.0009035185257069137	-0.6955464815360595	0.04404521989210226	1.0109899348229947	1.522403313433921	-0.2734579995378331	-1.2393710067036336	-1.0965251567954295	0.7334929816596465	-0.9862366885091931	-1.1946247428326668	0.5877165568000889	0.2800635568769456	-0.18720795841541535	1.8139009846818184	0.7615737044586722	0.6951211021822041	0.7505051758750684	-0.3581998838524158	-0.238515341709821	0.5056574736270041	-0.19614412397512693	-0.09687626535368543	0.9081821171505225	0.8534940366760042	-0.08109877484698934	0.25592523106009135	-0.3413809517696995	-0.006838483502397963	-0.8179789794892215	-0.3690130523343419	1.1853542936600525	-0.2756808356822136	0.08610313032836202	0.5761270594518507	-0.7637199473521072	-0.1349632093140666	0.10383172723188204	0.4118707731092565	-0.6182237233224944	0.04122571160475487
DTXSID3047681	-4.106636483391845	-2.9754522370580645	1.8983519853938107	0.04036310248814701	3.2715374725493263	0.6337454919578343	-2.3797141822466057	0.1914652450301882	-0.7427202439998459	-1.191696614760956	0.11531571852702119	-0.5358452251476016	-1.2038192591762802	1.0821496920051765	-2.8481629477745014	2.270478526615763	-2.352385824832699	0.09464907468431331	-2.7676953664758095	2.748298352424754	0.6059371038917623	0.15694588415215618	-0.28046776621594294	-1.4795392166173025	1.22263075015486	1.2033354171980586	1.7866258224241138	-1.3669621527691833	-0.15065702072028736	1.110641198544667	1.1837669170694018	0.9569753019403171	0.30376787305597275	0.7879514601283628	1.2503139171837674	0.9853759729741064	0.6601637908885079	0.7069702429662073	-0.13944329346617418	-0.11311328127341574	0.43519681038291824	-0.7385611177992342	-0.597311930905755	-2.4908995863580876	-0.14475974184118193	0.6521086056451986	-0.21444348713181327	1.2555075237096358	-0.248603266626116	0.15100812628058838	-0.16036807388557262	0.7191172574330175	-0.3570037148338252	0.21846461411872048	0.9154172908206876	-0.13104059299806647	0.840207090403524	0.4163732342797231	-0.3345064071454611	-0.2451631594697735	-0.3720568094610739	-0.793120279085257	0.10154228894040936	-0.5418323101254934	0.0017861111764721882	0.5998209307856566	0.598371851474072	-0.14846385559218958	0.051084678885642255	0.32767665980744765	-0.551384469186374	-0.13781364560674858	0.5356964567704599	-0.6214625494657862	0.312118747325751	0.23305618022700444	-0.25283109795221476	-0.11872937793791165	-0.06296734905898443	-0.18953614789957476	-0.3315436158374888	-0.07005588634353872	-0.294136572085607	0.40078088683682406	0.30546692396229275	-0.08173269839876832	-0.24287612503507733	-0.3352816145836688	0.35841000699069603	0.09877297450395314	-0.10627658179156552	0.09908676403905768	-0.20567945012363115	0.02478121583714553	-0.24310154381784901	0.22218519604044346	0.02013964797264469	-0.2840369127872394	-0.23494304566519877	0.299185179925629
DTXSID5023166	22.391302933853325	6.390918939438444	-7.157037474791511	-3.3063538756474626	10.529589162495231	-0.07913985100435633	-1.4042505142696229	14.404488551894833	-2.9303698178869575	3.36912055587989	-1.142937879343875	0.36138178925476633	2.9609940463317126	-1.8486863305133632	1.8958415144939187	0.2060690207221826	-1.891789089518294	0.17990818074376014	-0.8821470987711952	-3.0184434909086235	1.5809318446579033	-1.651338668461912	1.4668119697577089	-0.5658247452791556	-0.8730829869245875	-0.9286251089703272	-2.548301679430252	1.6619158761744315	-1.4348087208226283	0.9401583803942887	-0.6638419382123009	-0.1015076253705174	1.0222721799368062	-0.46629694741894995	2.64778659920471	3.4186921286239396	-2.013011733663738	-0.6986114931621663	-1.341112021136024	-1.0862942266650166	0.24962096854282176	0.1993244937113542	1.3292566928398732	0.8152382725825169	1.5586009747373049	-0.9420153366419264	-1.3991695082695466	0.6232044208174089	0.13823228168058802	0.35906484714037323	0.3653980741398141	0.21735829455471478	0.8991949736301665	0.35638042849525514	0.4289906303568321	1.2248388838051403	-1.069692908367922	2.152281227506185	0.955975745282936	1.0430353168128437	-0.01739137020438351	0.7064063809619964	-2.0837441681903344	-0.7483737739403273	0.008508307616397596	-0.3232610344633568	0.5534840030337392	2.958651604330905	0.12182329265914191	1.6852940614427911	-2.4367459939245975	0.14430667335620245	-2.571160317122678	2.5211115152574886	2.6586806967843772	-3.7923584323643693	-4.74822763425718	2.598841628105226	-3.1470332662258738	-1.0080133544222565	-3.4905249280021837	-3.188458580022312	-2.4177881181385206	-3.0965613257967397	0.21967267654361144	3.4219620479360087	2.391890025826098	-4.5282005231994935	-2.5909025424518486	-0.5732198062901834	0.08805838299397295	0.34558462012629054	3.080401525910691	-4.569906785316519	5.667646186485645	1.1390439117270967	1.194252641758698	2.272859793792526	0.009165719143006446	-3.2205166551789866
DTXSID9032581	2.5351063131276086	1.3565203704086402	0.8634041109994678	-0.49691556019172833	2.664293964026786	2.41111018796903	-0.5184595623373826	5.449148383310633	-1.496627526926378	-0.18500341610401516	-0.5540540139693173	0.7835385338066657	1.0961911499937176	0.7763970319339039	-1.706520294238213	0.42570003899105624	-0.6948024522373223	0.29955560522709607	-1.0997583302598886	-0.07700082892143865	1.255121859769548	-0.8843802632712944	1.2561733100955945	0.15791422381775133	-0.03187282740139741	0.7074708458600487	0.8465657583224777	-1.338161657663401	0.15882519694217886	-0.14451560052449153	0.8753133191270717	0.788365506949059	0.4781804178951536	0.33525352879693426	0.9893149440139629	1.148810852099702	-0.10317743607510171	0.8525533613617855	-0.8982946649464496	-0.7176960110884208	0.45424067639140847	-0.4063518899197422	-0.7211373648644653	-1.4827634676788906	-0.10678562017292238	0.6568113578597364	-0.22518381630409337	0.18215285575294196	-0.21679762022002871	-0.2685379262198529	-0.2278674614860412	0.22445713162836944	-0.24048148466408717	-0.02462819685614135	0.13015824437590168	-0.030929845825464562	0.4103313926259314	0.720417309725165	-0.8426478535922836	-0.25726118968714223	-0.17151066461547118	-0.40341664322909315	-0.004050460162256211	-0.6124477679587914	-0.4513312418023261	-0.39694894888303534	-0.1710901996873914	0.8619830810549753	0.49362536903253496	0.178814198120309	-0.29127838198340544	-0.15962526706782304	0.47746985957263494	-0.5645598913787742	0.7353036127590181	0.39157605380607324	0.03330508307660837	1.077397327204621	0.5268408412859038	-0.2860242803345021	-0.7551977071689132	0.3897318842447964	-0.1466716980635988	0.47933145376330977	-0.26429871184843634	-0.2831271739085802	0.3246640082436973	-0.32593139627518586	-0.2669804677707293	0.6052375187760626	0.5456054375681613	0.4619808317819295	-0.08165303808443101	-0.2065706996933763	0.24631930752329545	0.7060509950173779	-0.20407232387962954	-0.6060359221504438	0.21834067080157402	-0.3250322617693563
DTXSID6020226	-5.969975184067761	-4.052917097460024	-1.775149310983005	-4.640579442131875	-1.1780764949536804	0.14742161348493027	-2.85642879997097	-0.7853669681562874	-1.5062443317805	1.1735773255028392	-1.2819451348974695	-2.580988035578563	-3.5198621621378616	-3.404703810807928	0.13576937491225918	2.4909125799921013	-2.3519496185491007	-1.8276990465101772	0.6893933812174009	0.5341494192280948	-1.8613700197433218	0.320169891137824	-0.806673588764149	3.2375876379282396	2.2416013467485256	-0.408030360905951	-0.2667290599950804	-0.5766372931223482	0.13609372894981758	0.3230545973423973	0.25038171343709154	-0.28138735912693397	0.6998133837087284	-0.19393631637318864	0.6036792685674377	0.38951795116485566	-0.7161992105065749	-0.10495064662146227	0.20572384566649088	0.5305001752666622	-0.32000494808230767	-0.21958947196731587	0.10992980289609539	0.375453068156498	0.05005294068661627	0.17559976614201578	-0.1606709093418204	0.010245984833886517	0.34886461519317974	0.5268369560988632	0.03581743343845756	-0.20470486222968404	0.42350979269678146	-0.007550834775722236	0.325067990585418	0.22787904713514115	-0.3175539007332289	0.16769063257641204	0.22563598653674233	0.39945556573556595	-0.47687720878940254	-0.007114947194440213	0.1666915234953819	0.7012232651230585	0.446160438793386	-0.9243540444072234	-0.4411016769813179	0.0052206989587759225	-0.044531193629656206	-0.04458575625693383	0.32965973016550176	-0.19692560045516583	0.27009394806376374	-0.21461166497181372	0.27379365077917234	0.34593781622222664	0.9293244486471542	-0.19066187830817316	-1.090806727562892	0.5601950210819671	0.5278009978933891	-0.8140029603087285	-1.854260552329663	0.15796974814043122	-2.7091166456243556	0.16973801329630228	-0.7637798977962332	-0.5744266075671962	-0.4195723185938704	1.122526543007977	-0.25240098458494475	-1.448361627500609	-0.38423544008349203	-0.6265595730899683	-0.9030931396585706	-0.6429409050892182	0.933767103459022	-0.10414668969409918	-0.27534698842616967	0.9562188380275733
DTXSID50441560	1.2354909906758362	-2.4473953190654467	-3.2720287389534652	-8.1468784010103	2.8220001919493165	6.679122220656841	-0.22573738257062048	-2.8149164640328013	5.399725948490817	-1.7207303368373676	2.0309313711331303	-0.12970281391527413	1.5684507911752676	6.162379798141243	-0.10656991931764026	1.3404096437503397	-1.941142185248072	-0.4554986433708902	2.5099869888172917	-0.9661408371358954	-1.1792382083976423	0.7560905045140626	0.3532592633507504	-0.18934400175519414	0.0473690393539677	-0.45028220991932055	-0.6281301525471917	0.08910429385490332	0.12659433143112142	0.05150513836755131	0.011121995362198517	-0.9486110663305286	0.40773111402181594	0.45260386749405707	-0.13946235749451186	0.43907071085157795	-0.08945527686373206	-0.12515366749867157	0.5726974137573556	0.4737483632340353	-0.05554976519630577	0.473741209739172	-0.5499592847898042	0.5275664778858493	-0.9030533732287924	0.21897082344996419	-0.3643002624338412	-0.4741598989268089	-0.33990390075242344	-0.26582727532872885	0.14857439765387373	0.08158623966769968	-0.5624974118405063	0.1538445875382832	0.6431430497840132	-0.4883387005667487	0.19154860546304672	0.8027860152257672	-0.3891297756578729	-0.24830264549538425	0.3190869437243408	1.06861811709572	-0.44289050387977286	-1.128489418622311	-0.16119078683926089	-0.4253459303138805	0.5116033479155154	-0.35031047827540923	1.1061508617536535	-0.5114317071949419	-1.0768021867327267	-0.03934605239338748	-0.06853048282832357	0.21869473561366196	-0.47852432439332293	-0.27533647129486216	0.08465609678005556	-0.057560045534659376	0.07419552111761746	-0.15457267342647488	0.11973728763017569	-0.025695292968997523	0.13354563313665416	0.3198334285860638	-0.24431123773545302	0.17508710942451666	-0.13077762573185586	0.02213330378940227	-0.056581061095794395	0.010971787396145918	0.9918298732868696	0.5738309194814796	0.2647569766021611	0.006387701075295178	0.07296569903382323	-0.4214219136708007	0.07460773055339358	-0.058454243432269355	-0.3729161655952019	0.12003874268310263
DTXSID9020031	52.742047838746366	0.9713244471702879	-9.096878476761997	4.8735940067221275	26.201599856989315	-11.55497989397959	0.6443707367624827	15.0240183096732	8.62282076208323	-1.4687438947022697	-6.52697016838306	0.8526823004842562	1.356636897831477	1.2679776311290578	-1.6868265662492998	2.526436767719987	-5.653439422736146	1.1425786935762372	-5.272212669313451	-4.860090492900667	3.080523317514646	-2.2680311484307136	3.092377369947159	-2.728314728921275	4.125665537688697	-2.721858164872364	-11.278925051357314	5.552718275994561	-7.179198320472871	-1.0312169093724692	11.946605746270265	5.158459475385944	15.481778134222822	0.3965949561823761	12.624795890615985	-10.621477179695148	-12.037023798131067	-0.9926501684663744	-4.453527601033408	0.8722407491055852	-2.193658243841727	-0.2147961230107373	-1.8825400623249657	-1.3168812019572913	9.463196219326173	1.4407073363765275	1.5160275161848615	-8.964251191336015	-0.9185417613730988	-5.078026752685988	-0.01224120770695959	-2.8781958862594683	5.559649288834033	0.9329912594802897	-5.495840225657742	9.491698945560916	-0.8022192299898302	13.430195715341007	4.084985530007677	5.283574947160548	6.044919407864834	5.737372778841759	-3.3493058862333247	3.420663417187365	0.9943038250153625	9.887897776512851	-15.807522033897744	-6.543113826091957	-3.231917976291001	7.636655120548688	13.735261448016693	10.070093834507412	-2.213051873922609	4.063161388138868	0.22529549642134494	2.817343016437991	-0.6665835456397756	-14.39863287001218	-1.0236142160144537	-7.218886795354969	7.2742892534081625	-0.08920532584529708	-5.721167711231298	4.498063538885467	-6.320147242371387	5.666758464184737	-2.320848554913721	2.3264918805154338	2.5892505270397286	-9.770069274868343	0.1857562471647453	6.738647853232581	-0.6471935254645309	7.672828774045705	3.498852812719277	-3.7911249686307227	1.8715992013496188	-3.267714283098801	4.4433096462679345	1.7190268022690978
DTXSID7027205	4.666517491421961	-0.7976236164871305	2.628432708755017	-3.8932109064329463	-3.488414176302934	3.871569165572055	0.6816007430830913	2.949218219009054	-0.5051601870958253	1.6364519675794642	-1.4616994609332974	-0.9812155731940183	-1.1576751709259832	-3.955719678056354	0.9141984133504306	-0.736545063708897	0.797882880120985	2.6209147470748486	-1.2367079939192724	-1.0231273832875023	3.175367284509262	-1.5726274324740326	-3.3361790394731865	-3.6233367777703247	3.71787354836144	-2.962573470827014	-3.746357944889313	-4.777796731038379	-0.6600881383712599	0.30203449610321387	1.3861878368224723	-3.2924608135788076	-0.2988028792040726	2.2731039901211836	-4.698505058262563	0.04566146396882534	-0.8610740406139759	0.3112474184210393	0.20857952833574103	-1.233766535412475	-1.3858799056769893	-0.6833946180892927	-1.7488187131241686	-3.1045195495451052	2.0072063932131234	0.2516455045987511	-1.3788821534017741	1.9040755830858687	-1.0482927076177808	-0.3502790875396723	-1.225038255644092	-0.34579825714000473	-2.084987397832668	-0.34861726733980425	0.2265636388028369	-0.6200645436572045	1.5450834751211315	-1.5094708606601948	1.5033960924868013	2.3304542050029924	3.4002661440116055	0.24538860391208162	1.9083786235352476	1.5000754060139145	0.8255727243724645	0.8695063157966876	-2.484231817013104	-1.123151517991791	3.3393851021443206	-2.3121338659896407	-1.1570546170170024	1.5126339069021129	-0.8881422530713321	-1.2877945620090157	-0.13328073365779305	-0.3718235852934769	-0.9297598799371757	-0.681023855776152	1.8384909225341615	-2.0351101168120946	-0.3340564004819826	1.9548534428900899	1.916449247530291	3.136738247120844	-1.0973598056289011	-1.5414270557649608	2.2346715211909265	0.8226279183366192	-1.613413660459348	0.43423023185067	0.06957915878282957	0.10124706684421562	-1.07623187256882	-1.3457122409313316	1.1620557593971328	-0.18084588507354066	1.4992319177098212	1.8479706432638467	0.542573004772841	0.8169686481055292
DTXSID3048865	-3.1156073552566688	0.882608791400486	0.9684020828873602	0.23985766339323608	-1.53576607389253	-0.3386578732902878	0.13952020819616728	0.9191933668652831	0.8622843931120306	0.2687742808777297	0.3946244517911082	-0.6366564580874966	-0.2762190625719062	-0.18576171049961004	1.4992737137418772	1.221019598633722	-0.5380964258934802	0.3899576113044631	-0.3213716272182071	-1.302280224313265	0.032115532874069534	-0.40684812566370443	1.281249006575965	0.32993981354703766	-0.49554493445927605	0.5639066966162026	0.975036822323942	0.6196026165214239	0.025352963925511722	-1.3489119675955763	-1.2958481416396141	0.17828251359829822	1.0660001782621242	0.4799052016719371	-0.10671872709051806	-0.911694529369855	-1.2889535333707178	0.15152233591441122	-1.22352344404168	0.7147828807965689	1.0397103134292152	0.8978972284171668	0.44315326610448413	-0.6502361344789885	-0.3369391440253241	0.6282327724415694	-0.019143844219591023	-0.13437919438831575	0.20452002735405464	-0.5076347081799147	-0.12388722303228285	-0.36452696458631206	0.5264811979456486	0.30888834768095164	-0.10384431102054881	0.2511732987975466	0.5358431166636073	1.6276863357023375	-1.030229188287385	-0.578494897446126	-0.05665811972966482	-0.7544176419497368	-0.3713469722231383	-0.2323617724629437	0.26132805797151126	0.25232320907777245	-0.8536332570694372	-0.63261121492023	0.18824898172851048	-0.276638336321293	1.341440334712207	0.6730069244423489	-0.3219000427290341	-1.3824773728522424	-0.05756871300765782	0.3329045996422263	0.3726008415274462	-0.1844370555537278	-0.4004778431294358	0.04118964256806403	0.7701377501754327	-0.3067077466559617	-0.3145621624952982	1.087935008479164	0.09049913975174825	0.33548125055550976	0.038449665633547514	0.2920742055748532	-0.23244123832303193	0.7921917294407046	1.2686899221258485	-0.009643757548604248	-0.7092755929200159	-0.7305270436177538	0.2093329349734846	0.4746312629935762	-0.25101901896131035	0.16193470045823039	-0.3845404945438984	-0.2316869647166841
DTXSID8021488	-0.3523536624379064	-0.9017999536018004	-3.5128832671565235	-1.0362720374793677	2.988579294352606	-1.1892304559296454	-5.537020735956295	-0.5570408812583025	-3.629619709731509	-1.457606383168991	8.636830398203001	-3.4337224354718305	3.4026424767663452	-1.7408793876185331	3.340114912323665	-3.6029058454825544	1.85843018515828	0.7566845706314261	-0.027779913997609713	1.5716821142744881	1.1900600195999325	0.6089197923562717	-3.471295993868705	0.6723189132631358	0.3400982382405345	-0.9508027575962578	-1.327681707138786	1.5396487215447825	0.8589678568765243	-0.7059194418491582	-0.5386051706662885	0.5656472402275574	-0.5115199902292326	-2.68905601571235	-0.5928471794561904	4.032853246449008	-1.6822431181105473	0.5006782518906614	-2.6230459980573517	-0.9766469030734386	1.5199224171038157	-1.4124376535683094	4.291618819200611	-1.905142980830393	-0.1585346272261133	-0.34980091500578386	-2.584398042041563	3.22406465278995	-0.21528171441957716	-0.46656200099021544	0.25246795312970355	1.8579635775901269	0.3919170593813654	1.4032487856400164	0.7234859767917429	1.3546359121803206	-1.696234927635506	3.4338534801053506	2.4564065559284645	0.11149067360401453	1.6398611752427512	3.2311302288463915	-1.7197807401972678	-0.4870232318501332	0.8165886717582557	1.012195351741538	1.4459643837202427	-0.8416692101124001	-0.48347311517931957	0.6606491564992767	-0.27586025294544086	-0.6652169592223349	0.40882269444819086	-0.09977971070735285	0.8825924100974475	-0.31637926347279655	-0.9586885207122512	-0.7806808087582161	-0.0034977271038271773	0.5959961962965972	-0.11770970013659246	-0.7304600851602516	0.9674785418428258	-0.2340815844519098	-0.1870824134944076	-0.1399704971087426	0.2004949326062787	0.7057215371824974	0.4167513518052299	-0.23394121337040596	0.0146206841068341	-0.05610693765427945	-0.07631589359111227	-0.37889639134613007	-0.3102244866050306	-0.20625532623868797	0.19414865022676608	0.2014332658156603	-0.028216067642680635	0.0014894367705639176
DTXSID1043881	2.128133244381932	5.130070611295843	1.631831913668809	1.4579857025205503	-2.2639600113775975	-1.6509885925208503	1.204372644223187	-0.5394353893334827	2.8760622879951434	0.9819808959485444	1.4407068967874557	-0.36416814567874783	-0.8849568262737213	0.41884914063302997	2.116591350985706	0.04559616970025324	-1.236044724377829	1.0232009128395727	-0.3642697984285516	-0.24487549297637856	-0.7796245174230315	0.3933373818051964	0.22110207527588313	-0.41386327583495486	1.2126475082226977	-1.0010368810127896	0.8664701809043378	0.6251916294621233	-0.5004961292630276	1.177042611424254	-0.8032745181824364	-0.16912502891681325	1.1616281126609762	-0.6045027580894146	0.08546494207775866	1.2156603557724088	-1.8454006459774626	-0.42755995773864863	0.9725139349849896	-0.5043871274026598	-0.4070935208264417	0.25056441613041175	-0.4449747196606962	0.09391118893892521	1.0206307147412597	-0.3939191380543531	1.3539221338255432	0.3785031043988448	-0.10561245534155574	0.22830499291777687	0.03393407615355194	0.1760542868611105	1.0189490917589308	-0.2705777799791604	-0.31434927251607864	0.027382357124476203	-0.575369685836567	-0.19146617944860062	0.31481398514479736	0.8644163607503742	-0.4058972953647969	-0.48582794672570356	0.43971204757490917	-0.6020855190639098	0.450334107335204	-0.6077217090465713	0.5934897761344485	0.9310862623940772	-0.06655507640757602	0.17053105314320982	-1.9277730357257512	2.367414824705973	-0.8861554751573242	-1.611560633751268	-0.8163215289926653	0.07064920237853635	0.050513499973586964	0.6119086677663228	0.6853363811310623	1.257755461552057	-1.0571530884545206	0.3364500676716227	0.4581361766610544	-0.250203934958507	-0.5266942268793158	-0.7412974178749531	-0.15033144820041724	0.3355528353664265	2.149789386402883	-0.5285272603956434	0.1426711928713334	0.3192703463211476	-0.4722403780034652	0.45054120017797206	-0.005088891027365304	-0.36718600796475354	0.0923727747216829	-0.46867641413941236	0.2087092336986916	0.3789433142907038
DTXSID7030197	-7.347981557440247	-2.674509886526005	1.3411226537526473	-1.5567722662168335	-1.2637617711382727	1.256585725675929	-0.2856653515105618	0.35133552829939235	0.5257416838212476	0.20903885853649906	-0.14742005290224142	-0.2772517463273326	0.16195070310174253	-0.8987302634933184	-0.11285363379894495	0.39830910156624144	-0.4212426026501534	0.02889115020915674	-0.20611262379309644	-0.17779237362971506	0.09645040034524029	-0.055382660552879014	-0.1052415563704264	-0.6819527816056706	0.35149791421303966	-0.526039032627519	-0.276363124788845	-0.025526585103205976	0.0020165522360229018	0.10088842381273307	0.27566783894954117	0.3952719466189394	0.6936230942349046	-0.1457522093502855	-0.015562898714268542	-0.1063616508215432	0.05937691830597132	-0.2993005106156625	-0.0680332627399245	-0.025420920669944364	-0.10342923015590397	-0.1036198264166353	-0.49021226219179703	-0.26330242714583146	-0.2679514046605366	0.15810412264488016	-0.13889109715511905	0.04667564026673453	0.2074779283646106	0.06472361709799984	0.030553994871618632	-0.1162031224883161	-0.016781584995929542	0.07691218056681118	0.24416879118974946	0.20990251974867247	0.204797108965846	0.27977046107939585	-0.07908060297850185	0.1875879521027903	-0.3116520439288742	0.06406270568608652	0.4024091566683846	-0.06227179040716592	-0.3340862891653833	0.10333193596425126	-0.055984005011119616	-0.10699936226570723	-0.265499442642214	0.8661597825722707	0.26022779753570885	0.35836567998136554	0.2602314012446177	-0.14276083509574242	-0.5066304577053122	0.04550968359181933	-0.3169010582203805	-0.11442037667998632	-0.22426040511514378	-0.3088923699268685	0.22045734819079413	-1.2294468981973508	-0.28379303582608545	-0.6440245457124634	0.203589926109823	0.04010066489343833	-0.42112420941635714	-0.3244378027973018	-0.22557934238624414	0.07830274437637391	-0.42468415125332665	0.6708768817089137	0.33041763480062364	-0.11371072558058704	0.033521953547292364	-0.04635596052161324	0.2534989665802282	0.35650787062565215	-0.28532232816855174	-0.24551991470784196
DTXSID9020378	14.383082551646973	-3.347212294813345	6.733224854540724	6.129081785657884	5.726002235143221	3.508934744315902	0.08995839661655441	-0.318834575032968	-2.514668904609758	-0.5987290606774169	-0.3458590138621565	-0.5931959702539904	-2.187566362593828	1.9268298026688664	-0.5708309133148284	1.408856692082891	-0.15922641369317161	-0.796518611489467	-3.215951831933563	0.2989498222995487	0.4677702765446479	3.581301691551598	-0.26632942993584846	0.5882430186761077	-0.48888540485569054	-0.22905666843466438	0.4664307099544851	-0.27063245172643585	-0.134797390928656	0.21140993163942245	0.3925920464992647	0.0026694553873984374	0.9821936500325363	0.5406723731708524	-0.4346574340398006	-0.6445497787289125	0.3527011312668557	-0.09689847109781276	0.23149521194504133	-0.23586358369139135	-0.3821661190161674	-0.3767431610571976	0.06504876914741894	-0.16133281429156626	-0.09231480838702308	-0.47162958447252684	0.2459480248137736	0.13435580245501527	0.22909841199287814	0.2699848299011064	0.15883177836516313	0.2972362834703967	0.02557163170570782	-0.0521428464572573	0.306938668452922	0.10180858660738829	0.11945150065338647	-0.40272051177624	0.4636097312388318	-0.06921413506136516	-0.5376006856134876	0.008640103200437494	0.14214498983514864	-0.5007690628078812	-0.02565099712130176	-0.19825008775071196	0.8046024924646883	-1.0557646582750717	0.5544765103190201	-0.3481659604548834	-1.2121337842011952	-0.07776611550008015	-0.16304203457690397	-0.35249089050403953	0.21109531530454295	-0.42933719045208807	-0.12062484788777698	0.7173198242816593	0.9376743854311714	0.2650522833523321	2.21745726311675	0.03390461488476058	0.5785402562763955	-0.8767814956375184	-1.3373277436708524	-0.2362804274298587	0.5615502279598829	-0.31789473654433975	1.4779317314530964	-0.7638907612017991	-0.005113056846913801	-0.7835148798902688	0.5616821068767016	0.08936689649139463	-0.8165110608679086	-0.38407068386950055	-2.265797813638288	3.496884526456751	1.0087814294559805	1.1209591696256629
DTXSID8047680	-3.4676461171724475	-1.2258580318254908	0.7671434768593273	1.5207339640509252	1.6673571279343522	0.7656192628223579	2.333074110995963	-0.30227455282490856	-1.3870886627597612	-1.2653620450624714	-0.14877574686053718	-0.0890185028347768	-0.6113668263257076	0.47446254981410396	-0.6617319970325707	-0.4553907815550538	-0.3378885497984115	-0.20895784757686006	-2.1305437378795755	1.0634825329950786	-1.084646659965793	-0.9353770604359842	1.2506001668536249	-1.105097756569331	0.9982098028707037	1.8238876752412845	0.2997183295261749	2.158358784447562	-0.34824872490823294	0.8817479380893548	-1.324573559962541	-1.2807625669754428	1.6529938755263704	1.4236527670299608	0.6318725425379706	2.688437021792939	1.3104951544469907	3.0787025514692803	-0.5897311501198483	-0.4531767462474084	-1.7880922630393856	-1.0579195993720967	-1.5237758648781943	-2.821303471320566	0.0023420244561696904	-0.310811415669651	-0.08417646666308566	-0.4067076994534015	-0.25326052258101306	0.3756511356497327	0.24578503786451336	0.5515412150072907	-0.20297551344379147	-0.7603593396712109	2.449912133030684	0.03209588669768687	2.2105230950365558	2.619127257415629	1.5371649515574428	-0.6655733458692772	-0.5039619290522478	-0.08948067245860031	1.2481653034992786	0.8761049683719546	-0.0757796856063192	-0.4184789728903049	-0.018214677939884145	1.9781066595105665	-0.5587072335085748	-1.3398804613479005	-0.13514388974790242	0.6597516447077298	-0.7008258309164046	2.1898220287233423	0.7568961298827657	0.039291201439786344	0.18611305583867083	-1.1153983018365414	-0.8314034330230871	0.8518070537286806	-0.17176034692554953	0.8865047590423188	0.26590588308732516	0.5465321981144428	0.5363277450289365	-0.1855268470993991	-0.04010444129946059	-0.36355111874331253	-0.19375005557662184	-0.04896157867947221	-0.5118007632446832	0.0020062498704938934	-0.2920201434066474	-0.36339341097008454	-0.27457966289385316	-0.5948365926375956	-0.4821285522582842	-0.476529817618139	0.2158352023054606	-0.1259640797843095
DTXSID7047851	19.445455825631647	3.513211503912199	-4.578588942186806	-0.4290310340757504	4.907119639499878	-6.174295571120219	-3.3767617733678192	4.058387408799503	-5.162872592275391	0.0995400262655323	12.097680490558773	-2.477839821059132	3.709065000481672	1.7818646201247845	9.129210478932055	-0.9105080865662094	-3.0014043531419263	2.7641205757872576	-2.7149623364549575	1.4962115896389678	-0.15095869029734663	1.9122485049013305	1.715903106301946	-2.71338373635306	3.7075065707073898	3.1276960182004525	2.6693600148901147	-1.8986880812628797	-0.9104560843164817	-1.6098191202302028	0.6085807766592116	1.7026122290398307	-0.027408544912385983	-7.548360348781163	-0.7603606496093157	0.005417862575441212	4.031157056865438	0.8413859765291063	10.078755600511995	-4.248507009228823	0.7254506642805737	-4.685475149912342	-2.7896049015596325	2.202127654017745	-0.3471504805372006	-1.8365600804423425	0.896079956944798	0.6123590129993982	-2.703132616826711	-1.0435275194498312	-1.6822030793478606	-4.971678350498515	-1.1509672730255627	1.026740126358043	4.088499343406757	5.7968053161027395	0.9926376308057848	-2.4515810061261867	1.3257304046422698	-4.338703738155175	0.05470058203459754	-4.0788513124684656	2.6758126063350054	-0.25773089610374444	2.491269985463348	1.101796742032632	-1.3632913630451469	-1.6075646379413455	-1.3989176240291747	-0.10959516625045655	-2.069125831927564	-0.0887676675801049	0.568938061508644	-0.9070741100237149	-0.9901198133172344	0.16628442440624586	0.343321148851999	-2.678808137064805	-1.2564829161473414	-0.6555256451063851	-0.799747530095374	-0.08589892581610878	-0.91434289912883	-1.3909426903122644	1.414865557392133	-1.114246668381187	-0.3640294198320533	-0.6307794965371091	-0.3787908480805365	2.0377647310324196	-2.4037688496963234	0.7667263074430721	-0.5579132843678757	0.6362676645511366	-0.21733485380856227	0.7902195352684069	-1.9377535378171376	-0.5479733647959465	-0.37659165792656596	0.4521833580402707
DTXSID6045820	10.556950925077818	-2.72712263919833	-5.26858773757478	-0.6610398160800849	6.958952399175862	-2.0602368117099865	-3.693775066787833	3.49061593508299	-3.1346361963438634	-2.076807401679233	2.8597976625922787	-5.270726931574682	-0.26043417144388564	-4.409721399374349	5.594890771449767	-2.8315053209898466	1.9908476984640984	-2.962130304074381	0.8957439728192318	0.6240497602010374	-2.1382926276996277	1.0978741181543301	4.825624343532554	-3.3698744468284305	0.13603375203771012	7.4972755390647405	0.4312330347122325	-0.7605409356681798	-6.48127292893588	6.107135153107482	0.526127087982008	-4.499954983751791	0.34166559061959634	2.0408546944745023	-0.4710890227424044	0.1880136387643638	-0.6685188659271761	-15.582082592399937	2.2578304281497124	0.9284042573628133	0.16716097202338603	1.6037447912882405	2.3607898582425593	2.95569043163344	-11.502046749018499	31.13684935621569	7.255419863334587	-9.790278783780757	4.279016600696798	11.162597489682263	-32.79435972335722	4.891728783362532	-17.151246614250592	-6.078948859123146	-17.5576336521018	11.540777506332514	3.6312808414982154	8.429976336511753	21.24029536336618	4.0288449794172	-0.13484655815563343	-5.713986411089962	-2.976477654915904	-1.8785770741637777	3.233385575359369	-7.424093981895112	5.931925058670001	2.8471916416131626	2.351089106363091	-1.7405526323755682	0.047535998921393374	3.390694827767894	5.735080475702344	0.6081516673750472	3.483408195422701	2.151626417090837	-0.14162195728268323	-0.5196368507281349	-1.120698246569754	-0.055493313214691024	0.011679549019979037	-0.12348143533185992	-0.6554267851120982	-0.5946391809174586	1.0751251198174332	1.519926931330869	2.469286467083457	-0.18179176313290474	-0.5174718403412077	-0.36332953765643	-1.421261442938373	-0.3991434969851808	0.4022689824177319	-1.471456463632356	-1.255869260483266	0.4525984149544813	0.49106534599246354	-0.7967623215197266	-0.2712999040324438	0.9488923065548088
DTXSID1068772	1.5435332514205724	-1.8544233890869057	-3.3134673804305708	-8.272769158632924	2.787624637321182	6.683186187572339	-0.004774033810691136	-3.178081363749756	5.503951854314887	-1.7174071689500363	2.1766586556179064	-0.42959057700137065	1.5201365135833895	5.4073302922917135	-0.27659869141550025	1.2549969400047454	-1.380584923551161	-0.680087905352247	2.013526010280383	-1.0240934843149863	-1.235039245055789	0.7503458540705782	1.1694678611171914	-0.20170571136708637	-0.17238965345608298	-0.3112589017821492	-0.9689383994355278	0.01965069975411139	0.18912447187083578	-0.4139509082036868	-0.1979140405057887	-0.47458187062351287	-0.21037456110153097	-0.026000327677889155	-0.5195022555576736	0.029565545905201135	0.07514255436197866	0.2368610318330002	0.13976609982656246	0.13906185443421734	0.1920020681500379	0.11611761624279222	-0.29826614369128385	0.21939577292712084	-0.4645021564121737	0.3200955501728968	-0.24341181518975397	0.16925136340811833	-0.27088269390098324	0.37584456877899275	0.00407724456386384	0.17147461891662708	-0.1093145304202294	0.022933560836606512	0.2365066149875744	0.3006519721599842	0.31556932675068494	0.5879597033609957	-0.7394032597144681	0.12437623340703682	0.19706035557620954	0.5567115362306542	-0.026660524784612834	-0.2068352707722758	-0.1001037368114221	-0.8355212915355926	0.6325041115793917	-0.5053118200255668	0.17095745337933424	-0.13240818755215386	-0.7721000483097156	0.15996298567917858	-0.39296167075912086	0.3655817229363721	-0.8543267257104337	0.15124266504123365	-0.3753060633815094	0.2979311904707882	-0.029571687537706004	-0.24430165430512715	0.30283213226984057	0.21563401195651097	0.20358468663436416	0.2937760952246254	-0.3441193050533236	-0.03777733717485838	-0.27241855577175766	-0.4135415733906331	0.20992480528378882	-0.3411823719629472	-0.005348779723922496	0.23444070080592544	-0.11830669465700912	-0.017622520947832326	-0.17813907313019345	-0.3794075060204202	-0.4976442511096551	0.015328960695188203	-0.4181664689560448	-0.3803680313524227
DTXSID5057830	0.42413057395934267	1.651727726632847	2.6527972022488058	0.5332053481709935	-1.5987397419649723	-0.8755413990950948	0.9828634263969327	-0.5660367308672344	0.6362838384954161	0.2699405642458308	0.5586639710244301	1.4183595089321956	1.148078785193575	1.05815583318408	2.5482329706659765	3.9461062413679846	3.356141318347193	-1.3026874547645122	0.95687438257578	0.39417365587915076	-1.4510938692114526	-1.4114273180008439	-1.1544450922016016	-0.730351478604583	-0.23821490110543006	0.9963558206679985	-0.7505201109056946	-0.9994999488947284	-1.04031497321781	-0.27237101744356323	0.13739616042165215	0.9532877643811868	0.17524400363501116	0.21898495710908075	-0.5743473686468034	-1.0725222927757638	-1.105662963670507	1.1926971841504064	-1.1261240751130235	-0.9408116158078229	1.357047704134373	0.2873455589463991	-1.2952817555955198	-0.3288126463418847	0.40045508312206873	-0.9709216402816058	-0.5854182258739534	-0.13540721550509124	-0.03257444792769712	-0.9206097815651105	-0.017915737915237193	-0.4887394586320119	-0.41994189138313454	-0.10237733253042407	-0.8724530915940859	0.10898549852447717	0.4746357698010954	1.1733051630139637	0.7602142368974141	0.117639284335537	0.019758197119289802	-0.4818486190402462	-1.27989688737591	-0.26538939483814084	-0.34055532298779295	-1.340265083070008	-0.8049060382483004	1.225945813857872	0.427694817440622	0.8195882737242931	-1.4649904363541382	-0.7704548599524875	0.6501754029867229	-1.2690449158340034	-0.7907342212332321	0.7376846617567178	0.20211900575805997	0.23835913528477046	-0.7058336046800597	0.9460159928152172	-0.28494092731464626	-0.5474036564121062	-0.07133269361750276	0.2781175409121336	-0.12745528859230476	0.04757608682121922	-0.2561350230956896	0.2916437045103323	0.3430282885207681	-0.6257843035586558	-0.316385127039909	0.5264043645553077	-0.2206026378026286	-0.19359849319342937	0.2784964038471677	0.10727553219465169	0.23089027696478626	0.0875777089924101	0.03746342922961735	-0.21846620409453651
DTXSID1045611	8.65336464936035	2.2909975413452726	-0.9570107877607363	3.236908698644556	-2.3864170544515155	-1.8960993374201331	-1.1155246689903524	0.6881061521077724	-0.5360151590570806	-4.9444183644302235	-3.0191884862815352	0.612866625157609	-1.0490239164685184	5.905641632941613	1.93823855827702	-0.7851045523777007	-0.6752357609953474	-0.6950667882760947	2.683771677002963	0.9118087958956181	0.3336598640629261	0.05858383211531139	-2.3635020507776456	1.2957555924528912	0.3628017911207386	-1.682172857461796	1.9736968859660133	1.0050492891465952	-0.6101004851490549	0.7812922380345624	-1.7779661704618424	-2.7646928782459295	3.4953561092407033	1.0852900868039659	0.3705521120964887	-3.0650772693800907	-0.43328210225846187	-1.745521360508826	1.813646116616868	0.7198720342417523	0.31453682608083244	0.8747094922856355	0.5091910951319061	-1.5556608823786777	-0.0389533336659992	0.7835255141816697	-0.3525609184227273	-0.2234528785466516	-0.4568304491061379	-1.3875327080386768	0.3118854562418213	-0.43131160200821206	0.13162320605845063	0.5358623220144031	1.6216849058942564	-0.5582923707913471	1.0736246061476045	0.3870571864267553	1.7644293928288861	0.6116902831442872	-0.21704781014168564	0.1921772245985453	-2.106654698711473	-3.391191552025339	0.71911834872291	3.7094553514697326	-0.7068506107460525	-0.723838405413521	-0.740157951124442	0.07469618417553495	2.4520492623292744	-0.8998366553893922	-1.6277914100257187	-0.8313200215601426	2.1874973115516654	0.15886255930176896	0.11374639922804293	0.48918104475272	-0.7899027782806831	0.4725914805810827	2.3113893632068057	0.04147655789541471	-0.23144254107837905	0.9066867635074465	0.44084751902909664	0.44930931046579675	1.5670058783484586	2.1834903336778204	0.4826943657454501	-0.5046811760842055	-0.016597819937906634	-0.8431404800388694	-0.2287851508486506	-0.42106687802179327	-0.07731913064705777	1.2770665470976634	-2.01995913430241	-0.5202667201656865	1.3996842041346818	0.08182570792650787
DTXSID3025881	-5.233718126415431	0.8862884329667631	-2.744851459649968	1.6936492897103197	-1.7416029181232944	-0.6377046681796479	-1.3816443587090022	-0.6100924474916677	1.1679294055114253	5.414021551350577	0.7121337352950058	-1.4130402401018116	-1.4762099767040449	2.6690811474297873	-2.0956027911397963	-1.8539532178933424	-0.7815901888093701	-0.03368755340323721	1.3071329336172808	1.547033820823012	-0.2436760651815269	1.1477822685733645	-0.6664583342553003	-0.27594440132444387	-0.20080391857029536	-0.06248350184715222	0.037994322068453934	-0.31752680898032715	-0.4347079951593504	1.2044296676044763	-0.15573698335493597	-0.6110420683241389	-0.2973727611340515	-0.31542949131776293	-0.23908503479089663	1.0237214712601117	-0.38947753958999287	0.12288649324840936	-0.22304412886357214	0.16997677994658808	-0.7468950671333011	-0.297205085378545	0.671113847926127	-0.08174810258423942	1.3551886584704935	-0.9602232162660865	0.5705153474276496	-0.08385977854719355	-0.20053061843841635	0.0235365888746978	-0.23664012826870898	-0.26205768584193556	0.31992514317557924	-0.32590483400420134	-1.2216633318506522	1.054100643128284	-0.7438190682913294	-0.46681055576951497	0.17421982415158366	0.584589399356703	-0.5291148434799712	-1.0742425314952	1.6739142775601132	0.16967517781484498	0.45200758407174163	-0.01156663064316077	-0.15726807689186859	-0.589457245226475	0.08283298371830107	0.40532428060004777	-0.7720905282227675	0.7945573949214266	0.17908176592679112	-1.5905305267161542	0.21171805106811453	-1.0172136197647978	-0.1326700292700088	-0.2834199354835182	-0.17736064801156695	0.03464493258511867	-0.06971618673377296	-0.6100485682427257	-0.14888515634587685	0.40657023159921823	0.1770021647820084	0.030393698516941292	-0.962313326894183	0.00021091177683741163	0.6815826366340382	0.023136634728373053	-0.3956413863437138	0.8903413716836871	-0.21773802903612824	0.03399285927633702	0.07206258028374188	-0.2094621917701242	0.29629817814761833	-0.16615458951318854	-0.24013421812196303	0.2569042160294457
DTXSID7046174	-1.251763388176655	4.6473444746796835	-0.47634281359020053	2.315788185922197	-1.9768924055387505	-0.2205613308959371	-3.0341068799952318	-2.4961821418812162	-0.0356771618482761	-1.5931390315077372	-2.903530023426825	-0.22592318586275617	3.113872442085868	0.4235042432155747	1.1891499251142523	0.6450340451675726	-0.2150175935630349	0.02430427580112696	-2.085338302691231	-0.5066761000797665	0.30012491413908343	4.246574155010071	0.5949570201224803	0.601538619802029	-0.14817820434716925	0.9295440404618203	0.05036700308146394	-0.41038184296545616	0.1978695587915101	-0.3277569411315416	-0.1412060151166357	-1.1288611084627638	-0.9438254575582553	0.5123511585618657	0.17477346238337368	0.2447344745246536	-0.6154251373449874	0.27468124935399796	-0.6204011484569977	0.20075204238338165	-0.5387879615050654	-0.02812906560898782	0.26972202038988824	0.40819586242846834	0.07173119368898831	-0.8258676995441507	0.529288329343981	-0.8762583977467335	-0.2549379248164808	0.21965152917493724	0.08851003853504752	-0.23758975076524086	0.4355908672289104	-0.2573528383905299	-0.5454264577966927	-0.09227455915495744	-0.05449596070744793	-0.3520597332991246	0.0861806711934358	-0.07331842685513185	-0.12701056749150955	-0.26737875817205636	0.34089422223096444	0.6750266396650078	0.26019973979582667	-0.02844276649497828	0.142774927422389	-0.7178860635403035	0.4056193535422916	-0.5535500310300048	-0.946432247557269	-0.24575620310957666	0.8350560523546654	-0.7694861457286155	0.3204974698710523	0.32452739206833675	0.7591162483327955	0.153465961729554	0.17465051119536282	0.2602598615437914	-0.25819065921255374	-0.6768463643269034	-0.05837573464526335	-0.0004588137243089881	-0.09854729537101596	0.17692620955098504	-0.6897272638342641	0.12321028083122602	0.41500763068547014	-0.5952719324765071	-0.1976647096283098	0.23222954804351242	0.8238792263094946	0.28486862825077885	0.20383067497954138	-1.4014848954417818	-1.1691007993559268	2.896696764552453	0.15076501992142147	2.032477098170047
DTXSID5021671	-5.356994105883697	-2.2072385538517114	-1.7465122654092933	-1.1585006117285357	1.2461094886422857	2.670325066264609	-0.9279030478743853	3.712858384560995	0.5588926641101983	2.072694029556035	-0.6505104387027468	-0.13577630601167862	0.9121440904187534	-0.7016758921958203	-1.9762192295986463	-1.7361545363732902	-0.28091274897134233	-0.7070417844352668	0.20786779538914757	-0.2247389225215266	-0.5545047544037176	0.043578107487321986	0.8291077365934117	0.6098633683735284	-1.3879164467251686	-0.31430869230354247	-1.030495799056059	-0.4746215267156303	-0.7204294893832975	-0.39655906931493334	0.42201153165913013	0.4932138226738143	-1.634302859501091	2.7041100656988526	1.6758018974342999	-1.9564013029365397	-2.1797641707167403	-0.9362005390367426	1.5087138207998383	-0.6942571329244008	0.9499612727507996	-1.7441475647118738	-1.5163138573925141	0.18339190789089002	-0.8785946981828565	-0.5292048761993662	-1.215549624214875	0.21973742272316169	0.5167488985107263	0.8492001021821461	0.711253243473981	0.5809518746615908	0.46801424722858814	0.3380564729691929	0.8168788613541738	0.5098038710188744	-0.037907363886204685	1.117694814936013	1.562977812186304	-0.7524564352717902	-0.4192835775928521	1.7835704174833489	0.5176617159584391	-0.06378164973182761	-0.8990570992065382	1.1261588175939097	-0.5240353775706112	-0.4575123715581586	-0.8408765122717018	0.034496016444049656	-0.09304212758884642	1.3724018350686016	0.0014454330248608377	-0.6206620977222372	-0.21207984284504752	-0.06230357657408846	1.0727465671019811	1.2835973152292037	-0.13319694669572732	1.4403389158603395	-1.0810056050883328	-0.5581564868783607	-0.6519133905299943	-1.6171374435982073	0.9805066066941743	-0.42241141574220326	0.56118301107002	-1.0021401733809672	-0.151913327542744	0.884069209244397	-0.5567592060959871	0.2170054809479539	0.7670910718489117	0.22761919481028764	-1.1973119854506526	0.8680438802659215	0.12606365353656154	0.11488020923569656	-0.020195720302241447	-0.21751341708258576
DTXSID9044247	9.034934980785376	-11.211356993773082	-8.38518381065225	1.4035590290028863	-6.370346559955436	-2.373374008244036	-3.562826583023648	-1.2216676203658996	0.6927310028748486	1.0790754211807079	1.6924361112646886	0.8853932372716273	1.9607443770064985	-0.4633886841595175	-2.9336915217158173	2.558120244883655	0.03790008084783223	2.1329963639659977	-3.1430010349905504	-2.7707155042126512	-0.6462117255968837	-1.9508123929430168	-0.6354889447973421	-0.06283558323843656	-4.156380770280885	0.020015890355946343	-0.6324263916498962	0.8081604873789499	0.22859305354986303	-1.0291860849491925	-0.4451954184559347	-0.2211765118428328	-0.5578577062456512	-0.5128195223225912	0.6496865954217625	0.16811207485524485	0.6081352448419078	1.3576569084765473	0.4509511498960909	-1.546505207731862	0.22515131183711368	0.6570631013707763	0.7335224092919257	0.669879605449001	0.17250096930203881	0.5844728375062527	-0.012219665001557113	-0.23139896270949448	-0.008002787958511707	-0.09033466865465607	-0.010090497551049857	0.44637168388354653	-0.175543706378327	-0.08440282303513387	-0.7830851549823062	-0.40834823487866656	0.8538054191173363	-0.5037853974088448	-0.709246057918602	1.150091980302809	-0.5895455450624553	-0.15399944417994194	-0.15371947440842793	-0.055547286941425175	-0.8740435099386222	0.6407028203358811	1.6060912796668387	1.7889411834603672	-0.33038669583819796	-1.3211088337657328	-0.6452870104983087	0.1423212730953593	-0.27736402116147446	0.13615381313444674	-0.6745204680143377	-1.16579183196532	-1.0448008733395273	0.0032967815727017124	0.24491121439316646	0.3862997686300882	-0.34511715831837747	0.6432094949428208	0.4502213762712755	-0.41239291210678447	0.21310230341569045	0.11133389207979788	0.5900340568635319	-0.033802723704424276	-0.5327697210274482	0.5425061647130548	0.4842386255618766	0.589798923466745	-0.30592897470911884	0.5753773655811371	-0.6188980246122333	0.124600639486373	0.9115983378698821	0.36059392802696655	-0.09471171635473219	0.6006558022592197
DTXSID0048923	9.707621318406737	0.47972536801811183	1.6114412326417895	1.7549347780673488	0.11956531137712838	-1.7573880068999415	-2.2502446673259904	-1.438412155843848	-2.0064737617753408	-0.34490607816477037	1.8414789306007375	-1.62908237994835	6.541788627715642	-1.3818643326420978	6.994824555657941	-3.462228212606351	-2.541944260294692	-0.11158669886734886	0.5236678388637938	4.517258510408968	3.003697462102202	0.7825138570259177	2.765970886408037	0.2375602623366584	1.20994609908061	1.0575401733383618	-2.0760762633701897	-1.3237888762172325	-2.0773826967400284	0.20646945097519426	-0.8671936081378404	1.067906314970466	-0.5419990195560117	0.6833044049816503	0.3919480632907709	-0.7606803869907588	2.110407377127892	-1.1019179674879571	-0.2837572729491661	-0.8032569035336534	-0.24220446129227818	0.4855812586610426	-2.1201580225567587	0.6843650684074982	-0.00615977297332421	-0.9319184062955708	1.0053950802041007	-1.6673505373235578	0.12799100128650912	0.05290138240349846	0.18507579181974113	-0.7439985735530004	0.05205118290690787	-0.4038644577046828	0.8236888385365378	-1.5123172817461117	-0.37198919112328743	-1.041523149639236	-0.3193749955039288	0.9232250881972492	-0.6973357275794393	1.8404013069047276	-0.48734646415109467	0.7409477731510653	-0.946513633547585	-2.2751810585937084	0.12701953614718406	-1.022521915101086	0.7666011187088861	-0.6893501597433822	0.8854533484170367	0.10299339205102842	0.09657153336306706	-1.890100474961421	-0.2607529541194576	0.5479660614613937	-0.7614848783801607	0.029821917111719852	0.2320566173205071	0.384490288428184	0.6317609191904904	0.4376530064702984	-0.9786054806703287	1.9077656389712012	1.5968534368790839	0.7492012382639514	-1.3077024269280686	-0.10235968250619565	-0.6576206104381995	0.2817891510543272	-0.8848885574728	-0.13893184761954458	1.839380949977424	-0.33572627689390866	-0.3286847989720725	-0.4520529618248134	0.6006556682364714	-0.41680918660781197	-0.36615155093218105	0.7616784055424383
DTXSID6022420	-2.7352702775276665	0.4739551532105548	-2.236314521085209	2.2319352348429784	-2.98054032309914	0.34003559560868535	-4.303110925704832	-4.729612891268224	-3.2288353359097077	0.5132403306686693	-7.437918487363373	-1.2561652101194494	8.071789797417585	0.7944100006695527	0.292526829310407	-1.645741963170295	-2.8544314624609908	-0.40391685982220904	-0.7307433884135449	1.2915873357007142	0.7944476920652642	1.7001971172905495	0.8689382535987052	-0.8557881626115608	1.108588961754928	0.7489422205675158	0.47271444070086216	0.16771673909146173	-0.5715663931010958	-0.47044051992684305	-0.38204345872051687	0.2270164421986875	-0.50234747512215	0.7476393402543599	-0.9502295229110594	-1.203047217044418	-1.489591735024257	0.3933085821428983	-0.11368509701264815	0.05035984852138565	-0.08390575218376785	0.20311277667864822	0.18590909570080863	0.1997830214004253	0.02765983682586514	-0.15638813332404075	0.32476364686659137	-0.4058710468886449	-0.22725083749583566	0.3977335313180838	0.10556717236228554	-0.3264319794782279	0.5507645500859254	0.2425922264536232	0.008899524183715367	0.08623189921246135	0.4226432311019004	0.054338982650632826	-0.2924424545381807	-0.5001007723122843	0.5727146149628405	0.25429655554251845	-0.16487935027463144	0.7698966130630546	0.4955359854445637	-0.6685864395718901	0.43924344258694037	-0.7997812468972014	0.24462965549801352	-0.27433660932183546	-0.5519908141565686	-0.7217083590593386	0.663304303087935	-0.6144011472416806	-0.18803988473977154	0.7033805763652878	0.3694567824330579	0.47267757983557507	-0.45071732441150203	0.638603257722617	1.0766063221026876	-0.5378391331751088	0.08740975043590003	0.5702306040994649	-0.2705722728589527	0.12481689437431041	-0.005766456994712596	0.27708900571538814	0.7914354067645015	-0.48941542464096566	-0.6642925113949334	-0.0384808386695296	0.500872923295196	-0.249195118735765	0.7508726736241239	0.363071771428852	-0.6691128773869249	-0.7193344214092349	-0.0026750077656576294	0.05968461155201459
DTXSID8025593	-0.6907051422680419	5.062141092162285	-1.9137358695674305	2.0584653066931686	2.418269861174731	-1.5609329124185833	-1.7474761390345805	2.4677862898908045	4.973883050386104	0.6693942836349762	-0.47096785566234184	-1.4798667944098451	0.2115698219569018	-0.174943151438645	0.6103720121246006	1.1388332138402346	-0.09004576369746264	1.3751596365246366	0.33633448489177536	-0.6883860520970578	-1.2329294474623134	-0.5835806169207964	-0.5961089095329132	0.9082418475719851	-0.704862637519688	-0.1713845411233014	0.7151255857862272	0.9568150802753682	0.40373290366362424	0.9237701034497505	-0.9377134931377246	-1.412501396825663	-1.5771097850567892	-0.5534278050040178	0.25529296648327304	1.6476710461367612	-1.7922559068874602	-0.35880352087365136	-0.3138593289154542	-0.4263060677780557	-1.0112439254293324	-0.7125064478418007	0.08312504656891978	-0.01411410836929287	1.4604752194398292	-0.8952920113896238	1.222925735049709	0.3521570039216744	0.06117149769332037	0.4578654547947851	0.017348303568302866	0.48492682909960977	1.1352003129622248	-0.38098188861171434	0.07233611202084028	-0.36608764748834177	-1.0227781864164487	-0.6377210067499843	1.4453798860830127	0.9613999050057777	-1.061125549993921	-3.081310963127553	0.5591291171099919	0.35810253641747863	-0.09341850984089874	-0.12138305672385424	0.5292805313671917	-0.28614742196629545	1.4207464464403208	0.6252284356951988	-0.8925188448395168	-0.20478862638564338	1.1706389745816919	-0.3206744267212148	-0.024416728249318415	-0.4409403949301213	0.18045529020679177	-0.6600163562005829	0.07162612083324417	-1.0502921769332048	0.34213822494626944	0.08266655967437281	-0.05624480155762866	0.18521521784371434	0.41889072970783897	0.7829254999312358	-1.4585167618444803	-0.18846206525765205	1.053577943776563	-0.2799828017477075	0.1491732436017862	-0.4751527492623591	0.5456739888540827	-0.7032914424983708	0.0605715279032375	-0.1494349444040499	0.6392040875924443	0.24217547303285267	-0.6170863596421872	0.2059868814887221
DTXSID5046196	-1.0560504395941066	-6.2962128055979045	-1.961705978592194	1.317012795032775	-3.687038845392357	0.07055406747623189	-1.1150368659112055	0.07815334741883628	1.4860301984759534	-1.091451622883879	0.011163804369000128	-0.13234965981670913	-0.7509604786287124	-0.6688538619751583	-0.1704577414949251	0.016965248069553334	-0.22660913318905154	-0.23488217017369895	0.28401169680254346	0.5546873668115037	-0.07449926859203887	0.2815075305668335	-1.0451634045324139	-0.5800826095287794	-0.13467786401324808	0.029251285121276723	0.40998317138387425	0.27068154826872703	0.23123877609101087	-0.08913342774584287	0.3501659216765171	0.16253127080757399	-0.03387973401770708	-0.17827393822620596	0.25106876176330556	0.23602103128056906	-0.2270172401463053	0.11258207423896043	0.4961459549883155	0.1764604190587613	-0.11388419963021308	-0.1438472887347468	0.2121202435871	0.03934627860417484	0.11069557068636594	0.2162895947429862	0.07814480534442456	-0.15211993979477484	0.12690107722036836	0.15716903619476005	0.00054543542548587	0.006052287444620248	-0.1031239326780511	-0.05474030281265448	-0.024298236135671333	-0.11540329938744286	-0.17466138314463522	-0.28599779562213956	0.10377974316038752	0.4490515208918822	0.06570136277799682	0.08529510825716624	0.054583756433195546	0.40259619612114145	-0.13586557780964106	0.04290409542749052	0.43108601717883327	-0.017302762089220658	0.11443802556713055	-0.3495689348314227	0.36630647542647327	0.1946943468567414	-0.39128884437678796	0.07551153219313395	0.011297857496832016	-0.4088897700685445	0.5647459173147226	0.42316110792523715	0.5270075862192828	-0.43390529804917793	-0.16631571785911556	-0.316536119873217	0.4378041881020219	0.25850871009577003	0.05533122605164365	0.19715222892955933	-0.32011418863190666	-0.3916090378321	0.3973876272424772	-0.29639393820964155	0.13256010523634737	-0.2622748783639458	-0.6913239550254375	-0.17422359613353916	-1.0685921967996825	-0.0770460083894945	0.4453686873562014	0.4868327547133077	1.6365134386900828	0.23129823060709376
DTXSID9025164	-0.781822089929344	2.6839950696336032	-3.172794518511178	2.0201192690736023	3.997974144428545	1.2831303265996934	-2.371485578373143	-3.1354865555056888	-0.1614906220747322	0.549824840026091	1.769720295068438	13.555004764921762	-2.0191075460674326	-3.5655862629401316	0.7145845067557852	-1.3749874283612196	-2.110319889288779	0.3289269221761325	1.0561030330136458	-0.742359428730211	-0.05934849833796172	0.5836943903361241	-1.5425071181976062	0.33430162789912843	-0.5031318575827436	0.31425334058343507	0.6175694504184399	-0.15960426405162018	0.3913786647343618	-0.09302391322485305	-1.0257623716009505	-0.29380878575838454	-0.4018368466271695	0.5619183086466217	-1.3379305319724353	-0.05744371844680576	0.6860284147432818	0.9871227679215948	-0.21182972284570403	-0.5165055123630652	0.41163413413541045	0.2936005430161749	-0.3625882840195096	0.08099954496867456	-0.6615316490201342	0.598041407528628	0.11056202168386482	-0.254071966762933	0.6137617276648254	0.36899981798676323	-0.18106669920784613	0.27230376332627754	-0.532302248776671	0.10234924649108454	0.002082369912466221	-0.3363967761063843	-0.563364076981019	0.267971547842143	-0.5071904071450448	-0.21206484416491533	-0.39934119085911296	0.020302881302524726	0.3384130178804694	0.40037633898122105	-0.7679255597882854	-0.8069799967036755	-0.04648921733423474	-0.9832075891358526	-0.1656263415068037	0.682586878557104	0.35491606738168413	-0.9073029951047599	-0.32639111128211623	-0.0168349989023939	0.7639126119744379	0.2502252761932251	0.5929632462447362	-0.281341232385919	-0.662707769863337	-1.5944795932805784	-0.13349590493728755	-0.6468785623088164	-0.8310960332074419	1.826307191910408	-0.5971213735927939	1.4354626760980953	1.9980077778188616	-0.5730429815616774	2.705852874413285	1.5974264066641115	-0.5275257706664241	0.6893285483283023	0.0317181642109872	1.2351644170331797	0.12316961829733156	0.0044779822515388455	1.1960289318320934	0.6616725845276978	0.17147197510115136	-0.25437764219363057
DTXSID6042494	-2.972449089249595	-2.2628104262203057	0.7505862958286716	-2.062364045573422	-1.344323050196959	-0.27373982169265926	-0.29331866366001286	0.9393676987666587	-0.2777625649667096	0.16847479290872844	-0.2755135700325079	0.11370707506614755	-0.5711863626411601	0.4412666313499613	0.7192281376415487	0.7269913498467796	-0.890051947017979	1.0619687757420422	-0.5136392508984594	-0.2818552666596568	0.2232952446399251	-0.24497803019180742	-1.0053768844716	-0.8407083875953308	0.8478711990631224	-0.30092947554672544	-0.00247876623366265	-0.4179460820650911	0.026498319054468773	0.05947532694434033	0.9349276793051225	-0.8167532321085734	-0.3571243965594096	0.17914755685070077	-0.7933424553372201	-0.22618078310199674	-0.4376147985292513	0.0431411074933385	0.39556869686421947	0.5882931533551876	-0.19679369834508484	-0.35264774506551777	-0.28376914672487585	0.12919109572439647	0.060195210753146246	0.208467701163632	0.39410952320809534	0.485176525411295	-0.06850959472528713	0.05111586796676434	-0.12746732608031736	-0.004221979827145949	-0.07682295208841097	-0.15566586608511418	0.3108657114005152	-0.8754280064055739	-0.023061950087599325	-0.10683422908599088	-0.06544296346774071	-0.16682082217219643	0.6665579394591186	-0.20107585453271679	-0.13579864255268928	0.7805591402024539	0.02595306572472122	-0.3886327802261506	-0.1272654090036167	-0.15306115975037293	-0.895135584501229	-0.49497700999517247	-0.28855505887733296	0.42231643671472946	0.14854333659435665	-0.6591526125685265	0.38241812049465007	0.21725608352971043	-0.2145773160698104	-0.8475923682683555	0.8101445519939456	-0.12000267555064202	-0.47884860004625535	-0.15161332842917521	1.059029595528883	-0.5625946208383878	-0.7391205904651074	-0.4549754990358997	0.37463566948446053	0.18997581512620385	0.42940283258348605	-1.0769554873649887	-0.16459582068243858	-0.6578044055895627	0.303602406184425	0.6126117019511558	-0.6857105222097433	0.1769585780065418	0.43247708515617833	0.4960302157883977	-0.2827926489500876	-0.253402662494453
DTXSID8057774	0.15902814230414006	-3.865829800845972	-6.365543513424379	2.4184142386827783	7.213669573930342	-2.423266841961199	0.1834013087205921	4.015191865958685	3.4462590503708994	2.904400260683993	-3.7856274313251905	-1.7997592367722286	1.3423528498041475	-1.6090606296773649	0.8487445802394468	-0.3866606013771224	3.184538621367916	-1.2765344336040148	-1.5469017088133092	-2.575356872926216	-0.4136543893492914	5.686165388415785	1.70158766847599	1.6779880744664475	-3.050088867407816	-0.46524256600384706	-0.6078356834599274	-0.1031192167966339	0.6035762962714055	-1.1192045052885544	1.8049753030262974	-2.60060042075551	-0.27976729463992955	4.131757863855431	0.3691909197556197	-2.89375771791312	-3.190197632029746	-0.11768216563260336	3.231146965052964	-3.0935204822744864	0.29477472168588864	-4.886783228349301	-0.04279685580649887	-2.5883544649175483	-2.6787165461505817	-0.8731630000301012	-1.266958262176442	-0.012345327134635034	1.3190560914445173	-1.1261912004795243	1.260833032468339	3.6022463980787545	-0.6422387459486416	0.7867679888600823	-0.577463534712598	-0.8885487233721293	-0.9639115116227884	-0.5320835286391363	0.17486300745246197	-0.4760131121957882	-2.3104789497313187	0.9549718933358106	-1.8558808446740662	1.0873050453445865	-0.8293114561015716	-0.5845991281206022	-0.8351208817807568	-1.0306753871044443	0.45964946717167965	0.5291439636297636	-0.6562015116305615	1.690988635553515	1.041644480997731	0.7858196593759071	0.35708026406225474	-0.257110821066457	-1.5382827866300395	-0.3668162385348725	-0.45703785589449697	-0.7599031822761863	-0.5690892120679689	0.9066025664449289	-0.4471870611963942	-0.4571593071317023	0.9019839028303553	-0.6427595733083662	-0.40537202210699197	-0.09944275075312188	0.4373818626807363	1.3020187449006138	-0.7445303117178967	-0.8177217408078863	0.3855135828022394	-2.3612557025631076	-0.4838925628370174	0.8908025444784958	-0.8191145940579448	1.1552676092368732	-1.1128670718607898	-0.11945003231195839
DTXSID20375106	2.3836378041931505	-3.165014993705995	-6.52766351711057	-7.663951993270314	3.6184547340994815	5.04843757115073	-2.7792943047926046	-2.390425396915017	1.955898192051837	-1.3086970222037784	6.916776331572391	-2.8731618671759716	3.5830654223752263	3.366287943447043	2.492532668703981	-0.5655154610976921	0.332123049669908	0.9601154608602869	1.388805850350562	-0.4551350188710572	-0.8767262564396229	1.1117534227314336	-1.1649569616156905	-0.48509508599779666	1.4320234614582368	0.5429855630447032	-0.461801571185452	-0.37024757039750295	-0.2588879885880502	0.312984086470661	-1.3583784835262815	0.30119049331569714	-0.2759281672092599	1.0409375543120847	0.4060467823350781	-0.584058030651601	0.8966147999224199	-0.529997450806333	0.6245013781296722	0.2992569686828312	-0.4425030778405211	-0.19570412411901855	-1.1851376445683635	-0.5204152300091233	-0.40889684263000237	0.24183454435695678	-0.026804801917370242	-0.21229451433327995	0.24576614021214024	0.04524070273638007	0.01261210270251146	-0.2718132732576862	0.047717903882297116	-0.3825330313737208	1.0123360672155688	-0.3316025176159751	0.31816180204592853	-0.7668313894130446	-0.4419303779112508	0.3942117854348324	-0.713797020809681	-0.532641257999681	0.09886560351475461	0.2018988244720523	0.12088437402526352	-0.6605614977009912	-0.3450045832903757	-0.22393874001937888	0.0355359500334041	-0.14903733857481546	0.5105935319152859	-0.2032217927129968	0.3251168746579869	0.10091655961380588	-1.2135769156873237	0.7090912777507026	0.2747904620582148	-0.2945089448181553	0.14544031181032194	-0.19899694259905104	0.5018680600184058	-0.2909494990239296	-0.20728149036773866	-0.21138139149518992	0.27143501907224743	0.3149834653857773	-1.083070969763303	-0.5565339767373869	0.332968045267394	0.2702566017805019	0.1384244001651522	-0.40400222016330395	-1.0872508777185195	1.8502311948836239	-0.21491714287449742	0.37585330915692977	-0.29797227603168114	0.09758934698096783	-0.4446846178028715	-0.6577795135498263
DTXSID3040643	-0.9293135360419972	1.5316506276646211	1.0203514375772567	1.8320051245666786	-1.041200008058562	-0.4283264154247984	1.9779135562806258	0.44170523784532856	1.445546331840503	1.2508780230174703	-0.16660869766148043	0.4960527829871976	0.22117036130415269	0.010635929306805979	2.9594707786691874	1.3046791093714731	2.393697169446975	-0.7629027203947873	-3.069402459427856	-1.8707016482614833	0.5411540881604069	6.078909271039367	2.172944812601117	-0.1614832543026575	0.6682634022428688	0.5025710351810226	-0.30872670445102884	-0.31787964470648916	-0.9316134902452968	1.3221958173654502	0.7783515745352684	-3.6086780229669055	2.447199406650152	0.8720324207649099	-0.07057416842341173	1.6231631489710354	-1.1813057474942232	-0.6520215566902913	2.3894786730875825	-1.8253414088655302	-1.4371748513195428	-3.148738146141885	2.9956779334285986	-2.930475092255796	-2.4987305999018297	0.672342270492798	0.18853514970159807	-0.9722195485184004	1.087754485936443	-2.0391351709782572	0.6479122236226157	2.6476682073072517	-0.46408940411092275	-0.25541093361466605	-1.749335906014905	-0.7845154747318787	-1.7988141148316066	-2.477164019296248	-2.289778715094193	-0.003368192188971094	-2.513132552592862	0.9186101237127288	-0.7430141815101899	0.4778698447230302	0.04594277619466917	0.09067417080589366	-0.9703261355808521	0.5145075504838507	0.504367387535674	2.178191494504723	-1.8539477411805207	1.152088264498396	-1.507665747746927	0.46482269357958317	-0.4839171740796765	-1.2438468556363107	-0.0930429268329941	-0.29674933155292943	-0.4603972186730341	1.5078144463862124	0.8269263973382216	1.1633038868604384	0.3722544817183144	-0.13282745080472666	-0.021201056641777235	-0.12744673327872988	-0.4080532059867717	-0.8311306709663729	0.6671889045572602	0.08244448496387495	0.5734097846405238	0.05097076577741943	0.14114151178503612	0.7808640074704779	0.006769813810293204	-0.48315105019659693	-0.5303101556253708	0.03753006920406268	-0.511283484244421	0.057182421034432294
DTXSID3032331	-1.834863015302517	-0.4679414511196828	-1.3580406686244815	-5.843837877162928	-2.0437879290844787	7.485026284281885	0.8402957004790625	5.77786888948284	-1.3816258444147018	0.7168738543940524	-0.49971423920171776	0.1830738979923518	0.6615605191610441	-1.8476960628502783	-2.2876439830449007	-1.4873573962718452	0.6632309100459217	0.24109413488507733	-2.225987203879826	-0.10086999310097068	1.954375504083972	-0.042445646018267676	-2.3834373440051153	-0.8769412819960829	1.555222751355288	0.581456522100664	-0.01680771079906436	-1.079726938570011	-0.7897972644330906	-0.39982561181260395	-1.2968823534678093	0.022082066372690366	-1.230445306261895	0.5229979602330612	-0.8584037809406548	-1.1122619494181922	0.5580474792033739	-0.7464231856448151	0.41151283018502277	2.708875230031939	1.6985599211642073	-2.0017324468806095	0.13632282436364232	2.3478783524324256	1.5954975506812945	-1.7608728972226497	2.7832941618031457	-2.3308699655958747	1.3580051319103923	-1.010674850917783	0.8957771974541093	2.3239764368504394	0.9988445521285976	-1.9628957422541693	1.0555852603117968	3.878382811832547	-0.11026049444868423	2.4560134249964567	-1.2828752339438394	1.6074799247112068	-2.2459551893396075	0.5309876033844811	-3.0438810149836373	-2.69214047332753	-0.3388421004938912	1.2053006912295656	0.47231005587949076	0.6836220377105174	0.08150899283921922	0.1006692235429333	0.7296226045503198	0.5783111636982395	0.3363692474218159	1.4374677665584943	-0.7977779544686383	-0.8992370864668972	-0.4482262644535239	0.010533730111952244	-0.3966440489868391	0.08407927007637726	-0.9192974055651315	-0.2159730033471233	0.09186731621767219	-0.856658802503463	0.11560484011057365	-0.06294678960191884	-1.1109425916336364	-0.9370633334807439	0.47352238015547554	1.4312774889333926	-0.8536908368600774	1.2181148366950831	2.1048775689603993	0.6756727592654255	-2.061282806521013	1.279566389616837	0.12682575159102114	-0.1231196989204344	0.619590838505824	0.5129965883596678
DTXSID4027494	-4.779178293273059	0.5394690818746141	-2.062353900401551	2.223587451750815	-1.3299668570895045	-0.6582468490372365	-0.4244774949486478	-1.02376082730291	0.8138376650186516	5.536411913825925	0.3016810944849541	-1.1622546590095804	-1.1745928692588021	2.986954213959127	-1.4190066989470833	-2.4733926300507316	-0.08652313900743291	-0.20300216926976838	1.0456654073082563	0.6422069570403333	-0.44115123100275533	0.4357167430030682	0.5495860525813125	-0.12554777176572432	-0.14619357953749332	-0.08838878555434014	-0.3816120662369333	-0.9972796031292811	-0.7484627546265556	0.9919926427893313	-0.5922920550197229	0.0956011713918281	0.3549833957284242	-0.14591874435507404	0.052481026626799356	0.7831649429867267	-0.12953995902488452	0.6795207192451128	-0.12566260448729397	0.36122794558235094	-0.7569970370543223	-0.21663391409690785	0.6674596660811143	-0.12781173153219605	0.6644895451748972	-0.5938731100779752	0.6112476964770736	-0.049082324922294814	-0.3019208599558473	-0.08915438816288399	-0.1673029679246341	-0.06728982547244514	0.3239704941172819	-0.46790688375804285	-0.753342170883736	0.81875587063914	-0.6019555870932038	-0.5634589084604097	0.03865390102313736	-0.00934427708112328	0.42312936549140145	-0.6117268413298237	0.8159118269383592	0.003538755960432497	0.6567537177618347	-0.10328557221250241	0.12003191165758513	0.0661433062557676	0.27471085726838645	0.6002419794180938	-0.410126656536152	0.17331537523826507	-0.3064262383548951	-0.630622192691613	0.2912124971356842	-0.7046663184339768	-0.3871150075899008	-0.07689021292807832	-0.3615479602533569	-0.08567451787376461	0.14870611363126499	0.1554204650421858	-0.4728558023755697	0.2011495622800679	0.35552880724313174	-0.04376850963668775	-0.4694335756778783	0.05632365056483388	0.4398859997138969	-0.032588353666262074	-0.48236141256273846	0.6590554308254967	-0.1601050320688239	-0.004545702077411417	0.007832231833643077	-0.1721198735116626	0.24085654228932155	-0.056596410878936736	-0.13840405008340276	0.14548531238070764
DTXSID6051724	1.0575672077860214	1.8973698678857691	-4.5508649705224	-0.8542824692354005	0.7102197406046953	0.4579780040743294	3.0724529989498737	-1.8343839781512083	-1.0494576093395953	2.3492272829529592	-0.807107077812578	-2.134428473979258	-3.051263102664048	-0.14504311513956053	-0.07267579528938047	-2.8978633751158283	1.1118551170281703	-1.2193712015790517	-1.227590393252042	0.7557501088223985	0.08736477864035408	-0.48134176949628293	0.24222695065657915	-0.43998975005494906	-0.1849495726793264	1.7384968314154963	1.160512964983137	2.321229796140858	-0.4669269166246969	0.9895488758430795	-0.2749624719357534	-2.4597006478049073	0.8912667508158392	-0.47158835938358035	-1.6045137586681528	0.3788002597888105	0.690231743095967	2.053011349817062	-0.01322125255460924	-0.047814429339868916	-0.6350146943169296	1.7776546284961283	-1.3404736825196717	-0.6102177333059049	0.2582435760361624	-0.41141849530957464	-0.8704773959901503	-0.5635452665283797	-0.19410951895725004	0.6438820837894493	0.5147411638159041	0.05103855330407643	0.04079273877064379	0.39929722417661156	1.1548931614894058	-0.7971796212460839	2.9382092220283886	2.1543473277013097	1.1358624580544479	-0.49365258359740755	-1.0814549902862804	0.08814114892743109	0.7971044751240636	1.4174600048897528	0.26040470236244845	-1.8920947176133753	-1.2185446318218638	1.0513604865880477	-0.982402584098747	-1.2517672971395715	-0.08824572336764794	0.9136069246746291	-0.5343480541105364	2.3677609574209666	0.9632377001926534	0.0026118747664343497	0.40173786028500696	-0.28735658830158634	-1.1159554600496606	1.2830232281397527	1.1058722851193843	0.08290868415645303	0.952556466505303	0.3864483046347368	-0.2954252990918477	0.7195371538426728	-0.6250551339611414	-1.0956338345011423	-0.7870163832915481	-0.7117680422649566	0.014684618838136017	0.3167365629606631	0.2692226604800462	-0.7422628245638323	-0.8434705369051063	-0.9696895963715048	0.44124641773142426	-0.9440767010757918	0.5431629864280985	1.5972120477727052
DTXSID4024014	-5.996018697167405	-1.5078372383919194	0.3750114956995565	-3.262668121243613	-2.13305610759784	4.739441486523723	0.15372009161255787	3.3941041602793915	-0.42917843580003273	0.6967152545231052	0.06352088767454869	-0.24396036742846966	0.7720047329136221	-1.2677309633085216	-0.5861026222764156	0.03398666212331633	-0.8356097231636089	-0.3923495967934727	-0.35431387571608636	-0.29045481651819066	0.06288918851113096	0.10743609612412933	-0.1821451203962056	-0.553844086875655	0.24489883488735056	-0.6800352966896147	-0.406251160111762	0.010450363672430697	-0.24249519741849618	0.14597641322548516	-0.40921785063163924	0.6071470817072558	0.9310083479826095	-0.14797664340326513	0.5955100917429952	-0.10624081465603488	-0.048426162295287185	-0.757626833923977	0.1291285460239216	-0.21969480983879994	0.08038280100326863	0.1269220435919339	-0.22756772571033743	-0.06988041047802686	0.03452496399289259	-0.029922499867356005	-0.3964139470278742	-0.10343897340113307	0.3366535244584345	0.036330448869355415	0.17070685690500945	-0.28201514699820973	0.4025266120966581	-0.03131431632678253	0.279925611745099	0.25420839835096926	0.3203767139486931	0.3176251001060496	0.1740604270571693	0.21084346069344181	-0.8782116277091983	0.2115398537936293	-0.25240621582314604	-0.40473514060944704	-0.3944043559408305	0.2822598479257538	0.31632451756997554	0.3407624825408306	-0.5532424423348831	0.5626863416899354	0.250552801850277	0.8364843948743557	-0.10692857535343424	0.1744037333927989	-0.7737171656673731	-0.37740743357420103	-0.7674371859834885	-0.11457580942564714	-0.7346530294609925	0.12166328101773273	-0.38315508688937255	-1.7280281367713457	-0.9470399818462885	-1.2355939378992498	0.27369215871516756	0.9549602797508611	-0.5106637361917763	-1.0157512705451084	0.6597370190202727	-0.01823791056626019	0.12433191736858701	0.42307717949560886	0.6418019674413797	0.048620851638674634	0.7143154781193387	0.6404460531682288	0.5972663925274546	0.1430007997577792	-0.047754224803679454	0.13680081074778394
DTXSID2040579	3.0029999548812576	-2.890474803141542	3.5226269881168704	2.342582713867759	-0.5933675916221621	0.18795652173965424	0.7076072536299691	-0.3183720334191257	1.0144816385304145	-2.1227310181532086	-0.8033806437072317	-0.21615820066900612	-1.6120614206652355	0.39088536275177355	1.034278825361017	-1.9585338224067768	1.2150747160130655	-1.6652755067415566	2.454597959870301	-0.13015556196938663	-0.0656977497037369	0.685881430935409	1.6467512661160724	-0.3114383930995729	1.457586174526367	-0.021406942291582187	1.3327465808596353	0.059502283856397796	0.3791064490242231	-0.2382213475031169	0.5829238728491164	1.6689123560707977	0.2175479297850799	0.1282521743386145	-1.3941722903137845	-1.1630606121394214	0.1425392275909685	-0.015618467852185326	-0.44691465254509793	-1.1089497617021147	-0.23333056671653096	-0.5603367701514876	1.0539069414181563	0.5687746058721291	0.35716725315846004	0.12376667461259301	0.10826385967509487	0.4596698896317095	-0.02347291872578129	0.6480614991135661	0.02620856626300668	0.6041283649887194	0.3226323595353944	0.42548205582145027	0.509582386356355	0.43212577892314996	0.9625190504440275	-0.5311611731079187	0.569080896756694	0.7812405917460445	0.5211818980418684	0.32204642674240797	-0.03009770543719675	1.1145753095298376	0.503620132980557	0.03183110148517733	1.0711015793517278	-0.28268556334013395	0.02926074362282276	-0.503809303872552	0.03937429323296709	0.9127248737055071	-1.342678920136457	0.7719164729602875	-0.9525515670456159	-1.7343792284906745	0.9566490300687864	-0.10729183205823777	1.458664922450107	-1.6372974838003684	0.7040221218190045	-0.8000741779630284	-0.1936956852104617	-1.0862304844885293	-0.854620464021792	-0.396768840831733	0.18473591063758774	-0.7317053664008297	-0.18006212283438175	0.43939213764802254	0.17852766545693893	0.7745495108354098	0.5284694226402816	-0.3777008644292957	-0.6278109465905707	-0.16836199043090325	-0.6652301583893334	-0.12632755086948516	0.4717058500320827	0.3010161040313969
DTXSID3020413	-5.3682083969279075	-1.766557871578618	0.8851822528912023	-2.037367335878859	-1.6691936471977875	3.449991174704787	1.024706490527597	3.1627702995504854	-0.8238416024505781	0.2127402565042355	-0.2366404947964059	0.15696218041974083	0.5248942338644829	-0.151034392169065	0.49343117947294124	-0.23699445039548173	-0.3063341737898901	-0.08744930407150248	-0.13908989845701683	-1.020939145744576	-0.13719077024054177	-0.2715336038091191	1.5591784769028096	-0.12395506936186895	-0.13702798390718537	0.8110038256856973	0.730194565027806	0.6778728761681098	-0.08020459605682752	-0.3667271221927914	-0.041372300120297495	0.3350682986145354	0.5970333614692669	-0.27469309232512834	0.32008051684827693	-0.2864325018212035	-0.017274253937675236	0.0010557727382593074	-0.19737792279796082	-0.28815599980849393	0.3361098122578129	0.16867616907303593	-0.29678620663498634	0.266526304460033	-0.42651723815934783	0.042147333876766176	0.48867284456077825	-0.10355811795691501	0.14640728802407402	-0.30912618053319796	0.16860254978118414	0.10610072820631634	0.3698686249954421	-0.010770119951990571	0.16379887880720662	-0.373881616022961	0.2871857357473046	0.4863733496298395	-0.3134853096590733	-0.36760623174309554	-0.27824015913687455	-0.053542528400974815	-0.31847180495071487	-0.45798649606128167	-0.43344420246797977	0.08174603629145297	0.34092382170997376	0.39596497913755746	-0.6131014045817167	0.8393781513877412	-0.501760847838527	0.17862386552861084	0.2689332758887572	-0.9686146138478051	-0.46441281856183797	0.8193275031661957	-1.045547159284652	0.17241160864004684	-0.18749198356559035	0.0851565081027522	-0.07311888170228797	-1.0170329994375051	-0.3885211026036722	-0.7189953062996387	-0.1926891890104921	0.07862609648246188	-0.011122884193201317	0.23437593082285907	-0.09971256916428707	-0.03773668563704752	0.1699836102634823	1.0247256141002226	0.37599635669276815	0.14128048616402336	0.4233516218214736	0.34659174039507434	0.5643687886062386	0.818834692870722	-0.13357158955596743	-0.3352811352988656
DTXSID0024185	-6.83414181239851	-3.269477820955352	-0.4688543100037229	-0.41273615487888493	0.48841071634262645	0.7112415401719148	-0.5074422351573684	0.3862635580593057	-0.33109924781877476	-1.21129430754287	-0.5666311060452299	0.08004082083918625	-0.5948313011495457	1.054997862962429	0.2738404595232176	-0.3839550236481331	-0.0595568202815073	-0.4155238327277463	0.03099334890404353	-0.4270137625210291	0.40466340112856386	-0.35359607575342433	0.07877421434376664	0.2868772298991364	-0.20227599949896538	-0.7258777286950358	0.42214817463872567	0.972253661263129	-0.285384181688726	0.6829091872470742	0.3720792793071942	0.1866311727901012	1.3775165527210442	-0.17539686890077566	-0.10064424335604066	-0.19804893703230594	-0.32557484107441625	-0.826508988678862	0.6943220580583767	0.17003599402528988	-0.6032278769135273	0.2798905362479119	-0.388446134858499	0.6520147306615399	-0.6743246292218282	-0.2232071750648683	0.19336813460661453	-0.2726935209784634	-0.07214321312188289	-0.33327318131351436	0.2304305375938053	0.07989415379966633	-0.2368330526462741	0.24427085873787555	0.7342622551514705	-0.8343911198430977	0.2733087447181652	0.14652225631212765	0.22799447983946214	-0.4246549312077861	0.5027723116221232	0.18446948668589921	-0.3624935620875315	-0.7934666762525251	-0.10437011118763162	0.38271996119946855	0.6086367586090972	-0.08000674648522502	0.5051880469552239	0.14695195073192438	-0.5086223790132318	0.13805291799107494	0.22372029204752947	-0.2723829198869141	-0.6693849097840499	-0.34900144000270594	-0.2995134059851071	-0.8697193146594427	-0.34809023442067366	-0.1563544251171931	0.02507495699200496	-0.5496980420196251	0.11663658244951045	-0.678072224694289	0.14145103069732537	-0.08223782624798581	-0.1301946201940611	-0.33968418200092665	-0.7456848377684997	0.5406514982245326	-0.24643339435308795	0.45792703550361724	-0.02601408523920037	0.044196119250901	0.5907952056393222	-0.300056983783262	-0.4901461688243499	0.08007784198866101	-0.46155828448822694	-0.40397971482570727
DTXSID2040151	10.926982931481998	-5.076078595948811	-12.821771599848129	4.312606137464204	20.459390850237252	-7.662127609573053	-1.4168309289977512	16.157485684621687	14.678764689874479	1.4350305428209629	-9.511884990942837	-4.5276860204097185	8.760133580682178	-8.177806503470956	-0.5363519450483436	1.7596601134083456	-0.16915339921196196	1.310830587552412	2.36659593896514	-1.8138198986381642	-5.643172913208956	-2.698695920106409	-3.4764469913542864	0.17552630815618014	-3.5599498290403546	-1.8563595489701135	0.2623926118345838	3.267879141597607	1.1492776809060719	-0.15844836261364964	0.5642231479726053	0.5512182102352788	0.20987860763066232	0.910624659652551	-1.8316539190770087	-1.345676459200251	-1.5955712360703713	0.8692204920759611	-1.0813379742622604	-3.6174224127557024	-1.862733332153892	-3.3169547201495813	0.4671575067779324	-2.035431520271341	0.8617213631799996	1.105212618291153	2.0377570600895734	2.7883005117693225	0.5179950932619682	0.3811744311106314	-0.6786728424891647	1.9205860021764125	0.5406559798424162	-0.10969288209478725	4.170741809693665	-1.2825823572943564	-1.9084802729131451	-0.7062452501016422	1.2860303054677698	-0.2317883491449167	-0.9939833015210309	-7.135487849460613	-1.634970239835341	0.19844024135331742	-1.4172730876148154	-2.2379822600238843	1.6929744462466345	2.0562201557914985	2.929816028354976	0.5524212556514765	2.4822507168610217	-5.382160003193235	2.912054872982182	0.34860889134463957	0.08757381011302427	-3.2273616218064825	-3.9982324795618926	0.08277837973522574	-1.2834115396377508	-3.305779790538325	2.060562547149201	1.240657876936509	1.5589889456383728	1.8257430522674063	0.07871159853963308	-0.32854072287789704	-4.374280001806011	3.194939609736175	3.2293562557608286	0.21651689789622178	-0.3628127717619607	0.053127541888106665	0.8951074187945685	-3.753902955306884	0.996118494153027	-0.8340777331566978	0.904029416569922	-0.3483682793052163	-0.27792641090114695	0.7382810983319263
DTXSID9046572	-5.572373819667397	-3.2385706582676432	-2.5640422639829654	1.9720697368009525	2.9412270446159128	-1.0274592814119647	0.4352313747599678	0.052377196284390776	-0.5597799712700391	2.0081461575905184	-1.7560534124698428	0.520406068379652	1.2926835332439162	0.3057343394045529	-0.052248490817460184	3.0263622971584967	4.663805536510341	-2.790381402159609	0.8189484625146084	2.224072609336677	-0.0363977623621313	-0.9010403838995001	-0.15599694575440826	-0.08094171824361089	-0.4223983140558905	0.7233624768201545	-0.09012272367536531	0.6965779688289697	-0.35560414794480455	-0.17418844395646152	-0.13732158615663687	-0.5680307409929181	-1.2936946219639172	-0.5295328789559143	1.4475109097999088	-2.7500908511828044	0.15236113955815653	-0.9747761646000824	-1.68865980970623	0.24935312386957886	-1.619624582141812	-0.027944650345085788	-1.2261573204084395	-0.327075215940527	-1.2493748225623804	-1.3829019117616015	-2.105678516393809	-0.6828692913781275	0.2467354761637859	0.11779959189493215	0.26570374075380376	-3.2480382226759006	-1.9465083641842842	0.9785391175631163	0.7197689507069417	2.238644541770192	0.19311362918405497	0.9644064170841724	-1.0174714066269865	2.081433249798498	2.28737320591848	-0.8039592311565287	-2.621946117418061	-0.8634515627646835	-0.5122014926776326	-1.1356778354146608	0.5334931685769625	1.4037125800538504	-0.4678742479190873	1.493647793636233	-2.152508941653236	0.9291390835593448	-1.8351269876512906	-0.5009901232517183	-1.4219044852487497	-0.021783444855175214	-0.08193444881133907	-1.3564953730189546	0.2252065421422263	-0.8734283800597211	0.2976272275705437	0.030529185737669513	0.3125128691330362	-0.045042529223923634	-0.40500411490803206	-0.09614221132189879	0.4750535977992896	0.21379570600683664	-0.02308697387370266	-0.10539798687759744	-0.45170938190662663	-0.1976360701868739	0.011733398962376745	0.29208747906741894	0.5210317058358621	0.011270988011251312	0.019256960128128116	-0.02631952520705713	0.2826294241208796	-0.14443311899810488
DTXSID6046842	5.441169461525236	-3.4133237557147824	-7.893074372573437	3.569790164752902	-1.7153318975847494	-2.463511329497436	6.628081455847891	-1.6068462167327333	-1.639782902850708	-0.768243346265725	0.003750935904497948	-0.4365636626313084	0.6166808524320109	2.363700837916751	-1.9950778217333611	-1.2561875257360862	-0.9072405917878724	-0.11997124015471917	-1.0992257677877462	1.0312933508470747	-2.179068294284585	-0.23953304835542677	-2.5136193270823415	-0.18748899965494056	-1.8056815030729763	-0.438636446401757	0.9996988725848811	-0.1121683112354002	-0.36099042318093144	0.8457266963656659	-0.3973739335406855	0.2584863932534661	0.9854847883403318	0.2513168698183538	0.19651481144916855	-0.799542247538009	0.16044797093576393	0.07002621524773826	1.4058639955299042	-1.2687299327500356	-1.2131811804437354	1.6517545140544077	-0.7444522021893845	0.08926318005464663	0.3770883799332082	0.3249086018278162	0.25101141404542743	-0.447281885121668	-0.6114451438941784	-0.6321034111253617	-0.021841956369495506	0.592290023049341	-1.1095315595128241	0.5797072778765378	-0.16320148156392794	-0.20182258332493808	-0.31565321133632146	1.0965892235227919	-0.4072856017959563	1.4844842899345079	-0.03179792378080797	1.4143586669383936	-0.7168350893570349	-0.8480146336356055	-0.20866911754449385	1.2583173603922155	-0.2618245364656039	-1.5672860865969407	1.2047142877680124	0.2812900484312183	-0.04546572128964224	-1.3900900055159695	0.4387195527031454	-0.36084306202026406	-0.19556731791080245	-0.7980554381287656	-0.6669466939909112	0.7426918175308469	0.1434426188684331	-0.6002189092255529	0.7871239656853326	-0.44203904008223416	-0.5490448089195218	0.04201193592921815	-0.2501346974292317	0.7704979145633951	0.8667335486805223	0.7370544753781436	0.18206000323283555	0.15573371962722224	0.2537221964236839	0.019667515474938016	0.6997015764230764	-0.7120895282692703	0.20842604851920507	0.4990548138607139	-0.29548829075716093	-0.7441728597444901	0.4863614928231427	0.33958572496213946
DTXSID6045662	9.67960127621274	5.368694039619441	2.104474223841959	1.4368745021113143	-0.02437292884738479	-4.390761872249108	1.6631278417364859	2.8308584560045293	1.8897607560412724	-1.037681823172939	-0.6974277186737523	1.9476205990675792	-0.22112815200330718	2.0603801351606825	4.653903393990624	1.4316665768720183	-2.478332374424577	1.673585176868902	-0.3483922250361614	-1.2245311956909852	-1.3258872843790133	0.2452569333904069	0.8169867325109148	-1.3412806418921293	2.364279986064334	0.764518342375789	1.8428759524267724	-1.1210009000552204	0.13658655968626163	-1.6004535846026355	1.1584942484950775	-0.5239438862799967	1.5416591729694074	-3.24249534948741	-1.0924976597558995	-0.7396107486966266	0.7482266470808002	-1.5933881624923611	4.822754023860963	-0.24835167023092647	0.392047926439664	-2.2981425455175635	-0.39328508833358655	0.2724278415479946	-1.5111023776860701	-2.3000823561363126	-2.3756304566446715	-0.03533056338512679	-0.5858225701409735	-1.07781259474152	-0.03099205229175313	-1.8987298235105994	-0.5268549975675558	0.6538470406337084	-0.9159018565487974	2.2868834978448507	0.8361530839698097	2.234573854962727	0.6942603304325186	-1.1238032363080996	4.464967146363786	0.8216924579318012	3.622834778099404	-1.6903211734295356	-2.543508604684023	0.7851503432818463	0.635338715490188	2.287924719524333	-1.3314664566551127	-1.303625839127699	0.14561015271215091	-3.6212085198195667	1.5833347132766085	-0.07546556868150364	-0.18940146352673592	0.62774446181264	-0.11979051724138685	1.0246144461564632	0.7073162900643184	-0.8045573654987763	0.5438257287047807	0.16025377124765097	-0.7144457816371772	-0.2793591991823932	0.9461769108561379	-0.23130779418154804	-0.3628733553697465	-0.5232305973214618	-1.5010314727481238	1.3828957410556182	-0.6932318976535999	1.0339013167508087	1.2404291157550797	-1.4482611692979446	0.24843811994677084	-0.15690582428938557	0.19400211490807373	-0.4967868215856765	-0.06780726916282465	0.5466343001512988
DTXSID2046674	29.481889561325314	-3.554752440755502	4.5230902579368735	1.8199646613415779	4.109877756954873	-1.0130878599324527	-0.6552291955151617	4.6787717458140055	-0.7848769140253321	-2.578476084845418	-1.201340313148577	2.413685678142593	-2.126865279489906	4.92099719569485	-0.8063386402407043	-0.21125266323313974	-3.154076028615682	-1.6390193157609054	0.03897240967934881	1.1806590298098012	0.9735686873355676	-0.7602550467634086	1.3817615694298648	0.1978511550333207	1.2177001882571714	-0.17789220088757135	-1.3177296065278468	-1.3322149036352695	-0.978383860613067	2.2883925514023007	-0.27973015976776516	0.24927268424370314	2.854936127486969	0.759903958958074	1.954376488024987	1.2964184008378297	0.24055093473097713	-2.7059200189475465	-0.40632572889468027	-0.09310547498360153	0.4753103940913234	-0.29522525622647877	-1.7065493300827603	0.1606245953904689	-1.2784709596746853	-0.7178192962223958	-0.7987739771511089	-1.5922299107774316	-1.1435698301128372	-1.8709430430042606	0.371076197517511	-0.8722288091200271	-0.6615235392470089	0.6520197183564235	1.7667346733084481	-2.9346324069184657	0.7183476356720717	1.3511824031834752	0.8195322332462706	-0.4825782298937544	-0.13089863664914209	2.622715996510635	-3.082133775103494	-2.3572970914636353	-1.4260926566436287	0.3828891463224236	1.4619222740918703	0.31842504839909475	1.415123865560894	-1.7527917905249188	-1.8760207541544824	-0.7050818723274073	1.116673501308481	-1.7928755441935926	4.652343985311529	-1.3246713594160362	0.9763307487454669	-2.160358859765704	-0.7587605899962305	-2.4615830149627294	-0.8371622177219525	-0.967828966866987	-0.9003934090744076	1.0393419463444504	1.3600451554009325	-5.100280229808436	-2.695378102076641	-2.806711416305881	-1.8815397630588617	2.1209794092455887	-1.7552332800145711	1.0453413030694287	1.8368441669473565	-0.34613328170404956	-0.586970450486938	-0.23365042538028685	0.09816008366292225	-0.08471237217878286	-1.0779297011822249	-0.26342576596713996
DTXSID9045637	12.703080371512153	3.2912158457963967	-7.97715480811536	3.5833165434278866	9.886821928070294	-6.975571227806506	4.933882091042177	5.079296012168746	0.5504112007450064	3.4005928502994633	-2.0089209011751996	0.5917493100205858	2.6162134813317777	1.4523685654210792	-0.5243590623696948	3.0081330617178077	-0.25038090284325387	-1.6769082589680493	-0.37158877033861193	0.5725057213622973	-0.9902234471928993	2.508301388494567	0.5884980167306099	-1.1723975907812485	1.5050973499013252	-2.481489644817383	-0.2511768785380124	-0.10322112340442584	1.2939792343174892	-0.4916814495677019	2.4558104850589753	-0.8536191454002887	2.177689704266997	1.6749180106319894	2.7144084992606095	1.2484298451334475	-2.7830744777882845	0.6868362186297869	2.0431099346999373	-0.7590935799570943	-0.8727738426245831	-3.0765472697146907	1.1347863877075883	-0.9504169600900771	-1.2612337812677934	-0.00831013582620789	-0.2149134282848242	-1.1679672900492069	0.9176380993398572	-1.7482492725670775	0.46383998168107476	2.030334816078998	-1.8761938927918278	0.43466204912557427	-2.758143327988955	-0.4558210689732688	-3.4251646472947233	-0.4885682849232495	-3.039576246142131	-0.0718561927511874	-2.8119064401898175	0.2624990343069293	-1.7519543515367757	2.2275285295007827	-0.2095870042590026	-3.6576168814517622	-1.307312939155748	1.4537372572605178	-0.366841992599873	-0.6843053528875481	-1.5641534443060163	2.767256804246674	-0.7818769849871579	2.8799449123472844	2.4845546717087816	-1.3956762513891836	-2.470902442187263	0.8698382483358953	-0.8438066909085274	-0.36615775533672745	-0.6748442842988692	-0.5292762456623565	1.9107686259630459	-0.4954125212063314	-0.4186330080483387	-1.2917142601259233	1.3819724667292186	-0.4559199880471104	-1.1256598189962492	1.4787337997299261	0.22786209557223044	0.530445689923085	1.2479668784788456	-1.771635180702217	-1.563720665025588	0.6024780442054726	2.5332321771937143	-2.143507885239359	-0.8632901797010347	-4.625914122477639
DTXSID4044450	-1.3632060852755694	-2.3771558708814893	1.7769701688654802	-3.256380562671265	-1.8017802104672471	-1.9779884945028277	-0.4750919360235238	0.3880350115168115	0.44876775351452963	0.038615302619934996	-0.5944141792247624	0.8420576925226667	-0.34245035712790806	1.112782299689655	-0.042365738109812805	0.26084453697847454	-0.40555170189356843	0.830829203687715	0.8087930689794186	-0.6587153211073157	0.3832645566088581	0.05506394416790089	-1.867252392684949	-0.30386778523163416	1.0018609488242678	0.1588620035145114	-0.26298191577972396	0.1538412293688164	0.28211804670972584	-0.4093333576393547	0.6545656986807694	0.8416446129116747	0.07127912821843198	0.5519444021655099	0.3073579660656286	0.5412604823465437	0.16225640294763571	0.3780151364850272	-0.021554082763296928	0.07603072711230645	-0.2524529170137671	-0.7497734022655552	0.2266523701108135	-0.49756403626049717	-0.05285814113102044	0.11757687719739911	-0.5869879875489418	-0.0768898473955474	0.2699953810184931	0.1606766091720332	-0.07258068564630485	-0.188482017509571	0.1852377941291359	-0.3073596853917128	0.25441210324211994	0.09850209795055204	-0.2996469359113549	-0.03015902965772669	0.41748927673020714	0.3625280879897044	-0.3839247749603145	0.47825945643959816	0.5144313035077559	0.42430579285424963	-0.2434108791842034	-0.7786624174245469	0.6722617952561327	-0.44974397702107166	0.19642260265350334	0.322319347016802	0.5591388673883436	0.07967446895685942	-0.1918152631365513	-0.19056694341817992	0.18825381382517312	0.48173291010054614	0.6929059760171757	1.2324131310443482	-0.270157669837704	0.2851877927191563	-0.818145112901302	-0.8516620357155238	-0.08835429976274412	0.7389159788959506	0.07152102296159861	-0.18264071355407707	-0.5938840821100385	0.6038629991170374	0.4473743677278769	0.3155898804028366	-0.9879203484118145	-0.4532152472375095	-0.3462432647807172	-0.10921668574042342	-1.0740804346591923	1.2073307302655707	-0.1269498383093805	-0.11320225166850381	0.32633235005636285	0.009834863752575378
DTXSID3021356	11.317357163122615	2.6675901515917695	8.921618293299904	-1.9163437559975596	-1.1552631501286823	-3.220478197181563	0.8892474106629521	-1.5985996678217753	-0.033412255583825566	0.9393612253528516	-1.8278589244313785	1.416522260879391	1.6946401639957496	-0.1495661974848198	0.305855579262349	-1.1207989557312132	1.0057619982590131	-0.39503810472744144	2.192395768819784	-1.1338309149794255	-0.9492857224409343	-0.24543551584216416	0.8442145523131264	-0.30704636244481937	0.9311725269383402	-1.417926949391338	-1.1229107869864494	-1.4347720273151583	-0.007907919530604726	0.35330412482322676	-0.9917408793528614	-1.1587910128438124	1.5783384802398561	0.6571288890327129	0.5530047802100306	-0.3041054144471429	1.6475620126292534	-0.5911164713012705	-0.04905197733025282	-0.7420738607304558	0.6111365031324789	-0.5517404836570197	-0.028408287979386444	-1.7302932946684582	-0.2070392883034556	-0.09111399679514703	-1.5374785464506018	0.9677583242867905	0.052889432254926254	-0.059907221707271745	-0.04478642566839606	-0.17900456042509508	0.12038364615300481	-0.03802934643375358	0.44083974290905353	0.8689307667897135	1.143127266340536	-0.06905572861286187	1.3503896529192194	0.8617653100410324	-0.7055668210228414	0.6075297435815731	-0.23631635587566902	-2.017849222541412	0.11387873506775216	0.617128093439708	-0.14220532166253239	0.8605663371303242	-1.0285515673468768	0.7127964940352355	1.7331011112913226	-0.4475345826422181	-0.1211854044773953	0.2857415867223704	-1.561995099264349	-0.5134040016313264	-0.4872780740430138	-0.2509827048766341	0.917691458823777	-0.8822558236144988	-1.1532687202851317	-0.7347648350662653	0.540266450957288	-0.7756439207265465	-0.18059707351313045	0.019419843430089723	-0.4047827933148309	-0.6316361163274603	-0.9590573334493262	-0.3747908522241627	-1.0099727335645665	-0.48308575283430133	0.3928667845212582	0.43443345548180806	-1.6092035563020612	-1.286171211159318	-0.8546213594104493	-1.1404147090195993	0.8816891620899416	-0.556267532108253
DTXSID0032605	3.0982746787905606	4.137014700006141	-0.9313561303125572	-0.02410593017452536	-2.123173545443491	1.036901612495658	-2.712881128191423	2.2788800013588033	-2.2893523946144567	-3.352612108873769	-2.292055122729964	0.7853084413225678	0.602524660655135	3.898357506361769	-1.0763778705296845	-0.7293970316504805	1.3526752622500136	0.20144979856698358	1.871000691837959	-0.09100329948398846	0.7882353983176218	-1.1326833403056633	-1.7373267160263801	2.1921807049552346	-0.6979259523973674	-1.5608603825063787	1.1081056190027958	-1.005402251498746	0.35732680304458836	0.7781613451056382	1.027253029407112	-1.0110987907180138	1.6935845026506262	0.6047071572806368	-0.026004462067945468	-0.42889343193182233	0.8613403863534401	-1.1259457115883202	0.012580867138182851	-1.281814691377647	0.09676665102562176	0.27144755502164103	-0.5629984935943214	-0.3400085143481928	-0.8710523540833048	0.41699728386930884	-0.12504457766134974	0.058623923230682606	-0.543612556119979	-0.5421742730493925	-0.2906030834462901	-0.27998523967685096	-0.5659067017073505	-0.013091147378810696	0.6017313253522096	0.01800631129931868	0.16546221292891322	-0.0277504442662471	-0.3138203159080234	0.23072007296998318	-0.8495848082768461	0.42444946392802957	0.3291249978191677	-1.4667728535816675	-0.571295170288911	-0.20679080113200513	-0.8214879740388652	0.38269946056286175	-1.4268957500989923	-0.5157408475380408	1.3386579492594517	-0.7315667435878574	0.2026266650045552	-0.2567154101860829	-0.4922221855903086	0.27662300229175757	-0.8447430100891177	-0.34358511586119966	-0.2789410712914084	0.23856108261726533	0.23834642438530768	0.5311597215089097	0.22623705259720941	0.2138430013132885	-0.04658936319656323	0.3831461370376062	0.7925203183127717	0.36501269926183494	-0.007905963364221082	0.036745574043852716	0.5482461635748678	-0.7098764654251588	-0.6473616224016862	0.007389723726188592	0.034787696664348756	0.33158556917062093	0.01601031435639248	0.23725011905163357	0.06367434499560053	0.20952556626382024
DTXSID6027503	-1.4555005274524295	-2.910969632208589	3.0361257230315464	1.493028725148754	-1.1120960657999404	0.05716711966121205	0.6689784631076182	-0.6985277409252	-0.0268590938353028	4.67350766008377	-0.5451605538232929	-1.2576901405688319	-0.11162936097727735	0.8295662358507817	0.35760687035455113	-1.4701302499408664	0.5301608509227693	0.3063419927373742	1.404371293271831	-0.6444213836459577	-0.4867168307314667	0.4511199086579615	0.09064295416239718	-0.40054350079845225	-0.02236017269804528	0.10650450424549504	-0.3776703806515963	-1.183183250695276	0.16570800484010648	-0.9516122914417295	-0.10327513326659453	0.5153162840159695	-0.5398388940230893	0.8326751782741166	-0.46655066612439605	-0.6343418879641067	-0.22980347389520306	0.6200861428346528	-0.6535102681555778	-0.7185191641286043	0.535081495213606	-0.1246105708131899	-0.17723235173340846	-0.44520200264829457	-0.5196336772142217	0.4127542317771319	-0.40819955940100655	-0.08559314892543701	0.034247082121652526	-0.32017972268120015	-0.07749196047006322	-0.227703328215826	-0.2547507865044987	-0.07911835943934213	-0.33847822100384456	0.03138867274860516	-0.015765842852987308	0.4852756781744468	-0.3178784377119996	-0.2595223429903143	-0.24729903451465818	0.35414253379716	0.3160233934889851	-1.356098926243479	-0.19389397774021652	-0.13553489763961082	-0.9162584327838927	0.07082337176335188	-0.6749648684706097	-0.2558238526254776	0.2554005202243785	-0.6779352492338775	1.251608592389703	-0.6166013280302872	0.06619974493860095	0.2980512077183333	-0.1308607990072587	-0.6487842221747917	-0.08431146174186235	0.3975159454579243	-0.39800292219999395	-0.2388718254862074	0.6271755134760995	0.6401246393171639	-0.9018339038139018	-0.13904323071724206	-0.7476637577282609	-0.2173931909149256	0.36064599022899163	-0.6753624110590731	-0.16712420388514235	1.0804557936297057	0.6189756023140208	0.2587904222554389	1.0687076278414942	0.2648155903997697	-0.44197102541716093	-0.21867912383189397	0.43179751757872886	-0.5943542369427061
DTXSID4052550	-2.7956916179738296	0.21268120673962887	-0.38857722302607817	-0.5802467344816452	0.09085654153260546	0.6679374355489903	-0.5891882680009117	-1.373715746681238	1.110946735675215	-0.25144746911653915	-0.22521947216354435	0.6174756113624746	-0.8902567182749141	-0.4267774939828235	0.17921920680589187	-0.09758556164820643	0.8972929415163541	0.806580984900409	-0.20304464407092224	-0.783824392885091	0.880506664650541	-0.49679871813875315	-0.1705477929202139	-0.054489732223912644	0.9400496713115355	0.26375279854320394	-0.5401202824319917	0.1331344273061501	-0.2351188621348444	-0.1930515766715002	0.7719328387148816	0.3699711728226357	0.28961586812421825	0.3170758892020488	0.7784406857117662	0.20870783919046473	-0.2537893129490796	0.2980237792021213	0.04989058720083969	0.5423911324573074	-0.18722251007616597	-0.07720975872916248	0.006918909059337045	-0.1595714056440944	-0.3169852447104104	-0.12293969146318319	0.06423434975006222	-0.6526032471572663	-0.17373135309992133	-0.20256096029896092	-0.07577341359041502	-0.3123221570841819	0.04178361636733778	-0.44473842303916755	-0.14007522194602368	-0.015343110776041821	-0.2709891369907204	-0.04731584335340691	-0.11849075906242006	-0.37287847830672927	0.4087065472693071	0.38441330408168606	0.040778393030263434	0.34979050572389714	0.32267266501694747	-0.1916893753714742	0.04375366855680989	0.40340983657870744	-0.11862592384894007	-0.9614099530454235	0.19354796368994556	-0.032008300345463626	-0.5993545218039532	-0.1267351591394733	0.2788312547225473	-0.8189621529072802	0.596474684365724	0.9820282408314813	0.24991417653765385	0.7571831964910022	-1.2808338134496295	0.27656876257254714	-0.17629499872975685	0.0360041034184701	0.40591742630890837	-0.2949614376754781	0.06274855872573404	0.4635836714305497	0.827160676518306	0.28673817892643205	-0.3748676874632355	-0.9844036581797491	0.3253413584478751	-0.5101558719261196	-0.412842763468943	0.4575471644995351	0.01244375822298527	0.5422373376510279	-0.5370017029353634	-0.5928857486482686
DTXSID1048671	1.393592566910449	5.977367773533253	-2.6198574325359263	3.770739907030286	-4.647942443426361	1.4775556888052825	-6.765157065399384	-7.72871305440687	-3.5919438293682586	-2.0582046464022734	-10.508000908135097	-1.186692292419458	11.889106825414421	-0.8350675524064559	1.335966150485365	-1.3077230228344177	-4.778214803489698	-0.6617099571252008	-0.723879385288722	1.113183323018	0.6884105229942518	2.4074576658649933	0.4038763597182671	-1.8573236960187813	1.642412154630954	1.9943195870198638	-0.5539950269492642	1.356061163593069	-0.8733155824196448	-1.0680228913473682	-1.136040393161482	1.0215795892755073	-0.7448651574351364	0.6435435506042417	-0.3530441256178281	-0.8241229942685373	-1.771592221455665	1.4509057786861541	0.4306846135126064	0.011478512381708942	-0.7751061746292384	0.6453548645599448	-0.04849462944632999	0.5154427345168453	0.46503586990690915	0.2590072378895755	0.27994685237256317	-0.8011603797471953	-0.02257727998923894	0.4563761414174608	0.33453230403903034	-0.33421542884452204	0.6732085528771066	0.3876537534187931	-0.1001931467065206	-0.13422377810101077	0.3563444250912159	0.09448844793141993	0.19940678827208178	-0.44571169906514907	0.8671177522709762	0.8542112892041325	-0.4877493995586228	0.5510601090692195	0.41694150810384545	-1.612898197844013	0.7900795894219561	-1.1540748320771705	1.1360777654679557	1.0142594669808094	-0.4498934207582446	-0.9719498746540707	0.09013041511107003	-0.008725779995775547	0.606083541314683	-0.4669039706377343	0.15501108306358075	-0.6836044921498714	-0.372294952282818	-0.7306695786916962	-0.5530600802912001	0.3498795543110135	-0.9166088773129744	-0.22025097771812516	0.1915213860642444	0.1538981381939095	0.13151051194059657	-0.5842373225295949	-0.3800302824820924	-0.15798820609321884	-0.23390621225927188	-0.06951093460171051	-0.5884916337454821	0.09285093834673361	-0.10730902569755461	-0.13126919610776758	0.7031196058635361	0.3027504582842635	0.4493544874964819	0.12398281864585559
DTXSID5027772	-4.5482086405451465	-3.212478396030035	0.8295039078059838	0.5650515385737578	-1.089326461305985	-0.9544423911877032	0.17160678793886977	-0.6147145776252646	-0.208771891923942	3.8978543621272395	-0.5462473409250305	-0.9705997513432469	-0.09617715981878913	1.2096333318165098	-0.0828407401909641	-1.214454884625426	0.440725511424471	0.14904947805281	0.8617310650440926	-0.48054712903969177	-0.3688603494259079	0.30058057346779177	0.4872020470546513	-0.024819594572415147	-0.3131515771353918	0.31784622233228044	-0.16440248795690227	-0.6408769088809563	-0.005703146477496457	-0.6723011398604799	-0.0363741847623562	0.435325961285767	-0.41665586822234973	0.5984473343967917	-0.30188838640036764	-0.6153437819186465	0.12312549308800513	0.3899817642245117	-0.13694945744963669	-0.30751785307687113	0.35274936805942464	-0.22134532913713795	0.02631486826615103	-0.3373190015152888	-0.46349353752142025	0.23607170370732988	-0.2859600092622203	0.05932970990292524	0.056385781564853	-0.057801509906138686	-0.026890597724334907	-0.05379735192389192	-0.07453638107260137	-0.10441842703407815	-0.09683221602437767	-0.023779313428256052	0.14761056819815438	0.12235359727327957	-0.13904123273025537	-0.18197079857325243	0.054618977924083524	0.30928709296213225	0.04736661234805453	-0.8371693317749752	-0.18514109196483444	0.1209972860810661	-0.05493314778099712	-0.19147671232637578	-0.7028195747802217	-0.1953782977969796	0.45285635518782885	-0.34009854411779705	0.44826340727380554	-0.4816422393232184	-0.09719544218316786	0.21927668169598766	-0.21203157411852672	-0.44327560131081556	-0.0879483236129616	0.44470010042395103	-0.6078866417127807	0.15109115816854737	0.16276870548127975	0.5941917995027359	-1.0194373642769299	-0.1584004055401198	-0.5630631236172119	-0.042864613194446254	0.43079874635737175	-0.7402509313921374	-0.2798002025997761	0.6412623805082102	0.6668039325284091	0.24479622786551453	1.2314370203135718	0.22725437093702322	-0.34234134701623514	-0.35883701451915045	0.8356107549786931	-0.7300140323947207
DTXSID3030189	-3.208255919034457	4.587546837582334	-0.7751704552054784	2.183613194414445	-2.453293963747454	-0.45082807873158537	-1.6792088899317803	-1.1533268335775426	2.003718459510876	2.2067757356663185	1.2641071620904034	-1.1955530584946328	-1.0103410839032194	0.7416106199134866	-1.10478513413188	-0.20085540763797605	-0.40187121961958294	0.07707313815146817	0.7255798009383334	0.5950302844264701	-0.680635116604769	0.3606489321683809	-0.47144294852936486	-0.055977342422178146	-0.08130426030132881	0.6274128125759395	0.11034831920387665	-0.029810954429506216	-0.339882699866857	0.46373730487808196	-0.30273848266749015	-0.8364949853134266	-0.5924429930299148	-0.1315499993090926	0.2624543010021707	-0.7002064129038228	0.46468253294843437	0.24753947266479395	0.38075773321936807	0.15066585342551972	-0.2125479037093849	0.10810890332572404	0.28516325237079854	-0.0844283750545381	0.5876514863006578	-0.33396202414209475	0.09225870531636143	-0.30325696970631166	-0.04031348061343599	0.048433759450014637	0.19423173903453192	0.006922455345140966	0.24164720850363972	-0.2523452524103795	-0.39888493058501245	0.0791392861668256	0.11536176568930845	-0.32107178213222226	0.5790009969689575	0.21979242218071834	0.04246516625047258	-0.1506148456858258	0.04002063272593296	-0.0009228936935282334	0.5118460095468383	0.5303148990991202	0.06047763015053907	-0.46742809661591644	0.22675883419066237	0.8221904182363703	0.17528942425282298	-0.5631000254977527	0.588905205225311	-0.638160541594126	0.31352079040172354	-0.28191027689672427	-0.15642548090088296	0.0016303562807526788	0.3019690709983732	-0.03857273852904614	-0.03165531040477195	-0.01069162698839593	0.4089920491798963	0.23733347127985627	-0.457761713899152	0.014882517312904586	-0.40958831123116685	-0.25456316924096795	0.0161766394825479	-0.4642423724380583	0.11802408175740638	0.31320219484343925	0.5397728222086311	0.45468314257070863	-0.32930736949044576	-0.05610725008576202	-0.138509142522749	0.39705278084277174	-0.8635796457094298	-0.26354813911100955
DTXSID9045891	-2.872578243581373	-2.870589205677589	1.1037661838600126	-0.5740750036350887	-1.2691757810116384	-0.12479931493108476	0.13809484175540962	0.12865985687042703	-0.40428788293315066	2.5172629568215115	-0.49395251014546315	-0.6539400514547349	0.28964096820179686	0.4564655262800388	0.24254549911048473	-0.4424056760936289	0.25937301600896606	0.3544369810252639	0.1662436227356813	-1.190248855918268	-0.5199111816816798	-0.3324993386140226	1.29890800818301	-0.023801224382589248	-0.03267746622410654	0.8800710164357362	-0.3307549836003573	-0.3116217880387799	0.1613268367323128	-0.6818498434172413	-0.8589130929390322	-0.24084459806981956	-0.11114834193117736	0.24778109018221303	0.37471543726834833	0.5189165965972738	0.46470531270798293	0.38127910464385956	-0.8454194335267391	-0.22318229440811777	0.8061740014250358	-0.4411546940326318	0.13959191916117036	-0.24738220687399498	-0.2984324191906907	0.06221776680069185	-0.2726783333083366	-0.38504560181544123	0.16541281356174325	-0.444291063736106	0.05564197681592631	-0.22394330173455584	0.32180734283088164	-0.13735807901599031	-0.18189146078232346	-0.24696873972572767	0.30745134255218315	0.3515823816183792	0.36963339555206987	-0.04408098781907102	-0.2822465171697082	0.17243639267034755	-0.07938867871435579	-0.3495484382379466	-0.4726500292073125	0.5797027322541755	-0.13074113975714693	0.3513558508724208	-0.11879872715974289	0.09575106610938443	0.525048424027993	-0.7356809879853274	0.7994789081506494	-0.6047023002680357	0.15658337958378482	0.26380029699128127	0.28020810618362824	-0.2726900422482003	0.558839800766159	-0.7478331435204694	-0.904747858031728	-0.6021558730083635	-0.4149570105058132	0.11950144712048079	-0.8460603484436763	0.29161430698555957	0.664465468797768	-0.49570378955295397	-0.3044776217877096	-0.5059459591003992	0.6359880810839457	0.08467556189197696	-0.23128653897811075	-0.2709398095768331	1.1898684453581554	0.07596594163451086	-0.3247281997012689	-0.32304009468731837	-0.10620077103454592	0.0774810508596083
DTXSID3049043	9.704017203666485	1.3545652360167082	8.507857513783495	4.306141219658834	1.7517444278927472	1.2272423687466636	3.5864288929083132	-1.85100924204895	-1.0664699660260737	0.8471506968274306	0.6205847924296124	-0.4516911181607776	-0.5623113976410834	-1.1642832086554837	0.4670182914606232	-0.9228462800490574	-0.6481653098087431	-0.8584203847624824	0.9269688504378215	-0.08633210305149161	-2.01889245679784	0.11963564252717915	0.32828901579451414	-0.147708579140466	0.7368168832626312	-2.254648121710223	-1.4520293146863306	1.2944446104112775	0.8080902434621635	-1.1962318798001899	0.8166812205547889	-0.6963641627817584	-0.11422375078265685	-0.3872727828016112	-0.9063988634411522	-1.6793687280859984	-0.3588539955360241	-0.687369971015454	-0.4348584207799915	0.18929333028000947	0.243626149844236	-0.10665344791209759	0.9716836367679317	1.8089109238461587	-0.5025679483932295	-0.6448173681297168	-0.36784542199793663	-0.6404531827346575	0.827586394104504	0.5209127856832364	0.3074266931954623	-0.7821228624743143	-0.06339543257221245	-0.2705603149355925	-0.557340085429417	-0.42766163861552264	0.3024357906330185	-0.8516359829853537	0.7694878724089419	-0.477421356955775	-0.7263708172118765	0.15859834095793623	0.11701353494391353	-1.0039955601038872	-0.26736421002735217	-0.21842920748817257	0.501706933549745	-0.8832812447532806	0.19431570250329938	-1.4750906718897472	-0.3835207592886287	0.044294604924171116	-0.7918491774544287	0.43577635008311455	-0.5612549324535967	-1.1151672746007548	0.06780490071801405	-0.15352472311290224	0.5928078367269125	-0.4185628253859816	0.08491253250506986	0.01661858081249355	0.8724342986004728	-0.2051219329620336	-0.6048309393754788	0.08580440601399011	-0.34268882625659036	-0.6906180002318401	0.041184605175667056	-0.5254774268254558	0.21618327954323344	-0.7899885332519917	0.11931774226956537	-0.2064019343726962	-0.553305572026933	-0.7157526719872525	-0.05428757625984203	0.10774880037350124	0.689043106970146	-0.28595492419165414
DTXSID6047654	1.5269624580082652	-0.7753124688285139	5.50063685229591	-5.2403430975584895	-0.08330748468312547	-4.154372891803356	0.002018351037363254	-0.12968807112563924	0.3503611988336949	-0.20099162907844617	0.16704111561571103	1.0104325939896275	1.254003308912046	-0.7316700547346863	-3.04370833591517	-0.9691080642104274	-0.21503309959995198	-1.3631844062302878	0.5868846829937604	0.6096556546786347	0.020834314046692663	0.7417093842813446	0.06847268242922368	-0.19990086276113064	-0.5289034527019589	0.47190161275130676	0.3996557464394095	0.23077773213728991	0.3973963067599235	0.5535040842781478	0.7267921457354161	-1.101182967748128	-0.4765363262067878	-0.5834912074638006	0.47408442661659367	0.3575783214351038	-0.33116665543830787	0.4192148780731863	0.1401369949960355	0.801087356545668	-0.00911669863729863	0.17972755690854214	-0.18409135159730727	0.03280199982613917	-0.020357088891444483	-0.11589442277673458	0.3709488334489116	-0.3079074060485017	0.05113579205752625	-0.2545719615876775	0.1294852651798308	-0.010022577233633527	-0.022585706297842713	0.0219232215481056	-0.16297054324642893	-0.001922042720160386	-0.2756718207990406	0.043649704318684805	0.2078214101861714	-0.31186550302318583	0.37912390103526805	-0.21076780473112292	-0.14024122855467394	0.05793180697760166	0.4344410194960003	0.1974068546482889	-0.2252012997607726	0.04011810923435634	0.11358740338688089	0.38781872706018944	0.5556259297125602	0.19084940591814104	0.12301548582707696	0.08758163788944386	-0.30808234292917797	0.21006651733289677	-0.20810505337388716	0.48965329681472697	0.12415231010629722	-0.09058199581312154	0.5609522376101146	0.07121254588389772	0.12329001738827977	-0.12616400230735503	0.12512181603827166	-0.02726073096918387	-0.0875249018836263	-0.6363462098233197	0.05078267854202322	0.2138222523415124	0.5261399873308823	0.11903610050780293	-0.15470747688832054	-0.3006815177193381	0.003690903111031287	0.027351793060198266	-0.03380925024534774	0.25076139285055205	0.11369002894455218	0.05367378337192106
DTXSID3045439	2.939284415828356	-1.9723536371570594	-3.1846916324276737	0.6402251358549084	1.969826861497635	0.4433028624420134	2.819358006007904	-1.4267478849352686	-1.1606306884631887	-2.1929436096275046	-0.878792186340277	3.200484826467921	-1.6379234058856509	-0.26343374446762685	0.8756624236119421	-1.1668360690936077	2.7699875434246617	-0.7918638711042884	-1.8345166284185899	1.2515857301025028	0.8030174673227104	-1.299716792541747	0.9666536419749528	-0.7510151465364978	0.7012374130688924	-1.4308217376659451	0.2974797910251501	1.8012619169713309	1.5765457212192222	-2.2669746443028793	2.3047680115943296	1.8402486307633592	-5.300513622835579	6.197787620197623	-5.716428735742559	3.862018811427912	0.9933553012473216	-2.2271694208253328	5.408860638812401	3.365958455538461	3.387062491990983	0.75108712461342	1.9561156907202664	-1.4593863203519564	3.9841562197823532	-1.4211833905702453	3.8142410038795376	-3.486702606949315	0.6841778271445985	-3.3369176227607076	-0.5864189020904602	-1.0790090981183158	2.2935489774790248	-4.688417328539864	1.9033263130582123	4.435625607249559	0.8793311456746459	2.1382792516332496	-2.8988990376023382	2.3214343921468914	-1.2328161506395514	0.6188613719935745	-1.6461784645690052	-3.2372980050875335	2.565761796660238	0.13789911220212764	1.2520100806807437	2.010989541519893	0.8214917399006954	1.714192681386703	-0.09137482139157076	-1.6226910249505238	0.50348351568954	-0.7316567283847967	-0.334160488090743	1.2758957411559242	-0.301335332484112	-0.46666988476844856	-0.4634432021828785	0.06196652497179717	1.2025055235514155	0.7690505524990088	-0.7111721615549996	0.3473414646283392	0.13798637514884143	0.24809821779725036	-0.046613146671928334	0.48581318458123685	-0.738727738254901	-0.9119189603714866	-0.03221608428369238	-0.08302790972872598	0.24602488303389175	-1.405059036580681	0.04834968279647326	-2.186072059560571	0.10879974379362753	-0.24445816239499035	0.24910492452969407	-0.00822496574898311
DTXSID1025726	-4.255733652021471	0.31848553910317223	-2.897902481582653	1.9073492514278239	1.1560982373096818	0.04092365287175242	-1.2316067340199908	-1.9285600634393036	0.4325088765522977	2.6462127669680577	0.7136265745140726	3.9899058355787704	-1.2379589416289611	0.12171644811675252	-0.6690438359990943	-1.4298956470431134	-0.5848050661358513	0.14451736642542828	0.925139592022161	0.4103753683116979	-0.25642566849996007	0.6494067549051018	0.6879357260251329	0.41497560374478487	-0.45136014777883793	-0.2687482859087736	0.7636865142071546	-0.007538174338023876	-0.1731072254917837	1.1313034252500374	-0.3352490488742261	-1.0456852062683675	-0.04312318381641752	-0.3342472168785565	-0.2791415335077107	0.6654927464532492	-0.2179996412058931	-0.15570671095009642	-0.20708051996204221	-0.065463550229487	-0.5850592368728582	0.10366305771370081	0.14661079628796014	-0.09165282528126757	0.8884979112858081	-0.9272019403323299	0.7023855999310292	-0.4098902121353367	-0.1571687434015889	0.08587134244163316	-0.07799726613967911	-0.2047507328996273	0.3440310245638882	-0.1963618426379473	-1.2239615078247512	0.9815148112716855	-0.3050338186535367	-0.18905198180783597	0.01684762021432314	0.7074143961434501	-0.4829302715775645	-0.9642180361775381	1.435046855650004	-0.29920918021385073	0.26345337353341874	0.379137281297444	-0.22563925369476281	-0.5842005320699029	-0.0972506297641647	0.26505329509472664	-0.7861376414356618	1.273886849983199	0.28801059508524307	-1.8188214419213105	-0.539501766269982	-1.5235621785682711	-0.2988061202045822	-0.18764492218735768	0.830869441122543	0.1935440360777013	-0.21924873605309958	0.1063334167400142	-0.21003204293977368	-0.6102584111735825	-0.007484716859989442	-1.0765459247265425	-1.8129784841288468	0.38020316241525914	-0.5477350351013187	-0.9236643441422797	-0.19674707162444013	0.2175599337832717	0.23992998480582975	-0.4546186060277055	0.19879028758471123	0.29699002261978147	0.16287601007534827	-0.3644199538297368	-0.003953762201478942	0.42884312773772737
DTXSID5021962	-1.86528288652245	-0.1862290917288938	-1.4172536526863089	0.590168945336266	-2.191538684495374	-1.3446503559180207	-1.2099936131692632	0.06988273806251702	0.842763437956251	0.8839647177430644	0.7729402419962352	0.11699120436475165	-0.6030482946005641	1.1889358867966178	0.6286122206594875	1.3803422681996904	-0.916522265554592	1.3945020565692932	-0.8452081867330259	-0.5807205156713383	-0.1300716979569342	-0.3788815130596289	-0.6501350850666494	0.08906455664512225	-0.7051923079587452	0.530551559315515	0.5236055876584923	0.45065521938733444	0.25024787884904387	-0.20483032462179998	0.07075817800711136	-0.5651708850565055	-1.2483691952405271	-1.095308703705607	0.45973008560662515	1.068652001174628	-0.5130079483457903	0.41066675988259704	0.23353054536779363	0.10312807408477316	-0.32540203782232807	0.16288274967599706	0.3585761818001047	0.6583074822001548	0.7407464722567755	-0.33631333841366534	0.57870818639174	-0.2943107499258873	-0.018759771096259422	0.22248583069571412	0.15037142894855057	0.11311596544280456	0.5539390055932321	-0.24499998492224118	-0.6999329634922395	-0.40799994091790287	-0.39021206004661146	-0.44444315432495163	0.3915982933485643	0.8312709577246745	-0.4814398658128397	-0.7481583301036197	0.45423760181011497	0.5424165126178001	-0.19995529284217972	0.1325683383838523	0.774531776311207	-0.14268580432815617	0.17956539927906262	0.33819593931049136	-0.9549717646718191	0.37500105811598544	0.05856853669566885	-0.30982056353056364	0.7628529372954258	0.6079077586075581	0.167781407235373	0.6663345080429739	0.0010813142430452182	0.7261111508682345	0.23182063479453657	0.4317788534223448	0.3605378381387212	-0.18873480053856936	0.2731139804029543	0.11430381229427546	0.2069558647242529	-0.40331707441515074	-0.3730333439799711	-0.08961525752965281	0.10771651354400469	0.48667836706431644	0.4369441064749611	0.42608057121683857	0.1687925555565358	-0.3789655250462368	-0.16980749157927374	-0.04026210319155898	-0.09089047226411855	0.21508259007224717
DTXSID2046757	5.902506464166196	1.9507621777330353	1.797037882966465	1.152881851943982	-3.92086941478101	-0.09405979026717062	5.078370872556989	2.920707572035119	2.168137156394875	-1.8167560973893315	0.5215530426309022	-0.5099797907062658	-1.7353659465626687	-2.1375805127203544	5.5912499658129935	-2.418408165045716	-4.740408588499282	-2.1508744883525446	-1.6119299949265709	5.89271148955085	2.2887604059061433	-2.984634558918863	4.247144468316813	1.1386033969742781	-2.211016408460349	2.2644787555418238	-2.2630783012248923	4.600496974632202	-1.0494191997161404	-1.2898606259596634	-1.750731883413658	-3.432252355126479	3.7011408159848087	8.446461820965121	1.7568333057163976	3.6572978032264936	1.943683882333371	1.8709744304399092	-3.073485275293035	1.5701593430791454	8.437533982178595	-2.711815566091955	-2.3070459952137834	6.799423270114779	-0.7214612094160802	1.0070022521307083	-2.7504763263104755	1.9411787821950244	-2.3062806369752447	-5.476682534885848	-0.13973855823472753	-0.4898039874000513	-3.499881904983348	5.985232752900908	-2.511504387015787	-0.9716478712047527	-1.2706519051235006	-4.196063747118467	-2.5484647816805626	8.360972225086623	4.799504809291604	-1.881400725276093	0.9157749045220046	0.537215668208272	4.150803833144489	-1.5153570394544809	2.158269275767016	-2.5998866834534744	-1.3439850372604127	-0.8970507848339705	3.6898330210998864	-0.0004977199396313264	1.634408140284663	-1.1138280474247697	0.24076681290268784	-1.7192777984234973	1.7614317543697549	-2.36276037305722	-4.280250456713714	1.3340727101510377	2.5713651338681927	-1.3619832644870309	-0.8672310281449831	1.5502880154177394	2.4577298647993295	-6.26540695639143	-0.24420958812951798	-3.229382164694811	2.256487392355633	-0.5069586308939255	2.1929067336669146	-1.240624400349408	2.1212758682425124	0.4018198964001143	0.03210716827289354	-0.25768936855781227	-0.6126217739322232	0.193808248861065	0.12779388657449017	0.9205209256660585
DTXSID6032061	0.6101666216880217	-4.93316357207739	-5.812943413432725	-6.427024532055729	1.2230479636072626	0.16914551021717927	-3.3478959806161903	-3.4782899567449226	-2.944561577942807	1.425152296625431	-2.8545862958959662	-4.361432643060523	-6.573924309521899	-4.191485236427873	1.894780716092927	2.110262231067997	-0.7123639231683851	-1.3057315191634067	1.63368731622847	-0.5542932286589407	-1.1189726972951255	-0.4599583622966998	0.016411925943217807	0.03549573852304348	0.5997754960799234	-0.7389154259550725	0.6098035440068305	-1.660817738829898	0.5207448254852624	0.9633263826511499	0.37928413172541137	-2.6854927276722744	0.2713555420159671	0.46068697060983715	0.4302642914265568	-0.21313672056452554	-0.6174140935857854	0.21301978582749598	0.06894240851912188	0.8715963506671909	-0.025307574307969604	-0.030173999784331433	0.21230597261692444	0.30406012298469975	0.13498418304581197	0.31178849879166426	-0.2829962679422768	0.012964090247975254	-0.11255205406649327	0.4238329658430125	0.1586185818060412	-0.2975994281583161	0.580342068368475	0.13650576094452171	0.3150904741890494	-0.1367798677733879	0.36287661962097856	0.12963662623971647	0.23570074970854554	0.24055916633349947	0.14806066461015457	0.5102401305171246	-0.33695788946725913	1.1046706568006532	1.0144726079898865	-1.5246756170757518	-0.8806723513656319	-0.4345167176987319	0.4092942086033614	-1.3604651868392188	-0.44397314659482556	-0.9480542199675891	0.031980027966982745	-0.7688673118057334	0.09872689171515645	0.6251009064407391	0.41759761136571977	0.27101945862939086	0.062083898651554704	0.7345378880395774	0.25546088565276565	-0.4000853633647186	-1.0221820616041413	0.07068885274723105	-0.8309428288963967	0.12725047535791675	-1.1315986727745975	0.589873333185394	1.2003784561948685	0.10922096637294747	1.9236247153777128	-0.3319409521011945	-0.06669703840503113	0.2552916176076993	-0.9797338823341566	0.1555088212771905	0.17746730775105052	-0.09859852988145253	-1.5198172561182173	-0.18556021839980547
DTXSID9047093	-3.348686158530492	-2.1260137626192197	1.9748440054072443	-1.017535457648995	0.3019859826227701	-1.7998930942619418	-0.3363573679686532	-0.6503577444828955	-0.6118942193451162	-1.338067057495336	-1.0835524462935848	0.6445224893173976	-0.00782228062359898	1.1344905885489394	-0.40868800267320005	-0.5473526281763684	0.5153533374788754	-0.9628963056827198	0.8882804990385382	-0.19492040264936178	-0.056445444255099265	-0.3015673771473191	-0.25741948856784036	0.5014287681880455	-0.2823540098900679	-0.5826045890348814	0.2969056195598036	1.098936544663584	-0.18151512368485223	0.6882357195401662	0.11890171032120779	-0.6164671090285871	1.4952693176101146	-0.25435974898734964	0.34939224619524356	-0.7948595714850917	0.25198340811044145	-0.6849004487954798	0.8892649450865345	0.11099052022635326	-0.16956121107743935	0.26618011106480466	-0.38144893926827517	0.15784170300517203	-0.5759759985305388	-0.25969195089164865	0.16058937046028166	-0.11727684986338077	-0.15868707201682744	-0.3803165658680801	0.22150414504621221	0.025276205620412398	-0.23296892154864474	0.09430495206674246	0.7919707620129157	-0.5622149710534167	0.40445916115928504	-0.0345043082635989	0.5372187615327724	-0.34857672658639	0.491301924163382	0.19385198056713113	-0.47510156995669417	-0.974519373296264	0.019492815112651524	0.39951190406444576	0.6161060074464264	0.11208823849168456	0.43853406067409045	0.5807163178748831	0.02825914787775849	-0.2604999778816965	0.17696426574140922	-0.31415161837892863	-1.0514874168546027	-0.3864346639299554	-0.5895897406564606	-1.0134704234141447	-0.128970726256923	-0.10517967626137832	-0.036110352596340434	0.041310525024120276	0.3172480787051975	-0.4175424831083493	-0.23881214801727554	-0.2784957622207677	0.1425907699064752	0.10623196809542874	-0.8523165437818309	0.20285854199716857	-0.22123656675650522	0.3739489800663416	0.4270040214092701	0.1469203440912798	-0.35581533278320804	-0.42814923921041875	-0.8077567296708098	0.47971698761057263	-1.4407070394616013	-0.5592601809995685
DTXSID1021619	-6.355938811935981	-3.206725531732616	1.5922651293170542	0.09156040296554498	0.5357452008101001	-0.10931769788391188	-0.9111134129196429	-0.5558147725731866	0.0686984687546927	-0.7592795963232772	-0.7289535774816631	-0.10074973404979581	0.06916744471644914	0.4845911545270228	-0.20218280958904733	0.10675105392834368	0.3216610465977671	-0.047220910605380355	-0.38308491891244706	-0.8100439033921162	-0.011359818397795601	-0.5109195048697251	1.5639491706089428	-0.17334256279588067	0.0975554450377937	-0.0032929421436994986	-0.5420682692253301	-0.1268915890103312	-0.12894417916177509	-0.2882913123392791	0.1966694983989807	0.38704317396692706	0.0864788801527379	-0.19388347524458036	-0.019793531947668554	-0.5199160175003542	1.8871968339158138	-0.9549999392577238	0.4071151570185211	0.4586970671010474	-1.777250019533253	0.3405779383768438	0.200580950623532	1.4949074299727634	2.1726644280253966	0.002479368929382097	-2.016345793131205	1.6750134784997246	1.1321101740831618	-0.832834879609045	-0.18095692232305566	1.3807732141088953	-1.4711477670944293	-0.03745993112996723	-0.004819859075082139	-0.622368192723363	-1.914861092820667	1.2173378540578936	0.22797652566703352	-0.35748977211750255	-0.4634846954195855	-0.5382995232958836	0.47667073684783096	-0.31075193620059455	1.1268694625173743	0.15579864783216196	-1.2572346897618636	0.5925323366768988	-0.35155703070423555	0.4159261505608417	-0.128856927922923	0.3462025342066906	0.026787504975419738	0.0584170794837894	0.0951045484402265	1.111488217893087	0.06616871738170416	0.16619339693015736	-0.019928238960147372	-0.7786707773720057	0.0029166674365612723	-0.24444401666753968	-0.1463405206328879	0.19919321345387198	0.1844095825112608	-0.24375163261208752	-0.6301014514906386	-0.5460127390228753	-0.45419892627214814	0.1868274170266489	-0.2840516107305961	0.2801632884165606	0.04652902439152292	0.2564994287794356	-0.10938803026056786	0.13296432699509828	-0.019129785765180266	0.18697573984774551	-0.1305395357168916	-0.12316208463431469
DTXSID3034531	5.2742504443044504	2.0130626365396838	-4.91040517891311	-0.7640070435633114	3.5531011960650463	-2.2816864316740317	-0.9142764120100947	7.118164044020321	0.5848499201163985	2.3314257110962533	-2.595484453941475	-1.323746617218472	1.191713555965375	2.1579711214683606	0.7533179815145821	3.047214533111863	-0.8998211562481974	0.9459257639983523	1.1671898060771528	-4.041423095900568	2.159023966556635	2.1315935031028217	-0.040243807939999245	1.810687625822533	1.6109787484829103	-10.139779601814752	4.2404713521140245	7.251851153674312	-1.266409258893667	14.931916231572705	-5.0502679203035665	4.7648213822406325	-6.607767325600296	-1.8062826310925713	1.4496919235985042	4.7171074437727345	1.6688118375532266	3.092292087314501	-2.634557069518602	-3.9484525029923434	5.457162186707889	-2.8773686905707097	-2.8381489750847346	-2.157896961282733	8.641002799273947	0.6029872678283958	-1.1960723429712101	-4.9432413429959094	14.267387938092723	3.3378572587319475	2.561945306651714	-0.11347957156940791	-8.71740780783136	1.831323655389729	-6.38404815738335	3.4275591193260095	4.316827655240696	-2.8137505864144745	-5.109421271939328	-5.52988635249499	3.5460843569890534	2.3364224872701254	0.926445710534403	0.08227508165766978	0.6815696283552148	0.2020201072947657	-1.008501769122123	-2.5765658193273473	0.7351056395713014	-1.2467723736522252	0.7261256857991105	-0.6853913670688636	-2.128343576079895	-1.6322048498253467	-0.45193579885453095	1.4502417235940648	0.44661834454542987	-2.055938756406664	-0.2779014061153365	1.5204008569181375	-0.23408084604166934	0.11881847561454971	0.09396647089972089	-0.36402169052077754	0.9473672653860378	0.6809813399373403	0.1626463136380079	-0.00012941955134878808	0.7412273291064416	-0.33174023258311675	0.2996879490510699	-0.29892787344056054	-0.24717436907791818	-1.01490219832846	-1.011676477285257	-0.14059090305096436	-0.8794845075514915	0.024481988462641907	-0.37948107990625085	-0.410211445354179
DTXSID7024580	0.9471665138174091	3.3032064518821094	0.9018817520204104	1.1656254245227762	2.0862714919017207	-0.5320956931489413	-3.3283652444159637	0.4614785375626552	0.48951939326037236	-2.6564281816975264	1.0130694894076748	-0.1958537258131952	-1.9075711030068925	1.3672252323370937	-2.7112914679920115	1.5136244383789534	-0.4209306091314048	-0.2722574293946704	-1.5982648185866488	1.105558097039832	0.5721323891432437	0.057016010447849236	0.4768363736297363	-0.4318264368213813	0.3964174844951121	1.1337132006643043	1.0616186187358871	-1.4646527137846737	-0.13582078247950558	-0.057374274986340595	0.17892418647399877	0.3615778764993825	-0.6560879516727663	0.2067208227809739	0.499466212547532	0.06100870664260644	0.029759275512562498	0.4560853501063264	-0.7877755392140741	-0.09155449940574889	0.761679637562677	0.515570464268698	-0.630741258664239	-0.2962394851449426	-0.6707759035753167	0.45769165446747273	0.23913595568279067	-0.013033131844642255	-0.6822186319749663	0.06894575331973758	-0.07824789204911393	0.21998659909437668	-0.14013148381112292	-0.03304837028549534	-0.330390050782375	-0.2941945416729282	0.18722487771263951	0.7048472705526388	-1.1713025908870847	-0.8482038776905326	-0.174148488125577	0.21599765236029167	0.23225925915632978	0.033267271376848255	-0.13794843078001037	-0.3106691024532713	-0.712691519991606	0.15799826805184827	-0.16547167071031585	-0.24743890561097986	-0.6190503576507997	-0.16529269887224568	1.1982750927254908	0.140942527450963	-0.07681128156195238	0.02824427498854725	-0.5335344674415731	-0.8983891375807042	0.0007804992008709442	0.05088574525157335	0.48776360013627446	0.003430442746825593	0.44199331364245065	-0.1833670592529801	-0.149385881183329	0.18521603681897814	0.04561487909842284	0.3378294140949238	0.3338341476475049	-0.047100008233650584	-0.28690261126439853	-0.3927494955982332	0.22476194523887436	-0.29406449340890695	-0.3867247742277481	-0.018449344324463508	-0.26822852703415756	0.16118628645019867	-0.11383233545910719	-0.0592651965369909
DTXSID5027063	4.8618422171182765	-1.8763257815369885	2.63175141100258	-4.643350964788557	2.4284751695139075	-2.6717956742267908	-3.0167208432108246	0.7223606315386547	-3.7527832043444285	0.5789672341942538	4.32529712887766	-2.5226818693695283	1.8385108546536617	-1.5448375485581034	3.228948941174801	-0.8873938550774759	0.20302121530772063	-0.10509422524065112	1.4229861841876839	-0.950514470250413	-1.573511830673673	0.8413974847329653	0.5494099674921256	-0.6001405436718099	1.3894013662784623	1.488119836302316	0.1145533505241736	-1.481444241266667	0.08247215112670213	-0.0020522745101104974	-0.7885014205799445	0.4901242133575625	-0.31935501486764095	0.5390235897288592	0.9360782448420957	0.16507847074901788	0.9718124334713993	0.4691139482156846	-0.07963770389964446	-0.057901591568142986	0.03710401677605368	-0.29139794315858086	-1.247861979777248	-0.46699536065990294	0.5896340490636355	0.17484511727650812	-0.016216064334313007	-0.22391698765882284	0.5050158179575592	-0.12805149763798296	0.024496576570096847	-0.12585662108802528	0.3446845970186843	-0.4018068071511793	0.48799703958185636	-0.6527942512436147	0.022539495149688556	-0.5996596867342313	0.18126091709812467	0.8664585765307248	-1.4269252877397915	-0.8277286075464049	0.15248175860617458	-0.6291533359803633	-0.09375706648381077	-0.6812824468524057	-1.4575707450345732	0.4975934887043066	0.3231268939098318	0.9636591180970443	0.8541117839268875	-0.5616356548403235	1.5062873539376367	-0.7064007674999495	0.2308542074918279	0.09958988841346425	0.6284305753701036	-0.9647292222131633	-0.6606886908376812	0.5082032201585553	-0.6692213103167606	-0.5827362483202798	-1.1233800658879174	-0.5020461931526665	-1.0215143166727119	0.9598611430522119	0.6582178075664334	-0.11617704108352425	-1.0919024443176748	0.3540240937225474	-0.3079980383250832	0.9301072901004956	-0.15569054159546195	0.3893455355640962	-0.4624206554160283	0.12104217893928969	0.6523760419308131	0.31016526165886854	0.30459007585785913	0.15587935637734515
DTXSID9023463	-2.8537897111761676	-0.505546579236238	-1.1168993056199072	1.2592194139494157	0.31378728471424444	-0.7973243584554704	-2.3317732319580236	-0.40216283693620564	-0.8094588756218298	0.7605735319035322	3.0939585173518998	-1.6934828867324667	0.7491527271368719	0.2139454087370751	0.8186322870209805	-1.286993653428245	1.4185540489580326	0.5164312929412603	0.43934894909538547	-0.5394280735010935	-0.2150212622906953	0.10396729148102157	0.9140966047290956	0.23087543296046553	0.006090695328414824	1.0848359384693822	0.2949104704708856	-0.9241021684938951	-0.36521416710336907	-0.20728981861275186	-0.5437927343995911	0.4782946005376679	-0.8336017969227381	0.7478346105938833	0.3375789392291969	-1.2280310656787627	0.4459801045879273	0.2639503773623222	-0.01334879392014572	0.15390824996056576	-0.25691452366027423	0.3776368834708494	-0.38267338500322157	0.16242592243808135	-0.4798652177297826	-0.14040702028147192	0.3071137107007616	-0.9399983402072167	-0.19445852175079548	-0.12587686719019223	0.09220438722626353	-0.16229030374336134	0.05440904589773882	-0.4220449751165652	-0.24896400379052122	-0.5050826372114509	0.2218712425530874	-0.5611917921715525	-0.40466400347135933	-0.16699407534029634	0.17560312853208335	-0.02456249507935949	-0.07121095214040489	-0.004995178989988834	0.2927465110243954	0.2891942612319193	-0.7126187902994857	-0.348449112742702	-0.02638755828139524	-0.5493476343179554	0.1982895285629644	-0.5830181073626466	0.9207018494517223	-0.08516618765575211	-0.1778245316830785	0.2694063547803051	-0.1332734220506798	0.057866673464595515	-0.3280469423928903	0.16389709450349052	0.13546249968355908	-0.004753375843679875	0.014086152001924248	0.5304103131007044	-0.04200632395658256	-0.05318604116698359	-0.64607683821854	0.16312845759076486	0.24016260720286534	0.022154978624993417	0.13577734635586208	0.213543415716063	0.011952796534098522	-0.046527020801264765	0.5430107173836415	0.06048294967458125	0.27550150261166745	0.1627020104871767	0.3994810283156507	-0.16639333755328034
DTXSID6046638	11.162467195168091	4.177448178194082	2.001835316230653	-1.0206002712442417	0.5773395413730921	-2.4785957847593147	-3.72582306187808	-0.6011734945112635	-2.093236435159742	-1.1188787032333456	4.258081320769323	-2.187726465570348	3.28901721740762	0.5065719014720298	2.4429535510116867	-1.8388576395760394	2.621518330355081	1.638826721308806	1.3750569786662792	-0.42519086704598685	-0.3489614839799063	0.24974295898581358	-1.693642802929006	0.322664882023172	0.8247749767496464	1.3513391255696003	0.9028191069694798	-2.2089002224988503	-0.004151555312175121	0.4840329587346	-0.8574788101727919	-0.3536782019199951	-0.7241285408785303	1.0626715834140046	1.0967860765882949	-1.1273937663061835	1.9688081117660916	-0.7749031256882828	-0.5064347401276718	-0.5250910566183979	0.5390224957616073	0.8206459570543208	-1.0460589679811465	0.3416379220490676	0.1493504468216548	0.3005705796193576	-0.18253030930754388	-0.6793426869883812	-0.35314198292513377	-0.10935483084718052	-0.022790522972208696	-0.7575898856134899	0.38549219084784764	-0.29193554301869606	-0.2911928574953807	-0.15984162124805276	0.2944158599535815	-0.6425967075620223	-0.23592099745181988	1.0031956663312331	-1.6774085952565996	0.14609534975760208	0.22795646341238573	-0.45276298472535886	-0.33442926463130557	0.10699090398380535	-2.4628992685136786	0.134069363038711	-1.8626908755307268	-0.1194511397551279	1.8229245613184317	-1.0343528689012864	0.8474776326768301	0.9515805081824227	0.5961832984959972	0.2768204821633541	-1.3390026398247687	-1.4176171299303904	-0.5901137755871692	-1.4198128258722311	0.21695869819646688	-0.6063469691702754	0.18969203522352188	-0.1720525480684034	0.9670444248378268	0.4480165646572518	0.43632839170636084	0.043310737295893985	-0.5957059202241665	0.2772809131137741	-1.682130080612223	-0.8059703001128873	-1.8969409334698832	-0.5380291905872087	0.5169928668687673	1.1962529281998875	-0.35173941328434144	-0.0668921677899534	-0.41971050426531487	1.111400857986515
DTXSID1023495	-3.480895729293157	-1.3678558610698743	-1.8264939501146582	1.1257950330756736	-0.33811008029991535	-0.5437466890448555	2.008859402854381	-1.8019697638426284	-1.1508629800374095	-1.1210489730206674	-0.20343857072462337	-0.7837547915897167	-1.0328166947286752	-0.5287741407174346	0.48638537944944843	0.44528471989799606	0.34122781097366106	-0.7941968901431283	-1.776494540910152	-0.09434793219089818	-2.4500298147335524	-1.1353281891171674	0.9872117592774643	0.31974438104392255	-0.14712622264099282	-1.9414460346124196	-0.36919716443677264	-0.1939352930614687	0.9483855513072141	-0.89234132907766	0.17268410377501914	0.4034408835104642	-0.9360831141034932	0.2756061161719783	0.1460582560635145	-0.7637630567906548	1.4600538107865313	-2.0722926483925566	-0.7424257773528943	1.7499592307357061	-0.3723965138322637	-2.627639603550562	1.5949589957848505	-0.122792256806775	0.8228118874124805	-0.7895770120836295	1.5094426852083023	-3.594010342087395	-3.77262346984688	4.58676673632475	1.1721174591920465	0.9186795459628847	0.225002330204852	6.049951874219708	-1.523612483070557	-1.827820275111132	0.06918096820092377	-0.11628713168928764	0.48313880629634665	-1.6372927200364675	-0.4603424112214955	-0.47839326960435985	0.13849892042102285	-1.481403454896852	2.0640513539825154	0.1046692099679828	-0.6281504480557087	1.1817496804103247	0.06365266448836168	0.19461889293885626	0.04897668892356655	0.22793980151238066	-0.5424978827761894	0.7349105463738895	-0.2513504966716627	0.3098556301094756	-0.9267660462642581	-0.1579158071250816	-1.2001167556492232	-0.17830359047047137	0.7539130392245305	0.3525088762656524	0.09684907250659575	0.2702547680398637	-0.46802151800583564	-0.4611277236280131	0.31290535109506784	-0.7203435237441006	-0.25752978265806137	-0.38743047596432123	-1.2862283484026658	0.31090833987581934	-0.4806193690207901	0.019422636387912275	0.09553430985150717	0.9105708112544172	0.7984414440663582	0.40256298065066287	0.1283319761724533	0.24930208178625018
DTXSID5048974	9.907705341196236	4.162955984435078	-1.6931752270320175	3.8337276231746533	0.199169703209972	-1.1085210706904867	7.5429186071294865	4.7631406411294925	-1.3115443960471582	-3.687209451396788	-1.1738436809100918	1.4488526138219615	-0.7530519183329673	1.5357903818144123	3.1784864510204742	-1.0048460304789475	-0.6224420626480985	-0.4448202942160818	-3.038108934299779	-0.30921685826097545	-1.8659102009811999	1.7877948604632325	1.0496300993426473	-0.6876490982826049	1.6572033223409322	4.622810488801505	-0.5239653531181091	3.756938115954072	3.7765422546950393	-0.7622666562461841	0.4690909863823191	-1.2177641736359133	4.059895408097723	5.185452060396861	-0.4652745447314888	2.671574457880343	-0.018169459933488532	5.422091183776032	-0.2747298768921174	4.163112792876245	2.679311132319582	-2.565091704530323	-6.043971302054933	3.1549110686562307	0.8267615368194821	0.3827702176911683	-6.7618477686691065	3.0191098484018197	-4.546957832377455	7.161753118774472	-1.5988002582877752	-0.6570362533348877	-2.5758180596217386	-2.000671570383717	-3.2880022823731028	2.810383510426245	-6.394454844463208	-7.235091651511831	-1.4345907129323152	2.0423846111115305	-0.23129484525362545	3.629724583464445	-3.5561517965758074	-0.26690712014434564	1.671059191302712	2.7883458914458954	0.7927035572667807	0.4332865474791723	0.029882434830486488	0.3761010737645659	1.223921173735015	-0.8393137549805696	1.5615008129573993	-1.3015097602341876	0.36895945247182677	0.6196125401848628	-0.48270142775725094	0.8169251810486803	-0.7968261782347258	-1.0544642201541212	2.948133764078749	1.9161370855128126	1.3125082382804814	-2.5087703162603407	-0.33911666080942493	-0.7626616305323285	-1.8912346703389165	2.1900737303478395	1.6965730384848838	1.2709859484417398	0.9887357571110649	2.154677232327017	0.19595885819342027	0.07228301216918662	0.08599153027445093	-2.52902421754536	-0.5033151715447	2.919140305334424	0.20770872708363522	2.6299019503155905
DTXSID5040675	12.369233608249843	2.448952205622489	-1.724771315600155	1.0676373698447903	11.766996551319915	-3.8598255476648213	1.2779956502382515	6.969354114882148	7.4709420237985	1.7445689452470627	-6.0927224048000745	-1.961179847040892	3.5184282876087933	-3.35806742869204	1.0775222696276059	-1.113108571367104	2.249403048780447	2.033477029336488	0.614333019298784	-2.674434666298567	-0.2258655909126878	-2.411898664408084	-2.1260057107286285	1.237330150872971	-0.06553233340245943	-0.3776330985581471	-0.6562081672274847	1.7801399870587238	0.5889698331753618	-0.4407234438239636	0.7609501978269535	0.01981327256133091	-0.36547460777881224	-0.5726919193045463	-1.2384782039360551	-0.5706239323150696	-0.7169531370805733	0.3940798462399537	-0.44237811515713454	-0.5797339785106682	-0.32252019681477045	-1.6127699896622871	0.3478547450501375	-1.0169452916193529	-0.3375188565282862	0.4279553548470158	-0.20754811980896884	2.094584495144072	0.3275903746085863	0.1899901564162924	-0.5477642363286418	0.662778200751693	0.5443453612440002	0.03480045437450339	1.9465257966330314	-1.5259059455631434	-0.5361404369735333	-0.817333805671087	0.8209630125614075	-1.2059071564656738	-0.90167309722461	-4.0368396866434235	-0.706874369917711	0.5828132879003014	-0.48158942663446164	-2.7205934010741877	1.9282267742696317	0.6668437404474968	0.10362558810254129	-0.32758489178267813	1.9344021057991183	-3.060745040247927	0.4282238219105269	-0.20139709958067242	0.9078461398597385	-1.0494640887226454	-0.3200199986805004	1.2521122868618035	-0.3990112993150048	-2.322038388825065	-0.4981632332554995	-0.3818990256961931	-0.03882425440087125	0.6698373438335237	0.09348941705263458	-0.8373255373686295	-2.502135575038448	1.1660630480283143	0.497500923551956	0.23751564614387016	-1.2745438233016502	1.5953235807809527	0.5038229955946998	-1.925385808485407	0.3861908702636446	0.030237833145115158	0.060867342458040964	-0.9041610843256737	-1.122366268473857	1.3024685763185107
DTXSID0033754	-5.318340758231039	-2.408209555667718	0.27443049869417224	0.48825750143370295	2.004205188188804	-0.9774481655096104	-0.08552696137877025	0.5171840943676096	0.9301239431352006	-0.033582762363575575	-1.119594235242732	-0.7327824200179947	0.42994728453299846	-0.38210375138418806	0.43530711813762923	0.3936444589628012	0.39266062784957606	0.23381289646419068	-0.3974790734242457	-0.6747014881770002	0.25320156620695466	-0.4565796541896436	0.8794629589074113	0.017964406226424864	0.16751175465328083	-0.328147087452518	0.17938843734217125	-0.37326141519191447	-0.10152325940311152	0.06608840251775797	-0.2941706244023949	-0.07569392930127347	0.30004380506749967	-0.22904218046556182	0.09751751004030818	-0.03286090626551884	-0.019609579343627826	-0.2858783796536328	-0.1050311958920388	-0.009764742838308431	0.3234902235795264	0.5015695214850754	-0.47925016522757297	0.27669118482609695	-0.13405693695182969	0.15424924906312287	-0.30392747215105087	-0.3967623547047794	0.15194812107392072	0.33382986068650555	0.1978267035186056	-0.15318817423955636	0.17406043597386922	0.30154219124706844	-0.11025504311642312	0.06896398119548164	0.3885249908389887	0.3687829519304036	-0.053010444660127304	0.4195449550284473	0.07201483835155735	0.3338017400174259	-0.021364132550609927	0.06416994589689708	-0.36190737297865155	0.12877661973215493	-0.3239355744731789	-0.06338076873612922	0.3521813035683196	0.6749195770593467	0.25007023560585356	0.2906804981379227	-0.05463297629625159	0.7969349455614965	-0.15581306507234838	-0.3195880828894594	-0.6668735993634655	0.3956088965384349	0.2927372179209619	-1.1513984564555355	0.334943051662549	-0.4634299187460369	0.35485333081436415	0.11320036316205287	-0.504478494265584	0.0560893516771798	0.2770396409916751	-0.40192645652791753	-0.4619924127952521	0.07061650427480087	-0.04736408366454557	-0.3873268041545625	0.5126736201085239	-0.4466035319953419	0.3993320518349926	-0.1719681061750328	-0.13351067475674305	-0.3152818109700324	0.2001370889464918	-0.1813414754355306
DTXSID5023586	9.181371230529008	5.443727262975213	0.47552295267726497	-0.2844454161826574	-0.12029441340324454	-2.904839204478764	-4.014510915243563	-0.8872519396166538	-2.2680991465798943	-1.9643502578324388	1.2943224719133923	-0.7049777494302238	1.6715543320583999	2.544531446405528	0.1514159862813385	0.3684132697201311	0.8508564494872868	0.87277346574695	0.6617413075238108	0.18431746364791593	-0.7538617722327586	-1.0141032762652722	0.1824422667952927	1.0798707005094303	-0.002131954120494918	0.008609430281460871	1.5663175466260195	-1.0861941975634593	-0.2269442940180521	1.2897240170735655	0.002305061649104243	-0.026772075849382647	1.1141083895563757	1.544362678683176	0.41982302862826315	-1.662856420531153	3.3195672379770875	-1.9848428707116001	-0.21889634659518512	-1.2457709842754345	-0.11293476841423507	-1.0309189892868178	0.4901346641351654	-0.7900258466681962	0.27366622596804296	-0.6006388272340571	-0.753029341558047	0.1789242731810197	-0.11013969223979919	0.3573191515847074	-0.046079229058077355	-0.6007833104288197	0.39214191458926995	-0.3923882542108083	0.9616306742916467	1.0933357527737313	0.6982793627775333	-1.3143473659264386	1.2402641790358446	1.2249651455556754	-1.469621124221467	0.13709373812369777	-0.13010789095945485	0.4297243955951225	-0.6103470224206788	1.18548427527285	0.5623721596025067	-1.0726877907568673	-1.6453873751934145	0.28706311878216195	2.0373447761556904	-1.8540143316473394	-0.3659384179766087	0.6667598121443081	1.0187028100630535	0.290839509695836	-1.5998858997370182	1.041851868372934	-0.0580420749308584	-0.4839155532011883	1.1042704099626302	1.1872276935505017	-0.0868779563630635	-0.14941873064836184	0.6561009113283163	0.030662910911895193	0.6882809322099167	-1.0894489780316032	-0.7618738233837377	-0.24184165389894804	-1.0172005923211547	-1.319711250224916	-0.7460971928268361	-0.4157563714802811	0.7958732944359275	-0.03581167392404409	0.2524763536114238	-0.16978248350419292	1.3469580314198457	-0.15311141978289083
DTXSID2021022	-2.3313991040230544	-3.320523682175605	0.4409288812618586	0.09885868943246494	4.163671708119339	-0.16550900203151928	-1.092649057613151	-0.23171095846696585	-1.3538944501031231	-1.1178493393269047	-0.10110474746600356	0.42095031986792575	-1.5992378931813855	1.275296984539428	-1.458869577285948	2.627784105553873	-2.258614736108241	-0.24677210020868934	-3.43166537500032	2.63824075249584	-0.19628113493173593	0.10605363964983372	-0.310681652865127	-1.6275247200404594	-0.3060456864686954	1.5337191691015304	2.08405859535733	1.4497110120421854	0.7518985178130124	-0.3766193047869171	0.1446626156009647	1.8956627122000134	-1.170297449574333	-0.25324091378641994	1.5717711039413167	1.466210552043742	0.28152726897434976	-3.0700081607612195	-2.3754794795843126	0.34431957352631404	-3.4577269330414753	-2.84384398306764	-4.454047185291131	-2.310658169754642	0.41688724434196006	0.2735023112802821	1.9975951593688923	6.342881800078777	-1.5775840816862947	-4.004132517453871	-1.0768945984538125	1.7920119714655776	1.8553656078184824	0.26083762383060394	-2.391896636116255	2.5201580879579786	6.005697560855014	-2.7994649635335307	0.6075021386904758	-2.1716635938799524	-0.7397907252862035	3.503150469511544	-0.9084367295201626	-1.8318497281397499	1.4589618060881127	-0.17274514517165618	0.16731940176883112	0.8148283038509954	1.8120528347764604	-0.010671707323905086	0.35462582476610327	-0.714198374945485	-0.10120421361276857	-0.35824661028617477	0.5201171233765849	-0.6214704778024991	0.0012257091238336894	0.49409473257876096	-0.879545115425856	0.1953836677407433	-0.7329493113143869	0.5502295709245095	-0.6533017478244713	2.2237661048022157	0.3781599419301193	0.7796169499044269	-0.05804062485411587	-0.9032978632155154	0.8121745884850234	-0.4099946025913479	-0.23738848763603163	-0.5605925374083729	-0.02846339827587176	-0.06051165125880846	0.4857980642570023	0.12681244540105557	-0.37233233356890544	-0.7597433005817816	0.11560371124610161	-0.015119947374591417
DTXSID0040622	2.890326926269207	0.43144416634334654	-3.9057281777164246	1.3032117134669075	-0.38238740409976607	-0.9521418717241841	6.0927116488842	0.22466453655868382	-3.2226091109928383	1.898771423569026	-0.4809652695448584	-1.0043333524322708	-1.2138183905210251	1.926230963474733	-0.3811741231781746	-1.9820409596782462	-0.48748330478776	-0.732666409335399	-1.56743866321189	0.45556059066876026	-2.67664538748518	-1.046690999739894	1.4548470818169745	-0.4986457871977997	0.059784688380287825	1.1305103028138472	0.19453322526548258	1.45175193731863	-0.0008875259355529914	0.5546726779708089	-1.0670432556537277	-2.0773987274830534	1.2908746939014966	0.47304948192892815	-0.4821261147602819	1.7305989072145629	1.360502106196281	2.875873968811911	-0.8918024359317005	-0.14229717249161347	-1.6629370082152	-0.16056760320451408	-1.1694829501662072	-1.1141102301085588	0.16129604169293793	-0.3411252894767261	0.13890254962461204	-0.6458908564036939	0.08920043277713943	0.5770633510934531	0.30114299648403675	0.5498327263815759	0.09061140097744463	-0.6188953932779976	1.7538526315531089	0.14017139153189517	1.8059868015190883	2.864893307799012	0.7432256541533339	-0.1540678657823018	-1.1946170278016868	0.0527164082810675	1.1341204913213077	1.7968486745338206	-0.037472631570484485	-1.578045091643768	-0.9106113142544066	1.5148807807047584	-1.1095046614449562	-0.7945421045025363	-0.08496071810538702	-0.02659004923895645	0.12464375429190387	2.2536763371809325	1.1796270041268757	1.090772259665092	0.8271422105648004	-0.07816555510773868	-0.6311612958602353	1.44894761448124	1.701339391100936	-0.6424160951852401	0.8280093966972338	-0.47203973875011457	-0.18168345737527403	-0.3167732802830968	-0.07555332370089528	0.485196283728275	-0.33466588913307344	0.21576521611005448	-0.605958209501795	1.0131225396947796	0.4787998782662057	0.020875806513766384	0.07805076669125736	0.15523951247648987	0.8383802995529301	0.1997714496432763	-0.11982256104303722	0.6798109713033677
DTXSID4027991	1.0520126029175885	-0.7919521739109832	5.94170795810119	-5.847574240603543	-2.1747603631318246	-4.395034578706968	0.5503186441799337	-0.7090241691567816	1.200258872463118	1.4007771107892129	1.0103191268763232	0.9302095117583173	2.6871981904784814	-2.604592905176675	-3.614618481310151	-0.7743944481634479	-0.43944909161922685	-0.9376635030575892	-0.22437118165489237	1.0032246412668118	-0.32832211547054774	0.7856858324447344	-0.7092960552781684	0.09834464795683762	-1.3369450983869	0.7087586239320635	1.3771835836191633	0.30189088728181457	0.7704873076735677	0.8817798677706831	1.4897526668481602	-1.5913984784340416	-0.71735018227663	-0.7823780411336844	0.5513788045447814	0.669822885230504	-0.7518572868668649	0.48376772343845	0.28624857489031535	0.8496581920912168	0.2860495711376298	0.3299809309956072	-0.12159661011202344	0.15651001954254298	0.26954389437304754	0.09364286407221925	0.5653108258955668	-0.2972779268983627	0.08061821518296206	-0.479069060200731	0.12738888727208703	0.0019450880501671586	-0.17049618109762837	0.2767127706769399	-0.23992907175523798	-0.19075941212794753	-0.250803143589237	0.09320391303773227	0.04513130698462178	-0.3354123548632778	0.2527231843048352	-0.6162592335157391	-0.5854121356071684	0.04840465170043123	0.3654870396249162	0.8010690842554443	-0.4091914505641122	0.6898092721762309	-0.2439613805088189	-0.06059677748663924	0.6997917486063683	0.04882521233770233	0.246233482482186	0.03915577191951226	0.5689730867956911	0.28299682195421727	0.28512877668927344	0.08890308577812794	0.16062972782369347	0.2079359512939943	0.6145991697347126	0.2845999667048295	0.008780691974166031	-0.2897888628760413	0.13578781838632117	-0.006865281448559741	0.05770319641768757	-0.44177101592539036	0.040510986649258486	0.1364948191627591	0.4047461589781386	0.10273530893800205	-0.06191069922914685	0.28999450506617297	0.05044117421682044	0.40831786083521887	-0.08028960933553154	0.40689752386657685	0.2509682998136642	-0.07206973726131623
DTXSID1046681	9.057053506932425	5.008906106429171	-1.8149796448542224	1.7971317155803481	-2.0813839885940375	-1.42238414547381	4.796275264696329	1.0699997040342322	0.3291678388613842	-1.122804071779348	-1.689335406635006	0.8208166972201633	0.10741095322821553	3.4748043040826664	4.5461345594340115	-0.8585824149639741	-2.573831256219431	-0.456828703138643	1.0539564631757752	4.081499815839141	2.852473677491145	-1.57661633631278	-0.2602895599290879	2.245951822974299	-1.469511640484693	-1.3517668768466982	-0.6509910377230076	0.31576517240511826	-0.474589080780652	0.884091757521139	0.8251198295717128	-0.4997833911461767	0.5382995251491307	-0.6578323239990034	0.29621416660141886	0.7569589731460029	3.0058037536439723	-1.1460271130965998	0.27992511864955194	-2.424058102063821	-0.6215939334432546	0.641460374340683	-0.9454260493633013	0.49607347348390024	0.36991885525742757	0.3663835483427576	0.8972089530511389	0.3204869823729958	-0.09096959913179427	-0.4043192211955192	0.06428217336960466	1.1588739156792613	-0.6602700385270363	0.2824212123774801	1.5630599666092055	-2.054811722398205	-0.5700926180667213	-0.055648371986300425	0.20846682014542428	1.8903230696405058	-1.0007470741959141	1.7459977559299147	-1.4056740664198035	-1.1814944687798075	-1.5161096410139638	-0.6652590860581375	1.6190941293328256	0.056399418127470444	-0.19753791181596367	0.2642673191408515	1.659916840844387	-0.5115330241420236	0.03765630429231553	-1.4366305696898183	-0.6081158022562396	1.0584508352758213	-1.1891134411370086	-0.5519181286504773	-0.7905048026449074	0.9638746370621328	1.4064818247492274	0.23008930602188213	-2.725361357972753	-0.24793108195307725	1.6745997364315082	0.5455280255062575	-0.6078079397166722	0.21557880657402748	-0.8804401854502116	0.980141252965364	-1.6050536050998532	0.5391663492959622	-0.7723364678456521	0.19970193569193714	0.480884246676605	1.0217957180245059	0.38272984297417684	0.7223867621665646	-0.266839172615129	-1.5549732893435426
DTXSID6023101	4.1681900923113355	-4.141164207178581	-5.57370243756642	-1.0596123269752176	6.767880814324979	-3.3454845425383746	-2.813466459584001	3.4599434983769237	-2.613634372814763	1.9203915582564506	4.038044531977573	-2.981925634837256	3.894432248397368	-0.5939475075210292	1.6354358888985239	-0.7096469040329001	0.10738198132081378	0.22285180590478804	0.18731493167090213	-0.6952625243296462	-0.5674810931468519	0.8812311048381356	0.8423117914143153	-1.9940150341450338	0.6837847024325623	0.9631377518875406	-0.552226589549034	0.4968453053173038	-1.285964420457084	-0.03681354319230118	-0.5933506579439469	0.8835867497281759	0.3508673103615882	1.5712517847565024	1.7048086322289722	-1.6509629130479941	1.0270074979663872	-1.836863778387502	1.5037973567914624	-1.7284053016719791	0.5215082152905279	4.59584517055002	-1.2122706055280497	-0.06794306011800272	-2.1351643815585306	-3.2755017065016805	1.7103561959096119	0.35422942666299606	1.1742009927578423	2.2491700283181526	0.536393133790927	1.314563515151178	-1.0495917201536873	1.220897156524741	-0.08856607043758834	1.5733572164689218	-0.045710790786003166	-1.322926137871176	-0.8401884350656472	0.9955426305535272	-0.45059635444935986	-0.2880876985561029	-0.35774746810866026	-0.029471202888786244	0.6503257265885932	0.06757500117170286	-1.6652156153932152	0.8000334297012953	0.1911216247559738	-0.3298730927047198	0.9935080663459448	0.6165711557967638	-0.2522939681908781	1.0484377060667267	0.5175617588459194	-1.0141970767319233	-1.07043687332277	-0.4674491444974796	0.5219338280711222	-1.6927352967490832	-0.13850558129055376	-0.026399065254225956	1.1238701175888435	1.0091902617263335	-1.0515460985419032	-0.3589739232222499	-0.41278466636318795	0.43862357498065385	-0.2369487761502663	0.011461368877954993	-0.02960957496665614	-0.03577472116366425	1.1307547804520446	-0.33555464893964265	1.0412041443223952	0.23017234868718867	0.45605540078922013	-0.05279694991337619	1.3124601005128333	-0.8226596432350031
DTXSID8044385	-5.049597559888141	1.4546937449247912	0.33461539776120247	1.4909046155817953	-0.9827985202172704	0.38057986337295846	-0.5385231137653179	-1.3218132665438664	0.4183211153953036	-0.3065880868393504	0.7098842163004309	1.050680274568805	0.6940193217673183	0.33783546756940835	0.5601496882684183	3.654455681253613	3.573364663964149	-2.3681676978256663	0.6020421575712478	1.5994258868631634	-0.9943970026648016	-1.3722935134396552	-0.681127892159627	0.03916591183725751	-0.6163344203486071	1.0595484072099453	-0.8803400178098477	-0.27763718186946146	-1.1108880104801295	0.4492285923287602	0.6561652941387656	0.19102610668961295	-0.22296762980786972	-0.5407776784171552	-0.031184492910843346	-1.242406175236213	-0.28817857285367154	0.6958960399215596	-0.11121082281138209	0.6729095081767082	0.5755059338488324	-0.1151071103088883	-0.5273672818672546	0.6036499911460717	0.5629379808387744	-1.4707636136710347	-0.46037254893250884	-0.5204505735940392	0.11873466559899977	-0.27971592164344733	0.3400179479909603	-0.4262695596674049	-0.31544485404502753	-0.00865758140796228	-0.7682802146387606	0.06324885698472082	0.4723229979064803	0.11505258395377438	1.539237289420021	-0.12423160261745272	0.5298225896202554	-0.662006853249619	-1.4106993796499163	1.0382746402748648	-0.1430238321823398	-0.4017893797762543	0.4307610246805373	0.12930526857099098	0.1498455969545844	0.5189672667530816	-0.6117891656591442	-0.9199698098107986	-0.5040068369998651	-0.42911875462211696	0.13296283553697336	-0.3149592537874053	0.5899153562099355	-0.386772908170141	-0.03231547698813467	0.08546524945866046	0.4153130286932537	0.11877723005603512	0.1842430385848678	-0.143861973076224	0.0017315379361394169	-0.04298856152458034	0.07455981245163036	-0.28010087687294316	-0.044383783379977663	0.14694907044974956	0.0460605057362747	-0.22050075460280738	0.024770353035885345	-0.27277972374137716	0.22374523928113216	-0.00977808721737986	-0.23062591942949284	0.09418218273575701	0.1018265687123641	-0.21751084199113574
DTXSID4046864	42.77125650002722	2.6120637338615467	-16.830265637825157	4.839846290536352	25.59904296654903	-15.528485261439657	-3.772145626341484	16.672537146751537	2.9535976348783968	9.666336070886258	-8.306691776216086	-4.876217041096373	11.509546327966483	-1.8009581395510998	-1.432914280789401	1.0335856596495625	-1.1506601482663976	-3.897502508666801	-1.4817021462594138	3.9028809277676815	0.5107804419639802	1.961882951957895	5.3114093014455745	-0.19080949231225344	-2.4676908550389727	-0.43678083018307723	-0.5067166632988764	-5.300566988259923	-4.264348022164988	-2.0752417264215968	-5.253650913491608	-0.3390343483292175	-6.288428553444404	10.961274712366798	5.147041899974787	-6.67538757190597	-6.0189048381925545	-4.382576178334044	5.538668373788731	-3.2459145193755714	7.045061005381025	0.7479611960531265	-7.51556144016719	6.4351879422428055	-2.1364994663099606	0.1868106326588129	-3.8460022242559977	1.4680752389524836	1.1896726847425587	6.400580147798925	2.8646252251538	3.7528547815667297	1.69790295589153	3.0968102252366183	1.7506478674768402	1.3306675051913979	0.276314616755174	6.384980852870112	3.137535469158445	-1.2515134100210883	-0.6510508695205373	10.289686367466473	0.6856247351730226	-0.3633360125827566	-4.513906733180014	1.436285517897411	-6.687488226114883	-0.053531693515599735	-0.18821005289952963	0.15972495479014126	-2.798981250263911	6.596015563353119	-3.203502537913577	4.711070139846036	0.6980194375842395	-2.1274145852571804	-3.518530746286236	0.7483464598855912	2.937006668069347	-2.310927213479705	-2.491351367926322	-1.9757425413364904	2.9679406765195138	-0.15695587223212276	-4.550636176670628	1.8542267832334498	1.3906218074450636	1.7860900606659573	-2.115562818423887	-0.6386967531606186	-1.765017366778603	-0.04872880960546552	2.098986488163522	-1.8677978818925787	1.2429044177865973	1.8655035792259207	2.0624576229051517	0.2970535780482091	1.3992529180923865	-2.6991937358926306
DTXSID5020287	-5.051018158534581	0.587196326089076	-0.538474204550803	1.422023718915965	-1.2595687784689178	0.9434627055236742	-0.11390546167638453	0.2442841758366589	0.12660576515850092	2.702132895227931	0.16586617273007875	-0.39863111755015734	-0.38167244084580093	1.338952397345213	-0.581036608759377	-1.5056605293601963	0.28600807014509844	-0.2172828920784554	0.10308475524701477	-0.29280807114954377	-0.15204609159128946	-0.33841752410084414	1.176309839422623	0.16003338514498788	0.09752331487456731	-0.4111366552697601	-0.4242519454584897	-1.3497270491702718	-0.41186818767643624	0.34424956076689706	-0.2594648171166136	0.2683247251445061	0.40649169921140876	-0.3982632130433874	0.11240220508023985	0.08899579585107058	0.0019341891601401201	0.507908106612363	0.13361711732336376	0.4977958610686047	-0.5272809848293402	-0.050183112613411386	0.26491320592144707	0.01535336875081789	-0.03828441744137844	-0.03204978341118521	0.3153081740963879	0.10101172329984408	-0.26448881751110925	0.0737486068824648	-0.0380209343372808	0.09546425537624571	0.20815664552366342	-0.2980725717543327	-0.09311882195326972	-0.03610257861228568	-0.030037464148744662	-0.5376578475043814	-0.09277572134559764	-0.2576244782506231	0.8883804321179204	-0.22300523532430624	-0.1649991679871155	0.04651665434432494	0.4902578480707227	0.020505175225367246	0.27621844072277235	0.3590066054837453	-0.06250169560896672	0.2091874428083319	0.30190070362149146	-0.06926194559491741	-0.24092408287318134	0.24536398746843563	0.14346464369343673	-0.21830357045133808	-0.046945225423327706	-0.5000624998830295	-0.0626119229769537	0.07643283296565476	0.18506633398878297	0.36314244932120593	0.08574567385895832	-0.5059231438130939	-0.034834664486432375	-0.13555882877863035	0.153411915991588	-0.04038200432028168	-0.025257773168956926	0.07861528592050376	-0.3020513069235476	0.05928574734162577	-0.15235529885311355	-0.08620886673663362	-0.05011382370414645	-0.35023794519419543	0.04429685455109036	-0.07634151800475421	-0.05656809721501442	-0.004584355285091606
DTXSID6025486	0.6544365268868299	0.4632516021017197	-2.3699640180669896	1.1240271821585837	-3.230050074066543	0.2612046229008622	-3.682056063634411	-3.578188005959026	-3.4040312887544193	-0.2002105296027057	-7.394273336853282	-0.716577361931682	9.005027972265855	0.15134239776186512	0.8120082296280683	-0.059624463595941514	-3.2011290700020405	0.08966584522332884	-1.120158303456937	0.2750354698995067	0.8334809391111094	1.2030947648467094	1.633327731932109	-1.0069539488205683	1.0049874546246689	1.4710190940798302	1.1228993113446637	0.7494890357037087	0.014949542154394426	-0.9831383364940702	-1.016573235992502	-0.057239865567869225	-0.36367551301438067	0.31406402724201044	-0.4569590488869845	-0.11364440134469646	-1.3588706472330736	0.7644215095225219	-1.1503906415318588	-0.6706979703250501	0.5404867924167421	0.2869789499895953	0.09385363049566763	0.33259363583639795	0.04603794898326663	0.15138418110875837	0.5395155465845732	-0.7428592958621711	-0.19739630692521315	-0.060421444789938016	0.11072429982960479	-0.3588784821481441	0.7600136770572874	0.3932933953126153	-0.18177774824440876	-0.16518951617894884	0.35369353647656715	0.5778863732128544	-0.46200830309978985	-0.3624195718557988	-0.09718262226461252	0.04298348668489006	-0.04479133416540341	0.7528196576732951	-0.16854137517611512	-0.6921449085809576	-0.04510284117937401	0.0034516169511529483	0.7423092935306715	0.5739455246552324	-0.9072937767266962	-1.2642285269622269	1.5906787529989057	-0.7758121892345606	0.3089737150469475	1.4248053368596412	0.3331174763436846	0.5508547356761383	-0.22275920823692702	-0.03205665138281504	1.2657843810436935	-0.6048689923352919	-0.2665029889835767	0.3405266651193632	-0.10970158394414566	0.28411922105626375	0.8702205078120251	0.1373586752993688	-0.4316329781390466	0.021345508022230925	0.08351606104308404	0.3057447087948679	0.1796001963088172	-0.8992002900835686	0.6665383603035223	0.1509170415267496	-0.6978305028385493	-0.1575453385817168	-0.4000764809989258	-0.3071495675831021
DTXSID2041416	-5.262861270078278	-3.191475902717127	1.7588551358655744	-0.5488171433499354	-1.2739165129189947	-0.42080885756981096	-0.33003251819850926	-0.4662722780774435	0.4499612299273224	0.6675099140648704	-0.10486117463935425	-0.028100485419060392	0.5134654232045548	-0.1322484288881389	0.03791870493389032	0.5157679823261941	-0.0913257811852894	0.6539538246029749	-0.24808683438986218	-0.5181568827299929	-0.022013591387060764	-0.20739757501318196	-0.5209209542704368	-0.2637215506191852	-0.03659551253844261	-0.019820028822148283	-0.17219428282587793	-0.1432012077481822	0.3418450961964539	-0.3829784481307019	0.3174885085324401	0.024254162270723013	-0.18593965181255367	-0.3919920012979911	0.05145854037034423	0.29170426792786797	0.16585275981819386	0.3207271134487154	0.10566879313200381	0.10265658639993251	0.0592268515240057	-0.04077451955740174	-0.2902193547817055	-0.15880027360948126	-0.12336681683806261	0.3425077133273178	-0.08112794562136544	0.12360282354530557	0.18965798791926985	0.06502305924406465	-0.006726676034380815	0.0762085353390605	-0.08811336817775381	0.030269752215568477	0.045751800002569225	-0.2079745496363812	0.039441639238919544	0.0363790940213641	-0.13864050415365142	0.3155836005068931	-0.27575748791770655	-0.058415883334982405	0.2556519168021139	0.05508151041057769	-0.39868798367158337	-0.06794645930086739	0.2986333905716936	-0.09063388698127776	-0.24698870093290431	0.415675730327448	0.360792759927825	0.0726418513533912	0.10978147504303147	0.01975096174070852	-0.03244529322660489	0.3876885607185294	0.10980991734741688	0.02176891205188155	0.02205985075789186	0.12496516647961552	0.13999875823202199	-0.42919992732695694	-0.0370220823375715	-0.2479082307080752	-0.08818666814817461	-0.08100077160044741	-0.05372131845605307	0.3992107094422478	-0.4107568832913065	0.07023813735265855	-0.0892959984530729	0.7208463097792371	0.3884210466552356	0.534118791729292	-0.3960280264966658	0.25038484139017525	0.04330977534076327	0.06761304707406122	-0.11970145888121354	-0.016599702216441616
DTXSID9023673	7.509410705019874	4.863245674079242	0.3335118412975033	3.392205429717688	0.5496272097668901	-1.3434682412919698	6.412126824828091	0.30695737909228166	0.6494010114967375	-2.498312240858261	1.1756426693431345	-0.5855342075123189	-0.11326217080460277	-0.550238871825682	1.0160561319904713	1.884252599963531	-4.935517661564079	0.5118989043579935	1.6366775680746997	3.516224931884598	5.1588061414614295	-0.010204262308526342	2.3794897929369943	1.6115684878548189	-1.4369899248141527	1.4163971161994082	-1.1909124048739816	-1.889856282867438	-2.071550176000119	1.214961054833028	-0.7121049666876491	0.3980342903017468	-1.5617234821074388	-0.3714348055844086	1.2213961140821579	1.7906085269308554	2.301335553640274	-0.02249722391083544	0.5132715984537704	-1.8979210764747247	-0.3488563424308617	-1.3471620951881969	-0.2369167632231863	-0.5174459784707519	1.0304853620090477	-1.1450235345645066	1.4174861595069157	1.488427067696889	-0.4997466041877311	0.8015620320821474	-0.301318899128515	1.351872170067528	-0.5813782572302527	-0.3276964717063239	0.5962053476554682	-1.3738434137501891	-0.0956890355128176	-0.1167704469843916	0.1071090187857963	1.787513978964726	-0.8565224482202116	0.8885126034288789	-0.3728454053227978	-0.724391487013258	-0.9009964905545272	0.07436061696268083	2.6819717051235417	-0.17979127489508887	-1.4307095012315232	-0.5328737416846747	-0.04257992015779488	1.0388497314713916	0.12343114454948069	-4.242774884318108	0.021626299816585263	-0.5572036128540211	-0.8649590291963204	-2.412653200123071	0.5519912307851291	0.7366567229850107	-0.5953641663194885	-0.2843973902385737	-0.40965233019545977	1.2056248788864117	-0.22820737369254832	0.6872243213780361	-0.9856710062980027	-0.5015762982426011	-0.37145398280904984	0.026608027500658438	-1.4147224918090515	0.8184312897307398	0.6189989364043313	-0.06441303090674973	0.6849427814589135	0.5504199304161339	-0.17144535304420985	-1.6677141010845096	-0.1490361539846734	0.44883380213630897
DTXSID5046061	12.646051774768155	2.735058468808338	-3.340327307748793	-0.2653773090178262	0.7144021706314141	-3.265302218160092	0.8995853658933703	1.3341833037193886	1.8785443979397118	2.28053475971624	-1.3739234931592992	-0.6707049134621854	-1.3386396355383	2.825134744644671	0.3702985639380369	-1.3010123087007477	1.9591078678825828	0.9935291569772409	-0.778563170585773	-2.145052891282933	1.9580884771693123	-0.6581995303968872	-0.5457035546730934	0.9521842912439333	0.5507148112306897	-1.076591861566029	1.9466802391661946	1.2442571470220212	-1.0187489965967607	3.7321885029811948	-2.8331481877736504	1.7599234912890573	-3.1695182834428093	-1.0253669698537493	0.17852620422106466	1.0495352110585645	0.5738597915032306	1.1738228873525876	-0.8786032234166016	-1.289016107340365	2.3613108872136115	0.1584071119445087	-0.8997757236644416	0.23873015006514578	2.933941133015754	0.22633717222730934	-1.3507912739659746	-2.494583051842535	6.515688794081812	1.6519256610129052	1.4911213578655798	0.2117538007227787	-4.045317423604574	1.384184121037104	-3.5916943486434953	0.7302764812559892	3.361761470834118	-1.91797017136281	-2.8675101635034443	-4.173603962505006	2.9643578641255357	1.3478771145194548	-0.3272710192314007	1.1952876434942137	0.5820608255711451	0.43001223395869886	0.0012464154597189516	-1.1892630659548065	2.0272023140185302	-0.5138720176967407	0.5327078577378682	-1.9558227258113372	-3.21090899516021	-0.4055024445929433	1.8069020474419324	3.7667245463831307	-1.3468089806475663	-0.6021765384445632	-0.47446309790865554	0.21482663956471001	0.6371414443863012	-0.7893579318619546	0.7933275172329616	-1.575972971371643	-0.2979283771774529	-0.20807551305716054	-2.057521926498682	-1.7055369996464462	-0.24569427294422155	-1.1022431989427557	-1.829087041575985	1.2292806677241856	0.11310259858873946	-1.9124140028246377	-0.7109930373278631	-1.5891514542191585	-0.27968670841345467	-0.07373466932886691	-0.27041444962125477	0.7627537874199275
DTXSID3023398	2.895172287994062	-0.5806448503405867	-1.3734065048580006	1.7521193941429416	1.3066726195237957	-1.4482828981706597	0.9942754713965329	-1.0030128868596697	0.20111806345121924	1.9310794787094467	0.11502081841972742	4.592464195751046	0.09421212931655035	-0.3153725144395152	1.8064609547773642	0.04003310700381537	-0.23040513645736901	0.9081945288959241	0.42553685566462335	-1.9172774090229925	0.6448851130825907	-0.262325960277106	1.8215524335924174	-0.20289087897340216	0.6929371198108842	-0.17760719403556507	0.8847481869675176	-0.5955074376390036	0.5516281522590495	-0.30091440885645404	-0.508906201655954	0.11532378822927884	0.3797676724125177	-0.6671682471483327	-0.18731684783140173	0.7479023490665045	0.03786038935105917	1.1357674288892947	-0.07781395721029519	-0.3380844741449943	0.3644991259699921	0.42013452848669	-0.02333049127082673	0.2843084331918386	-0.19454350745394086	0.5898062406144661	0.6622655139002068	0.07568564996908472	-0.04683587557420972	0.2974114809675846	0.0058725312909205405	0.37368687994288297	0.2924298643608264	0.0016090869110031466	-0.07496112485505549	-0.6305438230732303	-0.0125240195921944	-0.12293454399077688	-0.639151784514779	0.3520658736389227	0.09080472320195954	-0.1306903878999979	0.001113374360511932	-0.8020764418888904	-0.35677208672168886	-0.756860889204566	0.22700605726850592	0.7450977503325061	0.05232720466009554	0.7366038163159823	-0.6034063540070269	0.19774297409198507	0.12024479068725423	-0.06289958386229204	0.4302085875967416	0.10884119798782611	0.11755876597721983	-0.4173905691775214	0.08555081066530927	0.07531375039584855	-0.8640192040950767	0.07585274118370298	-0.21391344230001344	-0.7129078451918761	0.2135531006496914	-0.7810157545056282	0.3391790372027661	1.5336960208305854	-0.8338480243606172	-1.3251257703988872	1.1990985717559974	-0.2319126962542285	0.4410875951163453	-1.347329760313299	-0.7719221688492695	0.9057524249724521	-0.9534730186916414	-0.2979489434351598	0.29613809140803826	0.12729926922228618
DTXSID4021929	-5.27305400898144	-1.8926280215902682	2.632294381498051	-2.39099164830479	-1.2359301108672065	0.08515940355187715	0.4924638323301151	0.19403888314409584	0.5048521809120274	0.21413981385668665	0.061702267690114256	0.13807880227318892	0.8481573624634825	-1.162913397177335	-0.7132215912701941	-0.35917122361769577	-0.12046646067858191	-0.39568959623875	-0.17292531268391692	-0.04808683496627917	0.0583723190831989	0.03886705805189084	0.5510097739948505	-0.038979987796758236	-0.41948934699325024	-0.0004989138859332526	0.5482732664987744	0.4072714056387432	0.02589505005694636	0.43231998495599494	0.6246076939763779	-0.2747197499643725	0.4072097574244667	-0.4206949747048554	-0.07893394898771629	-0.0497481244247197	-0.2969758845733089	-0.011869512497520066	0.22899079460081728	0.22996011614689163	-0.016361520084264364	0.27755849129009763	-0.37397285471726716	0.046035282353683225	-0.22916247916933824	0.04053344135578891	0.296370496952136	-0.16846238065360403	0.10634053344840938	-0.11008427478610207	0.14442702722675668	0.025203437948368546	0.05326829190936935	0.16140803793387584	0.11209901133051045	-0.07013054143293765	0.2755310113588073	0.12947152304474407	-0.12024363048656879	-0.03822717789913052	0.17123070598031936	-0.1735956220259035	-0.20646755837774802	-0.2630327782032501	-0.018616685872473622	0.3713932183002988	0.057318544721364106	0.12678649347972515	-0.276057882953932	0.49678768345069896	0.11162545666468113	0.29467229181235166	-0.021039947634861944	-0.21156142649716544	-0.39122830710153333	0.07799640342897311	-0.33902881982753075	0.29235455199994603	-0.05605848708823985	-0.11917891729337764	0.11572878548499785	-0.456970089843347	-0.23340313908571098	-0.42128906940606786	0.04485020829653193	0.18344409075033602	-0.21208982608717736	-0.4764506400291426	-0.01880450382718921	-0.07395595801972066	-0.1763910934452467	0.09221548069617268	0.3460568657461991	0.008078107675447053	0.3479604456411702	0.09871007187296918	0.2176033479906959	0.3745632711531712	0.11583461766264004	-0.1305236173293249
DTXSID8023977	-5.816119928953027	0.6443592148879808	0.9166366420249876	0.5792295121814941	-1.4127287990332424	1.4179740964779515	-0.678877829705684	0.17256210488467674	0.6285050695578136	-0.3413135658713778	0.2923015728051076	-0.05507780038702878	-0.16046082156870342	-0.5972449814034307	-0.0700239455068736	0.09825892631754775	0.5200078834523303	0.03090057748267303	-0.3204194265629801	-0.5865735854011287	-0.09238331427976929	-0.5311601249774082	0.5394381573488691	0.2422925065964719	0.20536234738505957	-0.3573521366007326	-0.3066964328029067	-0.8586062440427753	-0.031373016685499654	-0.07348257161636862	-0.5787017212798788	0.13506335374450754	-0.188807211647958	-0.1925735706150748	0.6918622452925876	0.139185021944581	-0.02431576591260991	0.2494451735704172	0.19183127240358647	0.4194442498647077	-0.6562552991047959	-0.073186893465424	0.09227985328031162	0.028101643672878984	-0.17165786328465368	-0.01146390668866544	0.047207802223079715	-0.26355324414842185	-0.17050706030071253	0.20114464053490838	0.10696254819345871	0.01574341133635871	0.21533522976035074	-0.3139143337457382	-0.0093114398650509	-0.17624133732586086	-0.07282746163107263	-0.419831336050625	0.29289110182051037	-0.09325150912385967	0.6161752022491178	0.0045862756590985794	-0.11616099397742523	0.17365750460972354	0.32205920050687603	0.4210269672095046	0.3180627783363084	0.22973389813475853	0.13939804421655336	-0.04695526417160256	0.47185386468208596	-0.0021488263386429726	-0.08571243158606824	0.6520677805047264	0.16089514644639402	-0.22226282158196353	0.2061398830661636	-0.466933974274973	-0.07896551665325631	0.20780214238457648	0.3318801219461514	0.483757620932642	0.08162621615475414	-0.44923454224834153	-0.0014684158505852375	-0.23395944193321197	0.09216223204777133	-0.14416525042071374	-0.01806416010470634	0.22655483475518826	-0.5170833099902032	0.007222619911467594	-0.20609387613471966	-0.39713581655771657	0.05366038886500297	-0.46397298736120823	-0.09006402727567939	-0.06832906918242497	0.003535175154305299	-0.23753213966676384
DTXSID7021100	1.3702198006964699	0.8706432317368593	-1.7333215517374063	-1.0056351975345912	1.4795049403950398	0.4557906815165781	-1.1454929506226281	-0.31494902975210626	-1.8098182166421732	0.27784862810150923	-0.537344823414476	7.875496144262476	-1.0530204700964814	-0.9585304815675493	0.7998954550180308	-0.8975542922330845	-0.8615171687302897	0.9239790608981157	0.6510243228745172	-0.565150012220913	0.2658556859453181	-0.199798717601555	-0.7048577081821134	0.19523206139061577	0.3312066427137623	0.05565571443115388	0.775710284680276	-0.6297548960945393	0.035970558958064794	0.4309382342536777	0.3956901973339621	-0.7031533798955757	-0.14617454804532584	0.6244739065095971	-0.37618392424641744	-0.7249648356446681	0.8616437453825032	0.03832109783207567	0.04120649472090022	-0.04998669445992708	0.16429064948035366	0.13151787759496966	0.019999487080422172	0.21030000943532057	-0.618856022416227	-0.05436370394911193	0.2938253738587206	-0.050470257457495685	0.07961346636680029	0.1689779657993888	-0.05217437305966165	-0.13875659804666374	-0.08909266151736617	-0.12417056481074196	0.16530029122854337	-0.3175521037014564	-0.0331074564419275	-0.29137785051380144	-0.05145344390108661	-0.12075542562757044	0.1755381079723502	0.0944955780366079	-0.1566028295499845	0.3226154205007255	-0.149496637023253	-0.3202495065479511	-0.07960741167454169	-0.45221011535023836	-1.55611925304625	-0.07581340273269163	-0.2914089027524442	-0.21303841563392226	-0.6789769726623276	-0.24048848720587274	0.7166980571379382	0.8961054249191689	-1.2991856843794802	0.8442165321537441	-0.2275767226342558	-0.5864757175001394	-0.178643515093766	-0.5572680831235166	0.6127190939085686	1.0855735092429486	0.40255962708306625	0.4395038520598543	0.062053853543267146	-0.5255283027274152	1.758012838543193	0.6435783997025439	0.3986075239898711	-0.4243400345802286	0.11104540554631888	0.37800886438672765	-0.1779513089352487	-0.6445132801322471	0.38038583004114634	-0.21633061581961782	-0.41007897781039987	0.3362868242667705
DTXSID5046487	12.703548334589373	0.33233266409474516	-4.828133518928082	-1.6790140702209837	3.92844686680916	-4.1235656788160515	6.290582892199053	0.20684177453336364	-4.12557576792736	-1.9428306122476564	-1.4324788445326992	0.36626867822916936	-2.2543989272274083	3.6744783840834843	-3.199049964825594	-1.6016125072547078	-0.11885639476982617	-0.4539372670077914	-0.8346342601375905	1.0350892494571036	-1.038282616725912	0.3736633791506867	-2.1151756859489517	-1.8664991429735005	0.8203224939443184	-0.6446466014646065	-1.901667008774388	-0.9232451233527614	-0.7582671000984866	-0.3523505629523416	-1.7696862340213426	1.7100187674713292	0.08054636479565534	0.6926724113967647	-0.5359033600327495	-0.85099893300187	0.7525076477058653	0.15155665561144707	0.02207095429971794	-0.6043127995288025	-1.205178003415821	0.1484377796017756	-0.8266256981045043	-0.16454902484248382	0.2255526292464575	0.08506678828629463	0.1712312635781135	-0.01777289489967846	-0.30834490701434625	-0.05176650310587757	-0.4946994204513658	-0.10349096596913726	-0.6810666671908328	-0.4132563395173775	-0.6584802165580639	1.0221916775192041	-1.19179790369108	1.0644810242188767	-0.8338802689646138	0.689001511772427	-0.07893333090142089	1.7963386834262067	1.2502745784856755	1.0804486206483805	-0.4843861959441099	-1.40011070223485	-1.0715703833300263	-2.4556660525777545	0.0165688875094981	0.5011271266651646	-0.068844469506697	0.4568406192320819	0.31385219457384045	-0.5888662283950039	-1.3790262050494833	-1.379641473745753	-2.231995053119112	-0.15674890566432104	1.1641827126879514	-1.3506535556787276	-0.5001644343126366	-1.0187082035388255	0.11945228426583553	-0.5518581456364273	0.44635046132220446	0.8008653347224798	-0.7781963537854337	-0.14007739523658233	0.9989016547308436	0.11714347122096815	0.2974427254338198	-2.2191647350277193	0.810435799821918	-0.1480540812516399	0.4825493220715576	-0.19988749498521427	0.5526009964616574	-0.3085474659649068	0.4451638182751372	-0.3571336065802386
DTXSID4023628	2.4199134818723267	2.0731852463861147	-1.9607426915412587	1.2569114118388922	0.6084879195470937	-2.215452086058659	5.550823411418296	-0.19747364297636588	0.024177887095929038	-0.8207800557288645	0.2268375580018654	-1.745204978229219	-0.27064789165006803	-0.04441340353504716	1.1927499921017564	1.7697451039724508	-1.3294481810252305	2.202912276340619	0.43075168693148275	-2.9306456515484087	3.9842776453180417	0.1952952846173436	-0.6785534719200192	0.5655257431318378	0.18215053580619536	2.114842593042256	0.7067355868431529	0.1542965303781617	-1.4189330518438785	-1.0477443390296208	-2.389164617543778	-0.32910260862627344	-0.28863305750931917	0.2317151467579148	-0.9692349161213177	-1.9759113021963755	-1.027600717241126	-0.4132336376477222	-0.013037775740338275	2.1279096260505894	1.9843470595787256	1.477459713337001	1.2414346306274078	0.01683037519815349	-0.01678413769448301	-0.29675128753881724	-1.2593331436973856	1.0072078198072802	0.3297572946092952	-0.16925472229508773	0.09208482870708767	-0.7808677163997484	0.9057030170948139	0.2629723275426131	0.002014708982547887	-1.4095644291117264	1.6837514143014645	0.678165524738027	0.8153717909804908	-1.6252908946639006	0.2829337871369579	-0.9795100691996326	-1.4896636563486065	-0.23877228105855236	0.8621832306171954	-0.15493174427800888	0.15136541572643103	-0.5614717312070028	-0.4106726804305923	0.34949358062106056	1.6371263648034264	1.6844068691835177	-1.3020628903213003	0.015228384739142497	1.1749454795716159	-0.26062369257652784	-0.15314968429031595	-1.2388056378662051	-0.40733017140164124	-0.2648443409553587	0.22535203507816848	0.7708760423430121	-0.2585851569481169	0.2174562359701603	-0.6191781102595747	0.39531234834267914	0.025920341217131354	-1.1890622335273586	0.39080326906955565	-1.0764983647385344	0.4808831546047596	0.06775856344375569	-0.8511206823559236	0.2510798649804993	0.3592574807443413	0.3815272094442794	-0.10891102326142635	-0.4265137392431807	-0.39475542253425394	0.39142236233433925
DTXSID2023276	6.610408441866022	-2.044215876762238	8.898222593554761	4.788240532263721	1.7443921476767354	3.4945239812678497	0.8620315606416189	-1.8168714769136192	-0.5958345720433209	2.3214207472577404	0.09241580160133582	-0.9088852161674218	-0.04347480971004348	-0.7832763766626847	0.4113110931806975	-0.04252050902268081	0.010893863293207585	0.40489289151417984	0.27727463451456286	-0.22007349678977936	-0.1328766394850505	-0.03205616612090001	-1.1095545523026362	0.7627374826515978	-0.46154883147300924	-0.6904018149696295	-0.0862508244442024	0.7610556600756884	0.2082412366042843	-0.15330628098281815	0.28123901844484744	0.2031933482932867	0.180828842058315	-0.34110282867883107	-1.022822975258436	-0.07512664454572963	-0.47018824105134593	-0.7315116408963799	0.08683894467665275	-0.0771798688861054	-0.08259358440169447	0.10049250891964254	0.12274134435206688	0.5956161396483793	0.3037725815622009	-0.4352414005087272	-0.27715569469725176	-0.3774124789540893	0.35617389906419883	0.07459229469361113	-0.06452971398383565	-0.5048054230585894	-0.08108630258655883	0.024181681863905458	-0.23127386423479793	0.23557582598859797	-0.3996435321485131	-0.3172027921339604	0.23540688084331401	0.46895019561355333	-0.7038765293436178	0.0302871584414648	0.23763985295127266	-0.10279339943177919	-0.35542250912293816	-0.5459887434244147	0.4951391756129985	-1.0610929763736952	-0.047917103662046885	-1.3661259777349772	-0.4263020423329219	-0.455338526063808	-0.8684073391801027	0.5242575709808642	0.6622421431358805	-0.508852690040175	0.7348091485268281	0.7961998601721315	0.15485209840841868	0.25936027375094833	1.2152323872668056	-0.04164375982884566	-0.27895611725845765	-0.19096883662514783	-0.32398547516149573	0.3401689129470742	0.10490556933833768	-0.059931080494883986	0.4088875224031742	-0.1927000024039954	0.7122494046348843	-0.48849604723590945	-0.24540792265178352	-0.143494753666561	0.24701107759532154	0.2113818870427554	-0.022598158174136757	0.45082562598638687	0.1758301113437804	-0.3317904327122094
DTXSID2025474	3.1585129261498084	-0.49445370484065154	7.051765641600911	-3.0240475912256937	-1.7429463926787498	-2.2203481928123696	1.0898358664167784	-0.8130939107565706	0.8694907062877059	1.671780877423068	-0.04870213332146685	0.6700358208984292	1.5391481313924749	-1.5136308242855323	-0.23018725397664036	-0.1947293929001154	1.234902789940486	0.4578513707146159	0.6899230083161533	-1.35928946708307	-0.8033012739545715	-0.028875397591637295	0.5742151122804561	-0.4556034796719381	-0.26391365571245823	0.6994676164660679	0.30145439029989574	-0.6884589361455307	0.6605751744095564	-1.1127012562249694	-0.5482197180307493	0.5188925977693633	-0.2812064212527345	0.7655946615215613	-0.26590474467854247	0.5313343310429101	0.21289336705061218	0.6537487720577008	-1.916224885606889	-1.5108349230757827	0.8782812535444042	-0.1735529662593583	-0.26639547791516294	-0.824034106308823	0.061139020518786134	0.20204196937200875	-0.3391280977877709	-0.44140946505868794	-0.05212268604719798	-0.8726453369182213	-0.15946018722598365	-0.5214273654680458	-0.19497231690632033	-0.055610710381971955	-0.6069196065942912	0.0962090896273341	0.024088929682758303	0.7901323152872023	-0.006460899088061392	0.055642513094734745	-0.7132302143245433	0.0953252131571537	0.5789183359463542	-1.4171651272617651	-0.857441887096729	0.21737979359537538	-1.3890149047058846	1.0301898783273973	0.47430856932189364	0.6115194558532658	-0.03147734046397741	-0.6105657040106728	2.3832183918307117	-0.6920345623506642	0.34798453348149894	-0.2901101109665824	-0.2052727781841633	-1.2905717399204664	-0.20090259991182932	0.39342920837772616	-0.5549244081745647	-0.2926063090452305	-0.05618680893458664	-0.10815792683486837	-0.17254906456582864	0.39913241185533593	0.04073372487021203	0.07006648100862897	-0.6875152399424029	-0.007100912333814178	-0.9659745422127511	-0.21885181406442733	-0.16332456720845437	0.33111550975149145	-0.8477151774056679	-0.39091424146333564	-0.16806644422443423	-0.09683383087956535	0.09628911165064527	-0.8811383356047532
DTXSID5047110	1.2518323882672957	0.3157568350657838	4.805507359337021	-2.1669470119738112	0.2209395964133197	-2.399550087861592	-0.34571059955280414	-0.4681492403141297	0.3551409038990441	0.2250148605431459	0.20906271889935052	0.025871484507493818	0.09625099463013478	0.4266786747022961	-0.968360512554649	0.0018752187424975909	-0.06680264264004189	-0.34446868116548696	0.10230211411868362	-0.7809785472811569	-0.47210602432883353	-0.11696797155338635	1.4057965879917558	-0.4467529216573002	0.7579485360254529	-0.905967149155577	-0.35394472513671776	-0.28553908779755477	-0.05736808272439238	-0.09531939786245475	-0.35540624910502927	0.8457333860609975	1.4533085468286704	0.05019621713036943	-1.6483200534928084	-0.6939676440922136	0.840055907007381	-1.704632812076465	-0.6656036456481689	-1.0082305683221273	0.7400226950293142	-0.7389539187710208	0.4486525197400474	0.22312312375156315	0.5262690291664428	-0.8721649620618921	-0.966267523324647	-0.047258861218221794	0.17018709700103027	0.34663804094546474	-0.14674567333452496	-0.9407210533573691	0.41855007851284304	-0.028148211284087024	0.44155008757306863	0.6633926896718684	0.3931920325059981	-0.3325163852279757	0.7890051094318421	0.8831638381170483	-1.0852653284267846	0.8224595242652766	-0.08631051246618471	1.348661399939862	-1.236932601531403	-0.5427783051285489	1.6073150553588031	-1.144976910665978	0.3496316213161406	-0.543378980491841	0.13922397122774655	-0.1723949180284579	-0.22009453098840503	0.5519470239138349	0.31311349620285145	-0.54447621900722	0.06871404167421849	0.07568562965743321	0.387008689103776	0.455705426104152	-0.4278888254588919	0.17339754619114275	0.31644590902029757	0.040030992843570284	-0.4781906728585424	0.12848353370092075	-0.03909355433944547	-0.07339240937392154	0.3631375599668076	0.08081044971027378	1.066684190536164	0.19637932550838444	-0.33374026294767334	-0.08758670722428623	-0.3025115467778462	-0.03699196439410262	0.28204612905852566	-0.4458827990920541	0.26074636061046386	0.5319633092365949
DTXSID1023998	6.9907296306138536	5.264791702325534	1.4973716854358532	1.921417789386704	-1.001429288746711	2.0014946287670603	-1.6217400798322403	0.9043567374640127	-1.7205906291341255	-1.7127488011133247	-1.2449536830967873	1.7840713838249718	0.9960500478195851	2.5711873236047826	0.3121010311114944	3.24592098335485	5.367087368302822	-2.2037176036361723	2.875737024289011	0.9346293901135395	-1.8474673377614264	-1.2737206936979044	-0.6519864100474707	1.2497469629945677	-1.1257522420619843	1.193127442454561	0.24707057039252783	-1.9356235930855497	-0.8264984156111979	0.19714403091410188	-0.4985904123795989	-0.26464653297803453	-0.6685068506013544	0.054729229542935	1.418893860579814	-1.5509484454477123	0.06630415614696007	0.18699848544947506	-1.643104916019416	-1.3552519472733817	1.27858472667702	0.8219755765124258	-0.7600933434707355	0.4312914322698979	0.7802829446450367	-1.822077839289266	-0.47147089672651094	-1.0815805761871622	-0.45249001174740877	-0.7112952962541602	0.2685998111569919	-1.09221113786896	0.050617562941900514	-0.3020234203501853	-2.2504111106973874	1.2238420299131854	0.015066449083227882	0.7051736177033241	1.331690780650084	0.6053596508439313	-1.5207630572589248	-0.43772793330916665	-0.4632049895809368	-0.8953194651832083	-0.5149747501545126	-0.5073418728073453	-1.734583096285309	0.6831245424414506	-1.417972856895859	0.5856250515970235	-0.530928755363773	-0.6712384794971242	0.891294288765534	-0.6403042630036744	-0.4805977698658952	-0.650938256642017	-1.7117477793396882	-0.7988261585340048	-0.5253699912928784	0.7334900333520866	0.5564181574989475	0.4361552508379299	1.239045581851404	0.09711954664365151	-0.10057811481769281	0.17660379559166026	-0.7923636532859015	-0.8134942743067299	-0.06424169555539207	0.2070219054135276	-0.24458952493234448	-0.24040840752056297	0.41347697232583086	-0.30831715468198767	-0.3444674176580334	-0.22940302192757916	0.5029772193399361	0.8672323871906069	0.2377622021217013	-0.535773319175126
DTXSID0025494	1.7107018848807538	-1.9905418065191667	4.763098496365136	-3.7579370646844072	-2.699021904945938	-3.5889818127239006	1.2811652991656137	0.13613884284836125	1.6290398147077463	-0.8753082380636943	-0.13133185934860522	1.2536272802493502	0.7639899446575473	-0.4855376610731776	-0.9028239012765578	-2.0667839853684438	0.7333502850957524	-1.1332804952716804	2.1819889192765123	0.8041591001309127	-0.12796182705006237	1.1758990965606153	-0.06828288525431478	-0.22669065057356902	0.1557821450924797	1.7850823013481036	3.4314689512683825	0.22662307762809433	0.9373193895666284	0.1952461705849517	2.029232420439703	0.8157357759210281	-1.2338910920181139	0.5733569402600768	-0.07940773028925319	-0.21099003135065506	-0.5607005890680951	1.3338711223785844	-0.5367127360884618	-0.6766282250412147	-0.18958761371858215	-0.16719051548084662	1.1295957949788733	0.3455131872659815	0.5902580874047233	0.42202859635500506	0.8909341771077188	0.10161369971981975	-0.10976193455878723	-0.13591964055012684	0.11983932049864024	0.8770138960429399	0.0878723502240796	0.37741245096850445	0.1510712783756479	-0.06158174992829834	0.41248323726201347	-0.23197863005403346	0.40787642934360435	0.02342124010333185	1.0020834802380392	-0.4050665735288564	-0.4551347082501566	0.47794530896750387	1.0066792158916076	0.9523090662783341	-0.05580564815344336	0.923855589333565	-0.03757474404689778	-0.3379852831545427	0.10269450427931108	0.8722625763268336	-0.5849487038205704	0.4467428469534727	-0.07426550396160723	-0.7559499198840349	0.6686893210475081	0.02691654053872096	0.7731857572134757	-0.6222983716262066	0.6114476959332588	0.1026854107925096	-0.2591845336612645	-0.47361186503690794	0.01550442825919759	-0.06390020371381096	0.09910074679432264	-0.48235708434053665	0.055828342684387584	0.030012729614052696	0.06964814852737097	-0.12825914878580297	0.5085082306752838	0.3968092043366371	0.12850265285651422	0.3635150972138467	-0.0940135275638208	0.16448140139632741	0.09695602150606251	-0.2656815107822099
DTXSID2023303	16.700688475475406	-4.741815799390055	4.545955146083268	3.349653410761047	7.536043089796238	2.478286430500094	-3.358490870890886	-1.4993447548630707	-5.012621827305935	0.4583201699795129	1.9154998666039662	-2.694998304909422	-2.079679704447657	-0.42246277335668536	0.6032973315183646	1.4480841426925768	-1.1651319578775015	-0.6555502454431664	-0.7969560212617193	0.17559839413174702	-0.7861122179530062	-0.18195728535984448	0.6641252259963676	-0.5313220008692747	-1.2188495622727595	0.03402183873103421	0.8442305239042053	-0.6465541193252728	-0.49660529134142084	0.641542664077041	-0.6783436418094627	0.3172798228165145	0.787084715890525	0.16002681459842202	0.7310730398898416	-0.48750790436923763	0.1266139820403335	-0.39135663623317407	0.4586674625812898	-0.005544620722766664	-0.26022148754877233	0.30762735506180533	-0.4100397472876752	0.4823393729866974	0.05193349064491526	-0.44709386540616586	-0.36450002947681986	-0.3956889515605563	0.012525582421543712	0.6393885339298957	0.23855189265529417	-0.13965809082986094	0.4780817855533382	0.027240134382297804	-0.08251531405683066	0.4788144335919663	0.6649527912630295	-0.5248355361806694	0.005835514243625365	0.8070891047849744	-1.0686547977052296	-0.15056423310920922	0.15363665794923703	-0.3380058340246772	0.08581993827407607	-0.626239005686497	-0.0958777515903886	-0.5433685106078449	0.7683118969818292	-0.8073739683346365	-1.2619155355413643	-0.28438995457756094	-0.5250247963693364	0.29580762460413573	0.057960234954303136	-1.1461585333365445	0.08001142793496656	0.04401851754549077	0.4285355340452751	-0.508009494101575	1.4244434894391398	0.6008728027221365	0.24576796837960393	-0.35159371079750684	-0.5735318395093509	0.17780183948350448	0.5473713780256834	-1.1335316077145996	-0.1776430773494414	-0.7745905455543922	-0.8023178158615978	-0.2060559664996394	0.708573969873052	-0.791747417001148	-0.7665414128310533	-0.4130939486235973	-0.1270518683902893	0.396211127394373	-0.5462311514579208	-0.5651846688501808
DTXSID4045399	9.005512131875825	4.535975104700872	-1.7203439353942749	0.381019331452907	0.24115369674758216	-3.0302464735662293	-1.533359435270085	1.4468103810297728	-2.4247781324552515	-0.09807852090441066	5.6898560477408	-1.074552014959057	1.9257711186649222	2.4062634636444136	5.228749085315926	-1.4337134866841579	-0.45197329550529247	1.469938999354349	0.5858895512630837	-0.5454890828809441	-0.48954187321267467	0.20356284961709778	-0.8591633738740757	0.30306295265103256	0.8116400676707586	-0.327605578967423	1.3916676449800922	0.9101695520554591	-0.8712220269717567	1.772802228154114	0.014154877179730421	0.41843526035012135	1.7705069910050308	0.23413935062269187	-0.5102583478575167	-0.47797201925277766	-0.2009035030658598	-1.88512259004305	1.595869888142796	-0.3100298013636443	-1.1464115742213101	0.41127091450924946	-1.3995783137127906	0.6553465949695997	0.0305501132339179	-0.6696955784268274	1.1970518648264077	-0.05782072927623399	-0.34115748101911136	-0.23824618859069147	0.07234273756472712	-0.09960823525445096	0.39677768032840877	-0.07793792363041431	0.923617722831171	-1.1174369042284424	0.3828656757396002	-1.2629140439374271	0.14589772935038436	0.905973429147257	-0.743174496045875	-0.9654536610758511	-0.0635359651513414	-0.8374511406315491	-0.023211112534137598	-0.2901996246366385	-0.08993308416679216	0.10168450993328501	-0.1685575603181753	0.6541936962884405	-1.7238162969988358	0.6470135111211542	0.08810590787044967	-1.2478081251129827	-0.37004331781715105	1.1311421996759328	-0.34681016326369124	-0.19352507999726698	-0.5218035048272508	-0.12401198211206464	-0.3356262742100674	-0.5627056830094979	-0.03825330470304077	-0.8317169095968017	0.5837817965306116	-0.36464662678778553	-0.628808003789302	-0.46235929904843853	-0.9070108201757181	0.34522876877891356	-1.3422745217166465	0.9111316216443146	-0.29482655762553595	0.7298839458624384	0.1896077849040911	-0.46371757428725174	-1.185913524906793	0.07226506497949411	0.278648800106529	-0.30060308699241234
DTXSID0033047	-4.363009472108759	0.4465657689115655	0.6199724896697685	0.6620763873568811	0.00565357554652831	0.42129787193486035	-1.1357511433374632	0.7173852792152073	0.07606559025885201	-1.0433296349059942	0.033516207884912434	0.23128447289844223	-0.3198103235373096	0.025899287220318305	-0.23551955138681202	0.7002341423062006	0.3836266815069479	-0.5043520694651915	-1.0771472206515746	-0.9533681152019494	-0.36850414423936245	-0.37787125100552676	2.379546128533585	-0.9724363643055448	0.2341472428810026	2.2963407922755392	-0.8077077761535305	1.2109981369001899	-1.5278894399245027	0.634652071158989	0.14930323705866158	-0.9668963707704723	-0.5867363127464066	-0.11125967408206623	-0.27092341335702025	0.25759745186997735	1.5543704092615764	-2.6996070851517295	0.13552823094530211	-0.04550446606846427	-1.6466350489801367	0.20291287963241658	2.124112113853666	2.108756139667775	1.5381394650149758	1.597492008805802	-1.7523861738215698	1.5880297899069968	0.8942070128887974	-0.808824255303128	-0.44378064917992893	1.443339130023323	-0.9904164230254553	-0.0281415192350147	0.3477943625837662	-1.1862641083209922	-2.505702520754976	0.70269281290311	-0.9851027188901992	-1.1004706766760306	-0.7546352194107794	0.0605087754569199	0.8035160450759208	0.2447730713324015	0.5433253919186558	1.5234359283419707	-2.1741178962983363	0.7480624016244568	-0.5155423565130055	0.24900996294657532	-0.7743913844305861	-1.645141731378032	-1.7273041985168764	-0.1738536530536472	-0.8845186445123897	-0.34028996518261573	1.1381265752002527	-0.4567657735991017	-0.05656579529373455	-0.03543809110467137	-0.049075295652842785	0.6106069091894413	0.2890336667789523	0.5578365525489176	0.12984501800184198	-0.11249626655925347	-0.2845128582126791	-0.36199920134634245	-0.2621011299862839	-0.15438872452652577	-0.04661276486175048	-0.4802960551414701	-0.6467029724878388	-0.15678398698199666	0.05877074403950347	-0.2867530783662768	-0.2317631992846704	-0.22056735749467227	0.03045287949619692	-0.1552582547018155
DTXSID8026147	2.8254511612273103	3.663052336358439	-1.4983225861677736	0.3080700903352844	-1.3099730902962674	-2.8111460778573347	3.8376056770234737	1.3766293714502904	-0.8132261552962038	-1.2735512979311407	-0.193951245036832	0.4003640351104201	-0.8220929929213291	2.915813444720648	3.316585410210898	1.0215161555167749	-2.531656371363419	0.7578113346418055	-1.3493629209914886	-0.43235343033396945	-1.9469247186793963	-0.39016504416664655	-1.2873487407336957	0.19238512718796177	-0.19320100403529725	-0.25859432945347516	1.587582485140392	1.0856876996239513	0.010415518243406854	-0.565865658698488	-0.9307750274492271	-0.4692930539598486	2.0448428021097955	0.1647257459362246	-0.17663129260549704	-0.8452721185579306	-1.559865601848311	-1.900132446386878	-0.47547051315903655	0.9530261532936579	0.8919288713088755	1.0464725484168116	0.12091374011191022	-0.22323397143281257	0.07265903092215381	0.2665909370977024	-0.42847207736086657	0.4114816076163726	-0.025999318002660428	-0.9330844570665622	-0.14635409011890868	-0.47122460343578637	0.5663952037968143	0.4941586360041165	0.6564179947346823	-0.5715672015427568	0.47425109514539315	2.035679509656423	-0.09575305390918186	-0.25923667542965967	-0.6243831305922938	-0.5624834111839735	-1.5296515781840725	-0.24372907568673652	0.018370845186146973	0.6189486822578488	-0.43884021639158477	-0.8315613514801538	0.015820173652948258	-0.9449784484502929	1.4649740597918484	0.5295381948642431	-0.6149440223771173	-1.0273446758028701	-0.25603599239358	0.37323742515164526	0.6680218731444983	-1.333918561725603	0.3588782984482695	0.06803886815356638	-0.14392088292256794	-0.11380119776052225	-0.28526756332587533	-0.7427740609306935	0.32301603319865585	0.28518955212966274	0.529230418461659	0.8171806570464897	-0.3171887841759672	0.2371018649458497	-0.34822466638315935	-0.37044631476379974	-0.6359366545503702	0.44535991923398016	0.5419033416228763	-0.45009540636978523	-0.5889573219514928	0.18424606358610454	-0.6351511996638611	-0.19414375059430927
DTXSID4047466	-5.351700078550336	-4.011752052579527	0.1711783766899543	-0.44087988656241794	-1.2802998558394119	-0.602290480193636	-0.4766420061173438	-0.29707782102323366	-0.08573066455220488	-0.13021379486106568	-0.6039309060741829	0.09137034405998848	-0.19504018848646593	0.8945300110728456	0.5130312514245919	0.21930305807461983	0.2828626723513477	0.6727693787997961	-0.11028325840442245	-0.8206225597049414	0.3736491687365482	-0.7058594447818053	-0.08208278022192611	0.23989918302884372	-0.6083066607554142	0.1743250206132004	-0.06694186667159731	0.1786035823013611	0.06208978116415727	-0.30713117209451274	0.1895889439203835	0.25139844230935293	-0.12292497810842805	-0.22836465557802563	-0.004342728405529364	0.49714293534280046	0.10474429383683267	0.5959456180525241	0.007328295197815194	0.13896956307677913	-0.26267477783875226	-0.02372730289890515	-0.006792607532264329	0.09971559157430468	-0.26325801624675393	0.020323038004675137	0.0669011224542012	-0.48937866991620566	0.11212483617045711	0.06312358558357707	0.10575492363765054	-0.022974380150195043	0.14029608441472344	-0.1831420305023418	-0.15171987284757502	-0.028858651700296716	0.10254693896346896	-0.12878823565780334	0.13124087025440884	0.31903408414997514	0.24832733233785062	0.04124478267586	0.31919871573068437	0.13421649410679404	-0.3793032901199272	0.019181670712073058	0.45948736915522537	-0.31430834806762337	0.31145857008608513	0.5317442659099603	-0.004392989256885405	-0.022596539338571982	-0.23259241295148506	0.108145134384598	0.24188043825817818	0.17674407238247292	0.021703267798415766	0.8539047418119253	-0.05494539098185255	-0.5139837673026281	-0.029220543207102063	0.050785277609307906	-0.42948227516142107	0.34109200629822867	0.3146599500984075	0.2986475795229287	0.14197770771842297	-0.5619736828781886	-0.09880560989690024	-0.380169446657138	-0.24351471621422455	-0.4473076350299891	0.10556306629720633	-0.07622249537418517	0.11825798702851172	-0.09515887373941392	-0.21328118351987413	-0.28861462017150996	-0.040407599701907736	0.22789232634845935
DTXSID9032878	-4.882461187875866	-4.4537705013593625	0.04948538624326833	-0.4884976395403027	-1.8795493007626327	-0.22227717667433783	-1.2813400405595172	-0.2725693091631419	0.20530294569689547	0.6559989795464267	-0.17570933980560427	-0.22811379759982547	0.2920460480432584	-0.22931169725146278	-0.3427335905711741	0.6919421630494558	0.13658460555617016	0.7899727805075039	0.030343333556851017	-0.5393823064592794	0.004459735526655576	-0.2553873909969112	-0.9351946255747692	-0.43787022927547525	-0.5848433295723402	0.20741876758018435	-0.06573403260729753	-0.2246575160819812	0.6570935387082611	-0.937915699289111	0.4845815189582033	0.5168894267251106	-0.3926969436798994	-0.11395976922040264	0.002655773300461902	0.5789378397841642	-0.05838118505870026	0.8610177154377255	-0.9543284869148092	-0.9961103687995604	0.47845365972390896	0.015502482244374506	-0.23089590210437536	0.06293766025209266	0.2182236243407395	0.6461247248715067	0.20705596732003329	-0.5093692207540039	0.034699569202363854	-0.4196574741601563	-0.13970394518798152	-0.3845964823240884	-0.24590271367810596	-0.08954713524258592	-0.49476900999069523	-0.13513472284643738	-0.3484285491275449	0.3352951305278345	-0.4720045355821582	0.38010642069839573	-0.7425817923377749	-0.11989644983432268	0.7402422562422702	-0.3927522501477251	-1.0397139700620806	-0.2506087169831172	-0.7000796359730821	0.62501030908971	-0.1623382154277519	0.1318777628877497	0.13284829817158034	-0.22710430271878546	1.091716278247038	-0.35672185390998595	0.8323602711056147	-0.45478497321182154	-0.40809608877795156	-0.7568924827037551	-0.45322806764973755	0.4062191499141261	-0.4011384052315372	0.004659383438402831	-0.2217694600430937	-0.16081567373333328	0.1443118123136383	0.6487510669678704	0.9059806634386376	-0.41530572231861324	0.06578674988656943	-0.15447412890835474	0.4280819683561476	-0.0722185845497719	-0.656535017493082	-0.5099806532621561	-0.1665097181197333	-0.06009889271009407	-0.11159581723298416	-0.2671718981859014	-0.169815287080632	0.5421604989152241
DTXSID7021360	-6.428357617488602	0.43387151798335416	1.0256093163426145	0.5451715311208781	-1.3702716353872098	0.3544635952270785	-1.164018142935723	-1.2042972712042028	1.587911654001467	-0.3702343679353621	0.6031289974933168	-0.41752347836971127	-0.5128653196828983	-1.1375877245776218	-0.307018662208162	0.5158681886726241	0.22408672223262388	-0.02047678842044102	-0.2698597757955146	-0.042422132300390276	-0.2044785690965835	-0.1808665493595856	-0.34598860761815586	-0.17078595436634794	0.26465814269936744	-0.4405090159402015	-0.1495369857205362	-0.2281147477214925	-0.039112358194695454	-0.012626581410856064	-0.41910667874371527	0.42556669532242825	0.23146324453888487	0.15449673320298457	0.5307246051126504	0.12074457090553908	-0.27187520904876844	0.027051594202891945	0.060767599247485704	0.12621046724117077	-0.3158129569154258	-0.04941473620381746	-0.05594944070698858	0.08191934588960922	-0.36904403491724624	0.1675463923580218	0.1551502480750458	-0.2983994051149031	-0.13529576471408272	0.06318209926614933	0.013083557443888992	-0.10471787216633824	0.04435591629711792	-0.15075484492833444	0.01387935813060471	0.16490373638664227	-0.2813441285042427	-0.09079498394089121	-0.1270698272478337	-0.2743511816013589	0.21323680860985939	0.17330715814551542	0.23278616778451383	0.3554443704069808	0.13633386941100492	0.095640353344818	-0.011105501331019153	0.4337089168926747	0.09833556580280864	-0.08371062482282295	0.17943510857921668	0.05825572650124961	-0.0497895257936271	0.43224921321254683	-0.10760645730445706	-0.051506578051913325	0.040116538625286635	-0.1258024957045193	-0.1846537078337245	0.23180747789685605	0.7198563234950418	0.20408679992065065	-0.0188779810454856	-0.1236880806102596	0.2437942087949791	-0.23672275013877433	-0.3128914342791696	0.13012829976819756	0.11603851026525189	0.24723476614771325	-0.6039050924520278	0.11309806093514939	-0.10971266151373289	-0.40100705348979315	-0.2082485058699301	-0.43484907561855807	-0.044769247721321265	0.17263802462539968	0.07314760055161303	-0.3536944625998406
DTXSID1046396	13.806195196150961	4.914481439781702	7.812301153759672	-0.7668945949782409	-0.6318090212466289	-3.9046413251330963	3.051623509271787	-1.673012399231798	-1.0466622749930838	-0.541594872930115	-1.3528740564710058	1.4232187692929807	1.7301740590221097	0.40844666065129814	-0.06945837798169911	-1.2928684372467105	0.7743244745212178	-0.4687744552231285	1.5510703877771654	-0.3599274143014402	-2.0200105742683245	-0.7774194049882059	0.9797528170128791	-0.058879206753759426	1.238544359563899	-2.7297200306609133	-1.6368158331809919	-1.3863970720577006	0.9906513947470001	-0.3905338669763244	0.551915146644691	-1.7224790391252705	1.0197999910052904	0.5881888624426013	0.07382296522707647	-0.3970287826328399	1.6772188354531539	-0.47255428856872705	-1.4638820185586847	-0.6796302788411299	1.1526061448644414	-0.9281792854329074	0.4907153664917714	-0.7391340228503105	-0.886919590231841	-0.040536949606697285	-1.3975183589255644	0.9314401194250693	0.4309572378860897	0.3588727813600295	-0.1260373847369295	-0.5386668532492425	-0.2540244974192204	-0.3036299404863078	-0.005382198386699387	0.7697620373933507	1.2135340211359311	-0.3408601151448853	0.7553056601398368	0.030581773679169092	-1.3051410863608561	0.11917180901909256	0.6153810725797838	-2.2106518329378475	-0.5249413932596996	0.24733164234813923	-0.3997324183598116	0.9363461590164266	-1.1690284365593848	0.38682875291251884	1.3486121538168185	-0.2604414955037447	-0.4783834012489398	0.3905299348400905	-1.1077864324199145	-0.483360334001528	-0.4836684087229352	-0.6167896454831776	0.36495388366529263	-1.3786869871479386	-1.2072289520932693	-0.8141724422201564	-0.28748973901129704	-0.5447511347784658	0.25000435608312926	0.14566766237567189	-0.5446608078555882	-0.43947923482692575	-1.221128371889162	-0.5013207712468705	-1.7164345549584648	-0.1768760015361451	0.22749993349536912	0.43254302168578657	-1.0639021425505086	-0.8975691520622437	-0.9267459667394087	-1.1103768287624314	0.971331528721344	-0.5445110648570463
DTXSID0027981	-2.0610192529723403	-1.2637116366903778	-2.8712834778822907	1.873909552024075	1.1213265327021067	-1.2999770260025243	5.472474385947893	-0.24966373819248522	-1.9793121077554403	0.5722747673447047	0.005113508553296747	-0.47316161594162703	0.6507767642409502	-0.6316271026712574	-1.8583894676504285	0.9337176708384788	-1.7337886383461205	0.7122516242257939	2.453155792324165	-1.6021569638832294	1.8574206107885427	0.8110872906779892	0.2162213690653639	-0.41020078380863384	-0.1952648682863699	0.9975507510923913	-0.7406022861361297	-1.9214792277548416	-0.8517182373088362	0.18373164456213678	-0.13911851964116967	0.18254226465213375	-0.026137112587345527	-0.02283640626700523	0.10255342086420917	-0.2513526748321392	0.37894470118595597	-0.8690653346130633	-1.1244423958736574	0.438079874358034	0.7690657232952591	0.2651870990184988	0.24283487706737047	-0.6587962035805119	-0.03441369516362403	-1.0963656276937943	-1.0195996109046048	-0.1685149728647125	-0.22756762587055016	-0.2861711162468296	-0.26122583719758063	-0.7224817380304204	-0.07493333448719691	-0.2586437347206536	-0.46362486133829933	0.13777040763385806	0.7054219795925855	0.3120824078056494	0.2957615699003598	-0.06625588691054916	-0.13455059175267373	0.15644824609258762	-0.48293951644804983	0.12131601210272924	0.4131850059208911	0.5608959038703951	-0.8122818725293315	0.25792606451184297	0.15206819543442732	0.279346258570379	0.7904313856805072	-0.09022977131923891	0.5390854111272622	0.9170222480413431	-0.3734689299291064	-0.3593890890062532	-0.12639648353236232	0.8751530511184924	0.5411603252056666	0.03309812026232791	0.4031644196990572	-0.18263183282649662	-0.161414112630154	-0.9520179319841328	0.6770860886837959	-0.15203865602769806	-0.8037193528404477	0.2493604090937617	0.34988914805139903	0.5575085094513592	-1.2295355700776494	-0.06212712919319798	0.8029254629966343	-0.3496625767375725	-0.4220392328621754	-0.8984381938847099	0.9429922537378755	-0.16539408476535014	-0.4210825640956397	0.8140049340713771
DTXSID9024930	-4.744357070627255	0.3643425594563633	-1.9652846319669814	2.002372616875957	-1.3748154708743632	-0.591091126812935	-0.41178384023495546	-1.0116616638247182	0.8049336342553411	5.690082896957888	0.33808806591058105	-1.1677697119823376	-1.2041145838146063	2.807532163441769	-1.3644819182147778	-2.468203848525206	-0.24977228957156342	-0.4879463460132508	0.8419918271206125	0.516081223656727	-0.4986504663869548	0.33049869638422086	0.24635840625118977	-0.4726987438583378	0.023797793652107317	-0.038842907693117025	-0.7591694084471519	-1.2117967839131778	-0.7738472439999188	0.6255694527315818	-0.5544795275218551	0.6909062861810054	0.5280951733958764	0.013006405237700113	0.056531417041256166	0.35880010065268175	0.033650282918808415	0.7274733530542052	-0.15609577826698634	0.43971388411326473	-0.5035395847993053	-0.21948032142903912	0.8216141530711484	-0.11291665584477599	0.3547674387540076	-0.2246623121453632	0.34555125565234934	0.08081030851203784	-0.31527512759924076	-0.22558722830962483	-0.21154672551690287	-0.0636459723147925	0.1714020845500916	-0.4393661355387253	-0.29599997927692234	0.4577573404795659	-0.5174719045251727	-0.5982240617083854	-0.04146472445822919	-0.3343524816966558	0.7964506895425827	-0.26399477964144985	0.08084973275476091	0.29810459416067814	0.7171612686284398	-0.1661316242128194	0.20684085735996297	0.2816549102999052	0.4664517078380098	0.3949690087268327	0.09062109444948585	-0.5695622608540395	-0.34453894584442774	0.2526749619538117	0.3053716650916347	-0.19581862841960812	-0.4053421286742545	0.10756621278936232	-0.7606516355188206	-0.06069189504029202	0.43269381914779764	0.19035545226930184	-0.5040854969172804	0.12487322721935808	0.6220092355581849	0.2711715112662039	-0.10923852861808825	-0.05848214449634919	-0.012111898744240459	-0.08658096939074446	-0.3729155652015291	0.16753847361519045	-0.4655437458135564	-0.2679631378377354	-0.05220091431309125	-0.12148305524539724	0.18804480147597832	0.05569752899091351	0.07975616532476104	0.22637799553725718
DTXSID6045115	11.4002226383313	-0.12646439203765203	-4.806228811921731	1.1664394316757098	4.715946249332251	-0.28965746268547593	1.1412102587616397	3.5218595169364506	-1.9259853930953181	-2.671377563009746	0.7423298865379289	-2.1456101027113545	1.409310636647521	-3.484610708295707	3.503655660978532	-3.2739671872227554	1.969284345008323	-2.6516062307753194	0.32429039014711	0.3867457560820293	-2.3287443350493637	-0.01658027569416624	4.311376449260283	-2.436854858213542	0.4198849657106362	6.474214842213413	-1.1384350845910396	0.39360003916810526	-6.428828523157632	5.666620200514098	0.9346260863709465	-4.298281892736309	1.009885079390595	2.0240973593008222	-0.07449585247142186	0.025529967073432684	-0.25402896783001416	-15.053891261764708	2.647485156204621	0.32125075039852324	-0.25984775000697685	1.0229076895680662	2.8700356904719424	1.447683619791109	-11.263505075455695	31.233531554181848	6.740657990885546	-9.386041364137922	4.3458190072411575	10.588353700656452	-32.83230388555676	5.109029179975685	-17.59322140045363	-6.255235095758651	-17.325213030510433	11.862893240209415	3.8147503582137468	8.43393734989266	22.309941782821944	3.9480141503627677	0.8185192761369179	-5.556093113011336	-3.7735469826518333	-2.4077092486341374	3.3139477796701446	-6.615250333372964	7.3544367024214505	2.8104045378241294	2.596202676215484	-1.3088083194023439	0.9635328125671707	3.2621276649008806	5.095536946444158	0.9739162602818556	3.12816844304907	1.8780742748911532	-0.31823135854277035	0.9966901364801373	-0.21050733617442863	0.16974631779851446	-1.364478858525928	1.3489390281911968	-0.8345642038104294	-0.828423049852043	1.0650721392149076	0.5344072818326032	1.5777014192390733	-1.3059218357902793	-0.9045402233835854	0.38974349638016687	-0.5219683091968739	-0.5954187617357461	0.5853308946059271	-0.47353330487217415	-1.4356188526167355	-0.07185889541569866	0.4608579918206682	-0.1382746516653321	-0.908166784867569	-0.33628924366069823
DTXSID9021267	-3.2122927981129816	0.07237230670334474	-1.9280076232683852	2.601547971956355	-2.536706889625208	0.8682318769071901	-2.766684954772597	-2.8456805817318784	-1.8242077923628375	-2.2803654315580206	-5.373117989626604	-0.5463471822747608	4.267257854531947	1.2446231272204413	0.7051498696192596	-0.9411470883242579	-0.9526135673178012	-0.2203740095592586	0.30295097764404744	1.540878470809025	0.5025808981970317	0.7532144981641666	-0.5662369179357346	0.49236175453568093	0.7030098042847099	0.06610376989098539	1.902402062665637	-0.10562679889707417	-0.17224032279397664	0.5767110868432505	0.47678520394285145	-1.0635486702329837	0.6425235419425056	0.24852465887416283	0.017463394355612925	-1.1978838053522591	-0.030877827011818525	-0.4751044366872985	0.5654536644276893	-0.1743981087452383	0.37733320949969795	0.7005730830913024	-0.07063581658589965	0.1001845105935015	0.03711241818376121	0.23498467182067712	0.20164116932687057	-0.08137032400009832	-0.2803970144608615	0.36130288854429565	0.24375837985227483	-0.19843628834600213	0.43643423493107125	0.5125782090984846	0.11221673473225935	0.3339876798055423	0.566913084167116	-0.13557428970449883	0.1842680487533535	0.5721506582277628	-0.3101928897376306	0.4641977755297461	-0.149000806831914	-0.017527816665162187	0.15249338094813558	0.2858282620686946	-0.29651376908304056	-0.3943482428003799	-0.9705664761967161	0.6124211002147666	0.7553915064485228	-0.44678931846505276	-0.4079119629799683	0.14834697168374283	-0.06981304909200978	0.7673812378290858	-0.7968563136606609	0.9683859609133562	-0.23959599284472655	-0.11347677482557587	1.6191945802107448	-0.2993813407196041	0.40409643000789697	0.33304198917629785	-0.37004167093529555	0.19877430483980005	0.8055380035923377	0.7036512513692688	0.526616541076111	-0.668751157931486	-0.5291169280706094	-1.048309786946282	-0.32120068059956963	-0.4863247622162492	-0.8389481099606876	0.4785269835065658	-1.1903575313448749	0.13622757659029688	0.7568808805839837	-0.14953171862009756
DTXSID8046872	-2.1724963466627907	0.8755118807376445	-0.9372769631250041	-0.5140357468627976	-1.9833840610595561	2.1644053301647923	-2.991834954607566	-1.5862038076711893	-2.0376839626579972	-1.2935014347263747	-3.937103651631208	-1.5577328617322588	2.3446972827544426	-1.1999454006868278	1.2702441714693355	-0.3597378173641999	-1.1360132602953947	0.07991600415357279	-0.15792393583759734	-0.5710573831176415	0.40016533813632926	0.06133087564848921	0.3876358031024192	-1.0989253790368612	0.7877598423852586	0.07450624566916386	-0.09616878661097779	-0.7651777709848923	-0.6462066525036336	0.6921300970848434	-0.19884727519361728	-2.3263720409131263	-0.7011105958856819	1.127038368533229	-1.1876416495282844	-0.7707745471308085	-1.8115576254415975	0.2329034929451285	-0.2581670635033214	0.3351296723783926	-0.3517979275738447	0.7984394428231503	-0.4239531156376152	0.26507931478888025	0.2894231727110931	-0.5326980975235618	0.691050899157405	-0.1977297984696015	-0.8565101411013182	-0.23207743725801447	-0.13533392919551304	-0.5314244815301046	0.20124823723085794	-0.21430572664066252	-0.03763953543042883	-0.8787497245428163	0.21930551915780508	0.28233072757944955	-0.14910966024079286	-0.6557445043005052	1.7255751360990632	0.27173795363185876	-0.9659686212910203	1.5882743265577217	1.0682522366405764	-0.8025291698769728	-0.26525372524736524	-0.7761555254721646	0.12585661515925742	-1.8976729278293425	-1.8104830043385534	-0.46180994824758026	-0.000901874486755004	-0.46553583608636045	-0.4070095770190118	0.5175949032404233	-1.8795734347836432	0.23742984550777643	-0.9272736691902788	-0.5424202550729517	-0.0111391622797249	-0.6903989747782171	-2.0564863477490904	-0.34505016214259326	0.25113833678288544	0.6177500848791092	-0.4214731139846767	0.47151468679312497	1.0567985329927452	-0.5832216577244853	0.9515099659054319	0.3908277209125252	-0.08125961154315584	1.0580916068489798	-1.5676276580706767	0.5332954941861838	-0.39081564637661065	-0.2727165150198467	-0.7961043903754516	-0.39546253132907633
DTXSID7046752	8.899463151776555	2.5078071606542207	-4.315596830495235	4.202298390530629	3.8485335402833014	-0.6898621406866431	2.8787683999408094	-2.2890398108416243	-2.674140814192524	-4.753717947864185	0.7387306992388825	6.820008845796217	-2.4486933019015815	-1.0153857659797454	-0.9035305758460407	-2.2586479472712573	-1.7972421974940427	-1.9259674717726765	1.0310535111324464	1.3488327721978144	-1.4490440548794987	0.028943266517677823	-0.4257695398177467	-0.8378732451083575	1.1028030794432009	-2.460847321056123	-2.651215216004762	2.024817339960108	1.4386391344411396	-1.8870730601892582	1.3570091462586253	-1.424893843507402	-0.326754913104549	-0.4915461622260643	-1.1051533884322653	-2.4497100593579337	0.5442664206828589	2.303915550427731	-1.0318425695785873	-0.2780946672411565	0.9482626710439489	-0.7290123316568236	0.4662778360174352	0.9336760759033977	-0.8280838067437891	1.391354270718572	0.5733118306980863	-1.04579506359333	1.4022649098762783	0.5925250762905829	0.31653034431851595	-0.4345212095926894	-0.7229928970711245	-0.3538456918834394	-0.800155817566368	-0.8625365393625838	0.7722967174114893	-1.2180317086618564	0.01637152139473787	-0.5346711158665024	-0.6552913888551574	-0.45958236229692445	0.8950530724585952	-1.661286957879223	-1.0880097411791596	0.09911014121524976	-0.7180362974591639	-0.5586286730539549	0.11942567469528555	2.0552337976470776	-0.6721722466540931	-0.4537761296968084	-1.2037711483484743	-0.25837246150328325	2.8417868539021307	-0.31494654818826273	0.3124506643168417	1.634986432083386	-0.43973878301453645	-2.6246877283958674	-0.6035267638330188	-0.36656709918341573	-1.7187301668748418	2.119666589352446	0.02429013396144453	-0.05307038412281214	0.744005234289093	-0.47908233362534286	1.1274049831141097	0.1934064664252214	-0.6698314056903798	0.642985604573766	0.18414044507087302	0.353546245073518	-1.1286726019355262	1.4972490117282744	0.2903966163875013	0.6943178894640931	-0.07451596077995096	-0.00973395086640559
DTXSID1047287	7.5411303598282124	4.496996905086134	-7.306092887771712	3.600398625691899	1.0222127497502567	-1.2282632497447565	10.98714204498695	0.14308889688807963	-6.1012066142364985	-5.254412707196887	1.3825784464712993	-0.5204138237458412	1.7671228141667852	-2.0863202093207978	-4.086990377895563	3.4719867946961678	-5.076829413174553	-0.02288357857662063	5.567324880252003	-1.2683768366606831	2.854811799872017	0.4502505784697012	-1.4471050515288668	0.5104261107514729	-2.069347446440666	-0.016118363398908996	-0.6365523436598447	-0.33328535508003193	-0.3235557547359411	-0.050838951268688634	1.6844098565937322	-0.37942062283246597	1.0748782942386341	1.698939167415771	-1.0024365937688677	-0.7867484336905165	1.685333116051719	-0.6215435606824062	-0.8676881450263103	0.28603790824447356	0.735059600160881	-1.2274781120114908	0.7072635404494015	0.21967703647784126	-0.7819918844804411	-1.021700143130876	-0.7378075265071963	-0.1697282961646545	0.7115779326973543	-0.23628509722720237	0.1874186562631517	-0.35020516621517433	-1.322808201195468	-0.49955520411219534	0.7739928191878843	-0.6881881215937764	1.9516623717061052	-0.3766519928788375	1.514511740557778	-1.4749281430862111	-0.06097450588448056	0.22703420552330747	0.0977685081556617	-2.2537002008719837	-0.3307449841444472	0.7536120875670742	-0.5701733251462676	1.241875198028289	2.737936900503093	2.06989423022639	-0.3182639311200852	-0.04164760715790314	0.46411197583755615	0.021607694959339674	0.7845985640655877	-0.16852454180986726	0.05332973431575552	0.945558198919557	0.9995868275359976	-0.0201041518531847	2.2609853575868657	1.686780653366462	-0.6318814409476223	0.31011414224700384	0.15658749332626354	-0.21895540208297906	0.6865448713219798	0.661370689487267	0.16773695456317436	-0.32154592737126675	-0.3665493491345516	-0.4451188205518819	-0.08682749861128007	0.049512975991558274	0.37978699765038365	-0.9475428189899937	0.3090785932864936	-0.34837880176970326	-2.204782127024278	0.1390801534394317
DTXSID9045928	32.91714496805076	7.099252930163333	-9.947155442369304	-6.4911912859120875	4.339964576916669	-5.951270054630671	5.3725459686644434	-2.071380146882744	-5.307700735789228	-0.4673632774021283	4.00732827820284	-1.589205155479938	0.9329107265618666	0.08091366997355909	2.7168485658328025	-2.657541780041246	1.5029995025394665	1.2633270545148614	-5.705988498841219	-0.34479387179663606	0.40216121621227663	-1.2535487685175974	-5.286994609191037	-0.5831427505448341	-0.5299726428128473	2.8138676319284843	0.20557888798960142	0.9315077556264886	-0.7375849396347486	-0.6516626371135269	-1.8063558201702268	0.8564469437558387	-0.5979093567886178	-2.4133079910791615	0.2760374034539795	-2.471123171474008	2.42974892625317	-0.1508877547255687	1.6659973167655275	-0.5681208484383182	1.7960934460936986	3.071044588233708	-2.009032227495627	2.004808328346607	1.132732826082274	1.227883640999429	-2.025165939873236	0.7213993090288428	0.3901123612669618	-0.16897356756103352	0.8231144241455723	-0.216478987520401	0.8103884550886039	1.0306969618707744	-0.6641151308172926	-1.721064874251727	2.151639143318942	-0.40795057054141914	1.1043022839213088	0.4215968882930854	-2.483213608039966	-0.13997982161610226	-0.6274203265473517	0.14167764213049266	-1.4218126290823028	-2.4708877577807	-0.6831971460898496	1.0580171389036463	0.037691707558971166	4.803592843566972	-0.26196516894979893	0.25644134405625635	-0.23095258853354655	1.5861589729975596	3.0936874453745746	0.6608159671327981	-1.6275458810353503	-1.2440469157061989	0.5955897054464295	-2.4696062685351925	-0.6970555323339273	1.4261671886288338	-1.8584101743474846	-2.5369097561572937	-0.3459807432235541	0.011569534157870792	-1.178251553225467	-4.5007736602273685	-3.3099381969047466	-1.1951253235227044	-1.4937172900791518	3.7975158034280416	-2.274702169491743	1.4732972237437245	0.9285022368835765	-2.0383724349820582	-3.057753041876189	-0.5133188936529457	-4.473392877126737	-0.7303671432960916
DTXSID1020144	-0.7851429945413129	2.775588515024622	0.3628918000074935	2.058402462694195	0.1650751011591311	0.21297554912670152	-3.2321572445545574	-0.31067587961738635	0.9463141755392309	-1.6167110648214866	1.3861620409561366	-0.43724510016852364	-0.9143645591988668	0.4885991961068567	-2.4760979014418885	1.8272072886968826	-0.1262491310123105	0.5695764732428883	-1.8973686132804028	0.91413834922138	0.5099616560439907	-0.5005159391811609	0.16388985552149188	0.20778747579855714	-0.5991462753418583	1.0801014627909582	1.4697766566275485	-1.2688643119086886	0.3197922797359309	-0.026656067797717255	0.9596496492993503	0.33379025914542554	-0.6424467453550151	0.17171381060868882	0.0844460415878648	0.8804616224893164	-0.0514537942224079	0.7659493983572303	-1.0085889350505544	-0.30091348957106445	0.8576920292789375	0.2067224161236588	-0.6038852439435929	-0.674497989071463	-0.6093566978022465	0.7398063870380187	0.3433817227861879	0.17212455168453053	-0.5142578353720584	-0.14289809450158633	-0.3716481239567344	0.3218596160730359	-0.5159621056265037	-0.005052968947440152	-0.23756432824159632	-0.2148042703198361	0.13585444466971622	0.6803420092173894	-1.745349425910768	-0.7374729857144895	-0.46221403002518047	-0.4347299362684907	0.38171282734576284	-0.05642328060494174	-0.509682785370562	-0.3778824753519794	-0.5957622053367924	0.5190277717609549	-0.4944623845072092	-0.9183735815771756	-0.4479137222861844	-0.6019421149204472	1.0409998107688008	-0.34231578958602754	0.5144645297813154	-0.07917531955198095	0.436114606384822	-0.7933495759771404	-0.08484754116796372	0.3059837236512718	-0.049489594451104256	0.15436383073816778	-0.7018572604948611	-0.18445305302392964	0.30070661517793185	0.4703658393421193	0.37465395912178384	0.8542249086635183	0.2888426170430423	-0.1944692924297092	-0.17707667006334799	-0.32966617602130677	0.24808470354819084	0.4315028479055106	-0.12314136338988746	0.18453882942059266	0.5777225742138405	0.4233617641374627	0.2546242020318703	-0.06834316044747472
DTXSID8044678	10.286008203767144	2.135793376920517	-2.5592234902990256	-1.7439141797557203	1.4994293570350572	-4.822897093462996	-4.205204547687048	0.6514059807913338	-3.1979726241879587	-0.8148809833255943	9.79678050237996	-2.0669377843153063	3.809203103170777	-0.4450708443708224	5.228485988304477	-0.8488802275529252	0.4176078805878857	1.770134218384698	-0.516511763836546	-1.1783454423975182	-0.6383034832725558	-0.04180329071633222	0.37323972883919354	-0.3019170536463509	-0.16310533006194336	0.6233292246581652	0.4019449954259148	-0.05433166026600011	-1.4648809921711936	-0.7652704735872791	-2.3010496349664566	2.860348213105043	1.929096869348638	2.570571263140885	-0.011518448946544767	-2.885482925413874	-0.2669677135954245	-0.04187257385028322	0.28908213654788395	0.3072085569194406	-0.8074110778157926	0.6593513217111806	-0.9261487476248899	-0.8606932293564235	-0.5084647091332937	0.3294932300234941	0.6741958894384539	-0.7799844732216216	-0.03629044301189737	-0.24828100506460923	-0.1959071193258295	-0.6114974750567816	0.4491744293470603	-0.5521546069326823	0.5809575429494586	0.5951102977914282	0.9021387912249534	-0.4406455369869028	-1.6620059069086417	-0.2116120815906848	-0.20261857815855194	-1.3046079347143398	0.24065381065905073	-0.27085072439324825	0.4740813310767405	-0.20257334721883444	-1.6486676384689374	0.20113687638733269	0.5021051860592552	-0.33695052045561885	0.8202858980749499	1.4883050762829613	-0.6584776941025062	-1.6562172702733458	-0.7117179909279263	-0.4379823862132236	-0.33093775160930056	-0.4697802989740819	-1.059260611074114	0.6885462384191677	0.675840741621046	0.7841001182556236	-0.5852207793687833	1.0147800162482834	1.322549852458254	0.3001086093564913	-0.5448243346703818	0.535224146317414	0.24690238847729554	0.6886192915628345	-1.3771601621400738	-0.29140436072614784	-0.23178162209699543	-0.3429175014996956	0.08249181568694305	-0.13323666741501483	-0.856658097658184	-0.6854483326519669	-0.4363230768151712	0.11311509565872763
DTXSID2048668	25.780541662724765	-4.462755236383493	-8.894519301160532	-0.6067837191075894	2.6960723557753274	-4.785748803800229	-8.463675865527875	0.33356823743881586	-2.1750921082126475	-6.567016404780724	6.947142691200249	-0.718921443775249	0.6171981496370047	2.346757569735479	-2.4271345883780504	-2.032240167261305	1.9843473097546769	-0.9599399603158408	-0.9946353396220695	-1.0757365592374788	1.3704196533483943	-0.3187452996437742	0.0967709888222575	-0.621076368165129	-0.01994421092048313	-1.7771454305099896	-3.4686367803878255	1.6898392285383366	-0.5731372090020844	-0.9824445367446911	-3.3325567135422633	-0.03480929183470691	0.33975394995651576	-1.562555665988591	-0.7261560961155797	0.4952235706902806	-0.08959146949216845	0.49956086670681443	-1.621589504519645	-1.9738059137594648	0.7357248869508524	-1.252772689368814	3.2233539838209455	-1.5565172525673916	-0.5705526654398884	-0.6891328438695474	-1.5962090437169596	2.8669166656346086	-0.35293433349628417	-0.1408696768753739	0.1921443545033105	2.0380988603375716	0.687579323740715	-0.013107020329774878	0.7060259424735934	0.7249642931226412	-0.4985877840909276	1.9953484982283751	2.067052472717195	-0.4125064181168917	1.5516104004921916	3.0391298615372415	-1.1012817767786718	-0.6277842485014484	1.2723017309839861	0.2574485032451328	2.3278914107049427	0.24051736312474672	0.17038643632058523	0.10593986749947724	-0.10587531089522784	0.07056748203524192	1.2617228707816603	-0.6238689050686944	-4.7769101908088345	-1.2115578096569029	-2.545472833405306	-0.9479839421603488	0.9713693625224252	1.009644723372963	0.8232354744841469	-0.6280126472519876	2.6213024509010374	-1.6165171161908507	-1.2991317203886787	-0.7399170475766453	0.6378115877714625	-0.13532619943153526	1.213723181079426	0.6765232237663348	-0.16878753876073263	-0.1216378954693793	-1.3584575597595783	-0.425914353853757	-0.4972358721319807	0.5338284834934893	-0.47596143746821024	-0.17220579709691372	0.06350787263421703	-0.390457110587774
DTXSID8020834	-6.754396261876522	-3.8163814143534465	-1.6147744222985385	0.844787893726356	1.7785512725103	-0.7841550884102942	-1.099440198446486	0.3880341982978029	1.0798410291665388	1.0050787400328312	-1.406624182626744	-0.952211872112138	-0.37229010487120295	1.1873953288423937	-0.4373008599002433	-1.7299091729955256	0.4150248802136671	-0.5397423127529304	0.5056158622046765	-0.25877140666834375	-0.6013415183962584	-0.4574888914922373	0.16064922246941557	1.0411293295600368	-1.8933165667196963	-0.7732034862395081	-0.2940813889242687	0.2814648668566094	-0.7681889223244025	0.29615442703589895	0.3030991441920934	0.005512028246499365	-0.9554430174231767	2.9087379560024478	0.246610326228488	-1.464446887383006	-2.2149802674957764	-1.3357032133167164	2.054768595304681	-0.7232980741965946	0.7338568287963109	-1.3654993789973593	-1.8633889079799182	0.9049950026825077	-1.6870162154776784	-0.5315350154249873	-0.6834211594304108	0.5083750415967111	0.3419104231283229	0.6454342655843331	0.730517991401905	1.0234192321690765	-0.09818639219629792	0.766791065052344	1.510880099824846	-0.3576061229209447	0.17850613304830992	0.9541677391107297	1.7063195692842938	-0.9936654631288844	0.5483187302405631	1.8865904540993588	0.6460503530766206	-0.8245726612789546	-1.189246155454415	1.246378275007559	-0.35085606485757603	-0.8446698028914645	0.14280684264632648	0.04634945694008836	-1.0886062468883408	1.0526216561337236	-0.10470231573719511	-0.6691085220930056	-0.417825802647936	0.3925898942962242	1.037129303671401	-0.36459128579373845	-0.36724233033375436	0.5401564607388243	-0.2078798807762738	-0.036859719783572255	-0.6845260306872483	-0.9703375770317685	1.0310313037214254	-0.47379240592438826	0.8024527854156235	-0.3671569732980163	-1.1217577988487168	0.685717344377232	-0.3583920442293926	0.11057845408786267	-0.5720932549895503	0.2826698164857754	0.38770215520318	-0.3209321588150594	-0.2198544489300658	-0.011965591679589084	-0.3962179286199912	-0.25819217172488645
DTXSID4022866	5.96262357603295	4.9606167270615265	2.8828086671736126	0.5143912363490426	0.23776751752982953	-1.5519206924284057	-3.0747053193439955	-0.5419127069875418	0.2697122071321719	-1.6511591673740562	-0.409730822892388	-0.11560969724208726	-0.6470988803584401	1.2515707493208017	-1.4228637507862145	-0.029184145954117655	-0.32602667367269933	-0.9190339765808303	1.75953482698026	0.2248123219139691	-0.3500142745686237	0.29735685562532127	-0.46998439423513017	-0.05792662975337471	0.6583184070596168	-0.404200291647743	-0.8542598329758792	-0.04941604216392977	0.05145673047539612	0.021058334637688435	-0.668324764369884	-1.3521582917959203	-0.05588264067629397	-0.1616049419387165	1.0790249648386359	-1.203600561884988	1.003314117461297	-0.9659989302808244	0.14236070540555285	-0.41581058874154475	0.4721240642024062	0.036222274237336455	0.46446632225308304	-0.04987306603188277	0.11948987071700905	-0.1661991500738038	-0.680004455347363	-0.06459918130251807	-0.14306093150325092	0.04026390799198617	0.10063187050038586	-0.40091435353326194	0.34048413841843245	-0.2861922160193695	0.19464546156928803	0.006762227905181232	0.03506441236626118	-0.4272425550968976	1.0876752528349074	0.4354276601858933	-0.8758899488070634	0.6153611069565913	-0.5946601268835141	-0.02330078606117811	0.37596284293035725	0.3288223719076312	0.20245473010258566	-0.5179424172027979	-0.9625062209106965	-0.8353737010788342	1.7587054085004812	-1.3056766393341221	-0.14765147338573006	1.0350877884706307	-1.3248065969537335	0.2686995973654883	-1.1638909136302535	0.8125384093936323	0.3843088166861244	0.06594337919036422	0.05526139770715885	0.7286316118881979	1.2123609253168277	-0.03692868441107269	-0.12836408894603546	0.5086936982936558	0.5419119145759047	-1.4308029294750326	-0.3953913719901931	-0.1626488871163695	1.61884152568758	-0.4088493232728926	-0.40461110715069476	-0.8383566484790566	0.38729728222637405	-0.5092204159370403	-0.3523681765023883	-0.5854635338231889	-0.40375513748330316	1.0434457779323663
DTXSID9046360	9.198485260271756	-3.3611982626195265	1.3169037359171711	-2.4474922174206832	1.1198932382591964	-4.669493333315121	-2.2373741549926893	-0.3111727180948706	-2.5209078318069253	2.3850797060010245	3.6405062596168336	-0.17162278534390202	3.1986604229958915	0.2754422522433974	-2.625977592319367	0.006939590174372352	-0.25928598758748167	0.574211263745085	-1.6811849539103174	-0.24259384809920742	-0.6039520518554125	-0.1128922110170865	1.6607896453136888	-0.32118154332020704	-1.6227959774838245	1.9434224785466512	1.0406762023999638	-1.0795854236997013	0.10572322350872752	0.38244437792297176	0.47548092364893196	0.1049151444318449	-0.8233568831465582	0.2018933338406989	1.0572606318111197	-0.09918275752132566	1.6892341345546849	0.9995462585130227	0.5745023750809042	0.14423483400110026	0.08245394030898534	-0.1324284945969847	0.012354409870584173	-0.6440514373988866	0.06090793263518697	-0.08309166563455893	-0.23366192682802459	0.4868055397816929	-0.1723051241471456	0.3849206358755792	0.022965375587078438	0.5906615130871208	-0.0480691140657524	-0.04575058020727205	0.1962552632378444	-0.3674697086008492	1.3277587160966708	-0.8405362721665725	-0.2849774424180564	0.3899322946717388	-0.3020263866356073	-0.8244203561453762	-0.49722057691008775	-0.6145908767203748	-0.20005439378161605	1.0286880638605918	1.328414328173485	0.1555698623515663	-0.40813017511270255	-0.544290952453709	-0.06701867633425687	-0.28592921297388135	-0.3136605565273357	-0.3243246651551132	0.5062245737276317	-0.4744725766972196	-0.35793122040297815	-1.086721458218813	-0.5225115809597612	-0.14031267252434945	-1.295910118120476	0.011092341289163466	-0.7505235240446326	0.018045022283133944	0.25508294887130634	-0.3372827577858352	0.5178869844595534	1.1817208858337058	-0.15500556996137604	0.008068398894002403	-0.5248875621128791	1.319845835336033	0.19835815624049025	-0.1968556765445433	0.30779047555352695	0.15364962190297043	-0.10897140022544398	-0.40205636281656487	-0.5266996518032265	0.23390492307604388
DTXSID0023032	8.169100839813332	3.5037111396766343	-3.7478304104873548	1.0215683023184603	2.588264509964873	-1.5979428570640706	5.677389751970939	-0.1750629721769052	-3.804115459070354	-5.17602317908889	-0.7072429743774225	0.5744850957686772	-0.8428030124198231	1.071848376827656	-1.5796043600833976	-0.3287462014845637	-0.3415133763574306	-0.1699051066449366	-0.829944251311821	0.5876783651438799	-1.1764434632181884	-0.6045336043507129	-1.4559510063085084	-0.041825251207756334	0.12479263441494505	-1.7270621269119992	-0.469944896749648	-0.38259517320962777	0.28229683257451543	0.0493909844037941	-0.39988771141590335	0.6754199901020138	0.43688765376308636	0.5534684269066009	0.34463107116269176	-0.87466443299828	-0.19582838525196372	0.08839609558161303	0.34415817312806	-0.8840643926919879	-1.909286298932593	-0.6597751543405496	-1.01433582050128	-0.7324232669823423	-0.2482826177175283	0.5901023838367294	0.7923305095798608	0.08833332908261884	-0.4014427843953091	-0.29633005830381076	-0.5356749818849589	0.0862594656074929	-0.8727004465772971	-0.3736013914025886	0.2879045555250453	0.3156678036362412	-1.3377711106317127	0.9022430595362884	-1.0572345950084827	0.48968958587833544	-0.11318558866882146	0.656946565663103	0.28552958427488745	0.6299160942726679	0.1522535267302676	-0.6651351981782064	-0.820557752514357	-1.335203091764543	-1.1166081837681743	-0.8024935897447787	1.0755660126671325	-0.9698564382868886	0.96510964394402	-1.3956164062415508	-0.7443000318260449	-0.4327009369530165	-0.0299147031699519	1.0993025475197815	1.3241529573275008	0.2875854356731161	-0.4935492982702404	-0.13963685763581907	0.09451965319150442	-1.1610501171918814	-0.6108070402069826	0.03573757995632264	0.9308124016797008	-0.9425833523147232	0.9916529082003767	-0.6928403545652339	0.5755496618197777	-1.111757152349294	0.5443107312559006	-0.5662908415932181	-0.13252634160288826	0.09937371362798691	-0.015903007206635456	-0.8668647142143747	-0.0907438388105386	-0.6206001811020586
DTXSID7046257	2.2889034130784975	4.682529054963533	0.9815118984223227	0.408203179645363	-3.054713148722004	-0.30611827746898257	1.0691341821186846	2.58461319223404	1.0410077499343144	-0.8586892831222601	1.0629366799352704	0.5970917737087238	-0.7807471794706056	-1.4925004383815208	1.3911547963635285	0.9903344638051818	-0.19401205150145193	-0.39507747169122065	-1.6379320279470557	-1.3491262162540538	-0.39531275263498333	1.0746466946574513	0.9827024838658773	-1.105738450712814	0.9297282048703528	0.024098783395847503	0.0726424258038677	1.4662911453434808	-2.115018058638661	3.7225803513011684	0.19939819102054618	1.0778255472258118	-2.050946693814839	-0.7632444002181649	-1.0980167606035427	-0.6302734119699949	-0.12799685836148603	-0.9692985273404219	-0.1733080249972318	-0.2605710616794993	1.070837105545205	0.27881813797650024	0.6483368352420281	-0.6021512443211344	-1.0549608549375222	1.590049271340358	-0.46260086608740497	0.3901709838425143	-0.13662577907896575	0.2567192919214127	-0.4190367604285558	0.0870527534107797	0.11533801184841741	-0.3841401964116202	0.30844415993723506	-0.7560741013772658	-0.4570560178396575	0.09573624350159722	-1.520282426441677	-0.8238828164392565	-0.04189137938477358	1.4482150224655983	-0.15014089558362467	-0.3016530911696903	0.06324399086317226	-0.36903772865349316	-1.0891352528299787	-0.22542781795049935	-1.6944434992532307	0.6344782162428424	-1.2794408083262696	-1.06874046723434	0.32140825150113256	0.546831661771179	-2.739655617875848	-2.876914504391395	3.144194333271072	0.7155994886436929	-0.2828080146137906	0.9739708860023911	-0.0790903440516542	0.5008282301255526	-0.24560915150155474	2.221467736374019	0.8054774978398793	0.38971315541155477	-0.6608967695161145	2.8318636760458182	0.38790878963388925	-0.8697742396278532	-0.27901865950266597	0.41229379662065657	0.42971675288184785	0.7923380090908796	-0.6087105443561509	-0.8284413004023138	-0.40873920303721917	-0.030360155377752142	0.2022051389974302	-0.6219709496875186
DTXSID6057617	-1.9110575219483004	0.0732565258878099	1.8249240907279956	2.415660514713128	0.8316017815921892	0.4247155291536042	-1.249543002534514	-0.7041548875961833	-0.48568919585731346	-1.3988537406672077	-0.7980364574586745	-0.24944247964904154	-0.747299892726591	2.2505176062928913	-0.03714978841003901	0.43447654866612245	-0.5350581196769141	0.383283558702846	-0.42020599867561886	0.44814930321540003	0.13590711626888916	-0.6594198462900998	0.03751912253175406	0.5276078370786073	0.4930065981196724	0.2774784088198279	1.6960538616538683	-0.4726466234684418	-0.24142930638606697	1.2071367871658865	0.38810394667698284	-0.23840923172538275	1.16958093461018	0.5445940524404005	1.436118990413524	0.38326190496257045	0.504737115254939	-0.04511854526587234	1.041508079270165	0.24427426630482607	-0.270031617439528	0.012113324653905995	0.022346322421759636	-0.6552096631829314	-0.7324507637082434	0.08094853364798586	-0.04450625306791224	0.27273326760602706	-0.40108190256089077	-0.1890801823878465	0.1861268260772306	0.5200891395758642	-0.11550023093364518	0.025865957092476806	1.1171960040792832	-1.0377003358505141	0.6192899586392585	-0.15835113486539742	0.6333892582797676	-0.43984829436102335	0.3388095061417235	0.13007146406340211	-1.0210625291086162	-1.7138488286569686	0.27541122749067004	1.0835693524485304	1.2515754949287863	0.13559981979865005	0.10079024818790647	-0.7175080731791947	0.013913297144454547	-0.7760111052453328	-0.5524446964713262	-0.12265106562592139	0.16482225971128575	-0.188018308560214	-0.1012115678367487	-0.6664842963819535	-0.30787944998466854	-0.09478476599841425	-0.8432358907789328	0.5497844719998214	-0.2896513289515893	0.11723244038877004	0.24505634351625233	-0.19696243309887784	0.8814461485009273	0.7588870756396298	0.41970362475435047	-0.11007204295453235	0.025017568530827233	-0.17973672466317298	-0.4402821480493533	-0.21171091361405195	0.2519552753480554	0.021292313293075762	-0.24490439976565398	-0.5808957342273354	0.12835785852671405	0.6486780477155639
DTXSID3021358	3.7124816166391468	1.3831344948922033	-2.048949107785578	0.592617894673765	4.658348841917697	-1.9457543491570282	1.9329852241427457	2.0666008635586253	4.554806152396423	1.417792377701967	-2.6691713486372475	-1.1646041834887946	1.131179417152142	-2.040866638709101	0.6220721393499213	-0.9136258425608617	2.836568760051321	1.4792920600894517	-0.7248112736210921	-0.8371180326685119	1.9432181312667545	-0.8506128700903044	-0.8602027163787603	0.6298409718545915	2.259018133818575	0.21638174035139912	1.0087223099286826	2.1040607800056783	1.4494649800507158	-1.0020040200445355	-1.2607492791732546	-1.4024217773620824	-2.18430786221221	-0.7369889468691886	1.0172083017795177	-1.491256650764375	-0.6655460079924946	-1.458552153293985	-1.7079740051007426	-0.21958713005744365	-1.9744270487681892	-1.4926601428385862	-0.1951174462386854	-1.8447489841221951	-1.5749898138088376	0.16958704301551716	-1.8457855514449104	0.9455496903545035	0.2545952981644434	0.11786671818936865	-0.3556697226683894	-2.6634777736128092	-0.7884487193181373	0.416527478525906	3.0587127137989394	-0.02411789777737115	-0.9270751339402161	-0.271520150309248	-0.7766024180598736	0.6278571676207284	1.1362596524599333	-2.737649057112314	-2.497837858624807	-0.47503380822005165	-0.3257638958478568	-2.032826180579873	2.057606949136252	1.8038532410106738	-0.1778515633032556	0.11165917201003853	0.29484008650265864	-0.7303885690087744	-0.32398348708688307	-0.07966851733808425	-0.05075452697434132	0.24072100965454946	2.027063767921606	-1.6122428776388282	0.9589356635431833	-1.080425459590872	-1.5165614623073491	1.4783546878736247	-1.1425223134201015	-0.4423126508027403	-0.17654165139833597	0.49325528653222245	-0.16116485384859203	0.6089834691789561	1.5993709546611607	-0.8626034347536617	-0.27934991134943493	0.6702461787476319	0.3748187623801143	-0.4449819975722095	-0.9241807027599946	1.0384578892521663	-0.009348006253689329	0.13826722445564393	0.34937830906132183	0.32388783042524516
DTXSID5044441	-5.19012110426448	0.61367673824893	1.1466813901216268	0.349853226677723	-1.3528849914829713	1.4422593187183925	-0.20348555549014866	0.17414662342060036	0.5309482883754074	-0.16671198488343117	0.2554412412810554	-0.07236360933617084	-0.11878166203692128	-0.46969326353770463	-0.09954863092335306	-0.20127955432546402	0.5351610901721435	-0.12470310257792945	-0.27391642135479105	-0.6053099918055121	-0.2319830119493174	-0.5379220581062792	0.9340536275235147	0.22072849324113225	0.049466505171084606	0.16867828442230112	-0.015446656524366921	0.05534511932016444	-0.12697191237328545	-0.0716832373530467	-0.7031793220197631	0.3181824344542609	0.4919766954776517	0.11055475521653513	0.8529772057423931	0.3065396609232204	0.04259112259874775	0.05177972946654751	-0.10572756557891849	0.3285302730678846	-0.10902619112043269	-0.1578324857380365	-0.061137014668940184	0.31417745859899526	-0.6723288087256	0.07080247487710364	0.46950220268154397	-0.48299541400330825	-0.11590447192605699	-0.16527326546470872	0.11080391278922086	-0.06186872796987682	0.31317222227686997	-0.19955093405868007	-0.02821217403064629	-0.02127875969245975	-0.160633800330543	0.037985043575654354	-0.17094995211778682	-0.7086253856953805	0.40717348637801465	0.2517449354093888	-0.035781748982704614	0.38264182634589755	0.04329898061702155	0.11878520764056118	0.2827949439167439	0.5729177686181426	-0.227544077767445	-0.004289509534170274	-0.07780578270705675	0.032936507957754366	-0.2696835333358038	-0.05330042421569053	-0.03236022488068452	0.4943404925622581	-0.23993134875333755	0.34900813152770327	0.5229308639782096	-0.48668674771145737	0.7449167612749965	0.17407379626946323	-0.008891661444314804	-0.04696007990223057	0.1121532363718177	-0.6124409067976497	-0.19485106721842677	0.12519137490744092	0.08320467300248884	0.4692380832503027	-0.08066058825745175	0.11696403260516029	-0.4721856998019731	-0.31721791306155145	-0.024150044930395166	-0.2696940096346049	-0.1762534480016417	-0.22971053170290853	-0.22396140259596628	0.027985934119387122
DTXSID6025775	-0.6975288173794564	-1.0587378680918895	-2.107048756066174	1.1566981985365803	4.470085105703873	-0.023257492155808576	-2.7680522294628447	-1.3727536904714488	-0.10019329221700107	-3.013158004265208	0.5036337903067908	6.48268191760206	-3.1259448527362372	-0.4891300444173918	-1.0994874264922423	-2.05990893131582	-0.9178497261643425	-3.0523411467883736	1.8884155140768353	0.030383004359655345	0.72467630221824	1.6992015743557292	0.2745957262152915	-1.529607450877286	0.8034539308109717	-1.4255394677100013	-2.5090478389899062	1.9700646983882157	-0.1331541761488723	-1.1741301390236603	-3.7938904439229124	-0.41874966834974015	0.7227109817363075	-2.2113136787447725	-1.193947536093962	-1.6900979338596307	-1.5237212638839195	0.5269398846134462	0.8119520955374708	-1.174402007590591	1.120253634654214	-0.42933684517820464	-0.32799133669363	-0.7648158022243493	0.9823596834405445	1.5494632490889046	0.882945843701342	-0.03090472947197755	-0.3776072796436584	-0.24028516029746255	-0.2281425835174401	-0.08829439433917495	0.4315612990969074	0.3227397588388896	-0.07136227052277874	-0.9171737923540937	0.5259320266173074	-1.2614421264244169	0.04774475396982716	1.3815494450367665	-0.3294695996356905	-1.1081195040926815	-0.8670145206150269	-0.2696449202574389	-0.6357850461618479	2.124891173901202	-0.3147843447618874	0.17826044524913995	-1.5998214652216256	-0.02493256285467092	-0.8952672414125133	-0.6304154521462504	-0.6380508697861252	0.406848197420526	1.8829969032588767	1.2926487911942026	0.8322978929870023	-0.3354233592394887	-0.5567819970318068	-0.7340448920147714	-0.044186091939637864	0.053670229999268064	-0.2531542668931307	1.21171047917203	0.043298466833559195	-0.04922163214270451	0.7719971816893229	0.46416097562271674	0.7608840567560212	0.8934142053676388	-1.4221979660514779	0.622632891100141	0.6874332773333538	0.7442483492875479	0.3165074063937798	-0.27666733396843324	0.11492808641285203	-0.102594074095783	0.026963937999132714	-0.21362103784796538
DTXSID2020216	-0.3765897747951879	1.7124181342659766	2.930316861419664	-0.4956970750217392	-2.8002763207595818	-0.4908872538565247	-1.8875250075852308	-3.14038376149176	0.17035462834643303	0.15366640978780136	-3.476678424445531	-0.7039344031768293	4.443586159017199	-1.1172359581933504	0.7162693429123445	-0.3582520688822802	-1.4341414146025928	0.5109478728219777	-0.6602454629285051	-0.1677614392638099	0.09347861576954851	0.5577969256107632	-0.06712407631023393	-1.651361947182416	1.8814855494425646	-0.584414535238938	-0.7588564658051644	-1.1820480749213609	-0.47679373627775945	-0.24498904225920057	-1.3971612174291597	0.9062464415595184	1.0839858085105136	1.0085167685969665	-0.290497408748333	0.31021131804924984	-0.9093970494785898	0.30171396181285265	-0.5138630059536798	-0.6687832349644431	0.3331946509871012	-0.1715043848961424	-0.4786683886643351	-0.959693209330267	-0.3142814568811977	0.2716531061441957	-0.649749926392359	-0.09410020455065451	0.03206082302501612	-0.005505458220424807	-0.13164596639835294	-0.4912266167934539	0.22099426889601193	0.11159156703032784	0.19216438401730623	0.754999119008644	0.35498055116795885	0.5519794581571048	-0.14166854252190642	0.03982881399586698	-0.31698577082999124	0.7424534267790044	0.41375785733935666	0.2358701844536525	-0.03445599366605085	-1.0031660133828082	-0.25013327927057466	0.602550481373955	0.8578682333726642	0.6088474147189047	-0.17763356548780462	-0.060070475419124095	0.6331858381022691	0.027053003492655152	-0.5791144381669503	0.21390407821047233	0.8710427268954086	0.43460857433128824	0.38104132816766156	-0.2976481682443255	-0.055709165290080055	-1.076421736081371	0.08493243240446141	0.3669318866088061	0.3154458046596933	0.09153334710313704	-0.7536367300753211	0.36235441384707423	0.15510396331539256	-0.005203492258595494	-0.2053396611828895	0.6284839202827431	0.7898360968789476	0.8006866231959249	-0.9562713582931905	0.0384757338657693	0.3324006101045079	-0.10757887771905056	-0.14501234186837894	0.5114928514627426
DTXSID8024107	2.8455898770821038	6.55226668817367	-1.4322128643536345	0.4869369366815685	-0.34796920030928413	1.5960358306654114	1.1036329088492032	-2.5683749425154256	1.2938068158762743	-2.611415998108932	1.2652173308517007	-0.32090202551267255	0.22889728629528439	1.1323444262126308	-0.2840579275105446	1.2648937940855745	-0.9910162373437373	-0.01134486205443592	0.24166007885789811	0.9361569226132769	-2.088308449555441	-0.8024053989273943	-0.4687835121662517	0.3684229351133793	0.7073554093012224	-0.87861551747093	-0.6077717397826907	0.059153363516522554	0.880619334036806	-0.6850977182514979	1.8994868468261785	-1.4168673974801855	-0.3699998505317004	0.4320869562200363	0.5237647295880085	-1.4879000182119628	1.5901207393229948	0.7471643056061862	-0.22183941819982925	0.6817880594436379	0.5162888487059489	-0.3941070171987663	0.06793935320022536	0.7585642641330061	-1.0943314242512097	0.7683300083368146	0.153000861078647	-0.20742283624579805	0.7293822664549976	0.552179509564636	0.3780206516711512	-0.13511575507296927	-0.6031633895842283	-0.4089125380109855	0.23353969880070843	-0.47387954352814127	0.4547335228717197	-0.2835864350453041	-0.22102110957912663	-1.2063359328885215	0.059267344455580205	0.26730025448600975	0.021253058496678183	-0.9299967965373914	-0.4213200556169824	-0.23732985986211505	-0.4150236478284894	0.4364671326674679	-0.6632367843729725	1.210936168289453	0.4237998105924809	-0.6346367720184308	-0.17498842339813186	-0.07410050004384432	1.5196361348408103	-0.427883020373888	-0.11117174515913052	-0.3346280679429703	0.6987998935193983	-0.5749688004725684	-0.15587493436405395	0.32342713643637777	-0.18386285041571407	-0.16922443489805158	-1.0260095190969964	0.2573182157476956	0.6597682809707144	-0.006768258393863804	0.04966317207014496	-1.781126385662035	1.084258189885429	-0.9920857251995542	0.6370730419294327	0.9817798774610732	-1.360124760174514	-0.25017313137511116	0.11904225465447844	0.6895136927308271	-2.4183248409979083	-0.8912355638400942
DTXSID3041451	-4.450073476235369	-3.4281841286376467	-1.956921294456514	-2.609315934401997	0.3247635107613291	0.7449921367233727	-0.805618770078338	-1.6859283090478794	-1.1062100896251257	-0.010701473252716852	-1.7138410252695364	-1.4192495995041134	-2.7751452989643526	-1.590680498278122	1.0040902700573107	0.1911207577658754	0.6975998194023789	-0.6021479294149137	0.3407522538370951	-0.47558380924456034	0.22557901653338572	-0.6021294199172611	0.7652602362070311	-0.06305981073179397	-0.6000133581663233	0.028848126673200452	0.4645243066216115	0.30552825066667044	0.325233608569553	-0.060093419598022564	0.19118703501081113	-0.10446870144673849	0.4598410230814257	-0.41693136733302916	0.08565682805021296	0.10492165219506863	0.251008422034075	0.04675142977527114	-0.06138686171588819	0.4623659294454456	-0.17631177782232013	-0.5271523318529239	0.2994711493776659	0.2894071164966683	-0.2845469180209031	-0.031594229232655466	-0.09945829093560715	-0.10966934509937726	0.18554415520775092	0.33495039881284644	0.12157209276269589	-0.03192773802889842	0.36275649877719246	0.01980997923776001	0.1492224671997308	0.3841840018519455	0.4097781008489684	-0.07393100460192865	0.23640974076771787	0.15952925970470413	0.08556952938754057	0.03369123285661019	0.5356452491645203	0.4111012075615892	-0.12110604854881592	-0.300304533419546	0.2395825362955746	-0.36541877806960077	0.3322782895540803	0.2307298031513119	0.10892519685092848	-0.34624643629726204	-0.33582802380247845	-0.5918929294137608	-0.07844461535046654	0.14313153261882042	0.2883814906717539	-0.2667625875315913	0.23957708547136253	-0.5192344525905417	0.04785341958025583	-0.030626709726154333	-0.2751846383914709	0.16232149964422146	0.6544578715872664	-0.24399021576444666	-0.19772602307243642	0.2335306236113545	-0.26152159437024874	0.04137338107260601	-1.020675949877293	-0.17238999102969693	-0.40104866461205685	-0.16452956835786672	0.4040966416017306	-0.4535567981906151	-0.7232329665359123	-0.0115962505384711	-0.43893640002413825	-0.5804823081213902
DTXSID5046568	-0.9055488865444136	-2.5004805567278816	-6.659325103636431	-0.7295759489237464	1.315747584149006	-0.43099601006036414	-1.0176929165964985	-3.5220862639573727	-5.471918900647147	-1.832122069253511	-1.5117716379726212	-3.6275945783517645	2.1576362020401296	-1.9735979433576045	2.7925604680677867	-0.3210546832546575	-1.9087811895431381	-1.3228471556870396	0.9755621382819708	1.6094950264362333	-2.256680983772821	0.40684425805034957	-0.7294678422324697	-0.7800389899931003	-0.6689910407090378	-1.378579704310284	0.8732751983628325	-0.19500809846039766	1.1774379273968323	0.5083283756440854	0.5418254307144323	-2.129419753470304	0.6983048118660886	-1.0491722858805161	0.6458059961577504	0.6958279376405869	-0.9173913913238985	-0.47506055918306084	-1.469443477005521	-1.2314805248914698	0.8128571466678951	0.23338637096049902	0.811314744192567	-1.3577527144388075	0.620541188004236	0.2342643456606775	-1.4470010311193264	0.9978801315238157	-0.3811102365449362	-0.0932408627294799	0.14223414705043338	0.5164945927933391	0.3670481007500676	1.2182863470059484	0.2274852305454332	1.0694085515524425	-0.22543601254286882	2.032068127057303	0.940396355825296	1.313132265193335	-0.5540544455891898	1.304869051788227	-1.0519995100845005	0.09497163815740936	0.5700019770422774	0.5577567119948823	-0.7895450808335868	-0.8551233339414694	-0.05052915470975753	0.01202564877497033	0.8889357043608563	-1.7794652493090892	0.5009809474304217	-0.16582222760485119	-0.5607366738135717	0.656523952872946	-0.21699883494694386	1.3789578743520248	0.8936323234681294	0.2355811938443451	1.1962146617587892	0.5815642466498114	-0.5456520006027585	-0.45119883197123145	0.0829673964667842	-0.1536148412031259	0.7634430678981899	0.978184735388956	0.900092017252067	0.16370058716755376	-0.14426665263844562	0.8058755596696485	0.9078069986946178	-1.4349239870364485	-1.272558905220849	-1.5463815878637255	-0.3849460705147364	-0.5958908759940738	-0.5287288835414187	0.07924492974716588
DTXSID6041507	-4.441325451448329	0.5339539944214529	0.44408134912838054	0.8363587637006958	-1.8077080207317042	0.9535977022363112	-0.7241629004543937	0.28885426350070587	-0.2965226593189208	-0.9612562592785626	-0.9041048735029755	0.35060256413221497	0.1618452523172224	1.3430399525517365	0.70045156280485	-0.29693956146521827	0.6097724626943662	0.3458589417907169	0.6452169384831433	-0.7828002059576897	-0.08307423581819402	-0.9693097090675031	-0.29281039341449155	1.1010425949299396	-0.07142887600343949	-0.8937416335278165	0.5305597288051002	-0.565121968834451	-0.09818025643736708	0.6905668791336051	-0.2260448992361897	-0.4960170216773965	1.1515009121984712	0.36210583350037234	0.8643888256700615	0.2521812102059564	0.17246008776473518	-0.537999835397796	0.7282710856986493	0.19912327169607907	-0.7354028540445752	0.14353425036662995	0.020557667697730493	0.1766184832123604	-0.6694043519432661	-0.1591933695606581	-0.15624542645582326	-0.47943268113461923	-0.3338579154076399	-0.32927441317937495	0.1797712587124612	-0.0928971829416563	-0.07377833618168145	-0.13676157241764839	0.6203602201040697	-0.6309112015717916	0.1548868235310059	-0.34060731742421174	0.7694341963363487	-0.16718135732389858	0.505582513740366	0.4262772042661351	-0.6089759309913558	-1.0578319926337774	0.0883524706828559	0.8665142293648673	0.48356766449888217	0.3931051047757246	0.28426605758868495	-0.4194469417877492	0.5598529018837765	-0.42827601242971586	-0.278899501754994	0.43058984512957543	0.20164068294792437	-0.4454641235433322	0.18007491804481837	-0.8509135629691846	-0.14338751669834005	-0.038658019233301776	-0.24636937238494858	0.6601276049265022	-0.10372572016277935	-0.256833366364973	0.09445503083374775	-0.09968510549423065	0.4828745513449765	0.15443809924363058	-0.27181748196328387	0.1155626520721678	-0.2778971231450675	-0.17410059581175025	-0.10043966183608587	-0.11242679626280361	0.20604671211324688	-0.39512227737408945	-0.011527125014263558	-0.19572147188437905	0.09814264805861801	-0.0275600145815179
DTXSID4047888	5.22807003435294	-1.668328182220345	-2.61754449392539	-9.207565885819141	1.5266150303933723	5.398627857483623	2.561397330134453	-3.5673879670159727	3.388119014869124	-0.5373280257239486	-1.152360489891281	-0.7205174228538977	-0.0743620160054272	0.5739456165239266	-0.18422979729137448	-0.1505753050581174	2.652306447469365	1.8568517874769177	-2.9530717449523105	-0.27196794360156457	3.284873991878087	-1.0096834117994296	-2.26577613769651	0.06705977189901668	3.140094262969269	0.771868735277071	0.7405845188217752	1.65071196919994	-0.4476250681696388	-0.3480026546097739	-1.3483989717928395	0.10980603154498501	-0.47518582191955516	-0.14945983120984588	-0.7668610739380035	-1.5865485095679772	1.6505881451761244	-0.7576467266419349	0.4775180122036204	-0.1343934018550384	0.6801156706876614	0.1866376786400673	0.42029813397983473	-1.6044557094133947	-0.10524626927370634	-0.2142458088698791	-1.4674077167501995	1.7113440471093775	0.830128533000971	-0.4498306579357047	-0.16470934584082791	-0.23775037080683975	-0.2279276190895066	0.2992345367959906	0.38999953509162116	-1.3062551523670205	0.6819796718155761	-1.439749548371692	1.6378588266194174	-1.519182598394846	-1.111987465415497	-1.452844856143628	1.2206890410631694	0.02345339068905504	-0.2638854785228346	-0.010744691581423728	1.0688812960547682	-0.07451810379483204	-0.3487376143661745	1.0763317659504925	0.44295830682376075	0.7384615859837713	0.28231091603054326	-2.0186111012105687	-0.6787691204544876	-0.39144809307743633	-0.3443841382672606	0.5519523181554108	0.08582713652567048	1.1057486377382766	1.5743334118776764	-0.5542215350388874	-0.907672540901493	-1.1018580070587893	-0.23175952276061404	0.5730018366155467	1.0053741977192356	0.16978942426090443	-0.6995047014058163	-0.22444905348547245	0.2689457531969213	-0.5867415184975511	-0.022249965882396357	0.8969243144357275	-0.13155918141160408	-1.535476721379374	2.5895930224208636	-0.029695889775451564	0.3407494875585846	1.0710549381126488
DTXSID6048834	4.921116236401244	3.4702281996246143	-2.4939768583645945	1.2798038568520331	2.6699176738221926	-0.04092264959101787	1.2643589413786613	1.6111510719673237	1.3406389727444312	1.3381672601704773	-1.2339849084773686	-0.8789430565292671	-0.7593533057706122	-0.908297358653719	-0.6311567989575422	-1.7704161235275508	3.3764996357979142	0.49340899405178335	-1.5097724159684183	-0.38113391978143607	2.805399642920978	-0.157369523135147	0.12764892777558914	0.6877025383078095	1.3052490467411213	1.346486972265426	1.4682780693365078	0.3005976627312688	0.6752810841333216	-1.6364365352925678	-1.8683143797299453	-0.7999533813095465	-2.965610743599301	-0.720185157173526	1.194371853801172	-2.579524485741169	-0.022060708435056083	-1.3791550304404108	-1.8913236958264712	-0.26492423278640803	-1.3549155080257862	1.015958354159907	-0.4004330552414746	-0.6294858506354677	-1.8864801452119895	-0.12088304766088881	-2.6968955429517325	-1.058420931823026	-0.23929101296631491	-0.1828016558589196	0.10155662424906253	-3.4045804555990435	-1.2305184708747798	0.8401326635913905	0.6916942890720675	0.5834113352991364	0.08026134872049467	0.46785952094114136	-1.7066540602422307	1.1433850119686164	1.5681489921166116	0.05326736800943821	-2.1097276836973697	-1.1811702284429557	-0.018094859626542947	-1.0059883883019838	0.30229385853181756	1.307503120152531	0.1936190063060038	0.29692822353420584	-1.0077242768829053	0.6250633649891456	-0.08654104032384467	0.3592353646803481	0.3259195806022079	0.4344183838069992	1.0231768318821193	-0.015832025226704613	0.4653629175206519	-0.21781074914533294	-0.6684546460078028	0.5833194485825842	-0.06563072458428316	0.1745210081693185	-1.0435689576267821	0.24981539761905927	0.3712968976080422	-0.6122005564506948	0.07877913212560836	-0.9621789617879832	-0.011931837746397136	0.9252726229342849	-0.4061791027605671	0.08840370937813279	0.382118391902352	0.19157904950002158	-0.5971185170433945	-0.4771184272014736	1.0925006132488357	0.6297795299917311
DTXSID7026653	-2.7309608854975385	0.9815942979447115	-0.15737888584328247	-0.5156221454858939	1.3183772060210588	1.5989801985661833	-1.9540297853801696	2.199284567329725	-0.0071854790967680006	-0.4173406148250549	0.6205545828483303	0.8579827483471235	-0.08809132508176949	-0.6526238778491494	-1.480759937774729	-0.2767380582462384	-0.9840516030105552	-0.29354037387061244	-0.22561727575494062	0.2507618871943295	0.9343620711825885	0.337791559319609	-0.583550149769123	-0.3514097568782562	0.8910148230125464	-0.233488904755051	-0.8498680751634536	0.23896140640276248	-0.09693841639465753	-0.20325076424867553	0.9889747484732163	0.4147919276303649	0.4377930529571639	-0.19495196575048895	1.2029778342865005	-0.02885358025997345	-0.4148017720972197	-0.47313831028743364	-0.034062460231523733	-0.04059745611789944	0.1594729659191549	-0.1909666879304786	0.06544365276414488	-0.08542142804441338	0.47757401965580587	0.1514913677756067	-0.46829606230904414	-0.1821501906361076	0.0029581517332986826	-0.32784434271500373	-0.09023167977857086	-0.47537095656611755	-0.016198236089355854	-0.16326116739092805	0.042066274579540486	-0.12486774183576309	-0.40913230954511753	0.17896880290793463	-0.0789695969891974	-0.07382331357366759	-0.5718240960106824	0.17853967803148188	-0.3897143288360768	0.3827804631252929	0.251545967608407	-0.26838168198611306	0.11017151103553406	0.6317443375851906	-0.48484172475050946	-0.9798997438432128	0.6613598574381824	0.12511175037544395	-0.21276606596599698	0.11140424642113386	-0.2542740493997402	-0.28488610416484217	0.01291433963825929	1.4917656521065947	-0.03785238421515855	1.4089386631092944	-1.102325205939781	-0.3883816501544463	0.3784234490715446	-0.7709932740819743	0.04963382332466627	0.2703981032436223	0.0032751136391980635	-1.1179659423299353	-0.167666987487728	1.1050160012021752	0.9404403180370443	0.2123956272931471	-0.2679878376377388	-0.5109747973734471	0.14216035856009776	0.7409076199267534	-0.6516473432272841	-0.605396200664287	0.4190724087274507	0.11363273541014848
DTXSID3021223	3.6729747302677103	3.6875876371092784	-0.28666488754607045	4.833918089009456	2.3717356546678574	-0.453320866500942	7.5697826059638915	-0.8632419129508919	-2.372969624312268	-3.0630947483682225	1.3367105135179203	-1.6884601759229991	-0.4901557434339128	-0.7436794744430867	-1.6267906226927313	2.1272346706865055	-3.078389106842658	0.8722952369604314	0.8679452815962849	-1.1212871709482808	0.33930113852972	0.5417655136087898	1.2442590763395143	0.1573065607830015	0.46086160555973343	1.9941396716444206	0.5972174677941375	-0.9823304948722159	-1.0636838701746376	0.7605177680239563	-1.9937679267367296	0.8981842932250371	-0.3244976221916996	0.6487506760135143	2.2058028655119934	1.1403992881536709	-0.44682567962418906	0.8288549500635617	1.0846178585120092	0.5224221959973248	-0.6621690177963283	-1.6024716387012494	0.5448136633735537	-0.39012280599120086	-0.35245257988213424	-0.854684404848352	1.1625763989784152	1.065625409714294	-0.50454648713903	0.3729341216623585	-0.13110943974497888	0.6809881134402654	0.03138625854109718	-0.5043516147275328	0.4659011309359332	-0.8578104987044076	-0.09796628185498771	0.10713558399325374	0.4161075305946292	-0.5248021199553053	0.3250056564127437	-0.44264538882422927	-0.5278348977282799	-0.45844248727125064	0.7463228851044588	0.7335517734287678	1.4486596282120974	-0.04352646544674002	-0.9090285314535016	-0.1882325713255404	-1.3741039700197832	-0.36841711871811006	0.08563977142844656	-1.6401042763945297	0.9685015052915553	0.39202984672074737	0.20814485155891865	-1.2894336532093886	0.7022836685946102	-0.6535314913151148	-1.4051873476602443	-0.24618712776498616	0.8577832224358659	0.28296384358679866	-1.4907595589190814	-0.307299470592643	0.518575679163185	-0.3234822527307059	0.3567920469515589	-1.0195330658680084	0.8062355196184229	0.5590695718770659	0.34262805943116476	-0.017511128762279834	-0.33727724528650144	-0.6954835982168318	-0.6330776629411541	-0.6254076075643396	-0.7783747302724915	-0.12321865738319501
DTXSID9041520	-5.189319014868731	0.18592355455163892	0.9391018319652257	1.079344486281462	0.21074099141691416	-0.09544786591375784	-1.6227983740583798	-0.9334140360527123	1.104381856705926	-1.125607473268465	0.2743266332416049	-0.09082430720778367	-0.32448340085904603	-0.29439716613645456	-0.5938847556734713	0.34001558609923327	0.24640931041676675	-0.21867779087300895	-0.611771046523809	-0.544037375552752	-0.34361414892145614	-0.4094767480379384	1.6423397556623345	-0.22286856567507896	0.27985345737990386	0.042030277223269984	-0.42776524951291	-0.29420182220594016	-0.28435162635856187	-0.3731369692447207	-0.6903846937059428	0.4009232379550176	0.01266596666807538	0.10772967424677288	0.686162638750532	-0.4452321102989015	1.5800679540967315	-0.8256703977390287	0.5857926454412571	0.4791995982224965	-1.8838648567300111	0.34091319888773186	0.6831947278182064	1.6981420471684705	2.1409807205577147	-0.056936850794561164	-1.9685087264765737	1.3709721415712413	0.8900178425553333	-0.8712831750980721	-0.14077348511684687	1.3228338097428924	-1.3529765813536705	-0.277345485371492	-0.014645452089747265	-0.579079346509556	-2.194756275794246	1.0214637069744956	0.3691959332248905	-0.8003902815960702	-0.22455285135383038	-0.33318327240858625	0.12176178130014914	-0.16532802010959544	1.5188161587222224	0.41817159842450935	-1.0997596069252205	1.4373836765784465	0.08540767335323339	-0.3713489818373518	-0.0999191987838089	0.1297706359931576	-0.2526974203301277	0.5177110319199364	0.22416317508026282	0.6742505964629119	0.3373650216479824	-0.09081484939166615	0.05670946975291796	-0.07332797922886511	-0.11339936118438013	0.6873039730482655	-0.049081049445015394	0.18533698963823445	0.3338578027995886	-0.08665848368537168	-0.3435159807631411	-0.1490222701900557	0.1073557712675137	-0.031319252541044285	-0.17102815291457896	-0.06602045171747786	0.11019449314027484	-0.03713274639252387	-0.020137331195965384	-0.3773606124624981	-0.14903480326002372	0.09326528740565004	0.2945116239540587	-0.2539678661274864
DTXSID2024799	-2.140223990724786	0.0365926062614582	-2.3482892921768763	-1.4692272645996491	1.7857070422474484	4.03447084376007	-0.45723168788691415	-1.1859143257940747	1.074345856664961	-0.3405987488504146	0.8999589354170683	4.868783702833741	0.18196056053379894	0.11892502765921646	0.283243382607217	-0.3726692441699953	-0.3974695950798748	0.039082415578063114	0.5755591806945538	-0.9759447255121121	-0.03243065425826393	-0.11362061853748708	0.5295701666030251	0.6275923902143095	-0.21214532098688696	-0.1720633166773447	0.007494948704741459	-0.7758981248559993	0.23337281110715286	-0.16879427092817517	-0.067450252043984	-0.01403926862616883	-0.15055016509229133	-0.19245501734204903	-0.07549985884709375	0.07010949013430459	0.34551905533273897	0.19194132502991781	0.025883900158508735	0.1700722387404287	-0.2750979604406766	0.38521233725453485	-0.14959931449623037	-0.2939503335893411	-0.1670736237146337	0.04981193191006059	-0.11759328691980903	-0.07814290363165531	-0.08332930072477962	0.17334621083691293	-0.05853259438690023	0.08046941555348575	-0.1511813091732857	-0.13264368152866982	-0.1487826800846628	0.04268696437878397	0.1785814385200236	-0.0727866853782942	-0.39423277000591883	0.35646283028060016	0.2979240200730466	-0.04867535116812732	0.03159720298479105	-0.251466237753383	0.05999295339159774	-0.07990616940179351	0.2778129325340031	-0.43284294107880567	0.3622233293762805	0.017426045604596853	-0.04504923652964424	0.2511229216955974	-0.13870464781369338	0.17615574060543404	-0.537190715510472	-0.054712287745641595	0.2047010540150128	0.4448319010155274	0.03709332870020866	0.5105835643649944	0.24174799309269496	0.027594042586213275	-0.5391996697074446	-0.6800302840638834	0.2058372108851064	-0.6344994812024837	-1.3231043366749982	1.1068241209719076	-1.245643669251166	-0.8867561575470124	0.7419600114868242	-0.5010338143475865	-0.5385406051000896	-0.38174371158273773	-0.2585475675185631	0.39526837337545656	0.13710047653699278	-0.19862145684135446	-0.24611381882774327	0.3361521852148065
DTXSID7029879	12.934342816491139	5.473306749038729	-2.8853405922123647	1.8840758084463192	-0.9755347679107267	-2.280848485529256	5.263792797384987	5.4154452013393435	-0.30244631363766555	-3.834456072680863	-1.2925746695255176	1.4693112518730906	-0.9836921805115051	2.945937170471597	3.218217309428338	-0.5164177993788186	-1.3618344639519484	0.4370612991365212	-1.1738963966707285	0.1552115073551935	-1.943351901562419	0.7089202959508135	0.10780142804128402	-0.49534202379763437	1.9284691718525921	1.1953985616007634	2.5806922770725995	-3.535539709047284	-0.00032955127519827685	-1.2356611208496986	0.5493424063430844	0.6101481350930918	-0.5440347507998978	-4.721077091069602	-0.19880910530799986	-0.9368367155835496	0.1970293255940849	-0.7429111643688349	6.239697290118152	0.5397303975260511	-0.9407065730722949	-1.8371733780607988	-0.11745516300695641	1.2851441363791734	-0.0740631546212566	-2.326058156824323	-0.9714205639201174	1.16415330168959	-1.1367631670397413	0.6808201859351452	-0.1712318569182714	-0.9164525514130191	-0.30984627994991254	0.49805921584509383	-1.965129544189262	2.319560600876892	-0.18123546580043853	1.5674944408281768	-0.11944548075563609	0.42513136833228576	4.958035465167184	0.5562511957099093	3.827915366704385	-0.05617445175207812	-2.105734594994962	0.19957700439442153	0.8266866150850573	0.024959670875526165	-2.9590542956091923	-1.264574281572989	-0.01652335796260761	-2.826221112156106	0.8325148755717765	0.9862328128611721	0.5846294576836409	0.8152183621344374	-0.26106542775717007	-0.9602712135676207	-0.3046824662875961	-1.4793801159627622	0.6827803288253127	-0.7334609847216766	0.9511481228603365	0.11658464839409463	0.06356952842801113	0.5129575557371228	-0.29239744431803305	-0.8438029829862393	-1.0491684465760462	0.19920973439593093	-0.2510377125266299	-0.6733192508303879	0.22817410780442338	-1.2105614181914526	-1.266039612413689	1.1256782985529186	0.2551133257030042	0.042213140312909084	0.20963058022979678	0.3711011700256149
DTXSID7022124	-4.43640559723346	-2.820442482662607	2.3845784060954403	0.16343412812447514	-1.3683835751332043	-0.2636801094377048	0.21416661429471304	-1.166015480475382	-0.5216967849490792	0.4779247078754261	-0.9940087205994264	0.38936667936968294	1.7470149969064759	-0.3047804492806841	0.12537683286656987	-0.3857605679533855	1.67404962908353	0.008659292677382267	1.2905408247663679	-0.8828748494193365	-1.3871184461863826	-1.1618983076918723	-0.47428313374860004	2.1303702209482775	-1.6688538233196317	0.5792425110535878	0.6848933835243535	1.7449640207025374	1.0499375754319504	-0.9649732058186525	0.3840277624204132	-2.3273844932381924	1.5886216770266965	-1.4917834396924834	3.1948026196798422	-2.8443587147608222	3.2985124887747315	-1.4770933673136977	0.5717117380626321	0.47858396500106404	4.312289445489562	-0.2972951812662074	0.784386750519909	-2.5101828085564475	2.3797174241816856	1.3151984199711388	2.3271630846980984	1.752089127439384	-1.3153351592180504	1.253283215325093	-0.2497697587767145	0.7505034425724635	-0.6890626745103662	-2.5290827988261086	1.0604099539417933	-0.060335763793520215	0.4546102367143321	0.3124887041743014	-2.42226732186811	-0.370306778443949	2.529710901921837	1.320684615779393	0.9107160561330654	2.2905484350430987	-0.16419404430732742	0.6426043500588166	-0.8025736602773806	0.8480751860214006	2.5284252404618113	1.3590017669703536	-1.6618810323013895	1.6264345167004997	2.3801836942682812	-0.05216960295972794	0.23925004524535548	-0.7856635650444913	-0.1334310360435175	-0.771805937003798	-0.5138698241155722	0.31349973454421026	-1.2535852376089125	0.05538394037189975	0.14554042419558363	0.03949277622185076	0.39169076666520447	0.14810168474879026	0.10675325044132868	-0.6107625835836796	0.16626228637401114	0.1276846821914663	-0.4977891404419914	0.26286476784157686	0.3004709563607585	0.026462292703428498	-0.04553729660871487	-0.09562407007089921	0.11080804136417388	-0.517301907015882	0.3742444548261859	0.4435668752403892
DTXSID4024771	-4.357780460491454	0.02530855426453146	-1.1084033887475409	0.30009239927816866	0.30596599872884295	1.0204576641646697	-2.1870812963255624	0.537881568246707	-1.5217765319403882	-1.2245312779608948	2.8754372290445276	-1.0440201884497813	1.1199784044357775	-0.6496935115196946	0.7700218420685653	-1.7205178620307444	1.4940117073170773	0.0965482859919527	-0.25983816931537607	0.24473053540141973	1.0306747522016355	-0.4324406410149598	-0.2402933521883707	1.143448315755028	-0.7556368709985826	-0.6140959251993439	-0.1788764006978386	0.10013152780770385	0.2797646467339985	-0.17396793153597506	0.36294116909460367	0.1325551142856327	-0.006641177795570555	-1.335399271832957	-0.7308630670407771	1.4578049516652005	-0.8681172609450888	0.32686352809519004	-0.9341350505729265	-0.05072677734818705	0.30259704771988943	-0.09183040780215924	1.0382418178653838	-0.4397380514276011	-0.47391487762172785	-0.07069849206139164	-0.5965631425650397	0.7212446283643702	-0.2589963176044454	-0.08548201794256749	0.06443408629412566	0.6604743776504264	0.021505284146291766	0.4644071252787323	-0.03511925610326058	0.46290228460821387	-0.2857763481206019	1.1423631613482657	0.17683563054540336	-0.09984630062946277	1.0846847054283837	0.9367567324255617	-0.38090088857214693	-0.15317030124422018	0.1948548768408533	0.21051007421192341	0.23927139446310433	-0.318405544027103	-0.1568050929103469	0.07385150397452042	-0.15140742673104535	0.0010145105789116076	0.05676982299705074	-0.04221371344387514	0.187154562649685	-0.32079227750588346	0.09137126312775129	-0.220531911170346	0.20639435476829138	-0.08680453900263754	0.0945196982653021	-0.067374977104292	0.013309382815038377	-0.1500934661660967	-0.07500721436163404	0.1078105613682785	0.12206800806660756	0.15586469666854622	0.2531938659208731	-0.2623729952040839	-0.20029060042854072	-0.5843867757038713	0.16613546538454077	-0.04757535795692121	-0.07000298355872546	-0.4315225883010655	0.08776226552138577	0.14447153092120166	-0.06691329428923302	-0.2798670407833623
DTXSID4057843	-0.26270512659853784	0.42733196843114907	-0.7782773300165714	1.8352556535823747	4.1155271846802925	-0.4804626702493782	-0.7405601670813607	5.141194863295885	3.428150166333778	-0.9642578649227435	-1.9689620709738187	-0.8232422498012967	0.7551853408708951	-1.7491938432805807	0.9482272236606152	-0.41448781000006407	-1.3521289288548943	-0.5769778169436139	-0.11765581396827197	2.6110196220652417	0.6694848953128731	-0.2945862880326573	0.020713701313433596	0.2034451561200916	0.016796317723950203	0.4658198892038444	-1.042512701583095	-2.4597896074213264	-0.4007977530848375	0.08257728411728556	-0.02972994090280513	-0.36015939181221623	-0.6604299208912651	-1.2106115853216903	0.5381584160353357	0.46717141616599883	1.9989370579797552	0.029240480284314082	0.07250130778103339	0.22273092619731263	0.46199139653289883	1.4976771034201495	-0.27918851271667994	1.5401322640993846	-0.18765118278253867	0.13807075961264323	0.07261248567946382	-0.8618966453397093	-0.10263450440914688	0.20320809497415643	0.33075693116432486	0.08078045077695742	-0.4644884501090084	0.4266514747776222	-0.38395777432018097	-1.1574752579487526	0.10103112416229305	0.4369856153273049	-1.02047257402269	1.2126819014304244	-0.0465553661493697	2.258345543212651	-0.8129020058095349	0.7529240092310742	-0.7796245863123278	-0.6860582919247616	0.25763619795682896	1.2174379788308853	0.23268546253886138	-0.7992691338617313	1.675434069376931	0.865115493077305	-0.16546528285285692	-0.7923659953180879	0.8715495995592184	-1.1812901923950045	-0.38069563503405174	0.17317344330983292	-1.9462305887335327	0.19099440914172247	1.7206851141429407	-2.226253758557749	0.3374204449162739	1.1445599641060333	-0.3993775636853695	-3.2675669841919444	0.3763666132941619	-0.05841958042331826	-0.19546505310962917	-0.8587575984624755	1.0628196464201296	-0.22508266222073162	0.1731049339329487	1.6145635318325422	0.7421077906352957	-1.2844882304719043	-0.2633257433160224	-0.28924342541943454	-0.3296656828039343	0.35379430699116465
DTXSID7047433	4.156919095538825	0.9271901875006027	5.541089896256352	5.339995899352678	0.8075782403087455	2.806243171344934	-1.7009898796788625	-3.1891911433197278	-1.7874679128820226	0.16366030187458594	-3.435334182768757	-1.066403744927447	3.3513172323559677	0.3862355462238601	0.48365237218742374	-0.5810825363550132	-1.9953306051943775	0.024280149589438946	-0.688484730586052	0.7645656672469779	0.2621275376770621	0.94125124072078	0.7263328431635705	-0.07825581688092512	0.7816476030341799	1.2737549737738698	1.0554836506026517	0.237807872223156	-0.23414056847052434	0.009781012439056255	0.677892917624936	0.4795395659483861	-0.3946645131919733	-0.4408583741779145	-0.18057615219682047	-0.633263909561627	-0.9790892516644999	0.253053804220718	0.48790118743373	0.30297270027384965	0.14283809700428624	0.5588944954375142	0.0480063048341654	0.05902746708866926	0.0633695110806526	-0.14309342573370182	0.0608405091565072	0.34107928821723527	-0.16012471338420287	0.5109257931957933	0.04732955346397864	0.15866377434384576	0.314945925975038	0.27525870242347117	0.04812211779538162	-0.6180262541290557	0.6486074812499527	-0.12742583039862473	-0.2038474998830714	-0.09057344464775254	0.0641201002342408	-0.12280518148843719	-0.7554583126479617	-0.3471528144006843	0.3812054817948349	-0.8306403084609164	1.3098743461775726	-1.506723217083777	-0.34470952624272566	-1.3436624357565776	-0.879692049737118	-0.6884617016131741	-0.7930668044555608	0.038669154731891024	-0.1154216589214771	0.48070181988954913	0.2671186161367641	0.04055905007370486	-0.1751619689359513	-0.25508321263264777	-0.4531659629631613	-0.15254364831749942	0.24292906146617635	0.3148725522283847	0.10468960427279889	-0.43706480219318433	-0.5705201094093515	0.682408025561786	0.40822560960223303	0.10783427332094439	0.24931449708996198	0.04583867895413766	-0.6713859675148921	0.14229374543844017	-0.3630736011759302	0.13567085164635395	0.15886914695265855	0.0840236663859659	0.46092775838324634	0.6694230259542244
DTXSID3021770	3.054168828682354	5.545341894700042	-1.3915558507425718	-1.056416609075647	-5.002582087954512	4.5143379124386	-4.4130268354266695	0.5763369686213201	-4.61741051494898	-1.0370286011459555	-6.846911382512423	0.15770030566420262	8.999574273196336	-0.8355215569547222	-0.6490658263011554	-1.4023355861594184	-3.2356960634872065	-0.6367704477980618	-1.3735562165462212	1.0824874918119156	1.4746417875340534	1.2157777287634306	0.24087862427099016	-0.8847954971663895	0.8005979229673563	-0.19955348372647114	-0.19933798586697157	-1.7257257838226108	-0.2849406855495846	-0.8358416280123168	-1.0300545897811106	0.4931552531355547	-0.6409211819883813	0.4054014663861248	-0.8094682260522892	-0.0018695144020523767	-1.9194389661443656	0.6271459143379416	-0.28281946750294606	-0.09597754114593504	-0.8783791493122391	-0.13758594214320063	0.12238491028113355	-0.5424746128647274	0.6942771033710585	-0.3075246318222132	-0.5348359653775503	-0.4811467119315916	-0.30618088648450126	0.5035430626456098	-0.04638596867194719	-0.4377638411801804	0.4091615514923269	-0.08345067896221219	-0.1580522356228065	0.38201432149072645	0.6935307310551949	-0.24681294119659639	0.19268930309255772	0.24878749027661912	0.49863082199806663	-0.10598453623007106	0.14213226563374318	0.71525158374344	0.459021721404128	-0.6058694934456182	0.01940987216459038	-0.10474730457950042	1.969999368563609	-0.1783767511812009	-0.21302955599733367	-0.3253220646131463	1.2173692553564672	-0.02199283457140092	0.3469309413569221	-0.36495487746055905	2.386755920406697	-0.552272526696715	-0.0484236982044044	0.6679492741240539	0.22219880275116716	-0.4875760731451048	0.36194496137050924	0.24449995239895186	-0.223594598823575	1.1439821992869423	0.8937333154071119	-0.17892948049231605	0.2246162940035382	-1.2429562627312405	-0.8961503199318316	-0.8065121081380868	0.8906768824266684	-0.047036265488072895	-0.002808887315754254	-0.3823591967117721	-0.3730333299870816	-0.46228175914178354	-0.5974577329794089	0.016216766510904222
DTXSID9024481	-2.074236851074988	1.6252119713235156	-2.036632188056643	2.7844921867852594	-1.328399148401316	-0.17209041846554374	2.5137503177884333	-0.4430154935768664	-1.0689516111944515	1.114506818797483	-0.42707377898389987	-0.7763812411422637	-0.5700971880883609	2.3856336831756284	-0.32752195536887807	-2.7039032937267056	0.5415665752851372	-0.2600039599116849	0.3754065568634023	0.18392677757246578	-0.714722386117074	-0.6906237000599129	0.7853690013527719	0.04929336481064736	-0.5102579636365023	1.7339468666866318	0.14580209740797676	2.7855986444620546	-0.453667048969826	0.8422613689859642	-0.28228460811075706	-2.270862035402884	0.8553436516666274	0.5028582378464602	-1.5500021118118275	0.5016964834560397	1.8521973603401725	3.0823102842770984	0.053121666094161316	-0.46246645711563644	-2.1536301480078204	0.22164630211277614	-1.1328737575241825	-1.8231640775320839	0.49892584563657544	-0.5746627794966959	-0.2935551173895676	-0.8592601561069179	0.12772536157143158	0.4647986558403039	0.46755032370354516	0.579128302185471	-0.17203649298701224	-0.5888497470802061	1.9732575339686447	-0.2632294331695753	2.6008253426928447	2.133192476656754	1.792074569444653	0.3295399420285169	-0.3282283222147703	0.22545631492775497	0.7738389494411485	0.4696620064335161	0.29037350240111615	-0.7185189501201993	-0.3020920957652643	0.13806198580546258	-0.6161669746516191	-0.2807589459965511	0.9190654707091531	-0.19819291169175657	-0.4109616381888879	2.216609409059084	0.27345383640618204	0.35497778860876616	-0.21750999088211503	0.5211720160326687	-1.5399316150737659	1.0563776672933374	0.3389074236304035	-0.030974620035838785	0.35864485904977156	0.5572401327258589	0.45185238808642153	0.6734434053626178	-0.1927226269193744	-0.4466729984266006	-0.3946384117811579	-0.49380959168384436	0.023428343463590892	-0.653391237231932	0.054555993235563593	0.29741226560254885	-0.2794272260852181	0.3963710860382318	0.12498950645477318	-0.10929598141472273	1.0046732284408875	0.22869273521567374
DTXSID5047241	1.03967287089441	-4.906953010473282	-6.483276437889444	1.563528175595238	13.167043197789026	-3.4123218200553214	-4.585850917747549	8.733503022001019	7.699952757946899	0.3544362768364637	-6.061407210424	-4.4325080502125935	3.30228790066217	-6.432068271614623	-2.3906879722075924	2.134070550056164	-2.4341685763034175	-0.7146442654048	1.1878385752983864	2.6215752174428504	-6.735204671789011	-0.6888457591998247	-5.438198608667062	-0.34024601975379476	-0.827699022140718	0.33168756653438575	0.26526704708050525	-1.5726516279952294	-2.0631337949153674	0.470291359501709	-1.4008558960100808	1.2336500545548146	4.011157141938863	0.34072198782182894	-4.749481220573285	1.2934230314906983	7.432760563285495	3.591154683136899	-2.425940710541154	1.7532010544293444	-1.501498681881837	2.4843191090783425	5.038548346254218	-1.4683374741470783	-2.610029248165618	-0.4931210072274211	0.8210194538425128	-0.36921536885123346	-2.598513898359239	-1.5058577705637954	-0.5451703084815185	-0.019128857493837675	0.5868625866826751	-1.6771944772377267	-2.0678979957049237	-0.6465092222467745	1.890717060272461	-2.772151805047597	-0.5046440153837897	-1.2774225077480514	-0.707422776898902	2.4867422534798793	0.3119467225166438	-1.0149453438616023	2.950158784899204	1.7880285027063827	1.203448628990357	-2.906301995791509	-3.587805488875395	-0.6551405835915035	-3.3905008212065044	1.9797613857426204	0.14873168687260574	-2.230908223497356	-1.3273161732000336	4.196787596316158	3.4636165496733935	-2.096385387112969	1.0379567312780245	2.085761827413101	-1.9638850304478455	2.808843474895779	-1.6664562371594107	-0.40206277079836394	0.6107155945175401	0.3959498885856613	0.5955258830872473	-1.8381137669323024	0.242841705399383	1.325336073514067	0.950940213361118	-0.1218871505692117	1.3729126760840404	-1.831558501371945	-0.2589434576336037	0.08201270911811315	-0.42251575119802337	0.12485757014988343	0.22304233288757244	-0.19411584843945998
DTXSID5049239	-2.145540847988031	-4.581766850384406	-3.0935167181284826	-0.5185131295755966	2.3158963307975218	-1.6988385121878833	-3.4263483178360836	-0.12105750449542081	-3.503262413381939	1.664000129871588	5.23167616508351	-2.494009735630586	2.466039153095316	-0.3913616014051394	2.0122135953484963	-1.9387466700416793	0.7870601581146667	0.48023446308291273	0.8773349486613881	0.2129962619513147	-0.41233558115876057	0.7647262549855419	0.4686250186233265	-0.16964888243826673	0.6172024583241436	0.9530301733814904	0.1838329199919545	-0.6287888049027448	-0.5435394672168996	0.040074223396936136	-0.3038463840505739	1.0325430404435956	0.0692763082376522	1.1549573238348816	0.5191300545005092	-1.5704530450709895	0.8597590847476552	-0.012339639128570654	0.5412264660674211	0.023719538000851453	-0.44560520903173334	0.03400234325103889	-0.9190842869131941	0.09447655329452458	-0.3197102506428008	0.10184768964585685	0.5190132679196073	-0.9545096676023249	-0.00706119790767856	-0.1358438337819081	0.08749927238167579	-0.35183755019357493	-0.052856226470634975	-0.28905658004341594	0.10302401954763027	-0.3552002170925044	0.4203394878786394	-1.1498522520829935	-0.5816777144204324	0.22241542633843528	-0.44766637885842264	-0.46399134165967876	0.3607698331463469	-0.12046373730925708	-0.06528370780925774	0.22172192921185505	-1.2446520109325274	0.0030904668879454837	-0.38704723514733597	-0.2751495630325133	0.40857417785835504	-0.03736802331453376	0.7747685828737468	-0.6255779905549053	-0.3110780421159044	-0.14008656916408163	-0.3527788387183362	-0.48843702789626514	0.03939014009110867	-0.14517061002603787	-0.2829041522672058	0.029063323347984397	0.17534062854124507	0.38865681254308926	-0.3397332387064109	-0.05866538850360982	-0.4353098817961269	-0.2369041150653452	-0.09283832353608294	0.20395993474939658	0.30845529970271823	0.08394662736714749	0.24431135470194376	-0.314061535980411	0.48146223137697464	-0.3566404453127602	0.10137731496431512	0.07361350430673556	0.5281173114109755	0.0010457880853078803
DTXSID1034929	7.693628243057408	1.2125421816323232	5.18372162258891	1.6022011642191225	1.2725418800939845	-0.5720431423914097	-0.12777087567521814	-0.6493640476795893	0.3512930739157597	-1.6851990971946085	-0.9509887681878159	-0.06136505368257157	-1.1501890496176421	1.8090861935550047	0.3272273016888067	-1.3067419716020057	1.3948892312504726	-0.8876346643683647	1.9246987078553912	-1.1692172688132851	0.009502816817844439	-0.25941971196562086	0.17581246667573242	-0.39746116808229925	3.0650603305697235	-2.2555892175810226	-3.3346153453407	-1.6172048562566432	-0.5129174785186564	0.49237667892468834	-2.946267975506378	0.3887773192122537	-0.3890400596993863	1.03699030575314	1.6958691298634205	1.8639263256816694	0.6076391449640361	1.3462953620927565	0.6655467773537806	1.7839270519321884	-2.117186740701541	0.06094556747521524	-0.1438866160656438	0.8050847907178502	-1.861344761083927	0.6222842467657517	-1.39790513223075	0.5178419216283779	-0.42700488924519464	-0.14912676190634136	0.1710666702342953	1.1952804129389352	0.3933111919193736	0.9400342550802496	0.5122970731715526	2.1100738925138747	1.0751947883590296	1.1220059210557556	-1.2419115543553103	-1.3795324981593795	-1.0484697810356178	-0.9972974277402882	0.20459824040000374	3.705422999618508	0.17174405659060712	1.8090010462239499	1.8754451583903733	1.6634717891006823	1.0024455512306545	2.924616238838457	0.9742244092094647	0.06936484410932837	1.7502089340811693	0.4226527602775497	-0.5681454738692184	-0.23244773310452543	-1.283872528613173	0.7278620362350148	0.01663346813137156	1.6579140867171382	-0.513978234219899	2.6679910501937454	-0.6200609282040376	0.08550099523108853	-0.07534615631244847	0.07213995610504197	1.212368473180043	0.5181748663517621	1.3083577727561273	0.6349392987950765	1.0907025838825546	1.0826858116705502	-0.6440386236932663	0.23314049847995658	0.6157493664693875	1.3067528587127013	0.2835499691764021	-0.19247674083694677	-0.28123226477471014	0.7361182633467416
DTXSID9020792	-5.2634687892128	-1.2730655313977672	-3.6384466752428786	2.4777242818708447	2.5842983808634146	-1.339297083985895	4.297766564931739	-1.2425461462532328	-0.9102835529349279	-1.5306759834133938	1.449162767623872	-0.6471903413510136	1.003524749965252	-3.6893425219943548	-3.44048165504423	3.9071887037668365	-4.248292480579189	1.4948047317972288	5.853784928220629	-2.4694942651142	5.418262188220458	2.3057777980652947	-0.6823718926825999	-0.07608833213710052	0.09840940836111936	1.572823788126827	-0.6024989189361896	-1.3735749049799488	-1.1454771622900053	0.2865912704933501	0.7777227054146238	0.20191413765762178	0.4898622083462302	0.708953319574262	0.15419329163283893	0.40612092214334944	-0.42795006851608447	-1.64945472535508	-1.0154941829894746	1.1103094680935777	1.8377127451334896	-1.3696831379653231	1.3042404869316173	0.12883183168527024	-0.135548654969051	-1.4873544800344334	-0.8660763982528046	0.42255551333457125	-0.201080574591622	-0.15178106801872696	-0.4555299501863438	-1.4273409608092336	-0.24058443378690442	-0.5088977312658879	0.3472238270902424	-0.15277670255259046	0.9776160208871804	-0.328934784114369	0.6260425119412498	-0.7392753800548773	-0.5512370803206317	-0.2492880491161403	-0.12577011456242004	0.3599717012981961	0.5471048929964222	0.05685472432049974	-0.4844859502127974	2.012637176164325	-0.2292864644534574	-0.9059795696512948	0.323149552274458	0.6916997673496438	0.05052445532075175	0.6751954931808618	0.19249903368448315	0.13658754755148597	0.16457887880197486	0.5500581997724725	-0.04448884267195902	1.5464959400088047	0.17858507022041045	0.02520842097320525	1.0635260876683832	-0.1281861746317253	0.44701636833723646	-0.21092056189780803	-0.3809327164887711	-0.09792655169473703	-0.3349542175410462	0.2131528557316187	-0.5517848262946763	-0.1851644313956994	-0.3651782706716589	-0.6211578182780394	-0.7520114270703806	-0.5483346480034869	0.23975592800704257	0.49373518034996433	-0.34546484597899346	-0.01618959214579522
DTXSID0023169	9.804405567294141	6.536528366702384	-0.13094007276846154	5.629428681697901	1.350739581269348	-3.4757186149148827	8.86070998405224	-0.6183763163487844	-0.14391367668080818	-3.066880463264837	0.11373351619681656	-0.7450934145535082	1.5762173056965962	-2.3867045816874146	1.2426861926971873	3.1882195267643154	-1.338776723389051	-1.0797295035296324	3.3604565244688662	-2.7305558538788386	-0.5162472635233055	7.765648821165257	-1.7210051386381209	-0.14103731532196634	-1.1600155332669906	0.9235243256182867	-1.859941040591987	-1.6467950467814412	1.6952056162090898	-0.799992188050409	2.5397763955358745	-4.2761839094595855	-0.655473411376319	-0.9464819693700205	0.5950493503857246	-3.285203312157784	2.248542014507446	-1.5840118032726964	-1.2031776273113943	-0.36316901863914175	0.9824327513498009	1.8934137272895917	-5.098677427010744	-5.941966716567327	-0.2834504935570411	-0.18446129796697597	-13.311253698597751	-12.086417552854881	1.9967416461844911	-8.306465360684903	-8.22886270869799	17.850293946485284	9.161417206455816	3.5538433961963714	5.631314076995009	6.714971546358551	-2.724101341982802	-7.563663611600342	-3.067373383368474	-5.213291262275426	1.1470208545292004	-1.6566953052669742	-0.7234161067794093	4.259317627043474	-0.0788589053078795	1.5694227880406777	5.929478601124836	1.6544473777747348	-0.525390187720397	2.084191960208487	-0.6583354400071137	2.0277295948418086	1.8205379468272629	-1.5525118445717399	0.5665124036470395	-0.40105739316186306	-2.4582371112729327	-1.4120802368323144	-1.121750307236232	1.038531559664168	-3.1165919589930273	-0.08674127330319538	1.4290163467676689	1.5198006398759871	-0.6132477552062434	0.4784650782555409	2.141031173038431	2.283173743024739	-1.2153930943618798	-1.2794956881294401	-0.009114863666373594	-1.052831507681694	-0.20499830798144594	1.470805594608595	-0.20016552375249924	0.9610309410636081	0.23674271510913203	1.023234547546489	-1.7808176088419876	0.9394674727848342
DTXSID4045420	-0.6764270380521984	-2.3727385893207655	-3.0826384703234515	0.8658467394743297	0.6380127799991389	0.41139026289445524	4.5158818797014195	-1.2603521737417664	-2.06112120637043	-1.835302179006638	-0.20576632466089376	2.130429379694098	0.3714091556905243	-0.2571496139143951	0.10248112085913236	-0.7037194512716519	0.7344959263188917	0.003266344638900171	-1.115610638864957	-0.9896962007816212	-1.973555233985766	-0.9387084787378487	0.7294878404055413	0.4507040966899998	-1.2629889122025306	0.03525863265556769	0.58356936793581	-0.20908935164643802	0.17652867393798122	-0.2567466125082763	-2.023605490716536	1.324751766320629	0.21728803444306294	-0.08619990607506259	0.8665965393577433	0.37981495918040364	-0.2452271832027711	0.5294485668064198	0.010158483224863036	-1.109725374419006	-0.842387871610768	-0.4562013673190997	-0.2792877503373281	-0.2496971986842656	0.09860536775489794	0.288941325505306	1.4299504422705376	0.30872747949748597	-0.44455192619249967	-0.4228247663093033	-0.432471025028352	0.5021038302455204	-0.28412373553370296	-0.25773053976860927	-0.21274730020215626	0.1967848194933516	-0.9936618048879078	0.7472378300422488	-1.010951737119846	0.40352633890907025	-0.035342469352788	-0.09558010536103625	0.024092509881459674	0.4894291651956659	-0.3769657008381475	0.1887940419960591	0.3080423582541649	-0.5581369993946154	-0.637465393720713	-0.42392123489975303	-0.1451494391313228	-0.9101236744314698	0.7454283244187255	-1.3943446377378914	-0.7258396620364178	0.21639213615705355	-0.7533623568350953	-0.7003735167136032	0.5830010628843232	-0.33902782072813076	0.22100165178784453	0.4233229646199161	-0.19935829066050556	-0.7149944611745647	-0.12705857011414387	-0.549465458138478	0.21549953270387517	0.34653294396614215	-1.514021183497943	-0.6474403077739106	0.43667559808650797	0.05851175968063736	-0.09640552848166031	0.0020789546180020107	0.38321486737521737	0.6479807961711166	0.14268656213724706	-0.2641152139440389	0.7156733291380765	-0.006456750955146954
DTXSID5048922	4.437840897182594	3.7435732459943445	2.242450908818199	0.8655470332940343	-1.180408201046944	-2.432161889459746	0.3515884282675356	0.8236277237013591	3.3141641449456714	-1.685603005713488	0.9009315421975341	0.26979428121398125	-1.7765420206341993	0.11503379485936387	3.62481391639802	-0.20895415048461358	-2.4129958880745566	-0.7351005252778048	-0.5462154262538357	3.4574141017768745	2.991941956290787	-0.7263805035021439	2.8226907787474396	0.5242855107919983	0.17208125466232108	0.15334359736083683	-2.16280581356877	-1.1525592838205088	-1.3519083420679932	-0.6582505064447346	-0.6637153301240044	-0.47083794292222186	-1.439258351357107	-0.8795105285536801	0.7233439949436196	-0.7169485041966384	1.8153519449199407	-0.3186457710495671	0.022412921375022467	-1.1956538862391402	0.555280989938007	0.3196747083961953	-0.4704897360278675	0.979696812823061	-0.4077994871221622	-0.35750423479623394	0.7745674380074199	-0.2716960670178814	-0.24523111062509528	0.22524091779312969	0.18971171857445848	0.8311781264362472	-0.02197566647642816	-0.28231876000407585	0.5748301767024779	-2.4629876190647884	-0.023921208967235864	-0.19072209406210583	-0.18710821589290566	0.5205327321378436	0.011111683881377144	2.177617337703056	-1.7243269066992928	0.8880022080333551	-0.47741236206829013	-0.7128899979629961	1.5826412024872536	0.7794090542311976	-0.16363206284346335	-1.7140417551437754	1.1666869319379853	0.16484806299151494	0.9891112368605495	-1.9453615698326383	-2.0009507811124414	0.611570204792819	0.01864989416002303	-1.2278746431699468	1.1068827850343173	1.4235316469117774	0.621270927356077	-0.45453537909447383	0.8846247746592268	0.841866645026539	-0.2899350276547953	0.4289133782102541	-0.9563257966736198	0.9265286842728258	0.03118902446269237	-0.34480893786532946	-0.7557303383570366	0.23672633998941744	1.5211523766427029	0.19975927984147998	-1.5288062953307548	-0.09696434445892871	0.2751996301258597	0.29365715989665137	-0.8208065406779514	-0.020205938494644922
DTXSID8057697	13.33865079131565	3.2628400297062736	5.601135140985938	3.143318939691847	2.607776402490139	0.17884304605496423	-2.200006863895983	-0.6096040213706492	-1.0444139444961462	-1.9091785029934738	-0.8834821920890792	-0.22625604460296853	-2.0648373220190877	2.321135650489156	-0.7451435010625779	-0.6933754136260766	0.49823103448997447	-1.166407369790602	2.3816237260836846	-1.1034365344534407	-0.053272159039739274	0.2059443823119878	-0.44764884702467883	0.22987297221127867	0.6411401420953395	-1.050875739523435	-2.444748549633237	0.4147533390499123	-0.09957442154075866	-0.7780686421970691	-1.5743016539576484	-0.6371065989114156	-0.3277033460279311	-0.6413638939553234	1.1531876594375199	-0.8255019061392653	-0.04142290130342236	0.09615913278088646	0.6153433119895251	0.1407675251641569	-0.4606960991683047	0.27353321900676353	0.165346127950824	0.6522705353573148	-0.7744099264944482	0.13423746659666425	0.11308858250411562	0.07627023788171966	-0.0779606683957535	0.2412378169260933	-0.009930178876139705	0.08794514048992358	0.304635411703015	-0.613990269764286	-0.28995633784919694	-0.09019060647617293	-0.8102024986806564	-0.38773615485708035	0.17567998821447856	-0.3638382838197237	-0.1866434443773729	0.6495140268762809	0.2893563745087309	-0.6676734677137093	0.8733549444361851	-1.3899014797115439	0.16768570797724905	-0.24927897055354611	-1.1899171009251752	-1.0679866038616568	0.9578940245416964	-0.15818288993272106	-0.9779283060780185	0.6956907793734943	-2.710762448468742	0.05060338358584478	-1.2714102256000481	0.323664157863669	0.46599999557719896	-0.25626132152934633	0.731455295107498	0.34917567226044316	1.4073235252993426	-0.6322393459177116	-0.3323915552543404	-0.446103102614834	0.2061326832156314	-0.7748146463636925	0.27679119795174734	0.6404648177202042	0.7190948478234277	-0.04466729558723416	-0.6234437627656993	-1.0856106032450836	-0.3445901971892	-0.6277551236877684	-0.2192270318052243	-0.11894332812876099	0.54751424496791	0.8441353857289515
DTXSID60379901	7.147841951616873	-1.3862881417128357	-5.374911216751994	-13.857952108582163	4.364398127027446	11.517025536772499	0.7695059790873906	-5.240474921060408	9.076502376376183	-2.519892714830441	3.6027753142095165	-0.45974302185968435	3.104299792682245	7.710628802106823	0.046168519139662106	2.512171236217761	-2.1722803456592965	-0.6598765775115523	2.9303690078250377	-1.782996914512664	-2.03335741993016	1.034507963123627	1.9048798146369696	-0.12785023449769056	-0.23407701657264676	-0.505523948566721	-1.2515948093140747	-0.06344152577170974	0.44759888045381624	-0.5003950126718906	-0.5797004573883355	-1.0941345532916678	-0.4516083533429124	-0.00801865667812267	-0.7678408582403331	0.2067238245149001	0.3411417463570772	0.30196096466606653	0.025377962164567197	0.13338453585227933	0.21060636036168817	0.11922252440390206	-0.3106655966690204	0.1868060550502849	-0.47363731394437264	0.5086726819777279	-0.6533840642408281	0.4326154695565384	-0.42934433425345736	0.5087303725116296	-0.05291840740597861	0.20510396542464807	-0.15358855443911026	0.1909452627552288	0.375927623548446	0.4414450947561257	0.6298526742889783	0.9454332803711641	-0.9297517777746895	0.3060685512241754	0.33791947614127604	0.725586208583932	-0.25819503726256815	-0.6888272647816647	-0.19744655593106028	-0.8937439003595428	0.7901608611009554	-0.5107106367681269	0.15238272966773428	-0.08834275807934164	-0.9831140647389078	0.3173002143362507	-0.42891846382130283	0.5504493261978441	-1.111849082105627	-0.13289285485803298	-0.5675528967796087	-0.1651153555638091	-0.0099884195668383	-0.6203049962013715	0.18609218945054476	0.15112364561975783	0.06479230894615917	-0.18752534082336977	-0.25691023546428443	-0.03871997726325705	-0.12954986718465844	-0.621879837038008	-0.15384478061386841	-0.37599596654598516	-0.6839217393620578	-0.2256252712067566	-0.43014935394376047	0.1378667234695568	-0.46244743454493664	-0.878920589623749	-0.5686647738963355	-0.3099346384707595	-0.6853994504555462	-0.4927062925960262
DTXSID6027185	1.1996944686000137	-1.6411652889089583	2.075085717932339	-2.8307100601151816	-3.0375785843545726	3.1198199541718195	0.23740177425815745	2.145461892920659	0.04804888198915736	1.1010373241572957	-1.0561084866005335	-0.8603153820265405	-0.9792322802767033	-3.251187557416108	0.6747661121163211	-0.4807044544214506	0.37904032478289734	1.869467428633502	-0.8305533394914706	-0.47590614748756954	2.3749779956415167	-0.9857095346403363	-2.874104632310476	-2.991253696156417	3.0137646653689796	-2.305964437560489	-2.8266410627053733	-3.540940853240118	-0.4274934017977224	0.28634593623542276	1.1901887266337883	-2.483846123627097	-0.17981734281958095	1.6772675177785852	-3.492161653027804	0.07650463077362471	-0.7270091529989775	0.09995230303716514	0.1882035606948007	-0.803660928224962	-1.0817484027659146	-0.5951829237921302	-1.4037720044608817	-2.3716448994815424	1.5703574503503765	0.24362720949435462	-1.0083290280273243	1.4563779144438627	-0.757846444856558	-0.25048998436017006	-0.939140510803681	-0.33477494185829043	-1.6001218043909342	-0.27015801291287667	0.2477116769287339	-0.4979625753121505	1.0421167623704441	-1.115601058156332	1.1709991620316735	1.7912665055842336	2.5337773847507385	0.1676400026521614	1.4994203136457613	1.2511341450115765	0.5913093789136299	0.6942798667740373	-1.9053492308328113	-0.9425110723685074	2.4584812591183134	-1.720881285734438	-0.684032224679668	1.1900744602984565	-0.6635996677054188	-0.9346055203957027	-0.10240044591155895	-0.2864249134917134	-0.6525274262571578	-0.6198208815630843	1.3334037919167232	-1.5814328584688582	-0.2092981065806907	1.3004249473434566	1.3836323835910773	2.2570541997494153	-0.8446716399457281	-1.1691863662177246	1.6736799826136362	0.49910280353653375	-1.1556051997913306	0.18635565774230511	-0.0005626002515396587	0.15637960719255703	-1.0558516166755219	-1.1661326221292105	0.7905623641533936	-0.1097960676831134	1.122271963891259	1.409920139751539	0.46596974684206877	0.5478393525392246
DTXSID5020659	-2.918613304177169	-4.26005972280883	-2.563791551744403	-0.2564209647969387	2.3958460325275657	-1.399249111802182	-3.232343670410945	-0.1748965963552414	-3.2522911072092477	1.2496174066049692	5.304559961102609	-2.308008655986831	2.6060509784760373	-0.26246733825049845	1.9901692515290306	-2.082096619117611	0.7898466000714747	0.552848718919596	0.6324717478802118	0.2956544956191045	-0.20422010427936596	0.6307106468377999	0.34901824034729995	-0.46925805451895763	0.4824113677065837	0.6681629822469013	-0.03069169817914249	-0.549117774812464	-0.6421233348083341	0.3783327288970267	-0.26680495712406666	0.7347143457267756	0.20845281177877464	0.9986159044999235	0.5247540639529772	-1.3814056301194988	0.9447272469977672	-0.2613984906324063	0.9213258655278966	0.5534173082920957	-0.6498253175166929	-0.029408924031935145	-0.9882641717614525	0.09830328830000332	-0.4541181712058677	-0.04005104158909054	0.4313420905448297	-0.8417878340996391	0.08014557012089407	0.02331799326445353	0.10614125950839615	-0.27178679966206515	-0.056108329140478565	-0.28490452459778337	0.2949953286147849	-0.2966573592227157	0.5142035693941489	-1.2918957308113057	-0.48259907522486184	0.2657415136714693	-0.23747662485277107	-0.4696498128649425	0.29963609612236314	0.2191219141259355	0.08424949953533141	0.28347164326987573	-0.8934561615270638	-0.18539118906840923	-0.37754998648210797	-0.3375831635776483	0.5177169288185908	0.1693869782034302	0.15139362940714524	-0.45565710288613936	-0.5040225592261558	-0.10201533114394386	-0.12424723736991214	-0.1107112456872205	0.3398475614455135	-0.5905833723652321	-0.12291721680316293	-0.20765353455101337	0.1048384327754383	0.3316260510082979	0.04406687248198116	-0.029662552464118305	-0.5571339828431199	-0.2393041248565591	-0.09476790710927131	0.041790714989913734	0.19576399322867008	0.21089968683483679	0.3063847564944626	-0.013525386580229504	0.3099586988246806	-0.3607882151583299	0.07893288123677714	-0.043538213677416115	0.4319602718320483	-0.03860025315658787
DTXSID8020545	-4.483298004755114	-2.142907411881835	-3.2683682419429054	0.42150946969497605	-0.6471734011728988	-0.2948116073197597	0.32751995165461184	2.2689577003802848	-1.3248974514365424	6.143964975827188	-0.6087192844177494	-1.6390949821892355	-0.03837905487505331	-1.1415351139070853	-1.4090958266276519	1.4621705421665474	-1.3491149754068756	-1.3233371815325181	-0.18274049366543801	-0.566684050938412	0.6502124418464382	3.010178226359755	0.6501403018602818	-0.8410076480496098	1.2393120043141093	-4.663488630224293	1.0016736843691127	3.413127346426784	-0.0918381268219526	5.134609472888095	-1.7139241485805357	2.086243520971717	-4.434533023428936	0.08246818823436555	1.439238923510771	-3.5493121133831016	2.3629252944992243	-0.33880784066081004	-2.0644794493980676	-0.056568047608669854	-0.18027394888744525	-0.9057481618103352	-0.13195039784435514	-1.8808939586906974	-1.6885652082788776	-0.01879890355924214	-2.6909806731416057	-0.16671830923538242	0.16122902248565443	0.15422423983135278	-0.1593302466631679	-3.5693170136988925	-1.88709414018714	0.1960160309856581	1.513811780953685	1.7822290158724452	-1.028736770527037	0.6884307559278808	-1.4338916516501274	1.3681522582006498	1.6239264671622062	1.2119976351659638	-2.2491167604360727	-2.223149528790929	0.9398193976101981	-1.8904233022287886	0.4639663330279675	0.6854116861571742	-4.378887789889673	0.717419002823911	-1.9747895529226775	1.7178738872075574	3.115459125186946	1.4827044074254172	-1.9545700866742055	-3.2715601074206817	2.800559118041509	0.35050021743469206	-0.012349102615288078	-0.6939581915264048	1.424756203978626	1.7888764753907056	-0.9650709274319785	3.9324566294607983	0.8654556867446697	0.6858238311657875	1.3264172834312742	2.028541272758861	-0.4579164566387487	-0.15348933446724855	1.001923990753111	0.9725668361232255	-0.5713534684958144	-0.6066259055520516	2.0499163699303384	-0.09927056996131123	-1.2032056264331967	-0.19663348617447068	0.9445182595347467	-1.3107034094452117
DTXSID0042080	2.188996312097932	3.2610938516828445	-1.3193440197635506	0.19580795028275524	-1.3990723200702866	-0.22096297283073035	1.099882580336043	0.5484116587512378	-1.555453998546311	-1.729363687919201	-0.8877259295840383	0.8652014912519418	-0.30217617850923917	0.9235552206856429	0.18981577381717896	0.318839602487404	0.28748423103873816	1.1384238228585764	0.30196329630490665	-0.26741747986063175	-0.31435007013171223	-1.0229635510401367	-0.8532582134930179	0.31062674186090794	0.5034307055346912	0.7404154927070166	0.16474514766242015	-0.04215014415909597	0.0620668907091393	-0.01805176235566437	1.1209355545381856	-1.0584159427414277	-0.8432459542157124	0.8109448163961385	0.7305534669331343	-1.370639104519952	1.4820916219963214	0.5588138287308213	0.31099109501826205	0.2918890652521245	-0.38781432248463354	0.16294971003770645	-0.03845199657440485	-0.4151124547264095	0.019113004391010817	-0.09395385448839852	-0.20519569057068396	-0.7805469667536534	-0.0724848059164849	-0.21879151288277351	0.3009632370835262	-0.229644911529858	0.04154725289677584	-0.4123471782829145	0.09965268035847627	-0.3777158065265564	0.27115636285780176	-0.292762979807618	0.8094774155374331	0.23345594449202167	0.4785949923943502	0.527893143161566	-0.6684968822686757	0.1734659065751621	0.2897222704966963	0.30128961864328163	-0.16110957648567856	-0.9061932734339634	-0.38122608112057066	0.6954738871445959	0.44797102051438914	-1.178012759477619	0.11777552406324103	-0.05869476912823877	1.2632852688731373	0.49389156917727217	-0.9806359966200179	2.5465647638122504	0.22097629364731117	0.2375628562637213	-0.3871240728966512	0.019592028537409014	-0.13825664908658247	0.22777274788041485	0.47080903855162054	-0.09154880500563478	-0.21160928599610163	0.13841828417173535	0.7111316756895696	-0.33086334766468045	0.6043399259868093	-0.8216886712904742	1.0808023086452447	-0.12952354489285206	-1.0517362116769646	0.3900551802034218	-0.5497949692468899	0.30134690693468524	-1.66484092255043	-0.2688091697095548
DTXSID1027716	15.91870669573642	3.4401838320516096	12.332059667819694	-11.53390250305199	0.7086568313650454	-10.167604603163866	1.1206083111796714	-0.2584747418705165	-0.23479270035622773	0.4872929613711877	0.9943829388611667	2.4172945769825533	3.2738356173615153	-2.1469888391703873	-6.851726306132173	-2.196825696801306	-0.12693391602285192	-3.49828178384675	0.7919611851070996	0.6605570472140545	-0.9550934293917727	1.2266561931312732	2.574836500585227	0.5578959391266981	-1.5142893509024755	0.4691325542124607	1.6546795784040358	0.47687565694468415	0.6215694919887165	1.6013985311236623	1.4237058389082908	-1.8437363196210175	0.5053773107073651	-1.2631491978426195	-0.22921658085719684	-0.35024692427928755	-0.2520657031336511	-1.0395712036744333	-0.14010034490886983	0.6332908467681584	0.8542139037575076	0.32159355305836557	0.4135663203053268	0.8569663952550832	0.5435132566156952	-1.349574683900265	0.35660977678877803	-0.30189722919673784	0.0392448987260886	-0.20856444311228453	0.14841157866550705	-0.48295814140239407	0.42662278019262506	0.24272058573758723	-0.12276965197337844	0.6053113436528741	0.12861004439388096	-0.1913093466885118	0.7652403917890427	-0.27193721699021783	0.1562334829581509	-0.12452868181938767	-1.3087051481405907	0.6885906052592885	0.29499470604559036	0.41731736454333485	0.5016985744930045	-0.17647200369544264	0.12684505857746678	-0.5599334390763868	0.6261039201288339	0.41927650565738334	-0.26993692353542514	0.24278360229358545	-0.20387230665455433	-0.2702520737464362	-0.468660475698567	0.15018069247799495	0.26172424277938305	0.5319590378714694	0.500490679692644	0.9722106662149491	0.1445034818745183	-0.5150119917126113	-0.4266337401511325	-0.4311713523867815	0.042066643317072085	-1.1033188059741104	0.3194741671734716	0.3858381648259566	1.3186133732703513	-0.24691616011829107	-0.598101356265429	-0.6831401153474321	0.27284272074452165	-0.3940498760227007	0.8171113573023262	0.5189396317001349	0.2303088752039647	-0.05721655155610094
DTXSID6044779	-0.8771617735818038	-1.6860560507174023	0.656452648238985	-2.303819539801182	1.3581319138079146	-2.1016094748842353	-1.8356425318475604	0.6231917038449031	-0.5151479597271709	-2.119030854843994	-0.4870787251519916	0.07562484658026401	-1.4845327978094558	2.24841643503814	-1.271795174428501	-0.05693429054270119	-0.18642035549867353	-0.8382621140403563	0.5420383822653096	-0.2111473417744576	0.534832924179101	0.3973000781711534	-0.9191018338358222	-0.6770623655890766	0.8400330255407061	-0.43010198794884474	-1.3306399042567822	0.6176656327623019	0.09457730137172207	-0.7936151796654962	-0.6153166153004372	0.6846140992561346	-0.1367601528668261	-0.47767569509468155	-0.20324892314640403	-0.27401022646896944	0.10921422074633953	-0.0421369562156982	0.11137972179014366	-0.21841240813412896	-0.09219100263797181	-0.6379124110680335	0.16529037883751813	0.10099947988028468	-0.10094644969837777	0.056356542290475	-0.08532469156004985	0.5322092743315223	0.08789246446458633	0.4180353762482179	-0.15652408159905248	-0.014505248687158913	0.2590260164132624	-0.31231374094779374	0.2890633318551541	0.04428025643620774	-0.44090363141912164	-0.2187153388511868	0.11703379132910871	0.015090364730203127	-0.3976998193275908	0.17062691403673724	0.7627016643174328	1.000038159040687	-0.1708458870727435	-1.390642646117722	1.0317809492937406	-0.7249658093293149	-0.024433944211157937	0.3567378623490341	0.286884470532714	0.24660910098511338	-0.07514123964809984	0.20738427952038738	-1.3990539356800822	0.7284565830092333	-0.6255990268938535	-0.109308233791008	-0.4148890190556848	0.4055618338808603	0.3255415420631561	0.019170055231360634	0.6732814489318998	0.09206417752823214	-0.1937667520625977	-0.3402690154533784	-0.3149793907375536	-0.09145792680201231	-0.03400242090387843	0.6750175756263076	-0.04999309297211889	1.0618480830705195	-0.5712320655684515	-0.09084072624587478	-0.2663874947120414	0.41932321343309564	-0.9016927309669502	-0.013090697567337259	-0.28496416093002985	0.08927161873694053
DTXSID9048807	7.115770182334064	3.385018900231754	-3.446798136875848	-1.480550219497207	3.07850015724314	0.8245597064399403	-0.9053681596077642	0.23528312923996736	-1.3057329707627747	0.5213608211147084	-2.4225857390983427	-0.004397016583862707	-3.9359170204967886	-1.4600904959114898	1.9741996834157163	0.3917725633268785	0.40972014211529345	-0.8734199282423815	0.6244951606577088	-1.6546580362217065	-0.24480150455953875	-1.4996180030276531	2.4363158107836074	-0.10310830743627751	-0.5682753227500846	-0.9178479223451204	-0.4282195080699717	-1.3721374848428634	0.8203628526405897	-0.16628287195438987	2.508775458753955	0.5324152561924048	0.19282279406238004	-0.8472679147996101	0.5373128325927226	0.8380724603478156	0.7704181993781833	-1.664600203973597	-0.3186244397572566	2.456125215770891	-0.710223433907248	-2.8521849838538675	0.14396661545586306	-1.1303091654872262	1.2437789779781678	-0.260461142159367	1.4643163121570753	-3.568954449723349	-4.328278493359008	4.251659208336884	0.7531296669305115	0.9554994854395142	0.04712416255108215	6.263109254476813	-1.1332233100958802	-0.9695974088055678	-0.62774758490433	0.5885609639857573	-0.7456617317568596	-0.8874153794684855	-0.1799133099218447	-0.20467193659688007	0.15407113975665798	-0.6683125203475702	2.2743554873293625	-2.5484467195462526	-1.3276618112043874	1.7654802847839215	-0.11552379983275403	0.12307906925295006	0.3365185827230006	-0.673761024891279	-1.3151227587656775	-0.8153769303287923	1.7894231324901353	-0.42247860214509775	0.9796867915847673	2.1038087129856553	0.6254125590634616	1.0281464431028813	-0.7832279638250127	0.273288260708894	0.18993020846662745	-1.103970429873958	0.4651505214100092	-0.283897128021708	1.1062505514209773	-0.01638158396560722	-0.7543790193148701	0.6057091152590175	-0.5910922028854855	0.7248911982665669	1.190367948645548	-0.9068897070401324	-1.0373534000179483	0.029402076764487375	0.09986224705431646	0.5901724962450938	-0.01801884011538475	-0.23124334185078843
DTXSID5044289	4.967401881709148	2.1694681622946113	-0.8387465032269185	1.6478347859696942	-0.10367225263116785	-2.127823533579146	6.386485591133305	0.2132928591745618	0.4510659587314267	-1.5422434538370167	0.19888642986960958	-1.1798526989418139	-0.6146452822360474	0.23008897963061017	2.0199092675787744	0.9818516093552228	-1.690984529008177	2.129298052862539	0.39104504691091574	-2.332088122710826	3.6219852169674347	0.47564197997726837	-0.7501824424445667	0.15893290690103454	0.9966359185674997	2.4273347542401162	0.5121421796002937	-0.31827432140566897	-1.4135719970169471	-1.0862697972789952	-1.495102622132807	-0.2548442042546728	-0.3728155982215038	-0.08462727909184993	-1.4588984276241528	-1.9359783459487665	-0.8653540736118206	-0.4754516912246525	0.18444883382243174	2.564544013620345	2.114332749665282	1.1133035322106877	0.8478893245264854	-0.22196986477013503	0.05795522269245802	-0.2458996050827935	-1.2188786504136386	1.6416657063371778	0.3783227061840829	-0.06531316764074385	-0.0398259396613831	-0.6504821308659625	0.6899487464147676	0.24143531344875138	0.27234468966288145	-1.5329382755139764	1.5524040764103633	0.6831554586972063	0.735732803768454	-1.647116861040824	0.37469445351288916	-0.9891790598737147	-1.397851967448897	-0.094344766543927	0.7847630703110661	-0.6141413641092478	0.3456366682682441	-0.6519054234103661	-0.9202663035904757	0.5816449452683806	1.577207832038415	1.8132697044940218	-1.7724336090467159	-0.5168994690977995	1.6726418904801992	-0.011627095897575783	0.180413627413939	-1.2503666037191867	-0.06925162949284452	-0.008864190170093388	-0.041200986711892616	0.11122832206175014	-0.17441317053518796	-0.20752928252584368	-0.7148117800271322	0.3952302305370026	0.026085456139890408	-0.1303273583511236	0.35239344927201166	-1.0964032707912295	0.4161759168512053	0.9475472827957991	-1.1429709883272545	0.47652427218151117	0.2421678152767538	0.1272921081232337	-0.24942971161880423	-0.2541333352951235	-0.2550012819512811	1.0020790558838306
DTXSID6021240	3.822229198952303	1.5493093599586687	6.576042200107946	-0.9271181184514417	0.759510432898303	-1.9608395745620897	0.24309615525347103	-1.0460072749633107	0.22879555851984265	0.35268364722909057	0.520012473503383	-0.07253951805889411	0.12533290419545262	0.2082257124403673	-1.1924413694744702	-0.3305499589605284	0.761753186293642	-0.5606497933167226	-0.3064452959098053	-1.1253085988557783	-0.6045087608245292	-0.7143796517074412	2.9178438153335344	0.19936670493096034	-0.2143914741208147	-1.3525570101115372	0.31346871849478575	-0.37736142971806164	-0.35437837405216516	0.3110879589237982	-0.3298667308360948	1.271552243434363	2.1816767764642058	0.15025400468736166	-2.9387867122663938	-1.5879769485805912	0.8107974337978012	-2.936285257628586	-1.3573982593987504	-1.5022422293273006	0.7320121223908829	-0.6617625171461896	0.6207252290828921	0.9376749739523891	0.6097471191543545	-1.8469526625051016	-0.9958083499590332	-1.0184462042112883	-0.09580004580826815	0.28428152189046746	-0.09775459833129416	-1.6942342239147217	0.5289701800913414	0.036008865481703935	0.16545733198323645	1.360771478226149	0.4964761361633523	-0.47163062675807055	0.9017608267093122	0.9917978709147632	-1.1655849483513567	1.2108174517448371	-0.2626344366785045	2.4300430027026154	-1.7869891757693706	-0.40005590411015907	1.9729044609558641	-2.086732418785684	0.8219270693599692	-0.890013149636413	-0.786524439465041	-0.7137405702827601	-0.01531467712062743	1.201435168399549	1.7843796649803276	-0.9932931753542622	0.008722100353279293	0.7871276530795058	0.6626393905521366	0.3384183780538052	0.8595403788901924	1.1805162236904607	0.4571222152511546	0.1802923308513539	-0.1908442728015873	-0.08206856246063818	-0.745282066647149	-1.0345334539533377	0.36193006019182034	-0.04076712357057996	1.3523354125917313	0.48035297779001573	0.09585970631335852	-0.08085663662814586	-0.38284534173974094	-0.23818119652791658	0.35611114385099385	0.18717331866144765	0.057406619907716346	-0.10911548889673713
DTXSID1026796	-4.090621398125807	-3.638579822701393	0.35560343998366023	-0.5541317113022818	0.5801947373358535	-1.040326369180796	-0.9955879690143472	0.4463031953309074	-0.7834070720501247	-1.7599348298042117	-1.1169585568110647	0.4303816538189746	-1.116965044021887	2.590046445577495	0.24679065136435266	-0.25308867548679204	0.10205220914358198	-0.13177520762891856	0.9172374261608081	-0.7376684864694117	0.42850752306893997	-0.40180905956689006	0.2167542364417077	0.12503931971862095	0.2285583807900484	-0.39299192385094317	0.36634185840458433	0.345656652413523	-0.09304362095909237	0.10372799083268099	0.4275913113266139	0.03272199625362461	0.9931038070045232	0.10946541902397813	-0.18129708214198204	-0.1693294674163629	-0.2608059900538084	-0.22382567590969515	0.08180722081439434	0.048719183235735215	-0.2632966177007086	0.3405354288573492	-0.47746820095835224	0.696538056090166	-0.9828194376080874	-0.02874935398036802	0.4079148879590374	-0.7584254897686816	-0.13922095376261284	-0.5572405247315946	0.147824586876448	-0.1347273244489367	-0.24102881751173869	-0.019981885966963292	0.34193757083213455	-0.9381399989259568	-0.07744811095657661	0.3363352201660389	-0.041919529404079205	-0.6089128181456134	0.37553542524265104	0.5359575712638115	-0.0042484656503985994	-0.875801305693752	-0.37419720347214774	-0.31902806893391006	-0.10188784307535985	-0.18622629215156936	0.4479353113499134	0.06215284381241369	-0.4064097428330789	0.019047978625850805	0.9012410879432686	-0.6141367454546898	-0.45420363759757304	-0.3727916897473786	-0.40599251799857117	-0.7602061619924887	0.24971252420876777	-0.10850138724174783	-0.05432719209474911	-0.037886985712291876	0.6193906823009163	-0.37462555677230625	-0.17983271466891806	-0.1202520778354723	0.12761253788674115	-0.41192679337079335	-0.18602899643709678	0.3253777116012703	0.49893285944040605	-0.11801872098276882	0.012649967891511257	-0.09090975721994471	-0.09980529143344351	-0.3829863726134686	0.5096813416266902	0.06865215094588538	0.12888894866713813	0.2389781914028445
DTXSID0044868	-3.1571182699235028	0.5940415450640903	0.4898610945145226	1.4124746131187544	1.6344296654713384	-0.7965065226896638	-0.2893334313984425	0.00206307510505307	1.8617863265225976	0.7986635537661143	-0.6238456564700019	-0.4952883918310264	0.22303731507974733	0.005658556503401192	0.6823643831765996	0.040000588216422155	0.506883118431566	0.4004676860405167	-0.5948002458198758	-0.8705549023838834	-0.2455996625073173	-0.6199060623672114	0.8954690537666232	-0.010493160139421106	0.9975651230014169	-0.43216005067453594	-0.16921871307344283	-1.0605462907351968	-0.4992880710063343	0.39166029527411955	-1.3580223468663628	0.21253351059241343	0.6160373690985101	-0.043018641998990505	1.5180367702192255	0.9622944251075652	-0.4501408866773828	0.31119744032565605	0.3023402922973407	0.34747943926406083	-0.07624611200946504	0.2964463200301955	-0.14082369779568513	0.45205232449115595	-0.0019520033573850659	0.19760184109510173	0.40818293353822305	-0.2808599633060357	-0.016176918211886052	0.2534220788747976	0.3056821710953617	0.028436265636441957	0.5045377848110736	-0.16074567627465192	-0.007395412045550874	-0.08362721385439627	-0.44363657113612126	-0.14858346398228447	0.34157192727092717	-0.08641434531674068	0.478878497387063	0.2677630185568477	-0.25673510959352747	-0.05841525669404766	0.15844500798632116	-0.006931266086873154	-0.01127188877310794	1.3514112783454502	0.5166624539374383	0.7560342986359337	-0.074205473689975	0.5052817351336155	-0.6622264687972613	1.4524089014571644	0.45178940950002494	-0.2748869024262862	-0.6550390167760288	-0.16297843271986254	0.07048546291918231	-0.26493589538486495	0.5161777079340498	0.6107695291365808	0.49369135289427235	-0.3505162007160975	-0.3952866614869011	-0.10275880974088533	0.6391093202535972	-0.37751833221561015	-0.17975675113815473	0.16823042699078286	0.46537647292621137	-0.37615018023043406	0.1059999683240814	0.14555213160456532	-0.0942293214233584	0.020629326016520465	-0.13618407198761678	0.029095261873128386	0.1571321956087079	-0.5700041615197555
DTXSID4048852	5.969059141236023	2.910870127711546	-0.8018562958699413	2.5549533784032454	2.2282325502614917	-2.805853409265395	1.3240690092711278	1.329581253209912	-0.3304711962745119	-3.7061844049146955	-1.5219659457521502	0.46170113277068286	-0.2877321692584348	3.0232277615954595	1.7076835669083539	-0.0614891033404978	-1.2021176877698545	0.40129453147204835	-0.28045456290973453	0.010725364947373271	-2.0104127677484667	-0.712628365825967	0.6251085567503157	0.2830754974704035	1.4511492660363854	-1.1612319900898729	-0.2579185071026885	-0.571062297912773	0.07078915568879261	-1.3423779266153635	0.062310360450534	-1.4693320654289734	0.58710404842113	0.9787409272403791	1.404613502877702	-2.8155574161177603	-0.6711888561435319	0.10682185150529333	-1.3895467942062105	1.0999928093427034	0.9634345100664388	0.1712930327586781	1.0493785657283725	-0.3843317727211662	-0.2700435563176411	0.2799817625641947	-0.24792881146755555	0.01289753627468569	0.5188055248909311	0.0343194332482329	0.15007342285909167	-0.931251219596294	0.4470850589680611	-0.561466121195922	-0.11878222119215218	0.2555602501967005	0.24568899420410642	0.9265711879193832	0.33326492382283257	-0.9451356120339384	-0.4862026647550613	-0.6695072348520154	-0.38785447564398445	-1.1929299167441938	0.7473343089233379	0.5707617765978352	-1.068463986778062	-0.19823237799205295	-0.8148301138978828	0.06315678139848112	2.5407069695730593	0.6001010445832654	-1.33894115402584	-0.5035366198858234	0.545821090946909	-1.081478029627162	-1.5365855148582777	0.14072515097070354	-0.5953718354395274	0.4863629479698738	0.45087789418343227	0.4825533365467674	0.6660115404540604	0.23104515700508568	-0.5704980348707038	0.2574849416878219	1.056396799586381	-0.03533465484454397	0.3628567004868173	-0.46484209446704144	0.3654538249994836	-0.1723042536946303	-0.40789901638271486	-0.5708693508562876	-1.0779392681002737	0.8624587732379212	-1.2556530206164738	0.2964267905274477	0.24295197759992382	-0.45982498908520764
DTXSID6041503	0.8739133702755918	3.4336422562997346	-2.872289832775679	0.03538735264909489	-0.709467517344828	3.87906609904009	3.635881572744601	-0.2865093926386572	-0.7253786297286602	-1.7511741768991447	0.9629004273060888	0.48831119955538765	3.036004112690865	0.8635361766258277	-0.946425740759125	4.912805944369916	1.8104950287273336	-1.7911185023286103	4.373251139448682	0.06361161692572491	1.3810978203738986	-0.9600527024377506	-1.0692596977575726	0.9193602529508034	-1.5006665693128018	1.2412247879980063	-1.6971691635320054	-1.6795296451961441	-1.7672899024714646	0.7844241866345572	1.145610109283736	0.011706546032198867	0.8548706255293406	0.15756088247045988	-0.502601299573799	-0.3688484982864096	0.16388821851755925	0.5971586409133359	-0.28143835992188665	0.556167867383982	2.051341171597504	-0.42378354659679307	-0.6392869706190164	-0.15188029736010228	0.21412504944492053	-1.49672768844435	-0.9926014243019574	0.6965254991852197	0.24138505187742657	-0.2570165150463395	-0.09693061259919972	-0.5741213658340336	-0.9166712550992396	-0.06837860313658495	-0.3675638982337674	0.5827048562296304	1.5319493635442907	0.27477515136945846	0.9157384190261935	-0.19647575115983856	0.15201108588883055	-0.8829832665504228	-1.2788497470797906	-0.2308713370683358	-0.4386926776591649	-1.543858702323726	-0.21220277050889927	1.732156921259911	-0.5410589146340851	1.203748542344787	-0.8510290053553463	-0.037765382785165794	-1.3439043323253121	-0.34705381882457464	-0.17390681782264247	-0.04525517712808449	0.5165296281679528	-0.1844744699664725	0.0262275336534815	-0.11112926725165438	-0.16525172619874823	-0.25959944217068887	-0.23420732203451836	0.24397391950820688	-0.039929857848171824	0.8660668596959098	-0.060313284938998755	-0.11875242683736015	0.05886613596758795	-0.4324019657053221	1.0645378457846442	-0.6016692800309907	0.3353150992011495	1.193239455643949	-0.2018468325083968	-0.2132232078620927	0.9409660960899071	0.8410754542149228	-1.060473881532698	0.15947351609318658
DTXSID5041699	-0.8116847649418117	1.7632133593132537	-0.5530026901374421	1.7100398120061748	2.6875161546188173	0.10272735560499031	-0.023238981539811954	3.739020096444696	1.280697467451057	0.6921095219429985	-2.7238997798979394	-0.419727590987418	2.3932146595478008	0.4995034226100896	1.2742910410133825	-0.31327916648073045	1.380538284113166	0.5776331562900028	1.406474959962826	-1.2340167695592426	-1.7257961140721978	-2.2809328239608897	-1.3398839041107875	3.128924007895084	-2.206230572691978	-0.6569421347888391	0.5636122970652137	1.775282661233257	1.3340028227286396	-0.6501955605986961	1.102204165051053	-2.12647742919972	1.7279313146223516	-1.5646265619463844	1.9527788842774245	-2.036477034975538	1.6409060269375224	-1.7916176549497906	0.1300658615975116	-0.005371231501624182	4.089949387611695	-1.3425944154185199	0.20068360828425286	-2.4996245067523257	2.384751222733837	1.8176624719098968	3.3571673295664826	3.047411205120922	-1.2686641909495553	1.6070360966648438	-0.6501907244259023	1.3475351707752947	-0.443349095781792	-2.480046633750439	2.2664676186128485	-0.5017779862158821	-0.38750789208656794	0.1619433894499337	-2.8032280596165746	-0.7599919380815814	2.196044057291997	-1.058114137913565	0.841059776064123	2.918725896698011	-0.8111252758076902	-1.4321193152751008	-0.9738970481681354	1.4423347144415104	2.660474841475389	1.8476734273681992	-2.0660818858323124	0.871000852298966	2.922470060636447	0.28057569032388646	0.9468508216207323	-0.4492718586559898	0.2235514338299913	-1.6783378191841922	-0.13674388432010534	-1.1276996762202134	-0.4374014309170142	0.42279534926233636	0.25395780478604274	-0.0847316863909893	0.45081433383510777	1.1446038407232482	-0.9818273537062742	-0.7303026082443523	1.0157503165499568	-0.4208502051440306	0.18665104370800642	-0.7229149874267367	0.901802546333608	-0.7094843078690954	-0.23907641023050347	-0.14423668720107075	0.6214073381382532	0.06136342685885329	-0.04137581179197392	0.45117059737310977
DTXSID7046411	0.7495516201904932	-2.0629268553611553	0.2753130351536535	-3.789068995180194	-0.12764554719937207	1.5800711694932081	0.5246163433583937	-1.082499950981129	-0.033188935917862615	-0.0024893719475835305	-1.7422816652998774	-1.028517537767536	-1.5894824871848334	-1.1784694272165759	-0.9593347726465921	-0.9103003874819826	2.132123467789034	2.510411873212602	-4.275314442646351	0.5426792323523801	4.081266620953843	-1.5880609713690805	-4.003759970142682	-2.139902687501895	4.177542357617555	0.3457137521159468	0.2749976409991624	-0.6740426368829494	-1.0361010990899195	-0.085689280146659	-0.9735232953597871	-1.9771328572165054	-2.273985046808876	2.208305806583097	-6.045034211271734	-1.3000263419426472	1.882185908288241	-0.057235616032801896	0.20619264788045796	5.09595144522547	3.28423065134372	-5.9053832981782515	0.13069504569046467	3.5252635885947234	2.1659201157921504	-2.9978385836549877	7.531475938974813	-2.502611991288477	2.933908813163296	-2.1821761582175805	0.880099362249653	5.831902792061737	0.536374021358906	-3.8449171054202793	3.7544655158380085	7.197959765729142	-0.5735614397769131	3.7512817483345517	-2.9515803627776136	3.119888638636809	-2.233454658283512	-0.7740329858893567	-4.112557379187086	-4.979489470659124	-0.20623570048764006	1.766867113117415	0.12180567875716718	1.0908911599533744	0.7676779034719623	0.12424448683765937	0.5675182992124898	-1.1836429472776997	1.0914215148609387	0.22760928691844876	-1.490167293528406	0.538056624330267	0.7497653811422809	0.8837055024473369	0.09198571619012734	0.47263880005190634	0.2734788610341793	1.148562665727805	0.4473631326527727	0.008049302930608144	-0.6675806870809434	-0.6405682416140629	0.9471141722375215	-0.683367447115254	-0.8262085547874013	1.0378692869518105	0.034191397601196584	0.813227003916402	0.692879317354882	-0.24092626669089234	-0.7733642855483811	-0.8701974900688946	0.1785245749466445	-0.47143199267374397	0.1610999617476607	0.14176568100333986
DTXSID7024241	3.626215569943134	3.471045336262785	-2.894354714304496	-1.750099895756123	0.27439515430088196	2.984766926345914	-1.3989289966303695	-1.7767441019265955	-0.19697094421827224	-1.343526259213749	-1.1118002725466962	4.857335287934289	0.8325549511027387	1.6115634667200114	1.134440863778203	-0.5027026491427489	-0.16593291441563146	0.03437085284838758	1.911111565091307	-0.31802447333384287	-0.7985616612379004	-0.30836778119410585	-0.4276349408170625	1.6370336443757791	-0.9086655523931004	-0.49410505593948884	1.5338825158355214	-1.4053042770809194	0.21853928457436175	0.5264250986858383	-0.41620665219137815	-1.3255894548523155	0.8744431850779936	0.205082751030683	0.6633176642233755	-0.5546145533153312	1.5038514741975382	-0.6855534444880462	0.5592210473418093	-0.7513726026079105	0.6533236842786543	0.7924156620938164	0.14892793485123718	-0.3713419601323626	-0.3118957680832428	0.0961271252373238	-0.7240699721058348	0.25870262014400475	-0.3202113335193663	0.37201621634898857	0.14378412501134522	-0.006600770042641395	0.22021933715075853	0.1996056746260411	-0.015513542252964054	0.8411280056913402	1.1447804729083855	-0.2322166077005623	0.45362827298643876	1.2458746486502572	-0.6086448048782284	0.5120076093768907	-0.3953310181236004	-1.457536826125177	-0.19303206218772007	0.9264718968832557	-0.2509340229166363	0.18402081837828285	-0.9099593929322399	0.39383253460520035	1.1476839070556775	-0.25605831903408965	-1.0596570032046082	0.8401370987893729	-0.8828330908323716	0.3649776270088116	-1.0436354529759104	0.4748313376623633	0.3573472232731674	-0.5121883530922162	0.21247416550174647	0.7878116845439633	0.12390678386204394	0.24866688625799058	0.010524024365089235	0.22218034538587517	-0.648251674714922	0.9033228902881554	-1.2935409191973501	-2.8901207848796138	0.6429759301154484	-2.383816055155763	-0.16010298015058577	-0.4204705467741292	-0.8840491004408165	-0.9231920215680218	-1.0461316970521555	-0.7327353914178211	-0.008387036368847895	0.23858442918066147
DTXSID5044865	3.912776652901307	-1.4550413710187824	4.295923873472351	-5.5857159628648265	-2.3406493417207206	-5.423610474031451	1.0587268252612556	0.02613700005373432	0.3220545829382471	1.7525479463887734	0.8088447389225316	1.5784163619033738	2.4066653937959064	-1.4903783230794319	-2.326154078502532	0.09039567213846461	-1.2094858213348747	-0.10214581668132207	-0.7326670824287701	0.4880037415305703	-0.32349853512452126	0.35001339463124526	-0.873982811866028	-0.028851882105294102	-1.7948744043240794	0.9060050765437772	1.292148228413863	0.6100609706588009	0.7393116822993322	0.1838619447396319	1.5561981305617527	-1.0748768701153	-0.8054740549681455	-0.9844885440673039	0.27126572171344476	0.7848714890817351	-0.6992051558081602	0.72579402368886	0.31718064775939353	0.5429081730059456	0.21561438419238674	0.35121665242907246	-0.04966901376443179	0.2982729026898596	0.17849203148055903	0.13350297539749806	0.4349447276955337	-0.33881898700699986	0.11403299912731951	-0.386608755477431	0.06851133607208533	0.04388915216168691	-0.11862411495962416	0.13460450297334625	-0.28873023087074084	-0.11987870450116563	-0.2298776139417885	0.15907889216526494	-0.11473694148635154	-0.10932620169616804	0.2518918168735005	-0.5071525711278293	-0.488144846388559	0.13186351743753952	-0.01287827165224714	0.40058278000569764	0.021980613752628213	0.7414538604372802	-0.013677858139899147	0.15006807325620963	0.15335889984464185	0.10990935270537619	-0.23132653421646826	-0.0678703960058676	0.9214661449254373	0.6004251870457048	0.08262329021825378	0.9053388023333802	0.336222065272403	0.4779768058313987	0.347361018987138	1.0366314236281007	-0.25142496069029857	-0.13693275873813265	0.4473495519129036	0.12365944598490954	0.047451450680756034	-0.37554972209850207	-0.04952358254226269	-0.31019245202605367	0.15007048604402243	0.1111480048833748	0.6402490552546599	0.165043625747541	0.5131757324256043	-0.5870926306956107	-0.04680850651771298	0.12261429804750104	0.4899118506443076	-0.14540124478485822
DTXSID3031492	-5.785334640984509	-2.806169845528013	0.8057553239704184	-0.4126168058360015	0.8827986521408809	-0.43792143321864496	-1.259049537409696	-0.41713905222231956	-0.13127786542385977	-1.1894109375969308	-0.5157321269680807	0.014976958795515782	-0.8618016078143789	0.6302069085977448	-0.5616995333731561	0.06391613247645832	0.08628712605517042	-0.5162819508400018	0.211791636282491	-0.17495779738790007	0.40100087115491456	-0.1410408363260143	0.5864808491515136	-0.4000548140398033	0.41696092748150204	-0.7362687003385265	-0.6891424774544708	0.14211524471933856	-0.10508603701968516	-0.10145570744075962	0.09312748484657012	0.4149259309228523	0.7434406060857164	-0.2572978784561734	-0.47988224413086666	-0.32338632782909565	0.24097845018773756	-0.41622322830164055	-0.2325866137167538	-0.04374429934079706	-0.0996425089889624	-0.21029521906617027	-0.2598376759745859	0.1309262108911951	-0.312564626697074	-0.14240117529643245	-0.08054232538774558	-0.1892231626418803	0.004488823973487889	0.20708083598651955	-0.0372381458123563	-0.31629555135485715	0.040664522112667564	-0.019316431013094437	0.05351252427027215	0.29611802086162065	0.07374684861004344	-0.04471727734654189	-0.02392614369967721	0.13330030841857904	-0.06291464139883629	0.2795111760150973	0.6809962084979039	0.5338086577893577	-0.4066060483232985	-0.41954086511698896	0.19834948909414438	-0.604934231019992	-0.022992507277788406	0.3848092953371884	0.07860257383820161	0.31618382327864325	0.0577136194467732	0.09712167113543282	-0.6929873478825995	-0.321110492996623	-0.4586152907759017	-0.001707126286717669	0.14391749697302697	-0.36568587822603393	0.355069926477046	-0.31004008206410055	0.21956168396869005	-0.27905925571193163	0.012879503598461252	-0.07016737705052965	-0.056009581137044066	-0.45654594978682417	-0.14297206344460453	0.24315609610769998	0.23750930941661627	0.0592720445754389	-0.12502874170586295	-0.6088544573398035	-0.4635199027851815	-0.7205443912303923	-0.20839518754443007	-0.05667198313722674	-0.34595931125166307	-0.08350857391071839
DTXSID1041689	6.230075998170401	2.4154683635232352	-0.2986605881486608	0.5850961311045073	-0.7150174893761405	-2.0424094533992823	0.109860374902525	-1.0408968530706981	-3.1881398646468795	-2.980544747001568	-3.124577570709933	0.6082487056647654	2.0183197076920485	3.6421131964278834	-0.09762871887353525	-0.14124238168304135	-0.8915706251441696	0.4814139805090088	0.9696228179416702	0.8224532250479939	-0.7376423125984689	-0.8286803900371109	-1.6851907391861147	0.3893184132140946	0.7950134254129891	-1.630637717986271	-0.5464424527610491	-0.07043474212643959	0.9189960275706546	-0.6965357064193325	1.479644939281971	-1.1687803868645414	0.25799182163575224	0.8709601242474477	0.18854253287855527	-0.7839748654405343	1.6288587903679017	0.6078634008710955	-0.9391513635513373	-0.8956004863076404	0.3980817060331661	-0.682897995319811	0.2954222044672039	-0.4413417530918609	-1.0879131973701748	0.5021069137634714	-0.551860811275936	0.19436643762957942	0.7441196973317588	0.34484694204970734	0.16057727954106116	-0.25107066873485545	-0.344627667978719	-0.21879465926062983	0.0962887939010798	0.6762289653564804	0.3433656875235271	-0.3187298499277999	0.5952464000752383	0.0008406039422281249	-1.4780160770868747	0.26773867773994503	1.449662443262189	-1.3177844213091616	-0.7191388775189227	-0.44588056933893894	-0.4045383382429439	-0.38815144020889586	-0.5937876570356169	2.4946274635318177	1.071454981773004	-0.7378735672668048	-0.3546474763099725	0.1824828392527469	0.07899507140777437	1.555201569126153	-1.2663104482210708	2.372508365766865	-0.4169814689001982	-0.7189399599927913	1.3582972586457824	0.09686085595367737	-0.7138461674840623	0.887251150013212	0.12441292429722159	0.22554034545729346	-0.34955678188836264	-0.4317681997169483	-0.785235198851557	-0.6010923598426808	0.4758750052789773	0.5474983707479455	0.37845818656421687	0.6561390572198912	-0.7355844149165982	0.6188610104184196	-0.7583273258486304	0.48763931392460685	0.23206752880230488	-1.0432433894389936
DTXSID7044552	-3.0062767145036977	-3.2645273973908004	-1.3620655420265908	-1.211819303247145	2.491499710920059	-0.29908689046435766	-1.7205091765867646	0.1511284970555147	-0.12690409151001975	-0.2880820555103781	-0.2589618774582489	0.35153845586828764	-0.935728092486447	-0.35128776651451654	-0.4859009790613107	0.3116838416036678	-0.6987755928521917	0.34425342623316624	-0.32645119687216323	-0.5490127240839944	0.6470795531078817	0.23646631763400355	0.07829057639245855	-1.012598110227717	1.5996870298137613	0.08064306475909633	-0.995808952369551	0.3863390427152116	-0.36878047172802675	-0.05040853728575167	0.8947664930177143	-0.15043114489491827	0.405220144680763	0.25346252360335403	0.8137362551294873	-0.7693530048340766	-0.13325383516511335	-0.1480892249160275	0.14078221611170544	0.24521859491106657	-0.10773390959930564	-0.32269535653370846	-0.12069660101898116	-0.3499760350526517	0.48324700358729267	-0.0835373308913798	-0.36099176339209604	-0.09516051252995929	-0.06905265693507613	-0.21298783827779783	-0.022994040195605914	-0.3364510096575655	-0.0009473591764136564	-0.2221056613360453	0.1233451996079998	-0.4931881866792547	-0.05638982950589503	0.252828478379693	0.28751959536644134	-0.04790433804925344	0.08243305280111714	0.34920761177462945	-0.23947434269951	0.5860725701767562	0.5234315823038446	-0.039491747895256876	0.06917180639238908	-0.053222371276660387	-0.24330953208750716	-0.7611045187437441	0.31170286756956195	0.15108671954431102	0.18994275067634614	-0.6005788739198149	-0.7092445219443343	-0.7449260536370583	-0.47637458204253796	0.8831981017578576	0.309771714768749	0.7291350884292412	-1.692675870858293	-0.6335192275148287	0.591515667775959	-0.5251880430579746	-0.6321317288844633	-0.6431035407346155	0.3017960605280746	-0.013420518728525814	0.01762283057856955	0.6961507502207332	0.2948641015497014	0.006520187711179609	0.4007851940284349	-0.4410322136066096	-0.9007899721209711	0.9775803620380359	-0.44018106606777635	0.5093906541611178	-0.6377988991185322	-0.6954096349653409
DTXSID5020813	-6.052801061051565	-3.320932299495655	0.3825174073418776	-1.8559731490839715	-0.8466369518898281	1.6534948322680088	-0.4240348878125983	0.4866389193905127	-0.6374710513144612	-0.4495832810818888	-0.7894959822332762	-0.7788645133069096	-0.9744747057397783	-0.8819201451777986	0.7644824230059911	0.026502886347470635	0.3223070932326705	0.20493071543021057	-0.0454098568859102	-1.0812646261515908	0.15669291204028396	-0.8431778582748989	0.6318722828558235	-0.301247433963687	0.18338298685239376	-0.6614596215466334	-0.289070057230546	-0.7459852883330376	-0.4001793527934154	0.7833743025571438	0.31713151681900803	-1.196140557916133	0.3809010019041163	0.419842458796595	-0.5726985792576627	-0.6821744648978438	-0.5522213611958683	-0.011320003030593509	0.11209417290963619	0.3901095129115702	-0.5785362826515783	0.38675058001394524	-0.6693029900580374	-0.11334232570820833	-0.0906203487213903	-0.239763683948724	0.47100593470459545	0.02508133216618256	-0.2961837441053606	-0.06660104602912761	0.002183941098849938	-0.16954031406773493	0.08438478618584466	-0.31421237676291436	0.22314365236954578	-0.5913051437256959	0.42914652972968836	0.11359791195441833	0.06067854182475323	-0.00980561158256637	1.3466774453106838	0.09884329956351524	-0.4727118973369562	0.44951273005798636	0.5809125406476134	-0.04295217425439833	-0.2441242162337765	-0.6027375247162343	-0.1826544076003943	-0.585337193214141	-0.7181855094273885	0.36147774597942556	-0.05047213254386684	-0.41328006180330473	-0.7777966495104082	0.12046924783332899	-1.5298916812089458	0.043178642158179764	-0.5760863692947487	-0.5723876463630785	-0.3746456084922344	-0.8328973201941915	-1.3559262388761264	-0.508361902180764	-0.6018680981457024	-0.07288398151032084	-0.4782783219385521	-0.38386255639656197	0.7171886839142722	-0.6977023157041389	0.5461281952179928	-0.021533301174945008	-0.4956236819072335	0.490513407744784	-0.7158521307508686	0.4016724697096067	0.26851831298566026	0.02333483321599171	-1.6047697790014126	-0.6907035585544115
DTXSID7041336	-3.0757664811745395	0.6069553084822538	-1.545416076742324	-2.459606337682915	-2.0431341984662366	3.457002637271181	-1.6105420778959731	2.2752746315872656	-2.6157825834271264	0.07930352517207402	-1.230391127135731	-0.7116064412539604	-0.928380991985931	-2.217815482664728	-0.0564987649657522	-0.047065447660598884	-0.4439936462082613	-1.4028489185870003	1.0086097651170425	0.21366191937785806	0.06020618233415867	-0.506283610624777	-0.037354089002321234	0.5836447651923785	-1.6106324065487017	-1.2956271779888866	0.8375233326204777	-1.658979010061228	0.6812789858663622	0.2996847740771863	0.7017297520084458	-0.773231721869457	0.5565191966064909	-0.7847185215891239	0.6914100615089872	0.10784624250465114	-0.3239211491661682	0.10228794225768896	0.5627128019467046	-0.020668095602463847	-0.5697141681995533	0.12735066675578155	0.09408685952279842	-0.2047581900569755	0.21180455340869145	0.39798237970267547	-0.6498069996411899	-0.02516926301703191	-0.1164660812675567	0.5348687127091193	0.12657207820238325	0.04143006689172523	0.1737989062890325	0.25787357244875475	0.06820382080802774	0.4218974223186345	0.6634826359396034	-0.4462372785969827	0.2093338542027109	1.1504775709789876	-0.17110620413791108	-0.20400339917496765	-0.09652307518551884	-0.3210785715752593	0.3668104240193178	-0.005189598834080004	-0.38303689723830564	0.2696707720103355	0.5051705008253865	0.030218064071756277	0.942376515003916	-0.27492062062306927	-0.21284661291438806	0.34650017047976606	0.27462344775229036	0.19186585446560822	1.0879903765474184	0.3055129600976108	0.05311565536846013	0.542067807399738	0.4466873597490387	0.8180308992063178	0.4113957882873467	0.28167631462611	-0.24588042464336782	0.2629856958305688	0.17919432622707812	-0.6620932121157123	-0.36967215049460556	-0.5355483886748822	0.03162215998239092	0.4735195740530208	0.006937696753394947	-0.5241632910423792	-0.7189937176316517	-0.7256774641454941	-0.3708153106868275	-0.5003431967985054	-0.13519337002578022	-0.017031617812950754
DTXSID5034357	8.676256361814396	3.5781669765738444	-7.016032836541249	-4.3309820038235705	7.341493810479334	5.517311601115833	-0.8344007355390505	4.409611602663565	7.627992126476658	-0.22173524617528478	-2.3507214564052314	-0.09152079923803323	4.409958349624294	1.082264408264327	-0.4516688726804364	0.060701374811425256	0.5679635172774377	0.4276700513859997	2.5401840384638046	-2.3971661333450207	-1.8401009196989937	-1.4457619767827659	0.07957488997865267	1.8191955401869349	-1.703590356883795	-0.9372302844760009	0.012305955333146231	-0.337013763921149	0.34322699285770175	-0.1963999089234663	0.3472474774983664	0.3064405132051769	1.041060933523472	-0.24260236783935038	-0.07313798175888979	-0.10886878621355012	0.28222222358094917	0.5998630672517874	-0.45974933490436487	-1.2751269969366723	-0.9089044086884864	-0.6843540377972422	0.7536069214959158	-0.9905759894151359	0.22913278919588684	0.4047847269259906	-0.08418212310327937	1.1217120507570482	-0.39565762055838705	0.028635847316217114	-0.29373575704209687	0.47427969686660554	0.142452527518344	-0.28390620024387125	0.8698642767710929	0.12330772837033624	0.28309269671548537	-0.34047265361039797	0.03301911121757932	0.6799931357097391	-0.11810933172996571	-1.834909431686162	-0.6376502142635035	-1.2361581612115762	-0.23642948129573568	-0.7761758146426185	0.9376780446823644	1.0156012293109364	0.6950101475145763	-0.10888495891392494	1.1446796252257476	-1.6374026064268916	0.4741142850655334	0.36027435491610404	-0.739182052722745	-0.8585302226688873	-1.2548278614437738	0.415873968468046	-1.403850061401574	-0.17098124327327668	-0.8487209854249946	0.2295262804964882	0.9334885355307214	0.024913159346649148	0.043973029221910494	-0.9582027979228808	-1.4615559011892296	0.5387426714461752	-1.4282040662603201	0.4083343416949588	-1.2141647443060652	-0.7906817066245239	-1.7649438330747034	1.5107953263978784	-0.5659089955751541	-0.6129126433125641	-0.1109157695257756	0.18541228356820977	-0.31603435547797576	-1.560668120262467
DTXSID2022626	1.3246129636741106	2.5916809899196487	1.374805477521867	1.7469490594572725	-2.803325883913359	-0.02081899103041709	4.756284912298549	2.928496699955311	1.7757941183192267	-1.7107245402738647	0.9449419677448241	-0.1969847616595336	-0.7340874735934421	-1.045032302027534	4.262682394546605	-1.6317087823366923	-3.806548115156835	-0.9836178829934512	-2.3693105791740128	4.1140773874142536	1.171545603259901	-2.52347245361873	3.7450101249332266	0.048946384022337856	-0.5312832379456361	2.334467934483472	-1.8352700665038995	4.832057489783218	-1.2895376641214469	-2.059981014015453	-1.884454712803742	-3.344490825980844	3.307681241982741	7.802748876320769	1.4312691873224666	3.4095768652338245	1.94888656651824	1.7741327429407905	-2.5152862761046633	1.1650578106881178	9.08762654601656	-2.679892819993803	-3.320990331765578	6.678900481948372	-0.5958340754013138	1.2071886153483822	-2.4240928013876375	2.146103175818403	-2.413681932796975	-5.530705622480355	-0.18653478754009353	-0.48004002966872233	-3.5861925001947568	5.963167539420995	-1.6897538995050398	-1.5171016200676368	-1.7011493181437027	-4.0665286592654395	-1.848763094429151	7.68694252637385	4.8410017325759025	-1.4765458081712857	0.3190730632264511	0.7615832587143686	4.054373771318516	-1.060901255760568	2.43156321841167	-3.190602890785974	-1.4327254936144338	-1.0208363258534738	3.8987254764426265	0.8120960816093519	1.0471145096111814	-1.5502323472258417	-0.2804558406288616	-1.4658403202157209	-0.00041270625660761053	-1.7197126101650135	0.10260758163069963	3.3298433019311777	2.742201372713305	0.4437193827146193	0.33735481168460574	1.5283272718058107	0.8646729490209969	1.531853147489245	-2.3904823325816396	-1.291593493130886	0.6847121599446222	0.7776947020079469	-0.4722866265271338	0.09861661191632941	0.9330963515272266	0.03878606898736232	-0.0789770582214327	0.8329190336853103	-0.1702013041159148	-0.09800900811485905	-0.7913637147189448	0.40623727786946656
DTXSID6048965	16.628491192755455	-1.4073328672931456	-6.682787538851078	2.403788842722807	13.829473657097301	-5.584992056609771	-1.3954119505405316	11.858219435853622	4.412169719866355	-2.8975740628751026	-2.5003634078660437	-4.018197889086886	2.4947563612090646	-4.374331164988954	6.509567897097033	-1.400713213349231	-0.7136837829104592	-1.7415261247480782	-0.6732759116163971	0.5557694378600709	-4.898350603238868	1.2285813212622998	3.9688138400220514	-4.050351998202963	0.5008712010523682	7.741935306682895	0.5238980468204439	-0.4835495647098368	-6.944401479686938	3.580283793218605	0.8478696537681931	-4.699046572328725	1.2619449115643577	-1.4532799077348066	-3.2287574332679037	-1.4091309330138218	-1.209193524566268	-15.90521205081137	6.5036995772916075	2.1510839838348885	0.36211730314165586	-0.9462580689835239	3.3506508353806024	1.8211077323660647	-11.817362589057316	29.11505639878212	5.932865562869847	-7.994342591540575	4.374978095477475	10.373737873700389	-33.17880319190365	3.6495709288843723	-17.641122029414735	-5.307217068506906	-18.489648173331535	14.86674623817651	3.7645420269483223	11.386340311308022	21.472282703140408	1.8031495026529951	5.105099617951766	-8.074085297220979	0.8487392465902028	-2.632465197349708	1.066331721003829	-6.924202920419213	7.278093843884693	4.04125468791574	0.7637224701487111	-3.2573044856040814	2.3475515757263987	1.4095764755687705	5.7728861711256325	0.342745574426283	3.299417686586453	-0.49919007275514243	-2.033148164169209	-1.1895736644605108	-1.5181378568688528	-1.260664200253588	2.5189986132698925	0.18178050055566247	-1.1034235199469418	-0.15773738384323097	1.6886484367834835	1.7581479736291195	0.25401028479452303	0.2138351727850259	-0.03795875263900826	1.370868642941342	0.10263835052869215	-0.6064310295871431	0.8415312150031931	-0.95338861535146	-0.9276141436987604	0.5048723868985705	1.069998535221336	-0.6506869755142514	-1.6851680515559155	1.5474061309848723
DTXSID5049075	12.732433934716745	-0.17992722083006213	-0.8029835511490476	1.914332066105693	4.939671969628904	-4.768239767200042	0.7990480594783648	3.651806239390961	0.5220074838664492	1.6172523188871746	-2.1671739887537167	0.10159055912832539	0.049582633512781256	1.4026780442174862	1.558169661544341	0.9228228051272401	0.07958965833180315	-1.9546618016049122	-0.5503755372070214	1.4772601464735011	1.688345950860036	2.8338419717294356	1.873579919652508	0.5360698551621894	-1.597518315815982	-0.3296398485066585	-1.3580881096786637	-0.9820450791744308	0.0005757629700625444	-2.451470952065184	0.13319726383343442	-1.032239081364653	-0.8661303343221343	0.45610474278500474	-0.30754207013754115	-0.5044583610915409	2.089146221071687	-2.0608684000090323	2.1216834295362625	0.44364469575032617	-0.41562410582566967	-4.708086016277549	1.1131280844589535	-3.0599604469681707	-0.6696306967580937	-1.2733254381245909	0.032114479959026464	-4.580482040575975	-2.9185575940327566	2.7421759544884257	1.4948303863450811	3.949047965473577	-1.7116876846044053	6.13093340351692	-3.80578244445964	-2.1409578730146204	-1.8843507313115397	0.07932725414014138	-2.543763376295681	-1.244749108848028	-2.7995754697387816	1.9856844952632504	-1.5190600100907181	-0.04563499406113061	1.6247885444733836	-3.1595887608194273	-1.1767544741509224	0.3497281202982324	0.0129347557523277	0.05317810022749143	0.30824438294152506	1.998511557172554	-0.9515674124269221	2.0535084525028617	-0.2460102793091392	-0.8831192632813101	-2.9171018764498364	-0.836727190847104	1.7295381654005912	-0.5683175878614847	0.518308946615101	-0.02482780671935775	0.6075345275694987	0.6185296927863104	-1.7496225592917685	3.6202046738510325	-0.19813447771114692	2.834087373054893	-0.5017368792500884	-0.2608597756243293	-1.8158064716656093	0.9146926905526521	0.9244438448052937	-1.690479091840332	0.9360138260631209	0.9811148040608112	2.216920281188671	-2.49824535049259	-1.3385398031266278	-2.2805151136004524
DTXSID2041252	1.3269836737322775	2.8851529002637775	-1.8528829065100565	3.195067544109462	1.9509697741523182	-0.009908124553394206	-2.6911613272551764	0.06280853604611177	-0.2696178646976872	4.594644467961782	1.2643368082689261	-1.4714338544811831	-2.5225172811012557	3.2222125664802648	-3.6179611833318885	-0.9656089234505795	-2.5466802035975316	-1.0483511081432113	-0.5090883746078015	2.951582136601279	0.3036808639678248	1.0227012128196205	-0.298833942617427	-1.1573542378659492	0.03518139075221551	0.31691799045018054	0.4288643680697331	-1.1865252128213875	-0.6603831751176108	0.8112489091617648	0.8873534883486573	0.7493377266905752	0.6651663807937287	-0.042249465309684604	-0.46218752685858383	0.4087803838870736	-0.16619713574055836	0.7039688695507822	-0.16925050774715616	0.3869185329522971	0.1500381815484795	-0.5442260334664829	0.4887172200108221	-0.447739019679838	0.2533698739873653	0.34515480719500696	0.4699570483984957	0.844347360037337	-0.28058507545704375	-0.12893244982384786	-0.4607525502922781	0.3770105697812494	-0.4663484884118007	-0.08538529026153177	0.00030768286795971407	0.5620588372474338	-0.45908505577089237	-0.00150663863023123	-1.187283189062577	-0.8921238368452673	0.07412079805654222	-0.6816788351692374	0.5513264337617939	0.2788901020016602	0.513109668025916	-0.7507175026867169	-0.38945335779102574	0.557996048172892	0.15691074525952628	0.07238733234543707	-0.3674846218243674	-0.7221346146438283	0.1973120515964313	-0.8365807208615316	0.4627354308196261	-0.48224142238148937	0.4310828094832192	-0.0004949544619014556	0.1298002090064649	0.4212117213346598	1.0806800139213308	-0.5624647247807053	0.09651109213621352	-0.6635407773613872	0.04643197893413862	0.8628717623818966	1.2821346781679026	0.5639257893425241	0.21689107248845074	-1.1552163348665994	0.2047808729591126	-0.46401507789407787	0.7752400034300456	-0.3184745176968598	-0.04754452826705709	-0.5239450843267667	-0.05095163923946835	0.20288931313065012	1.1580132730832533	0.0514103369928478
DTXSID0044941	-0.6313927054174713	3.7861727042137394	-2.2860183316245783	0.6409484353514042	-0.8024537257537814	0.41482296210251507	-1.2748834614708011	-0.8956431382764539	1.0226748901142857	1.6387526377034989	-0.15669344527903017	-1.3546718625418879	-2.2797035005700144	0.9339631554451618	-1.6438983279049149	-1.6726415046717822	1.8316731343693844	1.0624830086100965	-1.739685047969208	0.9683954951735766	2.14131306301477	-0.2282545971467974	-2.3730991664992205	0.021258113063465835	0.907683106866729	0.7038582639539698	0.5668783126502297	-1.0965508066161902	-0.7588892619132117	0.2388805950058955	-0.5323154207611102	-1.036948293900339	-1.3695517214852315	0.3473434228801882	-3.272373722333317	0.5749313181687468	0.20384712525263893	-0.2474212444534902	-0.24507271938739247	2.9589744929996584	2.2672229594093065	-1.763984837154818	-0.0618272633770957	3.0769639978950685	1.2493763954055341	-1.7670645144443498	3.961255792463731	-1.8953605011590386	0.872168770221328	-0.7665153541354809	0.2399418326108491	2.4871600354548566	0.4996854609261593	-1.8026176406975811	0.21014537752711773	4.327603242532861	-0.5061744366996573	2.2264999909447094	-2.7982336064552693	1.6738947509535522	-1.6376636928801984	-0.170646183582465	-1.1134906822215431	-2.16762364127529	-0.5552805614618511	-0.07760105454841602	-0.8183536886932072	0.5117221906853116	-0.01030718949475612	-0.6813160921038984	-0.4520229165439984	0.5034225949654355	-0.22372924540954953	0.42349012880949227	-0.33808713831177645	-0.9374367720095426	0.8236147796105496	-0.9017393192106613	0.009756998173614083	-0.9056722800291225	-1.124456677773497	0.2643325983598022	-0.44261095088873814	0.67036268030979	-0.4491227235124564	0.2821464067972117	-0.19563278512770538	0.4610066246524707	0.17253118067366835	-0.08052010464592645	-0.5359578473821047	-0.34826080568302725	0.25918512962234147	-0.053597397268274005	-0.7391865692629371	-0.7693169842515188	0.14255222563033892	-0.030431983377255948	-0.2800992953552312	0.2315084881057881
DTXSID1044982	1.646641345474013	1.3006861753474748	-0.15179866962392194	0.3326257035889313	0.07434721782040096	0.1775534938522071	1.4459001752216998	-0.8910216312233119	0.8785975378699719	2.741496418782609	-0.5103128187376852	-1.1272143093189566	-1.08922387598365	1.6881656697654324	-0.21007824657500995	-2.219892685371612	1.5197913577479354	0.9636074257375317	-1.1318985970087452	0.4020563480909377	1.4229258787758576	0.17800592698114195	-1.210798986982851	0.5598602122673784	0.5913740786143629	1.1315344216342693	1.111885245966885	-0.24069976315809943	-0.4224109839791571	0.37968072177520096	-0.526422848894393	-1.2462021345376268	-0.8753519016991655	-1.2677607529952912	-0.7038299439569152	-0.003682816141276079	-0.5273830636695884	-0.34030152757526483	0.25103569400953724	0.909717043940199	0.9574630522071735	1.4820459337672722	-0.12963887442639227	0.5601139984178211	0.36625980193289964	-0.464684867540025	-0.35546928674806044	0.3304719674235827	-0.12771188783681936	-0.1390895187270463	-0.06585267944218244	-0.24529424298487187	0.3790294413795419	0.21475922854870158	-1.2887384712876095	-0.7174017560877587	0.18758709520329836	-0.06038964129090373	-0.00014628928383990768	-0.7414469371115334	-0.6821254138315939	-0.7318543253419796	0.49862617160254324	0.1409386026871909	0.12997856477626837	-0.6075598895755941	-0.3423724389157176	-0.14562367827532122	-0.8463410060586604	-0.467611087138676	-0.041989108102705806	0.940655380194287	-0.360964448030843	-0.8466973927528335	0.11451456027559512	-0.8360487107894804	0.5043293448071601	-0.9595669361662482	0.7204265143615382	-0.6836812281368229	-0.7128285700625997	-0.39003772507649975	-0.5578516957118752	-0.2960786067108569	-0.894458933124274	0.15957099730208144	0.1723106315191862	0.6185871824782817	0.8618061712712519	-1.6206424178395993	-0.5661970672117655	0.3913360488513249	0.29240951759799266	0.6658220179640587	-0.027503584655221847	-0.1612569957303196	0.9131479288081917	-0.06646522312160678	-0.3943867674271743	0.932383607837721
DTXSID7024031	-7.52716025895622	-1.5185220623797078	0.07619739917368475	-1.3535328641003181	-1.603892664409124	2.073632638674819	-0.8523399359316991	1.5464548064771042	-0.14676312688833973	0.330227972183136	0.3385800411323227	-0.025534241483961002	0.027067488791183914	-1.1333269186088888	-1.0832646769467416	0.03138292952715075	-0.7270533865177383	-0.6494822633984452	-0.14555075682572663	0.5676844229977654	-0.07981304335805832	0.34105269530979243	-0.6226805192327562	-0.13771365195752652	0.2139907878017274	-0.4745847461133076	-0.03226797353859017	-0.008128346889942444	0.13300206272504062	0.03258071493415225	0.3379620085670286	0.32094471653894246	0.07345393782761217	-0.3090423091326337	0.4813610343841283	-0.19217542405363436	-0.21062368922200564	-0.4214964768001575	0.2466203545277943	0.3190536757220136	-0.19365119110076004	-0.25134792443321613	0.18915979217554332	0.22029029560156857	0.08373307902583572	-0.018878955190280513	-0.07497603748828255	-0.10948572412294193	0.11401536087274357	0.1208957059075489	0.13206931798623942	-0.16925233183779642	0.12738062688595436	0.003015640787284494	0.12203061148285926	-0.07162276439953597	-0.08583679651401205	-0.12992166847504827	0.1981568791316068	-0.1418617635172119	-0.2852507028643034	-0.15995467967049468	-0.10081236185127498	0.312767705175985	-0.010768819608826533	0.1961116966499233	0.3193168876077429	0.12599800424963278	-0.4552322424900086	-0.06392864467459221	0.4215966296639189	0.22263638422452628	0.22829636022898658	0.24477714127924188	0.020187472373867813	-0.13468059802980384	0.09897283045937971	-0.5324036591478327	-0.17141584947663926	0.5024297769164171	0.28686071561121906	-0.5337748069563607	0.3487642230140643	-0.6683444463674523	0.014156571491530314	0.25972325861798057	-0.7449729530629702	-0.5267472116069002	0.2684095081763839	0.41944783965766036	0.07512881383401553	-0.029703455740844764	-0.009281577482576336	0.04288837598385149	-0.4698912700721831	-0.3986752550580405	-0.5123745979589541	-0.14262810189817918	0.2936537109616647	-0.35215592780716365
DTXSID3041665	6.211541999606046	2.887619629946903	6.731843054222038	-6.834410843945257	-2.9771051400674478	-5.633504351367343	1.3451819644813032	-0.8757143528516026	1.7742848166947938	0.8414780678562236	1.2467403321808133	0.9841677889142829	1.1989307586068398	-2.930884082597437	-0.9895614972894552	-0.778120146675182	-1.506848169594751	-1.901809836585216	-0.13996656084666095	2.058913855921816	0.6680198277960991	-0.101502673102566	0.3535460769512682	1.3581641396267903	-3.8121220680482097	-0.007739334567388501	1.726336936719152	0.9713649083972425	-0.5971608910389323	0.8529644681635853	1.0111576777057352	-0.5898710782928638	0.60720969344731	0.8822906254992796	0.13450132807510193	-0.1861264195174992	-1.4915366434156374	0.17334200482458748	-0.3356888635466649	0.7360606098787967	-0.5329375556686896	0.4443461432266742	0.4761795294944171	-0.23816987943782522	-0.2734917708909449	-0.45103793939002207	0.15198826473337954	-0.4445820144706659	-0.13327396326087548	-0.19606231157761708	0.050904097628110496	0.06453513719238398	0.3417108574767292	-0.2080931080228354	-1.175375997801162	1.036854955614642	0.3594379741713981	0.11904453773749822	-0.6136063616645373	-0.8517214530107987	0.7747107246317836	-1.3870675494710336	0.19462834691329933	-0.66270857304548	1.1115516468716724	0.5567512113805141	-1.2304275424279392	0.539913295320765	-0.004096006065972393	0.16916244038960754	-1.546923944251185	-1.1316234689166353	0.6590970984916509	1.9900198534597622	-0.35914142720193204	0.8280021866139567	0.5322103958204695	0.7811056980522932	-0.8443420755681919	-1.0412683366564213	-0.9022427285290217	-0.16598646620871427	0.28900941418022424	-0.9982716069016124	-0.11227007428586583	-2.224828535160542	0.6285358708170331	0.09472478305828153	0.7268073814399462	-0.9602938733928343	-0.1711135816144994	-0.021264851452663092	0.22082289863062302	0.1712054510109927	0.06330853421448013	-0.23385937491746986	0.31666184529715413	0.06624140836510226	0.30654698443476436	-0.17275270853338423
DTXSID0027567	-4.860043783571189	-2.3911611863344766	0.6693360144208401	-1.2567820333853106	0.31692456585925394	2.140291008075225	-0.10247995372373878	2.194791593660466	-1.142996453064417	-0.25346796117355475	-0.6227312883564542	0.27660253868943435	0.11493373159698822	0.12714075019791937	-0.3515358745354443	-0.24921530504197695	0.0011634103557092799	-0.38765333960771736	-0.4140381499034004	-0.14835643592704295	0.09268360331969357	-0.08389369444795887	0.6148095238180751	-0.22461726594115236	-0.30074178119008893	0.3971286582351337	-0.04685532380637298	0.10196845966948452	-0.17560354647219087	-0.26035758885405136	-0.4864722908291099	0.32756316215353065	0.5424838462735604	-0.13268965284412013	0.6863128216213635	0.4025060878074479	0.3065845487779832	-0.4257872674078024	-0.2153323123081183	0.4116714500372773	0.21447455117298592	0.051298850370073784	-0.38529383816430135	0.3856762358328814	-0.22925066425297724	-0.030917394701865976	-0.03534761420165782	-0.4402953489292136	0.11654306939241262	-0.12105242879607747	0.14792191223285917	-0.24068482629187227	0.23177769943484747	-0.0018724050684443547	-0.3061904191706564	0.26235897503740824	0.056197293784834366	0.523270644245647	-0.13870195220614248	-0.26539498206353657	-0.19372925166492141	0.3610087428590598	0.25858637254513966	0.17297715614947684	-0.5198048812885367	0.18015182890988166	-0.16061343902820996	0.22412301854715855	-0.24966194504729602	0.5598696260085518	0.06392900797884972	0.7358311472628314	-0.2483693861219379	-0.0458009716636695	-0.24274958185246315	-0.3527016354881288	-0.626338381767575	-0.20085178310749394	0.812927772627694	-1.1513767517241846	0.10757735556672081	-0.549693256914403	-0.048683562187119715	-0.5199906361196919	-0.10706452361333876	0.03949805461479848	0.1915365557424465	-0.3038489085479097	-0.23701648163727415	-0.2320674549491728	-0.44121112260167306	-0.43263607346670085	0.37441373352621987	0.1456064677478579	-0.1563287555627241	-0.1933717675762028	-0.1238702467224938	-0.05999231862964178	-0.12997756824355836	-0.3272831589412685
DTXSID2027048	-0.8252768343502727	-0.9204388022522294	-3.9123213522372424	-1.2536758052242476	2.745961805210821	1.160094067441695	-1.6883132758960586	-3.307488762330526	-1.0548914845728394	0.4352339311220204	-0.672750452438228	5.472136914226461	-3.508630297832732	-3.3874538023098193	1.4470874749386367	-0.6076466951923011	-0.2389724596128718	-0.39015258430801186	0.714168745389985	-1.0634995254572968	-0.1660782967231619	-0.1567780660266241	0.6040998371995804	-0.06251546426384577	-0.3151454551924458	-0.010293470891487112	1.0050227778062364	-0.5466017924003388	0.5245456288206939	0.07862712744284782	-0.6053224787907231	-0.6944504859170738	-0.15930102199937202	-0.3678574629612966	-0.19316833883990805	-0.5900634287248121	0.642477290608365	0.3080670958199904	0.15379633542529408	0.12731988596836813	0.14123171025957318	-0.22339551657716322	0.5761196713824321	0.24835250013466734	-0.29117768574732256	0.08035052408726728	-0.24054597399320474	0.3342363273656761	0.36979160826374907	0.7052508759286616	0.056847327719617105	0.33843806790403247	0.2601102097137806	0.09600914848097439	0.30437756862798765	-0.24773808902431374	0.3950761549961944	-0.31110164776866384	0.28154883799131003	0.25206963412483124	-0.20266884162864848	-0.1815152546327611	-0.13553693853910187	0.31943580500952756	0.03094499933337928	-0.2571586790073291	0.5688260802949986	-0.631163516005435	-0.2610034398200543	-0.24885806338576377	0.5398254724522952	-0.870650077966341	-0.2867052814286035	-0.2982795420331112	-0.2615449462929401	0.28846319000560916	0.5119445176957764	-1.0297253501908006	-0.23042037556919798	-0.38352823004517167	-0.43431612066838504	-0.49231460205307903	0.49670230774062174	0.614481503886608	0.2395417192560394	0.29888086121919993	0.7075494363657656	0.31559377088174845	1.0975048563966527	1.194747419551359	-1.057661370581001	0.5013808386927354	-0.2735815532002513	0.7913478280238606	0.3235696081877243	-0.36139332557378234	0.18907050294225716	0.17958367873028158	0.06230773933118274	-0.22736101562745636
DTXSID0045127	0.6664296935631089	0.7556670439508449	0.48915252320460584	0.9100675540349422	-2.0694775467926507	-1.9128333576946552	-0.4088151085750135	-0.3456412600122819	0.49358931570594106	-0.11763911540155106	-0.5715629271304341	-0.1487389919901457	0.7312895857902869	1.3704872304483022	0.6842487837124125	1.1962508337472695	1.0496085166693683	1.6623438990434833	0.35598040339814974	-1.8689413624121345	-0.24540060502993033	-0.972272541180381	1.5442608549840806	0.9062369731936216	-0.2275865654341281	0.6739643162732073	1.4888932420222256	-0.42187886522100665	0.47508273156025177	-0.05888396324134334	-0.6608150021678649	-1.0796966069553682	-0.5703426411238467	-0.17682347675294455	0.41321135335630277	-0.012125784875248848	0.9215157315382605	-0.10862463505451073	-0.7610361714987325	-0.9467406920241667	0.2961826740907596	0.20437775448712975	0.30455727387206205	-0.04968170188015833	0.1435370935336107	-0.4279728277902583	-0.07553180797962893	-0.3926230807078419	-0.10198760890099734	0.0992009446558077	0.08065094868727746	-0.13500637413763575	0.6383008426360417	-0.158874237373107	-0.5956098174265781	-0.03975167271094049	0.3142128922698264	-0.04023913582842717	0.47593907241403227	0.8993613815884537	-0.8506821052492637	-0.06521571295020845	0.2873221412262945	-0.14965160542586006	-0.47392562938224986	0.5677226546101992	0.24489071976597807	-0.6843727217213298	-0.5770729805080584	0.39742498991686687	0.125663098400943	-0.5275939433779662	0.7820767464420498	-0.3914397201247323	0.26950852710177664	0.8933374867788	-0.6465747300430875	0.5604328067971246	0.3774094473821714	-0.4265138407373821	0.03029537849379562	0.4071987612377158	0.38981809570827386	0.5349813447752969	-0.16015219626349586	-0.8797071678077911	-0.2898313189192082	0.34043276629542985	-0.3367466632856605	0.5207681457659887	0.2837006143008502	0.7564956684767925	0.057912742641633985	0.07940274774308347	-0.00615604811761899	0.09510979854191871	0.5901677413721018	0.13948859300646654	0.5223945020200218	-0.2318021479395037
DTXSID1024918	-5.9477784221890575	-1.680630628303141	0.6265707037176284	-0.5259669899520905	-0.9696202989063428	-0.8048626068566914	0.1129301228291872	-0.004950577547043806	0.6064527701569775	0.6681435309855127	-0.012501189964841916	-0.34595515099585056	0.01691333616988031	-0.4148154704504894	0.48036991938022494	1.3041442120603126	-0.5939557723848277	0.32008386350492496	-0.13837746922902877	-0.375006414093781	-0.04546828269980057	-0.02957655123379981	0.183774440009599	-0.5097265578294126	0.6968416034821727	0.11565031089850007	0.4268288621836775	0.7408779984602772	0.43937772673212644	-0.4815738998957712	-0.40284234386099455	0.048729593371545955	0.3471684405310251	-0.05888633388646731	0.025199358482367193	0.29412512087255993	0.27381021615550555	-0.4940412538487627	-0.3689188255545791	-0.05043964023981401	0.33379454565799116	-0.5925572704742553	0.24204824430751024	0.11095358094623817	-0.17990390424745242	0.12821814480338478	-0.12584240230346547	0.06087605874003589	0.08131117651085687	0.10765406231368156	-0.08653655892375921	-0.18681531860004968	0.2692710729073867	0.10223770552342076	0.1741151101496615	-0.15120040328507126	0.017982773202977427	0.1000428905839805	0.1395070042233909	-0.07408831271966099	-0.24839337538184575	0.0371875602902742	0.3216628721223961	0.8936839603843869	-0.5542344750820449	0.2283954397639674	0.3656869692795801	-0.22671725782688376	-0.03072170804777481	0.12152959126733301	0.3251992394661262	-0.1978276063934405	0.23074872198057592	-0.17761625238083545	-0.1825665950274063	0.838363867715003	0.1341640245437179	-0.32966195624198213	0.6300601876412306	-0.9310510709103142	0.30368823566930525	-0.017414076157441723	0.28275251178548677	0.2824740344561005	-0.2436836084604971	-0.6514003047174481	0.3544610943621523	0.5729133761235802	-0.725889461583077	0.3638403492472597	-0.6487131036159909	-0.18848510241294392	0.052303024618423184	-0.5821909091095792	-0.23587576876502317	-0.5096890089830289	-0.44653190795761744	-0.028833882069118424	0.4384400207429844	-0.7482794471319644
DTXSID2022121	1.0266278092196424	7.2739898605444075	0.5627049316366104	0.4232191534875755	-2.6370241523808864	0.5120078715950802	-2.7248324203589034	-0.35404954393934673	2.6290601389245065	-0.7279495826770996	1.8174399918698987	-0.9744407501265052	-2.14251727535813	-1.8874168806776057	-0.6686558460155801	2.0193322399896543	0.19316765200475733	0.6478880235507172	-1.1649643223668291	-0.4835405162258986	0.07638300034634626	-0.42458867920058463	-0.5771195173291452	-0.5946923455126166	0.6509721155498455	0.9579602395982858	0.20472491168378631	-0.7919439941632709	0.018203277215550054	-0.28060991730621476	-1.057692426537891	-0.930379140479204	-2.371035769622375	0.34248808821982973	0.7105363795619349	-0.5002932751667266	0.11376501365321894	0.05283987198039653	-0.2454828177379004	0.7946036804448048	-0.524597384796647	-0.05531751811089961	0.737337856917932	0.38317093532253077	-0.12428596743979684	-0.5073475215860578	-0.08220815313845954	-0.6368740611879452	-0.237841628875019	0.05930900030029602	0.15538838474125435	0.1016597987055939	0.24138206040587376	-0.5513396823786139	-0.17264886761135356	-0.8400438856935016	-0.29658749613583685	-0.41561081386558674	0.7338086569917096	-0.5397978280964139	0.3553142478584914	0.070374041988096	-0.41818596491787174	1.192289767336361	0.8800672958561674	1.200424429975593	-0.19507811843734008	-0.25250553839934914	0.5751980663008418	-0.6401529407821197	0.10383166353339768	-1.483418419393171	1.444831609619823	0.6579309980680896	0.6356584977343048	0.5602094512765926	0.5906567280597976	-0.015606298994523203	-0.46924705899614205	0.5904141219963043	1.6312666612998612	-0.767510433756443	0.6938519634074354	-0.5244613324041413	0.6418963492786053	0.3204290260762714	0.36332012141357134	0.47934771109734875	-0.5422937535831762	0.026513739550721952	-1.0755594043744034	-0.11914492169535544	1.0063658750451319	-0.4719941004755518	0.5633962210032416	0.2373583710972328	0.20261383247980239	0.7385349908172003	0.3685435559683012	-0.08155917105849418
DTXSID7046592	9.202333389883675	4.308065958738562	-7.633363369290993	0.7316152628001102	-0.19598141441059314	-1.553499563982917	-2.3687636190740338	-2.3516690840763066	-2.0287532843421476	7.554681782581077	-3.640669711593657	1.7711611341644442	4.728771572958791	1.6267715643127878	-1.4632458677813567	3.5893544704513167	3.5854397319908546	-3.358556854097582	0.07458170411268124	1.1510348977449936	2.8835032529583335	6.527649933667583	2.1165150808880147	-0.9578940295730825	1.3887703570802883	1.7637046417818718	-0.7676951224866544	-0.7251906930266708	0.5605990676260858	-2.4902697677074754	3.341568428364846	-2.264073505646681	1.9821869560525271	1.981973691877436	0.023435929660964833	-3.002840079480803	-0.6640539725205457	2.324427728095021	4.001059898389296	-0.34780787518123546	-1.2021744719433674	-5.540474528846742	4.025613617838681	-4.849667895324106	-4.552278476978879	-2.484807349365448	-2.668276984309874	-3.3689785189407244	1.7486361237617505	-4.632493938628059	1.3448239798207657	4.043898900634393	-3.056342168014691	-0.32866955102686296	-6.023536934588473	-0.6450243364499341	-1.8818132587650316	-2.141183251691743	-3.5608435167807153	-1.5807782480090367	-3.698891540494806	2.4327056371541564	-3.913157717028827	3.6876259520995407	1.5020602605198552	-3.521471962149314	-0.2577140991205794	-2.2700378382673803	-0.3574194678320983	-0.3430213359191091	-0.46336370068367705	1.7616148963229363	0.8087742728533951	0.9690236816788675	2.4762124681646456	-2.252488978459574	-1.664093327550103	0.0046254395223893985	-0.7332684346716286	0.23008662376424735	-1.0460600971744465	-0.7637022393546943	0.61214578061726	0.38960134403313534	1.2531129565764147	-0.8235938936273283	-1.6785178090071464	0.4235612085515455	-1.3470709384713864	2.3203766499536758	-0.9749875690423426	-1.124803263010003	1.1218555601332905	-1.4287636768726422	0.35907210557300523	1.8326006378914386	4.438962927821452	-4.5445428421907765	-2.9417147903372425	-4.113339027427937
DTXSID2027466	5.049503179470204	-4.994416708559315	4.396614986083617	2.673933430499787	-1.3639279878448822	1.1352289412788839	0.5125581486843225	1.5679099610502945	0.9576406889562284	-2.4429976959077835	-1.6443035192196362	0.37114022438253363	-2.5090549372154074	1.9829365175749236	2.537185624907841	-2.975888293663302	2.047717974755661	-1.3281608204859738	6.790391198924238	0.2464543744195776	-0.2729076630059527	2.529943441250796	-1.5139867581014217	-0.6304520195295976	2.5163718980037384	3.4634082512875746	4.070261882706701	0.06685013418440826	2.017294204832638	-2.802596390518396	2.02361919349688	4.273207454387617	-3.3339098678071646	1.6970960377625475	-0.11428850404963968	-1.0955462867720458	-0.8010697976386957	3.3334551162479777	-2.755648960447309	-3.8920933554573365	-0.117358996716737	-0.10646617980157198	2.2085872341251025	0.9098890020140663	1.6913870968716949	1.5017440771519517	1.4380657201526665	0.030372363382086286	-0.3160183792745966	-0.31513269308477254	-0.13321185544196643	1.2838097307762983	-0.028926448215159262	0.04074676521666871	-0.3657130905815583	-0.4860117056779314	-0.40391205439403927	-0.11888617267792673	0.24063753292099124	0.7806809320362748	0.11875026483497805	-0.18824706704658956	0.8178393082394388	-0.5193378474988987	1.0082434343821367	-0.35981325870507036	-1.2334846463624447	1.2976547492714836	0.4431788586803115	-1.264568470911072	-0.7303720182574485	0.8359429588411774	0.17306387654807662	0.6523750229383684	-0.3391633197321243	-1.849285728344497	0.18720378664257759	-1.2473117711086459	-0.9163162288480602	0.7548871681646662	0.4961412414486509	-0.18119668948040327	-1.1667125763369837	-0.33288870670373555	-0.8505103572743138	0.7468256653501848	1.1707666336783868	0.09479776682690806	0.3616162178450168	0.512271246045291	1.7572414017101885	0.8149678091341798	-1.11046206609252	-1.408189355504534	0.4733961935160612	0.5848828528482218	-0.4505347461605533	-0.014366778135188135	-1.452787931314874	0.4254263749910185
DTXSID1044930	-0.9460687521957529	0.1857871237549711	-3.2919231108169944	-1.7591381148778864	0.1710384827804219	2.841101826041876	-0.022432746614613603	-2.174087223789461	1.7865285553981975	0.2939107762199584	-0.8937655735633792	-1.3036195148940273	-0.25753714526677074	1.0749713770445022	-0.4171216306610616	-1.445446042825376	2.308325738699048	0.9190617542311383	-0.86876516005555	-0.030927360310316353	1.2373612357192247	-0.11216730823072425	-1.080871697893584	1.3990956432474153	0.5203253732251956	1.1730066487018846	1.670741523428505	0.5731414951406056	-0.23619228014038876	0.047583352545859416	-1.968627583319069	-1.3152101060309258	-0.06886277567686219	-0.26607828819670826	0.7140598180825664	-0.6368971720569149	0.42096168044913646	-0.9939685722218848	0.3000309971606565	-0.08690250689135495	1.4165731246220272	0.7726584740815927	0.18177120012632858	0.14469727285208986	-0.19565879862567964	-0.1953030103186848	-1.0169722912202936	0.1681594264636066	-0.10812376953368703	-0.28308182568483575	0.14824295694693027	-0.47359858390469856	0.6456750450771968	0.4568917056388939	-0.875189804806518	-0.27745496617391513	0.8923395225217197	-0.12924955024307674	0.8274351838447178	-0.510855443176584	-1.3820988544997446	-0.008031901242982977	0.6710655566839513	-0.16652679772386658	-0.3004342237261363	0.4476326730909524	0.07898699032746131	0.10663904207369596	-0.8352780574560146	-0.16412230571863254	0.5710315917772696	0.938338852998015	-0.29309267849118065	-0.9067957293293036	-1.0065369127388455	0.4702487597032529	-0.34630648788137847	-0.309229072570889	0.7948393921305849	-0.9119587971096499	-0.07093432124544416	-0.1719261307356049	-0.08598793451773473	0.8749999991214719	-1.3213314441735724	-0.5984817469946735	-0.7978389256518177	0.37299254920357466	-0.16460164507459704	-0.841112792234302	0.3513533304266959	0.7770266511948449	-1.1063577071226973	0.8886822267847091	-0.017643279130379552	-0.3062654312483586	-0.18717197416013087	0.019091301593902543	-0.005689465628390626	-0.601443314104086
DTXSID0040129	1.0664437843159933	-2.715413510059215	-4.373708832047296	2.048504874275507	-0.3783725833490179	0.17292622198823634	4.078605715721136	0.13757308776172536	-0.8680376514252326	0.6321725833638191	0.05790324337119248	0.04879538781313657	-0.2761342912143216	2.030440057458642	-0.09113445777754792	-1.7095902731064334	0.6322702158706797	-0.5919914135891314	-0.9150161138486365	-0.03822669109739061	-0.9771045284763658	-0.29644802430825307	1.7034592216835371	-0.7455291655616462	-0.13494960866687172	1.9174939361896397	-0.022189033919400962	0.817609589195833	-1.4947552253910603	1.3100419868990296	0.20448114408111112	-1.4676554456309834	-0.12079462780016172	-0.3844901914638507	-1.1966901330793593	0.5256702116653799	-0.1867263431897215	-1.084523404913771	-0.498100168373412	-0.6206485346620537	-0.2695220290307849	0.07791173140254593	1.5035048707055545	-0.4050259204559898	-0.3762926866221632	1.5405092612210978	0.5828099269117055	0.24304512772237336	-0.13613877086156217	-0.34475788294513604	-0.3214921589040829	0.5256632750350007	0.38066134245029387	-0.14291925157181087	0.3235705567322123	-0.4881762596454119	-0.3318306198775741	-0.38408802304491313	-1.253431898653663	-0.3050261754008804	0.2738543628318873	0.17494731754043857	0.21019555013850041	0.30191510145083666	-0.32355401688537594	1.3547873367145062	-0.9534734827121661	-0.46487432543355645	0.7474267983595786	0.8246276947899185	-0.46301729318872736	-2.440569613669418	-1.2185055006756413	-0.5848623079913996	-2.201399788859105	-0.676968802347267	1.284305138947205	0.9769648195195986	0.23850898090594483	0.9035949734854438	0.8042625933146864	0.6803038639653624	-0.5566164972733828	-0.07844868093708456	0.1173133436105673	-0.19964682984745658	-0.2857077474339956	0.6866619240657214	0.7974895476845005	-0.17613287735664435	-0.09302305652151516	0.009576523897659296	-0.9115527698550712	0.8630393624039581	0.09880587388574803	0.13188779788463334	-0.48440016440059114	-0.3327729356473143	0.05950790239549402	-0.6892212796782123
DTXSID2032500	3.223545054035383	2.4101490434390325	-2.1068358852396654	-1.8106353413979843	0.5605752546865221	1.4008039214832038	5.287046527559694	-0.6264183856234449	0.1562353660408105	-2.653308302095557	0.28270106243851956	0.8830280763915617	0.30191549737343315	1.7538558022617354	0.7053775769680797	-0.06038247358930677	1.0203533755699028	-0.7581547320044447	-1.858136682342328	-1.3666111228634776	-0.9837926998450148	2.9309386045648735	0.584947258736374	1.3502841311617886	-1.6910167112840941	-0.418993902722812	-0.01917699346356065	-0.9297425375532928	0.5410279607525651	-0.21503004159089611	0.3690732435089544	0.726967699940991	0.22518425995518082	-0.23479526022587838	0.24793264017279903	-0.18324657692924928	-0.05304951997714658	0.30799176440087267	0.48804871409717776	-0.5581026832785951	-1.6342564076946613	-0.43420884579817015	0.0920557747730285	0.007042500979400557	-0.3469955384478098	-0.037562374420364246	0.8582667747030828	0.5409430006347087	-0.5127872469131206	0.26082055869098864	-0.4012970239843184	0.6822948117604991	-0.7071869956999388	-0.010754404173369522	0.25792401222792993	-0.15536260501174595	-0.40592518801218536	-0.06003679948291148	-1.0226411823800265	0.783105256339688	0.5848582704711137	-0.08274133630985504	-0.42854895185192615	0.30904756655751514	-0.06588910843125415	0.14758324404231132	0.829813346346211	-1.6659232888724709	-0.5886297335376339	-0.8053141609369158	-0.49042617807340766	-0.7811882966574574	0.20211201112502036	-0.9728783798987468	-0.2997645540855399	0.9472903623860659	0.1007314498101555	0.23743564360786584	0.33070828307120925	-0.24183606799492016	-0.7219080182526493	-0.5539635500633108	0.9166204475198233	-0.2763933745290698	-0.009550974154341384	0.245233803631866	-0.6858671417925628	-0.8765260921253926	-1.1619384029331652	-0.3403633847432555	0.3813262903262335	-0.6330058111313164	0.3374677459922924	0.3711356504317114	0.010296099126630914	-2.112118082016828	-1.15157269879599	1.922034723096772	1.1859458330025565	1.8999566941713197
DTXSID4020113	4.6733594855508	-1.3237844824941227	1.2047325475736474	2.8725799020255867	-1.8730457801815565	-0.9235314150850698	0.13611704578162853	1.0314926306375571	2.752115943289138	-2.28474205263249	0.6386786890953596	0.0918271672869204	-0.9736752018892031	-0.031752603934441764	1.740995710330699	-1.0657460494406854	-0.697185969831633	-1.031281509383688	0.7686028267549289	1.6899902775995221	1.0731419760779266	0.13076247812629413	2.0890147995725044	0.2601925665958561	0.424382157447087	0.9500533859823624	-0.9745635362223719	-1.0260256833814774	0.11879210711083515	0.08940780504893331	-0.3613937677115383	-0.8500296140279655	-1.3255610871309431	-1.241559697623569	0.4888656878416349	0.24704964829944007	0.5369895868743041	-0.4012953814364031	-0.7354495866561007	-0.24181465970055444	0.7430878172603778	0.9235182111258835	-0.8952843694457183	0.5737808014881951	0.09141235068996338	-0.3212596798594871	0.7157198567554951	-0.41741709773421487	-0.026194776056579293	-0.3439004937231028	0.10116570496591373	-0.07657336247429014	0.01721593546828216	-0.20477673486465905	0.2776907484148408	-1.900095181043899	-0.7649062534942458	0.5544860995389613	-0.26504879143939203	0.4083340249690864	-0.08549746366384986	1.3255693924826664	-1.2948237885902973	0.19187992367362455	-0.39366204732314725	-1.580020771265575	0.44740686133455265	-0.4543122158161357	0.5898687963819282	-0.774045486663334	1.5614429368793128	-0.08991037988272527	0.6362170204196523	-1.4331484587985444	-0.722205120830694	0.5859118174658671	-0.15007918844745308	-0.29551126705777525	-1.848605272163786	0.7326680796829523	0.42092570212333325	0.4271674824810841	-0.940942262350065	0.9399426759489787	1.1239010717674836	-2.6499440135666834	0.9035204735178434	-1.4241006951273572	0.47633841599570026	-1.0985874031358862	1.3399571562277282	-0.42205031625862816	1.4817081795747298	-0.13914288841216105	0.4218793995257377	-0.5213023118394587	0.5256717600001721	0.3927310874584737	0.1720197893975065	0.48021367357082423
DTXSID3044388	-2.148330891930037	-2.984187140507693	1.6256310074528042	0.6468609726440689	-1.618135139609938	-0.9786017070779519	1.1458729568752168	0.08561736845248827	1.7104709756939134	2.7031951405602963	-0.47206093272068295	-1.0728467752450226	0.16778666479027637	-0.5625025939290957	1.772468726657168	-0.39781369106745995	-1.5089492181214954	-0.05454510836692059	0.5280962117620751	1.8761894251913893	1.8059203080073218	-0.09958417675337054	0.7941387069363958	-0.6712345954889218	0.894364438727684	-0.8435626263776405	-1.903795015884039	-1.6512389550696815	0.2945639596374554	0.24515934106550816	-0.13492998983676516	-0.4314141684594472	-0.1996562239643714	-0.1871421502610135	-0.08622771412132578	0.4537956019567615	1.362929552563806	-0.3499148140867199	-0.3938422085987834	-1.0236683822556831	0.669279043763969	-0.24921699061176397	-0.4571964709506478	-0.04152879579919356	-0.28589068551329855	0.48930686609865487	-0.29615171531459955	0.097412144704159	0.15788846389690608	-0.005092999764414646	-0.022340761743125555	0.0623231898043356	-0.42571251537433347	0.47940221929261845	0.6582421750592224	-0.9483493541130574	0.24882235299057678	0.2888242339839896	-0.34488256168563475	1.2514426969617771	-0.5767531290652327	1.5591428067652462	-0.5332405618267005	0.32268289883487655	-1.0465810242856413	-0.45777410799319285	0.5146258043818401	0.7584029377789017	-0.4522846912964811	-0.4594188088251944	1.9335652169541362	0.36199113618208983	0.7512652438213733	-1.8193963158647677	-0.12909309025974486	0.05124498827511323	0.7918647029277642	-1.2063957100967821	-0.9892806066335321	-0.8651666985956936	0.7028436622508534	-1.6215509375701238	-0.7406896371844557	1.2209234076409228	0.7025451636852449	-2.8602928669433703	-0.15887959130347945	-1.5949921834719458	0.587517261131197	-0.5437299879871241	0.9085090013463623	0.18548042244121896	1.5218011808379572	-0.3682478289763078	0.3207612892941679	-0.1105893766330655	-0.7668248593420345	-0.3116823521760229	0.32854978430666315	0.037829860267901236
DTXSID1023310	15.004445942628044	-1.747716741564538	-6.185608708989216	0.03983197133779481	2.8820011664987786	-0.5936288503842672	-0.8554525448909901	7.098257272599238	0.7532138902186837	2.2232967409356905	-1.768123515745725	0.7728415854190437	1.527629690811426	-0.6217407423793124	-0.3485951276702483	0.9179457335924166	-0.8317095585268643	0.4338912398872733	-1.7598440588948017	-2.8170779255847527	-0.03621003897839048	-1.4347227113342922	1.5693305395581572	-0.7675005295342506	-1.4676884257961986	0.2210133295791981	-0.9046273400292121	0.0704242182258521	-1.0732421908031844	0.5065468817464127	-1.005840192039467	-0.011578453722187267	0.07857374145786512	-0.11050076798311546	2.033253137520448	0.9582356972149914	-0.3198366011261033	0.1068192656210453	-0.1495991142399794	-1.1427330766239456	0.013168854835024457	1.25466193643912	0.07412238263560714	1.0774123206730193	1.5572799074115744	-0.29070795843907926	-0.13374517937009195	-0.3019905733177618	0.09882134739266218	0.24967802514028345	0.433710000769976	0.1048840769715418	0.5356367970450865	0.05591230874933686	-0.39866639792924263	-0.13770860485017158	0.08003694001642317	0.2739521808578606	0.46866742282332163	1.552027354201211	-0.38681140133157066	-0.09081891861813479	-1.0218411096331974	-0.8578296164592563	-0.20624598558959253	0.3342144410084178	0.3051155874615074	2.2018836166405036	0.8644558703233018	1.4551547817020776	-1.9229671913894906	0.328530181584934	-0.8849418811864092	2.1270733623957585	1.0729330507761072	-1.8903827317682866	-3.6630620657752644	1.6364727293464287	-2.293449524793367	-0.2993831053660785	-0.6562172551323079	-1.9040988876065843	-0.5554491206042025	-1.7110205724367706	0.09029244179992049	1.886175541421489	1.3244994387148932	-2.642525856669743	-2.110343871790357	0.6011020791369006	1.0125092328514964	0.8145027692104381	-0.2501511589904894	-2.1088745124273753	2.763337631509438	1.0056875659371123	0.8827151918198353	1.4054790041151177	-0.03962250373751258	-1.0229436510284433
DTXSID0020155	-4.722785055367732	1.0676161216056266	0.36949769212644673	0.6139952253176106	-1.3881022624696118	0.560093812507463	-0.24103989869202858	0.3968130054864448	0.21496916373452962	-1.109256869581917	-0.637775459355849	-0.022120138238720194	-0.7984994588024457	-0.21266656343090043	2.0419428054569364	1.1849727102556145	1.5492103049715236	-1.876642826317645	-3.9825501462832062	-4.0048549995677	0.24525418508317917	8.919262175843121	1.277886663506027	1.7418526456202297	-2.138544365509263	-4.811440789418765	-1.2053313933558567	4.827176028120156	-1.9127172754259043	10.132215018927763	1.2540613330934578	4.351301250878415	-6.1928494265907155	-0.7944691349649137	-0.04475180760525102	-4.123249543969512	5.388427896970604	4.669393297187351	-1.4868772224896158	1.6773269559041064	3.0959235273881673	-0.1252939486516579	0.23048939540887012	0.07021506810415225	-5.406045739322311	-0.9548531803143857	-1.3032883851422978	2.247339805626947	-9.151363548185104	-3.268761487526346	-2.345352069338326	-0.27394010120051265	2.22791279069307	-2.0718573280439005	-0.4916767035545568	1.0450987569299088	-2.792817912925447	2.0333586619178776	1.3854085828702027	2.912918388174459	-0.7636149081035271	-1.7820633550316674	2.7762125999100546	-1.2564009310379063	-2.1484358950638587	0.40313493676857376	-1.8843444115428842	1.884307044591295	7.012683023659215	-3.2726198374772584	2.3399045117341877	-0.4900218974477846	-4.033774199794501	-0.41982035671986717	2.351044443608243	3.757382277721146	-0.6494394093362273	-0.8241886663570748	0.6138032856656506	-0.045204499086557486	0.056092421126153105	-1.4950579094685	0.618831095796801	-1.4743972377104273	-0.5598399305142728	-0.18596568440112143	-0.6317303860382917	-0.7268267241323844	0.4187002697233028	0.18687269139167953	0.17348906537642375	-0.09196262019143397	0.4561549036511006	0.07922346548791921	0.07370001333035481	0.5903484653193583	0.7357938330620682	-0.39957930020839977	-0.4870266889503104	-0.12346895407261005
DTXSID3021485	-2.688400063256538	-0.6067870498680579	-2.123615193067111	-0.14090855315667525	1.7834925209724106	-0.6578468350593772	-3.866395780207196	-0.8050177583962677	-2.083854825449675	-1.247097863816031	5.866441091528381	-2.3615042394780166	2.1786519499688954	-1.3768432938839634	2.1580520852086846	-2.707611308964139	1.6146134840165163	0.42349231939762444	-0.16433076182431347	1.012507182378227	1.0764740402568393	0.17135563791355005	-1.9476603614224117	0.8206101841865846	-0.10475927208535997	-0.6864586146529889	-0.6425653258877981	1.1682603553086177	0.49017415671738396	-0.3351730076930839	-0.059951557422130146	0.28796703648489197	-0.18636731130466266	-1.9518036142597872	-0.5948536623724643	2.6008735538820846	-1.3630217496838573	0.336697607370161	-1.7446567565616962	-0.5969965474608524	1.063134541784987	-0.667627502108892	2.722478683579834	-1.1029215355781254	-0.3335409743302757	-0.20830123215183133	-1.48951856882624	1.9107660869412912	-0.231517810372926	-0.3991933756220179	0.2064610196710733	1.2299868732333703	0.25632366562722475	0.9910684714181922	0.3792541447164207	0.8207279385294043	-1.0048431828288698	2.3019894518180073	1.4031179553476418	-0.06693359724899699	1.3767290094210975	2.142108970558385	-1.244202871720702	-0.3361245835243701	0.6061181865433427	0.7167691557650122	0.8570481813768045	-0.5209558589422157	-0.3679667518139351	0.2929205529014744	-0.3080792726780603	-0.4417567390476678	0.23775479850990325	-0.044843514324050614	0.40588877236321086	-0.04070571161602438	-0.678118469503079	-0.08538731127189614	0.09294307969091022	0.35515701889740825	0.1821210994185584	-0.28458985547837595	0.6443336706056185	-0.06407750839201534	-0.05297392898586901	-0.04457365001710454	-0.07181384253216502	0.113681062179101	0.31944606815086607	-0.08036574836894987	0.19583082277871536	-0.3143180268768641	-0.20075910198379118	-0.2240874015990465	-0.011230733649905155	-0.28773752887072185	-0.012804737121623276	-0.02385945641542125	0.053301928033123246	-0.022310591805117165
DTXSID7024087	-5.896171350896837	-4.225283961082535	-0.11710303007311264	-0.20776344949117223	-1.1651859065956796	-0.6528863727560785	-0.3728986982027296	-0.15825909810703384	-0.25718929410808783	-0.15170458794402597	-0.6345154378616952	0.2353546543083919	-0.19408915491234274	1.1873583257488742	0.6144606875937133	0.261682572668454	0.1426516117508382	0.6726994600071486	-0.15387989920850187	-0.8211265362695288	0.39048050236913584	-0.6975728001806438	0.1693782889084889	0.38501739928273226	-0.5714470950556543	0.26166775455795643	0.17620856773319782	0.3451116204479075	0.0795909259498227	-0.3018226625081876	0.6537025955815723	0.2769375244860105	-0.11952910777608249	-0.4872113041579915	-0.11162065884091694	0.16403995398783366	0.13700167523380669	0.5844792645031401	0.2356866269538417	0.2522765893503493	-0.32193499797026165	0.08500981155179549	-0.08694377574726755	0.35051094951834844	-0.36898604459183465	0.12512068776592758	0.33614829205225827	-0.24962763034772842	0.0884808331285486	0.20175136949425132	0.12150931962928756	0.14442363824031385	0.13570718312336782	-0.10895566785496703	-0.06052097991991693	-0.2135498165944536	0.09687917112492535	-0.19012339479973184	-0.12872716810416523	0.20241941897772153	0.3919152156732874	-0.02129403971282313	0.25308593544756075	0.1560819762978527	-0.3703508984170174	-0.16086782226050614	0.6524131901535288	-0.4524303428164371	-0.15082063920163424	0.6470939774109064	-0.13337773377036097	0.1236120996863982	-0.4098843026867925	-0.05102753627280388	0.248275253188406	0.5203742990782387	-0.3440974173080281	0.7462670462117414	-0.09810300499442993	-0.2604176737294769	0.25378254048961596	0.19734431424908827	-0.16682509777667331	0.15113998618757732	0.15133546407838028	-0.12231927321065582	-0.029502419430213474	-0.2235707383375982	-0.23357309087361158	-0.09542983700131186	-0.3722425773595265	-0.1173596561760019	0.07780017281730767	-0.05529599430173403	0.11107162968141603	-0.08443923620268129	-0.14689967453899674	-0.1595969954957733	0.0002350679052681874	0.0902855985175807
DTXSID9023128	5.2300225631494195	4.452992446974826	-0.2814946029167461	1.637210284798027	-1.4215402367212284	-1.6707709537553306	1.7151240430649433	0.8767619264227389	0.1899754709026734	0.6920241527451819	0.9575652560818473	0.16804390811785005	-0.8057269120465412	0.7349340331009253	2.1481193447676477	1.7292300568929295	-2.0107452183019308	1.1203432705665213	-1.1389104423976664	-1.8732332056679857	0.03580064105668329	-0.815608553498893	1.6195908945056054	-0.9441377988456837	-0.2664595742692016	1.1713203354662851	-0.22801542580180328	1.6525634344673117	-0.12222895446553811	-1.7724696546524832	-0.8390112056310222	-0.12183108594824678	0.30111905771913605	0.12260645472276528	-0.5779213601534264	-0.7521976196825803	0.2631029627497045	1.3955710562118622	0.09487707546814288	1.5843763715019812	0.08705099211843761	0.476081650218094	0.7580210635298649	-0.33417249377824104	0.28680832674085555	0.7938103425385756	-0.13957046535855772	0.5558694834420954	0.8165298302227636	-0.02583914880641022	0.2801283805018528	0.3252226820122828	0.5682741193782276	0.2989390271933197	0.22476879499698313	-0.5790274139388192	0.8993477304695199	0.898966948381455	0.28018435027057165	-0.3697087617016768	0.5820484559769645	-0.6791815254614699	-0.590919522423991	-0.7549126028733463	-0.004777516426880945	0.2199572712144802	0.5281132958747404	-1.4432184867182736	0.5812468093523666	1.7261123126428635	1.55039222424301	0.6512246724837102	-1.1300370695840924	-1.3939906229309735	1.0176007472564936	-0.6211155252219046	0.27143965118540303	-0.9211149021400659	0.573199450592993	-0.6438963500968744	-0.15287905304526728	0.061832875116266915	-0.30772165121083184	-0.7505887163164636	0.37148145236776986	0.2679958509352796	1.9193954809616063	0.5467469630441503	-1.0224405749145773	0.4249567675132624	0.9193861291721225	-0.4454743450976392	0.2397741157645835	0.1373869527273722	-0.13566737387730235	0.3754876239962306	-0.5736706474588797	-0.1469606563896169	0.012821777955265441	-0.43908732466123157
DTXSID1024128	0.08226491611856876	3.6978475815437037	1.3109566589479382	-3.9252883556815283	-3.4795691287982784	5.75093043971635	0.5283535608630607	5.350559985327777	-1.1736821278404121	1.6995442033451047	0.3817717880030386	-0.02333024347176818	-0.11229850612942224	-3.3983212930175486	0.11745910951375851	0.515827867282561	-2.095190309556263	-0.7245816418575125	-0.6769514237892054	-0.8628193278260204	0.05950357162036998	0.16481815842571845	-0.16904590644266904	-1.9778565058363062	1.4447993198171714	-1.6607746547846767	-1.3526677086786698	0.7099256915239772	-0.5253329048468921	0.30565479863145295	-0.4225518432347027	0.9170983016924182	1.7649331236490027	0.18711143464605243	-0.0035147527946692517	-0.2817354694544596	0.12757017012897057	-1.4091073802720782	0.7875260310481406	-1.117887248625828	0.22722514781614467	-0.2713445490542299	0.3941804639343334	0.08672091726630275	0.20491801265202272	-0.0914511934657179	-0.7794918239426404	1.4674476115613262	0.29331820098455663	0.48878369199337796	-0.07795514740615837	-0.008813963236865561	0.5003219274245108	0.31124186084281935	1.2993507710540104	-0.03984216041115777	0.9061034801254664	-0.3727231221666751	0.3437473407646208	0.6797081380707264	-1.2630935004737394	-0.010023545478913385	-0.7812790426478022	-0.7051977469384519	-0.1913456963309714	0.051687693608579915	1.410597233680155	1.3654627201621663	-1.8181796329644906	-0.14755175336366833	-0.6887507895492607	0.955049557914705	-1.2112675427307507	-0.10196658781781288	-1.100378476639543	-0.703966523458557	-1.4980323638726742	-0.992227853632808	-2.139769842554655	1.254156700506169	-2.295883199030738	-3.6728645376203164	-0.7945670237915659	-2.2105197933829497	0.5850361598292945	2.112970846018612	-0.10050780906356285	-0.4874108949701513	-0.02969788733397704	0.4451519550595033	0.5776313568518402	1.283553228193093	0.05230941298186794	-2.0054669759196484	2.5705921034615646	-0.1328281888184258	0.28048546848029254	0.5911205423175173	-0.3569593298780789	0.4036920978647064
DTXSID4032667	6.824109140712538	7.9362853960089375	0.36859795361325365	1.2835783426455973	-1.5455610562152362	-0.3064879152877287	-2.7181972048222276	0.06409744085958993	-0.5770867266644976	-2.1515881968965265	-0.4976355206251445	1.9865653959005238	1.0230220178706175	2.7385783479005794	-0.4989152330221016	4.033865692615493	4.558167835242303	-1.8277861136338092	1.6761083352115278	1.2089791248868031	-1.1201327721839265	-1.7304755516134496	-1.0621562687725081	1.034379355606554	-0.7407115779547204	0.4123587079354767	-1.0422300879843158	-2.217808616235981	-1.0820381138064408	0.9202610019577597	-0.12527195105569938	-1.2588173756704573	-0.41125446946110195	-0.20875751242464718	1.1395576692897662	-1.0310873014190514	0.6123299899383219	-0.07190370674354896	-0.623596093973637	-0.014157269772737733	0.7814807483701665	0.41443287310369886	-0.9812111645461775	0.2411727165297388	0.2980779564728322	-1.6384550440459338	-0.8830059761704933	-0.2715127866353013	-0.4901620741422817	-0.00606926834319691	0.15219028892151273	-0.6372357996573549	-0.1349042396323237	-0.2063812762196448	-1.6635427670818934	1.2593996004045673	0.5686008598984882	0.30417604338895754	1.2475147119995036	0.6697305833022388	-0.6624840673677992	-0.2813831381109922	-0.25487632132348914	0.23111097321551166	-0.1230100188154668	-0.42673305302259457	-0.8911583791620273	0.40041089213299486	-1.5923943511981247	0.6091618284420197	-0.1415121442861935	-0.1540799710852496	-0.6738037274530159	-0.35661641346847256	-0.8259967125965892	-0.2182567533272991	-0.7990664125135308	-0.39066222699950826	0.2794772186163618	-0.6824244971076746	0.7233195137989346	-0.3874323154071645	0.9840712629878375	0.07111400989865135	-0.08791671775997324	-0.44035431440616213	-0.6527044889339165	-0.17680608608171997	-0.49358084998410257	0.33915117974858816	-0.829316235917538	0.017921862316824452	0.41133106787137114	-0.7810728034483866	0.13918397269866056	-0.4474931004576282	0.02519206840456461	0.09120561290952434	-0.10363993270850813	0.020644343413948572
DTXSID8034665	2.1461717009372423	-0.673042280846962	-2.058344147760908	2.4849781181813815	4.099919706007517	-1.8791977753279707	1.828402731755846	0.7225273934080709	-0.8898441070259736	-2.0163817677555635	1.9068187324246026	-1.1592580000447297	1.719532704145019	-0.8254344786572368	3.0482938888843196	-0.7408978251216073	2.8883170092287433	-0.8997654353831978	-2.812987420609497	-0.586459463679807	-0.05392898995790716	5.797888614847326	1.1326083604022805	0.8826894657122829	0.008167797909729902	-1.637162408917408	-0.5736707784669068	-0.19752652323367997	1.9292471114906744	-1.6450681905752005	2.1883378685322743	-3.0453953734240153	1.4773943302062982	0.5221046368175357	-0.303271531684516	0.5785694986316471	-1.2268504084222598	1.0264969074411703	-0.7116435198614124	-1.9084599780008897	0.4578415411447637	-3.7381023181727184	3.3519088527330214	-3.3621647487817476	-2.575157714397894	-1.1038517162286974	-1.7642662400869382	-0.9476580351793782	1.6812520954141166	-2.713313532450843	0.8590004276237051	2.376161287507514	-1.5469632820880919	0.11147228901012853	-2.4385181814279733	-0.44412821168301664	-1.165286140577983	-0.18156915577688792	-0.7822181006065948	-0.4256332414258405	-2.21482184861454	1.3066364117933766	-2.2201019643755644	0.056130848152802885	0.444778587423957	-0.3247801717661801	-0.6770992404992632	-0.14807477009907144	1.5070467128766483	0.5569877181096483	-0.43403550091249415	1.0584509099238617	1.5175405276153293	0.7055789277171381	0.6212275395287685	-0.5040994578010735	-1.3994597518848506	1.1117871362754144	-0.11170677800451437	-0.22368687513314583	0.02593611199504517	-0.24256963855397068	-0.008428697284994858	0.23967978097424275	-0.0867666358167508	0.3665314739562638	0.34905514723073805	-0.9792359363405538	-0.5528797648099678	-0.23243234524409723	-0.10911610094338411	-0.46114763300259554	0.522505632773639	0.33384222452860235	0.28238041961607885	0.25654286174188323	0.4397491896285244	0.8378290856732333	0.41238084065076647	0.13249566858121442
DTXSID6040373	9.863029634564688	7.142925315997784	-4.953311181583762	-2.024897271733977	4.0361773472357	1.948476830860794	0.20292898184519972	-0.21891134742483678	5.123561548640601	1.2056966950474781	-0.9616481336955954	0.6515595367635915	3.3382869996881133	2.37352861445707	1.817412687075614	4.416585827465951	4.63574956413388	-3.310406072143588	2.593629772840614	0.161215557804374	-2.4716120714438996	-2.302823252462526	0.8944025617831396	0.9944649838505333	-2.4554447371396244	-1.001836525033554	-0.8721362502386861	1.6575563254525407	1.150697930936419	-0.8708050789985049	2.1222040320766147	1.8979269202811393	-1.6523191641077113	1.5707988349669264	-1.5735538457941036	1.4682134815246468	-1.5008494512750354	-1.867567422219481	2.585172917058301	0.13442879269403635	2.948134069706491	0.31813663896596583	-0.9224384620482632	-1.9851655240133514	1.0520019524622972	-0.7565982873440094	-0.21603729242264516	-0.05488989311276953	0.38242623050296354	-0.9257979686052975	-0.6335129855370988	-1.920796345096637	1.2807433376308366	-2.5013347260949543	1.2884050356562637	-0.9799439330447951	1.2247376973847868	1.4293384863102374	0.13352416417323804	1.2260912264746566	-2.0116452916550784	-0.9278216102363422	0.6024198488491108	0.12861633521440063	5.112665265236433	-0.557052007666048	4.329206604226782	3.492654865858858	-0.3964357993229231	2.1751533460071317	-0.5768110783035356	-3.6147385496636395	-1.7709162175046531	-0.9181941953381325	-1.1418679355100967	1.805267650286073	-0.8468017042868891	-3.080599440706033	-0.0008340764633570418	-3.1043927043664294	1.2945530034982253	0.023936632010107536	0.7042673292485978	1.1687682788983127	0.6120141317729959	0.23341506012191454	-0.7551147169672927	1.319913246415826	-0.12014781029475562	-0.11976086911089835	0.06119138618198361	-1.7759427882494119	-0.7285031601705001	-1.5537544260113463	-0.8066417763341023	-1.3091128176200404	-0.19568302766689658	-0.8619045912144899	-1.106602984089411	-0.07941005277915059
DTXSID4020371	0.3706269731211043	3.6122903812466305	-3.39405941730884	0.5846678909425695	-1.0756533387196092	-0.12853551282654535	-0.8719698674566063	-0.8344692492381709	0.9963027720020993	5.432517061980713	0.06769133312653731	-1.7262027346164333	-2.48825285155827	2.0958033665102165	-2.201573009500975	-3.0217005697390498	0.6279763070315665	0.47678792907677275	-1.529435940891265	1.4695715155013664	1.8406722257098118	0.2585811061200431	-3.0344722856163853	-1.0469290856888054	1.660383852716147	0.6038205259024035	-0.16393255278368768	-1.6218727179861743	-1.1208413438221903	0.2780255497596278	-0.2634435972348379	-0.1792586136295209	-0.7575296815404884	0.39523988039921254	-3.324101428801952	-0.17959493007711777	0.39419590101828345	-0.20067820701293246	-0.11566971736836394	2.912465071561574	2.6432691313488275	-1.9220651121925392	0.5883965560387853	3.0103461155753464	1.4176762630897468	-1.363247090931354	3.7722424408644133	-1.188289121524161	0.8482471974136933	-1.0741260006562174	0.11276357235641372	2.5079914934622924	0.4563430054191678	-1.7033534591860149	0.8302941264251482	3.884370708462268	-0.4969348506222848	1.8401713497564158	-2.670720540491866	1.4104286099005463	-1.173477771788471	0.013334239365075396	-2.25053429478225	-1.8743404314159264	-0.05025510131507149	-0.2807269858572635	-0.5860922459967512	0.9016545161490089	-0.04991405233226349	-0.6826129779049106	0.0010250269550224546	-0.39986626791226343	-0.2897637849682764	1.1801026133058778	-0.29786410469139646	0.1962097690134481	0.1675665195848791	-0.4153549717760518	-0.6109330431105455	-0.4388100410564078	-0.6023691305544291	0.20776510396427608	0.27960346302897965	0.5986367469144569	-0.16084618300387488	0.4880252049125756	-0.2762355996486112	-0.2325642292444135	-0.6096584362982909	0.3351648284970375	0.33744232354791204	-0.22590748034750524	-0.787782378665663	-0.3602001647714232	-0.5554424889677179	-0.5835269838875639	-0.07241904897850292	-0.38957976448842385	-0.0881452430788181	0.9194980137427159
DTXSID4057687	0.3271071185433421	-3.9164372244667454	-2.4340042128553145	2.622221699630204	2.7355417577207723	-0.4676795661762499	-0.10177105952743351	2.859531460076903	-1.4419807252391086	0.15747779672372156	2.06280538149781	-1.9976932152384093	1.7201134141813372	-0.7105664542103107	2.931886291205066	-4.074959567670381	2.469931230588117	-1.3989068970984984	-0.7241372276308521	0.5421705140454548	-1.2990493482936385	1.2374675701904303	4.273750280480054	-2.4784553687591493	1.5982397623643543	7.76863188143819	-1.1213184653583066	0.6551755623028174	-6.8597361196398365	5.080300986268399	0.5194508815886221	-3.7228374425942805	-0.5257180097638031	1.736238453599863	-1.4724778371726106	-0.8056571489163944	-0.09281172742794332	-15.643169785139719	2.729176547248903	1.1359633030312204	0.12913027524728185	1.2291930157703341	3.325663140098696	2.0658855131087543	-12.079884452249717	30.493403331347597	7.318129679146998	-9.205214553278482	4.22270056040543	10.558249779582198	-32.841592138456534	5.146997815008904	-17.45867126523206	-6.363086876153244	-17.540204821518927	10.891238967834298	3.884665151978913	8.0105249993987	22.153226402795944	3.1148808064376716	0.8974151457675422	-5.643450493327734	-3.428490103765581	-1.9251144387128447	3.347004648847801	-5.674201751721827	8.477061517725668	1.5024067875884008	1.2241408118333612	-2.1148880748524532	0.3261836585870461	3.880746152998995	5.586188231568822	0.3889961806635338	2.51136883530156	3.0154435204712304	-0.7815188846255918	-0.17359011774847546	-0.9456559054930634	1.007901218352163	-0.32951789819852134	-0.15679045130441258	-0.4106051070864847	-0.7159109071727131	0.8594471390905758	0.45445068479342904	0.7452632032573455	0.13369679392855613	-0.09899151767724511	0.2105432642967665	-0.17483616054707352	-0.49991497777997856	0.41379278904652783	-0.1642721650631068	-0.23928700908081715	0.045065015782712985	0.007718441405597666	-0.057231508326486415	-0.5060381310011619	0.1591694959315031
DTXSID2029612	-4.241648558533417	-1.5069883173441398	4.119755471333023	0.8146212023078907	-0.33161815697599495	0.28663861720535694	0.7157964299652237	-1.3169568004523797	0.5558628888467285	0.4514485929655799	-0.210076077990316	-0.26815502292116294	0.31192746111281083	-0.4165803424726414	0.38862806094581787	-0.7059050359548649	1.2431249689098736	0.07602874629411942	0.14691476566209816	-0.8568800477947436	-0.032494982890681354	-0.5717375799735729	1.7102473928738715	0.34816854635457195	-0.3842744366338748	-0.5560045230146021	0.5216855163128714	-0.1711926608684459	0.008389605082745485	0.011438087312476551	0.4286699124172532	0.7199650779647528	1.116636547443754	-0.027608365989499017	-1.6452739098613205	-0.5631292355753809	0.14560107826577814	-0.7720981050418808	-0.8525247094920607	-0.8664080958570718	0.4150171459540656	0.007681438574946709	-0.22945989017101046	0.2226008530432306	0.03657735210294992	-0.38166799599774287	-0.09163614146371658	-0.5369900200918403	-0.0826303255273454	-0.10823268934699282	-0.05343502452707754	-0.686951206576993	0.06020399871677201	0.1292996263862274	-0.10348292219342928	0.41085768646191245	0.3923719581177991	0.042187306677872995	-0.0768806333758524	0.40409694147747827	-0.22038440775832782	0.3276291479406926	0.12884317282845617	0.11937122225196264	-0.9483073585405537	-0.09733445518013507	0.2114928708771435	-0.6042634553030388	0.014663155370832286	-0.15124900569169433	-0.31171104954546464	-0.26154806454642027	0.31694975115987356	0.026160668344928535	0.5949259768601537	-0.5923299075363371	-0.2901732290932232	-0.03755015785257024	0.1215746304327018	-0.03349802705768968	0.05660359562363379	0.3377177973759109	-0.08942702661708024	-0.06847535087272544	0.02743111831436065	0.07010686699255077	-0.015941349910889937	-0.34115559594668254	0.15559774691455547	-0.06867781392639677	-0.018956495448043877	-0.2649637295163946	-0.37364735428818224	-0.08661339428771282	-0.0014939337337246273	-0.19279494483794124	-0.20253925705005124	-0.18986722801596795	0.04054350097273272	-0.12779725385369964
DTXSID1023996	-5.043816671702721	-2.972923703595362	2.093303385615597	0.19867967089658456	-0.9757679905380969	0.2190937730468788	-0.10123699867594046	-0.8540564988082439	0.5956693687399229	2.1758484259193787	0.030102071772045182	-0.7894683933481013	0.12936100856708094	-0.4964824002577249	-0.8504243268944702	-0.8936089909696233	-0.29392313870154757	-0.2943911716006221	0.47077722077120576	0.745812786045337	0.054190800766670696	0.5558853088769415	-0.9416419761111655	-0.22628356379249423	-0.24338331190311605	-0.16752830135032956	-0.018371594062601304	0.1529238877956428	0.21978135480608152	0.08743635815736026	0.7298588791395172	-0.325264396049398	-0.340988462480816	-0.10828263228854415	0.05310334122807996	-0.26665414734184045	-0.4693416302157929	-0.05865749513185706	0.2548639870740017	0.44999308633645463	0.034729101860133324	-0.032971771528850606	-0.07074797858190805	0.17274949816543692	-0.2149828298679936	0.26038330173735785	0.1214410212556114	-0.2003935648505796	0.09908242824338134	-0.08860417028630523	0.046248662953750484	-0.11655454009300534	-0.19796169495748842	0.08990875724778805	-0.06155054700045679	-0.18386576803516452	-0.22134054618928295	0.02871698637525849	-0.176158583238445	-0.2657698962376811	0.03116249238011682	-0.07249293294510013	0.0088638084149279	-0.02025340002137632	0.14285297894049537	0.21246709561870922	-0.2467002909930478	-0.23083366105203482	-0.7690039677494281	-0.671214114307825	0.4888091481179366	-0.2324463067864481	0.10028023224726496	-0.029806047832160655	-0.03836333990697355	0.23942013201712473	0.1762036131730022	0.05311519044284153	0.34837801725223827	-0.13520287058436353	0.32244453200590206	-0.16361914583999015	0.6796491813874888	0.2748486684790776	-0.20099433398690597	-0.04425879190405816	-0.5430491531711092	-0.642503205497342	0.31268497262119427	-0.265174398313001	0.2940877605003195	0.26398774699756644	0.0325082634871702	-0.04714528386391394	0.8678674444224258	0.2891876072396281	-0.33225444444272895	-0.23672776584427066	-0.12589321592610972	0.2595789719235785
DTXSID1057612	7.5598840499749596	2.456088773272455	0.511563245862614	-0.5899036242609063	-1.9193005841565616	-2.564595363931564	-0.7595675832593795	0.5198684925547958	2.3610112284907236	-2.0727237285164932	-0.003963950214722174	-0.40149975891741874	-2.814634490321853	0.970692038201279	4.200729440057921	0.7506269218973515	-1.8523459779310334	-0.7206216640234333	-0.919933819837187	2.7548912906302956	3.1591947629756443	-1.4349225761052278	1.7814346026871861	1.9689980542321341	-3.156165510880273	0.16221377688044128	-0.5952944621300353	-0.4528031872556778	-2.2725817377323247	-2.2261337270120785	-2.0329267523695056	0.3584885625404628	-0.3941371251450111	1.5010925509786763	0.3879511457007069	-1.2581365789974073	-0.09731273233691316	0.5748918401147833	-1.9428828473768163	0.7673845530003716	0.017271529019329476	0.5083523135744659	1.1342466204692538	-0.8820226019401699	0.18644984957789745	-0.0588460144757699	-0.36217609457470845	-0.33528586564368157	-0.01805058286691841	0.35734348902278246	-0.15672682803196508	0.005219500718263576	0.8175336984105652	-0.8556572765449396	-1.4070954659561186	0.8656790437007854	-0.13789600713672207	0.7430802010893012	-0.7905923553253351	-0.6990344894784537	-0.014311703105016343	-0.9561403672058518	0.9843838842520032	-0.20081535829275216	0.5541700113429201	-0.07526650195449726	-1.2452330000051777	-1.3011829144144487	-0.10111133800935175	-0.11163237487966009	0.41002059629058607	-0.9236567793032957	0.2951769672685021	1.6804467064596125	0.1193834942248373	-0.6206958475621557	0.033528976459265225	-1.4569650554542135	0.5677741357050401	0.23085801218567856	-0.21582711663225254	0.20018721343985416	0.9431774449692114	-0.7663530389790484	-0.7126549516543469	2.443277114301333	1.1504394793915365	2.4823555837451785	-0.4711956975472029	1.0222241060454922	-1.1804669662502096	1.0123136618786244	-0.10428829025027996	-0.48391606425581923	-0.5549248096753362	1.942832340203321	0.07958260290089496	0.018538485619351258	-0.24725991564339397	0.77857694992299
DTXSID3021190	0.011942725491495677	1.251234134603676	-1.2380358810152288	1.2134802075847118	2.4654055198954854	-2.2185329040023753	0.4565775138032712	2.534729148868403	0.9554188373649382	2.674089237301967	-0.7262859989774171	-0.6041468462319755	0.6700311910667859	-0.6873172718324576	0.1820028278718952	2.1315321882007416	-0.2792655608465357	0.5049669019401687	0.5903369573349466	-1.123443414055631	0.9415589039162342	-0.013838852269923384	1.9944824097280276	-0.38431641874398814	1.6406251271127408	0.3560251762490999	1.0123763725141204	1.3284693008781652	1.4399554012493776	-1.1780117978492055	-1.600705591570547	-1.623309107887425	-1.6726051934642499	-0.052718939109142986	2.2431456375436474	-0.8449247113261983	0.6099928713742605	-1.6026685488302708	-2.386687135064816	-0.13296390839826194	-1.8751869469141094	-0.3903322302751902	-0.09832105836810423	-0.6876507636111501	-1.9096235280997784	0.06430586885458547	-1.948878974828704	-1.2384657076953096	0.15667073458611436	0.20119164363625142	0.09773883512254747	-3.100419430163874	-0.9337408074869125	0.5659674831944604	1.8400135803545683	1.1079701089828762	-0.44147924036771025	0.9218615518346566	-1.9591129547579702	2.0040046992645366	1.5609480223496182	0.11643514417727202	-2.4106248769934373	-0.6889488034911172	-0.23828095527695903	-0.5321288077002777	0.7876801266264424	1.1054452733731555	0.20661805125269886	0.2803299630981746	-1.0320573254722782	-0.13208804851527212	-0.31803838287205777	0.37177619494292574	-0.24158631474494996	1.4406959265033303	0.9154329348419393	0.9615514024944938	1.0329703296492931	-1.2320643668285252	-0.6629075634392116	0.04044184763010633	-0.228998873801966	0.23424283466850737	-0.602820397197258	0.01877916252965341	1.2069428303848824	-0.38593367629205627	-0.3626339244980545	0.05000528884688856	1.1703732602770884	-0.17574488353796647	0.37222118374402774	-1.1554660269001351	0.7439254779227579	0.29705622839735185	0.14966109519189488	-0.35643963252792554	0.5772821286881936	-0.37376686750738963
DTXSID9021427	-6.222002942315076	-3.7033706998560323	-1.1851651420340228	0.9280150033505861	1.9823899540198102	-0.7530287692924255	-0.8176056802632586	0.37269955068644095	0.9762559488479879	1.1682827912145308	-1.5316599475104342	-1.018869850087291	-0.12324060753331997	1.0800558796877286	-0.372163398502847	-1.7514612696519736	0.877176511762207	-0.25978317740969525	0.21408719257654987	-0.4725173476026159	-0.5156777812358759	-0.5887461500613939	1.1471471861265172	1.0286480442379198	-1.7957906509395773	-0.35896282489746134	-0.7824129202160572	-0.31273153608416177	-0.6779779577122014	-0.19957825247092795	0.35059550979735415	0.16034917134711296	-1.7056230897136926	2.4739822592669687	-0.009458664506230539	-1.4233180359222548	-1.8189702825579357	-0.5973608898413092	1.5053853508867179	-0.7828071773986881	1.1068237725575627	-1.6002994640517938	-1.9197723255611403	0.42719742577152703	-1.389099905595421	-0.2940227971510277	-0.5674251062755398	1.0039476171544228	0.5198251697254711	1.1781451664100773	0.5809477974994302	1.1246214364409781	0.2292681526198003	0.5521630783841712	1.0216186936256906	0.3357347180453551	0.20185754173912246	0.8330181052173861	1.22565025091211	-0.5665829765218006	0.3963759237236473	1.517344977115967	1.2057915851028818	-0.10925383080272792	-1.2734149604735001	0.6446791152539102	-0.5532101579578059	-1.0176642768137312	-0.8370812217903275	0.6487085023714877	-0.6971406083169673	1.3183182439367431	-0.5547791946830132	-0.6133781878573388	-0.4895720382097866	0.9249081360052737	0.7075368404629037	0.5042565037293296	-0.196418534136495	0.3100360935166648	-0.2359104610383042	-0.06495036893114278	-0.9566805302844226	-0.9282430502744717	0.8927631275337042	-0.40752102006729424	0.8417179032283949	-0.48533115530438736	-0.7323885033273235	0.24919103606635096	-0.37559229330911736	-0.28016585336401234	-0.7292109028690317	0.36890500579113267	0.18013150688950455	-0.14960093138629463	-0.2177749282550668	0.0782744841554398	-0.2574862644464527	-0.34390822382333847
DTXSID2041547	-2.9150519285017973	1.2327041956636071	0.9340623187619309	0.9779867409428246	-2.279004929595991	1.2559424436612967	-1.8920412261664732	-1.716281700915143	-1.24943302901559	-0.5213034232663143	-3.859973127080389	-0.13233564363281858	4.676962276323499	0.25920456797239017	0.7473684347453827	-0.8815206486823282	-0.800607849801543	0.3514547342236739	-0.5995816761794601	-0.46459332294061395	0.2794671763003766	0.11500293858027968	1.1029329228271056	-0.25109494341047656	1.1234554266701697	0.1553353017501223	-0.44670550306088674	-1.254023829848451	-0.26791076230848027	-0.25385021299680255	-0.8856984685722648	0.028724024691877712	-0.2711928088343789	0.057130076685418314	0.26848287061054676	0.3179136020572318	-0.6044909355386384	0.5589230474715433	-0.2224815658802697	0.26823786438031927	-0.3378158024213092	0.04437312028167213	-0.08286166621539329	-0.2928388228570813	0.035398012219443255	-0.03947756387823556	-0.08729603037209269	-0.20422168748693562	-0.18839691333621633	0.18933948607773016	0.04100840567439378	-0.2200938344848821	0.4202245466044903	-0.18210730090374339	-0.03176377669856669	-0.09326237796477019	0.15017321333792125	-0.16639674524089337	0.20421525269800414	-0.02549756909919998	0.5306478349002748	0.13297295351600727	-0.20610498574222968	0.3231505230922783	0.2891670631630983	-0.35266312149932044	0.36069646677733	-0.044251508159867795	0.27271441208584285	0.14517779404220615	0.25008899066254325	-0.3284557420342639	0.10245035928448301	0.5321463118823124	0.23325668788293522	0.18776435673073352	0.5454171708291554	-0.2374893708660105	-0.03729781412339164	-0.031077540581214102	-0.07115293663071648	0.044518232340138054	-0.23995826487149177	-0.33305940995568994	0.11036714468358261	0.02108728760649967	0.03429766022071577	-0.08568498263001041	-0.12512273337990049	0.20186331077351205	-0.057054137880189724	0.38310068262242736	-0.12386985235623892	0.28362418830035463	0.1710796057816625	0.01176492036069473	0.21643594740953442	-0.13880762326574972	0.06695638306702108	0.25918703553394173
DTXSID5042299	-4.1812306276093505	0.9565507156273239	0.5052264422244216	0.9947342021923428	-2.3368409195564297	0.26088090604445646	-2.7678238280735394	-2.626643481290397	-0.4950002949946111	-0.7846062783587222	-3.461708433062239	-0.5812419627939627	4.111332656733983	-0.15751338140924684	0.18253393575812507	-0.35611807126168216	-1.1891745904966444	0.18050798434456247	-0.4752453031739345	0.3770620229800662	0.46808490798379326	0.6178055110740397	0.03120240044327073	-0.5318043469931755	0.7558601439623103	0.27412694953250116	0.002061492135768317	-0.24521970264446363	-0.09794404415803715	-0.2558828264849509	-0.05678082939679748	0.10190796343072983	-0.2561967032723788	0.1680837133325362	-0.5008457360256838	-0.025030485364682133	-0.8259579210319882	0.04676077102472625	-0.4944881882382718	0.015239433630911773	0.1438328649603861	0.23861529390732028	-0.24312937610083918	-0.026154850331694842	-0.07115868329768761	0.07395884658743605	-0.01067949386539524	-0.3128840995345516	-0.1677301875024097	0.08235931800038722	-0.08448282507758409	-0.39519813304250107	0.1423989619428107	0.15561870086269267	-0.15331980525694403	0.0674526178629608	0.1296900746573581	0.21898297173341863	-0.4181809628363389	-0.06932214316418721	0.026855229412862155	0.15328076407552113	0.17099423620732587	0.7464570697331988	-0.04737713983044736	-0.6240518567176389	-0.09951461996649148	-0.4427136457471414	0.06050238040423849	-0.13909805797016964	-0.08000448446327775	-0.36112159615240796	0.4397700018787196	0.07583171669355898	-0.12467328040193051	0.4358240518939933	0.35284682379726534	0.19104191561174472	-0.15260024276336087	-0.24797814184331632	0.33633799949631876	-0.7097591537238742	-0.2162668791211715	0.0258107010853966	0.43954343572634774	0.2359751325614596	-0.3628363953555911	0.06206832876706414	-0.12839443398485106	0.21273538825138452	-0.2540785534237385	0.020489589630912384	-0.0515076299398062	0.1761323476867453	-0.08059454576292975	0.04866353342566859	0.15931013822431572	-0.0767969678123885	0.2246593657841152	0.3971561690439177
DTXSID4045892	20.89592213631079	-1.9565116411975874	-10.819716567679558	4.6725339352156805	-8.451851687541666	-1.644181472072934	-6.31511569349588	-6.445703480995993	-3.2432444401339575	-3.7083287514397245	-7.572655492224443	0.7445887368177416	9.556136586646911	1.0371196983199182	-1.2460897708116794	0.2746264804248615	-3.3071501741428584	0.3986390425765393	-1.3832800472573543	0.16273146870688185	-0.622297824942017	-0.25405712798212243	-0.5785295830246836	-0.3698916764095079	-1.1457081419904733	0.13483831151963524	1.314827921117341	1.1663746715541334	-0.6765319097333262	0.4423901202844159	0.1391883237690758	-1.5513207967003864	1.7254512226950565	1.7324875420821573	0.34086742341265386	-2.5004106215182746	1.2078218851652192	0.1955244032365602	1.3931659850914195	-1.599587337372668	0.20416955324406655	1.182650349871618	0.42819866793383166	0.671418026265081	-0.1165265956483	0.4535482747007728	-0.4799026840133941	-0.4291042358810245	-0.10497247983574709	-0.12401997150007298	0.7417757563731481	-0.012917246591007151	0.031661854792873007	0.8757785736333713	0.47713297696264334	-0.27122901559312124	2.323200551483703	-0.1412892011436565	0.9994198126464918	0.7260330354680342	-0.038245375639330156	1.6160566204404774	-1.451496006323394	-1.8335657072545182	-0.2775068004464293	0.7665022905574326	0.6236024677134093	0.7338486759537369	0.14732039870106778	0.9661643535891669	0.0866507902698749	-1.408284027784691	0.6101643623128931	-0.4148523325266118	-0.1894926458170103	-0.990381428489719	-1.319370025387431	-0.09860673860526047	0.8490735701384095	-0.8621125822676691	0.6361774463210376	-0.35348822320881124	1.3392876913939555	-0.4957908957944013	-0.7420272335006931	-0.20742144312473862	0.6439887488161105	-0.7755965841847738	-1.0988569303516578	-0.20438988459966353	0.18621111322590428	-0.6146616616528927	-0.8658506760456102	0.4194887344197693	-1.337012364765139	0.14300608534186693	0.154247805263689	0.45560395543015314	-0.22816790408956852	-0.20087022616173222
DTXSID7042196	-3.300534167864262	-3.8871074018771203	0.6309270490308879	-0.577755029487175	0.16477183078250074	-1.2055080657729225	-0.6972580784862078	-0.3473706576603784	-0.16579969585898408	-1.114411281381152	-0.6008574763152876	-0.03425661545270632	-0.15712051334172158	1.1775020364397306	-0.4275237947260353	-0.4479262955297227	1.0212481680511658	-0.115679180842501	0.1698078922132974	-1.2263470781182366	0.24032449382917523	-0.3937080449780461	1.1057457295084203	0.022831281580221505	-0.522134594660039	0.27856390096693895	-0.29297302392592167	0.2846387169696352	0.035578650937857254	-0.5370527758175244	-0.373091668918526	0.14135727617821672	-0.124132750287917	-0.5806045413114741	-0.14849959475563787	-0.3157615795428739	0.13078207160426136	0.6437802265089204	-0.2367025561765382	-0.5022727292426817	0.08143302817686741	0.2630003473153547	-0.1940976246834749	-0.0372954740348374	-0.07427571994309126	0.09390563652959437	0.25725140349174364	-0.16077757756287392	-0.020925226960236642	-0.09373887308587574	0.05164833997367999	0.10569739104911542	0.20671506525849573	-0.19662138965422105	-0.20148153735080915	-0.33138017434977723	0.196343555901641	0.05813018906105262	-0.023419208154980324	0.2207442382010603	0.11859145956393155	-0.00914027912361918	0.11095983953206431	-0.35010350786757405	-0.21924851605326223	-0.1772189091079661	0.3533985914070387	-0.2311056384073051	0.1007922830332441	0.3748462254907119	0.2682010740701769	-0.04461267310909467	0.4702656458820345	-0.1406051164921851	-1.1851796652473356	-0.10310381758586575	-0.9040500220121064	-0.22524481210850672	-0.21995018941382732	0.0372206260512695	-0.3901692322929448	0.3747877146642094	0.05634768998963806	-0.19672053174135282	-0.10771527314091242	-0.08471347069509506	0.47384909963116256	-0.3280076061698232	0.01147069857872569	0.18887757032184732	-0.04372334404227162	0.22785676155386025	-0.4307532145834411	0.0742880068701934	0.06316608213725586	0.35492232260498496	-0.15702877933698423	-0.022927634715025833	-0.16354643420617482	0.22458172747887745
DTXSID3021144	-0.837490413046069	-0.14702359415860655	-2.6679256890157763	-0.15181112492265122	0.3729862755585908	-1.2132278656044317	-0.5047363896439849	-0.30870355243359127	0.14055356819150736	3.1989132984872226	-0.1742558553535533	-0.4107636110940301	-0.6749830675940404	-1.0487750211538291	-1.4245872748091273	1.0611379056722365	1.1413063919145388	0.31036983451174904	0.21020575745093306	0.13486644463179237	1.2667651843761136	0.48252078841257906	0.9780571352955069	-0.22002951423958358	1.3371612162550752	0.5168115875393231	0.7482892615504787	0.9174534998695022	1.0567275301706682	-1.512429875343222	-0.7031556061489193	-0.6510146340628579	-2.589458755088331	0.13685449467134547	1.5019952066660383	-2.6544676109153333	1.454016186124575	-1.4660677588601485	-1.5388087983889038	0.06764348436773311	-2.5748621505390346	0.12243921347549375	0.27490447678716173	-0.7186131697719205	-2.2587474279932835	-0.4281745101309813	-1.832614498461136	-1.1108099209096902	-0.10763080122278725	0.5677283427940252	0.16452010875391992	-3.0265224009075755	-1.498711303164539	0.5358779291946536	1.3293536062451559	1.3437913634977527	-0.06250939150796488	-0.1340501943118713	-1.9784317125329018	1.6819884741531677	2.2559015723499525	0.43181194764753017	-1.5860944660704714	-1.143761247462204	-0.05892995011123396	0.017058010597729174	1.068975430226148	0.2037269165690875	-0.3458306980475672	0.05264665562387153	-1.572983725902024	0.8571328765591859	-0.5548800069892263	-0.008807271063794335	-0.7816560721128942	0.6810116874363384	0.22284486637850337	-0.5971428682102592	0.5757680387986859	0.531687964878789	-0.06208267277096237	0.27275296482160144	0.5736468420887041	0.27889689369682247	0.39007732035523673	0.15740028174985515	-0.6990854841943258	1.466619366389142	0.8769252209080761	0.6398157017932398	0.8107147921131104	-1.4521446427009408	1.0378531396337969	-0.1361564590166126	0.1986329645205986	-1.1747058039300702	-0.1977560429268274	-0.5543171474770128	0.04142303823246348	0.18322163940668124
DTXSID6041422	-1.6016040793813318	2.092671956969051	-0.4916930966379005	1.9562363104628155	-0.4324921990700038	-0.3887681521311583	1.0503425059052205	-0.702101267981522	0.36865813559953015	-0.38354317798574844	0.6247448731310984	-0.11169483349441908	-1.193702412360587	0.9423401461529574	1.4749647882792918	0.28470921597227866	-1.0248930918046077	0.3157703146116651	-0.5930172443110467	-0.6581296614187138	-0.9596451287015374	-0.5650559704114465	0.5369895459848351	-0.3853383982478438	0.7821144655627565	-0.15943478840726202	-0.2600427614803809	0.18731115894317357	-0.03173328952184853	0.07656246803758075	0.05518639310244092	-0.3495974543168371	-0.24343077070950794	-0.31826853124573323	0.35313761820472195	0.10805710044981556	-0.06695846195246427	0.5299076934708671	0.6060700960531944	0.6548390814069714	-0.5166044496113351	-0.08260899423737696	0.20311586808476803	0.7118508515926654	0.18325558582188956	0.28055838751671636	0.6955146982952125	0.2967099856027361	0.07610836053046914	0.022201582890740694	0.368416486972126	0.1345604696433315	0.48710745414565954	-0.12034751440118789	0.2818736993071328	-1.1189677069418977	-0.1797114273472151	-0.45492880807119707	0.7290560573737104	-0.18209732603222445	0.7428290279837134	-0.24372890641138192	-0.9902423385882279	0.15675277439854604	0.2770015443095641	-0.275795247882811	0.5699220021474432	0.0179167125611028	-0.3441922128445619	0.8694572461421626	-0.01613178391702968	-0.2632235985536708	0.1170024243630242	0.48776156272769877	0.838166255005202	0.6121063515308591	-0.2795912517946168	-0.37055290933576174	0.3437716724726068	0.11315823302879367	-0.0030536312279751186	0.6448209361515258	0.4981862559868949	-1.839854405685739	-0.4005870366468441	-0.6448692528039573	0.37716446571566187	-1.5068886849462015	-0.4712839825679556	-0.2520122957420677	0.2931602214706456	0.1519693614232482	-0.9015671172634063	0.7395963630608067	-0.2165362908107985	0.03432749890288894	-0.2336569004857929	0.031038969243334033	0.19842649345956598	-0.3788669691572533
DTXSID1025063	-4.42781259831749	-2.3452210911701266	1.0328594262284652	-0.21511728080669637	1.7070453542452977	-1.45477286218222	0.200746427678435	1.282975453552074	0.5559677295781739	-0.5518290894363173	-0.902922798975962	0.04351343680612399	0.41341668937731335	0.6663910393725566	0.6993115482531523	0.2696526682049166	-0.696394479369626	0.2859453014327588	-0.6234813470040309	-0.13286328650109666	-0.5164373936416171	-0.09813535804656674	0.02204410895999639	-0.1739311241735217	-0.05390087931689316	0.14865655161021613	0.3358691717921699	-0.2356374709736924	-0.027072082296301862	0.07773549817263396	0.6246790835962647	-0.34613309154303756	-0.07539201809412607	-0.49557631675897673	-0.04742808537277593	-0.06805351267316036	-0.3512850792795592	-0.25841584231021847	0.27739866743129193	0.6581324054161249	0.22946151552219352	0.32960380088591007	-0.8396284584536757	0.4672952250984085	-0.03870964261941367	0.2643093395836043	0.17820825792801562	0.10226631033165157	0.1814246915403349	0.2349609036478108	0.08802264597311941	0.04042363580666311	0.004105089984464941	0.154510019925566	0.08892915341704972	-0.35129399741914386	-0.05091964884998806	0.6421470014216226	-0.4353192525108021	0.03646077398904643	0.1276466098428081	0.009685170547312659	-0.2980507908379411	0.2348319075644233	-0.3152384989587952	-0.3453229591222512	-0.22196674115964615	0.0638580344969401	-0.6322701683546936	0.4288257527893447	0.1786359840321584	0.48454582609411734	-0.2619812280711299	0.15551171525381605	0.22698924674149618	-0.3068180440886432	-0.5750637815130081	-0.29780603089780217	0.5188854338765297	-0.5815320267309114	-0.13051740518085223	-0.6819620523103669	0.28319889303517465	-0.9270396873027277	-1.0490754388293326	-0.09041030875915458	0.5759700929097277	0.3893810378678475	0.09675099216398896	-1.0500474942228455	-0.33885891772696985	0.00505707066028994	0.20717597693209458	0.33515634243721903	-0.005992416220247253	-0.09019250326934185	0.4054022950867302	0.24551831702769125	-0.11827782370280727	-0.2576732006405314
DTXSID8034956	3.5067473215139304	2.1638291475064046	-3.153763563746917	-2.8942078304118115	-0.0030251186925230665	3.18419018802865	4.669872039803114	0.6504263072846924	0.21381669985381796	-2.3507925276134904	0.8917551823667996	0.6802884496168493	0.8730010650938557	1.4908127807618778	-0.08315916971653384	-0.7225868332476016	0.05671684710229804	-0.163165264945747	-0.24488068916742217	-0.6076228860549082	-0.9739646964490929	-0.4342857060970374	0.49980941475146656	0.5725445449003214	-0.8210117587130911	-0.3175343631545664	0.6518950406406075	-0.6662423127996718	0.732822058521013	-0.7476226156661389	0.39571276361077923	0.27006109361247926	-0.6549731369143168	-0.798640122862382	-0.6281076384033084	-0.637110810195294	-0.6277996505746659	0.27014541129824227	-0.42835413568491404	-0.8275219136050285	-0.37409673972344587	0.8043507124439742	-0.6468280215091148	-0.31972929520320303	-0.16269783754773517	0.3714505169330476	-0.1075772469388987	-0.249261611080461	-0.3123987213545446	-0.3112682704288332	-0.11151168958755034	0.30500790611557305	-0.23000954439137716	-0.05405651318403786	-0.15976797047249014	-0.5048903766223253	0.4027269817585014	0.5148943596331584	-0.7479032380427679	0.3732479772265734	0.3521904138618262	-0.10746285311422707	-0.7374278376687019	-0.5033164520750351	0.029391173991050897	-0.3646855876476219	-0.3269004789640437	-0.2954344666882131	0.5356693534224907	-0.7772694968425287	-0.18831315830925185	-0.2874963012713815	0.8645979490732674	0.1225413810685125	-0.976421784697838	1.0300325616738089	0.3391784170479479	0.808985309636376	0.6680939394018429	0.8535505327133827	-0.3639930672600677	0.89528023326733	0.2388567326328413	-0.4557155469446089	0.4027489715059593	-0.2342907064583535	-1.3787585826900175	-0.09560565263158959	0.7560068037817538	0.39993175321080915	0.27214769500490665	-0.19754210431676408	-1.0735833347726609	0.6235762640351032	0.688329354547483	-1.7246341060142707	0.11918883992675865	-0.5483346432797309	-0.0005323302958263311	-0.3852867447762515
DTXSID8040694	-2.5473976487266	0.43643264302319934	1.2476281858137215	-0.05896222917330017	0.19357104873782718	-1.045829605547631	-1.3184997807401564	-0.22476019887904303	0.35178391156334876	-1.7082680769888152	-0.05415922445665959	-0.08338219838209023	-0.8733234850122891	1.218111269368634	-0.6361815155177022	-0.223738402051884	0.8290673465086105	-0.4155676858972775	0.31162922111831604	-0.6166623932396162	0.5288468684800649	-0.26996811349072797	0.5502013846842122	0.32076214687211607	-0.42810171313953227	0.15176636601661458	-0.42420096550153596	0.16486093877600852	0.10056862176439835	-0.43745766754165843	-0.3335259618711542	0.016792988387028435	-0.41927848194922257	-0.5985051062743763	-0.2511019999573667	0.16731360957298275	0.04471541492339568	0.3318570447977542	-0.10233109754604446	0.2635005246594331	-0.10922602425902064	0.07499140333403119	-0.0876086037831084	0.18285608075975868	-0.3854957781553452	-0.008331937808603059	0.08007782636019306	-0.11364307751869486	-0.09565794346848729	0.22643874926034085	-0.04073815514969495	0.15229221871714568	0.14458280822163289	-0.23092386999379969	-0.1296385841978086	-0.05185302289774068	-0.048433895223608955	-0.004556187955450671	-0.264477798671584	-0.11504075754389885	0.18755731253753344	0.04037786225257148	0.32643273094634195	0.34225558465898315	-0.063873847001159	-0.5172717231184946	0.47407989928777505	-0.5054842255731866	0.1607417943785954	0.061988184178773095	0.31006552341303556	-0.19667793472540626	-0.11283693188959128	0.2604921655369532	-0.8362876754722566	0.13725622904225684	0.06490409878582909	0.07082069038266899	-0.25340044227017644	-0.23640607046021941	0.08746082809422215	-0.009725933580266244	-0.43666434376082564	-0.11479818568947137	0.199221693632016	0.12951819448553484	0.324085675418191	0.1850398559627107	-0.013523057656942838	-0.05682348982220164	-0.5560310685864541	0.16251416180645759	-0.0603597069116768	-0.12454210936984983	0.21337804280305353	0.13829932059459196	-0.4276747789552659	-0.045543441829418246	-0.002159228740416826	-0.011997984648136112
DTXSID9037248	21.74049312923476	-0.30747881965233603	-5.440094265812269	-3.529087347259912	-3.958256307445489	-8.622384696702309	-5.788571686300382	0.29685556231631977	-3.187411074203461	1.065513326773587	3.9656343920655095	-0.8414501544066795	2.104270796122292	4.882642808453246	4.39549977713142	0.039299943003531505	-1.0533705557147965	1.8630601181187079	1.1168867157183393	-0.013115035072029392	0.9556126228723115	-2.4508765088295155	-1.6189442139112062	3.353770003454677	-4.126412206209865	0.22199468807673658	0.5003539113334005	0.06004532730327738	-2.420934712495113	-0.08524615747866271	-1.100082888150482	1.8915308749220126	1.9748092555891663	5.068707228138443	1.927062830269619	-2.2569237516167733	2.5769538005104304	-1.0795000741411407	-0.5512526428774004	-1.6953545194337833	-1.6485474520390102	-0.03878806937237043	1.3118094657169912	-0.25485836030402187	-1.3169194975417031	-0.7120286421302859	-1.708640033766391	-0.9055415069250647	-0.2516582881753208	-0.3916969154112765	-0.2951898427356338	-0.3708253624069981	0.31944961206031347	-1.3526370025443715	-0.9083598003095064	0.37000233874118826	1.1205373041642073	-1.8723688171825554	-0.3347742143983566	-0.14281085305003965	-1.5008051870173866	-1.2042836172134666	1.7609453855727022	-2.9297755763982822	-0.16455461948392913	0.43246310485203965	-1.2642784763008579	0.04090472032028133	-1.1759023926247811	-0.29997360176996707	-2.274019349109502	-4.120709379365391	1.997120638838378	4.000073909983191	-0.1061474632957149	0.8995461113590189	-1.246088129116749	-1.508937067048618	-2.875019405933662	-1.6947903911566011	-3.558965899687588	-0.06969814927429561	1.568248335149737	-1.352874598587112	-0.3563261569230729	-4.671882090786975	1.4078999618101686	1.9762090361653974	-1.3535072012070224	2.2590390213635314	0.4343591623648269	1.5784855007092908	-0.08607603696518004	0.14078481139213564	1.3542528850364843	-0.156639187547805	2.459682900617148	-0.7159941415144447	1.521359225422586	2.3059935569332994
DTXSID6046391	-2.1893808946575195	-1.4110958750821465	-3.0415865348028235	1.852413078820265	4.065515745690763	-0.3956318204927453	2.5457128033466385	0.2605963328737584	-0.7529655208828537	-0.25295298268022326	-0.6138021469446854	1.9140488004246072	-0.05739604127361328	-0.26097512109450866	0.49939399356386976	-1.237071437239375	0.20039798700544206	-0.5162066186687266	-0.8659076999191702	-0.09788363910090131	-0.9925649740746038	-0.3807859596422947	1.689643608287053	-0.5080971658675513	0.06239765080483558	1.1118681226168459	0.6090318256892945	2.687874787729755	-0.07428598154030165	0.5955723910473218	-1.1289323433412322	-2.1334100844521657	0.8785291126039214	0.10453943441040751	-1.1609468523960011	1.1726633567883964	1.1475291826627496	2.037750030936521	-0.04079751427145437	-0.364133583037365	-1.5125771896044413	0.7483562110895793	-1.687539396063948	-1.1504380902852953	0.9469297506031907	-0.5754711712360875	-0.14477124970668515	-0.7140202487556219	0.18037011594048238	0.9403124390591246	0.5616313731908272	0.5571499354315252	-0.07063749804423809	-0.2173678862475524	1.8507586955153583	-0.31491330664035355	2.639979110679364	2.5557395425430456	1.3573694464113255	0.759318551946446	-0.8145490688393223	0.08119938190288419	0.8915528142171129	0.7871465559480092	-0.21397591224162635	-0.780517131878981	-0.5594719548701035	0.8438822481200324	0.08561779585932659	-0.8522683863976205	-0.023692055599361963	1.45016578217975	-0.3822411058484968	2.9752617213100905	-0.6792069054111445	-0.3877782602343058	-0.5673058360137715	-0.7148128558367297	-1.1813437705079	1.5580553902731877	0.7568946504853246	-0.5173675274504569	1.1674248271812508	-0.4292973995864698	0.01918989153228422	0.12989858318181371	-0.3889042726269348	0.6656817593642402	-1.6201578525646803	-0.9320331127981282	0.47635647048450747	-1.0218315489691796	0.4080213033217027	-0.1662319673027204	-0.03277303673746151	0.27526179399225625	0.18992149697484537	-0.06117851867273907	0.7851596470316935	-0.18281909317145467
DTXSID2046597	43.64986770457447	2.1316219249264705	-17.747226858543957	5.140239673746782	25.267319126310053	-15.913310345852723	-3.7236850229414644	16.50827547136931	2.848565877604234	11.57554972169478	-8.152900625021989	-5.30377869259593	11.468161684478778	-1.5137100988866932	-2.0172632300365554	0.19672045276207736	-1.1034691372647065	-4.160826014911524	-1.1819367704931678	4.014095787386255	0.37297444594045126	2.257725110693467	5.229659279310154	-0.21368330425815832	-2.9318218311230124	-0.37277287251869196	-0.7982778760045409	-5.416576036967695	-4.532369192700395	-2.2030428625695695	-5.614269629465592	-0.06066833890207435	-6.413452431289311	11.560133629888918	5.183560871357721	-7.126607864966386	-6.112631792057944	-4.293450613784702	5.663970870330702	-3.4884195893166727	7.0150698971599095	0.6487082166229621	-7.255198712207169	6.243368285355786	-2.2453987871384538	0.08210283042431286	-4.150645746436986	1.3283094173987149	1.1128010673647084	6.328687594299038	2.904334864976833	3.7245370058893577	1.641640143363764	3.0363850645836683	1.6477110090771785	1.567246963988409	0.38796601643285755	6.3727152992265745	3.3120966510900742	-1.4012390191109636	-0.5024403440575876	10.59938584838375	0.5837033235059023	-0.6572602433978278	-4.273488994538211	1.7169943033042656	-6.608454699354864	-0.07583180862310769	0.011706289213378136	-0.15328315419514438	-2.891699044815713	6.3765867335784625	-3.17727409958908	4.769213018243696	0.5679374541767572	-2.0387362145878143	-3.5574571724532773	1.0578157874347789	2.808504258876129	-2.165018280365827	-2.579088743174514	-1.6636005782115089	3.114519801445369	0.6858436317848107	-4.7971164722953885	1.7518124066183502	0.6319983639609363	1.4790537458313322	-1.713350969301763	-0.8554683650842744	-1.6957930476402956	0.46324723424580994	2.3509615487683773	-1.8914936020625575	1.9289530728443312	2.0020656436954174	1.4796470800716999	-0.0019448625344841027	1.6952979861827846	-3.0784048806516107
DTXSID2052281	-1.6539966114632547	-0.3595798873553629	-4.011076798081747	3.3746412391585583	3.0384784901678348	-1.4441588891860364	8.309095177050695	-1.9142057534250094	-2.5847021387867564	-3.6449847376016566	0.6390768340167553	-0.812127221358993	0.25160615430287203	-1.7265779957818053	-1.9955041644885236	1.5225097014426707	-2.29359831711849	0.7332642798219936	1.9422344386381625	-0.891845337482689	1.24975331732537	0.916880007442043	-1.1866202858609598	-0.03241496907723541	-0.21969347377472812	0.2500723403503343	-0.37722964812453313	-0.6170358239096164	-0.5277149797169037	0.25921471238239935	-0.384649697686605	1.1697204483800716	0.0054007714520980035	0.6340890261920605	0.23167992885820743	-0.2703690933746238	-0.6069223168920538	-0.05857044308377045	0.4027994495692258	0.21264023139237442	-1.0966387291849289	-0.9794489474894781	-0.2719700659037829	-0.26685326012850574	-0.18019416436226204	-0.24168065209600403	0.7315719259583018	0.40790372471842024	-0.2978254609229273	-0.16576523491265938	-0.4743177864859772	-0.13564115679930927	-0.9540478368231748	-0.36044434588490837	0.48294265391152813	-0.25395471839157224	-0.814494207047263	0.6178024643613486	-0.5729484487037767	-0.0288931429231227	0.24528457374908066	0.291469961395535	-0.033439020354459004	0.4523789957880952	0.4958234697080691	-0.20528312807275048	-0.27342875109156173	-0.6923406857409583	-0.5813878841816682	-0.33208333272140206	0.1677699076768332	-0.5378658627538713	0.6107073398132614	-0.8459117643072631	0.27178033097255616	0.08794305914597506	-0.06463066823633741	0.6354785588471321	0.19182616694521834	0.7523385291174635	0.13589576755577906	-0.3703765085374898	-0.07746189178829781	-0.5808607477266222	-0.5011239896724534	-0.11535722196739434	0.26437959257323834	-0.22275012655582344	0.4497097777151952	-0.4451697099053408	0.5261944169138548	0.17937777910890698	0.13752285518979215	-0.34685533959861853	-0.18741675614419584	0.28265348303158205	0.019794066698608483	-0.31702487794566475	-0.271616898678827	-0.685054161675912
DTXSID2020684	-1.1370015355103584	-0.87645340608419	0.12181283984114784	-4.758080969086392	-4.052166445899454	8.874551819156453	1.0396801886664004	7.949956761497607	-2.1936843712983567	1.5404363319662073	0.6311051242247341	0.45181273927128257	1.1534074456072518	-1.1933359892339224	-1.5502343034845978	-0.6052308026188257	-1.9674023067744804	-1.2780103456373662	0.3250407289407733	0.37610768707191133	-1.0673525046795234	0.6619468200105612	-1.2533773751734056	-1.0265834974849666	-0.816546900585386	2.702758572248547	-0.12197899389268561	3.475581084332249	0.38743796264123503	-1.5155874431332286	-2.9261169907908458	0.46144285527191636	1.0461418849651358	1.2835092405938286	2.9422636846714796	2.3253793962620155	0.27898248318210933	-1.1801430003555786	-1.2570748943168017	0.22480182867079143	0.9494777598316118	-2.2832607587762404	0.9096874595340142	0.3407650714841975	-0.03562446538085102	-0.41442674898571286	0.22027717374351624	-1.339229358884095	0.3974884130648801	-1.7026057008544424	-0.04533256186936714	-0.8725916919767956	0.7955726701043799	-0.5129620808127723	-0.32709101594935697	0.39722482088312194	-1.0289184390191548	1.098654750029526	0.8822046009765789	-1.8830141156102387	-1.4567359996723017	0.3732562794283003	0.41463904680179264	1.9052049699250697	-1.247732780947148	1.0448802979900196	0.7513202472511505	1.3878558545691084	0.5145744121696525	-1.0580619787925787	-0.11982552952855081	-0.18233864041578682	-0.44128916245222605	-2.1633985767112915	-0.3737189240180944	1.6428579529546943	0.05077977642301554	0.5507594069801365	2.9711847361258776	-3.5408743068624045	0.2853539119078602	-0.6134572073071197	-0.5134672144600833	1.3401230400741604	0.3232433862395823	-0.6871870204118836	1.0248740845172977	0.9545126966089709	0.030994233785881124	0.07119963314439728	0.22316398533333717	-0.3944066032813193	-1.7768455933422798	0.06045592914685365	-0.5296973618631559	0.6669675029049819	-1.068034491819588	-0.6620294747647189	-0.45463047976599213	0.6288737556861038
DTXSID2032180	0.600843918129292	5.83378396049909	-0.2238475965491624	-2.819836929013103	-4.568003351170751	6.181075810690285	-0.8444483511347002	7.755560829695224	-3.128515901861778	-0.24826186749702522	0.23764716829193086	1.615678996148994	1.4898876296124455	-0.6027102800848948	-2.68328715404618	-0.7428935933378891	-0.39247040328638616	-0.8498000468220438	0.511628565596476	0.5352616507275408	1.324482429669504	-0.5234925644945816	-2.2708640192988607	0.8455726615446696	-1.5106800333597552	-1.0844244856177174	-1.0692113446668303	-2.2569261074323297	0.6751701170100052	-0.7698546199284957	1.499196378601305	1.0392208072302727	-0.5137035345539092	-0.5702156613959709	-0.03208861075413614	0.1752995929156303	0.539569345960574	0.8571710704835355	0.9068483110162718	-0.04095229715103097	-1.5958257763281039	-0.2469339641169366	-0.5209947350638404	-0.7008502771073826	0.5028362979036146	0.7922016946276736	-0.8406284066921719	0.311850494951021	-0.07186477105370295	0.7115823160513355	-0.15308166167064213	0.2609239537244533	-0.8146584557456303	-0.20867906078686663	-0.013160335614298201	0.39612361369105925	0.2228405799203899	-0.7902526903126854	-0.313454739053642	0.9197917886585262	0.4187277731654063	-0.08510764275683634	0.8226113739158838	-0.2267820058579696	-0.26817200414759995	-0.8558184980069192	0.09692169471082636	-0.2582779407585291	0.6204874438999077	1.0768733758807043	0.7610521548373614	0.6093931156358443	-0.5114875075930849	0.7239490724863931	1.8798139175422404	-0.10459997518218293	1.1653661594424052	-0.5319618018930916	-0.2612365271322671	0.5231654498767772	-0.03907567680344461	0.7482434428270215	0.3898095841390875	0.5605938210720354	-0.3015239508466388	-0.0029996062584356285	-0.515545815675595	-0.13076919641216422	-0.3547237455994518	0.1436373015272975	0.5275906870585614	1.185797073557705	-0.5651203082279787	-0.2446083690142664	-0.35724701548857	-0.1875144345053413	-0.2555128151382844	0.17719332093120907	-1.2739042664772633	-0.3337196630554563
DTXSID1046847	6.786958524514	4.132849903434637	1.7563692533503943	-0.18643973466902503	-1.6378667221438847	-2.172584700323093	0.24175367301501957	1.9903464295353093	2.577717416899133	-1.889606110143263	0.28436305153992836	-0.041858030614783145	-2.1332898682106607	0.9505884488879228	3.4867980597300314	0.031925454073228006	-2.0380930328479367	-1.0284015705941576	-0.5768701093898557	2.891960938346176	2.384271310726984	-0.8731944758929692	2.71963584855401	0.986522295388329	-0.3595610208107555	1.2948726521697518	-2.2003571380570115	-1.1132486320456279	-1.3302422725242105	-0.7472954622147431	-2.388227691027083	-0.8837019865378175	-2.185967585363933	-0.7009321064400931	1.8225493924395868	0.19752759914052384	2.3655606692750046	-0.6905030325059642	-0.7304230155398183	-0.8104172441264208	0.594343826174992	0.3261417944812352	-0.057425935544442766	1.2639790979864864	-0.05195746673873748	-0.6931676286671337	0.45434393619018165	-0.857638670371133	-0.2886651128870376	0.09155959754243241	0.33251680719247184	0.5979903057697881	0.6658815516606644	-0.5073103370606517	0.1552974463727941	-2.262583568392569	-0.4086487343322822	0.1746884325146357	0.5749000790520431	0.6170876772397631	-0.1874486777246902	2.5148687763049757	-1.9617728080721388	1.6035658140768427	-0.48615561388571343	-0.11901158998332138	1.6391693307932511	0.2755353508093199	0.29108543506659185	-1.3741003137316932	1.8302537122211107	-0.320593357828316	1.0284815172344446	-1.0291385832074593	-1.4124280714742543	0.6202640666693421	-0.16938329533426788	-1.2631273692482967	1.0436905067651274	0.15968209076252757	1.3367909925862484	-0.18256484933369838	-0.30776864923166236	0.6688668733453668	-0.3688508152751172	0.3053951922196021	-0.6855483432659414	-0.06039188557833316	-0.42322028256852784	-0.19713025273820906	-2.0467003758819646	-0.0594702238391697	0.3385140727267833	-0.4721671769019202	-0.35307060835474086	0.8064585606147826	0.7103163978644181	0.7123747634997092	-0.8854567703765389	-0.2614677916915339
DTXSID2034968	-5.220201076665915	-2.4712893011457964	-2.344076609340273	0.02477588458451376	-1.620103141180055	0.6167665749574212	-0.1404839514977185	1.7692177281661448	-1.4685283343158895	4.508043469317556	-0.48923254152031725	-1.6060446443465688	-0.27793765090101463	-0.6232313878888626	-0.7195496985766064	0.6846536884424753	-1.4263148279445834	-1.1587928476522007	-0.7980371970731596	-1.2401994494751223	-0.03910380741652603	2.305505761795387	0.38367092427356925	-0.3097942818551166	0.3658653007720413	-4.6045394582460535	0.13782656047033856	2.3540622086813987	-1.2644300701200768	6.025588192217973	-0.8770498506697797	2.9534522244574135	-2.717153291643746	-0.0455811038121068	0.19422272937577642	-2.166624077943181	1.5911428291063494	1.097641938577281	-0.32354920464366965	0.22823217420522127	2.269336220182625	-0.6054200482510373	-0.03797575200239874	-1.0870985172746261	-0.14014190780249736	0.018399893212624228	-1.0292565243642322	0.5139852592481051	0.1797240416146775	-0.09125277025301472	-0.15859595706042953	-0.5871261559178222	-0.3904885019550568	-0.40894116152583904	-0.1407884870377602	0.08087941572789244	-0.4929552233272313	0.3291008564198295	0.5851560642667433	-0.717679558805248	-0.020285980612284576	1.1770550006394236	-0.6265081099795269	-0.9909798766315653	1.1639960581086153	-1.2501569398088976	-0.3032705845103498	-0.12969441656530054	-4.306564635350606	0.2763523504755964	-0.34983673189719156	0.8833548237899526	3.8691140098043584	1.3401969785323544	-1.6804954565546093	-3.9306805777405547	2.304600612041109	0.8320624697649068	-0.35065410897350363	-0.5772181634990773	1.5570910192623828	1.1690232086133832	-0.8997001311648004	3.7850033179840086	0.6137551742727347	0.3492659515183698	0.9164105087580989	1.7637283280245935	-0.8017148802785669	-0.08381724615744794	0.5344714939671755	1.123526217704046	-0.36098872906544094	-0.5904094147574325	2.1855650833107774	-0.040078213691942574	-1.3731915487514774	-0.011554065544802771	0.5316618398296512	-1.7747187881255937
DTXSID8027086	4.350167168804289	-1.2037255066026193	5.579765062724869	-5.368853752516334	-0.4951670279789699	-5.098043878342197	0.08906228046736789	-0.22646955528533838	0.14249659322134012	0.03218882050249129	0.2004020774163224	1.3403970401198657	1.54280369674624	-0.2676392734311768	-2.776599565652184	-1.0390393652356877	-0.14216527478805027	-1.291036438595688	1.0018061055376772	-0.25667847031720925	-0.2684941606057344	0.5701822014537534	0.20008391804874817	0.0938472991087508	-1.2263597320127975	0.6603199118654364	1.0750178393229592	0.6733486953027897	0.5515237053146512	0.4855485030421738	0.6129930027351648	-1.281886322289329	0.032822403978445006	-0.4541608947442757	0.5584214147578331	0.4904261500534519	-0.4621667266230624	0.3889003517156364	0.4226522117390902	0.43024486903899756	0.030977132565788348	0.664090253940076	-0.08796926816394496	0.6030136201361954	-0.24043782460394275	-0.25375656620298226	0.23489010163387924	-0.6932141757875089	-0.11617021152848238	-0.7804452620831444	0.25851209186232854	0.10697215770996714	-0.28134584504508625	0.17693214932880963	0.1483139948963086	-0.9719670613471337	0.03972937870596437	0.30858070507490587	0.47319910158985257	-0.5199404650859373	0.34201553121208944	0.086200258194577	-0.8146957151390329	-1.5185504364211109	0.16028550437821576	0.6624061759307651	0.1375155175041148	0.5791728145250734	1.1360456009146211	-0.283732726060101	0.07201392689679553	-0.30203484789388163	0.7419382978575957	-0.33455140943887024	-0.23196528208113212	-0.6976433023578253	0.17327760040563583	-1.1391855259316976	-0.42629630735203644	0.4876028854293946	-0.5542772334500138	0.05507770557942367	-0.11466212353428884	-0.28653964829402906	-0.03875302796773834	0.18620929356862284	0.914377683993572	0.4065974833078997	-0.24831926011135216	0.11744575626953874	0.4589541271393041	0.6110763520990571	-0.03348399940907479	-0.45297746070550926	0.21617053841859454	-0.06521473576936779	0.03857218313311568	0.059907828034312945	-0.4006363624518758	0.22513135404763218
DTXSID6057798	7.047164237040593	1.823386823191494	-3.449467431183641	-0.6048668602775286	1.051011358219606	-0.7142976017274658	3.628720312117346	0.44082692887277425	1.6450613217375067	-2.146247396828637	0.39045748200815705	0.6555730906862176	-1.1733520226442926	4.494376358695118	2.4661285638704844	-0.7374951181074916	-1.4146805612564166	-0.056721612764418554	-0.09528141352287438	0.05384587892293512	0.381497543042872	-0.8597845440002205	1.7773552580630247	-0.3577497508562469	2.076431130363705	1.54129917121076	0.36972570953290085	3.3510837769581077	3.8712161081557546	-0.06355627836872818	1.9161047595858198	-0.39966908186976036	2.4721136185043253	-0.46738513048192454	-3.3542273524893575	0.708306136742548	-2.417403916184684	3.67430174180378	-0.5224050347723882	3.018500694707073	0.5654995328681305	-0.1879788183822254	-2.8881987215855167	1.0852986070968205	1.0634612283580467	-0.5437233048770403	-5.0622397625181925	2.4992704869717217	-2.9577128856494106	10.095834274045169	-1.4707681819190892	-0.9009418517114243	-0.2482579097366198	-4.653147840127444	-2.6599268476058278	2.278275315057746	-4.079534078827488	-5.287020943470507	-1.1302640935043673	-1.6507597113803676	-3.2768958730968323	3.3472016573102925	-4.332813589922153	-1.1587086116724565	-0.8006371428223681	2.8610270373345705	0.38794891554667427	2.0042738166694924	1.1577282046745083	-0.634486411109109	-0.5335363449327277	0.1035452861111954	1.2313202971403276	-1.8395676003240422	-2.5656251964048002	1.576246352527463	-0.08024808149182747	0.31476489476083974	-2.3011084320147277	-2.1606059104719813	1.3935981375745903	1.9066347793930927	1.3091669877032701	-1.4130378790171472	0.5911506751571896	0.9633640786292402	-1.1969161559776442	-0.70566247640543	-0.853480371109822	0.4749234153605084	1.60715877809646	-0.791138942731558	-0.6035955098187638	2.0881720511725095	-0.22429322978575794	-0.45854710301303075	0.5254039121902491	0.09729509159251165	0.02917720861302181	-0.028906354995032003
DTXSID9026130	-0.28062532129599516	-1.8012403863181008	3.2092790671172797	-4.755181902651238	-2.304287288496017	-2.287343600852127	0.49417109543538723	-0.44965643058637705	1.0292894385762619	1.124168017253963	-0.40063805686694054	-0.17901048261423816	-0.5471590609420729	-1.1615862384813394	1.9692727027814596	0.41934568860139393	-2.2290564050893598	-0.07148716449774828	-0.1578801778897679	1.920227247632109	1.3708239868805594	-0.5771588093313665	-1.651718500226352	0.4637743018900472	-1.5633933941343965	-0.854691783850161	-0.2173635351924115	0.5272683855999789	-0.8611988567611962	-0.20899046960744605	0.06855462024904989	0.5881165999330972	1.0770957648135355	1.589567325405848	-0.1419019731530454	0.8236490325577742	-0.7429105742217081	0.1010492803086754	-0.9580210262784393	-0.23655507849802315	-0.34785142631115545	-0.7869138323178706	0.5925814866787502	-1.1581085344575557	0.08675763878069137	-0.0016583612123339997	-0.9199269703867955	-0.30047803935380635	0.3714312621898948	-0.14855312118337166	-0.17897660155007153	-0.4633849400986733	0.32865147993515065	-0.4522619372766269	-0.8459982808212045	1.386316232712134	-0.036844176585642936	-0.03299887253994333	0.12340790899009141	0.13699829304993666	-0.48614475700155296	-0.9177055127988011	1.5674760752915884	-0.19776670005260386	-0.05141221650241686	-0.2815446764565465	-1.1624839955215744	0.2651481912334239	0.36406303435310633	0.9320005883647482	-1.1756347856113956	-1.352114221373182	0.6881905955656025	2.1558615055054093	0.2795419095386788	0.7742170909309594	0.9514348921049938	1.2880950043331527	-0.2590065364403766	-1.1866385582151362	-1.4318518291882276	-0.18591670732106347	0.3064185009955989	-0.43960871917037114	-0.048427753134905195	-0.9852229044639583	0.7783108905876094	-0.6643489199186624	0.22607242069301123	-0.3610190699084892	0.66239074955899	-0.4995745451314599	0.6387637614924482	0.5919295614848391	0.3836325828767053	-0.20354016930871227	-0.0022484435938322066	-0.7395248714002552	1.210135184318706	0.892413781320507
DTXSID9046738	6.7715549543542615	7.1698701347126015	-4.128776318904583	2.954460553652878	2.489988145840502	-0.8251424635676494	1.9840206505438092	2.31433973554895	-2.200814568325814	-1.9010896146147953	3.296408018823564	-0.5966925155311993	1.5730110868347278	-0.43313942335192235	-0.03688967888229611	-1.1609990401383934	-0.10378999276676437	0.12854949397978105	-0.020155875921258292	0.3773985300046638	-1.340244579135249	-0.6438306820460328	1.2908544314734784	-0.5031185693692656	0.18301790102796486	2.3520104132954716	0.011082750797447298	3.9058085726712712	0.07894136774430703	0.6283702899900814	0.43029334457019613	-2.583518872353662	0.23436365211138363	0.8502661582707862	-0.23893278640410207	0.23173200176272676	2.4742149362163017	2.6868309602179754	0.29687981280121095	-0.2073672213075915	-2.748965742294256	0.08928176071861248	-2.560941216378872	-1.1124807558361534	0.9259745806428072	-0.3528369216579308	0.3912464239507714	-1.6400728788310561	0.3257764812089977	0.7233842801922229	0.6236078019150257	0.429373655570559	-0.5247588514988574	-0.5464047745525622	1.778398809060455	-0.5607389990402827	2.3147149830747433	2.0080608015518653	1.1025842209813377	0.5921498094827399	-1.0838715053548793	-0.2503425575580632	1.6194155782143669	1.0752755383255843	-0.33949755898675604	-1.166474356125873	-1.258185186227654	0.06577714039752247	-0.6790227661579361	-0.03245970791175674	0.25696108068996637	0.7270793817115937	0.13803482634979936	1.1804720813770335	1.3573658780253313	-0.48332419075942984	-0.35822993260379504	0.22792478130191607	0.1904520408659868	0.40945212624864114	-0.09104759119903767	-0.21329923883704088	1.3883340844999783	-0.16267024733458046	-0.16181715981180103	-0.827779313332854	-0.09692137371403822	-0.41902725675997426	-1.6163809502702615	0.9492491141880423	0.5198517357078766	0.5074409785141941	0.5326740765158813	-0.28680108813160693	-0.6135052159143016	-0.13296714124631034	0.8619747009262627	0.5359903709567357	-0.5040910960813888	-0.6753351680409991
DTXSID1021247	2.728595194988644	6.322734407348642	-1.0811292640585008	2.832971885400909	-2.0462520528408503	-0.540278997052069	-0.8179767247097545	0.2999765831984913	0.7790165462467804	7.535306006438146	2.02665289534552	-1.3227245493283006	-0.7746014142412055	2.487321615932139	-1.9104715308749927	0.4165913904428226	0.6472610207513847	-1.72002573719386	0.9389610524571186	0.9142998005347046	-0.8852398028776226	0.20026017172374408	1.276368608694493	-0.5539708913734211	0.19619027475009002	0.6660362979746003	-0.03957589306112866	-0.5351038820628329	-0.4921691490637603	0.10786736057867403	-1.3836134400960711	0.8078198673613023	0.636467594824791	-0.025286398376846594	-1.1714124874866672	-0.48743031223964484	0.631479620804588	-0.8250782918723254	-0.9776157786918886	0.21718039926701274	0.8125540030424452	-0.8954228665322772	1.8273863583195673	1.2787742365306984	1.1984758975225436	-1.4806033876435198	-0.34524319277324134	-0.3560516010046713	-0.1869341530336445	-0.15200254220782755	-0.16345237835674514	-0.6318283327889692	0.6942187227963567	-0.42479807747430687	-0.36810293410760997	0.23250044923017524	-0.38234720656634563	-0.6391116311138564	1.2227306195783965	-0.3321030946752381	-0.4419363889464575	0.1604588030227027	-1.1116576343283688	2.4396908127399985	-0.5257125220066549	-0.1308133819875763	1.6735735008387875	-1.1407400152717257	0.7005477875255803	-1.2103955927162644	-0.032955424473513885	-2.051206195890014	-0.025441680677800848	0.5032541303284707	1.8374870372716496	-0.5202437220936403	0.8198054082888766	-0.7229602622221003	-0.11001509973809737	-0.12892364054895988	-0.11481061505893878	0.14673241291257672	-0.30549953459226986	0.07950634781904853	-0.12797369915554901	0.5898124152322389	0.7220904318786621	0.23619656855834248	-0.14356251642533202	-0.7041927213702153	0.9784634125419042	-0.2305201481058663	-0.8226051713067355	-0.21456108474823687	0.4400044448005373	0.7262580308482715	0.7935668213997245	-0.14862267768540505	-0.112837146579284	-0.3721375795994604
DTXSID4021218	4.790997194946405	5.312809482344458	-6.988097681529187	4.376906972891929	-4.76744022956092	1.4514406662812105	-8.222789174234682	-11.047279974501631	-7.038011715030336	-3.5522610092808478	-15.964979086514136	-1.554337522842729	18.311848240755225	-0.4552587074798276	1.4518619346312902	-1.7720464165018888	-7.5919369360307885	-1.1396601799652646	-1.8836317119669104	3.3091710709744597	0.2061255881520855	3.932840724771376	0.4904162032973469	-2.784083808705079	2.9882641280305062	2.421937070161166	1.0683056660674919	1.5040299840382636	-1.2174745763157109	-0.9970568529910986	-1.1248063281038245	-0.5041438369900214	-0.27072909163817954	1.3502489333070788	-0.5142704306929848	-3.219067761508912	-1.6017423280249863	0.6513974703303521	0.7412456356554894	-0.5543573749402615	0.6178190486316403	1.4631561235339838	0.27884030841049035	0.7989383687226663	1.5225081354593721	0.042151356050733606	-0.22113465832701215	-0.43378591989372345	-0.20484061947271454	0.8376449342858947	0.8055642882920098	-0.7233905696195172	1.269294527971766	1.267776422744463	-0.10429323085568235	0.15397586807369096	1.9908915751109513	0.3766062042075952	0.9920814575400175	0.36261635253100455	0.1875478490169406	1.4227978173493414	-1.3465386955102399	0.5724079187548051	0.4411490275743544	-0.7518822408352754	0.35817883642195697	-1.5554491799416699	1.2732012216791464	1.7025290272980578	-0.347232925415079	-1.2704051183357752	1.0002758383149293	-0.04057803941869016	-0.15313447332846525	0.05766233732243607	-0.6327381031917001	-0.7890057019443348	-0.3102195474957011	-0.2505699635133089	0.44527127187127724	-0.7053640120754646	0.8106967146273126	0.15669551908451257	-1.1564832274765688	0.16660024217129668	1.1798198957326018	0.330871074327783	-0.6098317337836532	-1.4235851254440706	-0.754085946430008	-0.7017682195650603	0.3717052733883132	0.053704695098273865	-0.9201701260765499	0.5182668384582582	-0.9008410572860864	0.6402911704745847	-1.3472743431184186	-0.5695260149779314
DTXSID5024059	-0.9935411499672431	4.556019851042266	-1.0549598537424674	2.484037093457896	-2.4973869124052825	-0.9831431412776009	-0.6442977542728898	-1.738635942815599	1.7029694804581326	6.350670220979328	0.8527995987810669	-1.4824681865735931	-0.9250801482056419	2.2739021212849297	-1.106359924401487	-1.957948230008183	-0.7731688334491579	-0.166537193434736	0.9778050436244943	0.6122157168538964	-1.4006547374619482	0.26924541029613996	-0.6845531276642502	-0.9557435124668336	1.1207479561697742	-0.21363309003142003	-1.4056028894960158	-1.4797211929735243	-0.9941329556126541	0.6550287925036254	-1.2419018459600328	0.4580110314547456	1.0838957131594782	0.6207783291030986	0.8256037545759859	-0.10326125099315525	0.662036594652829	0.7930724711525451	0.3491705384444724	0.08801608378483955	0.017327513666141887	-0.6339749737788548	0.7702133401514263	-0.588740824695373	0.4990231363817868	0.26271297369059193	0.07856062510298523	0.38557042677854164	-0.08173600455752353	-0.3481624030225578	-0.08895053266810765	-0.12780909055183204	0.2575903651882075	-0.6381508532660146	0.3321918798347741	0.378029715315219	-0.47240467576906037	-0.6809346562184565	0.6195143591138833	-0.49550507736530164	0.67525696645835	0.2652882125666722	-0.6493957612958625	-0.03612462759339713	0.7934720879029602	-0.1687025391762894	0.1938701330477701	1.2898919794802985	0.07119324263714748	0.7625570010907884	0.9028526073738199	-1.0363382916616044	-0.419654063477387	0.32093783358361433	0.8159422237973621	-0.45452313185662174	-0.5404449886456403	-0.4443356288275777	0.15177099880976067	0.19349300174994363	-0.42123493954915137	1.0152152121762683	0.02332119282894337	-0.12499397645361937	-0.23774531587485961	0.3937133143491999	0.39449502274282244	-0.621263638361374	0.21880417047719314	-0.6053794389682208	0.6855246964088099	-0.1574955520596982	-0.07596079014028338	0.44511964702402396	-0.12689796343514542	0.07277352032987694	-0.007213064502287696	0.06922391906613272	-0.6311875953811699	0.19724695725663793
DTXSID7031290	1.3606404417633504	-1.258479708371443	6.818242143366837	1.4764498554445833	1.5125909128805417	0.9036809776012849	0.29127368793005776	-0.6633247284944869	-0.17458455041326068	0.7249174348199043	-0.4267549314091916	-0.3398874765098584	-0.07923499895260178	0.428294181782962	-0.3130603117252843	0.06581883835133905	0.3829433978290385	0.47496915193051403	-0.3613901141356401	-0.023270879071562858	0.00283025802117283	-0.29472778496038127	0.9872974594329437	-0.49260577448244275	0.30745178233560944	0.4410527195708801	0.8577796989608992	-1.5789322386991431	0.10785266845891762	0.048196479709567135	0.7337706982785266	1.1027866103567288	0.5811002620202551	0.6448553566800893	-0.6415457857225988	0.41361292479860207	0.2269011127805974	0.20548696778535058	-1.3650901377828577	-1.1904803809611104	0.8940300864287802	-0.08167125316755804	-0.7593487950025741	-1.3211836557202736	-0.06714923936601763	0.2255738655324654	-0.36948897056644764	0.22556044138504636	-0.29836464359962106	-0.3990534739818448	-0.2920516398844037	-0.2780206876254551	-0.4043979344749681	0.12462543877097737	-0.08218004290537623	0.2344879989276948	0.5020282953277174	0.6595619319979267	-0.6048024458426676	0.14874471193455305	-0.6718224578249289	-0.04205214502153186	0.25441455959675197	-1.108770312974531	-0.8415758633959556	-0.33266761539235523	-0.38655965797346387	-0.1909503614778777	-0.1752832793790452	-0.19841460315517118	-0.7940966998385386	-0.5098026833037397	0.9797364859762715	-0.29732670850437787	0.9279620193034626	-0.3597675508867181	-0.47835377733515666	-0.5330811314701455	-0.10890074174073316	-0.1850874065144325	-0.7799522909576106	0.22482047004392883	-0.335172489606723	0.18392381585121628	0.3422746184737759	0.023264984500699058	-0.6643435679115635	-0.4808708861732482	0.09341910452528485	0.047556890775240925	0.09180159505473635	0.38872032381712673	-0.6043037978026581	0.4425604371964254	-0.3079163732393667	0.04727918990494934	0.37548660983209853	0.12255717505108152	0.23299308214638068	-0.04070654489184393
DTXSID4045925	8.881946706151494	-1.586713370235738	-6.987757445221847	2.5005019399719535	6.874827794839283	-2.5763963358678854	1.3514185956856304	5.03633835631151	-3.45850030210956	0.8517275851468007	5.2310538543542675	-2.088276049672208	3.376992200334961	-1.1648398488060028	2.8598407626189677	-6.145822439260379	1.7930442116608	-1.7854590652839397	-0.3645660361421135	0.9100403812335349	-2.066806270843463	1.356229805773595	5.252588249341759	-3.8827708636502805	2.225355915046395	9.825082574701627	-1.5068060379526396	5.235454652623958	-7.200837199614085	5.737392105674023	0.3544716712698793	-4.899105400829725	1.065532974871702	3.0143118568237286	-1.7384175634621382	-0.3323224632664197	1.251563130156086	-13.255326600083544	2.316465381818258	0.46195930113028405	-2.489759614021774	0.13405441270263976	2.117469412626965	0.22824752428475228	-10.824641610887685	29.54790748521501	7.409832255631763	-10.522846042930793	4.335484109533815	10.663591091892865	-32.713701609548416	5.18059979699806	-17.79486686216492	-7.239983648800972	-15.161431028453245	10.674829946263205	5.7803521136869	9.858461563741555	23.495015289983645	3.1079424137429026	-0.09637207114672489	-6.330882972599354	-2.3841022121733504	-0.09601255628304504	3.679384868559805	-6.7558363921508215	7.939265530071688	2.7780686040022595	1.6667335145324798	-3.7634139114288434	0.6818161594884113	3.7895421994741803	5.694393447135417	1.4246970246600288	2.7406307267729493	2.4853368513627148	-0.5786867370037224	0.7047898256955775	-2.164184626007222	2.489310392286882	-1.0595666039848068	-0.3939174287815475	0.5628827286519473	-0.14163714975181818	1.6807419518420486	0.21289252614650842	1.3147200433844313	0.1715055229299912	-1.6123396627613937	1.0448964427051952	-1.0495775187688132	-0.6945979917613737	0.6058092706172009	-1.4436982959422637	-1.7063468229854464	0.47733922381767746	0.02282786362661171	0.01583837098871213	-0.6913830358670204	-0.3542388674615907
DTXSID8021642	2.820250224528934	-0.36004716497763894	6.031081527704881	-6.500561309667633	-0.06895020122199923	-5.075352336619178	-0.33242867870689347	-0.5410475907523955	-0.38111062249368355	0.9449634877408515	3.596426497279308	0.2249528890796458	4.096051694008835	-2.9321043307468124	-2.377862314938968	-2.069790422524623	0.25093980117960296	-0.9773706088044241	0.4269674931317441	1.2496134429796761	-0.36990597598393327	1.2211457773953223	-0.10933831484040205	-0.08920758398747443	-0.723077280693585	1.194998093983862	1.5014728788077074	-0.035701255415263346	0.43724942376029274	1.3379050900286786	1.2576618463238853	-1.3201913169197792	-0.5692367590139341	-0.2583544194956601	0.8070580931764344	0.08636117804074692	-0.1340649744769722	0.24906261389359644	0.6222303513032751	1.3195905365502232	-0.19857780976581993	0.3122920884341742	-0.6741564009771819	0.06224285096070376	0.18068007664893046	-0.1599123256598592	0.7718594751961724	-0.5936808483894808	0.08732410050664464	-0.4422337393671728	0.18269748519478046	-0.06942564894139429	-0.16151079045420189	0.09612401476417601	-0.013576275835880853	-0.266707104482376	-0.026714568359540718	-0.5158741072751247	0.0039351092807354115	-0.28536808160713556	0.2830874868298376	-0.8915116166116485	-0.4718551894850507	-0.03706001988632075	0.617741731285311	0.9264253749365713	-0.9752968286444464	0.46946572901070754	-0.15478303199702362	0.03560500342978801	0.9260007671084833	0.14828255157085238	0.2614275075937645	-0.15312526622215955	0.27734335383642195	0.12462910802523422	0.28408110645918566	-0.14736367839209297	0.11157302453883439	-0.2515044606701702	0.4675140511376614	-0.08735388425440148	-0.23995546113267935	-0.29745218514868166	0.483954426570542	-0.05745252313801723	-0.06329633331751527	-0.12821397151367123	-0.009373404387083731	0.2491763731734854	0.1633117195430677	0.06317341004827191	-0.27883782471346064	0.11332233586863738	-0.002137508728382932	0.2537798996017905	0.008485304133284204	0.4587185225021046	0.21809161065504115	-0.18106981425507274
DTXSID4025406	-2.5996711825149528	-1.826628339850478	2.5082082958643768	-1.8526212588479132	0.46668788960383734	-1.8405151997992493	-0.34396767534705297	-0.24837696300386444	-0.11381137965979195	-1.070938697348837	-0.5595220418222406	0.19997928112567884	-0.1658794393727198	0.9208625667110885	-0.8523411815551409	-0.5695541451746539	0.5427908669703027	-0.5883310251829318	0.3470761545790971	-0.48875349945308527	0.3764192347686505	-0.07671346757135741	0.7661889045742564	-0.09934055034383917	-0.10150549766447022	-0.1728114026972044	-0.35534380488433387	0.11240730378455831	0.12315165367605775	-0.12670628916853818	0.02440686985298314	0.02446212557680824	0.14136344056254882	-0.5712124596502376	-0.41097813887815604	0.038587162194207894	0.16702147507041132	0.23565945048994888	-0.03123589771597887	0.18778170468163538	-0.07307996132177728	-0.13926828249709164	-0.26809751418150324	-0.051334541492850404	-0.32651061203024667	0.04666652079374411	0.05592277927765933	0.11148865350685173	0.05845183685350837	0.20529880714151372	-0.007788645707665487	0.06848819645037954	0.1290147337579682	-0.043724508083659915	0.05202866512114832	0.11590076510117676	0.10977934044751683	0.038780412818445756	-0.10891139274984231	-0.011171500044068286	0.14739523305564461	0.00043037466071783637	0.4205315389931852	0.16094407392467797	-0.15182321057778275	-0.501569149127791	0.43752454617550207	-0.4530275245666202	-0.07533938857497208	0.6421643128947171	0.40050119073132745	0.17971612030038395	-0.029651026778087702	-0.03871243037242521	-0.8659669847357725	0.0702948531571468	-0.2627302493278268	-0.029339788348152325	0.1195628486774633	-0.44743016158976834	0.11011798773456216	-0.1527106338174027	0.05749944017633373	-0.23461745407092752	0.02016326351018927	-0.24295797946608655	0.11805231783183436	-0.07683583260756797	-0.11681231869935585	0.2264978277020896	-0.5354807144491041	0.38762865329026724	0.06426141872356217	0.021931033446106654	-0.19693027460068002	0.12815670409150648	-0.4252826053599229	-0.058398382174202235	-0.10171933800813164	0.05000165723057148
DTXSID9046524	-2.4601145004544094	-0.012054355244553295	-0.31114641869111676	1.5743435104926986	2.515020557329362	-1.7162569369062979	2.1747379269989198	0.8286379621116453	0.012073672759882614	-1.6990846679458962	-0.3302165832941106	0.4826495299982246	0.2707197017040309	0.788044273503381	0.7724545161153401	0.06275388108602854	-0.9930826361541009	0.732101561269953	-0.9736672855797159	0.1862544604375462	-1.290055642770268	-0.8698547723611212	0.8444739056792241	-0.13943764298375616	1.1800824901113145	-1.119561802802997	-0.7328183284861827	-0.0006376518911659947	0.8299654410521128	-0.8867978788868639	2.241833399683875	-0.9073566873658094	-0.5769225202601543	-0.2049653933128757	-0.029200741723390572	-0.21826541448572145	-0.23079508762287593	0.14895080478752776	-1.3342828795282466	0.5718434837439562	0.5616375220051905	-0.7208781522847201	0.19487887849801855	0.6652270126165628	-0.5619653989648031	-0.016738719294265663	-0.12039308866001372	-0.358740863648671	0.6236644012294354	0.3188589279238252	-0.011044483772940672	-0.5614788154097037	-0.33198231979422094	-0.41278187523094273	-0.24827474712254174	-0.5834190097512983	0.08000049766330801	-0.06752192250756582	-0.20477511303735432	-0.7006837564753614	-0.36857452987927763	-0.5497914459466072	0.41096596199738206	0.029613182451238118	-0.576796988577544	-0.17706846002255816	-0.20810841869893024	0.23574113526320817	-0.11739213285949802	-0.40072543824617235	0.17398575211440243	-0.028287107845391374	-0.26730066302220856	-0.15755369936014116	0.5244136071866596	-0.5822053250816156	0.09378684906976142	0.7193160840070585	0.4483779757875885	-0.43800447238888224	-1.1218178643082595	-0.420681723841337	-0.17192092493236238	-0.3697781742456742	-0.23409466405554386	0.3517223942705373	0.7130360295377278	0.17975466207510585	-0.5409432928899649	-0.44177117789064224	-0.3852611525734756	-0.25550666685122914	0.7818221803587633	0.14053145367024925	0.147585796572087	-0.11273898388703035	0.17447576867323186	0.005871855572966015	0.6064150786032748	-0.12595698276601563
DTXSID2021600	-4.176292633780208	-2.79687838792608	1.4812977447515416	-1.284550184641295	0.8989076404908227	-1.3844745382822838	-1.1217345152877631	-0.3410225218736606	-1.07132913395747	-0.10073066168192953	2.6030789042167046	-0.7725948132124528	2.0811795429357742	-0.49723466366250074	0.9954981481940498	-1.1594601155544455	0.6675334170568125	0.3906237881547499	0.3186577354716516	-0.1592048676925188	0.01954433678367795	0.25087297318556206	0.5853950284602001	-0.11930605344077662	0.362743765089643	0.7340866617606405	0.3961256468605487	-0.26403058875201674	-0.019478259680159413	0.31763857825108394	0.29556978089511715	-0.1187975986410952	-0.05920385454690551	-0.15849231317577106	0.29722884784016146	-0.35199597653820863	0.5929763484888116	0.2125610485197537	0.6312042778570075	0.7589107474892852	-0.3326113961290971	0.14440359026753277	-0.7452433553534583	-0.04255504035965072	-0.12240422435794879	0.00978068229082026	0.36686609333517317	-0.30757775228476064	0.17206053383376405	0.06335154253698887	0.12830001939066688	0.06412555241833759	0.044400893858594324	-0.13221083917997034	0.2394045673292464	-0.515823811101444	0.377242294457175	-0.6661980610276013	-0.10763715004782683	0.28509585022728995	0.013296507088801002	-0.4637786084295131	0.014703662460123263	-0.04298745290959302	0.01388019934342153	0.2795996808014741	-0.15414756964366247	-0.2831589662056833	-0.10852679612642054	0.2687398683070348	0.6791487781128718	0.13076085490314665	-0.04013044184095695	-0.24440675130805975	-0.40271363665934035	0.15962432030561205	0.17142740302912782	-0.14282336571462376	0.04149497280035105	-0.3429740690704473	-0.2583272356100806	-0.5032359315290664	-0.3520952810836948	-0.19894623479391818	0.12657796178417388	-0.027194247390407964	0.2683840176792877	0.6969576428354689	-0.09162332007598628	0.05656021166140727	0.07151972423158556	0.2222964388614695	-0.09085196036034905	0.2643757348752553	-0.23125585378022306	0.23031070031405956	0.06847027257773051	0.08039136512584177	0.008507184651748179	0.13376668762409807
DTXSID6047448	-5.445260802075678	-4.160175733676298	-3.0494306032931497	-3.525146095697969	-0.14426696660103322	1.2037672865921432	-2.470973987892889	-1.856413344561803	-1.934354496992324	1.1963478072207883	-1.9849009998292193	-2.6349914286107925	-4.099040748361463	-3.2925932805163143	1.1825562342226454	1.4235374559602387	-0.9153540603774711	-1.6209214763157969	1.674648776872189	0.5160041451691514	-0.7859281516849996	-0.2319992345678677	-0.5450402406193997	-0.09716082027663764	-0.7575671018825076	-1.117016050862972	0.7977106984271501	-0.9640072043874856	0.9003959942861661	0.39340437846156057	0.6710635267927412	-0.9802149851323434	0.6182175432234	-0.4222226606888009	1.1623295642080336	0.6899593543791558	-0.38761433679724777	0.11535198228134654	0.059874582635681725	0.5944773122718291	-0.25174406982495723	-0.5259192449932463	0.5487528156805336	0.26055855480689943	0.16067538597702744	0.44201975784049213	-0.507814876118834	-0.07582059240566161	0.26362830639384577	0.6257199385525752	0.19458123651993184	-0.20502592917926066	0.4213772071782603	0.21789242358356864	0.16557610621814833	0.6724747395659769	-0.07811397514895728	-0.14846522161727568	0.38194305887383034	0.6899254602670848	-0.6927045140448245	-0.07313492898098177	0.40888865278908026	0.41783490595705913	0.13612118089628236	-0.7688704651616384	-0.6249963839066276	0.1900320990455006	0.4349235690183346	0.03691114627834067	0.6740398083516002	-0.6858914856760732	-0.1111834421686725	-0.06558933677215908	0.6189932972089984	0.23670954606687739	1.2642518587609126	-0.3196189591844911	-0.19824255677226685	0.499932722842602	0.7398439397024157	0.12568225552376716	-0.4074699385132132	-0.20080368038953142	0.19282857383296992	0.26683068474531035	-0.2498160818497963	-0.33403927752444995	-0.05825267262775243	0.16571616733794708	-0.4201792496672755	0.1642552670201934	-0.12280041633710302	-0.34680904244273497	-0.7593965211275219	-0.42074762065997867	-0.4619918047989113	-0.6713875889359919	0.4252160429458831	-0.07002992980734958
DTXSID5029762	6.370710139614264	4.305920699844215	0.20830170878523677	-0.18747426396120404	0.9244096590585881	-2.347101029710589	-3.796771802244888	-2.3788665995785165	-2.3016556192955147	-0.8865339036589815	-0.10200327506193586	-0.6431312758492239	5.079733852384655	0.6408441123464332	1.5750125066016711	-1.1742730823012493	-1.8519093100914692	0.31326740422932864	-1.5328761325792337	0.8866047656966499	0.5670283711945573	0.8255601509524579	1.0195563426154477	-0.8180875553835402	0.8685979590624616	0.7162829826578786	0.5290442632536464	0.09490431028144934	-0.00647025483644441	-0.21195742251024977	0.029495109706439517	0.17846751452052997	-0.17007411350162305	-1.3581954949536947	-0.7942105476748477	1.5990788334063586	-1.2313865279361593	0.4696146403867706	-1.1004579207083334	-0.059457317019064544	0.8983111164035701	-0.5238680715013708	1.3607610718793761	-0.7446965853440414	0.17838961219629682	-0.270630941669347	-0.6359742394480323	1.8444256070711769	-0.29326915733460757	0.191283462255844	0.05430530196182165	0.9514895415600547	0.5621932779022056	0.6279430428399193	0.44905211021162406	0.1314985805841755	0.11068681894448693	1.3379970364821259	0.5816352209344562	-0.19950400321518938	0.7831948525598795	0.6646711373833845	-0.9780015620925914	-0.14323176638688312	0.38939280510761437	-0.12058413656353935	1.0003532839945508	-0.04450405873409866	0.0023135039900883587	0.5860039046323626	-0.8113841208368532	-0.5646207618396702	0.556234941328606	-0.6437885805035921	0.021438044433626534	0.21977888112013833	0.42208580279363356	-1.0557160161844892	0.3358517036319836	0.3204975722894585	-0.6697519570733039	-0.9729173613469988	0.6598834465131672	-1.2444108435204912	0.0722623762081135	0.3254144461700323	1.5376553493743734	1.0369413595599646	-0.600242240495908	-1.1449962324273024	-1.0689497075222882	-0.5931417459609678	0.974361054470648	0.4536265703687998	-0.15654208086451915	-0.8216263730571265	-0.16741755078221066	0.01985454274031543	0.2665393192505627	-0.27878652434260837
DTXSID4023672	4.74050209401827	1.6813127105952184	0.24622214693736694	0.3474834596745502	-4.064028525557759	-0.7528244154588183	4.361268955090676	3.5122233002758314	1.2523975761603605	-2.0758416430642583	0.17156200216662806	-0.235652178157478	-2.403636997686773	0.1847128021070053	6.73570469661105	-1.253900232551225	-5.259488557762522	-1.5885807298453238	-1.4045883293693227	4.821929212927454	1.7811604694247152	-3.3621136144994717	3.649037616167466	1.4393547982514294	-2.5703860311902154	2.0663992145449774	-0.8126571468579289	5.231337719018911	-2.171845620023976	-2.127433657341819	-2.249771221623047	-2.8307153081730387	4.303546068963253	9.634995986007375	2.3634643466548044	2.879951978056402	1.6388950876997488	1.6407702944706826	-2.729841748354603	1.2481089042202202	7.9322921876973425	-2.68287773007536	-2.1262050486390547	6.822718470208999	-1.0332895136860383	0.6869905042822009	-2.928366049275732	1.757468322631208	-2.4687377770793764	-5.659624765002086	-0.023723943523248848	-0.3365413598752359	-3.3259523650992433	5.5012704654703	-2.2199314484812986	-1.519941339815116	-1.5741346317430556	-4.252949276235519	-1.5853981872386975	7.126746986388819	4.821117068202961	-2.16420459160209	0.7553630624859301	-0.7992339376170337	4.51678791867225	-0.8007567761139971	2.0920397207535926	-3.467656586909642	-0.7755457742526118	-0.8350979358589888	2.0515790896796107	-1.0682577201702428	2.471155036140693	0.36800888741037097	-0.0879976778028089	-1.1916555156878788	0.4325725444122574	-2.9134533116695374	-1.4652205038067163	2.889333745226251	1.1902666216005202	-0.12520039346733647	1.2828796021526212	0.3770123930544333	0.20401271255977063	-0.9715549902972379	-1.3620994542678462	-0.14047702212821844	0.4537786984061314	0.8424711534044268	-0.01852484432986214	1.3228964399365886	0.8629484166400935	0.5848037989681478	-0.6489166955531271	1.185227609016919	1.269690469938803	0.32215122459275747	-0.17888251115338732	0.6986641771228992
DTXSID7041966	2.4586134612511548	0.9944925882410813	-1.9289247051159835	-2.569139757109598	-0.6366612262946316	0.15734997648514937	1.077859349666881	0.7914376251706788	-0.912310522301345	-0.3910131257386662	-1.3899722889634702	0.16873331267354524	-1.1562832431880221	0.518797385207421	1.230652007157007	-1.0035172260351402	0.8525027344629215	1.2077653049826447	-2.3078792309130876	-0.09690720842731551	1.711744600925227	-0.6082133927072372	-2.2530565342905686	0.3678724511680657	1.0861602437476268	0.6881403459559168	1.6864161313335866	0.5393301816747372	-0.7390446634821418	0.4393441215576709	0.022240017812412	-0.8920039341422709	-0.287295471215018	-0.530939595014851	-0.09894828081916655	-2.036254868327219	-0.5612174090658333	-1.0642464991768725	1.1514571651779568	0.44156194715829233	1.0414795036777744	1.4556610114441844	0.020191022113265508	1.019460169202802	-0.2573752757711874	-0.10361600192071062	-0.1265726526618116	0.5324087038030246	-0.3047127034870199	-0.3249869526918953	0.2726301548541667	-0.35373644141751837	0.7219307046705737	0.36492033663761064	-0.1306511792027898	-1.7972130500324517	0.7418943885986852	-0.3371964555682312	0.6388053103564987	-1.17519079521139	0.09928390852347607	-0.09273169676387763	-1.4366838764408731	0.5257667864329512	0.5158875221138073	-0.3958489104433451	0.07756619190853675	0.48527842878632027	-2.1508102185777855	-0.5736823165345055	-0.4281862478791243	0.7714528012489414	-0.36656309988653857	-0.04715001534218401	0.3433351425451746	1.0787365130836348	-1.5352509337553488	0.3408209799906822	0.38158966139715317	0.16688357012794497	-0.12096372878523377	0.44372047381837276	1.1310793386314715	-0.5275027229865085	-0.9603804108223797	-0.5212164832963387	-1.0150291267318245	-1.609155703846603	0.908657121198168	-1.8821232746337897	0.5411383239803261	-0.3227682524325728	-0.6885381122112881	0.5215461191714904	-0.5594979616735288	-0.390818326083303	-0.4005241513463824	-0.575840056311317	-0.5716458670347736	0.2297385568741941
DTXSID8045852	1.1250270873327826	-0.3001470993465376	-4.082774449804866	0.36199119001365754	4.149050397084862	-2.2437587680408266	2.1848090562429165	0.9724377404976955	-0.32961080809759463	1.385359746357032	-0.7533542640207735	-0.33832990065160373	0.5736768818363753	-0.7371807602051274	-1.2329273105318226	1.3481440178143103	0.0456316732736864	0.5852871972131066	-0.2541757420247204	0.6336927807907377	0.2739030574939694	-0.09321635578452488	1.3152554076227785	-0.6006330001307612	2.813802394586694	-1.4340539843519338	-0.09798307697562175	0.9740375033977602	2.2147969983552556	-1.9168814651241861	1.2145070189880496	-1.7215005236871204	-2.3944517833934293	0.0070103697967150635	1.5003730274351694	-2.1266818781487817	1.0668155378812154	-1.4293821023213753	-3.1941923490651956	-0.0527316473137348	-1.6424631472739086	-0.7242011841877567	0.3718159697403429	-0.13069398672701288	-2.3888931484965146	-0.03120247287014364	-1.9389017117838574	-1.281185258917849	0.6117938978028419	0.7821357219174015	0.13453395085243855	-3.643801075043455	-1.8580135865846124	0.4129214062995099	1.312982219250992	1.2168049348374443	-0.13622598068362163	0.06555750523682458	-2.2801212150526387	1.2958732248278564	1.1306152432884216	-0.22004110713018057	-1.0174112836778135	-1.202235316244723	-0.8370326870369467	-0.6532406131050397	0.42181249989896985	0.9276856804009247	-0.21697747758189806	-0.09650976291193392	-1.371033978267546	0.8572917502745163	-0.6863533964248557	0.19186728983172446	0.17272169018313543	0.061612095881410436	0.28380711658998914	-0.12075634165095468	0.9395440933056579	-0.4814407142994924	-0.9847485874551958	0.1184731976495891	0.359636297694507	0.23323928837848165	0.245005852256719	0.3275901875750578	0.07807095809997144	0.3719515874856175	0.30042333612882643	0.9479909779474737	1.169862046220175	-1.0378754265796435	1.2151944492037121	-0.29688975224421216	0.41362921902560973	0.006484142566194744	-0.45855008822254684	-0.4846275549516558	0.5865823144951866	0.11868259970107001
DTXSID4057683	4.232877644579097	0.5959179109407678	0.14934508032885324	0.5445721776936993	2.35303637852046	1.2305954789517304	1.5658834086550322	1.3921640963395523	0.6640743446063104	0.8118409237297851	-1.4060142209969342	-0.6696441251619846	-0.3828608655013371	-0.6096703609669731	-0.045177533765205856	-2.666253352669481	2.0073407432259054	0.4099665663950584	-1.5127670209474144	-0.18158532488908954	1.8801037011343114	-0.04207786192379775	-0.9925062662769477	0.7234536147972884	1.0038949293554305	1.1600336291184972	0.4545453622791695	-0.43832922110469535	-0.21831094486744973	-0.5757198696516125	-0.3841433747111878	-0.4831801090625151	-1.1598106473862138	-1.204656315470779	0.345838761725386	-1.083566743236775	-0.6211187400902495	-0.13382604638952378	0.8312455477911986	0.9239527793398938	0.9447973057180329	1.1171088802216567	-0.21368924352075314	0.20954848700553033	-0.04160706450312031	0.06841432516651882	-1.2555663753189	0.21602305564062643	0.1399571925244174	-0.014254499322400782	0.1276247009204285	-0.18151659984590346	0.12195602472301414	0.3852392278927689	-0.5941151644612459	-1.238767009808731	0.5012792244245127	-0.10876308385348138	0.43038222130943826	-0.741285173799369	-0.3867241471862045	-0.12166199559255056	-0.510803416218869	0.06786898806824357	0.3604010360294651	-0.4959014547659418	0.12944591449656134	0.14802341065467997	-0.28514895805001345	-0.6352042538685662	1.1255823134078842	0.2298246301478147	-0.4401553765323854	0.17439960718010053	0.3032746605830985	-0.4827795679462915	0.9781128299241488	0.29207784866843167	0.6451265563888174	-0.09398116644359537	-0.9561701845919407	-0.5937930466303885	0.3793743583521637	-0.08587363035494508	-1.5918400503449563	-0.2114644179831896	0.2865863023349017	0.41270887805642414	-0.01972464448880225	-1.0484002977403182	0.0538787051107493	1.3665433606620003	0.22351870136706464	0.22959463168538385	0.11372823216383586	0.39586040802779165	-0.2029127982758	-0.1527573934496364	0.27467078274616497	0.6422555984532204
DTXSID7049003	3.8103002070653456	0.25814072823682427	-0.4709650961377584	-0.5802447986097286	-0.8864238026349295	-2.309412479539169	-0.9849271696994699	1.1160119409211953	-1.1112026626080473	-0.9695019456879503	-1.285235441733842	0.3234613048470741	-0.14864057789669438	2.798049546210112	0.2682168676017075	0.9198162791748492	0.04384693873267572	0.46463816310665884	0.876010160990906	-1.8811954659819945	-0.22323707209615704	-1.0069919740810707	0.6786650146168536	0.6705557368856468	0.12673585192641396	0.33795862220500905	0.8842831322336896	0.12270074365422241	0.21094611373516964	-0.09389314437054438	-1.0372381240170834	-0.5417458145633632	0.9477619387872218	0.31227886202382604	1.6013125018734529	0.4061600796549309	0.5353503265724728	-0.15925874854301197	-0.17225071779874998	-0.5497460333858158	0.23060416199686537	0.4184004784816335	0.12049364634800827	0.6393215325308216	-1.2666661640909103	0.15335280810513255	0.18669634245774844	-0.7457778136300077	-0.21755729106645066	-0.6566173002264588	0.1648862724915645	0.02471824594702067	0.23600601804859989	-0.10022029147959645	0.40746263080170425	-0.8842953904562787	-0.19712481007229082	0.3161155739338683	0.15960251070473166	-0.4434395816748683	-0.3018047293135299	0.8039075931245142	-0.5315583214102068	-0.7569531531569805	-0.25688266807134785	-0.0318780698209597	0.23052756469019764	0.5775869178193942	0.20025152206964497	0.1127354409254355	-0.05015051189050131	-0.9712814704296866	0.5181620396248995	0.03746208904912333	-0.09543704710608047	1.3432507549084969	-0.7686256326773514	0.5619202634818474	0.12477350328271632	-0.28015175553197535	0.5171173367044204	0.6187253304980374	0.28546982679036503	0.4649772644693781	-0.15783374544091616	-0.6458838745176702	0.13865972812102764	0.042296385657264124	-0.9750443768108363	1.0260567494555282	1.6323430913110089	1.2057147526510732	-0.11174968304516818	-0.7740968937614428	0.6364457972613851	-0.2346534597953025	1.0871611094905413	0.638424252383977	0.07902680375874499	0.10838872799192747
DTXSID0020315	-5.338121127825242	-2.6603655020174384	-1.0133605391881306	-1.8835346969339921	-0.12708451022043044	3.5694989569714806	-0.2956883613653848	1.6761421117479898	-1.1410092017090554	0.4720205375466691	0.11330947705953501	2.692070106427901	0.4612630684384038	-1.0297894699035552	-0.3781523222010211	-0.07023673489995395	-0.6919489890548618	-0.4734427622053862	0.18677255508188234	-0.06711793597724341	-0.3312131741505901	0.19403236048799147	-0.04604115441218746	-0.3430759724242476	-0.2612167018229629	-0.54963721037834	-0.4003292976080044	-0.005555258283419167	0.16447251978335078	-0.2165952060604246	-0.5562867490265473	0.7137776162177837	0.1311793197491662	-0.02169691175727653	0.49826792309284096	-0.1465020072599787	0.5810038689632138	-0.5465557847135771	0.06800968387450357	0.03607681568854195	-0.3765350869307328	-0.17482849359686892	-0.04424020988819994	-0.10809500940997466	0.20156271681231866	-0.03470708757102194	-0.12993659030221522	-0.322666885241248	0.15032137709502477	-0.002600583371392422	0.15097400730712426	-0.3353116174398894	0.21726963506726965	-0.23800614737440542	0.03151287097958476	0.3862088062587042	0.058459390987723826	-0.06534302260650625	0.2304848158485836	0.13056464062160283	-0.37806792927109556	0.11012937399403794	-0.01430605101354787	-0.26091064978586487	-0.38542404116986756	0.3725384139388658	0.48406254676707566	-0.04492929215034997	-0.39928089884069207	0.2895683040876092	0.420512071792501	0.7027226552646308	-0.1080636541382582	0.09293159394939013	-0.4676524488223428	-0.8704620715685648	-1.0619905236477067	-0.44745678422411606	0.11300661651307024	0.22768513071388102	0.08724300041033543	-0.2853705299267742	-0.5713776373525793	-1.5367334665351147	0.7279382039635296	0.01843268957864024	-1.047301092551848	-0.4266157511215341	-0.21071498336249003	-0.6013631511364477	-0.06949145457222225	-0.3764059148894755	0.15354938005588425	-0.5878294600386004	0.6929087036515167	0.2241154090541567	-0.16913432898885827	-0.9315795136409165	0.2818862558133317	0.7344994863415987
DTXSID2023480	7.4892446043096985	2.1810084022933784	0.5516037108342489	-0.275039027703959	-2.0049630794297455	-2.6037229898035923	-0.42943015681588265	0.983327639081284	2.8672066735968658	-2.1158255390954297	-0.11582536900241326	-0.4249357202389563	-2.9269380602153574	0.9367712093797148	5.580591391575541	0.37952597768335516	-2.7450728547328684	-1.1436767011517925	-0.6345381692996737	4.450551656617871	4.333413718674365	-1.8013552595409408	2.773947644172115	2.6425353070073374	-3.8621603757393297	0.476413811190545	-1.6417235416894997	-1.1089458574545	-2.2025032121185406	-2.1151875633764226	-2.1094120243263244	0.26596990372272544	-1.1269520983192856	1.1977401275471284	0.9390723297245609	-1.2565862784155641	0.8895280573107082	0.5664787763962451	-2.501488843397529	-0.4889276672334281	0.23660333853058393	1.009033652741203	0.9585827042803061	-0.14844586558047418	0.3643151798950609	-0.058360569106915616	0.2824233888711	-0.8200069812840461	-0.1628217747277896	-0.04080531449640598	-0.052670509562527904	0.19470201643088472	0.5405178257756884	-0.7037354603895665	-1.3170402590559935	-0.30032479528200134	-0.2924140185462331	1.0359341530410533	-1.2648588759933677	0.19940738620947332	-0.3797111971121958	0.2237295356623894	0.09400950451141162	-0.16173386756128075	-0.15863354794869025	-0.4552620346913118	-0.8173397901881884	-0.4379483558500661	-0.006645424230190041	-0.9392750253497054	1.4872993959080345	-0.5507514029477454	1.316240853361072	-0.2326162846709194	-0.12287918787885455	-0.9617267998731055	-0.17581830529616588	-2.873346839886736	-1.6100061575820395	0.874174233818722	0.8807625636181853	-0.03174917541991998	-0.30254098783080435	0.17144304167824134	0.13283716992897546	-0.42683662191062427	1.2884779309587011	1.1329762041216054	0.2892930122045535	0.3893562866032125	-0.660275589066979	0.27536398992141153	0.19802922522966998	-0.4668373645370375	-0.8721066772821363	1.7924961515580171	0.36343161771354365	0.588087243500602	-0.8837519085326405	0.3644349557083413
DTXSID0052621	-2.6412223566730963	1.1960228161968374	0.41603908863432026	0.7527935823818122	-2.1624751307431285	-0.6806469825008531	-1.5034542571614422	-0.5801011198810198	-0.24122968392674088	-1.7150378907591335	-1.299328285851149	0.10997912391561407	0.05361110127156255	2.9179343533831354	0.4133328437775644	0.32863597695524116	0.058796228020877424	0.6080370559889299	1.3693806779229423	-0.08824153691437597	-0.025792799607698307	-0.8959237743553107	-2.1098879777000596	1.4683255537763784	-0.3262356036294802	-0.9119008487313035	1.8836474363563387	0.6228624220228046	-0.018496833573522085	1.4668173933661743	0.20232413223292878	-1.3712551570215181	1.8281439819141796	1.3918301662305148	0.164566788113361	-0.23501014499775078	0.888474475247923	-1.609700351990329	0.942690432322705	-0.049079958649350504	-0.746389075009821	0.09224298516511555	0.11474663450482273	0.34606584139861424	-0.8237369538679061	-0.5271442276109333	-0.4880010521784412	-1.1192353071724341	-0.1877312463104233	-0.9389517375056866	0.3831362765888225	-0.3490852176847574	-0.461330569739393	0.11661707831884906	1.4310484954794749	-1.0444029097594032	0.17370602616695613	-0.04554679776614516	1.6684562443275106	-0.28077323851297836	-0.12796565936516394	0.9706594340802234	-0.8759260470397509	-1.6383299290766948	-0.35478783124962177	1.6669384266029628	0.6241455773054795	-0.3798642640210648	1.1519313388583206	-0.16083817241026338	0.6650667025012463	-1.7609713866564074	0.6710212220692882	-0.10950061607527914	1.0085623137084354	-0.7258438567239367	0.4620575857049881	-0.5755239852365213	-0.4008921484191227	0.07312990661674819	0.6121148624589113	0.09383121347760932	-0.665011357714448	-0.08653423010211114	0.06900997396667154	0.6193075399570445	1.419310410410803	0.7375530584204893	-0.2265356915922609	-0.3581625029734475	-0.1294575913467543	-0.6436660800117672	0.43649769595246696	0.06879325036466494	0.4764337835618238	0.5643599672583914	-0.31190864952192077	-0.1275446548682525	-0.16616252925541267	-0.12596361608850212
DTXSID1037272	-1.079239846006654	2.5712995819197335	-0.016936651112047896	3.1206320036964343	-0.7742364256934757	-0.5939200462114017	2.519030951770316	-1.2236910140777137	0.32347467556019804	2.032554860917566	1.1089061186769713	-1.1165741250708312	-0.7536801391190323	0.7283189548785473	-0.5575470531199098	-1.9484900789971735	-0.9779386372480259	-0.09011497601511279	0.20436019708012518	0.8440237061283078	-1.539895507882066	0.21757377452625676	0.7726486382683747	-0.482719769763207	1.1485876076597787	-0.7502459510211212	-0.7156527035397053	0.27855940802709894	0.1896208795022726	-0.10805246005413513	0.6876676006881969	-1.027213114696787	-0.5791995130800872	-0.23652144339622388	0.33700237750623535	-0.5618493335106689	-0.04052538577966688	1.225979022039932	0.05667755455020157	0.6977236738047226	-0.34993387862689684	-0.1889564989839543	1.0276132182803492	0.9541958817048349	0.05046706316959655	-0.3732154529534107	0.518879810619901	-0.5576105290324411	0.7217686034781061	0.4090261269028898	0.46082297415725276	-0.06865721353627716	0.26442069191404616	-0.6146944497983681	-0.7152930851051931	-0.711916228129524	0.17134354389275797	-0.9590736343753538	0.9010715176645606	-0.6903537892466948	0.15089914620675995	-0.36226034469439117	0.2909072881268759	-1.3245164819567141	0.506094627629521	0.33590550312907286	0.5490445765450003	-0.15304072279430975	0.6206965914313676	0.30933808819320163	-0.3272834879441162	0.5600717431732964	-0.6334849783739284	-0.7359806896850766	0.16070942728522797	-1.0053670183396766	-0.17559646280431795	-0.03751871481121713	0.3650528467386494	-0.313010267978387	-1.1492284126611452	0.33466674599986285	0.07575203974790028	0.4683818015587627	-0.39019757319701287	-0.1271204455665212	-0.18735367876809914	0.02345520344611018	1.3325508724582926	-0.5864149072495244	0.8644494398876202	-0.023490843550342762	-0.34425541201137627	0.4544984933407088	-0.14611689292757046	0.38749492753939985	0.16138681727680942	-0.6872037965187836	0.19328161663980592	0.7649187398602212
DTXSID6020802	-3.8427687418082144	-0.9443671302659125	-6.730438656009668	1.2475162385779277	-0.13547771888382104	-1.795123628177814	3.731169200123828	-0.8551645663377541	-0.08152426720833542	7.852912053099608	0.6154034314453871	-2.3361056428668925	-1.4196320018864537	3.3515043099943274	-2.7032545902807485	-2.9604200482644267	-2.5937723813654765	-1.5783939227597081	-0.09088963735427964	2.8987732473366306	-2.3370879346067226	2.3331794032220667	-2.6845850736507	-2.4677798423970887	0.47817248254238387	-0.0010645541667945557	-0.5152842531818379	-1.8760856563792	-0.8211842432304775	0.7307987747802468	-0.3661057201683567	0.5850631691556752	0.6290873939818086	-0.686301987545782	-0.20545888411980714	-0.38135097929945594	-0.40769493392998657	-0.782100131755297	-0.39748294818388374	-0.11843010869537274	0.7358997111153063	1.819888287608396	0.06283409273454954	0.049472641105621724	1.7484975678204575	-0.10835702322344279	-0.7579639870115266	0.1588882872490418	-0.4789032020895297	-0.2994029091928307	-0.25916196522073554	-0.2716142113106186	0.16287834176547208	0.5093393191376802	-1.2881814083715668	0.7557055430197717	-0.24987906051262862	0.751243560844177	-0.25202116346956377	0.9509467201516627	-0.6351439445245327	0.5630731817870884	-0.39486947190833066	0.7985559907851755	0.5060067498129842	0.23839764016780382	-1.6677509055500452	-0.49278145760021397	1.253605037502281	0.424225227566729	0.5446531924460913	0.08554046622178324	0.23054270208632835	1.4511089027824997	-0.7892958141513576	-0.8072881911488832	-0.6405923776318588	-0.5405059537991481	-0.09903791497765475	-0.4439648362323481	0.9408447499957061	-0.3978050187873101	-0.13646762233337803	-0.39464213802081555	0.09896583797765601	0.5070114607414884	-0.38940053037140204	0.8882406776694017	1.0747568493495208	0.1725427570430495	-1.4711714326368153	-0.40892931761768436	0.014723805160182622	-0.8247406041859837	-0.7202288693266773	-0.6497555593192189	0.4308991676250128	0.26006907990820627	-0.11605007490398665	0.575776749280313
DTXSID7026994	0.38828295891105447	2.5015752766200587	5.652188780224042	-3.8178214364568213	-1.9882837555304917	-3.152723916511753	0.3827179516991691	-1.4232320783196688	2.041801847936972	0.36277726344561056	1.230777229785016	0.3693546729215743	1.4988571503712247	-2.8390462533799963	-2.6794998481164423	-0.9589080809857503	0.40528193068065616	-0.9441273483009159	-0.26466646689408485	0.6001490236755607	-0.1819820279019811	0.362204189594403	0.08011535516362822	0.039423997557083146	-0.9028225991021346	0.005800198714965675	1.1260998995221638	0.06888836836408335	0.22328306363323253	0.8923124140904668	0.6574095523177277	-0.49765576636030834	0.3082744625981269	-0.11442572611438942	0.4252314432487145	0.27964650923239226	-0.9359773062010631	0.24380862048557617	0.2559343939671084	0.4154991841152258	0.09247086757589877	0.4380900786964439	-0.30101814191411974	0.18667115994862593	-0.42921078394818	0.12450550852065985	0.6795514456256811	-0.48229368517846094	-0.14263942145776848	-0.3346475389152225	0.09262624110976835	-0.023904524136650222	-0.07712560617470574	0.16003075077535495	-0.12954243802757306	0.19581155313303758	-0.13125369375673537	0.13134795285717155	-0.42857369953647534	-0.6847289977935745	0.5891869878296119	-0.0518537191034735	-0.37933866208088163	-0.10772356564312953	0.5276578954024664	0.4084974798087878	-0.5125550230457967	1.0711676745430705	0.0029370354306359884	-0.30594745292201136	0.11044413965499722	0.33880306150000766	-0.07348852713343292	0.02087751526836795	-0.12400071174976776	0.16143556817532456	0.1369345749932106	0.43171075550913834	0.14469846831644576	0.18443277123993998	0.7129857676625663	0.31215073447820013	0.19493834393041937	0.23343816568816483	0.4165582206818886	-0.2253514916189849	-0.3556731375453549	-0.0794586492029397	0.6709237347658012	0.02916721742430135	-0.07405227339470676	-0.1437170126156327	-0.06301512036781882	-0.17800981661755602	0.07241710049726478	0.02626018309247881	0.03462851756997447	0.21825059776579162	-0.03405511874577976	-0.041316850516926004
DTXSID6026080	-2.590628030940367	-0.5233812412604252	-2.15697834720826	-0.49384279203725523	1.5961921185715386	-0.6670117406359426	-4.102686988817487	-0.7721770643477122	-1.9318580468288788	-1.0655088030468005	5.974687541990904	-2.4169504941163567	2.1376219817176825	-1.6110913591041607	1.943046142970933	-2.5648137669500466	1.3015565354078833	0.4220813214917516	-0.18462699945690117	1.3462683981773267	1.0730205100475523	0.3315764679788504	-2.638685131992287	0.5855631088770729	0.08466694678546452	-0.8582101139022207	-0.7727380837388578	1.2264027459273206	0.5248927915656321	-0.29773711002182035	-0.015731200051097047	0.3489295757266562	-0.1455204359026352	-1.7877957032540766	-0.5254851338602556	2.7259442077247686	-1.478502477542936	0.17552617444468124	-1.8141069214108494	-0.703159505197417	1.1447096850092897	-0.7986315506749229	2.7537280340302006	-1.1344720444231626	-0.24378019900135517	-0.13612474114623768	-1.5169822838265792	1.9147268944180122	-0.2058872988801136	-0.49010597365858255	0.1526103340378498	1.086937542950106	0.2004807934021003	1.000128145398658	0.4222836803245498	0.8942927851708812	-1.1865627605686357	2.3059057196630315	1.4341083737464229	-0.05815530104442117	1.2000651337909556	2.1501036167273924	-1.1709670979615356	-0.1702154190695995	0.5697712895020656	0.6459335094354215	0.6837777653060338	-0.37340467347774997	-0.44621663462358313	0.14791499960646273	-0.2963474468252834	-0.41578330151050424	0.2841392747858912	0.000538907382957394	0.5616701531554582	-0.0010522344932497238	-0.6970748020413524	-0.022929712046263227	0.11297427188320015	0.44457784210765977	0.27538709663032745	-0.28410165747325994	0.7662618010448294	-0.018450092008026827	0.010769489202775677	0.09255306740743328	-0.1882320469953661	-0.25560554457375095	0.32966978790090906	-0.0140577276856392	0.45330425182124445	-0.4086184732615242	-0.40873217446199667	-0.31952015478000517	0.14166244662138036	-0.31219452885565996	-0.02626175050584529	-0.0959645419170031	0.104341588340102	0.09857126477365466
DTXSID0042169	1.913377365525865	-1.1317933993420262	3.3687467091363166	-6.1626259477993806	-0.8232722754636109	-2.892155958831805	0.4035445662690385	-0.18225089990228724	-0.7301677477191069	0.9588053442358361	-0.8177390352334412	1.015113435856555	0.38745713299108797	-2.823342417155954	-3.5773449558926647	0.0034489261102604294	2.907727535446852	8.068163971963484	2.203238411026106	5.512861335032811	-1.9163663079500204	3.971996620789281	2.7869323041157466	-0.3422419870132954	-1.6448434730087083	0.2605684220166873	-0.9956168359067846	1.511823981846741	-0.3282582907769264	0.46239324466994597	0.18631065481641143	0.03512021814910772	0.19749302548711956	-1.1130517734856553	-0.07708523168536245	0.0014135771904582003	-1.1030254958363468	0.4295270268783761	0.7478521057814663	1.219178765371063	0.593313067329628	0.7395342018405455	-0.16812225005126766	0.19529816866685307	0.18351599309275443	0.19594398925554696	0.03207597196401852	0.1479980852374493	0.13028169236442563	-0.2943602333582058	0.25309180930398606	0.5409744938727288	-0.18192945594726334	0.5698980243588875	0.18493524695938468	-0.6329667506611505	0.3834739517006091	0.16598639966634782	0.005648000233944938	-0.8097516456751229	0.7589396263263103	-0.42442119593996464	-1.332933527535779	-0.21691793623443145	0.6290430178489227	0.8554639577830698	0.4772396359523857	0.36268925537933433	0.9650923172810874	-0.0294788487465339	0.6485966541292615	-0.16334735901978792	0.06886321016109082	1.0149982018325363	-0.6436122307049953	-0.06205052539693468	0.8638369333013073	-0.31278168537828943	-0.20301590575459105	-0.21276030942761584	0.42879721588069974	0.10708898256456664	-0.27328163446927967	-0.40006163777164944	0.09980235585186377	0.007539525526497962	0.5533953468096771	-0.10082642567526102	-0.2106813707755084	0.1667265045408591	0.08811728231428165	0.17696177775529484	0.14656931003286391	0.22835588885698943	0.17998180620468046	0.7452781485472455	-0.5853437683064603	0.34369977894871695	0.39687094779675125	-0.2621077821817926
DTXSID5045386	-3.5046176897046135	-2.829044580867345	1.7613429935080647	-0.25129560916073795	-1.6077109908152154	0.18119669841489916	1.2524902810608283	0.8286099198949962	1.6283433983263644	0.7730617674883873	-0.34926009171911343	-0.5319136757488233	0.3584997038525251	-1.5631527804062118	1.709667419911261	-0.09433812066605175	-1.5289266167192794	-0.5877004199767683	0.3032730624151637	2.0633392014379117	1.6241535013229351	-0.11040314322076895	1.13651251824402	-0.17597226906439636	0.5482834520597002	0.056025390237087545	-1.096580246881218	-0.1591107944125842	0.4518515970668536	0.2976666832761122	-0.320951737359675	-0.7261056990848186	0.10813880641055276	-0.6759709968218693	0.6383156425206677	1.0499998127195687	1.2517334070046524	-0.5807389665531534	-0.5114248445206091	-0.7593532437205824	0.7919857431455494	-0.15016445088325406	-0.38318365909090824	0.3816226907515286	-0.06802637664489723	0.34458378205889306	0.3167475468915261	-0.26215002724214914	0.1975653979686531	-0.33706619304886404	0.06288681506185294	0.1189379958515297	-0.1477926510195065	0.47433454208108194	0.5826569239790585	-1.2539042180396676	0.049360715908503404	0.3956137012036555	-0.24571875174299354	1.0452433569543536	-0.6363685683365298	1.251255177570457	-0.7734068062439401	0.6617617996560721	-1.0964280222156089	-0.0925101993164049	0.671360570055016	1.0650406323652772	-0.11571311670540856	-0.5911061795282133	1.8859007032788424	0.3706291786684457	0.5913821922101196	-2.0599374094526124	-0.503097379124506	0.21347599629183117	0.8362732176711992	-1.046174071429508	-0.7240254488142327	-1.069609659534592	0.864884271416338	-1.3867081187676034	-1.2287000972273128	1.0821414581111424	0.7295883692922905	-2.7092701446005623	0.4238378136386224	-1.4373805009334584	0.2562714195146225	-0.2480385628657727	1.1421799139152473	-0.7060517622321643	0.3625802781002165	-0.6128686999106867	0.08899658992484408	-0.235479669956279	-0.41076442638875615	0.2350513507283487	-0.11531556548327564	-0.2344559400315192
DTXSID6047070	-3.7365460372455215	-0.5107397380865968	0.7408152138706555	0.3873024572959921	-0.36130466227109664	-0.7910214021675694	2.585573218548351	-1.6292840220876605	0.44184710079418416	-0.18213788544140014	0.04713005301559299	0.3951972664625138	0.0619022527948642	-0.8031656039523698	0.534958988713164	0.5312902138137808	-0.9181832852156521	0.5634930762414861	-0.2658606915605893	0.5762548517665633	-2.1423612010683755	-0.04380316267258297	-2.1880253027446033	-1.4720414762524237	2.363555090458016	-1.336210634283693	-1.8400559472452813	-1.3551536776959416	0.13008419899023987	-0.43246323711430307	-2.2007522901198127	1.1805795926055742	0.611212313090226	1.3732592223058617	2.7263216161400448	2.007356957462197	-0.12106340707783234	0.7953888328458466	-0.07654937678519591	-0.011258932738191325	-1.0606235632517818	-1.3039138819965628	0.16503883298153627	-0.9505584270081893	0.13022594433610854	0.3923879876633328	-0.2488692677062041	-0.3620885687725314	0.0033590407382141064	-0.2817097231205581	-0.15983115828686512	-0.47747329628470847	-0.010423753286861298	-1.0125286092876937	0.3311859029512408	0.8518502419372544	-1.8213440955831468	-0.242081106624035	0.9848096528154656	-0.28462288283143955	-0.14996951944077055	0.5518143077537104	0.606221418159925	0.2696430391828501	0.04630324856336373	-0.16101807708796384	-0.06136297019601177	1.9378005799184794	0.7244182359304049	-0.24618048486892335	0.8190507025138641	0.1612908528199595	-1.0214052727144893	1.5272225099970098	1.0899964347077578	-0.9533489117114663	0.459641204172605	-0.48185990033306897	0.1553845016501399	1.027553453879725	-0.6041564814691169	1.7733984539845462	-1.2878618337579475	-0.5309064793286581	0.7373337282751314	-0.059149096744257876	-0.0036338252867441517	0.5739604782551812	1.6794088159455003	0.14698756083850523	0.22168600717757317	0.683356446141476	-0.3998134970484143	-0.8102283864430757	-0.03768877475210553	-1.6249986444965807	-0.0590262544957423	-0.3303480763480742	0.15925139719938786	-0.546341253693546
DTXSID9047887	-0.7977638511292626	0.7831073244805979	0.49442555489307877	0.08987042261861414	-0.7872078497093258	-1.0889826178769402	-2.8117966580470584	-2.2444498705373284	-1.535701445802671	-1.8751763951026585	-3.92169849324439	-0.20516618073245033	3.7415580202037555	1.2033355079002785	-0.16980994499977303	-1.2254628371782275	-0.83367588402524	-0.6997715197729455	0.0824612994943059	0.0649162845085029	0.7850869389499172	0.7464531018729071	0.7885833067720426	-0.24811560633449709	0.2290656206940064	0.5325816603397716	-0.18425144550560202	0.46861133896207435	-0.11143387979144949	-0.5841340638011582	-0.4228241333599763	0.04938420366528103	-0.2551780054280986	-0.4767977589516329	-0.5213412705307666	-0.0390271935413068	-0.9093173201883162	0.397465312929596	-0.10629053809567435	0.05976721260980625	0.17221870486756286	0.23789623316487934	-0.0042679459074192756	0.17936547310562934	-0.022240105299327597	-0.08980504301218396	0.12438145825935362	-0.06077064648706802	-0.15089617548574857	0.27305237384437486	-0.05065155614406735	-0.05820190049195143	0.4184834768923265	0.01283040372963823	-0.12600754901755176	-0.023059796734740116	0.2473790457426614	0.08109381457066622	-0.2541655240748449	-0.11257144116240138	0.1792284877521188	0.05714604384846022	-0.004352994750864423	0.4955677990330138	0.048304535919495246	-0.9859407143031692	0.6454137893392929	-0.5606467011954697	0.3306385291671336	-0.250545984039696	0.07364004292280203	-0.2489799736786534	-0.09293126815093374	0.007264413701315864	-1.199661992433356	0.32346662034035567	0.27855623150505604	-0.05189852593147733	-0.282240610697553	-0.11664974239658714	-0.414358308865327	-0.06980705767683075	-0.3412467574361523	0.1070985757399554	0.1928776935417057	0.2950338834917597	0.3740881002097166	0.14251261979064542	0.14321463624712247	-0.2564212732150477	-0.3413078695286701	0.02582315239394462	-0.1552380568437812	0.23886848892548235	0.07342708606287124	0.1896593483423285	-0.43496673954316234	-0.2851936764226397	0.13157852102363674	0.25908067591974837
DTXSID8047925	-1.513701842473391	-0.8424348326259125	0.5296648999195429	-1.5513244108450293	-0.33511819546580024	-1.886735395813393	4.820319164879248	-2.3706713396048316	-0.7098319153913516	-1.713050940407435	-0.7294965253227333	-1.140298253049125	-0.40330482912404286	-1.883445871666183	-0.15747094776829823	-1.026986684089985	0.6851439594466161	-0.8036440276889846	-0.8884148586326958	0.11326743038377045	-1.7454793177447439	-0.449265003210564	-0.30999164610864266	0.5662194754233827	-1.0374209936861258	-0.9900066619435601	1.1049490348048623	-0.9324094707257568	-0.17565906549924126	0.8302315285012856	-1.371626461675384	1.4309028169806086	1.196432543375829	0.18396446459907798	1.6293051622926027	0.4813743553958324	-1.480437902234113	0.3210787955305725	1.0576911336447272	-0.4069959922779435	-1.2097938935268489	0.09517337408262716	-0.14398374746662282	0.3903379081702631	-0.39239253825077114	0.30438354946368995	1.0118502167710084	-0.02007198891466748	-0.4979032532873077	0.3414283869711178	-0.19510453519437285	0.14225418368923484	-0.13935400059966113	0.13318399072945183	-0.08633925741293874	0.7336549747752702	-1.0406532072385677	0.5453457048922418	-1.0203235219424658	0.8581834914590961	0.1663574037966347	0.6081983228200742	-0.07171957897544583	0.4376771541437741	0.2989901653319038	-0.09560607814776166	-0.11173477256197073	-0.26834097942011187	-0.5833370260741463	-0.5396385811059344	-0.48015772523425343	-0.13724810008882604	-0.5108757813342203	-0.1934957894768091	0.09930088680561433	0.20059252726318857	0.019562921693007756	0.07072601728027503	-0.6813393327561874	-0.5681670657536823	-0.45165232890764473	-0.5018783259028573	0.3502082021170977	1.0080655231354176	-0.4954488042124688	0.08192856591755576	0.18599447255854823	-0.7467165573441099	-0.058943739458313466	-0.8019031435803274	-0.09532480350701977	0.14842002466273727	0.028268534114523257	-0.4575395474034048	-0.14685842213632164	0.8265789003237921	0.5822944646868679	-0.12713442691954752	0.19439927355934503	0.5922753195539397
DTXSID7027041	0.3069199262783153	-2.0343546836567308	3.0927633584343623	-0.529951202350802	-1.9812164200119131	-0.6908977324051829	-0.8323199977458222	-0.8093831231616339	0.1825314064615683	1.048999043486022	-0.8383184268597871	0.30069661578831436	1.3998978474020518	0.01711832939977862	0.0035148947186400925	1.1106491381144699	1.0350408364624801	1.4768034660134828	0.3385164089233898	-0.9192303345361292	-0.5689906286696533	-0.7554548470790651	-1.8247636280514492	-0.10149521956195463	0.2673542635894223	0.08557437104747907	-0.5919663923658778	-1.4436734322752343	0.6033061014238199	-0.6637010589085122	-0.32098882922847755	-0.17043908972845356	-0.46194216174311753	0.6165651426735261	0.6669445881669291	0.5627670084809338	0.9448258380271457	0.4321204724339262	-1.635074763095193	-1.2198518381034302	0.9705518709551031	-0.14075193989566576	-0.48919093719319107	-1.277554288672884	0.30028158931699067	0.5404974099013309	-0.4832086938433118	-0.12765915450452714	0.095471587205269	-0.7686341723715521	-0.3171304598226211	-0.6419445149304595	-0.44972175028715994	-0.2806769158835518	-0.40196760942589377	0.3150171699779854	-0.456850972435099	0.45179972885118386	-0.06500884688195363	0.6063286915016106	-1.1900997040671022	-0.04337731251619591	0.7935453805531284	-0.4783348405395558	-0.890661891238518	-0.2685810937969665	-1.5483193235022894	0.7703319099405898	-0.4348814773378644	1.1276140412364084	0.6516875249940356	-0.8517491077365509	1.8017486133147456	0.2320651453069594	1.0579408519518865	0.2286306189929323	-0.46945413034588424	-0.25995085843634147	-0.4012595696633746	0.3899080899351597	0.33145119350504243	-0.4651359436779221	-0.5476989712769368	-0.4937663060543457	0.17554983258036172	0.5892915789038694	-0.46615480201020837	-0.576039523839508	-1.1558217333685699	0.45513267519204004	1.028690370494883	0.5149328313974402	-0.27453009713917176	0.8874108322841362	-0.5995279736838157	0.2718154105466544	0.8511851807521502	1.1719189184145127	-0.5410176416079149	-0.5555595719578882
DTXSID3047132	-5.059075924833521	-1.9900350140020842	0.7493384144865208	-1.0095466992080608	-1.0836245497977022	0.7217126759352621	1.6826790611732685	1.370601259882767	-1.0290250034151385	-0.29471370997139895	-1.6713535697581623	0.6005436147617391	0.08664256163158274	0.6047374982553984	3.432120578508022	1.289530147855168	1.6631445199885153	-2.0305358611011024	-4.235887393925079	-4.837409718612845	-0.0193347184807856	8.849964837484494	2.4153606211472463	0.9379613952261069	-1.8001707130809435	-3.1899356782289736	-1.9418204866624842	6.034241341297987	-3.4965846175568407	11.355246775030938	2.2747360620889223	3.41434814382353	-6.1059172996245135	-1.1551179950904913	-0.8630102468270314	-3.4544593637720893	5.325765115300999	3.1269409093946368	-1.2175415657536341	0.8384419531141749	2.9415933411059476	0.04045877378824675	1.5256055562986197	-0.15481961560272464	-5.8354886431322734	0.6297859562153684	-1.1528002261718033	2.966442360384083	-8.93701433459821	-2.8979100501326363	-2.5346915766806806	0.07763087939558916	2.6100450898989416	-1.9191484138808537	0.2192286384327873	0.7205791102932385	-3.012487814047389	1.4556742532381683	0.4657488030450311	3.1417751451862106	-0.9944176117662702	-1.4448068721827871	3.2286528595938733	-1.9306451971057264	-3.002090375421551	1.6151312201744465	-2.4779281035838627	1.4448072293740515	6.513893221527846	-1.8523204866921332	1.8651596295870865	-1.7227635881305394	-6.37020395130985	-0.778364984944919	0.9979228684623824	2.0084790853692946	-0.2505373373828656	-1.459926052628405	0.057159689831065556	0.9064907879111935	-0.5035765837467527	-0.45636085389084535	0.5395837492790687	-1.486706804857457	-1.0608975760454786	-0.19828507509623006	-0.41386191342808615	-1.1570048089343825	0.6650011149971863	-0.19284518464636993	-0.2981842035656515	-0.4761732643331441	0.650285143303049	0.3855904183982977	0.21011253724365034	0.5703464079426948	0.9198257001797766	-0.9531306048219453	-0.41180050189191925	-0.10395504383064125
DTXSID0021206	-6.335363672964067	-5.070059948468204	-0.727552705672254	0.15275058272466424	-1.5171260620483296	-0.16427708182970754	-0.8529125359962196	-0.5986634257687552	0.09773792608124612	0.35943709342730673	-0.16573327695116213	-0.049001140538436336	0.2559726779946925	-0.15604436617545658	-0.031650655546982966	0.3549856994455745	0.3400232889720853	0.5499297680125981	-0.35149244989152184	-0.7463379663349629	0.17517502270334107	-0.5538363783061923	0.06579727810773903	-0.027356533418413546	-1.1611042800715172	0.1951373171981512	0.11352556830781803	0.4131434994160599	0.2526320778241842	-0.6136961636411398	0.4266085248611456	0.4111031952880184	-0.09656937391189331	-0.4374892479748259	0.009823555487416785	0.040953957300414776	-0.07661006603362505	0.708829712034023	-0.21042349677999192	-0.5669911304950981	0.045018456117295116	0.2541755180916429	-0.12305267734585945	0.2567916688588887	0.018503880550383614	0.3125425300272346	0.36168971619115753	-0.4992662748497097	-0.043598378373606	-0.1750891146808712	0.059876021075478354	-0.08466528847320363	-0.04492078759545949	-0.04335234134730993	-0.37794725586957345	-0.1952982852291073	0.12321587500579528	0.026941208221898112	-0.26248158794543575	0.33831471453876116	-0.008111866213994073	-0.12489731546414823	0.28374415319569135	-0.31072487679396493	-0.6305263640116784	0.24430793589171299	0.08531619441303145	0.25247256022906683	0.01820125407831218	0.1982378286243711	-0.11106727969054511	-0.012446575514257768	0.3476772484445085	-0.19456185506359552	0.10911071084894725	-0.30957075394977435	-0.656988535354841	-0.15346717516576658	-0.28699603209147934	0.0979992962314285	-0.2182831564349449	0.41601116164139673	-0.0912300872474294	-0.043801010226015	0.23073614548802085	0.24542960191359195	0.6431836075091861	-0.46492708716245423	-0.17203111804600352	-0.23473082887252017	-0.12736848760993386	-0.12233056960975679	-0.11465053292666212	-0.32931265236163765	0.007631292235252645	-0.2780605732170685	-0.4564793074594044	-0.37408529288972947	-0.40615539146489726	0.2202298577590368
DTXSID7042190	-1.0571690300547996	-1.6671826116801043	3.5132357634938387	-3.919583413037905	-1.543503286725697	-3.1296825678227584	0.6718421018369579	0.2189450992815415	1.5551434808021936	0.1996561923359215	-0.14629614426160828	1.1083394601686611	1.142005657062775	-0.36774048877356225	1.3711498040931946	-0.03924776375444649	-2.213647217758295	-0.13035552363709732	-0.8549307950570048	3.2167933737492604	2.328433883124455	-2.237678472255871	-0.939493851768748	1.76373637803439	-3.986282151574428	5.7117014470415635	-5.2364567977216865	0.3806739549207341	14.58423515028544	8.148438571121888	-1.4512802334471715	1.7460760744612196	2.349876173444952	1.9445518334727099	-1.553024756297871	-3.21050366526255	-3.2875766173634027	-0.24071171368262886	1.1445559717848774	1.061622787047647	-1.1167201195912715	0.5545493449439605	2.113273994078832	0.3305182518697113	-0.11907186528208817	-0.6056726085120635	0.1711524530949599	0.04543796984738345	0.1910687513106896	0.4796618182144382	-0.04200553680605203	-0.2383229245454137	0.6862310059705918	-0.824592359655071	-1.7168825579579179	2.741168202883805	-0.5215934013688831	-1.0361988096712103	-0.4897931485120892	-2.3140023379295003	0.7241946899557687	-3.5229325253031494	1.0826526217538517	-1.7475467002366978	1.5625398361756868	0.5994256297233965	-1.98558657205952	-0.8631450163907943	-0.2742760920320111	1.43340809597833	-2.847356412863944	-2.717503415636541	-0.37936657984798317	7.4820680090802085	-0.34989199129075904	-0.29707694832491743	-3.9323086979237463	-3.736920939269815	10.293788197229578	8.037574346455106	-1.8007996720746877	-6.5597914649183515	-5.223345533897492	5.573752819183653	1.567644739415871	-4.194089570779203	3.84161640770808	-2.181739080276108	-0.4740529621020969	-1.0903358150330473	-0.6848009643191615	-0.21352070889855598	-0.5615899738990544	0.5156608968915041	-0.8993220232504073	-0.41748859940647054	0.0022079173171722626	-0.14372965255197148	1.3953424657441067	0.13364681109740112
DTXSID2023690	4.641140892232384	3.4774393609098477	-4.018417310352997	1.0868133517730332	5.404027878009222	-2.3171202812647884	3.391394245405447	1.3296528616022936	3.3395428053288896	1.506778486565487	-2.0081689595100034	-1.2855647017172074	1.3862016102997101	-0.9305206332378109	0.433028069572932	-0.5979941936558568	1.7867650058848763	1.7320290835664656	-1.5115380357397732	-1.6048517041886403	0.5964521778288626	-2.1823989068838983	0.1789933474465901	0.6999201100683181	2.0922618550376675	-1.8037252111972553	0.005721160047198433	1.1695197825099457	1.0894492470474928	-0.2621385121731114	0.35928826333090436	-0.8797600792769803	-0.21584094377485574	-0.6641723949068967	0.1881267086510674	-0.10428328412953372	-1.3575915173637492	0.13631751475256176	-1.4669837170328077	-0.6155288479053223	0.7314806313746383	-0.7339050594524652	0.961503992471279	0.34582314569963607	-0.342011611538474	0.22109609237881397	0.16837112512053984	0.996868001147458	0.49994860235064176	0.2512850128557421	-0.0675163318739698	-0.09561672083667763	0.7234459268604543	-0.07092171511842785	0.6225884742083225	-1.9101693531561759	0.014121959426185366	-1.4947392419448278	1.1287620065654218	-1.5022614165483603	-1.1218250068761142	-3.2330503965452535	-0.04904164724975437	0.09327389475430191	-0.4733531393670356	-1.059342486828537	0.7333647792259603	1.2647613815510406	1.0046767959627334	0.30151885693344765	0.40137585018243155	-0.8648465645877209	0.6507036982304765	0.7084333299696863	0.22498452280143028	0.10021194470080624	0.09450665452093206	-0.2436087282055782	-0.34158130156529626	-1.9054657287633692	-0.4151398862028993	0.8761801632968914	-0.4932109924616268	0.3794381408298365	0.7769916525184446	0.10848231227070858	-0.8811333247924227	-1.2095667030473403	-0.3851857645549225	0.506500503531517	0.2766399854855454	-0.1132635586348226	0.8032716686529332	-1.624604917495023	-1.0481304195929242	0.8019591635358566	0.2187514718354681	0.15976617053333736	0.22013990956901094	-0.2903663179186552
DTXSID9044873	-0.6201677537989805	-1.110857222514389	3.925802554515442	-3.7062797020207414	0.1257765762219824	-3.1246395175432617	-0.02189748839200969	-0.39607455643417777	0.23643522091699534	-0.7537921034943826	-0.061707096081611026	0.5092316071452727	0.517778498507172	-0.21945333551902094	-2.012489869427438	-0.9468049584902472	0.32220276172236595	-1.1985195490097948	0.32553868414803977	0.07497335481039043	0.1565454053555494	0.37726843261600934	0.536151610221477	-0.019034701949652923	-0.5252095457274882	0.14938823806508292	0.26688519526812476	0.46306784556633596	0.238281485007163	0.2234913834239617	0.2754295519288431	-0.468115474379388	-0.08221638847993387	-0.6980965431837368	-0.06877473947957405	-0.013579621058934727	-0.27286954203393327	0.2421912889041797	0.18527683499692657	0.3911948653641798	-0.025729399318545034	0.024950578982935304	-0.11407170811757265	0.05871265364280144	-0.13564006228062264	-0.11144604830777553	0.27170599774989984	-0.04161604147505918	0.02996435835565741	0.0026500528367532253	0.08459526034592206	0.08461154888566694	0.13927658651413802	0.02783438333576757	-0.025567637680380104	0.029646242315777203	0.044517466123830014	0.004283537660410301	0.11264098061984426	-0.2126969105520914	0.3198360345023	-0.19677183715775617	-0.020340967291841646	0.11563712503430211	0.21535192861089603	-0.018300505881896988	0.2829847226014309	-0.1612286025513032	0.11837008137050538	0.38831211227815576	0.4676443517378582	0.1551828417942729	0.10320322197293609	-0.01607085162398486	-0.8755210876964814	0.14049583114093248	-0.17747510315539328	0.011449225158989641	0.09146571102792098	-0.167193706518791	0.28584833648517605	0.19905931466944313	0.24829688935896183	-0.12165272889433656	-0.04022171347724814	-0.23793405083972488	0.04270653770130948	-0.3518538204496511	-0.02903067875906308	0.13383726848198502	-0.39938007273930604	0.18944087656640438	0.04012060037940654	0.06673047681546597	-0.1726812122530443	0.13561153489176317	-0.5096070838886566	0.143484946192832	-0.004263252917377392	-0.17000915293629837
DTXSID9025299	5.123639449724859	5.408775763383186	2.715488601958641	-0.12441104441329315	-0.8752049852174759	-2.0399695177959054	-1.1411660483761188	-0.9053891844671478	0.7693490770087764	-0.9670872619041441	0.9062936771719441	1.4531240962297036	0.22555233466937225	1.2245107598750196	-0.0418438474656877	3.879716523633411	4.201691827885081	-2.6600632104967215	1.3246845470444875	0.2477190188327157	-1.4834878501935602	-1.2389778258458282	0.02873729193324848	-0.507072118676947	-0.5077910307388256	1.7696409753713338	-1.6290961682373057	-0.9885861962062698	-0.9567363780735146	-0.49317717561434227	-0.755516492028381	0.5855138254724584	-1.2675942578706956	-0.43558831991560165	0.5483630195808739	-1.5092104667505866	0.21137544631197616	1.2997320069875904	-0.6567314788577517	0.1995133713219951	0.573687147149368	-0.07932962682543472	-0.40981459060961983	0.15295140068330926	0.37105409395724337	-1.4658644295779022	-0.8694858252734026	-0.058905207339255236	0.029748491761255953	-0.18748923272849433	0.25714456905718003	-0.019250701967052815	-0.16257120258554245	-0.4111106822012386	-0.9587222648428267	0.06788302329181442	0.4313481527544356	0.43033358907216357	1.5703670974230342	-0.2342469755968211	0.28335552746268317	-0.40641849129431695	-1.317849818284009	0.3167928049223717	0.17434240186521713	-0.8159827884488379	0.46578020476659404	0.07827491044730513	0.5406035262796182	0.9564069258068078	-0.32763663821285827	-1.365298902207254	0.4327215553277738	-0.3482637403983526	-1.1653118162925573	0.14999522378741176	0.09366972093025756	-0.990805958336165	-0.674732157155928	0.47371314048273166	0.3443869708285349	-0.19405269383973534	0.5056486408938377	-0.31179214418835033	0.13790473636087705	-0.6183660753354431	-0.2196875297418368	0.38634257392289184	-0.8279375847151946	0.4930065140913497	-1.4110399255223078	1.1130468941597123	0.21016983555842497	-0.17243626340549947	0.25481151395877566	0.24317269039830586	0.3210956780434542	0.3998930661104191	0.14461621988612433	-0.41021659720174525
DTXSID9020742	-6.144507014306997	-2.8081827219408106	-1.1959612580342507	0.2763583190028567	1.8199954011898196	0.49707009793073176	-0.6811670955608453	1.9180745941670727	0.5865717646944801	1.5286366224399253	-1.4036717352619106	-1.0072046587979435	-0.06070310388657977	-0.012886267465027102	-0.744102014198801	-1.4252380555291304	0.39552936494008994	-0.6367323638374263	-0.2631319601506188	-0.2800987635779986	-0.8554930442083949	-0.24741621809399172	1.4663516232041525	0.6930985407443335	-1.801426290890223	0.28174452942187234	-0.5673834043842317	-0.7387213009246123	-1.0018371659295022	-0.17202580059930073	-0.3064009484024242	-0.04042023609449427	-2.0960374850559935	2.5168503210117037	1.0500102212462226	-1.7043858711719908	-1.6656520557694563	-0.8303226537466344	1.6855862512442816	-0.407084018025605	1.146638752154721	-0.8592141191010211	-1.7355706616427673	0.9031182781687672	-1.194579482993271	-0.6118208091615297	-0.924577535643112	0.49472289494142435	0.46157751784415335	1.2904626448418821	0.8778807599195099	1.0074157560912003	0.543036183921337	0.5905000302254942	0.6851152431492876	0.3970343267844727	0.3225211639855026	1.0459854793715617	1.5550840405321216	-0.4279839130287546	0.16903772671798084	1.956876578098092	0.708243539803226	-0.24127717397979165	-0.9864699857070319	1.3131375606928748	-0.7498222234484909	-0.9242356858885266	-0.6361981891507216	0.9572963791213912	-0.867768346176157	1.4851833084679964	-0.6428645657444685	0.21486170796128715	-0.08506027091593682	0.4282557985779643	0.2298464079916805	0.5758235431954373	-0.7161645381033666	0.483539602243224	-0.11526346540609979	-0.6589196112851448	-1.15820381621976	-1.2521895435806472	0.7906348358110338	0.05245380786590887	0.7117429761161637	-0.6883624184570117	-0.7207364105890957	0.06221879913235874	-0.29915770601389946	0.12246198411763516	0.01834185774407276	-0.3948864569567945	0.6987388046099382	-0.19856391350765257	0.5621326940781189	0.7450250670064977	-0.5387083262122152	-0.40890108828563176
DTXSID5026205	-2.8822053079326757	0.9582696819170248	-1.8755605619259963	-0.9253316711332409	0.5278104353846137	3.681254274847839	-0.9367361886137995	2.074123412247332	-1.7724990399798395	0.512275846277126	0.7721471439461458	7.5258015339627145	-0.47000793404726793	-2.5875111708295186	-0.2086544701750272	-1.366885944828522	-1.1966844435999355	-0.56560522206072	0.34707939178145375	-0.5478599936804627	0.24600340314060384	0.11342272427600297	-0.20070373611224715	0.3606351583048552	-0.7014757192235359	-0.6480573291996528	0.2860902056553412	-1.3669298733387731	0.3158560004504117	-0.29900125027956664	-0.6882034370522121	0.17891101487521657	-0.19178107914918247	-0.2681656716834656	-0.30524780189117323	-0.195478498318846	-0.04248885343937033	0.47956339971687467	0.3405599625926688	-0.23392117873918386	-0.5972953248861819	0.011888016127297079	0.15768302403910422	-0.27936579247251114	0.044509866915349985	-0.018753455773240276	-0.4841720843856853	0.004443070734490275	0.09606778789747558	0.5861514585091943	-0.01733453338305608	0.2605957246594454	-0.1230739740164421	-0.05247956100091002	-0.03925158513933026	-0.14367814105837362	0.34542790234999854	-0.4695624851668894	0.2911412462907948	0.5277284841816019	0.2254813769846259	-0.38444512120212504	-0.002712407146236686	0.03492040940291418	0.009231240441784725	0.2804361556061477	0.4305853901364942	-0.3619177028717516	0.8506361088392913	0.13403044945033665	0.4028911402314981	0.0008720422168217568	-0.03851933854765202	0.3779865530941921	0.023025018181150884	-0.02807967020650206	1.156006628885569	-0.693221740735149	-0.44690473835308786	-0.1693606286221964	-0.22969504005014868	-0.058015443345562634	0.6405768739449202	1.1004459876493098	-0.6264051078425967	0.6158680243945922	0.9531131539908214	-0.5027602162723946	1.0304659097742148	0.5609071001822776	-0.87854072363207	0.5604036937370027	0.2310202151332615	0.24632824777686987	-0.32847746800063066	-0.9719556643879026	0.11893920943290671	0.09835499862439592	-0.24752855429454354	-0.5308035102487719
DTXSID7045029	2.6932127543981306	3.7896968105054407	3.6977075269299284	2.8241174901316213	-2.1849179298561414	-0.004561629126900206	0.09043467565544085	-0.35560153717274634	2.2849588660052107	0.7816014451906804	1.4379558769955965	-0.9003380237750438	-0.22301843938374497	-1.3668629666278722	0.31012253746503343	0.035143478242048665	0.16556510797878413	0.13827522108221904	0.39782554381350804	-0.25293901755242804	0.6021655980966575	0.15046361915639841	0.03716606680075202	0.15314335941281607	0.2965092310211252	-0.6114599246213475	0.8553358940223913	0.23367412546500807	0.2850982170752779	0.22586891425771202	0.636140788767941	-0.1781613816940119	0.7097075319628109	-0.49745273578535043	-1.1486258673942826	0.1347266884950101	-1.3526781099927292	-0.813970079013127	-0.21334060489366877	0.3894819539753664	0.9540181022424938	0.8844503992073597	-0.9634411622303478	0.5488265027910453	-0.7869668600505365	0.29317165231752856	0.3943937479158359	0.1218459577648731	0.06313226441181202	0.14581047373143038	-0.186692199312524	-0.34808167314061494	0.09849342984154691	0.1004740309040007	0.2565286678067944	-0.35710226124390926	-0.3952291228098697	0.715774571326606	-1.3814173662962441	-1.053836581771239	-0.19250924146080864	0.14173611602441655	-0.07705150016647348	-0.20527410532637083	-0.16435408114680292	-2.023447532316743	-0.5690455022337997	-0.7614912084885963	-0.4756593123440484	-0.993740034063699	-0.32215924780058525	-0.2220762449732412	-0.686893193394949	0.08754713030377245	-0.49517459961239885	1.3908258455012599	0.03037582742215	0.6148182759353938	0.04299693245705749	-0.05491113562163973	-0.4778760273494112	0.6266928104104128	0.4504712390645699	0.548862229332095	0.6685107465374892	-0.22263210845184958	0.7285041448696756	0.7069667479355906	0.44822876462268796	-1.0241031378067174	-0.09574816899591254	-0.9108276280720166	1.73700631510444	-0.04001888100939269	1.4262300484760095	0.14727377758786248	0.04180220370153947	-0.8780124812393473	-0.36247371439809634	0.7759621298677556
DTXSID2049428	-4.251395604448535	1.1548960691231096	-3.0199607480671093	4.134823152527885	1.3882760621426606	-0.9994038548832519	4.531201030975203	-1.360284188995012	-0.6602751648699557	-2.1872542308894287	1.594522025817607	-1.3767242389396117	0.9413837321862694	-2.8967775519357275	-3.180165475822883	3.6910287651472755	-3.322355668391323	1.7643878618271542	6.334290311428554	-3.0071631024514747	5.454095572308731	1.9850795389397557	-0.0943241240336832	0.7417291747167969	-1.0423851676271962	2.2982643627989736	-0.5291407374944375	-0.792427113209668	-1.3131645132812053	0.40511518631067334	-0.04665176754357386	-0.12493628991423544	-0.4312773115267965	0.5745468707624355	-0.44086376756063295	0.9550030792834717	0.09533370815857688	-0.6657857651466895	-0.4743057404165226	1.0225203020558105	1.0572648701466871	-0.9344993057075606	0.9655207482623033	0.18605372428576705	0.05177870040591771	-1.6945055493444166	-0.4695134342070621	0.0461368202180585	0.03934250118299209	0.15642767260601526	-0.18340639732671438	-0.8989999415156997	-0.11239605635117243	-0.5966589748271506	-0.1628010231213667	-0.07133255473870258	1.0185103756463905	-0.4659135869430887	0.9538596879862452	-0.37998916058076765	-0.2927552138935747	-0.321009131591464	0.5765534292800634	-0.5671398535328823	0.3498662501945664	0.052550795262349376	0.0046020718084091375	1.0156614368854775	0.25985669696687724	0.5144377360053174	-0.30897105238449035	1.2095874441419348	-0.35780009433301413	0.08262964337022508	0.5666819100515439	-0.5087145330543164	-0.18683861234659593	0.3481821021599194	0.058964942375001606	0.5063018193985729	-0.07211396025543294	0.4250865494449927	-0.06265552286021697	0.3340398195938456	0.2161314464113842	-0.05944386999672682	-0.5045780217077884	0.0977315088344878	0.4083153049613535	0.040097441648719576	-0.31420701205136853	0.042302798743697766	-0.4306007508507651	0.026978536437038285	-0.005640118645682814	-0.3652989140355584	0.5628845087449682	0.20689189740467795	-0.2761102654419852	0.3530744069112062
DTXSID1045825	-2.185884741506643	0.18256435014821717	-0.24382679922577527	0.6504393717139768	-1.796572753601245	-0.4565722524506806	-0.5194347702991869	0.7134581043489432	0.8435147894544359	0.41599254870584434	0.6692434398032846	-0.5167960833596399	-0.06007174375656179	-0.0033606088774266675	1.048802892945183	1.7735168277315736	-0.7030305608037981	0.6952653790350444	-0.9663633386951977	-1.5221861927382982	-0.08658639094181192	-0.7762853555947924	1.1403723884820516	0.5380614044074092	-1.141046272422141	0.752725706637544	0.45862499643404375	0.5533310235101753	0.018555416210389752	-1.281558968734402	-1.9138114125877943	-0.6575204394144888	0.22893985691281374	0.2290925801018771	0.5244252100998407	-0.3088971783323311	-1.0760916780635443	0.27530681963547343	-1.1207848132518201	1.3773715288387995	0.7139709498724661	0.7350894842454256	0.8667124170568763	-0.5291664017444211	-0.19120808444904855	0.31996342280744483	-0.28490909615876747	-0.4887932675699242	0.19275910245340594	-0.4905945714571064	2.0253425429017207e-05	-0.378125788807245	0.6483064677560435	0.13362890098558974	-0.2889111166909078	0.1827806571773474	0.47196733430022425	1.3356951483285255	-0.45142637434106575	-0.4737812009998859	0.08476168861935364	-0.9387662541233047	-0.5977029092661927	0.3300964723027116	0.4460933115409125	0.9560174938830941	-0.43116059288570163	-0.7037055680303393	0.4702881727412098	-0.4523253292497978	1.6623660967164944	0.1927268062210674	-0.49086988315478075	-0.6405228123579537	0.5054918340898932	-0.05448830371777571	0.9192953836959958	-0.05762154011310888	-0.10403499243108819	-0.5361145501389277	0.9521385905337758	-0.10069867219584082	-0.6672149094864014	0.7212636967206169	0.3058408196290315	0.7561471155390788	0.40661224601340457	-0.4561499060745269	-0.7652254283596501	0.6061467080477168	1.2613150641997364	-0.07140134867391178	-0.1569900098749689	-0.6403727027352778	0.44653019756187423	0.3075088306109772	-0.5134356840441963	0.20482460429671323	-0.4449703091682499	-0.32737121090011473
DTXSID9041659	-3.818037159567109	-0.10499878435170693	-1.3332825635338	1.0517205503559215	0.6224136585872098	0.007019196678077167	-1.7051751938367772	-1.340877117796387	-1.4543122926768253	-0.5747142570489142	2.9607870770064757	0.2646057585531827	2.184443400766662	0.19813830794114262	2.113546593952365	1.5810455975209219	4.443104686954729	-2.113682752591028	0.7793451475993912	2.2556896716848196	-0.04035458668058698	-1.29188015270359	-1.9198496627744166	0.5250047519195614	-0.7554858597285796	0.41154689940710654	-1.348883381095456	0.2649396970472652	-0.9476284921578568	0.38507686124846807	0.8208693132993364	0.4329544212288831	0.21854247420463946	-1.4051972514920226	-0.22920037409766064	0.5879818393984995	-1.340250319973143	1.1148443337639666	-0.9900304313881425	0.0739174032863763	1.3030217485098574	-0.37750652661952505	0.6517229599245759	-0.30358332981724	0.2897289032971527	-1.3557847364822855	-1.0918537725932833	0.7803429238146564	-0.05975445418958912	-0.656387047986921	0.28615315054337165	0.319136116659128	-0.3180939510582049	0.5591099374327639	-0.6037947732947657	0.761255000521685	-0.04287895008153867	1.4331750813114068	1.8711359788664488	-0.10699809435379974	1.2105344417967407	0.2928276434267474	-1.7853592005281476	0.26487903902764304	0.24300993554388808	-0.3997152049731195	0.4893714280526687	0.5047034161756391	-0.16214346047851658	0.5906816019637323	-1.1322093708989498	-0.6781747703835178	-0.8680031980960486	-0.7187457024686695	-0.25588682860584	0.14062226637251005	0.05862801254303323	0.2486442655057399	-0.12605116731961397	0.2764633051475043	0.2906502839068859	-0.07330576210114004	0.42010118376694183	0.3645455741025593	0.2761211313092535	-0.016077002368981966	-0.13558532480634897	-0.2919511058268283	0.2031622630841743	0.18700055365696222	0.39773405008361634	-0.21109738796433902	-0.3194795631982898	-0.4175301335830113	0.5492082767129496	-0.1560590027435667	-0.5622851216862448	-0.48199306791636265	0.15009104088384276	0.17053406923332157
DTXSID5024639	-3.0212219445719697	4.783086705774861	0.9674251772506034	0.794713848938083	-2.621095662670599	1.015568419394611	-1.3293494400937358	-0.3212672104212762	1.652141989439448	-0.645899222499339	1.171226539632141	-0.6669995959094682	-0.33879650641213743	-1.593280132687459	-0.4389940945061347	0.6926887154810307	-0.02047871713589517	-0.17051576795317797	-0.009688314340414967	-0.11414975557064455	-0.15023428926029372	-0.25666153153898097	-0.5661963038095021	0.03302158201745524	-0.3027403870275101	0.042443422571862115	0.05205227263230483	0.524655073771644	-0.19450959009871796	-0.09611498932503613	0.0985330974165161	0.14242965641343186	0.4856805402227592	0.09885745164619136	-0.09513929550252245	-1.0869486391727343	0.3387441440479693	-0.07388489517491927	0.5412401250071474	-0.44216683453484884	0.3609682019476388	0.5157837145443913	-0.3787317028773591	-0.07228969649707802	-0.3707881536964552	0.3805665525741079	-0.2426664443611796	-0.14965048561890806	0.08050125110736533	0.09449918950546499	0.16433100660104777	0.10214217863604176	-0.05716205805035276	0.11775922210154265	0.30889722900070166	-0.024620928167028357	0.6860912691516644	0.10652710177146427	-0.20727503429197464	0.05934947355509445	-0.06899052117992205	0.5184309858263336	-0.4250696868019038	-0.22651812456121956	-0.02188286460112582	0.016359118982280724	0.09248332872036179	0.15614008842876315	0.1067761980758229	0.5805837827133373	0.18747779592810576	-0.44671022907799457	0.051649282671759965	0.01995940223184156	-0.48705680495934306	0.2546041069502727	-0.165784130825414	0.6060267362181514	-0.2091517685569052	0.2044412735026465	-0.11608572606642226	-0.4646024047908816	-0.2001918867138801	0.20827004588539677	-0.19598670912012758	0.4721484870248158	-0.36973570107702636	0.10036519839625682	-0.03456831029863388	-0.35613577326562607	0.3772023800290065	0.05143454710735928	0.5713750463247862	0.14054059827086332	-0.013515997268733324	0.0978392637528347	-0.11750833914635099	0.7171344286354018	-0.8647480326501034	-0.44907818254763787
DTXSID9021847	-3.129659244486549	4.6337767091854705	-0.03766891623128045	1.403554016390542	-3.0553377017459766	-0.06354668418957239	-3.1853178515872504	-1.1919410597101234	1.9437120370422052	-1.5127782126830827	0.010342748471300282	-0.6761131821848614	-0.31198179375037643	0.12205416053821509	-0.29264219005289377	1.4088246628837702	0.2699335748531476	1.210270961168536	1.0272443222708671	0.5282821498528404	-0.7075284004016211	0.19117437872135232	-1.6525733767569324	0.963124929166896	0.38978137832034415	0.08459339385558749	1.1468606572070184	-0.001637527809961934	0.31985535054760683	0.8893027273220101	-0.9212294204349335	-2.2453780562393253	-1.2497614960923895	0.21685765145143085	1.750084001739714	0.1894719839250887	0.49856682541254543	-1.062017326163693	0.06565893666367034	-0.5030670594697093	-0.37133262615547413	-0.11921726249328339	0.5854219420751167	-0.4581257113447599	0.9661763958814259	-1.0015339115684987	-0.23617472040644605	-0.4578867287499376	-0.19083759742832476	0.19895865452744674	0.131630759021218	-0.4618416398220561	0.6689265950545488	-0.3776659259586731	-0.7779010903095372	0.584515386111177	-0.2323451476321562	-0.5653322007969316	1.5919995351059195	1.3871369068801078	-1.5782191110667587	-0.5372480075287169	0.8606054797145519	-0.11863150488068269	0.3804357985979041	1.701402000306909	-0.15989057866342746	-0.6948073463643301	-0.9401908621291677	-0.3955685449062399	0.7915525637518743	-0.018707295656609016	0.4023825295008292	-0.5664700543010219	-0.24197058293804655	-0.13953614601361222	-0.4076583758922848	0.3763024941761905	0.04060012441641177	0.29331386691755523	-0.029592576372727174	-0.08606061260683912	0.518104279945283	0.5639057280026278	-0.12279818544744102	-0.08456885517614054	-0.656295202985401	-0.2685228263508713	0.3020047708285749	-0.08910749841144013	-0.17098164861402573	0.059249674003823805	-0.16309864806892552	-0.1681784833405772	0.04513996777547411	-0.46011398241269325	0.018663784223274603	-0.04204573704787814	0.09993114480117275	0.00759066595999715
DTXSID3027407	-5.238512742181409	-2.713387340493216	-0.018982603404235108	-1.60652378929189	-0.8719110993698629	2.374254154696174	0.05273188873775525	1.6886742993449069	-1.0861667249574651	0.02626518604750078	-0.8326670258099595	0.22576017810579127	-0.12329373338773178	-0.10286802597899185	0.2969757317745295	-0.3544120404883362	0.39538566985707246	0.35788704770277907	-0.19939091598679723	-0.7861254271659583	0.6134334899727744	-0.6283073369461153	0.7108918674920744	-0.03725541290963401	0.0823978883522842	-0.2226000740364569	-0.3166042534528454	-0.15433854931409915	-0.29373500257533847	0.15068135060172116	0.19597799594446938	0.12045967912308429	0.38713147040795254	-0.07012221792612107	-0.09312660160968497	0.006257829583546274	0.15623536864980905	-0.04688542914874696	0.038930525918464985	0.2865050293990647	-0.22248375867009787	0.11292816009615869	-0.3137782293466466	-0.07266820326496552	-0.23429795633704759	-0.16676575377192052	0.08696908867140077	-0.30179959179857924	0.14259989454865268	-0.05177555939273321	0.12671043934058168	-0.1442159270689863	0.23274020065618645	-0.21699839821290628	0.05226888437530875	-0.0664121923032783	0.37855224786990427	-0.047815430496335416	0.12520677233857155	0.05203399768349894	0.32719405295278847	0.1085292588201675	-0.09024429624350111	-0.20561923417827874	-0.1915339909879411	0.08068300275744544	0.15071412829010222	-0.20572379223984025	-0.36164683487708393	0.21820596543816512	-0.025016137493017176	0.5619942805553287	-0.32343105922288684	-0.1740955116274069	-0.4327829366096628	-0.3884569461031142	-0.729492046367143	0.3483787646705538	0.02759570363128212	-0.31868632231735744	-0.6708680555920746	-0.6919381124938965	-0.6520480811619059	-0.5997173781004936	0.4576665148198901	0.5199099855413498	-0.35425610296506327	-0.6324770795132286	0.5639523568424073	-0.24180230466115274	0.36627514286351515	-0.8440727621405725	0.3756689454429256	0.19527510385139968	0.4754574183915545	0.03941966216608492	0.20811202891604805	-0.1768881977249566	-0.1876018392334775	-0.015284801465587175
DTXSID3040728	-1.253731426170733	-2.167448799210962	0.9571899255619598	-3.829180036595306	-0.4741548553191203	-0.7448909019425831	-0.22393193511752144	0.3277130923994493	-1.1710696521916446	0.2711373297024421	-1.6568266076832938	0.7642089226274322	-1.3447875480336131	-1.073349853360488	-1.2349045763415287	1.0049211963918874	2.883404276080343	9.190506401300588	2.2808335832126394	4.730324864602189	-1.8630982708702206	3.4078646074643237	2.6394788602131833	-0.7200087475261623	-0.49354192629727345	0.2342229057936006	-1.8739337767958426	1.1426981688249878	-0.5693576210271704	-0.3530599581615691	-0.7006017105358482	0.8891258253051628	0.06551182613165864	-0.7117022476590287	-0.16450535774181504	0.0017359230728243593	-0.40087772454072346	0.3986851894046038	0.5933787158887762	1.1343686069192036	0.2999277806081423	0.3050835716070272	0.03546670976838486	0.05194127352952851	0.08530945568389914	0.10304546822006914	-0.4814420347449367	0.09111968422689282	0.26821243154972557	-0.00819296293734308	0.20975166180429994	0.38833480365004625	0.013316949295019571	0.1563782393385914	0.406592801886214	-0.7393180889443206	0.3527911804975668	-0.013576575465182837	0.383346800999821	-0.3900666587220212	0.6135667531352691	-0.02606226848143289	-0.9446972430177799	0.02466168012443352	0.25879685427775123	0.4290600554693525	0.9908768828314433	-0.27421314098024513	1.2762904455459967	0.1477898562772251	0.5247123259965534	-0.2853633363320794	-0.08892402867320676	1.0706620374792697	-0.46746245431911915	-0.13072238529774002	0.8713386566641472	-0.13224256268646872	-0.2214685209101944	-0.22490358260081333	-0.2282408482271455	-0.1806065315012305	-0.40812485492156714	-0.2270749427621069	0.09679863173807388	0.2614938657432912	0.5695112478034952	0.12483644893520061	-0.22905097548340592	-0.3143081288858086	-0.11905127949382843	-0.2457563323276438	0.17815511845060472	0.23071126970922506	-0.11103205239345647	0.29833764640485927	-0.25598891453948674	-0.15375355612020422	0.2600228459806531	0.09310931030264148
DTXSID4045181	8.655831199896367	8.990611498434845	-0.7700124454323388	3.414389980452119	-1.553883446062563	-4.27937352520193	6.254708268064011	-0.10109489823105325	1.9781381066356616	-2.7388456003032626	2.6405637121825682	-0.6726102434265594	-0.8588126680952839	-2.221971567200527	1.6258564860268192	3.32471807952868	-3.7271246114974836	1.947933355540736	2.069116329423794	-1.6750266088031782	0.6264679963641042	2.561004436816295	0.33412835593880436	-1.3870321585340495	1.3109747812237655	2.272448894536872	1.7236622869745923	-1.4485645900535873	-0.7809180161188733	-1.4302320233489185	-1.6539777982236732	0.6251783583707052	-0.370372845050013	-3.711839918940769	-0.8974979478603881	-0.043948844661402656	-0.35240381599852416	-0.48552636203498883	6.123424358028874	-0.3526588891335132	-0.573979004111466	-3.013885036663557	0.5385150187169238	0.347439764489468	-0.09838950185576492	-3.454874130266628	-1.051951412174707	1.1624115814972389	-0.725278738320251	0.33369435329209707	-0.32138853641475545	-1.2476634830022513	-0.23701011578611292	-0.037272300906484326	-2.0052407104121364	3.0782272131435073	0.32102023905450955	1.6567621377590407	0.6925059410445774	-0.26446046375036497	4.050098474531414	0.14042502608920895	5.108328612885648	-1.518422653772432	-1.800616795145291	0.6261929594911755	1.5579489701245353	1.2651862933777913	-1.6594943185197761	-1.214319572936788	-1.055239450699841	-1.7573512988010223	1.1735780975778607	-1.6123642508975276	-1.1178909746861279	-0.11019100572784189	0.22507846086149647	-1.3354753289863317	0.041125664281543454	0.2312596693129244	-0.4243183339246874	0.5195865344336849	-0.4485114515984478	0.9674213742324338	0.22939846444266604	0.03237314110724516	-0.9759117944432019	0.14856468964709668	0.47878221578380054	-0.14092136425569612	-0.5792142619089117	1.3075084822004883	1.7625931906674803	-0.6581721828619611	-0.02051081647519829	0.48725371655669536	0.246131088055311	-1.042691518161291	-0.42319636953989753	0.4130536342544281
DTXSID1023441	7.256246587771717	4.202436260592421	-0.06580270115805158	1.5327958950850644	-3.3335596822481413	-1.5495776220642112	2.822063563261807	3.9805930316490743	2.0316817699671925	1.163719841323142	1.118333099920361	1.3958801080899614	-0.8790266178394976	1.113694643130078	5.726875031084078	1.0164396525053185	-3.7386510772869754	1.7747333290217673	-1.8570751412520077	-0.3499884204390415	-0.02062197955050811	0.7680934619006489	1.882105908854931	-1.9905890773546806	1.6213361687914511	1.1909577483925333	2.0831782010928386	-1.2860157528415352	0.02766623859220425	-2.9509326075425673	0.8860757651056671	-1.0533853326433555	-0.4681826663331612	-9.167188968635648	-1.6323985195854271	1.5860953059551013	1.337719246677404	1.6010163412752239	9.037881013623178	-4.543922834758177	1.7718646777318035	-3.415185192927167	-0.9154932903051453	2.6810723291905103	-0.024859343478649237	-2.0198510238030654	-0.2558574969751804	0.20036196811787113	-2.612686977147994	-1.6628556325644082	-1.4543152480161796	-4.97280006407621	-1.1504672960759665	1.472080015110069	2.505972809584352	6.147091246897935	0.35503785877128485	-0.1490395794973879	2.6961294298948495	-4.379734131908504	1.5169116000794245	-2.0962401845800462	1.67717767354429	-1.1187149056268024	2.826467161843323	1.842323147693086	-0.765809410074506	-1.3531763633601543	0.2237980200270615	-0.39332285505079356	-2.0054691840527394	0.17866329797784075	0.17658242228018228	0.051848397312689774	-1.5828337919595163	-0.33595314760832995	1.2090894543980562	-0.46286058781302347	-0.5516618037106357	0.509616294689792	-0.935589759814472	-0.13399548099631584	-0.2390272905840338	-0.9820451030869728	0.3484214749760183	-0.2988582404737951	0.3538787303276518	-0.34304309421303275	0.7769833481004137	0.15482622327792572	0.016631168072910638	-0.630596500813061	0.4166303020967215	0.5133012831925904	-0.8351995556509835	0.25684325690842946	-0.31098309056871914	-0.019824647334685915	0.4979939974191574	0.06032283355801598
DTXSID6048911	7.449272240298675	0.08544878358295768	0.1260504792347921	2.442882886822688	-0.3654393848442885	-1.2996889040364537	-2.342571532001598	-1.1434415381089096	-1.7687084629529408	-1.0707905843321681	1.9068435932004717	-2.386484234300754	6.1936517283206	-0.4463602627438103	7.8916452618044985	-3.327962293935906	-2.96693558004689	-0.03701473218432499	-0.3430557742345633	4.4269617940375	3.1841935089187148	0.6196744400101664	1.9048903873977208	0.975910294552114	0.44352262281114346	0.9000138973145192	-1.885820726652516	-0.703922755875188	-2.2184890029685973	-0.3215309515974659	-1.2683628984266173	0.7887811608111605	-0.3596618425437223	0.6409619069639463	0.30398319419463266	-1.9974821114997499	0.4438979412943905	-1.0154687161040066	-0.5992296845342368	0.5489329426812307	-0.005149233153259618	1.0856904291265028	-1.6673251745167073	0.06916591284625458	0.2524192567388187	-0.167944784920231	1.4809039266887558	-0.829890042470601	0.29082041640238016	-0.2595904776542284	0.01067135509836544	-0.7634436737746396	0.3188654787337245	-0.07489279546444903	0.9497632181488606	-1.4716752301117932	-0.4551239203188966	0.08437598870932632	-1.2182829975830944	0.17830837273832834	-0.44521712176120937	0.27701768479025274	-0.9774091519149269	0.9229407005461597	0.000928849448547275	-2.2340149827236244	-0.44864203578221085	-2.0113921625171427	-0.4057824659885212	-1.0432135011855876	2.614708588602542	0.9996862954842904	-0.6133843263806438	-2.819566289832542	0.10745594922710999	0.7235518331334119	-0.8207710875003078	-1.1851277684323198	-0.6375040992145204	0.8755007279164857	2.2929748542908603	0.7978143221016989	-0.6444411129090458	1.9030041766034866	1.7860647046518017	0.5314147553031239	-1.7280330165078717	-1.0349926445342317	-0.9653817374645829	1.811401959865411	-0.5027029610171249	0.8722079018906184	0.4410592216674282	0.2689774741835201	-0.020172292229358325	1.418090569910827	-0.2729656082357792	0.001483001276519616	-0.933283367004973	0.8875566503761103
DTXSID7052571	0.3009885596792407	3.170995367590763	1.1570160901330937	2.0471008978655965	1.8559392541428539	1.9651487158039451	-2.8243755605671885	1.5381094394131414	-0.6522347452153359	-1.702596729441506	0.979998832450062	-0.066493515374959	-1.125592771355746	0.7603644567843135	-2.6370846642398855	1.1786118526271152	-1.2413729017459931	-0.3208263810128792	-1.3266316571874865	1.8255188977098538	1.2043214132512796	0.023608436840307844	-0.4805867846087598	0.04611595227734704	-0.23364861980352256	0.22159410364558155	0.7078254568435346	-0.9011584468119811	0.19169751472754404	0.04045209396050172	1.4225357676446613	0.5150050338326435	-0.2830426187942177	-0.1540625803848706	-0.10597906634801028	0.604947979428522	0.03556617899851239	0.6068855561870992	0.05760518290464259	0.37637052164627155	-0.25071925938611317	-0.27012297611860697	-0.5106513191993828	-0.3834413886890706	-0.3625517970623652	0.7336733890768421	0.29488205604438017	0.5440758214576267	-0.195019369022664	0.34845793212943804	-0.29771552266410733	0.5388809905718038	-0.7420819644162557	-0.03398504027429442	0.1373087923114771	0.15042133136381255	-0.37100002115785286	0.22154707832896248	-1.419205552394346	-0.6508941655593375	-0.10007660632717327	-0.3363532503875588	0.9614152384518921	0.1339740429248183	-0.11815236316458023	-0.8370725501558367	-0.16165378344777162	0.06937525552864844	-0.2942307091093474	-0.10350868528844827	-0.29270167513055906	-0.0743019254685742	-0.1375428887953686	-0.2544250184095272	0.7652273324068615	-0.028395993854137137	0.7800646477356913	0.11848750067316026	0.06556312057304388	0.6843772379732265	1.3275355593142164	-0.3223803951709046	-0.2509752881872224	-0.6865943022133384	-0.029387287526565196	0.20632208075922218	0.938393785003997	1.2528815795445258	0.4548102724559587	-0.26541576129439526	0.3006201301884966	0.25456206381198715	0.31121126160650114	-0.5054373688382645	0.3724216180896995	-0.13115542000895697	-0.23639427232761193	0.16487948982434394	1.0395801416846289	-0.2943215919568594
DTXSID5046697	5.1152063624186805	0.3264169257948279	-2.4517254203512584	2.9590861927813146	1.3827315927341095	-0.05846407436365141	1.1866879834597426	-1.4232104112531698	-2.430468836776635	-1.332099607378097	2.0819564542653746	-1.670993604905706	0.8547008074058351	0.9777890806627431	1.4868272620041787	-3.155277799379281	0.953609414687848	-0.024604128908934462	0.36625567528056135	1.254021540817169	-0.5706077403162024	-0.36360056493426474	-0.6147239825348766	0.9535516490514305	0.014442013827089784	-1.0718009899786731	-0.2000912117662071	0.016945874389863266	0.7999103364739002	-0.6374600179047977	1.037433733819284	-1.1006073156496539	-0.43335419355946797	-0.5773524629076919	-0.22415095362851234	0.43495846242314906	0.003943770985309948	0.9960854421306575	-1.2215048013187877	-0.031205380959948806	1.120483092020403	-0.11965942408240511	1.9338652430264573	0.08248115026310106	-1.0460163793165542	0.17630327499741194	-1.0908864468115227	0.7534289937103552	0.5777155637577204	0.16114607253082533	0.5336875571010755	0.629931436812316	-0.09272605498459985	0.3924564996045853	-0.2926140100772726	0.374380179308707	0.2760234113979205	0.905742800704419	0.9735346550320992	-0.402557259368171	0.3270319356323486	1.3755811245515233	-0.522606120045904	-1.6990293060746926	0.23476496690119997	0.43872360145432326	-0.01939725457815047	-0.5458334454874944	-0.027493882922648913	0.9678835577363157	0.15261345070037335	-0.5958093680400953	-0.6117205352976651	0.43840308158184615	0.5287029853887065	0.3756231198654331	-0.41025115313098304	1.2782791518122887	0.280671883582639	-1.1276273442856721	-0.08221951789584986	-0.14714714081006952	0.10607195184834475	1.11686009860801	-0.4605638544651121	0.013721545287186141	-0.5253298635036284	-0.12983449735748928	-0.19808713664261499	-1.3490470356606123	0.6681883800855245	0.09672203209462403	-0.21452779083278148	0.8956863496742035	0.825518929270928	1.0309603553760827	0.008109018757391099	0.46098747996006467	0.28256068617814123	-0.1394904575399936
DTXSID4026921	-1.1496118434504483	-3.0664500677733924	1.386858103927967	-2.8843292061905084	-2.102466715614428	-2.7197179747095124	-0.15789532694899036	0.41295114482527007	-0.15964796120508296	0.19864240771572747	-0.3609564079540788	0.8490643937186778	0.1934109535857316	1.244674765731282	-0.15230956995879444	0.14733401249877923	-0.40870311771280937	0.5655744676148432	0.2032864450714309	-0.4761971608113132	0.3068277037208267	-0.2146790880983635	-1.009564482274681	0.38607504810599763	-0.6495374685975805	0.7234108923536339	0.5725183899111199	0.5426347630684076	0.29333721068624574	-0.3910950252043283	0.848013594720743	0.28986745694382	-0.4441193098191735	-0.28543152531294713	0.0384505976505195	0.6668322949926133	-0.07586108250515358	0.915979726359868	0.45910428680936755	0.3784747559521605	-0.2715388773943899	-0.14322540191702035	0.27448350402551136	0.29121105984001033	-0.2132824375774912	0.06206748686045182	0.16470675028517026	-0.1364214602683032	0.23396485451271662	0.2323443752987823	0.08683969354879888	0.22351148949614946	0.16355401000578926	-0.20096498630623538	-0.001492612529215669	-0.1451970406843393	-0.1538453901237825	-0.23575342965560514	0.11028608212042924	0.12392471949896675	0.21616190754712675	-0.005531356154559147	0.24409499390727638	0.1621187926273614	-0.3082218026990404	-0.4857269587952441	0.9131264609723898	-0.24528775361424823	0.2188511511215697	0.5904349617457058	-0.1370486548542861	0.14966681192374479	-0.6709540304076848	-0.040944458642327305	0.5331311199168816	0.9013551276923444	0.25004919992593266	0.9975359711709038	-0.35131588506231914	0.2179938362765262	-0.03367677297240089	0.2938329901267822	-0.3062048454247711	0.7508212001272776	0.1434832510763971	0.09510700775836364	-0.2896661349814518	0.38721727515500826	0.2887824583762689	-0.3990592008560896	-0.3845583217408261	-0.361032004864895	0.008391048588537361	0.30593025105909427	-0.2593956767053492	0.1900099403954628	-0.17758234677394008	-0.06772712067118342	0.4454850728511505	-0.16205501932398403
DTXSID4022862	2.9539090974558797	-0.23586582861734248	3.2672994872154932	1.4369064906300024	-0.027318881597587802	0.1355253129683788	-0.9204289734327525	-0.49756365796445806	0.3983773289153776	-0.7855353581993575	-0.10765922619209964	-0.5209673991995626	-0.4273077017008561	0.8596584137502299	-0.1755033302093575	-0.26356091312089525	1.8715180055701552	0.4264009131669789	0.6162438108144936	-1.6036038238055044	0.14975251282680835	-0.4372346139359576	0.6855450828903059	0.2774760453579313	-0.19575096729587607	0.24883831476677074	-0.056018365649047254	-0.7817463957300409	0.44221824117863434	-1.2691606630764902	-0.7126779413396951	0.26316305780561616	-0.5616201589698303	-0.07313546744646496	-0.7211029409999312	-0.062161582305718124	-0.34010934986184344	1.0261133637900852	-1.515216224368217	-1.3325063007323625	0.842766444535056	0.5215850842631805	-0.596548096599516	-0.2338825742886907	-0.2995039039623482	0.5022022865767455	0.32012709498464026	-0.36140635809579785	-0.06612539334868918	-0.5913345703820929	-0.21799504484683369	-0.09363208842953728	-0.09906285262358078	-0.3456806021763653	-0.6467149063572197	-0.3331886231113456	-0.26882476550470835	0.7743061625599027	-0.9137170680145493	-0.21086535304102422	-0.6655283688493441	0.00999492892272645	0.6096371510066803	-1.1356955696777424	-0.5105667246113048	-0.9536822632517579	-1.3225565039870977	0.5685797267558694	0.08117500860448727	-0.19884892570054757	0.13270529392545669	-0.6944461797509146	2.155148532398932	-0.6410253573706409	-1.051047023561326	-0.08716521604485905	-0.19205986854959886	-0.8355692464004345	-0.3653598656209987	1.028295778119589	0.035846213521230734	-0.07847272933694603	-0.05169911076466075	-0.4011862968525024	-0.4977181624252279	0.5521662293073757	0.9354533920211138	0.4581991883881674	0.36011807709940113	-0.12955248795484695	0.119502017080602	-0.13285832626580288	-0.26904432019425245	0.6576274010383572	-0.050071828872499044	0.793560210226118	0.34413157819409373	0.399648282407094	-0.3647726546802418	-0.056042036894651245
DTXSID7045607	10.360412827552594	3.721161745579503	0.8847661641506892	2.9655505563346822	-0.17149720953297554	-2.277774956945043	6.461793896242123	1.8989458026608659	-0.1855005291980486	-3.2120905105380326	0.5853192921030341	0.8094647700418247	-2.053082196202181	1.6523797122102781	5.31327702226382	-0.9041420192392368	-4.998838546749795	-1.2586168050433855	-0.9369800194988331	3.8478170832751792	0.9268709996750766	-1.5104812203060427	2.4143545273009583	0.5817849817490015	-0.02225750489934792	-2.6167130677249184	-2.8586120115940434	0.6551707508496323	-1.0167730851075727	-1.40365536226786	0.7425794339700446	-0.6939588213077	0.5156320687160038	0.5623862719245738	0.4076978402001683	-2.3423069411741184	0.37800831185911143	-0.2960361239285077	-0.45379919464272034	0.08195215532765728	0.022414585542983676	0.9295099517174957	0.25667536605039015	2.0317028402108823	-1.5892875822046248	0.15955327529712188	1.105629548259769	-0.7327000518432307	0.45501448297960534	-0.28645126421858064	0.5047905498559769	0.050779981453033946	-0.5833714544370397	0.10837291875246698	0.978220778636794	-2.805677824021908	0.24902123081429486	0.6478035595447704	-0.6174676113816471	-1.1512187030255596	0.42420420035214074	1.4736257212701023	-2.05036295653225	-1.427594345600162	-0.3525344225261073	-0.663196810297625	1.0704527858420438	0.08973492076669738	-0.11696624236812793	-1.7171613481671186	1.0584930610160874	1.953189986788396	-0.8411827266217584	-3.0976758577383667	-0.08037318270186566	-1.0954846818986783	-0.803025265462834	-2.2556503541310136	0.22470297327350794	1.1001966571899182	0.9558689256779499	-0.26445757505079337	0.21617482063488544	0.6819370973902137	0.2570216628473798	0.5751848258246403	-1.9990554812801058	-1.0287410393308878	0.09026627546948633	0.7781716002780973	0.5890224252012295	1.2544262060516045	0.32009624961723787	-0.7370743140458315	-0.7578436211188004	-0.17163464933468503	-0.014648726171194877	0.15651957679358594	-1.4926988301504178	-0.026377050909813328
DTXSID7032553	6.265807573793889	3.0275484378664004	-4.288385536676822	-2.6590237148617146	4.252800509447024	3.826637465429176	-0.12127166579802615	-2.387428644653075	1.0164750838470884	0.6815531823071684	1.8111493020194975	10.330105907325692	-0.5381899531595183	-0.6486680508484797	1.1574880095283586	-0.3699019936568223	-1.8557182562516816	0.17289997633577736	0.031604557134671404	-1.29879125385601	-0.4689488942597661	-0.042867259766046786	0.7034038807606836	0.1745069433513695	0.1377111712724027	-0.5341185131411921	0.5247549839025338	-0.8825027515047933	0.2198764495215396	0.1207134042428075	-0.6513812189058811	-0.03642567606706623	0.1939893664483969	-0.3252653699104977	-0.2893977168003028	0.06270227315079967	0.19187781806098075	-0.002325143777086243	-0.12788732800468516	0.04820391601067183	-0.269245021947622	0.07838515378963289	0.09749887647391799	-0.24063098416240017	0.13954773539206594	-0.10759428170433927	0.35108622166519105	0.13019631327283077	-0.08376816567455128	-0.020343992410741574	-0.02094671730447664	0.1214458189328835	0.15672786080329204	-0.2590932382816344	-0.03614141389730546	-0.05037359021952914	0.10122626330071606	-0.20224089252551203	-0.07583029511007289	0.3813839218526586	0.3446483631661657	-0.49043075355341464	-0.3157889666556026	-0.27485852955376605	0.2642693654193665	0.06498949226755255	0.12931913958559899	0.36311319532691094	0.6649950750452185	0.5141620549883295	-0.5504909897475008	0.43742396004907186	0.7115533679700341	-0.3427932830913115	-0.6822283058517449	-0.10389398120861855	0.27385333741910656	0.16183746097172838	0.8960600865652184	1.2337654182379025	0.468187136806885	0.24148927547054416	0.2708595061736721	-2.3562577406668694	0.4492202588395718	-1.2117188433236254	-1.8637913955095562	0.945586264355266	-3.0849149214944536	-2.4968302701537537	0.5937742152900646	-1.980902644628646	-0.35339229322192595	-0.4957472866799745	-0.45372796272077276	0.6232819225196814	-0.6512401679219725	-0.5010884306612442	-0.4723150512969052	0.4303450982560595
DTXSID2042145	-3.983001707054962	-2.498079788378712	0.2962053350108045	-1.5536546089346903	0.121359155458494	1.3506658683714952	-0.15041520837010702	2.012554872964569	-0.9747421616943384	-1.4973521815805473	-0.6955285191901246	0.25666757575216875	-0.632782322627231	1.2154120664207495	0.12463244053651268	-0.47865982385424266	-0.041703286052598695	-0.7587136917746292	0.6540887089283945	-1.102846175907137	0.28324117233945506	-0.2977488750950476	1.2109399685015125	0.021079106590389935	-0.41418387583418786	-0.28001329818824144	0.5643841630877278	0.9378728658159443	-0.4967096993142125	0.20788642683117564	-0.195495010281098	0.3090747008677437	1.5085601488841343	0.07158613596628285	-0.032712262587531744	-0.622304863590268	-0.47887292673957477	-0.4066410984381506	0.4046211288269007	-0.4609905491521968	-0.2752653894584462	0.927931862928558	-0.515483118322437	0.5965185272634353	-0.9421239847636333	-0.2720714952940772	0.26902194181664096	-0.7077540060410428	-0.15263758700866306	-0.5683461976568741	0.26326533202277425	0.07715695851691717	-0.08793093843115597	0.10274402241999003	0.49032627417463204	-0.7114139065551925	0.40033812604117547	0.5198617294966371	-0.13149068768643837	-0.4342643337590565	0.14953489446084575	0.5473081993214779	-0.48394374796602385	-1.5077737787065104	-0.14887780894836836	0.016424345609644998	0.3441013005357181	0.10378471901567617	0.8682971647707513	0.36215908400157104	-1.0390521488271214	0.1791066129893524	0.5602370169311468	-0.5873337455063722	-1.3936899186297331	-0.4588261351258056	-1.0163505314832382	-0.1464218646865013	-0.7986903663606756	0.5209819016242797	-0.27988643968829624	-0.6407382775129571	-0.33746254239485535	-0.49563126192589746	0.04732035382818176	0.4105970890463748	-0.13204013763549843	-0.13308223906135871	-0.22932411190201055	0.22733430682908332	0.42999898883969995	1.1476131784977683	0.9694771202183321	-0.2972801532793574	0.7759181587428277	-0.10571262507467039	1.0990284991345252	0.9945713563543347	-0.28289138248963924	-0.14839306828964782
DTXSID3021196	-0.5449738925110195	-0.018306989371611154	-2.197347119329629	-0.5622413764272144	0.4170448589702028	-0.9447683445942239	4.826902162731112	1.2515989079930763	-0.16087193544915734	1.522771075941305	-0.19886534056372548	-0.7112021266078051	1.0149934399034706	1.074526507146936	0.6660188794144436	1.0428902387253174	-1.2821019826107383	0.6117051139925248	-1.2958360388876276	-0.018161483744176442	-0.45939771274542246	0.4814054129344675	-1.895221768826477	-1.4491598086453545	1.552161629506147	-0.6555040325200396	0.16310605222045005	-1.7001081200539852	0.4833410349708192	0.057310808285877875	-0.6597161452409117	-0.25213238463507115	-0.0412706520999909	-1.2603948802124296	0.3409138333995299	1.4279478304602022	-0.4462568470700952	-0.9345472945731129	-0.5863994795111589	-0.6575755064048849	1.026720916978508	2.2541437132789324	-1.0835124532293456	0.015019634484502872	1.3827141143044983	0.5224672282443403	-0.8739102950257307	-0.10132948258009884	-0.12633045374697893	0.19296593166254405	0.15676485474593016	-0.09464561864387093	0.5179338438734505	0.761746132769086	-0.8812864534090359	-0.437279925016815	0.07858951700569608	0.8276452095793595	0.29685130073485605	2.167056831581629	-1.3046618132605672	0.6643365829881827	-0.3239745509922766	0.38790559661513296	-0.6496419108748485	0.15112362279948183	-1.515927755021224	-0.5152451802534416	1.414591556962302	1.1935269481714155	0.2383371306317462	0.9154671629259653	0.43994380858790844	2.693204969560514	-0.21990924297337078	0.8899849584785097	0.2564176497008394	0.3552232997109961	0.3604424115950412	-0.979191162260372	0.6284203852229429	-0.37461954275944315	-0.036531504759496604	-0.5404525348442951	0.15039672790308695	0.4162040746740652	0.4393002780430683	-0.4038307573916105	0.24072231521319795	1.2609012686833259	0.49545349546851475	-0.9240663123215742	0.03338136760849791	-0.6633709908636145	0.028372318742107386	0.29188059854959225	-0.2395172381273469	-0.28241175185469525	0.11318995753263222	0.37518949333542084
DTXSID2026446	8.667374427620755	-2.0624420763971316	1.7527349399681946	-5.448705596113417	4.139626581357146	-4.923157507579424	-3.02815679889544	2.0927992886847253	-1.6707142415569418	-3.781454847681218	-0.8908463210749116	1.1199851313743676	-2.0607779079881303	3.973869589460317	-3.0389808801551177	-0.23542801004001473	-0.5301679810227339	-1.8841748263102476	1.3921894567805106	-0.6261211031397942	0.5637889035508358	1.019242250704755	-0.27171155955912396	-1.669203928161928	0.9889220894004809	0.24742338173508524	-2.6684069084470443	0.21068043555006255	-0.4628944604399685	-1.1495815503366953	-2.4803815675474725	-0.02920568399938589	-0.6315173353227473	-0.30125791202373914	0.933435182397746	-0.21743580893689574	0.4254492442218432	0.49175688250499106	0.07961253000568795	0.204623974303289	-0.1360461794685124	-0.12472500574192845	0.20183346689512435	0.11474892260568731	0.03262950348923603	-0.5584897365880007	-0.641844832373738	-0.23962323420175002	-0.010677915144194347	0.37086137128056446	0.14777119133319422	-0.09830588297819905	0.6766623173210788	-0.7894715673919237	-0.30914545009515143	0.2431026671409375	-0.42118694019235847	0.023154409519151542	1.0723673767220838	0.11456388837647136	-0.19193564871460356	1.1364124091928998	0.7316599509600947	0.6759826763618524	0.2708767419118802	-1.3251411058702955	0.7139127173253553	-0.8018654467784123	1.5483899998310953	0.8904666097508241	0.47296284552489526	0.8257168601775535	-0.06768045551447124	0.8787052453391799	-2.8456177854619464	-0.4184237040439008	-1.2999911577143135	0.038603868273643115	-0.08666120554413677	-0.2636325697515476	-0.3883021753299005	-0.032499970397314365	0.7221853683048238	0.2419276521911342	-0.38389337672343565	0.30390056577343666	0.2766136966749721	-0.4481799488011571	0.5825748777110841	-0.2304973549972245	0.46527386763640316	0.20095844521340928	0.11184354576147157	-0.9335001719907924	-0.8524950792154358	0.026392562412413077	-0.7968288943717426	-0.1073260747688635	-0.754748683880118	0.2814616371691175
DTXSID3020625	9.914962868212733	-1.6014186007223703	7.277126552573585	4.8972328286418145	4.811972691835773	1.0384142114419141	2.36827787164043	1.2571079164459678	0.9824174684879997	2.9521614109162813	-2.0382531567215	-1.555020982890656	0.9837007784122074	-1.9713454529707974	2.194440177372062	0.11652546588354092	-0.009992022639494719	0.34400969708495616	1.1082535978330257	-0.8553491796100324	-0.08462727636074029	0.4008486570180282	-1.4972562695428646	0.2292821583595971	0.5789826874231971	-1.2354341832493065	-0.559375830283452	-0.03789219197957736	0.31246932180295695	-0.48282671467748783	-0.5879766570775311	-0.60737059866295	-0.10219337408400346	-0.521449664004092	0.3335182235767506	0.46314622069233885	-1.3019186585003315	-0.40603319129853666	0.6055879655468053	0.31361643071653306	0.643136917045459	1.2723829582118977	-0.9502851160538383	0.9983404099177267	-0.26011561601475	0.7008313992457772	-0.6606462192373345	-0.21706091405714092	0.6994144414420934	0.5490906470321437	0.22740813912486088	-0.14794973779091625	-0.12770319292042462	0.7137858523287557	-0.5022139935891129	0.05506669804510267	-0.24600385508589942	0.7550577403121111	-0.44591683903694257	0.6497557837315721	-0.653326195573373	0.5025073119402693	0.09525592415491353	-1.3016705736910608	-0.1856163150213413	-1.0847989708689876	-1.4814675320377797	0.5117202320230858	-0.01034784701009955	0.0840724073195829	0.01609768352792523	0.7123028584480814	-1.0349637545856043	1.429394218746297	-0.14442158316852716	-0.3689838486525925	-0.17563676657158372	0.698846873865766	0.6332535646375139	-1.7872275439659202	1.0205353832563608	-1.7865103206324053	1.0298987989845045	0.15235760945371143	-1.645639446016965	0.3026864610231921	-0.08749476303434325	-0.11949754474993365	-0.6401667368107117	-0.130057124444621	0.2567974666787681	-0.4226716123325502	0.982186122461071	-0.525766958422112	0.17654326479276855	-0.13193514830046812	-0.38357046557205454	0.1422119340290371	0.909225850693185	-0.917166349937144
DTXSID3025671	-7.0995632831793545	-2.953973492946602	1.0530877631954276	0.6047838791949273	1.3610235541890825	0.4567181667457253	-0.9051089750846127	-0.8126291155728406	-0.10135220821907229	-0.8182660288441088	-0.2518791172073601	-0.3079293774234301	-0.46994882463031284	0.023731043433789914	-0.6569586719159616	0.25376018190530325	0.07657756837568391	-0.2358495348708221	-0.9040794118673106	0.33084874924142643	0.44015268616120085	-0.4173666324966638	1.255106927755658	-0.04860127586429307	0.06533810281670796	-0.2299716879645211	0.5165247212855407	-0.05477765208720877	-0.2876877231444362	0.45226148919558384	0.4452507603296887	0.5006275480913318	0.8858747874651937	-0.005782233316862473	-0.3778502823002634	-0.328819153424988	0.3736655952460659	-0.34172868425827485	-0.14430177544202655	-0.12156113575272978	-0.08430814751814074	-0.13489990224809786	-0.23925551998725772	-0.3671954877263753	-0.06465705820574674	-0.15888333650827893	-0.022652932906393676	0.003171810143799484	-0.028757492932980997	0.14835235938843647	0.021717147581776314	-0.039419272924549276	0.013011022593827576	0.07891087250485668	0.24457187538089945	0.2570446539552035	0.47033911131897527	-0.009999932176075126	0.02770244093408724	0.13073761574197876	0.2627034497854499	-0.02858705399626908	0.22000730159056092	0.1422496613414099	-0.15516805062460234	0.3870175086504542	0.35703260852207175	-0.4765313848225417	0.2164841944418672	0.33442466677990684	-0.07774677926251898	0.12054968816587765	0.013122037039350347	-0.08578148020895397	-0.34495271846978715	-0.36393390357222694	-0.3677690827205954	0.410257824071263	0.05055998226030033	-0.03909367007163351	0.6017661050966874	-0.021976129671598305	-0.22819179473442866	-0.2723265877903703	0.029985993820719505	-0.0796025484598109	0.29243513282878975	-0.3326154302632541	0.008419255172917636	0.09133150026057026	-0.16259258618622188	-0.36986020391523555	-0.11305868973973486	-0.44833475434389963	0.2828989663686782	-0.49198340711699423	-0.16256042100665183	-0.28614358306111976	-0.038008708476932954	-0.3113020046281667
DTXSID8034823	8.10998570427326	3.1678112681857895	1.1469299227785046	0.6105049452993128	0.569238693987494	-2.6472077345248874	2.968412141691722	-1.0183184753947518	-1.0279841405574774	-2.7020316127691326	-2.0286093640757445	0.5479167436145655	-0.46277435424045704	2.0967548316552063	0.782805813199591	-1.0913132054904109	0.799095064269188	0.5652472727869478	0.9519238112989631	-0.4211009188484906	-0.852131972403027	-0.5469210343424785	-1.8133105435577408	-0.4148579357447245	2.024628763138954	-0.5953547129630798	-1.800037112075196	-1.4323813927685658	-0.247849084301126	-0.30914973314767324	-1.3388509191321698	0.6430405467328432	1.2076568056714918	1.1200711302284927	1.9782598531680309	0.2757685101851396	1.2401793758946422	0.958333197780938	0.32241305166961914	-0.37102071904181827	-0.33111201771431614	-0.28480051908316417	-0.7417973685674654	-1.2356702056532363	-0.3591688541302761	0.6922268679840229	-0.8097475227724806	-0.2994509067439466	0.05255785574967858	-0.04032064414529299	-0.010676086369265503	-0.33667528904415134	0.11698858994253833	-0.7805247317486517	0.2909665436472495	1.0807020550274233	-0.7144969887091375	0.34429350824305416	0.6271616805956965	0.44638869990983454	-0.24937567364960933	1.839200771165533	0.38994495534201934	-0.4183188933577422	0.05093421233454404	-1.4999551280753753	-0.1964921849855447	0.5396539092389946	0.14613611884793418	1.498183876615333	1.2853838039577419	-0.21221324423256227	-1.4906273740927816	1.2659753065755106	0.6730519823521797	-0.08811211999739546	-0.48739684639281694	2.04450952302476	0.4906886252660892	-0.2973115992708739	-1.226700800369794	1.0046027398317632	-1.2462411216650557	0.6134029270347976	0.3156710519627792	-0.6859806585895907	-0.4562295704538358	0.5796728019402039	1.8797115028986993	-0.047040042080648575	0.5530657831058771	1.0965893964048687	-0.3587349128574596	-0.2328117682788735	-1.0945088049107963	0.535980229963039	-0.59970628744241	0.2538758910633478	-1.360218330470671	-0.08930151704229793
DTXSID1021740	-6.718113727861533	-3.7522677477677773	0.9440047319636232	-0.21028965214764908	-1.0334064704886248	-0.4050112933495902	-0.26723789248540825	-0.580436743268136	0.30497453504564537	0.2820071086106592	-0.21303853342658913	-0.055261933524873866	0.45900167552017973	0.017843905578580763	0.0850536054196672	0.2180139714528307	0.12175477709888918	0.44337336781954423	-0.3214893605820816	-0.6340467710857133	0.09934985008570613	-0.3811985333412193	0.42708889250723236	0.05328205420419583	-0.29766274247318947	0.11697355560888004	0.09895531283174093	0.10238814144144562	0.23685219438763513	-0.17368479977969223	0.5607299488127699	-0.14781824842865388	-0.03459462140493335	-0.718781227817666	-0.029220876541110337	0.01808962271729162	0.18422114479346566	0.35316234393980944	0.24822757222421926	0.26226654016271517	-0.016056062199774183	0.13888869810734628	-0.2611714743905169	0.10707642560173687	-0.13248774191182536	0.22818497588673758	0.1884350468831981	0.039429157357509036	0.12549753696101928	0.14342156492322528	0.0844092803451191	0.1618948670945087	0.05079762154817181	0.03655788759151124	0.02723911450198974	-0.3555297800379649	0.26155720468750243	-0.06242210471935359	-0.11503953934277222	0.25814114128671495	0.11648051591618325	-0.1439352832117392	0.030516635274781982	-0.03302804760365292	-0.32211170442986387	0.19164758371927337	0.4926195221292047	-0.24472417525036783	-0.34393155526931907	0.3762612029399879	0.38692788542349743	0.12243027008996639	-0.1199043640688959	-0.1111171180054128	-0.21525819377300306	0.18095667435803914	-0.16527024728436135	-0.11406447246913991	0.030734269824612664	-0.12667201601358405	-0.06855321404136983	-0.2129058807280431	-0.11886582773438378	-0.3776721636238362	-0.10934219321659519	-0.1941043210748787	0.40297159043128	0.30130820764998656	-0.2668399064680573	0.0033603576000900636	-0.19994360912829184	0.31011255214213834	0.1402294437987022	0.15037690586162808	-0.07911489485479646	0.12022132567496328	-0.08365290560923538	-0.11472159554109262	-0.208425541741823	0.18675971748637393
DTXSID3057690	16.29201976051555	-2.100947428070833	5.376752640276962	5.39364348996895	6.711269957631119	4.174794624031064	1.091470932088029	-1.8250756041110487	-2.576962239154395	-1.4332956793388871	1.3184771462000249	-0.740593363236152	-0.9411996606703091	2.066946168413189	-3.0249539887384853	2.1410570555601685	-2.061424488926486	0.7181088297866413	-3.800545068426709	1.893357310324434	-0.5860085888328399	-0.9426987700597592	-0.4782331345344508	0.7912452398669723	-0.8074237417355705	-1.5385124780762571	1.320557053501422	1.0580744913178004	0.22204572843672013	0.18720201437104786	1.6270313967367307	-0.719639500077015	0.07481689865607345	-0.29203480055212316	-2.2802611386522402	-1.2283076163676512	-1.5374118180091496	-0.12316925693258964	-1.6280365376589832	-1.629322577913821	0.013277455084636822	-0.5456790377649187	1.3560307016489812	2.0573933435935254	-0.748934268856338	-0.6627103905153267	0.9117242310538941	-1.4396386746322776	0.3762350711055738	0.1613767663131873	0.07326626420145754	-1.2075195318342244	0.2995588278913735	-0.4412094824955846	-0.7447654509538135	-0.015272011315498775	-1.0035831520850116	-1.045690672092128	0.9830795442816659	-0.10534199247952243	1.206033441898912	0.8944267638848024	0.4128655268999968	1.5807859625051177	-0.12901811998183074	0.23072833814985952	-1.3629160849047592	1.43083129276209	-0.05777727760087398	1.2980697444795282	1.405595388755091	1.2871452790728297	-0.31837433030591217	0.7156097391537896	-0.32808822640047863	0.9021351127553675	-0.405892526240327	-0.4704723892292585	-0.6878309042996165	-0.2341909276896623	-0.7050508511138014	0.15923053608127782	-0.29184537516759496	0.8803734193389301	0.32662289066104544	0.2379065550281659	-0.7272169412189887	0.11136048180538398	-0.20483718125473196	-0.0775143851882606	0.11495168003796832	0.38416970208671813	-0.07906749278873507	0.09312189307656935	0.5673607255650625	0.21125340359866668	-0.46699731438462155	-0.2354613693871158	-0.2777872486381884	-0.06693738606671083
DTXSID9046942	2.2842777153620997	5.191985670655476	0.8890677130171478	1.3129563526731882	-2.1402449382636672	-0.8361468416957841	1.1635093246416242	0.26597333590249284	2.3129513056082733	1.7658596802398976	1.087082528985232	-0.8033352577828968	-0.6985628596482365	-0.06007660508385698	1.7150947528995364	0.3209151487181731	-0.9103295673311217	0.7372261423653681	0.01793519265012621	-0.568533510461148	-0.4632404556179416	0.3666759197234249	1.19680052850027	-0.20921124663007298	1.3816095797574257	-0.3358506565114542	1.1985161574136713	1.0436358215053172	-0.17039749249075478	0.9109257412852877	-1.610333310145792	-0.5357317531378738	1.2251927081697198	-0.7107286329279373	0.9013968155418581	1.8986357919824448	-1.3566538047152303	-0.3134771794042061	0.684882688498772	-0.3280853664356321	-0.028570826851705772	0.007614162268017236	-0.0023980324140468624	0.3342182359637689	0.8192852516559562	-0.37925144117633175	1.327907636205189	0.16139935991972928	0.039346672528175745	0.24771779644561653	0.12295469622181791	0.26663163169590703	1.2987482434685926	-0.19412021335921487	-0.3755471948195339	-0.04232539255209338	-0.5271475966598903	-0.21078387029235535	0.47235802533543103	0.6804926460882436	-0.7238873155554262	-0.4874600816958889	0.5621790940510831	-0.4609339007175358	0.21926915904393113	-0.28411551185901157	0.7326168943786036	1.0868068292888944	0.16281863205646754	0.2577285776067813	-1.6088931506017996	1.9877748996518014	-0.8501522810892549	-1.6700286554879387	-0.763484599850884	0.44548807885976804	0.4639666129161614	0.31530499848736226	1.0214658607687317	0.38922409064044583	-1.053229151388246	0.1005201054891729	0.26935914950953477	0.23252516021916447	-0.6914975701040825	-0.8315223038574225	0.37971442638768654	0.7305328350872136	1.5901645157343567	-0.08053733238579343	0.7825360571924207	0.3037156825550985	-0.44624344689760553	-0.0440310160373177	0.1215520726739884	-0.15171537914895175	-0.06224593308170902	-0.25557838393418425	0.19448362344047182	-0.1217401033172196
DTXSID7029617	2.119671279681883	-8.00487169813211	-6.56959419735859	-1.5709098344505754	-1.1188733102487707	-1.5166369682206886	-4.550263452411558	-1.323133922665582	-3.377118474851589	1.21331233236401	1.905697148925007	-2.873580548864904	-0.4731203554000034	-2.46595902028166	1.2028542276986822	1.410841617257715	-0.233731395600988	0.09224584733571212	-0.23355652136435534	-1.5803037963900786	-1.277503557888672	-1.2142086133788805	0.48283079299812703	-0.33025789023202584	-3.5778252094809115	-0.2537150794533932	0.6447129037557886	-0.5765626078672873	0.5423773962871159	0.02924137109204543	-0.07661581380871092	-0.7724304184599848	0.3025264934344222	-0.58301374982444	1.3302740982610082	0.3780092548753842	0.17677466340729303	0.9715382250780655	0.6367470064938561	-0.5618083578800126	-0.2023531972903663	0.4629719178188952	-0.018716143246011514	0.7683393661850383	0.18367914843281996	0.7545217154785497	0.011594857355665992	-0.5671352398460703	0.1663362897290427	0.371483773710837	0.1584237400980514	0.09496150793752713	0.30983151008064996	0.15369668458013946	-0.2246604734238695	-0.028137774759715073	0.6538980409105849	-0.7155371251628051	-0.7190289025008467	1.519428821745759	-1.0805002758437725	-0.5812040521130228	-0.06598943784383217	0.22166322198298719	-0.3745167095523805	-0.44378572720050924	-0.00360930626390047	1.1380564824964565	0.21607948145413078	-0.6780484546280647	0.10122238246236515	-0.5613080700653336	-0.2891246661758229	-0.12422247467504814	-0.08869365895502912	-0.2743173589601816	0.16261779859531977	0.296407152729031	0.19858534780722936	0.023754306435501967	0.03123267962677228	1.0932929953886914	-0.14988847358495117	-0.07515232107896468	0.3450029845852182	0.41278422049417074	1.0442779373361546	-0.6730096914224809	-0.7906131311089868	0.1224436014117078	0.03431632386308788	1.4431754835689774	0.5795029593845399	0.5819209539757418	-1.1984899485514453	0.15187203535142635	0.5225280957321337	-0.8637952810394465	0.13903334613457072	1.4929584410386705
DTXSID7020425	-1.0014728227819403	1.0721573348114584	1.2518509302644223	1.1960447319020238	2.7081608795050385	3.145918333458145	-2.59602821941447	2.363660119103244	-1.021823020137035	-1.373908824196861	0.8961449312685539	-0.6138306747951061	-1.2623985798753208	0.35286918362585395	-3.574372677656701	1.6388284634892307	-1.9690388716315326	-0.5615250553018567	-3.30306101114819	2.6953506879172	0.44977108215200134	0.44026981031412127	-0.3576998422342675	-0.6345087405862463	0.06468548738463001	1.5867156148210506	2.417420101175827	-2.018784038824353	-0.45396637961318725	0.9142713565441788	0.7345732784972838	1.4754637743051815	0.43766476691265893	0.05997228526736868	1.3995347313612243	0.6437872623715558	0.08640873522932956	-0.4319593146281995	-0.03382081995219527	-0.26840504542679056	1.258225089131884	0.663717801125768	-0.43167353792135305	-1.0230089814122307	0.22168363877958894	0.2843314610259712	-0.8137087821102457	0.623145026457569	-0.6658599550981322	0.43567653498575193	-0.012002115575391435	0.23631078627712496	0.05385863618331985	0.5506851094148173	-0.0928235157698294	0.1915857227264726	1.0894883076597814	0.7520675183968134	-0.6605528897320669	-0.00205011281705927	-1.1153005052144283	0.23022446105836936	-0.6794661237383361	-0.03689307324229649	-0.5936500019739611	0.29876335390583497	0.6621247057074058	-0.3757899874239681	-0.024025352858246925	-0.6240156638024167	-0.8336223290602093	0.49901506765465764	-0.3941525499896752	1.2399460887169356	0.7808361403077797	-0.4847009978138175	-0.4533001706548795	-1.2205850814283936	-0.1603756570144048	-0.6382256706340049	-0.837952258697976	0.5105504485081942	-0.20584462401052245	0.2978666405918902	0.38531001607696286	0.11147258732945328	-1.2905096037147348	0.07115191262398515	0.7241755605359922	0.19626737906443595	-0.12297635134343199	0.09677732198104215	-0.0685665480609941	0.708256801826116	-0.9343372943140817	0.5576163916834439	-0.020821469676293825	0.31689784295572576	0.8445504221139711	0.1355220900176594
DTXSID2046599	8.35458285750231	4.639139770166292	-3.53151119762611	1.3210380159275978	0.8873733008174425	-0.9750862225729552	2.6315508920501895	1.1618416564823935	-0.6134797135334222	-2.097144767704361	3.5405672145337115	-0.18600917835458183	0.24527215545298567	1.1787379884087255	5.476798259504879	-0.6998981855044384	-2.87356856366416	0.3396771499992879	-1.8231328507741231	1.0892466544037973	-1.7287431794113746	0.7365275423736597	-0.1250684981537169	-0.7373251939512214	1.4236380206950836	0.571221982312501	1.20859968036578	0.9002375721613602	0.7486643243603874	-3.2166353788980198	1.1837566044357901	-0.6828077219714765	1.2353513947820474	-5.055346814844066	-1.311703160846245	-0.5622317999181504	-0.6695718574883465	0.16286540660069504	3.192113252437613	1.4192307000147015	1.9468731077678336	-1.922261985632362	2.4974831922774334	0.3049721914544538	-0.559461280547447	-1.3580218709937988	-2.0285652685684052	1.9908100631847687	0.5935429976445566	-0.7934802031431455	0.35725998915717455	-1.0995601518445701	0.23019155166995117	1.2306347354834102	-1.7444146022843368	3.017515653932597	0.7334048845840524	3.577161658467993	0.9092829491561716	-1.8844640452433818	4.909927252347221	-0.009900053913872645	3.2396113552156947	-2.1980258392039427	-1.9065890751892878	0.8467618551754421	0.39870477834772367	0.6902307376918009	-1.7967806966545412	0.2902178092808816	1.2463677375793407	-1.3199363161297304	-0.3296791512153122	-0.2727763243388623	0.46926232232947757	0.39305102512125345	-0.9200106701420886	-1.1294166065808169	-0.29049095417753523	-0.9126876712120785	1.6495908228239724	1.5277453503282286	-1.33440438656538	0.055895529099202625	1.0169123562064395	0.07188763515724512	-1.1265634390552723	-2.2859266521226305	-1.8434184265944316	1.59535759382676	2.0239378226426985	0.4079772866931627	-2.3217675407453537	0.6745879850059109	0.13330897661437377	2.3928854518965528	0.6913545953248705	1.357800526535909	-0.9150262560309191	-0.5524062969406901
DTXSID4046579	1.2822846797393532	-2.818935186192195	-3.634499134963277	2.692783722764361	1.4173968508956343	-0.7009075450820648	4.433824180533124	-1.249008814451518	-0.30968376453660135	-2.608381949700419	0.5849029540809882	0.18506299874895535	0.7439840059265166	-0.7667977438011064	-1.0955192817601271	1.0076981366529076	-1.0336473401714596	1.2671924703763908	2.3962628159500547	-2.02838789331652	2.268717321122948	0.3380169779973339	1.109528991883236	0.58896424521323	-0.024407622614093474	0.6578147430193955	-0.0023789327763002305	-1.3542882429136451	-0.541282888763369	0.19545312825942698	0.0533193393133493	-0.3076589049230159	0.4473406054915789	0.05557496388964118	0.10650558207471941	0.3992743768055779	-0.30184365156662657	-0.3799881393389492	-0.6128693685162051	0.6215645824109305	0.8709084515795422	-0.5894359147295923	0.378341339965568	-0.028236605837591095	-0.4726774110084562	-0.5898471448215817	-0.021434818820487533	0.2644146538604946	-0.2363261527966102	-0.30238103923042303	-0.2086101780662349	-0.5792137594970656	-0.08684045884961278	-0.5459690866779007	0.18450106651476983	-0.30844254997996273	0.5610534363290924	-0.10343472910180768	-0.004951016608341548	-0.5677164734375224	0.33088973400049776	-0.10937091017071221	-0.5551872110897658	0.09095426433348751	0.27914982070735783	-0.3204076363563397	-0.06863013982854835	1.5591436317117209	-0.3491991084474477	-0.6890383554309086	0.20386703453524205	0.3266565894873784	-0.2403486728066426	0.3992895361237207	-0.18403158483051854	0.37194968637672127	0.2205651493710154	0.5308973904365458	0.9106176602896074	0.5864845566272866	-0.5345978940907787	0.4829558912842447	0.2395724476846064	-0.778450185947496	0.329621412671935	-0.5011033732002085	-0.775824738570867	0.11434923987881888	0.32439481734224024	0.11481625730283977	0.1568308647073809	0.23782811848466895	-0.7158131832562661	0.9257817963742802	-0.26030116965553757	-0.2369771129070543	0.09753703131439806	0.41241763800417	0.31979396331448634	-0.29129672428366077
DTXSID0046729	28.248432198071182	-3.772795812884957	-16.96818142188785	-6.0878034713904245	7.196680880889803	-4.036053406179251	5.996537270958512	2.0470363265446148	-8.055144549960513	2.147159877957937	-7.29996569493988	-0.6332477961487338	-7.819401663918964	-5.777561951106564	-3.3496537094036642	3.4723604321835277	6.856543913091128	25.259105071439087	6.604402779876735	12.86061545173138	-8.257583395474736	9.5215923363673	10.767817168267916	-3.159533535894944	-2.568250567608896	-0.3557931963979284	-4.731310411445821	3.7920202902390585	-2.337752406737065	-1.1322360172249215	-0.2712945340804365	4.328591418020565	3.002022915826578	-1.3748753135762446	1.203213587421694	-2.9351247901706423	-3.007870721231788	0.6593395436702614	0.6965702195715788	-3.066653049324735	1.807396998505993	6.124323446884442	-0.611029210738148	-0.13157325078258614	-0.726433222550162	-1.439847591394102	1.0277592839385261	1.7534918314793186	0.8298892657380134	1.1568957633586978	0.43733722189410257	3.0246110014153818	-1.724438829691516	2.8107895726355703	0.059158765281105634	0.41529730047370406	-0.3764438483495082	1.8433206141703171	-2.1722880877563493	0.5686154908155677	-0.053724289628358624	0.34789393633025084	-3.7146263533628785	-1.4074280781285609	2.017696908968132	-0.9440384090446257	-1.3193639979255967	0.926891675738908	3.6959151478763417	0.10568617903501364	0.6299473903509404	-3.7558213139277905	3.008907186808672	0.9819228269596396	0.27822954282062035	-1.2968093392678217	1.6207731614814087	1.482209747373092	-0.8323355743696157	1.3034789971302154	-0.19177192846818072	0.12992185287557184	1.3710412558402962	-1.1358505612390102	-2.3597750602833845	-0.8870133891659602	2.8477168522067755	-0.8123277565964497	-2.7707023832511646	2.4523685116972973	-0.8262831410405372	2.065940778252133	1.5808937012346702	-2.6926962519312356	0.07524027892609302	3.3633203682225643	-0.050592716675360645	0.7571685444631233	2.187158572064989	-1.2155361879686872
DTXSID1025857	-1.9963713277799047	3.9218460033019045	-1.0894347407194855	2.6294124077324463	-0.7017430862804886	-0.399364069105386	3.3674352786240296	-0.9851612267387342	-0.2076565738030614	-2.347240495406352	2.166448847716473	-0.6055697922454921	-0.8033814102713301	-1.8411351908750297	-0.7400721249578798	0.7138371050691275	-2.7485173670046077	-0.513903207044296	-0.7903921645553493	1.9261182461259518	-2.64093180345288	0.08228600364235263	-1.189828302793052	-1.6034901768082848	1.7756962012910618	-1.8892688531812785	-1.564416591510965	1.6736160863416256	1.6548536576461348	-2.062011042520173	2.7115921555385762	-0.5626438636480955	-1.1999026792351644	0.23575528213376712	-0.17006677604355738	-1.6392233936135665	0.5807488139261644	1.1866310826085624	-0.8255198840963733	0.34939979272980626	0.25254737954882056	-0.5973534888869769	1.166205658755806	1.7415906317906247	-0.9615017169016452	0.535205962353481	-0.3300068710614946	-0.5593180988337815	1.5849928317341422	0.9377730048885328	0.5503944875944976	-0.36373371325327	-0.6920668914553106	-0.34481953521243974	-0.38535479535569844	-1.2483660044118483	0.6799839189076408	-0.9313503095668398	0.6456809324701004	-1.2677908930113782	-0.8323989185041927	-0.03062231114495446	0.9507385372549018	-1.424400024139738	-0.7534083966158852	0.13357540197885953	0.15245838004441803	-0.4224281204091648	1.2929901836859645	0.8904769549830184	0.0120806415592371	0.49867648152618027	-0.4784839716730041	-0.043190585089808414	0.3425441717691955	-0.9451022499212363	-0.17052935673896674	-0.6286394499657881	-0.37546653158550924	-0.8031892151604172	-1.0835406699715515	-0.31885931524495603	-0.6108150668611841	0.3785281870885184	-0.1760189162672564	0.2896700326771001	-0.08787620132173896	0.49056772283199085	-0.12927170141019056	-0.6339102437166164	0.23639991355850395	-0.1262366360075032	-0.26929630570149576	0.022237693720113163	-0.8365261692634272	0.15357048683913743	0.2072158387581987	0.05156234060955307	0.96042789214563	-0.18019910595509228
DTXSID5049071	10.41974466363613	-1.9278377783945617	6.148086546633672	-1.7032125932993547	2.0752636258287014	-2.9557502370156503	-0.8792722882636951	-0.27577448572548496	-1.5638609651208808	0.4674773145114381	-0.008913234263675846	1.069345469518272	0.597797773441242	1.2759153925710316	-2.8061102550907036	0.8014960864216304	-0.5448012932069288	-0.2556387173886428	-0.7097057077841026	-0.6821595248662276	-0.35337816812085426	-0.39306581350718905	1.3418218729087383	-0.15654553850990155	-0.9901168429033556	1.1060268013077992	0.015046537959383799	-0.919800680276917	0.4565307405893076	0.03301134395095841	0.39130289859009426	-0.0782205948913276	-0.877330551245467	-0.6240285849983523	0.9291033002761977	0.9323745578474686	1.046325739841559	0.7629096907430473	-0.326262622547398	0.14379039984757327	0.23267232036649796	-0.009059287055210008	0.19708708482611303	-0.30694936199030676	-0.041769244918426485	-0.2563448686104186	-0.5691188543463725	0.32762247967094243	-0.1831039120443623	0.35462819615373	0.04804650846174678	0.272629979517602	0.11742553762048555	0.025160136384831014	-0.11039574833418889	-0.03140006931029421	0.6451633809824503	-0.21309488394270498	0.10641350939717219	0.48967058317650314	-0.31927235308904345	-0.30766459365702453	-0.26109107511200186	-0.27837770014083024	-0.19750172457358528	-0.04884961568582947	1.4465139372124873	-0.5133955350853844	-0.003284392757179389	-0.10753596170376892	-0.5564307424025032	-0.4506188115639217	-0.4551538812736201	0.6245011477446575	0.8686302896845484	0.025186048212631644	-0.4219138943687931	0.24098619486508185	-0.5065561530573075	-0.4436447321674432	-0.4646967060131138	-0.11212142749099946	-0.4362706376168526	0.05827757438813431	0.3862697501716817	-0.1364240093341017	-0.32075722046070243	-0.6058061494234022	-0.9142662221055823	0.5905707073049595	0.49360394440031863	1.4225935267925003	-0.6051836009685566	-1.0335362273877895	0.1441290109802596	-0.47075291757921606	0.005259977669333466	-0.2774090570924587	-1.3854257321529777	0.6736425710558767
DTXSID3048736	3.8185940217052807	4.966338795879076	-1.412797422227328	2.0033822328342326	-0.4079911067581153	-0.999739526109663	-1.4464726715483707	-0.6838027399548637	-0.9591222120875496	-3.5881285723598944	-0.5023848305311007	-0.03420656151387313	-1.0947212177700874	2.3009972060319774	-1.1428164976594568	0.4230767080926002	0.28225847581730007	-0.1504934505936389	0.8238618700126006	0.25095362725995357	0.1196909750290502	-0.9400951373124855	-0.6049207443488114	0.7488895243139159	-0.29433025633765136	0.17548931171699514	-0.14838715280407522	0.709402904622736	0.12368499998054157	-0.23767044222254374	0.8999636217442747	-0.7357375572354821	-0.05995691291277871	0.444404927458616	-0.049419908587625405	-1.3480433276294714	2.0717318625548646	0.7656664647753941	0.6523757810161168	-0.04748612449357022	-0.2026437149802139	-0.047391778196009565	-0.19094509394706408	-0.013018457999461578	-0.5062469259635525	0.7088186798793338	0.20611654986448863	0.1104017736022511	0.4021258355624135	0.18571377513542575	0.2921470951051492	0.32550196087827943	-0.23171603547348846	-0.16198967917851603	0.38172878811147576	0.029703805424474317	0.23424471808957517	-0.2382108052119424	0.19801871566686852	-0.1216191922601661	0.05335177832805036	0.5340369864805457	0.16705707481199883	-0.3327839200177095	-0.301415222471379	-0.7039669128991726	-0.023443090517057175	-0.9472027246736705	-0.6874995989429137	1.9575196711552922	1.227498575077139	-1.0449145896833827	0.039527115627687424	-0.16935798037319452	0.24986196732517016	0.5595812840761138	-1.0392492656214032	1.175485829102947	0.5347287861058767	-0.2846510872192257	1.0350055656563981	0.6051086335785049	-0.0054871685251096595	-0.4393432986710986	-0.4789842380187831	-0.2819692059066256	0.5899600511077613	-0.45488320491911993	-0.1254038045160103	-0.3908593974210093	0.8794598484482715	-0.302353701671821	-0.013792363104212724	0.7610548169194805	-0.27184658511944637	0.8248009246064988	0.07249000668994764	0.6755064872995538	-0.3796431591688856	-0.576376034972459
DTXSID6032641	-1.2638349951537355	1.9622893730461097	-2.04571693260955	1.027513574865843	0.3768569797990377	1.579557220134342	0.7446263296185973	1.9314463363879026	-3.2294626849701418	-2.2295903567830515	3.377335014992886	-0.7014790500355633	1.6540345559019485	-0.7521073563565348	0.427870336130511	-2.308516655940858	0.4234358047909763	-0.15213258505943789	-0.6675369713535564	0.8081072818177483	0.031167806554460532	-0.7779382506575332	-0.13730732976052862	0.8879519630178775	-0.21876419486942258	-1.525083740587917	-0.9314450131765619	0.1734996346349932	0.997623850043934	-1.0665075830120194	1.85066328320695	-0.22083826412572014	-0.5667095226130204	-1.3893551448708983	-0.703638794765877	0.7223189267444223	-0.521197966044726	1.2719462157893344	-1.2931680241099608	-0.0386774681728649	0.23320948358278834	-0.1080925549747357	1.468903851541683	0.10395176980143934	-0.8538772658339173	0.1626339948465666	-0.7913929489250011	0.5159709555983691	0.5325290590354586	0.27768979965388896	0.4014454483008267	0.6736737622426423	-0.3506122070823098	0.28867420695162294	-0.3243725618576058	-0.16887283264383768	0.2265882818255342	0.6076291088520682	0.5604467314990426	-0.49987589249986814	0.9001555886094948	0.8526167838214763	-0.1631287976053343	-1.2776073877188001	-0.003623611179642449	0.18647150647837155	0.317991502679121	-0.620787881320509	0.7969393489492709	1.0334045415009725	-0.31899377910094157	0.38028612228393693	-0.2557206443769649	0.11316377719757784	0.5730205179379515	-0.12909079553295513	-0.06665609055275729	0.4130032233476607	0.0918652515818575	-0.34422655035722327	-0.21167217706161967	0.33810155074609544	-0.1677924162967799	0.4090525196139676	-0.2675153761217966	-0.06855364915396071	-0.521490059059253	-0.17290128087864998	-0.05818899689716501	-0.10495296857666536	0.9149242405554797	0.2528764820573848	-0.13535553296773717	0.5573107239350642	-0.1459623806467351	0.13466145013997338	0.649844103127196	0.23516321731112927	0.3488232838145661	-0.13592629281084337
DTXSID1022558	4.25962788146739	-3.4703516538854187	-7.346370643558271	3.936387960770871	-1.5799316159095833	-2.138834848689284	6.650621745401659	-1.8983410523962332	-1.180601559836469	-0.5516235415323052	0.9827938991334673	-0.771461129180816	0.2851730145281239	0.485329822994662	-2.7026502095580254	-1.3683152859140273	-0.47752880098744777	-0.17900843835782398	-1.8000574451879119	0.9311161412941532	-1.963828401936039	-0.341742219479776	-1.1649844420215545	-0.5782263160509763	-1.633384944709614	-0.4696265211750891	0.027405746620652503	0.3557989323662333	0.05928773853860268	0.09040000150436878	-0.6442714319928148	1.0212608177866929	-0.10199287511158868	-0.347640581212661	-0.566738033480125	-0.8437124038546527	-0.03623447917155837	1.0233073519425588	0.6587212002755879	-1.356426408841904	-1.5896908094057696	0.036650219424559365	-0.23450652586966333	-0.7867725634869547	0.8075753140782731	0.5181138961994873	0.8121118289579519	0.404177118591231	-0.15713981687875153	-0.4377174433320229	-0.4766725234017275	0.8209365268454882	-1.0423973975763525	-0.0106697110917148	-0.060576358152795	0.07753904334978447	-0.7492930166007161	0.5626076186453273	-0.9026119380176565	1.2226244732382596	0.11724624435068981	-0.055910458078802794	-0.14450714951873475	0.4589209035355049	0.040245049026373846	0.4421289219440988	0.3725800007249834	-1.6679023181969148	0.45991417300736237	-0.18760564203819588	0.39343372309811925	-1.606584096352905	0.9424784792808856	-1.3180064858001073	-0.9349637263266324	-0.25867081995578545	-0.24734980007630683	1.0363646608465773	0.38176776161256787	0.027443712013948327	0.24357799824488957	-0.3758736643534004	-0.7154875633469013	-0.6048057836837009	0.20016255163735217	0.4516502172820202	0.3950800075370221	-0.09267201267309115	0.1402624358444968	0.36001069770427696	0.5744540128096383	0.4600322013512731	-0.20657161756669143	0.291933073205004	0.6435603550153927	0.5081276008281743	0.3667884415248931	-0.48436205130130017	1.2496538443332335	0.03471193089678799
DTXSID0047165	-1.4783994030464203	-0.36601227939528463	0.08681922994157265	2.414295152675182	0.3327712105235962	0.8529400648899037	-1.5947987147891434	-0.9451253659048868	-0.5165701308201918	-2.0598178183749773	-1.523998762973431	-0.6215030836905927	-0.6337953672765478	1.791508823615769	-0.669847525290709	0.9558019568339862	-0.33504444666518957	0.18477857048057644	-0.9921578620466778	1.8278591778871514	0.26751326855798313	-0.4978739516618938	-0.45707847160606047	0.3492860399460966	1.0290460238908348	0.05584325285928148	2.3021190491054515	-1.2510975987877293	-0.42639117216232714	1.4122912364609936	-0.15053091425832935	-0.41451895008645734	1.1763113228738247	1.0979159715802302	1.5775229013025993	-0.29392564644667735	1.3736111191317988	0.10797064472919221	0.6997632802908091	-0.3682480586987262	0.061048726614489415	-0.1660324731759885	-0.006048090170274068	-1.7110960386696705	-0.1315716143223085	0.4096697626893547	0.029008670032225004	0.6006102872703434	-0.212781800074289	0.2781006041105687	0.24997354555424034	0.5226442542399977	0.32333941862564186	-0.040297148007040665	0.8836038704608328	0.5285048484889073	0.5521148312414764	-0.2715846307675317	0.8670100869677922	0.3899854409789766	-0.25103025918300526	0.15409708298556904	-0.16457470007056324	-1.0333144805072823	0.47042749826167185	1.5374506825102938	0.27349164179551294	0.2923083415281019	-0.28731359069803863	1.2125765618512774	0.8528073466868464	-0.5683041657498248	-0.510606393972777	0.17155965622211172	0.2040825025089591	0.5771510816257163	-1.1354749645794746	1.6042612454326683	-0.42971360382551155	0.47775060739602504	2.089743470822848	0.739627970204629	-0.36942727357211197	0.4479088281155552	-0.30526831100096885	0.02146548688558055	1.3251422486444286	0.406316586967379	1.1485337700306433	-0.667642633195165	-0.7797944129483613	-1.0574263872262684	-0.4268669572437746	-0.8106388249033744	0.056814975866631034	0.8413922546091601	-1.0815627558461447	-0.1976737460915098	0.5519081291105339	-0.3728126118614217
DTXSID7045788	-0.026130348036606216	3.503399440140886	0.18887442299946036	2.2909549525864277	-1.5744786632988768	-0.06408999744941549	1.1294375374109735	0.8427186481355131	1.4384512996906973	-0.12228733850949397	0.5913506186178986	-0.2623417299783751	-0.6462656980012385	-1.1127162221592588	2.3726094744239212	1.485446654098433	1.5315497710605457	-1.4625814765327982	-2.2744938867710363	-1.6541210153802448	0.8928290048250497	6.436324516925603	1.4628156784934783	0.439818870592372	-1.042665455674854	0.8247831747499553	0.6130106459096321	0.9190007952667604	0.9471540147615607	-1.4174604849958927	0.9333330190838943	-2.0200773121170146	2.466104854734868	0.7013668180042997	-0.47465999493520156	-0.3943931465342116	-0.16008143394712532	0.8562294324531683	2.709156848081153	-1.141279193621928	-0.3464623514277104	-2.6830055483512574	1.5101826424128797	-2.5479441379733774	-2.693148245751828	-0.4280468124128254	-0.7296033270819414	-1.302097778584481	1.4342211530312639	-2.3306990847146953	0.817950181509165	2.828806434350995	-1.1914320852573377	0.19668023045870084	-1.963605864188517	-1.2731851075013296	-0.29095240499824054	-1.2201236988745634	-1.9134935975656595	-0.2213602489959198	-2.1745314357611165	1.2258907221336444	-2.336925038630596	0.8357754650398598	0.16770586580117525	-1.2635901649381442	0.45577431599560336	-0.37707217285745176	1.110322561631821	0.7141254964451641	-0.4760603389832436	1.4778703384081515	0.13419491292165062	0.20347414567409156	-0.3965553971253976	0.828097540045491	-0.2993360057821708	0.4582017548547538	0.6405859361913798	-0.7792088354917293	-0.4809769456208243	-0.201287995888213	-0.43365691526728783	0.3532301336092556	-0.30259770961201865	0.09449295675234665	0.3541109424186794	0.9851540917280347	-0.14868588000020538	-0.5074606930076047	0.6921586276452466	-0.6017692708472331	0.056213453920714834	0.29843021968022293	0.10853841174953661	-0.6032664668215263	0.01901407048799702	0.7522977638496674	-0.07801174384505556	0.18403197099630186
DTXSID2020636	7.929384028000718	4.579322135411208	-1.6283754963948067	1.533442976663004	-0.7552171167253549	-1.897313850028478	-0.4027557264546038	-1.6438651680055347	-0.9705000176201445	-0.8711904443609096	4.120068296057953	-0.6740741007865398	1.815262495463996	-0.4269162057434709	0.8555322416586879	0.21667318098643995	-0.00578573485517576	1.217057632387154	-0.07966676515229051	-0.8519360510315106	-0.958820764766366	-0.8449220322383775	0.3339825779026652	0.07567008945109759	-0.9253931707463641	0.7101374546606262	-0.7541046010736674	0.8863515368256704	0.08238379076324104	-0.30968512473255344	0.3010742793528812	-0.5960657504720782	-0.5491039488581875	0.031191755251869947	-0.18636643276071807	-0.6956914771287512	1.9454825955088535	1.3329148016682089	1.0842417751262816	-0.143427185895188	-0.5150585305906357	0.09642410251947905	-0.9436559668824961	0.47252005059699864	0.018936109246990927	0.5301047180370092	0.1711975954731657	-0.6172992949054957	0.4404226373950822	0.24947596730161667	0.44096133443261454	0.23760927213864205	-0.12816769811448056	-0.06509979418861638	-0.12052964012585496	-0.4124012030521223	1.0154472808018542	-0.6391904414723979	0.05004508639515896	0.6765397657233561	-0.283915631267024	-0.13281815219113405	0.2984117813603724	-0.9462965929180669	-0.8549575212206985	-0.3046634246091506	0.002114947388022367	-0.18238319988741444	-0.4552818375061188	1.738270138405043	0.023879307403115013	-0.2502690029897889	0.1952964468373645	-1.0837659328775107	1.332699718564835	-1.3419469316338712	-0.09730104185140664	-0.8820612905245898	1.5337140753027665	-1.4747236654562146	-2.00131907684822	0.1456664317019278	-0.4067455389064803	-1.0202740323195694	-0.5487660027310021	0.1330924980207251	0.4237430205367044	-0.7217720223216562	-0.6524624537395031	-0.3756291632450507	0.6015829234786219	0.2924515335801964	0.5640020631264564	0.8390607644001492	-0.07993971241619909	-0.9081020872637791	-0.7675072667875203	-0.38711611075669716	-1.751233720375675	-0.20660587159088586
DTXSID8042210	-5.500621720210019	-3.4648579977769383	1.3555419126372645	0.026489249335602313	-1.629525076320954	-0.4409171745971105	0.9834335822913947	-0.11148208334825403	2.1280315353416657	-0.37528553628851163	-0.20170970855359924	-0.021305200580123994	-0.22019255633669058	-0.6364888522226858	2.3698373981784067	-0.3708509971257963	-1.6843971431275382	-0.5557707553150302	-0.07791053574728354	3.0134675983762116	1.7113522615491175	-0.04068132740010744	0.016489081829805647	0.0442483196868076	-0.4905803934307772	-0.5808931052733373	-0.5554599818807244	0.4663460630594274	-1.0638773324007698	-0.03276483586892993	0.6311172187171726	-0.14823150012342484	-0.07710905714718055	-0.09706489357725796	-0.002683523518594107	0.17416022135688827	0.4194612357713747	-0.5937499322762003	-0.08520480305526132	-0.5822734640500953	0.0387033708375924	-0.12927619790904815	-0.7644963886694756	-0.09490412165138117	0.4140539733375391	0.09366830092457398	0.6566651596960523	-0.26521182077543115	-0.08430316366940149	-0.10342056981263764	-0.06176321070906015	-0.0017956132177614364	-0.17411743968535526	-0.19804931426947006	0.31119494300582323	-0.622156752225434	-0.6818212540833712	-0.12314356602700655	0.14677083360824747	0.24748717023365985	0.19914629829475308	0.48434801602811106	-0.3404757151754246	0.3791368088344455	-0.3534417603641631	0.14297051787520765	0.09925013706247733	-0.18847607426913973	-0.536584167499291	-0.5502837619710382	0.3614273127740815	0.10421235714379704	-0.2331627890494303	-0.010920249322235549	-0.321129349872187	-0.03002571984850743	-0.98772063708031	0.3096025658011934	2.3042263130498597	0.4976001183423128	-0.04207630094630816	0.9297783958030659	0.1985083287725826	-0.19037935945733522	-0.6227819217966654	3.584579925767203	-0.9941503809478427	-0.05900159055648984	-0.3934930536813858	0.22674444829972198	-1.6673668979166687	0.5171021323876165	-1.134359601719333	-0.9761444080077553	0.2347234820182585	0.7146980021346289	0.5091621620840706	-0.25316321897395666	0.14754593949237793	0.08788383060965668
DTXSID8047052	-0.2815734942126687	-1.0566354361369028	6.923632216602448	1.7324211023788971	-0.2734904915438691	0.9993342778775514	1.4137816861502976	-1.7315597241375447	0.5437901623414504	1.541645927492517	-0.16788888596553042	-0.29163033073452366	0.5867991532617465	-0.8267909919363351	0.5977980192575313	-0.892965988812121	1.1287588123656542	0.20167310358978563	0.35726571955458014	-0.8588583149733032	-0.06779120034890583	-0.4977333814983193	0.7463691108296548	0.5549137690383841	-0.45562351918010763	-1.043651602732811	-0.1212268732370581	-0.019683041246989823	0.006293592967082914	0.13023804293061034	0.27922595209943674	0.3213764522079038	1.016158568239478	-0.0673224502433723	-1.6233549517716508	-0.16893739010219108	-0.09424006428772888	-0.9493606711266138	-0.46825221792594585	-0.3228602686451257	0.1618230626071229	0.0057627726007148435	-0.2847868578405471	0.20863248961116698	-0.1401234820081506	-0.4299674744029771	-0.3640901879362152	-0.45349367651723194	0.08546273637446947	-0.03708557201693914	-0.06708123275936272	-0.6624249827795015	-0.03330155354920194	0.14142346547990073	-0.12805601875374162	0.5563873077654442	0.25463254701894045	-0.02729600674710917	0.004156561854589706	0.37074941716537474	-0.23095503244729845	0.3165211920726219	0.20137690681985565	0.058717874316494535	-0.6637524124180817	-0.23348937896429248	0.25484630655316903	-0.7058976702064896	-0.12388611000805136	-0.514827623799881	-0.23431405724767373	-0.1955637289974423	-0.29377220280735516	0.36856420794126943	0.35027175251174436	-0.4607665618442748	0.30403892780872716	0.44868111656397536	0.4892782220630764	-0.4836682097528764	0.4604145805152334	0.009496979629091178	-0.1773263562561956	-0.04393296030087039	0.0788428245287652	0.09591321135465872	-0.58056727912335	-0.4931552787751812	-0.001170613096415838	0.022449935165933046	-0.23284982895606524	-0.24723348017555521	0.04745658414226274	0.3817402219155143	-0.010559028105101448	-0.10611495987592884	-0.23860744166808276	-0.1619333134368641	-0.022505071581024827	-0.2892617551140686
DTXSID9025293	-3.494108519560325	-2.8897827025371603	1.8465139154766397	-0.7922094871931021	0.9572123662251455	-0.954271188825256	-1.026075375116453	-0.38212090071961413	-1.1486245360507361	-0.017411906949648247	2.3588187358672665	-0.8550326953364666	1.7996085029936724	-0.3195239858607042	1.749216726965638	-1.1328005683313818	1.195204841887305	0.6252694395317032	0.6972413886410793	-0.6861012037730252	-0.1917085633565942	0.14744404381229478	0.7739187497735187	-0.12217759818274834	0.35420433549029595	0.95171817538928	0.29897604816144124	-0.5038757121073492	-0.02998482855524761	-0.20936615025637584	-0.34622410588922636	0.3363655148326651	-0.2257987337468661	0.23832640416664028	0.2814962410790257	-0.2684560405924216	0.6004275949020076	0.4716576372977997	0.07509032479651588	0.17715626550287453	-0.22009512882424154	0.12627970534025884	-0.6880744536132583	-0.2955834524143213	-0.025639748646306963	-0.06494417373503852	0.18214009828876784	-0.5708293206534232	0.12701537403002153	-0.15610062786471085	0.10054476109397223	-0.08498343396001641	0.06975690706436675	-0.3169513742377607	0.01331674670390995	-0.4536354705330344	0.34665154955213523	-0.493890165819464	0.05870805797621685	0.41100530836094323	-0.16005804880803873	-0.3560546305512149	0.15152997819831648	-0.5683186389247677	-0.16504113387697364	0.30950785873806286	-0.5292354726605845	-0.1015835381102698	0.3981726086093873	0.3202651081445262	0.5507675941581467	-0.1532338060535972	0.6225208128094543	-0.31026343539732426	-0.3765458782772211	-0.18485841261734198	0.15992045738103006	-0.4415146930317199	-0.2511380645768563	-0.08714683586992729	-0.721093899464568	-0.327071690914869	-0.5863669417502695	-0.008163280196580138	0.051884485989752364	0.36868532097833784	0.4236218393553262	0.5296731145032334	-0.12334000880245803	-0.32230399689088385	-0.2488231654252404	-0.1396730300722556	-0.027587620459567554	0.3194012956393019	-0.3687692771732685	0.023283532275491816	0.0750089269814592	0.061257655094944956	0.08838590372076338	-0.21152040973188724
DTXSID8033803	-2.2483538537974272	-0.23034892923750402	-2.2273609924634052	1.2933873447463524	-2.702258398037679	0.533817498730102	-2.83142519517552	-1.9070186560063693	-1.827799119621619	1.3378714359484798	-3.4621720202167277	-0.8688626479754811	3.8233862704610044	0.07198998041602096	-0.10982040641238339	-0.9070927594160961	-1.435013984648454	-0.3769286770635953	-0.37381836093719956	0.14564964269806158	-0.1272208072198536	0.762945510170727	1.1256458695985916	-0.2286343685674461	-0.3539753554100327	1.2762503697171363	0.503857441356327	0.5278513592912223	-0.08655185992055821	-0.9883917931970202	-0.5381948222043721	0.23982051451518585	-0.14114034944939216	0.2965597335737125	-0.026868244045834898	-0.14734714709043897	-1.033750794973283	0.35336506451457306	-0.6934054074558753	-0.4174359918239829	0.8661330488443092	0.0881528229977457	0.2569976387137202	0.5236331593392873	-0.34560796904239377	0.1035316551528349	0.27010789603785257	-0.6062480915358996	-0.22423081514073628	-0.2608311155623852	-0.012376502987213897	-0.3453761712758444	0.38061917168519427	0.18753565842074188	-0.4472131287757144	-0.06837883149081529	0.3172193832571638	0.45794866443314614	-0.6099408985798499	-0.5907353328437267	-0.15117040441012275	0.1722447624094839	-0.15208005964541876	0.34773249495927566	-0.27336290791628065	-0.31943921589221563	-0.10437812468259204	0.43483525652963656	-0.09700344490591004	-0.7805835363837764	-0.427417184694503	-0.7766791588246386	0.7721344090331845	-0.8081838989870328	-0.14311999670645095	0.4937290999006946	0.38881855856915326	-0.37138660289192293	0.2986598945681197	-0.05718872622393093	-0.3457456846294949	-0.05759495421603771	0.03260913768411819	0.5266780608445785	-0.6327154574847801	0.269326665945551	0.19458714487413986	-0.0021175552583996503	-0.15327385370078753	-0.6520053824991113	0.26145479899717733	-0.019280811573235627	0.07432833246942383	-0.12960829940073254	0.5864098731575977	-0.5160840219169519	-0.3335658477652889	0.05524193265124199	0.0666025725788169	-0.4222210235078827
DTXSID7044899	-4.449480039437944	-2.679863166775575	1.020346175068264	0.8073596587808639	-0.8291295517064381	0.03389298830916462	0.6221305593520123	-1.1893212627643321	-0.5767498713198174	2.188462536828866	-0.5495645226400202	0.8539127448341671	1.4286608943465957	1.3104477063885656	1.017441998225459	2.5440123410520052	4.052215522406079	-1.9494160285302409	1.3135498826986785	1.2089689428948367	-1.0541494995516545	-1.2597636697992691	-0.6569812135524931	-0.4107838939062793	-0.4943888859125948	0.6145687305842006	-1.2899672233003703	-1.2699869967916013	-1.1202454157479442	0.1577617073419891	0.5753653484280598	0.6515338019291059	0.43731010498437756	0.2082808437772579	-0.22482203950470672	-1.0070721435080154	-0.4472808378794036	1.0849696453433189	-0.7070648347514212	-0.206835278038111	1.1525874191368144	-0.283259135837743	-1.0896603107158678	-0.4606944212230347	0.167011019900316	-1.012221658826574	-0.7143617103086627	-0.05533642922397045	0.18719062353900645	-0.6783502333982905	0.0727050591155309	-0.48391252592577294	-0.652558123291958	0.0476156040656523	-0.8778324266136828	0.5894661376701782	0.5944530309627132	0.7149386228227012	0.9920595926086307	-0.024898749427616135	0.1152448986180023	-0.5694873332174621	-0.7349113281294981	-0.24463230054138324	-0.4591247271982821	-0.760581477953313	-0.6367981979734372	0.8334039887247328	-0.3326054488567059	0.8217769970289786	-0.5760338696089315	-0.48865371916598527	0.026084067095299267	-1.2810967285762271	-0.7525648844244152	-0.0284166240114958	0.2205019490706132	-0.5431076592683605	0.023225350815862144	0.01725047770107974	-0.24506137746371007	-0.5014926236726731	0.27007702532087335	0.3708079323871298	-0.31235921589912197	-0.19391243307608258	-0.44418022139730673	-0.18604315006391503	0.1274625012589117	-0.12922951879901998	-0.021752020803459036	0.5746397065518393	0.5455152206955209	0.34954031989020823	0.4718838258523758	0.2832796616893244	-0.15203990474105397	-0.08320449384507318	0.5357862298855464	-0.37518854756056375
DTXSID6045957	19.247088812573285	8.236382885675248	-0.4377448181548457	5.8381006046714665	-8.141964608686065	-2.3827869298303344	-0.41943465974995436	0.8599568065326434	1.0696309525047925	-5.1068180177262485	-4.156572290403545	1.5085980756795332	0.3061482358500665	4.62954426138304	4.553742963099918	-0.39942822495420816	-1.5554980634546927	-0.3340917858681622	3.9717282898939525	2.7128897763661155	-1.4175927963183645	0.8142325307187698	-2.9499405377768424	2.2324238415951303	2.3688857005240433	-1.9857589169409489	5.762154011238332	-0.6806249455363248	-0.499756454863555	2.4890510890827295	0.26363334656177123	-3.28765609171995	6.560170256418935	3.0657439507057687	1.1927809208487963	-5.158938669537923	0.8729428293620831	-5.586603634574098	0.9006889653659365	2.914244643171379	1.4530679799930677	1.8460132306707044	-0.38102755749765393	-3.0394760266498264	-0.637087115074855	-0.1383833744375165	-1.4986264348794351	1.9199512583447105	0.21862327460198108	-0.6211726828457895	0.26288179752360447	-2.1020672305429415	0.634487949520411	0.8343386681900382	3.5571475398192276	1.3308577236472725	0.44038157590142285	2.605290014801376	2.022929993418334	-1.2057343640049971	-1.6381454893457057	0.24104841775290778	-1.504343477460331	-5.337187132783657	1.3535158030121595	1.3615890225918241	-1.9165831799941717	-4.614234796469642	-2.493267358890397	1.8845651379671724	6.43457714341514	-0.33980235388990104	-4.458071850116236	-1.6772469350688985	1.9155953544757829	1.2013458475878713	-4.0581324905024765	0.1540280650466107	-2.9264591568322116	1.842928599944335	2.251316561887635	1.5960373805770025	1.6741652080362104	2.067292131695554	1.7991786045925167	0.12242149245342236	4.206689220424032	3.4749506645813146	-0.7023780784280503	-1.8059870396501883	-1.1593870060875247	-2.210508289433677	2.2770354915030233	-2.5298769941181978	0.49004587609061157	-0.1293553645615257	-4.39145635330692	-2.67729294483472	-2.1135525565463444	1.2033167241756317
DTXSID1021031	-1.874879151566309	4.150845183267615	-1.062209867574555	2.0117231529856565	-0.5793491204740319	-0.26322660642162027	-1.0656644682166188	-0.676306565983361	2.169428956704516	1.2803020992354697	1.1752060897763026	0.17921817261779918	-0.7075669812273739	1.1105046291591851	0.5475207290271517	1.6067301613503124	-0.08720403423784683	0.7018572516881176	-0.493195691225161	-0.4261480311407918	-0.49834441580374916	0.08556246182368463	0.1549339314169094	-0.08579133380031463	-0.027808090491160023	0.10533147830021283	0.8184128381954336	1.919286919785296	1.3673186770500187	-0.6035629943800611	-0.883331692188945	-0.39106726202604725	-2.3824543133135405	-1.8686201786959835	0.6458206982873249	1.9936775726956453	-0.5231411011168797	-4.008734960584021	-2.568392078405944	0.9531587850799007	-3.7297770925606613	-1.7652551778417975	-3.8455734621093596	0.8582970869619859	1.2830229730976703	-0.37432687180202767	3.091713153623213	5.3339198138932575	-1.4766011070569849	-3.815905255799842	-0.9310974071404677	1.1397994993636962	2.5721013853708907	0.12913147462946997	-3.845327211026064	1.8346714772530446	4.5305623614289745	-3.7841151009630596	0.7434492254313467	-1.3468365514849605	-1.178017394703648	3.476376009613041	-0.2623637043080428	-0.6644978993719672	1.3551012975740673	-0.9859012411520933	-0.7070954279129501	0.7348768017429814	0.9549733769666139	-0.18409861715411574	0.3621500866579643	0.08642268879704967	0.18840707704436055	0.3076962009561407	0.7392170572885708	-0.24083009644561	0.590799549771025	-0.18993190647698743	-0.9771621077870718	0.4990449551736926	0.2264453877982685	-1.0017706353611728	0.49528444873378796	0.9342797975501068	0.09621809908499272	0.9179748463722128	0.4936461342613302	-0.36041623204303885	-0.3186931389531932	0.9274046578992127	1.4494752818769405	-0.7309773447364832	-0.28864726816641195	0.3454517154287305	-0.12994146376446924	0.8199047159004796	0.2503818782901322	0.03119799035547592	0.4681396661688583	0.06486528296243996
DTXSID6057661	8.951919015088569	1.6239696677031148	-0.4255402189433898	-1.9406056043032005	2.234754303948884	-1.2015201548607266	-1.678004900661972	4.507306442341438	-2.4461486732001227	-3.5029910445903023	-0.7428338912684668	0.699042577873732	-1.6940425692215413	3.8831072060906426	-2.2402372300950657	-0.9400355761930166	0.6740393869537181	-1.7418571758941472	1.0526770574083353	-0.8582224792431677	1.7746619802420678	-0.052191362618295455	0.2976417664023514	0.07947946702677718	-0.11389163252932338	-1.3137551122123319	-0.8489615482106703	-0.7181091218188504	-0.12352271733147238	-0.6115139198363345	-1.214830711363162	0.5260468091942921	0.9775767333120202	-0.4171444586110934	-1.087982363396606	-0.09225558159819217	-0.5584153216206881	-0.7185425688173852	-0.33141847590395584	-0.6948502234629748	0.0021146744498203077	0.5326298338821165	-0.4141441591064555	1.214845987441484	-0.6171252273400658	-0.33945644996526425	-0.32878316721063067	-0.9497328424101297	-0.6331632105610752	-0.051115986394354364	-0.017979709256044595	-0.5128659921980905	-0.011884438249660326	-0.18191773741311437	-0.15848864576062477	-0.23215342695101526	-0.15622578281013122	0.3365203338495562	-0.23928012216027886	-0.26556803045212146	-0.13968286320837525	1.3548328128478138	0.3798948401263331	0.12324279595764359	-0.855165275981474	-1.7708550545542632	0.190465447521209	-0.4635804216404136	1.7343172804274138	-0.17248970895556617	-0.730810124804497	0.361211135628065	0.7370633596522144	0.9493572482716677	-0.3814283462636571	-0.781996341911967	0.06946682540383936	-1.4116587111595813	0.03251123708800654	-0.3964285950323623	-0.05051739347798882	0.7087285078794537	0.8281462284844704	0.3567047141825923	-0.49826996348495217	0.18240980627360007	0.18004076298891922	-0.6821283938285971	0.4846758619552405	0.13291888470648736	0.8435372159204942	0.8473043173002157	0.09989737476665281	-1.03179255480901	0.00020007833496486592	0.24429776949964194	-1.4116324226919272	-0.19471094880043688	-0.45538604768152696	-0.028312617903900904
DTXSID7027966	3.268274905640321	-8.669809428297528	-6.887967639431215	-0.8199355564970925	-2.106774174133515	-1.9357928788277405	-4.623515607136901	-0.9080208844335659	-2.6979158810346284	1.2773576934036917	2.7016613058646515	-2.006932812202776	0.8557864934609632	-1.868201744308293	0.2674449001580863	1.518326035073304	0.04956664141130811	0.8377265409293734	-0.9130296255371902	-1.8997036811560526	-1.289544421894286	-1.147474423746463	-0.0361595916905153	-0.3506215637513516	-3.5009888981535724	0.23302536544782318	0.30279109233586954	-0.24606122042101483	0.44982682939693375	-0.6285163988193768	-0.2628550256868491	0.013341202390356265	-0.15039492332270352	-0.31453549198235425	1.236655807051451	-0.010011510748362012	0.35773960512016906	1.1912046398617584	0.3097702663847835	-1.3802340682723038	-0.016182994131390665	0.5802510197363825	0.013824439651462525	0.7144931212470622	0.41631316068872776	0.8191859218218543	0.15855424535872634	-0.675746469075328	0.03632993588720294	0.006019441377233163	0.056988980060761044	0.02534980146827928	0.09985413668158258	0.017764239937779105	-0.5606798327924255	-0.2847732694761839	0.5399541095814441	-0.6666243274586654	-0.8705490211296326	1.4199448717692287	-1.2694929697766537	-0.5909934903194556	0.040011118865075336	-0.08639683253035223	-0.7161929795558154	-0.14204508154430595	-0.0028388601495503494	1.48481621752004	-0.038847054080760224	-0.8412044380252292	-0.09963501231015914	-0.3994505656985217	0.32371560004590133	-0.17605629048369284	-0.1479698541313576	-0.6142482997088815	-0.6651066860051642	-0.28548710312747577	-0.09658130848579526	0.47613188360942515	-0.3347681629216504	1.3120813952793544	0.3323892961634007	-0.11711755941271776	0.2640632958726503	0.20426891071237524	1.0698698055195879	-0.575894285401027	-0.7455622768350247	0.5448199813328068	0.05807624846459078	1.2080806799261732	0.1601611012793292	0.4281718739661018	-1.099427325552364	0.205220062611716	0.7174389758547793	-0.5610974279965083	0.1825832311886233	1.5670715682061536
DTXSID9026132	-1.6530356195219955	-0.2681943555829674	-4.111966711466448	3.437665598650865	3.0116415950053206	-1.4168255583852252	8.410036808530812	-2.07869426784065	-2.5196794067343595	-3.781235250787135	0.5976495513174966	-0.810424230683454	0.3754132085033742	-1.6632793809714648	-2.093304294561145	1.4669279162304079	-2.1155102904587073	0.8833164620438171	1.7294817849689237	-0.9065158233649421	1.1157494714724476	0.7433705255813917	-1.1943396891291667	0.02094065255513215	-0.006791480064687529	-0.03262967361820182	-0.5211459680004487	-0.8709865289412717	-0.6397598049246747	0.4247283025159469	-0.6285161267213332	1.353102037993229	0.3149048272552108	0.8969745330584187	0.5771909733665718	0.043369401231061436	-0.7235362935084424	0.0648646602483919	0.4146710681102536	0.2300642871233626	-1.283794002315014	-1.1422932056968513	-0.3513016896243625	-0.2510217424936126	-0.369934314164018	-0.12511059968062194	1.037095345979835	0.34940365625689807	-0.37433008646874544	-0.21419856936866905	-0.5118039873672153	-0.20974165527413755	-0.9671925358318906	-0.5027290803242928	0.5425905622129525	-0.09479991222974062	-1.2096815336502986	0.5599564935349786	-0.7352309259290699	-0.3338048345529375	0.41518283444057286	0.3649847648681477	0.12805525009050664	0.534757197711554	0.5059079644995137	-0.3796460624435776	-0.36562238608119385	-0.16025484012133331	-0.8532132555585806	-0.35526333922870723	0.10223792784468161	-0.2867489532821331	0.29021000313716483	-0.771815698588885	0.6179818048062553	-0.10690831589666143	-0.28021023345922896	0.36991916610173076	0.24941041803325154	0.8131478034523919	0.2134471648452985	0.07227473990252521	-0.1989985452894727	-0.6811324289752839	-0.4844917622641723	-0.2620478310291626	0.366201592241773	-0.13152823073307712	0.8889521445459401	-0.3542149313071209	0.5985059866084516	0.2264045360364152	0.10624747237904694	-0.375057596385765	-0.2116281196817026	0.3076919765908494	0.13775315644945538	-0.14704711631239092	-0.3612039237820137	-0.7190662025867084
DTXSID1020699	-1.2203667666349558	1.6865830674505093	0.4107852965980295	0.6206066488977381	-3.021515068711685	-0.5218077907174501	-3.6014715957128223	-5.158495711133287	-2.312973419790634	-1.1866481080026574	-7.299116197650951	-0.5292007054743213	8.989401681833975	-0.4508333420101186	0.5700262488298959	-1.8054147563649923	-2.47229949564087	-0.3171769941352436	-0.9500011371563457	0.7682608458993879	0.32991925759988444	1.546051871254722	1.4325444900126116	-0.8512073248383424	1.31557691295848	1.0201932070971893	0.7423231288016614	-0.02756899850772084	-0.44413537722796004	-0.12859115669472507	-0.5632036265837541	-0.20635773860571419	-0.14089667928012065	0.12200851422935545	-0.047366662729196304	-0.24818461669044567	-1.9801284191275152	0.5196778857229789	-0.07078933988072754	0.3446115762141982	0.1907093973171302	0.47123893151434526	0.026684277468589156	0.28596000581982445	0.10150328218274292	-0.22438885963253424	0.506271448121727	-0.45806363433762254	-0.27123603083725256	0.160496309330102	0.10257767100711335	-0.3948645557245047	0.6916109238351293	0.2138702283764649	-0.12148278878199158	-0.17321086079734171	0.3961188557752551	0.09984209247297694	-0.19132471854613325	-0.505397504877961	0.6051554355810314	0.07381865543827294	-0.6885821397565628	0.6688320250980425	0.5305791335184867	-0.6941202165220717	0.323851856918309	0.0313803233496381	0.24974772312728852	-0.6111449071232323	-0.30889562748661553	-0.3688955399320846	0.23803697613362437	-0.179468853523806	-0.38130359028566674	0.2570915452218253	0.7023176540595969	-0.41883619353015	0.02887562170432547	0.024974613451803757	-0.4772856815931575	-0.18166686039528826	0.08902273014656951	0.11811684102086743	0.11162886791415813	0.1995259807405978	0.2314406167550382	0.29940572822092026	0.5209529054190313	-0.5494861364038591	-0.03271174764564579	-0.34568383656941976	0.20279280173791936	0.591887830207714	-0.45797954645926464	-0.06660884026839728	0.34648290677734195	0.1308825031103274	0.046777911851693874	0.3125418030868376
DTXSID9026926	-0.18712466858047086	-1.1935588839626234	5.115156764191856	-4.97965474828598	-2.0512610380204035	-3.7230446593251365	0.34940648677837655	-0.6461052605891877	1.1332635849050434	1.2344405675807701	0.8752265953983126	0.725187949082258	2.320805688218321	-2.2070825585807454	-3.0506655429726024	-0.571988852229676	-0.4430548722029505	-0.6672952695742754	-0.2567753854490413	0.827617328644293	-0.2572597347281102	0.6574483794636615	-0.7746469648043597	0.03456348008421833	-1.088850772009571	0.6126341716736488	1.1668237834326636	0.2600698893398614	0.6985092126101611	0.6942155566006886	1.3059607956132429	-1.3790160500563786	-0.6378558796883386	-0.7245329292240371	0.482158469680231	0.6337271521120899	-0.667312348489598	0.46312241466918685	0.2762149566510294	0.7247396535907534	0.2948805675350351	0.27734674644320584	-0.13262887092451248	0.11563355864327092	0.23782598799987212	0.14629726629672063	0.48203595267640753	-0.2534512835762359	0.10707136770515646	-0.4206299736497244	0.10594819620003641	-0.002227506984202421	-0.148574531117613	0.23314642247078002	-0.18947436029322448	-0.23416556184195264	-0.2268644726768769	0.07697404511046745	0.03153090497711441	-0.23398731768435457	0.14516355926476826	-0.5360052727561622	-0.48877716297575485	0.08747644133472748	0.24918882550062504	0.6613595371891683	-0.3031100730169441	0.5952982253623652	-0.22105970789043555	-0.05281611723396766	0.6677799559493567	0.03748246312168491	0.223475003332594	0.037150612483838406	0.4739021268979741	0.32243284891931345	0.31055952178051405	0.13174614530866027	0.16875466249039583	0.23560751796178922	0.49840284780845434	0.2121111707600524	0.02139976575927514	-0.23732293993303263	0.06669867719815031	0.047716372262084826	0.08983541501188833	-0.3400836179914907	0.0512153168436841	0.08933856940409012	0.49520654322431096	0.12659551058634244	-0.03751074422728273	0.3609957233059706	0.007462144895325453	0.44521747048840826	-0.05289053106339226	0.3569095393245503	0.24765873157468088	0.006277889462075601
DTXSID6048703	22.16148173252537	2.074543972645581	9.040684962389744	-14.308270843824506	0.36730645461350153	-11.0968488066248	1.5225906017443493	1.8498793821601809	-1.5908152367471093	-0.49646149863784844	-0.798103817883248	4.589936282030872	0.806276096900127	-1.077296172881202	-4.860284456760173	-0.9037600592887205	0.8381641463335691	5.915290098404538	2.5842371581096875	6.130517799517474	-1.1985252725562023	3.676700291950294	5.375603234572782	0.9558376111608435	-5.006211623028522	1.3302801348591269	-0.38764540789238877	2.2936810828746483	-1.7275237624088522	0.1555231117977591	0.1509917174414806	-0.8928915558729316	0.7611452320162804	0.4495574227591138	1.0385462274329178	-1.958094044061856	-2.7692419326796855	1.061301703450137	-0.8913853146682703	3.5055151202435826	-0.059550955571765714	1.5784339702895276	1.2442509502680819	-1.0972850022699059	0.5053418907205868	-0.8847188858290199	0.023665721964393923	-0.315072190540006	0.09033714938401675	-1.1238685704132765	0.27606321165252107	0.21742447201129617	0.7507986599161349	-0.30317835374200514	-1.3490182659676855	0.8897017048506358	0.4283823526217549	1.370436556195369	-0.140315492912378	-2.4186482667103064	2.048750178086168	-2.553120169887029	-1.4887681119138119	-1.272122536378837	2.987185692205765	1.498538603594133	-1.4345448093942723	-0.7455899751778853	1.3330554750931953	0.47864135334573527	0.7742656151978442	-0.24965897452170913	0.27590373759342535	1.698857017966187	-0.9520543829300208	-0.5673565964152855	0.15145435924221062	0.5402393166176543	-1.6348909798303315	0.019283802129816886	0.2164614418886125	0.8028194882841604	0.37125217799039617	-1.7764071900982634	0.16748877267655496	-2.5127038408716205	1.5423966708959918	-1.0226086904382645	0.31501066047807474	0.7450389455211466	1.0533258865159316	0.2936882784995396	-0.23562587006871527	-0.4398301386436038	-0.6662125609334835	0.9416441427926667	0.50257032011302	1.4357486018287315	0.11003542610434734	-1.1979357360014955
DTXSID4026894	-4.177112037486615	-1.7775721639715534	3.1785015330667603	-3.3032241980534933	-1.4069237056112576	-0.6823227724932381	0.5416750620394089	-0.06359204579647515	0.7202641791970996	0.5798266854851186	0.16850047344208544	0.14828452793075386	1.1278597220144582	-1.1469049269055083	-1.2118254404508162	-0.12212258086570038	-0.2735421402840092	-0.6767167361713651	0.03424001357646236	-0.2237218938154348	-0.1661230122846246	0.35664636143575656	0.10713842230935187	-1.2360978871017199	0.0498014903346018	0.459555464802788	-0.4380411409365584	1.4618595930219358	-0.05937642782077868	0.06579943709625703	1.2917244324649368	-0.5373379381213365	0.031079457763429404	-0.04536346588509491	0.4524516386470568	0.49008048152930606	-0.006755431972369948	-0.8607024065434681	0.3896260478816736	-1.3595698351278775	0.6580194472000793	3.8142327432478402	-0.1848198228286107	-1.0560554998849554	-1.9985603651067227	-3.39393427746954	2.063314066947202	1.0627250526253473	1.0060484865524848	1.354813496863684	0.27395376643261615	1.427089757218101	-1.163395296149235	1.1415201018953138	-0.20822610178982706	1.4955690405469715	-0.7462086936427325	-0.6962445151251685	0.030557812880367734	0.2521032763892732	0.3026606981886778	-0.758332997852681	-0.3504279481438093	-0.17415832778251855	0.9417822837333122	0.47485186088536385	-0.40514939299064123	0.505827240085929	-0.09623163889299519	-0.18055911135211555	1.2372595432632603	-0.23029532804404754	0.30407515532187246	0.10016103768078703	1.076795423104821	-0.1364454282272213	0.9085384701910314	-0.11338330439882331	0.20666424443739584	-0.12392204662388424	0.02723609820507491	0.18850825983035302	-0.29349933070210693	-0.1192252610064928	0.04539327621953275	0.12118559745615866	0.11494790030482126	-0.14372897040092003	0.13305423208827324	-0.05834066537357725	-0.12226046228236216	-0.38365180357675877	-0.20929393023582535	0.3232654297350377	0.2540351046969494	0.5120027608714544	-0.10793412147076446	-0.05891430221177067	0.2921961302846004	0.12996841855053676
DTXSID1025306	-3.581725529444006	-2.4669565540435303	4.673711449426384	2.8078253045490604	-0.5192834689329388	2.1147196601461227	0.7610124889788282	-1.2592725739860777	0.7290842370181285	0.3588683824079395	0.08649235844816848	-0.5500265453493924	-0.18757729318230026	-1.255453616696856	0.408739130422035	-0.9996242269631637	1.4817170460531106	-0.5941129780197161	1.169121430286776	-0.35262062762851965	-0.6676845689129606	0.37894133434353094	1.1883068992312973	0.5320114953708369	-0.234240588468809	0.05896466303470987	1.526959071277124	0.625224019911184	0.4116802743813377	-0.20537087941478216	0.6205384429126318	1.178944712067979	0.6430600206732177	-0.4038677894787882	-1.3805836256136053	-0.9749246439919504	-0.4238823797309767	-1.3802602343226875	-0.9938230710819933	-0.5663367805313718	0.4161010575602693	0.30786096911003813	-0.3656282171022003	0.7637951387769767	0.44901622576349226	-0.7610165632645499	0.37560797704085	-0.5838418310121003	0.11650788435460534	-0.059310073839001505	-0.006288965395796493	-1.1523144497390667	0.23190294649395887	0.002524196142854741	-0.07177324050064267	0.05105755903575768	-0.7134610781952693	0.07785487635773392	0.05239540076744309	-0.2111763532828006	-0.7081741105038667	0.005616648039964156	0.27433438774723784	-0.20067023040953635	-1.013380597700846	-1.0975131050626503	0.049576244287379376	-2.043022343159729	0.09310314034912252	-0.3783571204880985	-0.24092699042236904	-0.5512755621809765	0.1892967488060134	0.15003468413222848	0.8882648256266855	-0.2628969479144854	-1.1995383638136232	-0.8605142817652269	-0.9071270873702053	1.209752410300148	-0.18899919005495341	1.7776570186985567	0.5989193097371827	0.1535178453018207	0.2523725504813406	-0.2840250629976663	0.8482976698684467	0.4680938458668256	-0.06952369563296724	-0.4137186944751835	-0.2816189130935681	-0.6445691101818266	0.452985730843611	-0.1890963944982726	0.17031288798199737	-0.23806976963722626	0.19632362184949373	0.18417051413275431	-0.5190889059125324	-0.2834591111319197
DTXSID8040278	0.9434449263626988	1.9031413538674444	-0.7201597234232804	-2.5684529397197484	-2.7910451951033286	3.5089493765102344	0.16367626940358382	4.96503102819231	-3.2161718703482918	-0.13612201635157722	-0.9697864607727072	1.1999352173673938	0.20386798967184877	0.04530596903165099	0.08704354844979671	-0.544671453413483	-0.27089005536061694	-0.042545013787014994	-0.22502861309442068	-0.8280709752788579	0.5464315042656203	-0.8820039740695	0.406805332009387	0.44348950062548526	-0.292735832863739	-0.9017036409569302	0.25061612888541523	-0.7048040616918871	-0.3302545002045144	0.5964980871765996	1.1392576036509499	-0.21227346196136715	0.46861596952096796	-0.19795655241403132	0.0037225664841474514	-1.1069596381326778	0.07853405146260779	-0.3150115918065413	1.0028681983454177	0.07859680695570774	-0.6825597470914351	0.29380332618856153	-0.02662306412607862	0.3734212081236349	-0.2061665984281743	-0.11809453821250107	0.33447028278557517	0.5575950380567881	-0.29122792504955136	0.3924558912848015	0.13980364897192354	0.20684300326811575	0.31238447388127755	-0.024357920871234	0.3876816392591203	-0.5722624791867182	0.7507936836573317	-0.6175948915102588	-0.07131660569653837	0.09484888295481697	0.6493619706645023	-0.20612922159991773	-0.8769387545301452	-0.2861585153130733	0.4306243746005585	-0.17818382326787788	0.49755702653486733	0.2404890270076457	-1.8955653533855281	-0.014208744685906863	-0.6535562602665119	0.7005887572057341	-0.6233659369456906	-0.13612589180833692	0.15563331031194577	0.44151365720536906	-1.3800764406719097	0.07863422923723261	-0.43587016384897087	0.5299177252399138	-0.5327571075634514	-0.6080028869796745	0.965924621336568	-0.8636266591924678	-0.1452276111222138	-0.1918695407213552	-0.8813523342153697	-0.6573266134902035	0.5554605314652427	-0.35710377391748566	0.4353192407616616	-0.12116181043195047	0.11181380378537382	-0.2883137468532962	-0.22057149934669013	-0.1886715907369894	-0.11864713157463244	0.11797640752881394	-1.0578289757138306	-0.14796322069575318
DTXSID2026022	-1.819828456622454	-1.0154751716876715	-3.5047931415070184	-1.605656224890532	-0.012682860785429111	0.5881588597240406	-1.6040823241392308	-1.9041702975682804	-1.1031587709046509	3.2653652463918723	-1.0709209161588775	-2.861771759837676	-3.843325102590689	-1.3980615725676728	0.5372449842681926	-0.7363755076604281	-0.010598298532659875	-1.357623342906	1.7986429377966238	-0.3205950870402902	-0.32659077702582096	-0.201232550929331	1.269654761596162	-0.9237736209019731	-1.1353389798232592	-0.30865243056601616	0.8023424838794899	-1.1815491646588385	0.14792439894103565	0.7802980187401856	0.8331068623828893	-1.7477134535079348	0.24880456184399344	-0.027884350971308324	-0.7187270034183573	-0.4406158683979833	-0.7096205811195493	0.6313908504788147	-0.4306299361670712	-0.13127606247833584	0.0055819362351449174	0.5180708493481083	0.1972405157910689	0.22884537623946405	0.43301721680620214	0.16561767824351983	0.5140497145560846	0.1297284256446494	-0.6553282039009081	-0.25112942060540666	-0.1095450762791913	-0.11753975293720106	0.002744762145717004	0.16030785185161542	-0.23716294806345187	-0.14020631417237278	0.14549813515493287	0.0828817677751808	-0.37574242493508136	-0.1588026243954644	0.944294531506093	-0.007980413820905379	-0.41696533117867496	0.2716982923706791	0.7229755548701351	-0.6572828105325118	-0.8032938997864292	-0.10496807737472612	0.45151520968426284	-0.8779423631700662	-0.6788803080401092	-0.9827987284453295	0.14677849957948028	-0.8406609866005271	-0.09235197892948566	0.30853138247659695	-1.5070910641845605	-0.11336262784568278	-0.42306083992739824	0.19468777674756435	0.5798376196908372	0.7782314222409267	-1.0678661392722553	-0.32640434266193935	0.687241137253003	0.5310596610375815	-0.13988643455217567	0.2525432477209248	0.07570399467200915	0.18400837522517466	0.7081975853214341	0.7959442138034004	-0.3680143965513771	0.3773554050922567	-0.7679992543357985	-0.47502779449702764	-0.9341430136986117	-0.7726038907978078	0.23911799194741434	-0.5120004167341305
DTXSID3020415	-6.477315750489342	-1.9206098194996843	0.7898723199157937	-2.3999553660624744	-1.7999247917001457	2.1485253021696837	-0.1721008225075118	1.6465714122135233	0.356373231968816	0.4140720223953352	0.20181654202177166	-0.24161491740833158	0.1318961388896549	-1.0391797340277606	-0.0034466935024901725	0.6256414084074433	-1.197039450363592	-0.0553591758075247	-0.3071199978256283	-0.02868388735531484	-0.143779162571045	0.3173440746642927	-0.516453632425823	-0.7953008113678849	0.5013402155915095	-0.1394794118867798	0.06516490654246021	0.5177251085389056	-0.040037371954363896	-0.04754308162870668	0.07899103456492584	0.27248999273329344	0.44792367761958907	-0.2291250532957087	0.2845187458147347	-0.17707892148295545	-0.2218854231657702	-0.3482975017893606	0.42682679303845117	0.019448396476243485	0.02571008251768051	-0.10153281557884959	-0.11752683053663057	-0.014740345222501736	-0.02626367960535661	0.0763676376445999	-0.07963459754070065	0.26548306192286497	0.30546276754242946	0.10498442021899218	0.07379952220026291	0.03144118938367483	0.18086347556610907	0.0007600457768661592	0.4790955149021312	-0.16789134880359366	0.11489769689761198	0.13128997931807773	0.09355270048585271	0.11807383546663147	-0.5696912020416652	-0.09152960590703718	-0.15966338034103186	-0.08015667630948366	-0.21152716368923685	0.11326569234979024	0.5156791193510426	0.20617014243559065	-0.45416329200779426	0.4288103987312973	0.1518212625944125	0.3684066391383977	-0.05504407184651595	-0.20768449035959177	-0.6054402793092595	0.12464201951260512	-0.25593954178576234	-0.2695844147702986	-0.5127980978870061	0.5575847322927817	-0.38328358620910646	-1.2206102770435538	-0.29738952488211207	-0.8007731067474221	-0.136683943749293	0.5651905795462943	-0.18530001072184227	0.0298749241210114	0.11291255740793851	-0.41203305211035934	-0.0949239136307829	0.6398775805037855	0.7223149896042589	0.1470714339502494	0.30524510383421183	0.2202870422307624	0.6223857592170638	0.8335576783103714	0.016379134670292745	-0.3949717332845861
DTXSID3027247	-4.336934636926783	0.048143181538031606	0.6502660939102817	0.5428280412200533	-1.423913411789704	-0.04063412304800942	-1.4862429472428804	-0.8818042407433172	1.3118449510991719	-0.3824845307161676	0.5450033742143578	-0.3877114809104799	-0.2857422643596808	-0.33738006609882687	-0.35433628911158804	0.6785046985403027	0.5016339620417664	0.613789585115439	-0.5132520166754345	-0.49222375391031437	0.23170382500813655	-0.46345070147512374	-0.23872580887456837	0.05562455442456254	-0.1439103858905135	0.08686486913573867	-0.2915538781532812	-0.376059263381689	0.13845936783893686	-0.2005452623601335	-0.25771015935745867	-0.23519230647685974	-0.6414594415999602	-0.07429521618926688	-0.0008332357319711554	0.3736623018632279	0.0490507656197871	0.18430489609116857	-0.3721373715866949	0.34098380266531714	0.014168706132553898	0.02913733896621983	-0.033929199338216254	0.09913155991478528	-0.23112498638108825	0.02169038812655967	-0.089828020839743	-0.5047789996499297	-0.08318797325824517	-0.014641255058266215	-0.04463591408325348	-0.18240157988181493	0.018979392230584775	-0.18373066334839527	-0.26284480272757443	-0.20670248704884903	-0.04316466806438472	0.0024929370105088314	-0.13510344618002884	-0.04140419255860062	0.06652744483022316	0.05313833668534344	0.20223214763413316	0.5352776761385216	-0.11488720507513132	0.13142841411629813	-0.12777243231205457	-0.08729035728866714	0.0046019211254977824	-0.33850539632379745	0.28200328217836185	-0.38228166438913386	0.4393679178340496	0.39494860058721437	0.21717359453759297	-0.25041713273022365	0.5259499688882907	-0.08682758212045102	0.037375700005023056	-0.3834332405914983	0.05321269271424406	-0.5046252134015866	-0.3406813326958384	-0.23576228182036688	0.345931754793934	0.4406802879833781	0.23048493674056106	-0.01575160107325937	-0.03568729149150931	-0.15966412553197842	-0.13409618186133193	-0.5281440874236679	0.09503099960189115	-0.11176100238790451	0.04674287245300721	-0.005724744995999737	0.01151354932522486	-0.032745675572062954	-0.20444113685491358	0.21337360681363626
DTXSID6035285	0.9323944305350512	-0.27058532500738325	5.108851556089341	-3.609290192127735	0.470233904371661	-3.3512764236960506	0.08350645680748355	-0.5425330189084001	0.023680988742224567	-0.31751847264249433	0.3010118659566862	0.6451690739974922	0.719340257593045	-0.3919332342252372	-2.2135260401145875	-0.6359651541149147	0.14334007271253746	-1.2715811685635603	0.24687934123700145	-0.0797505030074107	-0.24794764800122865	0.22420528697088918	1.4868157680467786	0.2577454121570937	-0.5024235424003201	-0.21615841933613075	0.6898507835575999	0.5829366179421093	0.15722203948884814	0.35890811781878945	0.5746327089511823	0.15412568289954762	0.8927780420155869	-0.5804060365378619	-1.0981569672972427	-0.6907313123780802	0.20316674179692928	-1.0613542686872597	-0.13520043390661854	-0.24843081454820448	0.3150096255011154	-0.11566282808249624	0.27561541354635094	0.7171508880536249	0.327467256113229	-0.855459291786984	-0.027351216732100003	-0.37551776774507883	0.002950623374030704	0.22161179603847198	0.036215645356050895	-0.5826821721458058	0.298259373595317	0.11855810882799751	0.12330689188901495	0.4409646906495027	0.2140893817726165	-0.3830385687662238	0.404152926932401	0.3722458737119285	-0.2528342220384696	0.2964386188687454	-0.24760628813835137	1.0373419517935942	-0.651970295674316	-0.10599055803210271	1.1758782336452145	-0.9142333925352577	0.3080255824453352	-0.286443284541211	-0.10831499535388943	0.12192572394627207	-0.39105898138676193	0.2773550169803143	0.30161769311898606	-0.39072981168209153	-0.2523834403243217	0.20370420618735488	-0.05636727480761039	0.44634886988483446	0.21206921367338216	0.5356838406394688	0.05763522084296109	0.07636044732809048	-0.32476134781065175	-0.07305601306352283	0.08320295452260931	-0.041322690002657606	0.3627209854741571	0.006242715529613214	0.7179791723823424	-0.022937704634178033	-0.3617015010808688	-0.622924300025703	-0.23763081516618342	-0.18810291571207477	-0.059511580931286105	0.11322843081633858	-0.14194183633868535	-0.0040311109962513575
DTXSID6046133	5.582261074073552	1.4387227516787335	-3.5762286285714215	1.337302845946325	4.663417171191257	1.1998751762746065	4.8084511821052915	3.099491239950089	-0.6813934465832233	-2.5186058155021374	-0.7075097221158169	-0.802435174063719	-1.056795492224571	0.07255299026269707	-0.3064501890643818	-1.565296400181403	-0.235897894125784	-0.01918774618848888	-4.986171418845134	1.2775785935367068	0.2650208640050945	-1.3648548167083436	1.2850900934433347	-0.6207133492901034	1.6824433151225135	1.991739862065765	2.0156401187568656	2.31078533246162	-0.2532653080177742	-1.819527592216322	-0.6006345143196851	-1.490321290309549	2.16930967760624	3.832609263069701	1.2379914620934205	0.09826271109675225	-1.0971308625865053	1.254782260542794	-2.119003175307024	1.6441213733019402	6.386436495869101	0.3457133009855366	-0.8333862929543973	2.500871075334829	0.03494023869973106	0.7771719741228952	-2.755971575673461	1.9190647761037967	-0.9650705138231739	-2.5920313834782585	0.04026649234656403	-0.8134546972564863	-1.4514380865201708	3.469678179666185	-2.191444049250222	-0.8307126082944145	1.0253122043861893	-1.5645830453635066	-0.5742583496056141	2.2931015197173052	1.5827539687401355	-2.8628581349269924	0.6894408356241509	-1.3426021488985624	2.5725109029321533	0.3587782976750677	0.17664949007260441	-1.8679909317034398	1.0149069060727893	0.05113828005488804	1.419533246094307	2.074960345582459	-0.49402821713693335	0.1360823222456467	0.1273180178099489	-2.1389933151079497	-0.48886466423491287	-1.0711979333556558	-1.2531869730221468	0.8139980261202402	0.05744212443417131	0.7906265180391449	0.056190769060486735	1.4680482175495506	-0.11608540576726696	0.508751070563738	-0.21563902073598706	-0.5392418106422481	0.16301783774620496	-0.016354399211582143	-0.5970288480096262	0.11155561717880255	-0.309984516400517	0.19715507113003317	-0.863957231755841	1.2093812134629962	-0.514087918580823	0.08170209834465136	0.9287153040947508	-0.08433006617916959
DTXSID3036288	3.5652828105987124	-0.35842729332439777	7.495097255018563	-6.277570325945179	-2.073986494161738	-4.789790829175058	1.0619864244608492	-0.972960677977619	1.1519982679543999	1.7234623499620334	0.8327244345764655	1.2616215832568456	2.9946488510635527	-2.765763522165199	-3.550822098839842	-1.0358492895369245	0.055386091738913124	-0.9358724692022765	0.08416409866433729	0.6340109084893721	-0.40230467884280885	0.6632769718485126	-0.2776488540797526	0.19995457207973286	-1.580072976191436	0.7660666997502943	1.4656436853668844	0.10126969298542073	0.8310135619786275	0.7277571442456954	1.636162594497315	-1.30435029364857	-0.6945568261652989	-0.5337143959869306	0.3155096452591648	0.6296019006330867	-0.7386963739624202	0.6481934897861069	-0.33632079680915566	0.27866226333254146	0.44973838574105063	0.514251964745453	-0.33431481180104006	0.1096337455668003	0.14160024737238927	0.189900626269704	0.6716470538299443	-0.4425583080541485	-0.03132822496404551	-0.7512094858291256	0.08772685783182367	-0.12597942157904943	-0.3018273016429986	0.3281564524096336	-0.45023012632851495	-0.061576403347104465	-0.2738041123829006	0.33804145858921597	-0.24994432136285805	-0.37716718502858465	0.21564348971006375	-0.5637820485812332	-0.39707516213243543	-0.5515859096460777	0.21609299107090266	0.6030576399360815	-1.051345068974912	0.980557267670717	-0.32125525090051316	0.2542204757842762	0.25962711523819887	-0.06338173738230188	0.842484096874442	-0.14439623508966115	0.9005029132964943	0.34237826768872187	-0.23870528765147636	0.09722268399167736	-0.12571986810927185	0.43459545131631006	0.8738871128285924	0.3953056093698391	0.031766224719782896	-0.2971363577586365	0.22805080705003866	0.010683530128412343	-0.3741726862428206	-0.9833465304727358	-0.33154300875711623	0.4200317979208389	0.2722992807763857	0.2498990484108131	-0.4017624682811456	0.014991514963307532	0.2796486507891259	0.10746799821158433	-0.02330610508881217	0.39726435938969656	0.19694933649171809	-0.3522270184296593
DTXSID8041793	-2.98981743629581	-0.009941421337750665	-1.0908494867438463	0.29529414213046434	-1.5524647930128381	2.003784428218722	1.328055685939846	0.48475756061326275	-2.3734557865961063	-1.2942585625160858	-1.4589778818535046	0.29996599018254044	2.598457771440035	-0.3265566657973744	-0.6454995005889098	-0.7043772315366463	-0.8146126522710719	-0.05682250825179893	-0.7745591477808409	1.1614319910757813	-1.2571651792845089	-0.6331033409409186	-0.5810144938060696	-0.0691902253645234	1.1932457051242211	-2.3660012002928528	-0.8222601654752811	-1.4733229528174132	0.7320246372852404	-0.5816729773346635	0.3911712526556151	-0.31858186552595674	0.4749330044000006	0.6818746579690631	1.2308535871451411	0.45694142989045017	-0.23425994767459551	0.7546634230557595	-0.8104363982234017	-0.1854232025208503	-0.1996620658956947	-0.6842467945024028	0.5755927734780364	-0.1701282536723297	-0.39552300123443485	0.26194250772375854	-0.15187912093622463	-0.23623243889458648	0.4177242702253094	0.3223023700168014	0.02131992502475444	-0.4426390698649479	-0.28174555417523645	-0.5747152161925114	-0.2784884737216551	0.5025957272950109	-0.1298127755296799	-0.7000327222077928	0.3005364807867995	-0.4393597477251081	-0.4844716257038888	-0.2713157338054981	0.9937251225243815	-0.6869730402962618	-0.16328964534469217	0.16891184479821353	-0.2955738171893027	1.2407464829560997	0.7207364258470353	0.13518123996276987	0.5252848945651051	0.6477229787632712	-0.7764334775190039	0.7955206670985786	0.29155955099329217	-0.3773891696743969	0.3594877472355831	0.2347021437933124	-0.2538235103453932	0.41142954218085537	0.3252072913227354	1.1212372238483699	-0.6426499933968005	0.7315566421467858	0.01781817805997563	0.05294483615854233	0.02573516466261782	0.2695104986098259	0.42221615853633354	-0.3535862673480954	0.4511719704744284	0.40146701331091095	0.07231094197628234	0.1296963364984696	-0.43157776203546755	-0.02338566905755096	0.5848771474118951	0.5764606140079916	0.06985568567589161	-0.5465752808647467
DTXSID8044599	-1.8794658527142234	-1.4975850878755326	2.8621103565315837	-2.549420998018377	-1.2740247374657898	-2.1628948618318016	1.0156355609687504	-0.6830242788137539	-0.3321974688615962	0.49085555965338434	-0.14510537968170578	2.1172853726421215	2.0727205709175607	0.8495337396445162	0.19987597840961635	2.68264144296162	3.2399570747670268	-2.425262356648991	1.1921583763766823	1.8172988745244556	-0.810973296113018	-0.9770730118550769	-1.3130878305585212	0.05769165936804046	-0.7599296654619105	1.3270166827332945	-0.331101554558258	-0.20208004639093452	-0.8547230134511169	0.7193132160571882	1.4696594892631856	-0.059143958251864824	0.06010340992135574	-0.640294502054833	0.20590313412100322	-0.36822481290748077	-0.7075852088999882	1.3917079356442277	0.1977992371711828	0.8637855338304792	0.7082595520498596	-0.19287520003397116	-0.730528652771535	0.12342184255656835	0.4646359317913291	-1.2795527055253533	-0.27135609438999964	-0.05422035168749474	0.3145165491413399	-0.41035719027290884	0.2796941752599033	-0.12894375270331498	-0.38992168901421853	0.05612997662036518	-0.6602423861517518	0.2519198640727715	0.4092820775764431	0.28278243958823374	1.4434525776659184	-0.07608614064268136	0.5817809092218812	-0.9361579494498438	-1.1921124103405434	0.30979261494180765	-0.0560859425508131	-0.7427777797179715	0.3279687042148591	0.6796512963722051	0.11155927037256658	1.0647531990755463	-0.6402451216895053	-0.2725151224662853	-1.0562366944283124	-0.9755749559183096	-0.3150121937286961	0.5751829579055391	0.6954047484744722	0.3161026097651253	-0.18159223612385558	0.14330214844071573	0.060432215036160086	-0.1781375022641918	0.05320685330430474	0.5572220248632661	0.06340195165775805	-0.15604182434065103	-0.1974350768720099	0.28191063096214114	0.2800060307545214	-0.03920578265058558	-0.0508791821672559	-0.05088449761387975	0.029981430385857537	0.1600120011513315	0.006199562775533838	0.42524631290514386	-0.4005421008625248	-0.03553082323733801	0.4384391930596925	-0.0975037491882784
DTXSID8027826	8.25530249715064	-3.331182724879898	1.5987434425435185	-3.169779995527543	2.7514208731836463	-0.033768560228183385	-1.5248711384950169	-0.9388574209149287	-1.7455277836028178	-0.8888132045264071	-2.110563161350251	-1.5401879142210118	-3.248585316220155	-0.10773675575819765	-0.37106899232634205	-0.542899083769097	0.5983375190360647	-1.4051536642504032	2.1488835819912024	-0.7778033684164292	0.03176627461432976	0.46910072500705235	0.40985561698210476	-1.018441584422654	0.7463070354290786	0.07020779966769095	-0.7172305238730275	-0.08569400138727634	0.6089010290811648	-0.7044239379758247	-0.9147645212886855	-0.9265637411086464	-0.6258734735408209	-0.7901407310537887	0.823476577875757	-0.5172671873365597	0.5057849540226629	0.4576615601219985	0.17026308036274218	0.27927056729788624	0.09689158599007286	-0.27692291082808107	0.7266964695746514	-0.0169812113143119	0.5069988561130409	0.004955206088988837	-0.47757536468751016	0.46076785927127867	0.5329399545469414	0.41582655021152287	0.08088831329442858	0.30377202819115207	0.5409098409612234	-0.4897480460500156	0.16699373695377817	-0.33859329293438334	-0.06315851664686391	-0.22493303031511186	0.8482695517999143	0.4502020807024268	-0.7386359871922232	0.15027300739224075	0.0698353110178779	-0.5071817888365556	0.5513454839632805	-0.9831372385049142	0.4256021368036252	-0.7475105118510987	0.22559300298119447	-1.2217275289107514	1.4397709773685952	-0.5216452672657647	-0.021080338293306883	-0.4420043897662798	-2.565959637430741	-0.46834074800743597	-0.05573032150896589	-0.856911024685197	0.2985855518192622	0.7824645840977421	-1.1182321774187878	-0.2534110690001294	0.9489758211247596	-0.20540298077637262	0.14862990322998904	0.17943815339768737	0.9067234685826118	0.9549247408391607	0.8516363844915701	0.2895699530441529	0.6544717688107142	-0.36084937911352594	-1.0410329861661092	-0.0022761225300193056	0.811327482599256	0.8389396865443541	0.914552177184244	-0.13561042028497652	-0.5563080505025437	1.4736200413152234
DTXSID1042570	10.422316066727214	7.574954392863324	0.9801237875213754	-1.5038595414644667	-2.667562420674293	-1.1764801820238753	1.5815633681381247	1.9410585780762482	1.8290566673469377	-0.29679701063274305	0.7988417232383949	1.1357260796496662	-1.4625744465872184	-0.18903534172472308	3.328972345824856	1.1724799713988825	-1.997143689256603	-0.15938932335864048	-0.9052829697657381	-0.45998581953224554	-1.6004355313412373	0.9368381967458765	1.7707249778933765	-1.0957680182997513	1.7729482512056742	1.7868672702707695	2.2581232655913905	0.10195461178526742	0.4704175975715775	-2.534577794094548	-0.6043965062346998	0.6811799484461706	1.7499338452987852	-4.122204211117958	-0.5753004916612828	0.4390031550858319	0.579171978246555	-0.96362046429833	4.895263047880767	0.3285019927654092	1.1090919852050747	-3.0892295862527517	0.640796791784332	1.000916246611628	-1.4961599613232373	-1.8108496957518696	-1.2692655640340604	0.9602655783290153	-0.19726485432694107	-0.3975883211951492	-0.2912031745228671	-1.1700461232932258	0.4402672426587783	0.2922216841393771	-1.2283321667021303	2.930772199433219	0.5397892837846315	1.969449784207244	-0.2874353749968489	-2.0079078076847994	4.203066434013982	0.2314516380099094	4.021369473671219	-0.6504780716283675	-2.692993832444159	-0.15943580138643557	1.4002837431180437	3.2761272273220885	-2.4140033017104723	-2.358073945798548	0.41671658125246297	-2.4769663324853335	0.401991325745524	-0.47444089886433016	-1.7706392540418718	1.049067718444049	0.920366011081636	-1.3199615842221795	1.2440038573696788	-0.6510292529574675	0.018714389834947814	1.237645291803484	-1.457763729215646	-0.29792421704674693	0.5272345975733417	-0.49448986043057225	-0.3715332721023032	0.2525641862864529	-0.457008659132699	0.30409194288434804	-1.135880486866795	-0.7147917200954772	-0.6944913392097393	-0.48908224489012453	0.6049547778034539	-0.29243521687613006	1.2966057169372467	0.3571344859082462	-0.15743683186857735	-0.8827815479194061
DTXSID6046767	0.9211135593887843	0.46297123394999323	-1.8459262332587207	2.0663831418937972	2.4989833685025764	-1.4439203039871684	7.252141759923364	-1.5039980307315597	-2.3234082982591553	-2.977481900209386	-0.04616612932023728	0.1396724062706026	-0.49314495261023295	-0.29602829830372845	-0.17557224246469497	0.07309169035741021	-0.9412370051406795	0.5251414231689248	-1.109155252103333	0.47147435932931314	-1.7425816043502604	-0.10355986532670795	-1.688411218590225	-0.6962392905336108	0.8002759044956621	-0.7927304494818059	-0.4115479544357965	-0.41760905759923544	0.441040054137354	-0.23787225869503112	-0.16762272146035606	1.0921706870907655	-0.3341476967417076	0.46338683740146874	0.6153675141652659	-0.3528813784090853	-0.5046223276491578	0.6728586143451999	0.43989385550057764	-0.23666915053868354	-1.9440272291829033	-0.4082230532424173	-1.244640563672661	-0.6743528983025001	-0.2376109733608534	0.6977818769742623	0.7015889283515865	-0.11271404835794016	-0.16069109077597007	-0.3492590417648807	-0.3597190746105909	0.18126313933012278	-1.0309982508637408	-0.1411311416672799	0.2392511421431038	-0.14323411070465938	-1.5598871299444588	1.1389437051301634	-1.0558645902959287	0.5295910938326194	-0.026324264743404536	0.6643039606394533	0.18517213218935688	0.6708630177398929	0.20537720209381755	-0.6228135846654647	-0.6816041017896969	-1.7223916507696273	-0.4103855699370527	-0.11171170789239049	0.29140306152643036	-1.1113721229128284	1.1663180591730804	-1.145772506262502	0.4687766024179008	0.3616594287200518	0.5510684710318711	1.6511356119984912	0.6938877593385312	0.5912291097319337	-0.15058758875638628	-1.03344237284877	-0.44294955707279726	-0.8374486704644789	-0.5694042688532917	-0.2844075161539438	-0.2060586633916916	-0.13176262331246238	0.4260839783824066	-0.12424025984700947	1.2205340350188403	0.9162119014200206	0.7517515422631069	-0.2912010872095951	-0.39742515494748304	0.3256172754452039	0.1770029649341357	-0.36534502503691496	-0.28245705364665136	-0.915608235886692
DTXSID1021162	0.3572176197054688	-1.854431189553157	0.32107557638834916	2.332583038345567	1.3997714909992733	-1.3371566214042225	4.183896394187322	-0.41411103541225885	-1.0375243047117169	-3.765988366497093	-0.6568617741898042	0.15870427744440116	-1.3304640492293722	1.6503253074445476	0.3855738372577504	-1.254516773228144	0.5871447809952286	-1.0018848339118747	0.4540682901438766	-0.27150410997136243	-1.013511220565081	0.19015681634332662	0.5363914996609104	-0.3379555455944601	0.9995780167393	-0.6482224206920308	-1.4323081776249504	-0.22124412724860307	-0.2527102464325752	-0.5442068335246336	-2.4901735329561157	0.7670429821753406	-0.3313349716366538	-1.1010000263240745	0.7423098963569917	-0.4694794178733501	-1.519971718057182	0.7788236267571811	1.1184776794752622	0.16008951477271202	-1.163160556024076	-0.5865329501945189	-0.6144044919624511	-0.3337905321813844	0.037179651776359776	0.47801157292855884	1.4409828369843294	-0.055967965526256665	-0.8247016247694731	-0.02626140186338242	-0.32520647058143626	0.19573176348237853	-0.1969092781948884	-0.32131298676054615	-0.06273514409310568	-0.7713488977166173	-0.9320606597805445	-0.35208790588475936	-0.6449953677861076	0.9921819874066372	0.8680404790312191	-0.1607512632893283	-0.574495736557638	0.37818484526957014	0.20170563019994203	1.0372718467868718	-0.038200136251709885	-1.1510497702274205	-1.5054715135701742	-0.5668916424110246	-1.1354657746362318	-0.951603425629316	-0.05531574480329278	-0.3960655880190429	1.82860755341156	1.0976059900879929	0.8708631109636251	0.2978712995245829	-0.23778851155092617	-0.4741475708379164	-0.6486654692555169	-1.040955675542487	-0.05132834991454283	0.5623768100720389	-0.48411314346970513	0.21028324634763348	-0.4473773717226779	0.12061083621900635	-0.5268166296684165	-1.017097070956314	0.6786933645210267	0.1858354787552072	1.253115776507118	-0.18768946897536853	-0.585335517246844	-0.522288235143955	-0.0016421350221447243	-0.29402126321520533	-0.28868228961637615	-0.7870882064471819
DTXSID2057734	-1.7108032979532377	0.8034979290384593	-0.5211673383358273	1.5084915868063842	-1.8922169007624905	-0.2822676588793619	1.2354405954230152	2.4944716213160967	1.674738957892863	0.3026020873938433	0.3617678862860037	0.13673107946944615	-0.47556949156792533	0.5847520739384107	3.423684241294031	0.7263834110844237	-1.5210243005918918	0.8126952487382679	-0.3817148179200625	-0.1713659029403521	0.025388586037709368	1.3725909508093967	1.1649955334630646	-1.0990797867664743	1.9685160430981996	0.9448590714544608	2.571028100358409	-0.7857693208043989	0.3460740764316976	-1.35549594939644	0.15640827754838957	-0.970711822857613	0.1162563920619227	-4.945838969667027	-1.1227678155078997	0.3021503900077541	-0.2195327824688914	-0.21339435461031006	5.700080769899267	0.20296915729061257	-0.04168224954018961	-1.8502282162964505	0.38969049612829154	0.36920922718368193	0.423529043922337	-2.57518326230712	-1.2380200059853257	0.4822860203794564	-0.3017828089972219	-0.0034693170487148216	0.18575745112758532	-1.1471768761258383	0.4407206850959788	0.49886745863367066	-2.042579173940871	2.214777736804792	0.7319492714056173	0.9062573367737327	1.1547363893100409	0.07727733805906059	4.286915428025405	-0.8108761380453798	4.515896343203117	-1.4610873391554433	-2.061800806786876	0.9642882252919504	1.1587394173572	1.4493003281427161	-0.892666984907228	-0.9619063656042195	-0.1166795737256171	-1.7014926694915238	1.393310383425425	0.15735599562666586	-1.3539624867107516	0.2108369578216322	0.9250551042885226	-0.8793968381610897	-0.26114521079331876	0.03633469351971829	0.1566322861757939	1.058119546895751	-0.9118200089924688	0.3115359736015286	0.4594970367435777	0.26689533417547096	0.02368384776761402	-0.8547501437979436	0.40959161965049545	0.571071156333152	0.35285684155825175	0.09679387882710287	0.7001951957848603	-0.009134876548375914	-0.9271732499898352	1.5680983488306826	0.16098084138049196	0.09515765778067814	-0.35123989908370096	-0.3315722183667301
DTXSID9040215	-0.8231014380104065	-3.7337301018156457	-2.2300005537005085	-1.090998062053627	1.5944620164226082	-1.556453864714774	-0.17177875152756245	1.3017576370427772	0.01615497192056154	0.38397445739950076	-1.139382676552506	-0.11014028052896443	-0.03045706048896136	-0.17836703100689155	0.48979920566163815	0.8144644677557288	-0.34665385410640576	0.8306074294749206	-0.9571291413833385	-0.824640485862461	0.4036345343812438	-0.47416402036336086	0.3420391561342166	-0.43508394519997	-0.18127042794770923	0.26799214481435324	0.5928559503451261	0.5211743663579057	-0.3578111291254308	-0.060993617594525366	0.3277634065787727	-0.27528598451763353	-0.014715557969761211	-0.21082710422444667	0.20147416507986146	-0.6855563880851121	-0.2906456334591774	0.02098529981323021	0.7607992088002383	0.13415561389329492	0.247456796737572	0.742248193291507	-0.17323964024310948	0.9125728982692518	-0.11740192787998326	0.11069202339825264	0.3119804906132827	-0.17006883019432764	0.12396541881661223	0.32910049424652166	0.286896887609944	0.18290493032712238	0.22087178508757288	0.1974881556198748	-0.019369020849237858	-0.5363681781859392	0.4719823293727536	0.07926427631144553	-0.20428694693438398	0.15818176577339185	0.4667089890934164	0.280070045801528	-0.5645842483333905	0.15175880435604944	-0.17550007667020975	-0.0686776884993972	0.16464625895866028	0.2116733692696285	-0.18737558894013964	0.02311661369793619	-0.7736510480172926	0.7236833365524564	-0.6557202033168388	0.22284016633883466	-0.22863889799336012	-0.047487852715224314	-1.6350330507817419	0.4926614699443512	0.4055648023396894	-0.3252902793449365	-0.20613196301850054	0.0243249757612139	1.2145407454901023	0.17713773773219885	-0.4344194012348534	-0.16754827858026616	-0.09449960068580177	0.15413635048338736	0.06381637114341909	-0.5729879001300041	0.641661989364603	-0.7480535824257153	0.9465083379445677	-0.006256736494700523	0.4610399173378098	-0.2394652096225544	0.35713276710112946	0.43078333460157986	-0.05484430341269837	-0.690147226992818
DTXSID1033161	-1.4063110451074021	-2.645171658335715	-0.856371865351436	-0.7002033742148256	2.4646116068678063	-1.2027276851099513	0.5255965775919306	1.0318854290146602	-0.06534387059703464	-0.08299431561087434	-1.273831740573943	0.37613846287572883	0.03149608101561183	0.3313331460878109	0.8914930818588002	0.6081191443904672	0.5263422959609932	0.5483732284189571	-0.6612096860386817	-1.0643855368841342	0.04568916764344868	-0.6670342290430078	0.5976416814631196	-0.4555426968362719	-0.09662577297740498	-0.4522902656017423	-0.2596569430381691	0.6639860570020042	0.33930438072545915	-0.7385102978176554	0.43881981048443297	1.0902033868903116	-0.515301851189593	0.18383798775045057	-1.5645118052426088	-0.3957092118415586	1.1396531681286053	-2.1049472057684944	-0.4609792047660496	0.9228199295107157	-0.0895988972854596	-2.6565684332813704	-0.0754267434115176	-1.2772508868090586	1.345883918271392	-0.4374330361746818	1.8207844151809907	-3.237564836770646	-4.029758421063406	3.626939431861141	0.6862427706622243	0.9818867191892915	-0.34835255943864385	6.256814165738447	-0.8391880212228257	-1.8629652159545058	-0.2257115480203959	0.8862400645384322	-0.4099409116900188	-1.398628318121366	0.0664713661143658	-0.48016642336013365	0.12529812932867615	-1.2997289699997074	1.3776359162670433	-1.281464925081728	-1.2030377449145906	1.384844943193673	-0.3773960942591887	0.42592304937571923	-0.29315774529323896	0.17224262209510774	0.031097105570828145	-0.7350564572511127	-0.19818378790095753	-0.042953975549181934	-1.6896440807778526	-0.13964503780443513	0.0026791836267183095	-0.1087897015998814	-0.9343145707974866	-0.02645356433724405	0.3221927380300629	-0.3168809075268871	-0.1861357752768062	0.39956804709208144	0.24238017959722424	-0.3924841869036272	0.2402658876866535	-0.8129507554202193	0.862059476699435	-0.6651174324843527	0.1956299974257463	0.33221206790627383	0.4929558134543899	-0.43256300822005617	0.11046651141662037	0.3706405723221667	-0.07910985601111865	-0.9369315409432997
DTXSID5048718	6.715250353665746	-0.774674743944913	-3.9988831572141987	2.958291486661774	4.95300470124623	-1.7294173926910485	-1.7619473740841909	3.9696788379867627	-0.2543121629609316	0.1633440270754861	2.52623400414541	-2.187107933605464	2.3752669078337894	-1.0545801243263229	1.1808734941004992	-3.528629901831834	2.1636114792526286	-0.9197042516223849	-0.1933146762843472	0.385315866915355	-0.6895132783403249	1.0739396961635042	3.883699774666126	-0.9117913200167153	1.014853366124168	5.709439110887651	-0.6771563102955798	-0.6092611200898183	-5.26310516780644	3.760392153363262	0.5498234692417233	-2.309378025380953	-0.453229072732925	1.8303616058189893	-0.8999839079247555	-1.8060347659024798	-0.11344024719242504	-14.293046597470424	2.516023585871871	1.4600699329230504	0.25379385126420967	1.3996779904876837	1.8352491422649913	2.159421763893568	-11.317991252288287	28.775546359018115	6.731969954542871	-9.712416463884313	4.1931563012821185	10.733692569724255	-32.745252019885804	4.791087020802586	-18.002068516988093	-6.513692756322019	-18.13812442734118	11.583805985466165	4.112227691638419	8.764725129251424	22.54961818475292	3.4351405339880685	0.7004494305403995	-6.020860181466092	-4.121912309295209	-1.6718101372461036	3.76984491267503	-7.538856114614662	9.467343709420037	1.8844004036333335	1.4631086053007414	-3.5297438584853884	1.0045512678182913	5.247496029873656	7.35903551179197	1.135451991068439	4.309434666997346	3.4269826785462536	-1.2633037554051412	0.5151153404150457	-1.0882879112561774	0.8348704331940264	-1.1781712752671747	-1.2569816120303052	-1.0242824623999762	-1.2650879889298914	0.7943770691067257	0.6780213233154168	0.9132177940236919	1.1189494600639065	0.12805247624776137	0.6644925521285877	-0.3349241824468623	-0.17403935006689342	2.0383376453964592	-0.7912374482140029	-0.022809661017510814	0.8975944055099782	0.2233285062541281	0.5416556010378507	-0.2288480946430473	-0.3594857264140352
DTXSID8022741	1.5246415501710362	0.8719864012896925	-3.588615372386411	-0.11740180041409422	4.396744238699808	-2.0550185141886312	0.8502984695396438	1.5258362588482326	3.427095853523682	3.9452602903219747	-2.460978818258093	-1.597599026173454	0.8652652955112978	-0.3270371980806114	-0.7593124721527585	-2.0777848254216353	2.0471548382653966	1.0217320946238002	-0.33543317051006355	-1.3559280519284058	1.6946499629234746	-1.199837854406681	-0.5404823983551645	0.8251205507043852	0.18154378535397286	0.08638550220837084	0.37254537729882614	1.3918101142887225	0.1000620135522198	0.23911632267646915	0.19647864851579916	-0.10393094462462009	-0.13476108889337798	-0.7065360309785575	-0.6027345310386476	-1.007231508966216	-1.046590229795414	0.11526254767251949	-0.12191659648483269	-0.45964929201814964	0.19424648843076714	-0.5682321284903827	0.48927049433907477	-0.5039508298851305	-0.008851055313844256	0.20467601233596325	-0.09030744330008071	1.3672327808945066	0.04129256588282552	-0.12286988542418054	-0.2930317156336382	0.30385422472481893	0.6119716674664819	0.26118283920168106	0.9616878845207517	-1.2779330019687813	0.03955777746846055	-0.9418104720092246	0.7100861676563982	-1.2028071429622407	-0.32955691115707725	-2.809610407200524	-0.6417560196620685	0.5580931863267161	0.11780582441974695	-1.244563010824186	1.0954974379719464	0.3635813614238424	0.14870674234877554	0.22921911455032332	1.1587333901128534	-1.624954081010755	0.6558027862644742	-0.2849199710256584	-0.0012586129072173111	-0.010055059274146792	-0.19831217888949484	-0.023988675631205846	-0.17103279332429583	-1.442642066551268	-0.15160588835264682	0.6501558402498485	-0.2328955851646551	0.3409252123211692	0.29059307370641596	-0.21784265918601356	-1.381788332306204	-0.5260241676552347	0.16709170894360315	0.17605597205856302	-0.5378129988903987	0.8839304568881108	0.6566482490693509	-1.952373515447324	-0.5597472292464795	0.6930645973549147	0.017647011931298064	-0.130130596685097	-0.12106670988757051	0.08596464954229766
DTXSID3044629	3.327754781736173	-1.82591110448837	-2.3139019859804746	-1.38002044428308	2.492325621136214	-1.0563411052369922	-1.67368767300372	-1.794066000998942	-4.557700973098988	0.9570745911726656	4.918989667386322	1.18452637726708	5.395830735816851	1.0429579740220554	5.313062412987972	5.812845097885122	7.265067231025731	-4.222042450213384	2.0150028437819762	3.8992750013443795	-3.116853797309863	-1.5696688822245837	-3.1230181950974405	-2.3753253585739778	-0.42120759207360137	3.0965310304501377	-2.0948829188612907	-1.4606670512495354	-2.1133718831159602	0.6053815197985039	1.257858991285459	3.4696197401598012	-0.020053866194646847	0.14674636189517093	-0.060667855083726546	-0.6906310455536635	0.3147861106218618	0.12007098181285501	-0.9882557229231224	0.9016635885596705	1.657356854539404	-1.151359866363741	-3.7276972626455738	-1.4184020708884382	0.5654350662920459	-3.0290256501068376	-0.10686510442116667	-1.0403173147313785	1.3434580628144608	-2.0477224456530094	0.1349305210110343	-1.4132709004818096	-2.1875966154682627	-0.7934952128227787	-0.4362660672568576	-1.2432476329042115	-0.05469141859784583	-0.7033943248336708	2.8656286365891948	0.3990594749794012	0.2525118514748676	-3.447054041652692	-2.154414504168236	0.35573505276263584	-1.6852823751767825	1.567377749498747	-2.6705080554821947	2.056322525534158	0.1685503462783232	0.9060088471757679	-0.8038797236859058	1.2511063775921154	1.0803600078945161	-1.5252773765810967	-1.3801457439811873	-0.17355116551900773	0.20845968009853882	0.3748419949086516	-0.5383335210778317	1.7072582401480658	0.819941463040494	-0.7221849064646964	1.1253960591954382	0.5457774578863972	-0.9680794064680471	0.49504790735263865	0.9372687814111129	-0.8255384106631806	1.2263785628027037	0.01548770783485761	1.4096910777323217	0.22090040880746004	0.5770790055526173	-0.9100782824201108	-0.29231690340534305	0.7331177310784985	-0.7549557648601377	-0.8958938849332222	0.38450741452350595	0.6378960097498884
DTXSID4041361	-2.8699996488273642	0.4592514629341186	-2.9578671994457166	0.5339594197548068	0.5876621985976818	2.1624550613642697	-0.40626792909015735	0.8618943295517627	-1.2922975557349752	2.9912069873740945	0.5493909228543715	4.614448597736126	-0.6230119565438896	-0.28559227661333975	-0.8088685752289901	-2.2320525247214578	-0.729924905078063	-0.7911501067734327	0.43300747670878725	-0.21074470324350433	0.01004945029176479	0.13223543521239797	0.946883225701988	0.2007396172197897	-0.7266353679242106	-0.4791433408183125	0.09902127744865256	-1.3153020994875249	-0.21685933014191303	0.2277066713249206	-0.1956600428345879	0.2992300452576729	0.4543709975512118	-0.4709687495179697	-0.38188968931592887	-0.24782297210216714	-0.06235347783731434	0.3276301700084302	0.11912728316459575	0.08922155694527724	-0.5283802166009123	0.2480787213917906	0.3364098115795146	-0.32992435143921317	0.33785721323329115	-0.2201660721321232	-0.05274276948066476	-0.04337577066284834	-0.2210416028152656	0.028826868284303978	-0.0930705135021535	0.09338492126960442	0.028962661763465642	-0.1405853317583408	-0.375572230276893	0.2494605408199598	0.38627623430625496	-0.4522785643050169	-0.11376453596234394	0.35714520891756674	0.6237727562638959	-0.4322823241527952	-0.15520456078199268	-0.19130832090399494	0.5181452003620587	0.2920178890879854	0.10853044174460716	-0.0826047616491981	0.9167304754516012	0.15866187848096952	0.25499117112330233	0.1707864202105482	0.20381614030762393	-0.08281946764787876	-0.6614933452013498	-0.6508213013651172	0.32925748871530996	-0.03760943629649638	0.2937534051681165	0.4614312729620026	0.010138432047950174	0.5246693926391901	0.08592737715896039	-0.6646644397845001	0.05669577062275145	-0.5631519662320913	-1.0138348539571982	0.35456168678126193	-1.4777816939714832	-1.3192501878703753	0.01998329206966218	-0.47939313226785807	0.192128433672236	-0.557265055446076	-0.35796776010085474	0.22449486202916064	0.06548677379360054	-0.03533221999389288	0.2153479682165545	0.2794165860097928
DTXSID8046824	-3.5705722086685046	-3.342229580444651	-0.9071955193044786	-0.5123106892831667	0.883539003850745	0.017068216768273813	-1.2423792044552524	0.41595431264993155	-2.779569412985726	1.2588621774816495	1.8119702019460993	-1.842960051708617	0.9695804833012907	0.06446850957751911	1.4666648739876273	-1.8954651606827504	1.3891019838376288	0.38888467656264497	0.6887980145762769	-0.9444045591386346	0.378278411609157	-0.40814551542983907	1.01610102238399	-0.07151792855296721	-0.319208270069453	0.11739261487372489	-0.32440058510669006	-1.5000558904464263	-0.21362300760190786	0.36736185297412144	0.6273546379879538	-0.901339509362131	-0.33979908737916387	0.3864279220876532	-0.894376370235525	-0.8440859376465325	0.3275711795443583	0.4282584409260413	0.5871155678237495	0.2692089573898041	-0.7514035797025235	0.41526565029392803	-1.2797916746938376	-0.4629197560012799	-0.13150818025884645	0.0959348276792243	0.4132108327909587	0.1486571782290997	-0.39539357817303533	0.06969593496134664	-0.1290536628230391	0.13950524750312354	-0.4676331037409096	-0.1796099576519648	0.16753696065650775	-0.6357324328435646	0.6390030154345523	-0.802693588539913	-0.48163870588742114	0.3768902107086792	1.1492779468812235	-0.3165244440086709	0.21383654796572	0.2548992174641898	0.33110609533155544	-0.1380331950684994	-0.3865736698918994	-0.9970686445226095	0.2098782591305791	-0.5184278679793153	-0.13321562371978166	0.06710865853508573	-0.5017472457216948	-0.6081375830419066	-0.49851079389372743	0.8045077184529648	-0.9479158468181139	0.10998839285984488	-0.0500131353540991	-0.5610221558942815	0.32751847055331496	0.6070135030627138	-1.0339071584600166	0.6188574406671945	-0.40590917578548796	-0.3252044847286629	-0.29637886086004445	0.8727179239032379	-0.32675889377990136	0.3433915834235488	0.7185245119627768	1.7642233572388841	-0.17960651179656686	0.6402763509128597	0.3554487799352255	0.00353447001341472	-0.594388445760733	-0.07144930624516398	-0.36393604140646696	-0.7523887181465859
DTXSID8062101	8.865571029271706	-1.0157539736333308	-6.2008954416974165	-16.45832032299058	5.232606186052385	13.536460897028485	1.0473482011333728	-6.460709894654065	11.116861000457448	-1.9335118871467971	5.0927280392495735	-0.8514867822724159	4.320466182647173	9.840663302148256	-0.14095202697202497	2.832636573976428	-3.2705018450134165	-1.188658186165628	4.248612458362801	-1.9466358936500923	-3.316734661866483	1.7519673675236243	3.0456751644197566	-0.4188169086381885	-0.5141108399889514	-0.5342678290746351	-1.6155355531835276	-0.6734114182226003	0.5283523103272479	-0.4726243753619737	-0.1855799629908533	-1.3709763930333347	-0.5777858966022514	0.3706383396217716	-1.204716459752119	0.20865751077120331	0.2856742815975158	0.6569799298100966	0.1976676214749065	0.38851356267803067	0.5182931764445823	0.14827711164527455	-0.46444776182383435	0.7038964731708258	-0.5024413975611463	0.737398250979109	-0.7750455060405235	0.19494372958701803	-0.7351478434349147	0.7594872049609942	0.025231839900602897	0.39930096069039933	-0.1953262975088892	0.27535203071538555	0.3452887480764487	0.7308244753637634	0.8973650288509697	1.4488504196001804	-1.3799051969293263	0.3320899126061792	0.4581704673048295	1.4733524950716577	-0.601335072249861	-0.7626159374193493	-0.06722565374494432	-1.097482332420308	0.8022936245796892	-0.680961297977934	0.11532216458338741	-0.8235939472445739	-1.3556014765837732	0.23145959964957338	-0.6905674618388808	0.8880890714732872	-0.3094179464584154	-0.5740400034598346	-0.3292105998294185	-0.004260666522447463	0.24414449258622803	-0.9280060029229219	-0.17991764142074593	0.8422581186833943	0.2906616783012971	0.7396055370231449	-0.7510684390732447	-0.5004645826706807	-0.10835092235403132	-1.134465260275218	0.5938712334686633	-0.7382906868110096	-1.0470564562256988	0.5959190031130025	0.10709387118180616	-0.9905433965423536	0.21091716344359598	-0.249725314681291	-0.9700484546020787	-0.47722384208373225	-0.058181321526802554	-0.1716906377072866
DTXSID1027974	-0.5335770138369231	-2.2984452031006146	4.372989647277667	-0.26911931422590046	0.6475159175710906	-0.11892335621299727	-0.14805950924679442	-0.5579491915494884	0.14320550000814275	0.09413605358064779	-0.5851942411798973	-0.10188067995336197	-0.22822496811412624	0.14219095048698624	0.08553533753956692	-0.3649819090951578	0.055844653784007235	-0.2035198322147567	0.7038738018884347	-0.43786784023459846	0.12525736180523245	0.14509893522506684	-0.30337820189934306	-0.5990944556839038	0.7827549864756868	-0.7254218734342197	-1.0897877031271157	-0.1266853269561494	0.06465345860213494	-0.29804990452093566	-0.4828143678196396	-0.1896660563671851	0.30195905007173446	-0.21003834082374218	0.03893029064077685	0.1862548235244399	-0.1072599218325952	-0.07325386031252822	0.0007487025215659319	0.09481736521913676	0.16126485407965263	-0.06897336496505045	-0.31914373038683136	-0.4175641671862514	-0.22876198384607055	0.09981689243097443	-0.3899791476677981	0.06576888253709344	0.24948232672362372	-0.054567881576795436	-0.03848324927210233	-0.12820634664899286	0.009405959388192544	-0.08451115017545453	0.035215586475452476	-0.04272792752296261	0.030340824064937696	0.1007245611228435	0.22026356168495737	0.1981458835773977	-0.3110740083274446	0.15328119433599946	0.26047663029005713	-0.2954584783114895	0.026748128701583048	-0.32373060250302105	-0.13325711291629916	-0.14879858912142338	-0.03749802023809703	-0.16494180106498466	0.5721441550092136	0.1705455249098651	0.17669434636429174	0.13732760379876524	-1.5052733584587	-0.03157404164537766	0.1457078178327419	0.26259847562480637	0.6091665190068337	-0.31382753115083695	-0.21242480436557853	-0.556123122770825	0.5230618234933101	-0.19162609873263184	-0.21037140780984748	0.23669631591404552	-0.1358616305109024	-0.6099716495974417	-0.22666410119968639	0.016977675534644843	0.5172650010029812	-0.09537965795191193	0.23105365741342923	0.49865933401891166	-0.24734290627510838	-0.10421139244091546	0.23265828497622404	-0.20453290138627186	-0.2932759923734982	0.4265099721841353
DTXSID0045757	7.957102563399657	3.7054805025956825	4.601994328754786	2.711428320579393	-2.6894130483825167	-0.0011616794987714494	2.2186044981933137	0.07483782530646743	2.6204331627326836	0.7431700328130032	0.7848120442258885	-0.12594188784829558	-0.4706357600799914	-1.8589555453538888	2.8226101189439117	-0.8893907246648781	-1.2377422517393797	-0.25057915433053707	-0.18439996684950824	1.151229324009164	0.911117420127202	-0.4960013633785236	2.177600288107393	-0.1284320562391017	0.7195103157386668	-0.029041961696646815	-1.826953212455866	-0.9250159173247473	-0.16009890356088116	-0.15456667410505304	-0.9837331382508894	0.2716699870544112	0.5997428701674273	-0.4247934358189771	0.6823624743471426	0.7692920340941669	0.8777616615756249	0.2948475391102856	0.29678949220680734	-0.5549861738752799	0.4216271881615803	-0.036560762629229575	-0.5716478629939105	0.6562352882515397	-1.044376169351551	0.5429364280889056	0.6771046707794531	-0.2232930491202447	-0.03600508463607212	-0.1579117335108431	0.05181397537302228	0.4740711995082762	-0.16635355532965132	0.10660941871824921	0.5758807191355548	-1.0161656448419643	-0.15060141426629428	0.3656319758320306	-0.8800804445438734	0.23310612576498593	0.1206007438436405	2.1645703637549865	-0.8712203995835325	-0.059014639405947665	-0.6011669866124109	-1.177885570520829	1.2209228921453286	2.251078547798859	-0.20602805250029196	-0.7612309034041989	0.8506401105488337	0.7076842808738847	-0.793103762328879	-2.321954003810522	-0.06002759701792256	0.05290807432801056	1.1048350875091097	-0.5153449261346912	-0.2865165822826234	-0.3081946262235215	0.8236090126579417	-1.1120799032814561	-1.1834443475355727	0.815300910589263	0.7775385398756735	-3.409047933200284	0.27305149554874	0.7035115072564639	1.5649676249970814	-0.6864829965827609	0.7398234500680579	0.21547935524142986	0.8621124014379923	-0.683826157655031	-0.509613316957364	-1.1475342698239352	-0.7363899810785515	0.23869360636907383	0.5491132820420834	0.13569922738279255
DTXSID7024166	-4.768554589686387	-3.1887538706778242	-0.5759026428539122	0.029030462744950098	1.8563970047144271	-0.31952233003341785	-2.3059654586798253	0.06709819714338917	0.4119972651183934	-3.5141703514861393	-0.27898752791451836	-0.6487655628557036	-2.4251811376705263	0.9787118171249597	-1.9165563744634377	-0.9802381753380296	-0.018564094043096578	-3.0558982434163413	1.1915246574208762	0.7310703537445193	0.8309834613925905	1.5592021794569797	0.10596486963299954	-1.9832085544637514	1.646737297325643	-1.6460487987397208	-2.96733747102895	2.141263355476988	-0.20285192400542204	-1.1165919629834824	-2.8281531437329255	-0.1896568296141813	0.7748053987563951	-2.450413952181093	-0.614645230421835	-1.8712218778132939	-1.6585317549405285	-0.12307938164883038	1.047944907628472	-0.5625998881265907	0.8480573879484905	-0.7017460472417558	-0.3565406297210409	-0.6791119244848133	1.3167813292680024	1.447841378420146	0.9276659003074114	0.1350445338295788	-0.49470437358767144	-0.3116915195427592	-0.1747359797404327	-0.3193045088750874	0.5726848189873559	0.2325367721695001	0.08130995661753337	-1.038588769550519	0.5788377067189318	-1.4167858029073035	0.14955097639581488	1.3337519459918243	-0.23140838321935328	-1.0932135848254432	-0.8051978995016834	0.015125568952463456	-0.3853034920878505	2.224592543011698	-0.32942689813478804	0.30551678522164566	-2.0138198062681583	-0.37477319969857636	-0.7733609260317327	-0.01786664771798257	-0.2979684751338011	0.33339705967036765	1.746045505137696	1.0103062955146345	0.54012005925194	-0.7581449922193559	-0.18867957610775984	0.12711501532943187	0.07306471825593064	-0.043604797949887045	0.16433378492242165	0.02349200867150428	0.14507407040735804	-0.8508160111744448	-0.4289037445284317	1.0385244640653217	-0.2513126401236203	0.30798655148771276	-0.7503662380802385	0.13977028689400717	0.25638791538203554	0.38337249708038496	-0.1090380414506484	0.026485299515614638	0.08834339395392421	0.04348687308505621	-0.589631538519311	-0.24477923429859533
DTXSID5040700	-1.9497354129312603	0.7165157082051097	-0.23148573827950147	-0.7351047031499514	-1.582691572702856	-0.11967529525866114	-1.264073228504646	0.5873624372656014	0.40488621913315076	-0.39916347985179357	0.40158894855815147	-0.25443424744797005	-1.4473592755816111	0.21358089335500116	0.5879236319208548	1.1827342079347873	-0.6139121633654796	0.9446144167226798	-0.7318744937446028	-0.3876286159276299	0.12151942164611264	-0.3778550457961588	-0.7744706688108748	-0.44552976738746713	0.5464307807134376	0.20641840418981688	0.30352265244228444	-0.20913557841965563	-0.10166002409328564	0.07183188103998636	0.4286122685144186	-0.8912532974370371	-0.9960729344339542	0.1903652474215324	-0.2791342920595336	-0.3739736455278621	-0.5154373862836957	-0.045914375939156295	0.1698486055855213	0.8282900784694749	-0.16139253921094746	-0.07858922058379252	0.11259894443345445	0.654627354768758	-0.17551412678709225	-0.08020624792745842	0.5347700303519474	-0.08420279140215378	-0.20364593405916875	0.003833763498754765	-0.0027720298986555437	-0.06615921854855386	0.17941654708061688	-0.284500436605772	0.049149982982133016	-0.9773891194241233	-0.2868963748182065	-0.07707734794508463	-0.08957073456692986	-0.6465676279153106	0.6345295417496123	-0.08702788357738835	-0.4743218998831696	1.1563804670028246	0.3098487491076028	-0.22500070128265223	-0.1285736826452847	-0.13985169409655943	-0.9180332849734856	-0.746358037046416	-0.5086620406405221	-0.163275873198996	0.4466288679682657	-0.19466001832902602	0.6692193617887968	0.3974132777500831	-0.19856544093387388	-0.38787020761018887	0.41466632835345746	0.055541718144644696	0.17313871977949222	-0.21007326322745873	0.7722230996571128	-0.7859766764862829	-0.13703559594856338	-0.1261126729152438	-0.02629593016230355	-0.05442091657978012	0.5176232590789648	-0.7913925044554564	-0.2242882809239059	-0.826888440146674	0.5804998781804657	0.49656943837159945	-0.5097843804171869	0.144672290979298	0.3312472214607617	0.5694412094467269	0.07618495347834708	-0.2966073164150036
DTXSID8046086	7.682123953896535	1.8058399525775617	-4.453564777830689	2.951828871730483	4.133354878400736	-3.1318551401330748	7.286024835126018	5.100866176092389	0.6543175028516108	-3.974654328104758	-0.39414945016630204	0.7146066855791133	-0.07431102576071814	1.67627460454671	3.6335560655045214	-0.6509766532198108	-3.685312998900527	0.11803836144555878	-3.135110000416371	1.6094443294968868	-2.9681548113498173	0.9675911512914085	-0.09571532723124496	-1.4482428131250058	2.2736725514737346	-0.6754841822299813	1.4509310295822127	-0.6554199218510002	0.8619721738064499	-2.9143602617601054	2.088115968608954	-0.9247586578120444	0.4541259691098611	-4.404884721172271	-1.528260960349797	-2.2537866360658065	-2.00917246767734	-0.904243631503291	3.5160500171032525	1.291892817394873	1.040303002643462	-1.7185346846033211	0.30875642176073304	-0.144186606257036	0.5098459547899646	-1.6163445458551244	-1.6738095168334877	0.9296958292885212	0.6145254423841785	-0.5993905515972782	-0.12198292681985334	-2.0312817769227536	-0.408125766495554	0.6727156623667246	-1.8447860477448852	2.5714197227228284	0.4913928674757052	2.9066428616936046	-0.06462436733097021	-1.2433689113243027	3.8256018444367794	-1.9341800215133333	3.791340077051592	-0.977658638977966	-1.8690968894811508	0.39359359497207197	-0.5402508606778834	0.8863343525840915	-0.7515845003907555	-1.6508537324492742	2.03217484865291	-1.096281089349904	0.3335430588289212	0.21254610927111472	-0.592872906028253	-0.3727269504949512	0.04358352932794021	0.27562605235717946	-0.3422028596902963	0.6143723510859226	1.8987158173299064	1.0747892661771854	-1.101327706115647	-0.525669111955288	0.8302932421273105	0.39845718011881603	-0.8211614260691201	-1.2943027530249724	0.005354477359741584	2.162719395663701	0.5447557395925191	1.3383508091276977	-1.0129946189820798	0.918347300224653	-0.12326106532603928	2.7068134724523105	-0.3186665797954053	0.6820492779922858	0.35843473986701135	-0.34451651804103994
DTXSID3047683	-1.9283317783752492	-3.8158527802333313	0.041180297974419314	-0.4424162212594361	-2.916331943687435	1.3562133109596097	0.42233822060081866	2.2975984152596443	-0.13039800171301463	0.6956296068912505	-0.45003213685229787	0.42576252570584217	0.4855123947118216	-0.9596925606705882	0.7051467633221148	0.5756646904564598	0.589672702227113	-0.05318065078157993	-0.981123733419474	-0.7757891759852491	-0.41813729113560627	0.06336387872293923	0.5010705367226465	-2.649166385490758	1.0937385594002664	4.390534840106944	-0.9535183143073811	1.7167876826636863	-2.3669139876581253	1.7042243486801258	1.077841093973736	-2.1609437861131173	-0.8777021273621456	0.22072344450268178	-0.7398829413805382	2.1232554872871217	-0.5841304799702908	-2.7587422780424835	-1.5361672904677284	-1.8847968224343727	0.6706165112029342	-0.5451326809895889	2.537269056555885	0.04648010168494707	-1.0901187640692853	4.045319666082799	0.8243691783901994	0.14251524188672254	-0.07017547078975171	-0.5648400412983261	-0.7138981735351281	-0.0623869763044893	0.4660959336645847	0.13981992238926785	0.6026614133641993	-1.14856299845196	-1.6205989740323594	-0.38824171724473994	-2.6739254241573134	-0.838147094870027	-1.2337435736813565	1.023567277841943	1.7855135440927894	0.28907262682610224	-2.103878953696708	2.054278024063428	-3.2062219906298104	0.25979803010607583	-1.017648012762161	1.6889640025591066	-1.1353958520887164	-3.7479175335780135	-2.048583690156113	-1.085038875855362	-1.3258357272068457	-2.095217496471142	1.195924098514955	-1.2880099339015727	-0.3225013382951833	1.0432860652068137	0.5798008381365889	0.8789710931228646	0.882467751221821	0.6036847275984499	-0.3538328720538564	-0.34177329577466364	-0.2526022444926333	-0.7636715818019072	-0.3580099098566576	0.21798910410958783	1.4559362698085052	0.7709246859187708	-2.3523258286087207	0.027395169233939712	-0.46510197870366377	0.5201988938339219	0.2198516327192806	0.10110904144904054	0.15195990150398153	-0.18139511947818904
DTXSID9023590	9.416474592742162	0.35504489331290606	-2.9623852451182606	3.0599273143091343	3.3097826978316416	1.008974884773982	3.2489314680347094	-0.7294664382918278	-1.0463965652677854	1.4566790106696772	3.6743994632730055	-2.0223925401975404	0.11124051194231219	2.7884103180518833	2.091688826758903	-0.5056658937869094	-2.728932499544698	1.2562965038620264	-2.5907077122755036	2.4343393630104044	-1.1055107409018783	0.9417532825888534	0.06868735934944178	-0.5619789111164544	0.9598167398155414	-0.7552223474832584	3.612480384573583	0.6820255342881906	0.4093231978217444	-0.5380949780427415	1.5451987779169565	-1.8126763509401855	0.7575205253669084	-5.68048146522919	-5.101927115093129	-0.4922358898557704	-2.401522714953323	1.0059156994158671	2.7872674604390397	-2.340791599752724	-0.3259452030207345	-3.3083724383369675	4.244546159526467	2.640176218329596	-0.7882315885850055	-2.728266223527369	-0.0929796215520095	-0.9556088123331706	0.4508494378320885	-0.8995999536953598	0.5602275024316236	-2.1777089342400204	1.1581980715252047	0.4663530190207036	-2.1687228934436087	2.7613160546872497	-2.4777558155364927	0.46437585989500413	4.19271959358414	0.12697967009451586	9.454618319909681	2.9319932504955957	3.1982535886288095	1.9464502489393916	-0.678093490489394	1.9799501651750189	-2.74628829655065	5.408056923203713	-1.1461077732789806	5.774325860205627	6.104765316847053	-0.6542411795482693	2.0053859271984327	1.1065812560938182	-1.6055589560922054	2.878973742679504	0.04980720674437275	-2.0601365160022866	-1.7988513774192083	-1.0280817959580903	-3.4564357903686216	-0.5232933293178035	-1.4058862623963666	1.8411074809656318	1.8349395633267933	0.7092363498149995	-0.9811175250772322	0.7874988532885601	-1.7107222031945277	0.7245416328255024	0.8446992443301038	1.503467761165021	0.6389033073541525	0.4812123812652653	-0.23243829366274857	2.0822032855600137	1.4034318844840834	-0.12588555965337125	-0.5133912324466238	1.0853055098566267
DTXSID6045870	-2.007736952694053	-3.0862170515942386	-0.47789573124688306	-0.27280354323698774	3.2942047401776673	-1.5938723368205223	-1.3475078075636293	0.8798078147835684	-0.7134276173528011	0.04858247244896824	1.5937406728040262	-1.7131758516356692	2.0703230233033856	-0.5011307734281567	1.443585940145875	-0.5353228411544085	0.8773572979781643	0.7203911240626687	-0.21457643150905664	-0.4893531444883686	0.13967547818905232	-0.04259886526689645	-0.10597252440149241	-0.17766917237263463	0.5003087289948757	0.21099496097746304	0.06082519033786364	-0.6251632113633733	-0.2838650071349865	0.23845467919057953	-0.7679830436556472	0.15154260247973111	0.04166473918170392	0.21265686366824396	0.5977299936573601	-0.22347687208177897	0.24889653285014757	-0.3129041338256448	0.27487742656310016	0.18808450304964294	0.02235447172461041	0.4054736768570472	-1.029729905365132	0.09883628463920949	-0.07974431940854679	0.1897114053233304	-0.06267195800152915	-0.5690594632774306	0.31078961421074625	0.13538098266012583	0.1711902140989591	-0.1771325434975148	0.10533816760044354	0.05076759961139488	0.08928605504934489	-0.18754122008811347	0.25872242028712444	-0.13901784885527094	-0.1840508854648235	0.5481347818970439	-0.4052959109720345	-0.12703839528107094	0.0521202566996769	0.20480362951233047	-0.2315474753146001	-0.034297648351384984	-0.9066331771304402	0.08568032066804798	0.2909562193910039	0.5762828375693783	0.5749808849965179	0.2093451713258622	0.2433257905532665	0.738612603163965	-0.24431304679946084	0.02498821571268444	-0.42675410305891304	0.18271344400398296	0.29106235191693697	-1.213803641252322	0.3807175107700559	-0.47048332849055396	0.1952611007073396	0.1367265142087261	-0.37949091980152344	0.051960133855317975	-0.2632671652733492	-0.603911874593372	-0.5465504267142224	0.2425282060371802	0.1716803192646983	0.16634215419336182	0.2690887057339666	0.5074208717780815	0.29579883625443093	0.4844241314617653	0.09171732336356109	0.14119457298528656	0.3997577277826617	-0.4533188127324077
DTXSID5022485	0.6335344844134253	5.770367667526723	-1.8991710417217622	1.1726853143621765	-4.254479141451598	2.3724590802097936	-5.4178505095702425	-2.451625669655599	-2.8616372667805594	-1.4989167558926546	-6.495227108293897	-0.6410056827198493	8.29372753870241	-0.3957917560764045	-0.36565058475149526	-0.8170305785602987	-3.140906686263991	-0.3821535181327325	-1.024842926962939	1.2522240051792837	0.6520288992551977	1.6396705987164806	0.09000770731721561	-0.690599251009728	1.0346573204538005	0.8107129127272399	0.22554200924043583	-0.20842557768087103	-0.1889586811574353	-0.7085188931305545	-0.2783759892229298	0.3431267682641945	-0.5881773352398312	0.17420385243057926	-0.6134670538860307	-0.020860748758309722	-1.7540200031257065	-0.04472437907232553	-0.5961662619063687	0.19467668670474403	0.5407567384483922	0.29673884240282156	-0.05691214636151762	0.47737905098527456	0.12014539354044577	0.0459541750143195	0.038578514419016	-0.39365025266515946	-0.11735394111595818	0.27000829273084814	-0.15006361597300732	-0.5942620707410481	0.3996787190588813	0.18483347262920755	-0.26696460983861303	0.08924709881861473	0.14287551622969835	0.4593420483032985	-0.9768563071669301	-0.6707911571419577	-0.5116173135932439	0.14603907405856467	-0.2334311924289204	1.178689340290779	-0.21393012020163626	-1.6611724147795008	-0.03061969567172153	-0.1988694886812006	-0.37704960812597715	-1.0078710718111723	-0.09114708671020318	-0.5280087503020905	0.6993350624978762	-0.12128866689263353	0.09790864659365009	-0.28488475943567493	1.3774619093603877	-1.1675228663314228	0.11364443783134576	0.09649634398391932	-0.7162697244970309	-0.9971166348477601	-0.49492170291669935	-0.6749550743777366	0.26298439059791406	1.1616919469414924	-0.11945360308619538	0.3181567871687994	0.38974795411992214	-0.5283747204636023	0.020425373541289232	-0.7053798025324973	0.8536338288362894	1.294862662692035	-0.37861256738253635	0.17505805403711516	0.9157347261463902	0.408923398095596	0.5844280159612147	0.18599867154641692
DTXSID5028114	-2.852034498218689	1.1035746698030466	0.6157510508601692	1.3651062530261064	-0.9173894221800472	-0.3882012713514517	0.989406604784241	-1.3626133053831575	0.3595582221849175	0.8075354049579577	0.08384774887787864	1.542074782814182	0.8799980444211241	1.6443831643185494	2.425060166648151	3.215659847119545	3.4181748354069965	-1.7133713023800716	0.36343061949140704	0.8742637615625484	-1.2177366419610813	-1.8010816085707393	-0.18762565374679244	-0.3201358138907675	0.0316530802996853	0.40160995892360885	-1.0001032681907522	-0.8199285850646262	-1.4421909438569904	0.6990259729877548	0.3510481238161933	0.7758685096416496	1.0638555273821755	-0.6744213555163323	0.2274790059629669	-0.3315695802106495	-0.8022107058167559	0.9392386098932961	0.03759379926518782	0.2689324257999147	0.7260305656591093	-0.09975259742949781	-0.8569142276532231	0.06978330758358531	0.5152008201594037	-1.1542386461179543	-0.07228800088456777	0.31387103033161806	0.07687204137947976	-0.3631709566471689	0.1930747044652559	-0.10239546988542009	-0.06923030774614039	-0.07315600675503572	-0.5568012071226591	0.21437669026891454	0.4175632050287547	0.12114241188796868	1.325038945045022	0.1292066727431791	0.5992187092059733	-0.8562337045029582	-1.3059782692678334	0.38566625532692606	-0.045762997554969306	-0.9769063459583761	0.4453021728152333	1.295152988690669	0.07332517698085356	1.0687996300311013	-1.174415544330151	-0.057937578015997734	-1.2294640444685392	-0.671978349816137	-0.8951122145541871	0.6155919979419753	0.2097406307113604	0.22141139049052902	0.04663318623667922	0.3998819428645791	0.12908414057195572	0.34024541547203246	0.4122067608072177	-0.2390084946637825	0.39537419375660937	-0.37489726781297794	0.2537775056273995	0.010794549607909818	-0.2556777249215855	0.3512686987343389	-0.1924149726881322	-0.05393776377696178	0.08111094203397888	0.3940114121706057	0.21797317772325853	-0.13419744443905904	0.010397421087462779	-0.016165303486259146	0.5453017364770457	0.12437062033373009
DTXSID6027345	-0.3230685815842592	7.247147224235712	1.1251609129676248	0.15883859824467544	-2.9522248230263344	-0.4669610986804387	-2.2147199021033757	-0.6058879534270872	3.0760729854089632	-0.16945182401226122	2.2500775754828695	-1.2053161276176525	-1.607110609714329	-2.990199590840705	-0.9846017618577375	1.2685905459950135	-0.2771828153784458	-0.4407439425371921	-0.8011781935578862	0.2789415435725465	0.057166763525668476	0.4294932976631421	-1.4742469121962527	-0.6653696156744261	-0.5327957214992466	-0.22638921201905704	0.8879600390637161	-0.1800964474356911	-0.05418608160685029	-0.4013921019653561	-0.21414409363508263	1.0991216897147513	0.5354155264767385	0.2262953319891491	-0.331855502610928	-0.6508466616333868	-0.9473513168195901	-0.580177590740135	0.25487986681978886	-0.6792992258575629	0.751410799133853	1.1895121822653856	-0.4800803550974156	0.6263588464581292	-0.7551678884605731	0.581185552580582	-0.3596611178153228	-0.15881509469558028	-0.26611551671113115	0.3882150891495243	-0.04194031673044332	0.08171868035754848	-0.07203383104224582	0.4648785502557514	-0.25694217780144396	0.42420914172063573	0.4097206940694763	0.7103673321387354	-1.3912913400475255	-0.04503251114889624	-0.740196366972677	1.0500731691047178	0.21815230281332654	0.29659354809928695	-0.06519808668582437	-0.6636387667939055	-0.6786679025240409	0.6254634752575416	0.6743601016554067	-0.35579674601814054	-0.7331870180695564	0.38945706180607415	0.19454877016092864	0.4358679131205806	-1.188578584015494	0.9725860432877818	0.46562678938252505	0.49280621117035156	-0.5797922408737415	0.6710206644894624	1.1659463221474342	-0.9963118670302613	0.6902652880075627	0.9853774983948801	0.08806982648088893	-0.16601247025503174	-1.0799511306306928	1.8320190402968237	0.13294688576145822	-0.13802860165721	-1.4449482286356603	0.8015835540411624	0.8026767955490854	-0.18517505976038062	-0.3356464485792022	0.4026537820773946	0.009372955750403785	0.4604879333727598	0.04099734217408175	-0.08393629416921336
DTXSID0020606	7.076081639886969	-0.6205594917653224	6.368768959001905	-4.939069197896896	1.2298136757239464	-4.374080249254324	-0.59936722245866	1.1972733597567715	-1.0336715438564548	-0.4583365458496915	-0.8517103971774357	1.4366315470522562	0.04758029236832555	1.8063389514546428	-1.8208133341963544	-0.2879975462777224	-0.09841510414256655	-0.8732109993322777	2.073109012099589	-0.7763547686535252	-0.15413349221015313	0.7863014051085598	-0.07940104782764669	-0.891801006673102	0.7589778190560759	0.5669409350434591	-0.9744810135340867	-0.613343470255581	0.6476147192787608	-1.2238824519482094	-0.009740369097714502	0.5717327378021115	-0.8182487696539511	-0.06229307945699183	0.3368567786466595	0.18725486879276518	0.6070230338154772	1.0080578903374111	-0.8447674470605809	-0.5605608706457816	0.19492515698150703	-0.09556188113082072	-0.30547387233649487	-0.307218345487479	-0.15985744897956566	0.3050140112735736	-0.16966653892681344	0.24539071204969648	0.10492436751601153	-0.04835873674710821	-0.11534579241273002	0.0019448929389773602	-0.11347317516925999	-0.28721039346823113	-0.19923621906223202	0.10397297476394374	-0.6685502806752054	0.33981055753347866	-0.1736985343382548	0.1078638410973978	-0.6362994955447817	0.3898519245515227	0.9591451257812046	-0.7333765561709209	-0.3068815301052055	-1.5804840016911965	-0.3327876077971841	-0.18081207941794644	0.13252952149322744	1.3332910974164527	0.034502782117177916	0.1403211618631898	0.9242532352134804	-0.21572243433944538	-0.4074564814524821	0.8256085822484683	-1.1841776801311303	0.10098034073363302	-1.0028648621210114	1.1708057756672892	0.36663727558624115	-0.5548671118114671	0.26367689961753893	0.028947283841836976	-0.22727280708686218	-0.20701486302338573	-0.6550826058591966	0.3957837528282123	-0.3949854527774443	0.9251456365324161	0.5742495414263076	1.718671220201446	-0.6791173338966219	-0.8402374482214051	-0.6557862335023978	-0.18988100874392674	0.23231617065779134	0.021172847252621807	-0.17575604395435196	0.009273493770105104
DTXSID0021672	-6.2813037948786805	-1.7175758411655178	-0.6920773088646449	-1.6991152111648902	-1.5691644612355478	3.8118835098123176	0.21895032314153298	1.9633472770589888	-0.9953728409763798	0.569176160953343	0.17928910867415387	1.6945369756999231	2.0544053499179196	-0.13802460054058766	-0.2577499466053118	2.954097689242197	2.840102688697479	-2.8334968779156315	0.8332219772117972	1.849887931901624	-0.8620868466833248	-0.9314933565992765	-1.1578747300385308	-0.33979416561972076	-0.5018728452907936	0.42020721639831526	-1.0540409064934226	-0.4653607855652948	-1.1243242426677746	0.5735926058041806	0.7167449806798245	0.6512052451025911	0.6029688815928651	-0.5678204333590203	1.1213489679825248	-1.1925416406395952	-0.695169842731412	0.41459790512096	-0.02307714016249024	0.45981151841835033	0.5218435328722933	-0.31358860005274036	-0.6196487081156241	-0.06777350891416917	0.8143095739416925	-1.3266890267070088	-0.7423375912204875	-0.3853941410358237	0.29920476929162526	-0.529457952037435	0.32200857124715193	-0.5435463086311442	-0.1890914858956813	-0.04209954787049698	-0.7158674169636958	0.5005172947626186	0.39494945668153936	0.5292504215494876	1.4919731068106252	-0.13131035758221468	-0.2287678560782415	-0.7945780235963436	-1.4972231040546855	0.43107517751639046	-0.0963763617168762	-0.326840273459765	0.32451276557303776	0.855142673914481	-0.3748899582853365	0.597073240291588	-0.07100966562555795	-0.019849684828230088	-0.4042840423005931	-0.7829707537890933	-0.929201756806184	-0.5937965968785611	0.2500034942993499	-0.14938454641865062	0.036187326811882525	0.4987176472801726	0.016524261150939166	-0.5607671905600063	0.3342459682037313	-0.7972076729053384	0.39436570228306483	-0.1407579967913678	-0.5702609223495291	-0.7864361668086264	0.5221305869688622	0.7305742632405139	-0.3602424235198866	0.3340186127139247	0.9279874550042987	0.43714784278116886	-0.6557962759883447	0.7808868262468395	0.12709263837917562	-0.1378547429040735	0.6907575555977987	-0.003468117499331497
DTXSID6023024	5.767517196328464	-2.0459336601797684	9.748082838575318	4.03500565988405	-0.13186271674440211	2.8944541219917226	2.0959342606868474	-2.4169265956268635	0.15072187884539667	3.165710392797646	-0.09291928599665915	-0.6494039648673153	0.6793151445140021	-1.8525673451010902	1.317346811813292	-1.204727456777929	0.7531171580977806	0.2143231545305901	1.2482642677010816	-0.8441841555595478	-0.293516033651002	0.10472860814157653	-1.156042451608844	1.0446616854969544	-0.9476051027396024	-0.6475637103770971	-0.5016929012322874	1.3697735859216678	0.3783329911521031	-0.3237556287763664	0.03621400187975978	-0.6700671419177877	-0.3135882554980811	-0.7810997041162936	-0.596147672482522	0.1242378518122665	-0.910785868501484	-0.28774528975923885	0.5380523734797845	0.40162401941381726	-0.14174599907007876	0.500686861829972	0.26392686749039673	0.8063239649335595	0.24948634558153443	-0.30841565814249916	-0.13126241415105355	-0.5211977199880835	0.37988321375178524	-0.10463715327169484	0.08971722321921036	-0.3148567774075026	0.07130418565711645	0.020231839534797312	-0.48109843644531586	-0.3200865935011045	-0.22364245215500378	-0.40629820647646936	0.5261308681335733	0.3877186305462314	-0.1600196471628322	-0.15018930210584347	-0.31682791821436107	-0.9876262865635642	0.11288713723668052	-0.010055484287427323	0.2575720363338814	-0.5260635046493004	-0.317038659702835	-1.8080232615522336	0.17518986319340052	-0.3778585648303965	-1.046133397362719	0.48334563284118226	-0.2795856736322661	-0.7484246397415936	0.8373563216756994	0.1610814933628207	0.33346449345383194	-0.25938727233679526	0.03299370446915575	0.03692425416684073	-0.14489300605580616	-0.25264586982311676	-0.18467544381427806	0.5928411969496014	0.2709731797660568	-0.4529006932491227	0.3094906795329931	-0.43079126891411385	0.003830795860149962	-1.4034871979257215	-0.4445474752636764	0.0401668254399451	0.3360200550577783	-0.033098194707062226	-0.36754659466802003	-0.17617397933792142	0.1946118592735932	-0.00848016350663981
DTXSID5046483	7.430198628786672	0.1778204454588017	-1.6389467553596624	2.5849732621217303	1.548632691771601	-0.4582423137681781	2.47653157053496	-0.515033209645668	-0.592515507292258	-1.7903248178643385	2.9290940178758986	-0.8818007964605852	0.5589846527519714	1.2050758985764785	3.293315840167856	-1.9598580089217468	-1.4544141001760809	0.7271926420148074	-1.6304193850704143	3.0338373909930856	0.7721809705972713	-1.0447107963238356	0.7961398246024893	0.7983003672599586	0.34748305811630736	-0.6979217454167753	-0.9536477272412425	-0.6658859426735827	0.7768060022527453	0.0320743822680796	1.8922153517272506	-0.956830019870044	-1.0962269118375498	-2.308801794455093	-1.1211860801893316	1.4580629108749295	-0.2647973591892301	1.4507657609260578	-2.316619324909286	-1.911274501386531	0.5494660298004133	-0.3977240865810921	2.1455231679440763	2.141531854766608	-0.5615065317918747	0.14897692160687626	1.1005059408757545	-0.37983105234274134	0.504843641567186	-0.2825920744901974	0.561556025837013	0.19253888969971072	0.23398380980685646	0.23151601677477898	-0.1294115104445318	-1.463769532444127	-2.040910892846187	0.12316128685259004	1.624443294076034	1.3121284930242552	2.4507692011254014	3.58213138769792	-1.4721759563801022	1.3790234245065642	-0.3541101584116931	-0.4072999877645386	-0.6640258611509783	2.744983250326267	-0.22392020444856447	3.9131156061816865	3.407572197777281	1.6503869844579941	0.1494145885804366	-0.9622431047249046	1.5248356032793964	1.9311829664072009	-0.3376158915306706	-1.4422982716061667	-2.633348435334999	-0.0695262767389826	-1.418397742414975	-1.0563182427421969	-1.3588370583798453	1.6515199598747827	1.7806188538069931	-2.9855196893392906	-0.7314996230696235	-0.22531241127490487	-0.8337810577578888	-0.1221969666510896	2.293329448005747	1.996401205591333	-0.5209261947806292	0.68062247616243	0.15219720410059534	0.11741888635216964	0.7623476772085389	0.6879370288391471	-0.2101677175907157	0.8746118972661272
DTXSID8040274	0.6743933012902266	1.7422110368849972	-0.13561408156024968	-1.9274408108798544	-1.9819144129876896	2.3764357786914103	-0.3442577033777453	3.9296143241669084	-2.613947537846728	-0.5415913517142532	-1.2576221092918307	1.2685374205478874	0.22410269421081813	1.0483720704175028	-0.1743752351597883	-0.48594074150752786	0.627452386431262	0.88823239181408	0.11142343196064743	-0.6632248523565201	0.984208892427807	-0.9706863092902913	-0.21478772756026218	0.737259322640191	0.007755394525449399	-0.1116755142371125	0.05988020679872118	-1.5568202425609272	0.019380278839246465	0.06442315405719326	1.0247790483257502	-0.33450871943032656	-0.5075132632935445	0.023694735010450073	0.06554766545150707	-0.2178343027003426	0.614977463295945	0.2310400346070434	0.31617900622640704	0.43714160547188374	-0.646044455206697	0.2001367452844132	-0.14671216393706862	-0.09065243752452018	-0.2600577262874383	-0.12564101731573646	-0.02165735839067042	-0.11741134014149515	-0.17760323948304615	0.1805856262570863	0.003250098585210836	-0.10038417948269227	-0.03168854223648682	-0.381171696455559	-0.05084135963924943	-0.2521822976711819	0.26948143036678784	-0.578322006895046	-0.0036043647935781243	0.2551982152829967	0.6047816864713097	0.11527793782443475	-0.005624600691780276	0.06337033952960695	0.10534770648406387	-0.35165695379540424	-0.006107021667626111	-0.41360309571060977	-0.8089975557323957	0.008999589575975128	-0.08404543455665787	0.36582305583745733	-0.6280650909731557	0.1110818687876115	0.8695134570740536	0.6660452253474208	-0.6656404659900111	1.04948014595674	-0.03385407224371975	0.2127533995235183	-0.26936559227889334	-0.12774469893587964	0.2642219452740562	0.2813702198806294	0.5104944751874415	-0.011741431737692942	-0.8275077651445865	0.18715548163661433	0.6047131518507497	-0.19536535355344872	1.0916321824877362	-0.5703002501481578	0.027835552860248677	0.1302657178951233	-0.22871192111481814	-0.14531176600413373	0.30813184316188735	-0.14381572034925486	-0.45625763711905354	0.39668473230804474
DTXSID4057681	17.731085849440063	8.40854055952548	-3.6379340000117	1.2824306359981736	5.587601359084671	-6.9326428670007125	5.623505849143144	2.234422886060934	-1.2023575798138129	-1.185155464194015	-0.955717297309214	0.6214376433996704	-0.9926480384398727	3.6720809761948723	-0.02061106233949134	0.12204200021712085	0.7418600037742941	-2.134846591954056	-2.237100669632614	-1.5560215676920859	-2.39492942890738	5.756154277887385	1.2532954206978157	0.20426709149979927	-1.1830630734179934	-1.3167159070849406	-2.322675219285864	-0.7147576367564675	1.5899748689190796	-1.7331318332841432	2.0160132471631904	-0.6847497784852671	0.6845671583278371	0.8884511031374849	0.854666721604025	0.0048854154312360214	-0.5451648776912192	1.3476990650066036	1.508856009985213	-1.020444187267753	-2.3108068419833225	-4.547692423086432	2.0710701426855174	-1.5728574513620706	-2.3998661344518335	-0.9060232882260686	-0.010131860008685305	-0.41730154622553467	1.4411652218205426	-1.1768270923134883	0.28792939558643155	2.710003884760165	-2.1963049058235207	-0.754606749211994	-2.448560282331679	-0.5862646480626114	-2.506928668665985	-1.328295428604644	-2.63812415235495	-0.3172573153940744	-2.395405616563461	0.45798772518079023	-0.8609115805908717	1.2692116242628564	-0.09428037807851607	-2.6773579423398806	0.8032060735842776	-1.6125100632745244	0.21551523966952982	0.42292861456480135	-0.9048178258583643	1.1140084368574739	-0.36369395612999306	0.25047636675796875	1.0291749280989881	-0.903481613401361	-1.9988470284267543	-0.883350252530152	-0.8096595820552134	-1.6301473464788936	-1.5990097286096578	-1.0373030637795684	0.06388589609046989	-0.5618400262589718	0.04017762108571341	0.22137759483410002	1.1701773223279326	-0.8401293327576107	-1.9261675481123037	-0.7412466717024714	-1.1984381702167632	-0.41972629620653473	0.8772706709363599	-0.22486099285482025	0.12875284873223197	-0.5671468857056189	0.12605175275020494	-0.3181978087576266	0.1546425268346762	-0.12195895128188745
DTXSID0024474	-1.401366812306063	0.09893605438377087	-4.288975462580943	0.17679811205649087	-1.1462689097836385	1.9237154272494925	-2.0543977461100202	-2.15761762548168	-1.7520913867983199	2.5637729600509482	-3.852630586316109	-0.007254071603986996	3.578192348258571	0.5981078018600846	-1.0624009806487789	-2.2397372781256872	-0.9919178545937609	-0.3051817614833494	-0.28620632689041664	0.26293220479400703	1.2939520438245449	0.7545473106687892	1.3698745918681092	-0.7174045789762122	0.9731158415436081	0.5282832575570998	-0.32249689245885427	-0.09822636556902657	-0.7620545211939458	-0.0807773998624419	0.8808804842184939	0.5325691990790896	0.3120223073992498	0.02199244877579804	-0.20032496975267408	-1.3437389073757253	-0.6342094920418888	0.3727254314671949	-0.00794680759605827	0.23494899635660133	-0.5305658638302082	0.25552172418609737	0.5787348756364877	-0.2585534642211956	0.49397096220738357	-0.5935637258525843	0.014298824404802958	-0.5196152617049705	-0.4522748709305903	-0.010800766106689029	0.012174540146566824	-0.32369953152968867	0.2856074230293927	-0.009999489591774768	-0.4171494365581029	0.13804355806577398	0.649281397840081	-0.4468391307885551	0.049762132102539235	-0.08794410281133723	0.9113999570079558	0.031269452874702806	-0.2427934292162164	0.47443425719519666	0.895135455194387	0.21855417643603212	0.34113489241340217	-0.52487176253142	0.6461374085746301	-0.43750993189875215	-0.05990310951726904	-0.39701673481592803	0.30255600753348033	-0.7502018578031069	-0.3829435455667641	-0.8130895011556419	0.15381989081169764	0.7464427941375732	-0.06497041081513544	0.7395869256036735	-0.5570955306774255	-0.2955286386259182	0.7722726943958382	0.09253932164185552	0.47492131645175634	-0.3557643494224258	0.016971497002702434	0.3013454797305833	0.0676642555164792	0.9005000598745363	-1.0679298560067134	-1.0010569193613992	0.7212188113756094	-0.8124890633118604	-0.5341198665380595	0.21428655055386206	-0.4048131849211027	0.28491738150993806	-0.48538707061522723	-0.2816750579614855
DTXSID0042612	6.621373720379077	3.92123433943214	-0.7153327571008383	1.8040284170745802	0.09041103936320703	-2.2018161385462145	0.9515572704812078	3.469191736680409	1.510017170434268	-0.1862133921760448	-0.9418856545332007	1.2067243467820283	0.4903684728297981	1.7570600130374097	3.0942289282895534	0.12606806357570216	-1.525491478213831	0.24001387324867798	0.8482290574953893	1.1998741987693695	2.65034293197401	-1.137844779872116	1.4112700836141923	1.5552121436329247	-0.7021074486063024	-1.07441258611088	0.8566591998063092	-0.2579417521088254	-0.8335240902033789	0.19801626490505983	1.205785034001902	-0.6474702502661612	0.9760262728451589	-0.15435203577926135	0.29861356523093235	0.44048224675272873	0.10620896523032834	-0.7217947279946426	0.3353406966457685	-0.7363178856984968	-0.038318874093520514	0.5539521787410632	-0.8626889870587657	0.6426539789085525	-0.6742113175166577	0.04185185850337655	0.34071210141325353	-0.4864150617875352	-0.4794284032580308	-0.017793495562422195	0.05404005605805635	0.39633451426997834	-0.47934399579157166	0.11364471885545464	0.7720442700073495	-1.452195850111865	-0.10078662518205092	0.12911885489610203	-0.43692756762557916	-0.01387421954027237	0.24883321908425035	0.7611854902148281	-0.9789681168476402	-1.0132439612323914	-0.47464416279574034	-0.4335289658341677	0.19495046274000247	0.7890664901101976	0.3788145266693401	-0.6720411034943916	-0.5392513704435322	-0.6313737727849966	0.0016466771461543578	-0.07841441250615348	0.24253652562552178	0.372402748069133	0.05051717990000326	0.4221971185108736	2.1828493142167185	0.2710587197076675	-1.1457635077093642	-0.02939594572223985	0.9366828520807732	0.20213027822099075	-0.9564591819608842	3.3130318976378215	-0.16739489587920808	1.8838655083985723	-1.580808943623449	0.20107093920238922	-1.206567847718944	1.0540017666766526	1.116346558742102	-0.8877403613329751	-1.153399603290338	0.5504980910820383	-0.08489826352827198	-0.05973346400780687	-0.05293995624054157	-1.0701741956125934
DTXSID9047095	-2.565906652119065	0.543275853703598	1.1119592196850818	0.30842015731851935	0.3123835493589887	-1.0057475473582673	-1.3217680681075057	-0.2327087486668987	0.48297959988041256	-1.6712439696980588	-0.019930834015216576	-0.05464401830160484	-1.0944035962263572	1.2216875019444284	-0.2939100563290646	-0.016416001903761565	0.6305370767492957	-0.03746758179387298	0.03447297731357186	-0.844787861339674	0.18906714585900514	-0.4365844775131734	0.8971795746882588	0.15451023617939513	0.4945354025553685	0.22500526363017356	-0.5424103210289681	-0.404595299145823	-0.25427762757119593	-0.2672298675999376	-0.8869659306781593	0.007588527593189592	-0.47303945171002815	-0.1811175581123418	0.7758130364658522	-0.008612676069169415	0.01474013729305839	0.5381589440948464	0.09519749070690785	0.543629796613236	-0.4034266121496917	0.1697843122394327	0.04584098389182156	0.3240530572497323	-0.6019993943720616	-0.14595054180828315	0.3475397184345449	-0.5710241994948255	-0.142594356614478	0.14363659396221043	0.1516060103372332	0.05392246375008347	0.36345714561528786	-0.5124629070327419	-0.10603100425040143	-0.3307189618694772	-0.3461044230446371	-0.2705118671227232	0.09153603633877797	-0.39180289445274463	0.6257313055797555	0.3598208762988317	-0.03189382660832207	0.44793554618343273	0.4363913337230685	-0.29737518552213027	0.4287842671165146	-0.15566532769560487	0.27397149083568895	0.035641710733925656	0.04259178660273576	-0.1039835575166914	-0.13667860556128977	0.561693906128466	-0.4125710468994921	0.3813479607716442	-0.2562655827700129	0.8065605860107699	-0.07092043071846967	0.21674674556908108	0.5219508154642921	0.3845526320193976	0.13610231012438453	0.1321077797099955	0.016209188840699253	-0.06872378199483067	-0.030724858994576967	-0.15077717429313808	0.4002495499079118	0.14125632218136683	0.6287403267141414	0.11747407700745936	0.017956936872975688	-0.4279784912994018	0.04795466593673491	-0.1832262060648224	0.1907450807814606	0.04912443994522778	-0.2787038700790662	0.30062463078216917
DTXSID9044455	1.5070317722148099	-0.8933274841552394	2.1777245423250258	-3.1105128687729233	1.2487455922738033	-2.8824936069940166	-1.5721055525854344	0.6645860098478065	-0.6076714189875628	-1.6344827644075683	-0.7328551591996023	0.14631655739281205	-1.167997981770449	2.392020602255228	-1.2648489632188746	-0.11961794564747175	-0.18077508407714774	-0.7223874336784498	0.736394073501142	-0.3547375997135418	0.4783400683280087	0.37531376668420263	-0.7588005869910507	-0.8736444383721869	1.0229705576605117	-0.5359277526261943	-1.5745458304211577	0.11654707655841919	0.2828736684926733	-0.7558129699894937	-0.6911815480111085	0.4342588080368683	-0.08017181306895994	-0.46041779785962067	-0.3261732681437386	0.40872461460417053	0.3481954953150382	0.034087231296684305	-0.17295882479004254	-0.09019255185404638	0.1814677130123315	-0.9101586052002785	0.0911901091339046	-0.1515046544481069	-0.06811803958309318	0.14961094846261574	-0.3721633728664463	0.7060453745323122	0.2273237135517651	0.4259146670755296	-0.26417983757836316	-0.10154379429147829	0.2663679906346757	-0.32350938026974735	0.3361575641532147	0.229761993982387	-0.43606466368886027	-0.07194098903996804	0.15609025617185213	0.08317370620607806	-0.6482987309066749	0.13927867512075096	0.8854306559179086	0.815021615543679	-0.3993488977595361	-1.563327986865699	0.8896111534425686	-0.5138480510647678	-0.23441810811463948	0.3869028299905005	0.7608766609832169	0.20743046478529875	-0.14306736876889772	0.16255836262549087	-1.170198121461448	0.27413428361711906	-0.16021418696634537	-0.4965545145307035	-0.05700946676098112	-0.020693344013509442	-0.29622959169329927	-0.31828981084999264	0.32183774812540644	-0.2645789726970247	-0.15393256414071957	0.001539386500222986	0.3789073170496747	-0.13351533842175042	0.03033223849328297	0.3490774196429013	-0.1241292600327733	0.7499637115626833	-0.40226336979514854	-0.037927959043376716	-0.12108425832422848	0.4204184015253988	-0.7059498043214629	-0.29505096100068845	-0.1465531221383821	0.4251205640211817
DTXSID8025046	0.08671597345019644	-2.103020739624017	2.404322724207316	-4.248119756169153	-2.3632039954600246	-3.1415459360739364	-0.19479345088041083	0.925438072491181	0.11054456531619022	0.18729730040870232	-0.5453890302224549	0.9910438952857143	-0.3277308897695973	1.7692859369354885	0.2454029506169212	0.5120719091153733	-1.0820110218347767	0.7460470749157866	0.7143114700207207	-0.23510134507925978	0.15998724575961912	0.2131131934293572	-2.0554552030783193	-0.2428359128635229	0.7454653934732731	0.5928090550364443	0.2882019702643065	0.27562181925898804	0.35914781091572956	-0.507374108297403	0.741677668106206	0.7292694816699565	-0.4524062909530831	0.22916625024669726	0.05161277480374699	0.7083166996971456	0.21629021356913025	0.6154574130862699	0.4004538354269245	0.43250066111517127	-0.3486253405804383	-0.8091078228379436	0.46105384025438195	-0.023569817200412166	-0.13632963327452052	0.0700958489623074	-0.2566713456022048	0.3434061043147536	0.4122081703435857	0.43209035446901223	-0.010622679741475655	0.14853198532745646	0.22916651697082416	-0.31500508124324045	0.40288348741850866	-0.09320970837783561	-0.42509752361682457	-0.261488666872831	0.5273992263941158	0.12345250632266473	-0.08654393514417565	0.22219294936827216	0.5014032699637387	0.3783253923310805	-0.33443575857224866	-0.924895654765769	1.03372527473981	-0.48106014769448546	0.021541181850644964	0.8608725237191565	0.15178480494038563	0.21383019558395144	-0.5729074918720412	-0.08010131015079223	0.6595797560772193	1.239810236779693	0.46810140016643637	0.6187411838055508	-0.386408878641977	0.3612153828415162	-0.20519324080696005	-0.36705146541799394	0.08533014438396323	0.7269204916161645	0.04919505620174786	-0.03360179896363696	-0.7602139763283845	0.7843371393782506	0.3840414766975906	-0.2379904972529783	-0.8058980204677145	-0.4683879724897231	-0.34733078117852895	0.3376851409287438	-0.5762716767537549	0.2457400062672905	-0.11431349887295926	-0.1932537775707795	0.7904755109678411	-0.23457352022651914
DTXSID3028001	14.052478488330785	8.36075373238646	-0.3136749587014547	1.357444347652451	0.9524809444688087	-2.739002256546107	-6.602263818345038	-0.25495720178030784	0.3109151756086296	-8.346536496833515	-1.8835774330556607	-0.4319834517813333	-3.3987199077306642	4.193509925950773	-3.8328662842195884	-1.849867927887538	1.129918251337883	-5.214598873673445	4.6753502111397935	1.1233594408339251	1.2630123045652983	1.9265147593319552	-1.0458709213772943	-1.8248892216104027	1.5009191208198025	-3.3162552917457093	-5.373725796908972	2.923485778617989	-0.38505692964579624	-1.577704187594341	-6.08949965117526	-1.5743218759441702	2.1837749481667	-3.442713086194987	-0.06761381476005446	-3.726757672383993	-1.5752717378532082	-0.7886535904228775	1.259987978325368	-3.3190728400426406	2.4509285428510093	-1.0143362020147615	-0.5214693932570196	-2.6006114175102195	2.0945384637642963	3.1002567840751705	0.8218372445902518	0.25542825354675047	-1.663356579846628	-1.1866029334463508	-0.6105112094204753	-0.9480471242436463	0.9846026523331388	0.38271562949214466	-0.13590720303629739	-0.12721439120115613	1.5217554778668143	-2.6470966503718434	0.5868367676663492	3.5981665110909216	-1.8717619644822476	-1.2179849357385726	-1.696346081318836	-1.6671240784012618	-0.9251660441274063	5.072348942121911	-2.065324249040989	1.4015195502075282	-5.338851716424165	-0.41142710297737645	-0.06625544240049493	-2.10721274657102	-1.5229764939424895	1.5798913441715643	3.8761624555510923	3.373722607398	-0.45855422878242696	1.61644692858859	-0.6232589342138076	-1.1213322045213097	0.5445684596997293	1.127008118598504	-0.5022140984485509	1.5782511639643892	1.7878892419645436	-0.9927611009517069	-0.7380955947222019	0.9696197557817299	-1.832584166894248	-0.311467272391918	-1.9274068816280392	-0.5410667679477525	1.009519730720602	0.054287824654618254	0.5672174266422959	-0.32645493017829685	-0.2649753093137872	-0.6720017510853917	0.28209667877511807	0.502125452628788
DTXSID9021639	-3.595683208869652	-2.0703990728967634	3.446440248808579	-2.42581118612172	0.006040726618012141	-2.0219965561963438	-0.397058778814544	-0.6994649697676993	0.619355164802672	-0.4540831742323134	-0.03863124863690083	0.21207221659077138	1.0702774124884618	-0.8771689623153093	-1.7380062750599845	-0.5322157619359963	-0.06378844721584233	-0.8612273388286602	-0.2884389451401767	-0.07685702086114644	-0.25463269125820936	0.20947999249006338	1.510597113268588	-0.23744117064247922	-0.39098871163805965	0.4034696099440027	0.35937339130308754	0.39086736147828866	0.1025465966935675	0.1389026432826347	0.6141533852117682	-0.3072185526564243	0.04318592965616671	-0.4536303011544438	0.0658259259886727	-0.4596740673250345	1.420018746995301	-0.8161446787907554	0.8590529531646005	0.6453125233859311	-1.4933260520447016	0.47024238177164385	0.41415102589111236	1.6113840682810165	2.526732404120848	-0.02903842542638443	-1.8189485669325844	1.7469244528922896	1.1544368193404437	-0.9635054453257849	-0.1278250779256975	1.4950552319485961	-1.4462156778356343	0.1397318895335898	0.028797265430725822	-0.7728254208644316	-1.8184936950626795	1.1742270391222887	0.36827988422289437	-0.5256093324811966	-0.3793808158261489	-0.790724085653515	-0.10295934466808943	-0.5197182596961091	1.4114178967214528	0.5662792446848933	-1.1535353973794973	1.1107096887596113	-0.2399780908727622	-0.13649730145270458	0.18284050495307874	0.442327709379025	-0.16478720570357921	-0.19857186161353588	-0.15789243524442959	0.7833563709785102	0.40528962905370486	-0.20923517572378725	0.16210900526020852	-0.4964829332195212	-0.6093577006733517	0.04756364024571935	0.06158297266329764	0.3181669689095555	-0.01467918113390102	-0.07895351831343154	0.02889026257200092	-0.049567267333047296	0.15135111999631587	-0.18660447062474142	-0.12451946972838096	-0.28947827025554757	-0.05335641586003879	0.26508531388502804	-0.2062746781829683	0.3868333577664075	-0.15459348286081231	0.19911388488535695	0.21791379840797342	0.11664391745600772
DTXSID2025424	-2.6321821407873456	-4.380009192855564	-4.69349112158339	-3.111178010508679	-0.5805280046042808	-1.0309410416231115	-1.0810381958896438	-1.0756481243396383	-0.6240732877615878	2.1774183049639797	-0.6487609065652595	-0.998961590955581	-1.4867367123759203	-2.195349227825618	0.41448180680120006	0.71970218722576	-1.1146061254683035	-0.6792580462915934	-1.345298985106991	3.6569521491671746	3.045262105867474	-0.4192464298247686	-1.5055113685886221	3.6162391533301315	-0.9110673526692261	-0.3845160848384303	-1.0516605146824967	1.853640541691218	-1.3625234599518063	-1.4404039289320416	-0.7892843949388407	1.3599962851809686	-0.03402336462758321	1.6330984610950081	0.2606697370329415	-1.9191687706742215	0.5035110970981035	-0.5416885320289331	-1.0179679902648826	-0.03796467491531859	-1.1057593350405746	-0.5955172981842621	1.680925505421424	-1.067929909723757	-0.02177156108026031	-0.2656157840910351	-0.9700930082671907	-0.13689895936249719	0.199651772870611	0.3508480954629388	-0.032285363702431	-0.26087987306363875	0.5162405038179878	-0.6894969123983411	-1.6983759237964258	1.224254382393746	0.5053044915073661	-1.2946727731053083	-0.34067429828668166	-0.8436261287098155	-0.42764633209114444	-2.2197837244245906	2.5138130979319633	-0.03632843724821657	0.4841936226717533	0.6630256112240078	-0.6501862067453262	-0.8370782944663528	-1.1760569916866181	0.23724394428242684	-1.299329346945721	-2.46034416400397	1.6956962115375904	4.376930289436416	-0.7339981214641039	0.5842349924683403	-0.18746226622247905	-1.901823023386583	-1.0031967043147172	-0.5766495811565372	-2.4705200978102173	-0.7071245181045854	2.11105029600892	-2.9251892786544835	-0.7168289604703789	-4.7007456008896895	0.4377382650497985	2.0051354130998464	1.4026311106486977	2.4562338816170564	2.610951953530142	-0.30304641064597	0.24674267385513443	0.6110875175980638	1.1716311051984851	0.056539839717933325	-1.7673263227431548	-0.48599162006951735	-0.09036173627769081	0.053607126620905186
DTXSID9020081	1.4214329058466024	-2.7804731699316134	-1.2289908403501766	2.1196613291449293	11.710579073911084	-3.21411782681635	-1.2353042675808914	8.987737016897624	9.090129990935734	-0.33613226240303895	-7.002250847490049	-3.1751563840235177	5.092392768094503	-5.561547761320718	-0.20032964510702012	0.04623200878862347	0.35391795306065976	0.5308456476816803	1.7571648209759607	0.5564753159556511	-6.3771054267618545	-1.293812421751995	-5.7214633830886354	-0.9780563479006547	-1.406044806917519	0.1453925359026108	-0.24148440806431154	-2.562948738822441	-2.017914039966339	0.09962110152450966	-2.2380432535232067	0.5485678786633382	3.6046392811885046	-0.2630736285102645	-5.179858268032201	1.6598515794215738	7.804203919588816	3.166338696868884	-2.572823372997219	2.4592062605312512	-1.3223437231640838	3.7537883660735476	4.3076451620299006	-0.24307184703141146	-2.9116382010542257	-0.776354697516414	0.6890426802483625	-1.0762383697264846	-2.1405137242882026	-1.59192056972629	-0.2657320488974979	-0.3906772722495678	0.816021795209805	-1.738779749647408	-2.728990330092862	-0.5432958130995074	1.529732265680858	-2.465933400798578	-0.28025678559769746	-0.5151553937438312	-0.6661146518292183	3.498290895755929	0.4513734519500642	-1.1215108551613697	2.558461439016236	1.473682559455517	0.05887461181578535	-3.0057399772679814	-3.440421377660407	0.844769068880122	-2.858025904075392	2.7746875776409885	-0.31148225315624434	-1.1364264797624504	-0.9456218705660071	4.809204883094852	3.1044479943585284	-1.3516458285721462	1.1466545822013132	1.3134143322902059	-0.6185414119896191	1.44376339379679	-1.3392309897332506	-0.8547766088736982	1.2214887173147053	0.7083953471145721	0.6648577326778266	-1.4330644341700078	-0.303466053157596	0.6006916985846442	0.40171268809244637	0.6871786145958678	0.7219772320898324	-0.5974655645659039	-0.4836613089740947	1.2968298615278606	0.20720394826412444	0.42501620894300685	0.0844606573211788	-0.31761512721733653
DTXSID4045763	0.703582045498863	0.21274171981108117	-3.1844899508233717	1.346256184505244	-1.6882409821902702	0.1602759042529687	-4.805382171196851	-3.671071196327984	-4.401685475836497	-0.7217332793824774	-7.837950892644474	-0.8910279619817791	7.2462482682259886	1.9747968744495146	-0.18544152010511936	-1.947633770833807	-3.168856564869714	-1.4361502090781482	-0.22920128658022526	0.855022230983231	0.6050108036688894	1.5949214960948732	1.5216493687782815	-0.7295164432265451	0.7933988250482418	0.7557428344706622	0.48598162277048357	1.4019674677740779	-0.9985117623931485	-0.21138276574942536	-1.4790520748787246	0.007976302174061575	1.0793288018588925	1.2850093951057766	-0.41814381919479693	-0.9307098924167272	-1.7074458894490576	-0.4369535029046658	-0.028871073273453875	-0.028373802882906356	-0.03489547051545414	0.3691085835378784	0.0795327903398689	0.7497380881634306	-0.8285045531407456	-0.6045539171545165	0.37339918036608516	-1.215713490214588	-0.38863317375279044	-0.435421294880209	0.24891583296680386	-0.4490162194151061	0.4712127110290052	0.3171284136377746	0.36116967990681076	-0.3148915748929697	0.5499809464707879	0.5626778819192638	0.009207308303491759	-1.2574709821221612	0.6193544231110655	0.9271161775913618	-0.4960424112810488	0.1563797132994027	0.437452977391637	-0.3778718760973394	0.5317893517814257	-0.3871796278419537	1.618832701114532	-0.7240675932826154	-1.2768973698603918	-0.902920679881989	1.0762632760217672	-1.2304734581036976	-1.3182266726383138	0.27538595067567	0.45710313093241595	0.21174519216992002	0.18185314827569762	-0.04270906943217866	0.8848494670295564	-0.5997825046676465	0.06662366508762294	0.8256754210091611	-0.641053545736657	0.10292041108107096	0.21511617535072952	0.07968932687562684	0.03329952647099666	-0.188644159447921	0.15311829996539933	0.2011362321540617	0.6339819764092998	-0.6010730435537432	1.3222709722694614	-0.14270854167958968	-0.16964876400010542	-0.172323049072396	-0.5943389785801347	-0.06929142171279495
DTXSID6020981	-6.273230906675331	-3.3791120936813304	-0.18589833241582315	-0.09041513485926023	1.168724957157858	0.11800993821923815	-0.3799201263269304	-1.0639384357921409	-0.18289076093590115	0.024593798834245312	-0.2868565031361889	2.44197495329815	-0.2964364811451241	-0.5373686267035237	0.42162388961367736	0.3604471078399612	-0.4303428467304726	0.2711691193462451	-0.553176046754655	0.18575183847249735	-0.2282621943619448	0.11690195892581368	-0.2781178331543164	-0.5775848119067742	0.3724358150326496	-0.1785163626484459	0.11816400143304766	-0.6103298077399946	0.17001250111359387	-0.07226620277912381	0.05901955030998438	-0.07043468211874751	0.04069274744934357	-0.1987475596763481	-0.08076248725674766	0.006641330360048229	0.41683926006719313	-0.4218966494439479	-0.04257406890255779	0.5096452548893763	0.25360939476776956	0.2865698662525823	-0.6200276764788355	0.33578087926131	-0.2092294729431375	0.2698954652527492	0.12677025051184723	-0.14562178399914952	0.0039086182818103814	0.07770300366679556	0.11898895124758825	-0.26149377744698515	-0.007227273593924243	0.11181281443291348	-0.18543399644342815	0.09961093764218071	0.13018914756849362	0.2946745730488353	-0.24103470199317875	0.13451978944742385	-0.11151079820926364	0.3000455266087036	0.3566329290517729	0.18112152864304193	-0.49327918110091484	0.1055124470602211	-0.5921734309123403	-0.05144387394421124	-0.61158194035936	0.641989502556528	0.2281430231864144	0.6589170638562666	0.15478803668462693	0.20848132732183133	0.10456552622837359	-0.43648805042521766	-0.678093820844947	-1.1143474901786703	0.82310381452695	-0.5357937337810486	0.4862440161118839	-0.4492480807596891	0.33054837244899327	-1.3215938681397312	-0.1449374555572675	-0.4977352421046281	-0.6144329257409624	0.29136812438560367	-0.9771343404147356	-1.1026766688695453	-0.11185738049843547	-0.40653527243553406	0.07634145798250457	-0.43928378273072466	0.25164115479770854	-0.008079941897695805	-0.3419396285016274	0.02442439472196198	-0.23086786646953278	0.13238950659063872
DTXSID0044525	-0.047348207248549934	-0.6556068975728419	-0.8287401684170681	-0.9422689357486411	0.21417970794000302	0.865618531508297	-1.8252699005064468	-0.5390298024833513	-0.3192493434301035	-1.2062331568567382	-0.2904532143735191	-1.714615097137399	-2.384463535677151	-1.2183795618228885	0.7417895360710408	0.2585466818799743	1.403787740032672	0.5743408954967449	-0.11229700251506437	-2.0564510271825527	0.13694202782820006	-1.1555800324578163	1.2764998491836281	-0.737846089329841	-0.023404819616973327	0.36227283392798315	-0.3596105836549353	-1.173405801238229	-0.4547367065901528	0.36963521459623133	-0.36587207084713563	-2.271080443845433	-1.113719073418664	0.7215446190808192	-0.6637298603557249	-0.8531412821308894	-0.5591775887442009	0.7900321310565134	-0.4604870801694625	-0.25675259816319207	-0.09336891978062979	0.833147824920835	-0.43060825268056846	0.1354348513531042	0.30965988667846456	-0.43337956924087623	0.658101457316508	-0.3308090658149677	-0.7796278167819385	-0.5366976518311153	-0.03412128982790419	-0.18472046350658805	-0.010068816744699968	-0.503093100666964	-0.36088991580153557	-1.2379957615369441	0.2491253214104793	0.10010446303973744	0.16067477570755392	-0.4846383551906334	1.6791482471730614	0.37599007436965654	-0.8231779892992662	0.8683526468756576	0.84444069343024	-0.13281898097127362	-0.39563037394279504	-0.3668284851140017	0.5366110482833595	-1.7373922252283345	-1.552549982520846	-0.6311766970347847	0.38029284272652875	-0.5728407870402737	-0.6507817133785118	0.2734709790407986	-2.645321390588248	0.43338817012803993	-0.43248022674241055	-0.19313748151785365	-0.002895407318306335	0.33388732897243173	-1.2550436293293492	-0.038865036823128224	0.41205065546757624	0.6645188747179739	0.1269607295416873	0.7500979466115274	0.6396546232498211	0.28529930147696897	1.7504372193383944	0.23615757858159425	0.06552414891676124	1.0928103417607706	-1.2031166321951825	0.2508582793634543	-0.9665579683577985	-0.5253786704386819	-0.7542674005130723	-0.08384253177232123
DTXSID0049315	-2.4054868641578437	4.676908238624434	-2.0494556222115565	2.5109137244019055	-1.8024170828123691	-0.9364503783942614	-1.345783742303421	-0.578896984176729	2.706894493717497	3.8732442464305614	1.4068216999076344	-1.254848701320661	-1.3080088126211158	2.131084465980334	-0.576843932493186	-0.19203495948062252	-0.2332012215118524	0.9458404351260083	0.9810531214408816	0.1363730303018449	0.021848436527153008	0.7701832222337684	0.6735443896962767	0.3043022484509316	0.2639782059554544	0.27392872808835456	1.017033228053179	0.26730146528927223	-0.1937949439504575	1.4382357813202684	-1.4328980760141892	-1.656640487902559	-1.2217567938269973	-1.0375673988850935	0.5071996096842263	1.942289424054257	-0.7952966260247186	-0.04984937767994735	-0.08073697852815681	-0.02276112294162245	-0.9750840307020874	0.26791740052701407	0.8330457888113525	0.2529551474519145	2.147506709398453	-1.642732654192284	0.9298983373788896	-0.4565167985158058	-0.25265106137373156	0.3687099544955387	0.18719426907412354	-0.005886857365580172	1.1958293993014317	-0.4289810065535563	-1.6823425500612268	0.3473745826015889	-0.5588500253966245	-0.8730810965480233	1.324846594845732	1.5706083948098537	-0.9067059715099816	-1.5656317026037279	1.5966773871154547	-0.2799341196937842	0.5780752079269347	0.9104385727137959	0.41352615033415685	-0.884381879982127	1.0476704580434135	0.6829033698523118	-1.685346152004235	1.3804382200661989	0.6506906453704628	-1.4511345017429271	-0.20815927184747854	-0.6935837114640913	0.24186087835883005	-0.197910460266426	-0.21855768620831198	0.1634724913316439	-0.5713173818554814	-0.5170323236701316	0.21738192251186253	0.4236814067776364	0.19437683761404606	-0.018078325699532997	-0.42738341921354583	-0.4917991670963781	0.37921077478735293	0.3522431862513977	-0.07122536338498067	0.28344136178836166	0.04899825514482007	0.29723484401161493	0.16530810335759863	-0.0066895191147865445	-0.18664329985751982	-0.39823365944066436	-0.3044420610501089	-0.14158650718499705
DTXSID3022904	15.57474621211577	-3.829563928803846	7.2432964013132475	4.204817968416599	6.157176205107837	4.318338763607577	-0.963948530481165	-1.3306866659459131	-1.9289527106941742	-0.05462887685684695	0.6250424567802788	-0.5177190686602701	-0.8107915881282418	2.448058077124905	-2.8453189455497245	2.622905408435974	-1.5197082282485308	1.1466841393200509	-3.077022031322859	0.4768752406680128	0.24169804656807545	-0.7245210726794663	-0.020672261555139588	0.6861202839473685	-1.2872562775963203	0.14823365969123475	1.6620475217190054	0.2690997402539404	-0.5324144993982897	0.8471106771943747	0.1982192237264812	-0.4218785899220871	-0.10786655133744598	-0.4355094761063904	-1.6485741575348918	-0.8879727090682389	-0.979925857093001	0.06280114259386939	-0.5056467310334037	-1.2798109429600704	-0.7385286599020305	-0.153078839189336	0.740869768926078	1.2402827357061643	-0.2550460232335899	-0.7371632920124629	0.7788115967751047	-1.3285549623683075	-0.03419012980237513	-0.060758483571546486	0.14966818479357574	-0.7657058878258242	0.6347919617199351	-0.29012734639019505	-0.4183351574505806	0.09053608653272537	-1.2237789093986453	-0.7629224323000763	1.3348620776515001	0.7508091726104138	1.8251800309704105	1.3111034886807742	-0.19973747147809695	2.0172163061888697	0.39819923906853494	0.34847631961308406	-0.9924251411190693	0.9401010506574569	-0.2826111846324597	2.1220791182710355	1.8024839025326955	0.8893306577250423	0.011118962058901454	0.7257960512586807	0.04325870197903925	1.0429526034622028	-0.5828281106020226	-0.29304193889110414	-0.42343605325971795	-0.1232631951192003	-0.32264113714307097	-0.321757273539645	0.14471714649568518	0.225156566174162	0.15589061866633452	-0.17817531315214827	-0.5170185016743415	0.483510851929864	-0.3956240886788479	0.3406503793434096	0.45763291814492896	1.0111852557788459	0.24068448220122962	-0.16479736521126181	0.03605237702527679	-0.05632159586536879	0.04422473127365737	0.230844720416996	-0.660912980591485	0.02674472654210431
DTXSID6052112	-5.177635641395962	-3.2144612307935985	0.8087836011534686	-1.5211851418554303	-1.5127827548743058	-0.8977058127997242	-0.6635435336311832	-0.020703462505593687	0.40151118514244005	-0.13762221679852696	-0.5662507104414278	0.11397275872224025	-0.5925140821194758	0.9413763068447123	0.46713241512388076	0.6878423464567622	-0.5990257369240923	0.5763948708341419	0.20913982683832907	-0.3401127989515963	-0.12063301364292628	-0.03313068085921944	-0.8304776025135747	-0.4821242535111109	0.9867471182833721	0.00924684938653217	0.008802619285988486	0.04783814041593366	0.16812974737445768	-0.1495667966564623	0.319275298552584	0.27229695406969534	-0.18849784170412903	0.011854588819360292	0.21342787695442209	-0.0591879868546423	0.36636967341516063	-0.047776931941465324	0.23243833890958734	0.3615476240307097	-0.30648684706110346	-0.549892090988199	0.2055880019181993	0.017337890140723244	-0.08704689517786734	0.0967294500235986	-0.06947587689584787	0.19290049993517128	0.266410325304494	0.27499868999443144	0.06585974568891238	-0.008658703047843424	0.25219732471056744	-0.1739678373940844	0.3409055836567458	-0.36737130601081747	-0.13975455913787388	-0.2894130262339764	0.5241494724849404	0.16093983386151234	0.006217152919912651	0.09760875771436767	0.11982899597170277	0.4232229183400839	-0.17228050897900093	-0.051239273301392024	0.6239360255145007	-0.5648906102509614	-0.5618989057549659	0.3964282988173062	0.6265330053570306	0.13991924434957576	0.03887935966258472	-0.02306245683743371	0.012111348145861232	0.4305821412811038	-0.1803530179744802	-0.1497991116150849	0.2568636027096449	-0.09601279985384696	0.05490879273021665	-0.3206171073986576	0.7620711064880298	-0.28651636709778394	-0.13452045588213934	-0.3283132404918912	-0.32876616288385846	-0.24222910823583987	-0.07553382812209393	0.1866541524520228	-0.5942818894754696	-0.6354091824758479	-0.42589758082582546	0.06427227254073413	-0.28554850124023234	0.02555513358297158	0.38009893416964	-0.08331884179248848	0.7790642466949149	0.1343551651892131
DTXSID3045645	10.778200482329664	1.2383244812555232	-1.6532011821328607	3.4503501395966505	-2.6765170089695536	-0.9032213219835704	-2.9483961285545686	0.30099411872988374	-2.0028200351728493	-4.407432152838194	-4.094908038545013	0.9444222090077743	-0.7580904048607285	7.010878285803321	0.7563891634625606	-0.7864566935584903	-0.17868894985678058	-0.4944342856877857	4.169730389467121	1.4354909582788042	0.6761935592282238	-0.11414580139524604	-5.548449364586212	2.1289719825547615	-0.10225573761075006	-2.264520133776925	2.450131920215643	0.87731893402079	-0.1964497836693104	1.9775465371879926	-0.4611875077040153	-3.0199294587148295	3.7521398414667435	1.2584876380723138	1.1961107835456088	-1.0256013306891998	0.5232547202353683	-2.246462237131917	2.7417944424149647	-0.6328451562701487	0.09937357373206254	1.0994500333946102	-0.42802132586680186	0.5763599228489052	-1.137174138215531	0.705108815720748	-0.29316887679246656	-1.369059432904419	-0.9818479973261484	-1.4084644682403626	0.6047579759402515	-0.43500971803162125	-0.533240817844276	0.7582375926822846	1.5925638019626083	-1.0419996118172175	0.4832844657038432	-0.4014511252430142	1.9143536355959687	0.8879880142346941	-0.9965007205723957	2.026606861330003	-1.2999725862055371	-4.132208365608877	-0.5517981238925402	3.0008987041136597	-0.9235592551898467	0.8657770621121659	-0.3679532717911711	0.4180051782144997	0.09262405187654946	-1.9677494577198376	-0.968097457095232	0.6576630770507398	3.1003020836515423	0.8707973810777583	-0.093476582839291	1.0490391806190034	-1.0347571014281747	-0.18722686101535557	2.7577844748013227	-0.2800815419858462	-0.3489744133088083	1.3903654519421969	-0.0384940513327985	0.5814304386685853	1.5003038177590997	2.4532318492157	-0.23055623596987912	-1.2235216977510608	-0.44714662408240424	-0.6038291034308675	0.7807057042481722	-1.0800420508264441	-0.19205797049666812	0.9366788328341972	-2.195595638835984	-0.19914456859574503	0.41150611226609773	-0.49438281997358224
DTXSID3021483	-5.115691911513709	0.1490344343494857	0.6146996014010438	0.9862895855299566	-0.03175262789068419	-0.17957693317542328	-1.8419964687115358	-0.5833589387670086	0.9270243902908087	-1.4898987498444936	0.25226278804164853	-0.4246561909555203	-0.676179507114329	0.11080426143350283	-0.6049715153402663	0.3376408241817694	0.37265684730451	-0.2078047434390109	-0.6046664211051068	-0.7452073890872521	-0.04890484381563242	-0.39786627299856964	1.6417209452656407	0.018432752205567445	-0.016700006449078604	0.43872234069496086	-0.15208862936482218	-0.009026731589923408	-0.20779549784545223	-0.4003247916254028	-0.15919913493077983	0.24904366785033902	-0.5071749559519761	-0.21189587373608454	0.12370550375374376	-0.937483304920457	1.644269458080747	-0.9120153427974758	0.6194307422069254	0.6104719170197781	-1.7634954557461946	0.6139391579020546	0.6541421094549975	1.9809432286456237	2.190355813610987	-0.1716215911556939	-1.9471938352347375	1.431738686162847	0.9391548041006286	-0.7008474548074318	-0.13041609253160533	1.4855928195316446	-1.2846476509411824	-0.14844253290592166	-0.12057800007939573	-0.9853948836734934	-1.8785587559158827	1.0465673318206234	0.1878560629746408	-0.6255308871101966	-0.25822021281207136	-0.4496272067062926	0.0029304654841060896	0.06736320830509217	1.5501303013659595	0.25222167108548826	-0.961357221687726	0.6145591577332006	-0.058236995183239104	-0.46987691019664596	-0.29536795822139456	-0.01341420073284461	0.07042857635359615	0.2613161263933953	-0.01515331563808525	1.1190105966484165	0.45164691124147543	0.22203402030781877	-0.19110912807251437	-0.30547843903918365	-0.026290246032914123	-0.09388162192206465	0.15714204122780068	0.5093976639289638	0.21871653045769474	-0.12019052640647492	-0.46779470166605436	0.09983620734567633	0.06503500840194987	0.02172349375062605	-0.22547998314163303	-0.18165791604732287	-0.060353276152130396	-0.06613645782924353	-0.16988763168335003	0.10894272034771676	-0.0011618955636235793	0.18964719557640136	-0.07798784650485212	0.11698774798067849
DTXSID7022170	-3.571794946119681	0.5587382641456641	-1.5698838116778786	0.58577860159355	1.060356985871837	1.5582173040886436	-1.5907918344042806	3.361357369683455	0.2524838269423973	1.412087684321109	-0.5959793343197892	-0.14822797491657028	0.2889262880368414	-0.37917137085956126	-1.7829702281416826	-1.9333957017679226	0.39499145496063726	-0.5710572400935686	0.11177697445616969	-0.022356849241267983	0.03544705662227664	-0.47235079666046803	0.5501465560243045	1.2854165479887862	-2.108460012710076	-0.5789655844400711	-1.0509957906083909	-1.35053134239681	-0.4926727599632552	-0.6676583316443703	0.7131458439649231	0.20175372844513426	-1.9557330555068688	2.534624307899134	0.607261696397865	-1.0223870473870729	-2.5083817638786923	-0.40403247851851176	1.4685776092709932	-0.6825287645440694	0.9201008012837014	-1.6162355398818444	-1.6731579876918943	0.19721590202991027	-1.0155578099501645	-0.3195053252203601	-1.1811338457954457	0.4457064672692849	0.2678782430123384	1.032182004607906	0.44335077455845107	0.8114374724275712	0.019271192041608463	0.36384073059364214	0.567561543102465	0.5380728751861541	0.10897660831883144	0.7871074066012202	1.1146546109491953	-0.47217819369703634	0.20919603885592086	1.5474973483595993	1.0995605322886846	0.06106618011615914	-1.0080484652679773	0.6901506342945273	-1.0531104661372175	-0.34793720165812814	-0.008799348660795007	-0.5069049474357769	-0.3265930842958075	1.285814247630934	-0.39301857040963323	-0.38356384998650356	0.19864918854550911	0.11965979186020703	2.372606305700998	0.8650092574933312	0.1036921811917163	1.2080255109073346	-1.1963346713712368	0.3492095255963209	-0.7278615762622695	-0.6246863545125093	0.5996699864462736	0.005401469080509508	1.2985856737564205	-0.5020691442966184	-0.5241607313627386	-0.034566502940564736	-0.08341846312042517	-0.5832349281840802	0.019322499484250518	0.033083389735651184	-0.5412236599451454	-0.2513474964237308	-0.10044454476719544	0.06926723674882249	-0.06441084730492844	-0.43321378455304693
DTXSID0023458	1.7665702927513127	4.90142662224184	1.108801499958999	0.19836726265519658	-2.6724304611906575	-0.5000702289366691	-0.3763901977257684	1.1630106010091954	0.6883069034716075	-0.8235753409993936	0.22352930325918816	0.49242350597345663	-0.23280045641436456	0.9314532854698678	0.9605903613313885	1.0307223751617318	-0.010690540669088514	1.1599164556507449	0.30063046032989715	-1.0039876811080557	-0.7694551843325759	-0.38617866027980496	0.7797831296393493	0.4307312859812145	0.2490864179679224	1.0491997145653926	1.4436823890103303	0.011411507676885436	0.3030803563625744	-0.38292415275002384	-0.42672878365709643	-0.5092795605198763	-0.5626054128691806	-0.019320045949050933	0.774057753973695	-0.4330763812995802	0.5160703804446634	-0.43873548280784513	-0.47242872280875114	-0.6338281635035576	0.2284202761156012	0.06908396660674439	0.08572124082578723	0.06268981712523954	-0.2617330726602706	-0.3807708328264284	0.1626207025096841	-0.25085620873921244	-0.14634007086959272	-0.06973393320302972	0.08223055156974457	-0.0777591061497613	0.6006057046446764	-0.27125873717045523	-0.42564562681148477	-0.12525854442731915	0.14375856593057168	0.20559221151184842	0.2213423902408796	0.16844898487904886	-0.7338840641118392	0.042176861743133856	0.1607954631560769	-0.22793247365544406	-0.14206432274920616	0.426697463122874	0.05649856678373423	-0.1101526579693075	-0.8859972758922389	0.19922529082201346	-0.22298813808259857	-0.13876453495298588	0.6670020673827484	-1.2577291961636268	-0.3087630945688707	1.4787960807141571	-0.7879014890831254	0.779103879327944	0.6824788314604723	0.21634904878207092	0.13392050514447998	-0.23033899927248147	0.9213161954028887	0.2107870719799312	-0.10226202798801169	-0.9089298166739778	-0.7698664505328169	0.9472875733640517	-0.06366288476285682	0.20680767666545818	-0.35246402288308326	0.5438680376352366	-0.06282261736015227	-0.024412815763132614	0.07118409609763975	-0.8808310351844862	0.3126265663938711	-0.19744883659510692	0.4144853023969968	0.08588362312285733
DTXSID9042594	10.110370421195913	7.422385564927292	-0.03709987680633491	2.1454313560569687	-0.16708860735911624	-1.1875313902425486	6.383492115054031	-0.3298344342987447	1.5661243041108248	-1.4082034900837692	0.9326680246278235	1.165461734918938	-1.181228974481475	-0.5524450037564398	3.4934372943687397	-1.6273451428761454	-2.716013743448203	-1.1190212220479947	-1.0371931399379155	4.516392125966787	1.100290987362425	-1.3493412070704975	3.2107546211997775	0.27871621183932993	0.27734206366817726	1.2464098771797336	-2.566007237658333	2.258033665231612	-0.4614015757455065	-0.4189981939550231	-0.15186876191900314	-2.5183041931244383	-0.41902947488253056	0.05758919153262048	0.022514426571686275	1.5742900205712278	3.835984095991367	2.134485873514279	-0.866180829344103	-1.2058978519505392	-1.5040101248765534	-1.0395285473817937	-1.7043408424534428	-0.2543382297861577	0.37584288652683856	-0.10065742086797291	0.6647008640629173	-0.7213145464775125	-0.03583338603892409	0.5121767457294082	0.2731609541028089	0.8622382266201424	-0.6994459121697232	-0.8396920123024019	2.782157808518872	-2.195139648458081	1.397981954936333	2.523936483122665	0.8365048247522104	0.047459383519437695	-1.0216734748472773	2.1229620698025	-0.4628651565183166	1.9235235021698656	-1.3115725053395955	-2.0657519619412454	0.8883965706644682	2.206888557126553	-2.4282193757558543	-3.6427226082743838	2.4560655021700377	0.39356332815439526	0.010680292213220423	0.10828399339344826	0.7624318571580565	-0.5430818592644103	0.6977848963647244	-3.2478121656943215	1.0151840218553738	2.5622290677339947	-0.12738341612141066	0.5098617983481392	0.6577056546924678	-0.7645973111552308	0.3132836024066299	-0.24087138756997623	-0.698519024009654	0.28664974925203973	-1.0984545533587102	0.23260068541121545	-2.1412564733556114	-0.11272021108779617	-0.044340928361082554	-0.4403762082665496	-0.3159359025713864	-0.3970613972868175	0.3755066602678366	-0.22697423942900918	0.10943047046740945	-0.9367528728473126
DTXSID2025395	-2.129604227243523	-1.2716696306038056	2.163051041468648	-2.591177883558892	-2.6053193140882316	1.4520543140901985	0.34401050007422856	1.9269719713713107	0.22934409320102825	1.4142959298680249	-0.630068145618276	-0.5926416679168705	0.6216041404617307	-2.555158474652694	-0.1596570267167985	0.6708889078690745	0.04962187876263213	1.732176748490919	-0.9692887121664093	-0.753101638921678	1.9912545476044683	-0.9876854778925309	-2.333307399849698	-2.198566049028098	1.6141813634939897	-2.3919779491074684	-1.7036473921382136	-3.210032959389664	0.0935574406322733	-0.12109458096553134	0.6151456876671461	-1.535242705560336	0.3176738235636366	1.1281562826784621	-2.6705315965277956	0.22588256904960627	-0.7657551796383467	0.08957101537723315	-0.0623023387687379	-1.229468102723152	-1.0114434911141024	-0.24168030438717383	-1.249994637319256	-2.363352353810753	1.028600510330522	0.5619562780408712	-1.3254189154877343	1.1969086259926278	-0.4592986214789741	-0.1076526113050067	-0.8656612001807197	-0.1180755468453305	-1.475589411938841	-0.026876768400207876	0.10917293472575668	-0.05483591912697284	1.131104409118608	-0.5627619769801687	0.5219755490333969	1.988603215344241	1.5031674527107404	-0.12664355317910772	1.5600817071320263	0.6444949043060473	0.2610243015763038	0.7459922213321433	-1.9769575376117037	-0.673795921120796	2.6482829937061583	-0.8998336172550587	0.15645158119103802	0.9940283413313438	0.2895259846253294	-0.22544126865959163	-0.8424599141366085	0.12708865090990432	0.3866053303396321	-0.8131757232446593	1.1235712955128965	-1.457076634646447	-0.05677643314820254	1.4190467589717106	1.4695288551970376	2.115470036197775	-1.2891737877133076	-1.6660792697753666	1.1508676103632962	0.06056502110760709	-1.6765646162661139	-0.1001585076231068	-0.4431576677973763	0.6650883094730476	-0.4041997043734118	-0.4800281020952971	0.34811683067531024	-0.2893355363008573	2.298956311724401	1.9388122582158454	0.6940503375813043	-0.782420130322514
DTXSID3049330	-3.0432024600026186	-3.4335378936926926	0.5102505690017839	-0.7648284227783385	2.426827988269841	1.1738198202588634	-1.2745589947048803	1.1127094476437671	-1.4029985664564724	-1.8612233436383676	-0.5817028626594541	-0.3237559359219747	-1.1965029529726876	1.558930285232067	-1.7715076621351546	0.3710389843987317	-0.40467437966424713	-0.8652252370109198	-1.0571487562373691	0.6639160433992936	0.4913218672174994	-0.15671395464281987	1.456278700756808	-0.7265434058630212	0.13888970590021307	0.8913147105668512	0.8051523370943863	0.4543123428229451	-0.3544245702410032	0.09607583933758414	-0.5274430985800136	0.9683212241005212	0.893850897380721	0.4909043797293529	0.5479510829476585	0.08221140900772084	0.46877158873221286	0.38069538957504867	-0.5784555215261945	-0.7510731622341967	0.324842777075029	-0.5506137220504507	-0.3143331534106067	-1.2217048340990968	-0.24424024991063664	0.15589458200959783	0.36447104281807446	0.24397210172598827	-0.16330904538225147	-0.27204352606530763	-0.013263986624361181	0.3128989957982219	0.23876492871877233	-0.13449580106039183	0.3743995475694132	0.05663854422848036	0.53036656287836	0.4806742331675534	-0.049143476068448974	-0.49162970036716486	-0.042598354589389646	-0.2591319003316221	0.2670860357579774	-0.5166827617322297	-0.1996506361578244	0.3899680129575028	0.4882420186954323	0.028535164141611342	0.45080544208783047	0.4934053169267785	-0.41458919634960434	-0.008590788541646561	0.7200087379906482	-1.1745366155088839	-1.3027045778630726	-0.05055803287173454	-1.229412790528714	-0.025315295130324704	0.26794014524090726	-0.4651438821795863	0.057721970123495975	0.5066553382165168	-0.1802094846932781	0.23253009917863393	-0.07749050356043724	-0.21848525576235975	0.7454902641839949	-0.6888979108570972	0.5053857946467698	0.05819446374633886	-0.61710633858062	-0.6023766754852815	-0.7444497166954328	-0.508433743684777	0.3349279545103136	0.21797342447528445	-0.5327069168941018	-0.44918118116217143	-0.3622978395243753	0.005181739927360723
DTXSID7023061	11.460701865895523	-5.120547982231773	5.250685075023798	5.122666227274914	4.0023590453120725	5.215428194444121	-0.9880504225038594	-1.8637601580816712	-1.3642785114876803	0.8270846538148056	0.693470946668882	-0.8845393204053574	-0.361899147872709	1.3509944069762643	-1.8519225948012255	2.79861222847504	-1.7894420585112176	1.7810873491821133	-2.9870041358171213	0.5189598877497722	0.2379063223394838	-0.9097685171506931	-0.8090713576143775	0.849671844372211	-1.8191886814816074	0.4154498477088896	1.7674240602127205	0.7288991730467569	-0.09884692829254113	0.6978398246916463	0.936773962524176	-0.6361338392254272	-0.5065578334496976	-0.6901169075072844	-0.9677819272473102	0.004881386595330537	-1.4416291295700878	1.0720252386349405	-0.08384784096452669	-1.134514829839256	-0.7465347629796797	-0.175562911618444	0.7464939274508432	0.6430560861089016	-0.46279403663308166	0.07345898953595326	1.0451885592263739	-0.8171285458208967	0.12416836210024067	-0.26719773105173067	-0.02841339879235153	-0.16037789894997917	0.24345103635558143	-0.18765423250137156	-0.3241470673084576	-0.3916502199878097	-1.1328476571948283	-0.7406352675935172	0.6770226130211029	0.6928309100552681	1.945749050438146	0.4279812819939786	-0.2840062903784437	1.1778740530343605	0.7115771929961308	0.45202559164957556	-1.2037708176137358	1.754659265186766	-0.8413573011982459	1.5575861776827267	2.167619538229163	0.6613751615964045	-0.20833470363965437	-0.024574684501653992	-0.5031646225065567	1.3984420103039041	0.12294412089038009	-0.23486405918827394	-0.41442182642110453	-0.3105934933392706	-1.6112937773107532	-0.5200251249419048	-0.25790549643898397	0.40092515250856947	0.6519790657966471	-0.0690928210648205	-0.38900518509327464	0.7085746882268373	-0.9186821859088918	0.31013861894503836	0.45212428190867443	0.9735259746248376	0.2374328226633359	0.3973007003703556	0.38462005270180766	-0.27241079077736124	0.8856003199604262	0.29269517811881623	-0.06300020684810126	0.6932332295140184
DTXSID5047039	0.3096769400118941	-2.3821763033323364	4.459508247573581	1.4208327119799626	2.0536612228447635	-0.21568038441971743	1.1822375839188617	0.8158434945623463	0.5916400145928018	1.3945089595291476	-1.6285697207273713	-0.4903823073383153	0.714760758937941	-0.22246622427385954	1.7446435318261222	-0.01959860209913887	1.1024960160010688	0.8043494802758174	0.9978353283217712	-1.4070928304941104	-0.23788829359285973	-0.04772165369605496	0.060544728906418654	0.00607498783931189	0.43830208163417256	0.4173701044810978	0.5690047059078698	-0.91281411339933	0.44684468716870357	-1.108749312013086	-0.29654629399631355	0.5619678270072022	-0.5351668884843949	0.12606295331045317	0.194072247870457	0.06292935467534075	-0.5354103652814696	0.6293640098306871	-1.0947171010658223	-1.1276478123147387	0.8193296322517705	0.87304411296948	-0.8523274541089185	-0.007188955678964427	-0.07239304474467263	0.5831239817258451	-0.05134278480211408	-0.43017281011454006	0.19201842505254185	-0.34252581211144817	0.08155575949215564	-0.25815907491342033	-0.11440385719395783	0.13689934993797961	-0.5892272049029157	-0.3267294399677643	-0.2992011760337043	0.8945056448437468	-0.45098663166702385	0.3142803538660641	-0.5944963528483466	0.18270006233879646	0.2589788727938667	-1.6532524668391095	-0.6309173902513858	-0.5917266039736927	-1.75387103971594	0.6272312568631978	0.23015423877659927	0.9066189880370036	-0.19790653192741883	-0.1947285795428942	1.5556548277063442	0.2436666266983151	0.28577169344885817	0.3665777872171976	-1.094072979041609	-0.2900666641098281	-0.6259104032232863	0.44285253028833554	0.27458446391682556	-0.3004953745636034	0.630224599871716	0.2040216366497965	-0.9489022491449249	0.2919106565585808	-0.1855916887318858	-0.12343804622008406	-0.6602413415554825	-0.015236314261029947	0.33501428001648653	0.20704023050221304	-0.05675792306840242	0.23922740985635407	0.09845599087465885	0.060686749028247604	0.21980834860839504	0.37081952051424116	0.11304412714726045	-1.154788210906404
DTXSID1047310	13.39681272828178	11.77662367052706	-2.107483097080318	2.8556909076456987	0.6318596018888885	-3.5784732486657638	-1.7169826503994363	-0.6110420097556806	-1.8770889334399035	-3.0083254172757963	3.19922449644431	-0.9377003616741518	0.4924951145334643	2.770055269246714	-0.26229457372248716	0.9647617036456093	0.9667119424136024	1.6386516885956817	0.6950864631774336	-0.37479558556046316	0.2822875884931245	-1.2889563219404951	0.021516772660489222	1.7017047772598326	-0.02041584363988789	1.3173203978946324	0.7957292204696329	-1.8824468050364769	-0.16579907229309918	0.7772106519318718	1.5653168341459498	-1.236102118709381	-0.35674025064783943	1.4807594726567699	-0.7124213069685223	-2.0438804940959714	6.749310251882851	2.2498816937714663	1.1264044514913718	1.8059275791649323	-0.888264596238368	0.5206944982889348	-3.8520963566048025	-2.57653792629507	-1.6513595798283347	4.96937976794444	4.174341217022594	3.4529743150135204	7.290756540570116	0.28238305882011167	1.9830639102778307	-4.858511437031312	8.021870893479067	6.946760410041336	-3.8945935663096396	2.1501024568037876	-6.905891029472199	0.7277477954947343	1.000194439223567	0.34562217896584635	-1.2966750691155446	0.2292262533028539	-0.41645633255204373	1.8504266267773846	0.31316884990175514	1.936456855195767	1.4628933800394932	1.4558509038690173	0.5674387256405019	-2.0755814529335623	-3.01692888630034	-0.24836764757111876	0.46310438756701705	1.5075552709984028	0.7414581766773946	0.19690770665973786	-0.4513663574385476	-2.244102967158916	-1.2030499218132282	-0.7837375716511076	-0.06689088046341157	-0.45675469517836703	0.8751125641205699	-0.16654723151713477	1.0607982328626928	-0.9284341915891754	-0.626904698709512	0.02132699509159468	-1.8460177547341963	0.1491692756159252	-2.2960298038526097	0.8326931058465425	0.5421007805920893	-1.2097912383841904	0.46319927151559437	-1.0690022724569745	-0.1775239785563548	0.13987157052640792	-0.7905522251610472	-0.7114220793203955
DTXSID3023974	-3.1495292919869367	0.39667961584373823	-0.5862706521757122	-0.8547824906201602	-0.806927648862712	2.132076247279726	-0.4303004132439624	0.3515706074065828	-0.14756392628897386	-0.6352200324734084	-0.5326795127272823	-0.2687941547551562	-0.9219027130989487	-0.3873755368962431	-0.6698557385104474	-0.679485995937428	1.390463904347545	0.9841828020167572	-2.148037759431197	0.13886145604962752	2.4321831670210154	-1.0331922248491312	-1.6846286955420033	-0.15379042540942917	1.6187529808686503	-0.04231363820992397	0.23497641275437386	-0.4873029547202507	-0.3028432244041686	-0.27308551788507857	0.1288689809045829	-0.5307458111185127	-1.1887920532413603	0.38850532404187477	-3.0611578562871378	-0.7028205168701663	0.8515519015709263	-0.05126987609670755	0.3773843728252581	2.816722523124282	1.4218439298715753	-2.7288365988763683	0.06311069470600748	2.199295624339261	0.894796700922517	-1.3617470354231498	3.895141196034501	-1.1797196710034967	1.3160463894352832	-0.6930725116849594	0.3993925785085738	3.0251521354422537	0.2946802658610111	-1.9184907692423376	1.8021089944224804	3.327607790072301	-0.17899118330106895	1.5785311668172588	-1.973387571519373	1.5759988755642635	-0.8945816803841755	-0.518447810346306	-2.0518665668773117	-2.423987523341351	-0.16944977155866212	0.5357012138087484	0.4555941020589938	0.36273125357673974	-0.034695009673930195	-0.3140577351995523	0.39239746935627506	-0.33989421484087745	0.1669231401351786	0.4506658678160023	-0.7591264486294662	0.4932926485451671	0.791179731590627	0.0714987284028542	-0.4081628929241307	0.6455087138927161	-0.07464741831736545	0.5881321266016896	0.13786898154004867	-0.13360840808733748	-0.47256526409402566	-0.3601082054646165	0.2468075924697761	-0.0718037128955017	-0.3561171841071488	0.7763309889180545	0.20048523909072752	0.3185762294469478	-0.552126430685534	-0.4463958273348958	-0.21363680127547843	-0.8337691624327425	-0.24642298453985864	-0.536296548762274	-0.2713232205578213	-0.10825056911601202
DTXSID5041273	2.5610105696056147	-0.2768609991931772	-4.370257726609557	-0.0901332551432674	4.782910203106	0.02163860943390775	-1.1049545366781315	-0.09749451613666263	0.12215431988831565	-0.19879598998542986	2.0003902900999044	-0.03257933947571103	0.7399755457931021	-0.389582914314181	1.9405645742477418	-1.5050835932938087	2.3204624303746058	-0.377257828446283	-0.24523603100366365	-0.1600517301918785	0.7709585000397378	-0.04535489108618804	1.258285276951389	-0.44719844808646897	0.7159830862079557	-0.3292046991141636	-0.7391059743206974	1.6141334326721208	0.7991192320834201	-1.2092197046282567	3.3280962475153437	2.59900630175965	-2.1151499534297526	2.173340297638554	-0.8880728538338337	1.3894702753742127	-1.1537014843866873	-2.4331536069504063	3.4203961226291986	1.151008767534964	1.675015213755996	1.7061390209956249	-1.1921187031323028	-2.934956640063069	1.454756429102251	-0.6455923581300538	-0.012704164409531316	-2.603823723907475	0.3926517528338279	-1.5218730340763467	-0.5962290622223588	-2.899457548537782	1.0276799718477074	-3.1400640053074658	0.5697769880712259	-1.4793375361111798	0.6076518102875126	0.7010011982889648	-0.9940206707009062	2.0197862558792816	-1.8814153536382097	1.318370571380763	2.1961155028912005	0.7039474023027127	6.606987596589806	1.2870772096821645	2.7102490392766807	2.2165249960126556	0.5969453232720499	0.6783808848965389	0.4293613545032319	-2.0441906699321724	-1.008215731597476	-1.0670816492821342	0.17151742728539426	-0.25113066719209604	0.30686648218436857	0.8177447005211981	0.1499357932426745	0.37652816458716437	-0.8466778315294158	-0.34566552166531295	0.1680230242942601	0.4422877450400134	0.2385917328439076	0.3529003445927674	1.1237783220999014	0.4098996337220546	0.2917121532134798	0.9619193725727461	0.039928296633293746	-1.3047766228121194	0.43766652899887176	-0.1494660330678757	-0.9436695973084828	0.8459532634061142	-0.24975237180174872	0.4922103187625175	-0.3830667769685867	0.11091418115379204
DTXSID4048199	-3.079597913123401	0.7475109243839196	-0.0555806063971263	0.8897758007540085	-1.7831423481882787	-1.1142321594676203	-0.5621228134136869	-0.914043414917332	0.5694655921223883	2.343108950728287	-0.42458938206696806	-0.48690329045190744	-0.26904700924473696	2.062311982881359	-0.14706257729089814	-1.2325820225219184	0.1968817020288669	0.0631850314639351	0.9816747336764182	-0.2110174997044025	-0.4576463586806939	-0.040816291464620125	0.5373304264419356	0.17556079838397812	-0.08426615852840039	0.26222262460010587	0.34499747082527504	-0.5698237311032309	-0.21015607249960314	0.40742464275115786	-0.10516943292720428	-0.41937245459560973	0.22626044188835212	-0.22500448685845142	0.14068028614048778	-0.402154338001845	0.7079363832292682	0.0587288292259646	0.18947782488826062	0.15375702357264942	0.021455578653156206	-0.07132645460318167	0.7109616148791249	-0.29575944945243454	0.23453700019622442	-0.29098105783046757	-0.23690998639927116	0.3379442012456562	-0.13538700099969408	0.07480815367231837	-0.014859613782600653	0.07496321778513003	0.37433574534366226	-0.18386238260177779	0.05771442254025098	-0.03834916196425046	0.45105703043752876	-0.556685962731804	0.6126281552094193	0.3772379621742823	0.19750521883748917	-0.17055631238846997	-0.46591610126813476	-0.28851093270677775	0.38427143819943377	0.6789224398259671	0.5425888360218145	-0.25838189591906874	-0.3068593836223965	0.11438111649647038	1.0125630294583983	-0.7955095628165174	-0.27927290776243774	0.06639720763333043	-0.5990525165989525	0.14680596390162426	-0.36181920324664874	0.0015845151750298755	-0.3614359716159794	-0.271144574286149	-0.5511092412439252	-0.22042638735970987	0.014066451068444254	0.026032457007123217	0.21337973771495874	0.32606777222785954	0.621736567230609	0.4614114015548604	-0.23093305998835445	-0.6826068489358553	-0.7317345244754693	-0.7601311447847237	-0.13697506625800163	0.019475284153054315	-0.3656373656318074	-0.16665879990458277	-0.15821566613470595	-0.18565274958294545	0.35225011439259374	0.1331763208488354
DTXSID5048714	6.275305386893797	4.8526982335089475	-1.2298375520589415	2.2259439259061904	3.1501472881555177	-3.0347737675610866	0.25312164176699503	2.8195933392204715	3.251708540922891	0.407019124463137	-0.6873531476025206	-0.23213302936987862	-0.9412748768810594	3.078735517384536	2.876850254502667	0.20643667305034683	-0.9931851436445337	1.1956509493270968	-0.5371435526378541	-1.197083609592357	-0.6705343826334953	-0.21239270589963755	0.7610276340448984	0.28375558825574315	0.3429435547184478	0.42464106805034973	0.24482433295653822	-0.14740074823876873	-0.9409602556315939	-0.08494930800371209	-2.3947843078691466	0.2372522125418978	0.26437282354672764	-0.03700057340037849	1.3152145284026981	0.9850558254739051	-2.1446573577063868	0.2690412139742929	0.008341239913391064	1.8675702553573956	-0.5947609081433057	0.8760086061412561	0.4436773978087529	-0.3514983095401652	1.6874245967036157	-0.3080689393314885	0.7168315868287937	0.03904527577077113	0.37097538124495577	0.26683808506418744	0.13141640254728804	-0.15469793018521355	1.0688304689489019	-0.4938206099596539	-0.37818402763897097	0.4576021648576289	-1.0378372243207823	0.7726539435949866	0.46545566871303545	0.5211094524315513	0.47986536951756176	-1.230701995376642	-0.015879902427668457	-0.3331467322969272	0.9175188979978933	-0.2993485664553415	0.2403881330704035	-0.4524081869559717	1.7185529010927116	0.819906493790916	0.20853075321621048	2.491167260831416	-2.6098459635389655	-0.033301553296713596	1.153583984381027	-1.383655599836971	-0.6521501083921815	0.37687171705662487	-1.0025795767781946	0.5748124293987887	0.20112274259467725	0.2731780586420035	-0.5663048427297488	0.2926842406324777	0.5354469433446393	0.8351111620428574	0.9849969527584145	0.3802476345574619	0.7631029462333516	0.035462449764952476	1.4489362386597455	-0.7624191910654284	-1.2764023072780242	0.48535564390546987	0.08630112608329275	0.5389777837232915	-0.007491640889745875	0.09728402497292926	0.2590181195135371	-0.2884073203202142
DTXSID2049056	7.653661649308753	0.48578097259206476	-4.000151404607295	2.994407661390944	5.326502629110132	-4.584175574604651	0.6415192213006135	1.5480237699968622	-3.265582848271255	1.8819018538665626	5.509675601932032	-3.901583627183739	3.470449488694263	-0.8989943512286653	1.6730633097452097	-0.5259752073908442	-2.30889164478771	1.2348027854905979	3.2916554918382896	-1.9380026417072513	1.3382041686288184	1.297266022276796	1.1593076774116358	0.9078468726325485	-1.2241924875703367	1.774521792813939	-1.2445016752813143	-1.4477991921520224	-2.173753454618851	-0.9282950565414011	-1.737466964710978	0.96922046308409	-1.4761544006796354	4.421833425089456	1.0890600151966674	-3.1525598274945734	-1.6418092049421495	-0.329021043134103	2.3992223996879876	1.6095741613645056	1.6505749013991977	-1.1626199012353007	-1.0625705631626374	0.7935982739701941	-1.2171841722998635	-0.2751575273385521	-0.771451609794223	0.807558247608324	0.9213816532455551	1.4324706291374778	0.7280089658594142	0.3847423829707789	0.6993031777088866	0.32581230966755564	1.3863865365275527	-0.06988638061788786	1.1674942181735461	0.256733035285458	1.11323553352838	-1.2621617736059696	0.08026409502712807	0.6788521793930611	0.3028382106207181	-0.9069244419877719	-0.27451183064099866	0.5288520680914685	-1.7610450592007936	-0.6533410163060758	-1.15518259163306	0.47510358462109853	0.8208651204644468	2.8778533403922184	-2.3765326835276515	-0.4396527314850722	1.6994211379279058	-0.1481985807012094	0.8803476944169103	-1.0301216444860344	-0.37239552117050956	0.270157616176758	-0.014754030667749843	0.6943591347473536	-0.22266124013416813	-0.06071322308710766	0.8550535061235424	0.11199628380823737	1.3383353199787407	-0.23073189305627173	-0.1519084182880459	1.088172671299292	1.633130275175022	-0.4482377231549624	-0.8027897781495793	-0.6263614481586486	-0.08153500857416061	0.02673068253640542	-0.6690753194672224	-0.6499926200320972	-0.21523102143896133	1.23084567663776
DTXSID4027026	3.06898697276696	0.5106794351222322	7.624460937708835	-7.142385777977053	-2.1326850674419346	-5.697225292762952	1.8378456534147156	-0.5163960288730812	1.3775208637839949	1.2694559807142616	1.1603521601478446	1.2928506071966779	2.943107059584297	-2.8134906573186567	-3.2010442982254856	-0.9319831323317486	-1.035939501769274	-1.4197697368446482	-0.08657081207770569	1.2840846653003357	-0.7197469876162805	1.0235277989710605	-0.7573183457289524	-0.08684360839881555	-1.6885929528905326	0.3255622103264145	1.7509535308265198	0.7600284405867631	0.5546185264222466	1.4344975549580496	1.5310489388419268	-1.6216450072865154	-0.1154792134527157	-0.43306976911355644	-0.002063568897254923	0.46124915976713565	-1.3757239028687525	-0.16926936392971917	0.12921165259208875	0.6834771047275299	0.19254338936499124	0.5096623274154907	-0.4586032540122869	-0.084895361294521	0.37238002065958054	-0.0608961952725469	0.642152836363377	-0.30195950011987127	-0.06976595043941229	-0.7484672608332859	0.029869598669635115	-0.1751692964610695	-0.10810570603461805	0.30704040898753	-0.11911270820542874	0.07746611201075504	-0.2889252456575602	0.5583376261561763	-0.021500194576971936	-0.4655548439491626	0.6442279265228766	-0.5876434319134164	-1.0323196760308038	-0.04228018270610958	0.6749301599692537	0.8327173831411997	-0.8450128311669332	0.7011619646610698	-0.18225714966639264	-0.17739374335170965	0.4939609537323032	0.2971734940049095	0.21788244449807304	-0.06652187120048322	0.10335944817820517	0.19103276632413183	-0.054516235253976815	0.6030069923905432	0.24169595014935585	-0.045997136700745365	0.5686773374657392	0.6970857294674199	-0.5104264543498486	-0.5027558711563159	0.21534220803077092	-0.1564416310968486	-0.2925086985026574	-1.3591200276730122	0.5579646559149894	-0.5641106259398542	-0.5339742427453485	-0.48607041813350566	-0.43740894256622603	-0.15286886058462795	0.7472044781198761	0.026879584397948197	0.35135992963614104	0.3750949555281686	0.49047612064847973	-0.5186965383203109
DTXSID6046422	0.566507143083678	-1.1914263575048751	-4.662168147011675	2.1917400511823084	-1.8717406567313724	-0.33714969019793156	-6.058102485776756	-4.964215660259306	-4.647111246114189	0.48794291541176027	-4.211426565472462	-1.9545218113685974	9.992504180079113	-0.0630946191057121	0.9880827899926605	-2.099938406117237	-2.4330578496487676	-0.051633347209637435	-0.9268164678868928	0.967987626041329	0.29513598218430914	1.8249631911545223	1.3273350733682623	-1.181246097482694	0.8130549154748449	1.0823823401688841	0.33749280320064484	0.10747876717265664	-0.899615546548575	-0.38990067577514326	-1.1590374429705865	0.5109347620889267	-0.3468992493287088	1.1759175823733419	-0.4305405219680219	-1.8773726318105015	-0.8750477456715249	0.27564721652089563	0.31421635899088807	-0.19498913641511606	-0.40163703446044613	0.2837267396531616	-0.043296733438351616	0.1368177888451127	0.20338922713570157	-0.3032626142669123	0.3127271910137651	-0.7284356562972492	-0.2795825624520468	0.3172456583643385	0.16062881066849383	-0.37237274433031725	0.5399670932804792	0.13212467587551152	0.027435036301193618	-0.04447542722496338	0.9436611226068872	-0.6427104511832229	-0.26423845758329156	-0.06567754474774783	0.2210318589755853	-0.06408183579607388	-0.2600377685004812	0.654817479337455	0.5109435151092288	-0.049704770662194364	0.19851804019778313	-0.44418587522711567	0.48373441881737017	-0.6659030218762724	-0.3508034985056328	-0.686716743352089	0.9033123425047367	-0.6508219452215748	-0.9157337947113896	0.036694025408055136	0.16141266196946896	-0.1838029014091287	-0.3147738966551063	0.35846296334397215	0.5494160719038081	-0.4165745179703274	0.2000239080438829	0.3787533425300083	-0.08809418823899855	0.1555730079207443	0.18958296060758434	0.37570845127858526	0.26574533056352795	-0.23738062704561458	-0.8735383995467307	0.045175597431066396	0.6352157148554592	-0.03240952715140094	0.3620692159634359	0.06577388220809559	-0.5624681403763699	-0.6219785431482654	0.18088682713993925	0.07311289964532791
DTXSID1027920	5.07974462974892	0.5935265265769174	7.253034362240687	-6.891267288701891	-2.2321469440371824	-5.8341869326546005	2.54739668262438	-0.4313135294571628	1.311234922272205	1.8573967605752468	0.41820157514563794	1.2301603303519038	2.3034200369762856	-1.8003646763994439	-1.0160806611341233	-0.1739004246671897	-1.4348023105085963	0.010508577235222213	-0.5693074016249577	0.6347915510732545	-0.37566859107730793	0.4171171297792358	-1.2139807430294085	-0.7860627994151498	-0.3107073867451524	-0.4099435730047356	0.4575033735064018	0.48540311557475374	0.22922033221581709	0.7401876337032679	1.0452545784859224	-0.4617028010388322	0.5794350951030602	0.02220897272589718	-0.9393395887535286	0.8741973614269082	-0.7015373229353173	-0.5624175995006927	-0.5488346068568951	-0.44996385425588686	0.551257857232208	-0.22989415191084395	-0.5636790952002945	-0.8691395683250591	0.42651803116054265	0.21248183847282578	-0.26429301864140126	0.022805810254167412	0.1887084572147077	-0.7151665525856488	-0.2321035114742146	-0.5225097653674532	-0.014583061167698886	0.2354331046869025	0.14480554749790744	0.4812782884974218	-0.1533983097437226	0.6233325170170368	0.2967597477591276	0.12524012089537825	0.054542212897958374	-0.04070670325718308	-0.34855877830637083	0.048682960387900875	-0.16032691332843502	0.12686205366854275	-0.7546097411900871	0.7178318446205195	-0.202437058862039	0.31617174877571974	0.5352881636348149	0.3496519663131821	0.07472662322228273	-0.14405586119968578	0.09583290359478651	0.33215619874760866	-0.2544500208995807	1.3855503351262002	1.2062789733652275	-0.29887420179557783	0.041062736935232026	1.1616043403210063	-0.20582788798139914	-0.23118120052036514	0.6944913038747075	0.41942653533477664	-0.5850720264179864	-2.063698017191915	0.09463413999428498	0.3793422664332945	-0.9121481929493421	-1.3899852371455221	0.12458351963836017	-0.10722346148515499	1.8019577955074852	-0.8451763391586877	0.08903560506410949	-1.015371083989086	1.5846738722240732	0.5751086403734226
DTXSID2021236	-1.251988345551041	-0.8255962178481505	-4.209437656994133	1.8563736285774042	1.1964326066375086	-1.0429034943222797	-0.4271928250823473	-1.2955015313418217	-0.33057622490722627	4.346472182784395	0.5257374668022297	4.410732258233312	-0.7104849094332721	1.194081192761345	-0.028597981133292812	-1.2276372537039046	-0.9489562611716414	0.06450854397254303	0.3655096078297176	-0.6475244701672077	0.3125933697405253	-0.040508493476343374	1.1254782358631963	0.043934564498311436	-0.875682896582785	-0.1320930734340257	0.7011426979806558	-0.08414411474831433	-0.08557180502470378	0.3777640414755819	0.26962181847104255	0.22814389946481223	0.619387009840167	-0.8597945371500499	-0.6479849461854166	0.3036631267418496	-0.04504478840195126	0.486381579981488	-0.04599016705763817	-0.06377278920514545	0.0480212465764489	0.5925595482449619	0.44226585156860976	0.5052305091950353	0.2513089919173941	0.08265698735620643	0.79909380381381	0.11593881110914957	-0.23476263767859054	0.05346396603831909	-0.10116378710199828	0.25174241031509614	0.1999245888262639	0.0930370495751347	-0.43094661767442205	-0.033369064073607055	0.040696945678905104	-0.425603027845514	-0.7451082180610504	0.32873650343605043	0.38074900367628206	-0.6200095520622987	-0.008517047455201958	0.02953639600469559	0.02128965865224711	-0.3041889736823893	0.34542137802311895	0.05521920429773961	0.2285152355633668	0.5497910478974162	-0.6904197642660408	0.14796195697176293	-0.17895783263660042	-0.10675202347103539	-0.29518928832551183	0.17025929578813587	-0.6780403788543434	0.46571670064807524	-0.0677333021257575	0.08968252808149194	0.397257826969396	0.586416090101665	-0.12075088349671308	-0.7469078422100306	0.8133904440723985	-0.6268965337685102	-0.5490640467999007	0.2798950027163967	-1.9974583880527306	-0.9999945705534117	0.3310277583041343	-0.6769957034977498	0.36148539019573184	-0.6686442681317155	-0.27217522608280764	0.6262359752468197	-0.15860691265119276	-0.031560085852003504	0.3327840744826917	0.24409991565246647
DTXSID1020859	-4.919987043695139	-0.33168819472727923	0.3983512123775843	0.9798558701617816	-1.624953981640046	0.045873964243604855	-1.4406843571644838	-0.6865629414370417	1.1389807433375265	-0.35153560479834683	0.5539378367582823	-0.3877247303639395	-0.35033066990314576	-0.38806989992101776	-0.2896015189053933	0.5426295271547487	0.6805217179858241	0.4051804030988181	-0.1989344186439809	-0.6708286774519413	-0.03306119095920183	-0.4027793543902361	0.20818939428783378	0.18950949131667152	-0.5703321181195169	0.45558123018493374	0.18968068466711802	-0.32037069776585964	0.2873244495234833	-0.5641154801628959	-0.18377373682819323	0.01887144632834774	-0.8365078457665219	-0.2073205383239923	0.119853540248228	0.10785934942091119	-0.08416424405072909	0.5397519668552143	-0.5599395616921922	-0.17929693209238742	0.09891519827496717	0.2947181429215389	0.05595191262852628	0.23940576074335043	-0.09671916578599357	0.10985332867766205	0.09359974501167476	-0.6735102570230956	-0.1849429974153606	-0.15419762149083802	0.03536239816413876	-0.1402110873123265	0.03601180306159389	-0.16434888647230952	-0.46184019094437706	-0.33627388339185266	-0.047657291127348	0.07124786944687671	-0.17840580498309236	0.02059366436695149	0.004983546545156	-0.025151524541147646	0.07341262104463862	0.05411671588176498	-0.1987515195321628	0.26891973486346027	-0.22908197786866674	0.09660549751123514	0.24231094148464757	-0.23312433212317418	0.14343648889576036	-0.6096653445841032	0.8739133571124836	0.2317231213931316	0.2930619506095893	-0.1818158439333285	0.11706861957836233	-0.23326020757628843	-0.37365820855003	0.2191784944836008	0.1213263784015556	-0.005988059694590516	-0.1820350658356769	-0.14513204976665278	0.22197661635384938	0.43306297845790714	0.4563789425117672	-0.0346972364099917	-0.09330900287031398	-0.10307552199253783	-0.20264997583708774	-0.28509277398664146	-0.12083595722346084	-0.34970983234758024	-0.08701058120222656	-0.22268442051397708	-0.18331824464793528	-0.08360049992407258	0.011134564176995435	0.12149448478677749
DTXSID2048824	20.29185308850566	-2.350515823598312	12.019260945931135	3.450054740893352	1.6199489929144617	-0.22429913677737018	4.563459300949752	1.0751277572419382	2.192332478225843	1.1892912255733132	-1.6370708643416017	1.1715148387762873	-1.2347264201328885	-0.31569299085466074	6.991598322987143	-2.608847411815304	-4.93088151864726	-2.3827496077485537	2.483345623146501	8.675011704101884	5.875870201589304	-0.2858503958965907	1.4017579858864764	1.9036337922466444	-1.0001557197346098	-1.2600957035537148	-6.466283610159204	-0.9894256084666129	-1.8116524234669704	-0.7415978693878766	-0.10549253723732666	-1.9263524072725435	-3.205640757284068	-1.522715186876259	1.9592712686661014	0.880481847761908	3.4834939054134297	-0.8565996171349154	-0.6020249033152923	-1.9979362384768091	-0.1399193014156287	0.6912456912117042	-1.4074941933322611	1.7027439049624105	0.2509707120549654	-0.26284303860699826	1.374886370371605	-1.1528891243361534	0.13427555312449016	-0.45745173107612325	0.14176673510028093	0.6725001181858125	-1.123576274686355	-0.3175349879920718	0.24218035281580416	-3.2371581119618527	-2.277661733000766	-0.24741351342463833	-0.09122646064567971	1.8305354488212682	-0.6381997605259221	3.766677811052677	-1.591181804813119	0.029100655354607742	-0.9752284683814603	-2.0696990447913737	0.9729778613448118	0.9077950590320576	-1.3599510666262422	-3.4959343955530424	3.1385842698678212	0.9804976288786897	0.03924649161138389	-3.0888659180474236	-2.2970088334209025	-0.5421723748736612	-1.3652004418862176	-1.2072598848190754	2.1857369742320185	1.3659691385016008	3.324057454907835	0.14784056637533782	-0.4342915964063319	1.1837457077365796	0.6808819559704188	1.3074876247198828	-3.197741269349785	-2.2192276664152115	-0.5149306528194746	1.613533266353861	-0.9752039605083738	-0.002829027459295801	0.24624182997366173	-1.4832890435568784	-0.781711325240409	-0.43613712659830084	1.6048625277429183	0.6015220445118742	-0.6925922542561209	0.09858361423531117
DTXSID7021780	-0.14328959469001903	0.1327835351086465	-0.10647395515082056	-1.0423488711753335	1.3485249182987986	-1.3104246587641604	-2.7147148370338563	0.48759399015632304	-0.2927658780283985	-2.723194133775467	-0.2574324546348809	-0.2987618635419475	-1.8837156035099472	2.242473469017992	-1.3308199596420454	-0.18976929312265248	0.27967611776130163	-0.7462319548505342	0.40673198756029255	0.1365619799173109	1.0598884324079068	0.039082885783770886	-1.1151135974068263	-0.16859622313250633	-0.0898142299455204	-0.6348793004520555	-1.357567541744838	0.5321856644010483	0.002322991152689109	-0.7276699318613897	-0.8460947316045907	0.16859348564665494	0.16983919895822105	-0.36948072161694273	-0.6342264175085731	0.9083203543811692	-0.6727634113496385	0.08970636494114338	-0.4729284343339115	-0.17916662914859763	0.4534879499043077	-0.5105162179949155	-0.1790346893637194	0.049234374726016404	-0.3718344953973402	0.18196843957908415	0.031220583264446534	-0.08998624384514989	-0.00379541763765312	-0.06740903497384744	-0.34034247702813913	-0.23913123747667772	0.044357589014828835	-0.41641669241084694	-0.10507243861500143	0.3937914659358613	-0.597065974047563	0.3153675689796906	-0.4940769728333358	-0.3587331443610839	-0.5112997194945542	0.09389877792438997	0.9745244368099979	0.929601708386476	-0.5205011416841999	-1.592923492826844	-0.09096021924553965	0.16458577945646388	0.24906291071157902	-0.4707436266990979	0.4451546970722762	0.0627146301552315	0.038992499825736916	0.058625859598704165	-1.3868410634144102	-0.39754841914016553	0.618041414302847	-0.3685952096739819	0.4747964029105023	-0.3595857221678407	-0.5617146447977063	0.3763951118346938	-0.4003935879908198	-0.10170847615198132	-0.058755283021160655	1.1016771610181495	0.7998844571123321	-0.8568344878448863	0.590618659148783	-0.891663811209435	0.16911842789204662	-0.8623867020361023	0.2234443401740264	0.5119966034953979	0.11017941665043844	0.10972163121472395	-0.7956916652311483	-0.015033425493390054	0.22476360743357185	-0.0822352924889511
DTXSID4046361	19.405274702732488	-4.864678640561246	1.9185868719136956	1.8163555245203424	0.4281636015867504	-2.5898921119565474	-1.10589218236439	1.665003540892986	-0.17823187888743924	-3.949419537016291	-0.5906694648206491	1.5913760897769005	-1.861049014166433	3.717875108458877	0.13763351032551943	0.5312687482124512	-0.5103199813213524	-1.0931942163355641	0.39837663651647415	-1.4795348656478577	-0.527624796634768	-0.3532475801999548	2.882790541762989	-0.9788650433466449	0.7430871350536387	-0.3231486490234087	-0.8450154784708572	-0.7251055175329186	-0.6334243970654834	-1.5354028559862498	-2.2676915205639534	1.2778616686106956	0.21171322716572966	1.5891808371086993	-1.0496756325530752	-2.1853194820568955	0.4975342337913962	0.06972813095644187	-1.4053076204978945	0.06772939864737278	-1.5864980078627082	-0.26164983635208333	1.7987622234121106	0.07679360604559347	3.0893597747542243	0.8564274793622142	-2.0449826317107096	1.7200705023922613	0.7084187416535969	-1.466786874749035	-0.3844952083881792	1.414818368420706	-1.049300974973512	0.1302835789711754	-0.028229579672728815	0.3475211445372996	-0.5988417822919334	1.6030404283687385	0.3081058073806598	0.17074989667344406	0.5583528360323559	-1.6177599053655856	-0.33703532682739173	0.03931341829498112	2.493122127044297	2.2489797430798433	-2.498554548616181	1.6338750917971718	-0.7352775984953708	-0.3469418883232756	-0.7992780534442123	1.8407808310430183	-1.1756737665784758	-0.12512966703682352	3.1347586145631476	-1.3538722246887762	2.02957316953424	0.618165052453013	1.2753920743580631	-2.138790899890804	2.079210689488484	-1.4725751060223908	-1.3524137027001044	-0.4314619025479519	-0.14160130394679935	0.6425689152721497	-1.4425629756788005	-2.554562003505345	-0.6341494439064508	0.6385693501569817	0.46730348740368405	-0.25314509986496275	0.9863217266787707	-0.3621869986322377	-0.34216332586967657	-0.4281778973887192	-0.520451757333036	0.04468993906462668	-0.6951038504958341	-0.5867416563028781
DTXSID1026792	-5.787007580752731	0.2781445106651185	-0.45157326753969096	1.8571169511259	-1.0316964951154215	-0.06915950710238093	-0.4829779846934587	-1.2504707964948925	1.032616977320522	2.617961517788911	0.31241586721001985	-0.7550818317364436	-0.8164677648927589	1.1397552858321738	-0.42665978421063444	-1.1511351865655832	0.2890035320439787	-0.15633083468219003	0.1139066991919852	-0.18715353310543636	-0.3843665020187801	-0.23658084785783504	0.9841105280733972	-0.03638204201286381	0.20391799755797685	-0.1732560638987516	-0.39965552810399657	-0.8395523904796889	-0.5267243072767547	0.45428562930804006	-0.5275151985497323	0.18729293341612063	0.3263202010818003	-0.14103886781404243	0.2791225362263985	0.026461932830794253	-0.0035669343905957076	0.3496780280524244	-0.057247078807367055	0.4856583942036204	-0.4058191678561865	-0.03403323959093834	0.401109332844219	0.1325861755167392	-0.08846369262862241	-0.173426310207929	0.38921766754935927	-0.1682860158257429	-0.2696754888137068	-0.07806944846708849	0.006548235181030914	-0.05311320820083123	0.29036942408941335	-0.32809530664892556	-0.13900004834144686	0.022986510263410594	-0.17692981391218357	-0.44758058025947534	0.08947806018846827	-0.3834051483370616	0.8587147295886407	-0.11786555433406593	-0.20696028669356917	0.22294006085761808	0.5636197262791732	0.2741829172073679	0.1657135532663667	0.2962334483681312	0.024701966824742183	0.13824313189670057	0.2040312058022062	-0.35637547649711976	-0.11835348993242954	0.32271066344762245	0.08457555098037106	-0.2003383490546382	-0.3732477587829926	-0.1744599074234811	-0.21508350969415485	-0.12504378680369166	0.4603801350747713	0.34437057590897185	-0.10804295750504773	-0.3998392211750195	0.25810437844404555	-0.051183225133931844	0.05118402217196399	-0.41743744344312533	-0.08144957546074055	0.08435119385800616	-0.48418231980963183	-0.20619676726057182	-0.2511895972758322	-0.3504195151477332	0.14289645911297139	-0.44053663881244215	-0.012865170838269475	-0.08695318451573807	0.04734224270356878	0.004737893413822222
DTXSID6045452	7.001618785406499	6.789524781889983	-1.2516745844192863	-0.662810139631124	-2.080845339412899	1.3859370547246135	4.8603404380629955	4.313839552852541	-3.3054450429740783	-1.2547433627288747	0.7912847585082006	2.0729433943604882	0.6692401697005055	-0.7512484766778853	-0.6653343526426667	-0.07882099518466297	1.0144824460566682	-0.38316595445520907	-1.5871426319016277	-1.880672282623193	-1.752212718332978	-1.0008130650876779	1.487146756379433	-0.004306762797760489	-0.14716653157108175	2.011128400013352	-1.1179249139859824	-0.7056294927792188	-0.9685440903256525	0.020964146418882494	-0.8906812083859948	0.9224141827425686	-1.3191176232466466	-0.2403982999305662	1.0751280238064973	0.6413645726136346	-0.5596761436991474	-1.0859833915164714	-0.31070075043000867	-1.2089664396198274	-1.9044987193151215	-1.009232534177868	1.5037170470100827	0.25935823271936764	-0.5386490883193927	1.6893704822117235	0.9484670995145429	0.14204137779598722	-1.2266563942629887	0.23345929677369578	-0.6550347271387912	0.379861040688624	0.11207757584650817	-0.44419433981763495	-0.08605217408408106	-0.7703439810588526	-1.4401401124708348	-0.4014419316571393	-1.9578461232332203	-0.1674920218374144	0.3190597847653143	0.7780145809744379	0.4919278920143723	1.2819032858032668	-0.6040456635628331	1.4167639702060186	-0.48488695356076594	-0.9182927480464502	-0.8368257879363231	-0.5550434688122506	-0.8540942912013386	-2.76426488568489	-0.6681529687185466	-1.1736333798453176	-0.001399498587369152	-0.8986446215627514	1.1672383222553397	-1.607429461490776	-0.10966856878843625	0.7080832996936985	-0.6648101176798524	0.4653192164800261	1.7025499674588005	0.2716283760750222	-0.8613665928600426	-1.1959127738682553	0.31665014394233504	0.36912563843112256	-1.32962962911335	0.7511926011785434	-0.7983300383030564	0.2662665587149625	-0.38220237548304886	-2.030785084659122	-0.46906208414374984	-0.2977645193882211	-1.3889419623975783	-1.32889572996136	-0.9967355646244583	0.001611592046609117
DTXSID3049041	5.593855153382598	1.04436418235191	-1.424432379396174	2.1045716069709517	-0.47280093511842514	-3.2685198323523776	2.5579605916125714	-0.1604032301706033	-1.0300295454883066	-1.803467568149151	-0.4575720873266741	-1.1041178081546845	1.0635174894564265	1.454012323029829	-0.2597176466966462	2.729736061073335	-1.6998222788307897	2.046014355130431	3.0595227983627153	-3.508078293439457	3.1604024776698814	-0.9745516776422809	1.498617992963682	0.3415774528929673	-1.0292805556395377	0.8448333217672888	-0.9473464693511563	-2.0740288698876057	-0.3407511758254608	-1.7024391645213603	-0.8274136135599038	-0.9977174446378059	-1.1672834550487325	-3.230453165367956	-0.09576305495691065	1.5727947108936655	3.1329772825253857	2.2584259517815353	2.003258580073032	-5.367116958542583	2.9910300399255787	-2.0239735610534484	-0.43987111280780555	1.976112987814864	-1.1342962250611497	0.4985997076739306	0.14139737237591657	-0.34753927751677516	-2.2016393844680238	-1.5906707133356377	-1.6473874549837688	-4.285831145037531	-1.4749067368014483	0.7609162791154718	4.545382603809718	3.7799631531861895	0.40875343584726037	-1.2366418016018306	2.1875222264715446	-4.465865063354102	-3.368050158347212	-1.1733485057954485	-2.6957154095249956	-0.1722164808749205	4.614892209827153	0.7673770299836317	-2.494391285514396	-2.8691925568470267	0.49798837536511537	1.6105780813620234	-0.024792626570329712	0.7338777034000781	0.09842520919764433	1.4388093875987276	-0.3200390453951448	0.0932845100718241	-0.7731346503241792	0.10477732534808522	-0.436320895248098	-1.299761180256513	-0.3009111507649556	-0.26004469884957176	1.092065177393242	-0.5039667004483132	-0.3715661638082831	-0.8329236649489129	0.3590330308028977	-1.4899153983632045	-0.49948574713324967	0.5672163923973985	0.5981332768307107	-0.5165258752355575	-0.894110844823038	0.8641529337719989	0.21125447820515506	0.24483007622816721	0.46820925216758735	0.06570157509291948	1.0992023991785431	0.689264753488179
DTXSID9049083	-3.5001242365164273	-0.2738786002835013	-1.7922412089461974	0.581707260650341	-1.2929063481870224	-0.4087063800040572	-1.4492844874215833	-1.0853562069795057	0.7705582235142637	0.7442054247456725	0.7765440778819488	0.013165684707209942	-0.7573743340695539	-0.45728048526702536	0.6732488329713169	0.7290774843125304	-0.5996598384734224	-0.5373620943536527	-0.40814737867533174	1.3188108917891554	0.6312334726926734	-0.5470088443872033	-0.30162715830902226	1.558845119431001	-1.54719534674366	-0.41553267012234807	-0.7899140082772016	0.32279675608386305	-0.8405526696375256	-0.556296146632482	-0.8189759565891348	0.746259656775356	-0.25127822222646645	1.0637505824793605	0.578115124696339	-0.5725890013845849	0.104103537981058	-0.32934896165658323	-0.7708440791407654	0.2408445566506447	-0.6792681389106819	-0.1872633925249154	0.791437875762257	-0.5243212434876909	0.18583109066984102	-0.2962246589501478	-0.46076980239642124	-0.34189814151373293	-0.22539420814479977	0.1823939805609513	0.04660073029457735	-0.03329939976372556	0.43623229879798336	-0.6277118652209941	-1.2884049300611409	0.5877588013151315	0.15237323838964775	-0.6601947529764554	-0.04539517994114483	-0.44869209920811876	-0.012712506006029195	-1.054560299362969	0.91102235576228	0.21534686351636745	0.4721616076017836	0.5955571001670181	-0.4564011374144354	-0.47840246217632404	-0.22438714622651793	-0.28027496191684237	-0.8746577732664891	-1.5391987436919174	1.0624771783368465	2.9723704718656507	-0.6025393980741578	0.1672551919196852	0.09464471406873051	-0.46426671017544846	-0.8243418246433948	-0.43655004213484666	-0.6658458604694992	0.05103562274607679	0.49918621380316086	-1.5928183931008073	-0.6063149645897643	-2.386873214358727	0.3200474461448176	0.8656507528269125	0.1967562580855076	0.9544261764396548	0.7293139966515381	-0.25861674824396186	0.2323440642699609	-0.1821576168152788	0.28816442346258425	-0.15346590852579578	-0.5633336836865646	-0.12876232443011829	0.3563620809355456	-0.0942760601704709
DTXSID3023261	0.13103710305006866	-2.7478574933355526	-1.9185570295334227	0.09595690861089612	3.4634624211557545	-2.3814418541117597	-1.7297120367474519	2.095513001429006	2.050167252887724	3.502393705596614	-2.00078766310637	-1.8878916385887443	0.1371796042787088	1.4714122903362146	-1.6220699350806598	-2.841956551747974	0.5197457840996853	-0.42150075861425934	0.411694731772169	-0.3863263208663221	-2.1808852134053733	-0.2561730331007442	0.4415248030087499	1.145309548888343	-2.7106781550735817	-0.3264758372908572	-1.6746533935564902	-1.5380818909291578	-1.1535361326086089	-0.7747602055310504	-0.8372008782801815	-0.21098504496782983	-4.574230335227985	5.721136266808319	1.1927110486915715	-2.6571353895634116	-3.8007404670097205	-1.393435456343174	2.9660957532306695	-1.8219459116013526	2.6514822066299812	-3.7689905203022014	-2.826771346330686	0.36351010786487037	-1.9239292485678805	-0.7862962394351628	-1.9680191522048147	2.1931709439455447	1.2192970975590325	2.002450377353277	1.152744036109903	2.089969064898574	0.6267254560325731	0.8640400506566943	2.0284856313487594	0.45309387071711377	-0.05620457741155236	1.5858785504781245	3.5692015678875078	-1.197495467016759	-0.1678810933808663	3.0861473972348903	1.4741425718241588	0.0846739149920495	-2.04815537504389	1.6907909679542255	-1.2366158255667474	-1.2778508645611308	-1.064971707915096	0.2462750093189687	-0.7512095887161842	2.03978235543554	-0.096392475485078	-0.7652311756188197	-0.6152632823583195	1.945247828491187	2.4357891016811792	0.5876251728610229	0.39037014342302007	1.6544216272754164	-0.8144208628467724	0.40085494599329996	-0.5109947646440844	-1.7990300200865685	1.279214341236618	-0.5856244794210177	1.316249729569078	-1.2429304898576408	-1.2912192471436286	0.3186136036434774	0.104552378901942	-0.6430686560535781	-0.7053792364389431	2.3554184618311336	-0.7475321744158284	0.2210858447582588	0.28609903231120104	0.2514420629608581	0.8510910339533734	-0.5156160078906639
DTXSID6042369	9.83751905079203	8.381953183934497	-0.6344752412607475	0.08206802274068789	-1.1373048035003799	-2.514128388721973	0.15708684879619902	-1.1537868045193251	-0.7519353755511808	0.7979053493083338	3.478476709271582	-1.3291273579021177	-0.7424980287669835	-0.011528969275689653	3.8309764698446958	-0.33413263160333595	-1.5409910288326885	0.2967200480135857	0.5769403846257057	-0.5185487701894133	-0.6190858719052112	-0.4327970848282747	-0.7846011571524458	-1.138951475610641	0.12724784389072924	-0.3381183030549514	-1.2800374523538018	1.9345163031808186	0.23207193409744725	-0.797244055682357	0.8975231517210608	1.3359629405407134	0.9964664507300235	-1.2494107191091552	-1.529650637949196	0.7732743967283722	1.0390317800604894	1.3881751022266826	0.5860926830671572	-0.7552541949157598	0.14596649156531288	-0.9033446244227203	1.163443066686875	-0.4529734262984946	0.3411557528470556	0.950276730830982	-1.116396409247786	2.469459548862672	0.6725227541622129	0.6685435401582618	0.5080932036241443	1.3806419425980574	0.3586941330369243	0.8538433264427339	1.1561699616841166	0.017538885880727297	0.47522900310751787	0.8498425990320724	1.6345311764839279	0.8612601628020136	0.8145956108242121	1.5785665413235026	-0.7880939415868277	-1.637270808392219	-0.5734444896192121	-1.1621783950139755	1.7255559859177416	-0.7020893307683556	0.028394252743885937	3.9995600084451435	-0.4270188044905494	-0.4468267219347664	-0.5589669848105067	-0.9603469095888457	1.1930488140765596	-0.08202184473398252	-0.9285453776214628	-1.1661112739883046	0.5814990929000541	-1.016128448069207	-2.175607386351752	-0.4661183868507052	0.47792652950433556	-1.5289080114299556	-0.25592598533905014	-0.24026253970593017	1.786375225495579	0.14246920797024587	-1.5025109989258798	-0.9374941858659879	-1.249873884017215	-0.373028744053035	0.23791986115055114	0.8380264866560868	-1.0672591362730095	-0.5300278220055828	-0.9822611340993703	-0.40268103916972586	-0.6680550632459934	-0.08756562147862912
DTXSID6052299	-3.165419872929211	-3.019954240451696	2.608035616930771	-0.10679358272266132	0.8318257299141386	-0.07471605287874593	-0.5052203723295973	-0.5166587984439716	0.06381477394393452	-0.688748755638947	-0.47585674764475205	-0.177027013472088	-0.41539981465058495	0.20093006275557407	-0.3839256025138951	-0.6650164779117159	0.000637255091622234	-0.6419195341784376	0.6350651971713537	0.0018085416021817356	0.2932358372756178	0.2362712315483798	0.21891417670730248	-0.2746413805630046	0.31298202361347965	-0.2866056340452344	-0.4167208311842619	0.5097822867576994	0.0720619307392697	-0.04828408303272908	0.07425579592141497	-0.5080982760104252	0.10674415804290881	-0.7072517946873551	0.19526794391648764	-0.21893841188573576	-0.24367397870018548	-0.0391796403402613	0.3239758675469814	0.4061971266141853	0.05322518310251998	0.19264274072436016	-0.08552609110315568	0.19206290091998082	-0.055365323614168446	0.028761959074758744	0.1568262339767804	-0.14253262850240056	0.15152230345961623	0.019756608273494066	0.09429485927089817	0.010551720284899745	0.14782322816493504	-0.07109243044652377	-0.009048822477541293	-0.4189813186515237	0.02486927720756278	-0.10351473625711938	0.1755648747206301	0.045442156100028976	0.07475525761054347	-0.04636002646562905	-0.13475338580677831	-0.082039918709517	0.2006827529772174	-0.03728419336399947	0.1663831920317084	-0.36849689017908116	-0.2215259925556661	-0.5730333041437516	0.6197986046114369	0.1255684418041633	-0.12279567304986765	0.04490341630192584	-1.457441943414545	-0.1888088659516931	-0.14336793191819705	0.16274196829247914	0.5805365416116868	-0.241478039328722	-0.26894807119286385	-0.046075994899319773	0.7158952186208872	-0.19831935596501551	-0.17264076852481258	0.17841740526663827	0.3993695071216963	-0.6607905143889817	0.18121321221122366	-0.08217317947798015	0.7602138587978231	-0.5946016202329752	-0.3250096628151263	-0.12421279685682443	0.15285134701119468	-0.08914096202744515	0.2042915645969939	-0.30921275227314754	-0.32030691683305623	0.8479573501561053
DTXSID2021365	-5.000632557249682	0.8152962996222998	-0.660296432989186	0.8174639904416369	-1.4942444320354282	0.611992657306648	-0.6054830660620815	-0.23942563899972338	0.6957499513144653	3.01889987651505	0.41669886525325933	-0.8765499552595108	-0.9399325629639739	0.623579256517716	-0.7328020501268815	-0.8719345051403672	-0.37473416804391685	-0.5071408234764406	0.10788636693176747	0.11870270741799498	-0.8170748739452093	0.0631082415113013	0.6149315735145063	-0.3089197194867741	0.3736599382287556	0.35259435702754155	-0.3487012344226896	-0.29193197419510897	-0.3924227054118846	0.2125536748120833	-1.1436267281650698	0.1916718114809585	0.608618850807075	0.09963192479154392	0.9051792652860448	0.6263061290377362	0.030538444002058168	0.07393193951689751	-0.35451412764095164	0.4737025605955954	0.01206367299641969	-0.47676383027943475	0.5745057291301789	0.10912174984457115	-0.09518057578658629	-0.13884378526801278	0.33143091623453497	-0.2529428196972016	-0.12652858092545438	-0.3584645339232524	-0.042131653567889844	-0.16840045137226692	0.4325118966744373	-0.3150999446124698	-0.0925427514619712	0.15164348662511984	-0.4070994608234995	-0.16090513749419072	0.20698614138675664	-0.6082235240555172	0.3060769821643525	-0.06663858920459974	-0.11594429122813314	0.6604438459912405	0.38034744910220014	0.3420104880283624	0.10105782364389317	0.7038362997540716	0.20794445302183043	0.03828950282409068	0.31591323245023295	-0.546406608183493	0.004544833419555547	-0.020327297634679827	0.054029903240285365	0.1948214419523289	0.04144986846184373	-0.08272419104877023	0.2884534026275732	-0.4205303362334231	0.5318468057928095	0.08433546165349347	-0.2630748895266856	-0.1733685319248888	-0.06451815741031208	-0.016589406868786353	0.1956494297304226	-0.24523539637298436	-0.3727619325479724	0.0830430298416784	-0.039036756134851865	-0.08936836994485543	-0.5515843829312229	-0.4264244746718642	0.22844626256145856	-0.44562828290552464	0.18218578081082032	0.3450904546774062	-0.11281485094395814	-0.23598451242585725
DTXSID9026631	-5.046664465687269	0.6459584242813942	-0.027965239718523664	0.5732539172753646	0.3240881470508405	1.093934174999605	-1.672344690690542	0.7611312718633153	0.32060186541989616	-1.0129351724792912	0.4138177477631332	0.30056901051258417	-0.3742387346516077	-0.2315483970998502	-1.0979353331198822	0.08766822501029294	0.15372911537765552	-0.15479518336753897	-0.23999384024652354	0.0019409911786551946	0.6072811891197737	-0.13475204386184342	0.3322377745454765	0.2912533891614179	-0.0726132269680863	-0.06584007931374714	-0.149246653220028	-0.0623151962057277	0.06786107557485913	-0.1028182645427783	0.8492157786631968	0.08081857089954891	0.013807537854990122	-0.3374175413688528	0.22781766978104204	0.00355878507085158	-0.17451388548356978	-0.17583194631589177	-0.23328632553024634	0.4319600108958309	-0.07251605760554311	0.06729668062286323	-0.27109678634565015	0.2531538456053826	-0.1925842876954996	0.12086805972130923	0.03670833720035868	-0.32994815827757557	-0.14754939557948712	-0.013445298536797072	-0.10107166096672159	-0.1997445290356687	-0.14750177726325886	-0.1013288529077118	-0.19998493892150804	-0.013709176302316196	-0.23314575555297495	0.24142858918335294	-0.7314404029077372	-0.3585180732794109	-0.05087447987350295	-0.0039105991818206036	0.20209265427572703	0.48624604425637497	-0.03875462030719222	-0.302312172081469	-0.17470058791611087	0.08314267420123518	-0.5941096591675373	-0.5478243435379048	0.37296635112687465	0.05329076236523502	0.015542638985770482	-0.0362885916479543	-0.04830010964744527	-0.5676894599814455	0.1963028603323135	0.17593432301697	0.07896268459117162	0.2806867571140828	-0.26998059801239427	-0.4457574270289459	-0.20124578484972888	-0.8016366454535128	0.13382940459924644	0.07027926474333814	0.18344428137275023	0.11649158463963456	-0.035491907046472156	0.40908867012019845	-0.40181556400992346	-0.1761113272394712	0.37930092105563695	-0.26366739092317926	-0.326318159005976	0.15880632542737563	-0.08346116019398452	0.20257502543104752	0.1708130401844644	-0.38440520445467463
DTXSID6023947	-8.091078708131825	-2.209656810766972	0.050544676329301125	-1.1277017790447297	-1.6118479336204532	1.6355340037855886	-0.64637155537717	1.6528614080252275	-0.58489225299626	0.5360499265799733	-0.485830712938625	-0.3173751966416847	-0.5402135531719824	-1.290104842279808	0.5250291293739506	1.1549039550713867	-1.4500933952458501	-0.720944907642548	-1.164886542550411	-1.5562892673225275	-0.28971428356922757	1.945657764389032	-0.05213060097517449	-0.35540563802666925	0.925843689029349	-4.002025655965146	-0.06633853380425775	2.829812774418415	-1.2295892643371302	6.166195089402581	-0.06853871604790668	2.8075346580241938	-2.6768520799992976	-1.0289159611381924	0.5382953269607165	-1.4178106109543709	1.4680189108623758	0.9557535620635456	-0.38770862013126484	0.721537240580872	2.1483582989252237	-0.33064715810995887	-0.39539060585359714	-0.6787658500072599	0.340553112324715	-0.2146879398571221	-0.6738461446276234	0.47269385506759504	0.13268697389905101	-0.2519569623595411	-0.14898820579582175	-0.7898877305860756	-0.24392398874486684	-0.5117918821866133	-0.20711145575272305	-0.3662496508670113	-0.6278032441226215	0.22412501536303323	0.8754302410787389	-0.3033576599775819	0.0817506931114547	0.9038438031000778	-0.7232731548759942	-0.4886664633932959	0.9848428448988595	-1.559619834059455	-0.09670887338207132	-0.21408607395988605	-4.175822892722946	0.5400574275171058	-0.5001863602589919	1.3550119731521328	3.2620359310102174	1.621097675753668	-1.520993051337637	-4.0058922602797855	2.024214839040816	0.5771210015186385	-0.4761333332965001	-0.7259604380699402	0.8638508816750069	1.0086689684658257	-1.1249427931976754	2.8162892204487084	1.557988410738983	0.5645199471199356	0.9676291784460878	1.5371012785305485	-1.6664134836215085	0.4967020669562745	0.465678502769629	0.40754606380329317	-2.0672759343273133	-0.2556392881353484	0.9022141607740073	-0.685405912806634	-0.6964857528753243	0.4259893729383996	-0.2507876006475278	-0.9165411222434053
DTXSID7046332	4.945120427753925	0.6557798617578497	-0.3460191543449856	-4.305025222522121	-5.19212022949886	1.4724734522093292	1.4964309371095603	6.446581945120889	-1.453789875094243	-0.18864954381240126	-0.36865431984240765	1.0969741755717464	-1.594855102370228	0.5213692853581695	5.630900730846636	0.5792036575670089	-4.963681827268927	-1.4550609746451202	-0.6289499449653552	2.0774893763452646	2.238076381748731	-1.5047753531273909	0.2472392531772708	2.536181695650711	-5.863471173915625	-1.3201754995956285	-0.02262999497502615	-0.18185550200297085	-2.2024660207994105	-2.727901113151604	-1.6628113451208826	2.0247846995166427	2.111740305984202	2.972305915036853	0.3607473823608674	-2.836184412504511	-2.8731822386418204	0.7434120200930755	-1.0203102679114973	3.1140783595849566	-2.414933695555045	0.3388399322160575	2.968488297768968	-3.4150830926518214	1.080992788450772	0.05897557949003884	-2.078559796209548	1.1059248309510652	0.5414338817118068	0.6343080281361948	-0.4350586655195996	-0.1304671827535827	1.0785311078656934	-0.8984975915400563	-1.7778068802029214	2.9350154612381263	1.2547635762676486	0.9300265169311481	-1.0073882713626878	-0.24880913101524202	0.8471994193896134	-4.266053808238443	1.4320580893504022	-1.6151054195284793	2.4255622756085176	0.5255899773508079	-1.225387153383913	-3.019400008469014	0.5097169204691834	0.3438657153295482	0.5872716292534628	0.19130600782674465	-1.774993215567502	2.9144345514523424	0.8758746095765446	-0.9218770214699518	2.1781109951512008	-1.542910410741837	-3.00665544214377	-0.46090571188663376	-2.299470102786297	0.023772233847421675	1.3077829336583566	-0.908147628872156	-0.2954812539621332	-3.6444496184319974	1.7381569289654286	1.7053855896990826	0.6107614161919475	0.20151664290649768	1.9045052755307568	1.9066808848878056	-0.7984915144894156	0.59525197205814	-1.4162228348777859	0.47015042106250504	0.5810659996529418	-0.10315287487169059	0.6406140902973965	0.7504271043882491
DTXSID0020076	-6.307993135754345	-2.0890360414282396	-4.159450062624247	3.2381935223453766	1.0294327056442911	-1.3111495012184082	5.5921687284716155	-1.2947149001042062	-1.3563539762808143	0.8298390426102089	0.3304234080019155	-1.5426658547912508	0.42068133179858885	-0.06322549002126979	-1.9630774964341766	-0.02791115417028299	-1.562788591056873	-0.0011881368727877813	2.428215198586088	-0.905837826025242	1.564302485899137	1.114955256198885	0.46881850123968993	0.07102237811490972	-1.0006312056029674	0.9879691156500446	0.12410645939024538	-0.9774461221548041	-0.886777793468052	0.48445024273749987	-0.3640938791196611	0.2672807337541715	0.5765148871355016	-0.5102739317048869	-0.8076072788039714	-0.1395292020239502	-0.1444504440885215	-0.9257302828583388	-0.6733336449580004	0.37088337225141993	1.0144370927518005	0.36290032591847005	0.22436762070861185	0.14831368325794753	0.19326109644866957	-0.7995949628718577	-0.23087485462515203	0.2184340219596955	-0.3374894323358783	-0.21232152107286495	-0.2763082948172399	-0.2708864760968682	0.059607674422483076	0.0257726104905655	-0.32223622229684	-0.033627147368426945	0.8654524843555113	0.24280486781644559	-0.06572519463201978	-0.10429625304172686	0.1548386220828064	-0.13296651228979323	-0.35710031048710383	0.21329847500317223	0.2792528983648977	0.37642213582997175	-0.48099308439029265	0.2979456207937576	0.3283983724941191	0.025014005905092986	0.11872776358703442	0.38796800132320813	-0.05695586866686584	0.6803347488881645	-1.1113617781238312	0.2520163818589025	-0.7445851182582253	-0.08734876725159188	0.2644378593114837	-0.552445452882149	0.7057355022248779	0.3431708372010989	-0.27968913942161566	-0.21680879022560906	0.5043772256124095	-0.2237111649272389	-0.44116792450255954	0.6219216938033362	0.3144923144255627	0.3648109893795662	-1.1483488378679176	-0.27040547294593026	-0.6756539463471923	-0.01098431865873016	0.18710992496129059	-1.0897485547420986	0.33642822732151895	0.19496418068036964	-0.20682621246187596	0.19337242401431337
DTXSID9021550	-8.104624190581829	-2.5493723677643385	-0.5547755070896956	0.35088235898565145	-0.5110046999900759	1.6654458843759055	0.1912191915743265	-0.20556770440080666	-0.8909943137155677	0.22179533970167303	-0.25960413049629644	1.272223921268139	1.0484669745852222	0.21078724195059545	0.995703000725468	3.2671876889141567	3.0541369234291285	-2.5690317273873635	0.4534591614846269	1.6643970987734689	-0.8247275835689031	-1.328071423176847	-0.31410854583154313	-0.28822087512076616	-0.05099394587169047	0.17701882365447483	-1.061660373990073	-0.33969888340975707	-1.253417237653993	0.8487561184237903	1.2184491821673933	0.27713890884668196	0.9741644911454174	-0.819613329003602	0.14433632659029896	-1.201931305242169	-0.6024345484935153	0.37831125161401497	0.06103599573868852	0.5893874769761515	0.7026359851760966	-0.14552949044374217	-0.8817341790674241	0.3613036414497471	0.3197713508196118	-1.2971071668868803	-0.3114023652123741	0.264815162076018	0.2281800994847247	-0.2299296620931767	0.25507924684626687	-0.2612323900317203	-0.318862234545433	0.24023378367632856	-0.4600310571689869	0.19939086327484748	0.7532050029601821	0.3479534454554483	1.2009960631580827	-0.060494559021591884	0.35399589725460534	-1.007559546521373	-1.1810288647806557	0.4746975765365633	-0.10948673036903074	-0.5552607286555098	0.13265475446248115	0.7559962852074327	-0.796050753804553	0.8585490149269681	-0.7267300058316243	0.02237624817821242	-0.7499221982184919	-1.0080769710967126	-1.0286483140355285	-0.06298268056209447	0.02684496780447885	-0.864303992376635	-0.2292754620536827	0.10220135406570302	0.13705363328524456	-1.0135342275246753	0.31499110414358944	-0.8700804096368098	-0.06482216036521016	-0.21918397945465554	-0.2561445401527218	-0.43997659862309413	-0.2032230553093378	0.5340794341682726	0.07556489849330691	0.27211792543677304	0.001633064077229584	-0.33742390300339037	0.3010188022177005	-0.5174717214715778	-0.13760103509777963	0.2574914222945719	-0.011317181110954895	-0.48951390211891516
DTXSID2046832	6.079852305223815	3.0446619569869	-0.18333467265371434	-1.7108514807222714	-1.4366802719265264	-2.9707745918145005	-1.877609421913736	0.36704905348834427	0.7168876721144051	-1.7213976612817452	0.07771170974537396	-0.2927889332613435	-2.437813874056709	1.5648110159556234	2.1647052650318765	1.6196425577749736	-1.3648947626089432	-0.06367184454911641	-1.1101500100100214	0.38912115178214784	1.538410579656223	-1.3351304708789014	0.11010875769568577	1.5255283105217097	-3.3309174401418433	-0.33197985691253884	-0.20706926702314984	0.10841910396069088	-1.1738562999881546	-1.7477800629479745	-1.4567255707619726	0.7092054946326737	0.8742874645707754	1.3143001831499725	-0.4314668793127862	-0.8992259886415946	-1.311185667167762	0.14531478314516416	-1.604420476803725	1.5741082995690012	0.10224051109727905	0.6662130646543895	1.102959710232095	-0.7068467674031612	-0.37422518810258326	0.3238576252957414	-0.8369956277152244	0.18037399788455416	0.11078270195318178	0.4287008666407457	-0.4621625349750843	-0.30777814490541966	0.7671896849551023	-0.47001053789943764	-1.5142539530045283	1.847385382466378	0.32688555003422737	1.3210615897210307	-1.9154087764430008	-0.8177978081235444	-0.2849071904822569	-1.4717164075220448	1.5151023170952431	0.1973269829598463	0.36429317939876776	-1.0065726977857714	-1.423764537398897	-1.2699908042527124	-0.6945275409038613	-0.2593183250478112	0.2726472334610288	0.0026572734733225616	-0.6839108171970775	1.7025304937737236	-0.2208528014149929	-0.8266673794750045	0.8149322983380297	-1.4263189470688933	-0.9973394881213425	-1.1728532161921112	-0.7586859761230097	-0.3019627081102257	0.029655126764491432	-0.9885590420306004	0.2592901230312342	-1.212542132850386	1.5531440466274629	1.5117869342240706	0.3085723461438572	0.029286401471705022	-0.2101865732076011	-0.24235914424410596	0.7590089299820626	0.6158071666535072	-0.23618682385182768	0.782367612805202	0.6496847531177802	0.31273040127847596	0.15815895189443516	0.6393620147841746
DTXSID1047520	-2.2005155771511253	-2.197993582546338	2.6659280730020996	-2.8231793961637353	-1.5054740926687025	-2.350413934713437	-0.05865124243413778	-0.0030436364791660785	0.06981039251572889	-0.5014317173890249	-0.37380631175796103	0.7202634936939961	0.25272258210202697	1.4254799252368886	-0.7723564734004139	-0.13819975185053585	-0.6605434324696248	-0.10606479445155187	0.6267838238533877	0.001970181000858996	0.08891516700194481	-0.19907556182180894	-1.505535810708489	0.48287613311666283	-0.10526596216700969	-0.8673209333366543	1.7321698882860583	0.7652994798624863	0.17764233750602682	1.4995663486154402	1.0705546921354636	-1.0234862233529953	1.564792389171227	0.6966247026084339	-0.15316243456004847	0.4256646063662247	-0.544383940376983	-1.0757841394714	0.9606905182552992	0.87031885170504	-0.7169869248782468	0.27464385892165366	-0.40667274959419375	1.0224818443062889	-1.2246811557782444	-0.19983797450220833	0.3376283629438374	-1.0038086308657805	-0.09240691407961836	-1.023946038648411	0.3456932736880739	-0.08849217243055427	-0.6119266427535479	0.3943245406459299	1.2032209927817377	-1.5961337406843665	-0.09221800392402296	0.3725247744981736	0.5476999159959366	-1.185825420090888	0.6265174857854264	0.5989846146155481	-0.8769295535949971	-1.3675571674957008	-0.1322891323764683	0.8069762335451638	0.25087078572454374	0.2442444560230839	1.0017653986265433	-0.492129926227873	-0.3284541091737836	-0.2934955127938946	1.0775155722555452	-0.8076747561076237	0.6440300364091475	-0.6974920309227632	0.9020799609005394	-1.4701071271391573	0.3867353363303848	-0.006329661167593998	0.5953162681073917	-0.6382785599467442	0.45552906662713105	-0.7103471224635982	-0.14400583635037523	-0.21029299373659197	0.34551180594080505	0.33730168871637156	-0.16737164675904578	0.5882993856853505	-0.28924468122094477	-0.1937473618481913	0.421810344975985	0.17247353930712822	0.4570307348376727	0.4636267888064637	0.39984939981835294	-0.1952150298523315	0.09231290504040321	0.4207814260921218
DTXSID1046764	-1.8852113657220557	1.7232088661015084	-0.24845851772694466	3.184663276680558	-0.7042933189327172	-1.3243989022136822	3.4472138692722463	-1.1279781764046228	-0.044195754728075555	0.454242237020824	1.271538582971895	-1.8598113454669334	0.3783260198580785	-1.014854346268558	-1.399764279566058	0.715084419858671	-1.3774422084105484	0.9721234365159006	3.302627104664481	-2.080101342824532	2.1991896077214275	0.9118455254112697	1.3426476018707245	0.45348436790299745	-0.5695983855970025	1.1547438150217928	0.14208316830954712	-0.6138967617264725	-0.810433694527097	0.08513113974729726	-0.007401564261572231	-0.2290175027331114	-0.3104072739094391	0.5442454805811703	-1.0072612904476548	-0.333846050574553	-0.19258457879377552	0.3026136425262609	0.0008750769844310447	-0.14127205276605945	1.0624553124291924	-0.23340080286923645	0.32533503911659406	0.35577054525250773	-0.38302934623355295	-0.6519708679838717	0.1391501290543105	0.14500348505429253	0.09897513703998725	0.09654483638517178	0.15121854849413172	-0.19644745954066223	0.12262304444281505	-0.05361574057709744	-0.23698663034943518	-0.5173368729520029	1.1353962975061243	-0.13663588179914918	0.3366801192828512	-0.4233718710321477	-0.04207141588904328	-0.1090555691170759	0.027726382633006256	-1.3068380691099977	0.08805941483696862	-0.14200329998861408	-0.13923372326437705	0.6517620888627156	-0.4948796189266747	0.6742004786070169	-0.80255539653327	0.6396427735992659	0.7576402099445521	-1.0171861174638184	0.21893445690870864	0.20020107684053298	-0.21677491132947477	-0.3947526407189652	0.5951596024355174	0.31557213823580427	-0.4396230614534808	-0.027450492746433696	1.2454841479471541	0.5170478760449018	-1.2385589323550232	-0.25373173709783525	-0.7271915696813269	-0.266991910875805	0.8428913026894576	-0.3998314628278711	0.5821594097513512	0.6954772392312576	0.37079996302095025	0.8259901026392481	0.3578939817400658	-0.08247353943818822	-0.36921399844597536	-0.3965386009796454	-0.08040504904412411	0.3020749016854432
DTXSID0024638	-3.0024485319661336	4.810101076520182	0.973230573833045	0.699851979058841	-2.6687224497708177	1.0058010348253434	-1.3709300352093212	-0.28035152871820923	1.6886963578133873	-0.6593680513695792	1.2200381486469	-0.6674532201652688	-0.34265175645207235	-1.6765886009813116	-0.5307665030324333	0.7248892842649134	-0.05607903332377781	-0.1915378323622912	-0.022973792319296936	-0.056467940071353855	-0.16674063904086478	-0.2116448400686679	-0.6475159687372564	-0.012085719919384083	-0.31921797317650497	0.07777056548532624	0.08725626657237588	0.5092798779925262	-0.18909193862497464	-0.10333827476723424	0.08487199012718753	0.1285960408420555	0.4349848575513662	0.11840096571341666	-0.06791502429824528	-1.1093607557285905	0.3045804283859828	-0.061417716643317334	0.5432238347571474	-0.42329709714322095	0.33747260162896753	0.5164372517594228	-0.38312169633895166	-0.08828921065809733	-0.3663037825689703	0.3725585778731218	-0.24884600151269048	-0.1659723554957816	0.07473546575725024	0.08335623881881689	0.1654893738918267	0.11268389645100729	-0.08059672834393314	0.11477160356701842	0.29296242928007454	-0.013103529310983589	0.6600694942045262	0.13566866652219642	-0.21104467682468894	0.029232081900289777	-0.07980552575053028	0.5186698553752425	-0.40830602281505296	-0.19665818141246674	0.0011833806646962372	0.03141600378262881	0.05631636913175199	0.15356982821451548	0.163186708006795	0.5962670937378385	0.1822660038349735	-0.46772395592354316	0.12072212840894068	0.02397617980704106	-0.4839427955392755	0.25429459496718576	-0.12609512827145258	0.5789801778300564	-0.19865120083131618	0.2246577571381948	-0.04315262090850643	-0.46532948184501205	-0.16599353680494505	0.2199607061017662	-0.18552410161813596	0.44382017989980266	-0.41688243398726904	0.17919509042730303	-0.038594395932417695	-0.3787768665898474	0.3222075056764147	0.13310165054995576	0.6850646276342973	0.2093422286283211	-0.13552704761537823	0.11067904880179785	-0.08661919724269204	0.8205168499808865	-0.8560309556215205	-0.5316404281205312
DTXSID9025291	-4.291400300925344	-2.62353270906729	3.0269695786434374	-0.6526570098061719	0.3798788657605809	-0.8172806052519096	-0.2738842199052519	-0.581324055857649	0.2543684470352843	-0.5704339719669509	-0.5559053244026098	0.028432496432273652	0.5370478408921917	0.06854774154615534	-0.27133042010349523	-0.3854318164074495	0.5855972138334128	-0.19899148423574112	-0.024626985668887113	-0.9710671303413478	-0.21949738031033328	-0.24209359433588878	1.987235339405538	-0.15910729954460595	-0.06717130615563194	0.3614038153836676	0.0698036119670534	-0.03471817248742158	0.014966810536730992	-0.523880654298127	0.23375972627321384	0.4579998672345223	0.15109051198082044	-0.14248863929079908	-0.2674865899301292	-0.6467245112947794	1.6418528031363189	-0.6100378253989114	0.2679034247585651	-0.1268216057251224	-1.328425091092382	0.5585326996373592	0.2025574933497037	1.4187819383579696	2.3420836039120947	0.12884723364470038	-1.91820898770469	1.7128498102171026	1.104555081970429	-1.0526747346247936	-0.19232651741598733	1.433743292885276	-1.4751925339623835	0.03987804753615452	-0.0867379003109274	-0.8075040647052797	-1.75340963240767	1.3877770713895399	0.10282523661594835	-0.3477505711556718	-0.6128181163347757	-0.5621882424683284	0.22367149654124616	-1.0193009562794215	1.0301048247498477	0.1047545802810641	-1.4580297255892223	1.093806779233884	-0.17263352402154628	0.2081634604982467	-0.22216271218185893	0.2889952469591012	0.42310627137581464	-0.3947669969737786	-0.16590304440175407	0.956560217051109	0.06205520690653185	-0.21776063871261822	-0.12274688308180919	-0.17110748666663603	-0.7429924985903776	-0.04878656247414842	0.02794709365531664	0.4183753323019987	-0.14743594307532437	-0.0038327333864904755	-0.19803576404063675	0.0172861949261642	-0.05721915992476198	-0.10556408106397569	-0.15363077276277226	-0.0291659029718297	-0.08214501492005953	0.41174116414628814	-0.32925924580217	0.3173351183511841	-0.06806026163179316	0.112705204487239	0.11555854052509035	-0.03285826319030028
DTXSID1038876	1.3946248152465701	6.466836131080256	-1.4214746972823924	2.642830840091165	-1.8358394853169329	0.06235778978582139	-5.0472064769535825	-2.8977009548718433	-0.7533403864784178	-3.2034226239322643	-3.4229923870970693	-0.8052357414487028	3.1250725825269106	0.8694966865425865	-0.9043075781591409	0.10082801732732177	-0.8922424478912642	-0.294516992327792	0.36364014523134935	0.586842267618839	0.5283789478240254	0.6975869952575068	0.09837073913468901	0.29824791282767743	-0.11682484431149742	0.4757580846269322	0.11428544567908484	0.7049590630176331	-0.012807061194622403	-0.11054189697587241	-0.2909089999210766	-0.9530861365348394	-0.7283014128851725	-0.3520180127280587	-0.3130405708014731	-0.3251895211318558	-0.38338775979189	-0.029260466271253834	-0.08482329349483125	-0.25386180171321177	-0.16135103144501642	0.4209078002401892	-0.4038354517999291	0.3717740716253756	0.054381037159124235	0.02143329332689973	0.43025394050434546	-0.3229726977674408	-0.21735590467363936	0.34085157895861007	-0.029604917561001597	-0.15872261738765997	0.2616608055230962	0.07757394472881876	-0.6182198436573934	0.353736196431693	-0.04785414393835773	0.1991648223179582	-0.48348991809281666	0.03137112473965873	-0.6116442860526342	0.007413220398866824	0.8004412678234464	0.3407337578954464	-0.1271588200623616	-0.8612162748367778	-0.21266254894030065	-0.9336309039832742	-0.9239166879194585	0.12352614366376549	0.34639043401153613	-0.16990208248118044	0.33838138385417565	-0.7126317071006487	-0.5990938182375927	-0.5780718185854038	-0.3250686044942925	-0.7948690402508867	0.5403157422333227	-0.6836684957779792	-0.11910514765645994	0.21757034509556358	-0.15725835792060489	-0.5953518844585429	-0.21749628643140098	-0.12723099596102008	0.10558792830437577	-0.24646576934784403	-0.07400885219124088	-0.02544641789958299	-0.3925640313561187	0.14744383949063333	0.21064650805977944	0.42982094319239916	-0.04344027133820868	-0.004716063114248157	0.4506705072461925	0.46877958264648506	0.397964476599689	-0.005399822726705287
DTXSID3047895	2.80896506664247	0.7289956256576865	3.012079210364192	1.9768328836993603	0.1786538423765798	-0.38133864411419444	-0.20828278289508262	-0.27547047890177634	0.01709320747907915	2.3843407705451702	-0.4994257240903027	-0.6886032025506088	-1.1257764573395403	2.6934029234648422	-0.29587203074515145	-1.8512471222310174	1.4062348528486674	-0.03297716552142651	2.130501335024026	-0.8992280901800032	-0.23732422041690648	0.37234782518114873	0.7427837879852227	0.25045796301803724	-0.10688389514499595	0.3761525740485752	-0.13151032180751823	-0.9054256402344257	0.1773740308714787	-0.6377974202003036	-0.5879111919037824	0.3245893241304884	-0.6868856602602883	-0.2874198612448466	-0.5032276978210162	0.3025677476906661	-0.43269199147262843	0.9492583738781224	-1.5059873896472393	-1.240797215690353	0.2089606591096304	0.4096122976485157	-0.23673062263343367	-0.25605593036591345	0.32526834722794795	-0.1141693626714122	0.5602563449152448	-0.1962402831282746	-0.2267451877502415	-0.517729446881966	-0.2364906556348477	-0.19006375779725998	0.09307334902467569	-0.38812846001168544	-1.221148194675398	0.2903217670672064	-0.6856115760518621	0.41659990524182994	-0.5800414992567934	0.1605685998605753	-0.7204650245595029	-0.49694631300128217	1.2552277823260436	-1.440212869024049	-0.11101267529150623	-1.0592509877004161	-1.2648843930388267	-0.08220118607768377	-0.050682483317479064	0.6135220127900647	-0.5762901335230273	-0.19070290388202887	1.860221951298434	-1.2193103108523784	-0.5958486894912459	0.057523253228010676	-0.9032187718137943	-0.6149429286444097	-0.7292763840316376	0.8674116002362549	0.056473872401623854	-0.07691941983339651	0.19587358690909024	0.02972522546841862	-0.3151633457905448	0.010631785918417989	-0.6758471581605361	-0.3494168252409578	-0.10638750800952049	0.4341745711595326	-0.1273127320106748	1.1953261409528089	-0.7000127486099386	0.42331538682561676	0.16687174901443402	0.20840927657166744	0.35847061565235905	0.28751038013990027	-0.2775523843729226	-0.1510386040615206
DTXSID3020207	0.6124236288673115	0.40017637759305263	-2.6828182564047354	1.2275356400564421	2.8907429662411426	0.8846438947737383	-3.007811951846758	-4.772453953590556	-2.0326442303217465	0.15556356357606918	-2.629384711819301	10.985078545420565	3.2660376609324	-2.1913671585714956	1.6818459484316626	-1.7064511802278273	-2.864907227091758	0.41086748859713007	0.2777127000422652	-0.4210516363314738	-0.3529618485529816	1.1897459417798883	0.2508504612904419	-0.5667092341261042	0.682276576071521	0.6702022064861951	1.0786713446284524	-1.042938696603946	0.1012361133549717	-0.29783039810324324	-2.035005718906563	-0.5326142925330458	-0.6969284549181337	0.9112252576950525	-1.2884747948929045	-0.1886963477242888	-0.23975600515011553	0.8645408390948905	-1.1173943462550235	-0.8884886646992948	0.6695612355882199	0.3619068236575579	-0.13725074196506917	-0.38826391619425543	-0.009023922592282957	-0.048834527741090226	0.26056628664144565	-0.4342398622219528	0.14373305307822615	-0.0416820760993983	-0.06705970166586192	-0.19740829239496505	0.07572966956597324	-0.013049264669413502	-0.18891274051556714	-0.07372994263132068	-0.09628388789213406	0.36994189821533435	-0.04305258763864212	0.007686863248273095	-0.20728081986312563	-0.12855738584765752	0.10182358428963527	0.1477539637260092	-0.285798195183794	-0.3828075875925614	-0.43451403583086046	-0.46077682967479794	0.9083206627242623	0.7116843091059283	-0.44976374661192825	-0.9709324751393908	1.3052921566095987	-0.33788074959315406	0.018890583110679215	0.5302810527978581	0.2283006615893976	-0.3418928597051622	-0.4080367125857645	-0.06900737779977617	0.7329282424404658	-0.5107118463290572	-0.6641628325426908	0.45844813789819905	-0.05766797149475111	0.88272025939975	0.23410243314297086	0.4595965084725698	0.3615008984549425	-0.9719081656856574	0.4472987619873188	-0.02009672507308701	0.15459201733831923	0.3506963443418335	0.5063644302490489	0.4854926639470849	0.020944709512186764	-0.1296318364780902	0.10318512945976056	0.5375457708103709
DTXSID3032547	-2.183815234791826	-0.21389288398295148	-1.6136309667367073	-1.1978764801295192	-0.9573272797830941	3.165123511167595	3.579102303644582	2.9201614833730325	-2.0524948442215263	-1.2755072838083539	-0.644456592661795	1.0061158199001436	1.3669727217554934	0.9831862982479366	-0.10257712409739006	-0.7866795121305414	-0.33297703929675904	0.050639838605604566	0.0497787027789556	-0.6324088726130027	-0.4875037117212691	-0.4932532319006874	0.5031766761729702	0.3391620315035874	0.17958838248260198	-0.1719672681916574	0.29557419559811526	-0.10579598120276298	0.22458713032168182	0.01955011375018436	0.9164329674583092	-0.27883013702334625	0.17611811056784157	-0.29872393358506927	0.9490174587432397	-0.6596953746388953	0.254512877082644	-0.07842192645573304	-0.01828542989253397	-0.24312817067057357	-0.3289455545743975	0.41118582495338474	-0.3316548284987828	-0.8405510113169191	0.11570270463581901	-0.17950725770523393	-0.49882416291416565	-0.5675415406401619	-0.002035359606265441	-0.2822426372999663	0.20813439117429605	0.004086650288982711	0.32195146295139987	-0.09672690625400873	0.03401160993252418	-0.11943841556341313	0.27355270145671384	0.4060880834736483	0.3496747563628718	0.45921323703440586	-0.6236383698723155	0.09559392983621735	-0.9140901658579872	-0.396419842357033	0.17605966434491824	0.5857736082662158	0.22293076293817052	-0.37975779076105265	-0.4770946204229872	0.27974160855081603	1.024188106959365	-0.586951408343203	0.3724318155638066	0.01334022124072635	-0.4334755354797789	0.08161461334221484	0.18375789448674426	2.3131007670398622	0.25670942385199225	0.8379221152100139	-0.4801248204659046	-0.49453791134291214	-0.6574546235084765	-1.1879296590746626	0.4359669328169723	0.04558470431297347	-0.04642243476394336	0.10659143667844832	1.3628659295067376	0.7647822215355354	-0.6963861720721694	0.4070719606664456	1.7737954752476486	0.01783065610421668	-0.9898290064005509	0.8693723848437613	-0.45986403085063493	-0.3498851205560016	0.07266003326632314	0.08031723869667048
DTXSID3040279	2.3806305527374163	5.0641894603191	-0.35410908480775743	-1.2168733867876247	-2.945536569002625	3.627853882527813	-0.5361223973253265	4.554886952697066	-2.0707229139323036	-0.4619647884831897	-0.5610765588328185	1.1668581931555047	-0.14145526054409713	-0.3289448519054762	-0.15916704642558777	-0.5208616960502609	0.7026846400610144	0.2786364924139039	0.06308903787357453	-1.5436490111398529	0.829085749298934	-1.0978808073716861	0.7492318564603212	0.7637268002246308	-0.31417420103117083	-0.14401569135705655	0.27817724215944434	-1.0766491313150452	-0.124396318538509	0.10728463035854481	1.1484994433514426	-0.0367108795492288	-0.2858017874098461	-0.027741388375146923	0.4226963933576401	-1.1311249564650119	0.0370486413851638	-0.022208794361120877	0.08370470909223536	-0.3107270520492691	-0.650215411845216	0.5082724164872742	0.0896717529367559	0.2392243321359391	-0.02417881012458231	-0.2040329504358247	0.14626105885188084	-0.18655584968341798	-0.5797311810161827	0.042695174236660825	0.036128660442404426	-0.1142805129374375	0.2848864748058515	-0.2987822161087268	-0.15302901862010526	-0.6002529985836083	0.4412167605667197	-0.4531911620159208	-0.1236139850248933	0.18054229405853925	0.5076117290961761	-0.02891273059845707	-0.8224471213095036	-0.3357487504020573	0.5300036156270632	0.12126363804544245	-0.03483778655354115	0.10130749806303602	-1.3295636438140843	-0.5044870496521442	-0.24933796798940197	-0.14227121386876707	0.14336964349476625	-0.05076446068363242	0.6603226307093313	0.18956574808375753	-1.1479496462285268	0.6633181354500721	-1.0058365859991774	0.8862985809028446	-0.7648385885017683	-0.35410587441976304	0.6549931366058366	-0.546275089377161	0.2551823925419229	-0.31779409944427106	-0.24447838000495742	-0.6385979539535575	0.12028516435785255	0.3251688574144163	-0.45436520285837384	-0.024267745415733954	-0.1837110155718233	-1.2042795305848555	-0.1340835600719811	0.5676712503530167	0.06731278880140419	0.26576068155213983	-0.7030081306764956	0.14802700039521188
DTXSID5025152	-2.961806249776033	-3.382798497415799	-0.3330322134156699	-1.7704050733960839	1.504750192788192	-1.7825204616491939	-2.472827568640426	0.7010668928954816	-0.5291896368326026	-2.581689573848391	-0.5970922565211029	0.4657159578638698	-1.9265899460713045	2.740186587216904	-0.9488669401109149	-0.05483220000228133	-1.1706350197311608	-1.0832890336871017	1.4532503981761575	0.24422755370465046	0.6328264127125869	0.4407136034571369	-2.3709354010017742	-0.5896282371761119	0.2508559350471512	-0.9811935944051852	-0.3755000923647453	1.7358232732507881	-0.41096763350482407	0.3522146109558476	-0.610727483310292	-0.022883707452191114	1.7726005435836716	0.769791271189641	0.45804015935232795	0.33434051850071955	-0.8891886318079659	-1.048740574865345	1.0615457005815305	0.15486367678889776	-0.7301781636741712	0.34302192970216083	-0.22235209620393057	0.8748285020020266	-1.0223280012081415	-0.491062821425819	-0.1772315699757215	-1.305850826707989	-0.22800240067492067	-1.0370988024699486	0.1952073611407541	-0.33486032328536813	-0.6304807243487989	-0.034938917414227444	0.932702740537554	-1.1727583482836859	-0.4382850233883097	0.2949582123907682	0.8408240881730625	-0.7840928747692315	0.1365381053743623	1.1594659021792124	-0.16088564450660237	-1.0629747897714068	-0.1278596110460916	-0.03588352118190466	0.5682087057501516	-0.08320607475549184	2.639713157699524	-0.8830324022015651	-0.8484622485769985	-0.05459794579119176	0.5302447219350653	-0.14546879563531018	-1.3538866142294825	-1.055969570194237	0.3336727445449441	-0.7345234959554141	-0.32345958989678797	0.32860782263347726	-0.37521474209517075	-0.0095359175050218	0.2490790624650391	0.5544919220329084	0.14548732605928688	0.6128800956230472	0.1859032598776887	-0.07076873063406068	-0.28304093063307695	0.23786563204146613	1.317556134423498	0.5467536962229604	0.4452528490784799	-0.5175626417118598	0.34119524800763434	-0.4824618833489159	0.13643846640897292	0.07199768011701473	-0.5367112127598215	0.3890520985393358
DTXSID0046690	4.302372790062574	1.0913750965236508	4.583655056860619	-0.17540615627459924	-2.239500637844603	-2.1295503995503657	2.1246667596896502	0.6876361610990013	1.7818370065173301	-0.1728076329412578	-0.27531898031216795	0.7777118795522545	-0.6069338899956591	0.5221939678940243	2.92627789820393	-0.703748627835682	0.052032609389362314	1.2303464745538266	0.03498319368685607	-0.9734262805283973	1.1187172073510103	-0.9472111918861139	1.0327134591751974	-0.8553165150915842	1.7845077721114364	2.494644913255429	0.2869990827459391	1.535605889687723	2.996457920488903	0.2554082549103018	0.8523390645640063	0.8961973692255585	3.120664492432774	1.504547558583355	-4.0377751927408125	0.588538516846946	-1.9466683477443063	3.9132299272398927	-0.5022334122439649	2.1382708420019148	0.357628808136645	-0.27667750195010077	-4.535508290396157	-0.6911197924665285	0.5603962536669191	-0.17824840168330544	-5.985756654553835	1.792549695179384	-3.398690768038155	9.25019355398591	-1.6377957630325877	-1.3466808565778443	-0.6755953229826697	-4.344345881642557	-2.4053829844067884	3.4011137434881302	-3.9697591494150224	-4.050058805097275	-1.4989431909490667	-1.3181798015942416	-2.9877062957553457	4.77665379226745	-4.01499535815169	-1.3521704832870802	-0.8610679034854918	2.8957609866941674	-1.0837903781025655	2.6248036580343554	0.6050996196088432	0.004968016319633414	-0.2357295630196849	-0.5368595475739695	2.6515870987830215	-2.905700215806278	-0.9814649105944555	0.9045484813017366	0.27308792962464024	0.8485943240629701	-1.554436363870167	-2.149506762087468	1.43903653252601	0.2526282115218345	1.3272618048944667	-1.0715258411574626	0.041868107707900525	0.937431708878083	-2.1138411089240137	0.08375479121652821	0.11391401627075595	0.5507157189298834	1.0269868067337748	0.38144361841623875	0.36858005435445773	0.8768842664011272	-0.10617856679577913	-0.7098618323859256	0.048819773792710006	-0.571718611947252	-0.7187585987856238	0.875816325648885
DTXSID1057668	6.292522548997178	1.3846967794438303	-3.7738470369642756	-2.525201741711445	5.3702617640129775	0.8419682224292164	-2.2797757539665198	5.7169748401011455	-3.1360232613000396	1.4483886524536613	-0.1647124209292854	-1.9219440273038448	-0.09889946422435257	-2.2946454114609627	2.420600970666306	-0.06649648266081101	-0.9507378116334935	-0.9240224077090213	0.503983993059181	-1.0265817378267397	0.5062693583279625	-0.8206646304598092	1.2539891047707443	-0.36043077193783146	-0.4527332532980057	-1.205232515074467	-0.5456553090039536	0.06694024752284412	-0.15739550429246552	1.0590823401369331	0.04127380770025216	-0.9281255496703432	0.8967006873687116	-1.0878850940108837	1.4531556554007536	2.538540475148164	-1.1675895633106275	-0.21605906316342047	-0.9706834654938103	-0.15328302487578166	0.3770155061433333	0.03556435990072236	1.322266405786688	0.4443969778648493	0.4638639659489819	-0.15340200371937252	-1.0526466219228763	1.0528641648935682	0.12635973708939333	0.5293258341847186	0.39947367885928475	0.5499793046270794	0.7690084033263201	0.7839538204913709	0.5655719064128557	0.7653636998047845	-0.6418925092082882	1.533804832902386	0.7273615909231617	0.8141903932866533	0.15642064596509178	0.8442145515994716	-1.3051351455683482	-0.5303351555550366	0.434629900414209	-0.42301109901905437	0.016329736502109702	1.1613843999682714	-0.49026071904475027	1.4175082190766486	-1.171169055356546	-0.27689659156188806	-1.0955409060456598	1.0860886396101386	1.737908117345093	-1.3213322536982746	-2.0359413043068733	0.9708796095428992	-1.4334215345316648	-0.4738128932330277	-0.7465186598375841	-2.0854485197558676	-0.6602568787930382	-1.9033157460938963	-0.15841672153833444	1.6270071134428683	1.2918696450434488	-2.3816911253700503	-1.4281365108261492	-0.1244929151787918	0.5147865343814044	0.848002796498699	1.296936116312151	-2.584120389058576	2.085886012420304	0.4499492451600541	1.1062189949240895	0.8450117537096153	0.10493824235617676	-0.8349375954452359
DTXSID0023589	1.5872961247756612	0.08938736721238533	-1.8322270070410067	-0.6661556684124696	0.2644751218678893	-1.1781830191870597	0.8036669250006476	-0.13011285615975693	0.8960541833686645	1.5582960620838713	-0.7372850497211213	-0.4189649505884429	-0.07523225106641712	0.8510085601357519	0.21124996168801322	0.3901930017656775	1.908594066667515	1.8045355912390888	-1.6251667811893793	-1.0938199177710988	2.7327215998800507	-0.5987772300362257	-0.7412137594289049	0.23442510012001913	0.9009482690577003	1.0358777165066961	1.5475009194835467	-0.2209096374038208	0.2879314730684489	-0.7278843551274264	-0.7525199602787244	-0.028655264232434273	-0.76774134807676	-1.1210108177102216	-0.3686675673588672	0.13265541135761486	0.08836065879981624	0.28751226678723196	-0.3507154619323898	-0.11412347474186692	1.4092422163252216	1.6860998129246938	-0.10883473585063777	0.9237943632841703	-0.23710442028733006	0.5566514748687185	-0.48833663563819324	0.17525681549227823	-0.17216665195564457	0.06056734384363972	0.05061222723131	-0.22154188919995685	0.297430943306941	0.494984478254822	-0.8598519554128845	-1.2266802376485986	0.3419558315231417	-0.11749883479356141	-0.4371594500564658	-0.5134110245317174	-0.8659622167486695	-0.1556734409763698	0.6109211858701808	0.040565244122370246	-0.8795902293421218	-1.0711624806963826	-0.3602834368745133	0.4454865739770591	-0.3063132794048387	0.7769356423483408	-0.37117494121913697	0.6190822947206066	0.31476050776254	0.5442092684597759	1.051024935391119	0.4557794541195926	-0.26151306683549863	-0.9317168250411415	-0.5580872452824781	-0.5232708912611177	-0.0661843219221078	-0.24594267149603685	-0.5086374248317819	-0.055759064726070666	-0.05112632937453246	0.24506710217440367	0.5627434393797122	0.36148914552895345	-0.4869595950020402	-0.5931029183294486	0.4627165312032151	0.3458823597718369	0.15534647270019966	-0.5259027851985225	-0.3562942741964492	-0.07491157171921958	-0.07470272161660298	0.026019822060933964	0.20001740368510743	-0.4733350803170292
DTXSID3024366	-5.3795883240599585	-2.4129181416837913	1.883946404037391	-1.7839583604280815	-1.459150333311498	-0.9590751316180087	0.1622992612793529	-0.31831952051335977	1.122684972237838	0.43331677028623067	-0.022711759308969782	-0.1851838327571318	0.10761562309166511	-0.5302693984926601	0.5132259627050798	0.7870238181867136	-1.0628896775372807	0.6310451765818289	-0.37849827499332533	0.28357194392422036	-0.059326758440487314	0.1935774526286305	-1.610926667985604	-1.1344496854556951	0.6086740011007441	-0.5065418111271273	-0.2258961207345751	0.19156516649120542	0.094414711294145	-0.13496998162609297	0.16426320302868513	0.4143238359293423	0.4457493937897465	0.14988107395248856	-0.458966199167336	0.3277338197128002	-0.288938274266911	-0.35011845501414335	-0.21177144193928113	-0.39250456568580655	0.15235507707079451	-0.38530269906753867	-0.4761225315086754	-0.7028162710409767	0.1632854153754794	0.37207472539678876	-0.3573327685623671	0.06928914283617	0.23655346951767234	-0.2358772204148349	-0.18352681160427853	-0.3184315963074637	-0.0879000809462309	0.027768939165044096	0.22616026028891326	0.21355598322151903	-0.19571148555469073	0.3715591769645479	0.12620397644222722	0.350001425429078	-0.42031363203705263	0.1430001520412514	0.3712088703846239	0.3688214947988863	-0.4400302625991406	-0.13722698296402275	-0.23642514813579985	-0.005253313083365739	0.0759367195519459	0.41177122982832226	0.525662756642795	0.20897514593342922	0.2699893518404326	-0.08793939088375276	-0.3496356918272129	0.2106400898713554	0.07285396901300227	0.5554817095486162	0.6408729034675447	-0.12739229088016205	0.058679066604013314	0.07464299167015301	0.09537469642534334	-0.06285063240013607	0.29273151738413483	0.23301817477319353	-0.2800182987626683	-0.4924933345254106	0.016855967888477836	-0.04598928644790068	-0.5113058419228398	-0.29901801003931694	0.3209188363641368	0.2315684640627859	0.2952290036763916	-0.25960410654213406	0.23592574003501904	-0.12502857680978471	0.8315884139471634	0.17966763277570325
DTXSID0046226	6.302159791125739	1.71399594086301	-8.094453772733038	2.4262909556379997	8.011104061075374	-0.17133062798040904	-1.7322594511181924	-4.6110269596605065	-2.353319263029143	-0.5893150741968162	-2.4252811690757925	14.05951050216238	3.511250832198255	-2.8601065417126588	1.1710853095082978	-1.4983382371159157	-1.9940522343992	-1.2670223560105194	-0.26314536455819215	0.32723730611816576	-1.4517551681450147	1.1016773474665307	1.1718803186531954	-0.7440624783621113	0.003151439225785778	-1.492965310263401	0.07281527315156072	1.4658676003414706	1.960855044206246	-2.2401266126381505	-0.018601073812308324	1.7621168193477879	-4.8888313794604965	6.294160308954165	-2.6066175966458185	3.9846450933749646	-0.318331559611255	-2.2799670341556255	5.1140666185263175	0.03564377162198671	2.5734898879717782	3.956230287830008	2.155051296471841	-3.363539492599042	3.515358012936256	0.09343232327153837	-0.671525515947897	-2.137873342909077	-0.47025869834807654	-1.8443848715958504	-1.029080005525592	-4.2418511791637	2.2904431437128645	-2.502449495498097	0.14069261297277275	0.7922050529266866	1.12315415880792	0.5789608234989438	-0.9601315193696569	1.0594506048436392	-1.1109664319839683	1.3091927440746938	-0.08145461313274546	0.4608779745737519	2.723847320075227	-0.9746084925483451	1.5346316232533224	1.1514484936950098	1.2367031331158382	1.443786558581025	-0.016128706656302613	-1.5877208935850256	0.30762204828475376	0.1152064280899733	-0.2725480913377249	1.4276144610388053	-0.960285860864328	-1.5034644660470795	-0.8881571286041714	-0.5294826212667236	1.4895646869134163	-0.6320075877904328	-0.3975313295982413	1.033306579253934	-0.21139729012689587	0.4042611576904766	-0.6642085739312362	1.7177081279979856	-0.5418975646798039	-1.1161486427177199	0.0973061986333735	0.48559319605328455	0.69055649869594	-0.3181643657784012	0.7120017670812598	0.9918658307285332	-0.3768835768741116	-0.06549024652541431	0.10065510323544753	0.10385403962435816
DTXSID4032619	2.9211818981304454	5.050929901083725	-0.7078940459739221	1.5495792735200211	4.070859570310787	-1.1988013738627408	-1.2782326823645365	3.61416383652009	1.8600379259594082	0.15400446061514086	-0.7125065142406278	0.398084621954882	0.7330176402164974	-0.32446668997889266	-1.022569986271009	0.7787797930002298	0.5223090030176584	0.8842509751507461	-0.33321142977885393	-0.404053046329632	1.3609711676732221	-0.6361461978409263	0.31987184220594456	0.43162854020727626	0.8945134691314933	-0.4700945926129851	-0.3197722926153362	0.15040117468715974	1.283929840865654	-1.1026527275057665	0.6015888731921597	-1.0579522729619852	-2.0146556005493172	-0.15796683051057644	1.2655417180199744	-0.4897094185992208	-0.15910090897345036	-1.6187025079108843	-2.8396060048639082	-0.05949930479578105	-2.1667404656444216	-0.8749851381217197	-1.124144048886132	-1.088780676144248	-1.666612037730464	0.28478530543933434	-1.9316877255485463	-1.1392041113433158	0.017411092264640188	0.000665825435674826	-0.43206459461576	-3.5349021162036003	-1.9214966478693367	0.35818178498516423	1.5361600110315863	1.748234112572176	-1.1658848481193127	1.1679740765084528	-3.06068111785145	1.8264590742286706	1.4285317358332135	-0.281658286822769	-1.464000422788756	-0.20939837682260407	-0.6448211372024926	-1.7794280249758372	-0.12536277512648472	1.6410982471374025	-0.5754026630260195	-0.3776113524843528	-0.7227536366054442	0.19798218948740645	-0.4458172959964345	0.12342881400543507	0.8154944293120088	-0.2403062263930688	1.382833471773663	0.8795765924956207	1.2051904042334254	-0.3644455105704991	-1.0777806989305971	-0.16098781523896447	-0.25363819070267457	-1.0225921091496455	-0.38005483684222924	0.7451039413542951	1.5612579367612776	-0.4406153973569417	-0.456414486775624	0.26339765100313267	0.091442944550133	-0.25081126418249017	0.3881139255233366	0.31634736951116044	0.4624603291541293	0.8274151635755952	0.19758246454947156	-0.1938533534029156	0.5544421576809904	0.5241530267155439
DTXSID0025737	-3.045118364397438	-0.48632726045337776	-2.6624905373949295	1.117875107779514	3.4683336731084715	0.15703859102571924	-2.421373563429169	-2.1556622037586273	-1.437131655446797	-0.3547025831253752	3.4990875653043307	5.8466574414309065	0.2782891021034577	-2.2157179955917736	1.9722012930952737	-2.430945273666338	0.12999491082616899	0.2741359423545631	0.2122631949417895	-0.29188550381125383	0.3776994252193879	0.08851573989457802	-0.18247476686293915	0.878372106410437	-0.33042849344381375	-0.29888325405838634	0.4247374405388892	0.34032004532361815	0.2808433495797327	0.028724093211763793	-0.5474291767614629	-0.27057591348338744	-0.061799542229869296	-1.0106770762863406	-0.9047066513718781	0.7730193517528327	-0.43265001551480736	0.45014576330160466	-0.9567371694778883	-0.4820138458455211	0.7509678770460877	-0.020988692840308243	1.3045496758077793	-0.3528335985036623	-0.6697710246529486	-0.12998348601653215	-0.5111444051645623	0.8769546921563515	-0.006312987014464797	0.058371411191909646	0.13726959662287141	0.8290477243720998	0.11763233181663121	0.6138290833972813	0.2055172331012154	0.07749049746752869	-0.34176858764298274	1.1301182224310973	0.5544254793500224	-0.14042616037229966	0.9030199837078919	0.8790798784456089	-0.8597318822810913	-0.07993587434540823	0.21293620702663354	0.46400223284749453	0.6108333945962776	-0.6886480694023958	-0.45623554154628665	0.38410205777226497	-0.2729918522008707	-0.6482438970234793	0.06118428388496524	-0.08962604401857327	0.12029061765646085	0.4215288359421863	-0.40059563889660876	-0.09903975921546275	-0.2441454455464981	-0.5535921122715172	0.2561973887437217	-0.4299216586278914	0.5672767172941414	0.7663897710982266	-0.40971258208641914	0.3187324462724728	0.8393740428971227	-0.4333737661788504	1.1890349758136167	0.8873064738953573	-0.5265369651977132	0.31704754706471433	0.15244799594359623	0.3323637457963311	0.05570563942773158	-0.6252332908463211	0.167802943607522	0.11273430859426753	-0.13479857492406339	-0.2323792853184279
DTXSID9041368	-2.5695793579141006	-3.4133446405117316	-1.9271497977396632	2.039209932116186	6.450037731387567	-1.6796876811968615	-0.5388432501379303	4.671024974901475	5.321077801321345	-0.30197463635908417	-3.66959854756571	-1.6308389774438747	2.5491716790058154	-2.836154629333837	0.3146504331696441	-0.16803580453461228	0.6956070051139742	0.3220308320649277	1.4648937286521364	-0.6518077415748366	-1.4044157633908119	-0.8866807134868755	-0.32404928839511665	-0.05719042424960029	-0.48217380668357396	-0.40381332418347865	0.21610261725363822	0.36186585304207874	0.20777753003999178	0.06762556090146471	0.633864096864703	0.11722846321687219	0.5957594555657411	-0.02284032275158487	-0.8524516639454177	-0.08835592843480294	0.011883004521842584	0.5582259878176117	-0.7361221977010327	-0.6182560961903268	-0.3935901102438758	-0.535547746757301	-0.028049241607080954	-0.6541398784075885	-0.08241980085588682	0.3294926056590866	0.5593261953046711	0.25620543483277175	0.025728042712358797	-0.13466868108568839	-0.20874504714345413	0.18138842977471906	-0.006689320514511887	-0.0071236800642856925	0.7511882430755359	-0.3491382721009749	-0.38804306396403193	0.007189828478105944	-0.05323604474193451	0.03796716385332214	0.06628119958524484	-1.5582899118142879	-0.16593873499514566	-0.07756286031898665	-0.4411685077270181	-0.6599775169062608	0.00757634227410281	0.4077911434811224	0.563410654411226	0.1724882586224146	1.1131689259548918	-1.5661841254775617	0.9036861226116485	-0.1593233460806066	0.25581384594954887	-1.4306735377293207	-1.1249748507674127	0.8688094185079609	-0.5172982760955567	-1.2562181030205535	0.02549200155029984	-0.6297855989755484	0.4643758570633817	0.4377701469365276	-0.08523686705195731	-0.4435127561896341	-0.8784043167593872	0.6146212909536188	0.2563549520371845	0.17224593496067658	-0.20455193128279836	0.09907850577854896	-0.4051158916347015	-0.34123250865023763	0.2744154779815261	-0.43975023684999	0.2722352139045972	-0.29289601505317353	0.18609455006205042	0.47090763725950074
DTXSID6046977	5.331646443346516	0.6810341335427786	0.5312003073852078	0.3581778133731272	-1.6078692426931984	-1.7039801316544916	-0.7141593739311404	1.884059811728362	-1.4731321288821955	-2.8097146784935876	-2.9743750336792005	1.3846817695118123	-0.16388214370249862	5.763885066708057	2.2810305592784332	0.16891486847511475	-2.840861390532505	0.014080810469501692	1.4161613884819864	3.728942358256665	1.4479448676884323	-1.1786286248339342	-1.999494493579326	2.2691466200387564	-0.9401776091254905	-0.2457971015617631	3.152212224752869	0.40090616558769715	-0.9600029469769746	2.1844120805841736	1.7794209862296189	-1.6406659115779465	3.158049164373761	1.901266384678619	1.96503462790856	1.4891028683291436	1.9373856982789786	-2.466820736731772	0.9669283901052912	-0.9225879781974946	0.2400964912873608	-0.18589917406769568	-0.7129428905725074	-0.4594159729544108	-1.4972512224660603	-0.12396491240235506	-0.21243660820597118	-0.17556369157167465	-0.7858151216340308	-1.5136968343070136	0.034121268581007516	0.3625051096151482	-1.145041722734221	0.4284053670439089	2.4255198556093633	-1.9403349657256475	0.10449821207302463	0.5212925829156237	1.1315650111675069	-0.7370248286890465	-0.7698574615351352	1.4037301703027194	-1.6270566760995138	-2.925067630574685	-1.0117956313156928	1.5208537493756673	1.0064578260699886	0.43669169931201757	-0.07304360753493484	-1.4623816580748332	0.14009796979546077	-2.0317749495861137	-0.3092522337984162	-1.029861926143642	0.7936376572346076	0.45836960427573853	-0.5624264776960474	-1.0815463253060256	2.2247258343863288	-0.3706310272232386	-1.0290906808847486	1.073662307338155	-0.46567706591776337	0.6549033664601931	-0.12842066861090637	3.383231570991016	-0.29610997757680096	2.257077750454621	-2.061081511122032	0.8809182245160646	-1.2463395148085834	1.4659667324962955	-0.6234112739763518	-0.20001827824450283	0.3881095973348755	0.70460661636329	0.9391282777101564	0.07490909123717282	0.4678462840713025	0.3149884322059661
DTXSID7020182	0.1533916975294631	4.767719845818893	-0.6427351807524369	1.6354601569342524	-3.8197044090007832	0.28777256124551454	-5.49952959144496	-4.857151964242881	-1.288210704415864	-1.342320050980822	-6.491107799895615	-1.1219910662554027	7.732439826592737	-0.4797159470105456	0.6850834972195093	-0.2667484255402874	-3.1334933748641127	0.2534300170402586	-1.111989554274849	0.9510140576873147	0.403234438292771	1.657358226874381	-0.133360773114515	-1.42359508455107	1.8869284783763665	0.9000009753906061	0.043276435315051986	-0.3787689941143487	-0.32954459658972746	-0.6868488248730874	-1.0033863033100796	-0.012763458368144628	-0.7957806504738999	0.5973101689754259	-0.52450575745066	-0.14489337445020134	-1.8883635298150636	-0.03828642452868477	-0.8168782610684553	0.029036006966519253	0.5796277233950098	0.21370033386948972	0.10516618191079766	0.16568289186109	0.15805520357587582	-0.18210370969170306	-0.19565730567933862	-0.4711983186761854	-0.28436507488491736	0.15121112693675723	-0.16434186851485055	-0.7455338378374745	0.5117065764783078	0.1324208208103854	-0.21709763784679148	-0.00875269029397549	0.25277283150435237	0.3783269086185022	-0.36718487281098683	-0.3181666396001335	-0.2193535293512875	0.28058746827806996	-0.21166781005407823	1.4531840397648093	0.21086500643895983	-1.0910350328073164	-0.20279115022559185	-0.312958821018777	0.4450644136292131	-1.065182291140726	-0.32899402534279704	-0.9740471869339695	1.1010047585279454	0.019516833271720505	-0.17555946080968826	0.3474668160383134	1.3857455516744293	-0.44870920999232156	-0.010153416656083665	-0.08741416356109619	-0.26795438548695355	-1.181415932949281	0.08146036532786502	0.08914744434908622	0.31143410599430216	0.8705905839526004	0.004485857970539871	0.1796640863803247	-0.15917746526128676	-0.7041591606738594	-0.30123090765104105	-0.5869902185228132	0.5279074362996602	0.5058798032040456	-0.24861512064827193	-0.2116884982085639	0.5773738477719917	0.24783250714015456	0.20014281797085864	0.45603935657178213
DTXSID2021993	-2.70014960408343	4.561344628478727	-0.1365032680682349	2.492083825955955	-2.214440473660477	0.6068500087808488	-0.7444189326914963	-1.3870508635663816	1.834562298138142	-1.5942438362377178	1.780891998666604	-1.0260667040666709	-1.4167325263204076	-1.677598861373675	-1.234597591705658	0.8558850220131737	-0.5685426593782018	-0.0486284612499182	0.3988158291599693	0.731891613575704	-0.8040014635899062	0.16451703492764438	-0.29714295655275696	-0.28684762857564416	0.20680743977285315	-0.21563063299191249	-0.3545977306274589	2.7088381335092735	0.5756288920602659	-0.2631774905552601	0.546798248931207	-0.565692829860195	-2.7895659926781797	2.855346747925928	0.12979494638122083	2.291833139580767	1.0667232008335086	0.32524037215581275	4.0065054133911895	0.25912462886924303	-1.1822178255806008	1.7341972425996266	2.6805111912574793	-0.43302839670507953	2.8815883739856645	0.3317082474477563	0.16181507325484726	-0.6031660583793927	-0.3246067621887636	-0.5562128998466811	0.13647879675311592	-1.105308655154637	1.5058617933363416	0.3301019532343754	-0.7772265508262557	1.3586445227546922	0.5452320686694107	-1.4985876182913436	1.2505016335400405	-0.1109699304915461	0.5309092064825637	-0.7561696174131916	-1.4186320178459915	-1.0632568244016818	-3.0238561019751073	-1.3653917522720362	-1.0535687778808691	-1.6445168845482694	-0.07546661523819856	1.1764298905082955	0.25467934943310994	1.6316998657087647	1.1477358982469754	-1.6685197434688546	0.3633154286450911	-0.6304801842724189	-0.11109521655597142	-0.4839321706351531	0.9066147348271216	-0.2583633239530936	-0.22026306421412345	-0.5332667380198174	1.0448575321475033	-0.3608150406377873	-1.0092545816464458	-0.7609898677091725	-0.7307962914248257	-0.7535561253012503	0.36185572421374423	0.7906614288573384	0.10305659869072437	1.177455841986561	0.0507433293355943	0.3174564424851232	-0.04619107430266099	-0.11393851494585705	0.48849155806790645	-0.011946864036654604	0.7020523812493642	0.05504930901855664
DTXSID0023244	0.41044589523744524	-6.875304437910365	-4.309922826939434	0.3152689193076267	-3.546070463412813	-2.374533085073221	-1.6600365285423635	0.02826756105751416	0.07088389539538499	1.7653144510967438	0.8601468647297978	0.17415128195380394	1.349691911410315	-0.035907483471218374	-0.3912546480266567	2.910793793788863	-1.331674810047281	1.67248120648764	-2.047365263942622	-1.8492337931161529	-0.06873553101746498	-1.1370824042754306	-0.5704897875173851	-0.058815961317268295	-3.205903545378079	-0.2510321460552046	-0.00019588177984490379	1.0683354489403893	0.31074092275815596	-1.7280352543143365	-0.6741304943879783	-0.05798227238780765	0.2476177319446222	-0.20065818404472194	0.1859062390646022	-0.7265544411015893	-0.9862909149693785	0.9021548998618001	-0.30007255545187494	0.24395524339079727	0.44022816587540475	0.9997288522109133	0.996892768617926	-0.17600895015861812	0.3412335338332322	1.0134558653017056	-0.1487833136381034	0.02547974074359751	0.19986763251745404	-0.18765264117529162	-0.1599734606611083	-0.20359298862490838	0.09890592854671454	0.3593651612557132	-0.5209424792254563	0.29560707929963	0.6123752475382487	0.8824376433867608	-1.231169789019191	0.3701931397776329	-0.36876488572018484	-1.2430197990493106	-0.18862899106650158	-0.006735546193042984	-0.3699290125403871	0.6366619137235883	0.3408789584540358	-0.032684946650730524	-0.5378582956163007	-0.9562839821421766	1.2958108313305712	1.2178639031620182	-1.235375004885706	-0.6636354106212914	0.532076093352773	-1.318504941735912	-0.5802789563615001	-1.0733398736200161	-0.3481542307225726	0.25253120022255693	0.32230681182221466	1.0357696050581504	0.253550926498758	0.327030268022343	0.7876756469315903	0.46562305779386254	0.6472272058061722	-0.42106404068362774	-0.6011623037548868	0.9443193211557144	0.8621951686879726	0.35477579962904254	0.41317436762772053	-0.203100744185199	-0.5000824535530367	0.2283863615967981	-0.3310708260050747	-0.26338278125633807	-0.28059557154940956	0.40464723935186553
DTXSID3042269	2.948886838224311	2.193880219375613	1.0863163524182868	-3.356750915703222	-2.784298111406582	3.1242569419376354	1.159418342711741	5.964147924631382	-3.2887245815245247	0.17046495600285103	-1.2564782977370792	1.4595013498652876	-0.14035689024711567	-0.024874039626557102	0.1062570178322963	-0.46919617723551443	1.2944704321046983	0.3170810289329327	-1.3240696483712495	-1.9126037832971492	1.1414648400466618	-1.1903765152343206	0.6861214955892023	-0.7737470033858338	0.0011754629483894108	2.188925260371133	-1.3030925848548323	-0.3612353890977566	-1.9114572485218484	1.1151996617616784	0.5974934787728657	-1.1790841191449848	-1.1907235765985982	0.2501300672319529	-1.050076352318985	1.2114389725911614	0.14743544146587517	-1.2113760659980999	-0.15203771030979168	-0.05141774741692207	-1.0030352668131683	0.2909099077411562	1.183023918112886	0.5521996827681055	-0.5977423785078754	1.3131617417000174	0.14262363810535703	-0.02633249020146666	-0.379947626619968	0.33303575490589266	-0.24850738223860594	0.1787401378127911	0.528973514341567	-0.23155975843525173	-0.06475277891655541	-0.6294232238756347	-0.19396171159059944	-0.7377231706192693	-1.0444758626319472	-0.31088017886195407	0.8878827452665902	0.9408528830647022	0.8288228637509688	0.5424716891982183	-0.6957228307762364	0.9418248691282453	-1.0440088412936173	-0.7432558844064133	-0.4423546006976963	1.0632721568741133	-1.6000045275143178	-0.6987227747020454	-2.5778231040520034	0.17278565279039923	-0.0171533145033344	-1.490324559744542	-0.4571585801039422	-0.3441426154828877	-0.605463430064457	-0.6092663305655758	0.1600605458584606	0.25007005651140995	0.007099755844766262	0.45413239425849944	0.5028866258846847	-0.4546177099888055	-0.4384399326586938	-0.1156494727327172	0.28031278618476496	0.2152185305233953	-1.1165348630015763	-0.5139844257505314	-0.3617785546712471	-0.5858871120762588	0.08607936121513705	0.5930890651079553	0.25485951729285106	-0.3510001942151165	-0.48536485554805564	0.5032487212056377
DTXSID2047933	-3.117797866192865	-0.42285986042566764	0.18505881865034401	-0.6069070938544986	-0.7996421236869965	-0.6788302159813865	1.993510360901946	-1.6668080995728922	-0.2970580565600443	-1.209807346793083	0.16438981424207622	-1.2517828460370037	-0.8598010208719868	-1.4242563858069122	0.10291278757098582	0.19058809650118266	-0.6209489187995679	-0.5266469763711465	-1.2087563369439445	0.7464905212415508	-1.5893322255328424	-0.902167260065638	0.9236281059786915	0.008339791311765125	0.9028688725847993	-2.172467426477597	0.6499755246359288	-0.3090290937328642	0.7936908226616172	-0.09467048059709905	0.9029599301868375	-0.6235557261289001	0.6140708181722416	0.29435547574658455	0.4786404469166108	-0.5344286440671948	-0.2833565508538579	0.46209253313786863	-0.5836184712946119	0.18300252713729054	0.15998757732948837	-0.776075361270739	1.0495633030978213	0.7692204515427442	-0.9687707952444014	0.14844943224327267	0.4036824895000015	-0.005122548835471083	0.8125687063866842	0.7213251882424976	0.3208433734510104	-0.09518916089726127	0.21546289445841318	-0.245439397242312	0.21279075718572407	-0.1994486846172787	0.3261690141037053	-0.6936709308920453	0.20712505082813643	-0.6535775789114058	-0.5267411624478952	-0.5963481227849253	0.49430542106206543	-0.46598916214320285	0.10531435212721822	0.28362953044330874	0.009128579415410683	0.9435607669740063	0.2813054969062312	0.3936998651062742	-0.24791735555629665	0.07293586573487515	0.24254201203317802	-0.31407928047314576	-0.15140904078607376	0.6369619196682395	0.5762243217396231	0.4377527745562398	-0.5759791944855698	0.5206436880103749	1.0949780249167536	-0.6134446022108283	0.48817380994297654	0.3504259965643004	-0.5666610429046873	-0.17305741801915767	0.6682619017355665	0.1563859578221807	0.09001759892947994	-0.44791519820639386	-0.6850707859859054	0.2991597469517434	0.11407892562035907	0.32662644296750903	-0.16866207720330637	1.1640077355516676	0.39933050914906104	0.09601431671553746	0.09341923394703865	0.5801391395695211
DTXSID2026101	-3.0057431170393545	1.695474157822227	-1.479791116441715	-1.3018356268321032	-3.751336109116948	4.847105110340535	-2.3025366323481724	2.5753211687503925	-3.37868972954368	-0.6555334806534754	-3.4650036031612292	0.21736676751891662	4.909995573970663	-1.3300105415107564	-1.125143453091248	-1.3390539012500202	-1.6493176148949484	-1.0266646365211385	-0.7603120642928348	0.754627827187422	0.9884249773755095	0.5720475006859699	0.01436920793651888	-0.09338532328224017	-0.20313993841893616	-0.6287419636447049	0.16437338459665116	-1.354242400141314	-0.0840966807408053	-0.46754643274167035	-0.3440536825549659	0.48630885464600837	-0.10255265301937543	-0.21532094244021477	-0.1424449610007702	-0.25296185754201417	-1.4091376606325108	0.3114179104770325	0.3998458694214225	-0.19637168877265132	-0.9592629010330072	0.1994861960204127	0.11935318267599052	-0.5681525033753919	0.688031468008026	-0.13609041381708684	-0.47581045795632826	-0.277491515519963	-0.17480627869129683	0.3491097551882196	0.05231173049181393	-0.06641787888235906	0.1692755229424534	0.0252888010890844	-0.17859603473540187	0.1558650259032402	0.6948437076323599	-0.4527408287643133	0.33354872482651016	0.6129088291907051	0.46576338582017174	-0.2872649075196257	-0.1490701492310026	0.23344729727775276	0.5187024562034174	0.12580416522046717	0.17266973261676888	-0.15767726481023167	1.7537208721108417	-0.22794157758790634	0.29239517592737285	0.29899886287140504	0.6114275970324886	0.28826038542400023	-0.4818862853780999	-0.10502868207648562	1.5822085730180342	-0.05878314933195297	-0.0048308145171978584	0.9104025193816038	0.3467174489790439	0.45919817121978806	0.7396634834845403	0.45793030939387924	-0.4455056423089265	0.332360840054058	-0.014747686853911377	-0.5270990100599995	0.09245516564090336	-0.33604449244701334	-0.12335749521240208	-0.22455303077363237	0.20969334857410368	0.31529363480932193	-0.3617153259813633	-0.40064020116205945	0.28580208131873336	0.051882517005823886	0.24103309558586544	-0.27452857604973513
DTXSID3049209	-1.4209866879249808	5.722915648841547	0.3001322661581092	2.397527481345818	-2.211094986581123	0.799408537481635	-1.3683758211114014	-1.659479923883006	1.5632384516889186	-0.36456086117336356	1.666800873449583	0.6851365817303156	-0.0028202882627466237	-0.9134068985048872	0.5463986559287355	4.4801600150646355	2.6423980029666843	-2.416851610601894	0.857495701387468	1.4091435622259623	-1.0124840735297016	-0.9974986795702204	-1.8741377796713605	-0.9157253004828071	-0.4470336212580263	1.7589461395058912	-1.6737910220083168	0.5296282904771001	-1.1219829414311449	-0.14237121423927224	0.3497318842642629	0.627384513841495	-0.8064703218799003	-0.5035128926221404	0.3353532870960453	-1.6272720140403043	0.220828972096841	1.6682872989987088	0.8886254104289313	0.7018710226911218	0.05272906995957675	0.02800594172836987	-0.693547158738114	0.4532375729486824	0.5501374156152898	-0.7321100063100073	-0.6848601153295574	-0.2392761762285822	0.5504087605020551	-0.16993051660295555	0.5411337020164715	0.20955833855407827	-0.4875841021990838	0.07993691903114106	-0.5285279149823963	-0.5085715077792243	0.5405919624718573	0.19212777843906362	1.9094780535596565	-0.20065116175841768	0.6723927460408685	-0.1863348141623722	-1.631098469541123	0.12202434789458508	0.08727418617787899	-0.5267377468203852	0.5789624281079214	-0.03836252037896589	0.4623849598190648	1.6422883760369653	0.0066640606289545545	-1.0644934416679226	-0.47375272695697507	-0.6425584174792427	-0.08387854672450772	-0.6447318817704271	0.44122112405277125	-0.9637109958388917	0.18883193212888388	-0.29149133630971824	-0.21949681036435334	-0.03468509338867416	0.21658439712741392	-0.729298262138731	-0.26221728965743785	-0.3121965679920721	0.4287069747031566	-0.05517429776033141	-0.46968178301267194	0.19645932219458248	0.04284041704357638	0.010978015478616704	-0.22920077609659004	-0.0560147365363378	0.011369897468673713	0.2269627616278999	0.20857006879277978	0.12730330004858664	0.6514709410971345	-0.10931007557629084
DTXSID6057667	-3.103162363026005	0.14471734606327846	-0.7171772527967458	2.0641760228147152	1.263397190416346	0.8144754544202711	-0.19370721570220759	2.11109735658885	0.9894755769895655	-0.13562532637285943	-0.6784952751778042	-0.4260848656144216	-0.03157372736305567	0.23440438093430943	0.30891115570505795	-0.6991919292986127	0.5688347039050505	-0.29206581306506896	-0.04225789083642192	-0.415871545002544	0.7465442429248513	-0.14910120614412173	1.135934673371165	0.4282413819273898	0.06177279319613544	0.0407315004162938	0.4450683861490346	-0.5025979534286101	-0.143930638984677	0.15983189411435908	0.22102382102114262	-0.001707299920794231	-0.0384676671883776	-0.9184888042333144	0.08708153626186879	0.16412818920022273	-0.3629168158490612	0.17182755114807782	0.7056291454325175	0.598160811978303	-0.07681245211318055	0.8666794587545632	-0.31518570121364325	0.7351461979163788	0.28062640774101183	0.15508038859413198	0.2970766128190454	-0.06910241981568489	-0.013121505229170603	0.6228795477495518	0.24644381743048777	0.32672836621284707	0.20120274245531744	0.24076735319665313	-0.1971151635828885	-0.5267081240161915	0.2567515811268841	-0.26804445661375503	-0.19165449216261446	0.5814263195244461	0.5295704899959106	0.03265343344586341	-0.2115527608437585	-0.12380498589760139	0.04416757778589029	-0.2807984792176087	0.26706348030243093	-0.16106785963382536	0.584362516294927	0.5625911900524597	-0.3225297980042573	0.6778790381848073	-0.8073879292625465	0.9171987304555058	0.15923109938399682	-0.09069214641567128	-0.28534839045028765	0.29160687399442853	-0.3343332776030164	-0.48731944064189403	0.15493649377753888	-0.609355690298513	0.4875028910555539	0.09672501760472933	-0.46042383580925783	0.08057596967450292	0.6910627416147778	0.5036325614891819	-0.2026712991520937	-0.01322362641171915	0.5465363159275617	-0.41167162641448013	-0.44099119354163263	-0.3636838590467322	-0.2610004753542787	0.28516247425373353	-0.34656252166007845	0.04750826083876958	0.4092409808758529	-0.1728117304354434
DTXSID0045709	7.087396876914973	1.7406941448033257	-3.2009451958776793	1.2428677026326937	0.46106833748043574	-0.9370761504205324	4.231017135110115	3.321516963588905	-1.6277264137424325	-1.9883949185106764	2.805062544669586	0.06758050253376671	0.0765950968144442	1.0337615338615913	6.5938331348796355	-1.2122699510464157	-2.526964841199886	0.04294899052316709	-2.565261657290631	0.6333914225572819	-2.0123845302342755	0.9634416940249738	1.3100535221297633	-2.1746980935994515	2.5978755682671446	2.769952867895052	0.7037456285409912	1.3005844462472467	-0.9264218101573424	-2.0149631176607516	0.6984643286854131	-1.7683766311767295	1.0114013450303874	-4.7220550672084345	-1.0586274284141741	1.1775778355686997	-1.4341958942574646	-1.0185776326229523	3.003780523133278	1.3645361573467831	1.614313991799784	-2.363876628844152	4.056055842037438	0.17180131183644679	-1.3077779223705697	-0.07828206825751981	-1.6774177782070903	1.8673598331246821	0.5269739829070903	-0.8005188393709928	0.16595137161832121	-0.9302823950383303	0.8184611231621399	1.0820543946097032	-1.3633114669225739	2.5565896550297804	-0.18280891217833	3.119771144945324	0.15879845133682652	-2.53261875883335	4.808652215422172	0.5198002789347047	4.020283101299272	-1.8693766427354366	-2.28523285794386	2.240721821156052	-0.47949443385335977	0.915862271128151	-1.2766743961216271	1.0422391199539345	0.2715571566455188	-2.7797022739814876	-2.201470742064388	-0.5690858187941691	-0.37002437973201596	-0.890323461021686	0.6796251109675056	-1.2436080493253079	-0.4581095382000644	-0.46423185603319944	1.7188241875120793	1.8811174405878708	-1.250861493383676	1.0222045011231793	0.7244044650869483	-0.08370366549205993	-0.7788014311855118	-1.5137164658605953	-0.8770873615367488	0.9894829449761877	2.305473733647512	0.9978749066731084	-2.213926505215158	0.6296090246536837	-0.9643518548172947	2.412886526315934	0.5975313458317525	1.3535120942064531	-1.1166010650161602	-0.6004062312190558
DTXSID4049321	-1.5376374324097513	5.9341355081338225	1.3028175523106529	1.1320792253814194	-2.661269911872405	1.678147364571617	-1.1245060556025561	-0.3722414995426173	1.8070884889048922	-0.5024621759170653	1.8516903354213445	-0.7965031073334208	-0.8703382521389385	-3.0585828191002533	-0.7503903508939419	0.6492718781465068	-0.6459324548735773	-0.6290894251161717	-0.1431439806157945	-0.3156053322935174	0.507642700889233	0.06015244607103072	-0.6363794432064375	-0.5499407036473329	-0.7509578563200106	-0.03571242209099465	-0.30481054975141425	1.8322630640643713	-0.28029423987038776	-0.37004381429402333	0.49493925529201416	1.231466184857424	0.7602943694670342	-0.1485929416981643	-0.9245132794039395	-1.170263797783352	0.042761468608351935	0.5705095864380644	1.2816564077291814	-0.6085774203784617	-0.3944485098218783	0.8656598783642938	-0.73756476854722	0.40990060745938395	-0.6085824106832839	0.9453742296758388	0.09969028476577772	-0.19781282987482088	0.39433851303395884	0.19295379000913132	0.3061501041090436	0.5027077980188411	-0.2321591509007297	0.5403040384631355	0.28081571704275804	-0.3196951548494956	0.6591829638167859	0.19410944335958227	-0.5059020244904275	-0.14417134493583145	0.22325025203239113	0.8651171653451647	-0.1635067034049963	-0.9364462045919361	-0.1972281731413504	-0.5650122715189799	0.2874839779807803	-0.16662329816599294	0.3553201126517951	1.4382938124703588	-0.10256957633324132	0.3854805028325254	-0.29816722245067245	-0.4804492469372101	-0.6998326424051263	-0.43711733569089073	-0.5338556373585317	0.30478484486468455	0.01814438984111249	-0.18483968923695038	-0.1306542149686649	-0.4002754453217276	-0.3577358918903693	-0.5325597402724007	-0.24121082649746053	0.012726405471672485	-0.33990001704773837	0.0760459388134835	0.098237100847228	0.3087768735268067	0.17683794793109725	-0.018924177025112475	-0.014087101101100223	-0.1845171412141816	-0.09923222684315035	0.15305840839989854	0.2051544631754231	0.24518195994250977	0.5181789652966291	-0.1405434800659254
DTXSID0057750	1.544800993705286	5.309703242913915	-3.118879249237163	2.946524198391958	-0.43573401248893956	-0.5389411640985416	-1.655300918253664	-2.3349763383664524	-2.0956195577024035	-3.300368404844194	2.204857385599915	-1.9027804183320003	2.748138272841644	-0.22745094588165404	0.29630452349670916	-0.8351317240433609	0.06574860151684354	0.5786780841508571	-0.2725532035409893	1.8223017567602566	-0.7523435946779203	-0.37515627683119923	-1.5468307672305768	0.895212642880392	0.05320370739167921	-0.8517073249668305	-0.39466374269056353	1.3805306586616484	1.1089598426606868	-0.502918189406647	1.6123168318563255	-1.72801968393455	-0.9597554795610991	-0.830496694237445	-0.4938160065580275	0.24053857989828467	0.4371831503238369	0.9519112382500439	-1.5023355062091321	-0.47310863541310566	0.7913037439914452	-0.3860009336539283	1.1969215372351893	-0.08472459642150991	-0.5041723423950206	0.23139897865071762	-0.49426259158561675	0.5989498420319905	0.7185735159122385	0.2654482077238345	0.4429314488694589	0.5603487834172706	-0.3002927049999708	0.3819988815339035	-0.3981791808830974	0.5372035771741335	-0.08166360555180278	1.1425459879025779	0.7141837754833198	-0.43611820029370124	-0.28825894593489093	0.8302212145582063	0.595453402047676	-1.2204001349161593	-0.32062304865705743	0.25811797419313	-0.17576654928625743	-0.9903434698670964	-0.5917486486283403	2.1029172510145115	0.1484235435883473	-0.37171302799713635	0.3184763897545341	-1.0149014394178482	1.1926392886972108	-0.6383536898964874	-0.890146060377638	-0.03868237121260536	0.6967541594669039	-1.045124506284785	0.14133227096176945	0.11419660540635458	-0.5920225996655335	0.1459633435744431	-0.7084732802209501	-0.39474372066982033	-0.12409085639076389	0.04526887010182817	-0.05205028453318679	-0.6329097906171082	0.43645432480694063	0.5935147084211062	0.6975979922551655	1.038927397082478	-0.2889464461635847	0.8361428898892483	0.624991882211039	1.3985517236641178	-0.9476029948900454	-0.8276231234978223
DTXSID2021311	1.4318125171671654	2.190049886230049	3.8986713450012593	-1.3532475942311974	-3.117525326415011	-0.978621700222713	-1.8825525043721107	-2.830098180518852	0.3467132387465443	0.3457244038776598	-3.402946638018349	-0.8399872055623288	4.4413031140004025	-1.2901626560466943	0.5860315096138227	-0.21431491243201967	-1.629288734838758	0.6210521399058219	-0.644121680989636	-0.27286877824772154	0.33376132445866985	0.658338378372602	-0.11100471966850564	-2.0601387343316078	1.8937790270721044	-0.5859538628965232	-0.8585190481902459	-1.348545215276331	-0.4244481979799204	-0.31147592967158194	-1.2581337023586499	0.8329452063339897	1.0016571697053218	1.0821551673599537	-1.031977008205046	0.10844026364361462	-0.7374788646500869	0.11567486047021473	-0.8639542229611016	-0.8818225523130757	0.6222642673828078	-0.1322411024568493	-0.626334093022643	-1.2450890039456002	-0.2933745168606398	0.21026085957053883	-1.1762170554516633	-0.10758518639517305	0.13057832632756314	-0.02611804549904607	-0.17846724320525684	-0.6078955969165398	0.13658636273691369	0.3087117174942169	0.1356337303070755	0.8327649944797548	0.8041676637177743	0.8485415714369822	-0.1453368831378645	0.3575848061555241	-0.6243433639841	0.8603354587907862	0.553867902234215	0.23367875336961486	-0.2000202008502844	-1.0420363492403992	-0.4946494242951521	0.13166721094190442	1.1447865972673723	0.8742592081644766	-0.20134318547559638	-0.23145644675688407	1.2870190532504486	-0.20667872136729248	-0.8236459468448893	0.2755378735003823	1.1931731052306094	0.8242120214270181	0.6163992473656729	-0.8277993439976671	-0.18265715991865278	-2.0976723247232236	0.28782203665483674	0.5249084639754454	0.45022788707338435	0.3552163555560452	-0.9813385893279492	0.22222000074469583	-0.1271760327180438	-0.0728032334631868	-0.33637704346482483	0.48715538540647485	1.1544354400835368	0.9581644881706463	-1.2191946722751261	0.09208269029568213	0.34913951050885733	-0.34915056916683507	-0.21430857997725394	0.9465660029125175
DTXSID4023096	13.763735420154752	4.351540247816036	-1.6405644950991385	1.0849271495869517	9.560910725141627	-3.3869266218195033	-0.10932985262833093	5.297708977038934	5.0479550275601515	-0.47272670544864026	-5.46813965586222	-0.7716825084589957	1.9197084954942711	-1.4336114365623405	0.48278107579394564	-1.4936252630421158	1.9297402729838873	1.4751084574812705	0.7188127426624193	-1.358245819839157	0.6600422108631184	-1.7874647856966999	-2.74828636283353	1.5166085043560373	0.01998334171698012	-0.1436763911004756	0.5316794838030839	1.230186768271692	-0.032140136181901646	0.2861159668063081	1.3353925060681344	-0.628870377284146	1.0827390974819104	-0.3288799952148907	-0.4821293428934072	-0.568343716541259	-0.12508954204988681	-0.6486134284267643	0.19078824674513867	0.32482609090976344	0.13763101874319145	0.028355621123478905	-0.03225260016128304	0.2646883570187661	-0.9454557011141387	0.12369254291540141	-0.7915279145564961	0.3753405994653134	-0.09673534231013099	-0.5118628635991412	-0.2896286739026899	-0.21057734575400158	-0.25721569363983104	0.3060462287445736	0.9306317560316686	-1.3584595607009546	-0.1270958877309934	0.13681503481621482	0.1989235019440042	-1.5268718976991775	-0.71024866209722	-1.260747367165168	-0.5620133441352873	-0.5246032573783835	-0.4830198750135238	-1.7021779269953157	0.6191212783823901	1.0940909859796748	-0.24760347842666205	-1.4146076266783518	1.710247869915427	-1.9153636877135218	-0.34215596852989194	-0.6144447800946433	1.2872276958934632	-2.572941292840657	-0.11699295885399688	0.89472907478401	0.061033716238325104	-1.7229681518483868	-1.502158797459813	-1.0885399314030388	0.14130205528146786	-0.03796372875304324	-0.37250305622532554	-0.8782930499533582	-0.03719954339821186	1.5384758726109224	-0.2980613235010493	-0.512119572499336	-1.75047864447535	0.5523455533996722	0.44484797799970616	-0.6735065746388945	0.2748047112328009	-0.563175196320143	-0.012840840566561502	-1.109599688399338	-0.47723980513772224	1.1838843218714832
DTXSID7048588	8.039194209445577	2.797561241938729	-3.6194705680469985	2.0153709875993306	0.35963093881136254	-3.0982851391936954	4.175801745591226	3.0415178624510832	-1.6399049366610874	0.6632618768476827	-2.4388521310395426	0.34388817505078534	-0.3207503065082105	6.409136181500644	1.7356152762106707	-1.507979692961229	-2.671413484999948	0.12221853537848242	0.7881870539782873	1.1242538297603972	-1.668640396522725	0.03127321695715505	-2.592487600083151	0.047657467600911614	0.6628984508990186	0.3264060426636946	1.8596495227169516	0.1360113833998925	-0.18457679525444748	1.3879308713266683	1.1515088633681974	-1.0669754769460023	2.0168573757386534	0.052169034675314634	0.28027000218507214	0.3313729570866969	0.8695849275908152	-1.534958585322267	1.1526782512159681	0.4537311582285037	-0.09843771580816474	0.8510091371514357	-0.9974537877186201	0.6285182861641997	-0.12451855823916286	0.18414505529082292	-0.2306113914651308	0.12987274048554623	0.07621400070124178	-0.9119005011594348	0.3484714871104574	0.37992514597049337	-0.43043335355732576	0.6541977753866832	1.2745315388934841	-1.4107095143218444	-0.3242892325833373	1.0931790479119046	1.0269007530046421	0.01744630792907709	-0.44360496605996846	1.0897902505038612	-1.2420832637287964	-1.5868928035710415	-0.5652470300733234	0.17949057450240327	-0.05430297670204668	-0.35626394663580774	0.9792023540855915	2.1494013027003045	0.1846746171412819	-1.321318399129543	-0.08820159586001705	-0.11164897696079992	1.5172994737591092	0.9642728238191023	-0.38987357022827085	0.26367299607769057	0.709254561353396	-0.8898075100815134	1.0574763470207462	-0.852248778898642	-0.40989564264057315	-1.2673742275782887	-0.5267327179370153	-0.1231899566592206	1.2157850326745172	2.154395319948924	-0.8597372894520137	0.28367903967109165	0.10281301360512338	1.425277232931046	-0.09115341522576065	0.5801038951870636	0.810631172608715	0.20237450527832027	-0.13349719434522883	0.5194845534581971	0.07138533490359898	-0.02759225385324491
DTXSID6044511	0.7077090655502405	-2.051283326580081	2.1403129897674154	-2.871590740728945	1.581163438833893	-2.699753341373971	-1.8124861844497118	1.2243604180116425	-0.9167513225380854	-1.5143968685623521	-0.7742174319633263	0.6779567958868091	-0.9846694447802722	2.5958873896974057	-1.3613913663393666	0.23253203429557312	-0.8368589063765528	-0.6006725931018765	1.1790459345535715	-0.1770294668901031	0.36056611288169677	0.5311845917842416	-0.6864979493693583	-0.8879287299871251	1.1615946159758077	0.1891112994836672	-1.452933131297776	-0.07339009960442386	0.24361869020129068	-0.7473158993292686	-0.2804443440230045	0.01708981334352468	-0.7197159212930888	-0.41163660404005586	0.6203241469696761	0.28083849071841344	0.5668876278588922	0.4843513979159994	0.06076225430369377	0.42113514252794226	-0.15395784485181055	-0.3392065680984146	0.004733919666980475	0.0020576996316092775	-0.11586589125718477	0.11025707105523656	-0.17231358212610648	0.1747497074790174	0.21264216887327636	0.3054515846170111	-0.03118261065514646	0.041603467005861414	0.13082477626778788	-0.39961508023813697	0.1349677059349342	-0.13918068582295873	-0.658995078668969	-0.17784804078432861	0.24701576516384596	0.18102710748680909	-0.35743094064483116	0.34774907586409926	0.6725331869744788	0.614265668592022	-0.039852195002403515	-1.262491055079357	0.6273076008029784	-0.8129712527933817	0.08933886525822875	0.6845706393698322	0.4288855085466827	0.20445020579853077	-0.2249257102980543	0.33673146582593405	-0.675016836108077	0.7633880706959363	-0.577324764639663	0.8467129103540388	-0.2804832411274509	0.3966323904330878	0.342375948306821	-0.4532125919587405	0.29991375219051786	0.08102326459784626	-0.16380773429386605	0.025917862390111797	-0.1561282993794168	-0.0297048142296518	-0.0941000012840522	0.5684072631493264	1.372624035027231	1.1042828150269595	-0.43236363654149973	-0.739435565453634	-0.16450478983983177	0.07260270065244451	0.1967510829039655	-0.09225722367745533	-0.19778749951942906	0.7549277162477195
DTXSID7021158	-2.5706953122628637	-0.26667952324496924	-2.648199811525294	1.851658028361358	4.0311010932513405	-1.7918987047292914	-2.714601901034847	2.191262296519874	2.5791836550339133	3.3850807278810815	-1.2147078247596321	-1.8834842757120633	-0.08344903185468378	-0.16832599069103213	-2.584618917850123	-2.591909479170041	-0.01672937578238954	-0.9928590636152597	-0.1824864803947735	1.2142594481928464	-1.6206076435313574	0.4523784431991147	-0.48825946078211824	1.0261733482844326	-3.145720428877116	0.05328628250787678	-1.3891444465741638	-1.8535559038868128	-1.3362951571745085	-1.009629473114828	-0.31316376228859927	0.013597111675372538	-4.39714316045034	5.680759785122381	1.4879381405824712	-2.4352682568704958	-4.074388646395583	-1.6215587288386262	3.136312437690792	-1.5351536114881865	3.333703758359948	-2.422779195918634	-3.1809818269419905	1.606574461935122	-1.9079696138486455	-0.4496944987202953	-2.182597663251398	1.4060693941301845	0.7843421123045615	2.2208290244126174	1.2346140330558724	1.7037496717188434	0.415148118939441	1.34546179210891	1.1572489374551926	1.0187776011633445	-0.09062248894626572	2.1469529460201677	2.6322771787654062	-1.118337257144926	-0.5049008322562083	4.119463808783619	1.891442852811246	0.08552870645469866	-2.4380849911320563	1.5815891983919412	-2.3907708511221077	-0.7088777379174969	-0.8928485933854574	-0.04363554616112515	-1.4082242650800334	2.8563989718171405	-1.1535319271474425	0.27384227967104036	0.44583892397352015	1.0753017723767297	2.2397847157578914	0.48365615376988697	-0.09026860092606923	1.491625020855605	-0.6561552169418116	0.09963320401543745	-0.853649897237671	-1.1428274552560995	1.2058540818326622	0.08903594628286621	1.9651125782732313	-0.2596135231029206	-0.8342646872494216	-0.12840349593275338	0.3544188806090917	-0.9759836019644075	-0.8825740110238066	0.24190055331425656	-0.13551538890481507	-0.3627064528702982	-0.3637050399622817	-0.268798028246034	0.21373518102765157	0.1375236860873112
DTXSID7045780	1.7625550756799804	-3.8223476847092033	-4.419155244443704	0.13792559679960487	3.294748732571346	-3.902025947718253	-1.4920110417055745	1.6341828017377018	-4.467874924706797	4.750483502920486	5.255444340646565	-0.9018891432196211	5.380840618175284	0.20750114859647475	2.0463995664968473	3.4357349533704324	2.632058256322819	-0.9082192877103193	1.8758178264912593	1.346565541553625	2.4004671577549828	0.5266788429508341	1.4910191308034877	-0.7548923601765946	2.1029869971154667	-1.3393250756871888	1.5716146881569162	0.24528087791349956	1.0868054986125824	-0.5528929661889033	-0.9856963302590086	0.8968009810576637	0.7832640421157876	1.5475496439192884	0.25756102468743225	-1.3460793916646292	1.2791039036227845	0.43884262417019143	0.9104918141244663	0.6878422902604822	-1.0797691120071184	0.5945705789765187	-0.8207316633499471	0.9734042624990095	-0.9161845161645298	1.1985973954667326	1.2065048842757167	-0.34940677960832406	-0.4198851241361628	0.6964878833435104	-0.05314638910345866	0.7911337800654967	0.3592476080211964	-0.3124025090425922	1.0211542974176675	-0.723422173016268	-0.3400835465568177	-0.7473866579550742	-0.34942945291646604	-0.2452792669616031	0.22466667575642002	0.06642443925922756	0.9747073584490862	0.23442208388534513	-0.23507229584864664	0.42784200886992574	-0.9266344683939344	-1.4678923206620567	-1.2332224511021106	-0.8463150501202465	0.984160385351589	-0.19933437933576656	0.3033828081059605	-0.24161565379192346	0.20281005589145232	-0.06061703077623764	-0.5774436962361003	1.0307661186424977	-0.21393423844599668	-0.4864048533083597	-0.8048126552663858	-0.13235641941093523	-0.1133736812671969	0.17205681217924537	-0.10717333190013621	-0.9871170194852875	-0.7909452369341783	-0.3868065522975866	-0.25923143616810757	0.7022896695719193	-0.7835068653681185	0.8948423548151045	0.29307617359501204	-0.3670245645401524	-0.1441252288396436	0.3631166562071374	-0.016312381555096886	-0.2459960276630135	0.26233416209614985	-0.054593625300497925
DTXSID1041188	-3.616644521852026	0.9079610070812334	-0.1175104243422971	1.2561091218258877	0.7944427039357576	-0.05478172458439865	-0.7977661034117408	-1.33454318152074	0.4281704641084281	-0.583380199614776	0.7082297089414633	2.303339626378681	-0.7267198257377709	-0.8400895605881643	0.05292752383991434	0.332547914044546	0.17616036459558698	-0.003292483781398728	-0.6472132236811766	-0.29119331307325425	-0.3438070929361345	-0.14531155255720085	0.5549524665283007	0.19917541108337766	-0.31002104072759157	0.4524429147619748	0.396859166267175	-0.4419338053836853	-0.014565454338625307	-0.2386678534617698	-0.5201926707905724	-0.0014301497539092492	-0.5416491174230894	-0.164248472158553	-0.26677952308848435	-0.4073283411442728	0.5779086277105882	-0.30241286130224265	-0.00253227343189534	0.4752208078593408	0.07590285048916484	0.6634662813792359	-0.16157608742117324	0.703192185517162	-0.15132876281282293	-0.17794227856770112	-0.08084579105058189	-0.7165005605333876	-0.1236118602389331	0.16140159375757185	0.3069388374710779	-0.22030474310842768	0.2033239357903786	0.013542569851877002	-0.39884273832887995	-0.05286465061274988	0.33428786912048664	0.05908982525821787	0.11183538124980241	0.044926596045131065	0.2149226744298438	0.5810444275011094	-0.23319015221783812	0.40202399463643235	-0.22872435864726656	0.3121030723807074	-0.00999489966436991	-0.5424528463615494	0.3428116575784894	0.44561282582567413	-0.02596783508094147	-0.06489839325279555	0.2133927416094559	0.8052940053282251	0.5050021947403603	-0.47499642842184864	-0.29881941605110024	-0.48745934738946856	0.45818792670349456	-0.18805330686257063	0.6995400791284582	0.23998513142128464	-0.1469304322363126	-0.9295585751514179	-0.1524094959088735	-0.3384575875449482	-0.8246079964039819	0.4128513027595803	-0.8970696263063491	-1.0507448086248228	0.11623955041083335	-0.5105031084975137	0.023005606201113804	-0.39525107637907403	0.33756678803297546	0.02275513849190612	-0.3477947561970928	0.1385419230869834	-0.2013925833395755	-0.1703023797374939
DTXSID2025210	5.33499539620542	6.239095586345732	-2.429567100846167	3.9941345094898217	0.1911071381487592	0.3821641116880326	-5.721302302827445	-2.8619550101139337	-2.2015091167402967	-0.3215447927278852	-3.6325373371787255	-0.9047987622960043	2.819371890059413	2.7945370036323767	-2.551767922513314	-0.15984525529846338	-2.839705228583203	-0.49706115135534434	-0.3413922597850462	3.3138755909246536	0.5024002130019191	1.143479721654828	0.16067190034308437	-0.05033477310482531	-0.09702567874362565	0.45486382472823467	1.9944370121886	-0.4043387282259813	-0.5893605342320449	1.2421479941412816	0.6017164526362959	-0.7200236751541744	0.6208338164988119	0.6115783363830379	0.06598642146838894	-0.27864535389665296	-0.16138029640916957	-0.015457791873949855	-0.17348240800618986	-0.5439298729846306	-0.06006259579887587	-0.2933623549218289	0.24622504062976866	-0.7185730752172207	0.36904390717175534	-0.2424813443718292	0.5512279772924397	0.38434772511798826	-0.6023895408313324	0.21698081433642036	-0.2378066262151121	0.04626571188497683	-0.006110022055719892	0.07873434580907811	-0.288887513897487	1.4297405769024647	0.18095008024020526	0.049655040139108736	-0.5941002091583362	-0.14838739361961717	-0.7022005487654271	-0.662825787985712	1.1264537240021208	-0.3266332843436727	0.4239817604002777	0.08726981220974549	-0.5922339046942159	0.12423286480594849	-0.7465176900625512	0.17174960674777578	-0.35066660863638166	-0.707968032815285	0.23093158008884043	-1.6117547718009857	-0.023349683961463568	-0.6529840777335634	-0.31533848558086736	0.36142560275477104	0.26298825722301533	0.09013197925169993	1.1546942841215038	-0.27317065300386006	0.1517134053885722	-0.12171908067054116	0.019716513605500734	0.5828329545539902	1.4041758910150555	0.6352251775341327	0.4158556760100883	-1.725369512944435	-0.9465390820273734	-1.0471700273074305	1.3238706095794197	-0.6513991380301145	-0.1803185030376559	-1.0862707710993709	-0.688198945334109	0.05681648399727448	0.7823908968154246	-0.4721754676830591
DTXSID5046223	1.1481877451205376	4.350502794028047	-3.3328352322626005	2.182263098349318	-2.000826752162811	-1.000943560216023	-0.6559862218012081	-1.5834020975324405	0.10253933193253209	5.616305446577861	-0.7629640769142046	-0.6583228204646252	-1.1954773016336153	4.805712220876367	-0.17160781329666505	-2.1191442823133344	0.24141073820845554	-0.8996346389252305	1.2992302682735004	0.1414150084541465	-1.5305469673040524	0.04586737775998158	-0.134279610129549	-0.2796385512464561	-1.7517697521991522	1.0566260166726613	-0.6013908456021343	-0.8678753146124125	-0.03188200124923141	0.22607576128888332	0.7280001069383268	2.4413286049255603	-0.06941925603029903	-0.7638119352461155	-1.352347082561353	2.259649100192061	1.32558076683511	-1.5139271580803226	-1.0257422525154911	1.0224251915332228	0.30531047781156223	-0.7928821195863677	-0.5369249214469796	-1.3104102345574715	-0.703155444423943	-0.7642009933128611	0.4375982651399857	0.4039638923694728	0.4390028464278109	-0.779595876836488	-0.6604083365315411	-0.28752989114022603	-1.1878270581391865	-0.7939634767489564	0.3493774437907837	-1.1099745483705625	-1.047890496480581	-1.034210631887145	-0.07293668858555857	-0.018529781286688578	0.9679178580995998	-1.4978260540775308	-0.1701767088471808	0.048831011408145754	-1.0806288171240213	2.4835959677064294	-0.5468949925870739	-0.5753856194902498	-0.8494524400952425	-0.4588029137184392	0.824099356953086	1.3346001186674543	0.19444600585228244	1.126566003614497	-0.6065768026629774	0.627036260443099	-1.2343201966992061	1.5274528181228169	-1.1725107817624616	-0.23672238754002042	0.28532121624662954	-0.6332814907539971	-0.3307187308759258	0.8177226061658567	-0.3894086548158274	0.4004130549410754	0.08714437896879508	0.10212229561023335	0.12942476934846756	-0.5674765284201932	0.33136192428967404	0.11105207386998438	-0.23685081215791254	-0.4066232535201745	-0.642952065307089	0.3782773953533215	0.009510153326965214	-0.12414127721947574	0.4146431215150209	0.4436782665277378
DTXSID9021219	6.146109220011174	4.770100655155406	-8.18196750929474	4.104818095475595	-4.796359110384027	0.8840203247413152	-8.580478591434927	-11.180149402928214	-7.539057917069996	-2.730467367092967	-16.0001636495584	-1.8633595842281094	18.191859147008962	-0.6413481566631603	1.3085732061949145	-1.474879060143947	-7.844936767180452	-1.2461276916316697	-1.9276779530618013	3.300785856219699	0.10905396626935855	3.953980565565233	0.5392114056681612	-2.2571582787589466	2.9993441250975112	2.3989839252114344	0.9839778451172513	1.5242770094724563	-1.2355127192578281	-1.1394334048987247	-1.2621646963318316	-0.4310173401975603	-0.25245918031525366	1.4304788399037316	-0.4595556343565731	-3.316856213618701	-1.6202389515420255	0.7282518748661752	0.7067705863299344	-0.7028494149305922	0.6963124368875883	1.43810171146341	0.4509977896360894	0.827629295305104	1.535110579303643	0.15050017616200367	-0.3213416022901951	-0.46271957509746064	-0.26060497289609974	0.8780982681002031	0.8147469399737618	-0.7076506943156294	1.3281709953694945	1.3398526164292712	-0.23881123218222014	0.23491593135948483	2.0710636110279266	0.4050487378710926	0.9162868240632231	0.3079981106816362	0.027918679612720244	1.4540345287774827	-1.3234511675902987	0.5468942821624382	0.4014849935147042	-0.7232338274753505	0.3680449849408216	-1.4817683107811628	1.1529428017996866	1.680013744148677	-0.3726500953408294	-1.3741462918648408	1.154801672834158	0.0483719532035878	-0.13441695062898168	0.009592553516809016	-0.4543319763858569	-0.8678183120175612	-0.27988804769888687	-0.22291232698605618	0.3789284174708722	-0.6702889246171073	0.8194165301192019	0.18218101553691868	-1.6134833669465538	0.0015226302125509804	1.1502508213532125	0.30088439295529584	-0.6742586935195468	-1.2048136748984404	-0.6498944441600925	-0.7871949512518011	0.8678127286299696	-0.21736965480355486	-0.5467930613253867	0.5668792441272864	-0.9390826318325681	0.75783846749943	-1.35101775339077	-0.4917799410431066
DTXSID7038317	-3.8876609378340667	0.19900016558875214	-2.12079353116747	-0.23662412385273643	-1.9496732187022883	3.188150239302692	1.4803019622980111	2.1634982954382536	-2.8553412469517023	-1.4362952998394847	-1.1697953265214207	-0.08372220537325442	2.6152750324472227	-0.6498089311032675	-1.009621885363963	-1.1024425737252181	-0.7857851849717652	-0.777797910307852	-1.1034644426322329	1.1012819321600391	-0.7929975341426765	-0.29614232498932125	-0.04890206335554829	0.2854095454331423	0.15851499020148055	-1.8414801036131418	-0.060489650793078886	-1.2767052720845924	0.6703291960052639	-0.6722308950833181	0.9740929410862077	-0.8709180914971705	-0.12485897470350237	-0.2607688527685337	0.29659068039600284	-0.8238595103966327	-0.3959170107255936	0.08525467532426699	-0.5122186934868342	-0.27247480084860104	0.22317130762264903	0.5998733721626446	0.4911387306157178	0.28489923804466816	0.07500148484838728	-0.11884402447373624	-0.7244304461363941	-0.40725010177545184	0.27826722920968044	0.6521356694791309	0.3229036951201349	-0.2954920235897313	-0.009470953629274255	0.022513999937032333	-0.7694547509119273	-0.06964069788496824	1.1818673610748545	-0.5436671084487065	0.5405833452413958	0.3766308705577985	-0.41312379794847376	-0.17218686399664018	0.2057433298809242	-0.832223090576999	-0.01820266112475587	1.0619096416808442	-0.3201625013257249	-0.023621938822997256	1.3957779959252177	0.1256258845552034	0.5101390386678673	0.7450068847874615	-0.1705306841057066	1.0327218326905883	-0.6672326251180273	-0.21570373151266764	0.45264608093031145	0.26179822484573045	-0.3125478176627555	0.02452282550244667	0.48638650052813653	0.5443360465862843	0.23400852549348647	1.069840907174504	-0.6368729447790515	0.2275515661431635	0.022837911693525746	-0.07076969473197459	0.15971642803884453	-0.45191040566123514	-0.3438203520773295	-0.3735121160879572	0.3046449124619638	-0.06543375904619798	-0.5441926218885055	0.20273598626575523	-0.17591064568518186	0.16617910667203206	-0.17832625936541538	-0.3345185023785876
DTXSID8020919	-2.184519746008632	3.262186123012908	-1.0286829762880627	2.0407562900387646	-1.8611824845806204	0.5513213139903733	-0.635481766467205	0.7947025993691295	0.5357205045882565	2.418601185152079	0.8573895240348655	-1.035165787019011	-0.5558717206585276	-0.03640811134970333	-0.26689899298340614	0.46653869202855164	-0.39778620581459184	-0.34189653687249505	-0.48658704306206874	-1.4520436210154628	0.4660033040757278	0.7858081169283141	0.9807237601842492	0.23765551810521773	-0.11456662100220572	-1.5652262329527256	0.37596926894379334	1.4631475450738325	-0.7227972618783955	2.8803371139105898	-0.45941495343650285	1.4977747045328083	-1.9695795029767498	-0.6436655044592906	-0.06903083389845933	-1.2405726930228913	0.870005555161654	1.319460659620604	0.352343366683344	0.44803998045858767	0.8243059828262927	0.3661513050207874	-0.045222259776162906	0.009441829923320925	-0.0936765926763998	0.22992292691241362	-0.02718164853839733	-0.05265258294920187	0.11774855273968506	0.06478426311769689	0.26576441196972783	0.17180099494800127	0.04106333221998286	-0.1820802503482466	-0.24453892571993494	-0.8901981647293132	-0.07260781408020764	-0.14224178928776496	0.41252755852247736	-0.4831419396853835	0.6105620278873478	0.6873572152302495	-0.8481297238093896	-0.7418301830094075	0.7545362450967722	-0.6575950040204851	0.28216520059741235	-0.481050881950659	-1.610165235811093	1.0163904294369528	-0.3750882231865122	0.17715907209435897	2.1616862669310803	0.9401919163326324	-0.591261511769581	-1.5022322720906647	1.1361995717928517	0.6729397500114315	-0.108645057751171	-0.5160982034175264	0.9689319387619798	0.8632361874532821	-0.30662925076314784	1.524789226127088	0.32322090554617167	0.12060313605638663	0.8049316758526323	0.7204126888834597	-0.8030214129725786	0.22119907368078942	0.7892614535973794	0.024415377001169917	-0.12737228448036816	0.4740945695036513	0.5305677054688422	0.628100510273171	-0.8637420004834511	-0.0534863886191311	0.650010712310609	-0.9205437270178086
DTXSID5046518	-1.9223740829927505	-2.5953776174992247	-2.2948344561665577	-3.1345463179773523	0.7890545308822176	1.641278023458991	-1.631606574526449	0.09978939252219815	-0.84483430321689	-0.46104128510025205	-0.5064204453005727	-1.101736956034424	-1.954717372661223	-1.4496484763841986	0.0028889831099388015	0.46212117167599887	-0.20211703847957893	-0.36741241954396126	-0.17474978803527516	-0.8088344516541496	0.06647499116854735	-0.25736598323865756	0.15619209457802108	-1.073116630075287	0.3892512035319224	-0.3963573772818816	-0.7983577667319717	0.06859142986493857	-0.4699774687929474	0.6926269516060464	0.10199618611855664	-1.385076263579744	0.12561127082749649	0.5129890350898204	-0.5251474514708688	-0.5352463742031038	-0.16381928746618662	-0.3308232259551073	0.11243920352059403	-0.037492914973811096	-0.12680577466842932	0.07414764554792129	-0.31665390124979753	-0.2393990187605123	0.6714782259007195	-0.277106670337491	0.13199791957418253	0.45988627638514007	-0.35442666072047496	-0.2420719031409539	-0.035215771829558436	-0.09341294060245563	-0.01553386165589565	-0.13835497780457318	0.2867286832749836	-0.5429965364886589	0.22378206921479069	0.11985042546695548	0.4258855158340406	-0.22045803934112732	0.7346958042840608	0.1855309930743015	-0.4461458330892889	0.7347804227168934	0.4878634511425225	-0.1047258511888631	0.22473656807082218	-0.2722908625094051	-0.11119197048938155	-0.7942902353857553	-0.8029960957668705	0.3107049336051825	-0.4519734263288982	-0.42355449128186967	-1.1859108202960453	-0.24720807456146326	-2.2522292889708666	-0.20695893217061498	-0.6033010273664831	0.18500031237762726	-0.5091165395959972	-0.49539928417666346	-1.6847545008513365	-1.0174674073138474	0.1536328795485091	0.8597482639256773	-0.7345771294626466	0.3687788600644557	0.5764616878601682	0.606132959725537	1.2763789550010505	0.17534579957368754	-0.30576748433416223	0.452312704500963	0.26007417953608813	-0.052540044596366214	-0.7950275651338611	0.6225795738143629	-0.5929480531606653	-1.4554663262684362
DTXSID3049334	-3.9538442213929272	-4.0601409871645915	0.20101356206716955	-0.18098983592804654	0.2327510851163012	-0.8605120034068201	-0.7977652296258732	-0.3167646754090653	-0.1745176682038153	-1.2155163487674578	-0.6262026253025789	-0.14673363667507336	-0.3014698897051172	1.3174511428549416	-0.22908463954714192	-0.4208883424188772	1.0291979898088766	0.024764685474740315	0.07148948152673369	-1.2118437996271954	0.35058120286780536	-0.49003776605706245	0.9701490566177838	0.0727492836881137	-0.43486154959288276	0.1741494491140634	-0.34791698009702116	0.280012288961452	-0.04143797881889809	-0.5434831784261838	-0.38927722802909553	0.1966433409556103	-0.01621161037520236	-0.5153103009267671	-0.21313336416132775	-0.30132130363856036	0.02181293912310902	0.5960118524876846	-0.3004761828082635	-0.6029216051850371	0.15442595991001234	0.29966751681960563	-0.25741833438820283	-0.044869691919013806	-0.132115295571343	0.12740330048073542	0.29202477292177	-0.23294726090590506	-0.02580998830335663	-0.16378487784397924	0.03669750761269365	0.04626625534984971	0.1903131156095895	-0.2027741339623005	-0.2112439450906941	-0.33450162213954043	0.1696820980216583	0.09473862013616281	-0.09498914430998938	0.21443513812682316	0.08432186503294377	0.02880131992610883	0.14448080281663567	-0.27578740874494206	-0.2585125251287708	-0.27730532554943066	0.23466305150021521	-0.19264722053561267	0.1212314811846272	0.3394256131696372	0.15581870046207397	-0.045168309289225717	0.5212207813831025	-0.13321210693428887	-1.1884948060163276	0.026850170471410452	-0.8881048104918213	0.025706117049186367	-0.15664297441242567	0.05939277921707564	-0.3041100481296897	0.41912273524288	0.07624412869927173	-0.09312502883652914	-0.13197198716226763	0.013682934589133024	0.3495783379749653	-0.5626137338735065	0.0337858522354467	0.19081820673937258	0.24915028811944265	0.16413944355218776	-0.42831233113161077	0.1894184066519502	0.13910617134341616	0.3812286080255025	-0.14085509094819065	-0.02032947482983317	-0.1630505053079088	0.27195853140654985
DTXSID8022901	13.728020475508945	-4.236923118355244	6.293092235122677	4.7378031688015705	6.372478027807407	5.015273821789327	-1.1867359592922468	-1.4304816961410767	-1.9766678608810015	-0.2850354072865788	0.5575458261117193	-0.7005752914034794	-0.9639090473185442	2.4481468296307294	-2.75920490966131	2.4810487238448964	-1.446953250188724	1.1143243136815169	-3.1136403290651367	0.9948388471538594	0.6206086853733829	-0.6702493760857822	-0.5004939444828725	0.8710113520107249	-1.214679505293669	-0.2639516431962247	1.7307196974040826	0.6068808024100025	-0.6157713699431215	0.9288289665821284	0.49757519214487556	-0.1834428463550381	0.4822190432803279	-0.24636059985274342	-2.169869008424406	-0.8055754119523959	-1.2968058247433056	-0.1668566470629528	-0.5401623249188954	-1.4549389322997848	-0.5359076803503523	-0.2021634912665366	0.4832519211060009	1.1832789019377756	-0.347996215704251	-0.5410798061576925	0.9785249061186579	-1.319900107873245	-0.040756681604206826	-0.14190312745562744	-0.006072363066465067	-0.8651841352903344	0.4586106187515695	-0.22372771272468914	-0.38074406333876104	0.23761376068986642	-1.342688619327536	-0.62493860960017	0.8700809784047747	0.5669138778027467	1.7221768979665446	1.3263355273121709	0.1150167422312488	2.0444895822045757	0.15859328344536494	-0.02081032896364336	-1.3574642391643155	1.1410016218571983	-0.5525372554348682	1.751137453999804	1.7045799304103675	1.203111832229446	-0.1033791366111628	0.4474506772593203	-0.23007206639642136	0.7555562609843897	-0.45037766067671375	-0.44719865864668173	-0.18180008410632684	-0.09772590447659137	-0.526279028307559	-0.16052430782598928	-0.035342076373421925	0.34755359532982305	-0.007435700783838174	0.061467494437748633	-0.4382064786230717	0.565986795706533	0.13538574083808724	0.1521631557896658	0.6498774416051242	0.26390755146349903	0.23721049268338149	0.09062392662431044	0.0554192435412339	0.10811899581346673	0.028070352183365573	0.19460196134625546	-0.5115819571715701	-0.0735850792894459
DTXSID8022408	5.548833088198145	6.657507226387656	-2.8047464162446736	1.860292020697474	-2.866183534224539	1.4490735214581378	-5.299996547265352	-5.584814381692724	-1.093614607007083	-2.361570320331782	-6.8060534665984065	-0.3069891600960877	7.027149134059212	-0.8495955829933067	-0.18093174151395194	-1.254779386136709	-1.7148752645857892	0.202420462813876	-1.293939198665407	1.054734358256335	2.101740660180359	1.369332474573313	0.17159714774899998	-0.7741338621795837	2.0443832421124166	1.2060262467182412	0.2033854733515042	0.3619634051431619	-0.3739292141634119	-0.47460581124060996	1.284897519006509	0.07218463144360289	-0.6144552037495514	0.40142521919579544	-0.9305715138645382	-0.7806464828377642	-1.984147187227313	-0.011832484980656782	-0.7134925228601923	0.41944432879705795	0.45149876870783906	0.466561084408682	-0.18268097552013154	0.3877602745523384	-0.14062065708875882	-0.06759976018280155	0.5580161030105533	-0.7071240568775106	-0.5719099942482065	-0.04148468008609833	-0.3469393426249344	-0.7173588327625692	0.1269779441504495	0.16787453913290662	-0.46507140947731945	-0.03182133518757701	0.02892362952422818	0.36679508178735165	-1.4063392675264463	-0.9042410404417471	0.27915375426104677	0.41371686123317986	-0.04803175896394295	1.6993892262020613	0.48290926911147486	-1.6731644834924466	-0.4765433227884459	-0.4600541905967224	-0.6089024839783937	-1.9030608725945088	-0.5663522659355021	-0.8649502431201073	0.518508584968862	-0.810901405812367	0.3862172429144072	-0.03465949737580117	1.3251366394589297	0.8518590951008219	0.3315293384768257	0.5759446299341152	-0.26653248048074124	-0.9791237860125489	0.3720395833194621	-0.05705416835548077	0.8352223857950279	-0.13361268893009007	-0.21328910809439	0.6868556320300381	0.4396973371579077	0.683561926441038	-0.8337255703038496	-1.0826000709822823	0.20364952454104276	-0.25213635681338803	-0.18046209603850594	0.9946012289137739	0.21578959048610086	0.6908889460497502	0.2271577993083896	0.373641430196531
DTXSID3052309	-6.320399824302296	-0.48761485226069895	-0.7059899102914985	1.345511654268046	-0.1421877649920951	0.9790080507645061	1.8875411535065685	0.4678764935047138	-1.1646381399487062	-1.8004667731418353	0.2942117891379577	0.19013308915085803	0.12482989162104646	-0.04112115778159696	-0.4279708127027623	-0.43142910250967775	-0.12073218421267316	-0.2540239139808649	-0.7372522416355353	0.6409382724446164	-0.7805053280921751	-0.768699048111059	0.9997440835992659	0.40375513188106843	0.32366413092708374	-1.6328628445678481	-0.3078243531232818	-0.2568162761585935	0.9433290285401564	-0.6621903968655184	2.0328055588627287	-0.7141732923299202	-0.3273818566945761	-0.4649195120517062	-0.4606466582528067	-0.45138690030760953	-0.030695875312524403	0.21230022661740244	-0.9913920870427532	0.5556436562323955	0.13735990560688707	-0.10994062322645308	0.3574076818523696	1.0419239876041135	-0.8018662798241104	-0.015737069866386327	0.16426147727519017	-0.35693918686565757	0.3521904274428869	0.5877495243495582	0.0785206321158064	-0.338111285116583	-0.3419116805564822	-0.22840856757656197	-0.4978877964090371	-0.45186101692307196	0.5476342747280649	-0.5821183682373289	-0.4698831200615328	-0.6272195761472609	0.013168920917018928	-0.5582883833703307	0.7762875337994057	-0.3079782648671636	-0.45342599397386046	0.1193104864716985	-0.186442795289933	-0.14948683822627962	0.018755072789509677	-0.33003068645635514	-0.18801540759175375	0.6245293951565587	-0.3685132306243471	0.10579848139320783	0.019278947789081746	-0.3599807560202589	0.13186951699417157	-0.3882881664071866	-0.28465244002715395	-0.47287054707397164	-0.13786453168559407	-0.21934548334279508	-0.43130837665090305	0.0748512725101154	0.16135987000275204	0.15159995976944696	-0.0751496412418527	0.24741451678088475	-0.13309593299689085	-0.172221999788563	-0.3737666072531082	-0.35015393259578026	-0.1612732171053034	-0.2809994636683692	-0.08578762120519327	-0.44179364575926966	0.07701458607213864	-0.010719216303070427	0.03173938127941059	-0.19030547278906962
DTXSID6041638	-4.293776703260122	0.03825544452870677	0.6238974437765585	0.7195564815481618	-1.5975304263446488	-0.4386639227448168	-0.9089560201448758	-0.9247673452544083	1.1596317425001383	-0.13422838301122253	0.6173570397694309	-0.39950216069856553	-0.21382434763479577	-0.48094510492915593	-0.004573395644973892	0.4145136742225734	0.34641580285974233	0.518255920758325	-0.7171154372191784	-0.7601238958942307	-0.1320706265786443	-0.5221490376032554	0.3502612266858189	0.1933412954955275	-0.08194827911481108	0.07302455714300607	0.13612994305823553	-0.19670439262948758	0.00874666839559609	-0.23735355759741023	-0.36517859326555463	0.024347320290652914	-0.1683626799841204	-0.33253970217430756	0.5626482439488687	0.10330306362103428	-0.2391168891617798	0.4644181433251528	0.36162945629683535	0.2451253497378132	-0.039771782683329905	0.2206713604874786	0.12950920025209572	0.42383287189517393	-0.38143175861297	0.16229618440559904	0.3203155970223731	-0.316592821442178	-0.0635627163623247	0.14040762113827146	0.11457538471308919	0.12008567620688557	0.2770971578124658	-0.19779718635512883	-0.024240857533671483	-0.443153835324878	-0.005368272338058371	-0.24571995304489216	-0.14853569664905972	-0.18345588767643073	0.31393237709960115	0.1001594458279588	-0.32594254551980645	0.2507797046688288	0.12105827619882496	0.10958171384840522	0.5546710310494861	0.511316057344922	-0.054838369520845656	-0.4537640692050497	0.10867753824979533	-0.04361398162622088	-0.24426149967757532	0.2868105089443769	-0.05041604001622016	0.17992097559949227	0.23948347979144616	0.11882427976895994	0.02950134819056905	0.5003885957886854	0.06398795370608358	0.3699427057232138	0.15004945466377131	-0.016903371999281522	-0.10486628231501532	-0.028127687308791702	0.36914067347843177	0.44220337311546193	0.4450607234226774	-0.1621133013828319	0.15008986101332006	-0.07421781306853314	0.2093232676188849	0.0059265040799329856	-0.13298191982901783	-0.10494160345513445	0.04926193100031283	-0.1020808170644891	-0.2023649668106684	0.26131165747064405
DTXSID7021607	-4.8544932222442005	-3.0738831408162786	1.0489076126787633	-0.8259878609040453	1.0075873597860885	-1.0543921649574173	-1.1917345732060918	-0.34748790448397326	-1.1713167377057065	-0.18696126836488416	2.4854215437424623	-0.8399647538598546	1.889286695678644	-0.30144394787743045	1.2897400392212792	-1.0824167675278313	0.7318230081729099	0.47698710822592394	0.30661677783795804	-0.29841283018087783	0.05927534482659673	0.13398312315499064	0.732818990477842	-0.10486572390886029	0.4287439647108618	0.6578648374456307	0.27836537212636087	-0.27427428949935373	-0.07312927311686095	0.24929597974927475	0.24475189631998376	0.016311016123180127	0.025787955044628753	-0.16032580760094356	0.24278092300946014	-0.43365151641449184	0.681515627273111	0.17649370855838756	0.614809807466308	0.7165021144605732	-0.3772197300681831	0.1311662600391051	-0.7623339808082272	-0.031072601203332117	-0.16887554713376438	0.006928541209382074	0.3448342579655181	-0.2809178455107144	0.16587900469209704	0.12430462779598209	0.12621444257618242	0.07397292879609181	0.06296807195252499	-0.148420322653053	0.2577925973095866	-0.508089816761059	0.4305085747753157	-0.6759315730833003	-0.12722819616214465	0.3252057887606169	0.030896611818024694	-0.4247311696375867	0.07906547805234981	-0.05048519051447275	-0.039286350317241696	0.24144007320135755	-0.09458704339534942	-0.3723853479067589	-0.1391118698543787	0.3231486181800305	0.6359640514930652	0.15226225243585748	-0.0718377176711222	-0.2601715535190387	-0.4688801899198453	0.1332083981802223	0.08753759967591224	-0.1883990122685806	0.013680792718417366	-0.4028420333085061	-0.2813894869648246	-0.5499882860594618	-0.3759844133497767	-0.2371855500922651	0.12825064545312576	-0.07384986395354465	0.276500432460833	0.7148823588819861	-0.14789947251214192	0.07386341021445901	-0.04314730960049328	0.23384565015015057	-0.088811537446171	0.2012558632630805	-0.22322588457991568	0.14626843486704139	0.050783463039806916	0.021180995393520675	-0.06963933516489838	0.12799190182663597
DTXSID0034855	5.845802773153704	3.0988082265820434	-1.8161937517616424	-1.7653837856452541	0.2814203089501939	0.11290916409653726	0.6755303037318053	-1.623526924841764	-0.4471214279915786	-3.9840818277407686	-1.6010424288022345	0.12295001651452593	1.0358129967556389	4.593423156212956	-0.5360580036746546	-0.2269845119935621	0.5103422423820404	0.08704038577489648	1.1780707430810464	0.3983838121247141	-1.485243558850975	-0.7436822871278722	-0.6196896198776097	1.1992825668968166	0.7799756675644378	-1.6784037753438916	0.0799633644361836	-0.7360052118385733	1.0493335245012863	-0.18835231485034473	1.107851877698868	-2.090753720981495	0.19354167712951686	0.174429401727999	0.5759197391363929	-1.1809216747561049	1.8865678193726199	-0.6184315528663383	-0.8912360662045569	-0.49844643747681777	1.1449219012660004	-0.12257931439008309	0.60272934095906	0.28477938225137367	-0.8959395624565318	0.1885996107221929	-0.6643528925968515	0.6257573631939187	0.2841403618759689	0.7688445911364847	0.06579707217739378	-0.35467187048884335	0.10358226986188995	-0.24706488851297798	-0.005269471591790741	0.3724364046749057	0.8720225791142729	-0.4023523251915653	0.30145549679929856	0.20280977142659332	-1.4981155541793985	0.17366175338182316	0.6136034754823423	-1.1923802577086042	-0.5542587655879552	0.16628120618714512	-0.1630465061757614	-0.1317213165530818	-1.7919627613257099	0.3843086350471483	1.5448340527287332	-0.33439846822057484	-1.0201831702551107	0.6842279183413956	-1.1265183835294441	0.7237904143491348	-1.6351710424337877	0.20922651213962368	-0.5932258854223678	-0.9934611444419199	0.28008425338688037	-0.3662520949011747	-0.11041604069637431	0.4950007411418571	-0.030655046949825536	0.25867645122239313	0.5173618979636204	0.841683211754965	0.049426828123587695	-0.8299202135992629	-0.7914989554986812	-1.1011706169621882	-0.8000053346059749	0.23951260777995206	-0.9184386742722296	0.5268035321282479	-0.9456436997937618	-0.21122191222314046	-0.480434879573616	-0.07634709726346296
DTXSID5032315	0.09946248731792642	0.7859991113106125	1.9602421588348384	-2.4798323498939006	-0.6228629630362527	0.39974075488928107	2.919286561627577	2.0647014218814452	-1.336326180631727	-0.54323545585449	0.04063790566651638	1.3208534348964927	1.5017837642889758	-1.7529216369958636	-1.6860529227645764	-1.653795898740219	0.13892537870725105	-0.4322017728834209	-0.48634710768887285	-0.11329533255649925	-0.16561080224018263	-0.2553162068720596	1.0545305095221134	-0.08288267606289743	-0.05808618641643086	-0.36382928009929344	0.3001567619797343	-1.0163338478087935	0.3004452231920047	0.3677279153824088	0.8849591437313421	-0.7243296598455987	0.1963619049137357	-0.21625458402624942	0.9097282522692419	0.3649284988417369	-0.5200123566722004	0.4926784849636379	0.18043902528512729	0.4364664777790377	-0.4560527042564774	0.3795429843131444	-0.31745585051066477	-0.49632359319696906	0.18129902470043124	0.010509984728363547	-0.05639340329835029	-0.43363221369000765	-0.1014876671553024	-0.3838233336828651	0.06756607820751313	-0.10841427693344938	-0.06765115359275792	-0.10367154509557602	-0.22185060801825582	-0.14639839365530302	0.18148995717587943	-0.07848559353576162	0.11127483461286929	0.16652013092284332	0.480814530119384	-0.12888134585407277	-0.7102880086490324	-0.35368757972881837	0.5368398080317921	0.4531261475544399	-0.40251861145584833	0.514459927200514	0.3694416507528406	-0.6085931801158506	0.8332767580518106	0.4168197728561175	-0.08874299077483122	0.2910433435709659	-0.24262938064159278	-0.473121670529766	0.720138217195354	0.9869843835022176	0.7428586357135007	0.7792489868960333	-0.9453896827073903	0.5261323595200312	0.10978095549823931	-0.5771407219375555	0.2159154841217115	-0.35731890454724397	-0.029618765239086114	-0.20117790384984252	0.6713832328386781	0.3519155622550383	0.5450985897153582	0.3806919199957472	0.3912215542199796	0.06547437876086712	-0.16051811596946816	0.24329603075113873	0.995349498129463	0.4527417746254706	0.22691299140299528	-0.11880857367914036
DTXSID9061881	1.6714687537400532	-1.2529168596482412	-3.264841599815859	-10.899757217664677	1.6028030099254083	10.22946887663193	1.085353531216646	-2.964700760837074	6.9893740665354045	-0.018301583281106544	3.026385666484282	-0.5218164869608368	3.0552110927505947	4.757212438171496	0.21187641517403008	2.0588852530495645	-2.65204945022275	-0.47058849453245766	2.3396357731805306	-1.087207126257068	-2.2302721535329795	1.2028579841319234	1.6458146642693667	-0.6520228781103435	0.011572393049249197	0.05400614186772284	-0.5369233681137189	-0.47992850188552727	0.48424915135862406	-0.19728822738043847	0.19912559947026598	-1.150520356102766	-0.5703931441469694	0.007512668048367077	-0.058236870204535454	0.21561694572017617	0.455188838518046	0.2383442191704622	0.43332187060241184	0.6476281571172412	0.2160971084323175	0.06176019613175883	-0.16144949307752315	0.2235630855660756	-0.12399248751875905	0.48642818164403595	-0.5915905948533993	0.44702949409595016	-0.13724947429008044	0.5197067199240303	0.1199266819166427	0.36789315773472264	-0.10100827674915194	0.18880754981768852	0.5133640570805187	0.04459849085279875	0.5659068515441134	0.7886586806458318	-0.572191808083718	0.27046074135679915	-0.022349459060544575	0.5197867921881645	-0.748272548353947	-0.8332905483579228	-0.06263058954646586	-0.0724166234375998	0.8060335177235769	-0.2357661048059835	-0.5210268231542255	-0.2585068884678446	-0.44455578198038026	0.04539619301505454	-0.49074314112157685	0.399175277841071	0.027412348606301474	-0.4160697865338848	-0.15155491807121815	-0.5626046676944342	-0.0621056619298775	-0.053533557523555896	-0.35368421949957135	-0.5196419897140317	-0.13938164209145643	-0.6586340236103684	-0.4661402615091306	0.22556381486955648	0.06425367384886883	-0.013826783486106676	0.26673086909262933	-0.6427472813519924	-0.31815275068696935	0.5538130431051601	0.4190169563279061	-0.11774805069559094	0.043034250358824064	-0.2690377318992045	0.3058887464528816	0.18214068460109648	0.0196170254700862	-0.44452959760767163
DTXSID4052554	3.6926090975371633	0.5753029402089261	-1.2395046047406217	0.23494047843436708	3.5775988524998787	-1.1745674946746076	-4.6882713451989435	0.7834936387021437	0.829339621579577	-6.718124287130552	0.30542638066862793	-1.0831680567709114	-4.7584785169778145	1.6534978069731074	-4.0522032855645485	-2.2057764803548414	-0.6104231047057181	-6.180515254272773	2.7086543745053295	1.6605778565807006	2.3040788976498776	2.9620268439838195	-0.9046329286759341	-3.8297306380225704	2.0694931990026255	-2.891014592408026	-6.601475050386986	4.456920272580457	-0.6262747145495388	-2.5354193375959957	-6.020874080861538	-0.0877122293721265	1.8288321876756588	-4.379148395534543	-1.522860801639872	-2.3366898162363823	-3.794173669852795	0.7011412233515171	1.7628841400623816	-2.0372522999679528	2.0751529735153547	-1.122636700730598	-1.1080345577069124	-1.822791430513233	2.5103888310789735	3.4267394292350177	1.5317869924888292	-0.2307025728942913	-0.8322900518800567	-1.351854719643383	-0.36143097221010845	-0.5590750598564168	0.769519989270378	0.5489685586000493	-0.13276064884662486	-1.3833488778818945	0.98515513844165	-2.126010562181551	0.16019066425928194	2.559921439769826	-0.7312576245204536	-1.6150568417929119	-1.6399424056205303	-0.8842836023526055	-1.1121787778613723	3.8275700450926076	-1.711803074524847	1.5610110001071333	-2.548455357376544	0.06583773370942014	-1.8145404642352247	-0.5846869023113928	-0.6783034597958718	0.764728798364994	4.328108493355018	2.173658899213575	1.8710845983766955	0.1385025471298014	0.21750268975741843	-0.40735432150521256	-0.3307252555105496	1.1148680997108615	-0.9799045601954884	0.7848663991228909	0.5700503333326699	-0.5578101725139054	-0.6794367985988959	0.21340223627777433	-0.8848563166887221	-0.2314585053314016	-0.2648408262692456	0.12035110909728168	0.9144163865371696	1.4815110062697379	1.1563663126646981	0.37171740137771325	-0.05730283921326811	-0.645147190746122	-0.46440582450106016	-0.013860162820296656
DTXSID5057624	-4.364256213305769	-0.699002897311906	-0.2808778536923499	1.3802020716116041	-0.21897292371076693	-1.178347749381472	2.017848149679177	-0.23280056602957266	-0.6141533675476734	-2.024651693411149	0.17269872766212285	0.3022287766642331	-0.6262412297398955	1.7174418807475766	0.8923428942974484	-0.07751507434454984	-0.6144903482127483	0.4028238359476766	-0.4062841511731262	-0.09411694701563886	-1.1669761701624448	-0.8674168806657738	0.5723616147006144	0.31106104002327983	1.0288864622298601	-1.210703231500926	0.3945106697927724	0.3694123326499067	0.6877630337006407	-0.3093281166770026	1.5805371024167865	-1.142210725874024	-0.0497534915189854	0.1000252649836008	-0.05565840497924977	-0.615136921705816	-0.1189235785923641	-0.15799759265729554	-0.3553474092110262	0.9868510739904807	-0.030560035796211273	0.0032751306692392866	0.6604115229459874	1.70643799564332	-1.4154940004510561	-0.4608441695553653	0.14185067362800724	-0.8305549355686912	0.35143981243083494	0.12834378216618542	0.4004193081258951	-0.27788700735104505	-0.23483981457940808	-0.28297896442132303	0.2012378494871282	-1.7372379418135488	0.5829261229978612	-0.4944724578184744	0.4489827851553575	-1.268703444973483	0.34839468714156424	0.022067483053397577	-0.2820474209077908	-1.0192832133581178	-0.25044502102086597	0.5968349208207403	0.577567959606766	-0.2101333947659943	0.7971054677137398	-0.6585866155016259	-0.6885641721217658	-0.06721623131814111	0.16329002328266995	-0.13848829040469335	0.21309784107204802	-0.19164354021729102	0.47237870886008976	-0.8323892293434554	-0.2159724136003226	-0.34992931889851514	-0.5674880868522117	-0.5320677718378335	0.12679518400849288	0.08084336919890836	0.03294510237478828	0.022238362520880222	-0.01458910230300649	0.6754657619016655	-0.2738986142038853	-0.2936235339517085	-0.26613916274414157	-0.27678281601451027	0.35225038771372685	0.17205669719266414	-0.0049522435652192155	-0.16811941108705147	0.16135326828301516	-0.22366209786628935	-0.010082573256061206	0.13621538767508856
DTXSID2022462	-2.8994548637185322	4.567963586135309	-0.5367815761723773	2.280879740764462	-3.0894735526061545	0.49241008938519715	-3.8364699583114685	-3.2217362929564124	0.16482752403880888	-1.4875734054091674	-2.9111112645428654	-0.9207650594318504	3.7507285280152587	-0.3013993680806448	0.0018569539376837748	0.36135733152170635	-1.2536365939896033	0.06296714445023548	-0.0988668095970575	0.5742110827552396	-0.09911769806067278	0.6310815225602929	-0.6265462713031794	-0.2354882838313632	0.506350319882103	1.1963112752279372	0.011288619343632587	0.24062940903205887	-0.13569638747238186	-0.43735560878934243	-0.3078909067954608	-0.4401508082317382	-1.003518388107391	0.24302421596531926	0.13925185791128225	-0.9176644786141902	-0.03162874158611229	0.25485354435019025	0.026772411919857755	0.23920527200922898	0.12520443988098975	0.35132158546493925	-0.040950289861766236	0.05993428100142078	0.20898380632586722	0.09785207368275682	-0.16134056223577564	-0.5247159410150776	-0.0833105350935162	0.1660854285560869	0.13694579505997423	-0.25155508341379534	0.17440118022580062	-0.06537012400119299	-0.02502621935069848	-0.2469490052626979	0.258880609434506	0.00926493058855004	0.16098790797692553	-0.09023701370195035	0.220752567754942	0.39082301533484604	-0.4478519608843571	0.7123794738451759	0.21377788041474555	-0.17949575088862738	0.11092255562476434	-0.7719223478976149	0.2567277371898702	0.1672484674574018	0.527115073540808	-1.2660983449512944	0.5070920383677985	0.34068166960874935	0.4183004513480912	0.14043058865889813	0.24668584729224113	-0.06633916568870593	-0.16880343220346108	-0.2093424673924114	0.03359567474909159	-0.03274315082860182	-0.37428045524247233	0.15655202381208932	-0.020560445704894258	0.41257604630300254	0.09407503751243904	-0.012357867228473979	-0.28133787508715974	-0.44065063713998026	0.04310074800169634	-0.3381684519074564	0.12768246492171514	0.2755311952410446	-0.1922157286717498	0.17831476588550427	0.21313091758046826	0.7332818193908998	-0.5886267140004339	-0.257951939799966
DTXSID0026913	-2.321915056669365	-0.8213225188551563	5.371060024229254	-4.891385492907686	-1.7597690542090827	-2.786541582313983	0.18592759031629486	-0.8194313635799041	1.5818613868624931	0.8007326835947238	0.7503953489137424	0.3488431610466551	1.7387672322108183	-2.5763941387787637	-2.814341333732276	-0.5393511395779019	-0.48378481698417447	-0.8707562080012161	0.058330162119656324	1.2628958337188672	-0.2350980799416653	0.9245826151440957	-1.2621853404459387	-0.4420119084903371	-0.47887993390363237	0.2300499088073207	0.9056659353233896	0.16364572904402977	0.5594786682559099	0.7678583772855119	0.9338275176421197	-0.9670053455344039	-0.255829979911229	-0.20751904499461835	0.35696299887175176	0.5947735134576594	-0.7091779022141347	0.0788706492181376	0.0347364806166853	0.5483868793788375	0.1975418620891541	0.018089768153795656	-0.2600139584889094	-0.26896665366929845	0.23207642120921185	0.11829203947338748	0.2164993395506462	-0.3238856476464785	0.13320434389501698	-0.4902344193447395	0.03745563408253435	-0.21438748244559355	-0.24609716143987242	0.22103131741794754	-0.09262073454074371	0.11680514776050674	-0.32724776158189167	0.23798192334901663	0.16007977691544753	-0.20947462000394865	-0.03846076827113741	-0.3441315458563649	-0.1291333285862955	0.16063539583166803	0.23930576037413975	0.6350438832811831	-0.7021007065923016	0.45446185620913193	0.11663456024105878	0.07298556786671373	0.7844476798159823	0.06556044116104186	0.5226309174660502	0.0350150350420838	0.19130893969338128	0.056072439725793635	0.4773367763617463	0.09130849242788332	0.26056773934460525	-0.03954568539630756	0.5609695291968505	-0.15349727280299863	0.07660748922697684	-0.051784482923238104	0.19212875324584058	0.16704292367472248	-0.2524706462358427	-0.5096580747028041	0.12204463225220241	0.013798621748639682	0.18124553779864885	-0.12514593006435504	-0.08938169562728339	0.2686932321052099	-0.19918225688015545	0.3390622640007906	0.05843555978043121	0.4618986827750263	0.4280815033772436	-0.12827621147079274
DTXSID6042232	-2.2924655198336175	-2.9410718323223293	2.5939401818586965	-0.3155659255338669	0.20547146602076116	-0.9678065746316377	-0.47285902613587955	-0.5349745406142025	0.07559273742156701	-0.27280414261369684	-0.6128938996531109	0.08990880646278229	0.7517504870916101	0.6935160176428564	0.08765624868404823	-0.05311456423237087	0.7335163431553475	0.48778654821146095	-0.2785135968355925	-1.6871234807565874	-0.11560013811478925	-0.6817651716215086	2.019978063765889	-0.14489994917269025	-0.08717671078200538	0.5129265043900604	-0.45911006725248693	-0.42475743820388584	0.05577488397136736	-0.8036836207087985	-0.1642919407615198	0.302487304460412	-0.2682058819454765	-0.14595068418814539	-0.14200807921515887	-0.29252730282116346	2.004445973771544	-0.32465813872636845	0.02573642900563504	-0.15359746808437752	-1.2677760438939767	0.48419316523567324	0.3554370255694641	1.3212341807023962	2.411935852488821	0.08364196094253647	-2.1970611541215233	1.670790199469638	1.1322667110805593	-1.031429657691881	-0.2106719207413218	1.424208466669105	-1.3958723512385658	-0.10665314455885101	-0.18954919225502193	-0.9230035625226544	-1.6998837569794156	1.3310342996092224	0.2964372590101909	-0.12160186432460637	-0.7332569885279152	-0.5138233064790012	0.26491244673989106	-0.9868224336527899	0.889430411452168	0.10294086856070099	-1.293644215009362	1.0534890675789517	-0.06512848729815539	0.286014898948143	-0.20447968633282163	0.01576110918788087	0.4741493181114184	-0.1340875970684136	0.2148926633188392	0.982145332120851	0.23021630862521125	-0.1581030145322112	-0.25735500193789124	-0.35965062746073473	-1.0187026232303287	-0.2953584363704628	-0.3525475553222453	0.30373292825662584	0.037802985869255644	0.20852463684637423	0.05529485890578176	-0.004071157129344057	-0.22581355017586419	-0.12159722925034656	0.1624694164328595	0.24047073088797705	-0.11328900932505724	0.41624244109660924	-0.05979300886789292	0.533635158059668	-0.10862941910936517	-0.055564769644811246	-0.16867177765567595	0.21306425855321132
DTXSID7048742	10.50984154926998	1.266223812319034	-2.597768861892448	3.9870212739686246	-2.856733170584779	-0.03587444374454946	-4.3877142055124345	-2.1763104288944195	-2.9825380368038283	-4.349587694639919	-6.831322499069718	0.3720207983284984	3.431961167088473	5.2173829306198485	0.7117727556207074	-1.4633214439174	-1.569523731808622	-0.9767576213402764	2.731213910161197	2.0922611336366814	1.0533326585327263	1.0337696545497432	-3.8082765139866095	0.9521229393335162	0.6045234760256557	-1.5257643594858743	1.8761434843737848	0.9975843725120468	-0.5348627279979449	1.1714713365758767	-0.901530531356814	-2.4131781794564366	2.9770430297262886	0.8467442049020321	0.3075570956859005	-1.3864305742108594	-0.7404971766903883	-1.4643238380742696	2.0748253488981083	-0.6883148479352805	0.5946627455213072	1.1281079390613176	-0.5000792855294944	0.5151690958254075	-0.5084036801767142	0.75262353621877	0.13684912026302973	-1.2220311970107753	-0.9446219901541715	-0.907497621007423	0.4966465642546906	-0.5940207738742115	0.009189443125917683	0.833322150553891	0.9141778272622388	-0.4976477618731704	0.7583136707219623	-0.29921651466591337	1.1460447650042813	0.8445994078798386	-0.7225278269147583	1.6302141327563435	-1.0557894810459498	-2.8158329067262193	-0.3525570258435225	2.019029423501599	-1.1434847651627502	0.8267029546171494	-0.4664411733581043	0.3562721869521742	-0.4403055184658223	-1.4504216610379852	-0.7619161189132949	0.34776925101543676	2.464120439065793	0.8516208941771773	0.12174971451708529	1.064959718715156	-0.6416254719835532	-0.18107178526361722	2.488815796422267	-0.4337280039441239	-0.1877575043549145	1.2953821757982753	-0.30027957722167015	0.8062853141518881	1.407274128869639	2.0083676621262323	0.22718548102438438	-1.6632303591717088	-0.6433436095789605	-1.2427907843472896	0.8876228360004156	-0.8729301789515478	-0.38739580435393667	0.7348753933922684	-2.2826516981109273	-0.19019047319215468	0.3678464672555649	-0.6037718616525568
DTXSID7026605	0.7207006626235452	-7.5220030276501575	-3.747766956653385	1.164796197332671	-3.6455360721262107	-0.9087642479080847	-1.6934077642778735	-0.6502149116754848	0.8100327310807396	-0.43254603610059855	0.4107624868924965	0.43730088448417154	0.4268714473165153	0.5785048461610405	-0.9641551015435287	0.8512794098100173	-0.09418438849871699	0.8854655706750105	-1.0427613064296644	-1.138229955783827	-0.035105303676395666	-0.9958893840152799	-0.7615072663065781	0.09413387351622368	-1.446820842056488	-0.5338573239271955	0.5148616778913446	0.7183001604751991	0.015287778657082233	0.29297884848039996	0.25540536008551856	-0.4322448543477931	0.7246368026926503	0.07081005566659687	0.15320815930334075	-0.03972372826932881	0.036375768097988904	-0.0731913764229798	0.7949020660443902	-0.2558721929155343	-0.3414880044050887	0.4507007461619015	0.038942465586398814	0.7189528181664886	-0.5638311201995025	0.1657842540727895	0.19836354666729752	-0.580334501516955	-0.07172340642692199	-0.48512769749908435	0.19721981856890608	0.18287362861793066	-0.393745080325683	0.1374457899427252	0.3395556154267979	-1.1016925615150932	0.4075637117828195	-0.13591974254168548	0.021984397199804585	0.01749624090739667	0.21457602163103706	0.33243294203281726	-0.5139089866804286	-0.6963748137878615	-0.38006250824449705	0.7774941500206684	0.9131972151892328	0.6747515804084	0.4166005160835069	-0.7823473034295269	-0.48197331496780066	-0.11375153724052077	0.41155578944300997	-0.3130573709788772	-0.20119193282881578	-0.8164599711662226	-0.0351488106098693	-0.5386247111176223	0.3686699572023319	0.08993457298293121	0.2681587498428081	-0.18119404609700637	0.6167489396638011	-0.4828644474074503	0.0017402020706127229	-0.11516365154414551	0.21932687556773778	0.08485491138312748	-0.3387505470504498	0.6808493919835233	0.3155330327564147	0.42058594685233863	-0.251563457968304	0.26669859461133816	-0.07496204291946217	0.32008804926120077	0.48252868731674425	0.15727640888899433	0.15868041804836067	0.4433891787769668
DTXSID1046267	1.3610541738566673	5.245570342626138	0.12580857823755576	1.9461648468903134	-2.2793325963617654	0.7135753439455286	0.7359361877283633	4.194236181473942	0.99673379272987	-0.4588396126714643	0.8559041915164094	1.191892296316332	-1.672403857990777	1.8682785938942488	4.397732410744066	1.3280730286579374	-0.2244725125103367	-0.9385755553922039	-5.1312178381144635	-4.250590871681871	0.02493084295246445	8.04554708146858	2.701825546763524	2.6287545535133683	-3.7884539807048463	-0.8463739659921381	-0.18749099334038266	-1.3975216799710006	-0.8840379503694795	0.6020705340723715	0.4334129430093962	1.2182842575832604	-1.2110963870180922	-0.3593365969255243	1.01957636007775	-3.734051935353134	-4.31400954605956	4.55491582250611	-3.675438355784662	11.052094975593667	0.6428362159116262	5.448152741443259	3.5701394734090677	-2.9670046571769353	5.11042209594695	1.3938007465891762	3.981802865113769	0.4491812452156032	0.9606007903653232	-3.325653659231584	-0.1440860808865422	-2.2708582234067234	-9.609480894667023	5.95192112106762	8.524796730880375	4.088908936979066	-0.05457112656903523	-5.99301967493943	6.2233021600331995	0.32167206866919695	-3.1951994491849858	5.452779989714837	3.6159772540191932	0.5590466383312908	-1.5616737134039804	0.5587311041593286	1.5942326479105304	1.164166604883041	-2.659196510935664	-0.02870290020711262	-1.1135444325845696	-1.5447075522665852	2.5623918937566024	0.23933214411069145	-2.4184602275210962	-0.6774235373446114	0.5408709498176072	-0.0638392717072147	-0.07406834393222052	-0.6534147063494321	0.17839911107936562	0.9007567747529941	-1.0081340747622929	1.6549147078764077	1.2492941090978935	-0.285529360964025	-0.35833402787723173	0.4085330729277328	-0.025799187641869985	0.3201880605320031	0.0566116941748952	0.34400131704279846	-0.5824969557377969	-0.22541104880080748	-0.12815381453580635	-0.13167370783161078	0.07628186949362063	-1.379299993523867	-0.2760300791642465	-0.692056772302099
DTXSID2046385	4.646869891283817	2.462169488573698	0.8733126334752503	0.891092221314072	-0.6006106568010184	-3.873023727393576	3.13282201331342	1.2220791135330153	-0.08018316568213636	-1.502428777269587	0.5728691021027299	0.5776869863971058	-1.1751735664207137	3.3458222951064456	4.217653352204358	1.6734927952039915	-3.5658192249223517	0.94703538807355	-1.4840673200788828	-1.6800695673150194	-1.5316092644268084	-0.8471380490325461	0.1749727484158451	-0.7398342701418213	-0.19470803535563483	-0.6360557280139243	-1.0758836895913249	0.8729387078871363	-0.8620625917014422	-2.1884835337463437	-2.1148604298583	0.3290037215855443	1.4943244918220597	1.080454337158777	-0.5198124592024245	-2.528627331929933	-2.3999341693434215	0.5675862369103146	-0.632845285203737	2.2357869674070283	0.16333538860387478	0.9162854194978046	0.8089316388294238	-1.8672792003952976	0.3631034438537933	1.0541894395070652	-0.3844586517168137	1.0342415320999971	0.5817496734140307	-0.6285131371233024	-0.2007701085667814	-0.5077680832536676	0.8563935778248598	0.00850459688806288	0.5602082672953874	0.47466186666426247	0.2605312954947389	2.4934045161695337	-0.4503768036900368	-0.9726176255383445	0.9027234021729	-1.5370590010765595	-1.5328951671540798	-0.2904399880164611	1.3011899399883604	-0.3481131785796383	-0.37933455893102086	-2.0913118813723752	-0.4874144541949777	0.25047626601143175	3.0811364743360055	1.97468536680816	-2.2293239331152908	-1.5421661355335143	0.6871528829470086	-0.8249484937577447	-0.24203550726863973	-0.6742779281627457	-0.040264523717300826	0.8444810487187631	0.7284175492666848	1.725051353893313	-0.0902687034387977	-0.5850625268275862	0.348352182223985	0.2716152828106745	-0.32127161021736644	-1.8928810603597463	0.2731371033484609	0.9405556415082975	1.4882015129025083	0.7764726627462866	-0.9220170323787309	0.3037760514248097	0.5164309513822523	0.10461751397580552	-0.5628772569510828	-0.4506261393102395	-0.157328589295501	0.06469499016641753
DTXSID9045394	-1.16234613093098	-0.17143554033982872	-3.1084910593320267	-0.7252361986974857	1.201685112469497	0.12768185021897618	-2.8550202761579593	-0.774845802668869	-2.604507003011592	-1.0470119234939326	1.1520116300790615	-0.7858207345776422	0.22300361019771958	-1.7702967641851408	-0.3779566927679689	-0.5852343885156068	4.245159263612444	9.408472325802212	2.4089504093934435	5.75037218508167	-1.229836518822104	3.3316279282855406	2.4689519529393786	0.9626741633411584	-1.1007731291510634	-0.956500400295187	-1.3988646589696232	1.972956305013996	-0.5568816244461102	0.4010064970641164	-0.4371399244038724	-0.010281476589909407	0.846045540037426	-1.8022922615700196	-0.3152298426760559	0.6337030588120965	-1.1561697337179289	-0.3145026100821384	-0.24829258345461117	-0.27183053345005714	1.062138667759932	0.646919225952466	1.1038442073546397	-0.48193497616461267	0.02465040519002007	-0.1550232492388789	-0.8184068253950074	1.0779879748081556	-0.2068715124126232	-0.2654639504167074	0.32816133217157684	0.9340228254161503	0.12032740336649778	1.0631694907562652	0.05800548993618159	0.3304090515325446	0.21743287979838274	1.1626410665950486	0.6742203495665203	0.02260325143004993	0.5724082567428125	0.7944026335801125	-1.1348820326728	-0.8189757748051174	0.6877885656315103	1.244782278157563	0.6903915516105648	-0.3116614734012701	-0.05071493087654625	0.028475226078914603	-0.05504566005287678	0.037784829598073694	-0.005254311856488103	0.3565864582104688	-1.0358095067376107	-0.16766969545706112	-0.5599178292755619	0.37071862798655003	0.3271749532006823	0.1270342877942524	0.4795568176521398	0.42782461875253514	0.5749350578975042	-0.060475683558989655	-0.2701448197980521	-0.4590955697424686	-0.36089371165732204	-0.4651889567470797	-0.19932775355016744	0.6986411729080668	0.93022417454667	0.421559244158549	0.125551391132666	0.16776107933637405	0.35394857303538857	-0.2054056654099588	-0.2910582976323153	-0.08510965490693385	0.47472611702935247	9.800320890814265e-05
DTXSID9051662	-5.645840525356909	-1.8701341210384532	-3.165548669597169	2.8092231068234104	1.0689249898147533	-0.7736978690940777	8.233800536453336	-1.2581225865741548	-2.4717229194355856	-2.721818140803399	0.11648958151791372	-1.5192298105533784	1.040366194283751	-1.42923298638101	-0.7314255419680061	2.27283961617675	-2.6465659283850935	0.629638175774755	2.71778593071207	-1.8960277775557735	0.10874970887091344	0.7934410791579365	-1.172710573148379	-0.4895946121807955	-1.2049009676944336	0.11788248694080884	-0.42361884745546174	-2.008914859814163	0.46154639178071927	0.07860221171853331	0.6958915984047035	-1.0628396570928225	-0.739165083534499	-2.7066549026365956	-0.12699161317322	-1.8321679785088119	0.18232775910103297	-2.810176269634071	-4.511600716973408	-0.7938287408993847	2.842010645517876	5.008151838793443	-6.901066020961968	-3.3909938743229624	2.0238826375000567	0.19981481846957788	-9.54819322447292	-11.740323603937524	0.7138095666215485	-5.70089355172312	-9.165292142778496	14.061385780525114	10.986733637539567	2.0343098430206723	6.936661172036935	5.965832665998657	-4.8712003821115015	-7.630382254607853	-0.9236684334130827	-4.945774626009	5.052671945848552	-1.031324805772995	2.4619572658629214	0.01060460632257596	-0.23811075352250802	-0.8433124755753149	3.859533182235926	2.040043770751083	-2.68623458086931	-0.9119526645661021	-2.3433395981583933	2.55282869623975	-1.0885591971087702	-0.610319620208454	0.08491700778271837	-0.022542462762684692	-0.6772702414914067	-2.4592025703544538	-1.7454022566619793	0.08826228132862207	0.3532992049109329	-1.3669901400989521	1.601468992213113	0.47910855586215045	-0.46557515302791025	-0.03376686365827427	-0.005296460889224658	-0.42674296941111456	-0.436828349885958	-0.28352270834738935	-0.4688471746680366	-0.617843962852777	-0.45916241140738806	0.3642700099710681	0.20324526208093732	0.6995922233833303	0.03400349838845033	0.3683105203639239	0.015496659895232296	-0.074075938976389
DTXSID2022751	13.261324609962072	0.7067066266628674	-7.514314793401961	1.9139558522526816	8.249191034802422	-3.855893529403608	4.976875311812545	4.662805974653668	-4.343003304809004	-3.8586839158495727	0.8643633597725205	-1.3738241480162754	0.10918587898579712	-2.925130708353499	3.5688177112788666	-1.1214362564871487	-0.18738965064098753	-2.2745520119219393	-0.5514627369404848	-0.491984955936951	-4.030613040749453	1.0856484114022462	3.4778458309340428	-4.788568135743211	1.1799067636792058	8.69040296237217	-1.652799939434648	0.3619158991473522	-6.432421839824852	6.002189060676415	3.4631021712423067	-6.319361654847735	-1.5696888032369933	-0.9634968859872558	0.18362900682726838	-1.974384609530041	-0.9293705852514593	-19.24518794630662	-2.368212480221725	-0.6891377749297126	1.4593002405535684	6.26838968550817	-2.680621498423084	-0.8134171831245551	-9.87779947821487	33.52356058706135	-2.46537176576527	-21.90082077694094	4.700565966995052	5.082462357924756	-42.23110577480619	19.32369476914671	-6.094254788573756	-4.092932357780096	-10.56594708899145	17.085920732239536	-3.0978331375613397	0.9737313689560925	19.0374526841153	-1.6389375264437998	4.902947884065116	-5.524810140685636	-0.2034195483793876	-0.8399718002388817	2.7364373398055903	-7.073900014484516	10.252298618736448	3.213857386073874	-0.7613757198415735	-3.0992126989951467	-2.5534629991562454	3.6027014366542764	3.062308355381659	-1.0619483143759423	2.8053046972722857	0.6677193075230106	0.1709680999810532	-0.35614309747769307	-2.7733133107367043	2.302720843365699	-1.0832818621589597	-1.1947427491912654	1.8244156517243637	-0.1544387041379981	0.2890893954156467	-0.6586614998685527	1.6366254839601906	-0.1413718604271048	-1.3523095805682261	1.0076703501781727	-1.837640526110867	-0.2680567087072213	0.6695289870700877	-2.275634441317487	-2.4602476067873416	1.7601325449028897	-0.016291488749765264	-0.17135006660688604	-0.8806948787283402	-0.852603756331661
DTXSID4047913	9.901781055624799	0.9436356610776147	-1.8492423101995838	-10.545863527623283	2.6299884548939154	2.5557210058977406	7.978310775583903	-5.870451071581935	2.878858921260117	-2.503684387086117	-0.5348118020492417	-0.5282830092707473	1.3224501410180718	-1.03999870414265	-2.6544095651087254	-1.9950822737512033	3.843826718901707	0.22128787021822705	-3.6599515656495254	0.6708193139990831	1.4031725272609357	-0.6880227413736416	-2.1358218588916196	1.0876033532347595	1.2511830648429922	0.4481340276665538	1.9863627172302185	0.9420939109421623	-0.31048748125601144	0.544576200003294	-2.4483944737353354	1.2694840021792404	-0.25234875022715036	-0.3335018082760183	0.9956408374368707	-1.2994189032608823	0.22951804105352802	-0.2503208980921045	1.3748408476543432	-0.17942804425883563	-0.6715595710087966	0.5523588931782527	0.15427654938319352	-0.7802960901989537	-0.47120133075707976	-0.1656812972066923	-0.06272899166756515	1.2297745214054756	-0.13514792278251667	-0.2926217716477861	-0.21967360036144284	-0.024212314722535586	-0.6660606007218061	0.565416200234906	-0.13854624331208676	-0.4716964574139461	-0.5931207866292583	-0.8531364910850515	0.3920259792472681	-1.4301342666494787	-0.5108872447272248	-0.9478080450599122	1.1073403375133515	0.3455369285985667	0.24409651349107908	0.4598260795236578	0.7578938413906765	-0.23619202313493107	-0.6558908233666372	0.5844959804309858	-0.11400394088082758	0.5302212654158769	0.07376069497293485	-1.922023535374277	0.24195691478175035	-0.5375431925399137	-0.30858019149535704	-0.14393442181325453	-0.7126261375724462	0.6730948491856061	1.9637443965524986	-0.49903196762559643	-0.517402150605784	-0.20547805188169627	-0.384021592346949	0.33804754974029294	0.9981750460274075	-0.20251469589759447	-0.6090355645313978	-0.6214945833659297	0.004337072297406773	0.07134534331249659	0.03187013613494788	-0.3710284797709236	-0.3808868858281551	-1.189145157634124	1.2134954933818463	-0.299527843772584	-0.4263243821338432	0.6474447410471497
DTXSID0026701	-3.431353109285032	0.0006043508138608162	-0.8020453965498319	-0.33762330479712477	0.18709884817752942	1.0114937044922263	-0.8379356476754857	-1.5637481184725575	1.1571145697055205	0.1178440131486446	-0.12570965260305822	0.38679705174195095	-0.5663282216745567	-0.7872228335159864	-0.36564289282486634	-0.10239179611179186	1.0510877588085787	0.7566580299710376	-0.2794986017943387	-0.6288485664561705	1.0020979113207293	-0.48770618131203974	-0.08032732960656469	0.08215058492938353	1.0496535063556582	0.0812953707976169	-0.6439208144530125	-0.06422694334934848	-0.13182326728170884	-0.20418688734802873	0.846154020933671	0.28083022761828647	0.28080679322449714	0.20159660075672867	0.9047181726799111	0.12637354249355018	-0.15120710209479665	0.23481848549222226	-0.09422702474395098	0.45970507962524404	-0.06983796393333555	-0.05123522773124576	-0.011246067536336618	-0.1855005641112498	-0.3498389678354297	-0.01533684802991159	0.027380067934573944	-0.7411274309794392	-0.19039087950181482	-0.22704520806089598	-0.06034851923311931	-0.3709142565602207	-0.049657118076136306	-0.33153968579589416	-0.24770280218330173	0.05725494677261107	-0.25465341526013685	-0.07419154253380476	-0.19478906096162885	-0.4067646819391567	0.2646643223075397	0.3850660271212106	0.1716190813139545	0.3902227437884091	0.23644715341600347	-0.009285421267674414	-0.14571418514477638	0.44780139954288567	-0.26384556811637655	-0.9676289319414317	0.4513417208459902	-0.060646350145322034	-0.3757537417358409	-0.03930433327668531	0.3447432113893528	-0.8796288379283947	0.5773986448187969	0.7891194872509435	0.43200154175121147	0.7022117070124615	-0.9501506507327566	0.2801657924088414	-0.0018718489085595643	-0.08686621280346224	0.42569985457968446	-0.31671049166683424	-0.05181975583003406	0.33416406388419384	0.6300107808109543	0.9350502773887168	-0.024452866613486113	-0.9244055552806067	0.4753809171574805	-0.5628169289410347	-0.2841361810349431	0.376713735534881	-0.1864022346955814	0.4952089177136165	-0.31641894099274886	-0.532468103730607
DTXSID2046175	5.9301594129142305	4.576681710439417	-0.24274857026247426	-0.9040578407850779	1.7682600238807273	0.9723614938649185	0.9394167127266494	1.0467873945190287	3.2374787977302946	0.028491199270529278	0.21273205876703147	0.4813123877642086	-0.25838624617763395	2.440817263869187	1.5856593685342342	0.12068296966381009	-0.8876687456272818	0.6476334634221647	0.07137871229073062	-0.6098062423723148	-0.32717243536623847	0.17141574628037096	1.000886343351543	-0.06341707550520125	0.4031931890563532	0.8102803448243581	0.2699727430773515	-0.28801523702762444	-0.23304696647224954	0.3907547373221035	0.2622745582743938	-0.6391416408691698	-0.8365413757101744	-1.247881960343815	0.01605086702744954	1.269356266380461	-0.2983451474241001	-0.09283497150357546	0.28671154503843915	0.7643342135595051	-0.2881453405716979	0.7251757319268979	-0.5566215178428262	0.4623687301613894	0.9219412316093697	-0.4747268651864448	0.3584471654217448	0.06787923972383098	0.06640533343649994	0.4340655976131838	0.17526198327815165	0.2561005614607337	0.41071630573682283	-0.0466143149875341	-0.6198890875657959	-0.21067489422017205	-0.24726109927251086	0.1524619348841815	0.29465755730312926	0.9690826423493021	-0.002117569111029106	-0.23897415588320178	0.2855270842851408	-0.5131296428520191	-0.06947752423877293	-0.43347351177682236	0.2204810107345396	-0.33525882663804907	0.5222260347117632	1.3517655161205642	-1.3381852227992421	1.1350518653173636	-0.8243281282761247	0.045454687857046726	0.548814408064269	-0.1636758262899154	-0.3928576061339254	0.8957876898755138	0.2270461511859955	-0.1934247035925856	-0.16934477225126715	-1.0281410606325263	-0.05780461475554614	-0.9861203368459847	0.23671420666237264	0.43996260495807094	0.23998552374662468	0.5295951394394158	-0.1880579560695087	-0.15269548210519726	0.161432722861652	-0.3977339562148678	-0.2951242667995298	0.39397951190591596	0.057597561910922024	-1.1001984862008851	0.07731224237563473	-0.24191771194153727	0.5760723537338946	0.09814073645659628
DTXSID5047376	9.773675710923724	2.420953516978318	-4.741197368044341	0.4775328977853777	8.448016371299124	-0.3283992607532156	-1.0271036516916927	5.848604310926392	4.6459572667585185	0.7545533579086212	-0.13357618532306692	-0.9449428483797112	3.881026841551807	-0.50447659605002	2.8378428374714217	-1.77019280307004	-0.2459393129289249	0.35277191071277153	1.2580926469286269	1.3688068274310559	0.7546248665014305	-1.5994103285417853	-0.4215058370990987	1.5588930020952825	-1.2815189577829096	-0.5521779994398891	-1.4491124523208525	-0.6051589289726637	-0.11431849096979857	0.697406631615126	0.2775030749328256	1.062823335469849	0.2564670086303891	-0.7813585462264442	-0.5103347713176901	1.1531639841710422	1.4968660711299733	0.637960045986588	-0.03174110419675823	-0.8689493394652787	-1.5092614023711637	-0.8646931348625557	-0.14052698000911804	0.2505046969548848	0.5475593932038351	0.2667712902996877	1.7860226590821586	0.7191118851903952	-0.036604908996928566	0.00887634036373675	-0.20684566482334416	1.015344195106709	-0.1554839011815957	-0.3444538427896467	1.4876297986204312	-1.1872047809299877	-0.733400262029755	-1.3662428417641972	-0.511072846300408	1.4664051088296894	-0.18389294076665855	-1.365257392316833	-0.37210916894669455	0.638891315481262	-0.9714782283719738	-2.011558108595138	1.5318567971034556	1.5627092627690908	1.506940700438388	0.27881392288361706	1.3083743689675202	-0.5817485337207302	0.3707858291083116	-1.4006262124526718	0.389776838482452	0.024459674745920007	-0.3270365275271478	0.5453731332197358	-3.500937782879446	0.06877314762704678	2.4326122427428203	-0.7089930622436554	-1.4683066571785373	1.1387573285016013	2.1498416902602724	-3.1502162627986814	-1.3448810953071688	-0.6066519744200497	-0.9001746050435814	0.22053894689374817	-0.09059263407109414	-0.5188896176487269	-1.2753758724014999	1.4043252818106184	1.1556000167295426	-0.02999115609120712	-0.9841548185812888	0.2000444720568773	-0.6851083398413232	-1.076288171342573
DTXSID5057705	-2.5720229100199448	-2.9661779034388904	-2.4956941371738766	2.110281466030952	5.143195933447279	-1.5466417612410983	0.3133573111139067	2.2048270361060616	1.373743524936574	0.9590576353682038	-1.9582846868204582	-0.1802615908938753	0.3006253477803946	0.44789980060558954	0.2069072444355324	-1.6398401659088426	0.9750663344246926	-1.534738534636477	-0.5805585994888188	0.4265458311027204	-1.4344297526346983	-0.08217334380996867	1.9976912097269934	0.26575814543880316	-1.689410747678312	-1.1185293556349893	-0.9042858536148285	0.2282647750294962	0.6025987450687577	-1.6058524531001312	2.9178017725910137	1.70721668642196	-4.58500624503054	4.221010992867148	-0.7457210229848049	-0.2332355978028886	-3.2884212834399826	-3.30894747841955	4.835477890238353	0.40987958705923017	3.376090752253534	0.4722112433597086	-2.839726480828725	-1.6474101238981804	-0.09547536825563956	-0.4216910620270813	-1.0059819229320708	-0.9099480664484654	0.8969546965742868	-0.0936008993653972	0.12323519571315887	-1.6538456948875482	1.2182964026811494	-2.0803256580362146	1.4405628184199295	-1.1359033181145917	0.5208326364193234	2.684410874458777	0.12838457171091705	0.9811653103727186	-1.542181909646981	3.487252682270217	2.644315720272868	0.4325719067605265	5.193632060522964	1.865646792861322	1.9488263550898077	1.4207249025294066	-1.3482435575501095	1.8384609532646985	-0.4458925929392369	-0.37785418111450453	-1.3266168189015188	-0.771724359251435	0.7065917885640935	1.3511691516642943	-0.16781576604874715	-0.3384939121761522	0.3498583685434232	0.08252705765749548	0.1362112994982804	-0.29045897212345395	0.3281646720708908	-1.0516290842061373	-0.23808017670481993	-0.7766043534315324	0.9251076539676282	-0.41347129137804406	-0.6174064348104487	0.26227930471165267	0.32111493474313824	0.5839508834335847	-0.5086135268804097	0.2880739395520422	-0.6781932351891069	-0.34806705699029983	0.5227576703010163	0.4020144348078439	0.01029924732724544	0.1348912602663342
DTXSID4042254	3.641863868501068	-0.8829310888868614	4.497280198325963	-5.034009514212796	0.5610023767295834	-5.6002337317764255	0.8892065380887912	0.947020776822988	1.0649162684404823	1.4905492592986904	-0.07712941673010824	0.6453169310557691	2.9573189657126466	-2.070315669630735	-2.9087819759673628	-0.406696535899006	-0.37850558443487714	-0.7669505302509297	-0.3263574377926598	0.3716513624580992	-0.14919877076478477	0.5487661859205915	0.025439807825468466	0.28604554098028834	-1.4779157260061262	0.9305460496116597	1.6522696514485722	0.11586830606268045	0.6361854307976769	0.6267600805315037	1.100428002346811	-1.462019836136639	-0.7457784291186925	-0.9839863695369285	0.8536763458181575	0.5907768467202152	-0.7100813406301031	0.5324235002218394	0.5202649887192426	0.8061657499545749	0.5270250091690047	0.8888703568829163	-0.30210943159924386	0.6696979721389086	0.22894711838608664	0.18510389574632624	0.3078617001520824	-0.3178943741222507	0.2237034634590915	0.04839800297488937	0.3042636370381534	0.23230114008529282	-0.009763407999879894	0.4879776187132585	-0.3289143720793933	-0.15577709493726632	-0.006203313687613011	0.41507260879224606	-0.16854530625153066	-0.05106096753506562	0.2322402359775085	-0.294393681407268	-0.7391619060682959	-0.19609723331143875	0.11431065311643492	0.45045590940235203	-0.38016803397669363	0.7516825877825498	0.20515388643122126	0.5000273836618205	0.4269299272668476	0.33174525876605715	-0.316950664619082	0.6650197593672609	0.6534275009124167	0.18559032376643889	-0.3258555152200592	0.31578081517003304	0.041845771105452165	-0.4032531608075755	0.5747064698771288	0.07871311795655284	0.23647665826470587	0.12656862153676576	-0.46483441113256746	-0.09996339560792707	0.4004466021709279	0.20771400420048364	-0.14878650131836643	-0.1701220355597679	0.39095206974294255	0.25941028523665055	0.608015525738238	-0.03369086263553242	0.2969478379526074	0.38577701216668536	-0.10423310791227441	0.3082583247065659	0.29101405195218466	-0.5573110423204931
DTXSID1043839	5.3034572925956285	2.9509814479030263	2.481707663601507	1.926357723113025	-1.6994630472149757	-2.4242296146361504	3.449871133508131	0.05411025641426785	2.6222248460890594	-1.4407396490760833	1.0397471261249673	0.38573746374480206	0.06938621753012367	-0.45874294037208213	3.3918062611190565	-0.470573816441501	-2.0089068296905936	0.1847262754276022	-0.9597450076424097	3.8800264708196317	1.589960741078864	-1.5370696631743572	2.66193814589585	0.966811788441497	0.08481273110159268	-0.4328854407609224	-2.530821702847908	-1.8871304946005694	-0.044563340492059955	-1.2669921035530327	0.7309144265460802	-1.5899745716186195	-2.8927744244751503	-0.2813698391925617	0.8810933023763686	0.10462681582592401	2.3567754997747956	0.37235630908887185	-2.4010252851328753	-1.5058052465770317	1.0993051969546372	0.3138424087086262	0.13108178967899728	1.3289515797463194	-0.3708968874218056	-0.3345362919595575	0.5068478409907157	-1.339407826215695	0.17926556110161834	-0.12576749080059968	0.20253287692864086	-0.047333991306493794	-0.5770543605863004	-0.6061750970255134	-0.4179422573368847	-2.51817085380672	-0.14245627822211765	-0.40694475089417986	-0.07180639224537166	0.4757990993538343	-0.6450402582761864	1.7072470423211905	-0.9813237531854243	-0.022163737891136914	-1.1620834255923094	0.06968546514989875	0.38954058614905523	0.9461969060779135	0.5030964472859003	-1.798182517522981	1.0767086546079163	-0.2908546835655834	1.2384597453898432	-1.3097092344378953	0.1352149268739673	0.2195937214283857	-0.2672847378187574	-0.44977748532422585	-0.016703182869579843	0.8770757948843872	0.6622249471465829	-0.4286636096195566	-1.2897376416519573	1.4715443984641428	0.8942314038940289	1.290555366087975	-1.224367733374431	-0.020600438828730527	-0.398248786638826	0.21516978642655984	-0.28611345558735995	0.3283189572873772	-0.050634333628850045	-0.6438730267032157	0.11733909638192477	0.642479963266699	0.9860467857344899	-0.031987930864232815	-0.3047039918868163	0.7915243014409695
DTXSID2031374	-5.1980205026781325	-4.768466127346353	-1.4365829419669662	2.150716286990065	1.3417473192318932	-0.5416771997476469	-0.44250915621524795	1.16276236516483	1.575643975651765	0.12523820477522865	-1.816254831262048	-0.84118444244286	-0.8847435914284487	0.7721986776720487	0.1717669769042687	-2.5162847236123507	1.2447192671172829	-1.0398217667416505	1.6503820359496115	0.5694051150014451	-0.6764724554329479	0.49587287327467694	1.06106260408919	0.4491586179243717	-0.6255250444336773	1.0397221990310226	1.7940211370381234	-0.8472328203798146	-0.2941014182876039	-0.6532362808234635	1.0765193733943643	1.7146238203117323	-2.6460006714318567	3.540981425850942	0.21639506097385336	-2.3341693292911225	-1.8375749365706233	0.21227850902492978	0.855819262592703	-2.001917906400055	1.1039638815884492	-1.2475619582154092	-0.894026259261595	1.0847777456705188	-0.6787774509553286	0.2687581853217006	-0.13045950526336308	0.913910849578162	0.3011381424224387	1.3290403315322459	0.774889057943152	1.848129245212028	0.37320869221714187	1.0008986587825779	0.9635378285308103	0.5615391337247438	0.6963048174167159	0.8326618623957401	1.422356355371674	-0.13849738886649454	0.7243804295491918	1.8664725734178438	1.0651449131026305	0.4022128513596235	-0.4584833435073932	1.5622088199824566	-1.1328736122560419	-0.11461619258214675	-0.44619914332356597	0.3897968069839209	-1.1320902157614046	2.36589947378676	-1.0579307560534241	0.24633183785994922	-0.3679769869442177	-0.364509092220554	0.930459697526626	0.5838551122853692	0.38103456878345093	0.09774943223588639	1.1277563833774025	-0.30651598045737394	-1.0675054458993511	-1.284530914223199	0.12318504245510578	-0.3890938019341738	1.520219936158049	-0.46628625340093677	-0.7340850526749698	0.3225533095642871	0.06446929491193625	-0.01133432076941222	0.3046598152360871	-0.2891848111423833	0.5133489609653163	0.07314970621435549	-0.11084068789290061	-0.03786913144914289	-1.0169775607605092	-0.013776016719321302
DTXSID1026879	-4.845834159918084	-3.051591566989571	1.4039178612295506	-0.3264956210783484	-1.5460812863318014	-0.6194788455649992	0.3748697225289608	-0.24801152732561835	1.785436008536995	0.38892773630138683	0.02251468512301017	-0.47042323298289407	0.47545725497060254	-1.389399640338468	0.005393428806458665	0.13290215677506287	-0.547068918395268	-0.19357949517798273	0.39779830404499916	0.9736222686820236	0.731226967908569	0.624106767465418	-0.9366363208754843	-0.7310761543948903	0.6987775216004167	-0.40590481229156	0.5144093567797128	0.5063052355312733	0.40939601675066345	0.29621590821059335	0.5734172294378539	-0.3994448875095513	0.2334350813304679	-0.35126602722418804	-0.23647165793378197	0.4062212353788071	-0.4457618141217517	-0.34023640617101925	0.11671001530370817	0.13753238497041426	0.2651102633084755	-0.04808616345947989	-0.2198300316169997	-0.18653722373949633	0.25140507407582297	0.4220301481695673	0.09693712365743314	-0.02163542552297545	0.11720753445110303	-0.018050938445925962	-0.07718341997296962	-0.1950067635910785	-0.09624234948048292	0.16796600254777416	0.26284895244912154	-0.25857928256535045	-0.26807947099678203	0.004825474381589556	-0.013304809131227157	0.23122013844610131	-0.010677837877908556	-0.07235260300195974	-0.07276865509898169	0.2215328774800724	-0.18613290353999515	0.11851624015601105	-0.18628307848064402	-0.07313485301753814	-0.16782492736104182	-0.18146419120055682	0.6244308184848261	0.05674720431871142	-0.09495999708790243	0.29327491236270375	0.10332802405232207	0.14637263566947806	0.3552432512562531	0.28771633497998755	0.3323657172657671	-0.3635378026753272	-0.02904512309886727	0.13012236741644456	0.005794473424070123	0.18856438536282052	0.22525185055674318	0.3659181487739848	-0.06199686300097012	-0.823752109002072	0.3668764030775171	-0.08884787953640443	0.46452947005319684	-0.3788449398196191	-0.40297098649044305	-0.6661179892745687	0.5423017124072897	0.23166920999818236	-0.2895567564710443	-0.31746504280409304	1.020597952615206	-0.06371009489564396
DTXSID7026314	4.76296593256717	3.0651458711118167	0.022540104411185265	-1.0182274564412368	-1.055760436072204	2.332026750574659	3.861552616218375	0.16232299585233656	-2.493490471357991	-1.5453562533907281	0.47238394647934384	-2.6701297166832734	-3.1963570003800483	-4.330303330329225	1.389360509322524	0.11210599922303092	-0.6072565051913905	0.6048949808347885	-0.8310120348353722	-1.4421234608535196	-1.81838818299364	-2.0900487059416695	-1.036054016387405	-6.2891298945518725	3.4939384881863944	-2.178823390177274	-4.493797957031233	0.6044058697555653	-0.22512664380836261	-0.36830383203000955	3.044799979596685	-8.136195424798828	-3.3321660436744716	4.918559666156583	-1.9544477304781167	-2.006487925662114	-1.2959575269200045	-0.4907880149558646	-2.3173252135929165	-4.380695197721231	0.6777349967560699	7.397702854059911	0.5338605897920905	-0.7331821139327539	-1.8777070066894213	-8.286343075041945	5.301588898237947	2.5094307025687588	-0.657841490434926	1.2840235502516704	-0.2467897578340563	1.3415966648898314	-4.655376062777416	0.6246405419418098	-2.727156937312483	0.7990504044429384	-2.1488251528072246	-1.8691584175852076	0.6114762763445297	-3.689658637442338	2.871614425970009	-1.5079115533379903	-0.1353647884918485	0.8876429877965887	1.7996583044739005	2.5060274641124094	1.0336632099807324	-0.047206510639857625	1.708980058295486	-4.233701133104186	-1.308077287294804	-0.34265186356352745	-1.1871149372368626	1.0807545996227128	2.2578540350987235	-0.13102079704139355	-2.6571516528514123	0.17168414680938893	-1.1960806365794772	-3.1892372200316275	0.39336128877782506	1.1430940803390037	-2.462664890449025	1.6754803898699797	1.9629552494876383	-0.09267326858286176	0.31842915583490317	0.9852678185387492	-1.045677853541247	-0.3890494917132535	-0.5964148668320994	0.7634033764722914	-0.05988391662527121	1.4086400778001429	-1.188530695190461	1.9944531216278993	-0.34866473058316644	0.23499615460828777	1.8648543819530445	0.03128236768894695
DTXSID7023645	13.18724249170383	-2.5567549692020424	-2.6294312640985344	5.138389247919885	4.663263246616131	0.1623234315963962	-4.661672853921023	-1.995078367751645	-1.2329822639827066	0.9126705068710174	-2.5916755550836243	-0.13464160218777463	4.206599923280825	0.6574726024030083	-2.2227934718364875	1.3315795559056536	-4.503482184635356	0.4573115970065316	-4.907413009442701	1.2483150954905966	-0.2850026337437577	0.041207583532154944	1.2531722422247455	-0.4653403656773971	-3.1618582545326066	1.5434974570357718	0.659028490486748	-0.1834203807163405	-1.8557051680014742	-0.8660162616743347	-0.212980434772924	0.868526130013801	-1.2762334064818688	3.928288177970319	1.5589749396658292	-2.9175751111932615	-4.101052391532544	0.3310140195204536	1.0760287973589524	-0.6410438300275368	2.115998634823708	-0.13291146492233866	-1.0234385137856523	-1.4972614317720239	-0.4930170366814594	0.1346036590621802	-1.2818934631365435	1.1961381353658962	-0.411311531321476	0.5830613525459933	0.44465395924686907	0.9308847968744922	0.43989610742218416	1.2326304067768468	0.3445206065578679	0.7554746405610593	2.0552756977011866	2.504102927476711	0.3181860714088062	-1.056525175441462	0.4043335468139491	0.6752430775311747	-0.543568752287209	-1.2024167319154397	0.007467382211492037	2.116555633288278	-0.6334074065872562	-1.0328389451624125	-0.017771874215483978	-1.8211424603367534	-1.5271774319090747	2.1176383812517763	-1.2798937240057149	-1.3731791742223907	0.25511908194057903	-1.0074823698748767	0.08550726601418336	0.4508489380998218	-0.5605064272409388	0.8664894771223831	-0.80523249136986	1.6023839598228922	-0.36003066423492563	0.12446368984024007	1.8551531207174596	-0.3963967277249611	0.4673369815203396	-1.9727482175058155	-0.9354593553629958	0.8280355873131838	-0.19627361184191403	-0.6557769896484977	-1.0139514325778518	-0.7635621583521963	-0.4181292377649123	-0.07967252202425086	-1.209422701611652	-0.4362288760408502	-0.5181288758867675	0.31926403586754637
DTXSID9021136	3.753596043046774	5.19587056782716	-0.5387548175941201	1.9148477703639146	3.068966551244517	-1.8651318620035098	-1.4691921979954923	1.801906159351605	4.470319440664667	0.047362908261926934	-0.1981351831108411	0.055414781590397345	-0.8759892176082315	-0.33177930144801404	-0.2722541362999927	-0.22210921563899672	0.7686996927633764	0.549251446146322	0.33169600937455607	0.3465406468970659	0.07551699388767077	0.6072394396760132	-0.017435546669351393	0.2002849766783384	1.1128102621433458	0.9030096836344516	0.7487494905637812	1.4282024916387555	0.8272196807528708	0.19675091012648274	-0.7098648078672666	-1.7597652781742386	-3.185600028044437	-0.7427036961716504	2.7208337356963295	0.4229871754097783	-0.869886854421577	-1.9978135673427502	-2.195071256055324	0.21902004449983037	-3.323445546580465	-0.7775563217491516	-0.5186580824999152	-1.3036761634095857	0.5179956121333186	-1.5436375317564202	-1.1447017392852132	-1.2539673894586922	0.10694659484876351	0.12421755387001626	0.04856174755145275	-3.3254006439640635	-0.8144940312921524	-0.017351351084805015	0.6452989953601087	1.9684781683305843	-1.7994264316703847	0.3943422207894906	-0.6539671383506371	3.3983778307908628	0.8767300882480645	-1.3995113892830986	-0.8306030413601682	-0.5036991198610605	0.5401962044568811	-0.46602722673222186	0.8236170706528103	0.46960646371687437	1.2481383480472792	0.9007582580687576	-2.189186646171928	1.3165689987761295	-0.24692609582514805	-0.8173008220546913	0.08217509793088175	-0.12474899414059766	1.1606744761381462	1.77409728087014	0.18075060198428067	0.7881623918892646	-0.7293952185205336	-0.4937982792690548	-0.006117591205328577	-0.4830335795480348	-0.0037486709594053568	0.03819393180328655	0.3448992937191679	-0.9275737407328543	-0.6863210858158034	0.639606668932276	-0.8817004058752703	1.2659229208785432	-0.8842968466211326	1.4718036878768468	-0.22680103416053676	1.5946691169778333	0.4444005423134013	0.6639040841382144	-0.15290993941233108	0.3406184281420284
DTXSID0045597	7.986389862930245	-0.5976716890625453	-3.923854659683927	2.1390443444552822	0.3204751500105112	-3.036328408912422	-1.42017116175401	0.8611724365395486	-2.185659455141198	0.17777558178869296	4.011359630735449	-0.7337571093461789	0.9220998048061534	1.3458690286522719	-0.5281066605381433	-0.2855729999548578	-0.14111686731558631	0.9365213641137086	-1.2079174552016063	0.2969302636052221	-0.4343570022825738	-0.022172730816033746	-0.2767390948711398	-0.13826862511546134	-1.337125175864486	1.5784273258756771	0.14059016459057838	-0.8173834962054103	-0.015069864140983276	-1.0361929584060516	0.3520650576984892	0.8653957683361545	-1.6081363619064677	0.613913291847705	0.41996625704574103	-0.19402255985727299	0.5268651673727456	1.3059070169550218	0.05811865560117463	-0.24328068669108005	0.09858950403370259	0.6040638254313029	-0.28437437728684284	0.8495318329710537	-0.23738069849388282	0.38440318132450774	0.251046957126803	-0.863379535554966	-0.6186190187524989	0.15353797186118281	-0.06094203488322535	-0.10718125621063088	-0.3625188759278735	-0.24586758370049283	-0.8839674992395333	-0.3184877017217689	0.020671359336415868	-0.489970130496989	-1.35494275952754	0.1295437711727833	-0.26009819044650834	0.14151196602357252	0.44200148892116714	0.247083710332891	-0.7280907948709423	-0.5681035661863374	-0.3817316850764314	0.25197519480924163	-0.166836302384617	-0.6217078508034535	-1.2511261127892301	-0.29777038516895005	-0.06600520091806761	0.533112762233385	1.7684631755877027	-0.07354462910400641	-0.3513066140348424	0.026783999059235612	-0.6502865546005513	0.049370972025403165	-0.43300157376700027	0.2820556389024112	-0.4418600285653714	0.5564427603139347	0.49461702955989684	0.5605487067823145	0.07783535678029653	1.0276247819140525	0.35799886500648315	-0.3928201076920999	-0.2386572247959966	0.8898046280084386	0.712198293461448	-0.9908500073198416	0.4197420630646259	-0.6273946019273596	-1.5586437867184728	-0.5619240740716579	0.042608811369342976	0.29726636478226254
DTXSID1027263	-4.224228896247608	-2.8817522499962447	1.8606872901957001	-1.2943956690247531	0.7089204621349188	-1.332317840597028	-0.526712922753547	-0.1540411103036601	-0.17222977276598814	-1.0246726031110827	-0.5641904472672961	0.3194908222359099	-0.27973302850675	0.8151057675479512	-0.5433862784319908	-0.4212582336879158	0.1394790021452582	-0.5603532844306268	0.47028892742874484	-0.3543355992225297	0.34002620324189975	0.033408532192468164	0.8621954830938399	-0.233764388811856	0.07321382261039097	0.03496843882646995	-0.28800700668845697	0.2866373513646259	-0.0054521120100433935	-0.14947048766166882	0.1030507095279061	-0.13278859378334706	0.1323168917721415	-0.5702102986151893	0.01743447892684116	-0.18583430728175304	0.11983566586303553	0.3296014233872653	0.26405359071810197	0.3727330222353553	-0.16355686628832575	0.08396848303863926	-0.24509137324263874	0.028110263606656676	-0.2869525427588962	-0.021959740432703642	0.15547473585673705	-0.10145560462737538	0.07185606704754835	0.1459048668956744	0.11450177697737429	0.12897693231668533	0.12932704999030303	-0.092694522760558	0.024156633637964952	-0.158298334949866	0.15946664804814956	-0.0673825170383632	0.08752104650371013	0.03406958546570083	0.3197769509980769	0.0805819479888548	0.18309464691389107	-0.07258896555643057	0.014138528476312997	-0.14214957529077035	0.3959711647136697	-0.4478286719410299	0.11014556026146	0.5050967766123087	0.3095973594337711	0.29017424244416623	-0.11939948530191904	-0.09355152254607317	-1.0587941435643276	-0.004398372872721509	-0.39603802517413694	0.24178901718148932	0.17674418430353958	-0.23056287407229983	-0.06670453060660214	-0.1061745412070721	0.21012282222980352	-0.13395008727687674	-0.13973625573319715	-0.09533869657024549	0.23269968253140483	-0.06253056188385636	0.006697530260633199	-0.06325569587147749	0.15775863939954343	0.048187285054788524	0.1112753859564367	-0.21500693108623986	-0.3117750983467542	-0.24053493111912613	-0.15369825651266994	-0.09104045415805691	-0.10839662141753116	0.085179505933299
DTXSID5047611	-3.6172331900942964	-3.7881779136133926	1.6985091422026761	0.8730107296800715	0.5821542582549184	-0.3963706950211395	-0.24054773732719079	0.06907832449078509	0.417121117919329	-2.3399255071509053	-0.8403788333054452	0.042007123206275594	-0.9110087525794599	0.9444404115061452	-0.056602530232391	-1.3995833968962075	0.9917492871270869	-1.4837729239945485	1.4418934446888938	-0.3682494425807208	0.4629657220485282	0.488798367355974	2.2427103629109504	-0.7186358093199628	0.8532812849466817	-0.10507256058115985	-0.7212525371235768	0.3826435264854957	-0.004056293578333357	-0.6409359066809491	-0.9740978556140635	-0.23646976558165644	0.3785305600321135	-1.5006519900624706	-0.4522552010030801	-1.0108396470052767	-0.47660247566824526	0.5806587979544389	0.2457971642960431	-0.1941871158080389	0.5863232100849249	0.18962530205755462	-0.6240728778839997	-0.5220236873979389	0.4001863757186883	0.7806366921628585	0.7002218949400312	-0.20429198645652022	-0.26054469487075665	-0.20786727472221891	0.05592807203395256	0.02680773206316832	0.2955339062525484	0.08791467448743188	-0.14299635105711006	-0.8470470888583765	0.6516149902920364	-0.5413319807730123	-0.11500498362447599	0.8290374450692112	0.3796659699616909	-0.3950241612809175	-0.5953938161948054	-0.9403380700332405	-0.2981569690427514	1.2129146557678772	-0.42300248157734494	-0.12062064940816734	-0.8456356042842541	0.3572827217890333	-0.2892604747531595	-0.07665224404903309	0.08452615326716464	-0.2304141367407842	0.7375606367553669	0.4562204817479212	0.1493643679843698	0.0996532412552689	0.11386208506536108	-0.16806787419576175	-0.46650280224418367	-0.346382587266702	-0.10325900963793912	0.06517463357185094	-0.07422644896033662	-0.34796898466676646	0.12201549048597021	1.000946918014866	-0.05858117475608509	-0.11236662113156848	0.061568319276751785	-0.006203142340942575	0.09470565438869152	0.010105427353047588	-0.2763916957312584	-0.012728468194729703	0.7551219302018756	-0.024714366360388405	0.0818888486383951	0.2955685111352151
DTXSID7045603	15.182146846142649	-2.292712501850477	-7.059686979790973	1.334550943980995	3.7173649527456742	-3.5133024645723823	4.601619976152237	6.577908279421808	-1.9431484150124925	1.6010048844082916	1.6021219248101426	-0.7122828159193647	0.3275388115715292	-0.12594750356495915	7.261508249758965	-4.309081421922919	-2.3514197264572316	-3.368383893959246	-1.8133760517093045	3.9911598914180653	-0.6680142251388864	-0.11643899085465308	7.303910187670482	-1.8857692406531215	-1.0578355712399046	9.068573705927442	-2.2291806770034888	6.254015045625341	-8.835581521922759	3.457621625456138	-0.8573489196363655	-4.2276036984685685	1.4579866651453683	4.4743385514911225	-1.8425837687965358	-0.9056547409789039	2.154349879929971	-15.816040437052564	0.3807198764021555	2.5994954320592867	-2.402333131445676	-2.9724649164371226	4.516148753290879	-2.6920201329306326	-8.7779324004212	28.76426836793337	8.305401683881914	-12.488002163018784	0.47662208421216284	14.483260972733714	-32.29760029776724	6.655519362253954	-17.13329231194731	-1.3626965152834678	-16.930484402808915	10.337108593235142	5.304833924950491	11.807421660178381	23.36790121124706	0.9382990440905408	-0.49030834110615873	-8.069774404650413	-2.125784426595737	-1.5603882081708476	6.256269005074454	-6.91308544859111	7.0432041591156525	2.8127765943258507	0.5449628391864371	-3.9433883072943043	1.2473875959471314	3.0318432857296473	4.692134387637618	1.8836474276929123	2.4062830872836525	3.189871096386392	-0.834549485755362	-0.24845481916553178	-1.0269612196287414	2.95774732280471	-1.6879780988826425	-0.005311236460592001	1.5861066752492188	-1.2437175824949653	-0.1197623313307659	1.454907371322625	2.232832741296849	2.2929607719766425	-2.5482462261682564	1.703300648936331	-1.3586240340244973	1.2787464727998827	0.07626309644261385	-1.395112313838371	-1.9943031157285256	1.7979605699405312	1.5407103805003712	0.8972723485842122	-0.404821951627919	-0.4545263050380444
DTXSID7046540	-2.059795277963955	-6.593022595253334	-3.2619028257020575	0.7044891010905306	-1.7302494164316873	-0.9601950722367384	-2.500572787906522	-0.6219626561856654	-0.30997633322213775	0.04645014052611657	0.392795417573714	-0.05445441682737984	0.91258318919023	-0.1060250403278596	-1.9296910753390397	1.3267612971173122	-0.07382895185181278	0.6042845014528435	-1.984510041114956	-1.393546776210629	-0.2149672225147261	-1.1289849717355869	0.9289607594686662	-0.20481235768037057	-2.171959291783196	-0.14911590715018083	-0.4590192673737791	0.7784033940460127	-0.053220487058455945	-0.8408685761622379	-0.11895747329309966	0.3984162090355811	0.020195507764072168	-0.3105262744643843	0.0884570692564411	-0.6699884596162543	1.8149082417406717	-0.30348453963307037	0.8318801619832641	-0.6987203926682416	-1.5911206670708447	0.7023103990970212	0.7641361811923866	1.9492980277624683	2.5607116128116214	0.36933038734221013	-1.8195760993539571	1.442383958555742	1.0668746027658633	-0.9331241462006786	-0.17428044544366567	1.5737215101348236	-1.5306363887348962	0.03944486965071932	-0.37059234486840387	-0.69784653068408	-1.6072080071122654	0.9685235469356978	-0.19955621575394616	0.052899337079473224	-0.8867349451924482	-0.6962496058793635	0.2932506409166097	-0.2571087638970826	0.7042364909112133	0.5633039023890651	-0.46917450074818146	1.7698107157363172	-0.16169349764217367	-0.5789815304878478	-0.5785337321202255	0.4698329456941328	-0.15024328726412262	-0.15838279612948744	-0.2771979867141499	0.3004601031971608	-0.4605438387730668	0.30483451343086954	0.16881198449893972	0.013641850700426415	-0.06607572958143094	0.7870257155929891	0.2700736073914257	0.3409929325158565	0.16922589385266504	0.061268193915996146	0.5636054980820616	-0.25480943269389994	0.018188341461824232	0.17435900907862603	-0.011203161539664242	-0.052574479494045936	0.5392377814700312	0.3454362459831038	-0.3487147250312685	0.39004769605528955	-0.14235293329652757	-0.27238219651119633	-0.2632250347176068	0.7241161411621823
DTXSID9040502	15.24052567857579	8.94674208941895	-5.154026742950544	2.8520886089109756	3.0640476419845935	-5.805655671013859	7.353004226098734	2.259017244458787	1.483542547687064	0.3771182254761521	0.3582183534012149	1.857714358283873	-0.5613978005735677	2.3318371807958433	4.867939737696508	2.115905689068692	-4.056659392480327	1.6838468506631128	-2.2289556288972423	-0.5986377891357993	-2.4769597069149794	0.5297264554053329	1.6751173197325728	-2.332891491693262	4.692981320938547	0.2386493835129798	0.6170783596822659	-0.34553778329402973	0.8382813633020918	-3.371530169163805	2.0436731207065617	-0.451458989707281	0.6471727024993347	-4.410734475496863	0.2217818691586711	-2.683386955148074	0.031654186659641384	-0.45397849629863374	3.5553279886703497	1.5850297264928697	0.9977303462046305	-1.4429976799928594	1.3504258921024563	0.5614130455786601	0.5143575170773625	-1.8377721721534348	-1.8843384813909234	0.6841947422109698	0.17434561821195638	0.0417274746531617	0.21609894037442923	-2.1815549750072996	0.3776967959586844	0.34341442091195484	-1.885675096772588	2.0787061143357928	0.8828191175458463	2.05573774338585	0.6817616131849291	-1.1322878612976015	4.189025406913925	-1.115513053015353	3.452184886121249	-1.4002476883000186	-1.8152079530782463	0.8698214660524817	0.3577158492966815	0.8459801970580195	-1.2889759270460401	-0.6300763348531885	1.572151025295999	-1.6578771408687423	-0.03557902102318137	0.7073813588741512	1.0673820727945686	-0.8554532301125003	-0.7545209409797159	-0.5822907563124703	-0.8521197273812142	0.321157976357457	-0.5074157334980882	1.1669603667698527	-0.704121099870205	-0.8340912732344147	1.884131871367074	-0.343358477903804	0.2847107758685068	-1.3062798618580884	-1.3896623010920741	3.1632123575874407	-0.04524075965247818	-0.4923114941777195	0.9110705534104853	-1.8454859027100552	-1.0536909267146624	1.8945447164372822	-1.1501736436347674	0.7353002712598135	-2.5286832760254714	-1.3015693972374747
DTXSID1057826	-0.4027367281911183	0.6642570514282793	-1.1739015015534382	0.6937716121991703	-0.3916202320491929	-1.4366473368231176	-2.5835005515789744	-0.037216219711169896	-2.4890693125410834	-2.008098941114153	1.0077911365793852	-0.46044020539897484	1.5602950178715609	3.539165417277355	2.085056837448536	-1.2143248741340775	0.7016741640377998	1.084949601440354	1.7304446644937483	-0.1326432167154537	0.2940013888261603	-0.8162257668509697	-2.134723978253065	1.740478821549874	-0.2108639755036252	-0.6883789454241259	1.8275629540940879	0.3635047286269132	-0.10843028542445107	1.6291503278276878	1.2526032096955562	-0.7628559644864837	2.400968704591427	1.0986573374626563	-0.09215772281945267	-0.3467993463872641	0.940057101283575	-1.8029949584297773	1.3241398057589417	0.09102250496605206	-0.48534007810875035	0.2592654902558287	-0.837687137105622	0.9039202656852372	-1.342117529470264	-0.09144386147322131	0.04417708362999835	-0.8591679025180021	-0.2516801105510517	-0.8939702353703332	0.13918877966197796	-0.40696259806864976	-0.7010221717079491	0.28074890420277393	1.5107862238537122	-1.297310758322821	0.36948084942361675	-0.4316052183102704	0.2866134266247942	-0.3065068136117768	-0.5295888406489376	0.5424927015498711	-0.6157575915974927	-1.393047732058786	-0.8289174945292959	0.24128900554976787	0.03860714606146118	-0.11595835356875805	-0.3706019594977051	-0.6214953772559769	0.4630748539801361	-1.194676088838795	-0.0008191319799731616	-0.3984754636505351	1.0307649710745983	-0.1253565032812942	0.31232170370692974	-1.2913024547014849	0.05815497365674084	-0.7882654838411247	-0.4616068748166636	0.14439612462309798	-0.3787329982499262	-0.12051334117288923	0.38650524241858103	0.12489757864213889	0.3442133102205995	0.6369989354984891	-0.7900405005961811	0.3020896620789035	0.5917592236452228	0.28863592814873323	-0.1116833639656894	1.0427561543205934	0.05032299988152891	0.3943568237589311	-0.12047299185810512	0.06652849680530151	0.08516292326169918	0.24404322171219728
DTXSID0032077	-4.750759332726277	-4.103741489701989	-3.2908527375710364	-4.310663225481983	0.1316141219964509	0.803353464923	-2.6137562803576775	-1.7101132349748547	-2.548899362158241	1.190136510855191	-2.248598550130482	-3.4115280734033093	-4.8741096113509625	-3.875409569864301	1.5765217142556072	1.8127758496970219	-1.1936237986131701	-1.956367788882818	1.7003384217196305	-0.02756265693960049	-1.2566092511475795	-0.2964042352246386	0.38019093319066066	0.376434829852462	-0.39923660936822286	-0.940250557080246	0.9646037259827723	-1.1560757571896527	0.8354940204978474	0.7720077756723601	0.7939012370112181	-1.9402830567136713	0.6438305132587069	-0.44298279629743015	0.5401762107515997	0.4504962560538223	-0.6525759209979206	-0.03703301649112028	-0.0008809720343197903	0.5720639810724789	-0.14652092276628004	-0.07962401236700627	0.12802499061375902	0.2504712896620952	0.18785467448729404	0.37520767933549587	-0.28927169232647215	0.058838799203145276	0.0853953906507815	0.4993818080134494	0.1737389276825405	-0.23758248487891548	0.44305353653896823	0.2963880302179743	0.3599020972324744	0.2565902702766914	0.05338519573648009	0.1742093689066942	0.2646081687717278	0.6051356818177372	-0.23219725959345275	0.0458787111583019	-0.1442732207511833	0.6312294892964245	0.4442929923721087	-0.935991579440999	-0.675968691980943	-0.10131571324863507	0.4076070733124081	-0.31339831719782707	0.46974581521266096	-0.7485036164833772	-0.1418181717192753	-0.4725700060590308	0.33201039923545356	0.5352002882695956	0.5685344294950383	-0.13087273415547665	-0.19652273972081333	0.4950632062162334	0.6418575033763635	0.2795735323995655	-1.5052776151384368	-0.504698804413292	-0.6545425331691731	0.32716382189052196	-0.29814476162928716	-0.3008720575710404	0.1529978326313216	0.34701139698208266	0.035479311441783394	0.2995969636663942	-0.10358068406857997	0.09245814581298764	-0.8958387784502184	-0.389179037092023	-0.41273675902354856	-0.97785926612809	0.20337990839879544	0.09904463572071596
DTXSID0046723	29.66929873758724	-1.3574737447456995	-18.20129300230355	0.6274627125034609	2.2972498421882173	-3.5074615322586036	10.565272586290645	-4.336815687439606	-7.921320561120953	-1.7043475131450978	-3.3121429274998886	-0.8552431095839363	-5.81147817328386	-6.584856717401539	-4.695056362893494	3.5843696537851955	3.297270405842262	17.31578262138563	6.469289321801735	7.918683571061152	-4.798567622399951	6.196968794243885	5.515171657773884	-2.2489633774140723	-4.537689105784572	-0.6449981333598803	-4.2290054923596045	1.2527348041011248	-1.7784369727347522	0.2549547537349301	-1.2226346334017764	3.13064500917826	3.3318301065092766	-1.0114157104799573	0.14034747039386491	-1.7540357182959478	-1.008988144940185	1.4073355214485757	0.14728997219827725	-1.4061993717243109	-0.009147112259267964	0.13126592450992272	-0.7384077201580959	-1.4625585875625613	1.2996214940457667	1.309219796718348	-0.4879359399197707	0.7346292977592369	0.03339237172870429	-1.1498189820249274	-0.4369446023130811	1.003906118274832	-1.309942049703465	0.1337798953002218	0.962307396468052	0.13275028158489355	0.049548075853280714	1.8068128975181288	-0.9716086030528243	0.38273575609227023	-0.12324619291447948	0.7786738820599871	-2.374984790433263	-0.9684079705451293	1.1345857712623395	-0.759408413390629	-0.45347922924200806	1.442743276009878	2.9035782987969005	0.6379865987586845	1.4105932299410509	-3.686037452157861	1.2770534484585672	-0.6058624883323875	-0.13420622087215753	-2.6476624200815544	1.4089732270843074	2.024510424973794	1.169832706600418	1.477461573143789	-0.6971286619312682	2.2854541102006087	-2.357488453544912	-2.9666213896310767	0.07917186034637387	-0.3421228519118166	3.2786842426290255	-1.1347333164623215	-0.037125324138302204	1.1833672879437667	-1.011315853194273	1.678297951319476	-0.14950092319047384	-1.542423574620023	-0.009457749486265788	1.4240122882574024	0.08400654743192965	0.525343352863396	0.3986332797524817	-0.48702737991620504
DTXSID0021339	0.18319970738256214	-3.1497706298634807	-0.0939609979567945	0.017591876587848818	-2.913541789539895	0.24802899581756255	3.040484854431938	2.2030827750005892	2.0607762250097807	-1.2517232710104893	-0.1836103023939659	0.31198732252600897	-1.1102705265214377	-1.541104994655534	2.295910368110437	-0.6861617549767757	-1.4275804727086658	-0.047548402775458014	-0.9212770662467961	2.114441523222779	0.4108185081235135	1.1048582962942401	-1.860419226628772	-2.3677861958571245	2.677287615105783	-0.0564721877392395	0.6941977124213359	0.3992004186137878	0.014162763599777225	0.46189408781100705	1.1169724462144275	-0.425241800045564	-0.31222329803783616	-0.5823627737639706	-1.4581370070385635	-0.5942007077023825	-1.1299794828683452	-1.276252933863736	0.4576144710693167	0.5497857169631526	-0.016417025444569393	-0.7668917506659915	-0.7795232665738567	-0.5935498759344965	0.4859439050389476	0.06186535432727095	0.46126211711470233	0.9386180991732868	0.03173679180414818	-0.2759403582237843	-0.2847639054267215	-0.2809723312867994	-0.19500915916908443	-0.11729246456075877	1.071028872284021	-0.9289151294212329	-0.6545176200714053	0.11858928409047882	0.45522846226715835	-0.3197682801704043	0.9243072448690303	-0.35978597134430096	-0.8025897111670067	1.3163659346616183	0.3888611025429899	-0.19537723485844033	-0.041809626423779146	-0.19150859396935618	-1.118962577120778	-0.21497616375872966	0.04111435083946276	0.1261123411858904	-0.20215924378161906	-0.5494981293365561	0.7567331128345667	0.8066202774616653	-0.31426317377728663	0.09879584790869572	1.460122646716407	-0.22817067116382403	-0.47818242527023985	0.15164347552667976	1.0116948777927979	-1.0812457369204236	0.4457722417609679	-0.13287973919974594	-0.9346506514938843	-1.1714872990209595	0.6629741047139707	-0.6238934849458504	-0.4197787360014654	0.7203842405960369	-0.19180111325200902	0.2365305891452191	0.9321119340567658	-0.6246822095843757	-0.9393120562790502	0.2978213970889803	1.9525679520362758	-0.08596071402106295
DTXSID7020398	-0.5142619388037751	-0.10121857928488778	-5.214473004613344	0.42578102575655563	-1.045818559410327	-0.7992518338084235	-1.1514533974380576	-0.5562384528706602	-0.929300770839317	5.543693178005376	-0.907141415368921	-0.6193587512526875	-1.140082848580583	4.535659128302695	-1.9627917342011574	-2.2862282554434654	0.015804981585872648	-0.12731001496988065	1.7593597053345758	0.8693276938978848	0.22128368793063455	0.23582912355089464	-0.5990730245590985	0.419676940821129	-0.10880251845269724	-0.26099147444486337	0.20785860128187145	-0.7121573199117474	-0.5576897376099703	1.0261490662953565	1.2136656578659648	0.10905174815481009	1.315818282432024	0.3976975164635178	-0.412491799080772	-0.4890074355360232	0.8598478307247542	-0.4083875991844426	0.24440023364353153	0.35339506339400784	-0.3103274037218105	0.3550825538995044	0.6059089830407893	0.2725591149556394	-0.4561205625760279	-0.37106756472612806	0.13765281318039682	-0.2767348155583189	-0.5248378657957729	-0.5342344313728102	-0.1566124820431735	-0.23364277152042603	-0.5847685530614599	0.06702346999513872	0.027934339671855917	0.024733715317071428	0.02104739358123104	-0.48885989303666105	-0.3363384782480461	-0.6337880939870004	0.524940114581101	0.35116245899094495	0.13499717345538217	-0.6406108982009675	0.1366388716789152	0.07421343638461894	-0.0076557751905568915	-0.26553459501107735	-0.07970375933011112	-0.2920850655243676	-0.11522306648577235	-0.6855184531220098	-0.1989391588313556	-0.5673170715213957	0.42229905129015566	-0.7107586076780145	-0.7997612377824045	-0.5815312038726769	-0.19055482539565102	-0.05925143963160489	0.05069201449966148	-0.255695997640689	0.10016810740148202	0.287926495076378	1.0456114962834084	0.30756910361860446	-0.6964923347218378	1.328401125737104	0.05939942605125507	0.859351737371921	0.4951863237281456	-1.0023889070486505	0.7506930042414128	-0.09470238402454559	0.008879780875991557	-0.6676973963883515	0.09920913706522783	0.02821786638163344	-0.12036961920191917	0.4586951920198592
DTXSID5021384	-6.89890879696657	-2.2342874356203506	0.16092197014164045	-2.9484660404962386	-1.3700206202341503	4.01369396433561	-0.08994664425693305	1.2510729786910257	0.756381618451076	0.4960997204393942	0.21760802613209562	-0.3927972761935824	0.6133797595141112	-0.7096775714806366	-0.21446418917099153	0.4773014024352743	-1.0302912570983367	-0.3402416557327951	0.06991663128664373	-0.14446122248181534	-0.17360731232105192	0.25766934028980465	-0.3111553878683701	-0.6652081086387619	0.3776287815493562	-0.7976978044406263	-0.518984864100227	0.4197023329629297	0.0029337601431132236	0.08837071942031985	-0.0340098146325265	0.6293215732919288	0.9358306685570614	-0.1864127659332044	0.36283284817558525	-0.0005785311902621222	0.06918733399123009	-0.7528926094578008	0.11092562873681724	-0.24554981587796004	0.04003608239005922	-0.1097013202136672	-0.2511806923831082	-0.13183918086303054	-0.02896775118945917	0.12797539904096644	-0.2492075289431921	0.15088574344289962	0.3213205688484813	0.10685312700150609	0.02790082901171491	-0.24374214324464907	0.1646479403111061	0.036802547073919924	0.44068699923836	0.25299356572285825	0.1671680440867357	0.16799365406706873	0.007848202771941796	0.3336332009504374	-0.7632292511335845	0.038802611377936856	0.07106648545425276	-0.33766885428057214	-0.4597468055080011	0.14038990174622873	0.37972738002383627	0.14063369906397213	-0.5752422784553789	0.39355194628036677	0.2807946916932027	0.6494683526715449	-0.23405857318297738	-0.060726401354951255	-0.7692029116352782	-0.23937152456603794	-0.5514640412753719	-0.17876695299906487	-0.6025186682034331	0.0862211491431649	-0.2229130514756006	-1.3872249128159317	-0.6227404374410789	-0.9104488043648385	0.31489356630586257	0.6610415523403375	-0.1342577936210506	-0.7601122715503033	0.1488763348137693	-0.009803575843840721	0.07200336679738885	0.2414871481799991	-0.12221189973709438	-0.4765617490856263	0.8448408300873065	-0.048386997890460956	0.5616683151421415	0.04756889257949673	-0.22382231027404864	0.18523447965120043
DTXSID7048792	6.581095398061213	0.8504582630580977	-3.6834164569620214	1.7095281740803676	3.245248053138568	-2.4341474221950667	1.5122240585739308	1.3968885349069775	0.35584785136683544	-3.6157740387363524	-0.5578760051285202	-0.27347782402570026	-1.3593489619422683	1.9730154346333169	-0.5157357566886415	-0.6657405429798086	0.7363070890377612	-0.7026804811173908	-0.05732477685114452	0.30378450062202356	0.006787243134761327	-0.015598542358010215	0.7633754278195901	-0.06762819499837536	0.49251681041655954	-0.17835881388813177	1.1651881003958844	-0.15026034605754013	0.2140129466976062	-0.37657868085832186	-0.042179071585343744	0.1569435186707032	0.052168732487667416	-0.18835406075317523	-0.8057913793718586	-0.256535851776559	-0.8459412499566932	-0.030642572184135974	-1.109065825360544	-1.0687867509728781	0.7704750427287028	0.8855942802206926	-0.747167745490825	0.27973529534446157	0.2102990873103387	0.2992598102956787	0.769182057453746	-0.29079520503605216	-0.14956516115958446	-0.21394822440971092	-0.042770741470466465	0.09367603608550502	0.020956312068843987	-0.03403899892751501	-0.3977533298180741	-0.3002296302292926	-0.4302799539058835	0.8432139815917845	-0.8183912092260068	-0.05217559192960579	-0.26779145849435965	0.15334012781072615	0.09076219358175842	-0.14010382976285032	-0.41585504116727795	-1.0949756075975445	-1.4388632014499463	0.34878626157860093	0.9714537473393835	0.015024639465697234	-0.3039597641429212	-0.052971212065835535	1.4427428867674468	0.08630772000288742	-1.2901634909803368	0.10135712842602039	-0.3913372163053277	0.5150214786367132	0.4586902521179059	0.7946163697173483	0.7481788438778475	0.18929844217264152	0.5237752239166558	-0.6276023532151137	-0.45958162865668784	0.5778364399564268	0.8991158952841585	0.2500107403175331	1.3899703230287992	-0.19515356178710816	0.3425189570713216	-1.6631843971866556	-0.5409378386624525	0.12103465494745722	0.2642274829710229	0.20200506367209034	-0.35191617488302374	-0.07226090095910916	0.9488307357327378	-0.7603691591363555
DTXSID4038899	9.113248061221412	6.380332843306185	5.182492094516123	-1.562624794631425	-4.792091757492623	-2.154713281151375	-3.2051490465400714	-4.998974878869235	-0.8106230993700068	0.43895251873202334	-6.729279371180639	-0.6937376601610842	8.872356004884873	-1.629414022693502	1.2499419423260099	-0.6112570192638206	-3.3154074924641015	0.5885978431220381	-1.181628263994086	-0.5151707023022277	0.38316629591472834	1.259029434060611	1.2764442765897417	-3.1867223466826187	2.8491336963425486	-0.5017403955936336	-1.1007164657280974	-2.023933151253203	-0.7938726531535416	-0.6032423614897212	-1.834827719986293	1.3045289093460102	1.3148297617277198	1.5227592706163218	-1.7417110980224533	-0.43775617529317046	-1.2675944965452854	0.28376827207600486	-1.2799330576420493	-1.3471421517280517	0.8204276252360704	-0.06713323489689847	-0.7286895623690159	-1.3842220626680466	-0.5907591677967979	0.12459624562625889	-1.598799199292888	0.07930525818043607	-0.08646022170214905	0.25300455697656454	-0.17954046419823533	-0.7562681720969341	0.382163331942657	0.6663602102805812	0.18662980203955137	1.2010827897612606	1.566216308390167	1.23306835467	-0.4194035660553128	0.21112431185338953	-0.5556336827456565	1.2896238649196683	0.4836112116558703	0.24450200111673576	-0.09283479349699021	-1.7879694336817271	-0.42507205734344905	0.23964858698455452	1.3824686338451513	1.472635612429879	-1.0199081723621937	-0.5685763204651054	1.9764254977420515	-0.5248013753336878	-0.9383579679081842	0.6652737395620495	1.466193024094671	0.676347394653978	0.8349556645289654	-1.3219716302111393	-0.23445189571652483	-3.22797770071316	1.0487864233902202	0.43490155912555734	0.6916064125997569	0.047767138333832435	-1.5351321802448035	0.47353762201862626	-0.8660800467217242	-0.015279969325692455	-1.295787630727486	1.2501640127211082	2.090759219742477	1.056098018035996	-1.8791406620627722	-0.5570937036052168	0.03460284698115084	-0.8194185978466489	-0.6038776120367426	1.3778222898155046
DTXSID2022888	12.864441344108085	-3.5180160083994876	9.532252733924738	6.1013836895611595	8.456720711312139	4.290166285994923	-1.9138600644746366	-0.32752755185381105	-4.645963390714667	1.2934281864306731	2.2569923963760776	-1.5982805177866093	-0.8568389090065789	0.8142318532320619	0.6549263242402661	1.4690032502344528	-2.614519347309543	0.6424680680975671	-1.6276200656380124	2.162664720390743	-0.379733364996732	0.6225646114515846	-0.8469443588853961	-0.8463678815209014	1.390804920300766	2.1114004363058014	1.5278696233107603	-1.7174934182529338	-0.3735686830074864	0.9073057700837507	1.0329194929120515	1.4121060041905413	-0.35487527291428855	0.5114155500653211	3.0118560717000973	1.10794781406302	-0.07449806404247533	1.148330694686656	0.9322185825419597	0.6470888102777757	0.09480623377073563	0.2369838897678793	-1.2546627650318631	-2.430704010895091	-0.9848913588880512	0.6357722058739289	-0.38345994453943333	1.4686705091314964	-0.20613956125212726	0.2033019404329244	-0.008418948715515387	1.1232190687678727	-0.3621645897356518	0.2908600953601792	0.48654008435454	-0.7923351760062001	1.3846354055830035	-0.13666431274112648	-0.6781202868868452	-0.1398031672004911	-0.6171032505571454	-1.5897529696035095	-0.5049259658836233	-2.5927988750482327	1.0042783618726296	-0.03382955193661723	-0.09264483538814708	-0.3018413696454057	-0.5014793750870951	-0.9761259937790745	-1.4424698320711118	-0.11298913717826724	-0.4075625081239211	-0.3257780098800694	-0.6734594062232412	1.1324445065345803	0.10524751394711679	0.0824180765542218	0.2654514262019581	-1.393963011564394	-1.0480434686728584	-0.06250495941138938	0.3083050375422574	0.7781905887002324	0.19236178048914807	-0.6953044418784541	-2.7097365707980816	-1.7017447069370666	-1.4409425308490265	0.5253185121662169	-0.2467511917485686	0.488217843738873	0.13066506568351027	0.8991090361527714	-1.1456521955329482	-1.4119354635944905	0.7132027984128211	0.6396036479153966	-0.08967952251606369	-0.40973293002157685
DTXSID5044784	0.10389281379870068	-1.5934814129435022	1.0721748081218363	-1.6763935114014337	1.6122018616227543	-1.7922936651365935	-1.6229212845124477	0.5924483544836563	-0.7011633432844034	-2.3495527499851394	-0.8624187137007628	-0.08310582701506222	-1.443095407656519	2.6136130864513625	-0.8982754358537207	-0.2478438058860708	0.5208164665517506	-0.44197236654980626	0.45025008191092963	-0.742119068848841	0.5605425565985658	-0.12320855053780679	0.21265109353923362	-0.5923939427086816	0.9341002320143207	-0.6988927025171422	-1.2274663845386427	-0.2962141099330699	0.04990524379007569	-0.7663932352181398	-0.6323177228264841	0.5801565923027299	0.28895004023031734	-0.22617501848326596	-0.7806081441025842	-0.09527729981057334	0.012106128336548928	0.08858541082669376	-0.8934454311083064	-0.773351558765951	0.47634164846045396	-0.5267837239778043	-0.346989466141898	-0.10296228245662725	-0.46310890059601123	0.277500264983324	0.05427581906418488	0.20244790701612672	0.01889840438096746	-0.02858393586611248	-0.24457133268788206	-0.32129236667322014	0.13911434577927476	-0.2638899351189809	0.011510554062704898	0.14298832097054726	-0.3266398182581814	0.31059393574596045	-0.4084084210408099	-0.19253282337438482	-0.5626973604185915	0.20514315653067192	0.9778378398467837	0.5766404235130825	-0.577375864296878	-1.688933925703016	-0.14804446678529556	-0.15436378894032493	-0.36233342256741125	0.5632196792560787	0.23272795001777533	0.09502933540685556	1.0086521466705358	-0.2509168352550275	-1.1800339725122901	0.29107624340925503	-0.6347916256090657	-0.45245861484788485	0.394759606439383	-0.11459351233502045	0.07215924049582241	-0.10130864577692203	0.9151408462395917	-0.38326586158305354	-0.3946683621574014	-0.020750297178168762	-0.06531567805915206	-0.9741111712268825	-0.033616815297717685	0.540373037320562	0.388124301435221	0.43886982587740153	-0.24009207210218692	0.3880229655293234	-0.46417055077128055	0.22444817321545385	-0.45894593595841016	0.05927981565125307	0.045129042706990856	0.32859577627556436
DTXSID5047160	0.14611455760712017	-0.8247402779887315	4.250738100207533	-1.1090355570655241	0.6392905975200536	-1.5759684081495207	-0.19710154262590995	-0.33034325931013164	-0.01262490104941111	-0.5792616120342865	-0.5418767917852622	0.2249090684766993	-0.04226940668406257	1.1139196308940367	-0.21126356685290648	-0.06892627200143439	0.9759671848336464	0.1299199371430396	0.42274204883097033	-1.4917073750713785	-0.18930080836436333	-0.5475293889448146	1.8085125870385161	-0.26423540088025055	0.6240510212014556	-0.45123203668163087	-0.6232497470948096	-0.9845357188271381	0.013655164594575326	-0.4295063360606611	-0.6149027131895348	0.5360167753835078	0.49066640835717007	0.18934915276699202	-0.9402863760043559	-0.27711444060584145	0.7786835271495689	-0.39223810605837656	-1.2221187512804927	-0.8534998125199685	0.397694463424655	-0.26021526947746915	-0.19002423752751033	-0.2736558673194206	-0.12276186742434075	-0.35337334597101117	-0.5242651220501912	-0.32097851534355654	-0.011775158367883213	-0.04712448676780602	-0.0917167979888182	-0.6437009902486996	0.19004034119621552	-0.1635628773694181	-0.10680270753573143	0.3689598073135811	0.2228360875762679	0.10096440559014755	0.2500398330737506	0.45949221152868003	-0.4574536535782109	0.552286621344703	0.4471786626587658	0.2419428374819505	-0.7952625481577209	-0.4720711458313169	0.10239002953932937	-0.6563796178562611	0.22651019144454285	0.5610600385462755	0.10810101250039188	-0.19713462343580007	0.8911312422038977	0.19505572137991883	-0.08114438547824938	-0.2800628892185651	-0.5395268808848341	0.0721508111054459	0.1766904703189906	-0.13945011446128452	-0.012648385056912131	-0.2868639310267372	0.15305114451658236	-0.3180879864523996	-0.14031832228389615	0.07616534531614266	-0.12612950944047677	-0.5231601715401534	-0.3489136614819404	0.48473679008545123	0.34708247901248546	0.23996401273426793	-0.02950681702746163	-0.09900616436572016	-0.3598137298930819	-0.20227294313007946	0.31417664188782435	-0.15748518794206037	0.11634989966799672	0.28639139111764456
DTXSID7049267	-2.1148361354874727	-0.5250177621593501	0.4792680905812479	-0.7760949644294847	-0.7156178436274291	-0.7630625303772332	2.4331223818070553	-2.0942825228595616	-0.6477324119942415	-0.7766957966544394	-0.2757820090029656	-1.295575827851309	-0.9004148619184048	-1.6177280443437196	0.5851506402564155	-0.04461487899286159	-0.4948377272848365	-0.6190001499732238	-1.1117720075231845	0.4891423212889075	-1.8322314146062484	-1.259323721477957	1.4271218011669902	0.01947741828683372	0.9809979688634382	-2.818503709258286	0.46492052856427174	-0.7189921416971553	0.6260962659281684	0.16010062412471596	0.5408735543957168	-0.3005262710254904	1.4773537585881364	0.5468290257818795	0.9395760816042315	-0.14203848862900179	-0.33855554788151226	0.6814080483145233	-0.5004225689819812	0.040635662064779234	0.04603831032030538	-0.9936699998572998	1.0452630677607622	0.6905368801551817	-1.201664796333171	0.35897713109550294	0.5308663884565596	0.08796144628632376	0.8236352402768028	0.7930513519363545	0.34201401254059893	-0.0887721033055315	0.364723301924144	-0.3026215090140373	0.37545910639411517	0.19892101686573138	0.19332634787167688	-0.7452112162683692	0.1539977124819587	-0.752218286572152	-0.4392761302730441	-0.45521884628804915	0.5584144178927417	-0.7727350167127475	0.13873472531604172	-0.025971399614804668	-0.024749940701920305	1.7158266079127231	0.04141576008289438	0.6654970712617	-0.3366683566875195	0.2957484658861661	-0.20924102871559935	-0.2070033704544407	0.06414983941942491	0.42057219589960476	0.4558109189563868	0.41064532833160355	-0.4734845985435139	0.548089433651735	1.0627742811184073	-0.1547128379738947	0.41999798902127233	0.23467783080730745	-0.5794993336255172	-0.3658010443500831	0.7542605989443214	-0.13162561227280278	0.2753251908938561	-0.4016750266673051	-0.7400340710257295	0.5487791047064675	0.13673695500089714	0.13064288887219616	-0.018377378922402626	1.1097142995060099	0.4748285917312288	-0.06767278837454904	0.022084860221935936	0.6712506512996104
DTXSID2040234	4.922148008250595	3.049703362789702	-7.758556631732292	0.41766257773647814	1.845892181456195	-1.112816424016399	1.666227457658297	2.217921533327596	-5.31981812198005	3.82482256281939	5.819056307684174	-2.8555064584412313	2.8847942526689025	3.2394630013742245	0.1761126642907583	-4.053814396818842	-0.4640900239007746	-0.437053024257296	0.026906287878165687	2.015910838422372	-1.4828943679527187	1.1452024825359215	-1.9436894314480933	-0.6251225094454707	0.44720077206036557	0.46459442570619075	-0.5414296849904723	-2.270490739743924	-0.7697910022348998	0.7014965885085235	0.4342370680835593	1.2551320475600114	0.4694537358696285	-0.35774912545229426	-0.4744509232555489	-1.8918516795449782	1.5516627591519494	-0.3767991133388815	0.7810504035666505	-0.09066553323813956	-0.43732679555937537	1.3529697588467848	-1.778677736440964	-0.27632418008115767	0.9868181552034955	0.4516401522988596	0.07062631230766515	0.020605484483965972	-0.18178112016684808	0.13863685681618226	-0.15493466781459075	0.09781370050337644	-0.21897430426119727	0.03793478748794205	-0.14623248234984224	0.0789681921658498	0.44722748763816805	-0.7825041257333951	-1.1443890136220616	1.1618316166240938	-0.6349920757761954	-0.3361830256298355	-0.051574406240307555	0.6738673104897593	0.0885094713273554	-0.7613638349834811	-1.833230689324371	-0.7964622866672525	0.2196312109512972	1.5289098848269034	0.9618120998206791	-0.3135574178189919	0.3195991519773246	0.6273493994258034	0.3224674803608545	0.34899131340492595	-0.24905691115711212	-0.23010404048945318	0.3062514877726215	-0.4537408212697211	1.0834790300724586	0.4097720151993493	-0.5197460755837381	-0.5045050225488594	-0.25629621853102447	-0.04076093583108465	-0.44254092184267274	0.6529310159990862	0.4945613772994776	1.0536965045820794	-0.6386725782827635	0.8892453101288391	0.018173121113181482	0.2709096362953145	0.04766888650015055	0.23550477980595363	-0.49893984853013207	0.22507640261715756	-1.6963343683661225	0.5388916277488011
DTXSID9047174	6.396834826116822	0.649819045152925	1.2431701092235603	-3.7531755775374984	0.29864099278761724	-4.074430932988238	-2.1169696435781513	1.3341360199732213	-0.8366976912547893	-2.4202437130303247	-0.6152002116261241	0.7679013476018404	-1.7561040869194304	3.5139815616264003	-1.3146078162957606	0.07667925018687752	-0.24221327394530542	-0.6504166043885203	0.9545664116773194	-0.6537144651971178	0.6008203152876501	0.09057705940002941	-0.8351257534639928	-0.3116405563493742	0.0933639279676739	-0.02020969912269705	-0.8760814555467286	0.4716340023569297	0.20755326750813977	-0.9476778818695714	-0.3923355213575977	0.6504077120130687	-0.2057058524997863	-0.48155533577163945	-0.27570660859392876	0.39673469403809797	0.0853107209157162	0.3167284535899075	0.034217054342315055	0.05412535140033081	0.017756472449734342	-0.7285260644994299	0.3512439657896105	0.23295685301942026	-0.47215115640455985	0.07667439257050171	-0.12888711939976802	0.6781253417576596	0.18108482731038505	0.5378611130609917	-0.23779021792547125	0.3134834837344062	0.3475679980635185	-0.4876302272363421	0.21374350134217068	0.24667817939338016	-0.4687391247965265	0.03009933105504021	-0.1702600444951807	-0.25991798072363426	-0.3752693347038764	0.24985983819144456	0.7492208036844249	0.7742865969350782	-0.3621440849418135	-1.928895289803862	1.0488444029884914	-0.4735172647376825	-0.16987082316986987	0.26457451762508444	0.49226133676771	0.27444652369829486	-0.43510459807388885	-0.04221685738361207	-1.41418682779316	0.6556985575776839	0.03631057218536557	-0.33399017142555587	0.0756013425104242	0.027087775331373843	-0.30729898036461595	0.2111746215263487	0.34403697399897887	-0.1378577800511194	0.03903270076833671	-0.16207071535366321	-0.09850862749444778	0.17320004063972352	0.23705120086201512	-0.26657987055505006	-1.0871580050446628	-0.02121766645879133	-0.08780050852922415	0.5473138361310035	-0.26630312484072566	0.1951057772407687	-0.018158456378793503	0.13962148301184774	0.8551901507190173	-0.30958673007771625
DTXSID6045616	6.687265289380137	7.6565682044701475	1.1862797545478372	0.7625213085186998	-1.8202040008615228	-1.6408073383071509	0.9234782681010015	0.2008371081611821	3.6058746450053025	-0.8780826725205771	1.8426393775701795	0.8590696039304622	-1.3342846511152116	-0.6965698664637016	3.098181140517553	1.5143675143285003	-1.7293875370050962	0.3837584760810162	-1.05089317625835	-0.1019282024490294	-1.089709191536589	1.21701795860075	0.8629237047376276	-1.3338578388513964	1.7490326381919956	1.5306711503199983	2.058333314712833	-0.7854465123903664	0.3933368420476067	-2.413616570254446	-0.09237786790866384	0.06514272891644293	-0.2257885311367573	-4.448606698969158	-1.2594283456373074	-1.119027843956683	0.3982143788729753	-0.5375085863425966	5.356188204225176	0.36218364630699346	0.381451092973655	-2.0541095722583926	0.5733063469335504	0.7026709688129347	-0.8048800533954714	-2.1196560057508314	-1.7801600183545	0.4376916924777873	-0.33693016737537074	-0.2896099745810753	0.04288126583828597	-1.2710550284518	-0.008511255841232994	0.25707093247047264	-1.4752613112107171	2.3124984563777646	0.8655345792250322	1.456399585677974	0.4846635588752705	-1.2244852787015037	4.7517346237296385	0.1183326626691079	3.4048076756850385	-1.0366725903240928	-1.9963175126001211	0.7121308839516427	1.1288226191803468	1.9041072739328908	-1.2438441771182462	-1.942666509763618	0.5318937688556442	-3.1832761138154653	1.6057002778813054	0.8037139056920534	-1.2154901733150483	0.5394254872618206	0.7678296306911816	-0.8001226718288882	0.04497684629431424	0.45377032411496104	0.412902181770252	1.403768645534164	-1.0325805858037092	-0.5164987151532755	1.0253554446336066	0.2587522839495938	-1.0711886681288008	-0.9568064636695928	-0.6474475305132374	0.07462259140045566	-0.5794871188080929	-0.2984383145845035	0.29181014343574013	0.031203049999621542	0.5079975626011848	-0.006406294666493865	0.679838539148341	0.1792342594157621	0.020670009975748305	-0.7079069079461117
DTXSID9040342	-4.116200000891391	-4.422446351354969	0.10527987220435958	1.0584756834553002	0.23384675785283407	-0.09010125445156364	-0.4907948008894575	-0.21016559427774759	0.864690854331584	-3.0036174323713505	-0.9645276571581328	-0.2282272129748768	-1.4183557255595514	1.3544721331664424	-0.06951218327780768	-1.598698423781284	1.3685022366359547	-1.8177067019892104	1.45339886688985	-0.36928332538655756	0.6081955787662684	0.5902033893396169	1.890596795148641	-0.8768508103423719	0.8301032423148295	-0.6270779023892109	-1.1217350869183742	1.17408635100019	-0.21951046746819788	-0.61114721307142	-1.918967792436679	0.15223165062553573	0.8754765568822928	-1.9213759846928207	-0.9162337775986144	-1.4616960618536157	-1.2077141090580628	0.4699372280227005	0.42283320971964344	-0.7997297719571571	0.76845253370391	-0.08532762183562075	-0.832747051973363	-1.0290459794369518	1.0508192894297284	1.516748024081886	1.1273273184997894	-0.23077229874066177	-0.45667652959378846	-0.5495676925015768	-0.03259723909055037	-0.08625373541478625	0.4218113510402701	0.313647479344476	-0.15633422988397155	-1.0485498435252512	0.9903273875235762	-1.0633495861881057	-0.19908710415884293	1.5079645256673997	0.47566666337905994	-1.0028254202144111	-1.0748098933748074	-1.2033324477333647	-0.5892766805654893	2.6716122991722733	-0.960053393127269	0.2006700027315004	-1.8593889024318218	0.4257278270735765	-1.1196530744344584	-0.2192266360026252	-0.13213506313244508	-0.050572262840214065	2.707817305684047	1.3142840982636084	0.42570182901076176	0.484129852160615	-0.10762131964903823	-0.47142727060751083	0.011129124359367706	-0.14834476283461168	-0.5669421543286439	0.4863384005386495	0.543315749788704	-0.9327579583288255	-0.9373330060866909	1.3039792336783635	-0.5138456914683976	0.19672731003949293	-1.1840907841990704	-0.6618696769783826	0.020669126659539957	0.9338198514411965	0.2926950287099125	0.4012727821295421	1.5500529009296062	0.3005873364761687	0.4226196214376615	-0.3545929049436952
DTXSID5020154	-1.6917476381289847	4.341413111414291	-0.13940331763131097	1.7491643894712756	-2.6982993632332004	1.2474772930478681	-3.0831055456437646	-1.3110581727567434	-0.8075999404779691	-1.2923162954364082	-2.9593624591728136	-0.3169458571020188	3.885764429725186	0.2961534194261991	0.13640134743309112	-0.41207151012927895	-0.8789288854998644	0.26516288631117213	-0.7623113308802762	-0.1484106372719423	0.6137428325356209	0.29597737495057835	0.7907436088801879	0.2003826210215136	0.6061555942853449	0.7311010066927968	0.19821619165950224	-0.8904133225142727	-0.04413824842297831	-0.4866910830686493	-0.07687806023995727	-0.187778879782956	-1.1352853212699257	-0.30304862127134813	-0.2932907102993276	-0.2558188349749051	-0.8583428489742129	0.33174942400134744	-0.23982622115940275	0.5512126163873857	-0.06996590332939141	0.5001717829558289	-0.05057674512961576	0.46523043577768936	-0.2024150351634477	-0.07949000714157489	0.1646186433416019	-0.3428891518685273	-0.3308094359997036	0.339280528128138	-0.018270129382371273	-0.1116621940647379	0.3023929602478819	-0.08548985281191401	-0.2678356670947603	-0.5540590758848928	0.24092556830030984	-0.0982752879597858	-0.5502788003345963	-0.29092309829091245	0.4595922714340058	0.0422108389552686	-0.32699244725771637	0.8567500931028634	0.3242771482421304	-0.6725163302558632	0.22433936630277546	-0.5634452444241642	-0.0372979800725298	-0.6832201690814397	-0.16525955270937043	-0.5982634725963176	0.46264021533006777	0.3093340648054591	0.23221114376164603	0.7605285931083117	0.9269679454057634	-0.06403181843078715	-0.2575342389515538	0.24456379649378274	0.2280662607574417	-0.5715999239194058	0.08839719085580253	-0.058861737434310196	0.04824764905905895	0.16861475643896076	-0.21058303565343708	0.5177876933948162	-0.10301189147180685	-0.015919370252362775	0.07980256023089972	0.07101264258558468	-0.09388490141323298	0.16834432944759123	0.17344005240350058	0.07043305098465527	0.3493902485840499	0.11637961922375589	-0.09272343491671131	0.3126921639538411
DTXSID3044706	-3.407428978606909	-3.6340009984039336	-2.1767928968299777	2.369442714482629	2.9655040216598865	-1.9157181780973958	0.9966805042540916	2.9129638576112775	2.6470912285473953	1.4138795856962074	-2.4028200089415663	-1.3281427613510652	1.1488505909544555	0.363712702398162	1.5610406844993294	-0.6841744111123663	-0.02990726004824287	0.35482693839948704	0.4658879712236948	-0.6449085014502759	-0.863382982917332	-0.7573979775016031	0.8494237525396166	0.4308410303520168	-0.7487742148765892	-0.293646131086285	0.4573969980740832	0.5557498493639647	0.3387452999792707	0.060216923165673925	1.0532714917020791	-0.20414469195220236	-0.3672353295495188	-0.45995090979404823	-1.008171106804012	-0.7558639919091029	-0.9247860463762315	0.1164092568353237	0.48738844324818686	-0.02725634718790722	-0.3562843023092301	-1.085200035784236	-0.4903561850748113	-0.188386854719284	-0.4679261572821674	0.5019473531098352	0.8525691805584916	1.4655846163744408	0.23423614708853013	0.7120342823048667	-0.06396593823040025	1.0207075727662773	0.34194696655546714	0.19743046581725177	1.5299599978696783	-0.8539958167161079	-0.166195854616065	-0.2816461244207351	0.12209876279267255	-0.40519212336697924	0.450078127417102	-2.105647743763605	-0.7419074461550073	0.12607419341600487	-0.396484331199355	-0.9016833090880771	1.0090837048184187	-0.33546787993788413	-0.525700508884784	0.9714469523336422	0.4857444196763498	-1.2053480024725163	0.16223163683844777	-0.02015131620107067	0.13105916254739836	0.6323282747801963	-0.4791493453349863	-0.7916823675564093	0.7233326000290807	-1.7745672389714655	0.6583154438073032	0.5869621013523694	0.7029974942028362	0.14230638024917117	-0.4395627120679415	-0.19067924626060875	-1.6454023044634254	0.6682113302068053	0.8771513945112368	-0.5974286466844665	-0.2657315623832117	0.9405689399015726	1.5024874734620548	-1.1926652074886166	0.46782070023862377	-0.19393231286150747	-0.22560100403362424	0.3149548856838443	0.4738400562992886	-0.3697034736937116
DTXSID4022814	16.497329931037367	7.873234905369556	-3.0414665621693793	-3.7204542417035116	-3.8311395514305455	9.606496385532763	-2.182066481459566	7.971647069080481	-8.413561272704055	-1.2034685019319133	-5.0305559299745255	-1.0788353571186624	-2.977953111684746	-2.8576936568703224	1.9762537518623402	-0.6459481962886718	-0.7844281465007586	-3.929871390612856	4.3883936927123575	-0.8321735130512888	-0.43935762443409837	-1.346898142307377	1.4970257515188097	1.089396815961905	-1.3541487475000025	-3.730502146070207	-0.30302595651243075	-2.9827704900900742	0.19223676056883968	2.7452231480816818	-0.5279269587801012	-3.277756147357949	0.621159383540049	-0.4765759485088955	3.1996432168874396	0.16903924140610563	1.1303951626422633	-0.32964857802585057	1.7041943593835542	1.0159367040577574	-2.5325551557001433	0.9579749723955984	0.9382969043086115	1.3731911019460354	-1.0699974600960065	0.20446489555307198	-2.6369532349046265	0.7364763020258854	-0.9026414514946134	0.6769474610305324	0.7041804014808617	1.0044577957101963	1.3138383105863798	2.0378827831806414	0.8431259679517867	2.9203717089689682	3.5680287769485464	0.12803596778500181	0.10026816492589402	1.7363940740364068	-2.4630810185442806	-1.7867088453617817	-1.675820671562623	2.074377187326461	0.9617585789005436	3.586707369900114	0.8490076039561676	1.8370440249617095	-1.1757148874116903	3.9155107433181877	1.9047181863627318	-1.6397119679645238	0.9471918806442053	0.5002963434853543	1.4720529175017263	-0.37338431361713137	-2.2663015327517044	1.7303225047880386	-1.7167377373998014	1.296212982809791	-1.094668547129739	1.1208684724694362	-1.1320435435732499	-1.6851948675654302	0.6041533671270546	2.737461795325115	1.6591676427455866	-3.6300059094495807	-0.8814689767296168	-1.4328885893039924	1.0287112834377823	1.4200435303725845	0.5810544295192027	-3.701070077049935	1.3620906534214243	-0.6994716568879801	-0.609365444260715	0.750629540379394	1.529667259859709	0.3562451427263974
DTXSID4045921	10.984277526998868	0.5335116193865577	-1.055768553469271	3.5542554250527236	1.2909920724791564	0.6094129950779635	3.5649005273493883	0.5535545593806663	-1.6042270340363105	-1.506705404708411	1.9651432450153017	-0.9423014387608449	0.8666140325149476	1.9648604714614175	4.119016074774028	-1.6940031311273873	-2.2321356793895495	0.045993845044387686	0.026715812267382406	3.7578221636616855	0.9138318769501097	-0.6134590183472037	-0.16885061756975156	1.5694485411868906	0.16434600577659567	-0.9953938942907332	0.8335847673118193	1.5286950442469984	1.0564271196862605	0.8230376507809405	1.577725462207518	-2.2172779368017483	0.25672462942744584	-1.9171127886678903	-1.1284029266674014	1.3429842254067086	0.15437161266478655	-0.19470755749216456	-1.3517934223610686	-1.5644757907558868	0.2583565591403235	-0.5125315198393602	2.461687527832534	2.2227138950536447	-0.8637013993262904	-0.19019246484274407	0.6888848842277091	-0.29067636783622347	0.7171929426002797	-0.4673254768594538	0.7486669734559204	0.467434675543326	0.26102856195919044	0.6377773968894921	0.9530612096247836	-1.9631865001152289	-1.7736993880055711	0.2661014253944137	2.6776817989985013	1.0736813380603862	2.2250030697226912	3.7778210504782384	-2.0717574039563895	0.28807950436453195	-0.23087324117174488	0.7604533340879757	-0.06333302317261888	2.0964845821906692	0.4250137370268586	3.5332377180630834	4.214809900170935	0.8839567238105873	-0.20094990904989013	-1.5589196003721997	0.15536297065456023	2.1499255933725037	0.4582792074648354	-1.5171930120066641	-2.1048036710049014	-0.891131880675454	-0.8387575173828589	-1.5078666183893847	-1.7011950462295369	1.878713758838276	1.410219425631215	-3.025530512792274	0.39142437613682707	1.1411523848765557	-1.2120388644900368	-0.31743849413998965	1.1152704613833149	0.9871718855783783	0.26982760687662405	0.1952478271377919	0.8660619942534231	0.5581117649545534	0.22579618038999577	0.5268298920136647	0.38206491655820246	-0.2673325159767759
DTXSID8026773	-5.764131254005486	-4.7373778989419195	-0.3518489224983391	0.23516134152779186	-1.3730966132783724	-0.29177780248379864	-0.7656202046310893	-0.44464692421069363	-0.15697532285229762	0.4590613594602584	-0.3016068295838037	-0.06123274068089178	0.33007256695230014	0.18469736338987128	0.07552690019325811	0.4728879295872864	0.2798556862001633	0.7072316827688933	-0.3753021986562073	-0.8958780527821139	0.13879116470115246	-0.6612376110542465	0.3210267481174167	0.08497071730537888	-0.912361681201439	0.16700390909966847	0.13615661768247247	0.06788040920515147	0.38441007488652085	-0.5935759389337599	0.6787143425180242	0.17332611928817937	-0.15943429773164075	-0.6487440665928146	-0.07810156356118696	0.15651391184639976	0.044681789919612074	0.7284446435657406	-0.29613919370218084	-0.4022355512404787	0.21718409094416408	0.2822560457601368	-0.2585352545523976	0.37256927136088946	-0.12161390265609878	0.452705554304668	0.42060085613981335	-0.3559634386441444	0.010919143106164752	-0.10459126614565567	0.03771093736654471	-0.03953259175410941	-0.0402389758752626	0.017930108291370095	-0.3312076799695463	-0.3129544569600311	0.10901321159198685	0.08709992718428095	-0.4984573221855529	0.3005160979654767	-0.11809400137159441	-0.17834965193386845	0.2871343234357845	-0.24102806045616343	-0.7284735009285458	-0.02537722847430519	-0.0007750191964649516	0.23923740859874812	-0.3912136317106241	0.29760859733854395	-0.013569650064791713	-0.021602582912541066	0.3850710568591992	-0.2929234503284783	0.3915335300704633	-0.10208558357203316	-0.5419963630828506	-0.22484639770897313	-0.1071864986556117	0.08151902216398627	-0.07847070290406591	0.18702736679809906	-0.05642091866108268	-0.3442278761957969	0.016382275167452796	0.14537375769745045	0.7325564513343847	-0.36570706468164926	-0.2696444589005936	-0.0871658099522905	0.12495615597185178	0.10095088140710377	-0.039355725899451625	-0.2754754501929401	0.011485418761421921	-0.19385056249892732	-0.17543694362191894	-0.27291210138096655	-0.3554923099065791	0.4050588867158045
DTXSID4045210	4.707420759576375	1.001050003229238	-1.2160876201055844	-1.719728341212621	1.049266284630574	-1.8919094131347751	0.9129238869277094	2.0471750045852573	-0.30980618082117656	-0.27252814480889764	-2.3883854110695553	0.4340847930280513	-0.3655875111938173	1.7209927056608754	2.3176277319042287	0.2948303414811811	-0.4816889192983307	1.7681570089576693	-1.5950641101073508	-1.2086536891736819	1.9388847071010074	-1.6353137219499494	-1.2437330599486245	0.267595931335376	0.9375136650745677	0.4369582558019377	1.4794750491189992	1.3535572039136177	-0.7107816077368913	-0.8883669075294173	-0.7789631307587803	-0.8328641542316774	1.3994657462047246	1.6289700204039843	-2.14223818810522	-1.4275625023699103	-0.12529251069694514	-0.8382628938974092	-0.02630675835925978	3.380694420673146	2.1661204356682253	-2.463647231053596	0.7163476310483279	1.1261905538629713	0.5942005023133708	-1.2533305834066895	2.960615898535387	-1.3302655542686506	1.7190621781300373	-1.7069219213868214	0.41515797490428835	2.6339599841442687	0.5572155890863473	-1.4210309551492337	2.618863962229163	3.807605628110641	0.353467556342972	3.570218373892396	-1.618651967044447	1.0584927805221849	-1.3234081886988713	-0.8037056545583455	-3.1329051593951873	-3.782804326119234	-0.018085607739122735	1.4343490861605646	0.3749781388849968	0.03729241098026832	1.0317082741007408	-0.24935363310194986	2.0600951936087064	-0.41033921232382936	-1.0741032604130953	-1.1794072552588202	-0.5286644225919351	0.06306946220704904	0.8878660918552042	0.9765811771843923	-0.06056713172428789	0.1861587455024412	-0.3383440635538071	1.1106744374939814	0.061209957806251575	1.1542386542801777	-0.10712402125399714	-0.250543604065686	0.893126901886763	0.3464238794819154	-1.883319248550465	1.6107517822065973	0.5646514292866787	0.8827424316710585	0.7061605960461272	-0.5999101237245551	0.14045991818756157	-0.6257691579142133	-0.6801131762976533	-0.4304485390695827	0.2039305917877319	-0.7833704850352182
DTXSID3046613	-0.4893102034558892	-1.919619357719335	-4.154862615985592	-10.217117160020713	1.7936630574553203	10.218562287559747	0.2663871368058468	-4.2392955568711645	8.162076368571771	-0.21796636944203815	3.2612599033797034	-1.0162170314753636	2.8779941688481636	5.095506455334266	0.03608808947784671	2.3758570501083534	-2.7366509706303805	-0.09147705489455693	2.35672298328743	-0.3122217667316054	-2.1017176200965992	1.420394032720582	-0.2470019371002207	-0.5724878807342605	0.46938149360559794	-0.22816514891311485	-0.7076746553822815	-0.6423308332414316	0.6275956849594827	-0.27580124229804986	0.1293156435126428	-1.0077017354117923	-0.5749744590545591	0.3356149764819012	0.05636827749133748	0.773885943167369	0.04861654893569511	0.06090260156937202	0.09206530803319414	0.37692252851199465	0.5523561254561515	0.07192664967126726	-0.4074469045070478	-0.23865777885351838	-0.07529034090335457	0.7612317709481949	-0.6453671954123534	0.23022924479995927	-0.047375658978521695	0.17925886257580492	-0.06605677420043243	0.006981838255351238	-0.43258027628750595	0.17813571650767943	0.36898472469029564	0.24372256073940587	0.02837229357590713	0.8871267058117538	-0.73913898399699	0.3727453776217221	-0.4203204923122361	0.5138849150448725	-0.2723360019232326	-0.43377324740294365	-0.22269458410293932	-0.40953806054321407	0.07547888913915247	-0.20399246841927837	0.028756555905165977	-0.5785843633255455	-0.29822931895074484	-0.0652590198830268	-0.18172530865012085	0.5837225824609911	0.019489580970284127	0.07823510249006443	0.47877407693460833	0.2793819478209925	0.2771472531136937	0.11324078915967074	0.45770468624848076	-0.0768560275859227	0.02217162337163006	0.14404856384154124	-0.5602250915667217	0.4481369371118267	-0.1299691637347429	-0.2752283397553395	0.3391510739661485	-0.5290429053051782	0.9286142601330695	-0.16354598132357495	-0.15369174115382253	0.5400862723003174	-0.41386433238501674	-0.2983737455524775	0.4830234471448176	0.06969602062545997	0.1165299433386072	-0.11006985702427427
DTXSID6047369	20.423699511640855	7.724743654500315	-3.248860173807874	-0.9274540262700159	3.3023862462292626	-0.9509338575155095	2.386899259741049	1.2026933229027486	-4.258718947977493	-1.611007548931603	3.9083326480071787	-0.16277394182246255	5.021855559851806	3.2143583973061407	2.38941086473279	-3.184601281772865	0.44819614792370555	0.18007495497174109	2.8949396212263716	-0.2862100314605995	-2.8369136409338567	-1.1075141774047064	-0.8246909991189986	0.7320337674462893	0.6485842405111596	0.9338877420744814	0.038773163749987224	3.1798480482461065	-0.4160530966015163	2.160648271406036	-0.616093209188931	-2.0986179655050727	3.568220392499109	3.2370644908448214	2.2666670956061976	0.6655159138073333	3.64976256666144	1.6200862688502782	1.9936547886709362	-0.012695669999545323	-4.156174513792798	-0.3289052281721657	-2.682190036151403	-1.116551077942939	-0.5246146865505162	-0.2685336936901612	-0.018742733476911695	-2.006881172448473	-0.07281494382047587	-0.18928313246739376	0.7715742466286174	0.17201833503545216	-1.175003333107234	-0.9128956768481964	3.8993154441070654	-1.0174433780794983	1.8530967699550194	1.391915155936552	2.1814393730971324	-0.5421744521520068	-0.6540271477791104	0.8761819209541765	0.3168543747729291	-1.7748941398560845	-0.21297232148090717	-0.620835701704279	-0.7638796647003074	1.985555690678502	-0.42064470495315653	-0.8455773527922295	1.1682451188768113	-0.516143868797108	-1.373041985039498	2.4477577806125304	2.170984205731157	-1.4661823952893072	-0.6858927587845843	-1.9604971334045023	-0.529619372307616	-0.058137398945612005	-0.5890187140974065	1.7217648109025911	0.5358044099537422	-0.2236211600590543	0.9101039538325564	-1.140603024020729	0.581129320686189	0.30506596900121513	-1.9148539943899434	1.3364640482882053	-0.6609021760827526	0.22950364145002666	0.3701013800238827	0.0608817286382709	-0.9600986161286099	-0.5626853984651856	0.6805227660242182	-0.10205423712156035	-1.296313050094887	-0.5552271813659911
DTXSID5044239	26.38352118703822	9.478665338860562	-8.607042359019827	0.5363489829646738	1.4744641443804805	-8.64869112207241	-8.919950656643595	-0.7789545727251906	-5.381445595872169	0.7362330992059238	-3.8590133083898146	-1.9741761401710836	12.413178748534504	3.6816683639224053	3.4287219152156845	0.2500365574297445	-2.6873339078108716	1.7448540543598043	0.3980700872730836	-1.1369911911266648	0.9735332933586349	0.8141551557462069	-1.0394253166898213	0.40393799881971126	0.8562644705190283	0.7918972696649438	2.110926050308866	0.03387480326555567	-0.569213356527704	0.9753480440816129	-1.5081612044483124	0.4886744501491394	0.9284542933590331	1.257008964148563	1.3567865023460297	-0.2672026833865246	-0.1653086492357137	-2.054907767838093	0.7929768140854032	-0.6464401059297856	-0.23726583013830782	1.90503376183994	-0.5088312741392452	3.1501038424658483	-0.4095001608261633	-0.19015807516196193	0.019823709643653372	-1.2812192450789202	-0.7773014210738637	0.7762464290962581	0.34085643791540166	-0.6517864561102994	0.6304225252693512	0.7774156516805022	0.8375470989844175	-1.2440450795993472	0.7435047019185921	-0.7313840172805331	-0.6585078586763996	0.6649160884174314	-1.1812945314164456	0.6932829509442798	-0.830066638482549	-0.4643318429141614	-0.904384868757562	-1.3613326775449017	-0.16597165802168207	0.4170062373303344	0.9328425310070377	-0.09970409337197582	-1.7805304323627253	-1.2878354051792953	0.13950476299455078	2.051254595214985	1.7937675847189993	0.7743967425894649	-1.3812972476709824	-1.9262598623828193	-2.2526725582279172	-2.457278414611869	0.49600944659177193	-1.1428010633340884	0.5731226090494774	0.9299886672801765	1.2190018457714267	0.19983374988789268	0.6733780299924184	0.13563082067450805	-3.5728163450252413	1.3674479291524608	-1.5056893379276335	-0.08681741724277402	0.6561093885032926	-1.9140901758135727	1.4676733860037556	-0.11199407117050286	-0.7616782553310467	-0.9288236810998848	-0.7295391551198598	-0.04337162688320216
DTXSID9021059	-4.146119088140981	-3.6772167976462766	-0.9563374524841542	1.247846840781587	-0.12846166745455995	-1.3905714695244522	1.9237470292896666	0.975286529496857	1.029070570074243	-0.07904089557101152	-0.3456750277968249	1.0937455848742632	-0.21116139483789786	0.310160616444381	3.695491894020613	1.5618218632704242	-1.5924814148536923	0.33354612952124535	-0.6930266680486435	0.44197489298687065	-0.7976665116706616	1.5986991258734593	0.26591110366485293	-1.952192988883283	1.0049562966677759	1.3462160199662876	2.4219430500337915	1.7683900454621146	1.6096461633507755	-3.116247386737007	0.1861929016902321	0.1581031605796267	-1.2505946651604956	-5.245031171961711	-0.7222711433613815	0.24456551471284807	0.21831766536547886	-3.815381638714303	3.162306026925823	1.126686335543775	-3.494150890932016	-4.154263192753879	-3.9190471669924993	0.6118484717987812	-0.02919526100558764	-2.048572549741723	0.9226149949938788	5.529792117080773	-1.5244417962611965	-4.379916211488605	-0.9016219253993061	-0.2897118063064335	1.7979372943793808	0.7781358128252462	-4.856381106851592	4.838383146129145	5.493434584417411	-1.8792669345411526	1.0188294366227533	-2.73149636762093	3.9364146794646353	4.13823858490416	3.6317084706596856	-2.2670906060769602	-1.0630689324090652	-0.31719374593559013	0.01643797338525099	2.445148764745144	-0.38253077725260604	-1.4211572965755566	1.6234300497421228	-2.881667017568563	0.7705004627530664	0.8416182802891937	-0.361828012105198	-0.6244254947211337	0.560395469126972	-0.4611335133160395	-1.0615231656144992	-0.12130076426245125	0.5315384158721315	0.8312361014974644	-1.4156237946609578	1.915647783121079	0.635560525882531	1.078260569879527	0.10838357695083789	-0.6157171095142312	0.7019055596268425	0.3958354531564573	1.0464720822955975	-0.11003609236079688	0.9241742919392981	-0.7505641551294671	-0.801701380691107	1.848846304594708	0.3494046918193509	0.11229017530613056	0.027409418759414828	-0.36009429858496544
DTXSID0027149	-6.365506874234442	-3.6351925178222935	-1.505701734361302	0.731063892838303	1.291140947796685	0.11660675329077358	-1.1616835943063977	-1.086770935419187	-2.0955819669449816	-0.278858441370148	2.3622434520618305	0.4603560772785173	2.6351945189852097	0.47853634717648225	2.295427851801577	2.0815128496183952	4.237741494908361	-2.0450880671652625	1.0061318226860525	1.7257805698981894	-0.7108809683374476	-1.2175754295830419	-0.28459204220215284	-0.10755454613686534	-0.2996796911003699	1.013708582902415	-0.8979145157764404	-0.4208528887220915	-1.5600028547394493	0.9495634015846588	0.8030981349888697	0.5675259533678124	0.7844859255738003	-0.2178998502352883	0.3507257985428983	-1.5545442778393612	-0.051160451223793306	0.6527879035847982	0.37227772194819553	0.7537028907670988	0.28300292391875	0.04308209441283377	-1.4068813488435257	0.17235056782041047	0.38888412167685144	-1.398749016024546	-0.027488480967925374	-0.49353533297694835	0.16213610205094814	-0.404226749409415	0.27101765352109825	-0.3645525643926374	-0.41726324266866843	-0.0806783890821819	-0.584877476857233	0.15935454398149798	0.8678405112202893	-0.3219430224692382	1.0763671728270903	0.212164329084009	0.4952301712910363	-1.1547885728303515	-0.9712253810275198	0.48667592469514875	-0.047421358169174546	-0.3971746329224704	-0.36070915027703143	0.43547147713718937	-0.07001941858397608	0.61913844609564	-0.5413904727704297	-0.07422446960440594	-0.8851253242439164	-1.0241457410014487	-1.261724800187411	-0.1859326232097469	0.03261717036126953	-0.21648987184232488	-0.007175089353316563	-0.4115517877239836	0.10882061874748909	-0.09171693077261821	-0.05163989105371749	0.0932705162052078	0.43167810670204315	-0.28665290250564696	-0.15709100981803523	-0.18174544579037272	-0.14041137435979995	0.45203555666139	-0.07013031237011248	-0.1607721263338273	-0.14158767130459693	-0.059677559949502815	0.1338504230507575	-0.2366645853819625	-0.060753806274593244	-0.07746439923162902	0.16824105943315967	-0.10449852932238737
DTXSID0025074	-2.835405967190226	-0.08270120858840571	-3.300908591945591	1.7215412626505198	-1.2958206812960347	0.3209060220128855	-5.363722987844513	-4.280431394548051	-3.80274901189232	-1.7205131386215604	-3.4641315011107228	-1.6771570468687569	8.31872535532817	-0.4758199658249696	2.032752525128581	-2.3518694039710852	-1.5001721752211894	-0.0871618434336966	-0.6297910890233362	1.1349925680967337	0.617892117397578	1.3572268690094178	0.2223801614368162	-0.2364822934749305	0.9603087769318727	0.3605394493619264	0.18576402481022086	0.8514124019680359	-0.15231589641300688	-0.4392428430570379	-0.3699233329058012	0.03384167953454556	-0.21370811385642224	-0.9117514591002119	-0.4897373407264653	0.1998223702514458	-1.7987639249358869	0.09444124206296224	-0.9262280524131381	-0.4917157480369952	0.6199160242100965	0.10263110750439366	1.6174841620064615	-0.372785689855057	0.20508209854815762	-0.4184209593123804	-0.6594982331173118	0.8891568694460041	-0.4420378655806142	0.09218284352877715	0.20975552361023378	0.33433784743636935	0.6778520460738777	0.87283745447135	0.06059750264889734	0.2994095754801182	0.17868422165845135	1.1608235467484127	0.8107433070925896	0.004601667839611421	0.9399929420337294	1.1389843278643488	-1.2140234327049078	0.362721547368698	0.6424771948037863	0.2168665939737919	0.9229695123022877	-0.948474147548692	-0.2706883968637611	-0.1762150119919562	-0.32453954564799425	-0.633246987761547	0.4893568242779129	-0.16702859618737884	-0.5421600582958388	0.30153308394801465	-0.6085623568183002	-0.49381748808635756	-0.14124200482514498	0.025699566179959093	-0.1161153457586311	-0.3606767319653068	0.8146784110707517	-0.02659887344924762	-0.007668493648214372	-0.3524932738092879	-0.1792742672626978	0.17670064635966953	-0.17261293008554865	0.015333315065563787	-0.44660182133241005	-0.2315688805286007	0.04341130457260682	0.06853113477554777	-0.6914906473515723	-0.5069167106453609	0.11825524181234211	0.15294455357457337	0.24135164904145395	0.06617663950975164
DTXSID9029221	-3.4314464298640366	-0.5532737521638077	-2.2721744428000994	0.10014704791669517	0.5189335087083379	1.5770885347570403	0.9190282807560269	1.4549674630131262	-3.089941778878699	-2.0853871654265372	3.0488183930622763	-1.1917090749135462	1.7981088682036137	-1.0438132443087773	0.38342727780418767	-2.4015744187636643	0.9018305191650274	-0.34255288276899143	-1.15229155377448	0.9381093471770462	-0.2537950855516097	-0.7618945240827024	0.11635675259986318	0.851991404443544	0.04811758215072582	-2.189581256242035	-0.550162188264693	-0.03835061386491828	0.9532506635627573	-0.6996782791085071	0.9162799487626748	-0.5137872914867144	-0.21945495421300906	-1.2685660502011846	-0.5863436910885901	0.6112917830832091	-0.8529548465331077	0.4885995053227894	-1.6939741406276982	-0.37432719593698044	0.4494645839155088	-0.4320005041831736	1.8645741078659355	-0.3411587254517628	-0.48880397745008347	-0.2761787622843658	-0.9428888131230794	0.7571318826393068	0.4177851638224103	0.22290336172357117	0.3024395361530722	0.512223476039444	0.012273130401585538	0.20346275891082374	-0.1532172872980558	0.12681274386889113	0.35981717713675043	0.5428807780947892	1.0034198332305104	-0.2623948802093149	0.6507010183785791	0.4056497184113225	-0.30547988666782655	-0.9693457390039392	0.32262908241104027	0.9952911453673914	0.4179735570635282	-0.2909615322056259	1.0325548102375153	0.28980649488623317	0.013314582427353897	0.28691177207329494	0.2408391845577045	0.15251161227191082	-0.566960559743081	-0.09804682894257123	0.085064485845897	0.2414964681851744	-0.15215497616631327	0.24320403913763727	0.43424359629155607	0.3036634314335991	0.15659124971493088	0.42381549130035395	-0.25657486253586087	-0.0754895509017384	-0.17537003257559508	-0.3559262912901842	0.13655356752028977	-0.13569248164313427	-0.3770276607338451	-0.0918777413266476	-0.09389378449469417	0.46120409789793704	0.26295228403436216	0.3482654675462545	0.2925645529740428	0.05604202157813188	0.2164352419531555	-0.28961980988651914
DTXSID9041075	0.4354841617250347	0.545927432879908	-1.8467744980673153	-0.3885778294855032	0.22480637510568838	-1.785429491033278	-0.29280097132387567	1.4061828109414918	0.3501149868009943	-1.1380113525190194	-1.2353285922276656	-0.20655863258979482	-0.9832991732590687	1.7508261555064109	3.5752048743356863	1.0874575760243286	-2.5898379447575466	-0.2721237700797839	0.20324156465750637	1.2229280744221143	0.023349193896987037	-1.1736950713030212	-0.5318973199024939	1.7211136276879417	-2.8298164624809834	-0.981674509743927	0.8637713029581344	0.7408889628275891	-0.8170467819593067	0.20279584519607968	0.24582576379486137	-0.21810381761452155	0.8494283111191184	1.0115386089649707	0.2095765879098364	-0.586098047934616	-0.9169189582923901	-0.7036848089544551	-0.41678752386402224	0.037084369784107056	-0.6944730276669713	-0.18090256195297902	0.24941830344633242	-0.4130448394736189	-0.1499458453340122	-0.005575867915702599	-0.21682602968996828	0.2552917446194029	0.04706571315129727	0.2681768168904615	-0.1746046040459224	0.007147685554172779	0.43980081085112177	-0.5359295792891484	-0.406746331925467	0.7205507620024002	-0.04687122293864933	0.2251240104287847	-0.7143160886639383	-0.029546933499910243	-0.08236213130935012	-1.4917280471048415	0.27063909585688023	-0.14743797539108408	0.41547257294278944	-0.4750519094028744	-0.7947438486227847	-0.03811907397158749	-1.1562941285345174	0.20192252141825892	-1.1160231136732355	-1.8267412963862772	0.29222376845395237	2.34359257062549	-0.25835036689839186	1.0104394321161547	-0.39127619958820375	1.0750556568864178	-0.8692420832296397	-1.0622261422683554	-1.373491044117685	-0.1105391547860866	0.0019652447477784087	-1.8663345414928094	-1.1711686972402804	-1.823256081542659	1.2711814354642867	-0.1224348764798378	0.45284320347805546	-2.0772363845261137	0.44181003393677726	0.2462426576070371	-0.08014892765209085	0.5512360131551195	0.22774974436943754	-0.6354406940912863	0.7338376653857056	0.2254010961584917	0.5911060052361543	-0.6374206680700898
DTXSID9036438	3.093091711146952	5.509054198531116	-0.9878744529043691	2.582045396863496	-2.904597436230447	0.3221531807846526	2.006350455004822	-2.024600678873403	-2.2899293643847938	-1.7643789148072615	-3.2947477147916566	-0.3431818502961997	4.73738994615687	-0.40421911058937193	0.6876655735444368	-0.43134644102520014	-1.9613867023007812	-0.02350221675664618	-0.8660344183742397	-0.09014725085019405	-1.6014049180659586	0.0345464065249324	0.16234281231975128	-1.2232915971933183	0.7983879034302824	0.6595986647721531	-0.8408365886412581	-0.10339230562551431	0.1752445153451022	-0.9036738438300896	-0.9261388950129011	0.4279152804659702	0.12796391363619095	0.2548158851299879	0.14933663349202478	-0.17861564445971834	0.1574644615151021	0.5587121486320118	-0.42104345352007394	-0.6069942838140635	-0.13862109180958332	0.21315531035809512	-1.1222706254125485	-0.8621516156741763	0.1009791043057205	0.7687557702180913	-0.3995545511589924	-0.44421023627593276	0.046765763976549836	-0.3933327661157651	-0.06059511862459171	0.12091318152077071	0.006915533003747891	0.13438800959753125	-0.037451637236747104	-0.14355454278360763	0.20272256757370377	0.8510042637222871	-0.09690201657713597	0.039785614085899104	-0.036364281041467064	0.8463181533626947	-0.42315642139894044	0.4351312992473772	-0.2843753794019024	-0.6327291767663612	-0.23297174345649457	-0.5790834221931566	0.6596899857984463	0.642352996850792	0.7394937180638792	-0.9543865795500245	0.46635989000567274	-0.08127738802268694	-0.2107149034375257	0.4688367614922686	0.5042119329995152	0.6391757030814911	2.0453420546845718	-1.3986918134608275	-0.5520884506093569	0.6898321662183791	-0.7992288851235224	-0.6129289292809206	0.022478570387728446	-0.8888744615805135	-0.18777716737355457	0.5088774057508731	0.134189762254919	1.0228643333414518	0.5075476084989157	0.7167936864585301	-0.40902379901620467	0.40201304638076013	-0.009868858156691052	-0.9243732187019286	1.1503162069688861	0.1136191415914769	-0.12318500663167621	0.3708968402335353
DTXSID2047935	-2.1750634184855016	-0.08834936869675217	1.2079194812759582	-1.397973966838099	-0.914571074499842	-1.3844570563266683	2.3051103542249822	-1.8279068842405282	-0.03843130952965101	-1.0569990596143768	0.41798876805044516	-0.8851948358073112	-0.2616831307727677	-1.8327544840178143	-0.6345381371793769	-0.11433233612525315	-0.6156972285081586	-0.7577228411410396	-1.2487623720183936	1.0658561722625934	-1.5219219368149954	-0.6958972779018024	0.7223067391550779	-0.04675936490502154	0.7105848781071762	-2.1799157242812384	0.758836775779714	-0.02611390366575442	0.8341430725506701	0.08764547673412168	1.2779583724433663	-0.6505446021883394	0.7103003300556716	0.3009197949071011	0.30204673244990254	-0.5463147758659339	-0.4277864972612764	0.3802626621625865	-0.56107426323277	0.12117965353964988	0.19696061330028614	-0.684984350249135	0.9003195883017424	0.8111042801551176	-0.9720129675040582	0.1753489763360719	0.6052511355137481	-0.04182880355116455	0.7482134284014917	0.5613386850956537	0.2924281319823956	-0.15717389801444842	0.06231889452627383	-0.1429078889189299	0.1740002064696615	-0.1145251475085755	0.2840060020750688	-0.6719619814760756	0.060518942899822945	-0.7991358024485944	-0.37793718902730145	-0.6410288021100972	0.508545249621781	-0.5102074094433143	0.10587506366321242	0.3779035327670186	-0.13795959263057037	1.0974449304711222	0.19243928089058593	0.3247496932111505	-0.34842716946859525	0.29883666044876483	0.13144715693481676	-0.4301613841670122	-0.1306884513869183	0.6238428688823369	0.2631867016871115	0.5121140876430679	-0.4806079913852403	0.4597756561203839	1.2697938365222738	-0.3977442984263064	0.6133542409524051	0.4155000211540167	-0.408650029392441	-0.28457458378986816	0.4973701399722308	-0.08375602880304431	0.1119335677571647	-0.26611066341880196	-0.6653888122895201	0.14336510274445327	-0.1090499864933189	0.18460141160740898	-0.009697434250058262	1.0154448671839666	0.21026490085224855	-0.02104460685134002	0.12515669742375263	0.5953430205680946
DTXSID1045906	0.4329000209592713	3.0036144909186144	-0.9227057873225384	2.3239068472289985	0.3849249232093016	-1.4325215134258176	2.3377387744937064	-0.7513687554911896	0.47795417951516656	-0.4080248338352579	0.3111330054565779	0.10369594147698626	-0.37622738972941866	0.8499464490877345	0.9241032796730093	0.9524895162965445	-0.1952869921247781	1.3100170234898485	0.06878085449659097	-0.64314233669081	-0.6583966252328123	-0.32924000070413245	-0.13963099490051326	-0.06839586046794253	0.9055926884065418	0.07655544464762998	-0.012551064185362552	-0.19277744835950528	0.4703257849573399	0.05024384799043408	-0.6038523571587094	-1.249643622932338	-1.1080028888632243	-0.1653241725515158	0.7821448716269125	0.7537068178155875	-0.028458929198947224	0.05958803735549807	-0.6962834061884143	0.002591331595268156	-0.3964814532996582	0.26837867661456705	-0.19693015032266412	-0.4836827694819704	0.7839148979961578	-0.4383313656193764	-0.2888835205983442	-0.8849193864066218	-0.08547435736264569	-0.2855993349656672	0.11593070011509152	-0.36865573641878424	0.37835723812413485	-0.3920587487624491	-0.6628294700614401	-0.26595602134300356	-0.2780754561871758	0.18311464256800744	0.8562924196393511	1.0432382508920819	-0.520757486114925	-0.22885395163248998	0.028888556193063134	0.2034709653888489	0.2076689445674661	0.39172178806269325	-0.5161238713244182	-0.8308206276761638	0.8029017375788134	0.18816952289914782	0.09840964360970078	-0.5162867772527775	1.1301491636671408	0.2113720183134567	0.3598359019023504	0.09313298266933784	0.7870000893180247	1.5526043450243086	0.6595374329716421	-0.1652870095869085	-1.1354577980370355	-0.14947121165279098	-0.6145477348317027	-0.45051715694312955	0.3154346131357175	-0.1620269403482646	-0.36824780988856537	-1.1847493982633845	-0.009706955323386598	0.14933345245846424	0.43146631638860333	0.08561135410413566	0.4598378440076148	0.08004621907500889	0.06900033218817932	-0.0766212123062178	0.048780356919274015	0.033828037263027036	-0.5224546966423798	-0.6575965811874221
DTXSID7048956	32.317076187238264	-8.162370986303477	-0.996477732322736	0.6759122537670417	-5.178218343940875	-4.736263738616385	0.06695823802344758	3.0942484307272733	0.05233815770628036	-3.2821094890563893	-1.002958346295064	3.419742030188618	-1.7360335941628011	5.356295771051613	1.662488352721426	1.1348391911691516	-0.575891810460147	0.3940781375892819	1.5549144784549251	-2.9914612673119603	0.529200130237628	-1.5314763146480659	0.07203339678424182	0.06299929177334992	0.5012011328879573	-2.5426357281010215	-1.338108173058819	-0.4619384059640716	-0.7081560857918546	0.09790989065012666	-2.70932316600126	-1.1189223429432387	2.5005126395808595	1.8793659012921542	-1.3995494882471222	0.17800242655928156	-1.6977353977892216	-0.7296936367142827	-1.2838654417344169	2.36014644595128	-0.7940962924861185	-0.07594776881634692	-0.3777697823647964	-0.6218562817267707	-1.9237652957970086	-0.26207188360161543	-0.580681758880214	-1.7921465783239412	-0.2519962240461492	-1.4285610720234163	0.15104471869596003	-1.4649397780350737	-0.014740952927309058	-0.21515816032338617	0.6783119025841703	-0.639594658073837	0.15059048128654076	1.3506405106426433	0.6318604555508268	-1.4963148928611782	2.002741528485337	0.28686091510187667	-0.38617765445274527	-2.516459288116604	0.04518669815351475	0.561830950639244	-1.995220572105196	-0.5048309018626219	1.011074519210865	1.0971463676245061	-1.0530597603117215	0.5285382149091383	0.4610829041263486	-1.1411621982502418	4.796417348766664	-1.435313538873547	2.1327817875146793	-0.9595187659260049	0.6784282673868023	-2.8697831598373704	1.0021592293996076	-2.1693294493431354	-0.5553359730815346	-0.24502499337738462	1.3815483729036224	0.4504254734038768	-2.120316592281297	-2.3235703682754774	-0.6293498734938809	0.6697172246982368	-1.3448111400327396	-2.016356525301427	1.0164817231073515	-1.4199835008091175	-0.7278333902229238	-1.7417274944435308	-0.5845842701042809	-0.9880071286359078	0.25829716024693206	-1.2315029241717048
DTXSID2057738	-1.6033480714241817	-0.4630706189699991	0.40703199887676583	1.7539478567007667	-1.975681401880525	-0.8429377271442915	0.03252649346729422	-0.08189927572825353	2.6539947135515236	0.03596187425939956	0.4200790633017268	-0.622945636859915	-0.13650089204825314	-0.7614722796039881	1.9153697321400194	0.3873189392965879	-0.6289649880440055	0.18136859702545285	0.03139394924940394	1.3073043075568618	1.9482139917827392	-0.468406072250048	1.1300292347626189	0.38705531211237015	-0.026318623098419272	0.5031993730180929	-1.0910149306223345	-0.7568893054274592	0.3320833306462214	-0.07494904992888395	-0.7505757510823909	-0.7603960265591991	-1.4824274629088996	-0.889980730668168	0.5471108248812871	0.5514913840045202	1.3007222168053316	0.07076170872867492	-0.1188757344452295	-0.4854391352149587	0.2783138468981335	0.4386900466924148	0.11908061789411567	0.5637212853624471	0.2022540890480827	-0.002462872047870533	0.09304771365959558	-0.42531090588903264	-0.0626357082258097	0.14905625234110798	0.09732300444358592	0.415428464755137	-0.021646150102651567	0.0531725817112196	0.2716581501292609	-1.668099990548325	0.08180223261496901	-0.12555122188213338	-0.09770932595571845	1.2409176392881724	-0.097335533371345	1.3209749809309461	-1.1973228819172805	0.6690153764859813	-0.6147082324949074	-0.05343746461890028	1.3814001849417188	0.3541736590295071	0.4674453251770326	-1.2608496257145776	1.883894857457259	-0.054883584895650095	0.4105929707428836	-1.0258741414279264	-0.4462516815274356	-0.22402072663536082	1.0917824058318448	-1.0978688932907688	-1.8176465990968256	-0.05211017232146902	0.5532033738626502	-0.5941193823303743	-1.630251822618386	1.2238099996489185	1.316024959177572	-2.4469506861140524	0.6378388088606691	-0.394108748235109	0.7863155989951588	-0.738630091499988	0.36242183339397516	-0.9847618189226176	1.1325749773937677	-0.31677091175830263	0.10808088039373573	0.14630901035866054	-0.16785007173687275	0.1939401867139848	0.04686544642412392	-0.2894978981479084
DTXSID0046567	-3.6723548524189042	0.30762758336707335	0.5341802595376098	0.7172646575538462	0.1403597780209003	-0.3259813187707555	-1.8883338606398388	-0.874726097421267	0.08484214578974573	-1.5891125798796497	-0.7619093964208951	0.006766727391837624	-0.500835461411043	0.8687889366142904	-0.46790956540822504	0.11946067692730096	0.4427402229456175	-0.327074540557763	0.6272854122614171	-0.0791885579457133	-0.14425260731014564	-0.3290600072044624	0.22452800374553264	0.1578343025210961	0.4425718393342258	-0.667910879699628	-0.4541690174863861	-0.44361696944871093	-0.0619740805245524	0.12965535144854765	-0.46095494937671155	-0.3769213127583631	0.5203392222534761	-0.026961781801128643	0.9351287163786107	-0.16822500054720863	0.43729353293010503	-0.14845283384793703	0.08305056927668464	0.006789505109540087	-0.11309578325727333	-0.10731101865883431	-0.0865941101234227	-0.08886484884990772	-0.4503228858053919	0.17540751023107293	0.119138640010051	-0.07546115162282233	-0.221021777802089	0.08020846593150577	-0.013388334532298181	-0.15448672391613869	0.12347614313741695	-0.24594520585365348	0.0947951295185287	0.2817301800443255	-0.2349281165835294	-0.2375998341095776	0.060719224100151195	-0.07226612754651199	-0.06238614887281659	0.23746179308387444	0.26250028541971127	0.08088801669038577	0.12227979503368495	-0.011178617677311169	-0.09670939053350718	0.33191026298112797	-0.8353267902718322	-0.004399308391267974	0.8804364382062373	-0.1279506793075802	-0.3666146211004335	0.48895454907685	-0.6601789508076839	-0.16420893472471645	-0.8490629318311194	-0.019140498699595485	0.19101343495072318	-0.0732861287283838	0.4070365952402379	0.6298497167556081	0.273034759888045	-0.3916732187215633	0.011302548545913003	-0.11713409684845194	0.3361133102464279	-0.3216665921648167	-0.04454234206241253	0.11241965772045849	0.2503350569190576	-0.08468952050137814	-0.01857601447912302	-0.5530364426596545	-0.4160082841614001	-0.6995285517303117	-0.09606681034164949	0.09846929469091828	0.04720461820604484	-0.058860220249945014
DTXSID7021996	-5.582540372924118	-4.236841721877924	-1.207783513271902	-1.685059101695731	1.7004195717289576	-0.3510001948660696	-2.42212290674334	-1.1709491029442842	-2.3739633861461296	-0.25768141928163574	1.2170953706463192	-2.452016778345445	-0.822021072331225	-1.6905774909932056	2.303856299593562	-0.3321196481265295	0.09538195516447912	-0.8294270701671753	0.8803224892777437	-0.062497002404603215	-0.48070937269920044	-0.18955186526065493	1.1552797227757234	-0.08093080409481854	-0.3767418828962863	-0.17593946025488716	0.6966130496560738	-0.5255343004076779	0.06058740003688133	0.7742886455415982	0.4713764073941064	-0.2847137057369259	0.830739442086377	-0.3127185344162677	0.5398273646950675	-0.2061391465199762	0.21569910869015727	-0.09740446516696645	0.44364021863216146	0.6258614433607147	-0.48746501301425926	0.0003112657102778589	-0.7347693569071256	0.32967813426779496	-0.1836064767877624	0.2484323084111677	0.2972216498819986	-0.32089927885198577	0.20940505334938495	0.3886554870251801	0.18246502949339136	-0.042474971368622425	0.31875981491235	0.09394035741237344	0.39011996051103065	0.016534741595563705	0.36812989981188293	-0.4992521858039607	-0.2791990977399036	0.6267634238417066	-0.2224114828708401	-0.49677618805950224	0.1963029360235159	0.1468315783722864	0.14526083210671867	-0.3685268767553642	-0.7230569076689397	-0.1010753011784948	-0.08608041988667377	0.49028409033749987	0.5011852251775959	-0.24882509985148724	-0.03367660826033826	-0.3939180353312986	-0.1513865290264623	0.12135094646735087	0.39468287276919795	0.055882576344908765	0.12152105990982633	-0.5440203866301841	0.5154670179672853	-0.056602417887030736	-0.2617574465026887	-0.365097641575201	-0.07198185500164764	0.006108553053907333	0.42670919225711296	-0.8060856392092245	-0.7102678577204905	0.02833983334600469	-0.7833699409105124	0.42924626626298434	-0.04003174208682198	-0.3538547095729296	-0.2464935527982298	-0.26835322683428336	0.13047175221908505	-0.4853316846402661	-0.07701283897395271	0.5047267010499498
DTXSID2027593	-3.6207937820786262	1.858051080289424	0.054115037576973155	-1.9062967427108313	-2.2892762595609213	4.534358034518749	-0.48081235492406843	4.205411035636537	-0.847507993131891	-0.23826310535197512	0.5558995282553705	0.3645786507512118	0.7231111151927747	-0.5082837993601346	-1.659698529706004	-0.3154698090804938	-0.07748278279194377	-0.519855768768531	-0.4636085303498485	0.030609405094815904	0.44876604882246607	-0.0664919746081609	-0.07223799076209401	0.5262373544108238	-0.5188864258627691	-0.40387109109782904	0.15896324256230768	-1.1590100323778603	0.1500825272612168	-0.15784405918968153	0.15726635361305863	0.39968087874846453	-0.22129959473242	-0.5990068364461077	0.33157425542807706	0.0030438818370304467	-0.15619301518221082	-0.20635886348262486	0.119684230215793	0.4898455622120364	-0.1880771403826619	0.3440947481786123	-0.23832043403243883	0.4985182062616162	-0.20355228548818088	0.17785456542614256	-0.15213325650149467	-0.38532966365746224	-0.03588142343075599	0.2762473304859738	0.12160594482443489	-0.11054363031837952	0.15688662651536042	-0.025314263789596406	-0.30139595073580366	0.01833826204293888	0.040235684399353065	0.18759516123431297	-0.613466059728184	-0.3136730753038539	-0.3224991390478177	0.16325049263386157	-0.07815726449602019	0.14827014723470203	-0.285548863357371	-0.3214171643537505	0.00030475663950248937	0.23877305272875407	-0.7161665958025567	0.07377414500703391	0.29469615936870747	0.7358332497518172	0.1684578122096875	0.49319208284323096	0.388666821989885	-0.38130105400483216	0.24942338208625442	-0.7004134408387416	0.11630817085378584	0.10359817964144259	0.41107847789408103	-0.7927906969606827	0.11671119174512981	-1.0276550211397146	0.11209323744871516	0.35130662802694795	-0.6053066191861918	0.07845559772382482	0.781267499658727	0.277285413370959	-0.26701220995133546	0.046309297340537924	0.8034726725036836	0.5790871209285265	-0.7168729928465138	0.4019985343068183	0.08093427476149495	-0.24188087124615623	0.2784381216559135	0.28179810426508434
DTXSID6045533	11.822416390430963	2.4075399481083237	0.4117833158223687	-1.0141257580216776	1.1429341803163775	-4.3429244796074915	-2.0039993853085543	1.5272400077567985	-2.2022566818335307	-1.8655993564886078	5.7667588953217495	-1.5638471378536922	1.096382707645568	0.7755089621105209	4.601501480593241	-1.6268674200044004	0.6092189678859743	0.3559125129433664	1.0804514298715289	-1.3473132623605057	-0.1010451745885804	0.614552702998517	1.1761726837984636	-0.6120139342599729	0.5934977894193442	1.419483410107159	0.033217678103744916	0.4699129348146196	-0.9015134885688084	-1.7804920210550284	-1.6335148239917756	2.6708387175448336	0.9552038023050146	1.1139148431486758	-0.9229739888575296	-3.1985643340252157	0.08666282287550092	0.6661519755960952	0.2752441772826266	0.3306426553496701	-0.2860484172055921	0.6575879636733082	-0.7117607560408464	-1.0051720802023099	-0.1296890379734497	0.6459004566457947	0.1814571025545682	-0.016769201552582325	0.4140177488718275	0.06298352700622428	-0.051314790799446855	-0.12590997641302779	0.5062038744490092	-0.27924300687130205	0.5407176387495389	-0.08481159024674177	0.9278239895383132	0.16317968290106183	-0.9399072928195359	-0.11418561801753538	0.011381051254584178	-0.7541999158558204	-0.023936509718333134	-1.092844010196578	0.3066913154866754	-1.0295306080304902	-0.7689091826954525	-1.3490300575191505	0.43327200745580086	0.8924790262480298	1.6814951841330807	1.1609434504593688	-0.34529553526691786	-2.0287241511435616	-0.8354666602738458	-0.6376270422658319	-0.4150116522384808	-1.1738347433773935	-0.49042812494593985	0.4987050085978099	-0.5079387632294473	0.6618433695650168	0.1832347857486713	0.7390554423557573	0.4629202782915361	0.21788410620903748	-0.39255447370382157	0.44142043783106766	0.16855912904554082	1.1993062741732965	-0.6954155905482018	0.032517787086851754	-0.6683927452095089	0.07462688573505888	-0.4869655538906221	0.33363361550507653	-0.9527723299007185	-0.5707687531043346	0.49670585098793135	0.43114347107520545
DTXSID4024066	-2.821769812291469	0.3380995267607641	-2.586047559867323	0.7112852680568763	2.634876578387778	0.6968857866512327	-2.093258515749502	-2.521680519574406	0.41618916053711325	0.31061160745414473	1.5976460431882857	8.400812850457156	-1.173360103018953	-2.3865705729446884	0.5277335018827091	0.08162266481376924	-1.713224806721873	0.6234016859540634	0.6582795902013796	0.4099372218485657	-0.9001479714549775	1.116023539391676	-1.1494330220432019	-0.07272787078429051	0.199993119566247	-0.3045997483744401	0.9282749181460871	-0.16197514234260352	0.4142709060942573	0.5758346183480104	-1.9565941617974476	-1.5689707688079133	-1.1558166253778663	0.16295361791702112	-0.2138577366570834	1.0312391549181747	0.18408882241673324	-0.3073565210087743	0.04191121561743052	-0.3919845798370299	-0.30317812994734444	-0.03845136873181516	0.020451426131820445	-0.33595496003512665	1.0257645620148808	-0.796156869225423	0.4296696414996625	-0.1519137942362367	0.19304683298848813	0.29560352434932874	0.02457188491418589	-0.08494660666572984	0.23412708100002366	-0.290305453648987	-0.8683501022300614	0.6367943894460576	-0.5248718048903123	-0.23935942064894175	0.7201820819003717	0.9835338403093875	-1.0828085264552851	-0.7841093388075696	1.5589996753035185	-0.3437983090935719	-0.13937227729683313	0.5599486243632382	-0.00457728039976122	-0.6004875609169553	0.4571623824285972	0.32715708375185054	-0.8917556619765269	1.6199181530904878	0.5070707593993351	-1.251608012778115	-0.8201218574871197	-0.9560581219233477	-0.17613058380684432	-1.2213396565989416	1.038573451735207	0.9365197525503618	0.4077842371226426	0.3440437161484486	-0.553805754245494	-1.0029691081514702	-0.021568801975578724	-0.9604049163184293	-3.1302813480136353	1.8874459182636436	-1.005151494145993	-2.5403799025205274	1.8395209765714369	0.12818959106377356	-0.21301607753658378	-0.24086109374725684	0.8019274540339022	0.5363656955929733	-0.6286008931278887	-1.0797755740407828	0.22787338276270966	0.9438783753090666
DTXSID7027625	7.51598725772172	1.9426756930548852	5.329396589218049	-3.3646444687479513	0.7342497209775224	-3.589392614949362	-1.1909759114303091	0.7896127500685801	-0.4474110854847053	-1.172347605265083	-0.5951095665419396	0.6550307765247225	-0.6387982876121658	2.2665853772431332	-1.3130687763446678	-0.4312578768958142	0.9258886428618054	-0.7494712363082654	1.9035098172163007	-1.1561716521172074	0.16404652663421848	0.49052610821011056	-0.403081688958406	-0.5141156652825999	0.10177924603858615	0.41266489575259857	-1.3168611051030865	-0.4103358260750829	0.77866552979223	-1.7345017270121628	-0.880075060806144	0.9446997283340539	-0.8710403786897043	-0.2642322563011717	-0.3608737388654867	0.7869863245550357	0.4569796104428929	0.9587585766108303	-1.0978644424910236	-0.8687123237026332	0.41712033224855694	-0.5571981271732109	-0.10600200936230987	-0.47692105119929723	-0.026522025301334542	0.36232462676545996	-0.4826369530760419	0.6658168853015709	0.0583875087653024	0.12402183771422942	-0.4014226246798234	0.11908186816482413	-0.043742677617930305	-0.48262493748844965	-0.17051667059547862	0.31943597091205844	-0.6455516745635378	0.515551907208024	-0.35283532252111593	0.04650954228551075	-1.0101794514918407	0.19361066521720396	1.2059494440086445	-0.64103836862149	-0.7469279385822073	-1.8782249652681118	0.10208373921759382	-0.048589373806487555	0.19575719510005143	0.6068776293715706	0.6131981263928196	-0.3159418338197152	0.7847508280368768	-0.13545931371292635	-0.9211202878113472	0.06764402793392893	-0.13620881002881477	-1.5649837076550497	-1.1726365854059488	0.7812483499789169	-0.8709890535531934	-0.37587731738584584	-0.735166536430766	-0.30953151687032565	-0.007620081853784069	0.30789760699825713	0.564628814018816	1.1193187659955224	-0.04899127863592739	-0.02177446428911038	-1.1978898011842167	1.2842547579701031	-0.6168384435592199	-0.023607459159916213	-0.2924578965982919	0.4593348530992687	-0.6338983600151257	-0.16296573850576745	0.04028574651573698	-0.44717589088597753
DTXSID8048943	10.949491680107892	5.05149825395668	-4.032147042620327	1.2831898981379037	0.9200944494176684	-2.8434479169625977	4.76939772975962	3.279948872574388	0.052044555047178524	-0.4240732423397272	-1.6320226617884102	1.4283760589787846	-0.19143861456884426	3.5020621322371874	2.7563140907343304	-0.9195501036438394	-1.0671189022954126	0.3257408637019904	0.2690902497870874	-0.1407795603266287	1.1591464907500955	-0.9179309318119637	0.38217667979456404	0.013836675592011996	0.6236109358803604	2.3435528532988754	1.4001075233027032	3.1888842375902904	3.62096513864455	0.6422784926388979	1.9273560052617273	1.1974182162648246	3.1862138821012103	-0.6818674451860632	-3.4445714969784604	1.0721981527732545	-1.491181023110054	3.4707212752077505	0.8796228568720008	2.3087186805991253	-0.65570798877477	0.30900983967669116	-4.055867704536971	0.5364188852542426	2.324637377335364	0.19361392373231162	-5.3823289538402515	3.087713125305312	-3.2814722685191136	10.310400651169642	-1.5102052129765147	-0.3069723915238143	-0.3944712254064959	-3.9323809910556706	-2.293926098358627	3.0345405823707297	-4.282255711312862	-4.858965709676337	-1.1479952145345786	0.07680449901320657	-3.2326823027336404	3.8307931145004366	-4.314537302371046	-1.3277160951003335	-1.3807864486623684	2.4709873544571304	0.25366275559238444	1.4707222460076546	0.6584716352702374	1.2167216935016587	0.15127996448444483	0.09385828470838824	0.5857354947546896	-1.1188918102625167	-1.0022054800537672	1.2411652372860162	-1.2380781976710475	-0.15405211931387663	-2.3143516140059814	-2.95238796300744	1.0329026815342137	2.0108205915786983	1.1493547305941043	-2.2921701921682365	0.9945968053095298	0.16671134468572238	-0.9657163296068758	0.05696143078990139	-1.4892851105744747	1.2770439765076962	0.3248657773544106	-0.4851551262345537	-1.0732568455789995	1.346059246777434	0.09781300034241658	-0.9352924706859549	-0.1237162550385609	0.08754642077708905	0.2561272613659466	-1.1266772809229688
DTXSID0049284	-3.026557794647776	-2.0285965479380885	3.174357484997352	-0.8077461142916174	0.5064852777393893	0.6207127945458444	0.23605381214700488	0.9006606930026139	-0.39698245726784953	0.3001964717289696	-0.7580106970445039	0.1057399744552904	0.3675242395277809	0.14404077801844895	0.2790027853792793	-0.24577019316512516	0.48616628792413374	0.2604069917350356	-0.009263041005604522	-0.817900991452073	0.09901017884118209	-0.10907023685829371	0.3619546179384113	-0.38358771253842866	0.5043623468733157	-0.03917650502137082	-0.371166641462404	-1.1883608084010042	-0.055816355969779755	-0.4375094953145835	-0.2233742535422289	0.6516952436250039	0.32029245413413293	-0.002284065822431626	0.13314796258404438	0.12706785271569393	0.3262885458247444	0.10667072454882015	-0.503371736178079	-0.3793372204593255	0.3733534382408852	0.5062885934827192	-0.7953077808261323	-0.22711696909088702	-0.1780411689082771	0.28505555527003223	-0.44759816351161275	-0.1025349364355653	0.15113417072278035	-0.07843525401167513	0.0903120700486419	-0.1966554687630519	-0.01735787636266357	0.08063539071849521	-0.28795148035603346	0.1984203231271325	0.21544985064601965	0.612787159759834	-0.22486743667582454	0.37640019605506225	-0.45475303282317014	0.5369064864152744	0.4180919448778869	-0.7739113124144189	-0.48102735544168224	-0.3052709005021328	-0.7198568254802864	0.1394312728627484	0.028590908922909806	1.229911412565601	0.007513045982896649	0.5640936008757298	0.524914175804051	0.24969979125366262	-0.16699110543560441	0.131562771064659	-0.7197888539099756	0.08508764026021663	-0.25838992393846166	-0.05719805498068379	0.16223888843288317	-1.023826030168208	-0.027695074136820836	-0.341937559881984	-0.26488500555076644	0.09197147864539816	-0.5618697322854268	-0.21012357831523676	-0.38277635121996495	0.2983997983287266	0.07767266348041175	0.6888305883135877	0.10444585333434009	0.29182518869387475	-0.16009336647443698	0.2137423557231551	0.056341134132746974	-0.0008128611815996653	-0.044198809039185535	-0.21656501298776853
DTXSID4032613	0.6951049468957732	0.5436634706565702	-1.698995793077906	-0.4203016997545776	0.801434854953208	0.5176735028776115	-0.5268091263399233	-0.3184247562660425	-1.6682819627907362	0.10610555616083561	-0.5229304571344671	5.430821509190739	-0.5731092072299814	-0.3361372111180516	1.1412143564286965	-0.6212216301245022	-0.687487927051057	0.6557266164332708	0.005965600045587195	-0.7471746473868395	-0.22158299508663434	-0.5698055632069057	-0.05189475429061081	0.33509334001921026	0.5638396440664833	-0.5504335319152889	0.6056995737484405	-0.5488757029683121	-0.27435531957386744	0.7910312903130734	0.429627451757495	-0.6127022062913979	0.5029158057265327	0.41065636400765615	0.5233076973829055	-0.7536279393561115	0.13062152352978473	-0.13700150594625335	0.5470190539889027	0.232533298444739	-0.16182089915240458	0.10496836085292484	0.003678104786863269	0.3413966990571367	-0.4295982515018595	0.03359061158047286	0.9132433457037142	0.062360447001469144	-0.27903675292768476	-0.10133385737436378	0.1039783157596452	-0.08572047634273967	0.3218688056195236	-0.24432377527172028	0.2410651792921111	-0.4322646712605893	-0.13660891262670727	-0.34702469515874806	-0.07983681297911155	-0.4689275757542922	0.6464640012179689	0.00014681456731082296	-0.8338237086162665	0.06858690027535182	0.5172784295206269	-0.19919554343674847	-0.008443776951802205	0.6379124356083384	-1.9179108955583757	-0.2593383684005347	-0.4289935746135177	0.34103339546570344	-0.38707398886612143	-0.20957099429269974	0.35546630456967787	0.4098483855086661	-1.5717582747078471	0.5495464036170292	0.6574268962212912	0.6865056123747715	0.1812216714166603	0.7874439053100081	0.8487299762961912	-1.2455443197149771	0.030685472761899975	-1.3657570390569014	-1.688507554257014	-0.14172433137790907	-0.3003872129013039	-1.4264480217590616	1.1754371947151472	-0.8510711033181775	-0.03623510981293782	-0.39288281452337925	-0.6930378551796945	0.690680541604449	-0.5236344429875072	-0.3482733344156104	-0.5817247003251432	0.4289861290147018
DTXSID6048917	3.7482870856075374	4.401535377391079	2.2165698309385666	-0.2975229091132149	-2.9695840963009204	-1.2524957782888553	-0.1884980930140173	0.4394594724900469	1.4959812829603767	0.36413272606375324	1.7522305232838333	-0.09766530828989245	-0.1068515632901988	-0.9696169950459868	0.6367400104709199	1.3438473443354393	-0.7630518977891304	0.6210985774916497	-1.079490225837693	-1.5296487701574972	-0.639463522411069	-0.6700581764565183	0.38666021736717643	-0.25883158238378684	-0.6920440910269515	0.13769168316596292	0.12308104289069528	0.46021336467966745	-0.03060177801943025	-0.6448614388667656	-0.8857461672567456	0.2766865988364471	0.7527957782123131	0.1415142211936377	-0.5192606333221327	0.1850354153248453	-0.6034983346823621	-0.2584359056870916	-0.42881779203260084	-0.7414285316066351	0.9380954917807103	0.4260994905696514	-0.41076631517912393	0.17650965278800557	-0.8507565526893069	0.2827517105197573	-0.1972501158992724	-0.10325501174686157	-0.13920474228931773	-0.2697138045217242	-0.15678756941499988	0.05112907137194607	0.28793912845580355	0.10598865713310589	0.007911385263103142	-0.10136593403886028	0.6553594173776764	0.8812129019139799	-0.9492549737178266	-0.16528797143519816	-0.3194017647952365	0.4934509167615223	-0.46368701748163316	0.3142499163836381	-0.26785440920329096	-0.4467883957705623	0.09673819537681609	0.996180861620577	0.37363336721775847	-0.4875762910783728	-0.8463604204032822	-0.22756703402866224	0.2840079714638893	-0.600092754328571	-1.1310850583082226	1.3302000976257862	0.6781470618957958	1.324896407548075	0.49312464187519706	-0.2514207108987437	-0.12406747002633421	-1.0621458679376252	-0.44515882466898216	0.2951579098497775	-0.37408096905473237	-0.01466911393550822	-0.10688736251455153	0.8125205187871616	-0.14466053728293624	-0.8312083609944066	-0.4386499335611385	0.43853214341408175	0.22925579484291939	-0.2750231080007321	0.4270935352467445	-0.39195985398748195	0.1740994980508211	-0.1044328922083908	-0.7792638139231874	0.15583251802385287
DTXSID8032671	2.3243945434110227	0.8078711244414274	-0.1800501591592782	0.08974072903986113	2.404031222476519	-2.431012689157576	-1.2550121431923555	0.9113904272701564	0.960381184540903	-1.480960127905846	-1.1351268143652316	0.8588981194142784	-1.2476854919473097	3.197563360629606	0.6605747195945267	-0.5605691041310722	-0.09549603532195931	0.5444672365249297	0.7134700981371453	-1.2687630209206486	-0.3498969940482004	-0.7672751957766183	-0.7148147756167186	0.48215931716812	0.8734694667906975	-1.0939521988203178	-0.03748911629310901	0.523179146942792	-0.8653731903576435	1.3290779033896893	-1.3531565446720148	-0.38903376439462856	1.9700034874631709	0.9439322892195	1.9423750909586994	1.5328986009768029	-1.3762932545905011	-0.9620120355049683	0.8704724631357611	0.3269715478452986	-1.388769172080588	-0.10510326813314655	-0.22072249478327582	0.5592921074914209	-0.41534407429325665	-0.9952498177580243	0.34741992828812784	-1.455367371749404	-0.20744514545190265	-1.1290957649679403	0.31925783796779256	-0.3951120446241242	0.02291310508754912	-0.5993735522812675	0.6532930665872982	-0.9085134295178848	-1.0913603156375669	0.21964373577044366	1.515126116515596	-0.7647612097879283	0.36170097679484936	0.6416820281420934	-0.40461688220013936	-1.367868947832889	0.38280993572661637	0.2144077704813809	0.7285550033941842	1.1437551816959117	2.3750392179166475	-0.7124314180613466	-0.9353012316513978	0.37935685414119635	0.2299130561080979	-0.47164023602447824	-0.15794297914130742	-1.8675057990588513	0.33700059711549046	-0.45982550985364284	0.6885971250895206	0.7397136497182131	-1.0013303122780155	1.0708335281605743	0.47547761537780936	-0.5469561247903839	-0.13906717625071294	-0.5730370285393844	0.10461865967792999	-0.5970252882740716	-0.10370357939651356	1.0301718931378168	0.32416137368547165	0.7326897905985434	0.5598151595066884	1.0726665505592103	0.4657126350346764	0.2101272717768284	1.069364392483755	0.12160566964878544	0.1518805576446218	-0.022631581613664735
DTXSID2026523	-2.1134998088071724	-0.02622740125472555	-3.882376476505219	-1.431632698081024	0.43883443556662194	2.260729984769366	2.972803589201011	2.5365628830056597	-2.6264657441437813	-1.454623201151439	0.4761755802760287	-0.09661378919201624	-0.7205516641317834	-1.3777499353230667	-0.5104231070129749	0.26817733428113305	-1.9318609231381036	-0.7102485275445705	-1.2267720845230268	1.03307752763144	-1.3329679385298396	0.5656954183939163	-1.8989141075448033	-1.2588945355605532	0.6273973056213076	-0.5284002246412223	-0.13286873367980473	0.40664506270188155	0.946381315199967	-0.5966666409019797	-0.4048897211070922	-0.2076446545007805	-0.3724602921761357	-0.9295707934855997	0.8193687250775983	-0.02869994612431115	-0.5384278026828462	-1.1656773147514239	-0.5722401585458483	-0.293056532789061	0.19508730866126778	-0.7341249236435087	-0.06289573653885919	-0.04501138435591088	0.6687589965289176	0.23690760899038849	-0.2932937139929115	0.24700919106219604	0.09306715838226645	-0.546314315105514	-0.046326571114919765	-0.2661763806149822	0.2909571793251609	0.09310976200735749	0.1832041473250302	-0.5245351886233487	-0.37833224799071896	0.5524489606126016	0.42072055696400606	-0.10996537945911944	-1.3256455368569915	-0.374093006123592	-0.6763409643518051	1.4555461537028298	-0.2376087418892388	0.01924375297093573	-0.12015700363821517	0.33078560125291323	-0.37404932692830334	-0.8434963604633038	1.0063553139388715	-0.5793422623729244	1.229082168722592	-0.00839729050685034	-0.5899853958915199	0.991665269418498	0.7538103431170765	-0.6686422951500938	1.5041445938799198	0.5850577621605166	0.06954328301519624	-0.23606027614947192	0.47496692345446734	-2.2813278263644343	0.47200788865566967	-0.23758294411569394	-0.7591768396439741	-0.30504608712539405	0.5124933361175147	0.971850568002301	0.37779179496988485	0.9074035126634544	-0.6384600648595156	0.5873224318613415	0.08762791802997927	-0.715846389659434	-1.8237119525626164	-0.688652968942769	0.10841590997434751	-0.3557852935556856
DTXSID9022578	7.267810473522122	-2.8945592857505513	3.590839664779584	-0.6665205978236152	2.4448064433158225	-2.287952156517332	-1.5795152828785275	-0.5600962349930096	-2.390792259972911	0.8073166391996235	3.1799338440590157	-0.12796096427479034	2.240762466888752	-0.28918038828774434	-0.3737877973874069	0.10828188913090889	-0.15402679772464958	0.45673701896333313	-1.002518822829278	-0.38802156512866326	-0.7029814712331444	0.00822027260318782	1.6499572877950068	-0.20620819178024227	-0.8606327061479015	1.9330816694023596	1.0644291470351301	-0.8843567060388522	0.2319933258052805	0.16400680547923452	0.25642089931189166	-0.09933143945631223	-0.9058760201599092	-0.4624162171736222	1.520272929350296	0.36643625936007745	0.9793124303967858	1.1323600817312562	0.7740867525261779	0.8648072865887622	-0.03851207978826107	0.16597664640514045	-0.30412500990347485	-0.42683443118650566	-0.23316494891182513	-0.058008107675088676	-0.10777894122925828	0.3462751443879145	-0.10952751029436814	0.4251386516011393	0.18138398211331153	0.7378491950498354	0.09471939328005723	-0.03951260852362461	0.11897855141416067	-0.7657793606519822	1.3245635702892569	-0.6933297991280787	-0.26236557338941247	0.2850736876118141	-0.16960970168307363	-1.1225072982824533	-0.5847855874872089	-1.0313003595680268	0.18737779254104794	0.7846268763621025	0.8379925279322008	0.25965614761471406	-0.10504891889483788	-0.5098503333195619	-0.0944800993699695	-0.30558444443832383	-0.18245860442120124	-0.1992920152972662	-0.10289740777034757	-0.42359542368039454	0.5359107208364483	-1.3297849733902452	-0.11281512326153705	-0.6053666926219265	-1.6722594058305642	-0.40982057497841623	-0.3505643173636266	-0.22297117143403117	0.14113231508360685	-0.013953062023310633	0.4917303634296208	0.9801733352426149	-0.8743912497601117	-0.4767649921561593	-0.9056932779300277	0.5967240711186538	0.6520842680254166	0.18710082886227267	-0.7675493906662438	-0.7241974112806502	-0.1459768629705214	0.15460839578275656	-1.2207748972291161	-0.21629766074024753
DTXSID3020750	-5.566856396703001	-3.2741352989965584	0.8806934182937151	0.14887095664394162	0.10547642023300409	-0.06426290933409746	0.18230430575612425	-0.9156073515333455	-0.2841845458072514	-0.26796643310547946	-0.6389932081435041	0.3409043555984595	-0.09987480120150737	0.5209606849158641	0.42124099211991567	0.3057920166049005	0.6294457015372865	0.25602791846677253	-0.3315727933047337	-0.5493714173849993	-0.2624996754753013	-0.3623019252177176	0.39201853441736156	0.018602468789291112	-0.18857186196688996	0.11240327174103294	-0.13536631215047754	0.15875323234531197	0.05683030739041907	-0.13399605620780214	-0.020750080572841185	0.43013549265311163	0.04342522638243691	-0.002309781856788529	-0.021805513755030613	0.0599929369594688	0.5690969094913791	-0.2674291571133108	-0.27661055917017896	0.2506179302670198	-0.37570076361478266	-0.19813453964624178	-0.5625385520185499	-0.3930301077637586	-0.2826985857679391	0.014496664468506754	0.24477107666184217	-0.029835655350130146	0.09840786568449733	-0.11291998176677176	0.06830752539026708	0.08830389288158083	-0.003925290342457516	-0.08070321382225061	-0.023550639911392845	0.0732833894780427	0.00948435823542509	0.1040410421514108	0.012410548771763863	0.04626195562321126	0.10793262597155223	-0.061366116046595615	0.4139345980781707	0.14105859631544257	-0.15224128049939237	0.30345598608437807	-0.007646271294181285	-0.5682701624712382	-0.13789071144549084	0.7096455759373759	0.20479156441361893	0.09811058508714136	0.30663690537734517	-0.1968045976984883	-0.5759626096030583	0.4566258012811346	-0.52712672678561	0.6345071102161404	0.25938601175857867	-0.1865629929905282	1.147781717560572	-0.18895685065320283	-0.17274285938340966	-0.44199164646962175	-0.03630459966691001	-0.7389676251320916	-0.34848495271905505	0.00833004567634476	-0.6186502784089324	0.29303867027950914	-0.8049015310769162	0.18803482322926637	-0.04679940535407932	0.07246427194498141	0.44452519554056497	0.10644229433148522	0.3347588120373529	0.5121534488017285	-0.19537238703483692	-0.6400928575757546
DTXSID2048905	17.830669028788698	-1.703407389388265	7.33797604980408	7.2707878677878535	-4.53492598743825	3.8750384781343734	1.8169095480685775	-1.4284209315305436	0.7640856199495031	0.2931683526923721	-5.024702162215326	0.1559963685898075	3.079444733032481	-0.9927099432709339	7.410030687806	-3.471450303181218	-3.4250291746969292	-2.121062484885561	4.075238312936826	4.723766655168314	2.4335275998094263	1.2614034935306908	0.24260228321788563	1.495551783852608	2.97535109633865	-2.208320310132132	-2.1415477588852685	0.06860113451709335	-1.0840038757208483	2.3339053461364307	-0.17155828603298742	-1.8210753717558417	-1.9156516105193249	0.5295304904044758	1.796029783499547	2.183267102910547	0.29804152681490054	-2.0633022890639827	0.6290395469362177	3.5329501512372765	-2.3815311384810123	2.433461276519288	-1.46182704982919	4.878490281669228	-3.423011025444458	-0.5646667267122011	-1.9841537686760982	-0.11419984365426504	-0.9224014688306924	-1.1132742044189117	0.73518425596721	1.3900993763338085	0.2282181810602553	4.0888869146155296	1.4716553210657521	0.5596868732891614	3.0625550986859325	3.5008717042815847	-3.088929925469148	-2.574980138795891	-3.2018801108279153	-1.7206529402841555	-2.178567903748082	6.675623506387855	-1.0670547909504395	4.032314184368155	2.77828474060165	0.3395661205351391	0.8539224871485684	2.3193624737619367	1.3684041320185816	-0.9797026541773117	5.054672964274024	-3.422604208680056	-0.5684083041497432	1.9199663081386533	-2.8831123884161256	-0.7866365670473608	0.3614406964961166	2.7483608822659593	-1.7026649722824998	3.9946176037171837	1.1555007138863242	2.6827584406204297	1.4945734079794046	0.9164382702692805	1.406718589541576	1.0915222425851583	-1.5596921348031951	-0.5324190064998916	-1.4825178030461046	-1.6803282287329753	2.5929940523428585	0.26401490192795596	1.292401588326154	-0.09370410548884811	0.8838975591471715	-0.4048471911801307	-2.7911619525790234	1.0588228328902136
DTXSID6027341	-4.938522898796154	-4.459175722723962	-1.257923930802152	-0.05132400599514469	-1.4853413306324115	-1.220740140179607	-0.4982229166634402	0.04498591984781483	-0.7182139723369573	1.6080561822994726	-0.6092141122437276	-0.05353727356913023	-0.43721518365849266	1.837010384646528	0.0649244274826692	-0.21551748547727495	-0.13042308705709896	0.44728501792800734	0.1955888134320721	-0.47453013421671414	0.3022121458675978	-0.3256630503284439	-0.23544209448535683	0.40427454011211617	-1.0262424294996662	0.41709560078279695	0.106768339538432	0.3032753828300192	0.028360167174459865	-0.5579366988761059	0.7610697084377459	0.5979932979919895	-0.38125472407210953	-0.11209668623046815	-0.14504689254483713	-0.11502126345994527	0.0606398052385205	0.725646442863324	0.4492044005212356	0.2301173227017371	-0.34397176118240985	-0.07726661864475202	0.13643284241696665	0.42086252456304446	-0.6035433709413013	0.179377807776345	0.2212080734941334	-0.16267381597015915	0.06483301692242202	0.3122832946871051	0.07854538180373688	0.2076729288672496	-0.004659446742837748	-0.12356986991950629	-0.11083563775473104	-0.005433704160951683	-0.01342509190310189	-0.20708686246846236	-0.35457513367200366	-0.0457236675132444	0.3810648065520904	0.12603349037824751	0.39369846599699576	0.07071971266943272	-0.33608040143932094	-0.33770408546983594	0.7649882251268066	-0.5181250788786439	-0.377611443631877	0.4018359386864	-0.29551772856498665	0.03146474544218483	-0.5977303074700654	-0.18417173001934617	0.46966359318162615	0.7618234924568397	-0.30142879893548125	0.7676729343256498	-0.2939076546959313	0.02156996807780986	0.2615763176881988	0.398912266350574	-0.0537785500101289	0.7897513203748691	-0.1739396466028201	-0.31598813138825577	-0.6040625456775643	0.027721178878158864	0.09869761823394524	-0.4672486706894479	-0.42785665842578063	0.5390801777327352	0.5239229787644566	-0.059853324125970234	0.5456541116579916	-0.03598516433899433	-0.4220305796202416	-0.137491375386068	0.3067065336747735	-0.396570083186468
DTXSID8027246	-5.5606953323664685	-3.7944805577028258	-0.2157986558726282	1.680362745210433	1.590616337079999	-0.5567933677073721	0.37444737501053754	0.9178203842218704	1.4810874686499391	-0.534149612387322	-1.1292110378305291	-0.5830926632927412	0.2450064496246325	-0.5219908796146238	0.8948766593519161	-0.20167062038945238	0.1749883962738399	-0.29491611114966637	0.10586753158430844	0.03808155786855008	0.31817236700853	0.19138781646609715	1.1126209112347931	-0.27059782832513135	0.5502390985629512	0.17218429722989695	0.6702097892389025	0.008595955154797481	0.03129353525624277	0.10160055075022235	0.27933388155570665	-0.3007085847280661	0.08699577154199499	-0.7773707165606637	0.17508437564552	-0.3124752265398066	-0.031170150909459234	-0.21081936050714992	0.6336090726026289	0.6110846034482198	0.19955578441477595	0.478450235124906	-0.4746880055943038	0.44314940007013587	0.07262108678995832	0.20232150629822704	0.02755701760316927	0.1263305453570987	0.17045010933316215	0.6490357407608947	0.24401269583606439	0.22758852879274516	0.13021666244748006	0.3170099101253653	0.19919789447189967	-0.4486290894140426	0.31267868636437257	0.12823950738338102	-0.03306728931206955	0.35079685971113433	0.4214929669344443	0.13616048316523846	-0.35810746336252053	-0.1483084541772988	-0.16715415051237717	0.17492470866039492	0.22114340210335162	-0.2705781061349404	-0.030452075167480688	0.5334017507140308	0.41612196647434385	0.4020278995830479	-0.6615745566844328	0.5558917950251376	-0.17199911501545687	-0.3945539623487725	-0.504543978285826	-0.35072974860496664	0.19092220216862235	-0.8930217328561973	-0.25158352760978836	-0.6587678767016091	0.5097415827338782	-0.1587360976643433	-0.7462072878007014	-0.11072001481814783	0.6982860551094039	0.6556179887784828	-0.11291291425993724	-0.44770360072781806	-0.15297702566601912	0.06541467942291644	0.15503937722545477	-0.6250932038427639	0.097203157461566	-0.03509923911489368	-0.4453682245754021	-0.139882198903864	0.33308176149982943	-0.47367429328991656
DTXSID0021626	-3.698010341014882	-0.0862167012253068	1.240305116335214	0.4034793571274489	-1.7146362059295837	-0.45899995541852595	-0.9380429604481825	-0.7530403745272211	1.1378999866035813	0.02339228314812789	0.5477699360114942	-0.3554536768252145	-0.07157434245477566	-0.5507005721872869	-0.2849190834357163	0.279336880505096	0.48671249162113517	0.48436502864411735	-0.4493322926157	-0.7208710159457162	0.22860204439987467	-0.4877990846354357	0.0334259142530023	0.028960294135764453	-0.40198786515252527	-0.04267837570051501	-0.12683529167179333	-0.3353546918465835	0.07199137094484824	-0.3022569519477724	-0.1610976521014517	0.17401096552642864	-0.07421722498033066	-0.15733564623029095	-0.15573632039994645	0.1991263294063563	-0.0824868037768664	0.41275051665508705	-0.07910481227548935	-0.10489476846330963	0.17640924774439307	0.29793239701785024	-0.18795556806410377	-0.034254025523237065	-0.3944286852354449	0.19860351306764507	-0.17008064934794626	-0.3571384726838944	-0.015615244331370872	0.021797306666697932	0.020136988148009752	0.012581395965887076	0.009913216232810355	0.0006411862510785523	-0.1688868567895375	-0.06843255695846151	0.31602904867324333	0.10862880039857299	-0.33272344753714017	0.15146430182467524	-0.03389771888769041	0.2170321109624142	0.10663093167581002	0.12468034847107455	-0.14985785952279643	-0.12506814758265972	0.1586491601852932	0.10838147323370954	0.37344727928033233	-0.026305431534470975	-0.029183638726256872	-0.19820295321848314	0.20755850226631928	0.1934309203400184	-0.2874931654643514	0.2797338965720648	0.4864509608444043	0.7414302352319925	0.0015080275341570945	-0.05470899556580793	0.1145897821616895	-0.5083352371529015	-0.14432172658318576	0.32327901632263883	0.22511832453804087	0.24844233154021947	-0.12203524148315936	0.359388343145112	0.026612177100368197	-0.06500234480141837	0.1512082236005733	0.14178195549400047	0.3480129097255095	0.18325271618764502	-0.26837449525187806	0.05630959617138038	-0.1754109314221293	-0.32529296182047207	-0.3143159910947571	0.47314858068846954
DTXSID6049307	-1.7381335801087232	3.826488953184287	1.4409357637505207	2.4055469724345047	-0.5013155582373597	0.9510809368838348	-2.5827641411726785	-0.9391067893891909	1.4550805947354284	-0.8373978400957319	1.2644424716241578	-0.9838569041925872	-1.212985034287822	-0.7395219410310642	-1.226401914512015	1.643615043653433	-1.241473491345301	-0.2547984836115206	-0.09976689660281231	1.135239034006567	-0.4489450753620364	0.4602778193176686	-1.477519559509789	-0.6041281428071273	0.3234251958570186	0.997363240586085	0.12755156565939577	0.43611711836700734	0.02364438564208087	-0.23370707481016423	-0.13170831824882828	-0.22677525027574652	-1.0070262262864154	0.14642947950891533	0.985716828192226	-1.0602215837061475	0.8624968545755123	0.40765425213765216	0.8448308239853781	0.32801009322387986	-0.26707788527495274	-0.23822458485909467	0.26225156382241577	-0.34725138930272126	0.365903665966267	0.37265287098504096	-0.3107605698774271	-0.007152986099002623	0.16524953855899924	0.2202931693492065	0.25437250470163963	0.3134595082673037	-0.12188253210343024	-0.20543323042928716	0.3942124016149154	-0.41874607933816055	-0.039507592629765394	-0.2282379404140396	0.7916683656891075	-0.08082246461297854	0.04710420071132624	0.27583352871898575	-0.41372385664687267	0.00013444533547415436	0.47071095746970426	0.5967920566774991	0.44146907762749493	-0.5257210519092244	0.3477340194183336	0.5044593516738328	0.9342057837127553	-1.1987170134176337	0.258850303536358	0.2810949437626642	0.5435700800818061	-0.35427200444949203	0.004731429373281764	-0.09428257633622852	0.15454757807587458	0.3261703707436834	0.5462150942684959	0.204728938837886	0.38045576039797807	-0.4404303738310856	-0.4017481176854312	0.11682909982684972	0.9384801880973712	0.27819732845948486	0.03301356846110871	-0.5755961554431651	0.17275089395277973	-0.27776858353077644	0.34354254164710585	-0.40421143690316996	-0.335610871019565	-0.04332011835697684	-0.5549343233160116	0.48994867543839943	0.473172831832721	-0.44710801818896895
DTXSID7047358	18.36774348004603	5.439440109366058	-4.7409914988739565	0.8284735027434046	2.0571912019452356	-2.0460574462076884	-0.2515060873196873	3.351187627790489	1.2413591440500387	-3.318185803846151	-3.5880444613530007	2.6053143228170677	-1.3099826884774697	4.345488277065152	3.814518786709876	-0.25121371976814627	-2.556631059064785	1.927364204377097	-1.5523294959126857	2.7504492415397683	4.091243646788258	-2.956763580283044	-1.7451860905706102	3.8605834252274445	-3.4399809769317686	-1.3717930386148427	3.720774062463743	1.7204861931971118	-2.292967563196924	0.6586552080025859	2.320351064611896	-2.9113315097293375	2.8199058004214415	-2.4276890859415703	-0.027347596381182906	-0.8771394659362504	-0.8539420974908322	-1.210633936964762	3.3719359320554547	-5.366281106948488	0.5416950276359738	-0.5826486940669853	-0.6846005351263312	3.7696690608908745	-1.71868684747604	-0.5800964744410537	1.2884319824165138	-3.8167350604292145	-3.0698186979356974	-3.932544604539803	-1.3623606973928637	-6.017526567194599	-2.068641783115562	1.4469401979199583	4.988092871535699	3.0551157272629568	-2.062519734038504	-0.6229265743526943	3.736411749773902	-5.532815366902332	-0.7562001479393841	0.1539907466128878	-3.920080991570616	0.2755463888709926	5.783948438201808	3.096675040892423	-4.984099650106795	-0.5318146701044701	1.1944967433914815	0.9818324228023724	3.3514565109815986	3.103195016392226	-1.5764817455662292	-2.308424419352644	1.5036419029485741	-2.854577936438137	0.2888882737254548	-0.8831819742433019	1.2456161964967425	0.5937057712517513	-3.6850685813725783	-0.42593762999725043	1.7118846901200229	0.8863553169336452	-0.35275521969348855	2.427529483051446	-0.8061545971097843	1.3015580461881393	-2.9063928028082238	0.9751751838693086	-2.18097813024325	2.147184664419647	0.3478753017391906	-1.1925014938729226	-1.2323772890940532	-0.9480229004819011	0.15904276942402445	-0.7706286361338752	-0.17392875229045962	0.5030529639982694
DTXSID1046346	-3.9464497480157865	-3.714656446072365	-0.20249543326300942	0.4002762298127679	0.8859296258944723	-0.7442150906294074	-1.3939742367602208	-0.6182395598201643	-1.5395250838799113	1.4685482084778607	2.3469808054692276	-1.421717442139972	1.455641881253133	0.23635910640037255	1.0904612775573732	-1.4520719873876784	1.1532956748260166	0.49326875005375825	0.40637655910846127	-0.4756343382777239	-0.27382366250153517	0.031216621309370533	0.8923257035962806	0.005684516845977522	-0.08400362564137631	0.43803519109473676	-0.18209308155407813	-0.7846562651407606	-0.43050371647856955	0.11365993783295454	-0.5420096003284297	0.2572276880286056	-0.1349081088942077	0.6887629637847159	0.2564056710894894	-0.7662059894884119	0.6200346107798965	0.03137705315994495	0.2709220612867605	0.444486803711598	-0.4240336017132509	0.019604739393578804	-0.6523981423183157	-0.2758239273640069	-0.5432677195003693	-0.1413816293785578	0.02938134013439463	-0.672772605435576	0.04117943809165747	-0.09029096076865514	0.11662822156023536	-0.14409496900826088	-0.03545806942929875	-0.25867567423545945	-0.02263455779273987	-0.09458826336329638	0.4428052299568405	-0.5366562459753309	-0.14317691233742344	0.10173754844113463	0.13190288490051189	-0.1366160236003349	0.14501666945638753	-0.13360149552566844	0.12172018469187636	0.5134665603082069	-0.5740395274427558	-0.3304981207624369	-0.13179057130170485	0.017891291678330673	0.5153833310814241	-0.1464999759520555	0.4598326249629211	-0.1449990335881481	-0.468179304767902	-0.12818133478951751	0.054736012543560086	0.03354791789689335	0.36637590698375744	-0.6838572349371389	-0.029610605098475525	-0.25934713003417054	-0.16141178983235083	0.19045239762327879	-0.17796409787844755	-0.06468525502474068	-0.6762111742639877	-0.3805295904855495	-0.207803599035127	-0.18574830098698447	-0.28975232099596687	0.3056615107463205	0.7881996960263261	0.514132385440386	0.2781177549136082	-0.09016289365601579	0.127954878175034	0.15140636037850855	0.41188890470493333	-0.5353116954793316
DTXSID8041957	-3.241969131623696	-2.8226093409519137	0.7022534399172529	-2.166724111405489	-1.4164886763351905	-1.236194495474094	-0.8224545006756263	0.4343057806702243	0.3871851864369251	-0.013697280284819171	-0.6085284617988361	0.6353641174198648	-0.6762013070539932	1.4319630302164355	0.23085835625766263	0.7186199402009902	-0.8052779619816421	1.1125755045385877	0.2990735817836716	-0.6033850270466014	0.2907995862702036	-0.1302436597530718	-1.6101947098796439	-0.48637029678946614	1.695183518306705	-0.043949406507727044	-0.26010696974628417	-0.15193293929694426	0.2268429001356435	-0.0966306719104214	0.9282468217618558	0.2460443253826488	-0.23506847437150202	0.31777863233155457	0.5602922046175021	0.039233960224632006	0.1294841110760566	0.03681072576545609	-0.10863346436525662	0.4030155366903421	-0.26016532767082384	-0.7430949953116376	0.14944733314277037	-0.0734801631868157	-0.18892945864320917	0.18933353621328083	-0.14799290971876086	-0.16691346969465876	0.1876036587796896	0.04701335399069819	0.04385928691690107	-0.3413304633722146	0.30017821992162563	-0.26289557172419353	0.31417650482546644	-0.4204469767667642	-0.48280944180736385	-0.17251550166718874	0.46677157874542924	0.07185190725450859	-0.15293612841748974	0.3223493170433106	0.14942586984564982	0.929971674835551	-0.028506387690312177	-0.5086852832522778	0.33572682171105633	-0.48419578956458126	-0.7533161143647525	0.3693503689129206	0.6425312666868976	-0.07027515671728055	0.37542968734465854	-0.13768235825476202	0.7961569065254055	0.8548694913344482	0.12520691941860665	1.08911374483102	0.331194149848061	0.22019077696211542	0.12788872742520974	-0.7119835507646696	1.0287597866747842	-0.1745573769086857	-0.15366499416095739	-0.5604739898515531	-0.7591067377092108	-0.7515469281639019	-0.04846166760370757	0.875336916617375	-0.3328769813355016	-0.36829926070307056	-0.490815900517765	-0.310558300668531	-0.701288792730303	1.0024271312721131	-0.016884736673536235	0.054967440181507586	0.43756562670381544	0.17581515736642106
DTXSID2020212	-2.9644531666434677	1.0633315681450475	1.305675104096828	0.8773538322340819	-2.192984921341862	0.10946739941584367	-2.201361121621764	-3.214563747273025	-0.29153721237834335	-0.58236990347317	-3.662463368485791	-0.5556433688524196	4.2003226932355116	-0.3626417142518281	0.6908543871934977	-0.4939892402524072	-0.9138673417660294	0.32331238428692	-0.64066746200745	-0.15736789353694383	0.14056641427418654	0.31900548798364453	0.6727420710094604	-0.7435150371082342	1.2109228357049253	0.007768644471786298	-0.35283642837865087	-0.7925451648951601	-0.41899332035260467	-0.13201683147394558	-1.0189343558398838	0.3534233688882039	0.25398375896847697	0.5237505881722113	0.03607030631125932	0.18185694743218542	-0.8138291513439518	0.36642008957430927	-0.4347601545783903	-0.021192786596611116	-0.06805265258901667	0.061440181436249644	-0.2525484719667951	-0.30009659472352074	-0.26458944617592595	0.025287688088010747	-0.045408730147197235	-0.4182180541218338	-0.16542567695200155	0.042233693930919185	-0.006490541501776276	-0.3949138951979631	0.3245602135951175	-0.051238574355339205	-0.05010684153764289	0.31785179388537455	0.1049434686781464	0.20441207564560412	-0.11605703082025014	-0.22353282606036426	0.28312406539001106	0.386575551656245	0.11814035337641957	0.4638152737162106	0.1786295775886821	-0.5510914556622818	-0.050888639160965914	0.15175524375700156	0.40552523646399014	0.23902073751451058	-0.1200755299577478	-0.30234571346114403	0.3633216721709169	0.2804057475392474	-0.07895490956504957	0.08570929053354688	0.4063512491284715	0.15361899134963164	0.09664993105928535	-0.3250558821773496	0.2621809267110465	-0.3059839986198185	-0.2067453943782432	-0.009760322277617209	0.36315912817168666	0.01735720059184923	-0.3784217581418248	-0.07333419414293872	0.0118614810841416	0.08073757596257791	-0.3615515341115276	0.2148368149244645	0.314908819410162	0.29821337140609233	-0.2867165880668463	-0.11360627946521629	0.3085800309807918	0.07351260241406207	-0.018930471667722375	0.19816984702977591
DTXSID0044810	-3.05320224913312	-2.5490901789349922	3.3290832070399303	-0.8781364978437025	-1.062238171004265	-0.7663189540819441	0.31736328057203556	-0.8869793064104508	0.7354660613910085	0.6086109741032381	-0.24592997134339398	0.031503039427157396	0.8867882501099039	-0.3062248421756217	0.3720925135251251	-0.10834175187855222	0.8401132006561383	0.7607726843367617	0.006370028731474435	-1.176041478645615	-0.02512511243740844	-0.45600688081565993	0.5567912743818602	-0.13804252975932907	-0.10416328657568112	0.2519408273780907	-0.11666042392328653	-0.5416628791383364	0.22679490166456728	-0.4136018365056506	-0.30282009909137914	-0.11153941723161594	-0.22254847640318298	-0.012592759899568507	-0.15468118395076447	0.41291364684085546	0.18851064136369586	0.5887354002294429	-0.6604214883683631	-0.3885065719958496	0.3333999175300283	0.07366006156767511	-0.27039667425031627	-0.5442665355852608	-0.011786833016661977	0.10279849164270953	-0.2521979658979051	-0.3266532383471345	0.08972426374113429	-0.33819882646212307	0.027092153460882513	-0.15558061953714147	0.0231114091847841	-0.09090795557911602	-0.2297622864709095	-0.2225308911078699	0.2925205218311874	0.24124194150210482	0.22789742956983094	0.36065933431047925	-0.12773406453415903	0.016441196509026954	0.10296112354363736	-0.6723167413199123	-0.38574436977249327	0.3344059010347225	-0.3280614002734914	0.19582980538524666	0.33195666412287883	0.4930189830447254	0.34064769590194854	-0.33479261207789446	0.9284629705795655	-0.05871492863843592	-0.053262788583937286	-0.1692782840022611	0.1423248057989706	-0.1815783113815037	-0.01931500402121234	-0.15756834085600718	-0.6026661226218685	-0.4339520361888528	-0.36221387870533955	-0.21141411954171002	0.015674252714000927	0.48520814763393794	0.3291945243448134	-0.21438794641632342	-0.2421658220657057	-0.24941617235082003	-0.029726417666626214	-0.13554989042137483	0.08591619978288734	0.41444238024596874	-0.08932172992021058	0.1962391058706337	-0.10516474966326435	-0.20940335023731546	-0.044134515705238395	0.022852535175897117
DTXSID5032573	3.8243744854412642	3.8651778057367516	1.5550395162529134	-1.07565532137932	-0.9448313409037544	-0.2888110858826118	3.69948905396417	1.3529157132871752	-0.7197299516995752	-0.7697208112517304	0.27023672327423903	0.781968237736616	0.16523148605935303	-1.194918047347803	0.32201514425918404	-0.15041441369413214	0.5978307008080903	0.0823191535876735	-1.3016221599949467	-1.3456306779134015	-0.5931507454664939	-0.7630486422765296	1.042470490269761	-1.438826990108759	0.6721405895730221	1.2181140066980922	-1.445719859931793	-0.1438426819067748	-1.2434106207358964	0.6705202031734707	-0.012545673224437183	-0.6837554544842585	0.06225462343246189	0.36925289333547484	-0.6623959010054982	1.1314579772973088	-0.47952836260878035	-1.5556422967181602	-1.3471567839428762	-1.2177631131430289	-0.028335090411745856	-0.013557090486801893	0.8000752279097249	-0.9275029739531316	-0.9689899814642883	1.6212207919130164	-0.8708864089208204	-0.6139929865472757	-0.17161163565468915	-0.3913756528887776	-0.4234571476549555	-0.2991201021494743	0.29571650244410247	-0.029522604937684556	0.057573473997569964	0.030490924013812724	0.019373342051233367	0.34522278605511064	-1.2443670490031014	0.04123231826572031	-0.6049301544272918	1.068313859035369	0.6661515123345921	0.32076522840352717	-0.7359031675256265	1.0043798613996464	-1.8579090032444507	-0.17226864092502306	1.0830763020951837	0.5030509333715733	-0.33484616647996235	-2.271709467094303	-0.5513945848776525	-0.04806488913882623	-1.733723051138367	-1.1932302801197987	2.4418124430632013	1.6061142399809032	0.8837510306720929	0.026001951570406488	-0.6495255762210871	-0.17119074410990284	-0.017415014741380224	0.47010669954858225	0.4962002183365948	-0.29444522779600296	-0.9231849992097482	-0.4900664645953819	0.28582948266089797	0.2698257586463665	-0.5108391825842908	0.02005300825960872	0.2963215343828165	-0.060316765892900484	-0.6200006807361536	-0.555200606563155	-0.21080600509631447	-1.028172444428086	-0.8072416106519499	0.39004640815708214
DTXSID9047960	-0.8929057594159387	4.7641815252518285	-1.7318982939691363	1.902129633235451	-3.9362218600907837	1.1461321884062081	-5.6724200224302646	-3.7757918719928862	-2.163322972013371	-1.4694434895391069	-6.644450041842228	-0.9496549046390679	7.640526595579508	-0.30553269054520926	0.5461387704248837	-0.21662892434317776	-3.2248662434287945	0.17612994045044422	-1.1872340703344466	1.1776843536587516	0.5099171792990589	1.6726688893608592	-0.4186137663763719	-1.1769415722603456	1.8947276457905973	0.8817676833977874	0.06176737634593189	0.019858439442298672	-0.25458702546972156	-0.5770270868040837	-0.5310908649975685	-0.22531536099452232	-0.9879377894804655	0.40099256133656197	-0.5508590697124646	0.00975824820519481	-1.8816908850536187	-0.31131633103775186	-0.7292573553389393	0.1326963726420402	0.5223614529422641	0.18517480301693728	0.22827004571504048	0.5014381833245256	0.3529291632786329	-0.2211553572863575	0.1337077710228843	-0.3635457531575872	-0.33104217584403794	0.1795566107566096	-0.20443040401099566	-0.8151633909267887	0.5342105380052912	0.1319875115225301	-0.17806860246941936	-0.31168143508673	0.003165517016355758	0.10886510975124854	-0.3789576661446577	-0.4084148341571405	-0.19055543292947463	-0.0006273099558511362	-0.33590287609218716	1.6910636884364356	0.08227591068571954	-1.0247751875722237	-0.11002634495273712	-0.25874635080744685	-0.30785921107012854	-1.4848652046410205	-0.26698672808182045	-0.738185646684609	0.7349501987565671	0.027618968389925454	0.11672397106085747	0.14577668924946074	0.9312186903143242	-0.9667051209417933	-0.2608636894578004	0.1250184633128621	-0.55366860296185	-1.0460143727687456	-0.1511311814432149	-0.43044523060338	0.2850442835539015	1.1424061767690357	0.3535771410331842	-0.14054269515054665	0.13055821075125115	-0.4575558192146072	-0.10174408817406991	-1.0945723634987998	0.17302864315604152	0.1830739919211514	0.1295567125397442	-0.15060253885917552	0.42557124502410626	0.13001430405286377	0.4365898774042177	0.6110442459631177
DTXSID4027319	-4.723379373494507	0.4329053010025109	-1.8560151602942891	1.9017805997806028	-1.3902136828146177	-0.5954084098787108	-0.5886555191412182	-0.8303265432197736	0.9926227289357051	6.012068584338236	0.6393186204608501	-1.2377861672994757	-1.2761911808308746	2.527691603997002	-1.2705505561488617	-2.101199801147834	-0.7705753464290506	-0.4981861683337738	0.7515356707544772	0.5974837663574035	-0.6337218978770436	0.629470569204007	0.3379580435065115	-0.8449544846968334	0.3732031320964317	0.051134752930458285	-0.602673622212382	-1.0607049908771673	-0.6566517534638873	0.5510899124847903	-0.33856224069786445	0.17896714861183968	0.2542028982529882	-0.27849126274457636	-0.3223314626469595	-0.2549867833264669	0.11999014081840524	0.2947974102119067	-0.12309314267248696	0.5094585444283484	-0.10885983061203847	-0.23554397705840988	0.9097566638807205	-0.07131790725627381	0.585892997131983	-0.31088836658305624	0.08335877986117743	0.37510068185102735	-0.22974687693767734	-0.1801527118138253	-0.17765655037696587	-0.046094219552730666	0.24754488356002272	-0.2692048601263101	-0.17420765593011336	-0.005946874336999928	-0.06717334519093245	-0.5561283006954629	0.1997694671786185	-0.19476002828616584	0.5647419992006538	-0.41848539163371884	-0.34107630349096074	0.3521156400130244	0.7330353053019405	0.15994326719839885	0.21983250996869833	-0.0012378589368055727	0.17761956681939037	0.12425951043441283	0.3835842515931782	-0.7706555609786455	0.3086301487929118	-0.03535094951102052	-0.14885849331248371	-0.23897403902168102	-0.18787354683021454	-0.5552984946044932	-0.33009011109011327	-0.04091570998710118	0.05116186549078836	-0.43379091016434124	0.2559743331589161	-0.438070717622175	0.19998147766371252	0.37137027653772364	0.09989659596800138	-0.12189478679337998	-0.415076187755418	-0.2955897621782267	-0.4853292147860061	-0.24673654700596362	-0.1599533051284747	0.022773417090217164	-0.2654486238965047	-0.23914298822102198	0.03792352335935544	-0.08331270519286495	0.1772821895513419	0.20413715999756776
DTXSID0020656	10.721268319222215	-6.271556479133388	3.2583812798228133	6.156121719857383	1.0590669483165618	3.33215722666719	-1.5606209017505097	-0.5387953806419989	-0.6177167361304126	-0.7777724609425032	2.8237515980730126	-0.4540137225665815	0.8072049791363051	-0.7267310032862201	2.0134091952196136	-2.2987827500584515	1.901104086152141	-0.5794696632756711	3.0308040021164993	-0.1885653271157272	0.04769040272268949	1.0111167298218102	-1.1159676431678607	0.6249928325712532	1.4710018705041283	-1.2535653939201492	-1.7335669783659753	0.0794464781067388	0.07672922762898013	0.9356021777619612	0.35828233191431214	0.07794251122418264	-1.160976286939578	-0.07886550669549207	0.2551847524101743	1.3184050220408192	-0.6881232708848685	-0.9844259926391408	0.11239016326169127	3.394202549475708	-1.6862915588808074	1.6135910324842933	-2.0920729451487476	2.481978031031204	-2.0825484248869133	-0.2512059135820075	-0.7519326168094571	0.01869215988765112	-0.38597590978631074	-0.18149731401144203	-0.05228024480856366	-0.15682540847408163	-0.15703034796657214	1.4664065998498996	-0.14149924154996305	1.412115330266508	0.6118854105880618	1.2538206904839613	-3.0813935089750255	-2.02591230956358	-1.7745455083504225	-2.448365133248551	1.2944268778900938	3.5519353881411484	-0.5087078069996268	-0.03727595347049462	-0.3538580031619533	-1.6014912890263613	-0.15694972334783552	1.5274827777496978	-0.19138378007670212	0.2693669078717957	1.2167935646690808	0.14013602157107383	-0.4985697205074019	1.1444147383899734	-2.5445373818735915	0.2151409066342654	-1.090670476229591	0.605896451476088	-1.5267923544437312	2.9648095149017513	0.3294100908747732	1.1407735623058544	1.7536507783871464	0.065195719993735	0.6008335507652811	0.36162782368779833	-1.814192388786003	0.291099297648581	-0.26458347317080183	-0.27052331079247277	1.7327888849182231	0.26848012434899826	1.443703838386034	-0.4080625562506665	0.5009493299398805	0.13662887152228476	-2.4245723152265524	0.5065344590236374
DTXSID1040245	8.469405968126031	-7.990292061932527	-5.898473360567625	-0.35882719982603073	-6.011421711813909	2.766743454040805	-0.6271309207149128	3.3967280557046595	-0.043598332738454273	-0.2848361892169089	0.8165209530871024	1.0307106612485077	1.2849942847766858	-0.03680385456177894	-1.8590351173831532	0.12133311243323538	0.07548792074340838	0.0968598800445967	-1.5386954637901606	-1.6057367122089332	-0.800638400989244	-0.8892868084571862	0.8795441044036041	-0.13730007459158267	-2.45681848426943	1.6168747150210072	0.3988026129143366	1.4280685883742477	-0.13655164834610875	-0.7755319728106556	-1.8717041108573393	-0.05762144160764457	0.7110317993479466	0.35869401585044947	1.4760801343045784	0.8457384543359341	0.7813298674116268	0.010273969820232307	-0.24595334066711758	-0.37385731183686366	0.8136581703084226	-0.14368178470846124	0.5508399503980246	0.8136493727384586	-0.27987361252521015	-0.03419438104459504	0.14616151356359042	-0.8609547182780503	0.01010296700806749	-0.577124051000695	0.20372346026548208	0.026973553745169618	0.5935572261961478	-0.1564397605340736	-0.6914866235490222	-0.0005205315735392616	0.5482616674344124	0.4432865031828268	-0.035417899266953046	-0.24396688063465727	-0.3390843027928367	0.7761971029629666	-0.2565451888620072	0.5881908356133906	-0.8893064797862271	0.9222379972336424	1.144429393510825	1.5035971107314128	0.16009326308559949	-0.57834517559747	-0.6534704733467086	0.4464705107152545	-0.6141608709054404	-0.7631162735162306	-0.6255421696255036	-0.029396916304546182	-0.5749734697263377	0.5314545910208146	1.9831974841578408	-2.3295934235575433	0.2668903557914411	-0.5209880066396294	0.10637796645627413	0.4656773104208985	-0.2601853492783337	-0.544265491203632	0.33096092500794283	0.5021090325724544	0.11714490451798329	0.29349827407740103	-0.16320885993381487	-0.16519005059422326	-1.7075952424768135	-0.021447453955961853	-0.8043144610617154	0.7305801284384293	-0.03516557233487551	0.27466029352710664	0.44490680834003976	0.10167483398838625
DTXSID0045830	10.821308562397281	-1.7497797455259143	-3.0790723399724262	1.2861598543442432	4.681280456456288	-1.5933032059101966	-0.9695517123788377	4.006143023473059	-0.5044924333653287	-2.0770242081509345	0.45479770571018124	-3.7454471490828576	-1.0830325909139864	-4.196517122880341	5.08909047785511	-2.0980151170939054	1.7364419861639002	-2.693006754294791	0.6227348682115007	0.5527030840166586	-2.247166584291681	1.1082727892466246	5.044446601119529	-3.809400287484296	1.1707036471331576	7.651462902001937	0.03621604374327547	-1.2503706918581985	-6.192778416298212	5.684696823704609	-0.16902390745238374	-5.167062229527673	-0.7849149270376853	1.718778799761016	-0.5002221512870151	0.6273516205530985	-0.6343062805213427	-15.638847076401946	1.5178328188247014	1.0621880595135023	0.2836920815864165	1.6012465201669408	2.86692600426466	2.173476865091749	-11.317403797928364	30.717466035988256	6.5745466999996784	-9.844627539155242	4.179568516047969	10.925187005500803	-32.7349179450172	4.708451972253229	-17.177218002146695	-6.202156783942216	-17.749651833688663	11.389991257536353	3.3905187187663475	8.91557154940511	22.382364391077378	4.03174007532566	0.5272944077744072	-5.2485706828818985	-3.5087227633327895	-1.8475489885628458	3.452237422210059	-6.407469282290622	6.434412473252893	2.2444409957914804	3.0832586702941667	-1.4213597109777154	0.37662481061152053	2.8693362878723168	6.144950819383134	1.2793276565604925	4.010343707671033	2.153659251785273	-0.08156396776998388	0.20569113426886035	-0.8554053275150986	-0.2065206584999315	-0.03194593592902094	-0.6081315313819379	-1.0072665816747133	-0.9062971836999919	1.34456091918369	1.8674365723303332	2.177410296353309	-0.3657595739204038	-0.5391105119905593	-0.5091602482083906	-0.7466238829870044	-0.46231932514984353	0.5080535094297304	-1.9772157242904986	-0.809191993930642	-0.4363641187980075	0.3035363921181126	-0.7974514982808062	0.09945916872086612	0.9029882613122209
DTXSID1041508	-5.025942609864045	0.5789685506197393	-0.5383879665341468	1.4568406975953017	-1.2180750266468157	0.968337351322805	-0.098006490201731	0.19435380013655168	0.09687897137614476	2.736898882212494	0.133158850148865	-0.40269519633862727	-0.3751026597237799	1.3268676590944595	-0.5080471192123371	-1.540543138677506	0.2952540636286585	-0.20941149389773808	0.10853847955650849	-0.26766906091931963	-0.1316282150095882	-0.32924689260103795	1.208908208428427	0.1520556971443836	0.13793163847835202	-0.5157945395621251	-0.4568312952231983	-1.287046786703901	-0.400955647424163	0.3390030145847253	-0.21827303844534862	0.24704804013483894	0.5599578674781052	-0.4061885685919616	-0.02645920979288114	0.1650531748290557	-0.005471593021227605	0.44739138440820253	0.1489156075528435	0.48742537214386145	-0.4244320264390591	-0.1266447236719794	0.25493795465832364	0.019268393558899224	-0.018082370432461903	-0.0022113735964185504	0.3092032844685119	0.19790324862537226	-0.2453086714889115	0.09258155403854484	-0.08478031345111503	0.07843436721849914	0.20118939586800916	-0.2926529525755048	-0.05103542468796577	-0.04142566847267171	0.014404037767671463	-0.533193426639797	-0.14239379234969746	-0.27349688599033917	0.8470358823406191	-0.24988561351712155	-0.14863266429564262	-0.013221335477194495	0.3910463144348482	-0.029990013089229873	0.28275820624277864	0.47954570336023744	-0.2178165271904571	0.011561718877788583	0.3797782718094124	0.02575378035392438	-0.34726837986204384	0.12301786489821351	0.03281261347564935	-0.47816238090677476	0.03876367178856727	-0.837415120584081	0.06642772648495635	0.021572294239121766	-0.1935274076358703	0.3438305608777731	0.03838511852894315	-0.6190113131674542	-0.12088143771476088	-0.00939084477375211	0.4495306359699166	0.07704087252857764	0.11785855615326071	-0.11363184080521263	-0.3737020133487926	-0.2897412715480941	-0.13585930025488782	-0.03787401336606577	-0.06837654224457017	-0.407938865475159	0.012887821306399304	-0.19760379225621505	-0.027108106914655004	0.026278426566966474
DTXSID8023050	2.6285867176800126	6.2918114802466505	-1.7165793998850016	1.705071912150289	-0.9448871488820867	0.31070933722977084	0.31373164917276947	1.1752454496031022	-2.4952255287878002	-2.038601123382173	3.401036617459636	-0.9061968221048496	1.3119970787627573	-0.27358013644701756	0.7379171902228913	-1.329024404137218	0.7383566725258099	-0.0019828896726128095	0.17161737156808635	0.35215947480633414	-1.4187204726586045	-0.7576753744525441	0.018877136399521963	-0.14323253466263386	-0.11157218540063117	3.1117795729823508	-0.175507307346208	3.0288065406105784	-0.20775134628842498	0.1573859760782266	-0.4435572496278899	-2.4230868157063017	0.1839928078906389	1.0193502887393415	-0.25887974041883455	-0.6471182597252573	3.1440374543250647	2.7645125961165142	0.5830787300911567	0.04688844236938409	-1.968236510612978	-0.0533604029103675	-2.233496579260743	-1.483075765847325	0.20131604800457395	-0.225485235521514	-0.2416812153237334	-1.4744104856134146	0.21323482607059832	0.5731413813232933	0.6491896389282328	0.40573399726956677	-0.47324648636021727	-0.8303066217931393	2.343542905958707	-0.8378531015328777	2.9612762701056363	1.8482298210762667	1.5138568336772424	0.032247380735970894	-0.49055672646791426	0.4183822047195971	0.6058402589982913	1.3621492238301993	-0.1146645976476635	-0.7830172175172465	-0.947212801886717	0.40619102885270925	-0.8595166887740567	-0.2172615119894216	1.1168136087017295	-0.5404815845579214	0.07979035618003466	1.9977926438311577	1.4288741010857784	0.5212230365460716	0.22129968756239363	-0.5817731565813494	-0.13828179178291874	0.1854894485158045	-0.18469616996309401	0.2566912923187771	1.1385857073054602	0.821655600880926	-0.25415986807368324	0.04952074761761728	-0.2351956378509087	-0.3061804841127598	-1.3822057745822127	-0.6430223390007574	0.86836747940378	-0.12779618520750805	0.5385920812536221	0.4987694112177255	-1.1080143548963968	-0.19696661291480144	-0.12676670792265574	0.7997975595537811	-1.5575979299445342	-0.3232653545513266
DTXSID2051477	-5.162335697851768	0.6765768328585005	1.1421729670000504	0.06833973200306094	-1.4946165730563203	1.3918808682735389	-0.31253720366452037	0.21561378922136432	0.6499859242247604	-0.1083161827510425	0.3799766756772197	-0.09843019340908585	-0.11311157543951281	-0.6940386064732439	-0.26447995992652795	-0.09961977655973901	0.3373544732261952	-0.17855258459311754	-0.2715657951435587	-0.4128293107487243	-0.2632826747535227	-0.3793593426303062	0.5841232525332508	0.054810053865972146	0.10884723195974756	0.08698695181525505	0.014143524557780028	0.10633322444443477	-0.08537084493573761	-0.1136644924207309	-0.6735384569317452	0.4544691559310965	0.6042462738360291	0.1639572638581593	0.8501207082524816	0.30203256217232705	-0.04075425016108295	0.0016665839477385982	-0.06882243333564465	0.2363879743296297	-0.0459206029269827	-0.20375724630906356	-0.08429690552783582	0.256207394399092	-0.6633193403862131	0.1465153905727154	0.4159239727054161	-0.41003845864318156	-0.08154980904262066	-0.15721363020135148	0.07876744497573335	-0.06591535504962173	0.26071054621475315	-0.15545455234230166	0.01608001294686603	0.05472305744325398	-0.19278599345042077	0.0965925687729215	-0.24493036313037317	-0.7003753827189597	0.23696222709814124	0.2746899753696127	0.05328748639577313	0.4053960038345164	-0.0024263335916661424	0.009644108481481383	0.2318778896789673	0.6665464265964199	-0.18667860174226258	-0.011225040372853748	-0.0802350393550969	0.1048699485266342	-0.22318694789971427	-0.1056507536984745	-0.12983308009885391	0.5260028729682027	-0.1360191330189177	0.2933299537740101	0.517123503595998	-0.3477635646382388	0.756568698643574	0.07825732035474665	0.07890805782114771	0.020734153956252478	0.07879511171819903	-0.6140884277648687	-0.29602433585478694	0.31881636815525133	0.14543006663066874	0.43898647158965615	-0.06352442601751167	0.23018327524998022	-0.3913571575954134	-0.2163834394098617	-0.22716742971803972	-0.2474008741802623	-0.16350412108664622	-0.1388835525319792	-0.2339059807045877	-0.058299169696175365
DTXSID5041512	-3.4561121156904226	0.5953941952118197	-2.6316885222844624	1.811394030644693	3.1392042684254475	-0.08251913662486274	-1.3716930860888288	3.739645048772286	2.8934006882189753	2.7260355813103567	-1.909879848689862	-1.6654221228845498	1.3972048904203855	-0.0908325464225015	-1.011720236224082	-1.5983988330665213	0.8016895762362097	0.03244793775271149	0.3268350093558065	-0.6930282513267673	-0.9156172090062881	-1.208604645303457	0.4412897880572815	1.7421701104619352	-2.4284797902005137	-1.1943049886399633	-0.634748868783242	-0.5332130446928467	-0.06056689413635802	0.0017476485751088497	0.8418196934105198	-0.1493931512249369	-1.964717696539948	2.1956115179310833	-0.5139460744689129	-0.8997464907552057	-2.8988587289273844	-0.5813171254074239	1.4348071369702706	-1.222080239099039	0.9879685537845704	-2.2206099479875543	-1.756440501874965	0.5089698467667235	-1.053791167553654	0.17561915352366	0.19519333913631096	2.1745404663218433	0.406086651228735	1.491656801067121	0.34627641078867144	1.7516409199246776	0.6244492995355696	0.7192136153199348	1.8932973108526001	-0.382467891639994	-0.21687837299088567	0.12544787108460498	1.3267737674195714	-0.6694527487411751	-0.13576088846719334	-0.6956650759039013	0.7468031288916761	0.21002081134859887	-1.6047668963077728	-0.3242168125581631	-0.31485442113316586	-0.4056589914602853	-0.647247795219479	0.5722259538263852	-0.5943567806245578	0.5673513039612005	0.11572893370729558	-0.025479257077291685	-0.011775603916843031	1.1961090673923909	1.273503535032421	-1.0715317878976471	-0.09954138503339081	-0.47368596858258394	0.4042708132803867	0.4923361324916152	-0.4737757393873876	-0.8754408805269996	1.282430299858439	0.23533078507942257	-0.23390049166435267	-0.011056881152755564	0.15114867319899716	0.596844519082269	0.5990822820514528	-1.0158870009936838	-0.30618323727871133	-0.7438353468984614	-0.7742041728236926	0.19720974822854115	0.3376845831868471	0.32331580259759857	-0.5426243848738367	0.4497572058986712
DTXSID9042336	-4.582977535207238	-4.255519792725579	-0.28734618352146524	-0.0018988779808617674	0.34395243872831216	-0.6620327573773166	-0.9815748419054472	-0.44133931094922874	-0.3122958262085129	-1.2461625529209606	-0.6426101338161005	-0.13442143206093354	-0.34741625525835085	1.3178513554848148	-0.43445938102412307	-0.3197010815493661	0.8266280284934724	-0.02894093892677971	-0.2164117852089941	-0.924950210921089	0.5778242774353908	-0.6176371915333582	0.6835561010730483	0.15353462638929555	-0.5507178509503675	-0.3335730000417812	-0.6703575808923738	0.45940165413475054	-0.14641472812046602	-0.22063624363236162	-0.15726464968427056	0.0576938848594274	0.3536944648082628	-0.6004996860149759	-0.3615836308087397	-0.10875931944088779	0.02503035359319379	0.2597546454366868	-0.004593460892424467	-0.18609697458020935	0.004769113122537268	0.18340117887664595	-0.37798291787453603	0.05647355032669362	-0.34511756182111875	0.13462742426145752	0.27580011429936707	-0.10138441833589666	0.010224020821960328	0.011244340061922292	-0.01361969345935555	0.06477108684222284	0.11019204551480066	-0.11831689632498	-0.08759806949643088	-0.09769436223519092	0.20757727029372555	0.026457329894600104	-0.2983080777204202	0.14828812681759695	0.18646946145867083	0.02021022410515157	0.3176143352379245	0.14350709450267488	-0.26318360732845747	-0.4049330305973652	0.3974046554063772	-0.2703170376981019	-0.19542967577016615	0.2144297330697746	0.16023954253452627	0.27578855860385154	-0.10541304660328747	-0.04289830958224291	-1.2982668695644388	-0.07079821018606167	-0.6938370881169587	0.21184776264162322	0.19665751060608985	-0.4719144520789205	-0.09325989488756259	0.2062115917199014	-0.07326240199940284	-0.21030309031715558	-0.0051959169466975754	-0.05829958097001607	0.1844463842332899	-0.6823008248642035	-0.01464830004216268	0.2208793288131561	0.10749922907503748	0.06853226774234412	-0.17717079255970883	0.23401515395435626	0.19920357655193122	0.2502094680338078	-0.1706026215020733	-0.06406475472953024	-0.29775901093939655	0.26038608325726365
DTXSID2032552	4.2414270186722955	2.3311189331890807	-3.4305163192922974	-1.5411332288491877	2.9028522938028227	1.537317172240146	2.924064789458865	-0.48265318556420816	1.6627637918257079	-1.2888141125963146	-0.5673009490689781	0.602946622664089	0.8772695482626195	1.876259759961003	0.3947804375188494	-0.4328565084702357	-0.5000571615847379	0.31182553855792844	-0.2878362111987564	-0.4279328244998446	-1.0918986821252148	-0.628183713284465	0.18841536154700625	0.33468556219411283	0.2616966234569659	-0.3533728339519386	0.38159343102744037	0.06658084465863924	0.0775624394908257	0.46327941549869533	1.0989238897538132	-0.7355560034560369	0.9723727630365138	-0.14076674255795246	0.5480349676063477	0.048938749001434634	-0.39112023084451103	-0.6879631214313013	-0.5097405491830759	-0.33863654306902535	0.5879530398472086	0.5047165543173495	-0.907621566247086	-0.4504446631473631	0.39761901487130036	0.3245932701865174	-0.13565058891652193	-0.3057060856860216	-0.15466476529082382	-0.5543713031481391	-0.058244422534017445	-0.18360593396484423	0.10521366365658308	0.1901065053454283	-0.038967121059070714	0.09954089579988842	0.08052752867414478	0.9101725300205192	-0.35758685806091467	0.6411099955304526	-0.5403086330909247	0.12396041199287561	-0.719183729517291	0.04587991265767125	-0.03601910682553155	-0.11358845735786174	-0.8561293669587994	0.4600768770665749	-0.10276785620242002	-0.3255245339244805	0.423903621378565	-0.3262841216882343	0.025560452718185123	0.025119205666001718	-0.741580960454202	0.10640116655408946	-0.22700368902829074	2.6780238486646093	1.0852287715705045	0.24041744532104775	-0.2295358400568811	-0.25676350055660907	0.03092060522482449	-1.0140756220077332	-0.14084052826873142	0.009308275507564544	0.544768437088101	-0.14543527111674587	-0.13505815701334573	0.5578975911779493	-0.2783148345645065	-1.336589576332831	-0.084902215291156	0.3167571696328401	-0.331657054654961	0.1804606508976435	0.05100025015952999	0.28847831892388903	-0.3898603355265727	-0.7029877255321016
DTXSID8027822	-3.9372015439541688	-2.2784408549987876	1.6545643309961167	-1.2000137471048509	0.7911203223259275	2.81966578949531	-0.8373928769875588	1.7498675209507382	-0.9018858444105655	-0.549263728665893	0.013552034456205238	-0.06620989196391876	0.15968763924677126	0.3396798280357639	-1.9972693818467562	0.9754934911367923	-0.8374807739174968	-0.02978344308759461	-1.7212265492988414	1.0676383773335607	0.46007320630825355	-0.2829389040165035	0.5120915874504841	-0.502196964419994	0.2202966823633942	0.16280582350579006	0.8900307457769949	-1.1238937493201082	-0.1948223434754797	0.6445793232890158	0.20746722637837547	0.5976927264610363	0.43918320297824226	0.4971742441715573	0.5667874093645522	0.5043851545815358	0.4157015233187589	0.27037542693345307	-0.32574776832736624	0.05619721345529421	-0.03297810338331344	-0.5189151405260849	-0.5760099421906092	-1.5746725761456197	-0.30348664266077213	0.2026083037832634	-0.1548768328504342	0.24083007944064938	0.0012985396895874126	-0.06603021263846598	0.011796198241080564	0.23475944224763026	-0.11191117169349911	-0.057967787545500256	0.4007408398921621	0.23960660952089655	0.5195480766832422	0.4743697722632032	-0.20403268645711725	-0.42969425299451813	-0.2723795351157047	-0.4244349668485289	0.17933091208997679	-0.5559253346550267	-0.2087666691963742	0.5997606273468856	0.1046253402350406	0.1616001847295472	-0.08919268310063701	0.6994708998408539	-0.042010134095845364	0.20232179826185856	0.8592407644583793	-0.5028731404270832	-0.040111861270593865	-0.5330727239640263	-0.08984172308400992	-0.26326611884774037	0.3503437588490146	-0.34517850183913473	0.1913703716071732	-0.5101632877755008	-0.5593825422090187	-0.6952333635499472	0.289564986986565	0.3407769399321865	-0.16120043859363245	-0.5642343182821449	0.6480643288277792	-0.174211075778778	-0.7851894519636834	-0.3727910392320258	1.2214476028530095	0.9308074759008599	-0.560638983803003	0.4106316771082593	0.07456386462007362	-0.24513032051039416	0.10560276180711235	-0.1891589302082458
DTXSID0049022	3.680955471909108	1.3324015902045565	-0.3282470806854656	-1.020357817241459	-1.0411858818085489	-2.805670903840072	0.03285175459394121	1.5590958070140226	-1.2083414542380688	1.597946914216182	-1.3188704013098118	0.1489844720114876	-0.9138687479549181	4.842702333943323	0.8459582137570967	-0.8283143870638253	-1.0600644055101645	-0.02356547306169564	0.7671843065439818	-0.7593296646648915	-0.33161828041590613	-0.3418990975404795	0.7543045008791581	0.3269362857287404	-0.9095076080453502	0.546391023100388	-0.24547847223643515	0.1534304953329585	-0.45594588644898254	-1.1009936044771724	-1.1221479535240706	0.33410618445731044	1.6232347209777256	0.1843203922428385	-0.38139360981378717	-0.49264456965708203	-0.0780029897717942	0.10981800254277256	-1.0719198649546904	0.9403712007815874	0.7310538155005534	-0.10735178882303963	0.9027736326646277	-1.4662674023336344	0.03752465762577997	0.33680071495204006	-0.5268275948520372	1.0042129153348172	0.2732591967910783	-0.3462300155500848	-0.4885914341805033	-0.18535221854486497	0.5679258527461425	-0.06201149851135125	0.05574972122392905	1.3414619075003091	0.27473062563176553	1.272995900329732	-0.5751698781862081	-0.26911150136347345	-0.34006604372318294	-0.8833378197158881	0.2866874159737186	0.018954020875740114	0.18807207601123682	-0.5123689156387777	0.06265936963899442	-1.2600508814847986	-0.48516745809813744	0.6675117393618064	2.3532382865386112	0.414111659934699	-1.7745781950852078	-1.464686873031776	-0.5620365623979998	0.330374589258843	-0.31357775407609156	0.22633073626305264	-0.03533820002635901	-0.6094429759317406	0.4688227880698976	0.3527063094180703	-0.726135429873311	0.8054455935979696	0.7853247429138078	0.47745431313058456	0.21853284845236265	0.5231046609416399	-0.845473955054548	0.6446234770698995	0.03242764741974808	0.3140892178053165	-0.3904179159693695	0.33325780018714923	0.18190246748266226	0.2175768715318488	-0.11329908327361425	0.3136479344599178	0.45040146644191487	0.154008478277307
DTXSID1024091	-2.3037658773599987	-1.3233939426311305	1.9718437336238046	-1.4565879836834081	1.1052580113437827	-1.338427491597527	0.7602655339310347	1.8733691585645247	0.886173022052959	0.37714737102344514	-0.8488090047184179	0.6308951914859494	0.7972482905156009	-0.10617492789037015	1.1884901397842427	0.4932693112670368	-0.41582691642308445	0.5041756532933499	-0.7873293084904028	-1.1802955711484056	-0.5588430380054125	-0.16953952493493116	0.6669183347759718	-1.2362843890195632	1.0645994741883882	1.821859652728374	-0.9812670430319335	0.5417796771471617	-1.4728372032429784	0.9679124134400162	0.7580137886923273	-1.0974612679056714	-0.6060994834230801	-0.3284361383601344	-0.18770710087172146	0.7664992857970974	-0.4983682243498011	-1.411118496958488	-0.06868826832976604	-0.4622914226080757	-0.2066234245804365	-0.4950563690118082	1.0985443080046597	-0.653280201357218	-0.19299721964564254	1.736789943193869	-0.44868688256928696	0.296063305113611	0.3782331680016004	0.18567769721424926	-0.1997728793157222	0.14136470826777406	0.4196093091304624	-0.08317982023783306	0.8029041454023653	-0.6625018235327205	-0.5085059729639408	-0.21602959647833295	-0.5641037426509846	0.1557189054458169	-0.4755058509147101	0.358244190386958	0.22933846821532494	-0.006867783886799259	-0.6849959370779075	1.1585045848268463	-0.7068604999365399	-0.193722294267011	0.12104100354841899	1.309281042502269	0.3754385225632918	-1.9097035193647713	-1.372863896788603	-0.0702666077159792	-1.289144879597996	-1.7261294787770982	1.09025867509323	0.3967890247446738	-0.05958045910759495	1.1571563464549544	-0.7804252768609115	0.1324994871573377	0.5674849101119286	-0.3145255559895199	-0.7088946068116352	0.1620445835436631	0.14585023601068114	-0.1373096973921759	-0.3706337316986548	-0.24465010072817872	-0.38330899231067095	0.1543272790437405	0.7808942353947622	0.917255555753573	-0.5181585028049572	0.22383675027735336	0.20571596282284907	-0.1986306501165241	0.5196796536787468	-0.3973630286828498
DTXSID2041884	3.4567010570714043	3.4087273537080724	-0.10133536378639015	1.9892374555453027	-4.204091748107307	-0.8788238662398996	-2.1665459353026932	-0.5554296684139671	1.0586210393438467	-3.026111603527369	-1.827895680689228	-0.03662443504784257	-0.27262445239298194	2.419441740771395	1.0771695609749432	0.06406547763896898	1.7521182866922873	1.134764378772983	2.436624410414143	-0.3424075355333931	-0.7884975282508022	-0.45415741688817807	-0.3140168433510427	1.6451169772341772	0.6335898756559774	0.7554299475282402	2.513473705240631	-0.9968630621981095	0.3862301816847698	0.5947052944125915	-0.45234801430279614	-1.6188455325318898	-0.6587265502090726	0.8847919764856587	1.4870443457309122	-0.8503766489954614	1.4451324915069426	-0.47048659114207986	-0.4733077191780062	-1.3787251590580503	0.22073486502898243	0.06805273986934951	0.740582456493063	-0.9941444732421559	0.45357614587192807	-0.5691962787139083	-0.18934821281266076	-0.2088862704438257	-0.2770521317014475	-0.07449743463445424	0.137986866627598	-0.22788704034832333	0.6669536638472017	-0.5088797680634795	-0.2817733077455211	0.2259188985557211	0.1209867497278588	-0.524018203920322	1.580178161934525	1.2989657428409782	-1.1398375064818165	0.01557544978878552	-0.007479773610274739	-1.2970458955649127	0.30555458011832237	1.4817571197647332	-0.4828559905386016	-0.5081712178144931	-1.2233491330591277	0.182397705605626	1.5598934136689417	-1.297980371386007	0.8599693832373809	-0.4483472632683077	-0.2328722133530936	0.8621970161971979	-1.1709829300953423	1.3017916340129263	-0.502460160173319	0.6202146966055214	0.05110916839538036	0.2263093035269845	0.688491189783272	0.9779476266603891	-0.1381562689374661	0.1823101195356864	0.04993386891795761	0.06749570329203793	0.5133734514498357	-0.539497395418453	-0.04895614337770571	-1.2150579253959712	-1.296736204293767	-0.28146765038120014	-0.44457312280960215	0.1521462305966426	0.45189998257484393	0.29421716603748704	1.4376746418765536	0.0332166385197666
DTXSID9032375	5.327326998700087	1.6639963617193319	-6.051364193724226	-0.38900663853944084	7.317904443281806	-1.921039518418532	0.6943818926149641	0.5791827899439538	0.10771981745005339	-0.05077018609165501	0.42594674056964	-2.9151840405932226	0.9730114423134143	-2.135022023639227	2.9278857349208702	-0.6099442027438079	1.2035955349095633	-1.8372398995248844	0.4219040606307426	0.16250416347147686	-2.294652205210314	-1.6117615683551463	1.5754305044080998	0.6745330920404008	-1.6959600444520218	-4.321247691224773	-0.13634095363184662	1.9086679945217075	3.266419363168693	-1.5322391508619853	3.0786827660827836	0.9237813073918231	-2.1223156759955195	0.33543442559597925	-2.051489436958461	3.316148351995596	-2.8674881943989132	-1.8215696674266635	1.0387331169054446	-0.29881650639922497	2.6731305882275356	0.0888895789296913	1.718419067989105	-1.8869539752554538	0.32814642778334324	0.2808058265484787	-0.45046200120152863	0.6987716157111378	1.0556884411209897	-0.20969836551539123	-0.3745900496087172	-1.3223219115326577	1.7884207573107338	-2.164816092973391	1.9007200817935985	-1.1822623878980398	0.4232176854460466	1.684317975272677	0.025664157173718775	1.2975917754262603	-2.0575142369020365	-0.03194594860374885	1.4530846264985924	-0.7717800870631212	5.800014162111441	0.17622219556073007	3.7940332797198293	2.7466240112518663	0.7772245840617883	2.5080012536140073	-0.3497108226122934	-3.1521515145934065	-0.4253075902607908	0.2430018719077564	0.2392299240734257	1.476747218517375	-0.9538767120447129	-2.7314927271962106	-0.5251885964446356	-2.3575062298390588	1.2900867311105038	0.6354603434222075	0.7046295764438981	0.8268027736595619	0.45901591846004464	0.5265558178501899	-1.578461874765305	-0.6462262710125132	-0.5545157212926922	-0.32798463353917034	0.15744296060087393	-0.0013193712241699484	-0.002774873982050802	-0.8351207643505382	-0.612524998322902	-0.5024008403434137	0.7393178856040334	-0.22609334141649398	0.1385124546162528	0.06490836557367208
DTXSID1040740	-5.128782614554149	-0.9981954520506476	-1.0990799237314284	0.8979955748968522	0.7569086026418536	1.1733294022250171	1.8614983979755295	0.46063770231115747	-1.3913026645697613	-1.1026252928626339	-0.3319703207382837	0.5365910939653528	-0.5368056054417905	-0.6057578590659383	0.055667433844961756	-0.31576567335992195	-0.27645255422491455	-0.2780435030831225	-0.589220609969606	-0.1272422844881953	-0.6424569769497825	-0.4210658372347238	1.4610019914411334	0.030736919930640386	0.39587316200373773	-0.021972723604680163	0.1367854858877493	0.5930969623819812	0.17904911828743136	-0.0015169214717547575	0.6472863576715469	-0.3317461090328382	0.8168841789160332	0.07231493095378547	0.8336374759688261	0.4484681126700975	-0.2614150998414693	-0.18045362179744634	-0.37793794362228056	0.7032495215488006	-0.0330152982877675	-0.09787825424799877	-0.4031920898263447	0.49271771943690684	-0.7399893847249944	0.0912666884457124	0.5915257134389929	-0.6435481775684769	-0.16947256408887887	-0.40865792797745387	0.01264286047200443	-0.3301271791730347	0.08319931033106101	0.009969656205082368	-0.08741602785048101	-0.1819180512126618	-0.22322072324298192	0.4053323920139718	-0.6398530424211958	-0.6381281913343845	0.20391453702449797	0.03043094860954498	-0.09418349653751745	0.49429122079055376	-0.04442984263490144	-0.040185848100393745	-0.5091537807477203	0.5483484343656537	-0.8261785561033568	-0.6517566937396939	-0.006087261168169506	0.13415181462379344	-0.09363885959975614	-0.4956566784752698	0.059914396679596416	-0.2021597206344538	0.19236984810109053	0.5446016151723233	0.9771502109272058	-0.18298980266544168	-0.512706608052507	-0.33837037800704695	-0.43439428621174975	-1.0132504543066485	-0.29377397709496456	-0.5346563150306705	0.24263116928437145	-0.0697893507946123	0.19347550349105702	0.06905710371504169	0.1223600412738093	0.05226651228186379	0.09111290892166751	-0.8487443608787705	-0.2832180691231131	-0.709927279857278	0.32771231149807756	0.7002432177591145	-0.8385193117326362	-0.9536334767409708
DTXSID8049200	-2.148484594435284	-5.257242300682726	-5.5417641475017145	-7.033964968481316	-1.2800804399472676	-2.992244527017821	-5.246471862318048	-0.1765468969227282	-8.131661071756524	7.982194231744869	-2.164633311192731	-3.050739892897889	-7.506636777806593	-10.534533303260904	-5.177656453523975	15.243231946574227	-12.223585223459322	-9.773382608715488	-1.9621632005586076	1.5851227254113522	-18.762114183125856	4.5625707569954725	0.23595068698124044	79.37294035475598	46.405950517917546	17.18953837955331	-17.570933547070496	2.842538958258391	-6.35913382073566	-10.94011989440888	-1.2910759603378312	8.195362834280058	-1.3164911844731637	-1.704197718833771	-22.197165359459124	3.8491589464905998	-4.177162386415487	2.0875990890345304	3.3949755820815093	-11.885998853870056	-3.809488209105846	8.974846180072785	-11.936344925496202	-4.495603432510722	2.92816689468131	2.1748535979026626	4.500201642092553	-2.1288068213993347	-5.760806118763538	-9.545242892285385	-2.457585654595987	5.475922814026826	-10.261137172712944	3.0014327098119136	-2.404944878589805	-0.7486943376648217	1.8230389476840487	1.3322115198849467	-5.0996175266990065	4.399378889742953	2.4369198542142345	-0.48171001182654255	-0.6902742445588005	-8.76226022180133	-3.040373642730273	11.650661461207234	-0.1393288925925836	2.053405251388866	7.8967973793586435	-1.4464332087209588	2.6546827856811173	2.9262283114847527	-5.682294231062728	4.628655861746598	-3.944804477445338	-10.331544677946113	-2.932712121440027	5.686527375365587	15.210530574443222	-15.181549855063968	4.746209190750384	-4.896913773724788	38.70404328218603	-7.074167507720994	70.30956230466391	5.467648592797872	18.941246227091423	-4.5357875833870205	14.049114631466965	-39.04182109565051	-1.1890694487175124	37.40289740326467	-13.093223310903166	0.24081461337061885	-6.664064429104136	7.09741793667953	1.7983903909328534	0.9893324718115031	-2.3129804306822512	-13.789904755781032
DTXSID50880218	-2.471481289406529	-3.191825021001635	-1.4137688145006144	-5.068118397553831	1.0367668501108105	7.096413456353997	0.3864427442304074	-2.9553216956381	4.924144715339886	-0.38315279280425185	1.699770397656106	-0.9588786908063107	1.4356954458916198	2.7541741231754253	0.18913637823391394	0.9815573634629887	-1.096191583717645	-0.07567867516932718	1.6535652640126488	-0.09636532032772414	-1.0281489580586225	0.8624079030853855	-0.20913818040292254	-0.21407632603144536	-0.011819950964940533	-0.050638959420143785	0.16398529986203697	0.06117972592079717	0.5755975368367725	-0.3498078869019161	0.16382645133215623	-0.39886148996270654	-0.5102101126404611	0.12664431809005103	-0.3383544973209364	0.08709095583924971	-0.2625034686594345	0.4197347976759398	-0.1388978792567897	0.008382602242259436	0.060560935847203345	-0.03212042901540398	-0.22655488015737	0.061197897317561194	0.06164737298310664	0.5762381822271768	0.10340567015382542	-0.12146370129502299	-0.0069022580661367615	-0.06182880059281346	0.009071368276130448	0.0001755596480056745	-0.2441331453572494	-0.029105408093188553	0.16438805335659198	0.019153721635582887	-0.21140011795028227	0.6013363371603155	-0.4676019949848978	0.08434346017695105	-0.09068339796112698	0.05960893023163408	0.09854812234198969	-0.6015132380975189	-0.14251762726422512	-0.14556075015225697	-0.2236553714765762	-0.19959455614903115	0.07205628297941223	-0.33737636568762264	-0.12463690400240458	-0.3026414339269485	0.458865367667761	-0.10285303555871518	-0.1014717964854894	0.004676389491586828	-0.1149363361155274	-0.15176226474981602	-0.18683617539134703	0.23647453719876613	0.558521429840253	0.031594225283707415	0.14570324206967694	0.10911509864242681	-0.20372287664427588	0.24355042138807084	0.4580788778392538	-0.16461589745262556	0.39449387493895843	-0.5643336221202842	-0.1858774822166345	-0.3905375624220293	-0.7489897516322906	0.0637289843083146	0.3772246324183269	0.2816851425209821	-0.2218626287072833	0.03534801061863445	-0.3457044134539792	-0.08609962713081698
DTXSID4026268	31.458222389660946	12.55962081219729	-16.14401750762845	-5.688299880983391	-0.4351341618133126	2.6457358106337328	-5.437186871047662	-13.190334164243616	-8.505187283449294	6.502862412754768	-13.663148166975562	-6.3964851216925975	-2.6853376566382283	-2.477198215483653	3.7664671487992685	-2.1098928761381073	-0.5353354036300004	-4.235322155193847	1.2381924007126872	-0.5401110135785319	-1.5277023646287746	-0.5500645316716872	1.875922103445023	-3.458526646546304	-3.03362514806221	2.2726078227887974	-0.6994135006417682	-0.9479174663743897	0.6763038267003949	-0.3234507699713443	0.8195868790643462	4.532358528944053	0.7614365215178626	-1.7763967770983138	-1.9710000114005715	3.263448304968663	2.3431557295906478	-0.8790594471738976	-0.7040430086414443	2.2556464993328555	0.0812271350825375	-2.608992608431646	-1.3297798934591312	-1.8572100293356788	-1.7385132176490636	0.11773626323703064	0.8050549446288803	0.9089178507899845	2.5054693060076314	-0.2708600530827046	-0.27862094331776394	0.07220998680020585	-1.492926845536206	-0.7300919223719614	2.1109822300417016	-1.3380843552005721	-0.7236740207454972	-1.5349064377827915	0.5259640044698553	-0.600952796438801	1.8405977652169094	-1.4342271741733352	-0.2523862834596864	-0.34882363149739765	-2.142036195866047	1.2804207087627768	-1.2875311808985272	-0.44221266094379064	-0.21256573698517905	1.2600573307275464	1.4483045344257688	2.139466179948139	0.3977283644491498	-0.4498418984902881	0.5674295298418625	-0.1696950323551754	-0.5188863735915488	0.03837867204082589	1.0206466814736423	-0.03478937069478654	-0.2784060412448819	0.5275495359217139	0.3517695882488761	-0.01890189809705558	0.11052526356880693	-0.5090700001479467	-0.7030123525754794	-0.4806980528562836	0.5908267121822516	0.433576922212815	1.465412274018496	1.008776266620427	-0.058287399380077064	1.8154272834216432	1.0141952307967255	1.4997478138597369	0.3097702099826984	0.4606330029028382	-0.5857187820025926	0.24520750051229973
DTXSID3047849	2.9070197961102027	-3.236151006569854	-6.013757579551901	0.8165445036786483	-0.4088420806741428	1.1615515907685263	3.195262201789159	-0.686399533139964	0.462751625561925	1.1322433814952337	0.8316344889057217	-0.5787106860535507	0.09173687694276583	2.3144296237886364	-0.6897052757412862	-1.0682990131802703	-0.5723685479948155	-0.43138714367947006	-0.5751914138874893	-0.0944465674970233	-1.6134102171979177	0.059286314867699336	1.3401070303894107	-0.29401323465654033	-0.6800778661903896	0.6083161293505127	0.28676605010322975	-0.24701551239058908	-0.008658019159290445	-0.14112937207535306	-0.4960921584468686	-0.695178659190907	0.3130603527990414	-0.609280314511411	-0.12006370421426604	0.07463383683048397	0.300985071719564	0.04944442845131663	-0.3886883757278613	-0.03097847474564551	0.6913711494993612	0.8835862376604725	-0.09903594932293736	0.1504433940128789	0.25535133747386196	0.03320053086159423	-0.0438711176738664	-0.08566579386652887	-0.23341724898543578	-0.30793374739290813	0.007928942875072679	0.21453255376549116	0.216849809352961	0.14516717231032664	-0.5356255478863521	-0.10306876452181855	0.5395916763756922	0.5848527721065035	-0.4322975024037821	0.3622227442302622	0.02040116846775906	0.30267035317098934	-0.6885892038591657	0.22663170916870104	-0.07924175577345106	0.3567183585902125	-0.020810715095970135	0.022544092228826928	0.7024195682361083	-0.26652813642895756	-0.0005422523990340077	-0.3659242963941803	-0.025626685793085257	0.07154641919875293	-1.0867392102915079	0.25055750121580744	0.1505900207284191	0.748235443672535	0.9843776282551056	-0.5199030019019567	0.24482722861739303	-0.29612602200811755	-0.7748612767658605	-0.5156427691862461	-0.26914946246735144	0.01730030303457084	0.30351172449458175	1.1402992420554743	0.5147079706291778	0.010737830073196793	-0.03592607428486623	0.10127011806307777	-0.5712970886772943	-0.01524965881093969	0.22391799417184277	-0.26553039022334535	-0.13412386961488404	0.025263957986160893	-0.30126597744792666	-0.09400319631601475
DTXSID6044519	2.5725887523480973	0.6006660461366153	0.6862730376036625	0.8624863382901663	3.4669424166363054	0.665798437538659	-0.6398015545537752	-2.6029481098709835	0.02042968266482846	1.2507042724348187	0.705720287708025	9.22387936502699	-0.8535513035692047	-2.3411173254827475	1.3174436695535099	-0.7837594498468362	-1.157745102611644	0.8227672375893892	0.5143900864818712	-1.2384668098644716	-0.34169722091400323	0.09673135080505596	-0.46583167435626355	-0.4974714149011146	0.806384407625603	-0.1039669260352345	-0.4048824978106094	-1.3770688183894575	0.14210761647558465	0.0007485726655099456	-1.4709392592175086	-0.6140599878749167	-0.3645208728682283	0.6330480515148038	0.03712520720060571	0.5600053222679601	0.39177245480728545	0.3980389845970965	-0.6882733240562614	0.07145597181232373	0.11337116020737915	-0.019474198530320293	-0.06662270757792951	-0.8482337906144397	0.09958253339251182	-0.11211903197343936	-0.43586473591068103	-0.6867226450398167	0.1522896566707599	-0.4348219816255863	-0.09691031376971572	-0.39572073539799363	-0.012184746980723965	-0.43308831174738927	-0.38172836677120986	0.28802081220385284	-0.31356645243929776	0.2752876732405906	0.39414109609683673	0.36381731479259993	-0.22012326995187745	0.1921583696469646	0.058341965053531286	0.003615069187918695	0.23053812921995465	0.10532609293469229	-0.47450831066715127	-0.16261573784162742	0.9263940721683321	0.22536859908383183	0.4873813689642404	-0.43311707070589445	0.8075462647148164	0.19314908432301037	-0.03767514013072565	-0.7601178260983068	0.6526247818641969	1.068962409590719	1.301620919813629	0.019648758658491527	0.1274787472673488	0.06817142930787579	-0.7307288738648711	-1.4626903418853745	0.696586733148336	-1.0025854674533354	-2.0340218761665714	0.6514756948728462	-2.385916683131621	-2.3814943432312545	1.1218599421475224	-0.8000444122565205	0.4722566136246477	-0.826610446322203	-0.14911078353181126	1.9711761292131844	0.02704281984699671	-0.33713408425110375	0.7362278562213432	1.5823269115301277
DTXSID5027512	-2.7111774217929954	-2.4069151186883513	0.5910754908080936	-1.754568417836443	-2.2337617250341455	-3.041731483937298	0.9939137756902254	1.6868114924982398	0.7217075542091083	-0.021228829123428022	0.25439816656058983	0.6375856390789697	-0.7585518934482497	2.251557560444245	4.19534597783984	2.4644696093430962	-3.9411007935990625	1.2547200107125043	-1.1173810952226313	-0.7437444233092168	-0.8390869056473185	0.024354341857696204	-1.4499302486890129	-0.7077091805750781	-0.8838143336080095	-0.20993299612105248	0.4250155693020225	1.389016869677391	-0.5580918235303481	-2.061373103567953	-1.1994043063461552	0.7852249601811228	1.6806134692078945	1.1249938020749977	-0.8171706769589541	-2.2914745839438564	-2.7546480887597884	-0.3126182769199355	-0.6505467410170628	2.3376596375702534	0.3104084012159328	0.6394673847480848	1.1379143770965747	-2.024957218584589	0.7575402779720564	0.725636832718512	-0.6715194362099761	1.1374180414003348	0.6429738823580747	-0.39836177170697756	-0.411195289724601	-0.7169755131590214	0.6963877136050367	0.17291901265445214	0.5846133387445833	0.9522117304382144	0.37889644420581375	2.500596324403071	-0.62781535517926	-0.44199976252602724	0.29966284076616523	-1.9040119321969158	-0.8293356951762012	-0.06830455711078048	0.9335077171581379	0.3583293375532659	-0.2932354637938219	-2.253626895919169	-0.27491340213886895	-0.4350939113051233	3.0576758896820557	2.5162069422997195	-2.4604833789908556	-2.174609495594524	0.4786035681840455	-1.0436034113997186	0.3352917696122896	-1.1247334837550256	-0.9954308336844918	1.217874234381395	0.5204083110248102	0.6065072229690229	-0.33088761224472674	0.5934460442629436	0.6547220931230612	0.8239318594385595	-0.1477404413439731	-0.2603288936964464	0.4496216101247161	-0.1745260168668215	0.025624862826429833	-0.3469536735428026	-0.7946682009360362	-0.004531655114294438	-0.161763135962298	0.2689841017030313	-0.4166277782360921	-0.10010090740834511	-0.09654964999261904	-0.38211530543809324
DTXSID6025012	-7.16800963139298	-2.059491102826994	0.45750263138545605	-0.9048930487697836	-1.2345896626464323	2.427490901580332	0.053045752575219735	1.8043637273940756	-0.7528617447250575	-0.04904640126484357	-0.21305388712277398	0.21705503077368007	0.25333784852675534	-0.0564081379219941	-0.2573902333562976	-0.24156319209828653	0.0672013940138954	-0.35010739723405915	-0.14605236868357982	-0.37930049077577516	0.05742499518772752	-0.3858496347679532	0.9361850304649582	0.2861329239738057	-0.4397439397104568	0.20453318495957862	0.284936396160945	0.4728439174990826	0.051656450458498676	-0.20621319846276975	0.047431407394312175	0.6280357761212663	0.6541142047734975	-0.28852394443001433	0.11962471515689044	0.02637464988032987	0.34294513918695896	-0.49153326299751704	-0.26756629758640116	0.15220854803831785	-0.07758920048914204	-0.3359594649684514	0.02240889166747389	0.31290749504862303	-0.22959612295721943	-0.2506725020485827	0.0778635981004816	-0.36113649258316605	0.08577424061945028	-0.008292397504110885	0.08255580710910138	-0.21803404063323467	0.29333898182964463	-0.006023876889791904	-0.022057930774788664	0.2291132245065721	0.09185170061781475	0.10161733070869293	0.035256719626323346	-0.18522868741951154	-0.12880195731246388	0.09394904458970627	0.20564317727319326	0.606984693900533	-0.5827628715090302	0.11725586876065454	0.6788881308079284	-0.3739476917526512	-0.15685875945074354	0.4943079021580387	-0.01001197150099031	0.16298876507580976	-0.18112872766111268	-0.19182244762559458	0.08978960609410963	0.39109949328295995	-0.28449476159064374	0.22014266405330624	0.25211115813037865	-0.6010378068525205	0.6051975712038009	-0.31109329756344334	-0.3477977779839717	-0.25477461312969946	0.2622069246474987	-0.38455681149899346	-0.33912520991650225	0.11729342604225736	-0.20677433908901505	0.46867943555311675	-0.2866065692730068	0.3812837121676097	-0.21104607646996887	0.013900614480815188	-0.3788677299051282	-0.2317672560587531	-0.30698866022052046	-0.11579940896993177	-0.07277303507570619	-0.35281087569953407
DTXSID7020928	1.4173958239159443	-5.728881804087234	-6.093516163460342	-8.490525412779796	-1.090892877859642	-4.180810777327976	-4.0994812280805935	-0.5617595795828935	-4.977287199410477	5.724531420171736	-1.5100958096330481	-2.5496195622826674	-4.132901613172643	-5.329453215373871	-3.001274842111781	6.891737619638767	-5.024772880742566	-3.6485953465354406	-0.7514066404130382	0.4034708636406455	-6.602429432899297	1.5489125842705387	0.6748604561740051	24.97724173624262	14.46662912607958	4.901669944880916	-4.5465283486833625	0.6221131970631104	-1.6767285806685077	-2.746663803961634	-0.15774339062377876	1.9204482623295895	-0.27075346537612016	-0.37855741178155866	-4.67947542491682	0.5781125331232482	-0.7266980364941727	0.5712349691571232	0.8000799250512196	-2.201642401597838	-0.68057070900463	1.738131182485265	-2.053302694499827	-0.6198103552109803	0.3539001756486639	0.4385941352509977	0.7245064826323351	-0.39407264370487444	-0.9549671800827408	-1.4114846430458228	-0.35879460006712105	0.8692249583749213	-1.5501151144607401	0.5472697356994524	-0.3968792568554052	-0.29390514055537165	0.3803739499014416	0.09112842797790781	-0.717217734652264	0.4841199873959282	0.3559704102818172	0.10962225458906999	-0.010576103087493733	-1.044190724625366	-0.3492136251921407	1.3390575848229833	0.04284764471816432	0.16924438066565048	0.7585530572125108	-0.18753378660478784	0.2753977845576668	0.37718429111608587	-0.5249459159065125	0.2012444570453269	-0.1861714821775607	-0.9067792926425527	-0.1572051065143644	0.38711478810005906	1.0715282964893285	-0.7534289337468121	0.3216843895811405	-0.4417346584230678	2.189277822103831	-0.1632470213717756	2.94976352078645	0.24931195815471788	0.47498923189022124	-0.06047710730752497	0.5021739596051076	-0.6683694258822487	0.11637361403261896	0.33089901299670654	-0.007678921828402393	-0.2768297668996379	-0.022514314385720123	-0.1638159000255398	0.03669486335840045	0.08280919123989046	-0.19857401586795004	0.21365057309050123
DTXSID6040666	-3.9484135080953826	-0.9771175552793651	-1.3826843716331192	2.092229800571092	0.30686827942191186	-0.17657065706941638	1.346240606127307	-1.779216354495689	-1.916696448395971	-1.7968757114110336	-1.605705872822768	-0.10384247811320305	1.5123869462063155	0.6161187624568066	0.3927826957445759	-0.3253500963154648	-0.684193484765066	0.1186599843810426	-1.112451876838625	1.0717635532152368	-1.2455778927829828	-0.4546623240521854	0.2560722990464293	0.1433529903699475	1.0233774044293535	-1.6305257459898137	0.05081476589754247	-0.5534812066042937	0.6193694754071571	-0.36962022057137467	1.1862297534320556	-1.0279322510874358	0.10128262633138281	0.291661218630585	0.4190170348130771	-0.4468559825977483	-0.15267572592039486	0.20202034747039987	-0.8819817491557307	0.42700036821650983	0.507948228534899	0.041575434390402295	0.3170696793639146	1.2071046632032987	-0.9100279333392	0.15536996936297742	0.3985238412349352	-0.4314676231344693	0.2218434483910428	0.48805189052563763	0.26741095491595185	-0.5099386361329576	-0.03968111675216104	-0.09789679626909696	-0.5441097702248366	-0.1572469129800188	0.25274642605687675	-0.2386266429211125	-0.2775066259981311	-0.8505598303670455	-0.31182542970175653	-0.009303574981257794	0.6004890259656134	-0.43295706622489655	-0.33345376836121493	0.17326855689110637	-0.6219928495295595	0.6274155945759001	-0.5944069467200714	0.14242187347477953	-0.24641980142099665	0.5750124932544943	-0.4420204054795583	0.5421725221937581	0.4822012246220125	-0.12968057665367477	-0.4997403747938212	-0.09826605876692897	-0.13643510123123306	-0.5153589582137555	0.6055351706215669	-0.05404025045551936	-0.10277106567475888	0.17210005595167835	-0.4470836608121268	-0.08668180485576782	0.2825189360143484	0.2508524669155363	0.2951742950369336	-0.9479392983231717	-0.20931276745351643	-0.3843569654957303	0.2580009326549534	-0.2706304335478568	-0.6615375383519775	0.09337948138024926	-0.5231803030248783	0.2195780664572632	-0.7442593567343639	-0.50871037340573
DTXSID2040608	8.763942837864224	-3.166930344530952	-0.36127899831393434	2.842720335672087	-3.9917515104825325	-1.1820275359035899	0.3355067432445117	1.9874169009981504	3.3420474513693152	-3.739535279260434	-0.3388940090652236	0.22547857737754184	-3.6215942119428775	0.6318611750327854	5.5224950907456565	-1.3447537332207016	-2.7741840344689073	-2.3634464343421864	2.1386638716817967	3.7272573328919174	2.6648935315611406	-0.5128414680667199	2.4795594326187325	1.3633097507720282	-1.2460300721329154	3.7497073837634916	1.036837154634127	2.5448781618698173	2.4190913618697456	-0.07038038918949832	0.5203973657442851	1.1823452570196697	1.6982450995361333	2.3643127456719317	-1.7240182484628495	-1.2253111376029635	-2.260987148093738	3.8834278124245403	-1.5141561409402855	3.513171720097936	-0.9939612551977733	0.4235687917871221	-1.7457504828340904	-0.04269826992261635	1.9724099881242099	-0.26850545762496536	-5.141285624666087	2.173090876104309	-3.1701247170751268	9.73926599472553	-1.4948575894107152	-0.4792093856979695	-0.010192673568278706	-4.284442622742642	-2.916002128550851	3.6290188830691386	-4.289079761001126	-4.034765627951917	-1.8109815808387248	-1.0909387371127164	-2.6043476085833412	3.289341223589085	-4.4285654379430035	0.06194824454076676	1.126101563178458	3.146758220992867	-0.66116140892373	0.5992906573663968	0.2560994149160107	-1.85887098173312	2.0051676079604737	0.31162529775534503	0.24649007016814042	-1.5892351320917155	-1.6577128735038462	-1.196476475943326	0.567488525749124	-1.4459736393532163	-4.592091347698884	-3.408574734564241	3.309873651390098	1.0399637561218067	0.24416910352099777	-1.923591811084851	0.8961204496098633	-4.445612785583322	0.5013037844787964	-1.4134566798096704	-0.513719158411469	1.3543990176591105	3.4282459778842798	1.325283781319354	2.3691809789956975	0.6389222857080481	-0.3598719112148432	0.039101735093522966	1.6611496808827206	0.971007505294404	-0.3942738465286147	1.666347690507542
DTXSID1046631	8.41584380670878	4.612591725553282	2.1888432904345105	0.08839688978281651	-0.7736837738023633	-1.4123784625581433	0.9904450233893253	3.7645471762352596	0.522705762782992	-0.5522140020619404	0.9449744179182881	0.8860771551932125	-2.2668658140923603	0.6362467808087395	3.255480735680361	2.8346417595404407	-3.559183109298887	0.3266321944747135	-2.060152883481038	0.016432628003485474	-1.9347198157098382	1.2838785988320822	2.9504419594132587	-2.448448103672073	2.7747248236928517	3.8542927853022695	3.7368189116745008	-0.9110371148039159	0.23892413937845966	-2.701488750867887	-0.5358799866046418	0.7585128582245734	0.44098370342128784	-3.440014326935178	0.1464979919090791	-0.2890435858558926	0.8289694198872385	-0.030625985349845047	3.998654252196112	-0.5605120072451244	1.4798682730722656	-2.8657928965814703	0.4526318495189321	-0.4786310332299327	-1.1602436647160688	-2.169479096312048	-1.5861466053597442	0.7179912840108823	-0.5648404843979107	-0.8355828164043054	0.09864028550662501	-1.000271635609365	0.5182900952538729	0.42306747551238344	-1.329918994192655	1.9710840537935412	1.3127186996327729	2.3683007314873157	0.7235337835916446	-1.8786164274123516	4.0865967066579785	-0.14976469598709866	3.524492740066757	-1.6838346938130953	-2.408762493891042	1.471095079034657	0.9179787721373971	2.762988774807402	-0.9569718644767811	-0.7945636109888583	-0.5738119625745567	-3.681674129402476	3.1781946379023034	-1.156362538211927	-0.9776059715671218	1.6806098013193784	0.24773688948093575	-1.1241251852501826	0.6308214525728837	-0.11767668756554488	0.3670387794980697	0.9413234999974285	-0.6781465272804338	0.04104045681346764	-0.09425050426341205	-0.11203865870019408	-0.0004167523729292585	-0.40585108087396055	-0.8285555774989317	0.12136881822462972	-1.0877774215560272	-0.08684129700162481	0.6072099217382031	-1.1475018609798262	-0.4398983285180503	-0.5558759980576844	0.1664705993966622	0.5184151454013889	-0.4026775192861664	-1.1793177747906363
DTXSID8047131	-2.215881044102255	1.002339468661055	1.145682079462271	0.4445622870932076	0.14695794470310122	-0.851561531945512	-1.5987700287142692	-0.34240172880444425	0.49213930706699965	-1.663255368882991	0.015317911654762324	-0.30975455777397476	-1.0532936837112699	1.412341439838647	-0.6217814939063525	0.08050966310929603	0.9074604187819164	-0.2195065619010528	0.053671091626083835	-0.7989017746931647	0.2692395254894476	-0.5131898656473175	0.7967336614200696	0.37001280669581615	-0.14400146012786988	-0.06722559938660828	-0.5688874127723497	-0.18768683260843733	0.002015357977203856	-0.3249084000545596	-0.6242670610638056	0.08161514025198126	-0.387377605968822	-0.3804452558028932	-0.40479383407868	-0.009476642524966106	0.29370341890991564	-0.27157061818880524	-0.5242049135485717	0.04867975238802511	-0.02472642823221301	-0.1067218219827407	0.13205015079656543	0.2602880458084438	-0.20348016201721997	-0.2839691955191842	-0.10149381754149057	-0.29247702612478194	-0.13307031840556183	0.1803045001046625	-0.08147310846775303	-0.21144461321723604	0.25304144476853246	-0.32151307932980455	-0.13682348411802664	0.06142262766803552	-0.1434084175692168	-0.12791337228939942	0.018334715090409102	0.02515247568556487	-0.017003391646350643	0.17206230896963737	0.1933539848978663	0.9211679679884363	-0.2259615951042218	-0.38659931553245164	0.5759378229382209	-0.8481165778928698	0.05826168076727041	-0.24003303981433738	0.37286139794813417	-0.4879803561863327	0.11185098187613406	0.6513323609988073	-0.33416078065773736	0.03599838436517188	-0.09035438143815253	0.1807188674998569	-0.09442856408339381	-0.2745636459976733	0.40172467912632126	0.2707183623991534	-0.27889374420491275	-0.2803511835437599	0.21653014214448402	0.1082331152340865	0.08685864396870142	-0.5896423149936327	-0.22647469835581596	0.2818099976924657	-0.23129566945569474	0.07067343139491189	-0.299027956536398	-0.12287236015985784	0.5400342972622021	0.124508223449339	0.04067777012194101	0.03364788974893239	0.32826337831426117	0.18373609344139383
DTXSID8020466	-4.7729126219781275	-2.462826594583911	-0.09697657344019886	-0.5510847061614728	-1.0118067857868849	-0.46663801897088936	0.8389957585382342	1.5376552349336396	-0.25956952318090576	1.5634858815633108	-0.5844454712165266	-0.5699460755692248	0.7400865095903105	-0.2685911045514941	1.060671858689707	1.9581948179109665	-1.0101541508167824	0.4733203788975604	-0.5158099161334996	-1.4944529176703796	0.70314170808842	0.7564448503810648	0.35856696792569764	-0.4243608212148105	1.1448112761645912	-2.358971203266809	0.6238555007071891	1.3868973113344398	-0.07491502832036358	2.8133967185354716	-0.6357316469247853	1.006451958196332	-1.5666902328393053	-0.8080870094094323	0.14023300282991466	-0.5156773030978526	0.979048666744787	0.7304858586763289	-0.2035430807640853	0.16889969480138284	1.1458148497232892	-0.3051807842376376	-0.020961168825938528	-0.5986313462223979	0.24845781886491053	0.2794064768743011	-0.503896069402841	0.3570645660487944	0.2854956220273721	0.1382095249381162	-0.029585049948590455	-0.17975454806875613	0.1463884400668834	-0.2466177053903456	0.170513138622289	-0.701872972205713	-0.253529565750111	0.06490934756453313	0.6606791406436764	0.06789299664687178	-0.05475058448194331	0.34769274772401365	-0.6142729179859223	-0.33898179910952614	0.21204402935441166	-0.5769562555222273	0.22295594951053835	-0.2898512239566994	-2.09648326360899	0.6333211494122982	0.406305034570546	0.3524466747134651	2.112412221169431	1.094061440382688	-0.7580318286448229	-1.513269078072656	1.2243044824145326	0.21675793007400757	0.17587575569776462	-0.9119243841608993	0.33611551900962805	0.8557622466855765	-0.39163885982786545	1.4671199314423573	0.6205347704218571	0.1958956767730003	1.3522786102009434	0.8850703069588947	-0.6360269316940558	0.23641209393662657	0.31668568640894534	-0.19610046623889033	0.08776307317523391	-0.35089191242228784	0.6979385919510225	0.23760494072320223	-0.842985804282421	-0.5791391550522497	0.9144009411122307	-0.7524663511236336
DTXSID9044879	2.5890417348624397	-4.995578807046004	-1.233744427236204	-1.9247975260218795	-2.723103656440547	-2.2824882896018504	-1.6045683793748398	-0.35357704961196573	-0.34627668503778053	1.5243707405254574	0.16848253669363764	0.8642362099652089	0.21910580330449025	0.6127724621166935	-0.033346313065316095	1.9535260963610404	-1.1728439571663614	1.4900054542890822	-0.950404411143275	-1.122844950536465	0.06238934375825767	-0.7778627844742902	-2.274077854072898	-0.4307538298233236	-2.0569862401554064	0.4521697471009067	-0.4883315427620882	0.7938439365200839	0.48673337726118715	-1.3073118869795453	0.011489038167022118	0.40738676770729587	-0.9732636867161492	-0.36712396891001137	0.6270684190486394	1.4466210932937884	-0.11804852740523128	1.2654286075515653	0.2345656767792865	-0.2051485509928986	-0.026448228110755544	-0.23938973723400966	0.6500655279556643	0.6691008984177297	-0.08291670072648548	0.24756259037705153	-0.17779538556311433	-0.3944735119717975	0.21911759854756233	0.07654669883687867	-0.012682426392274392	0.045562302002124154	0.016938001672947182	-0.21855468523616078	-0.38590332028257884	0.12514814731221893	-0.1918479663417226	-0.28748001297304526	-0.06521760270353737	0.6750898118877783	-0.5843279383342556	-0.17766102864943858	0.5686729329706166	0.39334676018974013	-0.8348064308927209	-0.38655875244828763	0.9121387848883932	0.757569467310769	0.5302814870204218	0.20920366043633593	-0.8117812543270138	-0.18302638151385636	-0.5125218541200055	0.39141852166469837	1.4144791780840948	0.20806400107495146	0.4172927468754633	0.8716730145345857	-0.43758448819925194	0.39285213932299934	-0.016131233445713145	0.5688913252193476	-0.3249868621235294	0.4471529156519639	0.611691133997501	0.9487081297193389	0.39039703842940965	-0.7013662787021641	-1.0990508848175502	-1.2823671616817534	-0.13822774228244486	0.4499980838233773	0.9964939218100647	-0.003157563219625203	0.01789517408267242	-0.8498529195637962	-0.26015994741854626	0.3035943136790351	-0.5914303995487649	-0.6060223422776124
DTXSID4044747	-3.565063398951837	-2.8821463687874838	-0.5573722204258008	0.048329608321021164	-0.24085123970133565	-0.6307054286545427	0.6834182961453453	0.7896249092242467	-1.0033127268244804	4.203489117403055	-0.60516225465448	-0.47841127595927346	0.2647165132946069	0.03277966831396679	-0.9136463013307534	-0.7294786651162035	0.2971588714605889	0.0230357743323946	0.6074521566401642	-0.4242795723475813	0.31069239704438667	0.3456733663540611	1.4994342109528493	-0.5494561991277601	0.11256696538560068	0.11643858737909321	0.06722651476067393	-0.673144119198606	-0.06051517646399348	-0.29563295503359327	-0.2187632943872456	-0.07500744505714581	-0.27693689386642406	0.5227513411165581	0.04101615963465278	-1.2685885685808571	0.5136064577380782	0.047504727372457624	0.3815062137382434	0.3758048776789276	-0.08232632242122093	0.1761285037488227	0.11736933477750701	-0.10372385471976678	-0.8236009939733072	-0.11021895716574517	-0.4152044885692253	-0.22491725948056626	0.09370769567062946	0.21229089558374697	0.14345158927925458	-0.03099972418809167	-0.10536847098978802	-0.13291765549384635	0.08209183842402161	-0.10861979231243458	0.6310187382539411	-0.07804041778632526	-0.1075646461507361	-0.32063591530053437	0.5803882168635695	0.5401408442398575	-0.2962234518887572	-0.7128482818064068	0.20895487506780744	0.6599537264950555	0.1797310359990841	-0.46330660056523626	-0.6137894286665629	-0.5575490932058089	0.3410412315837906	0.2062246674838061	-0.10555967097607073	-0.33883130205389045	-0.5581839731896789	-0.28477677917323346	-0.7459419989369356	-0.26476964451220597	0.27839673683448085	-0.1881022962372077	-1.131982335603011	-0.5363200059579406	0.1366670395714279	0.4487405467464852	-0.4234045541039968	-0.4681255733091656	-1.023592204987564	0.46748830277798165	1.0014622317357729	-0.8756172168278683	0.5937749986222036	0.3974743401671617	1.619074919641185	-0.3277478011581114	1.057427997504313	-0.3481933097639551	0.22189653747958715	-0.48670388377142804	0.6780641981945785	-0.8289749377351303
DTXSID4034102	0.5232047004179851	3.212023167090451	-1.2254690329281048	1.1198734246950952	-2.0745053303569305	-1.2241131353031092	-0.947685769279641	-0.6150377380013762	-0.5959466440455748	-2.854980714779846	-0.9699551861919696	0.18534166425125	-0.4114596078389445	2.8133289500699643	0.1522476056372654	-0.24630566929952802	0.09732590831683799	0.4429044104896711	1.5769152650600022	0.033486300702988275	-0.30717331373701573	-0.928922868687604	-2.6417162662186704	1.6689834949194522	-0.6290189726126612	-0.7415111341187287	1.49532144465254	0.8833644146681706	0.2778826997594877	1.107400843834302	0.940605371699854	-1.4803460978277632	1.4418436614815935	1.3828724544308257	0.4986385602589115	0.13506511949288996	0.658199073034056	-1.2325773729871083	0.9796445975303345	-0.028767322599052868	-0.35742723019745315	0.4297549265767666	0.16161073653636884	0.7463019597569686	-1.0005218677466854	-0.1062764777278476	-0.5046067377542921	-0.8720465898925722	-0.23382785680823345	-1.080084113641805	0.32759560556092426	-0.4033159991998778	-0.7094497128808867	0.29928009088015506	1.0271238925810964	-1.2588902876405335	0.2550946733838034	0.020689072842803847	1.1474508853381886	-0.4534507438458758	-0.23414483074591794	0.9490426974284731	-1.0874408144193368	-1.718447945782109	-0.5023065642161125	0.7091537298145916	0.27575868278701515	-0.37506311442548407	0.7158876558859699	-0.6670010162641492	0.6222887673703371	-1.6680950199196347	0.377761425540252	0.2909834515274102	0.8007165227744739	-0.13833920324010196	0.4589802359313958	-0.6939905625990798	-0.2707978856150838	-0.34954202271405493	-0.45797278379158	0.41677917263067327	-0.49240715555265824	0.07559216020845952	0.45195508713955784	0.2475927211658567	0.006591339654850985	0.12128996902513199	-0.8525276800840151	0.11545783978338077	0.5793899074857481	0.007041888085409271	-0.20594010532646267	1.139365394961196	0.3073453109239477	0.6079968062013773	0.16142972199729128	0.1921378465376336	0.2355034266360047	-0.0560064667578795
DTXSID2025050	-4.799726610860516	-3.5047947170451748	-1.4273276245743205	0.016232041133758243	-1.2483870847489489	-1.8421433805895733	-0.025816225694200733	0.25017170296582664	-0.2934893578370966	4.425886035855058	-0.29536449475978466	-1.0011829219646733	-0.24181617724527518	1.291047137626851	-0.15067544780495953	0.3642806020888986	-1.3368616442132917	0.32996451435738783	0.4597788012076874	0.18069417940098878	0.02389592998028779	0.6431549568282008	-0.5612879897332621	-0.7132422935415048	0.38281554957935016	-0.07137168317283951	0.10400231249887999	-0.16263585348140994	0.2859189959203243	-0.583374673416053	0.45183624134038475	0.21929640931402672	-0.5506687623247163	0.1684267264658802	-0.10685143486262476	-0.7563532384156297	0.03393123558414455	0.06751316470304547	0.5089345864759861	0.16809976469167517	0.09667063762854125	-0.5677059507025324	0.3123239177719431	0.18602499532459063	-0.5831424496266858	0.49901371879372836	-0.20825845965273476	0.5309417017143491	0.15264310000443843	0.45656358342288694	-0.020286883421076426	0.144006039891412	-0.03755410321529472	0.10815172517054773	0.33296702122502003	-0.28510963844749493	-0.11089057715182475	-0.09197948007858936	-0.25106199537833523	-0.32315635026958245	-0.03843291926307456	0.143427064012737	0.053790324082658325	0.13015791562650914	-0.19274649879046776	-0.15071176794358399	0.4015174223033437	-0.3700544293668731	-1.367047881432024	0.011678059643545728	0.4306788784191739	-0.22861684212993288	0.11956535422768226	-0.2464086137167692	0.45895138707575667	1.0617103280898532	-0.1264016687449031	-0.6637690281659429	0.2526454564846563	0.11734868289498894	0.02165686211929428	0.109261632791617	1.1452893183070478	0.4369930945980182	-1.0321680137071487	-0.8107502015670188	-0.8180361977726861	0.046516940658476245	0.09645353164730247	-0.479460693795289	-0.2098652301452546	1.2738382267500927	1.4173114315110433	-0.24892956410935513	1.00731526475104	-0.10453946850497764	-0.7450067855036556	-0.24764229072251728	1.1351442236566973	-1.1205682935358
DTXSID0047400	-3.282782238777771	0.6244445954406929	1.8833994884566883	0.47532355945580435	-1.8139607454440088	-0.6260739057048362	-0.508370748298572	-1.0673914611347908	0.6165233574372715	-0.6569172474372204	-0.7620686816712402	0.12033358329402637	0.2811067452803463	0.9695738631035968	0.668543760581944	-0.2867965731721555	0.5421268222270527	0.515216862147158	0.7161503943140174	-0.6015338405670819	-0.008367127406483361	-0.8433091419667803	-0.7669039194126585	0.6480692790954534	-0.004287497175710732	-1.220319956047418	0.5774513075897656	-0.264481829854209	-0.17980200245482383	0.798488123756323	-0.007064443187668014	-0.047965407321015535	2.119400574937971	0.8236859935227681	0.23704119660294556	0.4279987491832376	-0.022255699893695486	-0.6055998962618102	0.4535652951052144	-0.43594436766389083	-0.12090774945000893	0.23837098176270857	-0.47103181478821765	-0.12753803149906362	-1.096846230118674	0.2144541670699919	-0.20125528044845356	-0.3595586179265255	-0.24133051238734038	-0.545392697685492	0.03413646652885908	-0.1816140638635147	-0.33096521394582573	0.15882281677448018	0.717234598565171	-0.06239191528432692	0.20382388237066276	0.22675627510462262	0.07111988176715976	-0.24724223725742303	0.005113591901297785	0.7697675101267065	-0.136261412106616	-1.23333936611826	-0.2945560858530244	0.14996969911465255	0.040962089255103744	0.7983102079258272	0.2851340927704744	-0.04557615746732114	0.10405530529609644	-0.25039359338407907	-0.3000980458542864	0.007965273486500953	-0.2518747361467356	-0.027832235191176495	0.07464984297336062	0.0249184223515781	0.017934466903333494	-0.22310902470214655	-0.019539140039636284	0.11089845673849126	-0.29479860937652985	0.2390429141238366	0.3701000577248375	-0.08310800316358122	-0.11239353160859678	0.5791290537879196	-0.1470673312501953	0.21390444520566393	-0.12386792910610166	0.26318315788654884	0.26245122193303083	0.3010136219124791	-0.051828619802675405	-0.12020781700857805	-0.006932672529123558	-0.23594038379075868	0.14731048647829736	0.19890323679183702
DTXSID2047305	14.627259945746829	2.7823794565681568	-7.8662834851659875	4.292926657953582	1.0904951032440164	-3.9015903362463527	9.2696037760922	1.1973159200829633	-2.584702580374695	-2.103482078294539	-0.5773768194158792	0.22079662602561126	1.2083086206960838	1.607642629646716	-1.5696776818110438	-0.04903826075638134	-1.0144309873922743	0.2017988464449807	-1.6676866575795108	0.4650618325701321	-1.606733445181871	-1.2828648532510623	-0.0902119293305286	0.29061579031048834	-0.5127042756080342	-2.1938847329220703	0.6533872551398183	-0.39457621354751277	0.42289067813325837	-0.38126910983664414	-0.5102973047274533	1.046332901717557	0.9829748148974243	1.4241138740308412	-0.011771525442020595	-2.370439131992426	-0.429689184534967	0.836427094147866	0.04064767745642337	-0.26398350748225463	-2.1387262742252853	-0.2334246672634174	-0.0716316761713669	-1.9782309385465113	0.3778442659676047	1.3047732776986534	0.7281378434274862	1.0894317243701448	0.035944441534352424	0.04843791778842479	-0.5153555756456336	0.7288766053572306	-0.949787390164861	0.21074909111185047	0.732612515105347	0.9853901879833794	-0.9537300397810896	1.6353910440824244	-1.5832559269066402	0.4516985254294616	0.3024611836846829	-0.858648002920389	0.10194424440836004	-0.2767981482140161	0.632167059704258	0.2888315893674745	-0.7458277094124688	-2.3467042791576413	-0.7985215084846204	0.3116121943224829	2.190617132402452	-0.5946945191398882	0.0909812173385661	-2.1582981251968345	0.7114481844754965	-0.24571113751596207	-0.27102842547194134	1.2460522790957156	-0.0665082493889894	0.8368669067817683	2.2803727636052735	-0.7938385274757266	0.26855704117326484	-0.38965961618932465	0.00861031599814358	-0.5289978663699351	0.7955839370255628	0.5788339016082029	0.7439342743963377	1.8682291999363774	0.6293575880953781	0.6369650122115209	0.38769011907227485	-1.512630520568293	0.6648703994549935	1.3351280614132723	-1.4921928381351475	-1.4397093362174735	0.5192842337421395	-1.5110523190828193
DTXSID5046722	20.264504700040746	-2.4363381197171736	3.66593438456562	2.3628048749886585	6.842450149282571	5.284411375191635	-1.848154237058845	-3.19082582089675	-2.8767542878505235	-0.3618533089211195	-0.5594901844564797	-2.0620877982133963	-3.5706408212433187	0.613209797746242	-2.2356776406047074	2.3650596334771943	-0.27153607477901925	0.24880655150984157	-2.7613261530520785	0.3514961621901718	0.8879002461065343	-1.2231751762609318	0.16514522303616788	0.958566149006236	-2.402117018938454	-0.3151731603671806	2.0783780304122987	0.6944990422344355	-0.28575174701297584	0.9054231035562716	0.3124386442743275	-0.1950456251041343	0.48396316876118106	-0.7313625338042173	-2.1131630230881875	-0.9733113912884411	-1.0419768959804014	-0.10261379811450026	-0.46400489638652676	-1.5784531866931444	-0.7160708503204731	-0.5054399175137168	1.1497191237639492	1.4478222389131365	-0.2800691155189949	-0.5385503306373688	0.6901305753283461	-0.9596158562848441	-0.013955669310062997	0.26106998178431207	0.035324871009482325	-0.5993797784469097	0.8032577862004414	-0.16089273958682468	-0.27061427141226274	0.6416658704818503	-0.8796088471462619	-0.8373141888589014	1.0842725566574085	0.7741943939884719	1.6506118377336565	1.3323485048744965	0.05162718961936402	1.9185641342718225	0.32518693946991756	-0.3550116154462073	-0.8756806923865965	1.063967540367414	-0.38892596361484616	1.3944634420549646	1.9681430467712815	0.6281351474585228	-0.5312392141348292	0.30907237792737213	-0.5078785332082326	0.7281809973318916	-0.2443347349309221	-1.1307065557506277	-0.3360467451639154	-0.08061882280142887	-0.8743037979405386	0.3824432682644911	0.010830431862323157	0.33233776580290425	1.045806757329643	-0.23686753195532587	-0.7953504270190632	0.5027385977705808	-0.18242342475449547	0.5657894905533871	-0.8089279178528578	0.42749562278689557	-0.4551455210101562	0.16448178952451223	1.2233985166042936	0.21994096538970764	-0.622552212053087	-0.2588973081536652	-0.4000262521448969	-0.09673519975346233
DTXSID5041726	18.9025174176836	11.259173014889784	-8.573707925509973	-2.7864425909602746	1.9360865385713988	0.7388428194823918	-4.057861592585879	-6.749851977585303	-2.1351525652185295	1.2386948256616783	-6.725888601951865	-2.111492389742237	-1.2918784997864476	-2.680512316755317	2.9727637415575647	0.6255991040960958	0.24055204036996114	-2.9631273673199803	0.07785253203981686	-1.2324733025054662	-0.4796741982088012	-0.5846380598068719	1.3025550923605393	-1.6147145131850082	-3.5190625039652224	1.6721439906303568	-0.26143352197732217	1.2737906877161864	1.3562371290183988	-0.9421623888804957	2.5908652243593724	4.8603632403734425	-0.5600541729002078	-2.320747441387839	-2.320311275980933	4.0747913670730815	0.6209387711338195	-2.9424679649877024	-1.159083129367321	1.8013063959858169	0.4201091806628411	-1.354298943734918	-2.363286125853315	-1.1391742561377405	-1.8878761097174377	-0.4648905748230197	0.9545698739568117	0.19124148290694964	1.8398124736590706	-0.29471427113540216	-0.4947042042712973	-0.18065321219378994	-2.195046511060238	-0.4413981840913789	1.5005131002386398	-2.7537056767227113	-1.2043198697158095	-1.0526977155418233	-0.4377500798506956	-0.09692309026677878	1.4748067223067947	-2.222721286537882	-0.38996382050847606	-0.2172799587418182	-2.866395496169459	3.1439505948184	-1.1528439969400706	-0.582923301659848	-0.5431652350588899	-1.413509950478745	0.3587883638220254	3.8187136096822853	0.6549276328646921	1.3791225824410174	-0.9839833670810357	0.03658510755450063	-0.6863547974388654	1.8584428209750685	-0.6489947481369093	0.7626288117101043	-0.26086898505309764	-0.6715559604733299	0.8376205886511181	0.28203320652780894	-0.6909756364510528	-0.2591239238429053	0.19578760485005908	-0.740404022770875	0.07702854421395017	0.6855598790636225	0.558487019317664	0.10696638429183385	0.09021816630422771	-0.7153737346565234	0.37646126724037465	1.0254856528551337	-1.105958148040478	-1.19968275722362	0.2158686720494456	-0.11027379489973729
DTXSID6052619	-1.8705257402263737	4.093463939007414	1.447000041137765	1.888250645555486	-0.16152390737757102	0.25176098841179145	-2.5870332259848867	-0.9136420191582015	1.310797863504916	-1.3286138543440282	1.1776345423567873	-0.7969536781856309	-0.9961911788471515	-0.13305319482412223	-1.6743706611531064	1.8389411941021434	-0.7929932255363574	0.06449443665586448	-1.2225021796820812	1.1517576178475903	-0.10043733237963243	-0.28659102489886124	-0.30278304953950874	-0.3423265246019029	0.14706663769060566	1.238760538294603	0.8377497263316881	-0.5428255162636579	-0.2105458994041581	0.3343882265873089	0.15997907395896108	0.07743655909738552	-0.3247992616747885	0.542109717766554	0.8749050602029451	-0.40166863073057996	0.9869894891164096	0.5183816938416158	0.1613580479549771	-0.11998260588241685	0.3677768682905618	-0.04616475541449585	-0.3045733198343739	-1.3655410880381254	-0.14259103167478793	0.41880453991886146	-0.44238069790711126	0.2175542751402638	-0.180435209216174	0.08519344743725751	0.13223947680396894	0.4311054177280382	-0.1624408911928301	-0.05166908529299239	0.48920545422855755	-0.21598991808263407	0.8463734682652463	0.18668522681281033	0.1919296017308093	-0.18907367773756772	0.11579874034546886	0.06069285777647252	-0.5637061287207144	-0.3631824783631928	0.19709822907678473	0.8191067985534985	0.34943488602147943	-0.25219235832233616	0.4914067323271888	0.5339081795509504	0.3072693194659473	-1.1448172331487492	0.5860841312228003	0.077509368422321	0.2998168263005734	0.047410762181566944	-0.06669086506783681	0.1642919773796755	0.09864176512798434	-0.2793955514005868	-0.22524985147876578	0.44931720917626106	-0.38270739007319543	0.34607942140425296	-0.02004941123427141	0.2648118462486663	0.10953885800511348	-0.357334591755973	-0.12639062168234466	-0.48395921337697634	-0.15756050258913262	-0.39734674736790393	0.44840106571237653	0.2553924740074812	-0.0968871104511194	0.06852190729145434	-0.30978424056807957	0.1820873280765834	-0.7065437548635071	-0.30403669758549207
DTXSID1051779	-4.639263017387926	-2.435034766011228	4.098365387260213	-0.34291672095250886	-0.7399358992507	0.3565403763660707	0.3972327085995891	-1.0808522115516488	0.9379462701589052	0.5098669721333126	-0.01974493066977708	-0.18976573714402897	0.5331206912714285	-1.339969856918478	-0.37407729841298737	-0.5914494453522807	0.23653258632495977	-0.22432810925060295	0.29110776795067006	0.36710452690645917	0.13337150925319757	0.25211183867734466	-0.6078473890027566	-0.020558568809583604	-0.36185271871083247	-0.12095698807460141	0.27501174218468183	0.42418849102386635	0.26573788115065433	0.17214199700473767	0.53894628453992	-0.4205200300962434	-0.1150895437323783	-0.4152971663454951	0.03003490690534554	0.10403995519110787	-0.4990479502185353	-0.019521560967720737	0.15443325027447746	0.4526687278277814	-0.10695409272839017	0.22812128119981193	-0.28278918415090326	-0.0030736570053460453	-0.05270802755904448	0.10489953574616344	0.18381128504396108	-0.3224704838345084	0.11585832522254884	-0.1760219790579418	0.07814564700015932	-0.05622858696847712	-0.145196064536686	0.08467050763552263	-0.12939390534121906	-0.18423261034065058	-0.10256239415096884	0.09048314255685509	-0.050807325505864434	-0.050987857998838634	0.09057131279344344	-0.23163821666824944	0.008435282657981791	-0.18444282767483147	0.11491371480037672	0.34353997827834304	-0.27352012387384017	-0.1698757806239371	-0.1267896284994084	-0.30467101175974176	0.423423805951398	-0.07620251599107603	0.1662317322824719	0.10145849175767965	-0.451088607807719	-0.03620586917866237	0.3046518485273256	0.1480918847395283	0.32771679319697794	-0.22680093498284146	0.3513746197589775	-0.11310458957914038	0.2537972323357582	-0.04795879006994397	0.20106785772165572	0.15663656346171967	-0.2705770279383745	-0.35658289681676814	-0.04740692460607119	-0.16567000888760375	-0.2502037379165376	-0.33040818969809127	0.09751779798942789	0.38745418031230455	-0.010068560254319356	0.14437080691967685	0.023092298238956734	0.06241874671381389	-0.3360163388447721	0.028323329504110546
DTXSID3044881	0.4946222609824616	-2.3724540993842775	-1.3753044289615959	-1.8722036380823557	1.1747565702445	-2.1479633260368227	-0.27863906623498397	3.114747752592798	-0.12627856934605097	-0.12565953543974914	-1.7041428004719827	-0.17531297791322595	-0.13011156562057682	2.5336216498541098	1.5267506945604468	1.088073721022838	-0.9472033437813276	1.3648974450515738	0.5639647650015405	-1.9388394703463188	0.9009897005549873	-0.5322375109679146	-1.5451830665141133	0.44503134122999094	0.973178251934639	-3.382927996519662	1.9558989163153138	2.2825232998246534	-0.34972723280302215	4.59137729683791	-0.6332159006758066	0.4999246267069823	-1.4457263482348752	0.10063213737360219	-0.27872789910357487	1.6230225075748004	-0.3651811513587964	0.4741157318916008	0.03955573233606235	-1.3539537184775943	1.2647323745930437	-1.2496725475789687	-1.6807197254539843	0.17438798574352016	2.99743728411672	0.7257908203825778	-0.12308353031433064	-2.3538095850142557	6.750645536591955	1.303163747505865	1.3615319800758803	0.3786060257915131	-4.848542547420859	1.3557730112224216	-1.7270206896524185	-0.17118095771418912	2.8141753473224775	-1.4437299063137154	-2.994001186960898	-3.748949580438181	3.4001085721249416	1.3335228306782545	-0.7732980180938839	0.6354654430730935	0.11838996203166503	0.767486503554439	-0.03166097807786697	-1.392668846814471	1.6310841524470385	-2.016642578396848	0.29755217738385475	-1.642301857817935	-2.710840053397604	-1.7549971807439806	1.1434491512359604	3.4080309611964705	-1.352537588699227	-2.7501906227882613	0.211839943279628	1.1275603400907996	-0.6347593982134629	-0.5173724347490984	1.918241032867237	-2.432531121101846	-1.030212591296224	-0.8960272230287069	-0.6187048726769389	-0.5342018714363224	0.48833785509689986	-0.6343772158850062	-0.4414596506645466	0.30741570268505974	0.4791037441334655	-0.4313918959128017	-0.7498666861844927	-0.0648910162719431	0.43358104226000127	0.7443376714258526	-0.7370103390460395	0.22826640934450274
DTXSID3057692	-2.80290799089777	1.7560934527575718	0.8800160867754331	2.4439725802976735	0.8045487111005004	1.6373422263567265	-0.04592062959268555	0.5174436792097559	-0.5032397706730268	-2.0760019286614777	0.6359246962902577	-0.6847899365975073	-1.1702957173258433	-0.060279510634928465	-1.4651019464312915	0.357150242662259	-0.7088882441959814	-0.2818199115018823	-2.066057299516961	0.7344813101349712	-0.26423717283165055	-1.2301824165306354	1.7210501117622141	-0.68920356728365	0.2688052365595391	2.457712111001257	0.7840126079881524	2.4477178344330253	-0.11134955157883607	-0.2799771207394372	-0.25649960478097666	-1.1247187600393918	1.4802401565858332	3.9842593033004157	0.9283164763465174	2.4674973047608213	1.3314490069050782	2.061381141270521	-0.6274963419185252	0.9664362846192593	3.9587884379028955	-1.70728795565029	-1.974069160908908	2.4273683167975917	-0.7183425827727496	0.8476525730314517	-1.557742796316581	1.3893459293871087	-1.3563894518693287	-2.38116401144417	0.011717622729729805	0.33507607474037127	-1.8449162710493676	2.9183539236450526	-0.8536437538141872	-0.5738055713224769	-0.13132133394631196	-2.4165031353987283	-0.6172523833884104	3.298694645508761	2.895030221599194	-1.416679346141071	0.8082496536392573	-0.520191952970833	2.248728668819272	0.0521959899196431	1.5096749435954828	-2.085308634042259	-0.1863799273824373	0.8324258995902808	0.5852414308297749	-0.6621282518776264	0.9098481974881226	0.39394432437541793	0.0650665187003796	-0.9902273387400956	-0.08098637255444724	-0.4350081527750972	-0.020945805210641714	0.2247156855110866	-0.03459620961746124	0.41225695375594784	-0.5271184704954813	-0.2266617564274362	0.29896363887271465	0.2660753830822516	-0.04459981360164635	-0.47367973857486656	0.5959848122268553	-0.0625849591623099	-0.7274959246774133	-0.7383549452691364	0.28067811483172445	0.08587486843810274	0.2565370796564663	0.03022607814484322	-0.06683994591537806	-0.42942899358014974	0.3027219246171002	0.15263574545567277
DTXSID4025454	-1.0327200611099987	1.3905277386185153	1.922577234115865	0.03271831070203936	0.17297954517080186	-1.1532929276005108	-0.9919554927986984	-0.3203003312909093	0.3342607011837574	-1.4232688442828219	0.0544396573766789	-0.10966068836268603	-0.94932120005708	1.0065260165380492	-0.4094079759039364	-0.01904134464390768	0.8287194346782394	-0.2985163077837096	0.15320286324748883	-0.9996970341197755	0.29746781618205614	-0.4060981857011273	0.7370238583504591	0.27802118668640485	-0.1296163702633845	0.15186349722957343	-0.6924822528086095	0.13917010486896847	-0.05834831166661515	-0.5116544274100583	-0.5912549728110825	0.1932312804692883	-0.46222641746180715	-0.4056211802168474	-0.25831755296708575	-0.240799935811541	0.3167310491693853	0.3163435739172276	-0.04178655432347365	0.2048958381823177	-0.19746571668655052	0.11439494842205677	-0.18006974880987167	0.14958138160517948	-0.5311452983430069	-0.02507616528658396	-0.016484631341924155	-0.22422900089057765	0.03984938786569185	0.22330204688049174	0.11606794970284315	0.127747007619828	0.20543769337798945	-0.23700649305650603	-0.04749657138607473	-0.21586587726580345	0.1018915500997097	-0.03187587401517707	-0.015621478361569583	-0.1806235886473015	0.27972791027828353	0.24854272260876978	0.12007212483383267	0.22706410420695403	0.010949161544427096	-0.501030281318974	0.4865543783771394	-0.6850082018088947	0.2455109563652842	0.5972627748639396	0.20683783133954534	-0.2952310860859393	0.2872481379978448	0.3003160775939946	-0.6343696117609863	0.24572388167553247	-0.10930190076401233	0.2525956377212756	-0.038120338027840456	-0.23508479302264654	0.2943907647902541	0.04182828427456649	-0.1785664491869207	-0.2408248324050028	-0.19663204259153294	-0.02644852700707193	-0.22718950453136516	-0.4633468708466376	-0.34441294514925286	0.1469528541903194	-0.3133064730474577	0.22693072350364013	0.22356887194172323	0.2843541666295434	0.13854106827359422	0.1447036510310765	-0.21809957573945393	0.1181347492936444	-0.346682312384933	-0.2885651703967837
DTXSID8046662	9.301608196382528	4.170913782438232	-1.1929908216894298	-0.933453704129783	-0.6036144277399204	-3.8630631963897653	-2.8265730239058127	1.420345966147671	-2.3984048299106684	-2.745568763337798	1.3188301459653666	-0.01915216052271441	0.17926478074887947	3.793978882112232	3.2743354965700404	0.2367952237206311	-0.19679639752113107	0.9338267286939569	1.527715931068095	-1.6994768587385625	-1.7110850172106067	-0.7227416712153762	0.8021618771534723	1.2079115004173737	-0.3226153398441219	0.7544761982707889	1.2501672893352331	0.3631586357930923	-0.9351940886577939	0.014158781625764942	-3.1087832736948555	-0.48605926673742994	1.8224778414163032	2.1828499887262915	2.799590311171806	-1.2392526058774103	0.022526206228553218	-0.9697476093685359	-0.03148151108089639	0.8370530590609914	-0.7951354675589815	0.44386904285272644	0.7627772047291329	-0.5005898423543372	-0.4416334235665636	-0.7698135368834599	0.2635106298225461	-1.085453063380983	-0.26639266095578645	-0.827446505647488	0.15370333999392466	-0.7460991461176311	1.0537762768655812	-0.8026170239887955	0.28379489880107134	0.4111619926675203	-0.04347298020140193	0.44277842634386877	0.8624562273607297	-0.4560958841722256	-0.2586337392105067	-0.4664904441062791	-0.5196515110016867	-1.3948789812750069	0.9589285324672958	1.4331908399298594	-0.3805339743221479	-0.39215729932908167	-0.0385959077069813	-0.8604523083141776	1.7054817201421684	0.725087923289784	-1.2922455765067522	-1.7110153908407888	-0.15337405671476834	-1.0181052618338813	-1.1802004875840681	-0.6932936998784864	-0.25544510021608935	0.055686346414167726	-0.11793583309851055	1.7034317516534343	-0.20198232970900523	1.083325965045313	0.5098375758091099	-0.23977564835864182	0.2047884552851146	-0.18449309325434482	0.250161265257899	0.34571672502159395	0.321604494214692	-0.24028278147504228	-0.9229573682566232	-1.160460476698154	0.48040645965418605	-0.9979392883587909	0.9610160713052345	0.12063606833702789	-0.45350166110405404	0.2137214682743716
DTXSID6021375	11.49735567702223	0.10393876603646503	6.714209650620246	-7.708953582414751	2.2747818570175284	-7.182845544730701	-1.16992891338081	1.2589717230522175	-1.1499539155676937	-1.4101474465056414	-0.253896567203464	1.6533356194926696	0.3624622025176632	1.3277398111884122	-4.2002147734658	-0.41252025272358844	-0.9447735552731731	-2.448334430730162	1.606210034868096	-0.4363055334040716	-0.7150338474659014	1.427541239467301	1.7176196274564635	-1.4045242553711654	0.9425326312705776	0.6727888307650405	-0.7948366012292629	-0.27878248885471696	0.49626175160693153	-0.38020782548659005	-0.9543796363516968	-1.309556626269435	-0.7343755221105527	-1.002327000219481	1.1895201982441594	-0.41620139829771313	0.9871586192676762	0.6204290720615494	0.6624010468227655	1.0609502354324711	0.013076811445994554	-0.356959551980096	0.4043929313178441	-0.3631272643154469	0.2041754547654708	-0.44664615601553603	-0.4699353574325812	0.9357309870744385	0.42797672222012983	0.5818323222159111	0.16302614115287448	0.706928982964882	0.5168267767175355	-0.40679771879835486	0.3519330103823004	-0.22391259981247214	0.07983236261868316	-0.12043155633103383	1.0890740181454923	-0.09009821359814027	-0.20036253193038772	0.1128328109844384	-0.2693436381244507	-0.3149152560430219	0.7703099299358095	-0.26757707703941214	1.162503307186116	-0.44216310243024365	0.49111744557231274	0.5985802272301192	1.745614350233863	0.4768628420290445	0.15526156064805896	-0.2676548967891349	-2.921974566281099	-0.3368794907398293	-0.26570644414771954	-1.09692398182955	0.23763270427345254	0.7573155879904907	-0.5250513935844517	-0.8640768756589327	0.8040990474847465	-1.1184100423726895	-1.0499622377833842	-0.6444321583338669	1.409884878231088	1.8114174297776537	0.32405297181798737	-0.026467675219925893	0.0959490069145803	0.877916705913585	0.6174059475629904	-0.31679995260223803	-1.3291835557623768	-0.07401675239940253	0.8589910057794219	0.34612780371503726	0.010121472254620168	0.06741485910548882
DTXSID7020897	8.364574900416033	-2.3982965497605306	4.9836157369140315	-0.8576730071041871	2.198421975414998	-2.6262741136562298	-0.7362058356482714	-0.13239436193023504	-1.3963522988715031	-0.22279961659560107	-0.1592738585184015	1.0553918189908664	-0.07684806555111971	1.8487236467415469	-1.3810168367236868	0.6839225692666114	-0.6437799309172528	-0.2830690501851154	-0.1617567391630612	-1.0052478341117956	-0.46092789052978567	-0.22323747796596857	1.3617225384733331	-0.24628172575069898	-0.7874312146674296	1.2844166188537178	0.902065745809247	-0.31542466517962925	0.29705990724327147	-0.04469511479479401	-0.0645863014766069	-0.2668740894530431	-0.36275131197277793	-0.2827658600745302	1.3781695498137527	0.6202749651564475	0.3728130195225303	0.8482597199031173	0.3385209116493552	0.194969824115782	0.016718356838041834	0.45018804854732364	0.13959675428099746	-0.12688276582228122	-0.600863274774162	-0.2751255907737008	-0.4363701709426637	0.06933035539395839	-0.40333575081046835	-0.2041668935429962	0.2588250247506358	0.6471691301424503	-0.12400969359334	0.09160486552036248	0.29568115977038817	-1.3308612856870197	0.9570391641981809	0.1840657483532956	0.4275757314484496	-0.2820016913948496	0.1658526789442716	-0.15565138320223498	-0.9538054377039789	-2.1816529861139227	0.11571451520871331	0.7633032239947128	1.2413685519686788	0.1284887886590605	1.0730627656059597	-0.5276237686157297	-0.8429333288502101	-0.7425546241668085	0.7076907900558904	-0.18363504390145377	-0.27683151227369823	-0.7334376031921785	0.06293398047265694	-1.812559933368944	-0.6343222801865149	-0.05645215578686757	-1.6969925040452394	-0.2527488361094231	0.11681379819991583	-0.2194601958929739	0.06202290220244586	-0.06822736412663372	0.5757753177466703	0.5432019226765475	-1.1543196116869676	0.015341365671803421	-0.40036956163396636	1.144174365299376	0.421404344429689	-0.5167152470271473	-0.130576424594359	-0.7912806197525861	-0.0326075324687455	-0.03283198156784329	-1.4189029473315926	0.13791672358364926
DTXSID7023140	2.5971668087000195	3.076353854899742	1.8174668233710642	0.7920657521005429	0.46472386613974853	-1.995058125156773	0.9663327336338091	-0.366141041875826	-0.034522450679163375	-2.3163356721357684	0.6492625959708713	-0.08548185350231013	-1.1239183586360282	0.6693551907045836	-0.271786913986823	-0.052667824628445305	0.3251201868012815	-0.09065392868481299	-0.03976175985122468	-0.5673634842110371	-1.3842579154264532	-0.5568090272228007	1.2883138932124223	-0.4662227897674011	1.3033508395212516	-0.8455772402080316	-1.0918392652081903	-0.7773356621221541	0.6317841617788343	-1.480075863816573	-0.19222674625076658	-0.2657961241906588	-0.9288251456177431	0.4558625286970647	0.20846332691171665	-0.6371968065407319	0.13176487225915834	0.6583406401572485	-1.7659906232044162	-0.24571380486355815	0.7064041319998823	0.013407322300221345	0.6471940438638399	0.5584950944338587	-1.004324239474441	-0.3560755733043491	-0.40671582318016375	-0.8651563732317998	0.3873341606444047	0.23049527122636077	0.13601444163741197	-0.5172335397481272	0.0436130052009249	-0.7537204360114367	-0.7418928666641886	-0.45762221946363646	0.46096256479658226	-0.2292976561145295	0.16041194166029063	-0.6736775035255571	-0.47433077492536685	0.26192820190016536	0.5226959929009358	-0.715569272922777	-0.12229033652674656	-0.17446634165249114	-0.39747848520572665	-0.0023585354102175354	1.3631618342348353	-0.3527040640794663	-0.36227460641133147	-0.1613886153575172	0.8372016798643951	0.3581776145505734	-1.0976995436353758	0.06750153982999783	0.07401065739999903	0.7630885892160448	-0.5037074332833814	0.01696643520393937	-0.5389964712838652	-0.5626234631893428	-0.1026185482109688	0.9929185073201432	0.11704846584044731	0.6188373826946685	-0.4409589545620793	0.009728955498634445	0.009820958296645189	-0.5443840402493338	0.36823083545786556	-0.39562242274302345	0.24584520061680326	-0.1353658564974308	-0.28586290554760335	-0.2667270944449616	0.627561312482351	-0.20581207193646753	0.004629237232545907	0.4114032191018614
DTXSID2047694	9.039227406230609	-0.029716684561697165	-0.4311545510976647	5.419556625108008	-3.5297230569443667	-0.6130979286025432	4.335875430872139	1.6853595561752843	2.0026289385295293	-1.413269512890455	-0.27350508281135244	0.3668917667341678	-0.7170140826543261	-0.5806456604871671	5.682566590170115	-1.749144277992921	-4.04546409374199	-1.6731775660638226	1.133050937372106	6.504624969118628	2.000477917165079	-1.1605422316523561	3.1344695120577444	2.3563266538525496	0.5309153018486366	0.2833267667394067	-3.7606107130177104	-0.8138231137996385	0.9889222422846826	0.24480185387086198	0.6144733029051108	-2.069269812122305	-1.1798127911332652	-0.9985456934893661	1.9521196047381102	1.369072210861647	4.39583404578179	-1.4546818707280273	-1.465667788837406	-1.45840010549909	1.2482130534593967	0.272272981061898	-0.47964003491717605	2.529344524229596	-1.0782820219931932	-0.3983401878986115	0.7321301864864321	-1.448584736977277	0.7167701768648995	-0.7612786404612026	0.6220749332357263	-0.06492927568405737	-1.0676489659442159	0.45405866722698296	1.3179279194051035	-4.263247716296822	-0.23758374498694504	0.33361176250857233	0.20628467517051943	1.308436041219265	-1.4639236962552453	4.292325842239809	-2.2273623137986025	-0.5747904290456854	-2.9229451569812612	-1.2761957851190358	2.615036866709386	1.1847033270224308	1.3767631086417509	-1.44074565357969	4.222688011019614	0.5801479051284942	0.2830287440190348	-5.437138169908615	0.1254510328949292	-0.2898575967963145	1.1138172902876797	-3.0750686089414048	-4.456934560088197	-0.90293612209028	1.8751483943973968	-0.8702539761210315	-4.776378794326387	3.6396970567927505	2.7529593863844672	-8.457579937598254	1.1176441165050386	-2.4658761124447803	-0.1723151949060103	-1.493585854672764	2.0023002587844467	-2.0858421922421426	3.801987806316959	0.18380228732362172	0.39993453472178403	-1.4538967624153374	-0.14565609609196978	1.2375449732992674	-0.3666272599736873	-0.7966790179959783
DTXSID2020137	-2.204071234261555	4.54832559513597	-2.1421191911673487	2.2096943556775055	-2.7501771119397382	-0.838240888723041	-1.7190080480281487	-0.9851761438883396	1.8729556225246167	5.732369807849875	1.3370635334311243	-1.7482661704009905	-1.4429566458413612	2.1823236640776207	-1.786146812653148	-1.3001880572778912	-1.2797715924247133	-0.3880451102547254	1.0710203775170557	1.1134219439557635	-1.0880658776623107	0.8419433864438705	-1.2800643551907407	-1.0238152763752386	0.5080011302002722	0.6763318626657516	-0.7965914804214398	-0.7872838388880619	-0.5916224999143838	0.351086181133908	-0.45647241274485373	-0.136215136266309	-0.2874027406271108	0.08395253022109059	0.15904695155972742	-0.8774731897251148	0.8027805328154086	0.341689673752759	0.19680822779731003	0.3769912803146426	0.1560458418093621	-0.3122695872091511	0.983943462553775	-0.2928725603901981	0.8896909560440569	-0.056302068146119794	-0.28283965388074517	0.2691471531160235	-0.03429934790523903	-0.22316819906184054	-0.0712681627297415	-0.08883200175328751	0.14671151530911522	-0.39624661512592513	0.06964324240912373	-0.15030930340895166	-0.09531624534402325	-0.5913591512017168	0.6887089316374485	-0.08981513630350886	0.32248229524126737	-0.03538533411360405	-0.7501134834496227	0.46410423468440726	0.7762153390032853	0.29394788592709986	0.1479355420053407	-0.1433471237607846	0.32458283587156617	0.4532451429655381	1.047426499855615	-1.574191913842773	0.5250809799802146	0.124976994322472	0.49621200962336615	-0.1740895549438535	-0.1901838904131429	-0.42613239214237636	-0.20435077292580558	0.025155817072198185	-0.25212558622502956	-0.16801007403457957	0.28760206407191563	-0.043722800333534026	-0.13954181963943385	0.7578922788826371	0.37056302070063574	-0.3491367043967546	-0.3713773815871176	-0.8012923822159065	0.3249815202943063	-0.4345968329977785	0.010867296864094841	0.32877673554532466	-0.3761266693035828	0.1804419615276039	0.07244874009308554	0.3886247001327264	-0.5740056630825628	0.17864379790423976
DTXSID6041137	-2.922606823234403	-2.67275596124942	1.861712837976377	-3.470219042913671	-2.1200315107010015	-1.3690475626146	0.1051197546412094	-0.46833524689310424	1.07170432239185	0.8245489590932646	-0.49875885898981653	-0.2783033788432329	-0.9576280002722705	-0.6535368740211634	2.389331525374653	0.7619183169632979	-2.279713749323664	0.12787570934513942	-0.14428453820087575	1.8849932489737264	1.412061546969066	-0.5203806403972683	-1.9844346556628167	0.09129589411846334	-1.2230006684444559	-0.9278669533240751	-0.5666144553105014	0.7313448533454993	-0.8737216433072571	-0.4784578400592581	-0.06788595326338365	1.0520229921177935	1.0490518439954455	1.6440006116953392	-0.19134639185201555	0.6363447732846849	-0.5079433992000483	0.0018054294963746223	-0.8350816897123656	-0.31928497804428807	-0.5437907472415939	-0.9471258881145779	0.5772576989782092	-1.1439683825119142	0.14166075645140463	0.05474961206724365	-0.9102841350273642	-0.13995141930114316	0.34208687956180783	-0.029967413963043133	-0.2390814926521582	-0.46953881369900524	0.26838372275446004	-0.49703051407056414	-0.7610381009675836	1.3792365899330348	-0.13069888738774812	-0.18146056356147816	0.12657790073545477	0.218284354437604	-0.4953646668531381	-0.8879722552292117	1.8157582781047141	-0.059516964549936366	-0.1987250499755084	-0.2935120831540648	-0.8580493994868358	0.012518356781257777	0.22849617916808077	0.9402260910469865	-1.1298750228144878	-1.1734161673395995	0.44638120332414627	2.125575885069311	0.16440582266317294	0.578973786338111	0.5527273661213741	0.9312055048161997	-0.38282817782697864	-1.2394057210232305	-1.5071103404464996	-0.23450100258953616	0.4205151200199135	-0.5549841253143518	0.09715011466024287	-1.1718137963053479	0.9982518533789984	-0.3294686576218527	0.1463215650713703	-0.27528983698174603	0.41038197886611233	-0.4015211562055998	0.3650222423101459	0.2598197543585096	0.366672957811068	-0.40021135833426136	-0.15329647923161646	-0.7478200850525442	1.1286335328440074	0.8619055714484751
DTXSID0038887	6.688531549313375	5.864588343114697	-1.8439844899891487	5.007039872924978	-3.4745309441781798	1.2334218737855942	-6.125951987467045	-4.769929304966703	-2.3914807476558	-4.31258478836519	-8.118900906202358	-0.6431883057069696	7.26980878360748	1.511895215138333	0.8406908845846077	-1.937437802612388	-2.9051970965069533	-1.3992008010316608	1.7222027048546076	2.254121799234382	1.100371746400062	2.3005942925752043	-1.0387590390500898	-0.11459171312356894	2.7262747917746784	-0.661549368082125	-0.14185632594670522	0.5975592674242545	-0.3247286945925815	0.7371406593385255	0.692221006769686	-0.8148877518813222	-1.0521284859017228	0.31576355042152787	-0.06029514165975296	-1.0359825019298707	-1.3118032987653618	-0.04733205566249067	0.9846278195899907	1.3777059117898303	-1.056596610304077	1.22238532548864	0.017701077993000046	2.29416100438718	-1.557033878100688	0.6505249439259406	-0.6425094941767052	0.5552514165076763	-1.1496740818493203	0.07127295610914784	0.04514283009373878	0.6231393675728956	0.328822199789074	2.391953130130057	0.16258481579600367	1.6337660825550069	2.3040266504045745	1.1606401319237907	-2.4003025993688865	-0.9550140216719252	-1.591537332121206	-1.3267492877144362	-0.42557570640166986	4.6991328870408	0.09677948919641897	1.4098701343038043	1.092603182593647	0.05167996582294283	-1.2896908859657197	1.8492144560890103	0.2045122613413561	-0.9497935048091056	2.236001774459107	-0.8922444725472664	-0.06383949434811065	1.598650444320906	-1.8634671611726312	0.8058268640086322	-0.5979432267521921	1.0500848404549674	-0.05758110053240767	1.0419950097542086	0.9691811591920264	0.5169203913135426	0.28478121101283665	0.2229175174303564	0.4548771574845913	0.6159616192805382	0.26242434244329865	-0.08203486947227846	0.9583424219398552	0.02521192403814485	-1.3320675411710838	-0.658636330458269	-1.093252439213758	0.0012526881583206587	-1.1684088303598346	0.44491180710038464	2.590589549853154	0.5556118229364315
DTXSID5051999	3.8459576953925367	4.995824266033199	-2.440421132750314	0.8344491656587152	1.6748400968229273	-0.31256578807322744	0.09342929431144854	-3.003434388230712	-0.4062764776941463	2.115708471735331	0.5807722807892862	9.205288200557245	-0.3385075598243896	1.2263477196237944	3.5593589760964237	3.2910008987606445	1.841533398969863	-2.457355270610736	0.9790851295675478	0.6892988942367246	-2.381260228895417	-1.0838317995571114	-1.7290906032310611	-0.9607916540726339	-1.4671910509167965	1.5956836255735292	-1.3251405323173295	-0.7078678390430772	-0.4423009928645884	0.0846192996871001	1.1012082671234842	2.7662102734767755	-0.8223091920291438	-1.3069910245127123	-1.562173977195848	1.6814500663529175	0.35666081168176134	-0.7057281343732971	-1.0481175982975715	1.070575249795754	1.136591892143724	-0.8032938932319749	-2.0057032337758733	-0.6717058076414627	-0.4810809325090772	-1.8165865255780675	0.13899105971533776	0.4101038189189101	1.0180383634348595	-0.529987362791057	-0.25136159644167755	-0.3221751982016315	-1.722302088849975	-0.4688386992772012	0.01859067443205954	-1.647506458457691	-0.9399873569419863	-0.4184810052475123	1.3765571924218498	0.1664528081697061	0.9356012081475933	-2.403383213946438	-1.3246987517441136	0.8128764634235949	-1.8354674370442905	1.4243715289167094	-0.18822682149175896	-0.017603010388528722	-0.8183322368494391	0.5998989171164119	-1.1713110204829176	1.4952055706513416	-0.38568631644815576	0.6460533748137507	-0.1887888170030701	1.254051112485989	-0.16355748740281217	0.8254547184065723	-1.4715406322842213	0.1630230883432929	0.5385567595572776	-1.1363049464888522	0.7284379075555562	1.010588647800023	-0.6652385546336919	0.4955729246612211	1.0789919627866587	-0.9171624211597837	1.091746517488597	1.0189665589245676	-0.2195342547513669	1.1439916233510565	0.4501558157684489	-0.46195835993901674	0.05375816159499456	-0.2811215093164324	-0.6888510161012128	-0.533751427388584	-0.0493632238539439	0.3653923599511589
DTXSID0020448	-6.888609619824779	-2.813354073532662	0.6357556565740597	-1.2787073102256223	-1.3802586360258184	2.823889756918829	0.44734987150047584	2.210515101662805	-0.7926592061452762	0.2619734370191035	-0.4626798861956388	0.12818541464713412	0.3045796499587767	0.12056418828860845	0.25290102673310555	-0.20244521010668465	-0.12665828080796604	-0.2239098588637247	0.15724066470516246	-0.606999636758703	-0.3782099270625104	-0.23896519684821854	1.2314087890584648	-0.20226745871536814	-0.14403818850788644	1.1261157265125012	0.4899588186264609	0.906475281603395	0.25885074529486013	-0.621020224918565	-0.3479273702226674	0.3275686009671679	0.4598410864077629	-0.09298523542140662	0.8421494817076747	0.2399067496205802	0.38867532744066097	-0.18357145661992064	-0.763858856492482	-0.014163696335806662	0.3891262548521654	-0.5085037382998112	-0.09915212466753784	0.30758353656103127	-0.3194658332206143	0.08312190078744315	0.574322298727956	-0.5079869549873092	0.10571926054164489	-0.5778097334911827	0.11390738766742851	-0.2304939481827465	0.3920593572535231	-0.09203620764219825	-0.12413224295177322	-0.2483134423871711	-0.11395556617912954	0.486666701202703	0.030524145521843717	-0.5999312862648263	-0.18780196423404702	0.01114325517612885	0.10530856230083115	0.23762773576954976	-0.6842218046604414	0.4702847574920461	0.06463972912696471	0.21707387847550863	-0.4608858687457121	0.5340222313940575	0.09764614401356203	-0.08312777382611086	0.5288322344311455	-1.1261662020031842	-0.008004633596744802	0.8106264603323772	-0.8314690405273687	-0.1616266777657933	0.9534969445154244	-1.119617338424614	0.44064029914802166	-0.2818507379103634	0.1421333609738454	-0.3284684231771224	-0.1499022227088826	-0.6634940837092205	0.4978407077754446	-0.18185054505854265	-0.5335630455529872	0.31944323209768655	-0.12505977963213227	0.06812691209114043	-0.9011052711089127	-0.3287307717547618	-0.012590064413243821	-0.1740429891757802	-0.18247633858545786	-0.20477486960336908	-0.13383998085254303	0.021930791239894547
DTXSID7041756	0.4036064139836962	0.9925104249431876	-1.9074097035918618	1.3624749395031113	3.9996221890300037	-2.1673817352583638	-1.2015443103729777	2.4124813865307613	2.2925474898021068	0.037310725827001866	-0.9766099995916311	-0.43420302519387155	0.5251363006969056	1.3171368316985443	0.5479667682635978	1.1420866505380372	-0.27907362198557545	1.3391384227681342	-0.3479194599296659	-1.0116037439501695	1.1078020028918951	-0.723275580042303	1.1411013083448125	0.9488145905084663	-0.16304012623160088	-0.6283821082308005	0.7368587731815631	0.5649449640061188	-0.11087444885758166	-0.1845592892738264	-0.1794912252970446	-0.7670537479102699	0.7830914984300167	0.19924715003873836	-0.13613320186186	-0.04972194065378148	-1.8175666643829858	-0.03687360561829657	-0.9524587976199466	1.0880797869718384	0.275849275993333	0.391034624619036	-0.041360496813844384	-0.8467895772941598	0.5876132151279014	0.3238821822472931	0.35013563038017187	0.0017986350584315589	0.5973419314528562	0.050986050559132294	-0.14104371827197176	-0.37302219572716183	0.24274451033752345	0.2367168587394031	-0.15300316830432123	0.7654865979349018	-0.20535903654096146	1.360184039370702	-1.0020580713529126	-0.010919109313930692	-0.30706444331822047	-1.731953326224302	0.7636325519637054	-0.09532498615114428	0.17690103820360484	-0.3680478550699493	-0.9514720709951283	-0.6194471384040371	0.17462400575460874	0.16043240741231063	1.2299583768962656	1.7380940096229673	-0.8072189085704524	-1.7098838860706227	0.4559342459051319	-1.3564911980003127	-0.040726050647201424	0.48019647547364613	0.157681451582821	0.199953014434663	0.759186320730651	-0.6449532774905092	0.37204511211377833	0.38110501085091497	-0.20098493989993907	0.46921994024836	0.5749492470838202	-0.04284279999413051	-0.17394185104695503	1.396590209342245	1.5414184769075963	-0.4114780160898153	0.5770486398877096	0.5968494743828852	-0.020865643368076663	1.448212989521907	-0.4481717917887466	-0.09642234578873395	0.14461245600300007	-0.9920689929330307
DTXSID5052672	-3.0232164231388055	-2.4173366907569407	3.2811995390391644	0.7744292364788783	-0.605084672787497	0.18872134252000564	0.3218617841519	-1.2598234979619654	0.454276414458754	0.7845204148547175	-0.18875561312862124	-0.22748048824277306	0.5873361638344058	-0.05746653248273388	0.5177484755128751	-0.17629331825043482	0.8160079904905618	0.5933307647749606	-0.13356951021111044	-1.1645692252685438	0.055644667497899813	-0.6824168445233529	0.8478192394422123	0.21841294755299692	-0.3092406564515201	-0.3025834991134644	-0.2924278368841748	-0.1829143643305697	0.11481526510761886	-0.11449981873110537	-0.0604152972464559	0.018278568408238122	0.28862054939137427	-0.3130940930902829	-0.7821052858428764	0.07162452140764078	0.4485834757498423	-0.3124416063999652	-0.29268736750882607	-0.10945442862222297	0.15733539546384065	-0.08925059782504076	0.020393688156671634	0.06774904321108192	0.15409054460203872	-0.3215708301973948	-0.38781050084176455	-0.28615317022018844	0.08100944684468854	0.0859391181988332	0.0011028230536027103	-0.328517920728536	0.14408388485440254	-0.024374302476939343	-0.03460661426199249	0.03618048489772826	0.384435501531358	-0.20749233870528044	0.3385574507061781	0.6281960305272899	-0.16675358461971804	0.17491019806725785	-0.041827388811359216	0.2305895094339545	-0.6077583803018878	0.20275995264581073	0.744858307645257	-0.6410113209531483	0.0535781665217605	-0.21187001406407432	0.14697652541789039	-0.3309716456647741	-0.2208439145685405	0.41753267043461934	0.46447469839935795	-0.43046092535975666	0.2441271748683403	0.09726237479676123	0.03136174632848485	-0.395666083294226	-0.3110505162312484	-0.26559131554633814	-0.5553165254273262	-0.2292472457240609	0.14264765142746869	0.22371315216853488	0.33903618719926265	-0.05377398943190927	-0.0631701808511738	-0.16293868222869376	0.17675266242195764	0.0805452179431811	-0.329806829951129	-0.037447159841000055	0.3009137679614998	0.23502148034660464	-0.22351762452869603	-0.29500281346955615	-0.3114672047401128	0.25575310629963444
DTXSID5044609	-4.544248122241853	-0.1573558738054586	-0.8752397422005745	0.3543888570537169	-0.44145013701949287	1.8411396042082477	-0.32122224178194747	-2.223451841086058	0.961880883626382	-0.3325728165275917	0.33363507941418585	1.2142771457133588	1.1363469070033205	0.3812094029845379	0.6571120955846379	3.1781692374656103	3.825510824869807	-2.4879350196411094	0.7679607845583057	1.8011754184702962	-0.9992582798199644	-1.25754538927035	-1.4282122236514574	0.127597518863473	-0.4549838512113122	0.36888565940141943	-0.8913719177013036	-0.38381442227528495	-0.9549358605467462	0.4858420959171183	0.3530060343756635	0.34469731278010773	0.5423173254284771	-0.7091808743376044	0.3390397104444907	-0.9130222659908767	-0.6354419394602177	0.5525538931645203	0.07480273486683242	0.3649433621221541	0.8563872995416719	-0.3923284495677685	-0.3931867323690435	0.05984193853002164	0.7063624232683174	-1.039774194108501	-0.5452160917562908	0.4771981784462912	0.21841333367776025	-0.4150117386827943	0.028914411683135535	-0.1760548922769241	-0.4232678965438429	-0.010235135010899198	-0.5291987939483825	0.3200709779977594	0.5407788345568806	0.2325001213192669	1.268934082160378	0.05596444226024897	0.17657359798394728	-1.0474743150814465	-1.3891590634561706	0.5703136830658118	-0.03546648877699123	-0.6795110941536113	0.33487399409244484	0.882422843825536	-0.3214207167110573	-0.1985566800224388	-0.08460732470897799	-0.3942917704858151	-0.7725784372537801	-0.5123281065123828	-1.5568176338484871	0.055179302678725596	0.5789455133249272	-1.0629098728097024	-0.0687896516457069	0.41618445445312124	-0.24801588004613281	0.12029729926515796	0.4506659907811948	-0.3535593452246308	0.2574979648112402	-0.5040818958506751	-0.6895529159864081	-0.14382015944005988	-0.5642345457600189	0.47809176524080166	-0.06035070973509503	-0.1383161320423816	-1.2872039108566595	1.0656872778789463	0.3604791496590493	0.10669402127526256	0.31453657789097866	0.29417980311800557	1.0306644106603688	-0.6863638750818462
DTXSID0044656	-2.139085085915199	-2.136936573972374	-0.7334021950629264	-1.5402427065098117	-1.7632001147996976	-1.0937524737321198	0.12144256134491249	-0.06312519498090943	-1.6561748749751708	0.36366506382052166	-0.6301741810639514	3.5765756628153533	1.7789563305933862	3.6091177719605563	1.967571743968119	6.919514811738391	5.745123485826443	-4.032312152549654	2.5814322819788913	3.9762472148064556	-1.3861007970506203	-2.0384056039988994	-5.134139937425816	-0.4696510139391334	-0.6921605061425884	2.2246488805457525	-2.234905931547538	-0.4489358744750362	-1.9717041863706324	0.4400118991153384	1.8516622096614221	1.4831149216643644	-0.25883824174245335	-0.19581531025387966	0.7647743856408151	-0.561681955093518	-0.9917258178918447	2.4142064125110516	-0.050029555286073696	0.964349530175954	0.9614392995717632	-1.03735094610497	-0.9241897329044378	0.26985287585719353	1.2118367870291773	-2.4956803434187527	-1.0788532508938136	-0.0654627104485378	0.5592421852633371	-0.5867751160536374	0.26129215856173027	-0.5649717442650389	-0.9492240518980046	-0.3012739969075228	-1.3343362108084247	1.0166239454835277	-0.08753608901797888	0.41151782273056325	2.873765518930178	0.1517205831986627	0.3171509016237091	-1.4339902331203522	-1.3461251690097706	1.4810731161038782	-0.5087713489447427	-2.488634048348283	0.7333196399093158	0.9125985857648554	0.5410337327081061	1.8138840189461884	-1.9991135834954232	-0.7981649212020026	-2.3447047739781577	-1.3614026490064999	0.2653456061747156	1.1893037318807458	1.14277625004813	0.9419089875270479	-1.2469718365464246	0.6837764775213844	0.5212158484868952	-0.27108502553884684	-0.1525932753275025	1.8188192133065728	0.7290700629832024	-0.006632799498995183	-0.9778537106494336	0.38423879957610735	0.44605781660815275	0.14815646734184837	0.12089709220570381	0.4710199120925048	-0.5268425033855811	-0.4454801955141765	0.27553660437160027	0.6590378502483034	-0.6040793043911802	-0.09422573718199044	0.6026751036122638	-0.10101258169947892
DTXSID1041269	3.330183536732991	-3.6859509833743345	7.831383776245606	3.8463353383311003	-1.2865252144927912	3.1374678353753582	1.3482862589240463	-1.5237870244514347	1.0360840501184885	2.2648807966660525	-0.3657170168510335	-0.3317835381685795	0.38105067135287324	-1.552495911830318	1.8036761557096	-1.3238977086544306	0.9387971781444087	0.024248105050272643	2.4263471671471715	-0.4841908639958007	-0.0386540938939066	0.5879144080737134	-2.411125802815156	0.4154188592207235	1.1133684048266135	-1.7943738676202434	-1.6089492162696257	0.2099101029322876	0.3995687520713772	0.6224804990454799	0.21077581677478277	-0.21128851363764084	-1.103983305887647	0.09411576650089823	0.11904632531011741	1.908998771562221	-0.9874809513524835	-0.2612136183958093	0.26343941532009807	2.3108651930377517	-1.3041190513727388	1.3054557258820256	-1.000832854420849	1.6121392182992944	-1.6455737636443697	0.3376224550319824	-1.6854739871859126	0.4377247870974843	-0.16403856995501886	-0.45072764354193984	0.024975220088334513	0.4084037190461625	-0.1405818237243981	1.9324845667189627	-0.09040580844358516	1.5279995275351388	1.3556736973547385	1.7772084395203647	-2.1307756550799044	-1.1725054256275678	-1.8173582986227026	-2.106878198408138	0.4091571235668504	2.857090735035432	-0.43260878023929467	1.652376913689995	0.3936768440079382	-0.22107573782150436	0.07663016941609228	1.5114307579625923	0.28758763775306273	-0.011871555121166949	1.7449498010789775	-0.06317849172709683	-0.4951082943419376	0.9226205685289938	-1.3057421749414828	0.5221678578849483	-0.6013891897396163	0.9532966272109611	-1.544107702622279	1.983668126035083	0.10369612203480257	1.087356712433175	0.9617511227422383	0.558693047399955	0.29025438794776814	0.21053755055934484	-0.8232910730751682	0.0454990373033441	-0.28353444961476165	-0.652543924974183	0.7970132451633808	0.9503106750168429	1.1718871799133186	0.3267265157029234	0.3090153631916022	-0.4093428095898436	-1.2606057295304443	0.442991761249839
DTXSID1052610	-3.223875731077321	0.9970973756047171	1.8162627853983353	0.32250168669528084	-1.1298124228767321	-0.7069529661440788	0.5678749296929465	-0.9299253283151976	1.4009139376083155	0.8592384935883781	0.3022561976617447	0.031772871011979086	-0.3430751502318979	0.28497257428047723	1.5631919390140354	0.11679570378876353	-0.3434721276459453	0.6564521438470834	-0.5969999685264042	-0.7577039827243991	-0.20149133125849286	-0.5008264394473474	0.4742170785564742	-0.5580599156359609	0.8608879007492402	-0.8329268742007964	-0.07009581351949068	-0.27446702258918976	-0.27757418753280866	0.14011776823426728	-0.08875724599142308	0.7335916032743524	1.3278380478222025	-0.2718163024938121	-0.340025853036124	0.5114012316886809	-0.47634364265448403	-0.028799746613261984	0.2012491974089544	-0.3185722109519612	0.19130460771862512	-0.08304269540719154	-0.34925928911129617	-0.11759372172784234	-0.19509486135844498	0.33798147957012187	0.3128358071076094	0.47791201835481645	-0.005494143639701542	0.04799598578990833	-0.028401645193515006	0.07203392190756233	0.318362612983042	0.03014007050798187	0.34583166305652213	-0.10334344457462952	0.13317194269637106	-0.11960996986725725	-0.09141013299082684	0.17173101270122407	0.12805720107689814	0.029265920635925004	0.007000813699343809	-0.0929209299959169	-0.17592048892528833	-0.4869194867788442	0.3023703719061386	0.9103128390165557	-0.051459192347513345	0.5993784353591362	-0.42124377523442513	0.5648752035748693	-0.3836974358980578	-0.12274515639779386	-0.5454139422648906	0.6782415208749187	-0.044297771559798256	0.2754253292259421	0.35360511732767375	0.28222606215473584	-0.1657252205762715	0.056108841290422144	0.4879283938352861	-0.46544589751357973	0.15294435070983664	-0.0762378888720318	0.31085851373165935	0.06492860892074799	-0.21754131039008032	0.05360909176497072	-0.2406025370506688	-0.3215483934675912	0.0698556162440619	0.4742622976522371	-0.18967522761333577	-0.46238090739732834	-0.3283564742390833	-0.2790683027663628	0.2925651381934552	0.19448130015673176
DTXSID7022592	10.044838092784003	6.798871196166406	2.6570595621757955	-0.49197152169183683	-1.7908603195932302	-1.0048917143905596	1.9316571127342905	1.9100052724860823	-1.1592941287332388	-1.215649607186765	-0.2645340195174414	0.8091393931870131	-0.49191732089599005	0.7598197698244575	1.389014761797895	1.0318614855096646	-1.2562565016332716	0.3764744560074868	-0.7421038861873595	-1.5076131292987038	-1.3186161255751803	-1.388592099522412	3.2148889272908843	-0.5342373204378814	0.20705680309088711	-0.5883207587816424	-0.35217312986620264	1.0789160176791865	-0.36898036305783866	-0.8372191086659474	-0.8356275707962537	0.6135724928030258	-0.02169232981513513	3.946023477030374	0.6282986384945451	1.098043001728222	1.7949931174891605	0.11122303963250939	3.3145854835020847	0.6201613095188208	-0.5521290429762172	1.691852671201128	3.733424180650442	-2.723737029574644	2.5344203953084685	0.41950983458259417	-1.1895352705490274	1.7388300441277271	-0.30431744541092715	-0.26822179347061215	-0.2542606018412663	-0.8198428649677858	2.146002988287299	0.26320425777082435	0.6139512882240998	2.623563259408925	2.0907234472211704	-0.5456252226856085	0.9664091900758582	-0.26579668063296374	0.743600426429651	-1.4724807733321017	-2.6972818889637717	-2.622101624819266	-2.4323487305933282	-0.7613270056254359	0.09085161772183631	-1.3166925529218554	-1.2755027621812753	1.5136444417993244	1.9507536917045996	2.2369615849089395	-1.692913582094204	-1.9406331876532472	-0.3210254873513905	-0.8112398300140721	-1.3369251809442595	-0.815639025952559	-1.1037988291474494	0.6536134066322231	-1.0517416874518004	-1.4604757266248891	-0.2066730604018391	-0.8874234168972885	0.6824369491030906	0.3451139789173716	0.2541301335475435	0.7315046680940057	-0.3796536031602087	1.1249274242541014	-0.8873395785424648	1.8595334399525614	0.7821105262908045	-0.7877257467947897	1.6025094690302735	-0.3917090507650568	0.4650088000987773	-0.02175726763821656	0.2652017367782103	0.11166759208884003
DTXSID0044575	1.1757582228215018	-2.6264030168899297	1.733455117201569	0.6143244010309167	0.39564829157189274	2.111338223410893	1.1825084362829892	3.250039201214743	0.8198769851530985	-0.8792267485382087	-1.0354190974688051	0.5239918363487871	0.531552363605965	0.09006470804988172	0.9812144617656259	-1.6856134828067202	-0.006420815045868571	-0.6327370873498411	1.6229138330424315	-0.10461658432817622	0.2535821901243166	0.3365112180916005	0.004837569701837746	0.4483498209203648	1.1552508111169801	-0.845538418320717	-0.5319727349801349	0.1203091019323445	-0.030494983036782195	0.8510505277503718	0.9360687584938684	0.007792922917824685	-1.0733241791497579	-0.1331357028459022	0.7688654175031028	0.5764972411042628	-0.3855479645086377	0.12237005932488657	0.967316443297702	2.3353380336162597	-1.6981665030499034	0.6681371247803785	-0.33387761275227096	1.4882545164611207	-1.057957378808876	0.22102171588454056	-1.5150481178379336	0.19423316458736464	-0.24365296376242518	-0.10923416239114125	0.2512120054583428	1.1090685989040432	0.14190943347855048	1.6977563329016105	0.32998304945553225	1.2783135276850681	2.006436455554787	1.6685318116487016	-1.866249005865846	-0.8393737727321768	-1.2459836781721163	-1.927737360462976	-0.9400296441496352	3.7887206129967925	-0.22223821638600527	2.7698833816384165	1.8594465111973593	0.5875101783504624	0.19704647071730316	1.7228070458308098	0.8259421775813719	0.11313982385518921	1.925113604415782	-0.8721919272224858	-0.1472027645219978	-0.49057884001410834	-0.8637068478359001	1.5083889602631104	0.1979821550637374	1.3867682659653349	-2.150970218306734	0.9037589078225989	-0.0370452375910103	0.10623937854388525	0.055552339413707276	0.6252270966772495	0.8391119330594693	1.1549470049061732	1.1869556546195854	-0.11717464026990691	-0.09481136490561994	-0.29784473404412815	0.1832965925180626	0.5162611072819143	0.10184851866038624	1.3985689579544671	0.5808880134237812	-0.0796940862826065	0.7588307631167744	0.5847703345539834
DTXSID5020520	-7.267394159206324	-2.029533486076339	1.1535976911261254	-0.42951703141191017	-0.991509713566988	1.1325683197218963	-0.43498061418763845	0.3361864283699694	0.13408878946665773	0.16052803648445524	-0.12988826555077898	-0.16483750921027365	0.04024772178646633	-0.2493657605170308	-0.2805501548529732	0.027519686388947275	0.12935000690637843	-0.06796648460842558	-0.1553373873932262	-0.2582008714940998	-0.06285642905542738	-0.25015337796972864	0.5917366442918972	-0.054926514815214246	0.12857251878065853	-0.3673286375256302	-0.13748141870394529	-0.3492462895746796	0.04762860414233078	0.09181186700445157	0.12757818552781483	0.2481510723715448	0.21250977246828937	-0.22782014073925147	-0.17020213842193543	-0.13856965632001345	0.31465881613752467	-0.4645034080242245	-0.2251885775190204	0.23836596136482163	-0.16322264529410993	-0.31205400523109517	-0.024155080509443573	0.0805817864293909	0.00967570522009108	-0.22248849287079075	-0.17201861014458786	-0.25640283890021837	0.07666681104460951	0.13821768508777146	0.08435136674817038	-0.3112123877968574	0.167106652398333	-0.07773224452833294	0.08899974209623909	0.09548181856571639	0.11015603967502016	-0.09556488145542011	0.29312709007313525	0.13411455025252336	-0.08121261176541572	0.030579710060751105	0.06025985550174734	0.42302246317488146	-0.34800840930656884	0.2651918430442663	0.3994164081739199	-0.4574790748460323	-0.3108193893250099	0.20929501968983838	0.45387140146445665	-0.054562849651425466	0.19319377065585264	0.2736599952997197	0.3277315881015445	-0.44955329292963286	-0.03640663432941267	-0.45418096462321655	0.09919408438475646	-0.28227678397582784	0.09436274353061239	-0.4275986884459407	-0.07809560676499258	-0.6924559121794068	0.1367572832167443	0.11526772920084032	-0.13878990762892182	-0.4931440362260466	-0.005761950493719237	0.12560474944006297	-0.2960911880650034	-0.07170774517906552	0.07405394667077357	-0.0695291014782491	-0.10794532185659787	-0.2318686495141855	-0.23406949537383392	-0.1797910715212071	0.04858511326587867	-0.12397214047770193
DTXSID3023219	5.333308748457828	3.269236895431011	2.683028767245715	2.528122276241484	-0.4606757692933689	-1.5059414986438429	-0.35814147153376646	0.5772318569216824	2.988048685659088	-1.1364230388024235	1.4939505254754595	0.23238477260248053	-0.9854098955240611	0.15698957858110824	2.1081829785029496	1.1853651693424134	-2.877626006212273	-0.11877132177843817	-2.1294390611338545	4.186474162854699	2.773193776097778	-1.2497518955883826	3.092999642752739	1.0097570489426626	-1.0249741269577413	1.6724165072816823	-1.0311249541154832	-2.268768071220414	-1.066352951172	-0.04285508660913915	-0.4336193236038338	-0.9294081037170924	-2.71867662379948	-0.4987359327061306	1.9065377823409664	0.7005901413171128	2.5150439271394274	0.4929725749342644	-0.6801566017889227	-1.0499698278839558	0.45003715349234447	0.44626918632428264	-0.4210279748297358	-0.16020806845613103	-0.03781939186410512	-0.2872382309839566	0.46070968883805563	-0.38234429468710307	-0.6200593021833137	-0.01954670863408003	0.23858551512517434	1.113198334883173	-0.2751184233069979	-0.29585919238593095	0.476114142916769	-2.48030798233593	0.28698188728775653	0.007932576411030887	-0.08929296623271153	0.7535717986247787	0.06175145770722617	1.4869921076001795	-2.1541883834071602	0.2969541104956865	-0.35840888485953704	0.7455127724381997	1.7961234422873047	0.70864229405971	0.49091180391486505	-1.7290681522694593	0.9659490802200768	-0.9422579924014165	1.2077935629086909	-1.3955184840785722	-0.00778818458730651	0.38513709474885705	0.17866188627837554	-0.8787619031893182	0.10861999947264817	1.1202748870375738	0.7788991211990206	-0.13641668028462947	-1.3577714556905542	0.8293917972896477	0.4056310471510237	0.8817667879174452	-0.7174319922096938	0.21319811227929927	-0.3241853203117607	-0.36080133927896046	-1.2322749365007606	0.7810039662558621	0.6868554265133804	-0.5888298998878315	-0.23684691219462353	0.3168641738591067	0.21190763299545762	-0.00228483639563848	-1.0613539862988632	-0.004097313544207102
DTXSID0020367	-4.408623967191808	-3.7851265715993345	-2.2030337033982326	-0.8465126938588478	0.56211932156185	0.9260995954479994	-1.0819823805802027	1.093625864118601	-2.5862433949083203	1.6856327325632172	2.2742210347209975	-1.468705867018224	1.2076821114863647	0.1755000393965438	1.091156668453649	-1.059671837347644	0.2278869283670884	-0.40337199415176106	0.27343737303135596	-0.8152407153174296	-0.5930621971137998	0.13954722449465998	1.7721988305833487	-0.9823559493679317	0.2817259600039467	1.140240909438601	-0.8563818613894372	1.4528892649361524	-0.8048272493106969	-0.3284902338006306	0.11034109242758063	0.4580680022332644	0.7341476055705637	0.8638609043283798	0.8889476624221064	-0.4400402928973502	0.9199465302552202	-1.2804833921529433	0.5119652524966806	-1.3739808764548473	0.5320114349819023	3.509846988243599	-0.47072568231495227	-0.7731432729857145	-2.7817857418812255	-3.5568807272218694	2.229678053018983	0.6398333197983086	0.9679161142231696	1.3983930653526249	0.313362393388428	1.3785800227793399	-0.9343387082889039	0.9313532793734913	-0.09112179299831656	1.5286487069377788	-0.25498938013704525	-1.1148444958896826	-0.43633457211895227	0.051139393898030766	0.10751576437394014	-0.6675249177478101	-0.05448169499563846	0.12650609056713102	0.7734156039242949	0.45746918271501885	-0.6306302519578576	0.4059744222507252	-0.415018159194609	-0.35638118674404345	0.902138809377419	-0.37220130110059335	0.2918762281761979	-0.6550624813651177	0.5354971101916428	0.21139169343704256	0.665726285382958	-0.10764620429016412	0.8189982779587058	-1.052542501360775	-0.08246185378942757	-0.01793066871868709	-0.3961529809347485	0.3549383545343642	-0.5791575519183135	-0.3564576500339684	-0.2691231154254091	-0.0408412553900819	-0.43535892056805414	-0.016426810194873607	-0.02100337371951338	0.16067374052478348	0.13888624544055297	0.11571084546193439	0.8642361601682259	-0.13313515776842613	-0.07393835827853769	0.16599191792022497	0.04454594698196685	-0.43390240820921033
DTXSID7023566	20.284843158019036	-3.8845082462090215	8.679036730471402	3.2400623351597946	-0.7537718742056398	0.307506409854436	4.411217810822794	0.5314332926020225	0.12448423688060437	1.641354097906066	-1.8257324122198832	1.1177896997197423	-2.7552030358647572	0.5008598426152988	7.805479406170383	-1.2934600265051728	-3.576797755139783	-0.8219645595411345	1.6872313164883879	3.5541609284590945	3.6200629118479135	-1.1683316309732188	0.11441049503714225	1.678012110518845	-1.516691721806897	1.3173051964797042	-1.5226888837988628	3.9773532187301237	1.4637071781038404	-0.776694728024758	1.1005773204263045	-0.2730744134883646	1.7126708677743225	1.2502582694965454	-2.4827381158305624	0.6612943722649541	-2.0137606324375534	4.05439199167135	0.3165599067240541	3.5883283204321725	-1.6879377579213353	-0.8462969496110092	-3.112103674159521	0.5242922014353697	0.9455398287787982	-0.8950583697879011	-5.5535285265215455	1.7032712282834208	-2.9937566670611995	10.14420647661328	-1.4247055771736448	-0.7191418062778628	-0.3386603381145859	-5.246793353480259	-3.6119693183046904	3.3758756140929544	-5.473881207399671	-5.602781192499562	-0.7594330972322219	-1.7491077064984701	-2.7233896506359216	3.334335145583298	-2.935546187174955	-2.2258407751263465	0.2031760379702019	2.6795991999403097	-1.0238495165682828	1.8056010738233916	-0.9428025373544405	-1.1778066893432793	-1.4033544082838452	-2.1669459915564326	1.34365770930036	-0.3711509975030331	-1.214776688234262	0.6703374244541385	0.24702298781527499	0.21156264338479278	0.1352294003867922	-2.7378499201940674	1.4141346547588816	1.122058156766622	3.07401576211842	-3.263743606610142	-1.590110158325452	2.5199584950476455	-0.9551219137750603	0.7026130019166691	-1.070977812651395	0.8451858094899242	-0.6379960217190747	0.9254901330958615	0.46624169835844037	-0.40735656858607117	-0.4752427386242172	-1.2279146783309929	-0.10671123219410972	-0.31916644843883696	-0.6841670051020697	0.42869458970905616
DTXSID7044972	3.967425560013747	-0.07187735895089094	3.8941224303948765	-4.760609200697642	0.9619752202447056	-4.224281042626199	-1.1687213285947449	0.6729051061269827	-0.42641215516815595	-1.348988637840065	-0.4455231538124951	0.5115993744898087	-0.4514957729232231	1.7457036822935585	-2.2464225272128746	-0.42803395277069495	-0.14646917494142717	-1.1466537942864963	0.8454812152838448	-0.19334076244487428	0.22766468445783877	0.687402344971974	-0.49942667291967124	-0.8382007003596199	0.6174943677458158	-0.0893373755116984	-1.107355258149761	0.019917406343771083	0.48221353269036366	-0.5681654357554654	-0.5543918972631632	-0.024172438164244695	-0.44802832098817175	-0.6559819152664578	-0.07200628422565433	0.4553429872195887	0.3026942916812276	0.24147899890154745	-0.06757607948451318	0.29142644437877374	0.13269228527331242	-0.8449292327607688	0.15307722518815559	-0.19552279643318193	0.035340895216232716	0.004907159192747326	-0.3555403880336877	0.7156052495057946	0.23670355163408033	0.4080627523376744	-0.20048880472679373	0.04686120573264727	0.2622189975053984	-0.3122004193429037	0.25408589637381546	0.22180714170103397	-0.42717423682933425	-0.0064752983532712005	0.29549811989700164	-0.08767349946813588	-0.5208364971655145	-0.012680054174244415	0.6664923273456902	0.6570093396723196	-0.1581840511396539	-1.2372401182995707	0.87432022713846	-0.4561537911448448	-0.07718790964645678	0.47123933656075634	1.032105182886613	0.12466952786559263	-0.003779134223580294	0.15973637498019333	-1.1484018424842648	0.16945772031076528	0.1028150244347223	-0.876126216365626	-0.08989794684940518	0.008306844816052449	-0.29242835257493727	-0.34938754773342123	0.22873225662471675	-0.4140715124436148	-0.13187887108572113	-0.17075729973580442	0.49544814354436406	0.38466629962253646	0.08844428316184777	0.199205679827624	-0.5043093168553284	0.9808090350554893	-0.10361131171611603	0.1707945667290111	-0.4488987193161865	0.5413545086788253	-0.6400903255678395	0.03843555261241799	-0.14532874582581568	0.04833211307646277
DTXSID5046851	8.67680452983594	3.184136876017546	1.397155319809737	-2.1367637227605374	-1.0800456408734724	-4.2714737584576525	0.7018707531456075	-1.3423375067698182	-2.8735024691496966	-2.8753425543969686	-2.628536217100793	1.1629314887033444	3.083573310230402	2.2424873590382535	-1.9881873037332505	-1.093907434310436	-1.0108165078216107	-0.7252380843172009	1.1366382378598634	1.4986423082857	-0.8512685750970327	-0.2961110599755142	-0.7188073946889548	0.32606702136227	-0.26608724555901675	-1.106468817700238	0.4855851672785654	0.6235145626959874	1.1484838600539395	0.021445645653164504	2.3413601364784915	-2.050295935814544	0.10195393478547038	0.2785126121089371	0.36741878109351866	-1.1170579070015836	1.4800443814177715	0.7093145735407401	-0.4718540852478065	-0.3529845559348905	0.2941240321642523	-0.4632115042899568	0.6216769069889343	0.06864250598508786	-0.7102286009610992	0.28237342864669024	-0.08496676202416079	0.17428437336221894	0.6243043572160568	0.3701894857490905	0.32007133125448484	-0.03917636865500116	-0.23934924625375056	-0.03564387740041799	0.03584235417475079	0.5171278033536948	0.5722425709259029	-0.4851602533650445	0.7919375967687071	-0.2778524810070913	-0.844682383423453	-0.09306295954059729	0.7721270667484703	-1.5670620371102992	-0.30107220725123707	0.40718286327162545	-0.1394536836930602	-0.2174906842793007	-0.8081119512780613	2.0799347031978446	1.4226001480131854	-0.6320290836569932	-0.7512916495656987	-0.09711446419723177	0.015309061903959507	0.812675346799151	-1.6038291138587826	1.5511062627606709	-0.33832238978651497	-0.9918934638854651	0.9725031095527028	0.4662962568222972	-0.44440272408117204	0.5154856807918549	0.5280343610125978	-0.030920482621150876	0.634325876107591	-0.24543056465492258	-0.32874550073074216	-0.8286554424867649	-0.15871844870771215	-0.0333832806632042	-0.16587446634234038	-0.3064208470692633	-0.4025115448486948	0.44766552328024073	-1.018907370418629	0.20825196117850697	0.2612859850192918	-0.6909901833255742
DTXSID3025091	0.5966580592019721	4.301942761443443	-3.315972239463501	2.2187482039778894	-3.7473241251834115	-1.7905029464562414	-2.1931392928699007	-0.48586993517374005	-0.11960929677151522	4.147652550319863	-1.099909318015421	-0.7908186802724304	-0.8108768710912425	6.192893530480441	-1.0733292227476585	-2.0902988739188317	-0.9514938590491958	0.06749256047480524	3.26130071828642	1.1472430868525938	-0.7720748240903965	0.007371324047505026	-3.8424574989754343	0.8703069765636848	-0.748416645044242	-0.24572099664515318	0.8970258860063983	-0.27434848399993006	-0.6104326272008802	1.8500768242962013	0.6067432494319077	-0.9536742806259108	2.130103621507487	1.4203205465072997	0.5454352309542796	-0.3023110784242283	1.1304335429315555	-0.9486179405619865	0.9879462951382717	-0.08046438574046774	-0.3517089083304373	0.26096738115009555	0.6222739698221129	-0.02592415833082071	-0.2735825228011058	-0.2438626823321963	-0.611354521805074	-0.5120029590292451	-0.4440857084548889	-1.3509713784899335	-0.0062999603087512054	-0.33077494233687765	-0.7652841153268698	-0.03992488215803569	1.0319974045213083	-0.488597621036476	-0.10727768952986488	-0.20953187119736216	1.1269278004460057	-0.28773224301713557	0.0155961027540856	0.911826887803661	-1.01930851835891	-1.7099761218275766	0.22828939663040054	0.683870586525491	0.09142335593613599	-0.12188329097819363	1.0273957524116606	0.2388756617908066	0.8001469665796185	-2.4548881049890356	0.10576606785907051	-0.04595119171410796	1.1961425940413382	-0.18476372492672316	-0.3364370504062516	-0.1974502228133212	-0.9172812128633239	-0.5479529477537102	-0.24976178130431675	0.2059316406713001	-0.6949613633706657	1.0128525804366915	0.7367856853559996	0.8414506803453053	0.16792159011560795	0.3563637739221528	-1.0108728578302382	-0.5546120138065399	0.7250232915713	0.21676882866418323	0.1297696041078672	0.6813977073804555	-0.16072904256568196	0.5496302082480676	0.4678431356351077	0.6753217159433864	-0.4871292725193722	0.3508343576411836
DTXSID6057744	2.9303893634916753	3.170827845650141	-1.7122582712341405	2.7691473472040804	-0.5605148593413453	-0.5597359474305265	-1.4863624272303817	1.7325712684193324	1.6330419777121667	-0.4467743319581766	-0.5271054443880765	0.21431520753308972	0.051042208745102076	1.0585856877180215	0.8190781916492823	0.515415325761739	0.7564225168796505	0.6695904069090832	0.35713819934683805	-1.6143919563116222	0.016030058485832676	-0.6839420580622234	0.6485712812685555	0.42766850259275946	-0.10492708636763325	2.041623271607804	0.4646620792000521	1.7185332407123748	-1.5321178272432308	2.0168726973150397	-0.10834854270072358	-2.704385238494937	-0.02646449550362975	0.17130827414999641	0.9846134503036791	1.8201847786421441	-0.8401275604215702	-2.128985319651042	0.2003297972819166	-0.6481860819942552	-0.3986489536221897	0.3057178074418121	1.702086405599197	0.5349903881267227	-0.3834482861646679	0.934868735962212	0.19237190058965037	-0.9973799659124929	-0.30134593168664425	-0.43748853307212654	0.010165055961549898	-0.005791428049279144	0.5413089377640994	-0.012456962156222998	0.22278889874132354	-1.1047261856306514	-0.5756140022722148	-0.5042125675362218	-0.08905840394343441	0.1655912271941366	-0.7431410791032292	0.5371822601668487	0.2751115284918731	-0.8368090007563654	-0.5154772021324249	2.199733828695457	-0.6612697478221806	0.07364651929241955	1.1503511668304314	0.0745234158103032	-1.0078900145713996	-2.2963002989111536	-1.447897653453044	-0.4633244646669499	-0.941875903899067	-1.9295627288548731	1.3560905980050404	0.5930625728079373	-0.36852514729258323	0.18854436744580938	-0.7082572956490212	0.17254039840531996	0.27430787888833635	0.9342738943608968	-0.2726523560892996	-0.08426340818046724	0.6731375944112249	-0.14146643835093925	-0.8292547413911842	0.16245514426646285	0.5988183113315829	0.17141986276117424	-0.12227865287917246	0.10768156711026827	-0.4727077043861837	0.6408320461416911	-0.2340705683101427	-0.08316113341132013	0.36569780434839944	-0.4218477231458409
DTXSID8057770	3.033751005126601	1.0313300952373574	0.24265276403679176	3.304091522896521	1.1132393317398706	-0.9901505753628098	2.356906342289688	3.0788271009206474	1.8461927083139824	-0.07940039215570634	-0.8854939273045052	0.43625809795653653	-0.31196249897864253	0.7197516792431548	4.022974853994012	1.0739552010477236	2.34000243776772	-1.2048376507950955	-3.082645174092337	-1.9683271936476094	0.22946405900574626	6.458282405920674	2.87210889890688	-0.3687731538867807	0.4011343103755631	2.452888233140827	0.31416725156382685	-0.8958607167162955	-0.8244057102403061	0.34404130235057767	1.1906869307463572	-3.7317333209859793	0.5475308083521016	0.3389281401327548	-0.6170844015615922	0.40593124826044596	-0.9752058910505755	-0.6741140143217828	1.9252709018949044	-1.2564327744026116	-0.7431797935841586	-2.4397643658320782	2.7841011992971176	-2.5680176596686506	-2.2790864804825506	0.599005791908198	-0.4753704463052515	-1.2808150822160191	1.140459249596324	-2.037021247471502	0.8422648100168332	2.71365689781943	-0.6221890606347495	-0.05537149072623728	-1.8855933515474048	-1.8917035022488307	-1.3946003547167216	-1.873244433271618	-2.111994148022232	0.08810236303090806	-2.0649227017731304	1.2555306407312379	-2.0280923542385016	0.6525662505211274	0.027828866672593242	0.33429146356527695	-1.5293674056478441	-0.5333848701728459	1.441206541601965	2.5584886097771684	-1.336638448503995	-0.3031929578517233	-0.3875338590999204	1.475331012662614	0.07122597620024523	-1.0101420385206052	-0.10612542511816771	0.055992727271241764	-0.6574817440992189	0.8375324206156625	0.9112823903240951	0.012555403965395708	0.8771889608434393	-0.404767212606265	-0.5948801744717149	0.8899999125298176	0.5271824178868497	-0.5379213511203665	-0.46131393347711275	-1.0005562803631214	0.2880907578696166	-0.7507235059751438	0.6134225212466998	0.6579823119042766	-0.29052566609089775	-0.6483193896055554	-0.7887869097292768	0.5724690086714865	0.5312181564216033	-0.22817745284452964
DTXSID4024981	-3.571533875034291	0.42140622268888867	-0.9817747424684331	-0.5672153376562216	-0.22880721139580862	1.9275162143884732	-1.9074904650657853	1.9954548553831648	-1.959597990705611	-0.6908423842975076	3.0378353340261826	-0.7569377922341437	1.6031973544858864	-0.9346961477083177	0.5691001998730454	-1.9218747734729025	0.8971134605648031	0.04322397984272509	-0.38392736216629547	0.298975646518285	1.1302325846274475	-0.30253120161306585	-0.689594471691738	0.9206489269311701	-0.30857684064544705	-0.8607870406086361	-0.36176391266724955	-0.3417088156433823	0.33368483756202966	-0.2193533576302887	0.4810125201808672	0.177970643535923	-0.10093785921609764	-1.5184778149194953	-0.40903070567014815	1.2147779323335093	-0.9476353143383681	0.3122915608970727	-0.6009358055686607	-0.18857702362577602	0.1460317544243838	-0.12521007385370003	1.1423053815582236	-0.615790924568409	-0.1878064991157962	0.02607700013546501	-0.7931509810017686	0.9983718152093006	-0.2113046778743642	-0.045399556013046447	0.1328692048784016	0.734183115972198	0.07500124677195666	0.5066614234735843	0.14461258140323752	0.1625061186410729	-0.19207360901975423	0.8706174194296703	0.5755765242600489	0.17278142845523395	1.0789035437747876	0.9029568435198894	-0.7230985805729526	-0.23497634076101082	0.44912168223188814	0.3256982888353648	0.447106971218976	-0.2724185425814096	-0.06009577920490994	0.21847246561685962	-0.022871863456242956	0.11988542092299732	0.17166449065030792	0.18938345978415222	0.27849457194454597	0.37230884741866893	0.10201229961423638	0.04566184884588756	0.15406885534479295	0.559551147030872	0.3712735467360046	0.06925209233473008	0.8296120659607411	-0.10301313144161596	-0.3384536924768046	-0.17296830960665355	-0.3766073229709036	-0.3126696368713609	0.025870013110002917	0.27919914490489295	0.6100796181432528	0.1795546940918243	-0.356589409703243	-0.00951279484374297	0.09082217681758148	-0.29589322297350434	-0.07718641502663127	-0.1168087110063486	-0.08472221435725164	-0.06252578507664261
DTXSID0026202	-2.8986602890605275	0.8142475453766141	-1.6428029344210389	-0.8868872192781044	0.12792002369088856	3.6121943422639435	-0.6476248747894755	2.2051626709606014	-1.6598312215137931	0.12212547982797006	0.5292223408328566	5.317554754826259	0.008486963950494005	-2.1163437416209683	-0.6554444943780956	-1.1681650025255783	-0.48286324984255835	-0.700092019653893	0.045627655719279236	-0.3985482648598025	0.450033335034309	-0.16682807930602256	0.20780828461620565	0.5186318268283371	-0.9362858607321861	-0.8005033071667903	0.09010054219192488	-1.1913392942217338	0.19254217943187774	-0.18920871411768336	-0.13533672514736808	0.35636402091500147	0.10072422586003509	-0.3272190380397389	-0.06427379876580623	0.010800064878888536	-0.2404144572842582	0.18653191791076143	0.26464684172957137	-0.10113841662673151	-0.7997279186633088	0.21904438075676844	-0.01886396969618489	-0.42434765276844305	0.2255722312464872	-0.05917307940994747	-0.3291688738954283	-0.32773572916548055	-0.16412415305447522	0.18524662431221028	-0.01536531919875603	0.026163622462580263	-0.12388119458707651	-0.13773375642399155	-0.3140978520078564	0.25017216087914007	0.3993235636373424	-0.3985235347200181	0.022058945434853802	0.6088285260686858	0.4344914256077455	-0.2633313764473759	0.07194622038523903	-0.22706577322672294	0.24861980297076083	0.38757745505226787	0.07627200170929596	-0.06288302524846676	1.1358752264732876	-0.09425551484746243	0.3094429395059004	0.5573622707967787	0.12099053320040655	0.29009746654812724	-0.4414616123594555	-0.6836225138623477	0.7670329800774923	0.0641673213310395	0.3675769867631409	0.6779987138641523	0.028633843725562942	0.8717501436116795	0.12963564636322078	-0.4187244914608723	0.0035537494194743803	-0.5862067259348747	-1.186294517189999	0.08345748949653589	-1.3144355824749046	-1.1690684095929416	0.12809413149501975	-0.4686247355203074	0.02134221092713112	-0.8202641343538719	-0.10673314017823511	0.12371435287142553	-0.15546413870485468	-0.15787463921087078	0.21923400077694363	0.08491735947431453
DTXSID9048859	1.8600801118085388	4.369044931670255	-0.33791301381975813	0.18082911352357353	-1.861340466078197	-0.9500615602014187	3.453400383534349	2.4010562732881673	-0.37777345561011183	-0.6362849918966754	1.2881096907873595	0.222736351336573	-0.6555105892326318	1.0758728131210527	2.6644203397229838	0.9313251797652806	-2.5103861052112397	0.4287023268968299	-2.174890607344876	-0.7473882667235086	-2.2586670005954574	-0.8425780463159571	1.3261038182780234	-0.2429045639823649	0.4637148268000213	-0.7549641263899203	0.10722688757919409	0.5465045095212351	0.4031465953259693	-1.779445847045619	-0.5031803002027782	-0.47742492822468785	0.4481033930450882	-0.15093196118996008	-0.06603680602659415	-1.3628452935730697	-1.547425441200436	-0.41608586305221573	-1.6276736106903786	1.3446930153034378	0.9613922009286725	0.15804571820868377	1.429972401720323	-0.10658148736924893	0.004507817449248791	-0.057055202286482476	-0.23899969652431416	0.5349875339037031	0.7337150160094326	0.010479635531384493	0.011941364096725611	-0.4886612978885718	0.8677502292038604	-0.24709458624767722	-0.09011848661419412	-0.6264992104784055	0.9674869228029681	0.7297553338920089	0.15586352625880492	-0.8013203326819606	-0.24336816522238114	-1.6558490709276676	-0.8733582112373203	-0.11926453609184967	0.5220074989534893	0.8264998552265248	0.1526258141607376	-0.694419537718172	0.6848515182977565	-0.49333164908465155	1.119214165498828	1.1385879277151867	-0.8208728683577072	-1.0322803869766237	-0.5431506227914883	0.6688163574226631	0.7462206869007906	-0.3943882061771908	-0.2722932293941051	0.2951044885008197	0.06994881996037469	-0.02424681819138613	0.08050766363003217	0.2244515990278814	0.12570264831062622	0.3540800991363882	0.18151376283257808	-0.260879016932906	-0.9349346226987403	-0.01957088844250594	0.04356214615160254	-0.2948584646027251	-0.8034503408588959	0.6273872588540746	0.32865808088996534	0.18740820774351014	0.062047276076311574	0.21823107782732132	-0.2661927234074039	-0.022790663209919237
DTXSID3026728	-3.5356700903205622	-1.6312056968177544	2.4808221803090307	-0.5344349102038946	-1.250000822212209	-0.955555159445569	-0.12685838158477603	-0.8555403032360027	0.5996031659856321	0.7600651732389511	0.31646151231584335	-0.2500167627130274	0.5437702086484825	-0.3025302914006978	-0.18485331171418884	0.1797293526600077	0.2838848713091621	0.4358322289254969	-0.5382527386199792	-0.8303686765298768	-0.17960854477115085	-0.5694306947057226	0.798171988709042	0.19229240267443473	-0.41323716420227735	-0.39682747092429416	0.1918177378764106	-0.07638008172566964	0.06538409475536414	-0.1312318614932863	0.04970848747381838	0.4678745717558319	0.8176061768617733	-0.2060723003809443	-1.1529184334053646	-0.054479832297300565	0.29939867366803247	-0.6661329530144289	-0.3760340404865147	-0.6265085101419945	0.4927442157603379	-0.22302562138608584	0.2104876448907814	0.2288087949339188	0.27636194801133906	-0.434340441924618	-0.4976231858016723	-0.367336974346646	0.10895283619671943	0.13987601300404492	-0.029687174278902686	-0.5651854298570382	0.23660646987499262	0.04529123472495362	0.08301423170243458	0.33958886401050564	0.4574088674007026	-0.18796195250211098	0.32435896205361214	0.7262987061058747	-0.5639275921129447	0.329554221912772	-0.06909444294606246	0.7802222541768249	-1.007987008254612	0.0032916286851985724	1.081189227774649	-0.5183807514947939	0.46040223233342714	-0.28591474330917904	-0.027387804052410453	-0.26100060054590507	-0.20308063744726793	0.3710696511467187	0.6566029684417927	-0.333751780393738	0.4462529700851196	0.33148592799362325	0.10853057020492206	0.16691154318385248	-0.29270306005587526	0.23347822052578765	-0.40326002995430293	0.21514031481015142	-0.13804533673950847	0.37670361421806214	0.2561113241439564	0.04785865396765756	0.2090648947629229	-0.3270338397578699	0.42024538683284324	-0.029394500197533133	0.1254613557043858	0.214082277773146	-0.1374344238222181	0.07016539539917259	-0.16006230189073964	-0.30780558309859785	-0.018370589327946565	0.22094600033360898
DTXSID6042074	-3.6129822607659543	0.9033973843746076	1.0841592977550252	1.2760512582548031	-2.0885316282713937	0.17904375434010844	-2.1128848482635063	-3.209488488017085	-0.38558507470892617	-0.5987670137702699	-3.66750471257594	-0.4618440856849059	4.330689633215657	-0.12072835872417664	0.7909122873221769	-0.6337291714068719	-0.8507965729693779	0.304775971683125	-0.551375834345809	-0.23271449640386058	0.16902727665350378	0.2840754449768937	0.7808119072810794	-0.49984671910112316	1.081213729052605	0.14655299844070888	-0.2589191031370999	-0.5939023204071707	-0.3691611203701451	-0.1651961537172786	-0.8336434410885138	0.3172793259481517	0.16160811494802643	0.33612983963199466	0.11005146199920632	0.15552170339160892	-0.7549929124790681	0.39359351052640107	-0.3054550162870118	-0.0479956683153524	-0.06896890019424214	0.18598052042176166	-0.19078022191848354	-0.21455364027049229	-0.20353881007164884	0.04860630797854929	0.0471174531768415	-0.2885534489859849	-0.18597338308518363	0.07673433483261274	0.021213382439943522	-0.2861593094080831	0.35175297937239897	-0.019843197186809658	-0.012547213809821902	0.17950968113608184	0.11068560866580696	0.07192028664302039	-0.0984016004063054	-0.13666680239270187	0.33577650701681805	0.31585798546830657	-0.024886319782614002	0.37430368179507506	0.19996396061195346	-0.5217833289491292	0.1997543487562915	0.049487798575313435	0.31693241935410565	0.22496695118956211	-0.13476406049413409	-0.31905930748724304	0.06144030177627106	0.35057636918376234	-0.12945491378868032	0.44220005398248863	0.17221896494829847	0.352847922617274	-0.21497215159037975	-0.07115489775291003	0.3242673959878813	-0.14960018870116226	-0.3483709659441535	0.02981280761658753	0.37220897122304025	-0.04910617562427098	-0.3688903509730482	0.03183827882404573	-0.11800370141347116	0.3114868743284281	-0.17141881622932473	0.500001206738287	-0.09721532480299203	0.14834820253438535	0.11967930985667131	-0.011722864489714045	0.1635817145116277	-0.04217829139825113	0.0682943869859227	0.23790193504553292
DTXSID0047741	-2.439084926297936	4.721428685956349	0.5938092011573065	1.4863524981184604	-2.43682038448268	1.6110743817026683	0.19649577023483658	0.12878088813118144	1.1516719473836794	-1.0739050123536589	1.783117578509702	-0.8830718023012576	-1.1548689475838303	-2.7798143341804273	-0.871340401016448	0.2985014859940947	-1.4447566501763185	-0.6550605099862818	-0.7782552172704319	0.35117706873836496	-0.6244395591795827	-0.4225616697750623	-0.6139276032588572	-1.415267085226601	0.3599046347297198	1.423650207070293	-0.24217596711452538	4.260023876757662	0.10367937672022814	-1.08166698197233	-0.002137960611044078	-0.6369072935177219	1.8377563157556103	3.719447966602028	0.14509066563753023	1.0514654485095225	0.6772527559072817	1.710235848897003	0.41177231850990836	0.5747857391570111	3.6514988557675467	-1.3800368030149823	-2.023135598433712	3.9611940805569974	-0.8628020036208103	1.389267338266731	-1.31706401623594	1.0543302645151758	-0.8533423361570049	-2.3723228493384827	0.19848183299757544	0.09494975960560678	-1.994715064132608	3.3056828871092385	-0.8329363217746999	-0.7298004283093867	-0.6491393631804941	-2.5425558831899067	-0.691134866282995	3.337205138546839	2.644951324122289	-0.6005362305139895	0.9640663264989451	-0.2064705497076808	2.117394681424945	-0.9254980454105597	1.0688118985553405	-1.8066702997339048	-0.4342573979943339	1.5406846230544442	0.6833191678713026	-0.0961396070629973	0.8964317413408331	0.13106831945259528	-0.0608659816914019	-0.546996214926975	-0.31727332796300706	-0.38684474873324914	0.27483802512494493	0.7660850240639572	0.8073015074777726	-0.15982792848964175	1.0513603237157438	-0.4997669600316258	-0.3185283820392872	-0.280616539330894	-0.8061468924711438	-0.3233899456761421	0.3070162987418329	0.35857035287855427	0.03224188778509632	-0.03109701010885367	0.13593101883732714	-0.046030819725373553	-0.6546584449234776	-0.18662198208933461	-0.23530790503367793	-0.009133244040088861	0.667942745769133	0.026577001759370167
DTXSID2026238	-7.575927291001197	-3.106485948157815	0.33940946142783807	-0.861010873649807	-1.480128198065183	-0.33072286049056876	-0.7707148577505818	0.12195546691336481	0.852486645351991	0.18535724652876898	0.17637056668673043	-0.295306203820915	-0.38931640496283737	-0.029782826908262904	0.6477455703338423	1.5338557353869855	-1.784382168470375	0.30218457335564136	-0.19920917342643304	0.3485077546399688	-0.6800390303407317	0.34882927043827816	-2.0166187216038667	-0.8237884140312511	0.5211638873925856	-0.35386713986837603	-0.3969306600104371	0.4811071243005001	0.13004427843870436	0.01804763929882649	-0.0012157227737406339	0.0010501205854951854	-0.1855451912483972	0.0875208506698594	0.16918131216588997	-0.00489974806134457	-0.44609565919184907	-0.7424849573908328	-0.07912633717167142	0.20023863739942876	-0.3990729513656188	-0.26349263026827663	-0.23092079445851002	-0.14521739419766072	0.4773599549949808	0.08923167923048798	-0.0053821729872169655	-0.035198094718497726	0.04246937558384061	-0.17328059763548082	-0.11878621886649482	-0.37515297403831216	0.08369241032290539	-0.2672638342250789	0.2558630207196018	-0.24123164257233973	-0.6012072095657959	0.29219290915965807	0.372417737671546	0.2518751689012825	-0.08490125626241093	-0.11066806567985585	-0.1989666759786427	0.7056141266693161	-0.025613337930726964	0.3485719194919533	-0.04364560365887791	-0.47454119303525216	-0.2976421104346778	-0.1671422209950282	0.6247960924885088	0.04053001775484358	0.28885525827336295	0.33749683622425536	-0.0034754447639705455	-0.0341015208440767	-0.3706716057084463	-0.15417928548510224	-0.19579926287644792	-0.1067910667535016	0.19855152585927885	-0.004506683626186151	-0.3726763858641306	-0.9193792086099275	0.20696365945147752	-0.10262248065937582	0.04583287041235427	-1.3734945826220295	0.34250635276856967	-1.0701304986799784	-0.8803853630134835	-0.05842076909884753	-0.9734500026506266	-0.7072254671913597	0.5677593291902857	-0.19887185442118813	0.686346652570081	0.09126636722407538	0.04390065574975125	-0.4387859559615117
DTXSID7045312	3.149233763049554	-2.4869145718305097	4.581092526672478	3.595886731437861	2.687945304097321	1.6299763593270573	-0.4461507256453177	-0.39322174768901064	-0.42824161351445167	-1.0278839529058061	-0.280322100824316	-0.49134929481745965	-1.6351420245047292	0.6396658608516865	0.02274805365873825	-0.1486858778466157	-0.11901296864795853	-0.8940862132375477	0.3759699908452853	0.23179672724680017	-0.18894461595237796	0.3108499568114068	1.3823812840273808	-0.17573812307743528	0.8177196770600981	-0.20423526235150832	-0.014146160636983457	-0.07402945749799901	-0.22547139033695457	-0.05963262968124526	-0.5353677198698833	0.10450564852415518	0.3043955174385393	-0.34005771937955387	-0.44137813702172	-0.581313318513576	0.09772896463713807	-0.6629960816442205	0.12533302115982362	0.39164136331977234	-0.12896692946246505	-0.33675680581847905	0.1559918945640206	0.1426072621464864	0.07179964411807237	-0.753878188757735	-0.25836006734144223	-0.2284812444046806	0.14109363283990597	0.34702823128516697	0.10368424125107178	-0.27429068889321395	0.195397735162167	-0.23912819202701796	0.13182431126958122	0.06831536710032915	-0.03271694321663716	-0.35350078078092156	0.7173841776887886	0.1769013663474427	-0.07944391452752785	0.21219151882675144	-0.034793945822166106	0.2947175432455978	0.030317621673819694	-0.15397457730219027	0.7797979571267559	-1.1227947522083097	0.5717858645782253	-0.4299024615774628	-0.049368508185207764	-0.3795892928507993	-0.16634802469631224	0.3277296044403621	-0.11386390080448727	-0.9170471472078221	0.6584772811077185	0.28230601374100245	0.6800815537845687	0.038561209003709976	0.517544738245486	-0.18431589102211524	0.41264560852303483	-0.5132944959834641	-0.9252588267929388	0.2751892245816371	0.5553054049019206	-0.32859289073056114	0.3737120274154995	-0.8176111281674859	0.7960228456675937	-0.252495746500998	0.4550842453834025	-0.38885304474022514	-0.8076678194554531	-0.6757522763644398	-0.17024206150647073	0.6529329048909385	0.7828366866574921	-0.7476682952125124
DTXSID5041148	-4.002001540756876	-1.4155649342606944	-3.0192843949429715	2.1808858576876147	2.3407782788769693	-1.7003884462098569	4.494127371495838	-1.3620151766414998	-2.9183162082746783	-2.896165447305868	3.2333399313481093	-2.1374141089367185	2.2433337036073993	-1.2484183766037291	-0.3343698732842118	-0.18838663438731093	-0.29201433318733067	0.8501456932549912	2.5469355795365622	-1.5897822845415783	2.2467140004891295	0.6437443392921571	0.13445241582914438	1.094461533307034	-1.04235244784504	1.2132896424629314	0.07119405630694615	-0.6988689454045299	-1.1270760800053847	0.6463532223687091	-0.7124627385323216	1.4978613322286554	0.13605865744272402	0.04569404865811753	-0.36324237305621476	-0.3459157625530677	-0.2079681969637997	-0.2530179456374707	0.8813610849709752	0.30166463718895037	-0.4905529671672678	-0.816032804868438	-0.11593776493860133	0.3856147137891814	-0.24856736211011488	-0.7204451354723175	1.0171788774011814	0.5460333807922962	-0.42263207383079776	0.3069043058595852	-0.43924559207291813	0.0009827135116966003	-0.54380668296405	-0.27953268932332587	0.4639578922313269	-0.45435178686516636	0.21860719773607948	-0.5637347176126257	-0.7381372273394874	0.26939363542441497	0.28023125977304764	-0.5574112538730882	0.04309463069565029	0.6731775842471875	0.09973379054769398	-0.11946345196375242	0.32423180168053306	-0.7435493357061783	-0.8612037124688495	-0.21674911573855105	-0.24754906768609933	-0.5004851988410665	-0.03445979212186387	-0.6802941687912708	0.06077139355470415	0.540090878964596	-0.10777766532705942	-0.8219306323687168	-0.5636616388335003	-0.7802477494584203	-0.2650703380557951	-0.4245638076984205	0.19128428453187357	0.5790599321982546	-0.013500763639833432	0.7087238293631996	0.1807374190514966	-0.5634544385337532	-1.0663006770854784	-0.25410256845792983	0.168067321904144	-0.17360394931037895	-0.07951383781028167	0.4059120180261234	0.16811205348091246	0.30381891404071765	-0.8738070134192092	-0.43200932269582504	0.03435211231885732	0.1237260664511855
DTXSID4020038	-1.2917946497481108	0.5842518176620556	-0.7994600084217993	0.2827678778901175	0.03157576101376071	0.05389355220550651	-2.0791291330615356	1.0148747894076868	-2.4652455547829084	-1.5641613252278024	1.7572283608431358	-0.43982896917442915	1.7579259349750207	1.261473012029372	1.2370802094550373	-1.4157201236115957	1.752091452485217	0.8134938491541607	0.6386662346214441	-0.46428024693215203	0.633767131637028	-0.8033435364023194	0.5155320506367642	1.4027219689756236	-0.4890965046274822	0.1149285835785633	0.6851764971528248	-1.1372382531316432	-0.1556632144874666	0.3519115915756782	0.7023184914490505	0.253818514720258	0.5185159481791931	0.23423681815177644	-0.09741297460907883	-0.36731801734218417	0.8957884414618392	-0.04465669191484455	0.29098816393534	0.1697194516338345	-0.3596659796867222	0.376105166578416	-0.8539792865710454	-0.09710161922035578	-0.6712538317938262	0.09022873990911386	0.25787521195199925	-0.42705170850819546	-0.14336931934939082	0.20010406646801915	-0.12341598136658304	-0.06358941013028165	-0.120205960837698	-0.24548905905182472	-0.02186217550486366	0.19202021506165207	0.5129303333248999	-0.7216133449122166	-0.9130268249704704	0.4521540631933582	-0.13836582921722937	-0.20196265468118327	0.5728162302792555	0.0445108195948668	-0.27273472173063174	-0.5080546578728584	-0.5868254609804341	-0.38367298310921655	-0.625440476910434	0.005180266360137372	0.4973656061752953	0.06403208150115898	-0.5606508105444489	0.02252614793432277	-0.20743030247662853	0.5966966781949324	0.07177423552802993	1.0157915598469338	0.0020823412975485207	-0.5747288127653207	0.12928996036308535	0.12520036612495142	-0.6310679134606902	0.6515191335416923	0.5087268710079345	0.08027702870686702	-0.36163812861331085	0.6591673502247077	-0.0786723475978038	0.021421326621688906	0.17028157819968287	-0.3609746379794182	-0.011520070594988212	0.5116377545860337	-0.36055087875902553	-0.046097658721074714	0.6526657979749019	0.34239073464764364	0.27790428605209316	0.033916794045746185
DTXSID6026119	-4.307210704581295	0.5755368430921265	2.72627663906367	0.21467764964161232	-1.4090852252613093	0.1252521023564627	-0.17021667482452793	-1.9817591229973244	1.6365987046575372	0.9185588216153512	0.2075341749676755	-0.1212829629526568	0.11468963439775218	-1.3899065663181884	0.29450542024294246	0.03504888013976386	0.2098977664462986	0.27273007420230044	-0.21313446581843848	-0.19667034192839133	-0.6291666990243256	-0.48185436564952505	-0.8440570537725466	-0.6580493955447104	1.367742360238313	-1.7293030282924577	-1.1790461605570397	-1.0215849965826245	-0.39414645151106015	0.2328307680580615	-1.331616014577067	1.2406019834323994	1.921441715827961	1.0409737083854522	1.2156783689746156	1.2173407852032392	-0.48433894074484424	0.36120634402324625	0.16245433076986524	-0.4497432348320424	-0.2396219265362897	-0.7022838774786806	-0.2821751793930158	-0.501161741816629	-0.5943193060677084	0.6991758919085885	0.2725818935028206	0.039948193119667505	-0.0697110693527548	-0.16405239630535412	-0.12376743517544718	-0.3051183889574225	0.053068834203095216	-0.3940801559942999	0.4354266977722457	0.937451112479275	-0.8332932020275484	-0.11286895194029206	-0.11332771813702401	-0.5814227692950441	0.14469796442292654	0.5758347908846962	0.523484090317958	-0.11028656755140402	-0.00661871220191036	-0.6555337891270058	-0.13119948795165312	2.2544717574234685	-0.17108462899707455	0.1497273390901445	0.1326614892152476	0.6822938619938708	-1.008354056182483	0.6394238913735301	0.3110756989819878	-0.3795663961790442	-0.15966604107503718	-0.22302017258142953	0.3266876202317077	0.5639339559017325	0.3885363333764791	1.3496447787336159	-0.16162873818373147	-0.1541121583017457	0.13396582946172242	-0.4527717358031242	-0.4674289004236772	-0.31886867532903856	0.7319952749896343	0.4511182397825744	0.019084166596029337	0.43656705782378313	-0.3435712164195269	-0.16809700567060318	0.05200473661893673	-0.45181962706842893	-0.1912696563948789	-0.3292052506885306	0.23050560180409088	-0.2367472164894446
DTXSID6044800	-1.0627949030731532	-2.0084033381014543	1.1817207735415278	-4.1784899435900344	-1.5813830800686195	-0.9144490157494464	0.6033993191707555	1.5203100018636764	-2.0501418229132184	1.108465303426181	-1.3228764524653347	-0.7314878035281999	-1.1953331925521529	-1.6656269608218581	1.2556428196976157	0.7596537753628669	-1.4258404972584982	-0.9790989555011256	-0.14285822466924172	-1.3013866449074853	-0.8270366137908799	0.6584163394704678	1.0525587182016385	-0.06757748897323793	-0.2888104303295999	-2.2374378343064336	1.0212084957583896	0.621875364023797	-0.301953349754353	3.552976360022213	0.34955674559602273	0.8228939495186294	-1.2889792802587103	-0.9598462585967759	0.4534585560344796	-0.6225525312723247	0.43136473300802547	0.9760491674980167	-0.011673687477116517	0.6976854349308244	0.9316948181411413	-0.23090903741859894	-0.23267898773061632	-0.3825650594082821	0.1423224579734408	0.0927564328444557	-0.3056073061902802	0.2243524690243549	0.2839858187165914	0.15663202598019538	0.12470922686146571	-0.21143087700001315	0.3396330233583386	-0.14766022508345544	-0.028912687286005306	-0.30430685495129767	-0.1871273412743583	0.28784340361241034	0.5590948625661843	0.01974092175323087	0.16784749982727418	0.44381084391595654	-0.9430222801652404	-0.2602623754964887	0.7699988519309577	-1.3573098554865457	-0.18545562476598693	-0.12012460390803065	-2.317476939840644	0.77340860433464	-0.17384088762457023	0.43062051057249645	2.081678997017406	0.43408371972138676	-0.38453281129290223	-1.648327046065668	1.4055325524287896	0.9445274883211515	0.6300335700060433	-0.6471632018182697	0.6004871390751855	0.9467086633552816	-0.13303751799853716	1.332421609148462	0.5215011859362366	0.05799960445726616	0.5384344710513592	0.624305265844361	-0.6483218751435855	0.13932533075243833	-0.3186296094891355	0.2953391346485509	0.1897530937801105	0.5502134006033983	-0.5292324610797725	-0.04171052984085242	-0.26783938408943575	-0.6886685105713657	0.491462367614957	0.7006598019819152
DTXSID5045889	4.005443699592602	5.5742828962797235	2.9923280660613747	-0.38002417141075073	-3.4513952774651226	1.223037392323321	-1.7719670681147852	-0.10645706829640174	-1.4563276611719507	0.013585833234881039	-3.2633030306525392	0.2070324724702345	4.771081526015512	-0.36304824716621253	0.25766818111008577	-0.723186832860311	-0.9701052699329465	0.34758303055997086	-0.705295325107989	-0.939001775405934	0.6715277870976585	0.005126716972688781	1.2648620801783337	-0.5480323562771788	0.8727080912011719	-0.30253949665986146	-0.6721722959001099	-2.111331131221748	-0.1455375238856244	-0.5613050468644617	-0.44916209452795547	0.4569562669297625	-0.21211187910437362	0.11386025494713521	-0.8534704929697915	-0.13714299132680008	-0.5659259132004386	0.39914513699852766	-0.4677907310740582	-0.12854417946533314	-0.17012867894470876	0.23941960172295404	-0.48568880060574204	-0.39361409130471153	-0.3940828910784105	0.07793121316829375	-0.6472501155316568	0.016691864152904405	-0.24951962066178204	0.4148713480108107	-0.09213763667767629	-0.1760116458429355	0.1743076708149228	0.09301160452928711	-0.12457607528785641	0.11591299267622568	0.8675477119286248	0.13930371765125613	-0.5003412301390712	0.15279619777753334	0.31892108261938384	0.4030416157129936	0.0717170248276978	0.1569178251937383	0.10963489594392754	-0.9351830876453517	0.020869975151430627	-0.21100450954430064	0.3863746485062663	0.3540948346661784	-0.2927996959472436	-0.14473844199706637	0.7736603958827918	0.1440053200527303	0.06508551739412295	0.6443971623234537	1.0991867116178096	0.09102641838977256	0.2529143528631221	-0.298178198249505	0.08188663862669023	-1.2538182942764804	0.6046015596232764	-0.041192430217475796	0.10460072020394737	-0.148869094417067	-0.8062754382090613	0.1847468053925002	-0.6415539365819657	0.21764001276980424	-0.6062220126469652	0.7740546190654684	0.6755225614196773	0.343342053207412	-0.30202941639584013	-0.2469319676627122	0.25163505536138453	-0.46701210641710716	-0.3725895779284243	0.6018634424236994
DTXSID3021986	1.3775623061134237	-1.1648846996529243	2.653946579978352	-5.556566065254969	-0.9989306729071754	-1.6667260793784264	0.20434440982601365	0.7152826482946821	-1.0003247400310207	0.5221293078801631	-1.7356602296532888	1.4623962603903384	-1.1064246532314261	-0.9597652729667068	-1.4537464497350372	1.1376449758937108	2.581658765599783	9.37691666667095	2.661653071696549	4.85329720348921	-1.899834976007825	3.683309863467331	1.8187973706407417	-1.1535132477877095	-0.05691396580738027	0.3907243806916483	-1.943369036047891	1.0448743802327394	-0.33126217255064355	-0.5278305002822781	-0.2640500937377974	1.324545901336088	0.01940029533140283	-0.46557044529180003	-0.3734162897690676	0.21596028806253012	-0.009778935463723992	0.514824292249456	0.7155580995491762	1.1874123281563282	0.20644985484497072	0.1027547751416822	-0.021368842785576967	-0.1491637941927579	0.06411965747895969	0.2289949568396217	-0.7518288520414886	0.4991412484973164	0.39496106280381305	0.17326362206836024	0.04803321435418652	0.4213155082341552	-0.17582012765912985	0.1310677605805791	0.6700410400302494	-0.5510237149463965	0.17077787756088775	-0.005964869898579909	0.23247864144258482	-0.24234120032739576	0.43075085333018853	0.1699686042426975	-0.5356508767963938	-0.05727442720090106	0.08450015378347395	-0.2244479387442354	1.2439587790838715	-0.4471232990599245	1.1874303562566662	0.43366711394634955	0.33464103308328264	0.04192279499728571	-0.6214551291340011	0.9006799924697123	-0.20299950258471705	0.3050797746929506	0.7250001470619909	0.049424274898102374	-0.7519253836107311	0.17590847052168998	-0.464019739066938	-0.7709399957599541	-0.6955798401091082	0.11225476336206396	0.4436481980100818	0.01089735517900809	0.03845257231443267	1.379911960565649	-0.03365957924839158	-0.13721505295284525	-0.28284271587500415	0.3816848574823991	-0.36383397126490397	0.14051875767772373	-0.4099728470092849	0.36829790158328984	0.04507262144981376	-0.2632830095694522	0.06014699853063196	0.24309114873865445
DTXSID5041437	-3.5958352820985966	-4.792354080216973	-2.1834359053381305	0.2423975297670079	0.06670372815445144	-0.49142803446725264	-0.9844142526771901	-1.1929344629259147	-0.1239567993470061	0.49314292901490514	0.3687444704823878	3.0531991797425513	0.4277723713016264	-0.8460430324823216	-0.1438253577428955	0.72316782640502	-0.47849945845108177	0.901990646227032	-0.9557589331152143	-0.7617053883076319	-0.16370404833843322	-0.4523689685935035	-0.18652983810724624	-0.3386866548985107	-0.7322268307084612	-0.02167916305962909	0.026689422029020533	0.43922021685076	0.2508388044083573	-0.4148820894209458	0.4407479683567464	-0.047287923855859476	-0.06461760734891246	-0.31249307451395886	0.39002103702889634	-0.32112187848885015	0.15663603088096406	0.027030906118438662	0.14073954299918168	-0.15263178269218605	0.04941699848293813	0.19198370427829653	-0.04277670676041546	0.055110624148010705	0.12940107240084223	0.21214883043291025	0.2586541752551729	-0.2640807323128142	-0.07230884744285923	-0.27153711410282955	-0.003588724215315541	-0.1762373108693798	-0.039593000453886834	-0.1079323438076283	-0.2485582031650788	-0.20579017190016619	0.1533690212159211	-0.08354644829552092	-0.24514829262714186	0.34538599431015493	-0.12712795977691588	-0.11263093765862778	-0.18728274176388263	0.3101343849615185	-0.2868528525046234	0.4131388568956204	0.3234950802222916	0.24520354403026182	-0.48695485871421895	-0.44111985867356324	0.22872428631526007	0.23601186439317004	0.09766903897885443	-0.214607745149282	-0.4423138661472503	-0.4157841934593647	-0.8051403943884569	0.17246918176509923	0.7028003501564579	0.5876093752311567	-0.2620942485445652	0.6491029514166139	0.4152723287990797	-1.186461051583237	0.301599039276984	-0.8705410061086996	-0.4583660012053254	0.06869145392609798	-1.2600799750376521	-0.5028924047012664	0.07728073358153494	0.006397322052866317	0.36605331410071207	-0.04438850374411753	-0.04922552536585624	0.5629812500579243	0.20760804776486744	0.18165383619786202	0.012006572785853136	0.2542815844230246
DTXSID4048987	-1.6836809362728928	-0.4193062295004866	-2.2627575681412306	1.347081106484364	-1.0284568986727145	-0.6083562905469576	-3.6670141264777913	-2.6872724570024755	-1.4244116307399552	-2.1665305373432497	-3.696638490578319	-0.576159293491423	3.363971185072026	1.0325607480866397	-0.15043987902549583	-0.5879473413697445	-0.958928363549982	-0.243256440965826	-0.46099444169876963	0.05692763442341451	0.6518788380165899	0.5603287925184423	1.0175997827924472	0.0989560548997321	-0.3984613484345461	0.3034287058020989	0.31309138668795167	1.079787566952663	-0.3329086763124193	-0.24827894337405	-0.7559089434624207	-0.55448052171114	-0.1750514257510882	-0.673555287836431	-0.2950426616405013	0.06196222811335	-1.4472489081525552	0.12202671219577507	0.009734241365475947	-0.44360359995484416	0.10363965878070484	0.5540949446325224	0.021511100603948778	0.4215938721375457	0.2928994160724535	-0.4778741751386943	0.5269384881133815	-0.41430610842377813	-0.18014481147199354	0.23783197116507704	0.021025924557011244	-0.11122799837094706	0.6376274239571926	0.028852654800239075	-0.7246229595264219	0.2704755674900648	0.3067681492287778	0.09052026085383591	-0.2519549274182234	0.3365740995814552	-0.33240747766581913	-0.3363012321057145	0.44650939855228744	0.43436179055028107	0.03106191940329296	-0.6453350577774887	0.4984982289625587	-0.48319172803149746	0.2816207828764612	-0.5333333591122312	-0.6944481821479516	0.4795404783460407	0.12890704828466418	-0.7744077636592117	-1.6616266327869167	-0.22048639533796338	0.0689389987308093	0.14192113955482233	0.37974564409469846	0.09244930955431584	-0.42589923441639954	0.5849881679211404	0.16951485739572855	0.24310011217130426	-0.22480176585668585	0.02251781099726011	-0.15407404742010242	-0.6965961184204862	0.21250200393444374	-0.25855644507647346	0.026819657212827017	0.24620270521381746	0.36858901846603154	0.7702945097964482	0.3164794505009477	-0.2573182212146268	0.3832705871142225	0.19144912241312018	0.23587910890997454	0.021323692518428493
DTXSID3024998	-3.7227612139064914	0.49791948771809846	-1.3634316880217157	0.1067083666645122	0.6826347842383169	2.649965894975093	-0.665503024087743	0.8488291503921648	-0.9730768564093687	0.05856009939610908	0.5610813539094033	5.088799930666094	-0.07992151917118519	-1.6944895617957234	-0.2218965898000277	-1.0145549615012555	-0.35032948585524454	-0.33040826445191485	-0.08184682330605719	-0.5398905703374302	0.380370237026634	-0.2536437663227823	0.5169383184522294	0.5961229248063629	-0.49922225692809674	-0.6137357509798944	0.2322382103589714	-0.9292152896966731	0.15654131701081536	-0.014901497410631024	0.14292260606936943	0.0388910015884491	0.1400263898610506	-0.4147356900533981	-0.18432915747529194	-0.1740051253544238	-0.12568177482900958	0.0526803988676517	0.15283281287493708	0.015902831240736024	-0.41078822419391486	0.3474482385919899	-0.15623803385610907	-0.1987681381946249	-0.003582661346647021	0.03677948808277216	-0.03441120393593801	-0.22220501584706912	-0.140277877684207	0.10440274322599966	-0.01038622963352248	0.03415189424935868	-0.06774841946955124	-0.06079097996562303	-0.21892294531040474	-0.03313708206774703	0.33938417843443275	-0.27077521654129566	-0.19394083176689783	0.36164410657157986	0.41722690747939606	-0.21337287931244517	-0.09599951002915807	-0.1236518189451345	0.21670556214715458	0.2468157124442347	0.018964122729973092	-0.11393237288742533	0.43781728068459713	-0.13973254554394623	0.2609387795962602	0.418686638618395	0.13961964496899773	0.15646016371148397	-0.5005794452013678	-0.22393839386715536	0.3591803883128948	0.2215235418432074	0.4335618501713965	0.6487731588519876	0.250618346725198	0.6432745422037861	0.1165912412156061	-0.7204557681714013	-0.022608061484835122	-0.7808130566237672	-1.2846416095717288	0.15368291791198466	-1.3362690177071876	-0.8212519583274448	0.5139172255531617	-0.33652387745396845	-0.23545323381906397	-0.6639458387346331	0.1167561638723619	0.3920814364822179	-0.1477584338096721	-0.23353296820280797	0.24379334407480335	0.26781509595928465
DTXSID5024211	1.6407901764109656	3.7636660392457633	0.7238007253765806	1.602013682409747	0.2190660522047722	-1.4730097444651045	-1.0580321955512766	1.0008689335436556	1.6429521172895345	-1.4712328383955902	-0.618630341819802	0.09361349677607919	-0.2619249945478167	1.2191355303881917	1.6986663222905594	1.2120653461045925	-0.5877095013401332	1.4295851502924228	-0.32553367642173997	-1.5054688088515709	-0.3359864048866638	-1.0244465587508318	0.4705960715997788	0.46192064501799796	-0.11761665628536383	0.9881518925180995	0.20491436290462745	-0.16058856061035998	-0.32358637770295634	-1.1456902812235061	-0.3604710262073519	-0.3530561758244416	-0.28987809312081025	0.838430715541023	0.5826963430696205	-1.9790818910409815	-0.2671423595371333	0.6488560421833981	-0.8541549665934776	1.0290633873466675	-0.010115349945274656	0.3926622582058833	0.3399715772778212	-1.4140345007197543	0.24793712124457362	0.4832681976782485	-0.4752251776845134	-0.3590393283372297	0.4972698031155637	-0.5416009943688133	0.1370252041956744	-0.40057984316238915	0.28304532625258816	-0.1252853750873129	0.09911670879052623	0.07069406781224931	0.15428041348687216	1.2977470424920339	0.3587452533672734	-0.2678069505820945	0.2382986728376337	-0.6735206580858705	-0.7064022063711392	-0.5424770086546393	0.7263484915476333	0.8451126230783902	-0.9158137838089039	-1.26894877118704	-0.0561438233146961	0.9945246351186824	2.805668078363563	-0.4351732754206573	0.048068478559877566	-1.1028922546168585	1.4447755664254036	-0.7721279973650086	-0.5336908521430328	0.8690798272191483	-0.06179266425868725	0.4760198194619267	0.9203411231141656	0.18366959816823117	0.38454054963854895	-0.23650833711914804	-0.012847749051257615	0.49064098091244907	0.8697258785778478	-0.5835981941603459	-0.8304012858337178	0.9862763369792914	0.7573350447586867	-0.3244941212006462	-0.054428945430006224	0.043336731060416224	-0.14400036224301943	0.8803812433798767	-0.13798449169797308	0.31290482928752233	0.49214965717052866	-0.03458312320612667
DTXSID0043761	3.1136594478377924	3.78387588447816	-5.553445751228356	1.5245645848076803	7.910004453136864	-0.9784617000407954	-2.4791880958129995	-0.1076081015330588	3.4211934522969156	3.5912277570481277	0.5624396332321415	12.635913398779108	-0.12497795726344628	-4.238478697900376	1.1979301570566592	-1.1874513746593611	-2.9439161801809735	0.7666933597109373	0.918416104924116	-1.2101939739945473	-0.733669654347885	0.115778774487423	-1.8878186508001806	0.31035873697954813	-0.03417582229120088	-1.0999234368070592	1.31490797217274	0.4531274050179343	0.6917908868783168	0.8666100309696411	-0.9056668323251768	-0.6237291813566662	0.22807030760567423	0.13387453250366116	-1.2025437147834805	0.3235756984234009	-1.3414770261408182	0.04225133332144193	-0.35127040097331425	-1.6423411157925596	0.8775957588498533	-0.5869382366152103	0.21529810938029656	0.2476723026258893	0.15206903109196093	0.6824219990998641	1.2687146743505173	1.533175688893042	0.5662174710208445	0.6206516030816285	-0.2789690080622969	0.8931605416320487	0.3982295401801477	0.5051856310623036	1.4407496738010475	-1.3400954431446914	-0.9330197302574555	-0.6492272584276632	0.39683416001141286	0.08370143693725265	-1.0981015219519272	-2.7805212469740006	-0.786742348586455	0.8647176354234778	-0.7960554836103075	-1.2897992152229385	0.5340582237542312	0.4017449012847138	0.318672882236459	0.7681586220219763	-0.3664870734574534	-1.5999241615323696	0.6823093929527401	0.8858268178984715	0.06730622818196895	2.0983371329966465	-0.14020152779486064	-0.8722812983073291	-1.0214538451282973	-2.012604355206505	1.3290496016717477	-0.4096264592307498	1.5743263636140967	2.224490117124318	-0.11965678926276867	1.87972791471407	0.5110113426713606	-1.6789302976103522	2.2893322551213164	2.361265286567486	0.9321806468748188	0.13082632148656728	0.1367319860020263	0.337586141594771	-0.4179603771670036	0.24758846339504975	0.6035008806897249	0.4619786416691169	-0.27176793754649015	0.06470678725153234
DTXSID6021117	-2.1527000842703314	2.731256373944983	-0.9237579596282548	2.502753429802605	0.33915212194916033	-0.6878384082786919	1.8845842083046207	-1.2715398693093236	0.3223554221939705	-1.7139609919074004	0.4737642149818133	0.22963841548955968	-0.7988382732718821	-0.007802361029865154	0.5215666691914653	0.7705975856714404	-0.27186724899830605	0.8909891204797558	-0.2541639250808096	-0.024515583042664154	-1.2815341287617736	-0.22403475667391767	-0.3565941464946504	-0.0046588386403600005	0.9275525274424417	-0.05759410563564547	-0.21341506990709888	-0.09682671011302144	0.36651295213978924	-0.06320809215267706	-0.31570155849660164	-0.9682386550090316	-1.0294759124351804	0.09683671374172842	1.225251850930638	0.08583841199935295	-0.05385318052790424	0.05356966253773852	-0.23669735149622687	0.3360466552435924	-0.7883447780396619	-0.1164436175713107	-0.27958329857090997	-0.14796541106859423	0.24793819941784462	-0.3156416844357616	0.03025902431205631	-0.9190237547528614	-0.1942206921659402	-0.17607120896300904	0.11676380195667169	-0.4201014240845335	0.20348499118321106	-0.5184472274530523	-0.45078874358067883	-0.11613061428136649	-0.5849523191217197	0.12826723131379802	0.5235593597310663	0.26094521127039244	-0.1554469667299887	-0.037348823944185025	0.08254660732286502	0.364394894894073	0.3680726101469207	0.3916997355314192	-0.38707016807487227	-0.3231300260202235	-0.18846360201931403	-0.3867358074967639	0.27626158149874364	-0.3050649804476943	0.6366812087557407	-0.17484962369336865	0.7311235587775067	-0.587485154465135	0.4528937364206907	0.6253746067994166	0.9013139357726487	0.45157360618904074	-0.9678194352977532	0.3411446661244531	-0.24946632288772447	-0.8763934546932461	-0.18174916821783996	-0.6415416335792075	-0.44857557201749043	-0.47682194613034606	0.7708714197926	0.0060920561911193185	-0.22934461302681383	0.5751395508655035	0.3662184676082079	-0.4407103383509826	0.02872787161422376	-0.7822704293707833	-0.207216321908471	0.008821098129794607	-1.0260380446755528	-0.6592124889632095
DTXSID1041891	-3.2818568903301437	3.9552418446620763	1.485487083738492	0.2651265496326871	-2.34116996591919	-0.21062751888873588	-1.8422042945224621	-0.944919617490122	2.5905838638135497	-0.36149070870461825	1.7412778487365945	-0.7538975883239961	-0.8865498747903127	-1.9197483677906064	-0.7358215979092124	0.8300178751216545	-0.16466196073970296	-0.03857230840299819	-0.3430044183310749	0.15555795324316765	0.05139704749003576	0.2492226414680894	-1.0947197101354522	-0.42907234108889536	0.13257020118450596	-0.3476105462395564	0.21715197580992202	0.17943169430167452	0.07859750611063078	-0.3715221684895113	-0.05737739743266126	0.7427550693674931	0.30100915173157644	0.17865114576016122	-0.343993101941723	-0.4200924364587857	-0.6415965151727312	-0.3245320118163114	0.15571499280269976	-0.39496631165281865	0.4194299413610974	0.3221834969276773	-0.15583874400582942	0.16678131677429683	-0.4991782504614735	0.3256785991524552	-0.15402573239201195	-0.03132333361568904	-0.10065361536615315	0.1533283491656346	-0.13666221851887114	0.0022279581948840854	-0.09211288669985188	0.11193154204131943	0.06663392847017384	0.03913020466718597	0.228918479301796	0.19496430223887082	-0.766326519110073	-0.13637694945303716	-0.36090072782478094	0.4038675116603178	0.11510469846961496	0.3768130884370958	-0.0006055855277071993	-0.40758090643027073	-0.04366255115413297	0.3650776634025084	0.3333305838931723	-0.8449589700277926	-0.21371507611776647	0.0675211161561368	0.2136397787404654	-0.05144743390116469	-1.1089211041230893	0.5868381762377048	0.6618333020216608	0.3643403170447401	-0.29937609021627387	0.7364535866801809	0.2987304828266449	-0.8296956947104838	0.405374372481749	0.6467454000657212	0.107049316444906	0.09946936784034649	-0.59828418049414	1.2395690218821318	0.3516156275380752	-0.1727645904887326	-0.399046155940541	-0.03933537622677461	0.15141904986221955	-0.12398676966552963	-0.33999671554135974	-0.11230121993288425	-0.03324271995416031	-0.019952182453923033	-0.08615151678976624	0.0801086655911365
DTXSID2020977	-7.664147365428406	-4.037481357038519	-0.6055457795549066	0.4281674729110638	0.7244210183899564	0.4808783126952582	-0.5297187669995926	-0.9846810937809595	-0.429227326544497	0.033613163015699034	-0.16133151706390098	2.374348691221104	-0.319554503022613	-0.5335820742878528	0.43997091241621095	0.38982413383013986	-0.3462885129967545	0.08421896847003212	-0.2330988116658983	0.08442356569941949	-0.15523861299908884	-0.11699001771989974	0.17418096102525804	-0.3296046860353325	0.07188773407219035	-0.3893697209051336	0.17211412086292543	0.13187708945190252	0.12590679374360433	-0.06208059285495078	0.04414382850811524	0.17450077164134642	0.18190756918488424	-0.01716653611288016	-0.19068281717012164	-0.5416290013388235	0.5345718718337232	-0.2866562815949646	0.1591517335223187	0.3401213908768236	-0.4865958193125721	-0.10368487945452089	-0.30203956205251414	-0.17326734511311948	-0.04710457287044464	0.003470499349519701	0.3940072456275457	-0.06075821634428416	0.108514071638128	0.07132621600603081	0.11153840210064447	0.01506184178986938	0.010763909040310908	-0.21358586589078996	0.16200699656533737	0.07742584207530205	0.07190810048319023	-0.04593673283660789	0.14936187442855003	0.04002094299330268	0.3195591690205057	-0.07967857431864024	0.27976116036101445	-0.05030916005606019	-0.14473025129312672	0.6262585656263507	0.10922465562069178	-0.4347572878088839	-0.10161815190247701	0.5706557738362886	0.4049614889804585	0.3787659790011249	0.24318661396475302	-0.3651001742807222	-0.6892377052535087	-0.2686518797843105	-0.7987773285080942	-0.44561431739491075	0.29399213732866103	0.311887311907007	0.983448443909362	0.041823101337707225	-0.2424214324414227	-1.2867347565034761	0.12040275807456388	-0.8154398431175988	-0.3150774481575954	0.45746089271720486	-0.44061806524050473	-1.111272474592499	-0.6773265076051007	-0.5000344821830517	-0.04762452267230283	-0.5745340537747256	0.5089996016867827	0.10232684487473762	-0.22549834405619726	-0.4301368890591271	-0.13055018810574098	-0.1511398852761301
DTXSID2045238	2.5110663076795574	-3.0456144923744652	-4.447735455343738	2.5357924503493714	0.5659726515130346	-0.5112283541994729	3.8452258051260717	0.32645263268781105	-1.6855855837874887	-2.111839233915499	0.5094930956457517	0.409014967797711	0.7012285768621882	-1.4810819464047562	-1.6754807978529738	1.2928734297593354	-1.3166922848083564	1.0086251303475897	2.209488553607571	-2.1091293699853897	2.7017814839161662	0.21245085511255166	1.1475949492865092	0.49620499465427065	-1.1661739121048946	0.7285000976789021	-0.274671940996017	-0.7516066765276184	-0.5426353498090768	0.17819929177161362	0.668057406309064	-0.46514511498365996	0.31815880166366367	-0.12561239073550812	-0.38851940020456377	0.6006883002362264	-0.15640121323119274	-0.4923694517518336	-0.8052429006048407	0.4303013995716453	1.04775260176036	-0.22431645196189132	0.3282815038319179	0.28295616679210045	-0.3324986525045932	-0.7490155364157647	-0.1785891237590342	0.056339728267043476	-0.2651997485365537	-0.2217507464508841	-0.2529148196498441	-0.6429048783184816	-0.1790010969625414	-0.3583903631291407	-0.08481364301438231	-0.1976631633712144	0.8955089328331755	-0.029805889881626628	-0.3501363576542507	-0.23244702378766288	-0.043456434607121744	-0.21769682461753379	-0.3802569694500993	0.00700206075939552	-0.06703389326016225	-0.271018003874305	-0.10513273670093255	1.4514572983713394	-0.5894396975512582	-0.8434406892937217	-0.2597055053334864	0.3023394956798777	-0.3974686437038963	0.35237672107681584	0.013949662278440413	-0.4844048889267808	0.07443611449240904	0.6844967344564965	0.35193175524293935	0.409228681639447	-1.0732976155987919	-0.3504429419721206	-0.7045276136401095	-1.0728219990407188	0.6931602470926376	0.6724488130626678	-0.3030639475725838	-0.3004109943385331	0.2448279848957514	-0.14124201617039533	0.18408360649605088	-0.03289968141671242	-0.07477160564589598	-0.20391159331110467	0.5593010553905844	-0.3585114135279046	0.08134328159975204	0.4699032783811254	-0.20297314063323577	-0.08351130909534314
DTXSID5046225	2.9191247809850114	4.872590078110405	-2.9593855409860814	-1.5268458142016015	-4.473108004317239	5.133920851025003	-4.089537830320738	0.3244661392573683	-5.049624543609065	-1.2453912036096904	-7.0800727827184025	0.12904621728227894	8.40037706870681	-1.4467243531339966	-0.44082009356509144	-2.11798796261087	-2.9521440453305026	-0.9069115711396392	-1.6727855247567767	1.1837679695648569	2.093911436620842	1.1686164146731068	0.08917004504337109	-0.6729062870976531	0.6307209306618673	0.09737370854596906	0.19440577894275468	-0.8516239370545802	-0.5520453928742023	-0.808165858231729	-0.763815704745508	0.6610242969794149	-0.47056838527099987	0.17619810322307733	-0.7942276574219965	-0.4707573400774524	-2.3853425481873476	0.7746091303533983	0.2891720216076965	-0.22441293013712826	-0.9141765344541619	0.1449063925856625	0.35424429357479864	-0.23292137312863484	0.6706320662332824	-0.4941876217040332	-0.214662224434676	-0.6369842406939251	-0.28925268652149566	0.3618476026785099	0.13624343861997437	-0.25880528619939513	0.525154432910067	-0.002476141556981677	-0.12448742399803525	0.12517960593874386	1.0144602341867948	-0.5153429085681956	0.4771156833523983	0.193493366510325	0.8885040959000716	-0.15620670006397216	-0.2281191374570033	0.5644277492399153	0.8077663683895447	-0.42546663590133965	0.2960500811995578	-0.0016762304756175815	2.4878581981070766	-0.2743374706699324	-0.8594077043440654	-0.2022004870459269	0.9013064309650558	-0.16828177811535805	-0.021633748762457435	0.3162279907198421	2.1160897930256626	0.39820235442498214	-0.3118488647529618	1.1740176861671392	0.28752866621611195	-0.014272293244190501	0.8023944358489573	1.0704585131071747	-0.15438279375878308	1.0919293614622552	0.17579032822616864	-0.7354148403778452	0.307973263704619	-1.1289219765521161	0.00214371154287049	-0.8291529686986879	0.41154980185666684	0.029560663230898017	0.4656179008532039	-0.5290858079904577	-0.9690054942163394	-0.2920761182395411	-0.7832362217037051	-0.28095547084099165
DTXSID9020116	2.6503805286097215	-4.863158480152382	-6.77973111447195	2.9139429398481833	-1.0314144502656466	-1.8587497378408557	3.3267837498701094	-1.3650540387124486	-0.3660778159809418	0.847958628351406	0.5816886324391871	-0.46944797978555625	-0.04225247231598286	1.0999412698763915	-1.329672860178011	-0.9599744596308409	-0.133122734321302	-0.027663512554047576	-1.5174147010075318	0.10485008658156	-1.5421191971571124	-0.04754360581645165	-0.0397670600419281	-0.7199905014612977	-1.271757028610118	-0.07059200700999813	0.08543026858185583	-0.3822857406378367	0.076810514634557	-0.13869526262937712	-0.3986422005741463	-0.18187549408099435	-0.1255910892969671	-0.9573334993649592	-0.45805762926708354	-0.6222463577671633	0.1403426988496584	0.005428207074465615	-0.23513534120528753	-0.7116565775431267	0.11647612983178547	1.1253178460515536	-0.2312414586847825	-0.22966479061930511	0.7492469247321548	0.1345965910964708	-0.2482730839081564	0.05935259067906569	-0.2564601560781579	-0.2670714334547264	-0.12881130118514592	0.31411647862599035	-0.0632525215809889	0.0948666094105585	-0.6277490295053494	-0.10941680389492736	0.45754251269078877	0.41455412761837146	-0.4133229033871092	0.920128208541009	-0.1657157478806615	0.07903947888883008	-0.6322165915666091	0.23218893961340697	0.007241972817831992	0.5232204964083296	-0.039088787095815536	-0.18651629416328486	0.6341111761698396	-0.6342165407577192	0.456148524177923	-0.36178913992722306	0.3145499692291252	0.48500747881183914	-1.571852159008611	-0.5452125340222398	-0.2967279403644884	0.2522726635958992	0.7179137003831024	0.024961383828604616	-0.085741545582256	0.28915903439312945	-0.581607823406559	-1.0763685474449125	0.42082711738164613	-0.17394649232424803	-0.038859841970574675	1.008915970201368	0.8460924680514893	0.43263970669871216	-0.8992460617407338	0.3627974024599098	-0.39541799651434695	0.19734314161851932	0.2793042689867226	-0.32064287964886445	0.12720719698019162	-0.06779034352669298	0.23850268110531858	0.21981820348641204
DTXSID4049325	-0.9104370131927816	0.12250181264593692	0.10226578505125128	-2.1079268957130832	-0.06436630754852712	0.7563423357453156	3.0211121312452134	-2.813884583688624	1.0865563867575323	-0.8816997740600717	0.3370828177391843	-0.4507863919844183	0.37551349975622766	-0.534976332867921	-0.32046901051804727	-0.515939264626391	0.06251576411918697	-0.13084081121314156	-1.3810307959287238	0.47344484994704167	-1.47799995109782	-1.0816060312153024	1.5477258577289215	0.2040354264898596	1.6883042315738859	-2.5520481576955993	-0.15879407156270905	-0.5558007186370411	0.561204898461003	-0.112207059018907	0.5402761278570756	0.16752662736513596	1.0846300858162652	0.36122123441469134	0.6389018882264537	-0.21980965274371086	0.3606980076570157	0.6790655394200215	-0.4812227362363742	0.045545796611612836	-0.009331541465898638	-1.357231876474392	0.9927723527359887	0.46194293450178825	-0.9899046127658958	0.3156983647574284	0.6233697783620862	0.35684077259272806	0.7745239626495971	0.7567758201860935	0.2556333040861924	0.015272786269739375	0.014677512326805192	-0.4497352067751395	0.3705789255839461	0.09950857201948074	0.22820920481023566	-1.2020875824744346	0.28478854164311895	-0.907974321574544	-0.17656623545624567	-0.5536230805766321	1.0606705259175406	-0.840900180434163	-0.26507056848011507	0.34620834346913104	0.49259681011666256	1.3054315785598096	0.10664720984749435	0.7024704794412865	-0.479713238479371	0.7126540714793546	-0.4332966033516818	-0.22918648246247994	-0.2303329427361365	0.23780759131440496	-0.33778094476174564	-0.20157815032621607	-0.4566597047506195	0.5147743189147759	1.1055222901012642	-0.11305352782878537	0.7423105446394601	0.3458083270856752	0.11813737856356357	0.0499621123157881	0.25881858622338727	0.7562104448855369	-0.5835303211939531	0.8071217701672226	0.04426930429985808	-0.31239422814121937	-0.2097585258112061	0.7561088693656309	0.34063665837473117	0.1194996109618376	-0.3010135122736213	0.5405915780790143	-0.051868977402103084	-0.38078925838797045
DTXSID0024052	-0.503065019038421	-2.5780726020857117	-0.9619713350961823	-2.568928595636006	-0.3436647205746026	2.2108480329617852	0.17432230016033304	-1.1645642213311933	0.23727400423610914	-0.6399203518349513	-1.6127258896559837	-1.1041653870540205	-2.32438644473698	-1.4320531600976012	-0.8119379598885087	-1.1822242871355273	2.155135602576809	1.6356080117745035	-3.680242776592576	1.113205581548006	3.975051612871413	-1.1659971874684187	-4.143535090327222	-1.8868752102064452	3.766536222639022	0.3104877133715087	0.3544732824112052	-0.04145848334483147	-1.0153479084308967	-0.2297063288799209	-0.966353499472804	-0.9265249969521062	-1.8371182617330253	2.113714410670091	-6.277413537027136	-1.334123782760998	1.8588898625243513	-0.6667869096143243	0.2987664177657827	4.910398329024876	3.079954720556349	-6.139129984469659	0.6367686278312896	3.9128420397721326	2.607898636792707	-3.516997891385737	7.2379095028938485	-2.826448272595285	2.8208816528762424	-1.8727237724837036	0.8216236713324738	5.430754167371499	0.5906598778213801	-3.8533309469713073	3.683606905746458	7.734824681305012	-0.7300500048431182	3.3584900177749737	-2.618482570507353	3.632865950722905	-2.4868147444643838	-0.5437588285603674	-3.955064943330174	-4.424437464173108	-0.6126511784768999	1.6206072321074025	0.9829204475071791	0.3873740269712286	1.4560290507269233	-0.23555237086390457	0.22105864461392177	-1.2578144017974142	0.27695474976953854	0.9117965958483923	-0.7034357339513609	-0.013880780024004719	1.1154501898716551	0.9345953805352456	-0.8198640170201399	0.5660980997043916	-0.20403681309622038	1.517376145560495	-0.3147797362246821	0.7520784757878616	-0.4074572982924673	-0.44955702359858307	0.6483533889660376	-0.6388153532632107	-0.5802975644907583	0.6805932865999188	0.07992329173751675	0.9889998036855969	-0.4148970611180232	-1.219462917261209	-1.045600596648801	-1.4529531153692345	-0.4524378788750245	-0.42694753519179823	0.10311883896100604	-0.2222747991596196
DTXSID6042365	-0.23078382383132065	0.6438461860032954	2.032316212956196	1.5780349257601736	-1.675358996443856	-0.6915166054574191	0.6278811338961308	-0.5313774490291304	1.1638142463982564	0.6265901756164222	-0.8578284978532497	-0.30214560230615944	0.4263319774732849	1.0257774875719972	1.7932034104959829	-0.5036884895554626	0.7947707263748603	0.7762120263177084	0.9907482063809179	-1.1374341521905815	0.6308724743201745	-0.5496870731353715	1.1514656638190386	0.14666407023457131	0.7684777326437486	-0.4317393912254004	0.7456529042720963	-0.5477539325609299	0.10323484583981749	0.2452082959877713	0.12428511950686594	-0.3420390903197159	1.0640516259616442	-0.23305430627483106	-0.5484722322374125	0.2334935448454395	0.19144410066599707	0.14259870116529036	-0.2707407439140407	-0.9092023876719405	0.763495664509926	0.37766673167756865	-0.1387017729282276	-0.5144719905848271	0.027638816772499415	0.3299155885671898	-0.04015069915330369	0.2595414264855527	-0.07628894335807648	-0.11659854096639877	0.021520567433389946	-0.01302305436363265	0.2960514916595615	0.19893018101446144	0.10769494436400479	-0.26312475394447604	0.6578880971262074	-0.1376426325745844	0.29055836315583056	0.9191489657995312	-0.22543564994630563	0.09073140726397821	-0.1511110752286112	-1.1180382417428216	-0.34374963406291437	0.0381061625531754	-0.23047892841361078	0.27817088395714146	-0.09518270690347526	0.8966952265898783	0.21575635575257213	-0.31820692802055756	0.13072801351530416	-0.01719622127900207	-0.38492745754674107	0.8984372476038425	-0.3263486317544351	0.7795913444289575	-0.15634386946972675	-0.5977931411222156	-0.6530638699537026	-0.5019188044264478	0.089660598097765	0.19146388694109187	0.3296545947727702	0.45075690079255587	0.8327069334103336	-0.3102391657294754	-0.3011203819832239	-0.1980185918962293	0.6187735138172273	-0.903890744198331	-0.5273414137438521	-0.06388368110954644	-0.46476460742499226	0.1472576728514838	-0.8427929108483213	-0.4785097747784114	1.1772050813567665	0.2305927997165314
DTXSID3025629	-3.667864775984916	0.02116807397185805	-2.297174640025267	1.9907630374998304	1.9590938168355583	0.12768420991842236	-0.5711105645642393	-2.425351422950497	-0.052685682499007146	3.416017257733126	0.6539825776231247	6.562312795735539	-1.2450081058616114	-0.2783914219598521	0.17093767568991897	-2.339681214558591	-0.9883572638028156	-0.17642576876404054	0.6475852166841959	-0.34608138916355685	-0.47991379318445204	0.17181057175153983	0.7597089795656826	0.046957053614643786	0.08633688430249989	-0.4214059227870578	0.22196001324047904	-0.9804174656872223	-0.33460928632505144	0.6467859417446217	-0.6204939221319327	0.029952252393061696	0.7634222289043323	0.04408563060907427	-0.501590297877108	-0.1789747096742157	0.1995508309938233	0.5742139699791718	-0.11513576845077886	-0.008451898165993678	0.05962479676690119	-0.007501349025082942	0.2188339875023709	0.1825755201686011	-0.4266502240550408	0.12887203748666087	0.6091793271260157	0.19325978577441974	-0.04185173713868615	0.1230724089452096	-0.14417070602460286	0.13532808883429484	0.016449366473731356	-0.06289602092355744	0.025938694810921547	-0.01160893726098898	-0.29822784737546887	-0.30702950063937207	-0.40183399700114314	-0.4911166862516491	0.5646740541395604	-0.3130847504486544	-0.110960956606645	0.21121030005575117	0.15896040932955977	-0.2720063910656312	0.14780630298446304	0.2590831780866985	-0.653114598353157	0.35836061062443186	-0.008037561813787997	-0.4151770535560052	-0.4437447487765402	-0.05361700583407656	0.25853357704718183	0.18680706920350368	-0.42469015563756385	-0.4489615406546724	-0.3172999890864586	-0.6638774460553659	0.3500624633968402	0.03122475940802927	0.27547460182031763	0.4937482353939836	-0.1939333642808051	0.301614312200482	0.8853245648324205	-0.6445185102630262	1.152286709801271	1.0325446492414274	-0.67581198604654	0.557761668243891	-0.07536526574234736	0.3197019402607689	0.02952972060933236	-0.660691765268461	0.2671548512363511	-0.015907737831176067	-0.11406375578051141	-0.025593845293289664
DTXSID8028008	21.07894886634503	10.961120736336534	1.1266393250456082	0.35593218974267765	-2.357969652449658	-3.2628347487324816	-1.8335174106166072	-8.819803829023853	-5.183896983943834	-1.9946378946630392	-11.820201748691975	-0.4939136985584582	11.636260805368197	0.09798677479426553	2.574844940919213	-1.1716248440299382	-3.205960503103662	0.8855436827223089	-1.8558627318579104	-0.7251553227179606	-1.405315402539218	1.1862706428675316	0.18271983878776535	-3.288068444489748	4.248762200520888	0.16172054604806993	-3.423499573116538	-3.749256973589986	-0.41545486496464323	-1.216842313564519	-5.675524263620606	0.8462703812282554	-1.563854511058287	1.7955257979441726	0.979579658339111	1.535781462363745	-1.2334421601937333	0.9946004547634646	-3.00047939815094	-0.4764760903542765	-0.947611689333066	-1.3157004410587503	0.08795987543017487	-1.5723227452905666	0.733167864775779	-0.4368827270391093	-1.5655608445130689	-0.41504977618041317	-0.5386116251112933	-0.07905832496980696	-0.3708917150526223	-1.39354902224179	1.286022959463931	-1.021607932237292	-0.18778978536566437	1.6087426955639486	-0.7291877283800805	1.0983482021167958	1.2107836515964894	-0.4547128740046651	-0.0022319171465268015	1.1377235949233735	-0.048789194379226505	2.0293341854976505	0.8290666438974374	-2.4469995381325567	-0.14359977200251128	0.3286637083266581	1.7726311778092354	0.4137718805493215	0.7044263599298275	-2.698460706395784	1.8836845248553589	2.0815541454181576	1.5419249909538029	-0.30228353088392895	1.9208949914827378	-1.1325726364997268	0.721372507889984	-1.1661482851072504	-0.3454588838795493	0.13824284228300912	-2.1440183200156016	-2.219262134379276	2.655337044100891	-0.6962732200126364	-1.6494143870737619	-1.399351367401608	-0.2625819842067953	0.6526385990464952	-3.4652216938197906	1.875324472387142	-0.4787973945678013	0.28766689084175506	1.3566927238649873	-0.8553361784728741	-0.39774968213501694	-1.655313692132098	-1.0024486143953022	0.7411320237868644
DTXSID5033595	-0.17370362923287333	1.041471314845505	0.2905979419811402	1.2573143933129416	-0.3273659833081546	-1.1248105095649024	-1.4700106704909062	0.23978502188814582	0.5517555967987344	-3.4282949647376455	-0.04705071472115478	-0.06599769670852972	-1.9805413387592028	2.2602287515792603	-0.7125234374468149	-0.8266253915233642	0.9919931912914722	-1.3022477714043232	0.96392366202431	-0.6966161372079978	0.6389699725727154	-0.16693236197981867	0.4634267468523845	0.42525286978163845	0.0681628221448636	-0.4080628008072897	-0.6316684246210428	1.003174161413584	-0.2583786285484127	-0.16929197765479412	-1.4474204537207482	-0.4216970978812181	0.35996164752757814	-0.8718627049989865	-0.2912743186526555	-0.708466438362777	-0.8498108413471075	-0.1633067432831725	0.7389099633409325	0.3572715160632268	-0.1027621332340843	0.35673649321743534	-0.19852509276878497	0.4190954867164271	-0.38317463620051356	0.28313487515604735	0.56124447873539	-1.1727033619228258	-0.43398344906810576	-0.6449294517818404	0.2232238327356862	-0.08828622154994922	0.07459100731009408	-0.019147615966187713	0.12049094745873556	-1.4762135991148553	0.37888951987584835	-0.5920698325084636	0.29282524279478117	-0.04288662586990524	0.6405423306911545	0.09621653918760639	-1.164941183313855	-0.5690706986929133	-0.1180519865114066	1.380572978070813	0.16293091232476306	-0.4672789118509154	0.30096492049793583	-0.40148437362449124	-0.9377232739166081	-0.9179109655670965	0.42537888746837854	0.4340470710926203	1.6472034288416046	0.5685137865248633	1.167764909271613	0.15849961767096882	-0.13943480505838401	-0.46303272627403663	0.37872995296031803	-0.02636383308220919	-0.48499776700537794	0.3074133113240395	0.3135008796703254	-0.34988523819956746	-0.7229130749447554	0.34846076112550056	-0.49255180877034765	0.3872666152758213	-0.028984297714127322	0.08096099004970177	0.31800992092554203	0.8076018701444859	0.43891499273190715	0.4054838855829627	0.9508098122812013	0.4387208858590581	0.02297485466419239	0.10505246483154332
DTXSID0047539	4.100684759360972	4.150791294600722	1.4151973507539073	-1.4253614862921125	0.40992076678219463	-2.6826748421144493	-3.0937917333846374	0.5734725693624861	0.47939221538679516	-2.5056560055744894	0.4647990445486214	0.016389835455925192	-1.8318487808665738	2.213544832616619	-1.8929145886922956	0.25020223367339045	0.34090699815701364	-0.8558451369077663	0.7515031680215607	-0.3072009347829913	0.6392813369492599	0.23715852980021357	-1.0530071213335215	-0.08625177743190394	-0.13692034440180997	0.31121012421047534	-1.3651859216142346	0.3328164124970869	0.39068546270479615	-1.0243302661978728	-0.9944276514463484	0.09077903914463493	-1.322305906213164	-0.6264246222870761	0.14932404673964556	0.7066535386149803	0.015053754279528158	0.2612076935085419	-0.312391720617354	0.29059543895879947	0.019074042402178613	-0.42992156679284993	0.383168931567824	0.3749651492581905	-0.1507916753014185	-0.026859140334498884	-0.11302606625712623	0.1743020884750883	-0.11047989584384421	0.35314949374332816	-0.28257899469269837	0.0693407728082122	0.23120069932304577	-0.6359843050879048	-0.11305464017770045	0.01799487161575016	-0.8115204580362964	-0.10994406528630865	-0.1348422562916822	-0.30785643239285715	-0.3622025246500598	0.08250514787078089	0.5817547761536155	1.028797705449011	-0.08792653573771518	-1.2596491032163644	0.7508885297898176	-0.4947190435129237	0.12595860774470025	-0.6421633469523986	0.6952405237134145	-0.47995789451758963	-0.25427209112210525	0.6954387546426953	-0.9291894728738808	0.2969341265217174	0.2740790454807216	-0.45072257225361123	-0.7571783401625715	0.19743293244590965	-0.11115432334019053	0.100908264095289	-0.6105465342076424	-0.18091656709875112	0.4070010623410251	0.544121542061182	0.7762901516925912	0.08111754220082228	0.1149559361129115	-0.20890684341209884	-0.5555226136013153	0.3202163980535556	-0.6308609593134981	-0.553546191738969	0.8861702179560299	0.41314541321185594	-0.7161689217204492	-0.2095675805187781	0.01800560255013154	0.21370182656204276
DTXSID2021941	-3.649172447857191	-3.9809418094339155	-0.2669738233431602	-1.336278951714003	-1.8180518217638268	-1.5074557412216818	-0.5905437644693028	0.43846741030781466	-0.36370089825377416	-0.13940289565826994	-0.671848302042654	0.5504744515286695	-0.5234627441181249	1.894920951770134	0.6935095921039744	0.5120682399851725	-0.3663407278295414	0.9002137115665855	0.1456203837350559	-0.7061541379457924	0.4328820102653504	-0.487635696290115	-1.0140611388394054	0.28925876925372573	-0.38498632498297214	0.5303934260831134	0.18156995017001154	0.5399392900157811	0.14930386194682896	-0.5991460773163021	0.6219777810072055	0.6389872107673514	-0.39942607266275837	-0.18942804889822198	0.0060308866064715284	0.5122621626728725	0.11796737701328884	0.8083042636647829	0.3835767310502601	0.26021960952736906	-0.44887421727774796	-0.23951360042368655	0.27811515168391043	0.3528206147982974	-0.276780983359835	0.08546965994693707	0.14959196913998937	-0.18302425983290907	0.20605902256647515	0.32573262486324184	0.07747921136765311	0.1607587192094988	0.1954783292915507	-0.2899891327774247	0.02036017702189299	-0.16724776790500645	-0.19196683695024988	-0.3231548364683099	0.11424257907880653	0.23463508189765564	0.21506680841372428	0.08909446763632908	0.4448821584847739	0.3232676656559778	-0.44597725529998933	-0.5601407257269893	1.0228464461017324	-0.5104426014872718	0.12837269844553634	0.6614228390993119	-0.24424364088166087	0.1160710688922618	-0.6940977346643076	0.026537624360027816	0.579138124012261	0.8452681623659174	-0.021416553658788456	1.0287462455686678	-0.38137948965314933	0.06901096797889092	0.0573467632338545	0.29549488446954	-0.23113979984012165	0.6943892716686019	0.2204646057188389	0.07344799850465991	-0.28111184505252695	0.12135795569909309	0.12590755815669805	-0.3394264030536867	-0.4632099576518285	-0.3771943109543534	-0.089200339784269	0.0574553268551264	-0.11182844427668431	0.043159424879940525	-0.1775684549675045	-0.16529178962743737	0.37176680739216206	-0.059566181902136424
DTXSID3038852	1.1921783161656716	4.49198929320445	-3.6104099933953693	2.4997303432841047	0.23162211894713955	-0.34099698397470135	4.384766595497407	-2.3207678148107136	-0.24590848906082202	-2.5471155095501334	0.830869230844369	-0.902859762688702	0.2325346911049847	-1.8280996192103998	-2.4835535733818928	1.6188140917211016	-0.6785621307570516	1.2817533150613534	3.024884438213998	-2.025386779800753	2.818950173913811	0.27843394548482864	-1.4591138559665706	0.8001706877659662	-0.7330524089527772	2.2205918059074836	-1.0145865782493895	-0.13386884977515293	-1.0153285702641597	-0.12085419953899143	0.486237201686835	1.2085781017223276	-0.5875141264941565	0.4418281328737019	0.6025997702292084	-0.8955171153601906	0.5892034517564108	0.570748218328192	0.8135395855738738	0.15715371997051264	-0.3024403526546625	-0.5277865198988594	0.18223699333262425	-0.3314986948360089	-0.13529582733957982	-0.3655772691184504	0.11678609797383843	0.01950579313533858	-0.2800256764671175	-0.022814324747781414	-0.28557517785872993	-0.03753256731566059	-0.9752372428036687	-0.3731795994060643	0.09345692557547697	-0.2353946295750369	0.028734375865829512	0.16926209767892986	-0.13894742107715577	0.13414918557111033	0.48727189241424773	0.8409074314364272	-0.2517765329160288	0.3012743196283636	0.33898307812973133	-0.038399601100815924	0.3296174576376892	-1.2400017926384737	-0.4604388037859483	0.5004003292085588	0.4809528333807093	-1.4787952625142233	-0.08664779338693167	-0.6821921375779526	1.2934820079687595	-0.15142817156675942	-0.24709177550729158	1.0723708101671843	0.023116894497126988	-0.38138475717166725	-1.196811542954544	-0.13856517704660382	0.322378427459586	0.9997856345224541	-0.00414212090430762	0.30726084375499285	-0.10888241699323611	-0.599710296178999	-1.0625263709334785	0.44423041624867343	1.1201345403220848	-0.7004674113907098	0.8735207842071211	-0.048069209514001274	-0.364323371504137	1.2324662072104389	-0.21307817968927548	0.7353932063239715	-0.6032326772835263	-0.29151608531914147
DTXSID5045174	1.2531409423814024	-4.160357998201683	6.394573220029513	3.8263451197078573	-1.8264003867154674	3.348432233056341	0.8690797783575516	-0.8799672074509485	1.4514165285540357	3.618717770674382	0.09886032080507426	-1.220105778689217	-0.24716637757377485	-1.94662284655922	0.3070021296824656	-2.145008010130657	0.5536108897493252	-0.6864888144871529	2.4812550003886247	0.8843519597641123	-0.7079482204477682	1.6587854431904008	-1.788749669227937	-0.1483033064823021	1.203190201249501	-0.027227917287814256	0.2919826822603403	-0.09289324185517855	0.6815885065292122	-0.055500324620990055	0.7773657068216858	0.14633523198681397	-0.4576830640959798	-0.1317585300309337	0.13672557599749552	0.39047526081412304	-1.7637631678502823	-1.1231351508524399	-1.2289046404538808	0.8156010442028523	0.6404237926088836	0.42474924252232354	-1.202367752969216	0.006087567942147976	-0.09116399177456191	-0.22432338848250027	0.21876255150481877	-0.08765005787048386	0.5580662754112314	-0.4490974476169899	-0.07323483791721772	-1.3663318803885054	0.029761506332017993	-0.25034129693936086	-0.04363417588519098	-0.3224566891891495	-2.0173254501989195	0.8925154145163247	-0.05448528853811557	-1.6496074230695212	-0.8052301473935857	-0.5303610817844318	0.8101512015770644	-1.519848949151043	0.10087650689721477	-2.0830981119926038	-2.102254171460685	-2.1559027705491514	-0.6169464925764919	-0.7229840923467179	0.7224094510487388	-0.9000189712189073	0.3611787309461929	0.28825007704809114	-0.18517269492702754	1.7074714712646835	-1.324740150838052	-0.5958832386779596	-0.9491070350409994	0.8757430586271531	-0.49163704445948064	2.0430878293521904	1.6471283153795866	1.0579810426328016	0.7917353473579716	-0.31083406492470295	0.42611081959579095	-1.1031721923889084	-1.0283161272057133	-0.532419378577355	-0.5094102321043635	-0.7321133504760428	2.0311800814648104	0.5356089742962619	2.7488905269940624	-0.09795743596539347	0.14319322222303346	-1.0143658093134866	-2.4878126355221566	0.8345366727987482
DTXSID5041697	1.6275531490650033	-1.6574081279015451	-0.17086002463131156	-4.222673122585772	0.2891313558865262	2.3564191957866125	0.22614936913160796	3.908161428647188	-1.8553757041938543	-0.6338510548579271	-0.7423633409003998	0.6911206413708784	-0.3356435953645154	0.8839101579149037	-0.7896880415769864	-0.4862700419060203	0.002825568255159264	-0.30517232300649233	-0.1819543172131691	-1.0073127313792913	0.25445273830129855	0.22817329170155937	1.1150203699679362	-0.755503894993707	0.5954821206201886	0.5848304437941263	-0.005322258295773435	-0.8324716042120961	-0.518606436630804	-0.48125730144601403	-0.7256099509630046	0.1426728124533872	-0.31407874461911456	-0.22181301546356097	0.5155114621787623	-1.200522067306316	0.3216562572735588	0.07029995466174961	0.2623080200994231	0.14888476659841413	0.27179448109667903	0.9122619501300163	-0.20360664738013812	0.8443012123876678	-0.05027753430094056	-0.15516407535013466	-0.05237769054832024	-0.4792163166111644	-0.09910613424280353	0.1785327200994062	0.4744212486369408	-0.06285747359728548	0.6825838681010165	-0.1388177585992409	-0.43806267351442074	-0.4257474667567756	0.4913431686325971	0.36132351410870683	0.14296015476516813	-0.21277604492917046	-0.052614641099081205	1.0133717817518901	-0.5356202052165328	-0.43275232973217026	-0.15671394088912885	-0.2271138857121062	0.002304574612659528	-0.023014520301095565	-0.49894295873171346	0.6712700918559924	-0.48380411254454253	1.2144219968505467	0.2995576534384935	0.16466030203374096	-0.6244984843693544	-0.6250243109771461	-2.038616740518486	-0.788390249001258	0.23601522757009863	0.13208258500447354	-0.30202105149463027	-0.7934214999411084	1.214399519288488	-0.9003583606590883	-0.21708685755408022	0.11088841118188322	-0.48597777581427853	0.3266013952840077	1.1376857131768603	0.017136213264809335	0.10024473575848114	-0.31457905395485064	1.198841495285381	0.162509717783453	-0.6516850373262749	0.6177852007731665	0.07858232113267143	0.2365190670838025	-0.11088599279621579	0.2901180916832646
DTXSID8023393	3.8651686892177413	3.5159283628963602	1.267423679158224	4.619409848376107	1.980943431935629	-0.5756613986101223	6.160617925391138	-1.6628197033264855	-1.3389079990254755	-2.7731596412956265	0.8836897093234188	-0.8187217316299698	-1.2118936590043827	0.1144128598135463	0.21077796099255877	0.7316045039071595	-1.5156455922950165	0.6562368218219936	-2.018029391288856	0.4222301157394231	-2.576464518414942	-0.30858999607452015	0.6814954381760034	-0.6477159670422403	1.6253469739749689	0.25594805874542426	0.9307674991964748	-0.8143537195032866	-0.11961729255685113	0.3518410087324234	-1.0109948849906805	1.1292181040887004	-0.5218836603947232	0.27790457684256326	1.9610916359876782	-0.19869865044806898	-0.6413160899523279	1.5730519721451406	1.3729040506941894	-0.7085316322407731	-1.6136948985929656	-0.5338325406280433	-0.478286053381532	-0.7620846838642267	0.028932044102170276	0.31694765101073513	1.3686817891115322	0.8699800333038646	-0.53835423186747	0.2935161454022805	-0.05132541377937423	1.0033097814690104	-0.23705750983842902	-0.1581161567917095	0.2167579593809507	-0.9726225864733348	-0.6967306489790219	0.3896558679083852	-0.19984711354690787	0.3035951318923535	0.23280702857632224	-0.19017316506877224	-0.4756938894390631	-0.9833229881378919	0.479553745318586	0.34594590754480914	0.7679268299529416	-1.0673166190117849	-1.140115281295261	-0.17784561428872575	-1.1448406858417106	-0.5581871942023313	0.9511132151887659	-2.0195155729781855	0.62848952236437	-0.15580748798594304	-0.2535676352147295	-1.4837313540249495	0.5891090772639841	0.24003726888206234	-1.951880367852328	-0.1888951944257089	1.2129965369870235	-0.6767294404704355	-1.4942555482753619	-0.7161198364864367	0.23643076425430246	-0.15621487992908165	0.7377622443039178	-0.37202924092222966	0.9299234178881167	0.7486636424637362	0.6026600532531387	-0.14112619242275118	-0.9428471267112202	-0.8722411704771907	-0.436360336794341	-0.9611783245869845	0.23293603097183582	-0.18083785013742296
DTXSID0057623	-2.3477728741012833	4.473476638754302	0.8023524762534725	2.0748609804832587	-2.1128208344609427	0.1588661515284977	-0.7219784007605086	-2.0134644755370705	1.1251518306216077	-0.21210270527909614	0.8061562048894122	0.9451644427360062	0.9528952343751088	0.10105935187568385	0.9769637643099262	3.786137265911027	3.7377747104256422	-2.1395451335550533	1.110866281482366	1.5212660415060224	-1.4485812118546446	-1.5789675885544314	-1.6552074291120962	-0.08566091481215196	-0.3754407200542158	1.0255620200213005	-1.4559840622475988	-0.5604384688877173	-1.354001089704682	0.3002513721756135	-0.12413069512563524	0.3756464182346029	0.38049519565212536	0.0998870332032894	0.9076170905285306	-1.2502627081835163	0.06794566419822916	1.3643017955013976	0.36249243187918556	0.2391121268724099	0.7513351053143844	-0.16531836833461735	-0.7863977200645355	-0.20290177399388437	0.3806484288982515	-0.9457080752757878	-0.7058652873947688	-0.30554626559615566	0.165598450419473	-0.3631598197821314	0.3592145439434885	-0.20741186690102	-0.41520564642266816	-0.25029235974944075	-0.4769338188571944	0.4807754203511344	0.5423042728313121	0.23889255992615366	1.656727665912568	-0.1789011061243237	0.5971344412834819	-0.1749900816855369	-1.4718613882361087	0.22916916748369542	0.062174817950677724	-0.5762812270320574	0.26463631526420217	1.1627903700871316	0.4822081528628301	1.193213639220464	-0.24118952439722668	-1.1235222491492227	-0.9809928989413877	-0.35596827590310975	-0.18890603793391098	-0.16177790891331129	0.4912320813451395	-0.015501276314349248	0.025629825687303275	0.18003504817326083	-0.10522259577195563	0.6419805648217576	-0.0985966435373985	0.5480509790011937	-0.10713140118603821	-0.03277989578177488	0.16348318954359334	0.16524393829439066	0.206424521265619	-0.3831224396745433	0.17301839654008058	0.052759573010320186	0.5548638771019611	0.1494215595175847	-0.10510550026080541	0.1581420158288876	-0.5643766719352075	0.21356102451542353	-0.6665091977528542	-0.42208385511798757
DTXSID4047707	-4.7469297831945685	-0.6251190906828398	-0.8844356957410242	0.8422392157237354	0.021220941511018818	0.037413161194874464	3.338052521840125	0.8930527374586271	-1.5762444247329377	-1.6886942569986552	-0.152279720824913	0.42118159694110796	0.14532428303657297	0.22229544205486645	0.4605282617561612	0.22514762586369985	0.19598364612458982	-0.2663124462754894	-1.1047978249737223	-0.16693333503710078	-1.1197802579734502	-0.38731960590753417	0.7551791314521366	-0.6239298598907099	0.08221133661968169	1.2467329931519544	-0.44127346671914874	0.8409601938560751	-0.7421214822352894	0.8566821553564761	1.0473845048938908	-1.5140908140593365	-0.4542995412062001	-0.43703063440139134	-1.2268274154040253	0.9254913645498765	-0.4975745108922476	-1.7967079546465203	-0.666847454201702	-0.5033134141953234	-0.2949757974998548	-0.03347915337687129	0.7389613083425232	0.08550400429640216	-0.710646524768234	1.9708262720935548	0.3444642931495572	0.10817480364666969	-0.2783136956689123	-0.0026632102762343245	-0.5297596041694167	0.05545218000639493	0.01411583901433097	0.10570711773236012	0.3429782269817755	-0.6774059722878871	-0.5150065411308262	-0.13374056559557376	-1.8516615199201256	-0.12112051701428442	-0.13333142077150886	0.22822321395506082	0.8643159963071053	0.8900949125462976	-1.0665612590083604	0.9138951726900181	-1.5682476124985403	-0.833100224600223	-0.3343908542679705	-0.08593218170218109	-0.3426019051941286	-1.7380987670568993	-1.3455615515738901	-0.3500430635527962	-1.3886101119317174	-1.1583487149288916	1.4077596120829625	-0.6796467294746161	0.4598004242619507	0.18177674781439201	-0.20583102091012678	0.797231849564779	-0.3809519988154335	-0.19456839837947656	-0.45779752872807655	-0.5266823255736981	0.03844529224843929	0.43874899908938236	0.27158029651068233	-0.23982256287397669	-0.23172476505943768	-0.1379731340510369	-1.0818410488596613	-0.19579771149056518	0.05148539883445827	-1.1135857414891555	0.14053431277061804	-0.026057693245230194	-0.6132470271854674	-0.6352242298059301
DTXSID0045705	2.2905100612595026	1.6879398574589528	-0.3051412683729547	3.9017309311936357	-1.8853471597176876	-1.6810436401073192	3.743128807094025	0.7607184662890059	0.41762009865944105	-2.0688661922975475	-0.5191845374467062	0.6877952359280839	-0.9348480874382729	2.168727422916502	4.842056898964158	0.7958475701693465	-0.3298421449924212	-0.927746719387623	-2.0322160308001247	-1.0679882931893787	-0.396119356968435	6.231186086415798	0.15942039516079307	0.7087529542514385	-0.777905473255841	-0.3492469432143562	0.729213701044387	0.6749596196609029	0.5725631992713391	-1.1775948765153477	1.9484643549226273	-3.0604957723325175	3.4384861530368824	1.6960149239305329	-0.7468157572459011	-2.297031778576875	-1.0809281606758177	0.2976111607956357	3.1685251347600456	0.6659388837942036	-1.0149084737295133	-2.2768556624248912	1.9653033850560964	-3.304645591897905	-2.334997420589741	-0.4513264985732554	-1.080430219690317	-1.008590053060594	1.4400843823518066	-3.0567690049646474	0.8587625112263697	2.2143810545000813	-1.5336260081911415	0.38863498519523926	-1.2626536586151307	-1.643020605000695	-0.15624607193311094	-0.4599261471427989	-1.095223650071789	-0.4960389600991883	-1.4891144973488935	0.47781737588221507	-3.4433303531725326	-0.5497768541257889	0.9579387363236432	-0.3736705736311759	0.008761208232077284	-2.0589338863546196	0.39425566451747207	0.19487373407591727	1.2438167711644885	2.0963900878952644	-0.8750212551712546	-0.6794124138782335	1.4287256274230076	-0.870560096433088	-0.44482633523869164	-1.0918364924712434	0.27139327742486785	-0.21736634617150175	-0.4205370566782384	0.08189529755423931	0.18417835193947632	-0.5115274856359625	0.38346234664108164	0.43083783428036126	0.321930904103692	0.2765165700709499	0.15237508640474962	0.13722492439633166	1.1990663709114602	-0.431622516225556	-0.5029435988018174	0.44468268710947034	-0.6761949941441616	-1.1616079239768453	-0.9887496096707357	0.09121889334375866	0.45706079834950225	1.1410054601853716
DTXSID5045752	8.003172335591426	5.4982603516823	-0.04264878419159089	0.8956562206218522	-3.616531106866454	-1.8265366055220182	2.816956181490353	3.505592569856567	2.280173980704803	1.9033258519660503	1.527564188816937	0.6010637431183883	-1.2750161787844894	0.006023916616031161	5.217433561120851	1.6096331002734388	-4.81613881906218	1.0780857253198086	-1.3417950999588963	0.2880514866482693	-1.0964946533337814	1.4612605180720437	2.130182464512974	-2.2550862089134753	1.561872478612964	2.1782746258347383	2.5969831473347575	0.9908652767490953	0.21977265626666226	-3.056334788122285	0.033806489680340335	-1.1465640792846972	0.6871430342199876	-8.790143108357492	-0.9520609071986285	2.3295076123549783	1.7731846747649889	1.1367045320157627	8.806919997910615	-4.902560541512442	2.538388491095479	-4.00452187087055	-1.1188806437546068	2.8665741731827254	-0.09171464767994178	-1.838607713843503	0.08653029697764644	-0.09966484147170739	-2.085012023593916	-1.974609266442356	-1.2978056940560527	-5.0180475534936235	-0.8024929316236762	1.8130517330600329	2.33314898841036	6.856387650601754	0.18531609729298487	0.7148504111606298	2.6503224991770113	-4.651059578431467	0.17828943850626072	-1.8572413361402222	2.5564611770038366	-0.9631603189457304	2.1449881095985255	1.6964266222515763	-0.781126877307207	-1.1927385162146575	0.25656760512421745	0.5032698351853488	-2.3340708462039053	0.5729294121725883	0.2907884175612313	-2.0513363455978935	-1.8634792766514576	-0.18338670192226325	1.2994936606477585	-0.23640652327882963	1.2409567933610244	-0.6186466808119516	-0.8918341601106068	-0.44248825927798485	-0.6170112517166177	-0.4692457542456076	-0.881203468673613	-1.1967228432841792	0.11032593195027196	0.11602243407017006	0.4799828112958382	0.5360786040735026	0.7328348466056058	0.1328752772331094	-0.14719463555075796	0.6641838217770086	-0.4792023465236752	0.3195708487128154	0.30698322493805613	0.5895089117805554	-0.369682380391083	-0.46585699714542006
DTXSID1022897	42.10061979481911	-13.087142627039423	-0.5938898193708593	6.472556547526876	-6.873170667690611	0.3588353493129421	-1.4918825557466586	-0.8259882424362822	0.5026457343841704	-0.25388307231486945	0.42173947444082144	1.5372630180595002	-0.8521710992565452	0.9222953741118791	-1.3063080269045682	0.17307176542152142	1.2543959415424466	0.4320653614347634	0.5195029279002217	-3.3165777075444565	-0.04939106852680108	-1.3139152482213106	-1.1911783053660636	0.13124501479348963	-1.338713591255243	-2.0808443074253686	-3.4919036197514206	0.6328007775337149	0.1957552139710327	-1.1866804149423864	-2.585202062917862	-1.454355664450821	-0.7017010795731249	-0.6440938859205741	-0.6420634414922494	0.28129768097134616	-0.30782593496753075	1.8219904085439065	0.5820001625606585	-0.007649919109552126	-0.45777352228072804	-0.598785288817622	0.782222077642043	0.39364336958745855	-0.29716648404185	0.4968642378366825	-0.08571815861788519	-0.44241181064703317	0.1987124582355213	0.1330229290920119	0.1316288702796669	0.35848881733472004	0.25854426603909614	-0.604261535597546	-0.8246121936078598	-0.6047024024898459	0.6044704724107935	-1.3503626952384493	0.5545120955198386	1.0680228706737902	0.48925063148954706	-0.18455080804358792	0.2441828057928805	-1.943758706891288	0.1496126214603387	0.6804141248749059	0.187067296552225	2.13361903217361	-1.1545494453482026	-1.0880326576654944	-1.417915960803217	-0.3671055334456521	-0.4275115854051138	-0.24869948178426932	1.3769646400875626	-1.2410164429532313	2.462370030140884	0.23626145813689584	1.0333169112310996	-1.7805096377730405	1.0857440311883337	-3.564850662886484	0.034713344941435464	-0.9235119816084081	-0.5258930907277078	0.5834129641040372	-0.3769418294629247	-0.17864768909447182	0.8661177465922192	-0.18102711177531805	-1.879307229662075	-2.1280088086282585	-1.8004089695048424	-1.1009456615479707	-1.59187482979473	-0.3770798519432485	-1.2076507108730283	-0.29104123591955455	-0.5785607822037394	-0.5248575450703884
DTXSID7026285	-2.7499048893155424	-0.034530920923525214	-0.581373168970403	1.004603352892252	-0.5726686494809362	-0.7401299792941389	-2.4184286598188285	-0.1903565415377688	-0.9631554886679888	-2.5900244902058587	-1.8208598034145982	0.6158167597082749	0.20455434116155463	3.622302177768778	-0.2707735121226515	0.10905199540942954	-0.219191081377255	0.24581394012063448	1.1784991443076087	0.2569146051286384	0.4601238726305015	-0.9087699149939974	-1.3470531589941466	1.3461049518982202	-0.5007610045969837	-1.2124989198811307	1.735834919972171	0.7621728180234709	-0.03266314968209493	1.1731701315072174	1.2010584203557317	-0.9376738155769363	2.418950155227979	1.2796264607858183	-0.01913980913641811	-0.43309505467140336	2.088568319728839	-2.508247746875806	1.4841588345513024	0.0317991431995523	-2.0362049649521796	0.6571181605824968	0.24524526291494544	2.079643856073491	1.1467387331929633	-0.023245883719094956	-2.1272335354063183	1.052030208390432	0.7086850554866816	-1.869183642160586	-0.11380761044768478	1.1946710858171552	-2.343368855722827	0.34274270246674704	1.3796310801936293	-1.3237710109283052	-1.989910020399453	1.4061959225543077	0.646660010110802	-1.0143650381944795	-0.8678724606292335	0.3095161861422754	-0.06541428752608403	-2.242107971193711	0.7772530302645921	0.9015155753845131	-1.2453020655536564	1.3568012142938093	0.22761422687780883	-0.7029925415210424	-0.16697609759401286	-0.7651999209811026	-0.06567009659945153	-0.6149263248449719	0.7407367874241564	0.7174099529934355	0.4476286943819621	-0.18371117646661833	-0.3759320620026026	-0.0002480303706757253	0.45310476377705067	0.056514056219563895	-0.4882056506856085	0.5995711482552466	0.5407626230154102	0.4324354824879217	0.7328498591376731	1.122537459750278	-0.14700384907290207	-0.10851119951297167	0.19934126753272163	-0.2706460334464103	0.3145709137895718	0.028673206645195855	0.513694597593822	0.4146089199620975	-0.5094587186010883	-0.27857756708375286	0.10091416295503249	0.15175175573251523
DTXSID5020233	9.249551436456649	0.4062430673355264	11.382013177257432	2.30849145977952	-0.682252727457695	0.7852605121481503	2.2136288777046706	-2.3660088171939186	0.3794713234491169	3.6022656304208627	0.33084251709693524	-0.07178105971399484	1.2771996975039959	-1.5628302473810938	0.5381437889399572	-0.5764878205277189	1.3769352553154839	0.4292592097721881	0.616067946209551	-1.6591511222963493	-0.8950305800860183	-0.5310119852567856	0.30035378455838085	0.9721260009829381	-1.052330538993681	-1.5102058281622135	-0.39542192594753506	-0.04478091957610223	0.3978420409089938	-0.4205772859906776	-0.17034405198346333	0.9547610103000471	1.0551593982109206	-0.043015032031491936	-2.2906189888968314	-0.06199740547663046	0.13439736156767632	-1.7479019077152071	-0.874939968727703	-0.9208160692356352	0.374355299541877	-0.19648774672530916	0.1813407193932096	0.5904886568071347	0.176945234853252	-0.966734314019733	-1.195212294941546	-0.4058729188434823	0.20366176653355963	0.26840904257096204	-0.2247419691062148	-1.113533175797511	0.0038998729472603903	0.16663852424150108	-0.2525274350519034	1.144965776157626	0.16932307070994446	-0.21340833224989492	0.13820333219440095	0.8907698376997106	-1.2742857781672812	0.48431553416069706	0.37498351731104573	0.31039446807351695	-1.3169299276933697	-0.6982817555155421	1.0613930138849237	-1.0582694678658966	0.03856695681383257	-1.3907701510533723	-0.595639089956628	-0.6049826275779122	-0.5845229088546373	1.0520088691893532	0.9929249162153139	-0.7162383041918507	1.0923781695821329	0.17291133290549196	0.07589132254868147	0.1665390640304929	0.561432399400428	-0.11196214701687579	-0.4001880963931646	0.21176556363371996	-0.06990144790831607	0.3202101026385899	-1.0431633214541327	0.28732438957425066	-0.4431634708066778	0.04123716254172865	-0.6115465739423677	0.3825048926206239	0.4114809301101988	0.6440605641159705	-0.25644863366895937	-0.1951989473623675	-0.1296803107128648	0.05748827936389316	-1.2962251928025426	-0.7885258944977243
DTXSID7020714	10.588354822870516	-4.708861081344637	6.153222760263631	5.754692169305641	3.107863467218236	3.544087051761121	-0.7919652070799196	-1.6080988227864688	-1.537220636217716	1.7591313707239449	0.3488480239724564	-0.7197174499438698	-0.2230463477363845	0.21257431402935278	-0.8661643148591998	1.6275954899865654	-1.1067519124998588	1.0166087454212789	-1.7201416654013932	-0.004751959119828699	0.02787429839601304	-0.4917423268497804	-0.7739893350870257	0.24651102465386482	-1.0384144366670345	0.6120517829413142	0.3419371508096722	0.20333733719594124	0.06621087349923566	-0.07032171258218758	0.27215028283332576	-0.11887677852039626	-0.6556052613179897	-0.37373305583069344	0.798701905458222	0.6538026079607068	-0.15040181816362605	0.9974667394627043	0.5483544084571966	0.03183174266341932	0.023194835449355824	0.3999709151246937	-0.022100908872764564	-0.6140036393094717	0.023996732986745907	0.284599884318382	-0.1617132619029808	0.5208372949730595	0.13533012052733515	0.07382000994794127	-0.023188805538357157	0.68084305420564	-0.21411790636682648	0.007284873123040876	-0.19334724091608468	-0.45650484427303145	0.43369896629296334	-0.0806101742483452	-0.21192120782634793	0.2602437679501681	-0.3844256826332389	-0.711330983343064	-0.15576874578247135	-1.453905336165833	0.2974641198114315	0.18078219849758545	0.7400385102414054	-0.15613817907314984	-0.08714042866000674	-1.317385354767452	-0.7631356807192174	-0.4103503940216477	-0.6981828155012219	-0.0022553149085956224	-0.37855307003643746	-0.37805498840468044	0.1652016424648659	0.5249430414719656	0.06842471072548832	0.032426099874378826	0.4033800726905885	0.16818723620804119	-0.41266987317316706	-0.2746407384399212	-0.14888677061755132	0.10411756003807948	0.5404256680647166	-0.03946771978646529	-0.12015331963721596	-0.14798783346477942	0.15373173760897352	-0.26313224055534173	0.07078800789601426	0.13444455733594507	0.39328250177127244	0.1763965757034692	0.37119864253726315	0.4395696594251493	-0.10458033859121114	-0.0604244079246986
DTXSID4025668	-3.6806490442198485	0.08874116439206936	0.531346307512419	0.5157775302878452	0.18505395486401352	-0.6448550262210351	-1.5261095490793175	-0.5393842604616556	0.4285210031331898	-1.772224828046158	-0.19675387182574103	-0.09648700504275301	-1.207561648502236	1.5900134282363483	-0.25212448373109186	-0.20967215952648277	0.4560262784960005	-0.3917907011826215	0.43411935952210734	-0.4585231516633341	0.3469901375941112	-0.43592940219964144	-0.6464047981550367	0.346816656206322	0.0006075034640679252	-0.7670709999228057	-0.39101355233901386	0.3672969872997861	-0.20648829167609825	0.19808163448974905	-0.7958417639530896	0.10321586087184775	0.9082369537489482	0.20142733379595765	0.3673998975721098	0.6878501797077567	-0.5227504880813755	-0.273504255397424	0.3677564723533458	0.24686402014009273	-0.537454640147262	0.07038896906111339	-0.18402193021158633	0.5529058039168764	-0.8954105025776388	-0.05137274355425615	0.1924779325755113	-0.655498860362924	-0.28926543597012183	-0.43778075193145916	0.03767135775864555	-0.09264854841084616	-0.1903439525124184	-0.2120615095861992	0.4677970241539806	-0.4986202909324621	-0.5094478072911619	0.11732641188051758	0.10605425107038846	-0.8010007562043948	0.3879810421474382	0.5323732572623033	-0.01047260522137824	-0.3420262698455704	-0.037005857462548974	-0.27303129585682717	0.44572832023947495	0.36843510323954975	0.9176333841756966	-0.5032208509305206	-0.150642972630868	-0.28419835140346567	0.003393143406156213	0.38412238058490744	-0.34769118231410434	-0.5530762905678872	0.34672674184605856	-0.8420724328913577	-0.22545067389911289	0.057187691621353426	0.17328805225327235	0.6030395290427633	-0.4151445804943995	-0.2554201351733032	0.25224313555215283	0.06770223391654949	0.29091762131890864	-0.0849101503479353	-0.08912656018412456	0.39224080078066614	-0.08285189319092208	0.5881017935519635	0.0011081152888169062	-0.12184865218425453	0.6338099346339778	-0.06540851449710128	-0.25316393979593615	-0.0009688295120574717	-0.13826181228428044	-0.017845667455185742
DTXSID4022367	4.616071659943216	0.5801209466248332	5.952176794746743	5.42463683568497	0.6903486716472549	3.0047920492939317	-1.4465889583127796	-3.4003391386564226	-1.7863281696245048	0.41285811874992245	-3.8654439440714485	-1.0450591886273886	3.477104644737049	0.33055187024163846	0.9087821417954322	-0.7141282280027446	-1.8328016265255436	0.29977445120798035	-0.5083212237350687	0.5881746585402684	0.2063300334928758	0.8729483575758037	-0.0969017649878195	-0.14660929755686758	1.2383987200517301	1.191099193176339	0.3382750875899332	-0.057464001024106384	-0.2711409800739505	-0.041842194322090805	0.03922707657971539	0.3507074141917078	-0.693150379757375	-0.1503491525509167	1.0898637008553052	0.21924298337765083	-1.1525815884437831	1.0309540869684275	0.7406812783438176	0.5659991352097423	-0.22006382875955974	0.5811023208200046	-0.07642697736785375	-0.3773704906964925	-0.17677354849999957	0.2971251199689773	0.27086455832976297	0.45589970370982374	-0.12557568094610919	0.3190346759902276	0.05965043924831572	0.4032494364438924	0.2757209789117028	0.044018767724901646	0.030938067130960433	-0.7320510288953906	0.16595566682383697	-0.1717749932520282	-0.1539023013205524	-0.32535833480736015	0.4139021022234492	-0.2059692279215197	-0.6439334764492681	-1.027387544394234	0.9257592564198851	-0.7729960466680924	0.8853890434376818	-0.6245371206762619	-0.4653508411835555	-1.1318510117330278	-0.6155086808288147	-0.3950216572735747	-1.1237582511446442	0.17045424339836585	-0.40486438066458297	0.7328440666874906	0.020809072731463076	0.27470630791406897	-0.41590151545730963	-0.18065737626734407	-0.37572485879067663	0.006933766216711802	-0.10776941169032213	0.33864234710067614	0.24300404692406408	-0.43878857901313695	-0.6179246560500967	0.3579264816946289	0.4565140711140026	0.4753515631228743	0.2705477482369784	0.147691263117105	-1.05884197081988	0.030547176849598852	0.05234786675227135	0.18057439309806295	0.34884447134223867	-0.031783518432239734	0.5069045083809776	0.8147991733786558
DTXSID1044514	-0.1926975972135509	0.9815502840958885	0.9004039078391395	-0.3827635545470414	-0.858364664920637	-1.4207384138233952	-2.7062445462493727	-2.2903024251135196	-1.4585901841368978	-1.817042996899888	-3.821596988141058	-0.10013445869795776	3.9651299156924313	0.9572953889123027	-0.5299141124552829	-1.3860061480908872	-0.8358307451942654	-0.824747765192985	0.035452319049897194	0.24248217730862776	0.8278414816061017	0.7875004959830253	0.7256188470577566	-0.20345523521425135	0.03860946690620901	0.526997476289758	-0.03689789411687767	0.5199440723682648	-0.11067112968142218	-0.41450418701120445	-0.2540400405334103	-0.08259653862191782	-0.22838683791784184	-0.464938077374779	-0.5216839226979999	0.006316123865046196	-1.0727575987687774	0.39008744085442576	-0.1496796923621534	0.07387897540401683	0.2065407056387681	0.3161828180649547	-0.06546852060370008	0.21206676333087346	-0.0561675482555629	-0.08917192313410512	0.2424211660840177	-0.18086433745722794	-0.1789756587788347	0.1538486892307746	-0.03909095523263318	-0.10971449133981945	0.37600886774430536	0.05551880325187926	-0.18542177029171536	0.024797304587154834	0.2012001289168537	0.12447298699800997	-0.3173925949269584	-0.20987911900575557	0.2483837407469425	0.02165520746800254	-0.04614870808968766	0.5011508648806325	0.10620822421577833	-0.9389785862264698	0.445128112578483	-0.4390822480155951	0.3216024560731855	-0.2532056076233939	0.0027481797670328386	-0.2309953582973097	-0.031936285047210564	0.009613308215244127	-1.104378639801308	0.38833860832675005	0.2280870146486631	0.15563042283153028	-0.20539260752377936	-0.15222972808576174	-0.20807795990445271	0.059572559243394434	-0.2828425861148575	0.15404677612515008	0.2740082941693868	0.31670715047535597	0.2269418806863706	-0.19805579203765897	0.15270151261609746	-0.2165241452551023	-0.19275564153649977	-0.03393703421777728	-0.1740048551175939	0.2441469346116113	0.18187538118129978	0.1894913328810859	-0.445819640673709	-0.25036847153806463	0.17098133304738608	0.24856569317451466
DTXSID8022404	-0.1486722932815997	4.1402415729471524	-2.0250881093414197	2.331692112728536	-1.8344316209174556	0.5593631812501503	-6.42769522662333	-4.8698155884159835	-1.888004154738576	-2.3536439002074254	-6.365736558676108	-0.9558166855027396	7.480002710395642	-0.09260134104654234	-0.5025441460608878	-0.14594868074197767	-3.621153402242607	0.11424078059605891	-1.2115905262419386	2.4908373790441325	0.9641971831233225	2.145377316055913	0.13521536800448627	-0.7422043704469302	1.0844112461264743	1.0350675757241885	1.3373952823939415	0.7701698615805074	-0.47213097460459374	0.3046188323366606	-0.6664233169362873	-0.7894991872998365	-0.7741125653804851	0.41883602978476103	-0.12027505493354873	0.8505461994542888	-2.3677827720266866	-0.05417085077307828	-0.48471894412070105	-0.47881146822704534	-0.032353185596063073	0.1476640175169301	-0.008050655521061469	-0.15242956551607692	1.1226450971386792	-0.8934578938248895	0.4908100998921829	-0.5936713851886061	-0.3504974369981439	0.33088236816416056	-0.06329325131173918	-0.5606560485188391	0.672270440991031	0.13801278758568433	-0.997757411584957	0.9028548514821039	0.06996969042860116	0.3238109956055305	-0.0842702700520296	0.32666934096528166	-0.8856921948520162	-0.6430885406880883	1.2369993099582384	0.5715992962769026	0.25854785662771457	-0.5735746227438557	-0.13600721605435523	-0.5203577113593183	0.6410327334012482	-0.7706908015764571	-1.676777659277067	0.6092383986683186	0.7553488273815924	-1.7257067773106423	-0.4215944814913729	-0.637103499343135	1.0875914730735707	-0.030456865133830106	0.3228769571090196	0.5520047099197238	-0.45940668969671455	-0.42146571131466926	-0.11108965356772561	0.6462276883265163	-0.14651102099762595	0.5219838640497743	-0.450324138732087	-0.25863847979885496	0.8568029567284755	-0.6789962043663614	-0.026250360153337843	0.12895700217223574	0.4311274115589639	0.3841729417751607	0.7547986776175833	-0.6087936700170138	0.07114304889253066	-0.42542389765092664	0.16064838351266722	-0.010844690154687949
DTXSID9052686	4.4990118804415165	2.8075240645620654	3.5015855918370153	-3.360634422159932	-1.0408309487140621	1.875839325768873	0.9774545976188173	3.7573786101938222	-1.8077621367277394	0.08351443023847578	-0.5934354103962443	0.7161098121795941	0.001990394988624933	-0.3469718826516572	-0.0860825257567567	-0.820923961904284	0.18083041712649084	-0.9910512050136747	0.4118901274087277	-1.9661166691149852	0.45173111425608764	-0.4206936088989991	2.002781779501504	-0.5936774032554805	-0.054661061381996084	-0.7366553385406669	-1.0685815472175277	0.3432131839058028	-0.29789776345774527	-0.31816642982586363	-0.36831986631953845	1.0489821797979952	1.1400998563057811	-0.35380280488038135	-0.5864031136908001	-0.23467387759350805	0.38113955626070856	-0.11563299040825338	-0.042630073166282374	-1.2083041297340529	0.13297405089346187	0.21138490309117444	-0.19242023700351854	0.06164582938230775	-0.43342766403451455	-0.010704514492030153	-0.2133735623378054	0.9157710152591361	0.021693490258314335	0.33656809908008306	-0.03654483610056082	0.26493065813288086	0.3846227449259874	0.09678791005711697	0.5323143680180762	0.1722444055765781	0.7762908232476562	0.056114195064782726	-0.38354794214005355	0.32189374546410576	-0.5261100164205065	0.10421026261600178	-0.12440527700106374	-1.355402362049942	-0.39449889253522724	-0.7865615458483277	1.0155597414878432	0.6457187657941408	-1.1092156308559324	0.9530103346401403	-0.8078977038006069	0.5649941975849805	-0.5808820781759887	-0.2869252799816101	-1.31649711054541	-0.13023144915222656	-1.7879356383705345	-0.3735924417004711	-1.8600370461875821	0.6736213155465406	-1.431371315793305	-2.120236616234704	-0.9656825640000304	-1.4789370035826013	0.5049875787859398	1.1197269043114244	-0.18745498781993256	-0.43200808367661064	-0.3505977508539185	0.5515508984738624	-0.3057538533353605	1.6674716745960585	0.019304765466909644	-1.4064805510046186	2.0235184956856314	0.058703504508599534	-0.2652150985514702	0.20633856648113066	-0.5071831826853591	0.04988903316967592
DTXSID0023587	2.18191065237087	-1.2304212552897016	-2.808224515817184	3.9998285840581547	5.9581968485179955	-0.5571822910047074	-0.4717523985013214	4.251761688701411	5.598039318507158	-1.525944040523286	-4.094542772952729	-1.2736304349396683	2.3208388859859075	-1.9095889374874613	1.1542297599885851	-1.1733643566550551	0.9106430171022789	-0.2541435832626781	2.9012722767629335	-0.03858161350992005	-0.7927666994445336	-0.8056514884758954	-1.3353354777921498	1.311473968021434	0.39267959733820024	-1.9289677732385335	0.027142606897867894	0.7191315520003151	0.011200257954292109	1.4689173470109795	1.4173800278352147	-0.41568838215426285	0.2758010065253652	0.10392394395130462	-0.5366784945285165	0.09794386721894438	0.17312078453088137	0.51507732998191	0.9154621566793852	1.3108816754448065	-1.927517917169759	0.34575436754655015	0.16124925880727178	1.3271335895052623	-1.8411998563730212	0.7814106971354371	-0.5566361957174369	1.1590495147570328	-0.6177474007563409	-0.1100643035576662	-0.010923101133699192	1.5589709214024896	0.04100910368821768	2.0348441538275694	1.2624900681374303	1.2760620674019563	2.090238874366047	0.8984702331308353	-2.0116501139734906	-0.7218297296536866	-1.0465432321956893	-3.2740009004662123	-0.801458773452025	3.7526149151074133	-0.4468695967514835	2.0986338027806677	1.783752801928882	1.1952424661428447	0.1434128776331195	2.2438426044729147	1.1688777412677167	-1.4931784809046542	2.088888343062377	-0.7009112781559476	0.3025688086854946	-0.08169646876248574	-2.423881432364394	2.323997050633137	-0.9951246445791707	0.15359443759510238	-0.5407321565500559	1.0983568230488567	0.5555366169953456	1.3994489775209742	0.0864395811069001	-0.4439077697835973	-1.0654564693307467	1.5560517732597328	0.7123522834552769	0.1524054559245029	0.7293035586807577	-0.08472804446129309	-1.6671496012453326	-0.01683026865305368	0.25762477325207955	-0.010317497008183883	-0.5677066944214068	-0.26860299273290145	1.2097207088449011	0.11806422419457685
DTXSID2046628	8.032666326976766	4.1938527524031635	-2.7000338006853495	-0.9292861264973239	-2.065690709657395	-1.485038977754915	-0.46799982360959935	-0.18694234110614383	-1.4441081327112786	0.1490312240102812	-3.456952584686753	-0.5579836196797084	-0.33145817768705704	3.6254838249030916	0.37074537794721274	-0.06785713093356101	2.329855501327536	2.030363138868657	0.4726020081602165	-0.44653622107484303	1.634335012776026	-1.1254082732066082	-2.078873093043884	2.5572144419728056	0.3873055184083916	0.5352907800269656	3.340685749785741	0.5561649391732109	0.05062886009933998	1.2935494664398246	-1.739458506401613	-2.5948953691032686	0.3769524408252863	0.5991160042052893	1.4543100103100346	-0.30960517645570074	1.7662377621180463	-1.9266011420394873	0.47434324111748855	-0.7293595353036076	0.47912773176646006	0.8185233278754781	0.5281059806327554	0.2657204176800025	-0.691143323131276	-0.8671951645776397	-1.0997960007176892	-0.2097942041153254	-0.191043652136938	-0.1935808616173102	0.37460176789156135	-0.48672008693577096	0.8531589102015003	0.46232963683118583	-0.4849649377801107	0.04981260918213867	0.6594403780406588	-0.34265716173587996	1.9036750306485912	0.08322595623978506	-2.15242636221683	0.15066924922254465	1.1746904018770181	-1.3941149926498992	-0.4025918977495898	1.3115840628149686	0.08864581514674563	-0.33099534238199435	-1.5023410412693161	1.1333112101822715	0.623945888442351	0.18057736344174757	-0.07931896228365745	-1.5247454652608752	0.7492015146405651	0.8030583216216854	-1.0414624599810371	0.5696647712735904	0.43891641021421074	-1.2416066975141222	1.1812457374218424	-0.18416342091862362	-0.15700983849672528	1.1807309535978079	-0.9163361637619204	-1.1410204742576382	-0.588476288998708	-0.08238232803395154	-0.4205022049437662	-0.36603281611706046	-0.9600765769837812	1.4469325462460656	0.0995976116514338	-1.0089447727411414	1.4762187377800522	-0.27030229285295204	-0.2245316464146111	-0.7515404111504334	0.14396282923977022	-0.16873512112229624
DTXSID3045693	0.3521193448913203	2.937953206976674	-1.8207034163554259	2.197476584751054	1.0296483501688	-1.4124458096256396	0.9852243471786388	-1.3136568059502016	-0.5701031108653534	-0.22643007552813502	3.3950597471566533	-1.5982422663308984	1.4446522326667943	0.5207821864130573	1.7233446985850176	-1.4751522927824505	1.004780939309825	1.091747043182719	-0.8331218456395203	0.17866996197781138	-1.0041051103887508	-0.7563046028529181	0.42027192882271697	0.5386740727999059	1.8758096773652169	-2.17898201881937	-0.5481835983174327	-0.15683077789243732	0.8842287104010726	0.11403050592203555	-0.5682993188106191	-0.970776127529891	-0.11018051994325063	-1.3601789819982057	0.8185651972511027	2.7599280278985074	-1.1072406029634676	0.5775168376856911	-2.0253167616285714	-0.3437008482431893	0.6051976096893654	-0.6240929298186321	2.153232375323846	0.07431836031247914	0.1048142905753978	-0.459179140506908	0.09165507596078407	0.9972440085388292	0.2995371812933316	0.2258106590483433	0.2759544599159273	0.45235583868157336	0.7213076266499484	-0.1600046214992367	-0.5152604455621073	0.12221255945608431	-0.9341293404790494	0.2552589415202461	1.3506215268113648	-0.2087781714205832	-0.03614062599525531	0.02311860096075781	0.25868281970303586	-0.8737739733471274	0.23368265903877034	0.47832551134766715	0.5595191352028166	0.68101977704321	0.35956726992085736	0.6646659153594431	-0.898649301825289	0.9390288479581032	-0.2013244461874026	0.3387135786531095	0.20743380796140742	-0.04603505759345771	-0.4344224805116487	-0.6969093600791331	-0.11137214422461175	0.021672444072110168	-0.20566377578209727	0.6744405222638747	-0.05243098587633003	-0.22029266586087123	0.3416302188055186	-0.4914566557206436	0.0011791949314621981	-0.3659401138089864	0.0677427305884131	0.6875804485304068	0.3707845226621815	0.14623067826147898	-0.2497224444176177	1.1359108021381952	-0.15913514484703467	0.7049338722648815	0.6999792745074882	0.3821467358848054	0.4708838236641424	-0.37287340499524446
DTXSID8026018	14.057377643410012	4.005658036991116	-6.417661661097439	5.2490258350934065	-4.973082246924159	0.6687830680132189	-9.131534562931918	-7.793751875449394	-5.9927439020033315	-4.779765793845164	-12.847252007257257	-0.40248589866772616	13.17331670466823	3.508339302895496	-0.7649505115286451	-0.009624744955857885	-5.517470749037521	-0.18851243615607993	-1.8148908817487128	3.988305335533448	1.1788253605231873	1.4669824348514093	-0.4605111296619734	-0.2773850343234127	1.2480971260203533	0.2982153412879807	4.359029601886884	-0.12210327544038516	-0.8986214042227587	1.8432425408174211	0.33355465107930515	-1.8034064764033129	2.243028797359678	2.472114075704174	0.09964191183263517	-2.1028673735659393	-0.18625386740262642	-0.6009512929405322	0.6486280099417719	-1.538566901482779	0.3434666098301351	0.4009840146144711	0.18504610511440903	-1.1651948147659539	-0.19414897614659582	0.12569665230303015	0.20852879889670822	0.27935218327827477	-0.935319227700426	0.05397706305194629	0.3387800357849456	0.05026638248549292	0.35427689234676135	0.9985562127549321	1.4131801113027171	0.664111230053813	1.9274896063982332	0.18503282482129674	0.6458365607893821	0.11621397990541431	-0.6897047739469996	0.6171915747331983	-0.6950548717802001	-1.6199638547081556	0.5110835176116519	1.3957535037664153	0.1687074193500105	0.42123567562338277	-0.1476401551716533	0.7427174581627092	-0.24779444289070315	-2.4465646456713337	1.042281892228702	-1.4120942009674806	0.1477566276646558	0.7697330276206439	-0.865072281036077	0.9975761940106648	-0.904039026501026	0.5665430252282341	3.4153244693757534	-0.8193725773322306	0.1936143145867863	0.2902751006374083	-0.1608384353017064	0.6806834162238168	2.834949281417481	1.1903896909857892	0.3361120789795243	-1.6180950522889312	-2.1482081657261176	-1.3699627850349936	0.3072819681323724	-1.2934846635100778	-0.246999976446697	0.6162360684905166	-2.575272379922374	-0.6329569156477627	0.43173179079112417	-0.32142723709503146
DTXSID9044374	-4.312850236665564	0.2124286174195673	1.6514928919564966	1.3035542292731492	0.974833876680668	0.4678507314612316	-1.6803981213016645	-0.8506779808813028	0.6638894496364512	-0.8806328077085315	0.48909878638872284	-0.4160090759516156	-0.8809069015929513	0.14011513492037755	-1.262640206559863	1.2292296618757863	-0.5192119409752748	0.12268004782062826	-1.6732682410675748	0.8367679121863395	0.045425516898535724	-0.43726226357936304	0.6518954342744259	-0.417856098025175	0.6305854952977642	0.4701949911427539	0.6882928864103456	-1.1670056543467564	-0.2874201398589522	0.5943744972319528	-0.2663115676805023	0.49429356839616245	0.12749912537684516	0.5006908170030518	1.2189107814250995	0.7203774371622	0.2484201005963842	0.543020772432098	-0.15698056339145589	0.13819157741634203	-0.09310099618453277	-0.3710856278292138	-0.15004608987866455	-1.2085574788970674	-0.34760994827521224	0.21996771468531567	0.0046309089751497366	0.2471614245801761	-0.3514383454377778	0.05788228563902994	0.011870396004680815	0.31551343933687404	0.03150215472333476	-0.17998653888035873	0.36406843995352334	-0.015949227885883554	0.2704288179990714	0.04421184685660936	0.04562673484640166	-0.4731361582078229	0.3254635229887988	-0.26915174952101373	-0.13869058013632127	-0.22030901466118452	0.2882113902040187	0.7245878732971239	0.4020766292431534	0.3823998230177094	0.2347032625217648	0.03529667988233299	-0.08918503385607517	-0.3554822494676129	0.19405448855898852	0.2827226365382324	0.2703540646615667	-0.15870242448689165	-0.06750256724088685	-0.23966624523432242	-0.03767124408257366	-0.08384055434354984	0.14769637416620376	0.6758925808571904	-0.4193291730973613	-0.14985215660857337	0.34301672734684246	-0.08769780262834156	0.01968059548761655	-0.44985191427348725	0.1754221204158677	0.10714485750867896	-0.6072369787577914	-0.14550678283611504	0.002999305443796034	-0.19153228198364491	0.16416506807330142	-0.33679068242934757	-0.20961821843405823	-0.24978735772506308	0.09246066115711846	-0.17989143954811745
DTXSID7028011	17.998916509891643	6.933688943215861	4.375727719745173	-3.774975763286741	-2.1752250118429464	-4.179674536649238	-3.9265770107595706	-2.743806798198293	-3.449461506459704	-1.4897265480221964	-8.248722410087892	0.48050329355217986	7.624936462098573	2.135946381951562	0.6654119910974609	-0.13155511350221163	-2.920696328736174	-0.28596053878706373	-0.8261738180250566	-1.8603708448054073	-0.023044531585283433	1.1260303417104602	2.7157609717835802	-4.321649548228542	4.369092845450127	1.330048418692889	-3.3979428589861125	-2.0282805877173296	-2.602090828211697	0.22681475541333632	-2.326864032616751	0.6992425600581121	0.21731738102043713	1.3781742840519484	-0.32216972654124254	0.22130919047900324	-0.6723535727912033	-0.7025119846445343	-1.0496071155286888	-1.2654286202031355	-0.3080918584649516	-0.08008116652136335	1.05978449623641	-0.7985206201961936	-1.6664450678581673	1.5411523431244183	-0.8844553055625892	0.5015531721757784	-0.10379607225038232	1.0867523158856376	-0.3803461524070017	-0.2738763242326005	1.1437839856343437	-0.1326660441044618	0.6889342911117089	0.8780047831433694	-0.21289939414659836	0.1865012669431275	-1.5138822250387027	-0.5451246580633733	-0.39434959645314493	2.276552481073768	1.3425131495736968	0.7233497513865631	-0.048335318269614104	-2.076234378974667	-0.6630337194891394	-0.36120437122426685	0.3954048954218916	2.6203631348188883	-1.4994631447812454	-1.563537601527082	-0.8818393178516355	0.20735066188957757	-2.126734348704634	-0.810665260969708	0.6737163342250483	0.4348225460371361	-0.04126851994614955	0.4017740383060934	0.7300189238065775	-1.312009049742077	1.696974466115518	0.22511950619707544	0.5596204683065342	-1.0482624667484195	-1.961757041282954	0.05271598460184746	0.17613061544148492	0.8450132850340764	-0.3162783471445387	2.2345317991797002	1.5880657624648178	0.058956583268955	-2.0858572530818975	-0.9039459142270603	2.0930644037299078	-0.6010945938270053	-1.1347467156387592	1.882296480045176
DTXSID1039719	-2.987559564008398	-3.3514206279693033	-3.1748683856464566	-2.0684022150835184	-0.477250445012195	0.07258921116438306	-2.0526696288536836	-0.029490527231741545	-2.31105006623766	0.9294720751483618	-0.07679241999378582	0.5509144679962676	-1.431090740044393	-1.8689596993098636	-0.09241826524018298	1.8012805684651327	-1.2923404477523905	-1.2416719698897345	-0.02733444472408688	0.5106325148593768	-1.523962017534111	0.39932041272359253	-2.0425643357483283	0.8954732581717124	0.4464081580934633	-0.623458399729625	-1.1757078074498633	0.21585150200175188	0.24579490342009172	-0.3596368255560247	-0.2960415811887649	0.6790243868244841	-0.02112664224185078	-0.14422327124407508	0.3727208194949437	0.6405445624474299	-0.3004455682709629	-0.46925770403888895	-0.056416175970141716	-0.08673962186026708	-0.1822712355258436	-0.5276056066411523	-0.07416895475854708	-0.321758887393023	0.9090696895773231	0.07710702012579085	-0.13636940387699795	0.06333769682884127	-0.10641935828058947	-0.10522427548504198	0.04497822352140634	-0.1201212274030638	0.11004950265136018	-0.06761663301380938	-0.2289970140678497	0.21886211537124303	-0.4520615161658072	-0.016235763124923544	0.665789033665445	0.07628249887422445	-0.5341021301279262	-0.166797888216385	0.08606088395224466	0.8823254800701059	-0.1200963016860634	-0.2444660931274951	-0.06449676111377485	0.32486230959048823	0.3534727635894532	-0.20733836085937177	0.18667813650770756	0.3104796622422828	0.35744683662093946	0.3597039487051929	-0.24399017825974012	-0.6148087191146845	-0.0789938976887545	-0.5687973560803659	0.10562853313266712	0.8459750330079031	0.7494134165315042	0.928754599874231	-0.8578381491497341	-1.0967904720848347	-0.34797225482106453	-0.11499081678303341	-0.9560636553601676	-0.2942866901861636	-0.2763772930156412	0.5756395457536789	-0.46668458752902653	-0.4410649633706591	-0.05814192053011776	-0.11928284039876239	-0.7894770128918522	-0.804330591678475	-1.0887739342399756	-0.14668470097113795	0.11804355101157757	-0.7387700157674073
DTXSID0021547	-6.732138406083427	-3.4445221071341963	0.633744916859053	0.004572690858492551	1.1641049008530302	1.835159641850402	-0.7780513430204613	0.7542939619588314	-0.9241643904715124	-0.7213271169376163	-0.4227336383610912	-0.15971902675620173	-0.5881111185531861	0.4730771814922583	-0.8727094672706149	0.428907306996535	-0.6299890062163291	-0.4014500171102059	-1.2115328656725493	0.6689652264376164	0.22017090116186275	-0.3557917147338574	1.3748245198787863	-0.28963923885554677	-0.2921547733614082	1.1681515217448848	1.0627810848554078	0.22931746278370777	-0.27098542243885587	0.39580619591474137	0.28646832353956253	0.7855237791846018	0.8431725363134254	0.08303780442630088	1.078768715491355	0.5446188008989639	0.3706963055443476	0.09691213889305757	-0.16271487345609875	0.04286512968674971	0.28506462368330654	-0.2434523046196885	-0.2797676176560526	-0.9658353489610184	-0.3388649847922867	0.05269719719358434	0.06674917465823409	0.19178362962599058	-0.19186699314212147	-0.11688100776540145	0.029167410055082582	0.29985062219800157	0.15790400478025968	0.09282095128876455	0.19746492430851043	0.003335723263802278	0.8304148518013749	0.35399127575828926	-0.09034448746187723	-0.2693359801401894	0.18805323789902256	-0.2977922424718767	-0.17337976561287383	-0.30667350803414206	-0.2003699819927951	0.7705555883244504	0.7174762395680917	-0.23934699241744609	0.12859825698684255	0.0980743848668989	-0.35618883496808657	0.1542045584083563	-0.2870047268750513	-0.5613152689334017	-0.6645271345045914	0.19119258652281781	-0.6753977459028787	0.1677712070237609	0.44727915458753226	-1.3364486822355972	-0.645504745077471	0.37591102652784997	-0.5388581052805321	0.43282635044990386	0.43244780414804807	-0.4730351076159743	-0.24823532233697304	-0.671561475933893	-0.2840529834127777	0.07165463930415364	-0.5207977602079363	-0.3526774295978554	-0.5376910802653798	-0.09822623760978111	0.013066521428619146	-0.5456243256557226	0.10554946941937954	-0.3142484492576626	-0.11155039814889232	-0.006337021845516942
DTXSID5025609	-7.426455533842484	-3.739519909746483	-0.36964538915453815	0.20924316498651416	0.883436069324968	-0.24754599725346665	-0.9399038537594726	-0.07780344407548026	-0.23102195425495367	-1.116192689985057	-0.7622424913644896	0.5738093239449813	-0.7280439034903916	1.0778480904161665	0.015152664269946384	-0.3569512734669573	0.1017199087026398	-0.12049492315546324	0.49029185657130825	-0.45602113074298783	0.6876939333848388	-0.3207188005170773	-0.13553311359191167	0.37861601327415045	0.0534937836368772	-0.3460212840273213	0.2968156480848028	0.9448621098623919	-0.24902879329603983	0.5217332525842034	1.0867671645576056	0.25824001901205756	1.2734726281100663	0.20895380211833	0.38395838387040265	-0.2906235037791078	-0.26986148720413344	-0.6028163967177816	0.5288204299556353	0.4321467718275009	-0.8084784861029303	0.337623536680809	-0.3909886512311067	0.4957810973843075	-0.5939520023943833	-0.23869161753322027	0.030382713785119506	-0.8402662725628209	-0.21116969054500173	-0.4615979504007408	0.17040279485479265	-0.1715071138046013	-0.3478719788270092	0.0790978058990634	0.42403952088586516	-0.6944475804754362	-0.009141214822435543	0.2631902340595107	0.13121390506237882	-0.39687632400066786	0.611840010114785	0.5409070415910406	-0.20198997738998445	-0.564929150197871	0.09470733309266947	0.3281054073876963	0.39224458626487596	-0.43360164804030404	0.7171074122889834	-0.31468669138637695	-0.22144771482170425	0.02905848578352711	0.0673152351333741	-0.38015264953863886	-0.30944934339355135	-0.7042003055053934	-0.14953617276518538	0.3163024941889132	-0.27756797029811403	0.05722282751729524	-0.29870096748364944	-0.2579671221636077	-0.04915520706951939	-0.12647361479306263	0.1543746249385246	-0.6924439652780499	-0.014643530009679039	-0.008159539184411587	-0.5465872795259875	0.9665104305690282	-0.6825631689939542	0.28718793451475605	0.08015868358145138	-0.7142056150061891	-0.09836081013153718	0.24243480398315687	0.020899058304918457	0.045927486657245234	-0.4172333975635508	-0.2112897066550356
DTXSID2044840	-3.867274567032984	-3.3809131439184434	-1.5161227854101056	-2.7587494562277373	0.3328113660143833	0.5306330562906612	-0.7658655874894295	-1.795420640079038	-1.0161674190178138	0.04043752445166823	-1.8047561499371525	-1.3584867254761617	-2.625652072421843	-1.4658816998274595	0.988670744409265	0.1032465771897409	0.809028286073185	-0.39849909808299816	0.31908938466727604	-0.5427008964426608	0.5118789891170172	-0.7479177409240629	0.6600761126969766	-0.06391637508848523	-0.5901814085727031	-0.3398275166029543	0.29532191824563586	-0.19349980777386727	0.2632644094551325	0.11596633273776595	0.5163792381759106	-0.06661404052918915	0.4032248560223713	-0.44177581107900227	-0.1915991708183174	0.05509458936945998	0.18483662886460478	0.19049401321706502	-0.08501107818700498	0.38469562764065024	-0.304748366299518	-0.34985223408208	0.09753359314296926	0.1625713075796989	-0.3328146470069687	0.05000161343281204	-0.16482238723463874	-0.11999939217966318	0.18410730682282964	0.3742662763223235	0.12420609297319467	-0.0543259364632786	0.25024418111621555	0.028751031250977388	0.13545655472894289	0.4875069105995369	0.42826490262712247	-0.0756217775063905	0.12177840136278309	0.2982219298163495	0.1538800610168472	0.06467998547220773	0.590648579340824	0.18535387154810753	-0.09555804166008136	-0.5016268358497424	0.029657734654293784	-0.4246594985289579	0.24754383621562168	0.523886729290331	0.06847276688686964	-0.27574446787654217	-0.26323292572861645	-0.35156344420285673	0.14070928912392455	0.09370893143240584	0.16665811149072562	0.03712909139984743	0.03792481660112124	-0.38082799457841665	0.18579282137897316	-0.08165661752506484	-0.28403978512209943	0.033329459808145535	0.9186626658906277	-0.07386362344669052	-0.5777352558119578	-0.29503043057113953	-0.21364719017666414	0.14238843842865126	-0.918551285949362	0.0437950058719054	-0.13435004683740412	-0.04783066290781375	0.5881516455533043	-0.3420830990786948	-0.6342301602806546	-0.1448166604752144	-0.3188153269704339	-0.36358648909513924
DTXSID3046792	4.6957578074593185	6.6800840690575205	0.85387643197553	-1.476779510371304	-1.4708220174148012	1.6331336007074384	0.30319210661626445	-1.20002725473981	2.8518920812339297	0.20887279089982502	1.571042722897142	-0.5093325685264442	0.19790479742324169	-0.49298236052219274	0.07999063290040091	1.0648597653546563	0.06442387503273193	-0.1975279744806916	0.40306227615784457	-1.658531321694671	0.012886416463773157	-0.5275572633242009	1.7974270021714762	0.24608917101327016	-0.41750227520969246	0.4372921214288583	0.030830415046956723	0.8072204919262318	0.12481047979075348	-0.5554908526085509	-0.7886127724993467	0.5449398109504452	0.6810400589712483	-0.07370742509442396	0.13602737724952263	0.28172213081432285	0.4836953905193633	0.5376873003613194	0.2441652809006103	-0.08248281444499234	0.12002270721197787	0.46159585833546724	-0.25186209208901394	0.511299667870479	-1.1882368755919634	0.7015267921381761	0.14176700464177341	-0.25007639756709454	0.06383020551130061	0.25557651515834867	0.14857361372106673	0.4782328088067354	0.24681441268584756	0.1655876317531631	0.1533280329106927	-0.17175080244734975	0.45587061493136344	0.4144614665944683	-0.8555410642889356	-0.6538145590663381	0.5115734617527465	0.8289563397324639	-0.35224698106106056	-0.6837972448567123	-0.24182255732375008	-0.5194872203466825	0.5437303453710968	0.5356445282545748	0.1053431926103816	0.4569913054243222	-0.24958260293296838	-0.08732586888489645	-0.6448579514968428	-0.20024560037699785	-0.4534252598072022	0.4308142224196018	0.15637989570617938	0.3477059862736573	0.6834184419987663	-1.0381990913026091	-0.11181980045933904	-0.0058344855623716375	-0.5762541417839323	0.12000826271019861	-0.14564301102483806	-0.43554412919179786	0.24473620281726238	0.8579064144215421	0.08954505463420863	0.13308988706240107	0.025025239502845457	-0.6993343433550728	-0.28348412239707804	-0.8031416125834568	0.3029988171161629	-0.7450088792840324	0.19936849864146353	-0.7138596542216987	-0.4574388702568569	-0.23343556449901304
DTXSID5044362	-3.8385756322473097	-3.9976657220558813	0.3389448603447054	0.1335229194779988	1.9139910029722413	-0.535741855725789	-2.325320430544382	0.6616919293609196	0.25082966046374877	-3.2382550004435666	-0.5989093987007889	-0.021742961963950008	-2.1425348678241707	1.2013562957339603	-1.8168011012565695	-0.7776685897427192	-0.6073982378950472	-2.9446644969338065	1.858144754472404	1.010991647021641	0.9256696456505362	1.6170982446477131	0.46091714216018653	-2.2303427027795295	1.9904588324160164	-1.3730033816537683	-2.984177138756155	1.470044864014125	-0.11982886906686044	-0.9948833126846259	-2.0327703511539212	-0.2916743426232728	0.7706696765639584	-2.393858435190092	-0.24322733698010054	-1.4773193034838268	-1.2681691668459043	0.15352558102273664	0.8782751955976172	-0.1468017908269387	0.7698345536828053	-0.35849238698740443	-0.8755707204284061	-0.7150818683765904	0.9963802972331318	1.6301685149887766	0.9937251068466127	-0.14469051455902388	-0.43489163686615473	-0.2785595993504013	-0.12594155113335742	-0.34321109992041104	0.3059344024766907	0.25401173812321615	-0.025365020022696326	-0.8817902480893582	0.37042512048767096	-1.2669137927775513	-0.21558482316038907	1.4242223854937262	-0.10773824023566285	-0.780917057315314	-0.46774625064404035	-0.28917408552757956	-0.5024869452394604	1.9815391294219344	-0.9155545762768343	0.08134375689982322	-1.9944752179961869	0.2685401363002317	-0.9587739314608144	0.21859448705390463	-0.589482603699282	0.3093148200902443	2.352858234623485	1.3156644719193131	0.3513947532179642	0.5224530582289914	-0.057187950989482386	-0.056498110675864084	0.6113172908821051	-0.5494968962113327	-0.13023342083506964	0.2521413684659095	0.33359500977344203	-0.7401068687384568	-0.7561391067806901	1.0817090608907398	-0.5182277583553361	0.4376533484760341	0.4922433562567495	0.6289443419392171	0.4619536999979346	-0.5030541061109066	0.015093797870688064	-0.42055997721974114	1.1622345205044442	0.045434449740034744	-0.6205527861193473	0.28323410960436884
DTXSID5047164	-3.113905048315201	-3.633924388712949	2.059331371428111	0.7293783546086118	0.5533231948661063	-0.5101322647838461	-0.18684145195268953	0.07048844749006027	0.4238519962829823	-2.162995434441224	-0.8590214251867254	0.04094017423580982	-0.8162508520195109	0.9250617036286101	0.00019760871310044425	-1.4145591060244171	0.9601100448862125	-1.4431157873680749	1.461182133651028	-0.4777861833463987	0.4517095187212002	0.4728725393590778	2.3046599669975665	-0.692635454065719	0.9969804290083681	-0.11326165898924276	-0.8570714631697829	0.291556740631252	0.012843843596018327	-0.6532030129267087	-0.9926757986420623	-0.3232266756554432	0.4024717202466744	-1.5799692461332768	-0.42336976497069445	-0.9507731070939679	-0.4005678928673567	0.5620779550761079	0.2349775437482783	-0.1271064378824411	0.6423883103602357	0.1471424446967951	-0.5928084095463896	-0.5580581698934071	0.4490298011890075	0.7400410151761513	0.6030778967059416	-0.1315070210606439	-0.20601477869172835	-0.17116658983949543	0.053876137690445976	0.03325787117768365	0.3406711419235718	0.04319432304917573	-0.11216751017376697	-0.8979628924385353	0.7109226050381713	-0.5444846920728866	0.007109933303315772	0.8717041316666645	0.33603187278138624	-0.391395981604127	-0.6408102563033581	-1.0329737050306675	-0.32062037126869297	1.2618582252052137	-0.36631642925122304	-0.132957152019691	-0.8428140073666813	0.32348591250716946	-0.153971187635064	-0.08863388428719018	0.061352124182013766	-0.23652216565856793	0.6914644783985461	0.43178379092030905	0.27121388631539	-0.0774538250569822	0.06171726993805989	-0.1779671680581188	-0.6577630805477921	-0.4647533038802256	-0.2753272993228559	-0.026834158140935704	-0.1358575505147779	-0.31311554247443074	0.222975540500453	1.0603201162431495	0.015676349085652647	-0.16321289839770317	0.07609517166816185	-0.05416568833107307	-0.050508420870027	0.020808669250650832	-0.2352470918652386	0.00328259496282199	0.7583248850091366	-0.13582165334679486	0.06584334368082558	0.31291049821111777
DTXSID3029235	-2.08557708018201	-0.5251477597580579	5.46271292531653	-4.183719767322713	-1.3822773069523047	-2.731055459556503	0.6278264556480911	-0.9717421979149508	1.1419318143759671	0.6734233717123533	0.5638897084477383	0.47327218058777865	1.7006365110755037	-2.171213242633606	-2.480216622385781	-0.7561006272678747	0.07889800044450415	-0.9678527675076298	-0.03161488678923751	0.6841338940896207	-0.36576911766660597	0.45081882979473925	0.20539496192261408	0.05100025239429846	-0.8330823454458751	0.42860141833501175	1.11315737605538	0.49843026126105255	0.4638658815858942	0.7629458394576158	0.8024863552557546	-0.8247658987653427	0.1689419614265839	-0.23567965256074777	-0.024094024874774196	0.4443867082014956	-0.29252773356900613	-0.32566080273621856	-0.28630533832489763	0.423712831836709	0.28150275231974003	-0.08911006043802498	-0.10563653941843296	0.10125038057620366	0.13227420197860082	-0.22499497279273614	0.33078319064827255	-0.5146997787384622	0.013613496603233974	-0.45678863433826755	0.0477849804458974	-0.3819144682292876	-0.02531050152892105	0.24434604596457998	-0.15310154068378073	0.24396515296690874	-0.09719977316292214	0.11966572442594339	0.22072720228629725	-0.23634323844161076	0.16414349077119192	-0.2168989705973182	-0.1763447131204012	0.527432777199626	-0.061678836511823404	0.7924967127448175	-0.2530986623809353	0.09542586478451534	0.08527321605589885	-0.024456676713712686	0.4754122769543358	-0.05950596540870373	0.21000804181084717	-0.08337847430302256	0.4327824739067104	0.08742635473798606	0.11069387466420844	0.2267722186983403	0.48926882271158145	-0.5712119437119209	0.7060012189787623	0.23108553149807523	-0.10626124200031384	0.06181128787402911	0.1368611345984191	-0.2178144870526055	0.0301716286077311	-0.4817245902641118	-0.19486182049399764	0.24775384186614227	-0.04078001274793144	-0.31327012462731885	-0.5215467000852408	-0.21433514383630645	0.09195830167477302	0.0702981578768611	-0.11693989517268263	0.2591568279597967	0.25552197259448434	-0.13624498237029406
DTXSID3024786	7.951880849211102	-2.143496902795319	-5.1112322717823915	1.8376540967073984	-0.8444838369986565	-0.42733246261665486	-6.718633793413326	-5.40910079663764	-4.788828852844738	-1.916303528917236	-3.8253685145214376	-1.5203080470092272	9.947403086961167	0.03586500882472057	0.42792990862418767	-1.364601841262795	-2.576312974904515	-0.07711948335078413	-1.9550443299842657	0.2268993951894681	0.955313000591348	1.2841760725806468	0.8930269530921472	-1.3149460990936261	0.39277994037994585	0.7036934680386739	-0.4267210902608556	1.6497911025879606	-0.8534344835807948	-0.5448652021593722	-1.3811349614460808	0.217026995934488	-0.33119780678025607	0.15371079019479178	-0.8024573589948311	-2.080713508509101	-0.9523824494859503	0.6100173564129463	0.5278077877908096	-0.5748764520789175	-0.5507312873184196	0.4098167382995564	-0.18540256241147196	0.7980785332154964	0.3068376031355532	-0.049459090461755055	0.894269443247268	-0.5068977668513339	-0.1058218842448926	0.3217441424385503	0.26962760649930073	-0.0914829912707957	0.7298898738092232	0.17082197811598643	0.18128387635121948	-0.5512313334898464	0.9493558931663223	-0.733941750639997	-0.31763976526896	-0.08463998101724993	0.13997419296252844	-0.441267703177958	-0.19525678134872937	0.7658193301591057	0.48250157482013584	-0.7133036657501362	0.6389450087620586	-0.13185486390999457	0.31631340694832943	-0.11472422098876715	-0.7177365152764001	-0.7608214128424847	1.148265242025024	-0.7470392608013742	-1.5697271989335284	0.028240920683571605	-0.5357187639369442	-0.4772733390008321	-0.14836159479718014	0.23323171782864388	1.221095202679974	-0.19235276886176494	0.8384541485183893	-0.6939102605055664	-0.08992728684522831	0.11218484237928142	1.031109559033583	-0.7800269609947172	-0.43501986564327316	0.4214342020803317	-0.7204856842691815	0.19192464254373107	-0.3404113551750087	-0.07306759672425021	0.7340107441666628	0.624677823880332	-1.3703674779871895	-0.4786951228352326	-1.8060689268935328	0.5106612099703202
DTXSID9029279	1.5775012421884467	-1.6535290493349422	-4.873185713792465	-2.6981074862266174	2.7627797090779627	-0.08582667473855174	-4.245388882770052	-1.8530668548430729	-3.656083268779289	-1.1424451461706724	4.184510048568349	-3.552000252664066	-0.0815406688688193	-2.3414125903800342	2.7659789728929325	-2.48408434774009	2.359794617518787	0.13818177378464644	0.2544457447932593	0.4799247821492426	1.1823174750116607	-0.30493988208017	-1.5848969253629333	0.5996886690931419	-0.4147723716746739	-0.7235347582928487	-0.4410834253511596	0.6338063357182109	0.8505904779336231	-0.24275580243034356	0.06531171014841078	0.05576809487970797	-0.3015825400615318	-2.1755790402775874	-0.3605384364191361	2.517783259381393	-0.77673268004892	0.529804342121608	-1.7474085452001777	-0.41879197344754304	0.8432447787342175	-1.040666819487172	3.065614895311304	-1.052217063795334	-0.33052392296518956	-0.10509730563250191	-1.7294438126999192	2.247347827619649	-0.049125079808667475	-0.03358213987710929	0.24435869108443964	1.3674238221782031	0.42042301269902344	1.014470742036056	0.5573774364671263	1.146506196022296	-0.8354734264880784	2.1077285967899497	1.5222940023307914	0.2576221498955171	1.1407730188227232	2.2033651781029153	-0.9204821886321018	-0.16526697874067123	0.6684217656923271	0.06014217866370191	0.966693551622972	-0.8764349190929707	-0.4978894717685244	0.4884048169051656	-0.18096392130532665	-0.7647890834879314	-0.03268960911774754	-0.37797010579841345	0.7433522789169122	0.13560890383240756	-0.7250477091252524	-0.4425989959326573	0.090450378743811	0.3536818883502298	0.14541572691892116	-0.4056164640757931	0.7465034309929558	-0.13527392652042836	0.7718991172221805	-0.4241578876928609	-0.7101244247344883	0.5958618558290854	0.11451068753900726	0.6750919650977304	-0.06759953321045124	0.3296885111754805	-0.6011235871931287	0.030756148569857034	0.5637835915269271	0.10824132310088	0.15555355487158382	0.30551325178852295	0.024337424572783678	0.10387960909274586
DTXSID1027265	-4.031395202185102	-3.5867830570494736	0.5877650415962872	-1.6361825322599126	-2.085032207022887	-1.3812348578416564	-1.096302707958659	-0.26044753943083027	0.5214328624671025	1.2623349909552	0.45621132222070027	-0.08438371869611541	0.6201338266445826	-0.7312595300228646	-0.7092377716189634	1.0950556950396158	-1.178036269889421	0.5122170923894832	-0.5280269623013315	-0.07615281981538095	-0.4034725103347328	0.25892198139222666	-1.3219554452874525	-0.649256398883291	-0.1284014680230591	0.30498241288655636	0.08288138569281824	0.324193403950595	0.6513899820918154	-0.5285700989896238	0.383924805171161	-0.45283096510236964	-0.6510003654945963	-0.8006332667490885	0.6180145761964595	0.4214726447303994	-0.02851107302604203	0.4187398586274711	0.5630600732066537	0.26014206026870834	0.29569335514528816	-0.22984269948089128	0.32638464762834624	0.269072243865809	0.4339131714147337	0.38002090746410516	-0.034425250615488574	0.25279784372576675	0.29769928327100353	0.14498263932233585	0.0363126954266889	0.09778705487898277	0.11503078932590013	0.0029010358487161223	0.11753926246798554	-0.6073910940280214	-0.08404085681034265	-0.26056290316020936	0.2751359481498891	0.4022737165362803	-0.5602249952561841	-0.34362037120861727	-0.23937474568593642	0.3363332416730034	-0.3832247419800809	0.306587507900202	0.8151523483492082	0.3433200028889294	-0.36885423370474485	-0.33968566908688297	0.8232741512232851	-0.003047571674680378	-0.08657859896304645	0.0028029277197250168	0.20996422921922325	0.009351391149085855	0.4132494707675745	-0.7750972998072884	0.11272160649919748	0.6534713709794739	-0.5369498100954848	-0.02961692137670901	0.35253974307386404	-0.5004690340008402	-0.4194405264601862	0.22242354265302255	1.0621480225604754	0.4827479281588835	-0.0974889469894933	-0.4097306839968906	0.26545419024311157	0.15044397579523203	0.23978429031509763	0.22624735271722815	-0.3806320514063999	0.13443648095666386	-0.07509710400617765	-0.09720457088981518	0.053202204679422015	0.37629243595854467
DTXSID3042631	1.604882180355251	4.638278852785384	1.6090116661412739	0.6591124013705142	-2.528225513874561	2.3080028812059714	0.39021022884387213	3.24273659638145	-0.3124821232634437	0.7428939941326264	0.9301988303899007	-0.04868396692728354	0.4382527522695513	-0.7284427306977403	-0.16486131706628115	0.04922796475927448	-0.08633296257861496	-0.1952084695030051	0.07166064117219283	-1.0519701655491338	0.6918130771140112	-0.5288259629460775	0.7288848123669724	0.6927762850352163	-0.8933415920784799	-0.017767124261376648	0.41944667624440407	-0.13178880321531086	0.37610706746883366	-0.5639765144010743	-0.37216801924408593	0.01625441725279607	0.06476348113729902	-0.5284169205414775	-0.05392128238309356	0.39605202191192	-0.5649410602992918	0.23974782750424958	0.08214252769686889	-0.1465431951328921	0.058743087174803255	0.5508890287949807	-0.08775825029318526	0.34880542726247776	-0.5362736615082333	0.4058228926438899	-0.015977792678168665	-0.24438892296632683	-0.20663985282921998	0.0750886400940189	-0.0038873241399947573	0.3116727642571513	0.17799972758060162	0.08822001443596576	-0.1575618075650298	-0.3826179405745585	0.36698230639669005	0.1281462565404029	-0.7421417297514729	-0.04828816475647753	0.21234795361543618	0.14255751350748805	-0.41813811036759874	-0.025712347591120042	0.06246796310077765	-0.36528162014610915	0.2802533806321892	0.27375326519118065	0.4580178376446771	-0.4420414637744895	-0.2907520820272973	-0.2611765672218641	-0.22267078368233587	0.2084674745806806	-0.21940534273976842	1.4668753883327346	0.990338995943503	1.159156918602505	0.23828202392755438	-0.3324066224302227	0.37483655848920633	-0.1515467944707884	-0.015693203904875625	0.7017341752677126	-0.2654418175100093	-0.2537342756124556	-0.15284651376004052	0.36856668123695224	-0.08310513399300132	0.012313372307930254	0.6337594899984681	0.6139675711376033	-0.4373318321305528	-0.8882730407091207	0.8989056745435491	0.1086154783600474	-0.3204313016846679	-0.27443282520317935	0.12942983228377294	-0.09726101615289708
DTXSID3045809	6.388458980985215	2.052253027841439	0.2505071919208555	4.504941914442482	2.630497647001811	-3.726419927941894	6.531554049217055	3.4757281693743445	4.201028229170014	-0.4808221212052771	-0.8006598540199669	-1.9485640142776386	1.6978395807954803	-1.499590329189903	5.1311817896699115	1.3520082587978095	-5.454373501067881	1.1288325676816036	2.186404483562662	0.9459439208598255	4.183386463362247	-1.184704846804401	2.243301565801793	1.7794165913451567	-2.2015502297671365	0.284761043486829	-2.4605866415364748	-0.5076293329963392	-1.8498261826088402	-0.6559205447329188	-0.1766465940788894	-0.8799365176668668	-0.7393014012018183	0.0773918187804972	-0.9584116720445195	-1.11123042947892	-0.08073475128827425	-0.13007428074630295	-0.6018036824283086	-0.2743734984316519	1.240358696848911	-0.6458372742651876	0.11153529946872594	-0.1037895082005658	0.11298990826661279	0.14892171524941686	1.0743917558013862	1.5992416303293568	0.5851356982934603	0.03621355914691925	-0.03957154646794711	0.8852313293932125	0.22047668638101595	0.27334575528369054	2.187225177829661	-2.6598240491165526	0.5124712335792613	0.5686035852603694	0.3836273867238209	-0.15052602720735234	0.1153370594133448	-1.2730578597456326	-2.9111712149186184	-0.10973900563882012	-0.47375143534960024	-1.3071606828268956	1.3395299021450604	0.7173311277903636	-0.4238804502720616	-0.050956213314469	2.8842270550607316	0.24201146571008364	-0.08078165008652728	-2.3067978272125487	0.607019221292495	0.054903838761627605	-0.5610140887721622	-2.424912526218258	1.2005388992574846	-0.6041570037748518	2.457787104026275	0.7868055935775562	0.6520558908550772	1.2325344159176888	0.18960280090618467	1.3848882004382936	-2.288994002448164	-0.395451829944843	0.6875780503562262	0.5695567629615141	0.6647416756346461	0.42940017260020286	0.8937721072061264	-0.6801612558752004	-0.9300742576502242	0.7403787773335283	0.02896770905112165	0.3609696141190379	-0.8697670581231197	1.056862827628965
DTXSID8044202	-2.2734686536558604	-2.118765143892444	3.1078597991627652	-2.7932271318299633	0.3825227088893924	-2.3300651463115964	-0.3624494564537189	-0.17447550931626202	0.11784718920228784	-0.7391983367849562	-0.2089596207233039	0.5482946844091219	0.3008913456651535	0.09793546210296995	-1.551603449505313	-0.6771258278919298	-0.06348264117637938	-0.8828412999384123	0.444753943717547	0.16452311519718607	0.28201450222964053	0.3435115625243295	0.3866670406656312	-0.2468831158670024	-0.18229615242551017	0.14004560614874872	0.04543051967088433	0.3512605193498143	0.1114273970571423	0.16186800672119345	0.3803709528487592	-0.5153970787078213	-0.0002840813478324482	-0.5357827778820046	0.15790669634126606	0.025568918903837706	-0.22299553968467695	0.3382958902297644	0.2318115497545959	0.47550310183414146	-0.04010800130078174	0.14796145733558855	-0.2539074943623352	0.031234648481819133	-0.20231064086346975	-0.02603351180322581	0.28984051817809453	-0.25178370837304165	0.06153932169980536	-0.08895149112739996	0.11787466690889563	0.0333924151906695	0.04465942350020197	-0.024068241730208745	-0.06067310681419985	-0.09851467619109011	-0.024239982658436434	0.003936749246623624	0.09200622242570311	-0.14639446814017915	0.32141994747191954	-0.031920202584810764	0.04155424921976927	-0.010826566589620926	0.1790515849942757	-0.018853117824510972	0.04598284236931455	-0.14111026754021355	0.14853248658673637	0.3784197426396413	0.34717364501289816	0.2754237905468612	0.02749387279338315	-0.046218619584580824	-0.8159814955448931	0.10219267557003531	-0.272320792704677	0.4615940886620631	0.27079399459396025	-0.13050462223103756	0.20823664382638943	0.07737691678340218	0.2935880059918493	-0.04388212058832757	-0.06187635211795311	0.01439270290284178	0.04042908768121097	-0.4683465883742267	0.11130611781547334	-0.025617504777575368	0.5047079815378244	-0.04262292784848895	0.046616252597628846	-0.12165527563382794	-0.2231713670613115	-0.13078487941845665	-0.1381943663663215	0.05866627121006399	0.05585732200093974	0.04727337329255891
DTXSID6048593	18.005316798756663	0.16735767571126814	-8.214520722267112	1.8116192743402721	7.248530291558394	-3.2810481032805843	6.992608192723379	3.639607785917288	-3.355438351633161	0.7591609320674817	1.6537575176608807	-1.4348786841767216	1.39872761255113	-0.34059965117445407	1.950771381126557	-4.252059840375717	1.459364222642259	-1.607409964896276	-3.7168790090357233	1.0476279540564124	-3.613986187993966	1.0730234884220704	4.123285087749443	-4.254404038907636	4.432442401115299	6.320755482071042	-2.124799425610853	0.7045245420490294	-6.397354975423566	4.160208763540217	1.4128052514526905	-2.7070379015606294	-1.1941610760130417	2.201271331287548	-0.9808110855985012	-3.026624501131313	2.0137161190719257	-18.010244932320234	2.207363579049075	2.3787421019259214	0.0066865151825472756	-0.8478692619033338	4.8994178423610855	1.6257066441499732	-9.762405952410605	29.436047468920293	8.485982200355433	-12.302379936033251	0.5978708146905156	15.12375528158729	-31.63917435128612	6.266950891397176	-17.136150993506284	-0.3196481403463198	-18.981275149279867	8.947030396228664	3.787130809365183	8.362533101826813	23.059483658582653	1.599561190250822	-0.08773799843639789	-5.417378991098817	-3.957037064790738	-3.4303912141498043	5.836855265642252	-5.874350798765818	7.718868934040195	2.8698184642189712	2.096617866057081	-1.5833733326855113	0.24643338412464197	4.411467197771058	4.93787687506779	0.905003170202379	2.1964127508918723	2.508950933064473	-2.6804688866242103	0.9579849064299191	-1.5539734463265908	2.521877564519786	0.10500891233665698	-0.695084915814791	1.184181074318149	-1.2077745212161324	0.5427919282906859	-0.7786811457739222	1.7752051246759264	2.219266204540174	1.5612821266339676	1.5453846851271575	-2.032809553836829	-1.2034481143665237	0.8509100281512981	-1.373937665517747	-0.28544027675193134	2.390172898406603	-0.17734516665056888	-0.043814391186768366	-1.96061773538118	0.5905317877464672
DTXSID6057825	13.186419785254246	-2.7151053523368014	9.01018227999842	4.430374489453124	5.2028364012173745	2.6954175018294877	-0.5512643682620038	-0.48062153225948206	-2.33160518636914	0.6558736018142117	-0.29156790288980067	-0.44376552404947583	-1.156376756699147	1.582692611015139	-1.175897083258388	1.1949568283080017	-1.371651949724542	0.22429376560166797	-0.738829990551767	0.25964192131381747	0.3136619745722711	-0.09620118186913536	-0.24168986694455177	-0.33387800480012436	0.5274885494133558	0.3374393153662319	-0.27608783276437426	-0.49648321653424893	-0.04488000771525319	-0.008060923405431887	-0.12282235859746801	-0.17425928660366802	-0.7182819460204697	-0.11364679758060349	0.8157569770777755	0.38064859377486404	0.27144434154415364	1.0371847524243885	0.2967820398927739	0.36376477843644933	-0.33264635641650947	0.02508310752131502	-0.22141158335388705	-0.925674168607716	-0.3001840042835014	0.12277407487104432	-0.2659516449762939	0.5672736497791679	0.22424358960038013	0.2103809648540398	0.11286573243368447	0.6690874113227804	-0.08839159122254538	-0.15853932920497152	0.12161439866553417	-0.3016494792357839	0.14358552877203765	-0.009257149107986955	0.22268809110904447	-0.03490270172553837	-0.23941782547389348	-0.40598251138638336	0.22789117955977306	-1.3822723223102331	0.6862676367880317	-0.3061780564649613	0.538499801373607	-0.6619751074848177	0.30562983448194364	-0.0690143426700505	-0.6732424634434292	-0.5051492295785245	-0.1398005354235784	-0.12120020503160854	-0.4923615170163335	0.30981245384796935	0.024627587513420163	1.3870688632775812	0.12451175952663328	0.1194750259508126	1.6473664317353267	-0.7240110224402505	0.11374748006261648	-0.383582947279757	-0.3796609690392194	-0.04004996664488537	0.3424702093184438	-0.2977471567439519	0.046792346941443054	0.2438327394913267	0.4961335895182429	0.3613128095247296	0.17076804674149415	-0.6069627417479649	0.1653941894729802	0.11963610018906222	-0.27214536475262363	-0.06361338547355928	-0.4895295360105437	0.2236890180297685
DTXSID9057769	-3.3852069862905325	-0.008194823398784986	-1.4788724541619418	-0.8239434627302653	-0.15193170430067926	2.2742132435616096	-0.09180570040231639	-1.904210075084154	2.2251748387875794	2.5077807912237557	0.7515435433815458	-0.6139633813008006	-0.20946894586602646	2.121776763726147	-0.40367428831054264	-1.080786009702726	-0.23917236100465267	-0.39663619610896944	0.7953000626080052	-0.027730339607733485	-0.18019729430411854	0.12074079817066766	0.726229536528031	0.09197948032803627	-0.15910564004561895	-0.12221934390683396	-0.20579922767068962	-0.45895245331529977	-0.32646275206605435	0.30547111700824336	0.15844591967717978	-0.019897406416726986	0.4654289432522941	-0.37075298462196093	-0.3403593637357717	0.06312500025486764	-0.10243531398253744	0.29089055674635694	0.013466481239814141	0.37972150105755287	0.08166689302158454	0.272479381910986	0.23106846150370478	0.031735041652172134	-0.09434973593135756	-0.018282170853753676	0.15121598479446544	0.06977796903437078	-0.15584003752543749	-0.11062063879870704	-0.07040596695513913	0.03999095701573647	0.035855122802487635	-0.023775585491554757	-0.14857689646939395	0.050046100094574095	0.24289805563000114	-0.12282116463067153	-0.3658544003145104	-0.14981346217377425	0.593651241722432	-0.1702606800315761	-0.27051238472458555	-0.21920874381616973	0.3156014962646413	-0.14558440319530663	0.0657590680047528	0.13776184052707782	0.16654974714682422	0.022702274272764243	-0.1623883514034121	-0.22973464087652812	-0.10829484735164178	-0.022371369857744818	-0.47126583458397875	0.005472113356217679	0.12359710553788175	0.30264814355249836	-0.0019856396784562803	-0.10122013841597767	0.2129390636115583	-0.23214587893012342	-0.04916403563539589	-0.1710014113587106	0.1354230943372301	0.4377520801432036	-0.17872468149010018	-0.1893453582578083	-0.18481132358079783	-0.3463603587874049	0.2662928418515591	-0.9174343000805614	-0.38250617663562914	0.3498006318521141	-0.4454236103489704	-0.787880699539728	0.05443178039059501	-0.4307983903235283	-0.2659320325304728	0.052794002622373944
DTXSID9036933	-3.7847947170645795	-2.8687939559065603	-3.5298533444689992	-6.705345757840464	0.741127025146028	3.9427290856139967	-2.3128136650380138	-3.0301002921083855	0.12251384102527399	1.4441476595294023	-1.782595082825328	-3.3353627060611046	-3.991199884348833	-3.569094234118841	0.8838936748711497	1.3921979664425683	-1.2977771843866415	-1.6840516427539636	1.939259159898468	0.6775896998667691	-0.60721422376933	0.0031278206131198447	-0.09174944774489338	-1.032431836419629	-0.26785151322190265	-1.4128321464715452	0.6499345332144544	-1.5630347561300533	1.245276679164398	0.4783504320850506	0.8123714401371017	-1.506963377470937	0.49996939346783625	-0.8848161832221554	1.1912381179398688	0.8602582654672714	0.08548197749188101	0.05993307081838134	-0.013790189632259668	0.7096726018846687	-0.11480407975313033	-1.0249209959465595	0.5853347138810132	0.13334389696398197	0.45168957293126843	0.678632777761684	-0.6359516233546549	0.4690816620720511	0.3724041124499682	0.8175085736631714	0.05165328181747016	-0.14610059656441113	0.08623220102504853	0.2431961582618953	0.44361553467262055	0.7144718540316916	-0.021480799667281874	-0.4658808741742587	0.4260308027312248	0.9073398568839861	-0.8655173931648537	-0.2586221853165046	0.9422958221117435	0.45777780574608457	-0.17879565016259652	-0.5973633136595747	-0.3664857925873555	-0.1340742986919968	0.6183785174768903	-0.12120868089588953	0.7228949410085245	-0.6552462336613769	-0.38146839875136457	-0.2653999223687273	0.46343177333349334	0.20326411768780434	0.6432937122840164	-0.9332351993104103	-0.163280897320304	0.3080125554968271	1.1201429025737608	-0.4268543888766493	-0.16944393868988342	-0.4088253986042918	1.5833134720894584	1.5332661621305939	-0.09636680195545239	0.3833230034518789	-1.4171108187447878	1.0409462580362787	1.2343417864817614	0.514237211737156	-0.4077396684900046	0.36866834872298415	-0.5217737320783369	-1.8544544649217467	-0.6673417852137509	0.153476917863055	0.6317709739880589	-1.2514342934745748
DTXSID30382063	0.5359618137491494	-2.792188817186668	-5.31065937008966	-7.100149198171915	2.28062724362405	6.346303751708174	-1.2133892683380427	-2.267838158765519	3.342590517110616	-1.0715926315772693	4.019197153257387	-1.7490971944754548	2.26495433366879	3.6825623103837466	1.3750692199418575	0.07079002505294815	-0.17195898430967912	0.6438620047721992	1.2391128054749903	-0.6930919893191098	-0.9787767960819465	0.6382577415185118	-0.33639726656787483	-0.05398409500787444	0.899565495831954	0.6873547755793313	-0.09185837939783861	0.17262653993480745	0.11594285283665018	-0.06636976918329297	-1.4645482745369682	-0.31796941617905955	0.1489770988365279	0.7342488011117818	0.5020777606762911	0.30831702110959747	0.6639851345395881	-0.42496428559601857	-0.08684977033367716	0.39968653117086644	0.19257627126773985	-0.573071175572699	-0.7469555664505736	-0.3829101458419734	-0.6138100788175929	0.4337961593497484	-0.03272464371640168	-0.12266700816011814	0.2227093674858375	-0.29091059115157547	-0.0287181003276013	-0.23482812252810278	0.112852116076142	-0.26263958891811345	0.7465688969648853	-0.202249008669114	0.17731714539858429	0.06469405724113482	-0.43991363544831685	-0.20120640827137448	-0.53037591558694	-0.16100078928216502	0.16727398060027693	0.19159094506238847	-0.2871156709180417	-0.5551737429576021	0.03337070827510911	0.013881530794302753	0.09411649789747888	-0.15817048971899253	0.25662819496030487	-0.202923366465859	0.17058634755723232	-0.4573366906682468	-1.316430292545286	1.2094101105771848	0.24674073565122467	0.04714596785920833	0.8832174388938254	-0.8082125222083643	0.6042214135306236	-0.5621322839334606	-0.28057189116065506	-0.05555897933676059	-0.1443551664655865	0.08936447183916242	-0.6482674393603335	0.09823140859621411	-0.09617610537483991	-0.04954049128653561	0.8237634812504337	-0.7396188830190271	-1.6089255793298751	1.9167852444176317	-0.33798983490634166	0.04659104007907358	0.010171578827054802	0.40390107616839616	-0.6390559214587295	-1.141405979208493
DTXSID3027322	-1.2247781740061319	-1.6070796193999117	5.03503779405034	-1.1636277123459828	0.7642335032911383	-0.14619673007211	-0.6652675509615712	-0.3301696214531078	0.6866412205812971	0.3680597998358072	0.5003867050972942	-0.2852105225219904	0.15730760133343485	-0.9914487369478173	-1.9407508495778798	0.4608507316289581	-1.6725243465707087	-0.3408483080662946	-0.9057280519458112	1.920733562009246	0.04174122068279062	0.840763448416386	-1.1929506381771995	-0.8536827161838962	0.7723499404948522	0.883841628388881	0.9606149375268048	-0.28345506884875754	0.30690622244824756	0.5991988622853821	0.9821733820007095	-0.19458288031509136	-0.37325815215150343	-0.24477921770029906	1.2008171815313842	0.6149671595361468	-0.2087344135378802	0.20810653715627503	0.3321902209047188	0.43134217563949456	0.48019994304567004	-0.2491019906805567	0.011590358950483834	-1.0938365019353833	0.39673319073392965	0.31483463250272503	-0.2740026478157792	0.702054303880376	0.008067949592639222	-0.02720808725150829	-0.038042271232623395	0.3377091294975625	-0.1934343356226101	0.14713460917082102	0.40650329004827623	-0.6823722619661127	0.29928100328289065	0.13004167260500166	0.22104987812379373	-0.07906542959461538	-0.42123494485583557	-0.6434122223294445	-0.6348693307705437	-0.4350883620624796	0.29320508403849666	0.6284649251302635	0.46192933234303307	-0.04738072027798388	-0.29901579905734166	-1.0070774987355278	0.34250029564679796	-0.36073580305160885	0.22695347901693652	0.05936874880242964	-0.14978338102149308	0.11527714341343137	0.5425971258958215	-0.6388972662547563	0.16411629809639994	0.00802960037394566	-1.081984159749459	-0.14910539283381916	0.4006377040122865	0.1913679751268386	0.12009945283117568	0.2205938195713932	-0.4467936809906789	-0.27959243397274947	0.24832168645932004	-0.023365799211196518	0.5216354334063974	-0.13257688840643192	-0.7092402668105917	0.5540953752696194	-0.22900315947210875	0.3117589245524511	0.11702643282131987	-0.29348050287695526	-0.3170929788696516	0.8342412506567867
DTXSID2045072	-1.8147429623191333	0.7234898422157117	-1.781729160428311	-2.2643442566296996	-1.117306802075088	4.10848473053221	-0.46109247959192784	2.753936950447359	-0.949760502531643	0.288024657059694	-0.15614109080750693	1.0299067761355996	0.06756773608224453	-1.3384119444877398	-1.2195729363376835	-0.8444789785672144	0.7588764028083982	0.05006329750670366	-0.19441517253867038	-0.7778679874804988	1.586994116369685	-0.44829226074687134	0.029490300888970693	0.2868228587961271	0.14505393188334	-0.17183071399494051	-0.7045037196971933	-0.8524284653931045	0.03155560561442878	-0.6342874785901256	1.0415723032270858	0.5326739128441195	-0.07802114618707234	-0.3438073299340489	0.6182874845177182	-0.3154276239826966	-0.20428868909650771	0.3160517427456916	0.4230708121591414	0.21046665427948408	-0.7357964927520759	0.1106982301629319	0.2061413833815612	-0.6490891201176514	0.3276745274368697	-0.27133912930227055	-0.7802666246278233	-0.520807997407766	-0.1938251762419108	0.11153935490632585	-0.007551308744510092	-0.10413834985959802	-0.12124397173215976	-0.2772248619416258	-0.38658384600909673	-0.048976784829636015	0.6042789341576079	-0.5191736056354062	0.33079368896909433	0.5447177701755087	0.41257518982751995	0.11227505838439364	-0.015586154155697389	-0.027873682422918353	0.43015476760612864	0.48619269040875074	0.31185098906775577	-0.20233607299016212	1.0060864209880471	-0.9235899735466393	0.6977897605106063	0.3002748485033695	-0.19631332055116518	0.052010591991090614	-0.17457730519203452	-0.9677757734686384	1.3851333921896825	0.6680909366942904	0.2591939114538812	1.046361829181721	-1.5135241214757116	0.26484740907511334	0.673148478859941	0.44877312696398464	0.07797180916832468	-0.23994587984359503	-0.14489984977567338	0.3337742826745693	0.2471087270654366	0.7761705086230656	-0.13138549469580155	-0.7550513946238129	0.4837312267878676	-0.5141790766059319	-0.4960737217925003	0.1391529632690832	-0.08974214766534146	0.4731578266589343	-0.2772954124859265	-0.6105044388913813
DTXSID3024944	-3.1765066216110696	-0.7713129068833198	0.24367713616654219	-0.7317738893710899	-1.3461483389950455	2.4595117502154773	1.6151827078378578	0.9436328549852232	-1.6365196754122802	0.7777270904333027	-0.11624081031816315	2.8851886602512278	3.0219038933518374	1.5144973357595497	2.162389099149552	6.319614788409528	6.374212596806944	-4.397326914317991	1.689004663916856	2.899875738270175	-1.8370866459500639	-2.3848228938697513	-1.6585295835246632	-0.7594841385562807	-0.6812665514111246	1.7901018244742266	-1.6959032255358568	-1.0065085177654483	-2.3708231616356388	0.9162531902089734	1.3679479675399464	0.6989884072711924	0.8056487779763406	-0.6662379455929658	0.3892150240088572	-1.8708469997280803	-1.2704966426446727	1.8968159840636396	-0.4012978066863116	0.07404328053170015	1.9110515693891506	0.004520251108361493	-1.6597038602064638	0.13590374475919592	1.0530199393007125	-2.4114882548313723	-0.8345169991270728	0.09141835525676005	0.4134060992453884	-1.0609985754208697	0.4127410844297524	-0.5045644691150646	-0.7797330008425409	0.14842977437034507	-1.2619886001840621	0.5520786477262349	1.0197011630945938	1.037522015153778	2.2885468093656827	0.023180755416584445	0.0706922708248822	-1.6207660567255477	-2.5329541901214263	0.25119614508167054	-0.36702720433755215	-1.7044380323275632	0.011310349342550149	1.9386696395959364	-0.2798424077932356	1.8309548150720405	-2.165613918031636	-0.6883306519812042	-1.1625998810691225	-2.0642436043578236	-1.1788030475662878	0.5549894559363657	0.1169049177760673	0.04119586018565559	-0.9021129595091061	1.0817845141744915	-0.0076284042165222915	-1.2306985037358331	0.16752568546157814	-0.03342917465187853	0.17592374886234152	0.23726372706204066	-0.4148484412042267	0.015790805145518626	0.27198907611620626	0.33702465654090785	0.9524812550932608	1.554341025762116	0.7308532818215505	0.04260828460321777	0.8195810844644484	0.9417555682945377	0.4275634557771063	0.8172101413995436	0.3386960018496224	-0.013382896281487413
DTXSID1042281	-2.6548812407327604	-0.22192432701046785	-0.5982669856942531	0.800807409733367	2.792414598716969	-0.14486482784967872	-3.1788103970211776	-0.09260761676019312	-1.1877534981216502	-1.6211689861311678	3.1649394610072843	-1.6894341947881046	0.13574972505197097	0.25816987111147827	-0.15570989627489412	0.023980337648164096	0.26311276959169116	0.4319331422036621	-1.7443481950755177	1.1429315728842442	0.49718929091439745	0.19291784629733483	-0.003986187933369211	-0.22827557276732283	0.5235208111929036	1.379456195470308	1.247227100421577	-1.1256676939347312	-0.5407387676944071	0.6779756615267937	0.08956061177629969	0.7506608826090807	0.009182843021771199	0.3250064247384113	0.6701138259996885	-0.05327427264680444	0.3082742924515575	0.04186439589965315	0.34309422195553324	0.4661852624242205	0.38195947415369286	0.47126224314329906	-1.0228163043060081	-0.3586834450156249	-0.39000841490868454	0.27261652904803085	0.19845208825090058	-0.058610598890962075	-0.389500179342658	0.2666050473790759	-0.019658228873378692	0.176539898110325	0.08973467010853087	0.013288311520446317	0.12532313205060355	-0.46565965312883256	0.8428508120680563	-0.13138104840047826	-0.9370232674004533	-0.15688286159024434	-0.21618765901410145	-0.3111680254151569	-0.08893569688563309	0.2472953580749721	-0.03077470080837729	-0.02216390135749811	-0.34648271195312325	-0.11020875381572284	-0.1851254046063562	-0.5706530683759804	-0.2368606819810153	0.24963493070870138	0.07024786004022608	0.19957200089349125	-0.20221711990782576	-0.13521154438926153	0.07098771500642402	-0.9633927534882855	0.058881349113888815	-0.9028375814227172	-0.6804047568070314	0.040132240534722946	-0.3544513353329353	0.3742400939684622	0.19504983683894545	0.07889743751027425	-0.3764638940795973	0.2590931701069357	0.44009078809232954	-0.12129344306867747	-0.6898446720797907	-0.614459684695399	-0.16687398041794854	0.4567172707687022	-0.33991380510932784	0.3890713340807138	-0.1993024915720829	0.14365266003139807	-0.31082470097149717	0.0659882007243735
DTXSID8045222	6.353954290366471	-0.5543146534681537	-4.817713379670093	2.107465125542905	0.15263845860993833	-3.8010481968938463	-1.2591032689634125	2.3400954903501425	0.5059788986556902	-0.8593887646026938	-7.176074793313008	-0.3365238290503213	5.567095881164196	2.1979592572937285	3.431489416184704	0.08681746941613623	-1.9968852620609439	1.4903842400886271	0.5364227142053893	-0.6220170323717893	0.7388800364684406	-1.2203082799752172	0.04549415265622495	0.5140709083658787	-0.03244178265275756	2.854503856885947	1.9960515349411043	3.609354577641108	3.8688666207857456	0.3339838766741356	2.382231555937808	0.1286285476099527	2.0569542128602123	0.7179521986281635	-3.6321690810174996	-0.026145877808990234	-3.197483724813861	3.865750922221898	-0.07218142440059838	1.4335594605974578	-0.09712123729048909	-0.8311644408676685	-3.8894460531539514	0.27847245511102064	1.1555107952101795	0.4593994627087076	-4.415434416933255	3.2828428863780212	-3.442117753600759	10.2151748002152	-1.806172321102188	-0.3684858874698736	0.006980458899760389	-3.903022299715021	-1.2588126395793076	2.7202629485291996	-4.805185425253014	-4.848719202500415	-1.6656713165964459	-1.2928680673926847	-3.576687206056323	2.0120651384334383	-4.866877729644987	-0.23122647067512794	-1.4420840339746652	1.492044086833752	0.19085371939904294	1.9458112391119957	-0.8102624023857508	0.11547273329483401	0.3376030927340536	-2.232029820673659	2.155636655803678	-2.0738405989543933	-0.182595832113211	2.1829063616457685	-1.655831792874406	-0.24475562246493618	-2.3592337367076888	-3.5055282472062976	3.199992790575652	2.7948489683611415	1.7740288728190217	-0.6823105394611052	0.5733059125756473	0.4580164534390498	-3.133663034987505	0.18912851886863333	0.0927192777361442	1.028326912003741	1.164933085216453	0.8608309796267901	0.5011582215915359	-0.9719510370587078	0.3006734425545192	-0.32705261204538044	1.2662657584209425	0.7481574274685143	0.20771319347737902	0.46916669293792906
DTXSID7048619	21.920614473978244	18.6593963838962	-7.153312935802813	12.4030721236804	-9.162373050216111	-0.7743476113989322	0.709552608425036	-10.510927242300138	-5.681510951003144	-7.022224559932187	-11.399077057663124	-3.3011997219533114	17.874174868199788	-4.32488388502101	-2.021722911054897	1.102811061780654	-10.726861307456755	-1.525426523385629	7.7451054680143585	1.2226604394696297	1.505158514891178	6.571963636877819	-0.6134907413792902	-2.746182629290083	4.685410812587373	5.795608959921941	-2.099783729775874	0.8989734025757594	-1.8398006430093348	-0.39774204618670034	-0.3603606029082742	0.7648861750891748	-1.058439827707516	2.09775846037922	-0.1369584356646872	-2.8413036311412196	1.1902040851333575	-0.9237696865955174	-0.09290231328979881	2.937497779331099	1.7832025304495949	-1.2293178943555454	-1.1663224840695319	-0.028431853363399807	1.3568420972615498	-1.3451480193088021	-0.6286597711802226	1.1728950044563673	1.4336766033985977	1.351006045493588	0.6366700194108036	-2.860579982196463	0.7658947342641393	-0.6622948990058557	2.466454665366097	-0.7984515855586023	-0.25423610573247296	0.30104546339116944	3.162120087837831	-3.8146736650422834	0.2993388598164278	1.4639913379698908	-1.1639253401311047	-1.0706671506445011	-0.11066648892066223	-6.242674864674444	0.5046677837104935	-5.276837182548442	0.2575432665958484	6.365741275252876	2.015232145798227	-3.0467806176033623	-1.3511992100949228	1.3643227430971174	5.262431053044199	0.848869737916971	-4.14359694503256	-3.6598101012096906	-0.7857296305920847	-1.1020329080521383	-4.071392088467873	5.347611657770167	0.4503803373825605	-0.2646661179578442	0.8464855191854745	-1.0891709464527075	3.4916337014310073	-1.0539946631426038	-2.1695816978397993	-2.4774224630452095	-1.050857247938201	-0.8460972063215602	4.910297005427176	1.695514838946366	0.5971021682020305	-1.5935061016871013	0.2404585227926103	-0.11457229593237633	-5.54098345353839	1.1723345203632807
DTXSID4046101	9.292966610663482	5.993946328236731	-2.5193682739313035	5.104497526784899	-1.5379624677560333	2.145432132866959	-9.558689989308679	-9.327455138224401	-6.9008260370613534	-3.3908780488525117	-14.691290888352755	-1.1142820027091345	15.86280722143784	0.8204448449663428	0.1749919200612581	-0.9380429991210064	-8.211450235672203	-0.9993341346725384	-2.713384077336211	4.079710414126775	1.3140017207323869	3.441144447578162	0.1495810133592422	-3.417020677545878	2.8619276156810542	3.181667124696018	0.5885407571368165	0.15996787459635314	-1.5887849386695196	-0.2873951362171609	-0.2644370221150903	1.449428999536027	0.1641789749097365	1.4837893279829548	0.3646283460804324	-0.9063849358828071	-1.9084529469956333	1.6552223405815438	0.25498767306878695	-0.6189296236673087	0.29311726081182815	0.6742185904092108	-0.6046609631798697	-0.8459484252075782	0.8751580591549375	0.5941931841368207	-0.1335659946190493	0.27084170052308054	-0.6825731526608594	0.6521196408738457	0.22770932517632342	-0.24914374025881084	0.48799811419906997	0.9267252514641072	0.25914249526291694	0.514167524547723	1.4254947884254254	0.7890206227591099	-0.3220765698105296	-0.5014549413926394	0.6264781846169793	0.9078447525199742	-0.6897764526701232	0.29081543112193	0.42591180524135547	-1.9801946310703749	0.7652749413181087	-0.8932077038785862	1.0373406097492688	1.4278369081705469	-1.8454994995713927	-1.19254939441365	-0.13731242614728253	-0.1017555765786676	1.3187612265993311	-0.04010956378821554	-0.728733261430597	-0.7437254514831613	-0.31546685127076207	-1.5537308396601122	-1.0779776128215381	0.351195609957358	-0.357624761896334	0.6507296216557291	0.5280957339883608	0.09218386884490423	-0.12649221795535237	-1.0585247744792912	-0.7863955663476881	-0.7792177506381559	-0.15505920250180008	0.3992353104810318	-0.5470088412863673	-0.04964005670875772	-0.09254225790275829	-0.3546854315985471	-0.508374406034833	0.05368881243521456	-1.2581288522111405	0.6127736824107317
DTXSID8025040	1.110092443479253	5.830490671081831	-0.4708201860128226	1.27885818078264	2.4872236797597536	-1.8934040157480365	-1.6660315933693568	2.5856058274936555	4.856005725345321	0.6974215122509099	-0.616137958456543	-0.7659674968525327	-0.1933871482333471	0.5122672438808273	1.157324236035078	1.1523148279503916	-0.6565668662482551	1.8933461582198965	-0.13945425603735512	-0.6437749975005242	-1.8111804447517952	-0.6758081894158628	-0.5695344354460752	0.36812452461327744	0.1114915381292003	0.16691551886023442	0.26618454319475116	0.17736606434953292	0.3028095375108662	0.8467767176411102	-0.4450630130909071	-1.4266115143917246	-1.9706694373314584	-0.5964857976159778	0.38161341247966774	1.560103678169577	-1.2944263159191687	-0.4789410822717208	-0.4869054222794127	-0.019240780374838912	-1.0453858507107692	-1.1407892826881356	-0.03804055192584086	-0.11779201405783522	1.4180211985799223	-0.9681813155785283	1.175421570147132	0.5652445093358087	0.18244915851827048	0.3719668938348904	0.07122688432613641	0.319941444520992	1.1427964481228365	-0.5181843489818821	0.2107221972911522	-0.46618598907495246	-1.2063454053103129	-0.7552996531490442	1.8144018469403373	0.9446082430776789	-1.0823329117459108	-3.0201049331966394	0.6204925417889233	0.6515047691544604	-0.0806665881983096	-0.1774719800857992	0.5272599219215014	-0.353731766282173	0.8681203709254103	1.2472428751482467	-0.805779246353835	-0.2368863311322848	1.3138223399927762	-0.6006912963177851	0.7844715352660505	0.059386500445314544	-0.146341629765005	-0.34682437887802725	0.6578191446911208	-0.5802052776254125	0.8323458896526551	-0.2132994786497141	0.7555389829276206	-0.6711163896050795	0.5366091549962918	0.5830074290023076	-1.8018613382283446	-0.4810069800867853	0.32039693365197985	0.18691372550623514	0.2573179668546477	0.06989462351314182	0.4252571038598902	-0.28560570541292235	0.3822458920460068	-0.5559764949109176	1.008922180953694	0.22599883480693217	-0.4659311923013876	1.0487833291903075
DTXSID4022602	6.861540733487765	-1.2792670710505814	-3.1091420173896402	3.186431279347468	4.136203463849027	-1.7352765772583387	-0.8541991614938695	4.196640659040857	0.191169816488758	-0.2832840181388615	2.0910425751582626	-2.6244814645570065	2.3580660796002544	-1.215195052573854	1.9775848889525312	-3.5401384460344776	2.839948885795512	-1.1621404688876846	-1.1338957858202858	0.5195634430234912	-1.143490221370156	1.1696618485661072	3.8645704823516165	-2.441453229275837	1.4687341649148409	7.656038652034108	-1.1242150089570846	-0.18592088452436145	-6.937508987453081	5.326964830117074	0.07776333116170775	-4.113927316010536	-0.7599409585969247	2.148977231098513	-1.6267806441631605	-0.28961158925378344	-0.4431209702769684	-15.998688043879875	2.128897792061958	0.9635093649385694	0.7574006714906214	1.6349630361194765	2.643135227979441	2.309681432127786	-12.105487159149835	30.821360929713993	7.096151137998856	-9.28501912768925	4.15250376738044	10.67902162960553	-33.00606965279358	5.026841563816775	-17.703619063866107	-6.194513485709396	-17.83877413993438	11.165150609112006	3.6039335165109394	8.835389013792723	21.276507781548524	2.87815675022086	0.6275965250626839	-5.265515357645927	-3.238121854039764	-1.5926287056770383	3.0123916840973592	-6.335190240604328	7.231660875901154	2.151628789045313	1.1271417985807	-2.397700063752675	0.34936038289653726	4.013667354646862	5.764234414651342	1.0913722428387527	2.7708311737036424	2.2784920014272396	-0.8347891182808864	-0.8144838671049275	-0.4823840020015399	-0.26607113527248	-0.2612987232166425	-0.7993400907380698	-0.36590235262727755	-0.6715725499784252	0.37801262867893504	0.8218322280781653	0.9490413505449192	0.577484264059064	0.026133876318803106	0.13935099770798332	-0.3156099006058341	-0.9099938072483003	1.0301485209033148	-0.09524538654647527	0.021508706781676185	0.8117881565882307	0.459291687031923	0.3271135283009948	-0.08644110502069013	-0.20335940132470742
DTXSID5021415	-0.47246454214094774	-4.548258278331197	-0.72584798454733	-1.0279238435992715	-2.438329095855385	-1.6454839051856562	-0.8286057612157087	0.7791698223439141	-0.13205244847413972	1.1266907490997982	0.11421239270747281	0.6718810747776327	0.6196473500430607	0.7095721999486039	0.05858989314233379	1.6586634242123615	-0.7422278448996876	1.844406677369574	-0.4578413685016625	-0.8111608719623464	-0.28714741621648826	-0.29123774349555964	-1.6800938437301198	-0.9414502715663338	-0.5027449324373292	0.7120216696526159	0.07347964290347184	-0.38239533013575155	0.9465962441067131	-1.6784007888196524	0.8684525236319436	0.7662146145255607	-1.166565820489017	-0.06997791706048868	-0.20508378258381874	0.4955762251877402	-0.03244520982030796	1.263210020142243	-1.3903839479002609	-1.5366408953445372	0.6275134982949773	-0.10771880324194695	-0.2400847867575352	0.16892466028442246	0.33855341049987864	0.9068697111531899	0.3363038735764079	-0.497292393528974	-0.04764198301735237	-0.6673908641504828	-0.2647425370639174	-0.5403612781994073	-0.39664029308952503	-0.2556951159182517	-0.6078319936943442	-0.48605341093179644	-0.7875173241139348	0.4952184920500259	-0.7363262427496715	0.3065150367297536	-0.9502432098960543	-0.13591803577339293	0.8371480786536657	-0.2888312597401062	-1.4402522971143061	-0.7258526937679949	-0.9203660766944552	1.0641397512602921	-0.6022165335346044	0.29370976728960774	-0.36568861174842987	-0.3920319979338209	1.6300823587990716	-0.6720390470181744	1.9354670094436877	0.0248816125135152	-1.0375916915253844	-0.920926371867064	-0.3945115601513594	1.199762756799428	-0.5809704620414139	0.4865906891705794	0.20703310439183986	-0.49928906511808735	0.2944959336325388	0.6758377200840365	0.752197391427342	-0.1068319220714615	0.11737317005657391	-0.04001763828597103	0.7580397050119437	0.29951780677300127	-0.6124919177714514	-0.5363392567923305	-0.013394760972026696	-0.5844480088000512	-0.2853290819696605	-0.28904674084004817	0.13087566692983715	0.5274793836778298
DTXSID3057729	-2.2956374439473524	0.26271430103075	1.1686036521324927	0.09509979975712303	1.2427923949467405	1.890898423481688	-0.7579396626691005	0.6353519438205049	-0.466353018864701	-0.6698464272961339	0.21962640031538963	0.19821687444144967	-0.3699892428429483	0.9892711964655121	-1.2232184434634683	0.5211615323456787	-0.846351050511967	-0.2716193415441274	-1.3927757353703694	0.8156071846563373	0.48024446838138074	-0.47051554694862446	1.0551102585083578	0.15210491883783467	-0.07594865251272415	1.0689827587555203	1.3521207795801236	-0.039181734532120656	0.081721274059221	0.31243035770204547	0.7486758952460895	0.52988049556857	0.471698503626849	-0.2167089243048095	0.8745009698675678	0.6753472100123766	0.46207029873063593	0.27161555402790377	-0.0881289010037073	0.08609193704578591	0.494002711026457	-0.3550684625722124	-0.10933020346240044	-0.6239140762902351	-0.5225047058622219	0.49734299303760654	0.35532391956764603	0.7342862827151828	-0.18016486687790187	-0.03835797111415689	-0.03617565006114184	0.5703428970221188	0.09352154715188968	0.18040347537282622	0.4855825659155657	-0.2890941092721059	0.6111534498300407	0.20320456962326897	-0.5495776521345105	-0.5403351912240247	0.04820888631466757	-0.5072775897264733	-0.36204654134184167	-0.19712838353659148	-0.1516174476868036	0.17483315293112703	0.8977610408365911	0.1688877418269676	-0.5789566613409537	0.0032835896419201793	-0.4990544193639358	-0.1856764836898796	-0.3043785549887924	-0.542830627567057	0.020105856165260037	1.4402042797079024	-0.5111962877548064	0.5683026426099886	0.2557447177075107	-0.3594992932351293	0.33287276060145876	0.2740878821033385	-0.13022847208982485	0.031615765133642705	0.3156771412710011	-0.642458706278664	-0.4881709747266452	-0.4509681088525686	-0.662163519642557	0.6928633914685678	0.25549503867608697	0.44899064355211604	-1.4579716604823338	0.08338136351958661	0.8257728656114033	-0.10780946600953148	-0.40961596305682757	-0.7031185272397753	0.12883013352235292	0.11347149855091138
DTXSID0022432	-0.18326449816783416	7.9612901681338055	1.5075919017766284	1.7794749693634935	-3.1713008489707786	0.9993872131984052	-2.025293008841301	-1.6482713408731808	2.8211955899012007	-0.534611182281781	2.605077425422426	-1.1444971867379432	-1.3492272440467543	-3.9611810124100733	-1.380288797669597	1.2473587690678283	-1.2164190739673455	-0.80867196624251	0.17467780171707398	0.26350509589088555	0.5325203187988921	0.46944707388880946	-2.1536370306133836	-0.9978552006530005	-0.9718345397057775	0.13611447376412303	-0.6519402670967029	2.7161143171868494	-0.15442397364901778	-0.6735772601758555	0.8001160869533591	1.7613973819890771	0.5602766891888761	0.05462785825414241	-1.1330473799679617	-1.4818575720441651	0.2096225402996389	0.9407119106195301	1.6919839022133054	-0.7475346794498586	-0.7169496813425488	0.8595020092129856	-0.9408283490651868	0.5364823792660884	-0.5611877972597781	1.5183712379868832	0.16212657855140294	-0.4006120922812605	0.6148232117581084	0.16310743381342466	0.36993088814010794	0.5634590531643489	-0.5335921396250372	0.6923375679887761	0.2641649225693314	-0.33025536483169404	0.3738980407760966	0.24758250502436613	-0.4852596106530534	-0.23840272443744803	0.32332100202809805	1.3003645018811871	0.11932487169931372	-1.0288108517397545	-0.3259468642963951	-0.9115508168913521	0.019008638549837083	-0.49704848676875474	0.6675383069418582	2.004106863292807	0.19330863302625825	0.40968568858927	-0.2779482648164384	-0.6625516622519716	-0.2854540561278011	-0.7974637292083423	-0.7550021957523442	0.1971306728955117	0.4861257284556587	-0.5743539830898357	0.23791697867591988	0.2766186433975407	-0.15380794512366466	-0.4529599115572952	-0.3696533914409984	-0.4480786867989196	-0.28697756668559066	-0.18952480192497662	0.047116431234393276	0.5150580598132836	0.060672578952692194	-0.4320443012559412	-0.5172346158124191	-0.3490733086204766	-0.5468508756108269	0.1515763323715087	0.1940103024117728	-0.0742517659589355	1.051978978173203	0.037236933567033864
DTXSID9023833	-7.4933977486928605	-3.5712529677071054	0.40790211434958323	-0.41426571411125607	-0.1853123387177419	1.059907030199083	0.07728311324567114	-0.2518215019254309	-0.4464172092481766	-0.5119355047089624	-0.880112680477498	-0.232772026567026	-0.2885289951404147	-0.28839421606943805	0.6574301920204068	-0.4237179371255396	1.0068867305300475	0.322281923015663	-0.11226837011352313	-0.919556024831894	0.6843747492880305	-0.8369364928300705	1.1469640537454515	-0.315045073673452	-0.28296417122395734	-0.7910856248655067	-0.2887858040753254	-0.9065947688105651	-0.01937655206781321	0.16416481949429843	0.7127982233551975	-0.417084829296257	0.37775465880121845	-0.23886247660798948	-1.06171239907135	-0.4101105722562486	0.010219666530132211	0.22123459972697684	0.12884713061927422	-0.02463760431837294	-0.6678093477597953	0.18265285086680358	-0.8582086910164918	-0.5570316342491077	-0.01534304557630823	0.14531655294308926	0.12908926982644722	0.19124975424153687	-0.2943730535517516	0.15360684910947509	-0.05520921360660223	0.06510169256984441	-0.2886196261006916	0.025368733121948116	0.001098232493773325	-0.21272384976470426	0.7634568871135708	-0.27087113744641894	-0.011453614815327038	0.5838712573000927	1.2763864583654985	-0.031119256959323837	0.43638780535515015	0.09188213568281037	0.05255750814455973	0.26407403553027775	-0.2020566663227561	-0.8230041902277832	0.5851888142251348	0.18846518852966498	0.028423526381423335	0.5430187292209259	-0.10497882730950664	-0.369939414260194	-0.7994008200364509	-0.03257392713991374	-0.6468031500087454	-0.13290824940676763	0.5605931371781753	-0.7790666258551974	0.1442486846961065	0.5652183162489711	0.24190857885649705	0.2116210100450816	-0.25765469106876093	-0.6719139027846339	0.33260139866075117	0.05954327443425421	-0.6128852868296711	0.025455682069050103	-0.36285619743590647	0.04115526752291195	-0.2848520271474282	-0.07468448587105135	0.02899213433399921	-0.5312006533370827	-0.2563656261724208	-0.014517782404558838	-0.7692048716664437	-0.4758765303345781
DTXSID2042224	-2.1830537278093343	1.0227595237541693	-0.9657187556313896	-0.12968371669828174	-1.9247182127093492	2.1411904529723365	-2.921643607830035	-1.640233793619116	-2.0289715740666203	-1.3790956870655176	-4.017771513519679	-1.5949975675259684	2.321767926673487	-0.9816443865501356	1.4585117126867841	-0.3620340303058397	-0.9363518794079618	0.43110264919925356	0.06277829659742885	-0.6638756397616529	0.4152250115320944	0.10117092446457324	0.842231702047191	-0.7901310549362661	0.7360443194559583	0.1019598645096659	0.17707672626728993	-0.5682989792756168	-0.6689276452945387	1.0304316040847035	-0.40428438943067496	-2.991152347861776	-0.9744582608712243	0.9696364945644079	-1.1162924012908546	-0.4192103641532651	-1.8815462674539725	0.21252001818319244	-0.17604826290484213	0.2425750385580514	-0.6665453349396286	0.8189868233757861	-0.4819351031471767	0.23110467839741244	0.6848834787758359	-0.990934003385945	0.8935750071691779	-0.3073392376761385	-0.8535142263000527	-0.07768055241315396	-0.05337133265598004	-0.5120066369064801	0.43061539980870644	-0.2851268422634283	-0.47782376946190763	-0.6172795127449326	0.21138212465246348	0.21732527826519682	0.1600773761044884	-0.23743837532992945	1.4467202369440781	-0.056509143883205604	-0.36005575496821	1.2495112970403508	1.0867243255690826	-0.5573386153857574	-0.16891070186954243	-1.0999493694391516	0.06286596585204277	-1.6734529536395357	-2.2941236808441894	0.21161663139939008	-0.031433068498242685	-1.2829981294209456	-0.4722374619079376	0.08094672094339486	-1.9726102431674757	0.14237490429714572	-0.6461962318111496	-0.5768920747636701	-0.34628191348996523	-0.7127772754330566	-2.0354834520100273	-0.2233394236773642	-0.00309913627934195	0.2608491649919656	-0.6915592286153995	0.5439545370042559	1.41194006340706	-0.4792325411757583	0.8182499942049241	0.9296373541183197	0.08206564123394228	1.1602149016102654	-1.3471022513272752	0.48879910594452153	-0.3681662489759247	-0.4814990868457959	-0.9850710714318897	-0.3482830662469205
DTXSID7057602	11.59400110179874	-0.19764848853839456	-0.4260112756632867	3.2840245237228114	4.223204079381538	-4.540978152347218	1.8894979207069544	4.720850383886935	3.2870204542055266	0.5569064432318073	1.0087544393290107	-0.343250064940615	1.4581084919918994	0.27295422894976373	8.807158258488581	-1.3477470586397715	-4.343076643265675	-0.23582991090501643	0.06300949812214682	5.824036156901161	4.7033369989717535	-0.608382344288006	3.27511323077324	1.2346547470912317	-0.07523161395783098	0.5039531295938586	-3.3544096756768935	-1.8200196366199932	-1.5226666662929138	-0.366935309010342	-0.29868889167160245	-0.6764939740290492	-1.2721630606774978	-0.7034178282044309	1.89873538489845	-0.12350552632224705	2.1897683176363425	-0.9774613693545402	-0.4527855671201809	-0.09584122532169394	0.7527341096311291	0.9424387810064686	-1.1051336781594043	0.5845424674992414	1.3211899470276314	0.35130879480989646	1.0521962327565046	-0.24271809233509964	0.3495535077546914	0.008417469983691153	0.034567585773341736	0.45626923513196904	-0.5045657185612835	0.37268252165335775	1.0697114117450872	-2.750810603668988	-0.6895120031456464	0.6723940593046306	-1.1983938352951755	2.27779586846909	-0.6275883128479229	1.6988035904417627	-2.5407088021837705	0.9338027406708629	-1.152685576915021	-1.2186530007479512	0.8584765811345278	0.8086989042856904	-0.4016765046718019	-2.106863710817377	4.517993513527398	2.219260154730486	-1.233716375799937	-3.6645512548931283	0.7028826744453105	-1.7000014515178892	-0.16338963085789146	-2.3460246919309258	-1.2577573699284665	0.6509235367982479	1.830680271095103	-0.8503324470016498	-1.6201083390735276	1.9091284034919427	1.2306693290984563	-1.5854865357411192	0.0862217150597905	-0.9880950429800199	-0.5906324566043557	0.6137190426374548	0.6776067779751918	-0.3289871114862068	1.267030707230012	-0.5531521756560489	-0.9279287424740129	0.903330562936532	-0.10082396720317648	0.8220225084499952	0.18944076971840387	-1.1771821014971695
DTXSID1038824	-3.3298720587637867	-5.7540642720702255	-1.8235017384506451	0.19708401109127507	-2.5031182760004675	-0.4430392866583298	-0.8692709679934368	0.32479023726030354	1.0523594571243515	-0.39050289649454	-0.39047250926956983	-0.22354822899454957	-0.6248273560341243	0.09489107727287448	-0.011479931048441463	0.19468452087000146	0.20803380319086306	0.34129137012021576	-0.1542417494911943	0.07833487694959644	0.09057916804594028	0.5440917606849679	-1.841213811931636	-0.7179498731768493	0.008607280595486969	0.8479405534524679	0.8345753761346912	-0.39975087268459325	0.17962641948244762	-0.7640841572651962	0.1257619020987693	0.896303052055084	-0.3790139274692021	-0.070852823713362	0.3568992603062486	-0.13891536219962616	-0.1421394502006579	0.4269508686177125	-0.14631027187479856	-0.7170868191750167	0.6932374787167163	1.0976721721443399	-0.3324215583798895	0.8572418252095839	0.3392825864293704	0.6262364046527752	0.09064425112991717	-0.5619889715417745	-0.20503042415930145	0.1478002622226695	0.20468550758975032	-0.28868741957560135	0.15225629639305663	0.1878315651113391	-0.7387438146164551	-0.2561904550644166	-0.18811266740170712	0.4205964223096656	-0.2983287273764482	0.6762906208550186	-0.5277638081936714	0.9677793319605421	0.40309536107792066	-0.2887509465324939	-0.8386608981291387	-0.2536098906261611	-0.6242792245299539	0.16977448426473254	0.10661113453067998	0.6922744704811523	-0.3505041814836658	0.6753185825691909	0.31545213919393866	0.7323744512678757	0.7803198835745377	-0.13398790359272486	-1.1897849209720126	-0.7561716829216442	-0.9349553368945177	0.22869872965356208	0.3204107994378953	-0.29560327255994845	0.5680657410620344	0.5748847492175145	-0.35523999344006235	0.24932389631893723	0.006529594761060351	0.5373445328937902	0.62370666251265	-0.11893368529227884	-0.30671334194617306	-0.01725741811101747	-1.482987627972642	-1.062246228078866	-0.45447127315959934	0.9017776523097695	-0.6683761901269768	0.35348441501937594	-0.12384609017327398	0.12563550850374525
DTXSID1046130	-2.165388111812415	-1.0367851346917782	0.22364359754272528	1.70328267254775	0.149783227497053	-0.96606764061947	4.084133737798748	-1.0383670539454029	0.0710734779133415	0.1201857339268496	0.034324290476913634	-0.22094943778556755	0.3458543441287211	0.41961024805488073	1.0767549495800486	-0.32643542813651855	-0.5582242825450492	0.29891135690543225	-0.5010193073073903	-0.16810305685298788	-0.9623844000635293	-0.1922306295867783	0.09989187585493885	-0.4563476923046689	0.9032187678457471	-0.7997287110312582	0.3018993223171357	0.23583052075098296	0.10781649005721132	0.48563179708004817	-0.16077627625899119	-0.1335456119758967	0.31728386051886354	-0.23186644334140813	0.8604469724332824	0.37405272557679536	-1.026244707811161	0.23569791640814933	0.5152487198651449	0.3239405734959147	-0.6237909882006054	0.6547229434615814	-0.25612753035995806	0.3666196721344998	-0.024627344259611453	0.16990543409170678	1.0122876920640365	-0.46672115597923186	-0.16966966501004366	-0.2163115771543816	0.1311419099874865	0.10237459181783336	0.2500464272850806	-0.1410525967853679	0.0653237841928692	-0.9459829342185905	-0.7285411959506647	-0.19288789638939335	-0.0009476051404421243	-0.025764492045129497	0.7251252735995407	-0.11225487555380395	-0.8565395768433459	-0.04034393420113594	0.5783549973138284	-0.0033864566317613437	-0.05511627888562028	0.369988119702443	-0.18502177069986045	-0.680589346173052	-0.5197209762930238	0.31836866299809213	-0.38515246908981093	0.7660054464261107	0.006267682831719998	0.4029313361923297	-0.19335750629795456	0.8467049503693573	0.41187570652060895	0.23840531390539516	-0.19759426053498508	0.9312790607336234	0.2164923225104601	-0.4842556569441158	0.24158403214891971	-0.4121834042938485	0.125247773168459	-0.6597673602716769	1.7244746521538206	-0.1422876484355113	1.3365789394906629	-0.7242111100931685	-0.5136117325910168	-0.4367852839382682	-0.3995553689798837	-0.7742351360295966	0.47027925514768065	-0.22775125065671667	-0.2848327319964669	0.0894971442101799
DTXSID0042583	5.5371851010198565	-0.06428806136922495	-1.78647814691846	0.4041440489556518	1.8827882248016088	-2.5049421574901745	2.1366495477710807	1.0923801103295279	1.6587248904268466	0.22536451001509702	-2.65532825368384	0.13632127501424426	-0.30782702363234754	1.7693271919432507	3.648441752616486	-1.7970224622181208	0.30054709797552126	0.7986130897362564	-1.02488866609479	1.5868815323969763	4.017343953499461	-1.0891881822868723	-0.3334089533586269	2.132663711185323	-0.695677992430174	0.5544486572390459	1.1656925989158975	0.5618260988833781	-1.7127034067666098	-1.061873269987913	-0.8774960377351102	-0.6308257960774675	0.7894088339225775	0.39020758110254733	0.6089569746061044	-1.880241027617895	-0.20282572423536166	-1.0051849717387868	0.1556234911141929	0.6074015994147609	1.3341380242945777	1.887422615104387	0.07131270953266927	-0.41911973180926737	-0.49139609196422834	0.14974269240074453	-1.3791702446634182	-0.20639041723255142	-0.02331448929822979	-0.6998704088845061	0.10876719757010986	-0.5290834557128635	-0.09019774983477083	0.7130073137080702	0.1796809897262906	-1.023774725184135	0.6549774264650104	0.9463248587827567	0.38267643312823796	-1.1164073562970263	-0.2625889951802029	0.2373164989533105	-1.0478313063384468	-1.2440737760935698	0.06990897203008745	0.42920772802140356	-0.10627899895643829	-0.5802902345664392	0.09270749061391119	-0.8175656383370512	2.219912160924574	0.7266623377461582	-1.7395513106887972	-0.7939689759665198	0.8451459077824558	-0.9557942845265185	-0.5166249662544031	-0.038743893877558486	1.6005306004915305	0.6118780278288808	-0.24418975259490452	0.9238525462666028	0.046777305991154004	1.403986512026068	-0.9552057019725197	3.748859751604002	-1.1133814480313429	1.1177180358469418	-1.6862738563700628	0.8197976281771646	-0.6686601125138629	2.481420540598114	-0.04288577401503531	-0.9098043996796294	0.18502225147695628	1.1663873952523465	-0.5771328518770441	-0.7150148142950009	0.2609246604508588	-0.05514911282130113
DTXSID5047790	9.679831350704825	2.58171784135601	-3.4064156069706493	-1.3025060532252313	1.2438683534937909	-4.891537423217065	-4.902545189849516	0.6773086098981095	-3.457321759225184	-1.2642090265146408	9.23934988230008	-2.1917237817449333	4.13040136522737	0.25014236886435803	5.229433638641361	-0.4648176671752767	0.10121592900110926	2.2372340289066885	-0.15302828722349873	-0.6705653360304507	-0.7102883141676056	0.2149324123893185	0.07357449641729095	0.2415893851002251	-0.15421938396616305	0.8180131059403105	1.0350378074356634	0.3574077415887818	-1.2931829290028691	0.018831745331825016	-2.0063767882896277	0.9400495731636961	1.1914302749069487	2.0268675882646012	0.40050664930744834	-3.1720420376628398	0.40040771223216487	-0.9169310718654018	0.8757263031082952	0.7333382626874433	-1.01587933128636	0.6000684121651475	-0.6668789824902098	-1.007450815111894	0.20551092631373405	-0.37637422928466446	0.4272469707043456	-0.49413883791370017	0.08287840516451704	0.13519618192880686	-0.07016166922509345	-0.5711910795109403	0.7641076108563071	-0.48561326622910395	0.4090693977567821	0.5602551021607672	1.2670494864165942	-0.8347093992440249	-0.7153120987377671	0.7450990209053171	-0.9195679440111142	-1.8853826878960924	0.3771198035806767	-0.2150522288992473	0.7294313925166281	0.8304863230092054	-1.1954635743911606	-1.0038241691354577	-0.4671175763795423	-0.4359275759308631	1.3819119941622227	1.6513899172442494	-0.8872337781993727	-2.2209663531578436	-1.081848946949905	-0.47095491457816396	-0.45202871160725994	-0.36146501328749686	-0.5672970764132497	0.2374555304292553	0.2703718054173777	0.20342355748876986	-0.13525503487026627	0.9599258826815159	0.9978583255823483	0.03229309588913908	-0.6811638320464083	0.5833177213817349	0.07993200446274193	0.5446939350881134	-1.2581702959232473	-0.05344343033563607	0.0769084866721456	0.09205984413297366	0.00855719476645551	-0.09324043428752557	-0.789205620874667	-0.7638911897517028	-0.6553697389977862	0.2862635061204319
DTXSID6048175	4.590279771457832	5.880780741284487	-2.7371483724757835	0.5884448793149377	-0.7156390702136648	0.3074823770596636	1.7308841559953583	-1.3224243006036795	-0.31135898028690634	-3.1570264433781383	-0.9019073633604502	0.8306065197114761	0.03854449138533648	3.1157260004156315	0.16659529091142544	0.12912865476673768	0.42598289119482935	1.0103722636439947	1.1912286091698914	0.27013034629408794	-0.2958026686902641	-1.123610506616314	-2.5460537984675553	1.3487274782737741	-0.30764038265724936	-0.05699396395693422	0.8425854980975341	0.7457462042435692	0.8506998705850083	0.0739596182503242	2.8160941385200293	-0.7886559643148837	0.7258409624016782	0.3882536924291494	-0.5154859223448307	-0.8343816446630115	1.1168877351592053	-0.2808865554241854	-0.08947430040089982	-0.38853216936925805	0.34112451234106944	0.23867397193993553	-1.1707116385441574	0.31880521902734127	-0.9631137075352372	1.0611657021852339	0.11257581125867112	-0.48892955742157046	-0.21421526804203145	-0.9204602865085515	-0.2164317445077461	-0.3222323359496266	-1.1283250585301958	0.10441298590057697	0.7239939268128895	-0.6360686910345472	-0.14892839140751576	0.881662553578281	-1.100087575164306	-0.5030356942062798	-0.2871314162238779	0.6637547399603836	-0.24487125903193366	-0.8923774783111953	-1.0912525154852795	-1.1966593820425644	-1.0469119674842857	-0.08969748515225602	-1.7111715585755727	-0.0436416121967207	0.5750092264350583	-1.5858194827651868	0.45315375714163286	-0.9724322528343095	1.98694417559495	-0.19132511387314105	-0.3905480721101168	-0.34018840568365805	0.7831892039083175	-0.4125315519174968	-1.6872110201728907	0.20453320888190352	-0.717383639832974	-0.8953680567121108	0.46272589900103067	-0.10393796080952208	0.06951150439084722	0.3274884693141435	-0.11665464510486834	0.11644373860484995	0.48952602298978976	-0.4253888713164186	-0.3122961878768311	0.6099901820348386	0.07285536227635915	-0.10611473210682318	-0.049615681941025	0.937986199420519	-1.6732227238958284	-0.5977365084498824
DTXSID6047236	-4.451795454222444	-1.1926204347834615	3.8178199442521614	-0.32401208916929936	-0.594855405866123	-0.3394841606758237	0.525221075529205	-1.0527776245778229	0.5072573370610086	0.4566303195971129	-0.08712895686872739	-0.12290623614201417	0.4957989379713229	-0.36770572110166194	0.03967847612752199	-0.16939173891231327	0.8096296762511693	0.18486878398511147	-0.2713210595328792	-0.8390571281592959	-0.20898331347183716	-0.6695325748895865	1.3467143722383612	0.28057241347323386	-0.1545386670480047	-0.474149656254544	0.2175909808700387	-0.018980152984664385	-0.014332368230462945	0.09030765317944109	0.009595591219866716	0.6104527836946495	1.2967491103933888	0.15686146284880992	-1.2884204823332575	-0.047439867484667164	0.4678271161008593	-1.068695950174147	-0.8448428382230265	-0.6061999004695391	0.4426063866687963	-0.34416997558052764	-0.19026748193964182	0.061687914770108494	-0.1483001316096209	-0.450716638106099	-0.332159056661588	-0.44306218462667274	0.03648519074216381	-0.08520485628607742	-0.0780115338347923	-0.7132548670626845	0.1502767347717115	0.1698852691932903	0.06320343039121547	0.621495115083362	0.39010405087481964	0.047399970726310754	0.1203383537713397	0.42229724157179555	-0.3610198303232464	0.4444431605525849	0.29421787854638604	0.8683305078331256	-1.0047380210165182	-0.021288820534492065	0.49994674473928935	-0.6603037598804743	0.24852364195704732	0.18778789930877815	-0.21356107302342475	-0.1518039619590794	0.029710829593388426	0.08903683390039221	0.5324907773380518	0.10347960942477231	0.04144290200561143	0.6351451329358565	0.4801656543452878	-0.5762968991224291	0.5360314061602132	-0.0425948147832583	-0.34553117791956933	0.2397463940048304	-0.10723155331143974	-0.19807972184116446	-0.40220091330614793	-0.234208106769566	-0.38649266753206907	0.3320735127476801	0.0940574931651683	0.12066432358106159	-0.30790698983562215	0.04455568011882361	-0.13561642306297134	-0.1353060329490733	-0.12060956793956724	-0.10959214089595368	-0.05803408956816068	-0.21589295749087964
DTXSID1046007	-4.500053648656304	0.679227619391542	0.1314053803291973	0.42488230798279086	-1.2735111962300938	0.15870104539286176	-0.31696315535524383	0.5077695494174669	0.6691219671167038	0.21724637528926125	0.4380977566595863	-0.6865668707730932	-0.3066208467791611	-0.6361469556637859	0.31897582432393323	1.0271977955454457	-0.15017594334796264	0.012651434170273193	-0.18938682791097475	-0.7495093760535819	0.02519738379888383	-0.252102196795762	0.8097808815014101	0.21526123339949718	0.0614478583443891	0.45784830349029815	0.6636523067865917	0.6479911850616866	0.19950477849335888	-0.23860116937868994	-0.8306280267826105	-0.3345502608009472	0.1506630793005218	-0.19783443302976392	0.34988803470242136	0.2404799037433661	-0.22070727212433022	-0.22226406327484466	-0.2493344731510471	0.18766461407922555	0.38499977152078846	0.21550282023041925	0.04866257087113683	0.3761885969921819	-0.522161178004416	0.0739897051679482	0.14225289169798072	-0.4406032137435876	-0.01836810382107538	-0.05885781520890009	0.07108192970962353	0.03462463422456912	0.45696287879501984	0.02233172054083083	0.009473978523225691	-0.4701561729142409	0.1814578875058913	0.3206012928375405	-0.21496602413126356	-0.29142881590297826	0.047259223663149295	0.10737412314882676	-0.4099432332206391	0.5466568976915569	0.014148017526880474	0.2133062011585893	0.11102828433475663	0.0579589148601503	0.2026926173218159	-0.291677315493258	0.08213104396438863	-0.42691636582584824	0.34109570728118754	0.00577744349922584	-0.5958335111090919	0.975412281195179	0.47969020304617666	0.5150522593854799	0.33692622740055445	-0.6971428597103247	0.23309778567642442	-0.3177413396721712	-0.36666702737636514	0.3213087956444067	-0.43261566948539193	-0.2232408836201558	0.09208492179633826	0.13048694509261824	-0.10012634354427608	-0.18999035846088666	0.21300799043941424	-0.31837562873227226	-0.07830983856085752	-0.6479417369180224	0.33312530499872645	-0.09524168623957188	0.11131586334152964	0.1936157082627537	-0.09993549898073001	-0.6488463759122722
DTXSID4040264	-1.4598227665615058	1.3279141771041685	-2.0458818381140746	-4.303853987907678	-3.1557037523571143	5.457764475333812	-1.5472568432247988	5.136532535309325	-3.834067697907811	0.2599164051594276	-1.1589475583159563	-0.2575956967804577	-0.5636555267713024	-2.812096318435623	-0.9055088821495109	-0.33648049774664207	-0.7502340688494277	-1.8480082054611329	1.088394656661554	0.43667888280188927	0.23375988272554696	-0.37142142009896884	-0.7613035802750728	0.44385173927848504	-2.126317244162978	-1.6610573298744855	0.5114159061604909	-2.3860157045340746	0.74246638661923	-0.0016425467774026715	0.2675087837106467	-0.3216545940866567	0.3973957069777671	-0.6242188697202471	0.8954875158612273	0.3938327464099668	-0.5725251742201402	0.3299087323907779	0.7615360166008461	-0.20938548995541814	-1.2051905232822357	-0.11812586275656183	0.2628548701485813	-0.6908629904481797	0.6415707591072302	0.2696200123622029	-1.1807780520122644	-0.10834419680853304	-0.15086286422153403	0.6384149676975699	0.09773765891479733	0.03098593131356158	0.05021221100144161	0.08283572042371447	-0.04701666865554049	0.7797043061647889	0.7399445174626124	-0.678307596753695	0.5973887589547731	1.5744334717045798	-0.14916011629286569	-0.2898187519095589	0.13997496794673062	-0.41118768860440036	0.4678913866484462	0.16269751207646854	-0.3714637232341795	0.3882874428749941	1.6357762487148395	0.0782973240928844	1.048913340454643	-0.007379048734877004	-0.12496729388448953	0.5835396878202423	0.4285913872615268	-0.35870132641478625	1.8462335000839343	-0.02003725488929871	-0.018535193059012474	0.75006264072606	0.07914027687573066	1.1406532217295515	0.5718776256076015	0.7596259143033977	-0.31819956798672555	0.5459302770223549	0.20899747156712023	-0.685857137398765	-0.2853243588001933	-1.0194783059564998	-0.3113659834745531	0.4769195862604333	0.4209913110087702	-0.5106290670272974	-1.1030990142223658	-0.9367130536090487	-0.37895913127106395	-0.27636555507275645	-0.21957693003169826	-0.33962122082168045
DTXSID8023688	7.03278099374591	-5.749807046636004	-2.3435630772405784	0.4386816414074513	-2.2699328837032184	0.905536113541981	0.5562741187261777	-0.060974440903616	1.3704777708952025	-1.784606579613737	-1.3287421629360119	-0.492517464313386	-1.7934540327872532	1.4376681397804418	-0.11183565124942554	-1.8219529153391747	2.037620127978047	0.07887199914899544	0.5363417947861598	0.5005005801280732	1.0508150528963405	0.15043458629650222	0.05976322015279641	-0.13106249663998507	2.0797709665629696	-0.03746730733897054	0.5809376678003384	-1.29303351316701	-0.5053222521588915	0.7832320618090524	0.1545970147371649	-0.3990423637360744	0.20200103149254114	1.0298364849827546	-1.0916611225927177	-0.5887484828229247	0.5650573777884976	-0.24577430935429034	0.16334884188246543	0.9745985569828909	0.18583664478769937	-0.09055804446150405	-0.379529585695499	-0.47334971137253556	-0.8140880541666767	-0.19435672710294075	0.007462526098639519	-0.3511639005399878	0.23164220434739594	0.23803460156086284	0.1423975046935222	-0.1484861997636742	0.04827965821584533	-0.21984339875555045	0.09148108660349735	0.009210131249878725	0.16954355384076114	-0.03728337363484019	0.35008786574043754	-0.373255460051682	1.0059646773485782	1.283037288894809	0.343805746374122	0.13076872201207676	0.25651098120716864	-0.3454831151243793	-0.6988530787163725	-0.7329069721643307	-0.34125861183915857	0.2944561526512716	0.6034797030212717	0.7652286498995013	-0.09980337738670754	-0.5252538409490097	-0.08108922610039604	-0.6888616928878436	0.8476373300971763	0.6226542100606993	1.8420728601868486	-1.2509273601949595	0.3601720874937386	-1.7577496650864715	0.593588718221568	0.22986959584276168	-0.5779522276552292	0.1323164534098275	-1.3017736519312468	0.38210306100281627	2.9359333143485	-0.20508795899487656	0.24971895507439332	-2.6848192548541103	-0.6780178445384537	0.32219122944329753	-0.39650000706418864	1.404579654399185	-0.06626214438921998	0.4812756371232975	2.553920457444736	-0.13359399114169193
DTXSID9047704	-4.484104613044417	-0.6093170653649147	0.6551697724626485	0.910734666045342	-0.8087904807546513	0.6255319882842338	1.279921844700132	0.08095685360123152	-0.6929950040431586	-1.6254514098601835	-0.21377883388612098	0.1905170657998053	-0.24540638017769226	0.10321351805347358	-0.10230045318003941	-0.6732847381647162	1.084613260132927	-0.1342134526061127	-0.47779901069788716	-0.3460297081814484	-0.5642161796781032	-1.2787290046968303	1.6100595178634274	0.4110029056433252	-0.05705766047547066	-1.0723340686263119	-0.45703414589851304	0.8884878031415889	0.1974504633414639	-0.0030321098227515247	0.6890610699575418	-0.2007429580368641	-1.0460065330322532	3.3043898580415263	-0.40393773538686645	3.137012316721976	0.5437494061371474	-0.07710441371787553	2.7271674811505786	0.6358924951436113	-0.20462495222891658	1.7864049340692365	2.5311001769325583	-0.6164658084027203	1.7123961313739093	0.35161910768626653	0.33503730791809155	-0.14611985497934277	-1.0383361120099803	-1.0292766408980911	-0.4682183799492404	-1.42762519481998	1.287488363058238	0.03621535799781996	-0.07822230633959329	1.5116515699398763	0.5910373142588361	-1.1896404319320044	-0.2742669928396444	-1.1360861652604544	1.659095930842489	-0.8275263225994777	-2.382324078663354	-0.24217892758181886	-3.1670636605737696	-1.9062543258516873	-1.4384750513271778	0.07719154520206475	-0.7187430075864424	-0.5118249151047323	0.09930935123402942	0.9652022433899591	0.1312876982872226	-0.005340240333341766	0.02690244046584717	0.008985884011008305	-0.09548874571963115	-0.2191457035334036	-0.41044850403247696	-0.21413169756576944	-0.26554106417846285	-0.5881361549181372	-0.8804801379868918	-0.6665910825492493	-0.009257119915364834	0.4630633752609942	0.423461092986766	-0.20243291993815388	0.5257812546306051	-0.538323771812927	-0.6840258518021998	-0.009569750370301944	0.5614247205056063	0.032144160622884874	0.26522192903906094	-0.002950612052077083	0.7483496206800575	0.7978386352038259	-0.12788424743459026	-0.537604825744384
DTXSID4029149	2.1600203196827485	-0.5512911068987939	5.9870925088308855	-5.95048827465503	-0.247096720991186	-4.87575030492099	0.10351519464017037	-0.24330654509470248	0.47827615794010797	-0.3158090763929883	0.34420108007451405	1.2640355554346088	1.4589379786536056	-0.8011168798877861	-3.4934193167477434	-1.2780776224723165	-0.517509259413286	-1.794311264882708	0.8533092061561351	0.8822557119836443	-0.015178788416838113	0.8760892181679045	-0.5980489948999512	0.0316373139161224	-0.9842241577393568	0.13342187687731427	1.206917931786167	0.8855818523606167	0.3517360313595698	1.2867949736071314	1.040597481631475	-1.5389621377487679	0.4247392354403343	-0.2790120827102603	0.5436661841121467	0.45191104526053866	-0.9103737340070559	-0.24911924866074667	0.6778916205208085	0.9777759066687381	-0.22825857737810523	0.5887231207594416	-0.34102474213655104	0.5659132007444507	-0.45515824283742773	-0.32484654402781316	0.47196318253820835	-0.8133236466757782	-0.1358951577239303	-0.8780145878939803	0.2598089809063304	-0.06167791256644337	-0.4244297951460607	0.30764480296466595	0.28559567354837684	-0.6639072922232179	-0.24850364800595784	0.30032204561190723	0.4035428811279055	-0.8871716364324037	0.6307481208406749	0.06293308647811993	-0.7525943819489452	-0.8183723475251402	0.5129891414223371	0.7390317341658738	-0.24551156832913285	0.3888664634370485	0.9443610450418858	-0.24234232685150953	0.10655203553408221	0.022204848353884622	0.5045387198300155	-0.1462950639102571	-0.27331011990019694	-0.33299760401382067	0.20088557452588643	-0.37425629568761404	0.05029357578516368	0.03013457466517877	0.5063656368683638	0.10111046694165392	0.1836052579934626	-0.2054023505462085	0.20860039818380943	-0.06484605179784073	-0.012376090572783669	-0.44175020114403973	-0.22192645649208242	0.4359469611135436	0.6250232178037795	0.45415033184682546	0.10902301898491702	-0.24489031437287712	0.3424668958362808	-0.01562996862426571	0.11520418502473469	0.38394736201900637	-0.09543584617422358	0.02106613626259888
DTXSID3046904	11.098010627531961	-0.9761257680503485	10.318600574945272	2.7275356311709347	1.1553077673471974	1.9157375962829104	2.6274475339692107	0.4228795928321225	-1.3034399869247224	2.5186316166810983	-0.6189269797845754	0.0637727272266287	-0.7159710087926308	0.8884293553128734	2.5754222154082513	0.6525962113348976	-1.989983339172198	0.6555654061807142	-0.06421143909085061	-0.5890795328308962	-0.6977054553114798	0.10529143496539747	-0.4046288556162439	0.06772985202717803	-0.38514939282389293	0.9293309312673834	0.2802163383377396	0.9906471946282343	-0.02507921595957061	-1.364305048601653	-0.5814282980336706	0.7263677668624223	0.6720913930584004	0.28954250060978265	0.3290789669965694	-0.16341693510895008	-0.9956544329487642	0.23980085397122206	-0.2180900667381069	1.670104368591418	0.28790887216601774	0.018286956359787415	0.7251103288271139	-1.6002814944610955	0.01319235214299764	0.29007224125863057	-0.9536304251524285	1.1190503247347594	0.5944848383050679	-0.027498247957541338	-0.21925308085624465	0.06738943680408066	0.39048140905662876	0.18585595944107197	0.11511449430692106	0.44154935477863244	0.5548649667540472	1.2815778522537133	-0.008755938259360644	-0.425724191851342	-0.2829042915264649	-1.1830679256164218	-0.21176925805535293	-1.5731071102129393	0.5359068128693908	0.023355311658680118	0.6104042850848547	-1.7514524295877538	-0.4738599143444756	-0.9719297155572132	1.263228143879339	0.7619970450966692	-2.348078362164785	-1.3555307263554592	-0.07010839304201633	-0.3618312040323328	0.8209114649195502	-0.7265255599715617	0.2819360333202428	-0.8215954172043907	-0.18498449173476925	-0.16128631931614199	-0.27203894160652925	0.6717676984357566	0.6701214210817603	0.05873011226620629	-0.6042675757399733	0.739488637293146	-0.3478473516001139	0.7993709707184827	-0.749325060494622	-0.4354133423119245	-0.6487868379604262	0.1631724924593856	-0.23336154666364836	-0.3446133199884693	-0.4677072074662953	0.06955745553769084	0.24701249867461955	-0.3300477681962169
DTXSID5049366	-2.6786478135197065	-0.5082896066169253	-0.048482369248223585	-0.8955878584970791	-0.845742477026222	-0.7028279813289593	1.8998812424128209	-1.7154612462483236	-0.5672620751158544	-1.089077050372522	-0.03024649224809973	-1.4332106918226795	-1.16237007137297	-1.650993260929174	0.24316178670820107	0.28735983535348497	-0.748182877442964	-0.732040078237624	-1.0569041774745702	0.7265807471795243	-1.6904605568504272	-0.9705470054634164	1.1451426864875598	0.023640669093317856	0.6701607481226587	-2.3344609483080228	0.7772198190001194	-0.36774773408266853	0.8269624063175153	0.007106340006789964	0.9305596731600688	-0.6350185400954098	0.7491635355268426	0.27198861093192994	0.6086214616311162	-0.5235081756288321	-0.27016880515937647	0.4809786853619637	-0.5650763647712412	0.20034710745153708	0.10250800060359505	-0.8175030016787361	1.15538119587234	0.8545583464735932	-1.000729561572414	0.1934564577359194	0.36569250093795447	0.01459927375838555	0.8415316587984507	0.8509392224274115	0.3570156126662283	-0.06382477707436265	0.3096743489598664	-0.18891750354001025	0.232748638337578	-0.08952533119173783	0.37281317349710463	-0.7109644707248653	0.193311152299191	-0.5583003539969331	-0.5983720706065193	-0.61189105083986	0.49091917156055864	-0.526974906058931	0.1378118428039255	0.2192968583227632	-0.02250888967045165	0.9881866152656931	0.17666022644525517	0.5034514957162131	-0.26247860891384567	0.010441496415317794	0.2517008472075933	-0.30170498325826084	-0.07529017949474663	0.5707769392201104	0.6340757550014461	0.43918671468494275	-0.6556336818636398	0.46966824073804025	1.1510904108298912	-0.7126980905884044	0.5366364983831486	0.29723531354439253	-0.5690019336924098	-0.1845641459224733	0.7482944589197249	0.012660655735871594	-0.016719414033536176	-0.4913430521379591	-0.9202095694543433	0.3867871714345599	0.1762618977460505	0.06500406984487599	-0.1347894496876155	1.1833491170601145	0.5272295004517544	0.09936916206189396	0.09113369648155116	0.6879998410645137
DTXSID1047150	-0.392188067330036	-0.04649474290519419	-0.3999617625136579	-0.36329201785596965	1.7216989476227216	-0.9601822045573515	-2.9828253816743997	-0.3262522725944967	-1.166314510464438	-2.185814731604218	2.6245921009610464	-1.291735228771124	0.6371592769276695	0.6586834694968444	0.3304856538483411	-1.6488348218697302	1.554094807288164	0.14349843167226967	-0.11183274365646263	0.19018824138547025	1.2033738372530967	-0.32311906328660955	-0.8249650035138254	0.5536667748130973	-0.06548550872661112	-0.9579522438949526	-1.177444994047897	0.2967293026529589	0.20139583306804748	-0.26350256898283964	-0.3875229159979974	-0.07971102621192547	0.26091785152844127	-1.0973375403200512	-1.0164684327376856	1.9241652414084398	-0.8337217966461108	0.13576413457072956	-1.5456557809425577	-0.4553274079487454	0.9631062138612241	-0.532731197961999	0.8824882567099722	-0.7609757066206418	-0.5569444595920892	0.08016846512195032	-0.7060503337524764	0.8873197627510084	-0.15094963784744783	-0.4023571375160614	-0.16309466056584979	0.36968052132449736	0.026518496887785497	0.3266262838405888	0.04140875877953125	0.6684089745594788	-0.6781724013671624	1.517932278340438	0.1337218444950568	-0.29454228040811664	0.4460308077750183	1.1394020617812224	-0.01953940095794121	0.21003643796776947	-0.14972175010516506	-0.5281696200985456	-0.07298771991350828	-0.0814953497249269	-0.5204373155074089	-0.047451428510655994	0.219457108522158	-0.11692751720142953	0.40189236347671303	-0.09172479534774011	-0.5471667363463693	-0.48230371300389674	-0.09116340974920342	-0.37189587467108115	0.7916772976003739	-0.6262315085332524	-0.3370504228914904	-0.22109861438937603	-0.020842353126959565	-0.515809064338934	-0.035841359223378735	0.5287178493422795	0.3993051019725296	-0.6483339289434975	0.4209704189945919	-0.21431068265463368	0.3661898634082974	-0.8141947468134015	0.08951206758083385	0.5976253423771213	0.0858229632353032	0.19370821811830796	-0.02844636355853694	-0.060237368156165295	0.24494225248635515	0.3342548967762606
DTXSID7026609	-2.549464433750004	-2.6881424115181294	1.3511088408511844	-1.5339998100307133	2.0830177559423553	-0.7981985943456894	-2.3576526213363884	0.14830369789565181	-0.34840590121867304	-1.6305210528158913	-0.47977985538665385	0.12510316989518558	-1.1672086251961151	1.0229785560596643	-1.6320870310780637	0.4790396936941863	-0.3307872928088039	-0.8974803496189414	0.7342503979156324	0.4179406955562192	0.2504307631805811	0.6084819620066669	-0.9256749316113617	-1.1551138039515088	0.6070676301855971	-0.8017697233223312	-1.8136180811239728	0.050070257947184484	-0.02513969141112417	-0.6116501862166855	-0.9084862605775886	0.16870197902132977	0.2056329318571324	0.16934461931606043	0.10780664511714318	0.4769953149264092	-0.10078162198651182	-0.08552576415963066	-0.43701086986073145	0.0909162434660561	0.014848478430730765	-0.4702190274715213	-0.5815648267871366	-0.40500944352067575	-0.3509421099078755	0.09471058971098247	-0.2250308786348212	-0.29575654240706256	0.061700613181622656	-0.1104074083499142	-0.23560793639321867	-0.43944957450377253	-0.2835322139380636	-0.3463685443831766	-0.15378425530825046	0.566980504126132	-0.6445422010390044	0.31239949256022226	-0.25269929664170776	-0.1338717777716462	-0.6069219837064139	0.3072584923644288	1.3218223090513792	0.4971964520881015	-0.3373411131957233	-0.9467095957984131	-0.6584129375816041	-0.033755630284478304	0.2825884051326535	0.11217034359800476	0.3888095579911066	0.5129603466942791	0.5027341182119125	0.13966711830269307	-1.4106392889108463	-1.0010366127040407	-0.10226886466423044	-0.43905256912718404	0.4643135058737312	-0.24201533198264305	-0.09309438232911615	-0.3007477816514804	-0.0012186126306152633	-0.28076361945207895	-0.27982600375011485	0.69849825323541	0.08479894737714748	-0.6357191138988926	0.0313899566152586	-0.45881166147338803	0.5509687952257688	-0.09509572479477087	0.9692276667885138	-0.011794519015780255	-0.898668658528841	-0.6244100264610618	0.15237747837839702	0.6438672051588453	-0.30778807167524075	-0.6309506681767044
DTXSID0028618	-2.490043981142972	1.3764673270588461	-0.6367189626623261	-0.35742522089912787	-1.7825758376063359	-0.9166902449496193	-0.6211436316092543	-0.01733181469899844	0.4745935467785985	3.919377337371859	0.5756198179460085	-1.1642912693402956	-0.6242563975528453	0.9711204916707886	-1.1952915759104714	-0.9249922092278322	-0.15834956715753953	-0.038239561844659875	0.6427555836148781	0.12939721415327113	-0.4892259171105086	0.28768708606070936	0.40079599500206975	0.3991940431792659	0.03412873814840383	-0.990458726106077	-0.3051491146696695	-2.1018799017076715	-0.01688946356163389	0.5865691558905967	-0.29696522816336884	-1.2200586164822953	-0.4898659743840357	0.0951516834257532	-1.2486055283954527	0.20703845072145624	-0.6190313026148532	0.15188385937355878	-0.13708299517203984	-0.392151971556316	-0.7727294326894579	-0.1283140985923232	-0.12524905418207857	-1.072851957530946	0.7584815170569874	-0.34405056652068405	-0.27833667113301763	0.3838353858387999	-0.6216889188967044	0.19517763682511954	-0.345972399376051	-0.3272987762099683	-0.1766524978046133	-0.08395124096214451	-0.5325098080430867	0.1324644641990749	0.2984326751314895	-0.7079077986520085	0.3900926876620497	1.0010137118897582	0.9861626030431854	-0.5029837698031279	0.7872187688879863	0.3709820425120058	0.705457085523181	0.26602209346347183	-0.5840959353335752	-0.8504576535584863	1.1865528400127776	-0.39134149973049653	-0.2015216536041969	0.29835286288551943	0.8290758868299567	-0.8383620718117342	-0.30917321505894163	0.2253485396625685	0.472545976602009	-0.3360417688809618	0.48314831799388214	0.1828198441926944	0.05790811116831848	1.0840915122902923	0.49486096744065455	1.395158033218404	-2.2351400878597856	-0.5381910299164442	-0.4200035817055042	-0.13387437347200837	-0.8825956255921361	-0.0103882334210184	0.025131001397130537	0.5895341612390981	-0.2347066829391437	0.22928523759991454	0.22957138858918913	-0.8930728846727233	-0.47991921068322524	-0.5460433767437708	-0.8442558432536517	-0.1306972069322769
DTXSID0049234	6.235083057813086	-0.09362038247958475	-4.36704568401299	-7.999312199046192	2.9369433462132184	4.51966295125874	7.212963709429943	-5.526748732735887	2.7125131690131528	-3.0121522534562732	-0.8725739165126771	-1.2001619179971685	0.16634705681009374	0.2337441610424769	-0.9999127157583653	-1.2275411795823488	3.779929066482023	1.0936943531317045	-3.76729070181079	0.12761286971782057	1.4523806221316695	-0.9964758210228905	-2.44638036636749	1.0341307444206729	2.2157360153980497	0.41359334213760474	1.347388014704077	0.6418717342879537	-0.4794330746678062	-0.10852595552254245	-3.2338852205816946	1.7428887598904785	-0.36970187222905554	-0.17874528233295625	0.989330428137727	-1.3028214278715478	0.5226528516773781	-0.2406428662174786	1.325133123395825	-0.37822818473965353	-0.6510556819693265	0.32706287640060683	0.250507487771384	-0.9712923929182578	-0.4554296430403592	-0.10311888953979195	-0.43140811251256495	1.3578066427552604	-0.016842208493761376	-0.10192504072792993	-0.2721662930261531	-0.011941390804652246	-0.5414324098166059	0.3316345644749822	0.010403389326508727	-0.7223599949131766	-0.6197312177554326	-0.9191336169085887	0.5666908889526481	-1.1270763523992509	-0.8843420926798686	-0.7432143481058899	1.3052260690736848	0.5898112507240939	-0.002458648676843321	0.10188173842221278	1.1235502565346873	-0.5993638807185914	-0.4395150926479512	0.5459425239999163	-0.025523922015680014	0.29920283938995773	0.1576706534922335	-1.8019975776629515	0.05725341896218789	-0.38738461861841045	0.05604542616104178	-0.17610542125591494	-0.7656135192456999	0.9063144016476384	1.5350350215914474	-0.7419246386082172	-0.6613055232390744	-0.07285402242298313	-0.8132602273421561	0.5794644402225706	1.1629769156228433	0.3621491322959382	-0.5832953434020565	-0.7834019109438277	0.3137824679516666	0.13933351788435977	0.23795013585225477	0.07807188418901148	-0.6816936514390831	-0.9811621338281025	1.3752783170855916	-0.2914985369418193	-0.3969261367628368	0.7883031372469453
DTXSID2046383	-2.360960557439457	-2.89612099076542	-3.116916248408111	-0.8437958565081749	2.138316962258168	1.4795723223410415	0.4437259563475039	5.729564552098237	1.6163220211237583	1.2174212772591069	-1.7231241319099309	-1.2101184483503775	3.1070826536964766	-1.4754550584405741	-0.7052870966771008	0.4895560964739737	0.29927301952330826	0.1422461670539922	-0.11762120163875017	-1.5554333561885678	-0.5732871474479334	-1.0768120468869053	0.6148840671967268	0.8109641355671835	-1.9256173096220444	-0.7580439853246982	0.9175914225900892	0.6644341637627368	0.4906592613330247	-0.09085053042496816	-0.5749542776673457	0.1544045772888087	-0.14496844092723346	-0.23946915170940078	0.07341661109489518	-0.7673905537510038	-0.9558761843873606	0.2258507993465031	-0.07350426332061147	-1.3285332609532257	-0.3631378541063286	-0.24003709578729265	-0.16160980326159116	0.03766961615688318	0.14908911449458093	0.5349962477430203	0.7049889389515878	0.37947925282435935	0.24290736192797308	0.347014847661507	0.25580422368271566	0.73290929756715	0.7761113097866899	0.18784281973858113	0.9686704404439982	-0.6371359871078756	-0.013825852627847609	0.07861530489080604	0.2915275578720033	-0.1645929658698057	-0.575268486166735	-1.9490898320950385	-1.04778488927418	-0.6600304388840965	-0.7506462294483807	-0.17055821500433668	0.6374918014406058	0.6780495121211844	0.37201732538472865	1.2383792865519943	0.41983729766155004	-0.7919967805558131	1.4590555967616496	0.6607568026250424	-0.37229375192859043	-0.4094349043704956	-1.5423531600755975	-1.2177265289724117	-0.22167213251746198	-1.2974539814499484	1.3222499903450153	0.5447884058624162	0.27061654247145395	-0.39683855320301875	0.04786736749512944	0.5172053606579781	-1.165734203190276	-0.1267466734017135	1.7511869276565855	0.12504781924743105	-0.23990380126384553	-0.13953522754033537	1.7961635570741334	-1.174898435148487	-0.4615769326238756	1.1408415138950962	-0.06648795313466567	-0.3595804791127738	0.031179075900005005	0.04643947847854001
DTXSID80382093	-3.3635342941387436	-3.605102680027055	-3.263783401094452	-4.46048467287053	0.23065468565819106	4.606083791955253	-0.6024536701572084	-2.3751304988812096	3.5591483384744875	1.5097503136483068	1.2104623294148549	-0.6763739954401387	1.0812875913337474	1.7300371372268766	-0.6581575005402197	1.372734565498791	-1.307188957228024	0.11257452224462974	0.8399702089301538	0.049125423046255744	-0.7576567968582946	0.7203521884445268	-0.7456039848951502	-0.6134461123231603	0.04076144146048879	-0.252704018661826	-0.559145490314266	-0.09624338117522267	0.36176091965143314	-0.4231863795221522	0.02127215511096702	-0.2825669605633641	-0.40148416355518685	0.29828766376067156	0.38284192773985565	-0.09295205192319603	0.3102101416446245	-0.21197792910787974	0.05913726711072813	0.01098643497552772	0.09303187313173411	0.0625033614917529	-0.11458928865043727	-0.4001064412519829	-0.31996273508179335	0.39815992109982373	-0.48964776734846344	0.11316691528368052	0.040212647348528474	0.0828401470987023	-0.08101299241347373	-0.21701617147968782	-0.4685125324718101	0.16262763662902277	0.0992975051501769	0.17034888635906958	-0.009001284602639636	0.2042087717318785	-0.4192952434745575	0.18358745000636875	-0.2667624780989436	0.1697161255283635	0.2563774188996346	-0.32588989665860546	-0.29732568152689365	0.2660976939791434	-0.010562806174991092	-0.14926284804391327	-0.3255792901572665	-0.1923344895621545	0.06919324637722994	0.10497227804160217	0.06281248124903471	0.06917528204431475	-0.46107356805079797	-0.0863104600985792	-0.2627917217003777	-0.17475756125302205	0.04233817835149434	0.2917510057960492	0.4929438727587564	-0.5370088204912468	0.09943636653310547	-0.2842336084731638	-0.2175599734736121	0.28856748888065414	-0.4070134330351217	0.19485998215156294	-0.13557284829103564	-0.25498838543377383	0.7113257624842847	-0.12005910902225299	0.25828790648561706	0.23235599904855705	-0.19436488666387752	-0.9847234378273544	0.3256827531873769	-0.11258630168664127	-0.3616620171899802	-0.3892870791103328
DTXSID9023752	-0.1531261212209659	1.7201004369405553	-2.2630963266263677	2.9630625659263337	3.3942472403722204	-0.46676592546948736	0.7408823500012847	3.69632015330569	2.9159139290057174	0.7394782733260247	-1.8634029944526118	-1.568345810069498	1.178309396873029	-0.47528268403299156	0.1642191026716539	-1.9079510125125645	0.30218973462070187	0.40735089675537006	-0.7061680165117671	-0.42864862232782985	-1.9506904467704513	-3.3422268617265134	1.7083522222600709	1.3970783986663966	-3.2741515684056806	5.591231819888054	-4.7589283082239975	2.1256710458162145	10.060608228640284	3.8022482570704677	-1.7365454209555955	-0.21984212219522692	-0.01599897590240566	7.281443941607053	-0.8098131425060207	-2.1567179799734126	-3.0993411130460298	1.1479191510180782	1.544445512824649	-0.5078858364039438	4.575212122382941	-3.2532022954207327	-2.3728417955377625	4.172949343414972	-1.9799606770763312	0.33704970300061277	-1.5347021325197834	2.810696418710066	-0.5986940904520326	-0.9944785019318181	0.5207173734630622	1.4174809516957407	-0.9596490337290151	3.138327850371169	0.11214425183852533	0.5170029375874708	-1.251335267104039	-2.4959518484525147	1.1062865792945489	1.3845322018894277	2.875460585889804	-2.6128872678174377	1.4353113519991003	-1.448668125046946	1.5039768886728089	-0.10449272616401384	-0.29093965684348344	-2.9453951101077527	-0.8008410898304187	2.188531265847189	-0.8943976659665726	-1.85587880382353	1.1262650682950184	3.6745659240666355	0.07362942643085578	-0.3925899259534827	-2.0748741241498365	-3.6416290464950447	7.475950962229015	6.588318898527979	-0.04260853456001879	-3.3827579285758547	-3.97100743781576	3.564109714012556	2.3024445907783946	-1.343532080803305	0.9383254321881479	-1.490726394196217	0.2842254565219854	0.10952578460723639	-0.6569354579385841	-0.6890925966613056	-0.011609884598019943	-0.8120918337828661	-0.91129058056958	-0.5421906766819435	0.4446774363995371	-0.1638877329951596	0.3563025956886714	1.319127179774764
DTXSID1022974	7.141638141262481	-1.368740705464933	9.880904956332797	5.204082956032989	4.142054131468545	3.6221737717244076	0.345007392656845	-1.2081722682523885	-1.5354628861094615	1.5072435509448827	-0.17236238373865803	-0.8014262286166054	-0.8170428099203484	0.35929545868531226	-0.6103922245134176	0.6107579077599433	-0.7548014668682298	0.20125368205517513	-0.7017085457323999	0.8784658654173165	-0.02667646268675001	0.016394576756226988	-0.5774932444488313	0.36546045773385566	0.13190876151029626	0.11181140415820963	0.8036683745000401	-0.24086397094525333	-0.023759396634026143	0.4482897243838553	0.9857853309936475	0.9631491224003574	0.36012003034347584	0.1124376428598984	-0.254012548988619	0.14932315208919125	-0.006906825395890374	-0.5615973664225815	0.024722449742517555	-0.17962233998256472	0.08428375622475402	-0.048791252071725306	-0.25623280104012736	-0.5777481627396549	0.05581364671130504	-0.22197551605522559	-0.33785875060194037	0.4296646050231849	0.059797239856464214	0.1532815517253236	-0.16272732498507125	-0.08918953651893742	-0.31753245827401644	0.15568281777773313	0.14872807036925317	0.23393327443966325	0.04982001094407188	-0.14548428879187913	-0.12932885574058048	0.27286685811563816	-0.7074030002550058	-0.20675958675234876	0.04847653436591298	-0.48866732317722494	-0.22357803368850626	-0.5326045962721531	0.844547747788361	-1.3640460552550535	-0.28001995977814115	-1.0851756483733168	-1.119065000906447	-0.3730886100599497	-0.90514978440132	0.3870624897965674	1.0427034684242296	0.08402401558721118	0.04626343203569952	1.0041819629405735	-0.11470208367509283	0.18436000605323863	1.0882081030607538	0.25030922150442037	-0.37200820673066914	0.15027541778480827	-0.09691505760655462	-0.29759924365986407	-1.1226167971866337	-0.424367365019153	0.2026275768993514	0.37282908659227754	0.862697218294319	0.3776327205715948	-0.6855422600217274	0.06246463351244623	-0.025528181922384936	0.08543465680943241	0.42029521716446416	0.6678325336416	0.7176324687258339	-0.5525989344343814
DTXSID2022628	1.9469407598636708	-0.44360886568194696	-1.954145241717096	1.3195976048135236	0.8360053788595531	-2.7889733069631575	-1.3700742367158334	1.1807904322896894	0.48638837553212727	1.6179670289956827	-1.8912242501070837	-0.8075166227332489	0.6772986211239995	1.602082375997151	-0.6387297886520922	-0.4543947832300862	0.9235014891386486	0.666366293147458	0.3253223855482649	-0.9246543471165467	-0.6934078351371532	-0.8002220896389449	0.8990800870972588	1.287359566591989	-2.0796581496261055	0.27752431479443634	0.4749706529142738	-1.7145116902139046	-0.19592567464724045	-0.6694063315777059	0.17286736890703383	-0.4463431799004051	-2.2942470997762134	2.64230464237653	0.8338836366789675	-1.4830476268017183	-1.2420927255615564	-0.4176308044945222	1.0392754851945472	-1.4289170655990775	2.1292839488481063	-0.7226780815850924	-1.698867272030458	0.8779712915080519	-1.5112546487863614	0.1764585231299466	-0.9755306864565291	0.7120068606330326	0.33258837369244504	1.2083205752293007	0.5699640592630618	1.0081439557520533	0.3411949868813837	0.6927380124460418	0.4064067911965297	0.3423152673310404	0.2952067322709397	1.2502061584531592	0.6758533404650565	-0.22042708752251203	-0.6104670370184023	2.086196394199182	0.9185885285978127	-0.5002682286822412	-1.6584192189406577	0.4434566601195482	-1.5930060050427954	-0.35038821328258923	-1.629319277846677	0.3792818400577248	-0.36124014043527536	0.8567358949902341	-0.13478403922487167	0.06359366274794559	0.4880208437084632	1.2789777459132419	0.3277585029694255	0.5472789895808576	0.08045888088741532	0.2272533528123868	-0.38492426306182853	0.3074784522678808	-0.16701265086010522	-0.4304634645090732	0.6622207268620062	-0.37437551509263617	1.1294079825816212	0.09258045798868406	-0.7336310976814037	-0.043959590437884666	0.408867982218907	-0.5549359960342957	0.07700444271220235	0.09856284552911068	-0.38430987302172076	-0.17916178186256518	0.8217284414028133	0.3458587914146035	0.5854733150692077	-0.07608318283639422
DTXSID0049313	-3.2566302474553472	1.4302086730620824	-1.1990485935166617	2.256775595534575	0.2417208560420356	0.19568266608213128	1.2897862124512025	-1.3505326146462668	-0.4184471614037963	-2.03156280451288	0.07508173843162025	-0.4811413763674447	-0.8697545499287298	0.16756905440709102	-0.24714832218281174	-0.1081027501862849	0.5550339081247088	0.3214521385736861	-0.28567584536794477	0.2630945907846477	-0.010886377350140154	-0.5194959026662108	-0.23661391851168975	0.6063274586947123	-0.16788709124591514	-0.5256552597411065	-0.09365493822214328	0.5449178966701601	0.39181925617141145	0.07891627280775736	0.2758760812192003	-0.31985438567274743	-0.27336765431464616	-0.22368994711902648	-0.3327999021896587	0.7934468324547866	0.16153171690086188	0.7628096899338525	0.12763960584971726	0.0839119163125084	-0.8938830131618615	-0.1544729174668412	-0.6135831750116133	0.1341258102112631	-0.020353937223303444	0.35237962207136725	0.7175858958359543	-0.22118483482804216	0.21791370991593473	0.13464612113331897	0.10060915277545458	0.14203042527809467	-0.05401008062666163	-0.10146824126115743	-0.3376193504670279	0.3162915278065197	-0.517326870063457	0.09695307246067082	-0.24672671489624357	-0.030098114503267492	-0.10690380244593671	-0.2883862945112816	1.1568426891493315	-0.13751500241716158	-0.39202341006880864	-0.7689368432804077	-0.14743060355666837	-0.4085564176128391	-0.28885202374995256	0.9789446335389334	-0.00662659033792622	0.46454651984221146	-0.08578297982831956	-0.7269943503902085	0.6335293944870749	-0.5169683154423386	0.1703501975311132	-0.12333053349488539	0.6610454877872959	-0.05455045646259874	0.3384280890721131	0.5483015703764256	-1.102239889712512	-0.9869319441681333	-0.07877421271020126	-0.711653282439813	-0.20745604476321733	0.1560334054466448	1.0892010847840516	0.5131348203386926	-0.23058348454695513	0.8600827915312926	-0.4871793515120705	0.43999356896294917	0.6372606744509823	0.2588074468626884	-0.5384068963259864	-0.2974798374814044	-0.1866441565710293	-0.47547253426609176
DTXSID8024600	-3.0456994995183733	0.019782078483433073	0.3627386504256655	-1.0386204301663289	-2.2920533240838266	-0.9839730942563	-0.5383999800110231	-0.3022904339458479	1.242231276249224	-0.37212545207036496	0.5699750705807287	-0.38984077386916954	-1.5450808029781256	-0.5579174804936534	2.424035953894938	0.9964820797366318	-1.9950203127060118	-0.5534165032537004	-0.224507858240871	1.222863879446839	0.8084762855497944	-0.6475590545267524	-0.49878485248229176	0.8862633105574454	-2.2644706581365397	-0.7443018713401057	0.3559203613981682	0.9562087451120971	-1.0038971640981686	-0.3806443073563575	-0.195093892754161	0.9704695029341613	1.0549378258200381	1.2999247477908669	-0.131957626665625	-0.6818155377107619	-1.0091383059057426	-0.18668290516486302	-0.24032470001853515	0.029258704310682806	-0.7485381017203867	0.061990330483834746	0.5522529495570899	-0.29821998424995033	-0.3716962233958971	-0.14994849509878105	-0.36979453635791143	-0.03493951474861278	-0.03972078276131767	0.3593677324179533	-0.10399186204206141	0.059340506647105634	0.47523610227048196	-0.48145922341410474	-0.7736991579299493	0.7887209735369947	0.36292142536331207	-0.006623327098928838	-0.744323322198428	-0.21858520141856072	0.07213686425583926	-0.9382976635273707	0.8411847442926311	-0.19510194500087816	0.5030354140189006	-0.3661698796782746	-0.4322844555477977	-0.19728026258898562	0.04041461228498447	0.06182079446369153	-1.833931650813523	-1.1296976366800444	0.4880723006324182	2.0539708756833908	-0.9835652210336221	0.8922403006319823	0.528158051345738	0.535712893421763	-1.2750581660424407	-0.6428688390188543	-1.473329205212482	-0.7618833189106891	0.2407559938585899	-0.8905669641004551	-0.7560470255351852	-2.161339457256134	0.7324167033261934	0.9736721506022714	0.8159884999900032	-1.340393090446431	-0.11483134038939496	0.33376596348828336	0.05652854605776847	0.16833479025390438	-0.5654784199917934	-0.2626753921836571	0.5346781257573358	-0.027092000985922085	-0.026235626658456725	-0.09912119182531008
DTXSID7020760	0.02741639089941819	-2.3434375497531335	-0.7419347880102158	-1.3957353423013716	-1.128059406108301	1.9061555346250787	2.8410572858087195	3.867790908991297	-1.2823359045417004	0.33641310418401504	-1.1723891749369681	0.5912023000972281	0.0937357519778296	1.0054279391822267	1.7384892970230617	-0.30815396552120616	-0.009060688923090915	0.6158757299122284	0.04066255702216448	-0.7102115929427403	0.7893608889694896	-0.19608480442727086	1.2794849904546957	-0.4024237180940224	0.9053453077668961	1.7733659370474202	1.222304291720735	1.0196129471064177	0.5474173200173622	-0.9398463822006101	0.22292751955596393	-0.10193576552798324	-0.302299242128938	-0.780013083180868	-0.01811704349688392	0.0841095518748867	0.4389883206176015	0.05041775661198059	-0.39399153908898027	0.3674390492435893	0.47173969955858114	-0.49270426183112476	-0.16190159752569272	0.39348382009061034	-0.42694363045618666	0.2217871901959052	0.78825155966336	0.1868010675338469	0.1762967102185379	-0.2943021586890512	-0.001779532100641706	0.15633014912148552	0.3823513531841871	-0.2104837134775995	0.30868409363206295	-0.919651843269151	-0.2269536718683392	0.3728765494049711	-0.24828384271335593	-0.8244615676287719	0.301396427196861	-0.09146045698660549	-0.17530565877048077	0.5112688422510767	-0.6769423744716042	-0.43321977462748573	0.6378459006710259	-0.2399802978693619	-0.9471046318340338	0.5932547610682739	-0.3321418738512578	-0.19103536417515202	-0.2306896852158787	-1.3788697236852894	0.6670469423316459	2.1308961774658015	-0.9755866327880123	0.19161560993909915	1.1263337188906144	-0.8558561252164023	-0.0025218180827832394	0.05792483692923502	-0.015067498916638297	-0.1892581678489036	0.3986183988458102	-1.0029473915059572	-0.2167141222471512	1.1772682365547062	0.043902924367338454	0.4517247883365918	0.4993992868869162	0.9666982366826388	-0.6038059027267609	0.01917967651308865	0.9724546773606062	0.10138133853786224	-0.6571813306299079	0.2720822404331491	0.7628241137187837	-0.8224133697882352
DTXSID1020697	0.3892156429287709	1.5470580266383156	2.568546208852847	0.21724749950415578	-2.586443484388593	-1.0898156606388394	-1.673889366426363	-3.4615952724381427	-0.9209920320255496	-0.2398936127246336	-4.578879312975916	0.280768720369443	5.374389625835046	0.6671203826135697	1.1396730006293336	-1.1100280560396323	-0.6061274048899326	0.4655259520657565	0.38309378720739057	-0.36254542617153385	-0.35422944487763164	0.24111495700622343	0.4706323093123988	-0.08316533559626449	1.1002106541081904	0.4047790692536959	0.11639006553306547	-0.8639015096006292	-0.24728276625137938	0.11980078561926161	-1.1409999421081416	-0.6364815392839249	0.19473541915038303	0.5178697713870839	0.9324083818299179	0.3710770189156073	-0.17066714179083245	0.46054003235982677	-0.034909203351546875	-0.010232706062095866	0.14070031202765643	-0.1264757087796182	0.3015131037865767	-0.7457094077878632	0.2155279850537954	-0.1910461915831444	-0.3462512476308859	0.030096491840050685	-0.11139059438812683	-0.0112847557068361	0.07486266448199765	-0.2623774938862028	0.6211070825779501	-0.2628809230281182	0.16007120357723456	0.26031168766879387	0.2874514693348514	-0.2313757679794154	0.9719873235894132	0.1876322353304432	0.1100716521666423	0.2157846605533612	-0.5716233421125889	-0.2779412326936433	0.3790505709558429	0.12205065896388431	0.46095663813909327	0.3704418644327826	-0.004212556984859655	0.16492787717089422	0.9279096243143686	-0.8231607562367652	-0.37806322470917986	0.6339636902288439	-0.1723558662002091	0.3163546365926468	0.22624290138347358	0.12042628691461393	-0.11572729788023825	-0.09350732093059094	-0.6559217222697559	0.4764754732092393	-0.5550710441264876	0.0034439889374958473	0.307087884248272	0.21800265324678564	0.2195765644047819	0.08344621145268065	-0.0675722970663221	-0.4949982478550915	-0.23416963368774935	-0.29296582493176443	-0.18977233021620188	0.666936388809895	-0.13053116266859213	0.10488417671246036	-0.05677969406293569	-0.1223455645858467	0.5824051807567463	-0.21520233461341093
DTXSID4020535	7.7418816357500555	0.7148312138955324	3.459926396971966	-2.988984005346942	-4.794257992967516	1.3142200407059963	4.471919260050041	8.4048369430212	0.1999184532671324	1.1104706053010325	-1.6248233488833934	1.433521724505414	-0.38359842019261303	-2.0973993491024485	7.215359660004074	-0.9121339773186903	-6.537148059122833	-2.0448285842327576	-1.8396390838859318	6.6928117243115475	5.7481863695998205	0.31272882430181054	3.058945782024476	0.7627700528139164	-0.7961521811742492	-4.298837405554493	-4.984924598974054	0.8028624882258323	-3.994319993339004	7.404894357122868	0.42433870889258674	-0.5846575717345308	-5.51352863174481	-0.606667158854958	0.19110027750214445	0.46870636934265075	5.183110343758256	-0.4891046035603542	-1.6862536273607378	-2.0749055790951587	2.5686183193993415	-0.1458166965505817	-2.0417264603560086	0.35160144759191847	1.7591711929557203	-0.9243801968202614	1.3597190914648454	0.33967573147498337	-0.5812388523791202	-1.259752002502398	-0.49811464624065943	-0.03893596572630825	-1.4408504567237392	-0.8448577904680914	0.9010660678240285	-4.119289318174555	-2.1203493045023105	0.4170728174604823	0.3821992970214551	1.1214942266171422	0.3178782367359931	4.087363170461335	-3.9908985831203028	1.0121930521692937	-0.688379462347055	-2.42338511029732	1.022732999524504	1.8454224628543707	-6.830976375611504	-3.7503722123178678	1.1539808957149362	2.352471333111951	3.2174155971705987	-2.4176673783471556	-1.1032763423939742	-6.495692301485497	-0.8883117991811939	-3.048560217950842	0.8629114316430376	-0.09988858192351964	0.7106944860030101	1.518446125840519	-4.659231007311112	2.5804381711941087	1.9850983619156344	2.6787067155240747	0.5016166401811979	-0.19427686004200764	-0.5795863226459113	-0.5838836588402225	-2.162562208827438	0.29875721386783877	-0.14770153570970368	-0.7007437176568203	0.8413821979976802	2.091181470774207	2.1946476587884485	1.720279317570499	-0.26375251467076977	-0.4333629788796452
DTXSID5047168	3.262356775765875	-3.271926999107346	8.485730607956064	4.285164788642331	1.1392893430146769	3.445067992420955	0.7984585354994781	-0.9000340927367423	0.31018813418383234	1.2594371547023788	-0.45130600102477747	-0.4050332159234102	-0.5811286929190015	-0.6620701907383749	0.9115828635711164	-0.6049609415649616	-0.14319001337633377	-0.33734417624972457	1.3920722708847855	0.763027256886507	-0.041121252084136146	0.8018943033211434	-1.5423045193493108	-0.15844090487788373	1.8378398689066278	-0.8872479272591594	-0.4582291457360027	-0.6339410658693839	0.15404384406426125	1.2385569819221498	0.814371287718039	0.4315677331400778	-0.9286104248835748	0.3126117510742408	0.9336648809165502	1.904835400140387	-0.6853574669081797	-0.07587407283232012	0.3652693210543214	2.3492262691157753	-1.1658889685540565	1.1331479933745092	-1.2267219222632508	0.5501881968283708	-1.8355355180719968	0.450072189493278	-1.7761582726287326	1.243868700405093	-0.4281486373028923	-0.23476755359080043	0.014338873572270388	0.8876749331696355	-0.20945768675052415	2.0939419711142455	0.34728646928068496	1.3899863443930376	1.94915779768122	1.9591091631901005	-2.2834649379494314	-1.442992515373032	-1.7544357805429536	-2.437898020517135	0.055256966388913364	2.4958129792550787	-0.16826280825422527	1.8739364120932083	0.8581104030530212	-0.5966948673451467	-0.02356979357858733	1.6980533902268915	-0.1838179713890136	-0.03531655119020591	1.8297816339307205	-0.2628252360945031	-0.5529775967235432	1.3174408045375157	-1.7692039125143841	0.29854373946030394	-0.5843096910524874	0.6954852824784638	-2.0287526187421094	2.315370392254455	0.4693614870920746	1.3531329545008226	1.0970756467847993	-0.09304104766020163	-0.43566747239653303	0.08301832916375673	-1.0451242310449693	0.2722132119173194	-0.5368506819373042	-0.113680580104065	0.9549846982093699	1.2448457439833562	0.672056628528597	0.05573967145565951	0.628207720650048	-0.26834896069378544	-1.1406130941265429	0.47570234485093316
DTXSID2041674	-3.481020862705906	-2.613087731266766	0.7753244291045306	-2.409342543656191	-1.3205244425564526	-0.8583440618691854	-0.6406272628098489	0.35907958241771964	0.06459463747563689	0.4100770443022048	-0.5042878782772641	-0.01696375994036153	-0.6105843597036558	0.8308120840279041	0.5209399278502619	0.999388101999826	-0.8899907015062954	1.0998312732225397	-0.21781049455735121	-0.24615630252898235	0.006603131550367342	-0.07674668418161262	-1.3426754457389043	-0.6904677603832323	1.3390064397259651	0.09211322490406766	-0.3019948660768894	-0.39179340014624947	0.1860266563198709	-0.1511026407570868	0.5010640899887159	0.13088978255184952	-0.6452015564872876	0.08389346380357635	0.18232723037768525	0.18008466666735512	0.3451304560232553	0.10396969638021453	0.020319716660630406	0.45426694491513714	-0.13537525304122722	-0.6287424059501469	0.05970716773797677	-0.023573695620133395	0.037128954194927635	0.25000447665899617	0.03311215889179566	0.1343544480588351	0.26643093440984145	0.12707888720469776	0.03351465405097208	-0.1979623220754189	0.23885592474941866	-0.18249720064497155	0.27306684393690916	-0.48036449948208293	-0.462714780314832	-0.21978064104958298	0.4172024963666608	0.07900195913727626	-0.08083369967645719	0.10225225947725283	0.17561984587234927	0.8930015051976551	-0.20861217790156153	-0.5383723634916714	0.2525494796112464	-0.5196674254732577	-0.7813143813435097	0.642580976444451	0.249227792334781	0.05309334178346622	0.29808868958176965	-0.0017425376901393213	0.9422686313866683	1.0012391900146382	-0.2813438991645192	0.4463149493084834	0.37087697513279744	0.1365620063906862	0.41790718031103957	-0.38821001508586356	0.9150047161682171	-0.20461848611524672	0.006570693840051148	-0.26147301850485033	-0.7257392183083675	-0.4467044890519556	-0.07222576743386432	0.5502615353838135	0.4018565213636758	-0.2382730767757864	-0.20876934201428762	0.2208910321041103	0.019290666035243802	0.3184797789586747	0.09536373313607197	-0.137732093118856	0.14306211075957254	0.579582327466559
DTXSID6022393	3.4024707373166736	4.270683968423616	-3.647231586880011	3.3776322466599407	-3.1782993420666394	1.0269872894994332	-9.274708716438795	-9.086457111788086	-5.895452263853589	-3.07191892952207	-14.122812363930409	-1.209087562127297	16.160224288531897	0.5185062646982553	0.5653095371916773	-1.2036689389976796	-7.230566728377012	-0.6141951118625883	-3.1839248538174925	3.0509640022698252	0.7339541114668958	3.3849399360774313	1.9881071587161117	-2.739896189528088	3.3352424814522434	2.5793795589354773	1.6045304718692575	-0.2149020758319995	-1.2328263839384703	-0.3524551723775868	-1.0619009106182007	0.8921529944233493	-0.3803142998509928	1.1289514734466288	0.3305784849247958	-0.8914394799903476	-3.2395691966200952	0.6954085125262328	-0.4055580279249602	-0.363303074384636	0.48919123488976946	0.38122806646317803	0.36012415963852035	-0.5152044000532285	0.5856323505965666	-0.3419385021028498	0.33300754207615735	0.19846799599581783	-0.8594938693596881	0.5759303131384581	0.012092935191743844	-0.4173345132541106	1.1285619105456173	0.5908817092432114	0.21935293672860065	-0.15648825111013395	1.2947423421133566	0.30769268545569206	-0.32974858491106124	-0.7569812914835271	0.46933033902537236	-0.04072783987323704	-1.2374528503646733	1.24544372590718	0.9853367933848589	-1.2191215159272724	1.1188858397361217	-0.4799391499622045	0.8009019494829471	-1.2133493171960814	-1.7107363483673963	-1.1024477996972375	0.9451352541624062	-0.5339996111229806	-0.6561222582136949	0.9300745516754769	0.5222402139608526	-1.0273809858682867	-0.6393331958342559	0.31677419371112675	-0.8722391420951087	-0.21895417477201243	0.5349739815813784	0.6387483585502567	0.40403695735672684	0.06740221561641195	-0.39029355842060265	0.031084442899055292	-0.05092269445360589	-0.4981126572636647	-0.7157081461218785	0.033540247272912854	0.025932571120607713	0.5646173524692523	-0.5584925866986167	-0.5450756252321929	0.3824278411890155	-0.013342542896134964	0.14316605640939845	0.5023622452313936
DTXSID3049251	-1.6796895679852946	-0.7237310111692995	-1.4099499947804461	-2.1674455811365054	0.2754440019326658	0.5863484756597996	4.66051162312796	-2.892761486490876	0.7730373580038759	-1.8456729848223177	-0.39492617441521266	-0.8367146813213129	-0.1064583835233388	-0.5491402113021763	-0.26362190533816526	-0.7831582513566272	0.8453658085604504	-0.11673696558900458	-1.0282550689816259	-0.017340826803881042	-1.5789625323881002	-0.3315957241941802	-0.5221417743266173	0.4877908633975214	0.09054133919038804	-0.9014947133504869	0.16668038775425675	-1.034820222277837	-0.2166721567632933	0.2749684415218646	-1.8271222176350106	2.14475679610135	0.7009134113965427	0.11342238641643596	1.6530441601614276	0.42676943169596965	-0.5548763886258273	0.26118691956100365	1.0445252361120059	-0.4056098348609315	-1.381106800000696	-0.5914598869823913	0.08126976401553333	0.12327531651907814	-0.07897315236071693	0.3081167153789976	0.7635581504999671	0.38776076909521384	-0.4369780951319388	0.569874401684805	-0.28975293507361544	0.24663443225710394	-0.3388283258954565	-0.12023533674485777	0.02983727926586582	0.6382707117983446	-1.103378877367588	0.021663654235133795	-0.6598164487082089	0.9533463995862758	0.05105191408490543	0.5832562126126882	0.5867707833506659	0.5687186135914364	-0.17063936506579622	0.10054768556472433	0.5571715688231906	-0.8476741159990955	-0.5191926992293526	-0.44881137604725924	-0.4442371179044662	0.04218248982667125	-0.5720184187926372	-0.0503001943069566	-0.0914489905395357	-0.07287334358214723	-0.46388959394812723	-0.873438586582811	-0.8458544985659734	-0.4809017026228922	-0.5286353045098275	-0.803529220335777	0.7146173931884319	0.9957580968533342	0.061164619203009925	0.5909241543381448	-0.13771800519619834	0.3325751391963197	-1.0549901016564425	0.2848005275691204	0.44886415012351794	-0.49627793894429034	-0.19457904478638846	0.04085920490341065	-0.02924070715772025	-0.1271919315429	0.021309603672977788	0.5441367640739677	0.09959319137075075	-0.4014408467617165
DTXSID0020022	3.8622800773887005	2.8363546800617967	-4.132320487687001	-1.3021193988885469	2.186837236625429	3.112702775238782	-2.595035199278956	-1.690157541925303	-0.962257875322487	-1.5343082152683405	2.6284718275827545	4.142395957135857	2.212173160812974	0.7126341728442599	2.010396122897907	-1.780715220919948	0.6497751958288843	0.5588924116763527	1.5000359330362838	-0.6885403991170541	-0.23177110207303622	-0.264974274955211	-0.2647746130259992	1.745542830460878	-0.2828318290123187	-0.5371456939008351	0.3833810465506486	-0.6154781798492921	0.49730474565420235	0.03432520863364927	-0.2736306083050364	-0.7542487261731153	0.348184932094846	-0.856153478489361	0.38310260255069756	0.5280799911235606	0.755524385899394	-0.14996991788577305	-0.526722389187	-0.8429140814160228	0.6625652895513664	-0.038024713557215796	1.591613849184965	-1.3645745078913805	-0.24976341099624527	-0.18916521428015884	-1.3638761166465319	1.4647342222393165	-0.3459173247692701	0.04147739047212239	0.07590495475331072	0.7745829191354859	0.19896706976753725	0.38642959761793266	0.33157873926950443	0.7543646641695415	0.3331894149105725	0.8440051039742232	1.0306872655156254	0.9050191849024316	0.3325193204825359	1.1767807637202568	-1.1636406015192886	-1.3433669864402265	0.4420005142636887	1.080193768990577	0.7967481591356654	-0.43592003621740466	-0.9263992178641894	0.14736436862619148	0.9057031488684627	-0.6195024164228112	-0.40882107279500624	0.14516639044512183	-0.8518969780375911	0.15182309321943946	-0.9041445316121463	0.3493335606134446	0.2147763700095224	0.452652471057046	-0.5258772261286577	0.24015871597441546	0.30048878147111296	-0.44960211477377515	-0.0774040138484693	-0.7639492564664234	-0.7460508485263566	1.6317331638055332	-1.3982628699696598	-1.7369400256010425	0.575250671114305	-1.1748870744274091	-0.1995256139916705	-0.27930360597576803	-1.0674761699133306	0.00764288939704064	-0.11948669933720732	-0.17114454662625056	-0.105416482867875	0.23740564769199618
DTXSID60377821	0.6596325290381905	-2.6409613848598474	-3.1237970388154266	-7.977957251460728	0.9660257968762811	7.060609016729368	0.3097938571804611	-3.3514129371310086	6.023298857406119	0.1441326342116923	2.687484757276127	-0.42702191016358976	2.774167335734732	4.151397984134136	-0.112869470606233	1.887706369531463	-1.9646358347058286	0.3751667499594496	1.2965747340864826	-1.0054014969319376	-1.6038519105619766	0.5704217024847468	0.655074083314746	-0.3019171195385855	-0.24553783528526454	-0.06853069947311788	-0.4370062702374804	-0.4613235590282508	0.5001033859464308	-0.21366810981393758	0.4607285797944114	-1.2184824379764325	-0.5504437381445069	-0.12777913794927093	-0.13658154828477254	0.4174608185192321	0.07789200668674057	0.38607351406739726	0.2027540653098269	0.34811907596468267	0.5388284300612209	0.23516938596591233	-0.3120828115226872	0.2386767744198373	-0.21424685072806607	0.6127492645170165	-0.1810672992788219	0.1244860477452306	-0.1346886580572222	0.1125591263988677	0.07320684868163231	0.10670967300734215	-0.19439502861978444	0.1749597330797477	0.20749608480411894	-0.16912538154478257	0.3665988002024892	0.5412522604092437	-0.6784713890512498	0.2655478458772336	0.05415446561706581	0.3162047797084076	-0.5632829746066332	-0.3422679287827029	-0.2580041727774006	-0.17246483356249853	0.34475053376101844	0.1320174501325735	-0.38569504877060184	-0.41497287252315934	-0.42773804920455183	0.0732041475088548	-0.2599310103176239	0.22753381891699132	0.2139303760384919	0.19595171377075357	-0.05003563139522287	0.07902721903836292	0.4728396062832464	-0.07312805595325396	0.09852733668067747	0.05218049698451165	0.3336697618118527	-0.2469101344021839	-0.4486911651154937	0.17788527668588078	0.13042738181676344	-0.3507300701032861	0.14600115118225454	-0.46349901390575504	0.7034116911627798	-0.1311853742388212	-0.00016025879678772056	0.3950680377418301	-0.15838181625295003	-0.29180102180217343	-0.12343783238418694	-0.25877508297609214	-0.15917427733060993	0.07526560475268652
DTXSID7047304	5.148420222908191	2.0600876737208447	-3.2563902305678813	2.0475383101261095	7.798278067989232	2.127637101456679	-0.08399874809917164	7.91320373789557	3.078594985866907	0.11163088729208662	-2.936901139604876	-1.3484791870455772	1.2202823499020556	-1.2360600938240691	-2.1446207365573544	-3.4647796477429593	-0.17557449554671095	-1.2656247135634544	-0.8686233864334931	0.49810466850115404	-3.252760556441921	-1.9001471393583422	1.3868555382815289	0.5452530624368562	-2.6595341454687933	1.7501299693235688	-0.02930186398475434	1.1704833159385168	-0.8189548925335368	-0.8174974818526786	-0.0409663351172376	0.022366189261815647	0.3758024367007018	6.280333195832159	0.7674888699947732	1.225254841767542	-1.3437756284618625	1.9824883914004856	0.6298362946257758	-0.925832730565725	4.5569360175708535	-4.315955777799488	-2.4962534497852595	1.9666484440148397	-0.8211778242995788	0.16388508195805307	-1.9740295864181547	3.5663639981269024	-1.2891884781617586	-1.6632534136449553	0.21667162281930463	1.8178570233529248	-1.2743124488241147	3.064801369318985	0.5517683725639031	-0.1668570997139177	-0.24146779003943794	-2.286058747999272	1.4883235160350157	3.217750376982713	2.679552273147972	-1.8598155494002402	1.1545312855340293	-1.0549947618992195	1.3927719848283344	0.14494778746611284	1.7050595903848123	-1.4313058590391539	0.6619302449157244	0.34286352858190644	0.060297604889654986	-0.5150536672172605	1.1334434091056576	-0.3377602554912163	-0.19222693102529645	-0.6942852950566792	1.1062418449226297	0.4355761223783226	-1.3792787865298237	2.175665823280042	-1.0072540221540662	0.8694157660718432	0.23456489046033477	-0.2407076300990779	1.1981867314941732	-0.7268186696204225	-0.733608468280857	-0.05948348934244492	0.0023811523402314065	-0.03100572031145594	-1.6261772128862029	-0.13540601136517774	-1.9494864061183128	1.6725949572420151	-0.15474717719993286	-0.6360052008959768	-0.6493470123151505	-0.7000362281077376	-0.01728002548586006	0.9034713043622655
DTXSID5052597	0.2807273280929364	-4.647051711142824	-1.9171829365009279	-1.4170477349945534	0.6523578370216044	-1.6110355674402914	-2.621798145449961	0.1522966970623554	-0.6241306397401529	-1.7553417448124897	-0.13136814562625385	-0.47310188819353977	-1.0376198960540257	1.8923315249122101	-1.9642543115591193	0.6756461304623506	-0.14683974330817368	-0.23121062080159954	-0.7245483961854963	-0.383844174808223	0.6961710138323165	-0.1861654328309495	-1.1413307102214334	-0.767224011614559	-0.162025839975561	-0.901666177422706	-1.3852515401099201	0.9778188385247429	-0.1563995885532689	-0.6569888611069186	-1.3807200724600202	0.06571786891739073	0.2734491010864585	-0.1409420558102721	-0.4125063576955575	-0.008817719711798637	-0.14616773716109416	0.37584420640028166	0.021081077693164106	-0.7756110369266014	0.1301101112270563	-0.47093385446438335	-0.04793390242949339	-0.18709096769037656	-0.03743482552833893	0.2631714794386427	0.19154389855165177	0.030308594903284546	0.2409786636234089	-0.04583716638370056	-0.1078474579084044	0.036415575971479645	0.20713290007884655	-0.3950767754860332	0.22510340059923953	0.08639760932656372	-0.2894015744251972	0.02666436944264263	0.01638534466186076	0.0885370124780829	-0.5828136816414654	0.0182596389265919	0.7782081937359799	0.6607758909568023	-0.28947906606141666	-0.7728155663787789	0.5495982109680972	0.3932497192351043	0.470334520410828	0.09756506587834188	0.3074478812604555	0.1731651471356234	0.5417836166152722	-0.3312620252391038	-1.919431313363056	-0.345947137411762	-0.35478680139821045	0.20613224067359132	0.2662961848922895	0.6366283448030237	0.6070238026952469	0.2505783240589002	0.2680944630468208	-0.2515020174963576	-0.6178908780781033	0.6550726253304324	1.3562993301908288	-0.7046897077946326	0.8913730782621855	-0.32195151833549207	0.3438221347807416	-0.2618453221389072	0.3024838387454146	0.21787454534762155	0.21506314312500757	0.9817019042435269	-0.8560885477323653	-0.11458293063932465	-0.6770808308444993	0.21278197227258833
DTXSID9021899	-6.366877850548044	-0.6005707040835798	-0.022098181042483372	1.8272233032120673	-0.00964986239264623	-0.11976002870433022	1.849380426024105	-1.2565185976848192	-0.022328386378745985	-1.458290694383515	0.3996844326636564	-0.16134844084432812	-0.190481092449538	-0.24989491492726673	0.23784628840744185	0.06355941808193727	-0.2173348522452629	0.0676535267287529	-0.7964723242803945	0.3311844735859283	-1.5507696940634914	-0.7504278691678414	0.9390189116129436	-0.15147258264814056	1.252181608437257	-1.476262659513089	-0.6600291540152136	-0.2872395968424484	0.6989703289403207	-0.5856003170453757	0.826172436685224	-0.6789964084279804	-0.3581025744471874	0.031204881851897428	0.6020396255608315	-0.33673746520025566	0.10651340598461538	0.3275619456897337	-0.9781049102227916	0.5544981349504738	0.055240969399393464	-0.3813392678117235	0.6949739499584044	0.9151762948303247	-0.7955091468384097	-0.12209674964202695	0.1817887647313478	-0.4974895724454504	0.3862952946543238	0.4457805955447429	0.22574771471893956	-0.43370337356900424	-0.0115267177683012	-0.49281530458488515	-0.31956504591636076	-0.46163958910438796	0.16427021139682474	-0.7056149635229059	0.2754209903104623	-0.8224233695039164	0.07337077553699145	-0.31096261867750974	0.4456040529735929	-0.2692550968153052	-0.10974607048092613	0.5491899304174983	0.05582860377437361	0.30503031719845286	0.19300658400047485	-0.14927470627746026	-0.0011870970604874957	0.2817977792606708	-0.38913741427724374	0.5352875180380503	0.14145090261793056	-0.2837792939829661	-0.2846877512238049	-0.25602164517907894	-0.3587249843193192	-0.29859307125395473	0.11640097339682631	0.2161634953470142	-0.3622930491854225	-0.03677475437495555	0.26323749837887533	-0.08666507297207315	-0.09787851254058011	-0.10702799702511434	-0.12972339218020312	0.010237521974044417	-0.4357308320122301	-0.07787632676450307	-0.2332303088932993	-0.47254632343234415	0.061079997274424994	-0.43924980469924896	0.04360741308525282	-0.08135595494454215	0.1568983486081406	-0.1290251537182452
DTXSID9022609	6.365356041501653	-3.169233124243464	7.926816066650845	4.4359569866583675	-0.7291405395213162	2.949957324905988	1.2717069622617387	-2.223960164744938	-0.006672428487721686	3.265502713980698	0.020214060206736738	-0.6401106049210973	0.6331716744774436	-1.430860366068436	1.103487797314454	-0.46669291985599837	0.4216350904462602	0.6421240001624773	1.0575373779900885	-1.1500855349696673	-0.3338793184575715	-0.010609974877962114	-1.8658316891623772	0.8983020765741238	-1.399116686158042	-0.5105329494948568	-0.9349986001266658	1.1917799183496625	0.6418036178974804	-0.8515581387421284	0.018936485345367148	-0.5577552110955599	-0.7685766280422245	-0.9528324979262592	-0.2475735414205482	0.6534959777009395	-0.7969125913779954	0.45024789664659187	0.6267523820234709	0.3866328955711854	-0.16112126573031677	0.5451590202326834	0.16711464816190236	0.8485777582810404	0.09244047935796897	0.15460056719388368	-0.21039042245886147	-0.3667582047358773	0.43166901864780116	0.02785745161392632	0.00744054678975071	-0.06978462975329039	-0.12048517975085901	-0.011100317247649961	-0.6322393416177401	-0.2711809873910229	-0.33334256035360893	-0.27007424050826184	0.00019515457417960223	0.5110305598627584	-0.5124204014956302	-0.21433826606375464	0.1844314028526539	-1.094305113615182	-0.07469682123757622	-0.4692695780180297	0.31366359671344257	-0.2001682144590072	-0.3484462885739527	-1.6160564581787076	0.10058922263333403	-0.3547733075448808	-1.1583990579087007	0.46102228850582094	-0.17751935772441607	-0.6763309639416512	1.022777816490049	0.1430054979980409	0.03590009379753191	-0.17565812614489368	0.04877092690001209	-0.29213690342301174	-0.45983046342154005	-0.15742457761337192	-0.14712996230103448	0.6482893533086392	0.5262776948111849	0.2573578955902997	0.04160482898812571	-0.39011880327105536	-0.06278327118464276	-0.5026755478591406	-0.15203485628692268	-0.0013076165037181143	0.0342362474559622	0.03745847416186067	-0.3103046595432112	0.10309646656140586	-0.15416240955575988	0.07903422626631239
DTXSID6044931	-1.8895010723171524	-2.1764519243885725	1.1201097474630057	-0.8229627764104228	0.6109347171357027	-1.7902321536152748	0.04005549223467168	0.17772890017457954	-0.327719787597578	-0.42514371739174106	-0.9441239592294485	-0.25364320928693923	-0.2644940464985073	1.433222674428889	0.3424589810160598	0.597952657062034	0.08362106918433465	0.22163530738203652	0.15217038516902973	-1.0823450567749378	0.8511239791834341	-0.5004504805047687	0.7739452150353257	-0.5783032285896508	0.7547881965934934	-1.089964365055126	-0.5495475016172422	-0.16239423700793595	0.18382957607264205	-0.28765626522035437	-0.20923999642732405	0.3487184507255956	0.791390135921646	-0.44941048604113093	-0.8359836052171877	-0.0029557127556367534	0.2713187739838557	-0.09872700819398213	-0.3428645106363623	-0.5440418152038148	0.2632610750168493	-0.16506679586863074	-0.42668865350814766	-0.1794636914840831	-0.6151844868558601	0.48391684652280725	-0.18251908557925425	0.4137428232979265	0.1273417373459599	0.32964399753611456	-0.14251571708910327	-0.014183034183144058	0.15494597594896667	0.1721428609886108	0.2803129408209679	0.14165245554787043	0.24884012849697237	0.21173431336407927	-0.49416343794967493	0.259723792799071	-0.25629984647874626	0.18512913935881795	0.5951807523326145	0.3065307472010047	-0.5587289792898347	-1.0632689739322636	0.17612070827058132	-0.3704655012872313	-0.5077328416778455	0.9474674860190241	0.21503231104645598	0.2719638297502816	0.220570302087586	0.03701476988739718	-0.9171750665284439	0.7277229139660653	-0.5441202055887271	0.3363960169500936	0.5232776767439072	-0.9392887138010398	0.2938526896662404	-0.3112468041458044	0.5896035655175567	-0.2229090987158515	0.05083559320638017	-0.5233013541957444	-0.25156600547780966	-0.7248833954131031	-0.5051602768611001	0.7778125796914783	-0.0020740861207217106	0.679596127807102	0.47220951810235773	-0.19422197730955326	0.08971359941857869	-0.007321745580935025	-0.21154526048915237	-0.3141584107341275	0.4087675151754609	0.1678687877914414
DTXSID0021129	-5.350388966102019	1.2077074203429048	-0.05719250214913197	0.7809839483589869	-1.4551595952163718	1.0569495049598987	-0.46188162009621553	0.2551453330673144	0.685325462150146	-0.7920528133805342	-0.40991335663897305	-0.027960986829675724	-0.6694858707570144	-0.03364201637407013	2.2260433578498864	1.6139395334187034	1.0612433309314235	-1.708203029121808	-3.5463763153760812	-3.84569208866914	-0.05911811074077152	9.259307563181533	1.3826942744505841	1.6839626536475505	-1.981052866825162	-4.966143653216799	-1.1668289869910102	5.154906363618068	-1.9007154698830167	10.496931912244674	1.1792836818853545	3.721962495614448	-6.345928268971915	-0.8935168825039773	0.205781631968066	-3.542938918115995	5.371154107109185	4.375832048372121	-1.349642657429742	1.478991931837699	2.8786375477905755	-0.13886799449817794	0.2594698966380214	-0.0795553781158289	-4.731337997415007	-1.4272326342725996	-1.2303507716630802	2.27699631943797	-9.1249457551416	-3.06852793310375	-2.295498408041585	-0.3037125269528164	2.3860417222446846	-2.063632802835405	-0.8981189120373443	1.3118957757991498	-2.8921027750447776	1.85825313655388	1.885725023696734	3.542078037288099	-1.2626351977015802	-2.1686507784422697	3.3807249241179984	-1.6591629682480076	-2.2305025880272273	0.9424747159052212	-1.8251259875789974	1.652536641876875	6.956681334507629	-3.1723029030740335	1.9616993404480723	0.3144795069834446	-4.168624987053913	-1.070711943283319	2.2405223583761322	2.9615331322548126	-0.6896315156309588	-1.2047994111697167	0.8079625745855734	0.08792643694852108	-0.39669482962597813	-1.5148433629558997	0.6665747160511756	-1.5502967485525765	-0.8960431960187388	-0.19355960553062002	-0.5160379596748048	-0.7312327410063157	0.7283596429453683	0.3254152931159407	0.22273219092342508	-0.0018990165521553806	0.6067042608736444	-0.2015148011384658	0.1539366041934974	0.10112219908453123	0.7916315859121583	-0.6988335791034789	-0.48214291378603974	-0.06831664197025734
DTXSID5021752	-5.437206133110176	-2.8744015272631	2.1858635069921193	-0.211885003617277	1.1055443339945605	0.48808270244663776	-1.5076061200535706	-0.4311031377554846	0.16139428884268445	-0.3723277150681275	-0.23980980591226284	-0.4318530882468954	-0.7270921673718654	0.09601859709574644	-1.0565776618839149	1.3996735556198103	-0.9826865657469602	0.24808913902133076	-1.3319496595585418	0.952361752852249	0.0531623104066655	-0.09449062401106807	-0.1822128818380099	-1.1049917190092036	0.7781293955526617	0.4002660828285228	0.30523402704644187	-1.1129485799883676	-0.09707988310095919	0.512903490794948	0.1868918920243981	0.5591430942225138	0.1353977108420071	0.43533786808444536	0.9531699290429063	0.7427099363374604	0.3782709251671211	0.10618321100138559	-0.47039462458574277	0.05716444477106362	0.13571826895782013	-0.5079879823354096	-0.42949708603265113	-1.5336993269390784	-0.15046873792154644	0.18843051635752162	-0.5044472009562375	0.3316483309938832	-0.11921472003337388	-0.04977150008697696	-0.08666648615647662	0.012158066352429152	-0.15730150838812998	0.025092538762545594	0.2640141035976782	0.09863474962808183	0.4694775701716583	0.3147228042847035	0.1823882589889697	0.0746924393875768	-0.2331341182826633	-0.3160388133262102	0.19179136353660245	-0.16665013156557792	-0.11359779817081632	0.6611900577651657	-0.017841904469516272	-0.279612688436876	0.07924513391691006	0.3598060798034081	0.1359483653071283	-0.12863590020513527	0.6785576625317234	0.13123313154146712	0.08250698212202662	-0.27294611272270713	-0.12065672085480823	-0.42666813876870985	0.2370580191031151	-0.979497294848525	-0.45895883375084406	-0.22708860772192568	-0.1649806977631167	-0.13721675883922207	0.483140123030062	-0.008478069168883617	-0.6742849831564469	-1.318494479818251	-0.5344880687766485	0.06613219977539705	-0.5035871599422347	-0.06787529388985862	0.10824921388060027	0.23996203576966524	-0.41650242081249067	-0.4945924689487499	0.3590650537526901	0.07328874925906322	0.0841141263859564	-0.10425068695395347
DTXSID4023171	-0.20362297208844327	2.2521475882965913	-2.230816410711272	2.9397770361386435	2.7213706309389396	-2.2611268186086058	1.8410119687877256	0.629457656573767	0.9899074553123332	0.1781449436050664	-0.403029301755597	-0.6001823856182177	0.4425285355325167	-0.39330148298639794	-0.6747486998446929	0.93288172137267	1.014101756672177	0.5046259010045789	-0.2621976470908058	-0.33157704877971816	0.4395685895032324	-0.49534154647109224	1.2681930623298874	0.17490022258610358	1.3473450525232271	-0.4695719696662222	0.9860990225823264	0.5829000402885247	1.4757372819834327	-1.0086127044526931	-0.8832856492966428	-1.2341779861692375	-2.014615242506171	0.08157039032060434	1.8649131832965886	-1.1183196939840958	0.299611290006488	-0.9563230958713396	-2.1498628139224363	-0.17960311168921855	-2.489450885242389	-0.23316127143958507	-0.44681182236429384	-0.8829753665898511	-1.9197620638244681	0.27568359268259146	-1.4419544783168459	-1.108695792146676	-0.018518874618270894	0.21150558905615766	-0.01636184099963308	-2.8512708286616357	-1.398027017215345	0.4356653202123172	1.6670805957253056	1.3797838590170346	-0.9080378890027081	0.7011933973178455	-2.5323294308207656	1.7425422380085331	1.7879050712785582	-0.16019933800118033	-2.0264381124624022	-0.690267885041255	-0.0970602766822602	-1.085663300483449	0.5129922419181459	1.1644373639799404	0.06599259010170326	0.05109302290346455	-1.0367872433345784	0.018718670821601568	-0.2778166916436724	0.68331488610576	-0.2188317448743987	1.0466461653045385	1.1404161558910881	0.8586819339023215	0.7068007952364347	0.16730827543421709	0.26878000858487205	0.7914185764568629	-0.2172583725545477	-0.3206363412653682	-0.07044100092374878	-0.242784085575479	0.800286002047823	0.6667641007224004	0.7441136899672995	0.6014769048680215	0.30011834486272515	0.3810571077734718	0.71072732655192	0.20813513786835344	0.03202366644357554	0.7758572003444645	0.17876465427547444	-0.0037580692614495397	0.5808070627729139	-0.2920334109579716
DTXSID7042140	-2.8178948253380534	1.1291406676878724	-0.011990602471820409	1.0584387258673886	-1.2597463156123339	-0.1103635365742548	0.8835744391732471	1.1925454179076211	0.2626372761120774	1.071513753065453	0.2553635356464927	0.015356423165902444	0.056028425096007146	0.7261989387494193	1.8010633729303807	1.1816023764866619	-0.8535544307133394	0.3140893453146786	-1.1970977201216482	-1.9341071970616692	-0.18810886276255906	0.21306208400479784	1.3155217832569868	0.14489340614128562	0.7033107507836598	-2.448986470838401	0.610139044928015	1.1082164398313958	-0.8002340809126185	3.3466127197107656	-0.9516430303402154	1.3327714118030836	-1.0440681908869929	-0.7929959394466525	0.3368757393601795	-0.44402329090439413	0.20044633540748974	0.7198175542458206	-0.04369771276972949	0.3655628535157525	0.8351411971722896	0.1262471216167028	-0.16659362662934804	-0.16189102251299584	0.15139405379667933	-0.024353501811059785	0.39329484584941626	0.25440465287741304	-0.15610547991274043	-0.11356239612752603	0.07450282142907	-0.09328205407721424	0.4405081011217091	-0.5049399274229981	0.05333901044985236	-0.8420651798619956	-0.4655848904730586	-0.052678298685033924	0.4890197576751102	-0.35852384720562835	0.7244500258485339	0.22691458435274584	-1.201505492225256	-0.30327972203523695	0.8334685042099137	-0.7257708570252861	0.34926199367173205	0.5002287591023299	-1.9673717171879352	0.5751568884634267	-0.791174886467973	0.6364320831788631	1.7980953702315132	1.215055466139486	-0.7444591946890518	-1.2684690800931562	0.8439596081868668	0.7956050651299891	-0.11306053352977374	-0.17346144126710628	0.8403834948883818	1.3856300126431262	-0.5035608406002852	0.7605570247079784	0.5851038823055493	0.03251027999055562	1.2855224232178761	0.3198953938892552	-0.5565815768817827	-0.20328008344886586	0.1915906351746086	-0.3124871787328245	-0.5859720423489475	0.17356232206705738	0.49483393173291945	-0.06215411865906899	-0.6291591140452825	-0.13757856339891814	0.16283617252240762	-0.8131482920203689
DTXSID9021922	-5.8122890543828465	-4.0220225441811435	-0.324524574987851	0.13322165390178475	-1.0360400377838526	-1.3852931393322103	0.2724314797699895	0.04124170838876807	0.2635692422272215	0.6244531332977968	-0.4011724717582646	-0.1621252906725097	0.24961559090850918	0.6336721824796183	1.6564654414401445	1.3546114328936731	-0.67524683008163	0.8833763133144293	-0.6539367374775117	-1.2000271324537704	0.500898021992291	-0.6495767111342559	0.979538416748312	0.2623557048381141	-1.0292112476722954	0.07931253266328464	0.532310908305197	0.6338316272767248	0.01546626839609132	-1.1923821115783686	-0.5139090083330828	0.0039937357886751235	0.6217115969544371	-0.23876130921704597	-0.24099639604462367	-0.9534143857620284	-0.8888177451782219	0.5331096884591816	-0.3442940684596116	1.281872142588553	0.17189045624315452	0.7093607103531382	0.6023994475275163	-0.705279001287752	0.05330311173519668	0.5336527898736974	-0.15049134005119272	0.15449298929342115	0.3491671303511679	0.03704912387867559	-0.011479143844218715	-0.13899567191557016	0.38779820946079113	0.25872944448150703	-0.022990268967963214	0.31369834232028654	0.623537866969374	0.9528092809772218	-0.514711272363379	-0.023632340216158995	0.377752846757198	-1.0997589251806061	-0.16151296272938506	-0.29688431108679336	0.12909185109197363	0.6492676281841064	0.04298484454059589	-1.3131398622323267	-0.05696712460347701	0.25037932441922167	1.818266388608555	1.0586227143153089	-1.215945440575769	-0.8296339313471583	0.3314757942575184	-0.631141838806031	0.03546235434953213	-0.7102687480479193	-0.3851467070517988	-0.14461518953587915	0.5063174882270738	0.5811772702761183	-0.16476994753280588	0.5512916390486097	0.6077157529011649	0.35588604505681304	0.488705082452392	-0.08551869101967381	-0.5293422708253179	0.672420518092977	0.25182776710110116	-0.1489280325082669	0.5817956504365337	-0.2837185234568706	-0.00479769625020922	0.18604045496627153	-0.7165330822868679	-0.27567759401134334	0.019932846231594945	-0.18352736585844154
DTXSID1023819	0.22202468270395512	-1.8336763314447024	-3.1069942959296366	2.946500265641143	1.5848264009645285	-1.465373327312144	4.097088589631142	-1.1914159360367047	-1.107494411621381	-2.3941454432809017	0.601689801650769	0.1314307881098389	0.6216561722827255	-1.0217778059816296	-1.6824446542274138	1.361093503016543	-1.1106227334314116	1.1760693482364037	2.1793399556657236	-1.6285602116569902	2.4997085900428324	0.3114567068767237	0.7231925978559403	0.5852048667272846	-0.2684171909876546	0.3151273129488109	0.014227646892827107	-1.1413072383098242	-0.4776682192617947	0.2045145955950906	0.3444323535620831	-0.24916833201696156	0.4904712663279608	0.3777561275305121	-0.20547440601808561	0.4720733983983617	-0.22926904477992122	-0.3777643465128268	-0.7127140670908668	0.5431704951481676	0.8032139320239579	-0.6528858001462213	0.3940274107443042	0.05475587805839497	-0.4135031136025329	-0.5607796603879347	0.19207240792791427	0.002831434182520979	-0.2850469539242066	-0.2826791499595804	-0.2654345563233797	-0.6592561423991493	-0.21804824010299748	-0.519822322143359	0.06917064376268774	-0.05293892470077119	0.3212629614458679	-0.18131224004501226	-0.24411569179994805	-0.6682105838966755	0.12458994377572419	-0.10098289565111995	-0.09826446557159976	0.3440133075728595	0.11629169549929354	-0.28815399964318394	-0.23714045667493533	1.5788735782707883	-0.3146794958093459	-0.7709335006670964	0.01412192737266765	0.3297314478689492	-0.17148785971761016	0.28939617524805344	0.3595184920661965	-0.08096038126673896	0.292345462381542	0.8191334109417137	0.7307423996280414	1.0493920495329836	0.2779185570419131	0.6517306563075358	-0.05122494248537795	-0.7132608382781201	0.3557087903592037	-0.1894070923331549	0.06401607656805343	0.5307655215717447	0.870558952582303	0.037190069229113894	-0.1565266949935172	-0.26213524311549086	-0.17106359489084783	0.15508119156462605	-0.07631238348480336	-0.07355457725305155	-0.24935453086391254	0.17144488758285062	0.06554617427672942	-0.12565889372955052
DTXSID6029670	2.603372710081815	-2.6089218820195708	5.899735323517844	1.8930775318680728	-1.3796305670535216	0.7588988687972585	1.121750213611905	-0.5755649994390927	0.16165645941017667	5.700697245033085	-0.5314016898626115	-1.2296949029874114	-0.05671132352089893	-0.09836088779621759	0.6218892689976212	-2.0712370333286736	1.0742909675331576	0.25918461886928496	2.797905672613448	-0.44494116624950003	-1.128924504592015	1.3333163101004915	-1.1659718177873457	-0.435055166152369	0.3996822912218472	0.9673469965505122	0.522462886479155	-1.163162018198581	0.8685617357969625	-1.9756826658251854	0.145940741500508	1.0765640024608478	-1.597091186725138	1.3001378358661733	-0.057924098072347815	-0.9082229839644814	-1.100162146574895	1.1532647437095132	-2.030700790697293	-2.3037554244552347	1.3734434166441094	0.20017910363789637	-0.014133754024037359	-0.29970025812279616	0.14342383591818034	0.7693496950202745	0.22251736166717578	-0.5052224073877143	-0.11010928791377177	-1.3298937053648505	-0.1881577586283736	-0.7659546065898415	-0.46471526544485636	-0.266581630635726	-0.9374672340238182	-0.7383768699640703	-1.01824578559619	0.8255684724860171	-0.42715420801601806	-0.5463517051253574	-1.0215432605606187	-0.01771077501969724	0.20134932343207496	-2.913220866463838	-0.3860262982221769	-0.3786792502492583	-2.758318678966886	1.22574063580396	-1.0670252474037405	-1.1273446762782635	-0.09034285981252942	-1.4594507817820321	3.4890188679187046	-1.2090906014074678	0.8460697731485279	0.39188110311367536	-0.9741123263818493	-2.1126727367405733	-1.2556244928410065	2.6218595554208766	-0.8477183977070374	0.4041167925235809	1.4988420901185773	0.676981148134564	-1.4003781512782085	0.7052994986225517	-0.5954993775429507	-0.9799852000211529	0.6991075234506468	-0.5827346374819307	1.0666089720559562	0.2802529375212034	-1.4594699574410002	-0.1394712285081605	1.3500169600846634	0.10962089865884284	-0.5400994184833534	-0.16313158255418445	0.2715804710197169	-0.8208234130203765
DTXSID8021199	-1.711885778168483	-1.1778324161186662	2.386620343375984	-1.4536888308289238	1.2578962072042978	-1.6397242677141144	1.1421420855576094	1.8709527340741097	0.7208538529692766	0.37869316472650283	-0.9141395921046874	0.8105305189591959	0.9714174371190909	0.06535894915918036	1.3161251230530586	0.29031884111601103	-0.26721801505724907	0.48287895541106746	-0.7927612549799503	-1.425184591805042	-0.5878379476550855	-0.2704556601086673	1.283750024783658	-1.0646957912300152	0.9930109859124908	1.9822406407505722	-0.8102916373677539	0.5017011765523769	-1.4560872788103194	1.0113051551855055	0.8763803175437583	-1.3027100696146892	-0.6774349969029758	-0.5314938160247762	-0.23243175178282743	0.6938420473296653	-0.4248193871798951	-1.2723960505829777	0.05058353377894285	-0.30070224364101156	-0.20895595967422453	-0.4326461647649436	1.1222371364242176	-0.5432176043122187	-0.26167292061074227	1.6766858243676606	-0.34932924915059965	0.3785453094180467	0.3634346257151484	0.24668643804661908	-0.14171748503740633	0.26261705161803145	0.48670326619343984	-0.06140697409673573	0.8243572095316454	-0.8352274111820224	-0.35221420240594825	-0.29095257522826645	-0.5352324892744532	0.1025131772589704	-0.27583205727987925	0.271552449076901	0.03651069699260752	-0.1514176804073519	-0.6180209506769633	1.243064347648404	-0.5382668166753305	-0.19431346326572857	-0.01747360279883006	1.3753926622682275	0.3424425377896557	-1.9305766719940403	-1.460724769012193	-0.16863875440801432	-1.2639521316331477	-1.6694939836883016	1.057359366106489	0.2655712922713765	-0.02277969911402635	1.0944025858250745	-0.9545520312350171	0.09263732286741147	0.6338088193082778	-0.4590560053025977	-0.823415661792369	0.0630341577551892	0.35533384974865934	0.04986908500078863	-0.428486619770443	-0.3046024762891066	-0.4103614134340497	0.19974308056201184	0.8375505320853447	0.9460040800838219	-0.5503474966325863	0.1837599849160632	0.06693408942367689	-0.24888651494099395	0.4808007630028554	-0.3801409236806248
DTXSID3032832	-4.623506534679376	-2.6654481022754783	-0.5312647496609602	-1.2877585616831917	0.39353785478604986	1.8351132251534827	-0.8265939391464082	1.7737957104720303	-1.7801709071807488	-0.4211300570986971	2.536291127600445	-0.9910360764695977	1.7310342520863882	-0.5677893662268257	1.6555650983524595	-1.137919348766781	0.7316944783914322	0.38938341894269607	0.06692173114270851	-0.8053938559968808	0.08132668834878903	-0.11099954773099989	1.4475902205033615	-0.069786679153559	0.1284980484649567	0.6026488221112676	0.6504739584454489	-0.027278893867147207	-0.5474472989165081	0.1803728751459646	-0.09137890155984925	0.6684775102115629	0.6764271331865382	0.22844787895115382	0.11682962616345485	-1.0109371338847666	0.22152618291327553	-0.003957194663664598	0.2545266747470499	-0.2878543688545846	-0.1538552003264666	0.6388957089992432	-0.9132607667364319	0.034037188983551785	-0.3586102049553793	-0.06926102243302662	0.5477257698169495	-0.5272467253853829	0.0733774880067549	-0.19394628460224428	0.15011674237332925	-0.0263388992109686	0.16813568542905744	-0.1629101525176505	0.2151511635208934	-0.35951103701063386	0.5900249034742197	-0.2677331491176641	-0.5775713150796203	0.18909455655648097	-0.2845341904593571	-0.31705985809171766	-0.12031880857862828	-0.6011432831704658	-0.1362334277985385	0.03729558765809266	-0.46843438170319124	0.18299873049551404	-0.21223004786975846	0.5802724026320457	-0.3437850323698499	0.3127696782617285	0.3864570405540187	-0.5744926608071719	-0.9129850497889784	0.18266642235415667	-0.9114627477533684	0.2920379331984757	-0.716674890087358	0.3069238454128255	-0.3214890546006109	-0.8569951717049278	-0.7843743227052821	-0.4783650478899629	0.2562150900581418	0.5528439000937523	-0.3701042608081491	0.02356633444404947	0.08576698341503612	0.05953898826237545	0.35903991708582916	0.6717302241130948	0.4885541607012002	0.28191726643579906	0.4742274590684582	0.256281438195154	0.9667646920165274	1.0406122062612095	0.01004642697328054	-0.33189204897764557
DTXSID0046351	-2.5717098454219594	-0.7777648652524313	0.8904191274138604	2.406927553130223	-0.3299368712452336	-1.1633027155163411	3.934756113103128	-0.25761160192112775	1.1135274319062907	-1.8898238882973026	0.5083641662352338	0.41355143713732573	-0.021599941303071926	-0.1790988778255243	2.5621130051633236	-0.8990644998615528	-1.622272795592019	-0.5260377736032668	-0.8158751143832804	3.0305842575414585	0.3637952663538868	-0.8145056140373906	2.2425164571918312	0.5786043583052409	0.17890267705106144	-1.34555993167068	-0.6277750033517644	0.05601852335616941	-0.418617832424669	-0.7133863097519348	1.698365840478156	-1.3314272486294592	-0.8866462742731116	-0.21459939797216934	-0.045963833967759396	-0.7328685448105032	0.5890384194035237	-0.11647829478039981	-1.1588171291398102	-0.21807879012619394	0.5337533305260441	0.18546895452189646	-0.058530130410153564	1.0093194301745692	-0.5896597514536146	-0.2938403019602984	0.725597807874999	-0.8189735742965433	0.1858141599913244	0.2448261809819205	0.25883217287054683	-0.2054644790597626	-0.28399736281724663	-0.4637163177470578	-0.2159007254966904	-1.3379688374604057	0.10797292652276745	-0.6429580690735666	0.06239837730736511	-0.5758255856420648	0.3412712908786832	0.2402794696905737	-0.43973103086550325	-0.33100982880488694	-0.2443367427735052	0.5512978132417923	0.017803242203926675	-0.10124572011143997	0.031646178117422	-0.8142104992867244	-0.4980397378898498	0.039898508356287415	-0.30113728430661857	0.1606033723911823	-0.21292629371758454	0.39457279928686145	-1.0711676381962387	1.0904318647580398	2.0066409163795127	0.38202832207123827	-0.12852050473066914	0.6319872959426418	0.0369583966905322	0.30683111254876205	-0.5891127036086924	3.655607914676553	-1.5002177240927252	0.31052008147855115	-0.7047695807151623	0.14043076956250006	-1.014263259039168	0.8285202847440418	-0.8650899169382517	-1.024447405143015	0.3646880285218624	0.45653885850362647	0.44363167530525566	-0.39560346784004957	0.05352316587976131	0.25935849789583526
DTXSID5021839	-5.61253914804751	0.1794688679732141	-0.0618741948584682	1.2183015316394856	-1.2959786739476804	-0.12337372107767722	-1.2636633204860543	-0.7455268211684055	0.9485975759239662	1.1054913310024599	0.5222886672490291	-0.8642926212715529	-0.8234456320805997	0.10141926262724979	-0.7649529824434256	-0.15652928926404053	0.3380118504539874	-0.031011979291983214	-0.03441318299683683	-0.06841766368404371	-0.07860409819532813	0.021931634701748717	0.10254654404723258	0.14358105565200088	-0.1499617326902256	0.23803558118602072	-0.04546247318591876	-0.5497621158161196	-0.04624678940571213	-0.1536339923985274	-0.10680004884782403	-0.06893293059338237	-0.8687915556809914	0.18581336960057324	0.15985513727665418	-0.5639981325921399	-0.07612295219944223	0.0990169534868011	0.014184814650791305	0.49745974211884497	-0.14085463429416417	0.06485868816757633	0.1432567163880977	0.2734606639901442	-0.574635759554411	-0.036701126067145796	-0.03363737221880665	-0.4459597113294262	-0.15602147974674413	0.09750117488120674	0.09629053675268592	-0.046656353828032245	0.023598585157094284	-0.11294915058320588	-0.1880567695282656	-0.25213867731435974	-0.008852264561606057	-0.08952322283046436	-0.1472394217781022	-0.42214679053477977	0.3920692851576616	0.20719034176127105	-0.10361773144652535	0.4295583790816763	0.37253989970593837	0.2658573662004351	-0.019915000705979208	-0.3842220106439198	-0.3034050528477281	-0.4272112807994521	0.16665251044342336	-0.542720853327244	0.5050476160214629	0.2712386970067696	0.18570072213709699	0.433545512338224	0.2458158802176897	0.22212395302233948	-0.06582392663261029	0.05512032101540069	0.6706621863392961	-0.31169198857014463	0.42693674393738223	0.31083262647383	-0.23997820226685893	-0.21386792871795599	-0.8202217610468246	-0.15127056259070865	0.14576469392934555	-0.07295548800079062	-0.036214821841097276	0.3981139978747076	0.3364093287978553	-0.24122655326399245	0.42443222584740126	-0.11376851706199814	-0.3047844809600076	-0.017953223596883658	0.1569631842753667	-0.2695481183693433
DTXSID3021778	3.4675987689237115	7.191803344952435	-0.8984929894707603	0.8008589409445558	-0.28980526976664256	-1.3045667193188213	-5.128522551592806	-0.4680739561876994	0.5833136064672059	-3.904415948459893	-0.2157665992462567	-0.4748752608112955	-1.349796801457938	2.093077655412225	-2.4923564291024185	0.7354971783501378	0.7546750354936004	-0.22576359558435993	1.5490469172436274	1.1748203602063605	0.5209220295843668	0.28314048387702145	-1.7726802792321583	1.2183413566124581	-0.673845018287191	-1.0575480257406709	-0.03774226677932983	0.5226274527206619	0.5050257505919984	0.4761501656905696	-0.4708261210135192	-1.9811152246631973	-0.29334312929617845	-0.4170955867570975	0.280628321418125	0.8944793961626591	-0.046035018125355855	-1.199744825239887	-0.5830235667727254	-1.0201223000099604	0.29010916935870795	-0.3611145621727683	-0.29917986030451366	-0.07280504007225513	0.2973015042489651	-0.27835963873477015	0.32340775677222855	0.05797325846211476	-0.43685172911891107	0.22066527412910492	-0.4649696778379685	-0.5031033101930628	0.1484010240622888	-0.33166076634420794	-0.959412808810091	1.5021435719779468	-0.8387370096899548	0.1547025427234075	-0.48531871050073466	0.6151484308771358	-2.2428980300582433	-0.5342863701404523	2.2975092165146673	0.3054938086943371	-0.5648610304387817	-0.727207197423994	-0.8824570589971987	-0.08876137315071089	-2.0513183883162385	-0.9233297568880264	0.7323573857652945	0.6031833010503581	-0.01322382569795633	-1.1003133385262596	-1.3983753047059047	-0.8760933440033403	-0.5437775310417845	-0.8836888382092688	0.7094927147752018	-0.21073034714880964	-0.3257885886224408	0.5418577916773467	0.057543563817338744	-0.10282621162556387	-0.17725450831128822	0.2245293578583762	0.1294890277165216	-0.45263284898919026	0.6613735428000674	-0.30278203060676895	-0.4389235544353422	0.3030176107969381	0.23147487162298022	0.09958820392993636	0.36012292261692624	-0.20224734646863712	-0.7150081323059756	-0.165947677527053	-0.00735604050280106	0.033470167606863346
DTXSID2021604	-5.610960344891395	-2.8799761047188954	2.167093546833637	-0.8980724627442762	0.3810297839833788	-1.0221541281219706	-0.5105541984177722	-0.7278084437676696	0.301368935549743	-0.7877110597665369	-0.4064879769643724	0.01738810972808992	0.5258861700703973	-0.18903464200168313	-0.7846291571711699	-0.3793596112117547	0.22245431002475766	-0.5714442283734895	-0.32724617316205074	-0.5722219304732328	-0.1107765553221608	-0.18558670571552116	2.0954727297939217	-0.1223933249964983	-0.2604656311610652	0.2310910012022792	0.07341229999223464	0.3593262829691966	-0.07309426294925224	-0.07080811812383671	0.4433493116872775	0.05767372156675574	0.2810221304743764	-0.48107186794789425	-0.1433497593508042	-0.6947911968015992	1.675083179358465	-0.8493637507457822	0.8360752514967164	0.5133507722790638	-1.6135181720301484	0.4887746776197666	0.34641773067498366	1.6500433981807716	2.357779200420854	-0.02864435801482095	-1.858696063052124	1.7972221571253586	1.1285316783178805	-0.7927251782303684	-0.11996320007767255	1.5540586046500149	-1.381286886851565	0.10073845036015246	0.06847844605563469	-0.7904297722287968	-1.6200219628975807	1.1354448379135047	0.27718186650236804	-0.4041994362949319	-0.2875359328688744	-0.6764799402825643	0.04419032952024408	-0.5866592308354068	1.2610259459294417	0.4394820080682287	-0.9386317953665047	0.8451567246435683	-0.3001731147857898	0.03292521781005873	0.022927942077313888	0.48696815008070804	-0.2869209345996846	-0.25416270957433695	-0.37616329396831105	0.7324943379958433	0.17565026743597528	-0.2291836762136715	0.12114527124509629	-0.6742012818017721	-0.710489385986197	-0.039103437767617315	-0.0028875844266656454	0.2586957159557498	-0.036179851636948125	-0.19639410949142866	0.07903428736659376	0.054646397161914766	0.015596295406534743	-0.16042528134248063	-0.3932096972481903	-0.2617725640980167	0.0011418418018957664	0.14889005459987845	-0.19243610293471775	0.2067323690668925	-0.1997721840025507	0.03050910386969162	0.03616289683560566	0.1440605385135121
DTXSID5023247	-1.9393125756901066	3.427415117981524	-1.5779360940780613	2.8279906101381482	-3.1000779466395363	1.1443471228419346	-4.826195949475293	-5.198018450787097	-2.3479757003278348	-1.701433539491571	-7.094257690569188	-0.7650678427233962	7.9314337147992955	-0.20813741933556273	0.6981921297354142	-0.7174752691801912	-3.000704459282652	-0.18720904441815067	-0.7977405065711968	0.9087502561759194	0.5429959024970475	1.3801729623369776	0.3288843487239701	-0.9865309953686064	1.3388922710641014	0.9874158330077979	-0.0778619244404856	0.3174951386606488	-0.42051014697597655	-0.5362593339832145	-0.24615124684418	0.45075267119773527	-0.40819035174957147	0.2560049068851255	-0.2902763667859313	-0.30643989585740605	-1.4384544907134267	0.8547661430940011	0.01395251568550923	0.3070949249955071	-0.3335721333144817	0.4188676926858276	-0.34144491523495285	0.5736429397726808	-0.12916351566165987	0.3917028844747846	0.6048374290878274	-0.48663138177603127	-0.14643765323143476	0.29569149754744634	0.09446858088730838	-0.3043318127302839	0.31699399749393026	0.29115305910244027	-0.1009246751832388	-0.07287894453785043	-0.07073351305435903	0.18223124983880853	-0.6359734842943838	-0.66120587784529	0.5260878734980613	0.37783248131623154	-0.008205257577600196	0.8801137199568154	0.1528755283200212	-1.5476837603923639	0.08707222387406294	-0.4298670843347516	-0.06743811523529875	0.4890809128566027	-0.41093119973403663	-0.5030802473703281	0.19294231150497976	-0.08298963475131113	0.7664580020653092	0.05193339188406279	0.23607973211808533	-0.6247134564264522	0.013378763846369471	-0.3628086957615918	0.3306105203153816	0.005419094060461427	-0.3532275016360053	-0.529576447687906	0.08638663458165166	-0.09010123193840089	-0.15380541271893924	-0.06065791378427691	-0.23548951199779208	0.1429536357236473	0.041391982154636096	0.28960008425875017	-0.13141097989636136	0.28486990874352275	-0.3732360350248053	-0.15268119253031842	0.6731225999105848	0.6585952186822529	0.2524031063093302	-0.057766714471975206
DTXSID0046852	2.851305028056939	3.7119569890690784	-4.374868660568685	3.9466642556578173	2.287053951016125	-1.736416713555669	7.914775733348681	0.2366932258688521	-1.8698582142630062	-2.7225519677402596	-0.04418031232998255	-1.6490406620309652	1.119077290560275	-0.01584767349775451	-2.0878106771494616	0.19868050239788193	-1.039138942354947	0.41827851271387156	2.6822231313874614	-1.4294166194563187	1.1612105026449717	-0.16489821983697842	-0.10886671311191462	0.31315449845110466	-1.198208229050118	2.635785978915575	-0.5718073891001844	3.0525130609542113	-0.84013224450659	0.8081742481219617	-1.3200329350663715	-1.0488021273691084	1.228046596523039	0.9754644887086005	-1.6033493500437976	1.6790508107448872	1.557784536097507	2.5313134280519827	0.06434798240702119	-0.743244069465886	-1.581857949491713	-1.4041567514901903	-1.6148038895497985	-1.6803248398015462	0.5150604795305332	-0.5775493879100593	0.37894019821393493	0.1905530354482897	0.2484808455337622	0.7143453708634138	-0.07393286421441503	0.5503633173024731	-1.1854083277029348	-0.6082870859738171	2.7340750555067714	-0.28984732764487214	2.0949330994549578	2.964051418028852	1.0141205364664467	0.24691885987012513	-0.6819235983534516	0.2565819714296058	1.3598469559424846	1.244616874218353	-0.7093854615634749	-1.7160106241008608	-0.23106011565327936	0.3862579435977361	-1.0162372228640872	0.038939091775261496	0.3033049015800674	-0.2399866963014675	-0.359721204161261	1.240609315132485	1.0772829107273905	0.3101883401306445	-0.42384054228326845	-1.0382635432892613	-0.6719542446216629	-0.5243122237596329	-0.3681859195819558	-0.8254851841715715	0.9190191560132107	0.974929650681884	-0.5071672235236434	1.233964887437373	0.9791209449703132	-0.8966214860687457	-1.84068773401887	-0.9431578014192454	1.5045829277314982	-1.4087392275892738	0.2439760125941628	1.1121293607380487	-0.41301019507208653	0.9125957219889289	-0.43717705882150004	-0.19853191146003357	0.3030117116369276	-0.47706286897504363
DTXSID0042248	11.73071374282795	1.2757953548439847	0.5226960751246038	1.2752014035597317	-6.784908522327597	-3.137808165534587	1.4447177132372024	3.1141966211675864	4.953839570543777	-2.614589559375391	-0.07303626459533498	1.8865164038926794	-4.457131665570099	3.0822067225459064	5.599821058509472	-3.2061404440330876	0.37497842366440354	-1.233507626653691	7.135416094233761	1.385059048667474	-0.46318544794811534	3.294210724883721	-1.7549833933467052	-2.3954327548997054	5.49668827616851	4.353064593562044	8.185793625811685	-0.3021882106079356	2.0629942567205544	-2.1950839167413845	4.559942504195241	8.062253580125649	-2.920685339802629	3.1666780078976946	-1.6934276277700637	-1.4620959922568015	-1.3558362324669602	3.245227448173091	-3.3509433573040255	-5.802030806897181	-0.34238120834227503	-1.5461241561238805	4.494542220041052	1.5151890766181677	2.7742147653922937	2.09436781569746	2.0592302796366106	2.2655445252377717	-0.7078569470529513	0.6849958970959478	-0.27593459481897087	3.190519637855134	0.6749054031752467	0.9017285900666907	1.2820148833776475	-0.05404097447095759	1.5239320141870507	-0.9606694264025385	0.9389407194793947	1.5774032945751206	1.4301509597867583	-0.45037098649171176	0.16049137468428698	2.728098686488695	2.3904156635591094	0.6309870041054297	0.28421423208879915	3.628249537975151	0.5890204242639455	-1.4326195067096394	-2.6914810110803202	3.460960828478565	-2.4356601481829965	1.8680456482567238	-0.7495194067834077	-2.132949678474638	2.5217868861688504	-1.000517924164842	1.274637549984383	-0.8948531063786404	1.5128616770099508	-1.311305240357449	-1.581180262921252	-2.156929968863905	-0.5796678243756793	0.45718727076672616	1.129795433769747	-0.5558044862868133	-1.2296306794568626	0.38305233954529766	0.6197523481225792	0.858528770358758	2.0697596474217943	0.27174829781632015	0.6708316325431023	-0.4776623972348944	-1.7224224779055253	-0.9619335479607627	-2.4522185065767137	-0.11440955158104536
DTXSID8021775	-4.503454579983164	1.6794459851808745	-0.32610558025322856	3.100896799747339	-0.5283460816614299	-0.41481906753852116	3.0570962819179557	-1.6291459373208874	0.4374726720583022	-1.3823382656631114	1.309600701932671	-1.3545057127707827	0.4716095726940649	-1.9029071347255864	-1.310046045760509	1.6084306601682956	-1.6410972058521325	0.905442672618501	2.7928478744514784	-1.6753759462073505	2.2462005833715253	0.60249573948776	0.47690420367672903	0.44992338008933075	-0.22419348606895909	0.41734787767894554	-0.2824000744310787	-0.16844754236795204	-0.8772376737457156	0.5916161791323641	-0.22641435429220724	-0.14587388146518132	0.3139842197318013	0.35659686294925697	-0.2866972038876655	0.5356091792780332	-0.21810945697064377	0.028843692104656076	0.33731158195044847	0.26606234177757127	0.34210075503132	-0.4571324029600902	0.27918893024516883	0.41293906394718644	-0.21347377055674344	-0.6251033583491615	0.41804585088539203	0.1559120969843318	0.07132928532347403	0.22079978133126787	0.12451767110519517	-0.2621111518877239	0.1507146168254672	-0.14586583157523886	-0.03253091153814575	-0.13141951406315244	0.5739557736460972	-0.4808618152082311	0.54624765895233	-0.3814064859938096	0.13152748610338552	-0.261075960386477	0.37063163848245306	-0.6225335254025696	0.15186138671088084	-0.11310571627736646	0.17714294722218657	0.9642910374375911	-0.3593590359170499	0.9689860242015913	-0.6902601154618984	1.183390081253613	-0.29511391873472415	-0.26564903257142974	0.41515883400647124	-0.14747909497260153	-0.4781322676254424	-0.2788427858732028	0.5044753631223099	0.06550948858861029	0.4046973768329246	0.6598940588813946	0.665227862250916	-0.0761788979691688	-0.4690929234468737	-0.4643809841824112	-0.5978693815870241	-0.5525824164272208	0.4930396579629832	0.3934157694132767	0.09385327978992568	0.5185286492607815	-0.20465178095656206	0.4426693791622159	0.010201050016589285	-0.43310388242276904	-0.15610803529533127	-0.1403498382080743	-0.1773724338170353	0.24682832498904134
DTXSID1022556	0.5143323169055334	-1.4266729109073455	-6.706234424475127	3.2414518266929857	1.3422626760911949	-2.816340810426104	8.416448973791129	-1.5929449546552867	-2.9717389193243906	-0.741206476559592	0.5059370244844535	-1.514866133084437	-0.0015852857002842011	0.45979038634586356	-2.6457167626083677	0.2056986408688551	-2.156700784305764	0.2590807757880411	2.2893741675145387	-1.0010365098468839	0.9131806595167226	0.8531160597740254	-0.5250814856682278	0.006189748646796489	-1.9696932572504253	1.1402967642842208	-0.021168384012058422	-1.0501707670038265	-1.139734082280222	0.29770826224684305	-0.7940070055512154	1.4390686078757402	0.17538070601454894	-0.006746247692357989	-0.39470420993092414	-0.18975475621721227	-0.2829969772278335	0.36838314311646614	0.4467737719117902	-0.21400491591844703	-0.3472254749116645	0.2580902811649733	0.2761445552773706	0.1542544115816264	0.3100100125259226	-0.610335856384186	0.3782969623040589	0.3168211031031016	-0.37696803047713834	0.024950550661877947	-0.3856771534333488	0.20750564008296515	-0.6376792580269074	-0.09767346031848964	-0.45219881561684844	0.23816665747638358	0.11407093076037214	0.5284680689700942	-0.5682807995149977	0.7109051931596967	0.30634717918819393	0.49790004217965955	-0.2252398997240072	0.23429234891307055	0.1668312199341495	-0.05857847633567015	-0.07812828829119883	-1.1916587557323328	0.7190700223727355	0.3806029466012588	-0.3068563032237203	-0.43200244396560283	-0.031107538382470597	-0.2859147881116172	-0.43784586339152937	-0.13976769655886287	-0.5492931748789167	0.7721145970354686	0.16153601308172813	-0.6159611858760264	0.14955082282049104	0.06647687137317783	-0.1939752952722622	0.5608101208236598	0.09445767924889507	0.7473109082284307	0.1386710888159933	0.026878209518217733	0.022851951528411785	-0.7802782676575699	0.1853339029988337	-0.9352853341313707	0.8212178359788935	0.052382119149227836	-0.173009710774714	-0.3693686433746323	0.811587979836274	-0.3230388199953813	0.642122390820086	0.34852375963128934
DTXSID9046150	0.8036628058529172	0.9088891477757723	1.0573670845151328	1.9237297291956152	1.021599281508213	-1.8391372873854794	1.2962876014306859	0.8860444087468242	3.2599024163284387	0.4750223585084835	-0.7768464791119385	-0.07164783587065854	0.08960171741292985	0.4131471855624313	3.2846581402248836	-0.42503853081350335	-0.7286944549762431	0.5224137604998274	-0.22708802404355755	1.88178507541226	1.3813695073441352	-0.4621391965761214	1.460530776104218	0.6994281752852842	0.6508291947555768	-0.1279874366113131	-0.4593779777677652	-0.9329905825143375	-1.5263721188675548	0.15765777989409588	-1.6862668122909112	-0.5508066917737325	-0.4464251281727287	-0.0699151822009342	1.9334537119733106	1.8834265318238923	0.3083735158217228	0.14568287929018667	0.20849968803364896	-0.36624579081397063	-0.12645722043324176	0.15103187216996233	-0.5079387859562997	0.08855281918476542	0.9613764454328266	-0.4172056579828169	0.776888730375597	-0.5505643417233712	-0.004727602882745149	0.38279151740494877	0.2726957125814693	0.21093920423327042	0.5771219516798345	-0.6828557201659141	-0.23562806065630765	-0.3229525678770056	-1.2449187354336175	-0.40183504909554646	0.9970176652189408	0.6006209879254202	0.034552424703188596	0.6055776449381646	-0.037345205768576584	-0.23907697143703793	-0.09719482503569873	0.01914162652739841	0.41785475347347223	0.9598980595386422	0.6670212306152813	0.226028167525392	-0.30370193476208945	0.9641681887936092	-1.1812829019745097	0.7683918359162409	0.39055430160650284	-0.583845805234158	-0.9973239701241752	0.2949514958922548	2.42583673804101	0.9068949642040671	-0.5762731599712125	1.6042347856825314	0.16755559293913905	0.21002678587265594	-1.2238014448852017	3.545372613653717	-0.5279704623957953	1.1615093096093088	0.05941927033387457	0.38753580338271953	-0.607907905467824	0.9605223126910566	-0.2689660782354364	-0.10220995656910173	0.3307726070655896	0.9549252568942932	0.655861160965196	-0.23614756497289693	0.21350886486596157	-0.470009774546514
DTXSID2020399	-0.5991400007001544	4.53967545403109	-3.3311012726614204	1.55432093064918	-1.7117555813015468	-0.43526685691384065	-1.1397532318589505	-1.6389492489303803	1.2779386562339425	6.301521356749378	0.6667441315292462	-1.0906853388844702	-1.740123217017367	3.3309043455654166	-0.8830661766692671	-1.341060079939635	-0.7662338912951887	-1.1918425434291435	0.6532810782059104	0.8960838067717305	-1.5146231136407968	0.8397495873337495	-1.2071282151121956	-1.3490061267283915	-0.9912105384883809	0.680656633845568	-1.2987102309656329	-0.7979958131789858	0.08262459186864002	-0.053086611767426906	0.8355226593177342	2.8352849677833722	-0.6288002297065545	-0.8980015643298183	-1.6867693092234908	2.440555958610157	0.5464143128419917	-1.598524836387038	-0.966181225455149	1.3157052545213463	0.3252727374511744	-0.887819081242907	-0.5824334860088468	-0.9949728852821441	-0.4600691991188701	-0.6487753243126301	0.4908396522098047	0.4528318087168226	0.5359870258436396	-0.6576914621157596	-0.741520851480408	-0.41505579956481603	-1.389148577155856	-0.7535498337828885	0.403287987454569	-1.4150910348881214	-1.4881154483216257	-0.9768864636482474	-0.354589455863915	-0.31218768909890554	0.8947499667507572	-1.6476660510834857	-0.10313964034818751	0.5809932550256787	-1.0260652069190543	2.1209459959913577	-0.7644362270113616	-0.2446491805546448	-0.6507838770819409	-1.099934929736174	0.49378959133662054	1.695952378646614	0.7079384600965587	1.1924660621878789	-0.21655212381800426	-0.20218372368329307	-0.4162086325952129	0.2618477612086072	-1.2158254819862055	0.6047919301789412	0.14001021458110954	-1.0880793519884573	0.021161520073070806	0.14451166876648908	-0.6868073276029435	0.8396606145707803	0.2496171958863732	0.020865624263047573	0.656359357556959	-0.5954126356975566	0.4107465144004725	0.0273907027619085	0.10838907546163334	-0.6925347586608822	-0.5999728434132601	0.22018852450455467	-0.19680799878766267	-0.3799725205270592	0.08570632890680631	0.6510761371927992
DTXSID2024791	-4.186793053387211	3.2932516088553165	0.6320554415679005	1.0222942900904737	-2.0514730920126607	1.6073954236041565	-1.2306368809379464	0.40019930940703335	1.1027986078666427	-0.7003148555079052	1.169334047999915	-0.33442141510961015	-0.5790278596382753	-1.380444473782235	-0.5643911812323644	0.4850458767243781	-0.11439062415423053	-0.21432754706617782	-0.26704717468526884	-0.3706910632611833	0.2805989035901282	-0.18304492195332633	-0.08188336495378146	0.016526666200640968	-0.3328893040298732	0.2361668394777395	-0.13263459367451025	0.16938770051765636	0.049758233985443864	-0.3802217230679956	0.10742469201863704	0.1900302127644478	-0.6266219533397211	-0.46192054123097426	-0.0791655254453145	-0.628745521254765	0.10381900543753678	0.48602000608324536	0.6862362073235144	0.3118016730351576	-0.6639582354980735	0.37835011490250997	-0.13378698238047898	0.30465050955157946	-0.17385982010376552	0.29704449433626845	-0.03472766837769818	-0.36121119997468837	0.07185077797344458	0.24113998248457552	0.2642271610568217	0.28179338380620406	0.0008935340514235056	0.04000788886441907	-0.018068123685582697	-0.669168841315455	0.31651613491044733	-0.2693819088534839	0.1760468902907465	-0.04336215680866251	0.5733200750748245	0.2167234223048088	-0.31850198258866874	-0.07570188142194288	0.21041995548672773	0.26906140520390587	0.32639469830632456	-0.4732091668936785	0.43030688365765535	0.5251259214458147	0.45342313896680775	-0.1851786524267427	0.2969804614077852	0.2351347868829077	0.09076681551593702	-0.1574675303191363	0.26579066933224876	-0.2715469243842343	0.1342224768969401	-0.03990795185501259	0.21249525681417047	0.1210963837085856	0.28932608471005183	-0.4815729026956583	-0.29810296930571284	-0.13183983063032106	0.030781348835306848	-0.14813509703243827	-0.23197679281512923	0.15254028511805104	-0.11259331713784185	-0.16329286099978588	-0.1759043954158034	-0.11318893611373787	-0.2398512239564863	-0.1801949567536495	-0.030778007301607454	0.04954127126307624	0.2435866585027568	-0.17447396761192238
DTXSID9052505	-6.15211714628705	-2.06840487263206	2.776584012781401	-0.7336459017415622	-0.7271000951507944	-0.3654890718713984	0.3151626631485088	-0.9309269845344975	0.6739578244245996	0.18122924097378998	-0.16690037172722433	-0.11297577808592071	0.47896578294623604	-0.5662501107327583	-0.1322352028918511	-0.4002840330048876	0.5120884579111122	-0.014403880236762897	-0.1759045220757249	-0.39215089140676296	0.06215996721281997	-0.4106782395302441	1.0196837599764286	-0.010192197669358529	-0.1658982654782535	-0.20659876697703727	0.2007398354715801	0.19974201773926262	0.006479606381825865	0.20702347843656502	0.24237960191477306	0.1053169727619262	0.9712805067406585	-0.03269609452696277	-0.6591114820868457	0.1488868823987465	0.17178309238104925	-0.43278685415000856	-0.4665651750773081	-0.1540152862365	0.30793781458711056	-0.17639418429574918	-0.3477149368846834	-0.09881498311456129	-0.2510668935042263	-0.07270038145058516	-0.008920596468130532	-0.32090112686762806	0.04163349631527346	-0.19531975704776758	-0.008635747093117024	-0.3526039924029947	0.07376546814872156	0.16783348867154563	0.027095302418586962	0.28336514820179837	0.36170477064314666	0.18357192050353924	0.010271719721067265	0.10669690907273031	0.06088357550120564	0.18993910669852876	0.2318654712582995	0.34000574967044	-0.5269372906359672	0.22310507716039654	0.07412844102961523	-0.23213412759403704	0.06719262597795729	0.2972600274818976	0.13586850155906954	0.028162567029092787	0.03522436793108281	-0.2143314568649092	-0.16660135947694	0.12217966295590127	-0.09601638919282714	0.4533265859758585	0.6547907340570255	-0.8895479124594012	0.2568922266261915	-0.11820734770136349	-0.13976018856146946	0.11408724833579713	0.056742983905178394	-0.21678392882536288	0.0012446555297280758	-0.3539158125894751	-0.3115815332639848	0.20162928030661242	-0.13282111234156416	-0.20532273906227078	-0.31608041538314713	-0.051561014991305054	0.059007774713486554	-0.15833318817706268	-0.26634958246274676	-0.329212063769744	-0.013284804535682095	0.09780621391253236
DTXSID1024174	3.0501461789645252	0.610047329577869	4.851736579949186	-5.19152493049252	-2.0503307370614663	-0.2715762815459808	1.2176747057524144	2.5679403492901636	-0.8865046874687071	1.5062861821303695	-0.7689095865161525	0.8266679026248049	0.33444033248763555	-2.4131916194346665	-0.9614339606400386	-0.24056217402712993	-0.22908560337190728	0.808610851679826	-1.1639503598338836	-0.4141513469656363	0.862039482248289	-0.2231364048124379	-0.8181045591841594	-1.8769674263718326	0.972928728319489	0.4250079389713884	-0.39260731489985196	-0.44663338986158924	-0.5861081236717525	0.8931024741006754	0.9954563101727332	-2.2434324495169813	-0.4778454049654566	0.8224900451920026	-1.4268250921507524	0.36210514076299755	-0.1813079377682373	-0.3980800931248066	-0.08022853264663092	0.49747088826626523	0.1438459416049184	0.41578074008443794	-0.6892637200062739	0.02222840932631157	0.2858903276541506	-0.4110910888519971	0.14714478548577506	0.5183752551454146	-0.19717289401323035	-0.513781020676171	-0.22297843230824682	-0.1565659168159644	-0.43749509068242565	-0.022417389689708456	0.07261250432400695	-0.3411287523423854	0.25210121315127054	0.31058769098751926	0.1382834762095322	-0.3529113540235294	0.8414850225553246	0.050606764775602914	-0.13279321463681423	0.34731911499596224	0.051975456743302076	0.5458680667337286	-1.0286805015341534	0.34659740209997514	-1.0102869775657417	-0.5048435464569857	-1.0072552991830568	0.7823880903872058	-0.8092689175123832	-0.5736115924316513	0.5404314226863072	-1.0890532614735595	-2.184223772566084	-1.1572298342915668	0.184755125615421	-1.115990104044293	-0.6557351803229525	-1.0272227745141111	-0.7520252160621743	-1.3373600647997232	0.6045700533082422	0.4191261890423967	0.6439939456972656	0.38315481450292393	0.15971225538406064	-0.6174581260178945	-1.1110291793532026	-0.3392260317974806	1.7046822122260528	0.10300968062444078	0.572498696386741	0.5491311638954467	1.371225789815919	1.4979978550228603	0.8259560649981468	-0.211706826297521
DTXSID8022872	2.7050424881067507	4.962994692141426	3.1843571635182597	1.8990145768568263	-3.06187888090022	-0.9537313193773457	1.225996677484447	-0.17010570207627235	4.06691012957831	0.16953755276937435	1.7377650079079163	-0.5305521388774775	-0.940312741797147	-2.2543763233378273	2.935949883329519	-0.5999886097915561	-3.133148705644812	-1.3569022110443338	-0.07683191967743899	4.651992443437528	2.9280908275608306	-0.29691022607530193	0.9718440496396596	0.5771046614125133	-1.4640905372972242	-0.4208653197540309	-2.152207713829832	0.46798567337685903	-1.3184608134124036	-0.22609014057044485	0.6003218818579342	0.442946381472441	-0.37006729959245127	-0.2554556952015613	-0.47881052547733344	-0.651245764544788	1.6466985390055575	-0.31703871912298004	0.459581036965146	-1.9145232346616217	0.35947809523183777	0.6025964197860859	-1.142872198893374	0.9360322728266839	-0.10931234247870332	0.6057111878611643	0.9017767603146167	-0.5823672631531193	0.06177757553663737	-0.055920902073671876	0.2628928659148803	0.674151759447049	-0.6839178570039391	0.295941805010974	0.7095532343498379	-1.6973714736213157	-0.18268180368726497	0.2404687634972033	-0.7530646118939932	0.6169976009410333	-0.11538231946723666	2.561399136367107	-1.4611436711538683	0.1325477835904469	-1.0426893726630273	-1.1726891677663844	1.1826772825850653	0.6236567073433923	-0.06706631572132436	-0.8966347101317257	1.0669248659610027	0.29734923458979895	0.15255708886077482	-2.1437708448593673	-0.6358432649675457	-0.4361364751668461	-0.4559944734193696	-0.6486089496807027	1.147344544952825	0.81728036108923	0.936813062195599	0.6005542852462454	-0.5945488717425955	0.9761354388860041	-0.18486558752464768	0.5341285358772137	-1.3309573288083505	-0.36417665350855066	0.4643851906121657	-0.30157194973405005	-0.9230457975135644	0.013039534545294692	0.5733711081310292	-0.08299792767577573	-0.22184271552478108	0.6870555932839035	0.33145307270723817	0.3408887554279916	-0.24645027913668813	-0.264477722614747
DTXSID7057785	-1.484966627710847	-3.554200990944086	0.043296409939401044	0.7910753005169822	2.7510563731220206	-1.6968340038430187	0.2778078553803033	1.8532688533462895	1.028942261438321	-2.2673518913299566	-1.7268955915096804	0.249291276785165	-0.8228822329470996	1.5708843700299335	2.088076188634868	-1.0933309888007618	-0.9551836060084284	-0.9984394222065043	0.02483043123466849	2.3564562515130887	1.8234950607873326	-0.3460017140056836	1.6712907366145269	0.5712605219948562	-0.5332440534619584	0.18438539882414948	-0.84858777614836	-0.24272131592874932	-1.4445845318831563	-0.46737931621135564	0.2808017558594586	-0.18491198042087714	-0.5249085788945679	-0.6146910000323976	0.6204709642957777	-0.09904422240113406	0.7947196156812536	-0.09608499809551442	0.2103582503261093	-0.0683258024360345	0.20328904125628294	0.4474654300770965	-1.0579060311273785	0.5244946452256752	0.043505569929533514	-0.058095332314325926	0.6335228229399359	-0.38942790094803903	0.050811435660793665	0.4123796838570657	0.18171300155999515	0.3944295170778061	-0.06278032080452393	-0.22578149030250902	-0.015123432005396311	-0.6242895624423973	-0.5710604609936691	0.06345613891523659	-0.12194314494187143	0.2033718276737338	0.3160182959578523	0.8898340102419504	-0.20302158562646563	0.33700774972642084	-0.36295972318385056	-0.6878825965916228	0.22512183582055847	-0.4413227855201722	-0.10844542326486423	0.20641455167124248	0.07890210343603525	0.44873894406078446	-0.7928473474147262	0.43332230023729135	-0.7086362128292369	-0.11471410372145828	-1.7497687574683354	0.8554287605870746	2.5239436410188296	0.18867752197350193	0.25393293384897037	0.5935087018534013	0.9031658327095472	0.051759160721749714	-1.4568005817473257	3.449606093153147	-0.7646326430005302	1.0163968336954925	-0.7396863124402432	0.3768346485728496	-0.6571544809202086	1.2314000428193452	-0.3878131478224802	-0.5479683722558732	-0.19885181386669365	0.6402190196699962	0.9352300763758257	0.30329047654692365	0.009411225630600189	0.09926245875217722
DTXSID6024670	1.9700212747752448	-4.821415673691601	-3.9741444482967507	-2.360652706319169	5.25728146311892	-1.9242244445819008	-6.592440266093954	0.7112205604922155	-5.639799801294861	-0.3982800621960316	11.432452519343146	-3.2415160374660923	5.451195330688045	-1.314252736739514	4.757107602911574	-2.6772312433250454	1.2353032407111946	1.516178672322706	1.8602295669975353	0.90771597816611	-0.5172962128252608	1.8532639228535064	-1.8847870042941306	-1.5549709558639426	1.5721816675013103	1.9441278152491424	-0.10939644018533805	-0.471678966984363	-0.85576501274724	-0.08163173872824603	-1.0298933770065037	2.5215313451853283	-0.15018108877267708	2.6511517070957367	1.2801676649153952	-1.62867594350451	1.4411513826595699	0.0444679372568643	0.8441666153500316	-0.08931503088020983	-1.3940582652007756	-0.2868684938344393	-1.9120999841181927	0.04347664833156037	0.2178212377330801	-0.10763711312786206	0.9892381158077826	-2.0005859892858813	-0.026047218827316976	-0.4923193672722278	-0.027275403383595756	-0.9538996772601084	-0.29829087066917465	-0.9815640030401791	0.29457393871607435	-0.4662079247148445	-0.07939851986827197	-2.353265662044401	-0.6074566963506652	0.8065623735385875	-1.2676823508449968	-0.9725259264629305	1.3469604558416803	0.10451878661484258	-0.2714570048909301	-0.135720054597343	-2.6636924076050676	0.4708107266846553	0.7528386052182069	-0.3757167911186431	0.04416198815871586	0.28036843873845635	1.127463946602528	-0.6322577075241765	0.10055321046687049	-0.5148082827636958	-0.5659012686379102	-0.872847265784514	-1.0664961559147097	0.11957076095180803	-0.6891585381413601	0.17737413518439016	-0.6164803367923791	1.065667041581444	1.1492636281373272	0.8939239121801816	-0.5293603615496302	-0.017375812817259254	-0.14099303630410165	0.14179782359088502	-0.013168556901341702	-0.18581493835273735	-0.9488579510204906	-0.651036064351564	-0.5363286324487319	-0.5490954960819832	-0.43451084865366635	0.22775571041565873	0.26827089481374405	-0.5256954965883519
DTXSID0042400	4.6686795389467735	-0.9499650286076531	3.6222776183169594	-8.541006345078882	-0.004142533490916167	-3.9520641708812114	0.8591926110937013	-1.7484031696582631	-0.4876633417740088	1.2434232691783502	-1.2263211455363243	-0.44115193240844724	-0.3679293815314334	-3.726753544267993	-2.349381794786492	-1.0399856562189065	0.6761396784604332	-1.673577613814038	0.07764788496754002	0.7652944592054872	-0.17572686106719168	0.7427776671293177	0.01678219084982341	0.012322942470836635	-1.3833338148055614	1.1918464123366066	2.253161266569839	-0.6768405155888846	0.703208034936747	1.0498208567251173	0.9095885863309578	-1.7681090922118923	-0.5521888151239172	-1.0170979346841367	0.9669250235344296	0.45328987736194765	-0.300044898352887	0.3538911375556643	0.4919897344045091	1.4722919632038085	0.507038703179569	0.9742681370262305	-0.05966682764086742	0.7792622218071864	0.13999224687768388	0.031334984103540735	-0.00014059945057491444	-0.4650060089785325	0.18635611950708547	0.16061517791690882	0.49699099532026536	0.025625634096442647	0.4423787558187622	0.5067958149032434	-0.43974683714822954	0.36287179672827935	0.37338793380898005	0.3682414299662164	0.3040074220106897	0.12715794767172872	0.14385692630181937	0.27256422753655973	-0.5241059558995123	-0.18399720723766838	0.5177596921190496	0.3032751860890927	-0.8799436689689262	0.24502480535694768	0.3416132126802434	0.5818320020594253	0.681957731637736	0.3307851601751683	-0.408210174641713	0.38546750702766236	0.6706875416960372	0.01973302217440259	0.1986653457641284	-0.36855359701725293	0.24252857059278746	-0.26579187329859544	0.5469393458917571	-0.08222408566418087	0.07036429759569311	0.07516465474590978	0.3821006933341548	-0.12193015359560841	-0.4761428908505884	0.39361143802978976	0.3735593711196372	-0.10079457523403419	-0.569285910731969	-0.34480588439059706	-0.16504418630463685	0.14481445990848824	0.7097748565273012	0.7834082561728142	-0.22280041637723302	0.7451351565238648	-0.2627966122209493	-0.35460418043616343
DTXSID7047566	2.2145161289860047	-1.3838887442174395	-4.580431043527461	-12.363912181299114	2.251252564117024	12.008368745689964	1.1113523432810413	-3.685208390959565	8.067315067744946	-0.045597200290840106	3.611269020053754	-0.5972709802232903	3.395232280495211	5.5201636748818474	0.05980027918032121	2.526583356280006	-3.3466330677729843	-0.5445762428576102	2.4859953733425177	-0.8060221920238576	-2.548366863772503	1.3774682817489028	1.3609190038257983	-0.7809058271331624	0.24413843073722444	-0.3669731915512623	-0.7205749226038142	-0.5423484806027007	0.5491175751925272	-0.051447764332248756	0.5361200876479677	-1.24628784357176	-0.4418456043487295	0.16741851463272403	-0.11666551308584075	0.20609704876764764	0.30302963321829207	-0.006036324470309785	0.3240509773365707	0.5539789751971094	0.3545572837854741	-0.026919459169566985	-0.24174471637810568	0.45212214750028723	-0.28588496058912266	0.654530640136744	-0.3965826530525677	0.4122846797092192	-0.23820280137592384	0.4401582232716078	0.10651290479711334	0.15478969582667068	-0.26281111749415587	0.31561459828296373	0.5775416913722274	0.13343483704230616	0.4322797841158632	0.8480747230216956	-0.8709546691661516	0.18016854401769017	-0.06639953878559018	0.5353003842071724	-0.6849253241028577	-0.5583494203843842	-0.14988778497053504	-0.20802765205081816	0.45093180405409306	-0.021074473155070817	-0.910374322139973	-0.33316138968347336	-0.9692609079156401	0.11361101508871692	-0.3250226245413402	0.35019678045872515	0.5664639812164542	-0.16077285363324773	-0.4408192703656957	-0.4156199650768768	0.08692648764643669	-0.16586876404222578	0.172938737663218	-0.6369786684621355	0.36566404430286426	-0.728629947443387	-0.609113590246603	0.2702647450900349	-0.2526518592188978	-0.8719381773714008	0.0205267836465929	-0.43175601235300215	0.3832219169232286	0.4622412774315543	0.15282770973085313	-0.36890516108557614	0.15330511970549027	-0.6152783930298321	0.0286144112015519	0.16467393586967743	-0.17472769701340157	-0.2594693151759879
DTXSID3025338	-4.901154624454207	0.6134844376148072	-0.9203840127093207	1.559282531338617	1.4096381601211079	-0.593616101832439	-1.336733190048942	0.6236168847014356	2.004237417531253	0.11390823947406567	-0.22422686630950614	-0.8372549052571283	-0.25341935581534264	0.08917724494623358	-0.04486251418739743	0.550690614009487	0.2626976849324487	0.38905031709518695	-0.1602778556982782	-0.2705593109998778	0.20260441713518204	0.08056331883958158	0.3729035782967114	0.33718990852056546	0.14748256633195828	0.25311877047729375	0.735501723846811	0.1036196587928625	-0.11105052094822132	0.4694928337579113	-0.48260934993860255	-0.674362291950843	-0.6626322601832209	-0.6624873276256116	0.7281632372397955	0.526704291263592	-0.42078868702777755	-0.3145387961880051	0.29814986582523784	0.27201111762564095	-0.15469586620352133	0.8034358161020476	-0.11056872158844294	0.7912400372078908	0.7691036665992672	-0.4061644395576682	0.32339873792351986	-0.3987213604742611	0.014582005596815557	0.5852295228879622	0.32576522295941346	0.06379273560000334	0.5361386765897957	0.13460860222955692	-0.6870050522093822	-0.1374199488732359	-0.11335899695847886	-0.10211285797406935	0.3480353742304203	0.841105028041285	-0.29246094992314453	-0.26081901160164084	0.44374680028946184	0.086508204633815	0.026463122932677042	0.3440335394615594	0.05310004080727106	-0.4072912741644976	0.553801813055505	0.5659421757256836	-0.6133706206693879	0.9751237646278754	-0.17805227415270183	0.4278743343301916	-0.09700237213216495	-0.29505218505585706	-0.722772066774978	0.07226612174243349	-0.33550350737856793	-0.26962777964649554	0.4814081896008188	-0.5671902562919615	0.5516185239643326	0.15330110566316985	-0.43902408853949826	-0.15126898164842084	0.06922602482100555	0.1393632305930554	-0.21694599588153685	0.4009266483545554	0.0958871255883027	-0.042410979709841846	-0.14598532448555343	-0.17435170674757283	0.20177605447595462	0.23711526886717335	0.021948176374685734	0.06220978851305883	-0.01906436907345547	-0.4305813972974753
DTXSID8032623	-1.1787199927158765	1.6369451411241442	-1.1304289477496954	2.7158097736781786	1.2496063950284741	-1.5576252275247962	1.93237108536281	-0.9266116788561466	-1.5072344317313118	-1.6617630445429905	3.92236824897103	-2.1857296628677654	1.9442779471972595	-1.3290536951406728	0.17722780784071945	0.5882935847802643	-1.0688646901584207	1.649760842545706	2.942348439349156	-1.9522519088289323	2.273498155411482	0.7398106569864417	1.0203599798468679	0.5265240780696262	0.37678609343173	1.5066807550987433	-0.09273527158217451	-0.7221633481739993	-1.1034972957163098	0.7415300956054149	-0.517076505483218	-0.3148940591239977	-0.3485849601655576	0.5244070022534921	0.2787115005462491	0.1324963902419279	0.4463913992972273	0.20801180133998104	0.763654054992408	0.9567969418851155	0.07136664661294223	-0.34315557358501253	-0.041627012371693785	0.6123664876582631	-0.2231095170655682	-0.8729375083711026	0.7327657635224688	-0.2866031900082718	0.17596269636672812	0.2508581933963961	0.24906668225399164	-0.2383916190804528	0.35041704406139695	-0.4996867302345773	0.10796237408992418	-0.8426509265438481	0.7082203877514281	-1.223145991326953	0.5986470412011659	-0.2526299333091233	0.08284859678289855	-0.5966485577874172	0.06570506358808839	-0.4338118783332639	0.38777431525534933	-0.05137236049271353	-0.015318454645491995	0.6770224140150762	-0.3893721803176907	0.7442362640680785	-0.42745462267838136	0.9668861365161279	-0.20746014697229065	-0.3442045604415295	0.6512213064470568	0.17352995225663945	-0.15990556237248843	-0.09006824746269343	0.5889004061797736	-0.04420339165444239	0.007349269519973744	0.4211475881700468	0.5313020665720608	0.03432956945276435	-0.4059769888889864	-0.2227095039387105	-0.2984951283461674	-0.24345446784238417	0.648446597612332	0.26734803088492076	0.9456728211036106	0.5230690085782593	-0.20255263112709293	0.7428206235556688	0.08952570290303567	-0.10017574861958839	0.21388176133483744	-0.169082038214822	-0.4418159861119307	0.779803952907107
DTXSID9027312	-3.5679173080763924	-0.17466653265457371	-0.3697247494044006	1.382384181528333	-2.1486776736174433	-0.31771000114411935	-1.5953705546632668	-0.7504502874927154	0.6354024483770261	-1.0164913413509	-0.42428227682570246	-0.1919191499436124	0.10713460583989687	0.9669624815878923	0.21733282657291964	0.4582845309833947	1.095269292033389	1.1592998275228958	0.47482137377896894	-0.7988575918451039	-0.1660725393410896	-0.6564516252569687	0.21642770153078542	1.1039557235903408	-0.701343626551624	0.3823299671421016	1.0325395895450917	-0.165563777356983	0.264085326734815	0.10269448352179143	-0.09721639772998447	-0.9911271922322107	-0.6614009046145688	-0.14162238457931062	0.5520863652795233	0.1341961824919062	0.3018738307139	0.1463319160635054	-0.3635115073946005	-0.712858692669753	-0.0011359875789598733	0.3511144548826007	0.11254066352112993	-0.10045757315148719	0.2765956331973267	-0.3183862239661967	0.21403576334076047	-0.5441969444425008	-0.1768558024558583	-0.0652047589832685	0.08459726891024527	-0.17590962776669153	0.3408473093032043	-0.2376669809785867	-0.7464875196901428	0.08925892576372604	0.08214503825635362	-0.15867834219122245	0.3559494072254747	0.8161156127524222	-0.6439554626582373	-0.31455197899356274	0.5282881941558846	-0.5298481793832459	-0.21653958102597978	0.6764549054483026	-0.18863155747567273	-0.25736712984716825	-0.5763486813431581	0.027513082571928985	0.18428827783169618	-0.09830192809898826	0.4855778414134643	-0.5342970474966355	-0.07435221207389991	0.0030694398209692004	-0.6541564731328111	0.3404085957961942	-0.11867381708673899	0.17391190308801036	-0.24651603950881473	0.35794627441885185	0.0031357807176214153	0.294134398169235	-0.0007642857213837989	-0.004431992634033758	-0.06333134635802083	-0.1485009894002295	0.2037759144020524	0.0077453483980734605	0.04519457815418857	-0.09850524381041224	-0.3032338387136579	0.1825194278755271	0.01975778736591056	-0.08263567023887816	0.20272804117665852	-0.02459320405199015	0.3070553196630703	0.12084712453803698
DTXSID0020319	-1.6434055905638363	1.9777842761937396	-1.5497437064904338	-1.6823421042650206	-2.8929848864525125	4.695070896687494	0.15767170794169677	3.887675981826239	-3.295126335679334	0.6175638443810104	0.19149350003991236	3.575330366716801	2.9701182384961795	0.12716877567150617	0.07928226326569116	5.889352166994459	6.035697255209261	-5.597076252092516	1.6893699021843804	4.251346566770467	-1.1809598181995242	-2.2410056952080413	-3.5508062015323083	-0.4334565097788129	-1.7930781731530792	0.4238153947022123	-2.50799612185432	-2.4770291957830217	-1.9623233063714196	0.5824072178966457	1.1968601613964125	1.2042029031846961	0.5473255036583635	-0.8860138565121651	0.6933508472370015	-0.9692068813774098	-1.7344814514889026	1.8901787220206536	0.1863547921266195	0.4771420386670167	0.6558383262315627	-0.6817726351352938	-1.18508721270617	-0.4405388981378854	1.8039693911406236	-2.436536066450546	-1.7923483537613982	0.007582229919582469	0.2409195279452568	-0.6007640828034121	0.1850684489896246	-0.5626458717996949	-1.1998294181138385	-0.019888886407091792	-1.650952905144683	1.2519458018204435	1.0064130287083253	0.26178186446807145	2.8131018552404776	0.6540662417691666	0.46727102501024453	-1.8978436905134481	-1.9138500070239153	0.8489576670135629	-0.10324522648944771	-1.3611576071237563	-0.07173347161005245	1.9082514305725162	1.4257361398872883	0.740344771265644	-1.020134491486846	-0.1603993735355604	-1.4558054350518939	-1.1271521805452502	-0.8833812507707646	-0.8424200286434941	2.6053232177732104	-1.0338495931432181	0.1725384304380416	0.8272463801330526	-0.23674403271375716	0.4991546169523566	1.226109718916544	0.8526981005423757	-0.04307002320809524	0.15975841302984625	-0.04385770830267446	-0.5280554071409292	0.06504031365127022	-0.23239819923334543	0.15821678134978717	0.0417511581954244	0.4896406945621223	-0.00037937169278243985	-0.29075601574006243	-0.5005234093374172	0.1123240501189866	0.04354034452369285	0.7355753971517057	-0.24259864499292785
DTXSID5046013	2.2972001088978544	-6.034033579128199	-2.749833176425203	-0.6741896888022115	-1.7700897687900101	0.7463317321823314	-1.3033073890137654	-0.6220114713307208	-1.1653725670681105	-0.20039321001118934	-0.6951856189330167	-1.5896293971017055	-1.9784639702972975	-2.086850107223215	0.9674817345337366	0.4340200578236148	0.9941664862890097	0.3157196918670599	0.37027854724608866	-2.2279995138593853	-0.04245241717902616	-1.0627852615730902	1.3109122140609089	-1.7868126976930876	-1.2468785641391387	0.1424341302182014	0.10904708403592052	-0.8890225931504221	0.07458688171314556	0.3805066065011847	0.5581699799872648	-3.0922561315840054	-0.7970865104695315	0.8723921026322995	-1.072479808292684	-1.1870985707524462	-0.609397051953234	1.4687530361081031	-0.416357998204294	-1.3234626963986846	-0.18204889298025428	1.5268123191401897	-1.2246302975613788	0.42703619335438125	1.2949623990810046	-0.13300461510141312	1.744028830941171	-0.14959845865671645	-2.049884730562714	-1.0749382865011667	-0.23167003033386505	-0.527031497713729	-1.1648311662611595	-0.12840171959204355	-1.350332944920792	-1.092429711120335	-0.48134430534451306	0.8086072021355072	-1.388383336116119	-1.6894606249437216	1.2806658927096712	0.19852121257767344	-0.3160505459948817	-0.1309821903210782	-0.8576164433792679	0.39343528799320926	2.7282231005903683	0.0467085466406949	-0.18334659918415658	-0.4350067390149487	-0.793068894678118	0.38731968937008127	-0.7058506937274079	0.0874174570634981	-0.08779818858281008	-0.5450953662943993	-1.303558018976767	0.35383736073537797	0.10680918816376707	-0.2830986143828051	-0.2161111256925644	-0.25487985895992304	-0.8488538133651669	-0.310944180549327	0.1977728813170647	0.6118750702121164	0.23544829866461853	0.6284381776282001	0.5651457294161281	-0.26553151176364925	1.18256356160057	0.3279284449514641	0.20222105981859448	-0.1039369190588568	-1.4658964340465603	-0.474766749630636	-0.5730394925790288	-0.17605053770787585	-1.26828988763276	-0.024229444397538255
DTXSID6023492	46.99128469061339	-9.440418485269369	-8.970233777784085	5.126550190524496	-7.363554698618281	-1.220442575057086	-8.137655069241378	-4.435030172154241	-3.391616748253341	-4.643041994811993	-6.451760592169962	2.056998027170255	7.302967953438099	3.6540215550108237	-3.960110729412521	2.0622293379111083	-4.453547397348542	1.7360206125652526	-5.423853364785599	0.2676498170338683	1.2063666829958393	-1.4942327192292755	1.3329393181104507	-0.9830445428193682	-0.7598809075207433	0.6354862101015145	2.772719746048759	-1.3409575359428947	-2.130033417808468	2.3386469564274717	-0.20293224018490283	-0.2359823685630279	2.4579057559215802	3.3339179911258725	-1.754915609129771	-0.44644308907244523	-1.0392994765741455	2.140100798644127	-0.9998754946830105	-3.2665066727958694	-0.4599734699953574	-0.4435927260519649	0.8300618032033826	-0.3651750228812019	-1.7773477632853119	-0.4656172939007778	0.23364048421430805	-2.0317799065368045	-0.9019081619616242	-0.6312791506490072	0.692750746372286	-0.4166996416771464	0.7305950565338746	0.09678349548334876	0.34181984583034813	-0.2618096674974019	1.8298697137979105	-0.18577900428062566	2.170518828797236	0.16662774570874417	3.918602601184671	3.093378030955558	-1.2493921070064786	-0.8360292414330587	0.7445455734782922	1.0950686188808283	-1.3602157310042868	4.963894448324109	1.5037402850490416	3.9556080580775266	-0.03327657149720461	0.22685990667700548	2.4251384836107186	-1.557573161410938	0.7054863712671446	-0.6306251289505852	0.8303731526695722	-1.1198189604719935	0.6791800424180081	-3.15494575911924	-3.3668525032484387	-3.6361325388333823	0.3440499162980877	1.1704861433523428	0.22384340968757477	1.2083064705565414	-1.8399377347629224	-2.0361848916482743	0.834356842278055	-0.2342343377915851	-0.7503386531702684	-2.0200252864617827	-2.4788329184980964	-1.5991166566209423	-2.1935560853151514	-1.454813498264444	-2.5343681919204006	-2.5167461858719853	-0.1833369269517575	0.76348939762382
DTXSID1045530	4.660231944459826	-0.8615683464094429	-2.395055558765904	-1.0853518356069918	0.43808647899599096	2.533853295507198	4.0114574860241845	0.8508156986255416	-1.4612716323169423	0.738862270096213	-2.347522847696364	-1.8075897094095719	-1.442880210080646	-0.7220656830778659	-0.42383630286499385	-2.9268496733008207	3.483957443667714	1.2535186983012354	-4.045809977351682	-0.4236651005897167	3.21014330564422	-1.9441515426670262	-0.7716232775437346	-0.6885347339427418	3.1545391527080335	3.0348084790635745	1.1602854067316288	2.5070588699659515	-0.5387025284712795	-1.2711030856078291	-2.926650044209275	-2.8319020914021564	0.28343403966615593	4.174970370731105	-2.279079337652314	1.074458515779648	2.039792706486269	0.8550534182149235	-0.6103239211206039	3.642575148231449	7.200008945686416	-3.4423117530416802	-1.4357872459994034	5.670859419740955	-0.09743267911702003	-0.904467843845137	1.229868987804063	0.22430252856416497	0.17396456251238135	-3.7002522906658375	0.41948519603067247	2.553338121924569	-1.0325836305867135	1.5681639337559843	-0.0019390513490719287	2.6883106015054823	-0.3422014883732202	-0.6570797448088451	-1.961770315805908	4.258306354832679	0.7202938353407218	-1.3828843127039838	-0.9307547213553862	-2.2486301195932996	1.8008770315546356	0.0015270885659266142	1.177433966650007	-1.0158675121305463	-0.5692772136526489	0.7303635666671591	1.2211761095762013	-0.44530656668135715	0.7906892075082913	0.7471686441402975	-0.717567103268764	0.506027012927671	0.642195464468839	-0.01126513036051694	0.16233497262609992	-0.428076401568134	0.5353723885210545	0.003900270912408035	-0.4265741408314399	0.6430831549591415	-1.212981073186666	-0.9397785884899211	-0.5287477177963316	-0.02535953737208654	-0.3607153003592118	0.25720576461466294	-0.06515171606579408	2.1966526162919826	0.17452926616328399	-0.6475643248758809	0.13836407590600147	-0.36379022791576343	-0.0977182770918891	-0.20395725680526738	0.8789971636096832	0.009884966219100481
DTXSID8047139	0.5673979209986764	-0.31901743156392937	6.095952441979004	-1.5458845077287273	0.9604233418073369	-0.9512851923849381	-0.13378317259930594	-0.5587798884336539	0.505380284520368	0.4345434622203335	0.6226547499807731	-0.1407360286418254	0.5234978518008583	-1.0020957517980653	-2.0800771099163695	0.256306979655704	-1.2471976697885665	-0.5087240429671634	-1.1518934579998399	1.4393041393611512	-0.09247311668999716	0.49113768251901985	0.15777352735623154	-0.3760714394253625	0.5111767878380855	0.7095187813566605	1.2600552909699412	-0.3414075556166469	0.2058942137905542	0.7424015964296308	1.0198677653823698	0.0710046928057618	0.28071744790823877	-0.3081806990987023	0.3553280227807519	0.19164866569446046	0.18551511427633247	-0.38483682462407054	0.14657402599832467	0.0031951143589902388	0.7596806794244886	-0.321680265200311	0.22386367664832915	-0.8345183525787767	0.5989243356490822	-0.13000225044349062	-0.42831290349561457	0.6127833167066704	-0.07792652738015297	0.09874269040511471	-0.05489915806174197	0.09547512761775716	-0.05932489305656485	0.22842715009039802	0.5030349118046393	-0.4645121209727068	0.6988385933753556	-0.07138366404273967	0.3508197254378272	0.237851788038701	-0.5620688128514031	-0.38613791642170164	-0.9466339389855984	-0.07517932784094179	-0.19471922079613274	0.6701250567446831	1.1834466323403392	-0.37187160413803977	-0.15842572861162274	-1.1972905855404774	-0.039630650308294935	-0.4575191612278865	0.02581365483726811	0.13313652391580535	0.5572141309592119	-0.2674655861734016	0.5501463292576507	-0.6296170832762448	0.0694824657463198	0.2257879978132369	-1.2754492865264628	0.09420891987341311	0.04936333939016038	0.16952504369798246	-0.13499353236474823	0.20053557712367504	-0.3455541261690126	-0.08429378909919809	0.49113694644526973	-0.060417872042846724	0.8458482521480263	-0.08754937551733966	-0.9793341898441382	0.3832976178944754	-0.2923995465120183	0.3310038481214596	0.02292948436831361	-0.40159966910286765	-0.08425554839655837	0.8740255406173864
DTXSID9022948	6.126317461483836	4.07205447853917	0.3650212648355021	-1.5765767680583025	-2.6607312148569306	-2.2698559707942216	1.2357452274341967	-0.03691289382757938	4.055425682285583	-0.6238657032254713	0.7960181722835693	0.35597900141638894	-2.309474176951277	-1.449209284941024	4.4807637709328345	-0.7473082318663774	-2.7105057028466932	-1.1301224019157572	-1.5458988355331982	6.00334676664296	4.984237743932582	-1.0065845414547878	0.5474697336193478	1.9439791586472674	-2.918232625763033	0.12076158844503916	-1.8266790470919843	0.32727995876711474	-2.7278619322991564	-0.7367638994514923	-0.46626781125267586	1.4360655910030111	-0.27373824393886037	1.1361507815486875	0.050493391854503356	-0.7974182184812679	1.4688874004827535	-0.7393258287942223	-0.43212568809760016	-1.4761772683039538	0.15395136735279888	0.9500860297645812	-0.22360827836283115	1.0544797516394482	-0.40356965287243884	-0.39234566877756394	0.28144332846810843	-0.9653618315239465	-0.3483101122642809	0.2902433514322177	0.26602874064797744	0.39571625741803496	0.02197548283518565	-0.3406649914993394	-0.7938776584620034	-0.4613882502917381	0.32801307589491685	0.015518203013179067	-1.0283977371824535	0.2899729811279727	0.006515334913781224	1.9860019169489722	0.0030593565739867627	0.2016529984470759	-0.7910989184363879	-0.9033734903594889	0.33582656995601734	0.6459713624060723	0.22505958372835957	-0.7207312245954078	-1.3779426706156583	-0.13695235117987273	0.3369848459015603	0.8412138663806473	-0.9068351345426402	0.3126319248330158	-0.770380611181419	-1.0220081412387516	-0.4760821302862055	0.0365369788116045	-0.44409184166105453	-0.3579519419956159	0.18613622638287713	0.911227018735495	-0.032375873903122715	-1.2427735083307543	-1.5023100622611478	1.183498303364227	0.998496778359196	-0.8565397235144798	-1.2040808953593034	-0.573473560213959	0.6956177870702938	0.2732118970476529	0.16688186756450815	0.5215364993476195	-0.6877088423815216	0.6195133466258702	-1.7120277465364404	-1.0211710041193807
DTXSID0046309	11.398356788657393	4.674396620152224	-1.8403287815545966	-0.010847421045328246	3.1556847195270197	-3.3182122306893946	-2.501561699171557	-0.13347585859114156	-0.6750408159669601	-2.3375148231450544	0.8434942595012717	7.2537519533434525	-3.1249741112659395	1.507738754597957	-0.46140451722662423	-0.3627208999559529	-0.7657207177321242	-0.9329937196819461	1.4184106961394392	-1.5792324479782567	0.4694078302772012	-0.05595954350789665	0.5096835125337984	0.2027004635425799	-0.22610269061680002	-0.5330278366095981	0.5444444033664486	0.3316733315279802	0.1356312775869927	-0.27731797724569307	-1.4146395514596597	0.28076323308145573	0.4461743504941349	0.3216989880998815	-1.5188808989239344	-0.9106340283895714	0.1073544008231342	-0.7334746611048581	-0.6898287470870919	-0.9236634454623371	0.16218650918458927	0.04449396151525929	0.3330470104154594	1.5456259313305005	-1.192500727841628	-0.47206461459440047	0.17733959509531724	-0.8742771847472822	-0.257249223795437	0.017707278655785433	-0.03878155277487511	-0.2691275664129679	-0.045621032504893216	-0.1943544092520899	0.29992382116836114	-0.7260329718365965	-0.4863959973401583	0.23821331607126772	-0.08395864604345454	-0.9937884248904518	-0.10069375890042048	0.8669174452787541	-0.327299770695576	0.58360525317007	-0.874042018351929	-1.258828467418494	0.7946553799602197	-1.0468529890749596	0.7423886534415933	-0.2798744875851468	-0.7775671595030839	-1.3253309340381227	1.1428531381183467	0.34744507780117356	0.5401762206249818	0.05701093963179434	-0.027512070584601707	-1.3255761362393372	-0.26056982458877104	-0.9943697489420953	0.338183918893858	0.6516882409676156	0.9844383616908735	0.7416074193893218	-0.1987119432350961	0.1356655841286504	0.6305704988450856	-1.763240951502563	0.8667708593533764	1.098360908452732	-0.7218799969624946	0.9599030955945419	0.3042416037814063	-0.3056341561046635	0.606667803825962	-0.5279556677518648	-0.0179197359329728	0.26205827129449477	0.34945591381828617	-0.523290984681826
DTXSID0022436	2.940850048861968	4.280693381101248	-1.869440731750675	1.5415050583247034	-1.7275332073936576	-0.5005578889865776	-6.693550157501695	-4.401393163488546	-3.64937858264284	-1.738781179331517	-4.028707103573034	-1.5305977127181283	9.408948606753187	0.02503989756741328	1.7794040021349609	-1.3414682187192604	-2.4066841016556673	0.6859704400213084	-0.853979980957338	1.0750416801259255	0.696294801914905	1.658632036604476	0.45174890445099203	-1.0885097328684228	1.8800034263933099	1.2888932969872278	0.2004017023391591	-0.6065051392413364	-0.48476764040700726	-0.3646948286066192	-0.37739400411082497	0.08800608625786367	-0.6357340075629404	0.7354482378372889	-0.7237923384730459	-0.382503719936471	-1.2954455395046554	-0.06079033566744844	-0.5459610788266106	0.5461287673395372	0.34414199804865286	0.28633196664273647	-0.6862791935448074	0.5947255352511737	-0.15489673195900766	-0.07474388865131724	0.4922843271653075	-0.6837448275378812	-0.3274953313360706	0.2171743310299801	-0.25237115904206714	-0.7800711006796166	0.3382475520857244	0.011351386145773863	-0.1311803418087008	-0.206526090586112	0.32090737453346124	-0.1797420603826903	-1.299052010553691	-0.45651264181303	-0.25034244688140794	-0.15882097532839237	0.1594888510076798	1.5702701191176354	-0.05983266234482938	-1.6396232451519075	-0.8440848365874106	-0.21938042495089896	-0.4444953608122509	-1.291218198157664	-0.37004253469810305	-0.6051996604842128	0.7435990363983951	-0.4744980025316828	0.12218226331070298	0.07578137536964895	1.235761670797458	-1.0058443592613435	0.2881720251835781	-0.579229254677716	-0.5552433506864441	-1.2171951223408486	-0.3238740164289659	-0.28699601118813445	0.5369431608480351	0.9051794188492441	0.292421210750433	0.6198171120581344	-0.11513867223629215	-0.6292617208746066	-0.24342774671188827	-0.8526258205361227	0.5089957262402016	0.5386119258381634	-0.21266525969724676	-0.30111836263547803	0.746236526223111	0.19013949761806814	0.04033131953475775	0.6101438194032096
DTXSID3034458	5.059173781338857	-1.05373104200738	3.0897105520645085	-0.5355639916664686	0.8253200365273446	0.4664294149299509	0.8282141114408667	1.848723157685703	-2.5238528826322013	0.35229100067688957	-0.5142029502893388	1.2454514671274308	0.1825305107177697	1.9329896006793448	-0.3057451616021526	1.4760775148903318	0.649313394011979	0.07841406907340331	-2.0632935608506155	-1.5896045921001927	-0.8817594041173885	-1.087101417079489	2.568771903693301	-0.9165899306278243	-0.4638890187498231	2.5651577920728506	0.026311937593885955	-0.6953061230661979	-1.0089714052839687	0.35833143314279886	1.3950372370431439	1.4905835934953913	-1.4108797843807304	0.1698623185782951	-1.4110570445072717	0.65417879802815	2.1508903332742224	-3.0022308186453657	-1.2891792461697056	-0.5959778093515355	-0.016868108540210248	-2.3165664916157174	1.7473836158059592	-2.290076901465058	0.8434220582640962	0.9032955976731379	1.2673355793221408	-2.592779028214869	-4.400457029034544	4.040234984397505	0.4955093565017176	1.5670239114111035	0.1459916952420665	6.386708479815308	-0.7031873265911894	-1.8161605904192875	-0.04747512875464927	0.3059778798209532	-1.434801135840648	-1.043434820772905	-1.1740730860186823	-0.008246649806736618	0.4284380803812102	-2.080417332593379	0.541820967557783	0.12365514158175366	-1.0997138879352002	0.20255500608694516	-0.27756554262695254	1.8434874413315123	-1.5470883423140929	-2.4350511771875007	-1.0975216155651089	-0.30912775033870776	0.171193087798385	-0.6853831059839417	-0.527438103920814	0.0971466002879387	-1.7412769206907295	1.878941787846169	0.14520066537715012	1.2447458493892356	-0.030937223489418436	0.39138987524549984	0.18225969020192226	-0.18558566520083658	-0.8768428335625857	-0.6584189692710126	0.02319105736913923	0.26820673293343683	0.3968015229173924	1.4529326173910957	-0.2706599556073513	0.36225646658667254	-0.4633879365655743	0.006177470394752168	0.7966087861076373	-0.09391912365515652	-0.18582128743252102	0.303787988011894
DTXSID5021388	-1.359051263542465	0.5748690989112016	-1.9058688212165542	-1.319565578717755	-1.0012710480079703	2.6293694101794673	-1.7591279270392615	3.430832099255484	-3.3418022331621597	-1.1184546332734915	2.177413924945726	-0.4581280064474808	2.1976818174001695	-0.004012049232498476	0.5638459631261249	-1.9050317865457176	1.0135403472577302	0.09325728053387619	0.09292917162295267	0.07181827616618867	0.9102698877298326	-0.5350673738473696	-0.3301343737567298	1.1716908800227552	-0.658271804557726	-0.47952209092142606	0.7497056097442983	-1.172928515859894	-0.21447913732979187	0.33665730297358065	0.06059081020632658	0.18820068922259636	0.5474515902018573	-0.004658761076698175	0.23672335925341303	-0.7221807881612438	0.19411441637070254	0.020253494775173082	1.0090072807332737	-0.16891963073932245	-0.8966974392799114	0.10238207918091781	-0.45998682036783206	-0.564053283132274	0.046428216214859624	-0.02594831013644881	0.030208198122076067	-0.29819944525443476	-0.04620211040973324	0.1336844001422461	0.10177904367359919	0.1384942922467442	0.09904564476435909	-0.2882540745094688	0.2912733559936671	-0.08067416765207015	0.8176283960846391	-1.153579245127206	0.20450316819107617	0.7980417129425931	0.03828683084427766	-0.6385029735167901	-0.039198766060324575	-0.28403697475682693	0.3177523529163295	0.48095592083403643	-0.2874395446022724	0.16773668721208784	0.57648988630208	0.11639010971818631	0.9213834164006629	0.06778203134767875	0.036650936390742246	0.07616805368249138	-0.6079190995989365	0.6430045944325262	0.830702367864744	0.7062799563070786	0.043871197620143465	0.4656344615029918	0.4360134310977266	0.8410940732081273	0.34552827981962336	0.6374973311902069	-0.2325409832974304	0.31689416746018667	0.10083588034434365	-0.4421127897956291	0.17379808642497102	-0.4710705025247347	0.15245115883333635	-0.4540542489206446	-0.13055699927400094	0.7492278697401058	-0.1267461600600617	0.14474775933178724	-0.574425720547121	-0.0001443907075945341	0.12662983163643618	-0.525480212879214
DTXSID7046388	-2.2174674829094556	2.913187746204363	-3.43128528947173	2.9674312028674534	-1.7734188197027743	-0.6256185106746546	2.0525502446361257	-0.5809800178052182	-0.1865746748312154	4.2477423346416305	0.8128413800422866	-1.5747874773487076	-0.9965691982942714	2.5244941368889307	-2.2020859980361247	-3.2050600773587807	-0.19038826164768063	-0.9598590346092727	0.34108003688607547	1.3649376353434344	-1.492618064262414	0.09047607622737208	0.23520461942209855	-0.7653060146904411	-0.373380058751543	1.9264641290520355	-0.18396651897185345	2.1616613025159896	-0.7151979200988828	1.0938555841125963	-0.5220073871806321	-2.2336635543539023	0.7020765376193578	0.5159322988015338	-1.526600483947133	0.031653359771844566	1.7275020469661766	2.9699481387344817	-0.2703113469867365	-0.2295383200371135	-1.882489093454004	0.15706750722427631	-0.8415459643093628	-1.9413968787077662	1.0769762713402797	-0.6938040925532516	-0.24509711964448147	-0.6988346066743366	-0.02832815782402912	0.24510123507520837	0.2658518171660975	0.459185634346418	-0.35891875051013145	-0.704963043836898	1.7970075827503416	-0.050830562871033796	2.2954137130591863	2.170823303978371	1.4344396841024278	-0.04283534208636801	-0.24005465116698324	-0.04775361958081424	0.6139129080489387	1.250344996675946	0.7372091813046636	-0.7895373999702843	-0.7003327415217538	0.37699750442219976	-0.14120750758515235	-0.43061376255934963	0.8196578773876236	-0.6100362846580236	0.4001368445888286	2.181231131536745	0.38548773049883356	0.13775838494753884	-0.07199337730803461	-0.058282844431954056	-1.6072789419767866	1.5319899185703925	0.942118717921102	-0.2352465307070171	0.7778290069582471	0.5546890226634693	0.3924147416411225	0.6880203256713429	-0.6114755619744068	-0.26394655594362393	-0.6768237726066735	-0.47192455925874166	-0.006612922665130248	-0.01662016488585518	0.6652495128851539	0.6965536272406353	-0.8160082757726193	0.529644850311046	0.7635401711748113	0.8061797963758146	0.0428509756401561	0.057539942398306336
DTXSID0021834	-3.9921049379519404	0.308981390009724	-2.61337776291232	1.6248756830559772	0.7532863372366787	0.9502572324431771	-3.2157145570566676	-4.145742365507625	-1.3582417976037746	-0.16583299499551155	-2.8451644259156934	6.497503883895414	3.161060713176862	-2.156856080971925	0.9849350519039376	-1.4247953834170948	-2.6319584981827213	-0.22490166598317973	-0.08342988813946867	0.27302126578776503	0.07377314159968491	1.1483509841138875	0.05744224456103488	-0.37266313844703225	0.6068882269403875	0.2569732665671105	0.8248823212604437	0.1333333764297469	-0.11267543596511229	-0.021464280149076764	-0.6725505995067198	-0.24907137887954575	-0.10161507915162853	0.24070393502685958	-0.6796056730722568	-0.7654556679950026	-0.8632591785687943	0.07277725864865213	-0.2291446449943745	-0.3378508382146048	0.36979311592744335	0.3774156880396367	0.13046614850413585	0.32329403274652496	-0.13186877743638453	-0.06954303341636493	0.24223043044914877	-0.2905451959969322	-0.013580332364877832	0.2785961485676892	-0.004461891479017232	-0.22633036283861935	0.22140569343677308	0.3087167727466088	-0.029793048220723664	-0.30776303403589006	0.17134928390026766	0.0054286057169706465	-0.09946345426477768	-0.1413233799547182	0.10253909552698401	-0.14024169382607646	-0.38507562969446524	0.8087381028780328	0.06610573340377818	-0.2406260202878255	0.18715870240834284	-0.5772468590468282	-0.07543907462300055	-0.3370568532036429	-0.24564188857164423	-0.6496009151756494	0.2618719979580515	-0.0037168138539483545	-0.27673360998582386	0.6859181583314549	0.17835528974633197	-0.11471247059364333	-0.4849711807124388	-0.4987746817458574	0.2684710868745544	-0.44910989833109216	0.5252571364866893	1.0094960433834754	-0.1739080071856132	0.6340005201790323	0.5877961144013985	-0.9979911886995776	1.0405664877015002	0.9582046663696103	-0.5449178108835679	0.15855717623974208	-0.12830255044916644	0.38502114427253165	-0.011390822709983836	-0.7182072581791551	0.13399359813940342	-0.05419136879777425	0.11305803661305144	0.015358406254269165
DTXSID6048591	14.719525408407783	-2.8252340701009366	-9.400356893533127	0.028154063675373573	8.039073130578409	-4.395599942054351	5.719331975935125	5.343403896962378	-6.944976262244663	-1.4112356403134891	2.910479185902526	-2.820338229427242	1.7734770969361076	-1.7655772421154092	6.499765094032531	-2.236016927750372	-0.0883250261026591	-2.317658709209689	-0.30565351262563584	-1.0463164189557375	-4.869292621251594	1.4809442388560283	3.093977870972664	-5.943408826893131	1.4726345218892765	10.365289924650371	-1.8711206472051944	1.366836237541263	-8.475018719967103	7.792141158853398	2.88201705545459	-7.192272708945567	-1.5281865257529492	-0.12407186295915233	-0.3046790158365808	-2.0254039314342793	-1.0276269184770928	-21.3075191528256	-0.9597591540676654	-1.3564092230261262	0.6562897504509744	6.46165664422326	-1.21759890693454	-0.4847978984319455	-10.966319552623515	34.66903600841209	-2.44712302345755	-21.97630975498807	4.843107948649573	5.020588711220142	-42.069850547029226	19.656011598029853	-5.744684385505042	-3.8670276130824055	-9.129472588592558	15.771524302096784	-2.915512176820036	-0.3951474243267882	19.096592659421063	-1.760568846722068	4.777798594389646	-5.06064116039933	-0.5039974771391981	-2.1291653493660934	2.314913992850392	-4.926353919373076	9.667028943690285	2.835884178974863	0.1045324556671711	-2.0547836269593245	-3.5097287783657927	1.5060773599982922	1.7868426722216715	-1.1472535162247228	1.7941628223231252	-0.5224588853424418	1.3952545059636208	-2.1772916394049884	-3.6282852218416615	3.039114250850456	-0.7622905843195124	-0.08131055496760303	2.463397998022751	0.7153071472047111	0.05059246147357308	-0.54546515067509	0.6735258915758261	-1.0958112647197078	-1.326931957662254	0.5837019927777557	-1.7225905184287382	0.7236483353470561	0.9921969905578644	-1.4629180013260743	-1.2921290161368508	1.3412437975578757	-0.5413547639566585	-1.0654265156626237	-0.6934472227483035	-0.7444051071864283
DTXSID3030428	-4.342752468890332	-2.5939148854671767	-1.0493262524802982	2.0528137758615745	0.7448712721818445	-0.08900319518199554	-0.21984952294478252	-1.0449206505777036	-0.6814732645591596	-2.318862653139587	-0.06777280891884511	-0.1379844147127008	-0.045657104291238	0.43312615650838315	-1.5864756907407656	-0.28723104649652403	0.9504926995385476	-0.494828681204179	-1.1637799203412698	-0.10698778413134791	-0.18161308155033415	-1.359381145857119	2.911678700820055	0.3700038547088617	-0.4115300407996863	-0.9659311590840164	-0.1421438139110515	1.187911886897879	0.38537879070446224	-0.7085796418141346	1.0736947025940515	0.2762159187484342	-1.1450137999650587	2.9469523150563623	-0.6686573960690207	1.6330729506269992	2.7547107537836077	-0.8243556267025182	3.4430898148195195	0.41426721074440626	-1.5268968971651258	2.338962759037465	3.24656221668261	0.959411504103073	4.206303467057826	0.6346917910089177	-1.8185073782653827	1.5677399227572484	0.269807359846045	-1.7845106461214395	-0.554145314368459	0.2962599454734418	-0.31771055717261854	0.358537014165136	-0.10262952720498286	0.9247040006003285	-0.9429660292004358	-0.12955727073442275	-0.17868511681652585	-1.2155362221192894	0.6148181867210061	-1.3143431119410833	-1.9762926763884596	-0.7493795307911418	-1.9472868033984347	-1.5725700306839747	-2.4719827768576064	0.7084059614278142	-0.2098797214101065	-0.4431142881935826	-0.024075476141679132	1.0101440536367483	0.6432535577348367	-0.5595348846833904	-0.38839880505674906	1.7091118717637113	0.4053993793502981	1.2687449806859887	-0.02564215274247196	0.3077070375984101	1.0134697869055092	-0.602929900268117	0.30154071245654207	0.5165270559277177	0.00942065884519267	0.17218291143119668	0.49605243645311675	0.373274277717267	0.23027653688021135	0.2347068405132535	0.17565865288871949	0.051633202830599516	0.4798982493050474	0.11693138438955378	0.24120956128878093	0.33179798838380714	0.14334968857109112	-0.171712367693421	-0.12616153003380498	0.5149453684863803
DTXSID8026436	-4.699670087535302	-4.131573679646287	-0.9004728790199406	0.19656228604828113	0.6896841458352224	-0.2978165957586384	-0.26577784377404656	-1.1725325555094592	-0.18540220208500283	0.16742152453125775	-0.003230782827818773	2.6694774392673004	0.20733328816765362	-0.5799861018686868	0.38176477777186035	0.2943622452664785	-0.2505208883678062	0.5559662905817675	-1.0288483776817905	-0.3603297177221308	-0.18879541041898917	-0.2585748595968678	0.11111462622245462	-0.35275443306856796	-0.33735399021417045	0.005247095504428129	0.3101730611058121	-0.2811516954165336	0.04814343249474755	-0.16873072096374483	-0.04004120047816842	-0.17372930914088996	-0.01260477363326974	-0.3889330186534213	0.03424242529208916	-0.269870179882462	0.3219896951584794	-0.1667533469290953	0.19998426653187654	0.16605955067529038	0.2940196502106739	0.6171733156071262	-0.39875130843144224	0.3976237390371488	-0.11776835304297208	0.2144534169523525	0.22760318310684413	-0.21428903923016937	-0.05554767612722837	-0.045978682218944474	0.19761124199917396	-0.11007313501565308	0.08934665363896013	0.1287741840084638	-0.30855491599521967	-0.1667575813003145	0.4159820479109861	0.11553507951351628	-0.14641012165168055	0.28016782371754567	0.0748098392542328	0.24253019223212663	-0.12111863907726586	0.01623206247916379	-0.3795062021812915	0.42060717445801027	-0.17638465412286436	0.1332339045395741	-0.4305038323245112	0.43353306405095277	-0.019412815633094115	0.6262494602346984	0.06388946285918944	0.2909948731538324	-0.2917688729909177	-0.1414230336918901	-1.034160646410114	-0.5254705180373455	0.8227124040024191	-0.21851835616684928	0.4314596066439566	0.16466336369753912	0.6023151497103957	-1.1524350238873668	-0.008225122631377025	-0.6158191069116087	-0.7336784468560242	0.07448609373386399	-1.1198507493219967	-0.9049407152887401	0.26761452092270405	-0.23880309401647398	0.10480933506008676	0.011957933124927291	0.31452871034153645	0.11949738927929261	-0.3059141781525827	-0.15865607495093842	-0.13130014221592318	0.3445347244910074
DTXSID3022748	6.205031561528623	-0.3553678023703017	-4.135318496285367	2.690069119786504	4.472165510661533	-0.8216181310047835	-1.0358450460904922	5.209582131015474	-0.6123798465551991	-0.13410232352241977	2.361275403534414	-1.7743550678760307	2.327419652971285	-1.4757448469142833	1.7145856093880996	-3.4786721995383756	2.52429797556267	-1.3118644532867976	-0.8400264228200551	0.02625797962740014	-1.000846367498215	1.059778361957143	4.54417202633773	-2.1439658514089523	1.1995954829593731	7.79932739480129	-1.1083581441972492	0.6422918573424169	-6.8441903811745615	4.932175816221334	0.5176134168776209	-3.6044046451102396	-0.6947839244194116	1.9933016031012538	-0.8836683693149187	-0.8734819883326028	-0.6232611283337263	-15.787362262983233	2.356635319563784	0.971867245096062	0.1965719466884605	1.2693642244210666	3.2554670425765564	2.1349821801668716	-12.11759259945486	30.44767545976402	7.097880853681175	-9.619379918490965	4.180544595790228	10.560622080515326	-32.95434650632476	5.039790951902379	-17.59315359954431	-6.505685087422299	-17.734190357312233	11.107254518866197	3.62141815166036	8.47397505276997	21.525160556285737	2.775599785240358	0.5941306255096519	-5.575068530084977	-3.5896773422929806	-1.673888845845239	3.366402936613276	-6.075156680265137	8.09766243874747	2.0698523713094645	1.5025159563325028	-2.8213608787939854	0.42535137043769333	3.6440272858405836	5.859351020927287	0.5862047740289962	2.4982189271313024	2.3297904455234537	-0.5361425476960568	0.24862077006030184	-0.9604426910149485	1.0634339289842196	-0.9231369723131653	-0.47979407008500785	-0.43570170010218756	-0.6926735697633236	0.7577361884625238	0.47448825105542153	0.7200685933846195	0.6549336961617677	-0.06548065975276576	0.32615851579960914	-0.49981307988247387	-0.5293433636487773	1.6214546746593856	-0.1978831450394196	-0.5782015154003819	0.6645253770488811	0.3757609039828464	0.48001510679306264	-0.12214294189520845	-0.8531558723983188
DTXSID4041492	-3.382680812356993	1.0771370681597268	3.21153828189975	-0.29534144008309327	-1.5493465896772822	-0.6184767983611081	-0.23180387330031269	-0.9052047095384406	1.670901612799326	-0.10792737959589546	0.6426431194036688	-0.29412502828313936	0.14113759821555943	-1.1818839872653022	-0.1707260325604089	-0.2056454647128788	0.6738573054652914	0.12878260247119067	0.046916206246504416	-0.5181304558782818	0.13296349170085275	-0.166191334937632	0.4874051252362772	-0.09048749118721873	-0.1977571243724782	-0.02309371164715068	0.498283795122985	-0.1574296944578683	0.1087098243459738	-0.25534239456752716	0.19347880431846695	0.3321346738124811	0.35122239504679875	0.04437003621531695	-0.6304083466388422	-0.2057659464821147	-0.3859923189913419	0.21331216910301198	-0.45087948720595583	-0.7095945841871555	0.52557035291403	0.4717469294705973	-0.4139075732330464	-0.15228367582975363	-0.35952284198567624	0.3031997209142778	0.038775295107507754	-0.26204429679261076	-0.10226196536231698	-0.2545742863572022	-0.03324769221223791	-0.07969952547733235	-0.08199831905504935	0.14516533037047682	-0.1545603192026767	-0.06972586057796967	0.39152082823222484	0.3767690626709393	-0.5412333788949009	0.020354848897311286	-0.06378324766371242	0.20577196654690053	0.04575953913737046	-0.5110848605273398	-0.23714011780651711	-0.10254049902063876	-0.48668529259921156	0.4054000688476189	0.3006189888000045	-0.00043323087803807703	-0.13666649458019872	-0.12163675943140322	0.7238305038532191	-0.3601759753537352	-0.6719735055184407	0.3047446312373872	0.042065954540128264	0.2954342694100733	-0.10263328306551985	0.30714847779679166	-0.04099678773316253	-0.41178728329176373	0.14425935207629056	0.27667660015317247	0.09369613576362952	0.24799901876511918	-0.14157803186587148	0.36033518539906756	0.11715733670769723	-0.03934121684337252	-0.21775083099810755	-0.202517002102391	-0.08930998639644562	0.022450366453942747	-0.09073895516570947	-0.04071985185861124	-0.12055820799583862	-0.27984405111138233	0.20433735343770631	0.2450566356296896
DTXSID3039240	16.04404893856557	-3.601551854226059	-9.903631663192854	-9.408805226964407	8.593330646912156	0.8899028042873358	-9.238474704731411	-1.2417767418010761	-12.973908646887562	0.5969661952067277	3.420351734914785	-13.277675040624002	-9.087861189674577	-9.65686350153808	10.914455779773974	-0.6666815444932223	0.45796671521595156	-2.5003290718936704	7.382549626830008	-3.4565440450970435	-1.6703644134338118	-0.34645235465719826	1.6651486529770347	-9.930439665258545	-0.8142910623993557	0.7329901485700061	1.9642996096579801	-7.072701341624863	-0.7111624533071913	4.266213834385283	2.1074217909854362	-13.088681142395403	-0.623704626016403	11.419414340636488	-1.175043999169369	-8.300968470246916	-2.5814431120395502	4.380543748067689	-3.4304590308634806	-10.910135210207185	-2.5093062682331015	5.043734701638057	-8.372230731847228	-1.4225479375781431	14.660474858311673	-1.9917829020048903	10.048226887848152	1.1450540746535756	-14.538883739126907	-8.981066705639059	-2.3994247215916404	-5.861649018869151	-9.826093324363793	-1.0702207390063974	-10.070715635392698	-2.2813570886408994	-9.974533642957507	5.972519043538466	-7.8818276538498235	-16.47877753630031	-1.7255485352694382	-1.736857044502189	2.38378645720376	-4.69367462707615	-9.671544841686291	5.317957764601723	22.415789635774143	0.5859128896906464	-0.8171826827899697	8.382692457767702	6.977117227568243	3.9950998926993617	-3.766270108971638	8.381160568277974	-1.2904985490972698	2.313931554925109	8.54742679082315	1.77198753765597	-0.22588663558098693	1.0865220689917277	-0.6692518039866457	-2.016346633844852	2.4876718677994476	0.7024674896512282	-0.992811773590908	0.23808594731247162	-0.8482116726272092	-1.4015834169225525	-1.3832585246575104	-0.2684630450691855	-0.6761106724276701	-2.0240174139622416	-1.1529335177362126	-0.14606311172967631	-0.29700289851191497	-0.7037748766868649	0.3818041575970959	-0.35820127252297423	0.04021173366229006	0.6643103491100059
DTXSID4052710	-0.09324773298025375	5.469310463377221	0.4652512000144616	-0.3046168124046864	-3.4773591796054926	2.609485238802015	-1.2717258481564901	1.7181956660314277	-0.08577986090904004	-0.8019477693902244	-0.500109705281753	-0.09527956886253602	0.2891074910371102	-0.7004783109989696	0.34845915419048606	0.41245180986344193	0.1416247725048153	0.10792390642271432	0.3788304257846379	-0.8582171578019121	-0.4131529853173161	-0.5791909839976834	0.11522862529713222	0.5095452451045445	0.1959624715756824	-0.45634104052617486	0.33749054491244473	-0.11767945278434985	-0.23711252425822854	0.49968669705956664	-0.6103150503326501	-0.5255685244005779	0.7519292712331836	0.21368203382339443	1.038894325151775	-0.8738040138139421	0.9638247895357341	-1.1291326528656231	0.4186615903220504	-0.8760221352599952	0.2800121475862793	0.2672197017819914	0.5497357786580145	-0.35650179841963553	-0.13320505442011935	-0.3508540227340865	-0.7598409072040259	0.4556626957007242	-0.13452991225966424	0.23952810881614714	0.08480730783072221	-0.07981639030288097	0.5632735612020193	-0.03364760900855435	0.5677507970768902	0.09926041281633441	0.9482081584497508	-0.5010731042092691	0.8101327957014066	0.833364849036373	-0.9611719533237962	0.13188519493017137	-0.9168562352978609	-0.7802964543435605	0.20828278460281713	1.1839079032365925	0.7010286546492106	0.41008008798462875	-1.4616882428267852	-0.20612393452793845	0.9393697605907392	-0.7044327111955679	-0.6357260395621943	0.6338712219850959	-1.159984025964889	0.3215381274136838	-1.1458439607056596	0.4997774334509262	-1.4644327790086547	0.4475065063075136	-1.0284555374671318	-1.499226486669422	-0.5647967948329145	-0.5602267660373504	0.47489123548113815	1.3478968211072127	0.06077847300007712	-0.0945612285787809	-0.3206770001462154	-0.35214476399345596	0.12784207636601744	-0.28639563113542243	0.13749461626135598	-0.8791423988563573	0.8833822056385664	-0.30737668102991356	0.05532816317462654	0.6341541017985555	-0.03460130763746505	-0.13588887675449884
DTXSID0040751	5.892751919799678	3.995079597475496	0.1011965030839539	1.7525864016819848	1.9224435248446512	-1.6836304010940257	-2.4503361315479544	0.6221782464659557	0.6979007747900834	-0.4324815325030737	2.3447644709155804	-2.5966473135627064	1.6393009435941166	0.1259580778728656	1.872061217798376	0.23299677021112367	1.121645297995743	1.0234587306445107	1.3339281435514716	-2.182490504728955	-0.1775058229345119	-0.15746625867335162	-0.6901724898634117	0.8530714701882185	0.46394267151423624	-1.727939866014456	1.1084996925540156	1.937020537032128	-0.5690405316457781	3.8910413426101886	-3.097531612020733	1.2233398041616879	-2.50256610171035	0.04793952594621249	1.1786991692627442	0.4765139480712601	1.3718843967924144	1.2189107451589947	-0.0951827608912158	-1.805499391969295	1.6842891025859872	-1.0391305662559378	-1.8236870302919062	-0.9400862440690726	3.427267725634877	0.8614986740647544	-0.8864521725219284	-3.015148972172464	7.32708609517526	1.6072610843188682	1.6103661518718857	0.4608727783589207	-4.3132899944155545	0.8857197556960053	-2.2858235376001184	0.9782114241160628	3.36242692376821	-1.9529045660955724	-2.5567417414002356	-2.803319496427902	2.1965550725008116	1.3818922496271586	-0.7911897906875932	0.4775821559356574	0.5081394159701689	1.1911858665419488	-0.557924063026697	-1.7096861812021662	2.330949533870771	-0.7472703649641144	2.6036440469365423	-3.0638022617721057	-2.4491093951342315	-0.6628206335309779	0.1146243384631963	3.3240707365445075	-0.7355353796266848	-1.2835006237393258	0.31182834406962107	0.37021564849246313	-0.41672817384832683	-0.34451614747144366	0.6720528269312819	-2.0354664496887875	-0.6524837942908327	-0.20688187001501293	-0.7842838988060545	-1.1658459376537613	0.13206588472123715	-0.656673093511528	-0.4609087604963927	0.29456929624149364	0.6819783708815398	0.3022105012330962	-1.0982900921842393	0.4338414045881661	0.22162559561331074	1.2146932676646693	0.25381648167666276	-0.03591036779030382
DTXSID6042579	8.173842647226122	3.347624480735838	-0.16023891229828188	2.9420706485092536	-0.639844729948839	-2.2303092657156	1.6921137171981189	1.783264356743607	4.349171728179688	-1.054364601247052	-1.3443693764459892	0.20006343342589442	-0.6927860446726686	1.2826721492827489	5.978928822337678	-0.9896093352982873	-1.969225429303583	-0.4584284026765692	1.5665060723058826	4.314837829848659	3.107947364854048	-0.4416189074703184	1.3877464533340769	1.9332788156290681	0.41199748673842757	-0.9737912385949752	-1.346778744329226	-1.1730998816433928	-1.0287773779481353	1.2503970507994575	0.08282758156754365	-1.2705291627731048	-2.1508447172038685	-0.957193229036003	1.4036824591583512	1.8905118988109897	1.9226990028978606	-0.958592588565756	0.5715762737280767	0.03950652903539966	-0.6913282618360147	1.3744855033232615	-0.7369103695494417	2.592142287322719	-0.302943142820686	-0.031564113606249444	-0.6209709643134369	0.6281111989690148	-0.7392999683266915	0.36605753445980876	0.23858753545007513	1.7805346091495926	0.14620731864709072	1.9743143878409473	0.2786074219970766	0.0650230900464957	1.7847051520094068	1.2535558831527225	-1.8570515859511956	1.3959251074744636	-2.300860161721153	-0.27853769525972744	-1.368488678753013	4.155120981365925	-1.6120912509915601	2.315604135573545	2.477567415316297	1.4698999812965419	-0.25979929130666785	1.1019635767467444	1.3157641474293134	1.0764874846344212	1.7337162148603642	-2.1889632405706845	-0.5497615930026427	0.4122559571209877	-1.9281316401240702	-0.6787251698804214	0.38310614155355066	1.6800099267261632	-1.294923126464071	1.7310000440708617	-0.38829739865670565	1.8759471259441616	0.29452998209809333	1.050449498313259	-0.30473569729491634	1.2629634992224055	-0.13270691932492787	-0.4226288455317695	-0.8626453970411998	-0.14043981539448913	-0.20902149749172813	0.35205088379332883	0.12927942576505674	0.5979327727848686	0.6486495937114655	0.43567734270848474	0.8350067107542967	-0.6276735114022091
DTXSID4025612	-5.281361995036568	-2.1142774780200866	0.5420362891399196	1.0181904913780442	-0.3446408082472393	0.6393251919133517	0.9118318434229201	-1.380162072201475	-1.3117800613026775	0.7683904240863083	-0.5001302130681877	2.868498892480312	2.470542517787413	2.0318379712991557	2.438959690524155	6.5549184327807986	6.807751584551294	-4.28873666750309	2.072811309567902	3.237584008032206	-2.0016326694936253	-2.357625801129784	-2.1032346030621656	-0.5322744256579708	-0.4634580805822193	1.8172748714489881	-2.007836482350863	-1.243991019666434	-2.0113339849193284	0.7386909992846363	1.496629544431166	0.5413800996199738	0.09511127480858035	-0.7613927429735489	0.5784028527527802	-1.572159666346331	-0.9896003790826248	2.0502308779395726	-0.6321951712179662	0.5873176830224041	1.628183621646947	-0.407544944818867	-1.5391512094687587	0.2327030408982964	1.1407698924633498	-2.373486269032962	-0.74614795643135	-0.168469400276087	0.3267382195264124	-1.020325809997751	0.4208714889275753	-0.6955255051159057	-0.8735738894656563	0.060691430596718735	-1.5030229468554002	0.4370057779697525	0.6405257496988407	0.7093469869401902	2.6734767341040184	0.0486276244490524	0.49173397452693035	-1.7251989944244257	-2.176189341178379	0.623298162949725	-0.3416922583957789	-1.4218999162665171	-0.30127038134995887	1.5076979320794621	-0.21510397443609505	1.6692952196932658	-1.5743841737021609	-1.042780118680382	-0.8278657607502677	-1.777707200247027	-0.3815014152092207	0.32693137435768216	0.49472814828639655	-0.5388758941022447	-0.37788968655343064	0.5779012156247619	0.4338333907962683	-0.35658824555435675	0.775022904019003	0.1625686946765089	-0.058770345896296254	-0.25423618593819397	-0.06253286456551996	-0.5814218433476422	-0.3029175734592022	0.4695856550636309	0.469238253543143	0.5534376048694173	-0.11147667967689874	-0.43943275701271156	0.37030144502137446	0.1679190318281124	-0.5531569913751989	-0.08572650043751338	0.2707093772892129	-0.039063777468137544
DTXSID2047642	-2.3037051092244325	-1.3753141937403166	2.561871147725744	-0.4228970372421035	0.8153204558380328	-1.0079516156629582	-0.3168900481674518	-0.42451068649502594	0.3208300613729422	-0.5772306179051299	-0.46305174372628566	0.4460416682180503	-0.005170016362932437	0.6227009954771853	-0.15378515408679322	-0.2979059864782303	1.061343501604134	0.45149205583340435	0.17825707096637156	-1.4019022396398575	0.10714891585393209	-0.5789882489031328	1.7831917177378767	0.07108936803912771	0.5572746055066511	0.04090552359337939	-0.042265769956944005	-0.5211842692808885	-0.05066882068533371	-0.16165178863293822	0.3382486505604311	0.651675224160405	0.5447989730309281	0.316655177302368	-0.48356325742638917	-0.5036788580158061	0.6339578398909231	-0.460095512694394	-1.100181587199969	-0.6371137796270627	0.14914410709954548	-0.26682779279488755	0.021640387402480955	-0.1608717786805704	0.2773553512324205	-0.4462504402613973	-0.5060855326189038	-0.5957946478115089	-0.085835181603727	-0.14869913738398982	-0.07221885093441392	-0.7305650239893839	0.19011303512157904	-0.21210200999969855	-0.15380510231096955	0.20320850686852096	0.1557795641842623	0.11671439058333571	0.27819252157651697	0.43435090452441294	-0.2262037777599211	0.4930874915460013	0.08015674657798023	0.40011742545115814	-0.5089440851693637	-0.05279886958296226	0.2573016151976112	-0.7040766406504444	0.10269440154685008	-0.1198271258367344	0.3204479023737845	-0.3765180634952769	0.5969390598498112	-0.02948559912334759	0.4339497418343989	-0.8032030998583649	-0.3815630816533457	0.645599748483728	0.05391854512490684	0.1535002050160796	-0.7755924284298196	-0.12284616248495846	0.05152798840918456	-0.2494315842216507	-0.03366122089870654	-0.2979109464694918	0.28489317247583085	-0.3659539947268675	-0.16492619107999815	0.6920844158995704	-0.37555234272332144	-0.30592731448471827	-0.389745846352114	-0.5639212777531272	-0.43689304469870244	0.5741673872479088	0.3354249794045022	-0.0258989934668805	0.2254785097661738	0.0898849455222312
DTXSID1057662	16.22738990727626	8.446594561074248	-0.6547866350419148	2.3622174225734502	-2.5467531236282626	1.725079564793676	3.7117070528073133	2.4935017805928794	0.8996856690412944	-0.821548802742444	1.4047732996313718	0.9092585947302472	-1.2614769341288177	0.06174118551741939	4.19196000912393	2.0443839204252092	-4.324837627313681	0.4172722363457026	-0.6233813263928978	-0.41630461220569476	-3.057063869899018	0.3605759377535357	2.475536798466246	-1.31902573690753	0.7745370811136092	2.8518898333634666	1.2879318397055535	1.3097604423553362	1.5117335065356703	-5.309581890324243	0.045480429829290514	-1.8661683113782315	-1.4307356240465683	-7.733379792370178	1.2386630099468832	0.30841732312643266	3.5437187512345667	1.9316992949000147	7.203272680415291	-3.659855155573421	2.337403956360387	-4.811596875599687	1.023762312025303	4.366057414496214	-2.1931764096676862	-1.6093810271541553	-1.1013494146726095	-1.5500623431542195	-1.8608051548244637	-2.0259568165064743	-1.1070403291836268	-5.629266315681441	-1.1872710592190596	0.8986027273636177	2.2551569097554536	6.296071573636008	0.31170529079712866	0.4428862666287578	3.006581408351507	-6.778610330867656	0.8036071238754167	-0.9695668484720001	1.483340740964399	-1.0688874715584562	2.5663369464685695	2.9198121931576333	-0.6763828357863455	-1.5549829299991327	0.02360420776188384	-1.499064345442107	0.17426035890082942	-2.6835170470198815	-0.30796764200351856	0.08790032190443728	-1.1295801300739399	-0.3056359904782485	0.7404230045467137	0.04275786555191249	0.41326501670699173	-2.8523038059396755	-0.6683186184075474	-0.23583871003690296	-1.6062585971239396	-0.2209831546854478	0.2896215843891488	-1.539854852340896	0.7842106261488189	0.035275222730940546	-1.2374501168254133	0.06843695289270867	-1.4529947826443352	-0.9505086017770731	-1.463375117657167	-1.8747055188056776	0.15526877340809617	0.38542013945332004	0.5952988013203893	1.2599056605754644	0.6558929833568798	-0.908693096667149
DTXSID8024787	-3.6728876701298847	1.38812958090137	-1.5338403177086744	2.9963270962382738	-0.282036615929011	0.32285787503203706	5.5817856582440575	-0.6485340340709594	-1.1963825764950486	-2.373808684540678	0.7185814995913986	-1.1911621422635479	0.8419678330676669	-1.648781270086804	-1.4761459589679498	0.9602647462166086	-0.8905991897340445	0.6741974989111247	2.479132395121647	-2.3545141322665755	1.8694858337212417	0.19187629822769636	0.15305362774372072	0.8706633269818286	-0.938658909498354	0.8128779391650385	-0.8062535025885368	-1.392615407049337	-1.087786356155582	0.19349912045974946	-1.6699980306799171	1.4607802635412153	-0.035027546206553795	0.05311284323667225	0.43966790416796087	0.39242544325234546	-0.29662954540734	0.4899168157169027	0.9259727870662121	0.14917989668039527	-0.8856324958763535	-0.8970745945450069	0.435889454535334	-0.19863280693556676	-0.05705463483210321	-0.5520690917681937	0.37646400356866383	0.7303141355217576	-0.31070525770825475	0.34668749083367933	-0.31950222465275574	0.23886348278290712	-0.43682845750039684	-0.4971103749570149	0.33591719069453657	-0.3113059042574639	-0.06275997332856528	-0.22633863070515747	0.24548319544438288	0.24496564090767062	0.8112503662366614	0.1642579741681066	-0.29592341256259186	-0.09858462453031884	0.39452968306437786	0.2562793411738391	0.9284473296927388	-0.4173606774502363	-0.09757674273467934	0.29868639632502925	0.3153019191248815	-0.4354795137852854	-0.3753072396511182	-0.06664553669804402	0.2046559433366999	-0.13870139251468033	-0.030435952467520094	-1.0260061864698589	-0.3612730204017993	-0.48555749261559533	-0.6883033016253932	0.26485209651858677	0.11622535713234339	0.255685190095593	-0.468944487891496	0.5181165692718979	0.5912015046370722	-0.589345325032492	-0.7387414885488763	-0.40788677573341225	0.34830368123398237	-0.3438796806747455	-0.03524578519709011	0.26771912089307104	0.05854145018505547	0.13349279475444992	-0.01623087364149972	-0.4602223224946828	0.6813450901714143	0.08168025144343827
DTXSID1021322	0.7519729997943229	0.1612493978209252	1.9133135137735253	-3.185665771247186	-2.788567335061206	0.18083441595190883	1.9104519654229053	4.743523446005788	-1.837038680896252	1.3593881083728396	-0.7159367040460913	0.7223453590792568	0.24760673790341856	-0.06062633399892199	2.2368853681955327	1.7645263645855105	-2.7244055633686806	0.49574575291072326	-1.9271432321043445	-2.5177996581939315	-0.8679783088160622	1.6848617937431316	-0.1744564688315601	-1.2866285471660452	1.6299423562703519	-3.9977477640509376	-0.330097949579212	2.132231303083447	-1.2970783018717364	5.875677955180532	-0.4603239413516772	2.534747588550126	-2.9003953805147904	-0.7843048760716993	-0.5132122854043895	-0.9859832903160304	1.4969110869720077	0.8268093420531222	-0.6020045562185492	0.3385206686546691	2.445911006467593	-0.8502384877039761	-0.7414942213360929	-1.5556743369081723	0.6856656079161956	-0.10379566238468924	-1.1842560533130633	1.2609106232132923	0.28381577236025746	-0.48403474057781465	-0.43973239617900395	-0.7198561295098334	-0.16764680571046964	-0.7291710785240874	0.14464316323592932	-0.7550353094909209	-0.6178545033477582	0.7534272674522435	1.031996310789149	-0.2986525460203313	-0.17715881128680677	0.918923779413741	-1.4049695625862775	-0.4599705288724453	0.6289427633931134	-2.0504197407463316	0.05175291191787272	0.13528042921523592	-4.980208715566169	0.4709132242061187	-0.4395225378470494	1.3563545913841981	3.4853973749067593	1.13587294611796	-1.388242789534309	-4.189875938166773	2.005618083139195	0.3098440400956392	0.8715987548237993	-0.9981711835021612	-0.8670112264564935	1.1828961225877659	-1.1958215186737133	1.691094318884555	1.209552801278736	0.8391740746771266	1.4996700938810985	1.9759218590365957	-1.098139383894087	-0.30960574223789605	-0.22285352294996216	0.3309009758453173	-0.20041525643830913	1.3025913388755175	0.8128857387148447	-0.2941295831802629	0.03843558508251196	0.2090403625300883	1.2153406808854388	-0.1685405717271308
DTXSID4048519	10.499277126754277	5.51858999258271	-5.55457414166403	3.7400755226669102	2.511590812373302	-1.8664794399577416	3.0092712613309867	3.4416278988793017	1.9557066543885775	-0.20148565740625135	-2.7154833344671716	-0.22744269607751075	0.7432678989777587	2.70644866187323	1.8645101427711268	-0.26166787421341525	-0.5925569003772181	0.6796325980061356	0.3464493347953798	0.023904283462543544	-1.9626861017524089	-0.9306203115110847	0.0374900367221889	0.8069980586689696	-0.4654979024539259	-0.9515810722842192	2.2159724682842343	0.5740616873886676	0.6424878136896154	1.4894593666344145	1.2035286721494742	-1.1343499090229825	0.5097288715858312	-1.2526630023116896	-0.45151245968998127	0.47941781504160313	-0.5439897515337374	-0.7614665970459985	-0.020294843972069643	-1.3806342177235031	-0.5077659666248386	0.1562251553296744	-0.501340862498573	-0.09879524776328825	1.719966371586553	-0.04838118306308513	1.8855581793112237	1.7390460090447266	-0.06073570857339317	0.49580012122067735	0.024704590702803737	1.1123463418927646	0.9679054027042425	0.23744653671053298	0.7745687568040521	-0.3981768174141216	-0.5517102389898617	-0.6379183703862413	1.0077636518902124	2.0075601671290353	-1.6026238264351824	-2.9829136486643577	0.08132359658747987	-1.0448101177768179	-0.61027177087664	-0.38658681363488134	0.09575962258060988	0.10429359191040602	0.11687211625887127	2.6342182970017345	-0.7770036035941963	-0.4793871348223607	0.4808389194437629	-0.1238139638100475	0.08697508399138502	0.7939098773355764	-1.7425067919120971	0.42158380088480546	-0.6938339204440739	-0.33520121793046187	1.783047786106213	-0.5873145641994483	-0.2261621571897193	-1.6927597221497326	1.0724158350736677	0.8620554191331214	0.5343024629484879	0.9948435052438301	1.0512403775759809	-0.3198359939157231	-0.26684876008270547	-1.1663419748324515	-0.5570072738619384	-1.614047482528847	-0.7313025029975455	-0.46292716714717824	-0.2914337965447618	0.797439226661618	-0.04098612364851285	-0.04963512761573264
DTXSID7021316	1.3982684219834904	4.367777963878568	-0.9235030858349397	-2.865738072220862	-2.2587797015812043	4.760252359496246	-0.032580139957373744	4.2225384482265405	-1.543747522336241	-0.3674343551691171	-0.3750077274289372	0.39527175764587547	-0.5733859860131888	-1.9121940981836687	-1.5875533877031327	-2.0145813130339785	1.7181862728214286	0.022669042046663136	-2.4059017058500594	0.030260981791267065	3.0058872225462205	-0.9429547778337826	-2.253011805115688	0.2748933327496977	0.2992704172802503	-0.10090201880474227	0.06628435282864954	-2.0446142626206196	-0.5360230249604248	-0.6960553652026723	-0.5183605353303388	0.10371936452753125	-1.2838294415494849	-0.041024547811344694	-2.5157972722845536	-0.30294790760726875	0.0448439977424425	0.024868560681970207	0.8162108702750361	2.477232915491103	1.3225563176960604	-1.520300702532234	0.015112962736735713	2.5811740215293364	1.3086643558673805	-1.4441204450641254	2.923033670532168	-1.8430856865360306	0.85424080001543	-0.4623389172418174	0.600945325874631	2.8479829514978494	0.45899327851262334	-1.6911483360433546	0.8143349818380227	3.7151289326118526	0.5840563991578672	1.5185651940940024	-1.752997196137131	2.4169175926062114	-0.6674176045423394	0.22618075508517654	-2.4359297682706407	-2.8869851095432812	-0.10116524104101447	0.7560188285174397	0.04515178891703155	0.7120234692854123	1.6371798925091123	-0.49057806150331296	0.13122404594678977	0.6392069742338286	-0.4747624701360354	2.0827757814398926	-0.5695188252372543	0.053576702214780676	1.3557006733125536	-0.023000671396576584	-0.3893901363449448	0.09636446075483143	-0.821848220234145	1.5786379419287655	0.9287859791153033	1.2933265861971972	-0.6583783712780349	-0.010001245957340617	-0.6000448759897692	-1.0060160155956748	-0.7366741628242057	0.5025452305977873	0.052191790864805014	0.07726833583106607	-0.616253291699663	-0.8158933165335235	-0.3562400978141921	-1.3756219846088495	-0.7527775694245515	-0.8715341243077398	-0.3555012148379871	0.1958112745075348
DTXSID6046682	16.53436158758765	-0.5463068439669481	2.588515524707857	-5.179155001832906	0.1226234320310756	-8.239274472782903	3.8929881413618515	-0.4201194536350157	1.5181026517822138	0.6127562384989882	1.2020980124596892	1.7520050656320747	4.332990738185222	-3.143048689863198	-5.136468864696881	-1.4426214771340147	0.045912600348979975	-1.5455398654279382	-1.3703996453702334	0.41880598771340416	-1.3263775715129444	0.40996105681966455	1.5002626650400062	-0.21864884952685198	-2.88929470912705	0.7212350885826451	2.1482375687981974	0.053267595692821974	0.9154818072166737	1.4116054752189895	1.4067660597269742	-2.5898192664046134	-0.7814802602136887	-1.4685212350220838	0.8397087679205827	0.4961088032339782	-0.6879072403415762	0.3450381098186362	0.10418577731837093	0.5640960653161815	0.5591327070076185	1.6365979257230403	-0.39683730071091533	0.4747330177022961	0.90964904723076	-0.17480597870257078	0.5059367721854862	-0.16410512700113186	-0.07081852835007557	-0.37271571404660864	0.32054656002627835	0.5231677892071813	-0.15066777146496813	0.6564536172760526	-0.7912738500953246	-0.205575265144189	0.47401975418756676	0.5328512019377757	-0.09401144320199585	0.30238140344944137	0.4690955053734103	-0.6854783027911368	-1.4853117568695886	-0.6552411884177178	0.5607576528417384	1.4330561332053828	-0.7592649196756481	1.2237345758219738	0.7432519552598769	-0.11846162035672773	0.3657158068018222	0.259782932312046	0.19284730953979445	0.9012145031165794	-0.5374633388750949	-0.5015886862407376	-0.31036144727396275	0.2772632908874165	0.6233758406396933	-0.34409755148668875	0.7186007620009653	-0.014635129514186685	0.09682302416745729	-1.4376201114997935	0.7150275328182718	-0.3692675247862924	0.5906698868224133	0.1776796139300583	0.05208300081129449	0.4503367947764699	-0.02245518124991192	0.2106398826056183	-0.3040260331768669	0.043059618700128366	0.3304437018331281	-0.15134505459477157	0.11694086873874117	0.46934246458218665	0.24543160145802204	-1.0262386333038964
DTXSID5046562	-5.445162763927701	-3.7032322633549284	0.07234614253150265	0.06219633004759699	-1.400022127982804	-1.0999186308260833	0.028303191983622904	0.2627276491808303	0.29194012625433363	0.07327841614342184	-0.09195638995138315	0.1172665752817961	-0.06379475170796395	1.1086379521339358	1.9236093652807575	1.3671804321064196	-1.3580444181818767	0.9816954305961301	-1.0556679808348601	-0.9257345710632783	-0.28848179361292914	-0.6528834441864095	0.039370314298847575	-0.0075616696697329774	-1.0971619969860316	-0.08111544681366156	-0.04841664549042252	0.3947718316171527	-0.18701099347958688	-0.9846209931858325	-0.4801397857445312	-0.13663352804405032	0.4901126706271056	0.08145958960547431	-0.2655784387687195	-0.9122553347542354	-1.1933128678033709	0.09103523446228652	-0.6510624345493364	1.46686216189954	0.064347709693535	0.5392616861491102	0.3343684372666014	-0.8288191402449493	0.25631724565494945	0.382529193592965	-0.120124106615253	0.05943166215113534	0.26280189705052487	-0.3327552284182858	-0.11991068529245089	-0.46559824859080506	0.3325793710149388	0.023472159932580894	-0.040711205916453705	0.31730846659117395	0.2657857273868148	1.2668130092513161	-0.4102447729626545	-0.1425600410441701	0.3938509803276025	-1.137811979079747	-0.3552597232619983	0.08181196939870818	0.2973885459705285	0.6571980238592544	-0.35111220145754213	-1.2243968721252647	-0.36365040867642895	-0.10384465724870942	1.7762816364743501	1.0246375351730876	-0.9429909347608713	-0.8939705905704487	0.6342105003131485	-0.9083143842506948	-0.004932557166596361	-0.6221259950873731	-0.273101106297953	-0.05134292704941406	0.5518034141984879	0.32496246714023724	-0.5437257432970388	-0.2526346092570656	0.5140277837038886	0.5484018924721294	0.38609079701666804	-1.007552150846676	-0.1658360197394407	0.02627903648797657	0.1429171687915594	-0.19186590629668415	-0.2793970494915101	-0.2076066194024427	0.2443823951067169	-0.01484617669729106	-0.2511258875434514	-0.15888543073740455	-0.41700556961332014	0.08696254638280324
DTXSID7020687	-1.1370015355103584	-0.87645340608419	0.12181283984114784	-4.758080969086392	-4.052166445899454	8.874551819156453	1.0396801886664007	7.949956761497607	-2.1936843712983567	1.5404363319662073	0.6311051242247341	0.45181273927128257	1.1534074456072518	-1.1933359892339224	-1.5502343034845978	-0.6052308026188257	-1.9674023067744804	-1.2780103456373662	0.32504072894077335	0.37610768707191156	-1.0673525046795234	0.661946820010561	-1.2533773751734056	-1.0265834974849666	-0.816546900585386	2.702758572248547	-0.1219789938926855	3.475581084332249	0.38743796264123503	-1.5155874431332286	-2.9261169907908458	0.4614428552719165	1.0461418849651358	1.2835092405938286	2.9422636846714796	2.3253793962620155	0.27898248318210944	-1.1801430003555786	-1.2570748943168017	0.22480182867079143	0.9494777598316122	-2.2832607587762404	0.9096874595340142	0.3407650714841975	-0.03562446538085102	-0.41442674898571286	0.22027717374351624	-1.339229358884095	0.3974884130648801	-1.7026057008544422	-0.04533256186936714	-0.8725916919767956	0.79557267010438	-0.5129620808127723	-0.32709101594935697	0.397224820883122	-1.0289184390191548	1.098654750029526	0.8822046009765789	-1.8830141156102387	-1.4567359996723017	0.3732562794283003	0.41463904680179264	1.9052049699250697	-1.247732780947148	1.0448802979900196	0.7513202472511505	1.3878558545691084	0.5145744121696525	-1.0580619787925787	-0.11982552952855081	-0.18233864041578682	-0.44128916245222605	-2.1633985767112915	-0.3737189240180943	1.6428579529546943	0.05077977642301565	0.5507594069801365	2.9711847361258776	-3.5408743068624045	0.2853539119078602	-0.6134572073071197	-0.5134672144600833	1.3401230400741604	0.3232433862395823	-0.6871870204118836	1.0248740845172977	0.9545126966089709	0.030994233785881124	0.07119963314439728	0.22316398533333717	-0.3944066032813193	-1.7768455933422798	0.06045592914685365	-0.5296973618631559	0.6669675029049817	-1.068034491819588	-0.6620294747647189	-0.45463047976599236	0.6288737556861033
DTXSID5020239	17.14560139129376	9.998532837478233	-3.7347054732085274	3.996086498156514	1.2023154022933835	-4.987106863190157	9.734390684374846	-2.213807835534603	-3.390645674641039	-6.3822857125439345	0.06788443007701464	-1.0815570180739689	0.31301355919853713	1.1234192698590775	-2.506772929697602	2.6581235077666596	-2.7592667712141883	0.4191620257697963	5.7281581998888464	-2.08860416605946	-1.4980488721061562	0.9399913068672595	-3.6187413892450584	-0.2424854578300763	-1.7277216710449692	2.1457134231010397	-1.5838357832291574	-1.0261722782289924	0.744024800926458	-0.6936982660472689	-0.43384550989276666	-1.335791027394414	-2.587543344516106	-2.1229541661636833	1.427890932002302	-3.8884318356663736	3.0306003886842743	-1.6351443589025338	-3.7386021172569417	-2.405496703591439	1.4529891294244774	4.232674601660062	-6.770718892452118	-4.418121438402858	3.6010578115228014	0.3132857647100077	-10.348345889425799	-11.55645932907093	0.6169933672559583	-5.376055512912858	-9.07277809668393	14.62102088425135	10.537794114024582	1.4259154738606152	6.734188106325627	6.4488316689841385	-5.4295894237191105	-7.047240485107895	0.5959003338789914	-3.3294418632864957	4.339478529519667	0.41289785023721554	2.7614843689561206	-0.8160875125274418	-0.23106405519926143	-0.637358148909901	4.586362169080958	-1.292735091260847	-2.5323530070794	1.056160835603859	-0.575266111158646	-0.4509244610974172	-0.3297569887202226	-2.302575488056057	0.7002085595476992	-0.5463305708205406	-2.1863754489502765	-1.937497926895183	-1.320560048549153	-1.4466224576089104	-1.6397550488927954	-1.319325860244191	1.9345224423166831	1.526931944002692	-1.2061594446850326	-0.16210688881869506	1.1953022235991342	-0.9375546140846361	-1.816111483663476	-0.4244467532204977	-0.6051265131770933	-0.7600945406873478	-0.6166738409345365	-0.7570009669300028	-0.08863076615790898	2.0215525958035774	-1.918572154425981	-0.8597244904498561	-1.6696372356892384	-0.0407460663559133
DTXSID8025331	-2.3718357491002435	-0.34352117792512843	-3.27082324836855	0.6818097963206442	4.202829823163471	1.7388140148600983	-1.4647070395503397	-3.068304309014156	0.12219739548760922	0.5401243136651475	1.2553002954433874	11.207029423409656	-1.1632858573534253	-2.1962624710211798	1.0317675233828811	-0.9747037022168843	-1.4795312700795018	0.23005743472004136	0.5195178672105402	-0.5942264171904118	-0.6144266860708472	0.626514067848721	-1.183923196590466	0.2217429262320738	-0.06129703921041539	0.09890470159441882	0.6508604205224633	-1.0626225856021594	0.21462679266112739	-0.008975868674820475	-1.6616266067397836	-0.40677979702530076	-0.4228780636564122	0.3528282439229498	-0.5799937595416236	0.1152033071422604	0.6425436984365565	0.1948313461825096	-0.15787928379201738	-0.2879181280420269	0.5874616192164495	0.7491589235496844	-0.14435280679315926	0.11972218404068502	-0.12040259989720568	0.1308765763926694	-0.08667406596676468	-0.027439135179400956	0.15663278173573408	0.3863287241624805	-0.05921854979514726	0.09662679141546422	-0.13205518997080914	0.032887040497606705	-0.2830694548647855	0.024310086726038356	-0.21821973205008563	0.11569230428071885	-0.15211653127788727	0.38653421494603696	-0.32152228051332915	0.21321255826638805	0.19510838095961294	0.25861020800017354	-0.43054526772359564	-0.11325399427497684	-0.05548181079692301	-0.6285187427637837	0.38666378263233186	0.44297277484249725	-0.14057871355747195	0.07168365375867099	-0.3723272024550387	0.8805009886668312	-0.1672876895670612	0.40193428717701085	-0.21843871368276657	-0.5599894538915606	-0.6688802543682444	-0.4018075985521459	0.8111547535611249	-0.26281742346101206	-0.7922381011405766	0.6021731903324529	-0.11060480156782346	0.33389320431588926	-0.6045716324411045	1.1177201241914358	0.27405312853636266	-0.3247586932439949	0.3742330640806858	0.11128225063221421	-0.677962421382127	0.14400937539272646	0.4693482432195979	0.5472709533353397	-0.029830376648995245	0.07951729128775924	0.031283302691620885	0.18094040780602966
DTXSID40108559	2.7034514582534954	-3.2487865625263797	-6.481621720101959	-9.17911624733064	3.446492636430336	7.85495584477905	-0.8408861908484873	-3.570910472477471	5.5614762773195725	-0.487898757295137	5.035841481967524	-2.0270568485712595	3.4190779030190575	5.012475183908623	2.5736240730155977	1.2016267158628398	-2.2525002175274995	0.03164112107017687	2.3293286255988357	0.6081586913726544	-0.6349443292546311	0.7289902554625208	0.9747211084495653	0.955447620027502	-0.5766152554091442	0.2352013210661225	-0.47742072057336504	-0.5677598708260426	-0.7023698148049207	-0.4514703843892532	-0.622423231852831	-0.20655435288954044	-0.03556889964612774	1.845098637973656	0.46811261157839007	-0.5748370309872817	0.5741460773504934	0.13513056414354682	-0.7274439213522382	0.07252015728100612	-0.08085567849767489	0.4773803274279856	-0.5395973593880876	-0.8770942777920407	-0.3388000606135111	0.45969381110126256	-0.7485626817173215	-0.4511611351080564	-0.02817930972936451	0.03977874813293359	-0.0982596596145807	-0.07136013331235141	-0.024062480631482933	-0.4665399545912757	-0.695611753781642	0.6106778881787115	0.5789446400509453	0.10976362322078186	-1.4663390696896108	0.03222976518924761	-0.6246720264965036	-0.7939886667092932	0.8417600135899491	-1.3282471723789604	0.1715485802055568	-0.3809578444173027	-1.5532686552412802	-0.4041379953606879	-0.20663966143677878	-0.11006023924191931	-1.235471705114801	-1.48633309497184	1.124852651799688	2.467101528054882	-0.9812038522566378	0.3943030019423135	0.3373405282595533	0.16611981604055995	-0.35746934464494956	-0.7197552371052057	-1.0355209180643132	-0.25410867707236484	0.3169231061599242	-1.016801576250189	-1.1421548439218197	-1.5151507257009713	0.7011070645110432	0.7662218689199475	0.9840055899992246	0.29407909934401427	2.636578614981499	-0.2978093793637715	0.08294061876583904	0.6243813111463233	-0.1494316891151584	-0.5830639817156581	1.0488289021354082	0.15349950718059646	0.42336332864973275	-0.15819310881134338
DTXSID7045158	5.211193174439964	1.6683493211844675	-3.4878637498597365	2.4361095459939723	1.8329878187612756	-2.428236393108818	-0.2969950244972678	-0.5279413997725277	-3.213101553719431	1.815671848777832	6.715451107309998	-2.8132538907897997	2.145181614375751	1.1171578955367774	2.0885287915948125	-3.0929567894168786	0.0310507696370004	0.9785605997819615	0.28700331689882946	0.3302917160165571	-1.8379263104321542	0.5303181591862915	0.7561885511537174	-0.5705736517369584	1.7114630743965649	0.42524498580632153	-0.7461584981544048	-0.14329705409802118	0.06473818737200059	-0.407150063503019	0.06616859968591188	0.20134239986678948	-1.11465693509666	0.08218470177450736	0.7531496209696232	-1.5187236467443987	1.163616624426382	1.4009232858482512	0.39881430017485436	0.4224462179427247	-0.8485521461865327	-0.4721075459610849	0.3151484985499793	1.2630277393126357	0.11317015104444171	-0.28163505620497964	1.0675384251098812	-0.6845555235932559	0.726522708772022	0.5841852652522104	0.41480404219640604	-0.12981812599176185	0.35385215061120695	-0.9692397349073871	-0.3398858582546279	-1.2858588803007236	0.3104968023529186	-2.230772855460515	0.3626651649428301	-0.2479733293845545	-0.7959403966518779	-1.3056539555175806	0.7650785070980537	-1.0801202162427777	0.13028886646005547	-0.17471979332770038	0.11251644390774941	-0.03568626055147846	0.1627299577612122	0.7108267867491022	-0.2729738897217364	0.09418242743504658	0.12627306422409385	-1.0279913430339942	0.694289692701092	-0.4493204306071229	-0.4171730117083574	-1.4317909544140888	-0.551157322127888	-0.12348875124909652	-1.2247629180743143	0.2294333137324104	-0.10031929477437862	0.11242445532185921	-0.13938493554290762	-0.3254509206420376	-0.03467498158887814	0.5433243555552472	0.29677686085620136	0.25139733187762503	0.2973827741562349	1.643999931122245	-0.9043893669053504	0.6461995009911131	-0.049909814774749234	0.8005751314179792	-0.7461161586618792	-0.42870016668271577	-0.5020881295480286	0.7445472201549628
DTXSID8059926	-0.4318424419331993	-3.0899815658741665	-4.51620287304355	-6.621739760940824	3.809873816776571	4.462366578802338	-2.674131741543358	-2.3556832083952126	1.6632914849426756	-0.7809226002186656	7.557785265757893	-3.108531979376865	4.472884374653045	2.4715352493722493	2.4460744652370305	-0.6665381758852821	-0.4658804300760956	0.5614617390978867	1.592731279933038	0.18202748204237942	-1.1605372767037907	1.473476710237029	-0.7173398422678684	-0.5965514802904697	0.889935142458777	0.4582073664824996	-0.32020226837055454	-0.4122764080186322	-0.11751565425263541	0.3304577066162683	-0.5199067259020889	0.1146573510398457	-0.1973707265489262	0.7971143699364983	0.0426370002497548	-0.49712289816993455	0.43234847491549055	-0.16040616796539572	0.9133911978295012	0.47774289820572796	-0.1658536602755294	-0.1724787478586885	-1.1970716877219723	0.1648465999260276	0.13338430557110645	0.4606259226929923	0.25716490213807036	-0.517616272281265	-0.015294812918864652	0.08858431087508889	-0.053823924410936495	-0.18816800218113885	-0.05361396420097827	-0.20546361467732696	0.6524001949870752	-0.29830404266095367	0.29363562883203415	-0.620160768598754	-0.7827020800538951	0.5805995468223782	-0.7567256255416048	-0.32210636954324007	-0.009866139844110023	0.6042055747771905	-0.030770755466278964	-0.44091861087267387	-0.6425904731806136	-0.2390699284889576	-0.026348654470072418	-0.877988098306525	0.36949006479443325	-0.03882779748210799	0.16979515577646973	0.23176693306304383	-0.17077928942687537	0.13820566013074997	0.610633512493623	-0.2916390592327633	0.1131558156219712	-0.4649665385188135	-0.05529538279672009	0.4113579158780742	-0.2624856913660156	0.5508511812406585	0.060386956096939844	0.14827947025782426	-0.14319669215935638	-0.7094177029061538	0.40095980376851637	0.03968915983458537	0.008509869620062489	0.5421713485262495	-0.48165268245063736	0.6151141528883669	0.27790519901171246	1.135591726583489	-0.4926944829174419	0.16689526617066175	0.37016998418574143	0.20695942978883752
DTXSID2022096	-4.425232339114866	-1.5446839022019945	2.524742335230445	-2.3131642341736423	-1.8899189273637103	-0.31689122141237425	-0.0612108325800783	1.0300771028721143	0.26197521669141305	0.5429781903453691	-0.04078619132012181	0.14542453457703883	0.05615477894675653	-1.029625208054613	-0.08936956254468756	0.5583132833245115	-0.939182909455248	0.23618656194279897	-0.4594719818433722	-0.1721325625136926	-0.18520357812908222	0.03295909199643738	-0.7048384188001416	-0.8461059438479815	0.5122697747743687	-0.017253150301858155	-0.09793698701364276	0.2792554427762433	-0.17519858178932704	0.4406048165887062	0.17679778314497382	-0.6109769861238695	-0.0715202613289134	0.27411253759688403	-0.1648273669359976	0.15178829499622357	-0.3155061613379058	-0.38874986157977715	-0.041699317188117584	0.09420937022377497	-0.16880959822870586	-0.008219414592695458	-0.20504366248286454	-0.1745808676710327	0.11097681724157753	-0.13020512996280767	0.09472277106162619	0.04772617580383291	0.0570509925876977	-0.2746651846661326	0.021444930206193244	-0.24484207061344618	0.06978658415412721	-0.05103999630879711	0.3326185603784163	-0.3655769767157148	-0.11189229274706398	0.1089831576887699	0.4030731473616543	0.05312710502254167	0.19680828787810786	-0.16826729141635596	-0.3555610428810697	0.3270488443121108	0.11968189253030519	0.3976494051119429	-0.1038301511084518	0.019271720082039225	-0.3483635705441633	0.2889297212566514	-0.08789750044330812	0.016878351010342987	0.24797214362442024	0.01784021343979271	0.10232860319848652	0.1655126549142771	-0.7080634666582538	0.1697232655213564	-0.2210999266433196	-0.015725264262734743	0.03438394316545495	-0.5347698006573642	-0.3048793526768784	-0.802985227198686	-0.21542726685373198	0.3008044697592315	-0.2985766556380338	-1.2520428692807015	-0.16527974028867268	-0.4088388777929192	-0.2793132402992603	-0.03733807003937161	0.18312929954656434	-0.04099170353796677	0.3817537746749517	0.15355019812399162	0.5530913089339667	0.3936057538892864	0.071699351223958	-0.1785874268289962
DTXSID8025963	-5.54159546418475	-2.2769220952581315	0.9480120540834168	-0.5596462601186534	0.6019821940762295	1.189632992142181	0.30209280770441543	1.6558274669288784	-0.8002613313158807	-0.1524212480238128	-0.6682164000904498	0.7351735752899146	0.3299672978631323	0.1852249240354038	0.4922029511109384	-0.20156558900202293	0.6106020796169466	-0.26163283504560375	-0.5214888216210019	-1.321312250710217	0.15599050491709474	-0.3024290485759062	2.10091869950777	-0.5653575156932255	0.5241806160095275	1.846395363482857	-0.8362904099137645	0.5536459568843323	-1.5845598645108787	1.1297925946407088	0.7195137515746173	-1.0015424938235697	-0.3279123761795822	-0.7278550990955578	-0.027206419551918583	0.4702198707693416	-0.03767556730877015	-1.3054252711024743	0.09181421161914828	-0.20782925889457243	-0.514841014216559	0.07627872752307728	1.2847987860752335	-0.13129964802827757	-0.4485766399103803	1.5563746227220794	-0.10427727446186034	0.11317262136020749	0.1148980279714814	0.30896414269035083	-0.042162800741872376	0.2848587002504248	0.5756263433883168	-0.10835798833399078	0.5126408515845456	-0.6774662622123921	-0.1651170916374029	-0.5408380036171997	-0.8266694007529654	0.007035781993482775	-0.09864372038968999	0.4161603051872044	0.25561893938942987	-0.3941388518558044	-0.49154605046897776	1.4565401120031483	-0.4602245688685299	-0.5745909028974511	-0.23435359902936576	1.256002925362448	0.12711433202687902	-1.5313057986162106	-1.6925749138517354	-0.017459616323063865	-1.7351517934469503	-1.8998193843790558	0.7129877293699722	-0.0501544683419025	-0.6671724030781003	1.0993749882789603	-0.7289439889205329	0.11711955648276366	0.032726184406796276	-0.5164178966441036	-0.2992153699414005	0.005057171676320579	0.057421888178898706	-0.451517731820361	-0.2199032337219716	0.0832866951231804	-0.2848640712810303	0.08115986379207689	0.37174107833159387	0.3415090881617966	-0.513182977808365	0.3776507703569946	-0.07956500123137812	-0.33156995046877047	-0.07528099673483415	-0.38546324710239055
DTXSID10461880	-3.4290827415676755	-2.1505882518869477	-1.180021343957179	-4.967660658987389	0.7413726597174243	6.001458200120133	-0.3763854729758652	-2.8891899997484045	4.616959348655499	-0.06311865298170287	1.9786227231383633	-0.932958009510248	1.244004331827126	1.9312335197388852	-0.4012013052604877	1.4109835613525876	-1.5912255515003384	-0.3498887413477235	1.325274029456916	0.18144558007744657	-1.254303556677563	0.9326949382986253	-0.44886760398267306	-0.5369099208350813	0.13146575816329711	-0.5266056254927611	-0.17434595466847672	0.07228377714757803	0.4957359352821863	-0.06085045249297163	0.4466231813981054	-0.21045002319868616	0.006372010441570242	0.0763997710868087	-0.5887228347937586	-0.09214552133361983	0.04877562300265865	-0.7640408845265699	0.014724336307269213	0.06773789387105035	0.22849658127739028	-0.27227236857944537	0.09462224862222775	0.43010878332326685	0.4403839397362848	0.10767996319682933	-0.38032194099597577	-0.10800232776980115	-0.09369431195957825	0.24909155435581878	-0.08956958183370081	-0.4264154704673597	-0.17557081774122676	0.15706772757742543	0.24696816144866732	0.3334547580723721	-0.13261843300799164	0.1888829557422865	-0.16867815360075547	0.4853089975578147	-0.48543458604682876	0.4331997724493888	-0.09809640519659751	0.7252146645175838	-0.5207555798745277	-0.157043189276343	0.5843281408531058	-0.7721786365537857	-0.0916811545929695	-1.002442908550422	-0.10133132007939794	-0.09572973161229607	-0.35093632946065445	0.6031706188358559	0.7140937625545439	-0.5227748711059534	0.14037543804786834	-0.29426833932948465	0.06362139361254998	0.13279578237883743	0.44234854496417697	0.26420520596478075	0.17852244270927883	0.03095319015507365	-0.11061670840992957	0.060776871002947784	0.00254641104708851	-0.10954445973822546	0.4378448460569247	-0.22732146333378023	0.31464135796116116	-0.10351679050549847	-0.7597131380924683	-0.40384718457632274	-0.2378635500657124	-0.1361834786617144	-0.0011877805754606	0.06666756345625664	0.11170111122482798	0.014508311419594145
DTXSID8048737	1.4976884771053067	3.4580058033712797	-0.6149649714607887	2.554416241624086	-0.6527030225673477	-0.19216224495648704	1.5918685613075008	-1.4139056534369239	-0.8480958510933648	-2.595987394296874	-0.09070606273723263	-0.5144946935507014	-0.7000965343985308	0.8992912554598704	-0.7373904563961579	-0.37336385190048643	0.48214952188221327	-0.1441825738438938	-0.07341078280638894	0.26794550642654424	-0.6394550166048666	-1.1545395104038028	0.5724935917151526	0.38539272126221763	0.2650584071189057	-0.6461512421327945	-0.2144195195249369	1.3936939408812419	0.6903362112912611	-0.5132906865526836	1.544166849586504	-0.25422963302902546	-1.6535367098326952	3.4589443949471574	-0.9083046462341401	1.4602519231019746	2.785078173234176	0.31332231691941415	3.5417318742285686	0.28126993000065004	-0.2025602638838918	1.763910498212258	2.812773337046048	-0.19192875123711675	2.156089105518346	1.078997750140793	-0.2972404531017635	0.05741348485922683	-0.42619795406577116	-0.5386058290417819	0.12505995097463654	-1.2529519704771002	1.3290480430246534	0.5951811324720959	0.16485212656263185	1.254647380804424	1.2240365975204426	-1.5691711435663869	0.8972237789669067	-0.406198027652378	1.0405824308998197	0.12297650124304539	-2.5310623337588685	-0.7135992027637362	-3.771578416686823	-1.9307223819538517	-0.9139089419364917	-1.7004666058283986	-0.7048927408407704	1.7445404714281734	1.4118683508540326	0.06283565194738898	0.5084100505440486	0.22932166436072884	1.4227316091979465	0.7300067028607199	-0.7840571176034693	0.3276408146410333	0.16644200902539336	-0.5615054112957291	1.177902964669737	-0.4617913972445639	0.37756819367833133	-0.7729502512741738	-0.6995573907845161	-0.26418038306035896	0.8554542255268013	-0.16149999112263946	-0.16146073756031767	0.35266628935803634	-0.1500674854664051	0.1959148473986278	-0.5838754168549158	0.2020810927067319	0.17177477580639947	1.3039212947096053	-0.7618276743512207	-0.2379481625374721	0.2868411715999522	-0.0195535105902817
DTXSID4024222	-5.499780747477741	-3.5280343874902504	-3.8637906723078745	1.911912339133399	2.2794022023877054	-0.8863552584980576	0.7714084184960218	-0.9511609544824767	-1.0096612444691622	4.400366565344363	-0.3029049730764016	1.8160393617207888	1.4458430374628175	-0.6935233792331008	-0.8020328757502159	3.59695246548594	3.769052898964976	-2.5793234788560504	0.6830456158579075	1.9367965615354965	2.4990419265709516	0.3811722068364374	1.288432269187194	-0.45296189775704937	0.8909025708226979	-2.042143957965381	2.008453046865696	1.3234273987652545	2.0928702281953617	-1.439497522338864	-2.7431491143029514	-0.7903836775331726	-1.2016990750814645	0.5143191729124654	0.35914552725495763	-1.850455903688422	0.924314131697392	-1.2020645010367843	-1.5398973480497187	0.17457006066595976	-2.576770726755917	0.7912989518217931	-0.35783894249950876	0.2530597292502433	-2.046568231025367	0.7351553338325493	-0.7668262508188067	-0.2697337409062556	-0.6085659565891566	0.7040633863720495	0.08103998247312186	-1.893068183980111	-0.7976493454673733	0.6627948068243698	1.8465238614198909	1.662136899790817	-0.6078460553535645	1.0744178699541331	-1.3627078936758772	1.4894209159976748	2.564389219658751	0.672354811153064	-0.8964087667811166	-1.2131631313515059	-0.34633255793328815	0.38994097147281237	0.4789590835463515	-0.7343428011325364	-0.5972404582946103	0.2368467530150532	-0.8760008718383998	0.8378926454243861	-0.4443419453186146	0.6918049322962001	-1.137626529141031	0.09775383519031751	-0.3133434681100864	-1.07706806444143	0.00016334137536910354	-0.5426502390475652	0.5046277199998783	0.8131893688391184	-0.578855906173834	-0.9050050438059138	-0.056504411555906	-0.7084538179786811	-1.0088690025503875	-0.3936920720017803	-0.2724073180931939	-1.0216274294358547	-1.5089569833915284	0.39731052438271885	-1.360738362972365	1.0190728929016324	0.615301825769986	1.0430030432329311	-1.0007770923578998	0.008860616442571212	-0.3686564884988165	0.27993877662759686
DTXSID6047529	6.791968668378345	-2.7429791834248656	-4.930680270333899	-5.57258477087587	5.245736247239081	-2.2151728017746897	-0.3650643856821635	2.383086989857032	-0.8459706641728474	1.1368848736959318	-3.2422166253928624	-1.585851183399636	-1.9835429209133502	-1.892268531905815	0.7732886982700238	1.3816177561858685	-0.6919700419803239	0.1588750293967427	-1.267554406598056	-0.5553236057860431	0.9818781106427201	-0.015322567858480452	-0.7269513820379992	-1.0171268067609427	1.2130487739900624	0.42443523399029703	0.2932332953981098	0.5051727579335198	-0.10701817946357126	-0.4256098439604108	-0.3889124749116449	0.10437352206482083	-0.30804000482058896	-0.6651115372287049	0.5699543285875465	-0.24369538068600863	-0.21983295802819108	-0.211110499477523	0.7570290511843285	0.2509468682816069	0.8714924157059182	-0.023269160464877675	0.055965085214617794	1.1777560528673083	0.17877253917194386	0.2787230250134861	-0.44342744542226986	0.07592421940065583	0.7951726200200727	0.7603585081125153	0.46441166607911233	0.15313613877954876	0.5342636116405447	0.43024144524803654	0.4129774040140788	-0.12036828312727181	0.4301279899993363	0.484323580878458	0.5136642838954514	0.21288060363781555	-0.3950063738454129	0.49829002511318016	-0.23446880579590945	0.47473409921258813	-0.4850780310978907	-0.929413037226422	-0.0403632623081849	0.6358973509061825	0.41821670561514646	1.0123239445945627	-0.3348592549177769	0.6454699374540256	-0.5579336908464358	0.3986254427116373	0.7485986401288318	-0.3955023744550466	-1.2771448771046574	-0.4403962934453327	1.0461189483612616	-0.830149418224574	-0.482782152682449	-0.40833205016777135	1.7843872270324588	0.28341421575075176	-0.8148780126942201	0.5369109443168938	-0.6507511956405091	-0.5238009857117292	-0.42328651413723195	-0.15125011834860838	0.8245316573353118	-1.1346195927216571	1.3487408936117569	0.09770640204973086	2.129021487973243	-0.7827341797784588	-1.1673004017160702	0.6696874540826948	-0.0031540256657758437	-1.6898498213898752
DTXSID2047066	-4.356405295599765	-3.263373608396957	2.0243718915754534	0.5554787923944419	3.54508870667765	0.6151004215029812	-1.8391921043534143	-0.11434374496260875	-0.8232150718540721	-1.213185115157605	-0.01495362346061359	-0.4751425206826011	-1.1392984940009594	1.1267229360359645	-2.2668178919708284	1.864654510956889	-1.9315709230786615	0.02250808538594047	-2.8357091027853474	2.149065753651167	0.6000483929950104	-0.15639994557860698	0.9449309275444732	-1.1660963878708175	1.0444944811491577	1.3521035077444217	1.886684561704196	-1.2312496310901846	-0.3864087684219239	1.1850171280305448	0.9375948996750035	0.8488295268232345	0.429041722153742	0.576616435013242	1.298395828933735	0.5989648233023593	0.7363668325542545	0.7820864948977594	0.039810879503214845	-0.11000497196539205	0.3302147772692607	-0.4965377922147182	-0.47329625029910477	-2.4434849173352364	-0.1740662789410758	0.38281820236230857	-0.19549359522031495	1.15285181002338	-0.29826131242203463	0.18542224547665492	0.017309548072437415	0.8500411796084698	-0.10237165060606905	0.1958219289804918	0.9090212182704035	-0.34862067078458814	1.29546173446147	0.25748483344439116	0.05539349945036254	-0.15633851526726766	0.09048826260548531	-0.7773019091721478	-0.37123600890158015	-0.929095588508034	0.2507997618624688	1.116208977858908	0.9463447080253246	-0.2872605565037353	0.33643434058273514	0.44112964046297687	-0.6346402043397281	-0.21798737563842796	0.45477427755297917	-0.5800927816120048	-0.12959678609738606	0.2892604227118694	-0.505745834550521	0.12379574751877481	-0.12950225520776687	-0.29565920028093434	-0.5291636035962627	0.16906788886625973	-0.2601721181250702	0.4276016532737201	0.23372910579933925	-0.2089869790836519	-0.135222304122645	-0.6798476651310287	0.22063203228470002	0.05505342027813841	-0.2522822841726876	-0.08573313952552918	-0.2707673044956685	-0.08835977417410566	0.027558661510190752	0.010943240028935316	-0.275598942502028	-0.6417097769122961	-0.35548975760345924	0.29879514210741726
DTXSID0026888	-5.187780012196915	-1.064416663516922	3.2205317143386134	-1.1649138430814479	-1.0966893597484848	0.21147228749220007	-0.7578142335925563	-1.0641700640257294	1.2922005797398006	0.6291006663341696	0.7997834535177896	-0.6607445620212975	0.11140824498808966	-1.9076870809949569	-1.2793067055446825	0.40272010087907795	-0.7048329773014423	-0.4509117454619392	-0.13845499395123892	1.0168210454240927	-0.29860242823523997	0.5651777160211924	-1.4314311383647815	-0.524724494669019	0.21810380188343576	-0.8644204469267947	0.47162759083693767	0.6668536762976892	0.3621872032405179	0.21950338422143179	0.6601872820909658	0.654348568338678	0.8961522725852624	-0.09128221627619232	-0.9410725283855725	-0.5384279123391299	-0.14985683765548302	-1.7862668812835674	-0.2350561531523667	-0.5206721780976316	0.3892780898568343	-0.5550993462955576	0.459522858293992	0.6053675328470038	0.8544683530500737	-0.4876789908017159	-0.3296627227104089	-0.33757151615332953	0.13339868831166202	0.10346240004489998	-0.1603063349661759	-0.9586164825602065	0.005063643867227111	0.1728472078238729	0.2633990423407656	0.44271862958769204	-0.31128268968537914	-0.33958030025741986	0.4291333640932562	0.628391475538624	-1.1355253499503142	0.23661593136346887	0.05672672582767599	1.6309361936611082	-0.9539931775851546	0.04090196183141527	0.7717679646260639	-0.826577587228785	0.05111557580008711	-1.1829851076748912	0.15233500290751734	-0.17061647354321188	-0.09597489660036101	0.5469173115824671	1.1381979241343143	-0.575201425028474	0.4448682514163658	-0.3370169056565231	-0.16240586630306034	0.7457598104142755	0.48942373576077386	0.12249695015440644	0.25228590261658085	0.06425851992450085	0.06710161834095629	0.267110334572346	-0.18445579829872732	-0.14975888077140637	0.5996567591457371	-0.12341188750784672	0.8026227341475685	-0.10305594252636166	-1.0834377991319966	-0.5207400548298642	-0.20261523189807396	0.11233649800754988	0.09491779934547243	0.266045756072991	0.0042652762324198	0.08976052773014712
DTXSID9025665	-4.779944235176964	-1.266167827419753	-2.403403973871232	3.3049830031166496	2.056222529712685	-0.5684988413995284	5.731516786512945	-0.7982642086542776	-1.9962324712935546	-1.7145338365316478	0.662969416376553	-0.930131030005142	1.6847415986585461	-2.3022911752065367	-2.706004811363661	3.156434256409007	-2.9099122708942007	1.6025053903993678	5.477252557348329	-3.5043383665529193	5.2833221103221035	1.1951082703130285	0.9922572133739028	0.8523381653724055	-0.2910771761243074	1.0149969297023773	-0.7687067985104152	-2.031749507159258	-1.5545089002531012	0.7759960836663553	0.06185524632923436	0.4703289238546614	1.161797217261776	0.6620029094057556	-0.3274319814056344	0.9639257602071462	-0.019257936533436413	-1.113843240939146	-0.9250932764781757	0.9909750915837147	1.6200557991216036	-1.2778035535370502	0.8315937083449287	0.07378336026279449	-0.6616731266106323	-1.380285524700725	-0.12657851431933229	0.8662685745463956	-0.15188035106188774	0.07213387430714314	-0.4133260238121567	-0.8880936380953002	-0.07505004208216208	-0.6239683646139089	0.5566366103106126	0.055241428555818234	0.9745751248945701	-0.4259613287694675	0.23521446090686465	-1.103543366596596	-0.03609273806771061	-0.41071237579165815	0.08031924110766984	-0.22061674562650596	0.305547644313802	-0.3663434887232628	-0.15304156105447592	2.438027031010632	-0.8614980967172566	0.28379479399037927	-0.14025979006758799	1.1039394544618921	-0.5290990094669444	0.7491599035717482	0.32309463864118043	0.2529762602041936	-0.3637094225498036	0.031024136383631936	-0.261064744129587	1.040205705218825	1.0250279541766696	0.28907761522568964	0.13295338384270783	-0.5936836232480074	0.33327525447524636	-0.16847302664640051	-0.07129267369248135	0.17815901952205468	0.2056684239908136	0.34427352043503573	-0.7240320893054859	0.11824114847152782	-0.1734126503131464	-0.06144544847783841	0.14516020884158004	-0.2024556524871217	0.34970844528831185	0.5425700276850834	-0.6236058811248568	0.09457251204738505
DTXSID2045945	6.638296795535121	5.634183179391575	0.29354538894719884	1.489885561654762	-1.6781593333742268	-0.16960790044347226	4.113682155225364	2.1108861224605318	0.56990490397491	-1.3791995092316855	0.8082467594610583	0.767268402577285	-0.9155519734398458	-0.4525301666654232	3.0331255030343893	-0.28147127010801753	-1.7673873051739055	-0.6345746354073628	-0.026760770708794325	1.234741598821141	0.407189185303069	-0.4919596235230382	1.9275892233197984	0.2937605648063663	-0.4078485437799792	1.2975728734445007	-1.1247535026750652	0.18981648302515564	-0.4770275903268657	-1.7596319611082916	-0.3189497566454522	-0.03939124409069131	-1.663760936691342	-0.4766449586452306	0.8198134858280143	0.0192674769259319	1.3066861623010868	0.40400442430420247	-0.6792099616399825	-0.5646753520282114	-0.19375734526391777	-0.007436801451973439	-0.4163971898079789	-0.10789581325619065	0.6096155296253636	-0.14064046379080214	-0.17104141707239875	-0.7458528455026541	-0.13319534193007482	-0.16326250522243058	0.10335183966655836	0.3756404774028897	0.2318763686356205	-0.6749376472573493	-0.10226048846689187	-1.5184805166565778	-0.34667166101133406	0.29523379686007367	0.785633184132952	0.2018242083531579	0.1785865929582885	0.9283100361117703	-1.3816508360541704	-0.11814279478887352	-0.2084999887165064	0.3051805470469969	0.5832788419151101	-0.6570500417288162	0.6972415635870134	-0.7231894747627027	1.0248926968729026	-1.5479375157217292	0.6444408187710668	-0.1281520887997764	0.17198229989911962	-0.16562273671003522	0.5583394795334653	0.0906030562268448	2.7643152425572923	0.7288434754276956	-2.1847895135044526	0.8960917591441988	-0.9071384866589066	-1.1172193220597162	-1.0991842835932637	3.154579534761293	0.1415478724860491	1.5234416644465512	-0.2821453788419872	0.24893612731784573	-2.480305628594757	0.9004147236265855	-1.2950956793615405	-1.8115557008729242	0.2805122428852554	0.22552502865867524	0.18520953834621082	-0.696108288690059	-0.5604296731862913	-0.2329689924463472
DTXSID4021557	-7.307319310632405	-2.3080371748433643	0.603845546736421	-2.2345319057646345	-1.6504967225650946	2.4107943704474115	-0.2736640289859438	1.358299240772837	0.2929955970976993	0.25685874569609474	0.026470711762533163	-0.32667814146443597	0.11756113100739266	-1.1964886029910138	-0.24579826945242012	0.39980467338010384	-0.7348489791073645	-0.2670600919220364	-0.17488770795295136	-0.059437752801003475	-0.01238435104929189	0.178817368667939	-0.3009555409840261	-0.5647747779585442	0.1540530678343582	-0.3053633865981024	-0.12010985929287989	0.48953691485959644	-0.10522413741505099	0.059467878022107186	0.021348932683011877	0.48302798898548704	0.6802624354557721	-0.1452857820408107	0.2726651131498955	-0.11589070421515325	-0.14534503814297223	-0.39092504813612045	0.21555738451782622	-0.0511429706218417	-0.12891941305280333	-0.009076822558133387	-0.256888612893146	-0.1348517817164057	-0.1025169123621938	0.00294115464587172	-0.12672844258848182	0.038490516078359654	0.262051772240452	0.08182166892468057	0.06812900676038416	-0.05136451874804876	0.11906583014120001	-0.019776310026098108	0.3267417131797836	0.16223354706917098	0.1678576653662165	0.22562530966169822	0.023254957946318613	0.17465506722698343	-0.4975203425842401	-0.007358566179606468	0.11204597540167743	-0.19774153877741255	-0.25270572876501746	0.20386964408176264	0.3029111890473186	0.04726692295233247	-0.2000750985030979	0.5631336637401145	0.15177550250262217	0.429971675354411	-0.05382017238449816	-0.1033024389494298	-0.7867147543117803	-0.13261106072639658	-0.3476951681038411	-0.12825144379571726	-0.7410420850767402	0.20843853370766696	-0.2427576449219044	-1.2934960230033883	-0.8173658922115573	-0.6570419804464367	0.1096056929906756	0.5563335628159957	-0.35037697536163054	-0.20342827662885032	0.14561879399578107	-0.29038320631281594	-0.31364790785130037	0.5317805490011742	0.5280010084222897	-0.12742265540213196	0.4485706186553467	0.14570851197372006	0.5953818196056301	0.7705662747280767	-0.24400823264369495	-0.5092934644705531
DTXSID8039241	-5.740047469969479	0.17812338017302815	0.3734053223390798	1.0293985169318725	0.19870210263723703	0.029372414237046677	-2.1018204777268457	-0.5703931647962243	0.9947265002958886	-1.4475753287744482	0.4189669703960753	-0.18158198091678712	-0.5161608710530504	-0.2568403681887706	-0.9745087949292627	0.52711055606654	0.06364855603118356	-0.34898220957605447	-0.523170545537911	-0.17677355923902718	-0.011171007445995534	-0.1554858243428192	1.337338927837468	-0.152839816940994	-0.12624773057280578	0.215241757974962	-0.09604802656367058	0.12107263108586715	-0.035053016312154114	-0.49782994549526594	0.09517761402231704	0.2023643350627361	-0.2579684733323158	-0.18696108835907546	-0.0673261920163074	-0.6857834065484298	1.5820460228636128	-1.0981009484557205	0.4980921774625445	0.535718357606689	-1.6176040670847063	0.49422035060352243	0.5741530734564406	1.901417822188162	2.1999887954894857	-0.022392558718651794	-2.044349138631404	1.4940526510432814	0.918382148164618	-0.7767519646598219	-0.25108029773368756	1.347747323485215	-1.5480967614994627	-0.050310514263005694	-0.11208968702598718	-0.7091877030288385	-1.976482687962881	1.1831936297662358	-0.06921504746778348	-0.67791734357637	-0.5043596268161887	-0.4961309926889231	0.30649565704127885	0.010099611087387907	1.2538977069731811	0.2322841226474738	-1.2438602278316984	0.9211818886063579	-0.1559345229301468	-0.6799694498657617	-0.11238815098596469	0.14350253159302345	-0.041301520559262166	0.1359451351708049	-0.02996702690903772	0.633935766685165	0.5752419872692963	-0.3257299875005778	0.040824601708173536	-0.2355320376042279	-0.3059983805823767	-0.004881275841473473	-0.05664982275953973	0.1737925425200422	0.312001906279268	0.1543247424005527	-0.1908053892099607	0.3365859021902051	0.03096734898391521	-0.22228845147547832	-0.34796638856745904	-0.4171462897717878	0.16731935843725884	-0.003494922753448753	-0.2259656439476862	-0.3392144439525555	-0.08148446539913927	0.19310673191100056	0.33018577254983367	-0.22110315711713147
DTXSID0022690	6.420007413791897	3.2399155604428653	2.0831308040357883	1.0296993075490641	-0.1999995393016515	-0.19917757162711497	0.609943407355644	1.0875185376498917	2.1909534750577295	-0.6885783679173088	0.6410345784315861	0.46459129610418853	-0.8586836089538467	0.5577593372883259	2.840126577651612	0.3762457892877663	-2.96087302300461	-0.2951796672535344	-2.082589410567828	4.253577761929976	3.537081705179058	-1.4461784629292551	2.947624345987482	1.1051428039638886	-0.6842033030396567	0.9253849114611856	-1.1886130969130333	-1.7443680184448607	-1.1883655690635104	0.1443371368187459	0.30061046935257907	-0.04040672206696774	-1.4684177484567835	-0.8155611910156595	1.4003770293029294	0.8662653044197081	2.58397747491206	0.24254870365356004	-0.29955587440894094	-1.4882124246265187	0.692907093520709	0.06855072136962266	-0.41961133611654344	-0.1574473109811331	-0.036758185691724496	0.09264961302642927	0.637437532662634	0.5706334683270442	-0.3871980124235227	0.21929121630348553	0.05347050939468068	1.29812888832933	-0.1690406980053492	-0.06742532756017854	0.969098537063179	-2.2488044591289666	0.42042588587960084	-0.20073749092113613	-0.38947394815357866	0.8749908650900857	-0.19073855531867917	1.352495577958972	-2.0144137822807164	-0.016708120818268828	-0.7640856121931757	-0.1793113792928982	2.3055402036743726	0.9482822062138507	-0.6487998980031782	-1.4335736604931009	0.7813438485561541	-0.25329306787904765	0.2068246991894059	-1.5955658177163663	-0.31408334639265023	0.8602560330433764	-0.44518710735382416	-0.8553882967537062	-0.10026796901974684	1.350182592483235	0.2561637671976359	-0.006113699849323912	-1.1990807768819631	0.6134034977380876	0.7975812414250245	0.8409168562140094	-1.2266172095628352	-0.31442250731014654	-0.6593471188720593	0.37391897813135117	-0.787723821064507	0.8623150082906996	-0.12579690487096884	-0.27055709346683043	0.9702399558206132	0.5298453679177204	0.13142336240883007	-0.2612394443663979	-0.7851107501793595	0.1133866636647525
DTXSID7030698	54.66824643776087	-35.44204704511262	-25.75065240361837	19.836342920264663	-28.802302920495624	0.40829968454927534	-5.027335236421722	3.95842918737781	18.449874346447153	-11.46097459472701	6.297581748702942	3.178053126519267	-0.29513560556193436	-8.523976298571105	-5.141741309563639	-3.7135349484060196	2.898892169191693	-4.78531645607293	-0.4670359139680186	5.159403815131435	-2.020482306313365	3.4362209295650468	4.775696614502669	-0.9880792796543456	6.884544250804975	0.9372507646270363	3.050471325043505	-3.5909902233845976	-0.19006401724548302	4.825448465398756	1.1521350963124992	-1.5568654459290563	2.5825678342442946	-1.3851153780884848	-0.27570099595803726	2.711076171908787	0.28458886709099696	-5.1282977471465605	-1.7626043317213558	4.447182768515542	2.492993265622531	-0.5143319791317038	-3.7036440325909195	-3.235933678175929	0.2798069830916336	-2.268677382317687	0.24178925010174912	2.9736579205358122	1.2030096818456468	1.7757076958368687	-0.24064778710492502	-2.2361019413017003	0.3917918051175487	-1.2796866171819261	3.2510815400554294	-0.918411510206148	-3.0927096834646908	0.02784679336124661	1.3957500633557847	-2.3198179288670144	1.2992453759648475	0.11052379394505078	0.5771604142470661	-0.5910371138794164	0.5421739226999829	-5.00210771014132	-0.5123786491287672	-4.005858666496835	1.3461572026146735	2.4922761101439317	1.7281620105448083	-0.1402254798967023	-2.608271708596909	1.6827433741644944	0.754464719158906	1.6808216492086365	0.5586698932004052	0.3174099077437431	-1.1210237884996814	0.7061706348658645	-2.369897676841995	0.14063926368071283	-0.2225219511409738	-0.0035319900419658744	0.188236181003658	0.01684783944733465	0.5433874766465675	-0.12784342249992472	-1.3204418344206141	-0.18945239751419313	0.7178355633239776	0.9332461832034263	0.3602630982389979	-0.7543449299089722	0.7254123694906545	-0.2990964986303921	-0.29827183288064607	0.03051132434001655	-0.44060653952784146	-0.41547672244122136
DTXSID7041461	-1.1525174127266935	-2.219962022451312	-1.0725162402453858	-3.5274271417907372	-2.538733295971709	5.986812790326414	0.7119315541210016	3.9112449713971755	-0.37254565320343813	-0.46329348196288733	-0.31725533070081535	-0.17359165016810463	0.0007569065662140111	-1.3169591554451612	-1.5245041581432028	-1.146412486098559	0.6327336313438466	0.30144797502640186	-2.0813302291521243	0.8244714322777081	2.2933339946930515	-0.39795529755819375	-1.9011010125576948	-1.1108842940853378	1.8708566527642285	0.09836334541429147	0.3661482793955775	-0.38878318634169534	-0.7387572251654255	0.029320861904987117	-0.9846402361772892	-0.42093253452797175	-1.1097656180781446	1.1246973659867985	-2.511710205323939	-1.008168437331817	0.8766164509335072	-0.28951074749150957	0.4553622374195561	2.7966742215255773	0.950382749734657	-3.177416581632494	0.21991602818877065	1.516234206613192	1.4119294428639348	-1.9109147091117173	3.727037038159516	-1.604786446882417	1.6176900701006371	-1.0229407896543712	0.6619995771111767	2.866344040396567	0.5068157625611657	-2.330591930839248	2.0313253727283738	3.845486828632795	-0.4664901227848345	1.8560063754744718	-1.023336388510946	1.257313337191134	-1.1785916824623472	-0.35782876241291517	-2.3250838047657685	-2.7110966230778017	-0.05682758115632294	1.420378607701189	0.719524025782525	0.5288062709123507	0.7196024401975984	0.5882761454628997	0.3854501207185025	-0.14956188034903323	0.5359166081640477	0.10583445310536799	-0.812815092203139	-0.214545438130638	0.1992403007086399	0.625217789901309	-0.48738009234475416	0.6375794987798563	0.5716389943694611	-0.06833088870034806	-0.5574298150778746	-0.6478715310524104	0.19297646801465312	0.25143828023330944	0.1669052489967475	-0.39252677987138124	0.9135823548351738	0.23491242281059252	-0.715132282330862	0.7541347308872022	1.2920387044772847	0.2666610248957692	-0.7095396857956063	0.47504060837402023	-0.22328703912534867	-0.4982577184801202	0.8015209082485815	0.01275578291314841
DTXSID0023878	-2.4436386240843224	5.544974706000151	1.0660797524928365	1.0087446303193535	-2.774546151878842	0.7004394668100435	-2.038121572866628	-1.3059652250521792	2.6016004283039758	-0.42276362714226157	2.07171182744075	-0.9783158284990932	-1.1320499528616972	-3.097332288246888	-1.071133690997377	1.1747213501288891	-1.000468934960683	-0.4767075351051829	-0.006857847315287885	0.4023733118981011	0.3753173470622004	0.41617244237609335	-2.135387263928768	-0.9744077275106863	-0.31602996365275726	-0.1614124647420941	-0.5243156768975615	1.7620329744484355	-0.006386373644853658	-0.5236336376494297	0.5244723454276498	1.3471973565235213	0.4919940325621966	0.16273734356496566	-0.7660800890085918	-0.8478906184433171	0.017304633628996906	0.3469702117013191	1.0330347005534621	-0.6399369503444203	-0.25822675965238345	0.4736491161366437	-0.6219631284945725	0.285059705428849	-0.35856688070904497	1.1133045893042353	-0.05370759758120119	-0.1616808065104558	0.4033824044392415	0.11640579958402875	0.14473224933028375	0.25728348356933	-0.3917783969414427	0.4891403363724505	0.29096304940419204	-0.18949112000254323	0.2271891989990967	0.17894463613235834	-0.4315639141707313	-0.07383866276156797	-0.04353611223571984	0.8724804384359452	0.15420019602747476	-0.3654635928413664	-0.30037835287864706	-0.6618511193719092	-0.04452912271892422	-0.14905898855670713	0.4138568584592607	0.9440138386285112	0.20177561774953653	0.28003993311055736	-0.09637002033357313	-0.35949658697027775	-0.3909308348175378	-0.36622286647605107	-0.3143156764356871	0.10411318813231943	0.1776290847458276	-0.13688391714291132	0.08832507228806029	-0.1119531283003487	-0.03307081863035959	-0.1563884648502303	-0.1547821790437793	-0.0743267617594185	-0.2791692945318518	-0.0663290485246315	-0.014832213381416605	0.3438331018231293	0.11349932925790363	-0.3294211335802904	-0.6121982804670668	-0.29769773143296047	-0.1778099628032509	0.050370948595463164	0.12944422927082616	-0.16469621314169872	0.3404055761712238	0.16840517764678983
DTXSID2021943	-2.167718605010809	-1.673083466810292	4.540663744958286	-2.4109266952871087	0.5898756672998601	-1.7298079613865724	-0.43585228777817064	-0.48324403239100844	0.33700540245004057	-0.1803263323976552	0.22970966815265637	0.004947419766219556	0.7220275346438623	-0.4228394720287248	-2.4741430375807054	0.1264547091597403	-0.7508548360497269	-0.43340816146926797	-1.2028670712999543	1.226358108119558	0.08000482607979836	0.24639109137684775	0.27266426461723725	-0.3920463672943071	-0.10550979650999393	1.0060246360639002	1.392178405188921	-0.6381863789870298	0.15618723712951543	1.0746875513051322	1.1839786212408996	-0.26226409218074326	0.003105847410316072	-0.16163737111080204	0.7810877968874848	0.8735269087759885	-0.04099369586117076	0.5112793535772335	0.051088634563046645	0.31844741344733957	0.48635056858981873	-0.0890259408972523	-0.42587033252788303	-1.2669324980073313	0.06363281249577588	0.269251903293601	0.02786400384106785	0.6479540420531594	-0.13746886446946904	-0.11296230747412554	-0.041778033999746514	0.42199580614301946	-0.12226680657840573	0.2661457035579837	0.2598690143106124	-0.2874864480758253	0.6025166726053175	0.25706824220987234	-0.07316185959336384	-0.15796572571921988	0.05849885614849606	-0.6827599887767902	-0.48821625841293376	-0.4845615528239083	0.16472656872313401	0.6428275656171862	0.2823281589624288	0.017479754507958082	-0.260338017596116	-0.02156663198616613	0.20547289642909927	-0.02326764356013661	0.14108981974691118	-0.1534486475328818	-0.08551445093573473	0.15852270446137623	0.03755455731862079	-0.366375979070717	0.07687425906631411	-0.6628288486531573	-0.7828090157888825	0.09471101608599976	-0.264531086891483	0.1318351321632024	0.22909773793190266	-0.14765302641109734	-0.2163997337321582	-0.4528701819616246	0.06825912593563349	0.18340326449063757	-0.07864125548618994	-0.008255183311925731	-0.4085413824344315	0.49024387237681427	-0.19953491963138492	0.4375435481905377	0.17820956540255528	0.08713838122430413	0.2517916201066383	0.2866427731616826
DTXSID6044565	0.6447768009342447	-3.0355105174948998	-0.6436323363723597	-2.5698720312044254	-2.5865578694333533	-3.4074006872120934	-0.705555063064061	1.392035863152517	-1.1375362255189276	3.6760392717656387	-0.915875547059283	0.10276408415790969	-1.107972473190798	3.99594039174044	-0.24049322335438245	-0.2209740857036205	-1.3930875451638998	0.7942017673681172	1.332256316606411	0.029623693095232377	0.09619040681534015	0.5022153750084514	-2.577771005917846	-0.026026986401942915	0.31848974979327105	0.7157910669110088	-0.27743588192949287	-0.250867592941209	0.21081177984621097	-0.9659156165066042	1.004974129543485	1.2679483950182586	-1.1220916229175257	0.9312628016194802	-0.029185729401094658	0.08786460950559108	0.4260928505549553	0.7011378390726909	0.5081975888257398	0.405404515107437	-0.34367475942806963	-1.0525643823288962	0.7217056632911374	0.2058649933412021	-0.6778312390073669	0.3260504705213133	-0.3782717415587763	0.5336585521634448	0.33915425835121543	0.6443963982678156	-0.12137337048393204	0.1784020354999647	0.020284082743988862	-0.39300853791829715	0.3288661482376295	0.17507355723417578	-0.7857561166270759	-0.33162811440673223	-0.06804688852814221	-0.2713045309371478	-0.07405733902515141	0.6113535689301736	0.7694794757683948	0.5029350710458256	-0.3252952068202258	-1.5017827779643822	1.1544418599344288	-0.9781524661787191	-1.03893723561728	0.4617579831696018	-0.057997918003667354	-0.04695857318729106	-0.9508794397552491	-0.16422983934146915	1.47092932933688	2.09113036161378	0.02141685358873176	1.0983925429469301	-0.6977123939163171	0.8081211861029385	0.3826164424944088	0.021876364597274472	0.267521820020765	1.6428166694024604	-0.5499058090312576	-0.6258269965888343	-2.0995049134217747	0.5807092757404365	0.704861286961705	-0.2529415880492188	-0.4512248916084418	1.1116886997692141	0.03596629258052648	-0.010848060000119591	1.1687513688258782	0.5979793055782943	-0.2314182460825513	-0.3307481900280627	1.3562333003193086	-0.6232872709702001
DTXSID5049312	-0.34429426829577364	6.529603744636781	1.2745352190757269	-0.16121240423775818	-3.2244459829461976	2.454321323879765	-1.090479715716707	0.7453323713185546	1.5500784884922767	0.04923052454441565	1.8719749760114632	-0.7012315208352	-0.7848964949649033	-3.6332155782194406	-0.8933241720137589	0.7736553988245846	-1.2795578536641803	-0.7016884938165204	-0.31758668016218183	-0.08989122799764354	0.5298918469457248	0.18615718936467113	-1.3135962518129027	-1.1380155333897346	-0.24256242288517985	-0.5266107059627056	-0.7357928337283578	1.8523833552517999	-0.3543216837045786	-0.19809164595402276	0.44019953625793334	1.4045341581385575	1.1289307407658722	0.14192747142464957	-0.8107121902868679	-0.9394534127065672	0.0006404015673668554	0.08735037987343862	1.1847360689130275	-0.9381105259389729	-0.19653948758746442	0.6040134490557127	-0.6363698142242556	0.309367146912807	-0.43725446788901995	0.9577287213803589	-0.09358127423000519	0.08829262960393883	0.45536002196838615	0.11660686049968746	0.21342108558740408	0.30058711992514936	-0.19912425267065606	0.5801145550919895	0.5737805171427452	-0.20214814976090972	0.6034539678799479	0.15432405739115077	-0.37748215152584474	-0.013600137035686266	-0.17100934631543496	0.8303155532670811	-0.2741053933273238	-0.8347034154573459	-0.27189732971382113	-0.6071514874203437	0.23257878151747433	0.3154926212093274	-0.1185700800041662	1.2090866209102022	-0.24763003314822404	0.5293285063814168	-0.38961670866512554	-0.4112230879241681	-0.5678808583215661	-0.4991407080479773	-0.861865523311343	0.22220337470138235	-0.24909569687094127	0.05925221104271915	-0.5345716781615166	-0.9313962106815039	-0.3495318960949238	-0.83907191494967	-0.01237569944463129	0.5961195281602835	-0.48299921684834896	-0.7339244072091143	-0.026783348314823815	0.44646454496364585	0.672119144370252	0.08538592052258416	-0.2643503939038092	-0.5471970148165634	0.7934406526747978	0.12177494925795383	0.2525706262904192	0.12807919209604532	0.14310485597152917	0.18063678232052624
DTXSID2024878	-3.766981841593951	-3.101193091702426	1.445767020811969	0.9118792885763376	-0.7555824861251121	0.8935296568485807	0.246807435810558	-1.4106449455085037	-0.18087917719350396	0.8581813461474505	-0.08282529811845914	1.0675459539070187	1.737503204935747	0.45374395449771215	0.7662328574331487	3.3246005858430014	3.2243886993836512	-1.979817515295826	0.890379682558375	1.8631130845893915	-0.6479316711130103	-1.1260017757887046	-1.9343781627879986	-0.3861603901129917	-0.44088011227291257	0.6748783615485403	-1.1555165023591774	-0.1122944579913753	-0.7426309863114977	0.4586009325049226	0.95880301193413	-0.1990398135310078	-0.13251885956468631	-0.7634301126386089	0.27944320533768063	-0.6101453721606256	-0.41015466948854196	1.063206710601445	0.10067915623651258	0.6578508246018173	0.6776844061610239	-0.19583628258899088	-0.6808020670060656	0.11055451153222884	0.865556382093721	-1.009319529989031	-0.38141549446707435	0.05893278162429148	0.3788588089333798	-0.34797221878301643	0.19152216794594742	-0.16590563127706318	-0.47296261879321133	0.05019587452160534	-0.63571618304891	0.05020970409623347	0.2299623533275341	0.193951207465813	1.3851070648754655	0.24647496829285592	0.09054794015519291	-1.0553247289969467	-1.017647476391357	0.40650134604668137	-0.12084131494033466	-0.5029178534069761	0.28132789751125487	0.47230283963783415	-0.27396786342109947	0.31588719500474177	-0.2258468982371746	-0.5849549510198475	-0.8953085041107515	-0.7736746775029479	-0.6537905297703647	0.003478949765322465	0.5799958396378819	-0.06857726491485105	-0.15844585352037535	0.2903779402101373	0.4926134446005158	-0.5294221857798767	0.17974135796084167	-0.06409752848630244	0.2467901787265746	0.019190316997009783	0.754103957196298	0.35639475886620936	0.18282579301570356	0.24839320649990168	0.2042153889887092	0.15587662906983454	-0.3633958136587793	-0.39002757245560593	0.87418028108288	0.9322000912937427	-0.21410216844734364	-0.36137852586861496	-0.5312879871545874	0.7933298554326006
DTXSID0047246	8.320726764833756	1.9285990291996755	-1.5493002498856605	0.0759874186866513	0.870599618970881	-1.1386675090006713	-0.6978771906977104	-0.02787256134353489	-0.30116676409820897	1.5889071149236758	-4.873927196404222	1.360833175125453	5.599162544289053	-1.2004785760611607	1.6272357750498025	2.697909315634926	1.5908524539623154	-1.2940266491762007	-0.6692440857778278	-0.8237776981761771	2.2504059751873164	3.243788860154025	2.6100230840335192	-2.4679770135620114	3.379268212935642	1.9201175521511125	-1.3963055368561896	0.11444046917272636	-1.1810017415373835	-0.11730837905389116	1.5327804304140373	-1.9518513796283894	1.2565382432256038	1.2903297542679413	-0.5238883882429722	-0.5150299914091384	-1.000238370463498	-0.3080129840289108	1.7205759735029387	-1.3506132937132111	-0.647448349813586	-3.0218237702756667	2.747123645485955	-3.4017234421242977	-2.437039207508949	0.5905829180000387	-2.103913567817175	-1.4614643215659153	1.2176517727215774	-1.6890146382139908	0.5606037134566294	2.004507073387697	-0.8929727218285597	0.13345992606283452	-1.896094636752191	-0.6203556942726719	-0.9354370944480732	-1.1457699562568198	-2.254560813074576	-0.07031383280798242	-2.484792350853568	2.149372728063217	-1.3394552680863763	1.5913818420226746	-0.017071356883499342	-1.1892898481106358	-0.9061862559506351	-1.2974606705221832	0.9623903561929341	1.7602417155737538	-0.6933280333300643	-0.7156034133469367	-0.9078516192020952	0.6821452569899118	-0.14824925293848473	-2.8994591501513525	0.7870355442942693	1.1907180230718526	-0.8086490104456341	0.6147034593974422	-1.2873294010700258	-1.6103196996118496	0.6242923853804437	0.5536183022971544	0.4765040214742304	-0.25584376813058185	-0.36230508354572344	0.16334057942776564	-0.6943829730833817	1.4878688124411639	-0.29679144846884725	-0.28298472733999636	0.9604739243559853	-1.0789407092783763	-0.7474232417240351	1.865883639362237	1.4538652032268808	-3.2231626539676186	-1.8592301911957692	-2.011662722946076
DTXSID7046966	12.688685958284497	-2.3877997452492252	-2.641546138463495	-1.8059153319700532	-0.859598829347213	-6.128248022441366	5.013736359168706	2.235175193461778	0.7059481701852366	9.926388136691287	0.20268945262787302	1.6369853194564736	4.281228395647222	-0.9736195394006808	2.4404228046583354	7.530896842717259	1.4579970746288353	-4.9690613621464	1.7988413466967883	9.279009420297717	7.471295832288182	0.405270348099365	3.633720641629846	-0.46678381221351967	1.980339380789961	-3.9907683090188564	1.1796051104862955	0.5072882629967677	0.2888206546088876	-2.32504512798218	-1.9831308138233676	-0.5844574706096267	-0.3472940283913402	1.9792544160583498	-0.2348435326519092	-0.5978514516191777	2.2200866969741817	0.5562702177882984	0.0024921044630603893	-0.5828296525740214	0.18451529510833922	0.7481258941175335	-0.10906602685336717	1.1530402904265775	-0.5849658927412554	1.3889493857535051	1.9234306820981761	0.04422724401472097	-0.9684713605568855	0.908050694342312	0.0031262610872557334	2.2352736403952127	0.330299203538334	-0.6718568733816083	1.4475500973882407	-1.5895392313302057	-2.000543373053933	0.35957389491229075	2.063890463244334	-1.6733038276295502	1.629434988504864	2.7747261738544062	0.39622986302332786	-0.22549483233040302	-0.6752156677324265	2.0921442081511255	-0.32752095155789507	-2.1672652332163773	-1.4531810050928486	-2.9608747090053034	1.273384971497018	-1.0501805299877947	0.6230387884512437	0.08068541087043996	0.4161043258142251	-0.7186927560435835	-1.7528628471367869	1.486668364911967	5.27878794348384	2.138992629568291	-1.3405950686924353	2.540466674869735	1.491945012229004	0.5389981698540608	-2.0425486200880574	6.977580363592707	-4.1688547913493945	0.1645976212692961	0.1346585725462786	0.8676884342022796	-2.478940505413412	0.9999534632331915	0.3567948453610334	0.11900840929670839	0.8253597148146995	0.2456524202398448	-0.2402436907710036	-1.3729084039613628	0.42007731245463825	-0.003551280177338947
DTXSID4052558	4.337894274604663	3.07104841304246	-4.071989377950003	3.7983282259397346	-1.3673749975019325	2.1544761927629796	-9.883282421925157	-9.052958940135698	-5.970845414494431	-3.2671542005414724	-13.83304853079759	-1.4353867839396715	15.78902066673815	0.05097508661922895	0.04246003692183624	-0.9524615433024118	-8.074710900762518	-1.3216743495055499	-2.9743180733548535	3.981272083544295	1.3013968628298667	4.31224121093177	0.5608624046082976	-3.3125210423141276	2.9107956300247046	2.510786712563414	1.181058628734559	0.9944212759667952	-1.444924259683593	-0.7277356568488684	-1.600659906793168	0.9217676215276805	-0.5441392482953861	1.2281870611770562	-0.2718572748313818	-1.4360741029563626	-3.098614012463267	0.5165908312005844	-0.014246972075106374	-0.551258546296812	0.10075052779264904	0.5448597038582337	0.5545923739328944	-0.1060135350706782	1.516743781022831	-0.49300664935481786	-0.1121136098289887	-0.11990437738962875	-0.6865238882614804	0.7306737272407101	0.1829900568603451	-0.5259384523994893	1.037532649851775	0.6725680202947131	-0.0020744932109601284	0.36579055772006724	1.0518588636854642	0.3714547367696486	0.3530994745511162	-0.17027031345077648	0.2552625691705305	0.5025196637235115	-0.5343620834492186	1.1308200039586125	0.9922956995400655	-0.8268761819092398	0.9204347276918958	-0.9626350419182564	2.2157449216295757	-0.3407979889974948	-1.7057516386810585	-0.9641816963665533	0.7408140707965919	-0.2085894756819284	-0.8486169767079851	-0.008989903169504957	0.362803249231475	-0.4882838249082658	-1.3122639929396562	0.749588681155923	0.5867832270360355	-0.9145005386120985	0.17463744270123677	0.4024916414004634	0.11980685925144058	0.8563679349058242	1.2616297213786722	0.7438871897281809	0.1352744694629657	-1.2370550688681592	-1.466874108251373	-0.5838608024858064	-0.03680431328413785	-1.1233382620201817	0.42952863460708707	-0.24721003693639332	-1.4057693146773043	-0.37393751328386365	0.628122463744445	-0.0748598097171735
DTXSID7049211	0.43656362828873047	4.008713592692411	-0.685605559510408	1.7335400389467084	3.1408950308090913	0.13388404962673076	-2.6662859530691945	-1.7821629212183687	0.08057714822305449	-0.5926256407636797	1.6746928906597103	6.853548512846962	-1.582712309871902	-1.574669219634403	-1.167178400328269	0.19389355504364997	-1.3710331348267368	-0.11599716613066262	-0.5560250514066755	0.37377023854727637	0.1303273905405486	0.06849464848826368	0.3610059567827722	0.25857791032202315	-0.3854213370608892	0.1116173613554911	1.0391330831717545	-0.4406191458730937	0.22804419021465347	0.2564481995410796	0.2845853598001011	0.02712014058277944	0.0026444514952622586	0.2766714581956122	-1.2036222671341723	-0.21016837009204117	0.6992802078551715	-0.026316598894548484	-0.5174027335962567	-0.1789933216124871	0.46077119040641096	-0.1400927974588082	-0.3023809773560095	0.295038422509656	-0.6235894708285805	0.34614194456348113	0.3136852480803195	0.10000862685648006	0.057929652485972004	0.4352817236657364	-0.2310005585972228	0.12471233123939471	-0.45035369833626016	0.10985366325311495	0.18546383148613454	-0.04469825854440713	-0.19432797561635393	0.193801160371291	-1.0553060468098203	-0.6512223901688649	-0.2185319396433136	-0.14333355990556407	0.3032983638125961	0.7217089837752435	-0.7066514146845303	-0.5137581165393234	0.05743715624431915	-0.41029520380734996	-0.905813400186266	-0.20858962830483746	-0.09324405740878287	-0.6388602516101842	0.030329476469435308	-0.22379655348977662	0.983594058713675	-0.3803689144328689	0.2794713229825934	-0.8234952820637805	0.0973778715685785	-0.5502061547125033	0.45980242641582836	-0.290961760890033	-0.14671810363911947	0.040752236259693264	-0.4520559197285377	0.7812086804160443	1.6496019080491007	-0.13295998305632561	1.3222564952857945	0.5961847929442434	-0.6968356694779815	-0.17183592067861767	0.4384666330799575	0.15767965737009096	0.596281089481406	-0.53007863884346	0.5036634258417719	0.1522874891977595	0.07883894912584939	-0.36828140039173074
DTXSID7026526	-2.6025115702794777	-0.25689266267461364	-2.3512855862225606	0.4003824113145676	0.27164216823864284	0.5459958809376303	-0.3001405781868004	-1.7615298228637857	0.6570156288647141	3.0104404862222833	-0.351199882286734	0.041844387120059785	-0.911613901839494	0.7668023812482423	-0.9428746518812459	-1.6570172714783737	0.9911597648873293	0.24500454372047567	0.21974698585977862	-0.4301975294264308	0.8136766357212057	-0.33876759052392413	0.8611379504372113	-0.04902668150952021	0.624600178655214	0.03953108742997662	-0.7335464523144819	-0.3654916028344014	-0.5687619061530732	0.23998187582928507	0.9441228985582438	0.5448851320401435	0.8987698237603837	0.041586104257130684	0.4491870713272967	-0.08981775439887985	-0.001907042044108331	0.42041437812075316	-0.12612635994683577	0.4449903649891676	-0.17255728369943046	0.02503307021574957	0.3134724654468438	-0.2042246982340022	-0.14062378291011451	-0.17854069917800983	0.22891604346378613	-0.4678212478748149	-0.32899820201565266	-0.3166101739991275	-0.1699451459424626	-0.2714306897640187	-0.01377425919391396	-0.3027413227204331	-0.41409504519777535	0.3464120065257311	-0.0933782004851441	-0.2804234635143175	-0.40303499372834495	-0.44071305207794176	0.6728574211378945	0.15764459793508234	0.09442860291931017	0.18107339035798908	0.49499756250862903	-0.061703315010574314	-0.08642598508620891	0.43697463252692564	-0.23929765419433227	-0.6992462047325805	0.310767577768058	-0.10769110017475488	-0.5837238099749162	-0.3789736227361202	0.06613191482703203	-1.1986033976491306	0.02680863082784448	0.7345307982475049	0.35963652503848265	0.3529823386514196	-1.0437869652402638	0.343832489901753	0.028555041564412853	-0.1086885546375005	0.624409353822726	-0.36892624360575244	0.028575117045564983	0.24110823764102318	0.36288373823226155	0.8866323775532702	-0.42731310497357083	-1.0612195744889006	0.4931974604390074	-0.5828488793548621	-0.3658486983764501	0.19083049205423866	0.18222549229111684	0.49412994900129625	-0.20608412171339416	-0.26553337025559737
DTXSID0022725	9.092382519667927	9.685308942176123	-6.064235043289807	5.032595591270181	0.40851544451435284	-4.15099605852296	8.703819872956464	-3.097116460308839	-4.116440494740707	-5.757627728264718	3.3627870094788626	-2.0707022668187616	2.554233926375016	-0.861305964395438	-0.6939767594012007	2.234522257271941	-2.4484730991091146	1.6458387465626778	4.927022456988054	-0.9669754302923943	-0.919431205335454	0.41032724647206265	-4.398151852562785	0.5193905183808097	-2.3379205710283566	1.7029213212173036	-1.2755326100924895	-0.4421758845787027	1.0467571833607505	-0.30473714381228084	0.8669634057521769	-1.3765193205185966	-2.3633047680676342	-2.6635062593938987	0.7072210437337074	-2.012093137850749	2.343478510970007	-1.3200133086547614	-4.593572161570232	-2.2372302841603755	1.6503188596672982	3.6650085423190526	-5.783407027687908	-5.353896775037326	2.901285655724061	0.30248349378303796	-10.633786644884717	-10.883356898088516	0.529114374484694	-5.811793771484986	-9.155651964531295	15.14898770291069	10.091506280278702	2.080080455904116	7.128822152025147	7.291114788583522	-6.020832291233342	-6.059750076449273	0.5380410809441161	-3.4359842759662156	5.305583473396707	0.9900210524835351	2.544782097949633	-0.5460880144903528	-0.13410331106080886	-0.04028383442065058	4.6692408469475515	-1.4391819802612227	-2.924841108777811	1.6041592782268281	-1.4307157663185701	-0.8076443302411145	-0.5954545725003187	-2.9441019849864176	2.7511106667458183	-0.2666549662019641	-1.8046076508862134	-0.5697517979857291	-1.1713149320258676	-1.2837803049064371	-0.9181798249703557	-1.4837524994853328	1.0292521369844838	1.8065137344155606	-0.6605780195026874	-0.0979490271404256	0.7968847031198935	-0.5335218133255066	-2.098716916681079	-0.6736855306897449	0.19475102396175126	-0.14772443136014435	0.6544388600392569	-0.8670149319622735	-0.019989487191071333	1.2422764800402601	-0.6757084156400048	0.036738840586897026	-1.319930790145751	-0.508907327586003
DTXSID7047857	18.25394884784212	-1.9850295366740538	-1.8537646152750196	4.588475216626685	3.9076813827882875	-0.07314395816151832	-2.2513975140794433	-0.1957291993796454	-1.0837574701531043	-0.8912020437909202	-2.9269411193223918	0.7528748995617954	4.151712798002564	0.26388936814315866	1.4304591409494054	2.8022488406101376	-5.947229002130927	0.22662814368398004	-4.556521631377044	3.1581137410189077	1.8442545395991898	-0.05355751107807113	2.583672674711969	-0.7177875159310011	-2.1807490586087317	2.4052449289354367	1.2502446550449142	0.9405097604447399	-1.954881108989375	-1.4798208348514923	-0.8637498040797947	0.8231606573041129	0.34619032438652336	1.1979818385090006	1.752731225850491	-0.6795299788464652	-1.159976424811724	0.7525467487422839	-1.31466707286919	-0.7070193494634718	1.426182915167395	1.010487358044539	0.10279212862394735	-1.9580194707875347	1.0038058601691984	0.42692190716470285	-0.08873073228729633	-0.006626930302652244	-0.7603302614796674	-0.4542131276680596	-0.23706116408904818	0.1308054567822397	0.2275570084149204	0.35940527233402236	-0.3330640464196046	-0.11407117454215017	1.286380429309789	1.9884739627207737	-1.037026644355402	-0.3909295825430747	0.04384996953980668	-0.49927507372852425	-1.6624069420722007	-1.1324609070446854	0.21661720709263407	1.1351815574307293	0.2668129310308432	-0.05422568670068896	0.8146260671022176	-2.3729207482639487	-0.4522101358148563	0.48245930012282573	-1.038869116974718	-1.3466879852055933	0.21457617559829065	-2.172454558771486	-1.837823570453603	-0.45295800600212444	1.8880711376749775	0.11222479965203058	-1.5167008033977851	2.089675282729165	-0.2921562112667103	0.9828332269608743	-0.05787722202448616	3.6700089890929144	-0.10495433178298269	0.32807834643762	-1.117308762133687	0.567885618646029	-1.7761218764766653	0.03408367156456729	-1.2117463457381794	-2.4012241761855058	0.15784957632390598	0.4404137353006358	-0.3793688225361605	-0.18259352781679816	-0.3097596425293557	-0.5864479708418012
DTXSID6046341	2.84735750425588	0.11911189482810339	-5.1658986096325075	2.0276841205375638	1.112753965614863	-1.8941722833651513	7.230494647764654	2.5184139010079285	-3.9727507192254805	6.246383181446895	-0.8187896839254784	1.3821086212652651	2.8866687140644256	3.36853640669997	2.368018608800303	7.152979555956631	7.275922733932854	-6.331358488559125	-2.8328825740305654	1.7854953309709236	0.5014614652564413	6.686251782211881	1.6991159323478846	-1.4648198318487449	-0.751170572072177	1.3828675096406384	0.04000637406986984	2.679865775884431	0.2481020985999852	0.1905578205749097	-0.7906460410879136	-3.827172688702213	1.874508020208231	2.731115654223127	-1.721816815560534	1.0853140173294322	1.8466011386644634	1.7068801028263754	-0.7334548098580748	-0.6135014100988717	-1.3684448054500402	1.5492484441417413	-0.6210644795898792	0.909889607167641	-1.2697176265033359	2.0344435456716585	1.092700792373836	0.04495989301804787	-0.9346709123392165	1.5645745045137673	0.20756793587647282	2.1347290156282903	0.5235439379819957	0.027475265160133856	2.8140619189230502	-0.6700335543191034	1.3524239261681688	3.359914084194257	1.098316244597053	-1.3590575981227913	-0.23109784274306336	2.147671078067005	2.097793670824216	1.217583448724578	-1.482535621910599	1.259305606305606	-2.5860053101212728	-1.1425582682886697	-2.4585717981457393	-1.1069875802132878	-0.86653508823374	-1.4114398186125976	-2.31190932123439	2.098022926242723	0.04008164973600012	-0.822385834417817	0.12631050716560066	-0.6704744039154783	-1.0022851729574305	1.1327309472510747	0.38786237001753293	0.19962399252122387	2.101827559198475	0.8157170104457707	-1.9419010994337342	-1.1130917153275472	-2.1345849464810547	-0.6641957491495554	0.6478472065791625	-1.6562149091444127	-2.2599480738116497	1.9147045751543355	1.1024299232566934	1.2034163207527286	-0.600340610634695	-1.7116285123619068	-4.366719671862856	6.710280788838313	0.0623665424141665	5.062724383943557
DTXSID4023252	6.741571271983735	2.179838832545705	-0.01818756387316581	-0.18003830473827726	-2.0298707399882905	-2.526782903226393	-0.6997554433108472	1.0523593653893841	2.85711911707648	-2.2323838058248167	0.15577741810290788	-0.4298626346059965	-2.9397456914375044	0.8903266036373784	5.318611322131453	0.5994310181212454	-3.24819551763373	-1.3405610751414987	-0.9049167116781845	4.807549754691892	4.327265060984753	-1.7539580016528054	2.259981306280234	2.7339086122624474	-4.084775031565927	0.14136846686484783	-1.7710315254927165	-0.8040372352849587	-2.311772709947441	-1.7491254670000491	-2.073728364725236	-0.0316166212259221	-0.9686962088404789	1.1453740241940322	1.040364921712684	-1.1942683528781879	0.6678381865281232	0.2147510374644343	-2.050243805976249	-0.007020082516760798	0.02144862401394697	1.0382748647773037	0.9492523412936187	0.00183986326056099	0.26874815525208146	-0.13557239354461162	0.3165577384315836	-0.7547927179439337	-0.16698572100662687	0.09200180621719045	-0.040680165094248516	0.24351221074017818	0.5409508506107334	-0.6639204755766734	-1.158328063204291	-0.25723783960971147	-0.3167066577480682	0.972448289658091	-1.3331585792012375	0.13487214479754983	-0.2416341941795212	0.17550215122418727	-0.08873243229144927	0.3241666676533556	0.07968102441042418	-0.44371354247424183	-0.54000575878505	-0.5750512402433009	-0.10258145470179429	-1.2199481754724035	1.4276874122293268	-0.35731637288105117	0.7939530947574885	0.03159761507167592	-0.2858014722361989	-0.8336776498870332	0.07087142961970125	-2.4706542765612336	-1.5293113669834795	0.6416375769584282	1.1489822027890186	-0.14935115670157464	-0.5058966758870724	0.12392288503653508	0.025541729297283464	-0.5683489790164629	1.0119901485416676	0.9068818678607783	0.3880754205172505	0.06538432015809105	-0.6145294152446085	0.41521997686463397	0.3163677709947493	-0.3557397583293188	-0.903195684719955	1.9164508634598962	0.46965167055337087	0.7057279148282003	-1.1906169205674322	0.21624911141723185
DTXSID8042181	-3.135617502859123	0.7386022976140714	-0.13933028069530048	1.1024194476054094	1.4605586932831154	0.35574444895210683	-0.20516092046113257	1.744501544373366	0.8717137170368282	0.5638591512013107	-0.6672499843562962	-0.22852632302415274	0.4714871197491096	0.25790988937651405	0.3945651069902153	-0.23888017414354445	0.46693534629616185	0.22527697500410426	-0.602087313355767	-0.8938160592246018	0.3139827875503308	-0.6572699347940646	1.2090391661868314	0.37027742793614266	0.4523303380669593	-0.42935028908583833	0.11292220727640977	-1.120418831489576	-0.2883809862277827	0.2509903250606028	-0.4842303976896677	0.06325506827695833	0.3983910645018877	-0.6231762340032959	0.7565837336365852	0.5883402999608881	-0.4261583126597637	0.18959295005272753	0.40463190286503303	0.3687912503885627	-0.03624998440546271	0.5836323427406195	-0.3176460284637874	0.5544638821187958	0.0918031375277893	0.21127866728676872	0.28372643231090344	-0.0645551498465418	-0.018174731685931683	0.4452483497111626	0.26661405957428885	0.18740999682508067	0.3736543851335521	0.06517259319469093	-0.08538435987471786	-0.3567392774866308	0.06323982483719964	-0.18204090723215563	0.010617420537349606	0.2478625629502581	0.4752443636781235	0.03733849990640359	-0.2778746432598073	-0.13870647766730235	0.012151109918257927	-0.1275786802138044	0.02449873259529462	0.7713466017941989	0.4137605226304262	0.6950677968962968	-0.1109996405756056	0.6959698495405646	-0.5139189403030684	1.1444467255418325	0.19913422644802778	-0.07750905792148244	-0.39253953761629473	-0.22222073143217946	0.07382551740924094	-0.2824399154491561	0.2934476101976087	0.09426570770844343	0.7415037012819677	-0.36562437383143553	-0.6214066940179165	-0.022915724673152924	0.7014381850844664	-0.14364759312247663	-0.4219478893386506	0.14362854714334963	0.5803765705826514	-0.41345343086370684	0.08448044036791527	0.22160659676844327	-0.11073962636988254	0.0661083756835936	-0.14009448835806965	-0.03036521092210498	0.005058014648393204	-0.4360657944474606
DTXSID4044408	-3.4375387339625196	-3.890740385048152	-0.5122775697300659	0.8890901174829389	-1.5137155357898096	-1.4895295954143073	1.5305529576541361	1.0569990441433215	0.6057973144332948	0.9340147283176403	-0.7759458769829092	0.44569647345867974	-1.2616392060504356	2.0110043182186557	2.9259418166237707	-0.8059559194017615	-1.1955292195984106	0.6574858319065412	0.12928588297094723	0.22590017646230803	0.8420936346959946	-0.1692309427092195	0.750370273308381	-0.8306042047242831	1.3590027890184506	3.2642347380167456	0.6634984221990905	2.7894566888931953	2.999132367952223	0.17723364200798522	1.1859143031426318	0.28670386186156094	2.16519919863411	0.8029554548474189	-3.1442376713199787	-0.01386472171922694	-1.8000633661349916	3.733650630245741	0.9563824073106802	3.52585453891051	-0.3539424057455061	-0.9137553367775142	-3.556106230316064	-0.0720719482227521	1.0840024706986018	-0.5287843088158225	-5.688945361024563	2.209756294526338	-3.2644713592664787	9.819786490307033	-1.4355167906090265	-0.9419662631487936	-0.42585411320175454	-4.554441232448532	-2.091073540147189	2.775930484526466	-4.27622797940976	-4.885540414720289	-0.6119415882388122	-1.533163804488308	-2.5195067562612197	4.207829661765607	-4.591882915417035	-0.7766850974760509	-0.5536536679339353	3.967923952697298	0.42458270998999514	1.6854371383404774	-0.1784155847811694	-0.7412149258643589	0.7321056261305222	-0.6082959252446662	1.5061765892417014	-2.7867077776602587	-0.930118086777563	0.3330081739137484	0.19106742743579785	-0.7570517258862469	-1.4357755684044147	-1.8904312700116683	0.741989316175309	1.6170410938188708	1.6908408137001283	-1.5289892690618523	-0.6964689235126234	0.5786952726935742	-1.0493619174209474	0.44460102995320777	0.34312766839385794	-0.6653255051295335	0.36731734382040926	0.26295481572933027	1.042525861461709	0.9933475133569778	0.4759485260461755	-0.8254618101462136	-0.3372653115503116	-0.1613795471530778	0.020495014190806488	-0.2736608607319569
DTXSID8044549	-4.059608892717564	-2.868393130866855	-2.7420926139087185	-2.694075951511409	0.10429403152994456	1.165223743821931	-1.2845125137063207	-2.029294200781854	-3.4917095419900654	1.1922992493495044	-1.8737856430317499	-0.32800620266374264	-1.7595270540841386	-2.018280673172766	3.072289556045782	7.515509639573718	5.589989699634526	-6.013013825886123	2.990631610797742	3.548358811690819	-2.7169069509889687	-2.490957325778663	-1.546363660332073	-0.789629261838807	-0.904666705480353	0.3627513378682534	-1.1611722636135038	-2.3361552887179493	-1.6760289430810535	2.0865896730780493	1.4621627456636554	-1.5181117975765643	1.1507865276380917	-0.7882221265436199	0.6869455830638224	-1.253094717282974	-1.9544971514306122	1.8028980629601574	-0.31423819286977844	1.2818841193395054	1.44432702067018	-0.6713491497645814	-1.2944712422857523	0.615911428279817	1.3605399085956615	-2.1644024163813858	-0.9965484055183856	0.11959412603851678	0.362352266586764	-0.45181819035072546	0.41365628642181435	-0.8793467048230891	-0.3654728962567295	0.2725140820715298	-0.9685507687503572	0.7156031619101083	0.755544690675	0.8095730526791453	2.697931405155696	0.20006058625745912	0.47218859225464715	-1.5146849427058775	-2.516052409671141	1.7442983009871469	0.3327518405215594	-2.696422776883873	-0.5080865907106563	1.4864068019154826	0.18185154220932076	0.33169846937278813	-1.502610637464124	-1.2074324248424155	-1.4715793154863266	-2.319295436943431	-0.8962065520991789	0.29397667989571735	0.977817613894312	-0.6545841954360843	-0.15222390402372687	0.5571278596828243	0.5294095032480618	-0.5365610272565032	-0.7011236914581187	-0.060234752640782104	-0.22035223949473928	0.5023212907815665	-0.21410790155527687	0.11784237029792861	0.3856510517795618	0.4954260872916192	1.1670412563646861	0.7272544940072576	0.12259767801085542	0.46412945781253334	-0.9827703541384434	0.25276785308505484	-0.35545378799796645	-0.8765608246025923	0.2778591244168909	0.17574174466391962
DTXSID8045515	6.803591731930998	1.1278573740163378	-2.8139711708128194	-0.39140405428220326	1.53997835245576	-2.9775291278001355	-0.6305545100502775	3.5939725232834117	0.014565365471788582	-0.4695905381680327	-2.4155421656094918	-0.0724671929212849	1.483931845368498	2.7338765049875144	2.6068302465948157	1.8904512799191884	-2.2249172255543703	1.5555012814562337	-0.4560103433004195	-0.7925883651597816	-0.8507574076058724	-1.7893002213087803	-0.08227812824417169	0.6125986509206824	-1.2985691618981827	-0.5856918504861907	0.6876843134273967	-0.5378223998212512	0.5356295114863548	-1.1610008831249048	0.2667487683610288	-1.8507110621240803	-0.05006702502018629	-3.5290920086415127	0.5080566688652969	1.768544773043234	1.5365898611648616	0.883642009890003	1.9224224219650432	-5.92744616360178	3.03089547174684	-2.4685000407981983	-1.8094657104474206	1.9680167709445187	-0.8606505436957824	1.4442736753595902	0.928083348502711	-0.26889643532254165	-2.1392399155116757	-2.059654872455922	-1.852752811549094	-4.309899459642145	-1.5970108537766845	1.205380508372607	5.091680466911295	4.214221386372783	-0.8583884742663411	0.14107978320863596	0.9746840016650873	-4.598683646391015	-4.027179554488005	-1.9611414842064119	-3.0689008898375945	0.8539041611464426	3.99450021869452	0.5981218512581984	-3.4415559302742937	-1.614729895358657	-0.9294657988234761	0.3833089103085837	0.02271355715993764	0.13025953360183845	0.07234574656274957	0.07874787037545045	0.17822166232247716	0.0344583592017731	-0.8405948699481571	0.24658209934773623	0.8021175890996548	-1.6054652193613543	-0.589417721251577	-0.6507667353857831	1.0108474233321338	-1.486217730278899	-1.963567001291319	-0.48931378208809534	1.2436754698980403	-1.4373651565392767	-0.4941610383208742	-1.6633955335915864	0.5972917181571611	-1.2227734708373894	-0.6406870182956392	1.162800091730625	0.4545846104709367	-0.8618316131161986	-0.5125612341910036	0.2770168574672891	0.6792975033713328	-1.4305627731092923
DTXSID9024986	0.06755515253792144	4.142082970978213	-0.6866428967966963	-1.5156263663239042	-1.5559872859903694	2.896127062061266	-0.9441338567611454	1.8222992209415765	-0.013166576975507749	-0.526049090159663	-0.16146734042921418	-0.27934292599998845	-1.0865496138802109	-1.1461376599654334	-1.2557234655244798	-0.9247065129047338	1.4658825696547324	0.8674488068471775	-2.511323896661319	0.42363398906787386	2.644607370131905	-0.6898404993724377	-3.2055335136960212	-0.08034061001938916	1.4319125698475985	0.0756106094549945	0.043299865718218034	-1.6297322115254775	-0.3168576239604931	-0.5528500658947557	-0.15310537509123853	-0.36260940029577166	-1.4300328371794409	0.2112254458700615	-2.742129205246068	-0.0006477702847110176	0.26303391687604705	-0.4353937735804005	0.2862355806689166	2.732014732422015	2.2087777635518386	-1.7868284217761905	-0.20231157743608727	2.911104863023025	1.0336162092796826	-1.0861019210630765	3.2954124338225816	-1.5478153466176299	0.9889437957385927	-0.607854129427942	0.3579731322995493	2.594779561954428	0.35197742038775054	-1.6457135017271458	1.0257132845622026	3.504791706038601	-0.09707760510465045	1.91335674093078	-2.399243428546368	1.9213609228235622	-1.3574067960110543	0.27265419801414603	-2.156698499279877	-2.1389447858524324	-0.5332462698880357	0.03299868641438395	-0.4345753240228266	0.8121147989824468	0.0732274066588598	-0.9972511066377836	0.305253026833143	0.39216626133350363	-0.34444600916679907	1.7665049968758937	-0.20648016747652828	0.2552014086778135	1.0648744716601501	-0.5774279774484183	-0.22170678600638538	-0.040030585999653735	-0.7765275040329123	0.7002898608926995	0.5372252546146287	0.5367221058812824	-0.6557801912112968	0.13932648712582063	-0.29694929702700673	-0.37414606808811124	-0.4862079969273999	0.6907658488554774	0.510874947751928	-0.12560604327008834	-0.8649279688508742	-0.5470117009606636	-0.2505439113997211	-0.7779357458977298	-0.35253488234413954	-0.5981094803738036	-0.22584683868444297	0.522773319620703
DTXSID8044670	-0.4990283286838204	1.5310225767811212	-1.972921693492387	0.8765487848316428	-1.2363086715307445	1.6760426812852016	1.6438421671467158	4.373644935920273	-1.0420858766336263	1.7157867332419103	-0.1306971700162083	0.6831342966386995	1.099747544107263	0.6799064712491976	0.9692798254331072	2.444453857588452	1.8789390015295497	-1.4087378603057843	-0.7372005363772978	-0.07837705670612295	2.7923003329838405	3.6763644130869597	1.6340714560619372	0.8399296462695155	-0.446614607838983	-1.4977362963341347	1.7326714136160823	0.48345949983241693	1.9708335598992077	-0.853074790419729	-0.8631362879123902	-0.8613961398396391	1.0602122755233305	0.31869572097149423	-0.25681714167120434	2.2364909127570543	0.2414007352856695	0.6482639227215155	0.013495570152484272	-0.007875963597873946	-1.0244064346860668	0.2877265517002055	0.20270144857191683	0.2693060712411345	0.14577641419638612	0.7427663983883617	1.3781387505945073	0.1834440065218644	-0.35096655458826864	0.6052940719154324	-0.18711145574597127	1.2645999371532943	0.6800632838328979	-0.242835279318186	0.42903112288860634	-0.18046806066611376	-0.6009105148485719	-0.24707227966864723	0.2906335678020231	0.4333361557141837	0.030809602933899692	-0.16245815670253685	1.870394385055862	-0.4850561326444601	-0.5100633822712723	0.8104207008427905	0.2534728418001786	-1.1792393444873124	1.0672730798366878	-0.13647634556949717	-0.23651898397088178	0.6725858816479044	-0.10561651520667899	-0.7414777205167945	0.15038190657584533	0.3523122052843157	1.0783945792749297	1.4547423874659908	0.4038722490292218	-0.054394818757888104	-1.1407915188488955	0.012133309782212658	-1.011836502774409	0.44004863925736126	-0.32428044480029816	0.20440251999754797	0.23835517956350843	0.4408530472262551	0.5815257251102536	-0.9107257071138273	0.18674950291365727	0.6046615922625646	-0.11733076032984381	1.085368791722164	-0.24308148688866585	-0.9930264500768891	-1.8666029040262213	3.8229132453032726	0.07817893744636391	1.899183151126206
DTXSID2047802	35.178460907921476	-1.2029066046444905	-1.2099555580143329	4.6627153494987565	-1.5409862957417817	-0.2735264920570335	0.6198985088350145	4.449864837670847	-2.1337787029882276	-0.6587427047662257	-4.637176317288631	0.216613309786304	-4.458383870725441	2.125805107237826	5.76468229696125	0.49292630437144364	-3.2478864424460485	10.470735350971445	4.577018980207568	19.464256845258863	4.056594000076631	4.492059252724551	4.619115462683231	4.173188503886443	0.7444408360395466	-4.107769334338671	-4.539610449752368	-0.7519142386628351	-4.363449420162923	3.097655130226006	-0.8885852123353283	-0.04251067054919372	1.2378270824869708	2.526798715094763	3.4404098018011813	-1.7149765752820596	2.920057222050864	-2.8518861000950184	0.9303248948262408	3.120136444245474	-1.0385397753186127	2.8558815793041266	-0.37838708195366	0.5103582843935275	-2.3591477664449143	0.9861092499395233	-2.7465785039647246	3.1780168042976364	-1.2937306003915858	-1.2667835044294453	0.841310697448583	3.3384099937610636	-0.8613390226995817	5.257095502342389	4.529976924321516	-0.3714753879174233	5.018795364728168	5.027737275643933	-3.401283755971262	-3.484319472100123	-3.7150389321564274	-2.1497083225327707	-5.333544000906203	4.079764503666091	-0.32884978990216335	7.247835681249507	5.329631129601779	-0.3597592530576259	0.6500594951322748	1.1681505253060305	6.402903022822987	-0.23653017467670798	4.146421041113219	-6.047513388128597	-0.01003498418854054	-0.39944727881026265	-4.192283857185469	-4.668931363628826	-2.1503206615736596	6.276553564449271	2.567532345871789	5.8824118247865504	0.1718170922075028	4.669159486004752	2.3522343989613606	1.9769451853974214	1.8960927141982273	2.0314472355945825	-0.5488067577947258	4.023971864811989	-1.1850793914558166	-1.207416843018591	3.675277405309796	-1.0633739419314534	2.033388697943348	4.515357316537048	-4.9208242661673305	-2.3399448909441567	-3.745454182169947	1.6167028335520623
DTXSID2023640	1.6805487887551873	5.1922551250231885	3.579649796448728	1.265409065580411	-1.8903020543560123	-1.6129876468370397	0.6723203010505542	-0.7285577025755667	1.1749958961824516	-0.041982510777320334	0.722288443002899	0.37951806438914343	-0.1390093652110179	-0.7598942011027365	2.153482587126983	1.4055622336183091	-0.6436266132840062	0.6851886284616507	-0.7687706658352436	-1.1500910241364628	-0.47691265569753694	-0.9251516986825848	0.33636141643787487	0.16809312911820506	-0.5429663540810286	-0.530926071785541	0.1394958875421394	0.5811209328171485	-0.6139182417951856	-1.0678402808088292	-0.6355754637847267	0.8398863249114071	2.250509662946749	0.6410656367919287	-1.0782000106923835	-2.5474544611043193	-0.43552330584401705	-0.39252806609085217	-0.2343665737182323	0.26874375037282555	0.8598631748224257	0.9847399286953358	-0.21048759748402807	-1.3697940555436336	-0.41292456705274466	0.561201557572764	-0.6421898224362954	0.3704779274416776	0.4087122126010958	-0.22110534802461185	-0.05186150763502861	-0.49283199405115624	0.10359274164387536	0.3743685857048462	0.46395194945989826	0.9031049965250297	1.3076423012341594	1.3356982741648502	-0.7040148198152618	-0.16456669226768897	0.14400472829423824	-0.2094651109838103	-0.5409969257886262	-0.7050758729442326	0.05980276013769567	-0.06517212024998861	-0.41496118844767427	-0.7856243155391482	0.13292823966325565	1.1418867872331353	1.2367324096154018	1.0001396926330788	-0.9860185789106262	-1.361309720275432	-0.05889452438259158	-0.3648137475811715	-0.0712312973188659	0.3298127913733436	0.11790686565543118	0.5104493788581251	0.5035047392082472	-0.1373821718507586	-0.0662660653838201	0.3235869574979051	0.012872774668870398	0.4623344206881764	-0.8526559249515535	0.23167009025428117	-0.5692053676303452	0.05682573544923323	1.064880351584247	-0.28991812459580774	0.735660358442051	0.7410118620089591	-0.898072879769087	-0.6415451916933942	-0.49986342787446375	0.29386305422801157	-1.3674698996290655	-0.6296896170193604
DTXSID8022117	-0.13781236044521328	-4.232811717257083	5.421019715181514	3.7735532034524746	-1.7579355084678177	3.2987788238980187	0.4328534483130495	-1.0324755775133436	1.4138031770982764	3.5925806582157374	0.2811005511723263	-1.120410916059193	-0.3125075844800098	-2.1598658499357346	-0.09472320262168271	-1.8083494052522389	-0.055058922750639866	-0.9071920612600517	1.9837834413254816	1.5300260814886666	-0.6468305231883117	1.8414851773167555	-2.678066335606712	-0.026372232873970853	1.2784883932957778	-0.29582175062958466	-0.08938707616921386	0.6173692681762973	0.645343573270655	0.3326332004597333	0.7102000008408801	-0.3318250557975849	-0.5435296295472711	-0.5511307971757875	0.6973422077658908	0.6477754573560514	-1.5497463796055282	-1.7601663292846812	-0.18124156804736952	1.9287256220467794	0.26272151069052024	0.06854183217011806	-0.8136661835989076	0.15138260973108447	0.022376802401527625	-0.47346369098846447	0.04093147667360457	0.3533031987119671	0.7541110187023413	0.03904515613915142	-0.03880935393173215	-1.1579356912467709	0.16288427079209705	-0.27726844364129255	0.3760942926936282	-0.45673361855584965	-2.0427594399209474	0.3101860916944115	0.38924873714726477	-1.618272298763016	-0.7202996227885412	-0.7423956018511992	0.493560371666724	-0.7096224021164127	0.4132970376922892	-1.7675615897671497	-0.9567619746997167	-2.533201291826487	-0.9878113265643953	-1.3766341266899094	1.274008859530486	-0.581486026543705	-0.9653057146865677	0.819243804752073	-0.6399009620514626	1.6254368621020643	-0.6771941082069697	-0.6164876917414663	-0.668817525607226	0.6781601498616605	-0.6838929546311839	1.85694455704912	1.4888350151854568	0.8041865545028098	0.7497795973633096	-0.2637011653117309	0.521317286032167	-0.7468192390161125	-1.0487889608954746	-0.7534707103784787	-0.5499526316300557	-1.0680635858478864	2.29630026762183	0.8512167816281492	2.872233387928742	-0.09905587622798415	0.06669916540250266	-1.1832390816766256	-2.827037107749742	0.7921193548546854
DTXSID4042468	-1.1870267698373391	-1.7242140461224287	0.2475300751203628	-0.8835278718352124	1.805905725843921	-1.0271326777706542	1.132165438064222	1.6069716330389465	0.11319222346228577	0.5039537348568554	-1.0624383811003701	0.4335394977470781	0.7212238959908857	0.7179138662725766	1.3999196632266895	1.4817338192146918	0.5652764786245523	0.16309989537597883	-1.085270940770031	-1.7144341000951582	-0.7849645710334423	-0.6038777188686834	0.9126133284838924	-1.164356804826474	0.09745740336539829	1.0582960633446017	-1.4896533482720806	0.8925055550264194	-1.1088237744258398	0.5202422556370866	0.16024244044308902	-0.22599087251845612	-1.4575248478734333	-0.029156226438909427	-1.5286342994550886	0.7739711981921326	1.015259245611044	-3.7776282599391617	-0.3644608672631289	0.6369702413841498	-0.5798785973302665	-2.5571730867746107	1.446167373472251	-1.7703071530273526	0.7560683504514109	0.9829436242828633	1.2664118437178093	-2.8931019257148716	-3.921118267515144	4.135048020191299	0.5513263469960433	1.3242911020029946	0.09653276983069174	6.3400438481718515	-0.3433015278273402	-1.9700264581522053	-0.7549715573245481	0.3531984075982307	-1.007897234965235	-1.2447967193402985	-0.4341939939569155	-0.020054167920746335	0.4835982167265819	-1.132241962437837	1.1077123678958238	0.27441233911254403	-1.8212868984494035	0.6641236010510216	-0.053979740520565575	1.7706018265035925	-0.16531135323405224	-1.9603807019791828	-1.6347193350904026	0.24270127571660546	-1.3534405643951757	-1.275926005492586	0.15103202697910922	-0.09739287633937989	-0.5715591265158974	0.5880612182952154	0.05672571882583313	0.7068796780265363	0.21732978894388688	-0.16306933314451896	-0.5178788530930137	0.2720677708102074	-0.26786940459059444	-1.0529075127971739	-0.13484865446197614	-0.8393178506918862	-0.002663650213337791	0.1700514346019782	1.1148895911646595	1.010333724593128	-0.12278279060601655	-0.18918117273588933	0.18707450409347778	0.014544079757891697	0.13551519780899066	-1.1556070125009574
DTXSID9020112	-1.2613319754503127	-0.3799324430535847	-2.49383151359514	0.1343985920897135	0.7368956094886012	-0.9396895589802323	5.27411531205941	1.2039468243396216	-0.4412762841512271	1.2493659434757627	-0.3747861564112958	-0.5168616589970367	1.0557645004661698	1.5478726649928676	1.0771960417578463	0.6650737595427175	-0.8626033431473042	0.5699075827175314	-1.2860751155644652	-0.3705707806461622	-0.3142089257721046	0.25527693490178405	-0.8947818910863381	-0.9915853072463017	1.129180800052203	-0.42335675278999774	0.520105526132486	-1.4158422732647598	0.3588174912650769	0.04922907258143391	-0.4141201091765103	-0.23394257926598827	0.06924996041621588	-1.5669557189087966	0.10252885943677363	1.095974575763929	-0.4025907254994923	-0.7642532396221959	-0.3060817882157405	-0.5361811584903233	0.8982493598308166	2.515924076453181	-1.1247005233062677	0.2239238530998515	1.2367855536887762	0.44489368377245325	-0.6203244819296203	-0.017362537597953642	-0.19747565147983848	0.34321601528787016	0.22353383562005552	0.15773447572010124	0.5913019427807598	0.77703294955958	-0.8969604450914146	-0.5983523800156239	0.33264991886638273	0.7446071677702627	0.11625031488485063	2.0790166260660348	-0.8983596559412564	0.6117586770606787	-0.48921699206164254	0.11283304399050595	-0.6022994300375493	0.1681319678222611	-1.1394412084960985	-0.7181506653123992	1.3118701625293592	1.272886704339871	0.03026686872075715	1.0335681375850885	0.07959241014100574	2.531323862365076	-0.5409039978959053	0.9365570237486369	-0.007633924916821127	0.3302468561708377	0.2739358128025961	-0.9351079007256672	0.4882060836710616	-0.05658501302387147	-0.12588622529476673	-0.5539186850825045	0.0983223544780843	0.15584143745498713	0.5547029275717905	0.09893115212379452	0.29930660880965326	1.170945370190395	0.12314935444705406	-0.9400655883233787	0.16079816431582353	-0.5433823139919584	0.03072584713809063	0.2530337147801467	-0.2968544505998631	-0.24714450646750272	0.1078877888046169	0.08611889036471146
DTXSID8041329	3.7126873968030716	1.6656838729944623	1.981788575259922	-2.9503180458027733	-1.5850796213216636	1.0877742099709764	-0.19731177108494272	3.962814218444321	-2.579081704768806	-1.2777218634124063	-1.2049569426794158	1.3756050304286995	0.864199140321044	1.6568126278270676	-1.3000553199523819	-1.3128267307827652	1.0084509230313579	-0.7445517677099085	1.139954357585464	-0.9353014428002641	0.7619539640289645	-0.5250297076643814	0.4175693114696129	0.9102881766445046	-1.0060739037774313	-0.4137067120049755	0.0851415163006044	-1.2802872756255363	0.36366078587688916	-0.6565072575435877	0.07060977442339221	0.4905053962588652	-0.10089043147548198	-0.4325392411502548	0.04332779510672284	-0.5063474855147335	0.5996098540614546	0.7484128461941559	0.2737329205327136	-0.7229104427313536	-0.8628501226281152	-0.0076609963998008745	-0.0495416125659566	-0.7761746484712762	0.034508465707972315	0.10249991671793261	-0.37826679416635905	0.434495847311319	-0.11926916861095353	0.39783859533611665	0.013485451022446821	0.48342838196244686	0.04311875258469086	-0.3198511518626644	0.023401794841993274	0.23914210646342762	0.4607247960741019	-0.44289496126073263	0.2668599426723606	0.7223952831550826	0.10090799739611796	-0.07153573846271556	0.40547637289835575	-1.1276521374774262	0.09534731743417288	-0.245302267010555	0.46227360059336425	-0.29877737155300876	0.476706092768918	1.0884888870443148	0.7460228333168822	0.07098753168733292	0.20173319577368695	0.08226694224140374	-0.7917757419826229	0.7239228093992337	-0.2623036256052452	0.22978444052095143	-0.7841166698544343	1.0309879491422278	0.45773189760553074	0.6251095559513736	0.5200167569691863	0.4291854719761235	-0.3056528378712099	-0.36444300411781416	0.0055309396343308755	0.4642844512693078	-0.05361374828436296	-0.0017736346994559494	-0.7806153345312181	0.8646181233582121	-0.3843499094834936	-0.021800341408027894	-0.40943629310085533	0.24010614973829147	-0.553623589112353	-0.12296136499530927	-0.16140006271956392	-0.6648375866274576
DTXSID3022617	-2.950330911235394	-2.5912355407574488	0.41785775787482415	0.7102497717101109	0.33746732257262857	-1.7634128471198376	0.5515533957138802	0.7404648531039351	0.054000585365173485	-2.049639361470329	-0.5869538316876893	0.3194979302973981	-1.295979939460305	2.8591835827030034	2.2927524931776655	-0.014204011656896082	-1.0273608675420975	-0.2088598915887995	-0.13771035533948306	-0.8657465506972389	0.20818795692699535	-0.33517877217150155	0.8058805106053386	0.2333003054212638	-0.4029331185172142	-0.36259213436491716	0.37690440662743907	1.0781229161549835	-0.510431514492833	-0.5664844968832308	-0.5993713854686584	-0.3230100062505041	1.434488212879041	-0.07430370646880985	-0.6134773575149197	-1.5195244652244158	-1.4900830765649946	-0.5712889039014004	0.2544043942149218	1.81363192102562	-0.1961066667871801	0.7832887669422414	0.30479669910543944	-0.2791284816511402	-0.40752709230428175	-0.014697239811615113	0.019985232450934014	0.042848038206252784	0.028016600140822877	-0.5278962561719184	0.05432080997314939	-0.19498611995353016	0.1718235152324421	0.2034594180896965	0.696025993474691	-0.5909426231086605	0.43800812424143165	1.1830893872632706	-0.06157478855894888	-0.8002206140386685	0.9152029458978377	-0.6797346095608777	-0.9784965535328185	-0.665534973117578	0.6508722757458638	0.48044291774565634	0.4827795671540749	-1.6258348260267605	0.5373811676224722	-0.3288568877892594	1.1631591739776317	0.7823795929630157	-0.892893641255176	-1.1401935889581005	-0.07269985946386048	-0.8549467847653048	0.2624396241452076	-1.2088716360790788	-0.3745616653959328	0.2625195849967096	0.5202755342560473	0.3176371478508939	0.17038265398530963	-0.16770753129144544	0.34561167441093615	0.14502667240432707	0.23242532173561814	-0.22871969409489007	-0.46897199407392287	0.7145639192398132	0.4099044780227037	1.010385847570425	-0.17416585300366627	-0.13086563605325746	0.49405115315926873	0.07194232062176271	-0.8801665744204966	0.10882879588163086	-0.3165809140698044	0.09528704766219859
DTXSID2049260	-0.29753773762157415	6.775571698293281	0.06403050519162205	3.383085492076702	-3.1242406876763913	0.42389038099056287	-1.1753851297125089	-2.1054218467664603	1.7695475909840195	2.6624841639306873	1.3945748012156978	-1.5261150008443558	-0.8143554824156827	-0.6488625178506691	-1.343055742556971	-0.644826805796199	-1.105586126353562	-0.9978729555042727	1.6219943190039308	1.093892367011741	-0.6059088001739995	0.5227602656308572	-1.8112490781238184	-0.6330592342096094	-0.8848522182934893	0.5188644038685649	-0.5669468956140161	1.7039368289307606	-0.5703158668892262	0.08896672370880776	1.0731398401324548	0.4649079083620813	1.0605850520749343	0.09652906311733658	-0.7029548535229658	-2.539106030336561	1.3701383503608624	0.9097628092445372	1.8261173360359264	-0.4909342848898082	-0.0038204734888158697	0.49855882902792875	-0.474220633277443	-0.11341247512678705	0.16562563832114782	1.2072849342154996	0.007898368916167403	0.10667464870024211	0.4412597878553723	0.008460445956844254	0.3771810315114111	0.4578246969635106	-0.46624277996821395	0.35933816344190417	0.5482462738874693	-0.0015721913752558229	0.7792702337605827	-0.13236874596756068	0.0815264969566642	-0.028007105492098408	0.6272119989343525	0.9899963734272124	-0.6495299524540471	-1.1297007525014915	0.14275814797010625	-0.49337339700685007	0.15961874278374924	-0.39733300551492245	0.057487914694033346	2.3467437038242154	0.8395781110668137	-0.9430175962279872	-0.5397848622691128	-0.7490961851251484	0.35925237691696615	-0.6830385798194413	-1.3691036282551003	0.2914422201869085	0.8161387052875125	-0.8117302602539485	-0.4153974589343454	0.839037806711859	0.3926688857050614	0.23511843926100368	-0.8092437879789588	-0.1561951209637345	0.2294681580627036	-0.39342663998892685	-0.06876018108954478	-0.7523527022459161	0.8385290153718741	-0.44001393540412476	0.2780501929964514	0.3957117554012084	-1.0148986904044712	0.27679885903081375	-0.5427770030944756	0.6273873322387818	-0.9110766926790279	-0.25568752578423903
DTXSID9048778	2.3392833022407205	3.1298180552553085	2.9999842889796002	-2.028224755708444	-0.6935255034324562	-1.6983102351180228	-0.829696230626722	0.555907964474779	-0.8874927094721173	-0.9801950571005827	-0.748627748340628	1.1138005411531693	0.798538635920618	0.1469064937151099	-1.3629100248433548	0.10073833344082135	0.0278079199405482	-0.8423114686558653	1.1084423291362835	0.12438270982235035	-0.6488674602179983	0.03210137936781349	1.0774590718820878	0.6042217764818717	-0.1453977477944374	-0.1910866565811409	0.725580414748073	0.3372150347501205	0.2204974245757478	0.9997943802803747	0.5688478194305542	-1.9688524989823257	0.2359134667756705	-0.862153559183326	1.2577703220822618	-0.8000752536007445	0.9174324629069213	-0.6139420369514572	0.6163784385153254	0.059112769865936346	0.11851142084380208	0.14781251502806367	-0.051326693139571736	0.11336616288789864	0.0329624638944177	-0.5123462238465661	0.4093265370654123	0.5191133687023931	-0.1406302624197715	0.41741920577292657	0.2334319328030754	0.07641040660461915	0.40603268082346483	0.0274596171019414	0.034650603774874465	0.33340398832174795	0.4516306599169343	-0.45445547319580476	0.43544188708238607	0.46273416668289025	-0.5746835584049578	-0.616254844482918	0.06785779859064353	-0.7258878729281891	0.2774989835518292	0.627854005688193	0.24013922634947246	0.29449019865789366	-2.083026970694266	0.9671627087379617	0.27022826701643266	0.3739517302355247	-0.3404742695412024	-0.8132516704571956	-0.6383917086432056	-0.001158074193424025	-1.5933121212747676	-0.4597781686579604	-0.15240774594291356	0.264853781086082	-0.2945094526109483	-0.9098677073977268	0.7128687411844368	-1.0884167197652042	-0.48745327869735267	-0.18075823797991575	-0.10842169596692677	-0.16949307835017074	-0.5560627797521671	-0.029132774082341557	0.3662987283528642	0.9626575083654652	0.6203997831842631	-0.8410913854769486	-0.013367232764007671	-1.0562478868964813	-0.5795400382357159	0.7260550626708401	-1.437593495857359	-0.5657105195831027
DTXSID7032551	7.032221641001716	2.2635554062142167	-7.400279751998433	-4.36774669579488	4.29282441240097	6.6037619376076675	2.373095347282679	-1.6778455972577198	1.0156717934796244	-0.13793221912339396	2.599462731416239	9.019795950191162	0.9090316849822294	0.6541870407043758	0.02450504293944746	-0.15906851051752482	-2.1824853236477155	-0.4643428843602471	0.30226196964010454	-0.4941280778108277	-1.82135285217532	0.006036410796505042	0.726898925292793	-0.0044679342998639885	0.22943079133008254	-2.155305251280435	0.014288950108795988	-1.3302633974827411	1.1144276428077415	-0.27469047921327333	-1.0581674721441559	-0.8222395153906128	-0.6164613471861012	-0.09052085962809472	-0.7105171054377722	0.4992390412265351	0.6356089011517779	0.29713595414086746	-1.1995812685644571	-0.46535239609537604	-0.20076234735798695	0.4627545688292131	0.7549669532545453	0.003057021046791466	0.28725324899311966	-0.28399919078908015	0.12559320534422935	0.30594369548984524	0.42722613621578115	0.6234889821948815	0.06236605494618947	0.11236358704641283	-0.27671380474656593	-0.36357591658259053	-0.5696349771045003	-0.057066274782109815	0.459738699416863	-0.8970912603940039	0.17010731709572843	0.5001521929635553	-0.11825147135969818	-1.0433504787785453	0.7876341160926839	-1.2887964799345843	-0.29385947550171765	0.4110675819269282	0.1460304926032039	-0.24005584086946669	2.641028641155191	1.2779129260781745	-1.4242179535118655	1.3369777746764795	0.31140357211725156	0.9120458156702389	-1.606757003380482	0.07976288316304993	-0.3895322524069335	-0.6236369846654166	-0.5284319718733202	0.1895880473358808	1.6439279824062136	0.3516116400802433	-1.1250874635343204	-1.0103817328112135	1.3358968521148666	-0.22944376665965768	-2.3812904046980194	1.5454896589973524	-2.887876136375669	-2.410769643198567	1.6128707686385784	-2.390876740177078	-0.9297197029412859	0.3384160738893576	-0.5732343622644598	0.46927747441990153	0.16022956766225246	-0.4929749465723747	-0.180569591048767	0.3511087342920529
DTXSID10379991	6.738222098628809	-1.9280962399222525	-6.6036867652735065	-15.575503812446215	3.4968706026547234	14.169611170456422	1.2703430303362384	-6.488166902754596	11.45696316997433	-0.24055811263540208	5.539284783488265	-0.9322632100252171	5.3441709286682	8.799822598993593	0.11064723306031489	3.4472342522034585	-3.859191102184869	-0.1695020354131492	3.5296039774879273	-1.7526726258918421	-3.6047176569743633	1.5808413382221855	2.37718966150218	-0.31588697891943157	-0.6495047800993903	-0.23084748831462915	-0.9153315116492352	-1.0950241225705257	0.8421175489082883	-0.3260103959102616	0.6370517863461662	-1.9899472597173768	-0.9920880361619245	0.21061849317524503	-0.7980336777035156	0.5391377151424667	0.18156169595241314	0.8388020700153492	0.3250031124704697	0.6140179405056841	0.8242068017469678	0.4000111564471769	-0.5241142688075695	0.8406193756018994	-0.3590785249536393	1.0992167537482236	-0.579801902422196	0.10497665467336946	-0.6128732293908674	0.5348442432411236	0.09225218427018558	0.39985956823260216	-0.34948748816798647	0.4592813264098677	0.28969783298740426	0.23691446254849982	0.8300432805407677	1.419876267168909	-1.559846870183637	0.41783200133388393	0.2781297050761389	1.2073942411272112	-1.0533746078031743	-0.7690295820789633	-0.19903670215401176	-0.643585592468957	0.4899361350126995	-0.16948528556119552	-0.458477470042419	-1.104685460679965	-1.2404877347937706	0.07425421625228987	-0.57098346690471	0.7988735048208513	0.8878423687996506	-0.22709480548480165	0.0029653740685998014	0.14951394949127023	0.6294605377781398	-0.5345010392515992	0.04007645823281299	0.8030697113602473	0.4542445763816517	0.4079066471837482	-0.9102580237383804	-0.35226770832907967	0.04712377029791357	-0.9966671091438628	0.4956012396776177	-0.7267512936824917	-0.03597324439321298	0.5811886862557173	0.32991578180157277	-0.49058821370616046	0.16738904762075787	-0.10390184525526969	-0.4529332225821224	-0.488011815562866	0.21038249015542135	0.2025999510620068
DTXSID0021418	-0.8508811631524854	0.8211075541396308	-2.55695448783523	3.525898611490885	0.9935388762321505	-1.6238924413648412	1.5995976107329395	-0.6418758161860578	-1.8802007407674883	-0.13677317175128206	3.8990192048778116	-2.5960974617310857	1.5542326403011792	-0.601332665637547	-0.2405438692070993	0.23004663371069614	-0.855027707162034	1.449846493709905	3.545901447020972	-2.0545756256924297	1.9874102501305533	1.122249494948166	1.401912236999503	0.45508721982685724	-0.1422947854867798	2.0879198876288863	0.046761469018539864	-0.9972484666945832	-1.0557387322180647	0.22475857148518422	-0.47875194190967246	-0.11190517093742981	-1.1516089532761353	0.9233673068801225	-0.15582979981487954	-0.8826769123473466	0.6941244632682013	0.2556113028957251	0.33426687920759	0.5206859357014659	0.23917992249849326	-0.31882884249474325	0.17238019547779662	0.5150438902869026	-0.17534873566876427	-0.9874619800465215	0.41996118527395326	-0.31387324373953734	0.054102147745881894	0.1773184489208893	0.21662742949764152	-0.27770577303295463	0.18548655303159878	-0.493260923645054	-0.2138188634892048	-0.9221498163780432	0.9382896106184765	-1.0308797419322917	0.5417570997043479	-0.2930966462192041	-0.034797585445966436	-0.5243782681123702	0.09091206340475368	-0.8239411290864189	0.3477058373707531	0.2171674430224466	-0.34644685816189474	0.08169858297936285	-0.574327831532723	0.5597229685904057	-0.4321448206261543	0.4037713019394428	0.8657054855653783	-0.7135456733812917	0.56873165513596	0.08033511286385547	-0.5156906070913502	-0.7835688499145985	0.28619022254814	0.08118429425871301	-0.23690518598837218	0.17537643783495827	0.9662346682534564	0.2641083458323795	-0.7990821389058649	-0.4183602868375782	-0.7884945661329961	-0.1639143656859191	0.46238765117080116	0.09023415140111476	0.4796154097877421	0.8980176954825931	0.017397029605002536	0.7342390761304847	0.37020790093600925	-0.08400235491463331	0.09385227000954607	-0.028228030561505087	0.08234721168724758	0.2318810330940338
DTXSID5022938	9.644465696672336	0.0042644678161288955	11.726565899678054	2.2811069432582043	-0.6942570579354818	0.9688931006944779	2.285017809803066	-2.284591219742696	0.18972423473183558	3.813102873345295	0.12418504190525709	0.03486372114076198	1.3441643260659906	-1.5865257245801927	0.6156151725513064	-0.4994015275004384	1.3553457289948294	0.47419403329049725	0.8519747139848604	-1.6479850824994315	-0.9233258601790958	-0.41188267805949613	-0.3297873985683651	0.9408796275355709	-1.021303769724092	-1.432854069487809	-0.6591236186766156	-0.07221387700066223	0.521308863101847	-0.533780638668997	-0.18940163500603316	0.7888898983308145	0.673329357656418	-0.050422190112818704	-1.8054959032320461	0.20022931701658575	0.08156773873052851	-1.4077556468191728	-0.7309705292710379	-0.6713955129135306	0.22266018888741462	-0.0901846668528939	0.02553288121319023	0.44006692004643316	0.040108715204678416	-0.7390632703026874	-1.1165853770043592	-0.25433338982121	0.2497069588870259	0.2168811140873288	-0.22370813747491042	-0.9036948451142474	-0.13121434332829723	0.14185921985458627	-0.2997173086101589	1.0087739262274327	0.003744866446365022	-0.14516950293883793	-0.008728985100792045	0.8173330999156465	-1.2269073315529757	0.32996856672629127	0.49759947740862936	-0.04889412155464211	-1.0794359320144455	-0.7321459910412902	0.7500903544720279	-0.8358820766600298	-0.13438658811660592	-1.215184589450554	-0.5371628172154055	-0.4822545914939708	-0.5329233028008465	0.964151587741735	0.8120941111641613	-0.5031160962081069	1.0700633682082488	0.12172921404923548	-0.14858672962991648	0.2048784920010107	0.6997395111407585	-0.5050597089315568	-0.5504735912163233	0.09040395096652168	-0.07971034129251235	0.3023022359675043	-1.2804160998240819	0.34489326631401707	-0.6308568860651395	0.15016218437564502	-0.734113632792892	0.5999445596959835	0.3148384636008592	0.6731076334892002	-0.28707408298588766	-0.1913672647686415	-0.008018123574572397	0.263279675392594	-1.3941465827182333	-1.035981156466081
DTXSID7044845	-3.4648890365896805	-2.8832996052639066	1.1471968867259805	-1.7073878312972592	0.570386483307464	-0.4765499058297519	-0.11533648235706208	0.8350474652932182	-0.8338182906315416	-0.9780224211582604	-0.7954625375570367	0.46859644057572786	-0.3149850877096066	1.7050994157613009	-0.18396366195454897	-0.045440276124374866	0.05736529669413608	-0.6957041171953168	0.6267350349880318	-1.273231319951137	0.28310458457427196	-0.12208521527796935	1.3653750711490735	-1.126182604914332	0.289577580945049	0.4981300451908565	-1.389651357521728	1.469944181668937	-0.3533190308516999	-0.7203528588688954	0.7809757680004705	0.2194774589250307	0.06495470700730314	-0.2813523231282657	0.32291848267744805	0.08381083267468262	0.6580001363704643	-0.4419858564292902	0.5095114346618954	-1.4106262506554132	0.261818322884031	3.8352120498600164	-0.1798429318555306	-0.8309674559143181	-2.460770628682248	-3.497382190552635	1.9972052710726476	1.231091553449453	0.9465151242974801	1.8859356662286162	0.300312104815527	1.743185827089309	-0.9916973618889214	0.8795177906612096	-0.19295642936571675	1.5147932401006392	-0.6155633599399368	-0.8511508901098876	-0.17054280644391098	0.38646453018184235	0.49274470243054935	-0.390029007556585	0.18100956284749745	-0.20430165287425256	0.7940322073992493	-0.4785870690224351	0.38342277462577656	-0.28177571056377354	0.08762251658561952	0.4676634869484831	0.6924081377649053	-0.05918217842214908	-0.21181488858491507	0.09360779856490373	0.37147692489824363	0.12245115456355854	0.24241562486624516	0.3197966031818277	-0.18043776174961912	-0.19385801808001116	-0.08084559461988239	0.05624828888465134	-0.3510630542841101	0.08571641500759336	-0.023902813904765237	-0.19365129437763465	0.13371542077808193	0.5088125316462293	-0.05419420888752155	0.05504203441802899	-0.10038941181976567	0.4205763583863123	0.011497126631450609	-0.17465164128894384	-0.025179160336681397	0.1337730321799605	-0.2659910818106784	-0.2092198906807589	-0.28675963703510987	0.19218874736235708
DTXSID7027837	-0.5430353404992115	-3.7198778989652395	-1.2369166264326132	-3.237046775384987	-3.283943655215908	-2.2780973710039896	-1.2457568523240223	2.14190497370703	-1.2497441396754267	0.23548731346419016	-0.04140769992771481	0.8891501930027588	-0.0854075811125763	1.6427562013197272	0.019635807233610723	1.4046585889670218	-1.456071402709488	0.6930031006322083	0.1679250028225145	-0.6555570995235354	-0.07438885093884809	-0.41887662120201496	-2.6118389997398372	1.1823688990520305	-1.025576165534623	-0.4022710457706497	-0.13070848927054068	-0.37962933298417845	0.538467724041436	-0.8162377637989355	0.9010706938637512	0.32846475734040875	-0.41622701961148817	0.11302697283385085	-0.9656878530373606	1.088471957558307	-0.9187747751995307	1.0877877578160495	0.7035151015958315	-0.48175917405530355	-0.9779014371573574	-0.01994853311477946	-0.16931684560459537	-0.25811267636982765	0.31007889847768877	0.5015542135053844	-0.13713702577911263	0.4323286195508652	-0.23886162370679434	0.5224116980146853	-0.33563551041228845	0.11527034717962156	-0.3568186201745715	-0.2706034606077027	0.12871364049856557	-0.21999135166353606	-0.12076293152327618	-0.5746889910383356	-0.22607373178806228	1.2653939577177495	0.8586160992924678	-0.13825725918631523	0.6962291488538649	0.7289014263350456	-0.19089716042275823	-1.3368378105561851	0.7030574116873886	-0.5108365821204898	1.653455083172942	-0.23362597060118404	-0.7916066853999998	0.5624549191636221	-0.9075100041562901	0.10746797052675455	0.5991941446648318	1.5388020862435179	0.7616257024519526	1.200766402001942	-0.934842110923556	1.0225374092927502	-0.08298571340478846	1.9584301057225904	-0.7741308690308789	2.4025016476696086	-2.3790210310397453	-0.4817781737708737	0.009415824011621105	0.4043629844350274	-0.5192692213114637	-1.0382184354709572	-0.2245032733999757	-0.12310092920319847	-1.3304340506212136	-0.2873775673072149	-0.345860199203887	-0.3113374645586367	0.1442663691518596	0.027924332338158733	-1.0776840377169494	-0.3554527549964757
DTXSID0026880	-3.017927961719438	-3.316423531425739	-0.13688373081606825	-1.697533306136227	1.7107123283331864	-1.498702172546833	-2.324070736857448	0.2609050818669881	-0.3851770564380692	-1.9197514705064243	-0.5599696124320153	0.011492244379150456	-1.7535566396191393	1.1442578610716498	-1.0918734652758522	0.4228267611814796	-1.1212514541030238	-1.1240436379617254	0.5534269237886702	0.32811517071735113	0.15564449661725907	0.6122126231579622	-0.32426750515201125	-1.3646162911906945	1.0563308798253734	-0.6056262964828378	-1.001074006569071	0.6820526397204976	-0.21727679366591443	-0.39370544042329597	-0.5364647143097413	0.13718104093002606	0.5501340106325849	-0.2987065246018942	0.4954854704452546	-0.5853728992699054	-0.20240226016004348	-0.32772786737085285	0.3350556169602415	-0.05173278843962167	0.10250152634838253	-0.15658822632488234	-0.012985153635482001	0.087386836092687	-0.21963828379453165	0.03608069485405471	0.03276855724143229	0.06197754076401672	0.16253979561913506	0.09409219011512435	-0.012298814836294405	-0.0766204825625682	0.1619084716534918	-0.1706578560061882	0.19296854880139375	-0.06203659491826862	-0.20234332101910252	-0.05822727291006365	0.19885174595420824	0.04354855533972833	-0.3526567738896969	0.2762034910457283	0.32339289551326716	0.5230865063039299	0.11139686322039556	-0.5911237725376441	0.16466912138434323	-0.24891810549721274	0.09103683825503224	-0.08311227113666843	0.37941693777734437	0.5580168782128618	0.19438936211398863	-0.04206108907647201	-2.1574792025093705	-0.08575058692968138	-0.7236340475622629	0.24839384511407342	0.6345742096728625	0.2813044163519659	0.1128466020540304	0.12472999134892852	1.4344250550352602	-0.189576547433715	-0.5027677628707844	0.011117946737515889	-0.018277775657381912	-1.0949519285118952	-0.1131326849283866	-0.048617454296725954	1.2260624238718074	-0.11313997238009904	0.11950007936720575	-0.3131528207951301	-0.5210301103610842	-0.8621328516266632	0.8312990214200909	0.5255391607360378	0.34403936730886703	0.10884642641472222
DTXSID6048707	34.11800416773164	12.006821052380275	24.19180207701868	-12.583631252567221	0.6973454112669922	-12.693167147123855	4.063023983449736	-1.8346012628446986	0.5869284021960361	3.377037855818008	3.2966620686241437	2.4082918829900137	5.197028976017197	-4.352506761314375	-8.419528586683697	-2.8447801110510156	1.4548811584585593	-3.842400669377861	-0.5219857837121955	-1.434845755878062	-2.4735181086199773	-0.06605627319229004	7.948001975911246	0.7668492250521393	-2.795053291489164	-2.0287330463889814	3.2292098098081725	-1.2992210790522358	0.11065020837481819	2.3355030946534323	0.961080206352658	0.7806374849521235	5.0409847472381974	-0.4038888549724427	-6.063575251684973	-3.3087704886976974	0.8695921840113779	-6.08502937804125	-2.7765368187812305	-2.553508176942848	2.4446431171174834	-0.7627255255620954	1.1795097002344719	2.0191628298217714	1.3948166604333532	-4.627849410018569	-2.0011788786474125	-1.5928860096047242	-0.23451079331848282	0.3081237545956926	-0.09070874160921004	-3.1468445976227417	0.9032675451596958	0.7918097060798237	0.07375538414414311	3.7401767178060163	1.767280703259767	-0.17960223425732688	1.6938223178253249	1.0853518391678332	-2.3488767353074453	2.0212738662955347	-1.6483703838069386	3.8378368843423423	-3.0365799428839058	-0.044035750979556955	3.2251468942395385	-2.677035106183456	2.219563987448462	-1.4727204556794966	-1.6060458795840507	-0.9809373231751237	0.4363288864847372	1.6781787617319042	3.752382794858618	-2.103184853319625	1.3167060553776682	0.08120763487422439	1.261686589490292	0.952926039460347	1.8217109495853454	1.4464299635999707	0.6331200057576375	-0.15186024380944227	-0.4259286095641209	-1.1136216029631951	-1.5964371390415428	-0.07414281840966976	1.2388756974206583	-0.6514580346090005	1.9429403054304666	2.3427078832138344	1.3321443893557985	0.41297141826170836	-2.2375637251932696	-0.5811716756133372	0.5324169100281437	1.5600438359652369	-0.9250639983527624	-1.9842950347649149
DTXSID7044390	-6.038382995327467	-3.200739697477877	-2.1050947040708152	1.0181215075117456	-0.10139222190937243	-0.6937155161670115	1.0954091801325263	1.1521697241854707	-1.0381933646880706	3.0106943120655156	-1.1816506327651424	-1.0582039613044067	0.2342828929925465	-0.4692752461310407	-0.1613520109062541	1.1603880134179057	0.34816291608715527	-0.49920692167507574	-0.32339661378663637	-0.8151972757944981	1.4533413397072648	0.9940333100463846	1.0933959610207349	0.10854545979040378	0.39806746142436006	-2.625489354309077	1.4917158929093082	2.9847236680729115	0.6734357151947503	2.3661363588944786	-0.8924140283383636	0.4651853860542448	-2.913909695044383	-0.8171993459814612	0.7682735787378223	-2.609093602957095	1.4048517354305543	-0.9430277457299888	-1.87665697394291	-0.20044731614236772	-1.5798671702177054	-0.3077307239875574	-0.414494092292997	-1.0939089520362257	-1.839320738685774	0.09513857870074764	-1.5585219809311375	-0.07391766055537558	0.017576201633492564	0.35930745313624146	-0.111333158813869	-3.0034418229366215	-1.500575483289103	0.6197173822347618	1.6335884162998082	1.2730250528376341	-0.6312721845886896	0.48770478862308436	-2.1263013985149057	1.7296182327715734	2.113397082763496	0.01218070125891872	-2.014114851925157	-1.6190139084632094	0.15738394256924035	-1.3487015063605639	0.8714101651285889	0.3570941811457175	-3.0602797755001903	1.2427893753179908	-1.778071468580622	1.3769681730369907	1.256498231396177	0.6877789535058499	-1.5376397176166343	-0.8397325907752792	1.152678952536594	-0.6073541132467839	-0.1253189734904797	-1.1727508499713175	1.0762947910903644	1.1883166040793038	-0.8067065066276115	1.1847029698357578	0.628100730898237	-0.02289805084988106	1.2372157216673287	0.8145155823456891	-0.5663745540990301	0.14677341901224578	-0.4665878227509853	0.36862987370919104	-0.6969093656351577	-0.0894850496041654	0.920274098885098	0.30998134123989224	-0.8375244623525756	-0.15449641205276402	0.14290750284036247	-0.7360445361628117
DTXSID2034598	5.071642286017577	4.955845125648169	-2.2043897494567504	1.542877740927198	-1.2123497502425913	0.1405963637975318	-0.21396240532739177	0.5576320998455554	-3.215922679528205	-4.581981300769246	-1.9347431381705973	0.05141496918914746	0.5790255575648141	4.2418171591869696	-1.6832992683109511	-0.4725463226159099	0.8009981388757619	0.5042027128315063	2.358378770552944	-0.0980963497451443	0.8922044751244128	-1.5971400825711966	-1.2205741165276474	2.421080787346009	-0.7598896348410101	-0.9620857696236993	-0.044976167732512395	-1.1357166541389372	0.24127630825207405	0.5384595755069579	3.250306444427003	-2.2143654247305657	1.4139364401489678	1.5411396865136417	-2.5992219772109952	-2.568903158036314	6.39071802019297	2.0310554775701384	1.039369449710609	0.6985783517465616	-0.1735057773903273	0.2942590185611197	-4.031605494275337	-3.9376480317607254	-2.0934299007354973	5.68269992821447	3.4906176347704747	3.8944268220951477	7.705506904655546	-0.4957023274654966	1.6868120845732943	-5.071536315212736	7.348033708345836	7.4533197082639395	-3.270172219265326	2.5269787419496264	-6.629819563830144	1.392562133341054	1.1744699159181706	0.608039067347245	-1.5469856989795192	0.7827010320235032	-0.5569057021266758	1.1524850732441596	-0.025519109686040032	1.6756203532098461	1.1657803109076024	1.233724156094811	-0.16545348712574667	-2.597676244495855	-0.943468012901034	-0.6129934537658431	0.12054839730640264	0.8786475022954413	-1.3333208347307859	0.16099237285698403	-0.6211154042214867	-0.3015115241581162	-0.48998526803306114	-0.24867630647198993	0.021315337136712853	-0.05340672304568529	0.4786988043225224	0.10070263928226268	0.10342033887483676	0.25052290447794906	0.3913599753114888	-0.2370197703310416	-0.3190316917746556	-0.276099126953185	-0.2216042632892748	-0.7253289517820454	0.17411920164002317	-0.6446727727572449	-0.3758703797518375	-0.46391764871013125	-0.12217355378527335	-0.19165733344831382	0.690868699353659	0.06298968735999774
DTXSID3042508	-2.320471066665156	-0.6229776708171811	-7.258102636388032	4.797705657566644	4.474606142328892	-2.710907827175532	11.098001387594135	-2.4348639406930266	-3.0492699337520643	-4.260792440354959	2.574115922302726	-3.2655399937018084	2.4771354599021116	-6.47729311329341	-7.23261619741642	7.113931220689906	-7.100413384797816	2.5672057134635153	11.716387341905412	-5.388077107978522	9.833331500676234	4.366525678471728	-1.6274909030287512	0.40623303884192263	-1.7001672736001308	3.6406218599077462	-1.4025624896632725	-3.1809016662386185	-2.951413029828155	0.9796228082367868	-1.6155504130505811	1.4124949388319366	0.32299408606173347	1.6445108771952028	-0.4698118714617799	1.0038557330557922	-0.35333447378804805	-2.3723378601683103	-0.8639384837943673	1.1621882183729026	2.446517324681508	-2.9082437380849067	2.3856438291706894	-0.08148847211957913	0.02511874937754254	-2.8479682235551818	-0.8246533667610619	2.1094796159048124	-0.3248593184167033	0.06540775530824744	-1.0816993777071844	-1.726997947338608	-1.0304726793694048	-0.9965305444136452	0.929682238881668	-0.00250004921900742	1.3839502783417668	-0.4167155411506906	1.0840041313981146	-0.9309344904957773	-0.5591057785108384	-0.2329857192380929	-0.055270238646863444	0.25432724698661896	0.8071569490387922	-0.015514286890897547	-0.03728884503047247	2.2322385974998755	-0.3294960073269026	-0.26043434175647656	0.28597519625181117	0.8315298552905404	-0.11956591622936892	0.6632245805257717	0.16521320436024114	0.36496988885833986	-0.8799561794124359	-1.3003560831316539	-0.5331152195633446	0.934274780063647	0.7195321715250699	0.20779392245283884	1.433704041102877	0.6098061187939523	0.42334741429939604	0.6607193078868904	-0.6020517293664329	-0.641408666809878	-1.2840179461659844	-0.576743150925323	0.0027657167791043853	-0.5641357046162156	-0.7373559839406633	0.8455072055474829	-0.3116115639841288	0.007794697340167758	1.1363039231824736	0.5697297815186912	0.712484496757141	0.5356129371871486
DTXSID2023197	43.90664589104391	-12.67338658099151	0.1375878826642158	5.834939595097384	-5.180325766152005	-0.21401359621044613	-1.5306691921380398	0.06776271334223591	0.10082921250073576	-1.4894737760067474	0.09063124893897855	1.8524165550261058	-1.6754086099593577	1.891555523759701	-1.2441713273192254	-0.44032344482656216	1.2797473631714764	-0.2650332860487212	1.4781983590479137	-3.438358595865402	-0.1734734901831996	-0.7561597328310845	-0.0837808689885079	-0.5208800206992603	-0.10859175760372068	-1.8161759357151779	-3.2714279624990925	0.4352231425036884	0.061815144814495904	-1.653937493484785	-2.699453127308432	-1.019911713416726	-0.5545101958084567	-0.4667183356589372	-0.6442855844434855	-0.986092756393947	-0.5068195038888217	1.9702288107673185	0.12394269118106874	-0.8397344505733798	-0.14282276101947913	-0.5072565972890539	0.6935725207538631	0.3582799802596189	-0.3184967864515551	0.490623866740089	0.31241156874458187	-0.3592243599297415	0.0373415020733408	-0.16951883182612876	0.18773388947037917	0.28836499532605747	0.3536195370794135	-0.7403641578401593	-0.8574385786906622	-1.0958639214323551	0.5037920325555322	-1.1300608496188678	0.6677264248789316	0.6528942478765009	0.5016469056372407	0.013062827352926907	0.10121987327688094	-2.6814862090266387	0.2828568695309578	0.3345263004309443	-0.4784598154010302	2.2854163621959436	-1.2604985242501185	-0.789259309616154	-1.6365620339014757	-0.34265204408221295	0.9672453430694882	-0.9217367133975718	0.43308081421775535	-0.9116800526389425	1.242193941316941	-0.5752657037760985	0.978259659240208	-0.8496345362250246	0.8103093039802508	-3.2743865121146447	1.6409676780744045	-1.1368326446850399	-1.1494541674862677	0.16881963640002182	-0.5203645488253219	-0.43989965476872395	1.118972116679511	0.06566816396012917	-1.1020078419597685	-2.0720798272844765	-2.362346774824137	-1.1701075302256825	-2.2576637626224993	-0.7346205465128367	-1.2740402425575486	-0.22220025488555714	-0.21095720333025963	-0.6644830976756769
DTXSID7025132	-3.7988670826652635	0.11767281642527554	-0.1321532007360015	1.3287463540838262	1.5529057775975197	0.5383048780270482	-0.7545913614974115	-2.0807522724011407	0.2835752444976021	0.3240126218603187	0.34308268205210013	4.789288096063136	-0.6321484251953668	-1.124013914742266	0.8067242508576874	-0.285138079438204	-0.1572671029404665	0.28389878026420656	0.12204792421299415	-0.7196468571288902	-0.37031600167813106	-0.31297816880719603	0.4030678214540356	0.15078980159637703	0.44563108483859076	-0.44342385984503724	-0.20092484243102354	-0.8012124496592692	0.062394469991048654	0.027661418136596755	-0.6948550595731204	0.017398502791052	0.2844613607993276	0.19276907160581627	0.35269282903630333	0.552442657154976	0.19477319264945234	0.3002960374045874	-0.19863980433644776	0.30460693995303006	-0.15503581977658032	-0.1926140067516735	-0.12080623999278556	-0.10605763807372162	-0.3636358613422074	0.14340017620132126	0.2558573134728719	-0.26611162749393164	-0.08752750990447844	-0.007298112733313252	-0.055171305745700235	-0.13271135542672435	0.04653572095597629	-0.3427445447204928	-0.057682944506014695	0.2415786217909178	-0.3718144172262766	-0.05436401856281787	-0.18677677220549396	-0.25901746352210725	0.25293295590131337	0.009587667167659101	0.2099840906614197	0.05951761792643768	0.01062166048132886	-0.08550743003013153	-0.04405523061658168	0.551461051435661	-0.1738891664503541	0.03365360358203385	0.2908704993592494	0.04862046064603595	-0.1195558349972564	0.21147850748214442	0.18654646402846958	-0.7286738922330936	0.13870833004534835	-0.3830407525066434	0.5795110094751668	0.267037997298621	0.11020310297089668	0.6562229566358638	-0.6134797308285606	-1.2710205343211234	0.18463161496814995	-0.7385243632722898	-0.7522794619553173	0.6001061069973168	-1.1065152686061506	-1.1533005850571045	-0.016963467569743977	-0.4553739932023351	0.17696431865788215	-0.7380409937030814	-0.013921534942967393	0.3954077919941474	-0.3425018442802691	-0.18813314132634834	0.19574728523046078	0.10634404463806271
DTXSID5044732	-3.7851468197257407	1.2613838224351925	-0.2643908836915368	-0.6325474043125391	-0.9811024427169183	2.902080590879224	-0.938999339334177	1.751050234604277	-0.20157658065329734	-0.19082520231064068	0.14645678611354934	0.37241218278299965	-0.31349152488202614	-0.7472438482791766	-0.677188873486095	-0.047410316489033454	0.25251850684271393	0.23752128035234005	-0.21770620707706348	-0.4816028522945811	0.846903343903747	-0.4272800171997043	0.09908653246601277	0.1717219462753978	0.2807065965098181	-0.28644915453109115	-0.30472920710904966	-0.3099250637338593	-0.002699775624327493	0.10313607150007277	0.8888424885347361	-0.19182991248647824	0.018550450294780668	-0.05199670088068887	0.03675191267141585	0.06618379652796204	-0.22724335026710585	-0.21598248529199188	-0.2078617111029382	0.48188936913816305	-0.05985304044777242	0.06829192824959208	-0.15472356419825745	0.2790276947572429	-0.1741535730518137	0.007709897262442604	0.009797738883465865	-0.45065862946092156	-0.15535280331481083	-0.11071307622166729	-0.09083911758717886	-0.355803470183397	0.051050955309186914	-0.1767826784807828	-0.11772585060409138	-0.16164892435579564	-0.03382069729089651	0.0792747068136134	-0.47561014177342126	-0.2603435668928373	0.022270778168588815	0.11729468752993401	-0.13286061439158922	0.4653195768331708	0.023598086159647768	-0.2400738416009424	-0.20556511945435	0.13406746648317558	-0.9414225500081507	-0.9300195680403116	0.2007957879748297	0.19927119363937354	-0.13863229862801082	-0.05491940940254345	0.3208128403953769	-0.7032151461776426	-0.02241182491998565	0.28429744975332216	-0.10560117808625613	0.21616187343795754	-0.836434575979592	-0.8385497138256853	-0.5687741168536861	-0.9429432072445831	0.4409855417575067	0.3070312730996255	-0.09417939350480076	-0.3183480300803051	0.5368144489340103	0.4653867096038082	-0.07498891125973929	-0.4864028423950902	0.30013752306418934	-0.382279889504378	-0.02382392185197616	0.7323127289571234	0.12739642790569433	0.13857248737927377	0.21924524071658316	-0.01594380508414265
DTXSID1046683	2531.9340346002396	799.5326306074302	-2579.5576069702834	136.32983869347518	2660.59223510949	-467.9956064825752	-1335.7937633880472	560.2115305413057	4723.462474831152	3665.0217501203056	-1244.1096641988204	2545.7661798894533	657.1706671075125	-3381.894294343231	-2757.2740091918045	600.7963118857332	2367.9443069562253	4908.170007936058	-518.8583155700221	-10379.519912764537	9216.937104334333	-5481.442293009117	4852.591458283134	-1545.9836250252583	10345.399826830995	-350.80170760861336	-13884.984198475448	8687.714389116529	-3131.313870064292	797.7524219400447	30354.770992952566	9228.459892536765	14913.799049020849	-1383.2962069308112	24909.113838486115	-3163.224615220066	-4211.182633902136	3385.147081657393	-2747.074803631238	-667.3003705189928	-7194.104175050373	-4129.244417792523	-1438.8761284555922	1567.4290841511768	9071.14915797356	-1529.7889400948022	4045.0093931542406	-10928.258435398642	-4484.838506694728	-6013.73417359439	116.94576683346588	2667.064692196522	6902.356191503664	-161.03310478495197	-6726.770603269181	7403.646342806192	2400.134947582318	11002.82120106939	5291.260052660036	6003.73717368741	1186.360402322688	6420.937609787445	459.8859003201147	1273.1294980584194	-1626.0068242698237	11238.543415324051	-5859.108389747612	-17698.036093898936	-5406.570654808528	-2056.5300892413347	559.7827124113525	1188.038231535328	6327.473352890166	4871.07140215545	-6996.656617466508	14833.38758308141	5898.78299802183	-18545.1163964465	-3498.3613610769876	-3360.6414112268135	16368.261537894903	2302.139830428206	-10940.966060897861	3684.7059722245517	-7075.531173944028	8859.776224708057	1279.3089918950986	2646.0797319033836	7884.120583623975	-20079.640656214455	-850.6329037164924	8848.638833250661	-4177.462536173623	11424.488593003998	3408.863650963645	-7181.832768129686	1509.0114948911482	-5924.871411179739	3448.6191091743353	8609.143719463049
DTXSID3047926	16.13741639600017	1.4547389260153916	4.493977008795825	-16.343179082186804	0.7943829787197134	-0.8551060011541025	5.35922390721436	-4.422669976862407	4.3278236779904855	0.5637238358714943	0.12832730476977003	1.6349755111240576	3.152649214241141	-1.3146896792954377	-2.514606275157797	-2.2799822190220644	1.8205790770871875	-0.48040835438478535	-2.735742222261768	2.4585462560523696	4.365068924549246	-0.8411343295834852	-1.2023048586541716	2.0698118043943863	-1.415884517365092	1.08659438594817	2.1067784836567687	2.773625961080294	-0.8598435073470182	0.7215779447218796	0.10135524474118147	-0.9085045118803564	-0.42613372014350226	0.36411726954900664	-0.7460807630457955	-1.1513140695221131	0.5296805897638457	-0.20983439832222986	-0.4050605201017373	0.8331348946576423	0.02912228677890284	0.5289933665647762	0.7707164825525422	-1.7375933136925314	-0.16634229451750918	-0.9020132282137758	-1.1320342083706347	0.6208464019461566	0.4199883434269875	-0.9768058830545001	0.04471918888228859	-0.38301978063606074	-0.08883562259116762	0.2268959650540482	-1.2297721339311851	0.1344211770664937	0.7959169446888155	-1.3905314251215555	1.2996391976386334	-2.7225486330423814	0.1126081055256295	-2.9782989734609817	1.763296682464694	-0.9571586297546981	0.6628260843127267	1.092563790775732	-0.5225167285362676	0.5385672249636932	-0.042372506345557955	2.039568411951957	-1.0317353245924619	-0.49198283599178955	0.9316986650619147	0.3414460715881353	0.5014292511058587	-0.16646456695222975	0.042326889643412906	1.1787126001509738	-0.5520617397430437	-0.4380697992623372	1.3313196388577084	0.3056809386827327	-1.1051503122240858	-2.201670689831506	0.3859271787634084	-1.2751654629467035	1.7777179785390251	-0.8317004133680591	-0.1087356953861283	-0.4344390504316041	0.28755861124651566	-0.7064025948105828	0.08339527860685915	0.06223345059577962	0.7426581678143866	-2.373584624419314	0.4694278423423889	-0.8141383104959271	0.12828609972577645	0.35746039224199994
DTXSID4038926	1.6163997561402919	3.4508031699080832	-0.27819041444556464	-0.44653005317684163	0.40186025929563385	-1.3987243228118142	-3.706800562744849	-0.03320329118389989	1.277634367107617	-3.1771357922518524	0.8963960058569402	-0.9808917435104115	-2.6355972590263863	0.9532014921435762	-2.054130726706986	0.5709571384509875	0.6928380645256123	-0.9624108730908525	-0.02454520163940422	-0.6019025865549091	-0.04201374561741514	0.26636343225447273	-0.38970237215438736	-0.46036928936315846	0.7159101183577429	0.21067728198209243	-1.2151221919964843	-0.0649128090299536	-0.24822695833674235	-0.6598543522122612	-2.4065241959026005	0.0028896146345321616	-1.2969526008606616	-0.16620267477681197	0.8536706879888247	-0.8607944122312632	-0.24371206411646384	-0.23654428493642585	-0.17730581995409186	0.15204998420615892	-0.11300131073495763	-0.004097876369881142	0.4873910741007952	0.23210486991364376	-0.21328877829886478	-0.4510493452128967	-0.16825602595300165	-0.4825426965250543	-0.15644921535533507	0.11927037264153947	0.027342308889733775	-0.039178670417391336	0.5901811814309301	-0.7286833024562714	-0.18692755821253348	-0.47266952575408505	-0.3722921896979103	-0.12149101410045396	0.4861557278301701	-0.4175257857269697	-0.11407034546582685	0.41823015591299545	-0.29970451488566474	1.3614998080173755	0.8492931666271056	-0.3299539908426632	0.4377513886785434	-0.6752794448192301	0.7635299808353294	-1.0762469262032812	0.7329987515186429	-0.6743336233707993	1.248115146861896	0.8983614678921699	-2.187612495886005	0.17517967442208637	0.1243498895518835	-0.0616475787095459	-0.00943253902237243	0.3802869925071964	0.5362423778438762	0.09232175056185009	1.0606360930371868	0.05252690712396879	-0.23568555257918922	-0.0724007785141423	-0.4378450586077432	-0.7825184231093483	0.32981470635820803	0.18858656592464096	0.06959998845607297	-0.16021709764237524	-0.08443966255504212	0.17337399887667512	-0.2554976217291291	0.5421288268458715	0.40971579768922195	0.5326463589768053	-0.16170935056097638	0.3204492614880225
DTXSID8042002	-0.229522805403983	-1.754412933922857	-3.1000982841863487	1.2273236196136619	-0.815647904978935	-1.5863536553951652	-1.764722130311375	-0.1852602164267476	-0.2941081181417602	1.8066490419695256	0.2892988442763555	-0.36849562516847806	-0.8860732344673831	2.6861194159578154	-1.7303075737694353	-1.2154785771414096	0.39656235049995087	-0.33658112117688066	0.12448127553432431	-0.6009407457264271	0.22042170131455227	-0.3026093655445611	0.6267953032816129	0.08889635003815059	-1.5370655887414715	0.12045817861942	-0.3954090649553176	0.1825739399200211	-0.22266688510266042	-0.5058573792676758	0.04005912079842	0.5509350385473717	0.11943433282958144	-0.7646306726335005	-0.5783265630168976	-0.2846992687088113	-0.2163078073209445	0.7807359093660324	-0.31743283294146146	-0.7713626942790884	0.3003792487845651	0.38870703241352245	0.41180067472640286	0.5305531028013278	0.08218096195374804	0.21355511842001362	0.6516419231626652	0.023366595617255986	-0.3417138845618466	-0.23791968523347024	-0.22433388478730612	0.099898019284851	0.07484904177789664	-0.19586635399936153	-0.5792768978346711	-0.10539558850326565	-0.050167681043161716	-0.18991423297871146	-0.8810416727675853	-0.0954526607519558	0.14870301068046948	-0.2651812553977901	0.09316691864812283	0.0763693473251002	-0.1988041338860445	-0.734705520426735	0.32078513327581687	0.3634042938002637	-0.21539230324525144	-0.36853910947209956	-0.2845868081289274	-0.21593051025594237	0.16751151235809314	-0.2626553814236377	-0.903197921550981	-0.07365855092839876	-1.2001877387347444	-0.21964637186970573	-0.38538125010522345	0.39742099118598845	-0.15100594222220506	0.9499816943682272	0.2858804206278845	-0.13393574529613417	0.24629209187439127	0.22177002310011953	0.4336586176335827	-0.49336305431208444	-0.1360403800957957	0.10597135978464255	0.13197187000385252	0.01995591480542004	-0.47518057000530545	0.16803767261624197	0.1166497684259707	-0.0060756718808585	-0.089498572342215	-0.18605236545653042	0.178842508772873	0.5077540730920442
DTXSID5029136	1.4172609065437305	4.116478372016026	-0.7007268567517694	0.20616195992257116	-0.2100960479860197	-0.1897289141194878	-0.5918357830339345	-0.9983133643727745	1.8710370939218048	0.4683527966479364	0.5022944732907969	0.5115109010978497	-1.2582614655335833	0.6706421070266977	0.6923675533400953	0.3235652713408188	0.7762796125028458	1.688873714351427	-0.5036473595501897	-1.3702927728638663	0.905768841191564	-0.5509336023047875	0.898092871379094	0.2745893114022074	1.2409212449397187	0.897578937879696	0.006996066977404283	-0.07509679616422583	-0.15586918817631037	0.06526976497720446	0.717089563688206	-0.6762077299614306	-1.0118598721631367	-0.5640458500897931	0.6083914672108564	0.28241989912948556	-0.22665669555929013	0.044848445312589726	-0.22584851579037993	0.5786821367013872	-0.17178939792192885	0.28107120189688367	0.1360238360328041	0.07597417345770717	0.3575258661363717	-0.8241875376619471	0.2468660930325875	-0.7809397257724668	-0.24499263474363653	-0.044917617122589244	0.1448251753958382	-0.2080071887560051	0.5771180301768429	-0.4331571902678407	-0.8127638576407497	-0.5522666068447454	-0.003052012448766133	-0.30441435575778314	0.49543023743783965	0.3412951058626953	-0.007129979774200143	-0.1604597870958054	0.11726949388665703	0.37316375855522627	0.5034782700622727	0.3424743321691378	0.20507041121476996	-0.48238745583983433	-0.044573779205250796	-0.5234855828585421	-0.5221290232956829	0.06261283203797201	0.398246605108012	-0.7605445072083101	0.37090051980017996	-0.08921752578504019	0.7795364197227038	1.4900957653896398	0.6746352288003151	0.806997700822439	-1.2174936963328047	-0.5088191318418264	0.8013118197095029	-0.18457331678026076	0.40071896755749536	-0.36589251610979456	-0.22872970548436755	0.049731118685894506	0.1670644441438278	1.0176996940448846	0.08144364576424587	-0.833496327356552	0.7240672480297526	-0.09903802305387241	0.12312787475499515	0.4162816609342062	-0.25072096598154164	0.1493025049407966	-0.5605462678824531	0.14599429647864393
DTXSID8021482	-7.320681679830678	-3.622111546656508	1.1497150155343312	-0.11239840305884649	0.8704845548557752	0.6546957506485431	-1.6654333914943815	-0.6580703125773973	0.14683793857413716	-0.4688241878747078	-0.21516790712640635	-0.6948158783338134	-0.7677323864939521	-0.1163523310527122	-1.1724385494716114	0.9098096346119733	-1.0110041731859472	-0.15869556594352818	-1.3021719752619747	1.1552531113466358	0.32560386371076694	-0.06670803669272803	-0.2429033069220973	-0.8328417539290566	0.47077892013016026	0.22382266628111477	0.4678654127431019	-0.42376146180653657	-0.18368115092697798	0.7246985464818637	0.7533766256555469	0.72864628188154	0.65138181232115	0.12382371405941049	0.7783805819597545	0.4713899192195074	0.13434363065348764	-0.032398305883259475	-0.1029427080063571	-0.1364124843539786	0.22426301915337654	-0.34477414315648636	-0.3831811047813043	-1.278891180343118	0.05036245672018365	0.2903224828629486	-0.23448935534802814	0.6047247291084816	-0.13511448681977176	0.06075006985070179	-0.09799039896927995	0.20133217187878458	-0.06265472895624956	0.16310245464590367	0.3511962664283215	-0.01964521578405632	0.6215187710433202	0.21526345928691618	0.07236901805038672	0.12087676225436736	-0.12379784752373325	-0.39462163769267466	0.014094614074334101	-0.27293600480883967	-0.09902353067353946	0.5821283265526648	0.3106788994357685	-0.3138443975071475	-0.15161848943435052	0.029927347651324286	0.09939693180269274	0.14372119286987478	0.1329369585406833	-0.024590807339166975	-0.4896861550326155	-0.11756491343533652	-0.4150418924045973	-0.47189529775127587	-0.09693958010666924	-0.8287385692508089	-0.5565293654946256	0.10016810846207952	-0.19915911431577785	0.10635763466474125	0.4491564505511165	-0.22214469464506778	-0.48292371027867625	-1.262186158468012	-0.17309209494646421	0.31735455687058534	-0.5018989604225431	-0.22640294015034404	-0.8013539607432969	-0.15080885897295782	-0.04651721311240804	-0.29522396844561366	0.08676830390464368	-0.3169271689622048	0.013510100841495036	0.15147007926390754
DTXSID1024467	-3.9952802176554427	1.795070324685579	-2.134786365485301	2.8635051513835372	-1.0281718951285659	0.26179665603671326	2.22165460476954	-0.5145805343631984	-0.1824079355894983	1.4142758255550119	0.7523555787735677	-1.1371767192812878	-1.1271501134552038	1.0030519845129648	-1.1093006792608868	-2.2089911857106688	0.14501239359855542	-0.4784236535993	-0.04741837971012265	0.64027303071648	-0.7517191463326816	-0.08432100670015583	0.9387060529583302	-0.3413442789536544	-0.43565459982399807	1.6996068194605192	0.04078504410759881	3.274275601339568	-0.41080902487255627	0.955422041431129	-0.6082846070477761	-2.444552471331474	0.16510185303094696	0.20314460286292746	-1.620796248210366	0.9360225792056465	1.1622863539911155	3.032567394506487	0.039582442648719976	-0.2245827012875369	-2.647964702685242	0.20325033012776533	-1.226111305625157	-1.4288674411970703	0.982381819342577	-0.9759807034417752	0.11099890514667098	-1.1986230731037015	0.1423914961173269	0.6402322241577787	0.5313186182820114	0.5322711636995798	-0.07023434875369823	-0.6026749710780201	1.4036396837726812	-0.15216823245617772	2.225094951414403	2.1994421779905164	1.7376561668165265	0.3186676967070712	-0.4845329640671672	-0.20594576948078233	1.5283787014946932	0.7093777509062373	0.4009659467566861	-0.6563740898623883	-0.36040006191951024	-0.07168507092512699	-0.2293966833086956	-0.4237851916423308	-0.02549841662512239	0.7928608818417581	0.09587729155720359	1.4092717718757795	0.40292931028434475	-0.5923631746421508	0.13072763332472773	-0.3447219071679893	-1.2710365158235994	1.386852950811364	0.43993942352352383	-0.3028634815091322	0.5966042497441264	0.2680606392224831	0.12077614433183562	0.23394694479814507	-0.7404291822669272	-0.49576310557283	0.04657004823596642	0.014816084679524406	-0.29469397325980895	0.1660209839505814	0.19447865698727448	0.028187076962551513	0.006173850542135432	0.1587128341365488	0.21084918664023772	-0.24579079948644572	0.5780400284895788	0.17348878567112527
DTXSID7040736	12.8385492182105	-1.67390643565429	3.342304813463567	0.5724755191243086	-0.26918534529893007	-2.2624431141520627	-0.99529681299563	0.8323434374718691	-0.942375806731481	-3.587802257399414	1.8177285615445797	-0.22530748350517532	-1.0137753124486635	2.263449630966057	2.116676983470487	-3.4047747157598516	2.3613437954793195	-1.9191389366056109	4.878210247408703	0.21652123638260184	-0.34345657025482856	1.0616473039426466	-0.051091115919335316	0.6178742617585695	2.4929970588698773	-0.9435072645967219	3.641781283414007	0.025649772071700157	0.625967930989033	1.2638865107357202	2.03077145645481	4.109497101890437	0.14782989405887625	2.5421477984128216	-2.6577626340227365	-1.2650633502471529	0.35774258287582633	-1.866375918983196	-1.081022940877515	-1.0650782871884412	-2.022502777661883	-0.419059204427648	2.064601393685113	4.386310386155092	-0.818028647439764	-0.30269081288013994	-0.9651944690579232	0.04668792831920639	-1.0457346830000327	0.22629684596468805	-0.09934710860621383	1.2128708806526434	0.16153298255772786	2.6617866741764855	1.4230394296108573	2.3754606019965645	3.513989966139313	0.1890314252883926	-1.661095083609858	-0.07945653349790913	-1.5673615706268835	-1.3796694695844482	-0.36249030715350467	7.646827655691587	-0.6628198211663723	2.921875077407968	2.7406311146313347	0.6726648995139358	0.5327219362886579	-1.1044062585457213	-1.1951445283136486	1.4601021880145937	0.732707487605305	1.043643625664586	0.8028098808276218	-3.472303475712373	1.261820669438136	-1.819629217669187	2.0135349314021442	-1.1486837218266226	0.2743251129704845	1.383565481241221	-0.8902199996742066	-0.9036104625489088	-0.3303792875579924	0.0156580304612787	-0.027735939104768053	-0.5085708945151962	-0.3612071023400344	1.039028225283022	0.6511271758173723	0.7546425222055897	1.3213507078742843	0.8973121034883812	0.06195927713673757	0.3865108651367066	0.7856410548447984	0.5338180251521221	-1.357004820361228	0.15864020725909367
DTXSID8033433	0.22541955496691235	0.5291412416102107	0.7626403232029791	0.8861726209242746	-0.30949694839976366	-1.3416067974672061	-1.0944709659195135	-0.00866434467981148	0.5678594887821227	-3.2307064325243156	-0.31056962878351685	-0.01114563136125427	-1.8063735588866667	2.1736638520310136	-0.4227163041985964	-1.2130308331013784	1.166201410323258	-1.167639118365323	0.8768762455891712	-0.7784596353568177	0.6236616546713578	-0.21518915928472004	0.5354154063329408	0.30993267117143386	0.5038975793523798	-0.8834957876541799	-0.6112427074297951	0.6826293601902128	-0.3595543096494885	-0.03364437289151532	-1.6433356399887662	-0.09972736295466529	1.1352064681992655	-0.7304475836241665	0.046122182131171925	-0.3737823636840734	-1.2233102637400874	-0.08391951272547545	0.9409823139218102	0.2284604683254878	-0.02359328273378331	0.23189924990321126	-0.25661691173102724	0.3552347106502581	-0.6267803272644195	0.4314451722854487	0.7959412367254965	-0.8810538519207666	-0.5027214810105362	-0.6042091689774487	0.09466410690857598	-0.023627396402738914	0.15128565606719557	-0.08166988744530906	0.3016155938113259	-1.2993959571690494	0.23219047352900227	-0.6225787197722596	-0.01967553016763554	-0.1965507487083712	0.6796922124596778	0.15821483520403448	-1.068677906740682	-0.7788313003873992	-0.0317624112643635	1.033912388774586	0.23106376593659125	0.4289561332153731	-0.029953151769686968	-0.8751773758137658	-1.105842076522431	-0.35422112828784913	-0.21331767565046433	0.27277665322793293	1.2097567816850447	0.6733029993063734	1.156841767722449	0.043847019783707045	-0.12751884888360998	-0.05419867650260637	0.0861496228535606	0.061677057670107165	-0.2659595254791099	0.5736365866368809	0.32698882890930353	-0.5989741169498211	-0.5923346976254151	1.123400088341591	0.2599317312067032	0.29678811801282945	0.026693161706073595	0.203212831574001	0.21457225023866555	0.7117410770987844	0.12411439941756365	0.30707954938939347	0.9203067892214549	0.11910249035567383	-0.10072192766802351	0.39502067046509903
DTXSID6046210	12.339486727868715	-3.69651959086548	7.231302833476389	4.240759450697279	6.04861574029405	4.920531599264331	-0.9561024524458178	-0.9999478736803864	-1.7734828062090624	-0.37308001469963925	0.24679502736446599	-0.78474622420237	-1.3585445615450478	2.3842021229108825	-2.1591884441614044	2.1920621730252496	-2.045826239727598	0.9436326248664917	-2.156956991804973	1.0928202718793838	0.652052748657917	-0.39343327675679635	-0.6749521249405772	0.29369561129754496	-0.2290942325827721	0.008435888710039129	1.1483221220644835	0.4765377256489874	-0.3928500526586641	0.8457301401789247	0.4296092281831129	-0.690445765793992	-0.3310352940836838	-0.27652410912759806	-1.0180648059897748	-0.40149230477282144	-1.3436383702740546	0.9307121289255077	-0.19246679086387758	-0.9530570963849961	-1.0462349406074924	-0.558621296924512	0.5972438828631857	0.26890206972758185	-0.5979281467641469	-0.13809697558606565	1.0221531086351618	-0.8773056159614422	0.17458006772481804	-0.29962702556293974	0.07827073867408664	-0.29086989990531315	0.3631018425358922	-0.410885816806855	-0.005395405421535696	-0.33195038303202756	-1.4390876795297716	-0.7394623012314241	1.2676454059314475	0.3298385377267164	2.1760464393679597	0.7366639970871102	-0.04484853503374068	1.2210073721931591	1.1628447774688584	0.22084965499048767	-1.444318336463144	1.4171630024901305	-0.3785628185659499	2.2617656936561397	2.3003870414563927	0.6740290976007998	0.2960750470579424	-0.1427789996018145	-1.0586498705081842	1.7707553976481767	-0.07724394590666078	0.472743019130101	-0.25956012069215567	-0.0866060286847353	-0.7452464505204346	-0.943238060937071	0.3050983780907597	0.44439374736462256	0.34121570084728875	0.029693953649850953	-0.46170063897265207	0.17015998198125976	-0.3548402791771659	0.520655610387168	0.9922634548117917	0.8574445745358757	0.10344152404598822	-0.12023096379319076	0.28315817437607127	-0.24397508825575837	0.03617066419669785	-0.367242662129899	-0.2645580482937527	0.8860779189180571
DTXSID2048749	6.602272020679624	2.5695196999867504	0.24334344742178043	-0.686309538651689	-0.11076142130766943	-2.1401467052154195	1.1232529091193317	0.8795537797671431	-1.9079688096994152	-1.9315917695352744	-1.3430115409653929	0.27633560858577105	-1.1685175402544674	3.0608755000561314	1.6103198887496613	0.4458154536250019	-0.9943900607905337	0.2993115645781084	-0.10235910407881028	-1.2548208705415684	-0.5728891998619351	-1.0512909905685162	0.8728639641208635	0.058641958085824904	0.2274686599112425	-0.11842781357956318	-0.6793421347114226	0.6772372330789671	-0.1534645009802435	-1.386785847932359	-1.2164207502778694	0.08799761927441728	1.5762758357627842	0.7858330717922729	0.11458041859629003	-0.8745204331937863	0.5580586419563323	0.5434681993766595	-0.4341096002535259	1.0523257867877052	0.3090579009731277	-0.4889968235195024	0.6099412963211818	-1.0771062055539289	-0.358025572208627	0.9178492326358797	-0.21103294555589827	1.085359659736379	0.6936332014772707	-0.09957502208255527	-0.07183687788989866	-0.09263116396126199	0.6738670831487619	-0.029134427960788037	0.6147347253111246	0.8543803654516241	0.2733296350882924	1.1326272802409116	-0.044196119176416436	-0.6604692040277199	-0.13215669948369418	-0.47975922959717593	0.10031070058222798	-0.24227807233408954	0.004334098548139934	-0.8141784418803231	0.2555676100512256	-1.0513898220929174	-1.0399622542630833	1.3905879722012795	2.652459216607527	0.7231409252090747	-1.7017561668275984	-1.484799610019446	0.18464143564849578	0.1352738319481547	-0.5473304317845968	-0.3024579208131012	0.8029088482008395	-0.31669807055462945	0.9315391335727728	0.8170292373859556	-0.14679469435975268	-0.411445811933978	0.12706577506583625	-0.4937115330775235	0.5476829725755594	0.04367741913889529	-0.3248795509159668	1.107619526223688	0.43174247597432996	0.5048122936384268	-0.7946795640531932	0.37577168570620406	0.2831990783669324	0.6595272537605009	-0.5452500053067006	-0.036061210112845306	0.035762830463125714	-0.1375213667278267
DTXSID7048794	-0.016170347677896154	1.2655919392665047	0.36558194710197206	0.11276107226319848	1.0416626439463232	-0.6681371888195998	-0.43531226746921525	2.8333266271735416	0.9313884113824472	-0.29551986530230756	-1.1102942934495712	-0.7995614827095896	0.6073657612100118	1.328827693870624	0.9217155596090552	0.46826608421312776	0.7918203198294226	1.0443785745180363	0.3986039354703359	-2.5812655503979336	0.8755925793854107	-0.831498364275069	0.560953584176007	1.152456422604021	0.7885327607626595	-2.809415734508951	1.0946241678398696	0.8013719078958469	-0.2094204687970864	3.841063631570638	-2.413814257075764	1.0534602437095366	-2.4418093097141327	-0.6056884838234661	0.5557683353366393	2.1788880248005067	0.3829718451891284	1.2997511564768292	-1.1313877628689664	-1.6785553123911847	1.8133894767602097	-1.1873875595993302	-1.398279086162262	-0.8642730730682631	3.30422873119574	0.6083177248178598	-0.975365080663404	-2.7794833431639154	7.031984810666757	1.7224765312087298	1.413887354165025	0.29333693702201913	-4.188377042283209	1.013210739139341	-2.6263950991794514	0.960179038955011	3.152929534597641	-1.5482604289246986	-2.754129752110538	-2.9087126829895826	2.692643653949691	1.2382564941992855	-0.4649293951787924	0.8236115338097717	0.25418730884815466	1.1205687974277232	-0.1616034390750639	-1.464802060207529	2.236517577796083	-1.2130436229413815	1.8209614108425112	-2.2321055036181736	-2.4554665806693325	-0.484290437788317	0.5499741760481209	3.609191993581332	-0.21772031877332862	-0.9872673276943369	0.037145631860094404	0.8473876787308964	-0.5468421451707756	-0.9606737581627208	0.8083561884792364	-2.0252287313720507	-0.6004726297325752	0.20638250937857636	-0.5920488671174442	-1.377662347704207	0.522969802962095	-0.4329243945347901	0.06183208832506758	-0.02851164349273412	0.28357766066016693	-0.5415307527992611	-0.47469793588430664	-0.0007415791270440393	0.08694632317519904	-0.06489521932976405	-0.3546936369408173	0.9174225001573318
DTXSID1047283	10.387222985610148	3.6389924203223467	2.4381527162906407	4.343754444993041	-0.0967510029079053	-2.33185818814656	2.041253028668824	1.9064601558735759	2.5623374956780074	0.708703186948884	-0.8134823655712186	-0.24640728411189905	0.1592318920854226	1.0066978437510137	3.762561674092366	-0.21948855231223044	-1.692497952190795	-0.03499326738433934	1.4000777816375463	1.1198632130430102	1.4529268777120987	-0.26241827444479776	0.8207692844751644	0.8670007604549262	0.3579630569671947	-0.5376338772902172	0.49383640277189295	-0.6889925489205121	0.33863630857837485	0.9844450967403531	0.39795113780006497	-1.3777404707786998	0.2124850152064827	-1.0784095225316979	0.451306379556099	0.07086911786072692	0.5235452101582002	-1.0446333003460377	1.1341928774799794	-0.5555854727314369	0.5347214583322321	1.5651783920939146	-0.6732107345101664	1.8257401864877305	-0.6041499472692861	0.4622748650116143	0.3779183430071943	0.044781089742448627	-0.19605894937086968	0.10998466473975577	0.413974413634949	0.7720735009133485	-0.32367084128805135	1.0024326392453256	1.0241523672125634	-2.60607936795013	0.3008100348957157	0.40118287988252527	-0.5383350825980552	1.1286445644414889	-0.23090150420707176	1.8662594531512557	-2.2082005049396423	-1.2057542788945896	-0.5460514227080467	-0.9308977565031653	0.975588634075933	1.2024442020940784	-0.07585071763580253	-0.7432563531432712	0.7282842051313545	0.10710530207509272	-0.09811138477044895	-1.1411634650741629	-0.09346215439940675	0.7361299481061625	0.4915879562540124	-1.0557339505814212	-1.512386183943903	-0.6631124817782366	1.0551358016359562	-2.1363906841960523	0.3431996345467585	0.8643923400886345	0.3520352919071381	-3.161272705140717	0.5902985672770179	0.5240591860911357	0.009535468513742307	-0.5313067392347769	0.9216798681268459	-0.08028385712676517	1.4228231696860443	-0.5542855582920964	-0.6868879244553899	-0.15860800080321688	-1.0394941584452821	0.039464906664064506	0.5615191197412343	-0.17985814498570396
DTXSID5057753	9.745543948540561	7.892386290958036	-3.9487974209915713	3.1714773190060526	2.4482541397562185	-1.8127753410929293	-2.8709820001291084	-2.855679510490949	-1.4528897758286698	-0.2087213207258201	-1.4869389355264624	-0.3593617320383815	5.600899960231218	1.1403674877146646	2.8857834202180865	-0.8585083277584467	1.8823759505378168	-1.8047885409536693	-0.02357488244063808	1.369645882434723	-0.6700629541773654	0.0864655587243957	2.605816099472406	-0.3164295042579486	-0.485658445978077	-2.864012872306135	-1.2576194728610692	2.0016623165067515	2.5059271835767842	-2.0825780309134165	3.324022177441074	3.9051538999986124	-4.684179668643355	3.480671332608926	-3.2501707045001265	6.376761796543327	-2.681115160140605	-3.9379873901764215	4.732703959013644	0.9532150505074297	3.810204157429009	3.1095757804806414	-0.6627128202045603	-5.370503094952072	2.2452980818895965	-0.5500789629470968	-0.10090556811640186	-2.632902742087368	0.4157417747131118	-2.1893615727346267	-0.9904576181607375	-4.690092372955332	2.3830901674609484	-5.327777703793095	0.956075229221177	-0.7075189988653059	-0.20881671673790853	3.775723099766701	-1.6937408662408329	3.114919821788344	-2.582794985731946	4.406066317659628	5.145886478546711	-0.008935907303289468	12.32596637604706	1.5043364646008293	5.984895140037298	4.498867615869956	-0.515526003397485	5.206325406255993	-1.3999210122015295	-3.34401859451105	-2.1166634051765434	-1.2010780424742769	2.865850357895152	0.46057540436144934	-2.4826462626841495	-3.0657321007039857	0.20893450422103818	-1.709627487466936	1.8875643811985412	0.6980196936463022	-0.3235497373615372	0.1729912645823446	0.04757306498047122	0.37684836946378025	0.9449641762145436	-0.32714739250292874	0.16608015769283313	-0.027691110773195932	0.7160903262454373	-0.35165083222560817	0.5896536642230048	-0.14152229876272265	-0.44357778790905433	-1.6614873563954984	1.341046510853168	0.3018665509275567	-1.0619104930273808	0.22998810285775595
DTXSID1057824	15.514947844142911	-3.434448828970076	7.02209044637478	4.244033248553146	4.977916375366067	1.4072417737040424	-0.3381807345336574	0.17426577973444748	-2.304488944639685	0.6490617935464971	-0.33072020985296485	0.051049749777935804	-1.3157019196629385	2.5204921341496633	0.17703190776287323	2.265554841565291	-2.272515320004645	0.9976247266131346	-1.7839790132327613	-0.1728262637472878	0.1358279759430424	-0.21632484315244593	-0.7519430946935923	-0.31179896807404295	-0.8217097214052264	0.9565899435758416	-0.20839715088026012	-0.24268018995316384	-0.4978604429303949	-1.2722037750039492	-1.1437394061955775	0.25014313307157765	-0.3879879188451758	0.3056760457637594	0.816840836686714	-0.574132650411816	-0.7138728415251558	0.9086447007164814	-0.3535667019689043	1.5360385307464703	0.07734041372208136	1.1387465534725152	0.31671961978630153	-1.5171077904260422	0.21653750465319485	0.35558575020113165	-0.8737199921805712	0.4933787695418677	0.290670382240365	0.0019402688277711682	-0.06446037315986171	0.11230757301549565	0.18904821629407495	-0.036581633206534805	-0.46522410239953677	0.6519572537015618	0.3684046883534394	1.35240520871216	-0.3477151922592071	-0.06276663698152483	-0.14745311297465982	-0.8191807751305249	0.11573772836972451	-1.3584510708307622	0.8900507159510818	0.06496775483814902	-0.12076234822623451	-1.9069988708407086	0.5237781082594972	-0.4373441913757794	0.7414909587563266	1.0902596893963783	-1.9098121109959014	-0.3286948030205826	0.12515606626960574	-1.0222362504628686	-0.48245904040273424	0.5421219781278858	-0.3320800813733981	0.09056745979618121	1.8795037614159404	0.3938474208873439	-0.484952963591249	0.3348208432144342	0.7325641064320194	0.4707775894274139	-0.13685790444376347	-0.13784593569126571	-0.12262395986063929	0.8778279464470882	0.39135111737118317	-0.02706999674816249	0.007934111007441924	-0.7779080386340398	0.6589758924240119	0.13002403031193518	-0.061295103954666565	0.38657380362904764	-0.2717409828842695	0.02700203359512534
DTXSID6023315	-1.1127249361183327	-0.21645650441510086	-2.11471357575817	1.4154696644474696	-0.4824015643292656	-0.7101604569022784	-3.898602536372334	-2.5909894326965817	-2.8851214970122014	0.5384060879176085	-0.8303298398572941	-1.69778293572456	5.282790561277485	0.06555262549299606	1.2532400283021914	-2.1058958844560203	-0.5666588052552469	0.20638190653839344	-0.19549031022045663	0.4565610898404424	0.3358267451405781	0.9171080663777554	1.0318758975169062	-0.38160781768851104	0.6029285877020518	0.7492911275927756	0.21403758456824473	-0.4445458764390779	-0.694269044888198	-0.02857567027939845	-0.33893465155351776	0.35825822192174844	-0.08039669215156316	0.7816398890079639	-0.2863085449316767	-1.1974801330799938	-0.5584790448918843	-0.045897011800546186	0.1996632239130877	0.29198038984576863	-0.032616652204081296	0.3204479615908365	-0.46336678728549224	0.2945064508319391	-0.44600495498907233	-0.15477348495007331	0.3333443585604315	-0.7538025901281098	-0.21359836053721107	0.0703785490594084	0.02198269594818044	-0.41474444319900844	0.23262183691383553	-0.004550632979745645	-0.1026195810335851	-0.22327762607175997	0.658047773085617	-0.4867725641351311	-0.675824887659512	-0.2963650127558318	0.2514197940424331	-0.04041837131035732	-0.18635510208818185	0.5176881732295725	0.27695768502074347	-0.3566850598093927	-0.5360365288741926	-0.2217390100466731	-0.33307081490869195	-0.9336664566945699	-0.10048767562416214	-0.26401325044627943	0.47728917018762856	-0.4074856712022403	-0.5930112484773743	0.15107277376993733	0.37797193109402966	-0.09069111656887638	0.39900498738940543	-0.4585861120334206	-0.3193258720423305	-0.34203345243014116	0.2913904571282939	0.42129620140734025	-0.002698984579364678	0.15887389682020303	-0.6210936092454408	-0.29272000526000946	0.23275290298886234	-0.31885093699437633	0.08875433685635926	-0.356243130746927	0.4956007997174972	0.4549239611919724	0.18883001755516288	-0.3409939974591304	0.047845339915131145	-0.3674607941192851	0.39921893765005434	0.19089248604549278
DTXSID7025479	-4.468182244428403	0.9417370068806161	0.6015569448733974	0.7965755181823617	-1.135708761552741	-0.43486347789320984	-0.5828938769135527	-0.5652064671267509	1.7172861854581747	0.8167234711888799	0.533048277195663	-0.5623495735451928	-0.14598049362267967	0.0631195746912017	0.3631037532255638	0.8264037437402801	0.001704257872701129	0.8164374607553656	0.01569455042681894	-0.4994871917471425	0.5815016435546269	-0.11530198476132465	0.34235118758764466	-0.01967478227339809	0.5378440810953687	-0.5202372793410761	0.5679793703066162	0.18688435504892742	0.16759381870335824	0.48709429467848336	-0.15717575371983208	-0.5172504620943792	0.07978167059442129	-0.5682088686709363	-0.1861473331263277	0.8209025786903766	-0.4398047766997695	-0.19825511875747337	-0.0856093423773013	-0.28273424432213307	-0.021990257404707277	0.30899987998874023	-0.15439297107729846	0.15413255242134555	0.33844124902031747	-0.1526537925462397	0.39063137096929473	-0.09190089437627039	-0.027038312384591534	0.2476919707322971	0.09172676792562755	-0.020855007026230745	0.4320797208615637	0.1468611283582048	-0.39328465745324237	-0.08387448877736209	0.06718259763019845	-0.20073799044952506	0.10578241118043863	0.7720721932120802	-0.46413073148754586	-0.4578419336221599	0.725680403959253	-0.03438896560221391	-0.15790085095912132	0.049958806399133526	0.001256898269869453	-0.19230669195366912	0.11195582524100019	0.5894113865833719	-0.7168576352789152	0.7950892871725641	0.34909483002231156	-0.43149813759928424	-0.3542410255724513	0.5045710787128687	0.04440720035762963	0.3393856245444444	0.04233528271547854	-0.19971924199143923	0.14993555857915727	-0.6688410009897322	0.3937988481706458	0.1062060134852184	0.125758110291353	-0.16882912014751433	-0.27511336533803005	-0.4297469527473525	-0.20284845481489122	0.5901419332791604	0.3439761684565375	0.11059049199486466	0.017928166544945924	-0.04966662890772196	0.06399523174664913	0.07568115438137347	-0.316118086956165	-0.31097044648897615	0.030631410795902425	0.0076719652273624815
DTXSID6025149	-4.370938393504109	0.8144562205145169	-1.3261428760581961	1.3898756154593572	-1.3025885170214302	-0.7881947000138358	-0.35713506453086186	-0.12997865103163225	1.1433069055361211	3.3113246841792714	0.8069752939582409	-0.5226635625030487	-1.2749840823731693	2.341197339077839	0.40242543202920344	-0.4818411725660373	-1.4639581551542546	0.04165892291980184	-0.13236900348346042	0.13990265165718796	-0.7290949733467614	0.23402650282430015	0.10354842569137733	-0.6982158482720358	0.33853363781486495	0.031140094600277734	0.08273525474380401	-0.31945801246483785	-0.4440887398949278	0.6403461840847728	0.026371910535575645	-0.20349547013298036	-0.1061352469738411	-0.5801993471394313	-0.18469004957562354	-0.08344548114033397	-0.5715262913860805	-0.23342234879268434	-0.0039058656878908494	0.6147801128413025	-0.2417380111610832	0.053514930242314726	0.5150140998567688	0.4428989320291949	0.6153191342981167	-0.3109957534220576	0.6160921295682402	0.227981677050881	-0.28622586806849654	-0.1898989847336285	0.0073179727230146905	-0.06645093667047978	0.49516463623460705	-0.20987562847946883	-0.008857113733144618	-0.7456994126516019	-0.28470467430450086	-0.42269592529097094	0.3560060663730853	0.0054170653544196685	0.6339799163184154	-0.6271291926723987	-0.8093662099574919	0.7044335068841793	0.6868792735440912	0.2322389828896744	0.2197179360489808	-0.06567624455561288	-0.10968454655058105	0.1529021796444063	-0.3196002268253163	-0.4483675703659891	0.49644216894657783	0.176270246448608	0.20481840386962089	0.6046484315430637	-0.37475217014580203	-0.013819006463194393	-0.30245278618572125	0.15124524577073875	0.349952517237703	-0.21161046897913854	0.5596897042545614	-1.0891323233165955	0.0808123293034387	0.20931440883243305	0.36815750732112457	-1.3186676016102183	-0.5605347130515747	-0.6806847379116706	-0.2605197417530307	-0.6072443362328769	-0.6274015171501182	0.02925575744099792	-0.09026907668636962	-0.3525742777616527	0.08872835770439888	0.13505534807974817	0.010409071997486256	0.034606633798973455
DTXSID2046208	2.738055842643929	0.9420091240333809	-0.5903459055646324	2.749214008000473	3.178537217238062	0.7387948528945975	0.9966713561019058	5.050236747996094	1.510606335513649	-1.7555036716861883	-1.5916221373388924	0.8963547298284842	0.0570608162977665	0.014071512409533908	2.312236090036235	0.34677419358325307	2.512265206389409	-1.7408799148684195	-2.859470929063329	-1.3559060958270237	0.17258635370601813	6.519046984332919	1.827252180082334	0.04481162129148503	-0.009441027536188168	2.328803871062807	-0.598379260926386	-1.0639966522911088	-0.793797554644632	0.1978296354024757	2.951077287034406	-3.200341946323646	0.5694186306425693	0.7602228394485148	-0.22389691963406472	-0.13663442336110865	-1.025611632360723	-0.9302776627866112	2.025578794314361	-1.1105368346980302	-1.0771570178564769	-2.6039001078051176	2.0468544755972236	-2.718864928139893	-2.4063727319399315	0.8689532804373938	-0.6093749367160808	-1.3378121425697096	1.2516794912115872	-1.9869881269464815	0.5186286827688631	2.490726661084568	-1.4012251980396806	-0.135679986062826	-1.8585526816606548	-1.2855990128389372	-1.8953668220655795	-1.4729975933259698	-3.1957219571928843	-0.11190809043753036	-2.2125285049940238	1.4608905481628223	-1.5434485370677224	1.0012248054427286	0.041590335920181055	-0.5646151025564836	-1.9005533648182609	-0.5631323957526311	0.6498433287136761	1.5158034706778036	-0.775893375924518	0.09746126339307835	-1.2316947270784158	1.0490516862105868	0.4341853829686667	-2.0743777454611094	-0.4659547691734323	0.8063554580563843	-0.6497062526192917	1.6835107966065332	0.8121140155688602	-0.12344067312259717	0.7997040665349987	-0.30070095506493155	-1.2131167532724556	0.2001581053577041	-0.08904768213902159	0.230673838738308	0.09248715063831556	-0.21707364083791572	0.25455965740129394	0.37038532787655015	-0.21855175480845415	0.09197274581881544	-0.00700782981385647	-0.07603556214271447	0.5277316692993759	0.9382646964863036	0.09530235198283336	0.14340752289900927
DTXSID1031626	-4.109779946276614	1.034334231406604	1.2028739040888985	1.3102094012311019	0.686078031101155	0.2099579870972623	-1.6495776227462096	-0.607841322354559	0.6151323375759966	-1.261894256346526	0.6223818278403359	-0.5720498032714029	-0.8585602487829429	0.06363086497909588	-1.1699602098640907	0.842750831198501	0.13457105198703345	-0.05939680435245178	-0.9822456863375189	0.1789381812618783	0.18423234020146695	-0.3890271736714505	0.9949936318443303	0.1392751318158433	-0.07554926488271796	0.5250227790449417	0.47457565402859186	-0.23205515860218068	-0.18258989224168168	0.19119362754614957	-0.0394302326409397	0.14451893856807993	-0.2741090048448674	0.08471198959052179	-0.14119779912905492	-0.24203180726874837	0.5894309589783452	-0.01146558528895529	-0.18383598984173372	0.2609578245054706	-0.17292077101881861	-0.010089275615927916	-0.07877444895904676	-0.13408876981027149	-0.06580857126376619	-0.1685068714197326	-0.051408901326186716	-0.3642959223803656	-0.01265597784830136	0.16166198049235758	0.11036833830572387	0.027443143148364033	0.027868260379730034	-0.15878868302646026	0.09516523257136816	-0.12761391887629114	0.20119089261694553	-0.04879154468408942	0.08022022598510356	-0.15085442840387564	0.2670411641489059	0.07271413517840188	-0.06884585699222798	0.4332551335540323	-0.014379137196030107	0.4023844012003958	0.3908192706650899	-0.7060176413533317	0.44537972191822683	0.15243221245059457	0.14670981561145902	-0.5324833201108655	0.36631049150125616	0.2083658315076058	0.38499333275815206	-0.568051358125816	0.15077542421538326	0.2172305062772922	0.07077070102352205	0.01776954205195674	0.5369809899878853	0.06979509935308965	-0.5729143922821714	-0.4388608521459029	-0.1356766346524462	0.2890716124215175	0.5737384940741705	-0.08129548225962817	0.1741415908947624	-0.21584926501020676	0.026836386191940967	-0.6224527519230681	0.16506280440092297	-0.2246921241959614	0.4762261840321693	0.010256512342642524	0.35245855541828697	0.2394983249929356	0.04408147730118817	-0.3157738583682257
DTXSID8020755	-4.031912509850762	-0.7504542222242976	-2.9171829219800607	2.6963359949623835	3.3033314064580526	-1.9089763725855349	1.9003661059484012	0.45168100945980755	-0.26957268589960803	1.6167441100328561	-0.5742882815237847	-0.43626092372833525	-0.059111417958965524	-0.43093328252341767	-1.6937280331135418	-0.6839693463637245	-0.10061410536341463	-0.5626200463109673	-0.14273699384899854	1.4781601235103143	-0.27493725144498604	0.09190009215045722	0.9486017008131347	-0.3212981518086066	1.2917109791271302	-1.3266610542576156	0.16268816033361555	1.4521874447830914	1.7327675312100548	-1.3679260387085967	1.3518065694951347	-1.59421955080036	-2.0443272716640215	-0.22410904130961723	1.337927860630019	-2.499039801203207	0.5197957557535591	-1.3911593930003492	-2.9379721061908284	0.1688489644205696	-2.243186906515359	-0.8035445422824005	0.6761062687434612	0.008490543032579193	-2.185158854036481	-0.30310743080135094	-1.607006281845506	-0.96461429712056	0.4554284529945821	0.486786437833227	-0.028957811590874714	-3.5710628266066164	-1.8725290271570172	0.4340291183505476	1.228261699877808	1.3207644589179104	-0.32617340856815014	-0.11599015145397898	-2.3084179190228324	1.104291997846472	1.6770415761849335	-0.8619609534462145	-1.2863820219089321	-1.2510170315889126	-0.21995882065866457	-0.33506000374647715	0.529986386858485	0.9522028196789093	-0.2649215858595415	0.09536298709339922	-1.2370295815054644	0.6292471596242536	-0.8148321674132111	-0.11527555195387706	-0.3986575029630027	0.08251843363267573	-0.054051721904845966	-0.13460997166611638	-0.11493473173393612	-0.3977246444570505	-0.19222697849712955	0.014415431611696436	0.00460995634925922	-0.15811979916662586	0.04596075067685105	0.25846521668360484	0.35417103335184635	-0.05144686912033943	-0.6184409867074524	0.05508067992495946	-0.5033453894301064	0.1091846171154227	-0.23586460737359727	-0.07813314836677156	-0.3591513882126022	-0.021774043930056716	0.155075870033018	-0.21010750482635634	0.2545981123990951	0.1847626060967555
DTXSID6023363	11.096572879459368	4.493495665342564	-1.591272562828546	0.5055976406380814	3.6024137926175452	-3.789651450401423	-1.6749124780311622	0.5820432157190787	-0.4830946338747985	-2.225224407718939	0.9232023241801128	7.6649092332898014	-2.990651867267873	2.313780488785706	1.144665223538567	0.31301460986235685	-1.8196484378958802	-0.21826498069520497	0.6635967011402014	-1.777408144541862	0.366262854313488	-0.09326132081265899	0.5893985698477857	0.12330678193930415	-0.3776455898498057	-0.38567266988535737	0.4997976425364837	-0.014988948956623805	-0.07796541447744933	-1.1649519969279432	-2.1194599127695666	0.09509044204984497	0.6479500244212854	0.705248560737005	-1.5624698437180908	-1.9181558167798443	-1.0766596187300468	-0.6815777329796633	-1.5011242208362745	0.4949783790505166	0.35455907557175564	0.6730875615118047	0.649631435899391	0.41931405044643405	-0.9597912505361865	-0.22212918887647015	-0.09641703591128133	-0.6135975096272346	-0.18779974271130667	-0.4175420833284133	-0.2676990034476609	-0.7336766494632152	0.05175982028381612	-0.09762316869262389	0.26488067964661116	-0.2418346857509451	-0.4341641967537035	1.4889106007362778	-0.6643282508645619	-1.3312664212295542	0.1597593062978635	-0.16175102902205388	-0.5514441211374644	0.5277239979383397	-0.08057902235411925	-0.8701510036556706	-0.00275222235625867	-2.0167760648183024	0.6027462706425981	-0.6360739545223456	0.5141889359791912	-0.37696965054600284	0.1995014323509907	-0.4515616875705905	1.2730604683000317	-0.10696227302920226	0.044886674109958044	-1.3822447726307814	-0.9330561611068847	-0.27517506483704035	1.3189822449638111	0.5013264801851206	0.7891957747151784	1.2082896750310663	0.6340611272467761	0.501685164872546	0.20890667575818178	-1.4721894501236563	0.7908816549215646	2.0149619075049405	0.5212351110808502	1.95947882114008	-0.10741352989607249	-0.7443975161144292	0.7695772612440597	-0.4564352584341931	-0.7550743854825149	-0.036090878025016274	-0.27041303473936884	-0.0795394314661939
DTXSID1022057	-7.180993724263026	-1.885116586554231	0.3663030550207346	-0.8094211005806232	-1.1264929723715615	2.3215382974051706	0.0630570541021834	1.7966237350706116	-0.8349308236243571	0.06889826383967447	-0.09568062445470267	0.19840205851430262	0.2784855485514609	-0.10977983321783051	-0.4754194488087191	-0.3044019280294754	-0.047157378841709	-0.5158034509321698	-0.23178765574346188	-0.22612348970418966	-0.11019467462626711	-0.2931421369365978	1.2124707094120952	0.5253719535423431	-0.40887844098789033	0.2710158754286423	0.49672640604941515	0.5602823663117651	0.07623545677137852	-0.07008975067290593	0.3047653460483941	0.2675539767484569	0.5631682190969712	-0.48888100432260617	0.13868674727262142	-0.15059125744204557	0.22618606654093099	-0.598905314957745	-0.13351608795483783	0.3929172850542281	0.030872080662003316	-0.2673434823898958	0.032772110055988825	0.6059589689498986	-0.2623064923855993	-0.24635375168404602	0.3463325488167072	-0.34362617068598483	0.061683730581865555	-0.007502901458205354	0.13364569833433287	-0.1756265822558519	0.3198412016335555	0.003545432264744595	0.01905357729351392	-0.046066048028463355	0.08857857817518888	0.04503934199096527	-0.07713663134275017	-0.4002326112880289	-0.02875186568124326	-0.04646238054121117	-0.07683761394742016	0.6441220429438449	-0.4921466124743463	0.19432166093396783	0.6744067150416333	-0.2569932349126603	-0.5775652655624607	0.12721574528824806	0.023270232579742197	0.13959015966892432	-0.15649021093946192	-0.34371489358689167	0.19271609445735532	0.30854672058640725	-0.2782467799826328	-0.16874328092193558	0.4763592473795524	-0.44652441333312803	0.5438452915271494	-0.1573000871695117	-0.10407636541898523	-0.5147355263548935	-0.15260444660610986	-0.4030469768777222	-0.21432002180376725	0.024964255058695053	-0.0592103865603917	0.37022924190892137	-0.10148601150883617	0.039289626905081275	-0.20779088551681718	0.04135543764601812	-0.27724246113781087	-0.28755003187107153	-0.2653997041380385	-0.012010822671673204	-0.01716872384019065	-0.40198394181710095
DTXSID0038756	-5.047128103825659	-0.3005933780420598	0.152597063752353	0.6044171126210857	0.742085288667422	0.6205620656434501	-1.5915403379880553	-1.0829550893308366	0.8786466219103541	-1.2273463044690496	0.07637326702408868	0.006616474241987336	-0.2617241346853017	-0.06386529278657949	-0.7551933190465948	-0.09107786514694516	0.15902349307896196	-0.5072076845130205	-0.36554744175300274	-0.08905595081866277	0.320329089764409	-0.31149523144905916	1.0859765428401422	0.17245420430268496	-0.23013037086755653	-0.21991794253636474	-0.11357693128262251	0.3647317994425232	-0.012491402095702776	-0.3589508952501216	0.44742393977405875	0.4802553846623577	0.3775373410203266	-0.37566086047147274	-0.18209130441025337	-0.5390775162398111	1.443881246473245	-1.1382778075863997	0.6203911943821508	0.20287106502512234	-1.4492239672674303	0.5176983833134069	0.5501857737507931	1.9310906282656333	2.1808664843919074	0.2778488205886239	-1.8988194372663272	1.7835066752272426	1.0020678143786934	-0.8917550229395464	-0.30893965822654934	1.376458868531418	-1.5780502299675727	0.09642423752834259	0.0487006472334584	-0.5573679367538157	-1.914613004714124	1.1258121816775755	-0.24941171662384368	-0.5085054230214694	-0.5326040514074768	-0.5644866664222762	0.22118429671469841	-0.23377745197428834	1.187594659018023	-0.18422066731984205	-1.18261915674066	1.1621555834858615	-0.4193819487387409	-0.6591893473322251	-0.26576145585048594	0.36723053103557435	-0.4891961819215861	0.18386828499626345	-0.1682622613617679	1.282628087084075	0.21403516148204071	0.4016452177588442	-0.059527168481250295	-0.03759572046158461	-0.15777254016868286	0.3621294512186778	0.016225377410024642	0.3607862059783227	0.4831266663426638	-0.02761555777197836	-0.8996645780408928	-0.623585604173841	-0.37956739378771626	0.29746240733012075	0.5176863388156457	-0.14541609596322183	-1.0915580954126198	0.18558367053370134	0.5826812101586251	-0.2935727794338694	-0.18159889115854616	-0.18904800365126323	0.5029519078988751	-0.06358479810059824
DTXSID3046403	-2.3123293571287133	-0.46534302586843296	-2.5181609393767936	1.5160445575305468	-0.6000803012722224	-0.5143191023717739	-4.093423308661142	-2.7012132522111023	-2.6943801108315544	0.6319042196084815	-0.6469842700912368	-1.7208022259003926	5.377032208785097	-0.2245493308568266	0.8638322343818265	-2.199794758981	-0.7078977672057343	-0.1153616171207537	-0.00915983618056442	0.7627820600563987	0.279908030400985	1.154432021309725	0.6315870773471698	-0.36960657975580247	0.3805296229990588	0.7704396831215874	0.23416591661191588	-0.1784172907593324	-0.66341405970324	-0.03630185704242029	-0.30001213247727887	0.5340586214109504	-0.12351023337363413	0.7891717672672871	-0.09338530455192319	-1.283254554681932	-0.601384512592944	-0.09991915030216494	0.31949822861827626	0.1239645892246062	-0.1695775635462161	0.39982041449158534	-0.35362599636212	0.22330359353333593	-0.25478366217745063	-0.12265854835630631	0.27167492791814757	-0.7385610249503644	-0.26240721038117526	0.05475738048964606	0.04566459261371097	-0.37235614185377053	0.17286096834220338	0.061705609753242005	-0.11281635641534939	-0.10816755844252028	0.558794997690065	-0.5592681618194498	-0.5689572819825621	-0.16634606043481695	0.18654817564762755	-0.018997870532172275	-0.19265410353559148	0.49747688398636003	0.3767384409398852	-0.2066280006293916	-0.3907271525729884	-0.369208884260468	-0.07956953448747181	-0.9074646234868824	-0.07932549200696044	-0.3212178025140829	0.3405709983882055	-0.14639400513444326	-0.706129409701026	0.39158825145005444	0.13829776994857323	0.23150673334212293	-0.029055267472419363	-0.11929250733522039	0.11407399130238487	-0.01982189566238221	0.19498822918048986	0.6719369665397036	0.16328823831610487	0.00718607673806964	-1.003204924598869	-0.3171750795047694	0.0809129659373822	0.11471351355441879	0.09719092304892837	0.1590284618026209	0.0759173563039349	0.2330884587584338	0.4130375310598903	-0.24681707428703414	-0.11572373346992625	-0.34579634648649205	0.6554430243386822	0.03318369860458252
DTXSID9046231	0.19337008595100744	0.6922621255502194	-0.715721400283981	0.5961330656421673	2.0093273366873854	0.2657504768929025	-3.031440258305384	0.8360104351205492	-2.76553455858829	-1.8643514984453333	2.16447848712998	-0.9532878302531442	0.7473986248004361	1.965562391075202	0.4544372188942402	-0.1809665019969267	-0.16455452673395474	0.4696369312340598	-0.6767003002403902	0.8974796407651568	0.6113476354630147	-0.5799549777323948	-0.291627728161592	0.6598999106085381	0.11448407828616983	0.1284330243871287	1.9378427600591137	-0.2724355889565215	-0.4893450369241099	1.5507733291117938	0.8499480219936274	0.5726380221215459	1.9613746528402443	0.9966082674648765	0.30990867199418864	0.041328834057436564	0.8057394809189984	-1.0875150920724683	0.6792180830447786	-0.4076357197517177	0.031201041793799573	-0.02532414812143597	-0.7323497610875577	-0.48076417896629486	-0.8088058733333756	-0.04813728514999678	0.02660567991409785	0.10983389133069517	-0.42178759263436794	-0.2660491302792983	-0.07115161698104754	0.053367521675600355	-0.28704830041188484	0.2003953837021562	1.320763114802465	-0.5680443112821782	1.0215370404222837	-0.43519253766809923	-0.31444521760925837	-0.09321792845918837	-0.6491919437751499	-0.31696413188551675	-0.4722040988653125	-0.9593872948129631	-0.5016925997424677	0.40738046160005725	0.5360116248154098	0.12951711630209242	-0.2354804132195128	-0.75316044925762	-0.4445735910485983	-0.5816189768538425	-0.23824320251163866	-0.40979188784037235	0.1766355313204846	-0.03401095298157487	-0.11459707025985581	-0.5756959011159557	-0.6563833759395026	-0.25651300920131087	-0.7998404679288745	-0.0035566007020960016	-1.048067035189465	0.09745809867666667	0.692357045708932	0.5731113729925523	0.13565874404196132	-0.004932221500374137	-0.20679910237947768	0.2253679673581133	0.024145976763084852	0.07226789647784063	-0.2536792095118849	0.09974915657254481	0.9229825191034058	0.19040566106326667	-0.3361986938478394	-0.21123220939793508	-0.09451393074752279	0.24016418614868756
DTXSID70870515	1.3470005207460658	-2.4087196071426953	-4.528402850107437	-9.119279060240752	4.127718451286692	7.641428283147418	-1.1630172773627483	-3.222755186166892	6.0154818286838925	-2.2952551043739637	2.3680983235527444	-1.1734341057896263	1.1048642131559583	5.65617193419364	-1.2692188482291258	1.4769123728981415	-1.952941161469771	-1.4781722060783957	2.239635248933909	-0.42981642384950625	-1.389684611500152	1.5442244057050278	0.2523885492906004	-0.9531816286797168	0.6271574969534613	-0.7405819623718743	-1.958002935920392	0.2582833222561804	0.16837018790506736	-0.5562768055231114	-1.179782610880988	-0.6697398927751803	-0.21239478988740895	-0.19995192072602092	-0.08254622327269315	-0.11234610266684943	-0.09746606172833287	-0.16710678680316954	0.17245532713776537	-0.1216118656736522	0.439220126086537	-0.007300572527801781	-0.4229258635627188	-0.16974190439188375	-0.08803133789943085	0.5235379644174087	-0.4608713935889432	0.4586995436931651	-0.1475219533376752	0.2821001602303248	-0.11065373517035469	0.06307249212093943	-0.09980727427325377	-0.029153934575375136	0.4257527175140994	0.2697320298146183	-0.056789409461386324	0.7442300308669965	-0.5726086292500587	0.1851403872278269	-0.442613563584179	0.535807638873423	0.007354993593955204	-0.010336599978817048	0.08224966385849661	-1.0532084156480608	0.5232094156122911	-0.46599371155187974	0.18751611588049608	-0.4821336149523402	-0.10204393977841342	0.16473672862561217	0.021922580119614028	0.5923595159976853	-2.094755155194858	-0.2409316914542285	-0.5337792365904912	-0.2767857014863938	0.1648079067066621	0.20576302164145643	0.42984022135678496	0.43560156826598884	0.5631562059128365	-0.16665036468229671	-0.8439614328279518	0.11715751831977553	0.05823537223886756	-1.0322555836130143	0.406501754740527	-0.005912429809057031	0.7921472235333774	0.5022808451816005	-0.28417338496150957	0.19867896239284766	-0.20539604818060642	-0.007270717075973097	-0.2751905477500116	0.21019595138797909	-0.5614137676207185	-0.11591011420104488
DTXSID1045081	2.4474505644563838	5.707905463427858	-4.241792461093356	3.3400346523255706	-1.6123324302350364	-0.6893890130398012	-4.078662493126285	-4.527747262978886	-3.7340923667026518	-3.334721481813231	-2.20843884620497	-1.9081662824188648	7.94943229004142	-0.7195842650153944	1.1147143800955641	-1.549488880046435	-2.36956781179543	0.46292042942676054	-0.8760022243899547	2.3272723103425528	-0.7312011993918482	1.3667570254918695	0.15996289341259037	0.08120248972545702	1.4810806767102818	-0.5226263225280211	0.03979579529034699	1.5453457630617453	0.7416122980588871	-0.5934355834845443	0.5971115992287435	-1.6269687701739672	-1.5910861394226512	-0.8052781871391822	-0.43448657671916147	0.7343387700659727	-1.736460397069838	0.3541787689031956	-2.0180779017038653	-0.5696937276925932	0.4923360611928117	-0.1351254661336937	1.8425044672759607	0.4524909591986088	0.2364110822426286	-0.9198392065292378	-0.26704668009471627	0.10663450836539577	0.28956589628767254	0.6135917290162012	0.4210872886414133	-0.11726700322501582	0.5702312487317197	0.4816057589791671	-1.2663392798073565	0.6251940681505491	-0.07818955905322753	0.9217960824154268	0.9705152730863773	-0.18932488489161103	-0.4932320338709077	0.46613548839621893	0.7740988259703542	-0.608235143204427	0.07530473247851065	0.1753791695690872	0.23694211560457254	-1.485688825071161	-0.2199169604183427	0.41480043044420256	-1.370369026084233	0.719608225175765	0.6804003482826315	-1.610687088504971	0.2854912867170741	-1.0372876175024528	-0.5425358468306146	-0.6758085811201332	0.6045671639398305	-0.5257245464401126	-0.7618091232017222	-0.3243334430565408	0.27295079502840075	0.3257140179572101	-0.507642045111972	-0.519128836142062	-1.1973332077948098	-0.2500275675758067	0.2354370420390914	0.07479459387130494	-0.15585653864985888	0.4414420633791122	0.579853606006401	0.6592153806771366	0.006190619357229376	-0.31151976227344996	1.3106244745841642	0.25271739702429186	0.3261248862431502	0.2634480796834557
DTXSID1020306	-7.207441743172761	-2.3918899060552667	0.08786422304984215	-2.810584255796881	-2.047941321938954	3.6604038267203824	-0.6557804744729603	2.5253343443254943	-0.1577435295871021	0.3696336926135832	0.29561781361666595	-0.0964616436883668	0.657466867599729	-1.0404814304159795	-1.3661757587116368	0.3186169354076645	-0.9135991736930822	-0.49698734067042794	-0.12457705630585524	0.48465285397591873	-0.025765012712276124	0.3728825224252574	-0.8947411784011243	-0.4810036283623283	0.08721675847233724	-0.44850934013084387	-0.099110234230508	-0.0027469996691210814	0.15770517955645003	-0.05731337648021653	-0.12682034273138218	0.5467063466565956	0.1304470942442834	-0.14612062551622212	0.7894494157278519	-0.1849566762428819	0.051583703502133385	-0.3978751383523787	0.13768888421944184	0.2064186573642787	-0.43733118469020416	-0.4000261016539141	0.01001677751672741	-0.16817600832370072	0.2006616147110784	0.0294059142848579	-0.14768101570905753	-0.29604853638502593	0.3503269518874831	0.007146077083609329	0.17058238702374443	-0.19445800519547013	0.17643377551549633	-0.20003684311953798	0.17424552423080147	0.18127766185862057	-0.2284460560120393	0.1179592839950104	0.34865718264229584	-0.10666209950691631	-0.6359816787280925	-0.0516929124605702	0.08239956700749886	0.022852811090182314	-0.26340570320939377	0.4880417457397212	0.28690290209090746	0.023246321376111084	-0.22815261373148818	0.5101158409848351	0.7925214635912124	0.432902443329051	0.5083293636062723	-0.011913239400849441	-0.24667322565341532	-0.3650293370950078	-0.16882553310017384	-0.3791975667065052	-0.1528267344301805	0.3560876614613534	0.6197341803301569	-0.8343828964412102	-0.14201856848778	-1.0067945776573577	0.277489538059435	0.3264698210717761	-0.32462082700169737	-0.5740239891702877	0.6970200534763	0.07097729466618255	-0.48005191896276433	0.0674975314466948	0.5863901647975265	0.3334469554598899	-0.3675566045419942	0.4465834148172596	0.13515739595957793	-0.28244582851342626	0.3728729359825612	0.017759683224275367
DTXSID1024126	5.421745725387591	-2.054448925897184	2.468435778812815	0.11254987768288288	-4.667578219143529	12.124452152126857	2.1055155391292204	8.132543083402462	-2.52297613725206	0.4717186244745089	0.32041723453122356	0.3847953723081898	0.08174989194967372	-2.189126124887248	-0.7547258106948468	-2.2926027945081637	-0.587250467225086	-2.724132646951469	2.657193420875409	0.47698726496119526	-1.1721399643838337	1.3839642983105451	-0.10102564965130006	0.22876958344091364	-0.4893205124748887	1.7440755487544537	2.6358057116999216	2.3155150223072964	0.6242092497835525	-0.7592880078586369	-0.7714857887799778	2.2207402123661266	-0.04681916727232458	0.5837490851503623	1.5748254948408835	-0.14432463517964988	-0.8423923243395305	-0.885532647098571	-0.7543113980513104	-0.12876600621627945	-0.6932926911611943	-0.9776511772815284	1.5640052913262346	1.5437609089937199	0.4288442718770109	-0.6558662339628059	0.7263608704272563	-1.1668880078668755	0.6647834433821055	-0.503434940726692	0.4382036731649062	-0.12483191610972844	1.0659375830003328	-0.026881699585293593	-0.08766473955967703	0.6426874689550385	-0.7075509174621477	0.26272513882833043	1.2417886616024474	-1.4466120260675692	-0.6862608548764594	-0.036603934603439595	-0.15323203201736216	1.0936469639538313	0.2944696758410039	0.2551622129746883	0.7960528469998888	-0.20102135620223555	0.2857259755854481	-0.7146090555235785	-0.20686758605181263	1.021371326336305	-1.6796000039588372	-0.08704761566025253	-0.29554897249331896	-0.6436213061523305	0.07230751807115289	0.5045790791683656	2.3985531814324923	-2.4392145884414784	2.0146977320769204	0.2926646921306681	0.08038622726947454	-0.9042197526921922	0.4012608142077456	-0.83916414534362	0.5703256810300682	-0.6808435942539374	0.10928454775967175	0.43290401640653026	-0.37954189657819015	-0.314473205125738	2.915332081483772	0.804513148456055	-1.2753243199965205	0.18828116237067374	-0.11973956087793407	-0.29265467200825107	1.093810068063908	0.45828614768034603
DTXSID4041654	-0.007096064920956223	1.0411157133237512	2.9850148815161246	-0.5898251927435489	0.07768561680475243	-1.5014764198629962	-0.8159636113711475	-0.10766741776220765	0.37063173242536257	-1.3293027066989607	-0.10170468787326835	0.11121780207666361	-0.463662455701304	1.1872636775266514	-0.5592858845569658	-0.4666204929577025	1.2430491181623233	-0.19408672055071302	0.5910312763130383	-0.9451571133680202	0.39736299772454614	-0.27509351003379234	0.5901745605421579	0.4202249157098343	-0.43812523471208353	0.43148758987613045	-0.20488189107837973	-0.24696892226908249	0.22947440791952653	-0.7032683746263486	-0.3603756414105486	0.1364198130441291	-0.6068017505911115	-0.35152342413243803	-0.3300008583375699	0.28975730304664876	-0.1118957116042469	0.6465506251020408	-0.674517481833252	-0.238675043718607	0.21812476366971992	0.2440305962052313	-0.29040285970412266	-0.04031834513263667	-0.4214179378179304	0.09463042391263728	0.12975967000563368	-0.2716216303053593	-0.1198277389697467	-0.13199266454764114	-0.08116989919207032	0.043095220715868146	0.04107825032020926	-0.2755013039761648	-0.3445168382963955	-0.08006692577879432	-0.17717960420983728	0.2927525726651008	-0.42645453537571476	-0.17356360164943788	-0.01853058277437923	0.07851755731583233	0.37945249459788566	-0.18398076084655943	-0.20060440855107817	-0.719513874142564	-0.18080748917524536	-0.15811395746631393	0.3106469956036764	0.2804786072442758	0.10449779449107995	-0.3994621331366699	0.6467532732141622	0.0838361614117071	-0.5778569611762503	0.44153718493813404	-0.008543028782629922	0.1501852500038223	-0.4488989557760414	0.21883947030631185	0.1337375044492314	0.06179065817895343	-0.47643651114754976	0.034821911180809864	0.07150503128899409	0.29779622420869045	0.02356791627986971	0.03162660554581962	-0.0649977635895634	-0.03151859513797067	-0.2557402712163732	0.35229825657871044	-0.09894623722740604	0.24372112428987192	0.13181559732172382	0.3070959945500911	-0.275088732112315	0.11207881688956962	0.10955246141583502	-0.2536067642111341
DTXSID1027978	3.062319101825069	1.6356144931728218	0.6961780719173709	0.5058197650463054	0.6296339369854265	-2.6105175708154285	-1.4087819196027658	-1.330825331514027	-0.4039046072484448	2.188452306015756	-5.0537621573064975	-1.2987254839409499	4.534096420162015	-0.8347621864547135	-0.25945121736598964	-0.5464549593855053	-0.39320230129081435	0.2520203247143904	-0.616567424763287	0.033481523744292446	0.8768624298280039	0.9570339419939358	0.8003366367937935	-1.508065741085627	2.1877087498697687	0.08554117985593575	0.13786773305778288	-0.4385697736034688	0.4251745064408789	-1.159674266557443	-2.416369612085222	-0.08858793052163685	-1.5705967110678647	0.8147401489567885	1.4522223472046776	-1.7101115664900235	0.12451512840013898	-1.2265369350334292	-2.036771611804784	-0.5463678998800786	-2.2007063503510795	-0.06142189578120968	-0.5638960070434665	-1.134657599732956	-1.9710639384037463	-0.009345172255286187	-2.344885456402773	-0.7205035898280487	0.12578882129012697	0.6550637076497798	0.059622607846148416	-3.317636459672319	-1.099959243755271	0.8745615118438239	1.6162231039799342	2.1998138311666153	-0.1198540509404953	0.9507038136728242	-2.1177966212194086	2.0520290282299634	1.7045973904946905	0.8055269286796934	-1.500405205519392	-0.9945707972125387	-0.14805444503232265	-1.524827127712591	0.6446067064888004	1.0336998179398085	0.35975978942452697	1.541322781067428	-1.721332441924478	0.8554801982222452	-0.37149548597165566	0.5683582260077625	-0.5271560531750096	0.8646603445403759	0.39431673934565264	-0.3475984809417031	0.37492254824686866	-0.895373002324316	0.2942011581275552	-1.0433105805983398	0.5128664503841585	0.3215568095910867	-0.1513464908968554	0.034202343830927566	-0.31281286048804935	0.7723471939295568	0.18789142762626374	-0.07751255028500291	-0.1221707420171283	0.9406900651937511	0.4669209204171331	0.9236923641492365	-0.41811424934641317	0.3287943915745355	0.4362443225476564	-0.43069540684614716	-0.40499346959572674	0.9839622084815095
DTXSID5046803	-1.3202336235095002	3.0925578053344283	-3.688941817052604	3.142829510530804	0.10018893036381314	-0.510904372472241	3.858742133097799	-0.4639663787457708	-0.7125414578197814	0.9152775899757081	0.8896238075483984	-1.4824324358760557	0.32486144114563015	0.0015342047551826024	-2.147353344855397	0.5448178692947043	-1.8461039694679076	0.4047804897079903	3.122878172756084	-1.446608489686038	1.7931714819542013	0.8893873257106495	-0.12749346148809482	0.29870527804375885	-0.679871502048394	1.5064843101015715	-0.5777537057779075	-1.3609571526688586	-1.2711394223363959	0.4775550520176051	-0.035988025085204926	-0.10485915242164441	0.4526373559091836	0.19618946165318538	0.005093150613763631	-0.4765671845199899	0.5194489543118332	-0.4849188572151914	-0.417528299281905	0.2578697206195244	1.3542277568868768	0.5544643145413235	0.35501111412555775	-0.23809863445018078	0.3604111470714657	-0.7705914603302308	-0.8291589927669243	0.08734251994251854	-0.17753989178540316	-0.19194217750291212	-0.06815011635621439	-0.46686925766545107	0.07180627402771018	-0.2323191438153069	-0.23745483867197878	0.1140672479380892	1.1006490114451255	0.16223861154136193	0.3860271416718813	0.11941360316451621	-0.14733906150987586	0.4130776127215589	-0.9037855291261072	-0.18062573266807783	0.502888408045789	0.10693229671159303	-0.500685757962282	0.4520571317284443	0.5914107664482121	0.8507942021964053	0.4703310745067763	-0.4703181748418835	-0.09193351334223182	1.0965417014217609	-0.1001542232159115	0.10811247995256203	-0.4139559445758791	1.2829430846690308	-0.3618051301872838	0.09992345118637372	-0.038230680144817474	0.01330562639484325	-0.7263814027167009	0.14131114116936327	0.04717118372866027	0.5098854104367277	-0.2595624598862546	-0.032924741229326204	0.003953800822292481	-0.1335856575569236	-0.13714908019518568	0.15464765568360292	0.5213517173402152	0.22745281882307747	-0.055227015146393735	0.5900274435599983	0.5856872790347696	1.2470522497447982	-1.121322427721483	-0.014516212177414398
DTXSID0027228	-6.844082352364267	-2.164752962865161	0.8562949845180589	0.6252814787725298	-0.25812624363096776	0.26991619421554675	0.5398997189560031	-1.1648461245063813	-0.6759622448132264	0.08125345971899423	-0.3723337836229022	1.448250160554825	1.322611167111171	0.9318279276535866	1.010817666729625	3.1091410747885364	3.803624197976544	-2.4220365246312587	0.8058592396213402	1.379895755171154	-0.9924818829161494	-1.535662918738645	0.21012261533920687	0.10555881309996994	-0.6018891201525364	0.9065393940780309	-0.7347793721945828	-0.1538782487260242	-1.0076843672254294	0.566987461502243	1.0192559269804398	0.2828374272684065	0.7168784041233619	-0.6793487177051221	-0.21098697593042567	-0.8812410490996322	-0.08916332149847384	0.5085185453310017	-0.35719240385735457	0.5949184496087453	0.7917829231677582	-0.3973997274030278	-0.8013327824947127	0.4300488428482056	0.39049989626438836	-1.4467990957142187	-0.28825289648325253	-0.12845272173060215	0.1274709503026124	-0.30484014599276676	0.19685437533295638	-0.4291857628377576	-0.3106242266670265	0.15743023173993284	-0.6844866410386502	0.4252320035498549	0.6317392170904182	0.28843050584026264	1.260655915776009	-0.01566352775888972	0.4808288728092195	-0.8030489709315777	-0.9198289018861934	0.9590333847831424	-0.5278685639714091	-0.5400735228195983	0.4682836458027866	0.20627249734067565	-0.2798962320567878	0.8212956660670321	-0.731665568425057	-0.4061535378670047	-0.9718518207093179	-1.056372478014445	-0.3129525269680716	0.03278744874438878	0.17843823536480796	-0.42557934824166066	0.21724665227817522	-0.5520633207113091	0.4011720943467615	-0.2149843270478964	0.05105315586566989	-0.010015862613596627	-0.04661640060702025	-0.6676547732211927	0.3109784005792488	0.3547258364035846	-0.3810367218981382	0.4420381216378901	-0.3799689286992432	0.15726605098758045	-0.2618925398089835	-0.523063940685596	0.03261233523796654	-0.1858555665057975	-0.4590199870783338	-0.0912441558528282	-0.11684162925432857	-0.14967837373722095
DTXSID7027099	4.925075039676877	0.6093831576181773	7.72520893217051	-6.4693360247051475	-0.08939228024355804	-5.49521495316712	0.6887566382018945	-0.4185565353005335	0.22511066953609518	0.3314561120736588	0.3992034247742323	1.3166420333938549	1.9022525969146122	-1.1759239587094665	-3.553676886832557	-1.1861734308511696	0.0031334972935993374	-1.7668199099791253	0.675145267952644	0.2618838204297883	-0.3955313463129132	0.7437340451545342	1.1742207732298486	0.14303887786935615	-0.7924738940046261	0.39157815695321885	0.7945213128169384	0.3527796986466055	0.5347386599114554	0.6772918591814794	0.9326509085240979	-0.8478137792606666	0.043879707891091156	-0.7931057692502809	-0.21637700628015677	0.01253697541662778	0.1091840921510997	-0.22511663371989823	0.07300025398776647	0.5187912190939983	0.2190015314671749	0.03212734552358656	0.14043164438578862	0.3530641279793553	0.31011553230910427	-0.5757420615889659	0.11716416850607186	-0.10456742741555693	0.06462333983117216	0.0523797472350067	0.09659841829599532	-0.18053239610946042	0.17386772093309477	0.13840917884674622	0.011728641217385762	0.25943528993045273	0.0656510628058025	-0.19109320123835963	0.4403407475877292	0.02050123304445819	0.14240087500367155	-0.08592117453745274	-0.4163374707361706	0.27142110252006596	0.012783793309701154	0.2222277792295264	0.6226051544486025	-0.3327452879129765	0.08942401323342268	0.07377203934066276	0.5062594443167373	0.22003623337721157	-0.337250844989164	0.12381765554316762	0.054788545720925716	-0.2009039469232746	-0.18800392490406903	-0.057093633087685336	-0.15976708196888342	0.17997256499474704	0.09638427766344587	0.12370075423924702	-0.1994713331465954	-0.2235895500813132	-0.09596940025409201	-0.18744443415067458	0.24081364869523453	0.09124391509356305	0.19815948991186064	0.2106438971573375	0.2126205784740033	0.1043522818039139	-0.4526444011471117	-0.6884409729414457	0.005549078026261525	-0.034483872216527704	-0.08160325104687371	0.01963544515141574	-0.07713384020627197	0.09084774477216016
DTXSID0044949	-2.5793734571749285	-4.466029177247399	0.07318744880049731	0.39561430305048145	-2.058232794369741	-0.5523320897823695	-0.1407737395340346	0.3220496808970151	0.3565136411868123	-0.6682078812589898	-0.717381028053772	0.4126299980209666	-0.5451874543205903	1.325025824875267	0.9819023145597278	-0.1916258436920096	0.2148347290633773	0.4952006780773572	0.39787264906368935	-0.3467183447233117	0.4890244937633348	-0.3466314805187202	-0.4622538660715922	0.10948875610260528	-0.07758848606867727	0.34598606244751057	0.27154206898267286	0.027064413158900538	0.14104738382596926	-0.29858378316306144	0.5870180169950103	0.33569022392723846	-0.2737936610095794	-0.27147968515734294	-0.017563276466060786	0.48983860231799675	0.051129899074339985	0.5618946710018315	0.32620691959391973	0.5284830303465077	-0.31527720294589306	-0.13192141806378507	0.005601101848155899	0.07010306752321625	-0.3298365178962168	0.05588823896371493	0.15176272709651775	-0.11332267866095275	0.13316025762931666	0.2731865237317564	0.050865236060485465	0.16930136673136625	0.04967362430809139	-0.21867883180638437	0.0210012695471886	-0.1703845370523926	-0.15031669858185112	-0.24752099841670008	0.03134052991166007	0.21905030497970746	0.3789048672607972	0.09637771623350912	0.27352958396383514	0.22443712797526333	-0.23424742840281904	-0.4058413318150104	0.6521239559695932	-0.5423217124496745	0.05981344529287692	0.540892771277634	-0.08881457991527462	0.07306793547406647	-0.5485794682012823	0.16333538472202377	0.47220109736317645	0.6651251365794015	0.3568140089897251	1.058069470794206	-0.07698001710506576	-0.2575927069563478	0.16688002539020919	-0.13929820641988472	-0.203284693650679	0.431118966676532	0.32582117786841336	0.05731558235584542	-0.5330063690828871	-0.061934109345875	0.050656715124517006	-0.42609326685703697	-0.13981171472567214	0.18692731587103115	-0.16305678919965774	0.2622082024871609	-0.3549581387975758	0.15641391534362883	0.00920750553908302	0.22548865302371435	0.5746873340125546	-0.27940426933885504
DTXSID1022508	1.4855335541830452	2.7616826970558184	4.253695333251735	-2.853690570642265	-2.676794310542471	-2.779479789743588	-1.5477519755760278	-3.3353762427353666	0.055214961554253865	-0.20375076318290883	-2.916942133692398	0.21900367719856212	5.825837247581969	-1.8535166719106706	-2.038222292082652	-1.5935985539466984	-0.9734680021917497	-0.79739272850083	-0.5336288310451195	1.0328274223571996	0.03849012764351183	1.1239620284289298	0.429119403815335	-0.3187213517095389	-0.05011072283164468	0.79261893368986	1.0319015581819562	-0.10186437683502299	0.08136342790405215	0.6980445132934184	0.3177852524498199	-0.8704747080099864	-0.461825516418464	0.008343466167615311	0.44712782157127995	0.38706420034965344	-1.4295996423522455	0.4117373708723414	-0.12317656169722628	0.7577911743913295	0.0840206341302885	0.4062762562859781	-0.10483918585779785	0.27099015112113806	0.003300259328798205	-0.12128095781669135	0.7326413225204926	-0.6117497730227848	-0.23842738163812488	-0.2566575108082221	0.06542511614106256	-0.3252417121766114	0.2229643519928668	0.10971116183086346	-0.2549251334273552	0.03859659580770953	-0.23410153933375763	0.10962210165942432	-0.24019048579127825	-0.7700430975494617	0.6919109122018228	-0.149683140364781	-0.5666939476966868	0.45318190691276605	0.6711486520482972	0.017374678875722294	-0.3809300574583872	0.5384507542125575	-0.11744672657155729	-0.5793041511194569	0.12883669185380292	-0.1756985319604615	0.13215764999453997	0.1523356718214054	0.37592222283401155	0.11296562448535906	0.36297510367089336	-0.055289592482612324	0.006276546891102008	-0.027247622039519897	0.3965729493567626	0.19539877921491677	-0.1374829010890787	-0.035149900088664796	0.5832578527853792	0.07986328482586637	-0.05182908736943075	-0.31553804737818536	0.5632858610808938	-0.08460847776714057	0.0778699403351617	-0.28172580074598014	-0.30944216379683065	0.015533780287325355	0.3136718974521457	0.18830185421208712	0.3881658983101898	0.3390845757509498	0.05995456334729813	0.13890529686091152
DTXSID9025249	0.3412092832731514	-1.7344860229451053	5.2727615088186655	-3.6088638337118386	-2.439582251662311	-3.0131064524033158	1.1587450166961333	-0.21279298635923075	1.9360370675386818	-0.7027465337006793	0.15879352312072734	0.9738373423974889	1.0971706760781548	-1.4609508373749915	-1.5543589343474609	-2.204174013367359	0.807732085727989	-1.42777046392272	2.126835134422108	1.3151147463554331	-0.035655460770706054	1.366136498926877	-0.4297251863844702	-0.3295155290573267	-0.10759685786753935	1.6124346689740874	3.2515840427127305	0.2115535766892454	1.0316329846867511	0.34249995487029516	2.0767658381109824	0.6307478981385907	-1.2596626360420609	0.575231754016151	-0.06886772748570436	-0.0022951954656812994	-0.7698484898022264	1.2728953129576117	-0.7609077090790848	-0.7552334414235801	-0.10011971300013724	-0.025113520893410422	0.8791626996842965	0.27859734564382665	0.6935258745072974	0.5333679103033272	0.9515979415838683	-0.1643833159735655	-0.19384160304135742	-0.368052135887229	0.0832994193919138	0.6937245435849857	-0.13857327920719378	0.4882977574370931	-0.002234214496571588	0.1268114452871339	0.2573456885952604	-0.07833634678273164	0.18978425338117666	0.03529598078236026	0.8599886062324987	-0.47103157067906815	-0.2886462080804724	0.5430234706913306	0.9879233838714835	1.0835133850811953	-0.555035493331377	1.10709941206208	0.14110606133062098	-0.4295046113670953	0.07079969286281108	0.779989310004692	-0.38867201245355815	0.5646689896539756	0.17986239508116048	-0.9653921316834351	0.7353091327473615	0.1814438190239474	0.6531577046240621	-0.694974008937243	0.9574479391651771	-0.007044116392888513	-0.5864855460523268	-0.40132619977682094	0.20154077415150273	0.20518951029094032	0.1414330019118745	-0.7968298969719027	0.000923800987261407	0.12158658155179075	0.48150567516515924	0.2231413496535586	0.42408522828627204	0.03281451362720202	0.37354335900594354	0.4552074975127671	-0.36257991416547464	0.1517234008421339	-0.32004305415831374	-0.06933482511247682
DTXSID9058654	6.05789406827465	11.899906422605273	-0.17319557305120517	2.936452558601359	-5.708523679303447	-0.5827706482800845	-6.259874679543503	-5.918724348206993	-0.5113671707605453	-1.7613946181504925	-5.895719334571595	-1.1041372326385923	7.6817484569281955	-0.9743246108451307	0.6006290517571273	0.8532510395119154	-3.1350335022097577	-0.10941298656958724	-0.1881327877189581	0.5786532229042353	-0.7187065442032881	1.2412668315726045	-0.007664427113875692	-1.4261637981722428	1.2680948020774898	2.002750299159873	-0.41219343931358304	0.18993893179540505	-0.5237092745278297	-0.9351417083892638	-1.1327747128280232	-0.22964294934379803	-1.2613240248848099	0.8615435681647451	0.1571138711198963	-2.441332421049921	0.3610561000209413	0.38620097108869356	0.06602318471376281	-0.12766650973492008	0.214410451802248	0.31144878605277987	0.07216711014360785	-0.007481956280729337	0.24254407081374077	0.032497756946595305	-0.6972295417235157	-0.5074431808024293	-0.18887572721559792	0.5473272277861615	0.35032885484306786	-0.3673716040300663	0.483959485881543	0.0300002562180579	0.22514897710766266	-0.05357619457608532	1.1181475676240713	0.13260178768884315	0.6079787855141451	-0.18466675923017573	0.4825851622132564	1.0737739351342903	-1.0723039626171111	0.6975252972824386	0.42624820238359934	-0.2914090122298567	0.3676701689395355	-0.9906153639284777	0.47852211530887634	1.08963477415917	0.44150077728024034	-2.353719090391484	1.234480873498865	0.1343952100926082	0.8087792245832809	-0.026650837969434696	-0.012473172984923156	-0.8076263297480293	0.1737009255411803	-0.9419657401895595	-0.4889442740114905	-0.49206290390312085	0.44351196377082924	0.006086556688895584	-0.08578787710378992	0.2231106656455192	0.25996362263829786	-0.30462538606798	-1.3522518665236338	-1.182286180837221	-1.1746671449825266	-0.2951820899846979	1.331040749392006	0.11073754092177707	-0.7083782278290189	-0.5925942626816003	-0.1356687294612943	0.6321955867907946	-1.9566141254162681	-0.18418306607376117
DTXSID0025070	-2.4632357055292786	1.272942079742304	1.4525442639497592	1.5596679805200233	-1.3851465186513305	-0.2784817483466636	0.34380041295689645	-0.7748737830299354	1.993643531978441	0.8739522022107985	0.6837090649180987	-0.6951056972008143	-0.15359233147651297	-0.6870863609769606	0.5076036870311869	0.030604394789837484	0.011325231513929874	0.23879255185823606	0.2467544267327248	-0.2788535300917785	0.7428662092656184	0.0330381348369926	1.009140283366746	-0.21869441273552237	0.39081049920090105	-0.9271205998826685	0.5677005730207888	0.5819136692980453	-0.0761489212020118	0.6374184655055533	0.15645871797358024	-0.04662741097541678	1.1973101819136491	-0.4623750893500558	-1.211973756092315	0.457352305575844	-0.465518661666363	-0.32982103817210945	0.21221936531463495	-0.668647490233614	0.12196750702924818	0.296144502958297	-0.39653861815892244	0.08681410078759981	0.32307025905230496	-0.11695147188455204	0.3025818365213301	-0.13903448281036745	0.07529855176945008	0.2670745805669345	0.13926054225621387	-0.10240271551901424	0.27498617945529125	0.39857488639968564	-0.2390624564673947	0.2913169016757717	0.4665046996423491	-0.1435850127670542	0.0821817170839559	0.9288697313419245	-0.4284306030189036	-0.0612489942979709	0.7388168064912909	-0.3689207379858917	-0.5017789891104009	-0.23741518104711815	0.22308379958160332	-0.2956457747163093	0.5189819295156091	1.0468397828567533	-1.0842672925488162	0.9770233465956815	-0.06805477039794487	-0.7293195176220558	-0.09366478857413038	-0.08551485487312394	0.17527754267639567	0.5892042914706341	0.44295862197750085	-0.6068622454214906	-0.2700314044250495	-0.5695870281669724	0.20486460249610636	0.2929042780184396	-0.07967251648801772	-0.14378284019889817	-0.2653653204414334	-0.5086441889561587	0.18986389499279246	0.19340074358292772	0.6281841508446503	0.1867864546495389	0.06435014449022645	0.0002325605702039384	-0.2923280273524402	-0.001409123971150136	-0.8035808512287461	-0.3512234381101478	0.4349866084470096	-0.1094446874837115
DTXSID5032523	-4.1944437395874985	1.2412663552803131	-1.5361383991310582	2.7890864468308068	0.5627080310422687	0.25724183181930266	2.5976529070418293	-0.7238488008496043	-0.3158126561452423	-1.7636240827768397	0.9777890061233017	-0.6276707191138846	0.033896821713672094	-2.1781961084563375	-1.6657691483140267	1.393969771335434	-1.4137423540319909	0.5819539027088485	3.0005881544637605	-1.9398643422109665	2.951875620816778	0.6779676908591805	0.5595315588330722	0.3504599707675015	-0.6684864505158622	1.527617448981405	-0.4620151581300319	0.035599511912298015	-0.8108748671624231	-0.0026814184593863116	0.32875929410140964	-0.040947595405306986	-0.2516719132341775	0.3528264771175521	-0.17498298331165793	0.1106740171688621	0.14655725659752802	0.10362137689969345	-0.024580701244234796	0.8070222060005519	0.41549882388883774	-0.12417255243238158	0.5859620869034868	0.24578529628341336	-0.17495428737028226	-0.7493594836419392	-0.3370718351329246	-0.30114705311532713	0.005788284857056706	-0.08655569301818464	0.07436539573955188	-0.413354266319112	-0.07159268881814153	-0.26904847516147823	0.007242040321892504	-0.500931160094255	0.8486561766072861	-0.32095695715931255	0.634133807344758	-0.3875531768257875	0.4622642023939005	0.1011905085178309	-0.43520616895217024	-0.3893270001132255	0.40871480118872944	0.22748205015073333	0.14982123067752784	0.36011424939946873	0.5563535633417902	0.2547746980855829	0.20529399291500613	0.0370233437439588	-0.258427749961159	0.5791594061978126	0.163998779330361	-0.4209298458418592	-0.024896815018174766	0.794728046099605	-0.22763098998330558	0.2803200743336161	-0.37615901989082906	0.2693599518862641	-0.4440227224646056	-0.15836873416083244	0.34393362217323165	0.22644283340714577	0.06843688813909907	-0.27843186976495976	-0.019860530918467432	0.0016839012600801404	-0.22815812646209668	-0.3935934082624005	-0.15122924924841313	-0.18371110655850376	-0.08062406818252298	0.15564676657794743	0.22613218884036634	0.39367544557158696	0.07893060760385051	-0.1453059620719258
DTXSID1047946	3.663292232175686	-0.1309476002095558	-0.39824078933032014	-5.482290994548842	0.7763784615592921	0.027323952696600855	5.998313294842397	-3.4674401044904566	0.7678339401779574	-2.2604362401283704	-0.27019830417807705	-0.41786375855672037	0.9139156635940793	-0.9998573591089843	-1.7153425700078995	-1.159339646178599	1.7872430800180659	-0.39510159909253495	-1.6118538183013316	0.32164553167220356	-1.085837963393859	-0.2817896232595975	-0.6460343722460321	0.626693333379205	-0.22730110520583235	-0.6070954406089634	0.9619138247136613	-0.41621252688431826	-0.10524415668228204	0.6982595171661539	-1.4088273040304276	1.5784492508711332	0.5033077600941628	0.1853046634382752	1.2159195009054542	-0.050911010973687304	-0.5506117301314194	0.1445856159114742	1.0622901367622806	-0.3880802273342342	-1.385379506176855	-0.18395086501543814	-0.0627806668772177	-0.10975217232801687	-0.23868314950396632	0.03542730389308748	1.217889780669022	0.15577654182836362	-0.3803873463547332	0.17381460228543005	-0.1807557750268235	0.25053806273399254	-0.4136213491819517	0.01831986917002438	0.08324275546219022	0.6895110059259656	-1.0339316802463796	0.25578253836227355	-0.6731286836996107	0.40457678525658314	0.44206019894445137	0.41003445903501523	0.23439418356296585	0.39540732680914215	0.20912358668026249	0.6171192624204539	0.2659516125582531	-0.5557162931103407	-0.5289666396116808	-0.22995970774060664	-0.44094557577826826	0.1361571747772259	-0.18262595544399624	-0.6364652207455482	-0.16030302735303298	0.022347867841446593	-0.6022687934884094	-0.24566221158235982	-0.38678672743733766	0.12024412808690017	0.5630252523261549	-0.5625302844455545	0.8375032853371561	0.5211825300885973	0.22481194103228644	0.0678534673664909	-0.04527391164774911	0.04755179383403355	0.4586512353228253	0.3152461971886418	-0.03648683666959142	-1.3271169022044156	-0.02068423923455295	0.35630942555258327	0.419609415635819	0.7760094202180942	-0.238056678223654	-0.07778994410182814	-0.4964549643280204	0.14047092003424638
DTXSID2046127	7.1964970923143525	4.6172785780615175	0.1321575357068621	3.0206405787271744	-1.178827151039365	-2.644951672957172	1.940316533286524	1.1640091924451543	0.35917120359928084	-2.6854490390170636	-0.13488773068726373	1.1815157407525052	-2.0117318432588944	3.3535903648451555	3.258505424695083	0.7125111174889547	-2.2956050778124695	1.30637125796271	0.12811830247821615	0.2074168786759381	0.08260939749037761	-0.8380745203846782	0.294805210877328	-0.5062369844710524	2.089056645163841	3.234095325498371	1.405159212944408	3.1802438533288675	3.0289033743918106	0.97192334917772	0.9937821230790547	-0.7904760302707053	2.343885478643951	1.5275982313499696	-2.3657560797530155	0.40706232784776425	-0.8790106454586737	3.5438847547875776	1.5405945709791034	3.143255117168192	-1.1409232531116973	-0.7326295128179483	-3.5542772708475336	-0.07072599829356722	1.2443335445104822	-0.995608795623924	-6.029249572420617	2.0389705607987474	-3.4432895866157662	9.617190770322551	-1.1309996572868022	-0.6659914204451609	-0.49688343179473765	-4.566637972952189	-1.6815247838524132	2.0545271596279138	-4.006942579902465	-4.894878135096854	0.6780874697767547	-1.3340098294074696	-2.878093828257409	4.471760014131709	-4.930101407874774	-2.3305496638518477	-0.5010594060466617	4.588537410006967	0.9318890176712137	1.3819710529121148	0.7549591568836451	-0.26394352081083816	0.07067144873993297	-1.1771119655836442	1.9600558481891484	-3.2778045157227003	-0.24481861004245498	-0.33643915896606796	0.3971229286297696	-1.0701464256493762	-1.2567064333188214	-1.8988043271974226	0.08078343005875613	1.3383110193538859	1.4678916654040957	-2.382543443897296	-0.4956867993215604	0.4812880183942374	-0.4093804220717121	0.9907511476989316	-0.0004521145742264928	-0.0711408395675672	0.3589733523857306	0.5276131100870145	1.0337452764280204	0.6426701846006949	0.6469272301457148	-1.6338922407722114	-0.47760769003701575	-1.0410626882512684	-0.4012357774856928	0.23233130514575284
DTXSID4021135	0.722952782342195	7.098488612791289	-1.4216711220361158	2.4270013414356364	-2.856298469396918	0.8732679767204116	-3.350255941565357	-3.993990689210177	0.2241798253353929	-0.9129820417699203	-2.8391710758793316	-0.6150186312002044	2.9538283574064588	-0.35966521553436587	1.1086398493934166	0.6910691702069499	-1.1117025271731027	-0.9474186049767845	-0.68200474474629	-0.34713181983466784	-1.13891129347599	0.6560414701224858	0.13698852457414437	-1.022015138820148	-0.9945535344120799	2.3150625983189705	-0.5024372285561407	0.8321603174429199	0.2834776528891052	-1.1692075752209043	-0.34250384167979203	2.4383280886380088	-1.9881514177226047	-0.7340561187482612	-0.8540275155414833	1.4952102413796635	0.19505500228974662	-1.2190201325324737	-0.557514287552727	1.308517263930236	-0.21112026274786108	-0.16765302696880913	-1.1827618209999007	-0.6295046200791491	-0.9126281333435972	-0.6579581022775861	0.36405886921625896	-0.7498575867657479	0.699046872143045	-0.37669742370158965	-0.049174517233772974	-0.23802562675499594	-0.9349912469828232	-0.5236746823718844	0.3701870878901145	-2.207884871219244	-0.7419847904907277	-0.5350461613402242	0.45662808589569115	-0.3800933432648106	1.2473057112540111	-0.8490882390410668	-0.7799089857029293	0.5026997382307687	-1.040661831655668	2.7544349588613897	-0.1582131002008733	-1.3757513899751492	0.4345155271786092	-0.48578362522076907	0.4650192963344675	1.3072723103301722	1.351717594017153	1.5298146237913157	-0.5562483534603577	0.22732469487905269	-0.20165476784401806	0.7004484356091866	-0.749584518124668	-0.04981458108943534	0.43476963189187995	-0.5162671455202835	-0.12103586294564599	0.1418628600411974	-0.9834330448777813	-0.04884743822797597	0.049422315574850696	-0.18567217323225324	-0.04369266274769589	-0.2040084986069534	0.1301952323713237	0.3721642010467935	0.2197912118889984	-0.418019375363166	-0.6259471639944156	0.28646991435788455	0.16043415586666793	0.26293510989165564	0.36504893822753504	-0.1442443921987505
DTXSID5046726	4.605590708764924	5.600646370613372	3.198118085877775	-0.4513753803957988	-2.281694952258421	-1.4444868876598822	1.1979552707909393	0.2809215719043412	1.6472215323481518	1.280494551527654	1.1709655493845625	-0.07594979782938198	-0.7680929935260528	-0.3532054999663411	1.5624376710115808	0.4325866271143583	-1.0671516368128964	0.6908465719408687	-0.5293854722287556	-0.6898353624963224	-0.4084996637327831	-0.003287382642833944	0.5034596611525446	-0.5099916711100237	0.17966608790442215	0.061502123997201695	0.7662506406288078	1.1622975502338324	-0.1749069049570461	0.05452142009426513	-0.3238738986047351	0.20984260817592953	0.9585769958383982	-0.4318669642116437	-0.7497208783789591	0.5437598853556317	-0.8531930907109759	-0.6533215590102918	0.020481818589738514	-0.6778268714740723	0.563328980146612	0.12813163614903095	-0.41576986103121594	0.13728468321241585	0.0832364753794899	-0.10970486167501364	0.40615047076942995	0.17722241922869383	0.05833200441355595	-0.04546044508331403	-0.06599407373378796	0.11128732907035982	0.6878394228582569	0.1301095388964948	-0.23722761342497836	0.05808106997571279	0.29533920707108113	0.4359753001580169	-0.2616030384375095	0.3388053544237039	-0.6202993904708524	0.010581468955974239	0.2768518626369217	-0.02638720930372163	-0.17300694030822553	-0.593551208640257	0.32779600590405994	0.4281017321001773	0.04227536096659382	0.05705296181893693	-1.3738879287106602	0.8971719762075792	-0.20257881609715236	-1.6205413180710477	-1.2529603348906824	1.1583161267121571	0.289552707006729	1.4986146540100782	1.4315174518863274	-0.020101359749389095	-0.3270567702013166	-0.413349845920923	0.7991514758303352	0.3649885824707108	-0.013917081916204582	-0.43746438580547053	-0.35758613086429614	0.6427386161081163	0.2502113033864874	0.010551687856624178	-0.48694958865795046	-0.24872203224135483	0.2381323305391914	0.14164909145626287	0.8250373681463883	-0.6605320001363558	0.02782212936196262	-0.5059798041443493	0.16297623545980247	0.6956645959064619
DTXSID3025839	-2.9766486047794465	2.0413771138407077	0.07620987349299098	-2.3292107068668497	-2.5453598033143434	5.5041337011375715	0.07808026133363047	5.536517520071008	-1.6327569835324767	-0.07071221933294713	0.45798952988998576	0.7353356393447165	1.1480680959392027	-0.5830336954972508	-1.6842169954256354	-0.8065947129339708	-0.0500465154897082	-0.6969798248284788	-0.5404144989684674	-0.28271342262988014	0.6551720961633739	-0.2641861160942808	0.4618074828405234	0.7290659198160286	-0.691149662287536	-0.5433632482767962	0.13220620971303043	-1.5573121286505505	0.08180533476715662	-0.16591762622885026	0.2290171972226469	0.4428298737089759	-0.201541597897572	-0.8619020279007282	0.3973767781517138	-0.26156436323880955	-0.18382000883406946	-0.04075434139824093	0.3981069792090687	0.4279741674924167	-0.5132246605693576	0.509392634469771	-0.24081911805449585	0.39760567806921654	-0.11551497340309981	0.11941802166000003	-0.23602298184552217	-0.31889539667007444	-0.08686186536431276	0.36432555885365	0.22990145062499343	0.04993818556709874	0.21719094244952514	-0.004728937361768687	-0.29715523369076446	-0.13004257070749373	0.3580127346129349	-0.03396640321519924	-0.3915298069488353	-0.10278535685540253	0.014583751885086996	0.1159153838100599	-0.3342748597057818	-0.14373455003742405	-0.062166919171122284	-0.11231812004028949	0.2299481275019062	0.1553976056641009	-0.4066907221574584	0.3606348331998153	0.23360131520661961	0.8859659936949149	0.13878308345988563	0.6107759625531937	0.32829283496094064	-0.07892482917144997	0.2125688997580762	-0.4392334213223136	0.08647629674585895	0.3122853893169481	0.5585579745829529	-0.5115982921348566	0.5304972227283938	-0.9250546022958391	-0.046799968238182534	0.06328065813804562	-0.8613038116123483	-0.21470698884211736	0.5632838211638187	0.5364652638834387	-0.07642190648440077	0.49926844180799596	0.6878475269771006	0.5476995879707415	-0.6343744865489551	0.3339343261955491	-0.05846034852340161	-0.40706739642723877	0.18305185056667247	0.3101142676400477
DTXSID2021363	-5.1386060394509965	0.6438026207522048	-0.647103378663035	1.2391320455453312	-1.2530589357002921	0.662584003063074	-0.33283461586864205	-0.34792934254954233	0.4812906395007945	2.9215562474577217	0.22998353321609394	-0.8173833387559504	-0.8926691309267767	0.8801828052527799	-0.4552569429989959	-1.1053132999721293	-0.03359410638715049	-0.48444292928664245	0.09030580233178916	-0.21230144363723952	-0.7151059397567091	-0.20343570769173389	1.3161512416268337	-0.013516804928190356	0.200270743418363	0.3570013184224909	-0.3198274277143205	-0.3001007150543809	-0.4830811464282735	0.2802782559705876	-1.063204294175	0.13782548926664023	0.7454036860171129	-0.03472915111622977	0.7532215650836933	0.5423003655385455	0.10632466958491914	0.13170275701198758	-0.3563187033388857	0.5075966213651217	-0.015916525405363004	-0.3297411024450362	0.4936889558773091	0.18589669111901053	-0.22148561676199835	-0.1985047436515886	0.43006532484615384	-0.286767771525695	-0.1658181114425326	-0.32693554366262734	-0.0026218047565454696	-0.11035608799792004	0.48833149498750433	-0.30805874085542395	-0.1292718589452835	0.11467008121634262	-0.22082548608848043	-0.18088006416806576	0.14406452751626936	-0.6158620043186475	0.5404014345836058	-0.06834770496925018	-0.1856774512402518	0.49275980691119536	0.3813797636716864	0.3865786145160286	0.1706913273128339	0.6188385282852986	0.1515066573495705	0.13766093092277207	0.21890850521727023	-0.5033321348189403	-0.1322798695548286	-0.08292937751972178	-0.049585713995170755	0.1995109653822984	-0.12195530962008556	0.020620515959108843	0.28785165921639183	-0.6082178798123785	0.4792744759391639	0.14399501037126874	-0.4151993062737148	-0.2202426405526447	-0.0665830111578047	-0.098210789987598	0.2705165298341689	-0.3283573978378899	-0.4152905951828745	0.10790638395144038	-0.1237284887505097	-0.18542390781198503	-0.592252787759467	-0.5055973589585925	0.4118296645872229	-0.519695676377562	0.13274172818860452	0.21910619239734547	-0.18776181451391113	-0.20322119046968012
DTXSID6040583	7.7991828316816445	2.041715067130451	0.8621971083843037	1.6089682548232414	-0.09364172914569788	-0.8530194122929937	6.965329646735126	0.35869180799181094	1.3371545244307939	0.1156576237312435	0.4064101957762002	0.5271223449381411	0.5529568710348681	-1.629965046202225	3.0002741219819145	0.5311625388758805	-3.2848211012506874	0.6169487700481092	2.0566262691769284	1.36375512408809	6.309539482061188	-0.30081054502397614	2.7827844352645505	0.5654741645906834	-0.06299803413783626	2.851985514014573	-3.7282673709254586	-0.08703631142228511	-3.702996496252899	1.1396378877270215	2.477316417774527	-1.2071204811998757	-1.4156681973382268	-0.06740284737115666	-0.452090874733245	0.3796994100203464	1.730759366928615	-1.8811118895339034	-0.339350875969317	-1.4745129779527508	0.9969592090369008	0.3755741134633491	1.0358337788856975	0.845409821844679	-1.1242291949918817	0.7873205309459413	0.8670750946191099	-0.3938752800884241	-0.0592550223569733	-0.10840142608895524	-0.0591420816818351	0.17087631525243496	-0.3811303790564777	-0.13027194115623264	0.9489116451174237	-2.653077335302867	-0.07251467265033164	-0.8774535235176606	-1.1730536967137173	0.040112988927117774	0.12312858698040274	2.6971631357011474	-1.1423517048914358	-0.17310851516211564	-1.0303706786698619	0.19104344603685444	-0.17635670526888036	1.0669676544999562	-1.1279896793320883	-0.05866256620250298	0.00590271711102637	-1.1099680032226682	-1.7050825581149407	-1.97493788038436	-0.4247911208256192	-1.4417151913989619	0.2573342461507679	0.46519493518644695	0.8310549924022753	2.478291434466305	0.7509049863268642	1.0398369947771806	0.6172439553944286	1.228053535164872	0.25248269806104295	0.40940119740265607	-2.3583916394798115	-1.355493589843021	0.5928319105998388	1.0412234866769365	-0.17098371742340723	-0.812658258610716	1.0638009402177715	-0.034837941717146007	-0.5609666697186588	0.5377626778390624	0.24599036950990275	0.32597439086215674	-1.026697371197602	-0.05942800044107309
DTXSID7020635	2.7005725833181264	4.0544493331723555	-0.575144405351594	-1.448850907174942	-1.590961927093965	1.6847873718568296	-0.41989400665551946	-0.41152851381052286	2.125770301937051	-0.33226693494801673	0.38795220274008463	-0.3668360150931522	0.516527078945039	1.6459845775802526	0.9770297358418262	1.2509311116783068	0.14802620748519618	0.39460074677290036	1.2251426361359674	-1.5414467275615567	-0.6202172514153851	-0.42141884951362024	1.1882179840517944	0.9182250654797965	-0.0958216018410195	1.0386796229549797	1.2024784696804915	0.0665032886232891	0.521677390539874	-0.5433707255006155	-0.961869425328454	-0.8094166413613749	-0.24680774511087858	0.02165470582400756	0.9655476291408787	0.13882504893479872	0.5652742303361845	-0.16699753794238337	-0.5675140714650816	-0.41866958499029644	0.845499990938242	0.3606640489251519	0.5365209277066959	0.052518536809671744	-0.4038638110335778	0.09530520790920509	-0.24516503898347264	-0.13545282328343322	-0.1609851867627143	-0.12136181665506923	0.023005396415661437	0.0921974883422048	0.5618873258680189	-0.14705688089027444	-0.009763247105990008	-0.49795428524532126	0.37230986172868685	0.30028301475444374	0.07279110740600737	0.07522730021385514	-0.36201141936547226	0.22555267165909595	-0.9426333659339848	-0.5216829951909471	-0.08036353884982554	0.4747698016704542	0.13810858094011474	0.19308518567604377	-0.29920431029487093	-0.606215782655951	0.604244816848146	-1.2350097795082478	0.3388639342961913	0.2025862227029055	-0.6749869004975552	1.3825954068639703	0.08312740972420071	0.5080758383789507	-0.06478109275499258	-0.27586056649270435	-0.35172912287386243	0.0644555645100083	-0.33077466589920457	0.38197056193518064	-0.2921445256538049	0.15663513311063157	0.5586696224326761	0.46885137894638995	-0.28017606793919697	-0.6494954063383862	0.45310993806934396	-1.1586498810820736	-0.8670106640367008	-0.3660970237514068	0.19667108906071445	-0.5145227917137999	0.45874718838483797	-0.1673527458367963	0.2966295317116963	-0.6016812845323855
DTXSID8045640	1.4013106829390576	1.1679394497684281	2.285397870889243	-0.7172115747137431	-0.4048719846939625	-2.7115918032937425	-0.36973223547932954	0.73066909158036	0.8160842468438692	-1.2799948273248845	0.07826788092383274	0.27015045201606985	-1.0845697847733435	1.9004875934897383	1.6336466305893051	0.9971772168878107	-0.599309903493019	0.6201609895509317	-0.2180840643988126	-1.6166075410012706	-0.2845363392746911	-0.35909036261577043	1.3009615200986866	-0.32342215302056593	-0.13746830410863103	0.7769681066706786	-0.16317608142870133	-0.34992399491483894	-0.32029735193169273	-1.8257115021879158	-1.714757245147763	0.27905233984112193	-0.12578462050178446	0.3011899074870173	-0.15584397253450946	-1.3338716330346458	-0.814045012344599	0.5753927501081899	-1.1221562124701068	0.9607839434881688	0.3908541059090292	0.6049791249892923	0.6420332415215493	-1.2783786008926432	0.1325190303260187	0.11892139623285207	-0.6599792540785676	0.04974659468618292	0.2288099916963275	-0.2889208826914349	-0.12113411759974968	-0.28001671000635947	0.557668281289201	-0.2787378461869309	-0.2331261899273511	0.31606320331099913	0.3569545032683928	1.330571555835399	-0.051995197223964645	-0.26820273112559145	0.1770510559807458	-0.6017100905968548	-0.28943275779863653	-0.31600246081822636	0.5537130315405024	0.2208951030641874	-0.3387053335153854	-1.4456763212561154	0.7600290751653139	0.14683832320279613	1.9383471246574642	0.5233471311325857	-0.17479882780582023	-0.8619968983487423	-0.501108418986866	-0.5108358414066417	0.13905598718199647	-0.34097140204714493	-0.29003761033427417	0.716805191411581	0.34345197058517923	0.4648606490894562	0.16508496954843327	0.39629982212997306	0.598886429824334	0.6924940189561726	0.22471157931371089	0.27351054479266745	-0.2809141171953582	0.5814694748653075	0.22675817103623244	-0.03765487218498934	0.41368846022663147	0.12548105462124917	-0.12584338800702768	-0.16100600620538594	0.1388444997271284	0.08948548034809489	0.5809693607217239	0.2250854171507592
DTXSID0046513	8.90314250256391	1.6290406981459993	12.75722260701253	-6.272507506437303	-2.2610963288346135	-4.1176330921291955	2.25121206871995	-1.056035637405037	1.3365232674993508	3.146817378476715	0.07629957706573395	1.3721420116218628	2.5002453038097134	-3.519421531234822	-1.328990432900978	-0.6985840922447937	1.2880492805846797	-0.25748089161320814	1.451782010856479	-0.836418072570246	-1.3772340029464334	0.7649478436281458	-0.25925969077874417	-0.7234304535497459	-0.10355225077822271	0.36337690949607	0.4953519469105079	-1.327900369382627	0.853064636927216	-0.9444698304962653	-0.3014550278966187	0.7226686360335086	-0.4062449956975269	1.2850765953879142	-0.20169627337245177	0.4125882604681299	-0.2177252447303684	0.5849666121144496	-2.3369063164153276	-1.9751226111163427	0.8450868610986793	-0.07126057373834303	-0.5413823349118364	-1.465874171882668	0.15258120404183392	0.1876003437991874	-0.620041339787261	-0.38143517144386435	-0.0029799505106808243	-1.241466691406488	-0.1595583947127701	-0.7153821267357868	-0.5249162549592579	0.04251100607583368	-0.6707053711354523	0.4539731773333174	-0.21136822917044193	1.1417279935416418	0.15758594195634618	-0.06257862605144164	-0.9403162526058084	0.039673265403974714	0.5792005178215918	-2.528539931432816	-0.5510485011961713	0.28431625497410307	-2.575415788925713	1.6853704956672866	0.6173423508909521	1.0978165849032415	-0.04655170751036011	-0.540396221903911	3.5968680974048928	-0.6680478217645479	0.4880761468609583	-0.3930315027011603	-0.3415789593760317	-1.7841903007806905	-0.6783855245761057	1.4239504394818225	-0.073447881095512	-0.3462447742129139	0.2917693332707068	-0.3808899898494485	-0.29533136446384894	0.5510966078071018	-1.473210652412264	-0.8497964463391509	-0.9109307739531556	0.23533638887579073	-1.7445448932132224	-0.16171322889120837	0.2919014175704529	0.9460897186418215	-1.5806977259532593	-0.9756013564423978	-0.034392605407023484	-0.035840615862189215	0.5045757633471241	-1.9926645975550594
DTXSID6023103	1.8492584917500385	2.656147431205854	-1.920539279251819	-0.3442209305472508	0.7337874925146595	-0.10308720123081658	3.53380744144629	-0.3967689880923492	0.5349704957768718	-0.19337855311078186	-0.3324984926574635	0.008579359555428679	-0.49758026839396324	-0.8572736768577799	-0.24244654592859005	-0.8787985310216077	1.6789951027568462	1.2172499805030719	-2.111019142437196	-0.6011687364361685	1.7063119811606167	-0.742107288195934	-0.7549033531726915	-0.2134102519597464	1.5669942194816318	0.9889196185388899	0.7961727628994169	0.6274046811188809	0.09396891664183	-0.2985233183821469	-0.5487900733878738	-0.587368706119394	-0.11824152660505675	-0.4852616087469328	0.17813750469385145	0.189923990435686	-0.577410439124052	-0.3875545072888047	-0.9354857339743451	0.056649119925935916	1.1902962270845636	1.2117627722153843	-0.4724031606297711	-0.3051562392588772	0.0005121623860226913	0.0024101471390287695	-0.8883078756432636	-0.6850118416658942	-0.3159632439706872	-1.0446336237333136	-0.16694381843837322	-0.636247712212415	0.2030672128811006	0.3405471189569146	-0.9222184202787568	-1.071680043861117	0.2261336848703272	0.3760300304636973	0.1024017166009967	-0.7268634274525873	-0.8988958411519277	-0.16970234194252806	0.02413244678350069	1.0169889050278307	-0.14047940395416686	-0.2586776368497811	-0.8463122404578944	0.1940603596948946	0.6149088743611282	-0.7135685400188909	0.37331348799769143	-0.13593360382524453	0.8139754237699567	-0.1304752647375741	-0.24806902797136177	0.037796626246318056	1.1517310363540667	1.7123690266135876	1.116389767720623	-0.6900171905808776	-0.8978907794164727	-0.2749411076607772	-1.0946958129433273	-0.3096266203832206	0.3734617815648867	-0.1133143747469647	0.2744629280535751	-0.21060087825775442	-0.23415848906918138	0.3202016424129525	0.001247794577185619	0.045835894168034415	0.7045260967785746	-0.29499274455754304	-1.2165805385199584	-0.02996914342344592	0.615289285195542	0.46518223224089034	0.0780942304362364	-0.2723758347535814
DTXSID0022353	-2.2754945833705427	4.739948752990312	-0.7115589574946649	1.8327132012315093	-3.3048737481045283	1.523865621897002	-3.412229897558185	-1.88143124055011	-0.7272489115906258	-1.4753577152511281	-3.081355484726017	-0.6015152217754524	4.094461995736352	-0.287853493899637	-0.08559382651858674	-0.1470544561768166	-1.079995521666193	-0.12873935062045552	-0.12012839049274536	0.3839511744408153	0.16230260981183325	0.41604595197480626	-0.20096845968578678	0.07860295831098005	0.10455612583195234	0.9829869274747411	0.005482685358930669	-0.14708758513317538	-0.17258614126585006	-0.48847177733426494	-0.2784324134799149	-0.30578472290428826	-0.8258552551680725	0.06806971629535721	0.03615345978801046	-0.853526139006794	-0.158173533020128	0.4393463349103489	0.16779808693186574	0.17241526603556176	-0.08007517465597964	0.4396590706946564	-0.11364799882875515	-0.08666951690721508	0.24223123910881153	0.06399222497687665	-0.2630434434213023	-0.5420352812550521	-0.11340767668297674	0.22812878491714553	0.1619810229594768	-0.15857106614559657	0.16762593945527804	-0.0776643583208558	-0.08635660915466022	-0.17630302292041297	0.5191064631203027	-0.08289029320423848	0.1730277103063172	0.0811174719433851	0.4252091042168401	0.32817066931109307	-0.4805808523568914	0.4423325099369603	0.24694730789896494	-0.17625092112859317	0.15607583477231343	-0.7063292955008097	0.6295065980510562	0.2879954910242619	0.4953045121727337	-1.0477621558724914	0.4186115617905327	0.35592234126773004	0.34993517473974456	0.03433521300554925	0.557566973185691	-0.007153180105363636	-0.0697397832069281	-0.1745464288146004	-0.19629644037160768	0.21648280189353883	-0.33372210054158663	0.31905236831546924	-0.1821177706241037	0.46457187614353623	0.13482149457350626	-0.14205537185203193	-0.25864581479168475	-0.6223476336014836	0.11340300227927269	-0.3563103465828657	0.3018272312222478	0.41220635733679195	-0.2233721963229215	0.06270051270987273	0.16421480921100753	0.668075553654148	-0.7064125725182552	-0.34159998118358526
DTXSID4029359	-6.1439936371264325	-3.8599620671126322	-0.07658111365007784	0.33944096622721226	-0.9081950860097067	-0.6993945334822773	-0.22104844100071958	-0.1494648956595476	-0.39618765037464804	1.0726542183044623	-0.8813014469083746	-0.2693345093066367	-0.7134970321265326	2.144381386755105	0.6292050477298289	-0.5349157729547817	0.12747561651820785	0.3332094638861782	0.7506233392067079	-0.7141106225467486	0.07134288253129564	-0.3834469480643145	0.11400693599484736	0.30675247489016894	-0.22259216801073858	-0.16346382140342328	0.6851881758387194	-0.02653932157204709	-0.07919339591870973	0.1683121994955667	0.662770393358749	0.18421218651198454	0.6672911912131931	0.5422147599971422	-0.3149219292859981	-0.3601764368450006	-0.24248911675222334	-0.19639611427639844	0.0994344455575174	0.08135626727818458	-0.282430257277465	0.1919614270910534	-0.35670274773982213	0.6198611774727469	-1.1471016044994962	0.0008881967673523999	0.23274317402424238	-0.7143097439920381	-0.16219043493641455	-0.5333237425851948	0.18706497150097617	-0.1374605458994327	-0.3350088069579021	0.09148043876161227	0.37666238901177845	-0.8433183359445716	0.07527532902839416	0.3545966727258377	-0.04586379870689881	-0.6888515655294744	0.5343438554749925	0.5287529702872823	-0.14962380832044073	-1.1141073671100425	-0.35684248145365377	0.23310878353861472	-0.1393869246319043	-0.19839384143094826	0.10924897357572101	0.10098044757671598	-0.4452978105306037	-0.40622852328384207	0.9803941914312145	-0.7148553034746404	0.5375108254096972	-0.049562059770081164	-0.11932792926111539	-0.9561426263940096	-0.08833256837680362	-0.16319696582718823	0.0005894696612278257	-0.2961877587852649	0.36146177625161113	-0.018602432746058783	-0.3770052843735333	-0.32872658562112717	-0.31904603732368286	-0.2811870194082613	-0.26777531827390033	-0.0935859296435761	-0.244314240952089	0.5755341517555645	0.4170435048352949	-0.1821894094353798	0.8867599354240774	-0.181118163869356	-0.05874034688610716	-0.03146665007241574	0.09869782738847853	-0.28474209607091716
DTXSID5040540	0.8331650879854672	-3.51151862721094	-3.927947132969636	0.8507311726874847	2.8372056726795907	-2.7881265950386314	0.48607183066994186	-0.4709081197721992	-2.3395659231964627	3.6164601080355827	-0.7907382415524074	2.3667360028135698	0.05656375425169189	2.347593194826052	-0.7950057332008145	0.9612315259184963	2.272268785017845	-2.6528463233752104	1.11572818970309	0.31635676557877335	1.1549387200479915	0.14765925976110386	1.9762130409028613	-0.14368475255463414	-0.7535065958116912	-3.630613000944222	0.5865890349159069	1.7434139388934042	2.4377321152825937	-1.9482346277082927	0.4652521619878109	2.145078053879442	-1.5342157715324538	3.387964254733104	-2.2964691601585905	1.0352606134073836	-0.6857667454878676	-2.72382636150006	3.3904253494604206	0.6533835287915223	1.0699938900178114	2.2574965983149524	-0.6481905240733379	-1.5728669455086077	-0.6157746669984708	0.8599584020821023	0.4388521165991765	-1.7274989882472314	-0.3781213556441873	-1.275584138516604	-0.6951493624951088	-1.8369078074526861	1.19253590236582	-2.9655046840763317	1.6428799539395318	-1.5649430330351874	0.0814621307681247	2.0462939184439337	-1.1110179984393445	0.3281649995832484	-1.0016700741286895	3.024162210358273	3.0887060345289203	-0.6745852399477693	6.149348822898959	1.8404820777335331	3.1878068949214575	0.3961082724033217	-0.5844701198162596	0.2569380869689043	0.6545398107879745	-2.4647480545753626	0.21904053119851502	-0.8029259114087809	-0.4804334458417663	0.302410266807975	-1.5395252283883536	-1.3933804239895589	-0.028017776175774792	-0.4483922570890907	0.5548120649098001	0.6604032416987097	0.1991558348188757	-0.03330391255012033	-0.6647335993901093	-1.501065078611911	-2.008277205368682	-0.489828173482494	-0.8327942055026006	-0.2127734767933331	-0.935976264144442	2.317625838790189	0.3646428056972809	0.4806912748387408	1.2343104155720006	0.773661259412301	-0.2944503317720486	0.9133967362052624	-0.11774034264961557	0.6874962753012481
DTXSID5046358	11.039329960168773	7.22385234058442	-1.7641521778166147	-1.0774316678225133	1.8580263972205684	-1.3455375491035353	1.2170089907825863	5.103313704887116	-4.80478352407505	-1.381506963744121	1.8341691162750295	-1.3722515289670527	-0.8968649070605084	-0.8533129889102591	3.048644781487021	0.7485605769622685	-0.7196374425318521	-1.2281414464807974	-1.0671450767101385	-1.4996411525623865	-3.0457342658980053	-0.9700951676858506	2.635020491735486	-2.3575039506163114	0.07703123477702423	4.207293708897098	-1.6287146597109674	1.2237546485768531	-2.0744448619207816	1.2137809767262286	1.7176139541796989	-2.690630316838585	-2.144314831046549	0.16104432940454527	-0.2719838305566245	0.7354885515989733	0.6199128526506384	-2.0891884764338093	-1.1391278701277125	-0.37403813965268856	-0.5493731528517809	-0.44171581876237115	2.447302021712041	2.2670074367276203	-1.895091953770495	3.9853908167457766	0.5105178040016187	-0.3805683013616588	0.8877164645797699	1.1025328289919885	0.1000858274854194	0.2628216099608956	0.906953853956195	-0.26283157270391566	0.7248380763478907	-1.7561596003616744	-0.7431465602850521	-1.0795946628770652	-2.510418719248835	-1.447938119792252	-1.017700422173396	0.9324482984928125	1.3813410204720256	-0.2551031270912766	-1.917568300841071	1.0154356441060255	-2.9634692416748987	-0.5522606445634217	0.007227919323953003	3.5926684488900547	-1.2674005627959557	-4.07550669977505	-3.222854553498091	-0.6070882440735161	0.2824802773383871	-2.772103981256692	1.082710086726167	-1.6557326033060062	-0.3892322090454759	-0.7364983712777211	0.3780750166940635	1.3136625093580436	-0.10599796254909476	-0.1604919428654031	-1.36802416788034	-0.5963694186243929	0.5892408041977948	-1.17427072378866	-1.3098703057159655	-1.192986609025096	-1.2148480002325779	1.1845771133083198	-1.3921360166433545	-0.0938626111668622	0.29308841806160757	0.41410739963623927	0.7603140614380215	-0.6123863374378766	-0.6918145023356561	-0.27937402869516254
DTXSID0024505	-6.134140711086227	-0.6065479010169446	-2.130240280826081	2.225597644788359	-0.3395542561264049	-0.44290404747548423	1.8523126311222646	-1.0439927775111408	-0.2760778405405511	1.0494998687465016	0.4574444987595365	-1.0167901799400552	-0.6560604249075633	1.3017846925745755	-0.967285937715154	-1.5075172004930677	-0.25053181407932823	-0.46142963939852555	-0.46247159019336903	0.9846124409809002	-1.30606860059589	-0.29692749563846477	0.6742058762054601	-0.09949124601461402	0.4684672400053717	-1.2882225889738024	-0.4420774525911749	-0.1986291395837191	0.5183374786950804	-0.22166130971035872	1.3427313830287133	-0.6252919781590487	-0.2181996473648538	-0.4120103731396439	-0.5230731709978926	-0.6356148400519956	-0.043186064655384306	0.19430172839816462	-1.226722374371141	0.4102551326833707	0.34106887583743173	-0.17900927572716704	0.9241417964313887	0.8276351387496107	-0.3648894226481845	-0.23090809831664083	0.2249582956584104	-0.07378328355025435	0.359281965179212	0.26404377721809674	-0.03232422185465179	-0.34469092236827725	-0.11612375106687096	-0.30229528769249564	-0.5465688122114973	-0.3351316811095485	0.33513566744237105	-0.6304301461714131	-0.20665787399448785	-0.7155908309490313	-0.04696961854395421	-0.7883229189247796	0.4553015637790627	-0.0526655615995586	0.011332042069939019	0.20143307023308707	-0.07789597926023624	-0.25180902316644804	0.251237850788389	-0.1670821896023914	0.04284377852317073	-0.0505308644084255	-0.046143490330682636	0.08676367117905578	-0.4717305015638512	-0.06479574244643588	-0.29356325407916006	-0.22270603719295812	-0.6603612876780707	-0.5711567783416726	0.21061269922844045	-0.26831463585484283	-0.5171620562523744	0.13513910705060297	0.4762513503545244	0.12144297512368384	-0.35272046153456654	-0.09976459296627699	-0.35127637634051045	-0.009588838031958043	-0.7495940179813051	-0.06426222302911187	-0.4902080160580088	0.3020499249375496	-0.031380083550592165	0.2415839788930324	0.40768245152343513	0.2860139691565638	0.34642910157290707	0.03646679871815335
DTXSID5044607	-1.4720062356875128	0.4995017620278358	0.024110668670787948	0.8659064071680767	-0.6617288194945355	-0.34959860292260747	-3.0109955354647098	-2.250522564399228	-1.4959246681123304	-2.0902713987656387	-4.062446468384488	-0.5269138026394043	3.378243117140014	1.3150448004173543	0.31114271072816446	-1.1893743352680468	-0.4701254516553336	-0.42814271343419946	0.12383554578148595	-0.20692270170320215	0.7244184746175524	0.5415572689307117	0.9889119105490544	-0.22763828860135452	0.5091647042221865	0.5713775156116085	-0.20596891975318263	0.09159338528972008	-0.1841527159188338	-0.7802059669038569	-0.8159347366275025	0.17563154922554516	-0.3540313609058979	-0.13528106952401525	-0.5395590259134064	-0.0791330778764663	-1.0807107419532567	0.5100930726494738	-0.8248992538441204	-0.5370639124083479	0.43546465535852386	0.32797627706084126	-0.06313894503665458	0.0798352479938553	0.011134793280022617	-0.0679513185943913	0.1857581425184069	-0.5446938409048321	-0.24976894869552166	-0.13159718535790008	-0.03791763597612943	-0.3804818200519461	0.4438554100752674	-0.08156055912570913	-0.3642528053621892	-0.1282447182400988	0.1431738329143678	0.2766216113650833	-0.17865774528887035	-0.11459899288930389	0.06053786736357377	0.12611494253892255	0.0024962086848408444	0.29206906394638793	-0.05704403491498671	-0.9195200882641243	-0.09714360474908039	-0.2721961211981912	0.5529552957528542	-0.23536020111217906	-0.0873033237360832	-0.6209940164311455	0.8793168277460737	-0.0541365638492558	-0.8809495649712888	0.20051512029649	0.10213394304572604	0.0084240333202526	-0.24535248061180812	-0.0091008923868636	-0.41954295329915237	0.09300432673477795	-0.16313898471964572	0.14887587042701506	0.052157484752215634	0.724550662773293	0.4334313274967646	-0.8692780274384334	0.13176692659243713	-0.24007508343150868	0.2353505180925559	-0.46099175094688266	-0.416381758552592	0.10515646219032827	0.21433343117940037	0.04013903221386621	-0.457055419069994	-0.38418508088264597	0.2033100911366987	0.4923334615743924
DTXSID2029872	3.7930903267744838	6.125484839568489	-0.6363747471627524	-0.06339854806376458	-2.2453352180311876	1.166386506355617	3.5695961901685758	3.3730209676628076	-2.07323218817126	-2.6524551727528	0.6166037172745094	0.8741720249448071	-0.16640172517955587	0.5051740659197367	-1.1119626846352857	-0.49829445383368587	0.7119221527157092	0.1017152693941713	-0.581402801944535	-0.9523698914065801	-0.6907096201219681	-0.9487196823729528	0.1835531666339452	0.9791631980269813	-0.6542679410523488	-0.05841922293909539	0.16732835124908418	-2.4688860448199748	0.5063282392048976	-0.6881228793446449	-0.30253712828573887	1.5104333399492744	-1.8629870020020922	-0.5852848497485178	0.5074847940552181	-0.39154656330161636	-0.4996542594099356	0.888027803894596	0.20603484897550298	-0.29075665546536217	-1.946999281883754	-0.18190483880320046	0.005555581418058073	0.388662356071596	-0.14853011859881948	0.0017773669911622264	0.6593036085654563	0.03453591248156438	-0.9151440224422738	0.5169512280280248	-0.3867800411196633	0.44241964279478796	-0.5535329638532756	-0.4192999405258576	-0.4531616242518817	-0.593999591276715	-0.7924601636527688	-0.08493662569079628	-1.1033170050209111	0.6752368328452262	0.7305062917230232	0.07814815071491438	-0.029561515242402938	0.8652525356952926	0.18783453006461345	-0.26222753892674705	0.25454678599115393	-1.7427938273837946	-0.5874175996160298	-0.8624197752634117	-0.3723159436981967	-1.216802732825646	1.2578351508262895	-0.3771445422163404	1.4066829480869416	0.8330231399042559	0.7887109671765165	-0.6759761202052692	-0.6096143278700805	0.1861496953943568	-0.3350768383088022	-1.0294682362741943	1.4887132887501793	0.27089151952766705	-0.18838328713566907	0.24214748860295573	-0.2812112517493941	-0.20818226863388106	-1.0238650635246969	0.11136616754293517	0.285412046036841	0.16469857638433452	-0.008589680771749713	-1.281794527045884	0.03419170906516473	-0.49766041783612747	-0.26018949292681676	-0.8441148529377274	0.09124327516339087	0.47444684314446584
DTXSID0039223	-2.43406924114826	-2.1117607756772583	-0.4659218522973215	-0.6436919980835493	2.018332675715007	-0.748866403906483	1.0202557935950252	1.4491798996874465	-0.03109475149741922	0.06087546645529465	-1.1754994895558946	0.290099352646891	0.7389870853136752	0.7536083046539042	1.1459184859379539	1.2100586427556972	0.8512377822562809	0.013520404497451425	-1.0547262913965927	-1.5785946753921773	-0.5143150326705025	-0.7346214144810685	1.0955052076097358	-0.9087460096653183	-0.18958619779271715	0.8788524433247815	-1.3984228982245714	1.1482623768073892	-1.1085929491477327	0.736724614262537	0.5370958407296473	-0.22327380230132937	-1.158620094123796	-0.09688091829105985	-1.8192135505525726	0.8037817518932578	0.9922760195677267	-3.864686142639616	-0.4323085170599381	0.5040175959373652	-0.48557091997575985	-2.382303436013396	1.3253426314954553	-1.567607110920602	0.756598949077372	1.0909843833158017	1.5169126816158274	-2.992862266363464	-3.994817437198867	4.112216922433313	0.49304666270806713	1.2586742275619827	0.043625237997254755	6.437314718253173	-0.3960418753942721	-1.8833524883434465	-0.7318229236966737	0.3504976982562977	-1.3620389558766082	-1.2049957697223634	-0.3633979442475516	-0.02614413688496987	0.581095920487232	-1.0388735139777003	0.9724534601892072	0.1238392708361065	-1.9170878581190949	0.6341298627447514	-0.293649716792557	1.5026853209307798	-0.2644975239233841	-1.75860164164882	-1.977180466718114	0.11734708448207216	-1.3732367003435277	-1.5067140174554456	-0.1516775243955214	0.09620334590248336	-0.6277553097677474	0.3506050458144257	-0.03922721894958574	0.761118131890224	-0.07917041147805996	-0.0550327443483296	-0.335731356795818	0.38199893995880335	0.037013306714184235	-1.197580719405834	0.1511006925873884	-0.6575310835795222	0.25735522801791083	-0.21754056093769214	0.5916870026951743	0.45149013302906676	0.3676551486056071	-0.04129616370788236	0.25456725746509096	-0.2202169334765372	0.05602695092265033	-0.5381212964938863
DTXSID6044808	-2.074531567905289	0.8652662530043203	2.643383358792122	-0.1519991751430809	-0.3640625458068864	-0.9768743003799712	-0.8334732182770341	-0.8515646550437359	1.1979806450565385	-0.8259351174675074	0.16690212515042988	-0.47238588194889575	-0.09173746254192344	-0.3966812196204694	-0.34499547442953726	-0.14383748851051742	0.39257370174965606	0.08112101390570221	-0.7942730333325108	-1.033969674586463	-0.016673272834120373	-0.5795431214692462	1.7062299367416702	-0.512137184162568	0.5510198668362705	-0.48384568422499286	-0.4922518142384282	-0.554353896381552	-0.4611921008262498	-0.25379080364440043	-0.51427551969946	0.9822695353284128	1.0562987058170379	0.34869817869493236	-0.15302286931466777	-0.4986489416701007	1.358329390443208	-0.7471923623671763	0.6198127771629467	-0.13063247726032978	-1.3431234940681414	0.4553662423506266	0.16452018319678874	1.3968199258139808	1.747932463333484	0.264935219135567	-2.0786803112698546	1.7059026143877158	1.065543647750229	-0.8295992198869152	-0.257837510385896	1.4230442684177407	-1.368158148535772	-0.02212252397539039	0.18217554466148406	-0.3917295231674266	-1.7217050642890717	1.3950049155600786	-0.24313713834820375	-0.666661910962915	-0.524265833417834	-0.0021317286021426914	0.29653279511748926	-0.4542286502472573	1.2847356013558262	-0.4897555996214105	-1.2192154981701242	1.7276379056915645	0.03651195741221405	-0.10588017631037863	-0.5875547809553763	0.6026790098707343	-0.2427865076351171	-0.11615050926841854	-0.43367757540270985	1.177248127927984	0.638606160219408	0.6864063292166138	0.37089635835236934	-0.32211690448610203	-0.4824602873426402	-0.2564370803582745	0.3064205606668074	0.9458961591954672	0.1194562739310901	-0.1596577579059254	-0.6436219840637472	0.4246230923782555	0.6943223262492972	-0.09599858838033176	0.2565479151420331	0.1551402665387285	0.45226932937036785	0.5154991531319464	-0.5350697894061168	0.30321523146020896	0.06524605595373736	-0.14437170628947815	-0.324257043412357	0.633969250202967
DTXSID5052709	5.304233307580799	-0.4657719244309461	2.240515577075239	-2.630656711262795	-4.903227122795343	14.5405203649148	2.391002118802479	10.631518850661179	-3.8720767920320367	2.075690449831123	1.0408218796501532	0.7778378513928493	1.6363197645405232	-2.4935032806642106	-2.195530290787922	-1.641696023466644	-1.403552741984089	-2.343409868490626	0.8525052871202602	-0.1834517003341093	-1.458595479960892	0.7571213921748294	0.1406423569904804	0.014514435242532023	-1.7492009328744442	1.8492878545075055	0.6187336535996701	3.268529442614897	0.16636822065006726	-1.0319570203856219	-2.7525648719917966	1.0391597027737134	0.986217240458832	0.4813165530159445	2.56123265798338	0.8279142287615288	-0.32430655645882883	-2.0401587901284106	-0.8241516629032131	0.7684927164746929	-0.10221666034908729	-1.5183384193056235	0.7883524796015783	1.204733478284147	0.010823299092251864	-1.3909391368067612	0.3806353296407833	-1.7667031660220838	0.7083946176024482	-1.3000254615458593	0.3766877485941469	-1.2353756293254723	1.2264155669469698	-0.6051694627438536	-0.4539435675311609	0.551164069477982	-1.4645975606976547	0.8861443027417711	1.2555767509540408	-2.531361584578242	-1.4835476643529708	0.20770779494827613	-0.034151245766280675	0.8272205101838239	-0.9388526726011756	0.21640665372427334	1.043941617270315	-0.24992278175144503	0.2417651361357747	-0.46323785615994434	-0.3193890090534818	0.08462579974293624	-0.713615994571315	-1.5192898138575388	0.057567172479596695	0.9173188537126412	-1.1559224944790845	0.1943274028880827	2.3266862418290954	-2.599404255908033	1.1616712574441428	0.38133122287296733	0.5494899551631455	-0.014935805320638998	1.050959161830001	-1.1394742385627037	0.6052832997066523	0.3502208888096359	0.37800379348906094	0.39655646728488886	-1.0371058284039465	-0.5502796681807115	1.2124608219947195	0.7530674543759955	-1.4455359613428682	0.4452280015723853	-0.7840539044275189	-0.6838014872071765	0.8704833291928101	0.34774056556381616
DTXSID7047641	0.27740923159133885	-1.2022524907054881	4.772382330436576	-4.688121021778677	0.014216942751587658	-3.655397767407733	-0.09853097205045443	-0.2097777349922291	0.3911515164483165	-0.34006250375303765	0.16465021594199147	0.8802992105881497	1.0251597022010863	-0.7573442709445297	-2.7363972505206666	-0.978610697621086	-0.24151176183092682	-1.332125530646935	0.48627470828718844	0.6660309103916042	0.12197354294360234	0.7167474440403024	0.0631655032645801	-0.2580646246646483	-0.4957073163135184	0.3350191754773834	0.4301356496769503	0.3942037354237551	0.2923450695295433	0.4963853678327046	0.6774508738534071	-0.9679945120973917	-0.22051938320470418	-0.5694764596744931	0.3737684979687033	0.21711332098141883	-0.48329198116994576	0.36019887174927173	0.23414641996376423	0.6904160574795846	0.0429799779675812	0.18351660684616863	-0.2077008712898196	0.03403587912167861	-0.06077545392402855	-0.09005183962613028	0.3954843893825208	-0.32249066502878887	0.051460516890912966	-0.2694495151155257	0.12946751027495837	-0.008559975166762306	-0.02039166575779019	0.03893184450424856	-0.13614388494311672	-0.03449802349320414	-0.1816494749520958	0.06231831172432172	0.17182788648759081	-0.3374725788456852	0.3707752349928063	-0.1865256035451006	-0.15069934666312465	0.003348085576296155	0.3951552144905966	0.20548746229026604	-0.23034008035037926	0.13377155870006127	0.15888920400523204	0.26296920326219053	0.48963597584668034	0.26091750523023016	0.14945738234749092	-0.0048689053707752766	-0.5890698328746157	0.10725200107837461	-0.14157325588618372	0.41740050518531263	0.2878900014786423	-0.051020059489260645	0.3934450566436036	0.18041035291901397	0.30481258325283095	-0.07707226581597074	0.03014816359937122	0.03909542346587349	-0.031188775859970593	-0.6651627025728416	0.17144347909537175	-0.0031208219517627673	0.5908542044796263	-0.08511049102347164	-0.004381332211175966	-0.09624515748029946	-0.17363744544145004	-0.06905597574749497	-0.13690376039546556	0.21882621531690752	0.13151509883677534	-0.07082951589496775
DTXSID4021842	-4.453842674785598	-3.041347393527842	1.9743645849634113	0.2561345790082515	-0.8294664972835568	0.2774296193954571	0.22337190191760378	-1.0407985875135883	0.25865855842502683	0.8446978163466468	-0.05537424614547244	0.0311411742410223	0.3407452100114102	-0.664384084438017	0.11880100038773751	-0.02856565210633591	0.26298378935324807	-0.2184836357712632	-0.09644143851531596	-0.12424786447405983	-0.399415284970885	0.06984896396967119	-0.9622545572423903	-0.25888659678481557	-0.5310366585132764	-0.43385515502200317	-0.7110743000055891	0.9167318692281147	0.7019762390463375	-0.7465231827885893	0.2590189805313003	0.8426327611988709	-0.8514820539051363	-0.35025283772997595	-0.8520104879976633	0.16213693044715724	1.26452573766412	-2.1742627764215245	0.19491939547296233	1.5066326441682176	-0.2820574549165313	-2.5564221109572918	0.5058193628235235	-1.4679018379865547	1.8491703102962012	-0.47732281799587867	1.267746009418172	-3.1912415070132565	-4.025187211232942	3.787473733205901	0.7325868565161521	1.1570399107139684	-0.17609813796262697	6.335934814499706	-1.0855296832609993	-1.7660203846131486	-0.29239678933071156	0.4278050601058097	0.2574956029876943	-0.9201228496195635	-0.4503511604616847	-0.4566544037126344	-0.017441408269249142	-1.2611761692610035	1.7638308182393028	-0.46843138788755306	-0.378968896096567	0.6823202762982624	-0.19793286770888524	-0.49847419728758613	0.9241359063769071	-0.11730470120399468	-0.715834658900658	-0.002766565611816539	-0.889619962857196	0.06146348591957322	-0.16240498023070904	-0.07623588357974542	-0.24985989685678991	0.06595737094182437	-0.6806306569254214	0.15691996437660163	-0.18136382790635627	0.12592955777722914	0.1766038911193497	0.42839778198373785	0.5656078790336619	0.05952345295039255	0.31296586529824333	-0.3705943645913379	0.1367474294935738	-0.3003258436601938	-0.41359438979245877	0.06470585797256043	0.4131460003828891	0.35475175711799833	-0.017057184061724285	-0.21228247991858024	-0.2951230746193116	0.5802771103807673
DTXSID7045150	-0.6833341319290464	4.787336468480068	-1.3181188773931272	1.364153562587773	-0.8942318610958191	0.7545314875301095	-0.3752717503764218	-1.4939853604846358	0.28534228422905095	-1.8823026248091557	0.743885306753861	-1.9675177922009026	-2.5992766854571046	-1.916580628082304	0.667287477677192	1.1149329102503356	-0.38593392609117994	-0.14970477794069198	0.9515116979256094	-0.47951940824478834	-1.1052071927306866	-0.3000514599245261	-0.10670546912137513	-0.852186283570429	-0.3182256174307835	0.2933784313371498	-0.37383247060272723	0.24209566573473518	0.28663003699599293	0.36677307971244244	-0.1897290750323992	-2.8972917991526526	-1.8763082409028038	0.3704274061914527	-0.18978983406472855	-0.19012834259577122	0.09333797331275227	0.7315747335793958	0.2550369345270926	-0.07777835549693454	-0.7611397503667884	0.5309224024768923	-0.38033774477345383	-0.048183888297119365	1.0640065338275848	-0.26085518897318327	0.31022921106064744	-0.346578224509535	-0.41108936755810227	-0.14558192600152312	0.20853073255626348	-0.02510696525624414	-0.07971725951440517	-0.17322641634687916	-0.5329249496900142	-0.6938738969315182	-0.09355452676010949	-0.04381750934909073	1.1028010493676095	0.28995845211617977	0.7853358994141113	0.17582274090783054	-0.3186208119222609	0.5990456040615405	0.46990310840907323	0.32987182582085683	-0.032439888350443306	-1.61619843909825	0.9102409393414451	-0.44086778748201333	-0.4542352260160568	-0.7324344034328076	0.11039634852952045	-0.5465863731676064	0.18270022872965708	-0.3792862597223604	-1.6515632281952721	0.34914307871779043	0.5506662977089454	-0.8522482864161499	0.1125476998071427	1.192130133322216	-1.8479799163658088	-0.5767958162463336	0.31896839583146497	0.43704038929084665	0.17203792418897138	0.17693797792139354	-0.04560717202331326	0.45848175498057153	1.103761967255567	1.2773360766523374	0.31144500474072334	0.8737900754284722	-0.6779299185241133	-0.689733444058253	-1.3490534548214883	-0.7755912609608769	0.13279125280496973	-0.5767504703809999
DTXSID0048973	7.629771004437258	-3.1051784776061697	10.046860067240475	5.041426292186552	1.7758962738500765	3.876219847888675	1.1346760024544582	-1.6423594087990978	-0.6161909359245458	2.842415664242477	-0.3003251414211868	-0.6157816800947472	-0.03211644262042412	-0.6580334284350292	0.8003310731444718	0.035016616978294945	-0.6750622819624464	0.7011901996156638	0.3682237408220007	0.16010350274956517	-0.03984439291242151	0.3298855528804454	-2.285938914948524	0.26868044750084663	0.13641392619455495	0.1833400754645587	-0.4400678607562868	0.4031523589577353	0.36881044804110724	-0.17246719700015084	0.5568836979978152	-0.19743205630109	-0.8335643219337245	-0.438538781008357	0.8537114315899441	1.0088991940851344	-0.7393311204130754	0.7045128210693982	0.6822543948279088	0.5456696324149789	-0.11394337661164768	0.3843270760764662	-0.239249476116943	-0.6366153585530034	-0.1434441205498369	0.4411072359549104	-0.34472764703188385	0.6639945218019608	0.2514446169144785	-0.0069983747530198	-0.06512581111695696	0.39739478325768707	-0.27417769065306474	0.10281329286311425	-0.19009615937531377	-0.6784364820805161	-0.023494701290488165	-0.06658395983385322	0.04927503872395505	0.11580140552093028	-0.2600679329242225	-0.6638645477197654	-0.0746205865437314	-1.9193410718872197	0.556841916979333	-0.25051124634823885	0.1027290468932731	-0.33034023006871394	-0.7980840510569271	-1.4137942126008487	-0.17289354060642806	-0.19245369433508597	-0.9849700357187454	0.24964966981845707	-0.779818028979433	0.3135433463872824	0.40430021305520897	0.02723888107587493	-0.05777239987465972	-0.6264698394514775	-0.4614172788175454	-0.49156600879639506	-0.11110934578293076	0.06740835021033947	0.11943421485138367	0.10296033748944282	-0.8160663769037408	-0.40115863427822535	-0.3277262870314454	0.41201672157873354	-0.1342470084821056	-0.4301493758917877	-0.7550369955146913	0.42664106896214704	0.08890614228042103	0.011908703841666018	-0.13186884451097228	-0.15130050064240516	-0.17720388840951953	0.23560031944999382
DTXSID5057670	6.859629563838305	0.31679522104310626	-1.1821112672078593	1.8997858079866368	-0.3198597391510324	-2.8181495366875517	2.532514071280473	4.2056594295737355	0.9774049441702038	1.9578643142197336	-2.1727108731587	1.177859275890555	-0.174695307513861	4.294540083240408	4.509911405986764	-2.5257751579164314	-3.1902092225212364	-0.4854315238398228	1.7728638438387543	3.715016364947866	3.507180182352266	-0.9386348884863478	2.2424367110039745	1.6592839713176453	-0.598474928574025	-0.1452702458905627	-1.0140061171479353	-1.3474156063887819	-1.1357212189430455	0.5270639404660064	1.7603816824749319	-0.8703566217410037	-0.2115117413461694	-0.8424751419894058	0.9336435220136955	0.07709915073134577	2.2011305437176243	-0.20021904790498643	0.8710846228737598	-0.7116964969394423	-0.4091794705269191	-0.09327507328654767	-0.21383438743360966	1.016319113767317	-0.07114772133279029	-0.19602826583416608	0.691659100784597	-0.022543448520570452	-0.28896138175983943	-0.007687770356045772	0.1575843750482497	0.9918116793054835	-0.62766901914471	0.06284086964053813	1.3171613300238918	-2.669629518296802	-0.38552949094840416	-0.4449476047294808	0.08002417188744265	0.8649695870915601	0.4330840042998175	1.869507175362871	-2.0771689355215095	-0.5277310586956696	-0.6830475740055575	-0.8893766321779731	2.1821276869785518	0.6531439683869916	-0.347103578229394	-0.8054810197367211	1.4977277762620473	-0.5723484357157513	-0.33294669420602246	-2.219485184516384	0.8827861189163548	0.06825006040560408	-0.2023554407949455	-0.9096512827213669	0.5628615710887945	0.7063992745388961	-0.15739105900309897	-0.20864653845928935	0.3594786378493817	0.9246301235081139	-0.12346952658446807	-0.010371999777619618	-0.2012889735853956	1.3728227737790226	-0.8670671352641978	-0.013728885581558627	-1.1753327885746125	1.4872854860659805	1.4044106706750155	-0.4575960072160507	-1.4117388027845104	0.677979150176616	-0.1894684555052878	0.26080034479826597	0.29609744164011664	-0.5692701863929837
DTXSID9046784	7.460740769099108	-1.4010602555324805	-7.30148610635618	2.0432747230500516	2.075085115886803	-3.4827250940790258	7.757414401754251	-0.5257067544788332	-4.295531359884138	0.5073343497630814	0.12940020555372453	-1.6377920003383815	-0.5416395964404117	1.3755633745949611	-4.140920904948404	-0.2292123860725077	-2.165551235263583	-0.7302406073057602	3.03716851522897	-1.4155126986399689	-0.036320424823822556	1.2566010676424373	0.5845201231718632	-0.5263419673214634	-2.090493747367895	1.519369391382862	-0.7010879963709165	-1.2192112331007712	-1.3002817871437373	-0.31339670078573256	-2.1703986426983217	1.7215630056274027	0.5399501113909561	0.92464947024857	0.17966523244214871	-0.46659794107127717	0.06714443067908568	0.05559083309466186	-0.5134759313165229	-0.9258101470682674	0.34638185558648654	-0.17293803114789752	0.3531437798333212	-0.1070658560216145	-0.1542630340860933	-0.6306113873403562	0.1744112971745891	0.2144030674069774	-0.3965965989142477	-0.4838712297434403	-0.535924009346	-0.025013932878344323	-0.6018058970888676	-0.2699474775543851	-0.7478712902125868	0.7177619450818529	-0.022509137731298586	1.1376309258202695	-0.7913057880120221	0.12885093838637557	-0.32248243263922116	0.9792392488375283	0.04541211323513474	-0.01899500068048218	0.02124083437266072	-0.25143011521273867	-0.8170007073433696	-0.6799630969164786	0.4030244496211237	0.012911825870700878	-0.15696719322502983	-0.5688657469557034	0.9610694307081534	-1.0086318567332284	-1.560402676761166	-0.3105356119084415	-1.1983566151779708	0.17012969270606376	1.0729525266672688	-0.9565989882915692	-0.06712115809521305	0.12338883748399133	0.40434476693320437	0.6966551959963068	-0.8796899653959428	0.3188832732453062	-0.4180758069662253	-0.5902320834607494	-0.3054814291820356	-0.68220798061916	0.6643286248582382	-0.5219730566400472	0.8953067774199466	0.04561885542234088	0.2694140329508376	-0.7336293679022367	1.8719696553832261	0.46780031102674574	1.1415533797541972	-0.40483657307504783
DTXSID7046207	17.177615642180708	1.3454558554154046	-7.085003688317346	-1.022292730070677	4.1483179358855935	-4.7432014552223905	-3.323025458811564	4.462256707640347	-5.047941368347505	1.1918529892030167	6.712644925922793	-0.7055466853943939	4.0718086982113535	3.4689438459312645	4.610305115548959	-3.8357712105688644	0.7294657305015756	1.5623060048717679	1.8459797057105811	0.09935193679028356	1.6770881239452333	-0.3951980914067566	0.7228663664015093	0.2364962813718514	0.9078218524635537	3.960704827479938	0.7174045948284034	1.466980084439912	2.3683515616774953	1.0498727352837183	1.5678045819301847	2.414578371828262	2.9502878167378306	2.167650454477381	-2.3447748338717522	-1.0032980982186785	0.03336668841845378	4.024300168746562	0.8662236682515329	2.7745472871264454	-1.882912033170632	-0.8258259161320977	-4.883663356390993	0.06303960270287005	1.1087020129051854	-0.38505834383619675	-4.712556260598399	1.1329707044208577	-3.6910252521042772	9.77647944633204	-1.7888435955345798	-1.3394039322111282	-0.8122739979313572	-5.138041929830394	-2.030652515440872	3.5620586192341785	-4.352865691377623	-6.685925441220232	-2.5157417887160456	-0.8023364771218325	-3.2955640458334416	3.0415398107319107	-3.2966742133824973	-0.6754641029467034	-0.6483504713646858	2.4031615279939893	-1.677758046283253	2.469982529319763	-0.08752685268799165	0.09523191017394748	0.3909751779477034	-1.0817934292627913	1.5864608272159297	-2.8707896415161795	0.2803114294406354	0.7643531428234335	-1.2751052867717074	1.0331146621599987	-3.0464571862640004	-2.5496468548707707	1.7548081791561791	1.7102018717472478	0.7734362264120946	-0.7296278368916703	1.3151368466268765	0.41113583726613395	-1.6988538184326059	0.09336270559011853	-1.3766089043846925	1.3762387262791496	-0.24504434074558623	0.947507428978431	-0.3514211988736763	-0.5191129993821977	0.49828129265971843	-0.5793863737684702	-0.7108000560847108	-0.4936013718838097	-0.811356896355288	0.014066707256209862
DTXSID6049276	-0.029022117739202047	-2.613866706660028	1.239578010796217	-3.9049228474145607	-1.6591385334928	0.008995770021940193	1.8660971173960312	-0.7764856976510907	3.3929234048836134	-0.1125708208847844	-0.07857816386510684	0.7367918209012448	-0.09324562581471535	-0.036592813650979106	3.2994812805265017	-1.0441248592465875	-2.4960270388029104	-0.9293401239830549	-0.1625308106962909	4.59790403772152	3.3678461409578007	-0.7085476347522937	0.67116932307054	1.7487058537292366	-2.2775127605459726	-0.5955409746772082	-0.5857818724222299	0.8566007907223753	-2.040448194500235	-0.33635295378031305	0.656450036524591	0.4202992007036851	0.10465272321684846	0.9208995548664307	0.25957611923972834	0.2872859912173428	0.5272839845982727	0.10321904031733355	-0.5477809314428824	-0.1494784754140037	-0.6790741723331447	-0.8766712800192387	0.333094330816599	-0.5106524650005141	0.2812127284581172	-0.2829900557075103	0.39031357665981536	-0.3401850906098858	-0.010812690648616069	0.1460694451806769	-0.0038213857325900503	0.1756947156472819	-0.004986028572398322	-0.7275574931729839	-0.7327710462361725	0.31621170657138675	-0.404142539675525	-1.013110885837189	0.13302758595054212	-0.2515115373271874	0.473446012378353	-0.8262736932183049	1.2367654199233271	-0.2439338170771005	-0.20373674525299706	0.30805306633123153	-0.26881052924697485	-0.27609463016230906	-0.3762745697503785	0.3865629676168972	-1.7085620865872309	-1.1934465489960977	0.23100324775871883	2.1046571770195173	0.1640382302441508	0.5609370697018418	-0.7238267882325864	0.288892468536761	1.4862564088012584	-0.5533721929424837	-1.2381072080338322	0.47401769599798327	1.3434793627740589	-0.6796442627324537	-0.44369035217982944	2.531217601272852	-0.3579407717173154	0.9438140941709001	-1.2474036380408826	0.7859683541852703	0.201687749497592	0.10421717027371855	-0.5383410655357865	0.17448147603143843	0.04852674310819367	-0.24909910995534112	-0.5697904877294322	0.2770571522410723	0.2756443568074057	-0.6138356812513285
DTXSID8045648	-5.6394960113358	-3.2911022954851306	-1.5903021960092774	0.5562118385984771	1.0822475282223134	-0.778550284392446	-1.3979932953872494	-0.5914837519536968	-1.800579133879748	1.085231176652127	2.437550425309217	-1.5661136023092614	0.9741683633540306	0.32875671568892745	1.2316829814442478	-1.6862019960738992	0.943513232576676	0.06534357479993484	0.08418635684694235	-0.1204047967039269	0.07361121410831639	0.05544772786880661	1.0523634461727367	0.3779951165685131	-0.14230589146416847	0.28168650781696525	0.275294231680408	-0.06011901569402751	-0.3851919069209986	0.17539279303479946	0.1423708838850954	0.40114504077836205	0.11136920200716667	0.031520001369294476	-0.16679349152078585	-1.2355860333868403	0.31899621675293666	-0.17697158879923908	0.6791594345992344	0.4964063135643009	-0.356445862113857	-0.037322081146147566	-0.40568518429340705	0.3951536808071283	-0.5566005905352319	-0.10019302939894603	0.45312287880903923	-0.27437292304010874	-0.03492637138962365	0.2357908496729422	0.12998468558505505	0.014910019683813532	0.14429072603846377	-0.07677781238567927	0.21809042751017413	-0.3598778086383597	0.5536372007475133	-0.7500792089297432	-0.36942196448650655	-0.1406548087195829	0.31994253171653764	-0.4330386269164763	-0.031129262955646605	0.2048707337971166	0.10823859922580951	0.21367101150272902	-0.0013696229206857711	-0.36110043609943804	-0.6884617254853883	-0.1513468981816289	0.25820709367260913	-0.07508975086135371	0.09126135835427182	-0.35796503043662226	-0.3898117812984287	0.26113949068963616	-0.06536351219132229	-0.5013093328549842	0.106982710440675	-0.32996966115404713	0.11242972820300097	0.10889746907119945	0.24786685260724664	-0.007034185207649606	-0.3430059758555902	-0.4088407188889527	-0.4319886467260146	-0.2900206480075422	-0.13653606204759655	-0.09378718259506788	-0.6470362572857755	0.36628595313127316	0.34927272179741814	0.244655373926298	0.4902194395263752	-0.26676336394486233	-0.8238651907193865	-0.10628450869098174	0.051476258088484154	-0.6265328784594585
DTXSID6021741	-5.983056651716319	-3.41451482568844	1.3807352505814434	-0.7148939433358139	-1.182336745875993	-0.7437522110490146	-0.23228538731794815	-0.5689806984917741	0.4388473210759633	0.3800140414540404	-0.061740437673320755	0.0033689123346730774	0.6408116838486286	-0.22103418999628377	-0.25946106128113844	0.17310675973929723	-0.0021626879718394457	0.33954577834087873	-0.29044788526078785	-0.43776733782566973	0.03895506063175491	-0.21045500964907865	0.16170122568194917	-0.006621601369159087	-0.34552764847287326	0.19330352382607974	0.21608521381940907	0.130586602290544	0.31049616603270513	-0.11962015233335675	0.5979087783599957	-0.27932988294027883	-0.15329419638285582	-0.6931974151353651	0.03717682891357086	0.11817294805791906	0.08935221612804947	0.3913863065989362	0.2823650765586817	0.2928844425828325	0.02623735563937541	0.13003565094948413	-0.21483982599727533	0.0957849343869547	-0.05752116637043219	0.24804997444612764	0.192611654899204	0.01911647862125082	0.13430998980540018	0.08416738095462964	0.08043808496246968	0.14492342710909964	0.023237533069546127	0.06024649349350487	0.015142583239469718	-0.3635781303763689	0.17935298056306975	-0.06757137409624851	-0.08735282583226894	0.228164396092404	0.06298249785378605	-0.18480869313206247	-0.026514880846686326	0.00012235476073996367	-0.266212663685378	0.21855555668175305	0.44728435925105137	-0.13943689486967395	-0.30679156905835814	0.28826543987575964	0.43859203079250864	0.09308323522824034	-0.09240781180680382	-0.0826996724677495	-0.11669831650153144	0.19328778423180615	-0.06104654954085021	-0.07478864269286382	0.05465367455999446	-0.027386686287723613	-0.04443550752020557	-0.15663277182051896	-0.058165545155490286	-0.31634368960336234	-0.11388471491758795	-0.13024907638261668	0.39202675044302426	0.31244033998836984	-0.19146906926719223	0.002064644966395799	-0.06759578521780968	0.29970807320612197	0.11563936478739663	0.19408694079558161	-0.11954196373018916	0.2181708336162753	-0.06564465695379892	-0.04864060963468236	-0.0790575137242672	0.21601022806533718
DTXSID7023722	2.5960193122678143	-2.7618822418880287	-3.844148442803528	-2.179665878485309	1.7920212559992044	-1.9222445312591057	0.025690218517295964	-0.3375941367879878	-1.5265248683722936	0.4274114352524025	-0.03180204358107465	3.110474512684726	-1.0370300986082828	-0.2247272976813049	1.017862151857455	1.7398546411652438	-1.9256870535830428	0.3877265134566439	-1.005020340692134	-0.2115437685275228	-1.5305219838376025	0.43698336680032107	-1.5076088004791046	-1.458279632939967	0.5386874128984283	1.5900382440770566	-0.32916095405200557	2.4597920805041595	0.328159130468273	-1.1951952384878188	0.24575718720899814	0.9447539522152113	0.9910973670928341	0.1607263015670139	2.087740733277589	0.3826961501797546	-0.1506063085067879	-1.673796009378196	-0.8961333899173326	0.2608433673780135	0.8347435584671746	-1.3921144448136247	-0.16240188644418935	-0.33355677724613947	0.5633898430704329	0.03545359236791941	0.1432103218576364	-0.14829093447727026	-0.05889144708401407	-1.2485021125539555	-0.1740628023773341	-0.5129508203580819	0.5365023693105788	-0.3565849212279662	-0.25346465131618884	0.06251468052631609	-0.5443875531203767	0.889481797620728	0.26724931861940376	-0.5745031455669307	-1.1415260385565502	0.09355072727145326	-0.41899061648123714	2.100036266422273	-0.15635051218672963	-0.09020786892784093	-0.10666889540913245	0.782199762332952	-0.0990717174505081	-1.4584554821583413	0.5339677864591431	-0.1941266717341771	0.18811967947994135	-1.634321357882386	-1.0465269235021921	0.7000060031704026	0.22465629096353945	1.788222911229749	2.9404246809223293	0.7486192747743109	-0.5198081204849913	1.4566949965321865	1.1096750068885257	-1.0287876814920904	-0.6055808438058685	-2.815065834283143	-0.33296416297565584	0.41819409772103344	-1.6300171909074361	0.28679996231292476	-1.3211033853852996	-0.38351467871859773	-0.5172850349989698	-0.76511533355957	-0.09530884152282858	0.10568110627952301	0.8874065824783034	2.258397686269773	-0.38465295865071475	-2.1626339291107852
DTXSID7026025	-6.010511163721126	-4.061693902237329	-2.563408149897215	-2.826717180809761	-0.4246597863557509	1.0557440423732978	-2.1544116740059835	-1.5482332684986793	-1.2187323969562376	0.9709360720195295	-1.388664067015044	-1.8234736996535956	-3.023689009244793	-2.567948226253513	0.5419177328559472	1.2196544166007872	-0.7393233479775524	-1.1423751035010552	1.0976025334004005	0.6031799870914872	-0.5168811621040529	-0.08211906158578612	-1.0171496227849732	0.00012172794391975786	-0.28406646749483	-0.8768726330782625	0.3349041581927965	-0.524354449783779	0.6452250825986237	0.15513235964094108	0.5775724292991133	-0.42353714058905223	0.41929438103581784	-0.2454353256356617	0.9678839293497014	0.4161345046601744	-0.20493584337970577	-0.01649358430404619	0.09446712588945137	0.4951842623194424	-0.29879400416136825	-0.5665050987513427	0.49345870889115506	0.17464589854141996	0.20498610723453048	0.3206084920089554	-0.42569197584831336	-0.0643369839216508	0.208304237356604	0.48104665670993424	0.13131530148824128	-0.20936815142154186	0.2693435600722961	0.10015164026473528	0.08825609235629694	0.5477154754865039	-0.14324655499497388	-0.19948341765543182	0.380771970109632	0.47118132419382847	-0.5860164517286407	-0.062134516921048405	0.5146835660267323	0.44159885700304524	0.03840843607684726	-0.4653513061911195	-0.39618467189535006	0.11566214845727152	0.20077434052805385	0.00877479572007572	0.6006181076329591	-0.3789239969943831	-0.0771254712242587	0.028575883722667502	0.44039551450150416	0.05419235202388522	0.911359309401547	-0.5060503216186485	-0.2783486836556647	0.479738129320756	0.5741876338978734	0.0030054894259950375	-0.17876734720404794	-0.20748558402445344	0.16057136264900262	0.03832983989215413	-0.4129194717936819	-0.20776748911519738	0.017446450971884412	0.38852835366634036	-0.5776255578701719	-0.18161335194253234	-0.2981955285357027	-0.4887005143896216	-0.4609623284136506	-0.38104547893819857	-0.4529584437823648	-0.3773739456585543	0.3269067186443589	-0.19728307963627653
DTXSID3034664	4.1842247070763605	-0.9075101562126325	-2.1919308524964265	1.860810492887003	4.035590181051518	-2.671427365607566	1.8630193285129648	1.0762982433095152	-1.3841552679418738	-2.386462033191526	1.4916640094236147	-0.7210305286194411	1.297102881016721	0.6025901685638421	3.415584346720446	-0.8596596331103482	2.6111931959107095	-0.7659761067377056	-2.3598972287856905	-0.964047880134608	0.0682806659721085	5.566554267686945	0.49308974712229875	1.1215532720489103	0.07394199390848165	-1.8942058856822312	-0.10917549054183451	0.018144282836388623	1.8036423911440733	-1.1444721072834143	2.3605833378977508	-3.1016287921418337	2.213461951225028	0.9951953266553542	-0.19821491820460424	0.7415877945013274	-1.390700619344993	0.6348522393595758	-0.24153713687475922	-1.5881590927371543	0.04627739786742233	-3.5562858770951817	3.2777061932245335	-2.7510602965773727	-3.286163024988561	-1.327299082970607	-1.79301316813758	-1.4295891707080215	1.5961191318280197	-3.1155339674812565	1.0345340315095073	2.3884604464895682	-1.7817513240722023	0.21691138933510015	-1.9015750781467096	-1.1689530348154342	-1.1541291723297995	-0.004668593670743072	-0.4999198044567453	-0.9574892636797269	-1.913594992301388	1.833635853694084	-2.6249492633631344	-0.6987923371899873	0.45022543619227634	-0.3511877089362698	-0.4038770200604404	-0.14705264879729602	2.26377160974938	0.4159861951583068	-1.0981233717207088	0.8378897701471767	1.8558286793141254	0.4853662338082051	1.1092378718318696	-0.6388867083136407	-0.9265007390681638	0.689925420695011	-0.15932030406784575	-0.2830633738561938	0.038937609963127305	-0.6052009470678206	0.22567801889397673	0.32989072589875046	0.0028967155299042566	0.18009109128106504	0.02413242060014375	-0.7690860992288071	-0.811320082070224	0.02221977656016054	0.11582343065865527	-0.07608434127402869	0.6544448314891015	0.3287921539496572	0.4515744909396367	0.2536579114226509	0.7071529431423711	0.8208823252071866	0.014247844214600486	0.2970200909315257
DTXSID6057796	1.2716079145766084	-0.7284128266423907	-4.575401851510078	1.8569128791211924	4.089632770359207	-1.8508827591791692	5.590676660269	-1.6724011994588337	-3.6944059763580905	-3.5687877018397045	3.0267088607625556	-0.8562031793862547	0.7163175316243742	-1.463003838683907	0.7874728940078817	-1.0910977843892422	-0.5715960026213812	0.3020136645141793	-1.079190765329902	0.9288318034871937	-1.7914169942259266	0.3055700285495516	-1.228543529789644	-0.8182203405834289	0.7182420683546552	-0.25432571011448285	0.06589177790325834	0.2327442342867659	-0.14958030532272387	0.19427568814175575	-0.6407649064179172	1.2975214335809457	0.0497581894498009	0.7895266765383684	1.1574803198572772	-1.4053637554234528	-0.4094133369301018	0.32738633693338987	1.2143771447850915	-0.18939997414574572	-2.2965544444547206	-0.14078311155214657	-1.289147025027189	-0.43422542608823045	0.08838666781732728	0.30801461997564916	1.0950020283555095	-0.7416516495988902	-0.21897070825903284	-0.4847462707910398	-0.19054031723445455	0.0942576027331173	-0.803710295876765	-0.3173374247408099	0.32566313455771445	-0.4856170747835975	-1.0832289190134838	0.27835337407291316	-0.7446891068712668	0.7149823421625185	0.12755172113050325	0.31447409727242365	-0.3439391403878585	0.6680315496946118	0.6093341000516213	0.2068339937975175	-0.8856052419881066	-1.5663564619990162	0.12748743444791313	-0.9336419499832442	0.4820668295177328	-0.9554755380933015	1.0534691791025166	-1.2960229242596168	-0.5701893256672597	-0.22818561507858154	0.31672708134944194	1.5526255809441578	0.8868328807196796	0.5388783118450773	-0.6992107443808799	-0.21415524262268293	-0.2014597678994713	-0.5379954956178625	-0.30193178321678316	-0.06770198734271435	0.08832562675095247	-0.5735784251087246	0.6561963720659432	-0.2805190215170544	1.3150221513667437	-0.23425419072146555	0.4169342850764268	-0.4227970550511865	-0.28670485211790886	-0.1264565422542663	0.23552749649658283	-0.6188239056878094	0.035834302114722605	-0.7274692042298808
DTXSID1027007	-3.8841870247415256	-2.9300703202313034	0.6050444553937806	-1.320526950385731	2.15220575783849	-0.9712839084570554	-2.2302742186488116	0.25648357465090676	-0.30867550498997304	-1.879660759366727	-0.33860403439337267	-0.02701350608755993	-1.2243714693301555	0.9581525105476377	-1.5465330991334083	0.3232662998680979	-0.6844319826904749	-1.0287165246475205	0.4716019901438767	0.3354627729441346	0.26732116287386143	0.5756895192259549	0.034082247710935654	-1.2302784777250602	0.9351295020215267	-0.6034139991129448	-1.3198611855039881	0.2683245123915872	-0.07889218820228748	-0.3781221729350382	-0.510855463372196	-0.22143440819152885	0.2519367722168478	-0.38190111285224293	0.17153081735952477	-0.3091063515616431	-0.04873507215480547	-0.13212224234490202	-0.01683698444288162	0.14974511175916166	0.12593316214991726	-0.18268541460467358	-0.39843986223746786	0.012638560831162687	-0.25273448207772203	0.12697325372517904	0.07728096994754063	-0.09180126266931911	0.035427652093386476	0.026824695206708205	-0.04886549100090606	-0.20816180183306812	-0.02015984288736834	-0.1665086625276409	0.06262111149455064	-0.02303535160806537	-0.2893550284805888	0.09428598088381522	-0.11861849489531014	-0.10289046584557225	-0.30154762081307446	0.22033057302135603	0.630481434376189	0.566453930623647	-0.07575625432559537	-0.6643949525506354	-0.16729500284538268	-0.16432404992938462	-0.04955972724150573	0.09903031778740687	0.43005766365488807	0.46310292341769604	0.4068146315821527	-0.1010345696885915	-1.6185041373702098	-0.5571174485447464	-0.5598955078134071	-0.3580306184738995	0.6403688171774528	-0.03108617417166706	-0.0016451174530044748	-0.3182566326852565	0.8464787949442113	-0.5576876193832775	-0.5062527791884213	0.2743324198469795	0.43103623816393777	-0.5229057826517499	0.028133982234448057	-0.05717184846197815	1.0750209325990816	0.09030916665489429	0.4897680029659574	-0.48887553233468506	-0.6387811178963816	-0.5995273407623566	0.05934126400303998	0.30332666709592204	-0.3819268425081855	0.2176577294400006
DTXSID4024690	-5.605069571792953	-3.1052010878725316	0.7586426433401706	-0.443994630235926	0.6942836168624246	-0.23084722661567503	-1.0421109305746956	-0.40157607633251796	0.4418577264198723	-0.5944445039429442	-0.6627079954865988	0.17182199317612698	-0.4471660394679899	0.24493530033756059	-0.1279573102014144	0.1675366664849727	0.07239148207058599	0.3439500140912518	0.04335110505758438	-0.582954659173709	0.4145380380316839	-0.23898664700488836	0.08348523489169668	-0.5240159188479558	0.9186682740870361	-0.1999011228834785	-0.729823412365111	-0.1327230418943807	-0.10722991614585495	0.08388254770177901	0.37008693453551245	0.22061053744666206	0.36482138557041754	0.157464048442003	0.6041442141359767	-0.046455764174648376	0.2884830379279168	-0.19470808070323053	-0.35282351809841145	0.18046154504847534	-0.2724183343499979	-0.2576976505914567	-0.2363609384068409	-0.43149420491088725	0.030064805319102713	-0.030667483122810833	-0.3901127338172575	-0.3618570827640579	0.10067065297820207	-0.1257986266902545	-0.015268210524804355	-0.3730379908724963	0.030385019282857337	-0.18983376072900282	0.019274147679422992	0.05861794794267597	-0.08088974056031338	0.1593576816072964	0.2885851692278045	0.2991885549673893	-0.049981010891916366	0.2502509334723959	0.2692379855071236	0.33563277740022723	0.09164333248728704	0.15802526192018101	-0.10111166493480951	-0.45317643978638256	-0.055227557060725824	0.18132217293335726	0.7078497798954105	-0.008878904093717525	0.2585769060291345	0.01951222490914492	-0.3216639011757588	-0.4165971239349978	-0.2252381905094128	1.0489241823761066	0.1710344185698621	-0.33697610008535567	-0.35278377833522356	-0.691622163037397	0.1019532819081311	-0.3638740265403833	0.14801319603035354	-0.3586817012063459	0.026293575311311376	-1.0035879286735119	-0.47756352702322363	0.6578823643144119	-0.3005483948674886	-0.09137279142229376	-0.29615795280196494	-0.6387289575427874	-0.17812390402288564	0.4573896617707645	0.4459323631004911	0.18824209907239153	-0.002672740600446836	0.08186791124530249
DTXSID4047628	0.1954251345541665	-0.8746939191719656	6.032223436448258	-1.6560012823199959	-1.80372998997168	0.9113047199256004	0.841445351649663	0.5538288512116022	0.851409914365844	1.3770489088689004	0.6200177616976424	-0.21532198736031913	0.7926662104928188	-2.5243466284850133	-0.6188047586123199	-0.6294448429455101	-1.1022490981343758	-0.28524415303134426	0.174589666991221	0.7100211580578334	-0.014576202682840702	0.7563024795019457	-1.987482477173621	-0.8068598933324977	0.15312613858671476	-0.25820493994716187	0.17753526802185676	0.8747813117257778	0.1531214065555068	0.6907381695256255	0.7383924657613797	-1.4782322411464652	-0.23128422105972413	-0.11620341028446361	-0.24774765224204218	0.2231280107073266	-1.373315531546826	-0.45615488249269326	0.3551117555142722	0.3661994393291545	0.18362878228613894	0.4600328708034911	-0.16084835915979107	0.19547793025580604	0.43233038514991673	0.015303964038166001	0.2292937091541034	-0.010044008776082712	0.09375276017366353	-0.46913452614811313	-0.01475952198048546	-0.17717228076410663	-0.11312672043874172	0.13679521877917386	0.16871729632087226	-0.7093012331023548	-0.29211785070833524	0.27610409033238265	0.12954501068361055	-0.1564571079752707	-0.013662858947752076	-0.3850112391538922	-0.7981571444826332	-0.0010079281651823634	0.5803174710224893	0.2805563002185527	-0.5330064302582753	0.27936972438483776	-0.5510007698127332	-1.4513763912273734	-0.010673316953249799	-0.16176058140405752	-0.039843290747074205	0.10161162321747466	-0.4988548833794211	0.09863433116108303	0.09947457731940684	0.2531968135656495	0.0657790753299841	0.10194543038758186	-0.25562402621428865	-0.6036998226067752	0.18291940312068528	-0.35413690959854843	-0.024110222454043033	0.6299177924185697	-0.058965515292018315	-0.9892871189662629	0.6494572854692099	-0.7893339526073557	0.47778305213556793	-0.21607006642269372	-0.2035521206877937	0.1683147894167986	0.7229525502728982	0.9892472446755234	0.47977711914772336	0.22053970907654297	-0.8661769847690738	0.7921680055071427
DTXSID2023010	-4.8238069969599735	-2.080657462175532	1.2729830027743732	0.7460285047829762	-1.0948037099395396	1.3272062080841383	0.16312644730106562	-0.08386875963182205	-1.2222845631026593	0.1308753009442363	-1.0838222717032873	0.4993932045700083	1.5566003339240868	0.21729376958624327	0.3542932885132611	-0.5654157502951017	1.8258732883589956	0.048997131708075625	1.0983639861753958	-0.9170449026899147	-1.0213632387735885	-1.4821198442656134	-0.1510812160839525	2.5561516899169923	-1.6420354493204505	0.31606171953331197	0.657998490218309	1.4935666679140434	0.9081434734636398	-0.9431133279241847	0.5023439816311529	-2.0893096579918504	1.7117610849595488	-1.4998092123641207	3.0664247626560748	-2.9144365704765294	3.2175713267678017	-1.6966303879521967	0.3477319774629705	0.5178092781254184	4.356713765763901	-0.25773008041405027	0.7375862601940224	-2.307196156209239	2.1209079459931712	1.269214662482799	2.444039966650436	1.617198967528542	-1.3897540250842746	1.2578641891015023	-0.2588414325305705	0.6711434787891876	-0.6619293360065818	-2.5473326344036447	0.9883983761740773	0.003592788916705314	0.4036912348551556	0.36630539010326046	-2.769883141678875	-0.6289306268049107	2.4985291056586334	1.3389177868459958	0.957989635358778	2.472619704638777	-0.24055892683693347	0.2693224227427158	-0.9774483745259309	0.8575328320753695	2.1593976289238332	1.3826399674890097	-2.004831895538787	1.6501134455691788	2.505828954726046	0.06802559472610376	0.5603630453149404	-0.6108339097608634	-0.08216961472066342	-0.5177348207979257	-0.46462930845510286	0.3697413374500313	-0.9140953737289141	-0.11121824411507068	0.1748225986344404	-0.186454836744688	0.5502362007267534	0.33330642067183935	-0.46166977170354734	-1.052021452969079	0.17033390138812393	0.3410934185039254	-0.03570961536667314	0.3556687194787665	0.5217584466417704	0.22570398360205507	0.16066097356278033	-0.1277120963037339	0.06995673865706334	-0.391602578333273	0.3253939283180548	0.2490647039105755
DTXSID4057631	14.727166924227081	-3.512346008357951	7.204666663452685	4.057829315619218	6.321630985102108	4.350370322749828	-0.8964891769869934	-0.6710558561577198	-2.447859178299331	-0.7655992777674231	-0.04683704807945861	-0.4832411857056377	-1.9433680135226388	3.6031810050568156	-1.8944839192077905	2.3587849630432234	-1.8322321064145188	0.893005120954617	-2.115017301311652	0.7274465728915457	0.3054621112471059	-0.6213132245853766	-0.6888006359644696	0.8635492663983841	-0.7535484912066347	-0.2298962360536468	2.7582805302936655	0.5194450430390519	-0.5996396580110414	1.2016154960423058	0.5457801821190661	-0.12154118725124032	0.9700111934690764	0.24715637978764818	-1.8106795209514797	-0.9524114952449455	-1.619719223241605	-0.5764164277778662	-0.4500279176879818	-1.4547338605199	-0.8785030608784354	0.009530770226381855	0.5681805853613283	1.776276384948474	-0.9194008460313463	-0.8147910972238557	0.9630118057942009	-1.9730810463730704	-0.16965278781473875	-0.7018972183084575	0.2649556471406896	-0.98689986495652	0.34255452361426014	-0.10984409528577725	0.06041232730058765	-0.5901552801063793	-1.4380778706423438	-0.33573337067210135	1.4788327679386593	0.01196901386435082	1.929309431707363	1.7643168687495696	-0.5046061742052729	1.0243050595687733	0.22042203594450693	0.2855641358963361	-1.497226953178773	1.1503429785397126	0.4652425974023203	1.8838120303529415	1.250461934504428	0.6183550866846298	1.0674834636581987	0.11182845016973919	0.446081413133667	0.7373521798199846	-0.18404170716812826	-1.1530287395624792	-0.25771390703333075	0.1742143686829737	-0.28341437462043595	-0.19254146585936463	0.8149893486952325	0.26926479374716855	-0.0520720119763742	-0.16251357384868204	-0.6252329169704197	0.19968455448011269	-0.42348654293160565	0.4100002661312574	0.5340553151797589	0.6011458958445433	0.46603768717072064	-0.09447166743186897	-0.058086642970091376	-0.4349289653325431	0.4265787379296514	0.2573467537428117	-0.20789193932031494	0.009126007633828885
DTXSID4045688	8.505262815154	3.102007177755501	-3.0253816481095006	1.1231214913103638	3.2557622083154363	-2.741339344777089	5.677857484050924	1.839999645780034	1.9649248239801833	-1.6400546913679657	-0.9520895753800859	1.1335511064010066	-1.5920282495639597	0.1683725652599222	3.7347267148764143	-0.9906186227985306	-1.0007026854595062	1.3881043223250882	-2.97010911510312	0.51966131080378	0.34448592912605347	1.3337281816387567	-1.1231345581269365	-1.886019839626821	4.091373785568469	1.8790679798533467	2.1120494861010894	0.24559303787164033	0.4440715099134308	-2.2343708734079635	1.6715630279008629	-0.5008562145888686	-0.07268265330505408	-5.536317256660605	-1.3452027308544139	-1.30654229024997	-0.6492223158681335	-1.3980560159987354	5.097041190909846	0.6227465586636319	1.2995499662093353	-1.7898590091815243	-0.3160368551609814	0.14224249496953706	0.4607874805738425	-2.097987354891229	-2.3873562981011016	1.0617979348214066	-0.34183621669216024	-1.0019976046322676	-0.3467747889441843	-2.030870223471731	-0.09244857578593467	0.7244110032733145	-1.8411634246942374	1.326590306511789	0.2882108919296026	1.7118723459331893	0.7837578399392412	-1.3483676237802502	3.4337865494745383	-0.8561412444845088	3.7471021262058706	0.16068198233603828	-2.2673207796124233	-0.40348423582351944	0.6912314631551933	1.9517903456468355	-2.1391084015584805	-2.4978371286224066	1.496034053493485	-2.4810213823904874	1.1717457695960523	-0.24992448917642812	-0.5357836008996419	-0.6947843119705199	1.0627845795110564	0.004330234433391676	0.7649592700180957	0.6136630030994563	-1.5322190914098148	0.8735634675172015	-1.7728753665488148	-2.05801350777594	0.4330487600463591	-0.37779641815007386	0.853735046232603	-0.5877312169194957	0.01539363114279212	0.5235008046560604	-1.7668768674352282	0.9924486251875976	0.4245843174783034	-0.581838309719161	-1.1680423101179653	1.1948576485700215	0.2216974881262549	0.7289261806387011	0.4770027682381513	-0.36654757226782214
DTXSID0027804	-6.424856164101521	-3.0221620048923556	-0.4389380977025616	0.6281875695103748	-0.7686446112268702	0.22310614624509625	-0.08713946217339914	-1.1567427254724598	-0.5710048468848742	1.8817414678952205	-0.4131046571431462	0.8039028581612438	1.0763467202628019	1.253379387400019	0.515561959857477	2.8371107006763574	3.46759031623291	-2.1877506490294674	1.025382626422839	1.9593580001577124	-0.7907576204303204	-1.143676898377423	-1.3157010125604458	-0.4971076342579043	-0.5491928454412653	0.38781512474319524	-1.5872371586569431	-0.8329490208124142	-1.166347611581043	0.4955628064547832	0.7661950804218212	0.3653574076531729	0.3350737249370854	0.04938536539351739	-0.046276894705782445	-0.7909220557719256	-0.4349204768535499	0.7743567387399392	-0.36665172484037223	0.4913613659001292	0.7891757203070005	-0.611181507268336	-0.8720631326243131	-0.14572701637019522	0.25564004568655785	-1.1530498108051255	-0.6674128626237361	-0.14933352756324653	0.18156385697436242	-0.4550952095127508	0.08994862325625115	-0.5666821600764815	-0.6244144889107006	0.00455540317545718	-0.7628962929069133	0.6782777092050989	0.38642115522545534	0.4616797806351632	1.1804702854199027	-0.15500602643481937	0.3174551399447909	-0.6733575786512717	-0.631287951948408	0.5134492567518992	-0.3622364914675408	-0.5826673326113267	-0.3030416746906103	0.6044021569605466	-0.5243375707130863	0.5552494306458815	-0.3927478264978513	-0.4042474975341614	-0.5688520370791885	-0.9843766867999482	-0.3790060967345523	-0.44860059926221263	0.46731163465404374	-0.6690321993171058	0.23229305389477364	-0.515559393968245	-0.11752069102412181	-0.5004945518258597	0.14318400930783712	0.17919758078854123	-0.024627389493016526	-0.023393593864282806	-0.1446389301833426	-0.5649349592246713	0.2606601555588168	-0.3227333225176847	-0.2306841254030995	0.07798385922287755	0.5782016712938577	-0.18747228765791807	0.7119316307113159	0.026802357388652387	-0.6003688708947001	-0.3464662015356268	0.21637247160397924	-0.20685634096081873
DTXSID7024950	-2.9559545398464997	-1.6606922910244992	0.5700045785152316	-1.7482144870644274	0.05679093731194081	1.2341978476824236	0.1886904772606521	1.8667216568709952	-0.9707134696502903	-1.378540009339063	-0.6141384785691361	0.05081671306394431	-0.5817977651547319	0.7671637062691844	0.12027165788039361	-0.5230959383786785	0.4889519823727354	-0.7735613813904191	0.16907646547697938	-1.3811779497352945	0.1506980049505908	-0.3266566525651835	2.2211530304490856	-0.005583987576443383	-0.2637704599690678	0.018891022568619235	0.16027311843168304	0.500553566553639	-0.33799726233882565	-0.42321016122078325	-0.47749417984502784	0.6864032298824253	0.6610981522184607	-0.5295762383558669	-0.3523289342277725	-0.9415577688562077	-0.06978085438486961	0.11843993823031553	0.003439117083823742	-0.6713455826791466	0.02985754787472137	0.3979797549358415	-0.15206042175561638	0.20050656776522846	-0.4660032183597724	-0.15445769856042602	0.2095622625229004	0.11928272695240551	0.008633959498224418	0.17074928385814075	0.13375596497520215	0.24993058510809593	0.4375240969686968	-0.06055977621598415	0.14055506034955847	-0.08685670025297	0.5803642000611028	0.2337800754318465	-0.28978289564650617	-0.027560534844597973	-0.05988588610031519	0.026361456963014833	-0.13017932843039096	-0.6067131480811643	-0.12301757902824637	-0.44366708066146027	0.6623170164918211	-0.08343449387253254	-0.15464612691576363	0.8488830049601717	-0.48085568930376504	0.280061785712374	0.29995745487105274	-0.4449084661815458	-1.659716509907222	0.08972476767861094	-1.252734436311292	-0.048937627336409856	-0.71918551911	0.467220181242927	-0.33607659296440895	-0.5195127349880672	-0.07728535362856671	-0.6673194468000369	-0.22088117446092215	0.12383193310897851	-0.15614710177084828	-0.17577591187569183	-0.032564213605645285	0.040693013889955075	-0.49281773602411394	0.9349365294119584	0.7543228158783063	0.048204016355974724	0.17499144404307462	0.008249571704065359	0.4441058993708462	0.8973489671287808	-0.04707189654271554	-0.48715570172058154
DTXSID6049062	5.972777692230516	2.9654824902802868	2.3562519847807044	1.8072399078091093	0.14126062216684232	-1.0369102931807113	0.38462212419405967	-0.07376875987895805	2.597658056122115	-0.8226191963306806	0.4996555668263654	0.40676237779987406	-0.8449324295939764	1.1487577795251966	2.8544005668819215	0.45201253664764063	-2.4984235391415455	0.1203175211388459	-2.075253830989869	4.367221710846236	3.2914408446800993	-1.6610791965458511	2.577777448590071	1.3032306121029429	-0.36916224847568097	0.8057222145872627	-1.4195244966591918	-2.4463024679921497	-1.157338829910148	0.1732257759645379	-0.11346275737985148	-0.09316467015041305	-1.5334404117704257	-0.449421916228889	1.8260611767438328	1.5728425550124423	2.5074875000857215	0.6296170328728529	-0.565451545806051	-1.2134864179227955	0.560723442904923	-0.24301115160033906	-0.549507803650021	-0.30318160622410567	-0.1941072036371959	0.275308653765399	0.8888008586021876	0.31520117358575706	-0.46312289506082516	0.06407931354297938	-0.03584735291395068	1.1425655201967297	-0.2786948353795493	-0.36299644802998177	0.832881328156111	-1.9940800770212	-0.24818260720053895	-0.1616189100031259	-0.5008712079542286	0.47625124209796516	0.022034738482964195	1.4448603920813203	-1.6119537380040914	0.306673064190464	-0.7855129242520962	-0.4760607390845544	1.876840460477745	1.3713780226621626	-0.5905536958130311	-1.4972286437793714	1.0338130365885445	-0.30101001814197115	0.13876628324456589	-1.3648423592330032	0.42068153696348354	0.6187050649574618	-0.12234100741284319	-1.1226631712130206	0.42707444261302113	1.1576816801166214	0.6461946457516883	0.9841592481482415	-1.368304606809852	0.7234164400456395	0.7249259069285695	0.5064410906425891	-0.9981599254766786	-0.1878873769570705	-0.309261893803489	0.29877736573623354	-0.8304920033365941	0.6415326791933171	-0.07255682917589845	0.10433166472417502	0.5263306308367791	0.5603229184157775	0.3089726816690773	-0.1699310341166597	-0.6131627885847986	-0.0044348718832207925
DTXSID6044648	0.6535332967966244	1.50553625401097	-0.2815284129228203	-0.673066086300605	-1.4883116765162072	-1.2153766163668618	-0.3676718245845816	1.1119161611481108	0.4043680751978526	1.0035721949862322	0.28129363473451385	0.10614871921099518	-0.8775085860882798	1.3724092955230685	1.315729803983483	1.4102976067869863	-0.7313909696548104	1.640252949409927	-0.39270451991258604	-1.0410531804058547	0.49282485762943007	-0.40150710321329053	0.4090240752201685	-0.26215851958655545	0.9503135318337087	-0.08493191708505829	0.7667446685470442	-0.13596291246797568	0.06054707787658778	0.4514429242243897	0.37088528983828234	-1.6401798787081443	-1.0600968927378602	-0.49730723330785975	-0.5838462586662293	0.29972558637486735	-0.5757222029221903	-0.03236683962513373	0.46318351027958565	0.6359457666901612	-0.5003111366006452	-0.021086070111624985	0.2340185805233885	0.7467142647152997	0.6450714166652216	-0.43941689180604776	0.885286993373306	0.4655842887679858	-0.2643589368639943	0.5047312295270246	0.06977710691285338	0.22313788889625863	0.6289062014777642	-0.24457237594156844	-0.20990555001205347	-1.1992306119651628	6.088186073193779e-05	-0.6250468348491481	0.42163348035002035	0.3146257784372375	0.6366952129494219	-0.7973471483400162	-0.004298227072338619	0.5796228936240797	0.2775645094327851	-0.039652950813632494	0.36045221569072683	-0.45670232469926986	-0.8264242749256331	-0.3067158843565809	-1.23854099450022	0.8914868023817225	0.2124090055794036	-0.9212833803924341	0.495350190509912	0.39011661610764903	-0.35801226042143713	-1.1425906402335961	0.6327682876008576	-0.05922201674933333	-0.6756540670451079	0.019998855818193075	1.4310670481382937	-0.6864895035362472	-0.6819021332851158	-0.7780897812636283	0.5392504246012372	-0.05610095243817908	0.20468368668294917	-0.6961509019932411	-0.36879265701114444	-0.8649265804699665	0.4877056497697532	0.33873557778250357	-0.3261089783477567	-0.06068337698422614	0.0955819420979549	0.1344102481643582	-0.28472708814019415	-0.644250398256372
DTXSID9040554	1.3664529494013746	0.38645151570954045	-0.9626938211010092	1.4121116022798266	0.7384649995423874	-1.257430499160477	1.1371453288090903	4.076581532882205	0.8928715576702209	-0.8065916743536105	-0.9792371040399338	1.2297655417704711	-0.28501218588133764	1.7563376195516422	2.894350488746496	-0.0631766641383649	-1.0962597894653419	1.2580838095846623	-0.19052079399283653	-0.4881028203963182	1.8836974892991674	-0.9908860020345301	1.0566671952566462	0.06972300117761712	1.5907167248484546	2.8409154996739345	0.7682283997652095	2.441683075440796	3.3636070377828498	0.1358358818428719	2.1793785167375552	-0.0027933323773652557	2.329041579025126	0.20697873634073025	-3.0486146550112037	0.7680125554397249	-2.3858770692627056	3.7579397441579103	0.5307769220446055	3.441086695738026	-0.08801654262863155	-0.6368260531746958	-4.09390552987589	0.0788165031517916	1.1537507230662951	-0.1477295704443758	-5.613690768784392	2.1381234351552822	-3.2706891195598433	9.898573984060418	-1.6593096537753484	-0.9776762838922683	-0.610351243836282	-4.496306947477493	-2.096103719766418	2.60000383450161	-4.557630768988562	-4.565860558060519	-1.575488310692947	-1.4409266656243622	-2.7548468866749456	3.923731826709154	-4.641300124628008	-0.37493332571142163	-0.8045581545628514	2.823557690672157	-0.06491380495593438	2.3258108199719314	-0.1256966778923306	-1.1026463694856365	0.7647667635219266	-0.5743359273265926	1.2915385985568018	-2.5145978332115972	-0.33727635384761556	0.4022185882019044	0.7066969581060029	0.3349355593668213	-1.303384104980266	-1.694492136158636	0.43814701480834223	1.4500174487426827	1.4969096279768923	-1.880304526192201	-0.8365056558440629	0.7454900382759679	-0.28146968073461853	0.7045010518305003	-0.11021788762943444	0.09715263696463788	1.2565001694240878	0.14348102228211934	1.1541209816038567	0.7983555984110973	0.3067145840027185	-0.27903206571736605	0.11877055707101104	-0.0037164802393512774	0.013132615187465354	-0.3889557826580111
DTXSID6020066	-4.173015110190423	-1.532574563401063	-3.46362550798128	2.3167365755874685	1.413765588783325	0.2516018473581834	2.682918649469909	-1.2149742912389736	-1.5504501598342595	1.8016687656009482	0.19826092516409935	1.7461053221495069	-0.8878651986657636	0.8713350006029366	-0.3952756805300147	-2.569905107210102	0.13331849215574465	-0.9095375461942432	-0.22737200927001963	0.42511062000456873	-1.3963934631623072	-0.15533792715110817	1.7770392518734763	-0.564684427502777	-0.283296806123835	1.1329986288188898	0.10896720361842917	2.4098061807751505	-0.22989237822959183	0.7110748503139402	-0.922494481177762	-1.9909677054617667	0.9169743569887305	0.28501949542718247	-1.8259584968064557	0.6965556155794169	1.5332864015430545	2.3685550922380787	-0.34191554294228876	-0.22047035611497734	-1.9525684626286777	0.17874427903181273	-1.118063588629492	-1.7058665916557052	0.7889024719288369	-0.857827079351401	-0.11699544790528431	-0.568443179550789	-0.06696557441669268	0.5450504366536428	0.25892105905265844	0.4685567855537496	-0.21155212180004468	-0.5813030161120066	1.8202214440589044	-0.025666156839228828	2.5857327408898607	2.218886510403856	1.2569682638669315	0.23977402991527708	-0.3663218424947503	-0.19246393246965043	0.9613645838717465	0.9634339882675371	0.2876200360666113	-0.6460781476173088	-0.34596695439476494	0.44903091818795904	-0.3461432450590024	-1.3289339459446439	0.37464846695071174	0.6788447497725812	-0.08374259373768389	2.0924646479443867	-0.7919185168516407	-0.4604663249559134	-0.13204567468491107	-0.9144235513757214	-1.321735821642533	1.9306323016749254	0.643588489988486	-0.2670519116156481	0.41057595500382776	-0.58026475752114	0.5805075248616353	0.06613548579741842	-0.9463195797804519	0.775739214326089	-1.2081934522253892	-0.9870582710755571	-0.2802144998825353	-0.6062536802469065	0.1848667949889316	-0.3391147907058677	-0.008652268285517737	-0.15634779460258755	0.37777526951127116	-0.09790602583577775	0.6855342439780747	0.20876469069352668
DTXSID1046970	4.604526938668623	4.736435544868007	-0.131256880846309	2.09519783605028	3.069776243803232	-1.5617654474335867	-3.4562792033720093	0.40795642295610984	2.866066123176396	-1.0711865103007885	-4.978412238282213	-0.39538069530817505	4.445150407927847	-1.1998999648335356	0.6019662014447523	-1.462477536363762	-1.6959778005069432	0.23982308798915683	0.3030519546747391	0.3134019151099211	-0.7518973430815663	0.6304704295132084	-0.09624064401338112	-0.7087836729162819	0.5936301801516112	1.1277363900807589	-0.5202427896019681	-0.20670277438749285	-0.8724882079929176	0.010972914615050892	-0.3349819914738243	-0.26922307386966415	-0.22413029320252587	-0.1933013966665255	0.2221189398037189	1.255622303030683	-0.8506409754587159	0.7010902100967916	-0.8792760098356612	0.364536493608529	-0.45303727161449225	0.02667226402748349	0.5041333720273603	-0.6079416795293221	1.0815241579013044	-1.02520024500136	-0.32100664127154316	-1.391685645467978	-0.23712587197276883	-0.5842162618563222	0.04231327274548283	-0.8704406051166981	0.3635913513906046	-0.35587221392537716	-1.1683532863455073	0.6899068925690678	-0.3190880077346352	0.40621284795051266	0.6599309767356173	0.7114694614145967	-0.18012470735562292	0.10477282512542441	0.33053545124922457	0.5308059999180371	0.6844549509385006	-0.20127491036742476	0.06879227292171702	0.16259455576942766	1.749905792268451	-0.29041353934821373	-0.017209594127948643	-1.0084008166274177	0.49258080240727947	-0.7636843150929832	0.9612633270766339	-1.5498121602724808	0.82262252359856	3.782029236244811	-0.2938891082689865	0.6667083438503502	-1.0864552458954109	-1.4568351956861842	0.28744978171716246	0.0297052231006624	-0.1120015866756126	-0.3173973298055558	0.5418304996395834	-1.023290894805778	-1.4789776495276257	-0.13234199683398926	-1.1194022739751908	0.8836750655034767	-0.46201607215711704	2.2370011618265653	0.677268740640463	-0.43559099808464025	-0.7619322450145722	-0.9200740477184138	0.6940088734508753	0.7454131936184724
DTXSID7025390	0.9024030861409488	-0.3269578295393496	5.983581626043849	-5.692479837486957	-1.9755774482770745	-4.549421659711708	0.8069474220847891	-0.908123135447213	1.1485065237480563	2.8924564906261763	0.8569441078272455	0.3582178129470572	2.322757371077207	-2.3047233451727704	-3.901729118901959	-1.7095575232559665	-0.28082830838765904	-1.3953491028600828	0.33057967068521843	1.3956108332125343	-0.45981981214596485	1.1893511487867294	-0.5174327718150592	0.0720539351109892	-1.2868446384395253	0.6374448201043365	1.2491394580360793	0.024289513518356304	0.49875056247995575	0.9985200301976923	1.181356062187049	-1.4571635798157507	-0.6277472711612928	-0.11180561252766583	0.37436840621253564	0.318992816632727	-0.8575143333084991	0.24353880151003146	0.22242624259130564	0.8644501048228083	0.3461355425297858	0.10960545984584726	-0.03554601425882737	-0.13526739586885606	0.046532914128731014	-0.05510227991670277	0.30032659228116115	-0.34576667525246957	0.05448271281401733	-0.5446734223751378	0.101630993706152	-0.12011495822251426	-0.21392238067475297	0.22738939751302717	-0.22439401376385829	0.13183663786974134	-0.21160201349264332	0.19626219621113924	0.15383984419556265	-0.6390759992749976	0.4218415177766324	-0.36779014718303193	-0.6068714938237245	-0.18434783824811318	0.6045187300173774	0.9668791830621059	-0.7032166668071733	0.551113222374685	-0.2812882154435869	-0.3599173825897324	0.8769796212974195	-0.09002005218467107	0.3512565883198116	-0.09907511830165412	0.3368092410806116	0.13541825928078466	0.44784524457221725	0.03293665510255628	0.31937972695594014	0.054214307742228816	0.3904211240549284	0.3454708058534488	0.04181975864189763	0.22750560287958715	-0.23312560282641054	-0.015527024213919823	-0.47603150904875896	-0.7580109474804676	0.48398816039441694	-0.3509046479176992	0.17410671638918937	-0.017522326675614142	0.3108120294481191	0.31259154443124043	0.7659483445838513	0.4054140472124286	-0.2145701757688369	0.31112128576768333	0.7653758916200231	-0.5515964010458336
DTXSID3047508	-0.1860966516735245	3.9307006372100366	-0.944074420442159	1.9921105784345934	-1.3853418098372325	-0.19689695470154361	-4.272415055835044	-3.29124595692222	-0.8440918431928497	-2.6501698692712723	-3.9867512442829747	-0.6122553884423545	3.6528016498344233	1.0366937845970874	-0.3001907915925921	-0.5213417308752528	-0.4968332442787703	-0.17559628056513898	0.2148375140625872	0.4502585358736638	0.15797497853619905	0.5219943939510092	0.5082488563560373	0.37518967317550095	0.5171199805613274	-0.1689121456683305	0.11131590064826709	-0.01048012607032207	-0.24550589101194897	0.20830906281724454	-1.198137365305856	-0.932121244479024	0.015675992687186863	-0.029925357925299555	0.5475972321707357	0.2193466930461657	-0.866613953860271	-0.2865067540008976	-0.2923134961938721	-0.48770183993599797	0.02737980249654818	0.13164156326836918	-0.04441081757942154	-0.03773757108958708	0.16280414380363642	-0.3151351407650721	0.39571307272602224	-0.24771895740607286	-0.4167735930293075	0.17384451907696552	-0.09987293987645975	-0.3965593587273857	0.5853710385541762	-0.1784179220512932	-0.521709817897633	0.7289680630838643	-0.19135718983616606	-0.008468551962827389	-0.06368292702447015	0.11551160537409783	-0.6035848683455382	-0.12114923137664574	0.6167898873252932	0.358727398737528	0.19905004909277754	-0.491961978413846	-0.08259828889520392	0.03165401233937319	-0.7020041221306992	-0.5698780588296037	0.2351628993732852	0.027199352300362408	-0.01343794552557893	-0.2634844667648049	-1.080376767763668	-0.2645963245239257	-0.2783862087784589	-0.36886331830816654	0.319428042549966	0.0032146839555851044	-0.07504088800682845	0.801561529402377	0.021486915409734953	-0.08306834962881372	-0.0708664498656303	-0.13390874466001104	-0.10891177947685002	-0.4832869543155523	0.2694474220676569	0.020785438142183782	-0.24093349115663235	0.3226205820063333	0.06189886355705368	0.3813504398590329	0.20024262513185115	-0.2476445688579006	0.11615644515142566	0.12487562861501533	0.3040283998209979	-3.372424726825772e-05
DTXSID4045557	15.508690129698996	1.1659591851045767	-0.440849627568566	1.0871319283671717	0.3784054876373541	-3.0279559348517173	-2.655918353539342	0.4114117371479697	-0.9853425419945087	-1.224897413492574	9.87873880278005	-2.609166927229958	3.7972229849259813	-3.073586017677501	5.168745833852857	-3.851660023935042	0.45701183719724525	-0.049742491333026	0.7436299631512822	2.580210793395646	0.9707375224886479	0.8246334617333838	0.9808666650842497	-0.1577689306276924	1.764279525178813	0.5083103001759427	-1.1966129583172123	-1.040399498798266	-1.1718056468267892	1.5330507884015758	-1.240684461045731	1.776285897801524	0.8095283752413077	1.0833919130325125	1.142254266532439	-1.0686838929124134	1.5527602762633987	-0.9620499581001618	1.3672958927216774	0.08719156649299512	-1.0807718479436765	0.23678755625699568	-2.2374323016637647	0.7622311342777232	-0.6026290991544948	-0.21743688152755775	1.8030648495105912	-1.1336655929574218	0.016607223680132503	0.08702149197576764	0.12488708516676365	-0.33580303214554175	0.028336501956748927	-0.6465964665369778	1.43464746479186	-1.5001962054996285	-0.5304398858841463	-1.6737547546484206	-1.0733769129468174	0.19049756438409537	-0.13042644306178253	0.9866488062997985	-0.514500486550981	0.2607066829381724	-0.060894220560616816	-1.975301801231691	-0.29541274241385496	0.9478509902351624	0.1251229150091983	-1.160256945022148	1.1960684270851385	1.1197168266555446	-0.8581696454229384	-2.034209363711122	-0.6389992246002463	0.11929087454300341	-0.1272533852760429	-0.6719529441787362	-1.8611570653841372	0.040928140806013806	0.6403462138147817	0.4626642266611866	-1.2422364664261363	1.6429136988857624	2.278241823489019	-3.296149857492181	0.33108358124535775	-0.3812376374004799	1.943067946403823	-0.3803628235662532	-0.37963557702198636	-1.1117968207464233	1.0505361573584573	-0.8718437787166565	0.33756295336108677	-0.5000694000212073	-0.9645914878989896	-1.0610290485913911	-0.3785944080689114	1.2845383206656853
DTXSID7047934	-1.8342113066202141	-0.07447330527997326	1.0615277658901072	-1.5471992033981306	-0.9410713106287564	-1.3498893075290173	2.268741076000312	-1.7982647130235128	-0.2044929641975753	-0.9927147113282672	0.30548321198957173	-1.0461282234231346	-0.43753024369255555	-1.9220611997927493	-0.4744680328620027	-0.0882587173217125	-0.6771289903248663	-0.8066603738459159	-1.1968915253811183	1.0187984812881068	-1.5566731514706362	-0.7771955520011112	0.844836455512303	0.024105735341971614	0.6092910309955657	-2.2596094998569622	0.8675478705908123	-0.1273011605434719	0.8369471637034223	0.15735247919072712	1.255201736247401	-0.7336850987423367	0.8035021621991174	0.2880096664940564	0.3929744649624405	-0.48214600552018166	-0.48717023706024554	0.4195492877393286	-0.5660819582763528	0.13217756817613277	0.24538375595068154	-0.6804801503110316	0.9534946882740029	0.8292950332721979	-1.0011693644452522	0.20032986751651746	0.5718672250805067	-0.047085409888053285	0.7853752762017723	0.6013885936307299	0.3148534292367101	-0.14286600711367228	0.1402327255109342	-0.12638158146694398	0.1848576089381168	-0.08467250310448819	0.32050087257565335	-0.6538620544511569	0.05901879315879273	-0.7439072092664747	-0.45877846572447484	-0.6489172125820352	0.4506607431131336	-0.5490892896339379	0.1361936698319292	0.30350280803937785	-0.19467295231402465	1.1731180100789196	0.17238039778688433	0.35837876359359266	-0.35555975748669666	0.2223009287410436	0.1688138997329901	-0.4136958142861006	-0.11067519643873697	0.6771650167318364	0.4197670590719797	0.6296354184940631	-0.5142175857958545	0.48522996670228724	1.2454917678053241	-0.4886210407413959	0.5719851485769382	0.4223860434813176	-0.46887250396146024	-0.18895115392486148	0.5472410166400198	-0.1758716026516519	0.11726900687519962	-0.3650027935416561	-0.5851734087957652	0.19561236193940545	-0.021644099903134702	0.18844415779070378	0.032965390248639405	1.1400450316114772	0.3368792226563017	0.03645441994048548	0.13486953687886674	0.6639294620825448
DTXSID4044799	-2.1728379110859444	-3.20243660380305	3.9272006922390297	0.23030529221418924	-1.1921279914277467	0.565719089439735	0.1954281455831732	-0.9467176554021338	0.7302302717907422	1.1159793158088174	-0.23019723080314358	-0.2339488926215474	0.5349185196778427	-0.8601451326107258	0.3492754034992142	-0.1355541320628784	0.5641274005830386	0.5066882481585487	0.6379651111360564	-0.6486858293096217	-0.08853535905419868	0.007747204870321794	-0.7410301217108334	-0.3018785103334221	-0.33580889619647575	0.08862143831919271	0.01732870613902813	-0.22122930133800586	0.5434461421815165	-0.7735939192620522	0.23437384144729528	0.40727478914031734	-0.31434988787334794	-0.029834001197082027	-0.13871806144354926	0.32043641742268797	-0.3911920522145145	0.72807236668701	-0.8190368448603622	-0.8577887912278346	0.3642642438158405	0.3146571006757593	-0.44136102180541414	-0.2229415216806221	0.027562665594828215	0.5040539555787692	0.040455606521291834	-0.4266159804575053	0.06398556205816829	-0.5045825288448118	-0.07756611435828716	-0.2704658275874589	-0.2843811761660798	0.011892695764584398	-0.4734522510878813	-0.10364181226834507	-0.2400913542261204	0.4517848766287118	-0.3813138254504763	0.28781774931963267	-0.5649245820939619	-0.08134441670362443	0.5468521776161787	-1.007958323854724	-0.5018218394852378	-0.21857986145008315	-0.9727835778130773	0.399963609422744	0.07698123364640773	0.15949820303113527	-0.02903280892827656	-0.37826319027657895	1.1982595711974398	-0.197096574606617	0.13265117406500937	0.012451584199712611	-0.19998868164672082	-0.17425588110156953	-0.46206333039699593	0.4505924185031084	0.07755861983920682	-0.18608318232056525	0.04780602516475039	0.09353166547262372	0.14001774854976776	0.42209692965452195	-0.024371497596827715	-0.3280747225209019	-0.3145918417312613	0.021806579752694753	0.11503839202440122	0.3492797285061012	-0.4657879956556077	0.029395663918979444	-0.05573827643226391	0.10815115556725916	0.025356658738893402	0.14617371600477408	-0.4507705441561865	0.0384589795890969
DTXSID7049423	-3.2768503505733224	0.00897372526453781	-1.2935024906860708	2.0417947855369043	-0.7320315942879492	0.04741963707685502	-3.4819219134305586	-2.45491227378574	-2.2349257201984014	-2.522820586150221	-4.780570006270785	0.07771889730124044	4.365003106221808	2.250564142600534	0.09022258127803244	-0.7445271362819448	-1.3148561609080536	-0.21450604894655703	-0.14780122428521672	0.4402010946104008	0.8144334162202127	-0.006080468279601369	1.0090074689258293	0.4655877879485715	0.1567239613287116	-0.17975174044768685	1.204041900806026	0.6938872769281821	-0.4360937181625842	0.3329031291725218	0.5914043266019308	-0.30567133853206085	1.2850774276962098	0.7132630973249526	-0.5901567369532572	-1.0472538891515357	1.0583343077535363	-1.5200747053704284	0.8920021271206708	0.051265291733490544	-1.8476846879539555	0.9377335520996098	0.30700890653615864	2.0285960279626223	1.7515872349452237	-0.14605820298445876	-1.7262464702342277	1.073945026680142	0.6995745385871643	-1.2723707764022505	-0.06215660146545162	1.17862306179656	-1.6344527318672741	0.3805567281560382	0.6401670845020428	-0.9353831398456178	-1.618186188734297	1.3557549641077562	0.18404108585110296	-0.9174319261787142	-0.2899616020120188	-0.047704252083872425	-0.07961788636205103	-1.0112659153108787	1.2540044164247057	0.17911152481305478	-1.1196375674934702	0.8514256880555249	0.4215931561922671	-0.306324293528315	-0.8073022494984649	-0.4966434161876923	0.1389460911088412	-0.5964491848026793	0.2173730493685248	1.3165115704117005	0.33581062265965034	0.6381714933571274	-0.40196158151054706	0.0778202207997459	0.7732054028444134	-0.013467526139832457	-0.3532369159739747	0.6889925595056168	0.44490467203114853	0.2974200421984717	0.27009956704371507	0.4378202818590196	0.0069268989825382495	-0.044685602295888166	0.0758092163863275	-0.2139225531455855	0.25378378188180084	0.0028058418732664547	0.5126454269707325	0.2866573557184061	-0.6564572130160938	-0.43061743946441416	-0.03849353765852499	0.23986828218505585
DTXSID6024838	3.5687719297321787	6.922533363001806	-2.6255163449767993	2.598445011531668	-3.797933121025336	-0.11008323131858211	-3.887386826385604	-3.2969408713396064	-2.079848589118964	-2.300370700038448	-5.315252509155427	0.3985735616860466	3.60449420732566	3.401832804437943	1.6917588479288481	0.08916721525710157	-1.2094970101997318	-0.5032704146273718	1.1979359463715142	-0.0879353098652048	-1.0482672843912035	-0.1313923056996959	-2.0305373744360597	0.6253986446227867	-1.7801237399811938	1.1119907006745138	1.449501678312248	1.4001017410247298	0.45789806778881154	0.426071456422702	1.1138816645592249	1.322394418069013	0.9707549401356931	0.3996539572352809	-0.6474147989407301	1.915753909561212	0.6195823967317942	-2.9529572253518013	0.17932041468157703	1.020420488789254	-0.28621914707331975	-0.02235085363575312	-1.6867193861669585	-0.0404867521756938	-2.2445653333803137	-0.4973293206538544	0.32802591626944655	-1.0451330069099074	0.3342948377234235	-1.5179215889711244	-0.10408296753332019	-0.479953068316409	-1.8540789524419279	0.02503151046917789	1.5632634011782163	-2.7887416244378644	-0.7148720309193466	-0.01999784049413909	0.457904314983941	-0.9942469784965007	0.7044420481290834	-0.05367759418541643	-1.0393508558913362	-1.4039314474738607	-1.8985802881188378	2.908681492991032	-0.39077653596072925	-0.9261958238481883	-0.10710951983191061	-1.073305158385593	0.4912976917316551	0.7397114789489685	1.0875303859281313	0.6523404103317976	-0.007891950572903482	0.17417808645654229	-0.5020182639292442	-0.3378555930805082	-0.45980303830112007	-0.9620231633653082	0.21272807722668638	-0.4513933204226946	-0.24592155346538366	0.3219784300138471	-0.6197163833935024	-0.4634579109097205	0.2414615165101308	0.8441737891659119	-0.9838392566795843	0.1935957992831337	0.5672927641997371	0.8451088071102433	0.21896268171154984	0.27234005045115933	-0.7815043341677829	0.42578579837705	0.8252647354314727	0.7266324747728445	0.6360841683332507	-0.08518297597394114
DTXSID5047530	6.541844794748079	3.7959605802673444	0.052724771976623966	-0.11296922680083002	-3.2758051847064005	-1.5382004730179666	1.4560952050743385	4.152291135783297	0.6701652226689163	-0.2248735368502133	0.9579001069630385	1.5456017451801458	-1.0335117707874428	0.3988691073903043	3.6791851106502373	1.3107032696242038	-2.356637221293589	0.7614253543062253	-0.9681936822759529	-0.7766966174689102	-0.8076643821692798	0.9697089478205767	1.2169277071306062	-1.42079038212767	1.184770754584572	2.229884587454327	2.51525477667035	-0.48799955983533827	0.40094274072898556	-3.1624035155851056	0.33259951832317036	0.7312717289987678	0.40931116243964	-4.269366124040971	-1.2382110428167667	-0.5057772400609146	0.09734079651328519	0.13482091110617328	5.053800146506761	-0.3907897551738829	0.7236073494415057	-1.960943749105945	0.38118131544297357	0.7426944159754019	-1.045057987020542	-2.089149494227516	-1.5586621740169737	0.1365929637092541	-0.3904494992418432	-0.4653178198278309	0.011894423000601942	-1.2353463041144432	0.13683751297998292	0.3341908287740008	-1.7934147485127596	2.3496578947659263	0.9475395551610065	1.7275570790056702	0.0765860363927331	-1.0735038951686817	4.4816655288934255	0.27491198366293346	4.052449355086395	-1.2873567671944408	-2.609288127783929	0.22994752965798573	1.1206661234050053	2.4967172436877836	-0.7119814473859978	-1.341207595439035	-0.5357229925712326	-2.630805720114506	1.3721362458649098	-0.2992378353053262	-1.075313728248809	1.4496262273511313	0.6943488659985277	0.2703929158851392	0.04510282667261849	0.6303601115637597	0.32609381698656453	1.2784536766140235	-1.0849287441784943	0.7873713224418311	0.5825150789828462	0.35894975838514753	-0.38496766384461023	0.29275816225989154	0.09771120770737868	-0.16544630185579412	-0.09092258096648921	0.11260131116902965	0.753453295702982	-0.8981447931932692	-0.24903459080919912	-0.17884150689089337	0.27528033750781083	0.08924401484498362	-0.43271849404742396	-0.4266421060802657
DTXSID0046307	8.36011956605428	4.155128995793472	-4.456725170189739	1.1074271572219947	-0.2936385083122139	-0.4012919796310612	9.517314239921937	3.0677482741485327	-0.4550605391915683	0.25714715829382384	-0.2662019775200462	-0.21190027094404298	0.1520405514705963	0.7551732213167478	3.5196508494675944	-1.3316723018031185	-3.305568368213277	-1.7684477324595798	-1.1822892543614927	4.461205362764821	1.9125982065671467	-0.698553452961514	1.436264300057697	0.8403505501291406	-1.1153544490492293	-0.2073511030267286	-1.2694268482188382	0.9828649561882509	0.056490282542399545	-0.4173658513348507	-0.923703360441021	0.23804009719484592	0.07472212195986698	-2.2311333895731416	0.39897241734569205	2.1650441143695156	2.0405790534049335	-1.014179474918555	-1.103036432418212	-2.5239816962916346	0.5973695259885404	0.8362089233767689	-1.200068753845614	0.6734071895099304	1.6929398913400877	0.7934719599876201	1.1150359506723109	0.38626098696118194	0.19685529536972687	-0.46111986258713167	-0.11236238859925061	1.2351515803687954	0.10736689174791389	0.5273934530373018	0.37562047623206174	-1.9692160147190958	-0.7076378244241334	0.8326988627560498	-0.4484439487611957	2.2887590166693625	-1.5909390097299154	1.2627930116515413	-1.3160590392395664	0.954178758449521	-1.9815564486244228	-1.1860700702285885	1.0903324487621067	0.062416047905405274	1.1345507975781575	-0.034154827455840045	1.6284145023560872	0.5020945475381106	0.46239070716165664	-1.1601200956122188	-2.005762294587424	1.8107190305039902	-0.1729846709227872	-0.8038525228002977	1.2136517969534095	-0.4537975168941601	0.9106234783917411	0.6316270547657005	-2.9898408278122366	-0.41701918509844754	1.0948815899156596	-0.31764503152886614	-0.5068132696209029	-0.08808335202347804	-0.8545192832687506	2.0679636521100715	-1.0567129826664279	0.4418111223812544	-2.4237353450744576	0.3212494789587455	1.0708459915876207	1.0320925394039666	0.8524187993333591	1.1388964912928017	-0.3149115995569531	-1.8319421594296552
DTXSID5048920	5.029648695419465	4.582127368400855	2.1382801357654593	-0.7363619626522926	-0.9378973784952171	-1.797470062061335	-0.8359112488482006	0.8403273500925438	0.8944609776197796	-0.41251131349105585	1.0326825576258138	-0.333611301564001	-0.8192750390128379	-0.56060132405326	-0.2552848521259127	1.1438994021277336	-0.2196046217714688	-0.33636531011404397	-0.026236870586150117	-1.5115471588505314	0.10660964871281768	-0.39299847929935544	1.5428491400014686	-0.4328748791349079	0.08336319630274601	-0.10082452256382164	-0.06078390833912391	0.4360403478312887	-0.08665342108450537	-0.6360904442891477	-1.6448107109105314	0.04807045049774406	0.8777125814758369	0.1397877208392261	-0.08543030632078846	-0.09100694765430056	-0.35830310663972365	-0.2860750515291455	-0.5018110013461667	-0.6388512478996395	0.8450010760788149	0.41227138937447483	-0.10526266411288791	0.2519015992126288	-1.0984973509024802	0.08287762302053908	-0.2518098670454728	-0.33777278704311	-0.1381386373764436	-0.06898084811089847	-0.032761875663192185	0.06424716801875903	0.47020411740075363	0.04079423787709482	-0.055048455646375394	-0.026839911096583943	0.6790061151172869	0.6671300494636319	-0.6314849771159208	-0.3629019754944721	-0.17510970534327927	0.6953140570388205	-0.28738207294869433	0.24442409290666123	-0.03047118355569388	-0.43251836727709214	-0.07286034065608522	0.6565395418641847	0.748853327119549	-0.3685361594515272	-0.46715931983485315	-0.17414412571302498	0.5693128063720392	-0.3250399022196738	-2.078122508594745	1.0865611319941086	0.40456770646562407	1.0803712288321632	0.8266495819927491	-0.8645029524294859	-0.030928320138356728	-0.8758953649264553	0.35186726355606796	0.6441189035098842	-0.4014374998730947	-0.136596258263329	-0.10077621779812365	0.1656628658155716	-0.22670824997435146	-0.3688578815035705	0.11759142618918399	-0.1888688552589922	0.739232037835037	-0.7851560472050497	0.03156960445352495	-0.6356017570675361	0.15909277868398694	-0.21625108495500323	-0.2135561673147726	-0.09722223150657874
DTXSID8045989	9.893688240655768	1.952255219486331	-4.428397857009394	-1.1992591289799202	2.6246001245051507	-5.465647144020407	-1.2594277364904536	0.8887677455159118	-4.167477929859203	-1.2900676701794749	10.179382445284917	-2.2623697315778344	3.753318671575669	0.16286531152620345	5.69220146973636	-0.7115698955108752	-1.1772814084939869	1.777212211716738	-1.872789747847124	-0.10541528082931886	-2.0576692877769864	0.025528325848176096	0.24797197801152665	-1.0373518847596213	1.0782451991527449	-0.37965288867457003	-0.07137680340387588	0.5336130654223222	-0.5797849840226856	-1.057886685371293	-0.9072862438996978	1.4404810137706137	0.8627648696418193	1.5731200816368618	-0.27443939546804735	-3.4077506265350856	-0.12460595949369924	-0.6212268619122057	-0.37256883665137264	1.103888380227177	-0.43464888932737367	0.21817871430168764	-0.08601555709652256	-0.09627484549077929	-0.08369182411767193	-0.14132110832174846	0.5126072460523718	-0.272053640144331	0.6907473373364506	0.305665599049538	-0.03711364499541562	-0.7908137688259685	0.5413863406027407	-0.6476872808663104	0.4807873519899245	-0.5158470163159017	1.3887951569380343	-1.2134196684364136	-0.800505663461376	-0.16039245414381564	-0.8856842171728644	-2.4192343255632855	0.22450517404202625	0.04454753341865114	0.42851761079386647	0.44735414812942237	-1.1047100743695084	-0.6606750023757605	0.7808198317374362	-0.2956293597071872	0.8009806578813985	1.68965081152469	-0.6609288433576185	-1.4237585048255699	-1.093427736148659	0.015380424276551492	-0.13543789524492506	-0.7399692501942441	-1.2734423991046846	0.1752485895014862	0.3753031265076823	-0.10465582945090383	-0.42129667073148147	0.5620330572118051	1.551956367879344	0.4519615690357595	-0.23803052505099015	0.36086254972902054	-0.8162511723074959	0.634598206566539	-1.5907089866339321	-0.23893724387613885	-0.2586012720678908	0.49557612857153216	-0.1284626667116108	0.3782861495357909	-0.8372633563746377	-0.4383409856319353	-0.6335539217012369	0.45672893005996806
DTXSID1045790	5.6626775991238105	3.6128761300102488	-2.1116571367599457	1.3255521715241976	0.5368536259542344	-3.3021069142358144	-1.9348313519170255	0.656579221554941	-1.2956929184626147	2.1278323503152436	6.940571468495526	-2.5000191343130966	1.3423823849578644	1.2873485470435075	3.7865775476215524	-2.4137405689495752	-0.33854107563038105	0.63169622436131	-0.12410233454621282	-0.18018827426659795	-0.476684080579858	0.7240533570869112	1.066963409727965	-0.41477770750741705	0.5796727458566592	0.7716661070082868	0.4768831257497725	-0.6089928393102213	-1.109322466339237	-0.5403935671355978	-0.7345528282871184	1.7800349692656985	1.2088095118202802	0.6846511364375564	-1.0850820872287248	-3.219140777559309	-0.7588346894411918	-0.08602736512930083	0.11682319398721222	1.1339622374786256	0.054306100999047535	0.6477661522769516	-0.31928979752656406	-0.4619155981585945	-0.15117681349594614	0.4671753407370141	0.8028765835179129	0.36524260930054375	-0.06255657748426686	-0.20843266889380102	-0.2806981897482083	-0.3334267945417861	0.3750105652291088	-0.07705633316023935	0.49565119799369983	-0.14756508133429486	0.8042954064648156	-0.09305694104784432	-1.7722288160596131	-0.5627529399406908	0.09313448248687864	-1.6609015412255073	-0.46725678572095486	0.06296635978963092	0.9152798121582327	-0.6427116409335766	-1.1369295486323279	-0.7220571085639862	-0.7144991524049983	-0.1725521826368523	1.0238691622046834	0.5429341915503489	-0.2256886899880842	-1.903552282043197	0.21224035726696489	0.5282546754171372	0.008114360771849976	-1.1021388306785527	-0.8659540715077713	0.6708947303813928	0.9092295445332655	-0.42075825972680303	0.7346645274370475	0.3218071918725932	0.6267249444337033	0.03396793411862717	-0.8641010764003849	0.5080632364113977	-0.39715476730786015	1.0721641664065324	-0.14618350590360626	1.2720773287322247	-0.8366007752629643	0.11581204764352607	-0.1482672758485205	0.2882610569925183	-1.6281777717649044	-0.23623574988406384	-0.1563481435848106	0.5711165108542962
DTXSID2020189	22.201184293543903	10.374437399007537	-3.185167004292663	-4.888266112712882	0.7752303552907132	-0.7933666149871659	-1.2198774643214971	-3.8630094186077666	-1.7527390473469266	0.44505168153385577	-2.1672352739443412	-2.4176808240020518	-7.100966928749902	-1.6065982376297814	1.1183951647840642	0.9379340899191503	2.632623493895891	0.03152762284425475	-1.3612846399587493	-1.9224464028930528	0.8820943685832261	-2.5747163176762595	2.4183232955084324	0.4011688190390565	-0.6447877383257556	0.1495875667991495	1.506161217606195	-1.5415622149637334	0.7527166547441522	0.3520795980270468	1.1650583038823294	0.3661709456675495	-0.6877519495752462	-1.2574146184438664	-1.6585949305345917	-1.1177371475878903	1.925581184587678	-1.2113116692642363	-0.9770757888459165	0.5953460223394446	-0.24520136895830003	-1.2852317618489084	1.4631033225038688	1.898370704542447	-0.08030202857553928	-0.740697994978004	0.1374890378176385	0.16839716348033887	0.3075934734520881	0.951380102848279	0.0934571007884532	-0.15071730893228338	0.8542129870996048	-0.27906837490353875	0.439206005731223	0.39011241140117914	0.16530039704440996	-0.9690540548999333	0.3491157506699072	-0.008751587114033031	-0.5611640795992018	0.30693496129122816	-0.036647454073759855	2.4150571628581305	-0.5516087181598354	-1.896047197649764	1.5376801470621686	-1.8220992366862139	-1.0922620112924686	-0.3667875611726871	-0.588452191024268	-2.2473505729493577	0.09202447518901392	-0.09511572494830102	3.656507539545474	1.4163222736591605	0.6853471780625005	0.32990610794656644	1.0322582637776772	0.8720983405118107	2.0133470161411253	0.4631816342847051	1.7182971736746797	-1.3417849713522176	2.6067387635719	-1.014962168048791	-1.6009863934736341	-0.7385002319565647	-0.8825550582032812	1.769126781479238	0.0975381099207836	0.07766986676101122	-1.7702709692340737	0.8764150181162764	3.7810306329914116	0.37439561559712203	0.6964813344950289	0.5107959576290022	-0.13899023740861496	0.83638120302775
DTXSID0032316	-3.9814557391476004	1.0027980577457012	0.15310954851658756	1.0459584181471075	-2.356551839426899	1.6705932440085423	-2.1544257865386633	-1.9660918597919297	-1.3598715035069173	-0.3643581389088925	-3.835588264179351	-0.19912715354191068	4.4061470961024805	-0.33552634828951505	0.6870641375531792	-0.7217320958373776	-1.068290058479153	0.08093264026168827	-0.6265236502388588	0.029383315909778877	-0.06405962654903631	0.27090925850608905	0.45471423751211526	-0.4409922296220026	1.4525586862576536	-0.44279217482809874	-0.5796011749615845	-1.0924101092187082	-0.33312176855467307	-0.20799093799308166	-1.178073354228295	0.4728806792643823	0.37358116778962885	0.3324387878383526	0.8143743833032985	0.5398201983738345	-0.9547274857277306	0.45703256822696153	0.07166792550918226	0.18400352415180093	-0.4786597941886423	-0.30121804029416704	0.07768966997791518	-0.14045322165750865	0.04594272473146213	0.11488316086937873	0.204581616373199	-0.13938654031185613	-0.22266552603631778	0.22083714232929988	-0.012131202026937548	-0.3262435388135411	0.45571382559150303	-0.29600048590831163	0.11301849487532661	0.15700015469157946	-0.27460476425882147	-0.3382521022269881	0.18521031284963702	-0.33065073933994	0.5264623041231286	0.1372890363697248	-0.09324699947548518	0.4350859633977603	0.28046011542916494	-0.4642812939965009	0.3513790148581707	0.8191627142415407	0.01874601197556461	-0.30547564424663576	0.3084653313126391	0.14205116549929703	-0.37266568388045423	0.5283659701731417	0.2989707464472762	-0.4119661324316392	0.44820462933034716	-1.0601365540924879	0.09581451710539693	0.35870414891993924	-0.25551955203793003	0.7967467841792484	-0.08655966921691921	-0.479545027720216	-0.07338798640838422	-0.09562073246437883	0.3223864068968526	-0.07629859648298812	0.46284519164623844	0.02545722960695261	-0.2463131344431445	-0.09792244553955616	-0.16360032296721075	0.07811967501329348	-0.17757195425115008	-0.4150492683858976	0.13304714782354096	-0.15708989040180715	0.13245606295677512	-0.013539721822664021
DTXSID2026232	-0.18568565783323782	0.7720438251913027	-2.0694229503630694	2.366961883774541	-1.703466650612906	1.1124352337970587	-6.785075929627531	-6.535114155402118	-5.132120771125142	-2.2388330958540283	-10.885914550694077	-0.8777117617381625	12.20881210643533	0.9214569180328087	-0.0496743008973217	-0.5086542927061837	-5.781388690489234	-0.611909796046418	-2.6119429252741773	2.7996392109566153	1.0186722509424964	2.5200937629305895	1.6941034052042165	-2.2982027298475494	2.401563019525095	2.03471865556971	1.566834005873919	-0.01222060224373071	-0.8485646367309524	-0.1248380149577937	-0.5017880097156131	0.6537009356082367	-0.5165962966152581	0.9962523103062818	-0.21455557397932742	-0.9000350281727085	-1.7505387070038418	0.8704672260287508	-0.33987096840647657	-0.28662443677821337	-0.1152810381698877	0.004572426072807837	0.20401175331035168	-1.0157773988086052	0.6522935967686049	-0.30119676874563905	0.17237995182751717	0.2298066775998825	-0.568939497407692	0.5943128128564599	0.18033681764878606	-0.056667399996008394	0.7953810712205827	0.5364377115372436	0.4509697411481393	-0.018996167590875364	1.2609034489701634	0.18130639663781847	0.18642978244360872	-0.31179162317668235	0.5066349418352075	-0.30273552624362204	-0.5391620431609296	0.6636032945784786	0.7310158088146733	-0.23002253895873964	1.194917808621656	-1.051408147003742	1.2621102945640232	0.36166910929777824	-1.3746457800316663	-1.146509490224278	1.239918941123073	-0.813738128137908	-0.21214898910153795	0.830181548888574	0.124770379562887	-0.09602763176227892	-1.0049267369146144	0.3746723602685792	0.6397875136927246	-0.7524506444658172	-0.024148386074510576	0.38153420610984506	0.38927824261669786	0.1570871884587353	0.37546242296102905	0.18888375649131794	-0.02155398997271855	-0.2796077796163138	-1.5234744099520177	0.16333224296972446	0.1950649444362892	-0.3800618802977282	-0.09536156986887633	0.03159851822571526	-1.0384567634328394	-0.7615589784734621	-0.3683077761421122	0.28073700611695623
DTXSID7020762	-7.395990015786913	-3.97950038117907	0.288542456178691	-0.3915040628202385	-1.1597699877144076	0.1591920965164723	-1.0851320213768365	-0.6476524335216841	0.3808713180445559	0.43040176680081316	-0.24066356830872523	-0.3109006682132213	0.09231147518013752	-0.415386840490226	-0.2686577642704302	0.742132823003701	-0.30606623696551905	0.4471219074345516	-0.431311448395016	-0.07841357828106355	0.11713053483888321	-0.2810566617955592	-0.5769650107715449	-0.21298772348383754	0.20202718065454023	-0.484346459396927	-0.5197037200884974	-0.07237868602265499	0.27554345937405605	-0.11238211771842115	0.6002715500737184	-0.0010914777782181253	0.23604802337660924	-0.38894813857003757	-0.11690716088977651	0.3554012921856083	0.11449392252297297	-0.07136445977413962	-0.18963698493094613	0.1258430434873081	0.05729023799447561	-0.23357906331137732	-0.41711077336125296	0.030746323385216275	-0.11378811790952485	0.36879404725950876	0.09145872242227698	-0.08377636088921027	0.13454968396973693	-0.014203180960884616	-0.07499081605576807	-0.22194111286355936	-0.1578610543000396	0.03155541537288825	0.000980262734301913	-0.02057169193055998	-0.0405931565546778	0.10122838341227547	-0.22793355459179704	0.1982382506325829	-0.2525630307688492	-0.11401833066644854	0.5372304801708637	0.2828952604063643	-0.6186306013452632	0.10479366874461814	-0.16725784166185573	0.03205143646190746	-0.6446163451190331	0.17587831879290483	0.5737725810369981	0.23814345155745043	0.18005272858130358	-0.09602344340268452	0.1311108424257093	-0.4084660570186743	-0.08332112720054116	-0.637041893408722	0.4014519730059622	-0.6057195054527196	0.03582811102311061	-0.5217178183561525	0.08834029423174988	-0.7513685648582779	0.33494435393024513	0.11947257370190927	0.516063558755872	-0.61120648195076	-0.189548066267459	-0.19062292746211904	-0.15952187096869558	-0.06663377694662515	-0.06837924342140128	-0.18429536651278755	-0.07119549442664062	-0.234967578743694	-0.05638221889150588	-0.2408241520269019	-0.2828367050996484	0.21688936235616024
DTXSID4022573	-3.9077155417050458	-0.750147440076979	-4.598586483492035	4.280999118590134	2.229238737745446	-1.5490546366332902	8.499575691196597	-1.8629896806558106	-2.0027009846199504	-3.227116358850012	1.345135395019456	-1.3123837731464376	1.698710324647243	-2.4835476253091957	-3.0000937543729616	2.9887495473048187	-3.613927891263477	0.9887246943762016	5.852782266995476	-2.879280760819594	4.38940154610146	1.7040645707353281	-0.07159825040492068	0.47116737421708843	-1.3739192174064718	1.8823342644893288	-0.8531349521518989	-0.6988997784478361	-1.0997277679891295	0.12063323926532536	0.9831463934098235	0.5195433286488278	0.11525568281565175	0.370422644411953	-0.903248048996929	0.31137587463688365	0.08564457846303548	-0.8085663180071591	-0.6773636610900485	0.5503780947663742	1.348424131639337	-0.31150991151306956	0.46967261512251524	-0.1900273619675559	-0.1105218792335836	-1.2470196016834576	-0.699501435091423	0.3766739333134785	-0.036498362690307685	-0.12123342925925729	-0.355849787739653	-0.5884828579607276	-0.5733617711902527	-0.22425565516506166	0.07535755303556127	-0.33735576459963135	1.2686265003188069	-0.013156363314101454	0.37618727552056447	-0.31477112365861565	-0.09967532678648827	-0.1473143142190298	-0.3248083228965957	-0.4047797141823175	0.2501619038281211	-0.1321095074658131	-0.3069407863358498	0.6723867957731308	0.38392028385638655	0.15251573400036628	0.0888325009953658	0.4582218120996448	-0.3706658694420529	1.0268073826301614	-0.21635514691721344	0.15488313131943432	-0.14774968472091038	1.1586428663882984	0.11706759865497003	0.4169531617379594	0.2783929727054722	1.0329089002378615	-0.5287356514123654	-0.042240760525127326	0.6658673541987323	-0.2924699747674718	-0.6209123051154902	0.29494894553147066	0.6038588302780338	0.8385424576102359	-0.48714496205740887	0.1102162168451145	-0.5079362067998701	-0.09992086378103138	-0.20246892021902252	-0.9096173705317325	0.8794824899334377	0.314471331400521	0.04080403605540548	0.49062620256183964
DTXSID1045162	1.1591515974991051	2.3346185505907595	-0.938258762880973	3.029247260476939	-1.728570563790824	-1.2733178538410241	3.709052984899836	-1.6417174222402844	-0.3263549473088618	-3.7000192625334516	-1.260164052815614	-0.5479439990089883	0.07395119132604605	1.381438442825752	1.0164317737626745	-0.19524851917948527	0.9298837669776674	1.4225945722385795	0.49837110011713487	0.02927952683261261	-1.7471047441301646	-0.4677299873410324	0.1439125851973583	1.278238628332544	1.0656805848260789	-0.3278148943118597	2.217355735189852	-0.8592405596197066	0.1273333668288827	1.2193751895067453	-1.4302140934250702	-1.270916884510362	-0.4321163242596402	0.10915716257540531	1.7991459763401527	-0.5249308645072888	0.13146910297223138	-0.03901006133217249	0.9456806144031279	-1.2645969912219137	-1.4841425901077234	-0.5834906486216372	0.22808026485845093	-0.8786227768195412	0.82436246136378	-0.7648646096638291	1.2033834405420198	0.36977738948550654	-0.45074639158620244	0.28758830667616964	-0.09402717539302866	0.3500098929657079	0.27618318545365955	-0.4195228174278494	-0.319702331599052	0.273568875967681	-0.8980852699510121	-0.18106483177059352	0.9210789664905414	1.8982970481969275	-0.9967154634372768	-0.39876592894821716	0.6414373224452069	-0.623151029158362	0.48069666527413674	1.5764875657586048	0.21459463218577166	-1.5653236738193033	-1.8184946592672913	0.09865617033954907	0.3296443554924306	-0.6908002755819833	0.893468222132641	-2.576621556660901	-0.11648695526662531	0.3782129694945989	-0.5983475214225376	0.358146878257636	0.3265578613231118	0.546775834257761	-0.48321603548852765	-0.827192512400012	1.4208403779748726	0.4108608398378933	-1.1887699114855117	-0.2356671748692211	0.615135770000305	0.4228245534278688	0.7018774556564612	-0.5306717409286619	0.8515481102134678	0.22020732761786982	0.30089281388690375	-0.14063081743053843	-0.5049249874205366	0.10614932650460945	-0.4004293880898605	-0.7031147559896923	1.0613586902517635	0.16327538132353012
DTXSID6045618	1.8093204127097884	-6.38352452926384	-1.6580621826756143	0.9106013353735786	-3.2031891260920076	-2.153015628927881	0.545184354143168	0.06305340400651331	2.256664104507832	0.7407756152502597	0.10018351125302054	0.8354692091921804	0.9312564837264019	-0.27217563336559997	3.467850214816096	0.6703564154109426	-2.7488206873243253	0.9342252014517485	-1.8162748689148782	3.016552846437839	3.4689811447811008	-2.2299814574035293	2.216218163488232	0.9994312664657825	-3.702400124342656	0.4339692306644532	-2.56794318374572	-1.3587152079639333	-0.7155443121927636	-2.2300007642000423	0.0982340810439878	-1.100205145124952	-2.6227497447732158	-4.662194194453144	1.314724444995831	2.339371635981857	4.3464033533266555	2.7046697278624676	2.6978270158177176	-6.369615182716581	1.9167810283762514	-1.0910423844041	-1.5457680206727833	3.0559540727988717	-0.40125160223398876	0.7889871921057551	1.4435255551659951	-1.6998362500440782	-2.390314089261219	-1.7249406694406892	-1.450443877962011	-3.31196633482012	-2.2911978832078104	0.9128785501454705	4.309618811953424	2.5737133847877676	-0.6956273435003001	-1.2872264122159913	0.9225542627619449	-2.905401542003252	-3.346657977303842	0.37060053986840247	-3.294696940793517	0.9988916690026983	3.433286102508329	1.1703635494480382	-0.5942388739507515	-2.1265689223321673	1.2638443622040625	-1.1691404112457136	0.2590483355433924	1.681346764521067	-0.657485196561202	-1.099665294213263	-0.5969464799967809	-1.6619200792048248	-0.11198060069333571	-0.9783085652905383	-0.22474588478786622	0.6106519148869385	0.07455138135813023	-0.47659870403732774	-0.9005966801011153	0.7407269199436548	0.29937108877057406	0.08748066861435938	-0.31203172247928296	0.5893469369162292	-0.14674538771386664	0.044191494238879685	-0.7218817095652157	0.32404178107415876	0.11093968050097361	0.17773303983437908	-0.7239493284269368	0.26804066125393244	0.6991769269913181	0.5917656253956897	-0.8387663642217317	0.00292544754904073
DTXSID7051715	-4.9615137789764265	-3.038674309575945	-0.5403408264579705	0.34728376420164503	0.7380753407475861	-1.004516826675017	-0.9637582851261633	-0.35485142262639685	-0.6914386361983339	0.10452027566933493	-0.5991955833296799	-0.3761224523912617	-1.07698638251316	2.2819061286701836	-0.7665405911570649	-0.9953228410725827	0.2605762409256849	-0.7596649697746919	0.5248276696249125	-0.2741588304493378	0.37027486189504216	-0.15227590582582223	0.24164548522030083	0.31967346485018905	-0.35087503188545294	-0.9057616101635736	-0.1404581651738281	0.5883605818780508	-0.3175098620295535	0.3460581970347515	0.12509607463677158	0.1508189800474767	1.1228986950460966	0.1749623739108221	-0.6752202236719544	-0.7191042917466319	-0.2411114436340574	-0.9434271771866075	0.4334666904847427	0.09595419999708978	-0.30998353287279307	-0.008672792411102985	-0.1639731005308767	0.818052253054042	-1.0051934137534713	-0.33059128727046294	0.048411306192898323	-0.5054346774566627	-0.2559835917012805	-0.28571122309986313	0.11068758083530605	-0.232975630375994	-0.25832984545311105	0.15260696676944158	0.5356934969422111	-0.5529991376690331	0.12409033642253514	0.07170711949464213	0.06552315654753973	-0.7086772720155569	0.4104179777645942	0.5949228423719076	-0.14262098515312327	-0.2721554817533219	-0.2501603447149027	-0.0631653698770712	0.6455623892995482	-0.5411112095989746	0.17341634984200732	-0.5090641828269692	-0.41732557448848373	-0.24283789755093735	0.3976706620583764	-0.209745100038867	-0.3737607361669964	-0.4140079158373924	-0.18613331798012353	-1.0512882787205144	0.05067752654191474	-0.18054001680197823	0.1993413178662824	0.09336164068437734	0.5447276839573658	-0.0813828192582979	-0.4250507893472386	-0.4439636473249967	-0.43113928909218535	-0.48763611404674817	-0.17604944311565815	0.3347124470971508	0.14101962715118316	1.0396027446470406	0.359350490329453	-0.1485810520180898	0.7997673351742461	-0.15402082769147032	-0.7819321896810324	-0.18602029114435348	-0.353941706112808	-0.2763003463196948
DTXSID0027515	-3.9171436760188154	-1.5643390002147535	4.4948050984281265	1.2563441935136537	-0.4043700390671924	1.292066288799179	0.3586091753303627	-1.3298726735140258	0.6633565294853871	0.5973381164610503	0.2071986574658648	-0.5812164885897602	-0.09921119034627535	-1.3886319047867262	0.05561955881538644	-0.3430097533929485	0.7267425067723771	-0.36805500458938556	0.7606252971811245	-0.08667599491917666	-0.5436345671665596	0.39471795034040663	0.019988201957504226	0.0942533553428829	-0.42534011553169043	-0.07186646045284462	1.2407177439243267	0.7465526905144315	0.48232950193126956	-0.5203884441485206	0.5239976507947053	1.0819098762537072	0.394796257026586	-0.13853256263037747	-1.188073714193175	-1.1555769932852598	-0.25378999896097176	-0.9696215959112527	-0.5800581173546979	-1.2094629751700618	0.3761439486283085	0.048415594307021505	0.3583163437763722	0.7857248829455851	0.78733096716407	-0.4301015428398127	0.1879356367463442	-0.6443759833812224	-0.062491481836038025	-0.15872404192264236	-0.0686800596767324	-0.8150407547443818	0.00593208751210845	0.09314493577699809	-0.2154400565424896	0.02179670160974287	-0.2912487890030658	-0.27853902048559165	0.13937257084207216	0.5496439553001072	-0.8735426525414176	0.14395434340387522	-0.04617102094192342	0.26012654258813084	-0.9985066345189212	-0.030627744152576995	0.4077214993036346	-0.7915401953580194	0.10328288539520109	-1.0344330104511685	-0.37054056032778654	-0.4869358102778391	0.5630851456151426	0.06403939144093759	1.1306210265535155	-0.794113608744086	-0.3652899466290455	-0.8335285759686839	-0.7299481676869868	1.453925771811011	0.233353460681199	0.7823048210735766	0.40524592250187763	0.02587834427601116	-0.2262357939342113	0.14480110138363114	0.22740510308711126	0.4185053956588012	0.6588819607575731	-0.30572919007129795	0.4547369130777791	-0.24576124504851657	-1.3048825005052498	-0.5895757709261784	-0.5072080849170627	0.010133845450370053	0.06600617420900508	0.6634807683980217	0.4264452000885439	-0.5614888290553133
DTXSID9046869	-3.3888571625463904	-1.5375304223285615	2.3570884360196063	-0.9028243413384917	-0.8451140191979033	-0.4431911300432671	1.0404130844618455	0.5285995544496848	-0.04565154263377396	1.094290862921897	-0.27466531457063903	-0.45570592444373553	0.7208048655192565	-0.30914181558477977	0.589292817989586	0.4796657440345441	0.03863336856855508	0.15934754983986427	0.12453260546353592	-1.1182782822789474	-0.1295348133172082	-0.45151040787077895	1.5875639375741184	0.26919732636265037	0.1472598354741764	0.06252212166043929	0.8648637743598725	0.46892421471179	0.2943403214169613	-0.1766036390560195	-0.319854851818785	0.22326941833908803	1.2506404635828483	0.011722427931676624	-0.7978522328552216	0.27293211250550253	0.06221116683485352	-0.630886699745233	-1.0894691488195973	-1.0115551924766153	0.964235901583274	-0.01658606963365978	-0.19944170479291762	0.1693392426053112	-0.13708921984568662	0.0430695443373614	0.024224070263183736	-0.444409557686903	0.07334916629144156	-0.3579248116607285	-0.05396645241445779	-0.5147884096745272	0.39074545445265396	0.22704841061111114	0.10390297864887613	0.025207164605098115	0.2731943431009698	0.5103203097504251	-0.16457650640031338	0.2749316156349694	-0.5405056991190709	0.27461183227782515	-0.17867761639748453	0.3138575222396653	-0.9808508686319676	-0.15311393376966764	-0.007416907255460194	0.006626626554927795	0.09570550608263814	0.2202423340982833	-0.16701828516345105	-0.3770217641335	0.5467326492083314	-0.3196513306869246	0.3038444077155752	0.7442978192034543	-0.14782191258177824	0.5526172373079583	0.375701042425097	-0.6172654911107647	-0.08837111561082903	0.02962536053445314	-0.6193667242915656	0.32604082508554144	-0.6664788204652803	-0.07331877798661694	0.21956336096531384	-0.5755765911699685	-0.12908213059449838	0.08808425932316014	0.8987812466250013	-0.11204265284101347	-0.7033940901123457	-0.7323161684712766	0.6721519236613028	0.13247129620831638	0.09237266547666953	-0.11951999047953966	0.10407768677102662	-0.23455557224936352
DTXSID0025814	-2.787956167857536	-1.7565678379291256	-4.64723288434491	1.3919092462175053	0.5373140680537002	-0.43528033801415356	-0.4151177979646219	-2.6370246930543266	-3.4342766178350947	-2.0786880870753355	-0.02169805666957762	-1.5716208898871755	5.195681511389175	0.15878617756030766	1.4345442531936514	-1.4951968709817918	-0.4707455008509557	0.27255535543855347	-0.7398892493063011	1.4449429497950428	-0.7641998962839269	0.6164404544118486	-1.4043486827391636	0.06963956973802324	0.6059078756115995	-0.601249211447347	0.08157708160647482	0.4405402050559009	0.3419796838701797	-0.0734096125882454	0.21895006199390013	-0.9731701404068618	-0.03226053985512989	-0.88946092003293	-0.15366348344499023	-0.10392251872377967	-0.4818028062895456	-0.48144874911888497	-0.9892023595385924	-1.1415742055309428	0.970484467546844	0.7589995673187317	0.8338722454638251	-0.9108083399264445	0.4310710106489545	-0.14536669349731593	-1.1234443466903474	0.9544472111435611	-0.6000604223379561	-0.14457823271164152	0.2565453923380871	0.45879727035331275	0.24269409432198866	1.0838205058645811	-0.147021284798574	0.5260048646874056	0.08085235962219972	1.6602393706384788	1.0104676280542702	0.7694905452810438	0.16451402254851288	1.5445537441736108	-1.05623376116197	-0.16222065954093104	0.23344873482702272	1.35065193257707	-0.041693693103244896	-1.0228279703257206	-0.72680230205475	0.39227117272161544	0.5027140701715607	-0.5918741641045865	0.3360761332436864	0.6035242630659606	-0.532973957134416	0.20312247472769582	-1.4438207547318314	0.23079194428534247	0.227818878255243	0.028815858423629843	0.7575437403427494	-0.013439160981764559	0.16979770338349143	-0.3648321669750768	-0.29222511666495377	-0.4392521774405356	0.26783871946657817	1.3175523717165967	1.0175408761666702	0.32958954297504695	-0.58112306440831	-0.31260914721529426	0.6573588018324917	-1.1291312664191644	-0.7871535624514694	-0.8049375933988212	-1.4141513406648891	-0.048252112068858044	-1.0818287030666724	-0.4286201185524851
DTXSID1048621	4.131193067486797	-1.0535116260902389	-3.910931881520284	-4.300159140753477	0.2891661088433493	2.6955150384302113	-1.4957738218046006	0.919936548557261	-4.360438239857681	1.4355189672306008	-2.4384967160526	-2.5328594996645184	-4.16705491201207	-3.9582366104754874	0.8131198468690803	0.7868836686103666	0.6714983425785562	-1.4116534667357643	0.4506077203723022	-1.0293400798308048	0.26480053008286913	-0.8893496336209787	2.3122191219732215	-1.2780338501538742	-0.5015950781761336	1.5496023464250097	0.7539521345238952	-0.8668713877430791	-0.7354740659788118	1.1452723753468048	1.1064492679501263	-2.284713315552348	-0.2957217205197216	0.031926283585331935	0.07530329113640306	0.6331397664903096	0.05750365519813849	-0.5579793032055627	-0.9569604261447459	-1.3308747048319889	-0.05013924395511125	-0.42292293170128475	1.9572915534298363	0.20280568683401096	-0.3037753153001552	2.3889678492358715	0.3561163002762746	0.3483227658599863	0.14632552349872371	0.26419100918346705	0.019546412238492267	0.5023737409095619	0.6780187154805424	0.28851847194640523	0.31373805769366686	-0.10528727405033197	-0.10992286036671996	-0.6152319430240771	-1.0155405884915696	0.021533990040446694	-0.871429814350061	0.49913778469611064	1.120247313038326	-0.32224986242964726	-0.40604948456911333	0.6652882952373362	-2.5069600820195337	0.5746018301244908	0.30678591848519843	1.0487366327748278	-0.6134585020709231	-2.933861508623857	-0.4293319815869579	-1.5568005812608854	-0.44623230144812764	-0.6698136214052715	0.698069877256894	-0.04688372180789914	-0.16621398829472653	2.236828196508957	2.3950421365932995	0.9433720097110249	1.161114157359906	0.1603441501888874	0.1980861400171305	0.055555604432148874	0.876596368265817	0.3324017561300323	-0.2547298516126116	1.4616832919147327	0.8133221441517876	0.7232812021983209	-0.23241724283232107	-0.8560685461000295	1.1377565047035418	0.8493119117925318	-0.3808666406231319	-0.5565223612291179	0.8641030789898793	0.4368109839309038
DTXSID6049018	-2.9049883243215455	-3.166343445055222	-0.9310878346211128	-2.1589182197134074	1.2511591040561574	-0.49690816887108374	-1.766758157098747	1.470026613847461	-0.764564099143898	-2.6715898145682644	-0.8013155393955574	-0.08365769104673348	-1.7379280211800703	2.917989392909513	-1.0317476809672157	-0.524356326104492	-0.44564069794644895	-1.350536158960272	0.8708975014562655	-0.2604430484760017	0.5394533277209242	0.4749355177000678	-2.089056293701738	-0.3909340306201233	0.10869327738875062	-0.9623605809803149	-0.27459542475687726	1.5472612588609265	-0.4957863143654646	0.33728555856897413	-1.3464867508338487	0.1770294648170774	1.6552464521374646	0.2276557115643441	0.38524932331212663	-0.2738931081912287	-0.6531857562923875	-1.438493531105622	1.3117864058080941	0.07051255194255854	-0.6630679068497576	0.5721564299932316	-0.22703747558211865	1.1819222437652999	-0.7539937911768501	-0.43509324139197497	-0.3494666647896244	-0.8505010400136819	-0.254432708327109	-0.662662586760128	0.3228904323602629	-0.14697173454864465	-0.18146441340551797	0.10373387919599937	0.9626952118402483	-1.2917527208838244	-0.12926248525637357	0.4621862189778257	0.9383012352319119	-0.7189097645839946	-0.04025423824566647	1.2903196363492737	-0.5556001352000535	-1.057647334567572	-0.1755088999119869	0.058483225905080004	1.1415927734713647	-0.33128278917556625	2.0237015718171523	-0.5457990870138292	-0.3795100399026651	0.21017731568294043	0.5231922837105564	0.2621460777720966	-1.7281923303137665	-1.2744943703983909	-0.27121590363558423	-2.2835096254838994	-0.4900861908550897	0.016176710877520754	-0.26312151973617504	-0.07564709393498723	0.5269169044655164	-0.259021067345661	-0.08674322546821372	-0.04423064723843551	0.18515100193538817	0.22227265306581193	-0.12497059401730365	0.8035942230396871	-0.49176702831634533	1.140440086608705	0.32108507249598484	0.061110308743943804	0.4656552317191572	0.8012887457960601	-0.5067241217607742	0.06011777047316844	-0.6008784436433618	0.34041670566674165
DTXSID1047659	-2.654310624555098	-1.87960492987549	2.5993220167663975	-1.795626741669271	0.5959265834730473	-2.1806204863608314	-0.47507368957367324	-0.29205598163372853	-0.1804283392363379	-1.32644319662274	-0.3853606047392035	0.571452404985321	-0.19303851318437795	1.1272421796822845	-1.0696729008204018	-0.6022196922145198	0.22378135358744652	-0.9407225624224405	0.7753689814294654	-0.36833070615777863	0.19129486882025637	-0.08855207011925562	0.48237823431795757	0.42317253584072667	-0.6442706265309872	-0.23636571270336143	0.458226573190991	0.8596659730320587	-0.07231425516689081	0.5314233876741324	0.17443584513357924	-0.27009726438530385	0.8722703532098891	-0.09408297540159581	-0.16867085032101045	-0.043770267402434705	-0.1309944658324087	-0.6098744458147491	0.43166720237892425	0.35743535353443623	-0.5113476620491608	0.4256249241233495	-0.13593330220471825	0.7478318379073691	-0.5765424188698662	-0.584680998574238	0.09593792087707301	-0.9265862977007133	-0.20487255937145624	-0.3849773335314788	0.22052596124637236	-0.1932328058798748	-0.19138864521955032	0.07703477246643675	0.3549475847618003	-0.5404463314606158	0.0734049670852219	-0.0032350728032613527	0.434760311822078	-0.30536435202341117	0.4810769120185725	0.5025773057914913	-0.31494670957496756	-0.46195653766380856	-0.14187147393837443	0.3494166709668312	0.729530782755793	-0.6218439852655496	1.2649881754398684	-0.20206013936742642	-0.4055128442286338	-0.16479308048095237	0.1064548427190146	0.08705886818776153	-0.29133646635005417	-0.6425212215635486	-0.06510556151172109	-0.174356389918487	-0.33135703770248875	-0.10879081430608357	0.1613829841072697	0.1515750915495832	-0.251818134172347	0.10832477192045596	0.15995088521510298	0.012136810830663251	0.14106010458525522	-0.007691461808772858	-0.35120114909833866	0.36798185694754665	0.21045977447659364	0.38895428440272	0.11079694242869093	-0.6317213539288927	0.39045650301233903	-0.24382379935815493	0.10610462717830603	0.07875494123541552	-0.358353611430655	0.20334400223187457
DTXSID1022001	-6.2144452385144815	-3.5830891922286576	0.5613177729252049	-0.24351749393044494	0.9980879354001367	-0.4623014600567182	-0.9203338721171814	-0.2506201896342562	-0.3367939061535044	-1.2947542855366572	-0.8104084943392028	0.10783745755688448	-0.7957993735844516	1.1586675332033167	-0.0884111064867669	-0.18876145974957007	0.18869867446495736	-0.3629440250125794	0.30516597793708233	-0.3367993181543677	0.5762301885745802	-0.24015985123861272	0.7866227625311407	-0.2036557181756726	0.1972938781165477	-0.3424894575278724	-0.575217921966092	0.33724594091656124	-0.15436285729279547	-0.1193165886139028	0.2397433795952329	0.10354270381681532	0.46521128973643594	-0.4725042501306556	-0.20309164818857453	-0.21311832310357015	0.0909054403758817	0.09433676781439655	0.0551200416307633	0.2651751515188978	-0.17986858601938097	0.06107124421466812	-0.4343647617636016	0.1324774176567276	-0.47932958175611956	0.03664037742377635	0.27903515457627276	-0.15465088010957556	0.02137253754094091	0.1361301288242644	0.037673000172306695	-0.0024013187887081274	0.04886395137697228	-0.09817219704170489	0.019899852541361642	-0.026791379030968655	0.08332749636427336	0.006487685490479601	-0.18837698885421558	-0.00882765410434281	0.3274780507335899	0.12386406488189532	0.5011467642752532	0.10641231282511007	-0.1628945109581284	-0.36939067072606946	0.11765574994336199	-0.48920274818630155	-0.1702749275965966	0.5252659524691831	0.07754285603541629	0.39946881786828414	-0.13381362757278834	-0.14021042608278364	-0.9939391516634439	-0.06831277797324495	-0.6374746749536799	0.2532683079647579	0.19828385834475104	-0.47213782243758157	0.1440284195155222	-0.16832241557309344	0.11043824186904765	-0.2560086965930664	-0.0256610117399468	-0.052873545357822994	0.13607268570593975	-0.5375254508677524	-0.13393457662279326	-0.011479039742146726	0.19133610086263336	-0.09234915589175417	-0.004946910753355541	-0.44940597086786843	-0.022749372254710694	-0.5306794809568149	-0.0807508891052319	-0.026097779156871656	-0.31981139265180253	0.0017839333249796306
DTXSID4045979	-1.6717158661546057	-6.801673184961042	-3.7969997187269895	-0.1586130999908873	-3.774000338710123	-1.2202750592448923	-2.460415989369777	-0.47203956664217284	0.21642251226817022	1.426748815115918	0.992253805249894	0.13178410581768643	1.1074740263488123	-0.7588104382295557	-1.8075708113127882	1.8935769391489767	-0.6597244837104245	1.2472653566578333	-1.672326858672943	-0.949670639890728	-0.3837557884774166	-0.6949277057019295	-1.7855925152730558	-0.4846910618444458	-2.3571058162282505	-0.03450541206192749	-0.5142572657514228	0.8260418071263164	0.449049432328803	-0.9731375084290617	0.048528766759050324	0.19756849877172994	-0.6002357371404275	-0.48402156469366336	0.6467974386284391	0.2890809837687579	0.08669211142337979	0.7407270941776772	0.4024818971400881	-0.9157561846602402	0.062409534880637926	0.17212390927718813	0.49170459568148817	0.4776973077347708	0.42570636055753874	0.5505791071072899	0.027585234944318516	-0.2573880319651972	0.015307040606064519	-0.06319360433178271	-0.04854213644938445	0.005738900338722126	-0.1804626310483124	-0.01895069876348828	-0.5016327678567384	-0.25953084027517265	0.07370280615308122	-0.36011701301926496	-0.34689394970254933	0.7663211045349412	-0.6958141597114704	-0.22149736098322756	0.12573508959777993	0.4628708380267977	-0.8528565097629299	0.4328546444050233	1.0553436432428678	0.8597403407492327	-0.2761631414857945	-0.8976706723552071	-0.04756650966849154	0.18520090659813473	-0.2370850919143164	0.2590758055508291	-0.017989533151912204	-0.5926211281348466	-0.7731740766791924	-0.29572329163389716	-0.019031387572400117	0.4443609939100755	-0.3601981692860242	0.8327352655176984	0.4227929539352391	-0.09580340998470942	0.3832622135234849	0.14929124535814245	0.6013083885081536	-0.10086054593120533	-0.3255333917483348	0.220145782089213	0.17522515391412924	0.37030996966809465	0.30425132375944797	0.33102107912608925	-0.5340926177714304	0.049899893717790564	0.07645755041899956	-0.26380288121991685	-0.1213381863476657	0.8380108264801627
DTXSID9041441	-2.9777143844125282	0.058995967270048515	-0.9452215458942407	1.200201859555029	0.21301000829630343	-0.46773874163146695	-2.1994907676052873	-1.0537924651932207	-1.1322385718629757	-1.3583804314852874	1.9940465403362932	-1.3461929394822099	1.3577507973777898	0.8081610396190001	1.7154741717059825	-0.8416554682699139	1.675421584287026	1.173957554249254	0.3706723652707532	-0.26161002144609563	-0.03806201560734601	-0.5462126374612162	0.32580048430131314	1.1360627286963927	0.37637698531135927	-0.0042250412641215655	0.8931052656694802	-0.40228666849123446	-0.3651469192106131	0.9783408075838984	-0.9038228544488057	-0.6788923210722246	0.26055175967686556	0.41880825399663923	0.9581762691820491	-0.10105870473036216	0.6742220317502673	-0.15119798850173044	0.5592011706079129	0.02808716925186842	-0.7756302219565182	-0.09652943251961359	-0.47524082578691845	-0.29264896417341363	-0.02125723138339494	-0.3918482441765783	0.745165827305271	-0.5337717388383779	-0.006537367738915154	0.13008641364796944	0.16518803189840475	-0.04910908342619248	0.5420811403651195	-0.5256506986039868	0.004457663499175403	0.28436541621985956	-0.00730308691407804	-0.9346356566850396	0.3834347629932958	0.5310633122000259	-0.4478449600069753	-0.6606059632022103	0.6760010905965234	-0.17238657805813226	0.2625218516373638	0.5878714949043581	-0.26993150272611643	0.050507105142049494	-0.584265136679947	0.3705423025630454	0.5660322545984627	0.20326621013109758	-0.15792099307767135	-0.5945161803566255	-0.328453108912732	0.09264840436378058	-0.2528652196123686	0.4928534294468381	0.21944186480523117	0.053675642375741205	0.6603611343780896	0.7008570013515157	-0.4304670245691082	0.058490729269517795	-0.028871352642308477	-0.33256907254915635	0.04627443369940922	-0.046768567067408645	0.6493280033295448	0.10025870361477056	-0.4244982237460373	0.08424538752837944	-0.08150245057917427	0.532339516337844	0.4101101789584292	0.37444159922114645	-0.13466694255625486	0.006578845385049782	0.07348470342011239	-0.31158031706645106
DTXSID5030955	-0.9398788052615727	-3.702343024898554	5.557257094570873	2.9509450282458505	1.1567587121584466	2.748144428668887	-0.00420389343809831	-0.5263819457295347	0.17253270918552213	0.3463475779004481	-0.29953426575204734	-0.5607462700250331	-0.8360874152044634	-0.5705507986862066	0.13851079893957519	0.0827530809776199	-0.1852632718002837	-0.12352056532073614	0.37639226640588397	0.6992353463602664	-0.33204444470351974	0.6838736263749247	-0.14066838585846542	-0.6961324734383727	0.9676782475548117	1.0032618572868035	1.2745649971546538	-0.5378184826927956	0.32917123290447	-0.01109263513484985	0.7535051146290578	1.068584364669777	-0.1409432059741818	0.017269998242799244	0.7444636773629804	0.38158339150097836	-0.5828109911329045	0.24163583865224034	-0.7659083754337004	-0.14999630336186134	0.4479539444814287	0.3098843626811288	-1.0278541626283884	-1.154932911137968	-0.1288374118891318	0.23942612775748506	0.11673039837673282	0.5148874788089325	0.06222288942887048	-0.24086940364760356	-0.055040060540150836	-0.2174691225540336	-0.10863451967773932	0.04604881594530786	0.11774566535193787	-0.45401405722491045	-0.37948079774463883	0.6976198513029858	-0.21301992110533371	-0.653196557925735	-0.5086055333788527	-0.628491923722011	0.3708535279497991	-1.8453266415728893	-0.0661368704353683	-0.895305743151946	-0.8036116555827693	-1.2204412561012912	-0.05603605567865523	0.31718697869113555	-0.2457050239147193	-0.3991613172091664	0.6620425642571465	-0.26830849326886136	-0.2797820357936524	0.8116340739496758	-1.4157723738544687	-0.7354314898452432	-0.811773778727068	0.2985903472471946	-0.9243241578256406	1.122379381806241	0.830721576212801	0.461964052113965	0.6723296834494311	-0.5168795963069507	0.00011861865896930143	-0.3708833679258251	-0.9759965335254409	0.041453277678559476	-0.7447468328556792	-0.12132254626432838	0.7766293369642299	0.38670231874471966	0.09281775910946631	-0.42421740001192554	0.4050103991207	-0.12902988019823328	-0.7116674204979322	0.26475223366588685
DTXSID0023296	2.482335676096252	4.944047815485885	-2.169695585991381	0.7914140288340132	-1.2424943873899765	-0.8796417538906444	2.7378924996206853	0.7594419338971327	0.37513711853960596	0.9893588273702209	1.098017208887563	-0.022803532764406914	-2.0180461051589056	-0.3675076600093007	1.949527104461438	0.721875528614237	-3.6282795585013656	-0.34797388076063623	-1.2484039168639696	-0.0009431938889370524	-1.0947874149494548	0.3403264109384879	-1.4742660980566045	-1.6555457873904	0.3772860447661866	-0.7274135491069108	0.49491838544983685	1.4598419037598556	-0.3755080800274263	0.38288284158706026	1.7106088651283056	0.7819120213488749	1.8121936422698517	-0.6612320301621797	-0.505512077390163	-0.8382895526972642	-1.3783640393640084	-0.5276288079383902	1.3304926040704395	-0.31478386250509427	0.13880568953663777	1.2434611537918534	-0.8348305456868103	1.294621920820719	0.6831533125554492	1.1063636954767733	0.43298196881370843	0.6781630103724313	0.08619646504035756	0.14604527039707887	0.34838918076497294	0.13773503355787253	0.5563810112367032	0.8260831774619628	0.263969689226522	-1.0082172760280645	0.27156076874368873	0.8230472085029543	-0.30258448492769785	0.7467346464501473	-0.28682721023024604	0.56867831824444	-1.4208401989169532	-0.11112695391925154	-0.05669377022559365	-1.3122139528169114	-0.35952109542179606	0.2437381287707636	-0.7156889102766513	1.424953092715715	-0.9517546084738973	0.9976240753993799	-0.14071016015048265	-0.09037803918165019	0.12508266891031306	0.3519679807668406	-0.9722982549657924	0.16070433971780415	0.4060325772411072	-0.14952693820678306	-1.3065906772910478	-0.4819858380381749	1.0461517412507284	-2.392844618865015	-1.2337494618298852	-1.1013038974578186	0.6696886485774385	-1.7022453351212437	-0.5215306094421369	-0.5251472255163089	-1.3327872014328952	-0.058060549906711355	-0.7849568187508463	0.3929649855082499	-1.2769514055135172	1.1592719807018865	0.14408728048486424	0.7336463713083395	0.05718544207811251	-0.4215130663258737
DTXSID7034383	10.116620704309806	3.5580507851782155	-8.442100459080963	-1.9897546922706386	-1.0495378909239421	-4.377756332932203	0.341330870694324	-2.248812849529986	-6.795839552737358	-6.0999725415586346	-3.926259644963028	-1.0339881599106568	1.2939458936837303	5.277739133991256	3.7555365978282134	-1.2244772062365412	-1.632225890785022	-0.8976285580276578	5.127002924132048	3.2236583730440294	-3.4519458611101386	-0.20969597236902954	-9.14651428728058	2.692279455973247	-2.3058610019742316	-3.220088115947815	5.293689585824027	0.2727652226019453	0.7563807504891701	3.8219355221813065	1.854155639324415	-4.525241366257328	5.79260876390995	1.7409347771232775	3.571073561472076	0.1453520743555891	0.6028682165976232	-5.2042388797734676	1.3260271995020676	-2.7875041657202204	1.2996033890847167	3.2215731610225267	0.42840086976689395	0.2980344619893789	-1.2299451929971503	-0.38440060760024675	-3.7600421838043223	-1.0087103486486146	-1.7057684177486103	-1.9932326942404601	0.9998489798537897	-0.5550681305491598	-0.6191053074564051	2.5479831429381607	1.6070676148744945	0.6760402072049163	1.0498057116611217	2.8936490352401325	3.7520868357918067	2.370224202067608	-2.4103767396589033	4.9054842035790935	-3.220408106076166	-5.329214602899051	-0.328451050078525	3.9695397755197916	-2.3307017890066506	0.17057924864939616	0.9075602968180284	-0.4719670735008415	1.8070483150691448	-3.1777044948358504	-0.7887516112292343	2.3718353360222366	0.5512677550097271	-0.15454146396201898	-1.9967634000631318	0.7820978200055202	-0.29970345958862643	-1.3810588190611048	1.0324310376460315	1.9367219373633737	0.43912301205748266	2.1555312674677944	0.7761210319297722	0.7420173810339661	0.5833627448115222	1.0738362343278767	-0.37249961899882217	-0.9849660512418354	-1.7823907850197782	-0.6180118874570699	1.7913012729219004	-2.6379894559914847	-1.6077707312586604	-2.5603938376212865	-2.4521450968501606	-1.1272336268737833	-0.7239400014794826	0.2677412925611875
DTXSID6047284	4.791107820541212	-1.135697221661561	-0.9375189817453419	6.257776268877779	0.3267614519149455	-1.129467068012945	6.291749933939161	1.9794675881212207	3.662355967857479	-3.4876982139863917	-0.15437947975491303	-0.32558921042366146	-0.3151892691145027	-1.649249371722148	4.4046845797964975	-2.886754339689069	-3.2658070515309108	-2.137192808670146	0.2893398577572466	7.9123441182955245	3.0108213829632757	-1.2626071545715727	3.766979568943179	1.4420284066902178	1.20704758202352	-1.3007536534960462	-4.380396895985513	-0.08948500904116982	1.4911656701954918	0.11846323785428646	2.9558205952453833	-1.4186453091790905	-3.6697415895285337	1.335367309360631	0.6643310841688995	3.3210784717510986	3.862591113435761	-0.8092444441702004	1.2677240961003	-1.2270106993554382	1.083425672339413	1.879579611344737	1.666281700972044	1.0877437849913378	2.063297861837112	0.5831583590559122	1.1828821342631812	-0.8798657659118747	0.27691135268502354	-1.036949084855729	0.018590817790948545	-1.2104124450841909	-0.013592617290041902	0.7136396317682386	1.1283775019435573	-2.2529832049897363	-0.24426333161528715	-0.8674033678050237	-0.632588309307729	0.9340913416775996	-0.06003195413669899	2.610100107008644	-4.2318370645590315	0.18886463598565248	-5.584986312809644	-4.499455719046707	0.5322690112417962	0.4057303619452958	0.9211778608055632	-1.2931413149835234	5.0226353957967325	1.9553924423147009	0.9626848709247846	-5.207816468186108	0.06079634432249986	0.1612470794147454	0.8525982823611837	-1.263062413871757	-4.960993543041016	0.10881524788804504	2.7708813950257922	-0.8740430673024374	-3.6455139330627127	3.6357672938957677	2.966947425541755	-8.269723135036681	1.1788168770403082	-3.78621651073888	0.9914274884203382	-1.2481238826929555	1.455623044544815	-1.5606370982670994	4.499358649559751	0.8865461281049435	0.24584493136837826	0.36063495660990913	-0.12796476319569025	1.2840727351113073	0.6812351098131593	-1.0133681597169222
DTXSID4051619	-4.29938507512174	0.8993031170414538	-0.10677500448510877	0.170938864035204	0.0750517395780657	2.1779967765518435	-1.3298706558174338	2.141273486319898	-0.5379835560715729	-0.6932281483785276	0.2112571173089382	0.5850857837879069	0.010934826113071951	-0.03506977442683944	-1.0415693213556934	-0.24334607542420272	0.0031850340108766856	-0.12585636062664085	-0.25923281187808034	-0.13785382347585787	0.8723543970123574	-0.2951933467561914	0.2935879084483088	0.40439554407418177	0.08978232136458948	-0.5032457822356058	-0.45764851374367493	-0.49469184569598246	0.12511811269970421	-0.138822470610992	1.078243251422482	0.18707046373367392	0.2133116579487648	-0.5113677929581412	0.12356580448465296	0.14260399255699174	-0.1485666070707032	-0.18710022740969137	-0.0912826344971385	0.2988104279665864	-0.12976488420835072	-0.014181273395948652	-0.31390730005627365	0.14906261944092758	-0.04323260471883059	0.2491690470432663	-0.07574427071915538	-0.05983042554327602	-0.11706985925331459	0.07819674355811182	-0.14748185856919485	-0.20003745979947593	-0.1453303150831714	-0.08862040008947297	-0.08205135659650811	-0.10088443030936635	-0.10011906343004708	0.01732533896150822	-0.6800929185227289	-0.08686300486983435	-0.02895285534567853	-0.07718673893481152	0.149317814294049	0.339722856160757	-0.10726029649727992	-0.4743619343610405	-0.051210003802669386	0.19122659278442153	-0.7553534355604465	-0.5824362666372949	0.46556772165046406	0.3598954919053957	-0.24586794377655496	-0.018530089410120625	0.09856309967320748	-0.44819966736147887	0.26789155520609687	0.13269209788387226	0.12503004856184097	0.4679183413346355	-0.5767027071498694	-0.3750790557890068	0.0007615332021760266	-0.8599165471866475	-0.08643404986125505	0.11764633715980674	0.2804954966407539	-0.23314076882904522	-0.056269779364930876	0.591397567901407	0.13966955096231454	-0.1497169230568238	-0.10974810545383672	-0.4000509012267357	0.08003440393418855	0.1639134858851272	-0.15809746667575067	-0.18904544005583218	0.10397910566398623	-0.018191998030870772
DTXSID4042171	1.9205746750294304	-1.3765676867927343	4.749324012558603	-3.7816929514246382	-2.098502112134862	-4.058785115827514	2.37867661611305	0.6633679145615539	1.69079094579345	-0.07902197612455303	0.01508126586843679	1.527390062186573	0.8715075826804328	-0.6682403798810478	0.42110159195396873	-1.4328148917754615	-0.9509243715749605	-0.24539285723957693	0.020238501634239514	1.1227836706060275	0.909569887161045	0.21714137103206518	0.16522252297821538	-0.5881059503874068	0.49075545533245407	3.47329409409081	1.667141252624855	3.0735733289148794	3.412331881897427	1.2878496597379414	1.9017209955974808	-0.8816524135627826	2.1859223513533355	0.5079024925222987	-2.8726673495757233	1.0173702077977398	-2.4959466752463517	3.7746033317215755	0.5998147870707947	3.782536689889353	-0.10662860900479865	-0.4160991386122855	-3.846671966018587	-0.2391298672151684	1.5613956860498248	-0.658385258851974	-5.314671803590374	1.6904206578247438	-3.295489963335356	9.156878637229266	-1.4277164202996413	-1.1702545342816753	-0.572966518226765	-4.344097855360678	-2.400576523000757	3.065533748552457	-4.561974574607318	-4.605062597766435	-0.5295430379887278	-1.649046759524241	-2.4243529512247908	3.8189527947457327	-4.904073462993801	-0.7729623425442024	-0.19376262370267877	4.388123407449149	-0.5299204743542355	2.3958672200772746	0.4776501487950435	-0.7196864543482527	0.9479322472391407	-0.43425114345944	1.7141610772088405	-2.4756828517169542	-0.6776569172350622	0.2032684535438082	0.4674671895915783	0.03551255980262401	-1.4146562331374177	-2.0497028767492456	1.4130000843960064	1.8889640424739236	1.038376433952846	-1.6226822131311935	0.22263013471852	1.0264677569265501	-1.029610790107381	-0.3983533248892089	0.42777489306555166	-0.12689184846091323	0.874663895803969	-0.49498977019262475	0.2297481563123352	1.010821906447644	0.3873377227126287	-0.482944339870909	0.08757273450057274	0.17237576477822233	0.030305567972198064	0.03560541902262012
DTXSID6027262	-6.050500828081745	-0.030614219034796646	-0.7331449584537951	0.39626779921092603	-0.6287274036482545	0.631646315094732	1.1271528294444102	0.10277814026423061	-0.33704415264559484	-1.1600040181682685	0.7513798579868213	-0.4368348024614081	-0.5298181324006039	-1.0052765507729329	-0.592171949800913	0.6395720447370223	-1.3730950462221596	-0.4584372758391186	-0.7378490272236359	1.215491825049399	-1.7252912672079808	-0.05830044519666162	-0.2469260956112244	-0.513479624690183	1.2363791429310411	-0.8715835987913113	-0.40901877558575983	0.7353975242183478	1.0803280681087013	-0.9050639029297795	0.9404905425831653	-0.8590870096840548	-0.381174789018626	0.08707542840582463	0.6460298111137258	0.03990721731390977	0.06416449079921586	-0.3679614598980965	-1.3774788098967574	0.5155211523840982	0.7408017770398917	-0.7584549994278049	0.8886513969544073	1.0858966251683586	-0.5966274890656287	-0.08329265500331691	-0.003834009555981483	-0.5037293515772249	0.5731593039136739	0.18873387861301213	0.07106557113132873	-0.6510292392657534	-0.04847084964272215	-0.2668815045466971	-0.33387245606986404	-0.45900661653129105	0.028669326869109196	-0.3280242139134098	0.17492541149273877	-0.8617928116647011	-0.8508363883154596	-0.4107731919657366	0.6700340046392027	0.4958191242330863	-0.5004579097556445	0.5489068040801507	-0.19346697748572042	0.22550012999861915	0.21219707273275726	-0.6357931172942476	0.1006323472494221	0.05223891192423693	0.02054591018803639	-0.05606839450171592	0.036281322372508695	0.19947489649496195	0.306506503802201	-0.22981798404584583	0.0265059460498735	-0.6297085273721961	0.16882999147784483	-0.6686845838438596	-0.41044591301580285	0.269407938836705	-0.06562003598040973	0.26448704532488415	0.020817715156489187	0.07072232398396738	-0.5699800872742113	-0.02819149628445394	0.10109917852728703	-0.34787026658982995	-0.771311504919454	-0.7077852880052188	0.15267565415247147	-0.45594475453377753	0.24738667666240025	0.37836628500617253	0.10458459492687529	-0.22104858266981187
DTXSID7052446	-2.7254041510285028	0.8384050278674858	-0.6246831201104364	1.959467268797646	-2.680950663500319	0.9475253299951565	-4.362687464239623	-5.4472437137467375	-2.5835408768632067	-0.7952617485207679	-7.787779495625022	-0.46867020412208865	8.462983659853762	0.08865079166296579	1.245294462738283	-0.9825276762474278	-2.6998339760105203	-0.011059283129182989	-0.5543359226462002	0.8848574034089716	0.22834454500266074	1.378340554420554	0.25374920480938057	-1.1640594704464542	1.9217750565771152	0.22809421975607722	-0.44900913474071097	-0.36236538280352637	-0.41966518925794755	-0.40850314811866784	-0.9319862243311076	0.33115119325885	0.23908287856268057	0.6090091779310596	-0.10571326721404964	0.44307682595182923	-1.5552980171106108	0.3307002414770285	-0.5294994474448612	0.06279012637051012	0.14750678311189863	-0.10477074779960324	-0.10725806312264838	-0.02402165644631387	0.2354363380950675	0.10959250731404087	0.17436416354572407	-0.1240693648108313	-0.24167777441102783	0.19917985741844763	-0.17980608652823826	-0.6619962968165933	0.46055523068078985	0.0589837926331969	-0.035779725671580005	0.4767329265870027	-0.07173124896327567	0.16248390006960553	-0.3717194617138738	-0.3425561403064781	0.07178643086863064	0.1660966510548803	0.18173169850131662	0.9046891669723818	0.014835824225252097	-1.4163583580139887	0.0539382291404753	0.2194823383803715	-0.11235418199678995	-0.4163492782296345	-0.17435485989389202	-0.320399667662769	-0.020888723091595382	0.11225699658941385	0.1496924821722732	-0.3648802590311508	0.5971249402622407	-1.045577881568855	-0.02251573015379676	-0.1333717740747656	-0.3431633452646934	-0.06058292274055225	-0.6009833606427687	-0.44514300890350444	0.28465161233173186	0.28793603320373135	0.044661761009729954	0.03530751325849105	-0.08944443006486892	-0.18342499616903246	-0.5226081492585513	-0.2370267503558168	-0.17237981289613916	0.2622823956201919	-0.12931276208226475	-0.3285455793690093	0.4837623866467883	0.15657608253041372	0.32423369494019444	-0.05328505129688885
DTXSID3020128	-0.021871453499376504	-3.2029506461601667	-2.2006873330450363	0.14232084271817244	4.788090829968354	-1.170499500168646	-0.6376008164095195	1.4683688814480707	0.6649567374040447	-0.1744154985334911	-2.963857490228221	-1.3654746176428667	-1.1162087000302832	-1.668008165123193	2.168761833041203	1.3911880399823566	2.011723302632786	-2.0264921502328117	-1.5477943069729747	-1.421588753706028	0.22011537259737804	6.094198097830164	0.918615482748076	0.3961231456284298	-1.7599953878051873	-0.5029529710791996	0.03343860453875537	-1.2305108447472761	1.241254303567481	-0.3622217860885444	1.8239023146095068	-3.0537876260385697	2.040473183788605	0.8696037676783556	0.8337975217500152	0.24643953343047784	-0.6810144346368123	0.34084139724434726	1.8793627211959874	-0.6297571146905544	-0.7621142746043219	-3.0902445688439366	1.06242223727532	-2.636343325940118	-1.780663402642497	-0.5085039650209412	-1.3340002734842955	-1.5277029667101738	1.476802527010357	-1.9078979342478144	0.7585668228002886	2.0788942170120905	-1.4154135963861614	0.25563324644575197	-2.1726471045781097	-0.06490403154414782	-1.1669979128066303	-0.8166987886560636	-1.9076418619637596	0.7805001584520758	-2.7159994486134664	0.8897180589955286	-1.6840530049219358	1.4717185531320482	0.2810316188795092	-1.876654962110759	-0.949615111900428	-0.2032473689429523	1.0002036139818022	0.6612928540712039	0.23752405169339622	1.406850990689007	0.016694538610838965	1.335996482737884	1.209929747447103	-0.942221046316929	-1.2727351602908432	0.5243682989487083	-0.08314167708774785	-0.9857959939422938	0.39889776851562225	-0.6278939571836518	-0.2536748849350644	-0.3465150093229512	-0.2761580416991505	0.06548939009680922	0.5160046932102116	-0.3482183307865711	-0.8584908401600956	-0.043718181737857256	-0.8535628888832398	0.7071742475341163	0.19487027350992883	-0.16832335666189688	-0.023770198280655318	0.5768336846405712	0.09124040667059027	0.5280388467971189	-0.24046484251765596	0.3257956589738962
DTXSID0032998	-1.1591793549238034	-2.8309554565224837	-1.2382018665392238	-2.602157415406557	1.6195109768759013	-1.258087019636224	-3.119324355800699	1.7550316068239804	-3.5965110593306653	0.0304393574774685	5.355721487478682	-1.3173276844565442	2.568900660182475	-1.0668603619553514	2.315987017766244	-1.330958986960706	-0.24869433379052322	0.7074907662658618	0.3179093019215192	0.5291905488159224	0.16628507486034172	0.7101142970535976	-1.0866559022669386	-0.9990495258576713	0.805541434300344	1.0192547914394117	0.09283787530643071	0.23336374591997086	-0.6487475787258187	0.5837619411345198	0.20846751753739104	0.4856906311802589	0.07148675201255314	0.9363377509013964	0.5026723682574342	-0.5860614643873157	0.5454933815485024	-0.2815655874655698	1.0053040151393378	0.6328114096644691	-0.9021043761418136	0.060065313385983296	-1.03353707042808	0.21814308585572165	-0.015245779822958001	-0.17904090123409125	0.6974376986250077	-0.6708195221855653	0.13400139440542022	-0.1213874707952497	0.04247629329777336	-0.2706122820177373	-0.043093819722231586	-0.3841022672853267	0.550416376163313	-0.5279526523594414	0.05786137923134504	-1.2443750861937861	-0.27325937597549765	0.3511522301177353	-0.2817125817715095	-0.749964721768918	0.216954759736047	0.5371658493337398	0.11250646566080123	-0.0765395372145	-0.8313169480105798	0.024750645655934253	-0.12430684136412049	0.015794901439302206	-0.17622544364891288	0.3314614920806326	-0.28374797347028874	-0.255554934131446	0.056972430827341936	0.27949195955078393	-0.4956625145399642	0.42019064055639765	-0.5067815399170316	-0.06775472067893484	-0.077926174217089	-0.3430944682141192	-0.7671549184778005	-0.07696267821598238	0.5762332441006717	0.5227966508440149	-0.5221005153101967	-0.5097179088215232	-0.12369799330607001	-0.2030728842952852	0.31872760630148356	0.34864616575521806	-0.058727249536769645	-0.13979178563731962	0.1840980933457926	-0.15699443196663054	0.44492098095223587	0.44106019354849113	0.0029255699419803508	-0.25889082772054084
DTXSID1046186	4.144394223253227	0.06847899105128001	2.2004431431326164	2.4403526662130255	0.875024745886305	-0.8362743157162621	1.9783541622410439	1.3817940247392801	1.700378008077457	-1.6471730305580166	0.27032583466036275	0.7369684574483343	-0.8542068575238023	1.179100768432813	3.0436335343285204	0.5650200064387161	-2.324126943457574	0.4528665663499753	-1.720419214084698	1.5875881926594266	-0.16033731739540094	1.408087737527873	1.759496017964564	-1.646424838509214	2.7949060695251986	2.1307945622123103	3.522202314335939	-1.5587682974031885	0.26365208009124175	-1.2494025944606642	1.7737583340767085	-0.2547132182937055	0.5664989042679989	-4.380001868450661	-1.4471475138631458	-0.11214282562470866	0.2946540492122692	0.11534378283355469	5.040707704315158	-0.040165018384838415	1.277859189573434	-2.1441115070337147	-0.3490719133384015	-0.840092884161657	-0.43563158764286886	-1.5593231122586335	-1.1578427556660638	1.3843358745624736	-0.5283572938480504	-0.6377362909377522	-0.15834674741311353	-0.9693430243003589	-0.2739951135990204	0.6618100506493094	-1.0582269863455993	1.8380553279077736	1.1030573265850043	1.759596018248157	0.05625515510895414	-1.1073378683060044	4.799715709457632	-0.6354010981911348	3.382271604233234	-2.081598071949432	-2.201464866073021	0.5536889077960256	0.7662860560571244	2.140051502676883	-2.0800830646739397	-1.6072610753224252	0.031871032128266856	-2.774238583646719	1.4074600763825869	-0.22314114673037516	-0.6389557055034443	0.7048517991601605	0.15508958236606238	-0.4303777707031891	0.24663134811964774	0.2700006378176645	-0.2851128011012891	1.6771342921350059	-1.4795530169670725	-0.28721052618341586	0.6642356203808394	0.6018159975909085	-0.18826035567595184	-1.4205550819086765	0.5649043281632451	0.44536229989198783	0.957648368673766	-0.25711196356672317	-0.7322620098746714	-0.2840788388836038	0.4795902258912782	0.9762419672380829	0.15971040452877971	-0.37868043207271956	0.8284192839959362	0.37180794531375927
DTXSID2057603	11.59400110179874	-0.19764848853839456	-0.4260112756632867	3.2840245237228114	4.223204079381538	-4.540978152347218	1.8894979207069544	4.720850383886935	3.2870204542055266	0.5569064432318073	1.0087544393290107	-0.343250064940615	1.4581084919918994	0.27295422894976373	8.807158258488581	-1.3477470586397715	-4.343076643265675	-0.23582991090501643	0.06300949812214682	5.824036156901161	4.7033369989717535	-0.608382344288006	3.27511323077324	1.2346547470912317	-0.0752316139578305	0.5039531295938586	-3.3544096756768935	-1.8200196366199932	-1.5226666662929138	-0.366935309010342	-0.29868889167160245	-0.6764939740290492	-1.2721630606774978	-0.7034178282044309	1.89873538489845	-0.12350552632224705	2.1897683176363425	-0.9774613693545402	-0.4527855671201809	-0.09584122532169394	0.7527341096311291	0.9424387810064686	-1.1051336781594043	0.5845424674992414	1.3211899470276314	0.35130879480989646	1.0521962327565046	-0.24271809233509964	0.3495535077546914	0.008417469983691153	0.034567585773341736	0.45626923513196904	-0.5045657185612835	0.37268252165335775	1.0697114117450872	-2.750810603668988	-0.6895120031456464	0.6723940593046306	-1.1983938352951755	2.27779586846909	-0.6275883128479229	1.6988035904417627	-2.5407088021837705	0.9338027406708629	-1.152685576915021	-1.2186530007479512	0.8584765811345278	0.8086989042856904	-0.4016765046718019	-2.106863710817377	4.517993513527398	2.219260154730486	-1.233716375799937	-3.6645512548931283	0.7028826744453105	-1.7000014515178892	-0.16338963085789146	-2.3460246919309258	-1.2577573699284665	0.6509235367982479	1.830680271095103	-0.8503324470016498	-1.6201083390735276	1.9091284034919427	1.2306693290984563	-1.5854865357411192	0.0862217150597905	-0.9880950429800199	-0.5906324566043557	0.6137190426374548	0.6776067779751918	-0.3289871114862068	1.267030707230012	-0.5531521756560489	-0.9279287424740129	0.903330562936532	-0.10082396720317648	0.8220225084499952	0.18944076971840387	-1.1771821014971695
DTXSID7052319	-3.608332021059862	0.1168199965131662	-2.7217267272986465	1.2816738458355719	1.0422184730969133	1.1275461350944629	-0.487561421943412	-0.5516016880895499	-0.5931440743766554	2.9165567999185087	0.5798272555212205	4.459204918069258	-0.7617059501245605	-0.01564297028092765	-0.631862120968249	-2.1393030848926484	-0.5876165166908613	-0.6038940023788276	0.43009685588356733	-0.14599096313437976	-0.0035045998051403747	0.11921356561072749	1.000546435788231	0.22633046415778985	-0.5763920799758481	-0.3384061657262437	0.1958097461194109	-0.8579847352355416	-0.2645965303231316	0.425573781200208	0.1333941828117787	0.18034816648514884	0.5072511719731094	-0.3946016987121171	-0.5369302868179597	-0.3694401572136783	0.027979500124907925	0.1976937223716916	-0.02842525305811238	0.11708357010148084	-0.2914697913840438	0.34380677239617985	0.22106760791624944	-0.0829236475269695	0.12466775721848847	-0.12633107202350555	0.26868819724299464	-0.055851450272505036	-0.25545533615496596	-0.07590670360358368	-0.1072712070607621	0.04016162920393886	0.0009766267237759083	-0.0544172118758923	-0.341267865947552	0.17536826927014143	0.22596060030195828	-0.33759071444171235	-0.39027260715331197	0.10570680224582898	0.6529375921211689	-0.35625320973550534	-0.14888648906613522	-0.06692987288282193	0.46855221782249323	0.1329725512972286	0.011566580053535332	-0.1373329101628132	0.30928769456398164	0.12023232064630349	0.03865141036414154	0.0611130890461359	0.10623407119710583	-0.16343213897737838	-0.5804001505475784	-0.34209987747176857	-0.2661238097074449	0.2812869919101699	0.2241991955610996	0.3353226592639462	0.37276268669342977	0.43493577314953635	-0.0031139791436654795	-0.7630826752929051	0.2868110129914911	-0.7160607418232046	-1.245952906225441	0.2330441746740561	-1.5084135088200754	-0.9259972025551508	0.16612473031746802	-0.39615344610256414	-0.16151886127360573	-0.7152769820903158	-0.01906465886446363	0.3802094898786181	-0.06007149025963086	-0.1952639818717219	0.2276261037885541	0.47855859810840307
DTXSID4041527	-1.9921911892877444	-3.1122769514295983	2.288883981110075	0.7999669346596399	0.6396547592051866	-0.3009635190864818	0.2019768080729539	0.6092761938595872	1.2539302099544982	0.043734944301297055	-0.4133552081648177	-0.604806904260738	-0.34227410194460234	-0.22575031476049062	0.9814452169317263	1.040435289658186	-2.4858101575409113	0.05584029652463104	-1.0036851976368593	2.944720721403629	2.246559118684187	-0.3235363984196083	0.8348056231255232	-1.0151319207541147	1.407202104860903	-0.0008731905557944718	-0.7496348653228408	-1.9508503907917771	0.2038564113360382	0.9173298056461355	0.7197863802461181	0.15280429994824846	0.08169531874770233	-0.3288859409687711	0.8020237296873156	1.1015239522017037	1.5301024750046555	-0.06887383884675607	-0.4866397075909673	-1.1854047928633538	0.7986341765574164	-0.09710082543871236	-0.8482875901716012	-0.9645234049156713	-0.21436444413749717	0.7020981038597577	-0.12490913466501524	0.6912968257552172	-0.1001999002810182	0.02701230560976133	-0.09392602895016804	0.4614985231184715	-0.5435832183562689	0.6599058164804994	0.944593917737124	-1.1717469234921305	0.6391329321684727	0.43317938275657164	-0.6503353004998105	1.3146698648955701	-0.6809862691751093	1.0290530525517172	-0.665971431676292	0.17780296983006932	-1.0205543066645129	-0.4592813479803502	0.8501098997773446	0.6036775971361783	-0.22858783894430504	-0.10880350025486193	1.1379772590185777	0.5458888915233274	0.6686776602101588	-1.7665355066963353	-0.024778896241908887	0.560461565898073	0.2015133589952911	-0.8478232080764003	-1.3580199398330628	-1.0648718791440053	0.5679325839130965	-1.3221556047606475	-0.9731028310329511	1.338717136101801	1.4901578577100327	-3.1102509178333118	-0.7287655654272721	-1.9309596608878963	0.11398586546371561	0.2617568662952115	1.2442451668999968	0.3144734877137818	0.6386483301058258	-0.2842046678212945	-0.38663073021521205	-0.2913625940947495	-0.17181957182090382	0.002358865099493504	0.021817072291366736	0.41160433983776945
DTXSID6046139	-0.31119590437690436	1.4597681228566681	0.5862955812941741	0.19791813481862783	-2.694650235258977	-2.228678336082208	-0.5542989599547997	-0.01866721838775636	0.35830455907177383	-1.4083882102214245	-1.3659599837759113	0.32335252255980135	0.10928945327318212	3.4015094396838643	2.439267771531914	1.4538500330216062	-0.9559009576043762	2.115552187820734	0.7079069828350836	-0.3946280994829123	-0.30055022796354264	-0.628057418510224	-1.0577573113447831	1.3698838643159827	-0.3411498291292016	-0.6004838401345512	2.230188241545333	0.6329685867044703	-0.17556314563083308	0.557943006454891	-0.9683012534782908	-2.1251116259921825	1.2772265746668607	1.1147711109731548	0.3445476315271341	-0.6353362989647267	-0.3205827820984852	-1.077793415785749	0.1188404677925427	0.6043766448655195	-0.5414880304198776	0.2154805682730236	0.626372636234385	-1.649489401773257	0.585275685125808	-0.672540236690274	-0.5024034137452779	0.0397965246222214	0.29787770987110596	-0.3955515190831004	0.11186692729677243	-0.403974519267007	0.5832266184509097	0.026972829644164024	0.2254409454383108	0.8501474422064446	0.4040632091575155	0.9774077049335366	1.4062073717667636	0.723262115471119	-1.0708146289603067	-1.1348560296575325	0.6500746955914863	-1.8963192117294505	0.39588352628288886	1.9599029379246913	-0.07608671687631208	-1.6487358311501554	-0.1294864766265482	0.5444219661941165	1.8350560197337122	1.204792073024921	-0.6659075689423524	-2.78680680961171	0.21251369500679562	-1.0484284464334126	0.16063247093659888	-0.3279075082107613	0.13255736035764873	0.828764462750844	0.761460100327631	0.2227515678070445	0.08614494598111817	0.739347382287775	0.21517970148093937	0.16805576291506535	0.24532451401644795	0.9960407796894181	0.4399403470737171	0.5632854579412719	-0.36502063374423505	0.38755295504430054	0.8129819942770231	0.6644297063617731	0.4703351551733783	0.36625120527043875	-0.548395388300141	-0.5690426665445784	0.17173804029046164	-0.01000766719139133
DTXSID6024882	5.0968915572516265	-3.8489100380280026	1.9456526008342656	3.3408381920551267	6.994366102921227	-0.46537001306945863	-0.6669139045484207	3.4437908894254825	2.332933320462333	0.20000276733342248	-2.576114793269367	-0.9873699617584611	0.40107460048236176	-1.3283489890899414	1.0663433920216745	0.6683195659533712	-2.1145479911486444	-0.2199645973565801	-0.9054565297280517	2.8159213119320925	0.06671340941374368	-0.3419419364779504	-0.2371082572194643	-0.27275793171258605	-0.15376276980768058	1.130694449121817	-0.8341321710479135	-2.6160860693111023	-0.5776284494381788	0.2490792028795028	-0.38401898391698863	0.11348859383354216	-0.4572319783633396	-0.7142380234392715	1.7271668075370552	1.4372855962990676	2.023945430348712	0.5490452197550959	-0.08277956054530694	-0.11738754227910705	0.9153162858467827	1.4965022021665975	-0.51625294774267	0.35966568594311454	-0.46857466339915615	0.2080921997894372	-0.40873507096906964	-0.48405217186477545	-0.087440809062854	-0.01960250108149501	0.35706927292427765	0.35970893583367053	-0.5468948264644888	0.58063742549714	-0.3681457573173209	-0.9234597253329895	0.6848378338821522	0.8291627156527489	-0.9240974726402065	1.3995462485430323	-0.5305639529184278	1.9043184513491862	-0.940097937352984	-0.4503289381676896	-0.6860144621501173	-0.32912943519435917	0.3339168959407156	1.5564711998358498	0.6145373373144453	-0.7939498452857704	0.8542124409388566	0.7098220601844574	-0.11054609395849019	-0.8212094722688354	0.5219099660090105	-1.1483546887103318	-0.5714029489155799	0.6295992511352176	-2.013511686680763	-0.382075558022764	1.0951731868138872	-2.0690806681940446	-0.17334559112830636	1.8044005126062022	-0.37705627125739183	-3.178549248834952	-0.6831128903151013	-1.369939284884117	-1.0080602016756204	-1.0856017820749464	0.8691324907421757	0.05770162223933713	0.638849614238663	2.199908830081954	0.3905343863752264	-1.8271766320247431	-0.04018663481624605	0.06997659426467136	-0.9688494478120754	-0.3585698287796418
DTXSID7021499	-6.6614905047074275	-2.639946016138419	1.8583703567725496	-1.1643871070280385	-1.0288459407914017	1.153870572925361	0.3128935490154513	0.3567618924481014	0.3345828500343228	-0.028711790094160458	-0.3414177039469512	-0.15300910378284882	0.3212117862585115	-0.5666094173760788	0.24364015317659893	-0.14460966399910444	0.3141451552486008	0.06637971661910207	0.06686312315609719	-0.6609433096261897	0.08121718559695915	-0.2418671719815645	0.9130147317151073	-0.30593674556044387	0.0066839731772250785	-0.084505167803543	0.2769318831146689	-0.08942941445928035	0.018783033464151624	-0.07601236126729206	0.32975057743669206	0.4587924452969757	0.5434524415705437	-0.1307174721722071	-0.2769838394815075	-0.31597274252062146	-0.022448187945794108	0.1291721092656021	-0.40083460125528103	-0.48548192001380214	0.10744720645814478	0.24990208352130638	-0.5663349432084643	-0.18845921227634316	-0.2878045753238114	0.2086228949675903	0.17163788989282555	-0.1676197981297061	0.05717630865256764	-0.17499564915465562	0.07243353881746213	-0.08195898565526297	0.007067107214560843	0.09216219735208778	0.029216788439514554	-0.007091627723734928	0.30386314226001376	0.3895219384897081	-0.29881073813195635	0.13507782379325553	-0.11152397521562472	0.030934913234100855	0.19618337943750658	-0.6126683701890534	-0.37100909198428905	0.0529943830696733	-0.3289695511551318	0.08140499061464439	-0.23881846991631026	0.9195011578663606	-0.0666470514062001	0.1528731623719278	0.6826994633486223	-0.42707276463102933	-0.39509469736501557	0.035274982952831324	-0.7375493064555265	-0.05114704323760147	-0.3647220035795759	-0.015264837220680814	-0.018800645394608767	-0.8600100318182895	-0.20276046945769924	-0.5186603826046321	0.09204806474171873	0.15426321577023347	-0.17311108582885965	-0.3209025375815816	-0.16078359193942207	0.09000151496292336	-0.2577457790972819	0.4941298503342376	0.14737097402947896	-0.17263221199372347	0.16797437455711786	0.03803247174373993	0.22414294890336695	0.2942779558398914	-0.18604874826344237	-0.0726361267593331
DTXSID9021924	-6.690794781318538	-0.3643534549099751	-0.5409471061608366	0.9795666137329675	-0.44269863277426086	-0.07530429363445354	0.9315977493284715	-0.7880982611036387	0.26278766926134545	-1.4449585081114285	0.863576932502045	-0.39243464073845086	-0.4608013796862953	-0.7765981743326009	-0.5889824477071102	0.6196480525170491	-1.1068729105931827	-0.11332257320696006	-0.7121641466677662	1.2949947297232673	-1.3886642342667548	-0.05310885121412872	-0.7197103880484708	-0.6306022947924075	1.2686218689414186	-1.421633673068036	-0.5068780910711971	0.19075750128944907	1.052080759573179	-0.742861458241504	1.4622293574364045	-0.8057812508946481	-0.8142474020843863	0.007038583544890071	0.2005266426268235	-0.45748481146623965	-0.05893952543954358	-0.16308302716688716	-1.0799350682232312	0.48470110731271704	0.3638672265780716	-0.49155624548381166	0.8130344101331076	1.0182090590185426	-0.4373935672773782	-0.04408211624445773	-0.06702995437487844	-0.3801130247284291	0.4778233396964082	0.42712968313031763	0.07162180038544051	-0.6090042998623458	-0.25599296883311135	-0.28917977402968503	-0.33824211862892595	-0.5473095950463907	0.043732875274355786	-0.5928885864735519	0.13525571413326765	-0.624083033962076	-0.5813977979203523	-0.45777575354278427	0.6610470297977463	0.2503900475701342	-0.32490506959200394	0.43443877161920097	-0.21194302460886863	-0.07742177059096318	0.09260124755655288	-0.6630464378431522	0.10898920891708626	0.19472776096764335	0.05228771986320686	0.36518245433814867	0.18681099638003013	-0.20578792579221117	0.08943007518691842	-0.4383315115644846	-0.4649693260733096	-0.1252626946618141	0.1500334933180873	-0.4926009257219003	-0.05540058148791647	0.08875544740713906	0.3068547078127215	0.3381941754140055	-0.19568327545212988	-0.024961899716339126	-0.20533803908536477	-0.0821891345700307	-0.21121300628104447	-0.3409175554717371	-0.45093375789408047	-0.5438104236305071	-0.133571906938748	-0.35591673562807297	0.11159209135721097	0.08625779088515817	0.35594835498630467	-0.01874596179566799
DTXSID8031603	0.644221275496386	-1.9931314357057568	0.526922815025593	0.3323704763785692	3.914363491316168	-0.1739584203630275	1.83546602257815	3.1722763889291246	1.7057473658299536	1.5025703511292288	-2.258849541818546	-0.14052598677577785	1.9335989985742696	-0.6636086866158267	1.9875376876342146	0.5831040123709701	-0.05819953270327394	0.11414780294110825	0.16904150199233714	-1.437467472403395	-2.279125387206623	-0.8003347671396508	0.09683952166331097	0.1544871660433584	-1.8748232071981705	0.22519120614110927	0.07770047064087526	3.538618346393328	1.787993733911119	-1.7017553533328602	-0.7109635317838066	0.2180438319288359	-1.8383274833244991	-1.4065344581766233	0.4704931532562697	0.9074138291799477	-0.7894040380049939	-3.8227900499891443	-2.244110658966564	0.5545446752664045	-3.8520328173482654	-3.329515188731459	-4.194101612268267	0.024531912630184102	0.33730690165022464	0.09832047433958062	2.774703315236576	6.430449331292876	-0.8102777316639916	-3.709243548671883	-0.9835417395119312	1.9253220636714719	2.6561141624503386	0.2573997576225959	-1.964692350330214	1.7079988084966136	4.817483777682005	-3.3142222092616986	1.3067222091047666	-2.2998768578161837	-1.0549530958119102	2.0987902111461376	-1.5252303180856854	-1.156521903713088	0.7347310194429916	-1.5238528645511673	0.41938485921948077	1.151559692174407	1.2456980333332133	0.1144909128685749	1.869597460958552	-1.783145018949919	-0.2392541367388754	0.16401818783212474	-0.04396633027917914	-0.5202786853747534	0.3028333674846685	-1.0156402801507982	0.24768198352751503	-1.8566020262459868	0.14300326133267743	-0.08688049511418627	0.2259973849261329	1.5043950593781688	-0.40336406148175374	0.889850776465556	-0.44876317769382335	1.1853977689407382	1.0124360133711279	-0.38234560534975265	0.034787751210901066	-0.5026929589327983	1.1565693061707392	-1.0232852397644776	-0.17290763731214648	0.3434297271239465	0.11179448205359398	-0.3553283825495295	-0.6297911032810941	0.49365827930439177
DTXSID8023973	-4.990214584504931	1.0078556010433433	0.5784259842044004	0.04055781927726048	-1.6969851021442595	1.9481312402806512	-0.28843341546548923	1.873176326169252	-0.2792468837582119	-0.22777030687213592	0.15516139569774856	0.20545989386824973	-0.12234071577656677	-0.3515124889053756	0.18015149218574408	0.4632613414907303	0.5354566647600338	-0.18877610236496445	-0.8681501916832209	-0.8184603748295048	-0.06206286578928009	-0.44945272214453985	0.9016581718120878	-0.5257247114432484	0.2501369056676333	1.8447259620556138	-0.6741779302825077	0.6270150815378294	-1.2845959189079303	0.9813509896406656	0.2803765804932491	-1.287883052054217	-0.7547239710885375	-0.33770761661091153	-0.2409806289991557	0.9586559363393041	-0.2303231154980398	-1.6627065338750684	-0.3193633023764195	-0.16135678780977453	-0.29260137073149006	-0.20473365720740164	1.4980916703265945	0.39600210258604274	-0.7664477881475275	1.6829187326949546	0.2802029639539439	-0.12314861417242834	-0.1444032093751966	0.14445114320528069	-0.2158790883656457	0.04963140984821415	0.5481747671423166	-0.06685674873332426	0.34085132207855423	-0.781907880681061	-0.4813755142504002	-0.687083045090035	-1.0783114570298802	-0.42727764257511097	-0.01943073320184061	0.40417143322865545	0.5612552452468715	0.6733259003868889	-0.6573585352991179	1.4593776411539316	-0.9350402972701629	-0.3308601798356285	-0.4092053505838633	0.4931638095727144	-0.2186830303421123	-1.7947939645742295	-1.4607713617632108	-0.0018990530916928577	-0.8865739752746735	-1.0836419499646122	1.1441926126683502	-0.598591608303606	-0.11860494583733752	0.3428927555716826	0.48396890741039406	0.4533102049107592	0.4507983666991716	0.03810127875321385	-0.23526261147640887	-0.10712409657354932	0.014366771952227466	-0.6138320387228406	-0.29376879842206977	0.0829107989602402	0.021440846419873042	-0.4756016248355187	-1.000657812645104	-0.34123068991805167	0.18792875962085778	-0.2746465114010616	-0.13946279186999982	-0.3323003204912127	-0.18694280933728907	-0.11486958007962775
DTXSID1021168	4.26149825980576	1.3995771554220335	3.251311340503311	-1.311530240919152	-1.8926477817279392	-1.7645229857117113	0.6640627423127278	-0.4074188595272947	0.18622781088739135	-0.8897230779132914	-1.5515773517010938	0.48142940755015967	0.7004290875330869	0.40084494846388874	0.17337169971922073	-1.0424163996286804	1.214476785145616	0.40262403550145914	0.8255374384834913	-0.12590427612459457	0.013017013280646837	-0.018229507211453028	0.5272832993780239	0.27688968855640417	0.6428395171306245	0.9931617046598652	2.5623577211100104	-0.9719790541640209	0.10856215032312301	0.5722648474842114	0.6075394120105629	-1.6151918306430493	-0.11463506301817086	0.4030949985765242	0.3929743661619815	-1.6110489154224557	0.9179153504688188	0.30088126530827713	0.21670985815847083	-0.37984197812119314	0.719795128447821	0.7686974775626929	0.04021168341021905	-0.10871081128656379	0.031566848779006985	0.050376724592932444	0.32891093376025493	-0.1419195273520323	-0.18917930001078895	-0.26868429023269474	0.42309324023656214	0.038379562477445915	0.406755513197384	0.05303655405105318	0.03951308042828793	-0.5044836295080369	0.6618403828477576	-0.062439554810159635	0.8792938639694838	0.3130174476865386	0.08075224669654606	0.4966237403134883	-0.8108568472898119	-1.582349600571705	0.398980983404594	1.2254611062512115	-0.9186000705773771	0.44551931864469513	-0.9931284444194663	1.0108447008383998	0.7524873131161548	-0.6434453307399732	0.6919340411680012	-0.4585598032712495	0.4614254881846551	0.6105051767144382	-1.6337531386606106	0.41626466356105346	-0.2268143951785215	0.6570181294277602	0.5883910499681099	-0.4311736708216991	1.2195367951265355	-0.030445268268264374	-0.4742100636476768	0.16263650899553828	1.1967259724880945	1.0577119630486538	1.0098747444359952	-1.074058719051355	0.05865245846912264	-1.422921206965624	-0.6023114451375111	-0.6174433592085514	-0.557104674428839	0.560437617776898	-1.0059450642359447	0.2528804620612716	0.39017545314878344	-0.30399083011756833
DTXSID6044353	-3.160098947019171	0.20239131346761768	0.6955989750152076	0.40543405388531406	0.28144383144637164	-0.7713520452426883	-1.6655739923982467	-0.027354180480502508	0.4115385946176239	-1.8070782802367522	-0.0019905738555244658	-0.060408074014776506	-1.3224594866303185	1.2862289422843265	-0.3719827046442668	0.09549562944859655	0.6321264514594024	-0.1616998171992765	0.2779882844621778	-0.7307588939210411	0.4358892444649518	-0.3070529772525624	0.6041795029397472	0.18291202077165458	0.03935636854165188	0.45668797833713093	-0.5160271393494471	-0.09177707173561883	-0.17750325852384854	-0.4464667316713475	-0.6651690288624278	0.010707572725880549	-0.7624164331947708	-0.2487495344482694	0.3036298758609082	-0.1706793719691286	0.10973231894061516	0.4286084436988269	-0.05418272766881302	0.4947185331943211	-0.36365836159889153	0.28726897296785425	0.054109373320123944	0.2580282095181236	-0.43786864835929473	-0.2978543509197688	0.05694495228560753	-0.641602515155169	-0.12343919401416155	0.1699490438373974	0.11307899087961717	0.03822576718066909	0.2550586417546641	-0.4451781402502857	-0.2712366312147568	-0.2580868882767928	-0.10212544708361984	-0.15892534077379436	0.09985568967442901	-0.12375384289726737	0.4689252950491274	0.31226574594174533	0.14717724002991123	0.4851485040118436	0.31059104901179807	-0.23888823480968488	0.38592860449631483	-0.7672726286791051	0.6651899268612849	0.0640961359407759	-0.01933083092118248	-0.28607792164950063	0.1085412787156342	0.509940994282202	-0.6795783950530037	0.33871410103550265	-0.07650999185330613	1.0073597511147794	-0.32445234849608956	-0.04095923394181331	0.4498717569723419	-0.06672621582262332	-0.15897557767376322	0.36953264657237517	0.2247831338508215	0.17588326179131045	-0.17782879951249025	-0.07609324850490393	0.10338649639281103	-0.03711603245964733	0.28470133462315655	-0.07093142319408825	0.030385238111067407	-0.4580984049909102	0.009701617273635287	-0.186323322656316	0.08784896780418314	0.06832423822329542	-0.25044573645415913	0.1359729012623878
DTXSID3021140	-3.923768869018623	1.6028054729664185	-3.1278803546630836	0.5010494238022062	-2.1459533337574648	0.7964235385556022	-1.0256116229863605	1.1857173841376234	0.01149849349494912	6.0019547556366515	0.5189140954594479	-1.5300712298859926	-1.6175290632718957	2.1911866240630604	-2.118475999100351	-1.7882163269229523	-1.371846114446598	-0.7023869760284672	1.2513723142523374	1.4274745085624747	-0.9208765440866745	1.1705015024364842	0.15579608722254412	-0.061468562142127564	-0.21074840480513787	1.0395010700146232	0.219316420600211	0.7596579030685907	-0.3693909382093526	0.8627652420935459	-1.2196017767004257	-0.7301619587296919	0.5546781910198201	-0.13789183696011506	0.6650232614966499	2.052125092043051	-0.16824967873886343	-0.28332107346655544	-0.815323200861561	0.22152616034126518	0.03184219454299719	-0.8435017351111601	0.8328379400820152	0.0366067130225313	1.058180108630387	-1.0232634093309854	0.6766162755090424	-0.3344772921423982	0.0018186044910118953	-0.47147381525820253	-0.244423362388839	-0.3575106024858681	0.7275361775984038	-0.2850689434069581	-1.2106564720388024	1.220105247547278	-0.7958493000449316	0.0655672613559852	0.26573820842111523	0.11518057364405494	-1.1180127571625509	-0.9790370923659586	1.691790709873521	0.6740303522851592	0.09484970138564626	0.2102837127752476	-0.13189462571026772	0.040283056931997525	0.34757208280685137	0.42830986538913635	-0.7678423298668705	0.4967176754444821	0.13165735817246005	-2.419037765939691	-0.0745575632693517	-0.19281394012741318	0.36260338368729883	0.14993651749130169	0.8202147472118579	-0.9418185245765981	-0.04192056357230735	-0.9739794508867059	-0.8352336044256874	0.7857146860099417	-0.5546849176876271	-0.0753330793312076	-0.5286745549523507	0.19370120940892047	-0.0009902085576834231	0.10158013742801736	0.3208895180713858	0.8856108865171152	-0.8758021672604832	-0.25003058307121306	0.6239940207480523	-0.3656473056968164	0.5857313625081019	0.4399181822708108	-0.7019864511690582	-0.1426065581951164
DTXSID3023681	7.062088883145268	4.217509647519639	-0.07405441446682591	1.4961404840349177	-3.903354065270606	-1.9037882279026992	-1.3063110144815064	0.18152399524944132	-1.4796760670996836	-2.4901444900082277	-2.9467764149111173	1.4071383167885236	0.22889916405267946	6.840981580956581	2.104065062704523	0.4176064366601377	-0.4914633101955848	1.0498357901396542	3.0560973159924356	0.08208647692884223	-0.6203733076345979	-1.0961421185940166	-4.571908520828604	2.097047792007529	0.01821423771105095	-1.7624930118953646	3.450807582669403	0.6105057504615675	0.38204600908840425	2.3771412124104456	1.0321007684730408	-2.2273616788326454	3.5703682788750224	2.864387072147761	0.5835974549878735	0.07126503269931082	1.3676950626138114	-3.2130991794689203	1.4317142971959915	-0.5919603635920078	-0.8461221051003367	0.017423542731853328	-0.32098930008893034	0.18511923337460012	-2.057122168308444	-0.5000414564481701	-0.6115157959974752	-1.1734428453150336	-0.7209133013376557	-2.1905917405934825	0.41597511343362525	-0.34453595035631995	-1.3866159215270215	0.48008802141951473	2.7577619918593506	-2.1369909932925997	-0.0864181940258055	0.47043391913275934	2.298264768263846	-0.8824840725975566	-0.7827765605454117	1.7079858586000287	-1.3539762194233536	-4.291974414171531	-0.5943612098360999	2.5936620188552433	0.22449049242073127	0.6132673198322343	1.0050139126123485	-0.4969883011245706	0.41908238485485805	-3.040742306860774	1.5496883565856234	-1.2150007024694656	1.794822462683771	0.02166431493979806	0.5704644491056196	-1.19656784522685	-0.7842730144932686	0.726975628940916	1.2991268348672098	-0.8158484458455957	-0.18371790708087535	-0.2615793524709163	0.1037377852377539	0.45147219019571205	2.397874942329217	2.35722579828912	-0.7690993807820142	-0.2529157262596077	-0.4579730446463503	0.31563714519562075	0.455177234419169	-0.6045306786413077	0.9030447631970281	0.27893786845903973	-1.4535866775950899	-0.659745808571091	0.15528670567271552	0.38946129742925106
DTXSID8041828	1.3386341596160143	0.4202119595004285	-2.717516438285971	-1.873982363938063	-0.5135508874858714	0.8002821002145644	0.22969346829595588	0.18278040875978296	-1.0365850712712303	0.7428655527059098	-1.5259022648037948	-0.6119395249336855	-1.1649364976457406	0.35761295147917854	0.019861689578074476	-1.773033343334226	1.9568032782775708	0.9960235985673915	-1.9663016439488374	-0.0269823765741521	2.0519136327229184	-0.5274663441779458	-2.059295387493302	0.8096320083672692	0.8806045732165028	0.7525360047199898	1.3808348471880807	0.09917961104564346	-0.7602493974288703	0.2822324331158213	-0.4301621790698127	-0.6949837880902431	-0.4420110370948727	-0.22330236801276393	0.10944167814125585	-2.010657224510512	-0.21756521486015795	-0.8106527513344737	1.0072609200518527	0.30159845572080834	1.2152739104350938	1.4311055265339405	0.2454402075558429	0.8360609320624599	-0.5450870528341623	-0.13139168837275353	-0.4848232089882463	0.31660666630086187	-0.247237390081906	-0.24600468043772228	0.2612280574549878	-0.4378206818401415	0.6042190457953307	0.4481991601316121	-0.39670033758453077	-1.4018001983910082	0.8729978336580374	-0.5346370291497063	0.5930102026898534	-1.1619593071208034	-0.1268803248112933	0.1170357974459698	-0.9154440035080602	0.3459350227268999	0.4196739361713565	-0.2405224078366873	-0.07967835870178915	0.3838498135475306	-1.9037708102833566	-0.5636277391592014	-0.06531286309642992	0.6823061516678836	-0.26261111119970254	0.03623865236834332	0.16810307547821257	0.8717458258789569	-1.1712916334789256	0.2413326093177985	0.09439046174544365	0.13320001110280674	-0.01844167836989043	0.06100279560917284	0.9288448849894425	0.2093045170925751	-1.0484046613898945	-0.31682673550580037	-1.2738030157666462	-1.2191266940905048	0.832886216047914	-1.4690806070435323	0.9175924677012496	-0.09960984563211978	-0.29518566349502473	0.6238367030719175	-0.37227413606351634	0.07732517998763178	-0.6022659941194112	-0.5571456474567125	-0.5340476886345045	0.29000047082275304
DTXSID1048209	-3.1323015204405706	0.6583372511040874	2.285972100128489	0.9994528997856544	0.8343818202522668	0.3217501347182759	-1.799823591449554	-0.49378343411568043	0.8272309936063983	-0.886368636167689	0.6949625489486114	-0.45618313059026916	-1.013013327539447	0.1206549263252052	-1.1949435874062297	1.7080000565947646	-0.7051743520886418	0.2778662964705129	-1.733303711893889	0.6382875768522001	0.017201502165888147	-0.3314130181793284	0.6133827167439483	-0.6005469223011692	0.5128048555608864	0.9096562721888121	0.7904610229528127	-1.287374343196506	-0.16468325313604282	0.36979158307984705	-0.3850703589533787	0.14524181770150654	-0.6964045739710534	0.4130018983433464	1.0041767312570147	0.41119979254077416	0.3730852115748931	0.4265526255518385	-0.43596213276473755	0.22654756878465473	-0.05842552277593623	-0.271335320712898	-0.09054070619147808	-1.3395864970568443	-0.2984672552434802	-0.05453464496531726	-0.40641457875763237	0.05055758342401896	-0.3106906990363346	0.0056012375919603655	0.09455258670216204	0.26953647299389144	0.028522528133997267	-0.10336731933834188	0.18855706405856915	-0.2351016861465791	0.5576644429062264	0.15941597683962228	0.3650370442453437	-0.22567864165108434	0.15374183035272235	-0.34195695834289513	-0.2534519587818516	-0.08576732823451445	0.3637795165342065	1.1572704509017067	0.21975495969712852	-0.2686821875806791	0.6816153584955387	0.3507526448036668	-0.08665351327925787	-0.8532543158559416	1.1615453921949914	0.3421962954398244	0.2585914135309182	0.2059196686875834	0.26841371897905303	0.10703758461805685	-0.02665232847299072	-0.355117949853652	0.4635295905411233	-0.08837847081652353	-0.0837660335600908	-0.15121235174924635	0.32965780152404695	0.10806271236115664	-0.3240415911621654	-0.8207829321605996	-0.5910805665501817	-0.03292924855916719	-0.844374635945898	0.029758022583588412	0.6512339693787038	0.13732889814771962	-0.1584733251986001	-0.3600889678371965	-0.25431206869513917	0.004007438310909937	0.10136011069415428	-0.3693144526396034
DTXSID8046165	-2.921518699747478	1.759456243560646	-2.336101624930138	1.4539174815785825	0.10131964824919774	0.1442566570694775	0.9015616983971831	-1.6578530975989574	0.5458423635456165	-0.9289823574326187	0.4832602791372649	0.37277404583147605	-0.7248522722389503	-0.7733715147715635	-0.783355499674396	0.6203349821186139	-0.5522100923506453	0.34670458024033607	-0.24379682413946774	0.9792896647149759	-0.37316842160186364	0.5612138354911073	-2.1492475045106687	0.03797612245975043	0.18517686760249255	0.0385050998091056	0.12880386577450018	0.5434047772356325	0.5056777263237643	0.334873146929508	1.6778723106385287	-0.8731745505157121	-0.7219242317339897	-0.5728196897932195	0.943479797002017	0.8424946246705746	-0.3592449324315421	-0.30093648595916633	0.23509831169712006	0.2701999892545246	-0.2894356398938188	1.0145889085078508	-0.9256562669610157	0.7951798920565722	1.1170726339887849	0.03582225044243992	0.1304920383130625	-0.8370171339540782	-0.13949046929138093	0.4246315341455817	0.25257280239529095	-0.3438077368130884	0.20275456938658126	0.42403374004045574	-1.647177065094995	0.4909279929261813	-0.6677849496148619	0.5967732516990751	-0.14531991066737787	1.2489762997925082	-1.569202172179684	0.25842747896598234	1.4635980694653516	0.2039307180308394	-0.4302629606908082	-0.37990042055347334	-1.1060852108738415	-1.049828267581911	-0.9148182534953089	0.4603929496389524	-0.4943128737244551	1.5795573907600762	-0.12352326235613138	-0.5251496262566953	1.4083914149933312	-1.5274038553408562	0.06650510671327284	-0.03316790926757011	0.7844947304968624	0.08959141019189562	-0.3690435968262785	-0.2826108758789152	0.14207465472989553	-0.950596308577871	-0.934000209236475	-1.6018142958854316	-0.7673351787497785	0.27774486643566004	0.5936468891373912	1.604416942084219	-1.1803328414438712	1.5546830961409128	-0.4015874920018806	-0.7320292007863113	-0.8287882864969054	1.3324620893619463	-0.2513296694958726	0.12346851690385979	-0.9693489120213894	-0.07385417027327432
DTXSID2046418	0.5975886070188118	-3.7255289537803518	-3.3713735219101317	-1.50008989707602	1.1770167935969913	-1.7920228092548374	-3.2260149474541326	1.3108505488102185	-4.040638113556619	3.5043790436032074	5.480026063420289	-2.3536386545448327	2.3776799051677364	-0.537727369377891	1.1364294234551509	-2.328921037048624	-0.11214355421449375	0.2769220457162465	0.5208225726110343	0.5545472832040043	-0.5642052717567454	1.0842521317831717	-0.26153873180681786	-1.190581484813741	0.2223395514469507	0.7453696478821834	-0.21217776653002526	-0.4332178511338381	-1.0395519453401465	0.5518164297807582	-0.34406133267954425	0.5843669748898697	0.011680319824806933	1.8545654101646485	0.39019144901000574	-1.8580015072606966	0.6360484569954751	-0.6280859511938373	1.0790800946234453	0.3254404551438011	-0.7102596633923751	-0.16612494921854284	-0.7086248326422236	0.050663067573344815	-0.45479014769501847	-0.21733893127578563	0.29628837166864946	-0.5814982206231731	-0.006877479394415809	-0.1362386405782693	0.032392598439784565	-0.3199578364358074	-0.14872129590003563	-0.320798731912382	0.4279698403595182	-0.22319988280626962	0.4118215327947857	-1.1796773728377123	-0.40882022573205623	-0.10847658795980213	-0.13817642284961265	-0.3623787275488063	-0.07823098348092623	0.23404548462064972	0.4224087717172385	0.48533451228502605	-1.0266890428242037	0.07621579849947667	-0.9526746060839841	-0.8499029125098064	0.10430356019978632	0.1385952373099859	0.1837520483411203	-0.5850305461043483	-0.4324414518826466	-0.17818063456776484	-0.8068617860541792	-0.339957435164984	0.19247131310559645	-0.19370092345053125	-0.2922548658826785	-0.06004691815144802	0.2988022339653188	0.25073401996363237	-0.33264959338435246	-0.12087684407330183	-1.4798794597418687	-0.9947590751382365	0.25868314109632995	-0.45743312196194397	-0.08227093386181417	0.8722177061076407	1.0696324389628071	0.11432212480761209	1.0916770798100561	-0.2062566742931463	0.504715804592156	0.4770081970464836	1.0215333716586297	-0.8898778832028921
DTXSID1023576	33.8881335270129	-1.137119975308801	-12.246326227376807	5.1686867577287865	-2.6845465249405494	-2.1421041036614183	-12.288596967542206	-6.441134109058575	-4.619013196676412	-3.516877251056338	-0.19181357398128976	-1.4843862066631086	11.92351112050536	-1.037590519670205	-0.08502239980346621	-1.5930815421302904	-2.2736864169402993	1.056690454026354	-4.1806937005443645	0.5662145331493771	0.6302541023766227	0.9636754894495346	-1.8215050849640733	-0.31892189000598054	-2.932334909847581	1.556790001125351	-0.007145872582743224	0.34312681896120834	-0.9541495489079284	-0.7684677923591405	-1.9189219648650508	-0.23630512967977124	0.13450174242161111	-1.9155076509751532	1.2523698916626773	1.4137153933664524	-1.7617127133938892	0.6854471912732522	-1.144487677720211	-2.8258490399913634	3.0409653486551127	2.3864667568382716	3.2315848813827177	0.43978894751595365	0.5642222408134437	0.046805858070412286	-2.999873788489205	1.9179717284562465	-1.5715825771152723	0.2850638602966582	0.5768521679588514	1.2417399470319945	1.096082410653234	1.9917770388148792	-1.4896342553592055	1.6709515599065625	1.7368585223686195	3.0801009658519307	1.0636230317311193	1.7642765463651808	0.41185478348531307	4.557974569301451	-2.7119246908682064	-1.6316057050071202	0.35761531609710806	1.0508559498295722	1.1571089920280144	1.2190648681436858	-0.3579201537606023	-0.6234526810778521	-1.746022598543227	-0.16294103379560007	-1.5132123808196114	2.2836890403702355	-0.5060682850899824	-1.6504302896909449	-3.086173387307701	-1.3444561497064142	-0.04272770034725956	-2.0131920948324518	-1.0593883015208747	-0.24804600555247192	1.785554459425175	0.1831094082498845	-0.05068200056277024	-0.04776960457126298	0.2221165460190368	0.02017971251015718	-1.280023439587363	-1.1210305611677946	-1.4300617645048679	-0.3218948900259051	-1.5776851563893044	-1.7953093404348703	-0.6511809513555986	-0.9420293793863923	-1.0070420534055144	0.394604403519409	1.158399294071809	0.408628289334391
DTXSID6024917	-4.732949272998179	-3.728259053344059	1.1040742797112644	0.25581810128914884	1.186477906544062	0.19883136108524258	-1.342825322371341	-0.41838097506416094	-0.4592717755992501	-0.4232308327661721	-0.3141787193359501	-0.2553850436613568	-0.2970919416897685	0.536776905511073	-0.9612570281361433	0.9307848734507548	-0.5884547961367745	0.46507078529114754	-1.6259591378347558	0.556579934634717	0.5614575485044511	-0.6042608587099418	0.5709684824801565	-0.4658958008164805	0.08087862417475472	0.39074104675203625	0.5169131656130973	-0.7930641771093337	-0.13355758235250131	0.5372250527645108	0.7871085395571966	0.3800465150144792	0.5521245081815669	0.017119629353418965	0.46743988060838393	0.8193234247406966	0.25523464591488065	0.391356539315471	-0.3315163700791548	-0.0951885203791075	0.467404529229903	-0.15079955813167908	-0.5338556289820143	-1.1874612180515298	-0.2992739423372922	0.32540915870536663	-0.16249965209639394	0.3373111265071828	-0.1737587209886362	-0.03644561074140935	-0.09994979841117846	0.17018993520095346	-0.13087857898320596	0.14322602715768157	0.1570160961281051	-0.08784119516505244	0.8351363091093436	0.3005553446789101	-0.3072126565747318	0.07222521216312754	-0.0035781971395616907	-0.3759758694525852	0.05227826868690677	-0.3900284839411111	-0.37466180948892136	0.3991612494407481	0.14368009834908363	0.0030835579775254597	-0.20418354592502516	0.04046152222944278	-0.17021193784151004	0.13938692744831915	0.12163267814361085	-0.22012396412195562	-0.10816961332898845	-0.25964300021539505	-0.20801101660404092	-0.25960537406062345	0.38265613793212794	-1.1277092337133527	-1.0882858648234888	-0.008978681830994803	-0.46127217735374015	-0.006512746946412186	0.4382931049310267	0.1037405411127431	-0.10646454363997535	-1.0846467040804166	-0.1031045286846391	-0.10069092696804438	0.06690789337297028	-0.5152981560504347	-0.079833645702781	0.2186088475638727	-0.07660780393511278	-0.34209624862792	0.07062480322137114	-0.47065927433727767	-0.15811143299534436	0.46629318427203653
DTXSID5041514	-3.250376129636394	-1.5678750119665639	3.5198343684684916	-1.9658413896533886	0.20336514070691314	-1.8335755749121052	-0.4305148760167502	-0.8079005241926138	0.38576595399847047	-0.45900091569449075	0.01958761151990377	0.1221729722727034	0.8868381191047668	-0.672617324725704	-1.6613190694348932	-0.3002259320376612	0.05430309242906655	-0.8495592927792706	-0.3950584934246423	-0.29529508968396223	-0.3633984016691311	-0.0389292053432819	1.9396940489306984	0.021088599413273262	-0.42753936637412093	0.02479112855382863	0.43708154432125923	0.4625036534210277	0.059450814554316556	0.10769575022029013	0.7425952001565252	0.3599151488481266	0.6047206626644223	-0.39004920944133786	-0.7018599779104711	-0.8675013526133488	1.7496015027490428	-1.5639402557053694	0.5736753687371591	0.1140990009458555	-1.3915957179105878	0.3339824756911306	0.5891309180246131	1.9987181591760794	2.6608628317565723	-0.32543699805122844	-1.979071562053676	1.673586731520676	1.1036629927552064	-0.7462375256817092	-0.20292824419351244	1.1514194332153889	-1.3707676269344695	0.22596544946720465	0.12948871496529438	-0.4247832896044513	-1.7540977636288848	0.9870154048439311	0.3136715550146038	-0.18902906975413633	-0.7383501187589891	-0.5208265939844947	0.009869176051033154	0.13286842841292834	0.8504074004621849	0.2238667058151204	-0.5999055665536968	0.5686273675376056	-0.2589709032414668	-0.308111533377123	-0.2587956894840035	0.39659391866421684	-0.4223445978955227	-0.0029218412338156783	0.5298351390912263	0.715307180341403	0.20722244096118403	-0.03447374728232294	-0.07362475534911432	-0.23922156048830281	-0.3060572569531279	0.22647265882560053	-0.03197763008204532	0.4718099659300959	-0.06051769225611952	-0.2023536883121182	-0.24900664719528282	0.03514327633429778	0.14226758751099558	0.10053956018792275	0.05983828966976332	-0.04358734356070659	-0.3814495415828042	-0.1499702918312231	-0.15257288602131172	0.3123768280078901	-0.08138150310977559	0.16171332236693947	0.07333542284603427	0.22380107767036644
DTXSID6021080	4.944649753644701	3.4093053819114107	-3.0611557390952355	3.019080424141088	-0.40677348580302436	-2.601035110770086	7.164746758933152	-1.1730139950513057	-3.2569544894192908	-4.566287371783487	-0.944607739794612	-0.0294038718338024	0.4296704197213996	2.1061662958953224	-0.3176374357697158	0.9851343116253103	-1.7608385044831136	1.6745734424347414	4.031035765966008	-1.5649308647856761	0.4303496978791488	-0.5301718463140717	-2.5330655687295773	1.227966234974773	0.24106914188024492	-0.5085823172038969	0.4184838009218581	-0.8764038131857554	-0.3896782768308382	0.5238677384023123	-0.08703161042454148	-0.05226333295708743	1.1392587837102646	2.399834311368329	1.1599989030175086	0.05064197787697864	0.37467303624975457	-0.24370428316427717	0.35413730493684287	-0.1616100943769113	-0.7036710100489948	-1.258990067374871	1.32801138543826	0.9987318681865647	-1.6683598193606504	-1.1566956265128714	0.04067454873241809	-0.4056818868320464	-0.16043711783447284	-0.6476244921672538	-0.031181804316273435	-0.5280485964731352	-1.4170011571029626	-0.8284707502677673	1.1093829756275113	-1.4608786284115174	-0.020144857112061956	-0.28134186508137893	1.4863089518959842	-1.1790705361359803	-0.050198202660754206	0.9749916578513173	-0.21874502555600805	-2.852848398654953	-0.28341724898694964	1.058549641583899	0.475541828471556	0.34427174333133775	1.0475816555545678	-0.21470388933067602	-0.7422438772218627	-1.6913468438952444	0.14619840939620476	-0.6960237461094377	1.7192438304347208	-0.49851518044665655	-0.3199728791254701	-1.6571907445171923	-1.3976836623283866	-0.5684881886363364	-1.5193947937239656	-0.2821624304958336	-0.20328009192050217	1.5224358997749703	0.4280465303555035	1.2117319134890385	0.6586091543516741	0.7955947245053019	-1.0948469581742437	-1.2960401015937615	0.8602829544982732	-0.5320385174702864	0.5044372199611892	0.2861686892158511	-0.08101439803649317	0.07486191333274722	-0.14002956516714254	-0.31751374693513124	0.36597286085072667	0.04265252973199853
DTXSID3044463	-2.0136209864915084	-1.6620730443601186	1.2669987878432871	-2.2103070216994825	-1.264503343760956	-0.6775473009580848	-0.2780305917110302	0.33894133525709536	-0.040805562586808765	0.5565184191668473	-0.6792236708909029	-0.07071657788686572	-0.7309314927328305	0.7727803270093565	0.7157240917011338	0.6737256667026338	-0.27316597625631944	1.4634947555313984	-0.45160472730756557	-0.6909537889944075	0.38381004944914554	-0.5435242158231622	-0.7610422459055122	-0.8034351349994565	1.443243384602598	-0.024998071437503336	-0.548291086352009	-0.8130987085950387	-0.036406123034003444	-0.10861407004382592	0.5407319293620161	-0.15872016746731976	-0.5772207870144608	0.36307041757213365	-0.46129908915137635	0.17889143511551375	0.44173061422263454	0.12368909880570489	-0.24075571222784573	0.3132052600442137	-0.010285656571179812	-0.6250685589708517	-0.03651327496369388	-0.13217755807550102	-0.07571683507295425	0.10663519186370783	-0.055275363176652784	0.17386728534508145	0.13139769122769127	0.04491308944879636	-0.05835355482061437	-0.23655778808923936	0.10914181284269286	-0.21845207451712967	0.17888143063159898	-0.32636024319532425	-0.2034517496678485	-0.2117136515048048	0.3405913412178795	-0.02157296581923867	0.1788183161205424	0.20958215652792986	0.35695702369750304	0.9775858842962475	-0.2725589943908596	-0.5359128885620472	0.08566830336662312	-0.5185598452492924	-0.7162132822207181	0.45657788597982085	-0.14897979755442564	0.011458813460696094	0.11373681058337785	-0.157555003950784	0.9890770283738475	0.8460350453800405	-0.6111402722911259	0.5427740450088492	0.5681478167436568	-0.29252472231938353	0.4071538453462065	-0.38353615146228626	0.7644421997255222	-0.11678473002901527	0.4146181223609354	-0.1670231793823217	-0.5913444039239617	-0.18254159705274725	-0.1921149063454613	0.7384858631253011	0.234843171960357	-0.17811883010178728	0.42551154293042537	0.4029836680211874	0.18110665131662163	0.24017022918372763	0.059035003244341404	0.0086148527045078	0.4759208363711816	0.5506131120175077
DTXSID9046106	8.083354599241726	-0.4850157209300824	-3.2943207364422897	1.856724809877954	6.202226345929613	-2.582373676120969	-1.7559713448491994	4.7544521165164015	-0.29196815887506067	-2.715107246002182	2.143506165589478	-1.194968639544071	1.2406427794197215	-0.839403227312836	2.43535577579228	-2.5241134907962635	1.9094236410406598	-1.4560632888105667	-0.7141692193536686	-0.37167485344656465	-0.9518811367667711	1.1284233291943977	4.641631573523962	-2.9813305649231636	2.42845767347022	8.07864536441884	-1.5660123728408895	1.2767709828085168	-6.963498352219912	4.713211535528418	-0.04701506808229124	-3.7475708245770125	-0.9493903694030054	1.5491120636954048	-0.21650490980398676	-1.2792405838178609	-0.3946700146902731	-15.703779791302225	2.64967602324536	1.109780530432259	-0.1463947096264456	1.3412950086385655	3.514111610979701	2.398735206712868	-11.857974420768539	30.155637767520844	7.246282769671652	-9.596160162382631	4.201032849643105	10.734221763276015	-32.7791982091345	5.150764833036452	-17.197450527740035	-6.724799782720082	-17.529296242910807	10.551784402648035	3.535128929612969	8.093642762785763	22.381934582349558	3.0944598948863233	0.8569987140326699	-5.483597415222993	-3.7975504105122155	-1.270435983374937	3.8211705138455665	-6.103559180568185	8.694462091276849	1.556038409298126	2.2787370215850924	-2.316227414301005	0.21540802464475636	3.6480627707465425	5.887782002171681	0.9283716535881851	1.7738084354903005	2.9207779437908896	-1.3052769729538205	1.0070497337626545	-1.1450502673049539	1.3308623881499997	-0.44600251679646324	-0.2423172924191028	0.5328440221117986	-0.7288839690393202	0.8995632230417894	0.11681136335800044	1.0638502664610128	0.08918371370421306	-0.7864150306700094	0.7451089996012245	0.058716364233663165	-0.5051476409312041	0.7493403970565923	-1.091626735112161	-1.042898746315814	0.04470491024185829	0.6042376604244437	0.4863468668475008	-0.8405439597564381	-0.29826122779622233
DTXSID3045560	22.218361815299893	10.359811388478885	-2.1616922243049963	0.7411144539954823	-2.5552082149130104	-4.629558067036199	-0.7971064036193012	2.163965937056125	-0.0048877519336609	2.8134899206764246	8.835099145060259	-0.9640513023496787	1.37251120943859	0.35105604286334624	5.20895845629526	0.7523699356482887	-2.2962966238601883	2.3853421832701103	-1.1454013037350461	-0.9628795787157343	-1.267173285001775	0.8932107375895069	0.18225430458828557	-1.1109559951781192	0.34549592874238494	-1.2368505636813858	0.9335807287531455	2.2893237215003293	-1.3405207203591105	2.1995043905075016	-1.5442976455780635	0.6494652911623521	1.2853143913357168	-0.476507924665169	-1.7282790387577662	0.5913502625666524	-1.3787890882798928	-1.9608950725423706	1.3109765257503707	-2.1410834801769014	-2.0683778029601463	0.3706973719720973	-1.7962021645952726	0.05743353063202882	2.330013951007157	-1.6184304708004935	2.166898045024446	0.5969012788688236	-0.2512329706134775	0.6728674168538255	0.004205939943047349	0.1568132014086198	1.5632608174403684	-0.29763761292573	-0.6952630100067749	0.6510659984815762	0.19997550923087887	-1.2984525570360468	0.3440201412297323	2.9542401156445983	-2.051717027776532	-2.3124922748522367	2.365156844008649	-1.1735932645445617	0.06019584920618014	-0.41675123638173445	0.04222728996110016	0.4714390254152151	0.2066640725337227	2.5161242696600383	-4.978017126902955	4.007893931688206	0.422982053469996	-3.968894865108185	-1.6490280272858442	0.11842766693916404	-1.387163945855565	0.7287842279813181	-0.2281349531094986	1.0879941870129721	-0.037420398458438434	-1.3603753504584397	-0.005247994505009875	-1.7361786414781581	0.1855747067565324	-1.1703187579229242	-1.212991575867837	-1.2021206391800623	0.4884970430960134	0.4898205614691143	-4.067827618278691	1.8397840456607921	0.36625746437024126	-0.03945592565500286	0.88477812747072	-1.3218922869657093	-2.110593979489889	-1.154226213438262	-0.2927567459187511	-0.5884225692654039
DTXSID8020593	-4.926920122552889	-3.262037722286235	-2.2761242878050036	1.3148020627145516	4.607706637487172	-1.4504504752191336	0.07235237418258668	1.802024236171669	2.514274742371315	1.931210381111559	-2.5766841876996787	-0.6770978134863616	1.1387547451718647	0.15260427885641217	0.4694044253051331	-0.884989466329372	0.5805487677100262	-0.13402659533814276	-0.2976947815810665	-0.6373104795017005	-2.7636356020431916	-1.0810543011599816	0.48624051550696523	0.8479883267812708	-3.3568904617558997	-0.40711782036367195	-0.7686189607028645	2.022214290147476	0.8181437789982902	-1.419542152243509	0.3746626019530069	0.42467868270143383	-3.762878303434966	1.5983116292567834	0.0868629867525469	-1.0586304500048114	-2.5334059149274144	-4.376376978914151	-0.9376387008813639	-0.400606776140597	-2.874486186144919	-4.525813163193958	-6.1685811423230374	0.37474602653202743	-1.0262694050049979	-0.17347374213346092	2.3381183886556127	7.232674888789601	-0.7804655821430398	-2.803406481271978	-0.5009820597855349	2.7380453308440478	2.492541502363602	0.8596374877340035	-1.2637857744330447	2.3746019144284274	4.828456966834113	-2.651856613022325	2.193361470216769	-2.8881118175220304	-0.6138112933490778	3.9180825663053502	-0.09014487929782386	-0.9589518271938591	-0.1819041273328118	-0.8707678247307037	-1.0926429754146614	0.15796330487399668	0.13020355762263086	0.8454711501105472	0.6419861042891507	-0.31811506351193514	-0.14443005317181856	-0.2629499875350995	0.6529914432917643	0.173344640119415	0.9893691736085013	-0.40403462054132094	-0.35674144131569535	-0.3513575112838655	0.6242654655941309	0.246021589349586	-0.4751611348326824	0.39682280584842716	0.9414266951516066	0.5311937321715277	-0.5247304967635554	-0.045970747684136795	0.5138937638072927	0.37114191349314396	0.3103331866568017	-0.29767136050202186	0.4306723454372709	-1.0242495933086642	-0.39915335372832217	-0.02982764475369987	0.4646201220688169	0.23923438544769085	-0.6669062002067776	0.7814852279121178
DTXSID3024368	-1.4585217196301838	-3.8657758004134375	-0.47358735864157114	-2.4735045929120347	-2.4061285109732484	-2.338305398531223	-0.8260040617860257	1.0811560427026805	-0.6198019437966443	-0.1544406668917851	-0.8159859517049227	0.9300151038410596	-0.8576904155461171	2.7288205854686796	0.7077024581136486	0.7584783591369576	-0.7968335410134708	1.1224963273953796	0.4592600128433819	-0.588451942328292	0.5537250527594937	-0.37902078062038713	-2.1701657756995303	0.26565878580454966	-0.28325393474034594	0.7409721908462102	0.15092149392290558	0.676333025749665	0.22934572232158323	-0.8442531455343383	0.781359006908098	1.1001265713221484	-0.6574708486072334	0.10910493065110971	0.09420597981413659	0.8453305896101063	0.15006742583505414	1.0100522632991584	0.4300074216481928	0.2702437761090468	-0.6386806465587814	-0.5236979417702083	0.5361418822466467	0.39978771312706557	-0.2793532849244892	0.0845259034028585	0.04993616336341526	-0.1224076806401602	0.2861450038260271	0.4504920687112235	0.015940419595767436	0.1718101903165997	0.1961434813238557	-0.44455523835758665	0.07247775744518953	-0.0128693306366458	-0.5474258808765272	-0.4084739897327171	0.19030441740510912	0.24061699728823271	0.0953892070108194	0.2149748973883118	0.76767440449207	0.56634729454762	-0.5473774236727545	-1.0912594399940272	1.2734249807011098	-0.653574358848779	0.2667385347506961	0.8496292487324254	-0.4785587911864923	0.15302489099862912	-0.9965313859886206	0.1175032490537299	1.0677894483661534	1.3260546438713365	0.0815132231085153	1.4865484429414675	-0.7559820397655623	0.303005037805777	0.1877478813033005	0.3291275843171625	-0.35912627628680355	1.2135732091434817	0.4391710538839172	0.11644347582721323	-0.7551838135123584	0.326007010324037	0.29543221732117714	-0.3513201768057061	-0.600241263120853	-0.3764267072814858	-0.33701565930142235	0.01405509466692605	-0.18027415238356626	0.12870823928365502	-0.17452053759497707	-0.14847320999216573	0.5710197969701781	-0.18625984962054853
DTXSID1021299	4.912481376519411	8.209894332727071	-0.24028412275584943	0.5819008356913089	-4.942366906100191	-1.1371951561351608	-3.383165120544979	0.8157693149651215	0.03278205461038164	-2.125442529910561	-1.0500731205318459	0.753301453757559	-0.5474818891302045	3.7702476421331546	0.4914828350766147	0.9745525704802489	-0.5270015342512566	0.6256047491067718	2.73886472017911	-0.5921511720392595	-0.7063951676272104	-0.9387842937194874	-3.975991203752874	1.7283347359335273	-0.6991275542683794	-0.7995496526053055	1.6874739581529177	0.6064707459509615	0.1295722451430119	1.4840694210675487	-0.0831522967846546	-1.3394126659318724	1.6887060650847567	2.0259158657700542	1.647912127698952	-0.08260652539768625	1.3119922765968046	-2.4629024645881974	1.4696445212092972	-0.06921806993723448	-1.1050061805343998	0.26953314059444167	0.643173318602139	0.9384105415257212	-1.3540639526489917	-0.6303429585421109	-1.3039026363848785	-1.2978902215205372	-0.5723793900349072	-1.198724918678496	0.42980141337166167	-0.45586110679795033	-0.6774068929894936	0.040146110316057304	1.7512787381435848	-1.6872499817202107	0.1434626151683361	-0.09940781055106432	2.2523198229984676	-0.618911170634435	-0.4114406527798015	1.7142979067246888	-1.7820650677164647	-2.7410428512800626	-0.30865578497726226	2.0392746445196464	1.0514037176907987	-0.14876903399742747	0.8531196727208994	-1.262844444736636	1.05326067829216	-2.552454786328543	0.4337173789529383	0.6013652827441187	1.3178308696653633	-1.0690649802882521	0.23387759767596067	-2.1201815130888315	-0.9335684785944566	-0.5246375839874081	-0.9623515994025021	0.04114682416375025	-0.36475927613816095	-0.20836558787974932	1.0539928571486286	0.6179147864729623	0.7420492359754826	0.5598001773900307	-1.4714429177600221	0.0324191966911659	-0.9940844295335167	-0.42181622560596044	0.3326849643134608	-0.26301270167874985	0.8072494553122589	-0.24264577897254064	0.0965783861792037	-0.6173375553021151	0.2992399216235719	0.581593522306021
DTXSID9047126	-2.3109793853402065	0.25243353430812765	-0.23867736206833245	0.6741812654064485	-0.2503656284272473	-1.0232240889235646	-1.9541833435911038	-0.09652706715820304	-0.44802999957060935	-2.604862054699154	-1.2165351217785934	0.1263446162922822	-0.746359924466734	3.214815068498373	-0.22670671950141796	-0.3768095688374977	0.7826274511409917	0.19969030330848875	1.3404825430461533	-0.21462521902195653	0.6716961933459042	-0.5278944765191048	-0.7961070919293535	1.408209130594757	-0.6856662321553748	-0.7002882354310128	0.7213323969666581	0.6290392592957196	0.052467440518373196	0.8049902496170243	0.20196847160820774	-1.1434939761879561	0.8070144463076572	-0.05004182973754471	0.008960106240844208	0.7022853774244691	-0.11375919783812921	-0.7506268412040533	0.32384047205953204	-0.16236418421498183	-0.3903752320276454	0.2960060402755405	-0.3839917889844045	0.35408399708843197	-0.5690086400409093	-0.36044820357483637	0.23700730463305852	-0.5329255112244652	-0.2570809375800786	-0.32550793491802765	-0.0009427194621818005	-0.1132174655922094	-0.13715654128227595	-0.025657199162131175	-0.005144664128388503	-0.06265841864452636	-0.20860568584304592	0.18258373987723628	0.09366132869716282	0.06902507654580309	-0.5019379312146103	0.13287322961890694	0.7180859579482693	-0.818470585606546	-0.3642296066828252	-0.19807577201592777	0.16305464687082394	-0.5165586453708597	-0.11700932676090724	-0.25081285334777165	-0.1316550535427063	0.15896911410366693	-0.08246389541707388	-0.7011755789158031	-0.6324822843519698	-0.3124593588419631	-0.10993807563377694	-0.13360129170365756	0.2033176156006662	-0.3852097991501419	-0.10531684184465512	0.32300882072612247	-0.2833136325063479	0.19890303701759002	0.14023485966158492	-0.16342682253461255	-0.2473192926677541	-0.06187357130793213	0.05912412325777101	0.38307216576381836	0.1269961922527397	0.654171216917258	0.015976430591827444	0.5155197946175332	0.5073523948875907	0.18157602576645576	0.11953881624418443	-0.047075474328579135	0.24248013682409353	0.19853438619487584
DTXSID3046538	-2.2892401523226127	-2.8517527925833814	5.557817075551981	2.6122337677424663	-0.8201907895598768	2.249811139262472	0.9002336158416916	-1.3992687928338265	0.9826551151673236	1.0938533989179953	-0.11682090887423659	-0.38759005768878185	0.050689681221562234	-1.4037436024046883	0.6497267700541207	-0.8884850306833364	0.804518582122308	-0.23755316662220388	1.0302252010503974	-0.1069787716858607	-0.2654282060173368	0.3737278211711489	-0.40012895037304946	0.1955290476364703	0.22568496433289365	-0.5339740937795683	0.04048096105109224	0.4383029325942807	0.25442155008561024	0.12291574907331858	0.27280917150155365	0.281135213884791	0.3122896737835533	-0.34021204673479105	-0.4963673893225581	0.23842321647402046	-0.5825918928555172	-0.8954294521415982	-0.24805760257133172	0.6532400012533175	-0.12709030432281093	0.16738298103056365	-0.7461003198714335	0.017206236474701108	-0.17923276162399412	-0.3036145056562248	-0.04989472105915877	-0.11230457251372228	0.37541891048324827	0.03274372865922596	0.011251516046663199	-0.7050481569292644	0.06879342853721036	0.006377625648851251	0.07757921049863145	0.1276742076348919	-0.724645800007442	0.1746642121418146	0.1378960780813026	-0.4535553946350588	-0.23356694181404905	-0.1491878834062465	0.5821420541422763	-0.49411651297694936	-0.15121082044366635	-1.041748193043506	-0.28210559218069	-1.6406978875788454	-0.1242456510922848	0.034631015889152676	0.38073140609620154	-0.12984502508312973	-0.5619062403865995	0.4840521985846835	-0.3653973706123811	0.4333880049998238	-0.5473262321796191	0.18972872392430673	-0.10803722909287305	-0.1424121655613339	0.15037312414200743	0.8853964086638418	0.5437731119749797	0.18857695864367643	0.6217830778441665	-0.31110396766099657	0.0769559068612604	-0.24337002229901705	-0.8916482599809905	0.021743673475789663	-0.996988001939132	-0.54468605138771	1.4401858531409668	0.5454821940862582	0.4783781270784345	-0.25988536381560545	-0.036988066066164074	-0.44074905185220503	-0.7511276468049045	0.07922362427128074
DTXSID2027254	-4.197472828451376	-3.107700242476074	1.9240866088578346	-0.49526336692068207	0.8261089773673626	-0.7138377177555539	-0.4414056445332898	-0.025435868023485162	-0.33170002559648704	-1.0127298863636924	-0.8223391844252657	0.2591927235399633	-0.5143778460396318	1.2150142074916694	0.14372988371599102	-0.34837234517267185	0.5742678621653668	-0.18340812316769717	0.6955405302784984	-0.7877259866338467	0.30585291104834494	-0.1429598054158241	0.8951406633040477	-0.21242615132005738	0.22467882849340115	0.07195888299249989	-0.2924477827802732	-0.0715863651204498	0.0038118792968555725	-0.5882356373002838	-0.06928735676268444	0.42615504018530465	0.1355691344087365	-0.24386612229377289	-0.15077693447238233	-0.2720411338570303	0.06697177787923116	0.539029784274076	-0.3120015487468256	-0.2862638147809847	0.020762971554064712	0.19803434843410342	-0.47789896008866734	-0.15593648103392702	-0.42732759970074613	0.13752454603358058	0.18825829325074364	-0.24398195270282783	0.011689252227151156	-0.08807005019635701	0.053233790708360214	-0.0006195266708558395	0.023422962314511044	-0.14138864810970686	-0.15244112261573986	-0.11310273278544557	0.03704078590786866	0.19012646417588333	-0.18974819143226682	0.054034368592677316	0.08294063819184275	0.19991044008164705	0.4794242825561097	-0.46582524306699835	-0.23282711560919095	-0.503952545171837	-0.17660211719587107	-0.27986726930746275	0.20657033493791407	0.8415982424365278	-0.05922395406880002	0.15393447763031567	0.6047300180781074	-0.2567261087657149	-0.8977587079910223	0.24366230929967897	-0.6837604883542734	0.31459180825259075	-0.09987226008889928	0.17557579270414905	0.11749033053927113	-0.09110329254248481	0.25602954272132655	-0.005145902239521728	-0.22604447805158254	-0.021036532445184112	-0.14849723907575157	-0.2077987739531077	-0.16316410779417376	0.06432107044380804	0.32316532022578925	0.3369347164749511	0.07457573333863289	-0.01885825173017713	-0.4848544843503356	-0.27736675354098106	-0.05164093774640546	0.10650505875831487	-0.1183337960477183	-0.2411772489638643
DTXSID4041818	-2.2775157525904643	-2.9053200056020785	4.83734315978015	1.5327802789918972	1.652865611625676	0.939309898159049	0.16299769140494477	-0.37594323121999845	-0.3512320663024351	-0.03972068971261975	-0.5807808322311456	-0.12590731094380522	-0.2563010508494227	0.6564023642409808	0.04517370199333887	0.12170678907474422	0.17597733044893757	0.3055306273357467	-0.22322416668624948	-0.007079881820720359	-0.044857677985492804	-0.01699148264051054	1.0599026835598504	-0.25221035816831283	0.3952365299935148	1.3896121880250458	1.3176872549951408	-0.9445824159687256	0.268491960141744	-0.21114670721077916	0.8124276002736813	0.7913507861857761	-0.37716894850190513	-0.08918347196202218	0.6442176994533404	0.13577497706882563	0.18465227352481187	1.0276911276489031	-0.5146528449014481	-0.5364359335088891	0.4542593155484406	0.3104038369134355	-0.5351897313165175	-1.1784271104098367	-0.13785602888817294	0.42571313289898416	0.06322272825281146	0.5651491598114637	-0.20840220522786668	-0.14450192320755026	-0.02067259350554571	0.45347510367737365	-0.16598611157806126	0.06833784502477806	-0.0065332581953129205	-0.6954083585029298	0.5687223555050492	0.39648945791857043	-0.37354207577986265	0.013659163807497753	-0.11993112282467795	-0.5234975608824928	-0.18156986523773544	-1.7064573930666118	-0.10076520485406336	0.16496092911191249	-0.04803549675720773	-0.22208600388188102	-0.24366625236840245	0.154080960873929	-0.3793411976680438	-0.41086384023507494	0.930268079040584	-0.5007126580007782	-0.24700405820640525	0.44362169208595875	-0.7125662961267739	-0.7851136917868253	-0.6764656337026256	0.2904406992914149	-1.0311042107514166	0.02578238709525434	0.06098450739649912	0.18270287714200853	0.03818634678830878	-0.27553264499715985	-0.42786745204608184	0.2817131661747579	-0.287105830168252	0.23273770376900962	-0.18846550223705968	0.512893939681735	-0.7942260358309418	0.3606150463623576	-0.3504743507282868	0.03141839261075235	0.2720206410342539	0.1023573937949151	-0.3682176520603521	-0.04972072173972227
DTXSID3021726	-4.00495956767981	0.12238113267365221	-2.3788153405967103	2.463454908023783	1.053962083801201	-0.483288495137224	-3.1870222735164218	-0.9688415843372217	0.3994611182000107	0.9208465352896763	-3.1774068589006297	-0.7844018228104552	2.8840520661195193	0.019756686083028212	-0.9237460754097562	-1.8660018667937643	-0.46076018870380964	-0.15480626224004657	0.27692523213162246	0.552094199702333	-0.31928957453730794	0.38913234860808293	1.069494916924876	1.0625346166545417	-1.4461832625646593	0.056015513671857135	-0.28240618027371633	-0.034115926252994054	-0.7038844540287393	-0.1704951034467532	0.4703244732529624	-0.7190667556473685	-2.1569491249330306	2.7000642134821122	0.760588149071395	-1.3437595290160216	-2.8410034048509396	-0.7602595538047331	1.3210315748502188	-1.0099577798337749	1.1749988673301852	-1.3979578463454994	-1.5449533395350747	0.4717583899330092	-0.623466771250867	-0.816656178284599	-0.6606688767917508	0.25994993361634766	0.15533712284552031	1.0792109755629142	0.5902028619059564	0.5811029772218191	0.5037698879253573	0.632355939353648	0.15069496964019874	0.8024315350661365	0.07257111447065476	0.9823252112239931	1.387447507677226	-0.32565759858994386	-0.30975894045807206	1.4226278788042923	1.3922542884354452	0.04552356325692665	-0.9139448165499349	0.934070503556909	-0.8920530430580695	-0.8908141430200442	-0.8505051341292387	-0.42571107432191635	-0.9718619557513604	1.4423518632033492	-0.25366358271587847	-1.3315374216610745	-0.18107585899001627	0.09443459178299686	1.3272956727524554	1.0893454960922577	0.2636324204938414	0.9957944959384067	-1.1758788475300301	0.14610372650779072	-0.515263879725537	-0.5125864798682981	0.644665441564164	-0.5916891382536517	0.7396774132269127	-0.5540484627866507	-0.33814126134201256	0.3831001903449812	-0.28494601150364696	-0.13744061193905718	0.07009838378110193	-0.04950004779315502	-0.5148985583357107	-0.3304871238399969	-0.272851222578785	-0.1697310909868437	-0.17809723313188014	-0.21901509041359418
DTXSID8047137	16.82801637604184	-5.350811554498298	2.6663373811873092	0.7887094117631616	6.167448629677633	6.139857798815481	-2.024161153991636	-3.15229854231658	-5.390484627838914	1.131252689496237	-2.468973568594028	-2.7518254286554042	-5.749551481647911	-2.2326909189691144	-1.4696685317181555	4.387896903770549	0.7816159593790531	8.475758539112457	0.6598964329022101	5.655790426544944	-2.4675798549466683	1.879721959071939	3.9189859272920895	0.5305986015565715	-4.311900648226106	-1.3883691197628452	1.4780918297492105	1.170663516666816	-0.5487506775439485	1.8064498892660716	0.9439869114671111	-0.11412009421964552	1.901250351936782	-1.1660513368212837	-1.9489276729697707	-0.370695328683711	-2.307488024561023	0.17630294012548214	-0.15148777130016233	-0.750926455451134	-0.4970741341929876	-0.17994374195714097	0.9234363921631359	1.519314730761826	-0.2750441425966858	0.05072796166104957	0.5253002250518201	-0.7494020632802151	0.24882209584407813	0.3115228724946071	0.23302619315824535	-0.19729775994613602	0.6557499036351502	0.6114164095854719	0.3285231190032012	0.36495545026690096	-0.6806825022332017	-0.6729718769483924	0.6585931746404822	0.7721185978453177	1.8018054499239988	0.7022699234983127	-1.0096828757371354	1.6918565714648837	0.8685820339880779	-0.4169251761162637	-1.1879060110955653	1.5813065310459151	0.6404388810270706	1.701813358592577	1.7601203522635573	-0.3647259346348654	-0.3427838503528776	0.7501059128770646	0.2644540228896636	0.982580992135483	1.6432337767508605	-0.09374460140835919	-0.5822160749456844	-0.10850880929634298	0.30270562391846784	0.4196478884494049	-0.6948489947428139	0.039107690844420645	0.6428002033013404	0.16805503882148967	0.346402193978769	-0.18488979825079738	-1.0991690091472859	0.14112944517142234	-0.39879385240352605	1.6058886797415177	0.450236060401526	-0.36054757280876487	0.0061071543361657064	0.15287284970775208	0.26325583136868985	-0.3975096316846547	0.20194246995019977	0.5269040624034894
DTXSID1023071	6.065759007710588	5.053003415764436	0.07560054644814898	1.2213251565154972	1.1448056592402451	-1.1215513252269866	1.3119343165762212	3.9093664814065585	1.5581519590081707	-0.8423296349488449	-0.5007202078148724	1.349442605780555	-1.1621962171260607	3.118473725787497	4.683711648608754	1.0031333808339706	-0.0021195395373868474	-0.09772891847593056	-5.1043695142164776	-3.13378667566972	0.27899429560666433	6.877266075361955	1.8133147848916835	2.5679030600446793	-3.8488063658944847	0.4138811338076259	-0.3800380251029676	-3.0826581986965826	-0.18073315268167442	-2.5043131673754417	1.6246295724340303	0.29544861716995585	1.257954944168646	-0.24312375691002333	-0.0020449138676087754	-2.3283206691684137	-5.06024717856506	3.45195486867026	-3.6798347280451558	10.555902616793407	0.42850749597201787	5.505327994100596	2.7055032097945473	-2.4466586138584145	4.814152696684419	2.3356068430284354	4.180314522551994	1.0445797398122076	1.3386096805074865	-2.9028649266191704	-0.44142106774900847	-1.9761650597475457	-9.827845929607824	6.622983143777787	8.85346386992392	4.975367562716379	0.07295435214403495	-5.292042767530027	4.583210807913443	0.7422849882457335	-4.001423104231025	5.14568534265736	4.867142829657177	0.9960126726434453	-3.19931068982946	-0.2822629409941061	0.9080681273925446	1.8335108627618393	-1.7236958067563148	0.24054860202420664	-0.5636709664891916	-1.0837823833672229	-0.07614972645127055	-0.7323361741439124	-1.5755593872046767	0.9790273670250336	-1.0438876945982063	-0.7421418449001034	0.9874784256111779	-0.8062248986964102	-0.3675863282470238	-0.11475210250787667	-0.4288549836022597	-0.4821011659052805	0.1283382610845784	-0.5036186164796825	-0.7661015536919168	0.15280397833054177	0.3293751153658894	0.2660392588668171	-0.30980841609164	-0.17596062940970347	0.14644597555633876	0.36477575469738227	0.4644279629680556	-0.3312899308307463	1.4855314485617752	-1.1622184250077903	0.4566189244522547	-0.4917825442396776
DTXSID9046867	-0.721232992481407	3.094711455518611	-2.895246607460024	2.076285746272099	0.7670279271031878	1.562066986912905	2.5014891215443154	0.6671991762220439	-2.1441822056140625	-1.484717150370923	1.0437229101401078	4.1983056729835875	1.1446746117471889	-1.778115405423614	-1.9279623645303996	0.8263175113632945	-2.0766647720397184	0.8638132343529266	3.547176627080455	-1.3806955678556525	2.4980933930796025	0.5874627810461681	-0.5212698559855484	1.400424082008152	-1.1494525211500917	0.46251939991612795	-0.00471531469474523	-1.4184225775756316	-0.3018101506794913	0.4369772745560594	0.4498807500815318	-0.7925366807174625	-0.19523710743348713	0.25748448328681867	-0.6093744951329096	0.6255945231133941	0.5367377698901039	-0.07501238734341314	-0.06801746546680904	0.2105431115211239	0.5638644560859828	-0.49296619177048934	0.11085586759047697	-0.3090173765526251	0.37167096049446885	-0.6681855619257242	-0.1241324781469059	0.26592064692511325	0.022669370568469578	0.2764329053070645	-0.19224762972911077	-0.4013556005627929	-0.3451660330520498	-0.3528015924156522	-0.31724059807215643	0.3632687863573691	0.6801489900956083	-0.46093860562532796	0.17842415779601178	0.35488710710591675	-0.32911530485623164	-0.6395647948858513	0.7367987559093943	-0.4752180669859485	-0.19204142329909893	-0.36482626835762133	-0.28047775396472385	0.41680369800157846	-0.19088638073927888	0.9074520135594343	-0.14691727675280244	1.0190081359747862	-0.060880092245417794	-0.3054792669211241	0.9310390277943136	-0.46051463158817457	0.28092962551412753	-0.19459740511847085	0.81312192835443	0.3909387844266928	-0.08162637450662442	0.8648525017644451	0.022990131978185356	-0.1287109437007921	-0.42519368988871187	-0.5409029567249829	-1.4055702370150396	0.3901417723051635	-0.8959451752130938	-1.3597097792148891	0.9857642269046843	0.22933071274174166	0.2704285468281252	0.4437982211849818	-0.29002584408692716	0.7270862505919174	0.005638436691703587	0.4526732297840801	-1.0402158234073302	0.43386331295221425
DTXSID2047725	-1.0220196329234257	1.1883283819435078	0.16063393521725403	-1.5143129026705318	-0.4495299561098432	2.8316086403251535	-1.040864385860611	3.2741823601196978	-0.7267427338736253	-1.6086237928329892	0.40274911608491737	0.35778080391924777	0.04424058635430434	0.6726457727425892	-2.025552972412433	-0.4307932459563809	0.5892628259430426	-0.8348630087637532	-0.10534255486393469	-0.3959491578920651	0.4567728474651169	-0.0888253207191828	1.2290351370019776	0.36682263003020144	-0.42351578327722034	-0.02537358140935496	0.19400166417627734	-0.7583345735133886	-0.1519586230090254	-0.39206806636129454	-0.6322086704713609	0.29521402936684776	-0.19238981321147808	-0.23639595569524943	0.15189102009641905	-0.643291152830151	-0.0404321181096662	0.12854949167279534	-0.4678378753637189	-0.07820857414387546	0.07482099467083794	0.5722708816980222	-0.3490057445618163	0.41112419761488156	-0.42313732956747985	0.01286107097912799	0.2541550117073874	-0.8136942161547681	-0.14595704697895825	-0.08683355799896317	0.2102174797946032	-0.11892810169321394	0.2767670900006575	-0.2607559687884911	-0.48737945030291413	-0.004766111055595971	-0.054078594992718984	0.5070891247857255	-0.6094188466591168	-0.7110105007285333	-0.23434286631566623	0.4300585520828015	0.028889625705584236	-0.28908481828703436	-0.21077850268008236	-0.32439030869458974	-0.4337189565570905	0.3177093271548207	-0.26816030984958017	0.3807453421251851	0.027311868504105243	0.4312086394105254	1.1101087872518893	0.011853083029315323	-0.690742557534565	-0.5963212144643386	-0.7139380453996634	-0.38580755100706443	0.10448682906494143	0.4359816715327844	0.8249142131848869	-0.5251798250540609	0.20561320180822729	-1.0976908247408212	-0.0792764811859701	0.5321712875988326	0.009710960456730611	0.03212072458741443	1.2022332991103484	0.15507259022021608	-0.12157812301452098	-0.38655027915164475	1.095178855856076	0.4173321058631964	-0.7204925157549635	0.5897147957807742	-0.08625907174740398	-0.25759163608116714	0.2702031100455833	0.20279359174835548
DTXSID7047691	-3.942294921818637	-2.2863366671922525	1.626445200158025	-0.47344449884618167	0.918880611888548	-0.7614301395063554	-0.6651074491509149	-0.27726657499884594	-0.48079998483989644	-1.2705592285107605	-0.7888509885091363	0.033103006005229155	-0.6513858411558087	1.4926735553445343	-0.35234514437977893	-0.24845022266125927	0.83556411487296	-0.2967032784236677	0.1432604606149003	-0.6331593738433426	0.39202431639693297	-0.4387195583874676	0.7617076719418868	0.3041333727897292	-0.06340762146277562	-0.35628236852533207	-0.534005111401976	0.024234489284079255	-0.009446238163521898	-0.182512503215495	-0.13775903620212107	0.21926604060040789	0.11798545052989073	-0.45449275274569567	-0.5773387680919831	-0.04487785551152434	0.2318301068426452	-0.18012294170982263	-0.3734301043388045	0.1467651899048884	-0.1634532785851802	-0.21747383725020325	-0.26411136746188113	0.1753241974572294	-0.37690132355384254	-0.19538188764542005	0.11688615116076492	-0.23597295290746548	0.00044851695010292617	0.15575602866145172	-0.027493762643297365	-0.2243345610151697	0.13854902545122838	-0.1735966409862643	-0.03711665467362257	0.16497761899587648	-0.11539339188346871	-0.04529255206747053	-0.09490171299575297	-0.002118934868127138	0.06819587781475818	0.0621577783414045	0.5328969243466033	0.6546645712644976	-0.3784674151481395	-0.5850257698066874	0.3566266034620556	-0.779578702683357	-0.18731359909914677	0.48736785658952164	0.12838220861149524	-0.010603979387965265	0.16346444522563497	0.24974424115516933	-0.22318040179751952	-0.025395251642515125	-0.3052504975351849	0.06322077096251046	0.13000276076362077	-0.42083493582285264	0.5406691406675246	0.13739932164756127	-0.10545940399847205	-0.36732423378943	-0.09146440270736216	-0.09551918852574803	-0.23002502805737662	-0.7996065313707115	-0.25826647025137783	0.20611803154833439	-0.20672719707895876	0.1993811352971316	0.09307010846810129	0.14388590946177798	-0.11695377909427765	-0.037796429380042865	-0.2598854944549517	0.20775796076696224	-0.23243340528973372	-0.34916964654181115
DTXSID1041425	-5.944224387907141	-2.444359468226969	1.9126476551677454	-0.06285389119178808	0.8937371939537364	-0.5713079316433295	-0.729859711152271	-0.8471355076789039	0.15898212895157704	-0.9469562165186889	-0.3156765196325786	-0.008444997083986137	0.2428485110945929	-0.11704562778485597	-0.7443128902565029	-0.150802272795953	0.5129831517397518	-0.5302987678073996	-0.40925910858499776	-0.7251563425676022	-0.21119518145316515	-0.3661774408426205	2.6999432134093437	0.15423549875451845	-0.2707667975242628	0.13107396636102256	0.21257280390242791	0.3460065844897352	-0.16339060019034513	-0.19559845308225307	0.21999303745556786	0.5223226835787463	0.6047242834127814	-0.3532904926485605	-0.6919628181612066	-1.123347583556848	2.056076180046644	-1.5533984254205597	0.5113048615043305	0.19537667948183177	-1.5978044476542863	0.42925125195092984	0.6294493641487239	1.9238123080120983	2.5646434803349796	-0.5232266996166683	-2.176222626022724	1.447275901994473	1.0772379373700285	-0.6549779713089176	-0.1562039161522575	1.140635603402917	-1.2926274418769361	0.030912601637547835	0.07210388447339426	-0.4601067692555854	-1.5506542555588958	0.956985033156253	0.4713902253508862	-0.09984804131067558	-0.5234760284187117	-0.3377082386356956	0.06507077052672298	0.0012794893675208295	0.8511130013521825	0.42207852062291695	-0.42796964407544236	0.22399974041658896	0.11746605165308462	-0.3470790710132615	-0.18556783377229735	0.3308519779617288	-0.4747016619874592	0.09293147989104622	0.14587248293016467	0.30564297215410574	0.17260316399677691	-0.08903048205532102	-0.018874490843897414	-0.2993828611865146	-0.6499538752754173	0.33274781634406414	-0.3797978879867378	0.39798926916167027	0.018059325506899666	-0.1290651793815169	-0.11464043074469885	0.29553895021421583	0.21077253875481305	-0.17511901111292152	-0.11315471114043579	-0.3646778641062747	-0.14748672359124063	-0.08382972773779217	-0.22395390080545785	-0.07090444588359433	0.09185770244551174	0.055940366287220135	0.01628550226072513	-0.0479418347724359
DTXSID9028120	-3.926997790777798	-2.4487856726166632	1.6843745195415358	-0.40881280959608457	0.8241611414211986	-0.8410170401031971	-0.7192979410537914	-0.1295826312605127	-0.45981482610154345	-1.3898715471936718	-0.7835778699704075	0.3361281719837878	-0.8216703941371837	1.7545055611080342	-0.04730830919713724	-0.15297154850065248	0.36290738034433895	-0.39137305579715415	0.6388683201280233	-0.7542758184564796	0.25443433294989204	-0.5040843433004765	0.42391852020440335	0.09025480537313757	-0.29448051249428375	-0.4409114537896577	-0.10496050262706905	0.6537395029027827	-0.21133698264831904	0.14399406733932474	-0.48036625368527497	0.13409170582192362	1.2904263689711388	0.39439789276278064	-0.2735987534468311	0.3187442037032255	0.07973384663757553	-0.7829203572217306	-0.13852624110822678	0.12290912240558576	-0.38841932423878983	0.029949697154021977	-0.3577404048909408	0.46334324863563475	-0.9215853042364943	-0.5062467634284663	-0.13371974004141549	-1.0352829134065817	-0.18714118972522703	-0.55142611877548	0.09030579387598633	-0.40479132116221966	-0.23080330096486948	0.02054021802221779	0.2882706033247863	-0.22345467851216544	0.009124912853643254	0.3054008151890672	0.3202766384823812	-0.39844449442866464	0.23368529686590933	0.7467247172987654	0.28900138455259405	-0.16541362489239175	-0.5187598602644977	0.0949267968848637	0.35402641996934153	-0.5714066111330024	1.3813322976743931	0.10858655425106076	-0.5566952150907646	-0.227973901064224	0.4208792882109063	-0.07225900300420976	-0.3273658874178245	-0.49940918935961015	0.05939804052237987	-0.05174356395063556	0.30067700399669356	-0.8486792345098086	0.441555630210014	-0.04230304448880209	-0.25956453495880305	0.15865713587976546	0.21851566001891798	-0.12834696495408945	0.03266288660277925	-0.16062168813490846	-0.8460053518509275	0.35269623780633425	0.017888964434704578	0.5296346618669081	0.4646797183026751	-0.2768611201376234	-0.005270075132972412	-0.5272256454866235	0.10876448524128254	0.17423710322236202	-0.4571058845892607	-0.20755542739907806
DTXSID4046498	1.7734386636221235	3.615993834291705	-1.3198765607829044	0.8479436325353352	1.353246806640469	-1.2061571048613617	-1.8623904247945102	1.1381261577765678	2.37938746995244	-0.2916425488044586	0.30668267463408844	-0.19127330228159617	-0.669628462844074	-1.1048000046690079	-0.20009112703118948	1.1821638640291328	0.5569683136948342	1.097220274120771	-0.6062476959623452	-0.8360892913782718	0.829815374897993	-1.053600885786849	0.6997162294326774	0.19384312323748823	0.061764898320365885	3.10219001020448	-1.5871237349854372	-0.4440436960635986	5.101450789660174	1.8606335049183966	-1.2309190963084342	0.4956380103437297	-0.9271838872965715	0.6946198165044154	0.3899111843759785	-2.174282105334017	-1.166770371728031	0.1517207864096353	-0.04019003899314727	0.14534013505350576	-0.2469301710881482	0.5382715618459586	0.9804126383432586	0.63379475218763	-0.2780190139457172	-0.44098882427945824	-0.07035308737294708	-1.0569030500850451	-0.1490001185685022	0.05196840326566795	0.1542696459929881	-0.30720342736129597	0.2628717548728988	-0.6301166372228527	-0.5399937312043186	-0.022006965549589995	-0.2754559663206329	-0.14124966543579412	0.013498678147684429	-1.035238162100164	0.5788062680229742	-0.40648785603603593	-0.5982749470859853	-0.05838824009492905	0.939464455196159	0.5430469323888576	-0.7127172139582869	-0.1654208982143748	0.8213120037949301	-0.677550076571851	-0.5402792355159659	-1.7114992463481766	0.9423304655429251	2.113026038484053	0.17172680659501466	-0.3088955333379558	-1.8068279775388816	-0.5091204132060438	3.453554457098753	3.741711489208284	-0.6352710699779637	-2.249260365093004	-0.9137132867900664	2.5749687687383966	0.7333917296412833	-1.0147852562801158	0.5811214528839618	-0.6793263916450336	-0.5557442996474615	0.031200963759859177	-0.3875760552325823	-0.4401527769017949	0.6222871554306798	-0.574160519946634	0.26531953926303253	-0.013383896196091524	0.21754490476478466	0.36889535363631515	0.7659746110517861	-0.7875903351693316
DTXSID70191136	-1.7623506125199284	-2.965737884300845	-3.937654795533602	-5.570581897880749	2.1709460586293727	5.214364532788031	-1.2108650476108207	-1.9480812439105057	2.4554580633756338	-0.8135207139941402	3.9400024546652874	-1.7642111510398393	2.3940950135501593	2.7242067010207185	1.3702912348178329	-0.20830235299711614	-0.2464374065180364	0.4273299739226908	1.1086241264111856	-0.36983729825780903	-0.8857932491654079	0.6354208077958675	-0.006163013287176646	-0.03953622366440305	0.5529648269019944	0.6420332496966586	0.04389973659529134	0.2635874610986162	0.12315616947869625	-0.020831564520212023	-1.0053182043449616	-0.2685513595867491	0.28957215475998127	0.522922709458969	0.3378314070801927	0.23300165002715184	0.4827409928010882	-0.2881679155603214	0.05649162526952069	0.48360866746236664	0.21389694566632783	-0.551110016898711	-0.7465651128337876	-0.03311898674306233	-0.376083052970221	0.46473649185399485	0.19785774998974073	-0.2860970843313238	0.10888478380777779	-0.2618408785899934	-0.04450523554346408	-0.18988399170997908	0.09440376509711895	-0.18647977764949633	0.5418023085560821	-0.20242915420954402	0.18430310124557833	0.028980061952905325	-0.5500684680144853	-0.1330263205968465	-0.46350719815514774	-0.14605156573659972	0.1832673455309621	0.39737936452201555	-0.360203792167989	-0.3549040280877384	-0.0957645818031725	-0.03230885534858171	0.012637023037094845	-0.3793411110510412	0.22953927074740402	-0.0870454154333035	0.08675276908093188	-0.47454423513133254	-0.8822918374743404	0.8882712666313055	0.2670015741116867	-0.02339854108552574	0.8185465116045432	-0.9987536235392098	0.3626904927572978	-0.2643187068159482	-0.32620468480877907	0.2042746155402902	-0.15674614173711895	-0.06172663273303093	-0.1673096009937665	0.0552904634743528	-0.1744372577001838	-0.08225954900745973	0.5827816078310429	-0.31112369815798646	-1.3316480984251862	1.2217740758389992	-0.08086019313109478	0.3137689570443274	-0.1105270210429686	0.41837214254684607	-0.33250519824569563	-0.7492975866628241
DTXSID9034864	8.29173999117179	1.2383040660079663	-5.479223395037209	-1.9815376041713813	5.750043856867536	-2.462136999961326	2.523169856533086	-0.9077125187357491	-1.9394424819213307	-3.004131680271077	-2.935136702747226	0.0017252025854467522	-2.908842372900454	0.36706376289003906	0.6497665766314388	-0.7774294634002655	0.38306159443529475	-0.6369093503011816	-0.22846631226315658	-0.1580816642278013	0.24738604108130302	-0.5202710970464067	-1.7484031055300646	-0.02418775062671061	0.05357693275284447	-0.06593071683332746	1.0271764885559171	0.9207950274764641	0.05035989247393144	-0.017317782773318854	0.004380900996452243	-0.6932363084901052	0.8732621323421258	-0.2322801796687777	1.1645145401789825	-1.4512677347237732	-0.2340381143329966	-1.264756239308078	0.4576470876688668	-0.24724335610713605	0.050520233379188796	1.503520148660961	-0.742443964326322	0.034390667955200564	-0.32201557681380055	-0.12098615727846335	-1.8470123403300245	-0.9486083057502649	-0.29633791111530877	-0.6639640426340133	0.3355985521999412	-0.5461633104726102	-0.10956578244940669	0.579003272230357	-0.009128868037918205	-0.7495046598036371	0.46266743680118644	0.6653646698831005	1.0531211789369141	-0.1306390472423864	-1.0596957384833785	0.988232681843913	-0.5793165774464727	-0.6525001329931893	0.18048754811635945	-0.19187641957346988	-0.4477070367089791	-0.17838551761569624	1.7845777155578726	-0.43004118088605686	0.8449898405284884	-0.7391107918618356	0.18566514434369566	-0.05426634992230846	-0.6643703806419268	-1.1908454398992205	0.17739010657235743	2.052055715269799	0.6199834348379692	0.68282492144372	-0.6042543059265445	0.6380882242644934	-0.6675594688371561	-0.5281078788739635	-0.34084783975161986	-0.25765305043316156	0.5647152143326521	0.22823941767806533	-0.23280529233576616	-0.2589820163448507	-1.2404291563635148	1.2902453134774965	0.9669919847755666	-1.5771116822833742	-0.4259468413853342	-1.2112293099699574	-0.48850218719059235	-0.9324230250494251	-0.6515147502081196	-0.04358518273753546
DTXSID7042514	-1.6152571058447505	-6.923622393957426	-3.666997717762669	-0.18488536431278485	-3.8385090788198237	-1.1330219263583383	-2.419989766996422	-0.2649272257406117	0.2449610578927571	1.353857037550034	0.8630032731908952	0.08405589453542997	0.9747140120736799	-0.7413727810680261	-1.5398255319503324	1.753301027931726	-0.2941591698180431	1.2693840601627975	-1.1388023996014989	-1.1459460723895143	-0.5804180137404591	-0.5036331264459303	-1.5227061624267635	-0.6477210787554746	-2.261849940570789	0.5073865004969028	0.038354074738193925	0.6315757133779741	0.6617186014980755	-1.4915131880522605	0.11949530429807283	0.7053313453270061	-0.8824294756108925	-0.2592941893908702	0.5956082192773982	-0.03830298347274409	-0.053092101129368664	1.179660979981684	-0.31802047584724275	-1.8122234570685578	0.3866431308719692	0.3403035655272748	0.4629837193975356	0.45299102800460644	0.6630742117103534	0.7269174391459581	0.31072194274047493	-0.4779696755946425	-0.11450144674823468	-0.422547401076555	-0.08462527160330555	-0.1576262864333201	-0.228643386751133	-0.09219564561185263	-0.7714855821097254	-0.4609660554241816	-0.1542064994379669	-0.10504991596323665	-0.48583732343453306	0.7295203347833705	-0.9294444938446691	-0.23523607506577052	0.21769047272400466	-0.21835702890159775	-1.1098151233915368	0.31582303951902213	0.3448070366170505	1.1539928235588266	-0.17733758875092123	-0.7473679036200503	-0.2515578353833712	-0.11842199371278443	0.8514133508076103	-0.15983114662110046	0.3180800269168357	-0.659755025188418	-1.424989482245612	-0.946998415616194	-0.590332718315562	1.2416036586653407	-0.6054418200224342	1.2400506792806612	0.6790215967333487	-0.04739776386646332	0.2904680582341458	0.25358953938567624	0.9220525585193087	-0.08457637929988017	-0.19133253692585386	0.2102540168515942	0.32484268803861793	0.31092905128762605	-0.31751417850751323	-0.005884285928751892	-0.5692438726704234	0.028923812857987993	0.15485190661947787	-0.13628664193295184	0.04793559827324038	0.781002969924048
DTXSID1040667	-2.954466101878164	-2.3555531336842215	0.48115822790337853	-2.718878940166148	-0.028800637113684607	0.8411601136670752	-0.32639678382608533	-0.5571863395863731	0.33840985755361125	0.002047536874849982	-0.8395245833441992	0.03396944441011775	-0.42784121704313877	-0.13426735192722164	-0.2495714425666095	0.1111151351430607	0.6606421635674495	1.0812907777127854	-0.28056740803608826	-0.10071676396201878	0.7542194150116912	-0.3072304991335337	-0.6655664966065066	-0.6401388335204325	1.003928532384386	-0.01048645839272663	-0.6634297008004889	-0.2505110036650796	0.1261696463509387	-0.1357979783141158	0.16901562229110625	-0.06305962101771197	0.1883690540434894	0.38975013817310145	-0.4020580564908728	0.8288639913068854	0.578976838685538	-0.04781838555238454	-0.6135382049820698	0.3730218752166132	0.28999670641712333	-0.6890069262234273	-0.3918275806432947	-0.3991792213689705	-0.3660026337476536	0.12521258702400764	-0.14264818366973717	-0.2665142979567825	0.28735664749117756	-0.2782753268012127	-0.18005716272345035	-0.5102830055506545	-0.22613941728845566	-0.2695395710489061	0.10511984380893749	0.23796742394373424	-0.03488877217666007	0.08185793558131312	-0.057263729279280334	-0.07405848956820785	-0.1849058708642216	0.21235008158902052	1.0278663618943435	0.4093933923689887	-0.7202508440278891	-0.36382014880082103	-0.4999828599153571	0.03463945197337445	-0.27016554655924724	-0.05130965899165269	0.2543074542435127	0.32874868807543506	-0.09252348185660798	-0.5953124195969368	0.1364599888454731	-0.42285129528370946	0.051728165849907415	-0.22459982668848533	0.8250008333776103	-0.7546580660553567	-0.9521290593977476	-1.1322282671825077	-0.430579562382103	-0.03499543296021762	0.8046072376729673	0.7870333084810849	-0.22601409842197823	0.3452657438347088	0.33891686902771323	-0.1390241395891621	0.9392350918051172	-1.4907676742070048	-0.21809105865451173	0.3733724118229356	0.7041855388956886	-0.23527188662466392	0.10474006427261379	0.34696229889567737	-0.3762609595353261	-0.0957486766216051
DTXSID5046805	10.594178199250067	-2.334710614521373	7.5473699977876425	4.285893712895585	5.461208736238125	2.3407680961676545	-0.6687336099986563	-0.5647608731603692	-2.013930556118753	0.30385630507081485	-0.0026425744409584585	-0.6879647381296328	-1.3662179932122724	1.3405568695438483	-1.46632319779463	0.9860078826323966	-1.3609248138842498	-0.24293684721862296	-1.4111030672527454	0.6968613312916148	0.1243584478910194	0.1778674229979636	0.3814439338171531	-0.3532213669357879	0.34705596622079943	0.4894446734488354	0.7805674448718409	-0.2748115853531747	-0.4223008487546233	0.26352434937817504	-0.02451969796300976	0.4443333798044462	0.2117650551680522	-0.271056469993037	0.134992398626484	-0.727919025318922	0.2617755248773859	-0.3574219380843425	0.4575001712633305	-0.057735925942965706	0.25610068874065917	0.3564574347771334	0.05977354385759043	-0.046092639511377466	0.28012613111467755	-0.4291769154361835	-0.39733349619923886	0.2834280015541101	-0.013070770728322323	0.4662119474610276	0.1757423789928472	0.17406465758677647	0.23506160576622592	0.10936699240714125	0.029984068246694886	-0.10989210546095729	0.46777458363166635	-0.10510043920851123	0.4442450857759066	0.3036185126000896	-0.5782131622655966	0.2909577037580444	-0.39078259740025845	-0.37077689858263324	0.025422459081513322	-0.13200361359971688	1.2211442388979896	-1.3792236895263932	0.3266929385030996	-0.6954342295605934	-1.0063713098069227	-0.1516158136810388	-0.6444337352059273	0.6325864426686831	0.12798510665155627	-0.3861347327448521	-0.5304498706302985	0.5432593285611557	0.3200200587868639	0.20219825486268198	1.2851923415485076	0.3722781978973335	0.7128585616195393	-0.22763159097822297	-0.723470416975073	-0.41808262202661883	0.14702929686471466	-0.0676490715448192	0.6326102325820467	-0.10290621680692005	0.8366577280792572	0.11845758806134314	-0.10861896640607198	-0.43016614250740626	-0.28028233823718335	0.3391537764533431	-0.12382199334365068	0.42966084545582445	0.19863981430673902	-0.13484006043180483
DTXSID9021683	1.4908575124955388	-1.8319761954694207	2.020134894365279	-4.378769544513563	1.7590127838118188	-3.696383323381451	-2.7499956608093936	0.16215647394742597	-2.3045144183744495	0.6659505994563063	6.031723855176226	-1.3408699017257562	4.015282825231442	-1.9913400670787438	0.8711400738851223	-1.6862484221093104	-0.040895235021519295	0.23856484615492377	0.7446671780176607	0.882600709676902	-0.6032045691056146	1.4798543866557994	-0.7457926807269214	-1.0010573150663484	1.0677801213359697	1.478645749415152	0.6354771782312103	-0.4067240605366754	0.13762064826520254	0.5961857224891229	0.041181919806884695	-0.3543501759063586	-0.596897077469545	0.27345814432830406	1.325397814629974	-0.42220350304569454	0.8652097520166468	0.0063331684274039145	1.2259161840055202	1.342440774741104	-0.43997770810539527	-0.24726594408177913	-0.72624588151479	-0.008413870782527061	0.4094906963852567	-0.13863428846545792	0.38924078559900305	-0.406256878736383	0.3604566680110914	-0.0005086651071948901	0.1303482822282814	-0.10763101709685859	0.08916880244460706	-0.33564013614198535	0.5334394654516516	-0.7886378615756928	0.1696188580533092	-1.4050384717143147	0.2995254616018351	0.37959249169923914	-0.6132534508582127	-1.0048647169686804	-0.2179545974081631	0.2669096073621941	0.30412318579864583	0.617053499287497	-0.6163989779826735	0.22175203390113188	-0.06005723589096332	-0.37664530655961914	1.4297522034932966	0.10813664266162741	0.11540415659383875	-0.3076360966154792	-0.1809774300786478	-0.1255869050515214	0.7993721613284283	-1.1003453607756148	0.06764840247705133	-0.010673088625534743	-0.7740906490318004	-0.6982225191959198	-0.19533182674749294	-0.3901888770916246	0.198812189478448	0.3388723642459855	0.7457943718013117	1.027648080574238	-0.0008840640899801903	-0.2309438804837264	0.32041712739073186	0.01819870396086093	-0.2137191312642692	0.21612230520119996	-0.5137823274542258	0.09430629101366002	0.168000210697874	0.2154090734315321	0.1705910641978736	0.12344043851532654
DTXSID3033276	-1.9052317393235028	-3.7181217536591666	0.9695487633256985	-1.3583836530531535	-1.8272296062319013	-1.4857860185618894	-0.18790569012699154	0.3783293933968983	-0.21468176390946167	-0.17223064586382406	-0.7827265488003176	0.5033764237821964	-0.20644205680383307	1.7360639410553234	0.8582186271128254	0.09377949629433761	0.5743218459452281	1.0835895779382108	0.6001563299436163	-1.393059256677362	0.18667365135619654	-0.5745180948944721	-0.045193597660691164	0.14909252597861153	-0.2641217904158612	0.792723920009865	0.4683401000567846	-0.19186015821194183	0.3395712615942747	-0.9929576667866695	0.3488668136853465	0.8734124261364076	-0.46016871783387925	0.1906245453312944	-0.30421208335434385	0.36163158382124977	0.14256040543881113	1.2701444930779486	-0.7062262490052277	-0.7637407290428657	0.10954439809004131	-0.08641814873705238	0.06657430354537108	0.047081620419960356	-0.1666301216301282	0.24773017622829852	0.17533083983175307	-0.4932379907148407	0.06427590440933055	-0.1630988664861141	0.03170869684779051	-0.10588964482907087	0.1356287050479829	-0.32058386996199767	-0.3133659659932731	-0.3014249409188854	-0.09974945652148476	0.11347945197571108	-0.029723476870654533	0.22828539153737742	-0.05335276940728137	0.15650216245663995	0.5312226605001752	-0.6341219043055327	-0.7696986709206733	-0.5831324930040032	-0.005807999046642476	0.10099772348795058	0.23613351328134088	0.8079883758246272	-0.29968933139467685	-0.240558568767105	0.7575399517978101	-0.49068174279633797	0.7481599873358493	0.3039113928749158	-0.3329574567762677	0.07848069126983505	-0.5451638124548249	0.3371004697076013	-0.6822777990354415	0.05772204821118273	-0.07959450790053588	0.483281471746557	0.06223473083511303	0.4533464206014356	0.2551762904555334	0.0823207199906138	0.42613493052213464	-0.38448605072896047	-0.22446656036481008	-0.7290402130730501	-0.6092488673616693	-0.12195974465630832	-0.39211087341792583	0.0658130023250155	-0.3033299501155497	-0.34483726342297033	0.3216575807135442	0.13584224756727592
DTXSID2052607	-2.983538446291792	0.7154181196062107	-1.899222022228327	1.1085457083528851	-2.833958557702034	-0.1866528761992965	-3.5968998534090657	-2.5167504967539944	-1.9247928112325854	-2.2593846506913304	-5.359239874635194	-0.10878045942478587	4.263539044786774	3.0221736031616464	0.6982791034811051	-0.42703035774678005	-1.7409747898684782	0.5867560519825656	1.027168041621661	1.4679770778503576	0.6662539040207608	0.5894654496229919	-2.9998679616603656	1.0373025703228882	0.2678311892478147	-0.6859972304675672	2.6502810385228233	0.8824571833004377	-0.23626267040600307	1.6948133244141932	0.2948372015513598	-1.8305913485971457	1.7692942756559384	1.3189546337627007	0.3204974731108948	0.21418897058948747	-0.7884861327345764	-1.6859801564078563	0.9803229723694534	-0.24262279254777042	-0.47840696656776377	0.8540176520690645	-0.3351098811893434	0.7562757091158037	-0.40277597157678907	-0.5726990329321068	-0.0009558483227698758	-1.2316086839464007	-0.4744201707460495	-0.7086309159871167	0.3760203559157942	-0.5880219980682881	-0.13506957250993473	0.5782337629089024	0.633667789349776	-0.42024184664053127	0.1240286885529718	0.4342560078194923	1.0254983325109819	0.02732818378198883	-0.7037065423142587	0.8713273771276635	0.04804949866929897	-1.6216256547340961	-0.23012024076719936	0.8987391832916368	-0.19537774439598324	-0.22933116871531456	0.8888951202839759	-0.17240045052112876	-0.5767228119662898	-0.44290180097609094	0.546343793428103	-0.8438311933534786	0.5460648210151334	-0.39001960354491944	0.23276412899593685	-0.5664435604038839	-0.4597437864506306	0.18049323161253644	1.027178690953999	-0.4315980346267238	-0.12174719769502225	0.6641796203188988	-0.042257523842199066	0.3343410976449858	0.4456582977270698	0.9774825428843907	0.18287753932416131	-0.13488168136330683	-0.3689239546567172	0.20164262318602996	0.4041043998243217	0.0068867695037028815	0.4937226393744737	0.570021660903312	-0.7226025202585636	-0.286292470408312	-0.4912863093551827	0.01572802023328481
DTXSID4020161	-3.8278770675381772	4.417278940448049	0.8580539916877598	0.5832570869046606	-2.785832385583566	0.09626468153088924	-2.2099143727748936	-1.2514405558637638	2.4505724577774983	-0.6015579980920979	1.5160781475612213	-0.8613094797606646	-0.6024673904772408	-1.9309984720672264	-0.9978152724726802	1.2342470514667538	-0.47783619749760653	-0.18441301419681996	0.17962313839684863	0.7264797809761667	-0.31370130924689715	0.25390946535838177	-2.139273519538198	-0.4522264695655426	-0.09297185573674992	-0.04050302612386432	0.004388529193458937	0.6295900820089264	0.08192500854844376	-0.2876526254408072	0.21128355753641434	0.35279194106397804	0.2467376075922846	0.380173568437394	0.012109031004797459	-0.9829799468544055	0.20193984694042247	-0.18766350512710786	0.4573948834872678	-0.48617170300710905	0.3726593072620081	0.2082734254408714	-0.323737812919492	-0.15951857186945032	-0.1795812355642689	0.6003954002696739	-0.33102310037127536	-0.14183587875169476	0.09003049914750147	0.047973082256396286	0.029333635992496485	-0.051545172040455216	-0.29701443244642056	0.13330688850525846	0.2656035935275253	0.17542954636764374	0.25129310029483587	0.16417639199621442	-0.2528589794815828	0.05439212968493593	-0.336378459430476	0.5730002984876186	0.005398638139151461	0.2453837032247192	-0.10249282186923542	-0.1465557632359628	-0.2503150903233197	0.12760382564171394	0.3028661628036711	0.28272064074025605	0.4153136090826734	-0.4594980864888756	0.28020298640620084	0.024817223381938633	-0.3035537516176165	0.2656808365731381	0.07011278290968777	0.3613734438874337	-0.014983110286524971	0.28939185155384034	0.34696162437474387	-0.17379241604768733	0.25308603195507356	0.6086552888481201	-0.14295401467450441	0.16836071776560507	-0.4425702275845769	0.37057205152675976	-0.05455729699345246	-0.3352014402273639	0.058241123963568106	-0.04163295157598832	0.3121779126949215	0.10426138982335079	-0.6235987474724654	-0.016017013530576	-0.18201654734893824	0.6069758846646731	-0.731507794631835	-0.4177937139256883
DTXSID6048208	-3.7300677152364687	0.033255872443825336	0.5748951749352114	0.7155291643360505	0.2594515416393024	-0.6368496137622709	-1.368945386977251	-0.5995855299706784	0.41054913502850165	-1.8336742843599738	-0.22467763987185022	-0.08692218204285881	-1.2050778025566702	1.6407050696483492	-0.0867480542480911	-0.2933366083355744	0.6004500910743561	-0.39431094759178326	0.4151709973470229	-0.6811939962415866	0.3273304709161181	-0.5434281816243755	-0.27653475684741924	0.4515412355016796	-0.07664277498739121	-0.6520477087345322	-0.34835951184673536	0.3733940429157133	-0.2806668531699585	0.21382636972259447	-0.9214713264005455	0.047845394815117216	0.8324304885229047	0.14696640704894554	0.4365510808052991	0.5483195616037457	-0.4835152176146709	-0.2047526161731338	0.4147959040815593	0.2614167898426453	-0.6295123604316901	0.18469681490922357	-0.13767584827138696	0.571242039509128	-0.9068500378177262	-0.15247922970196967	0.2022219950659108	-0.7356697518071019	-0.3209487342016819	-0.4342590672255978	0.11074737254003403	-0.04272795221975415	-0.11123917636440027	-0.22784902248194258	0.435357721533052	-0.5759266245127198	-0.3977326631785678	0.0586932200396968	0.24443735033743744	-0.7646611165302138	0.5540978771938769	0.5436377032252847	-0.1605258569711475	-0.4228259436303942	0.08131859856094387	-0.08637688048471186	0.5668799594829781	0.26016113397556717	1.0800387337338546	-0.3891718380730416	-0.20653551706871068	-0.36224855512393656	0.01813722793451512	0.4512912524550182	-0.41939679245495703	-0.44991091171049913	0.23845643994185298	-0.632936491829343	-0.30157523856461455	0.033327210921514444	0.266200924921302	0.6797763251051555	-0.4004613440386688	-0.2044032363192539	0.26877680933957304	-0.014641187920389386	0.24086858048143267	-0.18908440725297893	-0.19048131263206136	0.4507219198762673	-0.1254672315498035	0.664060390057163	-0.005138519152305767	-0.19046633412588976	0.7133704185975406	-0.08388230378308364	-0.2987199211819549	-0.024465219763247562	-0.1631630201731682	-0.00991793165804576
DTXSID7046099	6.252369415156268	-0.06844941753496207	2.2709480156026656	4.274593158473278	-3.6408175246016556	-0.6083107381525474	1.538648362773245	0.917158146940858	2.275883446461574	-2.598757469116915	-1.5928402911332848	0.6088635492264941	-1.1970659449781853	2.769462242374375	6.033310821657527	-1.9046188408133815	-2.2358383725616795	-1.053409610717357	2.536096279907766	4.6402891673013125	3.1166511366532235	-0.9025885725009245	0.165527973008239	3.0013278011627365	-0.1859062515488106	-2.495528201732386	0.31387342353464887	-0.1900747921111095	-1.594790912771946	2.0067043484386815	0.19644043526010974	-1.5208138988811621	1.661787378808024	1.9004688477393725	0.24316931706140243	-0.5837489039277312	1.0999490968442875	-2.8884286589895933	0.5239959460234304	1.7994342287581107	-1.1843561055097747	1.8477185659502022	-0.3196935139311143	1.9964646493780782	-1.8490815054044125	-0.6925906414615258	-0.9939205972184546	-0.6403783996970968	-0.6500868928150537	-1.4694344726958262	0.382543020750177	0.3879593642375048	-0.5768381477369119	2.1822591885823024	2.3079706244969125	-0.27830918381356506	1.8455106454595545	2.5422743245902506	-1.3017460332543713	-1.1841581014216198	-1.640590984031783	0.048682185986214044	-2.523657149769832	2.368086682215747	-1.030436955704652	3.3277565640155036	2.373007197886941	-0.8047764745247196	1.3791581496549048	-0.4374611830784227	2.8430999442806457	-0.0374579004657027	1.5014352784041887	-3.7779229544458923	0.9803789546965107	-0.9016706133227442	-1.1498201620705912	-1.4442419157416486	-0.8044468369053681	3.323230464194906	0.577105022364192	2.69091973374048	-0.6442444558135271	2.9865480870523746	1.4893546704485314	1.6629720182732077	1.3123313447990692	2.183801670234914	0.6827044424577118	-0.46394701445290343	0.23745912357149493	-1.0676070801509103	0.9680700851074541	-0.021844499398371294	0.0677961411662503	1.5548015693474961	0.03115217161299385	-0.283276921653877	-1.4614252103828058	0.5592813358100533
DTXSID8023638	23.192928117102653	0.13234267291905594	-5.221444200053245	5.1897473095095465	-6.057321051273869	0.005811540362011296	-3.2204008398411914	-0.7027414241181603	-2.775797909808845	-6.792924148337863	-6.548220740201941	1.0488075926092946	2.585578631798492	5.247942451291868	-0.33720293484693814	-2.4094840317018824	-1.0485409044676255	-1.7202201832469066	2.2900288548732757	1.8052764244944162	0.11628166500927341	-0.14502368251841416	-2.032686695602176	0.5601775300924122	1.2501497558384793	-0.4234252779405196	2.092141726433373	3.2864201928521535	-0.7842291704866756	1.1294465294849383	-1.9590072220517099	-3.708347478988399	4.806021169632978	5.564574266516628	0.9075896624747736	-0.0614909742430991	0.6984985943686022	-0.4425434093924544	1.21490096467691	0.21868379721603895	3.7914631676894084	-0.9793262118823213	-1.6203084337479463	3.791586572587438	-1.254297354421525	0.6745358216792948	-1.3228937395714284	-0.12182720415855477	-2.285635406827229	-3.105317552341873	0.5870891845377325	-0.6062592182902545	-1.5263337528767005	3.297528481246506	-0.08393889231543508	-0.4516408281147993	0.049409003606078236	-3.2493779476834144	1.249404969714586	4.224536744415686	2.6551935263045947	0.8992428390568135	-0.020138113034369513	-2.927099611055306	2.4633491166278523	2.0538356930173944	0.17957240839585084	-0.9608492040355282	-0.7338947004197703	1.1029058507204208	0.01486066717722213	-1.6376836612863075	0.2935809762492858	0.761966777914692	2.0809786723961796	0.1793460772800967	-0.01950430850520684	1.3691383900689615	-0.7859862906894618	0.313763250962245	4.3580373016863545	-1.4748450196636835	0.631618056490846	1.1785781922543812	-0.019286381970879462	0.2569424180136651	-0.18143078963444645	1.5464252448548372	1.5177158275779095	-1.0278684150779553	-2.5116685046831955	-2.1295832802268406	-0.2686039423809982	-1.9827514931166939	-0.7201888319064994	0.7983921125646295	-2.447476153880311	-0.5526023170254103	1.428766806146316	-0.8973861699133502
DTXSID3048861	9.601226478516802	-11.055609189269438	-8.932079409280544	1.2409652111089862	-4.133099421339053	-2.437472756747043	-4.392965509450122	-1.222875640636633	-0.8869007444210777	0.44430873634937557	4.208709628816934	-0.3608899710773416	3.159248268473161	-0.5071985310057904	-1.4986117470853477	1.323895655516293	0.878368858621482	2.2008978880226056	-2.928646490645368	-2.464852779456671	-0.42961470007441993	-1.6809740071907016	-0.1886702235612393	-0.09827347665390677	-3.2678302688967107	0.1368180276717166	-0.47311590261569225	0.5643730861440912	-0.17393646001343602	-0.4714785422932359	-0.8923521467912559	0.08432917615838974	-0.22120052807146878	0.01946369797777344	0.4353761534289137	-0.5421271572191956	1.149318043494016	1.0763053979649726	0.7278984112693684	-1.3011973277883389	-0.2557935873661028	0.46326124860012363	0.02721626901263855	0.44304287456935426	0.04528627120951505	0.5035638545882317	0.36418069578400314	-0.384590490398573	0.08812703673764799	-0.06418477205317173	0.04348552660685396	0.4438908493221231	-0.0766026579360097	-0.22938141155010958	-0.30176360743894864	-0.4989895824966579	1.031735805192762	-1.0271662021986137	-0.7813038988778747	1.1123962911320595	-0.6160608017589576	-0.5343264362887483	0.056202162670294264	-0.014869528613707926	-0.6082978694036832	0.6562626431710283	1.0263988168511902	1.611458165975781	-0.30797472384836605	-0.8908511442648789	-0.32804720631585904	0.06240581374506673	0.13301442203508762	-0.24133381186297181	-1.0134544457230996	-1.0404468629598063	-0.9733482652554093	-0.056069364504599484	0.2681185199525627	0.1956932441546313	0.3314519499632737	0.376414424823513	0.24382267970021185	-0.6107798557167664	0.2042822387051811	-0.006453533913728475	0.7647747119523072	-0.06428184011100378	-0.40247773466469233	0.835295576725831	-0.0743074768480478	0.6317413269102111	-0.47766449519623894	0.6170108429571524	-0.23915889830297823	0.6712514902418901	0.4364029128922456	0.22626400956254344	-0.27233037394463117	0.48592818013690087
DTXSID0047406	1.7538423604098885	4.084311637352144	0.6362195841246641	0.7965358461284681	-0.8498706903290614	-1.3683461577585727	-2.6465877180663133	-0.43604796646521937	-0.3496798459790346	-2.6262845463914855	-1.0075742440268267	0.13227634942613206	-0.9428892684770854	2.721212248494215	-0.5149581356491784	0.5477919658536614	0.732894690397246	-0.08750587056275945	1.2424355913615106	-0.4647617626573883	-0.06519886419905292	-0.8227674417816953	-0.10959267757706978	1.0893120087241188	-0.21823507688692542	-0.2883856400222014	0.9490110551261193	0.14562832626156846	-0.07073292926173051	0.5425279078784343	-0.7701360842332408	-0.9250918207680396	0.9258156554081605	0.9655719129717221	0.4954852347637062	-0.7644929822577252	1.321928684969227	-1.2014299377916238	0.08905652143746845	-0.15459629847595588	-0.3986779246667782	-0.061553054929622646	0.31351172208942446	0.32280883207580485	-0.9003591391263082	-0.642893553742326	-0.2738925104600868	-0.8780445111510474	-0.40872624807489366	-0.27766366215246274	0.16293000236036828	-0.2856544410153657	0.08082077128008344	-0.2782270782161682	0.6408374391562622	-0.12323228686817565	0.1430443162319964	-0.16413606246737839	0.9019083456677983	-0.23717228985556182	-0.19197255458874016	0.927337184173684	-0.11260494032411723	-0.3434419942251302	-0.04147461393149669	0.9786326757395264	0.5279961778201019	-0.5833588649548953	0.5274791586496119	-0.27037812252900306	0.5661248005944738	-1.5247677316382071	0.3816608951579319	0.038525782524549294	-0.21425295609046358	0.09245341275988056	-0.3741934931426757	0.6558436978835792	-0.26773509908763926	-0.10001977723031598	1.4150613492535822	0.006664884712223165	-0.09828792811596421	0.48287709298895687	0.15663857931757655	0.06672817447238541	1.2656630035266547	1.0561726744031041	-0.2322609180709714	-0.3399099460893815	-0.5284540740721876	-0.5583553687830496	0.3707890412936632	-1.2186473660743191	0.05106381606190894	-0.16458498598996507	-0.48002822931538214	-0.2797925207489676	-0.7683166553888024	0.08885526430047297
DTXSID2046549	33.89154338967084	1.5065595655624362	-12.148112393729635	3.020794392802297	17.52887453245597	-14.147472237765866	4.240575255671141	8.339598523150432	-1.1459772487930537	2.6777631630407677	-4.8858787717803445	-3.6436846490665293	12.646758299566073	-2.576756497966863	0.5069620488531655	7.441364054501394	-2.6982121275001267	-1.1224459053596518	1.5204322651102888	1.559661916508043	5.419270397785884	1.7951791159277066	2.3050511555723756	-0.8388934582018415	-0.9575333364138123	-1.0178048151260577	1.4064845900502612	-3.0470690336374213	-2.2465595540740226	-1.4365259857557673	-6.311632489733664	1.2308204167004795	0.7995728103069368	3.514290289379668	2.036071364807896	-1.5921131452588122	-1.925816944754122	-1.9501228026511874	-0.5773452751257949	-0.35044309493888925	2.3307382386708184	3.333041501706983	-1.5778844807803554	2.542806524482377	0.5701190210085778	1.1720118283869299	-0.44185339163514215	0.0692432536040201	-0.2515918500806086	2.298601022546837	-0.25432657737775316	0.28647321208566556	-0.0661453622179601	1.1562341966109015	-0.23261195353171235	1.464424744618939	-0.3547557367819453	4.344692900595819	-2.4196098595425743	0.36553497026555737	-0.633589466846434	2.579129589703213	-0.4210931340506421	0.3255631109768051	-1.042644827288426	-0.9670305271917622	-4.300286387082363	-0.2824659806710573	0.6421173366870424	-1.128746453591979	1.0090015243429162	2.6043093540326545	-1.9824886715334185	3.2927731481623854	0.7735627183351208	-3.400114203152613	-5.328784303747407	-1.070893117832876	1.9912698291294375	-4.645829414519091	0.5868574676017622	-1.5227711216585176	3.5757720639950246	3.595537007437227	-3.811523781146342	4.191125522569384	-1.951342018426459	0.5915853151211201	-2.3367385189978016	-0.09245019294104935	-0.6712781410857903	0.38431408962062025	2.478743102863736	-1.746632030370846	1.779242399607133	1.688126561571554	1.8177412058168432	-0.3155771073378423	2.296633934976146	-2.7210940772328738
DTXSID6038877	2.6596722783762754	6.8344108872195	-2.585305661690649	3.3103874148338344	-0.7910594612619093	-0.8589844861065193	-4.603799573167433	-1.5230283744775615	0.24648167704464	-1.531673262229865	-4.153002600425312	-0.3517778601176697	3.8428058335057194	1.6539544547099223	0.407225153891857	0.1957049292583111	-1.3529247880207667	0.9258355643202901	1.2304699351818742	0.0006809662478422147	0.9357339340670625	0.411340429921373	-0.4069428052127548	1.0672055139047514	-0.20651766092784915	0.38463662077700356	1.320590693898578	1.537659259772069	-0.14060757654839873	0.9583668280502051	0.23785430388623446	-1.3777020582179094	0.08719452960638693	0.2576031408055808	0.4798985856736029	1.1923960380982397	-1.225309470219101	-0.40101431173549545	0.34981454178346977	-0.23959046997216527	-0.874867939217345	0.6376075468583462	-0.37604642384083553	0.6647428347020654	0.6041991643719217	-0.7230696094980342	0.4182337771386355	-1.2967586310027894	-0.18042102211479114	-0.027084829173952312	0.23677492424838287	-0.3458724035170423	0.20320101290385084	0.2004844926855922	-0.6046850424783087	0.03395251609130408	-0.29826883756315653	0.298781521200152	0.4246471519488711	0.5666592966338023	-0.7920134008762921	-0.1071275474714756	0.8870013471298428	-1.0089156667867007	-0.26795733633708574	-0.25008706126015134	0.06203184824725272	-0.7397906982085404	0.9726866479075598	0.23343350883979852	-0.973562966878135	0.19339847091981768	0.2188025851773946	-1.3974828629867233	0.653562649341324	-1.573433292698595	0.38359416146587483	0.06626015373313655	0.11108038000009339	-0.6242422174938588	-1.2748890095112047	-0.30092457607917533	-0.5941430232506982	0.2333552536420666	-0.10206946934020335	-0.046035527724133975	0.46275111572460537	0.012191929519896201	-0.48088368709436596	0.23520865135905486	-0.23350584673978617	0.19766991721485477	0.8664977916527808	0.35585020305667864	0.14861722721530304	0.5456196746707758	0.6254152416415618	0.15573579257860648	0.17212311149651552	-0.44456903413762716
DTXSID6046424	1.6191220835425897	1.431746541344734	-0.2982600727054597	-0.007350796721329621	0.5442088713155074	-1.7996231734949892	0.18461563373252374	2.890595906549609	-0.013751227663199547	-0.38149950551243783	-1.4560176876356472	0.5550177099544408	0.8883666127091349	1.8311367493914101	1.9142472509707709	1.2399787030231282	-1.0125842773495226	1.4825604031290183	-0.45723261613087435	-1.2084682829503197	0.5989683902349678	-1.1136848813664704	0.5537403489491723	0.8365200637732688	-0.2729377548241005	-0.5759371304943037	0.8187093337788142	-0.305645477222471	-0.004604862864530477	-0.9351489055861021	0.4491993470072079	-0.2296678069498056	1.2960625889083925	0.2744798094806572	-0.2810352035613021	-1.2669670066033487	-0.8483292086985177	-0.10212657701238882	-0.5418348653930256	0.8773345107349625	0.4881779258511155	0.27104184060128395	0.12369529649229302	-1.5340336939143506	0.03191937480203355	0.7834182593099105	-0.6069451155728658	0.6917231043080329	0.4851444825146277	0.05710290446156193	-0.31291953280374973	-0.21386066155118183	0.21613157155746804	0.19256077419759907	0.4703708339331124	0.7123509005022782	0.4991373110438785	1.3339576732499439	-0.8667998802043635	0.07880372498070491	-0.206911124014147	-1.0522730502550437	-0.21466036575393588	-0.291378219247337	0.1881034349604182	-0.14986730428268083	-0.5812105426047012	-0.7841032562320918	-0.7629676098846812	0.0846655261909417	2.646593090297357	0.8181103863379826	-1.3443390008574894	-1.3057850942991422	0.34884273737410465	-0.3065779145473711	0.2373671015751029	0.858866008958516	0.27267066196210266	0.6195307624882379	0.47036472747399244	0.30302170088290503	0.3433339162687698	0.3607905208939704	-0.08090621446793315	0.29824916794943934	0.9490526525767173	0.7417002362556114	-0.3141786700726991	0.6458884807832656	0.27683639238885205	-0.38932402454324816	1.1339886360916296	0.15534367574383476	-0.03575981488787073	0.70227012556381	-0.05348056346841707	0.07720806558618604	0.7211690822189722	-0.5841487224559357
DTXSID3024364	-5.438328319430116	1.032337493133238	-0.8132833888401653	1.4343101128552822	-2.265333210876769	0.740032197231673	-3.2103104450706597	-2.293545590356785	-0.8084657739097993	-1.3895508442065696	-3.3564306150543333	-0.552036335501234	3.8942791237929506	-0.0014010676067497038	0.06652907030205198	-0.08174597486626757	-1.2090272801012356	0.18349544494571277	-0.213066966977357	0.7026971822219427	0.38578553543218363	0.7872465150863219	0.140591832369412	0.06105244906148163	0.32066197586534134	-0.11367700042407161	0.48895068588686036	-0.07407967793426846	0.0699089461550406	0.14091311394214662	0.13524728616297785	-0.7524830999542611	-0.5559584149987781	-0.05234218235787414	-0.749206072928633	0.2313445133400403	-1.296474121389488	-0.14827135459591984	-0.22627556718295663	0.008161672722148341	-0.4673242402786428	0.29683079081214964	-0.420500627100041	0.09981953543328301	0.4712818854954969	-0.26751265788241274	0.4104788919578909	-0.25402487308544996	-0.39731094773191244	0.39590015657901473	-0.146760786191301	-0.3975814747256397	0.17541682696781363	0.11933288582048053	-0.5837554414490949	0.20180299616075553	0.05594189977393086	-0.005406121072470955	-0.4410787207033659	0.42982042670872234	0.10775761417283508	-0.4255268923680985	0.8768731789935919	0.7140758084948833	0.09181624927369586	-0.5320431274536468	-0.24062469324251362	-0.8370432743750118	-0.018218901977586327	-0.5895089489247533	-0.626819866453077	0.6090675354057002	0.3524612767959405	-0.8124863147293181	-0.2191834409927735	-0.2887616191625376	0.4373097482011965	-0.6483038423144111	0.11735521122518383	-0.05836983832178195	-0.05862689770780163	-0.1321477587973038	-0.05892282961390909	0.2288061485948718	-0.559176193856141	-0.37641393790110006	-0.24707905673194475	0.2421971329858863	0.23078039626833605	-0.15006108289655243	-0.6187476231789488	0.19357742022609326	-0.41809555015905925	-0.06322911097272711	-0.08574445677725352	-0.38125651033052915	0.3406007261998295	0.02785350478593747	-0.4974833460155963	-0.09996497902860293
DTXSID7021102	8.43978066495676	-1.4764816200946063	-4.566953462231455	0.8948031422025451	4.846788227345599	-1.3622349306059076	-2.4355716213814516	3.313788943597946	-1.8117585033713888	-2.1160545972619604	-0.3235730088331051	-3.4184090348813663	-0.42144443637230383	-2.6952620998670556	4.2318053086843515	-1.9681337434540322	1.8947818480459098	-1.9025613359760494	1.1875984375725317	0.47761199265115695	-1.499517183313295	0.41128165156494234	4.740878801583702	-2.2698161650116377	0.47398535727430746	6.554323610969138	0.6253357707648556	0.17351869425678632	-6.121710873989485	6.66737507979518	1.3673622125938918	-6.099364512634502	0.38517713397819153	1.8283003624118233	-0.4317531791203396	0.5962474156211595	-0.5161673338021628	-15.89739192803964	2.166775077798363	0.7879482230807451	-0.19298699103915948	0.8825385903762532	3.0001870154563326	1.9697881813587415	-11.373546138828623	30.573086195004272	7.2721459379557585	-9.409905978644735	4.3242171684856245	11.148550933116828	-32.859093496902325	4.896330091705331	-17.0563062601261	-6.2236091536137605	-17.55083678831198	12.06380104251111	3.4012190006180796	8.450181596969912	22.097443529189604	4.256620119726604	-0.22707598543969018	-6.101712498845485	-2.4860485027598562	-1.9978021098703118	3.414485074565131	-6.605301858516286	7.0303080691979325	2.1902881166431225	1.3392216160607533	-1.7115901115174188	0.456258491558331	3.525661411750473	5.370888810477694	-0.6717326631830276	3.3369081466929593	2.1154566054607793	-0.30817130483513583	1.0695309324978164	-0.5253997552451798	0.490654051490238	-0.1134334757423858	-0.33570136333565936	-0.8336579879512828	-0.7881616669520276	0.8951945613161503	0.9555567179425345	2.450226114216969	0.026347105184903984	-0.022935603891419933	-0.13352946451757236	-1.2369346389255487	-0.49694072047701127	1.2196932406946088	-1.2312827161486897	-1.4146962457519359	0.7013140526556929	0.2162348826152672	-0.7702074913030164	-0.6007738505391732	0.23634874618029578
DTXSID1024049	2.2694252459853543	3.4663580488931873	-3.2979629125659313	0.906490704953953	6.59144375376674	0.20285785108848453	-1.452660380133674	4.836666758750699	5.896146378709354	0.5539177850376273	-2.2154716312360017	-1.0654526811411007	2.810729767998728	-2.010434270650327	-0.2928876537729639	-0.22437325007439887	0.49031379215269777	0.5125394830633625	0.6077180665459152	-1.2641529866420325	-1.1322702906585718	-1.4082774145551062	-0.8555267709493011	1.1784476174116212	-0.9891396491326001	-0.8819224287147919	-0.003189720307776321	0.27110693486393184	0.1241614947833271	-0.019132224858498557	0.130585635624915	0.2223467138743165	0.7689966353943032	-0.8330421323587938	-0.572452502196443	0.38936898365151157	-0.5230137272868132	0.4654672722298376	0.0008483377488153665	-0.5016851484785584	-0.36857500080825195	-0.5570537549393622	0.7679383390979554	-0.20079008963106232	0.25181516006264587	0.3504811240927778	0.5348336825103625	1.028898399135559	-0.0012922510706077708	0.022614291088020134	-0.25842903783761534	0.641130056886372	0.35102412113712744	-0.1626592480937392	0.8769794721890252	-0.7243222362019393	-0.05892748592815789	-0.6319223977221419	0.1292547330661874	0.15732162461795648	-0.047962017977508965	-1.9804370665802424	-0.8974380355601782	0.08121268773579646	-0.1355445316367286	-0.9049740485987106	1.0399309083288497	1.0761583463505884	0.8198796770384915	-0.7980675655939747	1.0233573260533433	-1.3324310873945908	0.37866915701077525	0.6129930756883785	-0.7063165805419069	-0.27311679024324503	-0.2629635742346155	0.5606463401432937	-0.8060209658836645	-0.07588091608904746	-0.33909106741478645	0.06850777613535342	0.9803816862301675	0.13528526248484968	-0.10957898911585816	-0.4964739729649574	-1.392810722095209	0.35059328049618704	-0.8005694734574452	0.4505296287065626	0.4819227183756879	-0.4705934646307692	-1.4978056094631123	1.8460742762713593	0.689664593512254	-0.041116023686018244	0.09588518138153478	-0.39001739456913	0.36167201835147744	-0.16746414812026092
DTXSID8022406	-0.341623636401669	3.799428074111032	-1.7712189373171154	2.741356755404376	-1.5205742778454991	0.6281993212297319	-5.848382643335833	-4.512127083399517	-2.5766999570343585	-2.386922861922756	-6.565424317322313	-0.7394422678876291	7.533590210283887	0.32513558133939907	-0.12986186548159653	-0.38201985569000535	-3.429472532694121	-0.41928879505145145	-1.6848695336189599	1.7756875431668726	0.8862391939632687	1.5784985398820195	1.0228767120718976	-0.8769368791827168	1.1157569877360833	1.3414889301366681	1.0621310855645583	-0.012425508514778066	-0.4796112812779443	-0.4266156150956488	-0.1181596034102046	0.18192984624891068	-0.501956974334617	0.2604234621690483	-0.4474256401656694	-0.3387206220465671	-1.866268255433809	0.3442525440955607	-0.4395354457282993	0.06658828218529855	0.372664166988693	0.3978323470457605	0.015961213476654947	0.1631011576489204	0.0388066603913359	-0.10011582409101498	0.30430009384663387	-0.24958509262448123	-0.45934523649535236	0.2871627923432651	-0.06641428151721074	-0.23147066891210796	0.34994107468589997	0.29152161024976486	-0.1483262194031055	-0.04504432977754751	0.4811592855912726	0.34725829182248175	-0.795476897095126	-0.6287213324992511	0.2182247671990586	-0.06446573394288144	-0.2640872346962645	1.0236501624905383	0.34310429423188954	-0.9072779705208067	0.1271699249768893	-0.2892866789307077	0.5120343485745729	-0.797119773606707	-0.8395397215401574	-0.8430220296989219	0.7539835769570482	-0.28669763808568033	-0.298436924446435	0.49543271559449825	1.0146388751760504	-0.02574691143558621	-0.1521993861505641	0.3799503875454371	0.2974895225325174	-0.47860884071345927	0.021596483139776124	0.04878889097147683	0.09731142558121926	0.6220694400627255	0.36080627374720237	0.3362861738301319	-0.07403521326381375	-0.7494291154879266	-0.19663950931387852	-0.4096236189229199	0.6398084538195687	0.2979274616697352	-0.05070668697154802	-0.4942957521080819	-0.0031661709232644955	0.08383502244435512	0.49517122380372275	-0.08270980949264538
DTXSID1057660	4.624365676779818	3.4761859004391087	-2.8138488855136856	-0.1679730712873879	1.6437987973221864	-0.53431079754391	-0.3557249663530345	1.6946115682692893	-0.16371615000458958	0.31113609497857214	-2.129936497472102	-0.13306093664960852	-0.07342900089496066	1.6373678554611948	-0.5732832351488497	-1.6574182270168745	2.396194477393089	1.030685031521617	-0.771671014527554	-0.623026720630294	2.9273461778499894	-1.075749747684072	-2.112357765581105	2.0422627145857284	-0.07917479831563569	0.22014777783748393	1.5248746600739747	-0.055580384425589484	-0.17712231532634054	0.07660759878850225	0.28510625823157565	-0.2573200551742929	0.4433778858914589	-0.15762841007423672	0.24539642371614245	-0.7310529545618353	-0.28486778012030756	-0.9528653953319576	0.7108015678944322	0.058731621611195294	0.8497643700582084	1.5420439982895138	-0.3480601456096933	0.9223861311800154	-1.2555876374703692	0.26285405609248197	-1.217579141462748	-0.2771658751594674	-0.33607733391064976	-0.3416489432531064	0.026132412667336156	-0.4354480491431941	-0.3294457417146414	0.678007335169523	-0.14038313074460884	-1.0895480607324144	0.5424462115120249	0.0901218486040738	-0.28813931064539594	-1.1761405535511276	-0.5315325816056045	0.562555298942134	-0.1725305817042417	-0.6766715140140284	-0.4116659556144487	-0.7953601615445561	-0.1104304604632201	0.5486550568076979	-0.3406710937548781	-0.657051797726914	0.40648170749825513	0.04257425829543741	-0.5394915490943373	0.3260414136603015	0.9392435221239732	0.022960498284718696	0.18926847549675146	0.30176397527543847	-0.29155141157779046	-0.31964649964399205	-0.2798007587047438	0.03323493111416814	-0.17403457304039588	0.7880887047493331	-0.7976616012591354	-0.3501220450912758	-0.34226763687537226	0.1942657385681955	-0.7043403892103196	-0.3396528787398718	0.03100035931411609	1.391135489643174	0.41563460426680526	-0.36524094648068667	0.7393420241598831	0.3609934647756885	-0.23678377627056513	-0.5854180757325608	0.21327556487255342	-0.12007589788534281
DTXSID1020855	0.06924067922150837	0.5920315794597169	-2.383509349910478	-0.5802997686875129	1.0225289480884867	0.6176944189109748	-1.1438084531489021	-0.4557054624199083	-1.4949485404938028	0.2772664305240665	0.01411160646218889	7.41484687442525	-1.119054037929115	-1.3205480102709641	1.101175585006629	-0.8959458208249939	-1.4787805861972794	0.48728199621123824	0.23764202268762105	-0.5826569248909097	-0.19816674525945271	-0.08463100774179076	-0.5264762935312975	0.2402516129826855	0.2559502125989274	-0.24272575803887503	1.2408061551775365	-0.15110475953871155	-0.1626084425849067	0.8163047132695093	0.31281632128137765	-1.065145376696985	0.06909974964583178	0.32993786733160113	-0.21538193327401747	-1.5174045582434266	0.13896842826819458	-0.29370298074588175	0.5436886546567015	-0.12185407053842007	0.2884333773044783	0.30662206748906745	0.18767511953509067	0.5550125848550215	-0.44232363161895805	-0.058766675011014666	0.6691434074190684	0.20702764399443607	-0.034522647656263825	0.14559068721536525	0.12252009194732326	0.0773365755110193	0.2694537355503169	0.08482571118537209	0.35416755273004763	-0.9795880499085466	0.18805913927181772	-0.32771033380555453	0.16120554400332296	-0.3218955236981939	0.35766669706251186	-0.19533522185155916	-1.1828745485317111	0.39591571959369865	0.35952173424466094	0.06623224929622612	0.13977117120330682	-0.1761550328131353	-2.013719915676458	-0.4091404922801167	-0.3843880212964958	-0.33288203921540527	-0.1300779868078862	-0.23195629141030366	0.1750814046251717	1.2530827289359623	-1.3305245140861173	0.43078921293205175	-0.08774027997880393	-0.25401923381032376	0.1341823349012394	-0.2688912772574822	1.7050606585613526	0.5696712597408033	-0.5031990217237112	0.018726170669890147	0.09340853548248611	-1.4182333740005966	1.7898987415493224	0.4406127013373516	0.34044407190297077	-0.32994724749930643	-0.012599360681056302	0.7107883503388608	-0.6287876249202147	-0.3765629928305092	-0.012864273689535353	-0.13123889919025733	-0.6645210917566758	0.028005518322008004
DTXSID1037197	0.14571995537593777	-3.401961837990686	-0.5313588268570808	0.31293800260600574	2.7153605636784293	-0.5045066698967091	0.33417913767567026	2.16376221830946	-0.19194581129265037	-1.0649581902857352	1.402477060036844	-0.978486750168732	1.608861453745667	0.46499869253390463	3.8895906551788366	-1.6318039843409728	-0.3105540353613836	-0.2478642955058183	-0.3891575008348487	1.6713126465002877	1.3530777786048593	-0.29715971759758364	1.549539735673118	-0.3383987197204756	0.0430451219511925	0.7930610509593101	-1.4424426775769263	0.38676405750031406	-1.8961550925050328	-0.3794436158770492	0.7459835538916115	0.02246760506818803	-0.565516906004572	0.22800247170550142	0.9806467742570647	-0.09600637433806256	1.3543381346380308	-1.2619660659931193	0.6398215633519116	-1.7456768589611116	0.6244939906955708	4.063231014204066	-1.6122042801066743	-0.5378652976133261	-2.032756584299267	-3.444431132650783	2.68513021871804	0.6951424605249391	0.9876919424676291	1.7624222406888783	0.3838902587667324	1.7619974688712248	-1.2670582475449323	0.8191286303557671	0.014560107747266219	0.6706172302638667	-1.0638430807578612	-1.1651911448461294	-0.4731278588666849	0.5992759756719428	0.1348476144794813	-0.24025411477087097	-0.548472893421451	0.2568801466365869	0.5350656755439751	-0.4083616599608025	-0.7811113444162106	0.4657020526543383	-0.5728960499997061	-0.19677277668072538	0.8856773023588449	-0.18775703086421958	-0.03784814300429042	0.4323419638427892	1.2647574836229865	0.012581632345398235	-0.3507795965060775	0.05994291015697964	2.6279360805599308	-0.10910836128387442	0.23001104358292154	0.4158591509751216	0.4690982493229063	-0.16593509444063156	-1.3585479841494446	3.4609527905725708	-1.1998387718794	1.1059606311594758	-1.03877505854058	0.7011126659225635	-1.2222932627466923	1.5800836679694361	-0.5736906536550558	0.5993979114313299	-0.03442033205822121	1.5605604057918676	0.34789352074059504	0.3005877363908845	-0.024817679891307405	-0.08165198354628556
DTXSID9035175	0.2269488872005488	0.506857561957453	-4.306251872703576	4.501421060276605	0.4935234571460225	-2.1630339623823476	8.45214414808895	-1.7731706667479472	-1.1974496467901825	-3.9715476278464528	0.2635675740853994	-1.3809160333748223	0.9757475500698556	-0.6590551749029413	-1.7335265375177518	0.7824801676019388	-0.2238664048742278	0.054468096886646236	2.6830342004954866	-0.5584407510128554	1.3868531920486458	0.5407392756356733	-0.4030937100813169	0.9787035515156031	-0.7040717286024633	0.22159374078238228	0.2748824715359591	0.42747768038222367	-0.07989630748358702	0.2927833400210314	-0.37515276362913197	1.3220295244739222	-1.2690422794463772	2.1605820730472285	-0.8042287724360252	2.1615196018902685	0.702411711785604	-1.1154078589972325	3.2899686380070263	-0.17472917336026872	-0.002593879690986	0.8900612854977649	2.7606230905599394	-1.7540306704948372	2.859069602840195	-0.04197010892269188	0.33285187606548283	1.308787703963916	-1.1240428282060002	-0.7367399289207403	-1.0693143205148752	-0.8892763798523767	0.5047801125570336	-0.0048372109047676234	0.5104093460400893	1.3380953732199152	0.5005816268679902	-0.9728596118047755	-0.07783079412709555	0.2493961616655419	0.8141780565032041	-0.934267871557955	-2.6300622256164288	0.2688928711986948	-2.9905659943964302	-1.701540036569022	-0.7430547702435402	-1.5699592494129306	-0.4100598954034416	0.0901639320347143	0.8374028879838952	-0.4439447416338087	0.7869044715662845	-0.5415746530031849	-0.4864716242195376	1.5090648758513632	0.21738705766972166	0.0503566990535094	-0.4338348584452402	-0.6040661174806482	-0.2548857293385899	-0.9157207433886555	-0.0679361683447876	0.6236208623985421	0.0815783179228694	0.6689736415615781	0.7243721123985448	0.29486349974208903	-0.5032819947908499	-0.2900009585085572	0.4465033191353468	-0.1836008687463913	-0.008604237322106361	0.6900983349477844	-0.08099912674064282	0.5118627682620727	-0.3292164579840663	0.78138789054006	0.677234869832273	-0.35266679650268606
DTXSID0023323	1.6752109735704095	-7.726827335159771	-3.9833290036905726	1.211339636957464	-3.780517814539136	-2.205271849909874	-0.21745376436135955	0.3822529567407706	1.9254012630117765	1.0674729052446168	0.09585580285229862	0.9098921690186328	0.5217302708316629	-0.25418386405962384	4.101864796449563	1.6394098769568821	-3.92084465117973	1.4215450594844106	-2.6279450863528697	3.3988308459401937	4.140849190105012	-3.025519212870184	2.1824063183790408	0.9201029605706571	-5.055961684700496	0.23688087295374458	-2.726947573320403	-1.7360028722490024	-0.6303227770051856	-3.824268347415221	0.5601003499622447	-1.2723968133718069	-3.372172583596516	-8.309619514487883	1.609742726021308	3.7993360180745595	5.932497177390507	4.759255854341278	5.693737684133275	-11.117273848987713	3.531086653232216	-2.7018192383669404	-2.5564569321044766	5.794831400174256	-1.3246082189611352	1.6191550841680484	2.5342176742233775	-2.8247370928963873	-4.761009517378119	-3.264682736802042	-3.0154794305798807	-7.382627362252364	-4.105762118871615	2.0069921752273645	8.525018062338669	7.070764324067524	-1.4038339613712318	-2.34785204751871	1.89550076241274	-7.641301666538918	-6.315810719224238	-1.023410751901859	-5.381395352933917	1.877479579763369	8.123228700646756	2.193563105116975	-3.1213449342692288	-5.116457133600978	2.3518586234279972	-1.0717323195675001	-1.1821341235713487	3.2408615968627665	-1.3847168692139624	-0.7269338010443774	-0.42443519923934625	-2.697002088650435	0.2595290771578311	-1.001877316634763	-0.8011097396208177	0.3755296511519096	0.10179111798129087	-1.044626839981233	-0.1271325999329344	0.6046274383567867	-0.06832771115729135	-0.705602119596752	-0.27803692316441914	0.22121319017476612	0.07615248378158143	-0.22781058731276504	-0.8233697151344472	-0.5210594945044804	-0.07390264056442475	0.22803934390260075	-0.9570130995404471	-0.3548195423896049	0.5562316596289579	0.7110960364819745	-0.9256573490285036	-0.16316629954701167
DTXSID6044725	-3.9071821631179433	-3.907203375101681	0.1309393231598441	-0.5191108867802718	0.2043337472858773	-1.253144061824872	-0.797072209608086	-0.33723941313930855	-0.25756731165111557	-1.1553855311414802	-0.5323475796849632	-0.02117883001285917	-0.2660662973137146	1.2895547895811488	-0.49055425917003315	-0.2573629384092252	0.6981812754302931	-0.17956797638731162	-0.08506755729491874	-1.024387946114114	0.29808340180671633	-0.4078465435184028	0.8939126600011064	0.14843190041168258	-0.6371087015564072	0.16087553153520712	-0.3883234570625067	0.6037090247049934	-0.06870682237124426	-0.3434123080194507	-0.3158445949632306	-0.041451156133878245	-0.07189475601008233	-0.7839072693166452	-0.07054003818490716	-0.288128044548968	0.1565077945954711	0.4076156647498006	0.3039483928682263	0.030469232164347087	-0.15921392344305768	0.20746486333430236	-0.0887602524905824	0.11529140234281637	-0.14955393911631149	-0.03517292427888304	0.2392212876927468	0.015947207299718096	0.03739229562697305	0.1794089465158194	0.07388918062415886	0.26400346217939596	0.2555780168752509	-0.1963240541671044	-0.03873340655638802	-0.28047539064174826	0.24081677544273689	-0.1501115738207164	0.01450042884818826	0.21462252131422782	0.27532453767849513	-0.05541025007776597	0.033811516939447644	0.10494559329479757	-0.07672797035427288	-0.12871552046138943	0.9034464649082263	-0.5327829526797802	0.044535800647445084	0.2366754746290803	0.30679915616335035	0.1529606958487105	-0.24858354872491997	0.034398253254137305	-1.3703514827326184	0.010499072116425279	-0.681650021395519	0.030731006437570863	-0.0930364017522207	-0.1623921418632556	-0.22357946649057137	0.3962736710118593	-0.08378319880085991	-0.17400997460506684	-0.08685349344834892	-0.24753677277600794	0.3627435981824333	-0.05068675865729781	-0.06013752663665955	0.06589233468244378	-0.31708652776001295	0.2624309372298364	-0.007884801724975396	0.25190785956098993	0.11209653230684487	0.36031660237337043	-0.0277883181271053	0.16879857213902336	-0.17263581131862832	0.06280728280041932
DTXSID5047873	-0.5799061268658443	-0.3720328984516386	1.5320598181871063	-2.316962490808946	-0.4972532234100594	-2.564913388549833	5.0025319161292865	-2.393992719994057	-0.3770392097167542	-1.5846617324218724	-0.4145886566943518	-0.8411332129301999	0.1565674831234125	-2.180570560317564	-0.8744731294580905	-1.2226906588246302	0.6568256541236226	-0.9203242860211033	-0.9395479491415637	0.4053987379930855	-1.7700591104333716	-0.1842378711305753	-0.6475744031077482	0.4945974396079446	-1.0643957810483284	-0.7871592970760418	1.2076232706862953	-0.8347357279811733	-0.0888979036612072	0.9198264429421987	-1.2210964117518022	1.2475126796575358	0.9812666771685369	0.17947189389207283	1.6512699151870993	0.5511789016180221	-1.591970142893268	0.3177135182981456	1.0643386046729382	-0.31299441362495783	-1.168608763307829	0.1226710135067194	-0.18586002707111085	0.3510374306641485	-0.29039780440301516	0.2568895053759727	1.0995027678893678	-0.06632869348547249	-0.5249512148891091	0.1819890142275189	-0.21260284534579005	0.10355291685262494	-0.24711692009489988	0.1360661575206378	-0.13779386611766717	0.7039514081321444	-1.16383044805592	0.5687145754275282	-0.9753786172409643	0.7083497747041217	0.24089929570826363	0.540639664491605	-0.13538005199182082	0.48434369003470873	0.37217751679908045	0.0774402174628335	-0.20872249590618397	-0.1854783395814948	-0.520769674430199	-0.6559722006321187	-0.38840132729880267	-0.08720887175679709	-0.4675820522747879	-0.18790892248621607	0.18455685155679152	0.20466773252082612	0.00695233015170084	0.001621590488983656	-0.6084249600196331	-0.5212851326289827	-0.36744734245492455	-0.35461942082650044	0.38892179153332707	1.0265476548756753	-0.4167023149030987	0.052408244919417535	0.11256343882491505	-0.7458171514724713	0.02185374496109758	-0.7487404818125236	0.014363282576042682	0.07438791366077138	-0.06419322983104614	-0.34089741077306557	-0.1651432948910795	0.8217438982247014	0.4880598684106632	-0.07285222620510094	0.25582179164479024	0.4798956273445676
DTXSID0040678	5.959034371067209	-1.3676887156091082	3.7376597456797556	-1.9806992897256985	2.953062710605547	-3.1070105567076722	-1.1173992724222355	1.0697256433317905	-1.4355672824736876	-0.6402286188199072	-0.2785736737526605	0.449985132837516	-0.932522528736329	2.7876425777224436	-3.073760264596073	0.9687793029966192	-2.2495598010713524	-0.37312123417825066	-2.7613993965463868	1.9476519053237586	0.253176691411657	0.5130816497523399	-1.8480803963886547	-0.47474669200072733	-0.33608182663673863	2.0125091098023815	4.111819496843439	-1.6351162665256767	-0.5069680642194857	2.0084192597075092	0.9155887852887576	0.33714076426504724	1.4875091924804575	0.520210866231398	1.9650666701976107	1.2831474337616686	0.013048431962292812	-1.1033789995446028	1.386160774156144	0.6546252025761956	1.1938827694466252	1.9747217412194815	-0.42528924441311433	0.8272891284590167	-0.4234953479729105	-0.22141962757852413	-1.2031829552780007	-0.34222556356423744	-0.963058501764037	-0.08735771201593656	0.6363580606320682	0.23999635501943314	0.0017276397508946479	1.163566459911183	0.49225817384490833	-1.4077846938150949	1.637607497838467	1.1144715058068362	0.6590454100659519	-0.2907623294557319	-0.3455326905662093	1.7022873334492277	-2.0875029342397937	-1.8746969893450538	-0.6994865106406338	1.348615490508997	1.4218323990511794	-0.35400747239225816	2.049159826995386	-0.7819561187538604	-1.8129181123190121	0.5774862976308842	-0.6516315220765835	1.720341114312477	1.9604396293787334	-1.0270099898811171	-0.20944363810521613	-2.691050848257728	-0.5339211773058536	-1.3219567070934144	-1.091505370536798	0.3677920017027291	0.3496978147785682	1.117759537497789	0.050716324437570605	-0.4617549904554708	-0.3918220242363438	1.1076581776914691	0.10889944717298378	0.1811763857041093	-0.7260435377811734	0.5243280930978155	-0.48119430585272893	-0.16551783064438527	-0.07340183923410161	1.135829263163478	-0.4451388192608059	-0.3190936132668125	-0.8307329946382452	0.8896640745706664
DTXSID2023519	7.673697576846249	4.114929103884515	1.1271718191548576	-0.08627139871917985	-2.6986741338460236	-2.567849561982185	-1.7262080910649729	-0.07899229778728271	0.9787312283281054	-2.1493738788872783	-1.2002207421574609	-0.19924760979615166	-1.7444640432760505	2.1320585398717293	3.4273099659339374	1.3461635720318792	-1.8302258211735218	0.44645962771590514	1.3740355452521495	0.6713151397785269	0.44382909658381636	-0.8649260862430426	0.6487438259266174	1.8316011102957506	-1.9243891727522802	-0.7068434109019684	0.3929404284271696	0.16946632765678146	-1.207601233318023	-0.3508157979077404	-2.0109344083938083	-1.5010590653594014	0.8553241851554804	1.7705973801237576	1.3857700558118597	-1.4247956654152323	-0.26192501932300166	-0.505346092540759	-0.8833214507324888	0.6737555559324148	-0.8373636215059633	0.06368189492420064	1.724240729656614	-2.244888126015143	0.8036433912523054	-0.8934074289164544	-1.2180214094530957	0.33383005914993213	0.21796179146965775	0.45090622307464495	-0.07033802952713065	-0.4545464318261204	1.3158982047488892	-0.660337437780029	-1.6274973587275925	2.5240513155384856	0.6650304283906713	0.3615943467127866	0.8566244740616873	1.1178170528131857	-1.3573309078918612	-2.0500162437327583	1.9467340921320597	-1.4945478612550753	1.27421111955759	1.1216976910779668	-0.9549701843259962	-2.2335863436954875	-1.168313706484771	0.8871975262352491	0.6919140673869059	0.10861784136642139	-0.7695558730719932	0.2695536872096745	-0.6523127425393974	-0.45088237391244324	-0.42837750431702515	0.49837147340125687	-0.7804625025527797	-1.0738894556540213	-1.1943539771370566	-0.6342529751159668	1.0716759194987902	-0.21244531445844703	-0.06903318993432508	-2.181939278196639	0.3744618240076165	0.3893681574294241	0.23955093802408026	0.6544747811462307	1.1651791454368485	1.5872591788408095	0.09098554477893969	-0.04815570597682063	-0.5450137487247438	-0.2814089503285923	0.176105055637664	-0.36141614695839774	1.2570645242956462	1.2046115260887276
DTXSID5042322	5.106527113071792	-1.6869977395258384	3.0436847090678536	-5.89075760179501	1.057370830437783	-4.146397815518232	-1.4392834652833473	-1.703389259424249	-2.941246554919555	1.3470256401240388	1.4357322204221563	-2.369040310299383	0.24634395171935766	-3.345173508020939	1.3379489674479748	-0.5926549594843011	0.15870111570673517	-1.6677528315602614	1.5945626295947373	-1.0244630600612028	-1.6568844311148714	-0.0385316589622178	2.8807593658608557	0.22941665084950247	-1.8436128458649448	0.6160610999169924	1.8780387854354426	-1.152257355732259	0.9554227346662164	0.9333508106343334	0.3964729071713826	-1.7991513023263954	0.2979120788040193	-1.158586567244954	0.8413079111642378	0.5505131087526386	0.5370672380096534	0.4916693735810314	0.6973283987845204	1.0216750420602303	0.05600445581641484	0.08372533084418722	-0.002374833019285831	0.5439888580730753	0.38912682985507163	-0.07946884133532976	-0.27969538885518613	0.058286577314553584	0.4270103457781931	0.8120183785393913	0.3098236462818805	0.267781283424808	0.7813769522083949	0.215963091237122	0.46437213065947675	-0.07686028527823015	0.952738081606523	-0.7075005778487057	0.29822200595018583	1.221096822640317	-0.6153559052082513	-0.735069553701263	-0.7943480044413449	-0.3318732792510079	0.21112631572154003	-0.1850418851822845	0.26771211069972145	0.19487639236729487	0.5630379529588515	-0.03587571173324043	1.1419231180917844	-0.8901245995188523	-0.5663351022112603	-0.4166256367718067	0.28536185054494245	-0.20478471483461833	1.7578849761005464	-0.7283317432398465	-0.23377092608186173	0.020209473730066388	-0.833530537692165	-0.17560090781058663	-1.3216912714104891	-0.4781138997841173	-0.4811723727355851	0.47724903304693206	1.986860148658722	1.1246616715388327	-0.4476466218300479	-0.821870212540549	-0.8917971267189982	1.038349118250946	0.2971763953318226	-0.09111451666343459	-0.7688620124611235	0.2651194784650191	0.16750982518023547	-0.7892302821653416	-0.1598792751328382	0.7820470851919921
DTXSID9034232	-2.2678199965994685	-0.010724736950036826	-1.0443690539623234	0.6074035953962331	0.05627072250894732	0.7845436771412052	-1.9837033508736386	0.7201737009407999	-2.158673010233189	-1.5501033762897187	1.899264626301824	-0.9598967929613753	1.8918173627285404	0.9161561418690773	1.183452227799528	-1.532326470841089	1.9959518932047493	0.7878284683913389	0.36441235832768815	-0.38576696013524137	0.6334057516615885	-0.7307908252064841	0.549056426908336	1.2935748005839565	-0.17500400736728744	-0.024469723420805056	1.0027302869208032	-0.9726488089144395	-0.05690654270532071	0.40148343694238203	0.5070651107240877	-0.06087038682019216	0.4945527530610306	0.21059010658788116	-0.37848643522610087	-0.7729771416224177	0.6667957733642378	-0.012132583019326855	-0.03170840119025117	-0.3923591184052122	-0.08016887238138001	0.2738740316982478	-0.9605018558591537	-0.24019272923970555	-0.39798179314319454	0.31710747845300297	0.6326893887826655	-0.33196653300298457	-0.13087754980853447	-0.15673486522397428	-0.06972232115654707	-0.08315250262519859	-0.024049272931983914	-0.20031792055924116	0.1547080475702876	-0.24866207672388638	0.46595921648367505	-0.5895519629872998	-0.7196490262190102	0.2851978228055722	-0.23284044646573362	-0.5208325470122972	0.3081301428955456	-0.39010124697145654	-0.23093025983888463	-0.10300445592449244	-1.0681678844022886	0.19760353059687202	-0.919487109899504	0.07029256728920943	0.8320896486436381	-0.2726469754827115	0.5517543066734302	-0.5070562281192676	-0.33386965012472203	0.4635523724295454	-0.22812056240550513	0.04555459659764066	0.013998060900682839	0.03836643276573474	0.4006410057391416	0.2433345753347514	-0.2238176679993041	-0.13576929086674544	-0.05401782075990109	0.24475283300012343	0.5276225816177256	0.07010553460225681	0.29968851923519757	0.06291079040835017	0.05023908957310883	-0.747579806371313	-0.6418325256692065	0.5113513636484053	0.11713709774176617	0.5541889895331022	-0.2489079607173599	0.008438723408521276	0.19831967066660877	-0.059075923197952726
DTXSID4026181	2.2814826005399484	5.441680553787517	-1.7608156474082686	0.5239868993936042	-0.5094203595306673	2.1221877211028306	-2.612617384389698	1.5373900196753265	-1.0027835011902615	0.11807993584569887	-3.762277141158704	-0.12123553234347302	4.347632890894379	-0.766660341173774	0.3470499610490442	-0.3491751051309407	-1.835613158451545	-0.2709665869606653	-0.6362990740349522	-0.7533062443461321	1.0497514327773358	0.22711913793353916	1.7253863659383935	-0.3787306741139451	0.5615865711983757	-0.13559514402597056	-0.0554287177214866	0.5455250025561863	-0.5128104129395094	0.050587571898294166	0.23126407884286854	0.6630034513779488	0.902108011723323	-0.21815429224236782	-0.10027256469776293	0.27769779108668197	-1.458734673965781	-0.3224766001427138	-0.26074543745692375	-0.4877179036425315	0.3138488432891826	0.5807056044652578	-0.15365513065996067	0.5263155334205281	0.07827119993437062	-0.101780032441803	0.1196556564645358	0.037988909919317734	-0.12334822731296709	0.41299913356634604	-0.06066281164035984	-0.17548817071685432	0.45585540099738187	0.3573848187698131	0.16727560555782717	0.13063073712267517	0.43095621827085123	0.23507650444198197	-0.9357661344906099	0.21047943105018116	-0.483560519488726	-0.19804100083757345	-0.3343374633125714	0.20092878583264936	-0.11638025024278749	-1.1686731134966244	0.4578001011512575	0.6429581549822261	-0.06435952253855698	-0.0005275768502639558	-1.14095787980998	0.017863538882143346	-0.3978457092890518	0.12582997936765594	-0.4326380538958475	-0.09719396272448723	-0.22529063683806008	0.928987394105682	-1.4863851111777002	0.38565676629521745	-1.1307573368718813	-2.248946622386046	-0.8298593911991184	-0.8041836094935206	0.4667922674245609	1.3171932664328776	0.36355124998587685	-0.2589113027119707	-0.9239917277492341	0.2854372725043456	0.25905302362479293	0.38479020536563174	0.9756206124820385	-0.7264490738470977	0.918895753900131	0.510502833315313	0.477378150966959	1.050760205978336	-0.14753854808744643	-0.6215596936714954
DTXSID4042121	-0.8504034540786206	3.7310494310369893	-1.0158237391375893	2.8079296699027947	-0.251416311829391	-1.410720186200939	2.941451846910771	-1.1803292838458759	0.6175578450500917	0.13191024997421824	-0.08916281600684191	-0.43273869644782176	0.1226722324578623	0.9176554601124501	0.8911323594033731	0.35686574822616013	0.6853863330502196	0.8728946186401543	-0.6085194574276934	-0.17741895694752557	-1.1081765802826693	-0.44252852576242574	-0.5873843489660009	0.3885932333452592	1.1942890847560308	-0.5887353582564002	0.4511742241231039	-0.5293221611759614	0.24373138029081645	0.612687815115161	-1.4519425875221097	-0.942054728687371	0.06995435182368524	-0.960462793950465	1.1078116910699212	0.9651202241219917	0.008160785092917712	-0.5482167904108011	-0.3446506506742458	-0.5299764906963125	0.2936079452132403	0.7701081409733461	-0.3198098636435497	-0.29428510135861985	1.273504180456223	-0.2230569329460981	0.20773661961061884	0.17317648069266203	-0.18931079433152656	0.05841679985319114	0.06529085618766904	-0.060726640612677484	0.7079444764146682	-0.19460275692184592	-0.5530445705791185	0.04148224362329356	-0.29011869380392585	-0.06752302318749166	0.7184556010249529	1.2613266145187856	-0.8945952996864409	-0.5062930712168486	0.17214374356304155	0.04808487810188484	-0.13898981595479976	0.23824416087899888	-0.27762752002187163	0.15286086928819004	0.3992499233274065	0.9229117523165858	-0.016770592390681956	0.3974879259617495	0.25709324645179815	0.9111826666750265	-0.5306146084918496	0.4941307651438739	-0.13202733803517602	-0.2961113090265532	0.07859605490782404	0.09668882587594321	-0.0792955957788042	0.2759395991537537	-0.5592017621053046	-0.9028860929235781	0.3834945095629565	-0.15589199233802206	-0.1518438789051956	0.06458853924486517	-0.009456256922835957	0.8169222629827643	-0.01477738676385307	-0.14874315236234376	-0.21671393022283741	0.9011752200400207	-0.12080664850094755	-0.21662760847762358	-0.5472890658934079	0.4456393744056404	-0.9493398421072899	-0.965672261329773
DTXSID9047629	-1.7224853589159246	-1.6739107352031422	4.633365823334016	-2.8521238126312833	-0.037680283501014336	-2.285546605612602	-0.13013293856497268	-0.7182360384602059	0.6002554519027185	-0.218610884786851	-0.09205431466916424	0.3668845790841526	1.2205656013528172	-1.1250270869392625	-1.7958626021215214	-0.6583718532568476	0.3258655547400059	-0.8792456376263715	-0.026886134565248177	-0.25191649267773236	-0.4668693731007451	0.22331560439641243	1.6589049446748347	-0.2281815005253494	-0.6051064376673775	0.6084611980667979	0.6115669220312032	0.07512472198572435	0.19095642780911048	-0.05948741185973654	0.47824293275968494	-0.14954487641593192	-0.19199924466490048	-0.16205637487242402	0.1046436095240141	-0.46646311197853824	1.2428973726066688	-0.5998933847270297	0.24179207516440301	0.19869369848231958	-1.3511032766321007	0.5998261555415705	0.3187385319996548	1.504446059672036	2.499244119814134	-0.01904743764931553	-1.7315174592234486	1.391642306428905	1.0550519821635864	-1.3165691924712208	-0.12035587695671594	1.3127223798628125	-1.520853242511803	0.1026715576021479	-0.2621952253748608	-0.6918280172396837	-1.976928148050364	1.430493007962477	0.2927402014688092	-0.6380345447809406	-0.46102303095250363	-0.7842852419715077	-0.027975270159036284	-0.9230277551448235	1.3683255940236596	0.5943353723747073	-1.8991278047376752	1.4305059533642077	-0.03214078620474626	0.0918050754286362	-0.04693934284510971	0.19235858714514445	0.7351173931342955	-0.28177226431135843	0.2189298234088336	0.754890391136537	0.19918088672754675	-0.2640174168400013	0.038681377928454004	-0.21491099388831142	-0.32299161001676613	0.28990955757705467	0.20641676606852083	0.3315830866573366	0.0073664746356455575	0.06131033919548826	-0.27663899232639155	-0.6628309211988501	-0.03806034422869749	-0.1840756233313316	-0.17988725966591182	-0.3164135056217668	0.008248671803403837	0.30760578135914446	-0.3219985613573066	0.17685785085708056	-0.06835661432330711	0.4159090873708963	0.3243140215664179	-0.30826357663234927
DTXSID5020607	7.506287751501484	1.8763443208499566	5.269367124079628	-3.361854291428871	0.7060156634868276	-3.562681531517244	-1.1703948710224596	0.8150153839238634	-0.2605728120490543	-1.3715993874506822	-0.40409347400805457	0.7601789618588535	-0.45412841634027906	2.271012713973599	-1.5319326746140702	-0.47537209960079513	1.0827514835096477	-0.6776548179890988	1.7822290529600453	-1.2228492596801255	0.18725538132786787	0.46931218239688305	-0.2968862224620716	-0.45357890221394825	-0.007578813421305192	0.5186431026709952	-1.26417554131136	-0.40830538483979706	0.7060099106621307	-1.69316791630635	-0.8811177536524276	0.8787357294219011	-0.9569281758034089	-0.21718991686920558	-0.4241101765691528	0.6000827489089099	0.43798358727727077	1.0059479215477167	-1.09809830400148	-0.8438433133675575	0.31907332327744187	-0.49487082697506196	-0.17536285875970023	-0.5107130749029043	-0.04942214711563833	0.2986253253168189	-0.4152945400335558	0.620142986935066	-0.011732717626130715	0.0782555149066998	-0.3831268070334075	0.14616809598827457	-0.08506291770697302	-0.5212471474829614	-0.22347076993683465	0.26132131162029776	-0.6299858829304925	0.5395936318510677	-0.3816712243830354	-0.06457900506514148	-0.8631140842387649	0.2170764856043114	1.2012719836220052	-0.6297613796809708	-0.685694204406227	-1.7953595661128943	0.08093396313367876	-0.09355784925790231	0.23811481677001517	0.670610747167814	0.5389501423509316	-0.2947580658650286	0.9014147279228033	-0.15204143804095546	-1.0315438068050298	0.09618387340481221	-0.2539219272131983	-1.685794004629425	-1.2069514857073727	0.7749293313962066	-0.8072117313294902	-0.36523474885003715	-0.7240970657081425	-0.3307265700229681	0.03358620121018922	0.16750324654772866	0.36055815744732567	1.401878588807049	0.030621336443838767	0.05259574567553983	-1.376562659347455	1.3797846928020125	-0.5327643499658489	0.19438144976837782	-0.485263812294614	0.6267466473245662	-0.7354242880216427	-0.010436578019747948	-0.012619113737633714	-0.6733385751913231
DTXSID3045229	5.345019270054256	-4.421280132817912	-0.9566689556536593	-0.9640666970320888	0.3447450298306833	-2.68279379841095	-1.1337631559403734	0.6598647196900894	-0.6798260455960569	0.4563347401439826	5.721452412215558	-1.9568892078370297	3.662931985623167	-1.1115424603041515	5.185322431841417	-1.6921969058758213	-1.6718115767998205	0.8724501864322248	-1.119560654778719	4.2764110552697545	3.1581428322527816	-0.6832310805814976	0.3960798695998848	0.19579867070217907	-0.09035391369354491	-0.5969336032482856	-2.7133458966524246	-1.3261699742609492	-1.5628251964806978	0.4775295577887911	-0.9516265587679665	0.2518974836996076	-0.31910047597852137	0.7963293590900709	0.2777465002888757	-0.16841343347998464	3.0373912420335714	-0.5815386826751665	-0.059474264863447014	-2.2192194690208717	-0.10729159381977763	-0.274712610651339	-1.9580789989969272	-0.0987666544848833	0.3308051132516943	0.3270568629573583	1.1005023441263744	-0.9456694431214688	0.15605520257504632	-0.48890190200630923	-0.02425564675488478	0.004849503299921219	-0.5328730097134715	-0.24848655598436176	1.1956214062185837	-1.6872812123774965	-0.1500067059253857	-1.0948811155119895	-0.6079391073336049	1.8085234568886739	-1.2689569638599911	1.1511232234584476	-0.47475856814787903	1.0294404429698274	-1.3046463367403704	-0.4905081098868191	0.07024702213696023	1.569240013119975	-0.29210537857492824	-0.8998977498562333	1.6992184331884266	0.36881854321099006	1.2375276516445344	-2.335896035209546	-0.6153562124619105	-0.006573149546280714	-0.6018677746236781	-0.3851912023049086	0.8778831949957533	0.7153510997590092	1.8391802300597249	-0.2834141879496658	-1.1888807822038303	0.6944538554547368	0.5727489030489269	1.0952796918470624	-0.5694808972842518	-1.1592140291789432	0.08594965772569366	0.9947373399937075	-0.6979130795476123	0.7517892347950532	0.03710446152983827	0.15079389905320306	0.21354527773860824	1.7629158623559678	-0.5400997692996053	-0.7419269493857029	-1.0790859908254984	1.1627642625575427
DTXSID5025100	-3.82777868562325	-2.511224798084462	0.20705160042671097	-0.19362751788005178	0.4181414666826816	-1.854870069284916	-0.004678673470634928	0.5996993701700821	-0.2516601975151703	-1.6025405334601976	-0.5134488288228175	0.1862391719812532	-1.071296234065125	2.439970399325318	1.8193330400470118	0.7394984618577994	-0.9595079075533737	0.0475745894801104	-0.5910473104621332	-1.155485648450229	-0.2008300104193144	-0.4630181263320878	1.141377439192929	0.07276578306588374	-0.5700656628366373	-0.1417511159758988	-0.14075594624058738	0.6680821598634904	-0.4540902196093936	-1.0778250914291507	-1.0283083426351842	0.1269278880175022	0.6554830502873185	-0.15611508999935186	-0.4755050824028049	-1.7612646843322983	-1.0995905453206234	-0.17916500728167084	-0.4219667975595617	1.393172453862233	-0.049570085485966246	0.5281276486314078	0.4954217272903465	-0.764017081853095	0.08453631641429728	0.14500032398742957	-0.053401989630227645	0.4780796468813764	0.1918256647319634	-0.043350611719642294	-0.09895033066239961	-0.23249558056046077	0.6269360257624483	-0.034527351954588725	0.17222542088570222	0.2577060688335389	0.36860718606781123	1.1238640685318124	-0.30835863650155754	-0.33729415192314516	0.6056407804565719	-1.0346744261415335	-0.5050442961516937	0.27851496951861754	0.6913457712713291	0.1443750949767647	0.23235355693132584	-1.842920589267192	-0.35263404921981034	0.050229009578220206	1.767442308377253	1.1195695584127718	-0.9843025219672283	-0.8647025453377567	-0.676037733399067	-0.4579279379373671	-0.5785008073717326	-0.5559771089667214	-0.2955767640388671	0.2265346160552296	0.8339022524025559	0.7372804266556608	0.2100332103044895	-0.24901239932772726	0.19123732064751028	-0.12213947060081058	-0.06015819156745333	-0.9073562234164765	-0.3124966796162096	0.5771958971201719	-0.13615391789308942	0.2719403557126804	-0.357808246912213	0.02107757675036547	0.09726643420322606	0.0677304751214674	-0.17276705876911472	0.16347861700448935	-0.11267192270122613	-0.14908925417192698
DTXSID2021608	-5.41106974038679	-2.8179790409961973	2.3319677120942375	0.07459364952282707	1.331160548660145	0.005071593832981458	-0.8864471999074693	-0.20773953646837492	-0.10277031340784229	-0.645418410693929	-0.273156660551926	-0.15846441590173158	-0.3766387768967258	0.7974157415234477	-0.8671202973800003	0.8537994928473913	-0.7400042765603566	0.2865134527869063	-1.2325313366494606	0.5778247474341723	0.1665549267140602	-0.19164013488722814	0.7411898007275526	-0.5760506554319497	0.6729022803822504	1.008003306762541	0.7963102550865686	-0.9272371215678151	-0.021025498002652857	0.4850383701388155	0.7057256969725357	0.29591843187174266	-0.15330966456741627	-0.09590858847853688	0.8753630870383604	0.44394223830607593	0.5851461798321766	0.49153376046406516	-0.004975677545474578	0.2652376328920294	0.15262810327207857	-0.1876525128335801	-0.3338626141221101	-1.2083496480672593	-0.15266379809820485	0.21849659163794052	-0.20545077813571716	0.6419054160766016	-0.13195338649009325	0.15953274769219844	0.021114126597974292	0.43040380627331976	-0.03921525489613444	0.08099541053623238	0.38516236701019946	-0.46703361084117906	0.7044879846976672	0.08912390594191921	0.07079907051411309	0.09565095258861411	0.092993125327541	-0.4174124666989221	-0.2651444513298103	-0.37041885801163416	0.01796379873500459	0.5317246646801219	0.6954978436164365	-0.5485656929551742	-0.19610759173010692	0.34655201104662453	0.004427621856484487	-0.17569079972427867	0.14199811188153616	-0.04308062902449008	0.01833835041975607	0.386369509336545	-0.33191110263453016	-0.2074815462335818	-0.05819721438642554	-0.6090428996036149	-0.757385166832427	-0.22686206818299376	-0.10914977305621544	0.02899221212450184	0.24358957835578227	-0.34018398934193017	-0.45062062671473735	-0.26280332526296246	-0.378304963927906	0.31486411111021523	-0.048649371670283305	0.45353663932631283	-0.36301250493358506	0.21317183237416823	-0.2281354785354432	-0.01977730616646792	0.20193869401574757	-0.1533880143479755	-0.013978789820053098	0.3972614818671748
DTXSID8044913	2.5901637792672947	-0.4772549820436597	4.224530125325224	-3.781334502054398	0.9425627153900891	-5.128783005249917	1.7492118918570796	1.4074580642173848	1.127593474767504	1.1192111024560467	-0.28561108087650094	0.4387045842396274	2.294792695483944	-0.9476132178650453	-0.5850902493465062	0.16638326605478815	-1.1044596140433387	-0.24904051252888804	-0.298637951718062	-0.140363659026896	-0.5390897352220919	0.48359205700112357	0.046427362760815674	-0.1985787874822526	-0.5470207250647563	0.39451473230666995	1.3109400313309911	0.24940407637118284	0.3066638065391439	0.4947872767451523	0.49774486926434036	-1.0508924876966574	-0.10343271066203623	-0.6389494308543215	0.1593980232151385	0.16236515986004657	-0.7789054204509888	-0.19001695317899753	0.4764500799723932	0.4021510832833212	0.5684761275965615	0.763333228137529	-0.5533721344197758	0.2440797894187486	0.3682848398103091	0.19987735874473667	-0.02961573901486199	0.19181826300991434	0.2415902145960341	0.11800135783667386	0.14946654321814679	0.1732351270704118	0.2339743307479197	0.36529798335453506	0.13507170642627445	-0.34811084342190235	0.14544962599198966	0.7192407757687479	-0.04659585733778239	0.187101534448029	0.20817927150374033	-0.06119895266769189	-1.1277136483820744	-0.2617610905752039	0.0948474691620383	0.11799140615310405	-0.15160429694400177	0.4331109251952775	0.027553881875638873	0.3281627745248187	0.46536812875201117	0.4928118722551993	-0.4135241126614739	0.49484975631121414	-0.22108510430008854	0.23390609612629645	-0.49022394329694885	0.31909979220595247	0.2020837034405472	-0.3581041228635006	-0.2750951310836963	0.009012159593629568	-0.06272174313758956	-0.3107338595460439	-0.9118088265754607	-0.20605129332110503	0.4749313013571508	0.23330045770860927	0.3882728820342543	-0.9097245105781889	-0.3289186503983672	-0.14043382809389857	0.2935958036686367	-0.0670398805763402	0.7119446071744685	0.26578704796129915	0.38397905520920617	-0.029629169346314745	0.5464861737691533	-0.6444794221054639
DTXSID1057741	-1.731469813561721	1.2644381315310818	-0.3515389079809262	2.751986273153299	-0.8962954945321442	-1.427576116673573	3.374702406580029	-1.3121105725416589	0.08563713381715073	-0.9339302505994889	1.326264806519846	-1.3466023413700128	0.7881255684049068	-1.4803363845428494	-1.1734159038646264	1.416935018254494	-1.6086999758160856	1.4383486663521627	2.3231437362757426	-2.2899357597909358	2.350309682420688	0.36165505235528655	0.9510699291628203	0.4833602370003629	-0.406015001191828	0.7715006217498511	-0.10828750491733051	-0.30191458548956895	-0.9043737022866124	0.4199318646020731	-0.21733620316759053	-0.356404862382331	0.13913829268603525	0.07138698161228019	-0.29944485961701245	0.44589847988215453	-0.23437410391695002	0.46037709925590703	0.6162704201569894	0.3239472131776364	0.6363686352224699	-0.26700603259063954	0.35267571883917603	0.5984406976279947	-0.2857717759845107	-0.5933715122641622	0.4857288665042688	0.14987263005064114	0.1815890462149895	0.26832425483034944	0.20568183110924648	-0.06831606065827174	0.3267507539034413	-0.1835393029871803	-0.030093691714721163	-0.5969346554264591	0.8643230505133314	-0.4850561429798387	0.4770785455255712	-0.35890952191425024	0.1717002220243975	-0.19719446902703314	-0.06876222737169632	-0.7518477938343325	0.15550711443103907	-0.25937626329757985	0.6011907662604358	1.1349910725833754	-0.4422498361833685	0.7256468676598072	-0.8257575507144025	1.17086486837488	-0.3207599659690551	-0.48709040341455534	0.4008957592743009	0.03422356942876182	-0.17695063980944906	-0.0009559716179971972	0.9050711593758027	0.2763231935477581	-0.22635582415374886	0.6203190313650745	1.0597313008112415	0.1396887965496857	-0.7444818768146255	-0.3399347802798174	-0.2138040727982521	-0.19377635027305629	0.9856107122053379	-0.07790767911516569	0.8759020066519202	0.42773356748128327	0.30456250976101806	1.0361763074775332	-0.2379901072690466	-0.10983256262139973	-0.0033677485788168662	-0.40967631854502873	-0.6552081895731655	0.8283230472743865
DTXSID2047270	7.642270139800523	4.0546812065915185	-0.6316295989535159	2.6455220557859667	-0.03490747045507292	-1.1588571006314698	5.255199602142625	-0.13505448109724877	0.6348600639972927	-2.3816017517720227	0.4358735357409305	-0.5532154944021144	-0.6904936409693259	-0.12611235868672768	2.310996427791563	0.465515139257595	-2.903186185049782	1.040679866948989	3.9186980880053923	1.5325667301530141	6.964238807392059	-0.7760489272988363	1.6869999019676356	2.5908858251461178	-1.4528647029427542	2.114132985512359	-2.6603250330688253	-2.213587794521069	-1.8977910426689288	-0.5929428408438056	1.8412382056171197	-0.9335471940923371	-1.5021427216608199	1.2247363628330366	-2.459373889404156	-1.0861345588007847	7.261413740750906	2.420906229122112	0.17282873995128045	0.7960517033506166	0.7186842701265426	-0.289562495095549	-3.170082303122393	-2.2025665289819205	-1.4947281645793846	4.19473775724498	4.359614990989786	3.450802729485251	7.838942920807455	-0.7008448259587815	1.8036585045777342	-4.807732853554232	7.184506500220632	6.642811393086088	-2.949051666205786	-0.3975768500950877	-6.863061098623489	0.9840051758118384	1.7674932367995593	0.24677343390773726	-0.5148511218924672	2.3175776481992645	-2.444586459853225	1.574147737507887	-0.40824267817840476	0.9955253048940489	3.1685467476707823	3.048780926329692	1.8361433586330733	-4.2961487811676315	-1.8673789175634448	0.4178482658181749	0.8079219990515538	-0.584786513898159	-0.42587912032932707	0.03075737919468132	-0.11126281755072664	-2.804555606589913	-1.089663722750954	2.1032344139595502	-0.14671179021889016	0.0695045021292384	-0.41718235413387605	1.389325123086627	1.015725626440435	1.0670881166520898	-1.7103661257272498	-0.024881302558654467	-0.8270478137736851	-0.5604945571623224	-1.3372148492466238	-0.13397035918667377	-0.5629824134886661	-0.13773548851141898	0.8771523947947499	-0.09304642241151259	0.9633653291382684	0.23394854129396597	-0.1141190103800994	-0.4522723988086625
DTXSID5027774	6.656007475548668	-4.9469340437606375	-6.844868251798753	-5.547903064773995	7.065047060101979	-4.461736162900958	-6.592910635462443	0.9239941662088021	-8.00187751868088	-1.452171574672739	9.157816157798713	-4.719092128928663	0.8664995916924464	-1.5396021083489255	7.546049482734799	-0.9202469419038339	-1.8963774227008083	0.019954692838434377	0.9043451113302468	1.1439087592614396	-1.6771704313206766	1.2992155340981826	-1.0654836228300708	-2.0654608012260276	1.0989776010569485	1.5213405628544985	0.9791779245129816	-0.3507757187145491	-0.8388278167142731	1.0259215351025226	-0.09519986828141107	1.1950640111075226	0.6992993223089471	0.8163615842975643	1.9986332361194226	-1.562366768327258	0.8650754528343304	-0.7396334803932019	2.2361175965465123	1.5097181513919118	-1.5624097501443037	-0.7595975975730647	-1.7813680688967035	1.0126298545585102	0.3951216183893365	-0.03394440479743369	0.841761012311554	-0.7919274270008861	0.661110709053	0.6729913581786053	0.1555157390323815	-0.20326564029308447	0.7542000614256251	-0.8358779701492752	1.4282062882881403	-0.7963588022134456	0.08570198291138306	-2.2671469737538494	-0.4512332539359243	1.1421506220081166	-1.4397373648087082	-1.610510054996575	0.19688302411640962	1.343820255836849	0.6295931272620141	-1.519952375484726	-1.7029873919785954	0.4545046994479872	0.04121381462265844	-0.013399488851327636	0.07360856922133444	-0.1658180492430199	-0.30843729733605946	-1.2144621378142522	0.1236999823500542	0.739957059942058	1.2094801034145684	0.2824725291457073	0.21221931387389675	0.2427582537402615	-0.31918945952669503	0.3703809883823935	0.4324837473222741	-0.02951412234337833	0.14788945897020034	0.5538583715476804	0.4962971986180415	-0.6323201016811641	-0.42659635027862486	-1.2139810454634525	-0.9771352410497198	0.5196888658992483	0.12181885127812642	-0.6777860110961849	-0.09808405877581765	-1.246263756102984	0.9193780056691858	0.169796223656625	-0.14588372994648915	0.45113908849472395
DTXSID0034229	-2.316312635935042	-3.3418012611043624	2.516939941343527	-0.044525473896485424	0.42474432286527875	-1.0453005242579056	-0.06524742608062857	-0.029351307426727778	0.5537031250644691	-2.1551354593291974	-0.6714933253919023	0.2377066302542299	-0.5278842726442263	0.49648126579648244	-0.6890454938430233	-1.6289080061585188	0.9127890542380583	-1.7404609594732579	1.4577624543156678	-0.05058452829779033	0.462885076652664	0.6452362905800259	2.0491214462977783	-0.74892937917924	0.5919678837445848	-0.1159780242187917	-0.5274691958964863	0.5030467216769066	0.06162793550429757	-0.3939863562378413	-0.7224641042008815	-0.44208668174903276	0.36001672164326876	-1.4750595803317914	-0.41560597228222995	-0.902805358173486	-0.65113716373921	0.555283717287361	0.22584848481697004	-0.1657359260963896	0.6288398686926087	0.23571604164415946	-0.6280535509820324	-0.46118123802585825	0.4388050729828433	0.7937848585829245	0.8350827791644951	-0.3051376678475351	-0.29560656193679097	-0.3486900146213731	0.06042539354166381	-0.052207188968618826	0.24094516149029108	0.16505611454248448	-0.19617131545611793	-0.7778102959080653	0.5588351226514242	-0.5405670517764296	-0.14726267850410207	0.7274325435483019	0.44742186402148726	-0.47072189361665123	-0.6791368892221098	-0.9316800142717042	-0.20712952315943503	1.3048480529477091	-0.6248010587154257	0.07925451787661227	-0.9313553322011757	0.27516209535388103	-0.32142957089913765	-0.036885077395172446	0.0816657918233648	-0.21035258277434474	0.9332622122814366	0.4567237383519196	0.045183065867515866	0.27599629649064383	0.17917706693037375	-0.19086095131734915	-0.27174651253064697	-0.18135145966610386	0.011817491301602924	0.08922563969208702	0.08189047788533307	-0.30181914884784866	0.020007163656040237	0.5583438588785112	-0.03595803455360555	-0.018763017402599776	0.2190101484616198	-0.1293944488858565	-0.08475653752584257	-0.14585236862336406	-0.06010197341897407	-0.02645444431807489	0.7016747038955806	-0.06395770238194524	0.17886020133776967	0.3747628358423648
DTXSID4022315	5.467476278451626	0.4744756473534118	-0.11822419583853844	1.4593356779543427	-2.131297556499676	-0.7780448441967793	-4.30444399391513	-4.815430227308198	-2.7836163848682136	-2.359294800276226	-7.81382038302533	-0.6207460160579464	8.011946868704573	1.0121563386636956	0.443780084774037	-2.2888308231908936	-2.5036057959126863	-1.4421557383574866	-0.0023527523523658427	0.058547425433406915	0.7533362242551572	1.8899241269168328	1.7712866110947252	-1.5420553763868146	1.8953111033725683	0.43041320554627815	-1.7611239742801978	0.6590152687041683	-0.49338542097832583	-1.2049893151847693	-2.6371886698045333	-0.24134665414592027	-0.07325519018997233	-1.2376267973012116	-0.11593616045970345	-0.5471416723293399	-2.159749242317811	1.130510972094073	0.4037744962644501	-0.22775780399404255	0.6693865562900796	0.10023640392418759	0.17182500927818956	-0.244010999491169	0.9830249080536436	0.5968072641870039	0.377823267548807	-0.23354227002408282	-0.37672378992988287	0.09305785656712956	0.013474263288424037	-0.28671614374936455	1.0207529696465882	0.2057520106681418	-0.19026518988015256	-0.6236448359150226	0.8757432025582775	-0.666174380251109	0.19981654920528347	0.8367576905515772	0.15798803166246775	-0.19426347423392776	-1.1897567104028381	-0.008581933855084293	0.17593946694916468	0.14740057584104665	0.7120596505647802	0.20279046464801703	-0.31965708219762307	-0.5513235229649767	-0.7857714284900141	-0.8139066545590017	-0.3556885612074593	0.285975151022863	1.056448231044486	0.7066017758840274	1.3325158770975902	-0.10162466875458835	-0.38687690621446297	-0.13954506571017483	-0.9829199152436794	-0.48332796386648375	-0.7096723442709661	0.3094679896932673	0.18873261449762238	0.04372766634912499	0.2205922118908505	0.7148145866033149	0.02379116098982197	-0.22924306650883297	0.10692893602941561	0.6010494113164689	-0.391553423429501	0.38296667071993234	-0.002762310320280974	0.25009390452603425	0.37835016197604193	-0.4169081468192871	-0.013856551722905812	1.1346906921088946
DTXSID3044124	3.397468996125239	0.3026554380878594	1.2457123319032009	2.677695250711288	0.19180233709026642	-1.0779522159137718	-0.05586941404211531	1.2459329947031514	0.7402106714120091	-1.2531661333162627	-2.2476974497458615	-0.2986154652525604	0.7954072765097796	2.157084858128317	1.4956996765348525	-0.5555900943607202	0.35299943273857426	0.5509336175412746	1.8035344649774179	0.22279148628904683	0.33723840639422376	-0.2108882321293345	-1.156273601836919	1.2203870832284924	0.6167378603808116	-0.024457889337677285	2.4126890360693616	-0.2575699717736382	0.36834020017505625	0.8013198183882171	0.533801667206594	-1.7717556476700014	0.569451894145534	0.3449917064695104	0.6750497741955385	-0.25542130194890245	0.30243927339614174	-0.6366359265107269	0.7651279271756083	-0.11154210150201921	0.46280393946638937	0.7191556366737645	-0.15273306468235165	0.3492432398042363	-0.2820478355187286	0.19952847373821744	-0.15235867348739365	-0.23927701007149751	-0.01147926463477023	-0.19118830613654608	0.34408645669116766	0.09761444368310067	-0.11435628622142763	0.28124368792249516	0.8762926049787202	-1.0489487227891177	0.03242891936342654	0.20525647157493737	0.7541129815816507	0.21560607115866556	-0.3131877191656335	0.5127059038512538	-0.983297132202044	-1.8104333506414922	-0.057475797239926844	0.6670052427857053	-0.2772786024989426	0.32847143732229195	0.016487828362956328	-0.015556665124861218	0.8689735849488162	-1.3787904633430321	-0.05446966017524558	0.35062155610773826	0.6340712576816281	0.5885014480426877	-0.1897404630304045	0.5648684061624221	-0.40738654033189364	0.1198119822468156	0.4476454253736028	-0.6021827027633231	0.5445702858295526	0.5791805447810521	-0.7447786235320405	0.802928171477346	1.8187881317424694	1.4544755065931796	0.2206449630885564	-0.8986748450211518	0.9084007201197223	-0.4527004077400865	-0.0873095476332868	-0.5262902372923012	0.7710662929893609	0.9814765650986859	-1.0556900326096712	-0.554234921292042	-0.008777515725441129	0.22758838903923573
DTXSID6044226	2.8960863158179766	5.6450374878513605	-2.3411854895706603	1.5907193145142777	-1.2184028298195835	-0.21452830825543157	1.5477490516736783	-2.5742051356570275	0.5660363721961812	-0.6779830147314815	-0.4638838966942375	-1.2273999330570469	-0.6392938447933568	-0.15784949668619083	-0.7565627481027143	-1.0248815666582265	2.520449724493141	0.6072367029529602	-1.2509378922465955	0.3933987791095774	0.26888295222241304	-0.8719535563201142	-2.6611887975758055	0.8602052806160309	0.42642834506206945	1.493425407851321	0.14398062434621783	0.14033955984335655	-0.2928545623823001	-0.6879107168595466	-1.274949807759303	-0.3825113665292838	-0.8609794156716262	0.24337067281751829	0.8270795290768622	-1.9230075414601526	1.7264381427316857	0.45056095689553116	0.9442443543866234	0.031140999507582905	1.0713324694186106	1.1849525112907218	-0.24953223586044607	-0.188071903495107	-0.26899490892598094	0.6522382318114092	-1.4075663540741075	-0.06066128495485382	0.11692598294358103	-0.18444556299511233	0.34517134674602884	-0.21328439802259483	-0.07146103509011073	0.2245991890241984	-0.4036343327356887	-0.5994241551713063	0.752268512571552	-0.2779190585429752	0.9189493507754575	-0.8656367660479453	-0.29811552841599837	0.7991713811703688	-0.41390214439605755	-0.1634397815293811	-0.2695133169277288	-0.2085636160282128	-0.17230171868780014	-0.0033986738788455784	-0.32568049934845095	1.3510249612947454	1.5865946051884519	-0.6830901698192311	-0.21937098209441092	0.7920097071248368	1.198952029186156	-0.4631071496579713	-0.3207643525502352	-0.470172393139623	0.6297783181599305	-0.7817404466467053	-0.6543836099548982	1.2756661676920882	-0.8944573035761209	0.28819082702864857	-1.1576834838149848	-0.18016082842300946	-0.3532135545249972	-0.3054214622503835	0.08316756411502432	-1.3016639626080586	0.36192872313102065	0.8073376185426111	0.552725458167969	1.0473813924963074	-0.5736143296961967	-0.09636300008481857	-0.15077378990646362	0.609040351379373	-1.4028170776163589	-0.5571836784731543
DTXSID8045777	3.816399847950541	-5.195771063951984	-6.899861046123278	3.6454290305282413	0.47066625979254384	-2.1288571567955055	1.6680916143024103	-1.114731346010706	-0.03449555389634842	-0.3902163681768696	-1.784188318621936	-0.3702747986259773	2.8871934187654418	-0.23072798798748717	-2.2873877064801538	-1.4121852379646684	0.018783497985440042	0.22821905566884768	-1.548740308843894	0.024011902823143295	-2.0381519354495374	-0.4003251328222451	0.26470630178702254	0.6161726134442277	-2.5698141805168735	-0.07384614523362201	-0.2584961996904846	-0.8921951107575691	-0.7241797856940642	-0.3999026508289421	-0.8183525772964868	0.16044198073570365	-2.1260070836369303	2.7906832730885522	1.5658304441058233	-2.35207998294198	-2.076976464521436	-0.3460233643781537	2.2207858936799587	-2.022806906465435	0.6168174774377131	-1.2135637423748433	-1.559677212866313	0.1643855248788115	-0.40217124947178334	-0.21066406566844387	-0.5919973996399192	1.008856159852613	-0.26122051994647144	1.065718505303348	0.29745419711142673	1.2710575577502654	-0.32784483016658234	0.7181932927633154	0.47122275900709865	0.5826738662759462	-0.20824255378886058	1.4336275073331195	0.7744861391692817	0.8894088566509147	-0.2663242981687011	2.3032453312893804	0.5330038449005525	0.317174244579337	-1.074747428209759	2.011320146687822	-0.3281505175005814	-1.5378270466416082	-1.13080916224892	-0.9371566811274125	-0.3478645541053298	0.1102641462162976	-0.15346703400073422	-1.1066699718952904	-0.652648259959779	0.05719478582944286	0.4741770171874537	1.081170368646314	-0.044505145862571455	0.7913912233406083	-1.066444921056664	-0.7365559899585405	-0.118303013379657	-0.5932416736061379	0.288325385970303	-0.0028413500750702476	2.1159406106024643	0.27667979305067836	-1.3553656416685569	0.09260623971109219	0.10072333893416055	-0.19287131896289733	0.3912574440731007	-0.7521480247546036	-0.7000819577139977	0.6671054470902763	-0.4612002100605397	-0.20739806604759004	0.3396768728294385	-0.21231092086001135
DTXSID6023109	6.993461971789658	-0.9745960445022102	1.8455837189160578	0.2109730966532933	-1.4816211599272227	-1.4193245695276637	0.32567335597176444	0.5565503047907103	1.6690426209152034	-1.4241799341001828	-0.15661991412056064	-0.41128723713713006	-2.4895701952659923	0.9021463113983151	5.1170652036396485	0.3254208101380094	-2.401799637593711	-1.1629483289841855	0.09715729068788491	2.662191792146811	2.4910839331074808	-1.0293625924656944	1.981713981301868	1.922747462781078	-3.2225881417667166	0.19043547998602098	-0.06728806407783795	0.5568161162500875	-2.053765238309627	-2.295302247325738	-2.0715396723826243	0.1029890719301803	-0.5357275283692391	1.5165772430883133	0.6626924214197514	-1.9589532031119063	-0.6539336890167554	0.9517143231107013	-1.5635843691766307	0.5330527975192757	-0.4570296689170986	0.35050249818111245	1.5324190179835364	-1.1265359913927728	0.6324027674104854	-0.2496965023543336	0.13947458018767386	-0.16089432954589422	0.15683225352837143	0.05553381595711961	0.00033197795418509195	0.2710565932655888	0.9228106139410575	-1.0410376386838263	-0.9953375748020841	0.16188342147347787	-0.28943520028167585	0.5260136209430806	-0.1645416057025219	-0.7076049566727814	0.21523060093759316	-1.738494332528284	0.23122822609864463	-1.158593643937428	1.247570909618724	0.43618591699681125	-0.8753448472236234	-1.2612361132174668	0.1534092628841189	-0.4870312056101061	0.33488722648344127	-1.4942202815519077	0.9648780194396399	0.9316099548585087	-0.5407413089626469	-0.3514476167598627	-0.031121001857132208	-1.314589018758063	-0.10060694686339396	1.5659874092130037	-0.41083982819497755	0.4175953094205217	1.1781563782454152	-0.956658638002791	-1.4436748038533267	2.291244720153287	1.6722352730407304	2.080988675498365	-0.003737007031710548	0.1186563346930541	-0.7049613843729253	1.2498404164781676	-0.8495111484315604	-0.5183692502907452	-0.6424398343693374	2.1124091738719373	0.13166071347588507	0.08134827199110567	-1.0669345090778792	0.2832206371532776
DTXSID7022174	2.555053731876736	3.943302436229099	-1.5847385781603742	0.36651220589056865	0.7188728539606437	0.8318892245063302	-1.6752488555086094	-0.7438300671809795	-0.5633293663677971	0.17133982452204236	0.11152974670772421	7.43177306881763	-1.5044774949228439	-1.7859817155908715	0.9753944732958822	-0.8897111100339418	-0.1680110991784443	0.8833724002157846	0.6869985946440107	-1.6277436189964867	0.14284172680896595	-0.4705652447171916	-0.067012423314038	0.4640093029041285	0.23917821796477529	0.5518439285317467	0.8517581269642105	-0.6211397978714692	-0.037943097398215386	0.2510259172987948	-0.006912732919545053	-0.6773353766330098	-0.6472924239978203	0.7010890769982361	0.2264692147295109	-1.2420384881435544	0.4588540685905436	0.12462789674929384	-0.5329099270790743	-0.6599016117141202	0.20648310311202056	0.40690292718048043	0.3594929889053879	0.17503659223043255	-0.19856136424618065	-0.254640498675875	0.20766356513517226	-0.5237194268631207	-0.2738938718123616	-0.1392614667074994	-0.010853413293065403	-0.26235910065733403	0.2599879685543351	-0.2931814202977342	-0.20704004653851366	-0.6999836544959425	-0.06112165578189513	-0.2243445796563986	0.31123494145254443	-0.024244426800919122	0.14194285310875174	0.0852295993598827	-0.843748482536422	0.1919903974043714	0.34495036972991455	0.38529363339455347	-0.2617503247592834	-0.38162242770968674	-1.1764728313612336	-0.59106498488532	0.006579361238135892	-1.1996804890453148	0.3573774510723035	-0.044380375621876224	0.6893661904146249	0.7295127121264017	-1.2544538433483547	1.1200855254120894	-1.0175910706162279	-0.09337389914430032	-0.3567905342849144	-0.23777580328888973	0.7600725815294018	0.9951794703037484	0.29253485713120153	0.1663640316945704	0.7676420989842433	-1.2711764752682702	1.205162051374252	1.3133948220961322	-0.9177573251399344	-0.1963763169225769	-0.21878749945347412	-0.5737400651316091	-0.05198756248566934	0.40397240297587544	0.2542415179539778	0.061575040028424545	-0.27127605849288694	0.39878590125180907
DTXSID7037131	5.74025592398776	3.347726347045087	-2.559276940079134	2.8071079105617924	3.655271695037156	-3.0608104655067803	1.8710547619196418	4.606744851128871	2.488423265354406	-2.3318798586697054	-2.137074584519053	-0.08300508004408119	0.4644748076025198	0.6552431657001866	2.5859699832844187	0.3657805304511259	-0.6563900761790504	0.2657914263679665	-0.5141074252007984	-0.49554140101208377	-3.10001190133257	-0.7040524251015647	0.8595529603317302	-0.6917818419466629	0.7513657085933034	1.7424515068991138	0.10986158211706766	-0.09748570773276558	-1.4565374994231093	-0.3549740456495743	0.43589446868388204	-1.7145680212657826	-0.46960341681007023	0.10681351759812631	0.07160514388861218	-0.9684498898688929	-0.30395253437913244	-1.0290151090007138	-2.00556547461999	0.9055786026969002	0.5658077198694272	1.1366656255321925	3.477262321097191	-0.08602140777313878	-0.22460765371505553	1.347859317449099	-0.547920737066219	-0.18965051599163169	0.49450336311875476	0.2048461237150034	-0.07489890733607163	-0.7040881070639341	0.6888836882854859	-0.4150809462315407	-0.49270695051393326	-0.3880781618693434	0.08042108454527934	0.18308385422603898	-0.9380565681461358	-0.3859210849060581	-0.5335701221296161	-0.33860657370443115	0.08182702038170662	-0.9961303113257826	0.11702759525739413	2.1278417371398834	-1.6724832819336797	-1.0572124779337446	0.797310605918826	0.283777534934663	1.61120013001267	-1.3710994446361782	-2.854864382341208	-0.07070077369073013	-0.27603841310353466	-2.8378001829943864	-0.13643827757979754	1.3079604325149747	-2.859651124336244	1.7747108367637106	0.008938841856453002	-0.3017261989474411	0.7405032255497124	1.4388719681867719	0.07106592001019492	0.19182446330096495	0.2897075632898618	0.2240191984036119	-1.4374218805498828	-0.3312552088133755	-0.05693601842219215	-0.17619976162415601	-1.6873859720233757	2.171595845549468	0.01570176397851777	0.12882686941289914	0.07824104013727101	-0.24402072685535134	0.6966498205099415	-0.0919565691892004
DTXSID4040711	-3.1676850881979774	0.1841145326036171	0.9147763050380534	0.6968098648667322	0.39631909445451885	-0.5326525964539505	-1.2086184034861984	-0.49659114789592634	0.2661237362733509	-1.6353151458619086	-0.3228874299377933	-0.13017915158089605	-0.966129492157227	1.5038721178909467	-0.1521676055500879	-0.30239003740787007	1.0262291465635027	-0.12992935460837146	0.14530229677021328	-0.7768384582296011	0.4194147113164036	-0.626884889925458	0.5082192763463173	0.39891849111803135	0.062261524477529626	-0.25279662765222405	-0.8706898040885177	-0.2867453439538139	-0.15051035186620307	-0.3138105066359514	-0.8943743705958458	0.21492535229152276	-0.02063975912371759	-0.25700593092837165	0.2644534745509729	0.6119759665187281	-0.07223927685391374	0.5195070587509544	-0.15797387731720663	0.23142235701902333	-0.27835362448269657	-0.13331166898489918	-0.11995065081196873	0.07942288410974631	-0.5360918228217729	0.08285273949674252	0.2749233736051152	-0.25508099202040846	-0.14482407055621968	0.0909208108269948	-0.044429006211936364	0.02112252076064894	0.21276504732823504	-0.46272576202262616	-0.07874190734138448	0.13160031954494034	-0.45042870100339344	-0.08408419528564577	-0.16861813367497938	-0.36586189080455256	0.3721387805026183	0.17173060153564987	0.4155577659050034	0.3830470228861797	0.004902501510346314	-0.6785763987802034	0.3530978332102179	0.09648835260545065	0.09125759679796609	0.15857457877319636	0.26328942533305144	-0.10826922446693403	-0.380881355271149	0.5617056023150256	-0.3941229493855655	0.034995660401485405	-0.05499035328308306	0.15541655060675008	-0.08117134382352649	-0.16795435725227212	0.28371591883391145	0.693029950641915	-0.5889463349344518	-0.20097656514986934	0.194497591725849	0.06136541481881785	0.24626543879461332	-0.34822450667268795	0.2313273320761813	0.09277617462168951	-0.142875075207998	0.2079539192584638	-0.1691877953762206	-0.053071533227033854	0.38228832334153967	0.0560027655295477	-0.38355865943868045	-0.046306807137794365	0.03925573104198949	-0.07075330847606885
DTXSID0024971	-4.329744159315982	0.5827118487820769	0.1690285246872152	0.07584988593361075	-0.32560484483680036	2.063111539510475	-1.3187752399082078	2.2474011144190214	-0.8075423241906876	-1.2858420362652303	0.021634475863515114	0.5721594792754054	0.35105530726999007	0.06790495999458578	-1.3356244149889767	-0.5216092796047287	0.26325656752802284	-0.5719492329886907	-0.44269485792851576	-0.3616313412022695	0.750787177400776	-0.524127232144627	1.4537562723577102	0.45889655457614303	-0.7383766252179048	-0.3070131810448498	-0.3216469450610355	-0.6568868145709678	0.019831655419592212	-0.5960205378304502	0.6358334800841378	0.6002657970407943	0.053742006838217025	-0.5014389977610207	-0.3618478805236238	-0.37165649886500546	1.4441151254277858	-0.7241810124528366	0.7572742013644945	0.32670591966347373	-2.01904837614474	0.6301899163492546	0.3166166282230174	1.6228504677851265	2.2975928459442057	0.15083522013482148	-2.175365749404767	1.6677662404990254	0.880947653349017	-0.6485228756672531	-0.31149676870298304	1.5045710898768372	-1.7259794214371698	-0.03231151539965788	-0.17417103324304373	-0.5637741267037877	-1.7257376576403005	0.9560209757991451	-0.299425020063195	-0.2900101274125296	-0.2526978482583887	-0.597085001840719	0.4892314090411632	-0.4216923781720603	1.181004607966057	-0.19222234443497643	-1.1479884686544588	0.9646773267400247	0.18280771726621634	-0.40084031729899816	-0.26198341087019383	0.6981999134272907	-0.5200476787626169	0.230550553790047	0.17563880559244957	0.9016908239855573	0.899173668726949	0.13414526936439083	-0.0694071093732327	0.023769519559668325	-0.45532906639905846	0.390374415384056	-0.09748665053905603	0.6156679270217951	0.1906562091131158	0.12733731427102185	-0.4826842631066602	0.15111348005080924	0.09367824490095836	-0.004681665040968436	0.31171839473384444	0.07913985421245158	-0.25260080968549153	0.08131802325998322	0.05095455666839435	-0.21568677368079214	-0.15304674302426707	-0.09485520170167346	0.1412285569533851	-0.06011732326371151
DTXSID9022944	24.0319860786937	7.352468968905727	-2.334418371836873	1.3932835037780202	-10.616711547243561	-3.8548964515214648	-1.6909090948579313	1.2841445002842788	-0.6317311504301006	-4.955966975187692	-5.402756618627975	0.9204568849372635	-2.686973158132615	6.1800503559266655	9.035488256750401	0.17003553575531874	-4.928713458260498	-1.8315851479012282	5.479190878447425	4.840944048568229	0.8633639895929558	-1.7116083076162694	-4.002227178213336	5.844937775405275	-3.7323243769259027	-4.227534165163668	6.827498259436841	1.1489972472892054	-2.4093959167165	3.227989359115036	0.2627607918928814	-2.5351425390510434	9.910400405323166	6.710840848936539	2.1098348138149943	-4.248858925722459	-0.7750403172225424	-5.786497053485057	0.4046501296771233	3.366018360454033	-1.024466353959829	0.9425644872927645	1.7158145858217024	-3.0045819069011444	-2.0035009694200463	-1.1489640925385445	-2.4229749095662565	1.051510603760445	0.23351541588292357	-0.8853213339213789	0.2905734091975319	-1.9502777681834693	0.8891365394930011	0.006264284034706811	2.750098692245903	2.427003172747999	0.6159454974651722	2.290051289693114	1.8098666479746979	-2.637343430346851	-1.7265025871117814	-1.9104155259694657	0.3026444867046226	-7.824674870887317	1.9456140517394633	1.0628366798602806	-2.706177543634986	-4.306973206626024	-1.032367949074146	2.0089431954748354	2.0630745654407803	-4.28515342047758	-2.568345933202172	1.8764116089308318	2.5284493275076914	1.513736947870849	-1.2173785580787049	-1.0334153150423198	-5.993734111505789	-0.11192914624511886	-1.085873704312222	0.37569183999156464	1.6291982867623056	0.46595819599536764	1.2120256513786367	-3.3375150514662555	6.952188792162168	4.530626295689261	-1.050688596946639	-2.8822758388106777	-0.33005557070021724	-0.2175548879325513	3.747379582537767	-1.3240696117369282	0.20968945770513428	0.4941763007251148	-2.96785796640566	-2.64596466131734	-2.698458618845892	1.806145641313055
DTXSID7041916	-0.5844266577529893	-2.386514546331008	1.3787971326353328	-3.0809031919172045	1.277306716249636	-2.3521211153812764	-1.7172307113211032	0.17247292967251093	-0.049952713654510913	-1.9013887020996927	-0.48560792023486	-0.29740278455164504	-1.3329742213444586	1.4450204771760102	-1.3281664475281265	-0.11721627619829601	-0.18739212275508635	-1.1058645268634164	0.6488300227582497	-0.2629061001248412	0.1611702860404975	0.6733504762388409	-0.6314144406927021	-1.0319524968094496	0.6530371364933819	-0.09127349875718772	-1.3296352409454355	0.7891534561464427	-0.035732556434697554	-0.5972157201552305	-1.5190267655183876	0.08379686651634322	-0.22201583833726618	-0.4432136542750594	0.24802172638496756	-0.061188725271801775	-0.05746030711013917	0.1036427099343508	0.20305806171238666	-0.02281673573330576	-0.05674685631122545	-0.5620686000366335	0.2129757991315383	-0.2819330710514311	0.20471510188092243	-0.18492641000201948	-0.32002205492002267	0.24374546894278754	0.212225594398241	0.20374150275043945	-0.024235595627451215	0.04030592273115839	0.44418305214573095	-0.4309102694174266	0.2814099523051378	-0.035756194545321064	-0.23671890412903862	-0.06626296788620208	0.7846240294617727	0.17872668993036117	-0.3433854144046983	0.11181478873863218	0.29771457859046685	0.5188750086761433	0.1553092968460572	-0.5535714689876469	0.880656512001331	-0.48439925182181204	0.6986780780357681	0.19569851839685917	0.9089210294759518	0.02440000302698764	0.21643847189414525	0.2122281969116573	-2.0364838315929163	-0.30605038515328925	-0.08729360369895953	-0.6045659545485262	-0.09747947979001519	0.06682211219695579	-0.6056994506643733	0.045332592591758473	0.2587383002574155	-0.10194117999494402	-0.38776308451876806	0.23709468768927022	0.5659929994406593	-0.439463437107478	0.31488247778616363	-0.3720298286182086	-0.396745312412123	0.13488818219313095	-0.10581124876114312	-0.02301939602400768	-0.12277701370911509	0.4534015204434707	-0.5127335798780152	0.27037839365002253	-0.2685091269649098	-0.0930382984782182
DTXSID2046705	9.65144644698896	-2.29282344697201	2.6588292388518684	-6.754803347923065	3.0954930636175977	-5.840718499266977	-3.239903810149054	-0.33556704836521456	-3.8370660730745287	0.4413337656164903	9.103194357344455	-1.4821097362685698	6.937786200062574	-2.857848560387412	0.6493350482772904	-3.3368189643581116	1.8988912075759652	0.16103340936150926	1.0990634783087252	0.4266044433929778	-0.5305377767578197	1.5176849576655893	0.2742383426941584	-0.6733920141336042	-0.6188262892152161	2.446060894011037	1.5365274150899284	-0.4295558228518646	0.009915349438283089	0.8227525507410798	-0.0744651546858124	0.19564989392691357	-0.8160360080423675	1.034587979410264	1.0200389625195943	-1.0354906985675747	1.0446800428037777	0.8364615756993425	0.5569769177540744	0.48105596203152523	-0.8394057235945592	0.29337148351580156	-1.5255804880195105	-0.0373762070851647	0.3937225060438523	-0.21595091020017446	1.2349738147343146	-1.386676152460968	0.017680274629330497	-0.6540744484026715	0.1503822229973204	-0.2094684358100739	-0.12796441413165946	-0.450841199147792	-0.0019223250187474614	-0.49510084067895166	0.29372676398984243	-1.5004058435768606	-0.39275869423471543	0.26113803658185436	-0.4305427495463814	-1.4517009809713142	0.25901363681921946	-0.7601286145374361	0.33040795976410053	0.8522756350701307	-2.223553512557282	0.869487289190628	0.5576226313267613	0.36123987663062557	0.7715043013846142	-0.1054734230535224	1.475465180758345	-0.8286519237073452	0.10392012369362019	-0.49239523865482004	-0.25241413808221547	-1.2738181399712067	-0.9044242519391769	0.06244207486971883	0.09690945439840667	0.07391908006412737	-0.9019526564812052	-0.18698601015726726	1.1217185692929934	0.1930404337219876	0.6795970353386738	0.5121471192405856	-0.15401080857136626	0.173902811566511	-0.9264842802768379	0.45396401290462896	-0.7979476262348606	-0.33520427563986227	0.041198198628943264	0.5301364761698633	-0.3358432048630053	0.6456515771265626	-0.14000125615400133	-0.7525594660547703
DTXSID0022068	-5.454269131645879	-2.950826326620794	2.4334555277559833	0.03463775737540789	1.1239599013894177	-0.056336309867697824	-0.732414350050076	-0.44696802816730447	-0.12031637385718141	-0.6571921370020586	-0.33774430757021906	-0.3806144488127119	-0.22668047615888687	0.7290557548337339	-0.8481743574454682	0.5256501927278693	-0.4183711743887581	0.11570649203157285	-1.21882740628834	0.43087660548742945	0.226036617603284	-0.2936068591177264	0.9809563176434428	-0.34367530563081883	0.3121720674469479	0.7790654600046153	0.8488234813989458	-0.7446977040670244	-0.06718696119519697	0.613498566255629	0.769294458917748	0.3599071316691942	0.28134618519761273	-0.184327070717904	0.5333536364694633	0.5444894750736203	0.4387304855343409	0.4598982474706318	0.05075459920547054	0.11807691865618318	0.32329157261718744	-0.16928080727567577	-0.45698034023766804	-1.2759473283227356	-0.10829414575234736	0.28203860347316684	-0.15557601163313536	0.8418387995197951	-0.12956879943742508	0.2123550742081315	-0.05307263314506156	0.5362266152335735	-0.00031734646830997384	0.16018489740750705	0.382884771418303	-0.36087599353888233	0.8789905316222311	0.1760904301203758	-0.11710345034209352	0.10460179700547127	0.06187526024196109	-0.4913918601936165	-0.2471594467946526	-0.5514027852818012	-0.10488150039646472	0.4148315321314079	0.7385906040744856	-0.43550876597350585	-0.3268606266859037	0.18385483569787453	0.08924062968287184	0.010738586002753922	-0.05106332392649378	-0.22426403856466862	-0.4653325411985176	0.050414860780073456	-0.17821365142449933	-0.59831349499884	-0.03860701526474564	-0.8377275249397403	-1.1411874211437094	-0.17476450271181843	-0.3912965123249453	0.015437007140197207	0.11990757476955452	-0.2902897273734825	0.001981884247808053	0.01104037489799812	-0.11186857891757263	0.13938478715496838	-0.5183696071608339	0.10092035214165412	-0.30380433389787964	0.381908681914889	-0.2814032044996545	0.2407895543942653	0.14931333176641523	-0.15630906074106982	-0.04037010004035355	0.3453398816679439
DTXSID1045409	0.1814307454864849	3.9041047542809615	-1.4507248192429196	1.2883852902665036	0.19785731001719478	0.2860023379900892	-2.0316038957685234	0.984732715378386	-0.643001705019	0.5798861909913469	3.327853081442559	-0.9947212836222902	1.246654957791742	0.934625583467982	1.241684352672814	-1.2152516879604331	1.3927288485401312	1.0292438254697485	0.08571719513048379	-0.3066494573824798	1.3468548903521262	-0.4074007637229333	0.1612336894782187	1.2823108124122156	-0.04182306221560225	-0.723329687446345	0.18006823157979646	-0.14358749216352965	0.4597791609679089	0.40540471403867123	-0.1290681903622764	-0.5300631647720563	-0.32465587506558785	-2.0033424054146325	-0.6711769849222514	2.9944827166823447	-1.0890479632098036	0.3580714216225828	-1.1845476312947534	-0.18841737677605855	0.2782844281692427	0.09906273240313283	1.1030089374635086	-0.2592442770978755	0.498927967880971	-0.357258383503911	-0.023524041041801343	1.0308808016770918	-0.3289208655251022	0.11849164699155676	0.05615246036006495	0.8199751435696659	0.5190892923520457	0.37740640469184267	-0.5405213805550731	0.300327129664369	-0.6825356030984913	0.8090631002356578	0.415050444032999	0.6634356804971256	0.40994917194510305	0.22402121324845825	0.27296540755526527	-0.3580121095813163	0.03764785160795097	-0.135585023782494	0.3345794620656952	-0.3240442324542075	-0.01659172634851674	0.7384471762632838	-1.122074836578403	0.7346007516957789	0.2624295015602541	-0.2847086270710105	0.5094180800309582	-0.0188419249473795	0.2827194802400513	-0.5276941440982582	0.1266171255673219	-0.09238570585392143	-0.2407261481269743	-0.4406569946342783	0.04946197342976937	-0.45533334629691957	0.19219188630199488	0.12947466356603327	0.4103096877994548	0.0823992200215279	-0.1171545745707532	0.3098157293984231	0.42172924666042927	-0.6416313631063467	0.1593224161583935	0.5025791915565172	-0.19408891828848923	0.17229779975021803	0.04560498715201892	0.07149202095566173	-0.12472667347701823	-0.36643073447864694
DTXSID3048653	13.943710699686388	6.429047086503718	1.9439319608839856	-2.157424019750625	0.8778036039838928	-4.030528194729269	2.589431015984261	-0.5221419665043037	-0.6454170708198985	-0.2621789449566649	-1.2787635320862967	0.9672795965298636	-0.17334778454833497	2.1571560258799876	-0.8150316721112034	-0.40775864258888084	1.1113809683451372	0.9009694544904985	-1.5132294262219717	-0.09083655297568484	1.396174678939784	-1.1876313862595784	0.34375628173545736	-0.1625005228148871	1.4603030370265762	0.45392853692520124	0.902187350905632	0.5838789926399091	0.46768961236786905	-0.43126941931199053	1.0077149788876922	0.7498906161027247	-1.3810438419195668	2.494380457356384	-0.026355212961437932	2.260318501626824	2.8867472096048097	0.07894053843491562	3.5906200849320506	0.4767264348387196	0.6366596021582401	2.3999664754455194	2.7363365884956945	-0.6378742286450315	1.8011088789116554	1.2125229365121937	-1.0467857796104538	1.732096502231943	-0.7772909083102578	-0.24655443590463832	-0.3168801923697062	-0.8918021940925105	1.4753204787706293	0.7474103475158407	0.015674063382140998	0.9821250873641937	1.3125074192471433	-1.701915751149804	0.3518416088273091	-1.3584714371055564	0.5696885505501795	-0.4316566811564115	-1.8693962273800855	-1.2126558767926254	-3.754092325965179	-2.9619332191874075	-0.4003617599772538	-0.2151034538265854	-1.7672137971429074	1.9263229281826852	0.8462501627831437	1.6489131988727288	-1.0514718940468295	-0.018720594118844	1.313223567679655	1.0778943599469262	-1.353067470647322	-0.5184562492962681	-0.2671101283600829	-0.8349922776556016	-0.07235101341937077	-0.5857297005574728	-0.08266508109916998	-0.8315463687285771	0.3029192074034372	-0.732146112139088	0.9698817888845993	1.0327013384569443	-0.7641945318867375	-0.16023266270336986	-1.3548113442576737	0.9495112430186267	-0.2631251052324508	-1.00695585039859	0.30146866672704997	-0.9293093165261422	0.5094531848436393	-0.6821568234749917	0.8391569383616274	0.26495925985730295
DTXSID5057674	-0.9491428769528572	0.5032514642818194	-0.888990830428573	-1.0461327265893956	2.634715551539161	1.6552258115157	-0.2351672011817394	-0.27307670493235364	2.8846628293594714	0.25007917162898985	-0.11067950242914613	-0.5232945335256248	0.6508124934592264	1.4298462048026332	0.5373710076513939	0.3396921436823425	0.188562441675362	0.22735521698157746	0.08686885300902801	-0.7979280540826131	0.18718524688542484	-0.20951394662571587	0.9121037894931385	0.47476798759738537	0.08549015970077828	-0.030529745025392574	0.3626576981856725	-0.5059303381408136	-0.08083314859202802	0.06275381709216654	-0.10988899124599459	-0.24977158144083036	0.2308490356659218	-0.5725908370112536	0.13816168672503312	0.7743461832357426	-0.43983085397563	-0.006334888928433811	0.11451122529793734	0.43007285631102676	0.6157495876430948	0.8382137217301903	-0.5004907953203519	0.5201519098586447	-0.1438177003311018	0.22919678134882293	0.05468601154196194	-0.09371505027042874	0.11426711931737037	0.33604973539954697	0.1672728995958874	0.14351710456905173	0.1233878825862878	0.2954993277503155	-0.2016698544210837	-0.22881224936725783	0.27218884115100955	0.3708681228980563	-0.5253129925661569	0.2768014504813242	0.028992123758313358	0.08041757587315498	-0.1568752037229006	-0.3765604604052931	-0.31733206683262444	-0.4713338358100003	-0.3152165800500851	0.4387374563331545	0.5049339415128806	0.4514957019043525	-0.47089443091392724	0.5348206076187108	-0.24400570767615948	0.8028780316126592	-0.3478132944054523	-0.02542843857133307	0.12504450602826347	0.2011773867072686	0.1881737949256767	-0.5598258864377135	0.12113355286591804	-0.782789774758401	0.32685841853387865	-0.1138417552187066	-0.6280341012119238	0.6728558682702703	0.5300118809945688	0.22715240775201917	-0.46472534188762554	-0.579091548350987	0.8574990638806671	-1.4001374568593443	0.42653346069746334	1.0492081557353563	-0.8071460195259226	-0.24793154331658002	0.11835547298954276	0.01712182179057206	-0.23538669152492167	-0.7474900565187214
DTXSID1031460	-2.0871097091754454	-3.2827709095551287	2.012858434970199	-1.9157874954262744	-2.1096230314923803	-1.5041307253746372	1.5624592631366012	-0.10498059844969293	1.9813918026629898	-0.2697405392631007	-0.47925615057459553	0.2730498231294759	-0.8601888824624441	-0.6910808372241685	4.0151879464305695	-0.8325992488837763	-2.6564362665924786	-1.1805062258379493	-0.09614020591689876	4.504079254828682	3.2003509073604746	-0.8731916866573032	0.6209290794793838	1.6384571155994754	-2.8013469883730697	-0.5981404567084182	-0.1556001556424669	0.8529637948765935	-2.0612891177224295	-0.19892442664336507	0.6907298719144043	0.020494568251907024	0.32788612525934285	1.069685040671662	0.25523840888874	0.22032247200454266	-0.08156816842769349	0.09682668659765982	-0.5756399839691918	-0.15955899082911326	-0.6604640421555341	-0.37969278641865306	0.17721876325622124	-0.34464036545062804	0.05884750664975563	-0.34701063256604026	0.4265229998825777	-0.6597000555705853	-0.061030165662320716	0.03366575706494371	0.05069874935044132	0.06952285662307775	0.1929064283295184	-0.6456786026766073	-0.7967495710210026	0.27112240986800307	-0.4179520409879371	-0.5585198205083849	-0.03269670091110661	-0.26168982361797943	0.50491445406702	-0.702631626789533	0.7701751260240025	-0.17618567078675804	0.14542015534901614	0.11596111555313261	-0.651124145913651	-0.05195027385605749	-0.31643654953366535	0.2852162068307704	-1.6009108003516623	-1.4514763862030182	0.3456030562877843	2.069497596918329	0.2965908244446534	0.7334503793887436	-0.23382428383787882	0.8363570374696339	1.5829844504023611	-0.606303124236613	-1.3040845499823606	0.6719340182031855	0.9378545879079064	-0.7616005956849424	-1.0602608980973196	1.9588368401885383	0.02719860880985792	0.2906786676805305	-0.3102718528269036	-0.2659351242622778	-0.5410425159039506	0.8033078802265093	-0.31721221338784744	-0.23392275208156332	-0.3353384985026992	0.5579008416485709	-0.060252121286198584	-0.4212620124003143	0.31039023792771037	0.24044634094524303
DTXSID5044520	9.542635277658393	7.14982263824773	1.326354274435718	-0.11297333987687466	0.1815026856964835	3.185593733686199	-3.2231598174713407	1.8920180901540684	-4.056179792895062	-1.6641299733472594	-3.594118991353497	-0.33401797966250213	2.6448684450575426	1.2219835447486256	-1.6704654315352954	-0.1526022372188155	-1.953812549401153	-1.2271708936072998	-1.8067556776485354	0.1542548688700385	1.2315587941645338	0.08502327824737103	1.919202202907293	-0.6475602306211549	-0.07697707806853973	0.1914754675593904	-0.1839983533933575	-0.09782171674843167	-1.0186842769353965	0.1916760381219229	-0.17788357381543293	2.712723527650818	1.8936396800567818	0.37698426525903284	-1.7010593569282049	0.07649679530658299	0.2672335802926775	-1.4951117669497893	-0.8808557020476253	-1.695448394088876	0.8646298934372402	0.29386708176349413	-0.09170944312487891	0.440244537277573	0.21904279440226615	-0.7195391636039276	-0.8702245926094689	0.44088239719700334	-0.4906555430264939	0.9982263089737176	-0.3153774072734698	-0.6995920056741101	0.6234723599761098	0.3398226228721641	0.37778816136687837	1.435092430431336	1.0871381105258622	0.22745495777080532	-0.9251661368265665	0.5968855078926434	-1.4361189286150053	0.9666175956581275	-0.01464498097726717	0.9098183986861839	-1.6355661852740409	-2.1002657930120625	2.3525057370825513	-1.2577125056648188	-0.40028402875847113	-0.29205810856014575	-2.2174244023228664	0.14941505182184342	-1.9624223300552883	1.075095820662751	1.0463081032603403	-1.0182034087092693	-1.3855788308983092	-0.1298987128403587	-2.2349115507781527	-0.3158009250516216	-1.7317037582446393	-1.085464085603756	-2.742307594178117	-0.21564610970202394	1.2196685925936595	1.684541895090314	-0.6932033947622104	-0.6857188634852397	0.5184174760300806	0.0784619585852737	0.33354595782740065	1.1870803262412548	-0.834886275526946	-1.8086244107276161	2.796524502098109	0.664631167803372	0.3522323087544631	0.5018284943739448	-1.111223770111575	0.6185770045412874
DTXSID5021837	-4.474048200846981	-3.281160265719597	0.7154187211534069	-0.8168177750039339	-1.598929324274794	-1.5765414763297292	0.3777838343786439	0.1562333862057084	0.5722113308500199	0.41455271123397475	-0.10130110040134707	0.10577642163350828	-7.073254911439135e-06	0.688873525475664	1.9724953004697168	1.2578712015403903	-1.4202339701104076	1.123526153378986	-1.0336477431422955	-0.8136694703301549	-0.13297327801591224	-0.38870024846011564	-0.2234517674849779	-0.37959916829579926	-0.6712233873109978	0.09031082167361114	0.06661684803765702	0.44914635426191396	-0.12466520012528613	-1.385124296127835	-0.5298277077548065	0.3595831435489604	0.6954747434016919	0.04305414715284891	-0.42349349666251274	-0.8294353622162743	-1.0282310547390014	0.34025458258013314	-0.3867343854762139	1.1062783045047428	0.3392048820053966	0.3166907862117339	0.44080930822533093	-1.2053863095067603	0.32531144200815715	0.5390800720165974	-0.48992520225535596	0.4098603481809073	0.47205198648686186	-0.19041064771298408	-0.16330682638880684	-0.28226319682979045	0.2903656569859863	0.14916447050628492	0.0966053155268102	0.4941333995998788	0.45852742864802504	1.171526081589657	-0.2943788071552245	0.06866890035653744	-0.02351258788262866	-0.9875929261180345	-0.07315590334202923	-0.100521574750614	0.05245264705080732	0.4239980213442419	0.02228972911503574	-1.0903229828842067	0.07264566963309162	0.18444453510014802	1.920987403024471	1.1436043412840553	-1.1617634186637102	-1.1203142592605562	0.21122400756719814	-0.6678667574759195	0.38465818912420696	-0.49000122148148545	-0.02408461684253468	0.3899608470708654	0.22621040492611816	0.40732306831657483	-0.07781550617304847	0.36800180787706754	0.6108714581721003	0.6607107987110479	0.38361346986149547	0.2724648164252741	-0.3116181918384675	0.3955777006684515	0.10741294498505927	-0.026442140446461898	0.5337124943342242	0.41687977351915373	-0.1325377773795467	0.020797162913940067	-0.4524800760241259	-0.152758838765013	0.1724985772983696	0.25705138641101843
DTXSID6045167	5.017854394261024	3.6417508503290223	-2.7464897358366014	1.1396476763981194	2.1624308883884136	0.6086035355089187	0.7003751002575025	1.114950734364626	1.69760609618147	1.8417847730279722	-1.2221146321347365	-0.5320791878921354	-1.0147712198673222	0.13742688709398782	0.2076538015268782	-2.0389068136816677	2.658591508899612	0.813224955182586	-1.2398460904689415	-0.7517454761232413	2.0052988923494883	-0.39632130691684125	0.24357987185549157	0.8106436898356583	0.9875435629916199	0.8822274800863453	1.0144740642381584	-0.6682725166404775	-0.5682729546869335	0.014311245784018808	-1.7808009084581748	0.09214469182647313	-0.5220057197327226	-0.8547310244461002	1.0694452469870332	0.4851959963166264	-1.0020198158682534	-0.0050505478986264726	-0.03986794816358624	-0.20191067493313908	0.4356738194529309	1.3448567855421873	0.04676215647955213	0.13668066902292692	0.7877158153497872	-0.497914349116115	-0.48403952507656794	-0.41036248838621425	-0.24665034920902143	-0.21552706945200345	0.21681399099330106	-0.4937122375958597	0.6299545805747	0.0979185578163682	-1.4683772880876491	-0.3939274052694367	-0.05341140544729235	-0.4791098009178758	0.9845892427312576	0.04619770645680015	-0.6646943714925403	-0.5004534662958126	0.6704074031973136	-0.5572913764797834	0.15445174495711889	-0.1210581264852064	-0.4241766723160804	0.8790077552861298	1.2163242409921402	0.7852342911874574	-0.41747300981484314	1.2576526025238683	0.07331013984780868	0.09678397568545988	0.7175050975247899	-0.9491189026555039	-0.004903842559368895	0.3642939790901601	-0.1769235202970171	0.2044780069562683	-0.6836393423132757	0.46203531636420575	-0.09667623327643132	0.10538158301922147	-0.7114810495977703	-0.2069067774651704	0.24061474053687698	-1.1989692346212446	-0.57889623313741	-0.45695600089626087	0.019695999620006052	0.8290597111346029	-0.18291503673506485	-0.04251424999726405	-0.05282537652378372	-0.18750789580017047	0.06451246374588107	0.09230700112743259	1.0899350009327202	-0.42098773416670154
DTXSID3046291	7.99961768922042	-0.4976464724586528	-2.3047804346683876	2.753984359180615	3.879182253812384	-1.5933891492904915	-1.1674280550674883	4.07820306487796	0.23851613277940617	-2.3654470567940318	1.254690666440508	-1.7552320264880035	2.8216381197889246	-0.886619330762726	2.941436474998844	-2.8071815806947744	3.051137094685455	-0.15657053673291627	-0.08808576892121585	-0.017405189924339242	-0.9988717781994355	0.7008480431770238	4.006994445611352	-1.9224263090573919	2.249544109333631	7.619942233346324	-0.2810508202428719	0.476640274716396	-6.552297990475589	5.847911996032677	0.4951829704464709	-5.07913933164276	-0.7012239912075998	2.2283559669982895	-0.8020798433275285	-0.11436785954578198	-0.09334008107266344	-15.908291986742231	1.6007409409644788	0.01903222556025661	0.1958500395226928	1.1273112171784925	2.835983488941103	1.3679921898039105	-11.228027009872694	30.316841087922054	7.410673582038063	-9.56422380287496	4.205295818617706	10.32766143143831	-32.963284213648606	4.786598191589069	-17.318502648019912	-6.542300720760529	-17.87418048710052	11.341824253314133	3.31877106214322	8.533028972751438	22.40111370663019	3.845193738816746	-0.14867678609236445	-6.060518919643224	-2.7068456104116794	-2.2556757043631976	3.232768538362922	-5.656725463647113	7.16079650316234	1.988868742587084	1.1302075041851023	-1.6728934846883552	0.648379319308036	3.6588149252669595	6.60997968683084	-0.3244115330394744	2.9171211980523473	2.3327424279487055	-1.2894162809570593	0.804159065830574	-0.7562080127805825	0.7994437325133501	-0.39002286585084106	-0.6125198992826545	-0.3790303689707174	-0.816865893079105	0.6779112293583871	0.5407116700967929	1.6371108743495715	-0.10243174839341203	-0.10295818260063261	0.8994920103378579	-0.3637512825688436	-0.8373497060482601	0.37265979246902114	-0.7700288046780797	-0.5325860314963251	1.1877393427488607	0.49263283148272263	0.21297091959604508	-0.49232300378112315	-0.0037076821620304597
DTXSID3027586	-1.5673158214637417	-2.8481912109107546	-0.03329236767067604	-2.1328161288514704	-0.6101746154433818	-2.274818050942523	-0.4442384985779377	0.649982569146363	-0.2001384173132823	-1.3040371813312908	-0.777636327227386	-0.010350693886213347	-2.006313789989743	2.0667911154412826	3.182167655353093	1.0043993066264922	-2.465762884415768	-0.7038253831314324	-0.23284511998130597	0.6794783877403141	1.04425232093816	-0.9261599225165378	0.3100061239495452	1.0309264767589315	-2.682202900146527	-0.9162552326058861	-0.3609850933529903	1.1892794675164728	-1.3227017183901737	-1.3688990825257774	-1.0952467678292537	1.1192044094651614	1.7810763624037262	1.4839404033288162	-0.34937385612488864	-1.5881654021056373	-1.4502453838166043	-0.09901527877395869	-1.053167195886096	1.2428744484318255	-0.6656159312423863	0.09679032810721554	1.2178791457177824	-1.368774040081958	-0.013321697396782854	0.08767451729396701	-0.6400802721185893	0.5619549443539247	0.3222473835018569	0.23000976147588498	-0.305055434582802	-0.32395670879104094	0.776317426722754	-0.4435757532615143	-0.7418248369725758	1.7467790085717996	0.38201940851610655	0.9515474666813457	-0.9341783908291059	-0.45558452646140807	0.12340715665444865	-1.9961782199400169	1.1859052986925456	-0.19342314685772813	0.7780561374168392	-0.45972180592331285	-0.5816481976065561	-1.8269140823560075	-0.35338470421945556	0.5394083930126867	0.1588883425981251	0.09381854708663549	-0.7895195878869382	1.2019382018167504	-0.7475667906092487	-0.14896989021482163	-0.10316072360827828	-0.41929441280347624	-1.4890694227288588	-0.7442102035361492	-0.6145826094458996	0.06117918979985113	0.29417738720168507	-0.8585274053238908	-0.12547529592217904	-1.9490429787499162	0.8354495029281898	-0.09767998838578901	0.09596903420431724	0.15174942445504677	0.4568588973918967	0.8049891879753265	-0.34607004482802384	0.3474237871956682	-0.3843721046054859	0.2698194244962177	0.28685632454155174	0.09984756011303678	0.08235674017973159	0.14539058747359312
DTXSID0048715	0.9732845951588062	4.052142214492345	-3.3599087560218837	3.5892681332354566	-0.053127281163747396	-2.2536370959320133	5.101226691382371	-0.673099124923226	-0.6384231199895848	1.5802326597713743	1.2071932796091926	-1.0224264573070083	-0.7107375337810207	0.3894002314593602	-1.197845507665397	0.018617995554450265	-0.9584891065698913	-0.34612994687124804	-0.8911980779954832	1.4423011570866828	-1.554735887835176	0.1676773028122867	0.07344896837033814	-1.2067146108514542	1.8913551989878725	-0.7338528750423494	0.016201915566757145	1.667504324493535	2.0914223833548897	-1.7960846055747521	0.38578825501209685	-1.619333505602304	-2.9965995519083353	-0.49650216113088186	0.8337364166258435	-2.2548486716229945	1.2116667801923495	-0.8767187732169804	-2.795930452708757	0.11812978684608309	-2.4221893955287013	-0.5064859074750968	0.7105727415222867	-0.0787460399376692	-1.7153043938392083	-0.21619259214530231	-1.4520436254216207	-0.6488165429403272	0.6111304257425255	0.44892185378542754	0.11723419786490269	-2.884782845315241	-1.580682488574265	0.3445354399729553	1.2078032897828332	0.288675726467077	-0.3525384992714743	-0.27194163992908366	-1.5379201748096225	1.3008089972156305	1.458876731054107	-0.8218466646658921	-1.6214892549889854	-1.2679099304859356	-0.30936560853652423	-0.08665770646261377	0.8838807600160761	0.05001677528925971	0.4957872696820448	0.9710136737291283	-1.3761795748878591	0.05062356654042351	0.06296645278500751	0.0030559627861493008	-0.5004560541200951	1.1551616723847842	0.9560775931705614	-0.9589400131217802	0.14342729506297602	-0.5237828095543131	0.15994009109741814	-0.13306212924590252	-0.6542745883504953	-0.9097860937772039	0.29129428488697995	0.4178341150408885	1.0122467422234405	0.973284855556997	0.19204970704903576	0.026608716122041395	-0.35133709582332173	-0.39502895382500436	-0.5985460622274278	0.5660183895671121	-0.7311920688123442	-0.09205412745131475	0.11779326950920459	-0.32372341591511405	-0.27010179895581127	0.5661485894389809
DTXSID2025422	-4.318594681116978	-0.19225029584981274	-0.729468308325412	1.720410318778107	-1.2950345028449568	0.48552502226429606	-0.9829356697069078	-1.0818012694330317	-0.006456025130972004	-0.2930872936339317	0.4896261082064641	1.1720954360375044	1.1503118500984895	0.780063572223892	0.03924808278677898	3.7317111540417596	4.08284822962833	-1.9151293818444268	0.45016187027360044	1.6592505945262952	-0.6037782439377098	-1.5811468323168358	-0.9991396275356654	0.2163393214621909	-1.1407916434700665	0.8307360364336324	-0.5536992742915773	-0.7122322893066395	-0.7843907277619524	0.16800816582835668	1.0938001427817101	0.20883262189131865	-0.12107542143291126	-0.42278285216868955	-0.35114645754756807	-0.6912979830120629	-0.5931418663348366	1.330598014981202	-0.7323041861366117	0.11213604648969912	1.003965754075392	0.023739325833304823	-0.9957589613827603	0.36290262559787206	0.3310152298850768	-0.8455291613477465	0.036233027147793306	-0.3780857510068827	-0.006552534712531728	-0.5641681569022345	0.03844042641166249	-0.3191258850217653	-0.6951304142848499	-0.004052176846438965	-1.0553092996510505	0.25176218071472095	0.16925082396859625	0.5980239465368512	0.3223967568450571	-0.35132988191278225	0.14450655533741935	-0.9481827104084205	-0.6052563590785012	0.4972374029067538	-0.5481918787411364	-0.9866491015660108	-0.5685713766133137	1.1424425149051434	-0.382568436116249	0.28137832209993446	-0.7973086106801052	-0.6530833356894429	0.034178399556234286	-1.1935411591943772	-0.16772135600063262	-0.4079270911225633	0.5046788918582028	-0.7366348746015869	-0.16617703981352475	0.6588981900569592	0.6972741036774077	-0.14804715909209412	-0.06708028855352353	-0.27530747455573373	0.07660858040979984	0.23035240274274388	0.8632331320913657	0.7653484477470694	0.5244282716378846	0.07660311653148945	-0.1551438861630082	-0.38264454864314795	0.22767853338664637	-0.16048576944719556	0.023333943087121327	0.37108817382218523	-0.23048067390230856	-0.019315395627943304	0.10989927466652907	-0.039846985643389385
DTXSID2051631	-3.0117113020018094	-2.458920765830381	-1.560757219606617	-2.274989318750713	0.7565739866454662	1.1909356371217599	-1.3448007892750666	2.1259946169967656	-0.825385913635982	-1.2853327681933806	-0.23608578198598926	-0.05215836820275047	-0.7745568715386207	0.7455727449066472	-0.7205593774430367	0.02009031263516767	-0.8905562336138398	-0.6781782904620194	-0.45701186700137403	0.10258987274305306	-0.008153881332105753	0.29783944994641537	-0.5568735606898958	-0.4488172114623487	0.5497284773837608	-0.48118595619130955	-0.07123050098732235	0.510432484901651	-0.1182775832884625	0.06810016603574234	-0.20073606041901548	0.5572576528496238	0.3838941986169989	-0.5405394722137511	0.5431368889397825	-0.3511058730507839	-0.22138648583758896	-0.6516920927198951	0.48655556028142205	-0.16873065855459915	-0.13354354679544228	-0.4560127360439333	0.21126117285472448	0.16927618132746006	0.2718136886813248	0.0028446532868063048	0.01534443512390639	0.6711067445854201	0.3581206330173911	0.16288423955503833	0.08600558681499144	0.157017130890838	0.25301833027831167	-0.05046793028562748	0.514571725171444	-0.3635681746197129	-0.09456113001349192	-0.13045360875274178	0.3438162127061625	-0.05374047017274082	-0.38439979242938466	-0.37347773212735547	-0.30958238776195474	0.43556343725068136	0.047860810189753154	-0.1997000252839821	0.7446819622179793	0.17962733749094487	-0.5282522858025396	0.14168761915284916	0.35646646751031924	0.5154734290718309	0.19878736304363365	-0.034962424544892394	-1.2195880565422503	0.31202545100578655	-0.5741439172882745	-0.5033969421394268	0.12485443762757058	0.5421119283666186	-0.029624574370623914	-0.36467088939836306	1.1807952694191153	-1.0477842748303319	-0.35898400428260574	0.07293847058327142	-0.5576624381891772	-1.1548998745535806	-0.28510044141400603	0.33474867967747907	0.3622751768682943	-0.13885158088955588	-0.30491644165414594	1.1636810160210083	-0.2739426956250281	0.06029394778290977	-0.23275612074633348	0.4017830671792667	0.7624167961355218	-0.6259212197076162
DTXSID1024465	-4.084180014084474	1.5425939971159113	-3.5648418934098167	4.043643652032265	-0.2511771013076434	-1.1384738609643872	4.921757296580264	-1.7245568240147884	-0.37697736927493913	0.2699687853091973	1.1849597126636513	-2.239154529685445	-0.07029748112717972	0.03321180508553949	-2.7088787457479913	0.43536444757289394	-1.5430171731451063	0.8940569310775841	3.3423297989105825	-1.017406334274162	1.8421882561707665	1.2653482666319267	-0.10870530189968106	0.8028148502234678	-1.239925226033126	1.1623479471270441	0.033923062790775685	-0.49924235254460486	-1.289955166092655	1.2889728867021917	-1.6061319438606432	0.20402897953548216	-0.6582324075553112	-0.06837361623574473	-0.20115347268083084	0.7172763807845483	-0.4412969641713549	0.25552406228929186	0.6797970588952964	-0.03843838220576031	-1.2399437341417747	-0.9079243303496335	0.6878251370442416	-0.23259672910614282	1.1007319321025295	-1.5484206217010574	0.9462271326636752	0.5027812429835112	-0.2663662458717715	0.37519119518515737	-0.30800361940559146	0.14398982702717036	-0.12666861300510832	-0.4837923366852621	-0.6557324950685134	0.51970599957473	-0.4042353815831297	-0.20977174473564547	0.5501045469884872	0.9474743230682797	-0.10726281211142351	-0.7261835633883537	1.2178295145890534	-0.2569032327682642	0.6273011194248563	0.6143772367338807	0.6337190197068913	-1.4985131890080896	0.01479684300561851	1.0095023124906135	-0.8525594578672703	0.29975577628947647	0.3451795779365522	-2.1917038566341636	0.10381865235046406	-0.7228499281835984	-0.42168499383948416	-0.4470397897047459	-0.2898926688585926	-0.34973965749860747	-0.13073055487816365	-0.6845630951504809	0.09172453190200656	0.76681845040891	-0.6371974836731356	0.35884035827418265	-0.14356549756633266	-0.48976248512533255	-0.006158578719256104	-0.31163435920293064	0.006755352276503144	0.5564083049201914	0.3001140908411167	0.27590928586880636	0.5119221451891848	0.5152302087635244	-0.06737120230255685	-0.7383482695150312	0.21231543026234362	0.2676415972047893
DTXSID7022172	-1.242208776737826	0.9130929636062447	-1.0984014214582032	1.589634095865583	0.9365587477099119	-1.4529205534388945	-0.16494995275331467	0.7963511588145092	1.0373071060826862	0.11590692386139201	-1.0228296667303427	-0.3040756181814701	0.4416712325952221	2.151061146531353	1.9572713335920928	0.587096287627149	-0.5154048284234687	0.7877649450351325	0.020389394573913457	-1.0054444535684524	-0.6955255331581273	-0.8349572153779709	0.23895437833333855	0.5115063374263975	0.32811314153908355	-0.7370565853839441	0.6151002450545255	-0.17630844166914636	-0.12140789234062782	0.7693706909514225	-0.4335046917844387	-0.8479821874881456	0.4759027010210859	-0.31269370770176186	0.7004393348599056	0.21701558340775556	-0.5877176091690256	-0.43336841889987093	0.2807556518001598	-0.12057613283879962	-0.025162478378478504	-0.0341149507789426	-0.10297814470678364	0.0658171560728566	0.240290632404522	0.18737646177961623	0.5812546270298531	0.4959912351280868	-0.09300926114110661	0.04084041351056008	0.08728725817225019	0.11840007436727035	0.5226167072154875	-0.15333641378084803	0.5930769520625445	-0.6469969769508627	-0.3317637953933394	-0.12897434412606262	0.39309339695540213	0.2152379697191014	0.2822275285683305	-0.5417821158043323	-1.0555319355335704	0.130924964588782	0.28495872517067045	-0.02107772159118339	0.26670891239268735	0.755357434030088	-0.7715239793368105	0.28210954571083013	0.3236800639339666	-0.4336324915330335	-0.2466442129773378	0.7813439377363018	-0.011044648504656666	0.955373852024995	-1.0022561217509864	0.4042112279569653	-0.01113636685030462	-0.14147591081282315	0.19971542156319752	0.8272302466086853	0.3675997669300519	-0.9763137643580371	-0.5833456748567913	-0.19278435107603892	0.7422981329310754	-1.2102813913352692	-0.31937571231388895	-0.8147587991318072	0.34567244153863375	-0.3733799629726929	-0.3932181257289921	0.6959228835548664	0.03397178756264096	0.11111623603044538	-0.2756159494376811	0.13141205179690407	0.4493323355640505	-1.0103577415323075
DTXSID4052502	4.157893154592482	7.4088103328781845	1.79836738879556	0.8737115987579104	-0.23791883615564965	-0.20674315225550333	-1.6015049936810002	-0.5938222362440513	1.6776971641380942	-0.4856225987975345	0.49143320767213483	-0.32807961311071493	-1.4997946443802084	-0.7369708836350287	-0.2705726794384773	0.9086088809747261	1.1285191705343436	0.8665421932828183	-1.6207872401315775	-0.853487689690726	-0.2416904477774569	-0.7802172968296075	-0.23293111006223857	-0.4205468593253418	1.5108237461163538	0.40151013264986846	-0.8575200008443242	-2.9221535595696357	-0.6371605698624071	-0.11944261296492445	-2.155264037336085	-0.03976221559251514	-0.7711284910813819	0.6202553912169708	2.2010743408222915	1.1671750098790485	0.2514706010831228	0.47289160145500214	-0.12766483182205457	0.9309500810848295	-0.11144498341165596	0.5183664147093279	-0.13459799394568445	0.9621221090061148	-0.554960163332666	0.2577380049037019	0.037615574326142445	-0.5242440335951147	-0.5263036695920528	0.2653404280269286	0.16366038425348722	-0.11849253775561568	0.348229217461828	-0.6250109543983665	-0.6326570279863826	0.2639177524736407	-1.0336120646067597	0.1321418596780723	-0.11629403251936248	-0.9791143028615971	0.43058316598707774	1.3610216507490656	0.15686353405704645	0.7230341579983192	0.30647626156536334	-0.1807923228402804	-0.833499966354016	1.6577817480335877	-0.28877342042829607	0.1488079072395391	-0.0760978232880798	0.2933877723554573	-0.875973969517181	2.206718545103991	1.8610190266403586	-0.4830707681323858	-0.6136134006838486	-1.2345757474229222	0.09663383645369801	-0.17767218098433013	1.2631094766956177	0.7311358756421802	0.17397909347279486	-0.8255406465126139	0.22924775503537115	-0.33726860495433086	0.2596571291126867	0.9700927855008055	0.014177020985435985	0.4968710125723239	-0.8740263653211081	0.5805746956784996	0.7648657308132452	-0.49390682321346546	0.7340895336584919	0.26889491536597127	0.28748547276455033	0.8571264767096188	0.19647604853721218	-0.14652289272590674
DTXSID8048602	8.241486693623871	0.37072030266457423	-1.8782162663042843	0.9579694525027486	1.0083687441291884	-2.783878227907809	4.9693366621468975	3.60953434377623	-2.1553133523574153	1.3518200104902658	-1.4234685765696553	0.6049065934751005	-0.18573743082551902	3.0005784594970106	0.5565096050208451	-1.919441210986529	-0.6008067698414659	-0.11072822094035127	-0.7769916553513174	-0.6122735698116535	-2.151371561714871	-0.3354509671182232	1.9822003679877707	-0.4812150681557558	0.5458300843330617	1.0197666203239755	0.17904615250249573	-0.9592868751762271	0.012676324935171812	-0.14208174898967646	0.21841796364530128	-0.001973292741791806	-0.006042605884519841	-0.6416721842393076	-0.41452302189739715	0.4072691485990578	0.47664583387798043	-0.026780622315812384	-0.7674981800271684	0.25508530471452023	0.4406893436841451	-0.12336827390877782	-0.4006489676733049	0.7074846158807361	0.19738925196377996	-0.02237691974247846	0.49137538909586037	0.8308431984550625	-0.07932975283479429	0.023819251877890846	-0.2622983067165883	0.20843306798437175	0.2364114260746525	-0.13797244466268457	0.09801021650504396	-0.43143267421074716	-0.4661950113962728	0.7299963395880948	-0.7929600238601735	-0.3808384108341874	0.09559054404170508	-0.14202170189230381	-0.6416060230289135	0.6513308257178654	-0.5662481400746827	-1.3243373728531396	0.2539932655625712	0.40909144129003977	-1.386365834515908	0.3608059552638658	-0.4840330252989377	-0.4046176966082518	-0.5119453305824239	-0.18405747368648778	1.378536520987109	0.045974639656914895	-1.0784912318482338	-0.9939871057738645	0.6150121132565314	-0.5051647103897655	-1.0025117586115573	-0.7431171230049398	-0.7164588731339271	-2.0188010487358796	-0.8411765422313732	-0.5353502316605551	0.4621151949183458	1.6954068959937538	0.37331692556063056	-0.2976484550359264	-0.4605721053206622	1.7676017630750311	-0.5551747961437471	-0.12345576819738319	0.7035382856493042	-0.486886976567869	0.7367375498718236	0.8861037295918174	-0.44031039685266443	-0.4441322325405311
DTXSID1048966	193314549.6188617	61707251.02671055	-199808981.66570196	9928603.258397073	205537075.69058973	-35094985.96453092	-104912605.10924225	42749050.82172276	368511749.9809247	285764804.8575384	-96726281.4847658	199084290.2714135	50153750.09638619	-263400247.42048925	-214708811.33176643	45749599.4978009	185408557.5449862	382652690.5546799	-40806631.68657439	-809457135.9735103	718098070.9264516	-427763413.8769687	378211525.0429816	-120625106.5690326	807028259.3829305	-27434033.435365394	-1083174138.2596498	677924966.2697793	-243868017.0035605	62162136.55492054	2367964550.234622	719816908.507101	1163177895.0472279	-108128648.17982447	1942814285.3746052	-246505695.45818773	-328131050.1722661	264271018.21300718	-214145036.2297628	-51898940.41198541	-561319208.788534	-322241722.4327966	-112263113.95902179	121707043.12496884	707470388.7456446	-119208646.07177627	315429910.67469096	-852188743.0622402	-349848372.6911809	-469321683.2877958	9089475.727832854	208178479.06162602	538230172.523501	-12606817.12224787	-524568483.6712647	577351831.6083864	187373184.029611	857932053.5489345	412560838.6472028	468137208.4405001	92277842.45570655	500350041.01001966	35932622.58602602	98980410.39068486	-126805940.52803014	876594664.6740938	-456306283.6284425	-1380767632.6586125	-421665983.5363334	-161020153.19958004	43133864.400038645	92078594.5553122	493664847.7493168	379560288.2420375	-545894014.6829051	1156991974.3558414	460631533.0948488	-1446183350.4930573	-272938346.4038798	-261625052.45533347	1276947578.3865695	179897710.7698293	-853809249.8505334	286964952.5073374	-551453143.4745377	690833759.0575938	100123027.62499715	206239187.41093776	615244429.955501	-1566254889.377369	-66365593.06664375	689745842.7365274	-326104775.8112936	891267425.6976931	265683305.4818309	-560183582.1322383	117463132.10988294	-461964544.12740177	268893791.4813158	671580615.6007504
DTXSID4026769	-2.3190394666654974	-1.525914057733487	2.4470633502565065	-2.6790692286886126	-2.3720524508607275	2.1517146090662247	0.0749785300187493	1.4931373870179219	-0.16934482875513965	1.087007413340662	-0.7015999688420169	-0.4383132005380707	0.2142437523608608	-1.8319668981109294	-0.19790249612470903	0.4186937330798681	-0.04840068188654175	1.797553078039374	-1.5182942400251993	-0.25965505385128335	2.033965590022131	-1.2204921916781044	-2.44463809385675	-2.0613515074859152	2.1015293098023826	-2.754758692074272	-1.9537854208968426	-3.057292316854166	-0.12620420795427775	0.07163576583077466	0.7274182763308084	-1.2364734806888809	0.6058995063719022	1.516853866122922	-3.0256220300893277	0.10130053805392983	-0.15804097172975887	0.17098238652966088	0.05895476261394303	-1.0879336241326323	-1.2736957667227726	-0.9359853997600363	-1.145356795259537	-2.512246769615349	1.1259176587089184	0.5106440342565199	-0.9493655839843069	1.3032953172365533	-0.18360697454064281	-0.03954972664236627	-0.744942562395739	-0.11506730733499256	-1.2810947332808045	-0.240037489426294	0.6120648785314063	0.043657235893211216	0.9714703468490784	-0.9315986721115057	1.0011609809050765	1.8795706351019599	1.600474501110648	-0.22619714928044074	1.8772362306744148	0.5337961873738686	0.2896423165323805	0.9303301095619808	-1.6282763050815794	-0.45195406226064133	2.5371921565713915	-0.2770190406332315	0.1718529359828608	1.0221305110346335	0.3675285290974544	-0.9878825951434653	-0.39882053222799496	-0.004578917146500333	0.38392056207135644	-0.17666813054896635	0.9530428851553706	-0.251693883628041	1.0667905907694808	0.8391482141942898	1.391447106344408	1.555927767435877	-1.737502628724075	-1.0574274868341484	2.4603337654998896	0.07314118164753967	-0.91588524842631	-0.3288995146543648	-0.5854267043094684	-0.4039040016649826	-1.2004508671841532	-1.068577754743506	1.459358770458939	0.15637032265487455	1.188035674867984	0.7642857861073836	-0.4672402979863402	-0.04405605054582894
DTXSID0021759	-6.681750304435449	-3.7666180473116495	0.8475435575998563	-0.016536524395620835	-1.0848912724271986	0.0024234544761351545	-0.6126476751694079	-0.5377286753279654	0.3148837720864143	0.4406768906146549	-0.2935362006710198	-0.06084574932047175	0.22485053226255675	0.12143477892671298	0.1160674526281516	0.626049977946889	0.03115089262539612	0.652327600565167	-0.34731447445383534	-0.5106208950629897	0.05817810182306424	-0.4119132769320095	-0.3436132986059469	-0.18014740785777128	-0.12945250714775067	-0.08134321364722764	-0.2970586594139869	-0.15951209369791247	0.24677601637543276	-0.244068931256995	0.3409454011175862	0.03937044904045167	-0.2962250468083643	-0.3765216988094493	0.1967071510094913	0.2032363342674827	0.23255932962360137	0.2136588908340628	-0.07557035732249687	0.22968419082013927	-0.19210052376228048	-0.05540336052020673	-0.3019889433144212	-0.021309312977615742	-0.18969563470228137	0.24219474062441904	0.08902140686655508	-0.13811026498700046	0.10283448613853678	0.02508568631713628	0.04003910646441538	-0.0619699164443454	-0.05786003749940598	-0.04460716248688522	-0.056319951190503745	-0.1584575680809186	-0.09658281693551933	-0.03187446703926417	-0.06348040616876724	0.23143839628177681	-0.035966318087830886	-0.09143434981714044	0.34042411041990084	0.24273122031460675	-0.3392292488374042	0.1291533057627972	0.12719229659019696	-0.2901248593692784	-0.38544831032002996	0.581410887907079	0.3066881365179424	0.00148810250400133	0.22689304811369132	0.20316368176228966	0.2822683251402623	0.31229830155127647	-0.28615888658908856	0.12499720083397718	-0.009388761309352987	-0.185144025077496	0.5953093543765751	-0.23046299778415558	-0.01798108161086254	-0.45125303410392403	0.1452926492104251	-0.16935890827118144	-0.19099807672589225	-0.4744712215836868	-0.6599511714351176	0.26193994285285893	-0.17613584112658234	0.5892713363874921	0.1929148890315047	0.14270669005181846	-0.020715106268478715	-0.020066362647737295	-0.007664000771607844	0.06713169992887702	-0.22276090572621424	-0.1092430595776381
DTXSID8048600	4.015297206974926	3.4253731894842496	0.46095442020822824	-0.10945277404641801	1.3421273504085727	-1.0324940630750752	-2.453690058471293	-0.08184803920913694	0.6032531443473489	-3.025122412007938	0.08371791625227351	0.25857676245538014	-1.3225021444063048	2.117710175866735	-1.4391170010347356	0.03174634203328197	0.9318427017581583	-0.6243996460080469	0.9684957035100669	-0.6081929890801937	0.08096117212031372	-0.03897507463540652	0.2674699852877681	-0.14742352630381275	0.38560847008649096	0.718800724180842	-0.720506754928657	-0.522831583902396	-0.23362080837525995	-0.9536689486049374	-0.8153390722636791	-0.07686135141091291	-0.4545060823041477	0.02645452018491053	0.22871377468298332	-1.4813338845877753	0.6979302076075151	0.6664664987617795	-0.5761262877753656	-0.7012341084906525	0.7522815794088794	0.7382281048300032	-0.585781257449347	0.4446690675678951	-0.33988094501180927	0.48593031076998366	0.15912986071016091	-0.6770226199504629	-0.2997791526575744	-0.25895275396716994	0.20927016193135983	-0.2506549706798477	0.0722102615678652	-0.38031001226835465	-0.5036725967929094	-0.3345253215865385	0.014292237775003477	0.5127459196023922	-0.2247559781797015	-0.38671835963760304	0.07653236904149435	1.1370554487273288	0.03798622876407654	-0.438808456185914	-0.25863675855161633	-0.9326732540485048	-1.1057298329382406	0.09296596216823107	-0.055017898105358135	1.0274312890298454	0.23003001888864213	-0.3797141491843819	1.4495715382582215	0.30185135112669603	-0.5394582165256893	-0.22679393786941482	-1.8000236862531918	-0.8481016005312949	0.26587641852183735	-0.035593666206551654	-0.16495802298331333	0.5330779963533415	1.1318820973230999	-0.26994894868125285	-0.8256683746851059	0.2233289757267887	-0.01977929050627002	-0.9197615393985143	-0.05071507994065495	-0.1263039641237957	1.3067682868812533	-0.5487548144627439	-0.6755873192245447	-0.007623524519338073	-0.5582598914443448	0.045745224797817466	-0.6311937972694615	0.4915110117971569	-1.0051839948447063	-0.3352616784822537
DTXSID2025058	-2.961950326432343	1.077825385273002	-0.20472576254764555	0.7963163622183009	-1.3246639534928293	-1.1124994923283769	0.2967253125153061	-0.4441227806957976	1.2709181228663182	3.7857330520813126	0.5600859195531742	-0.5609193616442097	-0.9713339278637136	2.0340850830644275	0.706280407176239	-0.8695876687510352	-1.1344862834322607	0.3732153492991105	-0.13211962422781093	-0.1081232657126367	-0.353339424811339	0.16624967756487577	0.3114005239222174	-0.9805620600018856	0.8159077794061477	-0.2520214597336665	-0.09916429720058831	-0.472758506480788	-0.42917829122970047	0.34574150449051977	0.15324161774933923	0.3698614326178712	0.7236409575263806	-0.6093141485515225	-0.7740276194188977	0.1468380754693542	-0.3050519644058564	-0.07805557018285225	0.04172157634738461	0.033403592681663756	0.29764105284948145	-0.13274383928611266	0.2833965739906977	-0.05170089337860358	0.4623077463282327	-0.016947957312735972	0.2096852510167495	0.6934769022206764	-0.040574814456833884	-0.07611224238680353	-0.11752799265195811	0.05197633911173033	0.39211492580577745	-0.0020224661673476224	0.1611949157788332	-0.40955264937831365	0.17479086626949702	-0.36618347787252187	0.17336770904152982	0.29228706593583026	0.16205613128817425	-0.38468341161180236	-0.3332231574159355	0.23201014174058116	0.1725375343989567	-0.23857886112285784	0.35069732591320785	0.26394116098322107	0.04720469139555145	0.4787777876219038	-0.21061165164219678	-0.07455286652990065	0.14666008196272523	-0.32174764237464204	-0.4841406125851178	0.7045549303608175	-0.03242927766291744	0.06635174258766498	0.13154514895273156	0.17436585220346767	-0.3393336944305641	-0.5709701069222868	0.7646014949620629	-0.5802469026600202	0.1920320220048511	0.4144462886117729	0.5401170788654284	-0.13838903991710766	-0.591379116608038	-0.27485463340648814	-0.12565664377069757	-0.6209396206083778	-0.022569987121509705	0.5831513048494439	-0.227953283507128	-0.3062265517205807	-0.19348369260074358	-0.2296487953417938	0.3725028040693737	0.5203744584920741
DTXSID5025079	-4.145171058847385	-2.267611863570145	2.6142576395952304	-1.0658336958136354	-1.1626268938289985	-0.9448059063255889	0.34515221076385694	-0.3757840377090351	0.9487674214401093	1.5261414360334997	-0.32424256803644	-0.42977873316840787	0.5642219903954034	-0.6570165155239563	0.8467279498681355	1.271101876478194	-0.384218999025968	0.8803248042547187	0.18123571811749	-0.6219797742636219	0.18549644937806115	0.10424297026705726	-1.0795246793090738	-0.9066166065067092	1.0052479775559036	-0.6599689632563083	-0.31219818606236255	-0.18838021515101316	0.40193325855371365	-0.48388450412801914	-0.6363018832595306	0.3095958857899069	0.3789366715065439	0.14359402239146538	-0.15769822560528143	0.6549374217207049	0.10934205550969871	-0.15127868707316552	-0.19032695466752447	-0.37774936058148856	0.2766307862209991	-0.3843552780343129	-0.26375668773514893	-0.8919695253564216	-0.019329760880441544	0.38377538451948867	-0.7912045234290986	0.35576422740297187	0.38154336345445006	0.1128212678300921	-0.1629239996447596	-0.13980606631431125	0.028561676766510048	0.025775421927606977	0.31786869125239114	0.09820241991318202	0.06389398056954709	0.22382084483612047	0.25877186210431935	0.5469691405956466	-0.7024256128829024	0.1388373386510661	0.43501871878573545	-0.1939164183718093	-0.5481788254388144	-0.1288373448861561	-0.019276091413361052	-0.007536854320872715	0.2507368339217893	0.5281980878358817	0.8304678936885086	0.1497436185356863	0.35352600077364216	0.25388415944140835	-0.7059204956654704	0.29315766988267056	0.5929035320843093	-0.278857076095456	0.1417818360886925	-0.22051227762157227	-0.47824643736417144	-0.48740508605926725	-0.31284546641887395	0.04098703558432121	-0.1118135038062692	0.17694103335699546	-0.14236908978082796	0.27620740502922475	-0.21820491682641255	-0.17844884115545942	-0.5125164145969584	-0.06421503066848239	0.9016178091199443	0.5403284207374542	-0.3548403751903502	0.08433294525820687	0.08758755055593134	-0.10151288715692124	0.6953659657266342	-0.9206224496914335
DTXSID50375114	9.491584174813747	-2.220621158376759	-10.201880651014589	-16.123865151637773	4.763386894592275	14.011598310293824	-0.18198627474054468	-6.094962878306832	9.510208721579977	-1.658670284603295	6.409223386347097	-1.7550227062775494	4.543704188020057	9.054491764664336	1.552835077859701	1.9169501561674358	-1.4208280752683533	0.27698679635124257	3.5148916508704615	-2.0115574497744864	-2.605538970746285	1.3910529799465154	1.2205727874365437	-0.14017613020837066	0.738410622587556	0.06852202269811014	-1.0210913302211233	-0.8978550476382586	0.2450607274964706	0.009366614314233232	-1.0241447871879468	-0.7484298740736961	-0.5045033926149309	1.037018937913141	-0.21156051090381908	0.009485605374971437	1.291052614053056	-0.19900794000332264	0.174300973365736	0.3722610890718958	-0.10833278027459328	0.21412107714402484	-1.1535302584849716	-0.6476570473967799	-1.1672278874177395	0.673187967241167	-0.8339646306157097	0.4987803815301775	-0.05330147208363517	0.4927604308666655	0.0642104402162759	0.14314930584837365	-0.26987662083065883	0.04542177011314869	1.1155870367538268	0.35400586180404897	0.8441174269400246	0.6070123387731899	-1.2306198125396497	0.21068878051989745	-0.014868782204548505	0.38717497654506167	-0.2803558995396495	-1.3629289052490792	0.049459168707970444	-1.2162357471683252	0.42982670559778985	-0.39459139661387427	-0.2443726526159587	0.16694393326660628	-0.5181326736043509	-0.05193742338179812	-0.39129581520116063	0.38138291794210316	-1.524118988596614	0.4503728756001658	-0.32126890832254085	-0.16661525545805864	0.4824357837728768	-0.41579392311035074	0.9300527297802449	-0.36735597649749885	-0.08530061329818728	-0.6639865604116552	-0.17930342906465718	-0.03391049731022836	-1.5545673716058552	-0.36504709303987737	0.40728102090220214	0.002772504313256406	-0.3581191961940087	-0.9846080347764242	-0.9934502595568677	1.8312185732688602	-0.7656820417924756	-1.1437645184702432	-0.03248559944496829	-0.4920955946054285	-0.9572669211450967	-1.3586646822319435
DTXSID1046134	4.661724618760696	6.1082473830234765	-0.39619060716346477	2.0916396927785286	-1.3297248102273451	2.1594000826321573	-1.6702267768856802	-0.48505453513934677	-2.7774394604596098	-2.3406463713646555	-3.4140783928657044	-0.1673241951696713	3.0003391154691594	0.29461796660930123	-0.6114257923667289	-0.1049330646640668	-1.4385279504176094	-0.33806052033100165	-1.1619462510752359	0.03753825202479394	-0.35232527729214613	-0.4576342714865435	2.9339323287460046	-0.5758375013173853	1.1371213277039696	0.40767642120108516	-0.8037115204892917	0.771237493448941	-0.30887177009316946	0.01308040701158441	-0.4125729347996956	0.05635055156057348	-2.561789730024054	3.5658980123114246	1.0029402621931502	2.791285967660291	1.2412643582940006	0.6367381358776439	2.947633779560374	0.4824138336285785	-1.2570342325064252	1.6890104211835877	3.062830734769068	-0.7228661142927075	2.376979760718231	-0.139610246933931	0.1362012532278319	-0.16249949917296688	-0.9185902591120285	-0.37547571338724034	-0.0011852321603338055	-1.1367600738886847	1.9531724680058793	-0.03888845097470546	-0.19347536226480322	1.6141609530019738	0.7617009751268234	-1.587810787866326	0.8105374083660252	-0.7889675670942071	1.3459692641096217	-0.7900626550890019	-2.341737505138296	-0.6669259898777762	-2.474389321623273	-1.7738631591912528	-0.27846929710154694	-0.9362555915923773	-0.6073676890468208	1.2123829213237989	-0.7295368495660364	0.4848543502691078	0.4756276223367681	-0.2877580964197556	1.2124727626429932	0.03690529260866135	-1.0038833887213245	0.34160245057458977	-1.1527711716181466	0.05759257099483173	0.04616542788347603	-1.6930531907563071	-0.7756597538225029	-1.376463579087317	0.3970435876385854	0.4756221823262813	-0.33887105510136684	-1.3746128116264507	-0.4231127284587669	0.9444853461215111	0.09274229161888396	2.0864248338370515	0.2931309758244462	-1.2652121310404558	2.563622225308413	-0.13407665803865948	1.147933330926168	0.6119649140174558	-0.18180925848308532	0.2857178546430684
DTXSID5044788	-1.8762248595256312	2.5858262491869466	-1.0669618482230796	0.45930782569240747	-0.30107572443884045	1.2778293894549893	-1.353237589192343	-1.4036264243610024	1.5439207393901688	-0.3005100738225612	0.5482258686052484	0.04527216478229229	-1.0147448161982333	-1.1913757370973417	-0.6426777359839126	0.1917750235221531	0.7769732666323568	0.6351442046229296	-0.13926374517451282	-0.730351746072802	1.351116118576381	-0.31800927528841527	-0.31053167763777706	0.07891804180435759	0.4897935905415525	0.8969275419929331	-0.5996162441493249	0.8023957478711434	-0.07392987269477234	-0.5297901474217948	1.2612166713529067	0.1541105362025915	-0.4613471793312558	-0.09238916828667171	0.25808360306730294	-0.5250695487795594	0.21110276864804156	0.5574407523950698	0.292228030096423	0.5142355607626556	-0.168216785045959	0.4021825487070984	-0.13059477743113213	0.03832578355948626	-0.23657078445479346	0.14828668843581888	-0.12706751626022533	-0.9412067101094694	0.04067826487963358	-0.17896727658594572	0.12378037632617288	-0.10743855281121723	-0.15444567772880294	-0.12153649315259209	-0.324924245818285	-0.5107462236932688	0.1251303315501592	-0.005356288412406132	-0.06712137471094103	-0.28628166725929943	0.3657955733459945	0.5958101244386413	-0.1454511424098161	0.12549735244320723	0.18999523493099135	0.03653058405843888	0.011441436348313651	-0.49900197871180413	0.11520627602038493	-0.44302793010929636	0.6560338005296484	-0.4260124398497978	-0.05931757637667769	-0.26092071201232503	0.36229917037556253	-0.9856480168010231	0.63729731030558	0.9872333938706978	0.5628697519065708	0.3059062401315092	-1.2393893561878142	0.03583214655067276	-0.1643973824092036	-0.19046747601591363	0.1997068056119986	-0.11299011998846151	0.13632296867798177	0.23580727014067754	0.4039051941947171	0.8642801438002667	0.2803413467304313	-1.3029528760788764	0.37576991562537454	-0.3665037733255408	-0.23652565074204393	0.7708849980601377	-0.006760415489248834	0.514779493647115	-0.04594395297435931	-0.36364405621699747
DTXSID9020958	-3.3734206628939085	0.005634465285687183	-4.3834188188222205	1.9835381581649378	1.533571801755754	-0.33879779810726207	-0.8671505047720439	-2.075310028171216	-0.10574082990837302	6.181701584641462	1.0018891715615044	5.97335237859744	-1.9331111081491181	0.8695642749022003	-0.9914453362939645	-3.485308987217126	-1.720442839022204	-0.8053227782293145	1.255852992362483	0.538772441822184	-0.4480215304970739	0.9280017601742664	0.17082842838525367	-0.3815478363532976	-0.562292899174738	-0.003400964478505056	0.2911553644213723	-0.8036879439606072	-0.5882600283539142	0.8131712765675476	-0.42362993147049255	0.22488420423674516	0.6432776137317797	-0.048676950859501696	-1.1028100348973373	-0.45572515166569905	0.06817095674073786	0.6112853652566831	-0.25388324098776816	-0.0778122537348497	0.07084487206652412	0.1131207635846542	0.7733702680005774	0.09722282592959178	0.14476903688649134	-0.22729752082009613	0.40069938314068987	0.18973313952277707	-0.10652613906939828	-0.05978091999382703	-0.26262502477779276	0.08912853739509366	-0.04928714473698885	0.00998953392842767	-0.2935471604801345	0.20021011423074006	-0.17669617322604786	-0.40951911979126815	-0.33108233539635434	-0.24803273593681738	0.5229054871458039	-0.584169971066603	-0.09190725034742896	0.3726897431578024	0.4364658288251366	-0.16021744314324948	0.07384660569631223	-0.28940076427085587	0.22236847377385446	0.46309721501579215	-0.21024594040115294	-0.8564993983379368	-0.07502528166299205	-0.2717049548109199	-0.0415258063210292	0.23459522223378926	-0.3485839672066161	0.0677526601139509	-0.8737446694467501	-0.7806966147424818	0.41285742067874875	-0.49259106905123384	0.2139158157788958	1.153759084132378	0.16800261663159088	0.8778514462099289	0.6619899321525174	-0.7540101171929147	0.876289907392385	0.6104947924199113	-0.8153523600325419	0.34891208762605175	-0.0655688694472875	0.3008794234076857	-0.2602763827759265	-0.66652972454086	0.31180525377597873	0.1414981343836874	-0.05564213184414854	0.08498682316653708
DTXSID5035616	-3.244577476855912	-0.22603662892808776	-2.865741536568451	-0.027407686974819417	1.4062176352012785	0.5165685815814243	-2.3790468366729858	-2.908643903368989	-0.8062639260824258	0.11312948831195196	-0.72478987615322	3.337074796151058	-2.0299251052929295	-2.578665247103044	1.210565226510914	0.38839647387499643	-0.7791469738266609	-0.23031952860362387	1.7292333265926667	0.10326526483626028	-0.723266283425709	0.19786692442192091	0.48204300398103006	0.7046775985495629	-1.0442932344462543	-0.6998882622159583	1.8041742767382287	-0.08482186050723196	0.6428683172316202	1.2594094788822503	-0.12147366687576952	-2.3668751235097587	0.09358054896107333	-0.4496875726387625	0.8342357443268585	0.602849965685599	-0.05352128491847483	-0.3619164888971145	0.16100097324529355	-0.2734506564554987	-0.43144721851560996	0.11170295927654718	0.05627396350953359	-0.10017754270144497	0.7923500082608552	-0.5529946593409215	0.17972754523165366	-0.4673512788885312	-0.04384458921757816	0.5035273130172537	0.21869983467669388	-0.2253424789995695	0.6628234554798772	0.11742409509995545	-0.7956838995996619	1.0913997558972177	0.06522559778182788	-0.11925725334690257	0.596947503531061	1.5450696905324643	-1.2336888636121217	-0.6751790283317275	1.1644922242170448	-0.6831345637002377	0.2789990217825916	0.4797072385934846	-0.426028684981707	-0.40832659168045954	-0.3191657926043456	0.30065508147431164	-0.15007959611939922	0.6789088217090229	0.023503715005459346	-1.6187518365121913	-0.22684980919090253	-0.9323320041283278	-0.0006325194140218654	0.32167870371080864	0.8373303380661311	0.5725159285399601	0.006058517487178548	0.5966099437481764	-0.23888640044162704	-0.42527166138465583	-0.16636834844022455	-1.1008302878272385	-1.4546607186931666	0.33061548669090274	-0.6750979708891794	-1.2566196235646372	-0.06644019611277213	0.9145750173692243	0.28081758020094966	-0.9762807342030815	-0.2038462242990316	0.2656704456692388	-0.7281575667215477	-1.052693865330438	-0.33269413542075055	0.4919997452584175
DTXSID3048730	16.544002346599715	-2.6508958541956296	7.196913726860759	3.1855942161038655	6.492282320638867	3.7000296061711917	-1.497569903795916	1.3884511539115836	-3.4447748781578444	-0.693500413172004	0.009625008804400627	-0.09791560105477487	-1.8280732784297467	2.2525962784819056	-2.829265588224383	1.478520150692736	-1.5459056993693017	-0.6902669672570296	-1.414501128489875	0.4353607565342435	0.05767010516515238	-0.025571235578426697	0.589313967605818	-0.6079626948029168	-0.002063948218636931	0.4096190838974276	-0.15773910124048904	0.06465136428533376	-0.6262255940076189	-0.06261438566202286	-1.2973176287434207	0.18882968417338394	0.18996654762759788	0.30237160759725157	0.4811538931111095	-0.35835936718465106	0.3229553687474248	-0.4308036942230863	-0.44651721963957136	0.04654932130415692	-0.01370488299531902	-0.1608827731496692	-0.04086184828823009	0.21933836894224898	-0.20271819099169955	-0.7891145072417713	-0.18424118704344952	-0.5504561630788056	-0.11071915866259938	0.014642089933854146	0.1974771536270635	-0.2560068134687537	0.3642682042065876	-0.28300342589256144	-0.3917567804430287	0.4079059294594177	-0.042070057771084274	0.2773062717001047	0.4664246031574028	-0.5181478924306276	-0.5521469936455521	0.47837969224443283	0.4145684701036707	0.22299928010567524	-0.10278997978597204	-0.21068195507184326	0.504671293565222	-0.8868288802090545	0.669022354424521	-0.3629070498465276	-1.3475631162582713	-0.01769259432598177	0.10124977789261133	0.10980475895479361	-0.1681968538345615	-0.8415937830614281	-0.9014022324930451	0.49749787260630646	1.3305918814842639	-0.9228515420788366	2.3863352796342285	0.17546056202482482	0.8115445407842765	-0.5723240349699312	-0.7428401359096103	-0.24928884374341598	0.5015172187938842	-0.9097058546311916	0.5288636237303284	-0.16352417693432222	0.15389318625897608	-0.7168035924921182	0.5997176788731461	-0.9519591206953512	-0.7832747154252507	-0.2421628927580174	-0.6332624687807623	0.46747179578500236	-0.7043905615122095	-0.5731833929663152
DTXSID6047810	0.21316339979184562	0.5810973028576598	2.350988492574462	2.0619749373936944	0.7539469396726717	1.0042250900794958	-0.27888964531212485	1.6120583928718646	-0.10253706906857196	-0.38875145955264434	0.4644430573080081	-0.5392317006420457	-0.328966752080062	0.9722342444157099	0.2624616620879564	1.517024127816862	-1.1311136241123434	0.6636879495985227	-1.7178931267884217	-0.2817312225333537	0.788275389296652	-0.6132856379741085	1.3723403458631251	0.36223033681446565	-0.25479930598378936	0.8196936686626688	1.4482790384609712	-0.9858899714073275	-0.20019594049326925	-0.4421677467363187	-0.7182435521544528	-0.23479666093324492	-0.010233896810909375	0.13552942758387201	0.6570824419596087	-0.8505379348580582	-1.000954618565402	0.7629583569999082	-0.3456334846038246	1.5582695230441408	0.2549046085534793	0.9975562672991234	0.5774453518231933	-1.8898930462410362	0.12985134318389563	0.42580143249732966	-0.467303173008272	0.7091789548456028	0.00471776818266771	0.08036867225866352	-0.037813088074592695	0.3864667924293768	0.41762038655324996	0.12622465852142026	0.2277615566489907	-0.33071469734397063	1.1595658433292544	1.0293822741531269	-0.4676952381143562	-0.3539083753935839	0.6049856649934653	-1.4987664528825984	-1.1496978658744585	-0.8380309342184169	1.1794131258325051	1.0823302037217764	0.1934070706680903	-1.5750019870228449	0.38720773372905143	-0.8556583095026046	1.5699108372507735	0.4989961178797572	-0.7523323339525815	-0.5550365075122946	-0.04498818150825348	-0.07300818263613457	0.7742275374309494	-0.42227386976418935	-0.655345913059348	0.13923814144932958	0.23378638154934966	0.2820611810881124	-0.14680172755876394	0.9476743793577914	0.585169811772891	0.3120394195927364	0.0451382320883453	0.0584331396149327	0.2035640964949379	0.6814022058060119	0.9684252443634835	-0.13889480803579557	-0.32893950529541344	-0.03364564959539933	0.32897291048567806	1.0130907715118473	-0.07316750803380521	-0.3591519370116507	-0.6803298191811386	0.44997105753015226
DTXSID1025512	4.026104691850242	6.1088546922039715	1.7455249371906596	0.6855248900375315	-2.215222734681477	-1.4263446056112778	0.2836389801005788	-0.6252501509634545	1.6650695390217847	1.018420833376576	2.299115769136267	-0.7861634277449006	-1.4776385492875086	-0.6770422600662648	1.4113543134073412	1.2599128991450153	-1.9706742620203053	-0.42497125334790453	-1.3914665106746	-0.3653049983722693	-1.2189897527107856	-0.45749639396854996	0.6766005175158257	-0.09377815224307805	-0.8860231639732562	-1.8146405026688777	1.9117609870487686	1.0518089736115117	-0.4062950881345227	0.5551236797196265	0.6087228315444028	1.7109383257476056	2.9907072741289817	-0.029421808289627167	-2.7922158236579104	-1.7826323448050163	-1.3563151792614037	-2.5290831682987545	0.1710640327198633	-1.691968426133956	0.7829508326922449	0.15797065884513298	0.1487037261374682	1.2256549048664116	0.21872187543598381	-0.38729233934798035	0.319447692618319	0.43810869306580913	-0.09518306750378686	0.3257370410818468	-0.10854593039907938	-0.5284917268245998	0.5396306893244921	0.43160378181203435	0.849768212217773	0.29846498935832494	0.5236231530071773	0.1657571313475722	-0.6389998116306813	0.5429325846673794	-0.9216571639993391	0.3773785214288655	-1.2171626360766765	1.404019289872135	-0.7886186474446439	-1.2209463645008745	1.3473508290900358	-0.11449251645923171	-0.005477035906030753	-0.8410393177364733	-2.0439168431480073	-0.10417806148195842	-0.010011853512803388	-0.23698634668643215	0.14155744202896892	1.2282391586866752	0.26974404353930004	1.1972879466206523	-0.07751185849748783	1.6433554320188035	0.6295737246192284	0.37249022561481343	0.9511899994290575	-0.4447133529974874	-1.0448155790549127	-0.5702810978495741	-0.21786455678338257	-0.6344481553248276	0.44635937307722134	-1.7972692168657232	0.04458295161041658	0.30884274730139843	-0.6085134243007124	0.7786363622153161	0.2131360111144172	0.34161798559316137	0.8059557345811028	0.5396125322857029	-0.16366952449061922	-0.17448844698570043
DTXSID4059916	-2.2973625081225166	-2.881495597224792	-3.5843243331892065	-6.13355056472717	2.449479518977643	5.689474409256006	-1.1924878783563684	-2.6439827703366294	3.3790452922831022	-0.583349005932467	4.565557704252011	-1.8814093481825334	3.0666530065995596	2.893630288196301	1.4216239574380407	0.26004109112016316	-0.7885155004086928	0.3189491193897843	1.4298854704261146	-0.17558466258171943	-1.0739331943725956	0.9641304770918183	-0.12615408171208278	-0.2746262668887111	0.5300597141736278	0.1816503678072001	-0.302946320003727	-0.36987153693285785	0.08037603701744778	0.1120312170028835	-0.15660964422299886	-0.2713408661679452	-0.17252764051702124	0.35033088140595453	0.054758381873043646	-0.05473041175267157	0.2747762677010463	-0.07781535648834073	0.48897246018662266	0.4194012084969157	0.047381642612060064	0.07112010834447495	-0.8334837805058879	-0.07206116466844002	-0.0813107821268228	0.4295607632679184	0.012677340431803139	-0.20180142765007314	0.011215154399362355	0.08795918131831244	-0.014381742455670787	-0.06888386192867116	-0.16126434548417884	-0.05805500772963886	0.4341508946777712	-0.13964147503769278	0.2398127703277327	-0.0648456122950843	-0.6553998571523622	0.39733983579277193	-0.381640780870404	-0.10403038538459919	-0.08028262127325173	0.04348136169985749	-0.10737546580570673	-0.2653801858907052	-0.250121508486626	-0.26843932830845324	-0.01840855086664089	-0.4386606064346084	0.10355831100175023	-0.023619053324216148	-0.00830468348547896	0.233403566480222	-0.3355072068542691	0.17490615237857374	0.3844262130257317	0.04674766508712703	0.15181066553684291	-0.24673331808082685	0.22722872083482223	0.07138748529014191	-0.24508601446244713	0.16206685039207955	-0.13952788307138322	0.2662436055777861	-0.10503813901353917	-0.37014737863879377	0.219372804373636	-0.15153783996136735	0.4089720845801911	0.03340399313983203	-0.3005931889341046	0.7004408051934438	-0.05927564478296697	0.2855171813146896	0.002357380253961327	0.12832324058700398	0.04832347091510355	-0.04416852202206649
DTXSID3021645	-3.5263657275086935	-2.5390947515696065	1.8799916655818623	-1.8583108147704919	0.7680116560993021	-1.7254577959678354	-1.0942545169613855	-0.35869740165091346	-0.94675915612044	-0.004155938009189812	2.7509354143743483	-0.689965887559468	2.2881681014366557	-0.809097167501814	0.5716814360458131	-1.2575303531636512	0.56862568613534	0.2619327724502857	0.2758935436963437	0.10405631784543606	0.03444851005225065	0.3595615237335395	0.3249990529996767	-0.12860650600521872	0.24478512706279063	0.717357964089578	0.5199588597428514	-0.2113834474800586	0.0032616310804649902	0.472841296197836	0.4433973655055043	-0.24541723912315755	-0.06131920363282753	-0.11036968477770481	0.33062813310203465	-0.27035265418417265	0.4064490118624943	0.1816026229570063	0.586212105919675	0.7595863095470283	-0.27839947033953627	0.18215519185881002	-0.7789908041700992	-0.028397532236946247	-0.11485085228691407	0.02427021106704128	0.4540082065195428	-0.4107990149094635	0.15549570060956588	-0.06538955937425227	0.12559553758760308	-0.009547462769763133	-0.008796757987642283	-0.09201624848702065	0.193793011483416	-0.46309058354049676	0.280483594887972	-0.6229285233794329	-0.14625941045453186	0.19495568159058105	0.017749342265606906	-0.49976870497343046	-0.014477526351323338	0.012153891562967374	0.07162189288273875	0.30659634603059	-0.3697102841113405	-0.13139027905037928	-0.1089213743820568	0.22112364770379747	0.6356444388398041	0.14016006700690076	0.04190583186570193	-0.2223038238646311	-0.27692729496184276	0.23034291066081886	0.16974662458205697	0.041658929226305486	0.10675195563160149	-0.3191712331290671	-0.05414787731258052	-0.38941792435142003	-0.2785722915009932	-0.13650109747999925	0.18775570941176967	0.03008080516020517	0.10720190949960196	0.3652989777079653	-0.06667588821837804	0.10707572364084274	0.2716213866384035	0.15828521243938257	-0.13448971146145478	0.2801365285406342	-0.14861141058502994	0.2435477293683524	0.06436647794277964	0.1286830009761906	0.07485725086287308	0.13323517788799877
DTXSID90868151	12.8631491782811	-1.1870102397366877	-10.641981806692826	-24.007506468511366	8.319221454625396	21.352610609483413	1.3024687614436294	-9.994168049526628	15.755496103974318	-1.3881579170943625	11.115351308165184	-2.8655543923670708	9.387730688761614	13.543437603142578	1.701870135833276	3.605786326351493	-4.921878958469212	-0.969373778087011	6.621981563160252	-2.1646111872031146	-5.708887859745237	3.1809177711233465	4.391490070508769	-0.2874554192258927	-0.6422392461503852	-0.1581294819675655	-1.3966930723200977	-1.9373994434396342	0.8875925916401604	0.02525801940476219	0.370274643128622	-2.2296866540859503	-1.1423405860569842	1.0882090107123585	-1.668509336274194	0.2865272678942189	0.5893480101704984	1.1278422890572846	0.7167588784491771	1.0982153556001983	0.7020851701387223	0.44217922253858455	-1.402354376850972	1.3925692222081234	-0.4285173635615072	1.526293326897138	-0.8241110959015069	-0.3319773821401353	-1.1441630930364644	1.0185112440085815	0.06240233546218125	0.5965833076455513	-0.4466106997741381	0.6132995920504667	0.5604299596979982	0.8598419868050937	1.446690491507447	1.9509801869996086	-2.6429231258505648	0.7668481921991689	0.36453499989061705	2.01001610449603	-1.2790484025554858	-1.012047666463774	0.02481051105891176	-1.2279142279338553	0.052603647331197254	-0.9368438220234919	-0.2532247541792196	-1.8961901500447789	-1.6560603180794018	0.095462700265609	-0.8225828551695435	1.4773314058029672	1.354717953127445	-0.9367033484116621	0.31891574830952824	0.1614021468209292	0.5994259527217417	-1.7115654779086535	-0.14250318293333922	1.8579703741156983	-0.07197473523113579	1.6544582158320698	-1.1028494781896938	-1.1367024580292993	-0.13571217455009862	-2.0496760584348976	1.0322962868740613	-0.7150859473203324	-1.6460327984432246	1.6539827038635186	0.31910117177626196	-1.697773157510205	1.0471699448786516	0.9510777777997508	-0.9566546811145838	-0.572740980333591	1.0453992565437271	0.4736727630771634
DTXSID7044392	-3.4996141743390767	2.9193306923907087	0.2405031933948491	1.5469690962994693	-2.2678599380621316	0.13100877573587924	-1.7553298395035621	-0.9474745031882751	1.0619365274598085	-1.4706051109229634	0.12045553655177764	-0.3065685843405478	-0.6149881494631486	0.3138772433010871	0.07060483071690031	0.40943238155893097	0.034214670075845825	0.11363460940324963	0.7965260941963155	-0.2397984916031878	0.17990109254826558	-0.4512481440511717	-1.4724531101110456	0.702960873166607	-0.6824831323779217	-0.20301902294210575	0.7849655374496183	1.0098803970591994	-0.0574726629275788	0.4910490840320982	0.40432808793849206	-0.32684318212337937	0.8407461798502419	0.4383435561078991	0.051734340489669954	-0.4222003528184089	0.2181212966216429	-0.47406970034298884	0.9526141385282008	-0.06417047781508824	-0.5074176084331701	0.6564675789251639	-0.26265948546732937	0.5018473522470156	-0.7837582531606276	0.19615260088463157	-0.1340141467470475	-0.7911611307480164	-0.09421730160497813	-0.46336989122306244	0.27393281956857285	0.01388026169471081	-0.3650815786812628	0.26832925342241665	0.5419485951398131	-0.8317344370023669	0.28931159801428374	0.05718855180623184	0.42316501816650826	-0.2539580990116614	0.24080553763247745	0.7892755430686174	-0.5804755048215015	-1.0919037817963155	-0.11333489660852487	0.5835455491361173	0.20260683769090454	-0.2986935896497869	0.5834496481237837	0.0542483613440871	0.3790725470089705	-0.7240580882431414	0.10973431834380128	0.007072745124704438	0.017682356915622064	-0.3740884646231985	-0.0336313591879815	-0.18562112367415867	-0.0999439732772577	-0.4256475533607432	0.007086601821123085	0.21497700572911568	-0.3051364885871367	-0.033763917281417935	0.1809008357101579	0.114998217742615	0.17161456812782472	0.08904844899695928	-0.4022407591690302	0.12112833757737833	-0.016932044616574285	-0.4802614634460403	-0.1381952805537785	0.006482851454703518	0.0390357811079062	-0.016325747458241394	0.1937800613875177	0.04523188675738328	0.4180978418072626	0.056332001869216324
DTXSID0027195	0.14797240872206616	-0.01522835381423482	7.032797839092114	-6.57238647153016	-1.9795307224010352	-4.125077618995686	0.626825278226238	-0.9462142875451929	1.702546781870392	1.1092384832801319	1.0105542617119996	0.7587915218240071	2.4833519335714724	-3.331698685116357	-3.9105865413020067	-0.9796683695528612	-0.4338688104040591	-1.3972638226925485	0.1158520767743221	1.5826974878368898	-0.3645224582019981	1.1564484230153633	-1.0688309826647446	-0.27294997880115607	-0.9931751971053993	0.4397680536298616	1.350536770346267	0.24023632781127438	0.6943616403519043	1.145938542735007	1.2973366115988658	-1.4100561992108738	-0.4139043852820866	-0.33502411201925086	0.48015741364026887	0.667970453891166	-0.8866742606936912	0.13993847260878708	0.057912149407524045	0.8007682711289682	0.19148957874637057	0.14659206660982357	-0.24630934800905904	-0.18700090305508862	0.2824532485399107	0.009679066595845122	0.3945855624597108	-0.4220013986301273	0.07818473597585401	-0.6133291949121248	0.08498136821471752	-0.19687922931111373	-0.28421652608661313	0.3079903892143792	-0.19946451171312132	0.18961938621195007	-0.3588036541183367	0.27221383006828215	0.1773885417782898	-0.4148679159583427	0.19437813424847225	-0.5057161825753869	-0.34220150660031884	0.07027569255864205	0.4777066362345724	0.9112607777789203	-0.9115672363074669	0.6431044168353434	0.08186472617146699	0.05672335441912196	0.836005843749283	0.08096970240709042	0.5646181761302811	0.03465082076065113	0.3696649696443493	-0.005941336531582937	0.4394211874180392	0.04568857702841126	0.2568629452558015	-0.0958409512605101	0.780979565999771	0.005062071933471791	0.03899544272471306	-0.1414223295437538	0.3166259681624079	0.06786806149359409	-0.3087301226824926	-0.7024464585006344	0.11114375094155937	0.09658107826265626	0.03630554414496291	-0.1797042901446337	-0.1172672420322663	0.1644805718017102	-0.10744531133801308	0.288440937117169	0.0066813852467381175	0.5682606561593959	0.4381037679220691	-0.2786134394228965
DTXSID0039227	-0.08784686901074179	3.8777022139414563	0.8843885034677924	2.747607281875683	0.7834290626315817	-0.3114451126085778	-0.7134746951778436	-0.23676959250566507	2.1564613689320318	0.6578594712012418	0.0917444369216962	-1.1589690853953352	-0.0657000217007145	-0.7806032167839588	0.19615679175186124	-0.046526887294493134	-0.05496705841333996	-0.20373802247971773	0.3547777209960059	-0.15603061598966472	0.15758789454906086	-0.01152603125479357	-0.21292737637779963	0.09070795494059819	-0.22014091301875668	0.09444375376350354	0.36538672844059494	0.8849105779967771	-0.4099741094936454	0.1551306654627233	0.29238562055225764	0.08462202180059666	0.7791680428990094	-0.4198794409890054	-0.022941537030077723	-1.0765751244287067	-0.061051080820957525	0.13574268603914136	1.2553224330964488	-0.21878306859026447	0.5862534470747496	1.1108520826074821	-0.550508541120829	0.7280915760377163	0.13666733638525932	0.692176566531819	0.1992370449392776	-0.1286102526604977	0.26666281781304274	0.40882274549179015	0.42137906252099366	0.32480036190033473	0.10633470132601772	0.4632652857083045	0.12346004827836812	-0.3533098161441762	0.631004056216783	0.0846404987846229	-0.12855904639113572	0.4065154340504898	0.22194541137334295	0.7170378692456006	-0.611965744008446	-0.7494277337648092	-0.054547734220328735	-0.5012751218452268	0.03433850873174201	0.19950749263703096	0.4349660875593587	1.0132462798006352	-0.1622909902706187	0.20990801285743763	-0.8454073468691663	0.4567756561493982	-0.3409464481215051	-0.11732362055326871	-1.017790859098821	0.7823852660777387	0.37986850925298116	-0.6524980524101005	-0.004327220564324287	-0.10217309940726803	1.0588177197885946	0.47507943888703186	-0.8152231603558124	0.07226741621079252	0.6942009093045741	0.13718990518725535	-0.003421139104764912	-0.46721634262362427	1.108198759651602	-1.1289163731725516	0.2211222251361313	0.12646103831807387	-0.5353367955748165	0.43618280657875463	-0.6475022174765721	0.07282593487025	0.01602547471932338	-0.14853865901128985
DTXSID5046643	8.669494154495153	-2.4209805863812046	-7.2666143374456595	1.9060065741891001	6.1472859844173975	-2.253284443162981	2.318240688139498	4.086161276507804	-3.437241589773275	1.0279389697899455	1.1051646485875142	-2.096730066650775	-0.22636501840864803	-1.556180512952679	3.0774103714139094	-4.209389997150371	1.0133799469769853	-3.1653433043711554	-0.5425932747714592	0.3561051898596238	-3.2867514651589946	0.5349417879966846	6.075048859260063	-4.054251266368615	0.8104442471115723	8.419532816137673	-1.0803786797837225	4.9257110344563255	-6.374279423164398	5.549438602863907	0.6099207447755889	-4.999367198185176	1.0831496588137035	2.6521151744951528	-2.428530114385185	0.3265128736495161	1.9101725915379297	-15.517117310940304	1.77454680285235	1.5775647575040759	-2.386996154325178	-2.4379794765418277	3.1420827562906197	-1.3201176076144185	-9.162683684698662	29.119649443681332	8.404555772718806	-12.972251688766702	0.24928182119651818	14.709669318923622	-32.040849461794124	6.6086938126786325	-17.62135232508078	-0.6422386003094296	-16.15355238335113	9.714267969725183	5.4106762735028155	11.265590857543057	23.59335399789265	2.219754451207862	-0.6013176394857178	-6.458022225751108	-2.6430116559602572	-1.411482279510967	5.89482956279667	-7.918526020499966	7.187256673726293	4.0486521429573665	1.7389985568308035	-3.639594017540546	0.8314002806477829	3.3657639053262365	5.262218450304393	1.0476493381991323	2.089331979448861	3.251999995265749	-0.45260101507552447	1.7178538070370732	-2.442674574770153	3.4622444613476793	-0.316778934341562	-0.07596806631756207	0.6770028275859372	-0.2900612964855879	1.197348288655759	0.23793060546594913	2.231043636618142	0.013703206508202054	-1.4653176443760405	0.190547261962945	-1.356449740619967	-0.05395252294918642	0.938918202282423	-1.4755976821118146	-1.8524147882598325	0.7251428024876776	1.3615721605762368	0.09077170957010744	-0.21222532646399017	-0.025712763516693195
DTXSID1022396	1.2834544389584623	5.450060202871952	-3.226330689720988	3.642597685139984	-3.140936717357254	0.6670561822980938	-4.229159532503848	-5.682813494361683	-2.6969922518207374	-2.870589866869799	-6.631283783398527	-0.8869612628608733	7.649534125299963	-0.6740718564587711	0.4807392402942506	-0.43455063261339744	-3.6579533934868897	-0.6342682488867429	-0.6619856911890165	1.3538054100432848	-0.3053655653483817	1.348019403577646	0.750573835754117	-1.0968437213785183	1.2141498270248603	1.6460451882384342	0.4549121836612009	1.0793643124764276	-0.40118059591804867	-0.7347783253096485	0.08183582177568219	-0.4479998915895745	-0.7327055354549018	0.5549712732262764	0.007077960962142919	-2.01683988710471	-0.3423250228942919	0.8996094488810293	0.6058127356838254	0.1438355269650255	-0.046242416394290976	0.6198602964327831	0.24518977530516742	0.42662564994836144	0.34024021397164267	0.17487719304182445	0.06759775043542576	-0.451258038250565	0.18146813639781	0.26652555436901704	0.5469524437327601	-0.15033410982463435	0.3699854020035392	0.45879169498633116	0.05059432091398917	-0.46292536716166977	1.0591716841731125	-0.07595132821378435	0.5762617584022909	-0.17730874479836628	0.5319938855754115	0.4826362355382663	-1.1109191328450454	0.34533480496796454	0.4025217211690028	-0.49506309404722776	0.24979407695544067	-1.2315452429266696	0.7644925607245403	1.1498572221258554	0.15274785310399847	-1.4956664939718405	1.0667868495643347	-0.16562312226750497	0.24482426873964203	0.4461719535568529	0.14123145223053318	0.20913165245003293	0.4366781274117023	-0.17400978765533043	0.16201232901198373	0.025679854432609717	0.7089881767689129	-0.3024734826620276	-0.5415308508302509	-0.21735302788401514	-0.0644374953631155	-0.7955004794972312	-1.0359389747785765	-0.5595159207506949	0.7582914247684888	0.02815809510818657	0.39573804526780115	1.1006032040168363	-0.8726132075541387	-0.18950024149278105	0.7436151956455456	0.9962300717820484	-0.10549952716641504	-0.4751248463352059
DTXSID9026689	4.619221167272369	-4.6739519883728855	-1.2101555423942885	-1.823357480907489	-2.390706178834369	-3.2651459087095622	-0.34571610329884966	1.0968198710979569	-0.38228207814796394	1.552234130908399	0.11393687523669215	1.6580906313123034	0.8502957688706935	1.6495645888414734	0.6538501580170554	2.6881494518806535	-1.678524297077596	2.7451624301409567	-0.8364051742717991	-1.2818525846462554	-0.5376001188620877	-0.40362230036498803	-1.8935205880480945	-1.4675043783287747	-0.523247363382464	1.296694833711653	0.12696616052890689	-0.51223140043307	1.2968427705019772	-2.3507828758177176	1.4184698298235616	0.980796837252254	-1.8448653284501737	-0.25649792617660944	-0.40808244231436086	0.6214423719623804	0.25058714688595896	1.6853088924821038	-1.909050933286734	-1.9058067600706976	0.8282860602063461	-0.1791720585013492	-0.35969734072401827	0.39917190287061266	0.30894199814015405	1.22388893760938	0.397702641116058	-0.2745714953043835	-0.051524839943533414	-0.7857932852484621	-0.42614441971137706	-0.5579754235729131	-0.5675659081406231	-0.32553656938799425	-0.643298551685251	-0.6457112794409569	-1.0890933117802208	0.755340561281676	-1.2026189262058022	0.37032478835622185	-1.2373431150301997	-0.18740991759223913	1.110955770663707	-0.4147851604721009	-1.8501031539064492	-1.4218439900132807	-1.176223487729746	1.3852447468040021	-1.1554493181921268	0.7398419192031049	-0.9486865546599701	-0.6623349533539133	1.9429000693222145	-0.9708268043125201	3.1566352994220734	0.44203031005222565	-1.6226144682030235	-1.0189459706516752	-0.5422703288643099	1.8209347627124415	-0.5983784385274027	0.6878995543919503	0.2866446974631841	-1.0114311427803768	0.5094352150843564	0.6751983034411276	0.7322140076796776	0.12237919672737822	-0.5488625551351307	0.027060447096409913	1.0036669581306026	1.2148617959873191	-0.8585911380629101	-1.1660298801353506	0.8175851820230561	-1.4941233266543634	0.0198345659927937	0.13241438812827877	0.09314780636263778	0.2229482495432279
DTXSID4045262	-1.8536955260989234	-2.37154851254386	0.9823437077090121	1.3037605158183951	3.431435752970087	-0.5964021245690204	-0.5093128348684931	0.9922979753881385	0.836587177970587	-0.7465888064030313	-0.8340645369040707	-0.7497584521989771	0.2277692246612933	-0.22094591631116367	-0.6950227400644158	0.5186225803953269	-0.13822954271898588	-0.133323529505039	-0.8682216282761072	0.5501016174567096	0.41275134727587276	0.03108160393692898	0.5338399405712471	-0.37647373085450814	0.5953258809641142	0.068314856081483	0.6838639849685461	-0.6703835373616532	-0.16062758134083727	0.4025688002229097	-0.03939311237638965	-0.06379903198400912	0.19790342919749704	0.06219431571301935	0.344210096858315	0.021513812147620368	0.13612027430268744	-0.44160516876690586	0.0045916248209079595	0.05340547546190281	0.3993673483188098	0.29142003585968534	-0.45881087637109463	-0.20045396195534534	0.24824219930142355	0.06612232906984283	-0.2976047824174131	-0.07865056234403854	0.14606900635433587	0.27225032913133657	0.09927154577143243	-0.028116198059321553	-0.10317634758533765	0.2499311825806328	0.1089217266252788	0.08179649182826382	0.1298539833488637	0.28057570262584747	-0.01879395015303973	0.4358063538572103	-0.1758317406841461	0.2395863715179031	-0.13382112232152446	0.25746629705293067	-0.2010251300672866	0.1850588706234493	-0.13119991927084868	-0.22675597372223272	0.5752795444840755	0.4070818901316695	-0.0015010419191412306	0.142372597242756	-0.12725834670526182	0.8993882395602842	0.3958053145452015	-0.2288341235418026	-0.4941332088792894	0.9271756457656358	0.08355279532599202	-0.3967359084447424	0.8782369030473797	-0.490261833972836	0.1977889041277702	0.1631351098141647	-0.5793949962829671	0.09621917754560592	0.23537759496559715	-0.06336240079955509	-0.05308156400622012	-0.07291899975421602	0.9476636439865408	0.3291803167278736	0.08019860779861043	-0.376926685635716	0.48992913367244795	0.36798277969156273	0.15736877257164503	0.2030357389351285	0.7315719279891679	-0.4795635644140761
DTXSID8025670	-2.39297872450817	1.7475588117058807	-1.4372897639017128	2.6336861051280636	-1.277061034307905	0.6834746579146936	-1.3198946637294184	-3.411312993851126	-1.5646064983804167	-1.7084841235441777	-3.462650917151111	-0.6268847482778364	3.5546172149174056	-0.2538325345946598	0.6050032809695549	-0.9627041934831996	-1.2368805373444438	-0.18542065821965964	-0.6294754287005159	0.23458682225375432	-0.022628441648933358	0.2502472958543406	0.9073583501395468	-0.3256865266717919	0.976744832931576	0.08627500043758253	-0.2702640356223737	0.429220963255039	-0.1492055557098754	-0.3513070119035877	0.12777457201165623	-0.012029205360879727	0.03956256954209674	0.16932394746074347	-0.20020093282030355	-0.29278275602559156	-0.5436287423622516	0.7849634770944779	0.3363606744726522	0.24558435150375152	-0.20181362410808748	0.11130610655827299	0.01953190361275644	0.5870719103443094	-0.11850072707771227	0.3898359386600561	0.4983755823972437	-0.07162941505076335	0.013264867738161963	0.17275201872061585	0.2315705908799943	-0.18077377779658801	0.2944079327165907	0.2056017183724548	0.03071476764133368	-0.3998448315452874	0.26976727644336973	-0.2213273355785761	-0.011589354007719517	-0.4881296467429415	0.6412300556798964	0.1656937290614133	-0.4122143129752112	0.2422456339831482	-0.008642547615297876	-0.9161058802461786	0.35193971399976987	-0.18612486325370098	-0.28025598526853357	0.2541715343519652	0.09004388857923651	-0.23182827577159662	-0.07179884108414332	0.0670436641783553	0.26185741891374603	0.03425114103718367	-0.01699689378284504	-0.7033104515258669	0.38563404311408883	-0.19826470490376558	-0.2668595299929154	0.504268800925594	0.06528831433289506	-0.8670616980440379	-0.18174229736326883	-0.4641902474311272	-0.0614358054903811	-0.5092829945093693	0.03493248149788237	0.27258354340922086	0.2035353264557096	0.04484160768276469	-0.565031404565238	0.7336823829327638	-0.28947784700299595	0.07755952431754196	-0.28361625971161963	-0.219206269668768	0.39774308878120684	-0.0937690802461453
DTXSID5020106	-0.5413903092445786	-6.283511006897983	-3.7671937537992757	1.4745882349496502	-1.029151901336634	-0.7870483423102607	-1.9429616951626312	-0.4344968682204817	0.09855558020248839	-1.4270732223401115	0.5004161335623183	-0.20637759361607177	-0.03116643633398298	0.7794689957286541	-2.2940008990477603	0.22182996252744588	0.7383368553096459	-0.5934011555667728	-1.3701943789977127	-0.7299693229744312	0.5989610886945406	-0.26332279451790264	0.32154544042241806	-0.5618412084483456	-1.2904936733601733	-0.8994690898565252	-1.2446224320188726	1.1781948431390863	-0.22183041635957862	-0.892521996668102	-1.8623680226505894	-0.283474449590504	0.3141061033146241	-1.452630951469051	-0.5198769380386093	-1.0859433955790152	-0.5160469217901102	0.7039821758590018	0.8311848506120929	-1.0067044447030122	0.6391224544246285	0.5408643879016789	-0.19555033920399745	0.17219728325170897	0.7164238434497412	1.0554991449826743	0.7582716313678487	-0.48799571639726264	-0.40759098746296635	-0.1307392190356581	0.136863987602754	0.07657453037148024	0.3673032847950774	0.24609917115174199	-0.550551959062791	-0.5973197912083418	0.8626866192539906	-0.7797688883435161	-0.35991572216140394	1.198345185080709	-0.13217989632794022	-0.24742995646151608	-0.4515466593840484	-0.07558641604342235	-0.7092960641516289	1.7543637383680237	0.3366769800616752	0.8232335086610044	-0.6961743977056496	-0.13494127695193275	-0.9273549493200373	0.34522089538075884	-0.22045790241215685	0.4589172576489119	0.7623466589602648	0.0009811982525801115	-0.5989948339918033	0.2744826421391681	-0.07668066204347558	0.26445539806796464	1.0244765842885448	0.46721122634050755	0.07445036503681159	0.09031877138390268	-0.15419729526735199	-0.2754908786937916	0.9599477237881491	0.975851367704948	0.26546569170643536	0.19448445653838772	-0.5877663449098695	-0.0413327334179067	0.6797851651921029	0.2822705552034577	-0.019351009300898052	1.0887235124101422	-0.778929626275941	-0.4361770011732588	-0.8929737646252383	0.47875197912408984
DTXSID5042459	3.153665683787991	1.577208206560165	4.444325609532169	-5.124089274205556	-1.5364182270412803	-4.00006728928985	3.0056522133580277	-1.936259439582609	0.2187876302074799	-0.2690820531454729	0.9234345178965732	-0.3312628033862416	1.0673767461885666	-3.4689650251734743	-2.6760485622800836	-0.8404197306273442	-0.79820010499182	-1.6866011877083518	-1.1292259453394398	1.8036224406480885	-1.813892236413237	-0.20141324573786962	0.6892439476290001	0.16196844615359332	-0.18685910487064405	-1.8245157021683498	1.7004373413547067	-0.03842362186392154	1.148041831971416	0.8621002048750415	1.9141801605822737	-1.6555402868198001	0.4358962725657904	0.11442503041710345	0.7455229566847478	-0.18991412099845079	-0.9550700988939628	0.5212282559130197	-0.5555845921705312	0.5996843749533264	0.36857374543406207	-0.5050022188735349	0.9625881248392488	0.8825873458480972	-0.823374767597813	0.03802749603122457	0.880648909584218	-0.2361634043560703	0.743990655605385	0.2607500843857726	0.37503234299164495	-0.17252385220831656	0.03735559654493498	-0.004721364955443546	-7.832589440618565e-05	0.022322966980947448	0.1257141814928946	-0.5332865723588012	0.15606411072883938	-1.1423416181914356	-0.20528770504999	-0.9578496838373234	0.032084711186603256	-0.647218857415773	0.556196512303326	0.8115729841067817	-0.7101465971907042	1.6375280139269153	0.16853622444142644	0.24223924175227404	-0.1332633221375599	0.2162532560285489	0.3659103104179148	-0.39584825562615633	0.26934569540457587	0.6901942039042636	0.5597639650078998	0.5999030960905821	-0.45272664539195256	0.4951522537025399	1.610909292656015	-0.23723553720908278	0.5333162294912948	0.3254830886835085	-0.26967562349712665	-0.22801016304431795	0.4485035922199317	-0.60167102768157	0.1983200697205624	-0.36214815256967203	-0.5242617951699449	0.11157364821112957	-0.04955548067607724	0.22887391993899864	0.22259675441341714	1.2639246622343825	0.3421506643160976	0.3324116423099559	0.21268974711974067	0.4191299998726965
DTXSID1042441	1.8200761049830787	1.667666312407452	2.2527948551293604	-0.5405812157088212	0.17709652053211888	-1.8939097519670491	-0.08966615166424033	0.358106187190892	1.6511898976910255	0.263812925788467	-1.0191239235650706	-0.7575800844324774	1.1082684681358796	-0.06869002634945412	0.7840951095836337	0.4635681370399268	0.06399815629567888	0.9511224801169769	0.07976778170721956	-1.0331742201111662	-0.18624825969616382	-0.7542003040366418	-0.21683828249031847	-0.4084841346626384	1.0435965896646229	-1.6035002174091295	-0.14359964517450463	-1.2800361067343433	-0.1168714242640769	0.3863425927152376	-0.9467757422279471	0.024347787418016454	1.6716190982576573	0.7174535695226136	0.05738115693084797	0.22628722321397104	-0.22130831290835518	-0.12482852071901505	-0.16518853481173934	-1.0885789568583117	0.6221954469904085	-0.4145593489967454	-0.7195165992126459	-1.1071818134218792	-0.6510910748212612	0.6695752226567021	-0.6131426456273862	0.49288809703446573	0.23409084111838266	0.031022370913121423	-0.12170056974993429	-0.09469904411744731	-0.026151850848228162	0.16938097370874824	0.7061345604140168	0.5971418012199985	0.30939537115788635	0.6223120765140733	-0.2089151780868305	0.18735096223643413	-0.6105266547525257	0.36209895418795013	0.11545214658923292	-0.35881598450480495	-0.30660097616489296	-0.737989771710703	-0.5084044886504054	1.3687369237309048	-0.13973131633342506	0.9499253148457635	0.5826006500575885	-0.22250996609657475	0.36856198456714445	0.22717747121278933	-0.657788803557193	0.5572786864656322	0.007188267254237673	0.7095897009177351	0.8597232739415444	-0.7770880941070618	0.038148308571394736	-0.6569744311684858	0.7133560912905341	0.15320060284921358	-0.5099485460875999	-0.1257895737068357	-0.33475963237752526	0.18471596625098233	0.017841491098468516	-0.41877492011216344	0.4247157867464337	0.555456696277412	1.3001312504693803	1.3899113471286453	-1.1957038041175425	0.22883170221975113	-0.3730375212434922	-0.0960794234213529	0.22251670123659742	-0.513888772926435
DTXSID9022940	7.746562848850673	4.489151550549166	-0.8086247256635231	1.4821114277488283	0.8962201180300967	-2.559838943152597	-0.9392802127155404	3.6381321541086744	0.46495234767888205	-2.2237662118859705	-0.8888076628563735	1.3456455506207172	-1.4474032858366555	4.270313806238943	2.45724443631408	1.2891791414888347	-1.3640399841457227	0.6116477033947154	-0.14412547895823494	-1.5708320435621277	-0.737077693931589	-0.702319888010074	0.8986516033910945	-0.10080346444700199	0.022506145190124026	1.8965619500809185	-0.18078955832856786	1.682676969123706	-2.1757914627479944	1.231629663909258	-0.6696661917527266	-2.6447990463506126	0.3388518683164581	0.8930671212386133	0.39418777007468364	0.10238837301617743	-1.7010806398131444	-2.5221867301490075	-0.6599082758588637	1.1326323963979799	-0.8012295155325064	0.20849332704525783	1.8749443043856424	-0.46239938381923995	-0.23720481928503323	0.9377680066089812	0.2793852428626966	-0.4745543632923938	-0.15649415877639156	-0.7307108144540283	-0.18233933150985754	-0.47339280002981543	0.8474079141960895	-0.30100535010371904	0.5090605423812854	-0.4400605338804883	-0.9790804565694091	0.8689496031778592	-0.38142388937459903	-0.7715383526767484	-0.1172805302487735	-0.3554791583782696	0.21007543965793843	-0.40680042863362104	0.3474239110259003	2.0049470423018647	-1.3592632322707323	-1.4594828306416736	0.4344194361985526	0.5554940406583737	0.3435199396790982	-1.119218782144679	-2.1396466286477405	-1.976797753037088	-0.2618457193164814	-2.6241090018751234	0.6991224493924251	0.15199606007222635	-0.30557635788691473	0.8310347306420802	0.9033240580681043	0.3657812528666756	0.5293760731859981	0.002177132016516327	-0.022931313056195828	0.039878174974117185	0.697677333175491	-0.8541480919354161	-0.5651062833504322	0.44764041132455223	0.24916077003154039	0.2425566450695396	-0.41885489918786456	-0.44617350687726065	-0.09050694496822252	0.28690814296224953	-0.473678539137728	-0.11446786990282812	-0.189391514072382	-0.19399242488959287
DTXSID4020329	0.5724303591640197	-0.16435147240916412	-3.532986094903106	2.2732026856384975	1.6505579947840863	-2.740523310101028	9.328389729526652	0.43990686019614694	-3.2040516854760845	0.5423386916785163	-0.4754355169049326	1.0073868498902745	3.680710088703961	0.8394997681478568	1.5099805282407943	8.312574678380127	4.143856286880272	-2.9194930520570694	1.29494174675849	-0.790396839107299	2.2224387247399027	3.307565707604621	0.09934298985572444	-0.46603673509951943	-0.5511168449587294	1.6518858170260113	-0.6993444025109056	-1.4182482012745976	-1.88899129531261	1.2340793871070166	-1.001937043698115	-0.28488565875237953	0.8484747335980769	0.5709542327081587	-0.03608316056285036	0.9545633428788962	-0.6952118759035371	-0.8147940209635288	0.14078696780101232	-0.1028682185189388	0.35752733396658737	0.09796975488471628	1.1080224569369743	1.5950335265126983	-0.7994571689683377	0.9689824282134022	1.14030147614273	1.6469024518260098	-0.9708575034990394	0.9729460975420474	-0.6219307500260456	0.8913321238275043	0.07839407613318254	0.011846418058550912	0.623836340857617	-0.40209277855638426	-0.8639973485266814	0.499254855508799	-0.5094316995976752	-0.485117360549216	0.45471308675434235	0.8099352630235973	0.10693362796964788	0.6677068707349647	-1.1000874150972972	0.9166930370463515	-1.052221728603184	-0.5597314328859375	-1.9043897173839297	0.817774360778858	-1.4848640991934707	-2.0154247807960317	-2.8438625418735772	-0.22553041767333878	-0.42823051580680704	-1.2602429693338146	0.25949001210430295	-2.1771665847498443	-0.7295885453946164	-0.3604023917595384	-0.621619937953602	0.33403757840898335	1.1506937364502483	0.43475088520663424	-1.1345643138946246	-0.1623025447521081	0.046351272807425785	-0.10834057711214715	0.08824454582913273	-1.394132574327948	-1.366894147398507	0.2686250197474513	1.1068495451692817	0.4603184253932548	-0.9955961532686936	-0.6749753113890913	-2.4827370820070094	2.8720054319711723	0.013969106495248435	2.4275549552158244
DTXSID9046732	0.3552829066447499	-4.205088417033209	-4.3903855313550375	-6.277380097661111	0.8969912243915501	0.9675926018233667	-1.6254100938243294	-2.35322297843968	-2.0573687436910477	0.7309476907914881	-2.8300359090805807	-2.9086050382440276	-5.1454223064736135	-2.939652067179291	1.6699253260985607	0.8594684498054961	0.11280442290598135	-0.46241663808590544	0.5093833001051944	-0.17639001408874797	0.4136112359158214	-0.48692965176077246	-0.7876336497546401	-0.8544518967014075	-0.09730533321799954	-0.10423876984422804	0.7221008624978761	-0.3188274447185542	0.7089693186336188	0.06110680051363228	0.47431035171697616	-0.8526407979523073	-0.06414135124596333	-0.6254160161369168	0.47707549893092416	0.2798754639719154	-0.12837125770399474	0.3968684835208044	0.25451772295646485	0.7029795960333872	0.014980419527250124	-0.9332589543075813	0.6122958812142378	0.3553511889767599	-0.05778462492191079	0.30356043470995536	-0.2687104766357626	0.1012433035168759	0.5839376520090047	0.4260229841737397	0.2268296302197835	-0.0537598854973277	0.5394060245010392	-0.052404877473349536	0.5493335766269294	0.25124579522177276	0.23671862056124685	-0.2647606791064507	0.6251520124210669	0.4569344787315667	-0.5147077918145283	-0.023430766265464486	0.3816867956439107	0.6232573595392578	0.10379747181916966	-1.1063929189412307	-0.11698122619637856	0.0036894163896187297	0.2982462874431703	0.030240982167239312	0.35900199672675287	-0.8040571427438143	-0.1816498099981084	-0.8922274140532254	0.7505532475417346	0.5326220724088225	1.0039142598174786	-0.38910034047448705	0.5591090686805024	0.44672217417940313	-0.3524694991262347	0.02249103347595231	0.45003827468930946	0.12181047067075725	0.9283323706416705	0.4299399151104605	-0.6716169902203737	-0.34575365643676226	0.23524164021158991	-0.31178630476081687	0.04952613434311454	-0.0966261970384264	-0.0495180126998311	0.7191043208311972	1.171355057046946	0.3296051543613718	-0.7955694391712781	0.25402943494113367	-0.20531663757184715	-0.2265919468717592
DTXSID8044967	-2.0776432813834096	-5.4602341446348595	-1.671990013481138	0.1124686433981717	-2.75833616465269	-0.7128998120418696	-0.9218611941146269	0.3972367258632977	0.23463392801720465	-0.4121829710110776	-0.38398776931147455	0.4404290707207766	-0.695356775597936	0.8883706114541255	0.5127632705669861	0.3018076907930225	-0.27050128465833473	0.4567021977357769	0.16171566839797838	-0.02592841386634422	0.4887789165632268	-0.22854128715166527	-1.5612671283844946	-0.07185603575119352	-0.8489328979443207	0.30746841514534184	0.2363756947255497	0.6900214280933378	0.2009149995985187	-0.6044629385467376	0.5419119441516085	0.7016484616269562	-0.27041219895235336	-0.22036704678016575	0.18405109062716005	0.6689721941570769	-0.25867322715390406	0.6666207550186085	0.5163424817048327	0.20974771994652935	-0.34741560844362573	-0.16869020540133936	0.2915573209025529	0.30010772508447775	-0.13573450632064074	0.10199044812078577	0.18607137798770546	-0.2962853813574997	0.11676920430749439	0.2575760107339362	0.009419185415027169	0.0954554886086552	-0.01605161419225009	-0.24974205820378043	-0.12742950890490776	0.024457522006163614	-0.2990875449441167	-0.34901796118688383	-0.0387045276291841	0.34018325083384043	0.13212057218049894	0.041381536962442705	0.45373142786253695	0.38990011491592014	-0.4451835911045413	-0.393848815254835	0.8360920898630825	-0.18497090470732425	0.4004923829003	0.15404410862474482	-0.3664445914438112	0.2070896745108454	-0.8035573164805981	0.1995715117491043	0.530369651601716	0.3386369505615319	0.3692298118128456	1.0598800262160497	-0.3163409020726518	0.039902557116757005	0.012649962372453014	0.3367947617599041	-0.27692892369304234	0.8091497659075314	0.5176337904856929	0.39180464030457546	-0.3190327225248856	-0.1628100756119713	0.2048802683510978	-0.8680912222175321	-0.22904249649635303	-0.1298547746606102	-0.026199899955549662	0.05623594205313072	-0.46829414689167426	-0.13139872525832083	-0.19821618057419926	0.22416857568654558	0.4397724638512366	-0.4116557811637461
DTXSID0032813	-4.750895494643747	-3.254891648409194	1.9362088734243885	-0.44924266620435255	-1.2065547372635763	-0.13086440229219795	-0.48220768030151234	-0.809504171624085	0.740854672491133	0.4485232791001394	-0.27505374333596044	-0.2348393310285152	0.2645578246793104	-0.2997515959061737	0.2516164389246149	0.5027002225232261	0.4385760928693993	0.7115788836818377	-0.0779735538816348	-0.9031288228086853	-0.180204162737843	-0.40020346339951657	0.013708234600351839	-0.45909736071284685	-0.1377956782946654	0.211362479887767	-0.30905247730862395	-0.6345964678398313	0.2752670619869946	-0.5031532481391648	-0.47448976901101936	0.015561418168167106	-0.5300650114249971	0.03943050105299899	0.22022299549901939	0.4745267389582476	0.18051368682579408	0.5846114225785699	-0.7697889884492799	-0.2903052395590574	0.06793083765712284	-0.08295516546723115	-0.19241130655028596	-0.40609713915844237	0.031105588694760666	0.12493213313158157	-0.25402420930125585	-0.5807231863746879	0.07203483231269549	-0.34306547585063296	0.04241709764044528	-0.29191122519456353	-0.016367940710331257	-0.16880682775806888	-0.3265280529400084	-0.05860471338052826	-0.015667955839871642	0.23887217561816193	0.3049774909221728	0.3785317717370853	-0.24673723197720843	-0.006216591845154803	0.34083737938986547	-0.27313842670031474	-0.3857303203381032	0.4365808349879491	-0.4680485530665143	0.08384850520339379	0.424903150750629	0.6234650486001528	0.3957102379474793	-0.5209886415154954	1.1827200627140975	0.17365765603057143	0.4286001477189758	-0.36174377059722046	0.06697365700875693	-0.1635904620224434	-0.02634429317795349	-0.2834198026649456	-0.004567034697697049	-0.2863562280787005	-0.203504246410349	-0.3131992966655888	0.17636563736022712	0.4725571381579177	0.3318202748002867	-0.8211797410606075	-0.5881077819138472	-0.2276360896461721	-0.1899992233004756	0.12442109217125798	0.22549295799553123	0.05542458406477897	-0.17141729964397234	-0.1279466563888502	0.02678112513448353	0.10140078221167217	-0.0807999528871013	-0.048743187424568825
DTXSID0044440	-0.8586938668757685	1.7464732096337154	2.7714207036382597	0.30581807978891	-2.7568015039059133	-0.535898290450243	-2.1120286159104418	-2.475823807889578	0.05801985957867737	-0.2480813058232379	-3.5025970573764678	-0.6113041479553877	4.519965421812326	-0.0708279811271045	0.8275623727534134	-0.5227761569279042	-0.8497270851140651	0.9022156399103384	0.43396700043236813	-0.39120533837325283	0.02669682011770757	1.0036244705837116	0.5928221808830918	-0.8866806667587925	1.3085512717256222	0.9860397260218484	0.5357163343494865	-0.7114219374754664	0.17869993660525815	-0.6685084563376511	-0.7851886589375622	-0.03766692290649426	-0.8474042914620165	0.3798273026600729	-0.3454866887301298	0.26385322861870825	-0.7904156784758767	0.6843793414966788	-1.1660938310972024	-1.212430182672511	0.461659896766718	0.28807754884818076	-0.2559621254080877	-0.6459440128276771	0.7264055306192878	-0.14633903873633977	-0.16392728638187481	-0.29578956653798527	-0.07617635607604402	-0.13596180224857293	-0.04412331769475657	-0.4211292210700023	0.4046477897564729	0.0042871884715740965	-0.6652750735237655	0.12876468778448916	0.11548282171916813	0.5587819670479147	0.14074725800433457	0.6768211946291883	-0.9297001622661939	0.0005914702137817575	0.70256633198579	-0.6741096719578199	-0.27098405294959865	-0.5774768746927768	-0.46676015807165705	-0.3019177568191381	0.575916299625276	0.5508831560081883	-0.4836436405711328	-0.22697111346334298	1.6888990137197226	-1.103736258125729	-0.10601227444175253	0.24006638545857278	0.21514257614097593	-0.3659543259394892	-0.47043198408244824	0.7509057347808322	-0.7549066482741896	-1.0525051880204368	0.0011090150629353343	0.34158549157652573	-0.03505153271900761	0.1800822039232432	-0.37014003071660667	0.801587772096785	0.2865301814999912	0.24058054031638498	0.03545402083140587	1.2003332859131202	-0.4731726044519909	0.3937100759197185	-0.05986399306325728	0.40019813160582773	0.3186138800739064	-0.3075538302046321	0.1632514571841555	0.5908308244547227
DTXSID5047952	2.5602991826413435	0.8921716987790096	0.4354641868858669	-5.789744662309977	0.5131059934264192	0.5010229371893969	5.533218024805115	-3.501194907194722	1.4202506508751975	-1.2874154159837716	-0.23820357019048158	-0.4804699714196458	0.7744714421702428	-1.8697941391227892	-1.7445739189448795	-1.666046081932199	1.1958492506061753	-0.7001490164078688	-0.7267687419008628	0.4951353438522551	-1.3694979341319369	-0.06275423502142635	-0.28075651202245666	0.01530931429798769	-0.4230488727527555	-0.8441303720657318	0.5703516715890301	-1.1880307908711616	0.10630730633956753	0.7463931903409489	-1.1488004092718305	1.3681273376001502	0.6350736271357325	-0.11269149599209889	1.656354598569204	0.6345686312862316	-0.5944857985712855	0.3167391208020217	1.002583804106226	-0.25832225611516973	-1.2560037020367725	-0.5784683132610716	-0.03344129986766624	0.07043053573949092	0.02995518135278595	0.301259965430893	0.9728606850059864	0.4214015535132467	-0.5433671157891136	0.31942105850532576	-0.29519212899714836	0.18637250087380938	-0.6376588816315625	0.02956247004813476	-0.01656057018392077	0.8869802499044063	-1.0138441790361905	-0.120909309357283	-0.697979910706253	0.7258811402575177	0.2790790687241678	0.37866644056424065	0.6231199668787856	0.38949978819397846	-0.14938016114076624	0.4510855034014525	0.3399993761263242	-0.5570592601694823	-0.4059372959065562	-0.6589551542272761	-0.5406501806480841	0.1507980432625734	-0.9204587083689382	-0.25102476842778504	0.007715084163730418	-0.08169462973876024	-1.073227371816014	-0.9420857640959697	-0.7153553777967581	-0.5013709149674689	-0.21069599422549018	-0.7614671880291596	0.7318663529768394	0.8308948409604721	1.2771541562295468	1.2166926562425273	-0.535813990878201	0.36037338975646654	-1.3185438540766052	0.8561068852717034	1.428252284556041	-0.4193538317983756	-0.1860365507428696	0.42166252640584817	0.3214732274244871	-0.7643176342438259	-0.6676573001895232	0.7470910925615111	0.12950058500921072	-1.1843729947098987
DTXSID3020253	12.109007183319306	7.369255696483393	14.271669599870425	-2.5656362820386067	-1.0830052437664015	-2.9304760349589802	1.9886281494287588	-2.569181368357107	1.6004713032514115	3.605302594225013	2.675817753481624	-0.5806082421519588	1.9501570895464593	-2.8792151120270297	-2.817072222253186	0.08617266592174103	1.001157629749655	-0.5386718717700693	-1.420078837860105	-1.0939539707281771	-1.858549202425623	-1.0555524400101717	3.8663441309427133	0.39220833815252343	-1.0811187035197565	-3.6214130005279404	1.9516140218552605	-0.6928953285508554	-0.26586152253073964	1.042856886924375	0.5911723731300988	4.261223259888829	6.052348375725596	1.2649328820769943	-7.93296484765178	-3.1765909518149504	1.490196393006763	-7.560969044141549	-3.3384422688888016	-4.555597634648792	2.1567686911428097	-1.934219214453394	1.186003474076968	2.024548964774923	1.88920696461674	-3.761395582155925	-2.567620770321566	-1.6318551064547289	-0.16008794566146292	0.6911684502434998	-0.661313917301044	-4.154164898136619	0.49609169034792056	0.752411315473632	0.720343358526448	4.1599330098125655	0.9608496831577378	-0.6351004420703792	1.0253350857233836	2.49177627528514	-3.918300628992624	2.6972048682543575	0.07597650423120954	5.68203208056953	-5.15738008175943	-1.3503941355874864	3.979125437693302	-3.8532844862743625	1.5766379354858762	-2.31150888087062	-2.5960637292711364	-1.3261526842165374	-0.3914385705155569	2.104741459660882	6.24928089105895	-2.410578670910376	1.0982185759717498	0.47485000397411087	0.547768979229204	1.428083745465497	1.8290837347591238	1.770281853449935	-0.08214806822952554	0.9981574979436412	-0.11382117926839291	-0.23197135182274034	-2.046628052409809	0.19358439845502684	1.3817318019798264	-0.38455302216642495	1.7574917768929694	1.8383152096239996	0.13003386886326848	-0.08113769506543962	-1.3033750639541462	0.2436972944703421	0.3075338025901513	0.7482788732247981	-0.5770180494858563	-0.9208870562656254
DTXSID7037715	0.7928556475283808	3.46388742889634	0.5035313042032233	0.7408036552100167	0.2880865972400189	-1.102766795873329	-2.734950190587585	0.5437118977569646	0.9412173795329135	-2.0505226924786664	0.9267878822836749	0.47942729835483117	-2.126760982242979	2.337655795193648	-1.3259644707553446	1.5878039933842076	-1.2744203637107283	0.5141819236513683	-1.20576125960049	0.2499721631798089	0.48111184819312863	-0.43238485745369615	-1.4192156673081302	0.24268390615840613	0.5144406681313713	0.7280023368974556	2.2167391243042993	-0.6209975424144071	-0.38609327786477926	1.3099629992660458	0.872119684267565	-0.08811703087956282	0.5990756048227113	1.0389299797254234	1.4536689620744079	0.20062070568902995	-0.6779913665790577	-0.9544792403425347	0.5744974639147461	0.8566593816026239	-0.32710664246859533	0.9388025933516865	-0.3265715388297279	0.8447706632581592	-1.579084216483802	-0.229304494391816	-0.2764666481738335	-1.2296830927293714	-1.0196118840353492	-0.7861152498061053	0.37447108304991467	-0.00992501318680014	-0.38858495376454594	0.3288844708420783	0.7283607833605392	-2.00075906314429	0.3919816187426239	0.7476035768485687	0.10268540975470966	-1.519561958466274	0.618976130234112	1.1767612567457002	-1.5583297098208722	-0.850103759697083	0.33610041862437723	0.9191430026581564	0.4250649637202705	-0.1386819009354882	1.3674039600666743	-1.3505571150678457	-1.3322107258499676	-0.9463380449479717	1.4438438367167543	0.3442049890044005	1.3101860047708098	-0.13740058872448624	0.7542479266167025	-1.0408673910121555	-0.1288462983503565	-0.19180513541716793	0.09854443193658499	-0.27638344970920803	0.9980758725212743	0.050189552255253456	0.41234776275015667	-0.7965331078845267	-1.090331784861165	0.05645836103215862	-0.9016526793701775	1.2856283207984949	-1.1256293554829708	0.5977573715399245	0.6926073027946639	-0.3512705324638579	-0.13768757538340945	0.6282111631755377	-0.019539190774130206	0.10429122730159865	-0.32001267514843734	0.27128583099764914
DTXSID6048832	1.2528814349711248	2.1664495893911617	0.6787940615190318	2.829706221091999	-1.2820676420644888	-1.0920562920571988	5.210205298781546	0.019573441181851	1.1782426553910599	-0.39486128716799224	1.0060195113382087	-1.5418442107166	1.0266780946135523	-2.738240635398777	0.5723255803085887	0.7803791957165079	-2.8044749954607604	0.3827556172056351	3.0213305585403827	0.3712150891423074	4.12382006876616	0.4424629052876695	1.7753838981355052	1.0047987017815798	-0.2613540917528618	0.8924400684319594	-0.9673984408295662	-0.06702680496647344	-0.7262988076304807	0.9353698317006948	-0.687231221588728	-0.850756505275017	0.4149556439744012	-0.06766230919144177	0.20865664723018962	1.6626563964105292	0.6632396380542362	-0.5393695801285608	-0.11376545446115846	-0.7403404293155875	1.4759031335395896	-0.23131503386684746	0.0532511670262336	0.8909109131873348	-0.26589135186975565	-0.5092105037623442	0.9331173079018946	-0.130795923013855	0.2125398998120319	-0.28494662732193404	0.11767166266451921	-0.05550971314952058	0.08964212810544288	0.2212299041986892	0.4215826230302376	-1.3489313285625342	0.5326533377660995	-0.06248443743286363	0.06255880060892366	0.4047416858515746	-0.39949230101190286	1.1001155790734591	-0.8656956372101426	-0.22778342015576358	-0.7298924768924518	-0.6460494090822322	0.8209954460259934	2.2486484470395616	-0.2508688742177063	-0.27363586222414343	0.5411292048640058	1.661553280986336	-0.21111683726098532	-2.347635275500518	-0.15792856424478752	0.47702056767696555	0.3960120517206196	-0.3350720698957987	-0.2719516910850032	-0.3357489417159432	0.9718483817052348	0.3450633110061749	-0.864967968004109	1.8216151701068999	0.2567383619854535	-2.8782924727871904	-0.3832673348622938	-2.038761200955819	1.31492764649786	-0.2911988394198295	1.99161951012886	-0.7040482018989253	0.5138207215879234	0.5799776168360267	0.7847316294901565	-0.270250391727442	-0.017808390630384665	0.12782953227545074	-0.3032347599106935	-0.11188892876296505
DTXSID3029364	-1.2720405596437954	4.274326094578655	-0.3467715285326575	2.07166546732199	-1.8564674161264723	-0.8089119840638441	-1.1389245193098183	-0.7641534499845518	1.7622917996359404	0.5794879718460717	0.0300456581604097	-0.22784594611983466	-0.3369973009345455	2.2227333294343916	1.080858204748542	0.5358418314617207	0.261559131696596	1.1321301772543733	0.8255028329980918	-0.8953397483514597	0.018629981160513284	-0.6144059838774187	-0.2864245214132549	0.9745195584135887	0.6407595987839236	-0.7497817378505971	1.320821510918345	0.016954450972673132	-0.06389329678825229	1.3959418107983923	-0.9231633027002821	-1.1979075833212964	0.8809231124053304	-0.06023784826274411	1.06971758807701	1.4761170058458188	-0.4484574256355405	-0.7873946298079207	0.4647644203354996	-0.09787927327024025	-0.48037487746726154	0.504577988609272	0.28984363849477157	0.5615330898783251	0.22512163057496945	-0.5845038321571041	0.534622382787975	-0.5280675330423231	-0.41281060631597044	-0.3291543599916582	0.25511830120463574	-0.06310704528025037	0.5183760027531378	-0.11808297258043356	0.08819767184289404	-0.8071373132813947	-0.28805651548181477	-0.5396437309088851	1.1283632625344784	0.44572960300098413	-0.2688249262548609	-0.17808654912245916	-0.1721798750854734	-1.0228709757289278	0.13266547731866823	0.8607120618361165	0.41161720823426406	0.46239429435020407	0.7545738691886038	-0.09037140753274003	-0.6521026096733081	0.06347453678782537	0.1785430917918077	0.13926180891329737	0.10182366906816614	0.07823941433844483	0.22045058997096612	-0.5472934075887064	-0.33019472327606225	0.05311186034055381	-0.24615488818196138	0.27333504305343925	0.10809963999681915	-0.09686015544870659	0.49354027004037204	0.12192734862413752	0.590975531917152	-0.25909428635961473	-0.4872625340653026	0.5244248289896913	0.47943951788012307	-0.5906008708363579	-0.02605467117319016	0.31715544676288343	0.05049351988601573	0.029184898718364487	-0.1575053894290165	-0.1376722556496127	0.13973716707374578	-0.15224903776777293
DTXSID7047142	-3.1596712455620257	-1.936633505307819	3.7190485510193114	0.5934405251125378	0.8144557020798495	0.02916841863097683	-0.2576431891676838	-1.0004624995250788	0.4100274399243712	-0.0619342011645994	-0.36254555783814446	-0.2524310271617278	0.2912440990565192	-0.23030610310982408	-0.058192318019080695	-0.38084217006454657	0.4235854297646529	-0.1457125964916481	-0.22869406589156538	-0.9184769408257686	-0.08933383849025944	-0.39148754961113175	2.1809818028979637	-0.4100693628316281	0.08604266374998987	-0.40002364585146105	-0.40748082911124694	-0.01797460446683278	-0.23985586254704788	-0.31567413415499895	-0.10523049691491636	0.5802177295659375	0.9993465338033805	-0.011068861703349956	-0.9997695659546687	-0.8228361222545488	1.9008191684441293	-1.614651418472601	0.369472824950826	-0.0921742338188218	-1.2951177160482212	0.27648097271203176	0.45372456136003925	1.5308591159253073	2.530152302608172	-0.3688653152279282	-2.5693846847031727	1.5607270940916893	1.1773232507605076	-0.8247370268676916	-0.2573273744202531	1.00871036962081	-1.3985386804798388	0.03948309724819021	0.1257919632852313	-0.2599723547997023	-1.4692483775679024	1.1659877199728375	0.48742584216318235	0.020018990958251142	-0.8540421390276163	-0.12383169948448508	0.1602735186493605	-0.31696705161962374	0.735758076027625	0.15025301252226453	-0.6810239948480894	0.5303544390545668	0.19540325989755744	-0.555820994563935	-0.21120680608470457	0.2717623793847137	-0.47020026820090627	0.09701900639484182	-0.0025043206555221942	0.24891831373805937	0.5297375069815985	0.19606985786750558	0.4348004688845148	-0.5455881637709712	-0.9511976588799651	0.04072937225413112	-0.20462046886343052	0.48781174217063566	0.19811604195267069	0.13242085785932506	-0.15945908274568488	0.00670361530098779	0.3336962180816398	-0.5145407343950491	0.1596558220747183	-0.23847386134749973	0.07755219638223454	0.3541300739935881	-0.11394049427687294	0.09905430562876075	-0.03651424607941316	-0.26048197982306587	0.07082009859728595	0.22843538649352477
DTXSID2025501	-1.4150945237781185	-2.533937358551561	4.397996648954367	-0.35900447647543504	-1.0720413936168636	2.792950491756766	1.8098814016989544	0.8279426534904141	-0.11753078808430124	1.374414695967635	-0.7509495454293864	-0.12385194214779881	0.45955148540749624	-0.0038831403384355302	1.7461576104082246	-0.13953373543406625	1.0179435393977057	0.01763928800160703	1.4226972956424742	-2.554955463383968	-0.6934797596946548	0.13587092206265372	1.145069878159707	-2.3766894580866897	1.071473284112787	1.2720448063548946	-1.3390686617470198	1.94582133477969	-0.15829298072511655	-1.9682788863298883	1.2708973544384077	0.8320092195275048	-0.43176947928279646	0.8497276094379601	0.4756923523455143	0.08109654516275833	0.15837010463624399	-0.9897390541496851	-0.9132752594999967	-5.082469548394198	1.83853703113405	7.91303149008638	-0.30958061935317754	-2.1810215374160067	-3.951418597473384	-6.553300675028603	4.053655545283873	2.1071239863729376	1.7150023465845659	2.3153635192187525	0.36083571606513487	2.6451484239752454	-2.3316204709795687	1.8824674473260588	-0.9855555604408177	2.508135732994707	-1.7489014015176916	-0.9634957375740262	-0.3493113706582926	0.6120663323852626	-0.12355382094997498	-1.215901145414144	-0.24720203623917533	-2.3340633478871893	1.2747193513978214	-0.14011396309905597	-2.0465321613120273	1.484356951922007	-0.23049039694442328	-0.4593494569383908	1.1563356618498586	-1.3017172266861612	2.6162130920670705	-0.47098332481899247	2.439742584405132	-0.2970933973771591	0.6469277249135147	-1.6657606261842857	-0.8359507978696571	1.3729021621610482	-0.8796049156608922	0.6360836439415484	0.022070690077890746	-0.17867204981181428	-0.37442063979404017	0.5534706000104644	0.481321302380735	0.10021632947609484	0.06255679737123329	-0.14053600502189054	-0.13032848220457657	-0.48369589281842296	-1.2316584428391504	0.4838896913811126	0.25695271102659134	0.5622076580002261	-0.27368445477288017	-0.22329617753324008	-0.06951099302529813	-0.24432491911950177
DTXSID0037734	2.5882299977025527	-0.487196463894483	5.06194925593765	-6.098284965523738	-0.3185010514894901	-3.2034307849804535	-0.10904363791889637	0.37457654474957924	-0.7535623223424858	0.6887155504303807	3.3554466688359246	-0.028453915351647527	3.7481329941646218	-2.970489356854141	-1.6439445538862172	-2.0647923390877714	0.6374198144413384	-0.9792939736182922	0.5750245291223143	0.5047592421215351	-0.5040974698458143	0.9839596407566892	0.8794313456727793	-0.20113208664978047	-0.9103767099624644	1.2103835361448394	1.5985833327855108	-0.017629611356388953	0.17938624164342779	0.9784604621451531	0.669484668257238	-0.6058882739611273	-0.13912023066416257	0.05102079876489502	0.6302916907966888	-0.38143605144546955	-0.08411484616059074	0.26445227077505323	0.24010286112696483	0.4146051914222483	-0.1048146016806091	0.5782979955405734	-0.7104257827342746	-0.059526121026931014	0.15064721516667462	-0.1899591535468405	0.6773028051319082	-0.7346469184617794	0.03244196796184385	-0.5422958963333141	0.1913419041616255	-0.09506350513340012	-0.05413586489324164	0.04765545618934941	-0.09797250263569043	-0.14024736797573273	0.26931664813902073	-0.2516152219976298	-0.16846696069169806	-0.13619553392546174	0.014689715562387858	-0.723331480606304	-0.4765909198930125	-0.7379681770321308	0.396983920829911	0.9081560838401379	-1.0893831757849644	0.6593074774656609	0.04353342630202965	0.2289343703497406	0.5187900144702027	0.1456646001506379	0.7054402903498447	-0.4391012157854242	-0.278357619853394	-0.34139898698109866	-0.3645604212977299	-0.3121951954301487	-0.3364750581216511	0.05619004167504838	-0.022498219005875248	-0.2471510205860106	-0.477386175606369	-0.42284334612815794	0.535907423947921	0.26778034273003154	-0.0471947061448714	-0.19129234271686332	0.12471646532939806	0.11394837206252449	-0.18719901784270138	0.11802725091604382	0.023387291576416613	-0.03260901891331634	0.15461790708430212	0.19616628118396248	0.6467914653790033	0.8195080552086474	0.376495446169789	-0.31621702776764476
DTXSID1021902	-5.9088199602490565	-1.7328964837936325	1.177226658341598	-2.475805106415036	-1.7529714009123336	1.9848157057786293	0.04488785609162279	1.629690201353564	0.3027337321873553	0.46388440067646736	0.17742496360529625	-0.18587458255715655	0.290363960322188	-1.015849115012534	0.022918350414416408	0.43226648873413237	-1.0528673363925418	-0.02033731591297545	-0.3361700237535595	-0.14546364726405425	-0.07985590058500412	0.21231871260468307	-0.2981667392864548	-0.6249421679007797	0.4588703218689662	-0.10890906799285205	0.09269667350129833	0.48338057027174036	-0.07841914322118519	0.028871372156440353	0.14035873038232172	0.09503290744455621	0.4731925751039494	-0.2569773047836508	0.18231337279556473	-0.11785821150126245	-0.2631301153348786	-0.3136382963731777	0.4011774945026558	0.019001309083556173	0.10115382462204561	-0.01070222955799613	-0.15277948040713163	-0.008147955459196988	-0.043395442131187324	0.04613552470878023	-0.04018922800872276	0.23904397541550115	0.29233120678351726	0.04838354795024113	0.07990114389912047	0.0353487951486817	0.1935532514779378	0.0015964073269982867	0.4577728351868928	-0.22821380911986072	0.18995103392180882	0.13133291227304372	0.09370111694983282	0.1091299001038693	-0.4647000703703611	-0.09598013635711741	-0.25935719298881865	-0.14550572301379372	-0.18678870185619478	0.13301057727845367	0.47404084138390323	0.24525831432404924	-0.4365829671098795	0.3611227864601059	0.09828572214488504	0.3593020652236227	-0.11814873397311679	-0.23660220002561733	-0.609508823928778	0.19342483283310338	-0.25688955024048443	-0.11361789553164324	-0.4631603426971537	0.5064135764165496	-0.45285632258108477	-1.1387414705843553	-0.3842876573113065	-0.7305534067208048	-0.1804264457145055	0.6125217697881742	-0.14383822516561048	-0.07929086334578554	0.14052064476223627	-0.4111132772655165	0.05320900168652746	0.5114816697161242	0.6714999866928334	0.1909826945383429	0.4676068705075891	0.27833457628172004	0.6334449205378536	0.7431738036238067	0.07380876537090421	-0.2709984729877122
DTXSID0041985	3.429832099037749	4.399125410990611	-2.752039615547468	-1.3054349290145206	0.6804718017327616	3.489952695248317	-2.0385315449382513	-0.7571353160378378	1.0096654761452313	-0.12691441435619777	-3.2398190540320235	-0.06518895002519934	4.9251213982208295	0.19677032998579147	0.758796493694394	-0.5606579719867597	-1.8374359821748478	-0.4829392748208685	-0.031150720957960155	-0.9845251877687412	0.8388540303098668	0.3941445816291797	2.2607342214167283	-0.1257334713845556	0.3368272166927609	0.13506912458825823	0.09079344734785529	0.843917960124629	-0.587841943222986	-0.041651390624111446	0.06312949768050244	0.49032665773004336	0.9072105021256215	-0.28497314966825377	0.07587280461656568	0.027968745836387296	-1.52048501865985	-0.0575718224582567	0.07398318931635549	-0.4490029738641604	0.25625373899563914	0.8146637906293973	0.04935487859373548	0.37129031432356346	0.15701581479945795	-0.22055375084629691	0.01195668455522886	-0.08712789977061425	-0.1763800961422317	0.34873262580428965	0.0976539597499539	-0.037657030648071806	0.4984433730561555	0.3890842276042558	0.10655426704357701	0.0018509363715999998	0.8003597505472392	0.18757979635071959	-0.540290394081918	0.3110355497147863	0.09377135636376396	-0.06863412859747979	-0.8125132174489641	-0.3846978966813626	0.1898682954584144	-0.7339546954548353	0.7551181170298319	0.525968202987244	0.7760659633635572	-0.1140293385331183	-1.3016525614516592	-0.03855941873940298	-0.5028851531860778	0.21154089425961875	-1.0844685007801467	0.06186010685265482	-0.08325003803862582	1.4401053019627899	-1.1772119102760075	0.3989766841416997	-1.09927639036834	-1.45928624561574	-0.3354567329540441	-0.18147155697143438	0.3163325099472218	1.075322595121538	0.2803702795423311	-0.3674655161192159	-0.910391850275546	-0.008446570493195873	0.48056314572362757	-0.523339852770029	0.42776076396217255	-0.2573002942612486	0.17898296857935647	-0.19837213196162384	0.014800278195964923	0.12978683817478173	-0.4313325107290578	-0.6447272627718753
DTXSID6044646	-0.6736706991910926	0.6019326501405688	0.4732884394458632	0.6224088910884514	-2.3575131661813655	0.3417268321401684	-0.7211269170828883	0.001686575431018684	0.871866831185839	-1.092756573337712	-0.7177596643553257	-0.1418905450291439	-0.6810568352089714	0.282984500507577	1.0170974654850473	0.024630232739000616	0.799420037804023	0.9244548047467119	0.6350267980913833	-0.10348815830452132	0.20265160672517696	-0.28398078547788985	-0.06440676122481562	0.5258130040313053	0.5695065467895679	0.19698709334349546	0.5767850894304499	-0.5201564320260773	-0.09698177977583475	0.5787928035075832	-0.06821646077953229	-1.0792829226317944	-0.5388681069811432	0.12196767561636672	0.2906979680154986	0.33863099142365866	0.28518461465345607	-0.1979740967861019	0.06467289791160778	0.13134063786338332	-0.30390919810941086	-0.0831701111465298	-0.07389484546932137	-0.5489402884344737	0.18034905814958985	-0.6247668597489012	-0.020119001072507026	-0.21297720191453542	-0.11102871557680183	0.20903754943858244	0.09942734244000272	-0.18367606253321891	0.3542598613377495	-0.27651175301631636	-0.3675068413608489	0.2978026320958323	0.027448939260275498	-0.3162575185151161	0.7920812051107737	0.6730712949507058	-0.16935572116918324	-0.11037709552359523	0.6103168405469183	-0.04112237836867519	0.16626884007838702	0.39430489155892257	-0.10810930404671577	-0.7294867410685894	-0.3403314241748605	0.5637991208177198	-0.21806514977432365	0.11362512547928459	-0.07933772993273198	-0.40966344907038776	0.2487084910633795	0.44612293573726025	-0.15823286398093986	1.1538984457026438	0.08591703133262005	-0.27017838741112	-0.03042443765127625	-0.4517413133651118	-0.12007707306220124	0.6080430563666408	0.22834570032814883	0.02146626471001258	-1.1212655266437956	0.032773543873601284	0.2554511657286998	-0.13496942686756477	0.06402694787273587	0.3282062365109552	0.4943330113831675	0.38423248520211695	-0.17191220091799847	-0.087987148147908	-0.440375838639199	0.2621532938920614	0.029918031431122316	-0.36568249141501497
DTXSID5024346	-3.8559371876534234	2.0081720920174093	0.842162940619434	-0.8427960803128196	-2.050885017897008	3.1599798365943386	-0.1739483529183723	2.1991126296278605	0.045485971371650814	0.18191318185547678	0.4274993791469432	-0.2957241441453382	-0.26883341409701667	-1.5350696161556958	0.25567562727277815	0.23327412825060415	-0.43195291558821847	-0.1743260633243301	-0.5917668359139616	-0.8791625136289577	0.17030053629761407	-0.3135162567368804	0.6517475706081667	-0.34270498422135254	0.5160690304301359	-0.5797317996585605	-0.37048214496471654	0.18563095396406626	-0.31209305015468697	0.14558728399991944	-0.3142314514820976	0.21628499887972205	0.6544865505642512	-0.2466003022496763	0.04382533670211984	-0.1843886316449496	-0.06894362622144545	-0.5546485295320439	0.3190926438413946	-0.2587261939301392	0.14778647914793355	0.2291072857909761	0.12329295480441671	0.17905566875070839	-0.182294129831701	-0.16135541188095326	-0.2711269425171832	0.32094860825344557	0.09446147708275975	0.23559633659673873	0.07402173605793717	0.02022508439074941	0.41527698811486974	0.06730763141070503	0.47346565834813914	-0.30605456601745545	0.6168932166151088	-0.18941808565216978	0.11608411518818726	0.24917636173686425	-0.36835241417685405	-0.024512984430777218	-0.5947625015223821	-0.2598075515745903	0.029153480017206006	0.22416502595225687	0.7445438212405316	0.46711791601449626	-0.6575703390368	-0.07047749466496872	-0.1985107347461139	0.21969975634558672	-0.36814945616172523	0.1967960372321645	-0.7843655353964646	-0.017100379250000648	-0.325931638437321	-0.035095627613421304	-1.1321494892030108	0.6420827845080331	-0.9103926035847892	-1.8823768159839365	-0.6951296639744643	-1.0886953983988565	0.2014153087372303	1.2170645156736855	-0.1629824916671377	-0.3058404486403596	0.05838715478106871	0.1632057253199357	0.5311824378866556	0.3691693306349349	0.03888811112839554	-0.7401246027784362	1.359664810989922	-0.0466036286717051	0.152038874833028	0.44209161166585187	-0.17195764570140845	-0.015540972520738142
DTXSID8045567	1.956282268989719	3.7011903844910004	-2.411911355490418	-0.5576615167136224	0.5649194455704595	1.2002949734092832	-2.3010660026181116	1.785336029697276	-2.5895136432282704	0.5480018074653791	2.041902614377696	-1.6715963397306226	-0.2685562066911235	-0.18746291512161625	1.818451216578758	-1.2373134035037692	0.9079233793749318	-0.16107806454466655	0.8450121820133111	-0.3226391838240866	0.9982517605603264	-0.8528009554927879	0.9781195347841648	1.3921217882423793	-1.1449185371839274	-1.4089499801727685	0.7888507072385386	-1.3650062273804342	0.6912651827500408	0.8366261549338981	0.2067612284983265	-0.7064367809652252	0.4972074346113892	-2.1749859157899563	0.26004637294477456	3.805753285062514	-1.5552147653128319	0.9841971233477971	-0.9120648057308939	-0.0030305362996975315	-0.24817211860162153	0.10454580654311776	1.0230859112704362	-0.1698485294602923	0.3728073779629644	-0.000523188270476265	-0.037100492732086765	0.9908363727779701	-0.2951320722298372	0.4956359501642377	0.14336718515869834	1.0034163187473453	0.6310425552933011	0.44948332368047017	-0.48797590615175135	0.8900845354964819	-0.8923752303096015	0.7942991134336054	0.1202330138990007	0.9420025658958673	0.4256139234751555	0.2638881555219813	0.4925619784188488	-0.7007790329939375	0.33393949040834364	-0.9895713662677325	-0.08446854923714779	0.3753777973248805	0.5389878394852624	1.245809441462157	-1.3525411006049657	0.791707951502164	-0.3844839916304038	-0.23042070519087604	1.2198508782974884	0.17380583801850777	1.0526023734798466	0.12473545781303055	0.06495735081231929	0.33206219519940905	0.31569948668634273	0.3649329739569833	-0.05233909693676781	-0.08326129364614168	0.08321260963849643	0.06846924398744583	0.665651640786676	0.02732226755651166	-0.0017833430702097648	0.0673465698667181	0.6265405389392871	0.6065494362186099	0.4744030219762737	0.23997757667708974	-0.8387713486005715	0.027639427746149976	0.5986772884820941	-0.07896429806646314	-0.2134522153298337	-0.09940267893441848
DTXSID6022977	4.296222831930954	-4.2764934100465055	-5.636958373810432	-3.402203026636029	5.41954820658199	-4.309019698958238	-5.440537133473799	1.8292670867579444	-6.385395928945034	-0.3168582555943988	11.395153477356917	-2.3056963283667957	5.0380995082507285	-0.8258274993703579	5.655911513894184	-1.5850680506771788	-0.9021126209158835	1.9329042661985805	0.6383021076102199	1.6001997113879385	-0.498147249770932	1.8876205375376014	-2.4135420151041993	-2.183770206053529	1.6819323550478404	2.076843602902622	0.15122316468566124	0.49461493045894195	-0.9662534367522886	0.00539255944290979	-0.5340780088335354	2.148698195455369	-0.14947833079789527	1.7719620703385313	1.279085434589024	-1.956456224764153	1.5789174464167801	-0.7823550614165733	1.9089840512723515	0.9898290578335979	-1.8115098981277662	-0.45543364018884275	-1.6935640462128032	0.20966293145019038	0.2915692488571653	-0.3939711731847001	0.7963549505364836	-1.563946945175118	0.2408383951183042	-0.02135489292795886	-0.025579336773109793	-0.6937420236286822	-0.09398490857649835	-1.1210542959797887	0.8573538641271407	-0.591205669562131	-0.015044069191790995	-2.5531834862771983	-0.33500917744832875	0.8447447128095533	-0.8888088909408194	-1.0836740530111364	0.759243695097575	1.1845535088668677	-0.08485743362053667	0.010180140695734348	-1.3838650644353618	-0.1203115807537959	0.6098136889380491	-0.6245008298914893	0.30372562556348337	0.679561806943243	-0.49157985173672064	-0.7165847984507276	-0.19561483888057296	-0.1679498167912214	-0.2945568954526663	0.10726203851149904	0.14462361203728114	0.05891557407520823	-0.9148351282643749	0.7348982272677305	-0.7063042511675768	0.4388897426663713	1.7051023282989495	0.7321633316255771	-0.5066057127609467	0.7825200674963579	0.19297018644059816	-0.6582013820485928	-0.4252981972270606	-0.7248453496345157	0.17102261230072036	-0.6970439621171749	0.47937754118584586	-2.0929246620903124	0.29161875036399554	0.12569159560525972	0.6944431083878576	-0.5283933489952816
DTXSID3041744	10.76134289589943	6.972460295199252	2.1860544429245534	2.5142496222025454	-2.1525321536860282	-1.691782412605799	0.04060384478561935	-0.10553898410524538	1.654815507116491	-0.48138041088527955	-0.3341426446050269	0.3815028691091194	-1.8622167832584016	2.469058985374175	3.322780376987253	-0.07099041326344861	-1.7221840574475267	-0.24868797321185238	1.8673208863807782	-0.3384244468805984	-0.5049267759368763	0.633758653753633	-0.3210018257026226	-1.148404963061837	3.214608103443803	-2.0458657800714066	-0.6526841111626014	0.201570705113108	-0.22584557626723967	0.9256234789148295	0.26630482945088285	-0.0645334572259163	0.40594560770549415	-0.699019552806273	-0.14069180174371174	-0.5883336857920307	0.5357366311292433	-0.6426194545226034	1.9302333742207078	0.9758151276420889	-1.03236519876026	0.2056127942870246	0.3682270846453699	1.5804093776090944	-1.0355462918632397	0.5910318113755259	-1.3519044532215296	2.457885126027557	-0.640985682665294	0.39992316520144383	0.17987336416090313	1.537150695847395	0.7656739749664976	2.1206025817094956	1.127729219156793	0.8655198600080483	2.8733182980000613	0.5256966848236403	-0.6623731167511241	0.26359571320928005	-1.9697429766006957	-1.6875344355795414	-0.8438340298497757	3.2115161776255143	-0.26694248847030366	2.6304668354570873	2.4639530749454672	1.0717876912171076	-1.0596087950351631	3.5221225543154264	0.46678741517800365	0.015493524387585538	1.8262180783810584	-1.2789949506913125	-1.2111695501296973	1.6823862666050036	-2.118303599210553	-0.187447162114886	0.1080451156637547	1.4307591204232963	-1.8745560235891041	0.4715801886045679	2.5502014343586823	-1.0858453852558183	0.052775068717878064	-0.023797738418227913	2.419623856634951	1.5491322411397461	-0.5637538040062622	-0.6788278424367078	-0.6528103683041021	-0.85893847790622	-0.49059998919592607	-0.12470706493774439	-1.987919717984188	-0.9786405948682138	-2.325376714301968	-0.462667803519658	2.724092058683233	0.5490592690300752
DTXSID3049413	-1.1412760098079504	0.04750761225683587	-0.45769352417724285	2.171553691604973	3.8857328643121547	0.5862296615133834	-0.6025479668807461	-0.9841057371809919	-0.6071059695946753	-3.3446153455300998	1.4179404230954729	0.14908571328618123	-1.7573241456729318	0.16161679455622224	-4.196514066689156	0.9535194891579968	-1.5160830509430578	-0.8514494383921077	-2.8448110750762576	3.4220351481686127	-0.059637031371375056	-0.8360858552449836	1.2506917204203305	-0.8864777540898339	1.3170517261305268	-0.46788513465585957	0.8772346482925679	1.653259658074559	0.7549509638296025	0.05627723568929203	3.362118805733958	1.3995927910974966	-2.1867684478619807	7.27526325440185	1.110082524002512	5.6745496036770975	1.4368942807748093	0.10046645000150851	5.2568144835783785	-0.00679170004574927	0.7819485182001945	2.4991129946507695	5.572934928092171	-3.947552382219952	4.426425033835732	1.3573225583670536	-0.8539008821920888	0.6920452030684344	-2.4423302551011585	-2.0668616645925115	-1.0602628677272683	-2.46714245126464	2.211656559252651	0.730484738277199	0.37725313186983844	3.1178309654651124	2.3930094390463874	-2.085122961675589	-0.09276676597100446	-1.772918207556008	1.6988134544847344	-2.0047546899936526	-5.078782906213875	-1.0178337874451335	-5.9722491709422325	-2.6841779915811963	-2.1186290630495344	-0.4322076028129619	0.2065579886369214	-1.925290768398279	0.2685675379979095	0.8236811030949491	1.793498992047282	-1.018017603330705	-0.0949891007664313	0.94806176213258	0.7210095682609567	1.2646431559123694	-0.6685221159523912	0.7459351655326314	-1.1729353453450777	-0.6125242066863008	0.48374061895549186	1.1565831205230483	0.36467406729849433	0.2061139106900491	0.47962127056996645	-0.8172269243319563	-0.017807431633341118	0.7733556703947405	-1.8189701763576807	0.15510316428086415	0.48405556675408334	-1.0562013793952427	-0.4344077317078709	0.6901213607543779	-1.1582381575973044	-0.4664793489726892	-0.22765876946350744	-0.025568280160591685
DTXSID4046577	14.032927667202646	7.1942186898490705	-3.7726903254807627	-0.9507011720993438	-0.9991973745189014	0.2347495609775167	-2.304628537015864	-4.299441390438529	-2.3980267474484753	-0.27932813538505397	-4.337792350023119	-1.5883177196832106	-0.2924581088722092	-0.06682130901037199	2.1438748149107214	0.6611888324156564	-1.2158049401601077	-0.047036070994558914	-1.604170576279885	-1.0942676670059848	-0.11367281386601683	-0.579953867480167	1.7703751902258147	-0.7856630370736771	0.04644030377488347	0.7966495689974454	1.0637510536069197	0.6404962352188563	-0.08248365071395154	-0.06163887055786559	0.22965917290789617	0.6343758538197691	-0.34105926137769105	-0.7883110059569988	-2.0537181619935145	-1.9965219127031892	0.4880250994328271	-1.3685266750381373	-0.008650869443224003	0.2649529725898224	-0.4697551261689003	-0.8085103102374022	1.269147812158118	1.7868424413431039	1.0208275636541877	-0.9327808918944772	0.22618131460169333	0.23244555661856459	0.23814942499624722	0.734010873466716	0.22724305573952197	-0.3809679955991431	1.0637971149205179	-0.0872355458166919	0.6483473306263599	-0.43412695249132727	0.3863761505734573	-0.6838372431681055	1.073222788705791	0.17117745629971387	-0.08063649016274264	0.24199124589477056	-1.3016653930691626	2.2260113385018365	-0.47097656895994017	-1.3072033979228173	2.3165987130114263	-2.2884607161553587	-0.6539844203989277	-0.25205229675845386	-0.6022020119851894	-1.6763739874712174	0.11449980214036252	-0.11230133373073212	2.626189344391019	-0.10147979276233442	0.02775259203356332	-1.5700325770874233	0.7712818297708915	0.2610820845833784	-0.39676111902969324	0.9050496053341132	0.9659546743954637	-2.3471652812455117	0.773064161737843	-0.9149988025099978	-0.26935806589661837	-1.3366674916791832	-0.5021229688470984	-0.5022863112029076	-0.3064118597178291	-0.5664080757374496	-1.8661757348681771	1.4840984203664558	1.960996013365415	0.3087173099496208	1.3388649115861346	1.4079189201951852	0.2220432986424796	-0.4528348270781621
DTXSID2046256	-1.422713199210064	0.45247918503698653	-1.1005511450207093	0.7320541245918265	2.749973538762471	-1.3028459121948186	-2.1710744975741454	1.0459046656472437	0.46322064937694524	-0.7715021604844303	-1.4169521476831173	-0.32164590293476447	-0.13641483099103094	1.4329981469868782	-0.603869913573431	0.2205421664848121	-0.21873976231350453	-0.31581548975814605	0.452584234341572	0.278783992253986	0.49177407815452556	0.016649115356289535	-0.13157737609461562	0.0009522276355419446	0.5130078492562072	-0.6896115897039352	0.10013910979666478	-0.19893177480015176	-0.04005466551219124	0.34371298433107184	0.3451517041180018	-0.5433494879289281	0.7648524499579017	-0.5769134215638295	0.46350483161903383	0.06931196250646204	-0.005403915565054476	-0.646538878265	0.18242815679239255	-0.09598855040084447	0.7356655137572137	0.5515360614406886	-0.4731696947267124	0.6213788679025747	0.02285724522524577	0.4553320257975467	0.18853102360563936	0.21947426985045412	-0.013609812957835046	0.3643192605121558	0.02883992305029901	-0.0955589514979404	0.08657029520061621	0.35584273710368425	-0.02234498667045166	0.027414300251504056	-0.04993784016229562	0.09136381299641694	-0.4438209553933917	0.48183478606395186	-0.6313786545624742	0.14229921319478062	0.30334992913740716	0.11922752640697862	-0.4017996532430188	-0.6592695816406486	-0.6133049398395397	0.40599032571982296	-0.7598519725622715	0.3673242990819641	0.31024964865772003	0.5457359701146814	-0.5002351449890234	0.7403040493206268	-0.6882757545906989	0.02863527110871926	-1.3613963955486545	0.11712566293256957	0.2187015520432985	-0.6127733353736438	0.4015852313628547	-0.4244024997699922	1.1374093525537075	-0.24312506024059205	-0.5077967699973391	0.3723745584354772	0.8957694412713847	-0.34103796609943715	-0.6293382395405099	0.015294191587413096	1.302319933873959	-0.8008134488927225	0.006985314451375093	-0.22536086853569204	-0.5737387305658662	-0.19275452490915845	-0.14288838321548175	0.12600409145824615	0.1534829124436872	-0.07576433017249055
DTXSID3057648	13.539535147943404	2.7300355280278916	-1.0053425890948156	1.9695253105704784	4.625513030884928	-2.8479339296673274	-1.8250612926187295	4.681295897883139	0.6383950493379956	-4.084937062618937	-1.6753443217874715	-0.851829945355769	-0.5718760575065028	0.4476998887367565	0.11845515763058165	-1.776201306407026	2.6222109793211485	-2.553615263693939	-0.13962393702751144	-0.16027072423649008	-1.2266880025677458	0.8118858198910139	4.199564021355256	-2.610983709300271	1.6202257567104148	7.052867662013832	-2.2302804041401143	-0.0385948071409266	-6.773366083764732	4.7932075058283665	-1.1614161249850072	-4.574649922873278	-0.931088994162311	1.6327164861651733	-0.6485557018807223	-0.22807827503293934	-0.03404817458720655	-16.10432130512296	1.5268317527284434	0.5780039647483315	0.6299957345227796	1.653025861407635	3.3731999687325294	2.265065677376366	-12.161758111326915	30.36755930572443	6.553696394571058	-9.302359005680923	3.9235148983391483	10.935778014164052	-32.940962420879586	4.975234546186838	-17.274998500433856	-6.512027057915338	-18.162114480326103	11.752154855308664	3.308314746923776	9.217479389627195	22.2069793198337	3.0422495178758777	0.5303943459171112	-4.518107282956014	-3.0547268932621967	-1.5411282904788555	3.331636852511978	-6.5459391795722	7.811622444445186	1.6958487212079716	1.6860517522332623	-1.8200962458224874	0.6624423764372076	3.7939137487633507	5.8457398527860365	1.9685649889101997	1.5097916237859261	2.0067793866379655	-1.9602650774410078	0.032530914198270026	-0.6891499181614917	-0.3763545061905162	0.2452838319537407	-0.5401408235597766	0.31701038898866096	-0.767348585366686	0.6385917696917881	0.834709826234046	1.3674600164652604	-0.4617203976895992	-0.5102070532998676	0.05710885428306388	-0.5099991685365246	-1.5902918669299628	1.2457362510583925	-1.476061884168087	-1.1878527523191897	-0.36374804824015783	0.7516850000274471	0.27883214032674253	-0.9434793439038174	0.2181226629486836
DTXSID3025706	21.765419867230754	-3.277864931605513	-10.02626402424701	4.2786816499355025	-7.377564421609072	-1.4374037340153394	-9.48316253918161	-7.889464522802958	-4.577503821268389	-3.729160926986467	-11.084095741624521	0.5079933011427087	13.603493413935288	2.2149736125942145	-1.6479622334405553	0.3661334629668869	-5.070247885943893	0.6440152038736133	-3.9127518102775816	1.0425592196914437	0.2258937339551282	0.6180548361555424	1.020140990263751	-1.2302066219848535	0.22718497050537537	0.9143643951829472	2.601161794642102	-0.4861168018148779	-1.4135851035087528	1.111472263172021	-1.2503620106732911	-0.5954602271263701	1.7242495651284542	2.1771315205993464	1.019299460827236	-1.34713340244927	-0.7494146251723323	0.22904723437952199	0.48722906964692553	-1.7695351405638535	0.306026517190239	0.9328898331957145	0.5303184907223978	-0.3828626316905591	-0.269476601253228	-0.17203518563798656	-0.15447349092518503	-0.07133855240542952	-1.0360160177790931	0.07552268099838827	0.42113653232495574	0.11652765963687223	0.6949502650127887	0.7045782923112629	0.697771390842634	-0.11911194306106564	2.413337686915775	0.11400569189094342	0.46256245835174375	0.08593393135355303	0.2071959297431552	1.013369955719169	-1.5376288575085768	-1.2999446821718577	0.5702951983711674	0.9980376028269673	1.3811345521162026	1.538361698440525	0.6736487974377268	-0.6379471933730974	-1.6035706075313987	-1.296566353860339	0.8245687306949584	-0.5744504745758164	-0.7618912137978344	-0.35565366800887505	-0.9642396831904904	-0.4231786652025061	-0.3038876152106565	-0.12297037770057816	0.9022927161721641	-0.49225199091100924	0.9855602650818857	0.3147487175508577	0.014232470946785111	-0.0061101310565873585	0.6079810749146206	0.036799007349512615	-0.11738030650831252	-0.15007217825133196	-1.4190711152301434	-0.392616969393422	-0.7939475499227974	-0.49826922777198246	-0.637835082988626	0.005332131601288795	-0.551712999866705	-0.3843338508430588	-0.3516006029392288	0.31094373229017214
DTXSID8022749	7.333704115459542	-0.5357347350154748	-4.624803130641349	3.419182882154205	3.830606639191727	-1.7270307511709602	-2.6496972868626125	1.7179164842029169	-1.6742388263791186	-0.15603202438741653	-1.5454288425589773	-2.011037568444226	6.745755181169317	-1.4334836102726733	2.4811641278199104	-4.281476738951551	0.7574042739412323	-1.4066602573463316	-1.041997531537655	0.682358014591221	-0.725033039593887	2.0434054230124357	4.561338184542555	-3.0245540146945724	2.226762321787484	8.091892089212623	-1.2158224269769768	1.127204776497355	-7.139261225392964	4.920532646447397	0.5815585383700498	-3.53808494813412	-0.5635480282718384	2.3168225694157925	-1.2131819131288966	-1.3314081823642105	-1.335036480749806	-15.850047242695439	2.2635238101257937	0.5636348705051182	0.3510154736737104	1.4467398764853545	3.3011096585403217	2.1112499966167024	-11.732539277891789	30.48233410722736	7.156119980883395	-9.471575973085034	4.035122541012602	10.561503351384564	-32.97241943055406	4.761930228168775	-17.398966357697322	-6.165258391677808	-17.62327647697343	11.09924156230768	3.863839140520703	8.435028167008658	21.665727715104886	2.9743325590681025	0.8015332230062883	-5.412959891075354	-3.8329620006783154	-1.4191186149423707	3.646884958749605	-6.472295183164645	8.248279026172417	1.70258627387085	1.5793629691963755	-2.917057310316384	-0.028864000861007752	3.4019679137599557	5.823469098516212	0.5588330583633611	2.3198942240690843	3.0857080145787728	-1.0724906412850983	0.8195024848646848	-1.2248061389858378	1.1302288947187586	-0.6404748967455564	-0.33165829345080644	0.009683287459185974	-0.21731178819790317	0.9377213179179633	0.15140323505825573	0.2554104550658046	-0.10894257518227835	-0.6225975651921224	0.9121799851061105	-0.13294260934023602	-0.0777363685392485	0.44658129947273084	-0.6511321387528204	0.11478830067496028	0.5658650925760009	0.29130348963048464	-0.00735618524357594	-0.1572454643885005	-0.29898415897802477
DTXSID5047328	9.381698957273628	4.098064807365498	-7.8990668065134155	-2.8778987123360342	3.2546021839866874	1.8577848357505993	1.7781201776547602	-3.6587914472640835	0.6886158852916455	0.2662327861216543	-1.6592627594253642	-2.9779108490148065	-0.6706084513408862	0.7670253057636938	0.9651066571441915	0.5967158561666106	-1.8108428613750762	-2.2413960401055166	3.1504161882531316	0.513429942462051	-4.360782615165464	-0.6063004134153581	0.8477758050717626	1.2681217631819555	-3.789944277989668	-0.6731556556923889	0.8239907452190807	-1.233471853694337	0.4897693612689423	-0.01644162208972022	0.9644486109817736	-2.426554249887176	-1.011867203413233	2.3722312025673014	1.5101047953651636	-3.1373224684677457	-0.08515800923712886	-0.32938040210673114	2.4077737379719677	-1.631165478367939	1.9730371006169427	-0.4827115612126311	-2.2612505235846165	0.028259317029897632	-0.859999746132489	1.2230950401967597	-2.0731873743795624	1.1090506836914231	0.6102872058645444	1.6157747325225644	1.0657452822897773	1.638518299164929	0.2040140585663567	1.320687273352687	1.5125481573782042	1.1936916198933214	1.4059849064920624	1.785791301488555	1.3945868802719856	1.0153200253244532	-0.7002578485375737	2.8748242938051476	-0.6072929914957481	-1.7142688547107119	-1.1740168675577243	0.48422616235739563	-1.7459941972688786	-0.8509671276459666	-0.5626868214064222	1.6981999386472935	0.7678917119472546	-0.820582918925109	-0.9127228425216506	-0.09878334324126431	0.2098290530134323	1.1607989020116527	0.7795118466472454	2.0135614958662957	1.3801344519995924	0.48729120052595487	-0.356176485306169	1.880669642157657	-1.3676549917021812	-1.1285694787623621	-0.026299232792672503	-0.07402313793613767	1.5921225901601617	-0.2878452230382666	-0.7036627126997421	-0.970063970872431	0.7628337831400257	-0.18480548711066935	0.3837620768384413	0.3779542927698177	-0.6212678222920147	-1.7583233055335667	-0.30550838846570866	-0.6630004584962308	-1.463555578309429	-0.5123857385851193
DTXSID5043897	5.358998943262667	3.080238505574286	2.9185309530728536	2.2375063499019254	-4.290333339031668	0.46461082264005193	1.0784480169576183	2.1632399346789377	3.4171986720548255	-1.4859573547642766	1.2282470551179203	0.19086247003079007	-0.6922349616716785	-1.561582405985356	2.1505841356086997	-1.4805009373528306	-0.31705347931612793	-1.0148334131647134	1.3225761262273488	1.7971964114922414	1.0717270795022127	0.3244414963579654	1.759964264362646	0.3551353966249023	0.6526563069629764	0.795418042799695	0.16173953394898397	-1.7340814344653468	0.5230562615630431	-0.21268445313499756	0.6375613719370337	0.5857845360965304	-0.9646718849560197	-0.6640766274804886	-0.3054638846777274	-0.25042537922011443	0.16016522677481307	-0.3179444318404199	-1.316834929725723	-1.4879956616204038	0.9359973077897963	1.0200767947745213	-1.1704115323969986	0.4299815956612204	0.025824901410709616	0.17477467843819416	0.8543934626459271	-0.2235720548115619	-0.2664730782989766	-0.434358209958664	-0.0327661319198959	-0.1811083882892719	-0.2501257661665854	0.05519901337713678	0.2959072667930483	-1.8606563962586686	-0.653930937073604	0.786105880027013	-0.9515222722859458	0.31487708866927616	-0.2436142257557842	1.4274906993128684	-1.0764690357731619	-0.7967975609543851	-0.7573594747944785	-1.9722729995763089	-0.40397675338689687	0.1435614272881157	0.3812590410209727	-0.5830175501411969	1.020671779609411	-0.022001781034454007	1.5776322605029907	-2.1373834709808417	0.0736116408091021	1.1796970158747095	-0.25863958586945635	-1.0731183586995197	-2.717209668196004	1.7650676109620385	0.3746676830870923	0.08450921355239328	-0.2871738680174667	1.3932734117166636	1.1473443975526199	-2.9519499672564185	0.3358293295966404	-0.6002861035320131	0.7960707386111394	-0.8051428640920175	0.44379978852984436	-0.47387248198234866	0.4217365429017272	-0.7646948072187968	0.41700245960201143	-0.5024434543040391	-0.03509589023155183	-0.15030759430463098	0.26388009486482167	0.5250059070142037
DTXSID4046608	14.054090086101068	-0.20227227878570997	-1.760190826098436	-4.248668392266784	3.2011688215775242	-6.599621752756419	-4.601577727925233	1.9636095662786055	-4.6673337997442985	-1.5254298970182707	8.431817584551146	-1.376366312825805	3.4056466163530037	2.0119575239934653	4.615186953569046	-0.6776260931732679	0.23337129071091617	1.9772617472738834	-0.0018030007873712348	-1.5184962969910207	-0.06131870941266609	0.09698660282461677	0.35051915957224206	-0.8104264954256515	0.5753661818272422	1.693096442095965	-1.0084657211885024	-0.40495346163095663	-1.3623569138079028	-1.1957934957910958	-2.810506790973801	1.9733244805575294	-0.018095518012361134	2.1133090300493045	0.4262030989706931	-2.4658826122732256	1.338083500604854	0.3170847800804944	0.22745017003750065	1.6215224272783821	-1.5632129274737416	-0.12318024942250495	-0.3024160591091161	-1.221071149687091	0.02373727795010929	-0.4291680760938881	-0.2777231858685254	-0.7797327400462427	0.3473020259878743	0.21136206641148247	-0.10443020976654467	-0.5309008760883089	0.6695946069704755	-1.0312685086399447	0.45837864884188717	0.4321322492300089	0.700124225861373	-0.9670515568514535	-0.15478678027571696	0.2974304681159966	-0.1525351696194416	-1.286469850409194	0.7850915085915502	0.5772081831324553	0.5842591034329253	0.02913178478613176	-0.652415748128461	-1.7656459134254434	1.0403667337785076	0.6357213581623337	1.817274272740156	1.0262687478524257	-0.7928106096637734	-1.0215189752068545	-0.37162544402353836	-0.6438715384940633	-0.2119638325291409	-0.2027938196656577	-0.7516374969661411	-0.42980936923683294	0.6496016816043136	0.23379484539963163	-0.6872907836548361	0.8826908850061114	2.073577768636025	0.5658852669027893	-0.3165402486385259	0.588118883672353	-0.5930018426618641	1.429522855916387	-1.5836655380958002	-0.18318391785009783	0.4498784054152492	-0.34040859988550903	-0.05190019466657521	-0.08797850794123602	-0.6853107867694012	-0.7649316714647231	-0.12055768565444054	0.6793937274716654
DTXSID5027148	-5.21670693221444	-1.6776074306835196	-0.6984640327885678	-4.635536014567912	-1.0481000756824093	5.36486142944986	0.08024905049177361	0.9370193634774268	2.1295809680055027	0.325287002850524	0.8874935852731204	-0.14078101834831067	1.0955875243860698	-0.2182587360695839	-0.6567205737989295	0.7391597556008249	-1.3465774734021663	-0.35219593807465543	0.30758987616995026	-0.19620719053003244	-0.38256694168848815	0.558037092057071	-0.35793295902772765	-0.6921265117158079	0.28842374563033474	-0.4544963773513271	-0.3081937934981615	0.330357665919336	0.05475542893090968	-0.020859481663674254	0.031564712386590865	0.4662270189448218	0.6748335210519174	-0.0240157099106024	0.702468786302969	-0.06366767211209745	-0.15031241044732568	-0.5752626446350413	0.07855775422660975	-0.14430987265896492	-0.005331766031258319	-0.005862524816781138	-0.28463752578678886	-0.41015884081121556	-0.08260166059136756	0.1498411709082741	-0.437485769007819	-0.03724044500233682	0.2386258228948848	-0.01090350559126067	0.038187545294250634	-0.2310016616563225	0.020495336585699655	0.03337825099383338	0.3517652950997925	0.33201797199245275	0.06605014443534798	0.4622531611030039	-0.21023186808576327	0.2043130504432479	-0.8760728937644332	0.0751193424174447	-0.03660461301470025	-0.36133581898274303	-0.23942480763272211	0.0970652004869101	0.28141703043499494	0.2007820758704877	-0.2300920906315385	0.3640090212393361	0.1826081812904011	0.35908274839503046	0.12290903441887914	-0.07471898981110618	-0.7620829696798999	-0.2895923050129352	-0.0865120445197998	0.32143187730988887	-0.45144602882426665	0.4713156820512121	-0.08466805045800971	-1.3897044261485119	-0.4040749758306176	-0.846772404816138	0.169742622814231	0.5065432005500995	-0.3907497493400639	-0.25979387469752496	0.09226171094185276	0.02093921375952497	-0.14157913613415424	0.5747059685941185	0.7235970582605401	0.1315360682850933	-0.2716702110132719	0.27861526943217924	0.796913971302076	0.7651186376190887	-0.31970709267186287	-0.4226324538518923
DTXSID3045562	10.786398039868194	3.157086147424822	-1.2290938738042076	-3.0370934988942917	1.7429474041484394	-5.02785267469088	-3.9373960547865408	-0.46207774167613175	-2.8315158596969967	-0.3060883797055501	9.853483544038006	-2.4062866572288124	4.503008098676188	-2.225557529317295	3.336973499641553	-1.6841543842990723	1.318706726987837	1.5901909855513394	-0.8450080112378671	-0.3733252901038327	-0.2538665740201414	0.10352391123805968	-0.17015262094614386	-0.6202632966183014	0.9329083199790524	0.18054586287758181	-0.15545113724835047	-0.24853178015608415	-1.3397730203191174	0.5666851218246953	-1.6375442982905049	2.7020803216198535	1.6154037321252408	2.0324920624858924	0.4467933263189324	-1.35854874122115	0.7950610566564476	-0.3412469545647188	1.1733402486439937	-0.5682190898150402	-1.141610755565027	-0.060434267835745785	-1.6738834107749392	0.01007975983495326	-0.8674099820861424	0.12061337494058408	1.0411580124993722	-1.1402725036116126	-0.15175161910215493	0.061749335922358595	-0.11240969373522883	-0.37643653123412324	0.24928008384592096	-0.7393845873852026	0.7706505604185787	0.17033590988808628	0.36124511724128744	-1.7782386170885025	-1.2275217437051629	-0.02511070831861277	-0.1948357944180026	-0.1845152148204101	0.5816996221656646	0.4188061879749298	0.0777368854000863	-0.5937858225899059	-1.0435251887530732	1.6355466840642412	0.2778412041487775	-0.42846078037213114	-0.5088468229162709	0.8918111694304355	-0.46079634179399803	-0.49729180911242615	-1.042338320865549	0.23403377893813665	-0.49206309862255265	0.7278287431663822	0.012258005358629372	0.16000274289700114	0.2594618436803171	0.9922923277745024	-0.46956708279053994	0.8758607656278184	1.205795982885845	-0.10130198263597362	-0.48415228792336645	0.6000226755662614	0.8770635761441026	0.6751568800644474	-1.5977574566833124	-0.5888255129493148	0.4295157081806604	-0.5344119082004307	0.8430925567128847	-0.5302088633605635	-0.46559088390794495	-1.1295921236619295	-0.5186137468246901	0.8832280805553916
DTXSID7044689	-0.6941430178373301	0.31835030196967523	-0.8125044701205273	1.446333953047798	3.0822328113155115	-1.0076258783177887	-2.3222488564464623	1.1692610997676232	0.043383708272716516	-1.04754198205483	-1.4906757306471168	-0.39508745090875125	-0.4429385593715963	2.5702031122475835	-0.6869876989660892	0.7945367333850787	-0.6672025325905607	0.30680760280896924	-0.5457705853976534	0.861649433855434	0.6369608902533438	-0.5039886724951048	-0.6501776576395141	0.5480264507217154	-0.10695225688403247	0.17618666581748785	2.081069825451083	-0.5110995027543549	-0.30753828860202	1.4259247690265078	0.8603709206010955	-0.010775531725203898	1.6751560056384207	0.4694021550491461	1.029774889400905	1.3052024335088455	-0.1351725387688692	-0.7289671769901002	0.4209630606659576	-0.17709311170094494	0.7331085533858264	0.7493525047651609	-0.6171983497440491	-0.2152279495843639	-0.40660621852914486	0.28045171649532435	-0.22941819200416436	0.14049772555808787	-0.3595280907873166	-0.1506761135921007	0.033612181046249	0.2140726842400826	-0.32237015958382886	0.5565616126385226	0.590574904188844	-0.5232393241357266	0.6893492237782167	0.5320744347452976	-0.271126685980482	0.11295786216503738	-0.41916413565439253	0.15559592172212358	-0.48249770601565717	-1.3533773364987656	-0.5634634919941557	0.1993640152078209	0.02927213723361574	0.4542866575890576	0.6441325884517876	-0.404507559987912	-0.6195570815364735	0.09154259035716203	-0.5425558417905904	0.49228153064192376	0.0006320736932501369	-0.4812620345145878	-0.48868628805332226	-0.49631120879814844	-0.25437206007988117	-1.1884304687688574	-1.1184699356702974	-0.04315243675738182	-0.22377869324638963	0.7205875281592548	0.1924820600686499	0.5663213657657067	0.5941188101139458	0.07306919311391366	-0.573916884928515	-0.24436356943104967	0.5270017270124949	-1.2362108897722142	0.06765264705408637	0.4752517390499054	-0.13198144131458947	0.10181394559636817	0.5241798709963654	0.02227957741498178	0.35730021057926165	0.01972904382013068
DTXSID8042260	0.6097980641397933	2.9074840794249535	0.1237547558444901	0.6604980577945431	-0.8234532553718883	0.5115858420688904	4.429354890772578	1.9573885975445073	-1.4242256237272233	-1.7504994677332952	0.35502541571551927	0.6138992718958148	0.8424207639644572	0.39785565586176885	0.1630630337423838	-0.5145471578497646	0.3660217904156863	0.37451308858403515	-0.7496920834160291	-0.7690856264477479	-1.0907177212821786	-0.5759197535033238	0.933263873333791	0.13643417132989577	0.11646505933223268	-0.02397970271982801	0.27020197134279733	-1.6293817337600347	0.8821881872947984	-0.8933191031794929	0.4579953281045634	-0.1095834772262358	-1.1767361838008703	-1.036624962719181	-0.4998732453984225	-0.4337212019661119	-0.03397888293857117	0.30073539312779196	-0.5918503264894184	-0.40163069994565226	-0.17486221386403508	0.7141990446328229	-0.7748227447358677	-0.5427536414365481	0.14754583947837807	0.23926021046135504	-0.3292286606938226	-0.0334291175235625	-0.2107383769069875	-0.11425378408267894	-0.20201126730533348	0.35345344075411606	-0.22678582492820568	-0.14236396651521027	-0.2903263998999212	-0.9591202049304931	0.2992855084505664	0.3886789489782031	-0.5069976049700918	0.5417247136155549	-0.032582048945282084	-0.1987808840810437	-0.638657163817321	-0.1798649316270399	-0.12176324635993968	-0.011078252207109411	-0.4534690760614784	-0.5776951028230342	0.031239451308998616	-0.8486039046717208	0.7089530938408732	-0.5435676640472746	1.1957755369160743	0.1617926651336643	-0.437779352552405	0.32808236485171544	1.0251594218551017	-0.3704737792195187	0.8678024757024153	0.7325191495760445	-1.1531348228961875	0.13555057924708905	0.03957328292960904	-1.1587618504925319	-0.02931269936408683	-0.22354888689792954	0.01491526899885918	1.3316032868007073	0.8872076407837642	0.4994614264123476	0.08223249135740632	0.3127693760448883	0.006037100222058205	0.2750650556243221	0.23692447857455604	-1.071738308802466	0.7138732534761685	-0.3474292521302464	0.22937296220467232	0.4888575112150323
DTXSID2048828	2.8479238908403532	0.2435785522118246	0.07353969783590289	1.50468282948126	0.33451701076881524	-2.082870886390449	0.559453394157723	1.1306380622621375	1.8454334815309428	-0.7847106421836856	-1.6948138090693803	0.9377774795093547	0.21584683588065234	0.9684222238108828	3.7274194457746015	-0.485718965278794	-1.5590061479830812	-0.30635641421201454	-0.20728615434533418	3.7860005013705282	2.63338579850211	-1.551768275764155	1.4935101103099653	1.7312202797468232	-1.2470571636075338	-0.629500234993157	-2.573131785118553	-0.6421277405558039	-0.5594841828506316	-0.5498312675916562	0.9920164464006254	0.11273854361479942	-1.5039666830878564	-0.15751256852845086	0.1209454052017086	0.437645610733007	4.041532800816256	-2.791834177165089	-0.6103459764335637	-0.2096146179500998	0.22624874733948208	-3.017867289217956	-0.2635463321004353	-1.3195164441764695	1.9462478877807234	-0.5845302300522734	1.9177956286604294	-3.418967694689308	-4.166359466732021	3.745577431459852	0.6198595718763154	1.571536874593158	-0.694648218877055	6.141514288327956	-0.3480127283688029	-2.837107020301212	-0.907171384088283	0.5055965239063929	-0.1835428981672125	0.0912885383003464	-1.034846571818458	1.403414966896712	-0.9772502299471109	-0.5389090520183057	0.5921442190887867	-1.2622789532521659	0.3531916099718512	1.9446975975376473	-1.2618684475776416	-1.4777062216028742	2.8667690842360645	-0.23930536050544007	-0.5751375269697108	-2.25011157803549	-0.547127327662968	-0.5331164012310036	-1.0169686032960628	-0.10595414508674299	0.6231258804204749	1.1622086107364498	0.16951953655595337	0.29925446504053793	-1.1146718250939647	0.6860838942082716	-0.12172149107001994	1.0794177197586547	0.78016191980021	0.4295708898628794	-0.02141330733303411	-0.35459666598030753	-1.2142482726422308	-0.5274773409192223	0.79938278459968	-0.17890036980105667	-0.48229180905196056	1.1193936217631397	0.7162216036593844	0.35589962548393367	-0.11436334304713568	-0.20833104515597384
DTXSID7024667	1.1106528368257675	-4.553021480322791	0.7861248267329826	-0.7829763596970243	-4.0102403311662655	-1.8823454981652776	0.3726763613593731	1.667405519091026	1.8949108339096743	-2.3797848984985035	-1.1617765415690187	1.0846072118832968	-2.005207336580971	2.2680469381397064	2.5952808364931466	-1.6223347944773068	0.5233305307956699	-0.39572046403588323	4.333805291886971	0.4782747358960867	-0.2505684676682145	1.747329005609932	-1.389622609367815	-1.1896199243064418	2.9522253691103786	2.737657947402578	4.393230314878256	0.060062782650400486	1.356549041973313	-1.420526911323793	2.200936444299471	3.7482659595066683	-2.138890525833	1.8653741084889197	-0.1975264367880168	-0.8812462109567263	0.052586466901218876	2.0235038006685877	-1.1940519421831093	-2.3773293314029327	-0.5323517346665154	-1.305574056076775	2.8139402409029466	0.5726585996784491	1.366409055107971	0.9995787600153976	0.6895141052963398	1.1533469438897417	-0.00266731074651967	0.6017370537328537	-0.05998357867812789	1.7210149606700358	0.4389386356982669	0.20561819382026206	0.8705368741304848	-0.26552935955624835	0.7051263191924565	-0.7858607030298953	1.136424994724108	0.8393498388870465	0.776682926526081	-0.12745056621583642	-0.01286591625022789	1.4090128705571587	1.1459279250971761	0.6762035087561772	0.9929271355308807	1.0616538760795684	-0.14606163966229216	-0.9837141618370018	-0.050955498262809235	1.6592930942621167	-1.573295349134658	0.9842701296775437	-0.4929001979113147	-1.5735745671179209	1.3245342064447685	-1.0747327049996147	0.8786216842541108	-0.6321881468441932	0.03079902105742316	-0.49805322416062	-0.6206839758893304	-0.9312561835331951	-0.6356881924944984	-0.02025128074301419	0.600707334007721	0.2865354757764361	0.013000328475995488	-0.07495843196642979	-0.019272582667497918	0.07273848961686102	0.7334982095757037	0.47693978294400735	-0.04191969933989555	0.3740145515087279	-0.010969907598068318	-0.2926143274312102	-0.21739090146718168	-0.22355507783054762
DTXSID1046637	5.438356569012424	2.9803603463911927	-5.563019931339955	3.0577636218454245	1.5271171805628416	-0.1104301128360824	-0.35995096967710316	-3.225839740880999	-4.297419054247376	-3.7952004449288834	0.5795170241275965	-2.955930593779995	0.258446786302908	-1.9796130039442372	1.4579523552225322	-0.7080259683900921	-0.9734757335152011	-1.08663225549133	0.8988593062942678	2.6078463227979225	-1.5719434088587174	0.24534846623051898	-0.9207932258265463	0.3449457885360037	-1.024251200171735	-1.3666509267574662	0.5269489350831716	2.140937942590409	1.2503577533397674	0.2088743327227901	1.8011172448479444	-2.2231236967731056	-0.1162929996020614	-1.412453223538038	-0.15429425720319356	-0.06934411374325067	0.7194252953387387	0.7573473917280226	-0.517980580300319	-0.6640062741674249	-0.0941118248046089	-0.16993494021981642	1.105244985878735	0.15454917049160444	0.5516654090814052	0.2201015066044978	-0.6298338790825123	0.5632536616447836	1.1667695096147712	0.9280764016593268	0.9453408344421897	0.7520035223562906	0.15272894252650757	0.8051621569412308	-0.6948714829114341	1.3297498837812851	0.14391306781110683	1.1884486578614675	1.700748016621329	0.8848382425540224	-0.884360386800338	1.1124688507704332	1.0491415407551166	-2.3554508712789883	-0.23157047153887517	0.16838640830905008	-0.24099614657242646	-1.7776686104240942	-0.0017413192382844537	3.634138843656024	0.007660125595362617	0.5298285821171363	-0.5845938684315405	-1.9368134536471013	1.222644335107739	-1.982610622105962	-1.423410408873988	0.1699039483502975	1.4948203947657168	-1.445568341253247	-0.028944946243288475	0.6994696394922625	-0.48534517986438414	-0.37901684338471536	-1.3051275765085468	-1.2808127732762677	0.27161721182773574	-0.3405126763821378	0.7158924543258278	-0.7254274744733135	-0.2950973456239593	1.1147071191315008	0.015039260958687696	0.1053334694425635	-0.27031359122050125	0.5375933030719351	0.28051815497633903	0.45642249177213895	-0.14899918441453516	-0.3465118758950067
DTXSID7024370	-5.087171178813793	-2.261746287966324	3.6752256596722206	-1.093482282740586	-1.0953817793653156	-0.03355840203265178	0.009756525681294127	-0.8989878294238134	0.9509531184875147	0.8834349935432413	-0.3132793829313877	-0.19116867325038606	0.3836199592103549	-0.859035122300389	0.2552014300054003	0.3744491568261496	0.04263722617001057	0.4819751944782732	0.028323616526510734	-0.38269989499394375	0.010243556144892595	-0.13433481693931104	-0.7528379015209449	-0.8013758915557425	0.6166300229248187	-0.840402548614769	-0.8056487393784639	-0.5967930148596412	0.11342892634585774	-0.11589939890948382	-0.11674049033877888	0.42668231183581345	0.6401764227905317	0.3209153115555272	-0.2993467592160279	0.4659477515667129	0.14999399437675176	-0.1759559324744839	-0.415539370798579	-0.20993999293232146	0.03583672512573524	-0.3629988103257212	-0.6409790053713055	-0.8441983475934535	-0.306732221285807	0.25819011128762115	-0.5709570909188023	0.07411889413067158	0.23658092097949754	-0.11045154928679995	-0.11682807356548482	-0.30181546822252203	-0.2251977169379293	0.06397650317203857	0.12273088126901424	0.47270733377928775	0.12867517984868834	0.3367321409377131	0.06025679911633382	0.35480925191896756	-0.4113171273174028	0.2139851261722755	0.7797090460222184	-0.17476009799505124	-0.4543833151972319	-0.030643586390133235	-0.4738318980055636	-0.004753526895871029	0.11961146582692879	0.870856103191598	0.42428610457215493	0.2488270724982171	0.5287647691056953	0.009378294171505742	-0.3858934785751738	0.0720780955565124	0.19970975390160728	0.04213371289454543	0.19111476022374405	-0.5670803329710976	0.2786489964711373	-1.010920012324927	-0.20479535674820107	-0.22931175285943214	0.17198116653643897	0.0012860053086042249	-0.6761709225872908	-0.3856438419334693	-0.5693217188384624	0.13213457829474257	-0.6338571093532784	0.4305048065062117	0.4014285708855573	0.5059254810028818	-0.49519507960806275	-0.13686011359825845	-0.0013121089771929765	-0.018427324477118506	0.03975748056530868	-0.4050064534183562
DTXSID0020442	-2.1618778667943177	0.2602852392618674	-1.5686478361538454	-0.17150610465876753	-0.4251628357481461	1.6878894390719528	-1.781436730066001	2.076346212363136	-2.7511217207379506	-1.2925797863047646	2.065780193301998	-0.6548712009026506	2.175206154445487	0.6722249720000768	0.8869296005951204	-1.7775204489337384	1.4313174164116418	0.5008789943803023	0.10179406447921163	-0.16364231669337445	0.9090845193743256	-0.6987858805637176	0.03771835387295608	1.3795478594692427	-0.3848824549950594	-0.286732978633734	0.7860145318569506	-0.9437322657713825	-0.20434410627367253	0.5061951956985192	0.4243991288210378	-0.043491406543854305	0.5198979470721685	-0.04534712631168881	-0.030265408879249077	-0.8186608436770201	0.5272113861188163	-0.08838875627715508	0.7964782623244681	-0.04796696941845219	-0.6137030812570391	0.2537727838916426	-0.6953365373505616	-0.36186934029755635	-0.18874787110395377	0.12211220891167524	0.34047776716734385	-0.1469302579124256	-0.060847536763879585	0.12152742077308655	0.03584423710428428	0.156464680845924	0.07195339271805413	-0.22934064947829721	0.3411814182455471	-0.23962802410581263	0.6749911550404228	-1.0184894061445016	-0.22531146609180336	0.5847026035097161	0.038139568002063994	-0.563565180392375	0.017058011819950734	-0.16743284408357037	0.1797665710010561	0.17590549389517454	-0.3070528711147342	-0.08125974393519148	-0.28221115052400786	0.09976044347972177	0.878594458404001	-0.0019135438513464467	-0.1559037133666866	-0.03875859818742255	-0.5937714673484372	0.9490204165012894	0.20980221551764616	0.817271163393809	-0.07142904019090902	0.3079145739575521	0.7021310102154276	0.5731665825627965	-0.03039764787141764	0.31246651732346065	-0.06294442815980823	0.04635646065769097	0.038532045633671304	-0.050752093675080774	0.18562467674047017	0.09133025185383452	0.23789690488392426	-0.24118856555624482	-0.5374634357737132	0.7026569970055914	0.26073305249232415	0.5912768265270693	-0.37903889754944725	-0.043988877368167006	0.1316610310765088	-0.23893619254378112
DTXSID7040154	-2.730957445041575	-1.9007835493408731	0.3944052138015932	0.16127925958595227	1.6271285207734691	-2.328381302354459	0.7352528632606368	1.4560919419746086	0.672369299748538	0.20924017791472851	-1.0066177874247273	-0.2517910155226113	0.5244644792080773	0.8664637360945474	1.5964832332179775	1.0946433060813368	-0.7444857531000523	0.6961839501623529	-0.47826530050519306	-0.9578835315736752	-0.26633704161398747	-0.3301444987986076	0.4697206811051804	-0.27223952273889185	0.16660633899878483	-0.15276792451546578	0.3115596695777816	-0.07391245095795489	-0.0438091826567409	-0.1664870986187101	-0.23494990311336283	-0.0704514733427539	0.08218800467734565	-0.31025245342163493	-0.2511708454222236	-0.10542416641056063	-0.13054411449617281	-0.4527686068355042	0.09397167694237217	0.04076114548126125	0.2511819507341011	0.40164887045703473	-0.50695587727769	0.2748435445700562	0.12763082659336314	0.2279282869415455	-0.31846169709522487	0.1450492524411299	0.15829147699432228	0.4629649366599015	0.05634328901938865	-0.007840665709522179	0.3264887482462179	0.13448541880576456	0.1701328937427707	-0.25106449993983404	0.18010899462236368	0.5719156520566282	-0.13324109917623775	0.44452998970305796	0.10465152789201218	0.261906914545261	-0.475634048575382	0.15675717598872338	-0.3969119215059558	-0.2798951396218874	0.18916335788349328	-0.23508287903468086	-0.13140249939962906	0.4862672318371585	0.23703948078266404	0.34931507865191863	-0.41254644696014464	0.6916595196466202	-0.13797096608535858	-0.09045880016639929	-0.8288978425168206	0.18707731467224592	0.2563192488676884	-0.7775375787050245	-0.29196229183102596	-0.049519457616409766	-0.018994505467233174	-0.4404883192226001	-0.8013008510922089	-0.19444818606006264	0.556820333433483	0.08401688903391315	0.0032284119203761404	-0.755548198054327	-0.8751340135062842	-0.26212305155286597	0.48433238875415946	-0.36112157841566933	0.7258072819628291	-0.1573079827927965	0.3452704834379202	-0.33048763156245475	0.47269880201563114	-0.5052172558133453
DTXSID2029327	7.071696515783714	7.106589245555498	2.4302476500838703	-2.9485338592202273	-4.6363417529337125	1.6419505838593553	-0.14998769040578183	2.8474614171533683	-0.9592207727291657	0.08651952598735203	-1.1585515985171004	0.5804154141699482	0.5160565890955279	-0.5911085344934706	0.7608122907554182	0.22000585421955896	-0.02705067060657964	0.1669185324163519	0.807683297701693	-1.6263065213981167	-0.22914451302992453	-0.9429256611629341	0.2944209885136594	-0.22459740046518997	0.1367747951535304	-1.7057819407765433	-0.23321315059358078	-0.3319151270090488	-0.3442803129947531	0.3119255528590517	-0.3404780536794775	1.1946783507178884	2.708956066675231	0.994901067731145	-0.19710291197184893	-0.5044461383232758	1.5321342927105972	-1.5332149865125246	0.196240908218734	-2.1377609067155263	0.5385978486019286	-0.3013769478932054	0.4324294061524895	-0.9146185403597151	-0.482696788951494	-0.09134781466640784	-1.5330642012292313	1.4878206222521566	0.053758546713913065	0.6789293834531998	-0.31927227705652017	-0.10046367564589213	0.3932147535580179	0.18259951253464904	0.9798639885199254	1.420321888747753	1.5046088759127878	-0.2245129903851803	0.1543868078063974	1.3263384088158756	-1.7200042536059292	0.6748914838411828	0.04074407051980267	-1.365263029949453	-0.7572889051773298	-0.09977701570239382	1.1384748629132722	0.742336340316994	-1.8510542786994089	0.33446828917469584	0.34956748081195477	0.20904777112009973	-1.665240908649682	0.056617400780020526	-1.8091176046918398	0.09285372941204341	-1.576746164861821	0.5655258896501311	-1.6591863648673995	-0.03856552471737535	-2.1543111830403174	-2.4915508748428135	-0.8908929703051509	-0.2503927913909958	1.233721436101159	1.2739826346552106	-0.3700900526450815	0.8010302150444429	-0.48502448599588344	-0.206719750263664	-1.2795107506809154	0.15519537955988646	0.5335409226492489	-0.927358528504315	1.027956934441186	-0.43940259793691894	0.6319996025642842	0.1948220180953445	0.4484273142269886	0.3318954703687872
DTXSID5029186	-4.154270567733446	-1.183781628484022	-4.664432626281362	1.4845489590895635	0.1269170741817498	-1.3037698310327714	4.001067429301608	-1.2421450153700242	-0.2822846277798692	4.659800790085152	0.16357839562329418	-1.496278226174417	-0.6651216072105679	2.540774722172844	-1.503871320332979	-2.025760471834534	-1.511845606064548	-0.8932226510687397	-0.3045729379545062	1.7844012193328405	-2.1453316415806802	1.1926974573083422	-1.7268286636325307	-1.640796388488754	0.5904391465057384	-0.4092129165040435	-0.6708846810820515	-1.6690044253469953	-0.48518394083671035	0.5199347251361913	-0.27534698052883044	0.6040441973678561	0.753372197906886	-0.49366546115834153	0.22189860745311987	0.1432223331563142	-0.2861566149566826	-0.4387723958500664	-0.42341050341391323	-0.1687407115834511	0.3036408350443461	1.3413099635448846	-0.4025089937480207	-0.2730507568021577	0.9819655268322142	0.12022659752376053	-0.3385669551176453	0.0947373537908685	-0.3546618870499691	-0.2974376116574259	-0.2735698985259964	-0.12244040205241577	-0.0037806876838541977	0.22102477423204792	-0.8885116970058197	0.6718752235365935	-0.5154727729045455	0.6705812758698126	-0.4460707142376008	0.5954600657310101	-0.38949398127307955	0.431666219798709	-0.15035011502611295	0.5486436857342334	0.25951736192861485	-0.029243928361933073	-1.3616673442748977	-0.09219039784958587	0.6311752761458002	0.27474995718087647	0.5805082523545031	0.15616174727321908	-0.14671140614283	1.2422964609817364	-0.5992517034884177	-0.6152084434323194	-0.44476390385172165	-0.24412075927274665	0.25968264556428416	-0.24230031446661668	0.7408148963290055	0.3436402162008664	-0.6549060432974271	-0.7309666204719538	0.2530510932288284	-0.004283831225076132	-0.3751244947220019	0.868014739678253	1.2666446747740137	0.5892345274979529	-0.985519611512757	-0.001585219676522214	-0.008718687579719156	-0.5594365309399961	-0.3810505702387009	-0.8555299212206607	0.7736847418280433	0.21698167170728827	0.02712307887209011	0.4122409270883347
DTXSID7021314	0.7499123087096621	5.346095104974988	-2.9175011527143044	-0.282423614997137	-3.929199354811769	3.2490189249521215	-0.5735483260224281	5.15639414103576	-2.136791251286716	5.549174747536145	0.44436551730269597	0.08702463464073798	0.2065269382871655	3.0075652891747735	-3.3281693197763556	-3.111673894960332	-0.9229301611367924	-0.9832439272969935	1.366029242370079	1.3504539814786969	0.6738682940466264	0.21454084821113745	-1.847352605464474	0.24662708410602752	-1.2964715884666742	-0.40551816118786294	-1.13667367813516	-2.406991347018254	-0.21664553160583425	0.06835982126947646	1.2833733679745507	1.0268346145801817	0.1964763040318261	-0.45506150241768134	-0.6789897296600634	0.16187049895598418	0.4893150497508331	1.2562708858782101	0.4587429875442667	0.15968383640025766	-0.9327646540269118	-0.1981995077659045	0.17034408560842162	-0.7010887025089424	0.7966504566441479	0.47561493729495413	-0.3338173477580876	0.5497905402441634	-0.17665604331285006	0.11822697153871255	-0.3806559103333354	0.20235633511830411	-0.6561938532144251	-0.32426178711614134	-0.26586816214386877	0.6500933270230823	-0.09126814776534987	-0.7761686040051935	-0.6099177759484599	0.386428194233278	0.6300884160809529	-0.3355980778464415	0.569528501728675	-0.04130056514538982	0.23732918830143632	-1.2485389314310666	-0.1385768658500731	-0.10571637417323274	0.73401684987263	1.3497237592241227	0.43035882205369685	-0.275635994262332	-0.40976761761013325	0.14888963243186681	1.638393687909016	0.11874254414630578	0.6346735333871012	0.0746171687963261	-0.5614376373212326	0.19688399503361767	-0.04253384509035021	0.30179516059542216	-0.15118712084937733	0.8374664287562088	0.023766337015510997	0.5930472933297981	-0.46892142869912173	0.0497518086676634	-0.26525938622053963	-0.4429862208066185	0.985258235626668	0.9898521041635272	-0.338454660820568	0.5129867657009353	-0.6064679464611699	0.30732924383559257	0.10371543756640958	0.49428161212315314	-1.1304603729082214	0.03581762418891618
DTXSID2034627	-0.6005572848904909	-0.7051208753918681	-4.865223743021715	-0.2317962706967919	0.5639291755062052	1.4662902229878731	1.5137757367499227	1.344435821960911	-3.067729910316798	0.7376654602676139	2.403992304981363	-1.5891095825377364	2.1725146070784227	2.048858000359867	0.11668451781657387	-3.181646763864955	0.4874560001779873	-0.3438710549663356	-0.4709444377252813	1.0916965615454906	-1.3071173920894557	-0.11933732729742268	0.05755949974591996	0.40613233381545194	0.23413706204109316	-1.1316889463137871	0.3914086857912443	-1.7972538959639437	-0.3009271988952774	0.3311008474579174	0.34273958544188005	-0.6191512278793887	0.7393692483747799	0.19559129604365486	0.27687306602060807	-1.4923648952137327	0.44681951770926914	-0.15373525149548198	-0.07880349571928774	-0.08172403602531564	0.3996629206706371	1.0675717631248447	0.15811186294544094	0.4261197351460171	0.07654661377553049	-0.33291595746667463	-0.23930967343775814	-0.3730507019558782	0.23437482418755679	0.4490992308473564	0.32530927965341105	-0.26479597113828474	0.24931213708581965	-0.24386752050825716	-0.6898389633303046	0.041374165330565454	1.4209858922488965	-1.0826810840233514	0.25980733794286454	0.548734717356143	-0.5159834929179375	-0.3225351760592243	0.032262680945455084	-0.912817339681045	0.23600367049184656	0.960031951108799	-1.032330784728444	0.1286923730624743	1.288715676030675	0.6368305170840082	0.523555473993528	0.7144243712152849	-0.4787389161841313	1.0105161443662882	-1.2637302715792278	0.02377942056686423	-0.4033741471951233	0.19671492546069375	-0.5854460084496743	-0.600770532511597	0.6394294772591315	0.5513243067488866	-0.06972327970984901	1.2148802399322975	-0.45275230298574093	0.39255237223834205	-0.23677210344989547	0.21885589097286326	0.1013479709471101	-0.7130412737119302	-0.97430278978058	-0.7840345216954281	-0.054208391067843226	1.0822081585420442	-0.37298582479433173	1.269785466323441	2.520430292124074e-06	0.7377594742146233	0.09875830452421604	-0.5386108564603936
DTXSID3044962	0.2787331042935173	3.568920466694868	-3.386568826373174	0.7226611333415278	-0.981890566546534	-0.15501995776186317	-0.7290658392763036	-0.8495981332272277	0.9287316921531756	5.259046250740457	0.04812340318397025	-1.6693118625843248	-2.4429695967864586	2.131665086624061	-2.2159931508621327	-3.1452620322650904	0.85464440646944	0.4235382321034226	-1.5703622814078588	1.3382570949143715	1.8725588757576983	0.15772341879350837	-2.5901150017636105	-0.8694089528515823	1.4229133066179773	0.731845054681494	0.014641231257417488	-1.655999496830874	-1.1683480538107238	0.30217022207402583	-0.24055700111172124	-0.2399014830918575	-0.7855339185156529	0.3057568991395045	-3.3716583900909916	-0.31005847798757874	0.37927849206695896	-0.08306939956289768	-0.09670473150081453	2.9884823415038113	2.559705414182605	-1.7774387428507363	0.5148644765366442	3.038465055345825	1.3060367607280667	-1.4204033175181157	3.8470227716815466	-1.281038661262937	0.8016991878964644	-1.063611716577828	0.16097688207281596	2.5964191716690666	0.4501557482030297	-1.6928335506756074	0.7484313768905714	3.875749565153323	-0.39997067408166503	1.8911221912193552	-2.759598670785947	1.3253016074889974	-1.0162607483282449	0.0059396074888456	-2.2686319054821706	-1.958326882485435	0.0049778416343357924	-0.2143712926572356	-0.5853618433559046	0.8216734068759206	0.06395037780127996	-0.5242735688957094	-0.08189457124038733	-0.4268588452477402	-0.21601886920420854	1.1515666370053435	-0.3837183211060873	0.2104491468161885	0.1817242527588944	-0.35908376331727204	-0.574898169076362	-0.5126521483118925	-0.46012881809374767	0.2672643085798691	0.26399557070612556	0.6125784575305512	-0.16511210986642377	0.35807628245741374	-0.35927009894094003	-0.06162865757630371	-0.6392168928045792	0.30952526721655277	0.1535323483644485	-0.11172491999254797	-0.5055455851693506	-0.21403806277892576	-0.7518103952537085	-0.5969296126405896	-0.04300140696780562	-0.21358924825650522	-0.12218552950655294	0.7194428966608885
DTXSID3046409	1.9809331663249146	0.5200911018293379	-0.5179193191620116	1.2035970355365888	0.686373240630857	-1.443653805665389	1.2152534189451805	3.9742575523945365	0.9077436184482119	-0.6769758662798947	-1.0539760079264324	1.230178990494107	-0.16089107922728108	1.7117217540727026	2.8627499680787647	-0.14248841795998513	-0.9403241046541675	1.2253083519837218	-0.032660638551853076	-0.6231183545941282	1.8465714958718253	-0.9906248026003927	1.1531028939344174	0.0801359830255437	1.5206940367081534	2.8610377222351744	0.6416458566012889	2.4438091853685946	3.3941701905889206	0.10732982132154782	2.052578929729943	0.025157091176643016	2.3258712106266652	0.23956159511264927	-3.067405535646639	0.8711778822265525	-2.2089922433242433	3.751455944689564	0.49032083376255475	3.3954239081635973	-0.09175058977333451	-0.6580212163370336	-4.0479527299268625	-0.02169833511107383	1.2734844380152641	-0.1685547980565083	-5.7501406061790385	2.1883714486494883	-3.249358091800413	9.941514872530126	-1.6861077753748464	-0.9739797386976513	-0.5776125873075035	-4.527456380333227	-2.094334341291572	2.676467546634942	-4.511554807767609	-4.585874155680617	-1.48961296189936	-1.3112989588067918	-2.785942946663375	3.9701838745480993	-4.636629528308012	-0.4936442193377174	-0.8431074188525087	2.8668376836604277	0.06691643502887008	2.243096230031108	-0.057900777202460854	-1.1776530582230795	0.9332092389614799	-0.5555881155776807	1.1213965572365263	-2.465218100582595	-0.4554033863189393	0.1864381546452363	0.6813538210986022	0.2648297796862567	-1.4038052221159805	-1.7464140953804548	0.19762108947414123	1.4619162410606872	1.2105186043070861	-1.8583793108183144	-0.7438875542855976	0.7964804118051145	-0.11113768767944698	0.8394713304342145	-0.04484232951741679	0.12032891914703954	1.0014094994197893	0.006767320383505511	0.9958430379932633	0.6329053311436521	0.5011965671087193	-0.18755721785994345	0.2199093546615229	-0.2038935044285107	0.0477346983743068	-0.22930640372595135
DTXSID9049037	13.91491466667699	6.330887153288069	-0.7371719881527835	0.6455951628100531	-1.3727292069958847	-4.187611771356594	-1.7710431977798222	0.3324384724682711	0.009814398228256796	-2.153375450058984	5.125941414315878	-1.7121557769762694	1.8021342037377308	-0.01916364710448282	6.394010712987907	-2.34930548576389	-0.500327454831577	-0.1648065928092114	0.530246386582851	4.425557998465823	2.8655561019837834	-0.46548431865281464	1.3556085270939746	1.8363053420514879	-0.05326338332974277	0.22451128030231607	-0.2582939079164233	-1.3859241590513203	-1.7127004378732136	0.6246710725002	-0.5062844848878202	0.5482630026372061	0.09120093785790698	0.5569093974535229	0.8255958828779753	-2.3507954822783663	3.861148920141451	-1.5435538491211207	1.1841411930563914	-2.061311461875469	0.18267858924576874	0.5083371250158619	-1.2998753251537163	0.8511048475170258	-0.4795939405936725	-0.0015239480253414499	0.997901607528115	-0.2159665472285883	-0.3707276083315463	0.763661958239534	0.2559654316199472	0.7413837926942082	0.1590402500197355	-0.07525568382893376	1.341832211769137	-1.4939443225231703	0.8130066561753447	-1.5595404165250009	-0.5885240738760549	1.7502729563576898	-1.2288635261540837	2.0829252958171596	-1.213282199632464	0.2525550845617241	-0.7910479211855617	-0.36584576469865104	0.829507911318385	0.8510889580734995	-1.4022789919536793	-0.8733294162558063	2.064312061335719	0.015498791664123091	-0.15064610357190114	-1.9534454134191659	-1.6088353886719935	1.3960316037075393	-1.0770718731043227	-0.49230436266700556	-0.013036629062191586	0.8944802883300959	2.2467171143846723	-0.43360472208689954	0.13359285051683625	1.8185599020283996	0.3027244311364484	0.15478101175088402	-0.9271741228369887	1.8763489773951243	0.08375337426439203	0.039945594030235905	-3.643048237557719	-0.22866525218239023	0.2574991679507234	-0.7767383018135002	-0.8649860518579581	1.0807664335337528	-1.6075159172096252	-0.30016859736536006	-0.4314141580216387	-0.03311872931627449
DTXSID7049057	6.448758462227227	1.491582045734954	0.009186111678957613	4.326757076011082	0.15570837501485893	-0.8858557958419855	5.172977581499135	2.709562247966518	3.024647475949777	-1.5329545139460738	0.1907401142147615	-0.16302964345525725	0.21388686989530004	-1.654375528289206	3.6622933415831183	-0.7760860275783977	-3.4474795486647754	-0.9800867134952977	0.4470523495493792	4.263141373866608	1.3117040398470667	-0.14309699427338546	2.495570841860708	0.5239657713047152	0.9589661226010283	0.8062563096069327	-2.2783084838842305	-0.3880443510501425	0.5579735471431648	0.9154466210696057	-0.09263885348506368	-1.7689936540317848	-1.7160348690269172	-1.1788896188543265	2.0404337675680093	1.4413691036045397	1.7351865509862878	-0.7557258033168857	-0.5965021092182567	-0.7745331664934004	-0.026839098639198252	0.5874609981687494	-1.8448866253859888	0.7075058836732162	0.47812026778608835	-0.20786818172561447	1.1981288845232254	-1.1569521748495515	0.48548855772509325	-0.5757143518951657	0.39356574559334584	0.272800630893185	-0.34783101332485156	0.31592517118155095	0.7864968734743011	-2.72400672853877	-1.5396158707877272	1.2794457566455324	-0.20148901522252496	1.465379432173918	-0.8609361918055051	2.367252203576306	-1.7954269631509248	0.5565252661218174	-1.1037114568814173	-1.5912067160423014	0.9660317405830272	0.25104778160759844	0.5941997698486723	-0.6158613547676531	2.9663702752174053	0.6824618336207761	0.7555738301981532	-4.201095156088916	0.40860554648665814	-0.16225644106918582	0.6400981518675573	-0.036914573464620654	-1.8693005584784959	0.16193885149653708	1.2639443555113001	-0.394827655133387	-2.8380676226521686	1.393137075079017	1.1082693993059147	-6.586609630814167	1.0627270301900793	-2.2046159007235344	1.9356790121625698	-0.7252271214676066	2.049524802206488	-0.04780607587732788	3.0118059892652638	-0.6011345722623398	0.595525376338406	-0.8263948247492661	0.3832481772935487	0.3677453695511006	-0.9989671719829033	-0.6677951963183698
DTXSID3032412	3.0840854823607122	0.8251499849079312	-0.10255770636290305	1.6442070721071385	2.60452149499422	-1.6683326178932842	-0.3228012950684858	2.2431424530087143	1.0839786805086582	-2.054983065587947	-1.1810889232451554	0.33520649058322743	-0.30309691495657515	2.261690925791832	1.5314794270101788	0.8215559258749171	2.643101221046591	-1.300017125725376	-1.2841316111020877	-2.304233039893008	1.1677585477504475	5.837254877644904	0.5350186997603863	1.1335392142783454	-1.1180901620661392	-0.7504309589729452	-0.3807514519008291	-0.995407271237141	0.9984118892069148	-0.7894144755823467	1.4332763895585874	-2.7679940104283074	2.313509809926502	1.4695194742168625	-0.4902997222547386	0.3179723069689455	-1.2461481996803938	0.23867104042361578	1.5023707040184942	-1.5487804448669265	-0.9287384955262818	-2.6500979560306863	0.738283679517726	-3.0251684343283345	-2.6227257543529694	-0.8187944601855043	-1.0135191187784975	-1.9061307480944865	0.7386531507362032	-3.1350132263577364	0.4278075603127482	2.0368903392939233	-2.1274201633225718	-0.09346358145048111	-2.0240811833068233	-1.3410519261292826	-1.3178252879178334	-0.6906851654268823	-2.0902387557797484	-0.21724152685871578	-2.0270291764677526	1.0833211252893216	-1.9517106262111459	0.6057765139777718	0.2629862957353435	-1.7992773546405785	-0.8903152512556693	-0.32214781650005087	2.0452487669097996	-0.3745168935346114	-0.5750868521803362	0.8683516853311231	1.6372351914638137	0.9082192548682292	0.35045763059351986	-0.4878106273113899	-0.3635218780474987	-0.007439251805503948	-0.11797329191680775	-0.2663376461179175	-0.09827435454891464	0.3305862504054217	-0.173553432635114	0.02759834717581108	-0.5166615443371088	0.042803225770555495	0.5545393701934912	-0.5595552049321675	-0.9977528587469525	0.3955983985573662	0.2265995704676145	0.6954707400966335	0.26265652788192073	0.2944342213915685	0.280039396395949	0.21498399086194164	0.3161686540939895	1.0205532351331552	-0.405502134043079	0.24287581792108215
DTXSID3022873	10.4465000951419	-2.250795378775809	9.675489182144041	6.386889760149326	3.999558734391222	5.923621489066433	0.48414848801597277	-0.5452794172413056	-2.3873405745243867	2.172429562115139	0.0965681071697174	-0.9677158817050604	-0.896616849634179	-0.2810000310127699	-0.09410109535644984	1.0700122078380394	-1.2263975339411237	0.16235011539941044	-0.8208104389584271	0.41315632950882114	-0.41692350296876524	0.10902691371849876	-0.5001754904049519	0.396786614373078	-0.1256304639619771	0.16339101875148002	0.928889295024103	0.21330736083375676	0.039236251953379646	-0.015216837065075291	0.07443434998262802	0.7783324648938035	-0.07177339767279456	-0.28276454670653817	0.24024498677969702	-0.17624958730793036	-0.22093936452762586	-0.21032439632735692	0.6594767120808703	-0.016209981265782977	-0.20528191225165987	-0.040782719317381914	0.2683600819751604	-0.3471890144730212	0.2451585554286154	-0.3840919380222099	-0.46297269039462663	0.3751857429143137	0.32423229211978444	0.3178570558571426	0.09442445187878365	0.23200067009077885	0.07627945524307808	0.09806115921533326	0.11625762306997164	-0.1315240003007107	0.21591103192824013	-0.3710034652588481	0.5400574434418213	0.3174156308315243	-0.8493609560137104	-0.41949304544959026	-0.42526022649852524	-1.098275768766634	0.12199972510547073	-0.044744730018309795	1.2904718827866046	-1.0642319559619815	0.05625219939203176	-1.1990763091992507	-0.757424698881121	-0.501612257107037	-0.6947261792785264	0.28419145036592147	0.3967134370983665	-0.49227818846645777	0.6694978537827588	0.4346421969013975	0.18864506655390018	0.6384970025901561	0.986005609082641	0.09615324824812545	0.17346342146249064	-0.5090562544069324	-0.6933926958518324	-0.06323335130409569	-0.10055586314932602	0.0037140102338161824	0.3659058437919722	-0.24611561412518174	0.2966783151891303	-0.22440935429301437	0.49391849677760163	0.31541991428355803	-0.7356818695039042	-0.01840902762777737	-0.0010515304183778321	0.6358551570969557	0.8703845549793778	-0.8393036975554987
DTXSID0044997	1.3692388960315303	1.9410906282091003	2.730761888368759	-0.49672222412015077	-2.8878132123049975	-1.438286257283869	-1.1313499012873005	-2.2099842147661177	-0.14304659289371324	0.026285020818741223	-3.2670095597583004	-0.5621000195956631	4.400326694320581	-0.17833004817733375	1.7573986067736624	-0.0034999917517180208	-2.231586595869016	0.8411556520949196	-0.9057435754302244	-0.5390243195418467	-0.044207035013503725	0.5949046715368982	-0.04634307249690566	-1.6897330042448793	1.6307172649161694	-0.3710256172688057	-0.3848585092283275	-0.7759162567468731	-0.5068332310656212	-0.29193519238945426	-1.0865781378057566	0.5568189709201401	0.8721073088684796	0.7594031441007131	-1.185292360856193	-0.2575837885579038	-1.23346375338311	-0.09475082829533718	-0.5074242482447561	-0.7386668180073777	0.6311710757493826	0.22050425896885548	-0.7148325509173207	-0.9390945052998738	-0.1703348064714217	0.14754826229970538	-0.7716862561356783	0.09477850633448658	0.03483595064540151	-0.06234181435711191	-0.1802524332144356	-0.4238372707135273	0.3709530274460136	0.18375921607961865	0.29109638854868847	0.186816740118666	0.7577344977682748	0.9519106600477307	-0.2753040279817199	0.25726622479632655	-0.2680236314001269	0.6785952612520874	-0.31021158796325893	0.30534401157788993	0.05918041356109291	-1.1792014281229752	-0.15556322297270386	0.0263763780485741	0.7360113882291746	0.28335054834135953	-0.4509482423962977	-0.16909148455571427	0.973237832699825	-0.30340871823886056	-1.148768868757152	0.7578067516732941	0.9876381616315658	1.0669500436472592	0.4812110845615448	-0.31307239545685905	-0.6669952844560436	-1.530823590650426	-0.0650309841358401	0.21586449206578998	-0.1165360721140485	0.176407221224089	-0.7631676589983639	0.22383642896681316	0.528170377008713	-0.9372948391300673	-0.177448107597893	0.3155171671162034	0.7266794911258568	0.9791359887435588	-0.6686205269506024	0.11310026292521622	0.6421782092487943	-0.2956801453825161	-0.33998150242721503	0.6277289367198265
DTXSID0057758	4.346295480816785	4.124004671515023	3.720186341890231	3.2195264097914795	-2.5322015293593245	1.7218754506061413	0.7245053807616902	0.32515783397067055	0.9284920804294162	1.0624217897555244	-0.029467592198726012	0.09951174241997293	-0.3452124915491655	-0.3704191048240832	1.8875604159147215	-1.0219268465755584	0.15631938417929891	-0.18166767638901396	1.1516861532530116	-1.7672597584485188	-0.7999642660952357	1.0257104699825228	0.5426448189436633	0.6745136540607917	0.8319480604105394	-1.7005802676316288	1.239637215869169	1.5730453695498732	-0.5182389531567683	3.2605898933652115	0.2486754493933302	1.6338284320352567	-0.8587176002497728	-0.7866141794173951	0.9310076097561574	-1.0555475639281888	-0.3089960910491436	0.45148099471905073	-0.5233395378775977	-0.24028300091407861	1.5027094574937276	0.6228637892025239	-0.4458598936059765	-0.1883951453211568	0.5249447501775117	0.016275984371543577	0.5516658526683288	0.05021328024185576	-0.12289873571015021	-0.6812171258451836	0.03684261665195053	-0.9321880512821246	0.5289192927330603	-0.5968659297535088	-0.22630579576103196	-0.8704062153228075	-1.309335301785968	0.1857740418523472	0.7007450762327397	-0.6982597317890806	-0.15456872542496064	0.47224569737296146	-1.1466494205082478	-2.0498011533695712	0.8990994107754621	-2.0021311761725427	-0.6455133522098313	-0.2505015129283378	-2.6567571270560566	-0.023445679222718972	0.0023582631323173227	-0.13493016823036857	1.3172038882174868	0.7635345524058557	-0.7407617159019172	-1.0682319780339777	-0.6435531205255277	1.250102762444567	-0.7773130829235343	0.9849400539874277	-0.6277760747323134	2.849278482749373	0.6991484184210736	1.3135367919680014	1.3765691611402555	-0.17673309057638137	2.322796287476088	0.5756630356293392	-0.7057029613263676	0.09325583488916504	0.0017940912820901373	-1.4426545290756647	-0.8356436008768836	-0.3165969884019467	0.48435151467294907	0.2995441301754048	-0.8058456040316524	-0.7398622355514909	0.7465547286915737	0.8764886775995347
DTXSID7046255	-2.906161483220409	3.87578937495303	0.3210708288384224	1.3999665359835394	-1.1306854896204235	-0.6837184356347396	1.04127967255276	-0.8907217372985671	0.979694311185418	-1.559924822006533	1.8221896327127687	-0.581787757919984	-0.4797236564345464	-1.3078474431534468	-0.92640197157401	0.5889970360360434	-0.9740938288628694	-0.1394745804675265	-0.8682167047217463	0.9244448692774887	-1.3877408272927805	-0.21772178357219715	-0.40134276670886454	-0.4596265051119275	0.8617934809487446	-1.0280019177035362	-0.5146293788508711	0.4728905172420973	0.8571523814786917	-0.9095218879311016	1.3159915135163853	-0.5388071681390302	-0.8154203472890315	0.18442360392662502	-0.20717467042105592	-0.8377243827749753	0.07813098829936269	0.224106370089869	-0.8602310380535105	0.22256814781651338	0.5016917640931609	-0.0696730362698846	0.5346016022122015	1.0468818060911331	-0.722938000898893	0.18850168495686576	-0.09286273176599663	-0.6679799865887152	0.6282936750628484	0.3571336391884325	0.26594494785087586	-0.42599953314400685	-0.3151526109364068	-0.2328235192947667	-0.32042483200926053	-0.7024168502002479	0.3594333317601782	-0.40255178109412676	-0.011492873015476997	-0.851713405033448	-0.4438649392019033	-0.002040169819970581	0.273947709564793	-0.09627006314047086	-0.35041790813060336	0.17816564315665556	-0.18707724120890282	-0.166916308893429	0.6401887577319554	-0.11606082568394166	-0.07408104959626231	-0.1101064263202413	0.27351930480570896	0.2684858320701058	0.3051414831969324	-0.1297939344840642	0.24920336275288524	0.15497041551691057	-0.13560791178295903	-0.1901715879242773	-0.038780256126615585	-0.18192982273765648	-0.2840876186923432	0.32412664062458424	-0.0434165778821705	0.49426294736547466	-0.4118075259396653	-0.19621378841286904	-0.15984317615693092	-0.2760905975836994	0.3793773272243351	-0.35479321522158946	0.017403634040210652	0.16527144293410748	0.2185751892860551	0.20396579374195006	0.4043709071146408	0.27782711778252933	0.09375134983717907	-0.011876694075929185
DTXSID00223797	5.153855241081698	-0.5628169670948134	-4.306235035134776	-13.44262127825903	1.72018281093096	13.630308558608556	2.1092595817980566	-1.5959804754591513	6.995501358036558	0.33260448270545656	3.3642602644809516	-0.39366213789357685	4.131998122870096	5.516707825103976	-0.3040554760382156	1.6729881076770359	-2.598602629940745	-0.7205329265304201	2.282799176153789	-1.457554572386722	-2.46667724273669	1.0480861637909331	1.9105537225412077	-0.7223270431822135	-0.41998385469964955	0.3515515426223189	-0.8910144602747322	-1.0732922084304775	0.45912006539298206	-0.39088925617160697	-0.26629165410163597	-1.9084076966019268	-0.27922379238873113	0.5886411255177149	-0.25862391975718163	0.6716023360279924	0.48874447373495783	-0.13809376864205883	0.08265046763729876	0.5960481922025308	0.58666754613235	0.2984400574061049	-0.6172473662086375	0.5179551403159665	0.08942717494952063	0.623927022592737	-0.6303150287951034	0.21201640048510295	-0.6785854872034209	0.19472220243130717	0.019123875266813778	0.16328587233274972	-0.20499445943313335	0.3660847085975172	-0.01846186474236192	0.1920313296965545	1.0210993343711157	1.1504941971881115	-0.7037892801517687	0.41804292668427057	0.6848851675346214	1.1749203969219697	-0.6196491123310539	-0.1938846621880266	-0.19675159395211367	0.42580785082569117	0.011998040302684473	-0.23867533724212545	0.23378778484754922	-1.1152145229738517	-1.0725612890835257	0.755738286955121	-1.0564257502494863	0.2981736424113583	0.25829904381473945	-0.09269190665939336	-0.811032466797156	-0.7519789724441053	1.2538452473476958	-2.0440098315901465	0.26620507050441505	0.5567569474985894	0.4586671507977391	0.6853871567616624	-1.4430490023362388	-1.186619836747187	0.7461865128627454	-0.05714016392777057	-0.2402814495095924	-0.40650902702013986	-0.6180130265963677	0.14981079513675485	-1.2280106976705145	-1.0060143957766452	0.31294381617489064	-0.09850960064840178	-0.11453879797907028	0.03522554480627281	-0.5835458860681678	-0.39353568162999397
DTXSID3022370	7.62310143382867	-1.860785141876232	10.341884057449269	5.224744055102375	3.8659447606425297	3.6947899319298023	0.613365895207766	-1.2685491194046368	-1.1295925200524286	1.9064374366340002	-0.2825465870030039	-0.7615012408336629	-0.7331644857606201	0.018778602449557043	-0.04221233458571546	0.32690842567164863	-0.9526860482607308	0.25583899095720836	-0.3166806447621734	0.8914582564797673	-0.08543035313366541	0.418461650950514	-1.044504331788168	0.04359494952862349	0.6044741973197348	0.456994909271663	0.25498592581147794	-0.06089001912910729	0.02812153709303222	0.24295469213644602	0.4653299088425294	0.14490419415905045	-0.4228804244821169	-0.008298490705442732	0.7613648075134124	0.6350261692898366	-0.2237770165527681	0.273286181474677	0.5581855582142276	0.47741225802932036	-0.07089339228017741	-0.025552566138148623	-0.16534003605803346	-1.0766121477738624	0.06385829758070118	0.107667995300457	-0.418792113373146	0.8791947044196787	0.18864320844974414	0.12054844555383877	-0.07712171073554693	0.41758217625775124	-0.2431665998066642	-0.034695975211965366	0.17482430427687187	-0.464833553799131	0.14920838525884325	-0.10474826392424955	0.2611308188530632	-0.03391474700522391	-0.2517480485595908	-0.6170522506739042	-0.23931202229549942	-1.692759762102123	0.5703487845658683	0.04145323327005669	0.553559132631282	-0.662579146552065	-0.4822843583702174	-1.424920034880419	-0.2770512908438264	-0.32480730891109466	-0.8758152083118392	0.11025032340026644	-0.5223803832952276	-0.2032027079636719	0.33123568684664145	0.024175687531259003	0.10618680972239701	-0.12604982210678842	-0.24913060971158643	-0.1526192622613297	-0.16237903339477291	-0.16567155480825027	-0.2213797773132105	0.09014856443501333	-0.26868598780576675	-0.20427202294985602	0.1998265665198491	-0.03724681339572716	-0.0613086483045491	-0.7343869970041403	-0.45030975532897255	0.3581187287434393	0.19532084666660404	-0.0638723530884166	0.08589444234112445	-0.030691306104351168	0.503847102633091	-0.25784934171634233
DTXSID5045914	-2.848288989645072	-3.563041814033289	-1.4498784474775182	-0.382157524168645	2.594207951512609	-0.03294646799032488	-2.5396683012880072	0.9278677666118218	-3.0031344466464596	1.0430330265350132	2.433667933115432	-1.6059239220330803	0.1859783533501686	0.49520893489370016	-0.05168992981988881	-0.43949899313605045	-0.9499926653365199	-0.2866540505486395	-0.738074208164005	1.244862079682642	-0.25643361164496475	0.4318667763728623	0.8342835394872293	-0.436994102968936	0.16802867163724708	1.8906111492093267	1.007098880054419	-0.18803627843027027	-0.5660849998308214	0.320564405732096	-0.25432198909544645	1.0686256622053691	0.6416481848862886	0.9475503032734879	1.5015616712018753	0.28581023173984177	0.564105038878292	0.19548319304878847	0.3093524131299748	0.22621641924800648	0.33001210048089813	-0.4527192035049639	-0.4451573877190903	-0.9309432913513203	-0.6312027955011322	0.03497409521940208	0.02178068050021056	-0.1567996191290593	-0.0723556865283979	-0.12881786056398925	0.029291966932059446	0.19078911666249868	0.10560809922316694	-0.050849412444048565	0.3674135215508894	-0.02918817852962046	0.8852518797887684	-0.2311677376758326	-0.29537560166996435	-0.21667343849556375	-0.35678084688640216	-0.48107187236251786	-0.03430832486408383	-0.12098560595235626	-0.053141249321153834	0.5876985625365688	0.09979480939389083	0.07656692555732499	0.35344664222327826	-0.30587390615267934	-0.3067454264259049	-0.194716334031366	-0.11889545328670549	-0.824342687069286	-0.4249923111084475	0.5244569244725596	0.20640126041377937	0.3583188361117398	0.48309582177272375	-1.099579197895593	-1.0235262587377134	0.24125752292344216	-0.6278661999949869	1.3564033311793624	-0.3177152294405644	-0.019790610030568232	-0.6240160856236796	-0.5375777231356442	-0.29074947836011233	-0.522733139772327	0.3806077433727691	0.062022799533995324	0.12907274199480595	-0.05129387468872383	0.4777720226302433	-0.718240887566312	0.09034909539280167	0.1893342121700834	0.1079064131579434	-0.38896848061941347
DTXSID4037748	2.6989657121869945	-1.8028170608353817	1.3938107666347832	-1.2191338720803018	-2.5964847444939965	2.5724291015063914	2.041960543846822	2.7164567963627535	0.21904490043236413	2.79881995154394	-1.1166065919044992	-1.6850059787806937	0.6057236484356924	-4.012283014195378	0.2254971710645454	1.5206963781163179	0.018628790702225614	2.343680357045545	-1.3154264025137077	-0.3615892117572042	4.233388077706469	-1.2485893257947864	-2.9452072080501566	-3.57820534524894	3.6945231443420328	-3.558382451451394	-1.7424914044892688	-2.962984489114436	-0.03259295002984567	0.5554360349714079	0.38787014102249256	-3.427316286067602	0.3074112789534835	2.336716269780565	-4.611522461498386	0.051588689468111744	-0.5442471758060978	0.07638663553199886	0.01697651364642593	-1.7366771513822317	-1.3960695825750211	-0.5719443019666378	-1.3628046513140313	-2.9841993875840314	1.6619744478475822	0.6815230896700313	-0.8898969784177259	1.8524732008807896	-0.5616630357184897	-0.2067434614120645	-1.0747803529575088	0.20439058515544659	-1.8964261516192573	-0.08436599880668312	0.8664838550368851	-0.37652611016978715	1.0407595612175131	-0.9187626096839893	1.0215678588807893	1.9219282458880411	2.4901320687603508	-0.22797907342749993	1.8779796618951476	0.7619461197811004	0.5961417138729785	1.7024166236394107	-2.511780636169891	-0.5992865918780311	3.176008495822249	-1.1863276325835728	-0.5715811118482507	0.7693461414316421	0.039328219378429737	-1.151647964974111	-0.4318611543302963	0.05818393158381997	-0.7874741648049097	-0.14811176628731426	0.8162337716090469	-1.850519556952799	1.7698604478226985	1.2293372268614677	0.7036604815796487	2.4557750527642432	-1.0478525372868976	-1.4854504453482165	4.02653434102951	1.0183505562646158	-0.6136273479440586	-0.00993090939763875	-0.8093052583569743	0.15773482356335813	0.19589553801050455	-3.0173284088875385	2.461114865157103	1.2271574188654661	1.0451279926696833	1.2220216488794056	1.8203343910820386	-0.6024503003961271
DTXSID8023474	9.881814721164925	8.226517451854612	-0.0917522347600276	2.545848351680887	-0.8375850614992609	-2.536475448385986	6.280009174117024	-1.7321035474427757	2.913327707785454	-2.217622580146199	1.6848993237284977	-0.8484930878034362	-0.6890014798739904	-1.9252088508769074	2.392509440409317	1.5399534913650375	-3.775472293138848	0.4769225614989414	3.14734515857335	2.1147558629365157	4.292229195372774	0.2538834257253393	2.110453236004052	1.9070651771255847	-1.7679223301172526	1.4534665276628478	-2.21481068830407	-1.634815928935659	-1.6377031356333664	0.24066729521635996	-2.478838043765631	-0.6486171681525644	-2.9882505758899813	-0.9154403708416746	1.4570614316575579	1.406090354529029	1.9917171824092028	-0.5168523232966507	0.24272680907989436	-1.2432870877039932	-0.6814824285157325	-1.3591064911683468	0.7130320342645152	0.8694618348383688	1.2991193580569538	-1.6936787686655352	0.997686130604127	0.5736271473945118	-0.40978536175804753	0.6865776503745311	-0.17387626734487385	0.721400380566241	-0.18405922281200116	-0.8037310577276374	0.04541570829047518	-1.4994453463756596	-0.6310352979074265	-0.36022233001780607	1.0376636626751667	1.9426256987469752	-0.6474854647791978	1.2895776285699503	-0.8345065993923196	0.1470893299733876	-0.4839648408385038	0.3577786338286108	2.432276367926406	-0.3305956799507992	-0.8099629660417264	-1.5100415046794209	1.1623141528739425	0.09177656781080266	0.5349280689193828	-3.2051114787761956	-0.01817809912531498	-0.8664670636424086	-0.015576817085974913	-3.1969367464986593	0.8723759116312662	0.6194510882396943	-0.8781076302495133	-0.03195745368598895	0.026860143484511115	0.6731285537070041	-0.09641316550571898	0.735702724485697	-1.0279743830645287	-1.0902867766882147	-1.5045216231443754	-0.7142945144846069	-1.958694577158838	0.5000573368292592	0.25412372821763507	0.04312705172433843	1.178370043574133	-0.2625174427836399	0.019644671601119858	-1.3403528666320879	0.1724855566735055	-0.15588706376570982
DTXSID5032654	5.8388632951079416	-0.5141802961904228	-3.176051715277567	-3.2382157884211518	1.9284176636848036	2.8731121705616984	2.6622555901227396	11.730710354803554	-0.3763269742884236	0.2726489411633951	-1.357688536906236	0.7196131339149707	2.523925002455219	-0.4311790627285219	0.5568333475139445	0.8672807293613355	-2.5032289957235365	-0.35122404456630285	-0.9321446062925397	0.36172600647439856	-0.8967112690054361	2.41924762388393	-0.2090250507540496	-1.8245574404764124	1.333199763486228	1.9276622209228909	3.239042795013019	-2.552118831091962	0.3301308024958036	-2.449619614035415	-0.45577208164990335	0.9080128008212733	-0.5125876342022194	-4.224228781912846	1.0199834597358646	-1.402591503080105	0.1496610798490228	-1.0075029614068636	4.9590014545378915	-0.6320814108273468	1.0897734126516978	-0.06684349181266679	-0.6796198265288037	1.4571715955244893	0.3390550071096993	-1.5497036882443382	-2.212363907588853	-0.7395229041726142	0.0295573010131413	-0.18852444860098963	0.5772591609080197	-1.7942422696713884	0.15612722593179357	0.9437602877230279	-2.5995805661673836	2.931754804814049	0.038362684000766895	3.1798721692650602	-0.35032185242266867	-0.642827061910476	2.747661640873747	1.1835467420929406	3.4671136199437123	-1.9975844931958455	-3.1645571036231614	0.010816600380526882	-0.7642662130234933	2.6282427429922706	-1.6286508715871866	0.17457972069247826	0.29994887001506265	-0.7562849553699784	1.839046340645362	2.379774495733873	0.09315027464427084	-0.6987812428047492	-3.0792228928016945	-0.7690499869415274	-0.764365196041436	-0.06837787605107447	2.0270356343861224	0.11773176094059261	-0.3663038746002531	-0.5663561389815757	0.29316115351009026	0.4911700293443756	-1.8711260041142577	-0.4102649703316989	1.711252558987047	1.7075943411727164	0.9443088543747057	1.476495735400634	1.9536327285930308	-0.3008968648568568	-0.7529504404279945	2.8789699764177175	1.9629138567447866	0.44848742088118887	1.447454592335246	0.04594891722242025
DTXSID0020153	-5.761426762451842	0.711584651431078	0.5506321843925766	0.12880760470862349	-1.5454708671803803	1.4998484269016736	-0.9046358095093883	0.5958340238168645	0.6895492798172679	-0.4590720884273504	0.5460084123260763	-0.23173974969394856	-0.42922458056168583	-0.5048000294163046	-0.5395582522444717	0.24220352911589121	0.18546774304579813	-0.21493577788410953	-0.22176000710028712	-0.25824177630496437	-0.1458951553815737	-0.18068800716656036	0.40531954997156483	0.13060914311933636	-0.16304935254636657	0.6987234403911898	0.2369579283369983	0.3385816116815279	0.11311167306932118	-0.23512724604231014	-0.4142138267097606	-0.0744662678925889	-0.43263560958353536	-0.11326272087418116	0.6845667983904257	-0.0019332172230191423	0.1377440945770942	-0.17916456694703098	-0.23194483139481117	0.562685118436346	-0.0809464510712549	-0.078293870355252	0.14866864512471023	0.45905290951245764	-0.381148272801995	-0.1278798976096771	0.24860755697518494	-0.6002926124631314	-0.08906244559091596	-0.12925159776964262	0.12486072797940294	-0.09404765294186213	0.2748238691403555	-0.1368981000367751	-0.17828989348185445	-0.33180436325080637	-0.10478088605337357	0.043979793116339275	0.006954950394211927	-0.5193914112852326	0.1950403108188863	0.0746301835765404	-0.11473570023615483	0.7582566418096818	0.08696634593542367	0.42994716784999987	0.24864005447590373	-0.17541294272170227	-0.08354613300346954	-0.2182128682223865	0.1040388194857233	-0.35735336243745436	0.29941749547972274	-0.019686401947286707	0.0010367426647716082	0.6085610807216335	0.005880428665464804	0.309041345910022	0.32875736450518506	-0.5350629391564062	0.8833147425767464	-0.3835032342360737	0.13750487694848113	-0.052767020617720616	0.1795643289361756	-0.35647673765132576	-0.20284689459963257	0.11465301810153476	-0.22863305143226345	0.3902873438614082	-0.19699533301937888	-0.06509422900220023	-0.4936235169818388	-0.4032573518528719	-0.11554811334515902	-0.20183563084061254	-0.11172779946087842	-0.04237849814005529	-0.13842745289056355	0.022240531627460834
DTXSID3044380	-0.769384940627607	3.4909897850522094	1.0293358573201128	1.539364610284146	2.663452130056118	0.3634890395040063	-3.8898130103229387	0.3849797197096929	0.7371750620715383	-2.0424085560204617	1.446474508241189	-0.6381085476575359	-1.8961683384196684	0.6882633393541542	-3.6809048146109986	2.6594143996987536	-1.7778122931387204	0.040692373546376455	-3.4064019379775314	2.960721341240959	0.5908343768838811	0.4545782026617913	-1.124261613250062	-0.8405636415532319	0.3119842664438422	1.9199174210476064	2.1087209398837623	-2.1953056753273104	-0.1937498964575086	0.713467107123181	1.02304311321495	0.9146761161424298	-0.43607948039853256	0.4250505552445379	1.295856285672936	1.2978699366836406	0.06751246094033216	0.12004658488822183	-0.46744807767312135	0.1739341687252892	1.3841483033774686	0.6306779419720085	-0.9107835747890317	-1.0460956249140096	-0.4062075448017713	0.8732294815462622	-0.46541719291259415	0.7963153162762201	-0.9659983033426014	0.4203618218689985	-0.2558412106990153	0.3971365785322651	-0.36123827052081936	0.47597950950681756	-0.20352950095273648	0.00477513177549973	0.7640822823298187	1.069015516101156	-1.608063800559805	-0.5827474824368077	-0.6692182410400237	0.13136303150923115	0.04990064338390057	0.1288374425823934	-0.46579959327895176	-0.00010591730542476206	-0.3873117367891821	0.12447786955256442	-0.4764395361053045	-0.8078723907953251	-0.8897412067545843	0.34045805113785016	-0.010926254697580094	0.8811078890995064	0.8329266055313929	-0.24832321597384682	-0.2778234118604163	-1.84939256059975	-0.15128230719846775	-1.0653391428321708	-0.7249753798058592	0.14007872232806118	-0.4125776384386722	0.4113561227086903	0.3856231942253673	0.13814719352451074	-0.7638984094216267	0.6983065537853864	0.2057847635423532	-0.09136411876539292	-1.328885355173289	-0.3710454729456883	0.0025363199220023156	0.034312211456674	-0.42818096364911035	0.21922464562181038	-0.22349177605847098	0.2691435076471351	0.045749564736674804	-0.048691828174511995
DTXSID1032484	7.084658195953433	5.172772401344758	-1.3155127985383	-2.715636073351981	-3.567113097270314	0.36727948849539127	-1.5610482913496648	3.3627130329244257	-2.3235203164132745	-0.3711447101046858	-0.8909803506683542	0.9490231538827436	-1.1723263160242392	0.8849982738940455	0.8003889376578647	1.0823573639151018	-1.0793923871969335	1.1917389766637934	-0.42202812503538417	-0.8245709183525358	-0.4048546168227219	-0.763781729390976	-1.0962739677669542	-0.20013239107715033	1.188802356762108	-0.06267466959896167	0.6479999067626678	-0.4045092926332714	-0.49161196033856236	1.139402687367852	0.999362086087546	-1.652379187683969	-0.9123121538040809	0.6146726273389507	0.8979042440689609	-2.116024733148483	0.48570193188048266	-1.1938191206980875	0.9404504531151942	0.5727389131024041	-0.24696023592775346	0.03503270918971946	0.7662260172111425	1.048879213299235	-0.08300905289989743	-0.5659973135926952	0.7685122713250306	0.5290147426400899	-0.4824652318771058	0.10604899769138469	0.25636424774962807	-0.19085129659259595	0.8752555815400964	-0.3500180478139881	0.606833860658295	-1.6372821919251777	0.21349003465117625	-0.852186345535903	0.8815199280334266	-0.5652434928323306	0.7028771354375338	-0.03948408165269442	-2.179974422702932	0.8013317150334122	1.0904455959642547	0.3485108743771007	0.2531756093748963	0.09543539194410737	-3.80186224803372	-1.198117509709696	-0.5922803557334794	-0.2898991266704782	0.05005051490980219	-0.037757462593475205	1.0080175602811299	1.2954705918593636	-2.8033522478321764	0.17457298902842827	-0.057334503704214904	0.5419249243925008	-0.2369233860877967	-0.6168435580459246	2.4903047676125785	-1.4145602472153955	-0.06472074061212217	-0.6271851532205168	-1.0424336216979517	-1.6305949444550407	1.0355934011455588	-0.9378158721461225	0.7403737488396921	-1.6887296103818883	-0.0667375987208323	-0.23415162523004768	-0.8979015663493777	-0.10122246265549986	-0.2180608049070385	-0.32649544113579204	-1.3202063227285807	0.504504972300527
DTXSID7046627	13.631383249186566	8.119675852829578	-6.518652639650181	0.34367812527156005	-0.05161909030327333	-3.3418235884915712	4.464490518917132	-2.875580476052083	-2.127026474014828	-3.0782346067437247	-3.3046804028611834	0.6328265811636655	0.6239441515476125	2.5979566546083905	-0.6211067713320948	0.114754190107681	1.2795610362903187	2.0310677714970127	-0.174851543010111	1.3519554560884064	0.6110629349448896	-1.248795214357749	-4.305214907341539	1.9249690224954437	0.6328531413623274	-1.2515282870390565	3.23339989288244	1.5480180823076781	0.6691501831588021	1.777778959226144	0.9305009273124959	-3.2341791316538893	1.8329723289139301	0.3369338821631421	1.1159192161153015	-1.5489944285940456	1.6854384776671796	-2.3661054322155293	0.034726234004529365	-2.073286734179038	0.48519617795756653	1.314533964927074	-0.7808215492611303	-0.9261050804474139	0.7209418384040358	-0.2931692502940058	-1.480466244869041	-0.7221305272271706	-0.473485317084666	-0.8697216337382359	0.215040988162392	-0.9968325584536581	0.19424068805737046	0.6689079087407225	-0.4758643244151886	0.8539390216588616	0.7940018278506972	0.58619136284848	1.7747928811855136	1.3461556907667342	-3.2499308263413083	0.1121832755127644	1.0456544948395263	-1.620930424713323	-0.6915805024035183	1.5613114909636021	-1.5658022670926752	-0.23893021437724063	-1.0242584321734591	1.1455880638415175	1.9659490957414993	-0.7323378320970526	0.9364483493866864	-1.7355575757086246	0.6895050485030431	-1.4432242998998213	-0.6899233108623835	2.211723004236656	1.500173798892397	-0.21135028281735393	-0.08997192893385338	0.9157579177655399	-0.9508454993238837	-0.6092335319166781	-0.06724152407815323	-0.9442683397879014	1.43420102685691	-0.7042788227012172	0.4855637098774257	-0.3270396105792615	-3.1877996597854428	-0.11976785698095331	2.0498484069280094	-1.5910981783113223	-0.6916051021922057	-0.41627218136429833	-1.9241859536379915	-0.49555324162928105	-2.131431198104501	-1.3455361435824211
DTXSID0022800	1.8200933106075219	-0.0677952230161274	-4.64104527853071	-0.7593983376793092	1.8829188033371902	2.5252182507060565	2.3931999177919296	-0.48352126567006937	0.40808285928623855	0.9759075903819272	-2.01945042258334	-0.6866808904854609	-1.5949452504564	-1.0445935492924536	0.14233438197537887	-2.602422554253179	5.347956257797568	0.2463139476045216	-4.14537732525981	-1.288370921438458	4.606921856998688	3.076314562168369	-1.7355310737158431	1.5955295215729681	0.9938160880265461	1.193336957178562	0.6469066656822656	0.42796381217265894	-0.1320959183218115	-0.8523057757375628	-1.0905331435847128	-0.14245871489253725	-0.022177646846427878	-0.6163527345274293	0.17705545147319401	-1.8277170564683836	0.2166325300260065	-0.44886370770833367	0.4900235362246971	0.036269599498889644	0.9082153168133092	1.202794583429374	0.606731035109182	-0.3578630677998347	-0.36041659511308516	-0.28041670687538855	-1.9001195963982107	0.37853586344236706	-0.071968715129732	-0.4546057086362642	-0.015037522709196704	-0.5617023322917608	0.1669338707307448	0.5398543292415788	-0.6748644439053831	-1.4903160169630565	1.1085852730518966	-1.2905887121889115	1.1647837298391532	-1.4137147109374066	-0.8776608011177227	-0.5836470878787481	0.16390611883444867	0.24245743114525042	0.21001856172020547	-0.10762868179445076	0.6339740030479524	-0.020093635321809578	0.23483256578665257	-0.554869451832088	1.215489904595285	0.7066953332678253	-0.11925288259744425	-0.5090751370064984	-0.13235863353760102	-0.5653001629789598	0.8005261384996212	0.0661586569583903	-0.10925406109116151	-0.03585744900033536	-1.5376845520957079	0.261139578925738	-1.090286778784114	0.15665182967953287	-1.1162654263481657	-0.826539514561913	-0.558304447114063	-0.852395504374112	-0.29000236935014384	-1.0083325065572064	-0.7566681791618478	1.9243036571401018	0.14852058543264562	-0.3398297370937123	-0.7786927224362601	-0.948178205898487	-1.4683433533787331	3.0824002201803937	1.6185613205725122	1.32830032275663
DTXSID0029187	-3.496406960340903	3.149104549909237	1.8652107546412853	0.6995484217681249	-2.052922508260751	0.363982166482607	-0.9513802773783033	-1.7032597745559348	2.146391126139146	0.045558773057897184	1.1599540636864445	-0.5414838294530621	-0.4190664705094554	-2.2534902039618956	-0.4314149462704999	0.4678261182663987	-0.19088673686140753	-0.09716336482518555	-0.24998622256735253	0.021192987523789106	-0.19844971802004183	-0.13300591589777647	-1.194162159222033	-0.6580085911103929	0.47752397490045484	-0.8970903158732473	-0.692067335574205	0.19346388474570642	-0.2810235322176727	-0.08939189489513721	-0.6024678803224646	1.3239556032457707	1.2921887753713353	0.6175655531098219	0.47706105251344677	0.24554766016436827	-0.36475638142804945	0.5594384525701036	0.6711913916279276	-0.46326504290034454	-0.3629483413901069	-0.05359579028816675	-0.49683080614615727	-0.1246789858552364	-0.629408471025469	0.9063631661339492	0.2572894269005594	-0.17775023125409362	0.12976766436930953	-0.043438224876768405	0.05781066065466582	0.04819794370792245	-0.14173217215503095	-0.014596961995668284	0.3339257561786445	0.4037828157400059	-0.40377432663976903	0.05866996102699803	-0.3359782194062404	-0.5234372378137713	0.19420925475525141	0.7548384561689188	0.31800627412957877	-0.28932843724656165	-0.041207376466127564	-0.6644775648689916	-0.09928293177703189	1.271321636810684	0.25306766679829357	0.673968977017411	0.12509492418454848	0.514544495782498	-0.5761763498447336	0.21353040174950558	-0.01286696345287377	-0.34854319639779996	-0.13793344045955502	-0.02771786284814983	0.3039804577040915	0.33776415388273223	0.40100501291217966	0.9025776490065364	-0.13398864240358205	-0.10857694123126	-0.07872668496067861	-0.402360893669906	-0.43075871133981	0.047636664540610045	0.5820408363769551	0.3592555497638974	0.11937769802433958	0.2765277716353579	-0.18083912811027889	0.037174400549022935	-0.3592180562143983	-0.15652276250405614	0.07039659425037222	0.03731931680297447	0.23978332803556707	-0.28270830487983845
DTXSID7046253	1.4221103776858173	4.436988349167866	-2.725719062099678	2.326339465732602	2.9274590185268203	-1.9150626916716955	-2.5552854009786787	1.914883131194063	2.5283087118909595	-0.42001674729323635	-0.9232071306907297	-0.7890682014307605	0.65851253619055	1.1218939979633629	-0.1858834621963137	1.079973819320865	0.1681336885185803	1.2608130103473738	0.8977601936373412	-0.3511935313180208	0.6529806669568593	-0.3647954151746706	-0.007321222502187555	1.5271420628317105	-0.2813135379362303	-0.6870696498800279	1.2927582224006453	0.7264241357137058	0.36953260073305827	1.0836707550270923	0.3965934806972355	-1.8874459672635122	-0.19722122778595505	-0.5154930246104455	0.6845310294292434	1.4206695960338163	-1.1749024707997608	-0.6837146220094972	-0.2435767818898358	-0.6603721387322617	0.08879833805562831	0.014718878330483806	-0.4579333588274231	0.1317910380796126	0.9384740741036138	-0.3026635249144902	0.6222157057894935	-0.21330433463543738	0.05526795808498088	0.40589000046027873	-0.08243022712259265	-0.1463754801539984	0.2990849448375561	0.05375681686957424	-0.6699443003492211	0.533375021610782	-0.6730547934634286	0.2686957699353043	-0.321534585829301	0.9953686235625093	-1.423068120417055	-1.1879354168715623	1.172849726744948	-0.05080332351087938	-0.3749709674317719	-0.4592936886056847	-0.5220516148462665	0.317501361730297	-0.5511485862699077	-0.13990754321429738	-0.32693709785409414	0.729486600353687	-0.014856117140420292	-0.9396956553494675	-0.030831388933538532	-0.5822857900022858	-0.29919159548706753	0.984723298682851	0.5072012531738692	-0.2752909212874103	-0.6211597377048014	-0.21066426981084105	0.3923713922792482	0.22879049851529748	-0.9312273156072765	-0.14985982355984473	0.3717456102598981	-0.3185656502541879	-0.02316114137284422	0.025359693223899728	0.5126988193569707	0.17981526550066992	0.9430776687594403	0.6723254578927217	0.09387776324803407	0.8031599236502399	-0.1645255128375033	0.07076361299865372	0.5089036321463143	-1.351889503656512
DTXSID2021440	-4.584614173389488	-2.8460293091377054	0.573218465517297	1.5209084110629962	1.5235288623042336	-0.7127168690528184	0.952286859353309	0.9522215802648362	1.9309414372138183	-1.3298799738585554	-1.2349042697774513	-0.07440612188985718	-0.15212088942190766	-0.003855885774583533	2.422663987187411	-0.9203933527523034	-0.5947759765687882	-0.6289167195848359	-0.47683860839236697	2.407462150809718	1.498521714435149	-0.4845696527718422	1.8150394450837875	0.8218421184996592	-0.5723723750766122	-0.03556035316154418	-0.39258328857199115	-0.5024086240888685	-1.2479564095309252	-0.19693789934722764	0.5666789278894181	-0.22056272655914502	-0.4532181361826556	-0.49975259650523884	0.25152504308726303	-0.07207234471229719	0.8873732651840822	-0.4082403017759059	0.02737581664527859	-0.06224956147672501	0.2472312660736619	0.2822424682372288	-1.0520479880797524	0.47998812552879067	0.14548957473546478	-0.047448325680277015	0.5090220502987086	-0.32107395614842743	-0.02502305355464387	0.4564830843082612	0.16724727063847347	0.2508307001652865	-0.14238749411100252	-0.006914586271735759	0.042121943478036675	-0.6256227973094982	-0.30286822589201245	0.044937504706397666	-0.13156115543304647	0.21227905463045116	0.3273174576907242	0.691981015522339	-0.2667169122560853	0.3030329828739794	-0.5311532468620666	-0.07694613057695866	0.10014905473853038	-0.23660604107303432	-0.4498899414957302	0.03747534042317866	0.21616224847928683	0.26606475491385567	-0.5245450190584293	0.37398693384499504	-0.0021895180486847334	-0.5425900161003054	-1.293258572206305	-0.1513844613171098	2.441649689601241	-0.04281255405684468	0.08136263702011305	0.07675998761687733	0.6865797085171167	-0.31889315079239167	-1.4398127946515806	3.4526908323796914	-0.5103124611915258	1.5574546136239675	-0.8801748500043807	0.41732539755309245	-1.6828213949919373	0.8985645152527538	-0.3431854685735643	-0.6041823041438834	-0.3431489987905358	0.5948638563536519	0.3235765671728309	0.06611217660586989	-0.24195306479232473	-0.07678765442397682
DTXSID7046758	4.8970117484540685	-1.343095298853217	0.04429073384992195	3.1302599382075327	0.7564104029034757	-0.5775313520723717	-1.1317630815226056	1.2126252182919084	0.8629592772698107	-2.9602450104912976	3.115860688209052	-0.5761823346404534	0.3194678541125251	0.26816041616457287	2.8258663371293173	-2.0256099704614297	-0.11779358394397522	-0.7132793403438918	0.9585171789661008	2.4639240646192286	1.4381263586564823	0.47337713246811197	1.4795076369889688	0.3425609150154933	1.226942355106475	0.7345838579317462	-1.3988046204607945	-1.244408064870258	-0.11877486057235764	0.6241099328575043	-0.1400925908586541	-0.6174694105268821	-0.902191494613114	-0.8132057800970955	0.18071619273602824	0.19916516122772243	1.0956008212509152	-1.0586440403378525	-0.2804509219167339	0.6173373602909648	0.2172243214723078	0.47190542713668504	-1.837635885083998	0.556327075764892	-0.3833975611800743	-0.27162937796961606	1.034807327333586	-0.323489116558853	0.05443317838095484	-0.20997543523303824	-0.08686439450606574	-0.2582824741277311	-0.32515457035504114	-0.33240132879513484	0.7319703099042516	-1.725917138602892	-0.8975933946558621	-0.03465455004224555	-0.9769763000556386	0.19618932754419505	-0.27203723542229236	0.9092964688821207	-0.5290149867671308	0.8267884033148721	-0.5340713029705655	-2.1961204533022674	-0.16788273811533042	-0.5924877879306033	-0.2656738472530465	-0.8683414515392325	1.8736160053345485	0.41271235900067815	0.0659478922225406	-1.6659404327519476	-0.7272862966832416	0.5331677667848903	0.15697843186301533	-0.9842393558047033	-1.414113385728621	-0.08349974475435537	0.44748664135026905	-0.11991770408365515	-1.5074177493534722	0.4881156580958446	1.3553887611612774	-2.7603974649562115	0.3101910701147174	-1.0192493359700006	0.3308368311129291	-0.8199461737771971	1.0530480348199958	-0.3186244579360517	1.4325213261014442	0.5263121278157405	0.3918580383535858	-0.4525987426268649	0.28338837183211807	0.6977861114825786	0.28220419613297054	-0.11348385920151129
DTXSID8037207	-4.732737609202835	-3.6081112394307353	-2.149227968203683	-2.9807297693135317	0.777239103614925	1.8709271283007627	-2.3838929384513246	0.9543640601320443	-2.91832345919807	-0.24439624777622168	1.5495120468802086	-2.2107622174205215	-0.34249504804893816	-1.8588117617194602	1.5063566423046688	-0.4861557177585083	-0.1028969038570342	-1.2456340804856814	0.9720125716265484	0.001190823802986841	-0.6022411257073412	-0.0026202803154693043	0.9422589586940768	-0.01484667036788669	-0.8634606107207495	-0.1845737379177856	0.6923855719000888	-0.5336365932352883	0.012221599951953066	0.6367006591138454	0.008350613258520611	0.1985092198803674	0.7297581496124893	-0.18172093944051376	1.042480897293463	-0.3165737644285288	0.24149231281378866	-0.21705953867165792	0.552081024526854	0.5370609322395087	-0.7733390582823543	-0.07058469010009029	-0.42344092083300994	0.3022195581638913	0.005589567133129427	0.05301187519775887	0.05339301816489998	-0.5147999996413543	0.25510751777889257	0.42480659874377485	0.24169776854310673	-0.09034360337202962	0.43880933767330227	-0.0664732633798144	0.3039392369962768	0.2589106000090624	0.27779536889228085	-0.48558100244772	-0.14777226989767436	0.5168725996997161	-0.5515506603567781	-0.44499204278351273	0.07602124287984881	0.042976847980606955	0.1267618777315415	-0.2640582917530231	-0.3513672179540719	-0.02946114906986154	0.01700375549436578	0.43682382619290194	0.5106086910523329	-0.0300948568573745	-0.07037312497393138	-0.19847987710773102	-0.2606279746060682	-0.22496863623737062	0.2604248825312074	-0.04939480873107585	-0.23602782340721412	-0.29550497548791865	0.41016366081899536	-0.18981837563618417	-0.5349291548005283	-0.5375996328444055	0.3481098958261506	0.2316109141259301	-0.028694876920111755	-0.7790858950545264	-0.13511936205284705	0.1261548270322835	-1.0404795584304642	0.5960012060481247	0.39085981549318594	0.019621077074086214	-0.5906388039420778	0.022200440802054532	0.3783618461048508	-0.47013418184913763	0.3494985997149629	0.46305585093614715
DTXSID2023307	6.6390527472407985	1.9168131483656066	0.48056021513822883	3.588026522533839	1.0622747614587131	-2.4479156895493763	3.7720399471923507	1.114956698074889	0.693762772596089	-0.30137781627946564	0.2930232152158187	-0.3781344999810368	-0.02874337692673562	-0.17471224763954635	2.6291931971772087	0.5744870367740392	-1.9712645364489663	0.5423941821996285	-1.2040105896019022	-1.085063051830548	-0.8108241915751114	-0.49768873998643187	0.516941446590417	-0.2677344998103878	-0.7564086628815818	-0.24908102716445563	-0.016863226854122185	0.8950331653612288	-0.4315702318091401	-1.4156945593041041	-0.4205669420093067	0.38485564745539325	0.9878797004858063	0.4216261145245467	-0.3564926379540295	-1.6504175685732643	-1.726411017173451	1.0021972155461598	0.730871767872662	1.2413359276237843	0.27636139882994865	1.7047323139659656	-0.3850182857459905	0.07801348318541394	-0.4563687386668315	1.1521553127291901	-0.030704623441772425	-0.2539780148823481	0.5774280286166944	-0.031008446651604193	0.32123879654543114	0.023343036592016364	0.04519393240536293	0.6045121262647555	0.04033076490827692	-0.0648876388921894	0.6010412518745933	1.6784252081158288	-1.0871644422991593	-0.38085422646993045	0.7737053271496505	-0.02105473090231198	-1.148764050535948	-1.118134582662222	0.4014817538771109	-0.6856381147938048	-0.584769141676006	-0.5913142956497699	0.4111511340157402	0.677603886048552	0.4495302770477827	1.4258958538191648	-1.874057842886251	-0.47868780997073196	1.3985629520078835	-0.7186816165398962	-0.13428446521038687	0.9639360664270329	0.3830440527504003	-0.2579341219425902	0.20969581183576375	0.1987943415215254	0.1669222326520441	0.5629517579026957	-0.7928323602537585	0.3014070366963307	-0.24638911425440824	-0.31877084825857466	0.7575774790036494	-0.3785899150818411	2.3334527845748876	0.7555167602699842	0.31096403004486745	-0.23971523268481304	-0.026837907824864553	-0.44710114614480906	-0.677287269829557	-0.022718343154848383	-0.48188870595649663	-0.5411718622701986
DTXSID4044660	-4.886047229312249	-2.14325377901989	0.36515082848500735	-3.015288886834675	-1.8561914256369583	1.9765244965710735	0.861876488119878	2.1646282669956345	-0.21967597979905776	0.9433149739941397	-0.2650096774116176	0.1560004374993325	0.23948602564095103	0.4391434987208485	1.0051092647860753	1.7425661833842496	-0.8128668303314004	-0.34587226678566974	-0.5863429500592208	-1.8746905623295884	-0.6472570232977005	0.22621328798280588	0.45675908481268307	-3.699786166904735	1.9593954988047713	2.4970505611498632	-2.895187236608793	3.2485472290480772	-2.0818845409463984	0.1985463120429383	1.9860194587144497	-1.0025948514897156	-0.8267256511398717	0.30862817101216256	0.5172761310529936	1.045975665971085	0.45916619634835726	-3.5038483453887457	0.7585239952040309	-3.884785060504726	0.8719219489991603	7.376234162946373	1.6346121662838036	-2.0054851000149565	-4.587228677078447	-5.363871457156783	3.6773946931342634	3.042170680433048	2.024255030568725	3.559104557479045	0.23905754098487428	3.213943023160251	-1.7859372672824372	1.9839883352366647	0.3378606391683002	2.348186785686414	-2.079032660421862	-2.2205964321494047	-0.7772981262133767	0.5879978027333777	-0.10831996796464805	-0.7069931541451342	0.017971629763391155	-0.1378744568961497	1.1455511793917748	1.3698167408305628	-1.0708674576625858	0.24996379507693275	-0.5926029175994335	0.5009893846088258	1.2533249238916624	-2.4174116796514418	-1.2557438138372956	0.38456820077093573	1.3515352238961318	-1.5660392498188591	2.512288615760995	-1.2469276523078148	-0.609140591935651	1.3688395826521842	-0.214378738803416	0.852337370665366	0.08244525697905493	-0.18388434466311473	-0.4417168773965715	0.15184039388765821	0.03796583501826811	0.16094439346594713	0.2911549290928187	-0.3522926464593188	-0.45858655933918197	-0.36906995234871615	0.03351775207014275	0.7800679396680846	-0.06039267974063141	0.539934683191405	-0.05157593986460351	-0.640920263048215	0.09911464287157014	0.202924811890015
DTXSID10379850	-0.6731743005262617	-1.4986584416706321	-3.741092147526262	-8.563009671414772	2.3500671888666815	8.655120076743412	0.6850938486562907	-4.04227495995094	6.7980740305314455	-0.6699574996145872	2.5922303120366763	-1.0872410604667448	2.2998418887502163	4.501552753043525	0.058631920461590534	1.3533241258337616	-1.3608236025540876	-0.15143729487759391	1.4133084408798822	-0.5651211072180036	-1.635108157637222	0.967230593288081	0.4766199534669041	0.182153959794281	-0.060809019775942205	-0.18050502992923556	0.024865190841378886	-0.8424992161168111	0.4229040726935244	-0.08794440867001654	-0.2362946141997614	-0.8572224062808022	-0.26848195917456974	-0.111223286063186	-0.608117211066855	0.3572623249670674	-0.051787300045341635	-0.22602790052948651	0.08442815223290506	0.29945633538142974	0.7624738847510701	0.4073805783190249	-0.32266339554048423	0.5344165217419792	0.04601599163662688	0.5155802887015044	-0.548739905194153	0.06880418306302201	-0.21901735530800492	0.3533806069846696	0.05329890206439832	-0.10987402140203643	-0.027583995108206482	0.28860796286732865	0.16109668735430757	0.282552574089148	0.4238836113252432	0.8038650309909344	-0.6370288624043032	0.5723350460712465	-0.21551610473613372	0.7707746150050984	-0.5058891144861064	0.04421545292821673	-0.40963588797693445	-0.44719448416696145	0.29384088551500287	-0.48432675489504323	0.16212751073268558	-0.5830647891408217	-0.39067219553430693	0.1358627263391716	-0.3857556151670216	1.1112991151859493	0.24233254110135696	0.07828217262612348	0.11780047573353426	-0.28745544093876013	0.0216382077797758	-0.2023645136520208	0.24860657893927396	0.212178769413714	-0.04437881559225335	0.30513055403972167	-0.6559574463124674	0.22082192259488936	-0.41962747964789954	-0.22189035602779894	0.14958340590082078	-0.524129902031509	0.4546015772685031	-0.032776764871136684	-0.8306133951397403	0.8130549556293377	0.12998483301504013	0.4168540748854456	-0.494262748106078	0.3843537660037207	-0.05177706721961277	-0.7707463293639273
DTXSID1041506	-1.6706111221960243	1.211574455785174	1.7487695247309119	1.5438775116795929	-2.122846244688975	1.8028944877818827	-1.6877705502676084	-1.656892155883922	-1.2553734369802345	-0.5375687960516101	-3.5393215019696345	-0.26568157504073303	4.7403344847830695	-0.2276023978530633	0.2788036682335283	-1.5054222377808393	-0.9296373219510589	-0.12294614201006233	-0.22251397983429963	0.3373370130295724	0.7640393694403684	0.6206454598220262	0.5006424110251322	0.18032470754969232	0.2152310756455665	0.39963324823712415	0.34958345830331955	-0.09504026232644743	0.03335607978001715	-0.1799409605170507	0.357338947199681	-0.4790332940726971	-0.6109908186061628	-0.5319423062936991	-0.49611393246059066	-0.06718457438826261	-1.211869402102554	0.2749182385858973	0.04856530917829103	0.382570868700071	0.009961771895004062	0.6339534096106435	-0.13331303405297526	0.30671935099669406	0.16606752813740544	0.053125681744093274	0.24869377515928764	-0.23297659319988687	-0.1912996891761361	0.1398507633371023	0.003914404667577363	-0.1270736081744802	0.2126698551298303	0.16752977047269343	-0.2196254864647056	-0.48492071526415903	0.27326419552541753	-0.1057490455356585	-0.42790405130168985	-0.03682533280669183	0.43097394097800373	-0.21323323865716212	-0.45095775665538956	0.27515720348112693	0.33726757739907626	-0.5424176889560107	0.18776678792419654	-0.46882597503207984	-0.17252538594003006	-0.9680257611676525	0.01877120991754323	-0.3753102391194608	-0.08853651633171285	0.16727777573801	-0.3129500420681087	0.40167798098479324	0.7024897481423332	0.17156226904259392	0.0848129845653417	0.02208085876304675	-0.17963017617758542	-0.1525042511392585	0.21952658880914996	0.07056063299937683	0.16925191643413037	0.4117240556385948	0.1353180587137993	0.0290866574301031	0.011609568269117156	-0.03205400882393558	0.2972507947103505	-0.3727428211844922	-0.38123084112058103	0.2700900500997393	0.6759470967869522	0.3219230160658529	0.17933742789421647	-0.27691533290743453	-0.31392921143997	0.9006508588993888
DTXSID6021749	-6.009162920451007	-3.641674117523641	-0.1893113166342015	-2.584417030738627	-2.272258607712279	-0.7314740081495397	-0.8931815313291352	0.1828612402745153	0.7526917175625214	0.3563708256221653	0.025491115284715034	-0.34322576226687307	-1.4292521009746146	-0.445290324612567	2.391767665474746	1.6002067109938454	-3.3231028487757936	-0.6081775967006556	0.1192461427408504	2.083977804113114	0.6450916830346822	-0.1092233132966834	-2.407969955528316	0.27491361181364316	-1.800561276535827	-0.9927341067021171	-0.3057463317078086	1.3874545390152562	-0.8158778256448713	-0.3669510295273474	0.0023267963995833134	1.056417079079518	1.0505110479625506	1.4878213289661102	0.2655382318935228	-0.13193448729653387	-1.00952299653382	-0.4819469483953349	-0.35188410185146185	0.13215787431196058	-1.0793192196993484	-0.5790742503679782	0.6002423737952567	-0.5088589838746219	0.26025118073096803	-0.10123057740082365	-0.4594265291675244	0.03166157165668816	0.1392814817286305	0.23379349146884312	-0.19010909962150074	-0.3039801945196719	0.3607252289864053	-0.6394225604538835	-0.6002236402409272	1.0421459251657514	-0.3188374189699312	0.008643872134669928	-0.16904970858169968	0.05960223911281672	-0.30220308305733984	-1.126931854546412	1.29182442934006	0.03468397673317192	0.1823463679801193	-0.15302747166589178	-0.557933508663477	-0.37940597672196696	-0.037661853569709275	0.4189468256024198	-1.3549964302270114	-0.9585935379494153	0.38786334491278257	2.2199070036825277	-0.2504983554939497	0.4416751947461549	0.23676642601839984	-0.06858965776632243	-1.6108018458845736	-0.8358275391726585	-1.474868457495394	-0.6746509804084614	-0.2307617053310959	-1.3355568835501346	-0.472521916847737	-1.9256185189915942	1.066276963150547	-0.189264801712141	0.848589169987647	-1.8677923461853085	-0.3604635235976023	0.4059506522201122	-0.7132733560770176	-0.4436113112333028	-0.2248178341509049	-0.28022326727967733	0.41283735773153	-0.07939856689392792	-0.19526955373724714	-0.48992238606107025
DTXSID5026914	-2.724204844252913	-0.7470272824746135	5.043584867095872	-3.7030324080915125	-1.2899114736486537	-2.3953516970851965	0.5593974230751108	-0.9589999847812016	1.0766724762696858	0.5716226147592074	0.4741526864311797	0.386724797382891	1.5201318781286517	-1.953469170084848	-2.181315316832351	-0.6824605422605219	0.12320354716424625	-0.849427364858135	-0.04533281296964599	0.5582979913761729	-0.32307814450433786	0.35688697570497435	0.27970043645432974	0.05640333974385061	-0.7492089163038872	0.3811405485879809	1.017495378089347	0.48260904233203133	0.41734217604799695	0.6791633599094788	0.7244459393671279	-0.7176066781917592	0.22336017435345207	-0.22629541313338003	-0.07769039836224018	0.4019805175870598	-0.23315973187550693	-0.32906669084729145	-0.28818087853906244	0.3698958719366809	0.26716737191337614	-0.096088406993243	-0.11770101455257939	0.09725830473265193	0.09732583626280254	-0.20903719881878316	0.30202133702545464	-0.4979989265952998	0.017390205124074094	-0.415179163415514	0.04448662330135347	-0.37223832132987195	-0.008350230513788795	0.22761978258220003	-0.13472392872981248	0.22481735202769657	-0.05834881598392126	0.10722988540484794	0.20218227965654953	-0.18945919959694021	0.14863129445227316	-0.177979527708785	-0.13139090599787465	0.5247746340005748	-0.11434000502582321	0.7330680075011462	-0.18703158268142958	0.030987659441250016	0.08833560942283046	0.0010923190638924558	0.44139712139513254	-0.05822839049934986	0.18203960238144792	-0.0915540415781831	0.37353949091572924	0.09319653471326549	0.08964001589961824	0.2458149942025116	0.4869787915449857	-0.5854548091639927	0.656988383097017	0.20455472311434808	-0.11280452991787679	0.07398912606881076	0.10963923349849444	-0.21708674169270173	0.046721026066341986	-0.43122211539613514	-0.20326170776980496	0.23886150665386702	-0.044286604793513824	-0.3040431679898977	-0.5084045199828814	-0.20744619479781062	0.07700671323031538	0.06054731772880607	-0.11559563789651858	0.22219664946119547	0.24023255014807623	-0.10850140092298693
DTXSID9046657	-2.945112400266953	-4.25036033469999	-1.832281076287625	1.3199200386781935	4.165427368990795	-1.3522875167441282	-0.6276530143849955	3.214173595382061	3.5110391399412677	-1.2485024113445569	-2.2948071733715696	-0.6542991925483718	0.39596285522696567	-1.862043876320853	1.521419591282202	-0.48849991873330434	-1.647314314472721	-0.8724442027506745	-0.6900742737228159	3.2595796513598985	-0.15138205798149182	-0.13149802061844235	-0.3192912546678334	-0.09398972969919045	-1.1156865855134688	0.45646154814009404	-0.49074397467131253	-0.7481986699198767	-1.8267502921648036	-0.4819617224731078	-0.016606266743254425	0.05364615549399907	-0.17032412532922292	-0.6248001613841455	0.7735582542814214	-0.12611182293664314	1.6854853553280271	-0.04861830192671333	0.3590335371112487	0.1801574791576645	0.30276462701471485	1.064785258960352	-0.3222185110839148	1.002079521607399	0.3008025661627672	-0.21412406380297228	0.27967380416526283	-1.011562085803695	-0.07100111609775563	0.12967588750763773	0.36802764566903995	-0.014169513556604582	-0.22491668351448807	-0.04311693356023365	-0.6623992569457563	-0.4588407859557606	-0.2517236411937514	0.14094809381468895	-0.053379029592769855	0.47568506108063935	0.15276802594206387	1.466410409488088	-0.39528534447600944	0.3864595322978416	-0.37330306523137896	0.4243947086448755	-0.030762104585521605	0.5593192597121731	0.02798237031838301	-0.6083205096254725	0.40660188209307274	0.3955332731304247	-0.7276710639705531	0.5020738160376191	0.29664805604648764	-1.7765131910648735	-2.2104913379586595	1.0376639658410007	1.9333364022838024	0.804663757226747	0.24970282810493077	-0.5564631272289463	1.8936739778603005	-0.06056709150189261	-2.15497972497968	2.9488915054394433	-0.34339048779398146	1.6536684851781989	-1.4006986598034723	-0.19433643151267535	-1.5021347152245383	0.9176988032823713	-1.2493202592172918	1.2489129552001461	0.21538267126741062	-0.7041938316214597	0.4624313970938587	-0.5043417239637903	-0.38961577945155534	0.687739727438487
DTXSID4020290	2.76331153345088	2.5267571061470306	-2.354924869830264	0.7659380644294752	1.0227349962463872	-0.6902366584472879	2.5713628161598083	1.4670364528948834	-2.561726110511717	0.3251375028430466	2.78301460584698	-0.3922160964590971	1.8075010078820992	0.5198521859642066	1.875001741668661	-0.7558574641312353	1.1258234679329737	0.21725015637619485	-0.9930159360039978	-1.12309190393262	-0.7638324672834063	-0.5084414774294858	1.5568541054283955	-0.926118391361288	1.119705850909168	1.032146150166176	-0.6213320202407655	-0.42363354342635845	-1.3746557776557389	1.5155737575388577	-0.6698226676755997	-0.27788664787138023	-0.284629619234039	-0.5847751674263769	-0.0889622364344511	1.0237169137390663	0.0718622824159148	-1.2837281375068912	-0.00022253720386199632	-0.6938550405738175	-1.3534370051231073	0.30234800329441575	0.8613857632767522	-0.18888683137989373	0.039601821869650264	1.763855013683623	0.5846377371402132	0.1858514575766043	-0.15139448683782408	0.3499413035557299	-0.2165389149553381	0.5500506982472838	0.7355874564507512	-0.3230317388924097	0.5855632185846694	-0.7719476826899724	-0.5024133771481762	-1.4537167460727345	-1.0628749686096752	0.6175546495453631	-0.38399475820828644	-0.3701372889093043	0.5903761273465914	0.028088537407150643	-0.4431372944513103	1.0211828318567604	-1.166471352814543	-0.24751345430338278	0.7790237296178797	1.5014054210628218	-0.24959015314210575	-1.5821948979819755	-1.208701832148979	0.9858912930996035	-1.7567626108942394	-0.9336941508835961	1.1660392093599108	-0.5353012286220658	-0.7896971143277324	1.0388493203998284	0.5135447302651166	1.2090395570440915	-0.4304451104075143	-0.9479778767573189	1.135338605207969	-0.37353753867719747	-0.1905276444291398	-0.3920128942504149	-0.2547685614137869	1.1998532611383215	-0.8004028321969858	0.09697541550888315	-0.46103285278417305	0.5274432954152896	-0.0871727809605891	-0.33677455424033703	0.006093476757961548	-0.3136857474353038	0.2199251419026294	-0.8494912295161143
DTXSID2051687	-1.780925217097844	3.9071996714237383	0.6713453293532837	1.2101348051071843	-0.09227719026418213	1.2021411338782493	-2.4120946162458443	1.1890683616280577	0.298633222126173	-1.3200922921608105	1.0551903156643594	-0.06733226235166402	-0.7610902129855964	0.37867534547456805	-1.6849817307700106	1.0429155478554757	-0.3560444077908977	0.1444692690926929	-1.1368909412762205	0.6913703450212401	0.7269142533142066	-0.36286579711713335	-0.06634577702386411	0.30566069604537327	0.02823010190354077	0.0161333489778444	0.3934455052818978	-1.1619079520788955	0.25487529618392674	-0.05494333292875449	0.834843775973778	0.029463843273732405	-0.5453186214861526	-0.21256796112692572	-0.17065959117099674	0.481698527775897	0.00014107012273277016	0.1329611077421577	-0.29852554110611623	0.40778139012820086	0.05041931149845364	-0.09603624419008173	-0.36609392259254375	-0.005621913987689169	-0.4510588213963471	0.45676111887324206	0.19473376397238562	0.19899680622239604	-0.24571084387635533	0.2302503209620725	-0.23588222202758546	0.17169758914424377	-0.35750807143124974	-0.10739706499428657	0.02348408258265448	-0.18606708239156006	-0.18273519513573244	0.06423531336022144	-1.102791876127285	-0.503962231174336	0.010186770907042205	-0.25007250215044013	0.41175367131418905	0.5860693423891479	-0.12571087497378458	-0.4878968127519572	-0.2809339294668888	0.1835972692006686	-0.5669551964476336	-0.5289162303763851	0.04532506514399019	-0.17978584915690857	0.2952566665958412	0.044378396025107396	0.6299710160272192	0.21870469293031417	0.7920292237765659	-0.21115640255391616	0.18499950907880267	0.4938775578696993	0.7791245330987977	-0.38306187579870304	0.004040919945844397	-0.6727481575404674	-0.1203291949447743	0.3453833481141135	0.5030598098554317	0.5245654945007422	0.03769783697618528	-0.07127251250680289	0.20891932597620008	-0.16017651490114784	0.18229731557881995	-0.20622369815268402	0.5464541470367209	-0.16631130068427846	0.08887890049484659	0.022456171104179898	0.3292407148914714	-0.03748505120369032
DTXSID2022331	-3.557194597298978	1.0967307141209415	0.9711672619315209	1.4909693341739532	-2.1363798822670783	0.11816151864697173	-2.3704882527019517	-2.777276165724848	-0.3517804044941123	-0.9905277364318781	-3.6137876983086996	-0.584613690956792	4.172689163213139	0.24113251651372442	0.7710956578901066	-0.5631066718266233	-0.5766979515703151	0.6175121701374037	0.028176921674137885	-0.24151926757320072	0.28099329660344163	0.6507439135599162	1.2459375841233942	-0.1372990813518386	0.6661513762107847	0.881517831184569	0.6625085209128134	-0.19311561065225075	-0.041585108176832	-0.23060320618808117	-0.49185417954631094	-0.45464415126474506	-0.8495086369285659	-0.0367946441548183	-0.32303509548652437	0.09598027243405605	-0.8353741058171682	0.42055963320249706	-0.7026055980772437	-0.42293734941862143	-0.0014076556121070554	0.4755864600005711	-0.23566650277537124	-0.09433555682437794	0.43892792762199134	-0.4116857804267471	0.2506799755272829	-0.5307525787854223	-0.1968414613656856	0.09449293789777868	0.06647225563155507	-0.3073699939116757	0.4850089971691898	0.007429105654799691	-0.7259872050863496	0.06634866468197013	0.2124309074997338	0.2519956333514162	-0.001135205250226559	0.42698217162694496	-0.2754834168913069	-0.18837652275540429	0.5623782328342851	-0.17215755824161053	-0.011550604931811433	-0.266868727396983	-0.12556206765320657	-0.7110739674817136	0.2610770922794159	0.27185009630226015	-0.6108619146857892	-0.025541764405723866	0.9933579718424221	-0.8843993174678004	-0.18736117928771512	0.034714026499615885	0.10509933439976149	-0.1382785925920129	-0.24620244921279136	0.1788011541116271	-0.3078813561091822	-0.644854308454082	-0.17970397463138965	0.16108499899108908	0.019246572784887377	-0.032132813934731365	-0.3807342634236073	0.36077576102998815	0.18560693159129044	0.19677296269910363	-0.28681816584711756	0.6945481774982651	-0.19568851695322526	0.20186323167594047	0.20398025368711759	0.07869879221122077	0.27609014699192824	-0.12128490831797127	-0.006219676722533	0.287130978037467
DTXSID1047651	-1.6298015362582188	-1.8703163113716064	3.4277083350206845	-2.9187222413677496	0.3353016496033065	-2.491137029489879	-0.3689155212872694	-0.05330546548748228	0.05958349160785214	-0.6820160453897166	-0.2609020688339272	0.566530258266334	0.3489760753485466	0.3219521755631768	-1.5809198901173374	-0.5621644941079614	-0.053299423595805674	-0.7674763158070609	0.5271871832758908	0.03573179039401254	0.21466426615079068	0.31729988225762634	0.31244020501393965	-0.2282278273652484	-0.07602149333997789	0.23556963648645968	-0.08470605615313961	0.1642549510204555	0.18540272602560323	0.11929760651677701	0.3270583706077948	-0.5502187109531806	-0.2288821630168118	-0.5129175981624606	0.22919759769074852	0.16385846102038806	-0.04224284454560699	0.39172220477641273	0.13543246993297703	0.5193128522435978	-0.07306412771746998	0.11471147922821717	-0.2307925750662612	0.0019305402586132225	-0.1692677706002828	-0.01933062977185559	0.2188205075947507	-0.21631299018126549	0.0789020376256493	-0.053195145471912904	0.10444707669995845	0.026796297166618015	0.051799622661394415	-0.06415261639283798	-0.06011855899566921	-0.09532860612370445	-0.11735624696871683	-0.02251657300420666	0.12439861760473214	-0.06749958170705728	0.25825632147619787	-0.01649354680861752	0.0942645396243841	0.07379770242011727	0.1608591407760519	-0.10541084728633811	0.10043601679266533	-0.27052535146173307	0.1245917697752785	0.48940136313057475	0.4021154054387929	0.19180231234126405	-0.004026444156322172	0.049457866446938704	-0.5763981110704284	0.23688082864680052	-0.29943812369297895	0.5717579399244219	0.11784314012364554	-0.13514856893760446	0.30810953843686545	-0.06647189569150046	0.12460744536574268	-0.04985702276895222	-0.011117813590756693	-0.0037589456290061793	0.002366561083434545	-0.3793009470611049	0.011259895714044028	0.1577949436724929	0.5292214888230915	0.17223982203898722	-0.08820199025019089	-0.2633722826372194	-0.07402238188798253	0.009388608718459332	-0.013893121728646587	0.07565994718779488	0.051498694574111666	0.2219285137114645
DTXSID2044399	-3.9128400313762928	-0.2695086886261496	-1.215135816791829	-0.000663309435016316	-0.2620473914940604	0.6412026553356043	-1.657117981787508	-0.4700542883188496	0.1415331858579404	-0.06124654199624226	0.22802119166560142	-0.48939180840610713	-0.774012136146595	-1.0646111722232439	-0.8299069812394236	0.1769722119936985	0.4686106453922282	0.2023834534717523	-0.2711736352956729	0.16994965254334668	0.9248354174222867	-0.12002032475028517	-0.2430055077166425	0.13053978968550536	-0.1032000260184089	-0.06728221181909912	-0.10644827037885313	0.0184241245744345	0.057224035895656875	-0.209969092602519	0.5113558583145753	-0.15505936392506325	-0.2066526916433618	-0.10673464454647329	-0.13896933487247648	0.06294552486983623	-0.04956141558454447	0.06888581384545733	-0.08807907778646468	0.20916773348664047	0.13131882356168	0.09197294585407846	0.02602009041015404	0.26894812408449753	-0.19391424688075173	0.14786085839278681	0.10517883146065739	-0.2726923023365197	-0.09439898152411597	0.040191304164680135	-0.04202024132426631	-0.07471745622401728	-0.18418344666905273	0.015828036226967955	-0.3205421527076728	-0.013454810050470504	0.09161340491108586	-0.10254922985789544	-0.4277774953259138	-0.2885166129797591	0.03340750492855255	0.10647557256431736	0.41572123790303017	0.41909215840804454	-0.16971245407785046	-0.08101562224367947	-0.2738514957269015	0.10933380043269257	-0.24198635799447632	-0.7359375580268029	0.10262408862502284	0.06413868911086269	-0.07843537932786904	0.036008418630515314	-0.18251935244460987	-0.4346948859528642	0.13276100034546173	-0.18261802269205968	0.29093166497597506	0.07650514066819415	-0.030317427123758282	-0.14990390915739318	-0.08989132891584428	-0.11721622618855604	0.5446780014237813	0.4926613631331522	-0.06693991062864293	0.5590606056954588	0.28309215612302135	0.4240843677373968	0.5644832572812426	-0.9037265022736463	0.5105700052558837	-0.11628297473501559	0.4349979502139367	-0.2733394836846446	-0.3630544784369486	0.12230093876939518	0.4378670455658674	-0.22442957369349456
DTXSID4027234	-4.799111909692073	-3.109374920990108	1.2264435128820197	-0.7124778149074544	0.5368805867066906	-0.5927160468670746	-1.2302439321382892	-0.2212111692417346	-0.017307806096993693	-1.100039502264938	-0.7609887218390418	0.09001125727156126	-1.0154050576544773	1.3805070726360424	0.07091574286285367	0.18906539018855972	-0.2805222413752512	-0.26693617319313184	0.7295773833943324	-0.3396304194583722	0.30489696590714066	-0.12995617360396294	-0.9360641625743874	-0.49577665229952916	0.35588722886984575	-0.8085940769011297	-0.6729909001845102	0.5036201592543417	-0.20408570248268423	0.20235762440909605	-0.5853641698175281	-0.00016023314827743796	0.8856455937773721	0.44323952548972384	0.2734927332467871	0.38972516859943923	-0.15676231653846695	-0.6106696251921725	0.2001059838540404	0.19311328472521844	-0.562776448853065	-0.002434100378890665	-0.2852079268756253	0.17047476525716737	-0.6271119587729159	-0.28361138931978974	-0.2805436174829081	-0.8497526161812395	-0.07441802635534758	-0.5628402951774784	0.11919442564068501	-0.3828291708042936	-0.27489889326340594	-0.07883000551049597	0.4380461738714952	-0.47684113785263643	-0.18053142187955823	0.1483117350945327	0.7050937713362851	-0.19208147594826097	0.16213042163173333	0.6009029857028522	0.13000308089102283	-0.5330064035727642	-0.16795385647491023	0.31407787094985873	0.12248615140033593	-0.29058821733527956	1.2509545322376676	0.019066945159188067	-0.11801544899316431	-0.12922544298160468	0.5747746542575664	0.17692714894314204	-0.5340178431847245	-0.757240014978311	0.01605835276573289	-0.30248262542043636	-0.03747816805326165	-0.4596293538958375	0.04880879712119631	-0.30010728813939636	-0.021431135503160875	-0.15017341775892218	0.3010753974890964	0.37242691048550786	0.07374298162967412	-1.0208459844653748	-0.6979313996693165	0.22995517962708353	0.23173282266019327	0.1667117163309003	0.26196550277782965	-0.45038062613518043	0.40222629089577	-0.5178929321339265	0.08057348662861966	-0.13443438797697277	-0.3044328961371232	0.2082150480959104
DTXSID2036299	-3.165998030087019	-1.5992000963594548	3.478885267387224	-2.7308398962991824	-1.4466884879564834	-2.360085575144898	0.911360640968312	-0.2762019005011178	0.9485757406652722	0.4062099782859198	0.40724364886993747	0.3319092027676522	1.1082373371748127	-0.8104925042652912	-0.3633222507725363	0.033380029088382196	-0.9449403914919381	-0.14806034350760872	-0.22158648087778304	0.31168325884252496	-0.36004468651321914	0.3136289651432438	-0.7779995080005807	-0.3422015800550452	-0.5782096652406142	-0.16556255308713208	0.7047986014283394	0.5931660107613209	0.17518064727430335	0.5204062036393129	0.6713790617404167	-0.513677383981881	0.32591515628972156	-0.20008569948147475	-0.3969646268317126	0.18821942120871946	-0.8645691658792559	-0.2669462403968475	0.0936876209133291	0.08224756723241355	0.1425009460712126	0.27745456523871587	-0.5281164063659982	-0.22884097507910892	0.1594045748688529	0.17862610670125204	0.26335341484221103	-0.08836426591937559	0.03494173762829809	-0.3980458835268797	-0.05503333126143037	-0.16146916291538382	0.012941045167244493	0.10925033902665075	0.11985074511034913	-0.10816111229828695	-0.09497375439117337	0.45014863231022595	-0.1220360998075545	0.040340533190709627	0.21974598206045895	-0.18836105072197942	-0.5262160920918357	0.08478592756309024	0.0963620552328584	0.1802244710266933	-0.26393464417793966	0.15895150211251557	-0.12144342059503932	-0.04929343239162545	0.2854400856178964	0.2759958240592868	0.043509900624884947	-0.10815829425689437	-0.3894581215224848	0.30417200189103966	-0.09220523058867323	0.7524498405746387	0.2533734271906616	-0.01829663498821758	0.03524430243709103	0.362665503018883	-0.45361546575379696	-0.30514014230413555	-0.07791087231474515	0.00011485848455562858	-0.1296130606330984	-0.8598121043539725	0.5322038244436962	-0.7282866623608173	-0.332668952066578	-0.3628208252962617	-0.3226569200088574	0.03301201256992129	0.5582871631773749	0.08886807429797311	0.4412716693665004	0.06972021405332089	0.429209404756526	-0.15127124191178376
DTXSID8046903	5.6337296313195315	1.475526056666732	-5.970936497240051	2.031932911940247	3.883806593449391	-1.907331088501651	2.982088697922449	-2.3108816166295107	-2.1387600093729686	2.5754414801472882	1.7817033407211442	5.526641274006608	1.2508934036548782	-1.6956757477272115	-1.710321134352859	3.1832570934515796	3.634987752644852	-4.593471905822502	0.5888933637738848	3.1351575581225317	-0.7135960951620467	-0.2919593438857957	2.9417054605837856	-1.1235237768730464	-0.19610461580170405	-4.801650279852657	0.27944988211218275	3.41484800898495	3.7548893333892956	-3.345034200560499	1.026074710771822	2.9498626908000456	-4.9468806036637245	9.739928491115199	-3.2910908032802335	6.229298533436044	1.6047275161351806	-3.0904742916206858	8.635717801208365	0.7839875755117374	2.5416592837544707	6.173790377542151	5.247904675348911	-2.6547375962230375	5.085167421694658	1.5299960219032027	-0.37925092888518636	-1.956259106982999	-1.834308181265882	-2.8882246714216184	-1.2783683617744932	-4.944834115912146	3.7395820085683495	-2.1626682215262516	0.39624944969216314	2.388505462905079	1.8881450535438695	-0.6299888688722268	-0.02268463291097477	-0.2855637609574484	0.4591521993776101	1.9672265701985927	-2.0764811387476603	-0.3822682588600308	-1.068260365440314	-1.6723652329435292	-0.09970227764117716	-0.29053848703248486	-0.05000674839802252	-0.3098025535323997	1.1295292587670636	-0.30003064941688173	0.8007084099386128	0.46297697858424436	0.1431766533748441	0.789922841361202	-1.4324819870358314	-1.3801371826753068	0.40466415163562414	-0.25192187261376375	0.6527640272577281	0.5540134662562516	0.6461337495631182	0.2319018657286283	-0.18857053278575997	-0.1886210639521973	-3.0931302394259026	-0.5730614124349369	-1.3343304804990708	-1.716258175390371	1.3799671253334722	0.2555240895497559	-0.33313114763643387	0.7605136899354874	0.7554310576611999	-0.3880722034306947	0.46944066501608794	-0.012144384064674881	0.3857093336741825	0.531487767854511
DTXSID6044563	-1.0230707345906158	3.9674337061093925	-0.33935599908524205	2.449096578327084	-1.9399792484348375	1.3823876626848304	-1.596003958167573	-1.123660896868141	1.405450264121182	-1.145390680450566	-0.3487509972131845	-0.23379838585894205	-0.8799008010615567	-0.937794040475961	0.297494535545976	0.30742047189011606	0.707995844304366	0.6424133110813434	1.501529509324427	-0.09385893259430544	-0.05108677710798155	0.06508893855914037	-0.4351444012017714	0.5129506854083595	0.5775760744805193	1.188894115619849	0.5616807647255633	0.653693385510235	0.0382788182258928	0.1479550625733683	0.6016905667870804	-1.4194881764823999	-0.7985384199493718	0.10865164542784483	1.3501364840342625	-1.339948501698401	0.9485090333662389	0.28651034628418337	0.5243471644996339	-0.1539448494695587	-0.3024780340144926	0.11360844827449475	0.20462661887517328	-0.46833784515431953	0.7952362666094266	-0.2861282609509616	-0.12440979365820445	-0.8248269094166356	-0.05159028745869621	-0.12698358252280403	0.33731748536940714	-0.29808969672064706	0.25120976566611347	-0.3738059577962084	-0.43580838187088394	-0.12936658901394932	0.1377060483184787	-0.39054769476516354	1.3811167162870341	0.8568174539975653	-0.33761166018481115	0.27672886086544524	-0.028263284155280895	-0.8583060866876905	0.4636652504832025	1.0681530819374003	-0.27226045294292744	-0.7480252643738526	-0.4154398928673634	0.6312816143234745	0.9692218658348541	-0.8423471078267162	0.2859578110334321	-0.9159820257679561	0.8618222124041007	-0.9734128689824852	-0.7408812949219067	0.7459424116889567	0.03092241480371321	0.36749660345243995	-1.3789636876966553	0.178139222974373	0.16705131673156332	0.09504824745025738	-0.3267557409041992	-0.39646421173944585	0.3512220872653225	0.032548208506271346	0.29483307206609094	0.0019623953409763748	0.11172510148371184	-0.1675169815827823	0.02614637169175573	-0.8062161672369516	-0.9930330294186199	0.49754438588633026	-0.6342494946814012	1.0634888134930431	0.23887887954868886	-0.7486726898225722
DTXSID1037224	40.12725507631717	-5.282870718264289	2.7970872215623923	-5.685129167521071	0.28544412246125556	-6.9347861724799165	-0.5972706045799995	1.4912311411572625	-1.27248915571699	-3.187753957992161	-0.30784592459298044	3.8486680276001066	-0.388485935109281	4.242298527208269	-3.4874705910854216	0.5485564140871699	-0.14363291501724768	-0.5704616031490944	-1.1935986092728956	-1.843310979972878	0.9917020598326088	-1.4162086301966619	2.5007880958794626	-0.48189581837461337	-0.510893425389856	-1.0552837965911832	-1.866192310892662	-1.384227045643302	-1.2324179934935156	0.4059594711505934	-2.2428844979318674	-1.5459700554401206	1.8148001830962552	1.6780460703580307	-0.9549660351998402	-0.24005174179359837	-0.8591820016526872	1.0212085946614526	-1.55795234183681	1.6441136631264248	0.2609114921729427	-0.09806279440808134	-0.4520922947524273	-2.672762376120163	-1.353988908734669	-0.1277065952230786	-0.5213925292566999	-0.8765844763524766	-0.6714045759930267	-1.4906134747652064	0.027168875721380326	-0.5200879361908868	-0.15774581557159081	-0.12762574348271025	-0.08938148499002653	0.37190760788638894	1.8977917699859834	1.3954203089123332	0.05875599093307944	-1.2871710971359402	2.1754586536839486	-0.4396274159926969	-0.6017061804758138	-2.675411190619476	0.7788812413276829	2.0228255070538324	-1.9848854910164697	1.1856334833192153	0.39849197315701046	0.6770371585395697	-1.1963192544257328	1.1059678206275467	0.7906737104415231	-1.9059248369697313	2.8525850456264785	-2.5350773771995962	1.663407782724273	-0.8218019949682398	1.5660802185210987	-2.4372085980595197	0.49523781510658316	-2.295205459828844	-1.037700166429818	-0.44875421634184787	1.1670141342269087	0.8667268911187533	-2.677288414292872	-2.2183344516694308	0.9693825629236867	1.0428514956429926	-0.39632459441055623	-2.545538908929376	0.27143571037998293	-0.5202244777536881	-0.7448968440661196	-1.3740773782798643	-1.59929372922435	-0.6892668459814928	-1.4822428512533672	-1.3846036052265125
DTXSID8029868	14.251374518719985	8.305867458244359	-2.618438626498603	1.5456594274518576	0.8289634926687586	-3.742584173357756	-2.049528428225144	-0.5611515582867849	0.12024749782398333	-0.35192802256957934	3.4324445246486017	-0.31707637417918744	2.047421179140356	0.275560201725157	0.2670757723495072	1.079233550504893	0.3070536803609436	1.345724888250114	0.8139213804496397	-1.325239077289676	-1.0397112460797209	-1.3115448478640428	0.14818162981089675	0.4177124038933609	-1.2398461454552046	1.1315114037609197	-1.0824055578259961	0.34201127585111757	0.14098563548091864	-0.07663568351356881	0.18710588114844673	-0.7216105756215931	-1.2802158357279696	0.35425185971980633	1.506509099253887	-0.4478045566761174	2.2989879088580394	1.1321604978320805	0.22891684658715356	-0.22901748294031632	-0.8016364412448854	0.09233857487236317	-0.6017742416377452	0.3761593489221971	0.6199189451528092	0.14454761412257566	-0.10743541368224978	-1.1525078751775892	0.06506428005432996	0.3358025765406949	0.4028318809082145	-0.060306519756744635	-0.0336017371593829	-0.3990163348954664	-0.4431502581939336	0.3075173609338513	0.43462981614604435	-0.7188906915621697	0.28316121554939233	1.264096976539415	-0.31157275879707585	-0.19944911119714645	0.3998161462848001	-0.30362069109248635	-0.4551293640445178	-0.12050256464229848	-0.23283513937365952	-0.22611318699671673	0.4211968301299689	2.1300349356047477	-0.08190081022501204	-1.221862344498298	0.18970022416824045	0.11926893898933215	2.4294049658606935	-0.8588153405102597	-1.000069757095678	1.3658183228285588	0.273124553528813	-1.6271762278659982	-0.8314553702792203	0.058828937250828627	-0.4275826414895722	-0.11426567338887236	0.5641355322014769	-0.16430046112194152	0.28580239563647086	-1.7496534858440755	-2.3671917362343455	0.40943476422615654	-0.28958676033112396	0.8871327376308809	0.7413203451994721	-0.9320304623106733	0.13455222465678304	-0.6679746687119233	-0.823916328399648	-0.08905200054006367	-2.7844537955547572	-0.5522381424337823
DTXSID1021584	-4.018062972313658	-1.178088345706562	2.650609561531217	-0.3516443206597201	0.7863631080823436	-0.05401433872166073	-1.5181604523223138	-0.5056663022865477	0.4241864866714829	-0.029400322727878063	0.24877720928063776	-0.6587026333028575	-0.40237480163171097	0.16916373593363682	-1.2179701863272747	1.1444278764357203	-0.5780420589549001	0.26854763760230654	-1.027745857403527	0.48741138575093285	-0.1933460649907844	-0.14024151262486173	0.20033471474964087	-0.6374708053481423	0.9713829755390455	-0.33392990758154395	0.12410617807817916	-0.7780224535354786	-0.0478232076270131	0.34841215785826785	-0.19456343763453698	0.5958224387307292	0.6269226537815303	0.49390198411587305	-0.7562167465294308	0.07446502059149117	0.8942668920210904	-1.316068652807188	-0.8995092950144888	-0.39233426610691774	0.2950431881907732	-1.0690711226078182	0.3125373026734149	-0.388728508547321	0.7457383010031573	-0.6692333460547352	-0.8210499577571918	-0.16893778528148612	0.170883753308655	0.15330346562429703	-0.16749965417462342	-0.862026277842642	0.15194319752968918	-0.19563819772096308	0.44761546979499517	0.5572284584501901	-0.0745559776058624	-0.2063549074690718	0.885701790955053	0.592542768215341	-0.8868438648472631	0.26297168429575307	0.2458391116131926	1.439193585348201	-0.9126784453652415	0.2618989869953818	0.8511116061716549	-0.9855546213519197	0.4072815407770505	-0.3140627441585575	0.42947076514088806	-0.57043363124173	0.3147689556460333	0.5874970432700622	1.4100663895165249	-0.9745547131984806	0.47131012116408283	-0.2343346558802901	0.1933934851501908	0.27237868422557915	0.2750477420477092	-0.06450237668676695	-0.4635968366035962	-0.4795606982649155	-0.14191290274009447	0.5433022186623953	0.6506429470144363	-0.4071656357243007	0.46509994434988616	-0.2663525815244936	0.6904753601978183	-0.41797132439236506	-0.38121178663916666	-0.32072002808174227	0.21859212072892426	0.06733732984608425	0.2820813097628631	-0.08908593767889662	0.3271222322524568	-0.055849649424033795
DTXSID90190949	3.3184913193364998	-0.8127595982714996	-4.227889010658736	-12.841050139195461	1.8505542531772599	12.164883907079675	1.39693014281746	-2.131934573366474	6.8937672234829215	0.3496284436958954	3.4710143098516584	-0.25509893140605633	3.232700030193436	4.697680153037173	-0.02633293966673991	2.4979292190310347	-3.86001472055555	-0.6430212305378682	1.9716257600513003	-0.8163752817748973	-2.5089305189480093	1.290986937343088	1.6100099969402977	-1.193696147700003	0.5499079655188572	-0.4728660657494842	-0.6991134852864783	-0.4049427308902436	0.4385790330122689	0.11841255912806518	0.7535473957940315	-1.3697028325318832	-0.29428645514042384	0.05641830379370242	0.04083299731280899	-0.1431674147684294	0.2962080395775913	-0.241457157245315	0.4742898867380001	0.6145369018046432	0.3345195506246725	-0.2838258535519394	0.011659566281964831	0.8320469448304924	-0.3164484982107174	0.491608815328533	-0.18245977472858593	0.6205580999732369	-0.21236731941609727	0.45878376224886636	0.20953091090010262	0.12699222510906252	-0.0853210282550427	0.31772408618320236	0.8138888709102885	-0.14654972331731939	0.5068436643358876	0.6742755176276125	-0.6717395322838637	-0.04013027992315124	-0.12039549672481899	0.35332982667119867	-0.9893963942042906	-0.3797240983349748	-0.11591152970216549	-0.019554911935707967	0.6182836355563053	0.4117876486553396	-1.6851044684122536	-0.14666637123934248	-1.2803217459764393	0.20483094291513973	-0.1992148131090336	0.06691725502638196	0.9878788151696176	-0.06358661316471947	-0.9150294186125877	-1.0198717281013894	-0.09299494291030211	-0.020162620685197006	-0.18906004654528577	-1.4832013870262124	0.6844276141095563	-1.6036045630345168	-0.6842178044891004	0.520728367566992	-0.39998370146103324	-1.3208160673242457	-0.1791240602562736	-0.44328742620845724	0.6685114462769652	0.9262974685452888	0.38395522906154544	-0.6309179959820882	0.5548579681726846	-0.6976407965829878	-0.21370893239745323	0.46967164563979663	-0.44401651389143304	-0.4212402993807012
DTXSID2048876	0.76317810664962	1.5938677423836085	-1.3750484449061795	2.6748820043288806	0.9412628302255863	-2.3290441200776324	2.2805922142358797	-0.5238769835350346	-1.687437045022787	0.6735709445132785	4.008140644287297	-2.123561099247801	1.9440477825083076	-1.2224946504333778	-0.15690598366970426	-0.09887069152160909	-1.1628215380519444	1.5241405250196727	3.482635858246127	-2.171270969045422	2.287839635530385	1.1702119835299711	1.5076563960060532	0.4562563726581618	0.3880799012853155	1.5916888433281837	-0.01985804581811812	-0.75175784484193	-1.1226139919402194	0.21234864621496144	0.1442027734127519	0.36295534993796286	0.016351219492930738	0.9914506423357529	-0.3854051976333832	-0.9278832912911299	0.23009730553606345	0.12821652147960147	0.28318427749703795	0.06854081057482149	0.7204497277508635	-0.454926381941766	-0.06374591860540031	0.20513844838359005	-0.37355960750986367	-0.7726492580726176	0.19231184293811987	-0.3164969694124831	0.09765459134985036	0.05252895313574183	0.157551243811795	-0.5069402673885492	0.21908026017700788	-0.30422706971591146	-0.03869444412339264	-0.7123991882285733	1.2255743746782757	-0.7388061860861515	0.26987077279222643	-0.24726906189370332	-0.36949101421142483	-0.3406720968724667	0.04065007762438703	-1.1045305957797256	0.1951754400151893	-0.14702087826370067	-0.517743958434738	0.7471204973825161	-0.6681320622350377	0.5137191178030431	-0.45910413094411506	0.5942704429899403	0.9825897600145149	-1.336427820779724	0.31741326885136667	0.009285647795048157	0.05504169992263944	-0.07611476291468314	0.6882793478304429	0.4293407302222943	-1.1940077922212098	-0.2006302758243968	1.3487491759918802	0.4548674621693018	-1.3035877832857863	-0.4977039663338186	-0.6619263098781459	-0.3442614343326893	0.5553580118628705	0.19086010100300652	0.19953108443937778	0.6628390562696688	0.7031855723912017	0.703230930023359	-0.23197500023989662	0.3426590850947612	-0.6111665409708172	-0.4433353701270066	-0.33292050678800517	0.429225211856408
DTXSID6048751	7.861828993155111	5.8434058843373045	-1.217313285012119	2.7920380287627378	-2.625631676893283	-3.0497386241005433	4.806707834027656	1.6102821389051751	-0.27411766999247356	-1.488607878785966	-0.07501704878189432	0.40118214657302315	-0.006621251805960491	2.1644119821539873	3.384773272390986	2.4223920762977045	-5.0355263173886335	1.7477153139040709	3.4364803085626887	-1.2914572362598502	0.9421570811807118	1.6720055101128475	-0.6147113018925803	-0.607098527750148	2.2869519655527877	0.9129743415555849	3.556962072323675	0.038917357394310105	-0.8334796104283907	0.236580661848335	0.37614058690302454	-1.501671818605024	3.7884839884619526	-2.3962608441241264	-0.9506186509448429	0.27749141295283	0.7235718207261868	-2.287392094853167	6.662012063998608	0.17588110002911708	0.7294263796511529	-2.9954967723995205	0.665052846466124	1.0786407465574421	-1.388626953369213	-3.2015283464395834	-1.2774836707213602	0.7998543449692905	-0.3345506535744052	-1.2482703043516714	0.35430542334963805	-1.6189120253265752	-0.13822899751163567	0.675236228466723	0.1842254892765824	1.302109754700305	1.3969664297550846	1.242094840161311	2.5585654860145297	-1.8394501909792262	3.989162643869144	0.37265718451464536	3.5282589002678435	-3.9256904812254847	-2.37823734556956	1.5484062512051928	1.4665575436394447	3.9089341252470793	-1.26142844385033	-0.3397703453175397	-0.6920586190905211	-2.2662515694178946	1.3045093363516245	-1.3143174116291314	-0.41328063952713434	0.4162486295255561	0.1713843212426772	-1.9824330082810535	0.7702156307819414	0.23054515241553097	0.8688226524447266	1.0995386000860528	-0.07316427007920959	-0.36488820405250805	-0.05878300036125186	-0.07062831614345055	1.0302496766006566	0.32925680709924493	-0.052383127257632556	0.3073765556351824	0.06278671832647319	0.1466394453526537	0.9781413601132726	0.4548306354982397	-0.6472860924577106	0.6092656739897224	-0.1884807166263518	-0.17741792385626168	-1.2995722208366387	0.11887584827975697
DTXSID0021096	0.5348909710813781	1.715086708412829	-1.1676875513303429	2.1586787582089824	-2.018162560207887	0.2854363031484742	4.211290284135916	1.9176927152032412	-0.24181668822566454	-2.1040778516006444	-0.15302775953211906	0.11707262814001825	-1.687490980095146	0.884877944495368	2.4067049871448893	-1.6743806553566374	-0.1341941469432888	0.4235236221996566	-0.712016231486513	0.33308982798524467	0.440281947499062	-0.9115707161116986	1.0911862649081656	-0.7285735683148853	0.9854449561555227	4.87447738130143	0.6686149274522526	7.176569030838828	3.018902459568448	1.0146995726696248	0.13015518177238963	-2.3844425751711116	2.9680700778125306	1.3572165743759421	-4.871021678534244	2.311200836733603	-0.7204134570575335	6.034025607962899	0.25105106546209116	2.5807029117744382	-2.2197261006503597	-0.8362914888604275	-5.513090099495379	-1.5032907713880452	1.9039927234801703	-1.2973408504159607	-5.442748959374213	1.031050063060265	-3.045441447577602	10.135989809215783	-1.1375145040841632	-0.60784932545519	-0.5936482772693427	-4.9835650136181515	-0.5393414047048564	2.847926930585587	-2.208767743253806	-2.0103534670290544	0.641428458658182	-1.319072876169067	-3.916705747464448	4.0961751284840755	-2.613442865826034	0.3010200178819519	-1.000554868909066	2.6564273852889677	-0.472273701323696	2.4394447765547067	-0.6091405818089477	-1.7894147988341877	0.21386840548326147	0.6790525701053827	1.248404688884089	-1.717787941581494	-0.6086520529832186	-0.32413371875639346	0.661013578014598	-1.3200982122799818	-2.197141527096855	-1.3083925326254562	0.6755778124201413	1.0237667460692668	1.2365807734215215	-1.3293809011087532	-0.34636699505269297	0.9845605515398761	-0.9859276631755065	0.3151144159897615	0.49980335818107857	-0.13703876699950052	0.3997714224695443	-0.21066748856127562	0.27112456230440757	1.0029184877205521	0.6738111775963238	-0.0024785866920918344	0.029265382817167507	-0.06875897046758685	-0.19039137509123405	0.2758799595133191
DTXSID8040438	12.864226580488806	-5.771697164921102	-6.355328940948358	-3.3438733856338794	5.916802762943237	-5.672896445306053	-4.5915331021912085	3.2562905752711293	-3.671307355725436	1.7251472084914359	3.8943385697745594	-2.541184333182758	3.079503393155933	-2.3225824550882526	2.308506108709699	1.692139963751339	-1.775013246620891	0.6189743460316094	-1.6638358509109796	-1.3330966246507465	-0.9626634729655605	-0.14278746192372774	-0.09069393262452058	-1.3147078416874163	-1.1389232510642728	0.37791750753072606	0.15017828857406532	-0.2536784808130007	-0.5039314006238514	-0.015753333390636323	-0.9439652545274542	0.28972051444132574	0.33748855848022663	-0.16818796910660044	1.9176355256033961	-0.3184656065539647	0.1572710244111265	-0.058550167420964666	1.3736268350915308	-0.35678111359364834	0.4065793990376023	0.7627892091747082	-1.2333055945048397	1.6664769965327413	0.29174052857466976	0.6656176247367965	-0.08040538431945392	-0.601344055576173	0.5894053517668655	0.7644290669941334	0.41902334392226703	0.08839825814037863	0.40099346476509284	0.49197580222171283	0.1372235678507921	-0.40239916404584963	0.7133715831699842	-0.36876660812357415	-0.7905036093292498	1.2175800730653208	-1.505801947344427	-0.451565339274474	-0.32889993895640796	0.2837691610339577	-0.7195121728302943	-0.7337671780374939	-1.1244153222368403	2.176844338906614	0.21038352001092012	0.9695781523952878	-0.6556333612020182	0.7565266640368344	-0.08638824174236229	0.915723806546546	0.5177557448595644	-0.7017051091702572	-1.2970538851813622	-0.21100668770545344	0.8067739964333609	-1.2563380765325776	0.42480304329213103	0.2511790657065741	1.6852292537658142	-0.3578520266588745	-1.5091053332866233	0.6213820227392156	0.746627415672581	-1.6688482258140667	-2.3205298535162866	-0.18114883557726016	0.2274072327991786	1.0743808135702941	2.484364229305848	0.06709720522874937	-0.32063948013992677	-1.2228501583758573	-0.15876700738507843	-0.038633066001633076	-0.07419005351779574	-0.8743590268364542
DTXSID9027281	-0.3824481834842501	1.3660046331581601	-3.3989580844337484	1.5767891047153242	2.2682660173092644	-0.825368118187913	-1.3674867351945017	-0.8845881600614461	-3.1131427922377624	-2.9923856866370984	6.325424307183338	-2.7249676297956493	2.3196903326735834	-0.7875281974368433	1.6379558359615007	-2.7708070937391294	1.337591126250211	0.8118241083892445	-0.7764998655482128	1.7716393661899892	0.18155644520018296	-0.27388063028105886	-1.6987558816651036	1.0723312048554376	0.3172903951377987	-1.7356811918523183	-0.9476396318468844	1.7949252000625886	1.2569359150969717	-0.6319098153175399	1.1909308162392027	-0.9365885048274855	-0.9653334560382907	-1.9343166321144816	-1.2432343401519976	2.4464734662580683	-1.0366373162593772	1.0729375795495941	-2.6069822377475007	-0.5905224717036937	0.924325548645152	-0.9428368712357099	2.732559293354825	-0.5113564412692108	-0.6538096892080897	-0.257688224521007	-1.0288098415174525	1.5841258556277966	0.6137318755590723	0.030854674960314143	0.46041787573445114	1.149979012668276	0.015875048568308573	0.7191156640996934	-0.267689427108486	0.7262935309159887	-0.9261663984757764	2.124077838863089	1.4255324512724987	-0.5871622277275949	0.6701925435069677	1.561067845266711	0.20325580697693185	-1.3065509180107169	0.08702722798145597	0.5047407812865414	0.508320360682333	-1.0348611943424164	-0.16202290461123353	1.5827989587515663	-0.8619262242423595	0.40965143156539513	0.3409147077427016	-1.1981556628049073	0.9047445743387275	-0.6927866301169116	-0.9032206690151027	-0.22196347245646975	0.39246005991278937	-0.3142476923678892	0.2024844436959486	-0.32881071922368305	-0.2675638061173471	-0.04845044595168488	-0.4684157521554004	-0.4098633819776787	-0.3558461890127013	0.25032044275163157	0.8898885596182908	-0.026405695427886733	0.06656928765503071	0.46407850532006434	0.05536847267654153	0.7689643118124191	0.2878468434234742	0.9848945114719256	0.3506892989276468	0.21995730694264737	0.019861760870936305	-0.19286181611044784
DTXSID8037750	-0.535749221305392	1.4213444486618663	0.10076609665831915	0.7023935065691123	-0.576949432846078	-0.9557733209436537	-3.16368329168105	-2.5581919465510086	-1.389193824745154	-2.3517109229149664	-3.8352995706851063	-0.31628001597629696	3.540459574033015	1.4875147115425602	-0.39721234756880947	-0.7575725352564444	-0.4753403929624198	-0.3562110179064403	-0.005866362521492743	-0.06374394745384362	0.5181139837979515	0.5679313775330488	1.6503521938129824	0.29234249923654804	0.011471787785745176	0.4340497153882579	0.19678626425734616	0.5120962293955104	-0.17978496732175994	-0.09928726111958312	-0.6969119372683216	-0.47200013187838885	-0.5793867416952216	-0.5177270329885987	-0.641969263591296	-0.010815131328561059	-0.7397351232718395	-0.2408182972627006	-0.5050190589378234	-0.13317689491285492	-0.2082133078761102	0.18908103282898422	0.06134766182091928	0.4626537140115123	0.3874679053800914	-0.8297924935299924	0.35361365806447226	-0.48948090193118454	-0.2618654699444456	0.4430613421359893	0.003660490263147622	-0.36023432357367274	0.6627913726118105	-0.0999622558463099	-0.6763295079494017	0.46900687397589425	0.07977982473462415	-0.030896518603688673	-0.028278782688652103	0.31227832328172117	-0.2613927119441831	-0.18795095008722656	0.6803533423492347	0.8547059855080179	-0.13391774072826032	-0.7063202161684043	0.6960095947992015	-1.318347730628393	0.10032395222889759	-0.1747416679707504	-0.5800557961391257	0.1764604997550876	0.22883031739730125	-0.4904679660557032	-0.5965154319483568	-0.35103484753779524	-0.026983582929742025	-0.20623593226302753	0.058258099048018555	-0.21722475958840826	-0.05472075558079347	0.15162472975431346	-0.20752019713404882	-0.01627037984676653	0.0031524783992024313	-0.19678524559209343	-0.3714586142460219	-0.35063337668901295	0.13014572165169844	0.17144240589303197	-0.5890477248842819	0.5684095688080558	0.0025003546005358296	0.15680696428952962	0.4540247568695424	-0.019864137123584317	0.1918816109388338	0.05341953252965362	-0.008225997481461375	0.09232632308984393
DTXSID8042399	6.11491803372304	-1.3629191534265694	6.657425551257067	1.345354984992009	2.287838360807845	1.3641729862613488	-0.3306299264512846	-2.0088862346810488	-2.543056636746725	2.0974160223786145	1.5923127365794616	-2.6959852566334175	-0.17807126990351	-2.0392050727848408	3.382080884147261	-0.9296532433457128	0.8473219819795068	-0.16833258377703328	1.493705673457821	-1.1730705372877346	-1.0106404775117062	-0.35081068969707785	0.8570406707302427	0.3440860047169475	-0.702126313959232	-0.8995325309506419	0.39769146541253686	-0.8493561203149793	0.18708074189960297	0.4422419680742914	-0.08030157195997645	-0.24904444300942877	1.0442820874939547	-0.17114558659705953	-0.8109404854128986	-0.3324649899832683	-0.036106007847463074	-1.0088729041674993	0.10489088990302625	0.29735703717290685	-0.14449470690568608	-0.0781749386383327	-0.5075053685434416	0.7348729078243023	0.02811931197699641	-0.48502434435586067	-0.41920222399335755	-0.6557206109601291	0.413620529917727	0.32142390728088754	0.07190842704323976	-0.686519239434725	0.33362073005801696	0.04081739652423918	0.13888825617953418	0.41499797736097316	0.20684667208152982	-0.6349025573978515	0.10358244832331406	0.9975606345418518	-1.1124963528450227	-0.04574605471643366	0.04889014838838676	0.23544376742242606	-0.3860747875173979	-1.0292813063882151	-0.3329661811748219	-0.7424053789383257	0.1798045056183726	-0.5914919564520676	-0.026908620459144217	-0.8403817081861593	-0.3340377290049684	0.23967963435471865	1.0100080184342264	-0.1492945089267254	1.6137439957639719	0.35887292243619084	0.47613253705812847	-0.24771669145585842	0.9412187121759173	-0.11404297815247272	-0.38666258567915696	-0.40629860023670444	-0.2943151726277007	0.2243761300649448	-0.12051218894421872	-0.33340709351392017	-0.23251763121629782	-0.5624705204234639	-0.10952019160223622	0.9322977860625549	0.4049929532595454	0.7293674216189235	-0.9911902604243809	0.23673894193766953	0.2023312812958197	0.26520705279225365	0.43207476800993305	-0.41738625901105975
DTXSID6022559	13.615071457699036	-3.1914769319421388	-11.42599385382935	-1.7095469934472083	0.2595233255570668	-0.676505259850422	6.61858944310016	-1.3104081272663979	-4.665806244789199	-0.02712280305403619	-2.2647607068759923	-0.5079306507609065	-3.490906026711913	-2.365336223834596	-5.27118916836235	-0.08340913632217369	6.56615039098496	17.375226880764505	2.589810385851917	10.346493059513763	-5.211002940486501	6.598193603268222	4.980364492484867	-2.099600612834541	-1.854085938772616	-0.5839529077094913	-4.228291888220327	2.770277473665737	-1.6685905249958848	-0.7238169181598071	-2.021804796991714	3.782968380369313	0.6914340674765836	-1.1095357277498075	-1.6940536464084923	-2.654896499020044	-0.9435408738102595	1.1595086088471611	0.7996949307732213	-1.568535037601725	-0.15705396578891329	1.114338235752744	-0.3183352566832901	-0.5149614423821632	1.0851903319919067	0.8650101770064876	0.3862347532544429	1.2610045616543986	-0.1458405587145248	-0.7435860265034546	-0.22540089726865556	1.6776450021441507	-1.3930228846869628	0.8161412212443585	0.35952016431443495	-1.129810521280319	0.20671547421552453	0.7057929541561196	-1.0157396598182047	-0.2112031156693528	0.7653515086885974	-0.01517981200377005	-1.6187179910411547	-0.3355458994135481	0.531541785753217	0.8822179151960732	0.9045547953114692	-1.3366946966841253	2.2166667895297487	-0.24911840785525552	-0.009089222369741096	-2.349035295250354	2.0363759759445386	0.012456337391178013	-2.3383699695623275	-0.893831764571388	-0.366977059622727	-0.983848178165728	-0.39947729145754834	0.48103128000789747	0.7759640093906093	0.04226099057286026	0.21650865306092063	-1.1135314067503594	0.432690987619193	0.5040011249955125	0.9550035192854673	-0.03276007108785059	-0.6537941912145993	2.638071771957394	0.7772568763198288	0.2698546396471332	0.12400152703654249	-0.27702154521246797	1.861747362167681	1.1300079702854253	-1.3447720664603235	0.025444610754552066	1.975961427477986	-0.15663383614171833
DTXSID3048603	15.98272264176638	-3.037888148919425	7.948375465297148	3.71834506135002	6.816598217115007	1.9809051137819451	-1.4944852104496533	0.16055818589536267	-2.984155790866572	-0.4616433684134493	-0.5322006613136755	-0.293926411772874	-1.9228281788529218	2.579864379121131	-2.027501079320639	1.2739414789924728	-1.5020768078957518	-0.33215660432920374	-0.7866942983181299	0.4157314966621492	0.45428899186197813	0.25009384191047546	-0.30433127469682203	-0.7275423507675597	0.6909584596971645	0.258133294640719	-0.6971991566520847	-0.5537187389962209	-0.37552139592069333	-0.1783088859815583	-0.7817285159537997	-0.2413070154950563	-0.5228985642272852	-0.14093919683008085	0.9263897025075343	0.08834914976420541	0.25221834294702355	0.7697056352251044	0.34304406768504647	0.42155239916648096	-0.04104026495241851	0.4066896536415077	-0.379640665289444	-0.4506312618851067	-0.3075948290824175	0.0678661838178967	-0.30177411610873045	0.4027735241999595	0.09352532656718045	0.3655498680821712	0.173570505981908	0.5359381050195059	0.12521207811547877	-0.22296843373837366	-0.1762426370041401	-0.12412555873154395	0.1072180959520125	0.22516903792599657	0.12235430573208625	-0.12083629631056303	-0.35720753107718733	0.17348951965465156	0.4050159138184598	-1.1606220857338276	0.5842641994025375	-0.6744888324626734	0.23347270690243677	-0.6425219644536921	0.39369749741791304	-0.0939612777011726	-0.6791133192164055	0.2307824959474262	-0.30182712304270803	0.17817653283750445	-1.3038258658052475	-0.3833110267765232	-0.6403992673312312	0.7340130487265234	0.4662636890129088	-0.14270517502894176	1.60916219180551	-0.5413684383336042	0.5219254125094455	-0.5462230266973437	-0.8267715363867313	0.06558210167533049	0.6692699514163911	-0.26928918876289276	0.5069311266152698	-0.08949007989456849	0.30284864605105527	-0.3681140635295963	0.4389671417643139	-0.8815282845888043	-0.10189633208987449	0.1243408132690267	-0.3024002051427559	0.10383216454118166	-0.6769835953430644	0.08006656438672935
DTXSID3024289	-1.3293088565616171	7.143778505075654	0.8448709720281241	1.1064579762826738	-3.2325097829362313	0.5385261688756737	-2.1843093386027523	-1.4383091347168675	2.879467305386748	-0.5718877294540354	2.3472140510453086	-0.9095598454334488	-1.2041920782347488	-3.7239916933934825	-1.3969563019364073	1.100430690928878	-1.0641620748167235	-0.743637602567611	0.02900070158724792	0.40130479878252645	0.6079600578212239	0.3710373300626113	-2.153295578677458	-1.2796612538491647	-0.6609218893975661	0.12345768655458329	-0.744417384973879	2.077993882246852	-0.10671066205035915	-0.5427956181324459	0.7477245102733433	1.5865397918584205	0.5575358252804543	0.23282350352781356	-0.9810111574585579	-1.0297314839318004	0.36155271823031293	0.7309680294401237	1.3184087985297555	-0.6994640453717659	-0.5376231340545068	0.658920690450968	-0.9857349765855031	0.21808459460928106	-0.42504768561771183	1.4277281539143516	-0.06489510938538345	-0.22344659399923344	0.5065281836212382	0.07494921886683277	0.2777189147915112	0.5082438572851344	-0.5804119163044336	0.6444089315285636	0.39510051348487396	-0.30765155743561656	0.4023728427288081	0.3490820355678886	-0.5009404488082114	-0.23022702167977113	0.2809053834872268	1.1080941523201404	0.0107866747924853	-0.7054221096561629	-0.3350789752395747	-0.6488327375040955	-0.06620141655306577	-0.2580200526237807	0.562842056206497	1.6677455963870211	0.29126009191143937	0.18486834507512942	0.016431148752063023	-0.4397279747832376	-0.13908119849591788	-0.6921244600631764	-0.5833960557075395	-0.031760691620812305	0.511509489280626	-0.56592046315283	-0.16116446956181077	0.2739612129052029	-0.14618113602067456	-0.32830712904487896	-0.15262431111007674	-0.1860650435280391	-0.3677363375891026	-0.5570301439310735	-0.32679972711096306	0.4010621672977813	0.1550127574061146	-0.23719297205360795	-0.7059041041906561	-0.013474908211335221	0.06988459667879066	0.1639512038121966	0.32843953861096153	-0.3378216704680333	-0.3791894803649684	0.16302960451048681
DTXSID5047538	3.510767923092442	3.9862213310080805	0.8822874017742792	-1.1200989433650155	0.6088038417224589	-2.34300215279372	-3.2898912361584007	0.6749617601074486	0.18791659026579888	-2.7725208729565183	0.3240263156659933	0.040006641290005335	-1.8748253674702744	2.4604466770979196	-2.0782513244307177	0.19164021924661517	0.4422128740384014	-0.807035906648167	0.706000649184762	0.0552153246986651	0.972882621035635	0.17081570649667857	-1.281681737238074	0.12055550399807373	-0.3364586470421114	-0.053697258929178364	-1.2854468623762314	0.35126833517756206	0.46208512497096904	-0.9924780338917146	-0.3755948943867096	0.2091304864135888	-0.8488442665927374	-0.6263414673699338	-0.4520192355869031	0.9884877552655533	-0.17069414176552264	0.19383948234091877	-0.476357362321118	0.26148973061039504	0.25852661693564916	-0.46504140727455495	-0.01993824072994205	0.48117871089196895	-0.432304689381033	0.28536015212427707	0.12432429193915842	0.26686054856602887	-0.11869473153562973	0.3369231909056592	-0.47579488143545035	0.017667418706807738	-0.052716006028058135	-0.5255224313987081	-0.1531168741966984	0.24531989871829785	-0.9453023385896819	0.15869961048548062	-0.9742918684258428	-0.5616632819084497	-0.5526067506965745	0.04580439519042397	1.087053768168032	1.1117180116088126	-0.5073172329933725	-1.9576098190353883	0.3044043516709149	-0.2270501773572309	-0.44437200146746253	-0.8469140520974425	0.5507820233398172	-0.1440332931744408	-0.39235644027096356	0.31707786928662507	-0.8534952953620132	-0.022774352338017678	0.47909321520473636	-0.8390512379666217	-0.3619066577597467	0.01753334323621624	-0.26213549848949586	0.04241037127797994	-0.7974882255702317	-0.3164991666584905	0.32186329745012604	0.6843392093212155	0.8753886901854266	0.4553178332997151	0.44990247233773845	-0.4071917600293771	-0.5178724150318833	-0.021502790349883835	-0.33841717612017075	-0.18777048103582095	0.5667418685062444	0.4134002751305161	-0.5414751425411721	-0.05024021977597425	0.05768698576152516	0.08772028600146776
DTXSID6045084	-2.485312022231054	-3.6810502665291702	-2.7516502482360843	-2.6175970032514893	1.583522675722532	0.8910855734028276	-3.0678670649393522	1.3015287163149458	-2.7903283377590395	-0.004319656197361751	5.742752893739738	-2.0823188702842366	2.9915936571643624	-0.8638280327963173	1.944840375601002	-0.5336887290857246	-0.05854325647098557	0.19751322696041718	0.4236823378216055	-0.5955781251828588	-0.522220066255861	0.8915345249873989	-0.367333567257829	-3.334139726316676	1.8886692434609682	1.006670515846517	-2.2314674381637425	2.0999932794518927	-1.2192000185525984	-0.3013629284018117	0.7321626187480884	0.9172761680374377	0.43219935110657	1.7912399278410778	1.4759338001988644	-0.5764864190747526	1.4840789055995067	-2.458594377347569	1.239599968974838	-3.2525515955372426	0.46278756750062205	7.242058062201287	-0.8790170437466922	-2.0339545997035993	-4.017460991400234	-6.949769312842732	3.9679115049592832	1.7365530634508088	1.8977174911096468	3.024584980616308	0.3724350373094752	2.531371151277338	-2.3714363668317033	1.7023871074820567	-0.03610314965226179	2.9334795720599303	-1.3052151345698304	-2.7271242746176907	-0.40805090206460426	1.0773086234597875	-0.43518161218773355	-1.5518214672284842	0.12364508072735636	0.37615766248602284	1.7684136238620798	0.2150621088241669	-1.5826054911892877	0.8181927566810384	-0.07736517097429597	-1.0806698383547981	1.9171947445769295	-0.374943661603031	0.7505703566207396	0.16631928650437933	1.794226037916312	-0.6413612130883704	1.4882816900401385	-0.7001111200921416	0.1996402309711067	-0.43705496674638017	-0.29039598721191245	0.0456147639329953	-0.39585251615872596	0.15977519221974637	0.6142364145246838	0.2618855143713184	-0.315887769786567	0.2444812504707138	0.0020202688548409085	0.573859237219048	0.09815291573671492	-0.1782138735810771	-0.546364867500641	0.4902417525303233	-0.06590072920344331	0.5499300623438425	0.217984786535586	-0.0057225639022953165	0.4584988164063596	0.433424086625303
DTXSID6021581	-3.122006184996332	-3.8118979338566015	-1.006833500703597	-1.0181243419637525	2.5179843636927997	-0.9263631598475969	-3.163846567120168	-0.18848844228911873	-2.7207357850396927	-0.2871269077149981	5.305826321384515	-1.7190039972675548	2.860545017585503	-0.8324678944275925	2.6428598462625468	-1.6156046560331985	0.8419982857965529	0.9264022705905007	0.48639253060062265	0.3517441597074609	0.2944311466557929	0.4340044317443556	-0.6946210030667567	-0.5620736108692712	0.7726483648530396	0.5326929917660539	-0.2589069068463595	-0.1874166604418615	-0.5552196040865067	0.3718264404567781	-0.30142299010416634	0.8350699920979706	0.40755072173637247	0.9172739409099303	0.5405365729683352	-0.4710732495227835	0.7540962983377523	-0.19486033890008145	0.678587132146934	0.49853478952597235	-0.7404461290165001	-0.09556564237222938	-1.1860257751182968	-0.14082892836416347	-0.1539918918828974	-0.09964931922316256	0.42314745387274244	-1.0207708733054204	0.1481453824502813	-0.18321400787061748	0.02613189084201794	-0.46828237047266874	-0.09533594826081108	-0.4054464380649528	0.27291333899285214	-0.2230960742325537	0.25642460710844406	-1.2630480005053026	-0.20686347142651468	0.5150089951580313	-0.3874922585767752	-0.5751198151161822	0.6346762722252123	0.2732072569554179	-0.1380911325234715	0.13625826868650265	-1.0966768030771685	0.006122376224493201	0.291564417535517	-0.014374739974233346	0.37055191281669925	0.33080839571939236	0.05557125705008705	-0.12926136909238756	-0.38740534590583714	-0.12294028326937705	0.12469751199624879	0.2914610118311846	0.01505538526058508	-0.6742254946418905	-0.19615973590889538	-0.24069873362263217	-0.6177875695415979	0.2980537552824418	0.7724125549387985	0.6061930120039569	-0.2595807157297674	-0.5369139329465407	-0.26572772272803075	0.0038810948308389734	0.3084144157065488	-0.40095559823322413	-0.24537683898777746	0.14255772547892465	-0.11524431426790918	-0.3807140826389144	-0.16803779017493958	-0.2190084104601716	-0.016742947341459917	-0.005405518190275886
DTXSID9045683	1.9108930283609291	4.1135856502783765	-0.39182939124600463	1.1539380071002447	0.1844442725739145	-1.2230444858093197	-1.2128420740406847	1.6957795019729995	1.5971697637146756	1.3363757299781527	0.2621323456181569	-1.5119752668961957	-0.8179961930236691	-0.37987200663172627	-0.2968152631949151	0.3483215634493721	0.6942313410841747	0.10853910048842516	-0.17967570475303538	-1.1379057638651804	-0.4009427524181209	-0.18107644621559532	1.0365854237877468	0.2878503042503152	-0.43458044056747275	1.5568455693763226	0.5249914978508207	-0.5340864548703738	-0.2388546764640201	-0.9230084628110714	-2.0315660152696156	0.13696073251684002	-0.9888878864461486	0.7291292222589849	0.9992089932526382	-0.1199107527243435	-0.3659858382088447	0.16059733853306246	-0.7642331419181896	-0.17691893650357782	0.8696199760371195	0.5916856260670575	0.19466161125637457	0.6027385091737149	-0.6133574766484027	-0.19134401954880048	-0.38147098280030733	-1.2406345367380835	-0.08408286333859266	-0.09812157250684696	0.2128162004707262	-0.16210579570870948	0.47169987154422033	-0.22216773868689926	-0.6753754334542954	-0.15752380420518441	0.10992597575460275	0.7691999690484889	-0.14189641001039213	-0.521891586533141	-0.04368913118959689	0.8489743445792028	-0.49392513798183507	0.18425859339391365	0.04539143443249128	0.32380165644685105	-0.625979401710739	0.44181192191869834	1.2584611950008187	-0.4625958447673672	-0.21470257359702588	-0.9644530206715154	0.9293390611023215	0.5695025421406201	-0.04467056684847989	0.5343669017884434	0.2361239750161542	0.7998230582748306	0.07606483904140918	-0.6565134192717532	0.19627343330989544	-0.4891764669687802	0.14934085008860423	1.4973624282611468	-0.9627234916836307	0.3625321186694244	-0.03594910684118378	0.46881810245320343	0.10132055693441452	-1.0067198331110245	0.24945095504966144	-0.3478151816746491	0.8060441378089368	-0.5830097297957907	1.1970081186249122	0.07353736955683354	0.0624581115678892	0.19791459175431414	0.08335243404389973	-0.8152819243640649
DTXSID2032558	3.242491617782385	3.620616788074188	-0.1235107676333527	0.6446376829272695	-0.9927941042140838	-2.0994836316538583	-1.9735666140548258	-0.5933006219393332	-0.021912642000350313	-2.508130424294997	-0.4706655434718031	0.5139752900284017	-1.2872457078770656	2.7299160956432846	-0.19796790144785387	0.6185082691976552	1.111154108101826	0.12951791499870818	0.2928712383107245	-1.1773736970787898	-0.8113361542677029	-0.8914021172739409	-0.542495112892266	0.915650351908235	-0.3000582154195629	-0.9314291524798962	-0.08352219666391304	0.262960014149287	-0.00546502263109573	0.25344020830015834	-1.6351998162151378	0.12993339111587954	-0.2775118645089988	0.818416599608071	0.347521877414213	0.010159767126147294	1.6085546847026204	-2.943295619594102	0.3944857762430978	1.1141722185724374	-1.2721909549869639	-2.520796364114766	0.7007633046136417	-1.289242056965137	1.0717072361245694	-1.4120690433437468	1.5251230753898546	-3.760598604739682	-4.5161057516715175	3.4706613044568195	0.9158251098140333	1.1504519511253066	0.18784140135694058	5.729489057548372	-0.903221962605641	-1.7269514429652868	-0.6601831994067959	0.42516419214588896	1.099523316434203	-1.4990003243110963	-0.42514815678183815	0.17278521714786824	-0.02500816789312876	-1.8383636247903763	2.3629880743158784	-0.22195491165673278	-0.06433886615668406	0.8314379156015586	0.36562821021617764	-0.25921931367067796	0.24953774620086885	-0.2644013498004455	0.060361349653736344	-0.365530702402124	-1.2060851125611856	0.09715736883912723	-0.7651572345504074	0.04376357694991378	-0.18284159318799018	0.6447346986900774	0.4042304707674922	1.0920697143394122	0.32360813624843876	0.09107559516587338	-0.05211017831460684	-0.7285471102186534	-0.3475288897079097	-0.15088908493573847	0.44087197632578434	0.2588489359711636	-0.30786350761469733	0.8196397324692353	0.1044779076978753	0.6575844080463638	0.4412987494500723	0.3419852575482129	0.8777029124387972	0.10361016142774504	0.02625709702516915	0.14375576265588463
DTXSID7045655	1.7723366826155447	2.2366610838324408	-2.5158794523990076	2.553430635466996	5.92818112551322	-1.452329832289028	-3.371007913015703	3.361523155898712	2.199940352928935	-1.955402829242124	1.8793794224129639	-0.6450317874399131	1.8527133865517975	-1.7361101982145195	0.8492262366719395	-0.8235433203367987	-0.4424578232493287	0.6945142904545477	0.42544713407430323	0.3189318960344169	-0.83392511650215	0.005580562281848709	-0.9812860074641526	-0.5545310550981183	0.6134712222723215	1.15968515491364	-0.8155391665541313	-0.0059766153047398456	-0.7741904236689028	-0.21800412685486986	1.5849759475214924	0.6125340946609771	0.34571154108847835	0.10753198941819414	0.02947894676710816	-0.699834703905592	1.1628438921994948	0.527792712919963	0.43165673151910505	1.104490471153083	-0.6573219853313764	0.1083245297920588	-0.7459579498663722	-0.047908385728840125	-0.17338819467657937	0.1804328242450916	0.2137920909654839	-1.0747767064625429	0.03503893857561704	-0.5272243406100066	-0.09399473252512286	-0.40941901773620315	-0.7141318551764687	-0.45604924189262924	-0.1505595643201014	-0.4554428490674346	-0.31438898943908883	-0.12473946107250888	-0.9810705799339694	-0.22603777836218644	0.20458833229703588	0.376628499625086	0.02494870582808998	0.6765455549567608	0.12949971980859845	-0.5899975939740362	-0.554412729746176	0.304732670398396	-0.31348667389284235	-0.7838902634058381	1.119954016355158	-0.6371033161004761	-0.2905840861541468	-0.9263583432546568	1.0669782918121617	-1.766367797623176	-0.3312666238954028	2.5280107302444317	0.1749751491544194	0.6528444371436919	-1.313883620900531	-1.0683044728274798	0.14891441599854155	-0.9192307748428039	-0.6756791814670197	-0.8776799697723119	0.7617190731229946	0.8452384337564741	-1.0668878065800764	0.28915056401803957	-0.10610256273378532	0.6339275950064932	-0.7935184114453346	2.046882248765629	0.5445758253697015	-0.45480516483770655	0.2043498176777568	-0.12944256523518768	0.5437827592454693	0.18587428965246455
DTXSID0026915	-2.0663332796121705	-1.8427049328787075	3.872206436105421	-3.6453526094136457	-1.8323395352825869	-2.7262143491529818	0.08539373737095332	-0.5850491290654126	0.9883299996543794	0.9700392616135259	0.6368535993435686	0.44681794364286037	1.7693784042912075	-1.6033124279272302	-2.195908904421279	-0.29107339654606823	-0.39954523190183244	-0.300419675014314	-0.2913829709653805	0.5218040890715655	-0.149359718188943	0.43406207817116155	-0.7318950380530201	-0.03346192687632972	-0.7784695104407159	0.46161378397088065	0.8549263356233934	0.21726664063218848	0.5814192271390306	0.42540649025017924	1.0584483650956111	-1.0404102282968228	-0.49731803402840463	-0.6620197166253899	0.35632496243411055	0.5341869324026337	-0.501238219355937	0.4325127779776962	0.26742770758591633	0.5476891872153618	0.2638186658464596	0.2131126327718055	-0.15573368378126737	0.08293966265319463	0.16715787700522441	0.21336051091266084	0.37634179216140945	-0.18942693097295465	0.13199069204897215	-0.30693926921462567	0.08363507263734025	0.006346890975030808	-0.11126490028797127	0.17660105565164977	-0.12057200287626074	-0.28455093068828724	-0.1582754096670676	0.04184433357676315	-0.005045028109867301	-0.08467191928039103	0.036832448655561165	-0.4168691380276312	-0.3345002481206878	0.11533692369836006	0.07606439872284519	0.47448171268885575	-0.11894767564579226	0.4204643373732756	-0.21332069526428346	-0.001198340997123986	0.5971692484580174	0.037657666927531155	0.1618396440407169	0.020776925632373648	0.3233216747047586	0.3421310357557704	0.2726385590288165	0.16457437060282293	0.1662639966808691	0.22556164472362825	0.34590195933453877	0.11480404700744205	0.03743148792380678	-0.19063113686823188	-0.012569868174586519	0.07455719522690331	0.1393942370688461	-0.1946284863917732	0.031709279626354954	0.04785012286932404	0.513290576197404	0.16475629629237445	-0.006315178494705482	0.3881742412152606	-0.04404704673967139	0.4445079171446109	-0.03263441807911063	0.25671267829514416	0.2184605413624974	0.11069213913095038
DTXSID0044812	-5.318495683853866	-4.05932018338437	0.2640340830049833	-0.04530048743713732	-1.1645244741671383	-0.6731160744829344	-0.36058647024804125	-0.06864968242139909	-0.2669554450569635	-0.29690376812922836	-0.6551272473712227	0.20675582130615358	-0.24944385160896382	1.5383358867619572	0.8812340889631929	0.1724460153683001	0.10907471582315631	0.6761326981821101	0.25285169435817756	-1.1153265658399025	0.0927557184997815	-0.7261271473716214	0.06535899085320618	0.4013402739461774	-0.3940277784623439	-0.053353585583641054	0.8960927824724292	0.3310267907273151	0.15329497213097695	0.050195024600615125	0.5908830867700934	-0.13249087788644337	0.5972010439058928	-0.05875060248175356	-0.11242625475410666	0.10251026412663422	-0.24561487632375256	0.025846227379146984	0.18731682470247724	0.0009259050172701758	-0.18139816285941476	0.4024058296326728	-0.26198563647871603	0.8106112457345267	-0.7236880717427866	0.04900297224454963	0.3679859395897288	-0.8050246441133041	-0.11565496802207015	-0.568679344993002	0.24075405363376615	-0.07646825362770979	-0.16796116360685762	0.09526942390743454	0.32002273408902254	-1.1950867042563298	0.16157673855578109	0.21611645434103796	0.11314553020720117	-0.3325456865322866	0.36421272654086073	0.28559069182239105	-0.4267054257007555	-1.0056028681971387	-0.5360474620527139	0.3338250255518752	0.2260418872288063	0.1274036076832963	0.43693533112604505	-0.025256997688899118	-0.38486899995753704	-0.3264367369236418	0.8755044855243351	-0.561861338829408	0.5124084334094252	-0.35603213302389286	0.01314081499393041	-0.9726786761139149	0.048851372276370396	0.008548923775531628	-0.3164190893502594	-0.034707131181015274	0.28936255817725287	-0.4405497874038817	-0.14375608363905534	0.051818209950247815	0.6146461544880641	-0.14367349533564985	-0.4095327011760243	0.0277960326900626	-0.037568772178908444	-0.12000020301484622	0.22526060756589586	-0.011314279158966295	0.17704318638592767	-0.16087824514800128	0.055306869684271585	-0.24807182081499332	-0.14359180703266633	0.3861120876074915
DTXSID8045775	15.811924283079101	5.931358561023397	2.366602848728837	2.162648983762923	4.578704602061028	-2.9368357979500805	-0.8282220734549107	1.4593393814750057	2.3230501405162647	0.8138417628100287	0.960068407110511	-1.98152847743092	-0.8895928027935339	-2.2405705705538477	6.936509987388052	-1.5957508641957927	-1.92175311144622	-1.5626880683025868	2.184198524027304	2.6732037951369922	1.9435206256516542	-1.011518134528836	2.882027164827597	0.9690793878570184	0.0014743979067038046	-0.5313643285783426	-3.487775157659595	-2.298875555581255	-1.6070339923070214	1.2462840878216161	-1.1736611801438417	-0.5681056009363324	-2.2909492692679487	0.010454500469922915	4.012481960976368	2.0473179554597563	2.0578968301002143	0.717611786845294	1.0160013756631912	1.234631800353019	-2.0921483035843993	1.1842412342923556	-1.0354068700151242	3.3402416477944983	-0.6365590979674214	0.4677090240520755	-0.6230928130098499	-0.810128181459856	-0.4416212131744578	0.3387922355324225	0.8006623525324443	1.7330783690442444	0.3242618593776343	1.5492785536223515	0.6626132825996026	-0.19686623444831913	1.113987722732823	0.8046437415225658	-1.5645535995878799	0.5269701767952009	-1.3823101788848071	0.1670924114573639	-2.27813131493031	4.02467400213293	-0.5662254059308816	1.8155226350332854	1.873707095499184	2.8673892984447953	1.3600987280793884	1.6706385568289182	2.005121409611442	-0.39984825284625103	1.578581861449619	-0.8466472270015744	1.365786563553485	-1.1459404083400582	-1.6207926957273253	-0.39100000599482326	0.3381932253882408	1.3390814517640934	-0.5346034399607261	2.779121988883153	-0.7177090258996257	0.8314451952179842	0.1569018904381486	1.0695236217410997	1.3857241123886095	-0.5463515203456484	-1.2939829490263235	0.24049143672959997	-1.5494039294991226	0.6471846117681122	0.48867197889363895	-0.8383467093243958	0.07405914966241309	1.3523122374523786	0.934605586338545	-0.3240981146266084	-0.3759416980955276	0.15388371227325615
DTXSID9035620	-1.5284827936951388	-3.126846154658622	4.82420906592591	3.2808092041885697	1.0194972525526316	2.547435871393506	-0.06632258903783875	-0.8235216878005529	0.2101122244127962	0.41044446939973606	-0.07893424620146457	-0.5345905322972181	-0.5445721321627824	-0.49054204412940144	-0.07721040200237322	-0.08923252250620588	0.1767727934589218	-0.25252269594761806	0.12485277876969517	0.39634696304767847	-0.12263799750024343	0.28160898840793996	0.10303949815911038	0.005157289599853389	0.7577511362182909	-0.2661388400594362	0.4247410444584762	-0.10390700671458765	0.0500898938850696	0.3858416305354442	0.46903908356983554	0.6837015129994858	0.6042947913299509	-0.20572413621703395	-0.348195379359018	0.02096541189810193	-0.10592951406578802	-1.133239494007125	-0.3730318820924836	0.5871845113582249	-0.08504376278437108	-0.05675212705325546	-0.806796174366676	-0.28677977251284387	-0.07791246808606084	-0.4888583641686057	-0.10759075089162046	0.17002953033038998	0.37037812553987726	0.22398731856933032	-0.01506646959014901	-0.5985399551256021	0.03230189045587502	-0.08080790755394146	0.3983179402759641	0.2425397046487597	-0.6728816472198732	0.17068628677501527	0.11692830217623598	-0.42978916556301405	-0.4551421398064961	-0.15819950935153385	0.6626558063291308	-0.14295778027876047	-0.2174353116193856	-1.0790903289620597	0.09114518101921035	-2.022024326858071	0.12358324451495845	0.34098045573903757	-0.052497342505336074	-0.279858951495701	-0.48284686381472386	0.4615612910503688	0.2079111515068114	0.6821525617719624	-0.669985853216568	0.5834861565834798	-0.480720010718696	0.4556147030830179	0.8747290062819377	0.7253459233250843	0.2762934446650718	0.03951570982354788	0.4100166164612305	-0.5348522200264536	0.25473647485746453	0.04538688079281711	-0.6553600759771052	-0.060845976348616104	-0.2689609457785375	0.13994160288849972	1.2574574683633417	0.23120387655400773	0.7860011743241693	-0.16970372705726117	0.1406065102824974	-0.05822827096408791	-0.9662436625529118	-0.2608259654518005
DTXSID4047418	-2.5225047045236906	-2.1838821531530126	2.4611565094779424	-1.6494471974270566	-1.2249743713005696	-1.3886610372452945	0.17243028813894135	-0.3045511552566231	0.10153627266785045	-0.24144404920841592	-0.5833610220705286	0.21414262645883844	-0.24261362304245232	0.8819507142860046	0.33485116907725987	0.23547225120374463	0.4360355852988876	0.35334203831239	0.3915224491896279	-0.9866151331758901	-0.17213439304671344	-0.38967754286668244	0.8024614995323606	0.08718524313874391	0.4328449537894923	0.08927442726508063	0.6271315492781031	-0.13733371742932987	0.20421155076599007	-0.2953328993608495	0.10348560203044672	0.6725094142189545	0.11641578193445709	0.23664983421526092	-0.6337918508578302	-0.4056845517650339	0.693209168805441	0.14280391119015837	-0.3762558046785322	-0.3860877119367123	-0.18429706532432097	-0.4078383671049451	0.2650538803885812	0.01075271322864	-0.0468383852239461	-0.17319328196165126	-0.04738302855332723	-0.15515534758630722	0.1670065986247268	0.25314663691300543	0.12180219537904775	-0.08879418571741432	0.3407882798977162	-0.16466812519461735	0.22017071428236637	-0.06723868838397337	0.19152907661331195	-0.20254520356049666	0.4776300209096168	0.3028801374916188	-0.0003999659941489974	0.2246573320170749	0.24314131282268614	-0.07850744587450299	-0.48039443473506027	0.03415907701049252	0.635190485421519	-0.5865142013016774	0.15426248283785865	0.7607291959374654	0.144498676106113	-0.19275246070135982	0.5944263838402575	-0.3914892472378407	0.3576539383495105	0.04262252972758819	-0.22637265152832647	-0.0027991285934265615	-0.2922830830591903	0.3910386591576671	0.3017623212971167	-0.36550538573679286	0.21388631870919944	-0.04074332694705305	-0.3021585709487994	-0.0740010186779151	0.34041704717360105	0.41884123817725916	0.3637204075989705	0.013961825109073206	-1.0055924087992043	-0.8531754122587265	-0.4783368296228205	-0.5471773022194646	-0.2171769826101443	0.1571399761367952	-0.09218102846383155	-0.37454311263517803	0.32909813785049163	0.07069200087736058
DTXSID8041797	4.0837617070180405	4.972612575016196	-0.6359984654420227	2.2733369676151427	0.4092336054447559	1.079118873844924	-2.024552850108334	-0.07074477691465098	-1.8392399634564496	-2.6399849607679586	-0.8005881925590925	-0.219105171559974	0.5610745242269776	1.0544545069606468	-1.7638692003406302	0.3582771417393988	-0.532106861225262	0.40097624017765915	-0.9305816179814348	1.0169944052231688	0.5607793331599805	-0.4743179676145128	0.8786899628706102	0.5930895266006524	-0.5020347082513377	0.746043021735648	1.2094923450480168	-0.8845203802757835	0.3526481655884218	0.2526870219633467	1.609071188833683	-0.27957880231176124	-0.3595900714422084	0.21641978734994224	-0.05620078148292622	0.919151635396886	0.24245360678399777	1.0757968097628319	-0.5777957690702411	-0.7563628315284247	0.4490082299871167	0.254391995165656	-0.6933434967923129	-0.6356959788212032	-0.050549062184117255	0.5752274060957733	0.2991326633983939	0.3881494720470671	-0.419712061368348	0.07801537698150213	-0.12019219206138945	0.18268382055203816	-0.29654506706521716	0.3220571449688099	-0.6951479368212539	0.2108606717215354	0.7547330539836827	0.45374843134967063	-1.0556040549554688	0.056136998214964366	-0.5803988219263986	-0.500153509800225	0.7248632967252113	-1.1081443208880488	-0.7497882035325584	-0.8148490764443374	-0.4962209883357886	-0.33154540038483643	-0.9447769810502766	0.2178260754944189	-0.589305385784702	0.2425731330437472	0.4458032674727766	-1.0759091825458136	0.8745221810693034	-0.40896245430676986	-0.1554608219680455	-0.7781341186018463	0.6478140952777212	-0.73645274456975	-1.550669097010206	0.5245266824319339	-0.4262234877906806	-0.03503394284170046	-0.04040784887819231	-0.3956013155782985	-0.6034854436539698	-0.5065470032492307	0.14000779476339187	-0.009216377761793751	0.4143820688123689	0.2612876002189931	-0.4450715590481039	0.5844490217475778	-0.03795803235601015	-0.11801254762740951	0.2200095129486358	-0.09813668850698137	-0.06930799761769031	0.07059736691799638
DTXSID6044804	-5.2712963882516926	-4.099748229381549	-1.2947396407098486	0.6979449665257589	1.6899556475760829	-1.2560796408344912	-0.2147652914920354	0.8964332171801492	0.3210772675553388	0.22966293659556322	-1.1417483290038672	-0.3937896959440951	0.5342611253480557	0.09279449144306669	0.43910468325439145	0.528928211516474	0.0021897205381316235	0.35710050334860544	-0.5981741269603714	-0.6659650041074744	0.4274414796820439	-0.5203756574871243	0.6599361257281428	0.18370756573795213	-0.6467678904293493	0.060717971852606044	0.5154661625207928	0.2601346959619245	-0.010588858535931151	-0.19653454979890847	0.35893519814052705	-0.005646260865531241	0.1038958976600098	-0.7496135323621868	0.25923566547373234	-0.16307052366577826	-0.19371573088954014	0.19538637260659766	0.45866787107820467	0.11428921968215765	0.1849206890301993	0.7307998313144416	-0.433509982074484	0.7869310955288601	-0.1994634267466567	0.34202820101183007	0.168819981222484	-0.2842639470251189	0.15693259594951467	0.4607823495099889	0.2629818385589862	0.19453151403523833	0.11675191025106424	0.3340628510505901	-0.15197276207371113	-0.2203713472520246	0.33621403286506213	0.2520793667625328	-0.4274948247507246	0.3531495827240959	0.21386882501419088	0.13121691733541657	-0.1038504421848093	-0.045628381981772756	-0.46532901355553763	-0.05625310689790679	0.12457220393991573	0.06204518665511959	0.036396534918060115	0.6940615517136423	-0.1573642344597282	0.45434058377272585	-0.5258325634655493	0.5702430177848782	0.03808253944436087	-0.025522097411833027	-0.9888493883444086	0.38416619681002656	0.1237695830110195	-0.7580938681124941	0.3567980394712069	0.020642847161487645	0.5260844254142704	0.13489686198090778	-0.5430122020203794	-0.16880438967369238	0.43173077313267105	-0.023488315349367146	-0.4420440312089158	-0.21223659504689632	0.06866576043665872	0.06052518353894913	0.7007601848011522	-0.3251908625819887	0.274009520639899	-0.21951452426695162	-0.2940097882221026	-0.19492685912681978	-0.03838700690662403	-0.3973413066813646
DTXSID4021478	5.574058177628993	-1.8703256107224857	9.571998432181681	5.054505472965686	-0.26401175713596914	3.636790172906694	1.9882013789843793	-2.639749419964074	-1.0119790369587744	3.233232287767104	-1.017077259699821	-0.21217487579994246	1.4795460762386874	-1.454747805014803	1.6364269871231958	-1.0018819510993218	1.5132685598702875	0.03297860114540576	2.537950719084204	-0.7741623160490232	-1.658650864644657	-0.6632100412199107	-2.7194344069447807	2.9574181810120233	-1.770134317533213	-0.4460170901886158	-0.2530077670237219	3.13502885923432	1.2674710718822917	-1.1176938704705017	0.37119527840186756	-2.764757377016271	1.2683542698374357	-1.9523689154899775	2.7734248022203203	-2.8660898136585047	2.5154588384446925	-2.4686010279338064	1.4101568707286765	1.3196178234754956	3.8423223037664926	-0.26622487088115826	1.253765538720428	-1.513971320816208	2.577520312304706	0.9149659178165411	2.1114015949745784	1.7524610608077043	-0.9386373407718827	1.4996625310481202	-0.29728533289128106	0.4732380251557797	-0.7226819121315219	-2.5378113739747405	0.891710797544173	-0.12274810579967936	-0.2602489160766484	-0.2540576285077329	-2.0052009406352074	-0.3219865379837922	2.1764451108660814	1.2262843527469531	0.8475110996564278	2.0771459841826307	0.15616703800156978	0.08076390308081668	-0.45098828355015147	0.02973685155225505	1.718063007026565	-0.6225266248463649	-1.7205680465116018	1.4462276936460055	0.8174264336563458	0.6152013161206984	0.35635685407335815	-1.2535221211625631	0.8661027071970452	-0.8253278408235017	-0.12826649513272384	0.08300174866158591	-0.6437309046907637	-0.11502477254739173	0.3345483579220819	-0.3413317075017626	0.21306206757571364	0.3402757615421429	-0.24784017088871357	-0.736433501040467	0.3566177076937506	-0.0694189764201366	-0.5435312572601754	-0.6938004078673675	-0.01071258184008007	0.03526931052767328	0.18693476794818312	-0.23737967397531082	-0.03207784277634104	-0.2602966181617675	0.5023299195682878	0.03693648316922658
DTXSID5047904	11.25635634008621	0.850451808788451	6.788003308469735	-12.431598904642467	-1.332733291893537	-4.111303745771872	3.4192437461611025	-2.0257676574161403	2.3868332234158403	1.0773045647184472	0.6129864045060756	1.9092946444846655	3.0772477113575256	-1.8175615851217273	-2.2745983377702017	-1.4800536036041025	-0.46502946255352884	-1.376840866976936	-0.633147439056515	2.462063109893477	1.7241977603024892	-0.15261545584166303	-0.06807323409684873	1.5454358346657546	-2.982118686117733	0.11847807870911663	1.2318400344104854	1.4798240586429956	-0.5293637329423123	1.0236356545900094	1.295611923799381	-0.7760420426527324	0.1880412001570507	0.9021554997595966	-0.38359376610031354	0.20491327586249533	-0.36434028348174535	0.15744707450043022	-0.7072550652052028	0.7144483039859206	-0.6726469305372347	-0.2519748130548256	0.6045858550555859	-1.0643095120640629	0.18363178471236613	-0.7136767736742042	0.18244102082816555	-0.45757835083550175	0.17683517357510212	-0.5851564892967012	0.07575345904121242	-0.15078460125179857	0.11180134828359849	-0.2865958032574262	-1.0235924521054598	1.353852081659875	0.21378776265659793	-0.2683355500243174	0.29534831873257766	-0.9702936394004164	1.0334714840587502	-1.7000962286253836	0.8369458442525635	-0.8563995973716402	0.7190146524079658	1.3571736294806922	-1.1382750925679015	0.35843810040655244	0.06024550397129904	1.1532911421564234	-1.2576963991208128	-0.8829821581344173	0.7363670856992429	1.6516199600031947	0.2660812116735455	0.36304547233470114	-0.21648495350356678	0.9680495144008506	-0.257401967247155	-0.9136267749055526	0.03992876201189421	0.2915876000847365	0.27684878842989297	-1.4907678457136728	0.9989515486235068	-1.5492973465131383	0.6795182676162391	-0.6753536392707328	0.949165596191334	0.5701318501845406	0.20036555445740867	-2.142079041797765	-0.03190425701090192	0.7110895199183427	1.5540119745678789	-0.4052456732902408	-0.9815670278920974	-0.5247529512290304	0.12133598071488741	-0.17076194134525333
DTXSID3020540	-1.0787564162344816	4.392021380451529	-1.179752627754745	1.083612867170708	-1.391947792616725	-0.18827062593034627	-3.767633131236636	-0.7701139179369534	0.8268193222843904	-2.3928698276643683	-0.5182489127388182	-0.4974830883982759	-0.39190905316418473	1.3906713748162498	-1.260775402949976	0.92977204184655	0.6278142788113827	0.8168739168317146	1.2184466086397168	1.0730512268439159	-0.057145352002604864	0.12485372958442514	-1.765994166190136	1.447060297824699	-0.27482592711476966	-0.7302251990445214	1.119983818100959	0.015716653043515383	0.5524866038959231	1.127259692208904	0.34333640511047475	-1.9986903928355293	-0.30952486620715347	0.029940858555586567	0.5504580471015942	0.8155389771642703	0.4115414424412264	-1.250179476936611	-0.3093346760282753	-0.6530141917798808	-0.027967635210050208	-0.3185441348851085	-0.27731825595223375	-0.2467453255379941	0.5746006689655058	-0.3082116847534625	0.20689819321911979	0.11806321452917799	-0.2030196984628454	0.29342073650693407	-0.2640801620200903	-0.41035708549107713	0.08621548881010818	-0.12309145577908255	-0.7425130624220964	1.1712254176184331	-0.5629682767190385	-0.019519497826512282	-0.11720854394376827	0.9155764171767053	-1.9250044640388806	-0.6673629621796913	1.9251850194232865	0.001245061227679404	-0.4093715698484227	0.07525821945654029	-0.8206325380144517	-0.2877391163180638	-2.2496579333399542	-0.5390501143590596	0.6337985527609304	0.7294170066859033	-0.08378232475129821	-1.244913609386567	-0.27847421461868666	-0.6934723525637133	-0.5178584466399206	-0.504650204161758	0.6149136302927619	-0.15672146285967056	-0.1012615465443369	-0.12711627043401236	0.07231993167510992	-0.024666923496299523	-0.22452393717201338	-0.1467898564666259	-0.45890749282903837	0.27793366751842474	0.678701019094678	0.021058362504200605	-0.41924172959147754	-0.0983975988350953	-0.14779838494309325	0.4203600608803355	-0.14009070006601176	-0.05077221270637336	-0.05241075468251785	0.11910411337742716	0.2389407064401738	-0.3022400365368257
DTXSID3041873	0.9613561182061827	-0.1461779891719513	-0.8669066024663756	-0.2316339447766039	0.44009686787946856	-1.9357435626218982	5.8760836732155965	0.9353709411147417	-0.3232196912495376	1.5840603673320353	-0.3749173068570073	-0.0888652906439582	1.3293944572261593	1.5235690761210237	1.494337300258653	1.2515825197909207	-0.33822254366464743	0.6324944470266727	-1.2499376262221176	-0.9492268617826389	-0.6543603508744512	0.3109826838728318	-0.4514898232025979	-2.0155687266829267	1.5622719920002237	1.3311492262477416	0.14422294809477676	-0.325231074389904	-0.8737593622149892	0.9913778720600426	0.30481719865539963	-0.7116037105641563	-0.4701786455316478	-1.0550382204993667	-0.8094504140339203	1.5324379765388243	-0.5656852149712271	-1.7489328073951578	-0.9449678240239432	-1.839051008781413	0.6279566682833791	2.089461455608757	0.23299090625606994	-0.23625359444123803	0.4357362980804026	2.331847242573715	-0.1759599353060578	0.3451817403408072	-0.09632580939618783	0.21775426223284008	-0.14393421735476852	0.45370239366293086	0.623829952435	0.738106636559997	-0.2178559182093823	-0.8562738502308926	-0.5966919675569761	0.44591079812903384	-1.3675061458134454	1.4727962606197222	-1.5422040618371038	0.8886659396371185	0.5786254865554187	-0.46372691514875813	-1.3188303464035946	0.8087746906070871	-2.4170767280433876	-0.7487848864377816	0.9401321064464967	2.6952235957980784	-0.8649679186571962	-1.1397731060965652	-0.5441812468694235	1.6958728904814588	-1.5581815345392476	0.014236865200727805	0.5487467220896718	0.35267802983880425	-0.9467876535563762	1.0270255844805314	1.279246793529004	0.19644807951230883	-0.07865511489410508	-0.3587285873858489	0.3374380610915155	0.08692865982810258	-0.24143119450967077	0.3161407645660901	0.5013276660367305	1.3952319293614275	0.11650166864415716	-0.09964075824221623	0.1095788303237436	-0.013560100052740748	-0.5207124176565514	0.5546153492265269	-0.16445513102681558	-0.2809769673963849	0.175199389127993	-0.5772522172111592
DTXSID1021615	-6.559375108624475	-3.3849576233887806	-0.6503769739905324	-1.6198240157169606	-0.2264304871454473	1.0725620041277069	-0.024954249636047022	-0.001466336650276867	0.09901712951767114	-0.06278711164571331	-0.7845714981066708	-0.41642860882312915	-0.795758960771211	-0.4307102133786844	0.4245354148792502	0.05636105610996264	0.04466805531968034	0.18966450786672845	-1.012908022713296	-0.050676672536717045	0.4352306387500864	0.09919660852272966	-0.9899548849227479	-0.5514275092093355	0.5580835634222059	0.06503219069561138	0.03607235554040615	0.10605695855845526	-0.2669241489793944	0.03137316691485624	-0.08188658342380717	0.26415274259843946	0.3278542367746829	-0.3990946123919793	0.09350757779460894	-0.48414010682081077	-0.07367271398054118	-0.594286880974131	0.4493029239507909	0.43258895212433873	0.14372005274244237	0.46310956703578654	-0.336320579885201	0.6309608816508143	-0.009772125657423457	0.05156501192598483	-0.02182766859847416	0.07285976626290142	0.09235691804509447	0.24979672864824612	0.21967443719511082	-0.13855480342477255	0.35334127519034236	0.08328737050487668	0.04570683876023927	-0.1913916312766227	0.36419091587675295	0.33199926046282235	0.18643299253121726	0.22946533524545448	-0.03531896303592063	0.4266517587700067	-0.07618030006358444	0.15662365493240174	-0.2298114755189985	0.20534484208858006	-0.023465498885241153	-0.27922483810254506	-0.48600183731002833	0.5276397471698449	0.031501700898140174	0.8083697620294742	-0.25452819587006353	0.4521873690487007	-0.2967824566267636	-0.07314810458637341	-0.9177639002179216	-1.1546341589860167	-0.3862953663440955	-0.5256246139897344	-0.25292788100526087	-1.0477868173434095	0.1474424148512034	-0.6976744624186307	-0.18959637747957228	-0.21028355880660585	-0.45401097732338325	-0.40747906560249963	0.2753744592256195	-0.7221421507414175	-0.7307674229036474	-0.09713619661615457	-0.8153461101118981	0.06825671321776794	0.6564927617057251	0.5781886250893599	-0.4381281047836832	0.5937697622482344	-1.0499238538254887	-0.8581702312603531
DTXSID0048183	4.452265651520995	3.4930345980611928	-1.0873427766087858	3.1683876055713984	-2.0979924763438684	0.10676791351886562	-5.787630631946744	-3.9730140540751857	-2.3719147852543	-3.4484543333433493	-7.3881134410423295	-0.46099242948951674	6.387919025932353	1.5395293165172264	0.5357371287135477	-1.5214690555647783	-2.3253977963542534	-1.309191403800844	0.39838004751251255	1.0953706784095718	1.1090920373141788	2.161004732660868	0.7940129796167053	-1.2711269878257185	2.16016106093888	0.6649569683791408	-1.1792233348285743	0.39334662503382284	-0.4981784829086108	-1.2982498734145953	-1.8037822398329366	0.019239889719380985	-0.6335707924143381	-0.5711294964285264	-0.8843152957231709	-0.5639490308080213	-2.5795687599104515	0.4281529209792921	-0.2977565869695188	0.3313397184544541	0.7949490707005359	0.3105211152216204	-0.44251249004735665	0.1936694287820174	0.25638205462826463	0.43308699917534826	0.7497491100270347	-0.6649387285683732	-0.6304488453723895	0.1171728716766023	-0.2552965418171756	-0.7011368541236033	0.621334588576018	0.04694212767319831	-0.4955839700537001	-0.3885383929375557	0.27743118343807904	-0.3363460188126277	-1.0290321841712544	0.04412504426451935	0.27536487197149395	-0.0931567311890929	-0.40232251140726094	0.941834445679339	0.03354454626957	-0.7960924024216761	-0.5927493305858842	-0.3235283874214704	-0.6698465363633818	-1.1269510718680609	-1.5413436842801844	-0.6562746366057114	0.07037254139765149	0.10166910250516353	1.4342950104037586	1.1029701405531178	1.789077313665927	0.35300146100590285	-0.28467825139300323	-0.07154850204477413	-0.16133277407305016	-1.0568200957704352	-0.7760361260898354	0.7890865736065764	0.2848831988381678	0.5872897176218704	-0.8061846678553368	0.9761387611768851	-0.03642421591310819	-0.9493250916445908	-0.07006999280844597	-0.6519508465997533	0.7345282003581686	0.42808345708972345	-0.18868699646447495	-0.4162494353881102	1.2448746817454153	0.5076693536397203	-0.25467686545995727	-0.17135290603936368
DTXSID7021289	-2.618644469385898	-0.5071877822335021	1.4864760132482095	-1.6854027416218929	-1.830872088284239	0.9325868613613569	1.7397750902128777	3.717090425373516	-1.698577450463451	0.3817318156138627	-0.7044450967982377	0.8901756324651571	0.5689913554571406	0.4427463733788726	1.5921063319687643	0.7786162891480894	-0.3599427109322705	0.20689382054369213	-1.6989642343240774	-2.2529486854228655	-0.24862637301564144	0.27082240835166727	1.6383292681167134	-0.6730414516024431	0.8216875436707786	-0.33868139099973565	-0.3574656913018133	1.1161408384317875	-2.0647217801103745	3.9826396284557632	0.5851242621006669	0.5796911568882	-1.9414806906379334	-1.044370868650127	-0.8399279461376842	-0.0889730976875529	0.5581779614047816	-0.6664641209529946	-0.39011142700402185	-0.21107341654344874	0.8656310812140215	-0.2250168336949095	0.856638221492945	-0.5979130772474598	-0.7512002828872256	1.6823126148989762	-0.3710817045667135	0.5967565042566633	0.16578732399209598	0.1478761659011124	-0.26601629109002123	-0.01670957690707548	0.36827436398037744	-0.2779756913395594	0.36203985973083574	-0.755312703764628	-0.5351577687387494	-0.15844025040108958	-0.9207040511896437	-0.49772419987146804	-0.2511861959664886	0.9527815902176867	0.009673606258332235	-0.35962904642871246	-0.43657708730076195	-0.18903398649001865	-0.8009968096111867	-0.4651234121021549	-2.743888848694991	2.0092385203707046	-0.7555079941779793	-0.9122301845227004	0.40331755681545706	0.6092130446073075	-1.6681481624176695	-2.8874451266035237	2.064758912477705	0.26706069363987667	0.007519138732958833	0.38890637742973966	0.3912855810159726	0.9799058964370047	0.004152098198894358	1.0537860116000906	0.6413017904044737	0.1898436963892742	-0.2989603476882572	0.9566687347690979	-0.71589169477617	0.23853187931240982	-0.035182564888808505	0.7557613674206923	0.5421919398561734	1.6526286330602389	-0.4536827082051038	-0.13700209381542974	-0.2507653909741815	-0.13941081771112068	0.6556354506044005	-0.35680452994666323
DTXSID4051536	-5.791524154384513	-3.2498080477052045	1.4836536716458646	1.059499270551139	-1.1868142761873175	0.40597188883764307	-0.041485175725520115	-1.0779905056616685	-0.6378570047675913	0.24174106096643766	-1.1507180095266654	0.21679262357690907	1.3475529013223737	0.1373535959855146	0.6266050900647671	-0.17789283549158308	1.785150538112794	0.2500960541979537	1.2158799620316971	-1.098953504206589	-1.3488418955540176	-1.3596629354568512	-0.33836730059531683	2.1813662402137886	-1.480363777398202	0.5904394586742329	0.4877227097003765	1.5967757353910945	0.9550742329198948	-1.111308642667816	0.14350963760795019	-2.2261590353420915	1.4846097984694278	-1.4652292420583923	3.246574106155666	-2.9305396455868724	3.4225726040616546	-1.4928367415901556	0.4800704219912056	0.5127733612896727	4.214578120709267	-0.3378208103968665	0.8110317083683948	-2.524719156639816	2.3456182983887826	1.2493182606617026	2.2579351847899507	1.6977169948056519	-1.3272674815952097	1.305853130890684	-0.23711550937032225	0.7484671835176456	-0.6390682698214979	-2.6313915830611574	1.045195752516705	-0.12042317392610576	0.4470205452601205	0.3087387473070123	-2.3419409494496795	-0.3444002564120005	2.554199906091307	1.3726709722922834	0.9702188557744069	2.40096651752483	-0.1802209377347933	0.6446911837604343	-0.7581234239107707	0.646327310589006	2.589224670046625	1.427958738818431	-1.6627555276542003	1.503773201286044	2.501554741041195	0.046077170598164234	0.2517928692094812	-0.7883075872200591	-0.11323074569925151	-0.8173325603921284	-0.5318754364690323	0.25063739224152826	-1.2110147706552052	0.010899094426698855	0.08894800874055929	-0.03415756066866268	0.37698825619982756	0.14390511727830874	0.09091482037734847	-0.632939080165501	0.06854683636120146	0.10528047239663967	-0.5703939091720456	0.3069166888301119	0.42283995787261985	0.10251070013318857	-0.1038647021915716	-0.1625827802781061	0.14753419682100538	-0.47601212663197817	0.27073037861597715	0.3458583308113943
DTXSID1029120	-1.664771655621336	4.911144912407451	-1.9193166524948984	2.220241109794364	-4.405797236157593	0.7743974311446516	-6.002156482776785	-4.913370206703234	-1.7668706673357517	-1.5466251644756686	-6.714044760990473	-1.2696914850362446	7.954455539882461	-0.5141434154446606	0.237854844792735	-0.03956422405179812	-3.3846354971754455	-0.17157752518567998	-0.3467854491668017	1.7740043830131158	0.014922252192423057	1.866695465314903	-1.4519592190393074	-1.211583063617319	1.5168563552993837	1.1939606174693194	-0.02942084721622462	0.47847594338857674	-0.2408143499946912	-0.6928659105847034	-0.4889987860879969	-0.1607769850549819	-0.7936293579994388	0.6778297127756177	-0.11595072882306989	-0.9122611194054951	-1.0595001804002562	0.0040658982982537985	-0.19507259643055194	-0.08266678051573174	0.4595793187321338	0.1448731848577708	0.08755011932341929	0.015334514973215255	0.6607347017412258	0.12830876964319604	-0.2265863761163626	-0.4669744678726686	-0.10598933434379502	0.20423852055288	-0.0044034442632169225	-0.720134271395377	0.33855599108180356	0.1462393197697556	0.019051196371959397	0.009130633787086118	0.2129199992978594	0.1602296196252147	0.09728126243218721	-0.11213354137891962	-0.17571493999398813	0.413237759512345	-0.41544565001433054	1.3146270224049157	0.08579127436866113	-0.8548007493236808	-0.039666002741346906	-0.6512099830854378	0.22967650676207996	-0.3862607539767241	0.41611305050356456	-1.2267044372329974	0.7342154213675394	0.033676380337261176	0.34559441873458296	-0.05874340652911574	0.5949351635548712	-0.715049455045393	-0.012699546873723606	-0.14080734378102022	-0.4997374145123739	-0.26693089233357103	-0.15430863227301186	0.21062845297704733	-0.028763482034608715	0.8149842603763044	0.25612639907375157	-0.21874747731978023	-0.011768393277576741	-0.7638659539629382	0.05714121137903956	-0.9233734319135077	0.2626732757628183	0.5594582682315468	-0.6210669670470119	0.023196648278047176	0.28028831648813624	0.5077796930346441	-0.38862560673166824	0.10123228691392686
DTXSID9025740	-3.1015875859608575	0.18304973043563247	-1.7289318206734152	0.9754114024879854	3.334328701562284	1.2515302666795436	-1.3925321475371246	-0.795875685060858	-0.5153457223588757	0.0058421257817621265	0.7982376834901679	7.484191933029917	-0.9597357224555259	-1.9949774015731918	0.2193664320612839	-1.218011597958219	-1.0735090742947697	-0.2699512890674755	0.22328390789508742	-0.7949223910788763	0.21523213866424837	0.13033192482256603	0.9919887840168421	0.29449668920031336	-0.03407752672102886	-0.07071050290731551	0.39080496222981614	-0.039685769580660404	-0.04222754624968797	0.0894721142654277	-0.1039460087726047	-0.16820384525276322	0.3199825923541102	-0.20395701255835666	-0.02569662504004285	-0.6977970250847169	0.12180544760925735	0.04648051001324078	-0.045442516439267555	-0.1710025131347479	0.18138171268828618	0.23237765667879925	0.02553398721924454	0.22683656420496093	-0.30027239293759844	-0.02698540991961759	-0.0013231926735948131	-0.19979059326710852	0.07860165377483531	0.1814408758480819	0.039909166786719234	0.029502206567577217	0.0368445572653672	0.061693730868089824	0.015584370843649812	-0.3463624039552737	0.1137309442836717	0.039815093046354506	-0.14491351261931815	-0.14002470816922857	0.06237744274532494	-0.1184807543146846	-0.4645619184865216	0.1648973352554701	0.060525173229626666	0.14757275979134113	0.3432916088669746	-0.15084159143511663	-0.4551171853495534	-0.18060403248184692	0.21726598655429344	-0.34107364142175234	-0.17547207999479394	-0.0818217613855785	-0.3420503578725966	0.0027072925883281063	-0.12881467893109874	0.4437911419763195	-0.24558712402725205	-0.18900970733196734	-0.4686123820748418	-0.43527781191691867	0.5009406381250584	0.29318539657608794	-0.3694126441110863	0.3817175593956982	1.0435614554237662	-1.0141472377485459	0.8510837788963191	1.3579127606075794	-0.6552501043216982	0.4126275129686422	0.3229218674300641	-0.0005679189133203999	0.003566128761953901	-0.3916639139477993	-0.20381840008359584	-0.21103279466777886	0.010394312000583706	-0.2775039649352761
DTXSID3059927	-1.668279021057842	-3.824974632099467	-3.55286383647909	-5.387238795234896	-0.4259443958820358	4.724021105499984	-0.7011345725033292	-2.4543649001593972	4.367233515279379	0.2994202862905219	2.2341244911750717	-0.658057245590057	2.112919704579354	2.5399785178588106	-0.6605340993849247	1.8001493608891863	-1.6775089498968019	0.44849064518670656	0.5464702612837389	-0.4891011255955784	-1.338946554078123	0.5057023368845376	-0.6694727097778798	-0.3153549742511187	-0.9016669035686586	0.06005196942288268	-0.09541604706208791	0.16796939189189042	0.5455695809366186	-0.4401993372976844	0.3638731523102368	-0.7833856579860333	-0.6278353696113741	-0.25773881869004983	0.308708895463685	0.28205149862843326	-0.21200992863533635	0.284905828665513	0.4601661951420273	0.0008062686646379267	0.5426909997606398	0.3238196041064955	0.06992661848382573	0.37795401196500117	0.26288426631637934	0.5941721231043164	-0.0036487129937016684	0.03503912266045175	-0.05257752513982829	0.0375996638414659	-0.043954223643993595	0.13958721700126206	-0.22225897158406296	0.0465659318751827	-0.01670938979025283	-0.26183389966855075	0.05922009980830444	0.3121721444691901	-0.6474501747176113	0.4603127743491191	-0.43869530173036525	0.13407825204814883	-0.5314454566485547	0.17768154069272407	-0.35147116547171897	0.03814473719913045	0.5823033027265325	0.09502177870173	-0.2576202003631957	-1.2700314176227019	-0.13141379874280698	0.0827660932251689	-0.3332372358914633	0.37373746184388296	-0.10336657485478468	0.01279651109710918	-0.031175542469710438	0.10853520941415612	0.17206255797233588	0.501540446272949	-0.09406213717791435	0.6967192195255373	0.24657993929300057	0.16257740291114117	-0.21816050592191014	0.18577850071840538	0.2813251737684071	-0.14053101199390242	0.3184823230655176	-0.48741625177180603	0.9038192517765986	0.13825681927740113	-0.0027020608952539366	0.7127068093257587	-0.009142948579597765	0.3984757587680317	0.7843632921593499	0.38800886167999293	0.3770374421086239	0.23477240310812536
DTXSID1023235	0.07729218555133091	-7.536552070608426	-4.655542364194235	-0.08260768392932831	-4.494086775590607	-1.5053175385847315	-2.9056208350734014	-0.46463728072061744	0.18519964512438364	1.7710938568099257	1.2833008238852142	0.20334564518067802	1.413241040888565	-0.9335088542611755	-2.28000236148638	2.2921899712775247	-0.75359876050854	1.5016262259507764	-2.0281822833808185	-1.2334748823837138	-0.5911024552408988	-0.8511719530159795	-2.04744345647755	-0.5513528774971876	-2.809861815771398	-0.07905091592418928	-0.6721088240254847	0.8227931845582279	0.5166043244896596	-1.1419576917344698	-0.09427493449019396	0.17889332113554993	-0.7300431308297052	-0.483518222995776	0.8012811674725614	0.3283386541388843	0.13835773835351425	0.8550620889096433	0.38879490721478255	-1.192809909868116	0.13173101407792265	0.2384884135916034	0.6181296496265267	0.5383324400428903	0.5071905528330831	0.6511924182852722	-0.06165804213312697	-0.2720251718612472	0.006552561628009879	-0.11219010579843414	-0.07061990197191166	0.012716852597728952	-0.2203034711677385	-0.0017997475969385721	-0.6336099889171127	-0.2848719756426922	0.11946369804894746	-0.3815488755047226	-0.4282875448148196	0.9031030611737517	-0.8938436254085615	-0.24223799674592492	0.08574090630807542	0.4809332227115235	-0.9550713771140796	0.49530846436476916	1.1547677286886324	1.167861622993399	-0.3517050343167454	-1.1394091953941268	-0.07709887510105441	0.1833235972995144	-0.16388991636408615	0.3200097081973465	-0.05013950209250373	-0.7455995284981213	-0.8933456190761976	-0.4069357952967212	0.044796825157319524	0.5367753850181238	-0.4138941399926239	0.8993129635555197	0.5790985714914993	-0.17333356840488984	0.39006204413378265	0.1453426582449462	0.598532611788927	-0.15129876662450414	-0.3975390582539426	0.4375269669516536	0.28632973028313236	0.5061168660692652	0.30242550714232547	0.4517926622848309	-0.7574531310146352	0.03789021212247279	0.21577163195268861	-0.29509735837655177	-0.06948596845331488	1.0100602561455796
DTXSID2045602	10.796675698040396	-2.6652359165446593	6.1519328616170625	2.442523438203786	4.392514668996627	2.6307079221423324	-1.430425555653045	-2.130907122488935	-4.464410318080842	2.280203258635219	0.9451988215288958	-3.7124644477372715	-1.710336890508189	-2.037399303700612	3.500828539731992	-0.06438024980583554	-0.17601787439833463	-0.5800947146389818	1.856916636986557	-0.7750519807485436	-0.9366377176050368	-0.36305286322228014	0.5228663238935317	0.23545070885678043	-1.391552292593517	-0.6458331571229523	0.9891498528558392	-0.7848681970002896	0.6167844220539844	0.5346633424663377	0.454044238489062	-0.6048836452163846	0.6468457753024545	-0.6217174109597708	-0.027293271116293268	0.037471503946551694	0.036289427736530724	-0.34548581604608636	0.532484414192621	0.4531300194440069	-0.3768940988498839	0.12568983935637265	-0.21298635362374635	1.0090522252735241	0.24742182817362818	-0.07438365615934212	-0.3190834305063261	-0.307568420035725	0.5743125077131557	0.7502709572325432	0.12439707820034339	-0.24826842425529638	0.4036281643660218	0.177264027533182	0.2527878734561768	0.3430783827926469	-0.024453142636173656	-0.8383019641777021	-0.09408811921821222	1.4139265697995085	-1.3708643479934437	-0.2850390111146565	0.11735355887141452	-0.027735300630613944	-0.06373807208468445	-1.692799456792492	-0.05189409097980429	-1.0249250319852838	0.3131116667326722	-0.7101347139638574	-0.26806241377606493	-1.1869198275711963	-1.1610378795416456	0.15380643863308857	1.4263707761024447	0.3386061547572532	1.605339097087583	1.3670760388135106	-0.11120517488119863	0.3418185773666265	1.8661364061759622	-0.1405064791744104	-0.8163280134555632	-0.3352125122325165	-0.11485322651966041	0.3163847354596914	0.6587243722258643	0.09822119223768519	-0.18829732250239115	-0.36758193096877045	0.7440476616089973	1.804100615235289	-0.2681949486671619	-0.3696751133464168	-0.42621440699411406	0.5549150989419563	0.35509020102849953	-0.06681277273722672	0.43647484393676483	0.34295740795467156
DTXSID6045408	4.371551411548611	1.195306752996333	-1.0554734328946005	3.290330667940366	4.584992070806795	-1.5528000718938724	2.110368361653745	2.898290827015832	2.777840396642431	0.48723017173341115	-1.390437770223981	0.9270400132279808	0.2207073237031113	0.8283324050096936	2.4255470084849815	1.4362961060203143	2.1292606734245387	-1.5599735492741684	-1.1804425083314205	0.15431152389235284	0.738392440619729	4.266245897385121	0.37838599015179664	-0.23506436582732626	1.4081168493392415	-0.5721527107374704	0.6230846026195238	0.8653102704421998	1.9843260104042661	-1.4277351685130608	-0.6800908694792669	-0.7871406067249285	-1.4023495300444428	0.6927509533384331	2.227300397640759	-0.4020566503672641	-0.2396963472384221	-1.1626303163048404	-2.145257682349061	0.2213582027204324	-3.417571723701921	-0.015908367122171373	-1.0401714340100432	-0.7402775128930069	-0.8498141569299238	0.6305015768039876	-0.1584054416019279	-0.7767163275670589	-0.40364530184145375	-0.061921403743751345	-0.16585153619305737	-2.4290883351348462	-0.9779621222227677	-0.07517016483386615	2.309887908674845	0.9866130463259674	-2.567946889388831	1.1465766024408321	-1.0926461880031786	2.0050792410514253	2.474724401500534	0.3773647411004316	-1.5826414465164869	-0.9989428928878545	0.2469981704240806	-0.42018798899861814	0.09861433776784721	0.1860443516545727	0.5512397672123238	0.5543310083693844	-0.9707212063267424	0.24161980280100467	-0.5800829446908599	0.7238121460053873	1.2855273754433734	0.012785816201579732	-0.09880415790132933	2.4537386236934497	0.1241327632696579	0.6862263368752295	-1.0511724212814075	0.7320871093037551	-0.7798350418124624	-1.8397324298239779	-0.7752702215324626	0.05418511521440286	0.5549451915518723	-1.5477815739630814	0.24221328416640445	-0.7319114550393081	-1.2657437113354986	1.393679778997557	-1.963410716071234	1.7922686862198638	-1.2543956434751713	0.10299813017123971	-1.477119990839	4.922778163343399	1.1560192404026295	2.964680553888368
DTXSID4027650	-3.823206444312414	-1.9103182615877983	0.8930599894657896	-2.1865989951765807	-1.9983545559072884	-1.6364999376744331	-0.060537670068117964	0.011021909856726702	0.8908892401019595	0.03918991160456168	-0.1542739115851467	-0.1206579058834293	-1.491418433789639	0.30397652897589034	3.591145111905314	1.5036626819089283	-2.7022410496755533	-0.07354938348304124	-0.4852074172154069	1.03516976789989	0.8161130582492725	-0.8155008546479734	-0.42241090045921825	0.9813245921852454	-2.4141086349006162	-0.6560746033193796	-0.08875825085519702	0.9485627518087931	-1.1359866418596023	-1.4308997290901058	-1.0121079063733724	1.1505011784984536	1.382877688827177	1.89503972489253	-0.19621689425796032	-1.1011014576773976	-1.3397432852216236	-0.10012463246893326	-1.2397559643579816	1.3421023364907896	-0.6927936366690585	-0.19911863512062825	1.5770317077098768	-1.5199569724488584	0.34524213109469404	-0.10449485402845689	-1.0693009092793964	0.17955236862567586	0.3414169352982989	0.18316189162869426	-0.2609907394929657	-0.6374073892249909	0.714712654668789	-0.4510633323147577	-0.8427694783739184	1.8556449093767828	0.3886347573433487	0.7345161616411005	-0.34587245437515346	-0.24688554598961007	0.03242956563771308	-1.9731548503051473	1.2914596086476395	-0.14411903960193612	0.6124258450770388	0.3950413932653598	-0.7024824340957124	-1.647498231135542	0.28139917429713385	0.44656299896049406	0.2195170360584064	-0.2493391251675788	-0.687772186527006	1.414552053624691	0.49792413921654965	-0.4463680044626399	0.7244646524104552	-0.523871156274512	-1.7834829863051578	-0.6329198393451319	-0.7965182806119105	-0.22627388471667678	-0.1676625278540274	-0.40879530151102206	0.23338851036969666	-1.2487864717051684	1.1355435936776221	0.46339650611362626	-0.026993846504952075	-0.022336535028910868	0.050630141682836576	0.0658324120195287	-0.04722366692281341	-0.15629075014077598	-0.30960469039138844	-0.1717333188933204	-0.39695385117014514	-0.2838253908975189	0.10783086524501342	0.08898884637268972
DTXSID6020224	-5.455161499852979	-4.19641742117384	0.4691726568305121	0.9949850515378915	0.6226360431444561	-0.15846387956895475	-0.7327105347649828	0.06845891177844353	0.3887555737703616	-2.3875859651460782	-0.7800866941112163	0.10224766328831511	-1.2965721028366903	1.0874306328009864	-0.1812673324766998	-1.0147047387842787	0.35489784944513536	-1.5568812105357954	1.204820960502106	0.23143201367389693	0.806727651678637	0.5605829461793135	1.2311248304955276	-0.7999995213021082	0.8070749204201484	-0.45740723823250573	-1.1211074337005016	0.948446056223569	-0.12459092800663905	-0.42484826017291255	-0.6319936359268858	-0.08365718904920225	0.5138990431321359	-1.5369823805371154	-0.43485829209157956	-0.833805085231268	-0.5294458852196325	0.2928083456359241	0.6815467339709754	0.2675202868168706	0.16287255867914743	-0.016877494334154954	-0.6144790702135506	-0.28303265124275456	0.2666551029062192	0.752597497414401	0.7620178958429682	-0.11769282279851262	-0.2541045029845582	0.05204469167244118	0.023190981716133586	0.01601123880640424	0.2142725198849631	0.11105021388320925	0.03746156753285351	-0.5936967523066082	0.4098698888446861	-0.769674584501334	-0.1890290293918608	0.7766371374588186	0.5300588806841592	-0.40213961786892055	-0.24061978243330795	-0.31173884612605696	-0.25668765694894	1.0230174960994751	-0.061219675968269015	-0.40837051956689224	-1.006289293422293	0.4720919458703166	-0.5412745171186534	0.19805260338935823	-0.7438088102246448	0.061812654736280774	1.0019483671122726	0.6975495486102956	0.09517829634083669	0.5873976376530651	-0.08977146879830092	-0.39969306631421647	0.15080799958863578	-0.3634601474891078	-0.33865635587360055	0.21161351894097657	0.2777222690180806	-0.43693487747162607	-0.2734558034228512	0.8007851818407757	-0.2218305566983094	-0.022263952932269824	-0.1481973208986723	0.2360921457512612	0.08477304783498377	-0.44527572689192885	0.0847598720321024	-0.238976999976247	0.3704627660651669	0.012598081227524554	-0.2797220770629834	0.027523795926382454
DTXSID4026139	-1.2556804685842224	5.054814995622126	-1.1690618257020835	1.2528935956073013	-2.1504210021440473	-0.03994556167004184	-1.45629144286843	1.3080879476243437	2.0350102506880505	1.9054269595008897	1.2448517907895584	-0.9101020812358603	-0.5325692772542805	0.23325916343532005	0.2052522618122409	2.2807828326726964	-0.7143248019455442	0.9430096134794057	-0.38605533852334134	-1.2376207476828278	0.5766311300313601	1.1430077400187733	0.3643806082571751	0.3396037707215864	1.1027018909848207	-1.9275795817215027	1.3746217507617282	1.55722331483365	-0.24486067329916478	3.828113487087265	-1.5733938885769752	-0.09268967271084547	-2.873889218374271	-1.2408000678594577	0.9884879116601636	0.9277443956533584	0.12914461461562285	0.38436937971945834	-0.3694637643176527	0.19281789098318905	0.5793930159456586	0.16992775653801342	0.4958974389028138	0.03668294902153297	1.6429423821478013	-0.9743716119996131	0.4548088563348218	-0.18806354149340188	-0.0625396352464027	0.3084398196407184	0.19280249127590354	-0.23690908690200901	0.9063840025445979	-0.5440610027124794	-1.1644875060369115	-0.5087656856790359	-0.9287685515227957	-0.5971358400266227	1.4345575953431087	0.9454588845913907	-0.8888891544522503	-0.6410490247360185	0.4710669262359047	-0.20402475792890926	0.7840910140749653	-0.06987259690845492	0.20602450258117222	-0.5958474495992501	-1.2653012307829672	0.6619388528177121	-1.4748469416043244	1.4501578586491484	2.6924188248688976	0.40635957782541676	-0.5294762360547927	-1.6018632752998538	1.4927204612873075	0.48066954937037737	-0.37168282321045143	0.03953254267257012	0.8966513911756148	0.36176981355242777	0.034695488214293295	1.6658226080576553	0.9157184367165233	0.21410328408068385	0.730484578162281	0.3382045567312674	-0.7482819387825922	0.9364996181963234	0.7728790426904919	0.06474258151123985	-0.45271279204689774	0.20905531737022895	0.6374666736529966	0.6228097429907499	-0.6603500728206517	-0.28412344579687787	0.16227975346339202	-0.6274088748024734
DTXSID0022569	9.792326333481752	-0.9607023627544569	9.613888052523349	2.226134483558179	-1.1360793899484676	0.41313047947863724	1.8937933218247158	-2.09996588586206	0.342763644873833	3.383136620799739	0.38206882308562073	0.3143428279003561	1.6963224747002996	-1.2117936447366595	0.23880024146355355	-0.6640845400081117	1.2335486308529455	0.8403616962244341	0.29183227350117774	-1.7638935883346443	-0.3845815423571971	-0.7439545101254103	-0.13672928697593634	1.0354695782892214	-1.5455759231166362	-0.9807183224680989	-0.7179959905999309	0.00352959800244534	0.4665633383079236	-0.49276190535495307	0.2005645388549534	0.05813476175952207	0.1260391486045975	-0.3790035773930245	-1.4363208069633087	0.49227928629042056	-0.1536647641128726	-0.41659132368255536	-0.5467632347191129	-0.4115100778371026	0.24450282148124616	0.26259900462887537	-0.06357117411145743	0.5554259364449022	-0.19742336864364843	-0.3471575069230828	-0.6796373147560995	-0.3613577799252803	0.12660260184461294	0.031610750377185255	-0.12905057163937053	-0.5659838130114695	-0.18690239635322836	0.12266493694893113	-0.5244981901200806	0.5067829408310988	0.1388053288537542	-0.06320938326546054	-0.34005616916945663	0.4968488354815724	-0.6631216384150128	0.1107071079235539	0.3712779602325853	-0.37415321356639086	-0.7525162259607144	-0.647533283116156	0.4774302504070689	-0.24543637410059038	-0.32274458923571087	-1.115588797704493	-0.6688618204625366	-0.5399648342317933	-0.5335306823526486	0.7689118059761475	0.6036193530864802	-0.15172306357407897	0.7995909490498535	0.5193003195481103	0.09456973470704189	-0.19769935139076134	0.5067610546721795	-0.34950821113807906	-0.314833218712925	0.14342774185353724	0.21863344539031043	0.4004475641578908	-0.8631136608801403	0.05414963225427629	-0.7082589564070735	0.261914502472289	-0.33548001178309045	0.5428025534541939	0.34450662221544326	0.6415565844583961	0.15830015378507686	-0.08249611480564936	-0.5188133369223494	-0.23682397503716526	-1.6213810310060204	-0.20385608105735087
DTXSID9046992	11.72500088234163	4.789575298270068	-1.7917902230790823	-0.06880229680704558	3.427441557243605	-3.0787271083024264	-1.4683699471097318	1.4259093291601166	-1.09915207400799	-1.948609243781191	0.7875479215246366	7.65549401228188	-3.074265708234182	2.054528474048174	1.1152556638159488	0.32864853652949877	-2.0733737394641016	-0.6212464862868708	0.6750400000322258	-1.855074675812743	0.03188461131870044	-0.09449279663419465	1.128180334712162	0.1585727290687477	-0.49444639546110614	0.1307573032158891	0.5878312474196214	0.5707398082661578	-0.0414760921613771	-1.3230089140567796	-2.610764389842225	0.09006420073262955	1.090174362569871	0.7817777677400839	-1.1214988640930388	-1.4808250555065088	-0.8950414110753924	-0.8984664534717286	-1.7821436095820289	0.5273250327784935	0.6604980912825154	0.392479804233098	0.741014143739325	0.5229540398466056	-1.1221814892960618	-0.2595637482651363	-0.025817151479262477	-0.730831979773098	-0.11198887261422574	-0.6195593055918107	-0.2620179801729673	-0.766073633494924	0.2519102246908827	-0.05728610487380991	0.26552371381877654	-0.12116108914033864	-0.43224840489782096	1.7303450244625755	-0.6385327944828192	-1.5647791994988407	-0.07600325656259654	-0.11499303467391281	-0.5093944942030028	0.7527155153260019	-0.26098579079854217	-0.7200448617242556	0.05469276745969154	-1.7475525018081115	0.6778845553521335	-0.5755402869742307	0.49129390482176366	-0.49460183170281863	0.13421408729833553	-0.8759323037357156	1.136676374562625	0.21009400574667364	0.1568725321833543	-1.2481990147422726	-0.45343447996676767	-0.8404596126189349	1.3771143566804325	0.3227623035466751	0.5047373443528073	1.3353504289951932	0.36470308868926726	0.3602878177335131	0.4339615674699588	-1.3859780420206953	0.393146678879586	2.0929333523035063	0.6650324959704006	1.9921467069804921	-0.45994897227981457	-1.0547187197455572	1.051659611097136	-0.6312223007095875	-0.6488481988516767	0.22442586479487964	-0.5372147677047058	-0.29742886203893504
DTXSID9041021	-4.890655262320142	-5.0832181270179895	-2.6111967947125816	0.6108939530459907	0.4555948211557445	-0.8418199304612638	-1.9722433956639631	-0.5212419561969797	-1.807117289441821	1.4049555695614466	2.5676517144626536	-1.3009535610871719	1.4084839703599725	0.20939206034374472	0.6858017912835601	-1.2380839869076548	0.8111360997389206	0.41606800395576893	0.07289963989054812	-0.27246146450815406	-0.02341217429905198	-0.03210632278473935	0.6046749358421082	0.03972224466538346	-0.808089663147201	0.3707996666000952	-0.057595266353986825	0.013955354514222735	-0.42156798481446317	-0.0004853627204260446	0.020282344300732717	0.5888067118444226	0.06511586297736097	0.4058750423718458	0.16700994384725354	-1.0557454983014098	0.5372866204377232	0.09784703173086749	0.6486088724929541	0.19247802637279524	-0.5260577006048703	0.13652451687779343	-0.4579695813540742	0.2165255355726428	-0.41581295222332626	-0.015532197972350812	0.35804385272728256	-0.5982511195405935	-0.06698579434548906	0.08317237547420199	0.0924428187776497	-0.06177076195160006	-0.07937101765938401	-0.17314126309753633	-0.05339030477962386	-0.12242858946130354	0.4719414785907135	-0.7518589880135577	-0.46580194772062816	0.1563201376570104	0.20858376280119276	-0.21813851341436566	0.23715987866560626	0.037047244620951124	-0.09432423814274234	0.42609445666837964	-0.09155569013651592	-0.25256094581767957	-0.3887447422737671	-0.28034734681172524	0.1212535963721132	0.16343714008609206	-0.13567032508955024	-0.2794517591850099	-0.4837588647201809	-0.267239189966883	-0.5571790148411891	-0.11033337826219856	0.03270965114254965	-0.45302184610060753	-0.11933361907722106	0.23019844496286865	-0.05870071653009986	0.30605276306176754	0.09010474674356328	-0.21176767062644938	-0.34865967785050234	-0.12965504153897914	-0.03860708896325404	-0.10438736178229668	-0.3709467033083844	0.25154118441716944	0.45757936385164627	-0.045171941459475826	0.45137646133843284	-0.28750827598696466	-0.23997009895286867	-0.11953856573335371	0.10052363828906404	-0.2664543927226121
DTXSID0049361	-3.435953167201811	-1.6379970838797482	0.7073306780221974	-0.17775413785329544	-1.0589014797026182	-0.1429401968010292	2.2133904501223514	1.260651872467427	-0.18363260131028078	-0.3238456132567807	-0.09476348896440602	0.31063402064787665	-0.14341584182140676	0.009087418740099284	1.887847031724007	0.14049552987769642	-1.2029741778260203	-0.18668298830434849	-0.6768693482454488	-0.13386429346497553	-0.6782636233837968	-0.04775480824667284	0.9654137654186795	-0.4370503137125775	0.1827548380680886	0.37445966103049255	0.737324106958073	1.2058332628250599	0.08442275470063296	-0.22862223769884585	0.02387961278293694	-0.02486565871982884	1.0211647234349273	-0.5175688291673944	-0.32303817982984306	0.20828184690638282	-0.4289784230361943	-0.6607487533003348	-0.08653800502175882	0.07990653048425592	0.6363267318317951	-0.3303244242564331	-0.43705497837956386	-0.023064655411680568	-0.3668753318039242	0.1000538587070187	0.3666569097705359	0.05250749435167777	0.05706518807025466	-0.3675841974336379	-0.027523973021854387	0.003404712419949524	0.31382769925765136	0.18524782943606247	0.2974597871452071	-0.39263584147269853	0.24310900062340682	0.5733978674915124	-0.18158368902925523	-0.2077067419308185	-0.049441485668208704	-0.09090092862886837	-0.491208197176529	0.6343416921080545	-0.3580665354077694	0.10092941731258319	0.2761527778858161	0.30135259163041156	-0.30058096798850786	0.21093908225652377	-0.33705094520965884	-0.08875641024352111	0.010745453035858001	-0.9313174766338302	-0.40735016286131026	1.1580681845517682	0.3786194844665272	0.951806528373804	1.2963043188413736	-0.801250917120724	-0.2904312009842041	-0.3652116611270887	-0.11659125417530096	-0.2614242411198338	-0.6438331853312799	-0.19299162707935957	0.284670271023853	0.14820535214035055	-0.2046441849035256	-0.7376850888558385	0.15333890049180485	0.25898862538327067	-0.12174208715496308	-0.3369233508974512	0.5474248459913496	-0.9386931966720007	-0.47358933888244265	0.49356058926052804	0.1055741034405746	-0.4190807312844459
DTXSID1026081	4.536336603458732	6.331235103455032	-0.2654374380932015	-1.080775693808001	-5.102676288539781	3.6361729492466304	-3.74254335614757	-1.0238955136908905	-3.4527170451654197	-0.19065035857157514	-7.128948684968625	-0.5038732934126331	8.142264326112036	-1.6578126682245657	1.2143398305163489	-0.863473144182486	-3.7408054134891615	-0.5424881101737951	-0.9934220681887871	-0.2502272233589456	0.6570849151779798	1.327944939170528	0.871356937646813	-2.052818311658505	1.6804339971044933	0.08377611947218234	-1.0050319429489014	0.32215072764573066	-0.9472553402900289	-0.42373817777861333	-1.4604660181260447	1.373261051248981	0.6578600636478973	0.8477382885287201	-0.4248880289950792	-0.2537366505832894	-1.3525970342562734	-0.4525175604271166	-0.3502293149742112	-1.1403492861776958	0.15826700191297755	0.3691886217857689	0.37046897446699006	0.04134923063669735	0.2280970723599681	-0.5007594088810983	-0.7261888342291514	0.20784270627879564	-0.15847756910024788	0.5216970039154337	-0.06477237001845088	-0.5939485974974757	0.8947100391951789	0.32517859523188347	0.41459946442792384	0.5963391363421447	1.0357708301825	0.053330657555112286	-0.015239447515749129	0.5300627384843356	-0.6343185440820962	0.4706675914499821	-0.5112264390854047	0.2679617048996483	0.13342437134970037	-1.0979927850012225	1.1163217571639112	0.08796564758576379	0.11061948925954286	0.009226520721528682	-1.5230536029468913	-0.27244373720186094	-0.3663090462870878	0.20965973816629563	-0.7117307003563395	0.2763889394916014	-0.42825899628304737	0.5732809740681535	-2.312741072251314	0.34115194073135424	-1.403021517356676	-3.1336103405341245	-1.3355579817431424	-0.36219992001825796	1.3463636205015568	1.9408097052774622	-0.8017304255740682	-0.747174421933319	-0.5507242123196258	0.09559174858500867	-0.05901993789956076	1.0910445693173616	0.022171616976999403	-1.5524672922422085	2.293456129113825	-0.20998986849057177	0.5132447528872327	0.26341288283920467	-0.5783280242194602	0.9003310931184244
DTXSID1025013	-2.9439190541904616	2.7664886196918275	-1.6874683790456015	0.7067603507529223	-1.5923361802347653	1.9183446287957333	2.025408870227267	1.5574833365505532	-0.6486406797754787	-1.5723615400621116	0.8969084595057542	-0.6247552121088286	-0.2750492138915731	-1.0962694889927544	-1.142573282698693	0.17939601088978852	-0.6175035874696346	0.13556444893017536	-0.47492725238157535	0.903479789133614	-0.37963056500435316	0.2983471924482577	-1.3868525396520854	0.05517802491567136	-0.08680522966992872	-0.6970521546847878	0.059475540408619396	0.47120346047941863	0.5385519826183536	0.03781920261983102	-0.7664827159152563	-0.7972180195552498	-1.2433017921471903	-0.47268778399612105	-0.03481255073388661	0.4577421235201168	-0.23164681356461664	0.22166369209330022	0.43412683186542467	-0.5408792184989474	-1.62604324365372	-0.20158378283396733	-0.3528704713353092	-0.8455668720355516	1.4569108099141383	-0.46207725698071184	-0.19402749590399615	-0.4712386418716065	0.41183691962250807	0.24767783190991605	0.22474599103114276	0.19483336992895126	0.24887905269704805	-0.2926381668819502	-0.6193922047205662	0.3431472101997187	-0.19416366884028094	-0.08643221548571713	1.3266827490700914	1.3695755457334338	-0.8525308230994765	-0.7520708798723066	1.213138253244164	-0.4643378703074377	0.12948770510186058	0.7642184855194618	0.07451712642206887	-1.2474333861461464	1.3694408571024919	0.8260796654539956	0.3268831287714215	0.8506446359441645	1.0166805960360956	-1.2156351848178002	-0.29742273881550485	-1.074702254366056	1.1344349767874655	-0.011975830875415884	0.8900941601245403	0.8261681627735047	-0.19884276854831617	0.3914724180134766	-0.49332264195742404	-0.5090856153413195	-0.6859116331575017	-0.4056061118922635	-0.42639844570164076	-0.3073016683023799	1.7121178640646157	0.36991391044289906	-0.4532766831885349	1.035628889926211	-0.21981771062928343	0.3484987819946783	1.1887917456967156	-0.19042888673781	-0.3851720597949135	-0.6958410951037665	-0.2764973475385548	-0.510428022878256
DTXSID0042242	-5.093503615610288	0.7055087611929464	-0.16628325881254866	1.4894474197573428	-1.240992195255102	-0.5055364273832744	-0.3578155850947397	-1.1367454093295932	1.268235667320801	2.5186973536593924	0.4208351315705005	-0.9542791649044728	-0.7863393405174632	1.0984519325832693	-0.5325264628906623	-1.2442250419263912	0.2768792578015306	0.1818931378759532	0.2824648592326462	-0.06886001422749004	-0.32845537592444124	0.09668526168618521	1.0914537103887993	0.004334040220018595	0.2542159462826591	-0.12227549593929825	0.09515507494694316	-0.5657929859103694	-0.5039365918662687	0.7471668539263066	-0.6552902521285885	-0.2486305738486993	0.19816685203221848	-0.22517286273463563	0.2420084499069286	0.26651061422128836	-0.2261762920233067	0.32968088687529745	0.17742292320927588	0.265758690373193	-0.5418366790961474	-0.00040196644368667607	0.27932220844082256	0.024523295032486875	0.25924354496467916	-0.511436492636188	0.5373079080179576	-0.20131787409231836	-0.173523428746151	0.1012812740105716	0.06235335521771506	0.012456306835884669	0.4766601929947147	-0.3039840151195694	-0.48046521118908586	0.2576542977313529	-0.13699166732740492	-0.388147878371832	0.20721542175396854	0.04785832817740094	0.3391477828019236	-0.3376869949753273	0.40344830882667904	-0.14021841836394341	0.5591635159106343	0.2714635810862168	0.2958074367221088	0.058757881209078676	0.016305893674322912	0.24442283914256493	-0.3210055521414104	0.4617514480669161	-0.06190033315097382	-0.7140376078538498	-0.2481586598741799	-0.5105261099411084	-0.1736398462045935	-0.12139643589112352	0.18254550552301813	0.0711892301484154	-0.1263177064075394	-0.03638303641978308	0.23760967057107507	0.08463855188703837	-0.12155180462349376	-0.3311133664499713	-0.31116882265280743	0.19190845482326666	0.718063598410767	-0.010743125598028579	-0.28528299386925154	0.38201123676154786	0.11335393965921452	0.05863761711693481	-0.043912606517822736	-0.22291182720243968	0.14792254621247292	-0.25446322825205003	-0.3448209690474056	0.2862872156535058
DTXSID9052555	8.954361256989884	8.545198564877921	-3.2298726955741053	5.407064485304821	9.023794683793353	-1.8983339863530286	-3.7375363132001107	6.4363751620666925	7.138356878904231	-0.9281326897929429	-1.80059936008245	-0.24797850055559045	1.1608436351425375	-5.415288991728568	-1.675124500676363	1.1876247648105889	-2.9466491689995347	-0.37656772928763244	2.250867655185134	0.2019300383211633	-0.739361562123734	0.3838326463588199	-2.660017614628256	-2.3331026364856573	0.9306644753223703	1.2610583282657262	-2.7640700718083386	1.9917279273547062	-0.5786030898176967	-1.209318053133606	3.1763122953224965	1.458280490900505	0.7598941445966421	-0.31848368712706826	-0.1580068732196659	-1.073062076484023	2.961370503552869	2.24607001799814	1.2982703855378004	1.0668555049305253	-1.6801726174714702	0.016044800464014353	-0.14932152980667068	0.09194755946890047	0.0650897166070744	1.5061587624314534	-0.5969100009720808	-1.007177831828712	0.6048662031470505	-0.29613405959661376	0.23533702329023068	-0.07532828717916834	-1.5085988714218368	0.10687136850046945	0.04079144786909433	-0.6317510309183856	-0.6800884098062947	0.6076288548778963	-0.7010640428798447	-0.3590011451871318	0.8728824192739577	2.10284789922336	-0.0876323003289261	-0.515969835159408	-0.046137342394296246	-1.2474476670707186	0.4430122267636209	0.08303933464757424	-0.32814829392399414	1.131743077173361	2.5291434487485214	-1.3793412097677806	-1.0336883654954954	-1.4092018675965385	3.5741780871892987	-4.569098854941515	-2.085442782740563	3.559553494095076	-0.15560660214208336	0.26712176822370426	-2.9672655713625917	-1.9859619181372226	0.825515293511997	-2.2257938463367353	-2.0559274707268687	-2.876971224592216	2.2850318721923752	0.41736132264058085	-2.8202539259818242	1.3628074808395305	-0.43938014000765285	1.8362007588845835	-2.1152778578231857	1.623238487669336	1.1282562996454435	-0.369656631063852	-0.9044380106572735	-1.7902969540924147	0.8072739029129167	0.020141719459283246
DTXSID2026602	-1.0860904498558774	1.5849570054337832	2.3500153088437243	-0.15927301201191915	-2.6259990094532397	-0.3668330120083123	-2.1837045296210014	-2.8728543312296178	-0.011235900885857155	-0.2762700405082295	-3.476487261023249	-0.7627420053601148	4.250851647109463	-0.7372076693056269	0.5511320168775112	-0.3466998856309971	-1.3006194694325737	0.4542902344396079	-0.632521956105483	-0.12218845653600774	0.4310157842687031	0.5432797470178993	0.2552980556842376	-1.3047529560475215	1.3317224093031008	-0.17264424255174307	-0.4248999210134412	-0.8607802435089974	-0.35225411192633066	-0.24648043642259657	-0.7786985261246395	0.4540806922232321	0.505835899253016	0.6510270592708776	-0.8590995056777526	0.0012529550313660656	-0.8101167901946486	0.12710178209967868	-0.6967891339677805	-0.4506322406378301	0.4263009242975828	0.10896718668177142	-0.5082594971248345	-0.6695904567139409	-0.2730481565812929	0.10889973976186791	-0.6077161154546665	-0.27718181090619876	-0.008736998797477481	0.005788524561840216	-0.11399029412344634	-0.5006204420539153	0.1692960381543955	0.228728737629075	-0.02005841791363613	0.46792733946195864	0.6020559498982376	0.5902987795982594	-0.3010949847916781	0.1398206945239102	-0.24710356916270254	0.5564964084560579	0.338230930346064	0.39686566246393123	-0.10508530773190641	-0.8248202618525835	-0.34156108932344625	-0.12585627324712667	0.7185517920395954	0.4309604367184134	-0.2154695415517965	-0.29645262967674113	0.9381310959322634	-0.1258520715697522	-0.5900192415808838	0.280875797560199	0.862981039597275	0.615901297828423	0.36032793647613476	-0.6691567940501776	-0.011169591876448216	-1.4667844291532608	0.053173229903788394	0.33348188538321294	0.3912573171869934	0.3313862529354031	-0.6576481253655401	0.08737333928902076	-0.10658053314818709	-0.08599875754194404	-0.2666906853708122	0.1599462838412265	0.7217357988904836	0.6540493069323815	-0.6899380206386655	0.06170276663306574	0.34261998292855744	-0.13377516231673695	-0.08223788966766099	0.6622939072115922
DTXSID0020862	2.000515653441705	7.862529613367914	2.8941528716502694	2.815254628387825	-2.50832049398301	0.879176599934544	-0.3775263628221828	-2.6787267200896907	2.2882547687533488	-0.19322134603991847	1.6224697248282087	-0.9897566101323202	-0.9744246402352242	-3.343552819195785	-0.6235557330264626	-0.23782358118837704	0.040992756212057446	-0.610439213582994	0.0734102588543935	-0.4279861500729709	0.25043021313920416	-0.37256933494823286	-0.6550586598233464	-0.5589382230544593	-0.3805095959235966	-0.6419348629825624	-1.220475330308753	1.7607061286585832	-0.7057197776873096	0.00372545402645753	-0.055664998807287695	2.1609380928727164	1.7405952456848048	0.6384147040567748	-0.12368608919201754	-0.5671090419833952	0.11258076871349128	1.6691919015895385	2.0217580757048803	-0.47955945755891705	-1.2876662675234687	0.5489763493707998	-1.0698760339500124	0.686712712589841	-1.1103251891626253	1.754015000471996	1.1221797831714948	-0.5963694366940934	0.38925033174889095	0.09135310923303198	0.4210704659794502	0.540597085363564	-0.3075242472215077	0.2220488465025734	0.4828871845781981	-0.022173756141966428	-0.3852590894617513	-0.10916262584665021	-0.723720366167928	-1.1107115196831643	1.3824471695087723	1.5923731141683573	-0.0068424456058966375	-1.4394327553320838	0.03088448982144799	-1.3949002532713601	0.34214600377804366	1.0494661207373168	-0.24375680524802545	1.7111928284908322	-0.0823527816455485	0.9582594741424396	-1.8564361586503004	-0.30231311155631363	0.7836077160878172	-1.6220137658209675	-1.456829951513598	0.09315994940405734	1.1090719727779812	-0.6849550224700092	-0.12451163024704674	2.1225988821831097	-0.2606645352862039	-0.5004524951135819	-0.29733142185289235	-0.9592152888850699	0.23349771321640664	-0.6288232776517894	1.4640673229803316	0.6466981286625938	0.663088268695362	-0.7190532643037634	-0.9922470854457465	-0.7335045089603791	0.2344394264844067	0.1149138623398082	0.4036867402016301	-0.5903528178753512	0.32757819929475035	0.8232710970818269
DTXSID1025693	-1.4339301716817778	0.4813346281405428	-0.16549812004153447	1.9966867974334999	-1.8654017871285298	-0.27272385823299916	-0.5047427902898037	-0.6906443627750155	-0.6604059229733547	-2.1945557722963174	-2.6862379406921497	-0.1311793795581167	0.2005861186493358	2.9813286846472677	1.2221705652049792	-0.7164324757778567	1.1463251383059894	0.37039959644510867	1.2082396320962487	0.20658239531767536	-0.08433078355023597	-0.5545164969654023	-1.117472372027639	1.7177342334757524	-0.025096913635040755	-0.17927590370537025	2.769753509208076	-0.3027127989814444	-0.22623452137382222	1.3173146818060986	-0.18345524834360055	-1.6678905082650362	2.02253164540628	0.823200520728173	0.6169396481480662	-0.9504789133829826	1.4749745175893285	-1.7099590444366812	1.0412034810378081	-0.25607254857011646	0.5643566120876189	0.9329822572288211	0.014526294666393528	0.4374860019920485	-0.4585756788040187	-0.2326316134221857	-0.5883975400265935	-0.568751947369242	-0.3838804645696697	-0.1327309454604817	0.48694439744138784	-0.28641850045018064	0.3869024113997736	0.46700837454543165	0.5850829971774694	-0.08957404013872201	0.8977031879920006	0.015763118255164868	1.3782867299961425	0.7824014226546677	-0.6075296404027766	1.559503383572172	-0.7498184252197805	-1.225128317619052	-0.3669863911295487	1.6403840865723083	0.12554636970171587	-0.39758462778020676	-0.21192854425280833	0.5471550538300667	1.1615148495897534	-0.8051216201597489	-0.820745266223472	0.6631711742370626	0.29902290028252565	0.260348033947219	-0.9150517238553969	0.5437883311103326	-0.04063185429183405	-0.8609006652573414	1.204385472786543	-0.058873917624957764	0.12987240484624218	0.849756548955802	-0.6634693247775002	0.0806042657029117	1.605136637289741	1.8591168776460503	0.34187930480868955	-0.9539789914532266	-0.7479970149629747	-1.3026895545397599	-0.296219253652101	-0.5540868849493857	-0.6721307092406996	1.0230204995908214	-1.5321512311128815	-0.041001834933269546	0.1959246662033949	-0.17566171995423213
DTXSID9048984	7.695266346191472	7.414965297232691	-3.97419511088751	2.017860055501021	-0.5156340879083696	-0.5158301680740301	-7.830309555699949	-4.124808441976981	-4.1517857340180555	-2.715213616568354	1.5182784429372072	-2.4781194631996026	7.806159348347702	-1.256820500857886	1.4896447282245686	-2.4152538243412836	-0.755290117519338	0.38988269203246223	-0.39081433255583203	1.6023393292661021	1.5273435400816666	0.9823722485634209	-2.032592824542022	0.11801941842057419	-0.01124516302426793	0.3459106309730046	-0.9998944545274316	1.6586199754127615	0.47374499302297773	-0.6739197823071825	1.176872086539608	0.5284967399896738	-0.6702095548621347	-1.8083292503484303	-1.5432002038324644	1.608461474896673	-1.005907677711501	1.0376378286525865	-1.683574250153889	-0.6370870604388656	0.8921770195493313	-0.11013793474544549	1.8025385727511607	-0.3751283474553777	-0.7979664516265008	0.8470354524967896	-0.9677256500879197	2.1799896268608157	-0.20730583923615714	-0.06990727918135478	0.17080192448297793	1.4572681758813137	-0.17374068308251459	1.6411827344817516	0.2826825066920874	0.8810926909093785	-0.9760433612440799	2.9539416572224506	-0.07073978503276449	-0.7373500090293514	1.3931211388379325	2.903634688810816	-0.9154782198331667	-0.2913937761345805	0.15965347845055256	-1.1785998909278919	0.3577648505553251	-1.4464741114203636	-2.2001865591279985	1.7189200980075645	-0.3258923463689484	-0.8223642562468794	0.3489620521980288	-0.708227847129364	1.8405050109619432	-0.3678125788394368	-1.7324205379587507	-1.165165772149994	0.811689368781031	-1.0956474806499423	0.4381896366617186	-0.6452680218609516	0.535004015580632	-1.3437402670178464	-0.10250944048463496	-1.0534478545924293	-0.32332646711268354	0.3942606379784512	-0.852068965022487	0.4754720859364412	0.24008694133631567	0.4583916026399326	-0.2170118184619367	-0.21370912342699513	-0.2832348602800804	-0.08071799896536223	1.7460095766101162	1.3002833325563725	-0.04209733999853888	0.02276771219933723
DTXSID5020784	9.942420923297984	-2.3010125710972313	5.595875081433306	1.7377561267031356	1.767968811916462	-0.7247861612851945	-0.45022383848127795	-0.1640993337046032	-0.8581656775942973	-1.130002296501133	-0.6510367892843683	0.5161362243798704	-1.2168693797668828	1.4631492235739503	-0.5042099507665545	-0.8798510571191972	1.035587079560966	-1.5644163818768069	1.67165602640821	-1.5299012479093796	-0.1146148635429105	0.13157631410761997	1.653406213758347	-0.3292647351110305	0.27424839361047443	-1.2003281055016748	-2.3614165229195216	0.08871155082027388	-0.1218365487535884	-1.223089149046891	-2.272018426082909	0.1547507870989894	0.7099748235574922	-1.2568597774149346	-0.794084337640192	-0.6880522319961143	-0.4124712058210653	-0.2804966767236348	-0.06669535697209387	-0.39356088773220516	0.5900565114627817	-0.11242364689697072	-0.2470864218772021	-0.12385126558220821	0.1438877033731052	-0.09139061239371915	-0.31878115081423686	-0.6234103542128355	-0.12828544074279982	-0.05269552554575168	-0.04630498050240269	-0.5359654979700912	0.3086791519436278	-0.1537625112650762	-0.4771606857437641	0.15591185082573814	0.5137845464619425	-0.7316310443273067	0.234758006505224	1.23148172371422	-0.5631292053640526	0.1894390868694596	-0.1777668546359355	-0.2820194417913554	-0.6891647769994628	0.37382801326438025	0.16845165382805552	-0.4022874441342867	-0.022375399540560247	-0.23036998145711995	-1.1591813098165196	-0.2690781608094791	-0.3055139159627001	0.8119690450071976	1.2429194220218034	0.24862774770931087	1.1894496738121103	1.0837876965392852	0.17513751559872173	-0.0878810679053037	0.46160783063423116	-0.6401770192385523	-0.5024295150352033	0.35229719305088475	-0.47028573416897823	-0.028113139483446768	-1.2541085336467837	0.18803491113993948	-0.47356002900158345	-0.35521457177969923	0.8850637712868239	0.9237952424285719	0.8040594973930208	0.4015859730637286	-1.2059102176915768	-0.8339898701205554	0.757920781851247	0.7765372115941096	-0.24076302594212098	-1.1046056237429287
DTXSID6020569	-6.16876903692938	-4.356488091319545	1.1178644633653694	0.9431483233605817	-1.4375177257135985	0.14383183584072975	0.5415787475426344	-0.1632166180395915	1.0706511662281955	-1.6340851275474921	-0.9080016609202641	0.24126678371212626	-0.6845824519997956	0.6305913149840039	1.3892675831257686	-1.4578361352855034	1.3797776576406786	-0.4161284589497288	1.9855382785350433	-0.06203629171479525	0.3192893623464055	0.3025770706645618	0.806838842298418	-0.07299650026609861	0.6394122825574077	1.1076468734345941	2.2522392634028816	0.09172231586519841	0.530690985225178	-0.3843312255456483	1.4619775710673024	1.8045113032575129	-0.5773311910359015	0.5704487757938295	-0.6155518466179162	-0.5786416836066133	-0.055804618702127336	1.1341624007614701	-0.8389026646887954	-1.206518457315274	-0.3928855272243106	-0.08816147463179035	0.6531522564115185	0.295415646458684	0.2556454618565961	0.598442172848739	0.7745994152223562	0.05054359136650735	-0.19698532634889634	0.114715370282796	0.065050922085551	0.8141547331926586	0.04320988409390876	0.3156644528921477	0.18237947049623096	0.05750936680361658	0.7124987841250713	-0.1804425733985924	-0.0122994205910413	0.45562767819011385	0.933525265522653	-0.10914462213668588	0.22125115463844403	0.45189668209995815	0.46443586787953506	0.6096819918698673	0.053697113481862	0.3377715824511622	-0.009035346737484708	0.0486145119258874	-0.29223667529441927	0.9064477246080858	-0.7059527896167724	0.39294866324496575	-0.4748382493003038	-1.0052856459395088	0.15365130184831105	0.09998095489356716	0.5052919734513424	-1.0987410342774784	0.5723128910377255	-0.3162999671346206	-0.8469741892072462	-0.5078970873795163	-0.07391607861857752	-0.057066717496170524	0.3265262178588932	-0.43948492522129534	-0.40839161244166916	0.16942307820405075	-0.13558338693443187	0.28605219747574717	0.5880449333206451	-0.1867258398204778	0.4171021678154458	0.06223571888868989	-0.41925423682087976	-0.2887144162339008	-0.7980445030529805	0.10702272046638864
DTXSID4046284	-1.6023336087485647	1.8592978090447394	-3.6220014718042917	3.1783350370675363	1.4528865626522205	0.6499623936547219	-0.6768958882862836	-4.477136750741095	-2.440701157117894	-1.5942244531951064	-2.497903579842659	6.443644062140561	3.2180586420518678	-2.096724131623933	0.8655971407160304	-1.7012490982523378	-3.217464656490116	-0.379415128792473	-0.38367134647526324	0.774283582825899	-1.0613265611248706	0.7145235449399492	0.515626111457107	-0.5320602819030306	0.8986270447181595	-0.5039741873492042	0.12079780623397647	0.6654444727447105	0.5655377875711414	-0.8177424804671661	0.670731096065848	-0.7343320419050614	-0.493448244920969	0.37452311764020274	-0.9848548118993898	-1.2168056512037853	-0.3747710875313943	0.8945381625713893	-0.955464516581603	-0.22596019212697313	0.5817095259709906	0.3698201200685484	0.4350179863877781	1.0243574936282946	-0.7253931858163414	0.1315596122906976	0.18609825923205844	-0.6584122057624127	0.7702331229917273	0.5931255450899802	0.22300703054210672	-0.32440467787920546	-0.18891995447569587	0.11388674859074473	-0.4218298960941374	-0.6478382137204135	0.5996049196858629	-0.2605448673669426	-0.1047117249487017	-0.7261504977236014	-0.19011294894789582	-0.17422060060379016	0.15488725973920642	-0.231932018287316	-0.4010506399432156	-0.40485204358601534	0.02637672591869092	-0.9033995399737144	0.6501252281504214	0.35665264357055654	-0.42232022756655613	-0.36840259432887457	-0.2269179543569871	-0.07578856220665475	-0.04731819851542263	0.11298795620168416	-0.034741846130569125	0.18035206332133377	-0.5350950270134452	-1.3568239620149831	-0.3646259910851418	-0.23213170779321077	-0.516336009829056	1.4003987967879379	-0.15354641051821077	0.7890182536077793	0.5473521784749368	-0.9664879165902424	0.868105551593787	0.6496652928187121	-0.11402443584667679	0.1849845780642609	-0.17795876509467587	0.7686823328761586	0.09307053276305852	-0.2575409157695196	1.0786554735661362	0.33961647525955707	0.5640462130134861	0.01877720403072882
DTXSID8044547	-1.0620250085611995	-2.127107994489606	5.561283072442019	-0.21193031315287317	1.4290131829476822	-0.3793104269224515	0.36154329628760473	-0.5778802774024193	0.017955239636589973	-0.06654222520884256	-0.03383835599098993	0.15523685565074644	0.5030441194807251	-0.19361754204185985	-1.4539215515156056	-0.42205713487402857	-0.181570878358307	-0.29107849901978217	-0.6027813732691657	0.9132189637302079	0.1389952876827721	0.24600486533651297	0.771039448087996	-0.13617669078802566	-0.2606912430100972	1.3675282956929542	1.820146036603625	-0.4416722536522331	0.251354443590957	0.6249963462779126	1.336111816272327	-0.09369805114065256	-0.35728936986052995	-0.31167814304808145	0.785816790622771	0.37565053423952427	-0.2673555194501588	0.829823774859247	-0.05055202640010907	0.07090638245281931	0.4613399621165452	0.43640009941223507	-0.4344250386161054	-0.9263602010112586	-0.08066208073661484	0.3079987506844452	0.3588075765256309	0.366962001395489	-0.23897573525149315	-0.27313751360434807	0.05988096812563664	0.44428608530502606	-0.1684572861074386	0.24333017464186787	0.019142312659883687	-0.664666722955919	0.5395424591761728	0.24881941929190426	-0.3239921064778237	-0.25013951374746957	0.24646526496302376	-0.729820124302918	-0.6485815090062785	-1.2079975942012176	0.3102337523227057	0.5368079247106425	0.003986776302543743	-0.012857754352627903	-0.33336642333893135	-0.30853385005649375	-0.2743013845636653	-0.27190675654303564	0.37269181955573105	-0.28633554147844814	-0.14985109107621047	0.4588871789368613	-0.4610905078690891	-0.0761953404901831	-0.1286929018377896	-0.07215952062195381	-0.7302413598760935	0.3977135477899628	0.273083111868809	0.3082966159719725	0.32659871674938207	-0.14598068242280146	-0.4329282776470793	-0.4383858390409737	-0.03110155517774844	0.15480774783134893	0.35232161294586684	0.05041904077148469	-0.7124436306439216	0.36595953894891187	0.11401768013118686	0.1951861368868668	0.15310420007561742	0.030690132792364398	-0.24235417289838204	0.32126858215780174
DTXSID9026059	-6.334087311680112	-2.0005654912362574	-0.3105732601803644	0.031019850064544854	-0.8564847331908865	0.4583776089272922	0.09978530410259993	-1.2248963534327046	-0.8566073758646149	0.8605669033858685	0.005106066510154126	2.7301871455058953	2.374058772609388	1.3315464307915714	1.4540304651958005	7.040674543623336	5.683706927884531	-4.575310060274853	1.8104018886968316	4.2934702884732285	-1.963692019961392	-1.7941252291422156	-3.676938064252679	-1.107385673667593	-0.08464204485042129	1.4809846902040493	-2.2815782111305114	-0.8704519305850598	-1.935309974412267	1.0145211793708249	1.7131606052045896	0.401150032691998	0.15556086971406538	-0.7782214776951928	0.8566520984646582	-1.4434897479088338	-1.0667046509393938	1.6031128659177074	-0.09254789812748332	1.0217557923951064	1.466371185622985	-0.791980130710228	-1.3158282039411893	0.25769759104674794	1.3947348797810701	-2.3291279427165565	-0.9566391492483225	0.17162778780559923	0.4509959992508726	-0.7897961825660476	0.34107531902881366	-0.7016694691437904	-0.9658357656294452	0.13215514620481028	-1.2099191437799213	0.569948032685517	0.39331872752676056	0.5427962671789324	2.846952913643683	0.04523582417910967	0.22924090406758177	-1.7659402908071393	-2.0566604720338764	1.3839976334508304	-0.22755329915177308	-1.4284834527303356	0.0811101962734745	1.4204477417235783	-0.34946588279186125	1.3104152452122413	-1.2208287718451787	-0.8096891524747639	-1.389759968466717	-1.5543282111541956	-0.4533137754258526	0.3088851440465465	0.8756725273333885	-0.7170039711313547	-0.28500883378377195	0.5504976330174698	0.6048512243063857	-0.6558755498943553	0.9359255436206559	0.14872474644114606	0.08956893590192179	-0.34949663300473977	-0.14441547637110605	-0.18473570713916965	-0.10699249941707353	0.5885244988624415	0.5240079177381954	0.7204110046603736	-0.21262641561415574	-0.5355877498524528	0.16571024347509059	0.24832080767061174	-0.6036738139332772	-0.0353575597271229	0.28293766542990667	0.12627367474497375
DTXSID0048682	36.42146897685351	5.648710566356474	-11.202816639204826	4.557479103178724	12.871379480447475	-11.901327495798174	1.3652091175661383	10.444577202510551	2.6361121669781276	3.8666427003371635	-2.2004954895775053	-3.893682646008917	4.273848314852966	-2.6296564266395475	-4.873219593807351	4.820802767471365	-2.414037131397059	1.4790833464082713	0.7825336864154901	-4.45965421417877	2.1501252683551955	0.6710923504273949	1.9531103071752323	-0.18276623053403085	-2.8415722950861806	1.4308583574654892	-0.3864973651605048	-2.8443097408125384	-1.755894693582146	-0.21656490804800813	-3.16489226050295	-1.0749449661543848	-1.4719844251294736	1.3563131250006235	1.3716291552406634	-0.29959839303619606	-0.39407931241667	-1.2946064691654071	0.2378189137085419	-0.5728045350454469	3.0560569008145175	2.7980153646341916	-1.0062150868662947	3.6814117720191044	0.24308245393366718	0.04006011043728387	-2.178228057374366	-0.3025198678738645	0.48607286361427454	2.63117957808527	0.5559309609088088	0.044244260035637084	0.009522108645661944	1.0217102790994166	-1.6091157429726939	0.829834123513375	1.4814930286392245	2.851354886750748	-1.8709969617000715	0.37604230743900835	-0.9913521420156299	2.603140231262327	-0.8250372469102959	-1.2709384608888419	-1.4638632871707369	-1.5803953788176046	-2.2021603529227884	3.164456797484825	0.5688269393677756	0.8332336511482589	-1.571837576260099	2.8277033031860603	-1.9249706476402901	4.270466042839386	1.5715678236322859	-4.017818444992339	-4.656725750498787	-2.134521266708865	0.9025832866670678	-5.130203726768129	-0.8335275779394296	-2.188787619609626	2.4579891148105255	1.6725926932693607	-4.838186203266361	-0.42403490324226234	-0.12477335782728563	1.8115718510303045	0.5765755065220873	-1.736322520650805	-0.5017696840423193	0.8975829055498525	4.036755915260893	-2.011307458148989	3.4197063309211346	0.8170558119402564	0.9850394268159719	-0.11903827406840076	1.140035237577191	-3.1743638699790884
DTXSID0044361	-1.4221628422042725	-2.652489757644138	-2.9956534643245623	0.6653241364048409	5.291982999670058	-3.668041038680991	-0.3027127077980511	2.900617933994695	0.4131420829025107	4.86017767222577	-2.6197371579780238	-1.5983110054149063	0.36993935703167014	-1.0451424766662398	-2.6842711360181997	0.49172892955578823	0.7794131291306643	-0.5126191957460887	0.2009431843985649	1.6933072887604665	1.3988614424047263	1.519835459653706	-1.3332788600777032	-0.8328828945092019	1.4285046865493065	0.4152953392483776	1.4206542917161067	1.654852802426246	2.178206931828253	-1.91991955762132	-1.7765765510570517	-1.7128200321330547	-4.641430461676222	-0.03898073986427058	3.575930126780835	-3.2386518604238934	1.4140609540130251	-3.4228139327193734	-3.1415809425333383	-0.18693857368657943	-4.603151133412042	-0.30426990850261537	-0.4929928913170498	-0.9699941626893526	-3.0556246985229376	0.07670591690275996	-3.715381815925057	-1.0654760989523573	0.44388999893421943	0.9773734036220669	0.14622279021692655	-6.090934371658558	-3.0238441767368602	1.681475014119378	3.0979908842323765	3.368085417318026	-1.465724638208761	1.0476144821664881	-3.967004460278899	4.298822563533159	3.0019973097817965	0.08440797746835518	-3.126176921559628	-1.9730822669409651	-0.7308929185231636	-1.3250921705986716	1.1401083561796437	1.5303803441002028	-0.8428333455020518	1.8933634877698955	-2.462710756041894	2.0488521657552146	-1.7122623306767717	1.2020494542950018	-0.061531542193020226	1.5343470730857758	-0.3931267668771343	-1.6242832551558364	0.11501029212015186	-0.7447630842827864	1.1303223539169198	-0.16307578207620738	0.8731823233504102	-0.07142178343606433	-1.0237223584475643	0.3060020775856428	0.374376517418507	0.4314464176024872	-0.16607058534299193	-0.03379372354359422	0.5991874417124611	0.9174582053697283	-0.8830699609711484	0.6763167146700015	0.7794876841835875	0.7243475233062654	0.020993996372042655	-0.2999924625234691	0.35617565128772477	0.5641116208323241
DTXSID6051306	10.468791248273693	5.848475885411531	6.818821081910456	1.380006491677658	-3.9943138015706494	0.01296114675257105	-2.989861100334883	-5.647009086706964	-0.894005401715128	0.91725085339592	-6.119938082907967	-0.6667157616998042	9.423094658269916	-2.491935560500626	-0.2772621374700013	-2.691971935523418	-3.0804340958746033	-0.8324625548654632	0.01614626352885021	1.708850460658193	0.7732287547674769	2.263709441468674	-0.6030420359317069	-0.8211757558824221	0.7817064972343082	0.7980332671461108	0.27861384982640847	0.7495090899148512	-0.08596399149500834	0.06018252227413632	0.48261962086026083	-0.9177233976717378	-1.0088346225630656	-0.22336209272806948	-0.49174707216601043	-0.48264740681783425	-2.756892366834768	-0.09564298141758631	-0.3059179844071453	0.41330257318239194	0.4247180435754838	1.1657674979010768	0.15284341129661452	0.8322527829386553	0.4082271891743359	-0.16793287747154947	0.2698958571603038	-0.5508755310232966	-0.3295813662741998	-0.04265141658895646	0.023042768528863392	-0.5396193049372823	0.3628393557234761	0.445915696374668	-0.45912946762197077	-0.31987991861371073	0.09057112290759801	0.3574074819649739	-0.5449541564271562	-0.6255941535693426	0.32659146738759587	-0.0012525792955542607	-0.9991024714078298	0.36935991217059727	1.0992529805202438	-0.9914681111935001	-0.3114869517793359	-0.4547126703407844	-0.23446112977904382	-2.283052748347599	-0.6452446159150333	-1.2770824274085346	0.17925374593854937	0.3578042259729044	-0.5790222173264601	1.1345517635349984	0.8664609295560389	0.8421922364597582	-0.08752217679455263	-0.16609390777970262	0.5842398441754165	-0.730768681968186	0.8758432562996141	0.593958913848684	1.3020270711915805	0.5377672575410288	-0.9737478322053799	-0.8800577268431214	-0.12149512462868448	0.18924329232662154	-0.05884259643034665	-0.4065495622537001	-0.9164637163752515	-0.22909272180580414	1.7598254852545632	0.2337993163335117	0.07987128115130299	-1.1029736395092342	-1.4840873934451508	2.1881485896523776
DTXSID9046570	1.3562335394692648	1.8093897688339748	-3.198472138699004	2.009848608122494	3.2461258864893776	-1.9455339146796489	3.1530203944118234	-0.9813953853005685	0.16865795727555005	-2.198517970622294	0.22615938454951776	1.5441382932978283	0.011676122290780496	-1.1821295191462629	-0.4507855312962463	0.1713351992552197	0.28083021261812974	0.0765147808317735	-0.9006660434606097	-0.7615852807643981	-1.299817038449883	-0.5809236716824507	0.2951600458809572	0.5030169188100013	-0.4706243338445711	-0.23202423046380471	0.5334723003267037	-0.44419401118235013	0.09212449813823613	0.190966927762464	-1.2898234461111797	0.6228082259855424	-0.766869143132883	-0.022782286075381766	0.8375026697316739	-0.5047631745671731	-0.814309892550843	0.03526175353892903	0.30680060822277566	-0.547767711581973	-1.0469357105829056	0.026372091689552374	-0.3446722334620109	-0.31061867581372055	0.3397962271127869	0.0001663757553816408	0.7435376161414461	-0.09064528806747368	-0.4587907584824484	0.051488056682698534	-0.36070895663913927	0.4735235859137605	-0.4233746525629171	-0.1373954527888014	-0.13404394498574043	-0.1528036374206951	-0.8867413946577574	0.7277998950777221	-0.9300208651755614	0.7202190579407741	0.13455074558907446	0.04730615512502658	-0.6050795415158657	1.109640130912796	0.48268276785487324	0.2657719375318812	0.07112496890011893	-1.5332952765581906	0.19066772684980382	-1.1848781423073864	0.2198710600506265	-1.5338434238809182	1.1283681937919101	-0.4411427798649919	-0.88369864445346	0.0954028485122205	0.08388247828306145	1.2733708158945132	0.1575682389223505	0.061362147452809115	0.3560227295453794	-0.5530329237038686	0.4400935587505709	-0.04863259446400492	-0.43966406784932255	-0.23293740156924228	-0.20674062901810691	0.22247807603826736	-1.5906733236234252	-0.4543814843210786	0.7074185773743146	-0.3177723924367234	1.2951118478222945	-0.8047635974325564	0.3718755857013325	1.2602003280081178	0.28856240997238136	-0.25993904366604126	0.8840022709061299	-0.28171357647934614
DTXSID5048891	-0.34505289764995645	0.08002670584110294	-1.1378522166861702	1.7374466533528874	-1.5565520883283848	0.13519336896337858	0.28791709878949445	0.5566660697961635	-0.48631899614390556	-0.4506739110506534	-2.0051446887644886	-0.8442142776629531	0.48537852168092177	1.3334300256006069	1.3584559067621815	-0.0463267812050018	0.8730007391272329	0.49998346117891496	0.5886125147405582	0.009645168774903505	0.544989500233743	-0.944961830826019	0.44814835921740975	1.2979118825986713	0.006197924510565577	2.5273359768295616	0.25845258789901343	-0.31403060314468967	5.410579252989528	2.7241953007192876	-1.7364864247600156	-0.6305505282542405	1.2944115344347147	0.4921494177143592	0.2533883084675381	-1.8621940038571987	0.28755296030788446	-0.4088791110476857	0.5901866343779896	-0.6168153829357365	0.886422364321861	0.6982357994935584	0.841233231311574	0.10021026977103228	-0.2763519218003817	0.27308660760291215	-0.03377700121052852	-0.06256413608839216	0.023691815063327147	0.20734750460607332	0.35034010652214453	0.05804438314854338	0.9269814337793104	0.09032603108432422	-0.011357004540787776	0.43244353718194034	0.5075297253005968	-0.15945358217095643	0.6050734737262911	0.00265730932680155	-0.6111860119450394	-0.11785592536212289	-0.5519342880667023	-1.2861059606941998	0.2964639424370832	1.135458146460104	-0.5951224275546563	-0.05506320828615417	-0.65126578601321	1.063021392985051	0.7881172466558369	-1.6587795282934303	-0.036527449301740705	1.8332244643482178	-0.41835882466113095	1.1296667924685697	-2.0926162166205966	-0.3478811739080693	3.8549827623540383	2.617619734775001	0.6102640628301168	-2.2869890196016103	-1.5830254238733572	3.026162953376963	-0.4190307481784391	-0.8120297990869022	2.3666983586457793	0.1100291389301581	0.3092541141139191	-0.735707285521919	-0.04648408900438578	-1.0232946542668602	-0.7827224821587594	-0.8382604562882641	-0.05102697718428338	1.0810645276050506	-1.5885793256973455	-0.171360188815714	0.9264633227060358	-0.42085262875511953
DTXSID4047703	-1.6626905108569519	-0.9321783466301309	-0.20429805674897086	0.7066144920900582	1.8054983811730134	-0.6543927890115874	-0.017918713226360235	-0.7829941285593454	-1.1662118078276185	-2.2448095538072135	-1.3436174499993898	0.271020410485928	-0.40578899506542376	1.275741062076892	-0.4142904333212469	-0.6759207704083068	0.7852879803334408	-0.3491168085083753	0.1013963526377154	0.3709409555402778	-0.2505941697262432	-0.2707215375368633	-0.01969840697067029	0.4407141298610632	0.2477228909034537	-0.6258244226260551	-0.07594173138558717	-1.0669500564192118	-0.169574465794719	-0.01311211233867981	-0.4782306282879757	-0.6254469013978902	0.8668995633570648	0.30713533722794034	1.0065374122992836	0.45265635116326286	0.3097972717047406	-0.07285785646240166	0.006385620971194884	0.15733828211165096	0.698968739087468	0.8190169424817032	-0.36699564379129845	0.5359123274392924	-0.454729118501227	0.2542257342920441	-0.1849282561939023	-0.4592553196858837	-0.2984940620054661	0.08038456619319119	0.1916591934229409	-0.5243622748731286	0.18366807430296558	0.10563327586423409	-0.6834373427430257	0.7457476497569883	0.12599154615770009	0.2298257192816648	-0.16065317696269374	0.24854930365872063	-0.42673645477748606	0.921859024660052	0.4230450781239125	-0.2099321760522076	-0.4540253354277306	-0.3803139407911892	-1.1000963406256123	0.5289150086335463	-0.2941193071442813	0.36038257971869103	0.4232047930089291	0.7526980486933061	-0.7421475858598682	1.4177022241408825	-0.3853698107410188	-0.3537049360789896	-0.7566884331934088	0.11114379009001198	0.3422363143057292	-0.5699248612629634	0.3322229817742334	0.4722994332156149	0.13749864139850632	0.13525335612885447	-0.44884369646862926	0.19326032264167425	0.05582993677697011	-0.07991533992275536	0.17812753127796654	-0.6195109782232026	0.3397383842980121	-0.43103073684753385	0.4214594756370163	0.07829503354874123	-0.8620876950437961	-0.13429263980204784	-0.4821443407931883	0.38766334165134037	-0.1952869727912109	-0.5428380281968462
DTXSID0046517	-4.525310018372531	-1.182101815521507	-3.311079553066222	1.9569547946834507	0.5315287192974811	-0.05362484070220356	3.287552268719782	-0.06955324019444052	-1.7543459413420723	2.112195302405717	-0.03106720879312962	-0.22146149786657612	0.4415981251773079	0.6799890786714241	-0.7147220922601386	0.8996297162625371	1.2593468766635898	-1.9549848080434875	0.030799154548427472	1.565389633166102	-0.7709642860503096	-0.03785173873395614	0.6165432101850269	-0.3232377899974498	-0.16856326944436215	-0.014520064475528158	0.23241696743973833	0.12699175638158416	0.23027946965883206	-0.3428046806364872	-0.2082968323116181	-0.10543987467070033	0.4604041161026906	-0.3318363350301921	-0.21371809862061183	-0.3338852616910893	-0.019416107348121204	-0.01781703078763997	-0.5225301983637868	0.420682554532618	0.6818114484753245	0.5423030086912465	-0.28313989246855953	0.7702591467837789	-0.396007709494862	-0.06999290727572521	-0.020622598508600962	-0.44334590671964286	-0.280966240644476	-0.27820543131392145	-0.02883828551002157	0.022856037222745568	-0.08348355542922244	0.3847975206975867	-0.7159994637062046	0.08665009320639573	0.1058968234391255	0.7549843652812983	-0.410739679029335	-0.4710543503436892	0.06539443662110712	0.136106411517791	-0.36381107070924057	0.822879133310924	-0.3589510081462111	0.0859289554972662	-0.6806874665034482	-0.30122909230222983	-0.4818572575140371	-0.6143916821601971	0.1683671646423474	-0.2949612472450948	-0.03574615613821686	-0.076629334866634	-0.41676874555839977	-0.2302647982337344	-0.027670157870707805	-0.39275974991008705	0.850213123649464	-1.145604097816428	0.057003289327356	-0.35956880698058924	-0.41978627248723827	-0.383762413835833	-0.2760012859627162	-0.2941348640969016	-0.22040662913925313	0.488109464183579	0.24478838651502435	0.27354329334080707	-0.5049809216812803	-0.035433654378314826	-0.11870486863002362	-0.9712219735164109	0.5442944699397504	-0.9561115217591059	0.13955528998694686	-0.6704018007123732	-0.29650213922992635	-0.7085806975050374
DTXSID2029246	2.0922279451980863	-0.7542768968972852	4.1178417549940605	-4.877404565508227	-1.7233640992219057	-2.4021382639067452	0.6360568597739189	0.5256053912794396	-0.013243852177318723	1.1353160616608367	-0.44085364618450656	0.6475255381751254	0.49318464613188207	-0.3360277820731876	-0.48915341941021107	0.09347154326072579	-0.4039992903619151	0.9206562485158992	-0.3274488736177728	-0.47976274530380947	0.30482337119169334	-0.23340612368866134	-0.5883713650425483	-0.8625503964934909	0.9963663856998649	0.25552259594411253	-0.13269124960779557	-1.03011926178139	0.2511863964643616	0.2746613122138886	1.1170661406773454	-1.1226396991027165	-1.0337327490393278	0.02605560291807289	-0.371245649279663	0.21128593670117266	0.25623964437366337	0.4850482435601948	0.12905610803595052	0.7104998136282006	-0.2957967847856355	-0.4698720912334167	-0.05499481890547155	-0.2224954816718375	0.22841764639791215	0.04004734331365812	0.027830807220808402	0.3759015635342788	0.050002779132791574	-0.004406125175900161	0.0008896285441590372	-0.004168907532366967	-0.019501493433900244	-0.09080896264458384	0.1521753277136734	-0.6054908466111317	0.004171549253935314	-0.4129231835426171	0.6764580458260265	0.06556596988501484	0.8098939631322655	-0.13154508985566016	-0.027507917682133908	0.6239776340569643	0.2300302990230722	0.07843633143106851	-0.07525442279552692	-0.3584956371704645	-0.46518855874567927	0.4521675404367268	0.0907922933547676	0.12290690335721485	0.10055826903324395	-0.27183010073575475	1.1371883553461777	0.8534532978011827	-0.49871427996453493	0.09366120829816042	0.6596884349620852	-0.3466849768369827	0.3706793484202656	-0.06497988929317779	1.1797010616651584	-0.1329260659654235	0.1495981478063957	-0.6375606064576407	-0.1806498109636671	-0.15924301796226664	-0.4565980249668645	0.6448649424267123	-0.046477586604711865	-0.031460630991023336	0.008153811519872755	0.03617694296374758	0.20374683485788514	0.11771221919591894	0.09587697407099666	0.11694494340534896	0.3273105247342997	0.47863280709825007
DTXSID4034528	5.412173552588587	3.941362430294739	-5.8029562668854755	-0.9419157911789656	1.1983174352798964	2.1128924223406296	6.620821169796549	0.345570875069477	-1.3072638790225952	-1.2189478751052785	-0.6407643624058018	1.0734305715006975	0.5945255712505478	0.6913830732387357	-0.14728354729160745	-0.776219768723815	0.49532270299416364	0.6201261381877609	-0.5703861014366398	-0.1456143587068069	0.7085480436662375	-0.5922587642126442	-0.9773753960959061	0.3472012893640535	0.9245579892409582	-0.0454238960988973	0.6938730518040541	0.7538875889911086	0.48220385164734175	-0.25426377471486	1.2437018924651064	-0.86304980434911	0.11581776642622221	-0.7678714099112346	0.7171191387442408	-0.3247066420431884	-0.17252582367378277	-0.40408691467282204	-0.09657114733755795	-0.8577013287538651	0.024722686181542462	1.9794168838529884	-0.8732644541189166	-1.1135564621460545	0.9646032547479475	-0.3629625972831868	-1.329629419689397	-0.6716232825193343	-0.5041302790186757	-0.415325769292506	0.014989862027262794	-0.3375911753661783	0.031904855632619404	0.49235640932911034	-1.4877105493016474	-0.1995571838301071	0.6083195515108641	0.08927889527193489	0.6873806972027766	1.0201500871140199	-1.2966652496229267	-0.2675857808779337	0.5252262275333388	-0.4307858116911924	-0.0418694710155713	0.42358307364044195	-0.8667592480925512	-0.8064216150718154	1.1216099680044471	-0.09215082169238523	0.5583332308257761	0.5585715603646662	-0.03712664951836222	-0.5994855468971093	-0.3382705690974639	-1.1807808600484062	1.4018854237707026	2.730117025118566	1.3408928720077802	0.4315378012813262	-1.3497786231963913	1.1691222577693496	-1.1886225679607743	-0.20158994313513115	-0.2578105805812698	-0.6792636559666927	0.6366135821596618	0.34661015198233486	1.0364817939747537	0.735458263547542	-1.2314971505290002	-0.25862576625389977	1.5489925908893387	-2.180106495009525	-1.8635058664648212	-1.7414664027467317	-0.35175225101606145	-0.6798922507437173	-0.4751084104347926	-0.7957268219760707
DTXSID8040721	-0.5200662370507387	-2.2602378486437384	5.8941798282582605	0.9790521657344116	1.3156462684600658	1.1851227160620468	-0.13192262750635392	-0.7374003979213569	0.2894678526262901	0.7348584837808181	0.16021137324289975	-0.31296640416685806	-0.09190829659266514	-0.8455167180147324	-1.0417255633558236	0.11433084222491965	-1.106872465284402	-0.19489102360009988	-0.6025137164408205	1.6022626479155124	0.09061126502328086	0.675275881462784	-1.256027166937987	-0.4552961771143269	0.47404525467464853	0.7631597173918765	0.8987933833432065	0.007284263324952733	0.26786284110012537	0.49299358434513535	0.9693599100068346	-0.21756642939650836	-0.48317573104555755	-0.34431585942188253	1.1959532622871616	0.600979076463249	-0.4771042714076386	0.1624494342478181	0.4630556236933521	0.59513205901098	0.2616254077284505	0.02040613406883865	-0.09438255253374785	-0.9051272942583483	0.16850877973547682	0.21880006377653466	-0.09902628591105675	0.645681195370503	5.695644484025331e-05	-0.028744618588742592	-0.016278493079262605	0.3614092816954126	-0.18737536231441854	0.11004136098270921	0.2501906559546511	-0.7540223190900889	0.20699249163768207	0.008974305887011827	0.10815186749891283	-0.1941914468367691	-0.19956915088381372	-0.7964340024492987	-0.5979971205793108	-0.7619079443698918	0.47474127259477067	0.5611666749786914	0.35811192484366633	-0.20557850607565673	-0.508348865335934	-1.3358015725481613	0.13866518365122854	-0.3055058834527971	-0.14220729739117144	0.1707795975768489	-0.5684083263696157	0.30554737491292083	0.3606052902056655	-0.4405098054134514	0.11655279563521527	-0.0505461242223089	-0.8488715060588837	0.13293738606680527	0.46943194777929653	0.24263966031168996	0.2343885136315922	0.15174106269854362	-0.6110191983315006	-0.4608034073949796	-0.010781606176721425	-0.13331288931083926	0.24367632353430646	-0.38404621348445933	-0.5388499470796907	0.757088528938278	0.09061457817706463	0.10665819455045059	0.15117941280610073	-0.1475816966772926	-0.7506114106547936	0.3757403896383696
DTXSID3047001	-3.0480775554818202	0.2199453171731039	0.3659420401412585	-0.006427802772600501	-1.6608343472569287	-0.9874142319542712	-1.1940360547996283	0.10805219096053065	0.5314180701326057	-1.360422203688966	0.1348262760389867	0.1916878902151212	-1.220503807068865	2.0429522205616784	0.24222784468669717	0.5903799762307326	-0.4201515856073678	0.44043520054584095	0.21530498949998972	-0.5523618218495641	0.2117098193987388	-0.6227102300879789	-1.3012239732575948	0.6243816669441894	0.30793614248664186	-0.8114925460248884	1.5380439664850496	0.4967714991685865	-0.10058144171164526	1.0122480631810056	0.4415518086693939	-0.5597728732764764	1.258875869628015	0.8259476059925781	-0.1591934505016478	-0.12783316802335912	-0.5681222697663794	-1.1348425911765525	0.9543615632139117	0.8219641054654074	-0.7671709127482943	0.4291194596275529	-0.2224207554616265	1.37180204324623	-1.6149220982497192	-0.30518070491734844	0.28364324439567984	-1.1455128740808314	-0.25076534502164277	-0.7845475963542982	0.35998492186925307	-0.009117181630845654	-0.44804731070961945	0.1954479378429459	1.159344240092339	-1.902820418845868	0.011849153323344306	0.2857473536794802	0.33514035940565107	-1.376451453415797	0.7079785850286496	0.863966732079745	-0.9462661648466372	-0.9687244670508756	0.02082129593737542	0.5210295039676962	0.45333535189334506	0.07187399296834847	1.1564210424634884	-0.8873609993399063	-0.8125654553276479	-0.6119514188208698	1.330293621317726	-0.6311516698380976	0.46110796445781205	-0.28671294195305935	1.1642560520048544	-1.284884700317153	0.22265226475148756	0.33399670045524227	0.8080094148055004	-0.8920900383813545	0.831035081116337	-0.5142476747383006	-0.20394486736036116	-0.2375235014839183	0.0587210467922719	0.8533401431348024	-0.12148871533883071	0.45705289941395316	-0.24765740425272437	-0.14889785837407352	0.7286087007723797	0.21675465686777468	0.19988583984458766	0.19672264346568039	0.37704555847832283	-0.10842067000066505	-0.22882108331026138	0.2886557318822979
DTXSID2025761	-2.25274747378971	2.7571036864605483	-0.5563369880725417	2.062925828012949	1.0175803238348964	0.8040909648014395	-1.3313453107061897	-1.9608771638057794	0.5270326482396193	-0.31835891865890126	0.8283629307479943	4.472321514186502	-1.0468025318770668	-1.3393696334302323	0.2521519289398189	-0.03446203506886197	-0.2004473929206548	0.21377085474835372	0.2537009786534041	-0.7278553261728524	-0.04309259012308661	-0.31074077913650555	-0.14944348734024504	0.28901252037888786	-0.17077774230116508	0.16780007408713019	-0.3466717562855153	-0.24839359344933964	0.09603985039078389	-0.2103746898091513	-0.42125412814760105	0.3223159870985852	-0.24761061517017915	0.18404829586175409	0.12672565484816203	0.4500563924434998	0.4964946435134151	0.8854869478318451	0.09485266230385894	0.38069031817274646	-0.5783773455018104	0.14249515286159	-0.37477104645778914	0.11040235315172006	-0.4878789133035775	0.47767199940260013	0.36714915603292037	-0.617099186587498	0.0818719571106208	0.0329820566255584	0.05682180257144413	0.08013967567288421	-0.16926006930327386	-0.2787535576999298	-0.1789872449383318	0.10012843871734484	-0.5521706273863267	0.034170880749705645	-0.39137951417913475	-0.363651073042655	0.4260881926412284	0.33640315770658513	0.3675941120493508	-0.05333772002321151	-0.08543376305857295	-0.4547608028510406	-0.060854500190772466	-0.047769364752538436	0.16079708470671042	0.7878495265008727	0.3322879170905791	-0.09495219405145224	-0.2339719961388918	0.1989951040726044	0.7853730777183585	-0.8574509073786825	0.009695674137191997	0.0013261995270317044	0.45584293897555556	-0.1009316301533731	0.315153916750839	0.8209339957980574	-1.2828169731931214	-1.185621447341531	0.2502057346738392	-0.7385708467120226	-0.7363678335503145	0.6755826672314668	-0.9992111636804436	-0.9726388788715572	0.3204607209962807	-0.312022565256807	-0.042201535418920806	-0.7696540852658514	0.04852458047027709	0.8753171312916018	0.12447044759849514	0.16154487208677698	0.3216508887769373	0.21295662798180592
DTXSID5027304	-4.884455435187179	-2.165874666438192	0.9182170770107076	-2.6408754991588856	-1.9407548273840247	2.3964606137913416	-0.7377692689980115	2.3230656617781777	-0.6180289472265227	0.3737267710729076	-0.07948834780612644	-0.5548398548430614	-0.36070944274488903	-1.420065931440103	0.4111052327266457	0.6481338401852399	-1.1638191555517572	0.24881643341825535	-0.11381025823215822	-0.7621444182255076	0.049822293847141944	-0.5179336199141081	-1.1798787368120434	-1.4122928059151383	0.34648477242321757	-1.286967435270239	-1.0705094323727449	-1.1770808555693362	-0.3350893707049932	0.8465579405860227	0.15764349749477574	-2.1472833344419273	0.05984656716784361	1.134029598310706	-1.055549838463666	-0.20746798373780137	-1.1318182527447815	-0.4401980692655177	-0.1166830369831949	-0.07285589436380373	-0.7928162692169759	0.15282620928710866	-0.739789510110227	-0.7273625147095967	0.8029394012488612	-0.16983667751815248	0.07458622165222312	0.5251736034917591	-0.5707315650521491	-0.47407993744046384	-0.295648495481368	-0.44413002520920775	-0.3453905704887775	-0.37210902871545276	0.3568115966737291	-0.6538411153169705	0.1352610594272488	0.32581081984856997	0.5025829025277895	0.25793161272761533	1.3534124374148975	-0.1499172523925434	-0.6272662045565651	0.8288214493928815	0.7229246413182508	0.4873616161301843	-0.788561540175746	-0.46038733968254597	0.18346212060821007	-1.2641979398198693	-0.7279041672103878	0.3373430866004885	0.1276197868989151	-0.012583136152644904	-0.5127131747498139	-0.12094160176717196	-2.1112392171774323	-0.593963600515308	-0.9812973288380923	-0.7815600381913698	-0.41438130309253396	-0.4248742874405522	-2.220249224709559	-1.3244649444900918	-1.1059512614701366	-0.04401653762703523	0.049048860276952974	-1.5894944648954545	0.39061558331268725	-1.3185537869762542	0.4305189182823661	0.9492464334971229	-0.8189237067035772	0.6694323988656237	-0.7109473308154941	0.662276213519336	0.32679495984390433	0.19665081737649434	-0.8952611634052028	-1.5981312268903483
DTXSID1046506	0.1426212571750274	0.8818751356500425	-3.643518318477599	1.8303986935077723	3.1232948515562913	-0.6238377778319764	3.096456114007894	-0.4285272960774478	0.9732189057563084	-0.14006545738957146	-0.3133704655924019	-0.4975879590060462	0.177922638450103	0.2841194236196545	-0.5997680401745261	-1.8237592787837158	0.28376215925732556	-0.33196160397290153	-0.6280059533046537	0.1217384391233892	-1.805489708524792	-0.4715026948743603	0.16621117920869796	0.954712756374406	-1.5832611784600243	-0.1612931361098146	-0.4965814951164521	-0.14326966868529364	0.031936485077962457	-1.0362521479873228	-0.24448301167309838	0.015726615869348065	-2.2192973927572353	2.207725085768491	0.6423700939244241	-1.478753903556267	-2.4257330137854627	-0.5675280138571885	1.1076413372438552	-1.1760232492661473	1.3351577778017831	-1.6726055134162305	-1.7688588898492477	-0.1388332850192828	-0.8121536220236717	-0.11965319372186778	-1.1247391834399403	0.6454906967778667	0.410682099631179	0.49863435437832254	0.33496272301609264	1.2378917735880832	0.1939029003132843	0.3360000480149452	0.8883498368164089	0.08929150578338851	-0.05923777032650023	1.4697439626235025	1.2564730152622459	-0.4570477867297783	-0.3603238025038892	1.461000826473164	0.27300750356054626	0.3263152220849727	-0.974216439983029	0.8445676341229461	-0.8386095708028676	-0.6421762383116797	0.13790728025904953	-1.1477209501504764	0.02401517124650834	0.1732207329515018	0.28124372835640254	-0.4810037200634205	-1.1481077988739647	1.2861772511863647	2.5435312847359217	1.6654852230165906	0.757471700380067	1.5738093712678567	-1.4235146854678953	0.5705771561881803	-1.3444581287353672	-1.344315144130501	1.0582114956765523	-0.5840323660546364	0.7630840345363341	0.4485669197105294	-0.08672881521819388	0.503213212304083	-0.1817658997186178	-0.21630464703390417	-0.9822524465907571	0.8798285241006789	0.3436984721566351	-0.568705458826585	-0.38473751171423276	-0.14294909331469294	-0.04238389395255334	-0.8788931474739717
DTXSID7049269	0.5338001926911926	-2.141858802610289	0.5268851170618533	-5.17956708128959	-1.157999613842159	1.8432049518590612	1.8511056096352565	-1.0996348493555335	3.811412568735182	0.05190714054940949	-0.2928692920066727	0.47022103593519105	-0.44259095685949873	-0.2861770229953992	3.33954562800163	-1.0398905118303976	-2.305232100805014	-0.7959310524488855	0.07594562181411561	4.619809273943514	3.5715006825883746	-0.7191591440812621	0.617743287813549	1.1595168445866484	-1.824505155069968	-0.6873680473710199	-0.9579235615163423	0.4540030154137531	-1.8801351273722762	-0.4866408216128153	0.6443464876216783	0.2153411705391948	-0.017095325096482095	0.8447007566212765	0.27613702058136147	0.3911666297666126	0.8853013060907299	0.04796690801360152	-0.66002671713148	-0.17146771505343178	-0.6730342751778395	-1.1598502532204287	0.3374931510948492	-0.6906555205868198	0.41610578581070984	-0.26660442649204075	0.208837477213826	-0.12482874514108437	-0.01996790729936915	0.16950163788296976	-0.06744370752380567	0.10877593825041523	-0.1927504756863351	-0.8021854593357912	-0.6201811141358907	0.41623975156384574	-0.3424961621795366	-1.2401364102289472	0.29854636910059085	-0.18136560855998493	0.37941025096724873	-0.8244661070193131	1.586210859246625	-0.16721340588292571	-0.43846317536598467	0.36663647166913604	-0.11823663301269464	-0.4208024369529292	-0.1447954474439864	0.2126889922562366	-1.712087044107574	-1.2415599970096365	-0.06771329476457646	2.0090786366184274	0.10620572407105983	0.5636295136477383	-1.1755303264352086	-0.09471256292621075	1.4414395170953027	-0.45052028381040676	-1.2265556556525512	0.22030701422604884	1.1882006940872933	-0.8586397570710815	0.4156510572733163	3.2232068549456514	-0.6471638765268716	1.46213694625787	-1.6277445181099561	1.3481388519498971	1.0642792792545512	0.24716015115084847	-0.45246445182188216	0.6616409213771712	0.11281270933304799	-0.9553527783668502	-1.1564503548030332	0.41177387041896224	0.24700394057053254	-1.3491724901455566
DTXSID9049374	-1.3438365860888033	0.3752012692740106	-0.41478602877306764	2.323033493074634	-1.2444902334472858	-0.9268025903895224	0.5415046264076634	0.040173511103899474	1.832749993144195	-0.8314272779234209	0.3609754627611564	0.3197123357582206	-0.680105536100175	0.418816327847051	2.9570562415690422	1.7719209970615128	1.4514303459474143	-0.6232908200357071	-3.4333539749103505	-2.0855916015059774	0.34161759354859317	5.8399889309385955	1.0717375795669537	1.0408521618179123	-2.0336059087792187	0.2662929980032509	-0.07774205645939607	-0.44895014244840337	0.7417252800376702	-1.8232648820272894	0.590197620378322	-2.630313413228712	1.85094300551275	1.0609024993625915	-0.14087686976229438	-1.2297473928468037	-1.717541028693559	0.6916680490156306	1.1317791380753415	0.4435228251301213	-0.5640334501508801	-2.4470226088764067	2.2427947167639948	-3.7746399430718625	-1.87064691200082	-0.6927034593642546	-1.2024533427818977	-1.518421573301844	1.1475314643230081	-2.933448847070705	0.5216791147566815	1.8222177153113623	-1.0676150043668762	-0.05484596446049172	-2.5146437729959352	-0.3149220602702115	-0.5914189788877985	-0.17715621789177077	-2.084929988676117	-0.209636102109363	-2.0229166670928276	-0.3765607533243899	-2.5258951499984934	1.5519051612485515	1.2230233200533542	-0.25151701682657085	-0.5857832423829082	-1.4993276134659217	0.677211699191014	-0.49303259794233656	1.4929454970931662	1.8010234083194578	0.03650944084696018	0.05300824751579288	1.2460175297863718	-0.9218425734541146	0.11593243836123186	-0.001647278001131835	-0.4406913984735988	0.10018969334970113	0.7211832125191523	0.02671239829897006	-0.5353984137515622	-0.12259080052938984	0.864709620891654	0.7232559122542741	0.2782384844870128	-0.9345394421996576	-0.8430048868186352	0.6207208685423211	-0.23225412139375765	0.07945388290673229	-0.13537576746246058	-0.0048327162767316184	-0.10854796561179873	0.12797403187583203	-0.781224249300601	1.0426829751230686	-0.7674751191294574	0.793550729409701
DTXSID9057632	5.997139679378143	-4.415387729409773	-1.362435083855001	-1.5885487142148615	3.997447662939151	-2.573763459683484	-3.1499245039995443	2.0671421002423815	-0.6419839683635477	-4.6079514448581165	-0.7107323259895248	0.5194272105100006	-2.854467202300332	3.45313503864343	-2.467887457382624	-0.4196334909391327	-0.7913228448009844	-2.005936378571817	0.5983499277500157	0.25069403168013077	0.4547300684423206	1.413971870375902	0.09059409036599989	-2.2021597394364174	2.8100030946375956	-0.48589267258926366	-1.9373773208747898	-0.4174560867836	-1.007998800838898	-0.5869882849544561	-2.438168579814818	-0.4802966111569841	0.40429890380726397	-0.09581489543184062	0.8446696059067602	-1.6634466787472328	0.20635455715225182	-0.511386938276547	0.7009213608170527	0.23054351000516063	0.5584396189071926	0.5404145393853382	-0.24984802791671615	0.45581925520757965	-0.13607824177962186	-0.2176823629061031	-0.35527378291674877	-0.06269093599718818	-0.10012557354843064	0.43163075666786704	0.36219718406451235	-0.115798299472478	0.7142819192960704	-0.4062248480381742	-0.11524257579440425	-0.48678957820559454	0.010516562970966837	0.11740764082577797	0.8656348136231614	-0.07740435087324665	-0.14328612936882992	1.726573605476774	0.04188959675191543	0.5648897412577915	0.5365781752328692	-0.8787284714819463	0.01627737229919363	-0.3151221839898948	0.5825267082634248	0.2730950698444647	0.4582004537719953	1.569755900419144	0.395357854439742	0.7401867886338046	-3.7770219401973613	-0.6302972838885028	-1.654404287513783	-0.5142361156349943	1.2888521208545196	-0.010101572038585086	0.19919373970561113	-0.7782700243023591	2.922742575644238	-0.33676679041141117	-1.9682213652050062	0.06374714003384707	0.09469563030781913	-0.2913357015595941	1.4229627509237919	0.05544166066297159	1.9378808141420545	-0.6254421811828478	-0.3220662965371308	-0.5280436187817121	-1.7697893341080804	0.3150720061431106	-0.6311647171314902	0.12118592534605963	-0.03651581277669351	0.383951287673414
DTXSID0042614	5.664950530925785	0.13103189275798952	2.9399523584090623	3.015466716211909	-0.31509644189081304	-0.8747025709283107	0.5415645442848881	0.7616679622369017	-0.13907558185279234	-1.8315655661563854	-1.8401331582569933	0.826082623851807	-0.6512904373089524	3.5223159981806162	2.7497776396366587	0.028502593777162754	-2.495081067609949	0.35014417958701316	0.6027280798331568	3.089150539392915	1.6071180781110543	-0.7493818934663461	-0.6478365340998622	0.9900177420910656	0.9081771452705799	-0.3134612619870273	1.2923186341871136	-1.1644722620420218	-0.17879945733317545	2.0804876893693574	1.2432996866777635	-1.1627998171693021	1.8384137612003753	0.8342397446785026	1.0353738132337933	0.462403246380221	1.8664637446521117	-1.2983178110380278	1.246965003977754	-0.7149154367846424	0.01196874311556478	0.21153350775502827	-0.8734097529179561	-0.5874428483547259	-1.3756315869707008	0.028469532975614796	-0.17162155263038467	0.13114146123021064	-0.3762957406307407	-0.9805243316694985	0.25409743832020537	0.6310529454689728	-1.1014071818197928	0.6028139573141995	2.308239382673997	-2.378874568319022	0.8210351058219535	0.432965996422273	0.6890500474483451	0.5233267194176591	-0.2690494324516587	1.976964502452575	-1.933285525702597	-2.6253746995438125	-0.6935923235708268	0.6804159075067028	1.485095388913966	0.9321484080929677	0.5615436915876318	-0.6664320470739711	1.0184365076125024	-0.6094071544627253	0.46186148213783323	-2.7499332693567275	0.3454730884265512	0.0454279902273765	0.8155133836794128	-1.2105944432201619	-1.4875552056410115	0.15280831144655166	0.6184999706663201	-1.1020293162164632	-1.447838921829702	1.0087135854430247	1.0152567126649596	-2.7753231051065166	0.2862255706656497	0.24429787407428413	0.4931259346902217	-0.8810066939261665	0.6696923862745623	-0.2517837403680666	1.4644306043663862	0.47602924342404174	-0.6085708094295158	-0.7478150140434323	-0.8355481716115634	0.01139161888571571	0.822589663783365	-0.42469685118182204
DTXSID2045606	4.180282448313917	-0.46197519137024223	0.9462519607853676	3.432460287746408	-2.894708365077248	-0.5846121515472484	0.667112769874492	-0.3636242912328681	0.2595785947352096	-1.8541999224449632	-1.4116373814680825	0.3678605954757335	-0.036453755017167876	2.219847093393087	2.5612829913134396	-1.0140054140524772	0.32297283807854055	0.1517532005951601	1.9549166354259047	-0.28194102913335967	0.12702848852298712	-0.5328143304456606	-0.793619466472179	1.3178774302619334	0.6441989495100062	-1.89508047638583	1.0439688163904441	0.09617361634911237	-0.11984385740227532	1.8530109518382256	0.7801519515997495	-1.590579714665719	0.6589553495939345	0.7268203827761225	-0.0723850445245098	0.0038371094349598338	0.24131824272021543	-0.628111378388372	1.6999965685885217	1.5810341058583055	-1.3940740045963191	1.2651680572530835	-0.16762833469108634	1.7601470001075261	-2.104023775277607	0.17186778108239198	-1.4322689452952353	0.21969574118906324	-0.9207841440404003	-0.6799261170291686	0.31905288133260334	1.2038553657082505	-0.17523300551251758	2.0672221340198376	1.0134371796094115	0.7335593671708109	3.0114648938938933	1.3923015387681457	-1.422766977353133	-0.6396596249878462	-1.1551565109679969	-1.3283232524081787	-1.4425673321898174	2.431888549969218	-0.26870063226893065	3.940433763263564	1.788339927924406	1.049892444490615	0.1975312269752782	1.534094745585072	0.1272985348291628	-1.0704556663329643	2.215123316975586	-1.1660093240989056	0.24723718516640547	0.35237697159788695	-0.7093859098496085	1.0466304408622347	-0.20100139267438608	1.1427352148728678	-1.435080772585507	1.1590105308293126	-0.1787743393741331	0.777617103773153	-0.01210015806342836	0.7433459250813294	1.7467498464212898	1.7999890790218338	1.007984975153428	-1.5416221760834123	0.25609704575513775	-0.5862722482522608	-0.2842461201057167	-0.10052929293269985	-0.0011523114752859543	0.21783971869602958	-0.8912852412529711	-0.17085938921829213	0.23752669280252026	0.30533360657970665
DTXSID5049073	5.146357872266881	8.336596457673831	-2.5382873333506906	1.5479638677184027	-1.4686471802202852	0.6015788004095592	5.1775005367742875	2.235411472381489	-1.2834354583254843	-0.012613013226744196	2.007078148461954	-0.057808320183776615	-0.3801903056659799	-0.488226921919023	-0.07628795770985172	1.0937143147016024	-2.4661179700513647	-0.8467292122177332	-1.2566082257238187	0.01651064115302272	-2.778313874616253	-0.46570046120635644	1.7898965238166755	-1.1589521961110072	1.4649292839534964	-0.13577602746383363	-0.3824225110034175	1.527341125794972	1.503924704398614	-1.4765015004591204	0.16138616161478997	-0.5578051259562078	-0.3763364820749089	-0.7922572738933664	0.779712714406208	0.32933744533489784	0.8315451358637292	-0.0694063619841956	-1.3553035236089188	0.2630019654435717	0.5266439688864576	-0.40349437889732775	0.8540159316919658	1.37823411119372	-0.13726973719943056	0.038167222050988533	0.26648140904670914	-0.20320626069088482	0.6260022543647848	0.3150884877036994	0.2915959532871549	0.24417222062643365	0.48626417856690335	-0.09994892243504534	-0.2899975130893953	-1.5212656985055173	0.4594718672401114	-0.3653018359208098	0.5780142587582048	-0.5706832798538652	-0.8274810293435942	-0.4874209456913437	-0.0489024464458751	0.08130518875335747	-0.6664665829945076	0.865351543030255	0.5584800048608637	-0.037769726893091674	1.2921090416690482	0.47009418754933846	-0.35333234325236434	-0.3718465717713769	0.4486353051837787	-0.31165149749240284	-0.36180955371693996	1.1497811572585117	0.728865504842198	-0.3592527893564967	0.836384866731588	-1.3148739290634084	-0.16854605408330578	-0.9886557074688308	-0.4760674822123076	-0.7829500224117675	-0.1143050696624706	-0.30551755491179755	1.6238705911375007	1.063215427055404	-1.2506483016416747	0.6700980806701332	0.007466666663379428	-0.7530507561225663	-0.9892878183960891	-1.4365591501146364	0.14878687715608357	-1.1176649023389271	-0.13496254174237649	-0.16993124294759307	-0.8667069054289366	-0.47268815233528144
DTXSID1038666	1.4460906773179218	0.8889527063064582	-2.1386909125100217	-3.636130141364189	-1.291128526486553	2.965328508241957	2.387862035492774	3.6187226235673853	-4.39333338868786	-1.56146061310743	-2.263760382684999	1.1421168981789824	-0.5651677616796987	-0.9222202308885253	-1.8494817129059762	-0.07660638274892052	2.828460181609251	8.484951113542861	1.4339343541859757	5.825084273011515	-2.55792204708801	2.4209088819835305	2.683236958001123	0.029284842567173466	-0.7888117836295087	-2.2312806147046915	-1.8921105817316604	-0.306818965957841	-0.09894015617402149	-0.5926057102137802	0.7123417776133607	0.26089530465217464	0.7219584975491912	-0.5750825893722011	-0.3790591574177764	-0.7607836693837761	-0.47398937199101443	0.08480552692356484	-0.13520287255316835	0.47795742937646285	0.5915651164580764	0.8485879473780239	0.21508424138691618	0.44011964264341746	-0.29763451806361646	0.1024982166000394	-0.9780463880045499	-0.2242715519133832	0.4500318973435472	0.5076876207687554	0.3459881916444701	-0.013288535799330778	-0.24129420604150842	0.15668046944033828	-0.25688059146457404	-0.2948442632665234	1.3990108991585435	-0.4993716847255444	0.2842528833905697	-0.1645898283126485	0.1449817738326862	-0.12636207505844135	-0.38369878494052945	-1.0585432870053713	0.011550131371952285	0.8545131029412023	-0.05966624867073566	0.14777799541939246	2.0221087285131065	0.30139188567998665	0.3503889707635504	0.700024125717978	-0.6636277415596064	1.7149292809502734	-0.611751078651371	-0.3874452042719624	0.7646727528685422	0.5580536962467306	-0.25374624248245503	-0.47221279885361794	0.4855382113331557	0.8079544210988845	-0.01615122599593372	0.9840874908328161	-0.24914720833351497	0.5308504690165436	0.3512017825343134	-0.6098295655711337	-0.11615028497585464	-0.8409450044656563	-0.5186109441582775	-0.9729598008495322	0.4244324361274582	0.14012179865248953	-0.3125557315420405	0.17221079577822979	-0.0701386005382549	-0.1320006431554388	0.10949845027074093	0.035128567163768956
DTXSID7031797	2.9580784235578568	2.2059286619636813	-1.4856502405054588	4.517185654347911	2.9015708161570597	-0.9857123988733348	5.718564564782647	0.1581756385605405	0.4990598314282913	-0.746132656177627	0.28156124918320463	-0.5824976888628425	0.15039878936341192	1.1792757529333115	0.9259817419383225	-1.4633736963600243	-1.126257157486624	-0.04113378390690961	-0.9278218890553159	1.181160469230478	-2.3314344974856955	-0.5058710477906011	0.42479819717309053	-0.39546919416103976	2.596872247352638	-2.698528945547567	-0.6797153197506801	0.7156779051170468	1.6823677728867004	-0.7483754263620594	2.216945047056041	-1.217476115176622	-0.4551935134391895	-0.995435171022416	0.5092801124212288	0.7419757998441197	-1.082111504346372	0.6218996899903497	-1.7413977746546923	0.412629137069271	0.6921507944356993	-0.7244026267780093	1.4497261285366443	1.2905610216813186	0.5204594255778723	0.011166791739777387	0.7043831983245974	0.2754358643137992	1.2463952227981983	0.705293892117994	0.1624694494255834	-0.3093898509515966	0.014764037168585114	-0.6391637108520148	-0.4718480885152382	-1.2756757568896677	-0.4150971768778538	-1.2988103467043266	0.6447919386692555	-0.46447814707374746	-1.211670132623019	-1.7795030228845363	0.7597461652835712	-0.9026395327343417	-0.23731978867359402	-0.33804117151400875	0.4441795814860862	0.7245942463984881	1.6844083549320015	0.04628428404435501	-0.4113212002377422	0.48435087530013815	-1.052746782726701	0.8304638991051039	-0.2941249333302457	0.10536417683721035	0.3997511588068747	0.889915204332065	-1.2308036121414898	0.03802442388693675	-0.6899501745921273	-0.3033224441022614	-0.7043532764953647	0.06336464162709025	0.6813607006942475	0.5173007275881345	1.782813457664309	0.5152313639643091	-0.7761349380499665	0.23731508462498985	-0.11623393140749301	-0.4153185742070977	-0.8446634234265745	1.1176407072536745	-0.5756657467597333	2.309954414916643	-0.21855152208796833	0.6171925643868129	1.0228920941505542	-4.682462893910742e-05
DTXSID8020090	-6.233181584617951	0.6640164678914775	-1.0785478859622402	1.4427224333072166	-1.456057580850197	-0.07536505651260295	-1.3537503292897777	-0.8267493717410226	1.4386766559839705	2.4538749672846207	0.7591506466846201	-1.0268476864617015	-1.1432796656209456	0.8584893705407766	-0.9807842785697637	-0.5147603187648001	-0.35465996132382854	0.011055852406365937	0.40938715351394883	0.5274420562041799	-0.3097540992149834	0.49114741368472997	-0.0018352945146926864	-0.19400138628150748	0.14662320579929972	0.07166631415236135	0.08134151048346729	-0.19842816684002101	-0.2257855506417869	0.5797360410706963	-0.3343520668571697	-0.55610307957513	-0.5415768388978006	-0.35777155696809665	0.14379980006903434	0.13587273190831065	-0.17490492978149516	-0.08764918857660503	-0.048922309050837234	0.35008338365794445	-0.4996036176316503	-0.06894043093402315	0.5224125662990198	0.14456731451400132	0.658288039165913	-0.6346430657365145	0.26649238534928116	-0.22084720892472057	-0.16854262456425292	0.09025101336917928	0.007996168150215411	-0.15123830673825742	0.3696699838462286	-0.22555250590937567	-0.6106955954143535	0.15162373902497014	-0.2386242208027178	-0.41715488566174636	0.4256349753750649	0.2733773469802541	-0.03130896262423703	-0.5703489123712198	0.5004500034767958	0.32928755879244836	0.4870387017212411	0.5510131121037138	0.1135360458473814	-0.49919732077388584	0.07059063643697848	0.03555336523323669	-0.10940666937904558	0.12901327471173704	0.42282628730027777	-0.5495091158216873	-0.08010956686498638	-0.4518499448566861	-0.0697884249460982	-0.33968910199959523	-0.13454955385063666	0.0840388954579578	0.23492080408892485	-0.41783961561653166	0.2590402010110033	-0.1381893046663214	0.036438125459884486	-0.0596850274262018	-0.42618427979933793	-0.23138519437659066	0.108450033063688	0.11980611093169062	-0.5166793742185718	0.22823109655479779	-0.19605709183848508	-0.2718055018808306	0.07716030577183654	-0.40720791446441135	0.0384101614227984	-0.11225622598759043	-0.044542140215591684	0.056062491301417515
DTXSID0059871	-4.049742312913134	-2.9694013863048356	-3.1658702986618183	-3.161935581481513	3.155754700811359	3.554973021933761	-0.9642585458953081	-0.9674904571832666	4.506082608235335	1.61222197515198	0.3162036031367048	-0.9791018752395658	1.2172721187654476	1.877358171972771	-0.9361938482639619	-0.41771829270008604	-0.9817849195440286	-0.3097008824294706	1.1262262048304608	-0.14055874951362385	-1.454265195200705	0.48585177232535676	0.4941948603147172	0.2848829533516391	-0.9838155037006593	-0.24574367782566264	-1.2216753776336908	-0.5340220424850542	-0.417057586398956	-0.4569083201148685	0.6010600127526876	-0.31382999837941106	-2.0173895418891448	2.9435609262133764	0.9529042589799431	-1.41237365745061	-1.986794000927339	-0.7588511601439489	1.5377624350807737	-0.6315713649414878	1.4038686090160972	-1.6045633897675542	-1.785375340267005	0.17181029950450175	-1.0318387228514596	-0.08728942889964732	-1.1671703768482886	0.8016811445043712	0.42584183907522244	1.0184919905402265	0.5182605953062192	0.7947418710390242	-0.00028603410114643607	0.5749896639245377	1.0358242539190181	0.43560113524235833	-0.03826466402090785	1.237865901287322	1.1163937734719027	-0.4046423698693217	-0.17454516799799358	1.8610510817036645	0.8018996459036264	-0.13596697881581885	-1.0144038748643414	0.786291436075732	-0.792075897646359	-0.7520716704653779	-0.6706244964286242	-0.28409088962459345	-0.6023720673401525	1.1272062149977453	-0.4017254340402698	-0.437033648604718	-0.1793902028550751	0.4672432939081949	1.2497810178776705	1.1298439164764507	-0.007977615092726013	1.1817675793366575	-0.6277204632091207	-0.15971267043876508	-0.4692715053312556	-0.8561388526954363	0.4984505424274629	-0.3674530742344286	1.0145740706807413	-0.48621305880310167	-0.6229572768152922	0.3136047751539754	0.29530217233854955	-0.2261150356092586	-0.3615798761525839	0.02837318224043999	-0.6832182775799275	-0.06335769007939687	0.3880821400194653	0.31890253943815067	-0.3387572691655071	-0.2897568955093273
DTXSID1048912	1.4177720244123908	4.800241803148334	1.6850820386329057	1.0737205707410142	-2.3032116059700374	-1.0861761572738986	-0.11547990552277888	-0.7232463599532254	1.6107279862143256	-0.2182294787856694	1.5657133755728039	1.1197375319559222	0.6646353401416071	0.5241687000436308	1.9215441554223474	4.512459401819418	3.034363935249785	-1.4438034508784545	0.3922737451812989	0.6381645315301075	-1.5465903368727103	-1.3945356977703542	-1.2772113106516503	-0.6427790265802783	-0.28601216142901337	1.0813586363022427	-0.7155932494283669	-0.8629209002003699	-1.1293396718523017	-0.09010174364238699	-0.1587197253872473	0.565156578743572	-0.18311516654712445	0.014114535777780218	-0.2346964406297639	-1.3075418338819944	-1.1521482638021807	0.7446217869802355	-0.7000962593788369	-0.40796404956389526	1.2882110563709643	0.3568189782988434	-0.9134559332206408	-0.0021686746994214034	0.3778268249953086	-1.1719054538720106	-0.6776683100022234	-0.08603493082715868	-0.10234262045013875	-0.6543510560751331	0.0016183287318709246	-0.33447663205102934	-0.2591076638306639	-0.18183263610384312	-0.7861631042271168	-0.0794390592673729	0.5508687928936467	0.9464776636276168	0.8489335918838294	-0.05996215944454207	0.13373129299324502	-0.44064527292146166	-1.7783820170705489	0.4673303779925538	0.050677626038532333	-0.999346596846241	-0.29016285274147074	1.0335226255825223	0.4123021271942493	-0.0691658921473079	-1.1778729257579994	-0.9595471905727209	0.2732849078188991	-0.8509633167858262	-1.2180041346871449	0.8320516020693793	0.6827273937793035	0.29171453587014684	-0.49514865918735507	0.9096570885497015	-0.14624189620305417	-0.5639147276922903	0.13529901295569674	0.1942461962251163	-0.01079066715318908	-0.0493280190232936	-0.17397113739213096	0.6308860508802346	0.3498068158524354	-0.7042106748240083	-0.5456852176487051	0.2918187331834143	0.05120838820830328	-0.17756760842143765	0.5607428085886209	0.1363873914647503	0.5582713452956432	0.08988684668025965	0.17356598657631186	0.10176652190057763
DTXSID8029652	-4.593912889510414	-2.4826536407128907	1.1673807195019617	-0.5860862524726733	0.5408018483835432	-0.5284398938695334	-0.911816347614065	-0.5151367812051508	0.1709252834159544	-1.2774307617641587	-0.6174554066253723	-0.3319245024206917	-0.7664511897100199	0.810100893574808	-0.19415447211975884	-0.037029807397356326	0.5207823323937715	-0.24925468291603803	-0.009825847562780616	-0.7447703063749987	0.22106810115763068	-0.342457045017276	0.6994416728005308	-0.45938454473807855	0.6104179702390109	-0.624604802153075	-0.9675067412532974	-0.13975534468641096	-0.1273499033560944	-0.13911352078584316	-0.7690136055438106	0.08066327393770722	0.23764918534710727	-0.26078538084209	-0.16076543590618347	-0.25700803703399183	0.3120655956843333	-0.23569930796368818	-0.30118729164456415	-0.08320119761064496	-0.1050394834404526	-0.32613146584757197	-0.08644905849337509	-0.2540392904517854	-0.1739031908852961	-0.11836256401553422	-0.22789587806257086	-0.040318003300489305	0.04104061139364498	0.09177106146014191	0.009720243059516964	-0.2129681484574045	0.26763649465685446	-0.16158174767804137	0.08401270944483832	0.012514278930147768	0.18650710052782085	-0.06187619319975984	0.42840675677486095	0.18823568066879248	0.04783517679896112	0.11146426923737322	0.2903072227242867	0.4245554090450656	-0.07902905490629276	-0.0005470759852927127	0.28242804907876673	-0.5318494226884959	-0.0012145798284162795	0.4215834916155956	0.602064640728817	-0.0027431354601585214	0.5069082062940813	0.21955030624724045	-1.109144787083884	-0.2232874782616372	-0.4510589919071564	-0.20995407473056032	0.34817951701162636	-0.7228513866831879	0.08800102046768772	-0.2891857278710118	0.45394915095843813	-0.5568628265307448	0.013503436563707115	-0.12676745744214218	0.08342849449503938	-1.1291450019372575	-0.4138238090979474	0.43034147024179364	-0.35164481725987734	-0.057402956009479665	-0.15092103860229017	-0.04323007629347486	-0.06660799643273024	-0.13062156721921725	-0.27248670678693304	-0.2261258193976141	-0.04445091801246374	0.33921739682829466
DTXSID4024642	-5.673662582121439	-3.0630781980585877	-0.9780103650167287	-1.2089117051091334	0.4359750841137917	2.1650474951683076	-1.019114431820165	1.4681721327936663	-1.8590955746080882	-0.5582988580723162	2.5130338452773473	-1.2754708403614772	1.7217206271545382	-0.5958003310197496	1.1443698221053165	-1.3797125207609426	1.1476366583948991	0.067428822112138	-0.026092776516049306	-0.5048627961375325	0.21131507474337627	-0.09274766930102386	1.1514587521458508	0.1867080518604964	-0.03946771071548984	0.3087935526925846	0.5783574494708656	0.003514275694433462	-0.41491517667822336	0.21266309136564818	-0.3753504517082514	0.8071916562785617	0.55451495186816	0.1332370195947827	0.06678572013612907	-1.0556119864075335	0.29147110419270467	-0.05838632940686185	0.15091067454346113	-0.2598319463910322	-0.39363980985395625	0.2859050963073554	-0.7866214900396689	-0.06539173384370198	-0.16876948827576088	-0.07742075831784245	0.5704387045845866	-0.5801077690076283	0.11538900216382648	-0.1568040049646143	0.18517438159855754	-0.05775519597934773	0.2625833938469426	-0.22396072463458924	0.23728075313255007	-0.23986966731391196	0.4575920521764469	-0.31199001560936956	-0.3156161549587853	0.069995794289064	-0.25357098324243593	-0.48146347355138525	0.022524575277560223	-0.46749687597044853	-0.1017322636697075	0.2498574117190652	-0.41019298881252725	0.10368324261647867	-0.09804772751532423	0.6715274202888062	0.1371370972246792	0.1468777764242802	0.803033489725185	-0.5502483408575041	-0.8470338498589165	-0.0959300157164275	-0.6535775237928876	-0.24618776743895857	-0.6377340959858968	0.23816047421043202	0.24062367003368135	-0.5825473996038654	-0.7245016647183826	-0.7106499744706366	0.2326245799104743	0.3614806035571987	-0.047385922028891324	-0.3201193167212245	0.3898599206745615	0.21927888881864796	-0.4677894093326965	0.2560733709719337	0.15287362005693295	0.3707374732132797	0.3298167759336421	0.560757925115721	-0.016826540175802023	0.32600676481455726	-0.1661309371032798	-0.3772980586379727
DTXSID8020252	-1.6209083406659828	-1.8896024052950104	-1.6021710481239866	0.4396851260845748	6.62384719818914	-1.3925649993518516	-0.848134916164408	5.7636817623530465	4.4848572899429415	2.173859085669185	-3.824397157292195	-2.365483679732424	2.6898143915458244	-1.8375056973877983	-0.9326326980777477	-1.4819141792034909	0.49934272232082744	0.1828339441984758	0.4730291791787895	-0.7512835295565289	-2.760250040885697	-1.1072720590656033	-0.4104145980131297	0.7220044440959651	-2.4735543507896494	-0.21245935934921173	-0.885884483725674	-1.0616981280180615	-0.8934607290072716	-0.20267653354778506	-0.6211822186641066	-0.20390748124763097	-1.8010010181564926	2.80570881159397	-0.1404821265731369	-1.279298950309876	-1.3572986923999606	-0.16508791484847934	1.2272251887733325	-1.0724680505441453	1.0518215534288353	-1.5025420565735115	-1.3280357767986746	0.17427844003706228	-1.3568312518306427	-0.33856653228443007	-0.692113287415922	1.1943305096857306	0.5380879389034633	0.968125575036545	0.6309714471664221	1.3544126670392238	0.6166257883573697	0.5250520924384366	1.384153846187048	0.14157027721790752	0.11225536532558421	0.8062770412377812	1.818338431992102	-0.5250803594182667	-0.2497352267616029	0.6065708914059117	0.4396747048212264	-0.13866282670022717	-1.3845795709738902	0.5074993141817407	-0.42912394828842937	-0.2875781334278445	-0.01893406110377725	0.8104914667617392	-0.1088380620253992	0.0593236547071066	0.13633388939794916	0.1391889754798255	0.1363773203753219	0.08057523263201416	-0.06190765313933393	1.262940261527409	-0.7023897911650406	-0.4319308153573863	0.42723685928149513	-0.8864298196452381	-0.5008841421562213	-0.4323177741974261	0.8261594387783057	-0.20740911657347164	-0.800020869454049	0.310832125748923	-0.08091851640396018	0.038486413121741926	0.3453680620727124	0.24114528002315114	-0.25088284671434147	1.0928751990899528	0.7519458566150404	-0.40528049746087164	0.8977028226783539	-0.09455695510445385	-0.4774095060065717	1.327833309080271
DTXSID7046594	1.2466083565632124	-1.8754832224493778	-3.7737530938288755	-0.31442615083405545	1.762846683653068	-0.7864744335156973	0.27284127684991444	-1.4350360857770712	-3.911902884020134	-1.7674409442147512	-2.843139023833696	0.5294570570457159	0.4470829746802973	-0.7891825742896454	-1.8369007089372316	0.4236845338754098	1.96224021574331	8.429640014970468	0.889312195666963	5.67985151111561	-2.9242795235775345	2.6844541103010413	4.8277895627812715	-0.2108972707443195	0.15224151087703744	-1.78294253592689	-2.5849787293719495	1.5142845068801039	-0.5330105101610212	-1.0578078345812993	0.14036163842283395	0.8159746235316655	1.1332230399602077	-0.04173972498450245	0.11269719882573186	-1.6334133103451962	0.8673949837230371	-0.2661100145567255	0.15582625306172523	0.3488765860352498	-0.6974096057771498	0.7484027936879593	1.2531900184943905	2.5354169957184483	1.601886612771903	0.2060904185984705	-2.1247292894486836	1.4697693841325152	1.374841759583135	-0.6570996536185648	0.1799422206847407	1.4639550782240947	-1.7124423493450986	0.2317549358557001	-0.10891206037093651	-0.9411635147359335	-1.0861192551724823	0.7698737735811703	0.10800742025430414	-1.844037031397394	-0.43724467953663065	-0.6073674744161222	-0.11033801787815094	-1.226593563009842	1.425781743086857	0.6335820159043366	-0.7483466897449091	1.9879182040237549	1.2950358427847437	-0.04986044599766306	-0.9348347664749999	0.26223622176276146	-0.6784367505204817	1.249279097862583	-0.5103390438458901	0.9185561621497172	0.43520489905040094	1.042405901428014	-0.5778351970812671	-0.4026268540588773	0.3185235097825855	0.7679001889985536	-0.46829224305257816	1.2758335604748405	0.022511354493311365	0.11275923101614949	-0.09787354865281497	-0.2634844094662494	-0.2811649353175798	-0.07989133707575592	1.0012216674714107	0.005737786650415783	0.7165200580093616	-0.47799798446203134	0.16454975538934882	0.07655778706722643	-1.3451016003677345	-0.05207037404255554	-0.3812508137541145	-0.1079451065848614
DTXSID0051782	-5.40344736086643	-1.2160357832680793	-2.7311938790337917	2.904672063423648	0.6566387856865822	-0.40160720128273525	2.271333458267571	-2.193704956724559	-1.7057319482489424	-2.0576130283265646	-0.6640396078592101	-0.8137603560197905	2.4600026496014653	-1.2731835381872283	-1.5616039569478624	1.1162745361491058	-2.044550934970009	0.6528253184237224	2.3373311235906087	-0.8402089750421962	2.20113264188163	0.45312160351622	0.9661659661654913	0.6886852870320026	0.2773217761828066	-0.46648422225973574	-0.2108334153621572	-0.3824564255790103	-0.1968782545067889	-0.03516951765837277	1.6007835191435151	-1.0311523819870523	0.36374867818817597	0.4598510284282691	-0.2385472784025838	-0.728886354292123	-0.16658238627043442	-0.5557912180717725	-1.3661376630590976	0.4546190534991073	1.469679384001832	-0.7974019341790913	1.3986968261426798	0.7907606132864214	-0.6199425678242575	-0.9482953546281709	-0.11212613860011039	0.059191089008282766	0.21011536970331163	0.3867857994535788	0.03273269516940294	-0.9376435518777984	-0.022662663371494328	-0.3387848812759567	-0.20082262759826214	-0.32030391237800276	1.3247002542327702	-0.7570302964584849	0.4896724396395745	-1.0279914917740287	-0.34934713886070806	-0.5674261448193783	0.2857149317779118	-0.5829707832683559	0.13455522657316063	0.69715474681503	-0.029652201053133733	1.0764144759498662	-0.21720112600332214	-0.1883696447564412	0.03490603554727561	0.42296567320761613	-0.30357664101677573	0.27694848543533535	-0.315473996289952	0.11822672633274561	-0.5378727871301326	0.5671110337848192	-0.671375484735219	0.13235774861046024	0.5816865012694081	0.112641270090566	0.2435329621840551	0.7205350866828808	0.04982110248731008	-0.02528353426380083	0.359921143555481	-0.12398340975958627	-0.4316392499500975	-0.3051719636813394	-0.8927594464870307	-0.6788972681894634	-0.05915001490700716	-0.2981701515458734	-0.529664887806341	0.6437368606141797	-0.5979799524998831	0.2241473523569263	-0.47381486485555	-0.1296486966327177
DTXSID7045287	1.3554183144386953	3.6977819905744536	-3.4210288967427407	0.7387278928047902	2.6056502739684766	-0.5997048192689554	-0.7049818162111806	-0.30513358153559145	2.256690204468099	2.6799270061060527	-0.3561315304986947	-0.48088419199513244	-1.0548923920843036	0.040228027222991396	-1.583147689623021	-2.121511032279966	1.6439444831959842	0.7905444175394924	-0.9558645091432328	-0.25978103151039617	2.8662536406044223	-0.4836506859790083	-0.7473532415573859	0.6246460994029428	1.1029043393102367	0.4978762751053562	0.21775864328050581	0.8726349546950692	-0.3860395685363832	-0.003309603171960822	0.8748844488361204	0.08208469664007075	0.24052741744326547	-0.5709098692575089	-0.03402043027737275	-0.78075038901318	-1.0950719368892916	-0.1958630806705041	-0.4136344746396828	0.15554559515521685	0.9020338631713112	0.2978219661163893	0.31331511454828903	-0.042944926276263715	-0.1431432918529217	0.06192948203469658	-0.5496538659951486	-0.1393551120170898	-0.2615627328426434	-0.7576118176866251	-0.37858924118027226	-0.7602990390813299	-0.05760844435426616	0.10185960677210336	-0.41893942491452113	-0.7364145533990063	-0.0881281487688536	-0.245272696277381	-0.49318381966571573	-1.4744944432087548	-0.30658739200087515	-0.7437511221147486	-0.12316052698416244	0.9794482978262689	0.45234749720255507	-1.0573681995499953	-0.16711200118303937	0.9267865985643037	-0.38152284043068896	-1.4513960796666072	0.799401912168061	-0.6840242647249855	0.2103415711731599	-0.8490635494472295	0.33388440489038324	-0.5624104635967696	0.6892272838222226	1.760135036307911	0.17044765273744808	0.5490530126322031	-1.2350450500965402	0.08879300647602728	-0.1584227774959464	-0.04006507014441545	-0.31400291631682087	-0.18321502148225666	0.3393875683406764	-1.1324748301234822	-0.6935103522767497	0.0730319750605992	-0.2621868112977163	0.43983805003142284	0.3897006796970884	-0.6018220142693689	-0.4927900558913818	0.677201779426558	-0.2476052614709633	-0.2012526943259073	0.40531914906756616	-0.38773309333800426
DTXSID8025886	-0.7939675365386936	-0.8384019601453132	0.3645432771263641	1.421701506524567	-0.8077253150743864	-0.442368540890548	-1.1086058946760466	0.27451186183129217	1.2237309068434625	-3.2686244536137883	-0.36382009580850905	-0.2126644272654247	-1.9633889224229064	1.5056254902264505	0.211284090570352	-1.151824222014544	1.919369318098741	-0.9025515243532741	2.0428072019360175	-0.33065055866900056	0.19900498342401823	0.39364620501762476	1.0239972942033402	-0.03662436166788413	0.9225986068570743	1.3633805871407356	2.144042431659582	-0.2799980356475493	0.49674903612869303	-0.8605318082087605	0.10511325555330063	1.6634397572679758	-1.4373789161456023	0.81495007619819	-0.48273612250179876	-1.050845509013296	-0.16379111638367283	1.3068573295586257	-1.4605996015637563	-1.7240214433259542	-0.18976703311629403	-0.010953601194923052	0.9856614095725053	0.3409621387653865	0.2717217384293679	0.5019985447771551	0.8901269262220962	-0.20954116252369298	-0.3592368393518161	-0.08001153894426434	0.034598717178623464	0.8091352760991072	0.2707829440443579	-0.043322467470968615	-0.025823556756695558	-0.1627184700045805	0.3092250269730685	-0.07435502392483435	0.014010826492069148	0.04468971082832855	0.6745310453717885	-0.030836641724241675	0.10236897408228358	0.7216224567855807	0.8511604506956496	0.32049415524121067	-0.28689530838678867	0.5010556173521767	0.4493254536668856	-0.40128077146764596	-0.1365798221063332	0.20002125593780343	0.6258251107208157	0.46293679939431553	-1.1110657293562647	-0.947815600995474	0.09333624055687437	-0.023520521301716384	0.3674292826014658	-0.12059613976955737	1.3845095030377306	0.09067184454417195	-0.30980077486617835	-0.7087460717040062	-0.4920589367290778	0.14395643798784538	0.7189388612797207	-0.6199433784613022	0.014041364051503583	0.39911867805315127	0.12169275367644504	0.050591986004237526	0.4412737344752216	-0.16621447138194104	0.5023452663567006	0.5308390162381639	-0.16540980637956182	0.07674747942579192	-0.41449672676251825	0.12018572391724522
DTXSID4023917	-3.6526270945094415	-2.674947643963337	-0.2784619054851423	-3.0697051046217525	-2.437997701247732	1.3057939791416053	-0.09177114924809887	3.198719830809536	-1.2747089958643796	0.11255582740000906	-0.6269795896753686	0.7955844406381923	-0.2156513777964516	1.5459890951800535	-0.15634750556382515	0.31773461242366513	-1.143640287180603	-0.050778497506842026	0.490139896824825	-0.1465376967970317	-0.21825378128084882	0.04206198748705169	-0.92232225751883	-0.07293075945820426	-0.011304954374057936	1.2809291711402235	0.47881821198309943	1.4549481503800166	0.3579901756339676	-0.7290996623878335	0.1773721202835391	0.8864835299082746	0.1575543695575151	0.15329453328039094	1.0828300706765175	0.634317521334858	0.5741789951131558	-0.18044544866769338	-0.015827173116210652	0.46675474790946087	-0.13934153308861977	-0.946129896422336	0.38998106339177935	0.5452585750588532	-0.41124685282015044	0.12012220103654737	0.44814228632624464	-0.06290523509676532	0.3248087431853717	-0.06597571053679971	0.022436010801650544	0.03187381586580606	0.3934057260241493	-0.23450981549870795	0.17396964811279328	-0.059615805267617804	-0.642051954068604	0.08409610293880292	0.027339197150190668	-0.5974742242177637	-0.3393002226246329	0.1811972537069751	0.4770320243607263	1.0277782936654851	-0.6798354106606954	-0.4493254772105167	1.1065031921981112	-0.3589896158916303	-0.6567303579738593	0.5487282175156988	-0.07799597225124956	0.3002332111533034	-0.7221268789094928	-0.8370122108044935	0.34687377498468935	1.8281355752328787	-0.6305775361500866	0.8332751742309026	0.6041343488767195	-0.7573476083294848	0.9813272349579745	-0.14628485691883772	0.17340756433285176	0.49025235311587295	0.08664282253882463	-1.0823380529056137	-0.6975381918437468	0.6183880582093292	-0.2454512503715236	0.6777540496999451	-0.4049778670651796	0.2027717161331945	-1.255240819542614	-0.08468369412014974	-0.242552771347992	0.2455080212398436	0.37156520417384403	0.07050231768839754	0.5994125859525415	-0.10971791190044164
DTXSID2024589	-4.73524661068433	0.21762738434272022	-0.4799302132513752	-1.8112575977836114	-0.5153573464627835	2.6511675603056	-0.9874772589841037	-1.6715887679539896	2.830101359579191	-0.7270687175359999	1.068874433653212	-0.33842990017525104	0.015588746582173492	0.30460239136279554	-0.44538063758505986	0.5941528339852529	-0.16946193906446474	-0.18901880710106486	0.38771124586514477	0.06605659721597458	-0.0675621476630481	0.243493659457873	-0.3358568953480306	0.10516135412880301	-0.09385195523060834	0.04256460606390874	0.07584870956658721	0.08205201076250704	0.24669798701457832	-0.21710503358544087	0.26223751531297074	-0.04334217423473227	-0.3027919738104528	-0.2101660254604791	0.05576636398060174	0.08415513017706422	-0.08962806138322266	-0.012654373015701353	0.15116099977775146	0.43861452896506886	-0.059636625590725266	0.1421435127947189	-0.012483180158711362	0.11453953681656592	-0.23051191210004662	0.1471505171043074	-0.07232115381642955	-0.07680705066203478	-0.05055826036556275	0.17494595488105952	-0.0374105687180154	0.0438763106901127	-0.15250469961612104	-0.0027621044137095957	-0.018306927869229304	-0.11900701456502875	0.007887747120257716	0.07761997966038336	-0.3769959018230758	-0.12024263592629558	0.09968233022946521	0.017617359405304487	0.07454952424918403	0.07389996529778851	-0.009058201901278103	-0.05148458754366164	0.16765671507421595	-0.14815288003465957	0.01640187442114513	-0.4627852957079685	0.0848616585680142	-0.05622501419898912	-0.028276610050408896	0.22440936956490085	-0.4097388869383142	-0.07043297080486632	0.5219891936215074	-0.23799692826010124	-0.1434464378091273	0.2072233219449252	0.24756421696253744	-0.39512688806229573	-0.07390717859984978	-0.12242724264819624	0.12756899285742465	0.25715823948864774	-0.14399581666637307	0.7380213337082432	0.20341537348251587	-0.21577780198880323	-0.07775241929287635	-0.6734231771062353	-0.35962219755114877	0.2283461389639084	-0.7616972039814659	-0.6448464179907851	0.033306935719465004	-0.1062104644921191	-0.22767760365500095	-0.35561646024776805
DTXSID0050425	6.239458799304725	-7.529771863854795	-6.0583278504647	0.27399184053996467	3.0334082918884624	-2.9343137823310967	-4.048173239546916	0.7303299974511329	-1.2646869385876656	0.5903385008214551	3.142616910562193	-1.1776252737331832	2.6782872778130002	-0.2666067433481337	-1.5113664831026894	1.915761208381622	-0.6725560794447308	1.6189321796104506	-3.5121452032340135	-0.7413257874025284	-0.19079900179456133	-0.528570614065102	-0.46567318531982343	-0.9856080484396093	-1.8989122994283942	1.5024011097750565	0.3857923749705352	-0.43566671885539415	-0.5199048114134268	-0.13042757135338146	-0.8914712342594429	0.744533758838003	-0.40260254171219606	0.0966556771022167	1.840499533167982	0.003810454222751603	0.7728761582679666	0.7745569988414354	0.8445493746582237	-0.9805865028877838	0.6178325355002613	1.0464762546808377	-0.5828106264351234	0.2326843064543454	0.3758919393245227	0.6590485261316624	-0.44683914063707686	-0.08365164606068318	-0.2600787713962313	0.44181386542286033	0.21230093643509315	0.392554756700138	0.08159712257275448	0.3337004426325087	-0.3325983392816712	-0.4812668274537147	1.4912128063385774	-0.183078936168786	-0.731546839795268	1.162834218185149	-0.8839001505657801	-0.14185969504772852	-0.42094468620088693	-0.3228725031060246	-0.7480620045072623	0.6295618387013452	0.5890385301855652	1.2368261267385774	0.2941477194980126	-0.39595925678836547	-0.8760089316055094	0.5893137188789448	-0.5417539958427549	1.170224861628857	-0.11086564864602041	-1.1424077517623672	-1.973541095997276	-1.206202967027906	-0.23866357173638825	-1.337162411656955	-1.2973963631292178	0.5849084677723615	0.4957511762805913	0.5688227346722113	-0.10777487335195897	-0.01166022955163255	0.26393864837464237	-0.1403678949066868	-0.7923708070985012	0.33921254255442557	-0.30314466014028785	0.7137088523690811	0.024188656455779986	-0.13216630106390015	0.02425846939243611	0.31898997066365115	-0.6740411119650902	-0.21595748997649306	-0.7484896121944894	0.1431932688720285
DTXSID9022659	4.605812629506345	3.057707507789685	2.83099616886727	2.388912871033755	-4.052700259587339	-0.7093671350537177	0.6489415219426455	0.4513396068951247	4.3255560094793415	-1.5222654300714127	1.736908395413726	-0.0937672279468563	-0.775450048983321	-2.0551263255915138	1.5284147124447713	-1.0294974607053882	-0.9937033512893826	-1.041228872862754	0.45525041581380693	2.630858825361812	1.3785237431881658	0.25624024317390454	0.6034625593128445	0.39110450182812956	0.444897931275445	-0.09178800087644576	-0.3840163535230151	-0.8097789220931931	0.11636272599763406	0.7339980427655952	0.7550712785076712	-0.002911410520579995	-0.06717027694658262	-0.6478714388898393	-0.47118361545598414	0.2509383640556873	-0.05118461574402854	-1.1706695679257635	-0.43070334894371143	-0.4537823844867893	0.8739438302806043	0.9324307764734502	-1.3694837581553767	0.5425450204845332	-0.6329956816259942	0.08355338265347226	0.664093930803988	-0.07591512555203275	-0.06629307789688497	-0.15908187330204435	-0.05691924408986839	-0.08278586832535534	-0.35679289533808956	0.3438471824761147	0.6653663172062872	-1.239486765523765	-0.5034756418410019	0.7825138933616287	-1.2592709140856546	0.12211649062174387	-0.18294148752434047	1.6109068289650377	-0.9426275009247155	0.4306228549791166	-0.5021783126690361	-2.1489493115195684	0.1269829244824144	-0.013701753194265786	0.22767540576732787	-0.8741507740461847	0.8711071499246469	0.46441686495163187	0.0471842008623869	-1.7409353252773787	-0.6794591847084793	1.6055924384614024	0.5317689847745801	0.6167784751590414	-1.8552567124173234	0.5588120427074987	1.2768435387890833	-0.6648912165816306	-0.7886746912092042	1.7530550976800598	1.5336852525093743	-3.022928745357471	-0.6700762713231264	-0.6579138160888874	0.7416059982151174	-0.7774000304042997	0.45228695939796865	-0.3626417020898625	1.5266772093608423	-0.08927646837682761	0.3417758602212113	-0.3778405348966478	-0.09473887107723823	-0.05275001085209446	0.07474225560636842	0.5204358883140764
DTXSID9022607	2.898423134369239	3.1760193307404165	-0.7023459435853332	1.3140031482436456	-0.49654680810938284	-1.3845141035215782	4.60898555243123	-2.271241066892598	-0.7411405970635341	-1.1453131510435957	0.45412799935861825	2.5494054891729667	2.4233609541318177	2.051990254473348	2.401071884218537	6.604835394419416	6.797219735087155	-3.6351870410777343	0.7200423562203322	3.2933494473763223	-2.9437606272381873	-2.6307187724648413	-3.6475205434428077	-1.255320105446402	-0.1162277053848558	1.5211651388882805	-3.0116591309946976	-1.6166076181387246	-1.8499761196289581	0.5176053751613188	0.14189820014640933	0.5018916448533772	-0.5444662424179856	-0.4660826783728932	0.11786326178021145	-1.0169584950424202	-1.0965181696729	1.6173185283895959	-1.2864024918994004	0.145235870477164	1.712116559354857	-0.38899347222817265	-1.7751343022241	-0.8290763624131956	1.4778005881260365	-2.6376847607874567	-1.8755112360469441	-0.3073187292838759	0.32101959376801126	-1.332099580692537	-0.02964774057719331	-0.7488370717485959	-0.9992490596822529	-0.2734401877229917	-1.543546425239992	0.6070538403285318	0.5583845867846521	1.3394440713525548	2.837648312334338	0.497999469554082	-0.07679937592890378	-1.3790961730765061	-2.516970123759821	1.5525030723752697	-0.22040964494209728	-1.6023677426561345	-0.4171597609106955	1.0044143445599076	0.8176083461230704	0.16809056981430845	-1.0896346468108618	-1.9564409360557384	-0.6443735358054883	-0.8846636446471619	-1.3289186667945991	0.17521629599483332	2.238256650688552	0.5511302585532902	0.550715672580965	-0.02958841955846948	-1.039659852783744	-0.5626264601008082	-0.5870361622371445	0.14539245698992348	1.2319756907523933	0.3622677410282518	-0.4122731206601771	0.15841949298997082	1.1083056266937228	0.37830768715384616	0.2717487617999048	0.09066267488527817	0.020458555453914975	0.19397663701371765	1.4043004136173391	-0.15935449992328082	-0.03548260663908036	-0.6901000831517959	0.11594455634174936	0.9523716577582247
DTXSID6026872	-5.698350122073184	-2.84462782478807	0.950904112202707	-0.42418093874016466	1.1035684133020027	-0.7620701028161925	0.9287106819537224	-0.6523638697642421	0.10246627157502505	-0.9452102612744934	-1.217949899121398	0.022440481066608526	-0.6936731121890172	0.713316689114808	1.2405887857708715	-0.1391349818582244	2.8045609107217264	-1.4804266979277159	-3.819065196988347	-1.7463668334586013	0.7409590891032612	8.012145457301902	-1.067516694432131	1.4492389320707557	-2.5300716931213434	0.3626368061423798	-1.68639423629351	-0.978804894655795	0.7769557431718821	-0.8091309971888384	1.1173269178244876	-0.5331545309764717	2.0460868400834307	1.1599030818371752	0.3945012745015444	1.1123378938928643	1.9848575902445293	-0.5360304745400217	-1.374226190004329	-1.6063385145866025	-0.6908786467236466	0.6212565619760606	-1.267316241662831	2.694951201874236	1.507129031886139	0.1704312544594841	0.5822317985692348	0.36488620022007384	0.8917101221894446	2.789166412793726	0.024773161522979783	-0.9472555671673273	2.0969487816903913	-0.6863804443211434	0.9330666808485099	-0.15933833994535063	1.8158505249142727	0.7096208658567091	0.20035149891158618	-0.6404125193499014	2.5267035258572	-1.326059242258327	-0.3800638134881879	-0.8309285128643791	0.6731151091438841	0.6901509714561107	1.064806608073818	-0.5294011713885421	-0.7974490272037126	0.9902955386639221	0.37583490370567085	-0.3741662287100955	0.019208060133467323	-0.9949205173464989	-0.4785394940168698	-0.05617669882708802	-0.26537537262679634	0.25037222591778635	-0.10974374903516988	-0.4042023704902481	0.07788163926818945	0.03209779273828328	-0.20131102385750496	0.03798858015917385	0.3238497968272621	-0.5341222435250013	0.12038837799956004	0.36961750139040184	-0.5307411596558316	0.25186299876769574	-0.709486874642187	0.38786425113110434	0.09447246765088152	-0.08309356502368502	0.03606286255708134	0.19941203989435036	0.4085748344257364	-0.9340781511653082	0.093430532390256	-0.800061476519796
DTXSID5048687	14.086800084881123	-3.197096653331707	-1.9052629640225403	0.7190321999704495	-4.166711548283854	-0.5944871736486673	9.676081719896535	4.88091698715064	3.9483790058090324	-2.187929482536	-1.5625837833077179	1.4703425253199942	-3.2411019962213325	-1.0921004987912204	7.58820740415055	-2.2998393895796125	-1.755033501161274	0.4776725751650154	-3.0043255192795426	3.8536086827537708	1.293769302503881	2.240815641956687	-3.4967903844649686	-5.117828329902314	6.387633878970421	4.5194615954941355	1.5658974651192625	1.938768953941092	2.5672154716994378	0.6517740727598504	2.1308192622200153	-1.0761019305319217	0.7509633109227961	-0.24478066874284207	-6.179814180053168	-0.4146625726634876	-3.5173975772181674	0.5514442589834825	0.9043237042783963	3.7050206241871764	0.9867359707459505	0.03132332513486595	-5.88223329869319	-0.7761035978268707	2.957854041358137	-0.8548052812659354	-5.753718167840077	3.7124855982384903	-4.043402334406831	9.195552623129768	-1.7435792653319149	-1.5937216644015086	-0.8675574254935319	-4.068439261677904	-1.7803999143986537	1.641069269183956	-5.0361269684665135	-3.6585596457421015	0.4987702585292446	-1.2133360439045413	-1.5145564829652018	4.909532131967191	-5.889721626304676	1.0171907254479027	-0.30962705657268896	4.495033993305021	-1.6818701204722577	1.5638112881002968	-0.7255656854076223	-0.5522771418949635	-0.3537801818492803	0.3995513370517992	0.7095290411549049	-2.01359375095659	1.205857023366797	1.0603953158811377	-1.643173864904486	-2.1479248446140047	0.23610432775875942	-3.013127472686651	0.8633846794072729	1.9587462099547748	2.668573003458162	-3.193533120524881	-0.01449279842551722	0.6029839175983773	-1.920293553036238	0.216983201793046	1.3230577973031348	-0.755158205913609	-2.202825261533153	1.4066678292146768	0.4456422078378102	0.5885806571877583	2.4943197274170794	-1.257881065920669	-3.4733031384439665	1.5618137069069862	3.090175526510915	-0.5948637980540984
DTXSID5047320	15.82352395005528	8.865742563072656	1.0188724696905107	4.819865567071122	-1.705980060538469	-2.427260782140968	5.623230784105925	1.211519636473018	2.4614002144196334	-0.9053834688853709	-1.9683473140302563	0.6837602160461888	-0.6235997720640193	0.37570119185763473	6.748663213809141	-1.550634715412287	-3.189421831170575	-1.499998833042812	1.9222445581389322	4.217317881965256	0.09986885200209279	-0.7873757738191562	0.9861469508463426	0.43710138334568155	1.6186288076150919	-0.04523712935267961	-3.600897841597354	-0.5522765113977932	-1.4059945969176855	0.4419857627273909	-0.23389593172699563	-0.40513363047018713	-0.19518569720453424	0.1838169502961492	3.42602982970283	0.3607319052118064	4.50406234999666	-0.39985968881541534	1.3491356460780866	-0.03732630728326644	-0.2700911300484493	0.7459625593456248	-1.4301991138117969	2.05713103728549	-0.4036979718258443	1.2710995748081488	-1.2637242104364395	0.5463835791136581	-0.6182928153181921	-0.10343607073468251	0.5930293975410893	1.7879532188424963	0.12764949580007676	2.0378464042823494	1.1137483004592093	0.25805224351169287	1.9797984305953147	1.78305450148691	-0.9016678709880313	0.9270153839438714	-1.9053140297569338	1.9379010926289215	-2.5535866359371724	3.816621255467121	-1.933227624303602	2.389680174414498	2.767511874139009	2.2821450132069474	-0.6630767062007107	3.3731620224025205	2.913558042653981	-0.16354317331260654	0.35282078230680797	-1.9989878302784472	1.2201779463904954	-0.23335171490665663	-3.4119524968900072	-0.4198586270062586	2.3283550680427796	0.07041956681643582	-2.0025915097604257	2.700923148661278	-0.7173937066573691	0.8651353980457297	-0.6729715386745254	-0.48550615566042704	1.5203597031661147	2.122139998586209	-0.31083031063038846	0.12187550295202072	-1.5462832609250936	0.19607857933778305	-0.7442990252103796	-1.4955174724115803	-1.4401292146694702	0.1390862358235138	-0.8676613565402715	0.6753056757733499	-1.2991695010968185	-0.5199592439304098
DTXSID0049319	-5.569669593507887	-2.1709922122285867	3.1917538244497767	-1.531665831646019	-1.2332379921282945	-0.2434018310986783	-0.20178193773739386	-0.737696703187604	1.1680662211740613	0.5261388230710389	-0.0293743041873638	-0.2321220517795356	0.41993387719240255	-0.9558059760650637	-0.2973267036025528	0.29426395213534656	-0.1823793951953933	0.3048702611706269	0.017659747164535344	0.09248354665730849	0.025020755905366378	0.12460114088202007	-1.0463297111091605	-0.8981078365581291	0.4041026092768769	-0.5544106200747465	-0.3634162896472726	-0.36381054607447405	0.19759612162716478	-0.03620441187910449	0.0738607508991705	0.27065113135866475	0.366642591213985	0.27383982143894586	-0.19222580659650976	0.40163399273979666	-0.04046349992304627	-0.07963233355334401	-0.30137083592138647	-0.1565295937089772	0.083996605142529	-0.28829807811397906	-0.5160618346143487	-0.659108329839145	-0.16306082126595933	0.32789137462585405	-0.36654514657435094	-0.05830593247859769	0.18792251359446438	-0.18205905773453027	-0.08736686946348758	-0.2615539774678685	-0.24768463961685694	0.11171404643607276	0.09419256725486647	0.3471209117955127	-0.04152474433094284	0.3295728212187323	-0.03699584908800022	0.25520739966682904	-0.4310396460509398	0.15306917282224347	0.6051462414007931	0.07846548796323317	-0.3543497146479672	-0.04543054376018055	-0.4331322273116952	0.03279299561158257	0.1327849537944261	0.6331633459335982	0.4169463264865949	0.1274523053251939	0.5557858436709555	0.03450638231161018	-0.17762114726366954	0.11007649607079027	0.25729711208902234	0.2457141542835447	0.30270309829353337	-0.35815290866705374	0.37851013831157887	-0.7830130385052896	0.10996240490292719	-0.04116080733341649	0.2608138774978777	0.0954827963088953	-0.5796741512303936	-0.2910106834717461	-0.3253344350780316	0.08190762399749393	-0.29999272293729706	0.46376136280887403	0.3901490450258804	0.4513169958140257	-0.49983839945992325	0.13613945533761548	0.047490822461227954	0.07662784378072275	0.15416631121324098	-0.07136474012517587
DTXSID6034972	-3.6043975740180962	0.9076985616330171	1.0575118989691272	1.348163860053848	-2.0425048050303807	0.2174122447948447	-2.200996153563419	-3.1496118708298813	-0.4712761940385605	-0.61444684513294	-3.741072089188679	-0.4571699067247412	4.307516235990948	0.05517238062019427	0.8057160458149679	-0.5736445455690796	-0.8174176066538444	0.36610015744501023	-0.5090440839891008	-0.2587695404802395	0.15951454205901816	0.27452427620527503	0.8007646707648415	-0.46591428969249565	1.1336017403413663	0.20517064858602835	-0.32404877127988735	-0.7059920763575697	-0.3035970728644801	-0.2126555937801691	-0.8114691091758987	0.22463475209281555	0.036701334083882306	0.2827637554561765	0.10739880115295511	0.26797990567690416	-0.6507143001048943	0.42343095666055075	-0.3464955005435578	0.10442197000467397	-0.08050197221811516	0.09854126573655579	-0.18241185977776272	-0.1997056081139763	-0.1769084806005661	0.04629299992523895	0.023324994438594076	-0.23517053316207753	-0.16515747105528777	0.12923950830689102	-0.010223498308638874	-0.27255613682850593	0.3429535339608123	-0.07577070316105275	-0.020286984394104975	0.14869394870941174	0.054060613797592354	0.0797816655743179	-0.10945950569836918	-0.16769131140221086	0.3072620508670268	0.27934300618487445	0.04210642647588526	0.4084791521481012	0.13756464468888646	-0.5622027973093208	0.21273817631176498	-0.006237589555563005	0.19354730227743708	0.16201295455265025	0.016613009438558497	-0.34222758545125576	0.038608981178184655	0.33544778419168486	-0.029000909184433786	0.2741451111193998	0.29643120296208847	0.009537354656200314	-0.18517262417384253	-0.15015865500329142	0.15540441147952366	-0.2185767105645515	-0.500987099752388	-0.13698425776109102	0.34059939366172065	-0.025888647523216155	-0.15674613283353891	0.25433678497796874	-0.05484572510398943	0.21241201804326906	-0.30119259736832155	0.4230018153104997	-0.07097710598415506	0.19333879507743762	0.04605434657139514	0.015034479194098779	0.2432222978395077	-0.004021864624417013	0.08826877905479094	0.18456091804220337
DTXSID5026461	-7.134341920767898	-2.7476189975347856	0.7369116461151848	0.34368128199743786	-0.5408749047469126	0.674935603765336	-0.003171844548978094	-1.2659671524574452	-0.240578418354225	0.518069720395653	-0.40555622617461234	1.2166500708868724	1.0359253278413352	0.5765235141443025	1.2872325920802483	3.649770359194678	3.248992964978892	-2.1054768585680543	0.8577670193843415	1.7015774631467844	-1.0140862696297406	-1.2501383306533953	-1.4035218564176426	-0.6311268708093716	0.003642689173441592	0.46165855650658444	-1.4590002124461292	-0.5821627120829141	-1.039431833137664	0.5141700008952583	0.5971446587058294	0.2746711641488715	0.22677025690452768	-0.3714713568048227	0.44085395211863476	-0.655764102618667	-0.3848771452402233	0.6776438598796982	-0.2724232115548553	0.6079572366753738	0.5737141590216847	-0.4998341292898025	-0.8384449380283018	-0.0517105950850139	0.5249247613701308	-1.2578980471841708	-0.5596649685582413	-0.1492165240715747	0.24939143180365034	-0.44289775231637407	0.22700359348236235	-0.5156281153474017	-0.41011293176994634	-0.003925561538837288	-0.6408471665455212	0.3705475840926043	0.3390081180284081	0.2755267012871848	1.662153275018506	0.15181459545470155	0.29223957614584506	-0.8672523744000149	-0.89442374263188	0.624521909398447	-0.20344311821582486	-0.33567961076477815	-0.09757647276128813	0.5464899168024184	-0.16449647748267165	0.977648152416394	-0.38184368630534216	-0.409074886592492	-0.4362346303571924	-0.6683777716008684	-0.37757032379565936	-0.14246768916154612	0.3017893748631246	-0.4271852754057827	0.043363433589737294	-0.2565160747501657	0.36162976346588055	-0.4751681805604425	0.3661433312679702	-0.2604098870239025	0.13757388563332323	-0.09272544345995182	-0.06711426585447908	-0.9471840721962261	-0.49738616654402934	0.15555806458416058	-0.282156402948469	-0.018003093425448154	0.11390019298947449	-0.3321192987327333	0.23060257377911192	-0.2822334599166104	-0.37637657801081453	-0.14589445379244204	0.039067372210431016	-0.18339264004512562
DTXSID4025296	-4.694274054751837	-1.9926074387680797	2.6520693245314026	-0.3895438672159379	0.6927437384795444	-0.8738271880313262	-0.6467159992463284	-0.7290327857361696	0.35251205973474764	-0.6777072413511792	-0.2760410724867699	-0.02345256191224574	0.36348599962387046	0.020121206651856908	-0.6484849975914201	-0.048848065140481185	0.43659750434666655	-0.31326198266807426	-0.3221597529532316	-0.9133339054731651	-0.37981235088382953	-0.29454317551985476	2.6222309224502935	-0.16470488516151566	0.006815465319394273	0.25832313646018834	-0.006590414820317639	0.013816930286805579	-0.09847021452765052	-0.32852389576117563	-0.15408339084316205	0.4350736303040243	0.3530800848632686	-0.22416150249686745	-0.5770064092483128	-0.9338440666040648	2.275401578551141	-1.4596733758314915	0.4276995827788015	0.22502054818984746	-1.5436914214814925	0.22596976884307393	0.7311037642739115	1.6771974396060143	2.701424720037624	-0.5431879828484147	-2.4720358464392174	1.5536404129085226	1.149895118780446	-0.6401272412223705	-0.16691645397474925	1.1417384581233743	-1.2429640925986876	-0.06043468988364114	0.13612735630644998	-0.4926571617149229	-1.5563510416869766	0.9740626327110105	0.743488358703233	0.005372080079026595	-0.6905742537328698	-0.2791256246233032	0.01315522063143199	-0.04182069419071594	0.8401355201622583	0.47351996396765084	-0.2977344772562633	0.2175532182948262	0.23725108905605355	-0.3103830879556128	0.0916745554913105	0.14118494824540298	-0.35629001952549283	0.18975861133929015	0.2177436411576085	0.20322170634316306	0.4336981674413593	-0.28652851355208775	0.07575001022329576	-0.3397061655787147	-0.9948929636008255	0.09422996492562691	-0.3761998063730608	0.3137623278375552	0.04177435839800083	-0.0034682478083286955	0.1023482782734327	0.5469236908526038	0.22656650765175054	-0.33202805551547515	-0.1927070979847698	-0.22351795894174656	0.02389442712559038	0.09613769943562855	-0.29480291214585574	0.13212830967279923	0.1255276647171674	-0.03980820175837994	0.07557177331414444	0.09596225269770498
DTXSID8020703	-4.7142392913233655	-3.8581223140589325	-3.5315256848929235	-0.8230260717769797	0.5430319034493293	-0.23607736311318528	-1.296397595366192	-0.7733889635442991	-0.6177133849158863	4.205802663824694	-0.7230285223565731	-0.6221842943509799	-1.020317740906156	-1.5041935143118184	-2.3581979938773845	0.5099064602150164	0.502307004495633	-0.26563454004677167	0.25436262191916753	1.3888290651948236	0.8620058074172388	1.075401054557009	-0.7253622063004399	-0.16953455784316238	1.690702860752542	0.2046327953283828	-0.10025120378236549	1.1413396406636553	0.8960989353848862	-1.4210513890111065	-0.2884398020602112	-0.3669365994506675	-2.2928723971171134	0.6030890707976713	1.5706601085739127	-2.6054192874005113	1.4302105708458457	-1.8633538229710764	-1.5240909316422768	-0.095681035260817	-2.716238531381611	-0.3397200129416174	0.23876064717932735	-1.1405213627259119	-2.026585898514889	-0.4512659576841615	-2.062168761727396	-0.8349241748394334	-0.011227347753750795	0.2902483477090239	-0.0286087932492452	-3.363749544138969	-1.9570600101863285	0.7352940189677921	1.3344296603508703	1.8671501526286391	-0.42432392145618475	-0.19588455520385878	-1.751988590325339	1.82177411111583	1.8678228343935046	0.269406318782743	-0.8567438268221229	-1.0941700731526847	-0.20140818955748999	0.28300429116461584	0.6368986017798631	0.29032648773904096	-0.7001448837449324	0.24259271310905353	-1.28226310986804	1.2707231390852096	-0.6340301634919566	-0.30657633043519905	-0.7600232928679476	0.1280120667791479	-0.013870720258273373	-1.1055664282658382	0.30335376780327644	0.763270716791301	0.2491618019953703	-0.32179399880482207	0.5986363056302517	-0.09024868871296164	0.5509033666384374	0.37123560095724834	-0.9097763187695361	1.049779439143979	0.616313935869409	0.5529903377537381	0.9521336778881891	-0.8026887678541464	0.24240849831651384	-0.11899370305587847	0.13446055445406022	-1.587067335570586	-0.027039448024550477	-0.11008821564786364	-0.20765328531789382	-0.03274285485650662
DTXSID5026174	-4.3493637368152225	-0.41049348883802944	1.6233726622635465	-1.3271122761583836	-1.2090442333305924	-1.061470424730993	0.31072189523859056	0.3361099457379314	0.7671068154313527	0.39768756652985343	0.3315336985534567	0.2446227927663041	-0.3504312520738476	-0.2281359601450283	0.850025082838378	1.4175374406331163	-1.3767395452428357	0.6288701906156806	-0.6361376180730038	-0.03743679519339154	-0.8935524661139417	0.1654046258530435	-0.45902175994248906	-1.1511336773296208	1.2249922892652403	0.6179123483794743	0.11686322113163518	0.6788648700355803	0.36193566382440134	-0.8752627648005366	-0.636531680691207	0.2666568945225546	0.2524560584949589	0.3143650344720663	0.13490854948126343	0.42398504484056215	0.416146834323516	-0.8635762137436501	-0.6897772685753472	0.015793357628066457	0.5360821546014324	-1.1839860259368948	0.2621501847868791	-0.1758046848965582	-0.09282123978488396	-0.07694202333903799	-0.3691199685785461	0.05776632401710538	0.15386951553670897	-0.22492311739522336	-0.20420933409418396	-0.5022336879669503	0.24041360978672663	-0.1243765802241649	0.22778510360109197	-0.03037109824886182	-0.21402708787409	0.2947363218433515	0.49710047449332895	-0.24224999757702526	-0.5296379961036426	0.20981415536185846	0.44103445412541425	1.457432492218302	-0.6922336676367006	0.30872485717737524	0.35985869392094016	-0.0875199150323915	0.16301504524027474	-0.020143592657210326	0.3224955219837372	-0.32260448315759815	0.40267582747481107	-0.6097024813604287	0.014801628617482724	1.0782640877651237	0.3667350479463612	-0.057113329913860256	1.3669335757414074	-0.6729945279419015	0.22566327066714909	-0.10675612257873002	0.5145876915200169	0.14021590195066141	-0.27777071555990684	-0.5939060778536509	0.30441768622632365	0.9982895805537987	-0.9263793749066467	0.0923474547781813	-0.6729746374446239	-0.136955030924428	-0.07521789304228249	-0.08135960750432454	-0.2887788231176263	-1.1211412274261987	-0.22645860220177075	0.1425569103370985	0.4689885173107334	-0.5006475053976639
DTXSID4040002	-0.3747981429647428	-0.10459311945537286	-0.18819621777659198	-0.6565524450115411	1.7207107119508998	-1.5765358551637505	-2.602477124944511	-0.23833605225535504	-1.3210834231967084	-2.075438102856348	2.679503915926478	-0.9900943549715204	0.6002204295019167	0.7365918485849335	0.46946007510376775	-1.861426740925247	1.5181185613995059	-0.22887364283115513	0.2237127131705522	-0.03040293122097348	1.0323952800572498	-0.127340418279011	-0.2941700650349371	0.6787396016572786	-0.5348768893193382	-0.219440342191421	-0.768808863452374	0.7578125522527687	0.22571550532078463	-0.4764186967637	-0.42563842678472436	0.05965598097796278	-0.2823609014456464	-1.4350551156385218	-0.5850726214276526	1.496734739618607	-0.690360265799328	0.5283203555726175	-0.9984639460408121	-0.17793600826205408	0.5008234897684279	-0.3313586100788142	1.2496353947327137	-0.4932808554220743	-0.44564520149745535	-0.17483496979897314	-0.6461866518108141	0.9000137117879828	-0.18803647491879022	-0.11261415245551247	0.06981015610945085	0.7534745973268088	0.25285130259509414	0.274378601843042	0.06448725831303113	0.4551877882566565	-0.5301307760929758	1.230076471462725	0.5348981427751808	-0.2071925019210563	0.8640740838421013	1.1017147065989812	-0.3755889311184734	-0.056296305132261214	0.22750972557552224	-0.16429325964348826	0.7517410805167137	-0.5233323426842467	0.014784765850496588	0.31975887242907025	0.032494569960377855	-0.29751925112145816	0.030774241117860358	0.06365346097902769	-0.5833070698914093	-0.06461006778819038	-0.33558759235437696	-0.0829698400326088	0.07338795543491787	-0.1535527706946465	-0.1103725656171728	0.08541763317200883	-0.01601090526896135	-0.14751677489310938	0.056491420548326864	0.1291581895767883	0.33438318372667103	0.001124704533187823	0.2591330307148415	-0.2901120359024867	-0.27550549071454045	-0.10696078659697297	0.0802283528406277	0.07479572100695132	0.12355346098423525	0.07639327640326182	-0.4696261409386337	-0.06851994250418006	-0.024284118184980094	-0.09058667338417743
DTXSID5024710	-6.361032998339268	-2.8566410520688295	0.9200295118061251	-0.3398909419745762	0.8068091438957435	0.7700997812365958	-0.2569606837272893	0.7827124616391338	-0.5211929963361562	-0.4950634069987717	-0.6727940820940222	-0.0010002122552441794	0.022678060512110913	0.26269594110158706	-0.08420843059537533	-0.3643564432826651	0.3065593113834319	-0.1877953458691365	-0.3812566379389975	-0.37877227956239695	0.26936464754567935	-0.1604456578590045	0.983221587265022	0.025387694676442467	0.1270457161740093	0.19668588329927617	-0.0657065575445512	-0.459069938396842	-0.20781324575691304	0.03608016286022011	0.05022134604647188	0.048362282408950415	0.1466242866154983	-0.6094375736434542	0.42846171207142425	-0.1757494270787701	0.38613572380996897	-0.12867347489854206	0.1942385386140131	0.48717567244423393	0.00457645699486602	0.5695522372879166	-0.4088829202669422	0.3653204768545681	-0.03725459301766133	-0.017250870987173147	-0.10912984088244733	-0.18297580056030574	0.10058132083136487	0.23359249680830368	0.26290323624444295	0.017033022224052237	0.2387952555029613	0.05058127396237574	-0.16865454170558897	-0.14425220630381105	0.34555249968921625	0.1846847416905808	0.061298521313916485	0.24223851229642976	0.1582611583047216	0.31204570531513504	-0.11104689537211147	-0.18159282611884006	-0.1150668637998412	0.2527135198592035	0.08679556690833545	-0.33120137689722967	-0.19630703231060706	0.6947792546857521	0.29552798558038523	0.5843076234422544	-0.309752731063314	0.43940653468238045	-0.34724176054928957	-0.22689698402697517	-0.7257154317429227	-0.02396310454350325	-0.0073832784844287645	-0.45886915519549837	0.011116526915798751	-0.6359304830563377	-0.0022588585114071496	-0.5534886748174448	-0.21951555017701857	0.004395812745165088	0.09639674330388451	-0.2704040374074916	-0.15955542462704217	0.09939099439229267	-0.0508593875501782	-0.03915393671023059	-0.026902607655001628	-0.20518827173679968	0.2816625060886444	0.043776035890025614	-0.08868786844072239	-0.2513001732924673	-0.23022190724293026	0.19190201846205585
DTXSID1024621	-3.6212343785921886	-3.3638793691500966	-0.21035714497080724	-2.2008639325585513	-2.0440515421677836	-1.8735331124114445	-1.0816698139374818	1.2893702244966037	-0.5165283245958093	-0.974853144409554	-0.9593228211483306	0.9566605791993892	-1.2724896678443118	3.738912487956587	0.7641365155923847	0.667570330300199	-1.432699410372372	0.8033602648182451	1.1815257760794668	-0.10368336107196766	0.5202317780888542	-0.24745939346843615	-3.647431730224609	0.4080866386682564	0.24366279028979795	-0.44975043947173227	1.1208787781710126	1.132059747209448	0.14522213535920425	0.5494318656424341	1.3167243755049212	0.40085563515552014	1.1506504820928718	0.9772632904717742	-0.015562983123140198	0.9206954559908574	-0.5164521603591379	-0.7767104213534485	1.074793615277018	0.780255976116239	-1.1338071795060878	-0.13010594746009255	-0.09509176398298043	1.3150406944999558	-1.317113870390019	-0.10583792654442695	0.13503993757451951	-0.8793413221600029	-0.04078483531149981	-0.6594890813208525	0.15409672784621967	-0.13933557622680795	-0.6628250494132724	0.03755439673974773	1.18679255106745	-1.425116771811448	-0.7783445564565313	0.1892821340054072	0.40081896461103333	-0.9806256102171474	0.3481368105352636	0.9172114027027499	-0.019591445190198647	-0.7248508678706567	-0.6507456933590987	-0.525206356699565	0.9152050532627951	-0.45016180668418715	1.1227995832585544	-0.17770120057043293	-1.0102442419291975	-0.16725666497815253	0.14109842432906997	-0.42793539681089954	1.4896754099082896	0.277804224469664	0.7938186165656989	-0.8279672862093349	-0.5145246549795611	0.1691291166364707	0.3388174805356987	-0.35683226908991267	0.056479007188930105	0.36358495587638506	0.40289938308561607	-0.21908859427473512	-0.7949151813997327	0.7494493941933791	-0.2978291036900366	0.5442795977917666	-0.3879975023929396	0.37776252047752257	-0.05245334422580041	0.15248815170748256	0.26342326086223233	0.2651245011093972	0.48157553543361964	0.0807219395778405	0.37382767701761005	0.07374848256900615
DTXSID8057851	1.498829400448364	4.386976466608447	1.3750037648956954	1.1296042577855792	-2.339969185958098	-1.8347016870905746	-0.6885355694698482	0.056994934954051724	2.20087039456055	-0.619635777178766	1.7825278069640358	0.026050721861059438	-0.663900332681807	-0.015909313758142793	1.3852465978635327	1.7684221890816678	-0.41849637358127834	1.1824110682763238	-1.047079416470245	-1.7510682099053445	-0.7099785396521359	-0.652907751496315	1.0777486857101464	0.19130691314670342	-1.1453448424676391	1.3432840326080013	0.7703570305579832	-0.2784075655350782	-0.07261621416282661	-1.9805298140791205	-1.3626986352040724	0.2722900541526693	-0.8301710907229585	0.527856754549898	-0.2202383259163784	-1.737269973416134	-1.2475410560783908	0.8518278087729015	-1.5327064989793941	0.502291312097323	0.633684453271638	1.3045780053075702	0.5834606828913785	-0.6075438088525661	-0.01914687039067681	0.3270547472415063	-0.18167095500697147	-0.7921588493888712	-0.04472626601038612	-0.7292592603111047	0.04014894090532158	-0.5211100470499648	0.3388254708921436	-0.16747412363201838	-0.5924180118000314	-0.15893783046895293	0.4000426504657715	1.5141665074187989	-0.601635924345083	-0.5879969251096875	0.2925359438142617	-0.6416347017175505	-0.8323395608794755	-0.5197657459990374	0.4866488795496975	0.7254279991294361	-1.0742939693492748	-0.7736225502857492	0.8605196001845383	-0.20039464799260673	1.160112481133726	-0.1997564799817685	0.8875654566220799	-0.9057837696576871	1.087907082799071	-0.4184777063740342	0.17920207314879508	-0.4432728233512431	-0.8623426239484898	1.3478859770328484	0.6549376489971303	0.5113964307857967	-0.08883165237006588	0.3133495859135343	0.45686464667225196	1.0384192547635767	0.08745758755389368	-0.18193054964384142	-0.3664895163112064	0.12302390264057432	0.7907591388182167	-0.07886866722924224	-0.0325284600387307	-0.22035663808603778	0.36846436238384594	-0.1712607134293156	-0.1532834581228685	0.3253458345938727	-0.3232329007148231	-0.07117343777760181
DTXSID7021491	-5.898431557412779	0.6050973417387961	-0.17248592058429676	1.3296548581384644	-1.0717377957421852	0.6164874156646123	-0.9376671061052735	-1.1848594591174142	0.3796592461106504	-0.3564555487982977	0.42544672687477353	1.1103964187835051	0.5806502466958358	0.5464624250712733	0.5656642875965959	3.6887758097824506	3.541788572591396	-2.275158736932336	0.8127241955215548	1.9418390143880364	-0.7299662804062912	-1.2489035755844762	-1.5647457029345007	-0.07698319437510827	-0.5773040103933782	0.8059172677719321	-1.1033945284587985	-0.4691340883981852	-0.971711077812442	0.3894600564422552	0.7706844444939643	0.2504351797685352	-0.23771387045540443	-0.4193835338505137	0.20663026361236697	-0.6124357681675955	-0.5902827171172854	0.8358042594928733	-0.27045879990079924	0.7028415255476639	0.5994164846429936	-0.19673538695474085	-0.6418894409605466	0.38671025138961296	0.43573072837187077	-1.2298450600299726	-0.41603645306201287	-0.3164046666967513	0.011563515259256675	-0.3243629753624318	0.11875020784046443	-0.40391633336496824	-0.5061124370891067	-0.04351053258455716	-0.8698286645640269	0.3254277503115738	0.1792449543431855	0.2618098428492939	1.0735388563350212	-0.15269860978274907	0.38487766991065414	-0.8242319671663213	-0.8613366253176701	0.9804151260524706	-0.11455156096252968	-0.7058340975972915	-0.005380684628417724	0.5419332961786978	-0.07523157706599773	0.21705292287240707	-0.6547040768527541	-0.6380632490902621	-0.7273235784369402	-0.4976815025806793	-0.22683419834111263	-0.11306196564329345	0.6737365921632595	-0.2954737890737442	-0.3422535276342508	0.053664538888219836	0.4827913576295693	-0.3076857058659752	-0.024915251605963685	0.10192271980755098	0.4496699735760993	0.08565935154234193	0.025748756511393148	0.07692281523067936	0.017663533591526868	0.20194585033530146	-0.3243086813438589	-0.18646700196475594	-0.15780333224584833	-0.607448931190393	0.278076647846608	-0.1474284281346871	-0.3525687828009065	-0.08014803262648791	0.24107323228351973	-0.025300786017896683
DTXSID1021792	-4.658418878721444	0.36584522946380876	-1.0047080905235768	1.9835733395194461	-0.48791248031253476	0.4192053628566706	-3.6650070661164587	-2.5582531077011543	-1.2375841556902663	-2.0511408327441587	-3.7217020313051323	-0.3671008242428744	3.945502196041041	0.4905327276151712	-0.5399790011123445	-0.36674693949966336	-1.1942922185081066	-0.18231692440530398	-0.6602123440866117	0.6674318412868838	0.7358878177808794	0.6123470833346466	1.7704018312743621	-0.07780529820616225	0.24028714048149144	0.33614337054990545	0.4255205895091539	0.6403504297963148	-0.3059880936869448	-0.20232162417085667	0.046165632419625485	-0.15550729932074275	-0.21056438439760028	0.041277811426237224	-0.6604401587693878	-0.35160678853130395	0.6454356763811753	-0.9118115267601702	0.29805297020405114	0.13161401144807447	-1.875375018577735	0.658431561879104	0.3314135989201156	1.8358056968336107	2.7086426126994634	-0.4218017993802804	-1.506060631885573	1.19690362864249	0.8652769035447364	-0.6138827703179075	-0.21662642980057076	1.1088843543501947	-1.2116667843696727	0.10411660121864504	-0.5609476138319617	-0.04833267600217545	-1.9756388625040529	1.3008008217533547	-0.17310667287850187	-0.3636266325554391	-0.7538445765108935	-0.7908154392437406	1.1931688716851871	-0.03241003527622794	1.228291290068363	-0.3436551024123463	-1.305375051596976	0.47491775570279704	0.04529758366243022	-0.21493252801271107	-1.2277578139408165	0.7741322595728843	0.020380444494136615	-1.0705077716805915	0.04740207118648096	0.6298888773740509	0.5511002500083263	0.3680055758545458	0.011255389002783452	-0.04989665050677088	0.029432587337052542	-0.1950772677307472	-0.47510115687453125	0.70176612166919	0.22726571264193884	0.11504627190094649	-0.45354666040711383	0.21880275978316915	0.7400341112128194	-0.11274533168710277	-0.23265077750813348	0.028824831458616713	0.1728864692889152	0.06601285351395726	0.3296739305809269	-0.04999217091107737	-0.3307877396177766	-0.35767391259899695	-0.09521587989611152	0.08262000450325355
DTXSID7022128	-4.215505207628119	-3.500717392427549	-0.48210513034159425	-0.03498810454833683	0.3746726847021697	-0.9480072291240667	-1.0335375658024253	-0.3610388508498244	-0.49030093856665563	-1.2794088095374099	-0.6014395378065154	-0.09783466959329537	-0.7237378559667149	1.323931193904813	-0.24344126499277985	-0.05679943145147063	0.5769349277986464	-0.17799081562395383	-0.25954212598757065	-0.9039891156822243	0.446295573007223	-0.614293347875632	0.943273079039669	0.13666659021604327	-0.571368730798216	-0.38649369302969877	-0.43862278762951423	0.47116924628934864	-0.12230296442681965	-0.35994999580533427	-0.13032222033749966	0.2774627523391002	0.43318690793948356	-0.6726478134422257	-0.4584349845469143	-0.22976352304516356	0.007599277355486674	0.16722467291258808	0.052975634051083104	-0.20332935558382556	0.013185096685962901	0.1144833476235769	-0.17887113945183986	0.25624589664943986	-0.44262544457880637	0.07133589530766145	0.23218966104351096	-0.018553437646308884	-0.01256907275037166	0.20762207619749606	-0.010173371173891088	0.08480946257905445	0.18595001832107402	-0.05773367760931549	-0.06376507959121021	0.03807708889809911	0.2823626515615331	-0.030471485594035737	-0.3675984714914759	0.12070611170351694	0.13243841605121065	-0.00018695897929899943	0.3636467302401739	0.32923529634712784	-0.31659629840445963	-0.5255176757862255	0.5935177487690326	-0.31927374959563076	-0.11527626428521977	0.29099174098502567	-0.01861347666239871	0.26379710314938787	-0.1512572537274532	-0.05626675504242585	-1.1861213643547734	0.01856031160230539	-0.5821082616345925	0.20697652880769718	0.2007904584641728	-0.327904495623295	0.10718069359274178	0.3492128084448396	0.1871692630300225	-0.18120075597510174	-0.06042731470936364	-0.18589981259164357	0.18600283261735773	-0.5057246514195441	-0.2972213087515838	0.10947594149036226	-0.2899339890733354	0.14725515744396303	0.30689912598088115	0.17325404615514736	-0.0504110151721945	-0.21058562216815824	-0.12479159506499646	0.12395846139891217	-0.1609678990561372	0.005785956609471249
DTXSID6046503	8.996824029350854	-2.7774574321289554	10.945112107064991	5.04066322937784	1.7265310881766187	3.8572502700103364	1.2003832751382908	-1.8101043378344586	-0.5760506234492252	3.204769319386823	-0.3968166646064349	-0.6021809896332516	0.07005609954744524	-0.6776548036601134	0.8351532555147162	0.04813314581851114	-0.412456193484512	0.8466452816083612	0.48644150264781955	-0.021367798477661758	-0.1604402307036032	0.25017490511121077	-2.56091330465414	0.33167400473494285	0.13518092544145574	0.13363361601713708	-0.8098359672700467	0.18933798740845753	0.3503750917344487	-0.18106849759581928	0.1404402212601229	-0.31546257863026633	-1.098417878795265	-0.1449460065520823	0.9985380143989826	1.3317146991385755	-0.6501219297710673	0.6451180739681732	0.40190687098132616	0.5320050237764847	-0.1745212306514686	0.3066726388324724	-0.18758681897536852	-0.8337241149299972	-0.0453360787752617	0.32916877980807124	-0.5427555975167531	0.49232718755237453	0.24346379893947792	-0.16170649411221974	-0.0957664825029058	0.2199036291141352	-0.27303980962349533	-0.027000143312639675	-0.3087004993770917	-0.5590013266850208	-0.1784005514383388	-0.08211270499659669	0.2963702857154473	0.1833764163780124	-0.27299031864758383	-0.6230337025389937	-0.0501351542394292	-1.9421854971153518	0.6182206891058803	-0.08663010616915438	-0.08262607201202123	-0.3163380411107328	-0.6659097539057682	-1.5162209164617868	-0.05197157494443807	-0.33820776060914076	-0.8719088931614877	0.5369389569862807	-0.5756241844687808	0.14520140104735005	0.436506539044176	0.19105632778451553	-0.10036840836373152	-0.732749931686939	-0.3728720332628711	-0.3917604402889669	-0.4273593272868603	0.0666337357014154	0.24777015496682964	0.3467253293952535	-0.9881925245808147	-1.0162486569269014	-0.4630091871572949	0.5141306740516836	-0.22142460115320775	-0.7020867163058292	-0.8854765999048848	0.4012270110314925	0.4202205006712788	0.004791473417494524	-0.005690026568626465	-0.2229861823703533	-0.01692620314645263	0.11699449644649065
DTXSID8025591	-4.120225020073221	-4.211619710133647	-1.1380220736811553	-0.552386422344231	-2.03859046978284	-1.7305786981808948	-0.4203139262958554	0.6393356118763874	0.006151258296988202	0.5657388730765274	0.09265109885131269	0.3255486369069969	-0.12530391170509966	1.1791563791996378	1.5540531314884771	1.8678451799721643	-2.0503628063120303	1.2037001302683705	-1.2825230259958882	-0.6116408304489875	-0.17390521724430907	-0.49372953231873323	-1.0940652710329044	-0.19026015353736184	-1.4244667875563746	0.2645498403414039	0.11249920190811659	0.7751751769932052	0.05063560534141201	-1.4756644664368104	-0.05763097872268954	0.24650666449221098	0.06933889420256976	-0.17039048817021957	0.02533492916439979	-0.7466140904209644	-1.2457825309018034	0.5033568101139485	-0.29360974327769024	1.2934929731207268	0.08452206876268774	0.46861367076147137	0.6463821231697885	-0.5156260671919662	0.3485385856710842	0.6202119319221973	-0.02090362912119695	0.1554465950375592	0.34559960429880776	-0.2025053585452137	-0.12735262138072317	-0.3158624368067287	0.2413222877268794	0.08022640886893548	-0.08926256496275657	0.31362538530359363	-0.009411511125941454	1.0312236446018865	-0.5743225958360814	-0.02408475426197247	0.036128077455371686	-1.2045958258125455	-0.12717123305374595	0.40186826919376706	0.06258416442503646	0.2969754589793671	0.10336974837172082	-1.0802838389024212	-0.29628461487948216	0.0032837633929735993	1.4450315967777034	1.0267119579735544	-1.289243703085512	-0.8489596031896111	1.2337863922875982	-0.2633710884684312	-0.05082779226306928	-0.10556056367691145	-0.48753400975371247	0.6670882211768189	1.0018406445932873	0.8372173098371389	-0.08354780380778004	0.28117985765276154	0.7273308067984874	0.5287216670785063	0.17645103969936396	-0.5713607136922213	-0.48765587435513735	0.3492659703093821	0.5614114603128704	0.502784557044135	0.08155692805288953	-0.1374593642656465	0.1688858141717025	-0.07671221663790824	-0.4292129012300002	0.007737705064750916	-0.225587430617427	0.2245716635998815
DTXSID7020423	-4.0619880095570995	-2.488624168554337	-1.5627509286207915	-0.9287402097486288	1.6101964306686065	1.4643044898023154	-2.4192785164199853	1.6615933003670968	-2.4134556834511103	-1.3540660440753465	2.6074523664453437	-1.02949703906965	1.5632209601290044	-0.5995125661386554	-0.315253955244822	-1.1356735878047772	0.7134867846419963	-0.5174763977026882	-0.7156590014927117	-0.1038133499784348	0.13694380809597412	-0.11200353692125796	1.7639521947119525	-0.01631659917297651	-0.06715137067840501	-0.0196630054941459	0.1422114187434837	0.09268350578290391	-0.6382672190814133	0.09185134522051958	-0.551811931051749	1.2238528874605998	0.7696203091182265	0.3259931884771241	-0.03426891722480536	-1.6119215964951041	2.123987909689201	-1.6767489249359853	0.9561235320326819	0.13542806951686148	-2.142066797683002	0.298970560501599	0.25057950275866575	1.6834009388530322	2.52280622992793	-0.4615264836912118	-1.8400350996825663	1.113549045988925	1.211703342224426	-0.8357613423985867	-0.09387487028508865	1.126256821177134	-1.2211155103017566	-0.23276808366121102	0.30170103637019213	-0.41378554812801294	-1.6266695661330914	0.45636078874865843	0.22991784776881918	-0.29451262474906337	-1.0083012930132698	-0.8588289869779993	0.21586010605603495	0.09699269147602345	1.1736996664141743	0.34762261391380556	-1.1115371117682689	0.8701135878080398	0.1327659773087867	-0.19300157577433985	-0.050434458597607944	0.5612681225394595	0.08488249042579202	-0.09837796945518246	-0.3847047659758649	0.43627262271971184	0.1972148608851443	0.13442119699479735	-0.08622744771662186	0.03578096324898087	0.12319063402283748	0.09912560846106887	-0.32757064192953933	0.09276696655049718	0.548146013855721	0.3011943189237551	-0.7156375974417056	-0.370661189975379	0.6307959694015202	0.3314227918595218	-0.08880207677434447	-0.30465108491058873	0.2486203251879454	0.7562387137610413	-0.21568626971016086	0.4715240670479068	-0.21160065218173899	0.07718176535640094	0.3057758912154135	-0.20560852751521602
DTXSID9047176	-3.3652631421033923	1.29149977095228	3.2387694618981406	0.8190665358054217	-1.2313334263664562	0.16507944745054384	-0.29516456403320185	-1.1856213013233288	1.565698463799265	-0.11770424975459973	0.8806134912150759	-0.5416941059644855	-0.14923143629832905	-1.4294378182199083	-0.30827164699161813	-0.2780380276063777	0.6856814957764107	-0.24567502425623816	0.08423784877086217	-0.25954871874781354	0.0194513364585823	-0.06181163249699372	0.6167746200428279	0.20649663577678604	-0.5082382944642756	-0.16995621287921697	0.9322101351363337	0.3830681567891716	0.16359148049068523	-0.18940950811740606	0.4946512363987517	0.6177717746526117	0.5976436321714932	-0.2180863623426885	-1.085189097599572	-0.8280415193754851	-0.4091296009113049	-0.5491530294029932	-0.33437097671637256	-0.8213392920747445	0.5124614052136759	0.4497934282237677	-0.019077932916724674	0.542665097802451	0.02591993486289977	-0.10202333088963386	0.1524967859217088	-0.4386964498516489	-0.1789013071679443	-0.05242927686112491	-0.04497911541657334	-0.34043540344481416	0.009954776282577195	0.18120211068521072	-0.13529729283533248	-0.006573698779581485	0.29161042893375283	0.02587495015083076	-0.45809080533377866	0.17859212999127824	-0.28510913134161375	0.2454932649312682	-0.17334067026177416	0.13501607796217993	-0.5078693560942408	-0.08694594577075059	0.19272341805883383	-0.21035729687812274	0.19594413172799743	-0.8322565231118987	-0.4074606401236259	-0.2805614361114834	0.2918570088376049	-0.08671137036242578	-0.055729758656743844	-0.07323937513662529	-0.009611008389124176	0.08208195110980541	-0.35418732263761626	0.726078590874849	0.1773643158496889	0.08927443179394727	0.24169128507441676	0.2970178882348146	0.08968554745509127	0.14192877468223475	0.019492450055936857	0.5734963376166484	0.49249610881973294	-0.16467536806758581	0.0933123981751428	-0.24638505896645227	-0.6659803244607053	-0.45536761857591584	0.027487748062403828	-0.028797545929150077	-0.11840210111753102	-0.03610155072524791	0.020920217632504068	0.19955408819804588
DTXSID1020350	-4.301195268635129	0.24718325635734764	-0.9783928531276647	1.8061802499504407	-1.6260042059310347	-0.5727545116237494	-0.7532186694642727	-0.9861054092545044	0.17423723709818023	1.9056138118398387	-0.8230127119840771	-0.3475546876586927	-0.5453896857808797	3.0592022590345955	0.04683831159993308	-1.443442034010178	0.33239553633877184	0.10506788818370899	1.2452429676969385	-0.18353951963881066	-0.3788934584038913	-0.5059519559454413	-0.4076083939245621	0.7333300614681261	-0.2413585743467271	-0.5408426781308313	0.4279879694972166	-0.5619261300742262	-0.49824821419554677	1.0747710850059822	-0.2632954556504731	-0.24970899158305201	1.4336560089035089	0.5487073391290836	0.5714164548579331	0.3248267711088894	0.20333815029245014	-0.29003154364273986	0.44764387035427833	0.26866405542690985	-0.6113494840693958	0.1252658394134147	0.36869153510355795	0.17281052735255237	-0.5170853750999547	-0.30319783751364066	0.07535131528637315	-0.4458940557185732	-0.42131752741921624	-0.5936555680048682	0.0370284238678706	-0.14127641966413723	-0.1042468909144759	-0.20151608727751738	0.4171077052667646	-0.24879470198571466	-0.1491239365566204	-0.30958431349474475	0.5224634947287706	-0.416801949074683	0.5880338751391361	0.3419787913218554	-0.454928435738058	-0.9051335613613488	0.30191291472566895	0.5857688417640212	0.33156863949029514	0.3496656828291732	0.47443081929654835	-0.14926109261278087	0.2839939365398274	-0.8556358053137635	-0.31334555434409345	0.22754378854015347	0.2652033371948296	-0.4061928587475878	-0.21640363433855908	-0.422106922216981	-0.5301071564776456	-0.2865293848937671	0.026409490607352863	0.46822868484368835	-0.5425615791416611	0.08305297472100628	0.5462904992975052	0.11690665757930697	0.2715070791536328	0.2889976916168441	-0.28055892028201895	-0.054877484252382695	-0.3794628646782431	-0.03858648612053204	-0.06247290073051898	-0.021888295771268034	0.06779799065030702	-0.19567896195924123	0.16832319021117687	0.035915483906183876	0.14951400393618175	0.07836768974241458
DTXSID5020869	0.4481711833244907	4.7296383898438625	0.8162287244283325	0.08867972034939771	-2.2960541259349583	-1.7567289234998351	-0.06428636705036063	0.3553140204425724	2.2969278500846766	1.4865017679589902	2.04040622187273	0.11362204709607945	-1.1684634543845505	0.676528273149651	1.9113781002018353	1.1329296449206054	-2.703858878925961	0.44130873891315847	-0.9674072955735311	-0.12841440232389267	-0.7634843807104729	0.2625554579444899	-1.1394394826093184	-1.2621251517446928	0.6433418711518276	-1.0463342193494836	0.7055956022386445	0.6270037468809991	-0.3195818423062294	0.4171102722600644	0.5534857917871008	0.7215826184085454	1.4354791808169818	-0.3899512511582199	-1.033895515491879	-0.1458545369443494	-1.901116608076073	-1.034856661607351	0.48626965177177056	-0.523547600111134	0.6169058022284932	0.46867155240051256	-0.38869476461397917	0.5871940289998399	0.19893410826194663	0.3501332337603305	0.7819044638053294	0.965523883503059	-0.23412744706923352	-0.0690886739633042	-0.12228182473293181	0.088595243736669	0.4574061100961595	0.24308789905583691	0.5881412236094138	-0.8633718228154776	0.07825466224244623	0.24032118641166383	-0.6337327729558033	0.22594120783607768	-0.15789015274172974	-0.27155321880050154	-0.9641060491139076	0.4685993030841176	0.2108001965378164	-1.0686480313722366	0.14689006040005642	1.0435961044837296	-0.24910393847417997	-0.25295502064821873	-1.714032182860055	0.7104455830103005	0.2491549826478439	-0.4217884063646358	-1.0466398369805971	1.9380313533391282	0.0436674340590483	0.7334666005098388	-0.18384028466553612	1.2366590787321066	-0.13214423389639998	-0.8276788138717549	1.2443667564886722	-0.8530472860831336	-0.3873461952733943	-0.037551495342240095	-0.0011353374003638557	-0.6092761509981311	-0.03438193160594016	-1.4622024739252786	0.05191271217428347	-0.5284925079152036	-0.6307130893694902	0.6840209599045817	-0.6137769350999641	-0.3045106721385043	-0.03665178105066284	-0.024220195419737873	-0.48290050244964483	-0.03120399288445323
DTXSID9045007	-1.618076032325284	-0.6405724557633201	-2.8289290159325313	-0.7265538862674206	1.4625666709130014	1.235447173190061	-1.9553226976800406	-2.594175232824684	-0.5013310113569324	0.9344523437189945	0.4910307080686975	4.7629207142941254	-2.208034152173671	-2.8613432439567714	1.1845284132790423	-0.3438163562324563	-0.6053011670019071	-0.1455698333060198	0.814941413331386	-1.2905758774547995	-0.461030711148688	0.007399528623375985	-0.1549026138747573	-0.5699467121604488	-0.3113920524895344	-0.3271137548725038	0.19893841731069897	-0.7512544620642265	0.2639638823885498	0.2918459632977376	-1.2034911656308231	-1.915914312434718	-0.7542951511893359	0.3828135541935711	-1.368331012166827	-0.5367592394291213	0.19803325375073152	0.3449402428354376	0.06398311062478272	-0.4820962202958333	0.3128878662641693	0.2693738162868557	0.0003501115012324016	-0.09868668929596704	0.3159375266539114	0.06835274560806226	0.17943189617258565	0.7964396258450153	-0.23743751432735258	0.3511983728092711	-0.1672601228173018	0.43197233925905776	-0.14285881876237397	0.13294165208584716	0.1452162841460508	-0.8133914440628466	0.19932116835227248	-0.07283190239137756	0.26119727220739025	-0.18396195130198262	0.5601348459308145	-0.07927536140395412	-0.4674116261528201	0.7989271117371664	0.004627338779911869	0.012946302478891026	0.6267616728031424	-1.0009908737859914	-0.07806454429753362	-1.000978585747462	-0.23435385892479305	-0.6590727540300649	-0.4072321195047455	-0.01208401901114446	-0.8678248169285254	0.5523461967187259	-1.2687652708614738	-1.6548682552181448	-0.6298468002474841	-1.0957194083825934	0.3643204696455089	0.08443009083774168	-1.120358019373561	0.5003439236289674	-0.08076419166196308	0.9668892526590677	1.0250909613939962	1.019461476622587	1.6555826561657563	1.220304092000457	0.12029231618089199	0.9783745906911344	0.07178000827160205	1.6551394831045336	-0.27070440918895605	-0.45669416426066467	-0.9317306697480153	-0.45327076302316993	0.12491121543859837	-0.7978990730128197
DTXSID8032675	1.9464883771092762	2.119001485201424	1.5716871254290496	-1.7661612134662446	-2.3054792134043818	1.1358934440261024	0.45362202107534005	2.7712694869007772	-1.7196762041325404	-0.007664979977131111	-1.5963405357976141	0.9963503105336858	-0.16613883519110895	0.07561535012762047	1.1186593715567	0.13671791488997348	1.4075526414629076	1.0255461106855992	-0.4221945873652428	-2.1463332474821524	0.2891828628973497	-1.1060402724916878	1.0298676478765625	-0.8237533616283874	0.9432077979539235	2.474330380300069	-0.5933945079623535	0.6420282031405872	-1.6919066622433299	1.2880503146486066	0.8735264750775912	-1.7899875978655568	-0.6003320808042262	0.6763505657345744	-0.36933192505610785	0.43840671690291283	0.3818282002002879	-1.6838139144024193	-0.85912970662096	-0.9098151685428433	-0.03317822095451815	-0.14806994160170595	1.4969860306468363	-0.07279068538915676	-0.5406862900958723	1.3299138448454122	0.2791312297379974	-0.021981655446788234	-0.33379613654820217	-0.33824105637741647	-0.368171655355921	-0.2600303530487	0.6918133478366432	-0.3237897081518707	0.3092246681655725	-0.8072878778819528	-0.3586255433684202	-0.5149798870881956	-0.7495578587887912	-0.3356063034849029	-0.07201423925388709	0.6603868023248644	0.3074787634977888	0.19297896018126642	-0.669156793704782	1.4650068735087345	-1.4053495621395204	-0.2794753456205676	-1.57019499542993	0.42481143853066333	-0.568757759495513	-2.071112945325654	-1.5682297710473772	-0.8382988129018292	-0.6070668150234344	-1.4526742060260405	-0.8488035440668369	0.1339135470303944	-0.5869719579302632	0.1888841004755789	-0.9065215465832206	0.12940563611142172	0.047186103965101894	-0.06097876463762673	0.4447448113278918	-0.27208487701820866	0.425506178332295	-0.3329165059616251	0.11384103448889446	0.09867273243198296	-0.8403953321649561	-1.18886874295901	-0.27427743746502753	-0.5321476203166537	-0.5031808732933535	0.8215429229631794	0.41585197800096235	0.11262840901660931	-0.22421509668830422	0.22454902900255697
DTXSID5045671	1.9521963225016965	2.6489431270344688	-1.133368574814277	2.1281496582298467	-2.4008208234066744	-2.293937515743824	1.1159741801181227	-0.7374164002981507	0.458980335246487	-1.1859150327186885	-0.08466064899096386	-0.37747498872287777	0.640529327928536	1.3039205943817604	0.8511206714810802	1.5379221391036484	0.15697646905635207	1.93292862196093	0.5374045013381216	-0.9306233963166262	-1.031491009702075	-0.7548205004907371	0.3588342828295268	0.8303309598272017	-0.044084093191504845	0.23509478818824667	1.5608924530078596	0.08500898452418298	0.754931889963061	0.15456660725776591	-0.32200823047619437	-2.196647974393622	-1.3639064293247267	-0.16545719656064145	0.8547453769999984	0.08301290247811244	0.6240003188031742	0.2514496493796876	-0.2956855261892105	-1.2718222570148774	0.07280580893092412	0.4245819248568205	0.22550907729296346	-0.1826320457371239	0.7962871709793208	-0.4324606350006175	0.060503102220234625	-0.4726143725967695	-0.07919924553291917	0.13176460216441546	0.227542234589404	-0.08467463372767292	0.590409730203178	-0.11100722606490408	-0.9685410673465381	-0.04982956198983984	0.2221396693193731	-0.18724648315582834	0.8753095545453901	1.561668535372282	-1.322694990253257	-0.5783788904373995	0.501873871628709	-0.7276444052162959	-0.343405521736713	0.8167332812316708	-0.23631124957957067	-0.7463813669535705	-0.7305896230153962	0.5999056631741223	-0.19258120678005794	-0.1920180491662258	1.1036255254444745	-0.9018264254774333	0.46222589601470826	0.5111846279094303	-0.5623597987951698	0.7548340359709275	0.6054213445369319	-0.020812351065593048	-0.7441713725621102	0.4374960524252151	0.7072489378110397	0.43817631776062205	-0.39897843578044423	-0.4978952247639152	-0.5566520753209381	-0.4387133630561188	0.14724610620224785	0.328753557968274	0.7361551701560134	1.1120134486558495	0.6904311397910099	0.1563633963028394	0.3156267395021891	-0.4567129126786426	0.189924524851196	-0.010889238963356342	0.0898183544743719	-0.11489320918643015
DTXSID7044429	-0.6818629174974349	1.342501519439444	-0.7044563776042226	-1.2172953725833493	2.6346829547285764	2.2260568017914903	-2.3359294091820093	3.689373951947872	-0.7155282138366221	-0.5061858331938246	0.6832762263348968	1.3171350170784086	-0.11093615456238111	-0.9395575075010479	-1.9006633965975048	-0.35507874487545027	-1.6050237478839162	-0.5187813919430861	-0.3827562311560976	0.21364947825313657	1.059539506150859	0.5325782208509322	-0.31262577029723165	-0.6614500264158999	1.2957834545215383	-0.2800030897263712	-1.183015918309227	0.23949090162856856	-0.29083377125171306	-0.30028924975224214	0.8612860789251394	0.5008212942275744	0.8172518286254222	-0.18123080832089802	1.9453005889724897	-0.06456151120968194	-0.6611285519355387	-0.6657542577242826	-0.09329924843683182	-0.16124019607053283	0.28668516423701107	-0.3533622399471548	0.20262730119792535	-0.29355064365138334	0.784277845613539	-0.00722256233560191	-0.856306510238312	-0.35889017644765986	0.07211560661387795	-0.5436645712063336	-0.047009536896714284	-0.7109460335910049	0.11198154559581229	-0.27522340595802147	0.03564012636341447	-0.032312452273805976	-0.42412899253364544	0.369751480441193	0.2000156162335115	-0.06600203788715352	-0.9331341228647807	0.2387010001869398	-0.7362874954080942	0.35841944803435666	0.41660775950400397	-0.13586688637592714	0.05361970297364797	1.1406401024127764	-0.22027081218530398	-1.2144937664860715	0.9721362333210468	0.15259305761844125	-0.018533724577363513	-0.04056031697603685	-0.4954593831279702	-0.9120393970986995	0.3131342227548687	1.954344088779047	0.3356760420544022	1.8844274648444963	-2.0558471356331944	-0.4910595637687557	0.6676210240717197	-1.2186737512953068	-0.24005237046792813	0.5589075350270003	0.42845639846283584	-1.7905666678443986	-0.27201404196360124	1.0031045249889965	1.155129799523662	-0.04755976634605513	0.5667580562793308	-0.4496206054299638	-0.2242164433103509	0.9111445901584012	-0.7777417815339864	-0.5552461298825869	0.5711069409463666	-0.08105094407049153
DTXSID3022956	-3.518260459979661	-2.893190414665066	-0.47760310363314734	-2.6639841124043664	-1.2985543736904888	0.22938920189334208	0.023524287473202503	1.5458545944017565	-2.270589407764384	0.801741574303221	-1.6757263971054188	-1.014383492058268	-1.9842153243792857	-0.9385298341926466	2.0306731626367456	1.2499593624926753	-1.374998280883105	-0.6727566496919071	-0.13084945520757485	-1.5842836313120252	-0.8452225362706627	0.4171631547628609	1.1041606682633904	-0.19336304013825753	0.04958675826260619	-2.2206231858088215	0.5387013365637072	0.4885928418778001	-0.37878171340700106	3.337941666339643	-0.02889671705988588	0.9566315790337843	-1.6667683938341329	-0.9088997414345023	0.6839581580732758	-0.7435948348904351	0.8160156043200651	0.909302871018676	-0.10614001690257349	0.8629367056292375	0.5678004770366771	-0.44405750213368683	-0.04219352579153624	-0.2851849102924161	0.22852268048115373	-0.02918125744926265	-0.38493130654787244	0.1622665992131664	0.24219830733075845	0.30951098380776454	0.14463677557096097	-0.26799579588267236	0.4417981168185348	-0.3468921207496164	-0.03918110149197683	-0.4150410938839364	-0.3281429501626173	0.08965089076518595	0.859301557826335	0.12303082452926883	0.2797823741708383	0.46318827968954246	-0.8109012095768995	0.00990515185704199	0.7625006523401541	-1.1719329529717757	0.03542533489593768	-0.5733152795579872	-2.418597416414612	0.8281808216366312	-0.05011011000482198	0.2271824834413179	2.096426363224843	0.6675109378008196	-0.10520017433008444	-1.883019174856447	1.1185370049402834	0.6178273219322987	0.46590190065852816	-0.8935797153428664	0.6886197583647338	0.9342545224505081	-0.1750977824595361	1.0335641428845457	0.6808873236658198	-0.019941720373147013	0.7683181093513468	0.3755956484808006	-0.9178887098582282	0.22090469205604243	-0.6639750297345053	0.2803255167374903	-0.03869694785533403	0.08430143287225608	-0.32849750676822215	-0.26713732964236314	-0.2426544834805492	-0.7195293770595194	0.42046462501176274	0.701824835426095
DTXSID1021374	-6.229279987780863	-1.4849257139692635	0.6731046366481366	-3.2617160748913556	-2.1747661164882204	3.540930527381373	-0.19864523326808517	2.3582814079962118	0.2453763408370256	0.5057192117603234	0.2574578236658968	-0.4880846992757761	0.3540974588107001	-1.886728609810438	-0.6427087888914331	0.5170176727425481	-1.0849285644177256	-0.38361386769446393	-0.3759794900655403	-0.06881103401655293	-0.11321207298906474	0.284838658871612	-0.4927449014794222	-0.9191008411801528	0.35450117484565885	-0.5759352241430613	-0.23967935751205516	0.31590175965510947	-0.20902103860446256	0.2006226594337696	-0.2707101391381884	0.4784792007852884	0.983751450781618	0.051462697800685776	0.4091085165629317	-0.13830626611606434	-0.27082274597767597	-0.6667235993057259	0.12768670650942923	-0.3138566755220759	0.0572709643125254	0.05589549278917704	-0.32630190687786054	-0.32338040032970244	-0.1034246959883763	0.0027635908975416636	-0.3408703212416716	0.08254535034262485	0.35087299472720995	-0.02328797772232619	0.055138192121656535	-0.13320468181940365	0.1423402914437952	0.029106468676500852	0.43660524313773524	0.2996737040373145	0.25578958354978887	0.42521505046673935	-0.012925749747483924	0.1993317954899376	-0.9526435732813003	0.048917515277306	-0.0008347399656763977	-0.27215819990035894	-0.23524068758305683	0.2040724609148211	0.12243640295028847	0.35623467852047436	-0.25045907409173784	0.5790028652890781	0.07772562143293231	0.5314396586572042	0.16361444732772903	-0.07676846047540105	-1.0700772202957523	-0.15850904126502796	-0.40673601277007104	0.0028228767482448513	-0.9153268733611724	0.3985774507296249	-0.265165738588648	-1.9483775336790268	-1.031288107126689	-0.96676254355823	0.11703674180245935	0.8774636141278334	-0.68842520341951	-0.4497372223169326	0.3185920833008108	-0.22483653012605026	0.15252545610556617	1.0086940285597594	0.9400268276791836	0.10256094753526272	0.5425568782177754	0.4745339973167663	1.1683396608465952	1.2729128572908126	-0.1996280382535426	-0.5751005057890258
DTXSID3024499	-5.065509974945932	0.5546116453553556	-2.3834495677950644	1.9195649608318157	-2.1295227904621927	0.2893766182499751	-2.9911366672576083	-2.722235375513462	-1.0786888723645849	1.9881663212647267	-3.462770217363014	-1.0117626845349654	3.299168647220971	1.2470859801861924	-0.6944091608335278	-1.470246502357186	-1.806814937289936	-0.5733032501692316	0.029331069705886344	1.256031242904768	0.19314075849593135	1.148199620305684	0.19014120345355162	-0.7513478608635916	0.5122974319869815	0.12300110745787728	-0.030942722584045658	-0.16674188978122043	-0.3549220079972189	0.13077421202432438	0.3823465467968878	0.32003583924356266	0.16009989594456417	-0.1095742658971774	-0.8414928415426617	-0.28971669473180095	-0.8441435317141363	-0.025783670423810634	-0.36742733099070574	0.29580466390178456	0.008098929832999743	0.07302775935281966	0.27214455032768753	0.41694286740002395	0.2654205784765333	-0.033629617892783376	0.40334110331975725	0.038468791731567434	-0.33339623636708154	0.13409694433747613	-0.24363701570213536	-0.3814741591053458	0.15806908522640692	0.17738788028119026	-0.246669767308073	0.20405912658103426	-0.024198172182297324	-0.13318758885095952	-0.7332105573090366	-0.3142390561922519	0.3221297841904079	-0.26062335758355387	0.18789881210152168	0.9481775241541157	0.17552393356069299	-0.7774083553647855	-0.06523147785326758	-0.3348657277122986	-0.42101789859942096	-0.40929487315976326	-0.15058166898070857	-0.29446558614123974	0.15913687539527718	-0.33219104162450286	-0.04231882366972516	-0.2443629843298884	-0.10281733266984669	-0.7912095261573294	-0.30898118995022356	-0.28395964155498765	0.18851324540006067	-0.6069894606602679	-0.0037299152015353733	-0.3425316966017953	0.41471604474051105	0.2962961487636366	0.059791280197881144	0.07470745134031469	-0.13398968525951155	-0.04323199608435113	-0.7510552152283956	-0.5586585321482304	-0.2742323501074946	-0.2992686421607555	-0.3248503982329352	-0.47433836151260783	0.23930746170380077	0.02172104973434298	0.17963746805146505	0.3143049156111172
DTXSID8041404	-3.994618020652819	0.9488326693080492	0.10697246886122021	1.1103870738532164	-2.3373777741087345	1.6613872542814367	-2.1314149299295426	-1.9700406395778203	-1.4517929489031047	-0.4744659144556115	-3.9347680352808125	-0.1614723094435046	4.40919072563406	-0.14056344716006336	0.6244334946471567	-0.8665655868705545	-0.8694404197274824	0.0557598541796334	-0.5091899880772899	0.008845058338556276	0.058797806306549516	0.1929200433149495	0.4304175684233224	-0.2660476798752383	1.1755555604033399	-0.38615145836471687	-0.5981399493868823	-1.0773668125693125	-0.3450018302433463	-0.22091725671364237	-1.128048967026219	0.6127748794068701	0.3711424131742996	0.390164295171097	0.7508855937940927	0.6933324081813453	-0.9419747733400718	0.5842585880038371	0.004645317434914792	0.15332993505152973	-0.5612135286201716	-0.2358248941511937	0.02744769789008098	-0.15786223438930275	-0.01732814081739328	0.12017957406530701	0.2211902259319194	-0.26286457661842333	-0.24099107702420025	0.2104781792301365	-0.026389745617868388	-0.32644765887041394	0.4019149981182322	-0.31696696657688134	0.027672446211488646	0.31791065961967346	-0.32373369805119895	-0.3112352500175451	0.06712535870414563	-0.29428496793461184	0.5687847848786799	0.18001927045511357	0.07230030428024507	0.41565901348909806	0.24259753102420026	-0.594534333295155	0.3158520507626533	0.7218478359647478	0.18799677318242095	-0.20079008812525176	0.16497669099767856	0.13218329124276174	-0.5130915466433991	0.5903149796789572	0.40746854323916093	-0.34618707561627593	0.40869622654363197	-0.6889169153854163	-0.08464967609668936	0.2667981447057824	-0.12646249861228168	0.8735310796496171	-0.4014321613138672	-0.20377698821382884	0.10702726531525095	-0.0631468307734876	0.16421281371818758	-0.08235674737999706	0.49835044925938954	0.07811350551247616	-0.2379661391749159	0.020451184519160018	-0.2660141003342664	-0.014403629369915377	-0.04767225674996535	-0.33046965025171454	0.14414902243171623	-0.13539263003494872	0.12975215240667182	-0.004558468642593888
DTXSID5048768	1.1155209597102538	-0.09835696739591966	-2.0768906441859185	4.158256375622125	1.3408080838983631	-2.9863463524202953	9.790582266751596	-0.49429130262070003	0.14604322174482678	-2.8718612803375723	1.0323569121113656	-1.2151719438830102	1.3125905389132206	-2.679724394820131	0.7298651029642016	1.6242989355069513	-5.77515707796708	0.7356019335832317	5.6224828620909415	1.4604451145482322	7.82288179125232	1.1789233784305881	1.4230076668321465	1.4974141864211286	-1.4182058368173023	2.029715541679879	-2.884219420400695	-1.8592784080169844	-2.2673045736246666	0.09654255168733185	0.35568430882495583	-0.3582302063718707	-1.2449302513001397	0.13340019276418363	-0.0647351453640803	1.062422658533064	2.0757802711271216	-0.8976860091049796	-1.0118050066072375	-0.6030645781953696	1.973185066307514	-0.9020320743135287	0.3489454366592285	0.42069328990590527	0.4234723391544555	-1.4052328518181914	0.046491971388911466	0.17066219828265733	0.059498872544968516	-0.34989315992492087	-0.2101341371529933	-0.2822378793182144	-0.6649166525830834	-0.5362734723407656	0.8027012567377529	-2.275124744730252	0.6789963587956587	-0.3635012204401486	0.8569653190796315	0.4696116449138827	-0.44549206580652795	1.5736951336668068	-1.7474593599215824	0.22046562264506264	-0.6293483343081638	-0.7516370715073085	1.0338376474293764	1.8000351947946875	0.10519399398885622	-1.1324187371966017	1.7736027729710597	0.6164346210699686	0.21644832525201935	-0.8413867164835235	-0.16049079879407052	0.27048552361073386	-0.0778025757554129	-0.2780772781369408	0.8344585064246905	1.4399581287826932	0.5240998773970754	1.0188134857272941	-0.8733979461099526	1.1425644845116458	0.6154860154323535	0.8210924519435142	-1.2211141736114834	-0.2679886000244526	0.45369188389205894	0.2605034450085108	-0.7195760043838948	0.2547146146508749	-0.19469634959865198	0.6665301885202115	-0.42566024464370966	0.7870764291312362	0.8951123678286708	0.5890984315877738	-0.515080385849123	0.46439651277118965
DTXSID1048170	7.703724179081619	6.619423028973425	-1.1251660898159772	2.2526304503922217	-0.9340639069527394	-1.3983412639782247	1.6722316728224533	-0.5910426657344239	-2.8461437334923403	-2.9883064582356327	2.7983444673738003	-1.0656070714836952	0.8401535870388095	0.20855588330773633	0.576543519431741	-1.508683989797346	1.417183944872415	-0.08699477723962992	0.27167225466041434	0.008009248170649248	-2.177962016470142	-1.50634327153933	1.7099516925635434	-0.6262851992557827	0.7241201475916261	1.80801389358743	-0.5784651203876313	3.909306040478916	0.194259838388181	-0.017028286505404753	-0.3798595563949568	-1.8475979830133493	-0.7055954078711079	4.947121610287932	-0.7650555539231886	1.5034987738246248	5.040138362886127	2.4976891349014436	3.2753371581849358	-0.11402412028487713	-2.3192119463548133	1.143986832595312	0.8718259955660281	-2.660091601474637	2.010295925705639	0.15649624115977606	-0.6755337399650377	-1.1123516852491337	-0.41604785683607254	-0.13672282968035115	0.31505043519943216	-0.7737603925476595	0.9857279157345512	-0.4852409984008798	2.559026709108833	1.0758104706614329	3.94672663153689	0.5751990056302373	2.114128962358977	-0.5755170891645649	0.21484831800197865	0.0555517133311265	-1.3504766773715566	0.3182625705774569	-3.278887906031214	-2.2252851249525616	-1.942209410897708	-0.3029139041944798	-1.3667729634221388	0.16534956370279805	1.8860086475642615	0.09587197431373909	0.9664125360516794	1.3464268189826747	0.6228095151321025	0.9055905867936146	-0.26345395981770586	-0.20767210734861508	-0.32077255149587136	-0.2186712745303736	0.6358222250119429	-1.4858774701474406	1.6939341268898238	0.45541141777693145	0.005219859740460623	-0.30107686408511203	0.42261574393478907	0.4353257357105765	-1.2700143086321354	-0.10709023298613465	-0.8083295150633173	-0.35565192863733563	0.6466885983648365	-0.08225529326978438	-1.301176489884077	-0.08275818432035809	0.2119959734721211	-0.12422456432923486	-0.6990686096383357	0.5189431448582001
DTXSID6020804	1.8219540693753449	0.9532211895703427	-1.5674452185893972	-0.827859510926615	-0.530163855181991	0.2994107404213469	-0.592015129770574	3.1236522451692945	-2.329551319258202	2.6138916669694026	3.0951984329211566	-0.6457393783809792	1.1576323443999157	1.8630505115183131	1.8104650022060231	-1.2487732774379927	-0.5704910998647647	0.5978390892980684	-0.09245591966862217	-0.8149614206515344	-0.8176825988171519	0.11910515860512447	1.352188862797075	-0.332505315776065	0.4325424507332788	1.8960626929670636	0.39422471463069997	0.21500234000114285	-0.3698814336641746	-0.4016258401087074	-0.8699437423204762	0.5059293204851236	-0.09587679467370032	0.2119501770407504	1.127565869683474	-0.3013760684822699	0.8007782044879596	-0.4665907760836286	0.27455945215631195	0.8200838455669165	0.1236831220668868	-0.5938520073836803	0.023079857270791253	0.6049317372823103	-0.3233937342903139	-0.2775867011658745	0.6354692930395811	-0.17593442821491817	0.11312345532957892	-0.20679663014391308	0.13736235746532235	0.06237758776941969	0.7526979134382756	-0.4481533907405789	0.2008816283154014	-0.9207566780118395	0.06936619771653779	-0.5801112618531493	0.06677616695407196	-0.5914075448801106	-0.2070662847910887	-0.27328584685968704	-0.48950908042925717	0.8411242174256465	-0.08754240620630696	0.1409202649510361	0.610383574233972	0.11138560694066858	-0.7196298922573243	-0.09312233216172067	-0.2089162900572266	-0.16118411027369223	-0.04205882220983927	-0.9845435702961041	-0.11927020347996165	1.9659539969042656	-0.1680466766784017	0.2817131195329458	1.192625997974951	-0.6986511883956616	0.16325043121362987	-0.304797877865159	0.6444268885362535	-0.14351156664916326	-0.14202236256647457	-0.7958700548421623	-0.0352794750245335	0.633059144441466	-0.5517297168881429	0.21485687121729125	0.23871608552575138	0.37730239484288586	-0.2003175893751353	0.7829475527745098	0.3136124960304268	-0.05994235842492697	-0.029699354383884796	-0.15977111720672346	0.46289683360155387	-0.056940603005513166
DTXSID7029665	-3.588697194938979	-0.1458176115464363	-0.36423403170671276	1.3329315954118257	-2.1249573718662327	-0.3312787510835551	-1.5834026967720922	-0.8487717752048534	0.6210552106502548	-0.9484865364999704	-0.4321800747148524	-0.3219719335495	-0.1036303338536751	0.7019566399731527	0.4112231365105157	0.5127112594321144	0.9864010863355887	1.0118855311392423	0.489135210517483	-0.8383676588720614	-0.3054424590097154	-0.6283573413019858	0.3804855991247458	1.0236046987836862	-0.7236376249654505	0.4363377661705694	1.110292327407602	-0.10977039181999101	0.22064360267429634	0.07488303897548766	-0.3988055962505806	-1.029337966465612	-0.6901615514419503	-0.1677336290441073	0.7569344490655856	0.08252157859012722	0.21366713868312692	0.15007887484128227	-0.30287890697599673	-0.722012816815252	-0.012911077041314663	0.38349674713610055	0.2747542223876762	-0.08043754473071085	0.32559793605085074	-0.4338882333347295	0.12871411517211245	-0.6883581657934834	-0.15928435864778945	-0.07589410018578348	0.17277460538479492	-0.17698804712951127	0.4715222317924206	-0.2371772439094568	-0.7617810429041136	0.08048347895703264	0.192432665501101	-0.19884998763604267	0.6281900122925502	0.8969478098010898	-0.617645368079443	-0.3203622449454826	0.3270695470547501	-0.5745281445034252	-0.08355703078933079	0.9510319045756533	-0.12995941088202786	-0.2231904932683686	-0.22681115350013498	0.035131806861015226	0.21823986105080234	-0.23263404364910759	0.6044869920877786	-0.463134866168395	-0.1500078157291582	-0.06822468024747058	-0.5014616287180922	0.509935786540966	-0.05340673772544357	0.18275629088430437	-0.23862599747506266	0.4674438241942906	0.14454060990554293	0.37975148212738236	-0.07391890925873099	0.10439572703744361	0.06900366544399446	-0.5059584290607783	0.08512064346176504	-0.2197104062369446	0.005048349399752882	-0.2625907229807498	-0.09477775751163667	0.050342126757265335	0.021475822756337984	-0.32998646223579	0.18535662162882557	-0.043654363353610025	0.3329372731738797	0.11810603005425938
DTXSID9048803	5.1650828890971345	1.0943794624906518	-2.1165812898154974	5.322956956593226	1.0737400998539188	-1.8236640162529107	6.685755942370321	0.8456072419585525	2.0472985735520997	-3.293350083953062	0.5733501661380439	-2.181621147779932	0.5950129942758603	-2.3221683504681128	0.5072952588911473	0.5182034822682108	-2.6578514694718147	0.2761101183907057	3.8178019588432908	1.173190224920441	3.4294078132744668	1.3696010120395468	0.3823030053311709	1.3497394524343638	-0.474387216460422	0.9878592816080659	-0.7685011403090392	-0.9480514506653615	-0.40470426060790105	1.774042709959426	-0.980233185133046	-0.978304867730561	-1.5442955227979833	-1.3342961319581093	0.02051999776381075	1.9810243277442914	-0.45012694487201915	-1.1374900512982329	0.07433532357633202	-0.43975941495750936	-0.1355885271120679	-0.6591495845435044	-1.1629151348469664	0.30463191979052395	1.1487902504666503	-1.1239642529831153	1.4258284491197424	0.893108633998255	0.14051308890868966	0.3807727715758274	-0.33989403952646796	-0.04354154095989455	-0.5844995212708538	-0.0018367714141204053	0.39638572480489376	-1.0459568178655054	-1.4431429791570987	0.9540830553946476	-0.2453480612029	1.394510122149662	-0.9137667142990399	0.3270509752744761	0.17673518106190386	0.21457987901306042	-0.6258355611474894	-1.9388762935656514	0.7219242766073816	-1.3934604243699151	-0.441497516917956	0.3165886649680116	0.8702717052464537	0.7610072649014635	0.10635742270717281	-3.3992943920791587	0.6791600096735965	0.17931623536329383	-0.11615824208468961	-1.2607407305780005	-1.356207747270586	-0.6754950859372031	0.04028422477530764	-0.427529878012104	-0.930802038300073	1.4982969168417823	0.20482954317709953	-2.7631636405206836	0.23183685616452307	-2.268551296576149	0.10991333657460892	-1.0543428546838007	1.5432250676506671	0.9747390208523489	1.9082112987511886	0.7242730583718073	1.612331482312573	0.5306631348116749	-0.7488196776815619	-0.8725372845670222	0.4507334925056439	0.06031749241389452
DTXSID6025569	-4.39810644199128	0.07554479179450264	-0.48776609956907013	2.152803369972192	1.8351420030119903	-0.6874690793300955	-1.3627615868079126	0.41108307686996576	1.6067118184642946	1.4518434516569534	-0.7850893045604712	-1.0219472800276042	-0.14928866904475455	0.24359997501697506	-0.8075253564948235	-1.3073863493901836	0.7119960703418692	-0.20713799674293484	-0.2913995053370207	-0.11040572566839417	-0.99414729656021	-0.4027369944893447	0.853397911041789	0.9212905587173787	-1.2643443966193464	-0.11494059942614866	-0.8312430239745935	-1.611325834702122	-0.7613349891029331	-0.4053832744667219	-0.49121973215928066	-0.03793565307150845	-2.133545612996653	2.7020212855480645	1.180177855658476	-1.017630196236636	-1.8707925482681047	-0.5006662398558392	1.5687398583922696	-0.363409229702666	1.3949240606831312	-1.1790411406196775	-1.7381410824360424	0.9456775477534003	-1.3968386383145002	-0.13371468344350373	-0.755098229856793	0.5921264683223091	0.28098985081446504	1.2311166373188205	0.6902563176511918	0.9387620874275036	0.37228755621048965	0.4662591681008839	0.6043128949209248	0.41698527830537596	-0.2038030032115657	0.9428059396040612	1.1741787128203744	-0.8864078056811142	0.23197534106905032	2.111548804879515	0.9060523882380469	0.078871530431888	-1.087894685575867	0.76084390791676	-1.0424828128606018	-0.10862105510010969	-0.8526844546223847	0.1944793481851279	-0.5385313232417652	1.392627350161648	-0.8253700514517105	0.43326441401681615	0.543688404608115	0.5241655471692213	0.9765377470020391	0.039224960828884624	0.05075405569190186	0.6843679903928669	0.0595941598533513	0.39465622125712363	-0.638307604842763	-1.109310407865399	0.5566762022594464	-0.3543887307065128	1.1224363251378897	-0.00959386744096159	-0.4032456427766028	0.22726555162056755	-0.0313608967391852	-0.20057687972062488	-0.3798132598857499	0.009283712663566254	0.0575127393087587	-0.3214282084080764	-0.0078342037034591	-0.019974221452366832	0.05013642277570112	-0.03245143200133767
DTXSID8045434	-0.04962142741826495	-2.512274118971915	-4.529966944371525	1.603252401664981	3.4022471024591145	-2.0824198074042615	3.7001518234382766	-0.8749235037619383	-0.9546744064220793	-1.5555954512290702	-0.41606899676400716	1.8718736668863591	0.5427829924167741	-0.8288104755433029	-0.06727161806964292	0.057061359940892085	-0.10659667654831143	0.13089676199952646	-1.0035027613647276	-0.8403400953915998	-1.1774533947300954	-0.7435215114201394	0.4035208889063482	0.4212894006430863	-1.2927309189141252	-0.5070116150344857	0.6087271963791294	0.3394901801238805	0.10172152749962664	0.04958563066759256	-0.7825612632579466	0.8330996504871077	-0.04113904456531079	-0.3657083800978344	0.557239052436658	-0.3921421109362331	-0.859221649665404	0.23685671566363561	0.6935472033320038	-0.8899754895062314	-1.0062075269713167	-0.031231407129516074	-0.3398478241900206	-0.22384294659112033	0.5078704391354689	0.17379724320147444	0.8870830791671788	0.15256253219814048	-0.34574623186606696	0.11471261186667196	-0.35806276751456273	0.5814690177538135	-0.45732196581709317	0.03708762633197173	-0.0678656447937959	0.03415718756019622	-0.6369822822587252	0.6572117825791761	-1.027392698840041	1.0678927827552782	0.08997197528834716	-0.15949515417022905	-0.4343109109956129	0.7563869357210685	0.007550869584615486	0.24290344127020666	0.49539449554636295	-1.2636066534877046	0.061584465292361536	-0.9169854387579716	0.030100816990809506	-1.0056885194787684	0.44467020952764397	-0.8778686612160148	-1.0586715063031569	-0.3481896570762177	-0.39158358973696966	1.0139538756629554	0.3024639137462809	-0.01781952415256269	-0.2215957562191103	0.05900522080252487	0.32417334587586816	-0.14277521495525464	-0.4821538746581248	-0.2004901038368172	0.4087276618004865	0.12772336896343062	-1.6404447360297219	-0.8275592997475155	0.43147727096313937	-0.433686399422834	1.5692668306024438	-0.7220268627807774	0.31377996221215154	0.9326525932073311	-0.027578312641037824	-0.4090890852545757	0.9170166643485657	-0.4939499024070975
DTXSID8046876	34.58794414790639	-5.309404261628362	-0.41315747433173733	-0.31092953999971185	1.0322365097643467	-4.490876532740049	-3.44529124254886	2.9956072485025134	-0.19883711441907978	-7.567398388164603	0.5117748718932258	2.406501689116865	-3.289137100984473	4.741338856564679	-4.4978697676863195	-2.398769052158248	0.9696900055395302	-4.423404264988692	2.1010967570101164	-0.9962522977647053	0.8248221897852095	0.9977352100886588	2.2189196370541104	-0.7703148009264954	2.172662467062849	-2.4869276904734843	-2.679981663691236	0.7621744958369656	-0.9404164558316411	0.6724435237230694	-3.3144567062779897	-0.8758036479580457	3.0208306731623256	-1.1267582607593063	-1.7611381277342892	-0.511551616949105	-1.444778537125043	-2.952790463209305	-0.5647762011843108	1.610364349052735	0.6800563739698906	-0.5007386409326531	-1.6781267365192583	1.5151527875678934	-1.2430460950842148	-1.8536044988708713	0.2030324405329699	-1.4348410231953022	-0.2980876441641999	-0.6207964375209022	0.38007277607223655	-2.194583463194738	0.6736392027123894	-0.6252620146753358	1.0408542236445582	-1.3177661826515097	-1.1081728702121376	0.4350675570567444	1.6599908610591543	-2.697324973309885	0.1120154054369501	1.5431932161108575	0.2319732341127567	-1.3200107392419125	-1.1380194450120453	-2.764179371771887	-0.17808855572688967	-2.3579307333277364	2.0445996915229983	1.1874440549837153	-1.8309989742357136	-0.2611285882736145	0.8101413621709355	0.6476688972273351	1.516031027246365	-0.9229221788510878	-0.2314628164760191	-3.192115369844105	0.39244036846504654	-1.1181106200672177	-1.061526512079076	1.1087955995182481	1.9182997466624172	-0.8638173462740989	0.009629364812118837	-0.595072154382136	1.542764426649438	-1.0157626861882074	-0.8099787146044862	-0.7287842098140624	-0.589311522411289	-0.4343580576144994	4.61494537786885	-0.08550440964768834	-0.7119120868650128	-0.9144561493854845	-2.860062361394601	-1.5462723503395153	-2.459865367721951	0.06911448382329062
DTXSID8052724	-1.660248067152574	1.9436612688290087	-1.6214736841706023	2.108245719010039	-1.494600212942253	1.7678187306847932	-1.0924025435610067	-2.258914896084183	-2.2638408496190747	-1.8352984352542585	-3.6443846767422436	-0.40372124078201777	3.975648398531512	-0.3382462096855247	0.21909261803962754	-1.4015190917754123	-0.990250336181778	-0.3765933870228422	-0.6444736654774912	0.1199868088570039	0.2345265856575697	0.06382763497115788	1.1158979554169068	-0.02324265167859145	0.5151385915226763	-0.12351333149458023	-0.2534601275166626	-0.027401086422851613	-0.1438915487358631	-0.3229959661868636	0.2007894742703659	0.10601244261305966	0.20983128918618305	0.049286699303306335	-0.2645788334963467	-0.1637094657796928	-0.6200241442736857	0.8782521574848458	0.36512130429412587	0.11668353459887905	-0.3434984913453141	0.3052612345494713	-0.1645663983823744	0.3401373692944259	-0.06062887406364536	0.4587720598544274	0.37934452119550316	-0.025171586642074195	0.008281902920468558	0.1731001376531238	0.17521488135065819	-0.08043587734077233	0.18505400807511974	0.22614625335786898	-0.06606905569099136	-0.2037253301968379	0.42278378269686046	-0.21021636198070043	-0.2080285819278909	-0.25455261189277917	0.6727386587719084	0.12377114309859691	-0.3400100526043302	0.04404698769330995	0.02347007273734805	-1.0584570333919658	0.22911002051741036	-0.21827568860556623	0.02413177821591787	0.3225190723556641	0.15386335546207208	0.004523266039048797	-0.16639135656443785	0.163124490469913	0.07627044063514438	0.0025376924410214162	0.2152907034665142	-0.42640386685362125	0.43709134556568424	-0.11189980194962272	-0.2027697930643781	0.7560134906079403	-0.04154321371122554	-0.6823255080304081	-0.2179731698539534	-0.5203303446407115	-0.2700738772499079	-0.5689031746433594	-0.09344329591771591	0.3846733433613448	0.4206921141814774	0.3247870842628378	-0.6037538321524544	0.9628846006489145	-0.12181042674985301	0.20056769840545496	0.3423870013633965	0.12225208860701947	0.47084118044408796	-0.16910550567509125
DTXSID5051444	2.506320526564409	7.877038541462862	-0.593012379342678	2.3143388480402765	-4.349739243907348	0.015268679270362639	-6.086035588810902	-5.064729670692355	-0.6625421134396575	-1.571352524637039	-5.834731657559329	-1.1393192032084998	7.275223221873127	-0.7495565202950061	0.560450046403612	0.12423384395360519	-2.916355447653642	0.16403805607446348	-1.173119997948699	0.635842653017267	0.26123569592980617	1.527371023349822	0.293023017976633	-1.2416222704083195	1.5851184200383537	1.1409235917325375	0.06695078474481989	-0.36043665463788477	-0.33042557277424434	-0.867235237259537	-1.2348717972528092	0.09936178185920633	-1.2380319420710328	0.5786946225261747	-0.4546398935403079	-0.44997110029307097	-1.7885112400927792	-0.09607163330378177	-0.8445461073386535	0.0644034381787465	0.43525104055065233	0.3797489459054844	0.3027302548393206	0.5144432062119298	0.008255940970751717	-0.3030236618905249	-0.151553248675494	-0.5670474173881289	-0.4934579932130951	0.31831436091352294	-0.14634486829911775	-0.6572101652418222	0.5953392108056982	0.03670247770679308	-0.33599263546971775	-0.08917914958649714	0.3100497631510471	0.2625247998691541	-0.49850964703809625	-0.48738898439759853	-0.005600456466466546	0.38815093084956387	-0.3936294390252553	1.5314091408954287	0.35983730650039475	-0.9226709470924528	0.020253446830515404	-0.40092711989672525	0.4417735545503926	-1.428382375890096	-0.4830930231035902	-1.2163540110508604	1.0774650713563694	0.18665266826752652	-0.1994780119258754	0.3862554748399821	1.2646911497111268	-0.570699061148734	-0.29965806181329846	-0.0023744278307638476	-0.0896862536279076	-1.1375010705939061	0.14825681736601276	0.06924575497025434	0.5140023055303717	0.727732823217187	0.05256255602170106	0.434309176746709	-0.3820297839890801	-0.68018674913973	-1.089233863246564	-0.6628717112470827	0.5511687139194855	-0.08965566363665825	0.13691261827754475	-0.4570074735272444	0.504015157197853	0.04495381751191324	0.11815532995671096	0.5570928745059528
DTXSID8047183	6.432580468115495	-2.920063211239232	1.0051744663726263	-4.980033823893931	-0.9987226223561223	-6.112332432351565	-0.8285534555297936	0.9286277205422244	-2.267853723322772	1.8375779376891912	3.334692977857184	0.9642743438415788	3.390908922725347	-0.5059932583014282	-0.43868544407266913	0.2650767290918483	-1.2392577779930687	0.7679779043927086	-0.7540574531080357	-0.009303950938320609	-0.5349534800214331	0.23556659787913325	-0.6220530354272843	0.3286943892925702	-1.2860401883541663	1.482193499200733	0.8840448135514579	0.35838383546696	0.5441235859403628	-0.24683590527235375	1.3935101373710947	-0.20275573534821723	-0.9937655985042098	-0.8871680481899996	0.543647661378112	0.37730096746330105	0.29751247711838485	0.9241992373567671	0.8021311776737577	0.6841121201121924	-0.2608598166353914	0.22073391623171804	-0.38291890980822113	0.6859476894130728	-0.03993939120719157	0.21117271850107316	0.6463421538420562	-0.4036545322989473	0.1796160509629011	0.057170247130003404	0.07793203047693668	0.11232862452523301	-0.06879941071973618	-0.11278602531623923	-0.05230515554276901	-0.424650814638732	-0.10239582456417701	-0.6732182092832361	-0.566629314757494	0.24068826931271572	-0.1370576140473875	-0.7995106253100032	-0.0504135775845701	0.40673370434026646	-0.3843957289295177	-0.18562055433886407	0.2378790029496314	0.5856350361742549	-0.3989357347291652	0.4231315605246572	-0.12299506452885982	0.1467042538123769	-0.48797235461012	-0.2514978859259533	1.3898883302153273	0.8380150434855831	-0.11383036823985895	0.6117592086146902	0.0023398523644322755	0.5664950757441013	0.18271706381467287	0.9391047427362927	-0.5579498151777033	-0.1862710028217315	0.1789353896757137	0.03070677639596644	0.1053867868244675	0.3728651103248999	-0.6700030074139137	0.16147105872211362	0.04175035957432896	0.6027196224202953	0.9792061219220692	0.04044377791882045	0.2185420990981653	-0.9885549587382043	-0.23080192698888094	-0.08722559021864904	-0.005065641165049918	0.2238203137131938
DTXSID9022736	-2.356231411903322	-1.0484616625360035	-1.4412360618710882	0.907098722879944	1.2277813883518252	-0.09156339164264135	3.9689468911185912	0.08919736234432718	-1.9611232849287656	-2.783556340649953	-0.5607483323828116	-0.028721159628808016	-0.14099584483091376	1.4014425129420338	-0.33637594640307494	-0.709237356814995	0.5156977612096054	0.14834983655861692	-1.069857651049148	-0.11218524564843307	-0.801438495504521	-0.722103742957146	-0.24593507724309807	0.5782248870691986	-0.044257300029686766	-0.9346180445145901	-0.08310177622189925	-0.6068229460492223	-0.09327173390551703	0.4260214618111035	-0.5431534263996263	1.0687118970048364	0.12245895495695758	-0.2229906942589116	0.2848955733592534	0.30417281280179564	-0.7425248457827388	0.21866560435297466	0.4974732475028246	-0.11620555613435096	-1.3873472669045763	-0.6221771873084262	-0.6497411657791916	0.09104817307860584	-0.28723341896643534	0.233889655441831	1.3511298070167554	0.45740479788672395	-0.46603626041571106	0.09866594526189021	-0.4625331031202484	0.3281572332015887	-0.5925596453450002	-0.2266252003460756	0.2212896855622105	-0.0935415226036075	-1.4209489935490371	0.5084110860745424	-1.319523984018192	0.06373211436029769	0.4430747059861963	-0.024606556916767924	0.2670483791837507	0.9817478171937664	-0.10918699764421978	-0.5629758469774054	0.21250693628282044	-0.9999353837900516	-1.6486837343015799	-0.5586423481494577	-0.22088454989752812	-0.4196647373316485	0.2042482706382583	-0.9479785960089087	0.24147268689732682	0.060648428591514744	-0.15921944911524588	-0.48434706920524423	0.10546861356702975	-0.27684497565520294	-0.1731425862219952	-0.7342016691846625	0.09762449015964332	-0.696849324843866	-0.4011232742053475	0.4991638608180959	0.38078956838336603	-0.6788518444360282	0.09568175636760687	-0.3041550664858151	0.5774465566379811	-0.4206260710109433	0.5138992064403484	0.19291771750223394	-0.05138248139806724	0.3678847502342087	-0.6209639913816505	-0.6158630688783079	0.23142961156738687	-0.40760798926146724
DTXSID4047127	-1.689077668945348	-2.324868053640569	5.108334788831	0.9328056468982524	1.4256902949654275	0.6722385155242077	0.027146858555434188	-0.5595690519469347	-0.0055238445332989805	0.3707910163976122	-0.28469567440504495	-0.20084236126530913	-0.10904719778769656	0.2960996555818847	-0.1927724848223346	0.48159822393355745	-0.590153250822074	0.39882202185110005	-0.8213400842305809	0.36392444517173844	0.07805028055392482	-0.01691907967871215	0.24286145375985596	-0.6439811222839069	0.7744503336037928	0.6370117336071105	0.48809406734667354	-0.885290882980213	0.05578431325217731	0.2572561519746477	0.45295073497105004	0.3353500513242304	0.0390088542094792	-0.051164380415196206	0.6803814523285957	0.6166090794644978	0.3116078089150965	0.4423538784563626	0.14810746423181437	0.18406802311090775	0.29983546143999057	-0.15718465798360456	-0.42322262669169186	-1.447525760118624	-0.1977942110816041	0.2653768803984987	-0.5261710288003282	0.931083586193273	-0.007250370493915048	0.17194621417211645	-0.06044820617368336	0.47907409005942875	-0.12018645239052346	0.12639867288611123	0.40106950244389467	-0.40227154665522075	0.7845643420966438	0.18263054758247102	0.03217722430029453	0.14185410750632624	-0.16757958636955175	-0.4259931989289205	-0.23475328486987868	-0.9446408596068707	0.07517867054124153	0.3154676818312866	0.6242240850530967	-0.3428315155983558	-0.22213362721250765	-0.11724722186453412	0.013547978060826468	-0.1182313582001104	-0.03959351946324071	-0.05675151026685137	-0.6660489197992512	0.34738202684863445	0.1394125594434144	-0.37457364318974934	0.0662132374204567	-0.5278610329180518	-1.1689384563580631	-0.4940175419198735	-0.03588039105496079	0.11735049041281052	0.17623762503472865	-0.19591243980109868	-0.5228841571642077	0.24121176721518972	-0.38447455192237623	0.023127595886305186	-0.3412369313896472	0.4485051312880519	0.06323005005638517	0.8853268375161635	-0.39992062004507845	0.08777458996044096	0.12520256026009371	-0.21251094509350205	-0.44970833787168746	0.21869572461569325
DTXSID1046849	5.7418653353493685	1.5555583357062779	-2.528033232800076	1.1670765605124123	0.41119996348436433	-0.7737734876856796	5.141588327619555	4.740403519457233	-2.2203449873889127	1.9088722604821038	-1.2821338775956146	0.036057615642323564	1.291567668041835	-0.013998390494415877	0.318085360664664	-1.995612707222178	-0.44379559985600375	-0.22265693073106846	-1.6730385130351575	-1.1638121075703198	-1.9882394426202654	-2.734526245646335	4.084545147453435	-1.273791211338045	-1.8038372676531393	5.362916541801652	-1.5096648571945144	5.913606465214751	-1.5282527257240361	-1.6554707115453393	-0.488018338007024	-5.192970092934543	-0.21428296384608247	3.9349897120228094	0.19763128829646767	4.054302573789649	2.476289696426939	4.059243151775671	2.323497257307667	-6.763227697145217	6.033937101294559	-5.445413713794196	-4.393594908756696	4.40641669821302	-2.7482370621365817	2.529886531881399	-1.9206214799657486	0.29356213533811315	-2.9333113708505554	-2.842020599887568	-0.9627915040487087	-2.837288329631582	-3.119331188619887	4.146856128219838	6.596364182457816	3.976828554312997	0.7184650393785592	0.00031400843913352507	2.233756025438737	-2.00959343475188	-2.0304938832747985	0.20704330690809128	1.2869089163077316	1.3263679021958172	4.599846487464068	1.442934083058133	-4.1109929868784825	-4.130820850100159	-0.9632295700325254	1.3628995807282804	-1.492395979774312	0.32065491170403165	-1.5054798537968168	1.7700506844313875	-0.22857894248513067	-0.8473101612543966	2.4362378141873946	0.4124418579886786	-1.8100875447188798	2.833502586281432	-0.4938899651688646	-0.532329432215046	1.3102718523719514	0.33799777188358116	0.20662818726672325	-1.3613983191263057	0.3619305479110429	-0.917212774337078	-1.1769118387482633	0.4366466607954907	0.4190236059083349	-0.0002018850809350235	-0.3982950996842946	-0.0943460643125488	-0.5874302744847397	0.18779933472117788	-0.8657573804295778	-0.41435615938357157	-0.7885461986404018	-0.6027957652940973
DTXSID7023568	17.617618573872768	-2.228474172608118	-1.7178579370326503	5.1391410124637265	4.109315952420207	-0.8552217850224485	-2.4829944566525164	-1.145396450476288	-0.49793571650871693	-1.1208649101196038	-2.731552635267395	0.7928081026493002	4.295857028569696	0.4978479402800301	1.3100069335862263	2.8760248393478722	-5.886719314468714	0.5951904770352703	-4.828905661936199	3.333480051947594	2.253949992362309	-0.14278264328632922	1.9322009710788197	-0.6306735163340673	-2.10138177072015	1.624266161534981	0.8807714711056477	0.4627287789709259	-2.0977532464297597	-1.0619988024572569	-0.40138833477470715	0.5844563274967662	0.045639347985776776	1.0058429240202165	1.330952322579879	-0.957175983940357	-1.2620923469593992	0.745653824421433	-0.6719267411340216	-0.291324555890909	0.945769941275105	1.2053441056324066	0.02503781843544888	-2.0431122704936717	1.0463886504236182	0.3734222971887052	-0.2975004010694813	0.2264472255355813	-0.773303000282618	-0.06404400124286327	-0.22433405716035987	0.24620953036721863	0.05157111499765511	0.35733466798370717	-0.19580022997092375	-0.12839148535182016	1.3973835592454844	1.6154347629518815	-0.9942403592168215	-0.13848415378255483	0.404970762035836	-0.5408567575257386	-1.7454399223872405	-1.017375874343156	0.5255495525595962	1.0422097761238127	0.5724309204497835	-0.47793451533531356	0.6811301750790735	-2.4991967587942225	-0.33106904706657875	0.7559140210069172	-1.525266708757168	-0.718160686639756	0.18823832845706145	-2.4609768325142882	-1.6443967444430065	-0.2771472382497812	1.67776130605752	0.27900193314423205	-1.447363375233302	2.074193034602073	-0.15668778839327233	0.8312251777018825	0.22338655047570627	3.7436603654714458	-0.4988489147780801	0.237280167531618	-0.8110916066071335	0.5263580693062061	-2.0374538864699727	0.011936272478643874	-0.5495735046291009	-1.947424367334482	-0.10316161095052657	0.6054053566163061	-0.5304068558200662	-0.5166921806712765	-0.12914331679117855	-0.3306679335885577
DTXSID3046580	-0.01953909594902756	1.0552575998654112	1.2844623666913066	0.09643149787619466	0.2148803705645695	-1.5711528706342008	-0.5460070481184383	0.5313043337509743	0.17421272154109915	-0.5481606726221518	-0.034589591233769604	0.31949635758736145	-1.1085942848691064	2.845616762464164	0.9980369826704568	0.23715174242032008	-0.39200372147880547	0.2269081778739015	-0.005979180911216469	-0.9517763216103226	0.047390627590786584	-0.36697162552332213	0.02669378037865242	-0.11011121075457256	0.20398608369740479	-0.1901539292442596	-0.5855210735063182	-0.03395074162126104	-0.06661952078615943	-0.22364520255840664	-0.3900529694554932	0.00947650275849593	-0.20215444870228266	-0.6685388900272454	-0.38945849074607564	0.6293637981740582	-0.4488479790782834	-0.018409241078497382	-0.21026835449764478	0.2367308820062805	-0.025663551540606806	-0.020619843550901323	-0.2050807776635574	0.16696816207996737	-0.04114311294022862	-0.028193685438392783	0.3276006588728561	0.3296697802424153	-0.10311985530529318	0.03309416296923378	-0.07443683289589134	0.06732646524832661	0.39976712194852787	-0.3110263769400032	0.0886402988439495	-0.4854994917869817	-0.3574796504522561	0.028854462730613505	-0.011832486832982417	0.11934523879852399	0.08938999395437613	-0.2515122886360396	-0.06401696374303598	0.5182809053877885	0.0072232329584652095	-0.9264073761392176	0.39931204947249727	-0.2311803033180803	-0.06101680168094842	0.49332947996766646	-0.34548081411657017	-0.06873110532905265	0.16550515799557455	0.35011459158415564	-0.4633901075001927	1.04558590648857	-0.045020114865700005	0.43164999691557093	-0.2522992406600068	0.06431189733899867	0.09145387967352298	-0.1327436098324533	-0.19029544893398315	-0.8932678290396386	-0.05467092036335707	0.2148738460129933	0.3011136996556693	-1.0414645264853573	-0.47397860112481377	-0.5756444083558958	-0.12481707709349128	0.11286845259688393	-0.3414606880793849	0.5977648695100941	0.10061256394647206	0.13029824837303292	-0.28655755365942676	0.0762880840616863	-0.14506976898707175	-0.2476123672773586
DTXSID7020390	-4.513470988232301	-2.6598460656922414	-1.9333489164626145	0.278341920628274	4.890576375800958	-2.0846441417565087	-0.7533600864399504	2.4692472142982336	1.8258312976170328	1.6160546936865006	-1.605542269436508	-1.0902065389703117	0.6370817073482142	-1.7156412131693586	-1.0004936212638331	1.3696254704225728	-0.7005577865356295	-0.27492208649389865	-0.06981511391412708	1.1912052042195522	0.6288638373592126	1.0791358467579262	-0.8530891673134307	-1.290495117948409	1.5224717539397736	-0.2320767432730716	0.909560088580543	0.8001550085871443	0.9525289566363851	-0.8355724701120341	-0.9448529336601221	-0.8891421510930042	-1.5619386164740183	-0.0013549923443787483	2.25715713233865	-1.5155758938318284	0.2670543908227191	-2.0746957531327825	-1.2946151392281169	-0.06692828618863583	-1.851837426619783	0.2832031576556233	-0.7512102654589814	-0.09432114865543245	-1.225930105051319	0.3279445594698505	-2.1018058038621295	-0.9596941311363985	0.40218500182133604	0.7259221002594975	0.28373332175768695	-3.185114291022659	-1.4944351645491918	1.0978405644562144	1.6046999796072774	1.7319946703398366	-0.5710311344419541	1.0382505686298609	-1.9754135154141028	2.533567522958151	1.1953010145381207	0.5578591517442447	-1.6769855677928331	-1.0001057772443858	-0.6370844700503024	-0.6727300803261823	0.010659901717049971	1.304964959106882	0.3536173984774826	1.0370958078142054	-1.2716650435012344	1.6304344009215805	-1.0680800107945034	1.3628781786437218	-0.21885798683754928	-0.052064455150400694	-0.611892531531609	-0.6075996421167614	0.6089827632560831	-0.959666465979908	0.4138385977704024	-0.3323308647843797	1.2713576040844705	0.2703757943025751	-1.0028738516562112	0.5219769512691578	0.7062386399887309	0.17364550106005236	0.09672446757983433	-0.36625912164559804	1.0885964222019746	-0.37774745919034625	-0.05659375755537354	-0.2725852362182426	-0.06804374074034591	-0.08880174271007751	0.10876313752607647	-0.23064799807650663	0.5534149119173581	-0.003258842277361379
DTXSID5041691	-0.3258469044092361	1.5807228335840895	2.311069359386992	0.23358068291226067	1.1681138270677958	-1.4178643954438148	-0.20924108380244588	0.6786104038663995	1.6757222803494338	-0.508199885071213	-0.3211833502441579	-0.41399391364504506	-0.11956267408453103	-0.24440108406728578	0.6764902756171262	0.6268004122479593	0.13755777849797904	0.7493933496556301	-1.0779794383875492	-0.9132104865146308	-0.5381331621008019	-0.5668667364408566	0.2777777102221285	-0.3020947247862396	0.5262893451497063	0.11749415285123214	-0.34453516016200864	-1.4228066798530943	-0.3162751443990941	-0.14696061106352143	-0.8464821479867355	-0.07064059854929164	-0.521251005439025	0.12330914969577368	0.290315856604708	0.009443193970631238	-0.17069448383507274	-0.14602231602837476	-0.46442106547504436	0.21220060767665558	0.3173829781601133	0.3949489465297393	-0.7559934499485372	-0.0729481532043615	-0.4250302907740801	-0.025470111216945212	-0.5602959567110891	-0.6472304750989953	0.1148993379702387	-0.00026543295642067515	0.2045615659919086	-0.24862045722737058	0.13327909755912684	0.03368463578652301	-0.25509826102769756	-0.029683868564947598	0.19704137391811213	0.6762277941337389	0.09050648114346796	0.11713199273080663	-0.004289477191593342	0.5396032420102557	-0.1911673385637973	0.3801337544189162	0.00418460181437234	0.018902900378241973	-0.7865187736903855	0.20118711737892786	0.6299519842625345	0.8624493302894688	0.002534287388601286	-0.22445970172444518	0.8736382802444873	0.8175179852575188	0.28503779774487137	0.20824721448492664	0.00421926384332884	1.1343418445733702	0.739325929856459	-0.8159781235259579	0.8468216802833527	-1.1118160246159297	0.7417487628438915	-0.1760178708587176	-0.5611722505789751	0.2618901158722382	-0.5036608827757784	-0.46227522903272844	-0.6669466292882807	-0.15799627506481195	0.00877095962349554	0.1535148065518285	1.1140858083191314	0.46443274748983115	0.041736448854393204	-0.3875759536213066	0.14071361674293434	0.0969354866875119	-0.07819753074257195	0.18021442162847365
DTXSID4024272	0.3139607839732287	-0.026296775800527934	-1.3959735748204987	-0.7635324634245882	0.21663746458760652	-1.8912437624741678	5.407563171994259	0.8865627316809744	-0.035344299472725056	1.6294007155641714	-0.0861838104882014	-0.32957717858512564	1.353035335367227	1.079981191163902	0.9309083074034123	1.4807277893209163	-1.0257384534930676	0.5353370349121476	-1.5509679746789025	-0.33457973225279547	-0.4723158963577716	0.4813428541360289	-1.4184955556224452	-2.368628106033595	1.9070630846534617	0.7483138661690452	-0.3048050340068409	-0.162768362672628	-0.8858212438768098	1.345688872731662	0.43579235672614575	-0.8674607056244256	-0.06869496950719645	-1.0424169783335093	-0.8014378238073464	1.7956191950380649	-0.5895787882577865	-2.181486581713236	-0.6154752269537103	-1.633724442258527	0.6940368395491936	1.8529541475507982	0.25136631521751845	-0.2769019515492904	0.49591728704029797	2.4409146423527335	-0.39308878838302125	0.562837940931094	0.021248903981770883	0.35539395801805973	-0.217945922996259	0.3834140052175725	0.5665222455123272	0.8693080611933315	0.05300853819897706	-0.6745614443288391	-0.5890065026037966	0.3518463961525356	-1.3425780417951512	1.6107619517325127	-1.7789841883127546	0.9533080388228478	0.6601241781458772	0.12804526691104	-1.3196254528430231	0.6951153482652196	-2.207783764456988	-0.7269902245854751	0.798930273739304	2.36838065094966	-0.6528759326636623	-0.8811873717625182	-1.126156561729858	1.8447824541497786	-1.7071290445626022	0.04270407207440157	0.904529819270757	0.6823750220032363	-0.6629363895529092	0.6661427414844424	1.2700861544720032	-0.28322090860015325	-0.062007989731617294	-0.25112896347612756	0.45774376578095455	0.1758807570698532	-0.24963313526253106	0.22755918188262308	0.6698703497958685	1.5336842786204405	0.6053162294764103	-0.08918914393936932	-0.06481434760133202	-0.1997926175306873	-0.3156393085133626	0.7467762642840634	-0.2543398413532355	-0.5850659107127951	0.009606268592654746	0.13283964228761125
DTXSID3046534	-0.9626082760464109	-3.818824229181676	-2.8032872411098997	-0.6976941721112793	4.8739503267234205	-2.2305626653134762	-2.9606487775680725	1.2158728633905875	-2.3475181674527126	-0.2957065286133584	4.6273528860359825	-2.526554703546534	3.3273655411363467	-0.9717136516321327	2.418250964705394	-1.3379005873337702	0.7950370736975964	0.7711942934892818	-0.035250926120106746	0.04505124863096812	0.1291545663679586	0.48013033150863416	-0.0723719894460051	-0.5432923953619079	0.8594332005572045	0.5628326008194798	0.3333855511652576	-0.30763007790754787	-0.6004273371291129	0.512707308597437	-0.640819905816782	0.5577155211714396	0.37596234487247127	0.5094829970225616	0.7848163214064255	-1.0797194900202702	0.5826720713869146	-0.5442494724565381	1.0010142719690323	0.3273037039190757	-0.27165713103562994	0.4301259398843054	-1.357213350227619	0.48761785511587835	-0.016917067980760935	0.17650023006697527	0.3888529356037571	-0.7756870432789187	0.283215305981605	0.24805063950878545	0.21867628625496352	-0.217597763915131	0.13296278232178718	-0.007127523862067643	0.3768715933254389	-0.4831210924279916	0.5130578587646706	-0.9012186514937942	-0.47292787807557063	0.6426404495311393	-0.5410580374002181	-0.4585864712935113	0.03520146246628376	0.3934356876250217	-0.17510537000070397	-0.04561961571190544	-1.111558513237072	0.2426929253108064	0.09482321504578194	0.16581726916334177	0.5329848251789397	0.5079792483630167	-0.008753817587505913	0.337995941890438	-0.5402177696892767	-0.18540244285853197	-0.6693553035256872	-0.22915344617185932	0.3627750840640614	-1.207846524170751	0.03036090259908706	-0.37698850564334285	0.5279907179145431	0.20158381597811123	-0.23227574344157834	0.045757564219423896	-0.021819546890429396	-0.23736622394909312	-0.3568892908587608	0.306986888363416	0.2909721429251619	-0.10143734832606104	0.012132729112159296	0.1135700432478082	0.18399452347057885	0.2022057204418796	-0.1228003243631496	-0.05165523902963012	0.3508298890610447	-0.14144181871169006
DTXSID10864610	-0.21816878890280847	4.799285915320112	0.207396268628739	0.632677676996976	-3.4481020643162097	-1.1259792486402451	-2.6037897400748338	-0.4443288526910484	0.8786486033535716	-1.6758724767168052	-0.4021274585719829	-0.0632024050263114	-0.4996853350741804	1.9969934489469414	0.15670816691169484	0.8399044594265117	-0.4643494543195822	0.5296543811900813	1.725512694564809	-0.07161611064483411	-0.4838524457559665	-0.43042042094514993	-3.414948601197237	0.9927902744247967	-0.2680638256993023	-0.46399921612854766	1.2910638931567806	0.7452164436640409	0.11460616399322401	0.9834582140587711	0.011106572978463979	-1.0214649528693593	1.234039821656007	1.4310523093289664	0.9211920779034257	-0.10184922095448332	0.668335681291212	-1.576434020291576	1.128819510533021	-0.09012533510304385	-0.4992265556410894	0.3285346900481072	0.2051661553424167	0.4664813599835263	-0.866711255255332	-0.18909380913907048	-0.86830963029481	-0.99765402151681	-0.20305077900696022	-0.942944845523501	0.30958559534017993	-0.32719766213446094	-0.5779897966330428	0.12000418151455174	1.2425290625934264	-1.2755257659341237	0.08274368434416195	0.0773981978311971	1.487910336881182	-0.3428178177325263	-0.41393550536179974	1.2351698201357773	-1.1670895622811073	-1.6329801474039312	-0.23724137374550747	1.2771007234979355	0.44706065049764704	-0.229633001338453	0.9986157419114295	-0.7606737374467725	0.9064513089104559	-1.7801902358283959	0.5461198645982757	0.30248419577123803	0.6822242171601216	-0.642440233043212	0.5399083584551253	-1.1507950700613445	-0.41491454325883453	-0.2240805288665737	-0.5979058300131548	0.10195378182000542	-0.4122638949787511	0.13065468440544545	0.29183394518805905	0.5791793537018133	0.5101389939619354	0.49667796286941973	-0.7992203588424045	-0.1914099372355799	0.057679596092324245	-0.43498215736135487	0.1798013770638247	0.3921583010402395	0.3447529412637789	0.23658548645426403	0.5204920991009484	0.23920382893912523	0.15917877396608654	0.12014765560452803
DTXSID1029671	0.9253825648112077	-5.535199642904684	-4.637716191104753	-4.261356888566263	0.8605880668627344	1.1981719249479676	-2.2675455450880717	-1.5920633648315194	-3.269967154722616	1.7500244224020962	-2.5391673485675383	-3.450422161876639	-4.198808449925565	-3.7088922719544253	0.6159603721758393	1.3209863399428072	-0.0260089613000365	-0.6600631588748942	0.7422253510250951	-0.20176830029051063	0.22442034128561675	-0.5766675113293392	0.9407880206054278	-1.0713340393295578	-0.4912846468494606	-0.4755700122450933	1.3640088776330568	-1.3309933645930094	0.7345972822564575	-0.004570323402196694	0.38083264987871224	-1.098535165166561	0.1724298436930465	0.19630478743389015	0.664973292525857	-0.225671036968827	0.4632512681084099	1.0236437035044403	-0.705552729689542	-0.8346117303032891	0.1771505330086655	-0.5910610041190838	0.5532689007403151	-0.2931788798466572	0.5676833544861586	0.7148755030190286	0.14376325032792162	0.048520175002228674	0.52065677549026	0.17204903926996895	0.34174860726165046	0.2320584210278701	0.3366388653949018	0.10380862059841155	0.07041210526562136	0.43767579366087084	0.22045795101455298	-0.09837711526783713	0.4835229397567006	0.6240216794701053	-1.106255812805927	-0.12185943436753913	0.7381785675285146	-0.5818695075641587	-0.03838140430099541	-0.05229323801929868	-1.4113431998091444	0.7771590322469585	0.6916380795489632	0.6171778642440887	0.43687713940807055	-1.3520953638729267	1.6892923377629738	-1.547287057586596	0.47581683959047943	-0.25681612538745896	0.023093186871320216	-0.03867592760233976	0.19048813874046389	1.9093016707972867	1.9799176284837554	0.050989586456435775	0.6683118198736022	-0.5727976037719379	0.3324516601410961	0.8796945995557707	1.999729102553859	0.6090316304574985	0.408420502658752	0.6732419354969797	0.48751217759855126	-0.001319294751210858	1.2433283746621546	-0.6341262801492454	1.298599333120759	1.2919572430380926	-0.4331361930991576	-0.16757392632326243	0.7568798566105929	0.48970332521124993
DTXSID4021890	-5.491083387675275	-2.7117482218902174	1.7950637644922918	-1.5762671231940655	-1.4669811306835498	-0.2996172624889209	-0.88227272106459	-0.280086839178979	0.8118053530717364	0.11383423412538526	-0.43582515314401604	-0.2092882636542998	-0.24068967972366626	0.26194175152227833	-0.004554392901224756	0.6089954455980915	-0.33648512059839386	0.6706411647764569	0.23097864806027432	-0.0974138661071927	0.14740380705573633	-0.07219195536131458	-1.6719080120686778	-0.7381740358512114	0.912485327377101	-0.24611614428010442	-0.8268566889252622	-0.48068368937925926	0.2515220441334745	-0.1057711014756332	-0.08973702826276748	0.19687781674098545	-0.3415058057292179	0.39631758059479644	0.2924076867513647	0.7886181302776555	0.3660772677239574	0.042366234293975354	-0.45368547018170746	0.18640059860888825	-0.26185416476835416	-0.6684287293737644	-0.021481867854113414	-0.45867284379112094	0.07220278860687507	0.09667725043315832	-0.4498062553183873	-0.2790265719012685	0.24254262448620187	-0.06717532401965433	-0.049724530542261065	-0.42852367600937913	-0.01288336434738318	-0.25185893729345105	0.08890645965163516	0.11560608324821031	-0.41562890382748235	-0.04736341658921531	0.6341617910355909	0.3758642828250032	-0.310212986661	0.18048860752980753	0.666772368772145	0.5261724133600847	-0.33007397968520863	0.03129981676101741	-0.09041742843099068	-0.4307785463531201	0.11479752739804473	0.5657399524806036	0.6655905894019124	-0.17403970052671017	0.3405811839561125	0.4016196182070846	0.6484107401278694	0.18788119053420294	0.2197808432878443	0.36911978908728443	-0.10644317946023485	-0.6473012283141296	0.2156384639569425	-0.8617309511721181	-0.2361231416371675	0.05488261904108916	0.49064032969327753	0.35724278134963916	-0.29330975636972173	-0.9332362204544988	-0.11586845566226087	0.21857056071994937	0.0363863997401759	-0.1875593921923313	-0.7753668351947486	-0.3993097080249563	0.16562983922931157	0.21003030855110466	-0.06232231982837983	-0.3555789555593032	0.20441601768829676	0.5651570883923442
DTXSID2034338	2.021116154302077	1.8099409276741838	-0.048826567179532765	2.7607897971756867	-0.9844298783514265	-0.8396157105205551	2.1532995315644636	-1.0923474344000286	-0.3543555583540623	-1.9201931939010948	-0.16464554435437112	-0.2128530876079637	-0.07313370914947666	1.3750471538707083	0.9493676380955345	-0.18538163148688622	0.3645925047648181	0.7935153705806772	0.2901682743667774	-0.2733490578732371	-1.274377408446956	-0.39586575089328635	-1.8321578696952043	0.8254518973709584	-0.11791999156219246	-0.24928176121001194	1.2643731781808933	0.32074870142689826	0.900366620396056	-0.22220930699712726	0.07073269111129338	-0.97751781897997	-0.3392078548752842	-0.08843039467468121	0.1959932007098765	-0.11819644041831397	-0.41289271368442015	-0.7346958714529858	-0.06115531094360394	-0.5223409549181773	0.30467597081943965	0.546224523681187	0.0373659112805345	0.4214470235516751	-0.24034622110614567	0.08360750277662911	-0.1991832564031489	-0.38616033809346434	-0.28352677885023025	-0.8426178450591859	-0.10886202076906944	-0.1108734640617823	-0.304882407543547	0.030726866965345545	0.2972006956138901	-1.4579068343947785	-0.14776915931931806	0.3496863663159899	0.17233075241519966	-0.05044470691454121	-0.7303854414851301	0.005534748183441932	-1.1473436276017872	-0.7582185082476995	-0.23350145230070224	0.3820358728721651	-0.19687577033445489	-0.011526809811849703	-0.20648849094752314	-2.2566926743404236	0.7159480403984567	-1.6302865379616347	1.1323593719852179	0.24488046413167308	-0.39692824204537114	0.20623664238601094	0.939883064233472	-1.063176836658665	0.2532649186498606	0.6422198561745612	-1.266196216045746	0.24713371570672021	0.17609040141082805	-0.6660594911846441	0.2960324760826145	0.35646101628497734	0.4935684286309816	0.9486508909976827	0.08880524453436646	-0.047052400769838854	0.11662264145045918	-0.2508936343341743	-0.18211469692621224	0.8449678943905629	0.7582251281547188	-0.2035819606889377	0.16667896449417507	0.01918410920128546	-0.07137715396651904	0.4382546771764506
DTXSID6044854	-4.8581123791309295	-3.24236342322374	0.525787033521071	-0.46790186607837597	-1.126213375792071	-1.0911851382892377	-0.20203792754206065	-0.48806775881973746	-0.12352929091334364	-0.10010337703538781	-0.3656626228775859	0.35255297019190096	0.044151059448078886	0.6564802947006272	0.24957986549903521	0.03520322600212155	0.34235539690258165	0.32600370177554616	-0.09702159304898025	-0.8511638872974856	0.21059049369352859	-0.5746844807637911	0.6002016842627973	0.5181821191675804	-0.6399955070459116	0.15262259447108292	0.2901196550724699	0.37448405193739204	0.1606985845826449	-0.29327704124629417	0.5705811138081768	0.23974712628041087	0.00790243405521265	-0.5359838099382201	-0.24077031543281782	0.0913539565554018	0.20456955801643628	0.47030506049592735	0.29870467831457503	0.18884228385968993	-0.1907970403454827	0.04740781140423289	0.10986562346021105	0.37552130302073805	-0.28810470162008717	0.022545490329076604	0.1704125973161647	-0.12798220225305382	0.04681838256713764	0.31482949278621253	0.11773521000744494	0.15516968430971154	0.19113725083446476	-0.01976633411786172	-0.05195797142209476	-0.1947433284892752	0.3522396623965509	-0.2918290761114582	-0.042350336485037554	0.2163131571778062	0.3537438768858374	-0.0419704572481092	0.11621718894164132	0.028491815928537723	-0.34125329400860965	-0.015782645657058288	0.8620457146111339	-0.3194546205437469	-0.08729529416690127	0.30309561053654016	-0.037560198161745245	0.15524244828570924	-0.46847742701539713	-0.05273462012750892	-0.05069366325288684	0.21203816092887132	-0.11914534179838966	0.3155850516508981	-0.1465813291432436	-0.15057794959274204	-0.14049550242845488	0.11865412044933037	-0.1269209947237114	0.15690831398040248	-0.00860293287185063	-0.09916373827688814	0.22215518206349394	0.2584252683594718	-0.13577105164374179	-0.07870619986608109	-0.5906051959610857	-0.3679837412697573	0.03855879799325742	-0.14477934584813987	-0.19603953233500535	-0.2547986016880614	-0.44280116921867796	-0.400821117472716	-0.00020423013533428654	0.08291942046675978
DTXSID6024915	-0.030575214242298764	-0.9031350481752676	4.194451862594033	-3.7711410079133416	0.06896007362919637	-3.1609856941911114	-0.0948238354080838	-0.26682648037252704	0.1996503888001033	-0.6590052177358167	-0.17059403678599314	0.5135834619463772	0.566428534846641	0.07199888663178661	-2.0314138771492845	-0.8526272115068076	0.3250999645242888	-0.9990400430860737	0.3854829391949696	0.029989657901907812	0.22224775956205223	0.3182945391025956	0.35153089473059407	-0.1601573116179117	-0.3843125588463029	0.032368260198193353	0.023058342505732233	0.14577903949136714	0.3124940570240464	0.19413880063272315	0.30702997824338213	-0.43583268696197264	-0.0913596360605487	-0.592552436781279	-0.18186507306804148	0.25973573971081604	-0.1088643118091252	0.2691540483510034	-0.02768932138195859	0.39348913468560737	0.029539371904732173	-0.11625518803974182	-0.22831367950358789	-0.06912545534909165	-0.17538565162580244	0.0006085020109888599	0.15387491951300847	0.035717156252912836	0.06404402282226955	0.008883250087891275	0.0007117973555897713	0.017681542814634472	0.059661522532591424	0.011072777886490004	-0.019736601809942196	0.16910540902214247	-0.06674058285028377	0.10234720870992124	-0.01990030991566935	-0.19460717634365826	0.15633739561321403	-0.14883306885824174	0.23145308619207905	0.1775758659086413	0.04936874310293494	-0.28461853990652003	0.15333185136899335	-0.16485381136413113	-0.04582345669514457	0.5208802336132704	0.5663047832978486	0.1567011195165452	0.10738344529730472	0.0026760687896429476	-0.63363348245754	0.09824138047697917	-0.0945166661747807	-0.04683108842153874	0.16144548509842588	-0.3512631633786737	0.278687650975997	-0.049427879792703695	0.08971422856967125	-0.24403094520959007	0.10820605229069163	-0.19002801473549	0.054236432157703664	-0.2759807195843434	-0.02514658592255524	0.2121398554688536	-0.37912048366809276	0.35715567812019083	0.020635535635980726	0.09367204791818871	-0.15267773010090954	0.24949896609461217	-0.40080422517762215	0.11629908961663828	0.012056134866865992	-0.04837772619561769
DTXSID3027588	3.1276123680966084	-1.1139761492182676	4.360063018799051	-0.07253211437719073	2.4899930828630312	0.020498117770910602	1.8819185795453797	-0.7314644350102216	0.401968320157862	0.2326177706889793	-1.5062420881953187	-0.5153128375054764	-1.458959607459545	0.10849306660211855	2.378778026773378	-0.10624920132281856	4.2388809689812526	-2.7163789935377674	-7.062828131377984	-2.008941032890159	1.0153967824554795	17.283817391666165	-6.4370730056208085	2.1987876994855906	-3.763046230851375	0.10016832712209682	-4.452985966212246	-1.9840470043100806	2.0002916682530767	-1.9028746371587517	1.287872499225119	-1.9090765016673252	3.2360360728460886	3.023849129810016	1.6119320290805161	3.443757657034964	2.914987331180165	-1.8385606855748386	-2.9944144691575802	-3.308158724117086	-0.46445115653362046	0.6753846258308368	-1.7590661151866294	5.3135029353438075	3.9529083088262755	0.3687478915033974	0.4719924788032351	0.9761100094704248	2.078047518495741	5.081181986301978	-0.29661392176759604	-2.497452576044444	4.046017364799699	-1.6193142353048546	1.8478017779878866	-0.5355900000750146	2.4747644102798616	1.4260903598919332	0.9684132466563126	-1.4574320613777032	3.523198356772764	-2.881723880068189	-1.129488061437927	-1.462707354057596	1.6589112444448977	0.9174109955647438	1.1591304578932786	0.13881201898799175	-1.8928091334409853	-0.853767840076162	1.2285660605292879	-1.3155305058199391	0.20038196775758785	-1.4357695322383188	-0.6031067274306335	-0.44570949168633556	1.3057683216251215	-0.19973032342269237	0.24866666473058763	0.09365181844745481	-0.8834441624147064	-0.17706727966364524	0.16375291025922586	0.26129704572553303	0.4540985052377115	0.6034079273683582	0.7022464224171945	-0.03207087802387514	-0.25376830764038283	-0.3666740826689378	0.5303098583533054	-0.5651261509233247	-0.27709292949564557	0.5455151242280033	0.7826817746922662	0.9376763365210846	1.058886438102584	-2.1674418161319133	-0.5138137626589766	-0.7144794324322551
DTXSID4052213	-4.085007562174066	0.1724619370388378	-0.39535854142451565	2.224012957491045	1.1356886629695406	0.04914219234839536	-1.567354417340321	-0.5296931961938172	0.06880247934854349	1.8348152714413488	0.4181869333228228	-0.8051295535946971	-1.2834016537231119	2.2023728188485507	-2.1196407814581963	-0.18563877979386126	-0.8937359721108504	-0.029948112972868635	-0.8873011279206062	1.5663031270655372	0.39589345642772406	0.09116700149218847	1.1836006846561784	-0.18615746381140835	0.005762153202264733	0.4932849015853235	1.1273417081186405	-0.9061825561129436	-0.42169289689970596	1.292503251110342	0.8230143472478874	-0.036323756170330845	0.2532547842089562	-0.1452392894224209	0.04543388534001664	0.731899015251864	0.20745100056161014	0.434012148597383	-0.22925862802234767	0.06929728397118955	-0.09017564181969549	-0.1570226163553182	-0.14191274638776727	-0.9852770608273895	0.232305063777802	-0.15048640104339686	0.4557894466878115	0.587888496728184	-0.42417020844353576	0.15831618832842728	-0.14719362814938042	0.3879520902592645	0.04145383555490703	0.06591667346235526	-0.24755875981158823	0.3493288790030386	0.44525908459979313	-0.019408764217823945	-0.4924760445213357	-0.0366308417409895	0.036044550717874276	-0.95592238423005	0.6459256496842367	-0.4762444833940418	0.23254080352403506	0.33833596843148583	0.26351100286812923	-0.3436838308561092	-0.35887449229225266	0.3536118539551586	-0.8650378860378802	0.3254735419112392	0.17837154342648803	-1.2248487875194904	0.08496533626639302	-0.38969842551024625	-0.4895770465107809	-0.21800250595286907	0.10411172357480471	-0.3595096700229092	-0.12788204850366916	-0.08342548696149168	-0.25171135804542655	-0.013338138693997106	0.22300588624837359	-0.23619862730331223	-0.4145015515248255	-0.2953712596826515	0.25851505222873666	0.24174549235117346	-0.5734829007031067	0.32143599831621233	-0.11577342283802576	-0.09192877431565608	0.3429837620562446	-0.31137395758491837	-0.09763787069489231	-0.578910214289506	-0.18140101239059755	0.29916111563636616
DTXSID7046918	14.875420920660813	-4.567552943928692	-12.090372169920222	-6.273786948851079	6.05853177156362	-3.767551468661855	-6.547219623504905	2.15575579759526	-12.594466425429777	1.3059392159743262	8.777665424461654	-4.762458129786864	1.690103780016368	-2.15583213217181	6.830731407898009	1.1071067756992785	1.3446996989567348	-4.417208232100828	1.034190479563497	2.0054171671410677	-3.3015231436301113	-1.1315361851758678	0.0775160797009431	1.4830642411970012	0.2730638723276406	3.2534176620332222	-1.6451466718677346	2.6598484356689225	-2.140842468592942	0.741841246995834	-0.8334264781955552	0.046484402188685964	3.238774234561367	3.3138557429625153	1.7544864764812598	2.557834917145507	-0.08181784636232406	2.4723465023635325	-0.3929840384582492	0.8728183377928814	4.457715367587115	-2.36144201599424	-2.0035262347344607	3.558545226549389	1.1665623920492023	-0.9377686568665298	-2.123920826769886	1.8165625289139626	-1.021660419401625	-2.71484609831191	0.28982093033287987	0.4826619585342005	-1.2222397634496622	3.1660136514098665	-1.3450313510761824	0.6448464187554638	-0.6308740628101084	-2.333316746763205	1.0403433522325714	4.546407472986862	1.8819040162328928	-2.211035449905908	-0.44358988699934965	0.8134269444565987	2.8370417941237265	-2.3758948122842556	0.427244411219673	-0.5148282343475167	0.019691181567124034	2.172443244203642	-1.6124750375030859	-0.775633678687049	-0.1809868147227572	-0.9814107525581601	-0.6292456341798157	-0.44230768480581817	0.6623796488318998	0.4066410582831884	-0.9420989268840474	0.8582325977380554	0.23707164156085103	0.4829622679361924	-1.572554728555582	0.42001238340348435	-1.8918881469719326	0.7232360211381917	-0.22209267050358872	-1.3291802471837055	-1.2771057091749498	1.369002135626733	-0.09879761257662363	0.44770927692752194	2.4305467901435174	-0.9037011619437464	1.2744507981914717	-0.6591327754501769	0.890130353252836	1.0722573834706781	0.45212659987086856	0.8703516088549167
DTXSID9020669	15.93425589590678	-2.4597860658961452	11.829488275450258	4.990226077967097	3.366006351325881	3.786764709299204	0.2530789704117804	-2.244877096458399	-2.452705379377335	4.02066133511173	2.401977048047903	-1.6846256673926272	1.2112502264350404	-1.929764069261802	3.042850361719635	-0.2751923233611098	0.041346539141653565	0.9686206083176496	1.4787040071781208	-1.1475129953872676	-0.7991783775808318	0.400683604118951	-1.8362734274672639	-0.1645866453169168	0.1341247282175261	-0.701734846684545	-1.8074152037903477	0.14600753750249718	0.030952768760089597	-0.6562571951959907	-1.287582899185784	0.37817070761055077	-0.246894134853082	0.34826331688424916	-0.0017510544419368672	0.2914369553952906	0.08032609104159606	-0.03250353568971389	0.5654244950891966	0.4232080069702563	-0.9508870348029967	-0.07828253561516253	-0.43908080303319424	0.011919941233644447	0.010650172423931622	-0.3226362432442035	-0.9602495768324794	-0.40628105250849517	0.64723647763014	0.12561918662824603	-0.018285856896654133	-0.3490802767227227	-0.14388807844610563	-0.26828160552534464	-0.3088692429185814	0.42473848728791713	-0.09591610452984123	-0.6577705230390828	0.6094081075024235	0.8659863198011989	-0.9630012134453518	-0.2164050439743536	0.8953889252299811	-1.5575422252323008	0.15991501778570386	-0.3654609270772835	-0.5427798520839142	-0.4791651435193352	0.49715110217497643	-0.7892374236815746	0.10700359595352123	-0.31013016748742717	-0.6954979058518362	0.37345242912681453	-0.36360629924699506	-1.246903016374672	1.2585429429613961	0.08211936384219803	0.22924811111864135	-0.8741136710352688	0.8433425851050862	-1.1654991403457735	-0.7385249262308459	-0.6606142799150939	-0.042723529833589194	0.4821734550860037	0.2039023620133278	-0.20490731623081104	-0.8502676531424848	-0.38101090285309075	-1.4894589572831647	-0.424715516564346	0.7308913712762276	-0.3788342980536356	-0.4658843996386395	-0.9853299672321263	-0.1528715058483597	0.2881072210299428	0.28382793991459254	-0.9061924813127477
DTXSID4042462	-2.8752718063744	0.8986064876501272	0.9402217037287703	-3.874953217343753	-2.9697107771916715	4.953254854432727	0.3673551263557296	4.392512794193547	-1.3148109063668678	1.505187285416537	-0.1745438510656932	-0.4788404690120832	-0.07768855118966084	-3.2370301827846677	-0.12450659574113268	0.22637540459030595	-1.3082734745373101	-0.6989140083001887	-0.6198841914554468	-0.712519466480502	0.19408957527545873	-0.09196499662231726	-0.22573364919287395	-1.3371112361334434	0.9427571954095468	-1.7011625749865262	-1.3193994070894859	0.8045617652794403	-0.7599696289724104	0.710172920944187	-0.4740299384774799	0.7780022008561432	2.2097723031862153	0.5505458120778656	-0.15267978319453845	0.09130192575767639	-0.07950356220230076	-1.395648601410632	0.23288133365325966	-1.2473705981759837	0.3685386580735314	0.08747167113185919	0.002287011748292779	-0.29690631895289155	0.1543625425159404	-0.21201832663311188	-0.7213746493707903	0.8498356735808539	0.32868137833861566	0.1613308489513101	-0.09012349567930034	-0.297056494613583	0.4234713331622145	0.240750858942314	0.9924483507747803	0.5006448031227927	0.8028039436503782	-0.011041816775053209	0.19852221500734146	0.7899723015248489	-1.21977298488138	0.06020560389591564	-0.35768042982368436	-0.6310666045412596	-0.1931303696016462	-0.012857578533868723	0.7197317264382843	1.1299814720806485	-1.1115529875850576	0.16379039155185396	-0.749694939328165	1.0127382354590293	-1.1430652400220511	0.049684604717035584	-1.422441161047866	-0.7643476210915278	-1.5759735283880005	0.2114031892625689	-2.4594686430605033	0.9858430503502462	-1.799089225914616	-3.3872317773483713	-2.3043529006030377	-1.6198724108415286	0.5592156447379231	2.4099351344213256	-0.6995167773139425	-1.3488579485403764	0.4614277761630333	0.49767459735965003	0.932240932506971	0.8214956391926761	-0.07796014397950782	-1.8132254897228137	2.9952475034911847	0.30455438319428035	0.9106715399339068	1.1250649627526206	-0.6292039642922158	-0.09158209072069037
DTXSID1021403	-4.250797817039381	-2.7148925303305163	-0.5472447175412566	-2.9209339076136827	-0.35345381169781337	0.19538535365788137	-0.5080565201407033	0.4367176180694828	-0.7316835662752832	-0.10863137730914553	-1.2923415315797298	0.8734669798389689	-2.0596061756475366	-1.1599048919482873	-0.5571154221196432	1.6791623704851781	1.5155509081257466	9.327102177735165	1.7639495458965846	5.541803263397263	-1.8994367765178037	3.660743623312364	1.5267580133328265	-1.417742162528671	0.2139755041466436	-0.47779594239122036	-1.4831993372232826	1.9305761418790057	-0.8064769436855679	0.04761788541521681	0.14961279956846518	0.9457474298628902	0.8274851718435404	-0.4778904568442783	-0.5209466816489674	-0.8712166326929616	-1.2349973825493998	-0.37831060406042544	1.0001980031500868	1.0045243724702537	0.4313801269948177	0.5450482041281058	-0.351190957442252	0.624568406790643	-0.26705033298041647	0.4301738375861697	0.2382870065282181	0.2755417993357611	0.14387352595037461	-0.22157830279169174	0.1339759285925082	0.1760549126216314	-0.15170670262822508	0.3711415855696906	0.8731340490876396	-1.213536684577053	0.10155829860595585	0.11448592313765461	-0.30373788144412905	-0.7439932938990252	0.7280817020562758	-0.03761060886218569	-1.2804519903696134	0.3967892478544018	0.42305636234482363	-0.052493223640731806	0.5404147445713494	0.1219211042561331	0.16070193480657455	-0.32873632590142443	-0.4000925176605929	0.21703931189886308	0.01370864119140963	0.6579230165903857	-0.5088196332548458	0.6138310780054136	0.03889002113342947	0.21781169054695168	-0.029961860371518184	0.5194310217742242	0.3217804805682563	-0.2375506307586042	0.792672566154888	-0.6247450613215693	-0.3864536736403236	-0.13289986881760799	-0.2882342066614117	-0.925461111561063	-0.03544571341963242	-0.7585341382803762	0.9600635250599538	-0.05809393724914213	-0.6273229235940735	0.12209504174520573	-0.0923882569256859	-0.043125155566198115	0.21540860803396444	0.213355897417362	-0.3142028325857637	-0.18291965034857394
DTXSID5046437	4.285109378655819	-2.4468707001966594	-7.1324958330320865	2.771571796052419	-0.9519233114528675	0.26636021977404	7.608710807237504	-0.6957817167622727	-1.3548985238266467	-0.6231692531142697	0.861441965889071	-0.7924370950175709	0.4887403320421516	1.1524705793878836	-2.222844713347209	-1.6001599711240477	-0.5840781622072662	-0.5151725754050412	-1.7239250788833584	0.9659451050047373	-1.8298279089313716	-0.3164122531463398	-0.43404065791500174	-0.3757939113804525	-1.2065240475061856	-0.6404348086118232	0.25053403334948643	-0.5705871090541326	-0.2849257736092905	0.26441689773376575	-0.8842882337673026	0.8139908208543204	0.24390840000158723	-0.2152352439414497	-0.6573416754072757	-0.8563037570751201	-0.09107128800191419	0.9035703908311264	0.817457367849323	-1.114452440611958	-1.5430078783219745	0.6233728562136145	-0.5706695726251447	-0.9055108399351546	0.7998287684942899	0.3289184173814374	0.5937750621321569	0.15062557836219895	-0.19016060000303248	-0.2426982804207078	-0.22859804982769935	0.8473376780722383	-0.8228268597587485	0.0684164335103637	-0.17474812722112337	0.2199491041365366	-0.34548541694878854	0.714373754805987	-0.6144577073137281	1.4245458148944492	0.4875178599441715	0.31484063370500687	-0.3389712956321705	-0.05505697491707005	0.21486631978495974	0.8547310671106816	-0.14312276815152547	-1.6438100001782558	1.28318533693639	0.4843620841513343	0.3253219425784538	-1.1264153132351966	0.9019262947448786	-1.121522854395511	-0.9472775008325196	-0.5505541273412199	0.23209884943389242	1.3126372436811542	0.6767752888619056	0.027714859205258822	0.768854920402611	-0.5238849500180195	-0.6177383269874763	-0.4775272076161476	-0.6834976753024129	0.9255828483930978	1.1635776975082492	-0.02670757818504645	0.8000074762273577	-0.33786504660439154	0.33638508066990574	-0.8494199021410745	0.4565211019010403	-0.1353785810009484	0.6531698958388535	0.3207050488107622	0.05532647204071752	-0.8818495215077228	0.815019341473192	-0.05819176051245832
DTXSID0046850	7.939397877103272	0.7617700371444626	-1.140149094851983	0.3352660332231158	3.801517399844051	-3.088004453299397	-0.5360110432830106	4.250234522611981	1.106926938066882	1.4059423943646043	-3.1881664428158105	-0.6748614080083178	1.899939630727171	2.345145608791448	1.1974998626659616	2.5678453175091907	-1.6472850803217967	2.0927031190437395	-1.2513386982192622	-1.2096264612514742	-0.14779115008618812	-2.818852813877302	1.6228667658762541	0.4135702834073547	-1.3302720222963635	0.35151518075824834	1.1988825144308846	-1.2541280371098038	0.7410643021934434	-0.8203954864095286	0.7360478363402576	-0.405768618629472	-0.20825950816389563	-3.3064678369785594	0.6007463036834625	3.028244274786891	2.324303318876408	2.3418930021128044	1.464086644170168	-6.431152335327546	2.4827165839711607	-2.990662165313169	-1.5154927759742816	0.6162910796945823	-0.9769380707525218	1.735915381418081	1.293500287230616	1.1168355947250739	-2.2839492292054357	-1.4247593814292638	-1.93023555990473	-2.95651395502329	-1.1270646646081266	1.3939459401105478	5.907694203371091	4.003058936908411	-0.33467269521257287	-0.7539854864533698	1.4256806206450172	-4.3580754936094745	-4.111642377931557	-3.842642031174075	-2.6528960319193025	0.09785238194002452	3.618572946335902	0.3574576919149718	-1.944022444906998	-2.6199908497178406	0.7226656502202817	2.1735034387265753	-0.8900289241658753	-0.4703315611435124	0.31314162845111604	0.49630547679968073	0.5092367422029404	0.8499129124670688	-1.0885464949164296	0.03090243678145125	-0.161180186102933	-3.2526289147170657	0.42425885862387896	-0.225263995476228	0.17983917290201493	0.021081069508349735	0.41563219257871103	-0.7158826000085182	-0.8465311737652846	-0.6810559951365855	-0.4826644293893171	0.8604346105125552	0.40425262022965	-0.8403833732756208	-0.5671557515249067	-1.2368063885915572	0.6030997551853406	-0.1394181036912535	0.9046028313213038	0.2067137097084545	0.5864713350557871	0.4862630818224044
DTXSID9021396	-2.623948877822158	-3.451182750528164	-1.1678495414894918	0.9269428278887881	4.281418313191355	-1.113379050794438	-0.8639049822405467	3.1187317202098197	3.466418875420035	-2.494736308897437	-2.2626353268986614	-0.5148419589854258	0.03819725777044584	-0.4057678315262304	0.775768374345	-0.6625493160543775	-0.71476590547047	-0.7134975247563222	0.0706364450084348	0.4225475189234095	-0.8569306703804798	-0.03511662245106881	-0.5223506320948923	-0.7702788173791324	0.024472986089831915	-0.7819641035415453	-1.138607953672338	0.9193017802405536	-0.89221949951402	-0.8487998488678328	-1.0440745300886212	0.22110076446137908	1.841853163272534	-0.5851629878273974	-1.2563836643964255	-1.6645672906342013	-1.174062126810975	0.24398421871434958	-0.4730110879443493	1.532871649527792	0.21818030903361935	-0.18298461949672862	0.26894374234764706	-1.8152064082395845	0.8596228116672037	0.8765502096121303	0.3254448879326251	-0.12458708060907128	0.13977716041787003	-0.9045132188864966	-0.2730886062514951	-0.8640460300896275	0.04725739163646826	0.1305575340969468	0.011129660326788757	0.3758126474778966	0.3874598901236889	0.7946001528503626	-0.6165032842547751	0.14466674027960424	0.7213462134639536	-1.4539355793213302	-0.49640217621662347	-0.05138424262626949	0.3802982637451533	1.718385915468786	-0.9763088101885287	-0.27492951961946727	-1.1820299624533874	-0.5583609282656846	1.8911308951638064	0.5391642841788288	-1.1653288461507998	-1.7521416926545337	2.523921108830387	-1.8645666352617762	0.16118296599017046	1.1800123716549615	-0.46062105799358016	0.6044335481865062	0.7187822005790495	-1.1986046330385538	0.26776518342869166	-0.1259797512752174	-0.02911017924094846	-0.5700407081147355	0.3695403735675189	0.47735053109439735	-0.8483840937691661	0.49394358563618235	-1.0324010143717623	-0.3166590703878032	-1.0480209740672999	2.619021157733049	0.7557958985779041	-0.038650835652051144	-0.7354776978273833	-0.8653698873769071	-0.3474760471795651	0.167072555248031
DTXSID3025542	-6.433011565701483	-3.052610306549198	-0.4709435156699975	-0.1867629085812231	0.9932655139477969	-0.21041873948487716	-1.680507561866763	-0.6866989910098911	-1.1243410918692287	-0.49032227334096895	2.4595496664796617	-1.3181626489851155	1.141898561185002	-0.5293623717605558	1.4735759911175426	-0.9980937831609715	0.8935241838090728	0.3411253374019424	-0.11456166741672504	-0.09263848862884995	0.3023903280506795	-0.11288396355369805	0.2970381502587084	-0.07483065108913138	0.4156527867196494	-0.12509723231148057	-0.013421900444398664	-0.06309851609425567	-0.2750674796590191	0.3232051841577104	0.0291169265399003	0.5385921034892457	0.5572249813742784	0.03391549468545655	-0.18060811157836226	-0.5770614673064554	0.3625795340044772	-0.35391752381096	0.27495492281171646	0.23437565528161652	-0.35268156833874365	-0.11236141270860851	-0.6984192833664831	0.03710195319779642	-0.25452391553550174	-0.0010670787300749941	0.30138996748798946	-0.3337369782913918	0.057475212506784286	0.07156109791069319	0.02958741530089093	-0.2173726948052032	0.10140419859943242	-0.06309532612988315	0.26915869675177945	-0.1316739288872922	0.40750059363380803	-0.5954138755890094	-0.2084953185224329	0.2316337485672212	-0.039005357420602765	-0.43090917678401564	0.3556864722752834	0.40373820385091025	-0.13603586593240116	0.04774722097018924	-0.33743242110628663	-0.22851282700259065	-0.21005925034404327	0.25726961524356423	0.4039250888523701	0.12444003145630668	0.22397686239985037	-0.12259672216751115	-0.49843737898878837	0.07698384108641332	-0.033895455221575665	-0.2596951075950398	0.09959411815173679	-0.6402919535011435	0.2689558904529861	-0.24124045484832135	-0.1029643391406328	-0.28858468712493696	0.3476922940702687	-0.10791687988201656	-0.19644656758934648	-0.5511249504974389	-0.41717363346405145	0.4079008137690731	-0.5955771723131621	-0.0035373021016463506	-0.28785622616250195	0.1738302414442278	-0.034840888074011124	-0.2571146767572466	-0.551852356382452	-0.18610727273143435	-0.1532001248478872	-0.12981207916565546
DTXSID4020745	-0.9341167313925254	3.1277820954209	-3.31620597549067	4.423225677022262	0.027181816458648624	-1.1289457361220794	6.621032456098736	-1.6412397880045309	-1.2334915118186718	-0.19165762249054438	0.9831389236352939	-1.4405072855689798	-1.0588873237603509	0.8113383170166374	-0.7780216300584686	-1.5577498327840187	-1.3527106693449191	-0.493365274201516	-0.7784608716672234	0.8367877939713789	-2.9668022162987695	0.024627994329237173	-0.5972903171616388	-0.7325589040442689	0.4814385059635114	-0.510933615427119	-1.1833671323446047	-0.02384393079127433	0.04451990086908153	-0.5659753902625067	-0.1474941704137948	0.8695703902720383	-0.8651222623762534	-0.06416497626158378	0.650171476703191	-1.2057387755861582	0.03805114993695502	1.554684242178862	0.7054315167006797	0.21845721949252536	-1.4772325197441987	0.07205470948848004	0.46958497085420564	1.129730706006215	-0.14428465394306927	0.35128257333468405	0.72811303265619	-0.20358916000840888	0.3126583325211849	0.5042974601620669	0.17249267236087318	0.3037170607141623	-0.5988781382936625	-0.2865266134282443	-0.5195481016952659	-0.8621816359467036	-0.6427714230522973	-0.1324047790138759	-0.02357530272830713	-0.05235644762561048	0.5774369082148423	0.6621726421420694	-0.16192559337256554	-0.5198675643661662	0.20501362736626355	0.2409865069071169	0.3842359336078221	-1.9832228459085592	0.3769566100255266	0.8928109400359421	0.03437591850611115	-0.6769204022084362	-0.4101408314878594	-0.2889181881331551	0.6997398542776793	-0.817903522068742	-1.0029025520203156	-0.6587676385979429	-0.4687490908923543	-1.6105004567030363	-1.2234532414656674	-0.3605032717383531	-0.49331243169585515	0.211507166154717	-0.8043836401954259	0.4070712185121447	0.35625630259998503	-0.6041018490184965	-0.4189476149861915	-0.7531584554831511	0.7843913645404184	-0.20297413859642438	-0.10531175213421864	-0.22899814782973033	-0.4317646175263031	0.6691813336487087	0.37388170924714864	-0.29004330753483143	1.044901769036665	0.01978340649901638
DTXSID8040800	-0.7688294984030385	-4.565060370332966	-3.543185319929244	-2.2174618073387085	0.3408938878306388	0.24185173547019662	-1.7255473690192302	-0.13675886482473099	-1.1183222335270007	2.2541197087965976	-0.3921887708464797	-0.364741903462566	-0.20084009711962486	-1.7293254006343657	-1.5729916041794023	0.5124459985047679	0.04235594527120885	1.116939731617901	-0.5133263599130033	-0.2625587062904318	1.366876368327013	0.08547526811134376	-0.8101339994998255	-0.6967874672983161	0.9824411145215083	0.15502648239073352	-1.3046682319292273	0.0586689727124352	-0.018526132091272646	-0.7093689031712408	0.6327079131541932	-0.041046958253084964	-0.5369704816117002	0.23952839739391105	0.7428979905322954	-0.5896786638479559	0.6800554517230221	0.30238972358931404	-0.06341530157923357	-0.26304297661683174	0.044199942958436364	-0.34477551568282166	0.3766212023778031	-0.2750835614012126	0.41707379233978514	0.20583180824091224	-0.3016171296636107	-0.1920114405289618	-0.031604413985472896	-0.06003818278805167	0.05180211580346871	-0.18195989735788373	-0.2570545382604634	-0.06485069870495075	-0.4773523781645555	0.03274149064886293	0.23453184334783375	-0.42848451938727966	0.2557946392174982	0.05673976181037561	-0.39952029219490126	0.37608266691273573	0.6329593128164515	0.5328048900041182	-0.2850091219378793	0.5817543060719259	0.091160488948704	-0.10694932507241099	-0.3892110086338848	-0.7315610093714484	0.37591446072122897	0.06885536257400217	0.054890950002808865	-0.19516874502794224	-0.09980178595457767	-0.8636386566350008	-0.976821085953793	0.05375267370149572	0.5774901941036018	0.3893863663272572	-0.4632205916614213	-0.26150155773599687	0.7326005212294054	-0.10808861349605214	0.8724643939481521	-0.09148289968279591	-0.22802313390594087	0.8654992437338481	-0.2154979148059312	2.1104036502266412	1.1482094065462913	-0.23030379802561537	1.8069951312885393	-0.6556464750295445	1.0161305447659281	0.7010603347888298	-0.8199871005838542	0.5812071604227768	0.4037187268231972	0.027194537937446417
DTXSID5045093	-1.5240924461122083	1.262974382823866	-2.87047503026678	3.0570410958673664	1.5084615227855533	-1.8532119485443383	3.799388672446193	-1.3995856037261474	-2.052050444774958	-2.9823602250449204	3.5999007013675186	-2.403986349214876	1.7554197034833596	-1.3159763197727	-0.15619835244768074	0.5098176511961225	-0.5208615699865086	1.8984020182336767	3.135632939062526	-1.7775757554492817	1.8408544981594694	0.9517858860689558	0.005875778263117496	1.033294262945218	-0.510515914316537	1.7215628672450722	0.09702327945448148	-0.6897025862824528	-1.3412805499644154	1.07963127022445	-2.1436725038343103	0.6257748816574312	-0.7520419646937845	0.4338791483375602	1.0867357487968425	0.8065876983917276	-0.2032240362100649	0.3382220617318173	1.3404762165697253	0.24403578370416007	-1.5299795391274293	-0.862281100172348	-0.08670335884902457	0.02659900683999601	0.49438247921993694	-1.4725664135814815	1.2371569508998292	-0.12754658542785008	-0.16967679772372615	0.4937319718807864	-0.14831472077925953	0.034758792119803796	-0.03156629508681148	-0.7905994410968988	-0.3953707512882064	0.0696650257127532	-0.38633237644546964	-0.7704940613844015	0.4281839455727779	1.0071852859395403	-0.3382887069062103	-0.6645966365708692	1.1879917237997455	-0.21358414900547013	0.4422002780932923	0.3349483488459346	0.3999112644783226	-1.0030258493487325	-0.2512437045713814	0.5297919618547918	-0.8744615466370262	0.7777158525520502	-0.2226334113964405	-1.8929194628477737	0.32384435758154234	-0.5132316168771256	-0.08158480191445978	-0.46708528335795213	0.08683923718992412	-0.5844799847899381	-1.1249986045281164	-0.2207966081853754	0.0632644704806482	1.1303403768203353	-0.510311286815683	0.20131679680179124	-0.39311371142445595	-0.338761119137913	0.23539617853076142	-0.2688786988354868	0.9901856945302484	0.7918800559863837	0.28491672605214846	0.6218292948637327	0.26386305179926045	0.19819445243945405	0.18516308881104174	-0.673281505829127	0.04860983810160966	0.496019140434553
DTXSID0021121	-0.2517236043161208	0.5258277784417563	-3.3648133208993665	1.9034470582544474	0.4824678496806638	-1.5820072610146163	0.8979132201526693	1.7995889022580698	-1.4078252166797856	6.463670434768409	0.7094471931112376	0.7330310297030962	3.3816942745459317	-0.49398380662527147	-0.8519202111122572	9.31902713607417	4.816171379915932	-4.047694851926574	2.01894346686313	2.9048217521670083	3.913686926445632	-0.07008429700794505	2.9502242380856933	-1.2175055274664244	1.9321415397831014	-2.8020962872797845	3.050602780304694	1.1626319019537148	2.724224471487396	-2.0330240904359447	-3.6978115297306147	-0.23745395495117128	0.591940446145862	1.7400403801315472	0.03995615076559383	0.02981704191539635	0.6844176513793039	1.3470466148694131	-0.05201081103356521	0.9696686801936895	-0.3780657172899711	1.369929283339533	0.5434536667523019	1.9363616531272423	-1.5334462462294427	1.701155844143449	1.5339485518624163	-0.16350410217596423	-0.8623443113933786	0.7214665353980626	0.04373567631427915	2.0443798673152243	0.9828257063063122	-0.32969451801624095	0.9402365946379782	-0.6212061933227496	-1.0623623032204792	1.0626282094456567	1.1491778282557077	-1.6425076529603677	1.3063049056033902	1.4984515725392524	1.3091402803403054	0.17023478750619894	-0.21838705489743654	1.961877954648729	-0.390621819782889	-2.368637552923653	0.12029578540648779	-1.742377366564342	1.0146501882562065	-1.1483551641014202	0.6796272810273682	0.2808013724383899	-0.09392165675518702	-0.1314393881253815	-0.15053891582131415	2.267283351934178	-0.012642594480383691	-0.26130800500389034	-0.178285065858341	-0.21808734615640424	-0.4743976238137875	0.559788324057307	-0.159391478448033	-0.33521081396354785	-0.7787422826851237	-0.454176351716846	0.12045281152820209	-0.775929228658936	-0.1887557177786587	0.49671430703432656	-0.4145490001007081	0.4428417840695126	0.4046373721365117	-0.4775321636596041	0.41594449533374034	0.07018746211432317	-0.3577312836085748	-0.01005593874401923
DTXSID5020493	-5.8421527694540485	-3.3492727434852343	-0.301869692945706	-1.529347422972734	-0.5224743207605799	0.19514514802435115	-0.4575437934353366	-0.2113769711543997	0.09388729131451129	-0.04978270973283343	-0.3798500346584121	0.015063516341439964	-0.767744012988085	-0.2721215159843004	0.44922534692053867	0.44865956438708215	-0.5449189273909661	0.45424602565590855	-0.30834285566668695	-0.013372140216254427	0.1873503569533251	0.01154641457523334	-0.41464543450090724	-0.6316216927570957	0.627406279506737	-0.005790073830950338	0.20170758450401371	0.5288015973006689	-0.1285647306993409	0.1501477327966632	0.6611767196675921	-0.05867352547538965	0.10864689365568554	-0.019594475019539728	-0.026284839557680663	-0.5242824257889594	-0.15682437737453456	-0.15597092598058826	0.4520851973760765	0.42427609214233636	-0.1281341320919787	-0.016453143054663742	-0.15268404027122137	0.25880512003857864	-0.17658285798877518	0.06587869648579726	0.4390194010757397	-0.008224828410115535	0.08844337886312861	-0.00035072652133592705	0.11110163127898473	-0.048807518449875034	0.11924884951789538	-0.04443862068196838	0.2816788419941556	-0.5222406269591875	0.07201922420955473	-0.13439405694368545	0.0534964464389292	-0.10542518159304272	0.349500278687066	0.030446100517217353	-0.19461385247700552	0.3192253940309853	0.06136080120147533	-0.02986105542625109	0.1269061512643558	-0.2218361956272878	-0.653841257456825	-0.06937330889404877	-0.23015587249420033	0.3846084766770757	-0.011022833273587274	-0.36466960031585544	-0.2611879622181825	0.2585012120609597	-0.6489690590168778	0.16067414331588417	0.25527385934235647	0.29381723725651226	-0.14656326383143953	-0.3699362281008604	0.6822887289726485	-0.31236239719677616	-0.08211735497012874	-0.12200377201953098	-0.5198090908142854	-0.24175460521093978	0.29837714154431705	-0.3981157299236542	0.5233289925994898	-0.6195844697961005	-0.08507488204730096	0.009041806354066147	0.16789608862457628	-0.15669726356475466	0.23609505591611196	0.38722453648092287	-0.47555460034654146	-0.3179792237146192
DTXSID3031521	0.9029873187488009	-4.395484851965151	-3.831457056233992	-5.558390448300709	1.610336243887322	-3.346639118113566	-5.1678477783762755	1.2612441478355434	-5.6898358951933545	2.109042459376868	4.394129652590985	-3.6419785381363794	0.33727825569813713	-2.9202884175435226	1.7839239048311528	1.594122913155099	-2.340991514944732	-1.7121217836408094	0.27117974487181085	0.35418463577337495	-3.174883059632357	1.154279526001281	0.06918243104525937	7.732561065702835	5.344102868622525	1.7934575031845013	-1.4936499940411843	-0.10068756303046737	-0.9637751220734507	-0.06054834236088314	-0.49210834671609405	1.13464004204873	0.6786604507428425	0.3083987098613542	-0.46673995250439343	-0.09107081927036709	0.35309708873464457	-0.3756338115273301	1.055831203936144	-0.33889404474976537	-0.6465171561257815	-0.004709504066793617	-1.5086343840474414	-0.15686402852989703	0.5792276685349207	0.17355769066167695	0.4061679009124942	-0.1352584963342722	0.12048162325441446	0.012474688564688932	-0.07193267302211624	0.012087127772086538	0.09400591715420797	-0.15843336459656315	0.6812922067816659	-0.5043460073833792	0.1081484837779531	-1.0285809825243812	-0.11336203846807831	0.7275429970731407	-0.9648104228212362	-0.9071536569049092	0.03179858367836317	0.32635712224189317	-0.05368766959756654	-0.255722217992541	-0.5060104228259195	0.27613500316948136	-0.25266435762264505	0.30187812715332335	0.7284323038994996	0.022522122367666986	0.05173452379257459	-0.3405275493864442	-0.38766428994524804	0.2017576770369595	0.3473842548162115	-0.4684515249543104	-0.6727985601872069	0.024883881490127085	-0.3806812913678804	-0.01669582761490573	-1.7597967733643674	-0.21702899247001795	-2.5869467863646483	0.4783710219380957	0.21837517188986236	-0.7114315188103751	-1.0551116746582776	1.671054721483659	-0.7591891021684711	-0.7490490537163461	0.5461621941123672	-0.06369255758786042	0.10310274654423873	0.05937832973183991	-0.12854549365750179	-0.4706014050252327	0.4211649507758891	1.5027324816018515
DTXSID1023314	-0.14908539225326053	2.0825260462103703	0.1538094317901799	2.626803648998777	2.4339099083607265	-1.0772665822940042	3.07994983675762	-0.3552443623678001	-1.4263690342702435	-3.1881452405988457	1.3869180230053075	-0.17418401107126563	-0.5996360003162661	0.9157871491523173	-1.3884713777031898	1.1449278135466796	-2.2870270748449713	0.4618782275163469	-2.912816745081404	2.5582144142775287	-2.20083522159717	-0.9365416047874741	0.8450846920533778	-1.0088783825145031	2.5756223157839715	-1.8130379347913799	-0.1737081794223744	-1.0862183842913584	1.519835468017326	-0.8850412500264868	2.913679081138705	-1.3623428656002001	-1.1069574625062994	0.6571319394995563	0.3493362927954057	-0.12262086181486455	0.40936342165623624	0.6489340018387049	-2.61817878340582	0.4169903342610412	1.4211699120090617	-1.018152998396108	1.107823107531354	0.4804811016680263	-1.3022224281985242	-0.016463056924853593	-0.23730261919869872	-0.025593151641622857	0.7140256029297641	0.694052468971108	0.058268994704717886	-0.6107029036737701	-0.585987572620147	-0.6082745501180763	-0.398118007833268	-1.0029260187440285	1.037760695569501	-0.6779990485176455	-0.15581390127365702	-1.6114814759844682	-0.9882594907811221	-1.0550993963769582	0.8832281372502966	-0.8158871627595723	-0.7123161828873648	0.6939076368692148	-0.21844396455182433	0.2779627154321878	0.4876492835187726	-0.8406944389386415	-0.9062691085274498	0.15151075277460466	0.12337729559953627	0.059848789538844614	0.6490999577634061	-0.09150256990490112	0.2019579933863916	-0.13495132980257446	-0.3592258836384642	-0.8614884212386131	-1.0060928794389263	-0.5536117668702445	-0.7713906569150998	0.7417222080449438	0.5894242285481334	0.8698955311239075	-0.10238878881691907	-0.11351992438540584	-0.10667319706671534	-0.7467567848392089	0.11727865080983484	-0.6872307455115236	0.12980492561611034	0.07852116981561993	0.23486495244446876	0.030729721190307705	0.15847127345504738	-0.5199778849057184	0.28370539702545616	0.6386583491690467
DTXSID4048692	7.40137155511527	-4.512943837839439	-1.0418304676840877	-0.26594356110044515	4.264966266672804	-0.5535741887850592	-0.20273088332397626	2.2797916442461266	0.448616537565529	-3.792554076330007	-1.913397263328788	-1.0476440032713574	-1.608128922646831	0.5529963669239147	0.23391420170029525	-3.9900039305323314	3.5036936746338094	-1.1369851369823045	-1.5319076593770085	0.8065979092909985	1.3507773919881694	0.8357082404660645	1.2732876749726452	-3.34254044091005	3.8719603148492245	5.649992089422889	-1.6096069815325356	-0.5380755356654293	-5.968601745107602	3.0226754136541634	-1.401336549975477	-3.129946927013882	-1.391855607900204	2.5437884066774106	-4.320048547427263	-1.9834935466728658	0.6353192020966649	-13.847476279361143	1.7822468096158297	2.8741983685439094	2.432907341587314	-1.0401611608289927	2.001679320720227	3.79475390261282	-9.62259923053803	27.222360190527347	10.628215093904718	-10.555650568170746	5.26381913231719	9.35074418840471	-32.237617860396604	7.524871314341609	-17.34988830037375	-8.562570589574117	-16.86984537134143	15.175726865749306	3.453689087074516	11.29787254914887	22.20235835805447	5.177676078008291	0.009405447764384291	-5.497292537999453	-5.5443357188053914	-5.231821690327798	3.508702185745171	-6.949647812541027	9.09705616689034	2.370880572292227	2.621836000236441	-2.1931623517624317	0.6575946464002529	5.787562587213231	8.4420821906039	1.4705706642220366	1.8269063187616978	3.0260440808869338	-3.0350716676701284	-0.9804558754837782	-1.636308817541084	0.9824700242317821	-1.3672922456065677	0.15378501310907036	-0.18838239664330006	-1.453241818920841	0.48768238698786126	1.0962173562139765	2.279609891840238	-0.42792981680436293	0.21789038280537543	0.8736903413750581	-0.5453564873702289	-1.457061064492908	0.020237418581079872	-1.7195685191261216	-1.245302228793329	-0.281126728346388	-0.6188898437797028	-0.20492102684412283	-1.2574679086581122	0.5991866041774591
DTXSID3044839	-0.865432042710225	0.0350101569938212	2.0092937300133675	-2.188167500559381	-1.1589524555354576	-0.6970224813043028	-0.6314771819454469	-0.3150296338799464	0.08105082880983004	0.21427361057684227	-0.3460947956424191	-0.0007253279525623526	-0.6704578533560567	0.04169660431217112	-0.3696563890744616	0.48663832489855346	0.637493214093347	1.0917127776220008	-0.5414371651976291	-0.49313741583898174	0.5487245595124802	-0.7596991496963327	-0.5718963315515702	-0.5587141799969634	0.8959054604327137	-0.9582280942252737	-0.5996064407211897	-1.0888744369584744	0.002385659528313462	-0.15168315880220015	0.42241534197096114	1.1850914706678115	0.6983671710952174	0.9529768431221667	-1.9322541439179324	0.3714760811917124	0.8008231213734238	-0.885333885067148	-1.2120858756767021	-0.7029146909644612	0.22732247793727045	-1.197694478251636	0.06950285324473429	-0.24079048430370434	0.049868924371524015	-0.42021451466971305	-0.8191709995463765	-0.23538894917542572	0.03700436733558674	0.16716439361846444	-0.367448367656312	-1.0447909597497864	-0.13452001715216638	-0.057776504826237605	-0.014784270739936569	1.033238495077546	-0.08583924601912135	-0.1736723797402685	0.18932662120017618	0.3234277355049561	-0.6994723210248011	0.6934893711517511	1.3701924465090964	1.768923966714366	-1.4344898441701628	-1.077297764071341	0.24049714825908167	-0.8982049514100479	0.07438980535976018	0.17570575468992544	-0.5507991289333851	-0.03418441641219558	0.1179938014497219	0.2460809013447957	1.6167719983758932	-0.2174142451155795	0.10596493476095059	0.31843452118523136	0.45873783517361993	-0.5942743743843241	0.37705395120827845	-0.45637109191573877	0.08864167042601327	0.5341804608596862	0.8649964747605674	0.1720593907524403	-0.7853705273837419	0.6037839681342723	0.0934573089338929	0.750197242790143	0.17171382824451276	-0.238554105794803	0.5580243304006595	0.4556433784045421	-1.0401894937072698	-0.10549987733350566	-0.43427514346416257	-0.14944080010558197	0.20617219472877077	0.2410515147684581
DTXSID1047570	-2.880879073801667	-3.449682289551682	3.4816564958392546	0.8035049594688559	-0.9475764275455317	0.7090878609825066	0.1912568631175142	-1.190963593682667	0.4807540561898476	1.1649829830467526	-0.3336776555529367	-0.22442186292882044	0.5114890177648369	-0.5407533941516796	0.5227976428634775	0.026219045249062652	0.3671983921868238	0.6002695500770674	0.15389852888289562	-0.8183064684223567	0.12050294180085648	-0.36892803514217587	-0.5467550215047707	-0.053656133889710314	-0.3347821590772164	-0.4498391733977147	-0.6861712163099924	-0.08071820038761622	0.29270989120731894	-0.33055710898432955	0.1252348507464842	-0.03987819237818968	0.04361148336622277	-0.369042103686168	-0.14019022788816385	0.5780501594141874	-0.03100941563590087	0.30250724895430664	-0.05644971485382638	0.09414391230506201	-0.034622838234960374	0.13644622194791944	-0.4142067011903836	-0.1716971947766449	-0.24602746545874787	0.27311500019136226	-0.28162439383869925	-0.07656898529560348	0.2171119612482935	-0.002462345034732692	-0.03172515844434452	-0.03788309509443978	-0.14870982126496476	0.035884896301795165	-0.15808647995812408	0.05424004792883909	0.1362459913190889	0.12474472367614722	-0.17046509363262985	0.41595808063338685	-0.22746779837727413	-0.05650504162800435	0.4791080503641151	-0.4420287770261605	-0.29834581773373836	-0.07331616284708653	-0.055271532225544574	-0.07793221532054004	-0.0850146970300518	0.10732203815591498	0.24523814843607808	-0.011632289459964118	-0.0956460798238703	0.15248450049628556	-0.36619330799248595	0.029411895598444787	0.31171917002110255	0.24904651143831597	-0.0177635623721571	-0.4895563184132591	0.09848865798399511	-0.6989943028396748	-0.41398934961033224	-0.08839968942208482	0.19706069932337958	0.1836411622921787	-0.08974199379280023	-0.10896541861796355	-0.5008293496681023	0.012030069046099434	-0.2934687809299704	0.3880778283876817	0.039407987626529424	0.19608855701024228	0.0814133967654823	0.03384248192330065	-0.05850105620839021	-0.09162903859120268	-0.6922902447395646	0.07363831621230527
DTXSID1044936	9.327584470504014	0.23556760697509008	-4.260929410481183	-3.6565270108804455	5.011369812566047	-4.535497346682015	0.8943885024896557	0.1340312408930004	-2.902507579262734	-5.7283474511343995	-0.7217489551655762	-0.6509686541668039	-4.023111046520232	2.374290004503394	-1.6786985636957463	-0.17252513160829983	-0.21816839301175642	-1.7265599460592664	-0.5788334634257777	0.058750902645287574	-0.5685817135235548	0.8221596664976889	-2.31687913588008	-1.8727737803440612	1.0028976913854237	-1.1873116878876293	-1.9653390845406145	1.1445629391706802	0.49732881038164134	-1.5349137998803992	-2.6326009092459155	1.0201876163523216	-0.49886939281471404	-1.1129445599276244	-0.42201076535942306	-1.2442500697153738	-0.5750266552097768	-1.1021888324197855	-0.6164949120324315	-1.3221093295378574	-0.07474826947652097	-1.0733113581410436	0.2360191074605568	-0.23881915957008884	0.4019750733489265	-0.1411288572083593	-0.6335690064687866	1.0415724526236882	0.15898267511754313	0.1307319453196916	-0.4288282709436262	-0.08611864442820419	0.6287592965827089	-0.6530180436254356	0.43287800002545523	0.1825587199966079	-0.5069814193466218	0.5474163211105946	0.45164921609693726	0.15166547444806136	-1.3767693572731001	0.09296104059537477	0.24101144802558983	2.2566514385813665	0.12858399694395015	-2.264570613387181	0.9420450014548483	-1.062341394333948	0.8557152327690573	-0.9955994733756766	1.1984730772226526	-0.5068460638650321	1.3571304982041448	0.3662439098088122	-3.9969912018361224	0.9654035604485702	-0.08780930867918288	-0.8107939519879439	0.9003240673090944	0.8682203752995209	-0.3870753697140917	1.1062045888721186	1.1342321696032203	-1.130238981197926	0.37599316142689015	-1.2625490756249604	-1.3752979112785517	-0.9169262021968738	0.792244521618017	0.5118708383661514	-1.3920034616486388	1.6324653179282873	-1.001174942303084	1.299313884889008	0.3181591680684156	0.09821507162195542	-1.3919079289495047	-0.0314900320068317	-0.518379750512324	-0.5221857080492678
DTXSID9027653	1.8141771373624271	-2.6085248724360857	5.4354452145830825	1.922995019923904	0.4195868944432527	1.4744959123297434	0.34485319946278276	-0.6916344178618453	0.14876212144661574	-0.061320629302677884	-0.603067032435183	-0.40618623069930415	-0.6477672923930788	0.03537263005938637	0.34744509184084665	-0.9471033503689769	0.8069423909371068	-0.4612032671506286	1.208187881526061	-0.5258212940414886	0.025796915103164918	0.2688598521492965	-0.3792803903521036	-0.1167035506372061	0.7194425275019055	-0.8936112827011999	-0.8364249489019083	0.055271322918739506	0.21046786886545402	-0.13287237249055503	-0.2592751179969573	0.08732242526508142	0.2725769618318128	-0.5241536382291785	-0.4158709708217475	0.3650005470664223	-0.6722737377073625	-0.5694934189976029	-0.4238452288122178	0.5793796934979016	0.05374750130665954	0.1273553795689227	-0.9859363914663096	-0.09834301533201063	-0.6162150221007472	-0.04584641544682017	-0.049555371302128656	0.17395751282511757	0.4148180012029227	0.023412488365610277	-0.06921009223491434	-0.5376555871179773	0.1047724323373796	-0.06360668471888102	0.053453221168357996	0.1340020893311542	-0.7960658023089228	0.4595336581699758	-0.18594033063426227	-0.653875025705352	-0.4040658909254649	-0.11642432500599678	0.9032409153283294	-0.4198621682538328	-0.012616888217206348	-1.8839473605934518	-0.6094823908948189	-1.445477517942143	-0.28707733756662956	0.4341909967685252	0.44636431320137526	-0.005486498203520701	-0.14458425381709605	0.30133313300933323	-1.2409784392008607	0.8792805221276859	-0.6302552524167869	0.3335559073500782	0.2829498973104853	-0.5253001754026344	0.37117213054894616	0.4432199607347606	1.0506702526619738	-0.04733913831220459	0.4170768926190732	-0.48917268196375435	-0.05053906604717661	-0.8182515636613904	-1.1214887985156166	0.3515570163049809	-0.6483481727347724	0.0950367528942926	1.6735915858525492	0.8543305144445241	0.22750520204888508	-0.08854830783494064	0.07179981695030437	-0.2139817870424034	-0.7906127989888123	0.46259696840404413
DTXSID1042443	2.9725918836728633	-1.4378675992757306	1.12477257833168	-3.910825530126123	-1.1009087853146688	1.5548657022968484	1.049267395806599	1.7354378816228397	-1.646230783604121	0.04430404417283834	-2.3601938129378834	-0.16414315907732127	-1.2951450712909625	0.09117182526816578	0.3330173309451009	-0.8915966983647917	2.160387841191733	2.4837947885680105	-2.72275603064452	-1.2038133384671759	2.9619152223525407	-1.7072263102276246	-2.358031396616866	-1.4018541069999542	2.6028148191934033	0.6568378294576673	-0.722578016873969	-1.245908001571048	-1.1996854273746602	0.14939163496435548	-0.763628636828966	-1.3410212981558847	-1.6669899151249101	1.7918414064240564	-3.6701694208615896	-0.10699064324919876	1.3942040844806836	0.11302121844425043	-0.09605500956275469	2.8342027372797975	1.4600597261355226	-2.514053025058852	-0.17980153351731518	1.789752522281727	1.3193303296431012	-1.9779966832187335	3.5064879415549863	-1.3476697173923562	1.3510011214576763	-1.1078097548584769	0.3543005175644155	2.7184738236613843	0.4572170409958834	-2.269913668182137	1.4879115710583	3.4597106265813466	-0.10252504699878488	1.9254993033200731	-1.1087360225483236	1.7854540382839388	-0.471579155384663	0.19221765631023763	-1.9861234905824687	-2.195087832642393	-0.26090862055217257	0.636579158801343	-0.10873818846787768	-0.08134603083231783	0.1489986589315024	0.11850981130453969	-0.523154437145946	0.1474697661667981	-0.37851034862538996	0.5116128214097249	-0.2245520261781729	-0.3365551424192329	-1.0367366364884243	0.6100081902262423	-0.3643444298020816	-1.1510091182885136	-0.8672044818862057	-0.11154660210310581	-0.8868952984468271	0.08859168490640777	0.4255944495171912	-0.0985490439996339	0.44393522711772393	-0.1646184334031744	0.34131717867257333	0.3923966913908143	-0.592967908437698	-0.49281176193942483	0.5800557982762309	0.025493911789146104	-0.1654614954275023	0.7304510959070575	0.9982901058086397	-0.04502263388794404	0.0980271368972792	0.9651262706613818
DTXSID6041927	-0.6261546853993882	-0.18671774514196957	-0.4852912247613705	0.671908462884222	0.06725789917817727	-2.0046850000839305	3.493253409677917	-1.512114699585726	-0.6763593847593513	0.3247670913019037	-1.8901911756347713	-0.42531460522805836	2.510635642607595	1.1388423107677923	1.4356844954385832	-0.24475385319232473	-0.5847896249845702	0.7946323229351242	-1.0197339444959483	-0.3070529921791032	-0.9020831542821948	0.26285188477224375	-0.285229332113367	-0.6895893704308875	1.6626074313505717	-0.020823407469257645	0.4570364459745629	-1.0838104708290066	0.20171651465321144	-0.04648358380425297	-0.993279294472551	-0.6686672781406328	0.17652817685027214	-0.7644751420062799	0.7889942366843418	0.4616038377690938	-0.06789743860896816	-0.08877956960643689	0.11424254489854603	-0.19217216675584767	0.8896246464221356	1.2608798869448274	-0.42895904466157464	0.10263097931366642	0.6938468620353144	0.31147962197121165	-0.46347457815665233	0.2966582033687144	-0.13643057172053258	0.29316425538716173	0.2459491276794611	0.09425978929631157	0.7383746289465949	0.3860441643653828	-0.2867548937330658	-0.45594817770021323	0.3565887325966307	0.4518289330180996	0.5645963465128675	1.077189073260268	-0.6472328174120149	0.5891690650783236	-0.7320317900317057	-0.17998772901091545	-0.26390725033211965	0.19415500731964663	-0.14265293027258424	0.03334558384756181	0.12920374992773367	0.7743983773236288	0.6671617749774935	0.24971314310199685	-0.2970978284313591	1.7082418247891942	-0.3984203606016164	0.6732268975960258	-0.09743681974112525	-0.485081474296495	0.23705862014689144	-0.4647012840159302	-0.5277497289596172	-0.05641533938947482	-0.12584920074539055	-0.5268652572341324	-0.24261829316247316	-0.18460106371951898	0.7421173021142513	1.2203945879635312	0.5765717094615727	0.059382587524266325	-0.09820330518256905	-0.12025929148274751	0.26099576999945306	0.08831719550538517	-0.5242148817341364	0.2785581127747179	-0.9164560550514729	0.016433914976428265	-0.6120859017954992	-0.3691917193609304
DTXSID7049429	-1.2813364811351993	2.401098135718915	1.3045801118535791	2.669621402923015	2.977426939649083	1.2362720494589219	-2.9926411826887094	0.15175161950977556	0.28176191989003246	-1.6161309705960976	1.0669211931848048	-0.9455286407039223	-2.105090205844008	0.3360445416496091	-2.758888779017588	2.1484031485260333	-2.2379261542830817	-0.3109965538272983	-2.9230591067737497	2.7068865316164143	0.6322452721847441	0.6085662500669229	-0.9329346578116056	-1.2186526340939177	0.43726294347383027	2.274795315693398	1.8708277910559996	-1.4274537576154727	-0.33717506364397004	0.5840124331888401	0.997635287451004	1.0468316213865245	-0.32045733017910505	0.08605634697713474	1.4308307033531438	0.7862842655284534	0.42025910776094144	0.7472226854847126	0.5248215936545926	0.19635820164440373	0.9861826294186283	0.8574552431626636	-0.8884260142206113	-1.089665931748565	-0.11942215043658631	1.0941651488746627	-0.5912775210200538	0.8747752252933172	-0.5931874447586168	0.5167353536131633	0.11283401317732028	0.8177732127672573	-0.24131192678325775	0.6931150515356338	0.08121282300881175	-0.49036500870384286	1.1433085811911572	0.8738581315024568	-0.8241933818347916	-0.26246441834649736	-0.34192347226615655	0.30718853980396754	-0.5484184550178294	-0.677040156320098	-0.2176615301807927	0.2344139506002417	0.3330390681981229	-0.3949947916967654	0.019977230615337096	0.19997186621828758	-0.6339756716932764	0.17338790088640224	-0.3767802490260219	0.8436502304796689	0.8503903057007893	-0.3644246202030337	-0.564734497128241	-1.4372177919359823	0.07551314616843353	-1.2961211368675365	-1.1604751482991043	0.5641836539244832	-0.2057712666571035	0.3529764648704867	-0.027566067534711722	-0.12291644345365428	-0.43009624191677115	0.1288219855880291	0.005996935621907933	-0.04817199157635331	-0.4960769326188427	-0.015195833568416282	-0.47177515594297226	0.11776603128682231	-0.32078759331104856	0.3914852145334982	-0.326193692607857	0.025904365432174822	-0.1387043139996724	0.303263388187636
DTXSID3024287	3.4152634199355787	-0.32853784946999665	-1.489580059226801	2.300725403031003	4.234238685777517	-2.1623702153236724	2.0412486348078156	0.6053370307154479	-0.9509994816201258	-2.060865020182779	1.5822740646718396	-1.1964375812825574	1.797818270074092	-0.3010204058104012	3.1622736194500813	-0.7064466417222208	3.1754247464801937	-0.501338866365034	-2.895872289107682	-0.9644923893338753	-0.2753018683225904	5.571101704368161	1.3361838251491729	0.80623216280661	0.5576933665006057	-1.7177505794242576	-0.9639533399993331	-0.9560833595116103	1.8953746687903816	-1.580177144850721	1.700017592358367	-2.9039752447000033	1.5264948158326936	0.7878977875015244	0.1372334478568605	1.1356647102158692	-0.9636403622219323	1.3465411574264943	-0.8213435938112793	-1.6485225156719567	0.2877193378148259	-4.031500381552426	3.2418726286111754	-3.4742728022249314	-2.790771966965593	-0.9924245694148105	-1.6751751212016734	-0.8723703733421535	1.7232112910622608	-2.6258001546238727	0.7923569740686877	2.3765244226405877	-1.516291900953426	-0.1408549129760539	-2.3245193886053346	-0.2766667101212287	-1.5782480289096452	-0.1649997936968847	-0.9113831908932727	-0.6434161765268517	-2.189409331574291	1.4510408188835382	-1.935409185273896	0.12862206177348345	0.4277970078034498	-0.7564994049637814	-0.6633274855806223	0.17849174026225562	1.221580483641789	0.7593877136133954	-0.3183214499211463	1.1549418483935525	1.2256829763771493	0.8197523297376842	1.2213863379623033	-0.7856609035633928	-1.2790664550095832	0.7307053937654638	-0.05745770274871774	-0.31020301078172297	-0.11336923185815521	-0.29427575609874623	-0.38673927493624655	0.0407886272693452	-0.09208631960423921	0.2438933021977027	0.6275227883925489	-0.40215455724561905	-0.15248485235170023	-0.2652889559849862	-0.0032471551857695307	-0.122353280032213	0.6069031985808064	0.3248154525236442	0.23666307303005746	0.4626685637142161	0.9983418944378633	1.226476017510131	0.0674128256623559	0.21752779265365207
DTXSID0045755	2.981271098750934	-2.454755517078805	-4.151664102054798	2.4015776086834832	0.46326206748475923	-1.0448389236849256	4.128395368810341	-0.037330699956121954	-1.2442869675019566	-2.170337087858853	1.0197518036202202	0.2789875794439662	0.7903437740045509	-2.0667776621227256	-1.755161047602576	1.0948635433265002	-1.527439081551618	0.7626062140863469	2.162138658824353	-2.1743255052258865	2.6071231239690484	0.36489998013845787	1.2582000627518888	0.4306059390381241	-1.352785383267203	0.9698630453526258	-0.07132099798692991	-0.34664927043532734	-0.686383625323882	0.03383533723232106	0.44145127889604086	-0.16680355423459547	0.45664959579532677	-0.13521830994063733	-0.35336063782266447	0.09117218166283729	-0.25380915539492377	-0.2745813208491557	-0.4195645425886426	0.14754336490841974	1.0335908705394001	0.03883771573794437	0.383111332904466	0.17582027685723367	-0.3027373586690218	-0.7634946938756058	-0.3578221760131668	-0.14556142817648918	-0.12780719336052096	-0.27816688717265414	-0.008416818934732331	-0.49403929663690066	-0.09889709981433684	-0.2214268381886139	-0.05310052287742354	-0.3183655568963573	1.276777781324342	-0.022321557570429418	0.06364939059948455	-0.11867805235103995	0.08102491789818618	0.028915777367721714	-0.7867650336344043	-0.32023053620368	0.12146300860609878	-0.030574105733422705	0.14616693965497182	1.2970302727242178	0.4032996330628059	-0.3284092379026721	-0.3123446987771753	0.1742672092619126	-0.15099109712609962	0.3548287187729522	-0.3642974799743712	-0.11083799945268748	0.2545787181955278	1.422666658384321	0.5038767533657759	0.5832945413086686	-0.9442950364414057	0.05068135021403391	-0.30133184291621673	-0.45530106924957525	0.40652425479845117	0.48304637560698527	-0.6431111486229426	-0.49326279614197505	0.14287340586691694	-0.21208102668470166	0.5978486536018706	0.15740738508491012	0.026506048143947074	0.2709200753182608	0.1931519544778589	-0.35627214669436025	-0.14901669778098733	0.37042222495039423	-0.3467702999862711	-0.18411547124747452
DTXSID2022678	7.696446425416156	2.238934192324008	-3.984263561295484	-2.211544230597025	2.8513006689874985	2.9078763288717315	0.11372577370669763	-1.8437277106552399	2.446973989675989	0.2647535789732383	-0.37969136456718544	1.426890301306172	1.2027480790812746	2.0166117379178963	1.0741317999589048	3.2882279272945567	5.057731893827699	-0.7494909168375857	-0.45777669635618246	0.08430862615914518	1.4504078736443233	-2.438264493193573	-1.3526257981317162	-0.3404550896571254	1.267195667563031	1.4473861368138756	-0.9641220078465669	-0.20592122514590736	-1.4562994802197733	-0.3258257434687005	-0.15097073751308157	0.0936397639762154	-0.9925531974289888	0.26976439565797133	-2.2487348731222863	-1.2902159928252241	0.6177337017157676	1.4867073731368394	-0.06343827371159483	2.335907153176679	2.3748148665246096	-3.0245499626905916	0.07172559365364371	2.135758232118644	2.280336814999095	-2.7900781029108375	3.211127764078814	-0.9650619771136978	1.5026771051317867	-1.0725013326761006	0.5735808461984672	3.011176558061486	0.09201148214887246	-2.0577978032331257	1.0832453571390022	3.6510587539979387	0.3477158907527733	1.9764359697838383	-0.2506717936867365	2.0350805410034627	-0.7487946761486958	-1.39289827844547	-3.5284766439185984	-3.1078050537127195	-0.3745269358556203	-0.10109853941410739	1.1636556634957869	1.7469277623278685	1.2821609272248637	0.39254607084329807	-0.9021574415233937	-1.2050625199209788	-0.5250181348683807	-0.39890147571178824	-1.8057205787755048	-0.25397337952853594	0.6471347789509911	0.0822949370861866	-1.480230742300697	1.3030209783309854	-1.3266635655782524	0.2575494482483483	0.23193017914246766	0.08104459393387185	-0.13603823160031317	-0.30475824106923677	1.887422193637814	0.8672101266469805	-1.214331278990054	0.8762369436208911	-0.2894260071652508	-0.699774298787505	-0.8145259031972245	-0.5958653841024613	-0.44721374874174835	-0.2237590387790422	-0.7754616374153606	-1.0505056531592378	-0.5079840129974735	-0.7731372109011271
DTXSID0027309	-3.3317424997075005	-3.20021578883039	0.7563517062669586	-1.2610548692739714	0.46725569204075695	-1.4762610172997344	-0.9459395276058864	0.4686688955415225	-0.6897844397290535	-1.3903404429740431	-1.0496756027281162	0.5312049634671789	-1.0123139755408974	2.4031754751033163	0.010224795637609136	0.027923926990585334	-0.07390885992338682	-0.0018693819070014657	0.7285580064655429	-0.49498785472208484	0.660659805206556	-0.21867425832374757	-0.12655719045505257	-0.09374894790604996	0.2411703521723443	0.07782256727359738	-0.5953643707995219	0.3188136513234892	-0.014204263308901087	-0.4179647603220552	0.3416496922011232	0.4733586708762279	-0.05587200092861482	-0.2158438819731587	-0.13539225919578576	0.24390029549627132	0.3187512548152128	0.4985737119809911	0.08054933556307414	0.3136179995812635	-0.4137023554632485	-0.1534666236620405	-0.18155071440838894	0.1873069999031154	-0.506640576203737	0.07193942718770817	0.18087570540611742	-0.1177633490006122	0.10549642252636997	0.3005702150710833	-0.0007241487027584625	0.063881338477116	0.07499522922309951	-0.269604428617308	0.04395297253345535	0.05691237543103991	-0.2859332167611467	-0.14295581882782307	-0.15103214212284205	0.0873433604612525	0.22170203821383055	0.2614229446698169	0.8029964428363843	0.33046705144482286	-0.28072413054987494	-0.9882081015156008	0.5334042795650256	-0.790280299217513	-0.02077474791938705	0.8606810233381957	-0.1561928657512049	0.3260775250965634	-0.5379354647322557	0.014263757363860563	-0.2793490210192766	0.5666190259481623	-0.5712496355725131	1.0150523814537118	-0.2469592080262388	-0.25919501729797334	0.32305812639964426	-0.14527691246425106	-0.1344614890500039	0.3554411135980442	0.19290927180987813	-0.026291574075647837	-0.3154139963534356	-0.1508208451501482	-0.0007564352907253359	0.12583239090191845	0.15400563118911736	0.12265061856859923	-0.3057865243045904	-0.5699368663962688	0.0498196103081989	-0.1543863670887578	0.05890755442242195	0.016835837506768606	0.01711908746781585	0.15645882657500676
DTXSID5020867	-0.4478252255509757	4.160616039224985	-0.4384619948231789	2.042798359090846	-2.12480949573483	-1.3337188798457769	-0.33908790424338703	-1.3754433378876625	1.9147732786486138	6.544431856833777	1.1752169068683722	-1.3734700188992501	-1.2066418516198598	2.1703785966100653	-1.0169888308247022	-2.327218414401573	-0.49998754895591463	-0.07429759639264961	0.4348187688435292	0.13392828635597076	-1.0746544198675942	0.3427472551807086	0.2845261246117004	-0.9729899585606174	1.2804580708238629	-0.44283974719528796	-1.0970570879051251	-1.9690742978163682	-0.9880336798959484	0.5548603567883886	-1.5426361948702942	0.833690449366032	1.053783997041841	0.43590604430821334	0.5216204589917971	0.41485092904197013	-0.24092454466209817	0.7010428077821337	0.056508080150152226	0.22225434907532707	0.02328106508865589	-0.5025283276445147	0.9291457473994263	-0.2894869465043359	0.16523382986523732	-0.023753685805103616	0.2423105789599812	0.44826340323839386	-0.2803771001990963	-0.2534539979000767	-0.24169111598078796	-0.04493192213963352	0.429188056677538	-0.6599620408281479	0.09818288326043081	0.2635060559018389	-0.5255390482505707	-0.5925173970242313	0.08309455107285699	-0.7468406856456872	0.6313918672149402	0.09701074361623473	-0.5145748527191581	0.12841576049031708	0.9415607254816241	-0.411582293582978	0.34793147746268427	1.5209757547057308	0.22251501870931825	-0.31021796391983203	0.2694101663594945	-0.5581340598212864	-0.34845995194446183	0.2619843858028827	0.005740357817526561	-0.12366187547671055	0.16378727476874366	-0.46611023620343955	-0.10638063374688939	0.6906240214691249	-0.33280559998984477	0.362484884081839	0.2376503082014383	-0.05638068189195163	0.008054811827163518	0.2738377399457492	0.12043547600540294	0.405448496542215	0.6411328466703009	-0.48551316282730717	0.14981425484037655	-0.005553624703981716	-0.015042929482778147	0.376423238771667	-0.09228478297780603	-0.000816181382122109	0.1854944337032409	-0.35919526656045214	0.02865823202576946	0.5043133838571915
DTXSID5046229	6.583015454620763	4.12023362159418	-2.726564980646535	0.1484931342028278	1.9355488276934285	-3.6167636165012644	-2.6541121320385264	2.871306454499063	1.0798248356378197	0.30174393303137126	-2.777584464125911	0.01834304256121031	0.5311294438535344	3.372325774952668	0.15440446061171767	0.9705585004065509	-0.44276660271064794	1.0426025132301384	0.8660489696807457	0.1699367970182926	0.5007726716858044	-0.3712723637073264	-2.089828306755709	0.7202989233348897	0.4077675879436665	-0.4316539236340568	1.4882961776079138	-0.6981422482297976	0.2100721776681826	0.6680741565553799	1.2874321812710368	-0.13926952977553414	0.931647889518242	-0.1095774763933924	0.9380045827395926	0.9335070499013235	0.40845074819484606	-1.1324109901413661	0.2836701188846625	-0.3483461431516655	1.1850432840798284	0.5990951123377715	-0.17555678758005835	1.0807605961668505	0.3158025656244798	0.7945303710145031	0.040566839599175814	0.9506982323862652	0.18339485170932796	0.9336348370421517	-0.11163650091901811	0.055478618117026354	0.168439509814819	0.5126670464404484	0.06483151984130227	0.3951139977234261	-0.391941609919241	0.08199224249717654	-0.7083963918581936	1.0864574382329528	-1.4669603933350779	0.27774102212748303	0.5430141351408002	0.10059586589463988	-1.1177806177758345	-1.4784975409602283	-0.6955215280492076	0.7121537798891762	-1.6737123488903256	0.7519180075490025	0.32129383312397725	0.8407673070229758	-1.7308323744320493	1.4775627461698257	0.561180669739171	0.976915743460187	-2.0437146114804667	0.40659406473669596	-0.3502234486812367	-1.1042042634852731	0.462358740640177	-0.7723627703269607	1.4527685506175783	0.40979720360923005	-0.1634721144675433	0.34165196471907455	0.8332033813954789	0.6489134774579763	-1.0740911894574046	-0.24902302167251056	0.6161279099110549	-2.00073631247812	-0.5128021024039807	0.5287607527575268	-0.7763016048636853	0.5622203424762215	0.8323330958720155	0.5162874117828724	1.4166353100298774	-0.643948775530232
DTXSID7020847	2.1807608727202257	2.5212298246300144	0.03227495297823543	2.587762785314342	4.848736713000217	0.9714763933672351	-2.5731576606914643	-1.3399411038535278	-0.33349032652879673	-0.922367126139085	1.1282848281997335	4.476883878152359	-1.6144524889205945	-0.8956077191000272	-1.3688464811133285	0.646091480996849	-1.8316723195124316	-0.25871378041396026	-1.4496481144899747	1.2589586289501886	0.23689730546688584	0.3297519919976798	-0.25476132386204225	-0.3608098204530455	0.38615773748266063	0.254039853677211	0.8440387888192223	-1.1717211738260818	-0.21487924479182294	0.34113426100224137	-0.0211330209880609	0.4411184294409248	0.48000587453848775	0.20680814020887342	0.8646469424613312	0.6395369553759508	-0.057074319150375384	0.3331715197767371	0.05486766953918393	0.09968142212115937	0.3714962314789222	0.2696490363008681	-0.4449443144724454	-0.19325699439313385	-0.3132033106644382	0.6708123706264725	0.27297829214577357	0.1712616053923542	-0.3071198871216033	0.09664419330455484	-0.1173664256616327	0.21922286929934792	-0.31072003055613556	0.011106989024696902	-0.16225323524229085	0.4290428106529915	-0.4002891789651203	0.4857052300934805	-1.018645273001024	-0.5601133369894349	-0.17252356511875616	0.26356610159324445	0.3145876119432488	-0.10842264999508654	0.05409092853897293	-0.4205695651704992	-0.49038317321842684	0.8552721345461264	-0.10095259112656603	-0.05021994020459752	-0.2973179755287313	0.41702167163628195	-0.4300450519882897	0.3694982847551091	0.31299806689942666	-0.6844753766877857	-0.09128275492818587	-0.034311447816421314	0.8397299536554523	0.5584724539522179	0.9776110018185654	0.7535193813419513	-0.11626656706370407	-1.3819827269510536	-0.07770210453808689	-0.7275348796411537	-0.35845845565009604	1.0054169757877014	-0.8382961257494518	-1.326236609226114	0.6770444878969968	-0.3489078652476713	0.34009961206327005	-1.0558073449694425	0.2837366185872064	0.4457627679851676	-0.40479575444511323	0.03422826453911426	1.3551618980445466	0.22761425297442073
DTXSID6046688	13.95102150538215	3.090222404108073	-6.655141667345661	-0.2665686160719356	-5.165267317763034	-2.3443954527080617	-7.6605291469139205	-8.772690530509951	-6.454409433639996	1.0440857357668445	-14.356611257965897	-0.6478941891349581	18.291347048150257	-0.12814960158117172	0.5497687335878273	0.36318864468519313	-6.383129230137632	0.4507857644389515	-1.6537170940414492	1.0961780547949684	2.0441795699973953	3.4432067317993793	1.9619229421191224	-2.8062133612594646	2.653239520669717	2.457266385938831	1.5876165406080323	1.15884830261048	0.14349024579458747	-2.2554317509257595	-1.0291932313671435	0.5096274332927491	-1.9170237162030404	0.7283310874731633	-1.2175324174388593	-1.7913584694281026	-1.988306618833993	1.564899698815926	-1.1365715340065898	-1.5201976736278144	0.516292746660449	0.8333342863059178	0.9859149060245279	0.5400045335970893	1.0720778376874478	-0.009165152371184133	0.42262091916951144	-0.45545527136661185	-0.47224632574417486	0.8896639569433922	0.13269828593136435	-0.4537111981110462	1.1162637458809463	0.6134976690767606	-0.2137937266853219	-0.2129149142856957	0.8878024195123946	0.12681514474019157	-0.5005658960736182	-0.2587295121464776	0.00879878486729393	0.3114271702560042	-0.23259084407130032	0.4226267192500343	0.01489405548185719	-1.4009429067899906	0.7711651847289391	-0.5130558317603833	1.0839479606813331	-0.07543926617847926	-1.6204099816069542	-1.703816671755095	2.0906168562613847	-1.037778551117257	0.49402443880241387	0.7695794017068155	-0.19708025178247515	-1.1151010451943046	-1.6960897695504398	2.2588803399969146	0.7398945051678778	-0.3851815635491013	0.22121683620145796	0.39932058119627106	0.7435104691816135	0.6641838374770843	1.6408125149197579	2.218083324535278	0.676485975680387	0.17341388053236753	-0.8597923397567755	-0.8100017870220183	1.2827027116442986	-2.373046782996976	1.684872368770252	-0.3454657769288702	-1.6561464352199202	-1.3139628586899466	-0.6600873899436801	-0.5620521261997369
DTXSID2033863	-4.936695352463794	1.9627004941524258	1.484015252312447	0.0994718459725356	-1.7598251686078605	-0.07232550697493029	-1.313943628579997	-0.7620689861470342	1.786050332100007	-0.2554196927074513	0.9945031963362498	-0.6743458070222923	-0.6098823207920259	-1.1739706140285693	-0.6376035017362018	0.8541475125971434	-0.2786339799299302	0.07791398413042668	-0.11521452878203754	-0.050366543557387046	-0.21266424406377238	0.10919258069129259	-0.8501656736485342	-0.6136820569272528	0.37855240006037183	0.1932647537142962	-0.4708298414781501	0.0051821806300657814	0.09862489865354694	-0.3894650272696171	-0.42615162900904596	0.34678935208123246	-0.5634587909575521	0.28969023267602517	-0.052940933247593566	-0.14027599789606762	0.4713189900988019	0.14159539117715164	0.011927837223738693	0.10544165245945011	-0.2381065842098721	-0.21613928670439175	0.04011825609024229	-0.2017965608802555	0.06429813421561195	0.1919408961289435	-0.5493394416892298	-0.3774113191451902	0.24282284216852665	0.08674834050610819	0.1453514116953673	-0.1440384391901944	-0.024609446403502235	-0.07030072457124066	0.07375390913825813	-0.11727969670495374	-0.02686211847108771	0.011349518740813289	0.5285805286332178	0.0368675163010131	-0.10799255048598254	0.4190436874873918	0.0901277121025811	0.4462878571356679	-0.10563510804214114	0.15289777085940143	0.1874590407067752	-0.6165286369621495	0.666289260290829	0.6560989148487945	0.7202041218782367	-0.5685177599396153	0.6539700331573843	0.45821778208312525	0.4124422266047001	-0.33511543000422656	0.43403466459893525	-0.12974707722452464	0.16346917698776578	-0.22574583571806753	0.1694573962514184	-0.13055398803199536	-0.17473038313263187	-0.20361821391445512	-0.029878604470752555	0.21840615390763699	-0.15366701627356144	-0.21098464627382474	-0.3262884910891354	0.1785189898387083	-0.19383438044737636	-0.0648055598272058	0.13664175147516414	0.30658274402262004	-0.20160950376396092	0.13682899318065408	0.19769271940044833	0.24183765499912924	0.15026886031477127	-0.21969318739530252
DTXSID2046250	2.160833047505374	5.779862542352225	0.11788269394083435	2.3805411999399952	-0.45695641313461893	-1.3434283253851864	0.8601079000157792	-1.0686770302014368	0.0917548008065667	-2.968441952945623	0.7265619818410567	-0.5695826736763305	-1.174766371871129	1.1395902282163426	-0.1351200270524804	0.01509017447046001	0.07019145286654023	-0.3404660820232763	0.09558343396503735	-0.32730353523321615	-1.4244606880965511	-0.933406091040696	-0.1517169773030479	-0.11274715862674017	0.6409354170167523	-0.21490608091773789	-2.024562843746719	0.634156824138259	0.41610880088402413	-1.4362378484208094	-0.44678386083416444	-0.45418517999611246	-1.2675917261693435	0.07330520275740493	0.8033794361757182	-1.0013804854031267	1.2484556225601886	1.5912774461665575	-0.2830327315166101	0.2027155506381354	-0.2816106735988693	-0.4904889217939253	0.6925195812268348	0.471435757668106	-0.6410903480844363	0.17356791057696036	-0.34543629563056844	-0.5900863852218108	0.7871703835449034	0.509051916048025	0.5615853553233974	0.056980464661297775	0.09253920886816076	-0.9079348844525182	-0.05507769122791477	-0.6244268139981627	0.2567270219152219	-0.6563523310581088	1.3374581514083417	-0.8461092763599544	0.295576337917904	0.4209995657564339	0.04445303771727326	-0.7854321395427623	0.0009848597270468895	-0.03637628926939698	0.8943033815868789	-0.46522440494268263	1.3958333014561655	1.8801940975123883	0.7960606064800406	-1.0805265478834782	-0.31246141045015424	0.9430653820932324	0.41015081998803216	-0.19110815549139162	-0.470480300984056	0.11291947731608677	-0.30972194091242217	-0.996540849259983	-0.6027991082468181	1.351527501450273	-1.05642569558527	0.3206679617163541	-0.14128499958511134	0.1041430197233354	0.25026816067036095	-1.112889244785526	-0.353377153716085	-0.6320371070317842	-0.043990207604715205	0.5998163488545558	-0.05552840574272963	0.6423458526642959	0.20421330806294652	0.7842055278196012	-0.9231234720996098	0.18862059345979457	-0.7138234100706197	-0.5160132687784112
DTXSID3027798	-5.927317522973221	-2.3811772571808785	1.1846166984022946	0.045797574765722625	-0.7026328314915928	-1.248490764193804	0.6663365998809889	-0.16108683434735996	0.7778392956041368	0.433777486349958	-0.373697283260314	-0.27394870976899005	0.22670435101596675	0.4631611093829526	1.7967149366140711	1.0130205053024497	-0.39179323527422877	0.8108494239083692	-0.517713476278245	-1.1804995559008569	0.5233319509433758	-0.628508187720878	1.387750247097689	0.09936962605946655	-0.28347194478162263	-0.35493579267463377	0.39609770490069196	0.05300349064655714	-0.13236222799046052	-0.9315619420829294	-0.7011444779268761	0.09724854935809728	1.088909885477474	0.16337783546583984	-0.6660259558035299	-1.0219356666268011	-0.8192061721701601	0.14237030747507334	-0.735385563071062	1.15760987185738	0.34377837555285323	0.544251833393385	0.4051120518209054	-1.1253436835240584	-0.10636659028963603	0.46548130660971715	-0.4701404693830293	0.2543116659940173	0.3338133435930651	-0.02079313684576668	-0.0807018313116335	-0.3344759483371258	0.37169218635909695	0.32356548213996733	0.10002963065546236	0.584729633628114	0.7646455502678087	1.1455382011670812	-0.45679377349534733	-0.11791806015314196	0.34077016762118156	-0.8895519671916577	-0.021798144359789717	-0.3049770198599975	0.19176886465592244	0.5103605405790764	-0.3474274341232055	-1.3764364968874507	0.01357506753024467	0.4659062128166166	1.9216705227391115	1.048640052958756	-0.8794488991023138	-0.7991354802490903	0.08155363818272385	-0.5217872792169352	0.22961800827931783	-0.6097387280811802	-0.1567265957647729	-0.402265927277723	0.6460069330050758	0.10815455533042555	-0.05238780594774437	0.5344663464578522	0.6606809595330062	0.28889306458927694	0.003617334190129854	-0.1388863615687379	-0.5484622868429087	1.0026305999844203	0.185931071639652	-0.11261434211850217	0.5467004931000659	-0.07331464588362664	-0.10920837289470502	0.1686379046637569	-0.7439286011218722	-0.34141986005280933	0.23608967011625875	-0.2878220717724634
DTXSID7025637	-2.369709481844142	-0.6436594325804803	-1.9715565644065756	0.9163988163540429	3.150546773618601	0.057963135339118954	-2.054655133617178	-1.9154687361054683	-1.4742721307101625	-0.3819272499665673	3.187519445771881	3.8335845658965173	0.715894243803867	-1.663571485900156	1.856933026652036	-2.0577612247503465	0.5906590231760541	0.2596477879308932	0.03019976234503502	-0.16530017973213543	0.5232815947037663	-0.17082772400630603	-0.08886029643286776	0.8102365691961706	-0.2699065419479276	-0.49384728273157086	-0.046547990334467854	0.3360661992163334	0.2046690097135601	-0.020407158719161347	-0.17036655237921813	-0.049068423710152076	0.2038936937703117	-1.0245239699369306	-0.5329277611622564	1.2269738773957126	-0.6038602365025566	0.3270944290687796	-1.0552740155716436	-0.26806317732318447	0.5645827725958793	-0.060575004225032	1.1593595418600986	-0.5771337089680673	-0.4708538980272032	-0.1559498073713318	-0.4833241635702126	0.621196649897502	-0.2074479909945625	-0.3285080272402791	0.1463968367197349	0.5804718853686042	0.14131497448497163	0.4459921095082319	-0.002155636728152215	0.5293917693062654	-0.3493131037400833	1.2182634690757703	0.4699221825141483	-0.06665341328593243	1.0249597021885706	1.004321903959513	-0.6911204458519656	-0.3646259294719986	0.3854503128070935	0.44431765399612416	0.23826214778828667	-0.17306970634694716	-0.05271255949616055	0.4153766112224295	-0.36590730491207646	-0.17593095693633415	0.2977043371340865	-0.1705361794715989	-0.03202240696251565	-0.25754030727773	-0.4894486281301907	0.42152538911964954	0.6183448582243429	0.292343105929861	0.3595430900879778	0.32743228220445536	0.009662431249540937	-0.8917617918025859	0.145543200356563	-0.7689593268031589	-1.2061581583868772	0.18644826549856117	-1.3024443544609223	-1.142932677716378	0.4106123320439829	-0.5895522058296927	0.16762932063745756	-0.7085668120736105	0.09288607032486845	0.3280749290196738	-0.5204371110058924	-0.2809461956482305	0.06922779757548865	0.19900853630604598
DTXSID0060985	-0.8002858324244062	-1.4883104696345215	-2.5250366808469935	-6.554635858468383	3.433359089034531	6.33305094583297	-0.5995822352240933	-0.47305290639780384	3.7536237020801964	-0.6695624488990044	1.7811370372643642	0.05795094604692159	1.4392705751183652	2.2467320733562564	-0.9141643067868304	0.9248266305346029	-2.0947038626580055	-0.4933492477541257	1.1892460985841973	-0.42240799458497014	-0.671468851544936	1.1433251296246005	0.5384747352614292	-0.8807762001603217	0.9501277246206037	-0.26922152123274684	-1.0951057774495763	0.2041183105017422	-0.10227411117016283	-0.09311809218061418	0.5571983593637423	-0.011286085249306129	0.6118501007474089	0.36587590030361045	0.880701059418484	-0.1287069443311995	-0.19499889642681578	-0.3928366900447047	0.1118764386666215	-0.039287848076194336	0.26537234111208047	-0.008185752517454905	-0.2900950984405551	-0.23880890654672318	0.41688998157616	0.23237238513006775	-0.7692479955269013	-0.09662288270147684	-0.06474450288266634	-0.05946859876206726	-0.08445850719556655	-0.3570978709070216	-0.14998476143167627	-0.06533592830645796	0.2970191109681517	0.3279469523765618	-0.0020921202291423707	0.7940433475805303	-0.4733147556315866	0.35838270631738267	-0.5975298204527393	0.6445061846069897	-0.40551680750664515	-0.08819094093399009	0.25781140140242625	-0.32590496680128755	0.23725764541386804	0.15500324672577112	-0.01727371682846297	-0.9515545946730934	-0.009752585242902786	0.3445548372359688	-0.41031764871603843	0.06733640196720869	-0.6428757388495283	-0.957927811226407	-0.13371766677096195	1.512633651076057	-0.16296455826155123	0.9786450248234924	-1.4247701414246239	-0.5868745415177213	0.026146930511929498	-0.15842841119177448	-0.4295868603294625	0.2075113183244376	0.2175630695938227	-0.7984519455253785	0.18372098940793635	0.3366812870696922	0.5243233459080904	0.36021137029170996	0.3713504234997453	-0.8468297369740004	0.15821859146746053	0.9079240959531469	0.33042779626388025	0.6225617324110225	-0.15552466147664534	-0.3735452791261725
DTXSID3029150	-4.149911788091194	-4.597387288474792	-1.2757412246096587	-0.007379755118064095	-1.9046579206230008	-0.9908446133399952	-0.9508705154227887	-0.4000194268935894	-0.2550167219009409	2.208614423905299	-0.03863703015429975	-0.381741485629468	0.13226033333510273	0.5237901497109836	-0.6715837102438762	0.12501231620254083	-0.14874983109572162	0.5075769805080963	-0.2924780606407819	-0.401957940685409	0.07155291897350521	-0.2984214590284543	-0.6247589954914152	-0.16466636595921855	-1.4981962869725949	0.16363018142756672	-0.32831687912388563	0.14069462018531265	0.1557813012685073	-0.6522507072374989	0.10485756906271392	0.28441987482213105	-0.5383034508632702	-0.02612901410533332	0.1349480543820162	0.17338229876483638	0.0019971390113077215	0.6944756462384447	0.18239413943003796	-0.1324545377814668	-0.06607776056566904	-0.08940775636857685	0.2265180251071435	0.17676358033355924	-0.23545372048992114	0.2298280945914264	-0.094605834639565	-0.3947180521696555	0.015737075077636366	0.038009638780515075	0.030130770278355944	-0.02349660794648575	-0.11483889209432434	-0.06432656092671281	-0.3178407670971439	0.12005131175832529	0.048098240023369994	-0.11040039714063604	-0.20876893253801973	0.207159905998944	-0.03927333887445901	0.04856250271766711	0.3096297358296359	0.12234580719283172	-0.43702788191369885	0.19801011965408663	0.4876683719743619	0.0472335840621081	-0.05519529404111145	-0.08317524387800984	-0.04408836491972265	-0.18600249248864958	-0.15975953379814442	0.05807474085420638	0.45479769823808786	-0.059186392280422766	-0.051390408161144284	0.3754443674807248	-0.06494770069843053	-0.1140853668698253	-0.09149478249453422	0.2934110143966355	-0.07029763826221938	0.5420595899321626	0.09559387440853116	0.21967668915903218	0.06849489189745442	-0.35501156161693004	-0.043880435837205994	-0.7074813584309614	-0.14247843387890682	0.6162658076497985	0.9293539568848311	-0.07461627324793176	0.48058506759381897	-0.06712090030523676	-0.5889698164183184	-0.3509665327062386	-0.11707385147408551	0.05452614742171138
DTXSID10224331	-2.950006434283542	-2.60966557232017	-1.5821772238143508	-3.157434111972977	1.9334910457509749	2.5296127143409044	-0.2615222313040368	-1.6683722383258626	1.8373377002650135	-1.8849306274653574	0.3079191275722549	-0.4916708141001806	-0.11148136532357983	2.5871548990352378	-0.4866532299179722	0.04623753000884608	0.2640100775604696	-0.5602627444827155	0.30499896578655505	-0.622164650277934	0.06124957806121469	-0.03959678852420295	1.1056639304665794	0.21055804060735156	-0.07859153806006851	-0.5762881000205187	-0.1573102513431662	0.5531597978432921	0.02841402774941822	-0.13419879813651758	-0.5628566681370338	-0.12592708339970218	0.24284514151474837	-0.4605979650257064	-0.724547693393998	-0.7167219638436193	0.11980195869127457	-0.025252172188497266	0.16284098794298493	-0.008450160509514375	-0.18956415039246186	-0.23210927882943103	-0.15927098322178918	0.14197888415152424	-0.4031147767692381	0.20742553238162734	0.32975489345653664	0.340243510716718	-0.0035442542894287346	0.25621961513917	0.04484027282864265	0.21096127305100423	0.18801358421641481	-0.10599134866121547	0.4929352589408702	0.008742885895691993	0.24057461883307626	0.11034833422227493	-0.3252432538161372	-0.14199292352987586	0.3189508323520455	-0.06192287614079148	0.16273191189770908	0.16016634010463993	0.008259352432603787	-0.48886271365668943	0.7963540957929621	-0.49371583805744723	-0.10875213559360064	0.36312541117046865	-0.05832789427148913	0.1272370838584994	0.15371062927530235	-0.29267543128227785	-1.468716811415006	0.4349938277851698	-0.8494534761806797	-0.06536669335817549	-0.07567419700095947	0.11747752229218215	0.9221313136243936	0.019216989921006008	0.24780116891987733	-0.5018000174570844	-0.2747654751335952	-0.38888014674861926	0.04137175780805536	-0.26034506893830295	-0.08372581999691715	0.054950550781054264	-0.5505740261246302	0.29361473699453683	-0.5435474522315319	0.5210262018384587	0.43769739653068906	0.31103432499886896	-0.7261131964440708	0.16316032288901935	-0.5012410716216409	-0.7279161458918461
DTXSID7023485	1.9798950208810042	-0.8606141319406527	-0.41945538377069663	-1.2933241952872594	2.541939543135098	-0.7987726447221771	1.2831515577808064	6.6706886121976545	1.3212439747317717	-0.7502245293233415	-1.3399771722107274	0.2753701440406377	0.25772822226109166	0.5906237300809402	2.764954208458602	0.9181761098121914	-3.5152427236890222	0.46815338295220077	-1.7117622440537177	0.7107563734819657	-1.252980094972711	1.7499518602343411	-0.9626054272925884	-2.1567512237521083	2.4649019394989913	1.67374654162324	1.835701865808838	-1.4876237122192535	-0.17294470261148026	-1.6372854672446475	1.2180839650282242	-0.06925426114878322	-0.013954638520159003	-4.3881538240547435	-0.04014701499439241	-0.7396976915961413	-0.08999021659466895	-0.8630279280161538	5.8550050127648605	0.5822045906522603	0.9046933650018304	-1.360996020684283	-0.8277831418419347	1.2117960783779993	-0.2531344933810298	-1.701456587609843	-1.617591619061256	0.6616871917782876	0.2583804478891956	0.00208662851858417	0.30964085923741264	-1.3123137214520282	-0.14952523619076902	0.9821776950809197	-1.4191567248041743	2.5207008961246697	0.03707881885165673	2.3677962891790343	-0.024787301480228105	-0.5920886740029097	3.5755363241999287	0.3258220335918165	3.892178873332824	-0.5885232681618222	-2.516614370055757	-0.5303826919724365	0.2967732908296763	2.2240471178868484	-2.1087758990176706	0.3454776812076156	-0.2746516849071696	-1.6003168967442785	0.5869256521375148	1.4008121333253891	0.2854698657998611	0.9918602240485431	-1.5854792955055266	0.8884414293120602	-0.6696929407484203	0.2409745861622179	2.4061300436503035	-0.8914645941402648	-0.36293291302283376	-0.5110510607690129	-0.4685524770406035	0.5547441877179986	-1.3617476058541866	-0.5919135400309479	-0.26180830816290285	1.006039887836728	1.710708731695842	2.7379629497662004	0.9338818248468469	-0.14628278801519992	0.4205399020339121	2.093162146340807	1.7755849548800609	1.7797554910516102	-0.574630109812592	0.07299936819435562
DTXSID8023476	1.0786251212068239	1.060586360157052	-1.6802285880812227	3.0890610497414603	-1.38073002805903	-2.1642060683686037	3.137763739576213	-0.6316057533786701	-0.5642892697421387	-1.1837907307716815	0.2564144639120146	-1.0849753807436018	1.5265772571736103	0.14793845138946782	-0.6270345588741156	2.6365376765482256	-1.4164974021856196	1.9266285966139722	3.15517826323094	-3.1370017355802178	2.272270515570947	-0.08580226142921112	0.8106014322932449	0.6839762092733885	-0.5765965687391987	1.4942431845083555	0.5822566381329422	-0.9624314329352238	-0.20159736469736292	-0.1971730723677087	0.07748171488690754	-0.6878041010832844	-0.7562308645054892	0.10465527822633247	-0.12070074116190946	-0.33867006507886854	1.0340086908545025	0.36983014689990357	-0.2798013167583994	-0.2580902564948051	1.141416541709043	-0.060303796240669054	0.7734079312822708	0.25565381956621414	-0.332549192721814	-0.1514453663608792	-0.21898219053422954	0.5010501894103974	0.06914177117871272	0.10051501982887878	0.07243215962268375	-0.030225910555933138	0.1429038561836771	-0.09058668009466883	0.2042384309993705	-1.1331471071144523	1.0449657364714307	-0.4302141639117707	0.609610954351623	0.031089749990132514	-0.18299132721002828	-0.12793780837584717	-0.798982766764453	-0.8109456298665041	-0.13737384084443496	0.11996901297163738	0.12548232634348655	0.4482245646112019	-1.0124192639644287	1.1093729146092182	0.5668216453429942	-0.7313818363445752	0.6174839543111235	0.7468970210862649	0.7535871455180136	1.390625094040241	-1.0958095379419563	0.011840660190257292	-0.05545493769413359	-0.2670519810613568	0.3219573179714956	0.6986986349053467	0.950720446864372	-0.15203192090120846	-0.12773443724890127	-0.25885583676363444	0.20583657938884947	-0.35249596894056007	-0.7786747438998773	0.3541605526466206	0.6502428586868265	0.3394349619511611	-0.10899856042687521	0.5566618032148555	-0.2161180117020302	0.1538279758758697	0.5275819203857514	0.48115918182208567	0.8978982850706626	0.1548929030034939
DTXSID9025243	-0.9239043856358159	-2.191388994183153	4.444335068256186	-2.6804398337492863	-2.26623644642716	-2.3566229789772435	1.0169409095334971	-0.1848295887141707	1.807551300862463	-0.8953128705143386	-0.022263995532394342	0.8017688183924203	0.7354674738195304	-1.0342295955512169	-0.9629631359664509	-2.0402588645699447	0.8803245350128934	-1.1933051323059194	2.102697643929572	1.070006524389735	0.03858208697826427	1.187116989719095	-0.2971550096003187	-0.3200348460202355	0.07102392077347841	1.5216480871218558	3.054781629711253	0.18598122834930073	0.9422225125017919	0.1712529137348143	1.9223135534385056	0.8546047297442126	-1.153493271949775	0.5969098244124423	-0.17375518822376199	-0.08472789205480102	-0.6471541453715824	1.2632573955996744	-0.76455504313452	-0.8662882663011079	-0.13288341781768348	-0.046703288714255164	0.8520660738825339	0.268460356983457	0.6260399971245899	0.569147664700035	0.8958224396375495	-0.12772360964851834	-0.18355316253903312	-0.2839870001897393	0.07547389694880659	0.7113262796649388	-0.10698112274187914	0.45337356383939426	0.038419766363234076	0.09147151752221226	0.3278205290740816	-0.10399234640662285	0.15405150901615092	0.13231473016918546	0.8233601518365617	-0.392693643967841	-0.19294481317355697	0.5398916911429255	0.8766349041584572	0.9644472711510967	-0.4226523593312646	0.975616839238874	0.14183794038967434	-0.3735675015693507	0.006861165131594099	0.7841205452606241	-0.44343946113541005	0.5434594652538559	0.066751645183931	-0.954562222609772	0.6829183849920152	0.21176745978608774	0.6472592175295384	-0.7240580630589842	0.8583679052256072	-0.05748488199550641	-0.5998437180400855	-0.37490929751002827	0.13433482693567786	0.20254262843701903	0.17527368765395177	-0.698241200655574	-0.028015854362492223	0.10831516272056345	0.458334536032542	0.2381761359184218	0.45554632154397035	0.03980278488797816	0.34883193236132437	0.4392272350152355	-0.3567185468577318	0.07466898420269487	-0.3496488591929158	-0.0007675616710142935
DTXSID2048616	0.909209969961192	-6.182789980086105	-5.990619982021534	-5.622184078085449	0.17116533639514966	0.23476696279631917	-2.9339482377812787	-1.8252311429320514	-5.318840472220655	1.2904456603342258	-4.473749412383839	-3.608977160503364	-7.2398406501515	-4.767467604518982	1.9285663788645786	2.694379816008055	1.9379966589849127	6.803143550585144	4.3659453187089285	3.7667079910225834	-3.402922182984731	2.057314293667551	4.978404371331464	-0.2800734935763137	-4.38578168714461	-1.0389295234734757	0.49622126970532004	-0.19506329198953626	0.48825427269535115	0.46154266654219067	0.37106647135415693	-0.9213064227682495	1.5377857714724075	-1.7621113894778657	0.7512425743465344	0.8894140311066437	-1.6568184122367688	1.3240705833359776	0.31173598995505586	0.39625559125924814	0.6825469077673858	0.9190870613462608	0.22741259801193361	1.0979314402096578	-0.043865522577506096	1.144724591488114	-0.24239962840052942	-0.01972832027591774	0.3060635145319185	0.616946120463231	0.49642129228725923	0.5587487212487936	0.6605811456944024	0.8933728314383503	0.3022403140890634	-0.0812480685109732	0.7310834908085909	0.26046194982704735	-0.5484291674831684	0.8982271489333652	-0.3646762806015128	-0.22914949480400668	-1.1413948077235063	-0.3983016038417486	0.31057533392413794	-1.4217830808487228	-0.3574765966104014	0.8257240100865322	1.8797341715986515	0.18593191945524187	-0.15602741924568414	-1.7570785296296358	-0.06288390676926058	0.2929400120960008	0.3877101864035907	0.6769000068248119	1.7839831484056607	0.7191421246988492	-0.468675384218351	0.4897620493597908	1.0172987033170702	1.3509240954408448	-0.9784100265252774	-0.018776563126888433	-0.1408065773992297	1.0310908624301864	1.69262976741642	-0.9478408761173863	-0.9982229362634635	-0.7433024805107087	0.24214033166701654	1.7293059032637899	0.6564605480488644	0.0533294582446071	-0.9539705667550789	0.4331816756777087	-0.22936239403210043	-1.136092420598601	0.41960353350260776	1.2102073063306378
DTXSID1045871	1.2720574320361948	3.9136236284390495	-1.2533049004102068	3.1259368558038063	0.3698296441236501	0.20008633671823642	1.64023771361421	0.6949968356525896	-1.9835248232738827	-1.5239137253497586	4.3646266608509645	-2.010121036172735	1.8100779645004348	-1.6385357625208437	0.03141340798472507	0.7403723932378534	-1.445695587029653	1.2072937949273423	3.3467250482196302	-2.4335310788226234	2.517933843969475	0.7556781598503903	0.6656829834078725	0.0629581206558133	-0.07742741264970558	2.11450292318941	-0.8295310801172737	-0.7463747431330853	-0.9176263623312373	-0.3978885091640297	-0.07183408061851941	0.6731013824082319	-0.880275889749391	0.5161277890769941	-0.5849551465111845	-0.8106769864686836	1.1395863332943978	0.9680321078132283	0.7278942274868375	0.6197496932164138	-0.011322787981045194	-0.24281899238375268	-0.1270298208924939	0.5117175759792304	-0.1665848567719835	-0.14270218893362363	0.14433484423546358	-0.17751062337278908	0.3215669126457351	0.12905899608774274	0.28111868388653605	-0.053844707397405385	-0.079324344270537	-0.40259088383660846	0.36604368066155685	-1.563677975980963	1.084811358132754	-1.1260889869019957	0.6934305359440152	-0.34980356272905677	0.5024757384501243	-0.09140727400284432	-0.514686510920542	-1.0749843269587767	0.041251611538926945	-0.2926951673945998	-0.15807941919107793	0.24810879278667672	0.13195563611327726	1.5395763177132071	0.45482464991998517	-0.04380708065924145	0.4929882004747284	0.12687135383594528	1.125493265281957	-0.1970814015198335	-0.29930716791878664	-1.1460424990246656	0.2426437301082522	-0.3622335674474771	-0.5679738893923332	0.4800053892805492	0.3220182956346025	-0.7527177182131505	-0.5093399502716629	0.26800802130617185	0.6833899831821357	-0.4047282289796646	-0.15309332152380326	0.11966937655297007	0.6538740400236941	-0.33371719181890086	-0.7785136891087795	0.4946071294796666	-0.21597731068813608	0.0052249556373433915	-0.09332540100091044	-0.20815088730280548	0.4914363273128696	0.5725544033043527
DTXSID4037617	-1.3464884306927323	0.8850285784418779	0.4991720496597442	1.119016667381753	0.7202447467079482	-1.158053692143342	-0.5005566812761713	0.183091097364151	1.2337227023234263	-0.332240259811157	-1.2298761928337183	-0.6940815217021518	1.031986901102874	0.8058760254257525	0.7559697685318627	0.18591934000178642	0.7124945660405797	0.7672407363739444	0.32877982461920846	-1.048103800521341	-0.09813070311291408	-0.9673884840558116	0.2043615986909853	0.6969535397088498	0.25546593059310485	-0.9558456767217918	0.13037095136049603	-0.6571892894916699	0.005837813694447178	0.4469223910376019	-0.5786115930424549	-0.4736812597485329	0.8084137327529015	0.2169750772807401	0.45584423980612276	0.3162518117510464	-0.026960815482534147	-0.11393438923237047	-0.061778864300388724	-0.6287259290593689	0.3014859161892377	-0.08636435807457067	-0.42038491603815764	-0.5403751499106695	-0.3588967366473142	0.4829510102130106	-0.08090721623082348	0.2662157476749773	0.05991315412828043	0.060825621803402244	-0.04550508640446342	0.006790483871972023	0.09749814950274832	-0.015493882692871901	0.4882992895904461	0.1818666030871724	-0.022555833766478097	0.1546521634561918	-0.09919542486599033	0.1860566668452854	-0.1348076283744966	0.025788410726075996	-0.23306601702829882	-0.22140217712436222	-0.14857985144537944	-0.29414925641252615	-0.07279245764651518	0.7832222880509775	-0.5063777006934103	0.35133623464314157	0.8160942749440843	-0.4428312876428051	-0.380532518368821	0.6669437492397821	-0.33092305387608767	0.6051505424614629	-0.6582074050636875	0.7966204030409083	0.13249959976958695	-0.5218617913556889	0.2541907126956501	0.36873168242119425	-0.13485943228754255	0.026845147857398274	-0.3282995103152619	-0.056250826917536446	0.13701182488936967	-0.20810185638642553	-0.06278202339758787	-0.06002292149913108	0.5044427677811522	0.18665538268848134	0.10637348434645008	0.5900926678230841	0.23363513137909864	0.4119132249452132	-0.3150175568821946	-0.17022504780199707	0.5759205724574016	-0.551290951900565
DTXSID8026802	-3.3410039399486804	-2.6671918532630885	2.8728629744727523	-1.1444716396834727	-1.4484675049140714	-0.48353155438039647	-0.40518789172973746	-0.7983696274259964	0.7189720640710932	1.170833996764912	-0.11587022673025606	-0.09473892083261262	0.6277524947332438	-0.6175848436030379	0.0335002690677498	0.710419757043741	-0.13397322884531063	0.8068808037603238	-0.15005454675199723	-0.6041716043458684	-0.08271490595899335	-0.16788899946508168	-1.326030123869232	-0.5902717947884126	0.2437703508015058	-0.42573064074938727	-0.8203565484432183	-0.4792656831065975	0.3745563484912644	-0.48160711483931795	-0.18345202181442974	0.2436812920877977	0.08858787534473951	0.06321582595790969	0.04914754930976909	0.9266547485244969	0.19523250464719658	0.21266804425733332	-0.26355574111038077	-0.21670484185072286	0.2622402805840328	-0.2904620368253644	-0.38682353072152376	-0.6561529119136811	-0.12079124883307134	0.37205899588438723	-0.6121159262368765	0.13147599106259106	0.3249015522764033	-0.07643030267792678	-0.1392954078080457	-0.17476986348025997	-0.19565871922084543	0.004861892544291067	0.0543263705190272	0.22543362570423345	0.01622723916667037	0.19976124174587642	0.018998711252795723	0.5645868503787986	-0.7627506756154733	0.0943431679259548	0.6529805195022572	-0.10475445757745126	-0.5773665444504265	-0.23315927772700887	-0.08440165348673381	0.21216088082326023	0.18155125191321095	0.49863713486392996	0.4307540945907881	0.07821499142059588	0.25303718143623594	0.16731726072383335	-0.08211721769245867	0.2554446872081347	0.5767834555915154	0.1939336920846995	-0.09432617293064324	-0.028758193116560114	-0.06888988599500266	-0.9113777485265199	-0.5217607749984392	-0.014723943849436469	-0.011664210404992499	0.36278157018283963	-0.2611495140978739	0.08388861938008677	-0.5525733832742672	-0.05464227579182727	0.10369521369752038	0.7092186764575795	0.2995984581669409	0.6050793061286455	-0.3632977388994492	0.15301946538602584	0.09634429380767673	0.04205310082715122	-0.18597310785932278	-0.15757184162791193
DTXSID9040687	4.71701612684244	0.8372277955107487	2.395302583860195	1.3092552077238557	3.1405861763417526	-1.35962180945624	-1.1388910872659919	0.6022351308001316	-0.17919081100713916	0.6433064575110751	2.1462545223198988	-1.7398778975335618	1.8005249513856196	-0.5587937202587592	2.1234226359951633	-0.3759303690296499	1.2736785550717462	1.0981531175855594	0.11073561315256607	-1.2825837313877302	-0.16418353218177123	-0.01861748046736979	-0.288968237333351	0.23412577489313818	0.7819025619972906	0.6400206518196537	-0.2231795214967186	-0.9698794524550677	-0.08067691857059563	-0.2734399765679876	-1.3208637746135603	-0.035211223355961746	-0.9266342485813105	0.03669199546647709	0.869566679574719	-0.1378868747276978	0.2775613668732785	-0.18373433983416856	0.4066347477304581	0.6271921246964758	0.07451907955865014	0.6115334929451534	-0.7971030771774107	0.3239539322020217	-0.24292699391249445	0.024099441275787753	-0.33601055387488704	-0.28428137389226255	0.3468255803641079	0.3969149282897418	0.13514184238417173	0.076445213822046	0.23358764795284415	-0.18524985169306685	0.02551432848126203	-0.6089858554666124	0.18827516797081137	-0.25765920848227236	-0.20947466094644893	0.4097286736832921	-0.5172511113104653	-0.1066503023581214	-0.2715529635176236	-0.04734982304504691	0.15379599755782197	-0.3514334144105261	-0.5890774251259469	-0.053311129233872954	0.1856685993031946	-0.2381550494678916	0.554880136467337	-0.2536902816055817	0.08334418708150496	1.0889847422931356	-0.49555325928307514	0.5723646056290063	0.3346121299689909	0.03732512245867713	-0.16994452627721354	-0.6747035485209102	0.16953750424335484	-1.049239896407296	0.062290402208408494	0.19784922130341842	-0.5429172706624863	0.0975277960912654	-0.37369419420334227	0.642456699108203	-0.7762935279096278	0.026092264573030998	-0.10233340938414971	0.48203596956884376	0.3998092704338958	0.8150547077636927	0.5466028577092924	0.7067369929454093	0.3542460111336411	0.296411527858214	-0.4117128866176276	-0.5617842575412754
DTXSID4039231	-7.905267300076577	-2.5082764308104135	0.5792347452453129	-0.2681280461239413	-0.7653748481693851	1.6389906815751976	0.08589014467798997	0.6734141911959551	-0.48296746135346663	-0.12370981475855014	-0.3453568328436922	0.06269359130111336	0.024077882207143787	-0.0027109709098373587	-0.02899681094790074	-0.08659079239118507	0.2263443668140347	-0.3615950285177799	-0.16384252036927258	-0.4009765755783146	-0.16635982233572214	-0.45707701708057585	1.4480778064302242	0.2878075158747111	-0.3939626749251743	0.42136415214151945	0.41248137663500944	0.9451724416711809	0.1030827766097808	-0.18034576856156362	0.09993285548642532	0.34121538777133764	0.9071692466655595	-0.22637956519361355	-0.06016682063219876	0.04096483980037982	0.5146729440318705	-0.7084207126080105	-0.4746400214930214	0.23805099031525517	0.13373567104617035	-0.4731071394303193	-0.08007401398050498	0.48822882913713955	-0.3860927442612973	-0.1952292787497499	0.35250758672532023	-0.30780503752603766	-0.0025861620902473056	-0.09594885669845338	0.00691174890756543	-0.25373020780009203	0.26234521618167767	0.08416696499573799	-0.01686034307422535	0.1770430380319503	0.11199067934984086	0.19932394194638475	-0.15114683307000445	-0.3793713317662151	0.06188309158809712	0.08688506652458819	0.36892732260789163	0.898118623449659	-0.7058732035626266	0.2407314757176631	0.5404433483288823	-0.4155189927816238	-0.41384996011193337	0.2637029420559813	-0.04619081788270848	0.10380735053086443	-0.2530848768096919	-0.640952373449585	-0.020859133078596576	0.4179737128147576	-0.4914897552927742	-0.10739865954116	0.7893691315136572	-1.229822578320488	0.7352626527308616	-0.11742697099932932	-0.2501058658547321	-0.20706659732119448	-0.06233183717868529	-0.8804384063293461	0.20749804778283013	0.3980139394228219	-0.6074804298488452	0.5002213320018762	-0.6633274940792238	0.002525661797183261	-0.6596215876739228	-0.4177317257621659	-0.23216111642634793	-0.5364244251434498	-0.23956809246674002	-0.014297516268605412	-0.2965024222213918	-0.42069064061101114
DTXSID1045794	24.033778355645044	3.179455929472201	-2.924279029401252	-4.989008591110449	-2.5165476082615763	-9.332375080729049	-3.7865464206149224	2.0965888302119726	-4.580204526215479	0.006509889424656689	3.247724873931985	-0.19544673193640344	2.9322380125434826	4.912906832823569	3.4827356901604483	1.50771172432548	1.5208286424708164	3.3697814064575886	1.9283929422062878	-3.634770146498399	-0.3034314484014595	-1.5413388976014726	-0.681687908296904	1.3325867647521388	0.818593456176814	1.7157173898694957	0.8625437703285393	-2.1171764849681844	0.510289596321421	-0.7268834700626977	-1.2201355712621669	1.7209925071940464	-1.648714702725739	1.6633987852828211	1.6037957579744	-0.7024742254610854	3.528351777303086	0.6737812167571448	-0.9260350395280189	-1.3868023986702898	-0.9701635112440766	-0.7579238209870752	0.675993778720435	0.0762160650518005	-0.9288902424683482	-0.08753960925265633	-0.6369618036808522	-0.5528078022994406	-0.029888598530595733	0.8431883126389597	0.0023694196317312734	-0.23527329424321022	0.9573012160322838	-1.050246986744661	0.3034816109678092	-0.039775672855411615	0.13744435911332964	-1.6858673160467854	0.475479868875897	1.282014628199713	-1.3201981530674671	0.07538745220676617	0.7977137143341615	0.15876052617182942	-0.6640643816024225	-1.1681625504943793	-0.1007153766842848	-0.7942220449360622	-1.3224097215466495	2.04849745117966	0.5475579003345922	-2.098364379556828	1.1722568817173489	1.0841608292655092	2.4514161726471193	3.285546757815126	-1.6117642631874134	1.3525165414933662	-1.8224561874528389	-1.3311297077038413	0.795940920036483	0.2845947530860259	0.21616181870614018	1.5769844475272745	1.5625480000317153	-0.9494595628075135	-2.138963163245996	-1.1865505920351178	-1.907610350826852	1.8865445552702642	-1.9940182757877434	0.18464827660148478	-0.9272302494161568	-1.4621556950115777	0.1988530913143846	-0.3641874007429542	-0.18044863066147315	-0.6751324477309337	1.0782534625191147	0.11833034667067752
DTXSID3046906	7.268830795499244	4.84458956042704	-1.5304477545204545	-2.9412450979313634	-0.4969900385761977	-0.1875207607135479	-2.5240923977585408	-0.29210978190464376	-2.797324477606472	0.40077837673068867	-2.7984596620663766	0.9367603756282199	-1.9227256354295374	-2.5578696276643433	-3.874244481721211	2.3249052037309514	5.892676529710436	17.963316367615118	5.087625020206064	10.493376953116018	-3.7572276700929934	6.604722337641977	5.026493810009648	-0.35622520888139886	-1.6249181713701317	-1.0457798303542076	-3.88265307826536	2.1452421735674494	-1.1953038644524885	-0.13026823579650618	-0.46015517316817317	1.6613366997402113	1.9094288329429008	-0.8054321692242289	-1.0522715121484267	-1.5755527461146093	0.5127414033065342	-0.9811086543774782	0.7431133369098678	0.1652151307642332	1.5758324343461103	0.9641860597034911	-0.23941611502192078	0.3051522825655304	0.060769557470889406	0.9012876709962411	-1.3546510077047507	0.6983902596038873	0.08994909341098857	-0.05957959981863737	0.1441560173224317	0.3162107752270521	-0.637706722073266	1.0840338569145385	0.9403774693839954	-0.3484384144690665	1.0901755527064698	0.08367194462445939	-0.2926087252502185	-0.5575128599626334	-0.2650991556423469	0.7192105217793744	-1.7846070874249278	-0.20547198329503516	-0.22719592724463175	0.4790937183369039	1.1012075482346564	-0.08472750284649608	0.2678866849487475	-0.33939900475580853	1.59743344936813	-1.3746570143925763	-0.6110598952165824	2.5569863164608995	-0.2446530970553401	-0.5790368734101295	0.0886258219196636	-0.35655294835094486	0.02105110176756659	-0.4451353149458865	0.4270440611147484	0.8475893034245904	-0.4668646780250584	-0.8120013806815672	0.13075899122749024	0.22032315731809907	0.8230652111732011	-0.36217625241294266	-1.2682100465125974	0.8424020040203298	1.4151292487218927	0.26529651182777547	-0.1755815971013092	-0.2605357767299646	0.6204036443252193	0.3571690926095218	-0.8305138457893502	-0.4555334741133657	0.7080717393944591	0.3697416634885063
DTXSID8020757	-4.781234175310013	-1.1884114002046506	-1.724103224264563	1.068785745318224	1.4486214695057797	-0.7185776711919056	0.44931122713338717	-1.0019412075241891	-1.7357983729756625	-1.8963990635942316	3.3010155803923644	-1.1357270266979844	1.1958112711012898	-0.9420500663596973	1.05643471846721	-1.7457937696391645	0.22244458461696426	-0.02654836021368526	-0.7854075910505982	1.314764202919548	-0.6459099515416981	-0.32219806546468016	-0.20537371523040676	0.2975436424426658	0.704065070509202	-1.6546930337145211	-0.5141125668152063	0.8835819272237339	0.9744958441260063	-0.6919226249142253	1.5455752948184822	-0.676077256664866	-0.33783650585487274	-1.1145957918935976	-0.35346488955650057	0.5316373719195876	-0.7839055116518497	0.2814603622904207	-1.7756493521539443	-0.048465611530111405	0.9512165077375957	-0.4461533770710545	1.9866084380616726	0.38500558109550836	-0.7900426621427968	-0.2548529817279643	-0.6125703966665063	0.5961712834662282	0.3295156350737085	0.12731118930719035	0.31903262887040273	0.2536317763474986	-0.04500794153897304	0.33269092224997066	-0.17084042793526438	-0.11894175449002707	0.022485046625121657	0.6350803195811243	0.7889650079240401	-0.6848326061683901	0.5444553084606163	0.658520640871726	-0.3294888563932513	-0.6422132039451871	0.12351432928171995	0.817781732866068	0.3152902997917592	-0.23036401219378627	0.09707550331549178	-0.060308880562378785	-0.5314431477976049	0.12686958794466316	-0.055553431900695976	0.08206483402666828	0.00104962841430634	0.05495379685749613	-0.6183523917462604	0.2305589911221148	-0.19066392866785067	-0.06681730331717456	0.09877221112775514	-0.15752372932396574	0.34197498647254565	0.3476738426992117	0.12684703374693002	0.036432748279316425	-0.44275966921944804	-0.23248209972956957	-0.08776895716132528	-0.11843346302378806	0.22175338361443572	-0.24125660834568485	-0.25090310791708076	-0.21369874987605028	-0.00610689613519603	-0.4228022072869119	-0.11800155507825319	-0.18976311032951396	0.15351074143569485	-0.04726404438990729
DTXSID1048623	16.33963870871728	1.643506633303258	7.490244715307039	-2.736510163700933	-0.4413731075459264	-4.53267973847851	-0.3535263101001105	-0.43381314981510744	-1.1882834144440302	-0.09467851200669959	-2.2467098302866475	1.8406756958715178	0.8088208353218591	1.4231947199171533	-0.09746575847070538	-1.0149523799015503	1.4950618258837707	-0.6822473866841514	3.277921193670373	-1.9779631091932988	-1.2003381560994666	-0.11206324368626018	1.3738577578127578	-0.4950054497966773	0.26153298258397123	-0.17478589531269373	-0.9952329061707146	-1.4303869906815063	0.18175327075643383	-1.0296665511426761	-1.6773487957836324	-0.27718585776032273	0.6245970004080121	0.8772696678383142	1.045009179625224	-0.6162365455935327	1.602628555370662	0.5543414319415247	-1.1404091679883432	-2.124056902937367	0.8493294485888331	-0.20821949863387668	0.3626854630137733	-1.5013733968019694	0.20217166596958125	-0.17186144482523139	-1.1890103621056713	0.2682292032772219	-0.1952878331562294	-0.49359451369889906	-0.06259822567044943	-0.35490476815423927	0.23975877573903112	-0.5685967386057873	-0.33509779065493545	0.7638167738664308	0.6060952884566027	0.16020007349194568	1.3597204174538637	0.9270789665636086	-1.046983569363442	0.7556744251418531	0.086282950801521	-2.817819314369057	-0.25583476991355986	0.15210697673507434	-0.7044504448373112	1.0707190301310991	-0.059119848935722225	0.8676098067704865	1.2156627069235522	-0.8881650597594053	1.171269524330379	-0.003316997328703218	-1.5343945644566477	-0.8566414842022695	-1.8159468907441065	-0.6966364105872814	-0.2800805889642627	0.3904955741163117	-1.6892219860151558	0.5710915761390556	0.5332491965346033	-0.28152023318302627	-0.12135044044811995	0.41518549976277386	0.3201903272077605	-0.8961928626665486	-0.735137870500714	-0.7493444704152687	-0.6385213682418477	-0.6311121501918047	-0.2198864856385257	-0.43883955016034304	-1.6711910652783522	-1.6780147576067657	-0.4033931599011308	-0.7995030063911838	1.0003496025809067	-0.6538102275439943
DTXSID8020674	6.562748103777191	-0.16619545746331213	0.3252087725898612	2.2214509390381942	0.9398176585142309	1.0456297843200173	-2.012639116805379	1.6507787821128548	-2.8418820343099354	-3.81937511308273	-2.7864910664367026	0.7783252980287781	-0.9321640659949509	5.056062399092495	-0.28852311956668913	-0.276409847845047	-1.4344683988492162	-0.6194878880621392	1.0483128649553783	2.305679047295818	0.77107546020146	-0.4648700483147568	-3.386984135140071	1.7836218264972596	0.48657169095561537	-1.9244399508081271	4.223679909641161	-0.9885537881399198	-0.8367453573694407	4.017673625662288	1.4585045626628288	-1.1493391913258935	3.3158664924574777	2.4318040447663445	1.9737992537467701	0.6243666950181753	0.2782673565140451	-2.26360905885996	2.6106521001782217	0.992344597867831	-1.3606806814545243	2.1681428566532563	-0.5375052140276938	1.5398302113939475	-2.9081378142097334	0.0435533550453723	-2.3436285532619596	-0.29055369539571085	-1.591178992754275	-1.5558483195123034	0.7507723938964229	1.1684621025401398	-0.8687597291082819	3.0165822503168753	1.8945032159331758	0.4003979220823696	3.802456851874369	2.080237273919052	-0.49750585341228687	-1.0999239936708822	-1.7462543375495672	-0.14576600212887453	-2.238907602477782	0.21521780043846006	-0.5439637109787685	5.417414623044562	1.387021211479909	1.3021424502115506	2.2494007960667135	1.5936986781271685	-0.7498613229255938	-0.9108046897752811	2.789315710298704	-0.43484280090373056	0.944198320205687	-0.1402898968437904	-1.20603281521635	-0.15108616663425384	-0.21552459380443567	0.8020079108452897	-0.3784956224081653	2.350986979731133	1.055375501756149	1.7927383225169133	-0.055649992176536676	0.3828241780173197	0.6454399136691925	0.761464903902483	-0.2638366333779388	-0.3854632620241122	0.7226560405807095	-0.4303952357418378	0.1883669991066452	0.6393640123961443	-0.24148413059644755	0.4956743602134425	-0.4719867878588346	0.2046571938658444	1.2717566668171354	-0.07937122954168434
DTXSID4022525	1.0897240757371645	1.1731679562425272	1.7723234726739836	-0.06181024029677253	-0.8220764156277092	-1.229002207674798	-2.405834604603648	-2.144097622139726	-1.5682154452545558	-1.6050741077480324	-4.021840292120619	-0.07654763748271544	3.990039297607553	1.277480914515442	0.06551078711141556	-1.4282994129359305	-0.3961835436132137	-0.42306309040148954	0.30030520513743664	-0.2632857920805773	0.738664234302707	0.643802813492234	0.8142148392636959	-0.10268692108308702	0.23425647585872142	0.6835853695214122	-0.031409096629929134	0.09549185099769641	-0.05713452521077269	-0.8470288952773852	-0.43354934578449417	0.2803560426404269	-0.31829751638311404	-0.17762694330074424	-0.6839133257665119	0.039246697569386056	-1.107079632672036	0.6515116279374805	-0.7298010281711502	-0.5389765265591453	0.49539424235630114	0.4349518715513636	-0.2579814201065243	-0.010951392799854997	-0.12843111303835134	0.04024281899273087	0.21552411383086917	-0.28006024132154905	-0.20184750385248537	-0.10753129448268925	-0.09760263959372241	-0.21406685253416072	0.29880639754094007	-0.016445957637271264	-0.3510394415802921	-0.016709490572282517	0.11646433334852128	0.3904579605050805	-0.5017600553181457	-0.17415937560781614	-0.01125619863613485	0.13212879939845215	0.11430195700154175	0.01902149368485311	-0.12599738862047904	-1.2652367382868366	-0.08222536149731838	-0.21290879873006552	0.45223309619894986	-0.01640054728546221	-0.26604073101283277	-0.42463804161956803	0.6771694622090711	-0.16558730336717348	-0.932031260122185	0.6726879014769631	0.10282704210702157	0.19790826221943067	-0.45014621965647356	0.3068781797187886	-0.2405989679271783	0.05864364436830357	-0.33924404907151195	0.30729438928136027	0.08248525461087373	0.4796058416870684	-0.062075375902643025	-0.2508219314669151	0.052914217190842126	-0.15553365091047974	0.04481252184511726	0.16208245786579814	-0.22166426892290614	0.5615809956026784	0.06009925757389803	0.2787291751169187	-0.31151662339138325	-0.17421537643718119	0.22359309532149862	0.05147628153045262
DTXSID8045856	21.07710754003059	1.0148734824158323	-5.900396681184889	1.4904627532771049	7.450933805910351	-3.08794771316787	-8.300352787722895	-0.9184280851260004	-8.570403721705794	-4.534651569053018	7.359859641871766	-2.313084266831717	7.194708479943993	0.5194964232650239	6.1764281041857325	-3.268594067438731	-1.7456111532514502	-0.1583917202596727	2.0186543267385475	2.479890546455452	0.19286754250564558	3.1310737649884355	0.12894163276620987	-2.0481874520389427	3.062624812077784	1.6992803212731222	0.7681301787680345	0.7769264804172507	-1.547755853882663	0.6803227125682793	-0.24328598776727378	2.359333749710269	-0.5561308564870532	2.1350346117471983	0.8242742985394054	-3.4017157526546047	0.8117353597525099	-0.3364289938057899	2.1617892448756737	1.6250761474478246	-2.7338752279604326	0.7912714847225983	-1.6429883202652298	2.6983533390272667	-1.4369970879357303	-0.27412086382296696	0.44029455148211444	-1.2066194787032953	-0.9902469930845482	-0.23458878867310384	0.17924043124890077	0.3512300049198746	0.14430684273110908	1.0151240892561402	0.7086782023666446	1.060959310525343	2.765298340763783	-1.0308088115147764	-2.8529249117097977	-0.5911376374031303	-2.0843457876832794	-2.5018896355379696	0.2084185746338223	4.121614042264837	-0.12680859763230914	1.938078755074858	-0.6725718657333877	0.6925444933546382	0.6104469757163613	1.5489210947689807	-0.9063464806964127	-0.0840479231274119	2.901689432546589	-2.3844761133064054	-0.13271247475736606	-0.25508625571136845	-2.2516059837236213	-0.09387721376793884	-0.3558509437546011	1.749243889801275	-1.4934243634478936	2.4104201358389554	0.5937250315038077	0.48003848984753494	1.2436209972021925	0.8249830297045151	0.9896582828519673	1.1108169153065401	0.6485178846640912	-1.8050805544271031	0.19170070990191768	-1.1631086893397222	-0.9023554266986135	-2.162571190088377	-0.19745859768847523	-2.944709153059374	-0.7970490586501013	0.9603568669057938	2.5517539172327672	-1.2928063217602905
DTXSID6044515	5.207493209541271	-1.922994867949769	-0.3540296434949218	-4.514228179274978	0.0353835092732461	-4.1362425221547925	-2.2330175505173315	2.069423590297413	-1.5669283715407694	-2.599650192750227	-1.4157324964941833	1.033951008954177	-2.5199319692869646	4.979045741750949	-0.7980236280903911	0.40325532246141854	-0.6205267932793483	-0.10158522135099378	1.104171017203986	-0.522195876378066	0.9380720542968864	-0.040026158871290435	-2.4092122544900074	-0.4899863187432162	0.6550990030416279	-0.27567560224676907	-1.2729360234548592	0.6259325796450448	-0.004453708318855513	-1.1318665470930802	-0.17702438872880358	1.8835147435838169	-0.07364215151573157	0.33763163365327725	-0.41799810863518844	0.41554304354124266	0.280132466438039	0.2827464482857066	-0.12168672017894085	-0.3092494103610367	-0.5106989768501267	-1.179236407474983	0.48992302771333773	0.19267974257597562	-0.598235806898791	0.029313473483313326	-0.1813613697044357	0.505962991796617	0.260855605382976	0.6564711895112019	-0.32020101882733487	-0.020591874434893218	0.286328668273149	-0.6782384102165667	0.27186775232959237	0.7151986378145903	-0.9880108235401341	-0.1861687192754599	-0.09426830984666003	-0.1091040541895662	-0.45726371785560027	0.570292303389984	1.6512143463046771	1.4230846484267816	-0.6098568151319516	-2.7731598630696346	1.2725264652548944	-1.1027921698832939	0.004861138647827357	1.0166671524950581	-0.3469984565149269	0.5392552651671412	-0.6864477727529672	0.17477573501584798	-0.6096361096534989	1.5414437011298756	-0.6752506316139604	1.1587149354428015	-0.49016942090686494	0.1120276235274476	0.7111523561779542	0.3584762959563206	0.5671275493344459	1.0238685722894643	0.5027321399016863	-0.46820281420995763	-1.6496111853842501	-0.43325607701475044	0.2278796804906292	0.5120819996199718	-0.8701221476696245	0.3755184745792869	-0.6275071389867879	0.29830083634863475	-0.4153882242075886	0.29216985602056333	0.045199127742377936	0.2637232953402591	0.7704991587852082	-0.305665972995834
DTXSID20335129	2.3902025032662766	-0.8008275542881066	-3.4512434577225086	-12.464280658101691	1.5430263589537379	11.925980075447272	1.239724714096367	-2.8836506494331586	7.249685951929919	0.3852002263235054	2.8851702567203703	-0.7402902677644942	3.5836180477213304	5.5428375161085865	-0.22358670240946338	2.1238670828597046	-2.839050423455936	-0.5457704403000575	2.9816320099541715	-0.7703452433428657	-2.1413713947611153	1.2711234465118317	0.5606610170483852	-0.4199322387235217	0.04510769308623943	-0.25025504743132093	-0.8511411258722211	-0.6392010962563903	0.8643083267021578	-0.15155491555952497	0.7621168549554032	-0.8975148388573275	-0.687102626397602	0.15384685862591027	0.008611304255712621	0.7749304428993506	0.711552376384954	0.12123429980703719	0.17495268042401046	0.4935894076239031	0.3164963350666788	0.10475094402548525	-0.25510665075228206	0.30872934053334	-0.06594815700865332	0.8735528079241318	-0.5610128916590481	0.4372028897782704	-0.11896257209298233	0.5450962012818399	-0.08614616914858997	0.17985884449528958	-0.35586760005498735	0.2658939211074564	0.5237961709624926	0.4365779959568195	-0.006118051133454543	0.8523951420628648	-1.1820895486476464	0.5183235727119674	-0.5487112070056916	0.6458681576086605	-0.2794192414764661	-0.5021032831370158	-0.3963765164625209	-0.760102744442074	0.7106660616249407	-0.6138833410870143	-1.0478940593185484	-0.3213744822966636	-0.7402145149896863	0.1483466243388812	-1.0078059116207205	0.728244084421596	1.0335583785988496	0.21635523169043955	-0.5493325382443035	0.569168358981384	-0.8796134003689358	0.10626012796967278	0.5023589551656623	-0.8413502754837244	-0.9797777075066311	-0.23115220399152558	0.05208133120219149	0.3966282550183952	-0.5563170854037893	-0.4680581573802728	0.24048252560626523	0.35432074098965705	0.8518445995733115	1.467847984434608	-0.7076945391179624	-0.8613590990877694	1.1884130537463855	0.3906577260220621	1.0618763115363314	0.27320540093992024	-0.04598559853748581	0.40157068312901056
DTXSID6043709	13.115602026166748	-2.674927028898971	9.749699361658488	6.45082444974272	-1.8056458816215337	2.2122673300951505	3.6184435678022773	-0.895602135340888	1.632019528924554	2.923374889464562	-0.7172472881442512	-0.33843304483099407	0.12290622373605581	-1.4384732679299492	3.9273295901588865	-1.907714403584116	0.0654179453558764	-0.5944519272174013	3.23546454741944	1.1305757196394146	1.747471418369865	0.10745635062996389	-0.2683675420204344	1.5050864783881817	0.36183717561073386	-2.129224384216579	-2.6962660326505667	-0.28572862696131257	0.564936010295958	0.7299673338517534	0.4389284996668834	-0.5283359856673051	-1.5575634671194694	-0.5853989170859111	-0.7445937735757813	1.6605477414658065	0.6709640339720168	-0.2361211435728339	0.5580961778199238	1.1868740772242579	-1.3410962844963377	1.2763347846794844	-0.3963420715479868	2.9743758225245824	-1.5847740739288785	0.33249024388569093	-1.3916350040764334	-0.01931410027556636	-0.40055431982086637	-0.05205276758215225	0.10959977520866669	0.9663322961563705	-0.5592918980854529	2.3011600342870144	0.053661576832122464	0.6951123992896949	1.8462728904856025	1.2845118085412746	-2.5384720823100846	0.5285322794230651	-1.7096970147960229	-0.26852020690044315	-0.6537298995984975	3.354108355956732	-1.4696843967799273	1.3933957282843907	2.1916369611989284	0.9388978624773525	-0.20181146588260365	0.3282814751001974	0.9737566876078845	0.4020109188009595	1.4390754795603216	-1.829860363826767	0.838461464516273	-0.7884888671117866	0.3956331712781115	-0.7543915721205549	-1.5993741223260305	0.20605073024615667	-0.05972479923481028	0.29814834635998083	-1.8469061770126118	1.6594408714976305	1.1470612742954904	-2.035329098434814	-0.052673978769729214	-0.367483459103757	1.3769458893137818	-0.5154649194169613	0.4858359299845727	-1.168559562627681	0.24973342112215174	-0.5603338835609272	-0.5605380403244989	-0.25801465124961054	-0.94686164214525	0.47066881446641623	1.2611539934449538	-1.0262589226013934
DTXSID8027747	-1.0153848200323834	-0.8087223065349749	0.6724591503254883	-0.6200917251553935	-0.9696277583035634	0.4002754196604511	1.0526120424336058	-2.2748559721070682	-0.9492863162424242	1.1236565166573802	-0.761431599978461	2.702519258207227	2.831062421005046	1.9729748754418763	2.558834180774622	7.442875218534847	6.993823015198485	-4.575200594454407	1.7050211737888974	3.537344966439323	-2.9282780160112623	-2.1866638610501954	-3.6508993102103395	-2.017405836036595	-1.1452754894734853	2.1693620606104114	-2.4524623302098267	-1.500352556017155	-1.3898102872693723	0.13696388727552591	1.7823292725253894	3.019013686271289	-0.2819190559604131	-0.4503038278992595	-0.9929205449339517	0.5948639620049322	-0.3041271549075777	0.413534058562131	-2.098207877511492	0.43430243575049426	2.2549306158398674	-1.335802121940556	-3.1022260702224655	-1.8939302250250396	0.599583019775693	-2.67733228293594	-0.7366867796386537	-0.18710239472255188	1.3021203466235913	-2.008637981161028	-0.12208468049478946	-1.2507191114784801	-2.4662803916409515	-0.515950626349362	-0.7901914564486655	-0.620197032865611	-0.6420469822202226	0.7714496233251404	2.8128774988539824	0.11881696072491049	0.4052173191960239	-2.7690979717546544	-1.7777588309286865	0.2677313857537905	-2.0877021527855395	1.114008629512806	-1.9110016308053308	1.710379344438222	-0.12401228420360771	1.2787861828908285	-0.8468919213691296	1.1000767741037705	1.001284091475085	-1.2017065711082344	-0.9531449561300132	-0.19282852597872635	0.21995331594233108	0.29310131218851304	-0.8376606396830343	1.802475117682882	1.0453589865646669	-1.1261065587843078	0.7038287416706954	0.41083528900319805	-1.106100277940929	0.25761601014558133	0.8775487866915525	-0.128165313736857	1.6018294457430649	0.10674280487014266	0.874763522642355	0.7341146772031613	0.4832427383692306	-0.717606451367342	-0.21556326462423314	1.6199666716395351	-0.5481782954865867	-0.5710395530488274	0.459247326665644	0.5228602810859931
DTXSID1047655	-4.545056854972066	-1.6884368716700986	2.654158844360449	-1.5148708918300895	-0.8730404633764323	-1.096904457788881	0.838783625828748	-1.2305589770196677	0.07588442366991915	0.6021658584908591	0.10160455305169713	1.5976354184145434	2.1929135656139036	-0.12748583239350694	0.10336145057862199	2.7656592127115207	3.2908799792865193	-2.6131637434406136	0.910451866225867	1.9892487236491636	-1.0043149708488075	-0.8621078743550216	-0.9334442339888867	-0.27678780261461405	-0.5671782407954125	1.0068606410004592	-0.48020574396503396	-0.31000225835442624	-0.8579511305260816	0.8663780054855659	1.223136321786397	-0.3759364725791756	0.2553186911134596	-0.7984757694940033	0.2744457833576986	-0.6265536175145169	-0.7596316806178244	1.0649772305196048	0.15854724489966246	0.7996978329988456	0.905725889480149	-0.1070983578310238	-0.898446701318267	0.02067729153420758	0.6106895433280133	-1.2111372170001355	-0.28668636664208635	-0.017154944578754716	0.2812074125860175	-0.5240299748879195	0.2804853888020416	-0.22163762586364297	-0.4325036208490301	0.18518880971909107	-0.6408955738465829	0.14586916077686854	0.5706472678779619	0.3463670434443661	1.4554178393829262	-0.02463112336633026	0.45022948415932557	-1.0521992785168357	-1.3851888948061308	0.2585078371865211	-0.002472932538209612	-0.2779960801499219	0.055051233327619464	0.8629163298685676	-0.049959932866365644	0.7589557706299606	-0.2872137687984967	-0.29475279466764376	-0.7200225894791593	-1.0081799925972021	-0.7307244965364542	0.06193071081307372	0.6608053926397655	-0.3342526613772511	0.10612008516941078	0.0580034535777673	-0.07129142980141773	-0.3443113914418845	0.27626739501119757	0.027400635001465928	-0.11462568449343556	-0.13211790052249192	0.28965749740531305	0.1246205560413342	0.13409781139363117	-0.034131261671914305	0.15488918945823557	0.017832122273716822	0.12550663597665035	0.10833389227661605	0.014967157353931103	0.34046931632300087	-0.373216784524036	0.013126760768694694	0.26120659329229096	0.027692718308249632
DTXSID1045584	12.101910815815495	-1.6163857701365192	-8.162306275575736	-0.8977150720042848	-0.8429713133904906	-2.309249435828733	0.3450890036356569	-1.3890196141236837	-0.32011839230223127	1.64017974291317	4.8740038290406265	-0.6291403426346585	3.3908056431649887	1.1595594885892948	1.0280988462368401	1.3222843653559335	-0.9207400131128455	1.3829056316297375	-2.3462027287887754	-1.7960133794307425	-0.8612856940806041	-1.7359110634730097	1.011954650160825	0.8951085452460653	-2.643618929214242	-2.2436785624515325	-0.43766253413975587	1.6098148009192068	1.1677577857305288	-1.938778844118744	-0.04847465644991073	-0.5015248400117799	0.6082529658507835	-1.820881090828646	-0.3729002959872463	0.7084072913410386	-1.7522095900402952	1.0341947239012934	-2.519639608205171	-0.4505672378426099	1.7082984832038741	1.0735034862544075	3.2815560637652275	0.24160291015996546	-0.014412968151068836	0.6446813791793304	-0.6525256407752048	1.3676474593218575	0.35967149024212197	0.07505547244285653	0.08729936003651637	0.44021056925134266	0.4621180757750772	0.8685237472305154	-0.8152320362831998	0.36739548358872104	0.9111877932595044	1.5100947365343032	-0.6102401897404269	0.04160962707431754	0.08313026178619559	-0.9058045625429656	-0.9259766506191086	-1.4984038698417455	-0.20269271823720908	0.8662770301187708	0.7854860660557501	0.2899726768229985	0.1638923114643794	-0.3618234758222538	-0.2862741231841421	1.546156314190668	-1.2400342513540599	-0.10463772431925822	-0.02043145184315316	-0.8175659914435819	-1.2375379277765763	-1.016194126326794	-0.8159587636219644	-0.17547140438308878	0.41443832017456605	1.1470678807923491	0.5171642429705997	0.27242177533103046	1.439640157298576	0.4256147257466875	0.3245222355541907	-1.424752760929902	-1.868235064240967	1.528391779931725	0.8747740739691373	-1.086065397249659	-0.05066249027782045	0.4896283947786714	-0.9734842719050802	-0.3456416738375773	-0.12493491035971924	-0.7242859209986786	-0.37283873611825913	0.09733296245238435
DTXSID7023194	0.30719575400711774	-2.291998667810154	-3.9796749137717464	2.5118328431175083	-0.6988315982481	-0.6819259392762004	3.703450857239474	0.5659421025625355	-1.3625146058778552	0.7611329714226142	-0.21015267365959778	-0.023886493621582065	-0.6408315033964351	1.7163355252578423	0.10129407852090008	-1.6992159065608599	0.37782979078794904	-0.7485396029130088	-0.644031168409557	-0.041375188437543155	-1.182939587219226	-0.22038959527963373	1.9197426618457394	-0.8384792658862678	-0.30198463283771204	2.00563784830785	-0.06825606301548504	0.6261613804958391	-1.383203082165791	1.3241034741015825	0.933774501499665	-1.5184823497929196	-0.11021048467901315	-0.7541596893333694	-1.0152840125658755	0.7666816832757262	-0.48062023881016186	-1.4033718997732985	-0.6863262381734688	-0.4927231548904652	0.14656087632778886	0.48980865610234287	1.2742895670336891	0.08431281635146401	-0.6487714019685717	1.6499828438153943	0.5694494589770233	0.03989811308490464	-0.27174335071887284	-0.33516602762485165	-0.39531207498851256	0.2950215462388314	0.29998950290506393	0.13527196251682447	-0.03974173520503387	-0.534476861758776	-0.33142655857437914	-0.21112675971834802	-1.8315854544031946	-0.31325302695747864	0.08355067289162865	0.2607013992150204	0.12699309019168675	0.5709608512928921	-0.543800737069572	0.9405034180542163	-1.3836160084910425	-0.5153332061734631	0.012197562712451683	0.3342773588161147	-0.5274783931291679	-2.246963044728312	-1.4883985625498763	-0.40302326839277364	-1.8469323057124007	-0.8526035231216237	1.2533213013904623	0.8597433148895703	0.8222509260954204	0.13697347082969955	0.23393092726534792	0.8090881000804121	-0.11805813604926889	-0.06573840379525905	0.21454852499372837	-0.2549123421977617	-0.6955066896053996	-0.07863587110040181	0.39255119602065053	0.010665767638309336	0.4009939981168409	0.07193572904011467	-0.48042563449673764	0.5383153507025616	-0.35267192752598525	-0.7491643566807239	0.4717170533773555	-0.07841523368888396	0.46406223162050625	-0.0006659411942494921
DTXSID4041367	-0.9994970860346103	0.29463342349592	-3.6397332725397393	1.4004721430811131	3.778263886304923	1.4212575625022845	-0.26692238583429057	-2.7061433465843554	-2.1255605435773908	1.2558127291202739	0.7967556243481909	14.828113328160946	0.4991663748679104	-1.8517768786863502	2.8192487784356803	4.229660488871047	5.021155242741371	-4.559573743797208	1.2450258334838116	1.5657096565672073	-3.3565610126736773	-2.242715114266151	-1.7200306761532376	-2.0527328644747387	-0.3419642804234469	6.631858737279641	-4.028217581283616	0.004876281339120356	-7.952919573932121	6.219116123604342	0.7680661276256247	-2.200557039194843	-0.5640188194939602	-1.2182677209370625	-1.4010120635464713	-0.8057868399643359	-3.813796323569011	-0.6512273365249833	-0.35590839856127376	-2.7305690746766236	-0.9115668058818829	-1.9300050538866178	5.355267273564564	1.5697506610433503	1.1543990909260107	2.1488711191664827	-1.8721007099345512	1.8716564308382364	2.2868411396259765	2.026417167280774	-0.4228074658470977	-2.5320953879058115	3.1099865928063766	2.3718464274071867	3.7750948718064863	0.943822890859668	0.37545712664504866	-2.655464902541492	-5.980734816116634	-0.3484427452626774	-1.5576469993995845	1.9265223084185472	4.009183323838684	-4.985227539698178	2.0145201519109115	-0.5382454140925383	2.567286837542591	-0.6864940445767872	2.411027764671883	-3.398071602285015	4.151498293505373	4.010746323280445	5.285447382494896	1.3621598256014436	2.485627869064107	2.1917194274282186	-1.0631445901494176	1.1988941891139704	1.104312542004302	-1.1505282256466451	-0.0940493711136474	-0.10262211923718059	-1.5913477197933292	-0.049699281212653296	0.20636857280729215	0.445015225033796	0.6382676674848498	1.121411030946284	0.39207230299679063	0.3231278120136295	0.30766282675516826	0.6180835205603278	0.05237875271941127	0.04169741447881728	0.18552132270391133	0.23599840765346997	0.34321549025053105	0.3316909984600223	0.12140076519099866	0.15472938472551245
DTXSID8048991	36.75361747243659	-0.6801211916903911	-11.117805909294985	2.943884455061441	20.72778742274075	-13.14751634219328	-0.7281961690437565	15.733756195823604	5.3253287644398	5.937423472954038	-8.10857045955137	-3.718859967065252	4.8098855243815155	-0.32908773740721586	-1.9116550939609704	-1.0939320135179587	-1.6329631317956224	-1.2416660393125134	-1.48923808624207	1.2238104019268514	-0.884022969045206	0.11521434194531457	2.2920040001754387	1.16548849755515	-4.575905350600602	0.04468504141756232	-1.527394005553084	-5.0263994420594775	-4.129606948432334	-0.6180298707695403	-3.184952635146414	-1.1513663117040154	-4.517622516728298	7.179136170574724	4.4532506455251335	-3.642323682730583	-3.1948028927815515	-4.019156901459653	3.4140098220777526	-3.477432652877615	5.950049284119233	1.1279313967389553	-5.82079128934442	4.086744145867838	-0.9196186539537583	0.07946060734386758	-4.2195748593818365	1.0048233941173839	1.3492005914836085	4.541577323973227	2.0787975531024117	2.084519616782629	0.43912517318340843	2.6533830954025817	0.35405704138746025	2.0381907359115594	0.4077540611962607	5.341456854732995	1.4684745572123243	0.5877809691935278	-1.3361707328312213	7.8910971260565015	-0.03420386963249579	-1.1651536720329687	-3.868179461582261	0.3317214103888734	-5.240819155010744	1.6647012335731297	-0.14647491864133885	1.6702050207766186	-1.972170816657216	5.397196790851919	-3.90583059753685	5.355923529062005	0.9993404852263446	-2.063318033210315	-5.312732687065354	0.7693770077421916	2.7619837511381644	-3.6090696410586136	-0.6725212872793217	-1.3725888805860538	2.221491525208266	0.8830644625832862	-4.47893571532459	2.6382452502901805	0.25492616345827845	1.694652338665734	-1.8227242397947132	-0.4075521189556835	-0.9960927092016328	0.5144874725037076	1.7289746295260813	-2.42596807390076	2.4169343195329684	1.8986214419312823	1.8625359338443406	0.39039240877607334	2.239838273443803	-3.3831149972103685
DTXSID9020083	8.966719729577825	-2.133797588035535	-4.913925345845608	2.591365898214239	4.03626321998709	-2.658957863192699	-1.4604887309560592	3.9497966521483887	-0.5788235269531448	1.0072730416781666	2.029970611748142	-3.041772114894934	2.1270590417196735	-1.6394656509093815	1.6326885205075985	-2.9874177669062023	2.3595158284473365	-1.4608733096687359	-1.1300379089713375	0.5828049685262475	-1.3686353343663702	1.2782863312410604	3.899735751095011	-1.7226216184507361	1.4609109291057647	7.577128471489603	-1.3075807496930147	-0.0707035320335289	-6.933650217317466	5.1069293682510315	-0.08426307796198396	-3.8982967719123507	-0.7378641530533446	2.2890783867438733	-1.533926013395591	-0.5014472199173867	-0.3794728542496691	-15.936889235189483	2.098284526632744	0.7303658008110063	0.7580973560791908	1.5325003990798352	2.939900312344184	2.3999106665813845	-12.059458594876975	30.992851992611925	6.938315469661195	-9.289560208414148	4.04865687986902	10.803831218646984	-32.995511842911334	5.045605250142312	-17.636260457316137	-6.061977650740032	-18.0247755457783	11.355209688362764	3.6997780595890557	8.837740701425345	21.164004345814625	2.8101430189010825	0.3973830491401	-5.221660122520048	-3.1259597288942027	-1.6209146209662593	2.939326594476506	-6.258629283089074	7.302939789111665	2.2191048506942277	0.8642495022815161	-2.3907712647584423	0.3104109307943167	3.8990735975804824	5.952468714012029	1.2205608946533844	2.857704273534275	2.0726919493863982	-0.7329966422343797	-1.107475671297996	-0.5018174285635508	-0.2691035981627525	-0.2935916085054667	-0.7463339899907432	-0.28780886852528076	-0.7037701138443634	-0.2569064653343216	0.4647571613207511	0.8845256758345023	0.5239890816747952	-0.17107137885173418	0.5821994657504391	-0.47216441357868305	-1.0282665356976968	1.7055760608763835	-0.7670463701072248	0.5698324908051631	0.7386876061687652	0.3556246481757828	0.4437036491174836	-0.10284197164456722	-0.0781832764162471
DTXSID9020168	-5.130304978343131	-2.5650092176121984	0.05407605335322278	-2.5332896965437466	-2.0870171340549746	1.8396253872586432	0.027787065930361322	2.954185953551994	-1.0327379422764151	0.29470159140482693	-0.43526036691803427	0.572365490899594	-0.024481882067295405	1.006167546552219	-0.030217541600822222	0.23678731401532851	-1.1125621996425163	-0.05898328253840545	0.2827243660760444	-0.036559193220715706	-0.12545369107583249	0.05462007396319951	-0.711356719040603	-0.16604313705387988	-0.039400328796123915	1.226490656031609	0.34826588793651203	1.4279606676903447	0.3324991338644573	-0.7185523986825377	0.0712443575539498	0.6505382662554974	0.21390399068017873	0.014636263928103901	0.994042709188335	0.7332325994954078	0.4088268908513285	-0.1612361294498981	-0.09653149923559803	0.47382165054010156	0.0010332036448392249	-0.8863474171676133	0.23412347533752917	0.47731427765287404	-0.34772202460464535	0.11882238574269145	0.4502544303605782	-0.16895465988958638	0.2921145511568915	-0.19265314319610188	0.028150166533715104	-0.05843751909873351	0.3444055000800393	-0.19970455302848164	0.1331571480249971	-0.08486753357544699	-0.57277279314487	0.1755563927328255	0.03794552251987585	-0.5983371839593864	-0.3294529412043733	0.09020468667024865	0.4500862738675623	0.9373124926567105	-0.708890087958013	-0.234225298036944	0.8977572128239919	-0.15781165043511639	-0.47251589155585355	0.5518065173310012	-0.0666556216609916	0.1932601549416926	-0.5894780731661864	-0.8542089793509383	0.38990894758504924	1.6224030219514178	-0.43566368352227997	0.673402485387119	0.6530774647743179	-0.8349641523426484	0.8140052645119884	-0.2113047025562706	-0.053503703999846865	0.36472644403791193	0.04442621840724386	-0.7795976185441629	-0.2701585873962255	0.5172646546253707	-0.3010348377431766	0.3860520451708729	-0.1976718730209945	0.29833205662310847	-1.0088198476290113	-0.116148377308329	-0.12226663239573668	0.13354978127574602	-0.07905123059953209	-0.05389668002344167	0.2240126032845036	-0.13614285909014132
DTXSID3040300	-3.3058781171455753	4.640305524858703	0.6630121140247784	0.7757264243731012	-2.743667523195454	1.157905272762757	-1.7975145591600308	0.12146930779909679	1.4584193667331677	-0.6891987016774533	1.1398501984621374	-0.4662724664675149	-0.27073352205102796	-1.169451232575695	-0.8305413277131221	0.7901796431781593	-0.03216555801153185	-0.08885224759903457	0.06706455378570877	0.12779109346743825	-0.20195779232226946	-0.2291627928000441	-1.0583142901512947	0.15602159864966264	-0.2402377763097198	0.24793778369308642	-0.17353275636976448	-0.147147732879218	0.054154471290196085	-0.23499753461626055	-0.03882542961528063	-0.24539250143206004	-0.5781972414446888	0.010109081182157299	0.3865468985872327	-0.8894523644342499	0.5020745902351714	0.09592026243182879	0.42729694695869724	0.04835801168738565	-0.13276230407888415	0.20515154282318074	-0.08865360406882332	-0.12604668265251917	0.05229264366412159	0.2679658971641804	-0.3490346148685816	-0.40618065863948216	-0.0024791605732323516	0.08965312698473749	0.19483196819539259	-0.02196727431378857	-0.06279472922880196	-0.1478024482352417	0.10145227287169156	-0.27706202515351397	0.31586209775881835	-0.2365433967050504	0.3795600834381095	0.13348283474092512	0.2779189081976085	0.34187709973362124	-0.45684233728916457	0.19433326113258123	0.21902250313670046	0.4479947917926118	-0.001984611732695977	-0.23046370409867178	0.3683770026304159	0.36522650017793123	0.7900383735425286	-0.7672213984542446	0.42360382504468763	0.49658530645225896	0.37571698799714537	0.07659392759405056	0.18223659750308766	0.17636681533793067	0.1351015435402424	0.0864518649984604	0.24097228326385212	0.36441445210702106	0.3048715817008408	0.16627529164300134	-0.284913540568238	0.23309458024439128	-0.09632528695319345	-0.5608084818737323	-0.2908754029342204	-0.2671360938337292	0.2457483028976289	-0.3303600631132999	0.11449311478170754	0.005614387887770865	-0.10536217338572278	-0.08184581303792351	-0.19949452133534215	0.37314436758459213	-0.6947750697010427	-0.30629620997438883
DTXSID7034672	-6.949684382298582	-1.394118585363678	0.10078459409631055	-1.8917282955401733	-1.5994173255939175	2.4151254698235656	-0.3972605179662882	1.9687908626145718	-0.29242228482523774	0.5608066295326732	0.16539047078064606	-0.16038769900489097	-0.3989406154549684	-1.5533654797720484	0.01647318176084783	0.7031410933594677	-1.659457485625802	-0.2386453175040919	-0.7050634721909821	0.23239573590437146	-0.07699975575520383	0.20245700742571157	-0.5308648639209242	-0.8864552219469443	1.295721926427677	-0.8365942070035081	-0.21128675593068955	0.23668918258001656	-0.09862699882217149	0.2925897856439234	0.5806750716210094	0.06370756375885243	0.8121899327067721	-0.3348450324121659	0.34700206320897176	-0.3065219118384919	-0.36204850107399666	-0.6584755850661056	0.4597838046527571	0.08756494753487466	0.15694526071563142	-0.27670148356327207	0.05472389147768464	0.3283604455056141	-0.24217305782857945	0.029203224273206818	-0.010830114906651464	0.5850175006626854	0.24931524804949565	0.21305294963607785	0.11376377396985128	-0.09086669447239841	0.21467393944832003	0.22493619897386252	0.6857739867498891	-0.4126381323865226	0.2339091404468264	-0.0936501614735667	0.17049657004733174	-0.014623541992287653	-0.5629707534431965	-0.304311291357203	-0.2329860770544634	0.20284395171437417	-0.027130020257424663	-0.006744179884312211	0.2879296776500178	0.7195586758174543	-1.222437203758044	0.44210037864101703	-0.2338124480524898	0.3750759566873243	0.1459050590892916	-0.18980036303513104	-0.14683594021265722	0.49133675482362543	-0.24647306307672787	-0.7399396211671364	-0.757735789806466	0.766849968951692	-0.3687666469804555	-2.22183770400427	0.28235522098047644	-1.4273776902444948	-0.42464159662073003	0.7821702474029374	-0.656984594176783	-0.692330026552895	-0.16303551107214787	0.1751305527094939	1.0951791627554435	0.7699257636926004	0.03912459495486798	-0.40240079784211014	0.29189762304066036	-0.639373157819914	-0.35212331034462974	0.8397349520264445	-0.5254306100230405	-0.7413541042255499
DTXSID1042491	0.243750347283521	-1.3818370532959992	2.8728091070539366	-3.672617006934308	-1.5649432982943765	-1.4220903178904043	0.29164139628165014	0.6178493815754866	-0.11858427754792573	0.921386570715345	-0.6394886998215672	0.35345679970351934	-0.07469336341194363	0.19464679875179605	0.3049542381401509	0.44588981263308747	-0.4593935426465212	1.2813681917708069	-0.3603661914444952	-0.6955776976676048	0.3783915126933038	-0.39339075641644106	-0.7436055482670185	-0.9995834762602964	1.3774666957881871	0.08377461884164397	-0.4758459321179777	-1.0670997072053927	0.1572793033402184	-0.0057426987391570134	0.8558816225467277	-0.7621766778177054	-0.9138805509060481	0.12776413167496495	-0.4538548637496889	0.13691013744793476	0.40390567911875197	0.41109430101156247	0.109156365641308	0.5208230873507962	-0.3111861146957902	-0.5830669915236543	-0.056521772599212455	-0.2734148209632805	0.19942775438995197	0.11711951396207729	-0.10182179155497421	0.46420978899268267	0.08504448579022608	0.09983264339450554	-0.03829708999614753	-0.019774500469491873	0.0049066700563475864	-0.15337687326035865	0.23969474740449695	-0.6421443622759048	0.01744421358205217	-0.4424228698685915	0.6630886612377763	0.22053442527151837	0.6410950919104186	-0.01423835751826494	0.14299200018977787	0.7085830244455434	0.05232900284642648	-0.12130757411533062	0.08057564396491465	-0.5092025050387238	-0.4687270431870609	0.4615177627565222	0.04639098198220523	0.12077195428120413	0.06783103166398505	-0.27463146100493663	1.0155695709845587	0.8725161918137284	-0.5139850926620491	0.07724015260101368	0.6411310773148895	-0.31273321419870476	0.21892448731132513	-0.19329994688010196	1.2115249536306845	-0.09039836399612326	0.062489104916621706	-0.5871214108010985	-0.13876398339042004	-0.02504506379747779	-0.48781494687720484	0.601652475814871	-0.014295729937364901	0.010903831816789436	0.022693902416559428	0.059633529305134395	0.14725425653555543	0.11842061341575057	0.12524472936120884	0.024959215357818136	0.2800326363104767	0.5923421022319454
DTXSID3046740	7.717999011246959	4.566720716809232	-3.2732157289315986	0.025988557386654364	2.9033573040445844	0.41721206833316943	0.7481241902736465	-0.8794733306322265	1.9591167825439368	-3.60927379485782	1.2794808800363409	-0.0892567466651562	-1.4905844425087384	3.416791612987909	-1.6370737856299042	-1.359199914125472	0.35292937733754637	-2.156412070403316	1.0824816630542657	-0.22118538146403297	0.24179142896016745	0.31634124737893565	1.9081135050708387	-0.4402480689869948	1.3770712509172247	-2.087994021142845	-1.741773912859713	1.4714137817365496	0.8349286677312769	-1.3450894629412202	-0.11380139566036611	-0.5436350310554146	0.42147312484696126	-2.1890301219959882	-0.7961006356657659	-0.7297382554036775	-1.7406392409132276	0.4789188023516763	-1.2623778074682157	-0.9406533225342087	1.466856839638666	0.15155981846939667	0.381962129805827	0.7176711753393354	0.2901314932030169	0.9686022539252395	1.1524275160010826	-0.04352903604329293	-0.2520822254217186	-0.10123542116273526	-0.17157119796841008	-0.28980699518288044	0.3252253543992622	-0.1149750525302241	-0.833374478526074	-1.2217353979118957	0.448872450009173	-0.8604202055814816	-0.8572438539942507	0.04360665692892513	-0.6483671804435821	-1.085704153984759	-0.13195452334025834	-0.9872758651052428	-0.5545322211309334	0.0008402999125783596	-0.5181141287802179	0.6868527384110756	-0.24869415144690146	-0.5678533554825093	-1.2735159234708502	0.1713119836589637	0.22687193819137286	0.40048394294796846	-0.4358955997874256	0.9938100277707644	0.3002620935014003	0.11568511004030237	-0.6667866132697478	-0.045646317898483564	-0.6379875193203836	0.28913094697869335	0.04291753814967762	0.01495286392577469	0.7601067830731649	-0.21342704453863656	0.2913031888017077	-0.21115759204468681	-0.824491064865536	0.7194497712209967	-0.2925283197514806	-1.1651695010723915	-0.729888205769671	0.8790955877721027	-1.120595498869015	1.043086595574076	-0.4958971467414659	-0.13360270325604082	0.4121163000832656	-0.3627846514286702
DTXSID9048647	13.152635839017277	-4.040845448252381	-7.62748418329344	-4.584206368064204	10.226923172766805	-7.8282371681897045	-3.7271662459653214	4.80940663358215	-5.8697103850293395	0.23852847513191078	5.79284762636877	-2.151584701729842	1.6373766843968312	-0.4111777051243758	8.654007190575912	2.313951204772741	-4.950383632420792	0.5336411099683119	-0.8516862780411298	0.5311280565759604	-1.922708135855616	0.8297280762898325	-1.0263371128192593	-1.2961497225379701	-0.5310970113109603	1.1338147695052525	1.3128721499409184	0.6039567396761575	-1.547087817920971	-1.4274315302934852	-2.007128257296823	1.198254956453433	2.071808466342975	1.5774856823784562	2.2117034590493443	-3.4453353798703046	-2.3307228539346987	-0.8109651658478485	0.8993410868270602	3.374951378341337	-0.07951940623921631	1.2842408185214853	-0.5039509835052318	-0.004560461673764463	0.9685283920202653	0.7921302307797439	-0.029506140663595845	-0.21282235600684596	1.0381456045401003	0.3095520726457293	0.1283356205689194	-0.8541392856246813	1.0394730727775936	0.04368132272697404	0.7819716833983882	1.2044861952380574	0.48660814977174893	1.3632948265061005	-1.5163203547116708	-0.0540819675662023	-0.7332109461547469	-2.7716926471778134	-0.827846952791069	0.5142514295995386	1.103992514934933	-0.7770569784000381	-3.079983560658519	-0.21104703513306605	0.5968882231668583	0.45859315766209363	2.1589573832445423	2.831086779373835	-3.1380575277320935	-1.371044092263771	1.757092843366585	-1.4669897164435957	-0.5844569419055561	-0.9183425143280047	-0.30642456355206305	0.5663260421782277	1.8172494099110634	1.86863042861641	0.8168363495280805	0.6654766578904469	-0.1548018991291766	1.2679708940564096	-0.5804361449845282	-1.3493767742414315	-1.8789333186835862	-0.22028200093764777	0.5399739227099628	0.15064511928387117	1.5298492043742542	-1.1821932826594015	0.8434616235995259	-2.1734172922687534	-0.6020935103006375	0.5196262569218382	0.23214703619805957	-2.419148446445759
DTXSID5021093	2.2168260900028964	1.2521236387867958	-0.8384887207224093	0.1831414703573631	-2.772060639036581	-1.392975835909645	-0.938904876109512	0.42370517220971965	-0.6250852921840322	-0.4688036608742929	-1.4947924248106517	-0.08029842561178933	1.0053073768606042	2.0775356745739124	0.2849715726258035	1.7374338878059135	0.529477275576487	1.811220131177257	0.8671723026805439	-0.9550911466213798	-0.2777401784325467	-0.9651311709328972	0.779373460161924	1.6229268224074762	-0.31737155187499677	0.3406438663527074	2.4612058325730946	0.06804483322392015	0.6643916354735336	0.6360204137271597	-0.6403250743391824	-2.1502975858973024	-0.1173125736999719	0.20625984269610528	1.0768654804361097	0.6404946857402282	1.2624777402879563	-0.3465908091180247	-0.8103422376035294	-1.427467113355226	0.14679272868436585	-0.1591238375854599	0.20325369138807833	-0.5941939631296299	0.2645593844888134	-0.43936862042553926	0.328656803625066	-0.30116645714824164	0.08231209633280287	0.02738550553801274	0.13578497470979517	-0.04714635182296521	0.8032592486101854	-0.11584343915768312	-0.6956036111652322	0.8866876740041709	0.008278348542280144	0.1043323986176432	0.6983826633217783	1.291303387743582	-1.8881964334499075	-0.5694334362148783	1.4514015411375163	-0.7133533887448127	-0.5199676906324978	1.000554363492096	-0.3998440721330024	-0.32409394436974226	-1.1940300537825006	1.5074273019170148	0.18522820900891626	-0.11557413904979581	0.9415026066398352	-1.783180117432221	0.1669065288667529	1.3725667996874682	-1.0438950342576059	1.6877678464097412	0.702115663051751	-0.17378326892000925	1.3816590566553926	0.16845686802489893	0.17121484529529743	0.7172968086567882	-0.6678659961333312	-0.9606628003586332	-0.19720875749938363	0.14433000443968613	-0.20128983660739455	0.6390220862824287	0.1803471051423455	1.0401896982560872	0.30163641423375936	-0.10843296365527463	0.6851867045845225	0.25776798829720465	0.4965155910978567	0.32677950902807507	0.441797908689992	-0.6674891058801625
DTXSID1044938	0.1283777829064056	-1.790048032951589	-0.8814563065969978	-1.719215195819808	3.968604577141312	-0.649640147797353	-1.9511673013336375	0.862375473741289	-0.12386999909181737	-0.5910480845174596	-0.20237374241884368	1.0732849740119514	-1.1916149833027834	-0.1263664959014071	-0.82028301019459	0.06312228893715185	-0.818127357911516	0.7431590629855656	-0.5841519086722524	-0.610658251377163	1.0160143578917864	0.38765718256474074	0.09603956613447223	-1.5639632284117309	2.8778327172550107	0.3183224853155914	-1.5331417568453334	-0.09331800519199324	-0.5195705662145036	-0.3756264495036198	1.0798427514995488	0.14098858445730875	0.29808390217757846	0.4279739133386895	1.3523392835742796	-0.9440141111593463	0.06941646351166314	-0.1557982659255846	0.04816541373299332	0.3716113017033079	0.030402121895667787	-0.8725267698257382	0.08759782121701555	-0.5979980358117629	0.7256331691952993	-0.24525027189743284	-0.8691200059934332	-0.09964363607090797	0.03139148191082314	-0.2809090933371439	-0.058422651973052644	-0.5319999274926446	0.014024106228738146	-0.47135524338715323	0.11947856999010459	-0.5445355073867201	-0.12927717911155007	0.19382941090267655	0.6496049474229791	-0.15292628606506092	-0.21670919225763233	0.5618861882498114	-0.21387367577909114	0.8959574041393171	0.6867335457113203	-0.20456091300270948	0.1288292200419943	0.14204859417930257	-0.13025233461367336	-1.1072117198793474	0.5472825349471677	0.014882657244508959	0.4013128567072173	-0.8181998936792138	-0.5708350575952669	-1.0092739972282114	-0.06154474661311956	1.444539372153807	0.9287481581776786	1.2406053497691203	-2.445879794825504	-0.8687420880903672	1.8090258435195534	-0.4177316070435411	-0.6306139323614178	-0.8552521759755866	0.5793246316085674	0.3334859654406707	-0.22544038931223948	1.1999033890876474	0.4006820771224826	0.016527885606782065	1.2460359041100684	-0.17984837309891055	-1.8366224521731438	1.371979085536734	-0.7181543903495624	0.5219106421930099	-0.46301192086120757	-0.44772730209610656
DTXSID9051618	-4.5979544953534734	0.6378850629387164	0.8245391689319757	0.7626119989145764	-1.1571576989511225	-0.39726618449855894	0.1857123220416199	-0.6974320323595846	1.2656347211125616	0.5069189369559179	0.6339060472062578	0.0591425145676286	-0.5151859193265352	0.2228882078456192	1.3338704420271377	0.33753225375314255	-0.7933160358424303	0.1922815800818633	-0.5667428819508943	-0.4343089239435059	-0.4398590463026636	-0.3411491700933072	0.1953949287684308	-0.4094399953697423	0.3025315626624623	-0.998226479595562	0.25151030031599725	0.19129177973766953	-0.32296235730708556	0.3938551956982343	0.13267123793351096	0.6558023478955088	1.4090538647691817	-0.2329853843224099	-0.26092409317243503	0.1119573568103874	-0.9712164669747874	-0.2869379582614802	0.3858237740660597	-0.2140930824125294	-0.04659086317545608	0.23612272672594645	-0.41127210678055043	0.30515049810670075	-0.24310476360446004	0.3193039338215941	0.7341899165940546	0.3675710852949206	-0.20559361580462854	0.010807480236024583	0.0015130607535168334	0.06584359841633455	0.2857123828117675	0.076799594245962	0.3419033660144446	-0.20687709922986397	-0.024095891721672782	-0.0041933813067238585	-0.44553415180170214	-0.031776418218132804	0.36823295033473263	-0.100016740623533	-0.2784637994128083	0.07095660720919084	0.08973446561351248	-0.49468060382058393	0.1864989766344519	0.8983375384693891	-0.267126083142326	0.28962845043824925	-0.8482142678706874	0.6859651944408158	-0.355315332517282	-0.08330504632930648	-0.5596218533894758	0.7234998222302776	-0.4092060096004163	0.28829969869617017	-0.07244167454399687	0.4647882765370109	0.2567427058206354	0.145444388583684	0.37870855400128806	-0.6808642877229967	-0.11592058498339229	-0.4040097577085635	0.023225226859833317	-0.4118438812323772	0.022112635328951333	-0.44243722496670534	-0.3619958076310542	-0.1049507677225816	-0.4156688877738269	0.08182697360744833	-0.3403998147956888	-0.49243802682343446	-0.12872124935672058	0.03620307377174105	-0.21692343935349917	-0.2868499341376042
DTXSID6043913	1.3877935321854036	1.7182373214863282	-4.622900264920665	1.8789700184781388	3.200437952152841	-1.4069968971552254	1.8706030015704422	-1.0518376224928248	0.3461469855391155	-1.0672108376600777	-0.5465055621633168	0.9209578210842074	-0.37784048835675726	0.247475802727549	0.45798601561092717	0.47214488167479024	1.0071953599953634	-0.8035542526978733	0.6789078503949667	-0.5185786163591234	-0.5375619531093109	-0.5083028840113225	0.5841107573539788	0.6477996775007208	-1.0598152570329178	-2.051857732113085	0.08286594875600485	3.1339533030982496	1.9077171893055735	-0.4543320850643362	3.7297463258107157	0.8233531149486927	-2.0896127337369776	1.6939388601536225	-0.8504864271565725	2.4143454109090574	-1.9700426481745639	-2.8587916580745945	3.390128564761734	0.43489271277604624	0.6939340427584413	1.9761073028133262	-1.3717461920838874	-2.0665308597350713	1.4254258512600173	-0.6684912698423668	-0.035739556467148124	-2.8579977720330367	0.2708228278935569	-1.4678970027289473	-0.30631269453143833	-2.7036865972290482	0.9168619504243376	-2.5085624950968324	0.07099558386915256	-1.5040231641941804	0.10043969014087191	1.9429496030112792	-0.6270591340324216	2.073542206937275	-2.532472046833175	1.4021552014704655	2.7635399153654157	-0.6823731594843481	6.059001754980572	1.2204450940065243	3.015855376848095	1.1434341456072619	0.18753600568224574	1.1410138727927834	-0.4309415245815955	-1.607630460967261	-0.005374566890935433	-2.170446474492073	0.8162455467397695	-1.3085350339619253	0.008562897841040045	-1.201137271791441	0.9095727865819295	-0.3941114737098019	-0.8761049214438822	0.5126054613211654	0.14242065262800485	-0.7766199023088106	-0.8469754565238773	-1.9716968376486965	-0.41912672866084677	-0.40143198813515407	-0.17302532676017482	2.3170499456025953	-1.2727818182279549	2.0778254656072552	0.7243658686112565	-0.08352804825512412	-0.7821911795270373	0.9019178630529642	0.05999631038170523	-0.1663753073615404	-0.6635135177109438	-0.7319717845722779
DTXSID4031566	2.0744412808398147	1.2247161531593354	1.3613638405644266	1.5992734023443125	0.6247068807159762	-1.4557920034504788	1.9048307075871944	2.3707499527231337	3.450146549487803	0.6924925648746445	-0.9419313009654766	-0.20575682455907016	-0.25730119237602106	0.23602014986792164	5.516917241317445	-0.316150227834368	-2.425991552753635	-0.0740132326202976	-0.3871286099485551	3.092785988469754	2.0490351779795315	-0.9780282856147173	3.4792657590762643	1.4805710764641855	-0.5793683014582662	0.7505025245843046	-1.506351506219129	-1.1924115969403608	-1.694873009590029	-0.7332054238241053	-3.3249480040978585	-0.7782134684667785	-0.20161037937932755	0.2826880043326262	2.9455864343379736	1.3556545641755982	0.5870285062930651	0.07406409355906439	-1.3341379483141382	-0.2844828801774455	0.7064761962162928	0.7843844270805054	0.08807563563251468	-0.15252398969820583	1.2365431583517212	-0.2615324436102702	1.0018543260792945	-0.9918439675525252	0.2009789058767564	-0.5175505196040289	0.3083276953871155	-0.025880500252332635	0.7210807580954404	-0.3098412375331552	-0.2193201117233381	-0.6913507401000707	-0.9746449946992134	1.2119207170382917	0.3826949963977198	0.941775512338021	-0.48483593557560134	0.9022419495881774	-1.0786982456937535	-0.26073715294093963	-0.3883567810550085	0.4822010637493415	0.2587653431374444	1.1589922522452492	1.0692275407778393	-0.7255984923031804	2.534530291989823	2.1025328394036356	-0.9706626043986102	-2.487957168797841	0.5137604786678265	-1.7275309731241055	-0.5505665865404878	-1.9379644538386038	0.4659403994955745	1.1259767614322926	1.1362876103212338	1.0690742187801232	-1.318144258604929	1.7269435332695726	-0.1613395330822245	1.1777068807478765	-0.013144159660869544	-0.1852536457576898	0.11735850991245564	0.6001303034984655	0.8002621425799697	0.21360067191833337	-0.3118296436533428	-0.3126322013678161	-0.1235304817436487	0.9861862818142018	0.5832156541233352	0.5904630832714189	-0.9925005761541591	-0.7829545715689176
DTXSID6032722	-5.9910320769824175	-2.3715458756764627	-2.7064929689590542	0.4291982894522736	0.7123809868648254	-0.6435826120965049	2.864835860652163	-1.7118983909945065	-1.80828691746061	-1.1478197249274475	-0.7072473335327648	-1.3106920005918457	-1.7610877761984989	-1.9778346586625115	1.0478895570159092	0.5737452483742683	-1.0509167872747585	-1.2043177613449527	0.26993915809755586	0.4980889130083533	-1.6853520446191517	-0.2561181620446758	0.5807444912780829	-0.3432531923268076	-0.8773132432315163	-1.0041322694513735	0.9076803257296437	-0.20276964023459693	0.9215615397654834	0.17517284498941696	0.9582873956801352	-0.7505704049254157	0.20408034163952776	-0.9832362298705802	0.08885280331831834	-0.35076659408108074	-0.5028252851771857	-0.16061648820374627	-0.20532578813260374	0.018337373024658137	-0.3927944181097778	0.5728792655477808	-0.5616498672239078	0.09192931540880982	0.08496261955950991	0.4248115695412102	-0.19824877583837044	-0.3951461190930488	-0.123244801489672	0.1954124984200989	0.032825476760108836	0.1508302545563725	0.03389816976443455	0.4089464784923405	-0.06635400890485799	-0.06336793149321407	0.13876517703156732	0.45812193857386	-0.3926616965331289	0.762973274848022	-0.20491906868393486	-0.04354755413767021	-0.27349730833897995	0.34291882198866747	0.10857400429307433	-0.10612164708316621	-0.7289746782929647	-0.6903674112755225	0.2849725942975679	-0.4909602269694867	0.40834207108718257	-0.6123216835563807	0.33126460379120365	0.1048210534416043	-0.55268377411936	0.19740615143765694	0.5431788265894393	0.744506757012829	0.5492559516028075	0.10728499499425503	0.4010682260178892	0.3966433441948676	-0.7744502797353023	-0.8863581498952224	0.5204407924243865	-0.16828300250055428	-0.14000207676897009	0.4035156976583788	0.5106942989111248	0.6260933033186848	-0.5755690253585691	0.588086837338493	0.07809999224369824	-1.174189423657709	-0.1378228617435785	-1.8482180945978646	-0.019233285726572864	-0.8395290689443006	0.21142638284904083	0.2004963566994521
DTXSID7049051	14.05033984273326	5.764460570363944	-4.036044044866508	1.2762893933831778	-4.253700460430448	-3.3556090245018524	4.342960196756786	5.0150169481513736	-3.431370195653405	-0.8629475359858003	-1.503811826110554	4.4844451554904134	2.191655405999343	7.5581079211727715	5.8034593797847105	4.52810467856696	-1.826994094128996	-1.0444104468091437	1.409073660243117	2.1084931667339166	-2.200627987709823	-1.2715954670491532	-3.000746834598196	-0.1397178987980631	0.42848952421151654	-0.6231789125566058	2.5349918002116794	-0.45527533912011486	-0.08394708836482563	-1.2482743224319228	3.802746045225641	-1.064826737480252	3.329871568489213	-3.5452461317832302	-0.9254642501830965	-2.69626291405699	0.03976147830331895	0.06108259786567562	5.670445872508547	1.16775367242178	0.20583809966411962	-1.661965151314222	0.8068555965511123	0.7626448448285806	-0.40920881577279433	-2.8799341470552626	-2.3931670301236974	1.1650180574560718	0.29546205774191203	-1.0140353890913896	0.4960405214251578	-1.6096945036026393	-1.1910876316955408	1.071620457326414	-1.014320099732802	2.0538655393559213	1.8235880539248086	1.903054143868495	2.632522285093224	-1.2106035596343667	4.3149343352283145	-1.7176464138753442	2.740591892213404	-4.395807242229382	-2.5351795825722965	0.7288685619239661	1.3219717245515186	1.5320312618469112	-0.7621037484266635	1.107679979576437	0.2560621759510037	-2.3397403640864667	-1.3059497500534203	-1.2905938382834734	0.8857899489349381	0.6349199574954522	-0.0020597843111853044	-1.5155800669433495	-2.4356247808009592	0.40497725081553104	2.2104688190495345	1.6688907298716507	-1.0739815523627152	1.074074673930411	2.1386869418780368	0.2030037125652238	0.4692379389373982	-0.0735966982192426	-1.8972363701137076	1.8109445172729286	0.8389096859015861	1.4610882345697715	0.19430361820775732	-0.6095411335319675	-1.1257617781271005	1.9729489944836334	-0.9087901832819132	-0.11367338754013535	-0.7506980113778303	-0.37008305685190135
DTXSID6027636	-4.046315557929935	-2.5645326855084716	2.894953168595078	-1.7138554712766252	-1.5138512542178482	-0.6135075631944922	-0.10072633031739595	-0.15590943253164694	0.7653931225221183	0.08328984744941684	-0.49103895884913173	-0.10974385074381632	0.03172872425687973	0.14191096365465594	0.3933911539077519	0.013093989251002138	0.32241550486995674	0.5910833319390844	0.9054178462156547	-0.6183255898928158	-0.04931203140455314	0.12079417967755196	-0.7533593138496554	-0.7038916519744457	0.6838563237281329	0.23973715919671043	0.11282092295100567	-0.49052637196580257	0.4710355850168332	-0.7428338694175103	0.12236480759781851	0.9272838530658658	-0.05651085814628586	0.49910234313943014	-0.2758171630404719	0.2970764611307234	0.13843344525226894	0.6732446799137417	-0.8911841073205014	-1.0395966941072705	0.3590895277480234	-0.2351459062990793	-0.2315197861921913	-0.5511550233325191	0.11928075997036684	0.45308700424732495	-0.2040768054609329	-0.16971405282029067	0.1411228134662681	-0.3167445026951491	-0.10736080885240351	-0.2997340493724534	-0.10730979214586983	-0.09610485706380605	-0.08469881870535177	-0.04067734483211351	-0.17838378012874112	0.3558977080936217	0.03271058753576432	0.4268554840173736	-0.6127463770845494	0.23717008951031907	0.6760384995130787	-0.6778114009697751	-0.6983365168734277	-0.45110070644677613	-0.544747103733463	0.15678617569187459	0.28357794674109993	0.7147931157832315	0.20747246626511023	-0.18993456312558094	1.1439615437304078	-0.46591741726677366	0.2646028459093897	0.16379173219048737	-0.19508707044338391	-0.2331781730135222	-0.5958128236559801	0.38971262053817124	-0.5782866041662732	-0.7711081371123124	0.026449228749810476	0.3828330731240517	0.07492002814523369	0.41618318389680165	0.08896801701281426	0.2811559347339459	0.3000228770163926	0.06384708819429058	0.060317190676480656	-0.05777064718836252	-1.064723014285422	-0.3353965456273792	-0.3907714651190327	0.3560778307751384	-0.07680160659994363	-0.2802676977810203	0.3067410344512295	0.5026601599044506
DTXSID0022727	14.288342970645727	6.416520324054264	13.740522523327419	-0.6069627456203924	3.346697213150133	-1.8521470235140827	-0.014620520168573577	-1.5575464426701962	-0.1858941743844824	2.217782685011282	2.6292089499653395	-1.1037995304861734	-0.0822132296320348	-0.7582634048313542	-3.7893349307405817	2.916262063562908	-1.2956651432339656	-0.3119144076224622	-3.8918175593927717	0.1991186645974895	-2.039271983385782	-0.9006184001891904	5.216997842303153	-1.019386896596719	0.6665626673095997	-1.2885769751924208	3.58064302369669	-2.2363610254343578	-0.5119056305441749	1.253167200935362	-0.03729037438854424	5.322954359884559	5.433224311581306	1.6512931591631774	-5.711448432397053	-2.8658123041828745	3.0785842169549853	-6.441223980274999	-2.785898804562604	-4.471154814903321	2.1969329068506576	-2.7817768190943077	1.6582956475969757	-0.5342111769691053	2.33349548043898	-3.799495162880914	-3.5241394650650713	0.30553507670988833	-0.3018681270913534	1.5502831142798374	-0.5866123396925821	-2.7536673271674874	0.847693371250585	0.5958988329874455	1.8162460990661726	3.416252678853167	2.3776302916874945	-0.7756589459543815	2.044227563737185	2.6973327266530562	-4.234117711554501	1.8993888334166016	-0.730451461735197	4.4881598830854745	-4.664762204625349	0.0005559892526807341	6.268947813967098	-4.587746642321215	2.6070460616528965	-1.920945233081217	-2.6602458355418594	-1.9292247386820296	-0.1711922468778171	1.6918082927309899	5.692041161285639	-2.4551351429901747	1.2868818399724111	-0.9239944551840126	-0.32436351919802964	1.9098986590101268	0.029797497572608155	1.5717789456634448	-0.6060045369439713	1.121557090356567	-0.44334079185868924	-0.6938220215479715	-0.9256575541956515	2.1207868234817124	1.543033119997952	-0.9418432703823054	0.5880265438469651	2.421124978453646	0.3328591253679278	-0.05047133581312056	-2.232493268089393	0.37194758665870153	0.3325602249834908	0.4863126790759957	-1.1773100651033592	-1.05544571916997
DTXSID2033493	-3.044996773080521	-3.5553687713766653	1.3459733153808555	0.04037947035522683	2.7818386424951	-0.20047423891128183	-1.845377395036307	-0.041961769569805095	-0.7797705072854365	-1.7952904075880909	-0.705947778193977	-0.0008705823111285684	-1.2560669803954787	1.7345009419654591	-1.3409084570460867	0.6272876813455796	-0.3079630949314836	-0.34063905359018604	-0.5138485653991084	0.520042700939594	0.35864920962154656	-0.04848119855807415	0.8235523513817774	-0.7686927694240887	0.3712380974154924	0.6083240269539725	0.2759264986524872	-0.48604503927140835	-0.2850873113743703	0.08084014373971062	0.2442508861548835	1.0299095548040411	0.4838053136242221	0.40759786971331763	0.5245779011000515	0.283347234869054	0.28915273170351835	0.4761696441294742	-0.54067511526216	-0.6409462134781899	0.35822132874636153	-0.05518463079133502	-0.5807867386485357	-1.257499481626292	-0.29149328134397823	0.2741455581912974	-0.013936008649086189	0.33885374820362	-0.3061816059303772	-0.12185388555410048	-0.1807258157373379	0.14513522567187143	-0.1673039704062734	-0.09350576172144037	0.06400159494574569	0.04943328378766303	0.45258583205452035	0.3525387081478569	-0.4272393163148057	-0.01732888436753551	-0.08968262662164653	-0.10053740585290247	0.3690833998428976	-0.7261046284146898	-0.2371129298255688	-0.20443192314217934	0.0019040079986950603	-0.2575328963517648	0.03637535881891652	0.04383916361574144	-0.42205432753762495	0.3030275961990604	0.36607305959139114	-0.31832350813097027	-1.0709179080187652	-0.3937260412940202	-1.2470899323927847	-0.253876036795721	-0.14478869057214594	-0.3725248477807556	-1.0748132337986036	0.5547479460004254	-0.15071254758621586	0.36243227767779657	0.25741858519007366	0.0008148131391869717	-0.463980544687898	-0.9670976041383565	0.01865761834765867	0.1722716221152075	0.12390482246368031	-0.36128053923809106	-0.594161036160904	-0.20082318730807638	-0.1274653812140739	-0.47282331808066574	0.6436030018078276	0.13649183571217027	0.2470088707860189	0.00376616118013397
DTXSID5042297	3.4873665678826002	0.8483349686938181	-0.6628357600925873	-1.5951093088972208	0.028632444098395257	-1.674581044683828	4.338780455375538	1.2620850797966867	-2.0174108135252573	-0.11415007424974102	-1.6161358257571152	0.9630970157377625	-0.20118835660113527	2.2598955173228	2.041006419255637	0.08061263403996159	-0.75900133805293	1.5731972848475662	-1.1968035055855841	-0.37024548614348407	-1.1440106755617212	-0.3776308367303284	-1.3291183450801212	-1.0429591937050129	2.001760407642249	0.03601355003270903	0.012521261545142666	-1.6473414650023834	-0.14287735621344094	0.11952172603580051	-0.04119293438681565	-0.2849851681345128	-0.1973868994007759	-0.14894145482323504	0.7282934182193261	0.131482082281781	0.6130727711342743	-0.37605709947108007	0.12709685284341418	0.1787787820284111	0.17176336084764848	0.810241692970631	-0.5552054991728121	0.15168990251246295	0.4339711973414045	0.0004775524041825148	-0.27709796258457964	0.23310113808242078	-0.15075650959152878	0.1229985080672509	0.22164777871088337	-0.2396096142139941	0.6151435987765731	-0.09376017325358037	-0.13363264428036525	-0.38593120461514885	-0.09026856680120789	0.1807387313354658	0.7920659846669884	0.8518256469599842	-0.20875221642519	0.7910561635124368	-0.49991530195083517	0.3166903220680802	-0.19512722696478718	-0.305602211627956	-0.4156108589903096	-0.12976513597667935	-0.7220454627880623	1.1633807966795224	-0.24818202042650048	0.6506909198410648	-0.6940500251756418	1.2346739038476777	0.8969555096765712	1.1241287864965634	-1.555113098872724	0.6556144870669698	0.4304257571898866	-0.05683380599395461	-0.15870194659747766	-0.12927967393649234	0.4080485654046363	-0.9309782452920673	0.6192480302191877	-0.3408720893369398	-0.5564089795129493	0.6638924265714882	0.9564727506399172	0.17624976511725146	-0.08540048246098574	-0.42414285740894986	0.1661887389137447	0.22734604595295135	-0.40357411733450266	-0.4642212797200757	-0.6426376860400006	-0.31750169586925786	-0.6632323788460766	0.4352291792762928
DTXSID1022421	0.16687633592273385	1.6180009553066685	-1.7157467891854952	3.332539857993544	1.6648409350484599	-2.4517489228332243	3.1101230643375617	0.6978272634576905	-0.4292712518123163	-1.7724483752501692	-0.7248061842755984	-1.2809049312073262	1.15054605123154	0.663538127374586	-0.20273399488532068	1.6612468793481652	-1.8839227799454712	1.330388751380415	3.3474798728878783	-2.3874086097055853	2.5176193796371367	0.1434543009612387	-0.20720583985299842	1.0422025949816245	-0.2542765419390083	0.8592723917347483	0.7638274576185365	-0.4130639078704268	-0.8555622341113089	0.7410224308792204	0.16863277127646495	-0.9393056670443753	0.6781195143121705	0.5638849452058182	0.04047869881317772	-0.10243894460422545	0.29808822118417133	-0.7793250795054181	0.9324977785749485	0.6480731636137954	1.014992901440349	0.3156974737156742	0.28471858140620926	1.1522305844320064	-0.7664223474856167	-0.4904741498327197	-0.42905143186602257	0.011281885706199984	0.142059928234831	-0.007385889202816228	0.35070761730996436	-0.15038998175448406	-0.11764020464976109	0.24357215864368117	0.8903756994961168	-1.5876752312190687	1.1548165186853825	-0.04473408444921663	0.9924254522192536	-0.5270857468703011	0.26328876435666254	0.6243400759417781	-1.413243711642231	-1.4515921440328243	-0.12306506133213096	0.19289319895896612	0.30751043289938973	0.7691984426700708	0.12311589687655783	0.578623657582026	0.0664512104402781	-0.19535540877581606	-0.2797970573630557	0.9788596123612137	0.7805187102657744	0.2151079970371598	-0.6477101643171096	-0.5173651867808582	0.2705273800045676	-0.8536880607824722	-0.14904119928236173	0.0362009597429939	1.1149545023726437	0.1448230403874103	-0.8647052003467782	0.1848671360025053	0.6502197097847492	0.2152649488417907	-0.4490703653047123	-0.29898406457256055	0.9432142702453333	-0.33116272830827714	0.37828432865747025	0.7286562459472437	0.23027154253342919	0.15227943594014262	0.03874316016585424	-0.19053846268078492	0.18679010811654742	0.28902664670035694
DTXSID0020361	-4.13272004843153	-3.5368224341901033	1.528058490191727	-1.0734669291614967	-1.2414263966571324	-0.006752717371205019	-0.24464508154107456	-1.2919058366658327	0.6940243211134336	1.710259506123274	-0.30446650971488215	-1.2691398302204255	-0.642186459916521	-1.5543128744335675	1.0544649205658136	-0.18997823754627527	-1.4631845801088523	-0.8927152858134503	0.5129354253402679	2.0523884873538925	1.239992725415015	-0.1667374220264922	-0.668941791340713	1.0956019318203654	-1.7669461343142607	-0.7358381320238409	-0.06771040114166178	0.8772998884021457	-0.5353778400966842	-0.09827033619635543	0.3495630351785109	-0.07871794356399114	0.47230581326738574	0.7596774135697195	0.5398810059157162	-0.3306958035413834	-0.5204519458944064	-0.03334156981728086	-0.35032098346317914	0.4477253739497037	-0.5107493644775183	-0.14184399588082874	0.7594716894558766	-0.2201094269190615	0.09463288147538604	0.11149602747497954	-0.3279259457719016	-0.3013762688319071	0.20580092338514572	0.24440476429901137	0.04012271895838419	-0.11025982402094188	0.3553761896365636	-0.32699469417552907	-0.966991905050066	0.6783550720024921	0.0749602622944331	-0.42290969669395073	-0.3314540020466991	-0.15433499610413284	-0.290667865768568	-1.1869487857304983	1.0479289285444133	-0.44866080222639826	0.43886313665805593	0.2606659909770161	-0.738558159583877	-0.35630394048313346	-0.7296952428161554	-0.3918567177032351	-0.5853112257005993	-1.5618987439220577	0.41697483964834625	2.354233505009886	-0.32499393834274604	0.240247672300839	0.5763325362750104	-0.08973888636216848	-0.55519979441578	-1.0399174024383713	-1.2761132056789872	-0.43742099905957454	0.8299971623758345	-0.9433692558622755	-0.5922710734289991	-1.7880715606093367	1.2638572932550713	0.13513908449899115	0.652440666707062	0.16362646880895376	1.196519105847865	-0.10842634071743945	-0.05011644253396822	-0.4965248669779069	1.0237555533395168	0.4180110590746808	-0.08162398397715392	-0.5645990733027969	-0.011122690886858808	1.0917416437964598
DTXSID3057773	1.4972254502780746	3.2967874197825493	-4.577348625060239	2.5314893027358787	0.21894184638065756	-0.149171623932791	7.394930747156502	-0.5119855195269594	-2.161827548339356	-0.945445560580987	0.45989912379310066	-0.8858323544204211	-0.30551075215271656	1.6029140072352026	-1.939165333587823	-2.185560563841	-0.08794981319921498	-0.5150749386010327	-1.0227339094412533	1.1263586751564993	-1.380179415326058	-0.37924278495554115	-1.2172477462755487	0.4181224065742606	-0.9428065852094123	-0.7107542431634463	0.013589559424412652	-0.6745808321443132	0.26468210609158466	0.07227576855758194	-0.13027934271304847	1.3762526218035416	-0.21072482182081792	-0.7248164559122318	-0.9561797203474329	-0.3459411797216836	-0.47119166535393586	0.941650986105676	0.41153825849030956	-0.6866884883953954	-1.6677110154158945	-0.16477791877393863	-0.6108502015976254	-0.5878071146645789	0.3842104037217554	0.6767131209566561	0.9168920114704232	0.7017705717698891	-0.21754310799570958	-0.21865298252310986	-0.6695877178939273	0.8256632393535375	-1.0466034643099764	-0.0647744658720001	0.0017605188029266926	0.14922013745468515	-1.0671592193993789	0.7545358208322551	-1.5370202255260423	0.6971661917908006	0.18083150073668433	-0.26964553219451604	0.14669560610747617	0.7543073089153006	0.026385843183069763	-0.8382223279385457	-0.15725031369773368	-2.123315490215229	-0.07556488399014341	-0.03936074808296864	0.4884713699951441	-1.5834467943589212	0.9292691442967062	-1.136942310516659	-0.24738181778040502	0.6296753963641092	0.6822350977668927	0.5061712684255634	0.22045171252582102	-0.13809741132161027	0.10798485483713217	-0.46914884976559457	-0.8535135665166464	-0.5880518173471175	0.10397145516512352	0.2725483467399277	-0.1889429094401175	-0.012413802095892776	-0.14232796371059475	0.242669738660489	0.6029052764126656	0.5152925759318209	-0.2487837166047977	0.9044287442942925	0.931924663138759	0.4997508852092109	0.43746216628321505	-0.24674652929104982	0.9375559506573432	-0.30463342366049717
DTXSID7047271	13.164102301003282	5.3086174047346875	-1.349031693693796	1.2487172020421153	1.3985760407542325	-2.617031083242325	4.899798499967593	2.463495602768179	2.327524174534106	1.015483550925758	-0.2982646261604852	1.3568247618513058	-0.9041647829656382	0.08259351751163978	4.162853134196309	-0.010614590139578108	-2.2085440406124666	0.8899219316241852	-1.274283765617266	-0.8356669488199294	-0.3403828918092531	1.1372715367932413	1.9984698671832646	-2.852388478205027	4.152198271232922	1.0725664065818608	1.0239675675052364	-0.5125125551503534	-0.43236368857235064	-1.7001784103211097	1.975991331439687	0.804963622725781	1.818478759222991	-4.323102134427147	-1.0228078765851358	-0.8097655914228813	0.3269080838885567	-0.04568974132395495	6.16194347067854	0.18951595389478573	0.5333327161117587	-1.2257579214216052	-0.49256171078018096	0.5322130860367347	-0.166715671239157	-1.844314686025914	-1.3478243983542075	0.7378363722330489	-0.13997312761198383	-0.09193119490128643	0.27268359061659264	-1.1539592110646535	-0.012471941912932046	0.9041313633582644	-1.5411194322844937	2.115636519520589	0.9108777004925908	1.5067264016184596	0.4218382217042568	-0.46482383082091583	4.835829677814993	0.7005178894122714	3.7005307842675963	-1.9397409818612155	-2.2352598150044587	-0.46047444513840885	0.8572283330673615	2.35281218244985	-1.2890836664914518	0.059103738804961406	-0.691630070161501	-1.3828134962029788	0.1251315035863484	0.473391559557114	-0.5904835965273213	-0.6044170397444784	-0.4304748677323903	0.6299689089006746	0.6844494078161527	0.09678355318971284	-1.0393047787657363	0.2939250500530084	-0.11209179075010105	-1.042293360223436	0.787798385658563	-0.4243996505586754	0.0022764650396103806	-0.07769798593526049	0.4137956553203968	1.8965699870021706	0.41221362032372055	-0.848896982539754	1.608126638482843	-0.6194375556307018	-1.719306578258487	1.2553170320789586	0.29181792303291426	0.5025035033470332	-0.5037497386194825	-0.25788495576603704
DTXSID1045118	2.4604234336974073	5.9629693500851975	-1.7681319147234282	2.334837887771266	-0.6117039395766418	-1.3730997461028538	-0.37518854923648454	-1.2635832684212585	-1.5305169395131444	-3.1802719945287152	3.579801175624108	-1.6927238889744458	1.2196137809643295	0.27104790331827927	0.2884948218824145	0.0017249541451515044	0.5800220192542065	1.0055226152392538	0.9718607339787746	0.06739540662131167	-0.49822880926776064	-1.029849848972442	-1.112239602899668	1.0697558759199564	0.24512496136757247	1.6653830282124908	-0.052819331616721345	-0.7338109673203582	-0.45976343070770737	0.05077961038105638	1.104074618256039	-1.362557517279474	-0.25199364303166505	2.1283412552876135	-0.7364242558245065	-3.7237303861430173	6.682807866286236	3.181235764901281	2.057413984906191	2.0787666747562557	-0.9819808051167682	0.2018631087732286	-3.805194498738074	-3.66753197883365	-1.6058028181818453	5.137223687217663	3.68562248239316	2.4791078100091415	8.14930214294532	-0.6173715819854029	2.4054824480690886	-4.915699753642914	7.678308980035999	6.759850407457155	-2.944844235032118	1.3915509101134318	-6.592922835326121	0.6358682532486356	2.481964195807878	0.061513299547730514	-0.374060696367014	0.6593390151570556	-1.8945631024057275	1.857562059111293	0.9904573742191246	2.9896933315097893	1.559449122579865	1.432008513528832	2.897650231651484	-1.5815734750129107	-1.6460151980263573	-1.7060865255256306	1.4511273828957678	1.3078272587823019	0.21097773439701875	0.1741860388781068	0.6629625956301507	-0.4200504617453532	-0.7184829826055806	0.398851972893685	0.020620577599853144	0.1835542598260851	0.4976236320624742	0.6313401735251205	-0.020999743653779022	0.13303485255820258	-0.014905364847912267	-0.3162585750828816	-0.9107777109683823	-0.9021087763151607	0.14338215717801828	0.5773909777192	1.3176280776848621	0.24343838361996856	-0.527815082092118	-0.4385507220608651	-0.08036871211034476	0.8630223476005788	-1.5740403996634487	-0.7678269057036038
DTXSID0049232	1.1584930821512953	-0.8794057712656034	-2.1028547917608504	-3.6976672225505505	1.040787028105717	1.3382552954653182	5.515650465660532	-3.2586295862090235	0.5908772032354411	-2.642095475441056	-0.5509642979016369	-0.827486595314512	0.12190910917630357	-0.09121228461603324	-0.579204505751267	-0.6608200708605539	1.8461223678141807	0.15378804249032985	-1.6647387374694165	-0.13686215558889409	-1.0747683062293807	-0.5411759488687834	-0.6090485104187917	0.627996192271228	0.34411162999719247	-0.5797030957113053	0.5356631975338342	-0.6485404869274326	-0.2236695429434906	0.26004076686219757	-1.9576423678255357	1.8822596776822405	0.36033528691371125	0.2425884300127543	1.2411572574711796	-0.12109284472586594	-0.262263490079201	0.17126333662998738	1.0247474404869008	-0.44496494106207735	-1.460494426623459	-0.3294458871316343	0.025331821568985672	-0.21070019836501247	-0.2381474962734191	0.022143468471501403	0.9706442431348282	0.2337784642313569	-0.32383276949990897	0.3490469831203057	-0.19343692764816842	0.29400489735665136	-0.30677084981676206	-0.15523969065149928	0.16215163469421812	0.5178822051299663	-1.0147213287958805	0.19487162759500515	-0.5209641074249185	0.5946315844856218	0.28189882121941695	0.5360560341216936	0.3582111922076602	0.5339784623582884	0.075846726060492	0.4571376532783249	0.5670910882277251	-0.8880950463503948	-0.39342718287037476	-0.19017842352078684	-0.36208984607931477	-0.04535961338402909	-0.12082690714476094	-0.5340888606805969	-0.2765868772183558	0.042132390303392796	-0.41664112929084735	-0.3855604035516869	-0.4541453385683501	0.19550428620097207	0.2959592463794086	-0.7362952845606915	0.7148379438406754	0.5127665019522145	-0.011101511604107769	0.146494091557639	0.10289175503082144	0.47276406208588406	0.4110884908082645	0.2176124674637392	-0.04467229667177877	-1.2421523074131944	0.15609514301793312	0.5832023513912272	0.19421720493518443	0.8367644112140464	-0.14497923302695148	-0.06835690800469793	-0.5411089857352837	0.1557235123258563
DTXSID4047202	-1.8413657115646311	0.7506670902073377	5.314487430245406	-1.3364217804444756	-0.889965536824903	-1.4060345945268213	0.4401155970980189	-1.354228871199574	1.045529777202375	0.9114706793691529	0.6842490272042474	-0.31276518838820316	0.7045329093915483	-0.9138702347429767	-0.7248077003682929	0.05801126799378288	0.533270400870008	-0.01635000340465086	-0.5130186237089732	-0.7877990366314482	-0.6290652920753557	-0.5231177466927485	1.8855517345144879	0.10508978883637202	-0.05367308652861791	-1.090145332215906	0.6272422636144107	-0.34003655141649236	-0.04603901331010214	0.2802237410062443	0.08143706070724258	1.3541800578960883	2.0187490758058138	0.2532433268581677	-2.673224769904039	-0.8842490203431673	0.8105041979653905	-2.3028789866042843	-1.0820548844729039	-1.422715660764459	0.7206627118398926	-0.7478174226319322	0.40151345023527846	0.42906790905989556	0.6223197110231742	-1.183017363209846	-1.0427964178709046	-0.5128543319103082	0.05058531894071707	0.3276767375302731	-0.1479710347309223	-1.3462494105871217	0.3541603754950001	0.24603873155863873	0.3709471730017568	1.183607391655839	0.6348297905866547	-0.31574902707543234	0.6724412953952946	1.1002263767947782	-1.1476285374811457	0.8875482747696525	-0.0187210330946887	1.8175381593082223	-1.7797932526239952	-0.17807095234998	1.6729985527434954	-1.4322109430176393	0.6548418785792929	-0.4319637657300629	-0.32080539237427375	-0.4551416836259614	-0.11557445674932289	0.6985794551917499	1.6713802914291098	-0.8436868041387313	0.4213255088374083	0.1359558368819107	0.2524984999040726	0.2783703728045219	0.13533884679120134	0.3767736750870897	-0.1737651757109761	0.2656716476732957	-0.20219962825303903	0.052277348285101555	-0.32901010766672134	0.16886126443047764	0.33240502620304774	0.008870746756584419	0.33478811801985287	0.2545039261600695	-0.09651515948391945	-0.0739673362219143	-0.48550826516198653	0.023263693670537176	-0.06484794042399065	-0.23610216257282982	0.12921601121117435	0.025825348029337523
DTXSID4046529	1.3330564541615983	-2.1941482722882046	2.3156390220059007	-3.795618576858101	-2.2520007658539365	-2.9691195912188246	0.6514525521363339	0.7579440115100172	-0.6597988592705569	2.663936291172046	0.027414014298067516	0.4087154007604839	1.0312339781107696	-0.0836485874351867	-1.6458082601269775	-0.9637964720551119	-0.24300386203135138	-0.5488958435430384	0.27069689699956734	-0.35364909045336773	-0.6751829133460064	0.2413532943484414	0.8842592619998703	0.6368456157396846	-1.2417137244846825	1.5485926205308935	1.192867664812627	0.4956387161547719	0.3619137042968389	-0.31700669165612433	0.38114280367802816	-0.42974203411879774	-0.2893090720531903	-0.0620740692788004	0.4525885165087948	0.39253510925518975	-0.31269401959542914	0.8040244584739161	-0.2151955805881482	0.13625405746626942	0.6441715160018449	-0.10884108695425299	0.2321334065701368	0.32181157406614663	-0.47753740239894377	0.02982608762616007	0.44577615443727076	-0.47938928952325977	0.09637126933386406	-0.4798801751215378	0.17375442475952194	0.05749371720928219	0.24175251943339718	0.02666328093528139	-0.3027302109379562	-0.19639441708446825	0.06689521621525416	0.3302921826092613	-0.03471964885499416	-0.6393025396999582	0.17209671663114304	-0.08550818171075511	-0.34005132472692223	-0.33167759753269427	-0.14855043958166292	0.3862535716548509	-0.029008171949373125	0.7272924909336421	-0.15177814732699116	0.21354554595681804	0.02967850332482372	-0.3714935429370204	0.4673805926672119	-0.9277377545910204	0.41602981304307346	0.9219724727323791	0.16010073002326583	0.19881811712765746	0.4445792542517355	-0.04819031297224379	-0.14903144391734166	0.33485545569796066	-0.03849450925048034	0.6346318022097015	-1.027779195682255	-0.1599016877907204	-0.03647685280894144	-0.06852197379369908	0.03552494695962551	-0.5030422891505988	0.24514227195401003	-0.03366059288063247	0.18958299040639554	0.1289075016059672	0.5390490218271373	-0.03350654490625685	-0.4570171354008847	0.26380447493461967	0.2919702145202165	-0.6999279619698854
DTXSID3022958	3.938548654548009	4.816826066106914	-1.7064939545118207	2.2814297881177508	-4.175435227414398	-0.6454345580752102	-5.662775387027317	-7.011607345347427	-3.649967437195499	-1.1051315772745691	-10.890748570959719	-1.236562250680962	12.770505542120015	0.274736163094907	1.7659174036876866	-0.8250358598662227	-4.119170234628772	0.2867177299290256	-1.1880153944067193	0.6415165393303518	0.9734663019301117	2.2463458584988563	1.7785111969570555	-1.7424005614701423	2.8810034981597283	1.3782780926924387	0.904628420530617	0.026248106659375877	-0.42017453446901376	-0.9724978963143104	-1.608649398137615	0.3533906145801234	-0.7858678085593596	0.8775284531176042	-0.6998135920807352	-0.8200784050970149	-2.129077063481673	0.7653615527655724	-0.8464520599557172	-0.533225829583207	0.24743638863841536	0.4210296473485241	0.36196280205806025	0.3715828007134226	0.43969481475614813	-0.08751809510714346	0.5129780264840843	-0.3871376998645922	-0.39492611927880417	0.5434895560014363	-0.0038092689985166905	-0.5425802519365559	1.1215449236208013	0.13739794860728372	0.08755991011718164	-0.31344666888804307	0.3300123240668204	0.1826024660442276	-0.35861432693406825	-0.5143324514759706	0.38798910060092767	0.326792666359471	-0.530565435807946	0.7927653179617894	0.4686299117348033	-1.4427866122328281	0.43617286015745615	-0.2640871056269106	0.4979364356834059	-0.5861492894293728	-0.8494574542312539	-1.183849008844148	1.1817352539950965	-0.4328851587352444	0.016068447240531004	0.6770101384330318	0.49671820788057486	-0.6864956227583042	-0.9934611907366088	0.8625537684459278	0.09966868437418794	-0.5898813190464426	-0.11888195836595329	0.2823061085624436	0.13251390666031065	0.4711070326468351	1.184702813769087	0.9857762744772754	0.8470902771256509	-0.501115699116302	-0.7584366157526545	-0.6402605404874658	0.0017927079103782688	-1.0061642013889205	0.7504192792482804	0.26918842828968936	0.016988333553920865	-0.6412274858883312	-0.23392979520989207	0.33447790676589884
DTXSID2046882	-3.9464497480157865	-3.714656446072365	-0.20249543326300948	0.4002762298127679	0.8859296258944723	-0.7442150906294075	-1.3939742367602208	-0.6182395598201644	-1.5395250838799113	1.4685482084778607	2.3469808054692276	-1.421717442139972	1.4556418812531333	0.23635910640037255	1.0904612775573732	-1.4520719873876784	1.1532956748260168	0.49326875005375825	0.40637655910846116	-0.4756343382777239	-0.2738236625015352	0.03121662130937056	0.8923257035962806	0.005684516845977522	-0.08400362564137631	0.43803519109473676	-0.1820930815540782	-0.7846562651407606	-0.43050371647856955	0.11365993783295449	-0.5420096003284297	0.2572276880286056	-0.1349081088942077	0.688762963784716	0.2564056710894894	-0.7662059894884119	0.6200346107798965	0.03137705315994495	0.2709220612867605	0.444486803711598	-0.4240336017132509	0.019604739393578804	-0.6523981423183157	-0.27582392736400685	-0.5432677195003693	-0.1413816293785578	0.02938134013439463	-0.672772605435576	0.04117943809165747	-0.09029096076865516	0.11662822156023536	-0.14409496900826088	-0.035458069429298744	-0.25867567423545945	-0.02263455779273987	-0.09458826336329638	0.4428052299568405	-0.5366562459753309	-0.14317691233742344	0.10173754844113463	0.13190288490051189	-0.1366160236003349	0.14501666945638747	-0.13360149552566844	0.12172018469187636	0.5134665603082069	-0.5740395274427558	-0.33049812076243695	-0.13179057130170485	0.017891291678330645	0.5153833310814241	-0.1464999759520555	0.4598326249629211	-0.1449990335881481	-0.468179304767902	-0.12818133478951751	0.054736012543560086	0.03354791789689329	0.36637590698375744	-0.683857234937139	-0.029610605098475552	-0.25934713003417054	-0.16141178983235083	0.19045239762327879	-0.17796409787844755	-0.06468525502474079	-0.6762111742639877	-0.3805295904855495	-0.207803599035127	-0.18574830098698447	-0.28975232099596687	0.3056615107463205	0.7881996960263261	0.5141323854403861	0.2781177549136082	-0.09016289365601576	0.12795487817503395	0.15140636037850855	0.41188890470493333	-0.5353116954793314
DTXSID9046601	9.018032906687603	-7.866644708375572	-9.552579162100221	-6.179808842325142	0.1826263821544702	0.2449200417045949	-3.245371652470906	-1.7327439213547267	-5.344749732002013	0.8522076012584594	-5.305028607141481	-2.253148859845327	-8.279130801399837	-6.027407298658685	-0.04190865616373942	3.3709802421425104	4.930198960058952	15.955088867986829	5.768228410151017	8.517742558456595	-5.057270174153006	5.705855805855338	7.701037930989025	-1.0555218447394958	-4.390028208239278	-1.1416044558283627	-1.7580241038122735	0.9157119328180842	-0.7883746356875242	0.5326009317562207	0.01574171292574572	0.3869556489484297	2.5623115279500888	-1.9857852329559122	0.9328320231735829	-0.09986822051473651	-2.21306793885013	0.8357104507694171	0.7932751034759148	0.8378915067257742	1.6472342852521629	1.914155469712885	0.0011592038280151384	1.4470527604788355	0.15426285074905258	1.4800411099883972	-0.9092177956251065	0.2351182170027497	0.11395775440376806	0.5215714079600501	0.6042920923402084	0.8788881314387472	0.5442831820816201	1.4649394484192833	0.2531706354511609	-0.6069637033737897	1.3237740807050828	0.6427799778534461	-1.0243416619781183	0.5510068230129204	-0.2742602099595547	0.4649995160941849	-2.3217459050984584	-0.4087468349417857	0.8990011671081787	-1.163356320936427	-0.16375123136470768	1.2371653554074353	2.1794957330304237	-0.43691804658769945	-0.1457072029651934	-1.5667195053325786	-0.1338249875267846	1.6917906035894368	-0.4236623627121293	-0.20881734631948007	2.293686041179165	0.9603803176438112	-0.39501898154511067	0.23849909656692098	0.8209993926997647	0.6496028993379627	0.09384284212359126	-0.3600274673011226	-0.6062871108842082	0.18904837829865634	1.602152343567644	-1.0861998539156295	-1.6215455568014343	0.6913824067016014	-0.10277322247802692	2.281961268999946	0.0918414502580584	-1.0471674627202807	-0.9065127127463395	2.1920014382005015	0.21577965485307815	0.39958136565780905	0.931414229065539	1.1069992005744334
DTXSID2046468	13.599818106448991	-2.7554803031255695	5.6205306966250825	2.9804711723861472	4.195261325408088	3.526894353020002	-0.45703489148128873	0.3398855793749887	-2.5583824874354404	-0.16422239784794845	-0.4244323157738697	-0.6708874937503303	-1.5664024114907829	1.747280772597404	-0.7433495883894363	0.03043871009692618	0.11913033103750838	-0.5433165904318582	-0.14724391095840308	-0.798790029211457	-0.002320879301587197	-0.06342705167903305	-0.4231072358420467	0.6853559119167053	-0.7584115226704914	-0.8023949637630515	-0.4107086572422866	0.7688568274144887	-0.30742157964792327	-0.376399076921732	-1.3531371256685325	0.3657301838911823	0.11682328125102195	-0.5952867186481204	-0.7172895501930457	-0.7039619966480474	-0.36404761374326466	-0.8133358915152008	0.19850745743680814	-0.03933858859326856	-0.35354511376440556	0.0937952252979001	0.3201884256076118	1.3087266087322977	0.22441221899177963	-0.7996289595077376	-0.269827202950389	-0.525781572509095	0.3431599673494362	0.4129704940826643	0.2544226631190685	-0.32016629006949526	0.5838670327239444	-0.2612527294990656	-0.38891096430231487	0.37421681926221256	-0.3118822974690882	-0.1068155273861727	0.5999732389774924	0.07300160791922403	-0.6165097792527086	0.4135144663184956	0.1933675934776188	0.22365158092008286	-0.2074444391776102	-0.860525629722365	0.8327149738635878	-0.9638971832849866	0.3621774405628545	-0.6441489154043647	-0.4126025956345507	0.12369835932281582	-0.3964662010832165	0.6716323453950512	-0.48164659342504773	-1.287347434722232	0.022359849166964253	-0.09901501263708394	0.6987795449110031	-0.07057212803948243	1.8802330265817226	0.15704604020378946	0.673134567474281	-1.0680077888223314	-1.0101696740500707	0.277314841605376	0.6184943511247267	-0.8064195565539886	0.8983512720434441	-0.7297849218948039	-0.7488922755620562	-1.4331950701497203	0.5756560902222368	0.1851870815076874	-0.5185155099502072	0.45646910598295004	-0.9404112754888744	0.5786026631024173	-0.08252803595093271	-1.1054286464839238
DTXSID5022279	-2.562099912869041	1.4052731777904395	1.6202692817648412	0.18554120071614905	-1.9084914576844874	-1.1558994405186067	-0.2940487467161739	-0.6484259883300683	1.650010622097407	3.4006058014536897	0.69352099111053	-0.8953549167594559	-0.24122699434518285	0.7733515815917036	-0.9267450359999297	-1.0682314906087196	-0.3979928386609553	0.4302311314288605	0.4567077673795087	0.22888563099171444	-0.034611069239371114	0.3897053388760505	-0.08558863428104772	-0.7089391260725811	0.4163634981779502	-0.5118106036382146	-0.22662591859404907	-0.8867651760183917	-0.2945243020597162	0.5894707512185321	-0.21570817761421707	-0.11165309158072508	0.5914893599313632	0.043461261350338	-0.67974233932037	0.5796666559915461	-0.24186136089779325	0.12344510525070543	-0.3195614619072987	-0.4210670846964616	0.144791605002703	-0.09085091350686052	-0.1836221911145964	-0.6995582384762383	0.28683801230683503	-0.13877944052571403	-0.17024157068363224	0.1750928552660936	0.020920040052926667	-0.1072412605997057	-0.15731850303597478	-0.14135257410230626	0.08300575486180051	0.03601109084038444	-0.40349030007934555	0.7238277852835956	0.10857292759024567	0.18351663995790823	-0.14367129051680427	0.4570915760765066	-0.566157875834179	-0.16295163671998755	0.9183635637665294	-0.24990982132269357	0.03144125598895811	-0.3434120377361441	-0.27652088897536187	0.04686259190609799	0.27824517804111043	0.7753263861809733	-0.3448036852663562	0.39665135762433507	0.47999878026464227	-0.9958433717133324	-0.47977480361758856	0.11467872036331977	0.3094897553653433	0.5677527903730998	0.4308681033408275	-0.12213980755050179	-0.015790953805140586	-1.1094102089202476	0.25108754335320016	0.34292867793108184	0.05563247563065509	-0.006223279462558846	-0.9876238737172089	0.28427180937045043	0.2116911173461676	0.1613337633849893	0.04526315028197459	1.1253065329143266	0.48547994470176575	0.7560335585895944	-0.18636283210471144	0.1905158170143806	0.03629479777934246	-0.4425511218247025	-0.010192766393230608	0.5752586997512457
DTXSID0027066	3.4984265614426717	-1.7476618216909314	1.7600527334410376	-5.354251073765621	3.1055258388418987	-4.925818879997456	-1.0986472847146294	0.854417276045702	-1.5113105997985212	-0.01746667236661911	1.3391835842448514	-1.4755086329240898	0.7564681906704509	-2.079299185919652	1.726402936739923	-0.6417717910919852	-1.4157965738979539	-1.292428068815093	0.12471421650342238	0.4550795829735188	-1.2321272347375922	0.43869828061983585	0.6619962316376935	-0.010413533854728518	-2.039751326324766	0.8874729711435879	1.7390545370338288	-0.3881093889291113	-0.13922870960880554	0.32631681128440276	0.1845902702696961	-0.9796774170593393	0.7205664980976918	0.0469478104144691	1.1065241280163596	-0.8640200547001262	-1.5706219756862656	0.19040019514180953	0.2786630413472666	2.4280874757050026	0.11480091183846534	0.9690778803545191	-0.28830170340879185	-0.2621442977629777	0.5234166800846881	0.38139827563928536	0.01808738320990448	-0.23486032226787104	0.592228803456786	0.00773317413080537	0.23151863840007955	-0.2915238837457705	0.4526108906349405	0.4673651464861385	0.11206217127971835	0.7493053497195145	0.39309238316722656	1.0807473827548493	-0.5489064507132382	0.07518443068843964	0.014816887847717519	-1.5006766071209694	-0.7136066646963601	-0.23408840445637638	1.0240996874619708	0.1808768346460357	-1.6776894223507743	-0.3615441573900344	0.4962396990375309	0.403530852194786	1.9637558842503604	1.0061260283054019	-1.4743691804621897	-0.8345657167796863	1.0476347480883608	-0.8036481566179938	0.49437608589598453	-0.10521552520424822	-0.2666786951017844	-0.12941896611235373	1.287972956970841	0.2608610399085942	-0.019396635333641266	0.43487971786515667	0.05238254599067282	0.7459014397293615	0.5099962954374608	-0.5145155587137854	-0.5654147742204164	-0.0173199389689242	0.21549710638250527	0.6931251365088146	-0.09142833390944034	0.02854805513481931	-0.13429542227799984	0.30490667303029934	-0.19669674860700134	-0.057868626001802516	-0.05976658841276167	0.28029459263303325
DTXSID2045810	8.379231250975133	2.5825331826569755	0.6349824551637474	-1.3763925935639725	0.8971564951540368	2.0339289347869296	0.9186159182558011	0.18272152980729886	2.838627997716388	-0.8778074095589755	0.5589930862648929	0.7657046965333233	-0.3231965971094713	2.2840043668642447	2.4247126148354874	0.4532912655916095	-3.2273354391285904	-0.758602285403124	-1.1474686501491906	4.457959018440541	3.500857006446121	-1.4080072704398545	2.92018423680529	1.6370108347187249	-1.2725450798688265	1.3725044406337004	-1.1939178292107262	-1.2225005057909806	-0.7939000361824503	-0.021677488726552598	1.0581614035657398	0.1731503793292412	-1.1348268707048754	-0.8027156164401283	1.5712831619485297	1.6509591030021635	3.013075419108877	0.34740600354800805	-0.7123800061477804	-1.3041736371232204	0.8076923584058647	0.027315017971063442	-0.7599063902382943	0.12026505505955026	-0.5545098073362796	0.5788754972299781	1.0438863446181101	0.5197323319084022	-0.423846294720769	0.07086290212931853	-0.08954233491146711	1.3294782519819366	-0.49657543094138984	0.18975418450908	0.7959703595159098	-1.7395994617518693	0.011090924451442982	0.22416325354681663	-1.4011137009810268	0.5853476607271757	-0.1839430423989557	1.503945293977677	-1.2751954415813154	0.1990965594383468	-1.200084997950395	-1.0324397323149879	2.0704513073664095	0.7900993506996992	-0.9488783249617695	-0.9784617711553685	0.17157395149033886	-0.07720658157441479	-0.4265298964277701	-1.9980861443561482	0.2638192856855723	1.9577077227353912	-0.7907671218404728	0.3210120012850934	0.25805729769962926	0.5743381455417825	1.7509705614133544	0.11683914069771086	-1.5379936211209404	1.2784390082163202	1.0012406319144913	-0.008164285956791546	-1.9146784885208037	-0.06024907732485226	-1.3045936806166953	1.3094771257562072	-0.09996794683715958	1.2907992505661523	-1.7838163025890847	-0.8062169522019246	0.9045031114242943	0.020717168304468504	0.39513606733551404	-0.48220335830344396	-1.5029029019918692	0.25440011797359957
DTXSID4042622	3.9486532240176295	4.7268578303798	-2.715013445580227	3.9154659898353925	3.6926759153454585	-1.382673886537376	4.948471850997038	2.9468868785953304	1.7821412505496745	-0.6181873806499834	-0.7797885519172301	-1.0684091330774086	0.4099905971505335	-0.21220371790591916	1.5166290042221324	-0.7680683964560308	-1.5676725856973999	-0.14234495683162596	-0.5471490643787927	-0.038919484004746194	-3.2350095299341786	-1.2346717213022123	1.1334183894446481	-0.12687216295935924	0.7288903949375274	-1.4476185692994907	-0.4753967650594846	1.8229581921162288	1.0924464357903902	-0.4595268347158946	1.6725142081812074	-0.44770172285444537	0.15859194211239255	-0.16929468167744013	-0.268881374915893	0.30225806435710234	-1.0874223215280845	0.6291957606777202	-0.4980043508003111	0.11567396911060038	5.3924458019511906e-05	-1.165258901482521	0.2635756333417152	1.391257141790549	-0.5098494395261579	0.5280889873329041	1.7213773273087898	0.8297423972457757	0.8135909712970318	0.5766570207705702	0.21336068845921258	0.6110594881154073	0.4166864607821484	-0.03872294094199428	1.0249448865082311	-1.679109804455254	-0.33765480138840687	-0.9697311584502095	0.4669501898033362	-0.9148219703834778	-0.29121257246363313	-2.4121741559101433	-0.35485775122577434	-0.35076870728409787	-0.8150229240478261	-1.260181835165238	0.8067433548719264	0.6263280741307548	0.91122114839218	1.1814763946817792	-1.0794575894629146	-0.4155328837621904	-0.3331036634179191	0.09794658947266821	0.6220726463396223	0.5590506422063478	-0.41743563998218614	-0.2674297923765278	0.44025194783804517	-2.228127449535075	-0.08615723296300176	-0.1023452719733503	-0.19096419339287046	-0.06802555508001654	0.05285909341528539	0.5011933675139573	-0.5777920122756325	0.40452573872093417	0.5560256706374195	-0.4778450559746843	1.4583409118924504	-0.6770030635475561	-0.4067503805737841	-1.1663361759878337	-0.8972794402993866	-0.32696246695569936	0.5051345751401884	0.6663092629966183	-0.4742988544562952	0.32248759602136257
DTXSID0047117	-4.134027310287434	-4.50121716084354	-1.9926553621081533	-5.866019737384547	-0.9209443649233283	0.3295394328644224	-3.487106820023763	-1.399670596303606	-3.08141091705146	2.8223876273854978	-1.7904293832785856	-2.719654121835671	-4.338914516594643	-4.942147508169599	0.9383314700218046	4.227812004857963	-3.498077018793958	-3.1319546574145503	1.6589897462842818	0.4972369372621311	-3.9107737867899846	0.09332178813515424	-0.6823104001545263	6.994427147449526	3.0882602610883616	-0.4983873562539425	-0.5656544365855932	-1.030519866350385	0.2855838927805572	0.14906557034743811	-0.1977049046244746	-0.9204276413704213	1.3003514617922716	-0.4201492751412487	0.9071951084956481	1.7287722862272574	-1.2950775063672086	0.2868770612998375	0.013438310046967853	0.19096502538767152	-0.04542455461475564	-0.1766561005793424	0.03083993303783823	0.12896227748776937	0.2614404948183191	0.4487321274576395	-0.22815268580483458	0.4271346343372685	0.31636540302647914	0.422265268667642	-0.03518851285294891	-0.11120033642771099	0.4789797006907373	-0.0535825407418996	0.34498606014488775	0.9225730020962929	-0.6126913259107964	0.3372745223983384	0.26816887602794387	0.5942750919910568	-0.9540727528328259	-0.3882080980054691	0.03807956673057162	0.4523811525826441	0.3713433005914511	-1.608884328697497	-0.9230189807922351	1.135087059511441	0.37562197883317733	0.3605884547734694	0.3917296486263699	-0.7741242849692891	0.04994465883441466	0.0877459046270978	0.6787434307902935	0.7799354066504296	1.5780233944088375	-0.47405582100400806	-1.825354263399106	1.538946791538197	1.0344130823128372	0.6434081090065094	-4.5885675365248915	-0.3891112626742782	-5.319729787413737	0.4133836522932281	-1.3653547104147068	-1.0164932582321669	-2.501244121157388	2.2496682498443876	-1.123118671024927	-1.7419528740195	0.49320185895659036	0.21958673853772173	-0.794935064950199	-0.96877045372624	0.6325697760429422	0.05022607091282265	0.981480862718493	0.2516244744231772
DTXSID2035013	-6.184778434341845	-4.076330834162663	-1.649353196791627	-4.731155743935708	-1.3360801563343125	-0.2479848557432061	-2.859581593214228	-0.7451993299613452	-1.467576481361334	1.4664410172720668	-1.1211985781180809	-2.411621257720422	-3.2365465111322504	-3.4669581636206086	-0.18772549397592914	2.8340065212381584	-2.6461855110439374	-2.007888981565818	0.5978310946404911	0.6126684480900381	-2.266978488708716	0.45791757690483376	-0.808398203849646	4.644356073433939	2.863055042619389	-0.10730799556885902	-0.4861315885500009	-0.37409184407025986	0.08066916478889193	0.17215540744459404	0.3032478071671152	-0.14975060975498183	0.6722926060188938	-0.2605085563196338	0.27470234260159576	0.5514052667882453	-0.7240701049195756	-0.16332234567901943	0.19089393627374668	0.33982517737427864	-0.3383715047925819	-0.1685228757028123	-0.023507489999824306	0.27631137652190096	0.1272011569323165	0.2026874652900989	-0.13348781203191667	0.11277175370632407	0.30115291638732733	0.43605193106683443	-0.01482776453059769	-0.17008577708898584	0.29572102103342773	0.029291843229476727	0.3341571092040911	0.24881938004975182	-0.3793301742664755	0.17296918194649658	0.21167059577806246	0.44570095709729574	-0.4823459637472246	-0.08953106093581342	0.20685838483097774	0.6225269251007799	0.348683590253344	-0.8116620848404834	-0.42995670648202866	0.03547537749720764	-0.06105686098565595	0.05427039442116803	0.40888517103017574	-0.1869931552644896	0.20709051003978257	-0.19623040706537265	0.31591671101865587	0.41767939937247245	0.8495967903897536	-0.3656056181180683	-1.3131819869285213	0.6497301369091867	0.5369794284444059	-0.5080194266067416	-2.3995327204661914	0.1563357479522908	-3.536208824937056	0.04299110599880665	-0.8080923421584397	-0.574201833110045	-0.8917611935576489	1.7197538765761877	-0.7019240853845203	-1.8816306883404186	-0.3378548949503739	-0.5950576425508981	-0.6747532352269616	-0.6947003781155633	0.764494909337022	-0.1800539199663707	0.10635657248069126	1.160451248513422
DTXSID3046320	5.527037112832035	2.9633024667766827	-0.42711017028824333	4.303159826581196	3.169316228224565	-3.4600574371990005	5.6967557065716985	2.884558888396694	2.70223268448698	-0.5502037990046053	-0.33502725445014164	-1.966670292924976	1.8565975059760635	-1.62942427221742	2.0402716751831993	2.0262476342494504	-3.5158969560133055	1.7080138278563222	2.33948272362575	-3.1334797123805043	1.1867883261038532	-0.29319218621636095	0.6190099577105539	0.4037148238012685	-1.3401255691540457	0.4384327153076453	-0.4067121233977072	0.8092712388957449	-0.8485551604147656	-0.7827222903387103	-0.10180055286968645	-0.10679867309805433	0.7011546376847347	0.6092680737425495	-2.1678740133836825	-1.7277875391978947	-2.1019340856233093	0.15167944312450488	-0.007993617606663042	1.112602930384083	0.972691812044177	-0.6814237452731474	0.4776312014095182	-0.9184315490092286	-0.15759551011528197	0.3366735385310427	0.15084650275711323	1.8662879182908292	0.8012395744886708	0.1096888297465219	-0.1238266149850444	0.3124855321359031	0.49591008198703157	0.2648104774844305	1.8420402119670445	-0.9283013679475217	1.1671413525973398	0.8077931712131424	0.5412914417122532	-1.091102863152345	0.5287208407297463	-2.7555689919371744	-1.8859963576929912	-0.8686587143118227	0.32980536401468435	-0.970845685109311	0.4490585588436058	-0.2092128480158807	0.2925503611191526	1.3290792581436222	1.4498315724192292	0.020822208222864343	-0.7844438864726854	-0.6305976194503959	1.0177323586677318	-0.1079443563998618	-0.11313635851367618	-0.7769618924230868	0.8872569540313199	-1.505573522604207	0.8939996500025822	0.9058819334419945	0.8293960967329878	0.39035538917612944	0.02133636235883119	0.9452364321637683	-1.4712729410399803	-0.23074978893674544	1.1829253927272614	-0.1521730819931059	1.638250075897722	-0.082274450104005	0.5137685681795406	-0.483991840195753	0.09443433005324973	-0.17574667019451584	-0.38192459123041494	0.03533455403436128	0.00461794725799735	0.9967630904083823
DTXSID2045494	6.689540741575865	0.484862344333619	0.19727819834613164	-0.8269841806568827	0.8904558494819506	-1.7040925911178868	-2.198542443970505	1.3149029479773573	-1.9733610825187275	-1.4062049185611567	-1.8639988189891286	0.5190465238863672	0.37064658259129485	3.294720274153251	-0.19350519327691645	1.5509080886665387	-0.5439254685261666	0.2634989136434149	0.8823965750194984	-0.5997985757275052	0.6369006461808674	-0.7995979536164508	0.0926715221293421	0.4047571918067727	-0.6611644303233372	-1.1452215848346166	-0.575896594213825	0.18315064406602508	0.12639792251633	-1.1881168594413019	-1.6028944221698411	-1.0335256108372877	2.2114958172574286	1.2244712013544876	-0.12918687306096954	-0.18044320510469383	0.10019487330466281	-0.21632057472566493	-2.0855351350366855	-0.19257182205336215	1.4869217732656905	-0.11284233188088734	0.040084060973528846	-1.6729602360325617	-0.4757484696873007	0.9651683010152429	-0.34332452978794387	0.15782513500702355	0.12604132761454395	-0.8421303387832082	-0.5537966064762624	-1.0047039086889011	0.11171408950334032	0.016047090168257998	-7.474607698582847e-05	1.7180486258555159	-0.016974728556639236	1.7247562577382471	-1.0617300235516207	-0.28572279610621704	-1.3929658805784837	-0.6064216361393324	1.2782094490896974	-0.6473879351132246	-0.6220152539086252	-0.35081612500828274	-2.099658424550708	0.26103950612767196	-1.3654302045036775	0.2913764699779658	2.5551926293892286	0.5719552267415338	-0.460104288881872	-1.5282459859887485	-0.38992746055042854	-0.9248428733578693	-0.9020963757366222	-0.21219872701901427	0.3428979117413879	-0.53992019138812	0.987398100497352	0.21323388893439252	-0.8818111586265602	0.23277337993820774	0.08611348768208135	1.7371769722150168	1.9773765906049579	-0.95747842121362	-0.2409342640392939	-0.08574098930253256	2.0217902932901226	-1.2791042646498054	0.16369000602235453	-1.0678343288152579	0.014595452480554308	0.00368491553545488	-1.3301290387345035	-0.29567669007641323	-0.8354799642296208	-0.5369007996010574
DTXSID7040362	2.5084752300638105	3.9751923264185267	-4.072762115593879	1.1995160850809667	2.5212699528983116	1.7587047823034547	-3.1648730959745768	-0.34174389313873627	-1.6400378788401992	0.6153543285532787	-3.0828579811087296	7.319063692806573	4.06795489786453	-2.2440264842855346	0.6998002936516707	-2.0585994038660087	-2.696846499064503	-0.42208859410579486	-0.0024735876757799296	-0.6462810986214723	0.9766235723107028	0.6609957188817249	1.2027407334509699	0.18944546476324098	-0.049875728612343836	-0.0348611002752277	0.7758646725259615	-0.2791848489647026	-0.21757551251890042	-0.13885000276802942	-0.5011568034692692	0.14291368386664097	0.33221170260879945	-0.22773121598659218	-0.27973345272136885	-0.16028283771078997	-1.7104502227828446	0.4585601667867583	-0.07720537621047222	-0.6745725941795745	0.10332439159105804	0.5709826874856825	0.1448481824326104	0.170842080486617	0.41060707811174135	-0.151426064520848	0.02190781287575466	-0.40405181918919236	-0.07586141042578712	0.4267851708236897	0.028203017701456112	-0.03686707567058637	0.29135749236917824	0.29291213283364775	-0.19440091630458464	-0.25868961434522275	0.45256537031544175	-0.144574327705397	-0.08453613615756553	0.4356693328126633	0.262470777618908	-0.45293568396964273	-0.6668160959036651	0.30053842594571223	0.18392725813042748	-0.45906597853422587	0.33246696710980844	0.10210515746671153	1.4849204744464133	-0.20490009693788686	-0.5169009974325338	-0.44445527090198234	0.04857745283939285	0.3427844782791555	-0.3282668462471839	0.36458646748142026	0.9208305445075866	0.9254218515301859	-0.591712979822132	-0.19565900275025555	-0.7182050441203471	-0.12035318779122252	0.9539660023998753	1.4578238250482956	-0.5357968341917699	0.9072903759455956	1.4910425584647917	-1.4518605455494062	0.13390958779232282	0.7085894506400915	-0.2977260148346641	-0.11077141658626924	0.634263803269986	0.44693654620826123	-0.26286599603416916	-0.3715998215630151	-0.047615425585844945	-0.005065751889678597	0.07575400900451895	-0.7268365666775461
DTXSID2020892	-2.122261210826399	-2.5409902745745407	-2.94793444080657	1.532757291256002	1.0840485176274108	-0.8253656386210864	4.149147523732326	-2.49083950346731	-1.634057263856059	-1.927551209415146	-0.16946303495585818	1.9444023658545733	0.09426531982869327	-0.2867691902729201	0.15521633796875162	-0.5531113941290456	0.619348346568426	0.20980228473452944	-1.386555029258959	-0.5186782640322685	-1.469287047893484	-0.9811321315804393	-0.07524766928918729	0.5942994298337324	-1.0834841880624824	-0.7884182106243194	0.2757755047498296	-0.5133739436730745	0.04344797508113708	0.22211382507078087	-1.4217504573650388	1.0276996793501616	0.1198785701372303	-0.3469405245419353	0.39435597888801543	0.3360946765111832	-0.552439945008757	0.5378891730372903	0.607792382995339	-0.6683176771299436	-1.200003446628537	-0.23464445672964435	-0.420438099679626	-0.2645869962935267	0.045961250352087965	0.3023342947899928	1.3189030363645529	0.42749014226953846	-0.44621680291677407	-0.04782281510384793	-0.41086522101943296	0.5736275051687513	-0.44966456621657935	-0.16576676668650955	-0.05769700766583911	0.24348557075012586	-0.9450891259462503	0.41817228457617117	-1.0328852333869478	0.6745432672785554	0.2967973788312209	-0.16171908146992184	0.05475168568164304	0.7331504703234433	-0.08083549733987867	0.023141166129085042	0.40356977618201895	-0.8937811467809714	-0.6018657343677741	-0.411122506118175	-0.09928008004202002	-0.730839774955335	0.2725533899946003	-0.7650371274843566	-0.5819216192797311	0.09716746798166914	-0.2842914964485898	-0.193752222974598	0.33019913582930144	-0.08917728305989227	0.4596417427324363	0.4277761191034714	-0.244401439599527	-0.6840090163663017	0.0031536366854410833	-0.2278711968516133	-0.12927775793406301	-0.05973857318410133	-1.3219156762335649	-0.823544966945809	0.5310850616539922	-0.05514384189631539	0.5801412557927313	0.10208535719764261	0.4561162569411903	0.6094577985846499	-0.16974020048735647	-0.4164757638494535	0.5776985144190504	0.0697683376488947
DTXSID7043829	-3.3539707520015143	0.28253479205821425	-2.1520193666063157	1.4717711009200156	-2.2036462444804177	-1.0029263378203526	-1.5744223822003107	-0.2869300298003845	-0.7945556665705775	0.9452866910961727	-1.6881256691896926	0.060702277306432635	-0.41737150571108095	4.861021133111069	-0.11278216178179346	-1.421107792958976	-0.1862025560774588	0.2222339938377969	2.229987423725142	0.5528618387586596	0.0066004931676658055	-0.4549685833739136	-2.318208907640807	1.4352880482840915	-0.8992562714686589	-1.0096008196444266	1.714482023895087	0.12025663047282663	-0.18052358542488392	1.7471612110553865	1.2844116733521995	-1.0068835837635464	2.452624733239253	0.8794573714974134	-0.01586480081763431	0.2781297689007292	0.20168955417703996	-1.3855370767250033	0.8295234835629559	0.1397007574232518	-0.40266949116363404	0.38965335934109996	0.06117530586242174	0.6251324786813287	-1.0713929368868866	-0.2210240332583593	-0.058788256445415	-0.5490528909336264	-0.558785203975422	-1.090879603399916	-0.06078907667595037	-0.28971319617369634	-0.7939585996968446	0.292557951731332	0.9373232443018839	-0.7220798949397667	-0.0018163383810728352	0.058422671049871845	0.2165384434692607	-0.5655379190061018	-0.010286342355154738	0.5568306339170449	-0.4813374589696368	-1.6739523666617842	-0.28572383540964064	0.5232609456665349	-0.010306975170127138	0.16690262550380786	0.12121535149011892	-0.7463695283751056	0.20283972258388297	-1.21782539345533	-0.06973850426274494	-0.4428487596800268	0.4791322830251183	-0.4678725904915896	0.05427937191157539	-1.05171847846064	-0.47553792545792234	-0.5968925769220217	-0.2400144247898081	-0.13757107244515637	-0.38222084166926457	0.24719162924564173	0.6699804462268943	0.4133916459778531	0.41494336605941134	1.0152953044092772	-0.6637437972937237	-0.2323853417929514	-0.1117945901697859	-0.20756912104834355	0.2681098430225033	0.41951892992033457	-0.3226365915693894	-0.10375048104726048	0.3307651973637707	0.3185803390128786	0.3114452379200149	0.174917764929982
DTXSID1051850	0.7203783653242349	-4.361077463370968	-3.4793325552969487	-8.839850904177613	-3.024903494759779	-3.359247751954485	-3.593372200918774	2.4461436918851103	-4.588441350174273	4.735702998275509	-0.09357256554294859	-2.235995972574003	-2.189987728107584	-4.236595696816572	-2.1873702162883006	5.673560789759625	-5.332963130792677	-3.5069886455666106	0.10973778645261241	-0.5040559262307618	-6.00388428198732	1.108944443339153	0.04113854691160733	15.360597270689318	7.444123687506399	1.850533600861401	-2.3008141788762164	0.14619326425197787	-1.0922618938346156	-0.046992699149689295	-0.7592039662806211	-0.9987543940825645	0.2819574539631806	0.8243934570139211	-2.451564839243333	0.8790033216739875	-2.0390647403821047	-0.17818639722136645	0.09182873575686905	-1.0279774211805182	-0.4767022136985915	1.054921898078655	-1.0026790149337244	-0.2937376718007722	0.646237051708477	-0.10609397851537375	0.4324938059451455	0.6076294687442932	-0.6830039031673352	-0.5131194471013323	-0.31883602146189904	-0.2750231269653354	0.10562206314737488	-0.10629728570460135	0.4216980476171539	-0.657684870488271	-0.4974194234833244	0.8230857316772193	-0.008325925716083754	-0.2488220370514115	0.8043678847422205	-0.1722723020306511	-1.4677774006041426	0.8438987748477892	0.8866315575584953	-1.0955970462684586	-0.09447476942623101	0.10242405563489253	-0.4044672860078432	-0.9284827711984971	-1.0924526072807805	-0.18410571813363388	0.2776282359009349	-0.22961340972720462	-0.06746651356113623	1.4418706917562452	-1.1884887862861695	-0.501123596188117	-3.850313419692776	1.8213630990855714	-0.9143990303491789	0.7934730054786199	-9.280932587578336	0.08833314640212739	-12.589787837982435	-0.3839909631551718	-2.9895685937494365	-0.7065251634472427	-1.8725142157597692	5.1323502399350795	-0.5164523937972251	-5.440799149362395	1.1686090525179158	1.0012479180412792	-0.49397135056138386	0.10881714601941392	-0.36716373975303296	-0.9545213287320061	0.11146063673441425	2.137550748741156
DTXSID4022731	0.27901400287768546	5.065294099616429	-1.7906184941065395	3.3611076407826412	2.3019647217609243	-1.0382275379260877	-1.7106790411710735	2.253968083156033	5.514402808392619	2.3751368172494187	-0.5571670985650639	-2.118017488744586	-0.16741262657646858	-0.565121429876471	-0.7468058517159338	-1.4172967948347512	0.10725989865828021	0.23134704929960118	1.0228970580499765	0.04069650455508146	-2.307617032545588	0.012571112383106141	-0.11379774400529283	1.1696363731891488	-2.0396299364264205	0.3385847212257796	-0.6482350222717107	0.6099102312320946	-0.37689444280303364	0.4692030094693864	-0.78272575539167	-1.1663973800859266	-3.805362773433744	2.2821903683781226	0.5470119003149763	-0.2960529427974829	-2.7781309855012863	-0.4171734687279354	1.8887794720636135	-0.9335536497211184	-0.1534569044024608	-2.4064581608796183	-1.357094358626079	0.1295866243456691	0.703416726559393	-1.1749916583347724	0.2617158565039791	1.2197354061325902	0.6985073522251861	1.4074190978289585	0.8443913826357051	1.6389711854698774	1.2214965136254599	0.12535489369011837	0.9362924140013987	-0.09570997227892938	-0.8739672682214152	-0.1507760867540368	3.656138207360916	0.3530221708213786	-0.8215952164746856	-0.9107750982008851	1.4233837805552785	-0.3489528416480334	-0.9636461911139509	0.9425805382310329	0.20641816876594313	-1.6764551235238347	1.0630001579834263	1.7323253472180669	-1.245689385304867	0.8926824556197915	0.5984321101582192	-1.102140435440361	0.6313137286864001	-0.3901414330938378	1.501064786487479	-0.640615762346281	0.2768716187549014	-0.20983864919369466	-0.47590690326735097	0.46027106126562317	-1.06101642121739	-0.9266696104594944	1.214140284221056	0.34528142555686936	-0.6786490284237262	-0.3938077940005225	0.8814841951208361	0.2275535502954587	0.4853562835233492	-0.3772366146469761	-0.5009656043506363	-0.23536986965390125	-0.5974289582541412	0.06475542505398629	0.4100942857130641	0.4649298221688647	-0.2850935339654228	0.6531687221156979
DTXSID7046415	3.975200666361192	1.471049849081956	2.4870013521445475	-0.9569106321046152	-0.05669413306803043	-3.706836899728838	0.6768856862663393	0.9842901216425166	0.4929061582988656	-0.3749081352403724	-0.21362176294300153	0.3077409100534199	-0.6007180200970409	1.903312559418032	2.101062992133694	1.568057087253401	-0.4811330478882473	0.9319543808603116	-0.1466079506357944	-2.1280275497252807	0.10558943235870584	-0.4152268627394694	1.4069030901369852	-0.3812591449817751	0.07803200396927998	0.42036410250593303	0.0363892333274963	-0.2595392428647931	-0.007590497179116903	-2.088292303453137	-1.9986634279324869	0.48497800452053796	0.0965588113608957	0.11370307045784174	-0.4844084944593563	-1.2523338481202355	-0.7417098814578171	0.5121350109070498	-1.2124376947829423	0.5855910017887793	0.53868037576325	0.6178151556731376	0.5469782269667111	-1.4150623568913039	-0.13420971022447942	0.35536708110795223	-0.876304039347621	0.39683791753187914	0.3282374684491223	-0.09438334393307585	-0.1907113102994357	-0.18275295444108303	0.59338382196866	-0.13004797272303054	-0.01216540339690354	0.3664125947454724	0.5114670502492479	1.4729967751658373	-0.31859467496433685	-0.1666347064346981	-0.03298524309676452	-0.6120904054941282	-0.1996310343683164	-0.5643102860998528	0.31959919912284473	-0.1749237141320635	-0.27880441704319947	-1.3520442580959937	0.6572468421666469	0.5127583040166155	1.9471902778433463	0.5816897121165655	-0.11173689667895678	-0.791778788599717	-0.6875302911550281	0.03888001667177544	0.1562647642247863	-0.551766422125745	-0.35356958860464	0.6020394780696783	0.21169773701644679	0.47705226524331507	0.05719781967824282	0.44695664591088236	0.5921440725979723	0.34736583106152846	-0.15848454033512083	0.426792694984114	-0.4543821481356593	0.7262244306177963	-0.0723199567247757	0.39816255512540766	0.9324021271613953	0.19617401035587143	0.037975294214312436	-0.1553646545746467	-0.26998159081558826	-0.08888207040167596	0.7162442800211366	-0.5850946036659465
DTXSID0020363	-4.970627219056123	-3.234605901908545	1.628624774945203	0.5958248957364036	-0.7227921003096552	0.4425265291512771	0.22856210456810486	-1.046652125514514	0.17075833315839198	0.6967993144731769	-0.1303756133520696	0.014350926388993187	0.21720631974868154	-0.46877735090960476	0.29230787623801974	-0.01537619708658397	0.361647750624305	-0.18766349350553319	-0.06306084662275294	-0.20718197385899906	-0.4098747299787474	0.027835040901214504	-0.8296925226281938	-0.24831668188286313	-0.5717127084200899	-0.397419832213007	-0.662851523418869	0.9608354262493588	0.6935647125021054	-0.7973604149993728	0.20641768008005323	0.925431989450542	-0.88167132474561	-0.3320597623746385	-0.8898165372228851	0.11469397264270728	1.3207028599513089	-2.1333833384716345	0.2413624300407768	1.4706944060051328	-0.32836037973965637	-2.5465367508258203	0.5180172837862091	-1.4466447039589545	1.8336647927728968	-0.45986778867333694	1.2984853398453253	-3.157644681814122	-4.053046155074592	3.827127772246103	0.7329273282994287	1.194395958069272	-0.1633444791441503	6.350157564321923	-1.072574252337833	-1.772718604086463	-0.2764359123687039	0.3823439962440646	0.21545471612555459	-0.8899683260707494	-0.400979891520434	-0.4579700413198759	-0.011493073477944283	-1.2398994204162241	1.7634658219861854	-0.5105796485792812	-0.27692773649703323	0.6304756976961126	-0.23394278249711548	-0.48171853826049094	0.8793461214904722	-0.10192846278716873	-0.8077003177431856	-0.012718661937693663	-0.9224899461296407	0.03875074032307848	-0.2664601562239316	-0.05049887843845152	-0.2607749263585809	0.0603076832284347	-0.72812849974905	0.18571156654461118	-0.13039533849349916	0.14569182204854872	0.1841016128237037	0.3912495673106781	0.6617157107288771	0.19923707795192627	0.2525356828325842	-0.35465710279066154	0.055349839167688195	-0.2803508595225598	-0.35566988956491563	0.010879923880246747	0.4247698134377073	0.3526411630859634	-0.03288111013630857	-0.20336654174167956	-0.3064745646264891	0.6216583830597835
DTXSID3045774	-0.5027226235330765	1.7889433852505108	1.9868897971037938	-1.0038484796729468	-1.7806476884490396	0.8842252821176225	0.9289928534266623	1.7687789998796257	0.0425481799919129	1.135667203960254	0.07007580293156927	-0.5223760620424841	0.28472308734345786	-1.1722959159169613	0.8808715303590116	0.622453278451452	-0.0547068611229318	0.32027672850163563	-0.10549243251871766	-1.5547637248651573	0.2591191957782599	-0.5216823065124403	1.3374151589680239	-0.28141964979863415	0.7324117773786901	-0.12804923789113856	0.34734255368238515	0.2035885415838495	0.1331639383584959	-0.40491244796177783	-0.6304322320596399	0.4627237413372182	1.397066699417913	0.08135517454339627	-0.29480535851494677	0.3606777058069676	-0.09139198426316375	-0.10646360461526828	-0.7207574733212919	-1.163271963171993	1.1966827118506005	0.30495913370370653	-0.4381844069617551	-0.0709057898425373	-0.7787957935634148	0.5111491429634305	-0.08220102917729034	0.0820123386309863	0.15453218453524492	-0.22255687340095776	-0.06859005204752251	-0.030851977760539617	0.38029319584971116	0.29753764718457854	0.2692966583812222	-0.1700677150827146	0.652718310412441	0.6772026073135121	-0.7316728031589161	0.03544914572570689	-0.743068522833928	0.34800747047170055	-0.11258605789789437	-0.4752241875410613	-0.6049895777728898	-0.6066999143638395	-0.2854573872157129	1.0214868099886223	-0.24437606110251237	0.4877329446889582	-0.5156934761951854	-0.030488680955063137	0.4991878570240484	-0.6831608835357939	-0.8610680160241431	1.348493720502589	-0.06710995045108814	0.7708565760586533	-0.08779181052987942	-0.2314382829558578	-0.587880828289556	-1.620692153408177	-0.5226501477437708	0.20198185282271794	-0.3835426030286713	0.38882428013790477	-0.21129600632714152	0.23256761671974474	-0.1472319563156221	0.4450981138041581	1.225521497289577	0.501601231980598	-0.12598809458283122	-0.8239867105567038	1.1045267466830566	0.20542053943800698	0.10363910423346864	0.12690124718526388	-0.270493815884601	-0.00964370141717214
DTXSID7025394	1.4771736630482855	-5.113358929895653	-2.7177160275807926	-0.5453793573567943	-3.144283462204186	-3.621844319971755	0.9174322724320289	2.210831200350649	0.4728954475824692	1.2809168508289375	-0.12083156649101813	1.7926291197702966	0.034180814849756	1.2772853332685494	4.178531950951921	3.1825312445308076	-4.572162774456142	2.951246768861961	-2.168892436101397	0.7667130202436085	1.647415812836412	-1.6921278966176643	-0.9626727523163422	-1.5274613350738047	-2.380880862949051	0.8331208809666774	-0.6137697845789344	-1.691605849101459	0.8372678050109645	-5.801870370282903	1.3174096597675677	-0.3870449392978229	-3.493504293019735	-11.470736904229037	0.6000443011302884	4.9981158559572085	5.698982470119955	6.526913353847324	9.18303865284006	-13.68801992722831	4.682564494756816	-5.237562512776659	-3.3874538675144867	6.52327180902284	-2.0081030854656814	2.4155133738583348	1.9825933883041076	-2.5119289200442823	-6.673315276585535	-4.407275945018182	-4.955854848527408	-11.962961608239382	-5.487943221953333	2.6963265689083973	13.22965450905125	12.966203812380828	-2.3481174649979297	-2.9443233075073465	3.938441641365826	-13.305350224447555	-8.957698602891607	-3.8203461002106147	-6.4886238643257705	2.3755484157119446	13.934135778934484	2.91050206547446	-6.295982580847645	-10.145655584798602	4.114472972515294	1.0004315201066414	-3.1642406878685163	4.432000964917673	-3.0732595529649807	1.4463151909289107	0.2932407759973254	-1.9849078095879484	1.8769596513121083	1.0382190981150534	-2.0790397626738377	0.14448967213692418	-1.817499767162273	-2.2508128420214075	0.34956661170538683	-0.3921765154637555	-0.2500930928172954	-2.201095528199751	-0.029280279146318446	2.2241559624682714	1.5557672810990877	-1.2225464477913508	-0.46614305218868424	-0.9122983958368351	-0.8808596645866046	0.49368991211791674	0.29433755442896686	-1.8695709638205495	-0.20706708102326074	-0.027799802452933665	0.9416250019268297	-0.46458907702714486
DTXSID1022394	2.7131744400548694	5.311574756576485	-3.8791919572945632	3.5588979835563346	-3.3177198384428763	0.16036555820688145	-4.436125572329236	-5.354586941968925	-3.9254206049582203	-3.577151092466949	-8.217357242457586	-0.4450146736095206	8.025935259728298	1.4830274733483892	0.7455478772897113	-1.1842050083412965	-3.241287353119573	-0.44932773626656314	0.4581985787846312	1.6371991749581778	0.0445507737733637	1.118968834204997	-1.0813648808068834	-0.019279055916656226	0.3672876831216633	1.0347205218865156	1.2364688974247526	1.0779054339366259	-0.3694336845029132	0.00846812060316788	1.0147055225839277	-0.7108446678874665	0.9300017908764583	1.0544255075256388	-0.14018928886662874	-1.1943167810758353	-0.324104012882925	-0.07887072497746883	0.897818338873513	-0.06432207669839674	0.35198978071085885	1.336721738769513	-0.3645124535938155	1.03533824450734	-0.2564032938783049	0.425682713125249	-0.19477154007995887	-0.7566564087556896	-0.12873817538979113	-0.1692715207831588	0.4154888063869624	-0.49567316154259466	-0.18352816397866487	0.8871450809892737	0.1961025350876336	-0.32938381523897897	1.055518763319552	0.5054907343965538	0.027423456352975654	-0.16620990267046057	0.00944250930115788	1.342675149671408	-0.9330500973179652	-0.6872112899120489	-0.4733111967955202	-1.0235700054603578	-0.2906899705762153	-1.023169628751839	0.4276931030962773	0.5994524265684217	0.02724705710294677	-1.1556997945296208	0.08824988481467134	0.0447674698835328	0.7473598631415488	-0.22432304705065392	-0.07894591244099351	-0.6092060071384294	0.31517429592226504	-1.1807869999433585	-0.6772229948906657	0.152710977836154	-0.12133669789265299	0.24729679044014416	-0.1831917853824426	0.03674399504603497	-0.07342793251265071	-0.08014359500816547	-1.0609146195693782	-0.6030044328698104	0.790522465134064	-0.1956366881888781	0.17672646974812964	1.2816467741866129	-0.7745813783287662	0.15825743714614365	1.1092101615385288	1.1415778067607114	-0.007503343346567133	-0.1353747339512002
DTXSID0047876	4.3186754707176584	3.189833254553025	-1.9602958573029743	2.0216494699682355	-3.955720076523075	-0.34527642965085265	-5.959177461249967	-5.128760601260043	-2.5291649724627194	-0.29252578657923267	-6.672046791817302	-0.559798322610663	7.976356752096551	0.10648008470609777	0.6414092496052831	0.4747627806773311	-3.2221441898567336	0.6784301937160825	-1.4721150890603845	0.20022200197762174	0.23143244765945006	1.1800587468799286	-0.20348706452467602	-0.9213310664021828	0.6750562938069432	0.9799258893046712	-0.12190634027961054	0.006091986261732798	0.006295212604505829	-1.1711814976031472	-0.3889983145203449	0.009648335408485129	-1.1929044359314953	-0.01222883118863568	-0.3478614853663726	0.1318278156226624	-1.6992673713924078	0.3307642744889228	-0.572311247481623	0.1826350076943768	0.673348496368354	0.44764738085793027	0.1437192690107737	1.1213521779367381	-0.10413553552373368	0.12549979285323237	0.24003060605529858	-0.3138517515400527	-0.26391599004234934	0.4007484573710813	-0.20992240912956628	-0.5105723877290937	0.4905566098576889	0.16500089378619395	-0.4178765231068232	-0.17081640356265523	0.19354753356233348	0.1908025011957478	-1.1882376533828	-0.270053592328055	-0.3464464256430412	0.06352277501003578	-0.12974511315084503	1.3828129141691434	-0.14395436950581889	-1.6840050141161425	0.18115540438621502	0.09595670507409042	-0.5746304505440704	-1.454765935611953	-0.8498155079721096	-0.6672753343045268	0.4672761195706308	-0.08397320197883354	0.5553194239684885	0.2769231497678818	1.040955133195068	-0.7135666280002698	-0.17372927465498103	0.40753906282305363	-0.10802386780702994	-0.7653140323958152	-0.017680454588678726	-0.28264296453937804	0.043865792702560004	0.7290801092213928	0.15060818614010854	0.041961873363714	-0.6879661676439215	-0.7898021911566285	-0.290177064171878	-0.28555155720508535	0.5731175302245743	0.06636620214081808	0.11429297407315493	-0.7160592371919128	0.9657664002402802	0.4467175997599189	-0.505892029304123	0.0218332547329936
DTXSID4052342	-4.8276227412259365	-1.5432671380961487	-3.0230173811411025	2.99398200862586	2.6260159644889853	-1.32725645775804	5.245991537545799	-1.7029790321697558	-1.4762705181040434	-1.9787894106240076	0.8811547803721353	-1.2451069325092061	1.2457575434737618	-2.632394367311534	-2.773799736290935	3.182261228575008	-3.035713050889277	1.5423489079408126	5.5859404609904155	-3.208611686572753	5.224350024935717	1.5514232779472796	0.3507716748048848	0.6578457956282336	-0.365179117556266	1.1929043613871795	-0.7288193785779791	-1.9328423858291501	-1.3718325406994918	0.6043953251614995	-0.04467581021635968	0.24571211799827283	0.7927318481854303	0.5352194162052102	-0.18472965040203587	0.8746744406781948	-0.3262918782879492	-1.2220304928750492	-0.9677779603094698	1.004607232498425	1.6823063299920173	-1.4154979139151371	1.0115369817961748	0.1752155442452256	-0.4502608981965648	-1.325550356987762	-0.26112399126803226	0.8701305751360411	-0.239614111243588	-0.019649673249000122	-0.42778639532163554	-1.0542703788728889	-0.08015861670160908	-0.6085356926029861	0.45468237825216473	-0.0590790767772885	0.9145400562084828	-0.39888040027590926	0.4075167382963784	-1.1025102643484461	-0.05517823150525157	-0.404907236927231	-0.0485849263632013	0.13828810525596436	0.4136838132140889	-0.36589694452605864	-0.20095128636421644	2.354717534195835	-0.6433471165162359	-0.20558832679109698	0.10964313136107372	0.853104208247067	-0.3695618997240254	0.9029510990002397	0.25362749089727493	0.41290258534387464	-0.24937472543559472	-0.3505946949315124	0.004673364634746635	0.9173769998434967	0.7966999795621166	0.8037617549857307	0.5526484963788751	-0.43442444456181306	0.3752043022385374	-0.4386974659618831	-0.3280356951477942	-0.07033790814695233	-0.01685607787648606	0.25078466808750255	-0.7817992680908671	0.2503175150547444	-0.573686149274573	0.25837273938142635	-0.12824680746555742	-0.2593307722852836	-0.096338584273403	0.4070014691089059	-0.45119903973868125	0.013841826869427106
DTXSID7057650	-2.397940211526259	0.519876072305178	1.3543522958718786	1.356314704064812	0.8365050666038965	-0.6476963736135131	-1.135668376488287	0.5153505542435984	0.6711467024871711	-1.3712781436114385	0.7678563707999095	-0.08458270334340598	-1.3253645459882821	1.3067631301709863	0.6025055304293482	2.2834505930765596	-1.7654428072585047	0.6522342921290352	-1.9615040689096537	0.22676662408934273	-0.33206354579973735	-0.38949390639083076	0.9893547025533332	-0.36611299053360236	-0.472461377728799	1.4624021892416186	1.4518804936030043	-0.7022232251040865	-0.42491299573262475	-0.7297705668264117	-0.9974160319012911	0.3632033526170739	-0.25423360523085553	1.0074679361300736	0.6863740852998856	-0.953987376343897	-0.973907508654431	0.5875064378108135	-1.2923691432960942	1.0220477371971517	0.2698699303653974	0.6568700833186168	0.5007042999295658	-2.100597365243444	0.2321415972365223	0.21266782540632023	-0.37080637845958225	0.05133168210048679	-0.2334705474777213	-0.5521398016199758	-0.07291439375241736	-0.2027908918196299	0.29987774862250977	-0.10274346621135168	0.05723229914610365	0.15202837764081906	0.6659852499145336	1.4971287689911543	-0.21133645807923795	-0.5384889790335021	0.5222119331755106	-1.290685056219222	-0.8812153640606283	-0.6042862546392317	0.9350234197693728	1.4935325292362323	-0.48145391047625663	-1.274138595029365	0.8394958307766233	-0.28319771194055715	1.144563335986495	0.10201405686228471	0.165092204920362	-0.8552142073292988	0.8390203797883784	-0.6457280399455329	-0.15905168632813416	-0.22759326221882498	-0.9297216559125265	0.6367766800002305	0.5530986229310834	0.7946823591963001	-0.7304485255431051	0.4190781176386013	0.8722468413902486	0.7850963320624721	-0.02143129980214885	-1.0665787560399838	-0.026204894159762748	0.040043930247818334	0.09847771871834474	-0.3877938405669446	-0.5600669197933756	-0.6388090790759369	0.5675786264617976	-0.260660278935713	-0.18674036819358603	-0.15236609130551618	-0.04794772896336816	-0.07534151450036482
DTXSID4032615	3.5213938142042154	3.337787871655698	-5.37753200924657	0.7488375993888208	2.9153738385011754	0.8451509589691203	6.732658868764841	-2.8555549973037846	0.9889349600326326	-1.166683698517812	0.04800801976636969	0.7490784749944278	-0.06197170475270428	0.0421911728416394	0.09536198526498751	-0.8504607146144868	1.1885169736044792	1.486310348557666	-1.3215966536057255	-0.6405117769878704	0.5357620330271552	-0.6059616121805692	-1.1331537628970563	0.19566990830851402	2.536150675428534	-0.02453626860318559	0.002927916590313258	1.6767763708361414	0.7610426099543108	-0.45035574336630296	0.6340440597100346	-0.38363080336121075	0.0889165718990222	-1.016194625433272	1.0676677272766117	0.06108416211659524	-0.7070969529391118	-0.27400359539826014	-0.5529265791896066	-0.47783129192201057	0.15623402347295137	0.5737704874038819	-0.49049335163759056	-1.0143618919550677	0.8866152246726133	0.09320154128613051	-0.6981474424222	-0.07690248882473204	-0.23995005169386463	-0.9149326728085787	-0.39703673527597916	-0.5243369065573614	0.09521557339055	-0.0034588460695865117	-0.867410446339672	-0.8015357062935708	-0.5054872974360077	0.1658171477868632	0.26022647792362263	-0.06884780621909987	-1.5060806099227886	-0.8682166632946348	0.3336709707403878	0.625940486850965	0.01322393038327369	-0.7016217109609104	-0.1385158476428528	-0.20262381244135155	-0.23795941277327612	-1.418041831030509	1.1352744464578142	0.15968564878736255	0.3508770836705235	-1.117645598862755	-0.5058637514153941	-0.9528906031863255	1.5670526055644447	1.413226563257253	1.4093276907657915	1.0567577195631228	-2.9103140553124156	1.106299637188057	-1.4928696657309122	-1.694196952285987	0.1532676666016197	-1.9362721996336896	-0.25340689573419245	0.17446600512309374	0.4079038328356379	2.180620944467207	-1.0201276020156211	1.2863128797963348	-0.2276188382631727	-0.3745628278544	-1.3070106488037811	-0.11516645200957065	0.43975612103341843	0.34199722472459265	0.2436220831883772	-1.3216565164051186
DTXSID6020276	-2.226487329045023	-3.0559789670273414	-1.7033408137093966	-0.8661204108884231	-0.9326270131008492	3.282301824589325	-0.3210488942575228	3.560823158766744	-1.2406161337975987	-1.7713587928090087	-0.3421141415155215	-0.07416354560345856	-0.4422357718783265	0.3957394277451089	-1.5606148165069558	-1.4109483796623465	0.7462263721307203	-2.0846203485268533	0.21003376240497496	-0.5469558937632426	0.022058743907089264	0.4300578070946044	1.5456607517229004	-0.5591471524059762	-0.4876601418538019	0.5046278138691187	-0.6825855343208357	1.4387236654669855	-0.21774255186110378	-1.1764273501809288	-2.766901845058533	0.3032428149987276	0.9948119982299294	-1.1217343493935166	0.7480088329343033	-0.568645026311632	-0.6355948097389982	-0.18316187615882457	-0.1676383480703625	-0.7836808254803656	1.2795849820417988	0.12387891174731541	-0.1853047426192279	0.156095617332291	0.4898043954492902	0.6501065118489119	0.6616117070629871	-0.938698112793221	-0.34908768340570734	-0.7845168989415143	0.15002566853668065	-0.3910061165296535	0.8483598836364965	0.1542816329941452	-0.7663659916840032	-0.39464251465453454	0.5940018792517423	0.02418682899241223	-0.07629333449084916	0.31315751179219176	-0.5873316347088796	0.05885687640722199	-0.7044188867214601	-0.09010947061004186	-0.894182464555392	1.6523516826106954	-0.25856682449968243	0.8369321853948107	-0.6874487950140873	-0.028827637300799295	-0.7362497941295905	0.3280393067127202	0.050419768650944365	-0.18382036182353567	0.5014135349089573	0.7475937488305411	-0.5582684332571668	-0.08506556745681543	0.7863236751995567	-1.2231371825664246	0.2365671099518709	0.019184317536501638	-0.10417728297366528	0.40508041054614813	-0.1056023062201136	-0.700277382428514	0.005688247404685984	0.7139379637268874	0.03508864845466076	0.43632419860304233	-0.29712493661899797	-0.11663683136617346	-0.33525353311030065	0.48388723097354275	-0.4724326469059279	0.6815099062853242	-0.009590728394823554	0.029884329439487975	-0.07801075785762218	0.19146973325059358
DTXSID9022310	1.4347462002065317	5.265216208216771	-2.963963430898324	3.3593301843324577	-3.0643184064196456	0.647258493619122	-4.179702337072549	-5.725792446120709	-2.963431249235395	-2.730318484983655	-6.908662876630593	-0.6825022534498139	8.015254204838104	-0.4358173117649537	-0.011240415274219663	-1.1666482424039726	-3.341456466325626	-0.7201380079150067	-0.2506642950690214	1.8949626622868256	0.4765258189996117	1.366913747259022	-0.2943743456073969	-0.7278275539721665	0.6527452679835182	1.2528351871747545	0.18369327694023305	1.473973286547073	-0.30354683891156164	-0.6550219000089796	0.9396386734867107	0.04069014089187453	-0.16662386735521134	0.7641232248444213	-0.6536524399737959	-1.2706203472875395	-0.4884650876658794	0.9502101398832605	0.41486134093160393	-0.18093370962996014	0.11322094373666534	0.6388228709497196	-0.12668368719814538	0.37174281084588146	0.33396643312947466	0.5605840866703306	0.2351519457934529	-0.41737312745668015	0.16342402107532653	0.14503821331605538	0.2661555517072626	-0.30572732937490854	-0.00727540108357391	0.5399893423133743	-0.031565923140497644	0.06636280149850063	0.7183404086417844	0.07638671845727886	-0.20373923261006133	-0.15225446057902858	0.356125969022308	0.5988560578590301	-0.4109953861215084	0.23843270301509017	-0.06888004225461647	-1.4011121992744258	-0.00968337060101101	-1.095022653340609	0.4844649531872038	0.8671764440472336	-0.14857866814371692	-1.0423149062167991	0.18484466265750915	-0.22319349079149942	0.49859750699816663	0.41606208396449507	-0.019118560070419052	0.8994061450693905	0.07324721069071839	-0.1836636008834604	0.07993992133184982	0.27300852006380394	-0.30949611966019736	0.3458197042869235	0.0069084362631026885	0.15530618930341752	-0.2945391022213761	-0.7650715470106254	-0.4475962968284492	-0.2877355901734313	1.2366632221611908	-0.12025708356225027	-0.5911347129629361	0.7633428118750448	-0.10087112883452369	0.24693441892259693	0.5324553699589297	0.39570944271759617	-0.16261326877226154	-0.06758922330980131
DTXSID9045346	1.8824661934829974	-0.4167505846068645	-1.7068494505460923	-0.6354804278992451	0.7432396965514653	1.7814659611553276	1.4284915400393552	-1.9183441859936776	0.09380003079061881	0.30446539061104716	-2.271074924151643	-1.4269707578123865	-1.9812341294816618	-0.08797837410633273	-0.4198232383715534	-2.921960304579955	4.354835471013962	1.6285950556351285	-3.539943048247782	0.11918467880484877	4.023100990447586	-1.3462968234964876	-2.9073986472955373	0.29176882073000915	2.940785074338933	0.855132590151213	0.3747511054977775	-0.9461189066599225	-1.0943027478638556	-0.30931530859215967	-1.969301572776718	-0.11596125357453128	-1.168176052234517	0.7252924518875695	-2.362346150378889	-0.7086468125171553	0.9042042430748011	0.3544725723481454	0.7806384500886014	3.1644204491570416	2.1761443185814846	-1.8132594503459785	-0.026678798245042358	2.4298697486096077	0.09208844242682171	-1.2041634922915034	3.4092915820221767	-1.2169695343090736	1.24058418636643	-0.972314348052367	0.49227055764697475	2.6404758993571704	0.4935140875700651	-1.7679102883511786	1.1920144610474532	3.3713901172255274	-0.47709803385537786	1.355250378935948	-1.6949243513253405	0.2395062743690583	-1.0676857220671803	0.07659442216748218	-1.4092718384896834	-2.441032316546522	-0.1371462515319975	-0.35044188043971025	0.2811326723020227	1.2976465181307573	-0.2423208244061213	0.4412370171921134	0.2960199810059161	0.5005996310557803	-1.1349112663443854	0.829402327211287	0.556872726006992	0.14945357416392774	0.3463074249651823	0.21894701528160657	-0.6465170505184525	-0.008638618187934464	0.38812952886612034	1.2044257074900384	-1.2747993145368588	0.6114831058666446	-0.919493761479395	-0.8660508534558384	-0.24354274181661922	0.0396297338469676	0.47745142979042376	0.03293273754827325	0.2396251335564254	2.0899418564456194	-0.7837195073690689	-0.7970151107283792	-0.04142343460154726	-0.5334372696850839	-0.2504745621120598	-0.34499575009364825	0.08621539320373704	0.32573393986762844
DTXSID9022027	-5.534118894083241	0.017959559236223156	-1.2350966465673954	0.8146989718909584	-0.8140849346206592	0.5273084485499387	-0.7503265250157524	-1.3011523397360907	1.1557365432256899	2.5657396805736035	0.43373346173766547	-0.7245709397494136	-0.8054577683958063	0.8619828170614633	-0.9501501036221254	-1.3053702265953626	-0.17579742537458448	-0.5511981562120141	0.3276768062126712	0.647291895858525	0.07496360703694739	0.23455297308866546	-0.21633473203722037	-0.008747110832480897	-0.1636950437106748	-0.34515138106671356	0.0027350948352816416	-0.13589604542191025	-0.17883881603111243	0.3630926032747542	0.3582756082484367	0.26635628530021144	0.4989866673219587	-0.49921427379679584	-0.3562234511447652	-0.08468762653804078	-0.2749157630981304	-0.01264393502000926	0.04625507735117527	0.22773452398044583	0.028798561475543542	-0.0220046069387618	0.4197346684603809	0.23791953593914691	0.12699174638593413	0.1374190416842778	0.29363609964297627	0.25731887433598283	-0.11403436960095673	-0.11896666229115577	-0.17167324912716878	-0.01812750325895984	0.035410021322392876	0.01782354323437184	-0.04905132597282471	0.04230893328327717	-0.025184739226705857	-0.3006572735584599	-0.3451879623073652	-0.13133965390917082	0.3154011041644031	-0.3695533202075625	-0.11411884490046482	0.28093243820227576	0.30146881473580267	-0.1967464733112722	0.04760600449428189	0.14012349228690835	-0.2419163028273349	-0.2944025069628547	0.22251042780882985	-0.21267502517156875	-0.05790505513598997	0.04029877798212358	-0.39161037189461695	0.22140255360798147	-0.1396901971244313	-0.06838539663524587	-0.2560622396973028	0.15463659372718883	0.33713451555027313	-0.024025793412701033	0.19913658153980077	-0.2292333602610338	0.32276365656863687	0.10884634123553492	-0.48444091353638413	-0.5762171392877075	-0.45780817867314216	0.1686998450484081	0.05733910811377224	-0.2900160693092701	-1.0983094896755732	0.1661665821444688	0.2189528942270843	-0.3464827235188812	-0.01012599393034269	-0.10519738800677861	0.3408755213875017	-0.08931266223983378
DTXSID6044014	4.134220568074618	-1.4108226242185296	1.0128666673693671	2.9913069201862865	-1.8020887785839075	-0.4902069887051939	0.157230834194452	0.8714250720701213	2.732115804939004	-2.4932848396721106	0.62935257161906	-0.21331152067129022	-0.7475957264432459	0.07793108766778595	1.1380909916183664	-1.204722307668127	-0.2946369520461487	-0.9852871405385824	0.36731576753206224	1.9809030279962327	1.4510202200325224	0.042823299323284	1.6485893523561705	0.43334253585383237	0.5631954258957407	0.4667852447354563	-0.9843166891041465	-1.0288197269406345	0.23560532708606555	0.32554717512534637	-0.15663100016802672	-0.9071208384337208	-1.133994614719213	-1.2244537362675407	-0.13485228255059012	0.2628239267381536	0.584175170093254	-0.48473918554750955	-0.9069508810643243	-0.38062521974329266	0.7868519654400266	0.6815231500461008	-1.24234803126979	0.40613075074841654	0.02062475093389523	-0.015303878887554138	1.0036100639431131	-0.11929337205518768	0.03686217877579733	-0.3798225114410011	-0.00834413315814852	-0.035262661330185054	-0.12004993147455444	-0.12057960246479697	0.509974580737879	-1.8531486275463125	-0.9593115104542842	0.6823060570731964	-0.6599940589218626	0.17536035915103898	-0.24239064607603952	1.134824970594111	-0.9233630083386851	0.34587775618962585	-0.544325680897108	-1.9225393059806772	0.2371596570713755	-0.3051557087483283	0.04668924434291919	-0.551367205950743	1.7251681967264507	-0.07341558634477735	0.9655797370308737	-1.7751701894439247	-0.6587205054071343	0.6879741077168732	-0.13859069933308787	-0.6700676744026107	-1.8242076494947337	0.9005962666192441	1.1516995667884982	0.11867139574791964	-1.0713101932949776	0.4898491079521225	0.9183386321143948	-2.7608881696687524	1.1708300824938387	-1.145628290122011	0.8819962588691118	-0.7214550825508989	1.102776549763535	-0.26308381044692053	1.1971714292000253	0.14628202327610987	0.6310803144010204	0.4171108650084478	-0.07369642333072046	0.2521567867862524	-0.20802190579293076	0.4788585438973312
DTXSID1037303	2.790459933333657	-2.1350126603931505	-5.837008646477759	-11.919443142561017	4.271958751957222	10.832740213274933	-0.38315160929623787	-4.892675857452191	7.517574804935911	-0.8224298517553773	6.749379184379844	-2.281179701445148	5.147074689150363	6.403311437399079	1.5657286040392535	1.3268572158104601	-2.1799996077785297	0.1006165444864991	3.0142012885253053	-0.7595719198524234	-2.5241322687152294	1.7113838571142737	0.9559045054333004	-0.26413791184041213	0.3272350976685438	0.16341729145934572	-0.6008062701700504	-0.9554097788940353	0.35032692651968	0.03814134945406716	-0.11072433262168917	-1.0327577505651735	-0.561187200573119	0.6259054657804152	-0.413641814489757	0.2351456057751225	0.24154010638202902	0.3345267118919672	0.5450487177714831	0.5972942856630056	0.4431660075956932	0.21666776094858525	-1.0134163223724293	0.24934941013741338	-0.15123862044307643	0.8048485772260386	-0.293674731224137	-0.24226808982722622	-0.28486330931190895	0.27293986399023684	-0.011307367400355015	0.10791724600205112	-0.26592455452904856	0.11165111280635358	0.4899090086495236	0.07884303002845068	0.5415036073638715	0.6018847732111873	-1.2538880949724471	0.5217454083749213	-0.30768219484468695	0.5348485062157953	-0.5420821670144781	-0.258786179021623	-0.0732477471410088	-0.6463301358026012	-0.21241449017182895	-0.365671064168407	0.04937290643249773	-1.016817155817869	-0.4254909191116034	-0.07630696074481028	-0.19450743315023092	0.6406754664535127	0.16093755181168792	0.0407269711585616	0.6529397484581424	0.3190132222098853	0.3792692572637049	-0.4985102091711452	0.05041281051849981	0.6145339990964077	-0.2315878220096941	0.7484174033227474	-0.567574973952031	0.09384719772123326	-0.09708297747269781	-0.791681914068596	0.622941695432319	-0.4770102660982173	0.36025798787031826	0.4614108017127202	-0.03887383328684474	0.4170282702303017	0.20254345515413208	0.7009725676007442	-0.15256923290524657	0.019466831235456887	0.43987662104959174	0.1617329304092644
DTXSID8046828	-1.5141270053231248	-1.0384014580366883	-7.587424094457953	3.4163153672298345	4.645664309251851	-2.396814160516951	9.541892640199553	-2.54425271439894	-3.8781502483943555	-3.3476534957866586	1.0495750455619581	-3.254469089671817	0.02323904547536715	-6.250045093700483	-4.335003440154814	5.697468827380744	-6.231455854299762	1.2034886715352269	9.32612045054659	-4.2542264591067465	6.749850950867417	3.0446776786172816	-0.6121484841922422	0.22099313551667	-2.001532130725707	2.4664858926266335	-0.35427109839467297	-3.0938809600555417	-2.0216334146837287	1.0560824745007293	-0.4965680587193586	0.5912195071302424	0.7845364760121142	0.9262731959303541	0.6680329960747734	0.8325334180774608	-0.8442876844887242	-1.4564206282589236	-0.49439211445809284	1.0835383753117502	1.6381178222660708	-1.649444030403806	1.59626103702982	0.41677971244594186	0.1877702502479118	-1.8089016579276311	-0.847719772021562	1.0816417794064916	-0.4867760312536856	0.3673830498396805	-0.6141004160319526	-1.3800783814736388	-0.508673318065338	-0.3815195641478096	0.2832326669644663	0.22864125343561256	1.046173479172634	0.19434141346712158	0.5488488828798511	0.09294802806984621	-0.6875871184521885	0.4497887333994732	-0.32061920087783696	0.2951012103307523	0.7899284356939629	-0.37297206830002544	-0.7948922998527692	1.3455547607258118	0.07163285852139274	-0.011342794780788834	0.24588289633985985	0.13012509912969264	-0.14807664039390286	0.48349828908709325	0.8300642348370482	0.020791324862681208	0.042599986841739795	0.08721536994036493	-0.28024911356398097	0.4963901406435665	0.32078431151918413	-0.06527166286219896	1.0488907544009922	0.44621866004007626	-0.09718963993135567	0.5396811692967688	0.3846162171824931	-0.5753889768040524	-1.3202785483293247	-0.48908892982401597	-0.5469594662585943	-0.07799725513519457	0.339855162433449	-0.7319018935524676	-1.2036555044490866	0.5060605978536655	0.462174895703397	0.03275466819768669	0.36075154473597965	0.6019548367156824
DTXSID3046665	16.985773145349306	8.581156226844678	0.17327887960621607	-0.6112559743082561	2.1942210371314337	-4.064998105300934	-1.3762649949099424	0.956027076154408	-0.025043198629119006	-1.5132821310888334	1.689744285681444	7.566672433644008	-2.8471326439472313	0.9996376740399102	1.122414567227687	0.5500183526235564	-2.0189872763679144	-0.6563007503085793	0.43588297071289356	-2.4959726536411617	0.010465920234000645	-0.40165840215098647	1.5827885813754627	-0.10643442044363795	-0.8504841979164631	-0.6356142154782046	0.24997590177834655	0.5848695174624937	-0.19600096423015603	-1.3593611212754226	-2.8020366156302092	0.6026289887919931	2.0364288430146633	1.0470879967847313	-1.9722470113022883	-1.639546347002439	-1.0402719077368412	-1.2344063009488306	-2.033731344428108	-0.4091173692099278	1.062032514974471	0.4497059558956324	0.5238946403086187	0.3233217787300553	-1.379592548181548	-0.1015629074666983	-0.36279261980297295	-0.311726114234062	-0.2886771843812839	-0.5380722803193032	-0.4186603597787055	-0.7362801079045479	0.2298534642166967	0.19975956649936877	0.32753149276395804	0.344946476930527	0.16557890375052126	2.0187412588082845	-1.0701063451493535	-1.5155060153620639	-0.25512496614480257	0.17054510418584723	-0.4143364148668778	0.34716038561256973	-0.5612224207543853	-0.8856711533145185	0.008865091358848269	-1.16338109498454	0.7216207241939983	-0.5572866354822169	0.1283275019767544	-0.29488249959892676	0.12871239167717718	-1.1626110645018621	0.26794811722844764	0.21854890474336602	0.10991183082782016	-1.4628865211641386	-0.46703964099844003	-1.1998518727687855	1.1674258626898204	-0.1445380210476261	0.6072240613399525	1.319760374749074	0.5823578522009419	0.29038897590463086	0.5380416352474758	-1.150844663338612	0.055186475378212925	2.1455154586266443	-0.8236866616998875	1.979484134249032	-0.03965424981936045	-1.3520829008313937	1.2937602191587818	-0.8436421227764898	-1.2451118461725583	-0.4841747526134176	-0.6428895926581089	0.013216883895145212
DTXSID9046152	2.723074847673908	4.127370481372833	-0.38642302327643474	1.1529718770779551	-1.5832632723638778	-1.6686586045538616	-3.305365561529705	-0.017999068925021528	-1.2603339417696007	-3.1332062296388634	-1.8591245493961581	0.8737779638006642	-0.3382179367766669	4.998651102283647	-0.34430598173349436	0.6497526007735758	-0.5966466907481875	0.4758190398623685	2.00958750270376	0.697810345330303	0.1192981491779923	-1.081113416614121	-3.416535433914029	2.1605254487654215	-1.1119660262483777	-1.0712407667544608	2.9238922749837957	0.6959436913321138	0.029911465077520304	2.2034608405492753	1.5146569408431283	-1.2679811332891517	3.0576802526546425	1.9737122882036717	0.6907170690093453	0.22631854716663663	1.0209819610234474	-2.534096130338281	1.237540292331425	-0.3909934423819255	-0.6417037180314923	0.33849630201629954	-0.09029829239667614	0.6825795984590566	-1.6014841130050887	-0.34031860242569223	-0.6707893642956279	-0.9908308503583688	-0.6757727591270638	-1.3398328004458195	0.17047458400805363	-0.37771065259637143	-1.2100306760471522	0.4339320665464353	1.868011104796515	-1.136541278324732	0.16175263112279276	0.27049587935341346	1.0306639389424939	-0.7189748113556291	-0.5081196390879262	1.388026868868811	-0.9942916730270774	-2.585466955568762	-0.7776982818785279	1.3359569283613553	0.539235762846234	-0.045434948215833805	0.6373841092245638	-1.132087988026379	0.19804596502404942	-2.0302322661309935	0.05704267745778633	-0.11275108231457125	1.4554210505254288	-0.8258004812614429	0.12068763999189348	-1.1604996241906438	-0.5730354321636981	-0.28972244652032625	0.0018106899054714945	0.491476716038376	-0.6486047086296336	0.1841444486500012	0.7523579597763492	0.4413874378065601	0.9226706682531858	0.9500179662599356	-1.0840573483226388	-0.05392730136389466	0.1337341286646235	-0.17119997956757524	0.33837682473101355	-0.05245984612705738	0.7576182817267942	-0.15793705042119613	0.30294466716506907	0.011981330158708782	0.4882602303292664	0.05780178812563206
DTXSID2057651	12.720395968634143	4.83545875656719	-0.9675661880605151	0.22252131601586667	0.6702146475744798	-4.866806910801189	-1.219073762481302	3.2781961816350154	0.3614471399688321	-3.051281312070765	-4.168854631145943	1.6888152365618827	0.8009339640168575	4.9055487673025215	2.5504597769145487	1.1298862681235105	-2.301842633673131	1.7039955253487455	1.1561152997609068	0.7537835789860857	-1.0597621846098475	-0.24654828037065007	-3.03605649799581	0.38994613645824155	2.833104239451441	-0.8719993148711159	3.8281073214819568	-1.1064099098914482	-0.033768282780934515	0.7979977165148913	1.9157516614949621	-1.700612343467699	3.4416822599805443	-0.9030632504305298	1.4958705042726592	-1.2544637165280057	1.80008159588636	-2.06092364559803	6.35905435467694	-0.2857386859782415	-1.0996473196774492	-3.3501371514852725	-0.022012972823379308	-0.48537643750080717	-1.4312610047582732	-2.1278670665565964	-1.580429498666448	-0.12581825250604667	-0.24423945907133326	-1.2960515149101584	0.2333917048112386	-1.6188334754318028	-0.7815910365186177	0.19494558682550606	0.9128741318898358	2.8854106339084624	-0.732998025382969	1.694474720909442	2.0346428923528186	-1.471767455267227	3.7895027239262715	0.937822276078152	3.862245756782585	-3.006462468818729	-1.7186528389503766	1.7473136842297685	0.5572784510460428	3.344768216386197	-1.8337200123009616	-0.6400828661230794	2.051147429539216	-4.657944451874822	1.1906999041954125	-0.5102149406998702	1.1328582824189715	-0.09061098808577414	-1.1077825252519817	2.630908398319198	-0.8142065611412062	1.9201550855233227	4.105937793690329	1.0080511434477888	-0.9062206282080498	-0.005309232419896155	0.1533480833462615	-0.3109535448279403	2.4587742112581643	0.9182864552590473	0.6568011140174566	0.9312301681384211	-1.0485919051211294	0.44289914100773103	1.522645071112951	-1.922726760458149	-0.11205499652106407	3.1326214750374173	0.44481801812277433	0.21960956592706243	-1.2312650449548725	-0.3867496176184748
DTXSID5044572	2.741174990912861	-2.3112392646861646	-5.18903274627023	-11.40190835854018	2.2289033197950343	10.824531381280629	0.6985725718866432	-4.764912223741497	8.764083021065895	-0.1225686827232364	4.148529632901908	-0.8542181973443557	3.923798891350985	6.516322677404422	0.159138104724547	2.6753264742160776	-3.0201821364465253	0.19271459360515164	2.3250879114217886	-1.1874599559678805	-2.546441753780184	1.1592366388400748	1.1289512675151414	-0.23917907701952965	-0.2852035503603105	-0.07446762262940289	-0.5485260198908029	-0.7576768130898055	0.6756447006615393	-0.3454888128641825	0.4949661588505229	-1.6293669672831925	-0.8263295317015978	-0.0002859670963048104	-0.3472558755650982	0.5342100495451166	-0.0755570374931501	0.6133096136026528	0.33095831533923264	0.4892560526360306	0.805251052477228	0.36892041784332064	-0.40814738199934314	0.49907210374255934	-0.25042786401195	0.8781073799437003	-0.35827168266995874	0.09368237916028965	-0.3160424988156712	0.27624355034694076	0.06644329572725442	0.26232703660486073	-0.29373944244626	0.28113849918832023	0.2530643241856469	-0.08648658554075121	0.49000607543614894	1.013107715079499	-1.135422771448779	0.3155164872237543	-0.008345296657871834	0.7161090349910226	-0.8518725273621581	-0.4667188663943559	-0.21708284708436254	-0.4681813336282155	0.3812306369187712	-0.006110720819925633	-0.29197215775887997	-0.9187240218779626	-0.8344621192197506	-0.028553736969926205	-0.3101283538642466	0.5581891519555874	0.5001864353525669	0.19150663696778641	0.30776706947064597	0.30548665045222356	0.5488351320071326	-0.0169151268359921	0.11085706728058821	0.47395443289272005	0.38444502449528006	0.24181564514431625	-0.8477613625579168	0.09649877264129178	0.10186988256572753	-0.5678908148375936	0.46448730383667175	-0.7660424456269549	0.8690491493424085	0.29264821118250217	0.3146562112210828	0.35831379415613773	-0.1245745112357167	0.0007701927866508603	-0.12386932528491457	-0.11677745565835734	0.07746427678199318	0.06798218236311884
DTXSID5044817	3.814566027090135	-3.782601506145602	8.336446847643574	3.6577999833343116	-1.368048355590071	3.080246994201198	1.5355856357481916	-1.0739360146771628	0.8575039523861447	2.4578424742972333	-0.5326451268256602	-0.4366217519022191	0.14105813785639593	-1.771586273178008	2.170224085963559	-1.252084887786767	1.959400085605065	0.4309434507814691	2.9569752371062283	-1.3110184843247517	-1.150830339974936	1.0653677635597065	-1.1041638096103263	-0.07025028206485717	0.3738771226164102	1.2774936478892545	0.9579354434004997	-0.0450954043478051	1.2260393319911713	-2.0696292476294555	-0.2043718439748335	1.1184742575723081	-1.4661211748123886	0.12563934976267202	0.18056708985001643	0.15003247430476868	-1.3351744013869131	1.0414237646223117	-2.0784222487356927	-1.7184239094838487	0.9851988272594346	0.8541542213990417	-0.6612494045201471	-0.23831613931412096	0.6499693350253717	0.37051992811272844	0.46160358204730056	-0.5108688189514606	0.23767365582732805	-1.1857901280434497	-0.12910141734132702	-0.9279264439490434	-0.13509964073367536	-0.4114721297520022	-0.9361209847946924	-0.9899902592237618	-1.5715764328329405	0.896885329726214	-0.06554957251721852	-0.4394513407260059	-1.282928662227137	-0.555874895734629	0.6482514239686695	-3.4804288483233363	-0.6024860621772488	-1.3221010483210331	-2.4992296218707444	-0.03431374394992283	0.16666153563054606	-0.35522620916283565	0.03902561195165565	-1.2406384375220003	2.578137419811251	-0.6377178088855492	0.07620411044772399	0.22933204392987558	-1.5317498724180079	-2.1651473533996897	-2.038869920938883	2.676535586430183	-1.3984799167762614	1.5750960053849155	0.8774780949484121	0.243982160536206	-0.03820368657392502	0.768186664840401	1.3809782045552972	0.20181517107265803	-0.6128070738410633	-0.5639149511241535	-0.29247498775805003	-0.9778294180763937	-0.37539850938186886	0.30792865092553506	0.34595336204850097	-0.2205278752494833	0.2552807461233566	0.027408701468237956	-0.8933819596793767	-0.4435376251527332
DTXSID2046886	9.872856948688325	4.319075971588637	-2.3319999198823282	-1.6653097204573621	1.7966960082532195	-0.07531559462204836	-1.086508547982184	0.6537147211965051	-0.5392085121742961	0.14569308930324484	6.636178201687326	-1.290890246838728	2.1759974086725262	2.8977388438770806	4.805908085172256	-1.1619528886115746	0.00886609228170082	1.4011360649480327	0.6456836180488985	-0.9615338044917993	-0.6368821925669538	0.5321519314715538	0.6597011935145778	0.09138060751591653	1.0455740082419118	1.1784097335884294	0.44555110587975116	-0.009153418585109204	-0.49572923439322447	0.7177980490714778	-0.3061928229644378	0.5650838745664731	-0.8664019884638159	-0.41428077763045046	-0.21857700972704813	-0.08102691309029951	0.2214136827516196	-0.445035703402371	0.4742614612575812	0.29822171093468697	-1.2216231697121107	0.26291633325177266	-1.126230554428711	0.5178175347803334	0.807611889201853	-0.5879019217155246	1.5227467455634534	-0.1326595232429614	-0.2549695001668271	0.1433268914171034	0.012630854772293811	-0.03313413775063372	0.6690404845769465	-0.6125649387856221	-0.025013141699701834	-1.0085386788007111	-0.309336319730371	-1.3443701261307333	-0.1704318924002881	0.9394056851725469	-0.3373276824201371	-1.5020910632275457	0.2993134382310336	-0.08541897384409779	0.17147825845562067	-0.7243587600122751	-0.3426790136218674	-0.5244178032262075	-0.503518485448982	1.0481763636016594	-1.6513151048331196	0.4882734428373309	0.5046854648809889	-0.6672281281880629	0.683825841971298	1.1324795127683411	-0.5616677999622097	-0.06180036824887147	-0.859422440170304	0.19161107864535382	0.13476257607663208	-0.2821644251385634	-0.4873040729935235	-1.3523713687847176	0.7405606341278481	-0.13281090053065767	-0.6041757066967524	-1.045943768930945	-0.5778195871775803	0.5568988218795646	-0.8715602336044915	0.45563480720488014	-1.5755595880678162	0.3838076950221621	0.3867730046560619	-0.6095145402208972	-0.8050613681326195	-0.1010515792498396	0.02358262671409478	-0.3094484962655527
DTXSID2052603	-3.6834943652693344	0.9659225634176333	-0.2036390261937767	-0.5085677924917611	-0.28007764997843065	3.113416999983282	-0.8232458212690729	3.284419904351763	-1.218915689717753	-0.6320491896163488	0.15478450652506476	0.8699243797299718	0.2770323071832529	-0.536920737663016	-1.0853461318954276	-0.9397447331994042	0.17210379395312123	-0.5506051884151923	-0.23713356520664164	-0.361601434196535	1.109439829077461	-0.4445565398728369	0.7305249189130104	0.6652869335687877	-0.5454308070462347	-0.5274640865986461	-0.39221185236802736	-0.6302213587068188	-0.06914029199921982	-0.21437060612561495	0.7132986389939386	0.3967518017415787	0.36209131256620486	-0.6118935931381386	0.30831116343536574	0.05948390251960447	-0.43878448091596284	0.0978155168176063	0.19890629492831383	0.09858490969987004	-0.4998520547431514	0.20224669821167726	-0.15293818162561376	-0.10804324572769493	0.13444645997266927	-0.009749177480674278	-0.32506113812385296	-0.33388805457455295	-0.1569843115593119	0.05114312797023101	0.008966805153744005	-0.08331944471111423	-0.027527062694792267	-0.1425239177946346	-0.2212664161451775	-0.006580696374823078	0.3185393961914788	-0.15986962565983412	-0.18323640338327632	0.2177632252698681	0.34069781190013654	-0.07178741611223878	-0.13493309794482047	-0.12449108205403547	0.19463050921016128	0.0009072603461242997	0.1599011082223625	0.21935405965168975	0.4048800328075581	-0.3853228235342253	0.35888548756151134	0.4211489807051853	-0.27852280422640807	0.20467994668233702	-0.2847273322457843	-0.4433405495360615	0.6014435461311601	0.7546140649310049	0.02179245603985639	0.6100951119624994	-0.7052443532906689	0.20131238230673376	0.07589603307940192	-0.2270154658706892	-0.11948126233054095	0.21753243346617393	0.0998103785095558	-0.7498551627025799	-0.09197752597549813	0.29909362772082376	0.16850933563992063	-0.18376801939216644	0.014126238268773862	-0.34220152703791384	0.0595734083828048	-0.10157712777735786	-0.41444024926817513	-0.38976643064044153	0.05914722746846845	-0.220284919724141
DTXSID3032591	-1.599863548311436	-2.2046218383181473	-2.052460696671838	0.23943929472100728	5.546676000340158	0.6746040355410051	0.28367026670540396	6.3683583434222095	4.163716572543598	-1.3694622550880127	-3.5680337007616627	-0.5987446302864321	2.077178831584506	-2.377843534247279	0.580021092946165	-1.2921225169162336	0.08886663279236258	-0.19854843950514034	0.2359280838364367	-0.23742529269252444	-2.253155091376216	-1.0647317693822136	-1.0626142746040221	-0.08659522693798263	-0.9607327845735447	-0.5191861024151904	-0.9579713697918879	0.5914879165925675	-0.4003955493354203	0.30083901556356024	1.0100285423012358	0.7670598754735576	0.805120777597256	-0.2563482351505397	-1.0342278101895304	-0.016711562464346796	-0.08381733092144607	-0.06302979414800358	-0.20285504761680395	-0.0932181973268815	-0.9177898586167093	-1.1560540631108125	-0.24545262850481417	-0.8981575193739969	-0.040151622876886915	-0.2776518083130456	0.462309627082237	0.6677486522628725	0.1267021840050978	-0.18049292196465594	-0.2232957955186978	0.19937029200869463	0.013545419109465372	-0.23467419293636899	1.0398884663454067	-0.07390090565345295	-0.3492986298039945	-0.05628861121022328	0.36581055972668886	-0.14265037070583872	0.10382261030294812	-1.8281921705599753	-0.3517651897804428	0.3478007950834588	-0.28255545075465527	-0.6326657819253261	0.8443891431174163	0.5952851130915375	-0.08244134911330027	0.2331011589093919	0.7662005615560333	-1.2190417718164215	0.08118517490054643	-0.5000730475485242	0.237503285343713	-1.886254058498003	-0.9536277556171278	0.8645475955535655	-0.37804259912851723	-1.0068138465003997	-0.6001393589575108	-1.4173612984788986	0.010857914663418441	-0.7724054235419623	0.14144229602146194	0.1880183014051772	-1.3647225981851847	0.3176410269341282	0.5780785272414056	-0.21221416434072873	-1.0658899834278859	0.41969657760619955	-0.30751947780429	0.6532191700162553	0.6406747804431211	-0.9785876263830775	-0.35825733699560264	-0.20599068988805083	-0.5820365261429601	1.1152823513052148
DTXSID3044679	-1.9293127657873956	-2.312605224925809	1.8443084197574413	-2.8564857599505284	-0.351758367981774	-1.28601325024233	-0.07671321980614594	-0.23753494553320273	-0.024172628510546083	0.8947038778228615	-0.05884767528043476	0.1174887069913666	0.7620365179563569	-1.098534835256944	-1.2364996794957228	-0.2913574879698574	0.06321152034000298	0.17939852538750928	-0.06770437584193786	-0.034665396375840776	0.4381762754984302	0.24749214621847612	0.17647039326948125	-0.37378401246902104	0.022576851741377673	0.5091786675421935	0.2396744070213125	-0.10185974012834774	0.24529704724729604	0.04104173543806057	0.6623728070082205	-0.7328151244350231	-0.48621211771615946	-0.3783503900888718	0.2851947823080547	-0.009845939857026365	0.16699826801569945	0.4272473750051934	0.2278386866384327	0.5086313724883177	0.0821027710530602	0.06602825637588036	-0.02792319959776947	-0.07500869609254124	0.0807279633818322	0.05019754995097463	0.11749083335689883	-0.009775017858830426	0.13074881293737114	-0.05160949040168167	0.1537558001514829	0.13644779237490626	-0.05551438813861976	0.04870176789441637	-0.1364528238659345	-0.20576626610087595	0.24248230326290235	-0.12535825269333625	0.20687343364682276	-0.08137891229297421	0.17129474834307187	-0.08058637089331937	-0.05539108754581492	-0.0026320378607501437	0.038294654316427076	0.4871390215950765	0.07551105043670543	-0.06361449785877486	-0.1094355453602008	0.101091763703168	0.5142972751882535	0.11957642133263091	-0.021463470243927352	-0.1574284212123667	-0.15366454737455196	-0.02845898337717462	-0.20280739217101143	-0.08176493674474035	0.3884916991438095	0.02776895853286956	-0.06890839477539276	-0.3026801773389303	0.19109390437642507	-0.2860114778997591	0.3873215626907345	0.006314610628883182	0.004410847621825105	0.6749870071551253	0.05828369534715567	0.3494965850970228	0.6049637789241724	-0.011170619598188696	0.7146569563650094	0.1914958856254684	0.40154901090170236	0.26286441582644576	-0.15503817924412278	0.46135738973061907	0.4040700809426439	-0.2599179770179897
DTXSID3042053	-0.7250198745382879	1.0938364670454868	-1.9118584724212093	3.164289802669406	3.3708633631528184	-0.9484295080485091	0.8140952545984989	-0.4431671093627773	-2.012619885761811	-2.479476678845718	4.035883547921523	-2.7492347539942292	0.9164014297152588	-0.6664951877721114	-0.9929837191310104	1.5303229900296786	-1.8873726845624605	1.4128895701056132	1.373259233056344	-0.694252739644211	2.565297825073359	1.1593960242922061	0.6143553665986616	-0.005049221120435835	0.43309188366017953	2.6253402323705384	0.9096167402048341	-1.2058958006851963	-1.366075448605774	1.084348830032632	-0.4268402555393435	0.12694414605655802	-0.5699898211691463	0.5816566165236049	0.5474163438663552	0.1503160418659086	0.621447629897666	0.08375966952760878	0.7154782513091992	0.7342705252485464	0.7466063460894936	-0.08273943306880714	-0.25621205017392423	-0.17741996802435336	0.10862588711765038	-0.7977629551015428	0.11716988782101956	0.3663928421091539	-0.14310248848967283	0.5045361645031806	0.22677702988226792	0.057459741902019246	0.4188034248548725	-0.16353068395412013	0.12051932266340573	-0.9738273190489032	1.6548197380626413	-0.7307421015756574	0.5572980382368916	-0.05177394542440018	-0.3082100084768402	-0.7136736564911528	-0.25096326965333327	-0.6362597058742779	0.3080677534565101	0.36283454222237793	0.25122870899760713	0.08359145843101252	-0.11471280542984559	0.6547770593549471	-0.7881402801009046	0.9906616253611817	0.11291591355870083	-0.0875566688327073	0.33886054899568396	-0.07846271890410578	-0.420391318400741	-1.175447939396136	0.37218363196195714	-0.8511759810497728	-0.878250421324204	0.39403116284878903	0.4966481535292575	0.4042511108776549	-0.455054897986356	-0.27214208576931986	-0.6882538248486764	-0.43839779636072	0.5172270358442895	0.10531783791469437	-0.2486530020061115	0.20644935861278269	-0.3578155556719777	1.0841141267235146	-0.16437508694160297	0.3966989901721107	-0.35034604397488045	-0.12841929124942478	-0.6057562195529393	0.5974256884193888
DTXSID5022934	33.17451704897641	-9.578948191140713	3.125699345365001	5.559191477915903	-4.323525724920553	1.2451232335276374	-0.4410967065861808	-0.7235037571069478	0.08389825355363548	0.030064058560272392	-0.1503311470232946	0.9772992448722866	-1.306143664977845	0.7357964132332865	-0.31562418878319326	-0.4258451318135314	0.9144455200939077	-0.21715113080719953	1.5623590803489271	-2.2233538042391365	0.13223079164348692	-0.47632671621875816	-1.5180785088610005	-0.02248309498234492	-0.38935696943977066	-1.9412465748793246	-3.3177353503543086	0.7951634261094437	0.37387587409354445	-1.1931265988771305	-2.2087605531825445	-1.2349019031083615	-0.7985703181455799	-0.8572730156314319	-0.6926779168848063	0.40179293597905724	-0.675982010221805	1.5000556086755785	0.5938788492410699	0.46607153966580345	-0.5049649577022783	-0.745436475265757	0.5412962370689113	0.39600480354828954	-0.17902933240210955	0.5301205545104061	-0.002490194534479025	-0.46749077602049344	0.19566593378066177	0.15031420672811252	0.11616818712552227	0.12219088803245665	0.2552321408895896	-0.45979698280092407	-0.6729655118259177	-0.5434898259148848	0.18237973059224746	-1.2337027829019258	0.617543492273329	0.8656920810192472	0.42549542039201926	-0.3204412443723858	0.3739178541029776	-1.7091434172192863	0.17084612893895196	0.49244972680009025	-0.17958663681649964	1.4321557477135012	-1.1675343083530172	-0.8067913213621707	-1.1186893533328799	-0.43167713909031424	-0.5280171540509092	-0.1450310822402195	1.8447967122660192	-0.8904805882972101	2.561771454635854	0.05309779747485089	0.799881226662117	-1.7647584324950314	0.9282688000523006	-3.267494038710039	-0.06873436392484253	-0.6970352168567749	-0.40485084138214855	0.649324747213767	-0.1856483674995187	-0.11852359894459558	0.6812889497611033	-0.44651793863758943	-1.9764418972132924	-2.022778212993866	-1.2411853344332777	-1.3322448380985947	-1.2662147730838063	-0.5012073178638699	-1.6813719045121567	-0.5407634038528439	-0.7489029985378576	-0.3682908283015407
DTXSID6040290	-0.8692036664460476	1.457481648498029	-2.012698303364188	0.6075605695465398	3.2891763772735123	0.20967820000639292	0.5521083284057202	5.5769578057827065	2.001892169930384	0.23785954357577804	-2.1556328535484286	-0.40116643575935435	1.6118150703209322	0.34516527104748695	1.8721251083000605	-0.5348511944282787	-0.18177074933912812	0.911880606643298	-0.8002267093450046	-0.6806637232378442	0.6226782581813662	-2.8807012051936423	0.5483702707548365	1.9658447149392755	-2.3217412030014204	2.909533508499568	-3.4020921543391025	0.22314028427461416	10.222810543726412	5.660942560644374	-0.7858298923014834	1.4434977995986789	1.9389785114421683	-0.05081258871258057	-2.2159210456460423	-2.1204096992961983	-3.3527362132915473	-0.2559213730376721	1.376998007551252	-0.3702500753677013	-0.7209100862353333	0.08252877480924815	0.6667918788975332	0.5981148750572871	-0.2729838081358996	0.07861553764894853	1.1979100754073824	1.4739097951183595	0.2635724118302123	0.863477595573324	-0.0823492964564105	0.7902273465720057	0.9356470616740419	-0.15183704145342156	0.9300884800397523	0.413833958186846	-0.21018108957236314	-0.9340633458935717	-0.20552725215206885	-1.1706837887237462	0.41965546175694884	-3.8270930957138543	-0.8229177653001585	-1.0988056612576136	0.3939426608896292	-1.2493757867208959	0.20174575961294608	0.016138099417239003	0.420251061355996	1.4153990561154601	-1.6163355257000518	-1.6530335597958996	-0.45320158796093124	3.892768167009263	-0.9001838399578949	0.30161055707868395	-3.109769039459239	-2.694576538183158	7.151265584299336	5.126498498889156	-0.3373618174801082	-4.089330472358586	-3.668914346728435	4.468420021521672	1.2608059154115607	-0.7145731821176643	0.391505075363929	-1.797890486514067	0.2566859603631446	-0.8352195941523534	0.07869123680507943	-0.6208974928092895	0.03974783288138931	-0.19811221363970707	-0.33553780912964193	0.06654271576114831	0.37077238952067115	0.1347309113781309	0.044045482438886834	0.37415228896667974
DTXSID3042219	-5.269930504190322	0.6749835202949104	1.8044970732206118	0.1185175214623105	-1.3327763842072413	-0.20014216882011926	-0.5112347211095885	-1.2241900685240246	1.5516839041965063	-0.45799126685364916	0.5802982402837717	-0.43913848099839503	-0.20309031130970606	-1.1904028757263632	-0.3004815048850438	-0.08174118123539241	0.5316847567141884	-0.0005588258047146019	-0.387114507392658	-0.2509869917759285	0.07561944343986148	-0.27823773408839775	0.26305263481985663	0.012061674287439874	0.031118560041316877	-0.46016189336943514	0.2099483228428099	-0.08486589333475862	-0.14472096374568597	0.11609612665608403	-0.0887079593633333	0.507944039416958	0.7156435628268731	0.06848165118628632	0.04715769084770028	-0.06619630947735575	-0.4613434191735326	0.11433489618712576	0.21451445944533024	-0.0690712580760812	-0.04742481376158313	0.26482752521850356	-0.3236678314479512	0.10937411167763939	-0.641317364456347	0.26018720941505746	0.31388476756956135	-0.2835317197332031	-0.10281580803350591	0.04184458010644463	0.026376800017811203	0.014638276046977221	0.0327019280361744	0.014746424056433926	0.05784260711516582	0.0927793970521599	0.081233393085	0.04690941964309567	-0.5304860207812917	-0.28475379320507616	0.31700145253118556	0.2911014144252903	0.09959872581305086	0.03877103333230374	0.09700437691387769	-0.16028929934082872	-0.0004082416561773049	0.5452734866340614	0.07958684254624025	-0.14336606869609594	-0.14413094328083656	0.32791663537369026	-0.20560310049142763	0.018260101726935027	-0.5765440494911545	0.1867166082788231	0.06861807545157439	0.42219383570676255	0.0335226747738059	0.2113558199276233	0.3889286710637359	0.008121344950692333	0.1389855542516597	0.3321631405605733	0.10852454585088916	-0.21087164859799665	-0.3478616031738673	0.45942532044995604	0.5560779404818436	0.06633541202116604	-0.181704638749251	-0.033282206372536836	0.062314720469798204	-0.11539173804144359	-0.26851282493969125	-0.1757223376798921	0.03884469262745901	-0.013330409211100566	-0.16761038938042988	0.07976113748761407
DTXSID4046652	22.173492526768428	-3.8543898119206346	-13.652913294450066	5.467676162716942	17.48108018093637	-11.401505122499653	1.1069701277248023	12.09975012075908	4.764444005390475	12.034072735477968	-6.165935325522493	-5.021177770347883	5.273781535675699	-0.7422467406945458	-2.3676669233124144	1.6508370906651646	0.8086678443712562	-2.3877325826319606	-0.30540173867734904	-0.9329229331077533	-0.36940190801363987	4.4513374614569505	2.6277785748533304	0.10483402337223174	-2.421244924661709	-3.0227401932110367	0.14005257508333996	-1.8181216245383442	0.4099658372838147	-1.2498225731110855	-2.441159301707684	-0.6148802481926712	-1.2438293510270217	5.910188314891353	1.7145807651831602	-3.7570599759678522	-2.762377239964363	-1.9159866427131829	2.1135146621946146	-2.7243633364731736	2.3716753771166004	-0.6508903877942913	-2.002670846317358	1.930221422009275	-1.5536942951080266	1.7739948733545718	-1.5836422282356972	2.057223047614154	0.6743231029890787	3.470116863446054	0.8512239446427036	2.5913312299915203	0.7353237693247756	1.7816717399627926	2.6168711601968857	0.7719854616323242	-0.16976818160791732	2.6596368862274216	1.013990266738842	-0.7558290528348979	-0.4765846050016405	2.731837479966228	-0.07755955638020584	-1.1759185713755833	-1.9751752410340069	0.6748465808253327	-2.262313245744544	-0.06113967284423785	0.2687810790263037	-0.06324824773729401	0.2472769622195408	0.7969303789981516	-0.4341310562894747	2.8332846008339163	0.46230060084942043	-0.8892069915769907	-2.9086569807432068	0.7814195945777485	1.0751332884963583	-3.5787732024440815	-0.5883406090242815	-0.4313144595695325	2.933256676251374	2.267332185252083	-3.9681349361834672	-1.5575134948957639	-2.425157503322704	0.03569355271610693	1.3226266204940154	-1.2263399965007327	0.5001694317665779	2.2818305592674726	4.07899891621945	-2.634929037301728	2.6432128176865266	0.13124460571974306	-2.2562279960257308	3.358512775783925	2.9015061027732134	-0.7573734758763572
DTXSID3020330	0.32792533078940694	4.487736477685203	-1.044166206022953	1.7113105618115543	-0.48298837466350186	-1.4421495084613054	-2.0950269483551263	-0.22411024219419365	0.8992686175958549	0.752192704026969	0.896482659933937	-0.86894234187539	-1.771373219772157	2.6838019757373144	-1.9031756349885403	-0.8843504882762431	0.5114147856310522	-0.30614039318579644	0.5287697007611736	-0.028868211793740068	0.17251165745230662	0.05903836004509959	0.7936201268040992	0.5261340763825011	-0.5925753727007936	0.29719396825318267	-0.3268579564563671	-0.153148898561723	-0.2988044787458189	0.21009021332150435	-0.5486365325869966	-0.5255411318639621	-0.743318019692004	-0.6247534177242287	-0.5379348251489668	0.24825817561656469	-0.07140361175121311	0.24187022947342188	-0.3463435837302465	0.29290091350610264	-0.2544321980687295	0.13111926342585625	0.19070339451494825	0.4159619592090958	0.13017390464295484	-0.47371416777747355	0.5751203783952871	-0.28196673799739735	-0.22431260484833618	0.12203033104503969	-0.10956385811096987	0.028648273335512855	0.2918601958169111	-0.45335553787680155	-0.8271626014431047	0.24405743555938406	-0.40912450103277975	-0.12417277074071678	-0.4246356541004782	-0.27722206596068993	-0.029148354854944044	-0.35661474564340606	0.7278088833197064	0.5366131507824956	0.17858899721497015	-0.6303290194393696	0.11400079240062681	-0.7348497826444437	-0.10186730734032584	0.05296357679715139	-0.16486742927818557	-0.0332026739335977	0.4051719180075064	-0.6270776375359894	-0.42462808001708263	-0.5120466316177016	-0.01776801362285611	-0.3353824517768135	0.3175119904869339	-0.2643995441588844	0.045319571100237745	0.19037998661430158	-0.2181036497893902	-0.3114355872481496	-0.16567104014175027	0.09079989003566648	-0.22485582926309855	-0.2829812925158092	0.25426939875387145	-0.08951611805746361	-0.3129048178981594	0.19843210033171715	0.3528946393013614	0.6247335773107728	0.5064117109519587	0.2752952613092614	0.48999594410591074	0.3331249566525589	0.007334704244278197	0.04891755725613752
DTXSID1027506	-3.5866655431704024	1.163900040744395	0.005927349736721305	-0.7508296208714414	-0.4395351627311496	3.0279082102208577	-0.9206250925227453	3.4651622482345887	-0.975143005158367	-0.3137573568028135	0.3798442090384565	0.9044359130073774	0.455217288776324	-0.5856905894783084	-1.260039703366316	-0.6780342839415257	-0.36436177096625555	-0.40135282469517497	-0.35417408763719366	-0.1500775445516876	1.0082005919549137	-0.21215253721949695	0.19378058891798627	0.3224142820681403	0.0974278845913771	-0.59697479330018	-0.45236355903458253	-0.7766791278728771	0.06009249823454556	-0.1842945634154092	1.0051509121668176	0.2922536550988944	0.17402970025425366	-0.691286513006337	0.4907314382310231	-0.1910209961470603	-0.36195792871640403	-0.06336186650761119	0.3025651155612977	0.1303241323468393	-0.41889743432332793	0.107628771369361	-0.1599649042758037	-0.06827357710962659	0.21403993406170416	0.18601451543301492	-0.29275099765644236	-0.017348552877324	-0.1118013916544382	0.07540647767718162	0.002156868608473376	-0.06335043173663993	-0.0529316323061597	-0.059365106275757355	-0.027938990291847134	-0.2956831964140953	0.15324052685084377	-0.2210961372117327	-0.16499551627658252	0.18170041526383995	0.1587138617534524	-0.08378000788312658	-0.26832962988635983	0.07221265337125447	0.27499333728770714	-0.11301117284456655	0.1882237744087402	0.21456728729007324	-0.13434898464226483	-0.337146589138715	0.4770662532846714	0.4183498078714865	-0.09156316912723113	0.2549429819834024	-0.07312682935619365	0.13374084224152263	0.3669311199776717	0.6649040029832022	0.03627862578587639	1.0326159510304243	-0.270452908785536	0.0014159110600041388	0.7120653603006829	-0.5291281009443703	-0.25744130030981455	-0.14172180778778193	-0.2948308039455753	-0.7546020342780949	-0.27522626407617967	0.9034389514330836	0.6644278365931897	0.5142818583217219	-0.35091484126181444	-0.2879956995473914	0.06555065195852358	0.14234428722616937	-0.415831820006125	-0.40671321152520135	0.07665185819528537	-0.048029342063143646
DTXSID8046038	1.3451331473273613	-0.04422961867002437	1.4194038061089231	4.852327940580966	0.5524896195039467	-0.07458098095430837	4.3880737960121445	-1.362294700306069	-0.8125827427938057	0.9533121317427354	1.1773718631039138	-1.9385008103140005	0.19955680503590897	-1.2344259609111965	-1.370742230331497	-0.03490608349311663	-1.2782793216922212	0.2950430541323263	2.9189972436633	-1.4412181199174896	1.2464925043381723	1.0268027257960344	1.4459157968836163	0.5547162750943775	0.5117842784019008	-0.2848954481406868	-0.46270364814868536	-1.4078029439653885	-0.43776263801490933	-0.23086170249452279	0.6507531759078218	-0.16725811098192994	0.22506369701052598	0.3835486401566701	-1.133112513265971	-0.9181751588997695	-0.24992995255827294	-1.4170277311467847	-1.2511688714428681	1.265409674651624	2.0345919603299354	-0.5292079237809734	1.080748230411171	1.7111432847422277	-1.0050045280859794	-1.5394369678293056	-0.5546939824489054	0.11504718909532279	0.6966986845659895	0.8680728299641521	0.1865952119872314	-1.454748016649551	0.27262919169174554	-0.5267210782883203	-0.20338987399444627	-0.3618958409875787	0.9179816137230465	-0.5644942411138374	0.7065288332698894	-1.7199309088983759	-0.6873728755955792	0.2841776651497116	0.3185423317433238	-0.9576629679982441	-0.3238868027778372	-1.0357950360018475	0.2084598328165274	-0.6060884523128485	0.11914819377160578	-0.19937544451596695	-0.6324843673940275	0.5935269801146938	-1.178429622551717	1.0862844593894239	0.6518914859140655	0.5290220465748567	-0.6601055871890088	-0.5425563039329947	-0.6527787712735648	-0.16286957642988778	-0.006839698015326084	0.6098034857618049	1.183178220577779	1.441579100251093	-0.3386835739398781	-0.36430015620527045	-0.08727615426154273	0.6078352098172726	0.17960670769636664	-1.4804951107382704	-0.2771864048285167	-0.25120715594803655	1.361719934415792	0.6659398546716246	0.45502351452731565	0.5968056462272958	-0.4765972181281636	-0.35727850985099185	0.13106083840612315	0.48152723595178415
DTXSID8051629	-4.479905016804869	-3.51090046208245	-1.3583175206921563	1.3003518504196332	4.713397225903252	-1.0151085114432516	-1.095135549060104	3.373635434292214	3.1784719679304922	-0.8458466075122144	-2.313887821937046	-1.0804550874560164	0.6732460853295167	-2.0211901013319373	-0.22477727253234192	0.08820111976710289	-0.7302906827675062	-0.5734747787303617	0.2649801084947991	1.3549303167111988	-1.022992158984563	0.679025709474266	-1.5159920196781163	-1.0731726640291954	0.6743211882654268	0.3493623016693473	0.3634424804483854	-0.7182856527065731	-0.42291797656489866	-0.008628915472040026	0.1729826715051472	0.19730572222950454	0.3903547637180589	-0.5605444584687063	0.22459219605938624	-0.06308659590527378	0.9248598516200841	-0.09186157092734627	0.46677434473193596	0.9627270046502633	0.20886587453522143	1.0430495612310882	-0.07557976734801217	0.85232809444525	0.002544826920523854	0.16611713351617702	-0.23590271807070698	-0.4813955184344503	0.05601670406581329	0.36359608091494844	0.2601123644552041	-0.28423277048242374	-0.2178483792332168	0.3327682532381871	-0.4581119627881816	0.08186918616624853	-0.05472741059977778	0.3802615483417811	-0.4042012769887393	0.40295615472336455	0.12296650629354139	1.0326786792725071	0.2136221886258199	0.3122628138559031	-0.16782701658621232	-0.04954378386751773	-0.401468087903967	0.21901059650522986	0.09944267217482611	0.25939058443829455	0.44125863380471314	0.5673601169906317	-0.8309759769817034	0.7849158724410541	0.8457029920189064	-1.2285528551618528	-1.3725260760587055	1.1242299085751288	-0.6203733793028666	-0.17665598057448323	0.6531216442952542	-1.9004592023665117	1.342252707771035	0.19264871125989128	-1.1888896886229157	-0.6704392803947905	0.21315881176283832	1.0007679253612345	-0.6617634974174887	-0.3665369051729646	0.12497597570064403	0.5611097252870104	-1.204454558700092	0.8479664117342743	0.7910477239411233	-1.1662971175835517	-0.4357289961716983	-0.6193114444342798	0.09243489342150693	0.2932365268990021
DTXSID7022093	-5.93474567287592	-1.1581400619809317	0.6690449982552363	1.0886871343030844	-0.9612692538833844	0.3014654136348297	0.5162948069602245	-1.6913299763845742	0.699901770519186	-1.0951364316971828	0.0174522946091342	-0.26055522982559925	-0.3905656879383325	-0.6770267218869416	-0.1921896075668476	-0.00044380566404459397	0.6641539229263339	-0.050458897860173664	-0.35725725382530665	0.12215548547254	-1.262391477242829	-0.9014690465831557	0.35608755537992853	-0.30931394165811227	1.3736244485553584	-1.4753899117977636	-1.0719489349170699	0.2889906920055828	0.43979293022205174	-0.36286613380048766	-0.32974979029229706	0.5249052698391914	-1.0984850962260393	3.5073352671008355	1.265153614793167	3.143920629410937	0.9164430794260259	-0.06278711695052457	2.907243406088661	0.500468767842269	-0.41485303901211873	1.042006383433375	3.0998150469910017	-1.00642750038696	2.035901204816152	0.603111960355241	-0.06875115154391023	0.01139548736491641	-0.8412177941133142	-0.9279165268477407	-0.4056171840989582	-1.5568267511243365	1.4417202805255835	-0.15058273441102707	0.09926578172869685	1.68792084367899	0.05523657286844776	-1.678112371831635	0.6736948691329124	-0.958763496162929	1.2132187106363834	-0.6297420792443843	-2.2217821465134686	-0.05966818589055513	-2.9777488635362426	-1.526611742448196	-1.1298546215552774	0.4764544979957195	-0.4052074799187796	-0.3938217785172621	1.133236358396699	0.8548261553923145	0.2783554221360792	0.5814645958431762	0.09236215848194092	0.30736028745146343	0.03899587837159718	-0.6392537062290593	-0.1800013035100473	0.3447143008101977	0.45861419475020265	0.04887747251292814	0.4065384743277541	-0.45896812230344364	0.11773369041294593	-0.2414550213713035	0.19271722649075151	-0.16503102343360276	0.0027741556844546357	0.6443398694463456	-0.4626100643834573	0.42843320655441164	-0.3108645670565753	-0.16935519300759	-0.1655272653898815	-0.5313120382908896	0.573028006031686	0.2221339955188461	0.32321833046793186	-0.02877305175041394
DTXSID5047118	-6.097920098100587	-1.4387965383783599	0.06112658277260137	1.2787604717368255	-0.7171736471516227	1.160415202167503	1.3014800912993976	-0.22330168695262134	-0.6118416566798406	-1.2699284517548	-0.19145169921869695	-0.06877111081925294	-0.37632129080790405	-0.21075493318211763	-0.043866369919341154	-0.49797422188754237	0.8468193145077858	-0.5811185257038485	-0.39720446467760484	-0.7578032539831862	-0.9678677496288942	-1.1477765529620767	2.2654844481557803	-0.7881854534034426	0.723265161849598	-0.4394841749659642	-1.3207489455739154	2.386517179862191	0.17017956760985878	-0.8944990409910155	0.4938573806617295	0.21254235725363418	-0.7286183591479103	3.462281938904833	0.8686295336980273	3.1952601074382376	1.3174401585389912	-0.9933742323168423	2.845797892938876	-1.0366707365891643	0.5526821533310521	4.620025770896256	3.004666313414505	-1.4100466875765738	-0.32620552279902326	-2.899728903939248	2.0581009742602396	0.976577101566927	-0.07585781581031278	0.4382582585696152	-0.15777064218751233	0.046677169273449476	0.45392121042610023	1.102230273260257	-0.2971891537762019	3.0466874542252693	-0.0691570870663853	-2.0988374093764635	0.18170191539286656	-1.048906569259428	1.561435725627995	-1.1901248575589685	-2.3229921368517443	-0.02510889836189673	-2.4706579054421285	-1.5078594951261657	-1.3227745946107365	0.5471458957430477	-0.35509053400364987	-0.6887050812430467	1.2978040909952413	0.38914598121840377	0.700617328637838	-0.2409830243815096	0.9403196781565638	0.7468002009041647	0.8732813322127938	-0.5723986243617539	0.46790246132024804	-0.9177608255545342	0.16230891345580473	-0.3442485780649586	0.09153378047848554	0.004877290572468791	-0.03951565355747712	-0.40811239712793124	0.6344416904532159	0.5551058640489602	-0.5608085274839811	0.3319725707786569	-0.5327800760090252	0.289749757301451	-0.6546446309859156	0.03716681864363508	-0.01529571722586868	-0.18537510708732885	-0.4433174998676931	0.11717254377032355	-0.24218426393840223	-0.3661038092769971
DTXSID6026084	1.9193653707935148	1.3467126548200603	0.16367540195661429	-2.084230627586048	0.2082981980572658	3.2443518094768264	-1.346911410071111	4.1431745661954045	-1.208365809144135	-2.4768909615681145	-0.21108336344614007	-0.3059037583586738	-2.129589874980659	-0.3644171298920021	-1.902736224056818	-1.1502389982412322	-0.9937331070894374	-3.525406480997539	1.0827088051377254	-0.044843041973128085	1.2810913962163042	1.2753653380434944	0.27029678201238844	-2.6087834419566107	1.4007206683967213	-2.5245296480868613	-3.9108492046667225	2.4370240645527486	-0.6533360961932844	-0.8940605492636978	-3.03375933666867	0.6136029043191815	2.014727394403535	-2.1680137056827298	-0.8682276529650808	-1.3820496946837277	-1.6999124351377748	-0.4387409049301553	1.163707430656359	-1.7382542419344147	0.961735635039659	-0.456466846838306	-0.4710764256174262	-0.7521444091937811	1.1259452543290376	1.588589734913192	0.5683807543423821	0.7352902123944794	-0.41721360094034243	-0.2853741387931522	-0.2574676188773634	-0.24132757611384179	0.650695285801839	0.5119054468789318	0.5536536245433992	-0.40858862676468427	0.9713491853315779	-1.3031715574452025	-0.22564262902666515	1.7728925711268726	-1.0282922550516407	-0.8887156749639255	-0.9563839867655088	-0.8730739848211848	-0.6801093488065545	1.6458796465567078	0.06574909824837319	1.3181730027868244	-2.6617755065462094	0.33158775442616856	-1.8581717397356834	0.4756578866345758	-1.4231604048525144	0.36390822257895566	1.649935124429533	1.063977681073534	-0.5827185402700168	0.2589899007525845	-1.7205350540176707	0.5201912763979464	-0.7268215988108642	-1.9443438576354886	-1.278281935386815	-0.8269260866925847	1.040441925622357	0.6661815492641142	-0.9368936068697943	0.14561605157272642	-0.5653454631079616	0.7965586364036121	0.04139997906359546	1.7117277301053606	0.5483789002193121	-1.0064298492950159	2.3600354297305954	0.3084793537372866	0.31057328234854625	0.46350471177723723	-0.3040012144594801	0.28386014717226526
DTXSID4047044	0.27551809644334824	-1.1942656284723825	4.672540231062846	-4.335187250357685	0.06533563576667555	-3.485608106693155	-0.1680065134119594	-0.08437929752766886	0.2559053230382827	-0.38350048344064264	0.012564301515831204	0.8204295373847048	0.8908162401863271	-0.31904521966781463	-2.4671037328259935	-0.7906963633611467	-0.17861994354027294	-1.109963379086663	0.55863698472594	0.4035884834964165	0.09574118403012694	0.5898301164602681	0.09463306807389278	-0.23153957935222438	-0.3185179303279151	0.377984570312651	0.20073723299500895	0.19709746570441578	0.3181673274558856	0.3734947041080656	0.5549770476610749	-0.8857866388361855	-0.38728643212532693	-0.5422931856033176	0.38811225099967855	0.29963926611303776	-0.23079236912827078	0.4053280129230378	0.13523743583185882	0.6829746968301981	-0.01775253964145113	0.14313243523320773	-0.19875844030401368	0.007616787969233241	-0.06787127101733983	-0.07093430180992377	0.3000707164178963	-0.2687232639114628	0.06913461854708833	-0.18436961161700663	0.11448108042906494	-0.0031073841413510133	0.004175423586202379	-0.016254524098120646	-0.11770639590693181	-0.04321349591508283	-0.22932815124720551	0.02143231192348717	0.18287691321284325	-0.21211282938656625	0.30476206540110035	-0.13217405232819848	-0.047086918696975844	0.07942151005535382	0.32320417174367616	0.06678959806559062	-0.10608855447844119	-0.06983909643620909	0.12748704470763278	0.41172382466947577	0.5060699884556749	0.1848121895163199	0.08469984084201226	0.07841718914996121	-0.40990689542187303	0.23482800215925612	-0.2147602454968332	0.5302255252478911	0.12701215590062265	-0.0863035608692652	0.4519810820226144	0.009515790987097608	0.12860080992483586	-0.0838701541707506	0.06255658847376958	0.004300075767297677	-0.05287120827292035	-0.5320062283379808	0.04813049038142108	0.18023523212537515	0.57179351080798	0.1407826254341474	-0.12783937033303616	-0.25734861404382803	-0.03355045898517354	0.04182421497401064	-0.017190804399676952	0.19045070713083034	0.09936789231964471	0.12694432975074563
DTXSID5039721	16.87614251261937	-2.1445989413182573	2.3545207285464786	-11.388480286104587	-5.2769722476841885	-10.420201840215654	0.26030323579269055	4.151002825811592	-2.945435866463989	-0.1475074561775235	-1.930702538332059	4.584414213378369	-0.7769578337210535	7.086327674749116	-0.5831586254800577	0.004836506271962164	-1.390635933930464	1.1756172016094795	2.351353735949657	-0.9293010003170783	1.4277437592216817	-0.5248046137972826	-4.573821222588542	2.1177322120920934	-2.0165687292398355	2.667383024912998	1.4033991007330693	1.542008438294362	0.5436170795408757	-1.1404851180282904	3.013160450475006	2.6722942030384877	-1.7935179845631049	0.7800849509232529	0.1169079222729775	2.3282912482595353	0.33359011498507757	2.764960253438866	0.7979752953731963	1.1949477220693276	-2.030801170866289	-1.0615598078953254	1.581356383790374	1.1953233421071634	-1.00750056721461	-0.5368316522377969	0.31694449121082946	-0.1539768113048213	0.44509459846505073	1.190332023537522	0.01746813973453901	0.759456979724454	0.37850556383051215	-1.101276008546832	-0.08822899459112989	0.9862634840378306	-1.6126983754357553	-0.7602828983365121	0.22952680453127594	-0.3506493390844544	1.1551116572404776	0.620393615671259	1.9255903020277305	0.7636674702710057	-0.5487418344858409	-3.403651886813848	2.633923455626808	-1.5956081948029053	0.966546535148324	2.792572217705416	-2.290355882765017	0.6504776556176847	-3.1820345418650837	0.24063022973025874	3.555950800222977	4.079745759811194	-0.044035980141298434	4.40916007853313	-3.0303474655304807	0.6490620781821443	1.3595343218579148	1.0607899982158693	-2.0237287680025076	3.827847555087199	1.9489321500086974	-0.5666759057505656	-3.611649845739958	1.3337986695790676	1.0777209738422555	-0.22129893031147954	-2.747229526925259	-0.5804563160772724	-1.4776798148212607	-0.5118172701131267	-0.12168225791624507	0.05677802525079997	-0.48385540916281694	-0.10632199558451716	1.2080055213651526	-1.729470138442779
DTXSID4029145	-3.604153240906601	-3.62584623215263	-0.5912800367626129	-1.4083678444445271	1.5333752001402448	-1.5989614042918847	-2.5089919184146803	0.4684127192890908	-0.44067357967682813	-2.6258303689031472	-0.6301980509874661	0.3868126153897136	-1.8489369916202898	2.6070798639761428	-1.0794598333981194	0.013755042200518814	-1.049916880714306	-1.1859361364999388	1.368693275229686	0.14239271244888557	0.4660419441283446	0.40203968403327967	-1.8818945057231398	-0.6413138636446328	0.31974796479192175	-1.151397333695324	-0.33284380852752843	1.6884855149241806	-0.44065222182278596	0.5065093211380297	-0.5100155437129966	-0.051069415084288944	1.9084019645269417	0.6830682527779199	0.4377657678336907	-0.10435976899075225	-0.6730765190955023	-1.317855842797116	1.1025315623037275	0.12471029675327712	-0.7894662009947299	0.42965298135794244	-0.2845461843874152	0.9017560109554934	-1.0152566136614736	-0.4384479828414451	-0.11677378807118412	-1.1211939086479683	-0.26635633104839834	-0.9568223395005746	0.18674341152726076	-0.27640335356935203	-0.627895536975503	0.051851491154001096	0.9762711467460408	-1.2259956910698664	-0.3311389017574967	0.2669541005408833	0.7375286001543958	-0.7853868775106044	0.19557372822524807	1.1599170393385216	-0.2609122959728526	-1.0714664187898182	-0.0643076622689481	0.11726270906213708	0.6124156575165665	-0.2638462236429501	2.183407704111297	-0.954605623144452	-0.6574921066183241	0.08071479084375249	0.5702992437357606	-0.16668837937249087	-1.6901511527171649	-1.1905539821606437	-0.16138530329060194	-1.0770491669113966	-0.17786549184374947	0.28442941039065966	-0.14202271259807764	0.08947483995476692	0.5943436568902276	0.14779225711432745	0.14816681157569694	0.12351048511199185	0.04222902130707147	-0.08322588807816604	-0.4731924068449167	0.7711421240205293	1.0015998937600263	0.681169505607167	0.2922479097956666	-0.5607198586668689	0.38911431224611637	-0.47991222431384034	0.6074495122507177	0.2059953187952237	-0.26590346059198716	0.43003030019412775
DTXSID6041056	-1.617884136400125	-4.12473592587483	-3.4495905929967017	1.2726698042062787	1.594764650445844	-2.3887773854529977	-0.6253876780065667	0.4072471239312119	-3.0768364678813653	5.609932397841868	2.4221045220264013	-0.9264619328436783	3.3997808190065815	0.9406672506688396	0.22469218806940824	2.6915465403372973	3.1309155103256314	-1.7784785359845898	1.818118364398861	1.5091130759703943	1.981078043972638	0.28189142811904216	1.91438344737976	-0.6747043365549492	0.5859499453129314	-1.4823508701077928	1.2266926774867455	-0.15475343627513255	0.9857570076112723	-0.7385620483346707	-1.204920258584762	0.5878010929601769	0.291656932045229	1.5276404499270209	-0.28110480776238383	-1.2709302793607404	1.0967494905245703	0.7693447822352509	0.6827127966114862	0.6029628856607144	-0.7992432363176334	0.6624844274212596	-0.35257497468628274	0.9357555096098423	-1.1934085498433025	1.0616814163719017	0.9685304043684874	-0.042965493639563763	-0.46492463222581365	0.6539162992218139	0.021319208891247728	1.0816405870909076	0.17786107005894208	-0.16499896683105825	0.6222345729054103	-0.20501129086627937	-0.19509751372862733	-0.2358662838003647	-0.10071109163203104	-0.6367246107822292	0.8077141272875394	0.5641177536079	1.0573731873543621	-0.2576203332459576	-0.12255304041012582	0.8084997541247205	-0.4898929483369694	-1.7424499782970924	-1.0544211909728678	-0.7590287221111748	0.6788865563456647	-0.28768640735067547	0.05195652414980028	-0.16760812408490858	-0.03500775824481849	-0.07387640498598647	-0.9253839730855397	0.9010017651703824	-0.22044918743022188	-0.46534921491617415	0.00812188928602102	-0.06294088232293041	0.027376465811794752	0.5891937843091001	-0.14139189607226063	-0.8187842885988692	-1.3366365780922878	-0.36719058377875924	0.08753547814822664	-0.059240620323347884	-0.5257512570570065	1.5173237964757909	0.20334631691176644	0.13411566538665906	0.9532343133482011	-0.060279351953953175	-0.030979508965106786	-0.2897429689687045	0.4065114820539199	-0.056396724947449454
DTXSID5049029	11.203204432519662	0.6477929938688515	-0.7646110198600222	0.8594251417253621	3.9699462042094282	-1.4741401257279996	-1.2667692325926039	-0.005965898625988291	-0.5666366801541923	-0.316792003880778	-1.7369836214999228	-0.2339242273504506	-0.3516542905664655	1.1855870330050216	-1.828893496696563	1.3382772980039976	1.6008830624285153	1.4559097758318638	-2.8451653530357848	-0.2350486637118204	0.9820220252478867	-1.0072135977852263	0.0455329431544056	1.4172991518547988	-0.8001361416869288	1.91051021791825	2.8173327944227844	-0.7600756445795365	-0.15957043613950167	0.3776711569243067	-0.5959368887138025	-0.5530691695287497	-1.1192671474795142	-0.769185109595017	1.5686738235453457	-0.4084881897134103	1.0037579701543173	-0.9311280766057273	0.13394081194588398	-0.12619280564889462	1.3020182805426317	1.8464658069741233	0.09250370232686883	0.9474913420840442	-0.09737906346978434	-0.5876429991766527	-1.1428116356999811	0.13471383777938647	-0.41565938724900203	0.7905069701126615	0.31571418157848324	-0.24003028171959095	0.5207131949294577	0.6459869923251165	-1.3239165098634422	0.0006432190083240458	1.2302881768299418	-0.1894479769686404	0.03944625903080861	0.1757441284295162	-1.672086105135923	-0.2967408792838448	0.3688073320075079	-0.0970451037989396	-0.7521394434363762	0.1846191704755726	0.5969441920491386	-0.3193789487036838	-1.0767486730856874	-0.18904251690930357	-0.9479461487529128	0.9546085606136887	-1.0111511286336077	0.7372913897287996	1.6159698287091988	-0.8956268355866179	-1.7039909874916395	-0.5192679833708427	-0.031663332373217015	-1.2689694776381901	0.028745667152941433	0.4379704352239217	0.25565619749063473	0.6364593516005996	-0.87617783431238	-0.729841828735859	-1.0832391236771792	-0.3793892249399662	-1.0465315617774997	-0.7723457522221322	-0.6713579389413153	1.1943603024895926	0.4363539526045158	-0.7512590462515853	0.10667993851536035	-1.2787808510674539	1.1190630021127694	0.5763786796509431	-0.696273825268633	-0.5514363552169265
DTXSID6048913	4.916984735146919	4.7035739178520215	2.2536849134242223	-0.432592672234942	-0.865193782050254	-1.6889074541249556	-0.7651424734809	1.2699677589145904	0.4440462886091891	-1.1262414792723248	0.9929526280464062	0.29531085941692353	-1.453067231716782	0.7565092089115122	0.4423951005877899	1.350087726392019	-0.6811802068536073	-0.08279638592854299	-0.4399054146455459	-1.6009031471778152	-0.8224024109135363	-0.4478170876008306	1.3103534147874314	-0.37139699792457037	0.21574021699329932	0.4782545324769879	-0.2726133748012895	0.12098790806205752	-0.26181478439040556	-0.6977785155296249	-1.460255888024855	0.07811762876845135	-0.054164497573812816	0.054502778226700195	0.2514611109952423	-0.5594778679935982	-0.229749242003083	-0.3820107107331799	-0.439468541629083	0.09320117585244471	0.24313842619483364	0.26762057109928966	-0.22294373084737934	0.44110099376107864	-1.1019093025278819	-0.2257752657374944	0.06023016740470574	-0.3127203011394897	-0.2204695079802352	-0.08727927002317062	0.03332241599985218	0.073757292260519	0.5608705044592991	-0.29941914089315025	-0.06459466043910511	-0.3997989454629836	0.20944118425152833	0.6239898615730058	-0.42781733324653726	-0.6659187256331448	0.21387762536175142	0.5613457570325211	-0.5363153646326972	0.7582127702322615	0.35693041313452073	-0.44017964072973714	0.13282680981696796	0.09445623600880564	0.18593618642474216	-0.049178475285961525	-0.6610576237457534	-0.32420025461794444	0.8433344328211588	-0.27851108465063007	-1.3674141038288976	1.482802327371012	-0.00826513447621074	1.170270499045897	0.7077979716673319	-0.3149474340669927	0.7269715386654472	-0.8236653825395185	0.5292441460197826	-0.24208221118587359	-0.6500715975441409	-0.6538144545902829	-0.7603509345127036	-0.01792794896072789	-0.4900509713243808	-0.4673882410665638	-0.4319343408449634	0.4548176858307368	0.4900846921219903	-0.43235804347401796	-0.09480818160563771	-0.9548043716299062	0.7147460050849502	0.49153990379754137	-0.6558346069154716	-0.4575949307626861
DTXSID2020505	-6.017470350339776	-3.816125226063148	-0.3226194043742181	-0.020851312182373582	-1.4422582067047596	-1.1608429832065397	-0.017550904562252407	0.3322376149144713	0.31864799816014694	0.058339832745419026	-0.03161177769822983	0.12667988794621962	-0.2295804433281301	1.0884902749640237	2.018891476219478	1.4386609155457701	-1.5894463486740358	0.8766221893348215	-1.0309182435240076	-0.7850582618601644	-0.3264544396265698	-0.5068476264867444	-0.119461082508273	-0.06821463542158329	-1.1530290472642644	0.09915126349088	0.15480914828347864	0.7021778464047059	-0.21198456711728572	-1.0647511257534774	-0.46001027372545955	0.002099844433523641	0.4124886307626143	0.012361863459891409	-0.11968990756285228	-1.1017404004879652	-1.2783278301705763	0.09800440812374957	-0.4055870218773411	1.472041196593887	-0.02787062244620626	0.5732155194395876	0.4868320517288861	-0.7346435316793558	0.34812876106670493	0.3363568645636224	-0.0424497665978825	0.10348387869236113	0.26405662014122155	-0.2689135233012809	-0.07712039247777085	-0.3815353583818458	0.3946046838120699	0.009223652909727088	0.008464585735208514	0.24979295274514077	0.22721345235136262	1.1531090786846634	-0.30283906327350696	-0.12352317375178809	0.4404498361094931	-1.1602166733152084	-0.48198145583323876	0.1295263011288842	0.3839701792554345	0.7301259383638975	-0.08431019141889252	-1.3438713459535185	-0.2260689714814785	-0.10834571569084891	1.705401321109376	1.037280235249473	-1.0958757443024298	-0.8549919970319713	0.5431706051823305	-0.7085031070663362	-0.136485422245335	-0.4729079302278211	-0.4472035706418216	0.2581064230914096	0.6493340924533342	0.6426391436493462	-0.39447726221283247	-0.08380604904037928	0.5219111053723651	0.4352579006326185	0.31627996337695585	-0.8919501375510674	-0.2218543102771399	-0.05358790000609141	0.037145983434115244	-0.09518635178558148	-0.22630155320797746	-0.21375487776819138	0.2973653131304229	-0.041288571321069376	-0.22837470437556565	-0.04759583347018076	-0.33204059128492597	-0.062310250562923455
DTXSID5045201	-0.30940362357532936	0.04071632890701836	-1.0900992102839204	1.537590419714704	-1.6809660189196491	0.4296190756074371	3.8004142561855967	2.1534513594031344	-0.25955430248752975	0.8782932220483767	0.06396705685478095	-0.46346229595893296	-0.3259329581464703	0.7553865988544263	1.8345416220358597	-1.8597381264610175	-1.7516782761459833	-0.8767943501611581	-0.6192824781913044	2.4142453740076153	-0.29201591847594693	-0.5865069875454166	2.3161358647277095	0.31258470620673573	0.6120775067441205	-0.4689648579703287	-1.558449912640849	-1.0197074125123977	0.8252445786243469	-0.5342727984069776	0.6089937037892693	-1.0494527998522163	-0.9931917264419902	-0.9795078433120992	0.6209759185113111	0.33320428941089375	1.2328952157507658	-0.27293929930653277	-1.1991347288909873	-0.29882792215662285	0.930478096076774	-0.46485859482398023	0.6369877629106534	0.9555546408405652	-0.1921125816718737	-0.20725943171645234	0.23275980675709368	0.13133336675488747	0.6085943045093972	0.19293955139431188	0.17767279527104685	0.21462452977815008	-0.07409359834498795	-0.11714644099321593	0.07971484652893385	-1.8451498464549525	0.47182071339934023	-0.42199785385244726	0.16846012564737525	0.5129167807542416	-0.7731781622817608	0.5636038045492769	-0.7734261477891532	0.15199397000782708	-0.8791877241457909	0.0563003795556627	1.3452590682172358	0.6823456925627891	0.45684486163440374	-0.8841085142065109	1.5785989309577977	0.5283013914161546	0.21284481923257959	-1.9011785548833988	-0.9135440205951687	0.6985006103588229	1.1300506194398283	-1.1993750832553298	-1.2702868715143498	-0.341907360969151	0.43550733205545733	-0.7947982363659417	-1.297290384703309	1.307245405421788	0.5419008554712655	-2.958729179766543	0.05966227826490925	-0.789160074246512	-0.11705448884442168	-0.7625894138622626	0.435008598548045	0.018369924050831224	0.5187312919859574	1.2493334717037048	0.37819613181118694	0.35640140632685896	0.3346532248920753	0.9418898940560023	0.42492735412498756	-0.5082158862604415
DTXSID4047200	-1.1246957825368855	-1.402464733327404	5.125397246761774	0.6190446700849	1.2133264064070006	0.04134352337045359	0.013406300310079167	-0.7593053863719272	-0.026025551473762433	0.22698509696517008	-0.17722386722703326	-0.43807171214836277	0.13944265405407058	0.6950201400129036	-0.784044856875826	0.021180030226154337	-0.07518630842476684	0.31913062121611135	-1.2441086508272452	0.18588871883172634	0.31293726076009487	-0.6034093929757572	1.265506948818775	-0.21789636122293257	0.16769774719731537	0.12096264440479022	0.646661255290839	-1.1275624338934342	-0.22076587548793264	0.8204060938329037	0.8388832413869852	0.5171252496408704	0.9783594923382714	0.17792942158493683	-0.5804869878863244	0.5703950601050891	0.39018574165410697	-0.19444852179612063	-0.4918965511250133	-0.39672779731111224	0.7064794278598652	-0.27539067890884145	-0.5452375972797455	-1.1954788829808178	-0.0891687339258046	0.021959455584072786	-0.4546998000191567	0.5708258733713973	-0.18326029500554103	0.04011679991983064	-0.1773648795230148	0.02492179029825836	-0.08447491370604027	0.24128631019040184	0.33984093981383057	0.1338715580282003	0.9408370088514171	0.26791024371227173	-0.22312988805937173	0.2276369392021948	-0.2674056707826645	-0.13009795631639906	-0.22017785243849236	-0.2329829949919296	-0.5599523844838343	-0.020403908981646884	0.7151036291437879	-0.5474584682736369	-0.32468442280791043	-0.2780215028721485	-0.4337545242470593	-0.24008056352498078	-0.1581297336001711	0.05448052682265952	0.38735325463131726	-0.10518186998674424	0.0068466411322518515	0.045270680056887336	0.402436075575961	-1.001752587461293	-0.8681269976169502	0.11697482930388413	-0.4004074639779706	0.22140246013822545	0.3087687675037325	-0.10481737501760113	-0.4725459804753556	-0.6444684102903434	0.13340892605656504	0.13657226764345595	0.11896415225883462	0.2186178090582125	-0.2929960113507451	0.6541872478185118	-0.006851134781257854	0.4025583674273092	0.05323897547812114	-0.385726032661014	0.0632212761041738	0.5437600000977211
DTXSID8024157	3.327881866953044	1.338002690434201	-0.532724581150159	-0.6757890207437494	3.3657599070594815	-0.9799745813225754	-0.3297090438324548	-1.8552037037992524	-0.13280386502975386	1.8293611958624416	0.8509646180877314	9.892293975092953	-0.6935066422153029	-0.8827322218508677	1.3546643010725878	-0.26513214192580237	-2.1056915845672166	1.000103538138452	-0.009025653043078624	-0.9365497047085312	-0.509914336957783	0.1480273292166171	-0.3792589356023662	-0.7077300080580791	0.8830407969000267	0.006960625845946782	0.17999835578378576	-1.3150085777209461	0.3643721205478885	0.1606483360941514	-0.7303523723202836	-0.4265934049040842	-0.40554341898719887	0.15307497831398073	-0.22388512622379644	1.028560964555853	0.5804383402357751	0.1828843760272051	-0.8594448980119147	0.12067556640202041	0.0960223705309573	-0.30937597059320554	-0.10088220536843169	-0.8107418943972494	0.4591734089159306	-0.01894990008865181	-0.027371778528537866	-0.07353411373915673	0.20085037973148026	-0.28877217348786166	-0.10495825263012298	-0.15339916623545172	0.12646464455551537	-0.35041434130163945	-0.07775636947825824	0.11694372393720759	-0.6061974131390104	0.15441797886109598	0.381160531104681	0.5792673589265561	-0.4394030127628862	-0.31482146352554186	0.23271420617633914	0.28358628892099363	-0.019445729203475617	-0.032614581244198616	-0.27616869805785155	-0.07823298557655978	0.7117245780717131	1.1962507126112545	0.20610385188353283	-0.2653146482803443	1.0113006062355256	-0.08471311636638845	0.43771870352499936	0.16202711423633803	0.4100206559357648	1.0504931947859832	0.932977343742986	0.8217610216671474	0.8429705228028683	-0.04504717005639728	-0.6703843203904436	-2.1577095003150593	0.8021440341009566	-0.8930658948911013	-1.4229074543777638	0.8107378948708395	-2.9709170890809387	-2.1580872147658208	0.6913724066416228	-0.5655812044913042	0.4554918502045681	-0.708552482006142	0.19998418340086097	1.9855721093323386	-0.2725128650894943	-0.274744788466847	0.5505195933792927	1.19085813903657
DTXSID6022000	-7.0347538593693475	-4.541601266290717	-1.110961298738609	0.4421014436124047	-1.1819602878666668	-0.4056676107400361	-0.6838261731784385	-0.49562538602634015	-0.2554120544943473	1.8565184271482376	-0.32070619394193306	-0.490967860536683	-0.21965491964369252	0.6274832807207406	-0.22988159113027928	-0.0849912026887935	-0.16188431113594118	0.20042548210546085	-0.10254764962824293	-0.18772619706851318	0.06968129386678493	-0.1592663873811668	0.018362789935310726	-0.008511941888973277	-0.7964117337998966	0.046322195054747516	-0.07762900415404052	0.1819217427053567	0.049642891669950964	-0.36100331836169913	0.5593528726600409	0.2896052142786762	-0.17563433279184726	-0.2197500052543482	-0.027716394442144347	-0.3700319743047119	0.00983066124041327	0.29787104217535193	0.32191142239156184	0.1581883651463925	-0.142319486874425	-0.05956199279285639	-0.03165889776024498	0.2781466129356753	-0.42179153468041186	0.22524732439916745	0.179683185007512	-0.10043206252070386	0.026819182481814273	0.16811281928711347	0.06098560127811426	0.0683351649048542	-0.07221594270414318	0.009461952565812864	-0.08414717548071037	-0.0397519140658969	0.09996673479188507	-0.09095665117271708	-0.3037912683905274	-0.026777041580181807	0.22780386955576365	0.011282394422859344	0.22693394550606616	0.060874628928075956	-0.2817413796290153	0.16532187504551532	0.37918436031048963	-0.2884676967181347	-0.5946264242090665	0.11872948027352209	0.09287825802044944	0.02421864388419845	-0.15696669488365536	-0.2045051670678065	0.09764222520824688	0.21373508983637637	-0.3721879936452627	-0.00667919817724432	0.010272041657343167	-0.09851323917966122	0.18369475245157704	0.17229796997833907	0.19994713513368928	0.16606526055664136	-0.29712570981277514	-0.31210671734035944	-0.19041529852175115	-0.2868353577897549	-0.16654792725653134	-0.4136184678875369	-0.37640674690679765	0.58447420784782	0.6618053643685694	-0.1405846812900371	0.5770583543214011	-0.22844015631859582	-0.4151145865984492	-0.1560633132018255	0.007662807664976405	-0.2941211719611104
DTXSID0044365	-4.91006349949409	-3.019743160280858	-1.273047233441769	0.8543498698270293	3.467555148538159	-1.4939663853610885	-0.7800096415381396	2.272414113528438	3.3060739663906538	2.7977833583017895	-2.5258881020362463	-2.132377085211902	1.5568700797256954	-0.922944932742361	-0.3311612711635507	-0.8641818827733563	0.4626497400389467	0.3449504618981442	0.40859516659097134	-0.9113204373687651	-1.4806713684986443	-1.115920822442894	0.16776995615831133	0.7170161973038598	-1.8091355101337268	-1.1143835072635837	-1.2197288019069432	-0.37777965574134187	-0.1157750665364159	-0.10972463152345321	-0.12368462010836503	-0.3352317861327994	-2.1049698738618776	2.855456094963738	0.05447508826184056	-1.3265009015249187	-2.3584753235534803	-0.7068799315152813	1.1041141705810218	-1.4377426603643948	0.9259534876475615	-2.6970704697671506	-1.6836344543259196	-0.16184963146260578	-1.1426265414556467	-0.017913245447772633	-0.5112772734698149	1.765587313938935	0.6627652146018527	1.256723347374644	0.4822940471699405	1.405538346620926	0.7139756779761138	0.5986577652088416	2.075777154747118	-0.09643826670330216	-0.12156333513891567	0.46563502761261033	2.314823806022749	-0.5489167177264621	-0.28890197497093956	-0.28403058129748576	0.6199249214818014	0.10982606456440638	-1.5780329304328107	0.6130709794311099	-0.45094722055123226	-0.7388071951764408	-0.3742306940477412	1.0749606369715357	0.14358028860183886	-0.06214946993954201	0.7283104193431732	0.06431182063061537	-0.054606453282300786	0.8642275938620118	0.864708357594177	-0.7457905418748458	0.24655120739965725	-1.3580851610986073	0.37217172470891047	0.303747250919772	-0.5540297448060729	-0.7900663691351476	1.3903744528492505	0.08028379723087005	-0.5483402317803826	-1.0305432355175097	0.08795963218086701	0.4144619370842573	0.08903687163336461	-0.5283250981573174	0.10341899746455056	-1.3801793478530042	-0.248321713910387	-0.09502807483136563	0.16304784699054645	-0.13905484567079038	-0.4631396071635917	0.6868329382808495
DTXSID3026724	0.4311325565157218	-1.6475624354671816	1.7166879824311283	-3.0439838736193336	1.2634136347355014	-2.6965208174238224	-1.5247124068874396	0.6362539417687155	-0.3443118848197173	-1.8466580183101236	-0.4314218908045248	0.15101184166047749	-1.1032061938586384	2.0730405160364658	-1.3544168823226657	-0.18582191089569117	-0.15579296546700142	-0.9289934575978306	0.6548448399292707	-0.41886662812570363	0.16278261928119553	0.6028596714267769	-0.44182407788340466	-0.7319589314385825	0.8989009113209955	0.14359568296782788	-1.2787631649737803	0.5257603342997774	0.16049974287503815	-0.7729000218423691	-1.1211432947418691	0.03454601249025439	-0.7138055469969865	-0.6948344377449758	0.3096839853055507	-0.20616443311733051	0.2796312957535029	0.17867390019663765	0.29262784402508946	0.2657992094053654	-0.1505465907654957	-0.7233031417899345	0.42678133657543155	-0.04620861771343788	0.2236531359527034	-0.2135143077728544	-0.24548395124379255	0.5390127612036183	0.1842107152238792	0.417630274110268	-0.015309410344677673	0.14930313076028354	0.47127198768988027	-0.5022003556216567	0.3307402207016172	-0.37127826468708375	-0.3278115722026967	-0.29905663776824354	0.8020285222690144	0.02361800627783125	-0.25460096691313017	0.010813872446234567	0.20083802302414652	0.6734975493727469	0.12508015349435211	-0.7148493253078805	1.3136159109336167	-0.7189923480101419	0.16422181523025223	0.1748776513626561	0.9013746771781204	-0.0637062741504351	0.11665205134996194	0.27439919180287253	-1.551877752745635	0.1773907501134769	-0.19960018239734617	-0.9573881476204841	-0.29284346654453214	0.35200800730551174	-0.5377650398611437	-0.06617309825371555	0.5217309826264421	-0.34759638912225466	-0.4711184872610928	-0.10940232211396189	0.4246655464989953	0.14282395490609967	0.20418566404528082	0.052086593289255634	-0.31766545590505574	0.6009454802654142	-0.37741975616376366	0.1590396536930895	-0.380541970420415	0.5560679034546961	-0.8960479119312429	-0.061921046426845615	-0.3330882641654676	-0.005705657268287105
DTXSID3023716	-0.04651078590005532	2.8889029424541692	0.23456300084908882	2.858307711373135	-0.6337262882565873	0.264926479395594	2.1573041498552694	-2.3462570962223435	0.08037323873621172	-1.5582266874531647	0.48529463603711986	-0.4467962132772469	-0.915487684203418	-0.8790987826112808	0.12507347472863667	-0.46427280850120656	0.20465630645171817	-0.24133843007408257	-0.2214191208436679	-0.39276123016695164	-1.7865672539573307	-1.1854081035717512	0.9366619216751177	-0.594305182634002	1.745206223777723	-1.2390321811293659	-1.9190753242500818	0.8558480329260922	0.39588418850962576	-0.7715442442204615	-0.26557034858836254	0.6771105725063928	-1.1236396288254407	3.7152914466142346	1.3187367510965091	2.8645126158320333	1.7786822502973885	1.422210106269301	4.04726552127992	0.6438347475296478	-0.9259359519256462	0.9126395940039664	3.0755480196373273	-0.6391762715022629	1.9015851015135596	1.4105855652540114	0.12549347721640425	0.30871595439989524	-0.3600847292111494	-0.8021969767261216	0.05323934792256018	-1.0743186727142868	1.4371430515513866	-0.021472923924373	0.45503267648718604	1.0705090438503129	0.2367108491452338	-1.9244663487032152	1.2120476913787548	-1.3969290946788826	1.782743935681023	-0.11507505581137789	-2.8592825839975964	-1.0433764768833707	-3.0462132439535807	-2.299061275870365	-0.5016829121317649	0.45959687506558683	-0.4914460928215268	1.1400115434859355	1.5542778192090219	0.6408381299706593	-0.13561202585541315	0.5480331418386668	1.1654939704790261	-0.10402246889009416	-0.21920392079882212	-1.2952593366297287	0.7613188526301191	0.023196081159127604	-0.37371909293525607	1.1599155863353843	0.566487887746645	-1.5087471435566313	-0.7390058787025868	-1.0517941120375085	0.43021924238654496	-0.6767355536491858	0.04708777921506017	0.8895385296003209	0.48199043914578077	1.1474994591396153	-0.6246791639444198	0.8394431449282127	-0.4225470238419169	0.13514002191369406	0.29574983190767945	-0.007847640756752892	0.7961261496972226	-0.16756226588808282
DTXSID7047437	-1.5938411620885016	-3.181351350224943	2.965830638912794	-0.4605017870381679	0.35285027141042097	-1.2897116377225304	0.016243741990043057	0.03554694645238767	0.5006882828755321	-1.9751409620254299	-0.6371131922025399	0.4908304797517765	-0.5382959217251312	0.466036486025714	-0.7249715856136503	-1.6992992109944256	0.9565068439819702	-1.8125708531995968	1.6502903216381242	0.12065118612288654	0.562981727680231	0.7780253352082822	1.4445782682734958	-0.6388789788886077	0.14878012175552977	0.0625300448025997	-0.5312113120879879	0.7586515497200826	0.050214405254092966	-0.5597249665353555	-0.84429971856669	-0.21248604689751818	0.18741743703736946	-1.285807474723573	-0.36430478772404407	-0.553777101150739	-0.8862768798312561	0.7762801936557454	0.2376152182056926	-0.09795544918255385	0.4302949521424385	0.177525904304387	-0.5939145130784027	-0.5267600780680683	0.41920760758528525	0.6634884714183658	0.7994518504973913	-0.5213534716288076	-0.3148105903660045	-0.40349666724561595	0.050281319714186624	-0.09517723560681399	0.1723367777424502	0.048466299815326644	-0.33175667742448844	-0.5193228668593267	0.3529369989160807	-0.528421509766734	-0.08486413477024492	0.650024799950653	0.5165459121830428	-0.470380725661745	-0.4253337232778603	-1.018934686045714	-0.2037993619445665	1.2512209113107255	-0.6730484619347821	0.13900364061099263	-0.41741499047637726	0.4260203820836148	-0.581578798508703	-0.04404105044446824	-0.04664844856811271	-0.07274171562251945	1.1383949326806628	0.44122585812024795	0.28096573189724483	0.5298304715621387	-0.17579994438846358	-0.05664824610367144	-0.18189864857968271	0.0932773420772795	-0.4785818158794703	0.5093149493467479	0.2850954654794689	-0.021786702626018454	-0.17606311789877224	0.5990330470377554	0.03356069193463893	-0.4617641387736985	-0.16548535634069444	-0.2090785016184944	0.2332805285745258	-0.06170062102034089	-0.15642376186338605	-0.16744948172983667	0.32850789447207185	0.09835445833611099	0.06333701437819268	-0.3660253430961548
DTXSID3025469	-6.073505381237508	-3.605937730733039	1.324986370280499	-0.10584618321854128	-1.0805974335272601	-0.17880769153175588	-0.3055196067227793	-0.5815797570776505	0.2669290900181922	0.5828603465487787	-0.3027985987486639	-0.02983871234532852	0.411388361856504	0.04580887301416676	0.2679780871280029	0.436701770919253	0.08704399690109099	0.6653337928894908	-0.31126181374317935	-0.6805954896246763	0.12068736489196298	-0.44343170508060803	-0.1299875571290134	-0.1121473037214867	-0.11043778571858386	-0.20009181508390325	-0.2618550262651596	-0.10621463253747644	0.237109688371292	-0.282643816823133	0.45916710506414476	0.12663359798084695	0.08531077436097124	-0.45485927766183376	-0.06503361177217215	0.200918580688163	0.2080875673715111	0.23495473663730668	0.03894051355481592	0.06837901495953287	0.00715100393599702	0.02796725853214143	-0.40183044505483917	-0.08151107781598277	-0.2596612276727168	0.3218665365042708	0.02942829660424944	0.07315015725069421	0.15906713645051782	0.0836046882578144	0.007462327095046311	0.03191582589481703	-0.06124913535590502	0.042445395206359864	0.030134102905433596	-0.1436992896105332	0.13707397139265476	0.020551455161422986	-0.21651036469360405	0.3097118354397769	-0.1158011042199119	-0.04790568332112376	0.32790211238983175	-0.013016490905953875	-0.45128060292432	-0.05869236425304161	0.23903857279648547	-0.16128359352293836	-0.3772984933561393	0.5594286691925598	0.2467294316527772	0.1890854015142164	0.008593677641986647	-0.019643474322964476	-0.08819570664949028	0.396557108789606	-0.1816464452723029	0.126069738040095	-0.014837834305137194	-0.0953038042002541	0.254177920493716	-0.3904986600201558	-0.13217764497116555	-0.3367520374604953	-0.008336072504549152	-0.1728020482901363	-0.10384105578248631	-0.0031059028903224224	-0.5002935528343851	0.17909118800769736	-0.12457575939966996	0.5985469027194635	0.19684232211055222	0.30188171487707205	-0.12492129627989482	0.047946210033680395	-0.03285008595458783	-0.06882715917595099	-0.237364043082581	-0.033232129948700326
DTXSID2041626	-4.512761123316711	0.20424602608697828	1.4917860032552517	1.291295227791438	0.3554334929162972	-0.12009475467818342	-1.1358151548518338	-1.3237936328036441	1.013493729650313	-0.763711589186799	-0.028435173103453216	0.016592347481941584	-0.1025143742790318	-0.11782611594503234	-0.15273867233028046	0.06153767599281504	0.45825630959597186	-0.01900688948144474	-0.6305460284279436	-0.8198309667558146	-0.5073444330345938	-0.7154363402745942	1.815828064618179	-0.2131534914659991	0.7194499222796851	-0.39076550529888276	-0.870823386732702	-0.65567333628241	-0.46511278659418237	-0.22004948162920293	-1.1424111152804228	0.6085184797511098	0.5610490866250326	0.39798652607491725	1.09507545749486	0.058335329484645405	1.5857252193601281	-0.6240059070631474	0.6220919499117666	0.36939003885046306	-1.9593512957500634	0.10238985193451305	0.6666872834102656	1.5747898052386837	2.0411859812354574	0.08589991948339491	-1.8041716050240673	1.4150133871664212	0.877853230538016	-0.9543551606651615	-0.1557319223476852	1.2371026449167877	-1.2552332584086567	-0.4486208277588255	0.12787979132718683	-0.38739313704115047	-2.461482421114665	0.8826001333486699	0.48030198657910805	-0.94962473489135	-0.05081597354396729	-0.20466167531862386	0.11934659929378133	-0.3517302852283288	1.5254155631693607	0.24850993031983823	-1.0320785432395336	2.1271967189538006	-0.12789931578243235	-0.32084488185904153	-0.07933905324565128	0.33612105441767126	-0.7839460342538298	0.7018441789455326	0.5619288120022718	0.4992838210612956	0.10573495805767286	-0.09468766262411274	0.21775280841191766	-0.026389300514085622	-0.2842356893726616	1.3282091587855835	-0.21364441600257297	0.08974516388344642	0.31862253978588806	-0.15846755774601934	-0.19256371486735085	-0.5538466683619152	0.3822920363171445	0.10752695895753285	0.14445108444262805	-0.09737528550222511	-0.19185718751469008	-0.1501793936828933	0.3675534210926681	-0.40677710703879294	-0.1947084938821437	-0.22703848152884967	0.34788974670323897	-0.03039765237756605
DTXSID4024937	-1.7609922683438821	4.122286306972581	0.11237068548380082	2.0033110549355966	-3.183409106223397	0.8448934118837215	-2.3135387831076923	-0.5606187449967491	1.4532623270739644	-1.8150300449858736	-0.342184308686087	-0.43382424466544167	-0.36311918097582135	-0.3655203526642772	-0.19292087973263572	0.5207339359886187	0.4189807335322585	0.6309797804818028	1.3144940819311404	0.837346108427183	-0.20486803724688596	0.3706352184371792	-1.204456760627726	0.957361129496548	0.08782107057425215	-0.1582545390389482	1.130571610356496	0.5777265219191591	0.14513497328383945	1.1506928045886136	-0.21290900275113112	-2.08714072845323	-0.5231502385557116	0.06488132638707626	1.0125531363170643	0.25019323413521466	0.33112387447362407	-0.9799792430943504	0.43724903411796834	-0.49535630084981047	-0.4834040921898659	-0.016976939897629266	0.2493842862467221	-0.4218153930569671	0.8255876752254493	-0.8964709986468383	0.07000112406114466	-0.30395410108152515	-0.18399335167960493	0.2428018401505161	0.07186871633568317	-0.3473475219001612	0.42771472230239876	-0.17071903119103052	-0.7314086950151787	0.8013196355309224	-0.10265932694745702	-0.5483720233244236	1.2181678545312928	1.3762637012993222	-1.3402852870341484	-0.4964714028429655	1.1499330546730433	-0.6387903616129635	0.22049695949017206	1.3163558115039744	-0.23918097432591556	-0.5894679480485489	-1.2082709763059203	-0.07126038150927079	0.33859886233123165	0.5191153992371321	-0.36912956586373014	-0.9929555982819006	-0.20716954492923637	-0.7659074908132757	-0.6429117661699978	0.3287877007691268	-0.0017789745750569684	-0.1449596573015329	-0.4579255571256628	-0.39912264090892186	-0.02692393432497474	0.3524413423285079	0.024945799506983526	0.020858947206849363	-0.4856662114297325	-0.013712692334612973	0.7939359168307217	-0.2818624642139785	-0.3225028773083433	0.06606721066527771	-0.18307235481713682	-0.5989157933242057	-0.219819117223851	-0.6111895163648179	-0.4895243095279863	0.09450777774030253	0.807670700032745	-0.13679401008526051
DTXSID5045467	20.022721643007753	4.073694661291937	2.0537561433146005	-1.4698330134348563	-4.083963098455292	-4.604094715363838	0.3064597192867745	-0.7566771691216686	0.8587850153089089	3.5157202776692844	-0.9902479635971146	0.43018749620911007	2.591466403806221	0.19210399012721746	1.1414526815399861	2.8286222918715245	-0.6991177765775143	3.483351093456129	0.42277395462846956	-1.5152453252351088	1.7500127468926931	-2.1940687737599176	1.1388113505330675	1.0433439542781278	-1.4153268089345798	-1.247624811885122	0.5913534296370485	-1.869952475804241	1.0562910068817322	-2.1640205955714373	0.6077806373734179	-2.7889002410804418	-1.6829568126721324	-7.262411250641095	0.9771295233102769	2.938170265284364	5.290046932335156	3.1452618682592632	5.536148496595953	-11.27376324580828	3.8237761417958485	-2.4451278923658566	-1.8770045075076276	3.875398338651104	-1.5515860323929405	1.2972508417356237	0.7690075637142576	-1.419989451204225	-4.660222765620386	-2.386781657032496	-3.157436431068167	-8.121967834088919	-3.0962271522884537	2.5411094505738157	7.895508072812345	9.861136566231387	-0.3210471344530429	-2.286926231199941	2.6915132846475	-7.50241413490416	-7.753919089090562	-2.5313392693036834	-3.4563127186338214	-0.42523303399579504	9.398108638579327	2.577229609851497	-5.011674196178027	-6.941634146812661	-0.115621927766541	0.3788651936842317	-2.036363337325601	3.3990036708180655	-1.8332862804434897	0.25430678486833913	-1.2311520612650224	-0.7947383345319826	-0.6067292110713313	1.6022764293929799	-0.09568150906275008	-1.3676986269189557	-0.8822429638523591	-2.18909103260641	2.648413269293747	0.7060097308192892	0.24971948717654402	-3.0122931511293447	-2.4997532249959313	0.496217038988987	0.5689824688205966	2.730970200087286	0.4381045794836871	-1.0525318432717492	0.08323496354232394	-0.014373491062831797	1.7263313298808503	-0.8618597799564316	0.16868015184098997	-1.7213149146452673	-0.0665199527538672	1.5365673070918722
DTXSID6044777	0.23578565686964456	-1.1165397354610085	-0.5068254401122768	1.3057247840312491	0.062436218270140766	-0.5200697558633934	-2.3709752623151137	-0.6552722637800572	-0.7705359564467077	-1.0400813089627554	-0.4367426291352624	0.01469302513413615	0.12486650946972311	1.663718453506316	-1.2370861512578832	1.3148776472363615	-0.39428919800603024	0.9261035052029002	-1.592736628138793	0.517341994971098	0.6011277073514985	-1.1403430105788932	0.08614554899300308	0.5283178303856721	-0.8857677060105897	0.3572550839013953	1.4067327051680443	-0.7136669043866677	0.06004098707710981	0.5679059940518411	1.114814816173897	-0.12198135480048634	0.6693236335673315	0.09496424382513335	0.5433776557300811	0.7856257284210922	0.6600329047341766	0.3745352438533946	-0.16163498109113075	-0.719146305832959	0.8941022942207701	0.0635242297570207	-0.19856422919642375	-1.1544309139163373	-0.3877848135460354	0.624546873759245	-0.10251668483894066	0.6517210683851304	-0.2846086603041442	-0.018656608107466246	-0.23193695545351145	0.39021339541958455	-0.15869123697438495	0.2118842694970878	0.2049538204169402	0.10966183477740804	0.9164708323690766	0.12701019757180979	-0.6894585283072094	0.3154788012922237	-0.5520368440664043	-0.4152332146908713	-0.10461876177984512	-0.5576997753110942	-0.5114978788698541	0.3079414144027389	0.29575533160833184	0.44512810520518153	-0.9641087254410637	-0.4661573669476806	0.11874178666159409	-0.34592197432309724	-0.415299076302847	-0.14942581023553683	-0.1528046707332179	0.36105123198811073	-0.4587977256037319	0.749312817781856	0.28321765026314955	-0.42535168060897605	-0.5858175368038315	0.7903792026220904	-0.5058080234187164	0.2691992262915869	0.4945173130391557	0.36056461172582754	0.4791356381315938	-0.554874906104146	-0.17529901133377856	-0.27098859076644927	0.38713241944711435	-0.8059292191871779	-0.05679055921147758	0.5160445496428704	0.2700006658239154	-0.03856838621746439	0.3530774217833648	-0.3596401213058969	0.5400642729551521	0.553793297163043
DTXSID2044763	-1.8368435603727866	0.6042310092217943	-0.008985296649102267	0.4365191597050943	0.30233482945474033	-1.2102529726069176	-0.9765924644674909	0.5573637010208802	0.16579456623529779	-0.9842243226816378	0.004664513337773723	0.16702153277073986	-1.394824278969282	2.881707744208811	0.7650792473171533	0.2263567187679653	-0.5217713063497175	0.06114452467725105	-0.0909539891067326	-0.550434026969686	0.1916827245953703	-0.31263244730989015	-0.015699065169649137	-0.07352351681982908	0.09063201124919071	-0.17278631783030265	-0.4117117985981038	0.23266119762480555	-0.0815132406792002	-0.07625814521881254	-0.12660740881383387	-0.15034973856989142	-0.23992865688540754	-0.7800655309333886	-0.42157926069287815	0.5399595887738352	-0.5762043666706419	-0.08669251866082762	-0.15243001881471058	0.38242476862240227	-0.07440969000310017	-0.024192366273437654	-0.1166554932690288	0.46013748559075324	0.0539394973695147	-0.019280126011180423	0.5810133526927379	0.19815876399632923	-0.17483700461571414	0.027162946355262483	-0.07735116396095663	0.019907143845134923	0.39455392533482203	-0.3118061000362992	0.04846979355173479	-0.57839717882189	-0.4760891728913141	-0.03412521570398634	-0.09970362263470445	-0.01580203075623187	0.22934365026380138	-0.3527318810872939	-0.08888707677073429	0.7834125257222981	0.01653020368532906	-0.8562803858511118	0.3616851151388888	-0.25175178383600694	-0.27762587890047985	0.1678443494055933	-0.30725192053881406	-0.07040649830576055	0.07114524745502504	0.2871983165276683	-0.30023908644224995	0.705637378914019	-0.14786418078632868	0.16732667843934323	-0.10993802895171623	-0.06785614466545042	0.046870470306922686	0.11500462041335295	-0.07794429005235617	-1.0111067527148005	0.026932064143250115	0.3003909393130639	0.6849559600081702	-1.215847805931391	-0.2222394655586344	-0.6584165744098607	-0.03800546610027192	-0.36784340527674964	-0.5895829914937438	0.256756369477219	0.2453768691966221	0.030914943638305884	-0.3098994186718288	0.05846489588207026	-0.05862035687196494	-0.024755204587176095
DTXSID1041132	0.5463952857160091	3.2105081046838126	-0.9545144787396864	4.39296695191815	1.7162566111091762	-1.5609013889019254	3.283421801136633	-0.16896402382432057	1.739393987977304	-0.39491084692834777	0.7261348731791747	-1.215131773211245	0.7353331671347192	-1.2297983194847972	-0.505886382087078	1.4744291954113007	-1.651916477754596	1.2380044337172194	3.2207625887177933	-2.47440119711165	1.9743362221202787	0.5894504915256976	1.502809194212719	0.2180131223835107	1.2688342313128869	0.6532816542240122	-0.8575170801480037	-0.792834956117198	-1.0194553289546688	0.6278056526945801	-1.1458147893586332	-0.2633099944998708	0.14141525693011672	0.4906097531031027	1.2151829514828993	1.416430687163164	-0.29597594904189745	0.349121721965156	0.38669016141659474	0.7250077361698674	0.19989970311462663	-1.0743265450640178	0.7877165175226236	0.0954261259175897	0.5880002899336867	-0.9021253615299212	0.2439669674582382	0.26074158877169357	0.17763599042171513	0.41136065486522716	0.2066043455213498	-0.26805502119498353	0.5185481451320302	-0.6286136036044985	0.18495978722334305	-0.37688464816920925	-0.039127554170905264	-0.8246487813341543	1.4908803818363678	-0.18209452167222762	0.14168687485819056	-0.4191348375776642	-0.11563094944746143	-0.6062982591467638	0.5085006216487477	-0.12969628021619067	0.8615247645932145	1.5746404588952294	0.4448693123324031	1.042264285809125	-0.2995159530628079	0.765816508581056	-0.7210221599381239	0.49129738244099047	1.2245762399427251	-0.8379928756331583	-0.06076333507542416	-0.12185301688036797	0.24990626542644118	0.35141483371300153	-0.8440771687289053	0.6719483075007883	0.6026006410674684	-0.3624749942172575	-0.848139143458159	-0.43065345853060566	0.8217978508199894	-0.27678459333718153	0.17987514876882962	0.2870029392859654	0.27960335943638637	0.6220132218723581	0.19982180244706527	0.4609884859258459	-0.5191263061197154	0.4232675772948345	-0.31856462745508196	0.1610165822758035	0.03601825719982055	-0.4255654226808522
DTXSID9024699	-2.1014577714203506	0.5526182917732767	0.6259539437512952	-0.02126645889133549	0.7060255645655735	-0.35612787506344973	-1.5027654436525713	-0.4387950997875574	0.6068450514989231	-1.4317540208441408	0.14223284232446573	-0.1753355804834223	-0.6502930020894901	0.5547352741541393	-0.5731270929180078	0.39547602759106004	0.7565540422964172	0.32992135535120215	-0.3699655645699368	-0.3623477819525766	0.32377570964550234	-0.30597324124531805	0.20197733593205863	-0.05393084187053293	0.1482433428966326	-0.024359364369156686	-0.6751569240758486	-0.5106184022534114	-0.020140098294887603	-0.10188362041499859	-0.16903426231644095	0.030158425086090835	-0.3515350905494317	0.08733676407403312	-0.2880610134904021	0.379480217305998	0.36557183517987235	-0.21001967064971303	-0.6372969758306413	0.15875389370443183	0.010834593328825897	-0.030804739292927312	-0.3457831972429025	-0.14651049830280635	-0.23346541576932023	0.001443993046429478	-0.16084406645371557	-0.19334469064983087	-0.04313525385068531	-0.04533469803098692	-0.14386862928624575	-0.2972786889055921	-0.14695368015862229	-0.2058184143034817	-0.15816495425194124	0.10469864723362524	-0.13667766378729904	0.24404667163286592	-0.37077166076224627	-0.137478862429541	0.07235353608221165	0.15463433975681212	0.39671758989179506	0.5769146167651814	-0.13349018795020745	-0.361836654096863	-0.3272167410906067	-0.17836949280808256	-0.21512904526601354	-0.2443080886963016	0.29406523180356353	-0.14339713178581853	0.21440560367952805	0.2552058107698609	-0.13655225259954393	-0.4291014354574967	-0.02792307789111153	0.09906027908802711	0.3928456845942048	-0.41302647734351744	-0.1166599046034271	-0.36467597983908506	-0.3396609608207509	-0.5490624197349995	0.36616136160638885	0.2313298244700291	-0.031204549912978465	-0.32959375034360844	0.11102104377339256	0.13176829628178957	-0.12921980308749514	-0.7250346885177694	-0.10969700944658214	0.09395377976925565	0.5045367991002323	0.028495049253786375	0.05617415373566902	-0.3102961511314164	0.0022983826006677324	0.42962309647644303
DTXSID6044771	-5.03611342371824	-2.9919315091768888	1.5554049214163739	-0.1270522166418443	-0.739261968115476	-0.3726901830219549	0.30807052715888356	-0.9597216709407651	-0.13637494676432702	0.6590292777671143	-0.4749169696823792	0.35431766580464397	0.36641925547463494	0.010570256350099946	0.5273210971096116	0.3933171334889813	0.8251648429283281	0.18006893252674383	-0.40751823748934385	-1.055296138101364	-0.4584419691445466	-0.5844778741738775	0.09905482256149405	-0.21757037883268068	-0.4802959153889748	-0.6156073829850734	-1.085567172533021	0.14011785875797467	0.479193403524068	-0.8417532379736716	-0.14472099898383783	1.3372900679807918	-0.48845192995039	0.04736946588090816	-1.1268870688634751	0.20968482805713753	1.8408144289104729	-2.0741361818144175	-0.26953751762877626	1.1887126954533915	-0.40644881421052126	-2.6723105205616067	0.1210501985347048	-1.9397661738156735	1.3798380180236536	-0.528721247108833	1.019391634679056	-3.1635651689333084	-4.090476160769311	3.811293848324305	0.7096487494943123	1.1283366663988958	-0.21566076046174615	6.331037471233109	-1.0860408465009939	-1.3178481317609283	0.028412485569543743	0.6037025943908433	0.15055942745195855	-0.7927875137293021	-0.32653899394440616	-0.1880767987955067	0.4226577229224982	-1.347994499102663	1.486049897024615	-0.5688384331455395	-0.5306492993505352	0.6399968007884763	0.04084318891577457	0.7462649561581427	0.615529618817343	0.060402913363232495	-0.3478585907546238	-0.08063563292365487	-0.7234872286463753	0.2260291544696439	-0.5402508531536835	0.16187484735738947	-0.35419771125218574	-0.32107289497879044	-0.3007702389259436	-0.19756800235337257	-0.6367935774660808	-0.04667363102199792	0.16446443793730856	0.07407334350035777	0.017092087703059207	-0.03965494600199033	-0.3620060736973107	-0.04654779078774969	-0.46521503894197364	0.37815889434372707	0.23539951183651567	0.247996167515225	-0.027603656578365547	-0.002573531858756014	0.01692407500251897	-0.018828044927884816	-0.05526554102932238	-0.12770456924364945
DTXSID0047587	-3.7149988982547466	-2.1643491006329536	2.7667899442084853	-1.281688738980906	-1.1467718638334057	-1.507945672360081	0.1418669480513045	-0.7899933934326152	0.3901499625997177	0.6456793806974906	0.23426627654799356	0.11772769308483655	1.0034092421585552	-0.5010323024344465	-0.6925906847759795	0.06391885851380062	0.14752656612326076	0.07807526011649396	-0.3335439364872431	-0.5914841058615695	-0.26061871921360497	-0.235270311976707	0.8192843575559288	0.3531503645577966	-0.5540944203428636	0.08387974107375183	0.607177277339005	0.2520527416337847	0.3710535171575277	0.008121261084774834	0.7004633216211105	-0.07868027061689031	0.22692779305261404	-0.7635717334819669	-0.6119978524270572	-0.1646960176400727	0.3189752241019206	-0.24507701393807527	0.15002116600511117	-0.033570252303265075	0.24949102590297825	0.0274448236058035	0.12273609325080667	0.45986727490672813	0.2543057148829092	-0.1790368582443307	0.010393933353940106	-0.021169919096384975	0.10881358442329525	0.25061672966488957	0.04914164316779133	-0.13796493399611395	0.183092326767302	0.15320712883550394	0.1091292930530966	-0.15191033733826143	0.3382886567153757	-0.3140489296629642	0.11160503769193945	0.508118840501149	-0.2010418639360656	-0.050790424814256205	-0.2768172617060784	0.4684963592513423	-0.6332786269250992	0.1865573211775261	1.102691024638046	-0.4792502291953807	-0.22018523517447697	-0.13603340790480198	0.2451966023650814	-0.008053615929982464	-0.395649801988403	0.09708019470888186	0.4737530962169452	-0.07340300463751454	0.025141029902944156	-0.18313494111261844	-0.12897241590822986	0.32351396953445366	-0.16959725168673745	0.11653586959738739	-0.23178073784892933	-0.22974920963115997	-0.2979391798578853	-0.11423484356851539	0.49604398709661085	0.6193606552553061	0.021983452475739334	0.05562044823404388	0.13145207105738868	0.21836300804354813	-0.20475363239299119	-0.07986267634203141	-0.10361425060896252	0.23448788897205705	-0.05940201409366946	-0.10089592144749854	-0.06603894661165982	0.27844492347652483
DTXSID8020202	14.217778256945184	-4.609574543235031	7.112366438862672	6.300769602021852	2.762248858987603	3.8618353912540604	-0.1127636647669134	-1.0434802994425518	-1.4074828638357382	0.439146926374345	0.30337022992995555	-0.7190419420213954	-1.073022947769769	0.7078955366243497	-0.9507650191201101	1.1748683982491672	-0.5591304941005067	0.5497865387352107	-1.2198344581234843	0.3502391249873253	0.03351503742857428	-0.38268690390056237	0.23905109250473783	0.4830405447783731	-0.31324830644303825	0.4387117255124643	1.7132675007812042	0.01239054401087379	-0.052901547333505466	0.20070764833101146	0.43846897501561466	0.668130517836838	0.07834126367724253	0.29863957996660634	-0.6543139807540852	-0.42405832937245064	0.11730100058030375	0.45829603006798586	0.02810218805419709	-0.47827696646549106	-0.18746612575801627	-0.13214241869194887	0.12339405728424854	-0.4447268115790268	0.08984526982182349	-0.34040109446328376	0.10380563417645537	0.06236774120614408	0.20392111599990848	0.21417294342063403	0.08909144947788727	0.2971063592969441	-0.03746103472497874	-0.1345470640855083	0.12358307644354863	-0.060224487535290895	0.22662699972706432	-0.19416728054196308	0.26563363640676513	0.1336154196294916	-0.35165141761986374	-0.2212765701026068	0.15349239446267743	-1.102454101074229	-0.1055548563166872	-0.09798342856054335	0.8602834617373772	-0.850300148698827	0.6272691984083232	-0.5369582942252289	-1.22709309051188	-0.6774482350921021	0.09303443784995083	-0.6067761096407899	0.8250242039788693	-0.6689692885866934	0.5193350599322047	0.7428824173861815	0.024285700320906458	0.7619003841636152	1.7495826897206654	-0.16961152128478174	-0.2164140018147848	-0.23651352220157723	-0.7865323183705616	0.10055679910535043	0.7837144357386443	0.7093099234505783	1.4212265611773727	-0.6083271904829	-0.046877153134833247	-0.941892478603736	-0.25646717403570074	-0.44374383242177284	-0.7134783089781241	0.5768532226817245	-0.29996049119605184	0.7063216933787788	0.62047079920085	-0.9264602053571276
DTXSID7024409	-4.737366413684439	-0.985023914601001	0.03765325895623422	2.255497165980413	2.1799121586138512	0.07709560112536694	0.9501483348180709	-0.6614639857492626	-1.0332729887856027	-2.3419267558387	0.4660551563692766	-0.20661737948204228	-0.5582872446507611	0.667436434235191	-1.4456700937104512	0.7015804609645446	-1.1158247475774143	-0.14501496382075046	-2.0911501892934248	1.8565184111135218	-0.7604219789350652	-0.7120890899252772	1.3750836996734652	-0.31210514141533785	0.841686480375306	-0.7436925758501893	0.7322558715097429	-0.5694211247059473	0.665768457271599	0.0006558182092306739	2.235816203051262	-0.38096461682720656	-0.007007242444908391	0.16685542006602358	0.18128139757462544	-0.048838271858008445	0.35483256686195336	0.473873635580013	-1.2189146042350267	0.20117404997930668	0.7217792250816514	-0.3301180691940144	0.18333367875891693	-0.25249439679196484	-0.9210882806182809	0.22235943522398205	0.06751662875365753	0.30162128068078076	0.20534427890758694	0.46310727929596707	0.008415798331464913	0.06599175113133085	-0.44843090467024416	-0.06646320432587524	-0.07025651778730577	-0.4273750883902583	1.0305282558916942	-0.18984544003108023	-0.5838519641207238	-0.8872104156067983	-0.2613098138248264	-0.8254738990179262	0.5102079034221955	-0.8338547120822138	-0.3815316433060292	0.5614842883505242	0.07376914682190672	-0.05151104028796661	0.04984592116590159	-0.31897414494099546	-0.5997701407522664	0.2782656809903135	-0.1412284946843002	-0.24374360953561397	-0.23325848947751135	-0.1624649728582674	-0.3381600391977188	-0.09356608562401261	-0.20054551714454547	-0.692525921028061	-0.40736744195855307	0.0370570696268366	-0.7047806005157632	0.3339382665481676	0.4589177152400914	0.07552524487003609	-0.1753533975930624	-0.03993230486197643	-0.09443353296224972	-0.08386026498342918	-0.4376430165717831	-0.35999376609466954	-0.13026295122065226	0.03410415957176624	0.07772709523564185	-0.22817947372320763	0.2421147966395137	-0.269601696313078	0.3655583782614113	0.08703887476317398
DTXSID3049259	-2.652971640558792	-0.5443069992306179	0.7381840310009025	-0.15524959231167257	-0.4844932885088679	-0.7140867905319754	2.7580751146741203	-2.1193993745332067	-0.528356553014471	-1.0211625670677538	-0.2033372091515146	-1.0688328273744232	-0.5437862707463155	-1.1996705676486492	0.6207507728752691	-0.3469340917921743	-0.066829096315999	-0.40866333871778426	-1.2790241024001416	0.25613723085154566	-1.6557436821488893	-1.387010015457007	1.777149604727486	0.2601081529931058	1.0209668389488538	-2.6024555301379255	0.42172065348981075	-0.6742491667957845	0.5210031074020476	0.10490545899056568	0.5509887755348649	-0.3478360296408473	1.4124611612279803	0.4649936877672888	0.6910897276427094	-0.22707939999347643	-0.316064136836058	0.7487185680353677	-0.5101986237418796	0.05718881073984341	0.07268178439594128	-0.8062130453635501	0.8680048907788682	0.6516276057062634	-1.2765891310185382	0.26552055711767625	0.6505085026785399	0.011090677873778076	0.7573495079270622	0.678562279520973	0.3442355814691568	-0.05563353184106795	0.3053805107438145	-0.3515224876939562	0.3057254434257015	0.059812549741036114	0.2927355202092268	-0.7260437433648895	0.09770708063808534	-0.867867533344877	-0.178590107061378	-0.43957533980284924	0.5003060536707102	-0.8449315315596296	0.1263563596937138	0.07636027207908871	0.05723813271648276	1.5975226506093025	0.16405859392473318	0.6467605888558785	-0.4069501710800819	0.3686718291454778	-0.29215375208624117	-0.26129213185115346	-0.10740831515591778	0.4939734542562693	0.3176287239682954	0.5327440295523251	-0.3761835785828632	0.4728437224562169	0.9968268338953894	0.020977507114928875	0.2566591293203065	0.2911885495265466	-0.5891113933342882	-0.42128035093715377	0.705462505671805	0.025575208670128594	0.3695822766040232	-0.35771965765161773	-0.5742304302782272	0.42344263211803096	0.13617265287951466	0.41066678314291233	0.013803952309186575	1.0792608114826938	0.3374307980937918	-0.09528434891136685	-0.009784645312059958	0.5466896736237414
DTXSID9045425	17.820759165289825	3.5801427537687314	-2.038460444882541	-2.4991298121536536	-3.015182694181946	-7.20115114680269	-2.0276107980888534	2.715005516724568	-3.987721081042227	-5.4764553376075	-5.760983548975567	3.21710939696793	-0.46918424074871506	12.734680084713771	2.3837332726498084	-0.3121142744515944	-2.539069409551533	0.38407132019992757	5.171815739139464	1.1666143841015424	0.695072304164706	-0.6789641573062734	-9.182827231775766	2.59430215454634	-0.3361791580144801	-2.9299521833263023	4.350553758288095	2.2606603688139133	-0.13478914218831983	3.3519178106971523	1.3750554987356607	-2.7253042651440706	6.0802181973670555	2.9661346705390392	1.0311810541506257	-0.2680411812382811	1.4953437101852742	-4.982574470421476	3.6277486041869706	-0.8694644655147936	-1.4539643729099763	0.5862866011063724	-0.16836183810691496	1.4814143570238938	-2.4274818970580516	-0.6028456175849776	-1.6171235011612914	-0.682333745702276	-1.1298639827622308	-2.0927101207751138	0.5523838190378565	-0.23888847440968478	-1.3832349204098113	0.7551882990858837	4.18297388411699	-2.3383336116471924	-0.17035499846127847	0.8355116757238903	3.526514938262596	-0.841330714700754	-0.953863846381706	3.5082098774544472	-1.8518985327893298	-5.713841094114163	-1.0289549230499528	1.8312447574839124	1.619958618798933	0.17488068425682027	1.7685506566531402	0.017439860657565268	0.47789581700976597	-2.7550005891420484	-0.5682409924941719	-0.09872186256728979	1.0656516937314122	0.27926683731411744	-1.0092664237104316	-2.147920383351346	-1.7645784393632349	0.3836808636602723	1.3271885769409495	1.0062199808322054	-0.01554940895947971	0.5439400255382082	0.947664213547113	0.13537092367351525	2.12677194392311	3.0325625426116183	-1.1690333267786948	-0.018205073450454513	-2.537203629136584	1.578926409421296	0.5111391154954312	-1.191964671097489	2.011922587412908	0.5639641150464885	-3.4477086587046855	-1.6613127091756605	-0.05077074565622962	-0.11583689023254537
DTXSID3047346	9.033471156674516	-1.357859248638948	-2.714802387990098	3.060627471757278	1.5826542194155893	-0.5653734681439722	7.32757639343684	1.780428284772664	3.8168356182081014	-1.8484516984099701	-0.5600024735059598	1.4107980673700733	1.146048223708207	0.9201130963927742	5.9345316487652795	0.7979054060002747	1.1252540049934359	-3.501898121856661	0.8339739007231534	7.0622401851738665	1.042959592675621	-0.4087541402147598	0.6439415341734284	0.329844370782336	0.771339856842289	1.6016874397706453	-1.436205985380575	-1.880802524643016	-1.4119521196470834	0.2776538370602747	1.0249111303006475	-0.49320086997047463	-1.4822937330305477	-2.20929885113466	0.8537894182196566	-0.15508424500778564	0.1653595136972215	-0.3483244002141459	-1.5372423409430895	-0.8796025511382097	2.358544853534544	0.6692623703375251	-2.5535313806442144	1.0369941678066665	2.219606408252767	-1.1680076948271985	0.4630322723116308	-0.14228980991565215	0.10417776344255981	-0.6771658065888495	0.250183477314151	-0.39784239352831463	-0.5081882194915017	0.11192876021685531	-0.2804887661271004	-2.2347233960032487	-1.1942727199174277	1.6093978441069259	1.0953926539852	1.1111314142981836	-0.7580650949150309	0.8584756024213877	-2.914175860483755	0.6950169942443899	-1.5509340898881807	-2.7720662637123334	-0.4101095745558495	0.6775091342930695	0.27633828635391966	-0.21126537956443012	1.0475268405792237	-0.3390934020706289	0.21653469440225426	-1.9089843803481006	-0.002427191151588209	0.378420274626295	-0.4818272880054687	-2.39326312897155	0.21218113776267444	1.2517279384753364	-1.092452799601244	0.35203146005094116	-0.08410458032925333	0.27512843592599107	0.114063671568682	0.3707860634942255	0.5630547034523166	0.5711967584338056	0.07504695000522185	-0.1467783727289996	-1.3977088742793147	0.5248889143615645	0.3015075389114988	-0.22965017259729936	0.2812640675466191	1.4419872080964329	-1.043323789531838	0.6516396061644659	-0.015067604344698634	-0.8763463380485913
DTXSID8040698	1.3387301097732618	-1.2319832289856478	2.5068801672057845	-4.090313393214936	-0.7115245103610506	-0.38759273678510847	-0.21528691483591514	0.7998034510050839	-1.260657840082232	0.6682658230610458	-2.1643417202300075	1.4319872547399153	-1.593656164416073	-0.015774416446962862	-0.824156097326903	1.8202592940161175	2.9976900055397864	10.21923732355573	2.438620238134523	4.565159623496886	-1.834796750256556	3.11166870535367	0.7451924610786361	-0.9357828678403616	0.22696415366174952	0.09921405214595584	-2.8263231346798205	0.10192894156247688	-0.4976170718702573	-0.6553494917311818	-0.8929148820976773	1.4917651238923941	-0.675996287121913	0.27153214394996583	-0.019541925258865975	0.8028482756931835	0.001428771776355261	0.4420635015396952	-0.21345141052510566	1.196634962160454	-0.15658325756509472	-0.0331579986362649	-0.3504283365731039	-0.4774680954767698	-0.37320735503889496	0.1643949100374923	-0.8524236094885079	-0.22655364198503844	0.30486061295568145	-0.2562993743915799	0.007428340922884318	-0.0892962630884884	-0.38657301888010853	-0.1384865117662183	0.29980890795795334	-0.2206416257811371	-0.5679051555395745	0.12176660100609016	0.24626109518590636	-0.3840465559327695	0.34753265395720767	0.3171730211471677	0.09133308151518506	0.4859580533578791	0.10537294117037614	-0.4361381848514465	0.19422545873708608	-0.6610374760472031	1.294701422915479	1.1245631416544466	-0.10189113850392947	-0.4037934550122265	0.30554960743411247	1.727606582683471	1.0602439119906946	1.0569109839430253	0.5648294326138664	1.39692429688709	-0.7640906255554716	-0.07846042638369527	1.3612469269177818	-0.5457459807699517	-0.8486735907598156	0.1821145664984972	0.777275948141386	0.1488309291542605	-1.6678846738977642	-0.7964489190277685	-1.0497904927540471	0.5428991396149935	0.26932396125259933	1.0045306414982524	0.0441335593193348	0.6615617376229215	-0.12138234425836517	0.2569042611775129	0.34924006356050513	0.3746486755623781	0.1736134745736472	-0.5732498562075541
DTXSID2042149	-2.5401833578741395	-3.132613650827075	1.3908169159626766	-0.43684517487661495	2.563974027636493	-0.5784382485657824	-2.1194275223414394	0.14827955528379805	-0.7512113372255608	-2.0042379622238973	-0.5746287364642713	0.14991898285684677	-1.3366992967084699	1.988942412605202	-1.6480795229914924	0.8997019938297003	-1.0044427179708586	-0.40675608411064684	-0.6585790404694435	0.8442486393774007	0.4313416080447584	-0.10833826285846197	-0.25256968897177584	-0.7748446864301065	0.32250200119783085	-0.07935563068037392	0.5153038963400072	-0.2742169585638724	-0.39314184657678125	0.834249738684163	0.2236360549892711	0.42924687202703327	1.339017116307593	0.719291968740485	0.660136900841991	0.7060183215271911	-0.03470241607467729	-0.3783909208522531	0.09976133996993275	0.026365118830836417	-0.05009822733161189	-0.027963054203486	-0.7229709289280235	-0.9006805964248098	-0.9029494342487033	0.019392537611357057	-0.30616851515058463	-0.08056980308366257	-0.3587944217052988	-0.5223342886196862	-0.07039259862248103	0.07430857724086123	-0.5809116144088013	0.1428255103242108	0.639408447725749	-0.4535996392463235	0.4691384858903079	0.5760173314338316	-0.10297111890867108	-0.5821661321445204	-8.77995634114866e-05	0.2289928147974876	0.008881864448266304	-0.9871101471385254	-0.22891402101818406	0.2387856719749273	0.18933276442318864	-0.13036088014026098	0.8831296041126727	-0.3735863391725767	-0.6196414420572385	0.11023184326475877	0.6393207740096091	-0.3009436243748984	-0.8664970526711762	-0.9797032549977951	-0.15804023606507933	-1.0527941104603131	0.39020647198479336	-0.8666501153836814	-0.9227277129834865	0.0842151879322751	-0.024862112814586144	0.012951459454223213	0.3902760476140649	-0.017395544452132126	-0.5400174271449121	-0.6713929792641975	-0.471283554048821	0.2931935202727946	0.06627553599661429	0.12195398263976549	0.604877583280452	0.45604557708991256	-0.3989924201020017	-0.564495470820228	0.859692164704038	0.31444347207583856	0.03230985187892714	0.03524534101067796
DTXSID4047125	-1.2494342988639426	-1.4459202827861397	3.6191614078101697	-2.9340856545707683	0.42008216585566255	-2.609068887771184	-0.1711468953113269	-0.20584916957494587	-0.06196638532062383	-0.5704730143291387	-0.16334299956004705	0.6552386609336921	0.3486460976596234	0.10947459579947137	-1.6337927100283332	-0.650305330374692	0.06053468196542287	-1.0440631705573593	0.4348393958407037	-0.054279901171388624	-0.039080897886129215	0.23898839879905848	1.0381655544586246	-0.12241301375852102	-0.25957028992275755	0.38049025826635474	0.18170518157813406	0.6519064966937637	0.18447607171526204	0.09673753190267143	0.16848089582006098	-0.4194204716959089	0.20994509724940674	-0.4589802432958246	0.024177257552922084	0.04172375451278148	0.16733573960000908	-0.14022604006672548	-0.06611046357605849	0.39582335881996816	0.10803698020752019	-0.1846012914685514	0.05196010316291435	0.29128560162826267	-0.06410923918167612	-0.3405843241075337	0.23355790288265904	-0.30135641906574157	0.0173570589122349	-0.06587104302919952	0.07256245131585914	-0.18759450352607848	0.2307631237968899	-0.03256178974632692	-0.047999752335066606	0.043161783881675665	-0.00383112974859254	-0.11635106583315133	0.3445218759263331	-0.14277457080814046	0.2387660968195197	0.06273076685415237	0.013917572672819218	0.5065332490364799	-0.10765462999925846	0.15907690228228327	0.48279306859169574	-0.394305067167233	0.14352129980951958	0.11172640811309235	0.301813049809585	0.10978665703759381	-0.19469486365217287	-0.09325802441655942	-0.46254828402694215	0.08190429295693524	-0.3919112202431192	0.2604857441875189	0.42534188146847435	-0.4415751641163313	0.23543503566134927	0.29546110385356544	0.1681672528370592	0.028186229101311643	-0.13179969658977006	-0.2758976853325906	0.4064708906027565	-0.2217880643339757	-0.13790397173321778	0.14479466589850984	0.3154706547202618	-0.1528809952590698	-0.46734427300853326	-0.5742309746763264	-0.07569586505648135	-0.3050356123852173	-0.2570464859906097	-0.05805387987871637	-0.05338401705124865	0.019479264191468566
DTXSID9046520	-3.7712144585644745	-3.5728250173620117	-1.3529474178634961	-0.9424635874203633	0.2133788073734505	0.49096826597357435	-0.3647097493712687	1.4592879022977754	-1.5728409829366352	0.556621879983824	-0.8173538704723449	-0.1705238866885384	-0.9037293291979458	2.2725194013979153	-0.5137063123623374	-0.5098223485679936	-0.4000406138350701	-1.2367538987182778	0.7399923234067805	-1.1929193610866724	-0.27168384891844344	-0.10363222140624108	1.3139909778763132	-0.7697406592208127	-0.09234262734966962	0.35271740723229217	-1.020448825718577	2.3093083943305865	-0.7944608182056935	-0.2857296065898616	0.06074963443772249	0.013734331051899272	1.4550714581728006	0.7838462978563608	0.6736970512666972	-0.03910997385327426	0.21950308063198218	-1.6337862255398874	0.6221623475480139	-1.5579994208824643	0.47918443745583605	3.822973479003145	-0.15873646384862908	-0.32243366362478254	-3.348695745844385	-3.7467133526199485	1.9913576062100726	0.5093879092709687	0.7342116240403339	0.9366665747919863	0.3917422632146572	1.4673324139521002	-1.2397422325160998	1.1163978939055887	0.19612143781460417	1.0358637201053482	-0.5341454045379395	-0.3306732482532709	-0.020590809572542862	-0.6258124425276494	0.5507272373511254	0.23111848250573255	-0.42438982330313657	-0.7173211665517316	0.7590229033328914	0.3200258049838395	0.17467041528246713	0.2940349064219069	0.5825510157367149	-0.614912999292494	0.1684166183445087	-0.511822555163642	0.46596315539125727	-0.6358691037450833	0.058081249379785135	-0.1058502235612503	0.5132993058298199	-0.43089162279827586	0.6150617678930563	-0.6921077189323334	-0.07700480392628699	0.12193666045975236	-0.0920718258803388	0.4208787933553337	-0.7845322812365365	-0.4869695355211428	-0.2625184934631932	0.08264902447032182	-0.5630549221555444	0.34070697024907703	0.4578945082840206	0.8080715237969679	0.38374782372444793	-0.09999565953435269	1.255126587883384	-0.0565823580192573	-0.0064859797307957245	0.1675717806394386	-0.27846033678971505	-0.2457123108126052
DTXSID30382104	6.320446228520307	-1.449073610675595	-6.707267503945388	-16.117495085420156	5.296709583107858	14.117039896498008	0.5439674360895044	-5.734862130400523	9.390501459331611	-0.7837803273577086	7.878580945121105	-2.3679063491482983	6.448881814932498	8.018740955297822	1.3895303766372955	1.822735733576714	-3.061360136025084	-0.5990733541526039	4.177864153755956	-1.1991418954818944	-3.531239613685807	2.2132010525393193	2.3473414117384177	-0.3747085556539071	-0.1493467397317961	-0.14113801070744408	-0.8162053960972283	-0.9675486953770505	0.47944189371568113	0.11229902748804506	0.06586715616813404	-1.0928197405244757	-0.4701332634637787	0.7700941431225161	-0.786618424188423	-0.029885880569127984	0.5101675406506977	0.32404471279837277	0.6788422084031093	0.5810292795325925	0.36663195035253054	0.21768169248602495	-0.983803498190651	0.7637199352367381	-0.16989864053414894	0.938218468811693	-0.4207316018813908	-0.1805978275413128	-0.568281162506074	0.6316096637572823	0.028172640184642182	0.21996154492773928	-0.24160646824599388	0.30150272734969813	0.5955140164565372	0.49146520098622115	0.9019188659216882	0.9225355141133611	-1.6883633869704657	0.6236463462536795	-0.1741378078179726	0.9901724302148075	-0.76831262105536	-0.5436955136514706	-0.11557984183858801	-0.7062186200057808	0.14645583529493694	-0.567720415260529	-0.33382403836192576	-1.2344813097945835	-0.9281457492571243	0.18735966006238167	-0.5916043996617423	0.787400000464493	0.5367046067908386	-0.5501882738472108	0.08121703885282841	0.054374793730886946	0.16327366978308872	-0.9075897391413894	-0.14408053509723978	0.7542365870707469	-0.2330349503245339	0.8029037980190619	-0.48305741580003897	-0.2668225212422685	-0.09555226849208778	-1.2950249366785354	0.7134885943578293	-0.37072338018023165	-0.7376653112072314	0.9412706745457945	0.11120568387754294	-0.8141352318733456	0.935656240758395	0.7178067783347925	-0.3662239797945733	-0.17723387816457745	0.5965513968968785	0.38300589152987496
DTXSID8022589	1.225876831357783	0.08591862412590709	-1.323820798293242	2.8427136898421757	4.3513546275172414	-2.1593240780731477	-0.3482128619803149	3.7877961344151134	3.8308762955888858	1.796286655298657	-2.2041325267907967	-1.4355657209565302	0.14863101253101674	0.1696245036436972	0.5964618279561796	-1.8610497698078885	-0.8302282425924808	-0.6474617724716631	0.8268282703898662	2.518113918979201	0.3398380866159245	-0.04585997035504058	0.7322178658411862	-0.12881385137147106	-0.26026442847760917	1.134431454689347	-1.1009724154868534	-2.66537376103168	-0.8216212145854479	0.285083544270046	-0.2556266455123008	0.12619084702105696	-0.5718616269779103	-0.7953199074200651	0.04832101248518538	0.2745246118945742	2.313769646142828	0.5743603966360996	-0.7023898786387736	-0.172742222386411	0.5429679680056176	1.6570431661054839	0.013102495719574276	1.4644544043813854	0.08050456524477505	-0.05670260977156251	0.3977131304407661	-1.0132933929679446	-0.3206204920699411	-0.21356438405705536	0.1804028310902072	-0.05349048848934851	-0.4499758172541204	0.24586371965328715	-0.8082579136169914	-0.8453662017087301	-0.14684731350378782	0.5404195406690354	-1.263239178862533	1.0358509885330855	0.24637515704354437	2.27953621098905	-0.6281230416101465	0.38679622103582584	-0.6469484423626624	-0.8951131450850282	-0.10822790905034906	1.0933735979666337	0.4682039616041661	-0.3426102822967781	1.264819042610174	0.331019835306709	0.21752893773695564	-1.191990654715681	1.0163702163257906	-1.492257833486939	-1.4857533875703646	0.33792739667365196	-2.6764308373430197	-0.06698075675926506	1.717848143917546	-2.327316515393846	-0.2333092244588125	1.4578214582964295	0.28538078958058033	-3.105169948803259	0.3864800655412322	0.1011969476303607	-0.11749806634220808	-0.8219668871610438	0.5233935760536812	-0.3703978158766653	-0.3301633860542917	1.1975566356252114	0.8098314016505261	-1.0034137312381624	0.08274237436771315	-0.2964745662465814	-0.3874694862693221	0.7601550819592295
DTXSID4020749	-1.458150767957993	0.5184363838812043	0.10974845224582884	0.8116616640267683	-0.6759401722708798	-0.4227305377265703	-2.95312826938152	-2.295576431973641	-1.51396992408581	-1.8045605227171166	-4.004665322755485	-0.29370607629634293	3.480565906667756	1.3757652637168294	0.2592715854841431	-1.10001122501217	-0.7847769465768051	-0.4179807555075583	-0.0932840276261707	-0.005609459307818417	0.9006374383298101	0.5198461314832763	0.3192590149530659	-0.12948112665913225	0.4167087875625417	0.3775094560496847	-0.4797398094267888	0.30340159815561996	-0.31488307772412627	-0.6093177947344072	-0.7169320274467049	0.20905316638575572	-0.33024848522767525	-0.1892985529748784	-0.32710291118116175	0.008916841208518309	-1.0946597711479997	0.3285984172220925	-0.3504718145534086	-0.1332522884230716	0.09201285408478085	0.3043872186917061	-0.07333862458856526	0.0343242036791813	-0.1556972761223814	-0.1332942021137326	0.08581612474265043	-0.40792972675504224	-0.18389477265112508	0.020845873447333702	-0.004994796280464853	-0.25537301279813035	0.40929188774343805	-0.049754085783005504	-0.2336770251281434	0.02144735120661473	0.07265982099348803	0.09667707239827712	-0.08981967053184958	-0.10455254461053944	0.20310929415998913	0.17822254961929546	0.02233708247688366	0.6297009881709857	0.18116646743087053	-0.9676005374782637	0.29440455930193726	-0.5725516364212547	0.6065197114693446	-0.006634882971224576	-0.2229384225425826	-0.4374889759976785	0.28440958438146263	0.3903244502945684	-0.9576346300517898	0.9313140638313399	0.14371587871987374	0.9774788342748301	-0.30939427415222404	0.0015471790108400856	0.3970706389179628	0.22956312678222954	-0.1986166259876587	0.410240385868347	0.25409261630263413	0.36177751610561254	-0.5606595058607223	-1.1051829842721854	-0.26899200587143834	0.1244749775063125	0.27153482440508253	0.2739376326706035	-0.19504885145086787	0.49354066017960985	0.3120799657610087	0.1084980412791363	-0.511705802355667	-0.2859211765232602	0.18390157122252157	0.06477856442140373
DTXSID1023027	2.0097424211902557	1.9579182116999247	2.4216228046925594	0.36801972289820467	1.2438144131848878	-2.7990880081366827	0.9993285961480907	0.8580171268456296	2.1856292694042283	1.178509825192759	-0.6870445071781355	-0.10449723020006546	0.40185919696814937	0.8495774739742958	2.6946563585742345	0.8553314946828713	-0.2533148210534235	1.6457090047555096	-0.5149280384751297	-1.8013540019109058	-0.7659050699065657	-0.47992321276637845	1.4738896379867568	-0.1943783343544202	0.7974615952718632	0.13408067310443936	0.18930843682657414	-1.191747736735571	-0.5793694515981469	-0.9037052115910101	-2.941318610096853	0.14474823090571443	0.8146546510979453	0.6486271106324435	1.254865341361899	0.5512961379721978	-1.2759560950743551	0.6780975322555656	-0.805375401664217	0.7276493680898006	0.30803310664610883	0.667711997268818	0.38056919101938547	-1.300030051684017	0.9690345118338284	0.08273692596210536	-0.3714282449455993	-0.016062824168422304	0.416390660386848	-0.05096949191027287	0.11328608630127378	-0.4177163137484005	0.9555863832173307	-0.24496435235746644	-0.4784312765681717	1.0139760194068497	-0.11471273506165482	1.3003348124049061	0.5039178039849875	0.38392650037511605	-0.2494233363878518	-0.7260226234936031	0.2629591791510329	-1.2664157648790642	0.34783923199977484	0.431347337195734	-0.6296449754657005	0.2542896902177549	1.24672595994978	1.0173932305923852	1.3064899310963396	2.032348353680892	-1.2481790848778758	-0.6190329107161513	0.7082194993565128	-1.7012647529025142	-0.17575012540230478	-1.0079690902073974	-0.10427676411094841	0.644450203847729	-0.3243683274615912	0.6812436630077212	-0.0554797914959786	0.4931376860086276	0.010161033218303658	0.5452625270955513	0.6844067549667551	0.6699431902084889	0.3554739884265686	0.5676736380522973	0.7697466832619817	0.08846677241009303	0.38491074155103755	0.45537236885854016	0.10390827368306922	0.16485585562093302	-0.08094979126810696	-0.3540064152077416	0.19117957752020928	-0.21918776529648282
DTXSID6042282	1.7266235738039923	-1.7957464500537679	0.4264090056283945	-3.7973553638998285	-1.0533301432194373	1.4567019261266863	0.9782417530972554	1.7996354719301917	-1.6993559765825006	-0.025661352213267208	-2.189259883541035	-0.164689475944717	-1.5330077705345055	-0.0329881145171604	0.4255539362787699	-0.7458534832513791	1.7763889116857279	2.184575229379732	-2.730603883039317	-1.0712668449898264	2.6973352837426527	-1.4627370357508929	-2.1688208008076346	-1.3486436490420293	2.4885781690976634	0.997569982302406	-0.16165538262209145	-0.8470985325546957	-1.1848478909739555	0.05624159770227007	-0.6799726696722906	-1.2417533480538405	-1.8203085403523722	1.4401590928737618	-3.263534031805473	-0.636931822012696	1.2285765907186736	0.1302555790585353	0.362004782937005	2.96343855067856	1.3385229814760873	-2.301498112301004	0.012273831355970854	2.0935169626652406	1.311731076881241	-2.018966636770333	3.707920712318717	-1.3102510010792214	1.3757308693214227	-0.957768491367593	0.5271164398766903	2.9601278221346603	0.6343597001173744	-2.2062205335930467	1.5653339239742967	3.19263881150089	-0.04180873469194581	1.791964495079324	-1.006580876307274	1.7600704341398252	-0.37771112364546655	0.11101290174991028	-2.3706537287487164	-2.20274908659213	0.003242646899038863	0.8187923629597371	0.2650707100689797	-0.22449414128918158	0.2841148144471323	0.24449713911032508	-0.5695226914258154	0.11416106691719878	-0.3547232505951509	0.5104330217148743	-0.4631726533003032	0.15493251593172472	-1.1118124644803946	0.7808781831844135	-0.5011847722551915	-0.5376078001760383	-0.4532634416405926	0.22248063192892467	-0.335378364637094	0.17975645645608504	0.11623387250424161	-0.47558204041802377	0.1865447739848994	0.0013151484561028557	0.17114434941687195	0.3669076579758544	-0.6296548891484809	-0.12385127430348263	0.7279892729833749	0.019847671500398165	-0.3422909547431642	0.560830308288711	1.059573490428149	0.2627379308092682	0.10359697205800418	0.5579233743556569
DTXSID8046117	5.0979475037747655	2.6656269744904133	-1.541723953967083	-1.464415890735337	-1.4671696755025663	-2.6620281252981255	-2.5864485709766103	0.7479122541019707	0.22410587183494715	-2.1128212449264723	0.07926881091433673	-0.42466480584011373	-2.953283375274466	1.814743206236353	1.8966677266180487	2.0257354453871637	-1.8180133845863231	-0.5297962696864266	-0.9218553272622688	0.7247439574483993	1.262761031882103	-1.368004300587411	-0.19620599025516286	1.8695635434928617	-4.129202963581447	-0.34166601757469994	0.15159146267760448	0.1705814864969211	-1.1078209099293803	-1.349341446082357	-1.2304697960198305	0.3791584206872015	0.41696255059542725	1.3570430757749141	0.10259893349051799	-0.9974170577239991	-1.654947188074796	0.06411512072372984	-1.6856539025587518	1.977719236814397	-0.3762352798671465	0.9195585001408026	1.1951798900588697	-0.16231701354451233	-0.4222705816005653	0.2973479870324868	-0.3732972244123299	-0.2275950539406678	-0.08344166451792465	0.4099749556594007	-0.3660174641827268	-0.39317307056372947	0.8220940736920882	-0.5221973205118796	-1.6627844322843324	1.8011214724487186	-0.16557829907210134	1.3665772073555507	-2.1637768243452813	-0.974935430587596	-0.04756073791386134	-1.6579047440644006	1.2960449977846042	0.6502423364665365	0.75338150330574	-1.0514834640497701	-1.7609145795617442	-1.5266042230537524	-1.0085921344867257	-0.2714877651234102	-0.08468698869854512	-0.2792235475193873	-0.4435203429981434	2.133312559733052	0.6177176287733295	-0.5556317680445767	0.469521498683171	-0.9190112027374164	-1.6000221595531943	-1.1600938040893507	0.3233676338098561	-0.15303551459128742	-0.20417417510370334	-1.241319386848276	0.2318552009038939	-1.5023317000390342	1.0661466164160036	0.28739959890998074	0.23465038165206856	-0.18386284385146096	-0.15580888354654027	0.31789890557045947	0.12068687466749359	-0.12470602980526896	0.028576401274828123	1.010098752488501	1.171114340188777	0.8040394694709833	-0.25827298039172475	0.3894755159000746
DTXSID7051474	0.5159548204926139	-1.3693459825101246	3.3647358625268127	-4.845683622845429	-2.0280812438229243	-2.291296290744943	0.2699801281037926	0.37109811614255783	0.22812981545163433	0.9460582484136233	-0.364991058428104	0.42271628222215674	0.1428745084706257	-0.4208642384054219	-0.03459372129468399	0.2704773895019219	-0.3579324072766152	0.4706713784346996	0.4069878699437237	-0.6152556873490632	-0.3337899080400622	0.3711410861394033	-0.6934670209396318	-0.7543861388891788	0.7213282423679899	0.723881239354766	-0.19547202692928797	-0.03486655947280798	0.26097592161471606	-0.424298239538968	-0.24406788794071585	0.14372370181314315	-0.5826757462362241	0.16447185095137312	0.09784385830436823	0.5874263162971413	0.6117533447045891	0.5053894847873303	0.42485523859115504	0.43532782304530054	-0.16485134650066016	-0.8046428602673036	0.5299592458880164	-0.6193577647912154	0.5434784234116088	-0.23951048089010915	-0.7182137835757816	0.5582751832193674	0.39763337749518346	0.3972524551060927	-0.001290080628180856	0.16720591667552798	0.3512428570072754	-0.3259845601229843	0.34749086213398794	-0.1939916583803034	0.15759411641765617	-0.27691370139169175	1.1306996567287557	0.39823333107794034	-0.09813001506484233	0.08299632149730365	0.014026107142551215	-0.06262205717443729	-0.16795015111607253	0.022704788988401024	1.1122319807767747	-0.37587670757918074	0.37007927121662887	0.22972749902173065	0.680512833801003	0.11537128649382852	-0.404548918896827	-0.18563202025769251	-0.2850421683380602	-0.2844962397158025	0.47095646647842515	-0.849705034184501	-0.30449819428402036	0.1673095262717834	-1.8034137781079826	-0.7554206428522792	-0.4479242129911773	0.1946661023120806	0.026022394347329666	0.30730992192622053	0.4663754521667979	1.8853658342817161	0.5917388831358242	-0.5970890960319215	-1.2026942218231391	-0.8500216100295556	0.47388699327397	0.5300583077480273	-0.7093473426682197	0.33877587370446166	-0.22158886650923518	-0.3184328583261255	0.10098548627300492	-0.0014799147231410398
DTXSID5049314	-2.678314385938061	-3.528387363558577	1.5936753377386021	-1.644088328936675	-2.107982468005796	-1.1914398262899044	1.3668549158870074	-0.09090429243284197	1.9522370345393305	-0.2703880180312349	-0.543992802949353	0.18404815213730633	-1.0870036027349848	-0.6260448413507059	4.205055064727756	-0.6342169370506551	-2.7634679958572614	-1.1143391147813124	-0.08296410390249767	4.489237394468097	3.197724177455654	-0.8836712229032484	0.47675308649452225	1.5099351084271764	-2.6453407408324816	-0.7072131460903406	-0.34518209212123463	0.8649431102565115	-2.078634546478646	-0.29060818557379037	0.6372791307525324	0.18735613246977229	0.3788636168594126	1.119963211523421	0.25098684308803104	0.16805042038529655	0.006983528659118357	0.01749193953678046	-0.5883355148031626	-0.21860096419752872	-0.722760882193543	-0.4691531919932756	0.1918390102168528	-0.3447230805958296	0.06987110353875407	-0.32442431293759627	0.362653006871784	-0.6030327969543078	-0.05021517334951032	0.09719981658639296	0.029569430156039758	0.04738172676779466	0.18638192658172317	-0.6652248465460582	-0.7581048251312388	0.30448243063122843	-0.43647693223068207	-0.5771469774617091	-0.014673298239776403	-0.20530253750182853	0.4389164986213808	-0.6595545093175237	0.8893201429196244	-0.12930423433943938	0.07319788775889535	0.07597983512416036	-0.6048548518644797	-0.1232924434184225	-0.35550083416046213	0.30849666267928594	-1.5970730566722324	-1.422756250835463	0.3281086906813437	2.0634981992111867	0.28216783077421514	0.6793717290659915	-0.3161273268822874	0.7017397907281855	1.5341680243170188	-0.6313611527297662	-1.303693378018801	0.6005741590076726	0.964901472396586	-0.8012603665985856	-1.0461577823436914	1.9121302961510767	0.020741249926659388	0.30433030944479994	-0.3726318685546468	-0.22577741414342917	-0.6959128218543186	0.8270746965092838	-0.3724194930246716	-0.3717973353916969	-0.35413177243264454	0.46036140867164854	-0.06491347035152113	-0.47695853280005374	0.28118721643885497	0.2527334072015896
DTXSID2044925	1.3354143920441346	4.3895650712266185	1.2627605532963364	0.5431819107136286	2.274055367686516	2.142362673299658	-2.883572359319647	2.2925294551131374	-0.37396805926683957	-1.3155938026911616	1.1210785641755163	-0.4419439769147642	-1.5722891367409657	0.3294605179210181	-3.029794942780523	2.3217365299726955	-2.1922614793597544	-0.07360602296438352	-3.575846563643077	2.2990570869728137	0.7349930992311379	0.2270451549299624	-0.36381207532626963	-1.0870262044913683	0.7461783745712471	1.246754048236429	1.6256896723464533	-1.9798199517835826	-0.47861002980209333	0.9065349546466758	0.9764811712192047	1.2857391611838869	0.6610979669075094	0.350449343192248	1.0836118349537556	1.3167597701774598	0.23124419112851122	-0.28359033786991933	-0.21132636423609394	-0.36626782074756625	1.6985326938696386	0.6166631842416082	-0.8992564722929475	-1.0691579255522639	-0.4271870158168049	0.8702773115096214	-0.6577716141173277	1.4358199432803234	-0.7966600571559812	0.5830803211357021	-0.2700774508849881	0.43781839186031274	-0.09289827011577217	0.6239963886764412	0.30104944451770016	0.00668780707319474	1.2970224111794884	0.9578773138169328	-1.5746524490622145	-0.2662943919703871	-1.0565331278785375	0.13736846291421914	-0.3358817891691529	-0.5270557424458019	-0.6785567242995274	-0.2112094909896354	0.1822656686476405	0.7055183897048439	-1.2777194379440862	-0.681232477493872	-1.2109956599077174	0.8504674294215837	-0.7267204189002492	0.6663239583994979	0.33877282748552373	-0.3903465186137307	-0.8380745802967043	-1.9426852203772327	-0.7339261422056552	-0.7438927816128978	-2.013592453692578	-1.0053317084099236	-0.9035619670497615	-0.30973543481098714	0.35598681816745686	0.9320027248073167	-0.6275449276467685	0.28950066996612445	0.31452356688125127	0.00989610823840189	-0.6093946579353542	-0.166552010870767	-0.1723945181333524	-0.457245582459269	0.8526926304675981	0.28053345283636016	-0.23891980538302923	0.07563442742605794	-0.2780857820546534	0.32003258449215766
DTXSID7047190	-0.37502516852859863	-2.576723947208323	3.775764844401731	-1.4633105083147593	0.10992748309242305	-2.0080653654962575	0.09883297071280739	-0.02918725119098991	0.8288790285034562	-1.8536506441198313	-0.34281344029659605	0.45086535785454146	0.022928697543917045	-0.14599984983285552	-1.5895218254332082	-1.8456197068460718	0.7206657976852727	-2.0291884629180403	1.4848812800476132	0.37633633226902075	0.35971128689370013	0.9709617439348928	1.6329231168571663	-0.8396527844053873	0.3950435586345256	0.037792977820527984	-0.23312403330461753	0.5200262228017336	0.21407536851805342	-0.1623400826578462	-0.5312600572745892	-0.8132941351923176	0.16154395708090682	-1.476812876760991	-0.2275556518437369	-0.7097915389323107	-0.8873794360531557	0.5897109212546803	0.23827228529279224	-0.015427910572936536	0.7337480288551987	0.24900121570641987	-0.576737070960872	-0.4830989621414896	0.5736478877906627	0.7701475682110615	0.8910046873462841	-0.3667760289849375	-0.2845598646633568	-0.5098903985192563	0.06261886208440154	-0.09733940336972213	0.18628897346098	0.20652045749676362	-0.2508912975370109	-0.7546441778145723	0.40841030087842767	-0.49530764427180185	-0.07165120486864264	0.5924780405744977	0.41481836190530114	-0.5841347370596374	-0.8325808841697906	-0.9000108642749289	-0.04935281318950806	1.455116014439111	-0.8402264939238929	0.3219298504128241	-0.8817399130109765	0.13956477110514684	-0.18520010994754293	-0.06925468239352975	0.192990256614418	-0.16034108343995757	1.1181958072707143	0.4922549531613584	0.23843639027551125	0.292529260266444	0.22254079388732162	-0.07280198399477147	-0.15592720401909782	-0.10732894547999902	0.06446113293555876	0.10774869276826517	0.16352238152576662	-0.21726407157400815	-0.025618321626460865	0.43047106041406114	0.09153021263973768	-0.05729265203030513	0.4415337363075315	-0.1408175053644636	-0.13745874019454712	-0.04891095052052244	-0.05602627350451267	0.10721869753787777	0.7311283791199612	0.09277770546482221	0.30723684414807584	0.2982138544636005
DTXSID2044395	-1.3563326007954606	-0.40164941722331565	5.131005893633569	-5.360983620371272	-1.8761649799870892	-1.9155766173749826	0.798621378229819	0.17280711158834594	0.9882750665673622	0.8514693673887581	0.6957365091651477	0.6099365226413502	1.9145916620960686	-2.540117373990767	-2.595491544037049	-0.7372609238006995	-0.5210138599143443	-1.092190372240327	-0.08643268564937677	0.8389576064887201	-0.22397238031919064	0.7117660887810987	-0.21836340113847041	-0.15001519409710817	-0.8225821304242201	0.28594137654722696	1.1179821933022214	0.4966141708873068	0.3393404584416441	0.9064516929210026	1.0373455900858033	-0.9416843349826414	0.012969757752708647	-0.419519682832786	0.2898155928093398	0.28243581754073277	-0.7145936583844444	0.0035888185900944977	0.2539199172641493	0.5298502998937821	0.12525390126048758	0.2757580974086924	-0.24719537175484999	0.037492294017877244	0.046974951471054974	-0.02524632080072123	0.41559938943021385	-0.2563770800389121	0.10406281752985044	-0.3865266444189433	0.1447724156284203	-0.06108401454514684	-0.06093361448326596	0.26194699312893654	0.017761569974562335	0.027591279174346374	-0.03248017023808046	0.19863266459290085	0.025255352190887446	-0.3060310214739327	0.1529093771218079	-0.4095732650701645	-0.48346685397450295	-0.1710451934608558	0.3113548191590672	0.6804335773306418	-0.3550143580306436	0.5815848375316269	-0.24994480668077762	0.24135094722870512	0.3528441986694167	0.2551726323118403	0.17642347436289849	-0.12071146073455917	0.010476469193635683	0.07233382108258192	-0.08084756220286111	0.2040957519245784	-0.0397242177177875	0.09437843245123656	0.3889965143438421	-0.3041083966378119	-0.1536823102591585	-0.4335210889886395	0.17402287914539774	0.2732218301333883	-0.32729100239807873	-0.7308960192574859	0.11023373396156225	-0.02430221769112385	0.025227071802436957	0.031862879398153326	0.23213971779515724	0.04012793178984408	0.3709462244902859	0.22761026132236084	0.22567350960973054	0.6364099755771893	0.2983712934258833	-0.2713765941434105
DTXSID1027556	-1.4568524702637689	-3.5327574431752904	-1.5959184243946642	-3.5690865894859	2.645672636490347	-1.38948081073159	-4.184827815063791	0.4370517622050536	-3.729593498648864	-0.3338833721858035	4.494249881919486	-2.9938215801651142	0.8865194992973063	-1.977174786675916	2.738191783347325	-0.6584079789746506	-0.7564481974830173	-0.6223557672194312	0.4387421233293478	0.4495216957209366	-0.8076561675877628	0.7352272803885549	-0.2629285288068948	-0.3933517653840126	1.2131116835852949	0.4814779064446322	-0.06956518361266614	-0.2813936131165427	-0.45674332165314574	0.8608502902047419	-0.15342814565597168	0.4232669582631801	0.7498391108346253	0.2953510211199446	0.7347676342267835	-0.08976611321661143	0.4522657880250566	-0.4099244835877338	0.8393417699653258	0.5031603029540678	-0.37058110858804105	-0.3276358901231512	-1.2895198933756635	0.04126498425020814	0.3111586703366851	0.18234147284138083	0.36749140093201416	-0.3743757978493121	0.46460497148574276	0.09381584785015581	0.0597724319035551	-0.19489819008044126	0.2785808950213483	-0.1458709258100013	0.7693181266344891	-0.3682720940941744	0.07554835817306427	-0.9145747177215499	-0.09217580973014183	0.6533990067182389	-0.9838627605883873	-0.8588356991673088	0.22219792058956322	0.6005412099611487	0.09803491448515529	-0.6104142425659623	-1.0488966456678097	0.2790557939622998	-0.009934801623039152	0.46765830326055324	0.598641658985637	0.029468448660342327	0.2891227576675112	-0.4969630542336538	-0.235870099898113	0.02786257561893555	0.5831954794485602	0.10463941846266372	0.2057348713401383	-0.33477417306598767	0.14567569644488296	-0.12628143654704635	-0.6842544263531697	-0.27530648645897	-0.810841327259185	0.8599721883783689	0.24431157930467223	-1.2947250401975168	-0.9948857664542569	0.5285870387623475	0.12585579633848826	0.10868025424361903	0.062280469870989216	0.15061737350193818	-0.09334563887880902	-0.3694952880271496	0.3053339603012627	0.008452428925035472	0.16629451955879138	0.6713438578329627
DTXSID4045393	4.321740220543447	1.4255246523330027	0.11374056469730316	-1.4575768151908721	-1.0943551310267272	-3.170192087324077	0.21187335928947718	1.467618754914097	-1.2451982027072175	1.728003156014336	-1.3104632724034257	0.29471867309869876	-0.7545835379830682	4.603522306867278	0.6471307201263199	-0.8979420053061661	-1.062933378197313	-0.2573398561220066	0.8995801649150247	-0.7802579070879694	-0.42296575513744256	-0.24159151999501516	1.0053506391695226	0.2458259477212924	-1.0808283480987544	0.5287196232754143	-0.17126388752288252	0.2577213300865552	-0.3897242987510362	-1.0905363844080775	-0.9920359289006866	0.4343311861369506	1.74136384031998	0.10550536910611005	-0.44523936178994844	-0.6070671136223562	0.03733416157414469	0.11829332597442622	-0.9517502965988599	0.9443327345759843	0.6617801463278149	-0.11771348573945704	0.9013997241685267	-1.4390067259786707	0.03308514045768586	0.35302118216663686	-0.5422942402049846	1.163275112096552	0.2682895401263322	-0.2213939169310781	-0.48635030850049676	-0.08849154900370093	0.5540897062356538	0.012715031259094853	0.09978869392722862	1.4301356221958208	0.3956756781610449	1.2609510469349827	-0.6381867594134183	-0.2476309971994066	-0.30390695053173133	-0.8949254223657522	0.3213044151725859	-0.14874601963249798	0.17202142980018895	-0.48977635961473415	0.21484798770694338	-1.2671419777812918	-0.5661171250996839	0.7515738496381797	2.3738034932908367	0.5503756423656764	-1.9284477435908762	-1.585514125260796	-0.7131194589257955	0.16434219174978312	-0.4429490005735199	-0.07670633255395543	-0.12144143897370523	-0.6488658326976385	0.35754750428890203	0.25160141724084656	-0.7087559303465791	0.7160044456491287	0.8213785847116214	0.275127010416066	0.312451467574548	0.8969768521473297	-0.8773295505036951	0.6692229589675769	-0.4368417109153761	0.4363707416774239	-0.38057968303683914	0.12275204782044964	0.06191338056953377	0.105525863182215	-0.18345025497051	0.26314866586602065	0.3762779210201514	0.08614355344345562
DTXSID4052506	-6.552110730645653	-3.214673520429836	0.6524937996718576	0.36389358459511095	-0.952436406608483	-0.13026178586107096	-0.24563465037664192	-0.6236670852542164	0.1825526552248573	0.31511976155487775	-0.2510524270314539	-0.13072119051609887	0.14275155459937622	0.09902368944803831	0.46488607532433507	0.22628370755409916	0.30670839399176447	0.44394096771048397	-0.4692287162250882	-0.9495769018988036	-0.028558070123096323	-0.6881378104271448	1.1433344982592624	0.0717692878142088	-0.26611814297706493	0.10667962459912703	-0.05924951598654589	0.1825105605055176	0.09427066079868011	-0.28667026056937106	0.0371700884992427	-0.08693278026203707	0.337650373468663	-0.4598096384159253	-0.08574855316380844	0.14554355256093301	0.35259204804338307	0.06775811871479862	-0.15921301462718446	0.13713994724971504	0.18863994843018622	-0.11071706470777522	-0.10066463604079216	0.1306240629759664	-0.28203519453196907	0.04895282039310459	0.050241892510555275	-0.13323097032177264	0.05393016240394267	0.041463491031630516	0.0660225996651049	-0.028005360809443578	0.2207526051765974	0.015071610456846579	-0.04425485932646538	-0.1800256273187896	0.43611671507922706	0.026162370411179553	0.038281812250853635	0.11418147774693677	0.16329389407478437	-0.0036560045088035753	0.10396619589135349	0.21998291960899666	-0.4360713213910333	0.35632577518274944	0.4786095388946096	-0.14882405735030912	-0.1437774250829241	0.2598914849108553	0.25891759461418384	-0.04637789020457031	-0.034785646121804084	-0.22156979746332972	-0.3069281759374195	0.17884819301864294	-0.10935217479576755	-0.035635169125086436	0.5134581220477441	-0.7133053203047178	-0.006239989334747361	-0.10239816377585621	-0.08703995257564037	-0.2602753983274643	-0.11192412306170468	-0.29365575108320174	0.5749116765193798	0.030688501283624776	-0.5754124120234962	0.048537573544784184	-0.4316533854311944	-0.06449990821804615	0.04983091541852813	-0.03373635905806749	-0.03767174363775864	-0.38470911341103303	-0.3426389066603647	-0.36192690316331877	-0.27694930232755016	0.04284384506147645
DTXSID1022051	-5.205147137828008	0.11383322094448992	0.9784413596556888	1.3691294559175684	0.3469699887667296	-0.0430143623342532	-1.4731900250583616	-0.9699395598128554	0.9754098047774292	-1.1570913834128709	0.15047352152809332	-0.08049890104915136	-0.3279728954826774	-0.08231420777139965	-0.3303162792569253	0.2659529853320691	0.41402011975439684	-0.16378542301168836	-0.5651072371765961	-0.7974853836186633	-0.3391534379051057	-0.5260284921023874	2.017537445349076	-0.10975262085008713	0.2771443099204317	0.09491004598225246	-0.45741514549480206	-0.3168086459692648	-0.29603130497486135	-0.4143928286106279	-0.7300000852989463	0.37343489091839616	0.014581010643818317	0.0152902891910427	0.6341534546498602	-0.47406974625944387	1.7088290140338185	-0.7677598245159117	0.6337840002344001	0.5174022880725402	-1.898553855162867	0.37033606905206334	0.7004095559565202	1.718682804881838	2.1362909800963368	-0.091893666581355	-1.980647784531463	1.443776353883736	0.8903062981549116	-0.7990215917092465	-0.12791065322149037	1.3914493739542346	-1.2967467399838999	-0.29461356303122027	0.0015906262227311017	-0.6480229999329783	-2.0814380478003374	0.9710686851074041	0.4022066639659684	-0.7480402145530866	-0.14147147472156005	-0.3382034531453548	0.0593229043946816	-0.27333677975967086	1.506141407781979	0.4465017335958067	-0.9263596586702185	1.3537281474873653	0.04828215446548826	-0.36052487118664556	-0.06438229578424055	0.1384306651844222	-0.3886701217248796	0.48290284706671016	0.1326364917659965	0.6263276587201306	0.3043715523663423	-0.18296242816044544	0.010045590973367912	-0.13383002628644025	-0.31949883972616033	0.6430428311116339	-0.1684362657249642	0.12390068629433977	0.29314016437523605	-0.12092483247620454	-0.14593375056016136	0.044704889209862465	0.09985650271745203	-0.06272796788882283	-0.2815432222688201	-0.09809642204499251	0.06292642322385282	-0.09058766606625232	0.044758344289105474	-0.368570324084346	-0.16322031554379027	-0.0025613677903310677	0.25708826441198657	-0.18543735102267297
DTXSID9024724	-3.6245109012078056	-1.835574807690079	2.6994551957392936	-2.189057081196479	0.3768150908530711	-0.5749535315731389	0.1047567728469508	0.7721823632966897	-0.19027651820753028	-0.1022789606349929	-0.25453579047870806	0.3004139606872546	0.7761534996888582	-0.5631116825703832	-1.178258324958982	-0.6434875338656728	0.03362179998498898	-0.6191226452487446	-0.226802901254067	0.0788209550475098	0.058202020087827905	0.3495477690389624	0.5756393389403421	-0.11879471518807146	-0.1609285363935083	0.4452228586880759	0.3837701473747569	-0.3408769552937529	0.03992208734580132	0.22412616879289052	0.2862212886672026	-0.29965323474104166	-0.04156440643062404	-0.6609830991376406	0.5580966519406173	0.035370297711200406	0.16872950106412837	0.014182446956114723	0.3754870440930676	0.6000922575724503	0.13852370383980747	0.5905234276477446	-0.34580400457229715	0.3199199816282229	0.13446068241543882	0.03520216370552186	-0.07802197309907334	-0.1140364773312507	0.14357213908296187	0.13472670756875052	0.26158831239198616	0.06724497664399012	0.16545304310998182	0.1617170386006358	-0.1740931953594861	-0.12025337701150511	0.2560050986742595	0.2061939364444497	0.07699072848620017	0.15620111948142673	0.05064569566781768	0.18142418608625607	-0.2961759650578179	-0.290824180430469	0.02327287558225175	0.3526517164301335	0.044471726810774666	-0.02070437167204445	-0.12793502089513709	0.549453797419327	0.4824645416740944	0.6228538206491981	-0.3349346052132155	0.3821446385426368	-0.28015627540901605	-0.24259940259815324	-0.4642533719187811	-0.10391813633326634	0.023508893984324316	-0.21984538964629657	-0.0751180656668296	-0.5829307852107865	0.09877634109345951	-0.44846212249078277	-0.252136691366527	0.040505319415874416	0.17413425684834374	0.0873215856780492	0.06118855906281915	0.02421868676742963	0.04662966381631491	0.03194621014129624	-0.009950465233591598	-0.08229190066134315	0.10339157156327594	0.31813166114877	-0.061723224631617	-0.07745774569442065	0.02229014601397931	0.19511519029811863
DTXSID4022579	-0.6733469809921275	0.3208664872625523	-3.2735805193166096	-0.45599869533529686	0.03705181270964006	-2.733625747643258	4.953344119960506	1.50515167762311	0.29368746136871204	0.7099238905003217	0.7794870908130074	0.38037697352606975	-0.8429799336379388	3.4959757371651508	2.7309370504753194	1.9787718471121607	-4.5747296000583155	0.5853590369534405	-2.2100966366946713	1.0921940805987536	-2.9601177062137984	1.2451402596789696	-3.987292507236145	-2.471434609138103	1.2434193622755736	0.18573725712212066	0.7631235582407769	-0.5643523422689015	0.009167594052223442	0.5462314122552776	0.07775332880946954	-0.37898712307866933	-0.8663100484862493	-1.3648744032246323	0.6458993834116893	0.6401890336265299	-1.6741321629558232	-1.878956255422527	-0.07561442774279123	0.3227305272797757	0.2673529204452467	2.129814597042579	-1.0852881029152184	0.7973715821284416	2.1859885584198584	0.043497018876415834	0.25983592137407613	0.4033752879142741	-0.43968704065991343	-0.19106864260107936	0.18472816868764327	-0.13084568242231054	0.8233379718061279	0.36638850154023184	-0.574828604744935	-1.37045794117606	-1.1738259599776815	1.142964883335747	0.6284166134908676	1.703848154364531	-0.8715820800221219	0.031488775150781384	-1.5453687824572204	1.6131837433418847	0.21681701432214995	0.022656439834873743	-1.1890547027204577	-0.7463056568907672	0.4026713629819887	1.1192515994905523	-0.9866615385041955	0.755325846126729	0.7426370041922931	2.4418410489307756	0.5767602471214173	1.753299956991624	-0.7946582552835975	0.39362791427609495	-0.13838829870055108	0.48493066876262253	1.4121172132877495	-0.040856468042220644	0.3556878043895895	-2.7788017466850254	-0.23405783941068062	-0.22738923560881671	0.19077358836264433	-1.236416743855979	0.3358012075761418	-0.7065115540239852	-0.9850187567782858	-0.2758921447761892	-1.2416335527774316	0.11410235570276323	-0.6305813126748421	-0.2297620265476174	0.6407570062131238	0.9853975891826763	-0.5680496547693963	-0.27090500229564274
DTXSID5023950	6.337748116035176	2.6973951590829777	1.9270318001703155	-0.5426929023746636	0.04236677278217642	-2.4952885091321724	1.3805887464510291	1.2903702462712723	0.08517046124034888	-1.3618724398965956	-2.2042326004822863	0.4217111482812742	0.9890734075430989	2.002457531571194	1.629758479008539	-0.12588685936563912	0.016466842367349972	1.0072526987361492	0.17697358729242185	-0.4273945032829114	-0.8204508550238822	-0.4950045868410034	0.642970895576593	0.37833619234577703	0.7908195058037317	-0.3492797270046627	1.3311514372560294	-0.34096638846084315	0.334416999174914	1.0331775433973065	0.0940090067485632	-2.2754050537716446	-0.24385625224888613	-0.5072588217793265	-0.16433598116553713	-0.5342693574490628	0.9515484868406736	-0.7162812407378626	0.47462106045752944	-0.1441282859510938	-0.15262847560620044	-0.977321960744348	-0.28432057799717764	-1.0595440228353943	0.3969447911804368	-0.3545709892682811	-0.06834999133966375	1.1338019735644151	0.3743527424870684	0.34780635393084924	0.14234337352436482	0.3388007607580759	0.5068863885523583	-0.07176374046495732	0.8731808649864078	-0.09132197506085865	0.39096806766722375	-0.007588640333021756	1.3467875739892274	0.789202140138375	-0.6149170592531076	-0.8596832762937907	-0.2836257316535773	-0.7659077240123082	0.1914290267480969	0.798182096920066	0.5305165525707931	0.03282795876254482	-1.9493369793199278	1.3629049310202075	1.332484474430796	-0.5633903161687184	0.2589395736696294	-1.308354742275498	0.08483354649849303	0.2742809361599339	-0.7254220785722127	0.05000858026389747	1.172570120658807	-0.13651468329498884	-0.2427332087259654	-0.9210831274095849	0.8504821205113177	-1.7431438262193117	-0.9647345905279183	-0.37719049130539284	1.052380003611271	0.4514164303751339	0.49387089166896725	-1.148187535253073	-1.1701926811776755	0.5672020008204369	0.6040668110830779	1.02468410893558	0.3061335151357339	-0.04001696655662177	-1.53417383859444	-0.4843083501708118	0.5635411872855838	-0.5059870463799433
DTXSID0044577	-5.926167898310048	-3.8742816057946894	-2.2053758887256545	-4.294979148130564	-1.3264277325107823	0.8029549241830701	-2.8188257294546673	-0.14412826530034065	-1.896290139017873	1.6123112339339116	-1.3053643855423869	-2.7160898194205423	-3.4422278055264353	-3.6737129604662235	0.6091447591870898	2.3955939720169477	-2.833061784086502	-2.06844900054885	0.8088969053988185	0.4867373310929679	-1.5290791175279372	0.228479837940174	-0.6128833074152694	1.8866777992879389	0.9175750494186805	-0.8275827078723309	0.0514851817301859	-0.37185962963584734	0.34370291994908897	0.4183765146100415	0.4214672612209469	-0.6437140431875412	0.9324123224137516	-0.4725401804922934	0.7200511623897083	0.8306843381516815	-0.8394162905967127	-0.13566263531609132	0.14207862916708452	0.30430833695417236	-0.07838202800895906	-0.30877622590037823	0.26168350239846805	0.2745923507982426	0.3108335200927606	0.35244390284945476	-0.3452242604228298	0.18508437767102792	0.4257191443261682	0.4951813257184305	0.05215821632430267	-0.09877261409685735	0.42813058722498554	0.211012567951263	0.3383202126083928	0.405245295216761	-0.28850359854881064	0.34731259937903874	0.341893736707296	0.6256601488185503	-0.8785937350002236	-0.17511519315757654	0.11568375854411855	0.4509734545243962	0.19495715936234226	-0.6630289630507319	-0.5004764446817894	0.28189427898269287	0.037349684331419886	0.31254936660644567	0.5941348722646206	-0.2844254350684047	0.19477343938574848	-0.13059742691097892	0.31864116300529355	0.13099196059178755	1.0272516874426025	-0.2684328616212953	-0.8830716853211635	0.3175686360603989	0.5508033033821965	-0.4421176622437181	-2.016461758799206	-0.4265336541776975	-1.9890713073416928	0.6303807318247638	-0.0009583105202929953	-1.2097519754110009	-0.8412353899002001	0.6292183644923077	-0.432827363167706	-0.3260317915131947	-0.05489510269130588	-0.7232203445444504	-0.15940275405874008	-0.730306440858102	0.803279607088968	0.13316496337021377	0.7829017909813987	0.37702017570909974
DTXSID0026175	0.8189777036483513	0.9059993471215376	-1.5996400728201214	-1.5113600447460855	1.4323471308523088	-1.5272955632197838	3.274453337350199	-1.1536362856086009	-1.0139676603764904	-2.0808918579648217	0.3113103277041443	-0.9295232257198935	-1.5633924819808174	-1.2267886572982207	-0.22012995415663505	0.03713961585270612	-0.10530869831030998	-0.10706235470041199	-1.394984257944308	0.6287487103486133	-1.246788450317885	0.29779469863138847	-2.111314283780282	-1.129379156012662	0.30807826046698866	-0.03221441644330322	0.1809806291738954	1.0899936062008602	0.9053869246230076	-0.9491931322034693	-1.6168558700165587	0.751230703495152	0.398400560920812	0.007608958517526884	-0.9906091577874437	0.29338824020505183	-0.23301066820512767	-1.831265336927481	-1.7398411468397044	-1.224130000689225	0.7019441993339489	-1.4188455493048098	0.14931189415979676	-0.3130071444727539	0.7582476401957069	-0.4405198496566835	-0.8999859970961331	-0.24665005151108313	0.18734450385038068	-0.7107274189687072	-0.47653841309050343	-1.0183913084871818	0.3206344952806341	-0.1609950988456376	0.1749985664003052	0.5901120421291379	-0.3637314599712161	0.8871039477233345	0.6790509064511738	0.308340519609508	-1.6563391977938082	0.3294168674277112	0.20536739294420714	2.8141545318280987	-1.065369644027509	-0.6316169551865365	0.31739748008628454	-0.7331611997602906	1.5502790709363867	-1.4905455825704197	0.7341409502638403	-1.3960273579101088	1.1229505926615315	0.048270834035651404	-0.40505086956105274	0.9924728802297297	1.7235394371486352	0.1475810919261593	1.769862560051746	-0.24060300473848936	-0.19440839776989813	0.7940063879984554	-0.7593165949175125	0.03578812640131884	0.6558246495841273	-0.7675138928673229	-0.6855927684572208	0.7475877512162993	0.7902584011398521	-0.07320704959099954	-0.44502508251662326	0.6696250681645056	-1.7360150035232775	1.0266960537886078	0.20000318624483993	-0.0726742824285035	-1.5874710437741035	-0.41629858406227027	-0.6678503476117436	-0.8286634539969503
DTXSID7022332	-3.5303254699839943	0.9645241793280324	1.0269406847079492	1.1727612139383592	-2.2585013081299827	0.1719099792131582	-2.4085482641754585	-2.5548091692079713	-0.582239339473725	-0.8252675670967201	-3.6161565644388576	-0.5366387854865224	4.207647108123311	0.085469709945182	0.5385820591071924	-0.6585928419159001	-0.7131707438092258	0.2893246910231721	-0.1712340031375599	-0.05117943133261373	0.3738802727008344	0.5546300837788569	0.6808133822729183	-0.39395833180629003	0.6947519387279256	0.683237553796848	0.35323047788843065	-0.4025631488556444	-0.010557195644658282	-0.5309590134020424	-0.07393409592609049	0.21392239959371895	-0.43635463049180095	0.17840388437017776	-0.6036481278136561	-0.18037391790025334	-0.8236825293851922	0.3960386508997914	-0.8350002928519777	-0.3895498848096338	0.3630365154821956	0.42855639191446593	-0.2620322566305355	-0.028548940136832898	0.010622027733433372	0.11986945076329765	0.14174238017204405	-0.40834129995019114	-0.23061156144141387	-0.091282022063497	-0.07004381269757835	-0.3855013473333273	0.18282588635297292	0.10096698320985639	-0.3062135031686179	-0.14774731507191988	0.16857852517697777	0.3376044590204797	-0.47852998874125313	-0.06111107584034213	0.031389978017670454	0.13572246947489766	0.05200440681924845	0.22299623592696108	-0.14990265725339938	-0.6452404384836193	-0.33432850218726123	-0.2981542718951185	0.11538337970397068	-0.0844061428739156	-0.17669695398369906	-0.5620531262138313	0.9122911818516731	-0.19183487756870485	-0.04938426446926664	0.3996761664321058	0.09292294779414301	-0.09606406345674766	-0.3893815155664376	0.0996099689913915	-0.03190606148024805	-0.5551702184349344	-0.2072495494061485	0.03699333686792354	0.307489314500961	0.3415974861022958	-0.03558100952308039	0.23392238945641555	-0.0075767225526215745	0.1263740033473493	-0.15938995295531352	-0.07833043993187809	-0.3446595931001208	0.11283503812232461	-0.039352421163378316	0.13537024707321127	0.1915635812456419	-0.1168294224060598	0.29254451384919805	0.4492608828613286
DTXSID9023043	0.9172855256445739	3.801727136593849	0.17223050968838197	1.5026976224633544	1.6417074530185707	-0.5907821558424047	-3.9591347180151018	-0.28351383667488106	-0.768485593561728	-1.6159755810187584	3.8381533202604965	-1.4380057498747951	0.38821358191499583	0.1866618624891103	-0.34842441588589895	1.0112276134565596	-0.4615653252380345	0.5597604789771425	-0.9631615085295004	1.2727576071987567	-0.035515235656270364	-0.10243494861865961	-0.25519827054285954	-0.2765468121326155	0.4201659544575603	1.9731325634679704	0.9983328729015374	-0.9212323937622281	-0.4063522162321717	0.4428487743640127	0.09182771494693985	0.21806987795023342	-0.5465290189486628	0.8176460048272882	1.2689033271366978	-0.5343565276474324	1.3975953176816196	0.6864227124597408	0.49711086542414573	0.35640324350737945	0.09839051193824394	-0.015350523359018703	-0.7680671727466553	-1.1582077311776005	-0.28538048562961127	0.3241207508730031	-0.08364388098487108	-0.23832372419382467	-0.1181171249949339	0.06316109861324547	0.1748020572054688	0.3807651087964711	-0.16368433590219852	-0.30321081218516643	0.5606247130024605	-0.4706914314522914	0.8692105215526155	-0.41507480814116426	-0.08524397113737467	-0.13064560436267883	-0.09810801346520207	-0.31298207984665605	-0.4274424024636767	-0.1565865204579536	0.19156971309445173	0.5897732684181692	-0.17214907866658705	-0.20556867189685343	0.5707823505283013	0.5162017136639554	0.32007268201074074	-1.1940809452810888	0.5946282134167595	-0.06346553336891586	0.6386175474985818	0.26368319367942755	0.30721893012742413	0.31877990790638555	0.175100806253654	-0.45956646688312647	-0.33678777800857607	0.4099678423549759	-0.6860726638730889	0.5081897163657639	0.122764952926324	0.5252097606839925	0.1649965241692628	-0.20236558146052297	-0.2177600009522727	-0.6772616515308089	0.3805297426873711	-0.2836990859893775	0.6653881703190035	0.5175430517786377	-0.2505166755991842	0.02236516151990744	-0.19184725811654751	0.3416572811247008	-0.7731436942697504	-0.2625914489494341
DTXSID8021222	-3.4399204296578727	-2.028418421528988	-0.018751380353206764	0.32673254453537554	-1.0643135406941049	-0.04214171577833358	-0.6622582430607747	-1.2131544862668118	-0.27258437026793775	1.0577793998694431	0.5895620804609901	0.21343201368303685	0.19624825739398521	-0.87402776968259	-0.9057318068751304	1.0900561938996216	0.2335789092014145	-0.5198436002608887	-1.249927853886151	0.021556759127685413	-1.2472946546234516	-0.1852064926022383	-1.716000217264953	-0.3397116130894693	-0.96908978887067	-1.4623284977651076	-0.9016457100870383	1.1657686509525145	1.0827706265326587	-1.2773311796876776	0.3469519928715797	2.8858207845193053	-0.678687849846757	0.1879411566941408	-2.7201934549543667	-0.5344729417010674	2.9954663201424077	-6.032699529062397	-0.526388599899788	1.6418804805469094	-0.11707693317573864	-5.575570752048589	1.522443231799703	-2.532562195062937	4.080776028044104	-1.6512066984606644	2.1453986763723876	-6.506189920444796	-8.303232527536638	7.571351690935412	1.1677639634174573	1.502097792183008	-0.37795704594398166	12.838710897120974	-2.1062767792114223	-2.48162786269146	-0.8273621359322535	0.7163820119473757	0.4487070329201835	-1.5962635648857797	-1.8955628849647623	-0.27698033655283194	0.07150058145465234	-0.5640314086004671	2.6651287149968574	-1.6276569612354868	-0.4541401946231302	0.9700992751656191	-0.1197003327755823	-1.1071480376079108	0.7695655688226789	-0.30390708163114794	-1.077369181742695	0.5626446819279266	0.21681382867602045	0.2704626182227054	-0.6924874452174609	0.2696349760096072	-0.7119853276668616	1.2428473432571798	0.15492199039568483	1.3486436638501964	-0.19701934420035389	0.3816603736308706	0.20002179097856979	0.20647199497359692	-0.23615765002876882	-0.1710033224101272	0.5480539624073693	0.24029901344958837	1.7111109093758308	0.6741510511617578	-1.1346096563180943	0.35506369267809434	-0.10711883500128873	0.43713271533964754	0.9383853065130143	0.7312961958911679	0.7059409641226249	0.1062749058665349
DTXSID5021590	-0.9324290595753968	-1.5814813418033433	3.5489376585440358	-3.8058322682507075	0.3545308768950633	-3.05295683759204	-0.8738001791065886	-0.37171680636045595	-0.6278515161632008	0.41194620514554375	3.160485256024387	-0.3754692785428166	3.009266819502958	-1.691532147703496	-0.6438661440428703	-1.5205664700100143	0.32467105406225033	-0.1722997670343094	0.3212611084538429	0.6591946443565779	-0.13870822124583887	0.7816189673381857	-0.14460384434580495	-0.1963434221288334	-0.027371263229393233	0.9172560935254555	0.8976844027816399	-0.16632931769760553	0.20176460596872167	0.790444782656542	0.7180707119031475	-0.6988732462879359	-0.31092142753441715	-0.11707611405918729	0.5684545316207346	-0.04486095779539829	0.1267157516261881	0.20428170840523366	0.5941801465553888	0.9599127528400737	-0.17680573579875977	0.19329068334182128	-0.718965713977692	-0.04342868668087538	0.053804303727149984	-0.019732427569092093	0.5416352053443497	-0.47610708220481635	0.15685149723430183	-0.2588440324841206	0.12897545641152522	-0.06366865265591884	-0.08241132557424885	-0.030763527147141218	0.12703237873642306	-0.405035517391672	0.08749752979250285	-0.5659594349491043	-0.053659930057818314	0.013033328453679405	0.014970923458242535	-0.6533147845753395	-0.20291951208386563	0.05260030477897476	0.2827527257410863	0.5143408955889501	-0.6509875719742814	0.16886746211388873	-0.08467519198609849	0.07523569772035131	0.7996213826240324	0.11472046502416201	0.1774764032957545	-0.16971427459016986	-0.02986336099404536	0.2460343061734657	0.3418416520832364	0.007009378240790782	0.13406284566433851	-0.1963030096613833	0.11944329481825719	-0.28854870207184685	-0.2376463671293736	-0.14463535991417506	0.269985910113238	0.08951316626839738	0.03656489833493515	0.18195894808861884	0.017584369577894308	0.11612978809240355	0.42036146494324395	0.12270893433327104	-0.19075897656644894	0.332509369637797	-0.11941892573923205	0.34767839036864295	0.07950223486924617	0.3028949279433836	0.18849603628088085	0.03948286875435702
DTXSID2032631	2.809965160887449	0.4882127127966434	-1.7866812783677524	1.7175535667598287	3.2889430830608397	-2.3401478346037172	0.06380313024369785	1.907081059385386	2.633104088434668	-1.5331363976175758	-1.9112866738828622	0.21193946996078786	-1.105256202070895	2.15646859239702	1.1133839690413596	-1.422091821635392	1.077930065845134	-0.21852971673218932	0.634765804836186	-0.2874802260568106	0.04673496968043699	-0.17824193712421105	0.01324834579491835	0.2552991366658487	1.5006298754062761	-0.7924113599320924	0.18934591567964948	1.9706450214024438	0.1963507451378039	0.15484676858092059	-2.4534754433752766	-0.9669801464014172	-0.5184279655127333	-0.7563094166983552	2.380735361084656	-0.23149266376848782	-1.707247026674915	-1.744526692738405	-0.8144733994582279	-0.16200375484079668	-3.2050319191445307	-1.09785182597696	-0.8845091000106889	-1.2984109814632157	-0.568448984148615	-0.17962390981963308	-0.41281937953603903	-1.312057365507575	-0.09605917161456969	-0.6486533296800475	0.1318284725142693	-3.0982848127815936	-0.9356355216894344	0.1732544754503521	2.024789518029728	0.8633666099592865	-1.4115704249738994	-0.0592542881198209	-0.7309433705064696	2.4803381200342556	2.2491969301635946	-0.9681604624823528	-2.586397379746647	-1.8691158619930333	-0.015630547596143324	0.4384229940291339	1.13084859542879	2.1432536960269237	0.47735136220949664	0.7549464502044297	-2.772252672345775	0.9506518599532753	-1.3473280908191614	-0.16533176151879614	1.9304357422670613	0.5632023779467552	1.3605074515425108	0.5866924149303718	0.87557878998732	0.37980827425894	-0.2689893092871968	1.7048096386393556	-0.312063599176206	-0.38560252227171404	0.12305461001338161	-0.6607133816466125	-0.142178964572704	-0.02959593174379416	-0.13491350970074018	0.5579936877930961	-0.8315630835754965	0.6965561252974379	-0.36504970871017	2.9519560198846606	0.5556211511478832	1.0123121076158554	1.278533551296351	0.3653414555160692	0.6837154826870471	0.07617013275591292
DTXSID3057850	8.14330353732352	-0.515336912161032	-4.243689730514838	0.9912527442476229	9.02787581869456	-4.659955307586723	-2.2224604533351204	5.13995336385649	2.4860373026733043	-1.8899566656656746	2.6536641508343317	-3.165453277983545	4.563915334059837	-2.0633118901176113	4.1886042567041875	-1.5099194767340616	0.6380777233784869	1.320166479704294	-0.5233844954310278	-0.5373684950494148	-2.467859343285971	-0.7481052166762555	-0.7378865576236873	0.04338599434583813	-0.9521982569598532	0.8814729628127171	0.17110741461447893	-0.20108233935250372	-1.3205369818653132	-0.21042171297826165	-2.1972782778102977	0.9934474377662597	0.7941362137647395	1.2709367801354188	-0.3899056811107136	-2.0189354418086327	-0.16654824870586335	0.1912793758835074	0.07118174081256266	1.6318669936304797	-1.1787135730090093	0.13105595204365417	-0.3420188020799817	-1.0307239492143618	-0.05097977728055785	0.08523936908349032	0.895863633314597	-0.03005180333922113	0.30168586715409695	-0.24710960381680824	-0.09884366338825841	-0.011697077877379872	0.6114512682373582	-0.5453457978981588	1.1796252659495348	0.07967223280281235	0.09240086595134582	-0.1069060429233692	-0.39456534319087916	-0.4267722871176973	0.4247298364643219	-2.7654340741284504	-0.6822855182217694	0.44386565335952577	0.7826984050602426	-0.11524111764983386	-0.7899089774976861	-0.15913718039938973	1.0556855400956975	-0.05947613852093694	2.378401066927704	-0.25802549049116824	-0.8685962989363251	-0.5693238057922813	0.7266322908133142	-1.8035843879727094	-0.806331852818643	0.14572952561755817	-0.7279310843412281	-1.111481580517564	1.8083312814717483	0.16390404946052706	-0.2014761502472699	0.9042912501626306	0.7979932572032543	0.34215288499456914	-1.5636804619175335	0.8764536039192734	0.7108415485919755	0.2848929958156655	-0.20317210865157803	0.36310519092123167	-1.3210740901489144	0.45808495704271995	1.7988279764547412	-0.6131195543846134	-0.46460990127440366	-0.3053407919302036	-0.6468814068152081	0.8152237351726292
DTXSID9044459	11.276245280692029	8.324303789448706	-1.6320026340574811	-0.5102804952974018	-3.86321235168892	4.945744270946206	-3.409726678312942	-1.607566092719951	-3.857221247881296	-0.9418055272906095	-7.980166546046432	0.6347996836747668	7.61858569404073	-1.122089532347186	0.5553278456330982	-1.6419473837174003	-1.9176865042246654	-0.1827151914623138	-0.8891353448277668	-0.46723702910229975	2.3515970643876605	0.6556370360332106	1.1750066160637336	-1.2963970174161028	2.020736669379526	0.09112806254402932	-1.4417420745927478	0.2655204165200921	-0.8606595051304448	-0.24913302233099327	0.9085171666830693	1.4168925249860223	0.8970921175312726	0.8300471556328103	-1.1390593704540397	-0.21835718818273958	-0.9955681533949399	-0.21378166693856934	-0.7304077661252124	-0.5720932313134129	0.06201448541282399	0.3579468802596853	-0.3161132252326243	0.09622055329329773	-0.2586137509953336	-0.1672639220207423	0.005135422017634105	0.19264862253538628	-0.45077464528910594	0.3752246633073012	-0.455491075604308	-0.6396821182159382	0.2764930478137484	0.22492000903925422	0.09705231764149236	0.9827037478443569	0.5195193318990039	0.25990556400671083	-1.5809561260458351	-0.19812837514902548	-0.30427794040196765	0.6085929215042156	0.3288327664893378	0.6119440417800813	-0.044026892654014445	-2.433939425890624	0.5265794017585352	0.013516654554353047	-1.5164659235660416	-0.4176107117735	-1.6909366145781075	-0.08459783234876597	-1.105480815950972	-0.6651689714029482	0.5727664693438917	-0.5091845270121008	-0.381658661041331	1.3073570003375774	-1.7773996889965988	0.47162849915211935	-1.4048594874324836	-3.248733791542593	-1.795611703030911	-1.1007225698432512	2.017006045153853	0.8632067964689969	-0.9558214039497058	0.2114579218600248	-0.15414620385073619	1.596215585145258	-1.0201257218112987	0.7978092604528121	-0.046623324644399285	-2.1930616991860368	2.3318891961865	1.1602389558681032	0.5290404558434131	0.9723631615814063	-0.543881257946975	0.6965079553994918
DTXSID2026739	-0.9492954533149774	-2.54546902625446	-1.8385564382906592	-3.1399243805762453	0.4113852730206905	0.41933547194025406	-1.3418501852192746	2.561228974579017	-1.2303970059887646	-1.4194315187966853	-0.4847880340729832	0.24220171686710015	-1.2171008677063162	1.4641225248118575	-0.3799582614876484	0.07727984531645657	-1.0850796758034784	-0.565219022637195	-0.23199941886770314	-0.03426684931543492	0.07623025165120162	0.2187260667459115	-0.8904619728067487	-0.3209951288886763	0.3481699392972074	-0.24762957956144155	0.12560454611441904	0.7426973708573814	-0.17619154354546115	-0.12424180803208851	-0.24595936312454114	0.8890407761443031	0.3657124990046319	-0.3665638036310183	0.5595082831950826	-0.12137753537735572	-0.3413891687687002	-0.40971175815213845	0.580867370012205	-0.1574466017891933	-0.24542236915735544	-0.5883881943213436	0.45608291966380976	0.2879173060255145	0.1462546108299398	-0.12121598588910643	-0.0002664706011797499	0.5175758643392452	0.430878549228162	0.23870478082080798	0.1271703587486195	0.19911359143778726	0.3918714781423471	-0.19651587340174617	0.5028983525752158	-0.23162704010874377	-0.1436666769264694	-0.1926976393796569	0.4855886733202683	-0.0662780440934407	-0.3120991584428888	-0.27311134354685945	-0.2313215078710596	0.45566192287147483	-0.012874015641408732	-0.4518350889797895	0.9749530939454831	0.1680258655121979	-0.1367662094751907	0.2900111824298982	0.10129374051665685	0.5418037264035505	-0.03462468025846572	-0.1064963337427317	-1.0454113389670965	0.4926212960379559	-0.3277925250964052	-0.01984341468453886	0.10782488032278742	0.5450034026540761	-0.18725092737452956	-0.11762973392991367	1.1326465886518249	-0.5361326583867275	-0.3188579490639532	0.2696426193276933	-0.6836404197477058	-1.2608823939448595	-0.07739788744889264	-0.19858920497797822	0.07314360919826751	-0.702884758270199	-0.07685634562017643	1.22389286578264	-0.3652535821750105	-0.1012250012690222	-0.2346049783406116	0.3956147405769289	0.9920970623484262	-0.8242492760345955
DTXSID0044600	-4.745626594797872	-3.0304952278430806	2.2338829108435494	1.1363187659699636	-0.6454968519332047	0.334514819919693	0.1890836354421417	-0.8397883675184823	0.0794642600792851	0.47527072460581715	-0.14893118222837448	-0.14075103703733582	0.3662749175299979	-0.009812571751113797	0.3536735275668168	-0.14235582910752337	0.7109140452393697	0.31292735955416806	0.05545932545630947	-0.8584581750232336	-0.06516143342204601	-0.4077573130852276	0.8354133939111036	0.418702964867171	-0.6868927595443852	0.11613705624673638	0.6673445749314886	0.28855151330391066	0.3773390591307417	-0.4396310770193038	0.7542390804018775	0.3864033572445088	0.08001559626813508	-0.711602132324424	-0.6996004423813732	-0.5657694574460148	0.14570081350156214	-0.08799332468119334	-0.15456782986027254	-0.43853166993856013	0.22456213152121973	0.28728283890494655	0.02109262659445755	0.6519417808517314	0.19992325730863553	-0.05127513931280278	0.30320986715435205	-0.2546598553615741	-0.02645221277993396	0.08784123240365832	0.030294056491243636	-0.18069731470335207	0.07030369065362914	0.07874420539602334	-0.15079825328427446	-0.3230484188937284	0.13383653016253078	-0.22328550911820716	-0.23413706304858373	0.44759923627635845	-0.2376603000093521	-0.03721147403824694	-0.10896297387057034	0.07762086304483344	-0.7368444524828655	-0.060753752635993766	0.6965844175417147	-0.569681569470151	-0.37244803263546516	-0.28815822804654034	-0.20762219630281628	-0.21895441631538481	0.027308798508411714	0.01254248588781392	0.6490511712996896	-0.04348358114099674	-0.44257425956462243	-0.2302901688164465	-0.4398134773078772	0.6941651864611112	0.1295732568690435	0.37335357127865565	0.03558312014199273	-0.23221334633562707	-0.10314459083863287	-0.14397977487222657	0.34765941040908954	0.43022093701477276	0.05017104169458287	0.019211371516923384	0.3191171871161471	0.4319455342711629	-0.634163883261329	-0.211570125528978	-0.035164330856463956	0.15594650967725002	-0.045738956711298885	0.11005927636741142	-0.24477040520581664	0.008659486816060673
DTXSID2024662	12.471342100020635	-1.59754571569708	1.6540438130383333	6.753088113381774	-2.1993047249886035	-0.2427472754074207	2.497671325371694	3.231953488871446	3.395388976293571	-2.939139031412139	-2.8580646317456937	1.1521515103827364	-1.7736007107737233	2.65668605180591	6.480381382485718	-3.6467713480289183	-2.247307926648502	-1.9621080496749161	4.262017119595767	5.983903484172895	2.8734992210579975	0.35562666953447214	-1.0930582931339003	2.12384718876569	1.6634890889651375	-1.3440553671832125	-0.8899067400850492	-1.4647749979951301	-0.17141349235369713	3.408308776211089	1.8591851596465898	-1.692197673010438	-0.16794316602666967	0.10475363807895144	1.1415314177761349	2.161519566642616	1.781608719883621	-2.4889425995766725	1.5473336385004657	1.795287673399404	-1.6971448384779009	1.8688899685818101	-1.7560155126244805	3.5403109910786856	-2.036842783566303	-0.4509633828937663	-0.48787573014389246	-0.4241319322778139	-0.7919768057608876	-1.0316086909086195	0.6240729429450519	1.0958689055402513	-1.382726336651394	2.5994595513300744	2.243287524002322	-1.4251512303037315	0.9876112002884528	2.0553218161370412	-1.6031503871499972	0.3225721161344251	-1.4552796322500785	1.5924957937617037	-2.1272330375232738	2.463957099981131	-1.7770071527485152	1.4206302338790118	2.567201584181111	1.201570842925591	1.9597892297334834	1.460619808906276	1.8957173305013806	0.30696640162526895	1.708004574821935	-3.980683372221789	1.7608022495464555	0.1299467221727629	-0.4128044225201323	-1.1240751891332537	-4.353124266881579	1.2497435648449875	1.4025273861767409	0.009997534634124457	-2.3359262736983895	3.376333543552754	2.901916238885083	-4.711424982185674	1.6777172585097948	0.3343875645371224	0.7160477702146123	-2.1398372439356472	0.6325384232701096	-1.3657620698265902	2.3556844453687438	-0.0869074293928067	0.032826808317242204	-0.864248894284814	-1.2327669109910862	0.9354446174988044	-0.18079674241727714	-0.5631467953103347
DTXSID2044559	5.10939559059479	0.4430822504711237	-1.8779231790780224	-1.064339359827588	4.680934859310608	2.824550472117301	0.44482403699115064	-2.845723094921164	0.8841947534666954	1.3203637495610216	1.1644540558985341	10.01919725814137	-0.23462284140143197	0.6952350865131681	1.797086779263564	-0.38499520365754614	-1.9310391020321174	0.8859646552081877	0.9069128045097902	-0.9960248439907977	-0.5316246947725273	0.4098170494060328	-0.7116210055665961	0.08574579571051105	0.39624922778627125	0.13479475037708447	0.4891593423803224	-0.5371882220757594	0.6118525284254311	-0.051240666892728375	-0.06120539127136255	-0.29666232694982986	-0.6345944520227313	-0.18063970189334433	-0.3062332071731556	0.9097307218490306	0.4167872828979477	0.3090399317334169	-0.2873323370286557	0.3416057978042165	-0.07796674780283037	0.20394795034661317	-0.20991682472622172	-0.3870740057473057	0.251281967731952	0.19535246225875086	0.4231399108281392	0.2600952671873245	0.13877837425042586	-0.052029724206036736	-0.1676027833451769	0.13871842133872106	-0.11197829549380343	-0.22400986620997346	-0.08703933275109572	-0.07650167600960363	-0.8144363660593282	0.01373999752423019	-0.47255361044844074	0.48664149764359055	-0.26195310448776976	-0.5154453762106359	0.26743546419126785	-0.11407811480013613	0.03436011663845437	-0.7646442697833555	0.09508353297931475	-0.3752778488960057	0.10471649142973016	0.6185899075924138	-0.47187335520345053	0.13567520285614806	0.0176455551910432	-0.14288242570818502	-0.0645204059539189	0.5986950359282446	0.11833083857084865	1.2863282703805952	0.4091384287352314	1.338736037922169	0.9828646394502782	-0.07042640125389074	-0.6704534727525754	-1.8600852468815732	0.7966160593387759	-0.9940898507056518	-1.7104365997612931	2.1184036150293557	-2.7930131615008973	-2.048999145955238	1.1341015398597478	-0.8410341011347842	-0.16528617942128798	-0.39849897515498306	0.004013983614978286	1.973118202663635	-0.0793135284071036	-0.07772467360053525	-0.6173336107901164	1.103266912194511
DTXSID8047399	0.37438851964694775	-1.4899295223863065	6.1650621677201185	1.3857557213594502	1.4503757372803001	1.151938887776895	0.09639332146003048	-0.7462584828130587	0.032876962036048535	0.8402268386790164	-0.07086274937929472	-0.5068375336469716	-0.3909139365094454	-0.056156474176418544	-0.27321374132239934	0.6591685119855482	-0.5056126940813663	0.3801818227171529	-0.8533171456402491	0.3671673843584225	-0.003749532084058704	-0.08121888314571456	0.3840225751190113	-1.0165685913958338	0.7941275783009919	0.15820066321200285	0.7656318597414737	-1.2460477941283254	-0.035312047855953196	0.12153690071245572	0.24126554880786827	1.0328243126656107	0.6877977811511435	0.6903129450822979	-0.3999792854175306	0.15538898355310066	0.28099592158650866	0.08045558811521518	-0.6058398325011217	-0.8816318720004741	0.5101167417447648	-0.4217556074844373	-0.4689560370920139	-1.5018865215854331	-0.014557187033374375	0.09495148669156554	-0.6254073856576414	0.4766970699342097	-0.10516395692168788	-0.11880066771581241	-0.13566019716068223	-0.033328380289476774	-0.24827829974854349	0.16900163020223524	0.35278747834873486	0.22076017278784707	0.6664098363050407	0.3698889531717834	0.03135660717225559	0.24605523295694548	-0.6466944783412087	-0.0435102228659217	0.12243385144766744	-0.777636700666298	-0.4765312885587788	0.13401235637588643	0.302577750355101	-0.26090796485011697	0.41070789723724477	0.14715127966662025	-0.6636416547098486	-0.5051046352270645	0.8086800851739663	-0.2360673497073742	0.4978992606643746	-0.014272255462141217	0.014327463727104903	-0.038583350642530906	0.03467707323958179	0.12281438291085577	-0.0932020957189379	-0.1023186534160883	0.13261234847923298	0.26013457452040334	0.05326251304943042	-0.11857365284291912	-0.4682795001190974	-0.02302469344172069	0.022481116555832268	-0.1767123884337212	-0.18263894663882166	0.7003229870341623	0.11530023107668311	0.5512590046543332	-0.6711546975320407	0.08706193074737209	-0.2622734754289332	-0.041892403318663424	-0.019407905057376107	-0.2576690751230539
DTXSID3049419	22.861346930565368	0.19273341776267372	-0.3464226184479891	2.012434997941875	-3.2032382684470204	-2.9133855907247255	-0.17254037764330793	2.589072259430818	4.423482297106079	-2.6509924835323515	1.376678783793464	0.9532015041487258	-2.2322002695445917	-1.1432681336498398	1.7730090075822769	-0.8088786110295507	-2.1452668916721023	-2.61292035982597	1.8663498774001	4.004267109445751	1.7337590727413865	1.0381879067836368	3.632231266105926	-0.38197058095481945	1.6957317886190728	1.7252037242969525	-3.1397114361356695	-2.075751977934302	0.3529733937350324	-0.26441131020920206	-0.7366776363428015	-0.5881275642284364	-3.019822609372554	-1.7172521101259322	1.5946053557086224	-0.3441115889031405	2.4452799324659447	-1.449753574988508	-1.6846801453011175	-0.8272227708241445	0.9783267362447287	1.2352748368747197	-1.0713873819473267	1.1228775604667398	0.38702167691344275	-0.9660095348613981	0.8104373792336986	-0.61099303041872	-0.17012829236693397	-0.1555297254767819	0.1776115347293225	-0.4406056936543529	-0.2129498492625958	-0.40942596246596374	0.5084616379251542	-2.9504800444891113	-1.7161775142448612	0.7327913199706614	-0.17947525868471684	0.6191366395304275	-0.46617104555282446	3.176506928087231	-1.8578081886833544	0.3831161877943797	-0.9185208422409034	-2.950633809968797	1.033783523668406	-1.0502383448995878	0.7418559482095463	-1.4999617207335143	2.839515031368008	0.1823132160086078	1.2247606323118292	-2.866079843703432	-0.6087782944833389	-0.010716056681245844	-1.50449073338619	-2.0935048933709575	-3.7837531195090497	1.8671698080525088	0.9801968799920909	0.8464233120438672	-0.9752666159180042	1.6143923230822435	2.982742672692274	-5.9577097793033	0.668094436142482	-2.407778037520223	0.8670344824523145	-0.5363336230154513	1.6182625814590565	-1.5384322312868537	3.5151437100353013	-2.054440299236441	1.1271844498062635	-2.688036457392181	0.4425050990899266	0.062264140672558164	-0.31229813754692676	0.977374122470865
DTXSID0045204	6.262735936535456	5.962803224507229	-1.6348096539000443	4.589726644873338	-3.5035915520719345	1.0450492698245648	1.4439186562988617	-2.3211233764102883	-0.6511576898247216	-3.4292139291263184	-1.8580908446182645	-1.4265062552907235	-0.5829494703659014	0.07353961344964383	0.6160530392338801	-0.25449866993320847	-0.8917852648493031	-1.0128404449758683	1.2224757388881375	2.260319555574983	-1.5070595435793281	0.30584345178675576	-3.260013148673841	0.19505557429351614	0.8634658895682951	-1.198751526676826	1.5221095892142653	1.5098040570719864	0.13939581605283585	0.2347067338273661	0.8822802046404584	-1.0902726880862024	1.5961647526364307	1.4195747871769027	1.0640666239974363	-3.2475426082923877	2.8877639959717327	0.4618941556988621	2.7604883822518684	-0.7424869656916889	-0.23077071411207153	0.8525968246740997	0.5610927869862851	0.5252004214286143	-0.2267689712605089	1.2338579501031817	-0.4253894925888638	0.17624467954856624	1.1998464571930005	1.329069364098817	1.2718309879718601	0.548288571202119	0.27196489210608044	0.5158612012579336	0.5983414906678998	0.10356188695939589	1.230978251971742	-0.9766061797359132	2.560258436698922	0.9944019151891385	-0.9970662193070423	2.1149797995523616	-0.01668293821326302	-3.692962832173937	-0.08137513042805458	1.7658159115234455	0.12465947117026314	-0.46022337874291347	-0.2773751830362936	4.169572715881782	2.3357449067998206	0.3532628972364241	-2.518140260509056	0.5351443931237762	0.3390131703921455	-0.9410023105244562	-2.879833734226223	0.8671130802688887	-0.6969691138550601	-1.0679955583375103	1.6404087139538246	0.3405326924587435	-0.12618730259816013	0.5423285406600755	-2.26461158890286	-0.15298287782155118	3.201698039824373	1.8113156768532688	1.9096511963298604	-2.313841619089858	-1.5100976253942306	-2.511964517849074	-1.2696555396037588	-1.0063199278114094	-2.3439051784488063	2.4938463858798356	-2.15122824696932	-0.13423538137381627	2.0345486669689987	-0.5701748944299312
DTXSID4021894	-4.900848848366645	-3.535300150660977	2.063014176942521	-0.0255878526521604	-1.2581756704633187	0.40629316478460953	-0.41739466738593467	-0.8588025775785204	0.7456186666658151	0.6693223973220161	0.12847350746736755	-0.3754410913810187	0.3796960014983795	-1.0529097221091626	-0.40236034784098934	-0.02634156684651716	-0.22639677644303322	0.057286566179681406	0.08724802861446275	0.21410917330331242	0.09551574071543102	0.19917026015904002	-1.0641255587689458	-0.22282171957030372	-0.4842183919434266	-0.020145421072363973	-0.004222428150350626	0.5748338607960712	0.4329420107390968	-0.17869494521898924	0.45321961798620053	-0.3356625128729742	-0.3405145895654308	-0.6441410599647107	0.2731018462650587	0.2916202642722283	-0.3225302652388052	0.21485023666933573	0.3243680911476692	0.33301303484758527	-0.03374556711794707	0.10253752134961192	0.03647742445560308	0.21813651164278905	0.23420287824114647	0.2279888103098997	0.07063395167811069	-0.2415916112094106	0.17685006872904013	0.0009771316459320865	0.056644665388395216	-0.01705536234630521	-0.049042201530160014	0.01870388607228167	-0.12167717450813056	-0.334502916161994	-0.11584653300402785	-0.08684247462480095	0.0603090521442597	0.24002385551744673	-0.20361202554694355	-0.2610782260666933	0.01755053007627261	0.0012763755886161473	-0.1268474317512853	0.3111734131666907	0.24538818719307384	-0.10038812863362132	-0.12688330894978864	-0.6062917732503261	0.5819890901998676	-0.12610083416577306	-0.14859820153871198	0.17517900869421094	-0.26895080393973086	-0.25371342659462237	0.37467226668148296	-0.1332250671416604	0.11065480518565451	-0.08657521784481664	-0.1849537481076103	-0.10113856202137414	0.12837175378433968	-0.023998193028103916	0.20460064435937256	0.3419030283628311	0.5188528065940736	-0.0533917505003722	0.13709522753593262	-0.31633616087630856	0.034363624694609844	-0.27086603082283667	-0.17865920551779998	-0.050589310133711776	0.08936281210279484	0.22941613096316654	-0.15701075895985955	-0.2814898934977216	-0.5529362122344715	0.6543119335838805
DTXSID9022366	5.754863632474241	-0.9649895242171014	3.8279239427154192	5.166913427164664	-2.1485028114918125	2.5193710981158137	-1.4296138168701702	-4.148512079385002	-1.2333003487507057	1.485614169856825	-3.569767718351949	-0.8014992931615263	4.5734492791360255	-0.49335370163177156	1.3970557337117475	-0.9278974241581827	-0.8041666394614823	0.8243613725753841	0.15752534648356017	-1.057273934533282	0.10414126021905616	0.39796927050746045	-0.7876196353863301	0.3952628898474307	-0.3662372701231483	0.3119114436984342	-0.968535199558233	0.8511174747928248	0.07334958849676952	-0.9514521185228505	-0.5570443854937687	-0.13593117033286023	-0.9394101644795282	-0.5547707280265837	0.22434578038974798	0.3505064614308092	-1.3127391021021073	1.2318812706963749	0.6669801729318215	0.369732737192515	-0.4175043876247612	0.7981050179156449	0.12699030430490102	0.9197497804295245	-0.0855717421993808	0.32226771207015376	0.3407168877302085	-0.4010519934835709	0.08531709697799601	0.22501030325712248	0.050491946200989214	0.02562172729053168	0.2502852439643468	-0.08401000833040267	-0.565244873103297	-0.421308373924159	-0.28670564258702613	-0.2997864926623897	-0.3684953388220775	0.060913479122009125	0.2220343000530326	0.1220778448685123	-0.0073467801875493725	-0.6798104707587669	0.3834194200724889	-1.1474645526516427	0.646133769288047	-0.01274608664511132	-0.3439790036835718	-1.248731773559477	-0.40423556224368806	-0.33159248157793536	-1.3288094401730213	0.33035041838198054	-0.1872402891795751	-0.09429150339989019	0.41152375879831415	0.20970986421532464	-0.48844979552671414	-0.027250724928680834	0.00723168781436362	-0.23807441142632332	-0.6167107368502395	0.008256699278111127	0.18502173112259857	0.18999983157139735	0.4711493779095668	0.8834770318171424	0.43293112215716684	0.08611810039117834	0.08929452830751645	0.06742477730970173	-0.7128897925246999	-0.39966073862060847	0.19599722154422647	0.2090580018445924	-0.13180845007999045	-0.05960385136236345	-0.081064917985256	0.7074418811317124
DTXSID1048758	3.5004219153594995	4.151992130659511	0.7595239246345626	3.1370518305394897	-2.5149488885052698	-2.087142444521604	2.443745073347032	1.8719869959334738	3.4676421290620807	-0.8647174144479622	1.1538236103279287	0.3568878379058968	-1.549097694895507	0.42772216734777485	6.3931077270502215	2.021956550493236	-1.0411808207124809	-0.5580358795666002	-3.5424625748064305	-0.9210990567932239	-0.5046207770733482	8.207956547865003	1.2194870364583423	-0.7216080743405907	0.6284672652494105	0.8681795948006628	2.221892753155742	-0.5830722580827209	0.7038852366054573	-3.1530811636378253	1.0094601990506722	-2.6485298744211967	2.93302813737443	-3.0720288476689195	-2.17585630634771	-2.14885227161197	-1.7332288235861544	-0.11871881699672578	7.470607613321942	0.10623897711104141	-0.17341237381676838	-4.661423342919632	2.306664194741555	-3.384858170711465	-1.9775103419755418	-2.9769513758972397	-2.30036624123272	-0.017414131141565443	1.1032728174060087	-2.7952860359266922	0.5644008990132248	0.846747793702878	-1.0356029654740866	0.6909375504091094	-3.900964976914982	2.3440277702083567	0.15636838234968398	1.0734303828858902	-1.4271858640746802	-0.9564391012330213	2.024238099244399	-0.5715636789198334	2.168289200798928	-0.5199239311564454	-1.0277429356532148	-0.19191730289700573	0.5786225183213304	0.2646182421702508	-1.3053743622837701	-1.472828963801535	0.7959740867270056	0.9020979241882858	0.7402472272205257	-0.8124091200193576	-0.8588545078753241	-0.4144568599213436	0.09743861519495106	-1.6726199338961534	-0.38359975400137325	0.6296096846854305	1.1151427927748934	0.6975067637859855	-0.7422613301270038	0.30867462669317064	0.8138611689338007	0.4936603568483538	-0.9832142770351706	-0.4197065594956227	0.7902916661128698	0.9458032706152699	0.3893495901879452	0.5106061443554704	0.07402137567963754	0.3976160389464391	-0.8868026955961049	0.8865487585926828	-0.7695831596871419	0.4052820296732144	-0.6961656389652903	1.0441440820912165
DTXSID9021344	-1.4540931388192881	4.380812726957045	-1.9860227700114153	1.7954659697942907	-2.2688713866610613	-0.4746639755871925	-1.3858703293569057	0.1113740167597283	1.4930576106698839	5.751758483194957	1.4408737405551313	-1.3896122004165203	-1.7092369891928807	2.2655941059664575	-1.636759698811585	-1.551934256476992	-1.1142397253872358	-0.09637248350441144	0.1481092868243926	0.6601969379150697	-0.4926621466252215	0.6114965517061929	-0.326202720476714	-0.9298472419468025	0.7538047904683292	0.2589721829327978	-0.6447502421360553	-1.164313769358324	-0.6568544195120055	0.5959442984366092	-0.3573216230117829	-0.2095913967256262	-0.37176620478812017	-0.1450941685441946	-0.33584440432623136	0.04588137598117385	-0.17105940234497002	-0.03003093572909015	-0.4097652946267981	0.5236957629417521	0.23100898426078179	-0.19506388449718337	1.042151884089953	0.243269274881612	0.5099474322513087	-0.3829971964821262	0.19804132192844312	0.2391067922605225	-0.30149805821748554	-0.35450934784404153	-0.26987081731942253	-0.26101672745604804	0.29540654900998836	-0.36229088428865486	-0.18135710984122075	-0.4055574347973624	-0.34798884565164034	-0.6045856365744314	0.10199678849488505	-0.45658282512333215	0.3690944820082454	-0.4514704272538181	-0.6453159539657173	0.8880920466186257	0.7848797059232668	0.10431838019482452	-0.13169780134435277	0.34053158568952757	-0.2453693334403631	-0.6275180818516741	0.21263459649907646	-1.0440732058030333	0.5824763585337741	0.12499876584050496	0.3477178511374279	0.10433229536725996	0.018001911377802986	-0.39973793282609366	-0.3755733919364405	0.23711857655862115	-0.04486994017109905	-0.8062079364553281	0.375737142989731	-0.6217671354465775	0.26005480481034193	1.1102930188452573	0.2597463161397684	-0.7124564424278129	-0.26855382224423235	-0.3942789518037169	0.3201561502942694	-0.6970716338796266	-0.11684045703871433	-0.09299605242659115	0.498876368435527	-0.06049957252692993	0.18883671386478493	-0.002678403387713879	0.2678733477186183	0.7189990924634038
DTXSID9020790	3.4672796121728475	-2.6503876633164127	-0.5411978294229778	-3.4109098488303493	1.657837232315269	-1.270501455420968	-1.520143824787881	2.19243717788133	-2.166306995756053	-2.0462936941515486	-1.221103138722272	0.6918264720260788	-2.1515694931207663	2.440245643427774	-0.5542702898204701	-0.30806201584647347	-0.18345104992184974	-0.34663913828266146	0.6591639566607739	-0.8548115618304408	0.782757423484207	-0.016989473691926497	-0.0404985851103	-1.0107251206830004	0.6288290212108976	0.1565423405626006	-1.0553714369168388	0.6977396518928617	-0.5625452884530145	-0.4580271761170559	-0.3319096681370846	-0.19853344641850973	-0.1879566053239316	0.3134914923108642	-0.41784029757738955	-0.6087884131415662	-0.3681299006557996	0.30852181859819994	-0.059180423408041895	-0.2132756147599013	-0.040120122827984474	0.08828473628572715	-0.061722564180877994	0.40907539091252043	-0.14042308833849168	-0.2583347400196225	0.6150120833781549	-0.1070914591390254	-0.1541943470760011	-0.26950390888257036	-0.04312969517497026	-0.11551446461123337	0.2829582460584531	-0.6004954824570339	-0.006915781945376164	-0.48733370837691875	-0.26688480731610703	0.044980634290138155	0.032100222433100845	-0.41119577910228633	0.5197425546126211	0.33436098682744503	0.005313476396690063	0.3157275275863457	0.17664997322094106	-1.2427485800824913	0.0033118044828505844	-0.21380668848005913	-0.2066401641879554	-0.3923571323275603	-0.9228390059874989	0.5804316322991835	0.023851394156436372	-0.5763829898124555	-1.350107758087475	-0.12574590721481985	-1.980232921424427	0.32579897777314865	-0.0709239189531843	0.45396456220585846	-0.8059224643365248	0.33081920920514224	0.4678017652679944	-0.1973843781129877	-0.17683541653319976	0.24230888736029188	-0.1947807427555776	-1.147281493321889	1.1505340618279487	-0.7952619710663232	1.1362596292317868	-0.7768641950064602	-0.3048821931676512	-0.34589781383138296	0.2145673761330098	0.05689996167911595	0.48354055151845576	0.5209989771288028	-0.3394196839999225	-0.1515689425602934
DTXSID4045133	4.740886556348363	2.942240615918628	-5.342126423768524	3.942643612969128	-5.886904762371319	1.023334865564486	-8.686702417332004	-9.740051846841284	-5.763333137421442	-2.9075064130836976	-14.897402590608749	-0.8994883725041695	16.918786371714887	0.06753647145246418	1.6448443196484113	-2.1450165815241777	-6.466179765369592	-0.8079733661551769	-1.5690122374863347	2.4439710317559626	0.9445308173921716	3.241212083725314	1.4638597929369914	-1.9200936001806306	2.361905224779721	1.5656068503880218	1.4336009732249793	0.8716452877444933	-0.9330653152705877	-0.4535824161994026	-0.5807069689716722	-0.43804145804528866	-0.28570552171089364	0.638302423850467	-0.7004939527450965	-2.078676454486976	-3.0723062894908475	0.3517554316511733	-0.07331846289224776	-0.4451107314870624	0.2681575373321156	0.775247910273326	0.49218810145707226	0.6020922137257136	0.5120703777366599	-0.40185798351561947	0.5791022337601538	-0.5387939103779944	-0.6183886950394436	0.4484991175906083	0.26376218496713655	-0.7001452393451758	1.1087197494740104	0.8451012375813012	-0.027929134783211372	0.050050579115806806	1.267393157339315	-0.007948447156978258	-0.04041430119638043	-0.10869546865184038	0.3635488249248219	0.21248530647441946	-0.9653525803494875	1.1806842264501927	0.9960455972151975	-1.0493909615338943	0.4663065477850016	-0.5952497216560145	0.3982677428445311	-0.2777257414110464	-1.3392414760526254	-1.6280704364955505	1.1835610049509824	-0.6952741971053652	-0.303580635992463	1.3482726268635563	0.41092415335592686	0.6456371697583259	-0.5807329291244632	0.35946406878386705	1.177426959596929	-1.11255118215985	1.1701668805335026	0.4427950410473845	0.08347265492283551	0.380762912001748	0.05200442065835665	-0.4744008883585683	-0.5925680627506027	-0.803010185578837	-0.30596659586598873	0.035154228593739595	-0.0630320740001844	-0.4078828595532298	-0.7230873050324097	-0.7398868383423198	-0.9139759939659967	0.030896824349369856	0.13864090194267556	0.24501607900661432
DTXSID2057653	4.971690554421656	3.976921917549781	-1.528868195726815	3.8136689263275274	-0.05311175641010452	-1.8443760990116724	7.453708567057469	-1.2263655146642667	-2.025345526623819	-4.014555170047182	0.27376020202340406	-1.0599238554064891	0.07019511437770254	0.2836130707703503	-0.722530566056702	0.8790359695884159	-1.3089325625393906	1.8589303383439402	4.17183793318818	-1.578325480135512	0.6489541299773567	0.5304010802848953	-0.7185126824004707	1.1028324392705369	-0.05354452051478574	0.7688319007270404	0.6729634509898843	-0.08778482626763053	-0.04799760092515343	0.03171357084074369	-0.4271422384744289	-0.9290257842721413	-1.277322940415149	1.114458055028022	0.4968586263302366	0.08326056453934172	-0.0754828940225429	0.46750608064555105	-0.16277275628363722	-0.4901736719863613	-0.7459901787769759	-0.9874544360696538	1.4360864719760327	0.8773084597992867	0.1752934484337054	-1.955938880440608	0.49092691144558637	-0.49410947848988657	0.11977765641848687	0.09601496002712867	0.040458041980640506	-0.35514042343146385	-0.6448969166385596	-1.0442528897573187	-0.6218163155659623	-1.0061902725019358	0.06538913479004445	-0.3180251100539874	1.68527250886416	0.16253235609806038	-0.8853982345717908	-0.15886388745478114	1.1288541274321844	-3.0081191615645753	-0.13863405782532173	1.2991334022534344	0.4315447733835384	-1.1136854055543182	0.974911303207241	-0.19775663107962055	-1.489249530068436	-0.25443385541140534	0.7336095301342995	-2.5758176088547797	0.8725069402470778	-1.501835271001931	-0.3453492327930277	-1.7731632713727175	-1.1804405533747182	-0.09321252008942037	-2.6373392979310424	-0.9703484439548906	-0.14219120310139663	1.771599814305364	-0.2826394785549534	0.9589648406880497	0.6104886924628218	1.1678532686852727	0.5319517615564984	-1.4887951195728089	0.5068697568561414	-0.16850293500237182	-0.06207095946879113	-0.06183931889164963	0.5147082709272077	0.43563060912866036	-0.1015165751231947	-0.9569750603965435	0.22610196817046874	0.5711238292493518
DTXSID6044727	-0.35963489704911206	-1.4809405760717669	5.43495839308855	-0.7345001752044068	-1.1420091323859558	-0.16982434591201215	1.2254691011086403	-0.5674264397021265	1.2961043401360044	1.090856352809735	0.6274077911458152	-0.21871502131048504	0.8049415624362379	-1.5904893343209698	0.016127219221288135	-0.4191482698231763	-1.2387116841550545	-0.0940692399539247	0.18749356678552737	1.0129327597820452	-0.19406111232412468	0.7922263524032326	-2.1371055215640027	-0.4357074679000281	0.040295051105490434	-0.29036439602967246	0.38466770230580805	0.8922346764946586	0.4749581085330627	0.298612799029046	0.8609643132743828	-1.0520086933539852	-0.3977384649260613	-0.6295199215995075	-0.05881157902766658	0.13915959780698323	-1.3060503705939972	-0.41040598521399463	0.3172164035400884	0.4859339413229536	0.24238816714505027	0.25192018094684254	-0.16203427030602185	0.20027776464257702	0.43497795046495535	0.24443232794400238	0.2143980746931074	-0.11824241018627607	0.16938182832807908	-0.3891990662060663	-0.022039774425524156	-0.1663985800193942	-0.06765080048346703	0.0944759188798297	0.04176261419200977	-0.7264061170816449	-0.46596402998329195	0.29288386927972765	0.046083751684456276	-0.12727756119513386	-0.14734476465121915	-0.4295188900434799	-0.7178427456536637	0.10167324955463929	0.40031625532565024	0.13253057946031044	-0.4305617159804828	0.13850825798706157	-0.6295385468646149	-1.4817466376854709	0.5236313174171084	-0.3034178097094169	0.12330849028268327	0.11412199744229615	-0.4268111278229959	0.32762776322683196	0.6929375393044414	0.3485837746724273	0.7413619255370099	0.07658668801836299	-0.12271392330087495	0.02241626616114901	0.6855619777555222	-0.2324324461626798	0.04189876899416869	0.4646029561927099	0.04652680866693252	-0.8096204576175582	0.6746532222121892	-0.6288778077195728	0.43137866378322315	-0.7331154812536461	-0.4973568832356654	0.19677508168486066	0.8261137094332189	0.2875795184879723	0.029029665698536995	-0.3790371822157082	-0.5993346398135597	1.0244640202259507
DTXSID6021660	-5.005727591943848	-1.059726966979282	0.5571176332819797	-2.089846745470493	-2.178457304814378	4.909539820761146	-0.2459977021650123	3.800142130026462	-1.030657760035091	0.18409245812618746	0.4540346714420602	0.1440419636535414	0.687875470707923	-0.981563203752154	-1.6678243475570003	-0.30831004772685155	-0.48728062708832287	-0.7710126379434251	-0.09130306759078537	0.4142854648076852	0.1796789977269194	0.22050584662799533	-0.6024457524785719	-0.030452357232557545	-0.5970308770214781	-0.41838538664023467	0.3636537088766431	-0.017784120697823973	0.11946536576939165	-0.06904686073431683	-0.12996542221411034	0.9421806045080766	0.09993877807728978	-0.16689966148636895	0.22241930755283149	-0.3386572018586747	0.022846344144913065	-0.6652451898566076	0.12500460521818893	-0.03910436355176103	-0.5454739303345537	-0.3501702716554805	0.44533283517746336	0.21256826606225804	0.5190505254355434	-0.4695936183501573	-0.3180574000088075	-0.5727882717456111	0.23336558296380752	0.11441732436481783	0.16248587170709095	-0.3685619319368312	0.25633158300001957	-0.15874183868618827	0.04969091438130704	0.4223591060233125	-0.29748799451072716	-0.17953319855740862	0.4377510745084976	0.05250621793324419	-0.8125798785990521	0.03741846709278637	-0.12175595574861289	0.5680685594116631	-0.43046481390270264	0.1336062806360504	1.0170235471660398	-0.39327704140378966	0.0860461313612489	0.08289273451863247	0.21273692209817738	0.15010408826251545	0.04081278421712762	0.5429153426419135	0.6558311051229528	-0.5567877854991252	0.06415342838686794	0.17015098790094754	-0.46645900394257495	0.8000350426936513	0.7675986438020372	-0.4791019451884632	-0.23485587083720263	-0.6931031664504209	0.7480657327140628	0.5838244947892469	-0.5955396342601539	-0.0340029318307159	1.1265988192116516	0.20323347857144672	0.10494006246383525	0.543544639070403	0.6742339352336119	0.4867733378185324	-0.7519143765944372	0.7029629099685879	-0.19474683286847938	-0.13624968022128342	0.4709205824927914	0.06892070705870415
DTXSID9027863	-6.2702966300032195	-4.764769278188753	-0.9887950488232962	0.1756748572757574	-1.268853331154262	-0.5165926475535421	-0.32139772306003533	-0.27949230580228585	-0.48581890297846125	0.17319337213778915	-0.2597796613151743	0.15776081120850646	0.3903128183056555	0.37823771635612	0.36571424881352604	0.7869246126905002	0.6489071981004921	0.11061177627633426	-0.48360739296415395	-0.8145487414801401	0.18542889903114831	-0.9086160894880184	0.7318786842269517	0.6706154192771318	-1.55329923146144	-0.1124118988199642	0.27470593323372805	0.21112682427448518	0.059819904166247884	-0.316530413807967	0.520800758215147	-0.046351136573388824	0.21040137160423175	-0.7124404925848319	-0.5001646330773101	0.006503907302826934	-0.34495464492309247	0.755009299310151	0.4829205698788744	-0.09848399473277177	-0.26250077721754383	0.6340135270613491	-0.39246265640701367	0.38201407677408156	-0.14763975798625123	0.1848789546055914	0.3280204358014086	-0.15462698605979466	-0.18419158607524286	0.22785709997588935	0.08081606470569264	0.23430948987672454	-0.033815690442566826	0.07582617176746244	-0.26167437363123747	-0.23308537959388814	0.5740405738179624	-0.14255831399915128	-0.30958034678622903	0.6254828328179614	0.7641572500753219	-0.1549946155326453	0.0031238226330401837	0.008077600190696584	-0.32711184714513614	0.034529708247987026	0.5273910175490815	-0.2493863333470823	0.44998824666359083	0.09733836607079577	-0.4033618614120838	0.3614400120107518	-0.597243815857492	-0.0952681485779152	-0.33495688924093864	0.07140388697289383	-0.2713136559316128	0.39288604931916693	-0.16080538574392908	-0.12878724388917848	-0.18254019967833574	0.9426367230540886	-0.34546059428070097	0.5706282981187216	-0.8623743969363662	-0.23675263825185186	0.7483373771851041	-0.05506300396870902	-0.6013895458389209	-0.6196880182297649	-0.546936638481622	-0.1429093322530629	0.06164624023056128	-0.2056931002936466	0.18305847502378056	-0.38885914661039406	-0.06049080526120034	-0.23288743948088528	-0.8993680115539864	-0.07530775973640556
DTXSID8026064	0.6448538761814779	1.869801674100423	-3.8594430384748457	1.129927437533157	0.9416988113754605	-0.3592729606660363	2.6369668828360977	-1.7219526815918296	0.5933011359069545	2.945537959756245	-0.2526858456771685	-0.21166822839487656	-0.9157843159112219	1.0969703268379039	-0.9470759352314819	-2.4227440388247596	1.475258086493915	0.7539592311461527	-1.1745859527910687	0.05054789563959711	1.9414093805276709	-0.7101099993193712	-0.23196693940550075	0.2626768203348509	1.7163030079603148	-0.1698063592087842	0.6056974625296182	0.40563426737961233	-0.29516103433413937	0.3257511145086815	0.2994893180785404	0.2506878452377734	0.8358771070876533	-0.4195935768316677	0.009378778812393043	-0.19542411470663293	-0.5557646049366398	0.3140982247687619	-0.19488537032201322	0.038297959135490826	0.4737790428824308	0.6161338605508255	0.46316554355731165	-0.2336591469094917	0.10616215640695541	0.13809478406475853	-0.009967161276581475	0.17918239560564747	-0.33691186325883454	-0.7913664647542124	-0.2452764353132026	-0.4053943666077948	0.15613001342027902	0.1425711578503267	-0.4630583003788415	-0.773461468997269	-0.13194325883386543	-0.8291926564372893	-0.07564209395271083	-1.0644435710045352	-0.12640127473585278	-0.8859299353392606	0.08658229543440231	0.4912781357129179	0.4302771510602629	-0.8352126612707477	-0.04591539512326134	0.8088922059029263	0.03634279329441459	-0.4438720318883354	0.1409853093430109	0.007566212682230785	0.0697185557619957	-0.5341094459521164	0.03215899078558937	0.19318593787115215	0.43889832886418245	1.8173402063219242	-0.028157486158205458	0.9590441922862372	-0.19389843317390656	0.5280505797805898	-0.5174691275933974	-0.322511709241958	0.3914502798726425	-0.3478024696184837	0.2869743158391259	-0.6161666492192044	-0.18981953547097521	0.5874257064714994	0.37926184010408603	0.2697382943946871	0.01761377838553857	-0.405917844648754	-1.0594822799758885	0.02197058883196468	0.31647038034529007	-0.1447699702368337	0.27263822077368516	-0.10831350317761906
DTXSID7022590	-1.2984634083309283	-0.27112520567912607	-3.4903597454031723	1.5731988739115923	3.1287330594601674	-1.9446481939235223	-2.2134113768370725	0.9322839207002214	-0.42321163559542546	2.6560432386181634	2.5304026238598505	-1.4276406408759237	1.3463075498013057	0.8837851062707806	0.3092965536910473	-1.6436976785097692	-0.03481989744513933	0.3045371763681971	0.6634379681258875	0.14555559688228253	0.42929483442820693	0.2460758098186821	0.6055534236362741	-0.16080425490839007	0.28449987669037896	0.15326866315670115	0.03340517691857374	-0.13283178839333046	-0.48559701999157934	0.5062191856435604	0.7976876845920196	0.48735232401763906	0.6749179448269499	0.07379780370162789	0.17381068008679162	-0.6416880647795192	-0.034911499708345596	-0.10887730262423514	0.26296939321634555	0.25728598517917833	-0.1491755433651522	0.10372951048467291	-0.40483918935482216	0.22903534956843163	0.09737989516563773	0.1707565330266642	0.4732032211247302	-0.3056674120547074	-0.057058463509070664	-0.03324412363850498	-0.21149683375072345	-0.1642358237141214	-0.12030912533902426	-0.09061748528143462	0.10357378210874565	-0.1439820546532516	-0.04778603348493343	-0.5715517054350636	-1.0428958829607384	0.02883129790935651	0.011913528064109254	-0.5809585649895257	-0.06629979247051841	0.5031784092570555	0.1864022068771733	-0.5728558703915794	-0.5763923329401117	0.2745393521944029	-0.22878422088336348	-0.5321805206323541	0.3771318773969054	-0.21970475105601245	-0.2517475737159672	-0.23389058198626966	-0.2779831443757705	-0.22008999466740092	-0.47522165126567995	0.9123457313907575	0.021674705495321973	-0.2419081207205291	-0.324726921569581	-0.1014443682644133	0.18398631004350874	0.04080973590201081	0.13333101634648203	-0.03730560200655656	0.24425217807125915	0.014726608792020585	-0.559783011946934	0.5171873477170028	0.20454566833186208	-0.030095569667567365	0.2515024455342453	-0.3547571938369521	0.09928150313643366	0.23581964962958912	0.40793203386222243	0.04261627268307126	0.7040258211956056	-0.2588075340565443
DTXSID4026266	2.6878537958750317	-3.2363492371872247	-5.7825450142594885	-1.2705393161831124	0.039044596252819815	-2.4523070131613087	1.945821207816691	-0.7514184798106781	-1.8047419834810257	-1.5001556829794598	0.3726420548040116	-0.35993952168712395	-1.0642440836143978	-0.42784530452351976	-0.7959119266921852	0.8473578904466096	-0.6203492339414534	0.7649819664819691	-1.8168600357190454	0.3241834158240234	-0.546484835929619	0.007172816586675554	-4.173885982221301	-0.908862090025392	-1.5679598335307667	-0.0589512162961372	-0.5469840255423092	1.1606942703732566	1.0997843842060402	-1.363373753765019	-0.5719976853153232	0.4550848296439139	-1.5036554981856018	-0.9424799272877985	0.027671219120899752	0.47168622559592854	-0.7452769059816796	0.31973120577129516	-0.3680686900026286	-0.932999546751552	-0.25140106884522906	-0.2901714618440744	0.13518699731687436	0.08152615122333218	0.8168459302302328	0.39290587111911246	-0.2920810587531313	-0.08983969308785589	0.10688969248386719	-0.34514255232577523	-0.28374595057439994	-0.1329676675023022	-0.0627463307666695	-0.3534573837130212	-0.21379893665869293	-0.10925224535432315	-0.5870072850506176	0.40481654487898555	-0.09447063222851153	0.7160917574231008	-1.0770602851896593	-0.34212090427831476	0.12479714868861885	1.5529311582137302	-0.5127752784811088	-0.8787890816245963	0.5184034334934576	0.011503902702139504	0.9602194020027105	-1.2336506389479567	0.32062103818416865	-0.8416432850536059	0.4178283705126188	0.4948440419452649	-0.20246171316005238	0.6613481914035682	0.7391919091589925	0.30937712383301924	0.03316021001607118	1.006707524991276	-0.6070566650855039	1.0798997499146565	-1.101853731613823	-0.41468075849173497	1.5050058622687374	0.015463941613949619	-0.635608788008689	0.17372391329142287	1.098469278080141	-0.3731302578755276	-0.6254773668040458	1.1223103803561605	-0.9434025114124277	0.6940304991301405	0.9281648653097322	0.08666278586765824	-1.8105643751623663	-0.7146045953463656	-1.2054100044999292	-0.13621884301422907
DTXSID2049424	-2.2682001265341696	-2.5162316619018417	1.804944729799449	1.3216171818329245	-0.9589351201057117	-0.9197552392720184	2.4179114315278105	0.33323859304388215	1.6100281442098052	-0.5416628996379188	-0.35623299719991197	0.813301452625237	-0.0795599557494722	-0.3813981384915643	2.798859495659216	0.16659436253773197	1.0010454190436318	-1.6030040274772999	-2.323951030498599	0.046290585512834624	0.7285585590625935	6.951829695377455	0.7621218450142013	0.05020981700441269	-0.25466368286866053	-0.004393182886996397	0.4122515744933625	-0.025832422878833066	0.9374124681625741	-0.41073109109114586	2.64386936808266	-2.8530514169050787	1.950937831914675	0.24292422286214738	-0.7677468793616403	-0.3657199518781063	-0.6417311614227469	0.25214378713481883	2.534374103525407	-0.35086428228268224	-0.79874950135189	-3.247264422573203	1.3386946091839582	-2.7864985116193757	-1.991985468963625	-0.838856150741007	-0.3507993836312304	-1.1077846937146547	1.1756916287441455	-2.4750834466927154	0.7325064393547864	2.25274021737401	-1.4793605750951948	0.035223782278441355	-1.8850379025983555	-1.2615111766981946	-0.9714393185243189	-1.6598748637642706	-1.3439704448943228	0.004837634778476133	-1.6053868705123133	0.5137611938330354	-2.2805854617982435	1.1839581005308109	0.4625625633064404	-0.7623107314140706	-0.029317887324070275	-0.5315162649995199	-0.03377779944312712	0.5495759421147046	-0.3837268800133142	1.7100073680410992	0.1294871652566348	0.5013768093689256	1.0842357302555392	0.28533637376106813	-0.7677648881953975	0.2788823348995173	0.672802493353167	-0.3604514323957753	0.12375276967835641	0.03979725451963033	0.3693246582025836	-0.7614063109034148	0.26876627082879034	0.5101380859876309	-0.012941908870862428	-1.0298449564362724	0.0060140723124046495	-0.5237024665498201	0.2734845100609851	-0.615447883393289	-0.542383683846206	-0.25202630322087144	0.4726977076658894	-1.4447324597391256	-1.0551200642303076	0.1635916274069529	0.5625760616254397	0.9096672765090689
DTXSID4049377	-2.36062777317115	-0.9671808396051566	-5.323508168502926	4.840398686013037	3.2447113496761966	-2.2398905390243287	10.109829865718682	-1.7521692720656603	-3.139137283026972	-2.629746801259124	1.0253811805447421	-1.1420700775519959	2.258608842565092	-2.910184662383547	-3.28070070198913	4.880331001785949	-1.8947299742587203	0.09731618490564459	5.747281382826412	-1.9838075266563033	4.827158253265414	1.547261224450864	-0.5522833702185475	0.43502155337367016	-1.247537542649528	1.5482990604262643	-0.14956423519454945	-1.5505308645037865	-1.520352052336885	0.5049211733415804	-0.7620143333173321	1.3106998883497154	0.395972203779676	0.6097241922508461	-0.19804627019796084	-0.15878068710373183	-0.6817783953080102	-0.27213750909654966	0.20602616776728147	0.6489383039514329	0.6171817757050657	-0.5984579239012214	0.43621072831543706	0.5496256746669644	-0.13242890151021688	-1.2797937801858401	0.09307316134598986	0.6994111592118487	-0.47058361943398513	0.09452504368413572	-0.4024118699932592	-0.246541643241561	-0.8429168137721125	-0.14718270241952017	-0.06315131480776473	-0.24646055104131828	0.46738600210972514	0.5294366764471292	0.23000685939140186	-0.0850697807859987	0.24100581794498147	0.3473479595168671	-0.5342873346018904	0.1727873319341144	0.34903132818091503	-0.10151814637921158	-0.2776113408985682	-0.21563535377951973	-0.32691892641267056	0.11923036613999885	-0.3793519774144672	0.15410431087093823	-0.08203064951584266	0.14344112649762755	0.03929344701419083	0.2889689218150646	-0.65609193312591	0.37882022348479755	-0.3961278682619566	-0.15774908229631662	0.4330110131463771	-0.36277547041471536	0.727452992432672	0.5775095920453852	-0.20197119657111565	0.013969095740775744	-0.20834154847147318	-0.6192409089972508	-0.6645658126146664	-0.08590686273154928	0.17703568909382897	-0.23744467359545487	-0.08178676088810201	-0.2858863431250785	-0.2919269688481397	0.6504612692889076	0.6740130143963835	-0.809345096401586	0.2880666851077332	-0.35911453217035394
DTXSID70481246	-4.118737925099972	-3.177678503470237	-2.5824029201315097	-4.355205203293371	0.11530170652395351	4.7728501317218965	-0.22949839244886602	-2.397163921949573	3.7388630714192748	1.5911973340388677	1.1147797731649627	-1.0489156543058644	0.9374462935600641	2.1992650419122284	-0.6648488400022786	0.8900609618433448	-1.3128475309780294	-0.06953643308491655	0.8452260672969705	0.29560494086417244	-0.7957676967082127	0.7610314651805302	-0.7397833192264837	-0.5639355177344753	0.32432619375091537	-0.3937995705553603	-0.4486887027882732	-0.26775803444288754	0.19296396160539303	-0.14798688365999488	-0.04035098816078317	-0.21014427835871957	-0.1412617000636054	0.5841576690527854	0.13620142730726065	-0.06003529618803857	0.26265842916975096	-0.26403615687543297	0.1032995502327739	0.08176496543369471	0.09237690969627843	-0.28018836457532426	-0.14028338625088363	-0.6450608779010653	-0.28299033115973443	0.38443175490276604	-0.3762288552886577	0.3144234581758484	0.2044308559184091	0.05631918283979961	-0.054329152546149624	-0.05925700637778767	-0.40351081245202086	0.040792816252296034	0.39131830448552296	0.27749018572868994	-0.10593422959119059	0.2801694229517204	-0.24194746275644416	0.035241961811718306	-0.317377154474051	0.07722410054956874	0.2515397851812338	-0.37757987384077674	-0.14672356472109835	0.24454050628436166	-0.006257917125835941	-0.1533639704534601	-0.26043837043483065	0.007978277046971984	0.18029061680503253	-0.14303987515992425	0.23309275839641744	-0.14639436594021635	-0.4103571778674961	0.13146019346370705	0.1291516609639199	0.03390913721385705	0.05904800574932334	0.4462895402088485	0.9403357384588301	-0.6553477202432341	0.13716679735813803	-0.1541363235132397	-0.6394615569907527	0.35405267144778635	-0.13997410771922525	0.12025631831096932	0.26630439455643795	-0.559491374069752	0.5521261361904232	-0.13963618831749083	0.17558688773676803	0.50033244885953	0.2558822531151824	-0.3649420486589098	0.2639469440551575	0.07379519095581227	-0.17192743092332652	-0.638808844048226
DTXSID5027433	-0.11557702790356329	-2.5010540231685274	-0.7521912557294853	-1.5265596080504944	-1.2832804886686773	-1.9658990703211956	0.6017653905244381	1.469208861351853	-1.1669250878044324	2.739872398194917	-0.6193641570860577	-0.11590277972736367	-0.4358055849716065	1.7184761638882073	1.1395666688609714	0.8821378279345204	-1.255481486294869	1.2533749996401466	-0.14005102602006253	-0.7962353244214562	0.4024010434838486	-0.194562327005285	-0.11244421545626665	-0.7076958652712927	0.7241549397667858	-0.22439485052883182	0.2836593523863183	-0.3763861392852684	0.1328510896737784	-0.2666634403973275	0.981058346917836	-0.8154515016327216	-0.6554707828774903	0.10757958167694537	-1.0301062283533258	-0.7252560106261975	-0.19489857049065007	0.171192658800724	0.6959424345971458	0.5521149677886761	-0.13895770264209942	-0.42049425354489856	0.11230098553971646	0.4548328336556679	-0.26471247547857457	0.3498314045863721	0.2982882370846717	0.8981596809267179	-0.08720926903346363	0.4959085260073309	-0.11008186820285362	0.2790930872249444	0.10433226295086145	-0.07819199218675935	0.4632465961214277	-1.1033450740475512	0.1658739581990274	-0.2690829192450289	-0.25897109211076097	-0.34514388193283235	0.9322143123372287	-0.12863250667143325	-0.4389558316207933	0.5088395117238382	0.005269748999092227	-0.5444557935361156	0.3870276408764562	-0.36553345516350944	-1.6777386344298306	-0.5771071360340204	-0.33752621387364323	0.2762937895563696	-0.18822041418336452	-0.7161613333569725	0.630952695754804	0.7653770843627749	-0.5421225702686607	-1.212792744244688	0.8306741053108443	-0.1766521813221985	-0.8028070941034275	0.430959895798144	1.4421995054499994	-0.275754791019654	-1.2214662526449036	-1.0444289975836585	0.2051270261467121	0.35142739804144657	0.5261157257767756	-1.2074602601289182	-0.5203053447023037	-0.23818527130744388	1.1840628944955751	0.07401952476127382	0.3099403203483557	-0.03255676524188586	-0.0613030902569913	0.014526044998746756	0.42867085939848604	-0.9973222900784309
DTXSID5046853	5.505160476780957	4.047064422457483	1.7451778230956667	0.7007164595033154	2.374434771332603	-1.800669565832885	-1.8685435957026426	0.2393492896408954	1.0332518950020726	1.1187554355838347	2.975755449710005	-1.4200963534967563	1.4938320823540623	-1.2858114705624553	1.6158606469939958	-1.5880202420017226	0.6683591875150627	0.8144375183757682	0.07264559948391	-0.743927662830782	1.2321647822338095	-0.3302191014091715	-0.12960402730685358	-0.03352949297118855	0.7205292905160124	-0.980564134918624	-0.8509951604564632	0.32450504780748196	0.029460448662263893	-0.03341809033658986	0.11654687332053236	0.34480762206876286	0.8714757115153546	-0.9899436401462197	-0.4959528680026297	1.6693181218264022	-1.3571169260279892	0.20894162503874825	-1.0743516701484395	-0.7863189954967615	1.1061085389415488	-0.19140547751817855	1.0670859576991854	-0.724602943871912	-0.07999089607711254	0.15471748364328736	-1.0282715998457357	0.9674385147153043	0.0009728701032663439	-0.228071679521784	0.05338225305754531	0.523600075067082	0.23903387734151774	0.6649231929386686	0.2832959063552732	0.3825861390880454	-0.2303973637022722	1.4719229499766746	0.47956688756748334	0.28261288561482434	0.46695128263492525	1.312783238375801	-0.892007284376042	-0.5715068250017343	0.2814417563820536	-0.34405192399913437	0.32467701918119274	0.4828794486672317	0.42103234373743426	0.14475988197222872	-0.41284415124417684	-0.3179648628593991	0.07681514345689885	0.012457353436883834	-0.13652842125918252	0.026403866209631574	-0.03378018658958386	1.6190957416249718	0.5252657225550109	-0.19451057689046308	-0.6546600821391855	-1.1223062341992787	1.0875698209011582	0.06909425403310548	0.02318537961107574	0.08012264016000414	0.6548620495625094	-0.3343933985781303	-0.40203706556919266	0.19552075543018088	0.5516834422894378	-0.5727005626969194	0.5066346027789366	-0.0939478571671386	-0.2403612161590554	0.5819217353901627	-0.2782965554121292	-0.7948758956261716	0.3023359280008854	0.628459554412773
DTXSID7046041	-3.7954464857251637	0.16643752053373928	0.572433478694943	1.1054023164575881	0.3198168667419973	-0.29264007440801165	-1.61821183900102	-0.9928054497593112	-0.03257255321285251	-1.6563956561463973	-0.8916025843713493	0.035037260177147984	-0.4822828756937538	1.0572223488965706	-0.1489327596827319	-0.06210728355893999	0.7218070817013865	-0.3039621732184515	0.6070167361514426	-0.4525043728758679	-0.11721009839200969	-0.5596165745814178	0.8792550800671903	0.38188452396031447	0.3345205046871327	-0.5847702937849742	-0.44078034579612313	-0.4413474778671846	-0.17350300129812876	0.17609319955380567	-0.5491619001286405	-0.4364815316751011	0.5341801983264421	-0.13422708281116053	0.9335795025296453	-0.31887507398725407	0.5288926752939372	-0.07907774222229802	0.11940102341933759	0.019831307283504736	-0.19632810285680005	0.04613566638467993	-0.06697258555479771	-0.04168205256344779	-0.5067742262662802	0.05651318995203677	0.15956279224411019	-0.1519991140895595	-0.25901125759554383	0.10229170728482498	0.07009443901602623	-0.09734896459252344	0.2375841321958736	-0.26145719786789307	0.06556432265495567	0.19114297186242787	-0.0428218043643923	-0.3201792520728135	0.18930458393094607	-0.01697987594574365	0.18763588794541475	0.2515389068137312	0.08475987549234755	-0.07275026027594478	0.22300207431502495	0.18058890247524026	0.062046310875062224	0.19406841024601146	-0.7312577752238102	0.13486809764491586	0.797064154206341	-0.17587898839699445	-0.44161204816475913	0.531541686436982	-0.766503623273648	-0.060894244297231635	-1.046401710452827	0.23233717208255553	0.10606740825707817	-0.18213501509930663	0.4331104567643798	0.7227782976202921	0.20697517141403185	-0.3689410948870453	0.0245842053273465	-0.21027160881817866	0.34124305019639056	-0.520034185278508	-0.16097471252385057	0.1955874334011706	0.21286542633427455	-0.09122499576247048	-0.11449367039776952	-0.6961128668466109	-0.18583584910390832	-0.7580106945145605	-0.180266202327114	-0.04078109548898365	-0.011677469873209325	0.010427181495723208
DTXSID7046702	13.187505137258066	0.14732506813879825	-7.14887532640535	3.1488148351548655	6.908311143252295	-2.6198706170549353	4.031788403976666	5.564629491646616	-3.5594711942371675	-0.16724624661896034	2.4232866916181504	-0.20595213885458905	1.5054151700482679	-0.5258857984079671	1.4625543665986251	-4.728016478670235	1.9267129220401782	-2.886372222075224	-2.2405693730794707	0.23195125403177247	-3.2864896053136734	0.23451064437937383	7.306897904310796	-4.771114233450667	2.52944037108847	9.606832994611569	-2.927274781714122	6.966743103284701	-7.689436078118367	5.795052246801062	1.7089864004604005	-5.350282096064274	-1.2090056426925508	5.935316944149734	-3.3542485385280734	2.771042778056282	2.737255134354676	-17.351090213458214	4.335564125614892	1.0252734428013384	-2.4602015757559603	-1.0292872830693927	7.466426661430759	-2.322530906031459	-7.4954677034547945	31.05648682776855	8.257290541943085	-12.623344189203383	-0.7084241017836199	13.619523100399176	-32.7616568191322	5.435173321074149	-16.260467449170864	-0.5665864026005277	-15.850835795184038	10.701857354181096	5.649593226164618	9.610622531804626	22.638484039096365	0.6910384191698311	0.17284150516909233	-6.5980257220771	-4.545985896424721	-1.7607801835515857	2.1765944786382296	-8.112228161858	5.116111030033358	3.528449053076725	1.1579292312232468	-3.419362485486176	1.035438532827848	2.6044587469399856	4.857938072829383	0.7322263889255023	0.4380773018788003	2.079241195702132	0.2545053233806731	1.4702715153521224	-2.9056159787724565	5.0476719867801245	-0.3047493215985797	-0.35097644919336823	1.8831787059306782	-0.44553848241775335	0.7651176780889775	-0.08463853532352719	2.084830048859331	-0.16442385667013873	-1.6384275093333522	0.6767566612034178	-1.9362914518377345	0.006973553261075661	1.5747391120018444	-1.0705469248824324	-1.7677116363184153	1.101942623807073	1.136178726432791	0.3014195309678307	-0.24531387019312187	-0.8394787201818459
DTXSID9045922	9.793540725569956	3.9012881794891303	-1.4578797004236224	0.6099594669182122	4.117186464021394	-2.8392750357969105	-2.1591827175123157	2.3682986588357657	-0.6197685129817208	-1.375513337049947	2.173824758506646	-0.6420538092090288	0.36446438760092437	1.0667871852825503	0.8773069719307633	-0.4480119583400992	0.7679001856550015	0.38572301309876617	0.34920338667438006	-0.7939933318946424	-0.30514274595264756	0.08099633273925583	2.04884346938862	-0.08453430767548199	0.9938768363359549	1.246048249647324	-0.10185784931478853	-0.5085628358827592	-0.6747207592352266	0.2774101143763037	-2.18660470795716	0.10489684353503546	-0.010931952395102891	0.31491928946659903	2.229739457991016	0.9457180793285503	0.4968064904033636	-0.09354989454635193	0.21267979936704928	0.85160844821187	-0.6699344546717743	0.4829698801873965	-0.7953570627085524	0.9344464027797529	-0.2098479208808319	-0.4808336942286208	1.0477905026080307	-1.2628653264613778	-0.0534862362869591	0.31278207374637224	0.18427404924154844	-0.1357381941288341	0.6607083875596326	-0.8052450524567082	-0.6287480686138784	0.33621732990393594	-0.8782498064346288	-0.4184573156766944	-0.4227978965108129	0.11491275103822758	-0.1598049003233557	0.3606182247435643	0.9469859219144965	0.41518889653318697	0.16932525517616925	-0.7591659618422646	-0.46248498279397776	0.5501266832659405	0.6673662920768526	0.3602283857077142	-0.8544788942520557	1.436666684900345	-1.3202520285824169	0.038053513873559784	-0.04175730152405896	-0.3400605863413696	-1.1225398327395046	1.1448893037581451	0.718617935225702	-0.8685150967105657	0.19434152190887574	0.05531872815066976	-0.5193116347354887	0.4191386881813225	0.09271000725120801	-0.5714328047977656	-0.13569693388032847	0.9308811879685015	0.6047774200944769	0.48523896757465546	1.1771001408910757	0.4596456165466428	-0.647594989966966	-1.2982335371694103	1.0120763973163516	-0.7124061881395173	1.568403926947324	0.5365957542824393	0.12699088072358192	0.01659369031265428
DTXSID2020420	-0.894724211175063	1.8074975885251348	0.7001201963278665	0.6817581519634717	0.8070459103999555	1.5811379026062227	-0.1650567246564987	3.2174199631075773	-0.9765326183421668	0.3441253179165777	-1.3647910760038033	0.8126560031958117	2.185988225538582	-0.14660691230394746	-0.05400496229067483	-0.2576824224734707	1.0079019168492627	0.2964577922369671	1.1015092944913742	-0.8233260227504274	0.03531059194756491	-1.6417084437612277	-1.0668344786514714	2.564799681367502	-0.9734026706817491	-0.6597307815947527	-0.11080438482809661	0.7951982168158194	1.0700948687740264	-0.9353992122219905	1.0727013057795605	-2.292857113488479	1.9120529568754077	-1.5123462930150722	3.249032204232008	-2.2551495186016695	2.590995835908064	-1.8569815565702157	0.5787305846360733	0.7343348152977203	4.077852174045097	-0.6942687991914508	0.3761039997233743	-2.7734120226757835	2.251260198949246	1.5981260437182516	1.7863523666795371	1.8233841704679508	-1.2871996991595052	1.5573313777109559	-0.49536773786260757	0.5790313784990267	-0.9886121399347784	-2.5207517897337124	1.3079246757544558	0.15037081239792982	0.1907492030353967	0.4014718592557149	-2.9941878325664817	-0.39124370990446733	2.484509723418354	1.2838418110189835	1.1041717014143808	2.999115652759524	-0.1400326711425259	-0.4122409423134425	-1.213537785137369	1.2087382031142666	2.6625660332896457	1.0124250749932753	-1.443563392803218	1.7950541523166654	1.9569219773266915	0.47144947818724137	0.999039541094334	-0.6215659787691371	1.085779853901253	0.49141556790246244	0.11903955423254131	0.17624063843105514	-1.4035925338132156	-0.24652282996139027	0.6054017017343575	0.17553330989438404	-0.07399408188298519	0.256145351770838	-0.017249222080782795	-1.133637461676883	-0.15448838641832516	0.42918233820698865	0.41059069851939006	0.5821836707349377	1.1541074857503504	-0.09787867656256158	0.237616104374437	0.23043551528995057	-0.16796199627721053	-0.7213508743207729	0.49098380216501536	-0.13447852875349006
DTXSID7023011	0.7617699113455823	0.35058318574300645	-1.4530335705797637	-1.6519007771115881	1.6280599403848153	-0.4313827588737107	-0.3535446813871389	-0.7878156590594044	-0.7585663119077521	-0.7372624912075746	1.937971772048376	-1.3243806231098714	0.5054401143949357	-0.019009030357749163	1.668159630712413	-2.2536696268856904	2.4738259528260262	1.4306155874753288	-2.2129509827408045	0.3551156553195893	2.4833645368565445	-0.49481446021507053	-2.4569683111725493	0.7269339342919956	0.8677581404649294	0.6543675291983041	0.44800211241254917	0.37218402776757553	-0.14063387389141666	-0.4152886379654044	-0.30890839957024374	-0.060721600421440564	-0.6182395565369132	-1.6269670693128742	-0.8959028226339328	0.9193412384360333	-0.7742431534648769	-0.19403515612991815	-0.8179493730359854	0.06741855447642359	1.7162439777881051	1.0119013327195348	0.7994847069738482	-0.15551838275277025	-0.6304653125669324	0.029709211403190675	-1.4207010034591718	1.1586102880012923	-0.20074792221850737	-0.4730736795813696	0.13014744298064643	0.2674749298504419	0.23068657801066492	0.920408544944573	-0.4600773848471741	-0.38084399410228714	-0.13418223897633025	1.2443648969762453	0.6619340209997956	-0.9698142514522815	0.27025860095308657	1.1413830542775847	-0.3843482499459443	0.29628288284259646	-0.03892010410883052	-0.45232029641087407	-0.012238261105901432	-0.04921945232488101	-0.8017300459916619	0.5604608658246036	-0.29084131857545203	0.47640363451836426	-0.2037643706010718	0.07838765673216745	1.0462169132244934	0.30908485349449644	-0.43712662829737553	0.18342368327540542	0.5716630192139655	-0.394992894275499	0.47910432449600865	0.02194743368941812	-0.056403598391304315	-0.11506605823650633	-0.46170547395609607	0.041559450574942716	-0.3580445966028543	-0.2749630889987467	0.14631705425573435	-0.7695596246417276	0.09553323539333472	0.42959503104841834	0.053065062683477444	0.05635069547921111	0.18047904895206368	-0.6001865737190779	0.21571346831476068	-0.16789355782149046	0.28892482579892514	0.5522512104683832
DTXSID7046122	10.593426158683023	-1.0544361928842658	-1.1576021833293042	-1.2062640516213203	0.1719264601687775	0.48618192916962827	-2.140372827803701	-2.3913638196673244	-0.653588073365121	0.35387055437670845	3.312913989273227	0.009755245754959264	3.055114979805539	1.3470900971306825	0.7101674731395277	0.23972158235087776	0.9915336673857693	1.0063508958189777	0.4618284996859224	-1.9027280393516885	-1.0006973993736454	-0.9941097726417151	1.1438468224257483	1.4975335344175986	-2.263735698060278	0.3820683093094632	0.4845354353726934	-0.14575443435446703	0.3005205266574739	-0.1403985696586874	0.42664584036059633	-0.23995519388547468	-0.2034070506261877	-0.3495800362716296	0.37663304459235847	-0.6619367277893171	1.3291813330098854	-0.2597862267413061	0.3569238339866755	-0.11815795221716488	-0.08624335892876818	0.6080214756890182	0.08750863233376949	1.2539926495941076	-0.509206285534894	-0.2801189646629599	0.09942317455025859	-0.6167184779640009	-0.21800062352366992	0.33638952468454164	0.09898776569206905	-0.15004761956502888	0.07597567944139993	-0.04741236283114521	-0.2898063163471599	0.07164135655803883	0.8253260456270686	-1.0646717833331396	-0.740569386005006	0.8566779436208544	-0.5878516261803275	-0.31791759601972386	-0.2603149727202209	-0.10247356943001129	-0.5772208677164189	0.09240850605180799	0.5690927511191315	0.0709380090273379	-1.0998995688597728	-0.9978951475984685	-0.39524304030825663	-0.6090892818566627	-0.8004462105762672	0.5410184369915905	0.6485238465533697	0.07643457173108496	-0.41187963563674623	0.465408130854268	-0.18115321505490078	-0.2226703710334125	0.44760353134879544	0.32536468219480563	0.06948814678806631	-0.055707133324695256	0.39172223592773026	0.1346809125968984	-0.19654084503572514	-0.0204861978578561	-1.3420966266788295	-0.09896179827031375	0.18446203036160025	-0.10125478367239708	-0.2753845500472005	-0.20944529780336507	-0.42126802908146516	-1.4306526659410737	0.23680854551953967	0.1190010685542788	-1.3040322844233527	-0.20395831854616914
DTXSID4029224	-5.793110882472474	-3.8623487051908527	-2.7677653470584547	0.9434997047492075	0.9018143874784339	-0.07533633224048557	0.28611328623784754	-0.30943963547708864	-0.4571602420665248	2.7201261465362565	-1.0051722443951843	-0.23043856530219642	0.1899154004619497	-0.08493725920445364	0.21000823167303323	1.9119646950288043	3.609669014658394	-1.9773461043912375	-0.7678006534110978	0.43446858482688017	1.0642117519986347	3.109855158645219	0.8242733171015185	-0.1829678189002984	0.00941878014653152	0.45241506620807276	0.9311601956617037	-1.0891310369386833	0.12023990559303803	-0.9926929747327601	-0.0028453626179488598	-1.4153795402772558	1.2790609244417304	0.711973013530636	-0.014608136220926122	-1.7892762779971918	-0.41168266581728774	0.45117930647781285	2.4066521675760293	-0.5537820377715278	0.1500328307183877	-1.1922982807304239	1.3244298526933065	-1.2289246793348172	-2.1884065190833977	-0.9437028007531756	-1.3252933467320682	-1.7665892962297012	0.7093689920749896	-1.961787659784781	1.1658294232443167	2.0898719980575122	-1.0018891304637365	0.38233154640132316	-3.468256885931752	-0.5616798580777242	-0.2869900331579118	-0.5309949520231227	-1.4401080262963561	0.014121050080605728	-1.8331911191139436	2.0246531963365957	-1.9919501020904973	0.9635812753769566	0.19814655644837767	-0.8058701652593682	-1.0173779670008811	-0.8769711462104032	-0.03452807688235841	0.6685509848895405	-0.7308776959802656	2.718051139053387	0.24523107248897144	1.979499429065998	0.27898519247117914	-1.0658910542094426	-2.7922221882976324	-2.1395552156562108	-1.110130223084808	-0.8567369399092607	0.5438436379334458	-0.6688860013977563	0.5377150044646071	0.32088215450208324	-0.2955599099431846	-0.3891329305259953	-0.7779593697956586	0.3138827990119837	0.012922296364244527	0.2886814730424501	-0.8090935437430843	-1.0549375226553117	-1.1805280606050785	-1.0713439713551054	0.9786807263193418	0.760227638003695	0.969795813282774	-2.725953253742975	-1.6462454118129013	-2.5628744937993586
DTXSID9040134	7.956253498608943	0.8231350860157601	1.4131036878682826	3.8670138742001634	-0.6671016287816011	-1.6477096138377636	3.520425233545906	0.5549841097025808	1.6414157913960405	-2.6622619136214998	0.13750751407921682	-0.008836874994394183	-1.4012932939928917	0.9570451828250401	2.926768857728746	-1.5996596230800177	-1.3468046798182078	-0.4397085346534777	0.5385767870195532	1.6904420900171666	1.2773770591107867	0.036701349870486406	0.8743534490596312	0.07531145330795326	0.7545958381321138	0.3553035921716643	-1.620376003709486	0.07311688321404072	-0.1699589803545626	0.3411884110977316	-0.7034067805117575	-1.8327750321401737	-1.0058306999646334	-0.9185855441685871	0.06842884424514419	0.41498146705758154	0.9405049134795388	0.06584383338097176	1.2101709736985227	-0.06928339454506403	-0.3238800009197301	1.1537050424187305	-0.8140771077413903	1.1659268606852708	0.1697184900988903	-0.44260461843199844	0.18946083805432293	-1.0267909522133838	-0.017066894706704253	-0.39851824166270555	0.5577189980778136	0.4901986732883188	-0.25119756494054096	0.2626030938433405	0.15895259570470052	-2.5135679837981497	0.20551086243773378	0.32067632931730444	0.9704006247317595	1.3054936584845485	0.20561312832723996	2.2400243595152523	-1.4419913432258495	-1.0577432675830203	-0.5593779049706016	-0.31890495552929543	1.4317821001869526	-0.28889430537855787	1.5774492312905422	-0.2843395122861796	0.6820451151289563	0.8279587342632441	0.365823761662458	-2.101476951780578	-0.12581878893412887	-1.4299482020721126	1.225005258252384	-1.4414244866443935	-0.5376081951757009	-0.6431478250777435	-0.5529350142836863	-1.1233141582671033	-1.4665109171789716	0.4365346333842777	0.352638566867589	-2.8643271879263743	0.18701303452822413	-0.4651307673925852	1.603410590517338	-0.5630506430788068	1.099813272856553	0.5578154396618655	0.8784741912810079	0.15004287538860298	-0.09092205364114918	-0.3517813088437208	-1.1251124170434958	-0.21483229006175833	0.2546538895836015	0.36148989536418497
DTXSID3047130	-2.172551569585648	1.0432302299221201	1.1645818174395228	0.44042774723178296	0.3113279697926271	-0.814566645458777	-1.5635920565556296	-0.37391808374608	0.41784758579645487	-1.8862787711208515	0.009798355663354026	-0.3799274484871817	-1.1797293109941314	1.2449577479530418	-0.823962934688106	0.02398765643985551	1.136549958767455	-0.26902084790362396	-0.0821957892541858	-0.8827830642908577	0.19894411510925974	-0.5006794647823483	1.136858418670566	0.3724053123406259	0.08756212177385765	0.003249957478773787	-0.416397383432927	-0.40953515537276614	-0.04225741768717316	-0.19636350880339026	-0.6363553415776092	-0.007082558973883849	-0.5011752199794565	-0.4080965198761876	-0.31204007730798167	-0.40286866967732526	0.3166891363277238	-0.22166698057494938	-0.4348450751814016	0.2721459172904158	-0.08639184893245835	0.026527754131048957	0.0148641347271535	0.40201329628787785	-0.4051274816096753	-0.31592619059089816	0.0594667913335665	-0.38722544886839133	-0.14153602270693263	0.2262970941966925	-0.0027694170584009912	-0.14387153534880123	0.29218082956811164	-0.30128588006510765	-0.14831535460102938	-0.16120594195013344	-0.054812704988775184	-0.11398130780127497	-0.11381784733255011	-0.16820006892016967	0.13392138797652992	0.2104173648903208	0.06825511319681976	0.99419331449274	-0.00020973944529155725	-0.44595543202373295	0.47752372262568593	-0.8924227611054975	-0.12411369308208475	-0.2373309845411316	0.26625540188276814	-0.4480455146524257	0.45280869835498005	0.5253450520854824	-0.4012911442373247	0.06151195000043008	-0.06790182339012263	0.10953466740114404	0.11679713878537219	-0.2702649703818165	0.5887347701229783	-0.08441044114252826	0.2154245273078336	-0.3112971822550243	-0.010611275168041744	-0.1892080517247881	-0.18430434007386265	-0.33035948813672306	-0.042059860858683906	0.3891408359846172	0.0010074668804233476	0.12488165432466593	-0.10192503117260814	-0.017720642523487953	-0.047869890998804884	0.21418411119142255	0.2461293617417116	0.22542066499972946	-0.15506678211346514	0.29479471599465124
DTXSID3025041	-4.675605736143928	-3.126100302546757	0.0757459413141043	-1.1524411761557833	0.19197017383895404	-0.5929902184324404	-1.0708516653514328	-0.09764470112538276	0.15010234550191232	-1.024778132331652	-0.6581214794202724	-0.10761129757335755	-0.7319212672440556	1.4474444659421952	-0.05732635288094535	0.04786831925410673	0.030831013858698613	0.21460879158258722	0.19319972590878928	-0.1014545414462899	0.498636066343083	-0.0735253791451558	-1.0004560364196335	-0.14731893465754164	0.29354804776874216	-0.2625157321833797	-0.3571066551724522	0.340960957757502	0.03391837201285806	-0.030104201745804207	0.30998811218154504	0.5194756974949877	0.26266358250432265	0.030361811338553955	-0.35609264165190374	0.49881427368400805	0.079133728662844	0.009038285239199237	-0.07327440971616488	0.028243239283194773	-0.17009826614645984	-0.4064725139437116	-0.3068776425222758	-0.11633190137063394	-0.13162729191833886	0.22420294978233574	0.02346204814645547	0.1924194852363147	0.200711377223189	0.12593101294027229	-0.12205751678269966	-0.023967317114092695	-0.0978022893836431	-0.1371568969417422	0.23287611474944378	0.10675115378781072	-0.2962718447055459	0.07070854019529703	-0.17044765623214123	0.08444142504285485	-0.07485473292895141	0.044930535624270185	0.7389608419186354	0.3884637393512732	-0.3793344442002402	-0.731143370818103	0.24109878756671252	-0.3604643862340726	-0.16650634903799888	0.4159977998364117	0.15821281165321308	0.30575560384979067	-0.2686339161016936	-0.054211221226475696	-0.34235913742385704	0.19509828911271038	-0.15281086825717832	0.2505818785547268	-0.12982986399608448	-0.30483874540391687	0.052826093168179336	-0.38720267798538305	-0.31663117041807176	0.05919039853331353	0.13604137525394716	0.18246318468977896	-0.2153793006693463	-0.15639453947715992	0.10992670010318448	-0.010750009423638013	-0.21130164787029942	-0.37186859948337575	-0.6797588624077514	0.18778509848005437	0.16332658621572088	0.3532557149298414	-0.18646668562838797	0.1757507395147785	0.15155349822151074	-0.29642655480260605
DTXSID4049036	0.9971984062142002	4.067617850856551	0.7659303363645696	0.663779819259293	-1.6468506731020451	-0.18237411059074302	2.8455230182653177	2.0351119507766295	-0.6321137420198828	-0.8129578061068098	1.391414353580669	0.23089881145685853	0.07193919523302343	0.07142467748946643	1.1226355084405986	0.54808300046401	-1.6375670428804725	0.20157100263077551	-1.208354661878906	-0.5063086282661666	-1.9926517082914144	-0.7792674343010039	1.2867882358810865	-0.15479980288323703	0.8328733768267518	-0.8252987970010058	-0.26932211068787354	0.1566557376960812	0.7831399088102334	-1.1951202541731096	0.38309367920385734	-0.8501045652371017	-0.261292546742348	-0.18032590607545648	0.05432375286165983	-0.41591782688681567	-0.26475348596976594	-0.2386445375167336	-1.1475580922404658	0.07439785984319292	0.857645949619167	-0.1544292495605481	0.6514916448397585	0.8355393539346402	-0.7396028073031842	-0.1579079910244487	-0.25741480175683795	-0.12010473804050575	0.4149043324279318	0.25565881521713446	0.11534576963524494	-0.25910909816467764	0.3672774370236031	-0.42656317784133463	-0.1500342427261439	-0.9926378054378819	0.8023514697494569	-0.12408952808580012	0.1314008387583202	-0.6372459602718467	-0.3116075712299458	-0.20754801693989663	-0.5742295520445219	-0.19212815346554843	-0.1737009208582537	0.3938425144348206	0.45098272681808854	0.3695316693476921	0.5783380432966501	-0.683379695110781	-0.3078463227607443	-0.013015633242559907	-0.13032427748413522	-0.08094729238484688	-0.7625551207101852	1.223504781989793	0.5270713881905303	0.7848663415029276	0.153282647193966	-0.15858951238227895	-0.658064214691843	-0.35117520620665227	-0.4988689043053423	0.1922294462200336	-0.6262668207520218	0.03564835019257904	0.04611637330818147	0.20736225486576085	-0.30199445261209057	-0.9483936383984494	-0.21407595314320124	0.08007136850585823	-0.4366103533601765	-0.32884701282674905	1.0886648169848385	-0.34240823372123147	0.4084492247277965	-0.30396439561042693	-0.023776528866825797	-0.02002101876898841
DTXSID3021801	-2.3164929004002617	0.2162741551608386	0.5756403292841157	0.8539953496389885	-1.4508420311303956	-1.3080307331100594	0.4442585398639423	-0.4320995960594778	1.0270653935324798	0.7755950470731521	0.3501964933483355	0.2790744627661112	-0.35559702734432125	1.230170696954253	2.3503187274706985	0.5662199327518692	-0.7621587809726682	1.103611744958201	-1.3546000846418653	-1.3374064906881442	-0.053958414958447005	-1.051111216350467	1.0079472543333317	0.2305153111353896	-0.6556097296429919	-0.3828071086338179	0.22141541360476086	-0.013912666112378996	-0.5256224757107988	-0.857585877969159	-0.5761252604555729	0.6428644292261151	1.5419089954503764	-0.119051114486505	-0.24767289960139618	-0.3995149516711312	-1.5407932774096218	0.5512364239878332	-0.3042053298232428	1.0604859466476844	0.3886421280929529	0.7396819632404877	0.39219619631820424	-0.6435131105690377	-0.06466427683870808	0.5911931134007405	0.33942230339736246	0.4098564977074695	0.1667049307885612	-0.2237369772159838	-0.057385195092703865	-0.15177501274345523	0.5247461985201661	0.17404069609200032	0.024643435299991644	0.4347461451519935	0.40817244281186066	0.8309635748163628	-0.7251814983405672	-0.22629640414035943	0.4620344579364454	-1.0583860713020756	-0.2272714012230025	-0.24312519760798423	0.3410597673807614	-0.05351253480457238	-0.053463789724394035	-0.09041053058462756	0.0438323531691003	0.39562531621058156	0.7941816375879751	1.4678773746802163	-1.594892049283998	-0.9176170493834136	0.44039372508354063	0.06192656316314947	0.12564723307462627	0.09306099685183719	-0.28083887197001906	0.7697070284207406	0.878399278685728	0.7104926559444928	0.24374269466958745	0.25599944864140123	0.8401968299871087	0.49524656364258407	0.2981697037657836	-0.19604468663840424	-0.5696856939348692	0.8515392151843395	0.9202568490452749	-0.02325599027670111	0.055303678780371526	0.5906467744277202	-0.2401457456016948	-0.04459271482207987	-0.7869823167296816	-0.13689506082274092	-0.2292231686991954	0.35093996097230146
DTXSID8046583	5.690190094426875	0.36204174196218564	4.617216236758753	-2.8865946841734442	-3.5936675347428664	7.775754971686861	0.8738816560319712	6.287043003308576	-3.939220938709135	2.786153214966922	-1.3929541078554915	-1.7860210981255156	-3.2189311605805924	-6.347401453247408	2.4995414696241434	-0.5005097896228718	-0.7351060157010013	2.7048774970299365	-1.1763725691624167	-3.402357788808267	2.7106749818541647	-2.566360204463391	-4.5195909834126375	-6.028025970545605	2.8129106069074594	-0.8082948551325831	-4.463869426054332	-1.494418276247955	-3.231385253261293	3.034958714112663	0.8899303702913169	-10.724587353797748	-2.4715701411473554	6.049478980517407	-6.716766756472435	-1.0619512746938564	-3.607719791635129	-0.32936567568043706	0.0648785527941627	-0.7232041338451703	-1.8867825336864499	1.7150512192795366	-1.7473457371208634	-0.7202489439082973	2.996942388259409	-2.0734123244564584	1.285794216547428	1.978565415216729	-2.8715131267491163	-3.2077560034643753	-1.4623854506001221	-0.28906498388597135	-2.443108943267451	-1.081714598127492	-0.06207285836776614	-2.5533009519614827	0.4789056474111519	0.5912243289380574	1.6405474785580072	-1.1964469645196807	6.503534616810553	0.1875014802762679	-2.1255771721889425	3.055197184102764	3.0305362183082014	2.7051544524110174	-2.970424432369926	-0.8620440930191268	0.7309816955067507	-7.04416965640507	-6.840680312310829	0.32401877346149266	-3.356778383071536	-2.651878738337639	-0.18843330770459654	-1.5118852876704418	-10.690577788114997	-0.1723794182330356	-1.9945167673412796	-4.9726893308029005	-0.09527897868458945	1.0039697495440438	-5.6901188462173895	-0.7822800184324179	1.4508384770465261	-1.4894389297123316	3.8076414503022136	0.4506316878700612	0.6541314142084963	-2.3380510176374583	-2.3231346591616937	3.4465072887211647	1.651469739200572	-0.5313872392675875	-0.8928134574390034	3.6604858932086706	3.1118308030572344	2.5906047783632724	4.395238454057104	1.0759151216135536
DTXSID4025165	-0.6360988111591778	2.6375687171853173	-3.1158009388839565	1.1902543093421478	3.718428819357596	1.1338483848887515	-2.4798881494054834	-3.360165841088667	0.28739871953247637	1.0582864085228216	2.1531388784405485	13.47208550583325	-2.1649414633157273	-4.696387714699855	0.6453561084142803	-1.357741249837958	-2.9147700630236106	-0.0032785708927219937	0.9056644988668745	-0.23454267023578843	-0.2003995715022231	0.9557605988649082	-2.249531820837574	-0.24369107000162382	-0.20126941520780886	0.13741189899730383	0.6869948685255167	0.2425564288960566	0.2641800942960828	-0.01143969746592379	-1.251068921527489	-0.24678808268614438	-0.18167765335052483	0.6892682623602269	-0.8935569782019414	-0.32927252203761503	0.20514690935738641	0.7415167803196667	0.03581007186722388	-0.79995114891566	0.5329236987525295	0.20876346962820796	-0.02190239493831824	0.05698396987264628	-0.4311658337196306	0.5205361609531479	-0.006207983605262445	-0.3686278879617171	0.6705538410125129	0.1455882313962941	-0.04245387558479345	0.1499074388029772	-0.37521603095924305	0.1994479807346499	0.13151709020437177	-0.436928074210956	-0.47056567872172106	0.15460831023793972	0.13871164586082904	-0.12941149798689905	-0.44795051610998166	0.05132621186189194	-0.16412543068754676	0.3819421880311442	-0.43147817397885724	-0.3057011658060345	-0.11665881085748879	-0.5431422530304172	0.27850301236816083	0.49680979581254897	0.3149407048215145	-0.998415167825575	-0.009341976808102122	0.10235752454342392	0.5266211820860959	0.5634696888808308	0.5972541602205629	0.18259299396785136	-0.4524593123045103	-1.1968364853904263	0.040347619045521345	-0.2974709371864273	0.10510762553391374	2.1039767622201526	-0.6958612921290913	1.553409477697912	1.6381741285194296	-1.8095298619249363	2.4970349540527876	1.5283596693786843	0.02271288789293692	0.5167154120551951	-0.15946462654173602	1.1606413291004491	0.1934274474369491	-0.4546361397601339	0.7065684713039772	0.22123370299560313	0.2930481407693511	-0.183720616264746
DTXSID8021565	-5.949413156295655	-2.383017991088645	1.0647317189469563	-2.1973516143788805	-1.9601639679914262	2.892139398197463	-0.134638354113006	2.3610396202117947	-0.2381562471869957	0.6370053644579663	-0.15824576389705697	-0.1730702844504537	0.16653902134380144	-0.599737649159442	-0.10003985584809	0.2654238617882326	-0.6624008335527992	-0.1733473296171304	0.45167892994995756	-0.21268079862164735	-0.7607849551163981	0.3148591149820613	-0.06054596923965927	-1.0370355328918537	0.5178941671470924	1.1360379964267315	0.3314290218936471	0.5816313822817456	0.5217643337912058	-0.9577327087889113	-0.7578847389643935	0.5302027410864453	0.14723927998509387	0.42437381101156274	1.1340568385139516	0.45185537323325986	0.221443497872174	-0.17267243198191468	-1.3321186880351652	-0.6174440978577551	0.7125801831866564	-0.838233472194285	0.08876874195454927	0.03814843046722193	0.11925954190586217	0.2411724885385213	0.29407708506227925	-0.6601885228786526	0.1571030623492758	-0.9083638336358772	0.015123714756405874	-0.6102980422343334	0.3187991582737419	-0.1715598885472978	-0.202097107621734	-0.23567385124160403	-0.518470043600555	0.6616746916853035	0.3497860230818122	-0.4923342341858586	-0.8756302461195851	0.06235907926782004	0.2725057371322997	0.17099636233298268	-0.8533771126723627	0.505448299514236	-0.5822284518460812	0.6902165287968242	-0.19816406264022615	0.326274607228242	0.37042983885322445	-0.3871945991124637	1.5024061589214757	-1.1465488873873153	0.4300219768242482	0.5111370868271206	-0.6621481941014236	-0.7731146360709777	0.809479710217993	-0.6378891564167266	0.19890141001186415	-0.4201586653952072	0.5058343005964532	-0.29527089775922766	-0.22112808846950247	-0.1964220685238236	0.690336532905408	-0.5821657729674666	-0.32421183455740543	0.2487044425358729	0.26519899683649395	-0.1353399550754039	-1.381453639259982	-0.5949471797833364	-0.2716549919183252	-0.15338309757402382	-0.14362010467402989	-0.20337001038774696	0.21134551144130712	0.22252222801767352
DTXSID1051771	-2.876355688246616	-2.7082663690946682	3.1702307793332665	0.4934641678185784	-1.4136483525667534	-0.19804069518983486	0.8595189729441017	-0.3649851592577444	1.1169073671546015	-0.33175193229294897	-0.5058196140757101	0.09014273536993642	-0.10137588164401684	-0.06438556708996257	1.101100062335683	-0.9502689242955705	1.062788794403043	0.02319368065645748	0.8732649829984884	-0.604402322306885	0.06748433315458734	-0.08901490792001455	1.2882789666011714	-0.07599226568690402	0.6212216741889021	0.08623341739851732	0.6692783783779418	-0.4856148445500282	0.16275803768296357	-0.2969665278768587	0.5487189255141662	0.758090828841278	0.5168771564534451	0.0819985534539397	-0.9916718171655517	-0.34925731009845223	0.039559918657137316	0.08813970083792146	-0.8209784800641916	-0.755803134807166	0.40908005693848826	-0.0036007258040839808	-0.3676889215923244	-0.18829336844634123	-0.08365085120722654	0.014704040607226826	0.13470738044589511	-0.2419544274025646	-0.07226984884621318	-0.15496959277739614	-0.006822528882473179	-0.37573880529494486	0.008078743317388724	-0.024864547979524095	-0.027016760227768548	-0.12064454313288157	0.17293089056302385	0.15591766315293454	-0.024783815515605247	0.22498323642789955	0.10212777456980537	0.2519981062356127	0.2043321786208912	-0.7113835171296999	-0.6094459549225418	-0.2211163494990576	-0.32109892788282596	-0.14004412748455758	0.048183536067962864	0.6053892300689809	-0.22212885184790052	-0.18956836531244844	0.8723275459633858	-0.43434394571889673	0.4770872302387868	-0.0029890226997104693	-0.2597304785377705	-0.22847829717205473	-0.33356549878878755	0.27477251082291054	-0.33515177645971095	-0.33939287033256216	0.07526358750775902	0.039299381399385436	-0.18188600830151264	0.2179636712031973	-0.20816154628927835	-0.21211639397076737	0.26254894761257924	-0.11663852168567983	-0.05398628603189237	-0.12703582412102285	-1.0408002760864545	-0.4247314400647657	-0.28999147663805175	-0.17945381273220967	-0.5055608967675129	-0.17094058246913582	0.4092763780109513	-0.2961643895594031
DTXSID6023365	17.791650873309855	3.309414911047612	-5.982893667461685	0.8223316990158871	4.906277759332238	-6.092368744293387	5.564008232163736	0.04975797576965721	-2.996570960350606	-9.148789745588047	2.8448414287745987	0.6582618710722656	-2.200979180772865	1.8892095579955697	-4.227221249704749	-1.4866575030041427	-3.3793694490116195	-3.441182161927278	-2.4522546377865444	3.8455451940255965	-4.1765855268023095	-0.16818896414852788	0.5399405495163323	-2.4491252032849835	3.739732981961234	-6.120791173146969	-3.618222375969926	2.0605453598105434	2.312741750634608	-3.2688246644531493	2.5733722405790234	-2.6446344439186222	-0.9465395027650849	0.05813414931770772	-0.050047249089028675	-3.58644344987764	-0.8542346141067307	-0.20915859599185813	-3.8623292864167498	-0.8644656793235063	2.3985447442803554	-1.2983759174430594	3.3062420837762923	3.6648482083297766	-1.9277922425799952	-0.6919542066408769	-0.06691696800288864	-0.5928553053722364	1.5533051316306057	1.3046999394468626	0.5548776860914233	-1.4132896441946046	-0.18515626028869545	-1.3873807199232497	-1.343580039597906	-1.3744262937314133	1.239035657620158	-1.7418937401519565	1.046029732324118	-3.0966040299677524	-1.8953929638214209	-0.4549667060984644	1.375314488004457	-1.2186997066085956	-0.48065167525350694	0.2418219134187419	-0.03687126791229267	1.1557417788398276	2.32642943484031	-1.7335457376097294	-1.1051615643105015	1.6170172658764819	-0.04118546120002884	1.124493700969717	-4.240666637040462	0.09875109065821831	-1.7917729019475086	0.23663734750290338	-0.5466544556669395	-0.1428221812410216	0.2041983501443746	1.0616503963584472	2.0015092533246364	1.6181809281758108	-0.17019180903633735	0.6127528013144748	-1.178285650225804	-3.1211730570867235	-0.03838516443050592	-0.5791027877325337	0.03720043774119044	-0.16038368858712965	-1.4699287948905833	-0.5834937112392169	1.0250557829795066	0.5987322206713106	-2.4187186354816337	-1.668995211597298	1.0375977403333838	0.31068481340324566
DTXSID5022724	6.509938428500966	2.833922211968307	0.40662941481661025	3.7082738126088266	-3.340569910124228	-0.8225166234946106	0.25387072031419605	-0.08427090712385102	-0.3464034061426606	-2.8467539134191315	-2.9051257599618934	0.454519273473826	-0.1089365489163694	4.044937118861797	2.4040308218961384	-1.0218098084437561	-0.11901433130522192	0.5478712167547236	2.6539400382553913	1.149306609785184	0.11256724149805915	0.01379531502516447	-2.690568326524635	1.5225353549698504	1.404912931372318	-0.9754397197663068	3.6509580556316057	0.11563078894052546	-0.04897986604325527	1.8742642026964829	1.1022302098515777	-2.346277436680654	2.739021744698856	1.4612368984617654	0.2859967104666762	-1.8965808854779052	1.2389115837577245	-1.6424184670133188	2.256890850568666	-0.3300739432925788	-0.0071060789325404165	0.6182681076238067	-0.17308930078503834	0.015475065974414646	-0.9795777572967088	0.1561178902140847	-0.12021895877627875	-0.25038612282226114	-0.3204602076551665	-0.7895031946062152	0.5067887412287325	0.0653907341578991	-0.367598407613915	0.36296201008859774	1.895596699168878	-1.3715673397352526	0.5576180232160296	-0.0831982168792783	1.8540015544772386	0.15327409910106138	-0.3467464736975367	1.73405741168191	-1.3856116833560506	-3.544212061449806	0.1798412009699475	1.632213813641025	-0.02822265159322102	0.3400934201400227	-0.49393987540288037	0.408805480645704	1.1373461728772207	-1.5987003280901864	-0.18166231990910095	-0.9048550345740413	0.8045862098473124	0.3101561552816842	-0.5096444135766629	0.39700420198590963	-0.2432544460537263	0.8175474897236054	0.937402748133671	-0.7894291008096038	0.6303697853803335	0.10431528324693752	-0.8353235905206716	0.2949227641471485	2.4145672700217946	3.0428566074032624	1.6963041689991247	-1.530800664408955	0.18393214865773283	-1.2415388663520035	-0.4205939611298426	-1.1215659799999442	-0.762023819385648	0.6263818718569143	-2.536426554760205	-0.7515353498006546	1.8186106943793783	0.18297050891446964
DTXSID5040706	1.9201506451564996	7.12149824788238	-0.3694397943698752	2.58764104604874	-2.6568001198015097	0.6815015174810483	-2.4121715602616813	-4.690285205842028	0.07497141777765214	-0.3700469597789371	-3.295234935421683	-0.3115106266570968	3.414574770584061	-0.31591092284657807	1.6646400635398484	0.2030102143117584	-0.6258586355704717	-0.7861839911793619	-0.7429605552799686	-0.8555377732459696	-1.5777099163491517	0.1537613492697936	0.7743798197940283	-1.0168485730238277	-0.4018986577244325	1.6073384404442432	-1.0996458802932165	0.05478756409792245	-0.06100003811224018	-0.9352570621159667	-1.262953155414264	2.9812256724003356	-0.918098648495766	-0.24125604207916343	0.0015151573036534026	2.2066726710116202	0.188143196041646	-0.7132278730651174	-0.4029616625295572	1.1980756519662794	-0.532483907367252	-0.5538363382108913	-1.2914887109560378	-0.9272071993112111	-1.2372052853706623	-0.4292749031592725	0.648790011947539	-0.6556789570124845	0.6448649845869019	-0.42269136514330263	-0.036105003913332975	-0.22623471504582135	-0.8026516323724883	-0.8231771527079245	0.5949927982773456	-1.7085913511502542	-1.1723183172200529	-0.6473339730633101	0.5320470565956906	-0.8060123667676341	1.6278503273642688	-0.58065881341513	-0.6605918026539718	0.06402426912789361	-0.9479097100418999	2.452009846386107	-0.035597209437975647	-0.10467549477178638	0.27344791235264587	-0.07606873891587149	0.46063687437909673	1.7258490062783065	0.553338466735899	1.8239141392030567	-0.15061511987399648	-0.1903273297876147	-0.48607740180534725	0.3700867747992727	-0.470927891696755	0.09789926085850024	0.3550373472226738	0.6219395426272836	-0.38940880685662416	-0.09195672125567726	-1.0429468329678233	-0.5325555396858674	0.10624054819026932	-0.2185251117484472	0.4528538835483008	-0.01574983148736932	0.10845129238125018	0.7969679383307078	0.29078431517856057	-0.3211651465911498	-0.6460878212878691	0.11906860437790133	0.135599240170915	0.10960176303318042	0.28032315530204255	-0.34018701445080685
DTXSID2021319	-6.087332934007419	-0.7490349624272247	-0.2519505979758678	-2.7056046183846885	-2.5815689660513423	3.9634416127938956	-0.9400852986195425	3.7639238655346636	-0.9602055115193613	0.3062758064188102	0.3696404470591157	0.06697656667564629	0.44804803301357865	-1.7349518793439749	-1.8249250413952474	-0.04313833246535533	-0.7991841108161574	-0.9579523250685338	-0.16372529716475762	0.5529178476586931	-0.12295741677574279	0.4033853118347696	-0.9882046390978553	-0.17300739578256466	-0.10575876057319493	-0.5801837622342225	-0.07457789833518153	-0.3594211255857385	0.1446852002524411	-0.05579050493342058	-0.2942535546326781	0.6978091117940731	0.0765445852443019	-0.27110923419271904	1.0927805543030022	0.015180056580370242	-0.19750624743711492	-0.5745970647369255	0.17505620700969018	0.12838064630449936	-0.28042531868210946	-0.22967235155956542	0.4019881107522619	-0.11403666791309496	0.3637700375620837	-0.1663587206612665	-0.48577485660946157	-0.2586574528788541	0.2925610816771622	0.06640164179783503	0.1347724617495126	-0.226410561559964	0.26180381845408474	-0.11524067055510016	-0.02151227151701462	0.2401200971547585	-0.1507810090798882	-0.04629744115538503	0.4118616400418248	0.02048506789136671	-0.874552396833886	-0.14916897305563026	-0.22984635752061652	0.2123093270383579	-0.06624047116766116	0.3245890479124163	0.397670427720369	0.22017274650487395	-0.12181661016769176	-0.03851147637980345	0.8433801168976338	0.4115738765906975	0.41257556183744665	0.5584220645206781	-0.3390523072536482	-0.5227455956035323	0.3571345368425968	-0.45832685793328326	-0.33081312516127265	0.7374485716215298	0.12504386001585446	-0.7900073773149633	-0.030407003821425103	-0.9316515412940607	0.4792746961082866	0.690856821953198	-1.1518887806947191	-0.641427808645448	0.6260399515290886	0.5814450461956109	0.16385163858447319	0.031484577728890815	0.5160884515390767	0.748682329755754	-0.8837294335220491	0.04545906732220041	0.30454813746290604	0.12479536672077393	0.9252011217695687	-0.267635207949702
DTXSID9020582	-0.5258519588147407	1.2129744587561304	1.4619154979761055	1.5315087966143066	-1.6872419174918518	-0.6613587780427821	0.45705131516641734	-0.6687178196160539	1.1230463510868103	0.567398913977954	-0.5143844735565538	-0.3524502922253565	0.32521410293462755	0.8093422748518859	1.2661755256136442	-0.35451273519417553	0.37704200034118535	0.5225990113786206	0.662062895822698	-0.7132294003271423	0.7307357995217066	-0.5824257710232363	0.6992365331928416	0.19943015788307286	0.4610050647798812	-0.7923748902994477	0.5426878080024032	-0.014493290043988869	-0.09222062330954196	0.5398859904723368	0.3345949300306438	-0.06579361889292104	1.5504455363673462	-0.1404758570163207	-0.9309018015880104	0.15537328189339858	0.3096975597648335	-0.298565409569281	0.12673993549323795	-0.7466387909879414	0.5436108875581106	0.2166185675032517	-0.13381847700565086	-0.2813821715484239	-0.03011094264503489	0.1868293645659377	-0.15772011299897457	0.10471796073517185	0.05921757266534979	0.06170263463108264	0.08895218057928832	-0.13950094920271036	0.23927435240862974	0.3186863388030641	0.29728360894247635	0.0833749982935036	0.6956031663746484	-0.31025319125157447	0.3946722618448112	0.947952799251443	-0.23725736029941755	0.31968685083661164	-0.09398436355256692	-0.44169222468011693	-0.5187062291523433	-0.14981301332769192	0.26788376128318425	-0.16437034594561947	0.11566790845993806	1.0918490961436158	0.009869185696887963	-0.1919943662545462	-0.49298764301700254	0.2854778005748428	0.0802750289062577	0.8018327088700276	-0.14641375586976582	1.398280159377112	0.12599783176785959	-0.9660294081673205	-0.32263075634190314	-0.22655415239449644	-0.0994066401290768	0.4500343553229463	0.3179608046768123	0.41642892824146716	0.3573546560014178	-0.797345838762073	-0.3066762428613796	-0.23104416398292238	1.052862757762207	-0.7974703674325233	-0.2992315762965953	0.1354104569742346	-0.4071294540912214	0.1928610238380919	-0.881845177495542	-0.27975351250145675	0.9380603119102926	0.0125761021317939
DTXSID4031356	0.7938459738047401	-7.382204805469564	-4.377572782838876	1.2156490495060528	-3.8135937789854064	0.013417817316483675	-1.3900982357997456	0.1253993959968425	-0.03395720206854239	2.000644992258611	0.402601695498536	-0.33390013650327777	0.38893023293574364	-0.30123795878293186	-1.6160867238414938	0.22977536948518382	0.13137794990175083	0.17384041571694253	-0.7703603007571173	-0.8736519476818885	-0.6221694097396514	-0.4518802007451303	0.4956590745575535	-0.1826750739393349	-1.925849252140044	0.6305414170022918	0.042475714607948384	0.6091201919053743	0.16714713799334724	-0.8408271672151045	-0.5569079105141448	0.22756179052976397	0.006424147282866672	0.2796990816295108	0.44509881488450725	-0.06906290593665884	0.3732251995582966	0.6523234583118586	-0.2799846924248861	-0.9067073997985995	0.4253093265114758	-0.16161830552011613	0.3380358209517267	0.1914730011262267	-0.23551164073185438	0.3769492065794061	0.23042415115109532	-0.46850667579887456	-0.011678749054905369	-0.35955165825976954	0.03391995844048343	0.03866922789798475	-0.05640260782241912	-0.05290613623204397	-0.425912843956496	-0.06487273923959466	0.257482641789196	0.09189903611015943	-0.38500813438648335	0.056178871415560876	-0.30859094272098625	0.11146091873073359	0.19932708791053777	-0.2022470166008582	-0.6257617660515238	0.7113454289480869	0.3778006327869822	0.985308936281498	-0.20249611578658047	-0.4488448776522135	-0.20028630067954425	-0.36232654587233654	0.5437250187700815	-0.8187949645793611	-0.1417018540882208	-0.35763168632468034	-0.4740307754709592	-0.14798575666856056	0.4368438653685014	-0.12399843917737062	0.057044720242998226	-0.011220588572770356	0.1533752925531691	0.2987546093236848	-0.6867895992909246	-0.04255120037296318	0.45307360103118305	0.009855497627892866	0.008263540418681391	-0.11030489179037509	0.3276835237040825	0.580906252471694	-0.46918552740299885	-0.5052995625698294	0.3932586533475238	0.12587931217169407	-0.28571093727943275	0.22675012317589066	0.012554726400849005	-0.23235163097873474
DTXSID4030336	-7.159441528706528	-2.6411286439596457	-0.0871275690040415	0.07027241966305021	-0.7182685372714608	1.6582693401807203	0.660855970150332	0.37891748925548324	-1.2033960322990183	0.3091180906525804	-0.44312188552960086	1.5941263687014444	1.403379172410623	1.1957247023218036	1.1503712907203743	3.0977144772150065	3.195518469436547	-2.4254531166027307	0.820370137561006	1.4855338728385419	-0.9433498283841066	-1.4189569988145179	-0.2342618570419536	-0.04201235890940416	-0.5087730021196971	1.2997086394810744	-0.8122115259673556	0.15887557722565931	-1.0257242075315156	0.3779173244448159	0.910274410242258	0.2380916391093773	0.5261102228829434	-0.7595279764596747	0.6157996550856416	-0.7573936164308297	-0.2254051629093306	0.7327045601303119	-0.15186443443751355	0.8230486438197713	0.7507394644890619	-0.4041901212288419	-0.8252808031261799	0.46227246896539104	0.24883285078584788	-1.242775083632117	-0.035241798070429355	-0.12213447572197891	0.2338383773153402	-0.4895674377370751	0.29926646592256456	-0.24315436720576492	-0.22120724892327315	0.06345248700940843	-0.6529140141176345	0.13170971997051664	0.4420564158357933	0.4279618770162754	1.2466269210747312	-0.34151807416638624	0.46605198406404147	-0.8918901506414159	-1.084782191430546	0.7721627886996009	-0.36367995113734863	-0.49686448614067696	0.4295546689424704	0.5319445541338974	-0.5169470915656431	1.0698669051533405	-0.7644174002027652	-0.2940147633235444	-0.9526750345182546	-1.3469890666756397	-0.49816812506602937	0.7261608342477005	-0.08322056052255364	-0.08219006868130506	0.3913361638120204	-0.5775397205916427	0.650714653482485	-0.3613130126390324	0.2611486300177429	-0.09883016428080882	-0.04475938271684222	-0.7804850836971827	0.04553174926651905	0.018980286780743514	-0.4275818905634819	0.5327507320534789	-0.05630332674582365	0.44754468286190807	-0.31020706749187094	-0.3048029231998328	0.20624892971007763	-0.03737765356818249	-0.4365766424736711	-0.17030888235926697	-0.1018356344190809	-0.04955407995106874
DTXSID2047850	5.896657101293043	3.476309816207953	0.7922588565155566	0.20574486913918977	-1.1556320254276282	-1.7161135667463	-0.2461026604493095	1.7269759298666274	2.39619258837656	-1.8371583512872158	0.36136229001602127	0.17580949438359275	-1.2865095537472981	0.6013363084531042	2.2027327007174824	-0.19276165776287632	-1.6351480714228828	-0.7806160805211471	-0.9433488504327348	3.815151637860606	3.3042069333067086	-0.9472945768986692	1.760613605433592	1.449344025321912	-1.2017333235338017	1.130075240640761	-2.1427758253994265	-0.9129435108841435	-1.0770554389554232	-0.720383534890926	-1.130329524814733	-0.8512214168477372	-1.9034743008483574	-0.878718107720505	1.2348879069061585	0.9231786167133197	2.1324258703057613	-0.5847366894541607	-1.1197347880865003	-1.0036400995911638	1.0496165778544813	0.7050184294768184	-0.7508789265491596	1.3733601251780645	-0.261877269887287	-0.11123111731202107	0.9309018877866586	-1.082749658615444	-0.3326182412023391	-0.24545636027974077	-0.007987370783365486	0.38914553578693095	-0.039786036593700044	-0.30263668257408227	-0.2121606174003292	-1.7674023922064632	-0.904137914419491	0.4788999777121125	-0.873743956145015	0.45857936857612086	-0.5706071251923596	2.4572713654505978	-1.019979174975641	1.8326089827061036	-1.1463862989913396	-1.010632470524197	0.7181786798170966	0.6367310164300518	-0.22889477448980386	-1.717834091384582	1.4975657992363967	0.1355383888808118	0.5229985022021125	-1.1728795158976126	-0.8670301776691358	0.6098137681234271	-0.3511901667679794	-0.6392707240167163	1.1588663207368617	0.3579884817958599	1.8460082373603568	0.2957683078433702	-1.1830211229316783	0.986177748049628	0.2827970406192978	0.6673104799784672	-1.0489922280555244	0.26059594652025475	-0.3082754208697729	0.4283292276922585	-0.6742850103108131	0.22415589025913168	0.22160648497410276	-0.20774296437766707	0.34676599224961546	1.114912967286581	1.234216362228557	1.1059696662752114	-0.7679596342061552	-0.09319001888787964
DTXSID6032431	1.3312866373795098	1.4564508450136626	0.709309488654882	-0.15005220189530388	0.6229153607099032	-0.8525129886227201	0.45703591788606784	2.0237847166650766	0.4879387910951029	-0.23333183889028586	-1.2035661582489685	0.29889872981440446	-0.3816187676338549	2.38686847596945	1.4611530079122519	-0.6339428796019347	0.2892764606548939	0.7548467925633375	-0.05349243171282112	-1.436896530116982	-0.870434251365078	-0.9200501549671444	0.7846540723379861	0.7183558462051912	0.052734141305341285	0.21142958838624323	0.6263545924577593	-0.19363141512185833	-0.7339003223165866	0.7740066771531426	-1.7651719838450295	0.04239793388470964	1.2830271410262637	0.5451846902048054	1.7589802892768254	2.0398422638353124	-0.5389079099071055	-0.3005336795897258	0.5003036260842249	0.549345621420227	-0.6786505738265097	0.07174622166821683	-0.2849621016905827	0.8091925318191547	-0.2918557340082966	-0.7250922186325197	0.4755718487728187	-1.0523252109568524	0.014555268178101759	-0.31215827867296664	0.4142191747991004	-0.034855539959043336	0.6065888772941428	-0.38347825574374794	-0.09778629855874373	-0.12050833381752553	-0.5995554222024446	0.4051669624806735	0.8799014677480307	-0.3838165195189189	0.18731794581299355	0.5943460574802885	0.1207028683410436	-0.8787914199803912	-0.2134195225246137	0.0995384796264218	0.6541849541892234	1.0927855041996202	1.476958582520091	0.5962543345715487	-1.2455954304946513	1.0520085040968274	-0.7896378271497632	-0.3756721554646082	0.588519323241243	-0.8940716763454832	-0.016803920072403857	-0.192279650937749	0.9507479533859776	-0.8001964783451975	-0.35401548376704983	0.25594099937425097	-0.07973744106505691	0.10771597166081205	-0.3859641369482067	-0.5005195897846053	0.4737853748369278	0.8075755596020163	0.3933292352056645	0.011836599485267954	-0.33030391558948236	0.17772816009628167	0.3113399923295882	0.906264907441497	0.24698866931038418	-0.06272495209363438	0.8146356543971834	-0.14516931600457342	-0.1616563946580798	0.21578945079078785
DTXSID5046641	20.778972989164185	4.655105177116618	-3.5528232874852637	-1.5166948433260854	7.732766656080576	-8.183386880577812	6.103452137890332	4.400091914585036	-4.659486294805293	1.8325369611320246	-2.417391405382699	0.8456949039097045	-1.6302926936002433	5.916980744159331	-2.8066049476660098	-2.7308757985574057	-2.1859778945151582	-1.5776365825001708	-0.933254263432506	1.2213181748667135	-3.4477797972349498	0.3832133760247751	-0.9142448927119212	-2.1602482583848586	0.970656776610398	-1.4556915908157328	-2.836001686502257	-2.7385588822808606	-0.5155700697893941	-0.13070161838829306	-0.7763503069522112	1.5649920310058287	0.6350690901476213	-0.006137464227837524	-0.3281792577524438	0.6861225077699691	-0.08867654389710256	-0.7854212984958481	-1.713999767011758	-0.2461986597980514	-0.08535315061280639	-0.5180365304929864	-1.0771348497616446	0.43054619428760776	0.27179964770277765	-0.15453830509607885	-0.37223595246562463	0.6417371921040543	-0.09028017271374006	-0.0613375663105302	-0.7474598437755766	-0.5245763893885261	-0.3460856252586587	-0.4510945789858621	-0.4534013040355585	1.8288618021448189	-1.8808392568362677	1.5731490254942397	-1.3939840853298173	-0.5339983147252717	-0.9511802410760868	0.5240870280062272	0.7744295684050252	1.9383658675841506	-0.6925339230529827	-3.673823131260272	-1.452157027025876	0.6512072553968894	-0.47382620080954757	0.7687846699742702	-0.5761391115611335	0.3001786192864907	-0.2921684211427908	1.5083300905440247	0.9295757297513125	-1.0556971819457974	-1.9356213835943001	-0.1878379919551071	1.3428999876030991	-0.720719477949787	0.4014473229388215	-0.010987705139115726	-0.15478012763281065	-2.3860536956402916	-0.23073495170313268	-0.5716939684994857	-1.7374017725315338	-0.17378122604288243	0.8061986504603921	-0.0031106320066785743	-0.5786416382699056	2.7314154572055767	1.1610421873370091	0.25353190205477455	0.21865387142751883	-2.512677607159598	1.4255503859233742	0.8812533922401985	-0.611643704520823	-0.8102839457696265
DTXSID0048711	1.4086833435239097	-6.599076855211869	-4.321307244307502	0.8586969980385404	0.7913519357364103	-2.3734041104995622	-2.385510691134911	0.4570266591892286	0.4050890360593303	0.1883169288847024	-0.3360380110445654	-0.29365061365289735	1.6037327358961337	-0.38463455842750355	-1.799352158986942	1.6293155618589044	-0.11393008605755651	0.6756318322310181	-2.117823625905855	-1.9918348622498587	-0.43332751914742246	-1.08315642944715	1.3814137528908483	-0.3482018616698261	-2.203893136964987	0.049254823004331275	-0.4197359957303252	0.5079564696001334	-0.17625858876723768	-0.8902265727675386	-0.570007630875205	0.2930870280789703	0.026079365487320476	-0.45235559498192757	0.6495861062992893	-0.7393882813614927	1.7160246212594115	-0.6249543115491485	0.9575084741481719	-0.828632781773101	-1.06366541299785	1.2897389776072374	0.570941275485823	2.380287922495252	2.6823635026126333	0.4697215165892577	-2.307199272942868	1.5474178543729267	1.15814938992128	-0.6255964676047079	-0.1031027224255633	1.6284166846663215	-1.4811612143760993	0.33462257770707465	-0.5417678847847776	-0.7156499672437814	-1.30586403627794	1.380263273539877	-0.3800260250420771	0.4024740810938893	-1.1229252270830463	-0.33928150660200035	-0.10025761661024	-0.4582430162180256	0.539724276143246	0.3251793866042074	-0.7355201605707952	2.035299280113363	-0.07417271119915336	-0.6400882951817051	-0.6036823813888519	0.8113058923773897	-0.5901680633313079	0.7085868454880775	-0.5251015738439521	-0.12187372042271026	-1.1609230648780238	-0.1633218549450786	0.32037952564079053	-0.9487042603711452	-0.8362249024862228	0.5240152342154171	0.8674472808574328	0.5845414811929173	-0.36854260274091016	-0.13905168270048018	0.302184990390339	-0.020675896121041044	-0.5704243659664666	0.20792514280506233	0.37174729344637353	0.21107299955327863	0.6355193318010345	0.3343210833094124	-0.1970815771883338	0.23736596767508028	0.5009203730925497	0.15446022163214748	0.18580027474250638	0.22766418622262327
DTXSID0042379	-4.947475996951854	-2.529059907752022	0.4992891483989869	-1.7175544809675662	-1.4435384465014922	0.459472010207303	-0.6763362471753487	0.7908667167390019	-0.028676735562137037	0.14700985519088877	-0.38346473991351565	-0.12038016517101906	-0.48897552621334334	0.037904784695799776	0.407988904040038	0.7156807513310187	-0.6559063609655413	0.9644244503512613	-0.4688641382083981	-0.09627265521885627	0.41992012022908215	-0.32401600542024706	-1.4242676358670951	-0.9444705260740405	0.8265946052441725	-0.782699085056959	-0.5262872715539522	-0.9052855174972815	0.10940253545001562	0.03580392419481392	0.7171552472057395	-0.6244954678328375	-0.2967586925794792	0.2950297687906354	-0.7685491152369468	0.031130606596692097	-0.3445079939135608	-0.06349592867913725	0.12449592817798338	0.277894456892499	-0.4959513682971909	-0.4564853409180574	-0.3926964276191948	-0.3543540099976521	0.3405395787016267	0.26963125933551446	0.04323269288583513	0.3292468883230703	-0.12907744309430835	0.024663874317679264	-0.2280449876354175	-0.24654859361767706	-0.26828426517423704	-0.19288205004026035	0.2154486433048127	-0.5337792104737181	-0.044473716016558654	-0.31865785586655926	0.21697751459119186	0.3879421365290738	0.7127154709303889	-0.20049816214835772	0.33029873608343124	0.8575300069911952	0.034697345642146486	-0.046469413676702334	-0.45428699256159977	-0.4031671355440158	-0.15711448309648526	-0.4153816896392243	0.12766532993492485	0.42393966327490235	0.24666487745909108	-0.20678415231071443	0.436269100007676	0.01771303123387275	-0.06188223895204643	-0.6440301794967569	0.6888081898392685	-0.2929677224993355	-0.1099053521619658	0.3153955727014569	0.9336894907920515	-0.13327456310446256	-0.7038877749437235	-0.40079760286555244	0.44589405277182104	-0.6639417967983504	-0.12423689262126722	-0.670123988255466	-0.06629703369515101	-0.6081186579211929	-0.48388391759040184	-0.05469757441187524	0.019661514675539487	-0.11231457687624244	0.5474438374705192	0.4473791022782245	-0.40516704172966866	-0.22786169551683044
DTXSID1046639	3.2624143437949664	0.9420139053408275	2.1445807144408433	2.5996505836644253	0.726576687770355	-1.525700715592331	1.7841476397434597	0.7632249709052058	3.2876416180510155	0.39818058156274333	-0.35139674455341463	-0.12166262185334371	0.4996435001465567	-0.6999288326432028	1.8615515276812937	-0.9897956174160594	-0.041743722352328906	0.40401860064901973	0.026298224145276317	0.3972563417541166	0.030037639903317946	0.3039273482040399	0.9800930798224207	-0.38443138917794134	2.085721676148787	-0.5407978320520795	0.5648481956265831	-0.8075777196619339	-0.44391640359747275	1.0015287014983225	-0.7183106823837122	-0.6647758925322277	0.9958438873938026	-0.41598580939779783	0.6861721656873565	1.5739824245121516	-1.103527795402299	-0.16217644529335182	0.6066360480463143	0.22138443238287406	0.35304717560028653	0.3913721190010999	-0.8064711411570662	-0.04880401874869904	0.5418831893777012	0.057311723654235654	0.6518707627436111	0.1153777748443585	0.06186566588244213	0.27328707651805034	0.17176443720151421	-0.05597491437849874	0.4567564700698089	-0.03859861471084704	-0.010147292455024454	0.12810273241104395	-0.5791548211742311	0.0465369177598901	0.30896034221337254	0.45863493432773356	0.26978690899841185	0.16803890719680845	0.0010961035664675048	-0.5575143298658517	0.14596774137075386	-0.46429386833557285	-0.24144044015736177	1.4224040553364217	0.3852431283190617	0.7358010487685543	-0.6713872624377027	1.542824075398109	-1.4603595175326192	0.23379728495299415	0.5251466309097234	-0.2698882140885577	-0.03327432969293908	0.8874146564781353	1.097074645440328	-0.04169896217071722	-0.498818787610603	0.2975628173899401	0.2768611679178556	-0.027354549802400346	-0.7113209947237364	0.07903398493358622	0.11777324714390366	-0.052702683359487544	0.9638465427110514	-0.23506582376617857	1.4962256259052495	0.44514702677593754	-0.06386309843579435	0.004443402691098479	0.7412341494503373	-0.11699887466768827	-0.396747176526912	-0.47046220973826974	1.0649284064458342	-0.004915790058318032
DTXSID00892442	7.311460188077699	-2.5878306695893714	-8.459627295907454	-14.177315122921565	4.770412870370302	13.123061425587123	-0.37598099676609836	-5.324352047377481	8.837586861637691	-1.2926321205848876	6.535665667845424	-1.447964386398445	4.740089690146679	8.019399198918421	1.8344763277405969	1.8386017843015143	-1.7297781586490908	0.30191191421526015	4.142748620016231	-1.7438461787509971	-2.865270713665952	1.6984930779535612	1.97576721223685	-0.4130801964297572	0.7809328632326614	0.725721221655073	-0.2893576707677319	-1.3195447328559822	0.33463129687688803	-0.48518058001121017	-0.39371878939358096	-0.4450557024365582	-0.6716988730266601	1.396456717926253	-0.04799661853996473	-0.37833836452803643	0.9381267001455376	0.5351903018622681	-0.3955066976419428	-0.2912277679540078	0.31375630462326903	0.7316096992579365	-1.212721247020475	-0.3186404516757509	-0.7459762628940665	0.8135194857554647	-0.40341253411469696	-0.395846778918821	-0.3433669594759679	-0.010741443271115675	0.09490704008772302	-0.11071116716079417	-0.4606439523824905	-0.010158109382590659	0.41943175595507093	0.09141440655228922	0.611995688099829	0.8195351262115047	-1.4408608964864207	0.29872500171256566	-0.11843029585208269	0.7098752131590327	-0.2676451292625068	-2.008027327542975	-0.166451109927476	-0.8799646308837147	-0.8179251619860848	-0.0207077353582054	0.2185835087808448	-0.08701752522863707	-1.0449133545799556	-0.14248000365241778	0.6631530019882527	0.03756913405790347	-0.5951697223255236	8.664559118337052e-05	-0.8455344393699532	0.09296707933624812	0.019457239360623678	0.47151381053358665	0.4930808713390511	0.18698185963100925	0.15880739617189854	0.06331716756690337	-0.39814767089749015	0.3572551207210117	-0.9030220294580209	-0.2711079955515642	0.6371459722373267	-0.16150595078359797	0.8827163871749975	-0.9644058507796618	-1.0534906840899463	0.4131949259162739	-0.8041726867894848	-1.3864913268456187	0.5460208145893714	-0.2531821958905364	-0.20699385171572424	-0.8343744301348593
DTXSID8040725	-1.146546187181626	0.06037337898529353	-1.0063676236143804	-1.1645875082788457	0.5457343618727383	1.4063046991328159	-2.568397432792488	0.41992749171861743	-2.1278823982704616	-1.303236102698516	2.42845711740649	-2.2186093749575844	-0.4746545883051616	-1.3869948379710357	1.973198757948246	-1.1518526335661134	1.2890571913062134	0.5341644121533722	0.2736307196202843	-0.8410221193461606	0.5814947264005731	-0.9152783882056544	-0.09734837141852815	-0.06353689483758042	-0.03794910968410163	-0.8067509583938968	-0.5654895131446042	-0.7459662973002166	-0.18426411669452758	0.8932736666541784	0.4055904775844965	-2.43144705961803	-0.34732572348053836	0.05449343581421249	-1.5277342431105092	0.9284479734412427	-1.3853606199039197	0.37959660171986315	-1.08783357671844	0.14938503079330456	0.24746646636362954	0.3509572893447587	0.5581468342557588	-0.423826564740102	-0.2214620435899617	-0.3934315790019378	0.009500448201829966	1.1416112868171095	-0.8721130383619505	-0.49306433734415966	-0.14069874140718747	0.4466196977947676	-0.10182263246838898	0.1784208084183387	0.17931390469232078	-0.3783908141836188	-0.43505867493853373	1.5142756710042948	0.1357847969436632	-0.7269086364077203	2.316642635804335	1.3311813100345746	-1.2632779766877211	0.8018811128660581	1.0082146442522506	-0.36442068921158866	-0.18179535597218713	-0.7290311257682264	-0.7627933244489146	-1.5539469413228464	-1.7947481193348676	-0.1816387612989355	-0.34396099062323526	-0.7194897974193875	-0.026716426951498222	0.0016797901700512368	-2.5845758313760054	0.011911875118243521	-0.3724949672609453	-0.6808137250469218	-0.07981793101064626	-0.731690560561723	-1.9423426829259194	-0.7676911194814742	-0.030528105049391144	0.382492452759037	-0.07560496736542173	1.1886476406939888	1.28049906154236	-0.5137154935121809	1.3112941401127884	0.28502042769886765	0.242764195319493	1.0406171228143875	-1.7222403137747144	0.43794325238374754	0.19155010246717324	-0.058519442134230666	-0.7466018642732358	-0.4926854571595388
DTXSID8027377	-5.094674524520651	1.1338184478758504	-0.8052446058373036	0.8921831886504823	-1.7804128963098282	-0.09994027056250604	-1.07753045276818	0.024814362530130116	1.056302340336965	2.3123005611319956	0.9128326843130532	-0.8274787623433449	-0.7802924504480672	1.0079126487097518	-0.7984302162682188	-0.4481409751925338	-0.5275725463090902	-0.011824679961736759	0.499797400984833	0.23076163656433002	-0.4779192034235856	0.3284262826415299	0.03360707550792723	0.0037128954103183244	-0.1227180666916877	-0.66561099300816	0.0083926765556973	-1.0999283831618305	-0.08687187217146301	0.6651139886331023	-0.2443706975273955	-0.9775300429415783	-0.3898689995250101	-0.18053380082990916	-0.6570367277805454	0.14212049131885077	-0.6644499676420981	0.000216967376567841	0.11085615505690903	0.0037417980597062163	-0.8751962674136148	0.11233400024674897	0.04520007113545918	-0.3798819160817816	0.8804479064967043	-0.40125410894972474	0.14033353895664133	0.20071654463706565	-0.5033551302502403	0.19372270434416547	-0.18450732621977578	-0.13010664562358895	0.08762899712090756	-0.17089006560461914	-0.4668991191371019	-0.042032418334101145	0.10119015251692733	-0.5640025571012462	0.26946301674428835	0.8776035282146302	0.688756651699145	-0.6813677925517324	0.44726230847946713	0.34817661988639553	0.7805695393883698	0.32541310829178943	-0.19233023265235552	-0.6751792190037853	0.8444483696801524	-0.3539036073662187	-0.3095942150755081	0.3981876988549803	0.4964158491900707	-0.6058389012927565	-0.3470460568864972	-0.1484658078544801	0.2743215106921729	-0.37174459939068355	0.010914173210951512	0.23481410883240816	0.047694492371744036	0.40628176560895934	0.49120641766897283	0.5480964012497551	-1.3514214860265108	-0.6103316609518317	-0.03993624370784336	-0.22016662991948355	-0.3059182197613658	-0.5420873655584645	-0.4417361690546502	0.501257616367193	-0.934461616482342	-0.4113114466142369	0.01785419064691941	-0.5078571518043561	0.2991976128391988	-0.025163519687461448	-1.0012921772549541	-0.14729824272188527
DTXSID2045658	0.38490483324999514	-5.1051858060140125	1.6911600488254903	2.9608489365381283	-1.125158957187107	-0.2567649124080735	1.9830878127355491	1.6170339064561179	3.91402996111275	-2.240518206005194	-0.8078227720073514	0.37473943607298654	-1.4281285009172866	-0.990908169850035	4.722427941303666	-2.5730555127536827	-2.976627623691032	-2.4507340010882914	1.5401726712283352	7.199832435429686	4.283736369214789	0.20254988015364178	3.3101570643395037	0.6496114759388771	0.8366344845443905	0.628868107585752	-3.629135432153189	-1.9009785805683634	0.06835886923299166	1.017200766985822	0.3042062688165422	-0.6758629230992673	-1.6444639502512872	-1.925849049087653	1.2205875312065546	0.7441991596604077	3.1563326485744807	-1.3047286283435593	-0.9759565321353565	-1.7784877247536663	0.7095043411608128	0.7874730106664442	-1.6064504620353304	1.2624171877738042	0.2802668845768924	-0.2500841604662377	1.6471886283708888	-0.8247506251229052	0.15295490874894405	-0.6489016720167742	0.25993318532625204	0.07970472134256887	-0.8210177755374996	0.43765209984769027	1.2175511927368374	-3.3758267270470177	-1.2576940103185053	0.49980940995856693	-0.6165667363665317	2.339581807258242	-0.6140538474155997	3.86971550357383	-2.0049497330154216	0.9136755658306728	-2.017074853641635	-2.464339597562672	1.6859179583411665	0.6165768569261467	0.3958832724441849	-1.3022508601835068	4.486443332909092	1.7363391119062002	0.9939177184151988	-5.221274832704432	-1.173353965250097	-0.3796617983700223	-0.4233353029717462	-2.5127602906803075	-4.6025709773004575	0.9843754477995993	3.0668099115404353	0.047729438173386686	-2.6975345050233535	2.939279063171195	3.4745144043755545	-8.47027439371099	0.445733039862554	-4.304220109520225	1.3580374848600703	-1.2914184697843567	2.1837376848445595	-2.389334914434043	3.375717931216696	0.08577741550629074	-0.22659896547539576	-1.6835250291426604	0.20584099665018088	1.088294811113892	0.2263268597024702	-0.31622683632295523
DTXSID2020139	0.7881852645010291	9.40883264441517	1.2120956055621872	2.2708592904908764	-3.3894308683831706	0.7766909360785728	-1.8852120148898432	-1.9190944888420847	2.8897664128519245	-0.7594164943456538	2.6239845748590698	-0.9782902930964947	-1.3610985692163209	-4.214984066895034	-1.3174729569250851	0.9127119202839384	-0.897442589663639	-1.0234093240285458	0.20452178099090979	-0.11727408165188566	0.8829332245713667	0.10550329820441218	-1.4156594264698767	-1.0527165941624443	-1.3943462309145804	0.34172053396668856	-0.9241906182159235	2.9598460870823944	-0.3289842838925145	-0.6052041579654613	1.1019468964500074	1.9540299359531468	0.8322910868480583	0.04334113708173539	-1.5504258582431156	-1.6365377714955858	0.7220476037434678	1.3037115848400285	1.9091898334954116	-0.8608523693535634	-0.944757695386467	1.1405557813373293	-1.3625721494982732	0.526264988745402	-0.7012368308338927	1.7821892279220866	0.21207078676919067	-0.41340694612743967	0.6391392053796907	0.16090851483843713	0.5083484072278649	0.82329853349628	-0.6577355944132248	0.8623521772448821	0.379297017560104	-0.4906654208925774	0.7661850229420888	0.3453544704010742	-0.6406314649867588	-0.3544294168232947	0.8487443406589934	1.503627441191257	-0.12963375424797594	-1.5111451982835344	-0.42931058159558877	-0.8356594270781419	0.19547257062363485	-0.619272356556759	0.6364215618578458	2.6885315122992655	0.19040316745569155	0.3636363162826857	-0.4044130624803814	-0.7566162805770132	-0.10503924787440731	-1.114314767800772	-1.234641657403152	0.18155048345513985	0.7831272374214125	-1.178319692656574	-0.27063484700419127	0.7244223457085404	-0.4120133504195234	-0.616162385794401	-0.33536031541542044	-0.5323416337428748	-0.2305330653876827	-0.9137190746193546	-0.3648213495248839	0.6367575251964235	0.08997633055752273	-0.5374298161395068	-0.9031454174758808	-0.27807561981094886	0.21375722254649743	0.1876929521858942	0.31760789127379696	-0.6125246326731917	0.015527202901488391	0.30523671847216405
DTXSID8025961	-6.847833263403832	-3.8029479075121757	-0.41732495675733117	-0.021016694085175532	1.27139623437035	-0.1887987680476978	-1.663831980424625	-0.4524698448971115	-1.4003117729779802	-0.5123732124708729	2.3001847586507242	-1.0105029155785745	1.3046452816943945	-0.2731674972040118	1.4703172012248331	-0.8918139316148209	0.7738535854364953	0.42498837277860524	0.11597209762737007	-0.06324761581029596	0.24802982518416491	-0.0940805853403182	0.7203056750342248	-0.07239169427776729	0.29557172819020416	0.21874751880616586	0.15597916713487128	-0.14764519401888865	-0.2491050360108657	0.3485145288844942	0.34853234725428023	0.26839057997406307	0.3806708259326446	-0.010867927199431757	0.06872840317214102	-0.5602705810422997	0.511584929772143	-0.10938093825525386	0.37852410472644277	0.6039647762343588	-0.46190027528974803	0.10702872880665061	-0.8976048879948858	0.14001474229990293	-0.3759405636041828	0.02059046276815421	0.5318866196503049	-0.5339991679608297	0.053627107573446985	0.050871360020569474	0.09528612991542895	-0.12033534530754533	-0.016400351288241737	-0.11622462021298934	0.1642051171796936	-0.2673737116711245	0.35039840010561385	-0.5792773902484554	-0.39679763935221696	0.17096716153918493	0.13748290932318424	-0.4009071644961611	0.3583424911336185	0.19623027449962785	-0.14616026364084383	0.15825462881615204	-0.5195701981740114	-0.30415177624817796	-0.32919606914730054	0.30723322407607867	0.35231638603971815	0.26054798396813883	0.09174982775854	-0.3071859607075733	-0.35291039931472296	-0.1642175729033472	-0.17408911044957392	-0.18704546504486635	0.27123289068472234	-0.7363157010841269	0.11205761292903128	-0.37179971095178793	-0.21276447208566776	-0.3802393565428672	0.2804778790619622	-0.021778864325570305	0.09099728154996257	-0.15180286701567897	-0.32242458380257655	0.06671457544199039	-0.2301080925902925	-0.2166151988011749	0.0829158555432648	-0.03955635348612936	-0.14328387726379924	-0.41942005069520233	-0.0012962471208931062	0.025239724597135263	-0.22002149692770706	-0.04532843893871989
DTXSID3020889	-5.517703795549522	1.0057707914597627	1.5942308250364785	0.6433813878245006	-1.2913366744013002	0.08913986999094188	-0.5047039669198633	-1.3366808413402773	1.4585772915722892	-0.29876212542297453	0.6009652349790392	-0.38239111552956073	-0.26140953798174305	-1.1912667860847477	-0.16168940343510468	0.11913730694880688	0.4238816520380101	-0.049675648358977496	-0.27071487025387486	-0.35406931539846426	-0.06616224768898007	-0.38503122332520956	0.24515189645625896	-0.0974714429866448	0.07335767068924529	-0.5849545364218315	-0.19512138880020924	-0.07267328261448525	-0.2058000080076404	-0.02108282813883998	-0.27941663563430325	0.773745589202371	0.8575177152025057	0.2460317122270985	-0.07709888323318238	-0.04486112911679898	-0.10238348309434958	0.22668016228826426	0.18944497616348516	-0.22159136901321358	-0.18477418007020244	0.0921028676586569	-0.3707460945698187	-0.08417720390058937	-0.5716553427768568	0.3735120447007988	0.07959015583693776	-0.25255220720560567	-0.005863736606541944	0.06483865539686329	0.07832930506086276	-0.01300919888978788	-0.02636620039019927	0.027301358115861415	0.11384958808180401	0.30433534804647006	0.1021552122860878	0.06672599273941998	-0.30131570015769604	-0.2517182093819631	0.2888007025327506	0.43432144523037797	0.24530854987070433	-0.04772104232518047	-0.08146399425736095	-0.23857073092286515	0.05158135444903285	0.41015796614679934	0.28995918337652127	0.5382832647565723	0.010081628453790178	0.19999967547960082	-0.15270261935233287	0.16585452180909394	-0.25352691764551416	-0.13319158731569497	-0.04379065336879003	0.21565003844957364	0.16273781417380315	-0.02078010714580789	0.41766713178557013	0.3476316460308511	-0.1542997366321357	0.017431393442468558	0.02470842094256705	-0.27374050538172023	-0.4082122443104438	0.11599894574325527	0.1054482603879032	0.27862322555851005	-0.350075672082428	0.16337779581724102	0.19671947316371183	0.09758757661552117	-0.23020258700801144	-0.24737693084821671	-0.04595608982728358	0.09238158619342182	-0.041299774177285746	-0.33693556322791735
DTXSID9034361	12.014888434463746	7.5725876169495265	-0.25926301307325345	0.00026808879502385836	1.8256824843864403	-3.198454086282018	0.08432928011654912	0.573489877293072	4.446578130372377	-0.16650827428846152	-0.5742859901563141	0.055429783605505364	-1.411440638319992	-0.25937544613131014	2.7947468235547	0.16165673100215452	0.21174415883310477	1.113827251048673	-2.1658119835466016	-0.1557885219044779	2.2077985990595574	-1.820321219883159	0.955450976270173	1.4398988353234354	-0.4040453749699204	-0.057620438121581796	-0.49649880977355476	1.0409077441171837	-2.085430389106153	-1.1041088566309913	-2.6529252958098954	1.5307119360628865	1.0825421591255324	1.9279279866426267	0.9928435721767255	-1.1585003578460633	-1.339953019561473	0.20685679498866683	-0.777085530464828	1.2216797239575505	-0.7827678052640412	-0.23729825724074113	1.2504453022086353	-2.044277414980214	0.41452477310297475	-0.4541892699504848	-0.9589778546663711	0.6306110130979277	0.4804968995301694	0.10848876893191423	-0.13704456876346938	-0.32385769941288567	0.7976585018945059	-0.6396095277441188	-1.207423166882066	1.4697602055208663	-0.010057672388132191	0.006790102259341731	0.33830473570336106	-1.7089837513458797	-0.15774453888078205	-2.6640307072110945	1.9492577672574987	-0.7001986242182761	1.0757101655626429	-0.22111290747591533	-0.14702313709467646	0.08649386922037516	0.45381000184563824	1.0735070554714004	-0.13518518722931352	0.6183764254024073	-1.1396894598576892	0.376878792484291	0.8591715360632778	-1.9630434872746474	0.12760712686626574	-0.030030924706119004	-0.7099391708187633	-0.186675533336855	-0.9473845372918238	0.2212501226017818	0.6733808522970169	-1.0083580167135346	-0.5612855573100609	-2.3682411380968467	1.599442749088438	1.0489296038655531	-0.372395889163916	0.8486860021318481	0.2442945802865079	1.4510785618597943	1.0502924624481145	0.343077033260928	-0.551467366116314	-0.5884460912289179	0.045038487363453374	-0.46808635113786623	0.8030276915588638	-0.013532073502602975
DTXSID0046430	4.6588787691516735	-4.734965375049832	-1.7090305024562784	2.724528297941332	2.2302981211706223	-0.640709501702411	0.01933333667032931	2.8519810775439667	-0.48649910452377043	-2.106349819127175	2.2781970962029283	-1.0402637687432017	1.8937803789588805	-0.8675825333182388	3.750977354905794	-3.7624906355255487	2.6710230319185935	-0.976444768490458	-0.6774612125212252	0.33111981358475506	-0.7652725404835011	1.1074085748536577	3.692641520752166	-2.3003281948773746	1.8502994003253217	7.657974431410445	-1.0416418933841858	0.3368841292480326	-6.665676052383961	5.124198178775125	0.9533003764308247	-3.9041563180317884	-1.0809987572054935	1.1356951526315213	-1.7358864115694919	-0.12847592744831526	-0.3597758966188674	-14.933525614332774	3.059153246751042	1.376107946286776	-0.14130559855290753	1.578048029702618	3.1741681673592463	2.1385788052892973	-11.82853862625578	30.487933703007823	7.307956874153488	-9.185928541626664	4.228155506437494	10.836100939153857	-32.76855670936306	5.3245578314374455	-17.517560986339824	-6.4510868537166655	-17.47966212165371	10.587174084480628	3.8594438502220196	7.695645445490612	22.234811579666353	3.694597836180896	1.0607556191941232	-5.799211455408056	-3.4947818680759006	-2.2497696258335735	3.4239019424824724	-6.239299204597212	8.70077564682373	1.7127125158205259	1.7993890252395477	-1.640724016021826	-0.09353285454402975	3.9828859890783144	5.3139558024937825	1.0474606595594533	3.2653572688665515	2.7042752418030926	0.04639097555758654	0.27867270312930853	-1.7516978456799257	1.6255713688863573	-0.8042186867646159	-0.7480335707729172	-0.9249163652407583	-0.9381967137755697	1.2627205622441098	1.5802844222913626	0.8731358842410365	0.15937159576465415	-0.014765886627751896	-0.2068166641537588	0.1483312198526774	-0.5497995669034907	0.3732289975232911	-0.27163602398390824	-1.0033477084464344	0.15049490352278425	-0.47743019428024197	0.09746047363279575	-0.8952176764165796	0.2544707753962541
DTXSID0046777	16.896914665412787	2.8921708701638487	-5.641423347103603	-3.8309465773975924	2.2004450729818164	-2.1676815090821036	0.27547757589852045	2.389651830989717	-1.7088803374052115	1.8074748978170172	-3.8521182418900195	-0.6643961766687138	-4.530806392351752	1.1913001403992172	-0.5501062916168891	-0.6069159661664657	4.511928062578167	8.70568785506244	1.9887135325096794	3.2842702225550044	0.3388055827846339	2.7040681103051267	2.813797630345452	0.5509093318770812	-0.6912416388012543	-2.1394717804230745	0.12626638998493145	2.4302192592415355	-1.8039548292168044	4.201046290388343	-2.217764881555987	2.7477901925200063	-1.3586921435050285	-1.672248432710054	-1.1798605787684382	1.4095802854989041	-0.38634063258474877	0.9931484544342479	-0.6100406480877398	-0.5166224062921791	3.1405785806070288	0.35071141519959076	-1.636553677337182	0.7005548306574183	2.7691992056462906	0.8058552763089599	-1.2306812394852822	-1.7364708643687587	6.64188969709789	1.7358697045076164	1.391737760981004	0.7305949383242372	-4.385843245038464	2.0399467656155137	-3.195382399468269	0.7635976133132514	3.6060385730951583	-1.2962571447869338	-4.015700179607341	-5.19886351372464	3.16803925660229	1.2594044617284035	-0.5466997192556626	1.155214625973431	0.40951022550298477	-0.7992969334395857	-0.29463396902296823	-0.6747975341025707	2.0860778198213876	-0.5973270170159158	0.2592612055749789	-1.4748020031113716	-3.7216384001064484	-0.44266955086402915	1.2694085903112435	2.612872733407568	-0.4507892053079166	-1.7917745456153358	0.07817663937729204	-0.6469796371723561	0.5498869732724052	-0.8285597933664399	-0.06582746286705406	-2.4501077853111757	-0.4872620210297477	0.4503465504535359	-1.206262331218035	-1.486822953776064	-0.18839142982252685	-1.175213333124784	-2.1979670704359178	0.5544859332911724	0.7801752059239413	-1.7518753298307017	-0.9936577637487835	-1.7608189128826286	-0.48062420679390794	0.24894137640242944	0.2285037997657558	0.4406812311670058
DTXSID3044889	0.3567618947815754	-0.8284720431042555	4.32403400215002	0.1315030216335761	2.590320390383663	0.44514559294955536	-1.7690176351059346	-0.2300340547566024	-0.05553984020390426	-0.09778411256889671	0.3838907549304514	-0.6243190966551262	-0.8033595877896008	0.19835230013063715	-1.742415739349289	1.8032061577165406	-1.380088997520247	0.22090503309076365	-1.7420827489314015	1.1669127149342724	-0.0970596063627632	-0.0086138431324074	-0.17446420952226202	-1.2278102707863539	1.294752834986488	-0.16098158972144716	0.3477167772200436	-1.361692562119099	-0.2420634519607897	0.4911364662126531	-0.503985724187909	0.7562707409902655	0.3879469396039103	0.9357623499093292	-0.14308958685149092	0.08958937284374406	0.8079007624799415	-1.0761595692951433	-0.98773350967711	-0.4364413505264005	0.0867391509777254	-1.1988374198120533	0.1973792707902964	-1.0331878769844627	0.6259275191746853	-0.6769414024630422	-0.9798427974305347	-0.1918523437433885	0.1568902485982472	-0.031120423660362367	-0.09391169939349547	-0.729582012224518	-0.04747930682658107	-0.19407349119160447	0.4894938069917738	0.7210100260796506	-0.200672252069727	-0.030386455284454376	1.0207642024687702	0.39323865833712135	-0.9701683234713905	0.18551474985931504	0.31339005345585463	1.3022717851813506	-0.4469524364161806	0.4809134051233214	0.46223171084639164	-0.844705376732936	1.013994687263963	0.2903016458177683	-0.10838820540166613	-0.9353349871334101	1.1125692294590712	0.7777727083943416	1.7810492954159667	-0.47314424878181005	0.5998605403626072	0.9193455490492183	0.38742933755991965	0.6495278995699998	1.7486501881040397	-0.11217019984687951	0.1718138381637286	-0.47978775559691367	-0.1542114603665456	0.4207383102491355	0.02906845964248626	-1.1963484056526783	-0.05323588126376584	-0.24625424980233096	1.1347631455511331	0.4624367524713353	0.48030341427130896	0.030852297800364303	0.037503046171049964	-0.04103379494394417	0.21356711387077254	0.3656591984842112	0.3078302518169596	-0.6052289397877514
DTXSID8027581	-3.003508560039264	0.16929934993541143	4.563662942349914	-1.817045256578319	-1.1780957499221834	-0.32770743031789923	-0.5011082242368046	-1.1760267370809137	1.448480472379247	0.9185386108734829	1.192649739123656	-0.6770268867087563	0.43249370709832735	-2.3105433142912637	-1.7299048506039645	0.38875497563957084	-0.7361984743140417	-0.5910535177538829	-0.3186633446256154	1.1299429833128816	-0.5202601111531958	0.5978630919020816	-1.322374682966954	-0.2937982680350416	0.16099950339384048	-1.0794235929900051	0.8076994520718572	0.7585334601479287	0.39099422770980813	0.33681646534225795	0.6886972788083827	0.922842011522212	1.3223262677392014	-0.016820156587329604	-1.5508154200340138	-0.7624177130870864	-0.13866946117378837	-2.4964674740385577	-0.472309099440384	-0.965405125498756	0.7372402474258614	-0.7021486323307183	0.7058958970302762	0.8408299371431254	1.1632505397795725	-0.8319673187620839	-0.5035484956308437	-0.4878312357012497	0.12823256399455712	0.10339584675533006	-0.22659234180711096	-1.3399806054172927	0.06820573800767514	0.24615424975260716	0.35206855185040525	0.6884600104478552	-0.3016108223040136	-0.46035345430898256	0.5631212800800524	0.867980086166252	-1.5764879018446927	0.41623039874560724	-0.15341699468366382	2.2346139089580204	-1.3648927340446013	-0.06420070159959977	1.144437433402022	-1.0270923412142718	0.1959335547870983	-1.679369469709059	-0.10404412818653702	-0.35312802735177923	-0.0958497161259064	0.7462270870116576	1.8021735120750124	-0.7407350870355567	0.7070671895493528	-0.20702291810198245	-0.15454201913310375	1.1680557332375583	0.5078206797280683	0.37765122295013714	0.23025517829586375	0.2706373728845674	-0.14951964847207844	0.4773276214360288	-0.3063279236327876	-0.1549837360680349	0.8131728768853262	-0.16285737902415384	1.3909141924018777	-0.14478683436862358	-1.204321472010503	-0.4421644943988482	-0.20797449515313826	0.3103363651434723	0.15714545389718895	0.3271560822319088	-0.06484783459026662	0.2523995716505224
DTXSID0025789	-4.167353231975935	0.8697726164818566	-0.4903606376434133	1.215990682346136	0.698250459650223	0.0114405104912827	-0.9573022974247904	-1.3298691283162059	0.5029811388848178	-0.6637303718519351	0.7025360736382212	2.283281936287427	-0.7048101515472096	-0.9686836275083426	-0.14844524957901234	0.2370285674216268	0.20522515620042397	-0.11945886266092774	-0.4760874395123564	-0.02358478830442606	-0.23949299553669845	0.08940994113707586	0.021563706940039687	0.23076358063573893	-0.37540947393741536	0.48260699677948393	0.3332518118725313	-0.26762103166985945	0.07821085702623554	-0.3413303685077789	-0.40860906413809944	-0.022492294174264287	-0.6304955492183019	-0.17485715217218	-0.10937540089208038	-0.2132958818963449	0.49409919770090904	-0.11770040751968079	0.19108947663225764	0.5896883754071747	0.10549775500395124	0.7645422892953857	-0.24074389559053877	0.617284325814459	-0.14308170367645087	0.07669314385235536	-0.032628557613043375	-0.5002647364799674	-0.11758906843458966	0.21985780842634817	0.2279031270177194	-0.0491062740397666	0.08311542175450626	0.012407310732172327	-0.439457186437472	-0.08735262504646502	0.25958972285020876	0.1384650788101154	-0.18229823513624213	-0.04488410788116097	0.18115430191216925	0.5192919033814242	-0.05636067455918751	0.13444592655990875	-0.1597633807546009	0.17208272823337203	-0.1350827317311064	-0.3668844297996535	0.18841197704453305	0.19893446183475147	0.14471404628792742	0.20024399407083246	-0.03689337903250464	0.6942360137672006	0.006393524136256172	-0.611590882284811	-0.25758895782826213	-0.8110446242232643	0.27440559478692894	-0.0865172548904008	0.4081440922949962	0.14613098493719553	-0.40589484796006325	-0.8423665682434586	-0.1395208103122966	-0.27537534744233816	-0.677261807494483	1.026294775396132	-0.6377322711347568	-1.0572644023044424	-0.1967779397764362	-0.7279711193123078	-0.12013705463773007	-0.37283089234309674	0.34318507726599906	0.19361625376973537	-0.25734007658437724	0.15057324710490663	-0.13048509389127433	-0.2141646057378271
DTXSID5035163	-2.5620796372357657	0.38957674574525253	-1.133069786274796	0.4990984421779908	-2.755768974007924	-0.8433490575450738	-2.3854857712330095	-0.11202617516528048	-1.161792562569048	-2.505615551253993	-2.471761364413186	0.6686307800016225	0.14084673652368007	4.735524723850041	0.587886611576166	0.3515690671331625	-0.4747017858388767	0.8436283789200079	2.377859952117504	0.7295486542074944	0.2506776862384275	-0.9037180632163779	-4.511772365453146	1.9993268008243994	-0.49288078954360204	-1.8239847380167074	2.8443571596759565	0.8664065234703517	0.23584239234726792	2.2139115919625643	1.3727615170702456	-1.924597884577246	3.12353325355262	1.9418342507832842	0.5562041434495666	0.27572496415810044	0.5106873167122444	-2.3975778028097348	1.4315354982779556	-0.12693962202025952	-0.7667827550698968	0.21309033574087455	-0.21770056773451626	0.6329305326637571	-1.6480282224841447	-0.17284838183601986	-0.31410476177060986	-1.021158914799292	-0.47738402018342313	-1.4863996689905672	0.19765528811397443	-0.4111783321655549	-1.1381008879578194	0.4413282671211217	1.9958801854807953	-1.2984816936721049	-0.1411271705586048	0.2530229960742304	1.1595379887817894	-0.6873027172673932	-0.5535149139262807	1.1053798077621242	-0.6298484957226205	-2.588994564135107	-0.604910507072176	1.4615513247076588	0.02426840622740717	0.3949936631372801	0.5077771535261316	-0.852628835770314	0.49807491387684316	-1.7270491488794413	0.47876254754153597	-0.6214266602981997	0.9918542894593192	-0.406559864109501	0.42644012431922135	-1.1227696240590654	-0.6013706278212502	0.09917199340583006	0.7995151570443156	-0.24530317509186392	-0.34504831618717124	0.15971362674266934	0.46739069942667255	0.5388501222727646	1.3080338397785338	1.5318290547138531	-0.5150894010942825	-0.16520325113185663	-0.1042649239754365	-0.31785886898952387	0.5280470260917182	0.08866666345196934	0.14479999772066252	0.36398200862791136	-0.3112784716970975	0.01021833967186503	0.07405828169596941	-0.004876396866778263
DTXSID9048932	6.186539846498714	5.145578876955868	2.329068616379844	0.7957912459943799	-0.376395703210054	-2.067383092791279	1.478910627940358	2.6117003376398364	3.7316151713265366	0.07352462802462825	0.018120033897041844	-0.03523535184459388	-1.0762105854503667	-0.14833203994471472	4.595402693109038	-0.24360940410092452	-2.584723159328581	-0.2589294541162865	-0.6043715710609641	3.276203024219439	1.922912906716008	-0.7144395483789325	3.2477368775994058	0.883398726685616	-0.2386294654789112	1.145764767780241	-1.2957777436266797	-1.1736539573853262	-1.1919566188564112	-0.2870058540701558	-0.8287000788043498	-0.5769364266078284	-1.5483898683584238	-0.9372371293295116	1.401336664626712	0.8658624906412149	1.8550299853784618	-0.66840846617359	-0.8434015049169028	-1.7038416115714934	0.8752648894270013	0.4679124617735414	-0.9555633540389781	1.2232784313372114	0.6538197578436616	-0.5164637759350414	1.0581210193988637	-0.5169286442877618	-0.07964601676745584	0.10618803505907061	0.3368039224103341	0.6303451437324912	0.332642706725089	0.03278651998539157	-0.16083773574940077	-1.8675697975131258	-0.41170717275471885	0.44098969861099363	0.01598296593669703	1.4482700920411886	-1.0237320155435092	1.8016847177445907	-0.8861254290565433	0.43281845893538495	-1.157206726178176	-0.4799541332864487	0.8778362796755136	1.1728685006876545	0.13557591109542153	-0.258929162033882	0.22570372385041526	0.8245127814616068	1.028891972513273	-2.677080700993451	-0.44087364707040216	0.543236666231006	-0.8213969383434884	-0.9561069343509734	1.0567094933404224	0.8012040225044145	1.0359472391524138	-1.293884984591669	0.38329592332713003	0.8775588100772145	-0.7554313278906006	0.21803974161827927	-0.6903799210972236	1.0297306322196393	-0.8509621780797313	0.3956205703707996	-1.130005291709661	1.0800903476159978	0.264528751318479	-0.3570613693030933	-0.25678545828113714	0.14766286432881384	0.503696712743861	0.39906955460498983	-1.243708593901137	0.18224708444321644
DTXSID4042129	-3.1045150409517155	0.48810458377505167	0.23958460478510696	-1.1356547122286855	-1.2675037962923754	1.8582891166804176	-1.2473674208299423	0.1939694678371231	0.037351754298012026	-0.7948841827023645	0.04500984019311581	-1.4083653435462442	-2.060689510853155	-1.7378289144873906	0.8611710643433299	0.43760001548852895	0.2557678142809905	0.15823354820325736	0.08534468836785739	-1.2099407292811661	0.04306180515385558	-0.8079317721104703	0.06795803461065567	-0.716760567578667	0.16638178386399746	-0.48754158578653434	-0.23980544012733557	-0.7427708598242048	-0.49842274431062217	0.8782327182919735	-0.16819226044824825	-2.153960681496702	-0.3883936170069221	1.0162557588339238	-0.8257109090720705	-0.6706709057611027	-1.0084625612305926	0.055818934204620634	0.04400713712312273	0.23033336046016453	-0.43169624379881905	0.6354918995804993	-0.30746727458944323	0.18225466977674212	0.06700153188945568	-0.4288476058755407	0.5175169505879241	-0.021275933966269863	-0.6917876078975167	-0.28894435728181866	-0.11150456772982921	-0.23978545660189174	0.030546274148118144	-0.3366698864854804	0.08241158852609382	-0.8990598126421352	0.19341809705842714	0.11312515013647177	0.07565784963774526	-0.43515738699034745	1.5985324794207842	0.2607206853708794	-0.9342626496618881	1.120705701430327	1.024487433097643	-0.14980814095894862	-0.25520152823886366	-0.433092201052372	0.05321521691843747	-1.7894795447732805	-1.5083178620612339	-0.21511830407174387	-0.19506765882097685	-0.29551508880808935	-0.6505873876603514	0.39225189503315255	-2.0618075576550416	0.5029511054396105	-0.8852654859106375	-0.5103682756002738	0.04146123684160314	-0.6032154824534122	-1.760336421929328	-0.3053996874900491	0.11590403029901536	0.38257715833452544	-0.3658844085677115	0.3312269793375001	0.8602675593228029	-0.479493755350219	0.8656627513354174	0.34778131177490584	-0.3071647963993112	0.6645210738988004	-1.3091161849331225	0.4469461413417729	-0.25802772648199207	-0.25987358134123845	-0.6518742011565042	-0.35753147293828386
DTXSID1045164	1.7116525483848077	-0.16238563457132849	2.7068542752218816	2.0884858324300697	2.8016061916705812	0.13444198427094675	-2.1061944566971005	0.03842670594758099	-1.2773722267413723	-0.7681267466380776	2.9776201650263614	-1.2575820361487902	0.4711921000698497	0.734028068045891	1.3358656722085314	-0.4886840324738203	0.7003499851517133	0.9503192732006345	-0.24423010379755555	-0.06610275369175589	-0.09165822059564097	0.15858382259893436	1.2208352171238548	-0.22377990745356774	0.9446032336961145	2.329430473569053	1.3599348117414791	-1.3646554893761362	-0.1752980076633044	-0.16800889614932185	-0.1668035973270841	0.8317089929155858	-0.9677772607772591	0.5246432437354281	1.092422898088231	-0.21598793196023597	0.4933983390906366	1.0562541191048627	-0.21427445030029865	-0.14200114924730167	0.34363934079635755	0.34507709210660553	-0.5425139251028684	-0.8860017821720663	-0.055451107659332935	0.08099530995033397	0.2260192955841745	-0.12327771078977767	-0.3166518578021019	-0.17866302758426236	0.010984169545069134	0.278736870039164	0.10978382585730923	-0.44029663294522087	0.041601619364051295	-1.2226981289638865	0.6772666400507995	-0.3627779469273563	-0.2954485708706384	-0.05047841636285484	-0.16401960575259852	-0.67372520893967	-0.5753836376828718	-1.2001739941448901	0.22307840200264012	0.24221194924970132	-0.3050447554432593	-0.05243224287828382	0.1582778612267637	-0.91735275910577	-0.22526544850992333	-0.8433555978014755	1.0174697389294671	-0.34572819816277883	-0.23255579228242396	0.1841183328224488	-0.012207170518950887	-0.8093515804942345	-0.5417554711823271	0.2604682673106297	-1.9008826097136815	0.1604380397240427	-0.15017780003156964	0.5225948091418892	0.24885708037823095	0.48042161588431664	0.2075912042518325	0.5458052242755445	0.2244478268479653	-0.31476979120581916	0.33094431158423515	-0.5626750601248881	-0.746446021062245	0.3685022903725254	-0.026512052746213162	0.06053201862896967	0.26473777205893706	-0.23944896852969064	-0.3687241528840896	0.5708873368973804
DTXSID9022601	35.316918078961635	-7.866948148667202	-5.238879623128143	1.9526473154275454	-3.3927356458233473	-4.3795259934662685	-5.22245879917249	-0.9208283987484366	-1.589242518993085	1.1247844843321442	6.134392997894384	1.171862525010956	2.9618018087202334	0.5679867966900864	-4.968000688346033	0.8429766485596083	1.8628306767813485	0.48544667024775356	-2.7263250953872746	-2.9909203180303456	-0.9940433596797406	-2.005623671325474	3.5056719198268116	1.3292188333462818	-4.025175710048287	-1.7658104978581228	-2.1043253972449265	-0.6328494914837199	-0.4003782320120873	-0.6358590257428683	-1.9120854006899635	0.9078447537812837	1.7682759017705847	-0.09627309136955602	-4.2664366143436965	-0.9856763652795217	0.9462356944393093	-1.9223662474929448	-2.2560838166589323	-1.573045146942777	1.3609087648336096	-1.5232708131142858	0.009172690956616086	2.3242978719510323	0.2874170342232927	-1.8416780845591831	-0.3367810777613206	-2.953003799160893	-0.6088329972500568	-0.06482529950902083	-0.32732369720811794	-2.86767807402364	0.04670515038813898	-0.544750015532443	-1.0197105887578566	1.5239250718061002	0.7373405613224224	-1.5599790246934275	-0.7759549637962608	1.006837398617399	-2.023907307752012	0.49598364441303866	0.9929558165260557	2.5958577210959546	-4.067877725866812	-0.4726240618830196	0.8088877289624512	0.296828674596529	-0.4363510006083	-1.7816291875103183	-3.719536009628517	-1.4751196148387176	0.5316417742009011	0.9601322838165072	7.9574065105036516	-3.6233584588513823	2.125124938604554	-1.8994459356558726	0.678037649826255	-0.6438970044557203	-0.1919005930845352	0.4979677069837645	-1.7865129942979285	-0.33907326995502995	-0.6831272654377057	1.4876613606752058	0.10357474291399131	-0.10305787892383442	0.2729283299100413	-2.0626842085635673	1.1281522842051226	-0.05764651861910743	2.5573444236056018	-0.2589158860036529	-1.839550719395067	-1.5257018692700182	-1.8802763704142382	0.6923550658287453	-3.0029110790254663	-2.1707170721635363
DTXSID90174941	-0.20913126344817948	-2.8253195861129505	-2.5553245708165693	-5.620247940481101	5.3239174580510165	7.2200364141522595	-1.3163760169810594	-2.2651388151143945	4.320191256899095	-1.4486733904135567	1.9959129779642033	-1.0012869874187962	0.4800979225863199	4.496024093311169	-2.1583453326444713	2.847160506712614	-3.0752395279010645	-0.2207548473818113	-1.6052477074371565	1.8185205017085921	-0.8467199696911396	1.1037037959295204	0.2398124091217273	-1.1975915246229503	0.6940039743147369	1.891029413159184	1.4478563443408772	-2.003762617450516	-0.5123587311075397	0.8555062807472801	0.22830626904038565	0.5774218242834255	0.08358783685314235	0.800076005073135	1.7731603519556738	1.1116246210074947	0.4847305228261959	0.4026473882392375	0.21535081627659183	-0.06426575925771205	1.299826417413919	0.9252471682567857	-0.8898118732605264	-1.8062334802405893	-0.06367367338675545	0.7280905927849809	-1.1345441824242226	0.9470271585438179	-0.7537627814231324	0.47281193458739695	0.10578289854080442	0.5684402441926015	-0.14254004664770348	0.5759952228274041	0.26060018523521056	0.1330885665483859	1.617057416351493	1.2143455934261087	-0.6605126215010134	0.3825456586372995	-0.2842450675799107	0.5096063714011132	-0.7991344535970932	-1.39363297057285	-0.084839477543592	0.6042663285375376	0.561533024247749	-0.33521464977544824	0.7126796259867403	-0.09175721683956861	-1.4945495557243378	0.6623267249345818	-0.7048766444647219	1.1042390667488498	-0.24990227607199228	-0.1539347278265467	-1.0369707513627502	-0.44991174767678155	-0.3521916709662275	-1.12950475538177	-1.0803830317475855	0.48257384861676994	-0.38628724888355737	1.2908715943748716	-0.14917792122343265	0.13212343206011035	-1.1275675188999426	-0.3654270007626267	0.5099417489308329	-0.3343715550539632	-0.1589414570788791	-0.6462498718896182	-0.7012597396754908	0.28625230744489705	-0.5875802055774411	-0.1690961180370107	-0.13945494861185515	-0.24570573145667887	-0.6100633695754359	0.003715876676985047
DTXSID3041293	-3.6043543362433645	1.0308198270719413	-0.5915414408267907	1.754756309355618	-2.097593470426153	-0.3970369041923364	-2.1482213365469716	-2.223858388138383	-0.6433079591081279	-1.2204316203531564	-3.3353596429133594	-0.3723605910334295	3.755236436550707	0.9613976251523162	1.5343758124884141	0.28390530517287965	-1.8510293677072276	0.7433223299057432	-0.6490497564183471	-0.05696619535128274	-0.2062534946842656	0.6910033658224435	0.6494859684272615	-0.2470501842340239	0.7661627522966432	0.7512453573948344	0.599248106194343	0.26287297377161156	-0.24525834347046332	0.09341384280516916	-0.6680133146964379	-0.9537812990476721	-1.1917345413660767	-0.2128430762355119	-0.08466120261075251	-0.1898064345011677	-1.1936806304219492	-0.15347095031989896	-0.1432145478578591	0.3624646388138974	-0.4568134994003007	0.3744699715901153	-0.09424254207000148	0.24401017504249353	0.5312039026426045	-0.710024755515307	0.3950915054290777	-0.46951052289761935	-0.24105399160453495	0.23332974304922655	0.12400992650495173	-0.2805064106797265	0.7732048849697468	-0.183472796043062	-0.46220121230122896	-0.40685948800487776	0.01838868986572289	0.15752584485902602	0.33343727919184857	0.22724607761190474	0.18351876693123	-0.3537744684705142	-0.2093760753424788	0.6683660077611465	0.5147928332352946	-0.0549433792493306	0.35787343976493086	-1.031341789644123	-0.15132471170515513	-0.24726828767358489	-0.66772016566266	-0.0111851735456021	0.6839137327983047	-0.5439750488947221	-0.1104761843778987	0.2290700960960001	0.20547961382133328	0.09923068034761898	0.0918317865124365	0.040248635444717754	-0.26676281285570264	-0.31102755227165474	-0.11051977155700925	-0.40234878025232135	-0.3525900145987813	-0.3195864031661094	-0.5155398225298097	-0.40319881836230725	0.5293301160381821	-0.6158981879506493	-0.5072544898350614	0.37659372276036673	-0.06958487024816559	0.10260504521256676	0.44982178379947757	-0.31422447530731673	0.49338830951496393	-0.01614196206129515	-0.2684774075128734	-0.06548910653968675
DTXSID70880215	1.6474520067149114	-2.7065430664703873	-5.5964153153164595	-9.026020232185532	3.3609719421692175	8.613258903252195	-0.8980630556593726	-3.480012607509233	5.428570110056477	-0.9782436160746456	5.22055564620809	-1.7009901884954837	3.626733355573999	5.114304891916045	1.6964989995846358	0.8372880660715268	-0.9699485658371005	0.5607171355780987	2.4454645908378008	-0.8774601463554605	-1.6833460860937326	1.16954041171667	0.6097663105645003	-0.2158487832563945	0.7974242741955954	0.5239895073723159	-0.1868490905024591	-0.9016125161040092	0.18289848986833704	-0.19956837857910392	-0.32846654583826207	-0.3930542700524714	-0.4112202784412951	0.8221309324073807	0.030204860442073343	-0.0649040368590939	0.4873975912752568	0.22431310198526982	-0.02509381664668832	0.06824906538200906	0.3163885951978379	0.40407571360673117	-1.056259599806539	-0.3020167299325464	-0.4122357274072018	0.5887715608370359	-0.1258445112613819	-0.3264083314197845	-0.07507173722763841	-0.07081688398509117	0.0036177723080140756	-0.1427818762527262	-0.3043543417236406	-0.11253799124727913	0.39739017722343156	-0.14018691967226635	0.3139778283910025	0.3368485152775749	-1.0271115760548397	0.3020679676848622	-0.3856948324550752	0.18212443281797353	-0.1216803204953206	-0.8418286832518241	-0.20040148927310494	-0.6454782050047508	-0.6548909924010287	-0.0600865744007622	0.1324383455748962	-0.3067327836952417	-0.3444253808462646	-0.13338025121888938	0.4270563582280448	0.045425024617376956	-0.4949257993001118	0.21638152122716073	0.056121445002146886	0.13339533672968762	0.1546421665011402	0.22387093730554972	0.2321767478082002	-0.0028087354420075782	-0.21061340007818943	0.09964526949114509	-0.3459195900562031	0.5650992296168251	-0.37580118264471196	-0.10512248149006967	0.5573654564396854	-0.304196164141643	1.1008383261484234	-0.611446751073302	-0.5645635640397116	0.9951502012933402	-0.49345288566483225	-0.3125313850423591	0.4548622144482576	0.14398517745774767	-0.064822314359406	-0.426122815496377
DTXSID9059834	6.964068592720902	-2.107366891294382	-7.752166012099053	-17.625326447055333	4.164152221403316	16.598625323200295	2.8327557669008905	-6.970677132577631	12.062092964073935	-0.0573310605521541	4.436272144111139	-0.6246429932576751	5.203635902387492	8.96220853619669	0.2867595681368439	3.2732408290136643	-3.7923233854940763	-0.6684813305776618	3.889226849807059	-1.283818035539912	-3.799465293888569	1.7897292566246572	1.6201151271277323	-0.4020066504273409	-0.08197293055684517	-0.25896534779903596	-1.084589131345799	-0.7729590443922841	0.9416561924551932	-0.33781273511422577	0.13394669707757614	-1.391024946599739	-0.5649943497391017	0.3718287481755157	-0.03222056119221862	0.7994051233272841	1.0073044773564352	-0.38502609686282147	-0.08856895565340284	0.46736310107462004	0.42073331742576087	0.15884791804588017	-0.5989941257644572	-0.6074168689496092	-0.22270532068838428	0.8586094755309263	-1.0615946417443287	0.6074094617927996	-0.2822659828150185	0.3721171928003491	-0.07954249430106625	0.1239852755329574	-0.722228497729717	0.39770124363384535	0.6282248318651648	0.7423753112772572	0.3474057102077467	1.4070669592731753	-1.2299319440646799	0.4813259293277781	-0.14536517688743625	0.71372398537354	-0.5601625355496359	-1.1926070281891377	-0.4506859852105137	-0.32935528839958483	0.6122738474892592	-0.7488199705025821	-0.21259288668054235	-0.39210559585648536	-0.9718778950765418	-0.10460529324754596	-0.7091886235147411	0.6525333936916964	0.13411431850863628	-0.29773948067596173	-0.17598035278491356	0.10212116334261517	0.7049127479284051	-0.36588258413193636	0.9790553964421363	0.25641052874527026	-0.2619510792023102	-0.5802669300018555	-0.5178084454961658	0.2408503843264058	-0.46120040380701016	0.03676324674055134	0.034786005215160044	-0.27220055420490813	0.7956347311067025	-0.7127154519450347	-0.5499677129700182	0.47551691631829657	-0.5229854023324185	-2.21841179583659	0.7801709961294632	-0.11013912494717551	-0.6388330338458129	-0.8926596008129076
DTXSID3048948	8.122492554481353	9.183023708205079	-2.631253975124746	6.061589145515661	-0.6995661694808173	-1.9909463586272242	8.763048289933865	-3.037694329819317	-1.8509460211170756	-2.0473899744252355	2.4368802901176454	-2.8402639788282236	0.3392760987997283	-1.9747831578601047	-2.104357249863081	0.8813153933012465	-2.992804469014706	-0.34769404539956844	2.7942502215546945	0.1817935484406228	-1.2012970356527513	0.45232173562654054	-1.3489114635452826	-0.4630323842828706	0.10648469222244795	-0.6257710274328581	-2.1816838949713326	1.1921063086008645	0.9453531444036692	-1.9019920848731626	2.1588813912490927	-1.1456877760849427	-1.34658649850501	0.5315212096868246	-1.0787546688240919	-3.4583001950474945	1.8563691712174832	0.9454187332241565	-0.6577797348787132	-0.0020319962390677117	1.6071442300278405	-1.051578574018948	1.3440572369740977	1.0494495331615066	-1.092514244396268	0.17496096340346995	-1.0364481569323294	0.5065019381259308	1.7802000538614076	1.0619811958110354	0.616714007981235	-0.16434113925272065	-0.7496145075259663	-0.5893822777670931	0.3864031257948228	-1.2249813048973186	2.1987339959662493	-0.754221679092463	1.370369920976614	-1.7793955827870838	-0.6136862723997849	0.08548345127007584	-0.28042548402212986	-2.581619689907514	-0.260645161776328	0.0969711758889072	0.5255067702113196	-0.06845281930012474	0.7314869073669606	1.9755681742868652	1.1165412562089063	-1.1015892839356767	-0.31164075580443135	0.12758993463590193	0.21960036354263468	-0.05073867235826685	-0.5381879457662114	-0.872720481600212	0.3401065427434462	-1.1902412840275867	-0.9780475725391803	1.0737239964246936	-0.34983989690122447	0.8071908207082347	-0.8763961486155971	-0.4367196382954976	-0.22137242197754975	-0.10164769703630985	0.3859664691671255	-1.6109631723363778	-1.1003330269986495	0.7507699929656345	0.5393442337860687	1.7732221843766058	0.41817920538286474	1.3544624683184538	-1.6328129707940142	-0.2663659973893305	-1.8255558549876094	-0.27512482036459107
DTXSID4020876	-4.255797371279506	0.6718115374746237	-1.4959080586134608	2.074883458644247	-2.915134488659864	0.9119807203809266	-4.340628068478331	-5.195494339592105	-2.6526002658872816	-1.2308637255501438	-7.551800416131794	-0.6728705293692372	8.294360845967445	-0.31193900190677326	0.976601047313565	-1.3500559363777471	-2.6365402781492477	-0.40953936653719947	-0.7616286173504725	1.0174054112963085	0.43572062071618445	1.402871367215874	0.7225259582760398	-0.8458396400771826	1.3907025766549894	0.41524235679644494	0.1777117734202642	0.2067604364349279	-0.5409715801821185	-0.29223602713355445	-0.5804647153081096	0.4491375003256995	0.18653687141451822	0.3578522582827848	-0.05595268643049374	-0.30764433919173984	-1.8778585080888048	0.22339760545990117	-0.21334056476396948	-0.0679916795315998	-0.10052804975363712	0.34269141201818776	0.07118468434953015	0.3204971502408981	0.17844860708179613	-0.07457722260034104	0.4581516039595699	-0.4842197022975348	-0.3846715176988112	0.21045425394236883	0.027252570355018206	-0.5817140118833654	0.5954045765915448	0.23719084772281032	-0.15406341857096026	0.1959484298674269	0.15349725859783248	-0.015269701960283755	-0.25948610294001123	-0.3513684679773954	0.5205363569884421	0.1717681835851189	-0.24646371631286548	0.9147319944407236	0.3381440501829447	-0.8707449386155025	0.28608819163566723	-0.08727789048862324	0.16799689033433224	-0.4899006474023308	-0.4731551135261318	-0.23169899459333018	0.014102051032124153	0.10644573959911358	-0.2429700495256601	0.2259665154681588	0.06398309551207043	-0.19964819809797835	-0.2821931402216026	0.0665786224679557	0.22094269442429726	0.2736245274355713	-0.025050920573874137	0.10189541646645854	0.4019509737390164	-0.003668993576506303	-0.3152038100016746	-0.44806790185219825	0.1113753040481674	0.19819323723828225	-0.4077956076603846	-0.251845045408441	-0.3622239747549541	-0.0663917089402631	-0.18960454261226634	-0.5042723899055442	0.060148893351482886	-0.2626673701366432	0.2935111651312636	0.2906912247444008
DTXSID4046527	-3.1762309440664973	-3.2939451390053582	-0.9470971157859395	-1.053835624886021	0.3398302386266164	0.4922900853831324	-0.24879689442729402	1.4737665464912395	-1.6820616744972507	0.8082091461371979	-0.9214835623302	-0.29969084681051067	-0.7828717801621133	1.9830818240047665	-0.541224659723218	-0.3964520350931824	-0.15669787279137776	-1.0667998336909619	0.5172611997594937	-1.2060766359846042	-0.24827161553563132	-0.0896415592550794	1.979827971196461	-0.9103726333917466	0.09300507002141489	0.7197260015955871	-1.5211271227608805	1.7188284999045316	-0.63061402998672	-0.824068738719821	0.076888268820778	0.21324556702534592	0.6649818346791012	0.37203948275253124	0.5166996292441777	0.09546879998108282	0.5894705317916251	-0.933859051355004	0.080714402167288	-1.6248725648618656	0.8735760928096815	3.5123110019700254	-0.12995536600845164	-0.7976942894050897	-2.9860167656797656	-3.4714394858134514	2.0202473395754463	1.0325536189054285	0.9428464391933247	1.4967420511985847	0.22248685561396941	1.5436822551858878	-0.9226641943601475	0.9341042501410666	-0.27578524338771176	1.7909432023317435	-0.5917147256530504	-0.4489453239505685	-0.46774030877577916	-0.165156975170104	0.24738258721377823	-0.15289463044055124	0.18500814976980642	0.07390051932048051	0.6761216547898353	-0.32989895274661557	-0.04206878637759536	0.17333569882750274	-0.35910155932065946	-0.060551813957598975	0.6267534504435257	-0.27467981456333196	0.0364147537703527	-0.5227549442141087	0.07793385993537957	0.3808967256027704	0.3307012690128852	0.41641312244852885	0.7765954736694529	-0.8251579100779203	-0.04118868938881782	0.06777914186174108	-0.302604430964144	0.4781668062197689	-0.9303484423204557	-0.3577757952353488	-0.20607547045459562	-0.07575561392794453	-0.20476073264710407	-0.08231834745574156	0.47659930274467344	0.43700285336435574	0.23011739216376872	-0.11263226985215177	0.9612573250872732	-0.004554510827136029	0.0464769048488503	0.28161691499878944	-0.06683334741408022	-0.3195483872255719
DTXSID2020424	-2.011092335587094	1.7522407800562556	-0.5857155970409372	0.3418250839988733	1.078814163344867	1.3217672575002353	-0.6221508263346984	3.562900110045261	0.03759986071775382	0.3168849748859826	-0.5890553574897952	0.531494341725147	0.7664002406919692	0.560414333524031	-0.47629896946710015	-0.4577901433912346	0.44949887149002266	0.33238340810467343	-0.07367311132220039	-0.9235209395531535	1.334870803687907	-0.8680311452847534	0.8947485083967924	0.8428362852083615	-0.16899031668072909	-0.7881757103225479	-0.14124157330953072	-0.945193614072396	0.15674960870582078	-0.016401849084461365	1.1915514091317856	0.437507613611349	0.47370423153872	-0.634521310768295	-0.2607362702966701	0.8144073244676162	-0.6057413831188748	0.236509884291263	-0.1884989367475752	0.06422438253495699	-0.24263782463137468	0.11473978287977693	-0.5463793716338747	-0.024066726722266334	0.08424655917018388	0.30998159121778274	0.04217998507515175	-0.06158497223951882	-0.05228749286615683	0.3205854428905445	-0.15889228057913277	-0.019309654382839627	-0.17061837421745743	0.046466803825818796	-0.1430665789124087	-0.00646734566539514	0.0064636698298736976	-0.08217115884743971	-0.8307508101338991	0.4377907911123646	0.13867908831178014	-0.3714282594754242	0.48321501583524107	0.21439828039357736	-0.32428123244290163	-0.9934338820763863	-0.10573238221751526	0.2107153943490778	0.4160882235963801	0.2593115039961064	-0.09713259465857133	0.4612451539736446	-0.23032357830107617	0.2987859647104513	0.39478394753090185	-0.020809969661691248	0.5757937520160821	0.9823850760570662	-0.05925549338586748	0.0073339446280032035	-0.30074524606078473	-0.41336469611891336	0.20046148780154371	0.021890257450468773	-0.20992468532908895	0.048781848289632446	0.5386110112330585	0.009283193526970284	-0.7440012143298476	0.595918355907767	0.42949671433423525	-0.06552476520259963	0.3919224150421458	0.1491345985917269	-0.5361541893248373	0.5927561034889436	0.07798417688507749	0.21415695179246486	-0.03156354711806853	-0.5141222204775373
DTXSID1046344	44.96069873029756	17.7639403568436	-19.061472723943726	-4.199590304034654	21.116416250454797	-2.323173532071854	-4.654066530419813	2.2615167981727766	13.457421220460727	12.430408564239775	-4.861727298513658	6.262117018028763	1.380250765802451	-7.187577235234751	-5.123036131845595	0.9682320569603463	3.803489798808744	8.580538857162601	-0.3911182749760697	-15.719296873432183	15.360153787771683	-7.7858389546039035	6.87092128560509	-2.4498787776318016	14.439868835934885	0.2734581053830573	-16.55086960555253	11.073158559942588	-3.6251947374707307	0.4462553842186104	34.11919064437458	10.634507755721046	15.66544514736873	-1.4726325024786537	25.188912234760586	-3.838522704893296	-4.407773041371105	3.1242713803644238	-2.6717550362638693	-1.2637990667021974	-6.2538092206878435	-4.063672179913585	-1.124244767553858	1.0703541961267153	8.631107735748628	-1.1264928662501401	4.011992236252588	-9.527228206340427	-3.8378068465551136	-5.139643068149657	0.02604413915949847	1.7967895234339093	5.477244000619804	-0.26627108798503646	-5.303835532056991	5.459800262011367	1.1698265810264736	8.064694185793092	4.285835791353677	4.508576441035438	0.9640662041938316	4.829163579899654	0.18470016827999172	0.7071984776072759	-1.099517464868297	7.08514072209433	-4.3523384046466465	-11.851305773941148	-3.5749224158508714	-1.7069184918007412	0.5542121813695046	0.5266277231258586	3.307686939102855	2.731367833026532	-3.131083002684753	7.792002695340309	2.740764391638932	-8.652100738788747	-1.539960541521211	-1.492601522559569	6.532124818822117	1.4955584921790386	-4.049723443889254	1.7189060123450512	-2.3251042872111554	2.921539267109005	0.7692967272103043	0.9449158911388584	2.3048638143135043	-5.763733063473223	-0.022372159620748323	2.468789541979562	-0.05346364678979378	2.718078782313383	1.348589451765048	-1.233006205394731	0.09132789585176003	-1.3842165614861233	0.3467615202590453	2.06398150417393
DTXSID0048898	1.8090984193406634	1.7967869034774713	-2.590834328579017	1.4634213218607393	0.11424960717031395	-1.5039098896225387	3.3109452542826654	0.3567348785989988	-2.3895287163196537	-1.4742931883955201	-0.7622427200998336	-0.33072296178237054	-0.5560037416949754	-0.5411618203990703	-0.4857171664728167	3.3434197127947862	-0.04438670154909949	10.47151348909921	4.556309372792648	2.677212366081578	0.052952912173958436	3.6500013686400186	3.5184676323002773	0.438594112506241	-1.6292218954334379	0.8602694694806856	-1.9399678357388321	0.8458420983774636	-1.7511999701099712	-0.7918335880715095	-1.1432430552160329	0.23839416481077916	0.9652974717079281	0.08362437682870011	-0.9837299158124752	-1.9706031775610768	-1.022646622690037	-0.25482423771025714	0.1369477150382325	2.3806403668907117	1.6729663659910405	0.748728462007582	1.0299587983707235	-0.41581670172496443	0.09601013936616103	0.05101758191071274	-0.7024470112789623	1.1833783815027334	0.318772589702389	-0.23538150375380867	0.02519907101419716	-0.1598319101745292	0.1777226897091691	0.3563484599355484	0.7832385218156177	-0.9031295305764251	1.646773421928092	0.8340423725973013	0.12893044726079414	-1.2886270409952123	0.8700150902966122	-1.086197058722805	-2.233535136079163	-0.7112110884394568	1.0747445142209313	0.7878156309679216	0.3869768992879056	-0.5313554021434108	-0.328854571700364	-0.0069586703869228515	2.2162246558868777	0.6106304635332662	-1.2832663302881586	0.5731743548369416	0.33790209519365244	-0.44251897559878917	0.04698059608515963	-1.0798011959440772	-0.2155023196134483	0.10820414194033041	0.6321720906960909	0.9755194154731277	0.15530108101072318	-0.5442931756108743	-0.05149036849642697	0.5891221858345993	0.8239553082615892	-0.6439879066865786	-0.4410896823586234	0.24020907814895787	1.2490347988417925	-0.38556482239998463	-0.279810827767023	0.6997143697973847	0.05029477543699274	0.3327681189355654	-0.5619269483042589	-0.028041207815144267	0.06414256064550143	0.4770480199973844
DTXSID0038700	-2.8833914968165684	-0.2220899160932195	-3.345970643872634	1.680906644853502	1.2070025090826573	-0.37654328413531785	-1.1584157039634442	-2.0440255581262545	-0.7369840170973376	2.3948175306814536	-0.21249512950076452	6.9037575780378475	-1.1757019656916803	1.2719280136264266	0.25566190534054706	-2.6826246012465442	-1.0009417036950459	-0.26822160890460855	1.847783025717778	-0.11260816571467913	-0.1559004223346874	0.09010043729079613	-0.7442543993904064	0.9218715234679435	-1.099251397870826	-0.3901784024422645	1.3982140466167146	-0.06549666507920905	-0.3155158786727155	1.2353340933503885	0.0005988549632703097	-0.4591295464893744	1.462251494318483	0.5760300897668227	-0.5564173745145697	-0.4029791735570653	0.29376466242104665	-0.24486855086818643	0.34780877390855147	-0.3361255640504128	-0.20854076276913627	0.5319253005352221	0.2984025659112855	0.33977895184815	-0.7187107610594509	-0.2785574450143292	0.13928432379320838	-0.42309589061199093	-0.2429368551964104	-0.4438308891065869	-0.019712399973014848	0.04425211112611665	-0.41250785064290496	0.23186586756118002	0.34783841719463476	-0.3479541938027408	0.08327759440598607	-0.14068196758795287	0.17622957608083736	-0.250990358423676	0.3703442088096822	0.1092715239927491	-0.4610513147224653	-0.8700546499378639	0.03949638268764886	0.4707729947696132	0.2675622770161614	-0.4062829989162993	0.429595297971517	0.09585343829166455	-0.21180866100169685	-1.162340730413632	-0.2639364621282775	-0.1244965848373454	0.06650134519214515	0.3295059421654236	-0.3918007055160889	0.1548165600668782	-1.023291346933923	-0.9688321633013702	0.3318337381265457	-0.08520190515853188	-0.07418787716062773	1.5540401444083303	0.43081938613401183	0.6183363829459021	0.6169523779909071	-0.4457983988828355	0.5623513654943998	0.965220121748819	-0.7304891003137514	0.6256779557569238	-0.03166818522317211	0.33441156030734664	0.14249429066103125	-0.5390222240542448	0.19491840525910697	0.03592880788403009	-0.009280258099171238	0.031152777953985807
DTXSID5045910	6.451813812873027	3.785622992264464	0.40600698840679555	2.693915692103668	-2.6615608265051978	-1.1718110619188085	2.700847336698966	0.5027014767417578	2.900987895514306	1.152339834185257	0.7563332723470395	1.9588832758701742	0.20479201720731932	1.4746488169763223	6.180075215922062	2.3008481869464004	0.38722371400160005	-2.2172060024239273	0.35039878657385576	5.464205584747171	2.2667956476067617	-1.7735920682179311	1.3105602676643817	0.6506943213626203	-1.1199323337470575	1.009777329366349	-2.7826917780391196	-0.686563875351891	-2.3923955803884263	0.7595861062771623	0.682695639399251	-0.6872448100332335	-0.897390604438922	-2.1238877001416663	0.319919427908319	1.0461440784172593	0.7918707003601754	0.6937572027540181	0.03337993609962505	-1.1536510915175078	1.1651606120731623	0.1616100790819482	-1.2362321104252574	0.9323793847507799	1.939436341375817	-1.9004579544936595	0.8504299209209161	0.12074203317542788	0.02862289661727537	-0.28014874059867506	0.25738152259407576	0.6492796696280158	-0.2695261619460529	-0.06706638191400986	-0.644942753881212	-1.7100074450832385	0.052477316210456	-0.19924285706812828	1.6491086487749969	2.040501576783426	-0.4473968408774441	0.30623471676058694	-1.98770404994818	0.38168240436975415	-1.1621673771771	-1.3898152507617125	1.9136839649482587	1.7713715790408315	0.26355581338830525	-0.198928330300802	-0.8807005356722614	0.7698132269539848	-1.1106427232004892	-3.397775471961674	-1.0891279705176857	-0.18985128263723675	0.8111450850287115	-1.2347994953905859	0.3934073041668958	1.4504842954226613	-0.567384465304905	-0.5483358055886131	-0.8925670949236073	0.666857975128294	0.6267715776177709	1.3126034912624789	0.29744477334767105	0.5446362805379861	0.06435563523225338	-0.3901682878026922	-0.6294892760531454	0.25700083596051515	0.7021574791154913	0.10493335564653897	-0.34430636917641927	0.3028662679966764	-0.6551180321784487	0.1774783448522975	0.041455421272761174	0.02047583883860244
DTXSID7020057	1.028408970440033	2.969684800308075	0.3817315883434138	3.3794160295477225	2.2618196039194736	0.37248219117423337	-2.264133810803104	-0.13726049412690036	-0.1667615641962285	1.6441414734781143	0.8930714418982579	-0.70323280834084	-1.6179431742164654	2.520739878779106	-2.5822769940682755	-0.00743023230783805	-1.5111210281559284	-0.30714297458807	-0.9501094639338337	1.9016006390580198	0.4403784372384284	0.2139379155242631	0.13263945141849767	-0.48207539555851336	0.49413675327701445	0.2240375795680243	0.28065387385660934	-1.4044444978715562	-0.3922291192072651	0.5717454343544432	0.7510933505615607	0.6906105445469815	0.39831954253117535	0.09019651760821887	0.22086513553839973	0.7182361297947958	0.1893733086704777	0.9448513109227642	-0.011947454493394972	0.48674452195741197	-0.1636944374095771	-0.5310427080615372	-0.061365952063113544	-0.4518098860092269	-0.2713688591377038	0.6597531181684462	0.6550235301901252	0.8232584410814784	-0.27233160130534023	0.10557616462329579	-0.3433800266613449	0.5242657666176295	-0.4866733784113029	-0.23808415991740686	0.22617003791575555	0.3414299822920203	-0.7332821134358496	0.022222822439641136	-1.266469348229605	-1.0717535274337848	0.22540587980793553	-0.35241162122437963	0.6910552036273576	0.08445090340497123	0.30524311736177945	-0.9593464934289326	-0.03856569105025523	0.691286598201148	-0.5185988856657618	0.2670530236667548	-0.32642908049339153	-0.393425153572468	-0.3868146068925737	-0.32301157073322306	0.9520998804384034	-0.06831298629205523	0.1261007506590083	0.040044388048153245	0.04997509115714222	0.6764663305064429	1.4015032419336049	-0.03890517121440213	-0.26868756929787974	-0.953916383811403	0.029842305413335348	0.07192048861490898	1.0257001377393238	1.1244827882927395	0.4943345207037452	-0.22991031505830933	0.42090367895617214	0.5065378975610064	0.2945465000908328	-0.3786215174694221	0.3583906227903072	-0.07701838018011355	-0.11883397131558204	0.12745728921552596	1.0597140591929461	-0.05869813226064392
DTXSID1021744	2.1561996478413126	-2.5992272510503116	-0.32311755221847877	-0.24888401025980675	4.423319986625297	-1.0196061619233285	0.10894469936798025	2.441190946344234	0.13270540922670473	0.2496664554595941	-3.3911107334829595	-1.501295119568848	-1.4004094181222777	-1.8669252489356187	2.893998943083775	1.0400727283749966	2.5811895404083	-2.0948698808568826	-0.9107224527979927	-2.404970056769294	-0.34973181238763745	6.206558680161185	2.0492182491415663	0.2678058168030186	-1.2977310370851152	0.09819746993308738	0.4530357420535003	-1.8251530356716255	1.1770222817686689	-0.9087857453846372	0.9874427211246439	-2.4241681347159307	1.5566796078515601	1.1744071338966762	1.2712043297132993	-0.42282719978120265	-0.691531731068473	0.8900840189481037	1.2952548205059682	-1.4225213146344475	-0.6334425008135194	-2.787473604878153	1.2878861964418244	-2.759506823127211	-1.5759807614455006	-0.7191432165580408	-1.3124868154922427	-1.9307971700536304	1.4891009944790152	-2.166867776962008	0.9434736887344304	2.0031216839996846	-1.0618565368659192	0.04390848764968396	-2.5016198011239084	-0.4380281206740946	-1.083835564938401	-0.6346469318076222	-1.401423436446156	0.8097240888419007	-2.731987104225942	1.0078064027199565	-2.149795170633715	0.4430698711338831	0.46453865004141204	-1.5715179313186267	-1.4001283703031466	-0.04897475216142479	1.4849321237267723	1.0618240790259412	0.09069913608309224	1.0756033374741136	1.6083497630076382	1.0603641873441196	1.2110922445624177	-1.192071717501812	-1.7664235341030965	0.22045654623850056	-0.48730016171261364	-0.2742166979326687	0.17365568992679897	-0.4856991775536105	0.41008617716233814	-0.19548046082662265	-0.6746036682650224	0.11876606648959949	0.6264455002390936	-0.8452072852761822	-0.7114675815608686	-0.08421909744890922	-1.010747801293673	0.2542975002395287	0.25018027134749604	-0.3414452222077648	-0.687392078733248	0.29446435193108683	0.49524869298033225	0.4609220557585308	-0.07271771512514315	0.3826977081453222
DTXSID4021717	-4.76646184440515	0.7764594223393166	-0.4247171761128214	1.4862984342721175	-2.0707692451391035	1.7835509260917533	-2.245253791760462	-1.7296864047227196	-1.7079311424392303	-0.8970274359266243	-3.8875193289075662	-0.1798429649648975	4.304824432663719	0.04200645300657216	0.5066475240437749	-0.8893784135725359	-0.7703181840887413	-0.07081453439279538	-0.5966069767003752	0.013883321948138676	0.4170484332828552	0.15271950749548738	1.0641404728612274	0.07025414859618537	0.6608520627990346	-0.1873315980555448	-0.09315168711426718	-0.7067009739709381	-0.24096777364241484	-0.17353936539914788	-0.2708418020056826	0.24738727244549016	0.18099715481332368	-0.09237708642408733	-0.04252111318664589	0.10677890206182153	-0.9205914240515497	0.3163882791242084	-0.06524020878327767	0.2453654115218215	-0.3370700551841367	0.16534829284744748	-0.1732208877808171	0.17583081941857562	-0.1355852777297284	0.06925482295187511	0.3429577457820377	-0.24136978077177446	-0.29293610078591975	0.28103062117472294	-0.014878034872218561	-0.23909835170676833	0.31699927766719244	-0.032407337238379005	-0.09852894976636326	0.025612086048734856	0.12581775384067614	-0.18613407858678957	-0.37149737084296514	-0.24362662772188848	0.6311781687665663	0.0022884042850898393	-0.018236672628591452	0.4685714626690733	0.12913184121153845	-0.5720879889920828	0.1994082978240883	0.12486649389304673	-0.15985935824035732	-0.269639023600854	-0.008890426786158808	0.11871065011765038	-0.19984825683466814	0.19407289494320573	0.0730263327606187	-0.14967077779673663	0.31760718426518314	-0.619792815237523	0.024868904714498066	-0.007645185422895582	-0.01362046580646613	0.3083066047921838	-0.16071033967984377	-0.3749864476840656	0.0157647698378353	-0.061023584086237745	0.1523644288621848	-0.044665977981835955	0.17228356279595008	0.10285444191203445	-0.3491468570006424	-0.2564396431258896	-0.13534807948903357	-0.0229120815008348	-0.04978932270249982	-0.4177456803079519	0.13336612970453696	-0.10210174040718246	0.0462072593962946	0.053530006298258916
DTXSID2040361	-2.3643360928013273	-4.152426081210205	-3.4401514048901345	-4.103705469548708	-1.349841980936294	-1.7313364246193343	-1.3648548797287776	1.0938619508897007	-3.306152995777244	2.918423042742767	-1.5737043713039818	-2.314538376087088	-2.351091356100661	-2.8422168497864884	0.7240302677176279	3.3606836481205717	-2.6149693322558694	-1.991870834781688	0.06158075338328133	-1.3951587313199454	-1.7771522814335945	0.9727572572048381	1.3386966192528955	4.613083971975943	1.7362139308011957	-2.046163306481323	0.5646334611435269	1.4491078750044222	-0.4749321592028596	3.288936668530108	-0.040301560596720604	1.1178596129378844	-0.7442717375666288	-0.8550268620066891	-0.11782051869404486	-0.4599130207711494	0.0827375992212758	0.8230979180082596	-0.005658890112894983	0.03013694710270016	1.0304644164888583	0.3036431928921174	-0.2963117346072419	0.028021308584200516	-0.09094587924603781	0.3877618085981672	-0.11682415157384672	0.43507863899697413	0.08760141117754014	0.46879771895383526	-0.01615233958833925	-0.10376129438907103	0.29418538338468536	0.1220664565804956	0.035685150259382376	-0.191517378343176	-0.2485675758583162	0.3766373630003781	-0.19306410354250791	0.1022131501035483	-0.136033943778096	0.3818968641172838	-0.6376578154313713	-0.19341675910133752	0.6504992660859935	-1.9113871647658314	-0.28685470757209713	-0.12749627709306716	-2.588514051816972	0.6297487007522354	-0.6655527336483427	0.3504860556080687	1.9690338896327026	0.629626563292332	-0.5863499703052701	-1.3036681290613894	1.3974694369173777	0.4036884285821825	-1.0210826660650978	-0.2851270333689895	0.5733270849967128	1.0302757195222243	-2.6222307296712706	2.0315691893996597	-3.1319429538474557	-0.3245971010062424	0.0848214927364345	0.8869982824016446	-1.734787989737383	1.8802483539348294	-0.3305209436827648	-1.0530247382936393	0.7852984474269527	-0.7718312176262035	0.45946419533122057	-0.0827566858328723	-0.01444299666061059	0.05868643139822451	0.19842159063038645	0.643574091923577
DTXSID5049318	-2.385693570090656	-0.4755459124332385	-5.389983912760119	4.04510935602595	1.8670986820969029	-1.8159251806718137	8.855895876332399	-1.9914346850411595	-2.4327691256583854	-0.7972068942828744	0.611736290716259	-1.9718294793659537	0.28028570133813424	0.19883773323346507	-2.5359120399227506	-0.048278472546614486	-2.1110191491402244	0.07504723432657327	2.2031638443400716	-0.7050595790500285	0.623089413142879	1.0597689542373796	-0.5430361829285197	0.019635859632710095	-1.025739678333427	0.523599966260659	-0.4208646436311937	-1.529621991777989	-1.1938570868548501	0.7869370650656284	-0.8135519324805085	1.3480796591029693	0.41812620839855513	0.1854711223450693	-0.26014222920430874	-0.10092496233326731	-0.4850660523503422	0.060677425560692125	0.43478420482880337	0.06337916947024366	-0.5877893505491696	-0.010847265828956268	-0.1816556401641196	0.04260693326349707	0.17685899337423386	-0.3697803341216245	0.7579595337283308	0.6903776326873278	-0.5292440305376164	-0.005950354059234621	-0.4798683501205415	0.13686698963903562	-0.7583695741423059	-0.060609943669923554	-0.1564339855987053	0.09455725373716353	-0.45124408885429657	0.6003044187787774	-0.8110495865108888	0.23323234640870422	0.49752832305944517	0.4043449790430384	-0.1608083337347511	0.30410258134141716	0.4201444571201374	-0.2217804873167155	-0.4606876951782222	-0.8865852823412511	-0.3068162359336998	0.42475485841543026	-0.18308485569014984	-0.25599548314961923	0.0168128261493826	-0.15577596369017244	-0.031437619596416055	-0.07014763183538444	-0.8420561473802717	-0.19378714200872715	-0.07336437201318928	-0.5600016533170545	0.5950241613220512	-0.10429940394854896	-0.25002563749750767	-0.1290405545213291	-0.4013244447565513	0.257091195975768	0.12480687101439727	0.06524738005141116	0.28670090850682073	-0.26638189105275395	0.18328852359195527	-0.04508507800635096	0.2553645632853109	-0.07691014998947722	-0.22608912905244755	-0.003952381956860032	0.506423924427299	-0.11033297179050472	0.16663436640343113	0.06819197320238939
DTXSID1048750	8.2025022022989	0.6614746480328232	-3.4246453183424963	-5.175425815102335	1.894167039001502	-0.8206073825104352	0.3971749013495706	-1.2728867908445762	0.47307704694257297	1.8090144535001826	-1.5741127249921865	2.5584475917218064	-1.300063073256804	-0.06369803264933371	0.12245750352918815	0.7344583417211822	1.1511919120871124	2.2819217697588066	0.23261093388159734	-2.2444065115697636	2.884434567645805	-0.6956974677296328	-0.42521234447412926	-0.5674298675937027	2.5665149305800696	1.3623323115227672	-1.392124753337268	1.086947650731229	-0.12361851539354221	-1.0283723222218657	3.064866056338309	1.4673714388590975	0.16089728072760934	0.6212826529602151	1.8539616005376383	-0.22607305468773592	0.5631896374004903	0.46765935550235377	-0.18169996018740026	0.6672510814987416	-0.36570697435039945	-0.24336861895648335	0.5142287601094967	-0.5433637979518036	-0.27229477918844536	-0.4412757937882585	-0.5961218463211673	-1.1471825420611257	-0.19982325133450354	-0.055452164785183035	-0.2115853590296279	-0.6863830316910579	0.058464096596766074	-0.7878418012246048	-0.3491285277810845	0.3699710918645651	-0.44961114536786967	-0.1409842671252095	-0.19548878930814964	-0.11818264788964436	0.21068173874082466	1.0873476831429805	0.41871713722657433	0.66979668624094	0.41555896153833377	-0.7962098652153964	0.5136615236077227	-0.28926257702480546	-0.37846818780663566	-1.3916241296678327	0.15503277938601187	-0.1668154801040616	-1.5737185088398031	-0.7482911563631918	1.5508724407269274	-1.3711445962565518	0.5707177717092564	3.502774968385566	0.13029096816330127	1.9656073539123307	-3.321415789305047	0.3930703704932984	0.05136280771785344	0.8229840879003505	1.6247397680076736	-1.520070186345505	-0.6946107588824331	1.2245124070968925	0.9500263408090367	2.438033638956428	-1.5012828845452497	-1.6942788823373636	1.747362591214523	-2.8283119249457664	0.09013602183071326	1.5097388158892906	0.0746204264980838	1.4374048915700302	-1.3571645452134253	-1.5933020342995563
DTXSID1025774	-1.1132718810198874	0.9045584532156903	-5.441005714534317	3.712869285127011	5.148088070271203	-0.8211135397975582	4.051140489259324	-2.6044619368002677	-1.5470068581687373	-1.1852204359864331	2.2299088389978636	6.324693776254209	0.19592712658023337	-5.2680618380165365	-2.645282492644119	2.7836315459827947	-5.131522115235802	1.6350289509775957	6.509394795987161	-3.4038809436483666	5.394018031240759	2.428457538555675	-0.7179116327124496	0.1850698345078442	-0.5062735323605689	2.119707443998261	-0.46858707984576686	-1.1180661728568724	-1.2694356038785262	0.18245946116186781	-0.15565147453778863	0.19731784533660807	0.40868459724862494	1.117048346787208	-0.5909206372825565	0.09488115094413724	0.17771971313175333	-0.691651270994939	-0.8196199348302424	0.5827624999847442	1.8270189709468931	-1.0464244432963483	1.1279203156593232	0.007986390153457125	-0.3736069102471214	-1.2919068497442292	-0.865196359907751	0.2063839342548942	0.20295128648898256	-0.04954126678760435	-0.34391512375623406	-1.0900972043571986	-0.40855252152433635	-0.4815278518455526	0.352116521538367	-0.38639999039182543	1.0243064808233187	-0.23369569062621032	0.8237171745857913	-0.7651979810839337	-0.3920207504358498	-0.004565834144870817	-0.3179544884797513	-0.10823511450222419	0.2645448548612171	-0.16815638231659827	-0.20980641091881447	1.4097706993497043	0.3113101326372368	0.14312742210679408	0.3301388316790806	0.20573559236354408	-0.2755803370608174	0.5253540777065969	0.49232985785072836	0.06510673758234006	0.15684714362035523	0.7325621035527059	-0.24746402551663868	0.43478022375702563	-0.45694144279596755	0.14111996634097693	0.4312661072014627	0.9622285443994709	-0.026700829010560055	0.46011154316465386	0.7558936325470037	-0.6324133637447584	0.9995964198986784	0.8286542994753894	-0.6585037038707903	0.0530210392284435	-0.20836329721140373	0.26606170451868627	-0.5521223181009787	-0.30503655535994123	0.688818857265785	0.633171980063348	-0.323872852597944	-0.09371976585811807
DTXSID0026173	1.802075664170747	-4.524782305692093	-4.299170692864655	-3.5161649729595825	-0.18916048596003177	0.08798995996045077	-0.9467171142936491	-1.0311496748527706	0.6256931273291899	0.9458139052587919	-0.5309461852874575	1.663880352299419	-0.7635556863577315	-0.44634444356763675	-0.5610434379839451	0.7077064683418914	0.41377259048382037	2.0606309810618546	-0.8630638137444961	-1.572412288840827	1.4803372435188982	-0.4697703168715243	-1.417606293086213	-1.046763938211581	0.7742272411548645	1.2927311338200724	-1.0498013859355078	1.3894335481983973	-0.22787162708282088	-0.9598777821058799	2.0618645355314786	0.7851110379546631	-0.2114077806179806	0.3367434946529594	1.4350719281216273	-0.6312382285376364	0.15595002058282312	0.3811763150056461	0.28355906713065293	0.1676836901105473	-0.10522699583058666	-0.09548754612388587	0.5315788801388086	-0.4115642195022386	0.3030076749486499	-0.468528737077847	-0.45347605762154847	-0.9258367400679468	0.019978677121482828	-0.3808142837229938	-0.05563629968920877	-0.5024034593173978	-0.04022055081725529	-0.6084554856634793	-0.41307736536521494	-0.21357886920048738	0.05637602946127015	-0.2377143520745119	0.31427310498068506	0.4009244594209639	-0.19894230092636014	0.49044070227004805	0.018072572560319636	0.63036047171521	0.1819449259545636	0.23612241096640976	0.7092581706309639	-0.061999933240560995	0.07752744448350114	-1.5442716190296275	0.07933812325444202	-0.03957265507552285	-0.6575014439184528	-0.891040947667525	0.1544857964388166	-1.3186073449248543	0.21161070984312635	2.1512579197523	0.29476207270667953	1.6657161280943296	-2.8977569908196164	-0.03730199157230924	0.7517125376491459	0.5266440727382796	0.9890367500222514	-0.5887133132770352	-0.21937072326867496	0.7864140252988856	0.7262674818662915	0.9746559584602711	-0.514209184265839	-1.3509682529625673	1.0964491915230756	-0.6547414701089981	-0.8122510327246176	1.326446045336088	0.30229109847715707	1.471214053576864	-1.1404862801334306	-0.7929574100457811
DTXSID1025279	-4.648313615363478	-2.5895521665982866	-0.4453945361385743	0.36552511292173206	0.8963165755952737	-0.324731219234347	-0.3769888580558145	-1.114799770387493	-1.0626261549618994	-1.397930020648966	-0.8214623671714666	1.2431866247266083	0.3405915088849727	1.8679131499294532	0.6211172403042255	2.8981174594341694	4.108428131734404	-2.936935507681068	0.9692182178648902	1.2618236669080014	-0.593136275272806	-1.5161957057160291	0.09456631667732976	-0.1878866383417602	-0.648041571699531	0.1653536955025515	-1.4852226014517715	-0.08241012443335025	-1.353790990867951	0.4663056645452536	0.3444773862947556	0.5508746400119805	0.9948590226472797	-0.7005608992503801	-0.365151651262688	-1.16155806616431	-0.4377172202721897	0.6126023921493092	-0.2277794858429618	0.16468074224244092	0.7254573087913032	-0.21271610615289455	-0.9330716577039592	0.12820980952087396	0.2076613430263445	-1.306981312399475	-0.35134559105047836	0.0829761619722761	0.11390102079427404	-0.23467186095710518	0.09716638658282677	-0.28419799789509	-0.3086005385235113	0.035094913111659944	-0.7104812543519037	0.6745287378002719	0.6747971821397162	0.4018887063860301	0.9982796796361014	0.0050475775236034455	0.43094786385453604	-0.7598742120393189	-0.6962393885866058	0.6907239818547628	-0.26927547336504776	-1.153831203531654	0.2829108085657796	0.3185524633764138	-0.16498086998127576	0.7687616752096722	-0.5950566941637119	-0.02362146868937906	-0.8326084537452	-0.9605799555517626	-2.013154587061566	-0.4812918229894453	-0.2105535718559271	-0.4288829321053829	0.3132414715282676	-0.4909443212357384	0.1019238661648447	0.14020021154505283	0.4640955136336365	-0.1260620882399532	0.054567231843130594	-0.44833606922399605	0.10097480496306897	-0.553205345953791	-0.1948197544765425	0.37708868642537396	-0.6651539432809231	-0.1387889507767363	0.2859348772410347	-0.03182664033396192	0.05955255679209409	-0.17777107461054886	0.06672785173852082	0.19304119989486632	0.2987975247805995	-0.07846495382957484
DTXSID2027599	-5.449071689599103	-4.20637587462155	-2.1867468841976603	-1.3059098328438141	0.9166881517161203	-0.1253559087974158	-1.309577135637659	0.1598277949079226	-1.4803080568644535	0.25629442288355164	2.2294598419136653	-1.6268220523201447	0.9113450568684912	-0.25006027827868427	2.4703747672990297	-0.1918070239635092	-0.8970030435896329	-0.556001279313573	-0.07849603731204324	0.9185692569504608	1.151195765182221	-0.3345034906815198	0.735589897724862	0.1844285515178681	-0.6181541734608691	0.22571197306947724	-1.2620795554695103	1.8330385926247592	-1.5063737642422792	-0.3973314605633278	0.40447110242766143	0.7571511723840485	0.7343792131671976	1.268046721541514	0.7784190487362734	-0.8559426694671024	0.635415945837221	-1.1675716606448783	0.06371491172113931	-1.354560222264037	-0.3301664531081387	3.710734175700608	-0.12356022514424755	-1.305775722490659	-2.1999423191659266	-3.614536873531213	1.714683243101446	0.7273113932122319	0.9978954438969739	1.7940578877141653	0.19493001063238777	1.4571428792005858	-0.7110544349572545	0.5371083632640944	-0.9953719174232158	2.0712059535377128	-0.21527418081124347	-1.6178642527471778	-0.7036406195176925	0.18482395378486852	-0.018496556465961492	-1.9888727458640436	1.085163255656182	-0.24345455571903568	1.179206661380989	0.2942620487067966	-1.359278574057712	-0.1835214493669491	-0.5076744370105578	0.22899626866505188	0.026177046282880933	-1.5844177579672538	0.9665399981667814	2.3557761126480083	0.45797732155363424	0.1349541268296987	1.0353104219773621	-0.4894151328174973	-0.6382662828182375	-1.4018998128683378	-1.210406141735473	-0.13768548412482548	-0.04629237341004467	-1.245615077784203	-0.7204868355873458	-2.0606549126740754	1.1120415005034685	0.6452617327924893	0.22170504762764948	0.7191141527446338	0.7798881716535969	0.12570003760512105	0.4018234003416852	-0.2313123835053812	0.6082019770057531	-0.13785002921076872	-0.3632492174115779	-0.23978931402809103	0.047258478288872856	0.13355844680523588
DTXSID1020770	9.448846601096312	-2.638355463102542	3.25478977890933	-0.8407598894857894	-4.971843745414386	19.60851527734152	2.5435104340548405	13.205875120164045	-3.6298986104038686	1.94231052982068	1.2097167099732271	-0.39313264776176016	1.217194970376529	-3.207942031914368	-3.314581673671351	-1.9037300082267898	-1.7845408295916065	-2.918236092775021	0.8348891811460385	1.4599246143331703	-2.2574854238101216	1.753900810673076	0.7000838122319525	-1.4736511142810382	0.10031266034632605	4.95832054393758	3.341500757613154	3.731880466824403	0.5853321509068679	-1.121979996509707	-3.419568653893534	1.0406684477967711	1.0595209255036282	1.9500011608835168	4.439764891322778	1.4509967519407772	-0.5623341179855033	-2.3389808049591383	-3.3481671048855186	-0.36128118929071995	1.6258260052030933	-1.6566971359494653	0.11241991492709208	-0.5274619432155352	0.5963943906385911	-1.0722538462940632	1.4006087506640466	-1.1724760840454986	0.5624503542027708	-2.8309027784894445	-0.02007620692956055	-1.4732519378471485	1.4077241725496341	-0.9218283350220222	-0.3354202621785877	-0.33177150757091306	-2.549811752493076	2.6687249257469228	0.8838799321394974	-4.748003492792929	-2.3713602600414956	-0.755269191168688	0.17301998307733804	-0.4136415937204787	-0.8629262460436082	0.612324612065523	-0.7861503212979457	-0.5339025302879282	0.29412340243499013	-1.8956149898808747	-0.3007444512512963	-1.2101185934935363	1.196321613626076	-3.871765180668767	-2.0506139922578304	3.18660435702237	-4.05008189378723	-0.6158277354113844	2.7461140466537617	-2.8312692592617172	1.1019075275726766	2.6964812683267723	1.8550100828072513	1.650781560101261	1.8530858720536514	-2.705853718887946	3.5110431693470954	1.6553348332914208	-0.31401383101713004	1.254589854879211	-2.0170276765582646	-1.7483779237295214	-0.018811976353739907	0.8191503254081436	1.263423686128701	1.957702645972884	1.4820473836599228	-1.271701361791771	-1.9307995355687058	3.022861486144945
DTXSID4044458	2.2330207833952143	-4.162676425929297	-3.101784946538353	-2.3082085945733253	-0.516926507392266	-1.9608395419814293	1.3083038102576432	1.1896249883453331	-0.6009471814699896	0.3824436053646151	-1.7558273593063294	-0.03873326722567894	-2.9617332391246847	-0.07527127573967678	5.566079269415156	1.9953631182610156	-3.08648498680878	1.261373055422886	-1.092758279143959	0.19234627558718714	0.13927852185430414	0.3932729782908596	0.6142185468697092	-2.249941420094513	0.875955936111345	1.6462399599636184	2.280891315583237	-1.5142491827362887	0.8282060542299381	-3.636724798870164	1.5001437073003066	-1.0781589274340455	-0.9666615479205972	-8.46802565616746	-0.7208921119366694	0.9761805484501717	2.3510284474224394	2.230094928571834	8.660580098066212	-3.7497330948607774	1.820828773761386	-4.128628875422998	-0.5786959783363186	2.9664441591759525	-1.2638010835951896	-1.2415454016045706	-0.7649627573070058	-0.3262561838738584	-2.2140131250504753	-1.618212697683453	-1.4092149189038452	-5.262562412485966	-1.6236658883811075	1.4652189214452767	3.086903151396687	6.768687870163448	0.014800692477525777	0.24486223615410718	2.0944347748377603	-5.154071555279591	1.512725306468815	-1.4919844172093484	1.973095893942662	-0.15176458919996488	2.6159756848085873	1.053284545624976	-1.2786425120743834	-1.745390947361607	-0.2991809070656148	-0.7252785432453979	-0.7060726355433413	-1.3792908330172822	0.058222653707273274	0.3394510371510157	-0.2423996850295025	-0.08463262334469289	1.0353281854535823	-0.30273101013923803	-0.4464296108044812	0.2843096406970524	0.12206778121660314	0.5122994641261812	-0.6084631778776457	-0.276306941140035	0.9804580287904732	-0.4934921262554009	-0.6112353308296332	-0.31830366145480976	0.6677289401144314	0.045692142509468923	0.22812625410331197	-0.007608472191217242	0.4074397665749521	0.21402102959816727	0.01593374092839891	0.5340236349817271	0.30448559829275296	0.4662135314111809	-0.31911478432402435	-0.27593861871945363
DTXSID6047107	-3.678600705310471	-2.5338310340283012	3.43650438327536	-0.3373134649547584	0.28789386586360693	-0.3613047985450814	-0.34926151057256505	-0.48661515883491296	0.22286191496935712	-0.19238093886252777	-0.7571116816897345	-0.05682417754295442	0.40712543494329506	0.3228124703002164	0.1581178616056629	-0.004293354789059572	0.4991343013495168	0.239210513208081	-0.011456854047626938	-1.2177243912145372	-0.12258963831456007	-0.42712990900271963	1.4036317379701357	-0.527982543828878	0.36972072761281854	-0.13269774746107962	-0.5937059097058908	-0.5813732071638116	-0.001969906441315657	-0.7049320168189074	0.06260978640990046	0.8912651155181367	0.40383207674309635	0.207266723579186	-0.4355238788369006	-0.41976085423912946	1.81309223650093	-0.6884598946214295	-0.06974210550765934	-0.3996957214487864	-1.3312328552706167	0.3629524331094806	-0.07198002628216954	1.0626201873528995	2.1336383192865074	0.2936067511128674	-2.255665317647339	1.8363734317918008	1.1674144352633224	-1.057099733831838	-0.3180655655935535	1.285145257419104	-1.6385832501783897	0.04172212103907053	-0.05861327728212596	-0.43880334559632356	-1.840960357648079	1.577547315013674	-0.0543152755716846	-0.20245988571192103	-0.9487564056464941	-0.3518080786424749	0.7788935617121321	-0.9797852859266126	0.7835720921508512	-0.30535489794554177	-1.7812980959257478	1.0643733223314942	-0.15613210154363572	0.7100442517308435	-0.3660440603463874	0.3700718352142459	0.6231383184982705	-0.31224442699932775	0.007010839161911478	1.2617656991863637	0.05420704933741752	0.062084473155196156	-0.20697220518653622	-0.3691248820345103	-0.2998312362690065	-0.5626874526314073	-0.09963890560576058	0.41769506029764997	0.06704116401913209	-0.13145026435218948	-0.8013095619092571	-0.1263994607108376	-0.3941310138958763	0.21196551871797156	-0.16607047264900895	0.7004309432236498	0.03086114807280487	0.5716775891066496	-0.4907504299891663	0.32298921694411287	0.026230579125339333	0.2183969723289233	0.04082974889145594	-0.20949115270292817
DTXSID1037806	-4.17293768092225	-0.8117110690990579	-5.329823824207214	0.9504941981964176	-0.039219905360610124	-0.2133996159772017	4.118213677133229	0.3545258167480155	-0.8635993326487815	4.773062732095309	0.2736219952023085	-1.5741833257379911	-0.6282795628897033	2.2807503295333142	-1.7491814528383538	-2.325967603651367	-1.6829575567738788	-1.240023867100499	-0.5769912891585613	1.8838613927014818	-1.7796977217583634	1.4596661515170226	-1.797465528880666	-1.5177984119128256	0.20058830435077793	-0.24606660779764528	-0.37428454697098573	-1.9362880480417641	-0.5379854647307786	0.38861578603028596	-0.20753144878782087	0.36131332538975397	0.4609675321110944	-0.9243866090996103	-0.17665196544487813	-0.33307092438920055	-0.42250195465567325	-0.7498606177348691	-0.19869286037139458	-0.18924948162375338	0.5651032494850683	2.0410112877589692	-0.43638561595009917	0.026967226970611297	1.3678612368433996	-0.019312440380135586	-0.846425935893402	-0.04681877223047284	-0.44004158949145666	-0.07603633309615546	-0.09964699237441864	-0.14072905250198497	0.18165462360322146	0.514109803080404	-1.1858190120965972	0.44745289510086816	0.1963680511578028	0.7363506041294863	-0.21306863611209764	1.1903825240644028	-0.41866578651789454	0.660406606296245	-0.5115260398562129	0.44804579951085377	0.29301099978104	0.36186521758237744	-1.467829536644452	-0.5981994741831338	1.242906338100936	0.27366510795728155	0.5590743351375623	0.4441335894047758	0.013375382305808954	1.6037907810984122	-0.8713670008453692	-0.6379661889702605	-0.2647627009366724	-0.2820085546767374	0.17315439892215295	-0.3798962888199837	0.6452294696993262	-0.019689933018409815	-0.21622900341383475	-0.38023875768716975	-0.2388390372655847	0.3257759294300625	-0.2699417768168368	0.6915163356504719	1.1697985915456923	0.3257641911883374	-1.135673806293371	-0.47780635360640317	-0.07811644734341368	-0.8556402661899503	-0.19591676194632068	-0.7232464912762727	0.2319841241906671	-0.031884488826166145	-0.23608554534015871	0.5050482529246809
DTXSID4042252	-3.3198915752704106	1.2051661804100584	-0.41008971540331346	1.111276335656183	-1.2612504112941398	0.15165914495211635	0.9830917274274479	-0.0007634661347994585	-0.5794892727113088	0.8508007630876819	0.38320475554684963	3.2474870241818747	1.0042806095589512	1.7714441187701595	3.2166997645553117	6.133305848477417	5.585275612164072	-4.423100316497853	-0.0845422980711186	1.9240243970855924	-3.5059377160498064	-2.9112681247787098	-0.8995022698116194	-2.5210176525192463	0.07963875789389832	6.684594270485709	-4.286987251052166	0.6091319041053849	-8.404774937785094	6.5327412035113195	1.7431228614174379	-2.413234331539927	-0.8767840581041975	-2.2079282434654384	-0.7857031008567044	-0.8126476268773013	-4.873641615766732	-1.2778285936069185	0.10520628048688609	-1.8006349095660708	-1.4405898007581042	-1.9205602394868004	5.49303669247861	2.36354667200143	1.641290403865736	1.863631262498918	-1.3022440866824783	1.9936468633667053	1.8840902935696906	1.809553534374929	-0.06022777931918415	-2.58629538081887	3.830210814204788	2.313492665531126	3.985535513022101	-0.09048293992385219	0.5514771587834871	-2.9880947993432034	-5.2731204986871845	-0.4754224140242598	-0.6797227905601336	1.6427887957193368	2.9601989672134517	-4.711662093704348	2.7076895892220354	-0.016057259516859303	2.727389925237597	-0.20946301403153111	2.029791660497735	-3.3638973101315344	3.6177255100049455	4.110776966417688	5.84646312312995	1.694709481219004	2.964927071569609	2.8309000088984844	-1.4526296847614169	1.1442446720159272	1.3597726493847018	-0.8096043324909629	0.1403679578202135	0.05287042580030903	-0.3708503359253016	-1.652418025456177	0.08171417533862027	0.5509055988001343	1.2628465355875205	-0.9122718461960683	-0.22433855242663048	-0.1034027966489517	0.2351298689858904	-0.35009588236636485	-0.41237181586114746	0.13539460174156578	0.20129400917997425	-0.9029657248238506	-0.2046938352606236	0.10636571165934669	-0.15483417147095105	-0.20440673961217493
DTXSID7027887	11.930373467177912	3.7364010160511514	5.7234190009916395	-6.041905553552844	-0.4436960108635839	-0.057616011853928305	0.572595044827346	4.767637860426751	-2.3095582065267686	-0.0049748666731012315	-0.7612234900644028	1.1335809300730046	-0.13661569653004205	0.6364987396698792	-0.878011138766662	-0.7730817235506541	-0.05095979623333772	-1.3570893098890813	1.4316980705999123	-2.406385426992283	0.1805168690139441	0.21758023798755483	1.0439233637990033	-1.4319035967065008	0.4598591944313098	-0.4155829551921011	-2.0302701670808827	-0.01783472289182288	0.03550478706776927	-1.2788562133366397	-1.3348611298510897	1.6007440373631723	0.532218733440158	-0.17018038949223893	-0.2797470058504575	0.02955775465140094	0.6614408142908389	0.36333439465732265	-0.5300378232025655	-1.8650779322786375	0.2591748729231519	-0.2832347560862424	0.01558998029317264	-0.48852154526371155	-0.06152670975346149	0.021870123386327354	-0.8169148104464586	1.418823860119865	0.1410796352033658	0.3312543770258127	-0.18600234656091355	0.3247236877237164	0.41728078464917917	-0.21072302215185695	0.5414587194483196	0.4202790428784218	0.3421589257153139	0.3137082581243293	0.04476006396217541	0.5297698312559861	-1.3090087555616965	0.31241021463410085	0.36911035396090625	-1.664783775101412	-0.5621042493576693	-1.565440587201257	1.1258325518024335	0.6603867804277006	-0.44212414965020724	1.585890608056301	-0.49608889479892576	0.34392392056332355	0.06503449261635094	-0.2363174925046086	-1.7144071830899728	0.18290229499359723	-1.869585508626002	-1.1144513611634448	-2.6784270452105168	1.387265014879447	-1.749353868011137	-2.3942775156701805	-1.102661803135796	-1.423135957312735	0.4577710020817654	1.065026088691384	-0.2984437617208444	0.20783768178109485	-0.482827355775005	0.6776239096329022	-0.7503671727224972	3.0412508985401896	-0.27866933712859115	-1.3023443410451492	1.5681841575580662	0.4983254872749208	-0.6093405300277256	0.3369925197778661	-0.5619823281678387	-0.33353379059838173
DTXSID4044872	5.196724356603644	2.1724454831246716	0.1857668184208271	1.653635325919614	-5.667070442130793	-1.4969667948434584	-1.535382496479096	0.5580735407375301	2.632912670350265	-3.492575461110811	-1.3371168816850074	0.45473037908967934	-1.5428324216382567	2.063366337343244	1.9992303995848248	-1.4598136019458312	1.6451883269959178	-0.19211766766330507	4.836965023781961	0.611820685304974	-0.700457765870269	1.1335186773228838	-1.9077963423956208	0.11346600142169538	2.468513914883496	2.2109592753474887	5.056634009221136	-0.874746865454169	1.3047700462773149	-0.7149378048049216	2.0512227075484133	2.96357882581575	-1.4601917981269548	2.488018826389063	0.47825462183193923	-1.673619776977565	0.63888453851205	0.9279039988488195	-1.5963301966499936	-3.6074147006273067	0.2657203186801874	-0.5302223766107241	2.6952234644635786	-0.02658490157679483	1.0464238486813129	1.19069763814383	0.3054675174321191	1.2024061941296567	-0.41216287479003777	0.2524675526668143	-0.2599267318050352	1.4714999749601265	0.28130608150290415	0.36419218374006745	0.7594230285285304	0.4287570753181062	1.063424465179434	-0.6773069812006638	0.7630042240017632	1.3559421269987812	-0.16370904259410873	0.23798191385653708	-0.38419511818110763	1.1345560077101866	1.4224208306090378	1.1185814049174407	-0.044177929208180845	1.3627711090766728	-1.1701070241044904	-1.8140202323179382	0.7895227835705041	0.6883368171297454	-1.6111703293846749	1.609039644352167	-1.3646998067130296	-0.4343693127467749	0.38796639970617147	0.7270511729979587	0.591452886881814	-0.6004054499274845	0.9902813377780513	-0.16275111099477874	-0.6291728543276257	-0.10846914199984352	-0.20757863781106006	-0.08497329238706658	-0.19212725689955273	-0.007329801890189053	-0.6209616703032944	0.45911942420217794	0.8936854039092136	0.18512264818661892	0.33190458486184243	0.6282544988587743	0.24417588877045704	0.48908784446328446	0.9747772943689632	0.157240039839329	0.27695804963030984	0.37354451694401736
DTXSID6021402	-5.070586618231207	0.5217136517238287	2.183406443755036	0.4893543049162946	-1.308582635222764	0.17298494811517098	-0.19976760544415934	-1.9263893313272011	1.5694654737085685	0.3961002876594898	0.24275361527685277	-0.20644257653954695	0.008405538257845681	-1.3020585302501324	0.23401370750284756	-0.012203561080209162	0.42096682751799736	0.17643162626264436	-0.3223091377221419	-0.30634062009221663	-0.5440771128009906	-0.5398742264901313	-0.30451169710179393	-0.3805669213002125	1.0247752464512294	-1.4761578635010846	-0.8020950326700094	-0.8285821108901523	-0.37959988122370464	0.22604109059855368	-1.162545878805666	1.1898380691271266	1.759230889637571	0.7904441370736123	1.155200309252382	0.9488229929269053	-0.4941395275461391	0.4086266292792074	0.2788526948635119	-0.3255469279401704	-0.3573926506425435	-0.4698188581138862	-0.27787295018687785	-0.28480534150364883	-0.706767397910017	0.6172408989399771	0.4347066894468467	-0.057969459217717866	-0.12551787914485715	-0.05732656209228678	-0.06142018613521132	-0.17456155932950232	0.08751025452742017	-0.33497000956585754	0.3592687491031165	0.7751088485275143	-0.7122067016530437	-0.15217407952782885	-0.26216336261855067	-0.6168923430010379	0.32063783265995954	0.5110749115565049	0.44765938409592765	-0.11929249893830207	0.057227774642158696	-0.5209571511466038	0.013121790507854721	2.001361321040943	-0.1491795819344197	0.15212026678190738	0.04452151935108278	0.7021376585082958	-1.0266801617207542	0.5486210319360275	0.139366640921813	-0.3106321606505621	-0.22800456620674692	-0.18806219793566553	0.17808304583568646	0.5606718374213939	0.480386706296182	1.2945548134145124	-0.15213347865305502	-0.0882614070893268	0.11176301212468656	-0.5581582600241632	-0.3337588448647269	0.04226351641618515	0.8063497697440279	0.4199790926684412	-0.14880002713486096	0.4688072627311368	-0.22892075463428477	-0.2532809690933817	-0.10189322536833838	-0.47069591023394824	-0.11437531313105712	-0.1339921456422455	0.10694979977685538	-0.2782819570732208
DTXSID5027302	0.1457400319198518	2.0842441658478688	-1.108956381950418	-3.6071858503903953	-0.40311562293939684	5.605169765598923	-1.364314645090395	7.749074446652937	-3.0578732857811843	-0.35318391087423046	0.28793761835276055	1.8804554567042355	0.5845281488065777	-1.6149006767666099	-2.6925516619001755	-1.2051417516782286	-1.0246406745888215	-1.3772036617640206	-0.03619864452388522	0.1646494880728778	1.4607342458215582	0.15254093939820929	-0.6203477008159642	-0.048503626983091554	-0.6606522357851601	-0.9174486298602839	-1.28255452122571	-1.200920090269585	-0.08059953828823373	-0.7167509242878962	0.2641722794294473	1.2826731586946925	0.3901012267617787	-0.2755245304066902	1.4627567287146226	0.4283129797725621	-0.7956874614600542	0.132278587773581	0.36744224177758705	-0.2928245031624872	-1.2604501119855103	-0.34740540653354374	0.27067691530491667	-0.880633727196072	1.0639442071193965	-0.2424088656696259	-1.3808302947512938	-0.4937729937218924	-0.10959875784837884	0.0050681640284223764	-0.04381852184176633	-0.34593386400727943	-0.1538884910949965	-0.44720922654058576	-0.332804932395993	0.6384395371287396	0.10508994111412985	-0.26482185484826465	0.5590192942239662	0.7716758785115274	-0.1537634761801049	-0.05055572005657022	0.0406050795635955	-0.17268168906933876	0.44271253325475357	0.204678852043602	0.24510047527353926	0.6551998415496605	1.8866648125598497	-0.4811052390965197	0.7619948429771151	0.7202204429371521	-0.20411118492895794	0.5093394125291107	-0.1545506356845333	-1.4795965744143589	1.4482443401132543	1.0657410997664967	-0.17610032604032613	1.4427460501324076	-1.7191566324202212	0.39221132857114976	0.3897388265279857	0.07406965253947076	-0.09286293992741095	0.6552375591152382	0.23996875604501333	-1.3508864743205256	-0.22275358241787593	0.0749101284882396	-0.13540431481619009	0.07354289092546826	0.7563118423823254	-0.6974289056643296	-0.5768443202910665	-0.09392770436384168	-0.5849230993219666	-0.23217308766564473	0.1165756168646346	-0.6452484311572106
DTXSID2025688	-5.304945439850941	-4.143356997785581	-0.40675893156217074	0.45361262363916205	-1.6534392345557687	-0.7596473507911595	0.8068870067548225	0.8420957364893877	1.2735490288410525	-0.3421984243449372	-0.7526686547947327	0.05767634116113957	-0.8382185795857612	0.6190559339966666	2.3953449947061274	0.12022366073030766	-0.8447014355499111	0.46715041622961895	0.3995858534184502	0.29703880461771476	1.5653336882135105	-0.22698073831256166	0.013934952710898731	-0.8378584258142797	1.4562748042681255	2.723638830254939	0.8715941449383762	3.291484180460168	3.3904053124984834	0.493132734502757	1.0463434027620147	0.20464637749040665	2.498260570200321	0.6152558361373298	-2.8871029518025755	0.6731000823380143	-1.902380484290381	3.646662567923799	0.7381306854918976	3.213630285604095	-0.3746216227147808	-0.6898215859279344	-3.5726560724943566	0.035025000341525246	1.431790272639778	-0.27032614882517864	-5.529174248940073	2.0767766192745825	-3.2580582911195677	9.877653791329362	-1.4798429175994177	-0.9887631830483458	-0.420123931859733	-4.3567501150787145	-2.128245655492934	2.86020342933328	-4.4904797862406305	-4.941029977200516	-0.7448532796747835	-1.1587336835757869	-2.910204490654818	4.015997987280294	-4.266988273715287	-0.5597619833102059	-0.7670683853799346	3.8596061750260313	0.17104546007423937	1.7210743675006959	0.19936171206462475	-0.627014019511598	0.8735109577826845	-0.46929923290525244	1.5723588626861686	-2.2175589953734067	-1.0243828901154846	0.17377707560845007	0.17985784385171819	-0.8743913865105483	-2.033047597013794	-2.4207230570202354	1.235071712844701	1.4337270185863176	1.309295040393368	-1.3571613713574542	-0.09052021207662658	0.7182326039240537	-0.6325359205385923	0.12051193639203277	0.09135025187475528	0.10335683485771414	0.5075345682344605	-0.15736569523471353	0.26410049111450273	0.25007618474632576	-0.07723415883402017	-0.13666322915465884	-0.19942986628134496	-0.07973941121552362	-0.2535059946606395	-0.10839552160115015
DTXSID7027756	-1.7232449661564029	3.4722747684434823	-0.5020547672152654	2.0211247152115543	-2.910480383585961	-0.3673898181099284	-2.641968577448962	-1.2365917995711475	1.111660051312894	-1.3516498259409218	-0.25066446886943644	-0.4537298170875739	0.06411393456914527	0.6472186094091287	0.04041465524774865	0.8218746130579407	0.965887068525153	1.2007545056002578	0.5440082868929422	-0.5030097844410757	-0.4746508789721745	-0.5872777518486685	-0.5649665938463773	1.3984088055883241	-0.3825888263252732	0.34661882878022743	0.9571077453103335	-0.2953065105044858	0.18083593695822994	0.4225209281026112	-0.7657240295569184	-1.763024054927169	-0.8866209289362534	-0.03450927464855083	1.4231129947965742	-0.15355559585300388	0.693756240082282	-0.3632076006030331	0.19021364507379163	-0.4195604788518061	0.020527413248424452	0.3238661456532741	0.5591385736362285	-0.22436717320637073	0.3180566951386215	-0.6161501745152114	-0.2682352188750481	-0.5200730506001048	-0.2437598915730742	0.11548963250749576	0.17297397087623112	-0.19396349805384738	0.5822681414555458	-0.33128126978907163	-0.5440151345210542	0.07576051288763948	0.33189052225563925	-0.5556169116397404	1.068744357884279	1.0442420955546943	-0.8826297845080046	-0.17919781151636946	-0.031736577564284496	-0.26423862023983563	0.30167775194659857	1.4173930190527841	0.2374396891285908	-0.3197950313387471	-0.6944522749030153	-0.5828651516472066	0.8957963374618487	-0.6867244295901636	0.056117677942543916	0.10860033605488065	-0.3785689172963543	0.24660867411945805	-0.2663391802263027	0.9468667931497963	-0.13412869690406376	0.115785018652258	-0.27781576251186957	0.17061550260398223	0.14441785995850867	0.7209901002897069	-0.031718383752245935	0.2941196835583433	0.08631137362937315	0.03921410533988894	0.16715191485294847	-0.5233766454607276	0.3315177914509233	-0.5473521507795326	0.08235947095525362	0.027694897818568397	-0.2550989934792149	-0.26299430774409394	-0.1585704753989927	-0.1647277028722867	-0.16643278487533214	0.3251149513291814
DTXSID6044983	-1.4330680510181297	-2.8031962736492892	0.17002592958310783	-1.9650243853482068	-0.112009964101848	-2.2192345544897	-0.8762968074908745	0.5964367667384871	-0.7383763625933135	-1.660592287905267	-1.0637505165883128	0.5622360735790727	-1.4790897380003067	2.8750746679815	0.2504317854465974	0.12010308859803832	-0.060441977927427504	0.015989169218074573	0.5513246111088357	-0.8345762460245875	0.5054108776414462	-0.31221280846571015	-0.2633433601489656	0.018985313533218456	0.29424496747009693	0.06109404858481806	-0.3063511810702637	0.6063533520808899	-0.07862907500341619	-0.558578251617772	0.12585944737022692	0.9364778831093429	-0.008928580089483178	-0.19576100043051228	-0.3050325115010035	-0.18232620470078598	0.27675892566645294	0.30811729268947907	0.265609432418215	0.0699162922588213	-0.5090282701816654	-0.4193186514986226	0.24540082050453946	0.31863518839862137	-0.5232579002804003	-0.06684836709260153	0.12336208010897246	0.22545713272515236	0.13328662131549707	0.5266135706294176	0.007759828377657107	0.19169234415041694	0.3484633889819121	-0.31288895349373613	0.23095351600619887	0.027544793582704313	-0.17029021857353036	-0.30475046236765213	0.08371545838169761	0.039986402946584405	0.24388867587447235	0.24931818930381125	0.6316312318384264	0.6071354890191533	-0.21159159142279785	-1.146605068971805	1.148016310870535	-0.9469514428855356	-0.08209223093505395	0.8886222139479023	-0.21480776157813936	0.30207328022238045	-0.5052443472122528	-0.010314898144671706	-0.576227379083792	1.0317459659400825	-0.6583351432064196	0.7800209469622712	-0.30738891287902514	-0.04239590537699182	0.4363813728560026	0.20407062388428798	0.47985204387371183	0.4463281322417533	0.07641487499608539	-0.5365443933032812	-0.8153100769644333	-0.15122590098786526	-0.12132895577538258	0.32774485905185036	-0.8461190836989436	0.09155207306731532	-0.36820793119520934	-0.059243726264042715	-0.1641473143924419	-0.028907145387206255	-0.07594384913769892	0.15628205155162012	0.4339532684948722	-0.24262867421380796
DTXSID0022640	9.552078667043022	-2.6270799882896867	-7.386014546972693	0.33290456152016634	6.928242962655734	-2.4028954304281416	2.561800505262884	2.5156724356266915	-1.945302274365261	1.543821640995335	1.8105910252419122	-1.6131083615229591	1.8671167981369414	-0.540614843660394	1.0749897935118489	-4.969734539453221	2.5532470676818684	-1.0976990851952368	-1.620699582751273	0.26885860943377454	-1.6952644258701224	0.5312562502520125	4.0884007383157845	-3.3833225016518464	1.8993354274608059	6.867520146988686	-1.9192166916503044	3.858485868297518	-5.399231357847076	3.9274717353961943	-0.28147681330858304	-3.269884227824044	0.523378392354431	2.9210391369928255	-2.7023700398284785	-1.1431556499787217	3.004680529929451	-14.123883557464907	1.7528601491239444	1.7165898231758234	-1.9589250080333498	-1.8539635638694176	1.3613784037714773	-1.7519507942812604	-8.440344160588797	27.18215153184131	7.912517625042325	-13.352105504146873	0.10521041397918518	14.397671056371745	-31.729850927157873	6.192229567614331	-18.171351278422716	-0.7350987100989539	-16.991805512519466	9.90041125172146	6.361922058680644	11.65346348623518	25.053526397882163	2.3738488358608345	-0.03583604049790114	-6.43664498104566	-2.9939208676850306	-1.5207907442936104	6.151713985513586	-8.260982753408156	8.27118201676187	4.0133694638892665	1.6175965125863507	-4.3564034932583455	1.616820416632578	5.837426387367858	7.302199023706225	1.8597376906708318	2.9315882027831037	3.5653441252215856	-2.5120300389883736	0.7243484395633041	-1.7781159298787614	2.5951808088383386	-1.0317557535969537	-0.9290291491889251	1.028549695333721	-0.8274273407286402	1.9739307769210541	0.595855067672578	1.613652079517201	0.5746096201517665	-0.7097559647697308	1.6495029024374475	-1.4690065235822747	-1.8853798160058723	1.8018541154701542	-1.116521186145389	-0.5224709653248353	1.2024252543869456	-0.152946674915488	0.013613568274568973	-1.4023865699199898	0.19448606449814032
DTXSID0044024	6.699841460939949	1.6460906977255667	-4.9700875004171685	-0.3419577423242016	2.081916522410704	0.6959679018456751	-0.26954236893850225	0.9523455647719414	1.7546229084825293	1.594626477701754	-0.08010815682921434	0.5644755235634804	0.9189667826383635	0.7954122647723998	-0.23288981642699125	0.9025863539252531	0.5071842026041676	0.7481490191127016	-1.0115353240731229	-1.5394099542480661	1.4776057957305426	-1.9389160708145212	1.31284361331258	1.1694559535593245	-1.6839668711657936	1.2008226090413745	-1.6049444923479697	0.9034422831503575	5.118483569366978	2.6892743431619355	-1.7025180643205526	1.1070447621322699	1.3771736492969728	-0.4709885312925143	-0.20926363066956352	-0.4703498341445881	-1.0666647793093218	0.17261366593202315	0.5402536795935512	-0.6523781898376545	-0.5793203299505614	0.24240103794000475	1.4089859934454034	0.7376499883300862	0.5989020356494454	-0.002597457737652556	0.5282353469150755	0.3802732551916368	0.11640435417305474	0.42032569031482947	0.023126762439920626	0.31996842812578136	0.6734928792818325	-0.4141954138653639	0.046986978009370566	0.6633729908158874	0.03394445375824166	-0.7292264036903049	-0.16455211698683964	0.09975485331336785	0.17028431018311457	-1.5589710052153625	-0.33013329120766666	-0.7858233888639357	0.26465582538885263	0.02314889527346702	0.8277092823781744	0.927921404630015	0.8485882857919766	0.48289958815730066	-1.1233024267033564	-0.6766117568020491	-0.5727863887479104	2.4826594391185997	-0.8712422108436293	-0.39687451915289457	-2.323185189066317	-0.7070007512210783	2.2560961660359964	3.748772593589038	-0.9033000822729356	-2.078780557985758	-2.5279691548715135	1.2766446591327967	1.5694616866919868	-0.402419663679199	1.7027835658576083	-2.0042334718794756	-1.8712610568692436	0.36378474050347714	-0.8952033794027603	-1.1946188860996365	-0.9524568165583733	0.23758160617974325	1.5549419838094278	0.8542659579382015	-0.7467627926004535	0.13212643595978654	0.4750460839156598	-2.0384641835015853
DTXSID0044571	-4.295689951525054	0.8320328138684763	0.5127710089033796	1.3453948059884036	-2.1290146562651713	0.2810399971656141	-2.5140890039549157	-2.70700006610158	-0.6667875172595732	-0.9351484411164402	-3.5935192180039577	-0.5131413029846795	4.16742578376054	0.05122829748509336	0.37364621295357253	-0.5672147182407282	-0.8645277273152391	0.17409367535202866	-0.4952982559785937	0.10466516054574856	0.5420750536130843	0.4040684882783122	0.6768829148613702	-0.26007084620218635	0.5358553499436495	0.3328984157396353	0.10695935919554596	-0.24799510301617456	-0.1711846741026966	-0.2055794928440388	-0.004310750733243247	0.05064512772331394	-0.18427108049348828	0.04656418899341586	-0.6249491761093503	-0.12423674009988554	-0.7788601170943227	0.13722682606820402	-0.48018772843773805	0.05679785315003403	0.10049856993973008	0.39356005820957424	-0.31719275443124617	0.038823651479278916	-0.19468685889077822	0.021448554026637458	0.08902610987959175	-0.3682768462883173	-0.2138800902874695	0.10744655316622367	-0.03982897596628225	-0.31899491999185614	0.18125212214564065	0.17112578319352434	-0.2033063832351268	0.03233951459346705	0.2905774217537365	0.21548965653984284	-0.501373284737932	-0.09724431200137731	0.24225049729063733	0.1462836927124549	0.1014633449315455	0.6046266451767591	-0.023022744616839622	-0.5811585303382144	-0.039138786712701074	-0.5216122725312395	0.053473106170733205	-0.02833150263924555	-0.18360771482199673	-0.345673223995975	0.36442708314586536	0.026524147541501168	-0.22067742774109497	0.4393132372124895	0.24217678545881624	0.30247220540757386	-0.13450847558163304	-0.38794149735409633	0.33329888711906075	-0.6370247822075429	-0.31087866376083734	0.0070349183443203555	0.43141185448753167	0.14766684894602092	-0.3280178425474775	0.0745474887848097	-0.1691231805378681	0.218959518167619	-0.36167239337471463	-0.007724322396544665	0.026706154980649238	0.1768326940047812	-0.01992704418974269	0.01125791547004346	0.13008213373977187	-0.10926794007784611	0.15889186388390739	0.37701161590736315
DTXSID5021097	14.917440408453238	-3.3790056104981345	-4.087860398362153	4.493458636388988	3.9223255150795624	0.7866916304593143	-4.939818549292778	-1.3989220614973819	-1.7586447707921369	1.0507429109472515	-2.5043140201690086	0.07375483291389523	4.3811832185381085	0.387756241870043	-2.669153739247952	1.4664745538844297	-4.43465990629803	0.20025454953529429	-4.95884470765727	0.9575436709299983	-0.4025867011443731	-0.13433965081149168	1.1473593039040926	-0.28700707796652447	-4.478674458263298	2.26052144436012	0.4095378995310499	0.8733398625824336	-1.830122447402518	-1.3680099793288822	-1.0503888326358977	1.2967464584044266	-1.0142725504813548	4.219773203188488	2.029103137434879	-1.9506224396141043	-3.9248855848104256	0.6102157666857474	0.7438010703859558	-0.9454384835756156	2.170037138297481	-0.3673608310849336	-0.7619836550799227	-1.4455211289177219	-0.49310419561870406	0.013453993638220127	-1.4150027425689213	0.7086219846570645	-0.416926539006107	0.34001963434598437	0.3731475040816914	0.8791751638542502	0.4920472182413481	1.1373501356554279	0.00677914511649419	1.268630644352972	2.0133789009976795	2.721157767715876	0.311444267412009	-1.0139668235180812	0.10199747093425762	0.8123927271137668	-0.0417824141573583	-1.1080003188060832	-0.3995097717289621	2.282659403178732	-0.3530082680535521	-0.6676252662780682	0.85846000857343	-1.8790775944439952	-1.9260299677218993	1.968943002916125	-1.7298239794519361	-1.4999309270015175	0.16752753843285645	-1.2171646441430253	0.27519532915664474	0.909860255156545	-0.7420177691679885	0.15281428489752422	-1.1291759513964856	1.7183614664777436	-1.5823007199473151	1.0018297830807459	2.1956282387287085	-0.07646750685558028	0.881595015156924	-1.6400970594380324	-1.1847445760974256	0.5952755641408961	-0.396458567913452	-0.6074217512333356	-1.4780999567758595	-1.3881721371324198	-0.08375066964726728	-0.19942376432062678	-1.448077110044754	-0.21975805308608543	-1.1040990612471728	-0.015265281181149644
DTXSID1042285	0.17902923506751434	-1.6763019582416405	0.2392318497775644	-1.6651205014702355	-1.0501123584624086	1.1158537122417105	1.6214527700662864	2.5782809891625917	-1.072733201065517	-0.5108643843947808	-1.39324105933379	1.1899061609467583	-0.5260215946130312	0.4646126188934055	1.386846035189578	0.1448454433491185	1.6581149941566535	0.46168707386186497	-1.1840226767103583	-0.7326009132512188	0.5743073688471597	-0.13234587221594674	0.7169429066527031	-1.910461743743259	1.6970856125828242	3.80635371201573	-1.308318500775739	0.6480683686392961	-2.8288791590931353	2.259001585027445	1.8960903161697373	-2.200998882104708	-1.7459284243814566	-0.19382333294800141	-1.8933114760322374	1.8164739439450341	-0.2413528465997331	-2.758109581070487	-0.23504317357628618	-0.2875808240342321	-0.5545960278218585	-0.22393675071182367	2.285296495377623	-0.2547776074418209	-1.5204575346525329	3.3390346924125525	0.3602035307649465	0.5013280506307826	0.09771931952897278	0.46660328451181676	-0.5733782527523055	0.2902411750539497	0.31343380135230653	-0.17962538842919706	1.0249856856193722	-0.9585521624995651	-1.2819152722656677	-1.1113539632356073	-2.562011711387052	-0.6709408439551763	-0.2592346597141453	1.034272930060674	1.7694667741090513	0.3128642709077675	-1.4918028704676611	1.3673568119850885	-2.221718639769552	-1.0816516096625264	-1.091675733866465	1.9224195135331696	-1.1806044133607754	-2.9522791220016944	-3.693320342120915	-0.3837972561342337	-1.3604309376117105	-2.9693590896103528	1.8836449879303547	-0.6657048361372131	-0.6826267661622936	1.80514555022211	-0.4428073965872311	0.2938619389471059	0.08392006873593218	0.22603766708307696	0.44877454394847915	0.5787778993264366	-1.4003674736928615	0.48537548808457637	1.0355449932864944	-0.6113005977433936	0.6991784138126474	-0.3822312703333323	0.46170872569636445	1.4049900135720694	-0.37275353988265725	0.20793410549420432	0.4927909677538045	0.4119519996684376	0.25736675478734605	-0.489968865558603
DTXSID6046212	11.232395547113256	-1.5295243223200696	11.964659192313059	3.9509005567471274	1.720524395881401	2.405134749300536	1.6610339820558855	-1.7209272798463158	-0.8990810160963107	3.327278580492402	-0.19473747193020066	-0.13110229228634576	0.5726037032180112	-0.48489887972105455	-0.03005867137464475	0.02566914599638914	-0.10792829495405977	0.6209769278009868	-0.006602248195115392	-0.2943053539984351	-0.16143697820150704	-0.16751211787674725	-0.884461075676604	0.3746009937462366	-0.4774481187813923	-0.16168268819770032	-0.20503328230965256	-0.41063799419645236	0.33996527187385783	-0.027734114373073184	0.5842305622903236	0.211310107545607	-0.24737177596031842	-0.06441710775242866	-0.15773398489871845	0.8843409162323135	-0.03624032667207298	0.3544310282659216	0.017350567828066776	0.13033636192860842	-0.06576322757569004	0.08997880658006749	-0.4094117161183114	-0.754541776243067	-0.3006753812010307	0.10486988980357449	-0.6343699949340335	0.5222543014550568	0.1899899565383254	0.09185288798415958	-0.09397907758667137	0.1967027334061178	-0.36533381335743914	0.1587500044880032	-0.09474796221553966	0.12391770944020297	0.2277283258293696	0.10640016311564196	-0.1451610339981437	0.1912475282194524	-0.5080776397635943	-0.34365543535623505	0.25813068053891086	-1.6246375747325639	-0.011610043995226431	-0.42541444667781236	0.40840592057862496	-0.49833538064534627	-0.4338256154176149	-0.6981583831517107	-0.6957448160432868	-0.46150265398321694	-0.6457099076796515	0.30578740552538003	0.38092853799625626	0.12671535963460373	0.5170041973972629	0.4400385730120992	-0.04227855169744257	-0.3534102254471066	0.631556046999003	-0.48377168009322086	-0.5071894147212953	-0.0364285872467459	0.155407131112163	-0.08867090885080298	-1.0671224118330402	-0.12975403063689028	-0.3656259959570376	0.36277947434704705	-0.6198502787257074	0.5812774933727111	-0.016165426969540063	0.5194264790634303	-0.17993323350080404	-0.005889727104337285	-0.37558407302392127	-0.17790693295196017	-0.5530039663483909	-0.5210449761322041
DTXSID6020434	-6.231787868240648	-1.5430070714206665	0.6361113142363529	-1.9031064436428844	-1.6978136414197602	2.437027749929447	-0.20588684901646398	2.319059244547344	-0.5790978994421474	0.4859128485100951	0.2085899611962315	0.08931538050227614	0.19927762448676023	-0.2763391449797686	-0.740472467204115	0.44753310029320315	-0.9753494908471405	-0.4781765175426423	-0.1858389402355851	0.1620105507542808	-0.6467261745659191	0.1467209749486029	0.06532924458627065	-0.16490572007593704	0.008403177278355484	0.8793779036734904	0.5392770213280771	1.2424405511560275	0.33411819534917986	-0.43516562343181214	-0.2636447012376029	0.4330386942304111	0.45771536432677207	-0.09209102177448869	0.6484176686795766	0.1563074552463842	0.5196537297906547	-1.1610424334642946	-0.4575489725220664	0.24180867964263858	0.25944860880708304	-0.9517509771282041	0.47397760272621425	0.7193433819422678	0.12436084905443598	-0.3662469852654449	0.20064725464272207	-0.40682360603521683	0.17760702530452524	-0.21960079766858243	0.02490762840838507	-0.5193200807737508	0.4430575993740377	-0.06802317120300164	0.12916889789743674	0.03695308179757423	-0.45112877467615137	0.0625278165603298	0.3877584763903459	-0.4155130514513687	-0.6826616535600587	0.10545746868651647	0.06802655166285254	1.6415586266247137	-0.8729754346944606	0.3258640798070998	1.0354179638426677	-0.41139747961026324	-0.3704112707001998	-0.09767531985808617	0.10735921107859318	-0.1620375454575644	-0.1415118772750457	-0.4623326931996929	0.8254226663888943	0.8464971965423128	-0.2607081038499222	-0.0904637315917535	0.7911617321776785	-0.5912034493675634	1.0375001683571223	-0.03087907372215329	0.06694991601087309	-0.17303126726968393	-0.2121831369771818	-0.7465522456402659	-0.0003163103133217598	0.3467791152506451	-0.36534766323660106	0.5249977644025637	0.14331981367800975	0.37950668140852517	-0.9985018302922455	-0.2922684711189822	-0.34943286086549535	-0.10464597122097657	0.004698890533939532	0.2160588633996417	0.04198955622099677	-0.3068205808569701
DTXSID6045117	0.018324140639053507	5.216090995363551	-2.5891776486709888	2.7993072780331647	-0.8391893936785966	-0.18563469168799202	4.500366512625204	-0.1611119343841262	-1.4772308055492915	-3.0915230858321454	0.5513311081546194	0.29539406636379406	0.6786477403638952	0.2285370735707476	-0.47575839578517165	0.2212720035429356	-0.9308033712181791	-0.007484988040350179	-0.28455811656496083	1.2434666040620947	-2.3561140779156142	-0.7246634999790624	-1.711691396089438	0.06502294315301926	0.581661862813164	-0.5082520019419664	-0.8797796397891872	0.16815086283634867	1.1719667666256264	-1.1817812476279437	2.587812195564211	-1.2351681667907635	-0.9577441321343794	-0.09276267999693691	0.5849569188269221	-1.8989724831653736	1.5379527478988504	0.6017751756361835	-0.4472926485484442	-0.06012992112473361	0.5746996961635842	0.6059349536033237	-0.3361902104430059	0.24869009553905955	0.08117661435514098	0.6909483468456772	-0.8534578149484725	-0.7356097656466101	0.5043984224709699	0.3612582672234678	0.37469775744599804	-0.3181673080093764	-0.6003968678047404	-0.13742289764588853	-0.46774418277605606	-0.6027541311782196	0.7769998852212675	-0.07385050350137871	0.3150393659779435	0.23296980193007943	-0.4931395774451915	0.5804973523112024	-0.266400589921828	-0.5078839220037628	-0.6004195921736175	0.23941099650142725	-0.6572529656682736	-0.9570221235559563	0.4458679051616721	1.1269423468344648	1.0781194190394299	-0.7779112921635011	-0.2102991826456087	0.8520428565026984	1.2440922075682281	-0.37472952133923687	-0.2594213627301445	1.0485453648669647	0.4450841263920469	-0.6655079834819974	-1.1696931256554302	0.7222945589108773	-0.791582414580675	0.3391963671645747	-0.44102421402632064	-0.013986534444674039	0.06649601657952087	0.27458326814561135	0.05135543406924207	-0.03845366883662911	0.3469320254197741	0.05808863831255068	0.5721796851195179	-0.10162265368984577	-0.9039848324909528	0.503706949766814	-0.48174578058656903	0.7212262318456661	-1.990356320315943	-0.399299765993272
DTXSID5045702	1.479442765292716	1.7951109327348027	1.6146521499889601	-0.15622636775914486	1.102074044412439	-1.7670461322056314	1.3204811838103967	1.5099809720260906	1.4738024536362369	1.698294349190975	-0.8194218159924964	-0.0013249954025480104	0.4149080663612614	0.4848759759859533	2.650333248270851	0.7533757941094995	-0.9529762751938842	1.016069404370861	-1.1285201430423073	-1.498499747575877	-0.9401616718637968	-0.7472493925252635	0.9431401545992243	-0.3798797177332438	1.0285895594969476	-0.14460706651172725	-0.3857862887071244	-0.7514470196321479	-0.8561855871953257	-1.0462955183898843	-3.2572211516739684	1.1318667696303848	2.539399248935832	1.0494071559838984	1.8564387635851174	1.0716072119747406	-1.3409851822613645	0.4498711084635459	-0.5272372061425984	1.060808726695233	0.7064266573447048	0.20490159774037203	0.30427696978665103	-1.2187166721877374	0.037451561417671406	0.7340720165939651	-0.2575272429808222	0.26483409245749107	0.5245521093413508	-0.28058953018011734	-0.03682084131799984	-0.3587303700673115	0.8505140900180853	-0.16644397060416566	0.2725889203596941	1.289192980328928	-0.38224533715896697	1.474553617303732	-0.10160025155268426	-0.5475967643603294	-0.01492764013835946	-0.1926729865759459	-0.06287767464914545	-0.3914202570786116	0.21472746929259268	-0.21596020739227703	-0.34627531569831266	1.372390710428994	1.1726929276549263	0.9194127941609768	1.5030760017574318	1.882246166486292	-2.5018103887577285	-0.016634771253188088	0.536031613320946	-0.6078108258703531	0.05261137314627323	-0.18160505133160915	0.34357129302773737	0.19238310999992683	0.5039263428635179	1.1286707108228464	-0.5774332884891071	0.7368242095723591	0.029388020855962853	0.3472345031660913	0.677637934528464	0.9489827744032053	-0.06058427680815993	0.70771991010155	1.4167263026615555	0.13993450575018834	0.14960557551046183	0.522707402118014	0.1614374813589722	0.1470838835538608	0.07157771031350453	0.34215148883327273	0.09775904175916945	-0.7592437820149146
DTXSID1047524	20.3073969851386	-12.446022143001068	-12.068132351143078	2.7649930552173814	-6.42604915256509	-2.345003588813957	-2.9310712115896	-1.3548208176334937	-0.47546225509230094	8.042054661727656	1.1109041391785144	-0.9512473353549682	0.20383704950724696	1.3619962075018046	-4.853865818877591	-0.31369636679772084	0.5416823509148819	1.1233025538802652	-1.421606921839416	-1.885489054797944	-1.1538610468067172	-0.6496858124638898	0.6359437112736677	-0.2279441064204171	-2.6166457560306293	-0.27421915994764995	-1.5013434995789847	-1.4289388975067352	-0.5504941707364625	-0.9631314876254702	-0.8523853285337731	-0.08514176914408547	-1.0840318810589276	1.8253008224535945	0.3606921998165958	-2.418812436850072	1.1792004263884264	0.7895880913732661	0.5148781765945425	-0.9824118348938072	0.3928170232759991	-0.12966153242462616	1.3412774586475469	0.04566096409820894	-1.4434711467926262	0.11036666640519334	-0.9427692568070979	-0.28606997328106076	-0.03425337988461426	0.16358621638554155	0.2046488389054195	0.30011951369997836	-0.4921609149276416	-0.20505645126988933	-0.7393096963978941	0.19837025264061026	1.2508284707255806	-0.513581138068903	-0.524224613106565	-0.4731601122022974	0.20789813184816025	1.1082450537547948	-0.20086865274121957	-0.8518100894048242	0.2893576577216122	1.0768360274777597	0.6811185378688981	1.3087720085311887	-1.7455962953481414	-2.4214218123109883	-0.366712086448945	-0.5220687238366765	0.7556438863686046	-0.8785630481591609	-0.6820632245373259	-1.1828394882935473	-0.4166256385078172	-0.4717026705199941	1.9654417136749303	0.2941206676161771	-0.06927298995706216	-0.6590368230615804	2.770294970991681	0.9031484467764312	-1.7981782563336808	-0.8044065731250211	-2.878945495779219	-0.15575793234353186	1.6556211192990273	0.44700025017539324	1.3230043962318891	0.5939984243883899	1.6450185488852018	0.47162763462623386	1.4263302236747692	-0.3033735485721362	-0.35152066030708934	0.10387990815895606	0.9612207096526383	-0.8583571724533116
DTXSID7045281	5.034210634053192	2.012815833388287	-5.016421678069515	-0.19509829485793512	5.196470995571815	-1.232617755357416	1.8139189879090702	1.2206986651184932	-1.1354501713627816	0.9532179400370386	1.934976295144166	-0.8710063028429741	0.8344688702454857	-0.5315462146136586	0.9199415944696553	-2.577679233862236	1.724843951504552	0.7761920050294238	-1.7386213674792024	-0.11852454181478728	1.9077715118029777	-0.46266857918665477	0.5138261561545132	-0.6180140730907594	2.0767067900775795	2.5474159761922466	1.3026511437826265	4.321202750925964	-0.4339372699584419	0.5631869171851288	-0.7695819965639401	-1.6851089683848273	1.3483471648498713	0.12569054330862117	-0.34832893841701995	0.5821280964335652	0.8198629812037083	1.6477373916155786	0.0517377507176834	-0.13243705135576533	-0.898540780627736	0.7883718988317087	-1.619002454675881	-0.5970585499653004	0.6412186525881415	-0.591209000192434	-0.18035630051220644	-1.0225392151694808	-0.005849702000652838	0.30293803838739	0.43394432907986635	-0.15420508452829645	0.16807893798867876	-0.04539472518887541	1.7549781754498222	-1.5766834620469976	2.6341580164287475	1.4544898422800863	1.3135842745163246	-0.4597377099771205	-1.7017950581312749	-0.7655501747184148	1.317362543642416	1.9460491718683108	-0.18511018926823977	-1.5503029333979845	-0.8380639247366799	1.7852757331140896	-0.32100389262894835	-1.6430611668680002	-0.1972021915010856	1.4203461833189515	-0.3293820578812379	1.7138744589057489	0.36055721535678503	0.4562765096768202	0.24934716254129008	0.5478288665503909	-1.0630792737931452	1.1342173509188362	-0.1263520210115555	-0.788862865499213	1.5385417349751251	0.6460635284332571	0.062153292079388	-0.04038126914724488	0.8258689985967737	-0.59180728285266	-2.078854756949498	0.2006554962086544	0.4599722868010542	-0.4643458637002266	0.08396978589497277	-1.071726406449666	-1.4020664885644336	0.11400320377767756	-0.31699955544528646	-0.22681302056999947	0.3757117597319581	-0.39420767889106884
DTXSID0042244	0.31199173380906303	4.24018494102622	-3.295176636581608	2.815089182677655	-0.7274126192312753	-0.2717098621006934	-5.590776230728499	-3.7075474680484204	-1.1111232350811346	-0.8530501712438707	-7.2708179837554345	-0.6384792578244572	8.41423645440304	-0.07670840889579794	0.4720116734435759	-0.8677033394306894	-3.041078309823161	0.08110289085241458	-0.4766654790557084	0.9776358135268274	1.2113853879952299	1.6383505688815971	0.94439194566623	-0.45372735248189083	1.1111493529592944	0.613764602113901	0.7841333395422107	1.1102528594475216	-0.3908089411712858	0.04209431467681842	0.19299782636743362	-0.30755687049919345	-0.16222611665061692	-0.08274473832985525	-0.2044318843527192	0.4025493315631344	-2.7389599181775255	-0.16256290293179085	-0.5083246020580018	-0.3470860939894882	0.17643920818143594	0.5132766811443218	-0.052467626752292607	0.5913480846424919	1.0132605129071277	-0.45430021525395925	0.6562513274560853	-0.6688432821266528	-0.35481475874882423	0.33631576996889967	-0.051451079828210976	-0.6697240647356972	0.6652638149943273	0.40028518352489206	-0.7320057102463731	0.2927764185277233	0.0054844065690048075	0.22170317561185993	-0.5470426515489426	0.3000475069761132	-0.35996535825301923	-0.4989220224743088	0.34866352888639374	0.9176666696994318	0.12171704031719345	-1.197212439181634	-0.038121458216115456	-0.18958542551214905	0.5276674079661201	-0.8076525170405193	-1.2630874635305385	0.208554710666093	0.3315477990769029	-0.7617279924358084	-0.32822893187827373	-0.29155867276050995	0.40432005474911537	0.5686134213322331	-0.12598896620805217	0.1219990500515979	-0.7600984995490017	-0.5466677512985987	0.3834732434458752	0.3550709402186932	0.050702684913725725	0.25595822582350003	0.1913780550203132	-0.5203729017920745	-0.4195476859533949	0.19962045361474762	-0.15684322730545164	-0.4788856650080849	0.35987902254012677	0.13876515136729287	-0.20535172668856339	0.15887736409265824	0.03294018609993259	-0.14714931676344906	0.3107091120961398	-0.2386171052274492
DTXSID0032655	3.5977954078446324	2.563711829535531	0.7202416087080095	2.174928067879416	-0.9431228586641505	0.2971647273017381	4.358206036587924	-0.13820092276660012	-0.5245507858732948	-1.3606935387240777	0.601580649396999	-0.29897169695768017	0.5980622746933261	-0.13922500919756514	0.4929931833763813	-0.4436415057886889	0.8802012451122164	0.5938201519688708	-0.7322549169054517	-1.0472732231218305	-1.1546581204886428	-0.6718387281747028	-0.2473788100454217	0.28739848716382793	-0.5407277748209169	0.051674479214190536	-0.1443813461184098	-0.5760560677453611	0.8238493279731097	-1.0618935922248072	-0.21990500875058244	0.13897081228517502	-1.2010281236915459	-0.8054102469638408	-0.6917749748772801	-0.19578699173240094	-0.26200907183258243	0.3751312793993524	-0.7213652271834239	-0.880039664923877	0.06387776610793451	0.9421015478750419	-0.7412587634404759	-0.5863327799295431	0.2008048828493292	0.32739666801692074	-0.46720897799574057	-0.32182162841950945	-0.018275540922040392	-0.3672293364318764	-0.22043210515429734	0.26921087305816843	-0.2375225245070258	-0.10897400456191193	-0.4881508133290288	-0.709248057542212	0.13832264447472223	0.6502164885229245	-0.4824651966752042	0.6001404393103705	-0.4149944424356372	-0.06654828341419879	-0.575138283933917	-0.2678215657136292	-0.1952821719285122	-0.22015036884370623	-0.4919802779994238	-0.7365245278245135	0.4623849529307469	-1.0383729696113713	0.6619509962119707	-1.0320131107587829	1.137197028053003	0.4855834434918086	-0.8705334634875129	0.2999905856189176	1.0483213574625698	0.3497639049899171	0.6549034566428557	0.2708949742650557	-1.071097594451564	0.46914301533933606	-0.7576569468005278	-0.6435316608879228	0.3543403892567299	0.025727220195500333	-0.26082700548600374	0.6316719353244672	0.7165910893956661	0.5448924488912978	-0.020199624979023573	0.26972714662000863	-0.19013499396259642	0.8895423056887116	1.019429466744371	-0.2056546515866979	0.8785236885299921	-0.03707472977153859	-0.33199268857017034	0.6309712594327685
DTXSID4025799	4.340207622210097	5.473926142022952	-2.185334453355613	-3.8117302909266795	-6.601130889702192	9.076666849848094	-1.4058743155219788	9.14018351864023	-5.551411249049592	-1.429830349845834	-2.2495823017129606	1.538537783467639	2.814296009387746	-1.3998970737356091	-3.3171327354519606	-1.3826130717206448	-0.4844806146125753	-2.0150669207578105	1.4387218248613054	1.9439257567150228	0.6665800001822615	-0.4179679291118843	-2.082909623798718	1.5271635815583835	-1.6817625512205938	-3.124059071482419	1.3596507304653758	-3.262379103417248	0.5287354386558899	0.7570934609731228	0.3008288623665795	-0.5562006603593586	1.5733757031939035	0.29776224453005407	1.369408274688459	-1.5404556321028307	1.1203554631951305	-0.6521108897111146	1.7533434977091098	-1.5118220053214164	-2.0443208112463678	-0.5959723060197069	0.4769871208919647	-2.5364454463517987	1.141230135078438	0.18147106823453596	-1.5597132796070674	0.6105585845025474	-0.18054959269625417	0.5900123268811794	0.10874832510141294	0.3076884897450247	-0.25769374867047085	-0.048128869308542425	0.594514249370609	1.727662331422299	1.3727464602681343	-1.5418834403204489	1.954029557009655	2.5097270930411284	-0.6370673495155978	-0.43861669374833007	0.23807368190370826	-1.8595041582414595	0.8609515334621198	2.4782158436541235	-0.4985455489308838	0.5212098602497158	0.8604582487708236	1.1089767378386544	3.2370298947650933	0.031055847985892306	0.04376093356964159	0.41084757373004743	-0.41944808859838634	-0.5576033670418619	0.7326117832173673	0.9402373060718088	0.21971524926448793	1.4402292443650904	1.9850327904784444	1.5786956370351548	2.092459671020598	0.901449073405884	-1.0559419524157732	0.17974421069338303	1.4693428380041262	-0.5912132924777568	0.05997718312313039	-1.5295006129943625	-1.0403750339820392	-1.0438832653292456	0.6752611751896384	-1.051664335149533	-1.7789622676218346	-1.1118203578812453	-0.699498461986426	0.31949122289558646	0.9485562632473075	-1.1607250055443397
DTXSID9020829	-2.8744731129021286	-0.4437877427740221	-0.8502689690526191	0.5341289876073606	0.3616192376666998	-0.6346429481776563	-2.3452807757145426	-0.049022043495135934	-0.9953172470667531	-1.5794818474617636	2.826038630163373	-1.1068181159408175	0.7307513159026602	1.092689620880092	1.1255283378250076	-0.9232992085106797	1.2953320667823003	0.7367441073757797	0.22032554886298533	-0.3074239643153299	0.5494591598051782	-0.3933078442167743	-0.3989091370140534	0.7698329076667441	0.0674993263658896	0.1333053391171076	1.270171572727319	-0.04502834117627797	-0.1723929507359106	0.5703572487636829	0.30832342843997185	0.14438864261389905	0.5962937075897167	0.6798474078140165	-0.47115237720301334	-0.44311326024963554	-0.07664306566848147	-0.382993305134199	0.22639940965905606	0.2553702746673603	-0.4585193930423157	0.41042744336694303	-0.9576240624806224	0.7381490046660639	-0.9921201629049887	0.05177097014302117	0.8507615453449708	-1.0847420240781362	-0.2067528144632774	-0.6660218408705002	0.07735684346400237	-0.13117696846858556	-0.34991299389064534	-0.12213690622450162	0.5238444344204086	-1.1929214364459746	-0.03542436067304008	-0.16574901878760384	-0.6632685717615436	-0.812616783405191	0.1473925408566373	-0.0553002107462619	-0.020705376712154666	-0.4929215105225784	-0.24664203898577594	-0.10225873782987763	-0.8044101457217427	0.19124240563420247	0.3630673517591671	-0.5084293573727924	-0.2184792845357654	-0.5097788337905808	1.3758099925351048	-0.7492469155818209	0.16037798548100393	-0.10329119337808292	0.5505955294232016	-1.09107836155357	-0.08282090298718194	0.2253180436296011	0.7038278945582669	-0.22685139789616546	-0.18335203152337984	-0.44346465011270747	0.1931125979360188	0.12562872083533333	0.28234959696728446	0.6472848871933048	0.16373587866758454	0.4864897216785561	-0.33055211556977887	-0.24636315459168714	-0.11179910521218038	0.5688704475027161	0.3390135063614433	0.6325363293308259	0.004681226230787209	0.09570001600787326	0.06423934661094029	-0.05586861699404482
DTXSID7020920	-4.050444864373464	3.0561587549435276	-0.7216244935181735	2.1134685796727593	-1.8135479853958092	0.0756751313267467	-1.1862393050879032	-0.9341041192100845	1.6332926563735675	2.3244956016972247	1.2996800384128309	-1.0899191989050032	-1.2859838334149947	0.2759765964509001	-1.0187686591185268	-0.5978050756446999	-0.5341229599035443	-0.39510512315155905	0.2241529419290774	0.14829076213760034	-0.13958313742290004	0.2994031666057007	0.02054366745925365	-0.45526103663250456	-0.19370278639251975	0.5136215342596093	-0.23561147905662494	0.14493469595309078	-0.3651610226874647	0.030702024888853166	0.02174851561329646	0.26547127145989446	-0.28074916818588763	-0.3571840924161501	-0.3678224274462236	-0.7088347101546852	0.14974147930346635	0.610882152888666	0.4895128350685284	0.40709460023290833	-0.41029469486507014	0.3058041533003136	0.26413358499293793	0.33611225571958814	0.01579965479491613	0.15543367582726494	0.19202202310685212	-0.18483723179688302	0.010924764864689464	-0.0019544600186131075	0.1464048391600258	0.2393112863598362	0.06224955535616074	-0.003375354565184778	-0.1072761806058368	-0.4896335526261903	0.12711009202232199	-0.2938098128540791	0.05397063633373256	-0.30848685797968	0.6534883137768361	0.09529213626882123	-0.3935349249426928	0.04441830278923195	0.46062252077342425	0.10904386134759743	0.25458545790089865	-0.4088102934524728	0.3934077795727203	0.6487354625455574	0.31426088092876503	-0.6062048236615069	0.33438661637459666	-0.0612420637356011	0.02495006672977496	-0.17429864607021764	-0.12311636742864909	-0.179492001585938	-0.03221585329778967	-0.21603959339665463	0.24577939877228477	-0.11962876075815	0.15354966153799213	-0.42299959953257404	-0.09929130583959503	0.07734836730880142	0.043872895574762545	-0.0713905144066677	-0.24332436470299507	-0.07855182139128297	-0.12683051226408362	-0.23362731778107032	-0.10781424082340037	0.05384610955305649	-0.3768491012500472	-0.05554796493729841	0.10006177608809927	0.16207602259602424	0.3240979287141061	-0.00299665411555037
DTXSID6027343	-3.3508602318659997	0.6126614461794585	2.0044953130342513	0.19721308430443568	-0.12180085227283163	-0.5682520370669492	-1.5176844569148815	-0.5914225160813685	1.3246044457447907	-0.8986411438730558	0.3738585397249025	-0.2703602304816938	-0.2675106019691525	-0.4699395818090382	-0.6317245213479503	0.42593556497895446	0.022033665484450248	-0.027962519376794438	-0.6159553828510956	-0.6396553043842604	-0.050622734107361254	-0.29129532292590216	1.493275706624441	-0.6824807844060854	0.3182412411835284	4.1201775859163334e-05	-0.4711835890296092	-0.4158124182350675	-0.2404492016679156	-0.4691491609165867	-0.5035572035063793	0.3980383027752301	0.10386675437451565	0.19716103561737067	-0.15167366754584233	-0.6366895335444547	1.6423720014861238	-1.0010817671559675	0.2856684942170443	0.1490394508666894	-1.4578195308603257	0.4216063333458	0.4291829478027699	1.354379887546111	2.11544500915677	-0.032622141472750124	-2.465510617886571	1.4213689468597446	1.0240378205288905	-0.9311564174915572	-0.21164325377206697	1.2328304779501043	-1.4730695366784123	-0.05129038895717728	-0.02911508881105298	-0.49392628615043854	-1.7006026514244517	1.3829389399824958	0.2411862758852378	-0.4607814362440912	-0.6238930920853657	-0.18442195313829984	0.2636562512223544	-0.23199132058818228	1.2827487192003633	0.25662939861057465	-1.3829838479151797	1.065898576394123	0.3900418044329246	-0.14106238041869393	-0.17770952682093458	0.0386898233647399	0.36531270049761183	0.15587727242990554	-0.19580531199162343	0.8541095063475397	0.724633143244694	0.4221183877060144	0.36646321117949576	-0.5304373707983387	-0.3634524053525646	-0.38841443446255947	0.1893288577549302	0.47492529514624726	0.3922759198819027	0.22076393527102067	-0.552980399917159	-0.1316513523814848	-0.0887134567422935	-0.23768598879546465	-0.11380333064346504	-0.14969840509072163	0.5901495793381858	0.327900082600817	-0.28899795691760727	-0.15538362573513315	-0.08848877412261984	-0.10808786243488852	0.20045559724245715	0.2444674550628076
DTXSID7048748	8.268717740035855	4.606733115188126	-4.080490104116386	-0.11084910433304013	0.21364736631862363	-4.444003807523805	1.6148420331788567	2.0863470640056216	0.2728467415538558	4.331915392459148	1.3039572478048482	0.5260736003895458	1.3630043384183297	-0.4726927087016986	1.4685231939828365	9.52797699113433	2.3216465116704836	-1.997458147323847	-2.74299295769513	-0.7392352317221841	3.5139636021933964	7.585519599310843	2.0020450125016414	-0.09962852365340664	1.3129213399457331	-3.5991572835129273	2.2452397157732285	0.5571379224261802	3.6120303723266796	-2.2770812826501716	-1.8792343185481484	-0.9637356499711157	0.8102654927159963	2.6254178202382263	-0.3340980967161811	-0.7656232968369907	1.601284107340138	0.2878321750426011	-0.28128420760199985	-0.2348031776137216	-1.5866451412284848	1.039457059841495	0.9732456767030538	1.4216027508760882	-1.7023408081590379	1.945237245205971	1.9135655789415784	0.26262411296235827	-1.0064436597713826	1.3819822969994247	-0.1612435395471912	1.947726693574804	0.9275011565957928	-0.44272292234953303	2.1505740072206407	-1.3641540889405332	-0.9745765290519831	0.03254034906675418	0.12967535593014637	-1.3911787828229505	1.1404059134564948	1.5060434357273615	1.123545129395905	-0.10448712668534536	-0.010808551828738206	2.0546641063817583	-0.17741996892644948	-2.337666033011181	-0.308048344193174	-1.9314835470138836	0.3613458858226969	-1.068498940183745	1.9655230145917	0.3337987802011537	0.4419465336366226	0.5874094485467196	-0.7642636449942003	1.526425366979536	0.2256617624221837	0.8904686144955893	-0.7276723684209956	-0.08730535307554849	0.3743684499815675	-0.8703245934328917	-0.7281511523835013	-0.5603929785998613	-1.4248948622848878	0.03008923598486655	1.4626868535916935	-1.3197980939596685	-1.2207639440331863	-0.5897496887452734	2.188956498786036	0.31701867337538864	-0.6204678507611745	-3.560504843673504	-3.6648737422348034	6.500544025639221	-0.4902729750481378	4.3854237333126145
DTXSID3031444	-7.793113241072369	-2.6913887189128314	0.15459082811084052	-1.0501896979235947	-1.0045933603364006	1.2163518817868613	-0.8460752366432874	0.22179314169547287	-0.28782472025581174	0.2232846483502524	-0.5515935431292804	-0.6787511502404237	-0.9515333100483605	-1.5516016932087981	0.2851949276811373	0.27949845713357835	-0.2999299809139856	-0.3784572323634308	0.08112506681290305	-0.21416147468249308	0.04047005870898062	0.012073496184402096	-0.13333394023535064	-0.5070405058182575	0.4242259668191786	-0.2564317797956363	-0.24442041339985893	0.22474407022164458	0.04326031336986233	0.2052724029230284	0.2806715253927501	-0.4886416927908951	0.11691377216263718	-0.2830168669036412	0.11687900949913554	-0.11789182157174712	0.06004176346429427	-0.24271430058632334	0.31330142930943305	0.3251053051633262	-0.2307420229833768	-0.07361425286948646	0.03233279133193736	-0.16955072440541774	0.35390749143846223	-0.1596243646975784	-0.11336283932609728	0.4684064286248602	0.08687067245262776	0.20448312739825808	-0.009551881800068994	0.04074738606960492	0.06907443018332331	-0.049220554391969464	0.3249483762728713	-0.39300136986791956	0.09463972180331746	-0.09196274610397775	0.500938329365681	0.11710965581321556	0.1405463755934404	-0.1873057303451336	-0.08205464064564952	0.1558597307249967	0.11420690211363703	0.25015063684698	0.5579272770575054	-0.36201591364385144	-0.268077737604356	-0.16170069421715635	0.3514699128845893	0.15846033158662381	-0.3523900146797635	-0.0826236897854535	-0.7383704090496499	-0.304859589891095	-0.5581096948799357	-0.9130488827956744	-0.6953859995115848	0.2016939319959667	-0.3952173675198884	-0.7480638654698827	-1.1756570089314466	-0.9287113339382556	0.09182498542784981	0.5131718799031834	0.08571065573728683	0.63148794749351	0.14184537554944127	0.24906565442188147	0.0558714279944094	0.16488235266039755	-0.4821971434933148	0.12152915298718939	-0.271624049666546	-0.5514738317984661	-0.25470038255931043	0.0703590942205894	-0.1729876402963851	-0.863093396104362
DTXSID3021647	-4.47500614423591	-3.5262176121480966	-0.04970591119277844	-0.11127035040605898	3.1953637923385063	-0.1596478283614238	-2.2990608491177906	-0.07069910697098707	-1.798002480423681	-1.0123986420059545	2.4060707684385014	-1.5111124845938209	0.7507382082302478	0.45179165920514713	0.19305021435134093	-0.27734074696555494	-0.005838068513219693	0.39562913566272245	-1.4817614042260157	1.0825309812527273	0.4375947998188158	0.21413336396382038	0.06077961183609765	-0.5609560828177564	0.6685753613666885	1.2131477668745734	1.021784069714786	-1.0002142939990992	-0.5179238572733891	0.8170977196808125	0.2655691936856914	0.8093876184081492	0.35060199640896006	0.2468414771984069	0.8236123718838609	-0.0015390440934696763	0.5831127186990108	0.07254772598866141	0.4154788827761444	0.27539351198960754	0.24350055751189323	0.3372997509693591	-1.1156132670670003	-0.702367144247134	-0.16205880833712885	0.32381685649104563	0.09608646958463186	0.12422705810784819	-0.23351249937874718	0.19907843448527718	0.07323710353644867	0.17662406390616708	0.09524042011467745	0.139233014409203	0.29672622060232884	-0.33921553427717155	0.9342858574076209	-0.19003149070060738	-0.48936594229358116	0.28486005254415736	-0.255630657111392	-0.37715306092284495	-0.0333601539197155	-0.07448363435164392	-0.13782448224743793	0.2445653966266574	-0.19091640133770196	-0.3185143723726261	-0.1231909610036507	0.24717028900904006	-0.09139767423698066	0.40592943443195706	-0.08264490302409433	0.15865165924328567	-0.17300605803854763	0.09264545280410778	-0.5293244536443017	-0.6113448426877357	-0.050038042305119546	-1.136736356292055	-0.5492592701230815	0.02065263598044761	-0.35269421277956126	0.3354161842201738	0.2685023876385226	-0.15942073311752775	-0.502595243854752	-0.4093618749577335	-0.03729587305138787	0.26778422845375527	-0.5436603897551016	0.05696502147048689	-0.5403207881537526	0.24899896806410288	-0.026418370943102294	0.47487700470614586	-0.3809051150623418	-0.06114377861216562	-0.3158711254959601	0.26758956204241563
DTXSID7027594	8.008819550827562	5.102167207052545	-4.634743879260053	-0.43895817467138476	0.6541027815964849	1.1632032832407808	-3.872988501115165	-3.709961882588607	-3.830994321013528	-1.3963110388342201	-1.2556815786605775	-1.6036355754232645	1.6377437754781914	-1.274660060062494	2.2640327641712386	-1.1741376864190052	0.883514771560011	-1.1778027337989152	-0.8499522383155435	-0.3088551045159649	-0.12895329355680918	-0.5074226713890464	0.44369114174304514	-0.417083466564997	-1.6231446875402142	0.9404711318398051	-0.8672971109994994	1.2808972628975086	0.4777964843887979	-0.5815105577407044	0.5799530453216697	2.632505427759076	0.060086057794333965	-1.678692513185751	-1.5052146386748912	3.4490091902018527	0.4575362813102883	-0.8378027086413888	-1.4274828607335124	0.7989841983270627	0.5729622870228052	-1.2547456442829186	-0.4456025323922467	-1.22008644529502	-1.5234293069384108	-0.09753770968478047	0.3150203282771098	1.063614995434103	0.812691166799361	-0.7049561389205307	-0.16381695888102984	0.8103500738822038	-1.1038015450165672	0.14195057669359532	0.916701351175742	-0.8794693658674807	-1.337175736656225	1.0237134542216406	0.2324005169310571	-1.012011837728644	1.7759902754069608	0.3013219624588345	-0.408908858063746	-0.3007662105615124	-1.4180842893666525	1.9241644755772005	-0.20974189303398955	-0.4244643010803501	-1.3408907503010081	0.4799576930167113	0.010347815608388319	2.2549295907980897	0.26414667575746315	-0.0002523838900635864	-0.12139829974160735	-0.5705359038225031	-1.6696650626245721	0.2595882420672259	0.7379557474581895	-0.5704385205001785	0.4601458978169044	-0.0876270130423484	-0.12952046934407235	-0.6120908556526005	-0.855470894261351	-0.5906348901147249	0.2973725593327878	0.3714677728548811	0.20941556598779515	0.39399584512733565	0.727790894263274	0.2397271618566637	0.20649278490095463	-0.1714232979899476	0.026613905558078636	-0.14419204390465679	0.6530447590885646	1.0453668594971393	0.027771127390995062	-0.767144645232775
DTXSID9021633	-4.828674484193342	-3.3773359321964396	0.9358729512272053	-0.22250918072172385	1.1468874873526795	-0.43276500619802966	-1.2941826429675043	-0.39190270126910487	-1.323356716555467	-0.29390111963082627	2.205966371491796	-0.9050962963517423	1.5251967241857822	-0.10306917895733432	1.7920847327752845	-1.0602350544954529	1.3044356932336931	0.6489984507992862	0.5868084718635969	-0.5485881762856861	-0.00806498440698093	-0.02718033131662684	0.7840088199126619	-0.003985770415524577	0.21882881064349546	0.7490769241378812	0.2487196387490026	-0.4796392879962375	-0.10821152050904514	-0.13033436757837288	-0.1417055952324362	0.4554840364247898	-0.08807298245599439	0.28671636579319226	0.13934186420267805	-0.30426821822104005	0.5355745881848876	0.36256049731128276	-0.09443095653208006	0.1867269006348695	-0.31076204668396185	0.1378108553506733	-0.8485130959832318	-0.16836916721363368	-0.19827375003035888	-0.01990126109042124	0.3739497398483581	-0.7348728978087247	0.051467127987489904	-0.1972581251161858	0.06842559819966768	-0.18630427884923056	-0.024130760286041535	-0.3121306687920353	-0.07212955225473876	-0.3258032726471154	0.2307608285428208	-0.4230756737231555	-0.21946125921994192	0.26759176242635374	-0.0668056744439812	-0.3594954483594504	0.39510243448184956	-0.3999188016520251	-0.262685827534472	0.17732267764118984	-0.8181567031027449	-0.14035189155831937	0.17069530021036136	0.37148266510739264	0.36862094165544057	-0.08615028750716906	0.6959024748369194	-0.3317736393744651	-0.18840788310580853	-0.29261818598763817	-0.04761626558220463	-0.412791185036785	-0.12975573249696654	-0.323171876628177	-0.38334095524189404	-0.20672772455521832	-0.5741044524073254	-0.11383599476213363	0.17783833677803373	0.33666001977477006	0.2542491180093676	0.08521028022485494	-0.2009508235692772	-0.24490775123676778	-0.3075054489407183	-0.282789462328932	0.029743909559291924	0.22478705707578298	-0.29957181218772566	-0.18016326781028424	0.09650755756451601	0.14525107605895377	0.01117089398360702	-0.3343901660963555
DTXSID9027158	-3.782050283533634	0.5243484811215304	-0.20964501791405052	0.2911808939533735	-0.057058752441160175	0.7816664329472904	-1.214543335197119	0.43858673410384486	0.3980615242130298	-1.4821597711100103	0.30028181212004385	-0.3051504537527085	-0.8423035324088012	0.3129164237242139	-0.36648818055458693	-0.07569461621459121	0.639254574514824	-0.24765478564334042	-0.4655647257575146	-0.7242325067431236	0.06439229110862245	-0.3651322644495404	0.9875976407224883	0.42896661202168623	-0.005726358557950069	0.17338062290593956	0.16186898389222334	-0.1767104928389898	-0.17355445843940484	0.031125982457316556	-0.5110095419159764	0.004738251839397523	-0.4120515778169403	-0.4719759936228103	0.3390093191965231	-0.463287555336624	-0.03795047574202471	-0.08994714683313092	0.12063561821782737	0.33870645232128166	-0.24073367569553025	0.21654242308775942	0.11241278346247122	0.3278435323999785	-0.2601825368816521	-0.2606287017870353	0.09610598618349976	-0.2012385295880052	-0.019951343744112292	0.1528707623481311	0.1983192710840963	0.17534287537599114	0.32956080706878976	-0.1778924699687296	-0.007816352472877614	-0.5356484528754234	0.23696951505146843	-0.1389870760707906	0.13274143837459979	-0.2339982570308355	0.3717359216766063	-0.08301204554778212	-0.48928291676300456	0.3474034671021411	0.4071388206096303	0.23144809160487387	0.4633033229075538	-0.24947321179942375	0.0190004235355091	-0.1217268976146371	0.16089063542427917	-0.20209572595956204	0.4618146991246854	0.32480736380144903	-0.7886989872597989	0.2708157512667498	-0.011266323776420723	0.12144027822374212	-0.042780838622307304	0.07451972244378953	0.28175392352498446	-0.4097828394202369	0.45240979748802584	-0.4852071931412473	-0.09177219497479569	0.01120510148093275	-0.3868245759910029	-0.37969232113263174	-0.13256173115369335	0.21041531606951067	0.005099874819995747	-0.3003485053196329	-0.009664278416463248	0.4811757058587238	-0.17017054418835875	-0.008841098275886241	-0.14416933845671634	0.17684652730742348	0.11319671884431501	-0.23953230496606245
DTXSID1023362	2.8205616346630364	3.4060571840816474	-3.1624971396288037	2.544817905859564	5.450576983002313	-4.21954785953338	1.7633801232244615	2.798750746953633	1.0639829858692966	0.4591422685850846	-0.5759544424860935	-0.74640075121318	0.6776117530768179	-0.6631316732431674	-0.909970306086015	1.937305568758773	-0.6448619130934027	0.35291911684778837	-0.544913990451425	0.4278052246724387	-0.07878459599663	-0.07056741166817532	1.168483393870429	-0.5052112448520961	2.1230764546771463	-1.131420537964274	0.8382197937501337	0.81859837500106	2.2512892925144867	-1.8225371121772282	0.7659731290980557	-1.9395668895713631	-2.850745560756804	-0.39462265782858164	1.953844679912159	-2.046679485001738	0.23587864299642466	-1.4996353661092776	-2.939110240951335	0.1747960905408366	-1.4790797705219594	-0.17774262493584306	0.1390006159349881	0.9567435211295193	-2.391248446381079	0.2661240604741065	-1.7971121134113024	-1.130779178160531	0.6282349503612654	1.2261014651291862	0.2154429782546368	-3.278014187480696	-1.5794655538365194	0.5806472412420881	1.325619630744307	0.8813914557617837	-0.40862205315311506	0.593003914506516	-2.832048984878543	1.2785934985619922	1.0146357694329757	-0.23362102493245576	-1.6086317381842878	-0.9356438039814673	-0.711258604971818	-1.2398095346370823	0.26448932411782633	1.2427259832492252	-0.01597157799500902	0.1734111352168171	-1.6185518509264154	0.7014734674354839	-0.7872306753391192	1.123105689883168	0.48294395831981124	0.853005791092211	0.1116961089656915	0.051529784871140856	0.21851985064894638	-0.9826499274737142	-0.057734111117522004	-0.24816252170194203	0.7921534888355201	0.41008761614052075	-0.6214093234084582	-0.05270661270453183	0.656138618603923	0.5982040680899486	-0.4715731864927794	-0.056698946692749407	0.2882980646987771	0.43221693017912255	1.0306371390206817	-0.6601645229320031	0.3035786195920122	0.6822824705506497	0.04225828835586017	-0.08088593000030084	0.770302794796771	-0.5117428101740976
DTXSID3048449	-0.6308412703379879	3.157484310498271	0.3830418739946198	2.818219364651444	-1.3929380778073992	-0.8190680485804207	0.9316249934644213	-0.045933126281905975	2.007251981672267	-0.3915449672874405	0.6944358412797883	-0.21046655723097835	-0.5833752046389878	-0.9003854352011055	2.3593836584542625	1.4933014160599352	1.788275578969564	-1.1476867407680205	-2.2465932282716086	-1.5846873618614337	1.1913504445028449	6.442280548448677	1.0327302584532239	0.418585076453392	-0.9841634793672003	0.293557659438841	0.5110907441852768	0.38468163977978265	0.9146340440852483	-1.2532071031270495	1.4616632945857324	-1.9587222584705362	2.0353983961961153	0.6126398389308992	-0.9343772624921545	-0.8915047480276079	-0.27509216346643495	1.058040398164762	3.005892058228917	-1.171400041673562	-0.7331970504101853	-2.4120726661500718	1.4278417896998792	-2.6100378410449783	-2.5400101833531927	-0.3957138822697592	-0.7852302370555276	-1.1717403138196871	1.3375629168111922	-2.0832495138624147	0.8195128513872748	2.873593759164974	-1.3958939390617333	0.17421129526870993	-1.9635623329376397	-1.3576992439986253	-0.2751630815280824	-1.4873161877141508	-1.9547641183399134	0.015792551618338344	-1.8894803617171505	1.1762199634974673	-2.345165266238461	0.588670044839921	0.34546620177398235	-1.3857756412099045	0.4445208787454773	-0.6888082869399591	0.9828556641275402	0.7012312490313745	-0.4752998323548906	1.6230509662967267	0.1577161137682009	0.614272298463869	-0.24269792363865367	0.42956309517972796	-0.536758431312275	0.23902388083344062	0.12462217378769903	-0.268970149013403	-0.49874698699216063	-0.006355367478217843	-0.12989810319169035	0.17973274295320332	-0.007317152428962566	0.15040101136785608	0.12260132727214759	0.8966041273650261	0.1779844684829398	-0.5114792855848628	0.33348461132526314	-0.6350005398845953	0.38375246682803543	0.4462742655815455	-0.16779188565770597	-0.5264191859084943	-0.12240597682073019	0.44774470117928117	0.1691898957511609	0.4032832464815119
DTXSID3025461	-3.9206423152774796	-2.308930675685294	1.5822316827545706	-0.5213315817411346	0.7138113635011646	-0.7570063196832776	-0.704273303151646	-0.17701994114622102	-0.33194547644599226	-1.1733296239504838	-0.8686702632911169	0.017344826500688172	-0.7178731253942638	1.5903995814144274	-0.10067327946274604	-0.132704425785079	0.7119503212288043	-0.1018266933762005	0.235513203310503	-0.7685748228056467	0.45370407315893296	-0.4282828339588271	0.4511293656848839	-0.03858454427164296	0.22093348079839317	-0.41283920250353506	-0.8849178481680495	-0.2357593739721868	-0.015619385828900467	-0.32930827724739353	-0.33816917510812017	0.33679208918892023	0.034813796660867	-0.2846780628981878	-0.35622433091855527	0.14195942411781048	0.290323154523694	0.12992869160016315	-0.3778336564176079	0.08408817369425706	-0.22044808745245167	-0.24310912643091856	-0.38539340389502924	-0.17907616406501245	-0.518100435843501	0.04164577581377623	-0.056703491096827346	-0.06592865286956869	0.03662143858704393	0.15010630721122503	-0.042680399430142124	-0.10691192146697481	0.08790950334569303	-0.17271073140867474	-0.01872478994949173	0.2239956469033853	-0.09472319446051794	0.07126699276581158	-0.11879227687207249	0.028214599134923916	0.06048610845154311	0.12348375239683114	0.7439877620336265	0.38723598580865465	-0.24755926849296053	-0.692761940049112	0.18005743712632796	-0.6427455358638762	-0.06972934640503396	0.9107129417742856	0.20505438722346186	0.04697253984111563	0.25731708335232273	0.23606360055850292	-0.5552423389655625	0.31663216135248273	-0.3678001361968069	0.36277829212411394	0.06804352917736396	-0.5457925232823477	0.6429229244875878	-0.19070481641356146	-0.029436235201543273	-0.24493431082988223	0.08574109959073503	-0.20066052390396089	-0.4465916688322696	-0.7435798839469012	-0.5216854081529744	0.4642500148481145	-0.4120503563560556	0.6067842121722876	0.20129264973055558	0.17436700727539936	-0.12179044138718201	-0.008268148551762512	-0.3371320888700299	0.06741291565788111	-0.1898561917312021	-0.21002193010095335
DTXSID9023255	0.6469120261779825	-0.21884308726503768	-2.3292100668522093	2.5081018918349107	-0.049965114746740126	-1.428733353050708	-1.558036555160647	1.7473480481850587	1.1558462827607148	-3.18107136605486	-2.740659576505898	-0.7575626028592564	0.22488094618100063	3.8957882722675783	0.8484415209437578	0.10733401425681362	1.1761400218178322	0.698518373989777	3.02868432811015	-0.6981119848550069	1.0387979361090036	-0.033806279986550364	-0.7799626431312409	2.150014873035029	0.770818282824444	-3.5994854110903067	3.534255821485918	2.997258315129226	-0.1508452896080535	5.373455788540474	-2.8465160923280943	-0.9534600497571694	-1.0849820413165103	-0.3194307743983038	0.7478759544766229	1.5495388547549194	0.04346779523858291	0.3829569810670525	-0.20183456301112915	-3.102624099600514	1.4431187826125849	-1.2373907277637382	-1.7230895653590388	-1.5915284760907908	4.332404482937454	0.5591774682066168	0.36606065746666844	-3.357319603263806	6.625257081740251	0.9928790414417517	1.6186803108379477	0.1475169128522266	-4.13776463320758	1.3107103388029344	-2.627082381974723	1.2247291720463809	2.942961500730185	-2.095031988555631	-1.7897579137526756	-1.6078645638940456	1.4694462221688445	0.39319224307262796	0.31880659218656177	-1.6875302091552906	-0.09577580180733322	3.8357742379834323	-1.0778926406840539	-1.4886380487265443	1.1689581210345514	-0.3788139769674264	0.45122188294718407	-2.1119510901428065	-2.2566531759916058	-2.806905647014838	2.515536242119646	3.923512221086433	-0.8736087116559185	-0.16682018784901906	-0.5232188082865047	1.9776484816479711	1.014150139698323	-0.6100102366759349	0.27167644644474936	-0.8381899334445444	-0.6171093632629884	-0.7036837557119674	-0.9213542839705956	0.6599637549220715	1.443214635644451	-0.32534455390539235	-0.8046119756058089	0.8127797724167254	0.6076714278391087	-0.39272037608379673	0.10195753292271528	0.767503149867198	0.22909682566789324	0.04657658436925609	-0.26467071911343465	0.042275173256645406
DTXSID4044953	-4.682089647003356	-1.2126084089883873	-0.7732380022169695	1.572350686861211	-0.40555800813025455	-0.7324381313631296	1.564427308746235	-0.7007980128047137	-0.42144138552320104	-1.0605132244511781	0.6100991849935583	-0.18727707268345364	-0.06825490688357706	0.057605544936585915	0.09202276543867384	0.29554448314445864	-0.6599833344680042	0.4224915881054349	-1.0989230902294835	0.25139410086435243	-1.2662932116370689	-0.678213796249836	0.608995761704223	-0.14796306636016068	0.8030275558710693	-1.135579585569158	-0.3522613666169091	0.09570711388466868	0.9451558082721723	-0.9126328346527702	1.5001771676512035	-1.0164310675065837	-0.7445024728997013	-0.4674348860052164	0.03239353103895022	-0.5510221433428961	0.057020393473555225	0.35652802349932733	-0.8170420789519219	0.4963841312139507	0.610945040768506	-0.16378741595654567	0.771915219312307	1.2495935394546842	-0.6441114080385092	-0.0213602264019629	0.1321468734274981	-0.3476260445241281	0.5186809609166223	0.5169114786222635	0.18622936496597303	-0.33221847406670796	-0.034879191521029584	-0.32254667788715885	-0.37693907230174456	-0.9447813027272658	0.5280518868328218	-0.65319012716098	-0.02711536115641841	-0.5671424078937443	-0.3120698480630495	-0.4543069266352306	0.20730343351814084	-0.13209864059721893	-0.41400539576993417	0.33102958618926326	0.3171878999670706	0.07386910073541574	-0.06960808519602986	-0.6650600950176458	-0.1214529672468508	0.21945521285293526	-0.2279304253513366	0.1327348497112367	0.054041673955616626	-0.06056982969248679	0.10336886318532318	-0.1534096827590096	-0.1182873582150539	-0.09550621477287184	-0.4831335218061374	-0.23718257186958977	-0.0028093452036326827	0.08018880443255641	-0.02409820409657873	0.32343973433786743	0.30746639541022003	0.2093909527533709	-0.05916632015297974	-0.45878103203134146	0.2538648020142203	-0.4083314843000674	0.07568796309789734	-0.035299663241451895	-0.05856937998415064	-0.16576796171117297	0.07929127947375975	-0.27384870232389746	-0.03234594812644611	0.3684297002685073
DTXSID2041206	-0.8013337551818438	5.104599342603039	-0.33210058367443496	1.4186262796853297	-3.0407881585959338	2.422115703364541	3.2722275854157172	2.2866288570056565	-1.2725598432297665	-2.6205795078353233	0.8870404002559847	-0.8348171055097193	-0.08947167733168905	-2.2272968345795965	-1.2592159344707596	-1.022799203650531	-1.5339383374538884	-0.906872875273445	-1.5397834744751893	1.1567072848511368	-3.019983285603157	-2.3110000576392506	0.3239449729720847	-2.0561131856312	1.4504306117712342	3.795654484704839	-0.22418141218612644	8.797529232940857	0.5187863501684674	-1.979319018584558	-1.100378160911809	-4.644829575785118	5.927455814779706	11.817895298678506	1.9070470777411634	5.276272785232798	3.0076371182567825	3.2486779709952667	-1.7795672153040796	1.8402950699059768	12.962971170583671	-5.393593499954934	-5.31023294442982	10.02762064986289	-1.3078912024758444	2.2488087078444763	-4.8507831451008565	3.9395520864722173	-3.4213567832880845	-7.4869495386559395	-0.2770856529563413	-0.8702932997409756	-5.581821462073963	8.79454625050514	-2.7948198837095837	-0.3074631269960069	-2.1685413026150417	-7.547880446125231	-1.776149472425683	10.926419501015614	6.81938547521735	-3.223459179107509	3.0947280729113893	0.3657557666714744	6.1158268189287615	-1.8457279178647577	2.5517207700670372	-4.404068373812705	-2.3564876245352773	1.920692746652874	2.605945954221872	-1.0688766210385476	2.350898118543273	1.3411793504229086	0.02353598580786041	-1.479785096446882	-0.3230373183137529	-1.1312233486191383	0.17046025808470835	2.6649363584550194	1.1368543006661487	-0.06941368106576007	1.6079367949043453	0.10862480345800644	-0.16107282503708015	0.44173220339031105	-1.4833768583453333	-0.5573245063144177	1.1999108804950487	-0.46728120095579445	-0.28972771587857626	-0.3140331195394488	1.51614872933107	0.5625995138500087	-0.7924293527355624	-0.10252762770867646	-0.4217096000600132	0.3226365196473304	-1.4219048310616849	-0.017075908357110144
DTXSID7049213	0.30899689224071747	3.240970234275687	1.2175031639418115	2.1807292536688094	1.9603541738286907	1.99698809207046	-2.7929324136002656	1.537077245180844	-0.6587537094130144	-1.4566113442523982	1.0023043016336437	-0.11810956466681853	-1.1045245111739195	0.8041542385484602	-2.4536390230685936	1.359608809228604	-1.539023173026121	-0.18927274355704685	-1.485260206804448	1.7876902127755077	1.0852412897285726	0.02436718259873109	-0.35488414365627996	-0.12654759242949687	0.2836983224935438	0.01838063868564204	0.6651720471925189	-1.0288859481943282	0.23641399460125337	0.12464945882855337	1.5968024791299793	0.321755999818892	-0.20850203208448448	-0.2924016655874002	-0.10905300690239454	0.4049146475755842	0.10153934329353145	0.3921478173672389	0.10090423914235078	0.4004937419377996	-0.05887206516627622	-0.3382681040982043	-0.5338992582024358	-0.25992608462551253	-0.3781720303379597	0.8578154922183077	0.37628897429094477	0.7818424546005204	-0.1639747760680132	0.37716562303737944	-0.286921328901156	0.5163824963474263	-0.668453312100897	0.05356190095210827	0.31036683515820634	-0.10364438899315409	-0.3295491763575235	0.1559572255604385	-1.4197599642435303	-0.6806774799866102	-0.1607978501749353	-0.38316953238582646	0.7456538335779953	0.22454838401402483	-0.11547596221613478	-0.8636661787334091	-0.16007374178070624	0.18478637894744285	-0.868789451583293	-0.17205282950557402	-0.1688604317430384	-0.017687270013432933	-0.03429497843401732	-0.3652491548097259	0.8442966143444155	0.15271557023503757	0.6050251069212139	-0.1489709355275135	0.344015950146297	0.8029364248554649	1.3654967669606335	-0.4708769365120036	0.27673624781435247	-1.1389399491333634	-0.3046953567171261	0.056315677234987656	1.0079279206302962	0.9847850811131668	0.2961070636719161	-0.017284260529821228	0.6275180876512085	0.27652638521361245	0.15906451781840902	-0.5577356083590433	0.5275481305275402	-0.18466915859394079	-0.23794316771408974	0.010686515422208118	1.0457961385811632	-0.047203979371938036
DTXSID7042198	-0.8047643021362848	0.9892289048359906	0.20857075280306678	-0.8765514743038173	0.42276186009819916	-0.29721013879657615	1.0536532406343928	-0.9831402770507854	0.9844472069814835	0.13529365696301004	-1.0112675759502296	-0.7802544987109834	-0.34797111248482154	0.09199815990554797	0.097079080642165	-0.5612064696244504	2.657357089958592	1.3460795281714055	-1.8205395912744469	-0.6861085369493963	2.203363294547173	-0.6938103766397823	-1.115274788373323	0.6180289796300297	1.3326020393959581	0.7108779784248572	0.8778765545696436	-0.6016606773554649	-0.04390488805050025	-0.33094338772808296	-1.4472389894114657	-0.23520540976084783	-0.5151092084152483	-0.671476448089579	0.08891103861644187	0.1978638745214058	0.10590608029417918	0.0265317953572281	0.10024194818436474	0.5939884527508232	1.020652542886512	1.0982656557230117	-0.22761955908911372	0.4613705130975748	-0.6258821270447718	0.37630583800090894	-0.6910128690730092	0.26046895461167247	-0.05539222928433342	0.0680332740387303	0.018736722270052224	-0.27791828166172516	0.3385898878307671	0.19551284041310374	-0.47664396572098333	-0.7733701668039672	0.13547778206187075	-0.1346540429212566	-0.05012630448238882	-1.107201336675237	-0.449027182480224	0.06147316165614016	0.4025235692083685	0.43767934550010207	-0.37435421073253566	-0.8921211424008536	-0.05186625302313973	0.5746322088245919	-0.6167140990112707	0.24019721773844455	0.6372947554825698	0.6372725783946397	-0.5406544579696624	0.6934164594428196	0.7753552448459788	-0.0337632331626901	0.2903646944869491	-1.0946193956050776	0.014899349941464477	-0.7051533403209738	-0.0602162545709863	0.192237687394753	-1.0682347579981777	-0.20102914348674822	-0.42658035930270677	-0.14674615248655334	0.21849477795817993	0.5589479201893707	0.37536972003395896	-0.7419174916418804	-0.3696469340151917	0.6937526558114954	0.046527749603964615	0.05389893383740406	0.05695542235772575	0.274041310935333	0.0716492118524769	0.004157413463952606	0.29749756019168994	-0.23832731408553656
DTXSID0045460	15.36810483495023	-2.9261840463112065	7.910659919122591	3.9457743414653708	5.769650773475791	6.470997798352529	-0.7975449155703477	-0.3006049386109646	-2.827301081922797	0.4363531959836539	0.049269875860738964	-0.5555943940810414	-1.4602131097730147	2.111039192089312	-2.2490940581994376	2.2491891468336984	-1.3188921642549667	0.40975609884325503	-1.9030338784699976	0.4383133075386165	-0.2624682400418364	-0.7727364387191523	0.284815165961614	0.7181275090889921	-1.5857388594118553	-0.17784680456970003	0.8961106874261588	0.9075408809025154	-0.5944052321404069	0.5482356199099695	-0.7759849875988556	0.4483928078579892	0.8067692032120305	0.49769380341100156	-1.475154406701315	0.08569025340382017	-1.0743934485055855	-0.5310410783887785	-1.351487595288034	-1.54155579049522	-0.8380263315781022	-1.2462352830482617	0.8708163219842663	0.5942032377495925	-0.5793217935917775	-1.0611757590580169	0.4830305652419315	-1.76773809205171	0.05297428934808127	-0.555164023820317	-0.12225751538544213	-1.2830047508004074	0.5764346758667095	-0.5985617405717256	-0.44949505930200623	1.020854130978212	-1.4996059293728854	-0.5291690271467869	1.457401028781925	0.3106028174232263	1.581278392354082	1.220897296959921	0.35530337110575794	2.0364995943037094	0.08711567416133935	0.288605789516381	-1.2434650270901746	1.2463787462451739	0.02288451530393582	1.4916173419395482	1.8881497370705547	0.7372667509229898	-0.011163963529941284	0.10258065478738079	-0.38044184537813286	0.2694858347307919	-0.02951899389196662	-0.2003940458237435	0.5020235662238662	-1.365079511301144	-1.2047809539792242	0.08284586987089844	-0.6583925543935405	0.6452902811954893	0.5151085426366259	0.12277318559389193	-0.9076254242638092	-0.8908888240120587	-0.6512953088252351	-0.07750711882397814	-0.25628525709049094	-0.23078210792787307	0.5421476390232224	-0.03122379048577641	-0.17095056026149114	-1.3560811722063368	0.5744140539140492	0.09217440099498478	0.17603991818601686	-0.574981152967489
DTXSID0021333	-3.028264185679125	-0.9031867877555453	-0.1843546087682993	-1.8730479382404428	-2.5929191305398076	0.5848283643220221	1.301292880045794	4.83105058204277	-1.684930823388187	0.5287651969090609	-0.13035919697589293	0.8450515637982462	0.030167404859848732	0.24790988977959222	2.1646226556785875	2.33987810910147	-2.772605395875174	-0.38187487741165227	-2.324224675563844	-2.2453833010569957	-1.511372160823289	1.9279951677319251	-0.14031741535908585	-1.403477188820413	0.9464466596538909	-1.9837190873643573	-0.17825310655176851	3.1086968672744004	-2.6834336719662284	7.289281784296916	-0.17076568804231343	1.1928641018308512	-4.4635818149452895	-1.1064527327771772	0.30238558932291826	-1.2128646601711597	0.4628515601858137	-0.5767146686858057	-0.4111503145125527	0.4353493770158976	1.452470685367075	-0.36937731285684305	1.1087444082632774	-0.7067466144006629	0.19362067999846105	1.3383152256194082	-0.4072141316561372	0.4972533650761259	-0.056785137900181845	-0.4346028357014184	-0.2846653388246459	-0.5727057420876803	0.3687469827755844	-0.8661716996386206	0.2305012353460468	-1.6232840324919	-1.6606751660976573	0.07231470099109401	0.17602332293285355	-0.8850505778206138	0.1432181825258762	1.1639166235669953	-1.6143827224956016	-0.006244904915075425	0.9511445916148726	-0.23308988171918762	-1.0715196086548906	-0.6333478627354096	-4.761882729882042	1.1220432954833368	-1.0920299884081595	-0.8826261589967425	2.7102443103115643	1.9856621183617476	-1.8325828489614948	-4.941969421066809	2.7762591083257586	0.6321348312196784	-0.27027627591840453	0.3161244579362043	1.0151329406402472	2.6693265626890312	-0.2417323141471688	2.0697245916124762	0.9264118441844285	0.1710854347532236	0.22252372008994184	-0.07787681796362685	-1.0263093796668188	-0.8690294579990979	0.2763560039552492	0.8174165872555762	-1.4663258446733916	1.1074616041843381	0.2189833110481091	-0.39290264145307674	-0.0819546260415407	0.20569577309797968	0.5172161950762898	-1.0442641389486418
DTXSID6023652	-2.9240105837307504	-0.30426890221510544	-5.853132815672604	4.455408836088672	1.1008483566872918	-1.409864600982609	10.359232581806523	-0.9938428696310716	-3.0365820021831693	-0.6977924714045453	1.1445691222557286	-2.6990808566791107	1.5848108900973397	-1.1076915194011163	-4.523129143779611	1.2424911977923843	-3.3168408171422388	0.43582153503809895	5.397805021017448	-2.4185081988674226	3.788872628678229	1.9505454323817686	-0.5162103061033583	0.6130277166207242	-1.981551728763438	1.7875078277218628	-0.6133401322393653	-2.1603163063296553	-2.0675208679936863	1.064073104608471	-1.0461519146929088	1.673636309279221	0.4237120095414058	0.22032777190785205	-0.8443092060911467	0.161089910373357	-0.2416717343616535	-0.5296704008926056	0.15555882841623628	0.22739575690660188	0.5655822351561504	-0.5011104605453341	0.7565067850755036	-0.05046462819284385	0.3740656850203434	-1.348040716235111	0.19994962106563205	1.3466811496434141	-0.40167060992873754	0.16268623456936016	-0.6070648321747026	-0.0390447338886288	-0.6716188993997857	-0.190156667923721	0.0001989296907532393	0.12344871179301634	0.536226372886492	0.21829086848695609	-0.13457547914782733	0.0644555727463273	0.1563615068572726	-0.004838233336111652	-0.29549216885485746	-0.019934070750574597	0.4990778005427059	-0.01738550264947523	0.0346184050435158	-0.27923163696007197	-0.13583523674826326	1.0414604393626217	-0.17583326167063565	0.03514862648797386	-0.03337614061588841	0.3413101987401714	-0.2043655108511933	0.3496689073422907	-0.9848368422057929	-0.3847406141387706	-0.7212001366518215	-0.4586209751344282	1.2954731837120348	-0.2068490094587535	0.13939339398688838	0.3767035641869394	0.011173502039588319	0.6001524683287782	-0.365372022660162	-0.16902400061953987	-0.30183503770126163	0.18758271958080483	-0.4453657230045973	-0.03166151785529108	0.15104662138895433	0.6497780716540126	-0.19413420958395178	0.5703842024055813	0.582667673688864	0.043130761868666254	0.6711527495790998	0.5907353626584797
DTXSID6049272	-4.251723268107008	-3.4456888253490026	-1.7077217517977112	-3.975885681583103	0.8088857264396909	3.2129563647685466	-0.019658189183880643	-1.9455169340585499	1.7892478202217077	-0.63077477424449	-0.2797511420365722	-0.13259171559238603	-0.1412017462148018	0.8265050778017434	0.26680929986474017	0.741791069601552	0.20667024664618155	0.41513260575841515	0.32253959741555666	-0.2604975385717637	0.3836343162859065	0.03016547575780985	-0.2715278920433154	-0.47022482154728934	0.5138813761458499	0.39133763975007524	-0.21788206217746112	0.4330036835085723	0.15617115346583188	-0.26131886905771134	0.8450940478649864	0.07011265019800283	-0.41884874987651394	-0.27128440486431715	0.18491704263361292	-0.22446455904504375	0.6421800453861507	-0.02455259531704797	0.2793128120158444	0.4601998360095423	-0.1888197762845921	0.26095351284353996	-0.1911985693863758	-0.09498764894366453	-0.1641084924526702	-0.043135655167798846	0.11267754921927227	-0.04544510961377132	0.13052398350945854	0.18545086555603488	0.04115753932063534	0.04392913161955244	-0.2599466945229182	-0.01292636421634969	-0.0003271036726498552	-0.11177275675169104	0.09805140481143686	-0.20114020108283187	-0.1116948025068344	0.2067877915197414	0.20905956413713422	0.089415616752351	0.4336855050195196	0.040944752124356845	-0.2119250323661987	0.14781309005635374	0.26297014839588995	-0.7941739610220218	-0.1216274226675859	0.19255113315704567	-0.2327073042903749	0.3498080445798918	-0.46906684605259674	-0.16555972949425315	-0.24934585413458454	-0.11095090756835228	-0.49413181484556445	0.302105661574438	0.03788776759339888	0.21747300606491288	0.3704884581049002	-0.3931669906228285	0.1637334062928972	-0.0639567951987764	0.7930164747635968	0.17185146842525623	-0.38497887462754415	0.8120182870341769	0.13504221803514926	0.44558340835538257	0.5517110141843189	-0.9745925123874476	-0.009153909921713808	-0.10752914644655406	0.1034340349673203	-0.7260881349373675	0.4924941639992889	0.47331565626994226	-0.6987924225205341	-0.06275101609113487
DTXSID5020946	0.9866262320364966	-1.994681476867724	-1.869021697815123	-0.11505549903872811	3.937868087666693	-1.222084667994659	-1.0206513169185918	-1.0067144264662367	-1.1194185182722962	-3.11879049534443	0.38677349965298685	2.779544705312633	-1.727666204109129	1.018596200810956	-1.496883176583625	-0.2889676506298018	-0.32860112399727526	-1.5226501533715102	0.48782170757768983	0.13566604411862188	-0.8207659180561117	0.08257084563146559	1.695918975393115	-1.1847263791025373	1.1786429307802222	-1.4296860176890898	-1.5904599878729084	1.2496785375958208	0.3275948968540678	-0.9307505355721656	-0.7149495150754688	-0.044929024787067784	-1.3612580335113396	3.17457918400201	-0.2662300778048917	1.5722030672548883	1.420213379378149	-0.2805103063277899	3.0867423563476404	0.19304434270299498	0.018517074560377524	1.531976614796096	2.7385187875236934	-0.9853326485875833	2.024203785826788	0.30574645315993426	-0.15589063817152612	0.17279047474238635	-0.9366269538285672	-0.7988302967679648	-0.3112340504545479	-1.2596261965325781	1.3910718256046861	-0.04200101801655928	0.08815412992212762	1.401201406289826	0.932832518379375	-1.483433952002314	0.4826267684359732	-0.7768016240785176	1.098131308710596	-0.25324071694998646	-2.1139893662323423	-0.273220388383665	-2.8570520461463387	-2.077654713533842	-0.9244941781876196	-0.6386038324601968	0.43968047702042523	-0.3163893473789294	0.5105187476563813	1.2187180130958009	1.140990515517416	-0.28180498215319094	-2.8691255611388256	0.16026466739197173	-0.9065970021136031	-0.1907120437325895	0.446711440266604	0.9005476581815878	0.5147580886555104	-0.6703982937166971	1.2631052652374317	-0.8105462294492706	-0.47752013567834733	-0.12467555313930063	-0.12845759580657776	0.9006711367942309	-0.5358919045847461	-0.5980150374463148	1.0701821045840378	0.12123212175188618	0.4404605662591636	-0.8145498674821583	-0.33319010537431737	-0.3930685163603895	-0.6275196201186877	-0.23524907101643025	-0.41956349559519246	0.23919340089578978
DTXSID9044950	4.593666804013519	4.128811160587439	-6.992773774775945	3.9909937670576623	-4.816174423968836	2.2031853741299607	-12.628662554896076	-13.404893382155791	-8.860004821076915	-3.74630015169293	-21.226606625266385	-1.844085800818011	25.16339054714541	0.46360680533931237	1.2360271269498357	-2.0972483295645774	-10.541412257835965	-1.234970452118599	-3.907333417507101	4.5665358749251785	1.701207643624323	5.745303830017591	1.7900850085728837	-4.277133427897358	4.745484200727745	2.8672615584799104	1.5890585881887416	1.1953674115097346	-1.9087107686848706	-1.0158148569631773	-2.6848937151635957	0.49811104210952467	-0.9355842761068267	2.0803433155532	-1.5640828691344322	-2.672723474092849	-4.210744448055968	0.6463936458061624	-0.4828209273057015	-0.655777377469492	-0.09162626850741493	0.5501028876491239	0.6578849175893046	0.007159629274389335	1.9366247733287236	-0.9573181048301056	0.34927242070509296	-0.45815586360919874	-0.8016365195956467	1.0101868117852109	0.3957970867503067	-0.9318219476379538	1.832781817126165	0.8382930524581121	0.3129841374964884	0.33744644114515493	1.4734731322548014	0.38811361960917556	0.6555892097449638	-0.4770718548635677	0.7063048608327857	0.5622464363766986	-0.7783958723895433	2.0373937327117475	1.4225073345527182	-1.047761529864299	1.1820980525491442	-1.397032706470745	2.8052666236865362	0.20657278776551757	-2.242070451279172	-1.6687643918479693	2.226341005967308	-1.0421686319370493	-0.9212156894475244	0.635265716755816	0.6271485822103199	-0.6624671917967276	-1.897089863363406	1.7041161425371592	2.0221248284518625	-1.8513433269526687	0.2149817286882662	0.3428757167032072	-0.2989791769414634	1.1110369796174466	2.039469545136373	1.482994024085821	0.6425125135421106	-1.4631427005090738	-2.7838614297637294	-0.6829891758256846	0.6378711280219781	-1.0428200310435958	0.677745027527361	0.8267981005586885	-2.2811708915899644	-0.8456141632034808	-0.9644396798405286	-0.24618085713614868
DTXSID8045561	10.621468538742928	-3.868825205701757	-5.692434326726618	-0.8642629673152606	7.192546594274831	-1.185538367619007	-1.5154864513412358	4.048324834723621	-3.8833472051882953	-2.426175953294126	2.67557855193091	-5.351709159780291	0.13914594103404687	-4.359207132998138	5.796286118548077	-3.7639960370061356	1.6959748187229065	-3.277173676364813	0.4614783238550098	0.5949960544642853	-2.9496483861973184	0.4252530334583895	5.598464182288456	-4.042217249642517	0.8231721178326344	8.344646521555543	0.10144743919817407	1.606291820024407	-6.500232370208023	5.694739632487736	0.2811099647271707	-5.892836661191698	1.9823914445771214	5.704041685664625	0.10320252849848008	2.0310549018721398	-0.01089169751869298	-14.389239685673738	1.8984062027935926	1.4465150305637835	4.105693075863033	0.33564658131498265	0.8341493998894293	6.064766155309475	-11.659853440931537	31.436525273138198	5.479617104576334	-8.344002227552314	3.1303459849056137	8.892415999735958	-32.791961465049866	4.7149041480705876	-18.892522470771283	-3.139071996712998	-18.550891393050822	11.345762403512833	2.983564766197166	5.577485620946216	21.05958725434576	8.261967270006052	2.3712148489868756	-7.01719607870259	-2.3369506772086184	-2.3597084440125116	5.753318328654933	-7.7571706333584345	7.142197355523225	1.0696626869094135	1.8361427496237968	-1.2647969971366126	0.7034093017959497	3.285558592817118	6.256862434098347	1.741142071433593	3.3035468254555833	1.3654087227593734	-0.256540393114352	-0.4304100014129678	-1.8637622527748272	1.744602797059844	0.2628674860956501	0.13562414598879732	-0.11334140404065195	-0.6537685718644215	1.2297090997190223	1.911920814930131	1.6594411409193892	-1.0801203226056184	0.4050659217631782	-0.18806253542741622	-1.4425003344484966	-0.3871139535969712	0.9531438318945731	-1.5652662295911846	-0.9489075424438417	0.42968366758696863	0.437974367997415	-1.515967501307185	-0.13415094384247608	1.677130770884363
DTXSID2048799	7.764983281147634	-3.6336798507056223	-3.7582598472827744	1.340623793085511	-2.4747035999193465	-3.0581710165743776	-1.3328050052909683	0.5146191325612831	0.9019830667661815	-1.4008488446560836	-0.921349606763166	1.2582269259539551	-0.01392592454841551	2.509609889798439	2.9333296050213047	0.6448292144857074	-2.318454823965611	0.736555249472883	-1.1399934916944925	3.146441466193362	4.053882914997672	-2.7810876983563757	1.6707381080209984	1.9443014990695904	-4.25394567393049	-0.17927237833103815	-2.797047247630158	-1.296401404664623	-0.7073380511851198	-2.2037744466066513	0.5891320221849489	-1.189327819493682	-2.0673829972768685	-4.654636131062932	0.9878984047532439	2.4676943087785026	4.584010502007899	2.2954888182606794	2.304758130760674	-6.817875501804193	2.27774022936383	-1.2190559548413407	-1.667544645271989	3.3827586831970504	-1.0626184272715926	1.0364427682424981	1.7116139125209244	-1.3872409758214774	-2.631613095339849	-1.6521383063541835	-1.7824621858000718	-3.4139931727650694	-2.4208496682234446	0.8117608833044565	4.271480506648085	3.2366085427402678	-1.0268929572233603	-1.1846323018295788	-0.006562690610285119	-3.1350820932868584	-3.8317036229837704	0.46247783393765424	-2.5685826013046196	1.349394328874857	3.0145661873997143	-0.16978142032752747	-1.0449075131130368	-1.9796602207771057	-0.13509218623222397	-1.4206864427067705	0.29842039766926953	1.5868819672182835	-1.2637066093348452	-1.1361124989589237	-0.8089562308047964	-1.2318263500069433	-0.83756903733048	-0.6777734772474963	-0.10310919593838638	0.17726399867126774	0.4162865535853054	0.12396813555393967	-0.9701912356374797	0.736200387328967	0.5374276149254882	0.22283423857122114	-0.39810004859561343	-0.09814571681256289	-0.35596935927045503	-0.07652659023700177	-0.5935672780589651	-0.10191020130617873	-0.17875967411928625	0.12351273645456678	-0.42113789702854776	-0.10818843674648701	0.7401092104790233	0.9335256347133007	-0.5307898683609348	-0.20039780453635594
DTXSID2030695	3.351459375003746	2.04742745384317	-1.9784284038986975	3.2434419032415467	0.30182555062521216	0.9382203968208166	-6.198084231393793	-4.69357928808146	-3.2912822392901817	-2.107058220935087	-6.535874978056901	-0.8570585401775402	7.2490046717941965	-0.07592544671139831	-0.759915055176652	-0.35047084884346863	-4.393221487631177	-0.8439640738388131	-2.427604545364903	2.3056407751983734	1.1275416359322477	1.954184368336091	0.4644404910215163	-1.4112384206241835	0.581803202163468	1.7905107592754097	1.1193634437519624	0.3401184657047839	-0.9018627306143902	-0.39358871709129756	-0.3890350195656008	0.6763231235759966	-0.19839126919774316	0.09764747547774932	0.3792441359020804	-0.41191531459685843	-2.0520349395318105	0.7124373082617509	0.23954981997139924	-0.3396246067306844	0.5319082438655944	1.0360883916577979	0.15384999757280624	0.3451495408294285	0.4629912807444418	0.037685280445985084	0.02087452477430529	-0.3708468918529652	-0.5471399099250343	0.3488700027426129	0.1822273493970289	-0.08677876215481048	0.4874596415706745	0.5638550570303096	-0.42752733951365224	0.06958682923056428	0.878175799477971	0.40075701628633603	-0.4337440064924767	-0.130567386029355	0.15824103842651224	0.4302412529613734	-0.5875158692390595	0.40188340705744385	0.5207937971676092	-0.6617548946518239	0.4141669707688293	-0.09713184609264787	1.3542786841335523	-0.5499525175310223	-1.4602117253228886	-0.4287859150058949	-0.022211690842453655	0.35742246648877574	-0.35804527784412876	0.20333419356811958	0.32871239990432966	0.7579112311366956	-0.3418804140646417	0.23938993776475587	0.32522988213296916	0.02046140022692838	0.40382624677201623	0.611599454147946	0.09521240958060397	0.6471043779271558	0.4550765618761891	-0.33373573431589804	-0.068533898674085	-0.8934888199374408	0.44803708044403473	-0.3643832176030697	0.11214799714175512	-0.6377090671159198	0.26155610073783647	-0.6807767995264263	-0.8329126465387738	-0.4294272236266268	0.7032303443968523	0.4397193734834357
DTXSID2020262	-2.845072057074422	0.22687589658078813	-2.662187873950189	0.09143974666795186	-0.14030838233574455	1.4609802055780705	-1.4272310819403338	1.8423440976144667	-2.4333930451939554	2.0381127318783667	2.9047515455543778	-1.1987892444791566	1.0403887237265692	0.5152838273667036	0.09143679600660463	-3.492013919106318	0.9218559433851977	-0.5393956487312007	0.1354617035250676	0.4780913543902585	0.9160456388722055	-0.14092687037684015	0.27626463501273063	0.8648887332101283	-1.0365688995643385	-0.6994681698392663	-0.3632852894779021	-0.5904504930521297	-0.19580904086356762	0.11085353030506519	0.09028684674060235	0.4586369891016686	0.4128235942965593	-1.5618163710267863	-0.770324349379284	1.1936150980329672	-1.033313033362753	0.7072748781776944	-0.6872826044358584	-0.16694587062459693	-0.010112080144903706	-0.03616253578696687	1.5696684169661264	-0.7119493675205487	0.01572491134287792	-0.3482415216856082	-0.7104445310990817	0.8871892707479592	-0.3607809224196747	-0.20521304088322667	0.10052604962271122	0.7825940606105583	0.19524453734049832	0.42040869642174794	-0.1570732037392902	0.5859465234862429	0.012090044565469542	0.7343450092421377	0.590061862841857	0.12966281344314462	1.5382652064574023	0.7044653281645027	-0.7983677684840444	-0.47691668707252954	0.7729210858294534	0.4609226429922715	0.45783397281959265	-0.20309833883489672	0.7375544095470106	0.5625532017002618	-0.25881967300238395	-0.1260338293718469	0.1433209679086326	-0.07137795506491058	0.0006482164867511763	-0.20467094163839278	0.07624519192085556	0.18594131011864787	0.05480403581165121	0.12344843475249136	0.08549630304765621	0.21964824160007293	0.5290809040512301	0.21859123760820914	-0.16184704718725623	0.20889705962030733	-0.08416617302388489	-0.43909580007164284	-0.03939745345337316	-0.4630637028865492	0.023277336350550626	-0.3292854510703069	0.24739181977697017	0.06837189249315563	-0.24231731993152847	-0.6185407431072761	0.010238828618570965	0.010342592881243876	-0.1471047753752327	-0.13053490929267858
DTXSID6049359	2.726143399190989	0.40695181635469435	2.8266616889927403	-4.632638759029546	-0.9107290869355336	-3.888894667888714	5.1778316462133205	-2.4849433435963464	-0.577403985039364	-1.0078591154242427	-0.3877853570308402	-0.8219334667403831	0.4041855853789428	-3.347537225279749	-1.746875736273645	-1.421252539300482	0.33335526101001384	-1.65818234963357	-0.6769492399460765	0.804243893542965	-2.062626229376811	0.011544361551902188	-0.5025238972823804	0.565766516219181	-1.7810262758528834	-0.8441477622564292	1.831103144112661	-0.9257322854696036	0.12439127142305124	1.4361589768691736	-0.8863195823438272	0.7287127124135623	1.0100917576611532	0.08881563536388551	2.0732454387884363	0.7654946037704325	-1.8555180169897088	0.3938263803760386	1.087329251853994	-0.061536713883564846	-1.1430192682779798	0.12959533500969528	0.010447573462449566	0.4864970561017424	-0.22949989169924673	0.25509576182833815	1.1594285897305783	-0.12451693881751558	-0.48383451339840516	0.19582553786461382	-0.13343839112508923	0.12044198508038251	-0.13990675550724113	0.27904364420836125	-0.18866217519218004	0.9246972863281051	-1.2112356186043494	0.617718335342753	-0.9294570025570352	0.6658736018739173	0.1850020223924281	0.3617705402724205	-0.3749863775328017	0.368133642895189	0.6438712993040709	0.1951245491079137	-0.5469033612081351	0.1721092445217172	-0.6711089978056269	-0.5871465070805851	-0.28650499287834325	-0.2203508132669406	-0.3238184445632911	-0.13418451339736567	0.5045048425983382	0.14960578667302973	0.2653964340381951	0.034769880128757744	-0.7131304775462964	-0.5290463650940466	-0.1295132913498439	-0.43688914845294397	0.4243757870211899	0.9084537359624619	-0.3407385995744916	0.1026557418618362	0.18202463128022642	-1.1955002929044565	-0.05670129185824659	-0.8586182280740277	-0.18112826279899846	0.1876206221846297	0.03151464601465654	-0.6613304514213044	-0.0163991942925063	0.9811937361414439	0.7297358968617145	0.12462696223684971	0.30378965304764266	0.5300483141870003
DTXSID2026991	-3.1710519944381206	-2.5540791186965586	0.8189360171156048	-2.8190619945066193	-1.6213199531722284	-0.4964311236616075	-0.6155954094329232	0.6148310228183014	-0.10546762337846381	0.2597837582325488	-0.7372896927521473	0.030860573987530747	-0.6846557270548796	0.6667765401364222	0.3499022694363971	0.5805931546098622	-0.34408926865087264	1.0439974866285011	0.07684065420839162	-0.2734777793905526	0.34118693671118583	-0.17686383763987018	-1.7561144769731711	-0.5273324559067412	0.7702605248584631	0.32721883234736443	-0.5820645866418436	-0.18116426159010363	0.033895492858617406	-0.2269438957911652	0.16870353083561127	0.34872280504813735	-0.6826084430736535	0.48064871797761805	0.07978764874473301	0.7764231491431325	0.29321633878931574	0.36848254832663463	-0.1285823564208945	0.26752951894063204	-0.3445858821902434	-0.6018753148785405	0.1397027471905431	-0.3219471173861291	0.17926120750294092	-0.003931477596435314	-0.17614546782206536	-0.13563361674762175	0.2364790618251311	0.005258045748085021	-0.05073316924406897	-0.2560717238986938	0.12045227854865886	-0.3782014605227975	0.07177627189119853	-0.03834229619497313	-0.5214597536157936	-0.2225886389136088	0.5877020830391365	0.25532542051669443	-0.012843541388030488	0.17990082034940247	0.5288869429675069	0.7494814019872701	-0.2832273622325976	-0.4843166413708482	0.2603100674450964	-0.621121710806857	0.07276253333404357	0.5251941582468483	-0.01498047982785802	-0.009232516768273758	-0.18562486037549816	0.18877581991958065	0.8348342385390093	0.6358245349440522	-0.25206375726217917	0.9575126619542657	-0.30246514362508303	-0.10753393777807561	-0.008865628174891439	-0.31524494618114685	-0.3486651938352827	0.5572538874067398	0.5979109621449413	0.36681965896160124	-0.6764117937726449	-0.22187126705834115	0.20430683348465023	0.20974384501709778	0.21882720171379325	-0.45455362125203047	-0.20565241955682198	0.11418240960292092	0.2951261348355644	0.4725927598223025	0.047910067783129194	-0.05337587476218214	0.18034725766633253	0.4109355513348667
DTXSID6048882	0.10215799608942304	1.142827799556169	-0.5294541445188384	0.029879380648584402	-2.8769570596958762	0.2748421494266239	-0.7917508721895806	1.4596428274578153	-1.742411131455505	0.7009409999077213	-1.9566823752316718	-0.12462544624011997	-0.09484409228096168	3.3054544888429933	1.0154244341874936	-0.8931242213866484	-0.09654124088964375	0.30105221633808826	1.8310539816969063	-0.9034453279205013	-0.5484229301963913	-0.8072800182359905	-1.0944160695499137	1.5639927873907655	-0.4420524062577355	-0.40664171689712403	1.3860719002672586	0.4692303236258153	-0.26089340956793666	1.1124466297140225	-0.5348933436649529	-1.2805806446509398	2.5239286309971884	1.554079928021272	1.0655141850745082	0.4081188262403854	0.4915040595692769	-1.778589897712005	0.8110523175373314	-0.15546317275786528	0.27792954747828336	0.04833070515896712	0.2628922511233046	0.3404259055962911	-1.548782557111043	-0.5112208944998842	-0.848940497631992	-0.7915777779582231	-0.2132868899077484	-1.1793399641756075	0.22847597168697384	-0.32020214159882304	-0.17044910940145003	0.17703551720154465	1.285093564824925	-0.9905661652247296	0.6657074363451344	0.39405033685037666	1.2260462976245992	-0.5716015322179728	-0.5193118829075207	1.1546701216680941	-1.2893746005221556	-2.128318653598292	-0.3362233388646078	1.3681612075472696	0.5907116781498429	0.6218399973928707	0.2981834933456328	-1.1708247703040087	0.44403275830769656	-1.5278518441516964	0.02070103052027886	-0.5965897969198541	-0.18531979728014453	0.016811248155258408	0.7524399852976524	-0.608852903479822	0.07946294708018288	-0.7866216550542801	-1.4812450599545297	-0.8692856451488534	-0.7366439174344159	0.6410686661778101	-0.4465409015830745	0.7116554340257373	0.4502686155640142	0.6026627185652917	-0.4742225543138989	-0.7033933392235164	0.8699032651948962	0.018418779791777723	0.5809931159118008	0.2672446324890357	1.2878310903997827	0.03810660834356974	0.11709181416997295	0.11640065889419468	0.05297967056980179	-0.09732147184811626
DTXSID7048746	12.8844852622837	5.631693962436615	-5.195990004574354	-2.392221797240304	2.1136222836030525	1.4578465420003204	3.92026919175768	4.477228109135623	0.7823066185793567	0.5898103319923188	-2.0014880559395127	1.3638378011129773	-1.8494890276488727	-0.5473746106418075	0.9081535952016953	-3.7220489419321514	2.239592247087547	0.7729839499136322	-2.9617384433921172	-0.5983619082318035	5.59554209369616	-2.235092349997558	-0.050849869260982374	0.020851920255767844	2.835733039162538	5.190668477400186	1.7734525597310222	6.596102560676028	2.6146563922837087	-0.3336580188935931	0.5998442726224922	-0.355957090802577	4.344155529409617	3.238430119431677	-1.820099111478981	1.856297264744333	-2.3185410603990397	4.122793812924065	0.10453903398917441	3.7898195392659377	4.744084045699865	-0.2331575023958089	-4.931365716110337	4.054014004592156	1.3409521585914612	-0.19708117600007238	-8.408142259748708	3.467373529402254	-5.171717559988785	6.80384238258398	-1.586508112384806	-1.9502345064086708	-1.9032658540224252	-0.8003998496843149	-4.657556177609725	1.7135889778536904	-4.593616958133965	-8.426283836860424	-0.9687312841873069	1.1101353155748266	-1.0478297603694298	2.083698396306847	-3.0918178294526615	-0.15047067709380704	1.9019693878234278	2.0891102895912157	1.228475679790128	1.449972335442149	0.5509217627186895	-0.6422357225553983	0.5612130960787285	0.6343639029828283	1.4187002971533993	-1.676573718825362	-0.09677311931327437	-0.7137631492798064	0.1536514310200962	1.45383598387111	-2.7501668855247794	-0.7236283708929692	1.3219577505666709	2.263317002664415	1.7344083929889593	-0.8752572690690146	0.023822539061406415	0.17240751928724793	-1.3099102167267924	-2.18808012424168	-1.5514592041571351	0.5781084507830317	-0.3904532777062106	0.8544159232191494	0.3417154257627124	-1.3530250580895284	-0.8258646109967674	-0.8411316071335798	-0.09104282942344172	-0.7167363438383403	-0.3247773005571356	0.14312382336557242
DTXSID0023901	0.28004470041734103	0.6697521526576674	-1.6561669578783473	0.9174385920856999	2.5669540012149215	0.2917828308433608	-0.19075584156997388	0.46453067909239876	1.832443898811533	-0.2988890295755326	-0.8302908950735582	-0.1263847055432594	-0.3025704054325115	0.4264956062467878	0.1828714562708448	-0.11748971334299346	0.9838793032739371	1.079753323927868	0.1401016906213628	-0.2714179828408622	1.3907578842615738	-0.19395743344059935	0.35441147109763754	0.13789273427221457	0.8984124253608514	-0.013267694704600541	-0.16044001812711223	0.23085646457948253	0.1275341671047199	0.39800815548753415	1.2048143910564004	-0.9521498111980141	-0.28394965732932165	-0.535948313174417	-0.47829244608782295	1.1093824749254875	-0.4942272387581558	-0.12014231590662428	-0.33105788021113824	0.3764280487027913	0.03376133317441378	0.054587356539636374	-0.8629785322484348	-0.28031278873130955	0.5031891605776577	-0.2541619429263915	0.47333861149561846	-0.33369362912811185	0.042735763121533536	-0.027434210307824152	-0.1917562889533276	-0.22902127721519694	-0.27957448860562106	-0.1250428348663282	-0.554800518590053	0.1405830596022472	-0.4547211650519757	0.22047189538533696	-0.4445366992320292	0.4091757234785242	-0.266593131369866	-0.4301152788452557	1.1957115487032128	0.20327989943438785	-0.3347850128192044	-0.6781566610207265	-0.5226039776756068	-0.22688362109458216	-0.08817871624037397	-0.17299838228373615	-0.48287159240935057	0.7992294551094871	-0.47364406465337283	-1.0029138841096596	0.4389406040648273	-1.1488570525816266	0.1968075444568584	0.6622521807995638	0.8681676308526871	-0.37257409895645244	-1.2273410535385707	-0.7559701614150739	-0.5402499671232573	-0.3146360545812188	0.34561197743518723	0.1575812270991875	0.25182914914618815	0.8407054304299864	0.7612593257035143	0.5712071148988667	0.7706334874812835	-0.5427709707899039	0.47120484162868326	0.25370613177970264	0.23702588778372702	0.32709146030148706	-0.3396362438374658	0.37450522112868356	0.5115093360743418	-0.5375874128798512
DTXSID2041622	7.8724154200992995	1.937055090284781	0.12026892066466281	-0.25216309267523573	1.6859333270841053	-2.5177906369715095	0.09497568584514475	1.9355464207794628	-1.0347291206756828	-2.798783718874918	-2.7906487147405388	0.6412421657490966	-0.2519415456515092	3.67940547164726	1.1228998011609705	-0.07909612699868747	0.04032670482034602	0.6267473423180617	0.4970683415741998	-0.37085165978400353	-0.24362007192685797	-0.7652331945202652	0.45502431793533493	0.41485507805324257	0.732776633868288	-0.6770756492140361	0.30782130483104186	-0.2332465414157875	-0.00703044129641709	0.9216065323770386	-0.21342153527119734	-2.0082884993867864	-0.3088254565065902	-0.22898594187991106	-0.044932096880388746	-0.44950933498261225	0.9154606589028744	-0.6565646909484295	0.006668461990783561	-0.3058332503152663	-0.4764331490883154	-0.9288134196030542	-0.4109026964925979	-0.773986680196707	0.0291053518464728	-0.4523671673939347	0.2047631184174819	0.4405103413213017	0.17562212154434964	0.1705909097661877	0.14074702279786544	0.0031637388223360497	0.4514919532875624	-0.30838336559598006	0.5501992500182324	0.27645775277158696	-0.10919923086300336	-0.04317558373119573	1.150174191014703	0.6234851834856968	-0.42087824044518024	-0.566099912621612	0.3389727634529412	-0.22137029260960878	0.20779338098409836	0.142038176579676	0.09306074769160064	-0.22885772354765935	-1.710583926694296	1.6658082159943033	0.6724154969801543	-0.5003386023881572	0.2973982107173446	-0.9811910568763593	0.24667052773895892	0.4242390634213802	-1.615479960526368	1.432702620731075	1.1797704960688775	-0.5461260732403928	0.7696742006661071	-0.43431516744985466	0.9545954313154822	-1.3250273835626765	-0.6207303605741832	-0.14889429768920356	0.3963015177180406	-1.4487902872026202	0.27549856226974284	-0.6626069132457788	-0.17603295611963019	0.4809163613129156	0.309311022861341	0.06264238560747187	0.8568821882897861	-0.5481597573253263	-1.6284800943821203	-0.5994216951750672	0.3186038296658236	-0.06696037141028713
DTXSID6020696	-4.892862590607085	-2.817866297765123	0.7334552013642076	0.18667601827932104	2.053376233727096	-1.523024507542943	-0.41239762427744664	0.79702396121143	1.0745774002862447	1.8710584139750965	-1.2813021866988064	-0.8523649055789879	0.5582827102658083	0.16882854467600208	-0.9129920318551913	-1.7067818309257703	0.43411337473127903	-0.3926227452728675	0.028906771188458052	-0.13744423135426623	-0.9383620589058078	0.03354958086364649	1.0975381566518698	0.5916128040134788	-1.4162520825565044	0.39578331523662996	-0.3832628106507505	-1.1433662447930801	-0.5375534163440707	-0.3776745485255053	0.13492704497868366	-0.3507121101586745	-2.253770875628198	2.2439736996350663	0.8206361938544421	-1.4653150742347327	-1.5992706387627111	-0.48060878834964704	1.8691692607314905	-0.2611461165689829	1.539804117091516	-1.045360162860258	-1.8465221104385285	0.718432784453804	-1.078864064964629	-0.2629034576880955	-0.9721636881299567	0.8797946133286599	0.5857518138502011	1.31214330567659	0.803712914846403	1.147096536936614	0.3954913282268699	0.704989368355418	0.7300216506536876	0.11480693196797231	0.3727754192282304	1.001096586757147	1.5205116197424995	-0.3522116979145473	0.06939960867878944	1.9199365800571713	0.7021931018771148	-0.34248473998941853	-1.157363333320762	1.0949428893576494	-0.7249227752294588	-0.8620485139480137	-0.649908270917961	0.6837808938516355	-0.28095435910243655	1.528304769097971	-0.623577607338426	-0.1186407289933739	-0.11250543139526614	0.7384076710955627	0.9486837552034666	0.11840164587275105	0.003346215923352125	0.4716682146575975	-0.5218049804624674	-0.48518925064668716	-0.4447900277992845	-0.9139376342238708	0.3025877597693858	-0.4485754540490032	1.2692951726502835	0.4661060071218736	-0.5414025513381927	-0.03809938106210787	-0.004672673322478308	-0.0028739339703469616	-0.32406845305533116	0.2893163764244587	-0.3205060611783202	0.14694391626494002	0.09165302428172657	0.01118014781516532	-0.21246754830487208	0.187837054296537
DTXSID1049221	-0.9764455692516404	4.690391143961854	0.42368382221999107	1.8443631277353763	-2.6021868198446527	0.3574574785399382	-1.9493849679431372	-1.360403936488967	2.0537593548757225	-0.38094461278587166	1.7733981474419285	-0.8474733072244074	-0.9791676468138298	-2.1185277356951477	-0.7147722470183696	1.0180963433974737	-0.3067633807709072	0.009899943879880765	-0.2497299266432053	-0.6458740118141995	0.3260187421809408	-0.15893501961700524	-0.9793460852468924	-0.4074312083697957	-0.8256972223439846	0.6523619178136576	-0.6570143520763007	1.3232871720433859	-0.030287480777544815	-0.744458484570988	-0.04647794845687559	0.7469741949916692	-0.45643147472727286	-0.22009357678118696	-0.3046281245010457	-0.5952927306588683	0.4343486652488181	1.0863614550060692	1.050200004934595	-0.11767192114692013	-0.4329026929123835	0.6274365754151173	-0.31938445897883766	0.4499799876198631	-0.2836481120546473	0.7972601836105407	-0.08708917103569368	-0.5114025098250322	0.3995014818543119	0.1718105886805587	0.3222358889610855	0.4605992472457088	-0.12449740406396949	0.17230903578532253	0.02086078642358864	-0.6517017265343725	0.38661299142037814	-0.011533737663355203	-0.010051898520417624	-0.013909788999056547	0.3162936275114034	0.7862538483453844	-0.26439671290078504	-0.49301451138634633	-0.12185498429867464	-0.28191675291942586	0.5049111023573286	-0.4082030872458077	0.7099559229926828	0.9192463141005062	0.3401604115911622	-0.2873549473078457	-0.06259475308888272	0.006370269861149252	0.07685310417723645	-0.6348058606901607	0.05509466934574478	0.13553010973136811	0.18042613793202908	-0.34827691993066134	-0.39912891239481924	0.13160377542043247	-0.48731001570529375	-0.2545590010349536	-0.2381275708760018	0.14052957137246028	0.3873441683732954	0.018309916995082155	-0.04118759473443844	-0.08033396470592773	0.45254934661678103	-0.3603289840766627	-0.3106540793429243	-0.06182923980687115	-0.10675159603825134	0.23785139825091425	0.20062313307494248	-0.18813964187797888	-0.07994479797664406	0.292585208020998
DTXSID8047927	-4.7795245659337935	-3.694296302968626	-1.0498725162728946	-0.05837906758482724	-0.3796475809580086	-0.7979176747964878	-0.13991213279952322	-0.5259753418662338	-0.8167613902187639	2.4262364474797207	-0.3034773818321814	0.2618950013493507	0.11598633383508278	0.20734593538987509	-0.2734100410830575	-0.081198801194365	0.1356941817266477	-0.19640969769220012	0.01950008628452004	-0.5345913413422397	-0.7525480180983437	0.014192921853772598	0.6884860588302218	1.457332581977896	0.41791823936963507	0.6027546721865445	-0.6897142271923696	0.48955231133124716	-0.01968970086085218	-0.6701951966561515	-0.02794396999420289	0.6116196758759587	0.3329299566366712	0.11303092510417465	0.07698024336002368	-0.20367882737562762	0.23609336120760097	-0.2662452739115847	-0.24599961077485108	-0.07158568117471995	0.14715962344927339	-0.41956271211003837	-0.3004104401522933	-0.4341960599192632	-0.16906639492391579	0.09288650666876817	-0.05996922816295517	-0.21367042504390935	-0.17525538396278037	-0.2994609417587274	-0.004911654175328787	-0.10999935685296329	0.05186466551998248	-0.03984435326258777	-0.20094156389312168	0.07835110513113815	0.179541455406037	0.20724575497355235	-0.014141457714460287	-0.21630909188420172	0.06634866530289886	0.22283271115587308	0.015282568042019865	0.2079874829562663	-0.26801935280940203	0.5116222971194098	0.29737529068757756	-0.15780808694106702	-0.34983886156864336	-0.3056972579035482	0.6446621999845891	-0.1271273665447165	0.0981265583632476	-0.5866468004120499	-0.618273712657273	-0.055717615268520475	-0.16618665422038123	0.1508744676577789	0.927796955014573	-0.3395437705186026	-0.40883933073391543	0.3591271840298553	0.17093022337055463	-0.07586022136650947	-0.48922441105896713	-1.1447814234066347	-0.032635234685270874	0.29168911616211823	-0.3111694384329801	0.11984044042637969	-1.1964161334904175	0.26055439160865224	0.45752253468799536	-0.22267466242292255	0.21537996143556998	0.5489658031574773	-0.899621983950013	-0.28462145031451297	-0.213059809384338	-0.5681623772636102
DTXSID8047474	-3.147001772467841	-1.420249700880184	2.620768426240164	-4.620188525368855	-2.0227168819785106	0.07094079561525583	0.4137452920937485	0.9148006876873426	0.6497085595641264	1.1690148975620418	0.37362508053830257	0.06126265199582643	1.09335091526001	-1.1701549798963096	-1.3256384403376837	0.6086129144137825	-1.1800777238752647	-0.8733986714836831	0.08151536869619369	-0.40589655714751927	-0.4633599527580928	0.7768083372848886	-0.7910347821552284	-2.8046969256338987	0.9416241789560366	0.7250186460783502	-1.681989797553048	2.7932769145975374	-0.2825626337479389	-0.45035156857991676	1.7743186907501034	-0.45363564676200846	-0.13015660526242712	0.44572557583045513	1.1330994108496593	0.898404484779168	0.24766567033673464	-2.036174965277174	0.6937984759685892	-3.1806519633588226	1.3783229782137854	7.21269913471384	0.1498603089793804	-2.0439183881534304	-3.7089574753051933	-6.82099865985232	3.726712120362752	2.5371013632966672	1.99860342625432	2.9125433483086387	0.38206735974883554	2.799378395362489	-2.2630995477037605	2.076351629179251	-0.2612061660581342	3.0120185226914757	-1.8102823615782164	-1.5451934484806498	0.22094820989468708	0.5923352351946876	0.04795174220722399	-1.3139335244136006	-0.5913800054444747	-0.05298326779875232	1.7931224419778589	0.39960818905299694	-0.5816236568385076	1.0908658436168261	-0.25774298930618417	-0.9137176479727199	2.139812338878337	-0.5956832897099883	0.44923162751013523	0.3679713125686517	2.459821223115151	-0.28384824434309114	1.8713834728910226	-0.6415022716815308	0.12197766751438728	0.32043857033066686	-0.336110360639388	0.40451667266294755	-0.3984226557949256	-0.13680790605818674	-0.01289401807668792	0.4083049200012473	0.3197530032849597	0.00019367688462456758	0.33439673842504625	-0.15406704656846418	0.08049557245944589	-0.6224476674732138	-0.5919592154719718	0.4869631596134277	0.5780273753920231	0.8995636496688644	-0.1668838660059998	-0.2967228327506724	0.40383758882590554	0.3466451053776274
DTXSID6046137	5.002048086634039	5.2655348977731835	1.1596444679423867	1.6486838366649406	-0.7683852721447169	-2.8624783020315454	1.8058033544336969	0.044396857437420195	0.6008022668943049	-1.7628225562354116	1.0522119619998194	0.1755852817917867	-1.4058885964791377	1.8106381109842167	2.063375733022879	0.9590874028915224	-1.629719926720118	0.3281018850647296	-0.8950775468824396	-1.5385269346010617	-1.139224806251613	-0.8533781014121827	0.7008329632186523	-0.5126369840351818	0.1154505926646457	-0.44940404001294737	-1.1833487575389774	0.40478367550621736	-0.5433833647358548	-1.5034747620302282	-1.5898292974947434	0.5007820929384735	0.6174487557112012	0.5717154928928456	-0.22225000060407543	-1.6236402663643592	-1.0574084960276842	0.7121818125721625	-0.16918457848561733	0.9937034435713618	-0.11401596346392921	0.6044485547532026	0.33098674977270903	-0.7111814004243499	-0.2704358609710706	0.7067920140275431	-0.14869017256133213	0.4687835506124452	0.1958018647812271	-0.1722279599896767	-0.011258948304964718	-0.04388431390953028	0.5525814560031791	-0.14874129330203104	0.29501897272206695	0.05167377856449244	0.2063557196963011	1.2142873883730967	-0.30432692167786574	-0.8008010247127313	0.775213550494067	-0.37420414114193057	-0.9802606534684606	-0.1897290539715861	0.7644030633141059	-0.5842877418782698	0.13868115064214015	-1.0715934068928974	-0.13010079002047917	0.338905242894928	1.4798568109901586	0.7105974417914738	-1.0793149736270908	-0.46261484967145444	-0.013267557298400122	-0.1493056323318796	-0.26002675387432234	-0.18083084602340466	0.15308662394225872	0.39346137850576585	0.4594931363142997	1.1582132148406803	0.16237828065331347	-0.6231386690188611	0.19008102637753924	-0.22973399834251015	-0.38117406803548953	-1.0173451918473584	0.051733919767246374	0.7836701735625299	0.40831625692534773	0.7833538694132453	-0.32749337080027685	0.027994821963616516	0.4630557474096393	-0.27010064174359405	-0.5122240289580146	-0.5224165457003321	-0.06943921908558037	0.0963652053386246
DTXSID2029242	1.4030292654968404	-3.6809160750379557	-1.5453191238906314	-2.422441816276149	-1.4184881725225924	-1.8021923658454388	-0.09935050228011541	1.0183803443651842	-1.42966383368217	0.7390086186378398	-0.8876793859062844	1.0751411361976846	-0.4085002286503106	1.4264543285818927	0.6375579786596105	1.2020056115499307	-0.6728320086890139	1.8717245268538083	-0.8481868737296561	-0.6706434538302056	0.6285101557889404	-0.7957334062988498	-1.242220742559996	-0.40046987381738725	-0.5294982908681511	0.7262865965517792	-0.1108162532833717	0.21569561042142796	0.23947112143535518	-0.8914570011726012	1.178812288350113	0.24119963706316316	-0.8526086157702492	-0.31289476703335106	-0.3109828702686215	0.7011723549368208	0.3446321335631414	0.8270842273921142	0.1306628255646307	0.29724327425718855	-0.12031513398267565	-0.14730683652308624	0.0183185165118493	0.35420506986528416	-0.1826952650029798	0.22755678762300136	0.20380502020615457	-0.1473754350808766	0.19956171180123528	0.061950486513008995	-0.14321348010014792	0.03699090005062298	-0.15404564177437743	-0.3517066109564311	-0.20812273210838644	-0.11372845924226975	-0.290363716517085	-0.13869789966486293	-0.43150388370929793	0.17129873280901337	0.07540496171797177	0.04338414056872571	0.6119076011786968	0.7019057659575757	-0.810996277412832	-0.8890851633538134	0.5050877982478753	-0.193177041659606	-0.41644431873257426	0.07859553524633522	-0.7043757082365102	0.33833997054191123	-0.9737141395941128	-0.3729417539379119	1.1764708181816406	0.5014021338558202	-0.6107610271333015	1.1955757403787286	0.4097931879810681	0.25011046462408665	-0.36846077109541925	0.5897767498440886	-0.3217104226126847	0.2545381284989573	1.072634050974047	0.32580915984574194	-0.261627658597603	0.6604797125452415	0.15756394811635133	-0.3387340531918443	0.5304201523896681	-0.3894335911226062	1.031918329489676	0.3048280380157721	0.6720464966277047	-0.7896953793895871	0.6924759538457754	0.35020758361563664	0.39178085561379195	0.11795342307865589
DTXSID0041852	1.5528490620809912	-2.2496928481259904	-4.397445454403386	-3.3842403763068645	0.42760800077865685	4.498782198863924	0.23139889246185272	9.15756236827719	0.628198831121488	1.946350667145732	-1.168406830324733	-1.0326173661466098	4.287342037270018	-2.179416345311397	-2.750602081420266	0.6573480424736227	0.06102437655432594	-0.12396859367775769	-0.5139054186677815	-1.4121200125633444	-0.7895115674956356	-0.7149192572196391	-0.15061160631461357	0.6415828126663072	-2.3938999930809546	-0.7118525681517658	1.0311457809454523	-0.13321929698854454	0.6807190239107427	-0.6036811774981047	-1.4777914882801861	0.7797668623285263	-0.5209807702221472	0.047464278619021555	0.7879089390991733	-0.7092178554991065	-0.720853544940724	0.3480077628698762	-0.5393971909781318	-2.0661561463213287	-0.13136380337550074	-0.18320198460183373	0.014673140038847819	-0.05018658726537851	0.6413909647033659	0.7062115666588225	0.32551998531646226	-0.09228190324664491	0.3881623612515711	0.16798028925371183	0.36840145005855973	0.480441273227168	0.9139309189910768	0.06001145989912966	0.5832000012781005	-0.27654397607362624	-0.2865375391435285	0.4700923588391205	0.28449339642785143	-0.24467856287388035	-1.78175588124225	-1.6827757943082586	-0.9498824928032454	-1.1366489477750532	-1.2740266000277136	-0.06908012217625159	0.32606995884628903	1.5371103421087646	0.43011031497226937	1.5206734411155816	0.6773193429376647	-0.511284741344162	2.440368216375574	0.8011041133570841	0.06278518609645505	-1.3094433120471138	-1.857646252850902	-1.9869163081765369	-0.4889427729739575	-0.4194918577769815	1.7099504921905346	0.1377317923658215	0.18145015133003248	-1.0583316887209981	0.1431463950313526	1.3143652043349123	-0.9430773034960156	0.15447698354647774	2.865858823901209	0.49709130110304023	-0.3133560911495762	-0.14377407203242037	2.7523449899635852	-0.6384232062828288	-1.0627209733512062	2.2190398988203013	-0.08046846458491248	-0.6978955736996258	0.4070096237138543	0.5666149680994138
DTXSID6024674	-1.5263589780615052	-2.1483141640749293	0.868266905761825	-2.0280021383380693	-1.7314559502922753	-1.4991253392598671	1.536850431224514	0.6081806859226357	-1.8862594286810543	0.4406488763525936	-0.923613193599273	3.977436870168019	1.5366211917708807	2.4415332055743337	2.6251900952536458	5.465691752318519	6.171863486296909	-4.233606597014996	0.8231233606037273	1.8399577786298738	-2.7167141462441706	-2.9234443530560323	-1.5620838787192952	-1.9069983291536488	-0.11016100871379478	7.2288301119880405	-4.055222004621386	0.9371878102088008	-8.213513976964206	5.954151678139921	2.503949549244972	-1.5776844027180517	-0.6438180042120614	-1.7999168790786142	-1.005612400896651	-0.5549603297768951	-4.258579571498741	-0.3435377110437991	0.444638626982204	-1.89542796458286	-1.554580040471392	-2.32769291621389	5.524740606584968	2.033791563955672	1.0000816742298646	2.047061433855278	-1.6604646429620813	2.073054190576022	2.3250422073157795	2.167397708269532	-0.10335501721395682	-2.322725030116092	3.5839534185486652	2.2386412694157585	4.114015902512659	0.6127059542850855	0.6257380375270827	-2.972431513936677	-5.507146817464303	-0.5667591025185736	-0.7987778340359594	2.1328345290445743	3.9536014352354165	-5.2014940146114	2.109311420778784	-0.9333182480131882	3.313672850272232	-0.5963906791294369	2.217315174517411	-2.5860149634266896	3.7945630710251512	4.535300074676463	4.831244145269848	1.1382551631680893	3.042554382438875	3.1841415610038277	-1.231197422340576	1.8438692455870171	1.2694874617424308	-0.8106840109932302	-0.1510412991677388	0.21643068881329486	-0.882243495671172	-0.019943574975870022	0.04665848062620303	0.36724364145422234	0.2801563521030729	0.7660528495175808	0.4838247763454132	0.16505400193837352	-0.16113167858785526	-0.19978702395537096	0.1254534327985662	0.569279563319384	-0.09743056869891367	-0.47015376718046165	-0.18824042446510209	0.025125846668720093	0.4024795882731839	-0.4653488531995594
DTXSID3027241	-5.093308852542247	0.942599396307307	0.5160063777360381	-0.17307745841780442	-1.7501390336921938	2.541751267467951	-0.42013846726936527	1.9766602468038255	-0.16073268793686787	-0.294750546218417	0.3881269072184379	0.08594944093280218	-0.02262025211422091	-0.364955230958386	-0.4231730917521638	-0.14488705569991422	0.22586485962589337	-0.2605182473014709	-0.2616621109202521	-0.60104724553714	0.013284276647472719	-0.3517498682703983	0.9155581350951159	0.3147422705072443	-0.17164270239183954	0.4958168767611096	0.12532738966360507	-0.13564168853439681	0.13472610878778943	-0.34521362322574567	-0.3793009981999086	-0.05886868050812308	-0.34671592487313624	-0.40060775486058386	0.60636958515987	-0.06064185520144347	0.20213451113346795	-0.04842028500836267	0.023833129932870192	0.5702645227236481	-0.24403868938426437	-0.08666884699049855	0.1372142840942775	0.3208596183132071	-0.2543798893955323	-0.13012405098354243	0.08778436197726885	-0.34603158247316906	-0.0781399954066079	0.04302640721178521	0.14376906024476752	0.06319526648381754	0.3273332938459167	-0.15651877587101468	-0.10275848011071473	-0.49806761666928023	0.20617699823841154	-0.14664764393705162	0.13984262820959456	-0.30664052640072476	0.3498507840528209	-0.01536386664405392	-0.27645432857114677	0.4615011873195397	0.1156414049672733	0.4680510345704506	0.5278246834543896	-0.1664317903735218	-0.0073795892463246505	-0.17134727454315507	0.263074743297276	-0.12876442924086087	0.16488252768707293	-0.048420953660159825	-0.1225496219819423	0.5321246192262685	0.26497891239785537	-0.06301202737677175	0.4294914550861822	-0.37410498354763666	0.415169458811798	-0.3091262215044939	0.342544626881816	-0.18367064887576054	-0.1518002437220642	-0.43216799674537043	0.05399121607550332	0.31695777162904054	-0.21043892934459815	0.31275795509651166	-0.11795553029477374	0.027104582854322854	-0.4786500657012019	-0.2562824973425786	-0.17675369163644533	-0.2175969013410023	-0.17106359798358284	-0.21016886920869124	-0.2366112990983469	0.04551626471279461
DTXSID2027094	5.589767990878252	-0.5462818071419144	5.174911419835821	-4.258089515044004	1.010091325450661	-3.670098642837758	-0.5162670369544315	0.7403642750599401	-0.4587931359903795	-0.9407998371516686	-0.585791483471785	0.6331558067820934	-0.40037067667524023	1.7297368279765823	-1.20618065347477	-0.506034904582332	0.5324384443501385	-0.8236768453086074	1.4831881173621118	-1.1564178207115208	-0.27786809920457134	0.7633566477200875	-0.10372662498809061	-0.7893091977315213	0.8514911391693616	0.4848349981741814	-0.9783146071649034	-0.09945329214667807	0.5090674045345824	-1.465940579116612	-1.0866574879062922	0.7208457789108267	-0.7892864487761663	-0.2751189408718189	-0.005901892376067825	-0.2485863183130002	0.3078749314201299	0.7091757305446593	-0.6170407930389875	-0.8423108575403655	0.3221961326453321	-0.5266409225978184	0.10484273857783048	-0.4416929714016555	0.18693486794578537	0.050707403519464525	-0.3320859679278267	0.6458394764896582	0.13551151876873696	0.06279171616765122	-0.1337846805384649	0.09694096404922616	0.2494008003439874	-0.46423501578134074	0.05483395204884508	-0.24105694506581124	-0.3602588640605128	0.226722299317439	0.38844084761421965	0.058652193569701284	-0.7296326379172573	0.13150896173176035	0.5228883696745432	-0.5863364877332481	-0.26040181469427215	-1.2068454721737343	0.4221650356504125	-0.1314778837070923	0.29613133187879326	0.7235671040564933	0.514615406394905	-0.18562025814244035	1.2912166331153077	-0.27400099816320556	-1.378693492062762	0.3918586282223476	-0.5949555339766357	-1.5646895490084365	-0.969600964137327	1.2624330807981747	-0.7213018335143775	-0.2500554764940494	0.4690248169701318	-0.25165392638684125	-0.6973690312790809	-0.16487924377232072	0.00044488912288615434	0.7238417679726602	0.010583763585035214	0.24608962140886512	-0.7273766384472726	1.2303632789584489	-0.5548270828902204	0.34861010636363127	-0.9024701279420762	0.5220973659571431	-0.7615317935814003	0.08470249157177646	-0.2759954820601129	-0.623905657385225
DTXSID6046761	9.522450854479716	-0.8551276289198672	2.3930963251062685	3.6093138584389055	-0.36036663631726723	-0.8332449390537766	0.39484166444292396	1.1392014046985373	1.3677053498684613	-3.3587128786187614	-1.7854759376740428	0.48681561549858576	-1.9047789482524824	2.0194387334072643	4.648014265788684	-1.5750668607813112	-2.6700542136325565	-2.437430130125815	2.382844168622018	4.762144477314611	3.0181657989927158	-0.1424156751926396	2.244153822149394	1.299371390120462	0.986510085702649	-2.3553639241893265	-2.3914505375479593	-0.9282737529291868	-1.6306487621910148	0.7186017522722247	-0.7136874313036756	-1.7341626150675262	-0.2209851917313198	0.4816387890186225	1.293975562564565	-1.720567109560006	1.6299199811008058	-1.3132885984803662	-0.0010696336923094179	1.7017955995660958	-0.7655234201244681	1.531910809186916	-0.48967496022476265	1.1404063907301134	-1.351673645498483	0.09765828042890225	-0.5523916672852288	0.6896309453873175	-0.4928159849880382	-0.42918603838477576	0.3154331563278492	0.9254257645581605	0.1433040531828446	1.9115202769911386	1.2944152878598336	0.6796171103449676	1.7789528962996661	2.2268885168176435	-1.9654752849246606	-0.661294198118399	-1.8005446907539204	-0.7758133378904729	-1.5253904225845576	3.5581762781629296	-0.04013153321063139	2.415263872728057	1.4429223249409142	-0.6098058056032974	-0.8232129916240692	1.2162711424613077	3.7769515357188963	0.868944443734132	1.6596916657124614	-3.6288092931170794	-1.3188824185645664	0.2075591437763265	-3.3429373858198326	-0.174123458147237	-0.09019873091663416	3.1671197796563275	1.792057154596622	2.535743895397139	1.3374546683416209	2.1313832288315857	0.6207453641777312	1.0824039223365296	1.062210294988887	0.042512563588784004	0.08674227901876233	0.08916962841750128	0.7148080992886007	-0.453202636739189	0.9822939405891925	-1.2071017843143454	-0.8523135429935313	0.5552103577152729	-0.7297998798859981	-0.14158423102760648	-1.8041512777265416	0.5715886344876859
DTXSID7022417	-1.6603173744018818	0.3768224779112155	-0.2588412027934561	0.47123390714387065	0.24486875386195964	-1.5158412609780252	-0.98276405102714	-0.14063419541198988	-0.1599854253699308	1.4573453409167516	-0.18792378708509844	-0.3997295042954197	-1.1445629656524157	3.006954233474765	-1.3626709804069292	-1.6469684441344237	0.3505561812751224	-0.7332527193038163	0.819962924299767	-0.04139491941212688	0.4726216731329355	0.07216598896284172	0.6990463141635449	0.0011894318397636932	-0.4488545862927521	-0.11797036212086928	-0.698016972685556	-0.2426350153164711	-0.1723104121500999	-0.03185089084562352	0.17922760877602356	0.29460500298742787	0.2699869859485379	-0.7263704165642311	-0.8952399010512309	0.23089087320150403	0.12390798915096189	0.4423984342854046	-0.20225795933268154	0.299222063417497	0.027341963984335086	-0.08903453505702028	0.07804972340500718	0.2085221509961646	-0.19762515468671993	0.09430515428245205	0.33175430919208077	0.3898691896809315	-0.17132793174701627	0.1447872323097948	-0.27718267127137125	0.155102165676281	0.042152782114119464	-0.17537009969865813	-0.15623189719875882	0.21980946303082038	-0.15022642092399557	-0.11962305037199011	-0.7784474123376486	-0.27369708510597696	0.29057426607685083	-0.20062568581246149	0.5019171549590538	0.3191491833126455	-0.04778191230184133	-1.0908800509063126	0.3508331497376686	-0.2946432259712323	-0.33624846107585893	0.20227548839335696	0.19691158662027958	-0.1199061051433707	-0.37519743049278764	-0.21535229668935077	-0.7097574469608808	-0.07164347245833683	-0.281980900662541	-0.30802010683402387	-0.23545074362867077	-0.40674623304244995	-0.11331561843593164	-0.23519802481515278	-0.3947260195935648	-0.31087982060338176	0.267840749290742	0.23799263231406267	0.46523553869904855	0.29888813561535815	-0.010674498952194668	-0.14797586636454213	-0.5140138594459078	0.1320578793470261	-0.19582263139607148	-0.0704670271225228	0.1253649050678844	0.14224244316203966	-0.28949581203476066	-0.15631447321885772	-0.05397636849910259	0.3078450246672765
DTXSID9032537	5.261770320199091	0.1634963240306056	7.465956989987737	-8.607865174440825	-2.718036097220062	-6.062789709086101	1.8352081562049	-0.6072653719303598	1.2536783949229247	1.4983906934398814	0.6693318614631667	1.2394274967637249	1.8784584596418785	-2.773322588889046	-1.2003949835896348	-1.0086033230219895	-2.110775950296451	-1.9019957838259158	0.09135220074956116	2.726599642487977	0.7768758189865261	0.17879866525442092	-0.7843056890901889	1.3157960841287384	-3.662989387222175	-0.0549683236281156	1.4821329809490753	1.2392998288545136	-0.48406520668724334	1.087501882958893	1.268915038830915	-0.9671576431491218	0.5509215664571948	1.0148194904046262	0.219402681065796	0.6851302789906368	-1.6213459578501508	0.22062442505396906	-0.5372473058678282	0.7831986379794902	-0.5351514195412691	0.05475388186858289	0.5212097155619309	-0.5286337909087222	0.23569620053614238	-0.43083283707521003	0.10885288875955106	-0.5896617065631348	0.015634044221290534	-0.5303208271784713	0.009852253206686699	-0.28288930543960333	0.27132210005766705	-0.23874342977379456	-1.1422902244665827	1.2265355409207925	-0.13026983360258665	0.09285062359346902	-0.08754769884610783	-0.6450382063312113	0.6509364670670441	-1.5954184277983725	0.38806205945182515	-0.5465823490039112	0.9326524974424177	0.6628622873620715	-1.494670733472545	0.6523333636341211	0.08262099876504556	0.47592066626006224	-1.254396985451377	-1.1185831102574164	0.5041388381090631	2.1545052704937215	0.5133896656474429	0.6242719698787764	0.49276077663784185	1.0537670481352868	-0.7952600974282359	-1.195542630096461	-0.9542832936936978	0.3762999814111094	-0.2933426053518265	-0.9965882050771327	-0.06363234859487868	-1.6195655307181014	0.8444639583101687	-1.1902660521205493	0.7180661454457312	-0.9300878710893858	0.317460622790717	-0.5097443610215453	-0.21455831709708242	0.06783252910880909	0.6440061855212956	-0.1241478750734101	-0.02113572331086985	-0.19570290802523463	0.6414318040392188	-0.049222779415926086
DTXSID9047128	-4.550553945651473	-2.4333214029828065	1.3059559331904782	-0.44087554893557873	0.7027403100126718	-0.8475825245342526	-1.0084973093077265	-0.3651728888386904	0.026726969925911774	-1.0139265090019007	-0.5177011612763537	-0.03804463674703791	-0.7264130775101584	1.0085225977022327	-0.3136869153238414	0.09533502536740913	0.0997797279952049	-0.3196912428756526	0.1933165881565798	-0.5493412311392167	0.07756349634901792	-0.21045312059748522	0.9778819048760631	-0.3485521689336452	0.5336956423925769	-0.35125849028322803	-0.6132209324646655	-0.01899758171130945	-0.14458378795970006	-0.09759386151153648	-0.2632694057435728	0.10472051844135713	0.3057775470230499	-0.2856516766522347	-0.1778960586109402	-0.41516989851797953	0.4275051313798269	-0.3954018453878808	-0.17290447049863394	0.060158785305772046	-0.08529760792993127	-0.1573444717235945	-0.005132883025847027	0.09744822341978535	-0.11639462946488245	-0.28286025095638917	-0.12741427216863987	-0.18251065526472954	0.04278835940239401	0.17716092675724254	0.03907806903616604	-0.2513678017668452	0.23310468004036272	-0.1666367261250433	0.08730335541409848	0.010188293311198554	0.08526675660279506	-0.19128839027045386	0.36052585292272965	0.25348657433652805	0.011599546355549393	0.2551504798566081	0.17564473041199338	0.5448744886990892	-0.1919762248627708	-0.09289133027928388	0.5268447202011712	-0.8130130159653222	-0.009349361019896942	0.21350068628628263	0.3173335033785117	0.029001007444432524	0.06976210207526026	0.3100993271254203	-0.6440101944988139	-0.14697725069578554	-0.5783751723292218	0.24145603562032147	0.20640550353199136	-0.2392982374211817	0.23340261337928808	-0.003225252720989435	0.35026931682115336	-0.33477189713808797	-0.0858905737383659	-0.11220284096752539	-0.027196618191165155	-0.7672942842535204	-0.26755812544144997	0.3048401265811082	0.402456769820664	0.05592514519520469	-0.23915528089881655	-0.40812802647475666	0.04137705863944007	-0.41755443393556524	0.3393623441915505	0.04812866373146872	0.11642398788072225	0.1825542766637858
DTXSID4047963	2.4341056384372077	4.989056288359378	1.0794153094475325	2.1731833540318437	-3.708407420741155	0.5977156758010435	-4.948691561381972	-4.949592826474459	-1.2286241998924243	-0.9506946306840219	-6.375584044689617	-1.0121930402088775	8.188059110113615	-0.5953587569834758	0.3624699706849566	-1.026052377312157	-2.997146996300999	0.07366712068320654	-0.7514946401236844	1.3297472763264089	0.6152573563293924	1.862197393402143	-0.5484031155726782	-0.8939283687649827	1.5343499444785944	1.1726854976429084	0.24308175286063177	0.040508315315627715	-0.1525539574321638	-0.48378811027143614	-0.3205347458403761	-0.5737327231902885	-1.3414335462360225	0.18798096407786136	-0.4032128327251775	-0.13685090626588078	-2.1977427099275486	0.02128265973068768	-0.6100365041201113	0.4786017596091939	0.4960388886717155	0.5516185551965257	0.15691605500213587	0.598558783040014	0.29749086429232857	-0.17372083700420657	0.19761980361563228	-0.5436140531766797	-0.3131466014948177	0.0851087242781328	-0.1350609859842252	-0.65007530882852	0.4377964704269709	0.10406877488595052	-0.3615154581951824	-0.39124986010262447	-0.07774523112310616	0.2714142643196395	-0.5304708289120481	-0.5565423606722181	0.005806103250367805	0.05128913599794212	-0.5037041489692407	1.3362222420243102	0.5169906684426772	-1.1436757624068794	-0.2220684034864127	-0.5248360430907881	-0.07198352887730008	-1.8201435468617715	-0.3388680874020505	-1.168455413344658	0.6947852083778235	0.20872352578596637	-0.029789888455541237	0.6804581244787803	1.2849361092106075	-0.1866659824843629	-0.14499960614441865	0.046576213921704746	-0.020465392115483733	-0.8672737560767942	0.14332567980756994	0.20389283713619374	0.555376216951544	0.8460250194003923	-0.1250859594769966	0.06175907046692569	0.07163228845125964	-0.45921997670326087	0.12377956769343632	-0.6213467845764954	-0.17411516315174777	0.4036903375983862	0.5551722790808648	0.2789245340913478	0.5871948620735917	0.0564553315254537	-0.28674564012526815	0.9798128136181915
DTXSID3020627	3.7184093654155843	1.9459247793927388	-5.033149737948228	0.5921731227428815	0.7607058417328892	-1.3822879457974264	7.701849210772092	-2.844737039966971	-0.4124184515817369	-3.712762244095618	0.8409740550221523	-0.18706174289559677	0.165526856713815	-0.39866522158701706	0.015763793603570875	-0.2613726327965832	-0.004831673053278837	-0.0947182121162706	-2.060209038063475	0.6403607173347465	-2.4849433979662807	-0.27861847356384606	-2.2736007739666895	-0.27961111019649876	-0.4718330005220483	-0.6282581465016195	0.2580418901290491	0.6642558199312062	1.2672102688187312	-0.8742260632383445	-0.2976630817677852	0.36647022063933415	-0.9103719618110538	-1.3749277655602503	-0.3328415627988401	-0.5086464546252595	-0.9489792145661403	-0.6775020281927904	-0.5925908207554487	-1.1971694818681005	0.03639678245186227	0.6585094550738791	-0.5839501585195869	-0.713841557243054	0.4762271966830031	0.356394321266926	-0.4219660152589348	0.09994439084351535	-0.025310530596344312	-0.6799885019207182	-0.549074348130793	0.4525001318058751	-0.33862033975430544	-0.0012659571496879132	-0.13865128067357196	-0.5739225453368031	-0.129288408403492	1.0096796469914942	-0.5696995748538115	0.788105286478945	-0.9393124766647677	-0.49745414974371055	-1.152472032444074	0.9638643505061452	-0.018087164528596152	-0.10526512016284353	-0.4608167597771496	-0.6572044266513086	0.2751005649608422	-2.5254106383784656	0.9570636251661206	-1.1987377050161823	1.2372540518718447	0.8475850939709451	-2.252551749596822	0.9345234286972128	1.412765041350359	0.5392022269960403	1.3755681831939301	0.6246928875150733	-1.3882975410105556	1.1787643534892187	-0.6237419908381858	-1.3064456669710653	1.2976277652653079	-0.7298841712581133	-1.9284614331950374	0.14733979891218335	1.2080227291804104	1.0333621740552055	-0.2503576400350415	0.24340057233884987	-1.4533307004700922	1.5719405103725879	1.232738394898846	-1.7911117337616536	0.7531268252098178	-0.17607052773454754	0.5328267150296843	-0.1001508025265007
DTXSID1020485	1.8504432225404222	4.9506120606850965	-3.706925758638249	1.1118020294659463	-4.101070337996623	-0.3392829642331188	-1.7806669876673729	1.2489916161189356	-1.3162169726743334	4.6951581579915285	-1.3408853528960383	-0.8557140347726235	-0.9551244016218685	5.727204720869428	-1.0856306237440871	-2.078889230232967	-1.4608046496124873	-0.6532469672387027	3.2405191760878918	0.9860938228952282	-1.4178495075606505	-0.005318034666871742	-2.8473806559642627	0.9932099568881929	-0.9058084668118692	0.8195366735706319	1.0905561224687204	0.8431216804309745	-0.5468062025873879	1.5261485229838567	-0.41520209879655146	-1.0291185442663802	3.0041211373982213	1.5768920982420345	1.4338216208491104	0.6409177320508945	1.4220101298163892	-1.3576061629814893	0.4120457744509227	-0.01718979139322826	0.34682130635539077	-0.27896653044407754	0.790120967971843	0.13968184098258385	-0.5952775574928993	-0.31531386328528654	-0.48153416006415384	-0.7636734937618389	-0.2694789965752906	-1.8024142367221625	-0.00021587023200652757	-0.4046901807704723	-0.35732020042359186	0.021483919074645023	1.0317200645709823	-0.2913126288203232	-0.11540800564808641	0.29931916495852534	1.1918569145559972	-0.7582288817212858	-0.5006676624661052	1.007022385515336	-0.9772088515045124	-1.2452296350205208	-0.12822505693559313	0.950522560047915	0.1622168750986091	0.45916265226171654	1.2395102385845238	0.31421935458783	0.7724820249966983	-2.7224105090765223	0.014329829682497781	-0.8854352663343197	0.904349830770355	0.5456709279840638	0.024764310584041705	0.17316694138458122	0.07533561595440297	-1.6158161663939978	-0.1803108699040347	-0.15483328040698516	-1.3105795225208994	1.3270563930241712	0.1327734822367891	0.64868763851737	0.6201358225634027	0.5383940295998684	-1.734162105043218	-0.46180331824476617	1.2447382336621424	0.2626471446750391	-0.5452438362065435	0.24242890984740645	0.3993423681338184	0.30700699731129505	0.7193126818816428	1.2425128297793586	-0.9890980073996783	-0.07735963724844067
DTXSID8025464	-3.948999277330812	-2.5167519669104728	2.1413292335208074	0.06269318275191489	1.0149807370905783	0.1354238318988689	0.8332612846516806	-0.725942828453152	0.48923701554979543	-0.5820860496712467	-0.8859457798816646	-0.3116678141380454	-0.6530655402844957	0.0649655905021931	0.8517226392200774	-0.30762849135718134	2.457026300867029	-1.5666273629361336	-3.553136302952466	-1.0052510592211852	0.7741978940921614	8.498121789704483	-2.4637494622337144	1.2381232641710873	-2.4023131714324615	0.2238673452877228	-1.7768187148591021	-0.7845375679233275	1.0253232592345334	-0.7741560260580945	1.2471084038812519	-0.9439494113869235	1.6490640224199757	1.112011912508491	0.6170567273164193	1.337971423795391	1.5342830539113532	-0.701403940482804	-1.3567021127728203	-1.4017094564321997	-0.5650477385240683	0.6153538502005002	-1.1495740561945835	2.8592026379506414	1.767381179244553	0.28291306585508447	0.5988985163322873	0.25078230017138287	0.9562913851651879	2.6496543864364908	-0.036322531782467714	-1.0921091146735789	1.960248224986688	-0.7011679552863072	0.8405169452998128	-0.33887872547253645	1.3748986660460842	0.7446389640468855	0.15207319875057854	-0.7749079438697845	2.1588953487978237	-1.4825671342150792	-0.4152543421693218	-0.6772944942299851	0.8123591865329912	0.5985090852208994	0.7177071624710356	-0.41586810982062344	-1.038783630479483	0.03412596863272691	0.6171610353033858	-0.6093186205259509	0.09008503847384886	-0.8024169929026461	-0.39222821396172036	-0.20606118802420675	0.2575515415833186	0.09036774316152739	0.10894800194201108	-0.30536290364078167	0.07786081979567754	-0.08529856459345109	0.15800821240947682	0.0858871885639104	0.48592837251247445	-0.13239522147791982	0.22825928463368844	0.22926787107913868	-0.13227204574686965	0.08447431292940605	-0.13773523032861687	0.09218288640622845	-0.17912622843127093	-0.009116337488918574	0.23185137495694655	0.5857895987149586	0.5137626084966541	-0.9105712284650106	-0.31002130278004336	-0.2788731730440249
DTXSID9044588	-2.771717652858614	-2.773124659751264	-0.2696368201784629	-3.81155082496385	-2.3166716362930377	0.19538924187464493	-0.010899329143915379	2.2447188984284803	-0.5169949685796795	0.27833782872272333	-0.5338708611802314	0.5939156866325679	-0.5571025671857546	2.035587118895464	0.6204602795963693	1.3488688631828063	-1.5548304457198763	0.14617856191588094	0.49054772315515144	-1.1821314486595045	0.02233761253674625	0.2188384048512883	-1.5181243408085636	-2.5681927449191257	1.3152144709522184	1.0380398873454544	-1.9196323996972136	2.9117550211621186	-0.4531483528873294	-1.3400676675508159	1.9317702064879094	0.9939055225511177	-0.3232009851342898	0.7794770048924144	0.9028725801096906	0.9234362495755466	0.6796880085931151	-1.4496304790099956	0.9071688872720698	-3.2091396849664577	0.7103513350971984	6.75721448970198	0.4723036871834445	-1.7236931734952876	-4.257447395414222	-6.8197478762511095	3.6497642945517685	2.705233368927258	2.0855995502407323	3.5110361995931356	0.3750670955339944	3.0759280713574855	-2.133962638995255	1.7436561557674637	-0.10414438299897519	3.086049288868738	-2.054763410578037	-1.7733555756252286	0.09906040558205978	0.6446846666111107	0.1465397515502375	-0.9290691625503213	0.2248401422097241	0.2838055488962393	1.3861914091098362	-0.866024555966499	0.34209932184672476	0.3288343142280594	-0.13281756820593774	0.07042784367798108	1.2040685521871144	-0.5287430135765064	-0.14795993010647876	0.31334741399010774	3.1580977236770447	0.8490159943676713	1.7718414387387695	0.21567715257969383	-0.47670368697578724	0.43386612861821783	-0.09754210852449934	0.2969085512253725	-0.3290768835953322	0.7143069632920329	0.16151595336743524	0.06026260237649018	-0.5992798656230377	0.8105410332108637	0.31792290836634945	-0.27408636715126267	-0.5919708969086361	-0.2121459949492903	-0.4906068139785307	0.5460801264642027	-0.013174482338583782	0.7271888130828865	-0.4244803697569259	-0.25542204687191156	0.48759400488787613	-0.12245689917622464
DTXSID4045890	2.351212711715728	-3.4118896881933036	-3.7777824386720598	2.8438285783055313	0.8009647243455525	-2.0024259864838387	3.9433226022020067	-0.9875469110925196	-0.9122298706840254	-2.233641936146816	0.6222025113368984	0.27855314293678696	0.7557378339261298	-1.1517763664231613	-1.5698559561855847	1.2581859259876103	-1.2616898172886235	1.366833662873334	2.1311833560126616	-2.122668001242851	2.4436884076324095	0.25271036993762164	0.920888171981531	0.3405454077009709	-0.5346543570979613	0.8039514533962443	-0.18691987591348608	-1.2942824472657493	-0.4833933349465115	0.08167352459378928	0.42572348306348473	-0.2145963966054182	0.19646946310877916	-0.006854299107950214	0.17781346978890883	0.5337882828109695	-0.2304908521839577	-0.04350887673435088	-0.5781932919716227	0.5686294062362697	0.8286623840677974	-0.3623257241669168	0.33393014575666596	0.23343178852689395	-0.5240553820806411	-0.5418429094807165	0.02356009561257918	-0.02495171517091448	-0.28727835454590733	-0.21512458120940225	-0.173070514872641	-0.5558030848399845	-0.16226516573724642	-0.44118093707309325	-0.04436529650215713	-0.3211164174625448	0.5554501420972183	-0.1412806557985333	-0.2274800922711233	-0.43512828628651123	0.28466270863359294	0.02373403480531746	-0.3548337309496243	0.19318133395477247	0.19763662913528493	-0.4007340990406582	-0.04198657168580842	1.5818384130790988	-0.26846028698376345	-0.6320771779508428	-0.16739672110686385	0.31691621867785763	-0.3275670823150377	0.4526931293149262	0.36800445360373624	0.2251581998756431	0.2127545207844389	1.0449012923251249	0.7922160854529262	0.5933663178302228	-0.29753487368590065	0.3900824425350281	0.28351538815868743	-0.4060760549137154	0.4958875510276456	-0.3404354392190957	-0.5142703410400056	0.21785414350161023	0.45813833442297	0.17604333226312488	0.46844799173484114	0.5585035277506519	-0.3348465738834251	0.08508345769585884	-0.41954444182483175	-0.3642469722000664	-0.07382069296615269	0.14609710029544482	-0.3342847475630326	0.3101948494093797
DTXSID1047780	7.085459260637392	4.667728179005704	0.38863127107335976	-2.032920948636042	-2.016944187523186	-3.338512495446435	0.10919482426048717	0.39025689129480995	2.0692588348319174	2.074539499709187	1.2822360834788409	-0.7072466682615076	-0.27218981977247425	-0.9429136777613621	1.8600890633500096	3.474407328682117	-1.4585274174966432	1.4732119206349552	-1.144450523125294	-2.0009798436000477	0.7421595008420909	-0.49674341228557745	1.0021051460867558	-0.29854400503146106	0.2006683235213053	-0.9254445919516597	0.13187130105706887	-0.03636225072789808	-0.3366969112912546	-2.3116292255021125	-2.182157713950762	0.9474852107137164	1.949067356403827	1.585386740862575	-0.9738871299868833	-2.8757569481216647	-1.8323525217706362	-0.2489735778431698	-1.4731628422912237	1.3588090567687905	1.3466495087419614	1.6892534593480963	1.1748000511589123	-2.039242559010388	-0.549632081053451	0.9531495973322817	-1.3117631973507922	0.3896277479409867	0.38374769028869654	-0.0071805848603493224	-0.30353980659946134	-0.8714272453123653	0.5034684445709329	0.7182363642138745	0.10801697717337042	1.4270562685214778	1.5532276392724675	2.4084871820537748	-1.702596666520187	-0.6685685656874548	0.03382038948842691	-0.8816440444476222	-0.38053627681619234	-0.5082496929304569	0.8133362983325528	0.3068273181687409	-1.2328504896725865	-1.7034301888126084	0.22920896572126673	-0.8374280626415928	2.532662771640064	2.3112370106441693	-1.5255225648029491	-1.7657878362438104	0.013994057137035389	-0.9691665836101349	0.6148150993987541	-0.6852287667535045	-0.5527322939285282	0.6902827614764574	1.0028571608875945	-0.7259686983707371	0.6469642558716531	2.057440279366557	1.3268419925624322	0.8035959300086016	-1.4362097537947534	0.7952612681360963	0.37908441479302585	2.344157090085419	1.924922447190693	-1.1217216774848406	1.4148518702984976	-1.1684810469401528	0.11615794819514778	0.11253871850236269	-1.3345830595441919	-1.1765640832642394	-0.9206700938989922	0.5306411432778032
DTXSID4022523	0.438720262592648	1.1931512626259901	1.3240069188334374	-0.8408865442355508	-0.9470652475069994	-1.7459153019093672	-2.6282754820898764	-2.3020026920849337	-1.3868265243049964	-1.7218470823211953	-3.7354247433900243	-0.016022122619927026	4.15210394679993	0.7596955811833327	-0.8092765204154972	-1.468628990113845	-0.8711993390214325	-0.9238234980802328	0.04521481385834597	0.35398548759613174	0.7980513363962898	0.8723459481345371	0.6605674078160589	-0.2221769408485425	-0.05219575065831629	0.5791519808524985	0.06088952665423064	0.5293295546892302	-0.06695951569486637	-0.3320730752145257	-0.1782778018792217	-0.19582978344830235	-0.28016536899201144	-0.4772987660080594	-0.46940297577198836	0.051733361896868	-1.1340845612424535	0.4036106038256082	-0.14812641401356128	0.12759857171637123	0.2252243480949549	0.3285545635584923	-0.06306308872901377	0.21129182375295766	-0.027780264342163172	-0.10146093129720148	0.2742971405465383	-0.20378730037117013	-0.17951465598765642	0.10703042607762069	-0.03357483870981576	-0.11776024095111633	0.3600937898771291	0.06947513713421567	-0.20632818370898648	0.03823041599819114	0.16763751927314718	0.140504039121326	-0.3008511150679959	-0.25645649896205236	0.26288271752769143	-0.014610441769186197	-0.09334275849089761	0.49223025702491946	0.15404657731325772	-0.877947230405734	0.3777921149504	-0.37433605061527325	0.32517637962297374	-0.2704887355579412	0.04020043878582384	-0.2334664921141277	-0.0019203536505852511	0.014680977809453275	-1.0535633711394246	0.39065340808991755	0.2545559215937424	0.15366720197480438	-0.18890717553063585	-0.14584660894024087	-0.16477053283290213	0.08670487352328647	-0.2693444590437948	0.14490283125025052	0.3106834481709887	0.319861015917896	0.21665601527750633	-0.2530644464018672	0.1729045703417724	-0.22861216896258008	-0.16906163202299818	-0.03379648791449598	-0.17946716119163553	0.25543086851341207	0.19988126227101935	0.21905300728720398	-0.43983839512585965	-0.2102642352708767	0.19252737785072455	0.22151355719558996
DTXSID2048747	0.21316339979184537	0.5810973028576599	2.3509884925744617	2.0619749373936944	0.7539469396726717	1.0042250900794958	-0.2788896453121247	1.6120583928718648	-0.10253706906857199	-0.3887514595526446	0.4644430573080081	-0.5392317006420457	-0.328966752080062	0.97223424441571	0.2624616620879562	1.517024127816862	-1.1311136241123434	0.6636879495985227	-1.7178931267884214	-0.2817312225333535	0.7882753892966521	-0.6132856379741084	1.3723403458631251	0.36223033681446576	-0.2547993059837894	0.8196936686626688	1.4482790384609714	-0.9858899714073276	-0.20019594049326925	-0.4421677467363187	-0.7182435521544528	-0.23479666093324492	-0.010233896810909264	0.1355294275838719	0.6570824419596087	-0.850537934858058	-1.000954618565402	0.7629583569999082	-0.34563348460382454	1.5582695230441408	0.2549046085534794	0.9975562672991234	0.5774453518231932	-1.8898930462410364	0.12985134318389563	0.4258014324973297	-0.46730317300827195	0.7091789548456029	0.004717768182667765	0.08036867225866351	-0.037813088074592695	0.3864667924293767	0.4176203865532499	0.1262246585214203	0.2277615566489907	-0.33071469734397063	1.1595658433292544	1.0293822741531269	-0.46769523811435626	-0.35390837539358394	0.6049856649934652	-1.4987664528825984	-1.1496978658744585	-0.838030934218417	1.179413125832505	1.0823302037217761	0.1934070706680903	-1.5750019870228447	0.38720773372905143	-0.8556583095026046	1.5699108372507735	0.4989961178797572	-0.7523323339525814	-0.5550365075122947	-0.044988181508253566	-0.0730081826361344	0.7742275374309499	-0.42227386976418924	-0.6553459130593479	0.1392381414493298	0.23378638154934966	0.2820611810881124	-0.1468017275587639	0.9476743793577916	0.5851698117728908	0.3120394195927364	0.0451382320883453	0.05843313961493292	0.203564096494938	0.6814022058060117	0.9684252443634838	-0.13889480803579554	-0.3289395052954133	-0.03364564959539905	0.32897291048567795	1.0130907715118473	-0.0731675080338051	-0.35915193701165077	-0.6803298191811387	0.44997105753015243
DTXSID6048757	5.9410537806375	1.6843392778021737	-2.8618709451225484	1.8074157555415005	0.9586953047310608	-0.75685457947511	3.9169275973626556	5.936161837162485	-1.4529767980298425	-1.2962534853694958	-0.6669917222482603	1.1433664175473914	-0.6421225425917059	0.8394780638989577	3.7319239290528534	0.14709825436573679	-3.225273312034624	0.6980580720696737	-2.0995917748458655	0.3750816808583964	-1.00348859360841	0.04707076520837589	1.992574608532374	-1.8814142940226737	0.5578356394686165	3.761715873987716	1.4900172970914471	1.0646874621259228	0.27820057633912965	-3.5549519004005163	0.916601084387033	-2.742197628782424	-0.1082533184315445	-7.572203746385921	-1.6205720720423173	2.3415629483139786	3.6760132095446765	4.548364754379077	8.242607419479059	-4.161957563426575	0.5039530331772774	-3.174401090778502	-3.1251652870753754	1.9164083014854096	-1.0349232976172005	-1.503741013370995	-1.0240919683125975	-1.612232398201011	-2.1255014449975316	-1.2230330113151404	-1.0423037837593097	-4.843410004013411	-2.3558445372918224	1.222204892385863	4.38162025790893	6.437762037749128	2.2459870457792404	3.587962471539879	2.442029122437044	-5.5126286113581715	0.717831658398531	-0.5765299872723558	2.8996912449075545	0.6476144342779502	2.032070629044898	-0.22378192957296847	-2.5349166370779503	-0.6734514497023729	-0.8870635411763704	-1.7789142091362102	-0.6344244431027568	0.23973745549454384	-0.5301408654311844	3.1088619430745252	0.1344501090294703	-0.6306047047510639	0.900258016426393	-0.23098943977167016	-0.8607846888836216	0.583964494858285	0.46554131248370995	-0.36143490834504227	-0.025830750445768384	0.07866496510261745	-0.43000684243069326	-0.34215200163975035	-0.5749918359470674	0.22811206069510134	-0.11456570790187384	0.13110068813622258	1.918132829675187	-0.12921184739349614	0.387153556797124	-0.0052301720652691295	-0.5907169805278414	0.6050186903065359	2.1862547209288223	0.8256231665080931	0.17800668162882338	0.14010033907102826
DTXSID0027436	-4.417406412880993	-0.17581268446427012	-0.9701693255934098	0.578287156720687	-0.7499226240320582	0.6470679272858687	-1.6689719591815566	-0.07577262333902221	0.06927720622400257	-0.16087072584081447	0.3928867301946586	-0.5874128121018221	-0.5166421735114693	-0.5084485265645429	-1.0530749540301783	0.6388923772360189	0.1561033899025728	0.2622294055375801	-0.6526176990034984	0.27007085766647265	0.7396001764392143	-0.21187667420023915	-0.4059871761113099	0.15272784310916204	0.016739303229818668	-0.31954425773277545	0.04760752014509198	-0.04931353993628291	0.13499068465292577	-0.025710131577563255	0.4823881054569346	-0.2735245120803101	-0.2336521093863424	-0.014064040411074905	-0.3877288367732912	0.09551035241792133	0.12234556388956669	-0.016645951188094338	-0.15468802589316052	0.1798279315591547	-0.028624303576554416	-0.13869697344165796	-0.03036200320287164	0.15915878146281298	-0.15928524208148456	0.2635220357158544	0.3217977170245404	0.02447480994147385	0.009093177136790727	0.1150907543132711	-0.06954748169377174	0.075305937915455	-0.15240314158845952	0.012654908514519662	-0.04392887212711757	-0.08557946534229881	-0.15955076186693828	-0.056560915232522484	-0.48408218528710995	-0.33529371690854687	-0.10890620454919152	-0.15804724040789245	0.48932436526533446	0.5629649252245399	-0.16880015120709674	-0.0168309886047486	-0.2775142642343706	0.17159371422256403	-0.5930775312323096	-0.2933018479859936	0.291569429058625	-0.09041023767683334	0.3296279706188145	-0.15515402106847617	0.053014369562869146	-0.2034617002895034	0.20338931609965252	-0.3104836981534519	0.0770036311475156	0.3913719541711655	0.8698390083505944	-0.5069176088496226	-0.1748936926720789	-0.7178204657451916	0.052875728873176715	0.3088013148969556	0.622921537118894	0.6350077653331787	0.46527671152403877	0.41099375622265544	-0.06970217666414927	-0.6315034480990426	0.4394077224608987	-0.2245197252798562	0.6171338710425184	0.4922818825030248	-0.3343809199502393	0.11372937722172019	0.39741999121794636	-0.15782881705502588
DTXSID1020433	0.4748831669358395	5.464528442097437	-2.964812090901911	0.03286577550376958	-3.5625389266753844	2.716560594821382	-0.6827450878392178	3.728342759380428	-1.5419913958609623	5.969187693034176	0.43108690648479286	-0.8613933063538163	-0.6710598757120467	2.3480102077110163	-2.661381415218093	-2.5276768346979672	-1.1084069193910286	-1.4506709371683082	1.3604670397965628	1.0597358930003522	-0.5837298442354335	0.3619125832268833	-0.43608836152141084	0.0917612993880823	-1.0608114793565273	1.1354648816145572	-0.7665026731168677	-0.3928378895929294	-0.34570051008869696	-0.10501737505662023	-0.4502298880439677	0.5133613596512502	1.1033593511461566	0.022613561677350603	0.25936329286138077	0.9212263234633653	0.9234779667569919	0.48834036059632513	-0.38758679736674684	0.27411382578452437	0.3650090310035754	-0.7117037081712896	0.5427096774148745	-0.3973923538508686	0.43195495170084486	0.20025176892829738	-0.1316626662071443	0.0864448399813803	0.04793410072160471	-0.5192189236071307	-0.33363834959713856	-0.02276845600045525	0.021602824789539687	-0.3104847754328864	-0.22546047488413326	0.7393042921508798	-0.10234097860854262	-0.029878271576135408	-0.2924532123613227	-0.33931367607071666	-0.033356585915726496	-0.0608777012605288	0.2685928667191939	0.5292794992215025	-0.0814737510929944	-0.5148906321730293	-0.04957657134590756	0.4659637410285066	0.7790655370282097	0.850313082222188	0.6599767845727397	-1.014375671414093	-0.37465673242286135	-0.8080139454562836	0.6346277475410591	0.32197011551227017	0.7016198057728963	0.2332700211883385	0.5784595788123749	-1.2037469482730543	-0.3934988642929685	-0.19362563265029314	-1.2457052999374956	0.910967669206338	-0.48389036211252456	0.7008600820918667	0.5996390480092334	0.3590274342099743	-0.7208818531896317	-0.7507946599047647	0.9687621754979585	-0.039427015104608394	-0.8140458044640123	0.061017244717803544	0.15930119915087976	0.12040566948178007	0.49165372112492034	0.9879083183948663	-1.3606155449231008	-0.3588448335411421
DTXSID9057761	1.285839628782527	1.9724021188451226	0.376711094627224	-0.28150302863498783	-2.239470299497754	1.2259320795220208	2.5170669308029736	4.938172210115859	0.19592611184829778	0.7367019159117911	0.31894615033117896	1.0797409660448265	-0.4022270295968804	0.8032788183835471	4.030643490219415	0.3160791700701242	-2.645466307682591	0.2517033631960817	-1.1423901835108312	-0.5093618614771289	-1.2133642495922252	1.1956468810415601	2.275728223132885	-1.5644445476244797	2.304588312154017	2.296982028121661	2.3254937561171967	-0.20340588603637855	0.22559002691693883	-2.162846606866274	-0.22994044828344462	-0.509815972454434	0.9614226874490154	-4.877596600484662	-0.484259172448242	0.20120682882623206	0.4393381918157435	-0.8052411917812767	5.267389244661889	0.6899804030909636	0.9079345629696964	-2.554328812013826	0.499908357706522	0.5671482260133826	-0.20101238942564714	-2.400447785163305	-1.253542319158968	0.6717427608619362	-0.11186511368013938	-0.6818349363625664	0.15650358456157798	-1.2414215281210563	0.7115450822066041	0.41925161297948993	-1.4191883171429256	1.6996671798495504	0.881564273138247	1.388434728932851	1.2101408713618238	-1.015147543444137	4.407963978362625	-0.37353852710028546	3.4033408977925594	-0.7443450816004635	-2.349223230122756	1.1464226210148438	1.6020824519808743	2.291553755871217	-1.3270867888504552	-1.2023032737548978	0.38968115021049854	-2.400279941540147	1.147582270272826	-0.38867188110599504	-1.5470847107307524	1.4185490561564302	0.7952934566988091	-0.6213506664622281	1.1727323089904707	-0.4603238816366739	0.19820201071361837	0.8711402964421261	-0.8658312880189035	-0.5378786572707297	0.056478350736738354	0.13855001664950256	0.864481739970481	-0.42024942465866594	-0.5220424176702905	0.4386551521039893	0.628874496308133	-0.5009649171981783	-0.04701605004421858	0.16110137358691531	-0.5641049507971193	0.8429983864106911	0.5191682234481816	0.27492235462380515	-0.40327839870099363	-0.06920591800564484
DTXSID0045670	-0.9940467236109112	-3.8798296484716546	-1.1261845561994446	0.20961262254171398	0.27306853473774717	-0.6344757525000314	0.14535328301650238	1.9504024069578145	-1.5988601107269407	-0.5422975637439951	1.5099881742892065	-0.7451511290460745	0.7626681079769487	0.7517284000897259	3.699019203184146	-1.2604308048646293	0.2831003919775715	0.6596740413326897	0.5332044232635853	-0.35428297978985973	1.5617747029212892	-0.7874686205850148	1.6755032300272545	-0.11256457824749767	1.2269318627336927	3.5967502458965224	0.8656080867890837	2.8923512219937537	2.9725541026825235	0.8404591188675907	0.2428521901247983	0.18594026099776934	3.0831497194548048	1.1913000456729657	-2.392475797796871	1.1106602243196062	-1.2902401522536664	3.6808900974088927	0.19399083694530106	3.3930251424943534	-0.24715558694824885	-0.4492814752327909	-4.376200330467359	0.1250061858705716	0.7085827473383511	-0.44938803843035874	-5.124596469893679	0.9446705940385719	-3.271040120344448	9.349841810245694	-1.3735869312663045	-1.2617897998831562	-0.2586883731860823	-4.450104527211279	-2.339461615130926	3.0631876701133853	-4.1524085141055265	-5.072705626030573	-1.259841969058369	-1.2325979332800878	-3.069325018239521	3.8882775547236896	-4.019977733081432	-0.2955964662384707	-0.847295866505498	3.77728457143023	-0.9279038156443502	2.0725023868291115	0.6987192660906025	-0.14018618859040632	0.42734830842418536	-0.758230959460991	1.808282856561432	-2.617618299188766	-0.7483699060691757	0.9228837391675268	0.43515897387220714	0.8301803929469054	-1.3999488914173446	-3.88754017278031	1.9078918453776543	0.9318112085276041	0.23959455171824573	-0.7856079106781158	0.0841851912970924	0.9388599811059766	-0.960585527757543	-0.7697646393809181	-0.6158150973078209	0.6660903994620575	1.8186356757770654	0.14872503279545665	-0.045734427204001074	-0.06427698319750223	0.5997182747503742	-0.2701431276730975	0.03457079015648664	0.15559025745227417	-0.8875613845114511	0.27725496050610926
DTXSID9047099	-1.1870525093030426	-2.9521653355645108	3.29347452180175	-0.6224561005396968	0.3163379558919705	-1.4789187418326089	0.06851345691241184	-0.03728215152132446	0.6267735971654264	-1.8906098200404642	-0.5986346432604799	0.31602598157499767	-0.24507499580241568	0.28475414782316605	-0.9104027889274507	-1.7389100534818756	0.8558581013691581	-1.7991398140185	1.4809992720016636	-0.05372457475182358	0.42498381905695476	0.7081563536939293	2.0575014832931804	-0.7114610576952621	0.6499703936263628	-0.07008465473312235	-0.5593445378660525	0.41320107719967025	0.11771928303701094	-0.32032071505740406	-0.6678813494096457	-0.6580829222229357	0.3331954419385954	-1.571581321725562	-0.33924939048796	-0.7913462179714789	-0.6470387537002703	0.5537312900262572	0.21638612553773964	-0.040838631054907815	0.7141706206197993	0.21594636872723222	-0.5904933320116972	-0.4967093277432778	0.5156496600401566	0.734761448345055	0.7665791212374827	-0.2580222478109193	-0.24258472726588556	-0.36127175831366565	0.06428908484893388	-0.052922958730447875	0.273756840766621	0.13467273365042207	-0.18927497668969354	-0.8224578821451037	0.5893594163454362	-0.5268292102954077	-0.00749316999362375	0.7198055202619067	0.4217399127138855	-0.5054950258329308	-0.7816825034990917	-1.0315340306364706	-0.17395883009794	1.4096106821421461	-0.6367521253359669	0.1363357422909145	-0.9137472790576419	0.21386655372647131	-0.15232794704427316	-0.05569554430660702	0.08771734868406485	-0.20591838505906854	0.9344216561734502	0.44623998864157033	0.21648809062181437	0.11053156513961442	0.1378529108953816	-0.18143474581481445	-0.42135379783702237	-0.270084123545604	-0.16591777644478375	-0.004106383235471709	0.042115401774996564	-0.25348234728603475	0.10462371482688644	0.5710107403062086	0.07144356683332707	-0.0761946007099197	0.2864524658255522	-0.18839882762293042	-0.2419250024964488	-0.10566239404552186	-0.008854640443613648	0.01800287942376936	0.7092252264972941	-0.12939730942813676	0.19132456272253567	0.35630143646387374
DTXSID5048843	0.5645314555344546	0.44164229214761547	-1.7235950722856197	-0.8267525745321272	1.5152158969795	0.3907886303966886	-1.1099783627308555	-1.8683077087129656	-0.935097122967381	0.07370329414500768	-0.6830424180552843	7.027496261200693	-1.2081604215580186	-1.3063981032920509	1.046394569368577	-1.2301809982128307	-0.0033451346660917326	0.8019942972696597	0.7874101408113129	-0.7224469428333469	0.2535259557630775	-0.2730627206042766	-0.41265271905431833	0.37315243554198935	-0.16641129295348642	0.2252935962839814	1.0863452324478924	-0.43018322317752083	0.17634170439389535	0.10798919978867287	-0.020592202506997746	-0.49946895634760385	-0.010645941741727715	0.48542772727041367	-0.7148238030964402	-0.5083280536738621	0.6063149037101548	0.30166800635562446	-0.5619316286713929	-0.8900592521312465	0.6401880677672432	0.018293420643772554	0.04397515427465103	-0.10328394598721079	-0.3968815802153283	0.13872194242931055	0.22907735448048988	-0.07813993150722108	0.06669860045507156	-0.09335266418378096	-0.12878337089128553	-0.11399196143066022	-0.0803634501562894	-0.024228472196422136	-0.048908573345266236	-0.0255693260027045	0.065344625903497	-0.02616519692216248	-0.0165588542748209	0.051911163229680146	-0.23727728121588917	-0.12805273505692674	0.14967660155096535	-0.09969325818833182	-0.4954371513476414	-0.11246275497209485	-0.501161923192363	-0.1480943266905088	-1.0025368976439022	0.1305644036569201	0.10960359867267659	-0.8152891884360628	0.0565251970490074	-0.43173111106898093	0.3946725726149804	0.575121946789685	-0.9440804405581203	0.08459694255715715	-0.28551892710620425	-0.6551286795592889	-0.25859342714523115	0.07382452599458911	0.46994846907018795	1.229162687399757	0.40243712989675584	0.8598110547075509	0.7634583012222075	-0.7593553019977298	1.213352466201627	0.677619633214936	-0.41521679728730376	-0.5830032474242148	0.07885323761289913	0.6107472073181412	0.360427904810675	-0.5925305098396252	-0.0175671265556756	0.3768539547994118	0.15045272863472076	-0.30377753956702525
DTXSID6048624	3.541631130501506	3.066360166174737	-4.553197850652712	-0.06131710335882919	0.3467267521592924	-1.2117371056530364	-8.129327387800439	-3.650010158237609	-4.637184635879111	-2.767871607826689	0.4027999220769401	-3.049760596176554	6.426118324847456	-1.4065887879261347	2.836163470295644	-2.3946628586766794	-1.2380007808208728	0.20773209167555723	0.03231422695493676	2.281692558669185	0.5053190583693413	1.4989877708125252	-1.0532909287747536	0.804196014447879	0.6917475752661553	-0.36717842349719326	0.5011292161689845	1.2320124278080178	0.0989053695620488	0.5817869086995319	-0.3963554270809032	-1.162219279878924	-0.3959228553222218	-1.668195186180278	0.25672426568902706	2.8921893504521643	-2.742576950455085	-0.014391792969607915	-1.9107060887206595	-0.9666090832689724	0.9671657023728923	-0.4131940863045881	2.7428406641299476	-0.7506496878609273	0.6500747600562934	-1.1884393167701675	-1.120653093430934	1.3723368382890613	-0.4186490968173818	0.15440792767238565	0.38783432064909595	0.7717101818694766	1.1928066249917613	1.192885976815007	-0.6678385857192956	1.7147808168073249	-0.9968328672433973	2.529909422717144	1.7094286194202555	0.6320874449533621	0.23772219323455346	1.8337796930851997	-0.3439133761505434	-0.3706582209582362	1.0671018912439192	0.18082587366217617	0.3218328990976683	-0.8989998341799839	-0.9085591978408267	0.3316848819048543	-1.9676198467231785	0.41457584310584233	0.7965529663942649	-1.792544328562417	0.4653790593712761	-0.533327541933294	-0.4217486750063817	0.6094253615558428	0.7832588139023352	0.6268560649018817	-0.18586151654206728	-0.8016626600819973	1.8001927422285715	0.8227904110181167	-1.1386625518248639	-0.2801182240329328	-0.9069374910095434	-0.4855109764898204	0.817987665029808	-0.38244754809888537	0.7286039209174757	0.07987267790583298	0.9931815206963882	-0.5318320462693253	-0.813176611428447	-1.1534170718325554	1.0173442815994815	-0.13064465385185856	-1.1806476030693551	0.7571293211153763
DTXSID6025068	4.827239395743969	1.55190220563316	3.489396928311686	-3.704736689742558	0.7705558247019388	-3.7975331480880348	-1.6399613533086208	0.531700613530966	-0.0036970395253251697	-1.8902580626298713	0.035772172807694784	0.474105406159077	-0.540685930694776	1.6567570201674309	-2.3150901863995523	-0.5690031534317458	0.35281513666551184	-1.2589312343643322	1.012419804998642	-0.3694256911470916	0.4108782914399909	0.5941686794202024	-0.24667587453571874	-0.43797338429833427	-0.32341492885685785	0.2973525113952191	-1.0460232053444856	0.3164638730035824	0.4667070679672587	-0.8159871190936651	-0.8656944823831566	-0.1608987967122775	-0.6274147148183091	-0.8236206204074228	-0.10879647394586031	0.7160246995736468	0.11553912031223951	0.5618792844747186	0.021615274981974467	0.3511474437462206	0.1307510723652393	-0.5835942407007721	0.17205876605703888	-0.19329490452441045	0.03973447701642972	-0.04857652024556959	-0.37092230228325473	0.6063695789830394	0.10731525403552748	0.379187895831871	-0.2215318412214703	0.3186672323600379	0.19804683562786135	-0.43474448856444364	0.06295942553136429	0.19880273903020942	-0.2965836136713407	0.12822695934245085	0.11492503153212918	-0.16201734432494985	-0.38330001944951075	-0.01884385170874545	0.5544300961779501	0.2698712765792911	-0.17120867008213983	-1.0486428595253443	0.9265910242511579	-0.25300625139887173	0.3974087071434787	-0.019574716884334716	1.1385712038386409	-0.03345300886001148	-0.28224560983565183	0.11963066295701559	-1.6861526672242932	-0.38974891194697026	0.6229258939134591	-1.4228644926150165	-0.303738013845724	-0.08781089544343562	-1.1424635000168262	-0.24279775316773725	-0.6889020544120646	-0.4449162131115221	0.05338822066521972	0.3203805093444687	1.224912571480872	1.275823942325104	0.47108798110889955	-0.6987298073565382	-1.1579649077197993	0.43757921887097206	0.07938705442936156	0.3047865171770862	-0.30702968423728383	0.5780069078242432	-0.8808898383747479	-0.026141011989350725	-0.020577634556615314	-0.3101133175711087
DTXSID8047973	2.70611081967986	5.16039030541829	1.6037480392690462	1.6478922935500666	-3.8931062971371544	-0.145715534135569	-3.9811034884401377	-5.996074567964629	-1.007007463983452	-0.1193019049526985	-7.064869124063935	-0.6011882651231687	8.623449540341273	-0.4191912296356305	1.6939089948255146	-0.7748398015239385	-2.605222752806889	0.8418741045035937	-1.2510615055566525	-0.02813754737432757	-0.7511020718261614	0.9221275394097262	0.07695075947449456	-1.7692853491520175	3.694565176642284	0.009104187790466263	-1.4343139656567123	-2.10602217388664	-0.9622968270747756	-0.3506075045503438	-3.4943927928328877	0.8804900666524901	0.2478428038803245	1.7643996236562183	2.1066113507561357	1.2350839542308762	-1.7204343303063827	1.0400509840849668	-0.4861646373077274	-0.06875415025328203	-0.38437396522194045	-0.6754352443644469	0.3875562446133626	-0.604699555996067	-0.020635388715845162	0.04326459427832693	0.07709220474275	-0.4306447805131369	-0.35801193135529624	-0.02646873970411216	-0.019854627556685277	-0.7966964558060038	0.9469016297414126	-0.6921447619835254	0.247845156143326	0.6230271494707788	-0.9983238832547572	-0.1599788567734578	0.7159861535814164	-0.9307139464232359	0.4669472643063636	0.840156342332298	-0.3193425505116751	0.9662351451940895	0.8560629101602067	-1.16993053746548	0.3270501415061536	1.8226680717945698	0.6310997638152652	-0.12232163709927991	-0.11098693551865887	-0.7044117675614303	-0.1232809276503082	1.3321284733202252	1.1255138456585518	0.23524724509887604	0.6965939172300112	-0.49468588486498793	-0.08569571538516702	0.7190627042281102	0.21488035898569027	1.1180034673399464	-0.2603994967548298	-0.16773002453385097	0.4327940833211979	-0.13724398857635864	-0.3835362427239787	-0.32750071095722477	0.49807786643177754	0.2638257451937915	0.21013990619423945	1.028613444879579	0.007718635103499639	0.4823258015192328	0.014826509928192838	-0.12817185270151135	0.5278369619943165	0.017778390237501183	0.12210070035139109	0.2859799103576932
DTXSID2021317	-6.002953863036495	-1.8581880347636683	-0.11332502199195008	-3.2162162757497788	-2.215058362849772	4.731420556972893	0.18751511523838796	4.076123756517342	-0.9265542159373858	0.4269276987722768	0.08514325056834085	0.15874911321968274	0.8402727171008535	-0.6705758977299169	-1.0390914131021227	-0.2549958148038377	-0.7289688535143062	-0.7204035406016749	-0.1764308038731445	0.09922822649985166	-0.15795230551334472	0.2901129602218942	-0.22656138093144693	-0.24986125407360468	-0.5422579138047724	0.41480010000664724	0.23896320330451482	0.3465846999938876	0.01444311759653086	-0.35958180211904966	-0.7899192940009211	0.6293280848372651	0.3229203350953845	-0.19820369183322492	1.2543001184811227	0.19036366072470237	0.047595716179270886	-0.4821240448938228	0.03419682585153341	0.2764943628079896	0.012707249831675715	-0.1351253788826085	0.07172374862942485	0.2867174897405761	0.05662287361472246	-0.07996229422757847	-0.15021735166514094	-0.6727865890118301	0.23946104246898728	-0.16681872024142894	0.2788405881299355	-0.26711313460444	0.49989638409134807	-0.11926110841264302	-0.1951560370865866	0.23577936544350112	-0.05403322084194355	0.43734191843600767	0.27186515926750043	-0.31280920693251213	-0.6756371975554419	0.2981573847336786	-0.18525411025421454	0.15531872994744844	-0.5165869828272386	0.5227213723666815	0.43467811538147244	0.23042566719245494	-0.08534254791104892	0.4957231076730208	0.3936089418674962	0.6216341377653457	0.02661586297613042	0.017715149879428717	-0.21305493276727427	-0.12393341390588002	-0.4074957172480572	-0.14226480301045302	0.43594418984370525	-0.638282453734474	0.3312527204262832	-0.6236081245288331	-0.2014768167036835	-0.5693984593340261	0.25977970644813747	0.19316244637736815	-0.29467911450185563	-0.37945368851449196	0.5309183440627553	-0.0730805508945805	-0.5326472574612015	0.03126629057361265	0.6123682098323319	0.5180938511034995	-0.522666595081118	0.5339073054989959	-0.04045088154226255	-0.2830319597190743	0.3375441311666569	0.13261206684044322
DTXSID4047206	-3.404430468072762	0.9523269244179866	0.16877536390301331	1.3799404018109145	-0.20999683121008722	-0.743487400237938	-1.9619451363329936	-0.6549747998588544	0.09215703573770992	-2.130616587055748	-0.6538945255569981	0.14813625885578025	-0.2853850058487419	1.60012778128715	-0.33735161658913065	0.20123951739736906	0.30361651455890487	0.08994092921400466	0.6226649220495979	-0.5239937500791148	-0.1823737339759994	-0.5511879306962361	1.180868223777922	0.9998955993287253	-0.5927494063058171	-0.15439584070531337	1.053686024242058	0.9587143529538176	-0.22550374647240107	0.6614870451142912	0.19356375967103345	-0.7269653578462708	0.8342669216136319	0.31390557856572077	0.021642127500383353	-0.7255577857899418	2.0716918006895066	-2.099078504984613	1.1992653277311418	0.10930460228084897	-2.211327973360283	0.7029740905202734	0.5961189361518187	2.267048035950671	2.2512354140118105	-0.8256058329739104	-2.099263970315809	0.8583428456522187	0.8715014165009304	-1.0779575765393543	0.06680088872164985	1.1104623970862182	-1.4894439066411767	0.06875258397199598	0.1470753110836698	-0.8917825119729673	-1.6978940482304912	1.01811807498171	1.0956082723690335	-0.24263167651539763	-0.8404455612856531	-0.16276409518463023	0.18434567361581625	-1.3456701970243043	0.958016837242633	1.0036309804216983	-0.6105876907049614	0.27076064925947974	0.15653607238717637	-0.49610101594832445	-0.5990082600169543	0.22253843095912298	-0.18082264515170482	-0.7223051111903278	0.560016905219627	-0.30192920734883977	0.17123663249961618	-0.6339309703222181	0.28685941700818113	-0.5190865371861455	-1.0699879767071259	0.5338854989423913	-0.13631987610987392	0.519179152473055	0.031196576642989218	-0.1812943371826018	-0.34825029200239155	0.10496745929985576	0.13295638418502198	-0.08148746561378716	0.056053759809934156	-0.12626718118135388	0.20974802428571943	0.24024272828113527	0.2357458927821319	-0.2420410358559879	0.18638770099214017	-0.08529245759729437	-0.09820242598919242	0.006567219948248447
DTXSID3057721	-2.179897897232583	2.6713169207765635	0.14780218168873424	2.041964758287289	-0.6895758767914776	-0.24722327193942834	-2.3749236459876557	-0.5415073521459406	0.45382954375144874	-2.114420850099047	-0.31352407586592207	-0.009837722921601545	-0.4701461658528436	1.375431856549974	-0.19077087188985548	0.38779987302098534	-0.07633343276450369	0.02741052846255897	0.5857361911898691	-0.6994610888066216	0.06106074088438573	-0.6163271129633836	0.17861070422599298	0.5386082407975168	-0.4461979257757165	0.1969902280465594	0.31408597602556926	0.8170826756448492	-0.16333762499598445	0.011839131175299854	0.2866834459082472	-0.24384695743413864	0.6380388218911195	0.37656286645647014	0.14307880118178395	-0.8023908334637977	2.227004345419557	-1.3452787199915315	1.4448883932772085	0.3180543775624414	-2.006626429218437	0.8879822752203022	0.43142876572484323	2.092504907602569	1.7652006539657474	0.10352363816020373	-2.3354549539013383	1.1196158056664776	0.997083027948557	-1.2936912986052311	0.020741212327349334	1.4528671275621412	-1.8330738176110926	0.1293634009748679	0.5862122110426813	-1.5156294094195157	-1.736672906569283	1.2010174628666506	0.7766513273676743	-0.7262781717342258	-0.4227387424084304	0.29031617168155693	-0.4656936295755473	-1.5492574141391542	1.0758604112130175	0.6095644426790541	-0.8415031794322044	0.6652684556791668	0.3261681798763651	-0.2623678092410173	0.2456321805264234	-0.5517122018309398	-0.2617610962146648	0.020565350649342215	0.4542494196816651	0.3312505249539318	0.35972661414369467	-0.4612462684165745	0.052945530289831934	-0.7082610007907574	-1.0028046234763164	0.42717492161728987	-0.5291186639115875	0.17152563872236645	0.26288066908006213	0.24507825561067367	0.28961246537049223	0.25406084922373867	-0.3533609336304736	-0.12651234687792323	0.39137239851099853	-0.4899635126556799	-0.08166934161381366	0.32487408662434347	0.20577996669659046	0.1543858487610158	0.20316234651271556	-0.03787384754055429	0.6167005266400424	0.23773633249856213
DTXSID0026961	-3.4311690828219503	0.14158697879423468	-1.7468052915258883	1.9100057316609031	0.47000539006583963	0.9683706356687947	-2.513496500941594	-4.118310092181963	-1.735861413787825	-0.5929280644031516	-3.3600334064724664	4.0140641964462915	3.7132206524320543	-0.9220684482810504	1.0637814420012377	-0.9986226916168532	-1.559572786181632	-0.16284718047045815	-0.467857622731247	0.24246815467822566	-0.08232549722349487	0.556310710363334	0.9623257204593522	-0.19281031443334748	0.61030221962366	-0.15054109073016633	0.44044525660162104	-0.44000837711170165	-0.2575802787167669	0.01557523906531038	-1.2253168382756843	-0.031478360263599764	0.19565929423992273	0.41684530437590606	-0.5280211942691053	0.055026652483722106	-0.558684244801648	0.38773083540998254	-0.17362345442538302	0.03396906180965812	-0.14081761349555416	0.1907287079646777	-0.1556901322598073	0.048595229688183035	-0.18752518081638495	-0.004262373681689934	0.663154030348646	-0.3058932716078836	-0.15804522434348078	0.18402762693499167	0.03557692567934056	-0.1336234681353341	0.2710648038962375	-0.05443918747611041	-0.01502051574245156	0.28578284047811287	-0.02517276726731357	-0.055089910533410454	-0.2987038272227748	-0.39441227927641	0.5782847811822202	-0.005840237323355468	0.15935286453509334	0.24132555779629822	0.10897369018149293	-0.3463034848908511	0.0836839957618163	0.19486268583696809	0.3475990915943373	0.19322148738680767	-0.4123075050923597	0.07368901505420586	0.09611268838506884	-0.07650541395935712	-0.3548324054654727	-0.2770119911675962	-0.10163348697942251	-0.5346054478629615	0.28996848651066615	0.3585314286827703	1.0290904584673095	0.5972949209909545	-0.786242119337639	-0.8873073072079247	0.23939575517182177	-0.24100891811697248	-0.6072473831127695	0.9504198895491638	-0.50703447951099	-1.561340355746966	0.27623644530058405	-0.8510296429696425	0.15386111263768903	-0.4271269376059469	0.37206124707902094	0.11212738977883299	-0.5454748923861521	-0.6066123124246119	0.09720089883236986	0.4033860905722716
DTXSID8046088	10.705256633382355	7.008123181532261	-1.6652330355990996	0.7433073273470849	-1.6431214266887737	-2.774296797344313	5.654474433837028	2.628249249352469	-0.5341363602689317	-1.878551287950627	-0.3167476498302521	1.4312721083800235	-0.9632118920202112	1.8410582619692961	4.389437171946059	1.0563992606749124	-2.2485931701660133	1.1488253268727346	-1.289598709243283	-0.4887731808867459	-3.117002956940491	0.8210699160478947	1.6272547745653565	-1.6271098997036213	3.0847059507787664	1.4374448570880878	2.3404629230941385	-1.6735630124995036	0.7250597074853546	-1.6532006121707779	-0.6741720882832993	-0.905094929061242	-0.1846482248832743	-4.789698123547672	0.7048519186024185	-0.039084934405135066	1.0086712289709172	-0.9115226734941133	5.089362730190106	0.1653285455314706	-0.5497501504351908	-2.435843711587871	0.2521582567547619	0.07691095408362224	-0.00956022125156815	-2.7132373050551326	-1.2802859113131002	0.7448440471753779	-0.49890944259102243	-0.2506991722714167	0.048784187371709406	-1.1087060321453777	0.7585892291695142	-0.026457072523518553	-1.73602716246993	2.2706599825305207	0.061864420897700785	1.2785226369712355	1.4928838179177193	-0.30294339034703244	4.030104967374915	-0.3991434767486844	3.887519023750318	-0.8550360317175958	-1.7588510748465929	1.1301966300007371	1.2296988079396076	1.8348170827570165	-2.3196204652737986	-1.3268850007299533	0.6968695461789781	-2.5077589261266438	1.1711491668002485	0.11840403643603763	-1.0375321910969633	1.1237554776870842	0.1525947950613131	-0.5939820777099345	1.3869385397719975	0.2434509046964098	0.10872933152089419	1.8787044000816973	-0.7183431606964967	-1.3837159966830022	1.0479841288976424	-1.3032624479019532	-0.5100965759647575	0.15554637938661053	0.8500952984429113	1.4109663313734213	-0.6052189861953098	0.9064524304863516	0.019187752430669523	-0.7009817599094809	-0.262724301448851	-0.8656301089784821	1.1678390402060892	-0.05450280053694955	-0.9915269491546946	0.2597730753254204
DTXSID3020205	3.323295029097434	3.597225354122691	0.8706110326761222	-0.7636159614799666	0.7451211746830493	-2.138140476906421	-2.9970303049704956	0.20256120263367014	0.5231149038186922	-3.048328878310553	0.44464927549379657	-0.22996580851004356	-1.9778228245247034	1.8527724032550967	-1.8635840750212913	0.016636595753064417	0.9466524619774416	-0.9250558843196144	0.36815197518006937	-0.6756938555229586	0.5332332497041582	-0.06928709973408823	0.11507470390794887	0.0536060763337484	-0.2721845000688713	0.1580315303889109	-1.1980693403941856	0.03424090012024306	0.01429036129840207	-0.801874368027025	-1.5187079626914417	-0.02302888068952677	-0.9147675136662138	-0.4930329126736927	0.018248390548354778	0.19484843432872057	-0.14075259235099455	0.21367624661190227	-0.431371699757341	0.18119446069378298	0.025789588992196275	-0.1749790265972255	0.18984203143164824	0.22579562676088763	-0.4186350237401794	-0.21409543309208579	-0.08620890032864297	-0.22548836059758673	-0.19359791290390624	0.1732764203461734	-0.14973542165046672	0.051621949793376865	0.2997814806680074	-0.614635655638969	-0.28076623884601876	0.005426985154830071	-0.3824392757860888	0.09681399022825618	-0.1433722730078368	-0.48306323606560253	-0.09740003377959999	0.221890184679189	0.35096784654852753	0.8930888344374354	0.10842183964728519	-0.9167173249807979	0.4248819799582706	-0.39415776089446086	0.4831237870023371	-0.5918239946820751	0.6267914114660001	-0.4972001378470075	0.4321160958202204	0.5679349911331686	-1.6047441670757512	-0.13524729903259353	0.4246074136718692	-0.43835173294516655	-0.0023006286659097634	-0.22407043969710386	-0.1360262297240534	0.1724066573128487	-0.11136187054839097	-0.2169431799887066	0.11922884649690627	0.4112928069003694	0.4388846804646517	-0.2509210225916882	0.21064896553568047	-0.39277323624568494	-0.611375630779601	-0.2444694312366318	0.17557254168756606	0.1676959611476641	0.10035501265220832	0.2481965806925727	-0.3894356530563068	0.05853791437958288	0.04585515964381565	0.04176080554778059
DTXSID9043855	-2.5120538785556565	0.37156874547512525	-4.32707888810902	1.7562018922266671	0.562678607887251	1.5259560296308452	-2.436114692181015	-2.7769370179569197	-2.707537784040136	2.699192732511916	-3.0688303566089132	6.406465138875665	2.9612873083048172	-0.427754555498285	0.2266937432697684	-2.911059145460369	-2.7462463885516453	-0.8568158275730633	0.36887140419139375	0.3210676364942914	0.018895867227421117	1.2391620216781587	1.232754617956347	-0.45041151482777836	0.017981051100141886	0.23397372582212908	0.7029370235802596	-0.672876941374542	-0.484762068316528	0.13441773038413818	-1.051644764900194	0.16596776583674336	0.1511646072710399	0.06945047993172371	-1.1041731779812805	-0.991013904767529	-0.4930771777514643	0.7230167394702248	-0.0760741995381205	-0.17657313136808356	-0.34972796698080827	0.22135774964483967	0.5703687859104167	0.004220937497655698	0.23175325243538494	-0.40519102906012566	0.1991210668815225	-0.043753457967925485	-0.10981102489581286	0.4736807864352895	-0.0017107489414534087	0.10565241967646223	0.3221762493830271	0.140696764817959	-0.11936304584176204	0.062406343091826605	0.4423569120547073	-0.3646202924346936	0.07668550625057778	-0.013916767369585492	0.6879302376918056	-0.46033679592696536	-0.24091401872912788	0.41698925304229834	0.4609384812175231	-0.025186660133615753	0.5625497276988708	-0.7511277496767859	0.8546693324918605	0.5907781706363203	-0.3103968939270732	-0.7961013999500564	0.3373830482049425	-0.3778949427237284	-0.30456034063607473	0.12243855207999546	0.27726948254410017	-0.39735780894573003	-0.8844172316740817	-0.467612078082336	0.4521968367491767	-0.612406591595643	0.3154743617455455	0.9939114550388415	-0.268366591776727	0.7107211673057173	1.337796026367665	-0.2466523957870202	1.005152865584907	0.3631529456186008	-1.6905105923057206	0.27276786268667824	0.58429688485622	0.16197639718757187	-0.4181685782273403	-0.7672470159663145	-0.0681631610507267	-0.01884880831757974	-0.42145108271054027	-0.23838437811672314
DTXSID8037756	-4.356314282466922	-0.1757541310057788	0.582337127593102	0.9929581087237515	-1.562845823731398	-0.2469406225834201	-1.1263800686935188	-0.536081612905019	1.0789650035199554	-0.2728827602597329	0.6002525821638834	-0.30453601742603115	-0.3888562284159716	-0.22899479231331882	0.07509219152294741	0.6101450219935655	0.44784142725843723	0.5523345305777695	-0.4826534071000212	-0.8681933443182779	-0.09549606134788736	-0.5533008881006991	0.7349444696628529	0.18655848965217856	-0.46582825530879496	0.601833112768399	0.5234506938095208	-0.39071756385742823	0.18511138676594652	-0.49977494630106073	-0.08757547952441745	-0.23200162294738402	-0.911415433544963	-0.39474721056149287	0.16968304022063446	-0.22521898083939762	-0.2385148355029808	0.5803978140605885	-0.45334952271486495	-0.08521790027139878	0.15265093917806005	0.4384892565034175	0.06902559966451849	0.4325764849907842	-0.2685828942227674	0.06807905507130485	0.29257452090225095	-0.7218824948924111	-0.1960896272133363	-0.1992605223051293	0.16739818508232962	-0.0656958488914152	0.17446234167112867	-0.12022174572288803	-0.4209105651466223	-0.5993589658791536	0.07828974218781581	0.05162982543502715	-0.11892175811130172	-0.11169421047248737	0.22777014293239084	-0.07871870176910777	-0.29268638215142234	0.10263647885632163	-0.0219932940085459	0.395104154461147	-0.2240418302226095	0.15978533356405847	0.1577723920547067	0.02469136657983719	-0.05167597753305111	-0.7228082038954144	1.122451597762388	0.1389960968037423	0.438483619639051	0.3210145172710974	-0.003341406902724381	0.10771137562594055	-0.030801225964873058	0.32287269630737836	0.5241856415496793	0.18973323735784078	0.4568324213436715	-0.30996687679994156	0.01514346312735485	0.22709247377403774	0.23988418419592022	-0.49873406892859623	-0.3985346991213194	-0.10472563629499909	0.0006258899621171841	-0.10016815337220668	0.2928919139703673	-0.0950653529138119	-0.07979726963972196	-0.3988580536437337	-0.1685726125981841	0.06161163860914746	0.11756396148491136	0.019769708099880157
DTXSID6046630	18.19954337541546	3.4378518216781875	-9.440727869689198	4.7975108389641	7.3366370066957165	-5.237907831070581	6.186004500515975	2.025476301537488	-5.331048875887943	-4.388696433721853	-3.104070354934366	-1.0595727087374587	9.896404121736838	-3.03526550663714	3.595531681482526	-2.1706827690834047	-2.8751869154875127	-1.6330540368818203	-2.366947334132346	1.1058352216566578	-5.399789651689927	1.9886098882997254	3.3320347174965335	-5.722385749338437	3.5875703482983785	7.632677041382511	-2.4467429684585755	1.1988411290423537	-6.212069301906828	5.004363273450754	2.9636902880254525	-6.565936945880847	-2.0238749534711338	-0.2257437627213851	0.35972864809414373	-3.2277677767766346	-1.7083439235828928	-19.409770943131885	-3.2816145636254355	-1.993737882765073	2.4003833127124268	6.170770837410724	-1.706891534020619	-0.47550451989709314	-9.82279114250176	33.33387566711594	-2.3900559067848866	-21.64383389785495	5.031101962027332	5.241217539004855	-42.12592526361969	18.830113799903046	-6.1950866569095835	-3.956304385551376	-10.711336477901192	16.835067358691166	-2.437039786074383	0.39367985041612685	19.7239358361715	-2.3190785035355894	4.463505285780657	-5.885091241635961	-0.5716378771732844	-1.555450498546216	2.382075481709057	-6.185752541090324	10.763742432237233	3.871106263076928	-0.47140627381479216	-3.277652195969594	-2.9054932687311856	3.7692351731882296	2.83616311286336	0.14709419242639601	2.1205949884959514	1.386826574873047	-1.6100545533799022	-0.8686015766036025	-3.3775158069987965	1.7655556943442359	-0.9876871086210277	-0.44042862321661685	2.370855473816135	0.8502497786285627	0.6108522158047859	-0.8411517511323299	0.36885856464377714	-0.6993141659213716	-2.2595533318168317	1.2547863634705427	-0.497225559257913	0.23853534113553188	0.08708964674877964	-1.9096590895131145	-0.9333041176457854	0.7780429550058059	-0.07493312320174723	-0.15379255667802236	-0.1378136906469204	-1.3218947544264432
DTXSID0044446	-3.8441079670216705	-4.054264846032955	-1.6503884542707516	-1.8192585341346021	-0.11540502184984049	-1.4380059029158103	-1.5169206073864707	0.3684736653337016	-1.2661039291836136	-0.46592486700142044	2.27125929838065	-1.366584729243316	-0.15138754253078973	0.617506172514536	4.603084546062611	0.4547660791728895	-2.0888355398026492	0.13669664134148257	-0.6145404022019244	1.42978463758931	1.0969263969585399	-0.7563255771194052	-0.49063790176190436	1.1569686416619218	-2.453424246009577	-0.1391715801600318	0.25155824662488624	1.0275964997307647	-1.5038871437899066	-0.7351941826520416	-1.1389614020338248	0.8865368634958675	1.1944100587682402	2.0266894563891458	0.3216197240536373	-1.8075679674274816	-1.1025205729796674	-0.08058464370744524	-0.7281077207876542	1.9466131625652987	-1.3425179383906116	0.04043783514113494	0.8410103404502078	-1.3404574465002912	0.2918496805029064	-0.11530314771925838	-0.0871599873798571	-0.30852592118015415	0.44003884965535156	-0.04210638176520221	-0.08560758440000431	-0.48635284634213355	0.7825405556787133	-0.7269639230089971	-0.5720717626548002	1.3437714903813192	0.24886875794112948	0.20484364048187828	-0.5641423760927365	-0.3794623016106574	0.20071312671515526	-2.6648195725466657	1.1053498994732178	-0.016277296832713728	1.0776967171687377	0.6798491029440518	-1.4233974839843344	-1.7339876003743786	0.01579020186571842	0.6368889411500557	0.4774917837864458	-0.4063294201466117	-0.2827117600848725	1.1080154776187776	0.48363498888531753	-0.15895312678411874	0.4025160420724477	-0.30775348468395086	-1.817398656209303	-0.7241977398669961	0.31562741246172665	-0.018953160831502974	-0.5056029890274742	-0.9531131188070106	0.2861328064599662	-1.4224765427333992	1.3219996219219337	-0.49004482402008814	0.2582916062386481	-0.0900880205887351	0.3605346065004987	0.2743489451785751	-0.6230343397272955	0.03257406339853695	0.4365891331424351	0.6262679166323905	-0.24018357185581865	0.011430740210507108	-0.33335479952300284	-0.1168496237639217
DTXSID0048717	14.402114869062958	-1.3766504828125463	-6.778817808264795	-1.761380224684026	3.227985808936884	-1.9148955727072507	-1.3941778872225121	7.503375466342572	-0.6663741275144304	3.1326746747284986	-1.530610847875093	1.378670189473266	1.4243952669954492	-1.082913282841464	0.09256602179549718	2.1140365604736435	-1.7194754677853732	1.0981043826155956	-1.4183686495579286	-3.52196766489525	0.1144117985709985	-1.6767251741500588	0.8855228474783429	-0.7392149291656503	-2.887462579304014	0.9270945677091753	-1.1376534117369725	1.5372714513705135	-0.5223912356175316	-1.1518840817194926	-0.4631804537202291	0.6926853781665175	-0.6565147437119534	-0.1906084512990969	2.4646916168317357	1.0258766788853138	-0.9683818170406633	1.1996062355338881	-0.5006819107214733	-1.947299750054806	-0.012341265859816517	0.6051065104401493	0.7640976361217289	1.3080513970288257	1.4731574280927713	-0.28171667502649805	-0.30490260744405023	-1.1442653569172399	-0.005830163695783757	-0.04257262576587618	0.31803025926430606	-0.2500841720825981	0.5133822890918471	-0.30820944269763817	-0.6627905465957532	0.03335410833806338	-0.17773561654137712	0.32583337331160267	0.33720600467625356	1.3326912250359702	-0.704970835474481	-0.36439358049378695	-0.8796655341446837	-0.792077950570083	-0.750717506222886	0.1518937872518889	0.7211142627835344	2.7983480479628846	1.4012825614915898	0.6809310764333313	-2.05635332153654	-0.6285092405950627	-0.7458196517128054	1.2911324324319358	2.17669787139191	-2.350435382323097	-3.2027137680202973	1.9186941583087225	-2.7126643210773196	0.8378086019498445	-2.494291679914238	-0.13542397783219656	-1.038525883278932	-0.9853853393598234	0.4714159189076886	2.4304571944073565	2.3860726129652017	-2.747694258084361	-2.221899178503526	-0.5862267095404724	-0.000219839836037695	0.7349012912606462	1.739842467718161	-3.3248850703036603	3.0752654744187184	-0.2553888240327247	-0.5072390445230986	0.8514731062136386	-0.6424622219377233	-1.6551657402243403
DTXSID7020558	14.51258344821485	4.003154742733918	2.0202136585239785	1.663369394531314	-4.822395013285075	-1.641066655545822	1.551374472325456	2.477586151142606	-1.2566866982084963	-0.904591102682501	-3.5565941079109753	1.4714438976609145	0.384292443944626	4.593289386140452	4.005138733387065	-0.4632146316131055	-2.697421688795819	-0.31644553303878986	4.036326175148583	2.5500795013434248	1.3270078244296994	-0.9227718856438215	-2.7760231282731005	2.3265025006314604	0.28615066039784515	-1.8360416671948767	2.3565478395806925	1.6450589543944907	0.3532439292030705	2.8928154134599917	0.530354059810611	-2.9661659099973585	4.889740859313265	2.2956972045282575	1.1900434832516418	0.808140444675023	2.5984790163670555	-3.845889797562063	1.8221799684640227	-0.9059701044403832	-0.3216387883730751	-0.18939901292483324	-0.372774333854211	1.119484756372398	-2.439265656172167	-0.22820604581546705	-0.1921391872546114	-1.0442025867128928	-0.37052121292289175	-2.201975443108613	0.40897923979620093	0.04715589488073571	-1.3454552328976304	0.9306625056300265	3.5858799792581317	-2.7593865748273902	0.1417243048644903	0.8165337431503472	1.7823848422445685	-0.2866081486836695	-0.8543270484440958	3.4034790013827414	-2.2030291011417438	-4.084414451846132	-1.3781995400244398	1.7076446513926797	1.4298108786489279	1.9784093849426556	0.8508021216515864	-1.1283758220021212	1.612399581430179	-1.9060358200310001	0.24045694439826373	-3.843119440317823	1.0025719800248951	-0.024516786043067083	1.2230751221987959	-1.772781591050425	-1.1458467486028212	-0.7803241013463091	2.03074146225262	-1.9418595354042574	-2.2129187025444765	1.0424038253744097	0.9068124796781458	-2.8156687379477616	2.32706161037301	1.7836370510977344	0.009373534282232688	-0.7322586936342971	0.05583311469780962	-0.701681168643513	0.7554789497063384	-1.9881643298474903	1.013159286117231	-0.7952895043625833	-1.9366087329106172	-0.6184244093637447	0.720843175485212	-1.0512924690642127
DTXSID3046821	-3.804160859855038	-3.1257292176736486	2.3961206259031225	0.553903657358079	-1.0578180271480442	-0.9121164419579049	1.7626992795186822	-0.09076807963890507	1.9518730125047423	0.11160619279493628	-0.4818943374261338	-0.2672862742037255	0.7292557150016612	-0.9482980309553803	1.9068280362746681	-0.9573267306588079	-0.29271499000286477	-0.34671505627124627	0.5297353385248722	1.7302665870287668	2.1444298174126324	-0.3989239005212591	2.0358947510106087	0.4936879224184921	-0.2172904588075764	0.14006045764177852	-0.3348482468495858	-0.6057570393436552	0.33880051048248466	0.43282593322966106	0.4816176433240669	-0.7093023702329462	-0.4163117164816635	-0.9181394230789995	-0.09641807095765963	0.3154743731815572	0.8912885385707158	0.08690320688688753	-0.5373166095281154	-1.1064315832636622	0.5853030675730512	0.7076867043074013	-0.6098233016333439	0.46264180350210715	0.008477339035648538	0.3238065071743877	0.7665726418497106	-0.5734960414462656	-0.07280592677640453	-0.3824101962817108	0.14944237669230903	0.2268921645584484	-0.2937894255294754	0.4226284438941486	0.24127741564428876	-1.5186798362010034	0.1696289927011547	0.28481407341118703	-0.5891578649279643	1.1070077205887212	0.05631149815308694	1.1546325996656897	-1.0555298270736575	-0.16820074872965374	-0.9037720561017696	-0.19044203899511086	0.31968568148629295	0.7692385849824713	-0.01590813776296114	-0.5104749149546309	1.5165959813753618	0.3363483514636805	0.9373126612772165	-1.8524539584717776	-0.32783453101430593	-0.07434798146760296	0.1375473802970605	-0.8168100986433525	-1.3888448637877713	-0.22938030089943653	0.8665054501794813	-0.24116712682757965	-1.098571260288354	1.1820398388221658	1.107181287622846	-2.590653837167321	0.26748891647609513	-1.7533770048512491	0.7869567972721125	-0.40414293580766214	0.9532163880916333	-1.0597342055222168	0.6669131581383825	-0.2773708196743726	0.18384506717663132	0.006223822536710709	-0.34342667241352887	0.038868668359938255	0.34117378611077265	-0.16933514991946838
DTXSID7046091	9.942942041107232	6.744886774428101	-0.9555788530194688	5.1361847188031815	-1.504728042892355	-3.320002447269073	8.891846106750997	-0.8515920705180441	1.8249203539915468	-3.8794474568570894	1.5197674520905873	-0.9544239149865815	-1.1152411488872953	-1.856293392611721	2.858354615391986	1.0403681374951224	-4.32536709815758	0.791974329580358	3.8343941491880535	2.944927267116552	3.918947409401806	0.6851717616004313	1.7532280272018532	1.392680584013182	-1.0624763439770966	1.2603974996359737	-1.7259659148863757	-0.7083637883000364	-1.8184079369576696	0.40268379974917107	-1.2402459085257265	-0.5408817819200743	-2.458677956481025	-0.03664315866609956	0.747653082306267	0.5146646181531708	1.7158617403538412	0.08929509440045898	0.5297374466666664	-2.283545793502774	-0.913332510480859	-0.7851389667400547	-0.19160338683145894	0.6973399339186943	1.3235541647096503	-1.8144849366919806	1.5712273963053134	-0.24972840354200335	-0.41110358783829926	0.5419403024884455	0.020541589180076272	0.44147851298941	-0.523046767614438	-0.5456748573170439	-0.5791531921042309	-1.2033097488765878	-0.6057697186821929	-0.16648780789696088	0.9069084159342177	2.492203602162954	-0.9106683965355193	1.7709134528171033	0.40996538996092513	-0.740216545657409	-0.8307470566000525	-0.2685238685762945	1.4715905132713738	-0.9538846548808123	-0.40767614277787656	-0.0655832251734196	-0.6368465456492883	1.236711351100213	0.861075627538335	-4.975057529548169	0.4243471650079005	-1.0400520982053505	-0.7788133263033443	-1.538126066693706	1.229669496676769	0.5647434950870305	-1.1201844927795785	-0.8428634606220166	0.46477615372351533	2.0080247441734604	-0.5987446104798817	0.3600150259817989	-1.9309239610932185	-0.17550732138647765	0.6735709964358656	-0.5761586529148026	-0.6008815961568954	1.2115526257034344	0.9179553300790407	-0.8550194747308909	-0.6797344727873977	-0.7204941873559274	-0.6606903719110891	-1.2119901368387498	-0.03532627350462238	0.3229060543530658
DTXSID9022079	-0.07844282874376599	3.1692687696883084	-0.286417495531921	-2.450149516602701	-3.978928985259321	5.094259185978185	-1.5208915601365591	2.1537619863241924	-2.695755016861182	0.4474344126858731	-3.6768427690026573	-0.23990871234272562	4.110252197607832	-2.4298472168141796	0.49231281502366164	-0.5768321274635501	-2.687691652111258	-0.8821719311184334	-0.6177379230785714	-0.22570009209301814	0.567506240456193	0.844238664404801	0.03720962130535978	-1.6969882307176078	1.004675450136576	-0.6655960645906667	-0.9811848765147541	0.9649781049667265	-0.7587193574701446	-0.03001865263656012	-0.7715620401403338	1.2238359468100517	1.3266246725009574	0.5148156671945896	-0.25079026846198427	-0.056288523878005	-0.7965832557851149	-0.7681115544871384	0.3417867111863913	-1.1298172425982216	0.044583903454378765	0.1617803593986473	0.35675080312145907	0.000599618181852838	0.34200216158792773	-0.3421011243392712	-0.6536290344308415	0.6799392217948229	0.08116319640233598	0.43818112718097363	-0.08505311032844919	-0.2634401103334172	0.5791292403707041	0.31616726557497543	0.7343521959040837	0.4613440598663153	0.8751711627324592	-0.15405180609028132	0.11083738685248415	0.6866113563556275	-0.9000740180985008	0.12754734225086586	-0.4219334552198628	-0.30662760062819844	-0.0657513063521862	-0.5390010441409905	1.260494525663415	0.6016945661913886	-0.4557267530910524	-0.08311606848577227	-1.2174049643522764	0.4764608130810664	-1.1275264551850919	0.05781184985318618	-1.065202405523897	-0.39350741023178687	-0.9637126057248461	0.054566852422943526	-2.5496734176518174	0.8358428181722035	-1.8866250125058968	-3.0342983043138463	-1.6912901925581865	-0.8402970933695824	1.083421425322599	2.188393216839169	-0.46493707214397223	-0.40324159915369473	0.016275800837499955	0.11672404418385153	0.3442424841841171	1.1339449089880098	-0.11943529912521071	-1.6667896222160963	2.3013086599144104	-0.029629007437689613	0.41799132677628403	0.7483782551972796	-0.3528849994558533	0.25941734029903163
DTXSID3021641	-2.865504804365967	-2.2834680873013484	2.301233680964024	-2.348632912670869	0.6560253553615354	-2.056869425922423	-1.044212255169603	-0.3558354132175692	-0.8549114345303267	0.09991145921353375	2.862868360212284	-0.6176289591672786	2.4701248208682136	-1.0297210758664723	0.2641065465892478	-1.3192692972676319	0.4950956333112856	0.16076131681517974	0.2876281264002924	0.25247465527597296	-0.009727331737310463	0.4758933973066136	0.1753948596738164	-0.15310817234465798	0.18579210248504185	0.7733367830482543	0.6176296987442604	-0.20086142051623773	0.05650013494969527	0.5475468102651797	0.5047165847634543	-0.3646407377604611	-0.1329272628344931	-0.10729717192023129	0.39305324269950453	-0.20278477938596048	0.32854121756728777	0.19324775368483918	0.5919311842594727	0.8061554741680145	-0.24514470615246836	0.18305899808359705	-0.7611186645587754	-0.03696411945259434	-0.06706307356780986	0.01909172977653493	0.47261114126637455	-0.4286041995529216	0.159369695558203	-0.11862186458540477	0.12532352104795647	-0.024898127384981168	-0.028385539017516722	-0.07730125483806764	0.17801471713251132	-0.45432331127446	0.2250959165301993	-0.609417465486017	-0.12094046807239256	0.15196284785219602	0.003993266967122006	-0.5379032543464479	-0.06449090847960486	0.02645371183183433	0.12397297796791072	0.352955015619015	-0.4392165849640941	-0.04890783457426489	-0.09441892353906267	0.1752705205557265	0.6812954413109334	0.12872735524701645	0.07824038200388679	-0.20646283866041387	-0.21106096495163665	0.24156493204822052	0.23033306736784134	0.0458455580574116	0.11917421120315687	-0.27427961132191786	-0.016871031588996742	-0.36033597516814214	-0.26219160948345666	-0.12605354424819692	0.20119326803630097	0.05801981190685621	0.09095043977012045	0.3270016946874245	-0.032127679620059635	0.10307205465804449	0.33866970750409015	0.14953888914977037	-0.1482223464327841	0.30939187446429445	-0.14808922404116445	0.2891992707076794	0.07355927209572527	0.17864150598520867	0.12088803090816441	0.11800877716193384
DTXSID8021484	-2.6513765511241094	-0.5473019715780102	-2.1476563132106885	-0.41989485438970436	1.677647733072361	-0.6782076415570476	-4.007334716400916	-0.7784186167897653	-1.9583492651058694	-1.2672479561586278	5.996650282416831	-2.362445493394827	2.1918911050593164	-1.603165304818363	1.909704018105859	-2.627557831620885	1.4670362624832185	0.3732106907541075	-0.22385367477481222	1.2518982168100603	1.0940701895897638	0.2659302116406398	-2.2985320307418737	0.7301592309630471	-0.12955557652116448	-0.7372304630537224	-0.6007258751670055	1.2088797369982118	0.4947066855559922	-0.2831008542496868	-0.002927479175616154	0.28696796911922995	-0.19323199796965526	-1.8712867705033949	-0.5576049197831608	2.617832872749091	-1.5114564079988388	0.287140903144494	-1.795504279054591	-0.6322462459319799	1.06638697993976	-0.6674553953054045	2.68991280191155	-1.1027304462112324	-0.3363775943143315	-0.18042310331006797	-1.4557452004637836	1.8249150299469785	-0.2468196595602228	-0.4825645426904194	0.1934817438068875	1.1669739321266754	0.19462417550433722	1.0161457035332784	0.34275045856733466	0.8819778522653359	-1.111257404860781	2.3605008550759052	1.3533727126391364	-0.1290324854873473	1.3262004487100887	2.14390633791132	-1.186028109730923	-0.22707378866530914	0.6254539631322565	0.7021669489365452	0.6628225595641913	-0.43688830235400633	-0.3286418469764965	0.28854002444102694	-0.36415073460500197	-0.4378659934369481	0.37763600445854933	-0.01611693067010085	0.48408709291446106	0.012528186420036712	-0.6648980866789189	0.02256618727480391	0.13950549815703292	0.3905285445596152	0.4183744717868456	-0.232902509671564	0.7572908921318318	-0.008023140751192637	0.007141395795027656	-0.028007131293697505	-0.2623275343788836	-0.0928532036692485	0.3019751937409444	-0.040537465975203885	0.2683856325373504	-0.28687567255444496	-0.1451679561441053	-0.1890164820841876	-0.07970433466330963	-0.3031166553319545	0.008326609905317065	0.07991712040256563	0.08333414786230482	-0.07990693908904586
DTXSID4021472	-4.389248665529197	-3.216746174341605	-1.1242674193420505	0.09180647854247764	2.4001289447163194	-0.9021442044104854	0.42998870336414596	0.20318858823298575	0.32131183393188223	-0.8706353072586559	-1.0918534784176468	0.7253975962107383	-0.09248157395151257	1.326662009479314	1.2754395720095626	0.4701086660166968	0.11384755854634383	-0.13917259361852638	-0.6413703068052995	-0.45938499878341477	-1.0217642103343887	-0.44151595431321367	0.28737934574201546	-0.08094427435190649	-1.3705578997250918	0.04210008520833799	0.14763408834547634	2.5834181070153974	1.0041869915206876	-1.1514537999491394	0.16891564770621906	0.6882304554181541	-1.5429895900500397	-1.3056283276567386	0.018430655260134758	0.4743644582402297	-0.3847470657920661	-3.8224891999390014	-2.236703470814558	0.8947541484191733	-3.9715146322750923	-2.194020129714444	-4.753167217133697	0.32549585700458067	0.14029404146372224	-0.01028574603928205	2.7260772778643867	5.337609650614688	-1.1742147191287262	-3.9275502308662222	-0.9172694111522259	1.21599227555407	1.8687388908348261	0.2585142670551359	-3.0292744631615536	2.3586313878826375	4.931959674977038	-2.9775244219684796	0.19937281622589104	-2.093851663314651	-0.15807699776056758	4.016238250897301	-0.6870942516717772	-0.8647142185490251	1.1364532992749652	-1.41125284805238	-0.5747162237802036	0.7840472583197736	0.7494716018328882	0.31121113553347296	0.9800538033486222	-0.422098704478406	-0.5533140449424554	0.0829666721694993	0.5037963189381187	-0.8091137480488899	-0.3723175579777667	0.5618671956996488	-0.4264939909539503	-0.09229245537135454	0.44016174487425924	-0.34155158051226675	0.24392055964712603	0.9705285362300261	-0.5941112456931986	0.546663882778941	0.14778144684046338	-0.2848383942576074	0.13663919319012802	-0.1377091939712269	0.06886421877536865	-0.15576359546046523	0.2265962610445528	0.33103317091218487	0.23783643606556348	0.15601223630015895	-0.2277860224784943	-0.11503698913682017	0.16074293814478904	-0.38533791065602935
DTXSID3057646	-0.3781350467674799	-1.9514878717272945	-0.7581695713050812	1.1268126195864954	-0.842292754599312	2.1839006198686732	1.8691778996272477	0.03474408013363772	-0.6230286277826447	-1.5108647728820923	-0.8725231422341091	-0.5047179752635872	-0.6370476505222298	-0.4104323091945313	-0.6371074064643689	-1.9754722791772943	2.0407819098769964	1.0112006017106487	-2.7589112119436883	-0.3005940701652723	1.6765570221273864	-2.171045000621224	0.059633951739467804	-0.5621627719318577	1.5257472347322922	1.635650124613596	0.08103415865122242	2.2877201677638874	-0.29483931039881783	-0.7100026239349873	-0.49104516510340224	-2.6845181889130982	0.5348945448884566	4.315422972268404	-2.8599373123018443	1.8039481057160507	1.700448501701414	1.6619349991322927	-0.631866895552484	3.6007911156113646	5.741900368827482	-4.193499940390962	-1.842352342666422	5.547257052693899	0.27859258089449196	-0.8401602689458019	2.620660678953438	-0.20521432168439638	0.002554722742697182	-3.5220045746392534	0.2712869370163451	2.8361764452220037	-1.6762190401937789	1.002501586272077	0.3823213687469174	3.2937593040232955	-0.9528954096658252	-0.766861513563221	-2.859134198299194	5.251857208519696	1.712683936163334	-1.6369209707942993	-0.8365612754681995	-2.5797095146166957	1.8858973431675277	-0.030971067897766973	1.2594881509578764	-1.1874993713957473	-0.6156125174789328	0.1910808061411509	0.5213448401866784	-0.7607156894629322	0.5940539270707609	0.8055107249435702	-0.5839384800950261	-0.29273683359140523	0.44136652431980705	0.5008744317465598	-0.4345474502788663	0.644474920760958	0.3644964573144428	0.2556051640195956	-0.3465422354358976	0.025975596184079224	-0.01116016936225447	-0.25581526128086157	-0.04923649474217442	0.11411053733983308	0.15735431337976077	0.867700882095412	0.10613611589253528	0.9107117357607114	-0.11689844746841598	-0.41055674445107065	-0.3571687896144744	-0.336482117509479	-0.35965426059607936	-0.39367218187819764	0.2564399976332699	0.504060183126682
DTXSID2022381	2.0931911521274267	5.2492163569435695	0.7963060369494777	1.4070629533520889	-4.039770276926162	-0.2498902699666677	-5.124811592287108	-4.701645934883905	-1.3086799071738873	-0.9845878659599979	-6.572117874834563	-0.7780637806420251	8.465384844518985	0.030129886209866206	0.35670624631789133	-0.6087591221063408	-2.8311812772354843	0.4989955767361764	-0.8147919267504891	0.7400338290891101	0.5830611320435481	1.5308559854070922	-0.3213836802561643	-1.1217403346093027	1.7148337993270057	1.027859920356002	-0.20790198254851963	-0.5555812949150002	-0.14137737181599605	-0.6660418367715215	-0.5574578917402346	-0.13534811494076215	-1.0791721692220337	0.5693772351494744	-0.6548524579529441	0.21877862280368746	-1.5376219752872642	0.10292708413029467	-1.0247461235203201	-0.022509346215573038	0.5928494204795756	0.31914812104080914	-0.046693691297034885	0.06722919041854639	0.2174021371053013	0.008116771571560513	-0.2164975593420179	-0.2418888340657265	-0.29171867877299396	0.11504553828450405	-0.26322213763954955	-0.6790247142550928	0.34356302512592746	0.13884331743532763	-0.2445526927745699	0.010512222409625962	0.06248745956214436	0.39106593654275	-0.6126156222790021	-0.19154506402141036	-0.26456144105207774	0.2994089079217611	-0.065152801456736	1.2913395658006679	0.07858353841753847	-1.415999111254171	-0.13730546141969469	-0.4808945279537871	0.06646460016396169	-0.9367209860002871	-0.303437170752686	-1.0189011866374211	0.7065335244255666	0.15680252117661506	0.19168987893302483	0.848855735686496	1.0312500201054327	-0.029019885421066476	-0.45247469018577746	-0.025795664347561243	-0.005404786281001999	-1.3670598668711356	-0.5101498388782864	0.11974670343013934	0.6552637567388568	0.7787939759371707	-0.31722145591649004	0.4220352276336635	-0.25421917379258296	0.06720984873373057	-0.07756435626487526	0.14108869878339783	-0.3717077261371951	0.27738982408326684	0.46572618669651905	0.3544983575787805	0.6352165201825838	-0.0763744165989479	0.31744675953365553	0.8622533829495808
DTXSID1021904	-6.875377350754897	-3.3121708666139544	0.95575021349627	-0.11276425232252284	-0.836675044131417	-0.5577586872451459	-0.0187876129519856	-0.8112893257248489	0.269346943188857	1.7231660184852784	-0.3427600413441261	-0.595074894272123	0.13052892455440795	0.23019934751254117	-0.294741135409722	-0.7486416444350865	0.28763527081288953	-0.03897540100921175	0.1693388715570208	-0.1573372053762898	0.03942355505705828	-0.011532869302509921	0.5607171205773877	0.06296685262771147	-0.3322840907752507	-0.02395423388519759	0.006998861244565158	-0.12111588667219146	-0.0676495845930024	0.025876036959019928	0.3397114196670951	-0.021465270822276946	0.12631611416751365	-0.018023704319480555	-0.2499258009415988	-0.32299376332014706	-0.019874312878335913	0.0812986301616575	0.13276085047498123	0.228478163088459	0.05109230575447836	-0.02842052703240481	-0.23472275127888892	-0.1565911298407563	-0.4061265744236626	0.09695859673953434	-0.0017373403111748697	-0.09838272811480636	0.07202956160211499	0.005777090275666959	0.0580218668883272	-0.010789596324434717	-0.02320046755960506	0.022739189830738592	0.005849350752082892	0.007272327701892987	0.2742435936916757	0.06594463978854818	-0.07788098650891324	-0.0869249101749417	0.32706294185012064	0.1024751815256355	0.030473651373967868	-0.2363139752457737	-0.07803171652971795	0.34284978759772955	0.05544641668451075	-0.3191405057716737	-0.3989928554143017	0.1014151541201628	0.4654660813295984	0.014295047049697996	0.025262244158820838	-0.24440215142238572	-0.40053734751209086	0.08474310820949549	-0.08932293341002896	0.016184388198780666	0.23988475973054058	-0.3218960988255526	-0.11874622310825883	-0.06497844757051417	-0.03529860601239109	0.17511907536554377	-0.4186120206728823	-0.18585770150229539	-0.26462406444772985	-0.30457289037264057	0.1384655084803398	-0.41245056896681753	-0.3340415047994793	0.12860756930147962	0.48721443567461487	0.14430845699172337	0.7031630473916597	0.06798379871015377	-0.2331131894896376	-0.2244989112152484	0.3130117899265428	-0.26683749803834617
DTXSID6046634	4.248247700267781	0.23834470375758884	-0.41772476443565193	-0.6028951450934356	1.1383275631732797	-1.7549400855698427	-3.7629680835382593	0.37026738495301426	-3.5820951664179876	-2.074972783389788	0.37037249302596253	-0.20562646494203513	1.6467440262799795	3.941891131432639	0.5182114312033288	0.4815149126982206	-0.5689206844258909	1.458146922552983	0.6177279700299371	1.7638887912146382	0.5299132102409316	-0.5831708995277602	-1.99214511075822	0.574720992286745	0.6105652310980707	0.7232856248401754	2.0859488284310492	-1.4229835480940056	-0.06796960428119335	1.3220971672284756	1.1323954525034352	-0.12181518798185743	0.8325135266367566	1.7556551153403819	1.5966139266041046	0.06962942552183593	2.5212259084462216	0.17966612417338937	0.3673486179443927	-0.6996017966178645	-0.144918158523159	-0.8756475319925975	-0.3371448650719257	-2.1284984331847903	-0.4012365699962865	0.388857537476091	-0.33785820508650316	0.6281677032849646	-0.13687610586175364	0.1465036757597189	-0.054610032510245245	0.23200945074670326	-0.10684526673184574	-0.21748306156380742	1.1271542032255213	0.8139493945870778	0.6321642296761505	-0.8631657194507193	0.5055941063545649	0.9846011397418045	-1.2904906556986258	-0.47218429263031453	0.7534446632249849	-0.8819921754274271	-0.19837127583657255	0.6563530002640618	-0.21841778881822035	-0.11120776104912297	-1.0582663763165887	1.5095475986257165	1.0284070729387642	-1.307780771771284	-0.608717425351404	-0.23950569647080056	0.9263927420532393	1.9638423034390597	-1.088477928478312	2.629084315154683	-0.8385432038030806	-0.31361096431707414	1.123137609716557	0.19907531827251476	-0.8242579602061763	1.4282494787737297	1.0284093469779239	0.5968484289047332	0.37956366447732054	0.044644323293275515	-0.10429067934906378	-0.6625203623489772	-0.053580981345696874	-0.4576021156313213	-0.4594525893867267	-0.47525362210511	-0.17328463647778708	0.21068304866213122	-1.2131329368192907	-0.5222863663812151	0.33718130028168836	-0.01004446572907742
DTXSID0047660	-2.9009078290509662	-3.561253296292337	3.0090282886954194	1.5089061747176253	3.7842084458367133	1.7833621999268945	-1.7016687772460248	0.038349525710609726	-0.564841277016585	-0.49361150504350176	-0.35118548450699083	-0.9546539104833351	-1.933011335659286	0.3690561989446595	-1.4093469809943746	1.7762431609379972	-1.6556030456647424	-0.15766691587779585	-2.129949427927737	2.2084683175452557	-0.21873416084992242	0.9006127942093873	-0.7080359077352253	-1.6230745997786884	1.0626974802170983	2.240332262088616	2.2542010145902207	-1.8629296536856599	-0.2414248970400848	0.259358128808195	0.14981717023707736	1.531308675842328	-0.35620647194514143	0.5842548459967655	2.177198609769858	0.5424265327598657	-0.06349724466523196	0.6470883912340303	-0.476548187090705	-0.7052344623055632	1.1643255326318962	0.7610034777765087	-0.6448660204683696	-1.504414609434559	0.26018371097592413	0.620688616220913	-0.5713425919636901	0.4867212986446298	-0.6485350118556632	0.027333326118346758	0.1448570659319001	0.26061070176455103	0.07506964767263657	0.4248672231144711	-0.24344102852476954	-0.3743627443725781	0.9419291041732968	0.9402563282704245	-0.10054205986488646	0.18944966221542764	-0.6856655751890111	-0.020408702955658758	-0.41228166971075936	-1.5300847188812934	-0.08430381181017907	0.8798493211760529	-0.5596066659865451	-0.00919715559543011	0.4605747017895684	0.1251751293561022	-0.9052878464563674	0.12469074491849132	1.041581883458035	0.593368054278032	0.33708223380945673	-0.3036230828918798	-1.3532914358738426	-1.65877387921015	-0.6932707591360303	-0.45876370168253605	-1.0985091255802109	0.5665877219456805	0.6360374530424467	0.8967830226927896	-0.1578175233636328	0.005534101206911064	-0.7764929107590534	-0.9517782952259879	-0.1871163933193605	-0.20140904987189057	-0.9374352649950486	-0.3763654843682532	-0.7746752444117472	-0.43728910283543565	-0.569149296501813	-0.1917847945214019	-0.24092268782225135	0.264685210917884	-0.6159704641418049	-0.1474546298532009
DTXSID1021455	13.0154625762253	2.526686387792773	-10.286609477602417	-4.050119756598108	4.709814375350274	-0.42741313127232006	0.5498255740079598	-5.523229176281944	-5.844414323623098	-1.3215511823096044	-0.8570094957205563	-4.999701908211252	-5.315787970200153	-5.6984938401174645	3.0913457944468883	1.6986313983060832	0.04504280540999487	-1.7444500229751105	4.307846136321786	-2.242169692342789	1.0871539772142247	-0.14218941221030534	0.3896812196026799	-0.6489477422302665	-3.130675877794146	1.2053019890444507	0.19038973188001607	-0.7980142801862458	1.268053438749957	-0.38438582893558826	0.5430810626339059	1.2713110803256422	-0.019867096679302854	-2.0805271955092874	-0.28271417726190484	3.6141583881191135	1.0658156284105882	-1.70802581174344	-1.7509396170116225	1.2564725057260413	1.562425464141051	-2.398418816133361	1.6263135606229706	-1.7750813149851024	-0.708121794155896	-1.0493283947247447	-1.974916652639725	1.9909814379044382	1.2398101561115928	0.11716846887993787	-0.23660269952382948	0.3627197996397653	-0.5388101182487024	-0.1820080388328199	1.6270336766010716	-0.4760626942785749	0.025057191292378392	0.35611114384136067	1.9834763159121138	0.7657673852499048	0.2935203659884345	-0.040373216273179705	-1.1576808284016593	-0.6816188505428008	-0.5538171481221933	1.8653478219471977	-0.10724297625128877	0.058851968113901594	0.2893149422531291	-0.8737138160697099	1.4564415893626157	0.7877209938036499	0.08216897299395756	0.5071681452786964	-0.6526976912388069	0.08654892562885515	0.6596106785120263	0.7537503614503552	0.14124477401016192	1.6216549978284482	-0.9357365858154256	0.02840023530573906	0.47367520854939543	0.15596988056832065	0.22854626980629317	-0.255396470633137	0.49704442085395223	1.2604401865292205	0.5054334468054662	-0.21047334769568085	-0.7487133438857559	0.8690780575979148	-0.1658246312627112	-0.02629879000633425	0.009917158474823547	0.38854868099138307	0.2986097020915768	-0.4862795368825432	-0.3550571441905361	0.5276689237895859
DTXSID9044619	-3.629319694428571	-1.8884055012355387	2.93392738539037	-2.37088600587467	-1.1243893492485142	-2.332650089692217	0.7142595998114695	-0.35879221540722817	0.9555779460492714	0.8874185817865646	0.1753180690487732	-0.05483248015062954	1.4101428014993407	-1.0865353787762795	-0.8280642261590914	0.23558297563774314	-0.32152283683426414	-0.10454372467847721	0.10617981144194072	0.10170386882190295	0.31833605242963764	0.2361710461210785	-0.23100820111665787	-0.0006509784587948483	-0.39648666486580036	-0.046955170354964174	1.0029971957807888	0.4953486010871611	0.4200838180203569	0.5051858884539443	0.4706432251027741	-0.8745926365271416	0.03014460578146791	-0.3776296915547949	-0.09902953267261401	0.4137820028174304	-0.6325653821208577	0.045439984344490536	0.04859292687615985	0.1897542590943017	0.1988635816327893	0.39169112791540145	-0.25457520450835947	-0.03922524669376232	0.04157085810245636	0.23468949474027004	0.27778145660070447	-0.2785311609337649	0.06913233237677281	-0.2282160990251964	0.04043270835282102	-0.07041652526310582	0.06969459638722955	0.17648224872840806	0.022702602540976242	-0.2567318174225772	-0.05076077564048776	0.20760102102089734	-0.08257214652905083	0.0376314469826432	0.23306522266915367	-0.23969193093167643	-0.4370247444358069	-0.0009191225428049711	0.05485853233363101	0.340335028725301	-0.28922831095345963	0.07488972266193909	-0.004179189811244294	0.026660375116229866	0.5008337358061137	0.044592011949137124	0.1512527083411424	0.23140697156892454	-0.15392653092629294	0.4190921032934685	0.06846219233143543	0.5121549365712253	0.13968347957924607	-0.37775004180706706	0.14942958964553885	0.44236653621752753	-0.3677449705369907	0.1119781980278332	-0.019127485048429545	0.024109502720437413	0.027193808853382594	-0.8257364173731684	0.29647116557797304	-0.24032788666585672	0.17837542428156358	-0.5176258734937635	0.06022676221766936	-0.20915817500467326	0.5171564703216213	0.4134302963208453	0.15244275551286185	-0.00773117355324919	0.6902003781451657	-0.3868766093807001
DTXSID0047161	-0.9333770511128165	0.031349963797603846	0.7392728064634394	2.389357600316192	0.14360059072813625	0.2140891154943066	-1.127790054028938	-0.769209821345302	-0.4674371789214291	-2.2347205886122117	-1.6875972129322274	-0.652211021084721	-0.35969939600940964	2.3120225299997044	-0.2189453082545551	0.11617672355333389	0.29642582745441826	0.38146628041598785	-0.7512840587547862	1.0258635068071051	0.12564086453140014	-0.5133533790763188	0.14278704352287921	0.6827261955654341	0.8993436691718311	0.5843638821715369	2.198087692741058	-1.5270702261464608	-0.3663408675388469	1.3359510971355757	0.12193452841896849	-0.5620503181585574	0.8555647360582026	0.5410942188689617	1.6367288391007953	-0.15970291387641258	1.2689971308471706	0.1690848965881405	0.834813758594478	-0.17788805279329584	0.5199328713754624	0.20715098205823354	-0.10413777456155064	-1.360403115245901	-0.1791986793467618	0.4394757855003076	-0.1070427412925899	0.8440183268990612	-0.35415060055534725	0.4162457489355512	0.2113118160498262	0.6028257136905198	0.45398665032108876	0.11610237065376737	0.637927936131787	-0.056854653055409425	0.87728069315987	-0.2469206070933467	0.587379426471624	0.48642609089173877	-0.23154035165234263	0.24156062842288648	-0.6771242667947986	-1.0786003788219563	0.3731607029820984	1.0513311135268508	0.5866394850372061	0.07434942176191246	-1.0946124155190216	0.5634380289675822	0.8931494231292493	-0.40445052657661995	-0.9830854136664848	0.47668519881205673	0.003304981840429157	0.6464702689915357	-1.0463572211273287	0.7449761268644761	-0.271638919623937	-0.33072617483642386	0.26744162166761476	0.4723435960604376	-0.026172290558913975	0.6516302257277423	-0.392328572459706	-0.14460431378698635	0.9870085072360983	0.8448151753954591	1.1013615757181618	-0.528044638016602	-0.29993352874650103	-0.8128542880779517	-0.6867245554603282	-0.20691710624237583	-0.6192697924894772	1.0678558823924515	-0.859810875759705	-0.13146058210674183	0.41561975587147715	0.3143496659385468
DTXSID4057712	9.747426335429365	-1.7502327814060576	-10.239309100587686	4.517153406254279	1.5989593356644118	-4.098857334505851	9.723446777821119	-1.3048029637659238	-1.2034348532311605	-0.9513838451501591	0.7563583871005745	0.03677913720353083	1.3166733251606537	0.18603668926416275	-2.3884435723887787	-0.6286666654367362	-2.037985575816246	-0.47713862788651656	-1.3761949965202698	0.8385485869749879	-2.8201511739068845	-0.45604389865096623	-1.0724801654155216	-1.1453629940336307	-1.653638161297695	-0.6699510585928543	-0.46417941725986944	1.475448182142787	0.32220457302960115	-0.14280457729684456	1.0386063291203356	0.8190526577958798	0.25742657209371245	-0.25477256337934934	0.18662689130351384	-1.45666185366601	-0.4050803457023398	0.9202199545353207	0.49624459345089544	-1.9196866822291083	-1.5702745151199913	0.49584092040501415	-0.8449448859009154	-1.2013049323938663	1.1753206483462826	0.6142069521999516	0.28443299027179664	-0.185384601883753	-0.2810427942554332	-0.5870031133311704	-0.48138370100574374	0.6970559466049426	-1.4013032512603607	0.2751085748715648	-0.13582722564169988	0.22646259189191822	-0.7695999256032536	1.3509375830254935	-1.1154526933160218	1.6649099494952693	-0.0018702154989273273	0.14391671785832277	-0.8454138843773674	0.30291125261445473	0.10301688578128897	0.49660267781087697	-0.26847116979883173	-1.6334169636634859	0.9973820495855364	-0.3126175781600841	0.5798796408922645	-2.4519205568381164	0.9763822046867947	-1.2091017029037758	-0.45849118218806345	-1.2508101190037797	-0.05161893610659735	3.059578758317443	1.051211036243504	0.048185987610895625	-0.9480857314080118	0.2669721243791867	-0.8163762510443324	-0.8722392238269919	-0.21240508168951136	0.04945728736129906	1.1828804339273018	-0.6499052623828689	0.1659460965022836	0.5809947839425853	-0.12705128798373996	0.5287866126392092	1.5440192659411989	-1.6214739582610334	-0.046733220823713104	-0.3872526098784172	-0.2427790952826366	-0.77826831885602	0.3079337172927888	-0.9799380352976937
DTXSID0037493	-0.5441489410844573	-0.6101705114962619	-2.740155067027316	0.3107570929557514	0.37992988405726824	-2.5063955762663612	4.542321753750672	-0.049375347455095045	-0.45710952721699294	0.5090728248428055	-1.097928263828341	-0.2610417982587482	1.0283076854718627	3.198842519278105	1.6019301646370039	0.8563132431568748	-1.1637747610022184	0.8279689544782688	0.1313899200596125	-0.2342367251966523	-0.5560368136722208	0.07619476435780427	-2.0751162705191106	-0.5137701844189355	0.9072770227921987	-0.76095788667975	1.3606514993193082	-0.3674115068505224	0.4681923386178599	0.8474002609071313	0.1907930165032789	-0.9398308982472771	1.0158575159895358	-0.7368901808713882	0.3292083819331793	1.0122101469087543	-0.2147078843747502	-1.3870469906471168	0.03835225775380668	-0.7139179625121567	0.5557679200767702	2.2754401198583496	-1.045658224305338	0.26663746742309147	0.5823423471578388	0.26140480816972556	-0.5484899720124037	-0.3291321651431847	-0.3803475537552625	-0.35974249319116514	0.2512412433298171	0.0593071273691296	0.11799729488893018	0.8833303286169248	-0.07343382163276978	-1.0425894431961487	0.12256154856374807	0.8199381205998985	0.5590538093219848	1.5722800382294198	-0.9802324445183812	0.8285232682771841	-0.7771244226360166	-0.7696194933032376	-0.6290269779720262	0.5519664370120193	-0.8677582833478321	-0.7006016136524242	1.3951263232321955	0.939242827038285	-0.08042903048256217	-0.048394331825048584	0.31919739096870875	1.9588991684571078	-0.3019357921018127	1.1009315049826722	-0.19039546351803152	0.4479074997115853	-0.03997605925617034	-0.8794223274114572	0.6250460880069465	0.0819066234275347	-0.43839239016146947	-0.34161737631298245	0.7812526697284434	0.1183817791864787	0.45111655119924693	0.4932317414669672	-0.11458573958977342	1.393002109809688	0.2788098126468689	-0.39547332379110695	0.5193554730158644	-0.4623783605721253	-0.20271372226170004	0.06668021784902775	-0.5822038837337764	-0.29657062234159093	0.1472054258492888	-0.03167324993333985
DTXSID8047135	-5.756618136485203	0.3980843372327471	0.8596093635376552	0.6333430488283103	-1.4152885654157592	1.207918177178073	-0.5296257937978632	0.034004700975673034	0.5791901450823141	-0.11277056126263155	0.22877159281691542	-0.2916436885877692	-0.46818413186548585	-0.7140133852118771	0.07106475371216624	0.3919547082825767	0.208984791220645	-0.16872159894493907	-0.40583135398414705	-1.040217416326276	-0.4513131536256767	-0.49122611814058564	0.9044174242670571	-1.0750194374970965	0.6649241510595605	0.45525452720571996	-1.0588048645856858	1.2382350562247464	-0.35118711165471644	-0.4702016205459349	-0.5991864290468593	0.017622439111119815	0.3452912082432633	0.5163228608262419	1.3152037490783328	0.7485934599823952	0.36450897338567395	-0.8759159933443351	-0.07604907712905273	-1.3162188096945135	0.43562758430989834	3.0248593719175263	0.2307679459684995	-0.6238637564690586	-2.4122911923696644	-3.335874052186316	2.1720227032291017	0.7215246406001755	0.7164887315627132	1.285773260527376	0.25686800352871314	1.2945980298031747	-0.7287325627919987	0.733831908485205	-0.22223699049991147	1.4630021479602215	-1.0385879035176646	-0.8288249704558289	0.18128644669003602	-0.3897350202838196	0.4894515750358541	-0.35265290550039147	-0.09214981808653755	0.585603826343215	0.880388792183898	0.4007773917271305	-0.0970826197412024	0.99198737242531	-0.01601242444078275	-0.501131020213928	0.9815257421090188	-0.570763117513799	0.2633444440718451	0.22590679646223968	1.294059195625307	0.240731719847121	0.7075688743614822	-0.3716252862925628	0.5678084662649949	-0.7881201337534206	0.43195325903579634	0.4233904476352909	-0.24222311676985434	-0.10050536592032094	0.12954162796770735	-0.46169182777453005	0.2916428233386812	0.116208914362448	-0.4643683145837885	0.33089843644893824	-0.2333945058240634	-0.02293633161405481	-1.0550871753345084	-0.22902724525051105	0.32464287121112995	-0.00997455148650382	-0.5526506900700616	-0.05296960648145285	-0.08340025600103815	-0.3349838253936019
DTXSID5037571	-0.03588313512234675	0.5741121093908622	-2.721096735026883	-1.4229898082694563	1.8714455715939615	0.5301471262544759	-1.3217824618360006	-1.6170860954539703	-1.5989199597285133	0.040005494023626124	-1.1422096804329567	7.8435217068048	-2.3656336050458444	-2.6038358797877734	0.01003257205372009	0.24414873565531794	1.3837210741211314	9.190053055831012	2.545523670398612	4.906349301570417	-2.2298274305069374	3.447551968854334	2.185603957123863	-0.20787717520559174	-0.525082227453504	-0.6929872428903936	-0.5763058672303026	1.3455613895484806	-0.7482375140736266	0.561492519952345	-0.449002584859158	0.14515734848976192	1.1698913144521024	-0.29644476058823993	-0.8275021835130865	-1.4603867710837084	-0.5218300331393375	-0.42938373745509406	0.7566528633909234	0.16134346611246767	1.01858270977858	0.8476618505898796	-0.13174734557278717	0.524940549566429	-0.5972388157405298	0.3938638212909044	0.11262384705479113	0.391618975049329	0.08171482935951907	-0.016546052333150384	0.09301882505807132	0.3361767426890516	-0.12876746636815461	0.624883893415043	0.7944233351073217	-1.0295642171868062	0.47518107888237565	-0.028794172389114185	-0.23591369269832863	-0.5661156367378295	0.4372382288691496	-0.18328443809350123	-1.6099013960768824	0.13232578736186804	0.3622488540234712	0.31588970904455316	0.4415282885396139	0.02603370510704452	-0.5430879301788275	-0.3067032439944758	-0.03225011454950449	-0.6954807285636927	-0.29452829856947477	0.8634934891752589	-0.6028452916686311	1.1474007022998358	-0.27869186530148193	0.46516152061082994	-0.4040665025668936	-0.4010709814986788	0.5861297817327198	0.023646631534055478	1.0648931675826054	0.6231059911836703	-0.5175048530898317	0.36931863757357136	0.7415795861350045	-1.6142747977296756	0.6892804887712342	0.5444434917173182	0.2921884585646035	0.12735793694556155	-0.4038690432433189	0.42649422512239743	-0.03493357838656189	-0.6656084488095058	-0.025949373447109403	0.08880329280828841	-0.15815522964828824	-0.1433714758555792
DTXSID3026516	-1.44087564098843	-3.621647463372511	1.7953766068437715	1.1601206136014184	2.15143450182676	0.400604396763535	-2.1348447371060675	0.3085015064028533	0.06513317482013815	-3.0588623688863867	-0.5897260027239002	-0.22843441848687013	-2.6266680318233835	0.8155946437661702	-1.5134130552725753	-0.9154021872913582	0.25301426307720615	-3.2490876338397814	2.776296831971984	0.7360485552884155	0.31545460014196397	1.8782123170026839	0.49631333698702623	-1.9276506772357314	1.1773596691940438	-0.8684107647132175	-2.2639494204865622	1.7386490621144965	0.07188396196566367	-1.7363326382399376	-2.584103743538267	0.7499930679651401	0.44329842468640446	-1.866903212703012	-0.6338086186977094	-1.8702254079091085	-1.558437197794124	0.11883255964841614	0.0008081507855054516	-1.297043064067006	0.8280916915536882	-0.27974799114963644	-0.46833353237147307	-0.40567512879231876	1.5307384632895658	1.1937026663701007	1.0330647135797706	-1.012822989219478	-0.6272824017434435	-0.644578502281024	-0.1698742363451308	-0.9024377503876134	0.3035976776733742	0.058738578867571355	-0.5943255694689893	-0.5197741900309456	-0.08592001436357245	-1.2358491516667407	0.004453128039588439	1.6540045482174393	-0.585803593697907	-0.6023903161872719	-0.2981647617788807	-0.5935816013788877	-0.9666168240136105	1.9578125429307611	-1.2849293596569162	-0.11352205937523317	-1.073726242818549	-0.17689839129083404	-1.5578699524249637	-0.40184221957373994	0.2759450783027657	0.4363439000946978	3.3617340778573603	0.4491427155301254	0.0837732481020092	0.10699478750187769	-0.9205465458577764	0.9107595015586752	0.6382253608926498	0.5499538914099649	-0.36875342803596	0.7831471963691483	0.3073263071560315	-0.3231722124591782	-0.5820177314562853	0.9413074797905767	-0.2130158685490401	-0.12695398928882348	0.24027425923780307	0.17121969097472103	0.07329872713925169	-1.0260978427824345	-0.3280216152247195	-0.6891997219853236	1.2358244680032975	0.7351300483690328	-0.11661318899275168	-0.6301969577447533
DTXSID0032578	3.815543728940349	-0.2725389028035592	-1.442398727945746	-3.037414529935168	3.1382382535086184	-1.3871278826618418	1.9584294556645414	4.812044079260444	-1.222086803758755	0.010392603427156822	-1.805526911278586	1.5172997849656011	0.43945226141948734	0.010908441154051294	1.3209248554012454	1.261824506267753	0.15254484588817133	-0.919627246371977	-2.80743852622733	-1.3964314695830393	-2.767604007552178	-0.22150361957119666	-0.6962275550548808	-2.7202571760279266	-0.18521690917898537	3.2357454849359617	-3.2017974827210813	3.747026562611298	-2.142734102968649	0.7602707524692838	-0.3308322050927271	0.44703712683772723	-2.1493192191132433	0.4110412228082646	-2.4515933099874827	2.024468523168033	2.0575757727331054	-8.54721861893654	-1.0074679925815861	0.827512212555844	-0.642026180023821	-6.659857615104129	3.294185293215574	-3.5261723357573915	2.550350964418312	2.1741489741790203	2.655686949940169	-5.332663465476944	-7.7369874937899485	7.283566730535336	0.6701955570076816	2.3717176234046597	0.2554913259584421	12.519856885628085	-0.4240496602859088	-3.5535788789490415	-2.274260792860153	1.041974150737355	-1.6994619200902616	-3.045847345033452	-1.9603457067945902	0.03201348849643028	1.1156194578238772	-1.2017269284767924	1.9375067537274555	0.1793462241586638	-3.1176978047518724	2.1044071963300097	-0.2250874721946663	1.907496403286749	-0.036831626227560074	-3.6386519200966716	-4.1201723565961	-0.8848907178360496	-3.5323478628384386	-1.921882747402461	-0.23430175090064617	-0.08097899805065926	-0.6318041386248975	1.6464438506475065	-0.5271126821180524	1.6411893402846747	-0.07655488457037983	0.16111275430416186	-0.7626813648460535	0.07067096659749716	-0.770315857033532	-1.0705899106833379	-0.1673517946939962	-0.918275043330742	0.6927780852996896	1.0138229699881807	-2.037763631349751	2.2095956850982406	1.1418735414004035	0.14681318548964414	0.5900027326000906	0.2067963078018716	-0.010384485328947939	-1.2671030435985688
DTXSID7024299	5.1335093730859045	1.6793435174428855	0.9315137615701573	1.8168929781347207	5.413571141411486	-0.3329605428032923	0.6584772125201224	6.740098551429312	4.651352503665202	-0.013977745624898093	-2.893554692400529	-0.7568379348889558	2.6458158098424285	-3.1220417348892706	0.947533817443447	-0.8709478967656157	0.6322132841794501	-0.2287059389996512	0.5819962148834555	-1.2726543479479406	-2.0961347708182863	-1.0231602246593057	0.29558925957638404	-0.06035737404902379	-0.7431698663031181	1.5560371520464782	-0.9330029357215954	0.27156951229134507	-1.3745008079615215	1.1859848520699001	0.6203762005905777	-1.6533703414204544	-0.9595383360591906	-0.8707440699542659	-1.0968039317860994	0.9851088987748035	-0.745013827062183	-0.6575985231504677	-0.21638600169698952	-0.23366246458414425	-1.0152083833790604	-0.45026771752784533	1.7291223343561388	-0.5405022779657587	-0.47332627686766016	1.5108424073497106	0.14674762250538012	0.3865894582073119	0.0234549497888357	0.22317819893451155	-0.21685310722626008	0.7351031334036434	0.5898154801417783	-0.2269170852196957	1.0838462529125152	-1.1115385400552193	-0.5853182480569814	-0.8013088510161503	-0.40638119413804735	-0.19868021576116082	0.17930023061842293	-1.282439068309692	-0.5168110009047856	-0.21591065781003552	-0.22774313744920813	0.8733928587960141	-0.38190297174258403	0.17322124456198382	1.166316768365001	0.3636330640196887	0.7864468994136553	-3.7932767107668295	-1.0484941582965794	0.4621924910333471	-0.8358358282006936	-2.663301614493877	1.5711990451714035	1.1317137858578072	-0.6765478961191266	-0.05448503362840774	-0.015163507083262537	-0.1560410438056905	0.7858163481715473	0.6051924668122067	-0.46834061079122113	0.3177267299520334	-1.1186587639948957	0.25887282828962976	0.2822038513022749	-0.7637397565327738	-0.19089161307519237	0.11014570572937524	-0.005856511756569999	0.5815548908850285	0.48666772554444926	-0.8415118693110561	-0.23594941911287767	-0.986531555247126	-0.619263702947576	1.0911417697664285
DTXSID2020688	-2.60112216321704	0.4140344681794976	0.554153741370266	-3.2809405089092274	-2.8321193235065576	6.6709922159197985	-0.033588755291699565	6.040428496397385	-2.2174246979217886	0.40649265336024265	0.7059649499727662	0.3850142849587221	0.8672802245792409	-1.5958182385364466	-2.2546706313515568	-0.6019599328290841	-0.6083111280606424	-1.3445119608027516	-0.30447665239020477	0.28885002560988193	0.07897945050136305	0.09589328932036356	0.009292034754241008	0.2838078515061414	-1.2307472417732566	-0.6210255973780022	0.6725651444538757	-0.18398841223036486	-0.04312409743618777	-0.10405659424051508	-0.6693160494528232	1.5499036598531297	0.5435074532582624	-0.2109191008556641	0.09642625365309208	-0.45773685226590854	-0.0983043436793506	-1.2078496655706186	-0.02825098758058383	-0.3748598455605445	-0.5444192781186376	-0.5144752086087014	0.9341242708572687	0.4764539632535343	0.7989882855182099	-1.1555590855318034	-0.7276149840626741	-1.1344123674416127	0.3112420434751338	0.14338975017262867	0.28777395199212624	-0.7325134431104517	0.598042589161368	-0.24643829581320342	-0.05551719775993194	0.8983039359275481	-0.11211955335291234	-0.30115182349696173	0.9328197078133654	0.18574111324188694	-1.2946676824323213	0.18136401808794417	-0.5109686643678796	0.851908238787904	-0.7972104891586084	0.2882240636579382	1.59881224703945	-0.36246926819809067	0.748846601497671	-0.06374575619715968	0.019180650254071948	0.06550928102342564	0.13363997836002503	0.8903233418033464	1.2332073178384388	-1.2678131949987708	0.6442506287069296	0.20984536877689416	-0.40042615102122514	1.0990794703024696	0.5152173816496239	-0.2560767559942647	-0.3955363910801108	-0.7649699213643032	0.8818367792914266	1.246404420143926	-0.8076751010553851	-0.48792697200302687	1.6833232042594937	-0.2926211031065082	0.3535750924036689	0.2575276038328873	1.578115909552814	0.9129028111323718	-1.404058796286056	0.5305275739663264	-0.37662499892534357	-0.20129408541447188	0.7674192451635682	-0.14157443325230237
DTXSID0049078	3.7158028245526684	4.772622013884975	1.361442983443719	1.1937995806069939	0.381243803327491	0.6485217935884382	-1.1480328528831147	0.04609589725255597	-0.9097793087915645	0.0012640493774268304	3.483806329033893	-1.0782152321911924	0.9853977902300104	-0.28243834353369046	1.7274395307196357	-0.6802947852612485	1.2651232582780272	0.21348730044388922	-0.11593875192091684	-1.3043046758339485	-0.1384265113498102	-0.4138478857071663	1.377746433952555	-0.43589779690740366	0.14481651433541023	2.7461661547950142	-0.9623319253140208	1.3171527854771734	-1.69426048231611	0.9397631843747096	-0.020482655650896978	-0.28561726757919886	-0.16848281552427036	0.2485885374490572	-1.1832933327274284	0.3252698823191185	1.0934609576649703	-1.558759520159295	0.20128479967351612	-0.3430776650562286	-0.25262118915130444	-0.19940165026800688	0.9554137825929541	0.7877312321090939	-0.7872549946321926	1.8309558885795092	0.26653903018020497	-0.551047936512004	0.34286082804889545	0.17421684025670925	-0.09795963933547622	-0.02978956171726252	0.49672853963149255	-0.18648523376751924	0.751918677785753	-0.6917129173226159	-0.16676345013593313	-1.1304124502908324	-1.2353482478293583	-0.2658737952522327	-0.5424844345367849	0.8949006788394587	0.416510884096833	0.461821431966262	-1.3451007727171203	0.37442974619772307	-0.5135524701895678	-1.0715561049841806	-0.10925539803447565	0.9515106360741763	-0.15263482330699293	-2.4119139608280897	-2.206113281986276	-0.04372873512903231	-0.03483419643299529	-1.6304193444744441	1.234563924007872	-0.1853106095792525	0.2871660190090381	-0.32188547541944973	-0.4310223568222373	1.0523337584192716	-0.8440724833890142	0.11063121607741024	-0.092228785328035	0.1127522869190773	0.055448290536507905	-0.5503675236295615	-0.3306857146505753	-0.16547554357454564	1.2287602482941382	-0.360347332242431	-1.7155881720574417	0.5777526766159815	1.0611290953446078	0.5372449045043681	0.388005611299945	-0.2624527966371868	-0.11409543469118168	0.007812837206524712
DTXSID8049256	-1.4535374056240027	5.714093912674538	0.5007581747777328	2.55465064040425	-2.193315873068133	0.9136181444740604	-1.1566832176440867	-1.5822287802806876	1.3148743711878275	-0.3305827349552049	1.6441608095760054	0.6786157437199495	0.020737436827721226	-0.9386809689031844	0.5571743363475818	4.213380174830844	2.7973878557690606	-2.50954697357778	1.0171110440708093	1.4300516446662046	-0.7770225708740238	-1.0333984956457996	-1.9381584440390023	-0.6726905899274368	-0.8266803217333736	1.671932065615715	-1.662811514369581	0.8452263862773175	-1.1896501633339	-0.16729751882524918	0.4615649530968547	0.8253676900116649	-0.6121714889101842	-0.4782576575316638	0.07725308766582156	-1.6054692279316831	0.04478416263073166	1.8579198722696755	0.9663434568788054	0.5536742346706285	-0.04223015689596406	0.1674990879672639	-0.7899827354361509	0.5199665914281731	0.4753880082083531	-0.6892318200053693	-0.5640205639597478	-0.4825954592156673	0.5126569287761898	-0.19479199173699563	0.5735897568782354	0.16867574937911303	-0.5110579712061114	0.117565713792414	-0.641036382520589	-0.36867100230732913	0.5458916773306819	0.1939821191964649	1.7975518347600363	-0.21208150125755915	0.8141307690461408	-0.07773735504961969	-1.4729949977427566	-0.055263197121632315	0.0013308289502884413	-0.6752604801483898	0.587067502427354	-0.030373787008483002	0.7218859676204973	1.823856516793278	-0.22171333572993876	-0.8875896669152064	-0.731949764749711	-0.7261572580294839	-0.06519333846828429	-0.704765296778419	0.37548725234099245	-0.5237276076915265	0.09229778034490901	-0.35941795172696206	-0.1320973679850124	0.14106491679007363	-0.06641032963472514	-0.42090678362194134	-0.17250673775520897	-0.2020889203446341	0.4244831340504022	-0.07834001416461678	-0.07515396735788246	0.1511987765833086	-0.01968472904976865	-0.2791330553342799	-0.16809785202650065	-0.3178033543536869	-0.08350883668328275	0.2541039924834203	-0.27601179667197506	-0.19190090415083746	0.8128958939977604	-0.018962510934848624
DTXSID8024442	-7.5875322278367685	-2.222043166360551	0.8613546977485741	-0.4518478732957219	-0.7271460300675578	1.3625684616043838	0.11296352245151457	0.2587049359087526	-0.06935822900793548	-0.2170016018220657	-0.21741338813863367	-0.08374544890738678	-0.008910473730446952	-0.40740759988648	0.1421731848923069	0.03390650537310859	0.25427064996788584	-0.2836056100724313	-0.2960270984773811	-0.5679844962742738	-0.06627184614706876	-0.4400442938218785	1.5662466583575334	0.21064945114134354	-0.2986022188665613	-0.1006337298281916	0.37171996912273786	0.5690151156629263	-0.09490966556105103	0.06751182560883318	0.22399452522438293	0.3716669393063971	0.9568900523251087	-0.3176269784223115	-0.4762064095013164	-0.3346187450307334	0.27742392700821833	-0.6086588802121812	-0.161977964598683	0.0464790294069598	-0.0012026480781775783	-0.09282571247885986	-0.17745057737033812	0.3279264743073662	-0.34133566308476415	-0.24974434826276898	0.12104707901997835	-0.11622927259689991	0.008903299622168246	0.15675485071069187	0.045056529275546923	-0.1331299526523966	0.22152594264383962	0.13026506803172905	0.1398419692985868	0.1920799289562248	0.4223184973325079	0.11604346891592088	-0.16635212091800747	-0.02882950269467001	0.06105779424052268	0.0544427098770772	0.17294356128680852	0.3769856069840473	-0.4918424399494572	0.17775479524166934	0.5551481910389173	-0.3810873923873253	-0.33913393655265917	0.41307820049816246	-0.13590174706073296	0.2195583876928052	-0.20842614015337999	-0.31108891581507064	-0.34331047522349933	-0.10345852478475388	-0.43501163892994793	-0.24334935430936908	0.048344237349732776	-0.530895819318601	0.19935638415033136	-0.5174108396386641	-0.48266327681735094	-0.530104380690301	-0.056367512623534295	-0.2685278825182471	0.03638758763707164	0.28372240837017604	-0.3451349111279822	0.12279587606851607	-0.7863341397589483	0.14036404688553916	0.14494734017225241	-0.32647009056032167	-0.009864523355291125	-0.4824915739640791	0.0699913647453065	0.39566483966982396	-0.32902880940294255	-0.6165777077344895
DTXSID2022753	10.530230325568736	-0.519754460286258	-7.053775028771568	3.2948742039187326	5.647819037038641	-3.3220616318217546	10.17616144088407	4.521962282211318	-4.003577768084146	-3.9535332783236354	1.9627377620120832	-1.1911622473853274	3.389246522589642	-3.1044011221902643	3.3241650961838114	-1.9885034255867073	-0.004886415839557605	-1.603474909872234	-1.9914963605515181	0.07258714230310782	-5.410560182746764	1.0142721139125606	2.693004098570196	-5.406453398781789	1.952946937060145	8.936531944979658	-2.082902749217427	1.6833302202104965	-6.378250457148911	5.672036175531481	1.618290961978158	-6.296859461461045	-1.9923807325070748	-0.7795211509542911	-0.541822012296881	-2.0931382961173033	-0.19063177650248778	-19.601075144372775	-2.4848057798574557	-1.8913581210719235	1.7007817477087945	6.085889325292248	-2.5866849827532983	-2.258775481867856	-9.16319719196613	33.24609576908024	-2.3088878119720526	-21.312077725296735	5.045067727373276	4.124114171042579	-42.415221949658566	19.84576936134624	-6.311469762676164	-4.172064199859572	-10.19826753818909	16.512901330742533	-2.8145632529331266	0.6480182024453705	20.30353161207749	-1.3906397940265391	4.7959780258892355	-6.198248072415759	-0.8044897394897428	-0.988418826039042	2.3969735210527428	-5.250712398998764	11.009879464758866	2.667979098561836	-0.0015300666756939583	-3.2806905832078046	-2.0752882938438924	3.3102061289072497	3.5477322782159053	-0.8153807341085556	0.7800271817999205	1.8683882265702947	-0.6103954420737305	-0.4395677837363425	-2.101876279133598	2.0886694587646195	-0.4950024530544504	-0.23845370782732464	1.0689312624197664	-0.24127564397329337	1.252632933323243	-0.6598056099596532	0.6646500776713703	0.2197823993087853	-0.9409567416916593	2.1338199450631374	0.05605977624374947	-0.22062111064519851	-0.7980476835632081	-0.8751272804178047	-0.02737379025076845	0.5317542873948196	1.0474449945507793	-0.05999386794270011	0.34275936438036947	-0.5310367444358287
DTXSID6046890	14.8729507764891	3.0256574306316772	-5.658485239747524	0.6218112601052103	4.193436397224851	-6.8662884338137795	7.07260846339188	3.187370694595875	-2.992709429730467	4.214977553407606	-1.2197028515503994	0.2779295042570528	0.3299067447222144	3.9213953610399304	-1.9711186074338602	-2.0441535870787697	-2.6622329000782035	0.10390314715662033	-2.754583384549257	0.9025257662413756	-3.7528869756269003	-0.16274971343393282	-1.334954146707397	-1.777355309696692	0.3928595279379479	-0.8333165241230395	-1.3238565687220667	-2.4228091375116954	-0.0218859350884776	0.22963549355017096	0.8228079612633384	0.9970827840563198	0.011122783109713923	-0.8885207965493074	-0.22391657289853287	0.16362810514591578	0.05199194036212208	-0.6377471243354262	-0.9273708591321853	-0.3926288408101891	0.20215394495454359	0.02947397951551112	-0.74509337062263	1.0711515047349203	0.8699434236780357	0.45378693044629526	0.09298184293305525	1.278083294900068	-0.05921431843843379	0.0243755546682201	-0.6115227203256959	-0.09018313521107096	-0.3304654138964144	0.12066839210735879	-0.14077652128704052	0.593661549811928	-1.4128745850867614	1.087282141809513	-1.594338964814805	-0.003097085318340696	-0.9189858206583114	-0.10045139832053115	-0.44099703410468627	1.9962742252733627	-0.7444127979363253	-2.647789814023853	-0.48704938550568655	0.9010690270823256	-1.8240305649740474	0.32464091745546236	-0.6539413439118348	-0.18700591977073533	-0.7000170512690034	1.4828269581106484	2.534484586932238	0.2006478913457923	-2.3172179839881237	-0.32721341374769786	0.7330174249484592	0.21208549611012678	0.8409034225742594	-0.022027147957528387	0.3370301029479324	-2.8701056903136792	-0.06361193865835112	-1.3444532230378965	-1.4613197536227953	0.8691038285258825	0.1865896980391279	1.134993962638209	-0.05186964240058654	4.219050037825583	-0.2777990942943629	0.26740055619469943	1.3243197457292464	-1.4001573834006535	1.2936466445006445	0.6399508342847273	-0.7871576237521459	0.22511753710926843
DTXSID5026120	0.4417508202376753	4.767085642034219	0.06454386224593045	2.316222973931219	-2.565278868340336	-1.124371676491316	0.026623777007252818	-2.3239210165523154	1.7656221175985718	7.247582199205028	0.532524290142936	-1.3501140997020507	-0.5480080465717256	2.1493052050890356	-0.551507246103387	-2.186610387086118	-0.7839074963007371	0.11394501601077708	1.0070803955245786	0.3730797678413585	-1.9338401302239	0.06636317128210956	-1.0052437814797388	-1.3733616424916233	2.22068303424994	-1.0945346733655605	-2.263467968981627	-2.246487429367955	-1.2243526048002635	0.7379518718840152	-2.2609812704618077	1.1422460989418126	2.219326730624803	1.2813344483746845	1.7458148588114641	0.8213552800251136	0.6263395167460768	1.156304768267387	0.5639894105103368	-0.1800870731125484	-0.09133200551055122	-1.2843844400146383	0.7755506089064063	-1.0282757320353708	0.381620425880902	0.6319000595700599	0.13518025156082178	0.7445978780665061	-0.008383264466219726	-0.37929258819986666	-0.17963803250907573	-0.19425068163198508	0.3648627759620984	-0.9492524585432544	0.7340923511083551	0.8939919863113996	-1.0388921635983588	-0.8185198818248158	0.8151849864342627	-0.7591801255614901	0.6429400023726743	0.5771156897879182	-0.459036327002293	-0.3570997234731201	0.7712247427775121	-0.6689732664813526	0.3564552776042995	2.7350403509302237	-0.13406337343372976	0.8775836616833042	1.0813638859992762	-0.5594217162926348	-1.3146736645638868	0.5811353169303396	1.1955695548966194	-0.8488475105912687	-0.6049089627248274	-0.9832322268876914	0.37696350209586804	0.6179549868776854	-0.8592018346871085	1.9255491840447236	-0.19809986403095192	-0.2717465330429549	-0.39590917654209123	0.11488005518019911	0.6089052577088003	-0.41007328735439924	0.8897120124573112	-0.5010992728284007	0.9781751651130904	0.26312952440467613	-0.26428924568098644	0.5621690749421975	-0.13067326586847555	0.062127558073860174	-0.014064857996885016	-0.19175443223434502	-0.6023739896053979	0.21273834318441603
DTXSID1021798	-4.6881532282407905	2.3305567646074317	-0.40991862783609917	2.2512269270364205	-0.8873329402492433	-0.05799210475017042	1.114551070569227	-1.0623801596191234	0.7366143287134554	-1.7500905688869601	1.3596228227726166	-0.5725886611279773	-0.7332952199747163	-1.0131243284177507	-0.33307306061135	0.5256292707268273	-0.8954608225167258	0.07484006852652494	-0.3920036514086483	0.7453192124486867	-1.2657299090313443	-0.11049029783776702	0.053985095595893685	-0.26879845253402473	0.6715621606816992	-0.806673748152015	-0.3434505043947458	1.0281600099211172	0.7641978397800278	-0.6318196908297232	1.021069911139854	-1.055582009209742	-1.1956957030870812	-0.1460288626354966	0.16802357399779508	-0.5907567335472843	0.09897059868140777	0.5275395090766437	-0.421527999097949	0.24757996704382568	-0.3212403223929402	-0.04704585198183578	0.6006425108690926	1.0109272776966065	-0.24066239445488183	-0.3102424606149355	0.10986898666795568	-0.839540302217055	0.6853664727032461	0.585156885596624	0.4691921922845207	-0.2532169437439219	0.011984825759539049	-0.28763136046159254	-0.7633688623328552	-0.5321269087621268	0.3762681599062484	-0.6499083300866938	0.7242772432535264	-0.23629067939869886	-0.4360106215789678	-0.35680832193574197	0.8986757080305703	-0.7626704512805219	-0.12902224059474582	0.6908275541390962	0.1555139962544194	-0.7083121677550906	0.8118236323771613	0.574403892919828	-0.47332906081967907	0.6318625804109792	0.015783244269010482	-0.474501343567311	0.10827185568354275	-0.6401930422789419	-0.19217684590113532	0.13281194434626048	-0.08320419243987531	-0.41022732390366773	-0.3047313268029861	-0.08692491263026636	-0.22440182568434686	0.40076735804725105	-0.14955536850648782	-0.12069080165227851	-0.657311329309029	-0.28565394007874556	0.11915488548360317	-0.004086627360095967	-0.0017290416933760557	0.3132159526592764	-0.2113143401150285	-0.16192691904906872	0.09889415738240406	-0.14112790289514804	0.03369543308530031	-0.19632510972690784	0.26275746680504514	-0.059753091572280446
DTXSID5048972	18.693841201364265	-4.305544871894194	-10.561375396800115	-2.5864393108128136	13.71543629553817	-8.799781405976935	-6.062744054910043	7.8087083933459525	-5.698046450104983	4.4836435549290306	8.450092245525378	-5.457962987119114	7.60382903136102	-1.9378596640152357	2.9444970853919505	-1.61313314036831	-0.41509419797516456	1.0179651360363737	0.3196262798524311	-0.21580785053386786	-1.2850485988272962	2.181822029799904	0.19563575055863713	-2.439370557016223	1.1779441926064627	1.7483275642319847	0.38032170072080884	-1.5756052828396796	-2.0314470267531317	0.6496982808488583	-2.9542997295444446	1.3065081213257803	0.17670225764955957	3.0506523925381006	2.864079124380337	-3.441316122591802	1.5158169843666578	-2.025398973096278	2.468625709738371	-0.06383602524984093	-0.024407135812789953	1.5198512639528778	-2.130879762235277	1.5405264095850102	0.44033217949437964	0.052420999753479004	-0.7410160226868672	-1.1442632002464275	0.639415134286586	1.3393973491256208	0.5317631066599642	-0.2722682337221838	0.22266681922697568	0.16518442086949425	0.47946106508445563	-0.07475896352071534	1.19962604079982	-1.0178139765172232	-0.9597799138005391	1.3865424530324235	-1.5619011351558703	0.5263223962871716	-0.7615416602304202	0.07731108483552128	-0.20826688081629507	0.07471513168313838	-2.7216257144245533	1.119852544349692	0.5332097788134531	-0.43645295750115976	0.5368485760513775	1.8443244906553085	-1.0945489964383803	1.8783955871074127	-1.2384983118481705	-1.9151207798821202	-3.781086883731126	-1.2614745670499918	0.38449721331645476	-2.7293478685733463	-0.916879417265569	-0.7662901468263427	1.9918265441888248	1.5503635094998809	-2.284092724656615	-0.5457378641619217	-0.8742756710345949	0.8719202465900472	-0.27144422285495706	-0.4302653213459595	-0.14107628920734294	0.5942951650304239	2.672644815726313	-0.9970781311777774	2.055443000083708	0.2406996999558866	1.8037290607034404	0.5644032749930156	2.6333828834634865	-2.3305252339100053
DTXSID5057759	3.670483722365222	4.178450724033739	0.6914309084869296	-0.08126863860658835	-1.0359728761964546	-2.9146204671043603	-1.4785297182304942	1.2047267692404982	1.3073835488577314	-2.2370955179434016	0.7327405167942758	-0.03217770763770999	-2.0372167263922907	2.7822575580735625	1.2522261590137567	1.7825056007157152	-0.7390647546423719	0.7957295824851409	-1.2007829585173457	-1.6278951039240308	-0.32512918864138257	-0.5604630849236879	-0.03887148572804455	0.15212636718237071	-0.2245470144259991	0.9190586485708123	-0.12383370669300997	-0.5796079100358252	-0.5892534164851013	-1.332281459820974	-2.312042001638782	-0.2807661281187513	-1.1856611041720493	0.2818767487079476	0.4637576649828117	-1.681649742757734	-1.1220775112559642	-0.13292478232913196	-0.8767632471905251	1.8618216191610906	0.06487781891411966	1.1693503072834646	0.8463050547333909	-0.196364645093906	-0.04704992835885954	-0.1303353761383257	-0.3919730390196604	-0.2833662611316233	-0.093889305752351	-0.03543515624419359	0.05221217128664537	-0.3803534044308641	1.015727403227575	-0.424177544503802	-0.41027297797522916	-0.11083981829256087	-0.05908308781824732	1.2741734502608224	-0.03888795339969615	-0.634331406565132	0.6211332348427051	-0.2848013547798099	-1.018183524458801	1.1127540603395587	1.209990787398297	0.24568558573922913	-0.2395591184786458	-2.021668483511272	0.1960799318976237	-0.26839001004533924	1.688137322601615	0.45188111775893297	-0.27925852854536415	0.464018950669449	0.2300438204171736	0.376687763384371	-0.1990738040793759	0.07892865384675939	-0.6278938561922079	0.2885222334800926	1.9800297358596672	0.38219654916585266	0.48035459747517495	0.0459486168403595	0.5255344153018734	0.10520203274587667	-0.7930849509789664	-0.9624515422982884	-0.2255503639231199	0.6176940136683705	-0.32770214453544844	0.038610714208768875	-0.3922717107496326	-0.13124509898393694	0.5454168552375427	0.8290159106969838	0.22613506841060194	0.4104729461098791	-0.11559232913407046	0.19044585824611052
DTXSID4023626	2.56235784933895	-0.03671443984815908	-2.760517249681529	-1.2605992014233467	1.0480344972674405	0.9253296321799704	2.060952859983928	-1.2167529248645288	1.3713579213072025	1.1898267328188994	-1.7574248331416897	-1.0623378778493446	-2.1326833789184856	0.08651469648477633	0.3368332780367626	-3.3118645233283885	3.677879577941362	0.9813465436026368	-3.2612560315158143	0.7847909994220295	4.004315635967226	-0.06746571407036342	-3.0775749859752644	0.5760278061458858	2.0105608809416253	2.058682998900318	1.647118358020936	0.09361100925764435	-0.8677645899201405	-0.3215141224365981	-1.4621646416646805	0.11835295825034832	-0.8725976942703141	-1.371546055168411	-0.44530862445846503	-1.0234837803733579	-0.2596415774221863	-0.8752344667400856	0.788398009149077	0.8672000918253832	2.0518311223451673	2.5099124962113617	-0.1552181528885262	0.9293357373362752	-0.18977790707591502	-0.04998926500049287	-1.5241219188097184	0.5982445212441232	-0.18587878657885681	-0.21500919776536787	0.20067061591934426	-0.6968178639992691	0.47562690922959583	0.8563897909812238	-1.1765690440541272	-1.5337929019872887	0.800856153128273	-0.6660680362309112	0.847116093800385	-1.3542588645126121	-0.7762592220035657	0.053844499094054636	0.40346033316681423	0.5397327127212683	-0.1854402588077837	-0.9253860521731972	-0.05785638814559244	0.20668947946421137	-0.16960575263129288	0.6093839318758033	-0.08514206497206551	1.6011489808940653	-1.093281368311676	0.5897901901038413	0.9327917530667391	0.3932282960833537	-0.0878977228968826	-0.046313997230131215	-0.5106971376964083	-0.4873622277998477	0.2957042365347547	-0.29242184687427875	-1.0378013687840253	0.48345816443838074	-0.8276511758007152	0.29616526832704115	-0.6958519701253845	-0.6350916422894091	-0.30942541089843195	-1.6759644663117894	0.11779319684016713	1.4349735466992497	-1.37725417929063	-0.25034320475191413	0.351446116400336	-0.4078683979435027	-0.3921713462042866	-0.41568658166434236	0.32526592726192266	0.6760847676914946
DTXSID1045958	8.79040047356206	5.048281517642131	2.6616434822305464	0.558405962927918	-2.260098252588669	-3.416979886215931	-0.24802939902038693	0.3910840082260931	0.08686511340014057	-0.6571249414165853	-1.1871317793848444	0.48365415771894343	-0.17001272778829696	3.585298206708356	3.6500660552138458	2.9484761064944607	-3.425229886414168	1.9036909788117116	-0.10898334199318747	-0.5354277323259745	-1.2424995747903576	-0.6115787794924404	-1.2911084892202334	-0.35051172180299955	-0.26116695232400927	0.5570014344724761	0.7249825356127273	0.1764260690615779	-0.45399840812129805	-1.8306317953471616	-0.8959436844463211	-0.07968792556284607	1.6943895175508414	1.399668364085736	0.5158491080931847	-3.6204112502957457	0.5973736669995674	-0.1814092018702258	-0.1879999579546633	1.483733945322851	0.7845618652373753	0.14007826592073752	1.5157311319854967	-3.613495518136075	0.9920313251793708	1.2337343690020932	-1.9793566290724507	2.233636991993712	0.9288290962866231	-0.028038664730810774	-0.28449478482761087	-0.21186697568518598	0.571945034327674	0.25088319911839	1.1468496194825535	1.5641169925048122	1.2606356036730706	1.9402125355037312	0.7078747880679311	0.4725227947466804	-0.6334318710000041	-1.2789041260364757	-0.9179154125593675	-1.463788719578163	0.9322225977827926	1.1859576561420888	-0.004270040697925276	-2.785129424981048	-1.5473954477983745	1.2671396574988667	5.430830338690674	0.7869147995224024	-3.110899518649586	-1.983449469864146	0.8428924652359642	-0.6405394924940194	-1.0644393789239828	-0.39950802578686945	-0.0786760223185594	0.6157348771280504	0.8801464003855527	1.2408693694496544	0.6793375648140478	0.5188714363542182	1.2706477156029938	0.46209938883645096	0.8263859082564969	0.7284333165855554	-0.9891955841147192	1.089129618696919	0.4570605170907984	-0.2249553022330375	0.025742746048636668	0.21476686714298943	-0.27758858233304995	0.01599598222145505	-0.6408959338234234	0.05147485584059458	1.735640603190033	0.22115338744026217
DTXSID3041409	-3.728252337625026	0.9240112758870028	-1.2038770446034244	0.9886215728115192	1.024056832356623	0.5513372429755603	-0.8595693017569351	1.9327020238410415	1.3541173323807438	0.22924090395668748	-0.26512876636406085	-0.7207175833570875	-0.052384486232745026	0.18649494506365252	0.085210474283031	0.35483429760937635	0.15810391509444616	0.1667867701973538	-0.23383618801960737	-0.5678656997466269	-0.09304786653320579	-0.09621016077790819	1.2209002391816006	0.4647019534632766	-0.20980331446737885	0.7561703997021352	1.007898127816514	0.5956522997154561	-0.1842631196815692	0.28368312860134276	-1.1325464615919019	-0.6620045812453468	-0.21078155661161657	-0.5736920206969294	1.1602926219869425	0.8048075696606624	-0.3810794484630197	-0.5108415983614731	0.06461765294340298	0.23259029418095842	0.16636550906155367	0.5660792113149936	0.04803183396744823	0.8148591355565438	0.6154857748791377	-0.5544003297579676	0.41585370176207326	-0.6133418369585751	0.09735366211473806	0.27565732871547033	0.35664651171570166	0.02834764949027764	0.8018380909927952	0.06787209887467037	-0.7479634507367156	-0.06483803775350726	-0.012039372288286184	0.14211986733923648	0.445758218546449	0.5099240919606479	-0.4278667895942277	-0.2342282025652981	0.20832269083136123	0.2054995641032506	-0.14112916528840014	0.591197258852577	0.21020645893165776	-0.08362573652670803	0.698506715336625	0.4394687574768998	-0.6245515148576071	0.9159768341677854	-0.1725290561757201	-0.07353233105046164	-0.4814558998660278	-0.036988218966191304	-0.6282539979634745	0.36661371361717476	0.5143397925254661	-0.8849930812235549	0.36259911260640776	-0.3551486283541217	0.5239752565400676	0.26062613332442747	-0.5877470970199492	-0.3156360153662174	0.33392090485704723	0.01422523183001133	-0.36952885270808444	0.21254867011646672	0.16230777494582813	-0.3503123679953532	-0.004709751987874873	0.25544499063174186	0.1608140538820284	0.15870514664803925	0.33300868012419294	0.08901320971120508	0.2203396331069352	-0.43688199988167353
DTXSID7047065	-4.042533291929002	0.8282759867809844	-0.665034803026569	0.6656050399905016	-2.522214666312271	-0.4987232375330349	-2.3539950598314463	-0.5083640016912514	0.2571317500350357	-1.825953996906412	-1.2084677885928423	-0.006705060942202651	-0.2664558552752725	2.750224901476758	0.2552748326756058	0.8731176376124449	-0.3859042471732749	1.1754644855099765	1.8274610896189198	0.8017933003332979	0.011015676435458243	-0.17512990230996567	-3.1231725629240974	1.498759288850167	-0.0673749221750344	-1.237647176700943	2.4101850964565177	1.1364917779833077	0.17211723117328123	2.094577288617458	-0.06923439717152514	-2.5320185412723486	1.2101516005534378	1.2549006944871308	0.9560625111247671	0.8301937311350869	0.12085792355035697	-1.8654235549093214	1.0849688047545878	-0.26942720517993207	-1.2667630612062155	-0.08750736237097888	0.0634939273694651	0.171762275482483	-0.033052732393310504	-1.127250683147113	-0.01141210181608062	-1.13128273725875	-0.23088047013809723	-0.7319042847774317	0.35251920332827313	-0.410692390205332	-0.17254279778360304	0.018217716535288322	0.5647095389154508	-0.35608440689439125	-0.35057195961601667	-0.0705563987079363	1.958104522365619	0.44031901108554483	-1.1479469634594632	0.08384527096014135	0.7418312773806751	-2.079335155954157	-0.15015778240739708	1.9792751751631565	0.19976426667311442	-0.33662396914730164	0.6954733137287072	-0.2574222454219806	-0.2403811673248683	-0.1064080549202329	0.8065563897370998	-1.7511719395122771	0.47207157376426684	-1.231521674214317	0.42108529610976886	-0.8837108712019488	-0.05949326382530194	0.5168042512561452	0.36369125827957677	-0.34303294299792214	-0.05451765955851135	0.29898462570623285	-0.1801238476261234	0.024524395137403027	0.4632810609652897	0.826402148713032	0.5293527428589664	-0.022311754323108186	-0.5058476757702917	0.441667627749099	0.5674845437470071	-0.014356826799533193	0.6774020931579727	0.1533656398410882	-0.4656724586489729	-0.5765522075709495	-0.41350718818224136	-0.07458324016849548
DTXSID8047185	-1.9286668947795467	0.5943297597089627	1.6721329419993267	0.19688206783745976	0.22134135616600772	-0.8111597564867618	-1.2400395756406597	-0.17564178134786912	0.29100222011777505	-1.4716095621887644	-0.15710060059282654	-0.09744465884843653	-0.857923051046784	1.4240350821467762	-0.3052025360098119	-0.10565558352841525	0.9150656364710203	-0.06952004086491163	0.25528930426168733	-0.7844613880246876	0.5871544364145382	-0.42346930988556425	0.13846679660130265	0.37810633283601247	-0.20013473115438277	-0.06456796778335447	-0.7038915481951108	-0.1152097081486815	0.060001172582698256	-0.5420220920583021	-0.4735505548456671	0.18057222432530995	-0.2983345262974318	-0.37401127595679234	-0.3319343645075721	0.42093472616555483	-0.021045006090568866	0.29487867664107575	-0.3250328011891267	0.07599882207172831	0.030019613546651745	0.05626152541696688	-0.29280606046298985	-0.04740184383891169	-0.5569872687544447	0.0745269815072422	-0.040208652487707275	-0.12273367160430457	-0.04509793596904588	0.10222133295555602	-0.10828484742523004	0.041489246536567236	0.05823091779703443	-0.2513886286073555	-0.1424239087648114	0.07628632515280676	-0.1386104732735571	0.11808910908777234	-0.38534093339122666	-0.0795538910467809	-0.023891041084374166	0.1366020838832892	0.5261667043811534	0.3315148558237392	-0.18336696618677858	-0.8131629825052749	0.1874143936096492	-0.39402959372883545	0.20828932070614084	0.22752004868597334	0.15573757630340448	-0.17487030053987904	0.043124214801497564	0.3343877790145227	-0.7711051846121424	0.5170351358422376	0.19844822547476917	0.5250489798088046	-0.24177317053758526	-0.1545009651988655	0.32028571205445167	-0.1400377286258889	-0.5794921722460731	0.03654827982483999	0.12536314814693778	0.24909325430029025	-0.16407985112838433	-0.09122735451253856	-0.1858524124225614	0.04231406059653516	-0.19184160794748922	0.38505022203018446	0.11065347784605646	0.31536677140443853	0.20816961270450346	0.23760180850863413	-0.3260037301113611	0.05231257938414957	-0.007967469315068766	-0.1844346074659782
DTXSID6021828	-4.930824828767446	0.13933501797557202	1.142389849519668	1.372650094486104	0.9594419407195183	0.5723805331134673	-2.0218180904231238	-0.5508280762745394	0.6385128833550944	-1.1914571769237066	0.6526879327373207	-0.5306116194997879	-1.103329949376641	0.16589910110294875	-1.4335898885061014	1.3977192574560435	-0.6338972227235157	-0.0005010294536594875	-1.6101296707789408	0.9505501825208458	0.27221537941076457	-0.25445468574089847	0.6484317753950399	-0.345159305745123	0.24310126025782666	0.816053912374823	1.0191363511393805	-0.7530149723357736	-0.1328062926577582	0.46383745907509477	0.22136394297451514	0.27007377377271496	-0.32073670330785076	0.19543186832762668	0.6978862216485543	0.2778347804477087	0.31613330954664054	0.32263713432190866	-0.1817775580902888	0.1826429310899234	0.03694361647817909	-0.12720315563063295	-0.1190180321278736	-1.0360859996754455	-0.23120084265863694	0.09612654211527218	-0.13010876884978123	0.25910349645484926	-0.34513474401816396	0.14600318724657751	0.013392887301473881	0.3778000706224203	-0.025258213431756948	0.00029642534073237245	0.2575318495526157	-0.2554821325535539	0.5978258159837498	0.09530439256684457	-0.05278874015695445	-0.2471849776637294	0.21174018974077344	-0.39724110391682554	-0.19874331226186692	-0.09977844651773647	0.23082302260731308	0.8658278907105157	0.44349760386506265	-0.29353475204723534	0.29539846905192907	-0.11357644455877912	-0.13235700277207804	-0.5090187818382725	0.49882661671382905	0.07222858092054632	-0.05377936486874013	0.0004025223349844118	0.013580236683317634	-0.14356436568476183	-0.20875821581168152	-0.20434575160814605	0.11556436027914965	0.07026350657095284	-0.32433739241260345	-0.05694397816394191	0.3605457915836564	0.060440943642955304	0.04805042835392622	-0.22579259522497425	-0.0986676577461955	0.02347746932006513	-0.7893864799730025	-0.32161100952603705	0.01058423438544139	-0.2876806431256976	0.12042189900044953	-0.31251913230117473	-0.23097071877355194	-0.20426465274424072	0.07440712784822474	-0.10639245030650966
DTXSID7041621	0.5251773564287646	1.7900500671434194	-1.2126845250590308	1.2641260721523377	1.0705278419576756	0.5535300158871208	1.3923564602994214	1.833254702747168	-2.2472042119273046	-2.6779277149075784	-0.13233394323526693	0.5224163733087821	-1.1777607039569329	1.3264837851711415	-0.833441018764036	-1.4337336631913844	0.5052438358776055	-0.3774128848859264	0.4024413341271038	-0.1594917740744972	0.09879906250490122	-0.509952314594498	1.50351205965777	-0.04994206181212141	-0.44348504100003944	1.5499034806226817	-0.5533142148064842	2.853079181720705	-0.1098335186754341	0.11127823308304834	-0.2997200510889372	-2.4999476131895695	0.1246971602704684	0.15182627551160283	-1.3744855754361556	1.404501492695619	1.3049377841854741	3.2244806449234913	0.0736074117066117	-0.07716689176318489	-2.574608089986708	0.45286701622509234	-1.9969001194321558	-1.3270062600401085	0.37455430979189464	-0.7840747309689737	-0.12967110018090677	-1.4345741202072666	0.1619380164490131	0.9264763554319035	0.46316823654776607	0.4797737068608656	-0.35502095633681496	-0.8231083374286873	1.1797296489839877	-0.07389013817197045	2.2936629028097073	2.461315025136119	1.1072886211713169	0.41134738319884173	-0.679535914233572	0.4517742762700094	2.1501563158069485	0.5257856188990916	-0.21023972527854734	-1.8824236833560455	-0.541510861950929	-0.22332114084369536	-0.2588301172795341	-0.9326543718403487	-0.20592915002588608	1.8758541656421088	-0.6692292731402741	1.5130844328625677	-0.17851043348189033	-0.9601757595002859	0.4203788930425547	-0.021137760301928474	-0.45133222381448734	1.3322566965515483	-0.829052468101474	-0.05167628638367821	0.5099558946118796	0.558547349959884	-0.049062616263405426	0.3031127453979073	-0.80966326031295	0.1983005737522164	0.48306298601373165	-0.37001200644695215	1.3416265513288497	-0.020498020305305474	0.6621937530956685	0.07372484924946665	-0.43684642058366	-0.4588665291892515	1.180612410171381	-0.1552420985311507	0.48984582334706284	0.30461035410976106
DTXSID8042632	3.9300625389039525	0.0009750904413185699	1.3936296055836146	1.5541524742819142	-2.020697589102049	1.5762754376293953	1.0047300158184835	4.040863892678655	0.8978264955666256	-2.24425646005915	0.19483423852799464	0.6757381891535177	-0.40199732174703884	0.2291443845845728	1.1733046259845525	-1.9437944705243682	-1.2034394004533855	-1.6153594878134037	0.6262458685833853	2.5015623488825947	1.942658578264996	0.15023749217306526	1.3814172073502384	0.5438075274701385	0.809595296067671	-0.4315933010030759	-1.4429881521064196	-1.7675435963426378	0.3924166614149479	0.4488461478497997	0.8383123103341092	-0.7092807709709857	-0.742567225081862	-1.8968407778934802	-0.19616323029361504	0.5570751846723154	0.3802052362739032	-0.800299695822078	-0.13745746398185554	0.2542955663816787	0.22345771038440942	0.3159182973904593	-1.3631373912335631	0.4651822661703423	-0.04983515750800709	0.10133758435863009	0.7126822703918507	0.5448729668056645	0.033397958944331514	0.1402872872935129	-0.06109367613082858	0.09910834878100684	-0.2775824581676197	0.08158154614360459	0.7968643528350933	-1.79909730840884	-0.7562932542560192	0.26349498343815814	-0.7199937168747113	0.36233457999802404	0.036112276586228585	0.891968600630762	-0.8587334890884049	0.5650816905983397	-0.5295775759974012	-2.395061643479039	0.6186395521068907	-0.4577697375103811	-0.46787321568478313	-0.3753662624354257	1.8676397529785982	0.7147214189174583	0.015670266042256478	-1.5455296709938589	-0.16548684604360187	1.0101317113642958	0.552695737321234	-1.187023764777193	-1.2817833075480858	0.45206362338099043	0.6628111854941016	0.033380853160319544	-0.20214260343154708	0.2984090924331427	0.6530143336048505	-3.1655663829547604	0.5259550038369889	-1.603610042889944	0.32967453040769684	-0.5943408647876882	1.3022222173273563	0.38148305550897277	1.2592276952531956	0.22289066473055755	0.3114752503184175	-0.36820555751923123	-0.42939180003677585	0.03576865234180489	-0.12302870134499726	0.4716496211196311
DTXSID4034653	2.2533874943981513	2.286975185181761	-0.7173057271922189	0.2727601057494218	-1.0774771113128605	0.25620296510847435	4.243199480278654	1.8208934044756824	-1.8292614605926218	-2.0268328831338516	0.2068965921680991	0.5949001625283153	1.250808979270244	0.6602591268259074	-0.5939445442121727	-0.8204109528138835	1.0152928091973819	0.50411722160428	-1.0826694188272348	-0.7762718526241608	-0.5459975864242281	-0.9024448862541767	0.20350259896334222	0.6440351865003622	-0.8316042549454351	-0.10870724537324403	0.34899906501233424	-1.4987724957167605	1.0501139162523379	-0.8166084068168127	0.9334827486969303	0.08512068758539987	-1.109534837883753	-1.2116274429823346	-0.8647136641656572	0.010430906605727623	-0.2738103601820377	0.5675500647222698	-0.7823408822571942	-0.6137551919674562	-0.03194532542231551	0.9119947681460846	-1.0922652743064039	-0.4385499608798387	-0.05755862010887817	0.5528587083247264	-0.003033139836044804	-0.019341400021176975	-0.21787525682279654	-0.23349672641650238	-0.39023177188436536	0.43215321254967526	-0.4674970376724449	-0.02195470307460749	-0.511367630536881	-0.6945154105087087	0.08568174450422383	0.6234293247395043	-1.361520250592157	0.4630651223863723	-0.22526429946580231	-0.3365603125291056	-0.1951465912793582	0.050607375299077315	-0.3878035620998498	-0.7989437373414943	-0.7324738096289621	-0.45179827943997897	-0.2853813322521268	-0.8222121731950186	0.413594293378715	-0.3974715898349745	1.068020248207996	0.14051711861691762	-0.22137608190207606	0.6909795315519913	1.053650819723017	0.03564162604449281	0.6765390319103619	0.5401635286417822	-0.7070437070245845	0.2141896940888018	-0.4458771861603212	-0.8637777805030841	0.3486426709748644	-0.4289564956127426	-0.48493074444291545	1.3170356331380435	0.9740004049537885	0.8605984365027817	0.40436343281148684	0.9559362562926618	-0.39635298850605577	0.7672175028587715	0.3839218687416117	-0.24958378803311426	0.9736182233265702	0.09104694115459408	-0.07864871345656388	0.5776517652854357
DTXSID0024761	-5.67293361141896	0.5234982978796883	-1.1597464377249989	1.3548450088726625	-1.2292525272381556	1.086629996897169	-0.6239769826011965	0.6224474872053201	-0.06894559117865307	2.3384148711408197	0.2622388778120449	-0.4455529720687202	-0.5354356501652342	1.4267172006893583	-1.1065779651089962	-1.3699701977967806	0.1391922288322168	-0.3517787578527069	0.1465542618169548	0.15034805428159337	0.32379064219107495	-0.18331758382058624	0.7992247166104703	0.3476568487365777	-0.4128312815711808	-0.3402314315185385	-0.10040408188740102	-0.9650971411097292	-0.18375620184272173	0.3334355059119422	0.7705471683731253	0.09807045989216574	0.2244272813504931	-0.6894713511196185	-0.7056598988415359	-0.11582409080142404	-0.06351443554037742	0.2089680583134782	-0.07084631539039912	0.5311782881227222	-0.2750213105544705	0.19354188475931602	0.021107916717127105	0.2826021009753293	-0.10341470897833487	0.055198807960165026	0.3600634763333424	0.12214207117592558	-0.2637554226226157	0.10557526397955112	-0.15793343254273137	0.06380985311695438	-0.05081477979167698	-0.03072186514176709	-0.24811261993874498	-0.06824543457008045	0.11574540141152673	-0.3204900418773988	-0.7147679700563209	-0.184774549437566	0.656165858001405	-0.37095231673473406	0.14218246444958774	0.2984301307476145	0.2043840994244854	-0.2995894481683343	-0.09305015211511	-0.17121383988356176	-0.38524300152643265	0.04373827925195312	0.1202836808583665	-0.006824672458285852	-0.017328718903956045	-0.1182688375974023	0.07151228129442638	-0.03412873688279953	0.014661956087385672	-0.3767310417701005	-0.11747528888904843	-0.16339112676086082	0.40897672377580413	-0.28624736344496843	0.027339779060359705	-0.45831714285373243	0.07591848706452338	0.02718542597930433	-0.014599030939291721	0.08044340101906082	-0.18957424761674005	0.12632373156501345	-0.2878903820608738	-0.1384407387151329	-0.24865725851684017	-0.16219149338153988	-0.08054569756825412	-0.3307194971197167	0.14904152368772874	0.05670925778962709	-0.05385983997201092	0.05044684127324107
DTXSID6020143	-4.937446020768918	-0.07830583541766944	-0.9794896109092109	0.75981870209746	0.523828612510718	0.021714418845627702	-2.7092918876625007	-0.6440413277611361	-0.7413036609567136	-1.3056202508600954	2.98291534354747	-1.3034689405772315	0.8420067187888478	-0.3747368670271842	0.6825830661561031	-1.1463700631435088	1.3560126729436803	0.3833996556062665	-0.18664154966187715	0.5600143142513183	0.8436860915246759	-0.2017748263878183	-0.8950122162673565	0.8691117776086272	-0.3478179602983557	-0.4791991649659757	-0.22797736954627862	0.387849939585149	0.4321829789194652	-0.142605055957389	0.6014111775618146	0.05289529076583482	-0.1917977444988922	-1.1389088877051632	-0.8186281244396435	1.57756568344069	-0.6559772925317183	0.13524374846116238	-1.175685251853054	0.07754209341443515	0.550409786060643	-0.27239909849901106	0.9631310882928302	-0.2705806169717397	-0.5726325844456776	0.10866222159956958	-0.4291026102820162	0.8695702718271924	-0.22694213241693043	-0.09748765862650001	-0.07173657562430062	0.554309918015122	-0.11392603136788926	0.48441742457802045	0.03554569297878407	0.4773570579349812	-0.7140052953370919	1.3110624098234096	-0.1838583823393209	-0.3508149975691277	0.7472959830521173	0.9728409742841669	-0.0663359289871115	0.23148063662045149	-0.035645197643851476	-0.14990874849572264	0.08266246814698194	-0.38837976304776783	-0.9057756486558864	-0.09745846699763018	-0.10989873940949982	-0.10949407236490545	0.041827516315291906	-0.15430589716898738	0.4695249097094815	-0.3220866771580237	-0.1961930639127178	-0.5725160773080837	0.11962566907873644	-0.1851234964685915	0.26890624534514646	-0.488347149352538	-0.2024684519510379	-0.4482353679711954	0.12406135357417719	0.05735798639086873	0.15251941117553297	0.6746653088615736	0.3404315465889556	-0.0334920976645105	-0.3240885761646099	-0.49803679720831434	-0.002564981051177928	-0.12574842277040255	-0.10347294426653138	-0.16535103671671522	0.264520080732875	0.32994757072105463	0.019980969865880802	-0.17934147977117496
DTXSID7044479	-0.22130998836665766	-1.683390664877495	1.524143338792648	-3.452691582943689	-1.6268085448179161	0.015328945506909896	0.501920583408869	1.5109281921820288	-0.6095202786964953	1.0139947204608524	-0.8195424787903195	0.21304134223074125	-0.34902583477935023	0.9558642100004159	1.0729298014384254	0.9221639305016106	-0.6752010357311139	1.3006760224909137	-0.39618475840989553	-1.5932954401297328	0.2913950314929392	-0.5271164781926192	-0.31858019677269417	-2.0623564102025127	1.9984254257055685	0.41632681075036404	-1.6558514892291132	0.19700635738284963	-0.2937805118895209	-0.6017924509389397	1.264875802426128	-0.5769424452325126	-0.8779882545388916	0.416481810535137	-0.08824811026074375	0.2530051750300468	0.8222359513123412	-0.5802017263751165	0.4378306121448163	-1.3036782816153065	0.2969831158052011	3.099185885245019	0.10375116650399097	-1.168145827314216	-1.820753396825866	-3.3848947196942945	1.6949683625295442	1.8400228934632166	1.0010194325887658	1.7738937785786877	0.15301915905394023	1.530837272470171	-1.0036766118567855	0.7666696861557565	0.11500772882553861	0.7778265554693807	-0.6825675622712044	-1.2864052849035084	0.6514663647474307	0.575343893575018	0.7492553722414296	-0.5004838935900074	-0.13627241886581723	0.5902207677669118	0.8706358207967998	-0.2236391840786684	0.09845068397516306	-0.20728329342283444	-0.5693310505822549	-0.006408338719025861	0.6757131164774369	-0.2480483851333353	0.09940039524521099	-0.12041034404823146	2.1037588300363654	0.759802826525746	0.2618695687514521	-0.20316263624981865	0.6159418136919734	-0.1372517819882042	-0.19240146921422802	0.11809840214901014	0.9417044749961575	-0.08687965688065705	-0.07528127049130726	-0.4797887906330181	0.12253559115622298	0.3205329104826553	-0.3683728773397215	0.45332876150548174	-0.023732263090085123	-0.17314835411808055	-0.03464594499552487	0.3581972709915702	0.4580391640208483	0.47176429313048246	0.04729249896162773	-0.2262330969528418	0.24058664991084538	0.7405877713678959
DTXSID8057778	10.161968281569695	-1.0604053021377815	1.2082703523453922	0.33655214836731717	1.0448232925136203	-2.6617205251411504	-1.9632990510469686	0.4650083325203046	-1.8863783090568305	0.7052365510938936	2.456704078940954	-0.27789123087361184	1.118658034549125	1.2069426424497098	1.9166570493425454	0.6959704139585682	1.1580519871443897	1.335159603671727	1.215005126375001	-2.3743221017683207	-0.36889155649666155	-0.4264369111466845	0.5033447328831541	-0.3396043124575369	0.014020059619756242	0.98406956602753	-0.6593530896496197	-1.015031431018731	0.2026689259965094	-1.680924948579722	-1.9966783902336807	1.2938977347351261	-1.43373152534249	0.6868020911037407	1.2822076380719494	0.107033745437866	0.5124210274360961	1.592296974447421	-1.1005441011617654	-1.1639522889151719	-0.5027497549887673	0.2997504138911598	-0.13465898250373445	0.29586204598811827	-0.3215104516411818	0.19486383508809899	0.34307452474344935	-1.2876731779348196	-0.3129245536274865	-0.31010375629885734	0.011516401268034807	-0.3779854225062929	0.2218916502328564	-0.8814350837308604	-0.7770689016009364	-0.24213677385692398	-0.7913008369872448	-0.486839045818149	-0.3077464879167981	0.1457690050354317	-0.37932164472482033	0.0047313885977503635	0.7253790228404645	-0.8032547911473704	-0.34705835234395777	-0.7146697663917368	-1.111064058257905	0.7740220016466677	0.6084033734744054	0.5548586090913583	-0.5581609217376088	-0.8566623222293097	1.5543208645162256	0.6605813929764269	0.8125486461336795	0.20545122687831605	-1.2920089254851264	-0.17741140017763624	-1.082379490085908	0.5792077667283153	0.38905017368943434	1.5022101822179024	-0.002980297168427065	0.21085262829388446	0.7314344197800232	0.23701178355930735	0.0219785078573039	-0.9705644657793173	-1.0136502569297954	0.5369933360129251	-0.28250181933210156	0.6462411298017158	0.36889792637439467	-1.241012717091049	0.33506103204951326	-0.9992838379583245	-0.021334161848754158	0.06700705838114646	-0.19023950915994622	-0.539385218358131
DTXSID1045293	3.640077615059952	5.754320655962408	-0.4717204179806285	1.141208250898829	-2.3441750497750906	-1.785163077026189	2.9956955456058294	0.5877800518509784	-0.2532342881089604	-1.5054744474864816	0.471841373079297	0.17309542472281847	-0.5188339116888194	0.45608957855142207	1.6114943226771017	0.9477602793701819	-1.3313053347295722	0.41983861921894455	0.08377881137297805	-0.4468062803540799	-1.7793542607658748	-0.040925495519684565	-0.5450540491480118	-0.13237057748446676	-0.6484975262599344	1.0831210854699727	0.8552127672569875	1.7052189722927056	0.21147456373650655	-0.6370980018943767	-0.9700128854588428	-0.2582632545084006	0.13951593937249643	0.15243428161319028	0.34764466923649306	-0.011199749036994057	0.4511581963611268	-0.30917991004713496	0.30416685298543256	-0.7173741144011194	0.048508708467174484	0.6880674705909748	-0.5006034233566665	0.08247858710798273	0.16415741740664283	-0.08968389140831218	-0.44804283024698727	-0.5046211887446406	-0.01884601672706036	0.05750365372685296	0.1888657629501541	0.19655839308861536	0.6472895134362988	0.05920227234248813	-0.45786708555834604	0.13419328818098325	0.4723645410815231	0.8696022110456363	0.4489144183786962	0.8329748234324521	-0.775723587329846	0.8450170354543449	-0.061013440605753526	-0.4694363785655118	-0.46327611545363917	0.3078929190473301	0.33173938023634014	-0.7650117119400037	0.5447707571405958	0.5973969107023704	-0.2560618630109568	0.1936300808083335	-0.6534002645116547	-0.7403037156357111	-0.967280611645933	0.611254207507592	-0.2606720644403716	1.3778329170715722	0.9191970147241939	-1.0059836720990512	-1.2573488858709054	0.015819014774142246	-1.2753139908396973	0.5128300430954096	-0.5003261338352307	-0.5639819130650813	-0.07169419879159648	1.6536320190169569	1.032022524970982	-1.0555091060706618	-1.2331671933605899	0.03695907882579571	-0.36351091977015537	-0.9166129983210872	0.5252987683916828	-1.164605210991072	-0.2049271753868558	-0.4964594052449353	-0.691725713330968	-0.5684213253962961
DTXSID2026529	-2.958493696568708	1.0411716806430644	1.3210571783605194	0.9539107883248037	-2.180840133130113	0.15084373113450025	-2.2150471034451176	-3.2080831803764607	-0.32481233519306846	-0.5189377383851533	-3.7161777667476534	-0.5829811337775298	4.1668787031214185	-0.27575596636020494	0.8457159715576242	-0.43534440724861534	-0.9333144977049638	0.38337746714357024	-0.594028307770377	-0.2651063598913803	0.10755624417123884	0.3116078846519294	0.6948982070740108	-0.7767824053451	1.3455800085508862	0.013418229073830142	-0.4582920938922777	-0.8239123794460027	-0.3916465683207518	-0.19586315647143523	-1.0769266648729696	0.36061874046298076	0.23720481780116676	0.4854488540434391	0.06171015474871719	0.20778697083357064	-0.7060677706295141	0.3580981833524781	-0.40704709653029764	0.003740571125131868	-0.05739870461689244	0.0008279479276407964	-0.2006941918491614	-0.3165390154244579	-0.2084982165738933	0.012614565373448199	-0.11971096693341723	-0.3153157410259876	-0.1313365956886329	0.10734147100531974	-0.017747409437988887	-0.37461013814510347	0.36573309197450404	-0.08245953493905998	-0.0038149499957264373	0.27368454344222143	0.13462904612335266	0.1606642634697933	-0.02741784451470334	-0.15471655895795441	0.24220041913618442	0.38642936191639266	0.10617853091682915	0.43023684479648333	0.14642093653866342	-0.5416392463975894	0.07280228393579188	0.10463925287091959	0.37184968337033436	0.2053836207149175	-0.015507394657398473	-0.29359286504757914	0.2787370787111929	0.27288729055979655	-0.1269772659431675	0.042091164955707625	0.43568835322868854	-0.02326101588819785	0.024163549783086487	-0.31743593753569077	0.06578209846576095	-0.40806727456784087	-0.29911356444291604	-0.07972713269718498	0.32674047873126755	0.023438159098486875	-0.2123469091682797	0.08874671253648099	0.02773696232624062	0.04720674125138892	-0.4192150791615673	0.19539646445557668	0.20451451468076629	0.2366924051596217	-0.25343552575404027	-0.10460539423779258	0.3121159934445838	-0.008172068411945038	-0.038364242717817146	0.24960472610914763
DTXSID3032549	2.3584301767831866	1.714707407225812	0.6383825799002394	0.7776918161200601	-0.003840587125832989	1.861564650510673	-1.5397439150682029	1.1039508626922885	-1.4942574335567627	0.551113233863147	-4.419360591155178	-0.3592783804399876	5.219946603329211	-0.40011066297968945	0.38727937762927617	-1.4731232709893773	-1.1563093412959349	-0.4635881725410369	-0.275235848912794	-0.1252667076158808	0.7399249267989396	0.7152901936667935	0.8329126051846966	0.0075697553342356045	0.03602262086465608	0.33466860293154027	0.4462559821693979	-0.812189860166108	-0.18757660988015096	-0.2993372840135471	-0.6542975306183219	-0.09911961893796918	-0.36239426625719934	-0.8085472683722325	0.291023240609795	0.4261402416837462	-1.5830496604640387	0.2687052159404216	0.36253490439224006	0.3249534904863114	-0.03721867867524908	1.079879704546772	-0.11245420140244602	0.3575377120574722	0.8356977401016173	-0.1766089914416542	-0.29646655959085005	-0.21815823177262722	0.021045608448429193	0.5751300508049759	0.2336752380310267	0.09939511256372875	0.47265653208342423	0.29561339314355956	-0.49738929317609165	-0.23973945867141327	0.5823159591334913	0.015744229895617266	0.13807451562347625	0.7530136181188217	0.16843295294714697	-0.17052309908445354	-0.5122959714846012	-0.24307179283451735	0.28316861107979363	-0.3545484475653736	0.05977514495691244	-0.14417306382523012	1.6035769478414035	-0.05405320194976281	-0.1334310284123697	0.28795711319008316	-0.12835064718736733	1.1103648677088969	-0.7129600554133761	-0.13887612187360657	0.8442069588320055	-0.134707306863646	-0.15690884199822183	-0.38126040229148805	-0.35902612689238256	-0.401055878955509	0.6721928045301068	0.43572525113486715	-0.4281941226801204	0.6003690729577351	0.6588912208467694	0.13421212318080486	-0.7128668756983637	-0.6878674022627598	0.048817520613969	-0.6484585960737252	0.5871049200470194	0.9047430326600877	-0.30563900443321323	0.30474085732469974	0.5371451859891294	0.3147388417441592	-0.22914564715471059	-0.27498510862970116
DTXSID2044923	0.7572266034408736	3.0608398334192075	3.687323102747314	0.32903550933087017	-1.7018768398179638	-1.3200203290658317	0.8273372033269425	-0.71239318357508	2.1713378712953713	0.4832953786882628	0.9982144271875024	-0.13576080707553104	-0.07328116473597888	-0.3749816893071686	0.4993315372512707	-0.4882688355621979	0.4238561645089219	0.30032017433313923	0.10381280107496613	-0.3744821446798384	-0.2544605842491973	0.0667169041161868	1.4235972966410066	-0.06371410795053566	0.19675676976754428	-0.4842335031301319	1.0660200607276218	-0.18509343867648415	0.09646902784384	0.39482088944809374	0.3819696840965758	0.25653529709103384	0.8993896499964144	-0.3570959590277787	-1.5836892472994835	0.29258724209488335	-0.5289338685012961	-0.7721196581082382	-0.6600995916389382	-1.1273298971096446	0.6158435875894994	0.13933857941489797	-0.36350220942633765	0.041171202794286876	0.6265759585838211	-0.5200307459718704	0.26256796367294993	-0.11670232986522323	-0.16701759897870236	0.0246304161512035	-0.0695664317426572	-0.41904014783178883	0.2776440265850492	0.1833904839379531	-0.429045958751968	0.4107188384394694	0.30976312254882654	0.05633134766379625	-0.09726400414446419	0.9655880248584762	-0.9134671976805315	-0.12067845101205205	0.6305168348107472	-0.13068458457642693	-0.7739315980312803	-0.3567704337938121	0.11711987514444987	-0.12395182795153782	0.38334642735474667	0.24000131443578143	-1.3795175597182736	0.6020373457998613	0.5348460548686542	-1.0073933957909271	0.2883430084526286	0.018932325605399654	0.3714488840996327	0.3318667735782815	0.11091270852560928	0.5868353073195228	-0.4867310018133332	-0.7035139946514287	0.2932156171148108	0.25017327900101866	-0.04978418514922547	0.10549105459382759	-0.2570379083780832	0.4866614526522281	0.4782782838848405	-0.0735345136769942	0.18412219341915095	0.5447316125722189	-0.33098280951907116	0.15754062778477607	-0.20325929642253276	-0.08628677234724438	-0.5381752533466684	-0.21947246640498555	0.06186111942084351	0.40259433594273825
DTXSID9048772	0.6784375765595972	4.285819434994385	-2.3720035430805835	1.2357223756025917	0.2997838532664025	1.0197945974998905	-1.952461419242975	-1.1103644147201823	-1.0279008892204826	-0.7872804741227585	-1.21909772541765	7.530291637679276	-0.42444529150384114	-0.2297133851120169	2.5463527697347788	0.6416715878849196	0.06968875734009562	-1.4616318534324948	-2.290651990010563	-3.5487360173754516	-0.3203069850304516	9.187057152384181	-0.44442057328104456	2.42425028776283	-2.1138118361942753	-5.73155434079048	-0.3828432202806948	4.229104614717998	-1.42098610206886	10.874346561860772	2.04280404677053	3.4000512781223624	-5.045831419316983	-0.08530944734081884	-0.3884474461794956	-4.215363343648226	6.609694654172546	3.840893960351256	-1.7476232716397992	0.4740968188694094	4.234367036879114	-0.2354192832381061	0.0023952118416175603	-0.33361010299274374	-5.705610139229349	-0.36282850705942105	-1.375961491236034	3.192869688842892	-9.097308564414032	-3.0751378605679314	-2.8227701283436626	-0.41055096546828407	1.681431558275685	-1.7017095670841103	-0.1439702556226356	1.6285007484118528	-2.9987901879846173	2.0113268827898745	0.773612374880643	3.383589178323699	-2.1757412378827587	-1.9250745273852488	3.173583998483189	-1.5430245756245455	-3.0509573760451105	0.07547317975029647	-2.6475862426315975	2.1684542116442436	4.363104612602281	-3.577724430688912	3.2554517996342605	-0.8960463748849476	-5.087487583281717	-0.6308709557803711	2.6850135522544685	4.130232028873405	-1.5507125920446556	-1.1419209872454943	0.4559115159637094	-0.9171234726209151	-0.27283115237054145	-1.7322377226192356	0.8348541406033347	-0.5989607383624409	-0.8281344022807763	0.7401134877565246	0.963175426426444	-0.8084189758229418	1.4483856260787535	0.8307476688945765	0.32837414896642947	-0.5514798325163024	0.39767733909242114	0.22505231370162357	-0.3177144839744918	-0.14222673363095004	1.306244570836283	-0.20795555327804777	-0.2256018058506379	0.11700447941609293
DTXSID3024447	-1.2997896703044514	-1.4259532417516174	3.4217479189992543	-2.642026546945237	0.41446528898996243	-2.657655641884419	-0.2737623992302733	-0.208849111841012	-0.04660330211398311	-0.9221229739229407	-0.2825431533684623	0.6360829005427062	0.38155371502521457	0.33387491833704375	-1.6612640000073398	-0.5394238345893659	0.30220309727805633	-0.8891925205879162	0.46131410418991986	-0.23133680620525535	0.03961108585566655	0.1581994571702751	1.1639534325270051	0.003993578723400694	-0.26949871801560665	0.13756181246797194	0.15148201860005917	0.03195178002429748	0.2074760102435604	0.10354823660678612	0.43146727923130507	-0.4046825343897831	-0.012388530835755049	-0.6153133699205651	-0.04246474905394076	-0.13647706460119166	0.17864958792562846	0.20695284855155793	0.09690982866460819	0.46483707138457225	-0.049756497784640516	0.1813237841663612	-0.25342807578540566	0.06575741763675866	-0.3078922553430761	-0.03802054930055702	0.2168461221969252	-0.005245467731192422	0.025697862039196554	0.13783249383133173	0.04887885148564238	0.12957655412551025	0.03782199509619126	0.010346094219477135	-0.08220342958354805	0.026776872688119215	0.09962063455182912	0.011452924723835984	-0.1881055314730157	-0.10624392993611698	0.261943181105053	-0.01569276531276673	0.15061460880870717	0.07132796038074424	0.05962545284126315	-0.18328546306578758	0.22861906186214812	-0.4358522393119567	-0.1390513125135713	0.40892348314257565	0.4303079965178827	0.3251469053166769	-0.04063328166911743	-0.07117408405661992	-0.9340834640158951	0.05798952670078748	-0.4356076351079264	0.15898608374580148	0.2175079019602097	-0.19980433390148125	0.30559009073824084	-0.058158948786335436	0.20914357251388052	-0.26213909289106696	-0.0925035284588744	-0.40620824313036097	-0.015969716515657744	0.24020474746002787	-0.18724290317802628	0.37862485734380646	-0.10665166056197624	0.27634830845643804	0.23150994483569892	-0.0561860694715518	-0.3845966541636331	-0.10786065695220423	0.4365204524491059	0.3349509404149461	0.2421923902221786	0.04704355395329305
DTXSID3048784	51.791806493020715	9.128329789073899	-6.8952201789974055	-4.40116227072934	13.185999954942165	-11.565442843672418	-11.989790099187802	5.815292011989674	4.587319130982974	-4.923592155900929	-5.389755917366611	7.728668168921493	-4.830758999925996	5.373142546074817	-12.203962680107248	1.1147582496809654	4.157695198972405	5.118317119997288	2.362196858021868	-21.008388882787937	17.76306117621506	-9.742673875808952	10.89098780458622	-5.633929456083612	25.475629386248016	-1.9976244502194396	-32.76461975867637	13.262286602645684	-8.80895124336277	0.892165581096426	51.68591006603382	15.62777598475023	30.320920714808906	-1.3984778430638904	50.23076476343654	-11.113672054974082	-3.275188479623241	5.6814454486125365	-4.225875815784315	-0.7907644701603901	-12.908083598701094	-7.328791895732184	-3.639483852744042	3.5138100373087164	15.314134325724384	-3.6029574203233623	6.484690551847678	-20.288641165065524	-8.712418932001766	-9.685445926975174	1.1023449148279958	4.979165512363517	14.731538089593387	-2.601573326099624	-12.396533206493165	14.765105487717127	4.7895428258822115	21.090106978887466	12.348805166174637	10.036670475245351	2.6612344125042804	17.57890892003163	1.6070960635816132	1.8900671623021352	-1.8672458494960071	18.277095513539003	-11.569181679149564	-33.57521471042254	-10.724487336999069	-0.20177687866996416	3.4641757706634495	4.545429004878332	11.598794359520404	10.51717213409344	-19.925503873877602	26.471927011011843	5.085864684045856	-36.27267932604936	-4.147871672093167	-8.083187828200073	31.728127560320296	3.2858555996528103	-16.545706094216634	5.554123334566376	-17.265381379495018	15.524538823871824	3.3215493552768365	3.8676212701490695	18.546537605648318	-38.61648603833322	1.3036552756307214	14.455518580081794	-8.637711258567624	18.55640263883822	2.810167259300585	-14.206226887296356	1.4615367196066593	-11.345645631462862	2.4225874693840064	15.741087873400492
DTXSID2040652	7.116210016489156	-5.896220500038973	3.303924755123667	4.797563676801298	-0.8813199488362515	2.0897697289360866	1.3951891950858755	0.8731291385381195	2.337063476588048	-2.6743772708998677	-0.9753033770392499	-0.034461587047364815	-2.1257228627162132	-0.7742629095740259	1.5706763997369764	-2.892645044868253	1.5341357078481093	-2.2866993023143625	2.5750949041886666	1.5378056803210884	0.2160145798997055	2.2384140143265814	-0.49200514429341546	-0.3752849605096298	4.188291578611448	-0.9234192834493847	-0.8042194748485911	-1.3702640750508317	-0.21548631391981157	1.2989189134064802	-0.6886376143787009	-0.4441744433044002	-1.0515258158820535	-0.4115040306699611	0.29278444360415184	0.9282517513504985	-0.32607142430374697	-1.1559765434084464	0.72104384305945	3.758608300856427	-1.0469920331214873	1.3912258544627376	-1.4042709808194875	1.900378831350564	-1.5806786568271296	-0.13930859806230986	-1.591454210179016	0.6990167547134307	-0.370787665038182	0.45688930269505323	0.5082614668996317	0.3410443956876829	0.5311910129317151	1.840044902091391	0.33539327685270937	1.2375677655493271	1.465985846084693	1.814071003778048	-1.1699024536049007	-1.3076006214469345	-0.8129828459011629	-0.9417585419197729	-0.09574444181854345	3.605823845138009	0.09469732559524975	1.6098604558677585	0.32466464595472816	-0.9118909315789347	0.6574392247518039	3.4366470262234046	0.7628989496234999	0.8332785464467125	1.8585448727397254	0.5674150993047514	0.04431112658537084	0.5158097559761009	-1.1620262059390543	-0.6054177070115456	-0.20624694805631436	0.397792854388034	-1.1203569095086667	0.49271737023688295	0.7002442147475196	0.34817625584519396	-0.7229703955485766	0.19224504284191654	-0.06596792398502335	0.3524747225468512	0.5357686218384466	-0.5912531286781357	-0.6028808464941594	-0.3183380480102392	-0.3769591186363379	-0.2880304706358299	-0.24661207385519576	0.8606799973914208	-1.827167289104389	-0.056953002288820664	-0.1597716937699634	-0.5851491911955439
DTXSID1037696	-3.382242849804921	0.6812249903160292	0.605131612246837	1.1446379174108126	-0.36326866876078856	-0.6500728461244095	1.1406237468617262	-0.9706500451058613	0.9566044630727936	0.34821176377915075	-0.0820732838838202	0.01158339318949551	0.045350576816447864	0.02464508351435707	1.6687167452773823	0.6878192556629231	1.4659247839010838	-0.3665633398574777	-1.7381816059585329	-1.587762344789001	0.1585755564965294	2.898471725611458	0.3579600986650215	0.7323026597778249	-0.6869306102584991	-1.2151931030925647	-0.594149375863024	-0.37961515951240427	0.20929594569710858	0.0023559157819796235	-0.5706989776916694	0.38914517254201575	1.693082002472669	0.7250868796199191	0.46089869123833893	0.8455152787478534	-0.1534586679496341	0.5162304183191351	-0.04437321553455173	-0.5659075870802706	-0.6627614832682343	-0.488931875254026	-0.007548520413112486	-0.0689914739780818	-0.6943259742856012	0.33875866994025194	0.6869135106030116	-0.08787672581662906	-0.13264938037776705	0.03155765922681726	-0.0331228336575028	0.1775229701296816	0.09973197553994423	-0.25398188509764136	0.5162462471354977	0.2525721046182443	-0.3765619821151568	-0.40914928687662877	-0.2835438877417453	-0.4334725849359867	0.4947219123963589	0.004845957620202551	0.03535577074156338	-0.23191214887519046	-0.0880997682238718	-0.22446662106113127	0.3380769181787127	1.199906177781646	0.16678340131854266	0.19343654575362443	-0.3603272997639156	0.2501706445763401	-0.5789884177717066	0.342316092650153	0.06913065960341103	0.29043575621836193	-0.2642241048105804	-0.08312049555614266	-0.06180586792725852	-0.07819463582401164	-0.1286026874747029	1.1815736038399498	-0.6692224517285129	-0.18788358985510514	0.02968742508768404	-0.423861117123676	-0.15726307843852333	-0.4629894920234745	0.6990367240022264	-0.4011413466169812	-0.521746538863549	0.28623395050524136	0.40515736277116665	-0.23719228547236904	0.31163719993815864	-1.2163688084868736	-2.0898622954195702	2.6834788404961665	0.4609382331645291	0.9945499706764324
DTXSID1020560	5.154515966645997	-2.1325947585642653	0.924954723555005	-1.6205367286846848	-3.334719831620364	10.255216698875586	1.659297962387301	7.370685403278625	-2.2539061280377246	0.4044082523695869	0.08061559035735148	0.580812795832201	-0.3528688546382167	-2.0050896627379964	-0.28073910537460517	-1.6168456559023694	0.1978272131863294	-1.515867284466523	1.8674743202065254	-0.21114782781345326	-0.8639960872650841	1.1171121408677995	0.9093305296482022	-0.4730692735427847	0.00896586196871787	2.069801209519266	1.8694567285521784	0.977981273412471	0.20189999270218395	-1.2718652461116216	-0.8945993729538978	1.7997738363526294	-0.1577429838090779	0.6178682312879206	0.9736126373145917	-0.9305868035786224	-0.7366956952020625	-0.5745058171776614	-1.3969892095168353	-0.5129891331355152	0.14936027621370362	-0.1290847931297851	0.17426527977672243	0.6957876464941098	0.457595313683204	-1.0929646519431653	0.8976236913609721	-1.7772863015622373	0.32765720354623	-1.1748730562677872	0.3509756180848821	-1.3429097115031203	0.716894439507596	-0.7874319279535095	-0.6162902027468995	-0.22264453812578724	-1.4840250916502813	0.764457843651195	0.843002640370334	-1.709539788583385	-0.7659981801618307	0.3818125216437222	-0.12487055920368514	-1.0582843478082138	-0.7020970087440085	-0.7797964194488207	-0.767450555700514	-0.6796405029004408	0.7311769957560856	0.30794516443933123	-0.9889475740989244	-0.17043906880814788	1.3697571784982656	-1.4602249942596832	1.2225072594457016	0.020457752722604593	-2.207609850559111	-0.512856578014582	-0.10404365249108435	1.1269616444750379	-0.16014335555420695	1.2494701044898011	0.8948225487515685	-0.09676720346775741	0.7976900075228525	-0.1440551320713031	0.10323364007481989	0.16521514393192818	1.6486932509237424	-0.6430048040670167	0.45855904868833713	-1.198826406728871	0.8978603078490858	0.22180965925945786	-1.4200142914160638	-0.1431077441805408	0.08881431282461683	0.15244806060900923	1.2531335088247497	-0.37468969279216224
DTXSID2023644	6.480830405503303	-2.1818014006163335	7.3899657133826135	4.5399668373365385	2.808011862996241	2.5217660943488367	0.13632648988752583	-0.5172214838533357	-0.6556793447404374	0.06304232012733779	-0.3050666924332956	-0.6295336854528966	-1.2532142020274277	0.40581798873260777	0.05889089051308519	-0.34850823461811326	-0.337594988508755	-0.7489853880269237	0.927271100983857	0.30179049186046447	-0.11748157173288257	0.5853828845453404	0.22602248956897317	0.0726569979532385	1.0704823949388846	-0.49748091224736635	-0.2890160926590669	0.30163493011624115	0.08759942091347	-0.13680771564905078	0.20027244935966423	0.1611309616999274	0.2935364136792505	-0.7047323592928977	-0.7426575832455173	-0.7178305030855056	0.09915674006109812	-0.9815973460769402	0.3589232067667173	0.41497067903916346	-0.12627357455466293	-0.21231985187529984	0.09513691972903816	0.5052699185619202	0.28091688281578314	-0.594852299733585	-0.21795016841267284	0.152484665666888	0.351138130338653	0.5092069037265387	-0.02399452315026964	-0.31416985298284633	0.061440921376651234	-0.14584403127487167	0.1960356411559302	-0.024104519735667664	-0.4305621582024899	-0.49375883597357484	0.5239797059664885	0.3665697413330054	-0.513284798399702	0.25459690033286364	0.14993210960331715	0.23223913760220216	-0.1609892263447326	-0.8408347183783718	0.9860894234489674	-1.641520492087321	-0.12630672792667577	-0.8202344868185266	-0.0055372298741406985	-0.19149144866073825	-0.8914056214959216	0.3703206038866623	0.11185462753947006	-0.45513109934475304	0.4944445227755767	0.30050554839281657	0.24098769989732605	0.4510560129687001	1.0226137213749433	-0.5129963250327726	0.20330430284097636	-0.6828990003513765	-0.9014776680899047	-0.09337714175655346	0.2365499646894876	0.413753290447685	0.6351298565438214	-0.1088704972247147	1.3150355102751023	0.3626770479021913	-0.5852784310777441	-0.6343738309685638	-0.5982134227557941	-0.08777436085572973	0.10767761217375127	0.6969054208052211	0.8306547251706202	-0.4308482557874062
DTXSID5024261	3.2224473853026345	0.973462081484557	-1.1982533193967233	0.17894420001171174	4.314552285126891	-0.35706389438558744	-0.7171083114242913	5.482007439210186	1.434600722248774	-1.3123684721818034	-2.338728387125926	0.7863241529164172	-0.16922896851048821	-1.3296791698008696	0.5463526865782079	-0.6922019555703658	-0.6127692066831086	0.43987665259696496	-0.19151242206458083	-0.2970661451785214	-0.36732696671218995	-0.43866160478925137	-1.218807457586301	-0.6270288188779676	0.19295981045902952	0.7314739787747817	-0.5484940888615668	0.11010797269287376	-1.0709041277920894	-0.044100480842018674	1.4667221262034102	0.030799154629905807	0.29392047562082585	0.06560938015861978	-0.365232785473669	-0.12256326465298574	0.1176540349793133	0.27015043362482727	0.2606060014146187	1.0868317455739689	-0.3462132727201706	0.5486432257849079	0.11465904659816661	0.4864324272186146	0.18013672120956964	-0.4731053975375544	0.04716136116004485	-0.7889364931622077	-0.287770781307964	-0.4185909731732698	-0.08904163354344177	-0.4881541237759624	-0.15900233820399934	-0.3814037992213391	-0.5939858945146824	-0.27278491769947294	-0.23369764942504287	0.4448232088592116	-0.44119487162166315	-0.2340982399577876	0.8774534633330036	0.8099546577077105	-0.5545748570425127	0.6398231169189155	0.4072173705365697	-0.550696718238406	-0.06684396194513825	0.5002501943810174	-0.5393369407068502	-1.4399694670849346	-0.3042450224374439	0.2406601766090217	-1.238949252032144	-0.5340895980869798	1.1238503713275836	-2.2361178128894528	-1.3727146283127873	2.896259204178872	-0.49112330046465247	0.6894893552330121	-1.7292687515180745	-1.4772678018617302	0.2584719874115508	-0.7300711311086251	-0.6396211148125037	-0.7108167162604638	0.9317014084605821	0.6146258183508199	0.2808577105766027	-0.9201037557818695	-1.2214727024772196	-0.5419267915211341	-0.2537106410511909	1.247455722597949	0.2344068859687641	-0.19535990193538189	-0.08197217184908288	-0.4466305431784442	0.25216206281396825	0.39302452072743643
DTXSID9043853	0.09377226039705068	-1.2007278041414897	-7.696939340523264	2.94650170349859	3.032235539094123	-1.5904591413989735	3.437571573958317	1.8529133973076835	-1.8656469517673988	8.25382361800849	0.07446301942963691	-0.746520500827691	1.6767973877066016	2.1347752532755613	-3.5731169281241923	1.3900046985824694	1.3903966487347652	-3.1865658734374787	0.772473003694495	3.3520241071453687	1.1202910253653122	0.5477117520377235	1.6304825741013156	-1.5243291865460016	0.7861111294771571	-2.8639349589552165	1.030806618359159	-0.36929682159702926	0.7579069106598982	-0.19194786552266	-1.5832504807918018	0.2785125099166602	1.1623560843857015	1.2068042902203653	-1.0399380114004924	-1.3038456235335898	0.15244910487528884	0.9201958765975347	-0.28971394044763993	-0.0708391134050722	-1.172349430987733	0.1649502949816327	0.5338955192146938	-0.4651488076796437	0.5054036938696226	0.637046108240509	0.6154290325914089	0.3062533676403043	-0.37215893294465796	-0.0627104760240393	-0.26188336944852225	1.1337486076161338	0.09032248949442881	-0.33275550027743545	0.6556899420558056	0.6121622032105198	-0.7247391205647905	0.5188311860997233	0.6976409170616055	-0.579566223008127	0.9994278439153486	-0.0717293223960928	0.6954452502651208	-0.05695449105159696	0.8124349374061512	1.501538673969713	-0.7162377755632388	-1.1895831223004099	1.5755645695929255	-0.379348938720729	1.4561664963603174	-1.333901551673457	1.500284385827432	-0.6709195358343523	-1.0352927368047964	-1.3726855967989475	-0.3363038412546113	2.302781416874095	-0.0751788469434765	1.400723683671289	1.0988721020407217	-0.15108640833639744	-0.2873784750894046	-0.680691533995557	-0.3766470123850191	-0.12510935494249642	0.6162506857107204	-0.003712600623354977	1.019112943909496	-0.43081740657309625	-1.767447321627815	0.505511832969201	0.7339179309785755	0.3356097290928659	0.7901001678351406	0.3578283453001678	-0.11885515266065791	-0.30550919072038707	-0.010820454383073516	-0.7253247229100663
DTXSID5025574	-4.910439730377753	-0.3588785292610575	0.40095471301458346	0.9713222728013821	-1.4810603275812082	-0.04687122775900764	-1.1337998761834935	-1.1194272403194465	1.0709794263118875	-0.1600580505267158	0.43774250857390945	-0.30199839875615914	-0.3098422876042303	-0.5140827888617551	-0.2119878631946186	0.3736475309084896	0.6546210509750184	0.37486576006611166	-0.5339721272197363	-0.6788243693321757	-0.17211783519387686	-0.6091181542484893	0.14305141333297972	0.2267894191823019	-0.214514249133247	-0.0036690006028865466	-0.2606412279825065	-0.45913431356879914	-0.05330260473761536	-0.1746709499693131	-0.7521286043959661	0.11840667383576815	-0.3191294275281605	-0.045001994665152166	0.8273998328842008	0.39238132546070664	-0.11551369658979743	0.5773265065824467	0.07388606873094987	0.3092898103877256	-0.33724476021939376	0.07450417948128644	0.14822409112036455	0.21998256042884826	-0.33095616307138953	0.03984568479781866	0.19155476653610226	-0.6321885406840151	-0.13482204261323483	0.023573541982075615	0.12459632564964178	-0.03623150212888829	0.20693974411268945	-0.3354587267813533	-0.2021263194550756	-0.12383585397169332	-0.20798885505742007	-0.230290883592148	0.07441133396432699	-0.21020209841562637	0.39764130844856566	0.13808401607484894	-0.060454082371329536	0.32118764183977555	0.19089092041545605	0.240631461876563	0.2986593113494983	0.4646736736251631	0.26856080806358523	-0.221136772685602	0.13552853708137777	-0.25766839310593753	-0.04533022408561071	0.6649931611676086	0.3043818120002304	-0.18260613389295555	0.2436262173436358	0.18559329428997864	-0.07999604867203093	0.14509604595764292	0.36026072278175597	0.49588525824446733	-0.20610854165182937	-0.00887828634078679	0.20870079369114822	0.03719603767319657	0.08789557417502447	-0.10701827324217886	0.2347836679284985	-0.023186553937113143	-0.01777538334199475	-0.0625985152852052	0.12601268106143926	-0.1811539786811303	-0.16029001642492932	-0.2512810633546974	-0.13343755195142035	-0.10657845170507321	-0.2890850840784617	0.050782345798114394
DTXSID2040739	11.197776990832658	-8.939018708364168	-7.722009172737007	2.2566918367672995	-2.2532500892633736	-1.353699476129439	-2.1288123113201034	0.35400748768960594	-1.791532345131342	3.8003353170335776	3.1410419785785577	-0.8349224477920566	3.467674010820006	-0.612828669665189	-0.18307357118505482	2.821013044930869	3.3021706420296013	-0.7564637081724074	-1.4026769950318148	-1.251437371959509	0.4310057365408284	2.0576113541252306	0.7225729119237913	-0.2618883936636818	-2.1480848357050832	0.2221781669001681	0.022448775861149524	0.019888489386770663	0.45455923827037364	-1.1252271314741602	-1.370769894749087	-1.7853907269324782	1.646256849318172	1.1381855694631666	0.5199122991152931	-0.6025674455957187	0.253842414869297	0.974270956130646	2.437212990515176	-1.4082440560530847	-0.07049739790821707	-2.251427497819774	1.4928510604888174	-1.687358252121185	-2.4296544581332644	-0.5813160434768289	-1.2681969584853017	-1.9530950880492899	1.1124877486208655	-2.370472818675983	0.8469966099742645	2.41750856981385	-1.1777170376489987	0.014807940219064694	-3.197274732933771	-0.6029327513630613	-0.05375757691345763	-1.3380122643397196	-2.0252978252134213	0.43326513971718605	-2.9119186851523144	0.9533088584104802	-1.7579310802933055	1.320286989432898	-0.21828423553196102	-0.7809530313293579	-0.3145968712732883	0.7167709448523346	-0.06295378898375988	-0.7993970079969053	-0.44465268031653127	1.6792011679526773	0.2670342637139863	1.1309260495274405	-0.6596485149068732	-1.1537172936550046	-1.2964647790756483	-1.1995959507460714	0.47582673398310765	-2.364380001782932	0.2666979036125609	-0.6146675974970895	0.09786261586453471	0.6095067809136492	0.11626685817480656	-0.044083050390416274	-0.043497764445862834	-0.3579140058323228	-0.7535293596548948	0.9447588913102909	-0.1158691841871137	-0.3687873684017491	-1.2073160431272707	-0.6857368779511575	0.9746705937021388	1.121753720148565	1.5807736296868833	-2.7238512102464925	-1.2070524544507868	-1.8420856532761398
DTXSID9046603	7.228453906832532	-3.7988385915810428	-0.19910127939114072	-1.777525299184984	-1.849963681015821	-1.5530771759983493	-0.12029903922403984	-0.08365644980354005	-1.903543550695861	5.521711066206112	-0.5894371044670477	-0.18848399932200174	-0.2644380154561145	-1.273420506227408	-3.692577643577954	-0.46191840754396596	2.4311064504913134	8.631722752709203	2.0855305513122135	5.397267061926005	-2.10385194925905	3.8112408931771653	1.92002809193777	0.6363695675889081	-2.4540714838617417	-0.3956924691727922	-2.2996404713229786	1.5881639377969274	-0.6557039221926043	-0.35210529526733536	0.13860032914018916	0.715303901848883	-0.22112378734624571	-0.6993027236322196	-0.3735205446879238	-0.8883033250155609	-1.4123338780950558	0.34189966126052446	0.820151937929291	0.5198838758448627	0.8364349438306041	0.7500208342582447	0.33399114853303846	0.8471670243575558	-0.45104199995162153	0.5396046175478971	-0.16920396446781275	-0.04189461380632563	0.023871198642741207	-0.1381767529049044	0.20508228704565748	0.3350366079122126	-0.39062895965558286	0.5418650847767945	-0.13218466316481142	-0.715327571397572	0.21526198282416084	0.020376620818989884	-0.7949939487881055	-1.160028623730895	0.46905016805811384	-0.07689214586679254	-1.2232218930413956	-0.29670982819706865	0.50030949065202	0.18881291020460791	0.5774459702009742	0.4507094724179038	-0.5090825242268713	-1.6817070732220842	-0.21300153179785403	-0.7963891880207629	0.009652035018740028	1.0974614263198312	-0.28651347910528946	0.4635626851486822	0.5538172704628154	0.17537498500321208	0.13786015027001514	0.14104221869912417	0.6028389807219084	0.7517959722412151	0.9132644256284418	0.6950070407235248	-0.9132757021852779	0.03200358936770284	-1.019661889455078	-1.354559072355758	-0.06038579415700406	0.5016908699469279	0.9281298351053262	0.6675344752126148	1.0386015907492379	0.38365396624679077	2.0553896139189622	0.7433108361162742	-1.6433212949340719	-0.8935709325598438	-0.6453836014764085	0.8321557402799069
DTXSID0026098	-2.1325790380327696	1.0757988839380848	-1.71819986473964	-1.809739699576735	-0.7403111012895102	4.667586401988441	-0.7544214228881932	3.5621299625922473	-2.278207369393876	0.11158584468032495	0.6056542927236997	5.04510016785318	0.2946705461706969	-2.345567105845492	-1.1335205500137497	-1.156261776196987	-0.530269510967234	-0.9764657563046468	0.007513056651416137	-0.17860122955315463	0.22404988706671794	-0.11201190968278098	-0.1391913537651416	0.40765377331658664	-1.2584274877444248	-1.1211015391002621	-0.02669973581473291	-1.8795852762893688	0.23891633572511858	-0.22843906390828017	-0.793689052215489	0.3882699141021502	-0.10804515329564478	-0.2643054407423718	-0.22708350563664917	0.15814812631348454	-0.1072650923262218	0.14346530321117457	0.3752722890508094	-0.2845282750151791	-0.985967684976117	0.23940585507144768	-0.032789470797520794	-0.6914356468744027	0.45567350886358027	-0.05946794998313301	-0.532042689197965	-0.05723238119004311	-0.09775863829970732	0.3135105067615829	-0.04900167619457055	0.1664483195757794	-0.22967257138217495	-0.17820530762053394	-0.30266787346223767	0.37635488533331507	0.4955251846719546	-0.5561383795222308	0.203991294034498	0.8417128285265653	0.4327844731165052	-0.3135453479127218	0.20075143905603365	-0.33241428318747485	0.18973635167736022	0.46482080502453527	0.0495847246157233	-0.13465015307338332	1.5899186690095837	0.01404999401120181	0.3883591590411775	0.8752359326893009	0.14051313321643813	0.6046124076875058	-0.7460607663740866	-0.6808027745370174	0.7746678351313181	-0.6574284810372413	0.38000124640482563	0.6210201489876672	0.3927226839379487	1.0959404951662355	0.09534208147750413	-0.29093873688714617	0.017123654455005643	-0.29963270733067177	-1.4538694311932385	0.2723040524432395	-1.149981830426094	-1.376494270739589	0.53751664997561	-0.478376268053345	-0.13879057120767654	-0.29322685881645627	0.16350122091992333	-0.29966868327684687	0.35202569787780696	-0.17525654014241615	0.4945085605262192	0.18062102663397087
DTXSID5048924	9.707621318406737	0.47972536801811183	1.6114412326417895	1.7549347780673488	0.11956531137712838	-1.7573880068999415	-2.2502446673259904	-1.438412155843848	-2.0064737617753408	-0.34490607816477037	1.8414789306007375	-1.62908237994835	6.541788627715642	-1.3818643326420978	6.994824555657941	-3.462228212606351	-2.541944260294692	-0.11158669886734886	0.5236678388637938	4.517258510408968	3.003697462102202	0.7825138570259177	2.765970886408037	0.2375602623366584	1.2099460990806095	1.0575401733383618	-2.0760762633701897	-1.3237888762172325	-2.0773826967400284	0.20646945097519426	-0.8671936081378404	1.067906314970466	-0.5419990195560117	0.6833044049816503	0.3919480632907709	-0.7606803869907588	2.110407377127892	-1.1019179674879571	-0.2837572729491661	-0.8032569035336534	-0.24220446129227818	0.4855812586610426	-2.1201580225567587	0.6843650684074982	-0.00615977297332421	-0.9319184062955708	1.0053950802041007	-1.6673505373235578	0.12799100128650912	0.05290138240349856	0.18507579181974113	-0.7439985735530004	0.05205118290690787	-0.4038644577046828	0.8236888385365378	-1.5123172817461117	-0.37198919112328743	-1.041523149639236	-0.3193749955039288	0.9232250881972492	-0.6973357275794393	1.8404013069047276	-0.48734646415109467	0.7409477731510653	-0.946513633547585	-2.2751810585937084	0.12701953614718406	-1.022521915101086	0.7666011187088861	-0.6893501597433822	0.8854533484170367	0.10299339205102842	0.09657153336306706	-1.890100474961421	-0.2607529541194574	0.5479660614613937	-0.7614848783801607	0.029821917111719852	0.2320566173205071	0.384490288428184	0.6317609191904904	0.4376530064702984	-0.9786054806703287	1.9077656389712012	1.5968534368790839	0.7492012382639514	-1.3077024269280686	-0.10235968250619565	-0.6576206104381995	0.2817891510543272	-0.8848885574728	-0.13893184761954458	1.839380949977424	-0.33572627689390866	-0.3286847989720725	-0.4520529618248134	0.6006556682364714	-0.41680918660781197	-0.36615155093218105	0.7616784055424383
DTXSID4020533	-5.089533537194744	-4.013306999904664	-0.018364842748380617	-0.9450544416676506	-2.4201723242299855	-0.32968451253966985	-0.8170341224996499	0.39341460701960956	1.385900666165711	-0.7161027439043246	-0.30213950595904426	0.10464079083311625	-1.207783593110446	0.29656488030154005	0.745519051648583	0.17698618604465793	-0.9302507684960319	0.006157568786174299	0.846553660160351	0.9144488271104215	0.3181353293867674	0.7796445813446462	-2.2148433371046377	-1.029233340079786	0.9956460264831579	0.25191245432101966	0.04549603782847805	0.6726775704285028	0.1904010800210581	-0.40022723679315153	0.26616497507320436	0.7537109769373869	-0.17594010374089553	0.19759527297943322	0.19472617052591082	0.4401866365862125	-0.08117125048962018	0.06236817114596563	0.588679836156086	0.5477819713814146	-0.4698724806164819	-0.915944459809293	0.43680470224554047	-0.20915500488795358	0.3206344583766805	-0.05294889920274953	-0.2557455259815175	0.1837987202863932	0.2744967945613673	0.40428238903107694	-0.051945297187595586	-0.055157726055254847	0.06548637178740095	-0.37059595798432055	0.410806508801288	-0.08238055782232317	-0.49752048802816234	-0.37540657008721817	0.7936415768988385	0.2301607148779254	0.007142801204342486	0.13834149369558532	0.4877353950494097	0.4050181799767729	-0.21707568170046682	-0.13441257534133272	0.8717699558633174	-0.5381607314007113	0.40485302061856565	0.09971197293923251	0.5039866347261587	0.15266438835122073	-0.6049410173761552	0.09578940555815935	0.14700361053818817	-0.10734654858467453	0.7751802834252063	-0.27280748201564814	-0.3119286334709237	0.0437435148590898	-0.7625929910746607	-0.39121070150366427	-0.020444872160598895	0.5204102007123139	0.3044247054234174	0.47661739303407885	0.022463811701570816	0.5253658382184526	0.7389700695609873	-1.0802470527848145	-0.8848310645517246	-0.7377419516255888	-0.6701760090665154	-0.26119846663725704	-0.6500572034979512	-0.06809130737898668	-0.5315346398630522	-0.0477843169920647	0.7551026120624585	-0.5371565669256265
DTXSID3044623	-3.457773523261155	-3.227272010314784	0.1906033071289505	-0.487754163314735	0.4161323254917344	-1.4284272959304816	-0.7695063449525803	-0.17503145514985152	-0.6262025101349524	-1.0259904016571333	-0.554034537737153	0.17549399791216155	-0.4769557253645782	1.523486340234951	-0.3322906752967131	-0.06400710328482971	0.35078560915677315	-0.20204266896107984	-0.0706111985689586	-0.9506341758028497	0.42642079429128543	-0.4543804531632795	0.864366949700521	0.18254201184969043	-0.41627423737754987	-0.1003928203811509	-0.39271854878516815	0.5415304118476908	0.0829589209971692	-0.444577425943143	0.2392335980992748	0.20800718788617922	0.02484017680817	-0.9359998871868509	-0.34177407845688834	-0.3078103520173506	0.21672339855979694	0.3759750143898736	0.2850390862136619	0.0015288920559107086	-0.11440056303713247	0.11368556541340541	-0.11119142548535371	0.4764713305604957	-0.3923469262777682	0.14901081315965733	0.3437930473737866	0.19428184675462215	-0.008214525131910755	0.3842187769256175	0.049219105099736406	0.24041321677296232	0.22137985078100983	-0.017365946484042365	0.04997161797699715	-0.2152977672733442	0.19779398648410002	-0.22109996259591022	-0.3408504062957672	0.14879986542759904	0.2140366231074211	-0.05221893290049444	0.28311805800584083	0.32408288644668937	-0.2516248153828891	-0.6395894751382271	0.9688340897295954	-0.4973623635877229	-0.3708757523378092	0.5393062764980225	-0.0844756048840554	0.2398888753718674	-0.3876221900854216	-0.04337978519799235	-0.7460286235889436	0.5227777695991881	-0.7940725119745765	0.2487727588444852	-0.21919030765397512	0.006619132725103179	0.3317136520379181	0.17634440093941753	0.241954173442945	-0.19901787117852449	-0.13815645123991588	-0.4569168976614001	0.13124222261194107	-0.03719779947305902	-0.41275149676820416	0.47850686312575125	-0.21284404524489758	0.809317162336162	-0.09712262596562875	-0.29462998474488605	0.10728507269314118	-0.0016813581076514615	-0.5435314318134101	-0.0790171295466553	-0.4560446966876849	0.18606783466544127
DTXSID2044684	3.663614100714288	-0.8729839760109367	-5.32817268499319	-1.391834407082449	5.463312895147606	-0.2938309575772794	-1.8799042335758556	-0.6044485682779287	-1.1131109467474936	-0.23166129194500795	0.74935359182288	-0.967652050153013	-1.532851791263487	-1.687925412070078	2.9057508908747813	-1.2091502378906567	1.9082662890181177	-1.5392351646181286	0.7815848846477004	-0.2550583026416578	0.24161420155376448	-0.2051186267810297	1.9183216011031843	-0.6566448627682189	-0.5106429985990784	-0.6180950118703741	-0.26696830482526407	1.2984286414584056	1.1362118935237726	-0.949680794746364	3.5204603599757793	2.3191401145158426	-1.7401265514405637	1.8679441557676002	-0.3599206475711415	1.7900594166812642	-1.3792980066371687	-2.2648583083669553	3.424564255177961	1.3553134684707535	1.4092616349042606	1.51834100309528	-0.9710714737586202	-2.4641097510304717	1.4883451128062197	-0.4826236469493473	-0.2903555594135332	-2.6220305275234144	0.38835865969599875	-1.1211127435435815	-0.5302948873506085	-2.957852903155096	1.2736058652727433	-3.001303006125496	0.5891932393324538	-1.0411072437439384	0.6540118895185452	0.7237126022837144	-1.0605339141767798	2.420099216146372	-2.030614878644176	1.3237544596776183	2.319063021831004	0.6481302947191915	6.708150703731536	0.5944974546988048	2.5531027211139627	2.323845677835624	0.791701544173355	0.8155617229254933	0.2747788370264526	-2.346187589175352	-1.4674406349447209	-1.0754572288575248	0.6062910249941634	-0.3497016431466213	0.570676338909361	0.6886111559416561	-0.1026141804464243	-0.04495568930717426	-1.207759101913991	-0.16948134773343784	0.05017091772071749	0.5632895382642077	0.6151036237709292	0.3899236562120037	1.1572356830479917	-0.08730729739944883	-0.33046947614048494	0.5708536293638414	-0.7419491413285683	-0.517915721919984	0.23860996371998158	-0.7396963060695271	-1.2698576713500949	0.41040414880101	-0.25428317651807236	0.11864286279025696	-0.399038000614206	0.34794888896080384
DTXSID3032464	1.7000440145432894	2.0896112122539634	0.788645632894911	-1.969692882397689	-1.7591230518312684	2.209901459075447	0.3599210996798168	2.8776449388620384	-2.1411881281782077	-0.47330830333308344	-1.493413635812036	0.8647976662576974	0.25771418396827894	0.43072456687302824	0.2435597738512536	-0.8592389863515755	1.3846884800899997	0.706953988952441	0.21054493139005462	-1.304966685286519	0.8754680154312415	-1.0955930516435874	1.005938876603245	0.6783826517444167	-0.3934534843398202	0.21281561263042412	0.396387633929226	-0.747246617696945	-0.08752136915222743	0.18058661684749797	0.9744648049406273	-0.6054574479389458	-0.06338512585902233	0.02079586000887084	-0.6465248928801838	-0.35662569791830234	0.5916929912963401	0.12086065785494536	-0.19941262386522837	-0.3532027867621004	-0.058542800791112244	0.5115816853723114	-0.3366239183933009	-0.0697439363423172	-0.2675518553975603	-0.05854879270854574	0.2266131618762135	0.25406836759332047	-0.2714987435796551	-0.10183718073165772	-0.09052597376448751	0.0354051110807719	-0.010445498764095748	-0.18423302033656735	0.054851371942405615	-0.2166602225898724	0.5733657535469184	-0.12046075163786765	-0.37011749228617374	0.17195704618042584	0.3757469712955553	-0.072840456564094	-0.18267935694562207	-0.7571184031701284	-0.14058148005483503	-0.2138174987884708	-0.21749246389747617	0.01991893012652197	-1.382773177585476	0.015148895507230056	-0.30110531532925816	0.006435613331861181	-0.512933933020111	-0.3838221468932526	0.21793619245340587	0.1815198738933018	-1.6453446889550047	0.12945022080315113	-0.7820828292932417	0.280223418362752	-0.9394440324889144	-0.44484290311202607	-0.7863678106741626	-0.5634859002033875	0.6543254368806246	0.41620405985628756	-0.22613934253734236	0.2502953010505163	0.34834036088590425	-0.2638044374520097	0.2416227659907514	-0.17406209340491882	-0.14959734518505696	-0.16767111252072892	1.0592249420171735	0.2041119967243318	0.4675956541537484	0.6403486448903939	-0.28373790772744606	-0.3042402459949983
DTXSID4047917	11.109005665307885	1.326355596383226	-1.0172642554459024	-11.36164618028492	2.5272302944507734	1.9097651358646057	8.204502726823423	-5.9397722879157095	2.945500396504173	-2.351105122752589	-0.4119913997431576	-0.3250883004440319	1.6989730443784352	-1.405999551306045	-3.18295743467358	-2.227766634766093	3.8793263499787343	-0.02520912688474517	-3.63495958039033	0.8196746243103389	1.3595672208280163	-0.5853245645462753	-2.030505653804675	1.134352584411549	0.9799774325056175	0.5414937188245033	2.2023871557198818	0.9718033959728076	-0.24572481600247356	0.7359710436629091	-2.26141368174253	1.0463228920528167	-0.3193445906188484	-0.39992334680864955	1.0610635611418961	-1.2714815585752761	0.1436082152770965	-0.2207403029622028	1.3814319083287396	-0.05123818233503308	-0.6760176647260961	0.6179765903604699	0.15276403125068583	-0.740885653730323	-0.4497191113679721	-0.22041014525133243	0.029055341567711678	1.1758137547610978	-0.16331349234415626	-0.35777178815961425	-0.1946805185355563	-0.016965597466937377	-0.6867162263508744	0.6057207903166594	-0.1972057831871	-0.43410268475901187	-0.6029394211722526	-0.8298928024437074	0.39928330889923663	-1.5366969560263977	-0.3944119077273554	-1.0256562136624996	1.0056829150562436	0.28857208883272023	0.3548438617638462	0.6110013058802628	0.650911210546583	-0.14645180292966023	-0.6740304511851077	0.5878123533505877	-0.0821394706488479	0.5429595854067119	0.09863416735860848	-1.9216015554628194	0.3224759435541783	-0.5725659262148299	-0.3291552397197725	-0.16961968128029178	-0.7026588380195166	0.6231422917966766	2.076386080897956	-0.433787309928311	-0.5189743636985533	-0.2656598038335046	-0.2790451642686163	0.2846197251773282	0.9773089186163554	-0.31781479085009645	-0.6027333001756512	-0.6097717646361416	-0.06425422427405965	0.06547295204114176	0.014194790484699975	-0.42251679648916635	-0.32880525316868253	-1.2102543380847002	1.1927969783209937	-0.24435377339609413	-0.4317634382111889	0.5559036945885056
DTXSID6025725	-4.333874996014642	0.019566923451399435	-2.8969071296135853	1.9703870244443085	1.9040655785642362	0.23232654638920908	-1.0419565152094261	-2.066560130695731	-0.07214788107665371	3.040817121445922	0.8535000415922472	6.4387896011253964	-1.4790461945645552	-0.27502787877384083	-0.20662675168066286	-2.09287349375961	-1.121951091605925	-0.29765544572260344	0.6492106747167334	-0.10044445121636636	-0.23301008126806808	0.35678788172988574	0.617478820761833	0.13509889317264412	-0.3381986401147607	-0.14463976881658028	0.5599106967863704	-0.6459663710111367	-0.17391097444553175	0.5715805183278025	-0.05808178181424136	-0.213738991646556	0.3282886804206457	-0.2034305067561797	-1.073735405515099	-0.5506897965686167	0.20211081958698954	0.312851027389939	-0.2611886537536319	0.06435763510616216	0.19425018572242758	0.22249486950950753	0.16766506667447253	0.3629838695158858	-0.37908469236536146	0.023752439348813333	0.5126435367026377	0.12642424638568717	-0.05115817430869995	0.17326034317755462	-0.1718085222850384	0.1291921312392781	-0.10690503619169896	0.11855702137496256	-0.12924864283087534	-0.15709571006284923	-0.06572843052618568	-0.17576042433859315	-0.6354397424598123	-0.3548694308415694	0.4092068659693787	-0.4500441242595948	-0.025193115502377152	0.44841872214633155	0.054292156939197284	-0.2188743486771729	-0.018967072989016627	-0.3852164776149954	-0.6338451930324098	0.24453049332578183	-0.09396142692926111	-0.5583153952823919	-0.02376808187969653	-0.2726020701783353	0.07409824168268564	0.2999456230272761	-0.29205640460420934	-0.385013351995818	-0.4261981758241204	-0.8628436464957451	0.49344679294960203	-0.5989918254017738	0.32874735327610066	0.544511452721734	-0.14302030321593287	0.4789013046301215	0.8097892773684646	-0.5023681494156014	0.904250330159344	0.9530780460846404	-0.8664706573807823	0.3431541975183468	0.06132766133715131	0.2784281194677948	-0.10403464590927326	-0.6713536351596224	0.32765793962400463	0.20516082128088595	-0.1164154372535761	-0.07474622665279933
DTXSID9021479	2.82319465391856	4.263669084812549	-0.34877112707248653	2.427179817712065	3.1332246468562914	-1.4261040379915424	-1.246816741267426	1.5103477765250637	2.942712130913272	1.911952180171995	-0.5970962653820536	-1.4851579242663628	0.19120831590354853	-0.26309349740647925	0.2103908184500681	0.49122862033300463	-0.9155638707495563	0.07522183713285237	0.10546689092896595	0.07235677060509364	0.06106446431369673	0.35012135604354155	-1.0475226661968045	-0.5324031798586419	0.7894132752129409	0.3543600464282199	0.20839525650718144	0.39792206326574703	-0.47876461519037683	0.38276766677878776	-0.37730594030080195	-0.37129079178494684	0.09698490861216597	-0.5214099325811498	1.1284007112971113	-0.3328130078456958	-0.20355347177489475	-0.1694594766943789	1.2202257147830877	0.15142996812126372	0.8465381615839647	1.1191822634215267	-0.24697922304846848	1.1689262549036734	1.0950665239814876	0.6058562036588274	0.04822689070753526	-0.15038028871408965	0.47645444368694845	0.5557322196351218	0.6173267185124932	0.1531665075181504	0.4301530512916105	0.48081126301480287	0.046551904967340026	-0.7519285864008391	0.08427191668000222	0.011308073505902093	0.7591690191948013	0.8292462218100627	-0.12801055157074512	0.6367307818549645	-0.9533687585200245	-0.3768051037084481	-0.04454595865556208	-0.29825117955487473	-0.2690265213128351	0.5226828499277254	0.8524603675116128	1.42199073226596	-0.017462972375878235	0.2728397356227774	-0.701551947402848	1.6853549512469952	0.6327677464810628	-0.3313216326915285	-1.5046763093297837	0.38039824216341933	0.35721895892799366	-1.0554878449758076	0.13815045853395772	-0.38341310733921835	1.9627772096261142	0.12310673637703425	-1.1726901828556786	0.6054799942208178	1.497171304003897	-0.9297610879016551	-0.715298167022489	-0.4767993958222094	2.105113812139808	-1.8508614084086865	0.014677679431280231	0.2157421690782617	-0.4017544795404458	0.7989432343741092	-0.673674385734008	0.029126655117264713	0.23577220295144352	-0.2695017123472806
DTXSID4041600	1.9228672839495347	0.8222216206914987	-1.1175678595770409	-0.2794564495313875	1.1394910339539615	0.22690977826783346	0.285181545149626	-0.4140341654012281	-1.580515005131736	0.592924868149491	-1.002980535174873	4.174613124698959	-0.23479181977136376	-0.8079891263751472	1.4713107528044027	-0.30928768752960384	0.5220536463904571	0.7215117975359391	0.14521534765629926	-1.2656284655256	-0.09133751839557275	-0.5482965885399377	0.40903911497907436	0.1804277888131239	0.4082745399156666	-0.4381632642585993	0.9638555932309888	-1.3941544656614973	-0.03078340317618729	0.4275300586246079	-1.3905497002571048	-0.8479957212226142	0.19030682912804497	0.4355657192465805	0.000361960695674915	-0.2509744676613472	0.41544495261260395	-0.018887385463211108	-0.27403253009282197	-0.617314205647046	0.5362639313314207	0.830682351422889	-0.26750038071682847	0.27950482957971456	-0.23614126983910183	0.21876133980757173	0.44949176927336554	-0.23159085908028834	-0.29790148366920594	-0.09499869762633507	0.1478924539184391	-0.2223763937616688	0.4710214138396308	-0.11443415776194936	-0.15844753336340323	-0.16973837436133074	0.17674279057906797	0.13861887999061134	-0.0071856974270507554	-0.004746226945375193	0.3016336764978092	0.4180012164651511	-0.586935158668245	-0.612285892284165	-0.06931107524046112	0.059585364822684096	-0.8188074374242628	0.7478440561245662	-0.9216438197659996	0.251698827608246	-0.1426341778103274	0.29458932048727937	0.11534998531617945	0.5118153492734013	0.19945021093193338	-0.13544500283680078	-1.949403758568704	-0.8078578814255095	0.4384550608540152	-0.362525942238396	0.16453966994827507	1.0164642455991482	-0.1528556697587551	-0.8645123331227581	0.13132551436410161	-0.5046096976743072	-0.919537914354908	0.06075202487978608	0.005729496419957385	-1.8433316127970607	0.9129070176734172	-1.4907035316256667	0.0696873574221722	-0.7737353828422594	0.3662903223493605	0.662346071090258	-0.8545502699447133	-0.7887908972801907	-0.06605090663605649	0.4366545756442089
DTXSID1021617	-4.477862393275374	-0.1781391109985097	-0.38356784261848004	1.2020923418172362	0.7358420094927425	-0.06624191681854727	-1.991910815906164	-1.0547810600161418	-0.8091514961990156	-1.1183291685179106	2.6940561492595947	-1.166583279972458	1.0631882681832512	-0.15242234461287119	1.342205168814012	-1.4839987051087342	1.8469670114121859	0.5457601480510772	-0.25594162088282946	-0.15312635655050383	0.5363127386061942	-0.644623338877303	0.06416723295192395	1.0358912463087857	-0.07618490910784069	-0.5332686889139528	-0.4900566333919903	-0.06772419564710787	0.14261679225785473	-0.04234212417372544	-0.2104627376682543	0.19433326230718043	0.08074488939381391	-0.9985765472832474	-0.14703408542687438	1.7245717271990246	-0.5334858001426337	0.5270179245844224	-1.0321042389987884	0.10177868059357158	0.23407205450161409	-0.31070848687452696	1.0466161345248812	-0.43556566936990604	-0.7067209581799012	0.007773718301395867	-0.32242900576005956	0.7684210423260218	-0.27513926566154606	-0.11039320139686493	0.07983049191105461	0.6467926802910419	0.14555646457864502	0.24583443132050112	0.11034444676893743	0.5272402046812217	-0.7538144964619639	1.1225534549849037	0.2388725996529187	-0.45856063975634187	1.2008264377152742	1.1247288760077494	-0.33412783464153195	-0.10644169476172437	0.2459984394986238	0.09331762809864395	0.3985947047227672	0.0006333071173287299	-0.6479914838066102	0.308091556688152	-0.10849947064041718	-0.1263512145597236	-0.27309842079480173	0.17554912740659195	0.5761948504728998	-0.3136887373398262	-0.46402913279624153	-0.38691854625815414	0.10245631151601722	-0.12447453025316212	0.3155776156002983	0.1905724113726628	-0.3431876238834118	-0.49631456257134116	0.09058906781183673	-0.28101797955145336	0.15901203643583145	0.45700821877458414	0.39719593002472864	0.10882679395585611	-0.33527819373979184	-0.13327082123516493	0.027646519264480376	-0.13200870760923278	0.08115436011879411	-0.20058079300138373	0.19526160053773722	0.21154371650731973	-0.08707146835946186	-0.2447132918842518
DTXSID3024522	-4.827010695102589	-2.9644774343198574	1.4032762410592667	-0.673287601890395	-0.050419619165389284	-0.8477985309516848	0.4672721441489066	-0.9446296684798444	-0.17602445612530343	-0.24683682320409797	-0.4341605017262588	0.42455288651385054	0.23777648613851962	0.12038536994289009	0.034373086840915605	0.011318536025902633	0.492941663084973	-0.12449059699980815	-0.17185612827557986	-0.48629754281913873	-0.39614432557144397	-0.0670435919425203	0.8646645124910639	0.023585522387037774	-0.3324913148494769	0.39137088517499863	0.27398137160617375	0.46106592314266664	0.18518346741020908	-0.09499837128808862	0.17680724014334703	0.22326341832543709	0.11878541279246158	-0.3265240494755342	-0.10565859747903666	-0.0833208064865487	0.6060762472467618	-0.1250445003558066	0.1276121917787967	0.3478369779659516	-0.2629399212958662	-0.13924957544548844	-0.38834482356896494	-0.28296510395954844	-0.07244820558916193	0.010894245713009601	0.2517939206674528	0.25795927740868135	0.14511024614876636	0.06953847429435313	0.10016050697107795	0.3284547093818553	0.09072702332454208	0.009767656418408257	0.09989780209756542	-0.10159965986240575	0.2800914242581629	0.019215895999036097	0.07595205494285949	0.10167364627247634	0.15470733154525473	-0.15352139201772985	0.11198157709726271	-0.10999300865216677	-0.10272772807929292	0.43569339478684793	0.47634716903895913	-0.5070373023500588	-0.11719932781198286	0.4515301111770867	0.4539855300116737	0.20756459971661811	-0.06430603429454591	-0.4803039792057029	-0.9885923749354579	0.16778029917958676	-0.3616584842283634	0.07493527164187361	0.21759375907007159	-0.03464048042634057	0.40223109170359184	-0.2377754788759708	-0.2011704054165579	-0.44543500780972806	-0.2687388711388327	-0.8073962681656703	0.3524973630268964	1.049921696600998	-0.21907600630973806	0.056534346200898075	-1.067910044374593	-0.014432264870281718	-0.1630055533398462	-0.07436337866440916	0.25074291901102985	0.24718450004430745	0.25323975278784244	0.34901233157699124	-0.10761450999287969	-0.3537883486209713
DTXSID6044517	-2.6744093623905014	2.6560235360793025	-2.1951308690915687	2.9238730266259148	-1.1583085337068415	-0.9291711909408296	2.3915420622762653	-1.540381807190013	0.591437937199077	1.0946125858780746	0.5824961095653297	-0.88987049641039	-0.6132452890970219	1.7885151389195957	-0.3018888364825401	-0.8929564055458686	0.05672741786743877	0.31083098608835974	0.14361651745091097	0.3929115989820625	-1.5836161409816658	-0.1476597098869183	-0.21301771887383555	0.028459140864116342	0.1549543414082008	0.09671192412268488	-0.31121830161388203	-0.42893227245577376	-0.04755626256756572	0.32251983753646857	-0.7291410886382448	-0.5831424083815829	-0.7116500876391144	-0.18356118873362284	0.47734725647990794	0.3657655126719223	0.14343517704668524	0.4655562257328531	-0.20728251789002597	-0.0586199353092701	-0.624720120967673	0.1546037452221932	0.05924321365486673	-0.49540674958928244	0.6618145634404582	-0.44531382250411444	0.15907881631259654	-0.41592741036074327	-0.1805010422271628	-0.19500403836376082	-0.04144881775855049	0.0025043152531630274	0.19462281997027522	-0.4549574885993529	-0.6283920459893904	0.24695458712510457	-0.48866121469223556	-0.15092891511672965	0.4719590922439757	0.41886280229873585	0.028626630173271293	-0.4056144813754614	0.19340720322528096	0.1545741831509742	0.40551392225046856	0.333787034872637	-0.09656914515972888	-0.4707711128071961	0.41290141149468107	0.2677689171445264	0.14594246697305208	-0.5277825687821205	0.2479556402930906	-0.06402183639435999	0.20776976416811435	-0.3412917734809831	0.15632074443177685	0.3759697763922197	0.38055295937748934	0.005800101398789937	-0.3734810987700623	0.712581119115013	-0.817813809052246	-0.2590245307735489	0.2839379698500665	-0.13952775706657045	-0.5094058555686808	0.02663122421242451	0.906793725446477	0.23428119043461845	-0.23970154598494633	0.6800625330168384	0.168667462396399	0.27016152556048084	0.33065048069508957	-0.7399301579220743	0.1062852360184971	-0.06804782623678805	-0.5157973446225789	0.030651965948886938
DTXSID0025604	-5.700074660295474	-2.9555217503494813	1.8372711072969277	-1.0745806934968454	-1.156587020749506	-0.2890857648831843	-0.24140315349467673	-0.5120031065262856	0.6444631267585733	0.13128858640387064	-0.5368766483646344	-0.17678081418327132	-0.22787782770073353	0.16786779678147362	0.7046421276190179	0.33355496771645105	-0.18083030432540748	0.5990524457787615	0.027774742153543294	-0.5189355645294125	0.21804867881675868	-0.32564918336240595	-0.3580394065667041	-0.6836624376795917	0.777262369195009	-0.5809016632680696	-0.483822191722642	-0.23513632720242475	0.022380632878212715	-0.049486431468063065	0.05098697378879204	0.35070840876417636	0.5631809673613285	0.13360800463959827	-0.2617125069885019	0.26054091550197417	0.22146704204360734	-0.05661810737430248	-0.1689454151296762	-0.05081303769770265	-0.021526361106827246	-0.44534534913827967	-0.22300669693600553	-0.3817109590873366	-0.23041116104955472	0.14509107683559683	-0.32938272441770616	-0.01489242725060434	0.2310662033038908	0.05888789967558067	0.00268858924169049	-0.2366037362395138	0.10625215759675724	-0.0336052939026289	0.24040546076086264	0.09098673912836656	0.22366032890147317	0.03233606189219141	0.3544811192229729	0.34442352960298944	-0.08414969805191	0.20823488529003512	0.4294827467694921	0.06201165829251137	-0.4047209434529273	0.010450025742825953	0.0755290368796752	-0.17951251188858983	-0.048529499370873544	0.6797655207408336	0.42659093262041364	0.19530450582715372	0.1892954376522926	-0.11788259407465872	-0.20990449581783993	0.03740409132647073	0.07383319330661482	0.1315445764783631	0.3478677698519984	-0.720303437522409	-0.21370557301794024	-0.8308227135698331	0.18095679657322264	-0.18515147695356987	0.17783727571013996	0.14268752942460286	-0.015982214676022188	-0.6343188081683268	-0.1190142392519147	-0.11767807336665266	-0.39286387465460965	-0.4961381520251979	-0.1500310862267797	-0.09140264060099673	-0.10890849583237854	-0.17983696092925663	-0.21213720252714544	-0.4922865171831169	0.1294182165892882	0.35581763768755886
DTXSID2040945	40.7250091991508	-3.972652737701841	4.653888287825928	2.5822857225534275	7.482052323191734	-3.7624239410702933	-3.169054444952185	3.8429636990253964	-1.815212913508488	-3.763748126082946	-0.622046404443705	3.063527472419909	-2.3706988571038687	7.404870601991941	-3.646522861079135	1.8497935211224221	-3.4701908506796304	-0.9088999658832981	-2.224114600859611	1.082294270941132	1.1739361591219022	-1.6620994573578745	2.122137191714256	0.3903138826461006	0.8339723406192217	-0.26332282919345695	-1.4276817150402157	-2.7719977546363705	-1.379138541770526	2.7236771584044748	0.17412570728830218	0.8726007452348921	2.7741521648514866	1.0481109538831859	1.5260665150673263	0.9886992769704996	1.1198248656357244	-2.9189377917560084	-1.1332705505548513	-0.9709956233446394	0.7371125626978574	-0.304162680762432	-1.7817733604421202	-0.46831126288873276	-1.1244230443774856	-1.163877095379292	-1.114029875345029	-1.0746195476285314	-1.6083418215671623	-1.5679372320407023	0.059971014806577384	-0.9490085150390953	-0.9727872218991154	0.4022791075828905	1.7577789346416783	-2.581145130897878	1.0503763903893322	1.1230594041426933	0.3614923886695493	-0.13849018195669868	-0.6449310263940565	2.6157512529758806	-2.9453528821106696	-1.8498616839634805	-1.9815080995202214	-0.1038163127830935	2.307368961462668	-0.4253906608388962	1.2382565557752288	-2.2571223375544	-3.0307181879856397	-0.7993697663738477	1.3841089132844269	-0.9275907975533616	5.45760890680551	-1.8642514800516103	-0.025813231812607598	-2.3199253357287324	-1.5938377107664858	-1.496691970767011	-0.6119042262150977	0.1458995312017985	-1.415961347849038	0.7454306359366454	1.5384884088121538	-5.161847411709107	-3.8215960743818878	-3.6088890073749416	-2.061360552500067	2.747322751301181	-0.9057622969106898	1.8654264752814298	1.882548748479382	0.12080855629565113	-0.4084414819880665	-0.07119229395241257	1.1833360999461193	0.8038446142949602	-1.593908522145263	-0.8366543183957946
DTXSID0046806	10.46428454335787	-1.4151928376467047	10.61935214593295	3.717389456053701	3.1850227586004403	2.2031196360532754	1.0321535030148905	-0.9570895061691157	-1.362088123886521	1.6819065795415455	-0.7412941029243096	-0.2468210728150021	-0.58816904407724	0.4478142671577094	0.46664409230323817	-0.4845514401842834	-0.1731700653769659	-0.23750008841735576	1.3781764279963569	-0.5929871765910995	-0.20999763983985134	0.42336648270220234	-0.6200401971064043	0.07639348772461925	0.6224414041436318	-0.546608601342204	-1.1860492017278697	0.2744794186228014	0.21799187066364661	-0.5311906813760354	-0.27615212013663637	-0.2541393463312973	-0.45374277150019005	-0.508205194976708	0.16880999528594118	-0.07246554937067902	-0.08143285815386214	0.10302294233156187	0.5484169741950851	0.5864061897457037	-0.3970477867841537	0.11925202257663173	-0.07148104845983953	0.01898020380455653	-0.20132460803279248	-0.052717521719661986	-0.3683957316435161	0.4117181557378628	0.47123658408799785	0.2611550729940473	0.04215486559969778	0.1913543858268256	-0.05030384405332648	-0.16787408581296942	-0.07864146203053787	-0.23059244288651964	-0.3513551232357399	-0.215054360427538	0.34956943898283643	0.10818690992638964	-0.3160977870518783	-0.02808488806837554	0.26091514927833565	-1.2452339382012054	0.537371151682777	-0.8124384388433662	0.30092365004609417	-0.831203241642836	-0.4400756922886569	-0.6710173451197822	0.15365875080497388	-0.09582142576010942	-0.7169167543710389	0.21398848308754634	-1.2029503350550674	0.03493273695027311	0.1991862673714782	0.5693348751819716	0.30456436283330685	0.13761705691269258	0.9184946617950828	-0.89857978012419	0.5464942222547523	-0.6880160650423146	-0.6012877712584432	-0.14026676702299073	-0.10338161311130903	0.08674401945960075	-0.11574435936653404	0.2817700518700735	0.3230521758282772	0.08796258794883365	-0.027298444702281235	-0.07912522945624033	-0.11498974406014983	-0.22444888015115483	0.10995726038959674	0.08267871149169922	0.24528315078484675	-0.15359847922533063
DTXSID9022445	-1.1176271189190516	4.507219095038809	-1.3483782941863331	1.9667634731019235	-3.958910019570049	0.47517365593422456	-5.749820710676095	-4.55837252670204	-1.6052545695411053	-1.3533912713391458	-6.505838566844148	-1.1664765937219004	7.617087446780225	-0.3493682344002802	0.4707042664773291	-0.3746662817758	-3.0386937850362754	0.03961758637565221	-0.8814398625922439	1.1883470199003707	0.32070709728733404	1.8403769820139517	-0.4273394452324198	-1.1537047679774064	1.782389167927951	1.0725707813293432	0.13732156857717223	-0.09489760232750348	-0.22880953569418316	-0.7678543024923691	-0.9107999066543865	0.03142070571319591	-1.110409937818529	0.4889042406188761	-0.26544058902515344	-0.2696163470741892	-1.8295176785337712	-0.08591044033814482	-0.5829010071667869	0.18670266517418938	0.40380092553371527	0.2052327596007523	0.37098366328632953	0.3587915470875087	0.42572465717530694	-0.24391300833882776	-0.056926650484819284	-0.49416306948400146	-0.31211711106863077	0.267765563194099	-0.13568808224218423	-0.7108679443527216	0.5932553468581931	0.024008081576799734	-0.24032558389258296	-0.22662798890894764	0.05984179337135382	0.127136275259698	-0.2091777209911742	-0.3358603718586668	-0.12622847985235566	0.19965734258802662	-0.39183314038869743	1.57335131802688	0.28797217464790825	-0.9420826622874822	0.15925462139645716	-0.5206803391088969	0.2883156605206767	-1.5398205328772894	-0.08681038326393005	-0.9026432548009189	0.7984772069987505	0.13976130123787753	-0.18550364412519027	0.21906890339076762	1.2156012587278542	-0.725656204435405	-0.2878814003741238	0.24899939606754373	-0.45782464341608964	-0.818156867511583	-0.023231405428743055	0.15079652785967798	0.27341972720116375	0.815129061909448	0.14829948933645543	0.3857917551743127	0.32793629425565196	-0.5890131742374801	-0.3615885655269779	-0.9940926667579363	0.06688850046369137	0.3013037150576068	-0.22838395602522238	-0.04882372838528318	0.4696078170652972	-0.09173732550401513	0.31866970035844266	0.6105097100895446
DTXSID6044981	-3.2843024695190506	0.48347868026885493	-1.841044038720214	-0.35318493821462854	-0.30906014159725664	0.7495251669915108	-1.8898811947718437	-0.5506987699344584	-0.9803430401893121	-0.7261870918484582	-1.4867033399783394	0.15843397308920976	-1.2758049373468423	-1.2477877974829013	-1.7205229349508142	1.113902549081161	3.3970816484404582	9.340949453632739	2.447798366363213	5.580868222409949	-1.511733019495997	3.294778132351286	2.59893890369327	0.5999308669170214	-0.9803531687184588	-0.7354592705549827	-1.1399197437351434	1.407361880125069	-0.5969248994151642	0.4230286921031449	-0.13543841478751079	-0.17397454949657054	0.7832564091638226	-0.8569159004143792	-0.23721336017856612	-0.23572346110742184	-0.6849680733696727	-0.5204369676115601	0.47444737278570304	0.2819091448165307	0.64677494023339	0.8414142339654027	-0.36383439844364834	0.221684698153255	0.07227291872473805	0.10831222107791762	-0.02267335676841872	0.015022613027181391	-0.10006183508438263	-0.03195397477130199	0.08718083207661047	0.16129524961033784	-0.13129977782491248	0.5006756130333377	-0.16731904655421428	-0.09106348061287893	0.44942415941817526	0.07896230426429128	-0.3842885200066176	-0.10551342650798255	-0.27281557196647227	-0.33455791247384215	-0.13392542226259907	-0.25027360373671376	0.14143539976340053	0.5458790840056676	0.052671944226377235	0.05085271579055445	-0.07303875779836123	-0.514073496135769	0.2442341241879337	0.24773944273979545	-0.1402023280664939	0.37866675146206913	-0.9958330780140175	-0.3414415453480746	0.325646017382385	0.02058152383351267	0.2127143035858228	-0.030246582434831092	0.2764302894244664	0.2162386789373846	-0.17478677563945705	-0.14608924228212886	-0.20476408883350233	0.03354238641450909	-0.013859618720917588	-0.11628245782688448	-0.0040398279893864054	0.36477770564992495	0.7797781588195304	0.07889377060704282	0.14581702570533017	0.19673587291939335	0.20995808196805274	-0.14414463954257573	-0.49756774562873807	-0.08215679202863009	0.33413347878407684	-0.13069873510862834
DTXSID9045479	52.978132853536614	-13.37134439302094	-22.933374115544016	-1.777588888462644	-5.357705119633018	-5.970359995081356	-1.1811991220304212	1.7739868677578554	-4.876496058919507	18.440409870100716	-1.4719447950087048	-1.9160574103228516	-1.822499812788582	6.118211935825112	-5.6021044284510255	-1.0722749747844253	2.595338440959596	2.523330542302309	0.5841616732790198	-3.342500810383048	0.6745623494406681	0.19741951045808095	2.635649866882715	1.4046779888983705	-0.751059117206798	1.1853756630488101	-2.208048798759074	-5.122768807039366	-1.3516268332594417	-5.047785258873856	-1.7220968293502388	2.152861974389226	-1.5877145842819407	6.080871241888629	-0.04991050698071446	-7.841370484850249	1.3736237477239783	1.1949879475628422	-2.7960186756382894	0.4744525186044292	2.627148363115833	2.1444888260516586	3.592177532271989	-1.6859411204612846	-2.974593438323046	-0.03355739565972155	-2.836418539243922	-1.766008959032443	-0.2114607908261424	0.2153712296276552	0.269543051534557	-1.602942297051174	-0.6489898748015849	-0.21430177908071038	-3.0814984308499853	2.616059557401875	2.2563074255381457	2.0880505322136655	-2.2149907570095904	-3.0730560764219046	0.8350621883833378	2.757286193407812	1.0039469013181317	-3.3988138627758695	0.5269230216618342	1.23712165184695	-3.280556285760833	-1.8707972112207831	-2.9571333675374847	-3.8100708850134835	1.321536505679243	1.9831567685068932	0.3502981910738773	-3.083090929880209	2.9760565333138276	-3.4097385302141667	-1.5618611676390444	-3.7731068297210686	1.4684082622939498	1.6075705350344616	0.10023319451488966	-0.8706277515883959	4.04365906276156	5.454458945802989	-1.342810209333029	-0.43489346301589193	-9.129641928065544	1.9235775427633224	6.967006577902441	4.27880161874215	6.038016657302042	-3.5980994092616925	3.5612279633074753	-1.7640470356847295	4.309348747508167	-0.9306585607624708	-4.0113054380944835	-1.0646371678371522	1.1340490987907301	-2.7888052307793174
DTXSID5046352	17.302684803939286	-0.8512793807957517	-0.7086914646460609	2.4017656464652113	7.242331842323007	-3.5954368552784963	-1.5013334231821671	3.749408791541155	-0.24610000255828307	1.0295131691501902	-1.3643406684313393	-0.1591490233664766	-0.6318648579217049	3.192707254007306	-2.8080356775024002	0.6085094198283145	-1.1345754949065663	-0.3610536971797665	-1.6020639515018613	-0.10774170436441179	-0.46005278024161217	-0.8496224185387643	1.6227919608051422	1.1923642728330517	-1.1137487942098203	-0.7220825304032025	2.054786522099686	-1.303017305098441	-1.0605116915629054	1.4301050081038027	0.5522729180976402	0.8557577536872389	1.1389669433055545	4.156716692882914	0.24182296949319726	-0.7439892660999122	-2.1230886857298747	-3.6920441389948353	0.7749538336212348	-0.944661836780617	2.203597021221577	-1.498648112754261	-2.39732796896936	1.5878773134446083	-2.3220625171360108	-1.3132007243417247	-1.778201300100878	-0.017210520295770273	-0.13618033113682657	0.7747349400462159	0.7708995018156416	-0.14338875878002028	-0.08121973416325166	1.2355927423492294	1.9676795375877412	-0.2010260261608379	0.39561727252129547	2.24491564793848	1.346736735151799	-2.2455701459132325	-0.596241787706642	3.147876060318174	0.1559924866375105	-0.8149368410152835	-2.7803031573774137	-0.12700559095633737	-0.14546576020109236	-1.385027516307404	1.1750157639014587	-0.5066138661842247	-3.11899116641327	0.6513152818532871	0.21955749147786485	0.20654522481743676	3.134207154511112	-0.6805598285951303	0.8482872913573707	-1.4609007913644165	0.6658721763649768	-0.9227038478722278	-0.9552096595341626	0.9145747329325346	0.5862151169964791	-0.41254727053253853	0.20931757632915596	-1.3712961932235814	1.0305173397979825	-0.45542656346234317	-1.7270798358384243	0.731004629809278	-0.870741256237185	-0.4412981846457204	2.2142558102601964	-0.36167812627380713	-0.24434082743039362	-0.31739126518448774	-1.190057716964375	-0.4558102722876214	-0.42588994838090766	-1.3779066132115922
DTXSID4044664	0.6932073461063356	2.2486331937400363	-3.673118496146928	2.0412818958924013	2.2390352673803617	-1.16349824538353	3.2564904610383576	1.7695152531904685	0.12985707387382142	0.5323431964775068	-0.39280394486502984	-1.0404554491834437	0.2426982455766493	0.634126292001004	-0.2546377301699864	0.6616437062859186	0.1844145489048134	-0.21755355772400928	-0.1494061824629647	-0.2486060888150305	0.11396091053191205	-0.21453757158327208	0.8788629630283085	-0.08979992906197486	0.4827301804798699	0.6214626538770414	1.0150977840826678	2.698075720373238	1.516554589677702	-1.2130058683710419	-1.23552187522094	-1.0026973002366877	-1.6589470268917894	-0.6024049080047035	0.9354728287414271	-0.51499476330177	0.724406416133332	-1.144277948800954	-2.1097779089597273	-0.43433059001690316	-2.298509624221542	-0.2033835261331562	-0.7982938280337016	-0.7806400288293814	-1.4815282059770392	0.26110380906533215	-1.1364191720171992	-0.8716450971524933	0.46350423282302067	0.007621228834502684	0.12361930338384751	-2.3565882266251865	-1.2500240155071534	0.7561957443436447	1.791546071336522	0.9543590510847765	-0.6538104352660056	0.9869503092507697	-1.9843311025458197	2.03695582691663	1.5710861104340823	-0.32753279323542656	-1.773598151900408	-0.7602343137933341	-0.7986762627576844	-0.9600134816504481	0.9793315945394263	0.3210321297863084	1.125985113297569	1.6388828765639287	-1.4683926695452212	0.04440322902676158	-0.3169742236416688	-0.0888730974662231	-0.8862500841791315	1.8073411067120546	0.9693281533243581	0.47829341475442094	1.2013737354615583	-1.3893297280659542	0.4740914378454335	0.5397282973854459	-1.424257550009899	-0.47547444077960366	-0.16802834826937704	0.20724337995970032	1.4212060681763563	0.6302527425085431	0.3206013194935092	0.4726707092786554	0.8592542888252008	-0.48377515037452007	-0.7949636978273801	0.9532970013370418	0.29932478306478366	0.493679667796683	-0.3108978739141617	0.18227883853185198	0.20732563027372133	-0.8076842043539615
DTXSID4022284	-6.84898617330976	-3.4474954779119416	0.9243514754529761	0.2599110557271522	-0.8277754501552812	-0.15725153040201567	-0.12515802791786218	-0.616672900915556	0.21099898279948942	1.6857857280289168	-0.5039045704455022	-0.6655232783078501	-0.09339219508852366	0.5131325713422723	0.039254048364814526	-0.5638511774372142	0.4428972603853963	0.18950489897469602	0.44736183546714925	-0.4491382326171937	-0.12316638559470533	-0.024991494328059794	0.6510655972952231	-0.2581882858339089	0.03959426914890248	0.11653205408256638	-0.055713029483323136	-0.5929943629291209	0.10790029031483471	-0.3386635793773976	0.24853512971443453	0.31659607407444196	-0.17713172364483298	0.179783651563885	-0.19028104124025794	-0.4914199876486637	0.18248322533430766	0.30294853743418826	-0.39795508135371843	-0.21895274349474392	0.1384975719941603	-0.11009269724950559	-0.2595643267502489	-0.2052726832801819	-0.3592595116710136	0.24223926345943497	0.0034721537614341258	-0.14633402593076747	0.0072033702078428165	-0.11301537798472933	0.036282607659080535	-0.1258001560045274	-0.07970322597229453	-0.022357595125426732	-0.09462262205153477	-0.10712390097306054	0.12321992914651048	0.20002210394587067	-0.12400965904321966	-0.04202766748580361	0.09320707718336588	0.14055637032222268	0.23310526211628385	-0.47075027211879505	-0.2572287425599771	0.2034205540940536	-0.346159770864962	-0.2295493852884258	-0.5369697299421314	0.39042717307943337	0.3603708328166298	-0.2630989876736632	0.8024880600292859	-0.39464078261087726	0.076442881564243	0.11074265160954407	-0.43794925834451526	-0.4589031989738655	-0.052439218998473675	-0.11705769604438236	-0.10768748784893552	-0.40950247205352114	0.2871193649994101	-0.02249948858400528	-0.4017234521185672	-0.21552915210022364	-0.19620363444426991	-0.337042513098771	-0.026107876650492187	-0.18238411490103687	-0.1846564376170127	0.5644729368301837	0.06842633602510216	-0.22780189052042693	0.5483514395893306	0.007848786800029553	-0.33366591957742353	-0.23906199342117748	0.14537119570680834	-0.1197841658867655
DTXSID2025840	-2.9214515685946703	2.009734812867958	-0.0027511968617561517	-2.5107251551313845	-2.690630771365916	5.468461673927868	-0.028024801669748387	5.515357424320735	-1.5816315169464967	-0.18128982434223542	0.43480662122259733	0.7451558000392677	1.099401082748621	-0.591844754549719	-1.8159987259276302	-0.9116209216198191	0.09334552566764734	-0.7834720850787106	-0.3430008605068524	-0.1612364226491292	0.7354628542665141	-0.1963196015026547	0.06054252091841192	0.788558855152784	-1.0207188770929674	-0.4438036903092808	0.05932466902495666	-1.3928891233964604	0.08320262478146069	-0.27118519816846354	0.03807698589868768	0.7028881226877919	-0.24026088099174342	-0.6709663241540147	0.43625232120141916	0.034253858218897384	-0.21286291467290547	0.08411812920156743	0.3494220837379056	0.3313854188124777	-0.6130654175987686	0.4638944378722716	-0.1520910940157214	0.26392334125657163	-0.01944668172965457	0.058477359897703	-0.3603806508749641	-0.4724297484115145	-0.08202058400183465	0.3349341639133473	0.18707259580610583	0.005072768354080042	0.16280948440396034	-0.08724047275843179	-0.3925722057092841	0.11321324286175666	0.24837077286541012	-0.025054374821144164	-0.33888215953140743	-0.0039186737765508585	-0.05807749209467108	0.1617972737372459	-0.13300973707352695	-0.18494325326075114	-0.12034634816029556	-0.15670136848829733	0.2774058233868057	0.11694217523335834	0.01788108650078896	0.30708103655563757	0.1863571828743129	0.8514780004769762	-0.04074271007809297	0.7482808399159184	0.32355718402411093	-0.26196617829826424	0.37392480209430545	-0.19362307086184488	-0.19802842119780037	0.2783261682534586	0.3703969268146762	-0.41445467778395767	0.05359163337581606	-0.5033794556480741	0.20393414191394607	0.3388781716172699	-0.8574913050500133	-0.10540723810041877	0.7417420948614153	0.3304893670127583	-0.19751818639620564	0.3543577958652077	0.5956541029801524	0.48483652896454477	-0.5879058428928114	0.39697837578547346	-0.10689511297117713	-0.4392521052971671	0.18307461590538684	0.2652367282187133
DTXSID5033674	2.655973167980751	0.6253704921223777	-0.769296878110935	2.099301862510836	-0.974712250600351	-0.9983564000367812	-1.2549957510608514	0.09141355789492157	-0.3817416710359789	-4.294931091818282	-1.9519769652312773	-0.10744014729635698	-1.4500360211980359	3.5778581570482735	-0.09611263944083556	-1.3911921498571194	1.1108706914207667	-1.321750719366518	1.828255866080684	0.3018969730162093	0.6233999827836166	0.05088756819040009	-0.6748137969621013	0.9237288311447052	0.5630353873551388	-0.8390939628801386	0.7217657794780316	0.7673426498077657	-0.3222376051155183	0.5778424067451842	-1.3632409907687222	-1.4585780804938209	1.4630426071863396	-0.40961429703089036	0.14526686204342462	-1.4784925493170242	0.15842005867023004	-0.7534788336996523	1.5627685872608308	-0.16968651634582693	0.4011696293145718	0.5236792343635799	-0.07949194276878026	-0.06554111340556117	-0.05770016863886973	0.536373205265064	0.2672597379856397	-0.6803861436062812	-0.4020422945303514	-0.45766812574337573	0.4225096547634395	-0.03529522436061954	0.3380115404200103	0.2713302846948587	0.5489271393431095	-1.0193808727619793	0.8155412071642512	-0.8116386676076067	1.1588792831759667	0.8559794039816085	-0.11195828546299412	0.5990204205452723	-1.361873604195966	-1.50060226574319	-0.11833808949253523	2.1636676043011334	-0.031081921074517	-0.2702502115659688	-0.5734381719485224	0.401692131193912	0.23867762097335035	-1.0222737286176284	-0.39703066808181736	0.562063756000218	1.5212183152920773	0.7937729963514145	0.26463855867718805	0.9078544614870577	-0.1387870535011173	-0.3926815098603164	1.0689863247080296	-0.021658135979162215	-0.11329578761681326	0.653334598217705	-0.38040962437624604	-0.06452680889161755	0.6028105787553208	1.1491939376124518	0.28780385215668347	-0.5503311380759736	-0.1842901367296407	-0.9974595153595368	0.015705304829567418	0.44454869281171466	-0.1347514963665221	1.2094245526362313	-0.3244431866805644	0.2693195342393471	0.607293663082783	-0.01312841051683846
DTXSID5046938	8.486078083988547	-1.5885534997091604	-7.500062929334427	0.2539490654681368	6.614357376670864	-3.7728600208793166	2.661725851600361	-0.8826239093771018	-7.371362682577719	-3.556349159116586	8.74033630459086	-2.3326564456332117	3.9406291162617486	-1.3371094555097554	2.6886409841953833	-1.9246829098038458	-0.1213023690981193	1.3186440544463491	-1.1117647730785645	1.2845164302262657	-2.0048200292573286	0.7707124110927818	-2.3649665840572904	-1.2050482986591342	1.4587786882051927	-0.06568935220684127	-0.5414778447461706	-0.20394730337334868	-0.5494589329451847	0.49713993080574576	-1.4720496425319942	2.6271510341295055	0.16901572589713654	2.1779506261747947	1.7474013203440355	-1.6739504413600699	0.6619196409628431	0.3300067585212389	1.8341514255934321	0.03647791100667672	-3.5058393011595625	-0.8728584288655749	-2.268312718625232	-0.33439228090469797	-0.15475318658577147	0.46735004933833063	1.844822823825393	-1.2252888256326702	-0.24079037921023377	-0.3088453101324483	-0.3204068894380432	-0.2188859360656347	-0.9460921493071238	-0.8209251022315327	0.8823292632689616	-0.43238369829453477	-1.5986098640420756	-1.020104642965967	-1.4647787194491246	0.697666990483666	-0.4401384676982636	-0.3077265389971444	0.7053990287789914	1.1957342507175461	0.38346090174776015	-0.368951115830279	-1.678248424930411	-0.9065853020141698	-0.4849293579815222	-0.7166230162566101	0.37113854942720276	-0.5924784893863355	1.0397885330862788	-1.5255391604289823	0.39404534433654437	-0.530452093061275	0.07423806494600753	0.624090705196426	0.384577173413486	0.36875638879124145	-0.31925298001681485	-0.2324163603512851	-0.8826439182951831	-0.7560769100780235	0.08178310309297643	-0.09863214338648801	0.41633738651631635	-0.291344933106136	0.9524529327182981	0.034154678598408775	0.503155309806256	0.36500661776028925	0.4002026925269511	-0.8030023133303424	-0.3697761276096925	0.24806038274704184	-0.5629674373106399	-0.8563815041623919	-0.951528226034441	-0.6655167490761854
DTXSID9026924	1.8443450987601477	0.11826460317385218	6.796236010835354	-6.304608183201652	-2.0265148621155324	-5.028580533980254	1.6173275859884584	-0.44944301716501694	1.3236437707657078	1.113109912589778	1.0354441652732527	1.0854984050653798	2.5713057420085415	-2.4350886453186043	-2.655430180765848	-0.7109221049196778	-1.0650689570293383	-1.1532983132545285	-0.11456855206960528	1.1318505758301032	-0.6569073101590482	0.9144277851076776	-0.8724017871948706	-0.17530438102304494	-1.427827785056045	0.2253227928426447	1.533501385875692	0.7230563228146628	0.4899483180165181	1.241789319068583	1.3430121351202269	-1.400893590674278	-0.044458227047347816	-0.36452854016225233	-0.062204421216723385	0.4309989163082716	-1.2912265606464846	-0.19630142778006227	0.12022740612142589	0.5539751160834236	0.20061716108228134	0.44339983406818284	-0.4618315687563963	-0.12909562208776088	0.35074220647845195	-0.0025615166524953796	0.551254103813582	-0.25281921353673786	-0.040873459104810494	-0.6898087522987177	0.005024823466354451	-0.18399202469256742	-0.08996026631568634	0.2643776102021999	-0.06407512184217738	0.03848059746975863	-0.27779952283451453	0.5396581267328022	-0.029916382554810585	-0.3603464522606466	0.5212678732628024	-0.507181173333555	-0.9288098023145374	0.00846314537836338	0.5572202895328534	0.6896349164320147	-0.7408938994019876	0.6123031427875587	-0.16185463895613858	-0.1778607827325013	0.46819892278665554	0.28516152409605233	0.19848028588992186	-0.06506382175815882	0.018151447193895234	0.22451743819031555	-0.027685985813407785	0.6342594779864241	0.24826307778868212	-0.008358832186041592	0.4540137863444126	0.6207805542682182	-0.4843260683990716	-0.44934635086069225	0.14999855012068464	-0.09777953646465068	-0.2619298936602635	-1.2552967746820065	0.5668839587718032	-0.6071950832301134	-0.4459599036541561	-0.4589322093713594	-0.4181008057732219	-0.09052871303757662	0.6984002849185297	0.06335846329284024	0.3786800926315953	0.3253796395000783	0.49258935316305374	-0.4346553379181492
DTXSID3046796	6.294755737302328	1.9969784643806234	-7.026896028117163	-1.912310156764106	1.7467424066447663	-0.35050388806055294	-7.922055594686448	-6.120496158623213	-6.477889225602424	-1.09780500535056	-1.6068967225442852	-4.38355617754647	4.126854347977503	-2.651193036708069	5.932020480874323	-1.5908243202544168	-1.7544116985965255	-2.4723854676585373	1.1764241455056754	1.1916765497790474	-1.4640661842572227	0.9861608918982714	-0.2548164810673695	-0.9677503915954029	-2.0359490760882535	-0.02548363020149952	0.12651350529420197	0.44134705911647426	1.2349792637064974	-0.3268007835114284	0.6841629534626376	1.259315415708255	-0.0190413514716703	-2.776137186168547	-0.5075439521371182	4.6806126024207515	-1.7329193905881555	-1.2219492555824905	-2.3346740260532135	0.172445907616459	1.4790034945539707	-1.0794876339341073	1.8952995434900104	-1.8569052218621738	-0.6800794117469504	-0.7430104603410613	-1.8553685831393738	2.2619828895084226	0.47858575273878545	-0.002200549321824492	0.12412981425563736	0.9110472318316316	-0.23070447417171155	1.1294603343191	1.1900288697440682	-0.05395319823861796	-1.2782149704532098	1.9871910065216982	1.8301778325296525	0.966114813049004	1.4245893220105996	1.1498321938193872	-2.041932294436098	-0.7107369162948393	-0.18660380027534654	2.3714370222630476	-0.09614595258060221	-0.775923647486089	-0.3338517683044918	-0.18059212537023187	-0.22713522775925254	0.7166356208639243	0.6055336293401461	0.8648623238676177	-0.03215952271831998	0.24299371704198836	-0.30073528850722825	0.9916257252076388	-0.8965684214967808	1.02769843009166	0.08325018302443077	-0.7336862996008674	1.0278257255646959	0.5074560303331059	-1.4589355532468635	0.2905788335697618	1.1362154064586159	-0.0378370372844685	0.050529490088618643	-1.4709560672423745	0.06422848158800289	1.2775061559502472	1.1021559189490164	-1.7570639837168796	-1.9127784016527707	-0.680663010183237	0.15053176128791107	-0.841769143747255	-0.24145762900622705	0.7865160128742548
DTXSID6024206	-1.757815285186609	-2.0194565367910497	1.8275654101374026	-0.33873009294870454	0.7278787623814732	-0.9590541990747544	1.525959322873708	2.0029648913287414	2.2412038809669586	-0.3250929289204196	-0.8911515005934048	0.7669332845064488	0.5846320692772017	-0.7717380850217596	2.4861839156201477	-0.7519847920563366	-1.0742723470817297	-0.651470444022056	-0.7098268575747845	2.0181310509271224	1.4511013231868708	-0.306469331590005	1.7336877040747487	-0.2336137872850921	0.058561751693669416	1.665902345310405	-1.2996566028764909	0.6635059921537465	-2.66338014353324	1.1425258979515256	1.2903948456080052	-1.6347390612806079	-1.107704131488393	-0.4110579401727675	0.26354368109907866	0.7932395679824914	0.008542170073499056	-1.6157851573835635	-0.16117193316310113	-0.7853260734385672	-0.19901837460916103	-0.32366148490040814	0.7118012037832799	-0.25305220828171754	-0.012144897291051681	1.5311857264447588	0.5004412058050115	-0.30440859876667636	0.0883232190899773	0.08551649483511477	-0.09760146030256855	0.3046334167923529	0.16220678240178757	-0.24662699101256103	0.7542254554389121	-1.266686863249148	-1.1492862700018907	-0.5961000194755416	-0.5729756069769995	-0.07816473340169013	-0.029138392022893898	0.7660322013290302	-0.2066610487163341	0.15435246091798485	-0.6439630053375031	1.4153583978307793	-0.8592637230479213	-0.1279955678302112	-0.25105577522241634	0.5347676600955431	0.1648064864080971	-2.111158474426422	-1.4668734469391476	0.05620548045503935	-1.0222838341150589	-1.8557299498371946	0.2734146231941554	0.5832624333635212	2.0240737961592226	1.751083575600165	-0.33979801794124215	1.1510157668534315	1.0582182118841528	-0.15213867037515214	-1.3418457131226067	3.7392832383434045	-1.0720196658879093	-0.10000031949968706	-0.9122545601660916	0.4218750118791745	-1.1480334640765208	0.9520254664475535	-0.2067372518340591	0.1175013172839837	-0.7261171222263241	1.137997213822104	0.3720836482300362	-0.14633840440074541	0.17317965637209798	-0.46060146258158574
DTXSID2024454	-3.6273738130931075	0.3201056096792783	-2.107676892733991	2.165079508346595	1.8229357480675905	-1.063974649280854	-0.5606383801067912	0.6864237959828388	1.100266468175561	3.1588135894772496	-0.5252943587790558	-0.9421323320560266	-0.3692772749052638	1.9664978647893472	-0.5593273910788371	-1.255497199071962	0.030596961503228725	-0.19944697201305106	-0.03268984995607776	0.028088063362991238	0.3742222686825455	-0.04955923999804527	1.293467576452775	0.11580463431668626	-0.09769383088729856	-0.14414969911232792	0.3917013243938909	-0.6413595061583545	-0.47029572871245456	0.659271192335268	0.54735236202369	0.010687068238772163	0.7083302931487098	-0.8724808922329187	-0.5165276647341539	0.240671663211211	-0.3744058983948858	-0.0054455385688763815	0.04664036558676599	0.5178899140882088	0.4326148182141991	0.7270726644944203	-0.19881721793585042	0.9124412098598286	0.17265462443584387	0.16421975129701605	0.6085339837786958	0.19818204542752696	-0.10434277294268708	0.31038809329094286	0.014161530441676508	0.15353236826216846	0.16064480098187967	0.32422774709756347	-0.32385956321944026	-0.17120765031618246	0.12338725830216948	0.009669226694427366	-0.850188745920888	0.010923440666510027	0.4032007078924937	-0.2660267934127225	0.0030066675221102996	0.10897443825523687	-0.10761712738978833	-0.5920956274154726	-0.3542695838318101	0.33842759097242237	-0.12124463757082206	0.6005032546532008	-0.4129334529489552	0.45470075650860414	-0.35839791351766737	0.3354707239739079	-0.0687397606182385	-0.27326447051897607	-0.7861065297810542	-0.41538112147510897	-0.022679696386201483	-0.860104314386622	0.28310380719125666	-0.7736687214259904	0.5621574379601311	-0.43425662823551137	-0.32861715461928503	0.31502232373506034	0.8108110575585746	0.24341553194951673	-0.5607861223706827	-0.1843841449226145	0.15791194029995043	-0.9490676969340538	0.20439471418824343	0.2465003593670082	-0.3902353997365068	0.05192091160242254	0.03870604691103704	0.12193024995757762	0.0550820746206084	-0.2592627542183313
DTXSID9045188	4.304823684810511	2.5622554794949495	-2.036285440083939	3.101716615937926	-1.0599983437348488	-2.4174459006983264	4.785151620453261	1.039203901175451	0.5288820138202825	-2.373480692942107	-1.0902543099930948	0.27086795264929	-0.6391666244917134	2.141461202187873	4.2905333726846235	0.05159107479062275	-2.0099560508302665	0.8320756471999076	-1.3297891322137045	1.630769282104372	-1.6730446321186125	1.7889315536117687	-1.254680767158798	-1.4049006181391959	3.462179350581347	0.8179581199913102	3.653493647139312	-1.4590169745079287	0.48746064772081965	-1.2022274733388432	0.6680326117197558	-1.5815625272719998	0.8354318233774757	-4.660693857957297	-1.1295906014782984	-1.5290656223604722	0.8710270224653717	-1.5213236703584694	5.924920009046342	-0.12108963126357464	1.311679354220403	-1.2308252632338341	-0.17043213361110837	0.27137995257288566	0.31651010148549535	-1.8051383896108282	-1.7519637581431533	1.1681796391706896	-0.38638606897430033	-0.22289905542982075	0.21281401331153504	-1.3066844216740396	0.4045525142650867	0.9242211064502818	-1.3263950982203867	2.0889360427527954	0.967506514823683	1.5765691603471026	1.2938153212094037	0.3708656119278955	3.353005043087701	0.3591287591551697	3.371551283807471	-1.2680679237143941	-2.2631094214301375	1.1887208155747255	0.20060492595532123	1.6049947727289489	-2.4557994134021417	-0.8296968195099039	1.5342116649380786	-2.648661946476357	1.1326082771375479	1.2000603247595905	-1.4768253652329275	1.3379603533770101	-0.18560640694276123	-0.24217032991372092	0.2254752700488021	0.41899943483960617	1.315519841096367	0.5251261271102543	-0.6016762144506423	-0.8182519790430642	0.10376434134822043	0.5244671433331434	0.9319312742487884	0.8833943014712415	1.42250371703791	-0.09308548402505704	-0.3092020440651607	-1.022094526691155	-0.02828500760230768	0.011086116407112555	-1.220374290889672	1.8095353715345563	-1.2490545791189593	0.25754693048049865	-0.11241231417686466	-0.08182105192405567
DTXSID0045385	4.888275546490405	-4.184428739185353	-5.444986340535592	-1.5745247625176164	8.411353199053968	-4.260274488368614	-4.556690981584075	2.914637241872687	-3.2587403621996973	-0.2706276732581733	6.912050175488353	-3.8624558454215023	5.3417229680423715	-1.4243688480865735	3.055543653549501	-1.5655426505820196	1.0707089973946515	1.1251288929206966	-0.036150113551259556	0.032225831136392324	-0.10816460714500191	1.044394966495027	-0.8131766649565002	-1.0878330079286527	1.2088263039909575	1.0736303763815238	0.143198508635857	-0.5353765422873095	-0.9370161326711306	0.6050258531819794	-1.8268020112044594	1.0108127368999718	-0.003040404185844559	1.2196472440825736	1.5817839216137237	-1.5832522659651842	1.0789815071585196	-0.972226369454878	1.4192576973598585	0.24308681605847132	-0.5343478457162067	0.4851046869514212	-1.7399790058944502	0.7634850899225503	0.48385091327655827	0.1320387459699412	0.14626048714266401	-1.0571740707079413	0.41745917919113823	0.5656646209319955	0.304326376094604	-0.36378963748124227	0.2289539445907808	-0.11509562045610665	0.49165609426002155	-0.5002121919584396	0.500350042268032	-1.2651488926395598	-0.3804810687373167	1.0888857887190118	-1.0534448214046086	-0.4804468789974848	0.04666025909590018	0.7047537310663315	-0.2670194968972439	-0.05377570581923462	-1.583855134910235	0.4211490738982139	0.512252063421372	0.1646976300771375	0.8723051495991299	0.7179484190197176	-0.13615962237328974	1.1387113652176117	-0.5202679151772197	-0.7969097278217118	-1.4718379011451967	-1.0392995924373674	0.11400268571702422	-2.0894840147299707	-0.20849318258848057	-0.481311244896405	0.7923282608866288	0.5332655473381046	-0.36412376423925774	-0.03286114316307027	-0.014058450999225447	0.018493118261798298	-0.464701061445768	0.5636412113121768	-0.3154665025603089	-0.03138421692924014	-0.12301746206257726	-0.11592664268956082	0.5236063181591826	0.7786565716744233	-0.3636278704751899	-0.10124161850865675	0.6989381891143664	-0.5294072706372712
DTXSID2044474	-4.329691439606292	-0.19242857548837533	0.827126775814416	0.9724952792804223	-1.4880372114551292	-0.15673290927156122	-1.16567961220989	-0.875224592444903	1.3028028101264941	-0.38602013243157574	0.568072283661908	-0.3487587582998175	-0.21566303732424433	-0.3037982881335792	-0.07201385031522255	0.4200650785827622	0.8424339029680619	0.48023682745678864	-0.2175236863537344	-1.0161303940663735	-0.10454663672581883	-0.47963094681302315	0.6975302120137227	0.2668952531570299	-0.5999741263234166	0.7532938843480733	0.2688785634358077	-0.37561220950963364	0.23922095929482098	-0.5859152855893234	-0.43314530408348023	-0.15874812463695098	-1.020206465070586	-0.3038162146532663	0.23910035941089258	0.05989691609326261	0.00806020498399427	0.6940594500928859	-0.49799615296239186	-0.10304810201348999	0.10841847411087492	0.4071136822077053	0.12090468589034045	0.18116660346031974	-0.079523774676157	-0.005201523991503726	0.016472360344588308	-0.6839306651978281	-0.16133725032353785	-0.15335577716143511	0.11247054304081486	-0.021353540567435245	0.14689888253493508	-0.20747364093511894	-0.45172395369083224	-0.4829649772853244	0.12365199824818213	0.037793306801817965	0.028731756127338963	0.10559101025988701	0.10189771238611212	-0.015402842744856005	-0.16911726314445483	-0.12384803023407673	-0.04546740340976643	0.45347488178677386	-0.04377879791657321	-0.0012112464994223227	0.4993814845878452	-0.13408639949995543	0.16534336033799185	-0.8031580300364785	0.9071588321558695	0.3127270866446204	0.1646121592000101	-0.05648304102295245	0.22292386529285696	-0.04463226221451558	-0.44135456838897164	0.2703106095726468	0.007249146028642948	-0.019040745926251875	-0.24737970034618162	-0.07894154590908586	0.14912352593095657	0.4512147518095393	0.5244639201657729	0.09280867871212925	-0.24253995947069046	-0.2140287258116955	-0.12586670966223645	-0.08447214214717108	-0.06272387065383395	-0.2509225611552177	0.0637996804876205	-0.103063426172775	-0.10482586211026562	0.03234835896280265	-0.055975845588273385	0.06193969871434663
DTXSID4020959	-3.6887018008386594	0.0691535429040106	-2.356993562060147	2.003730556373029	1.961385779484608	0.13898571288281203	-0.6436206365157222	-2.3480814546244098	-0.09529111311594043	3.3150155226113114	0.6455889401622924	6.560055956308576	-1.262451843320556	-0.18852146568553102	0.08106336359145888	-2.251763506035039	-0.940576980640066	-0.14445202345712335	0.6341339990376041	-0.3272607387315151	-0.49705689930994473	0.16391025150672206	0.7695777422371599	0.07536824954645024	0.04595184221676204	-0.40376247660022346	0.2488100940872809	-1.073170858148903	-0.2981011115812496	0.6313393066665898	-0.5968776547849233	0.010312879521558738	0.710892233058148	0.04811605707394378	-0.5531118000698404	-0.12595184000420934	0.22215540892526148	0.5928633353047922	-0.18265555085313112	0.06302377206529658	0.048464203502177346	-0.029466551994895514	0.1560136402044584	0.1861022489024159	-0.4809288957072145	0.14337009556420063	0.626907610533977	0.18535106236082205	-0.04787458098914364	0.1461550543330526	-0.17184651894952127	0.13551691634415677	-0.03126527619003911	-0.07719623197877117	-0.005087291378234564	0.034700222624573514	-0.3523702332165384	-0.24633934834388796	-0.5317753082565669	-0.5523045155065219	0.5258868527332774	-0.33224547485439754	0.011260172795061644	0.27841605362810196	0.09727741922022716	-0.3585215144705012	0.06640419859800274	0.23578272855426297	-0.7103853838531737	0.38905307735422434	0.00658505862115609	-0.41280268978689566	-0.3827873757860492	-0.0962028235286063	0.33507573868568186	0.07885984983117895	-0.3345167694057335	-0.630313289188814	-0.2747218045744351	-0.7372277823372377	0.36380078628565365	-0.05561527357456542	0.1900454764747745	0.407037847939607	-0.20483513736124148	0.3036888076941547	0.9390864737268195	-0.4295390918047025	1.185234391077782	0.9599317959169218	-0.8169443350963536	0.5622538165817202	0.1284752082422732	0.40919656023999995	-0.1315495805299074	-0.6374932891355927	0.3775407918977943	0.17539813662880296	-0.13251318431133402	-0.13848050618316748
DTXSID8049414	-1.2372958845483726	4.306666311707516	0.5296983202646376	1.8950058712361335	-2.0051335436672266	-0.27093473609692087	-0.3915933459931346	-1.1387794931115853	3.2837891503696377	1.2352767778091007	1.381949037819733	-1.0709111235336999	-0.7679342932967088	-0.9334942836298047	0.15712805721855277	0.11600945665529233	-0.2704756982575658	0.5029921815526961	0.2653722035344923	0.31416025691526045	0.19197689575992735	0.709367555410451	0.005558361842696977	-0.2776098303582485	1.4979569661989034	-1.0959783907366596	0.8816656618196917	0.5709848797343209	-0.13066270812473282	1.1918783142414269	-0.9145796159828442	-0.2081584090419193	0.8801779835789896	-0.5331687205034488	0.7533462401644277	1.489192321464929	-1.4515862753397397	-0.09234540066858442	0.9462700323581235	-0.40183751696092207	-0.49341226168305885	0.20361867384926638	-0.020307691297253967	0.395276490278741	0.8897162904752455	-0.23596364435742173	1.3772432245316857	0.017086867983222488	-0.09281115949084796	0.45156059577972607	0.12987492790764965	0.14690134006278224	0.7817830895221592	-0.056902103243847	-0.5328112524388401	0.22374975535349556	-0.7158872701074654	-0.6510545478962789	0.2504335253757638	0.8101377144510327	-0.6772497521195147	-0.5188430733218375	1.1962151454359728	-0.5286539768807983	0.3323204016387808	-0.34180880929447005	0.36738950906531453	0.8994806030246689	0.14667491482448822	0.21353286631207527	-1.6578973924957539	2.2778920275044907	-0.6752059115519147	-1.1456794942167992	-0.4142259331206686	-0.28614626553564293	0.16065244827106345	-0.11014725294276433	0.2299278736995184	0.8637966844665986	-0.3789888359660301	-0.11325465853466694	0.9001140887240223	0.452841153749306	-0.17311219145025628	-0.6742775831367315	-0.25247633234590483	0.5180278071922795	1.6586411420690845	0.6040281925801014	0.9638288847344171	0.3695442426577049	-0.46161032334158114	-0.14647133708309254	-0.724143908913716	0.02006905907096305	-0.463198550829632	-0.2966203082316759	0.1844408748989605	0.1462444142268823
DTXSID5025364	-7.089217772290194	-3.380327804185964	-0.3769442477069349	-0.24143230806977808	1.594941212024942	0.19677984158232106	-2.7707639541715583	-0.06357906392541668	-0.2065954024562526	-1.44718933137114	-0.2842689971017775	-0.3434077902220826	-0.5710813179515947	-0.5160337656472564	-2.0508117456964765	0.8978634449204458	-0.9760121565313677	-0.9746957997575395	-0.9458335071192632	0.6828580776402842	0.11084080327035382	0.15150263980206705	1.19727384909147	-1.1545660890059257	0.6249247557397178	-0.5072777268002281	-0.5084764074384293	0.6923964320793229	-0.31550429447271827	-0.5831277609209647	-0.027299910082062298	0.9444984514720216	0.6167635222124296	0.5867800228536331	-0.1847334592457349	-1.515977002809489	3.339947473276565	-2.2759288488612346	1.2047733240089038	0.28765255115937094	-3.5077321210508945	0.3636188528248833	1.1810273775105824	3.083475684214007	5.000216582969085	-0.007461250032730641	-4.071091958483764	3.2024303061083352	2.2880106752953315	-1.7288562499017086	-0.4229297511101331	2.5512804180823565	-3.0749096993326015	-0.042551541645733895	0.3212158609574119	-0.7569305156727846	-4.247234037709914	2.3082103332218544	0.6535649661370103	-1.0055849870199889	-1.3597621399502986	-0.9444591685651074	1.0676855530057374	-0.35399980941056003	2.5269798552689253	0.5036674238708005	-2.6516130096141795	2.1909236460330606	0.38188021444634296	-0.19746386497582477	-0.5242106585263908	0.9274590234495014	-0.018470521365459333	-0.49448634829952426	0.15845040129296606	1.3268236360713463	0.5012637597151105	0.5273716150258667	-0.05026129800937504	0.25231296499518113	0.4995835242573059	0.013615628535004053	0.0006237066938128203	0.9511038947000557	0.205537893533105	0.3030116158969817	-0.09400937815253907	-0.1360160023637313	1.002856906386969	-0.27346621576083135	-0.10131753951092648	-1.0689744756206438	0.09070711129436601	-0.6076210440448824	-0.23811622974420218	-0.03159363986120621	-0.6966083017053035	-0.4388331762627936	-0.12153603315208829	0.009659119495369748
DTXSID4047593	-4.142817144948788	-1.4494008351176915	4.389355152315988	0.7763870696807432	-0.3626073178671293	0.47164602842849424	0.638970852342148	-1.3289614227643551	0.5748362458250867	0.5785223300415892	-0.016096230879434754	-0.3333707533643034	0.23554227299066863	-0.7880231361072887	0.3721995413844691	-0.31238400490765245	1.1186456512410952	0.019726128956055956	0.1270174950290565	-0.8577705168179123	-0.3609412121874486	-0.3651440448286709	1.31585669908589	0.2511498039043258	-0.32500173818483763	-0.5369649293641863	0.6990837826238594	-0.048299404289984645	0.08456044946822669	-0.19295338979487509	0.14171421427699085	1.0701836821728692	1.1420683563290146	-0.006374975274453925	-1.569596921701819	-0.8461215413517917	0.16439073499738793	-1.0950496143427146	-0.751087147529965	-1.0246997856614752	0.3780930996535933	-0.06726358195747519	-0.07023812668150456	0.23622427921466135	0.20669187212197743	-0.6081508137108325	-0.2932709204393806	-0.49483364164141747	-0.017799039743119364	0.005258559501379213	-0.053578679125918315	-0.744821031485819	0.0918823976686873	0.12554070976463313	-0.03332971475285848	0.48672757325009774	0.3432979551862744	-0.056896014687207	0.13178047153798095	0.5960201685161592	-0.6002524939931507	0.3798889868854527	0.11666463256832399	0.3554952854101529	-1.0716671845732944	-0.03824856728101308	0.5340522461278536	-0.8405847972576586	0.3589941806925031	-0.180798445815024	-0.3712724115872294	-0.2845886606630474	0.4363358207401859	0.17176405836909403	0.6067348614943098	-0.5454366572600506	-0.038262454481610336	-0.2627590733446721	-0.21205582684738383	0.5202950487024902	0.22063593484896654	0.2563801518284712	-0.08396295027859271	0.0008192162080730862	-0.19526497436723464	-0.027850557790060685	-0.2646276858188249	0.26762255712531763	0.13323404857747778	-0.24612838269081722	-0.04143514435752751	0.163248411554441	-0.15716338389437096	0.18621247403563368	-0.6064065564610008	-0.15627098192163907	-0.007202461505455067	0.399093255018046	-0.11076951913193288	-0.8008170901146393
DTXSID1045297	5.786589468130458	-0.7272555623304711	5.761835835433203	-2.240910217873738	-1.6619420616711702	-3.919467701207594	3.259781722139073	0.4244374671916339	0.9884641631907854	3.013832602582091	-0.02253728395936085	1.118830550664268	0.9382239752884847	-0.5267536297614301	1.2023757584663308	-0.7736582989356944	-0.8772393268128582	0.43511010532129213	0.39630130255347884	0.08254650514716275	-0.7868428518395488	0.7856565169818057	0.46692509240878444	-1.4984204227564033	0.9471539844617031	0.3846586395893313	0.5818672386786338	-1.0700354911701015	0.26502649991156807	-0.7137236291565634	0.4327567962206411	0.19939755168906706	-0.16229118674990636	0.4514744544720688	-0.9360772081410368	-0.33518937868769605	-0.4044913063310451	0.14501275007595177	-0.8957327314026567	-0.665439490632578	0.7607050735295233	-0.38357490737197875	-0.5666591636369749	-1.0809333382956052	-0.2746534455917048	0.15286037176075323	-0.52945835220101	0.09176909282707091	0.06077678459096687	-0.6546241275977749	-0.11989371094822136	-0.43268543206883103	-0.28402405800209124	-0.04938331638216067	0.07969545554032571	-0.11232117534543379	0.08147513185020931	0.8341051827944419	0.1892935803085399	-0.26943596187325813	0.10019477515143314	0.2744230161059374	-0.23636795713064793	-1.2461115048260956	-0.2474354739259396	0.08497864885877728	-1.2331309946189999	0.8973382674240145	-0.13847222037033785	0.6721088517034186	-0.024780006776722874	-0.39191353552537206	1.6291322568657847	-0.9474405920265133	0.6080468034656343	0.4662987128280125	0.16764660698056674	-0.19127675160479837	1.0891830840828451	0.6697303645734262	-1.0156993858984409	0.03196126907058874	0.8233294919696479	-0.3513766672808801	-0.39331627885266984	0.3275582875785192	-0.9785793355174841	-0.49071320522645745	0.20588647698224893	-1.1389853214841106	-0.30519052638843214	0.3685392142659064	1.2259145908916251	0.46185976000282997	0.4422866814783407	-1.8153084468244827	-0.7708569411593595	-0.459509924111242	1.5218026268696265	-1.2014603965522317
DTXSID2049345	-2.5560584245195046	-0.43354133866395267	0.7142560786371862	-0.47876114476749293	-0.6682113628843548	-0.7352764203876295	2.5288741477773318	-2.0400218733292927	-0.37449598767566844	-0.8994814419968051	-0.0783797082198482	-1.1194997890589082	-0.5943517415307135	-1.3822349111436325	0.45258917268774507	-0.14594183585050383	-0.3648894595997083	-0.4025566679744489	-1.2694491428546646	0.5059473647213842	-1.7274519166292677	-1.1940939147305074	1.2004595699096914	0.013202557811639646	1.2217350477277273	-2.6517331329830203	0.3409226674797175	-0.6672997626054655	0.5909594730685596	0.05787519321019558	0.5087340111545616	-0.2980894737586185	1.3414445870844787	0.5686457897530164	0.809379120940997	-0.14490810686009378	-0.36076815703441656	0.6664791667055557	-0.5206732465308485	0.023444119280036736	0.11444548656665635	-0.9481089313701481	0.9367512314543663	0.6002969744313418	-1.170279447001608	0.3138619491768742	0.5683741934147094	0.06563616878023769	0.7971878578382354	0.6574488145356532	0.3055092763329184	-0.1206786281870536	0.2718162431790746	-0.36155066027876454	0.35488257575567195	0.08293034325175283	0.14635306861653052	-0.7245035012371603	0.16885417040574896	-0.8483056552573115	-0.3714718021380804	-0.4395363791263155	0.5556741276048283	-0.7109111662634137	0.10702163120230108	0.034290372895047584	0.0017734220557080308	1.6760203367549633	0.15394456565043943	0.5507932224035106	-0.32059841175996034	0.3542526431608266	-0.21401380940098905	-0.21860139912255092	-0.015381468797132222	0.4995534657070076	0.4147238923603969	0.42352850306777584	-0.3895952345599018	0.6062125549177992	1.000512300173774	-0.05518068611853405	0.36406520750595656	0.29567121717457817	-0.5865658899840155	-0.34338983035187287	0.6746455230029194	0.013541984173982185	0.39079636329387957	-0.3660226754637082	-0.47588088104060217	0.45801349009964937	0.07936358140831787	0.4159968306760111	-0.05222685213695358	1.103896171633873	0.3516479725870696	-0.06540801138198538	0.027887689168925516	0.5643901589392348
DTXSID3032541	-0.19364840168834985	2.1504276128937554	0.14276187790699751	-2.1615824274311737	-1.4515278296216165	3.6474433341287953	0.06541992872396934	1.296914882730093	-0.13033329666745835	-0.433685829515361	-0.6214917763990581	-0.5694533765469909	-1.036044040514245	-1.2462250854534636	-0.8502534439907244	-0.2365636353460347	1.8883197836857293	0.9895442672375818	-2.5252658325554043	-0.9613055382899371	1.6103843296777394	-1.492033036413714	-0.40385708748905996	-0.6247552617481067	1.867940411700303	0.4427192547895236	-0.4091275258198101	-0.9496145021203415	-1.0353673804093602	0.30777781758214334	-1.9969333511076828	-1.1451614712040479	-1.7120189658047722	1.453957906639039	-1.8793760147132372	-0.45822290304809243	1.3016758378326032	0.02017841796281388	-0.1507552113651387	2.992113488899743	0.7666044220870237	-2.7290795585031016	0.3699577950744574	1.9483305177891872	0.8308197647523028	-2.127655139487086	3.776386503849947	-1.8160478653223329	1.1779726003562212	-0.9760936763053815	0.6312444352865242	2.878549432681009	0.7087745728148568	-2.4673387138729463	1.8109672642295913	3.679292866115329	-0.5023795691294669	1.7228931289908263	-1.1528899948537807	1.1203133558991576	-0.6972446066526354	-0.31588672255624983	-2.4817612842720322	-2.4574730501808593	0.48312296004447813	1.536475995097202	0.5052982812018906	0.7489964413868586	0.142939160517683	0.2660987061057019	-0.021353493467485808	-0.9979326147050063	0.3394665949371539	1.187747481474227	-0.28114183261279485	-0.536568289269276	-0.49936792614309083	0.24039944177149197	-1.484903456408153	0.31626005129513646	0.24354104569216917	-0.09437626216137802	-1.7368627816072657	-1.301120435163702	0.26488418348378834	0.3535157535180151	0.15525155314582426	-0.8840200176218113	-0.22495591996784392	0.8686394072498199	-0.6095448639282494	1.286359568902599	1.0393846198701073	-1.0701422496106754	0.8976430445487037	-0.18987144028646094	0.9998128671289395	1.0067852894584872	-0.35808246503976804	-0.6305057127480833
DTXSID3024362	-5.970020032381101	-2.2773473261578827	0.28406291228952246	-2.606166748757167	-2.252977015018091	4.240687144059309	0.17285990814982655	3.4671237563286446	-0.919766090736516	0.5440218714071673	-0.15229487350114407	0.03873151336742404	0.5966346052554332	-0.537856673715074	-0.6701940337106183	-0.1826134920491132	-0.5280292715633927	-0.5985247375897503	0.29753484932098834	-0.12280478166620021	-0.7028181738252685	0.16155682272011815	0.24570068190650285	-0.5806046791756871	-0.24783032252629664	1.3748892960263839	0.28616224773996923	1.3880308050499754	0.3998096883207526	-0.8661109883965704	-1.1112756109046917	0.5158093453597031	0.7911333852158873	0.4775108096598271	1.4004803034382562	0.9687487648654612	0.4030509408002442	-0.5665417067060824	-1.1604332596241143	-0.2196540427706232	0.7473683944409313	-1.0606773699255674	0.09674258622133015	0.07430198892374297	-0.11527685755536733	0.08385382533760392	0.3410911002496018	-0.7159756398951741	0.22645510898168134	-0.9724104422471909	-0.043159884610223215	-0.5277880539048768	0.3872307218454051	-0.1902251183771983	-0.218955551257067	0.11237736377062787	-0.4400170294229816	0.7997791049710499	0.1509263698541788	-0.8403676432592525	-0.9003531829126048	0.14811940614902014	0.3746090586795119	0.6140868558107767	-1.0270731529072397	0.5678162725744277	-0.07877363680860021	0.6775582689223806	-0.19535847360669145	-0.0667823563916018	0.35159083073068553	-0.04173630689428656	0.5513782896646954	-1.4122421467707265	-0.24956233400610367	0.6294710042826573	-0.4745443181863456	-0.3479486606087875	1.4657986549571669	-1.6420654471556262	0.15112121400873763	-0.4177363697743502	-0.231747225240541	0.06580329697241755	-0.08067003915387824	-0.5038974090829178	0.7027320585268889	0.0960627737821208	-0.17766603751636076	0.2518447386037692	0.09308261592110238	-0.2849617499884886	-1.334992594584021	-0.12197901858588356	-0.3226495717706823	0.1475218382156066	0.047940007558191076	-0.19316669188225982	0.16223810551371495	0.1404899103228782
DTXSID9029302	-2.7519013043994103	-2.468235233484756	3.4064830922402067	-1.6846342493283983	-1.4044126186689379	-1.454784920726304	0.2895105344006053	-0.573964766605309	0.5351150923592036	0.8378763719273555	0.027508724613411462	0.31338870683783354	1.196384246662122	-0.6373680232801613	-0.6465082466426931	-0.20302827717183503	0.3113826745727743	0.33900330695914904	-0.03903315441645826	-0.42282821599419984	-0.021021279382782296	-0.13932910602618379	-0.08583432046835118	0.10644902368267808	-0.5653434984675757	0.28298084954896435	0.5000201312031939	-0.10209001636530612	0.42834906449705584	-0.18333921400758285	0.79819422080999	-0.20903289954057588	-0.24836476335788787	-0.3300993512401591	-0.12849420744257192	0.29135206708481415	-0.24927954774178596	0.5958241623582178	-0.35594669507969323	-0.32667112300275275	0.3708253690490392	0.3516509838585342	-0.4096808245548443	-0.013483158110147655	-0.10305557592050539	0.40119104017990764	0.3550803988005336	-0.2939177328739287	0.039098526613958344	-0.4027109862089817	0.03044357038709583	-0.09653535209394407	-0.15703687371819175	0.12584666493816588	-0.2553497782217983	-0.2875679041839547	-0.04129288321041585	0.2157786017194868	-0.36655496694155126	0.09667963432517628	-0.09645021902245919	-0.16492508885384988	0.038377941961620594	-0.4346436802471018	-0.3542124114950845	-0.008951381928189643	-0.437457859193248	0.40717791133047326	-0.2532418500971088	0.3842499822771167	0.021043732844408355	-0.06292053365814206	0.6651929952438871	-0.2095746979255841	0.38816798077150055	0.49792061577281993	-0.32519249926075716	0.3327156978344651	-0.06789355155363716	0.42413790374100907	0.3406273435537537	0.1454082867701135	0.09803970034507392	-0.06439406397760494	-0.0779399245070952	0.117751620269466	-0.21304288359675377	-0.48530062881164104	-0.24883563442797185	0.2798962463316404	0.43786179119997704	0.2833568830848472	-0.17494658908876812	0.29562220983796966	-0.007937954845228726	0.22246258108740255	-0.01925066200260399	-0.04338178089277921	0.16913462579501112	0.12045210105896206
DTXSID0023951	-0.3348356434917454	1.4638971689912943	-0.7375302088098947	1.990513739738008	0.7409535907152546	-0.3797299278351965	-0.365884055841532	2.4265815057080973	1.2770555075089456	-0.29313894096166787	-0.6665899329197755	0.20807860814807425	-0.3204156316715359	1.0747290601577182	0.883132410158432	0.3404336896572124	0.9750962815553104	0.6039922979675882	-0.25358612360743016	-1.4481957058740695	0.3211036927878221	-0.5420543706566634	2.021742618893058	-0.05002171923193405	0.9277011903560064	2.296413783763937	0.08913398960678319	1.0994254645942554	-1.483130912055421	1.583658455899915	0.4379551000837618	-1.700833894978532	-0.6176927165406165	-0.37471502242932847	0.09739126636336133	1.6409869843907436	-0.6092981883348539	-1.8535134672504072	-0.5182640638828855	-0.2831169978358505	-0.2689554764918724	-0.2277615119124871	1.5478382537840427	0.34921485580242495	-0.06548463985672265	0.9536422243441385	0.570647064200582	-0.3708241758726857	0.031010911922318304	0.3185644700366912	-0.1667449870425589	-0.009358621384966159	0.8688452679743827	-0.16967256658736268	-0.07183087370816649	-0.4779249468713615	-0.9247549442255406	-0.6510736018466634	-0.7663277583124786	0.2472888686583114	-0.6834112032102593	0.10627390040802097	1.0763224480694569	0.8124705005158859	-0.7690742208971326	0.9629786606584152	-0.5509117766014934	-0.8739192299017448	0.22467758987081737	0.9911277635273273	-1.1482394229207196	-1.463492858955034	-1.6846159815438142	-0.5138635765167119	-0.5685621677476157	-1.1256511543131722	1.07984830745833	1.1984551932467242	-0.11227847192989546	0.32860531231263806	0.03291517861948801	-0.05042176099832959	0.4544068292820511	0.6451867645519772	-0.4468535467198907	-0.6854427820536443	-0.2320412618578701	-0.1482551175053343	-0.36295779976017717	0.5298232383331265	0.7139373000914809	0.3808708276814716	-0.5586478552375637	0.5069766409101655	-0.7171043830727176	0.9396902345523648	0.46612918649925617	0.4046174798724347	0.3638299251326739	-0.7829821971900096
DTXSID1044859	5.513126145204478	1.4573257005383287	-1.402354077341176	0.7533957408448514	2.9243105753750727	-1.3617579554143602	-5.229734084375865	0.11568069097762795	0.19617947365290703	-7.570355845123398	-1.1171971100585598	-0.912368538019899	-3.7379100065775286	2.878422257226258	-3.785087045554466	-2.681391429598296	0.31887911173775757	-5.88143041905395	3.7149647875064353	1.873179938928241	1.87705788412267	2.6806096491278906	-1.2015819847354952	-2.4598403885830566	1.5726650715998496	-3.2760293448742157	-5.3734142581852025	4.16158822922234	-0.5547029242714977	-1.8785025224604435	-6.024565445183476	-1.1106539595144735	2.4890421577118182	-4.0689404131938876	-0.7570257889450042	-2.854823014563122	-3.4271124476659347	-0.15316071623773922	1.7196866391157823	-2.8312864585862427	2.6466409364876333	-0.916250803087068	-0.7018395688510902	-2.308373630376815	2.5292238880517024	3.1916495522515014	1.3428276612057701	-0.09972747295199574	-1.212486867683988	-1.512090175087949	-0.5072051311975978	-0.8283417344403238	0.9611983842407072	0.5480611753864448	-0.18936374779610388	-0.7550678330332837	1.2849666593737987	-2.4228634766117367	0.45014827407620667	3.2509699858529064	-1.4710031757042028	-1.6485923169884487	-1.8537702031797092	-1.3841260771407893	-0.9303483831839857	4.560721254354562	-1.9784951126683876	1.837596026380466	-3.6275802421438557	-0.8247660882475796	-0.9256464697010942	-1.064340089593099	-1.3514697878885968	1.072113319590418	3.3609814739081427	2.801365425661805	1.081648729606783	1.3841573847090693	-0.08237343290525638	-0.23831574740036396	-0.11503433362337227	1.615121805575343	-0.7295490333187679	1.703424153798417	0.8803051818484884	-0.38259167429788754	-0.5497448521891914	0.5878607992355892	-0.7044077842276677	-0.6402071925405698	-0.3029445477409	-0.7666571118130164	0.9857344758812265	1.2398906897369655	0.5620922875101051	0.18016191371267548	-0.28062824264119124	-0.48684842425007413	0.6358916932804359	0.04800751168082893
DTXSID7041388	0.11975071623493318	-2.891560847496326	0.37152692972994006	-1.349354795322035	3.5797938350692786	-1.6366141682146615	-2.84270610515966	0.09695664494004276	-0.9959673030562098	-2.8114448383297015	-0.5927177069790345	-0.2665272196358317	-2.2601637189593418	1.831784198251931	-2.272120519498121	0.8172147437058479	-1.1002355000747857	-1.3333009969603615	-0.799265777182512	0.699223218728975	0.2425208043041007	0.23753895376473005	0.8711554864247963	-1.4285576059583416	0.7375157445717837	0.02065592725528321	-0.2345331110501443	0.041198589393726844	-0.5939672138596833	0.18779631149987527	-0.6407834583658588	1.0044040210620657	1.0568328673764067	0.10443021930108515	0.7827031103497594	-0.27502042793948184	0.17365448914117243	-0.19530757325834716	0.02870893030645509	-0.735653008889237	0.43009302615289174	-0.2416589900665632	-0.11381376069459911	-1.2072966894239932	-0.2808292598905286	0.0495506297842024	-0.36055823603239473	0.761125889018847	-0.16728378800424007	0.18777020567519948	-0.14537646866499182	0.28677791825151305	0.20769486212713628	-0.04120495810354631	0.3999420104083843	0.2320228627169222	0.7434627907341576	0.16987797738917668	0.024199041171782017	0.09257750795464963	-0.34881877747049056	0.013365426358497827	0.022605504957243595	-0.019877391102649297	0.159236951801542	-0.3226269532809505	0.8198242192200978	-0.4458241483168866	0.39822679837379366	-0.23785288732854437	-0.06320402734989759	0.5010706639432226	0.08415171291111145	-0.06834840575338184	-2.775723958028209	-0.20088303338966462	-1.2408368970204289	0.12374941502471895	0.49241076413271884	-0.42937835507966887	-0.8416842755518041	0.8590210346468827	0.9808867663533439	0.3887080528223002	-0.017666471669094592	-0.43337758583460906	-0.7333863152917164	-1.6902547044029104	-0.27171493489867626	0.39317772961898295	0.17662379182428134	-0.11837062340321412	-0.2084661216429934	0.07202836647100833	-0.3128682918730624	-0.7162901548164822	1.0931239970186517	0.3269922415679711	0.6161135161712167	0.31270467936687707
DTXSID50379359	-1.6524079750322216	-1.8119779257067457	-2.703653673228608	-7.110964340960205	1.356096025478518	7.5444012296468514	0.13335953216427848	-3.1774041110731552	5.9289003462863965	-0.7205797817630378	1.880368488992442	-0.2479332122111827	1.7011718718710906	2.9190403174462287	0.056176155205164266	1.6640652624783139	-1.1068930386818945	0.305534026802271	1.41474414864456	-0.7692604307060861	-0.9730408421459777	0.6011749526690924	-0.01924957113579895	-0.11781079045851263	0.5103796528793835	-0.026590210200203815	-0.052320208091759975	-0.08907368490697805	0.5760681007299002	-0.46374922571458854	0.3047777849143202	-0.1756408390159614	-0.23315564350173934	0.17354251993706238	0.06808209246482382	0.06828405488138854	0.05300730354787038	-0.27737636214057665	-0.7114119876189372	-0.36968863015565506	0.28177916126412933	-0.09215589183654473	-0.052656999014346936	-0.28606622028264345	0.2107171008989549	0.3073544243474484	-0.5009757844548463	-0.1554011866521398	-0.12378860165447896	-0.18210471274284187	-0.14643286959525675	-0.5567959964006965	-0.20686158225924897	0.038377102085473735	0.09990244936226739	0.1594146683619749	-0.17131410592284163	0.5529667352089422	-0.3455990636959901	0.40728055636682914	-0.5000209395501717	0.13860105382310833	-0.05510676938431886	-0.1571681507021742	-0.475316330195248	-0.17336919054487374	0.0026745524510191393	-0.24684455959222634	0.04073009950125042	-0.2442600658159892	-0.02962490630071271	-0.34014620141425234	0.6235939270759907	0.11517592591173223	0.2274264060738291	-0.2246912688495435	-0.0536070500239889	0.09642342243585239	-0.28208798402172724	0.6742976443329295	0.15943401363650916	-0.1676957500437524	0.04564910726072857	-0.566404662680837	-0.09513505337546467	0.1753564986034496	0.0521775157351387	-0.2837237767608396	-0.3831175946082811	0.24947321530963404	0.019294333895572557	-0.5460744345803888	-0.8880783947271171	0.2711805433089708	-1.063392080814329	-0.24898875760601547	0.3837107330009511	0.40122146951613774	-0.3006140842237468	-0.6773919356823197
DTXSID4020298	-6.366283876561056	0.7078146076714718	0.3501705576803411	0.2338430515094501	-1.6450720471083908	1.4907345481543313	-1.3238798862238705	0.5160660521271211	0.8003503521011719	-0.5002686549462614	0.6245479992903894	-0.23434799898492298	-0.42361118687747035	-0.8712714127098653	-0.5424598383124579	0.45599345364425997	0.0479708659155863	-0.1234032191858513	-0.28676134080028	-0.10292460161028252	0.1125303298407317	-0.1456996606711017	-0.19436052827873812	0.07545087456474908	0.0027819306444054268	-0.15681323176710288	-0.08020251918427462	-0.41538421757751715	0.16754433510583783	-0.17562772902693444	-0.053921841041470055	-0.051179425739246304	-0.6236626411525854	-0.3500335524381654	0.2718926369741983	-0.19160822414272577	-0.09319829371583432	-0.11306461731289068	0.10001177680009878	0.3904038724520257	-0.46445489881675256	0.04843921060702711	0.15640827572630858	0.16383614123746718	0.035675907678839665	-0.07540809134533755	-0.13896730244866873	-0.26731116291353896	-0.13635308034362126	0.2084351314725799	0.06168806394039445	-0.05734732718668495	0.09522947507802657	-0.12734412193487737	-0.09538507660416964	-0.33893378049739264	0.06404097987976112	-0.33813942927389684	0.22993345851314828	0.11417115836843258	0.30070311229307595	-0.11539960488209788	-0.07687145754399073	0.46603311552573645	0.2404013090692371	0.5070083289845729	0.17731379752939627	-0.31232088377678097	0.1969099481367814	-0.29750057453348017	0.46957382820658294	-0.14214079043855027	0.32815020293441227	0.5089637939184327	-0.022470451227725615	-0.011679383369606102	0.36137340751792807	-0.34898816722811865	-0.2504609143179213	0.20986656802502507	0.45649907820338165	-0.13759965711467403	0.28711124028245344	-0.3086141191769934	0.056838456856486815	0.021076704486153553	-0.05960993113994736	-0.2078333974339307	-0.24811795023292926	0.20365168243205342	-0.47517063540706217	-0.20860001598567213	-0.3594695503438985	-0.5347700767393447	0.021037198989623612	-0.4701104296860183	-0.10264557289490656	-0.00013454964229241273	0.06541402082457953	-0.16917391226528986
DTXSID6041684	1.8059513724823884	2.096852393217727	-0.10877189099034851	-2.7837921548953144	-2.325515504726845	3.114821484257294	0.09098606002489322	4.923498963737208	-3.206635812192436	-0.26508394336267077	-1.381785245323659	1.5593006187564644	0.25595662103425015	0.6391334799268567	-0.17317092392548908	-0.5262276557598335	0.31754499427544924	0.5327128646262265	0.14409281615829078	-0.8659717073661741	0.9625040652894942	-0.9729482919974719	0.13140057065385582	0.45157602016424675	-0.11036135833056036	-0.3031143579156363	-0.12883051477614393	-1.3222147040552088	-0.10309646571290493	0.12240212604747679	1.0417605102203196	0.08503612860019505	-0.21137761194231763	0.040607816910969693	0.13336178928511094	-0.43700988084159453	0.7985188338571	0.1284174883560762	0.5116728679879713	0.22891730187740003	-0.9205765682134629	0.17472542028031743	-0.04107023455516432	0.006539909092730448	-0.3048890232275079	-0.2175439473472146	-0.08742802844412588	0.08845616113149793	-0.186433980136008	0.3582513055183078	0.06532091731810921	-0.011739104922040283	0.03315277275710214	-0.28997984423292994	0.12135474664425036	-0.09767158367927324	0.46271935670864145	-0.6904865586395524	0.05366458639183369	0.37634416968545004	0.5783100966062731	0.11814711517744346	-0.03255715556229774	-0.208585043052372	0.11846274957636245	-0.29620425271957485	0.3731198032941131	-0.3354430929350009	-1.0254388657491498	0.4260907281073126	-0.4846976564233761	0.5457571442513738	-0.9138067445244509	0.10332166991678404	0.8721687738112875	0.6000348541666692	-1.2666824280272992	1.03496862603229	-0.6034972032842805	0.27048033074513317	-0.37785846018191904	-0.6719745499116023	0.21624308013241633	0.015857370931101657	0.7943114843679792	0.040601369290579045	-1.1211536118969527	0.013926501638053474	0.33531096592239146	0.047947832049045784	0.8016751772071021	0.04708859496249972	0.0518426269614685	-0.5360246792522173	0.1493493643663709	-0.3919212922432185	0.13209004880356878	-0.07906194034396248	-0.7298649106108304	0.3434071969635502
DTXSID1041263	-3.7828540712116094	0.19417006168262355	-0.8549700250289016	0.9215725678828657	1.3137817491951242	1.6800248511721871	-0.7261534052762819	-0.3258556152903146	-0.6897916891012672	-0.06284963674505759	0.31593734922807176	5.143954476813717	-0.3152545794294772	-0.8432490765270182	0.20180721848808716	-0.7062891211673455	-0.01547964805727902	0.07559652337792096	0.1324513219314892	-0.6168928437432883	0.369211909429074	-0.4115529825209449	0.48135703508472794	0.6799342461885605	-0.4271593980118968	-0.43865675566863616	0.06992221137158089	-0.8117171475660054	0.22044482632296392	-0.03806317607389022	0.31322304975217136	-0.0046079655331039936	0.07668913244437449	-0.23351895918062174	-0.4948793975062291	0.27124170008196347	0.12976370352313615	0.24570287255305337	-0.22654871066089596	0.2539902534418799	-0.23513542646246816	0.18167873433543602	-0.4076058522370817	-0.03022837975581728	-0.3478213485633847	0.15446126557304815	0.21738702495214468	-0.24415611435614984	-0.15796883113423568	0.08460902276874689	-0.11992822857079366	-0.037130178564986405	-0.2091159251131395	-0.13131112577185	-0.2645655956141549	0.17306994683400848	0.006517844639290915	-0.021653665137190102	-0.6934804254299674	0.018909326646294616	0.3367217474882542	-0.1708549240851213	0.41506057021575393	0.05114341115904123	-0.15000227361585805	-0.32305840142519865	-0.20333134680581305	-0.08083166111985964	-0.11904218856421726	0.1012704966965024	0.009898791219140984	0.26406619265818154	-0.006870906414102969	-0.02293289516097755	0.08419817922252343	-0.405155773209804	0.2468337086230899	-0.010639711341209569	0.407870400163744	0.14737545989990308	0.24335222772282478	0.252914871010348	-0.6102377855680696	-0.996539080514176	0.2356584331531844	-0.6670827965567976	-1.0929940321787193	0.68530485024337	-1.3258491777183405	-1.0071474329362111	0.12439724974468805	-0.36297400042155475	0.034198224018682055	-0.7087932262264542	0.07082150531660847	0.5196628896003592	-0.3757506631756609	-0.148970840637031	0.010393245713370202	0.15151403342428474
DTXSID3032416	1.369143177004355	-0.23608563440521613	-0.5415159241248505	0.5647654104089325	0.6733476970021335	-1.1854300376859928	6.094109228408432	0.557793052025701	-0.1368443220168126	1.5112976294912737	-0.1337337327753499	-0.42485614085532947	1.3756045280576004	1.0082551338953998	1.2402679600111408	0.7465005104898312	-0.5601831962912334	0.294242740108253	-1.296976143830806	-0.30273433990574683	-0.38226863784109794	0.47901202855676867	-0.8991073232642639	-1.8703589220952446	1.2904878096820507	0.9403250737974324	0.2161495024658212	0.3134558327026251	-0.8821033656807709	1.4611501875267672	0.5153906940641327	-1.226732013384438	-0.2661989241962319	-1.3759539565907102	-0.875591876545032	1.6710504307961902	-0.9887726517874958	-2.0403980577913563	-0.37704534840873305	-1.4412570893074863	0.6604264199680786	2.2618149078873855	0.33673016402322536	0.05615751503237163	0.49009994518938604	2.375933895142889	-0.0719348110956995	0.3050108130746074	-0.05596703162711128	0.3032888875637245	-0.11060335132093432	0.48440935516846667	0.6533039403765979	0.9366668935767066	-0.12076141327503666	-0.9143942124308281	-0.5574486284154204	0.25915436216953996	-1.4725703718287955	1.4641865394903069	-1.457644039771825	0.7469336669862772	0.2649935561175684	-0.10433947960398904	-1.0168497993951564	0.7969965727413281	-2.1424745937126115	-0.7928308867246111	0.7193717239167933	1.7732015183260932	-0.7392997944761636	-1.065043806913969	-1.3969945012980227	1.928816889614521	-2.020112669419955	-0.11113626464643518	1.0020716442980553	1.050520456335279	-0.3502579731534749	0.5576545729435901	1.1430350796214752	0.18521724359902916	0.27111278396117006	-0.08845605807624944	0.5106675403996456	0.36892367269239407	0.07688559072426415	0.07290779500800615	0.791651853012669	1.2821857858509524	0.6834967786282595	-0.7044241582894046	0.15285815919660398	-0.09726727707225527	0.07185280106245552	0.8636603965831848	-0.3189180662852045	-0.6858550566591928	-0.4069808522207965	0.5484962107843859
DTXSID9045895	20.126043575040505	-1.237296381802552	2.497326655674898	0.13411435599084337	0.6639353527429445	-1.98148649806701	-3.2917295656218326	-2.422632769002879	-4.148278373067177	-1.0015262860796017	-1.7084918485938982	-0.8570424424209889	2.3037820574666217	0.2805721015114178	2.3237646290926124	-0.8142352888268082	0.1192835082404556	0.07244849024237411	0.20719650490393723	-0.5388496610025798	-0.2548636559548356	-1.110210781875453	1.7579032631136489	-0.018494639663569373	-0.08304530171998385	-0.16781173681137437	-0.5381465626837901	-3.4671387743299147	0.28446159290916095	0.5699304197758674	-0.44446359344566555	0.0650998888604379	0.3259626103832046	0.15377217359820927	1.3576937372194806	4.280254204812864	-0.11625857319238203	2.1218524906694944	-2.0878432760918324	0.14785386298759937	0.30661276156505707	-0.8499176964315592	0.7697330146677492	-1.6976300874330064	-1.434488743924939	0.27896418199454576	-1.4830933608654535	1.2181504597340687	-0.6366122926148559	0.4064165070222713	0.0623954523264234	0.8214500582761374	0.23431527510939332	0.47388539958624587	0.1019970604944227	1.779559624209898	-0.15926259280075958	1.648727854657614	-0.007010432764296368	0.08458592228267953	1.158325111726608	1.5646327833109992	0.03985435514693001	-1.314419781632072	0.48962667200546717	-1.310754015689504	0.005892087695698978	1.1524085988702057	-0.12850544818336104	1.842447621438253	-1.6411002227591103	-0.8184251053895901	-0.6324684902552287	0.3251158278593164	3.380734082184814	-0.0972517861385744	0.8211525705069499	0.9250181768819469	0.09274109877072068	-1.9305723141637037	-0.0018861982654326875	-1.2274576843802063	-1.4363931105100605	0.29512947256488126	0.6159526201890259	-0.01528476749036594	-1.3230690704848422	-1.1929691409847567	-0.6829927492801656	-0.08815093410924939	-1.0467939902926697	2.1208055922328466	0.013443430212858742	-1.7405528746352337	-1.3508321529181488	-1.3129526708831953	0.17007164099507938	-0.31968268766613506	-0.615199169893944	0.12487101010531113
DTXSID5024500	-2.096979112727688	-0.12885582078979887	-4.032565268025975	0.7075886525560282	-0.8495667988187537	0.7557401151319466	-2.379469892252029	-3.430609289613114	-1.1661171432997235	2.573528378519413	-3.99209610146996	-0.2542559780687994	3.036923769281482	0.7535240885921033	-0.4171724539365072	-2.0212208979626864	-1.023764728786203	-0.2605832593127867	0.2234540527622255	0.17306200212606845	0.9886783335817645	1.0068182027782004	1.094731862878751	-0.879241132965033	1.0457766674773934	0.9860815723126292	-0.45004436953614246	0.37772652028291787	-0.6416859025190434	-0.3255623288241935	0.7634606252763683	0.6836568681612074	0.14715692215563184	-0.04825751556744452	0.05007094935399189	-1.0271828243444256	-0.5385687857609157	0.35640805884279436	-0.05359398464515623	0.3415692355949112	-0.24829440936083563	0.2388859303332394	0.7747592499677498	-0.03834217669363773	0.4970219780341109	-0.6065322309188157	-0.1567407143316653	-0.4855912545597813	-0.41545473086940105	0.06847587131141558	-0.04545901554909261	-0.3766593052209434	0.3568360153428521	0.004636533761028367	-0.4834713497038126	0.1526918597242258	0.5333031650317716	-0.350479395282828	0.044733776382806144	-0.0270794705370479	0.62054012080625	0.1413065825259384	-0.2418146247637723	0.5283950336797414	0.7178915737531582	-0.019682289381500562	0.6054381460256931	-0.6919046993193653	0.4923931637801714	-0.749388868064373	0.017787527769884025	-0.5814708358319552	-0.12182456768408174	-0.5579343347219474	-0.42391667002306654	-0.9535357800915336	0.18805428882363306	0.5337701383595365	-0.33640847860906653	0.4106976306056434	-1.3563434320709933	-0.4695213674735423	0.3025059036617764	0.26395595317999787	0.7590072324482602	-0.23420271970759213	0.03705612510766569	0.6258938763759624	-0.051149167692098776	0.6919324994110002	-1.2116047962637877	-0.9530433519300198	0.5070909240116367	-0.9838842177652001	-0.7492650297234514	-0.023935629802661628	-0.2907427389991025	0.2470853920030517	-0.3809659466622096	-0.12957488840899734
DTXSID3052060	-4.6279521864163184	-3.5794547572897626	-0.03865261591899229	-0.720522603234362	0.4468502139156182	-1.475333708591154	-1.1339037346590386	0.48748595633679165	-0.7348488728369399	-2.0296158108698683	-1.0321006548768068	0.6520107053368197	-1.3555165364443347	3.287905491750316	0.2968349257579871	-0.18949656957246028	-0.504724762466964	-0.27883954232976976	1.1874352048080148	-0.4806548093232614	0.685469506925605	-0.33706062579452983	-1.277061718296632	0.40318977584964955	-0.20124987551585063	-0.7092549465906626	0.5794162792020852	1.3808903625076114	-0.2624932929025535	0.6635756169103365	0.4987829856479806	-0.05194818464742021	1.7267991075089457	0.4613430782421714	-0.06273486377126625	0.3027484333127199	-0.5556842112737186	-0.84025557016933	1.0845165280114972	0.5375410568648231	-0.9316445085902719	0.5716619260065038	-0.4693846819710267	1.208571346406171	-1.447915733646018	-0.3326518356382759	0.21973882793734922	-1.1181070197252272	-0.24699287550057156	-0.79515185934079	0.2596758053859894	-0.042965276464015066	-0.621813610963327	0.15431451441013858	0.9856108377253578	-1.4017344329327903	-0.1666206738306215	0.29204377325580533	0.299161215582159	-0.8859218408155951	0.638810137541245	0.9565933647584703	-0.2832718083224508	-1.2888895220813772	-0.3049464823761916	-0.08318936760406993	0.7549146421162687	-0.42001765997140494	1.6958038223517935	-0.3220534125944823	-1.083453926273233	-0.1071626008440301	0.24298597965554228	-0.39851441785877795	-0.2904973109890845	-0.47859684728755514	0.24145968466616988	-0.6830635826981736	-0.3816605679199114	-0.0659113596182897	0.057944148648390065	-0.20812013111618072	-0.03800055374722094	0.18545635931927837	0.23177790331599907	-0.06024108815875566	-0.07115970052689162	0.4066390661705109	-0.5672345114688817	0.5429321480160371	0.3950951792007704	0.7852350848944849	0.34817458777962373	-0.32348904101174364	0.5970837140545542	-0.197042745730603	0.380819322636807	0.14643278830190198	-0.4227459673640646	0.2516616505301896
DTXSID5045960	1.9147452946539893	2.940106756417937	-1.3283412164008936	3.365422656281169	0.5866526194152004	1.7109737647748708	-6.333752757249184	-4.662815377682908	-2.974177265763686	-2.5190050497040866	-6.163354441368643	-0.9827463013393751	7.261472266275888	0.20884758233205733	-1.3364640524733777	0.29220558761353854	-4.789269583559945	-0.754046373828839	-2.536234801897132	3.1523704378531363	1.3745677313595361	1.9776249145704197	0.5205555515223149	-1.6164612098864397	1.589932771070284	1.0929459401671269	1.3560512662972353	0.4712419181096671	-0.7375634558676508	-0.00570855025576926	9.592478697385404e-05	0.3070831180386324	-0.11119878378661689	0.7361099441351417	-0.533326560478297	-0.7465219135940969	-1.6814847819307417	0.5757428840205615	-0.06118136002012698	-0.14118876096405228	-0.02567424176249598	-0.09712898089046189	-0.003851002448108405	-0.4027098874563612	0.3434866372740912	0.10362836659679188	0.5711749156854252	0.09777282983362619	-0.3211979192358759	0.2734823563358233	0.020611521036209102	0.06861260790439583	0.1702596405822967	0.3031981539259096	0.3884620992610386	0.12435700172236916	0.31787519075657794	0.30263953502593105	-0.4790426956919904	-0.8359241139984085	0.2605899005843224	-0.18067802882769138	0.07890642417743478	0.6146895329352559	0.6687296870255848	-0.5231017820440605	0.18852160729732353	-0.09878587975850824	0.9687646014944052	-0.07955477125664706	-1.1025609976899704	-0.8953669776323626	0.9659912856544729	-0.9053205768051261	-0.19836009014425865	0.26499999279029623	0.7027785580410264	0.5378916954986198	-0.21654817172585844	1.2502779111804219	1.9248805520404997	-0.599868673294325	0.19619495282974259	-0.45300251530263835	-0.21476920085902637	0.7034735088541901	1.5624752507508055	0.5548741184658239	0.5824582444383111	-0.9282435706058814	-0.21756475309141532	-0.6357779212102241	0.6003221607741682	-0.6640437480803749	0.6923918403335928	-0.13331272377434247	-1.1650909343441034	-0.34333803661698253	0.7530601103966256	-0.33387332387280866
DTXSID1025065	59.93685401423081	-23.458325011109604	-10.035785385016858	10.992479624786824	-14.470154776786705	0.33286221818104983	-4.178161283872051	-1.9907690570393977	3.3478921660887244	2.771680453929913	1.8481020705100748	3.261164424801799	1.4409978442205789	-1.6053662101226986	-2.434010706155531	2.6958423999234316	2.042251216801266	4.0919959356318	-1.8598931237824003	-8.46734251658996	0.774281555232097	-4.6897369295792	-1.0568069394770294	0.9721546355692835	-1.5132342337243994	-3.195169714932571	-6.762959341780391	1.5310944228754702	-0.8951735171637099	0.02830570237091455	4.812947736289411	0.7108091643966205	2.0354622197598693	0.4659434401645058	5.896037307872034	0.696869868001215	0.05492833417814362	3.134612260198883	0.541250113813531	0.49191571043342336	-3.707043724280354	0.5864497022808918	0.6212010368917356	2.808344011706921	-0.7898079175247087	-0.038686042321936114	-1.4825766353177137	-1.9911065410967719	-0.8574708683367483	-1.1425756569839054	0.36895880504219075	2.751450675858184	1.2988347422912623	1.0085840354221114	-2.5764392033838983	3.021054453842197	4.160157128885534	2.9824704554805557	-0.6836026657514935	1.7928499451633022	-0.7788172507329886	0.28531771597495253	0.43845649651310065	1.1883040099267639	-0.587221205212504	5.370014221830997	1.112372739956519	0.5579712588536874	-0.8145433513132214	0.31268387692287436	-1.4152610924479858	0.8679675972786246	3.3380811428249615	0.0015169325597610079	-3.3092110931461143	1.1963759772196358	1.4469058876115053	-3.133984734889543	-0.26391906725790504	-0.6239306002077549	4.303494359164726	-1.7715991519181777	-2.7527531555363303	-0.36348629950192635	-2.368975600362579	2.325338559360895	-1.1640044488652241	0.21309986216203441	2.582913149864146	-3.5201956495325835	-1.290944682261163	0.9314049922817312	-4.7513047539057	2.2019867799948307	-2.0660349292826683	-2.1668984944582914	1.200149639958949	0.22681748095890686	1.7612812086503673	-0.8948759258135325
DTXSID1045322	-1.1171229939983738	0.19158944672895056	-1.496037700806714	1.243593409464377	-2.4317652039431654	-0.3328504602949838	-1.913109677083816	-1.130630229095003	-1.5828837158841151	-0.11477846237905061	-3.7665996983408427	-0.4444639860864522	4.392753808322021	0.7459677838397172	1.727353327707902	0.6209264734737792	-1.6850413800929331	0.5839012084989148	-0.9110838441921225	-0.9759962502281528	0.4944714403203223	0.04858091675540504	2.081767384044443	0.25389764460819203	-0.6568442642523085	1.304849962621447	1.0177540278416222	0.7235435787042538	-0.01313993469743726	-1.8001107703452737	-1.2130199862007895	-0.01440478664412317	0.5481594135867034	0.2268944609663322	-0.4337271092105429	-0.5574915850940991	-1.7364949044797273	0.6507341301491459	-1.5903805190984095	0.8385210959781644	1.1302431091163812	0.891993899794651	0.5832536480959549	-0.3914079258860453	-0.07194780976514405	0.55205682194505	0.13594863575199537	-0.2909143679631411	0.0677134627133633	-0.3447804615086917	-0.18658392066566018	-0.5501099230838669	0.6723886141092322	0.4092058389576125	-0.4509196878212602	0.3750395263864031	0.6267827507315488	1.6121515156106112	-1.3122138251461966	-0.6769584377129564	-0.027206332497888088	-0.9551676567471926	-0.15312539351669113	0.15521474316969383	-0.09583623283687817	-0.2576639466422288	-0.6271528503833576	-0.810373920421795	-0.01072144932253691	-0.41232194967874186	1.1968807244581166	0.3530345049142086	-0.385683097917585	-1.498780784566515	0.47554980376790035	-0.17880535101180586	0.6029023520766582	-1.0753076905316106	-0.2338746060087643	-0.3294718040867064	0.27645196775659786	0.06603758364890881	-0.7070374532801567	0.7437611106202467	0.45943992201500694	0.7781503633908482	0.7819053745079532	0.49999780374968567	-0.5834352733822527	0.6650674039201739	0.884539924511731	-0.34749853486351834	-0.06851842225373933	-0.3132645901968472	0.16708551520733483	0.18676032041706264	-0.34467151833860227	0.20465690349117016	-0.12817724924660787	-0.2522820477225183
DTXSID1023497	1.4546180885156188	2.0994907292442204	-1.0262102240544324	2.8948060735881356	0.33463962802514086	-1.0020773533350396	0.4047198107076777	-0.6962165117569714	-1.8567173414172045	-2.8165434436269514	1.9520026251372984	-1.2531377627324924	1.6906771202203998	0.9662344508502283	2.1016668214794363	-1.7673969130956955	1.1274868248150323	0.7217395931073799	0.5264202661236673	0.6682398674866159	-1.4782260422437017	-0.1954065175112434	0.30225673365808103	0.6341633543469113	1.543513624284687	-0.2784689488665174	0.6903926483130152	-0.9871771657210314	0.5810259637074778	-0.2749079571635263	1.0029042914214732	-1.4383812338923612	-0.3967358599420973	0.32967291682961336	0.6664959579589291	-1.8334984998176789	1.250222803175559	-0.0864893821940761	-0.4998107876357371	0.024819936969483942	0.8810056641642712	0.32435761115769496	0.13202346401596807	0.7990556115850828	-0.5759673822567841	-0.018438690394016532	0.032886875174177314	-0.5291714127676288	0.21849625522778615	0.38456203111901077	0.2835700810985725	-0.5745352274430909	0.11657539689740404	-0.4234327493225629	-0.32963881804774664	-0.7862097240271964	0.9789038419432863	-1.0751469269142944	0.3537267912313891	0.10094712795913881	-1.0410791684336411	-0.1476310082302958	0.10150865855584802	-1.2141633876372318	-0.28047198488526454	0.7435533981840989	-0.9909520058680998	0.02840023584889039	-0.8874495358771264	-0.04601409121441879	1.0498841272811155	-0.4659553945355849	-0.27013840238736614	0.4387244174354955	0.03559621116334527	0.23065057237184802	-0.8469549977805825	-0.38718511621369683	-0.5893905208599939	-0.936115672524187	-0.7411779011690531	-0.339882007380016	-0.20855634373062976	0.5666558960715753	0.013878563751580279	0.4511654457020668	0.5427754392988178	0.9570469156375975	0.18755467402637369	-0.952020143155395	-0.25279998077274846	-0.7414994235796827	-0.744262001254206	-0.05762214835630948	-0.9168946671734715	0.42537323995133974	-1.1626780989024452	0.04567151305041449	0.7970903838473279	0.11335180648707521
DTXSID4020957	-3.374628864296284	-0.10281802389454985	-4.0899240575572	2.1032022216178556	1.1557396279667558	-0.37719031329603436	-0.6107446755159831	-1.8585595551377516	0.007498611080069354	5.9161805828912195	0.764230499030257	3.710669775842491	-1.4835202169831072	1.4220096336866033	-1.2291154595630682	-3.03574522522382	-1.182135046541502	-0.8220930809904459	0.9303620050515573	0.5303619507439988	-0.44889700837444724	0.7128968568359376	0.7182813189819801	-0.40718518942342224	-0.37960634744185134	-0.11417504806655128	0.0508229440448639	-0.8118776014949429	-0.6146982911448697	0.8121125716714805	0.03719864551242847	0.3120921443511141	0.8094003657676715	-0.2531630063350441	-0.7440413938208926	-0.40012964523425193	0.07426256221026778	0.25593353757353765	-0.23239515968755783	0.17096340725370063	-0.0712476206666534	0.20130021128263847	0.6734897690204183	-0.0638958841630589	0.40137991830852987	-0.24174209745891534	0.44483070576465433	0.14516658613631037	-0.29890853540733914	-0.3183525236639647	-0.2573326856805234	-0.047376138777385175	0.03406363732559507	-0.08017021316429733	-0.42651103448245126	0.392284544456781	-0.059763516502576816	-0.3851021348627354	-0.4716904571279777	-0.11207304276396643	0.6154606910021867	-0.4942937004409386	-0.1505841347684889	0.13593651005875626	0.6870076548143327	-0.01754460795884689	-0.08963960128452952	-0.054855366999738406	0.2680486464463269	0.21897148284697965	-0.030794747707161896	-0.3209384683176234	0.1722222548718549	-0.419251556220075	-0.6069511563783411	-0.41921420353023364	-0.6586533233570032	0.28032489308208675	0.008560201079183252	0.1998789722341975	0.4605793403257104	0.16274512918219708	-0.08314650997794058	-0.7366807177506133	0.5649194717933665	-0.4965941642036978	-1.2366117749200094	0.2906517293695709	-1.567817400505368	-1.0925174315689437	0.07916913152977165	-0.48084220726447585	-0.19329110679910763	-0.6508500387918419	-0.24721089986192832	0.4712139132615983	0.14634135268937407	-0.0704660749273961	0.3692704445774079	0.7074475540074994
DTXSID3049257	-2.2117493515267594	-0.6357834227260153	0.5031960429449645	-0.4525834119736644	-0.531899769251942	-0.7418729005215792	2.662323348703844	-2.173660024063476	-0.8015929773330446	-0.8983769217253883	-0.40073950993463187	-1.2449088661668244	-0.8498493911340066	-1.435163700848736	0.7533122404439395	-0.24560713493453218	-0.19677736400112747	-0.6251068207165591	-1.1213469670686618	0.23933218741906917	-1.7605231801258703	-1.4522398222044566	2.003811835984783	0.2663830134682996	0.7802297600845646	-2.769226106413191	0.5457185145743649	-0.7259415458874744	0.5561399002616563	0.2071308899050859	0.5831283187760203	-0.3502728269077191	1.5483703327316378	0.4431769237961518	0.8212866883059442	-0.22420978176238454	-0.2938515276831539	0.7636474496443354	-0.4899479461930124	0.0743803535245859	0.004274608149590256	-0.8517741138507019	0.976516727085264	0.7418675114301034	-1.3079744803501012	0.31063573903630487	0.6130006977203902	0.03341595537986429	0.7837968903656296	0.8141648169216744	0.38074031767683725	-0.02372700695954602	0.3982875694888838	-0.2925933364292289	0.32630197406414474	0.17580322335501486	0.33970879946437316	-0.7467514583960982	0.0828506227142951	-0.7717801646597173	-0.24639443519634158	-0.4552578069645829	0.5030463439586238	-0.9067553820089634	0.15806945380745452	0.016098499569236237	0.030714769958854596	1.6373289217670628	0.051529788357188126	0.7614644377140677	-0.4230201160076409	0.3101676518708173	-0.28738097140085167	-0.2496941031830434	-0.02787700693936114	0.4149921844488665	0.3587157505642851	0.519860854816153	-0.4600729425664754	0.41472060119015197	1.0590888148400226	-0.07855464474043164	0.31259191083562254	0.23019516315927593	-0.5820448369757899	-0.443691564935364	0.7850775816132071	-0.11959238777665636	0.2541111042039998	-0.3933720088552147	-0.8383836202633542	0.5142082467248494	0.1935460264720939	0.1253128413390974	0.04765342552373765	1.0850789393548306	0.46061141723795096	-0.09754912590393051	-0.015587474259049423	0.6535501659841169
DTXSID6041397	-1.7149871722377954	-0.5805523038597744	4.443292055794833	1.211004495601937	1.6075053737483833	0.30361160406263393	-0.23434359775678726	-0.9366093204102763	-0.08729097131484928	-0.06731986527427322	0.18876435707772918	-0.5531022775524026	-0.18668108990259819	0.37259618250881593	-0.5389965183668198	0.44678393420562207	0.4103845403375454	0.1766545946199991	-1.110900247052272	-0.3722023276644699	-0.19345786933869594	-0.7052023531247209	2.2541068711124983	0.16561862637565108	0.1441568115564315	-0.42204899928729733	0.8519760875049314	-0.6988522053751137	-0.21960111734253904	0.4120347476588289	-0.019702097200896468	0.7644308220441209	1.2837236380923147	0.10942309116837678	-1.8086565264049839	-0.6670696062828129	0.8858481798525492	-1.6595125178318346	-0.858983151100731	-0.6016182112700965	0.39972193568155395	-0.6787114656526001	0.2563674787453052	0.1113433386862836	0.5213130579005971	-1.1602005836969986	-0.6930041506206966	-0.3758028540139881	0.03135713987314763	0.3210218087139889	-0.08184073766357589	-0.8545085865218004	0.270780946579866	-0.03404763039799137	0.34414561289684037	0.6882993105118982	0.49358159934445356	-0.2842160934760466	0.6219151727762758	0.6688561379286393	-0.6897774452934742	0.4120735592197419	-0.09110826054042791	1.4439683228391558	-1.1935902963756395	0.18120875136914746	1.4433103807877754	-1.48596899467127	0.577016810698606	-0.4687243248091126	-0.2989534098709232	-0.6790211905952483	0.03019760522600647	0.5322284188169157	1.548346429753907	-1.0797787861709778	0.5579040146180931	0.04973740728910812	0.3857818555207218	0.24583726889989227	0.4007733488841106	0.27921783108968273	-0.41705849833585923	-0.3961921433605605	-0.32550003008291195	0.20146117540664085	0.6646898745966705	0.23583487934989017	0.5060665454956127	-0.6667429385583054	0.592216741629942	-0.08299590698623394	0.3091577404240135	0.07580739618987954	-0.15067521550179033	0.05080571338979424	0.2056957876946214	0.27832989140185843	-0.013968139756033495	-0.4537316149112083
DTXSID2022676	-1.932769022831546	-3.7053131943718713	-1.6704722480076366	-0.8338199666596537	0.44541692595912113	-2.177263528875439	-0.6686563116035023	1.5319292008678287	1.1838247687044847	1.3461855844304476	-1.499813209624065	-1.0729131713541684	-1.3623923077533346	1.7678802753959162	2.952747430871993	-0.4765783811439802	-1.8850919893097584	-0.48178169356335987	0.020966894410904297	0.5382121531454171	-0.3883257547935383	-1.1142007229330697	0.875804490672541	2.0394073308416028	-4.342006493980968	-0.18885728819263592	-0.4450767273990741	0.06512374846648343	-1.815089654542626	-1.5992051172792228	-1.372513665617997	0.5910623950491297	-1.2986389677488925	4.650595397460391	0.768737576017526	-2.869740616555792	-3.4065648204229664	-0.39075694180940934	-0.027917826437331077	0.32387819044158694	0.5827911351840608	-1.4276326507854544	-0.027408868761912238	-1.0893717212945109	-0.5531370746228569	-0.48928167248846954	-1.3955494533339867	0.9142363405758754	0.7634473005591877	0.7872641593595965	0.4517256994271218	0.5537713528460952	1.0595745912551031	-0.1084266863016728	-0.1203929652982278	1.5851734072515697	0.241126174425543	1.753493181172797	1.2470545315789472	-1.084058379218747	0.37998133400090184	-0.60303461108423	1.4324197881783118	-0.7895949069700066	-0.044822679455755764	1.4734912996632827	-1.961241600299399	-2.194487765522184	-0.5378875791508839	0.4804922722466808	-0.35209522825109774	0.47546031303352615	-0.16472708523282956	0.8290537545453004	0.3526139850818165	0.41110872217509	1.11251338809612	-0.3502133292957987	-1.7850946943834103	0.2548220770704495	-1.194679413017797	0.48759840363383883	-0.48447256306991343	-1.6838934595874417	0.6584227142768481	-1.785718495483788	2.0081240840365338	-1.034353947785676	-0.3294387570039845	0.03467089039565007	0.8548679704404705	-0.2364057119131537	-1.3310035827781035	0.7542131296077632	-0.23118212806348518	0.2697506191327905	0.3854418878315685	0.06684635685534895	0.41047757788176986	-0.024674768654242587
DTXSID6024911	-3.5539816255558243	-1.189638612568027	3.318544447940812	-1.365325361346864	0.7013473288656867	-1.5393785919960108	-0.6535808293435006	-1.0043232849839951	0.2965080879215695	-0.6774829150287206	0.14922074056397985	0.17491437399675655	0.6812977721443167	-0.7890878521685446	-1.887120325232678	-0.13117765409568258	0.38152533514185855	-0.944808895874999	-0.5201340638902271	-0.2797355455157269	-0.47900998443306536	-0.16074436242648044	2.6426401071218497	0.27746814915700607	-0.6603233581464045	-0.03205097893657075	0.7250238488764758	0.5330329634818708	-0.022907305293475594	0.0919813586765293	0.5975521109283628	0.676386654174846	0.8925914077717512	-0.27729264871645243	-1.2573420326324194	-1.2880580593907973	2.040880494288804	-2.2707543865608684	0.23727356316894602	-0.0697571554274689	-1.4347888938927427	0.2481935824650326	0.8377514373356861	2.325841061820358	2.8531527732914097	-0.8558218393113561	-2.172481453549295	1.213103471028041	1.0194338857788117	-0.6642792325696333	-0.23153499657329754	0.7073441942263833	-1.3183973692692816	0.146724296223156	0.067593117694531	-0.07187756613739299	-1.7254380359409331	0.8339464579234954	0.47633553593063543	-0.036970279163815276	-0.8647513786316152	-0.2636438912997931	0.03225126427319828	0.7110186938766799	0.4536009987184931	0.36587960025527255	-0.23060711899945927	0.026973510581744468	0.07289068322625475	-0.7650513289399703	-0.3995899389716961	0.2530497406172493	-0.5231874370562762	0.27995858972555115	1.0880882458338936	-0.03639035427129076	0.2017464840874351	-0.20073706121904455	-0.004332931623870189	-0.043674242251826874	-0.29537836427713143	0.7620244065277844	-0.3298238529337437	0.45038168434894776	0.023565853217566057	-0.10420050504983354	-0.2589481149517932	0.1413256494821555	0.3961026838247816	-0.12853340709220448	0.09217306485041372	-0.4551857415561393	-0.30921056043607825	-0.33554540564282453	-0.2752862191242227	-0.061676069261046705	0.20825053232867388	0.28819534287747345	0.11862409996886342	-0.13271324272346266
DTXSID3020469	2.3099434748974645	3.7280651483878247	-0.834092508810329	3.0348475656001948	3.26774773833995	-1.0885283806835997	-1.1604432811137209	2.25682203478443	3.48455690360902	-1.2479049770004753	-0.34220511566267037	-0.20079876596867188	-0.9719587953680231	-1.179785701381429	-0.3831230891615125	0.1337829946240201	0.04973797084238825	-0.03744010475147189	-0.03334410853291651	0.7217147122379348	0.4027824356406608	0.6351241366043882	-1.2610660472482074	-0.34888443239797035	1.6092619407925537	0.7701320932753358	-0.40493230496631016	1.2412554576315902	1.1092169639388234	-1.212915495584228	0.19873651745059412	-0.7311888168791454	-3.1508668218969462	-0.3660351900394967	2.1365643331334536	-1.374426959987569	-0.38524857049148464	-1.4844774301731913	-1.8427340259106064	0.6627090237918767	-2.8418830047826136	-1.1126020832974932	-0.6333183675482184	-1.1186778107657207	-1.0315116344747433	-0.12863654711367573	-1.7703546936515062	-1.169083074351466	0.17385964828604036	-0.004603322558285534	-0.20442649671713142	-3.2721293752230065	-1.7374684467723225	0.13460300590464183	1.6751892159248893	1.3066457159419878	-1.7687402273964232	0.8325387434435777	-1.7874615543430539	1.9619307078407109	1.6271984305015275	-0.16582564049116325	-1.9380230468252835	0.17479634526338408	0.326532481847127	-1.3666460122174204	0.7650892836970973	0.6731507381467248	0.22062113658264323	0.0007931165343339337	-0.6696854828453113	-0.3637996731035134	-0.6585360202787692	0.3040959536471249	1.0500343815611404	0.21227147259874857	1.4088094500687458	1.623051038151502	0.2604525552716079	0.3279347485937476	-0.2889603077244928	-0.5518049618784006	-0.2625583132829316	-0.8291317467476723	-0.20076892749600445	0.1310108006569933	0.9260179284553689	0.24015039075872618	-0.003793998443767172	0.2409245380156528	-0.43996305964025717	1.1754449999414243	-1.0350874802812746	-0.1625934355881913	-0.40695699477801833	1.0244566424651473	-0.5664436705757246	0.531622438707355	1.3462745030320575	0.6225343509663198
DTXSID3047188	-1.9703052314024478	-2.613260808650077	3.5040100769589326	-0.34151304916184855	0.8841327596117278	-0.483944936974625	-0.07962145085704013	-0.33534639751569983	-0.06671200489844509	-0.5388238638155421	-0.44155232601484384	0.21023431959990516	-0.17086619514558007	0.419488096451352	-0.36753264386147755	-0.9045038539918516	0.23270460324298597	-0.5486767659831325	0.6622308642352838	-0.04123170196614146	0.4626461215599123	0.18879320594233015	0.11781972808662755	0.09161475344545489	-0.08013822583735827	0.00023296260982927768	-0.24149410604966087	0.5634138005918734	0.038217294271025465	-0.14391299454458967	0.18417974765571496	-0.5095688871932916	-0.15266500292999793	-0.6921167585185691	0.14114023711789855	-0.07707795898139923	-0.43991487837379967	0.24153572147429633	0.32190476604546725	0.5677412136855263	-0.07461188959139571	0.3235073299791354	-0.20000976092729153	0.1923232420834727	-0.24616318850144026	-0.06355563828358915	0.2706961225220076	-0.3123014195473905	0.1044295349533516	-0.049564810758858	0.12869578479434857	0.0785322312292453	0.07037430955319905	-0.14003373898477975	-0.14086853485219622	-0.390981314766077	-0.09446805890886628	-0.03672513093331743	0.044818778128075394	-0.16540579603496067	0.26946774315774286	-0.06442489462396195	-0.0405410061077267	-0.20412585539688613	0.26479871125069	-0.18245478780920527	0.08195995859282276	-0.362730533579799	0.03279920930538736	-0.2818204975441253	0.23630717509617635	0.05471627601477406	-0.08781320535455002	0.12006095046653	-1.1886913852788776	0.18861840408768898	0.01948264515529046	0.571008708903873	0.3786174930796399	-0.013461891616001604	0.10110812942303002	0.17568538833033076	0.4351501988180005	0.061997389439904314	-0.11699871576339112	0.24356900419116775	-0.08081638915778473	-0.5015451159170843	0.15837874167418037	-0.27078406091691454	0.6367971459682366	-0.32267574336204874	0.16707638739056563	0.32446038927516707	-0.036548368959443946	-0.04994509919134235	-0.09122276246501665	-0.0769963965261589	-0.5153092649798416	0.1178347964019977
DTXSID4021971	-4.502209358686676	0.33120897860827986	-1.5362396238635938	0.9923137222437504	1.67054589913185	1.7562640622785834	-1.064170566173548	-0.7124720246039159	-0.5496193257712528	0.07660302293455071	0.7587872086537659	7.116555514534821	-0.7655946898223038	-1.825395896129551	0.3140215263040311	-1.08926424685867	-0.6862669914762465	-0.031822005187435824	0.12947888805082483	-0.6405562143692525	0.1862219350413674	-0.13342826549833223	0.5047395081844908	0.6594206473113539	-0.4010418425070314	-0.3790651900308687	0.6771178366646812	-0.7067066166512346	0.21116268829364893	0.15473527397677783	-0.03278951073821454	-0.36657551223365326	-0.009981028930548865	-0.28455973255403344	-0.7890574658522422	-0.41375053683532886	0.07903990308390807	0.2219916871752058	-0.07056640105533879	-0.02334182952042229	0.05127309692686329	0.31071541085830684	-0.2456452690650815	0.2794904537241298	-0.5768947843419359	0.1635708661662798	0.26997308300216916	-0.06827873436114892	0.033634303641614315	0.36731132216898144	-0.050475509807070246	0.16968818578197437	-0.15366998172108523	0.12765397825503666	-0.03199829586038079	-0.3815185887076349	0.1338970898425459	-0.11320537579454498	-0.4949650596800598	-0.11094240994009524	0.29535537728080136	-0.313334150212119	-0.018020406787437077	0.32053792738023534	-0.1788318373532944	-0.09030471653714606	0.026128362521900796	-0.3986969685548566	-0.5207928323131565	0.044751026846235324	0.06238327702409597	-0.19633015040724922	-0.028359143164731728	0.022180203735121362	0.10189709981453399	0.4115568285620619	0.26228071481169263	-0.37187990513033703	-0.19702895486429375	-0.6200380780863126	0.362012866824279	-0.3486385641669674	0.41619380753557	0.5749633268854274	-0.4529693578205629	0.3727770078548659	0.7969692705245136	-0.565246739814627	1.0345019744769672	1.0668849247526409	-0.5843178501891602	0.3871210226711068	0.05702542881889089	0.33827917177386413	0.06607541816988428	-0.6773746545317104	0.21426406161427253	0.14281130653187588	-0.15888161293302516	-0.2799386775751978
DTXSID0023616	2.4110085624565607	2.405397902321819	-4.835859021427443	0.7271901385837868	0.9862548139227557	-1.3062044708068061	3.5032067282190433	-1.6500091103082168	-0.09363075152607768	2.1721527297823955	-1.2851647396505081	-0.03280672651967154	-0.7407691326192347	2.5218269424256654	-0.29597603421338675	-2.615069412050774	1.133199809098389	0.7709230699738309	-0.597358664136195	0.24186302513693883	1.4280682013054964	-0.5572661426625135	-2.1796803515302616	0.6211889211830331	1.4755950928913073	-0.4626907711779492	1.3353938844562474	0.4442608727349714	-0.36469391187541017	0.9371700651283108	0.31008326027504174	-0.1921198687259596	1.9341278747258455	-0.29062007856419936	0.5950297298706116	-0.2597236103972702	-0.7329386054529873	-1.0661439231061216	0.17072162960949075	-0.35959843914139555	0.6586636771065068	1.542669909521611	0.043444261787455196	0.1378114086797118	-0.22989022524342334	-0.04226941362246765	-0.6738720475003814	-0.2453547504984382	-0.621455480063999	-1.3157021743544517	-0.12649889760430885	-0.6750282534215789	-0.07353389220728104	0.48347363732969556	-0.1935699888175913	-1.0490971194277368	0.06900373216600975	-0.16512767661588076	0.4135494420665378	-0.8254705627588619	-0.6424683540093554	-0.0005258307444288592	-0.5909673784841483	-0.4447481855037197	0.21754098768972552	-0.2767556245809149	-0.4148449848154317	0.8271020487306254	0.5190828928283402	-0.7932928150659492	0.3564550471034844	-0.33931135848367144	-0.04279806238484128	0.10372656978433797	-0.031529966252581476	0.04458156910149259	0.27516517390723566	1.1321422443876923	-0.009314637227601171	0.35360041538069353	-0.6448738460286123	0.934824024586004	-0.6882010007999579	-0.15074475422307554	0.6216181620125047	-0.4544353574414445	-0.18285084703533697	-0.6393269468635275	-0.45454412281436624	0.7258864781548982	-0.006796557050569346	0.612052138869147	0.007467862887564862	-0.38781970454540543	-0.7672598998209929	-0.3982587136700758	0.18876474054668596	-0.07804398036246402	0.28988376437419067	-0.08353829870064047
DTXSID1049308	-6.5373444288169775	-2.601510811369808	1.2691593584256702	0.36512556197093293	0.9087699352061878	-0.0506846019195109	-1.1725662160589876	-0.7566812367510762	0.10654958320835656	-0.9735874327419959	-0.4653394658391684	-0.12130081451248427	-0.06866495118852284	0.20221094331261338	-0.6701845929971587	0.11198694181805839	0.4195343869917452	-0.30924567822335625	-0.4382214864510042	-0.5211719996464299	-0.0730859212279491	-0.4464225074695528	2.2155968524127414	-0.132134133775498	-0.06466893586382289	-0.24559359458815805	-0.18875327874670392	0.13389312606785247	-0.1582534306402043	-0.20086569527826054	0.25392456333310587	0.6622287505319185	0.6954856844371701	-0.0817608830404314	-0.8688785269760502	-0.8631615269568507	2.1380718621534838	-1.7247932316014443	0.19695874689089707	0.14854341704620377	-1.5772618506756213	0.1494676840071331	0.5192417615245293	1.8746345521472192	2.5177520262526056	-0.38448522004431057	-2.2288589627001776	1.4544706102379423	1.0535919978765727	-0.6992739109712062	-0.29129256760022854	0.9315627967839069	-1.4310543892453658	0.003489829025999334	0.07107900017882912	-0.24442871649491424	-1.7928985034472473	1.0555211111832232	0.26776247250163376	-0.17296788434815463	-0.6864449979026055	-0.30030756185420027	0.45608330512761364	0.2604041314057948	0.6220780376801099	0.12262202928343645	-0.7488880982832931	0.31574979449234364	-0.26936862916065113	-0.4182773539829516	-0.15868454827090914	0.3709915374716528	-0.4152624700208277	0.1112461047527388	0.506960087677923	-0.03563994793247411	0.1241331444864604	-0.3694687840518152	0.22593380525080486	-0.6239767067985591	-0.627029199503909	0.18105124186774801	-0.3621514645144174	0.12646051713193587	0.2689518026873228	0.042986875077901526	-0.04600576167065045	-0.07094229890372757	0.19836349399184883	-0.16205365077957073	-0.1619790540998432	-0.5605589233117394	-0.17033458660712922	-0.19948002949093466	-0.13718874026932593	-0.23483600752690836	0.11583335146626102	-0.036260060421330356	0.014393101887724368	0.039880671258760936
DTXSID4025240	-6.4238117559629995	-3.816064442411789	0.5516007453066029	1.2577586238747533	-1.4233489292408472	0.353571142580455	0.3201231405044832	-0.05571261244668448	0.8928573511442541	-1.7876561092395118	-0.8277715932049997	0.2580331157644938	-0.9572685573443531	0.6215831750707583	1.2422251183335429	-1.2819289612917233	1.4076695641875998	-0.6087286992194001	1.9431440183196076	-0.00017694541654867678	0.14476390497067484	0.2747886535494716	1.0116419000390486	0.032396419649109	0.5784501219498861	1.2246839774136797	2.297409736408273	0.35022704097309565	0.5913233625042815	-0.5356238579268283	1.3049857372276592	1.9141537658118997	-0.4259045750203773	0.7174215207277489	-0.6211631015500859	-0.46788989951435744	0.11004424350902035	0.8656305283654183	-1.1002261278391248	-1.1749261656609136	-0.30511093150954155	-0.34501000663344955	0.8063965698696303	0.47716247198786244	0.16230104606775944	0.5196552504329685	0.7913227711720421	0.033726373918060125	-0.28603630700351085	0.1316040015870243	-0.02273857769495219	0.7073726110100325	0.06734709621240355	0.333132297004638	0.10521623432581656	0.22693319101938467	0.6339540824556227	-0.12454943204560764	-0.1414905042856763	0.21664103504225804	0.8710067588103234	-0.08232238107683955	0.5016661466935372	0.8948751600303301	0.30628413636266044	0.5682163153982134	0.09819353869589477	0.32152788760010836	-0.06185355279784281	-0.14677061376902348	-0.41060178771950373	0.8649251229674465	-0.7617079589277084	0.23537981292011115	-0.4118875746632369	-0.9787655255356884	0.18560543156918502	-0.1762321265832844	0.6848415930085109	-1.421462252826485	0.8343322799177515	-0.27525165054416156	-0.9255331525798429	-0.42634982225011503	-0.11359180150541154	-0.3525398700391586	0.44841105405048626	0.027476642993078365	-0.6320675410866088	0.40625922419459143	-0.5168023356231604	0.1962116374435522	0.35082198997731373	-0.4586107406658046	0.1811559838157143	-0.2896918460803026	-0.5290103662442673	-0.13495686221658384	-0.8753265835459616	-0.23475822712451616
DTXSID2025632	-3.6425649463029175	-0.11490661676519098	-2.1942583185332287	1.874713332547932	1.4361750459896336	0.11043405588916613	-0.5446569907150232	-2.216373463172567	0.06039849725305086	2.9437989553440786	0.38144580310282344	4.246228500586853	-0.9599208814263458	0.15193665874628692	-0.24647335849247937	-1.887217410725153	-0.2749153770480697	-0.30906515622650665	0.4836698558183407	-0.20482493106399782	-0.43091782454671873	0.006642345829139959	0.9427485607040104	0.07256428053977336	-0.14780143749176375	-0.4570759366270003	-0.07160287683323814	-0.8696161500781722	-0.3665423734386	0.5329479665552607	-0.44080184940979633	0.32635956060250604	0.9255116314381832	0.062341170365597165	-0.1530964584917327	0.25265153620409275	0.11215483411022105	0.3296824754923431	-0.22344171932775522	0.19159848705530153	-0.17945047590932547	0.007879038686677062	0.17865799056664286	-0.11970659646786128	-0.1097514069341516	0.0034716560725988484	0.5075446575987487	-0.08851020284650926	-0.23105480426101963	-0.17238082539738395	-0.19970736181491444	-0.08135824472559071	0.026169432850167273	-0.2633120951505114	-0.2619886342497571	0.5206947619621767	-0.2842743840656126	-0.19779328920937428	-0.529059871596938	-0.3037275611758079	0.5653426271501507	-0.19688640913243455	0.13647101820482713	-0.02308203253178003	0.2966686064612393	-0.14096701068908965	-0.11325456713097333	0.500895075235618	-0.06196276050549891	0.02939941187468069	0.15540296209448398	0.09431002402294537	-0.28376361271448025	-0.1401159078701736	-0.3404317003767189	-0.9258468413962332	-0.3874976547754409	-0.22912459875241956	0.39739939436344074	0.11586430688765885	0.11605690462870041	0.7532353522997036	-0.6180833768849513	-1.0289123650859142	0.4246023918382905	-0.6975767759463097	-0.8204091565374563	0.586897724663351	-1.063080058607936	-1.1535270126615698	-0.15921817636372126	-0.6790253110069777	0.026614419551266442	-0.6325457218376334	-0.11346173086318836	0.4070801678873947	0.16983241944916433	-0.07089317124637368	0.33141315529315	0.3812763659757885
DTXSID3020380	8.1443616105536	-2.16138125851972	9.280782410200123	4.245164052379075	3.486691459328908	2.7673745504636926	0.36210086562781696	-0.8495920605481481	-1.390197508936095	1.1632551768168797	-0.5454941755795054	-0.45894625379127174	-1.2471448229856978	0.49789007637005017	0.0649068817640623	0.006615161329903923	-0.9695579884311896	-0.43272280980349564	0.7604874736147483	0.2108124178145369	-0.28636274096627035	0.6274821333293925	-0.6011957144400205	-0.23824934274218615	0.6679943987307136	0.14725756218487643	-0.35766928604129433	0.23394672299893757	0.1935552833163955	-0.27807794780014694	0.2719907118549231	0.12416085409410968	-0.4419630172128271	-0.6792963897649411	0.8113360505344182	-0.08919209068223918	-0.28228169913925444	0.252343806233173	0.8249731728011245	0.582520865491787	-0.17340432372227135	0.15892862245427636	-0.0005131306787049	-0.31149707880876953	-0.21137255846762115	0.08089251919852734	-0.3438809571403112	0.7687790990753609	0.18154662488273265	0.38084224045073967	0.03268023648495471	0.45127539748961354	-0.03333698961703147	0.025092837614076158	0.01879731344349028	-0.5756133580237744	0.14670724385205244	-0.1908246734102022	0.22189188352386624	0.014307132135990207	-0.33186296779967883	-0.3269496288675626	-0.20432913769454786	-1.357210253845581	0.5524432477999837	-0.5228138587995779	0.7957258117986611	-0.9964722486961336	-0.6556661968157307	-1.2114798111192362	-0.12436449492536163	-0.10125099550025289	-0.8241798393767861	0.1561783016859056	-1.2751219209731206	0.02648897322888135	-0.006035311542832828	-0.31769153186381227	0.3212185238810977	-0.38345209872413666	-0.3013795773186819	-0.31976800158852353	0.9144581481826727	-0.23426127534234312	-0.344201651309625	-0.5254597274559422	-0.6834232811471089	-0.06891573513575074	-0.1557107261632953	0.3438036567671782	0.10284831233483652	0.1323864072971193	-0.35898279769983826	0.10345839697519979	-0.8836492290493165	-0.51399884889814	0.18790615293032722	0.21676228075142034	0.24967731364481333	0.13324072622629415
DTXSID3023051	4.090972097886356	5.6087425374203725	-0.4961903570036802	2.300993221422423	3.183514246092708	-1.7352870147399535	-1.6673417719436663	1.6236851315021288	4.417476727264561	0.136015616663925	-0.16176395799745125	-0.03369004145928183	-1.1336119101387134	-0.1013766325059393	-0.2768547727807168	0.08941420846185152	0.8762199279179639	0.5839915629112911	0.16572445697791113	0.1424484681116862	-0.15214676277355588	0.33547635391462466	0.5044454132242179	0.2758429044587548	1.1251345070290424	0.6548348998277627	0.6409399471719238	1.2983411480630558	0.7178104460846458	0.2901500158521242	-0.90204718712376	-1.3626660655611642	-3.0085207617023477	-0.5324318768762053	2.228895975454878	0.10064460399311614	-0.4532516885797974	-2.7411401178813586	-2.671873933438725	-0.08645066513037201	-3.4379989517861875	-1.1025938748892556	-0.21879812083474032	-0.9879979983723861	0.7694663373772144	-2.0210998364407358	-1.3509715049725655	-1.5977962696612478	0.009596134509032407	0.21434024858902784	0.038251225019484435	-3.825835074395927	-0.6651044630594957	-0.083974815872528	0.6557975530739728	2.296781437718944	-1.8793356095468132	0.15037318910878533	-0.2725279747801908	3.6351291907737373	0.7259759972591567	-1.166348495485516	-0.8212067750788076	0.25125249150141865	0.14445440831886244	-0.3525689778787769	1.249981371631684	-0.13557786421396947	1.2769318780922148	0.7811861937666896	-2.384134301630438	0.9896306055793591	-0.20558498402314335	-0.35894167272786315	1.1169538325456891	-0.5285421045449288	0.8658306043357726	1.7753398655806927	0.16223071766472769	0.675462679358927	-0.340636744313276	-0.07496100096885253	0.022419379125482197	-0.6015713162090688	0.12278032692257593	-0.0022300469113583975	0.20462469611997733	-1.6784538532286601	-0.8656807872420803	0.8614347938833405	-0.9129907534676878	1.2090497477600168	-1.1417650830314188	0.9300781389432057	0.048480531983210985	1.354717573184492	0.40619647603685366	0.5292198931414493	-0.16834099613853926	0.406766129733341
DTXSID6041636	-3.15335777518499	0.19809980336514166	1.0140625374657604	0.5231175924228388	0.2339166740775304	-0.533107614642158	-1.6676283869145336	-0.2752390202348949	0.7121621113804907	-1.6397642990819536	0.1282763231043928	-0.2418654641745478	-1.1721997066040495	0.6125531871178672	-0.4334048221998036	0.10617086103712459	0.6622413722249927	-0.3153330045847268	0.3327829405016102	-0.7697882030692178	0.011281819169731063	-0.18137893158735488	1.1570398396547572	-0.13318890850926432	0.3075180690334942	0.348780765617412	-0.2004023319766963	-0.4048310366881847	-0.057646640428025295	-0.4983829706702171	-0.7719938046094998	-0.12712650370234527	-0.6188861275638782	-0.19690711693684607	0.32414014050130013	-0.507417499556575	-0.04122807709579233	0.3091035833257414	-0.5237857370813054	-0.09716719807484246	0.07691621321611566	0.34420581479964113	0.01640383517668368	0.12756201560489988	-0.2933915753674936	-0.14215856033007657	0.0974937880667288	-0.658853459113726	-0.18887658365468518	-0.16740700006154102	0.12514286363753174	-0.11188435847411153	0.2449831319012283	-0.3043484432015944	-0.35813895670859713	-0.441476098879319	0.008198727659567884	0.05853270036021815	0.15400977659136833	-0.15509432891600466	0.20143988533369683	0.21886720710062368	-0.12557341030846442	0.037388694192933385	0.23285820512204636	0.12493554155495006	-0.28550951780079453	-0.24818850784210678	0.43214144273205	-0.07355310531029885	0.25501614424666896	-0.4967848222610097	1.151684718543049	0.2232019993091924	-0.878690778189305	0.011355289262506405	-0.339973966883332	0.1382147534072555	0.03754695864349359	0.19262556053948304	0.266331007165017	0.05684937490515806	0.6094849249565281	-0.21745098126997892	-0.13076765539256952	0.19443745517641978	0.1450467237598289	-0.6694305075341876	-0.13730461139097724	0.09635990098084668	0.45575373012629206	-0.31657559682854114	-0.09455234219677056	-0.3514145899375225	-0.19260902408777664	-0.4496256303048088	0.22697515146987213	0.08558098176875709	0.26963130790662415	0.1906522122667059
DTXSID8047420	-1.1257063231115185	0.44712952612341655	-0.1032011364777067	2.007585490638096	-0.21667165673105274	0.13081536025306054	-3.2338980124194414	-2.622061979427326	-2.561797939754883	-2.3992451754773074	-4.825829819028967	-0.466074554305001	3.8107830506657887	3.0297218320494332	-0.1451795976528008	-0.2151298669467515	-1.6249230373110295	0.4130452286827321	-1.2651979026707239	1.153145842017227	0.8457319799869774	-0.25426535260538136	0.3029143592458133	0.4376958387416961	0.8339091727183259	0.37809955502815423	2.0899570483336416	-0.6559488285887262	-0.568529664366431	1.3793662004416514	0.5581413409501262	-0.05750989599342121	1.495305965933986	1.0995781635583792	0.5506844679793581	0.5435300548454742	-0.4082548050270395	0.11789785440773425	0.3171117287703457	-0.08032894150424938	0.011611894024102214	0.17121895484347907	-0.5157176335211057	-0.7686830301074296	-0.8890731664879898	0.17499705816683495	0.3920897382338832	0.09442953186791923	-0.5287747440419864	-0.2548081275375413	0.045868311499863174	0.2668476916957194	-0.03445236364388644	0.27535083149907463	1.0280968570612625	-0.5432986634858921	0.6556756541469259	0.3168448235700964	-0.2314091543344896	-0.772641767580184	0.3330946607676206	0.1084107407772072	-0.5641612461357367	-1.0388188301941612	0.13713018198646232	-0.0022416602411849357	0.6199089362181501	0.16083782015825943	0.15759532411021834	-0.25316578037281884	-0.7434206034697424	-0.8101440523730274	0.1065055089465075	-0.6077487749033088	0.3470389031357491	0.3842909373849362	0.15391578709285658	-0.03569664192545782	-0.39736007743842733	-0.13124499654738936	0.15261756871398338	0.2309585258609681	-0.7333614989560349	0.5173731299785944	0.24604372152832665	0.057736800686530164	0.5982448797506668	0.5148022645037785	0.5041661111069895	0.0022003654387025185	-0.009620310143420642	-0.0987728258958235	0.03943819260104077	0.3044463207723386	0.3006512576345761	0.6150679823329982	0.06701584182924615	-0.24905006059342114	-0.4848941416443211	0.5230314017213854
DTXSID2044894	-2.3502877503809545	-1.7534094067973351	1.1256586064920082	-2.4818967054061796	-2.304783011534692	-2.1771181176284764	-0.28960682496488344	0.87179566065347	-0.40149983538044615	4.119154011315837	0.399849731311629	-0.7823655752950636	0.5783286783812089	0.2598961670269383	-1.3506225668362493	-0.4502281725334218	-1.1960103270755233	-0.5431515616960203	0.7467694081954367	0.19191364724217963	-1.1279970039917948	0.8515609124146395	-0.9093608525356239	0.6849683593123201	0.03011206666197792	-0.6989278894264644	-0.4200569738968067	-1.650991066645305	0.3417919296984152	-0.1389912538332612	0.1991843661902067	-0.8427458282803609	-0.4353739649380616	0.6921393187141489	-1.0836507102018333	-0.11628402826388437	-0.8514975377682887	0.12378925912048533	0.6471697498923832	-0.1410500615001229	-0.22058476662853102	-0.3050266433143473	-0.3112095366334358	-1.0705855904348058	0.3058209580040413	0.41581160659445565	-0.7243350642298179	0.990841880477735	-0.25966442384781735	0.2850591377622952	-0.3592067591417115	-0.06454142848445724	-0.43532799185175064	-0.030238783344230368	0.41416541191745937	-0.3399157709428762	0.32648233402350657	-0.31694658319692826	0.15916712106194714	0.6739819752540777	0.938106332004281	-0.03975639013667294	-0.2556988679500682	0.012366573176391678	0.5769538080741086	-0.08718975088942503	-0.11458566492928156	-0.41696305017145613	0.5281882447352807	-1.3579634753086176	0.7817553312573062	0.136831009792919	0.02938105139809206	-0.2919063936008447	-0.43446418150273236	0.7341813504268635	1.1061035333465394	-0.8122848268499911	0.00238841876016397	0.9441560394097317	-1.0039714933407264	1.394622756631048	-0.09924343966190452	1.760286828790072	-4.048960302835259	-0.880211243356846	0.048908691465292635	0.35024486776682634	-0.07599728627978604	-1.3663057408243977	-0.07872838691216923	0.36288172181952505	-0.5616500980460994	0.03161153027457041	1.0124036276646953	0.07221439210401785	0.01902852181859676	-0.20684029832155865	-0.2996236157725477	-0.7071098797731096
DTXSID4021979	-4.957891332146919	-3.442703432635866	1.5115191972562159	0.08093290188170399	3.0348893426955907	0.6627503079443631	-2.5410603474660975	-0.2337803221738247	-0.520404036814513	-1.0828939797437844	-0.0454198507094862	-0.614173255996033	-1.4376354605322854	0.3628630342813734	-2.3879941991191123	1.7530347686750904	-2.0670086348846137	-0.25492106004855986	-2.3747126175585413	2.374058237448735	0.4134727994325523	0.15074376296545236	-0.10632067922800795	-1.3935761154226105	0.7169439638852559	1.2756936464938566	1.4172021195131002	-1.0167605113353788	-0.37984395990064684	1.0566268845695446	0.8958633232427564	1.3067128857212071	0.6992992115850973	0.6298361059011637	1.7035409010460383	1.0398325088910014	0.303732344926317	0.3855166300868301	-0.10825764342938282	-0.3779809611168361	0.5814381959382477	-0.39648742174700763	-0.37949948854175164	-2.434559900003908	0.01904986491831101	0.3633213981773184	-0.6134063457904748	1.0021270784101004	-0.3593328843693162	0.04113566023866833	-0.16545657811982975	0.49230639254599184	-0.20444464555616884	0.22366910453855965	0.5807312036749733	0.013063263524204187	1.2094927755368998	0.374981279214083	0.0061888275941755205	0.11115185575750951	-0.28187418416335575	-0.6120368977285479	-0.29227922682493807	-0.790862091154093	0.048129770073776175	0.8787615090857823	0.7050755261278151	-0.24053476283074163	0.4647575531055431	-0.3510742949729853	-0.4878091920309799	0.07141804731144667	-0.01906426981828575	-0.09593118364267035	-0.5089931332778765	-0.14035206724696292	-0.46914040049028954	-0.17881528406889075	-0.1617900056987215	-0.8824020329689456	-1.6912647932229297	0.5805009358051184	-0.48007906708998466	0.9587620067157172	0.7797348898713171	-0.06904063434625395	-1.023317085950685	-1.465075100530539	-0.017258914322431013	0.06745789635245389	-0.05715016483622302	-0.3608998007545318	-0.835654070818377	-0.003574118932104694	-0.2163563788564647	-0.6461513556671545	0.5004225635937032	-0.37550048921478474	0.2133774954256104	0.3634718493565392
DTXSID8021648	-4.420407418592305	-3.683288735764574	-0.05263045585855341	-0.1760222348439053	2.6999103787040726	-0.22781848943575855	-2.6740127552796564	-0.16229079803203844	-1.83831829310027	-0.8885208139026125	2.5604968766975165	-1.3856162895293351	0.6205334233998617	0.13255667066174054	0.3425153834227131	-0.10857650095214688	-0.49645745600434504	0.24719597129850182	-1.052075630399344	1.0932127513453567	0.2858492995425801	0.10482420415694052	0.24652781925441608	-0.6546722734589219	0.5680143113938282	1.015485135119149	0.8837199160599054	-0.6105377771030974	-0.4911651046551415	0.8153409556347249	0.4290060564370054	0.9100693627927408	0.5264898775378184	0.4560156074286756	1.0275245691031643	0.14211310581378545	0.4418206828672779	0.23576196047896578	0.43570285882935633	0.1358539877485515	0.002537584400385933	-0.13152851127579124	-0.7735018043779733	-1.0744698144738254	-0.1401247410133788	0.166504555596697	0.12719676541445601	0.10891351560768277	-0.12679100690861053	0.04117276094682835	0.009663011858758813	0.24159440097632315	0.006268382317871213	0.0020528638406917643	0.4499343738107519	-0.33980733448755657	0.8894796857747815	-0.4700444146560913	-0.21026831653526748	0.25477629445404215	-0.21744679170974204	-0.7423000034396393	-0.09011449458499861	-0.20977528063118145	0.02787024067091941	0.4289867932121749	0.0005658466931489675	-0.1681667412102501	0.17044205782066138	-0.07897626795648172	-0.13410438490520507	0.07081525376272423	0.06046752520108196	-0.23818377560129533	-0.44882012795199266	0.09787369146824727	-0.0707373040665964	0.01524041246710358	0.022215779580878968	-0.8729484704267749	-0.8392251124669073	0.1925762010365665	-0.2922212280408037	0.5604898704995392	0.4394918396663027	0.10668961276857464	-0.37549359194903514	-0.8803354397556464	-0.19915831475825133	0.06221217229257763	0.0662987294928838	-0.23446438589403767	-0.33504185571312417	0.17649503629408167	-0.2806877195298693	-0.3014586923524691	0.07854036108938449	-0.146534854810156	0.03903992703346199	0.3259917379091508
DTXSID7024798	-5.630650291698875	-3.118106053606584	-0.25906714823912236	-0.7771963734053816	0.8470972247950918	1.1705073304638258	-0.15159978083302586	-0.3306428493402487	-0.3522360618499646	0.3908204425756625	-0.05698554590816819	3.0964834673246466	0.14973964703513376	-0.9874148638949667	0.177757460978169	-0.008976108882476882	-0.5957406594246997	0.07788937360203817	-0.14892015526893174	-0.25948026294751075	-0.03046141919082298	-0.06208462225386804	0.40310378632482147	-0.514883551609265	0.3221554744464485	-0.43576093008695777	-0.21807419670843017	0.024091541634869037	0.16340011043739594	-0.0285713255238035	0.49900804074634186	0.2315670148077119	0.3195979352648881	-0.14323009915157203	0.2733501573808499	-0.42071100393637595	0.3356690565710494	-0.3913927926641911	-0.05729591735353659	0.2887397452975502	-0.2458541327619902	-0.22043899359247998	-0.2878962692810388	-0.07976535516911645	-0.11746880481533152	0.06042963553242737	0.11896536521164033	-0.27579476513288625	-0.010658540857552938	-0.1469804466868035	0.11376741785620546	-0.348543354137983	0.06624680129498235	-0.08063150543837175	0.05891005318854505	0.05227613910714771	0.14751315580542562	0.03183673769517833	0.057696368792023014	0.008347058890596816	0.057140907628104774	0.012808833558384773	-0.009956883981916154	-0.01111830918988972	-0.13899117816379122	0.3717016400201232	-0.009094503632050376	0.01358427748796471	-0.7258210159780576	0.3413393560606175	0.36419496196359297	0.3341454375929787	0.3173722415112229	-0.3066608305305064	-0.12574444689379743	-0.5134426032561439	-0.7754401613493735	-0.17967750181438788	0.6785092218612971	0.06295661831197341	-0.022564252042255206	-0.2922876497453514	0.40087294234769366	-1.6078921321696864	0.3269370314869668	-0.8059814600506484	-0.871447882001308	-0.57637250673752	-1.0831583869619803	-0.4155698689194405	-0.3203205853957695	-0.08609526806063476	0.16254958584228932	-0.7769702064317234	0.10341754603050776	0.1307771326018084	-0.6094244730945829	-0.4755616735302197	-0.19492673688022238	0.17574460921985888
DTXSID3031860	7.861558801431771	-1.6725919723596938	-8.226531153964842	-18.02229770307311	6.235432057645741	16.01978022730403	0.4212598246031336	-7.43832959281147	11.603518037805387	-1.0660629677082543	8.902538669006834	-2.5374080562590198	7.217032349936247	9.855472763888445	1.5590543778294477	2.510541693060078	-3.591859503893672	-0.49435479203850363	4.834338860986668	-1.3982210656573923	-4.134795733467223	2.4857090872569243	2.5905717397303456	-0.35599446585303857	-0.17290371754385134	-0.020906919193787954	-1.019001244727574	-1.3896618008682102	0.6392314617430359	0.023215402463534256	0.13895557801930492	-1.5628396181593742	-0.8620457112865554	0.8744416451663711	-1.0046284141839623	0.22929358840889197	0.47015740196452344	0.6840992455961988	0.6395242529452585	0.8303232338499674	0.5092823466278504	0.2876038093225757	-1.1754168170988066	0.8205063564730932	-0.2673218703630207	1.1673548181970859	-0.5638179997700228	-0.2536285569526437	-0.7141447511877579	0.6721921006827134	0.020295097087525964	0.3420047095909914	-0.37393309041144707	0.37104223180619017	0.5385310123084097	0.5031919724379041	0.9624470501955382	1.2391968499362365	-1.9371791897697432	0.6530175013056161	0.01496385533639679	1.249789541183691	-0.861279415549196	-0.6230518901524053	-0.03484762482726774	-0.913587500487076	-0.04870008486429898	-0.6638344925538898	-0.14543655581695997	-1.4320676258667027	-1.038878829939183	0.025119694384339364	-0.5270406706862866	1.0481446468567501	0.7752298813800156	-0.5125099730139618	0.3913483339115034	0.14849479387614775	0.4604958989836185	-1.1061104533784394	0.005921796620530239	1.2141455809207604	-0.09583775116443372	1.1413963027393315	-0.7789068069983742	-0.5493624714050533	-0.12009098948594965	-1.395588526749571	0.762966506801349	-0.5433043153257043	-0.7694319655344072	1.0490067768258973	0.1057320360826492	-0.7397596401135106	0.5931811842470605	0.7296997434993368	-0.556775682370394	-0.30139641743759216	0.7147358700742638	0.3174622518610651
DTXSID0023298	2.1181175465542843	0.20504565727345603	3.224897686376721	1.2333621770022156	0.8576339168651059	-0.43215532774938625	1.1885237909338677	-0.017052336018108984	2.1254447937456193	-0.6732999655873142	-0.24144055078933727	0.2133367516827314	-0.6380552368588016	0.8589934296908017	3.119180813652613	-0.19516683253716582	-2.528373206270302	-0.3842671455361135	-1.484830806951454	4.919622491939844	3.509801907218482	-1.1735744255536915	2.41620898068628	1.2167507632145764	-0.5011971381439776	0.46490802314440166	-1.1383444156386522	-1.679894004443049	-1.1119067484262108	0.3328973214178916	0.47378303265564686	-0.11301651965752942	-0.8035356263987276	-0.5221296206875096	0.9193863286358471	1.3964559522071356	2.4359560693065956	-0.0001434987914324986	-0.541460886124388	-1.5305005881379055	0.8775789474036101	-0.20660525337602625	-0.8620342536458631	-0.7874474108605282	0.1370223049984876	0.26482088171699164	0.580582280716515	0.5888992041553026	-0.2180161975139245	-0.04488153833241598	-0.11785905249932861	1.0169403210453647	-0.4292151793997205	-0.026066152764059144	0.9774814336795525	-1.79820417232468	0.19427026357629126	0.03353727680939599	-0.398354280482582	0.993747165352541	-0.30987243262751885	1.2774831112366	-1.4743335556006976	-0.14286697469470525	-1.0771528029932218	-0.30615038634555886	1.6735532611700736	0.842362948524379	-0.4809985713955376	-1.4996048535756368	1.402657789148072	0.12880297849949232	0.10441515667689778	-1.9144403183606193	-0.7184007892929436	0.23380280236159728	-0.1766331147645241	-1.0941392360648723	0.6295007926928105	0.9176818541347211	0.04696826459506571	0.7066537173534859	-1.6036918481691091	0.8616571519334856	0.47637575423921547	0.9149379385492947	-0.892518394998698	-0.47236389184933847	-0.30202300931130843	0.07415553292631923	-1.1123962166299963	-0.2501572217493119	-0.16216550109958613	0.537161521124001	0.4654246951896496	0.557460285702974	0.4191051296477283	-0.3075042769918318	-0.03409206329790539	-0.24501881591580188
DTXSID0048349	41.009487602038305	2.2660111859345733	-16.617772889489622	5.613929195970582	23.599725827587022	-14.889211120282551	-2.5795472142474916	15.928796051571645	4.531501407061134	11.362136583752768	-10.869914640856749	-5.050459376271726	9.899631835209181	-1.3094376536450627	-3.261050611998127	1.0256859548707171	-1.3445068926983692	-4.680179374122178	-1.3681007572809478	4.15518647274567	0.2882114768719276	2.0253362347195947	4.940816737243144	-0.30513649896518535	-3.8684811449175425	-0.8182944213347719	-0.6346929642080448	-5.285110303071207	-4.206753519223938	-2.3420844001337997	-5.797257806768527	-0.6387460208747293	-6.763225294813922	11.15016967032214	4.588254111118527	-6.51326305924146	-6.553234325964155	-4.134369617033226	5.371574543141194	-3.713970289373363	7.383595152537531	0.8408365461898641	-6.857090562823654	6.366055052136665	-2.23638273567217	0.2182521919571426	-4.217033497298389	1.801305664158121	1.121579243003014	6.353655902187622	2.8869345886363718	4.023921113893127	1.5362732000826835	3.2836924653279382	1.462569850095917	1.7669617434958624	0.266317890954626	6.983126954625502	3.386298283066423	-1.570314094892738	-0.21354494160593357	10.833278089966967	0.569330032501031	-0.8205040318575588	-4.379568841780923	1.7060521986817947	-6.26309831124139	-0.14182352318656916	0.18021643436028612	-0.02733287255401808	-3.2250911822369708	6.410671917851657	-3.3723147919946928	5.095366371117542	0.47929887925259695	-1.846128755949363	-3.8102933373584027	0.7445891570992406	2.743592925730247	-2.2580131498796443	-1.842689847849143	-1.5160825992372968	3.0632801552221345	0.7498762348173227	-4.694540363806321	2.0303893949865532	0.5823140201457453	1.5501003491478413	-1.4297749435330611	-1.4828384585288694	-1.262615859667923	0.5231112596880392	2.0498600176838897	-1.7265247505631378	2.5251301189220445	1.6130032787585502	1.7295554560197606	0.05779816037491641	1.9188520844926897	-3.189845816005637
DTXSID4022288	-1.8358218198305392	1.1717952455021132	0.7941959516810352	-0.003971283982727961	-1.9363124343347617	-1.7662774845691793	-0.3494068066151396	-0.967948081022457	0.7228238363163265	2.486825262557418	-0.2385239249221193	-0.3073900650544238	0.15385982129300124	1.650063295814725	-0.7621410471586809	-1.5008209810793147	0.1787048357551199	-0.13848536975053288	0.9395085571200831	0.061574646597195394	-0.4352890620188382	0.0750569783985143	0.4232700195663923	0.22264857985062955	-0.36953313920283426	0.3292450359696226	0.6105542346354933	-0.5160432320233758	-0.16887665956542935	0.6565128207675138	0.13310778367575404	-0.6871996763669507	0.19320668536642907	-0.23067355932057282	0.18399887807472073	-0.29969091856486674	0.467412652598763	0.08702199705175298	0.15500695380145282	0.22247287433236454	0.0920009837359481	0.03596101682653212	0.6464325943075097	-0.26686805076907044	0.22326948846077385	-0.29939650974703746	-0.0789905326602489	0.1833756701303053	-0.16065999822985977	-0.10206253542281901	0.004840409562962905	0.02092960352431611	0.3181908091595119	-0.13033208653085068	-0.026333799251183346	0.0041789101163481465	0.37660208483945384	-0.4966041909153065	0.5600552989494673	0.23313961198333916	0.28220278615424643	-0.24268818474511752	-0.5729993373123631	-0.2990204794829181	0.49098399975917123	0.7820991774158128	0.2770109335974378	-0.06803765664118382	-0.2955996550600192	0.08254985043619069	0.9742893121519359	-0.7910755990333264	-0.18934349321845756	0.06875346948834409	-0.45585826287875586	0.23812385059572663	-0.35805825078902004	0.25071855773659735	-0.25164026540896384	-0.2908029884238178	-0.318103961892576	-0.049435148007324736	0.08235086612932786	0.09304045178119456	0.31291986528056104	0.37035745288149413	0.4736863622486769	0.08056017746300985	-0.17694851226419459	-0.6775514193988466	-0.5012502921674639	-0.8247210548216535	-0.14455376813297835	0.08243003336508693	-0.23648522640377997	-0.0945324735303389	-0.14980830134961104	-0.09668680641988267	0.4354202025937176	0.11163091424711322
DTXSID4047543	3.164525887719935	2.6035177306743655	-0.24183647288868315	1.4501885618312997	2.8910916467198002	-1.8140579892165183	-0.17692974288709198	0.26063312007046663	0.9184609348632836	-2.4635930454688335	-0.46915068274835126	0.5480098014806685	-1.0955793304308046	2.2254655284847655	-0.4124894268878518	-0.994655405622898	0.9483034844779792	0.08210270178954983	0.4253813810792899	-0.431958655212736	-0.7948208231391841	-1.1171436411384503	0.7887774642576942	0.4629035802863885	0.9009654314804577	-1.4640380553245622	-0.6734533163793998	0.9959292531097943	0.015137355076059103	0.0956198106719268	-0.5657153515495318	0.08110525782250792	-0.5358534385504223	3.9182801269332863	1.2021252434355967	4.072020536152712	-0.31486362575946697	-0.19252653277541826	2.558496895218476	-0.12159017814455392	-0.7369072656837146	1.2771483139581523	2.562233033992446	-0.7428542804041544	2.2768524907000782	-0.09798625612167816	0.4702425508487651	-1.1710275632876224	-1.0912323844486225	-1.8271739784948187	-0.3225141280162283	-1.8197425548653585	1.2929175188875488	-0.4630879035679906	-0.14786380225990134	1.4995110304350738	-0.6276466706793863	-1.0044587726906498	0.8593318611381949	-1.198112292348535	0.9310478577223751	-0.5667495114466922	-1.8409027976782875	-1.266705230564142	-3.0384781212540997	-2.0422066906889533	-1.4999960247473934	1.0908451642618038	1.5920723944615494	-0.5923813786257054	-0.3660294107341836	0.9087762652024692	1.2491905508509664	-0.7541098123410818	0.1349052891554059	-0.9633757175911414	0.20205381844333709	0.23714817091721838	0.09344441392947642	1.355267153811042	-0.3395013863253322	0.4790040398952194	0.4312429496045076	-0.27065347853298566	-0.24858186404120639	0.18850456646476424	1.0767049025702775	-0.39257288813437347	0.24828257391518146	0.725919785905102	0.05217204437675931	0.7824861051497202	0.4977566872656531	0.374261079802069	0.6443972168527347	0.3395011432642318	0.2722792668563391	-0.007646591272589523	-0.034881740342369516	0.04784544980464598
DTXSID4048779	3.7815896438062344	-0.4066636987397629	-5.068536490495224	0.4335036281968502	1.4288955147171618	-0.6339951664696972	4.25631212014423	-1.1183868924853673	-2.450493968185431	-1.3308389611841902	0.5778349475558596	-0.43717678429152745	-0.21205865208859295	-1.817015697001219	-2.043309745389343	-0.4923379564322452	-0.08332486755268283	0.9804404418421584	-1.8248996369397144	0.34981157974311133	-0.5467919418741356	-0.7375578233591262	-0.016732295394628654	-0.5298185411115895	1.2151112078466815	-1.0324503810968935	-1.392454698686716	0.0016700763582604234	0.4918112478150437	-1.0099460359967543	1.561167597629061	-0.36344949327385717	-1.1857379908366699	0.16910482141360922	0.6272896570632462	-1.3825707011586381	0.02274557531102557	1.0444464304664727	-0.2898407217213562	-0.36065545145342437	-0.3241772782920542	-0.6807943403581653	0.9024641626030971	0.991346265206807	-0.30625072758927485	0.12822370708544548	0.6902579206819014	0.02679378263184847	-0.005957141011425166	0.3555821931879638	-0.1198909813939012	-0.09082172019386066	-1.0409516900489066	-0.1617313254295953	-0.8818261984933623	-0.6200225412112353	0.005424814573778502	-0.517902874245557	-0.6532591363968359	-0.38611786714323487	-0.1952459008362352	0.18791886731387755	0.7529145717812984	0.5413788459970934	-0.37284027218503396	0.4369974955711768	0.07474407946227493	-1.1457723690091808	-0.8512179617769624	-1.4819838311717666	-0.48012173853774537	-0.5384689526362082	0.06175005885631029	-1.2378264789710403	0.22265014982698927	-0.7737081235352505	-0.9239729004284699	-0.34071870593812537	0.49454639634980474	-0.5797368716231043	-1.2592564178625498	-0.9636779751479662	1.3167047408619619	0.5148447220914759	0.6465794400499991	0.5657139374077651	-0.1363663592519266	0.3820742257505112	-1.3640015847416387	1.5532501509355192	1.9382142752287703	-0.626155661140238	2.3387195248584978	-0.3096125293451724	0.43477706251797466	0.9440147401452289	-0.882213357647376	0.17138506996604083	1.3969301792394626	-0.050425686838693924
DTXSID5023370	8.783389291318532	0.8705363386952961	-1.6994757793415087	-0.5726621495812916	3.9185114143224684	-2.833288376020776	-1.8321961850249793	-0.018504786769540753	-1.4712276791569974	-1.979676998661445	-0.10759778749608506	7.392858473785895	-2.6058215930392388	2.008041208062384	-0.046239799098565605	-0.990687528561154	-0.7788564070844274	-0.7368987997095183	1.6120286917450255	-1.2547263005584968	0.9342492579873134	-0.011545028967788407	0.06553051733916826	0.042968162422200994	0.12597912185654128	-1.2316632050351788	0.3301990541625513	0.12366094308882088	0.20389973691395483	-0.06734582790107257	-1.014885413571851	0.2241593621901221	1.2883273603781544	0.3768249570309439	-1.9430159876146182	-0.1384770942866222	-0.17673404493172093	-0.6749760648581797	-0.8676393677629783	-1.1061126377925625	0.4882751542909264	-0.25404162205180275	-0.0446628224961634	1.1409304707499488	-1.2269143633462452	-0.2272081072387197	0.13553220516536074	-0.6431544143461593	-0.18367901694843086	-0.14555179867907225	-0.22953621547524214	-0.4531343275979768	-0.21709112751049858	-0.012787424325384253	0.422578386751034	-0.4099471708334139	-0.5077832688774998	0.4171092506195345	-0.3580583348789399	-0.767178008373134	-0.3841627248536267	0.7106867690514669	0.2535952069997825	0.38755143606441866	-1.2165505175676727	-1.756122103326315	0.37209887809184355	-0.49160406363061465	0.42822245426056865	-0.23296958991297795	-0.8685985134637966	-0.8218825282780392	0.8508052430561379	-0.029890339638258413	0.44571669277823167	-0.058812060769265505	0.209219934775	-1.2546033264478673	-0.0007019843623081492	-1.2610585117987927	-0.13398151820363702	0.14048695763027744	0.8250666638729214	0.9093717455736605	-0.20686562336572684	0.5119729657495301	0.8936891500021279	-1.6781775472911942	1.3289692514569702	0.979308359784582	-0.11157484683114288	0.8547312653229945	0.15460786257420342	-0.2470805051466577	0.2159649187417079	-0.5085550795266839	-0.7117308879051679	-0.23882129650170827	0.24481197506656516	-0.16737913290363146
DTXSID3038939	7.157578472573674	-1.364500459095587	-8.221251599388072	-16.519461512168338	5.374604354095274	15.006995065190448	2.3029662751262734	-7.623418492704017	11.535237631843831	0.8913230711813425	4.039567343708553	-1.5023858449123346	4.018708064452439	7.992574784702201	-0.5008267535977169	1.2928556564379492	-1.3469906996133272	0.23968120903003443	2.754312402115274	-1.472917468752925	-1.1564700007275135	1.5787244850678306	1.0987885817654726	0.17538415352765113	1.0325851739973089	0.4928706274922892	-0.7520509183673604	-0.28262156699421104	0.530148752074804	-0.655264877634839	0.2654008446949584	-1.334380952772523	-1.1034897901792018	0.2808577720725024	-0.44602920244487193	-0.6321644374917766	0.2019739776497489	0.3328622937082307	0.1712324060671662	0.5753314172441343	1.2710596438590502	0.3559644024974591	-0.1841159668900369	-0.07953907631899812	-0.6246062428225394	0.7910176552209328	-1.7434485030667628	0.30530818406189053	-0.5198905317998492	0.0634481589974912	-0.12896141034010603	-0.2622237726432029	-0.4678599462342696	0.5419056100404718	0.035973957321960834	0.0237102569709503	0.8673985255943713	0.9271540807402511	-0.9661013621018952	-0.6920974722345085	-0.5286640631190055	0.7530343034618	-0.29801819524400774	-0.42752003436873015	0.07448509058535806	-0.8813036322803078	0.5879371820418374	-0.41084612464984605	-0.608550969231446	-1.4658481155019254	-0.26320391824860634	-0.16689094287372522	-0.2594477958950101	-0.1636492346251162	0.7888756084773123	-0.7162233193039832	0.8375477656140495	0.8924723334914463	0.44751147502973737	0.0803822347931235	-0.6103644784198083	0.6924076343769837	-0.13718373257296895	0.8643511009054506	-1.0858967683016711	-0.7093076980680433	-0.41582770229068217	-1.2572492269317461	0.01540922268246252	-0.38070238685726226	-0.5893333242073201	1.6795429903268453	0.8817025697683734	-0.6674771016351154	0.03419454203133798	0.24888226663584143	-0.182606857446602	0.18864374277173562	0.47624122658110557	-0.2855970906080145
DTXSID8057647	8.942504994243635	4.674429113984143	-0.31352385699062946	-2.5096480853468504	-0.6670897234205048	-0.31380987891587075	-3.3657298977522423	3.006638468091746	-2.7067454971479865	-3.596922989826347	-1.810121768883391	0.9138471318998607	-0.4066315191495865	4.011756120268978	-2.488157328201642	0.12720772220888324	0.757943996347149	-0.22888243009428227	0.9055563697690749	0.10124067840132187	1.33240327807023	-0.9746671718263817	-1.4833166627474692	0.8342125356093625	0.014626064191072286	-2.213936905312806	-0.9591926663460405	-1.2237489660950618	0.4428463526356229	0.08916692373464188	0.4148234403833154	-0.5080300751398638	0.8633555640684095	0.15277073656442802	-0.7860855782258132	0.06312399200055381	1.1794404781332477	-0.7816517678046235	-0.644033088271936	-0.7846560801805696	0.06134717710225414	-1.027210625037356	-0.41000020030388284	-0.47893501809826244	-0.6405696559228354	0.6151128703593713	-0.07749964165741484	0.8851677246917447	-0.1807899065128231	0.38042267426566656	-0.5961430169216404	-0.29194083613710986	-0.14877862286025048	-0.3844024380740422	0.4058680844117624	0.9777834512432259	-0.328969895827566	-0.21330822011483552	-0.8109546561419063	0.1078523290571542	-0.9852215335672013	0.03834820755760508	1.5721885189670395	0.5325720088070883	-0.7728384950782168	-1.6227752466558993	-0.6649604614856907	0.2938686731681045	-2.4598269293492536	0.018853029151783565	1.6572034397151865	0.21371311370023152	-0.10727360524122885	-0.3181846639610808	-0.7498840989743585	-0.09610644045836554	-0.7546095367768079	-0.6802167163420739	0.7260996715333082	-0.45619928522028746	0.6684784038341162	-0.06755698102393519	0.6191415963904475	-1.0090988809602193	-0.09563919331273694	0.4355777007931055	1.307336195364361	-0.6613773095375272	0.48982826068313545	-0.21709325524904255	-0.6727688795403811	-1.5512655860713689	-0.35552476301865105	-0.35737696260690405	0.07011717084797667	0.32753063509566493	-0.5287763622173977	-0.46622110376573517	-0.15733732026410713	0.46782777573237116
DTXSID8026303	8.21971715650575	7.029489695989906	-1.0152427581499641	2.32749609287251	-2.5361723025389327	1.437293902043198	-4.185930762693334	-6.468338847564981	-1.6843223686441173	-1.4311990486475965	-7.9861662017429556	0.170056130265204	7.65294335912373	0.18542623434652725	0.8137668374807357	-1.362665295525689	-0.9775317703295328	1.0585203971647443	-1.2256966993604461	0.11239998329207038	1.1994496774745158	0.31863010690152893	0.21036224861724945	-0.8517570378997892	3.789759467581054	-0.15386527581016365	-1.5756854212878457	-1.71088178157125	-0.6789030779380836	-0.16026814363772796	-0.4338873108142133	1.0670940531406368	0.6626266118723692	1.4996431629421334	1.04540945678717	1.3017764734411472	-1.5026929575807757	0.983339574896776	-0.8428998728378501	0.47782087492251296	-0.32888132016418187	-0.6127058338778045	-0.3602175856197651	-0.07986746727734431	-0.6534137604005913	0.5621548377697368	1.0981623963758627	-0.4239065152231023	-0.641452464143156	-0.036455001126970595	-0.5096460848302786	-0.9059690032283051	0.2589796350975285	-0.5941356310048114	-0.054187913858979135	1.001227907998871	-1.5785443669363362	0.02134877069873346	-1.4182863001416617	-1.6092650447051484	0.6376858777862371	0.8699003921603392	0.743813980895612	1.5804908646917613	0.39737956883297915	-2.802332384033051	-0.3689065703381305	1.6718531468450153	-1.523899035499531	-0.9903815668560836	-0.35412830327344574	-0.16996576233255908	-1.1965802942525021	0.08340219915810415	2.4459282278678516	-0.6295235553116718	0.6365325440250976	0.14707563878729765	0.3773632760897212	0.7612413094370094	0.08910620228208244	0.7229736559962723	-0.7400476980644735	-0.8320229170977811	1.05327763500367	-1.012306219202888	-0.021153682677128787	0.6904254776059205	1.1635688131538453	1.658139489581469	-0.5729856124410314	0.2128822953759304	-0.4312235484807481	-0.7786384734404187	0.31418353630033974	1.0381448774544781	0.7633055093104268	0.7063358596444703	0.03948656124695874	0.5562091960796498
DTXSID7027097	-3.219208103290591	-3.801734676618079	-1.8932067304468658	-2.7525450563979392	2.058349188254734	-1.2859578746255538	-4.288774664891585	0.8685318601259535	-3.71498877609759	-0.05922922320006903	4.655697019016523	-2.8528825789526575	1.059782260322604	-1.6010620831633608	2.537120965737315	-0.43483606564550625	-0.7644661678030964	-0.4851755132806761	0.49328050587255834	0.6308607774687486	-1.0317984829848565	0.8969373040096089	-0.804105708415761	0.35971105179594015	2.081694420160463	0.45442841427374797	-0.5611348730073189	-0.25592267985875056	-0.46790731637076327	0.49399018916174314	-0.15033448648419562	0.9730767155845998	0.5995819823654456	0.37528946989119005	0.6591030816167467	-0.5170252644823021	0.7514837865345451	-0.6142368500042962	1.041050555340552	0.4163415456570948	-0.7806652352883744	-0.5400808930379482	-1.1251073646682301	0.0001829416424935148	0.5275001639209912	0.11755495616912708	0.29049526276307014	-0.22806646421638135	0.357623640561254	0.27647038927867496	0.018682120181744862	-0.20408047741424812	0.203448904345631	-0.2692067731596586	0.7639886391230251	-0.49047506303965943	-0.016597677975220652	-1.219984388225618	0.12344995513687168	0.6929428792599367	-0.9152816345588554	-0.8517973667032843	0.3663785206102891	0.6337413400079911	-0.03532078623545337	-0.18370626918996266	-0.619576565520358	-0.00526251802328717	-0.29098199134270675	0.2671404917371033	0.9527372572483638	0.2669470694365281	0.14015557642547916	-0.3501830359157828	-0.3635569641923969	-0.15558435064120568	0.2750559919859237	-0.7438962092678247	-0.04384463339050626	-0.35570732194490773	-0.02517257029675679	-0.30461644485556166	0.01760993800239821	-0.45754043557295215	-0.16522203223628296	0.2826994296855884	0.48589780242932556	-0.7264857231008406	-0.3527942595777333	0.576686426117619	-0.7629079964774974	0.10641211375514202	-0.4417071562617683	-0.12508175272136735	-0.6814230251483051	-0.10050345726976923	-0.1357401301457834	-0.6111005485676182	0.19516615842864726	0.8486405044726213
DTXSID5026889	-0.33732220857901474	-1.387652969630965	4.329590644346763	-4.152700495358638	0.04486941524840891	-3.539452973927205	-0.24358970575542074	-0.15145868833825388	0.29341427080910976	-0.6773211438904203	0.03776792251720113	0.883894630070951	0.7294284779286081	0.016822033914665524	-2.346641403710858	-0.9142113890025528	-0.4526366182730467	-1.2895416546066505	0.7985119999007921	0.47901275272524574	0.13164780605950077	0.5788982546162618	-0.5627592355524227	-0.04215287011479366	-0.5587203052587387	-0.05662362387973309	0.8058429501501866	0.8197816082583529	0.1957479417733436	0.9248331666610434	0.6948930039753638	-1.1030026672107274	0.6002842861757736	-0.19121943302711034	0.37497026829027885	0.33721729876421014	-0.708285432026682	-0.280053445599164	0.667311796373217	0.7387554536441602	-0.24651979661208723	0.5093485280119753	-0.3676940231327473	0.513358299798835	-0.5462858521774061	-0.2329500080497988	0.32730204442537236	-0.7320148974145388	-0.0998341071736108	-0.7376058086943316	0.22820240675554204	-0.049729643061607515	-0.37290142909008656	0.23191540328452423	0.37783943830704153	-0.743114265055068	-0.16087757575937037	0.25537299170945993	0.3553181538836851	-0.686678360382347	0.47704232537076274	0.2204680350744484	-0.5626030993947958	-0.7703792068782391	0.28978199379420577	0.47656231460101517	-0.008162325788544806	0.171111081512313	0.9697411942845623	-0.19615431070655828	0.009569722046531932	0.01026539932597112	0.4295175264583823	-0.1631389820248069	-0.47346255051408404	-0.28720946945541154	0.18579972789340035	-0.29869127459033834	0.056366311153334216	0.04086341502496614	0.2893812539703298	-0.02462184639049717	0.20103905975097114	-0.12179184836994858	0.08694333072386529	-0.000949072579672951	0.056445156217066916	-0.23276474610914785	-0.2316919992711095	0.3721654952224642	0.7113825846119035	0.4990930854517384	0.16354686571204333	-0.16239756658060656	0.26704580133664296	0.010659350724140678	0.14690524780237837	0.2623211077650015	-0.12482380639842429	0.17015337929736543
DTXSID9044796	4.011676165921308	-0.15708078874055978	4.54340448583219	-5.358597675025272	-0.12192331399357412	-0.133137760078498	0.29969355311111	0.26391170734477065	-0.8383857910154423	0.6084831073792988	-0.7161372602688897	-0.9694853032664381	-0.8525101933789616	-3.3505443711075586	-0.03488521785447049	-0.7270450339203658	0.3635765123478642	0.23889013721848298	0.13628712292641174	-1.219406469925907	0.9086577556010778	-0.921242380516231	-0.25204577703306674	-2.470406767535004	0.46992114387191963	-1.1580327615117976	-1.4786953025226361	-1.7405821129635306	-0.5299385689311563	1.3848386025569992	1.0931962420259453	-4.351013730656834	-0.5039008351411393	1.7083775379499209	-2.9767599708825254	-0.02712116891382226	-1.2057304724769264	0.3184104806652716	-0.21001686240559278	-0.6772767281626152	-0.5265410524059582	0.33571603594076543	-1.2277049887296394	-1.113025459412166	1.2463079872394291	-0.37059601562825434	0.30330761539670265	1.0657841707344584	-1.2031879366356706	-0.9895899947386056	-0.6286904849265866	-0.2547859782515243	-1.25085380168144	-0.07255176331595195	-0.004747639177864589	-0.7022747174994644	0.5864642419654901	-0.024795293683994038	0.6611259894029613	0.033991342639826796	2.9174860343060125	0.07948231756248889	-0.21026876646622839	1.294137441795132	0.9998837992079005	0.49805532042310274	-1.3168618389614724	-0.514969491486953	1.260838277039709	-2.4309803895843443	-2.0986202489830457	0.22274006164637172	-0.9576037400699484	-1.2137717871533038	-0.6750379850302752	0.031006572591418632	-3.9288720510733737	0.21293522617500818	0.5320506599814615	-2.1083589901499913	0.381958659619073	1.6191608697672468	-1.3844274471507043	0.5914485618145405	0.4660432085495868	-0.07787857723904211	1.2245951977616627	0.35627354800972344	-1.030215856192639	0.36505279518473316	0.6926015319704737	1.2867570077598107	0.3149506315031116	0.906143625270493	-0.833863703978179	-0.3215605089720159	-1.147072208636994	-0.4159841512232628	0.8656950033343616	-0.2056151428218543
DTXSID0032811	-4.803372770221371	-3.235264615348663	0.7508942877753298	-0.3392560256571418	1.1018898960648902	-0.31113020297054894	-1.5623360936890778	-0.39510529572105113	-1.2582433589657693	-0.2620499404768494	2.2263940921490026	-0.8898032498966535	1.62176660409375	0.048719451714591744	1.5012497063704642	-0.8048317456624106	0.9738186697193576	0.8895133457896626	0.23063119712862182	-0.20699095422394975	0.3223775303537633	-0.1737411166391754	-0.06627321732188933	-0.17146784350385202	0.4197666939504723	0.12697998218899031	-0.35283725348340117	-0.5145916639168705	-0.17355589288358844	0.22766348163318081	0.04395155498320763	0.3080453704534065	0.1711631092514554	0.41355577339657423	-0.01754084882643007	0.12536399512658683	0.6413916165292484	-0.026063275161349726	-0.014902792710524275	0.47596687720463987	-0.3904367253784037	-0.1275838831174156	-0.9898574281501634	-0.2415241503677509	-0.3167546872468385	0.07034076469351806	0.26121549366869035	-0.5860975359365271	0.10123497962200172	-0.12943628019986567	-0.05737438159032766	-0.3429243690062446	-0.15668424921324997	-0.2530973326756539	0.08469282028512498	-0.04741254377964932	0.06548370014546939	-0.5081516864104493	-0.36106326644132125	0.2813472803099665	-0.13548186864826042	-0.3127872007698507	0.6894591911579796	0.24000453838891944	-0.3574791529806941	-0.09014352251803809	-0.7781671507847626	-0.21653652908853596	-0.2572090955396667	0.3201113816871734	0.41812587500016635	0.1946316372810842	0.12695369823586994	-0.08008660353688259	0.03648567287867949	-0.19415895840575992	0.028315649890738644	0.05640476970290206	0.20120359553162814	-0.9039808088239694	-0.050231798257630085	-0.5362512318325118	-0.7289064932115792	-0.2428916176214237	0.5525487668490097	0.3830464211446466	-0.046497722150083014	-0.332648201352673	-0.3197598950821779	0.06850339559867216	-0.06397221155196761	-0.23468412482458317	0.007127469085129075	0.25516707332878175	0.037594880083962626	-0.028268520238165933	0.09608401182591111	-0.04887696407489342	-0.0768748159380641	0.06918393031804425
DTXSID3040720	-3.7009135136264564	0.9690478010863768	-2.530975100253629	0.5151585389986659	-2.8290117301632742	2.258450812564285	-2.1959971259370685	-0.12326978668782347	-2.420341089019111	2.2663655199940567	-3.4085716051368453	-0.47722443887329924	3.967954151640186	0.6824039772697803	-1.1395081810258192	-2.2471309410221707	-1.9387421851818718	-1.0848037888347302	-0.19343971922577488	1.1738893137602229	0.6654007051723798	0.9796966668741703	0.512056471635139	-0.5266347337409921	0.006575511116152199	-0.1789588634647862	0.07205172734149136	-0.7660086787021022	-0.5071166075683405	0.03203713938774361	-0.005532892443592588	0.5494201544661991	0.21897290424381316	-0.22174298404156406	-0.6658469044429957	-0.54176589880736	-1.1081642393700217	0.4488199600480957	0.13061355588941057	0.07239059416782584	-0.7085046685530508	0.15611867310761854	0.4221940569841552	-0.09683185965222656	0.5913240043339681	-0.24545031412503235	0.10772366543403404	-0.1184518655714915	-0.32325938066564475	0.19678345636932473	-0.012553490485281016	-0.10897931849623885	0.2672108768388361	0.08611356385509499	-0.21400931283338737	0.2357850464789796	0.4376225160448035	-0.46786309547955224	-0.016947703180438867	0.08506381823887112	0.7923674686716988	-0.35416911931248884	-0.08512648650757096	0.38071991159684976	0.6654493344882338	-0.1528041419893569	0.21994679473919684	-0.24276792262258	1.1031707763971892	0.23025488744972486	-0.21387063253548588	-0.1874646935247274	0.4466953194877248	-0.1648319681695257	-0.2181002604786499	0.03215050832785946	0.5073760534481552	0.030691006510588113	-0.4547152783183278	0.48055047007245477	0.7312714973410258	-0.05949708798738864	0.43489562873855353	0.2344323122566045	0.039335235924038876	0.3384592494519061	0.04154747079403669	-0.3476974317870572	-0.05885876650147653	-0.28006804578816397	-0.5842295163031668	-0.19579833397802332	0.01305080196781107	-0.26629068414365015	-0.2720291685343239	-0.462072714256442	-0.3846019542715255	-0.30433210043436076	-0.20476479107891843	-0.02825719848094966
DTXSID1025560	-0.5631441473455433	2.47395520333623	-1.976646396533755	2.654340819415303	-1.069382159905626	0.007479824432626463	0.8860936805842138	-1.1450957594600826	-1.1844212445482307	-3.3522999208050566	-0.2698792128423931	-0.14133357641018865	-1.144333824177841	1.2872820936902833	-0.5546416921205942	-0.7624793621565965	0.12103796399731284	-0.5422429878794742	1.1351445272589782	0.5694666097783466	-0.4881415660384754	-1.0308998194803716	-0.84997680395475	0.8099962633714193	-0.6671584298620121	-0.9435675564342868	-0.0055536497826209254	2.5639370707030795	0.8518631995218421	-0.28100699359733783	2.354397519304358	-0.1737964729454054	-0.8176311758980568	3.6496606568954504	-0.6050434115270121	2.313617311776528	1.728358481567269	0.1983202355284349	4.135144054769887	0.4903816535089804	-0.6680591625056358	1.8899016193668632	2.617862435970632	0.12447133632601542	1.389448880832905	1.1428081770104979	-0.14863559745657212	-0.3467724658169929	-0.6093912287656976	-1.2633493843769108	-0.03666259025511998	-1.1911066166392197	0.5091616494279504	0.7499269649586469	0.46950550326537444	0.6424897764605939	0.9844250540166452	-1.3053184970412228	0.43737979602298377	-1.1064886435121035	1.2587780227891037	0.000697307102292687	-2.6015948270833267	-1.7083095368145291	-3.8308603937812857	-2.2570051648590854	-0.9940798545893209	-1.2221703200706424	-0.051025484941559486	0.5083724940584731	0.8479819114117949	-0.04216441458753442	0.40969676881830736	-0.38970421918206016	1.0096587483521378	0.08983661332177839	0.15060465715649876	-0.6627517444424849	0.0786820392672943	-0.9111257090120268	-0.4271490361737394	-0.2581060166869727	-0.051155839525012715	-0.33067308641765725	-0.04041088583053167	-0.1494175787330137	0.29611130894006704	0.048737694009505776	-0.6367721284745927	0.3474895601378498	0.29180553416403704	0.5556985762602138	-0.2885904119341197	0.7552756476047184	-0.3721028865690877	0.36752406458220716	0.035710963847808704	0.2505915563561594	0.6235322824017417	-0.07661727013540487
DTXSID5044314	-3.4458570557649626	0.8122411353166086	0.2745559472193226	0.49672958643863896	0.16215393802663527	-0.8702512074350561	-1.5471304373263077	-0.39701896629249134	0.45517427746202893	-2.0910353652791085	0.18603653955765254	-0.22492810705357516	-1.4624761252077703	1.2360063285661642	-0.5321541685158491	-0.07480539532964263	0.33551288512796196	-0.7039288157472076	0.3190611458051508	-0.5517534994820075	0.3775644146677527	-0.31088770655972553	-0.0007281390445530245	0.42790510891597966	-0.39761828538761707	-0.21843053300875995	0.025840121321364574	1.0369539740397762	-0.22290080516325367	0.1724366898656551	-0.3643809014803421	-0.16983080198828604	0.3654358105261623	-0.13048547517134207	-0.14009382679394733	-0.3871198243805805	-0.2396654589943758	-0.4514953376678105	0.5848042930863511	0.38928260686918503	-0.5726640507808695	0.46433160922683603	-0.12010993287202096	0.931260874711923	-0.8281854634812479	-0.2625919341854388	0.16705745763890786	-0.8528858757890583	-0.21020974375942458	-0.3174815002528482	0.27473509437310667	0.02578978082525203	-0.1118522785115989	-0.004066681471868866	0.4150278946099329	-1.0348421683523201	0.06545528716063582	0.056460182710510155	0.30230443509418464	-0.7233601860755663	0.6249168704897646	0.5201345082330189	-0.5076789711342617	-0.333019781848078	0.11027650294729881	0.1530886393497908	0.6578092355180084	-0.5353876647173168	1.0449002685995854	-0.2761769637703666	-0.23843912166382802	-0.5614703578476266	0.5913347178807357	0.13080299421540123	-0.5224205963731015	-0.5488588407820786	0.12111575703095918	-0.7430181503860366	-0.10304252924906906	-0.1649753932453912	0.22072591282994924	0.28435537611414063	0.0906348319538894	-0.34740680298556703	-0.05223289200017508	0.0020576052598026066	0.14907441096717283	-0.4705171093251991	-0.4828202686958658	0.4082650054885167	-0.13762968201472311	0.19493633149092135	0.15311702347745734	-0.1313295639918958	0.609444021977826	-0.07804705740254743	-0.15881048619262383	0.1304144989113701	-0.4555998654688168	-0.02399576979958762
DTXSID8027167	-3.9561904436949704	1.1165954566823877	1.5912640571565828	-0.35618558412711376	-1.7454001844458902	1.0315139194595504	-0.33258039172457543	0.7495643166753876	0.7686971258809551	-0.1875373789197403	0.5430796538069129	-0.15344403544941998	-0.21714012496026394	-0.49256679609995874	-0.0777694120397294	0.23249063741233178	0.04413235748873217	0.10003965733808012	-0.3959113789817267	-0.5710813597432742	-0.02578620818290899	-0.3678068175769411	0.6689776995216149	-0.16725148246492721	-0.07065133039685494	0.43721598746265633	0.2825224417846109	0.1446021446841954	0.0016511707514436104	-0.2917689706913534	-0.39457301275885626	0.13211546184539893	0.16634854966635673	0.0001775067263870546	0.20325835405116452	0.00851020173091454	-0.0034940816580456193	-0.11560116986043519	-0.29436718239126997	0.1953319915412449	0.20973160811059166	-0.055788786757950175	-0.12697498555079362	0.21664286468566973	-0.6505327713173195	0.013544196874365713	0.12446022617101812	-0.43149567634219743	-0.023646408367056088	-0.17670544599065788	0.07719120886266867	-0.0710590389950471	0.22976085010034006	-0.01043377450723583	-0.07899836701806079	-0.12334194493209259	0.18884204057556073	0.2991254689287303	-0.2447403114572764	-0.47138340926279204	0.06479906730425697	0.2167679264539159	-0.002422849892362102	0.532277639804286	-0.13231292065918263	0.1200981866986461	0.10889250077564264	0.11776470686460146	0.05069203609210788	0.2016183055995748	-0.1777695712946802	-0.1849772462801547	0.38276358578336445	-0.36200037458521533	-0.2596093453157137	0.8799579711906261	0.13126589479748646	0.6551463589899665	0.7099119911288647	-0.6982934704319639	0.756179510993113	-0.6398611986179531	0.3615798801942195	0.054211179125775694	0.1564303572053201	-0.36587517275588455	-0.2968525136368343	0.27441926984759196	-0.3319568925351394	0.14172824508780246	-0.27717951053467865	0.20020286194762696	0.23975409069401807	0.12689194096588943	-0.37674314904666517	-0.19467198288101045	-0.10423730071083655	-0.04561855288328015	-0.09062428022760308	0.07491087845046099
DTXSID3046457	3.8951604339007964	6.283307477880918	-1.9268609682300992	1.5571855968631207	-0.7274908793344332	0.3043439963190437	4.287213220902164	-0.6231019113967385	-1.9903475314689967	-2.914047910427639	0.12477206980344782	-0.006344323701127071	-0.14476743398973682	0.0010799510272476384	-0.6225309504386128	-0.31355903915310984	-0.20763124139338549	0.9621188712046472	-2.341537317560439	1.8752341817527822	-1.357279161201946	-1.9806656189957537	-1.932452863123409	-0.7349696266610212	3.4820515872488844	-1.8507412530384197	-1.4658583456466852	-0.31625896952019295	1.038908142917744	-1.7244438575338394	2.1931310649654683	-2.29895475682373	-1.750232588364211	1.379579517788802	-2.103524455215344	-2.5117223552032284	2.8185690470535922	1.0724897886416969	-0.9817088608904587	2.9435159397439628	2.401242434040396	-3.813998456615787	1.1656729333391067	3.0573402553088593	0.05656182156162305	-1.114534070004815	3.3590509214208515	-1.5791334875575065	2.6475716298788705	0.03635449484873717	0.9397237737392445	2.3718628732611	-0.33931399161459225	-2.7960412312138434	1.6701396766888843	2.9388371854773103	0.6647633322708606	0.6417247038565954	-0.9030784581704857	0.23601973046193575	-1.5570603840461852	-0.47498106035269844	-1.555445873906055	-4.156858919476693	-0.953200456021437	0.9928234260496287	0.20688499155642276	1.001690432507906	0.587758616993104	1.2303649640489034	0.7820466260052475	-0.7513374015303402	-0.5490937532609226	0.6617372023756679	0.8834949311481581	-0.6430113179454386	0.07947834204340566	-0.5750773670808279	-0.12181804796642559	-0.6092963858257913	-1.8575006151708058	1.5818327232619405	-0.6525290591361755	0.744890794472973	-0.9651633029294929	0.10368224056528183	0.7044678892988134	-0.283554409951463	-0.7076581666476927	-0.9597911213664991	0.791331550235404	0.04624900923814413	0.6640736964759075	0.336466519024991	-1.0918381196425369	-0.7303962467373919	-0.3398099138980729	0.1420822443844384	-1.8716571880530433	-0.7685199693377804
DTXSID5046308	-1.702582650453458	-0.7124017191045864	-1.9183163204754405	-1.5011703680863115	-1.2747785388476	0.47022952637742776	-1.7706482442983886	-0.8467888761237348	-0.5389758869094433	0.3224060255162103	-0.1612889224386087	-1.6120716859008426	-2.0454388988519585	-2.236810965922537	0.6782584186419985	0.7782692333830207	0.4574909584473229	-0.07719792672755164	0.04861934740963289	-1.0515123473984227	-0.00043438629824871184	-0.4802039511509388	0.32732576830839893	-0.2893963448215919	0.2561974215277204	-0.4003513266043043	-0.1652311872109286	-0.3739133697351322	0.018825532892738944	0.09339490605297283	-0.08297131532267857	-0.7615422832299654	-0.17666763164993565	0.10637314398277489	-0.2594139014331205	-0.7341988140371719	-0.1474385699611019	0.2756178257299973	0.464780044393591	0.014812500269761811	-0.012023103267388983	0.2866401250887328	0.11475402878735555	0.13222064982748727	0.043384076664796656	-0.054272219261232185	0.055272919899724854	0.2854335499734586	-0.2844090743806604	0.4736182133427952	-0.013507949595906765	0.17510760875224632	0.2187811588268559	0.0018405664829998255	0.09946270050375725	-0.7307630941354746	0.507567914573546	-0.29379561603925414	0.02479086025567405	-0.05706766322804234	0.5546655756843352	0.34193212911110277	-0.384261819374963	0.6375069574642217	0.4374184361892386	-0.45544090803720866	0.5468614132331315	-0.3543585079826451	-0.13146806977140102	-1.3834795470892245	-0.7102785146087994	-0.08752020301271862	-0.23416048193208552	-0.3693775573939321	-1.0873128512536372	0.1773342031817637	-0.9377875219012409	-0.3167001659958404	-0.5075276939734914	0.34416908992405354	-0.38034381265098594	-0.5450405831028747	-0.7014753781986683	0.1160132049634621	0.07784485165767181	0.2425712743264635	-0.18946413669695128	2.0488907911639775	0.7536187314164611	0.7096419854410699	0.8445142237856686	0.029678576540497843	0.4120526997710212	0.4887899701645664	-1.2782400128329112	0.19769785432159073	-1.0068765528649146	-0.74316421852042	-0.7796398625297921	0.2584721939250235
DTXSID0046721	18.480127503711945	3.2604081972510306	-0.6370917974943022	4.677807738374965	-0.5958709504612532	-3.0554820586290403	1.901911821419159	1.1111962142033223	-2.5735286869411045	-5.283344938814	-2.317371077604023	0.7408181441128544	-1.699954022816197	5.973134320376122	1.3630366465550119	0.7217928976419457	-4.088011402242301	-0.28021555375871093	7.330989645825029	0.33453311954151776	3.62477086527083	0.09162335894786772	-3.5412010605891675	2.4138500430086185	-0.6905321142505868	-1.4651712318964343	-0.3987521887282356	0.9128945245971575	-0.9642402955952631	2.352814720453921	0.6745585120688119	-2.0637019269995784	3.1128435348546177	1.8465381729841353	0.40127169054906786	-0.2219245790770596	1.4609807226908986	-3.473776421819335	2.245478807875193	-0.036991481572606205	-0.5515012307226098	0.14367476335182952	0.08271282748436153	2.627242358538483	-2.7330617445167635	-1.1628328698442427	-0.06861434221177373	-0.9368472407164026	-0.5016935993358492	-1.7816116290351052	0.3628865267303598	-0.2858172976874461	-1.669552990636153	0.27298987462784474	2.865566151020392	-3.566873106683277	0.22289000530331785	0.10264332200778596	1.815638814618904	-1.116007896318355	0.012859268779479372	3.355376281271344	-2.3008787590351134	-3.928236289713159	-0.6998292449962777	-0.2984874497247557	1.3623143641882067	1.4468283461297322	0.5988740227022333	-1.8202424208587205	1.0638684901831363	-0.48145041993202925	0.2853316597146446	-2.3558029455337772	-0.24573745400105007	-1.4934188726820319	-0.04610144986804832	-3.726887622708519	-1.0796507846004455	-0.5938798950671771	1.2896114012389488	-0.24514120741258943	0.13845293281661866	0.1488034192050297	0.9651135411149014	-3.0321573928724357	0.4087257137294374	-0.8517183425134748	-0.11246486538053882	-0.2558143551364541	0.03952430046114042	-1.161798421192288	1.1808266669167355	0.061156485148389145	-0.48271474709904916	-1.660764185844807	0.01418473929708776	0.6094296430199516	1.4261237480800992	-0.11143847779763387
DTXSID3026067	0.24789570574345832	2.8950794616089994	-4.028185552203984	1.0619602567657265	1.0048795485375255	-0.5143590907226748	2.461926994365041	-1.5015959268909287	0.6839703387971682	2.4478157056808816	0.28399987584344955	-0.6252343887601471	-1.1948779104743898	0.8282801082142216	-1.2506899593460903	-2.4497345331382276	1.056174815509724	0.5480024959961207	-1.4503233019171027	0.6969366293870622	1.5045366600094443	-0.5865743289142563	-0.41311121859659033	0.1883064796528943	1.9669033709948824	-0.8636838673431252	0.2537936728923497	0.867295560504685	0.3933179489189184	-0.33731931822841854	1.5510870327793964	-0.4870222308086468	0.186793438796323	-0.7997883792612078	-0.5109657632020204	-0.8002366591061277	-0.8055623437643501	-0.05224589416445083	-1.3248129825479253	0.2013315157644582	1.3441735973594264	0.3674541019577193	1.2233162346922588	0.7661141923272466	-0.3497983308286906	-0.15139735001467952	-0.2817095226592387	0.0796746197837003	0.21189394905752637	-0.36567958501600295	-0.21609067741812463	-0.8918070810936075	0.0001703298624312013	-0.062297925944574103	-0.8586996807248745	-1.1949908569415468	0.45042489598135566	-1.1123885440497794	-0.10481426059237808	-1.6390534009856534	-0.7916658894954338	-1.3240567263767744	0.5343200829676682	0.24048229533733656	0.10229768590497453	-0.6830847737935559	-0.08706134593156357	0.650073054022855	0.24026556244935063	-1.0100652131422247	-0.005100422688202332	0.18350171134600776	-0.016868515786118275	-0.6178533246245133	-0.24108592189136904	0.009002252582286274	0.5221315731344149	1.0833332020250304	-0.5543410763808805	0.12949942530002406	-1.0282053182221171	0.03160916593215013	-0.7056078285690053	0.43613181127946454	0.48863391774157994	0.14020490783661813	-0.009386422418327352	-1.134560705796382	-0.8833034514395266	-0.15105837249813803	-0.02538375568379639	-0.08980404873918874	-0.29075742551930056	0.003375835226005249	-0.9100121169298293	0.5744563175990659	0.40254640700660055	0.06209058342840986	0.5909476210497068	-0.05143816790372812
DTXSID7020392	0.6243928695321923	1.0066272235201914	0.17438379436546184	-1.3181569438936829	1.0380619625674103	-1.8435517283768335	-2.551953490459587	-0.027624499907882436	0.2304913747120574	-2.7517838285878837	0.1794093770569096	-0.2473286480117533	-1.7518544737929405	1.2348005652874527	-1.6561546539668979	-0.21286742496503258	0.3197786312161143	-1.1862975563120057	0.14624176340381437	-0.02774637957961797	0.6390800744259447	0.06828635442003567	-0.3537497927797924	-0.2296094979609436	-0.2303858188640108	-0.7485222803359883	-0.867515109819095	0.6460575149758976	-0.1414239040093806	-0.655985965928878	-1.0235397655497531	0.5128388569102329	0.494150622493519	-0.35649418685062945	-0.4914924536303419	-0.028899325116104588	-0.6545091551274956	-0.38219680121949345	-0.3216710830341306	-0.6563111845533645	0.4297656912273185	-0.26647625876223857	0.13128371900185293	0.01625181857436678	-0.31525980816478893	0.0021285579444075852	-0.11699891202789127	0.019029706888822648	-0.08607421379284733	-0.009761637477209657	-0.250849764855508	-0.1606599425117829	0.18432852139542774	-0.24290286824883	-0.112418980395349	0.4715080417993298	-0.1831317480613774	0.198783820084578	-0.2713561583207004	-0.23948985095307734	-0.4800652900216205	0.22281274114202346	0.5099388164528776	0.9036820897449233	-0.21955385765675522	-1.0726347238767655	0.22250570939834421	-0.040262084281170375	0.5433005734180902	-0.5591819536619116	0.39715957419484843	0.06432745240576691	0.32164850398819406	0.28959053377228416	-2.266438100894391	0.09124523886313488	0.10074041288645269	0.1260867631994678	0.48097960879223833	0.08336525445996451	0.15302024566351338	0.9165672005007459	0.5762886280701687	0.1453295494684934	-0.0407353621962425	0.2861118969743652	-0.13211793225531912	-1.0860288638312234	-0.08177114785105744	-0.06982993490955833	-0.22300845854540274	-0.2636491503951657	0.2813919348893732	0.7822905113942081	-0.10979393585342702	-0.11736253956453524	-0.284814103718902	0.12597570558914814	0.8081553206823503	-0.21347096771364535
DTXSID1021372	-0.5157802488929341	4.042103019529911	-4.514827062399169	3.0356364309712283	-2.6399591203226596	-1.3439256438917482	-1.8104313866721935	-0.6624066974375257	-0.14514253225974819	7.531450720928579	-0.5476923202492862	-1.3687998913686539	-0.9537463638662567	5.891542490248112	-2.6585611117437735	-3.5225769423482327	-0.6368034005689676	-0.3176820694294643	2.1874947268932505	1.970697579878742	-0.4475254283339152	0.6399056136706482	-1.2329981742135312	0.26773629318124104	-0.4246155838119035	-0.31275475738699937	0.1366833754856259	-1.8046309416867143	-0.5701085351510976	1.4068362645605241	1.3190202297101128	-0.21591510579038406	1.2738915273885056	0.005586146870613518	-0.7738371728915674	-0.09573210749740227	0.7545738830117391	-0.033786452340062244	-0.4437493854663164	-0.03767694571777204	0.5263861583115224	-0.18328273328221345	0.8473797308662037	-0.26024385680989304	0.33972666695200915	0.15637883251844564	0.3918108725631019	0.9626972915789139	-0.543862670700807	-0.40527546264195985	-0.7238247363109283	-0.2456051687599363	-0.2681582110780269	-0.11826601741844821	-0.3036016762753294	0.9724910476878935	-0.40965720167120545	-0.5886726236922041	-1.1208511537069055	-0.106254208422104	-0.29557700954441496	-0.5900325602140462	0.41905348808686466	0.28008677671822446	0.33914200487188156	-0.8432054695229387	-0.7752168669318421	0.3263427320006452	-1.8403096775357688	-0.05005025834039365	0.887928629247519	-1.2077250135122743	-0.5922380523778535	-0.4652770571812384	0.36422925493354913	0.45198431318784443	-1.051173099313491	0.2674442460331779	-0.6371942229749386	-0.4701469216955198	0.2648509992964196	-0.5333536274191095	-0.20465082315210872	0.36221353298011855	0.705748393329486	0.8824585772210967	0.12059233887378129	0.6836575522408213	-0.23853411880357672	-0.7698971071770532	0.2983610825794667	-0.6472925662974113	-0.4189412564447532	0.2941017255659167	-0.9112969687626866	0.013678090843309895	0.5312912539110173	0.5515002680651113	0.356813094230915	0.6042065304752962
DTXSID3046083	8.911593744065438	4.855820678131602	-0.16230529019791767	1.1425177833980393	-0.7861044316449398	-1.5209526598387573	2.095616491618995	5.411393213651456	1.2657408167934616	0.4343380797029393	-1.0514462369847546	1.3477950194329351	0.12612304774594382	1.9677600436992224	4.170471441496925	-0.3461005635909034	-1.8221208959344293	0.48227884936589965	-0.23052872490467197	-0.5400773178489806	-0.5393034043339431	1.1530445033021248	1.5467449361985666	-1.1690346050200784	2.4889708259795125	1.2481643980019426	2.410809588601082	-2.227368199580367	0.04433576216501975	-1.4488326995438465	0.42651713786390144	-0.20702205828258477	0.569045012131694	-5.092367599935852	-0.02810716899919668	-0.09555948654755352	0.49446145526128243	-0.19456318284682514	6.5260664901825365	0.6540114671233858	-0.08961938057475133	-1.672314197014379	0.5092511386858054	0.6253265494470646	0.5019972146031397	-2.2776146503114245	-1.5101964492940874	1.2332381776043888	-0.3481807227666422	0.4794182215707006	0.312318548650134	-0.8179096039878617	0.5187257609499123	0.4069052457442538	-1.4387981643608523	1.9960576004792319	0.7767745952817917	0.49967848557295386	1.5342836126432868	0.2916696919529006	4.894390425757853	-0.13847877296837224	3.466388444957728	-1.949865651791986	-1.8518658353793254	0.6654474054895697	1.744771724315715	2.187932605070079	-0.9685121832682022	-0.21334859968455894	0.38854881269444635	-1.7677276116766503	-0.33616812887138664	1.7241575635440811	-0.4968581769705873	0.7256352325858416	-0.23446606700031605	-0.5429339682439596	-0.877873253298357	0.13717962410788076	0.12302377723226121	1.1170193896538478	-0.27603809134030594	-0.0008858892455286005	0.5565293645399708	0.2272815763263215	1.071103408263423	0.16772044743571546	-0.13961169181713468	0.0674404276903853	0.2837831237003244	-0.29765748104581324	-0.08814526041659693	-0.5226634042867185	-1.34077276885637	1.095388366394317	0.031213444311413742	0.15660771907329693	0.10093304825183746	-0.2249539880971998
DTXSID6041761	4.026184248963102	1.977079754327155	5.432687536563792	-5.78382924062239	-1.61843716930844	-4.6805701688125	3.267241319429613	-2.0007954567507715	0.46613352533758834	-0.1800367926578234	1.1764415204637624	0.005932672083990798	1.6343030485460195	-3.7150803100401664	-3.340269226942666	-1.1035420953374757	-0.7049729241144865	-1.8360139422504063	-1.1840371302222557	1.9946309413260752	-1.819864829394165	-0.02207571075347992	0.626340593325191	0.1965702669128675	-0.29930219381342016	-1.622521584167471	1.8206035114631804	0.062180365677343634	1.2039578926934698	0.979528870953346	2.10096315706743	-1.8355871066716711	0.26652579620261335	0.06077983453715005	0.7223167753154951	-0.1793983723716696	-1.0273003849376214	0.5262304964055634	-0.5530294577767451	0.7167290975934424	0.37120112479196127	-0.42994878107005563	0.8960814019254045	0.877898317406046	-0.7721054190446267	-0.04153666001025306	1.0017143101286425	-0.29275813498816294	0.6946429630862057	0.12738153729947577	0.37409752228684584	-0.18451549317626514	-0.05473474925914535	0.00575427557507769	-0.06750521307844154	0.0012769809264628485	0.06921178028557709	-0.5124694472478266	0.1739210578982133	-1.3058484899461227	-0.03275677225872908	-1.0280826047282776	-0.04003067409432584	-0.6525828921615293	0.6404493164496454	1.0103268117688489	-0.7885690801809419	1.6768099707380812	0.20722283103407615	0.18443736463510096	-0.0844711853554938	0.28492958512490224	0.37687660929985006	-0.41089863536027665	0.31843528529098825	0.6709431020978428	0.46476992573161596	0.5214553922513336	-0.39662992386371915	0.46668027638620146	1.7159195224393078	-0.07553681154360184	0.5230287889950525	0.30426151107782834	-0.18046613874441841	-0.32264669528125106	0.37470383851693134	-0.6133509414473012	0.23089108523429683	-0.27525058166167976	-0.5364060977405835	0.025034521652730384	-0.1285851037061356	0.28966237194937633	0.23397789398519964	1.1834267198076438	0.21927461902957718	0.3565238593828019	0.21639034832575402	0.2743342670346175
DTXSID5045756	-0.08924317205770099	-0.375202586723653	-1.7551477018643968	0.9737397287983373	-1.0813206451553974	-0.25826267774795114	4.43298576064809	1.9695993747023441	-1.337217570535571	1.7436280591669098	-0.0745470666057577	-0.3077300562214059	-0.8218552650434006	2.57215489273938	1.5918980405545964	-1.4280093989407492	-2.2523960875602196	0.19669386387058735	0.5564615617049485	-0.8628037435172516	-0.5266104216947949	-0.2304211281954494	1.8288213818702952	0.3180858011754828	0.32117376317875285	1.8314214825441923	-0.06514413667583535	0.3014143476132146	-0.6320464155005479	-1.1993298977545828	0.9688905157537981	-1.0803077787797508	2.174058454418322	1.1438870146351796	-1.6194734745611539	-2.3522552368217426	3.5239005939502026	2.4503189840234336	0.15217732328665903	3.6190250621911506	0.7487314441912402	0.12187001425714046	-2.204252534919713	-4.478517911281592	-1.1066084669752136	4.804270152564409	3.190436188439936	3.730310507753	8.213732433218711	-1.4236611478295482	1.6523802557618408	-5.442169639273642	8.526709149404258	7.460476758338827	-3.6688027391979747	1.9929493887423768	-6.371265313216198	2.9180333281675854	1.6447700227119455	-0.5265256399895302	-0.7141843202980993	-0.6120624734818424	-2.1766742085243957	2.113715336585897	1.2597817580835722	2.9574664881799526	1.989576045059706	0.7506806525548648	2.5743204261741637	-3.6478634030557706	-0.9305124283384176	0.295857934594995	-0.4021758357960112	-1.1281808808105769	-1.0533092377380893	-0.181819571808311	2.279020326751583	-0.9541674930063189	-0.1307625101615374	0.005564982034114003	-1.552210258172888	-1.3505790861104698	0.5054254697484644	0.9595987699325612	0.1182394400526407	0.17038803611127704	0.1407777090780027	0.9242282783597229	-1.348491432419771	0.3499335520789826	0.29399522932585237	0.7638335192089228	0.1264737240053815	-0.6186085174802112	-0.9708940892079745	-0.6361177860249659	-0.15780743548343992	0.6208414286989838	0.30000759601060834	-0.20914167759514257
DTXSID5041431	-3.4343723882701753	1.1446398366300545	-0.6689922802785249	1.6632304341753523	-2.2400561712798934	0.35852946593586627	-3.149466656044492	-3.0858109352093277	-1.1177533056382545	-1.6504762993361466	-4.418271042259782	-0.6498884489747541	4.2325729394175475	1.1649991054815714	0.5025790243905547	-0.06845895248800413	-0.8381125112175064	1.0134564533599197	0.1607881927337321	0.7821625883948393	0.568440938745585	0.47931261246887424	0.36255462817001105	0.6161430665627773	0.6768067597637396	-0.020767626410164552	1.2550271445215526	0.22563614013166125	-0.08937541368253833	0.8754947393135236	-0.5395136142614685	-1.857437007223467	-0.4586667880105154	0.29906414779679225	-0.09621192140355324	0.5681670711624872	-0.4673203838056196	-0.1611280749985198	-0.3377014133891683	-0.3370674149036741	-0.5030337123873169	-0.0977991788575132	-0.1504960684143425	-0.4254883523487774	0.7172818360402256	-0.8907842730668094	0.47364789150375813	-0.6638608900240506	-0.042208866017448186	0.3148342241046084	0.1793858605498399	-0.43468883517277984	0.7460465432706441	-0.08280267155155861	-0.7106519231717646	0.921744943519805	0.07289308562003644	-0.08373984562352892	0.7427311115004158	0.9286783798098385	-0.8787465342162771	-0.6353338203310597	1.5424770572637023	-0.16082306936664917	0.06354636116285839	0.44806234611788154	-0.24963929199668322	-0.8094131196153033	-0.2597291377028357	0.760489977981772	-0.45219327183095054	0.4519469732903598	0.6630112516170048	-1.7744763131570913	0.029936670628678944	-0.390588796752612	0.21296652241442326	0.7240280838575763	0.3958386785732824	0.01312508737055917	0.5792576230766309	-0.6982331869290784	-0.31633765097753735	0.30160528405652204	-0.4068828068888714	0.17989091310225733	0.16445095442914925	-0.16732278583191557	1.003734957741987	-0.40292091109579475	-0.423570689872851	-0.062149501643456985	0.42294599605904487	0.02415833917514288	0.5593518194663192	0.11749986530029806	-0.5024281556093428	-0.5764462638951353	-0.4765142766464216	0.051482259006181995
DTXSID3026302	-2.916130572976673	0.462842288904117	-1.0966897639634787	-0.9313379992663343	-0.18619509786217017	1.1318886591128414	-1.0298138291008203	-0.3943214846858589	0.7705555682452969	-0.31084216837744677	0.23438245893530668	0.4710414203119249	-0.3976416954560937	-0.7031713086976037	-0.5767740975443607	0.10544771312067623	0.6649956248354343	0.5969635650511999	-0.15977884789068045	-0.5490995865947597	1.1814269716101677	-0.41674794722707104	-0.39045643131927493	0.27372390535957414	0.3580499040317413	-0.49967346508290233	-0.40200416807291095	-0.546969130044153	0.1840211313830653	-0.1799960697547108	1.6359277562456063	-0.3576888314290628	0.14595999403709417	0.14264295126315688	-0.5444711019220323	-0.1845325625664217	-0.7088040157452712	0.022673144542877104	-0.043979683314321935	0.12011824671368924	-0.2182270086855277	0.3338361611427538	-0.5586477922166673	-0.5190379260521599	-0.05642165969239024	0.1959408285570173	-0.17785301210092025	-0.32475383398261715	-0.5192519746069598	-0.10538836149057922	-0.3154368012113517	-0.3730754744228009	-0.49350146345943285	-0.055032917856112244	-0.23004437935973818	-0.26924566828745927	0.31219056126443806	-0.08010421123569718	-0.655503192211442	0.33185462815868627	0.7660054369453698	0.13984997655686435	0.21511014219959257	0.6045302596817411	0.3700866114172373	-0.26966052064954127	-0.6475709073186618	-0.2494388305407431	0.42403556298345224	-1.6065811851320397	0.16591204682815314	0.15106570309441783	0.01163293671722908	-0.36506592610329475	-0.14675177536531075	-0.4809233580379083	1.0635829356513875	0.8258206184347926	0.5450072519240224	0.6914776329154961	-1.0959893970136534	0.500515395159404	0.36041042924743527	0.6695606852192861	-0.8515909579821427	-0.6290545272957696	0.2916056114797904	0.4193107056036348	0.08049658758608212	0.1489028658118967	0.03550689039510135	-0.918234556910383	-0.2879521816075902	-0.7380445032378273	-0.41730175549461535	0.28126497527838906	0.08157394414080649	0.6606360808868649	-1.2235753675504693	-0.7096211023986722
DTXSID4021212	-2.6769424267418547	0.10734972785134698	-3.3132664456801586	1.6734290497485043	-1.3648432596003868	0.6146900940151659	-5.784651869680127	-4.905880809946186	-4.277938551706365	-1.7806772705660754	-4.487149608636317	-1.8623789995851197	9.516636841156641	-0.5133899249356152	1.9027857357149935	-2.3809046298624814	-2.1829559001572183	-0.23565569402126535	-1.0146990181645765	1.6563419786718006	1.122415992641368	1.7278828329005087	0.13964981364553217	-0.6302968205113286	1.3367722725481066	0.3752971577678501	0.22396978513351895	1.1422192062459788	-0.2983581654530892	-0.5287697316457731	-0.7545616213169225	0.2532812246853685	-0.3538652721070835	-0.4799280411665391	-1.0458511964414858	0.22201470318639174	-2.039005109243413	0.44325834188504637	-0.9878048461331592	-0.4068916332265119	0.2285381209147954	-0.15944379707497364	1.6072088684641386	-0.48216191688166427	0.3557171808501237	-0.48966604031265476	-0.43750425319254094	0.6556648775144673	-0.3420133462930864	0.18397221830252303	0.2797232877419934	0.31876865555420303	0.7904231212655569	0.7519794719938513	0.29017267763999005	0.4360761057773318	0.021572725184423304	1.1155591716421316	0.9383497676194792	-0.20532246081111455	1.1812333763980603	1.0944332969064807	-0.8709090554191719	0.5132095916438283	0.7766724927018922	0.09516368044030855	1.0162720905470477	-0.9653181583237928	0.6226788515295608	0.28405526599231534	-0.7283428030524421	-0.7993663132870145	0.8630756992772111	-0.5702406035636625	-0.24447903934765125	0.20283629842004072	-0.16371465410926683	-0.14354236070810958	-0.5525157571207377	0.6731304122967883	0.8920949771560405	-0.7015981943831366	0.30741258101361735	-0.014250261502396687	-0.05661017500965349	0.170232863361359	0.6666404418965739	0.5339111844871662	0.5223357901383668	-0.3234846547238511	-1.0517540043474358	-0.5598122223575831	0.17916351889294949	-0.41793122980720215	-0.08389294441241822	0.01922608712957527	-0.7559052664490188	-0.5059800108696091	-0.26546725070574034	0.03152160208197643
DTXSID4020086	-4.161490621117304	1.1918773885188156	0.8789293825250412	0.7875096607176277	-1.7580219282208116	-0.36248335801447157	-1.2735870780062302	-0.790321854800856	0.6140328211212872	-1.1605974641999246	-0.3439137248783455	-0.16568160357397652	-0.22751908903164275	1.0342873035874796	0.12081922749988423	0.23118169939346797	0.32555383467755905	0.2681143496963189	0.6948390789112001	-0.37455717558763585	-0.15523511833367656	-0.6147966080659797	-0.8099982665362533	0.8776238928272732	-0.4175229939641832	-0.32147746215052114	0.8839816842134087	0.3556528655214104	-0.02390181901029294	0.6995444401296049	0.14468152226068348	-0.5537384254898182	0.7986238391713626	0.5306901774625583	0.05259432606953803	-0.25825331686099745	0.44574759120313473	-1.0216486690515874	0.37359696268833453	0.004435610280394367	-0.34563183979558115	0.2754943675450263	0.05805389055836441	0.43669164773133506	-0.489788366413302	-0.35469176218136556	-0.3567504066376573	-0.8986342321199093	-0.17218316751966373	-0.4687688841764262	0.2335394193783489	-0.3691469812975004	-0.18252216940889027	0.08814354626894173	0.5401808580601879	-0.6065088342009256	0.20992953811420775	-0.07480434455223965	0.8427260004833305	-0.041402251776004234	0.03267832980102469	0.6570932080663993	-0.6410939224729558	-0.4804827560409747	-0.2712057230035253	0.8767095280074558	0.4303990848992637	-0.5821023544203001	0.5801000085089266	-0.27214258209703573	0.4079186213656903	-1.0339538783758913	0.3095306496159317	0.3628477206344801	0.632518427543205	-0.46006863724795155	0.13334512470458704	-0.25875515502980395	-0.15163441009643824	-0.3812749340286212	0.06675056809681795	0.23629345471297142	-0.3644189965478361	-0.02632128805966512	0.23596208090139914	0.2687030749709941	0.17668774271194207	-0.19524500753866447	-0.4777840163285306	0.04243475314455548	0.06275024073516482	-0.38506760384319977	-0.05040800445256035	0.028172146566389528	0.2651320869136244	-0.005213498165993673	0.22827720432899318	0.15813674007455536	0.11817324612079297	0.019468500245683938
DTXSID6048830	0.9516140481201258	4.117398782778536	-1.4316074468862274	0.5543979515404632	-1.0579678789874607	1.308189357006857	-3.1087178966683986	2.318716067794893	-2.888845797453031	-1.9741121990704977	1.7236521960088895	-0.24268900156272039	2.2937455926145196	1.4481033700422623	0.5844217505510644	-1.2317268554639487	1.5627630554676	1.2154417151006114	1.085304663548567	0.23197881373269869	0.7265157089442442	-0.6087027407425439	-0.4362874138928899	2.0633379072727767	-0.44338722865345204	-0.23166973511382918	1.0796895956391055	-1.592062076225792	0.1360922015039849	0.8421731887335355	0.9913576440592791	-0.9585085211226306	0.13915288474254636	0.047183586590680913	0.41446348106135783	-0.03600816847460607	0.8873101921893525	-0.3434314270903817	0.48898814164812376	-0.029512613119136014	-0.4948399365204367	0.32467724326578845	-1.030368135558981	-0.2249069954234752	-0.2562768228925782	-0.0485400639926542	0.39742927969608727	-0.34118825549165976	-0.2802461766125683	0.308230243401147	-0.16941751312846215	-0.16957141324063987	-0.10570009278809255	-0.28803611759976083	-0.38193569578616615	0.448704695609005	0.34897161996686005	-0.8992575799582156	-0.8133547961911511	0.9311330057006272	-0.9518936225969141	-0.6628185376467028	1.1906811133052275	-0.32503156731626964	-0.26324647168036974	-0.30743094496037127	-1.068177842916713	-0.1594511411293347	-1.666722566310639	-0.20851479736405004	0.6482659322541896	0.541998121306436	-0.516078632195092	-0.6727744009327572	0.22322219215638445	0.34655885886215265	0.2005385961875738	0.5469617399388602	0.40856534378486936	-0.29302167595355555	-0.2342052096945612	0.02244221979441313	-0.14458244869992345	0.6681297414465678	-0.015776995810493386	0.08285135385803548	-0.45841208372276776	0.7324892634064903	0.40144705652989854	-0.2166885438398348	0.8438248957322002	-0.042536378304583546	0.05776241323904943	0.548601480860987	-0.504756206687543	-0.23239216194903917	0.3436236890709317	0.21535168150308825	-0.267936419893028	0.1119176672503984
DTXSID0046486	5.12186259635573	4.215289621081799	0.4124210335829542	1.4393614131796388	-1.0668023445479722	-1.2730232988110493	-0.9794961681140669	0.8616009336070977	-1.0693846459815908	-0.8537219805886531	2.8956480809221565	-0.9813293126034974	0.8445829563750061	0.5504373743964932	3.1171592703393394	-0.6790352529989088	0.12106383675872029	0.48487983778117494	0.7215509445499374	-1.1289154310586427	-0.9454489765843491	-0.11624013810570615	1.2419374087430148	0.3248954437489789	0.46974957121213795	1.2850055664620719	0.5962061319360729	0.3264530818190968	-0.41219164742137576	-0.08543918285017657	-1.0077551281675488	0.0024940188391452157	0.5881340799364988	0.3902531262126774	0.514753684460092	-1.0478659175881115	1.0455544993687513	-0.4006614569518356	0.8965280564323536	0.2840693066394195	0.15369536372277223	0.14794198211010287	-0.3257440667487446	-0.017340013750764695	-0.42883520500495564	-0.10717447828525933	0.017209481435808312	-0.15883212377079398	0.09055906392768129	0.08697060613412523	0.1334165030103138	0.20727162951740838	0.6365449053075904	-0.39142144029457904	0.5378544595716755	-0.7221487023222147	0.8422485882748892	-0.4474901127891545	0.23445527856853987	0.25506503128333974	-0.1814143306334857	0.3232245024771894	-1.078634605205963	-0.20920016954670353	0.2269524613527637	0.12547431435576234	0.5816838843171346	-0.2778034132757102	-0.2770761239000362	-0.2467409985571311	0.6852503855071469	-0.6956473087925505	-0.6406222576146834	-0.44662252816844217	-0.971851632765723	0.9534817087480464	0.3262132659412448	1.0587616552523895	0.5408125528319289	-0.7660515822460973	-1.1979554156845447	-0.3870520130469513	-0.8105887367619707	0.15855142290111582	-0.5818239915789809	-0.21709091742755596	0.49553021375183454	1.134205315116051	0.33736055656280955	-1.2458930294962474	0.0436378382608943	-0.4336620224456125	-0.6924772457405449	-0.09594187263842843	0.052703339454826616	-0.1998114033857938	0.39767747132919284	0.0774130683939244	0.568130167027381	-0.012465470625004969
DTXSID0048636	6.899483251482575	2.8118022891862444	8.1652292112889	-3.8176037416792448	-0.14963329453995028	-4.017939393288314	0.1841961699976715	-0.672241732389304	0.49546461842076134	1.3902825739514806	0.678387777991258	0.1856746431127886	0.7160055490582308	0.04291276364829186	-1.5815767143086659	0.23086007391798116	-0.11279625455495994	-0.440826709363735	0.11111619984266437	-1.3028872700731753	-1.1540381534517565	-0.18155744398805868	2.3171352441482647	-0.6010852009631902	0.9201712943904702	-1.438323551615179	-0.36655412379521213	-0.6640593612384027	0.04605789250577487	-0.07346843764784346	-0.4600766110467718	1.7477387020121844	2.4148916115043417	0.3528432010783949	-3.0075483714209503	-1.1140438923413893	1.71963471919738	-3.078795216477908	-1.3248286372828957	-1.9305455137452223	1.171063901378007	-1.3901396914615578	0.9043140472592281	0.43344480338326186	1.1053060289215562	-1.5744799230754467	-1.834615673917161	0.12769792701512683	0.22963314738524834	0.7197073666540138	-0.31019267551014457	-1.6109468480420244	0.625276927272548	0.07217185297330253	0.7794421426409671	1.4742604725719812	0.673392475716553	-0.5357648835416808	1.2700898330623114	1.580968550932231	-2.005055404540311	1.3940274942284487	-0.10682547665692164	2.2048020594003033	-2.2766693514739553	-0.8710614908908066	2.794019399609952	-1.8807885606138015	0.5299595006281337	-0.8314682577583712	-0.03272038649535059	-0.4113020043207866	-0.5452749569686619	0.926564217909218	1.5204284531846433	-1.0958962708316038	0.20478716892478452	-0.374838255668926	0.20413966749059212	0.7887790216125722	-0.7111849723221709	0.10484635181942792	0.0722403791269775	0.05345266251662903	-0.5782610112181151	-0.004959909720246048	-0.10894792705053213	0.5409123437008047	0.4772532419691813	0.21910560455436176	0.8777535424463837	0.7153137769184587	-0.5942946942472442	-0.5315070190600074	-0.38213206900304675	-0.007216713471991777	0.31094884737558043	-0.8603398971607307	0.07565042025788773	0.7561438793031786
DTXSID8026513	-1.5996406505397363	-3.0380104802124768	0.510287972792316	2.269994198510276	4.945595790617387	-0.22171708475392082	-0.7368159232914737	2.954267613926316	3.0429671705683523	-0.49821562863453195	-2.3194377306034593	-1.2904760689827441	0.28839637091388004	-2.482956666960726	0.2954032581721055	-0.1203663304740708	0.1732628175844319	-0.8346845561979584	1.1720355183161526	0.8622240710424333	-1.696944884753628	0.9134240852737291	-1.164828938549554	-0.772945385021949	-0.012798881636636068	0.8980238903069747	0.9943345551452977	-0.47368853719960125	-0.25784338748571556	-0.7882045796296349	-0.5570662947496887	1.1095472269845728	0.11734532153993799	-0.1353987846566938	-0.13536826860334134	-0.4630136081906491	0.7174518878875646	-0.14145889613184418	-0.3533083584301604	-0.12029260958759663	0.3378709493603669	1.0680283359061804	0.41307595786077067	1.0886122363584851	0.6206018113410716	-0.3759304555752744	-0.3223442399089058	-1.2618134546807338	-0.07409082718337008	0.04288626375705586	0.24104680317435143	-0.8049102597353079	-0.11444929807079238	0.06869185792844679	-0.9736831176058132	0.3190400020310313	-0.3331535937283783	0.3769383445608983	0.060693526526175504	0.6849638994438108	-0.3444539223529057	1.19719728642236	0.20954420819432334	-0.20250324573189	-0.6314805034967209	0.13783636569661178	-0.6081309306132755	0.05186515666953692	1.0882708428887036	-0.30350659113921863	0.049345978882934904	-0.08171653779859213	0.019852733580146737	0.8530640834488254	1.5980611319970621	-2.3089405447707745	-1.4627562685789908	0.32947356674985967	-1.4297205973587546	0.7527468709408467	0.18508889850194285	-0.8787927748790657	0.9897035852989049	0.5699509623017642	-1.3584088889032797	-0.1474066799723548	0.7344868089388501	1.0084631201229879	-0.23328562840275022	-1.2132505006137855	-0.2581275626457764	-0.1807875104423687	-1.5687678930802853	0.44485594086608377	0.42410464133396386	-1.4603531341076557	-0.4144526584225575	-0.10800596479801067	0.5731411604449633	-0.6334894956977787
DTXSID6046923	21.04039994324848	7.355442398939401	14.817191617257937	-2.6867828358145647	-1.1530051427744414	-4.662295368163149	2.2731912269956176	-2.571735527177852	0.0747200469779883	2.4556753404029856	-0.9579314071457384	1.1425688499784026	2.4855791190362417	-0.7308786047025695	-0.5348858945283546	-1.4569390915746792	2.0946533980225386	-0.5966265118240199	1.4695417500976293	-2.203881682154307	-1.682045638084482	-1.128088011701321	3.2315393659675213	0.437209326528625	0.19490207181272567	-2.8729365792578565	-0.5454495136030189	-1.9660468084746923	-0.2147425104460682	0.879119087916571	-1.1055137936582904	0.40275069900046434	3.8833054120410004	1.0387355484775733	-2.897281841365053	-1.5291946579700866	2.378771855999504	-3.7080387427967887	-1.741551294253475	-2.6363409642000866	1.4825756504488043	-1.3708235140710407	0.5641873785745265	-0.7994921926133133	0.5426362544546475	-1.864183196216028	-2.580840265166445	0.3549313622258646	-0.10282190101309079	0.23081724866668396	-0.3080756739354803	-1.8684252598956341	0.51587217489258	0.1675800012450349	0.6432393818595713	2.6242030211898126	1.619487570771144	-0.3036399869484088	1.8805840194578112	1.7355223695462592	-2.110988001436657	1.6058707443399907	-0.3981984942885775	0.243073085339802	-1.928994551090049	0.04275000686379983	1.6229354646444236	-0.7892276027345878	-0.49040567447769384	-0.13289737904558196	0.6455744820161811	-1.2937257423443156	-0.24143609977029382	1.3106241432485748	1.2682926357824775	-1.431587940215446	-0.04325214943959566	-0.22592264889370722	1.0748532814042362	-0.6904131723321647	-0.3466076655921074	0.2573261609490137	0.1871571880759349	-0.6144304028513629	-0.16660025704679685	-0.2303195534329878	-1.2107497501676139	-1.263357228935561	-0.6134482749716909	-0.4086810684359095	-0.9012983376215087	0.3005714350875928	0.297172989357841	0.4809021622798444	-1.5101752572360627	-1.0158382054973405	-1.0438250222805407	-1.0492732461905792	0.44789753877240335	-0.949673660545462
DTXSID9021897	-6.437079862609154	-0.7192291354706261	0.036087747628211805	1.879612258167561	0.13172345348825548	-0.1563827583359643	2.043309994528616	-1.3259889097003894	-0.14049731216132805	-1.5020433477951065	0.3278232825132546	-0.10221825046956048	-0.10662551710503354	-0.2314032565299149	0.2148673947529871	-0.13462848299157187	-0.0728906255464949	0.006786927220002491	-0.8455556292209534	0.317942883620019	-1.4744779263675767	-0.8556304356194259	1.1937395445643708	0.008226930863476015	1.0790967332350623	-1.5249205712544263	-0.5648110641984395	-0.2470921260309417	0.646207384670078	-0.4786051357539128	0.9578785847083505	-0.698180926150446	-0.24787425717657877	-0.0056586618812780095	0.5128915021387953	-0.397183676756091	0.046123199768824105	0.31016641493452995	-1.0029658747008605	0.5419940946523836	0.046218798333329064	-0.29350078079970565	0.6381867320986057	0.9813612681928509	-0.8685114689473417	-0.14275917884397712	0.30927063569192853	-0.5915272668664522	0.34123002862899	0.4004126832168957	0.24654765354301966	-0.4503855133277265	-0.02574845740489604	-0.46121263299708215	-0.36030227414099975	-0.43376458089433884	0.2026813869453133	-0.6944743291059625	0.18539464448696535	-0.8723384371012044	0.19829454092721202	-0.3218919054747582	0.4194061878961395	-0.2750585015029578	-0.10075830131639009	0.5761968907345786	-0.02109453712042319	0.29788040521485804	0.15194395567413493	-0.11340734009468192	-0.14307483119744954	0.3005155830448307	-0.38365013018119476	0.5171914228040692	0.21530991490609214	-0.2601502010725129	-0.3990328054112334	-0.08098549344797744	-0.30156894551314106	-0.38676593746715676	0.2533900459651366	0.3423136444201046	-0.3421642073015796	-0.01889470924053712	0.29799734895826663	-0.10503140224509061	-0.19593819563140355	-0.3748805220400663	-0.1748161061850718	0.05650109743912928	-0.3487324646919157	-0.1286310939575715	-0.21785686792805453	-0.48744930248579044	0.18522301688781667	-0.4882070004733498	0.005264619107140885	-0.07703233665242318	0.12172436038463993	-0.13574687556209225
DTXSID4032580	6.549858151314614	3.082688867028419	-1.304483006816342	-2.5082350369478674	0.7362625997388166	-0.17364728998090648	-0.8209284577774864	-0.9987953043226528	0.5279433033182721	-2.3374753468890743	0.5377437503337658	1.1774389350107337	-1.1783022323959775	3.398725103280771	-0.3571972558590563	0.7545416952359089	0.800701960070385	-0.7844342700098876	-0.41379583776753653	-1.4906663959701274	-0.6012685059206282	-0.9266703291493961	-0.277644473886756	0.5502761057521569	-1.4126984256417998	-1.2458241596628712	-1.1111292992022448	0.8616215503811272	0.4837218212658568	-1.1035991668768559	-0.3235236385452245	2.206153673966089	-0.47337872301408	0.5185679023390214	-2.323160115671856	0.0657152281033174	2.5971339970565785	-4.862047822351898	0.018089793463836944	2.6968300530509794	-0.7778935855892993	-4.773825947974586	0.6370592347035489	-2.3420552646167807	1.897497719366569	-1.3697456238558854	2.7819200272708504	-6.635797888005585	-8.582137702763363	7.134886003526649	1.3723175082268797	2.4685944871681955	-0.627734127210888	12.460487108133696	-1.7641128215471589	-3.466007083062063	-0.4765162967009376	1.6951294903296366	-0.502025779565404	-3.3937012991048547	-0.26209481407893787	0.14140164481854392	-0.26967436793626093	-2.870946580830098	3.5905652851491725	-2.4345163046334464	-1.0288409467761919	1.9932281208640101	0.7286579042978287	-0.5066982631758329	-0.24569143274202795	-0.25241398943974697	-0.35131182731041377	-0.5931902171283581	-1.84689125185856	0.5648561266765352	-0.1569371179786898	0.26154133924476214	-0.20462898631895274	0.5734602376340979	-0.026619003337175845	0.5290143571640438	-0.107508946867084	0.039246521595916975	0.11712711261440123	0.2611043834003402	0.04149818866272533	0.22963558143569288	0.36269740460647726	-0.5521715804433929	0.41844021865381326	-0.3631363003621613	0.20369339117561747	1.4183920439076612	-0.08509109692156873	-0.18518149930712174	1.1367199232657155	-0.09930892960282585	-0.44462074206927843	0.3143062265456783
DTXSID2022624	11.025279467472071	-6.823981760548798	-4.756543026113916	2.5746391961705175	-1.625144530362675	-3.679120525896127	-0.24553881851171935	1.507045939073263	-0.6701389340998462	6.086451061271436	-0.780326554322515	-0.8317808398357992	-0.8895713637559308	4.003934564302122	-0.851500836422521	-1.996879888320127	-1.0536898494098141	-0.03621259482822061	0.1988238100302831	-0.8580448920960705	-1.06281824193611	-0.14722128237065285	-0.2629745221204336	0.5855523824685822	-3.0553103484769424	-0.3009071057149919	-0.36264726702953903	-0.7439183674992248	-1.2321025472630884	-0.771703764703811	-1.026605247304539	0.3055221207096678	0.5057192094804506	2.743843822371211	-0.18180107819018237	-2.5142297052469442	-1.4708726317938892	-0.01918959607475902	0.28967284245272557	1.4396139894714248	-0.20099808241470252	0.4958045164607156	0.9300152690563727	0.04583219809853829	-1.5597723760329345	0.014811790351098766	-1.0904836377574278	-0.8147528535957312	0.03602745551095223	-0.4813352934276862	0.3058499949398953	-0.3558270250486182	-0.41082237817141526	0.24917806657642327	-0.09964281444320595	0.6346253325770428	0.6892393361366985	1.6111131930335922	-0.4782712007136312	-1.6017042804995767	1.2526242744360079	0.5446245992699886	-0.7183780651532801	-1.7409144136401382	0.945560347867158	0.9314891949561956	-0.5165684208242958	-0.4418736248631075	-0.035132903694287045	-1.374395139871348	0.42561141219660165	0.36287866013720044	-0.7186825948662001	-1.3252949242403573	1.3984364785456849	-1.6660140289943313	0.14218250829856782	-0.7707540084939153	0.3648401229071682	-0.7058291020006844	1.0017323770283875	-0.7379152807450847	1.710544758137232	2.1539911950429236	-1.3911204444386671	-0.012010211328285624	-2.444637953441245	-0.8691985891056957	0.9048428379527659	-0.3615291387819912	0.20810712482519877	1.518492740554708	1.0924053532016003	-0.4314569280601338	2.2627142436795196	0.0731424977211214	-1.9099214996544955	-0.7472987173718733	0.2662331892081225	-0.8765008682859818
DTXSID4023622	-2.84748154733011	-0.12563570709893698	-3.1369657470317005	-0.011598318054287316	0.02360982385003549	0.2683656898630809	0.059099832793752964	-1.4961368890725215	0.6990670400171755	3.8998924466911067	-0.4625767820313532	-1.602513478419651	-1.591087807317675	0.7729222681060923	-1.546087104623315	-2.7571113887313468	1.6966578075319396	-0.005791090542211517	-1.4483638181524738	0.8672346903671276	1.8708330638414323	0.30223886035070013	-1.8014114638550769	0.17358068789219777	0.5480774886933074	0.7177303724305851	0.5121424806744901	-0.13827700224194955	-0.7149896094928663	-0.0007452803083260668	-0.8855783628773158	0.3629309235334755	-0.20088548888686145	-0.5923913342995968	-0.4490033154964662	-1.1175522453357405	-0.1950542469417979	-0.39451228171370484	0.3362817655142062	0.3045754545327177	1.054487779489359	1.1432858417167966	0.47231406818725347	0.5917315337656068	-0.20158225324575663	-0.011036820950356789	-0.8136867259625284	0.3353991809621306	-0.21872840863437204	-0.23294663340341976	-0.02956445610194044	-0.4750060399475402	0.24416879658518317	0.5174310905488374	-0.7580020756839949	-0.5479135546706153	0.4914995525186431	-0.5055814377116731	0.1483855093746137	-1.0497157921458915	-0.2637665266907168	-0.09504988664418887	0.17326883513992786	0.4655143558175051	0.21391622318810116	-0.36006476132630966	-0.12768586643673582	0.26887675357156154	-0.4276497819105126	-0.02494817385179116	0.322667978024546	0.45849957730191604	-0.14908085114214378	0.15195588834860266	0.07828196584908753	-0.004730160454316056	-0.29983798027398617	-0.5430945750317347	-0.4089601967538789	-0.18905325744521725	0.4576771792432903	-0.19359742291345736	-0.06594519953317164	0.29753588951075977	-0.5872093460321299	0.10394699224859466	-0.7760900867162617	-0.7035743624224484	-0.16293963716650237	-0.7517686819730445	-0.2467127475411721	0.7075009018913913	-0.6954904677513929	-0.18631816781742994	0.24764316216508597	-0.34936697506893166	-0.4673579363098064	-0.5364117330979753	0.10500772371329162	0.34302349104774504
DTXSID0047115	-2.94166202676273	-1.453911499120236	1.774420489845567	-0.7178931617779724	0.8599736820167625	-1.1396336163840604	-1.207415288238001	-0.7476781814871958	-0.9098337226373109	0.11694690509862213	2.7953361898307767	-1.2917329011821186	1.6537995758002433	-0.2695227258100378	1.268160454798561	-0.9983024964306937	1.0615011389401368	0.5465630549728074	-0.19492757316351125	-0.6104005342000608	-0.2149526201307161	-0.2120183674581012	1.096378418442801	0.06962715440697057	0.5508735625830756	0.08768009963525407	0.13161156399856208	-0.3959379199168623	-0.23446969848119553	0.35899906497182604	-0.37204200344746646	0.550642403844101	0.5120018303841419	0.11714841777297301	-0.8135749554873222	-0.7614065388833989	0.95603224926503	-1.0670044032625865	-0.10433849325846639	-0.03510635916263175	-0.11203547195676397	-0.5027825412752469	-0.19046170897268488	0.2501262642904512	0.34374109874634146	-0.6855829305768938	-0.1812002985953666	-0.528536141844796	0.11489721626574088	0.1767342927590436	0.03568799957852409	-0.6725076520936343	0.3926525432846013	-0.21252261099596406	0.4226440463049307	-0.08029411180904863	0.46676745429341177	-0.9281930739317577	0.5588112900591623	0.6732607545632778	-0.4905133874563241	-0.16036219959808054	-0.1396822468125953	1.077979466362578	-0.644106365080939	0.2360332809646731	0.6602274764149488	-0.9067925120313727	0.044227320044304456	-0.24533635792852787	0.5153535552208088	-0.4865746645573214	0.1454336011812632	0.38310894268982376	0.687683568991884	-0.33756510986623145	0.3017283403752601	-0.4751147889952198	0.12594573853722452	-0.3423348062514523	-0.1772605349986864	0.10377213310082775	-0.29891568030847565	-0.31396905232244077	0.09492912482446862	0.11577035692165609	0.11733526510415293	-0.3921374460647766	-0.06283039807771854	0.16247857409519262	-0.06194781519037667	0.04060363904622948	-0.5257970070303744	0.24014030873712836	0.11156184778920615	0.25244846782886105	-0.42511729224520917	-0.33329136651225233	-0.011027000280129476	0.14682479575322327
DTXSID8020620	0.05231436673941284	1.3056554694798703	0.1633952702456148	-0.8818538462828625	-1.9889058652648401	0.8309304743231296	0.20349934587692126	1.944754922583832	-1.6582834007358223	-0.08760442429987793	-1.0621443328561122	0.6873282340891089	-0.25967413240697723	0.8125620382113886	1.3449550772982128	0.3554130327055276	0.44232194225221033	0.5894399165585168	-0.8086841188029998	-1.32427940152475	-0.5653345415725084	-0.9658059374662772	0.7748980909578903	-0.5190336846211409	0.9963249574567018	1.7473096536650354	-0.3376770261097881	0.478079838588442	-1.8229912835054312	1.7892414476260787	0.30648139736731966	-1.896784658748872	-0.2759667718243628	0.42390220102126275	0.5319239669124944	0.32261924591444435	-0.04586797977823077	-1.7619070135390433	0.1921691889683226	-0.08768725480757514	-0.27618779867676924	-0.27212200514731116	1.6657184631270519	0.6005585011192395	-1.0241820123735232	1.5626084593449476	0.9686936880828908	0.13137836066550404	-0.29770410009497067	-0.052606929498917744	-0.06477151927228114	0.019389245714318347	0.9743236276563823	-0.3075127064298611	0.7165177400111128	-1.1083582176220974	-0.6647522313769542	-0.8518228422741838	-0.7372844213197699	-0.985944382659977	0.385982608822049	0.6115574808959392	-0.35999859106045473	0.5943025812475015	-0.16809444320359898	1.2444210526053336	-0.8802332551271197	0.32774984533422513	-2.154042687321897	0.4197144388654875	-0.7593525661183602	-1.7531183583835637	-1.9777439395991714	-0.1877757463266504	-0.37794943550810245	-0.49117500718040424	-0.545537027579462	-0.022236947496948788	0.15428411868503222	0.48340248974544103	0.3368403077580488	0.9733882970435045	1.1927656256644223	-0.2501513250118004	-0.32440387160699663	-0.7806657463171799	-0.5625670610010215	-1.105857142822379	0.7274803328879416	-0.4825014642018074	0.7787138499560683	-0.8921713089683633	-0.7505906744424431	0.23106674748749678	-0.6150514339227079	0.062324588022809956	-0.10315201716706186	-0.3335222383137649	-0.8045735956771837	-0.040328918525701626
DTXSID8031077	6.849302568995697	5.00265805368364	-1.8440004075325944	1.6213597193086144	-0.7026878533999315	-0.6234620861247722	-6.889092043007101	-4.382076725816675	-4.955021106252385	-3.67957423069164	-8.190513394546374	-0.18488862146395862	7.9259431075095295	3.5891850495475683	-1.6697640216248517	0.15456863554651448	-4.595108288434772	-0.5606139242361355	-0.9061741953947537	3.3745509877357125	1.4641006948752713	1.0418636693737753	-1.5466967846371307	-0.06601780019685652	0.7685003350053837	0.0037605239462491133	3.1855170642281583	1.2432729085704877	-0.8118948265855573	1.7044507125326878	0.8575490815990946	-0.07293156191305061	2.650954518801206	2.6839270842405027	-0.9403980917792453	-0.8526010610388005	-0.1163469052167104	-1.3818173761882637	0.5236529061129032	-0.8770318510793503	-0.5741486582964509	-0.08595533789077729	-0.20357963685118988	-0.07093141217838077	-0.42485467365755175	-0.35611579294886236	0.028538983170008792	-0.8190116949445445	-0.30586140942459933	-0.5943321090252955	0.26025192280094445	-0.40441036179466827	-0.4924313074002052	0.6038385160934011	1.9704565374794833	-0.05125275883666745	0.48061914575794557	0.4580222234352956	0.6500214801671316	-0.9696046195732224	-0.25985272988621455	1.0803223531850816	-0.3913633563853613	-1.107146686202013	-0.2809199753874768	0.1738540064843926	0.7192830998043361	-0.5725818187056042	1.956093461629666	0.2767832243407448	-1.052628110995096	-2.0982864251608984	1.1090034768663017	-1.292540319346333	1.5487695622540694	-0.6319366296055215	0.43179106993813915	0.5616952945795957	-0.7432468897641722	1.3976153725674316	2.512829969076296	0.02472485592137268	-1.0633012087788136	0.1993829740501639	-0.03763737364488246	1.0946143567708628	2.2376208129439057	0.754777739427551	0.4273831321601744	-0.8498816497542067	0.218468171493005	-0.747693072613983	0.7170064569548531	-0.6859309479210441	1.7654584654922054	0.7855244064953054	-0.41798140270684614	-0.5473719856450285	-0.6967786718198603	-0.33485916056393317
DTXSID1040110	-5.468093979395937	-3.192692075439686	0.8843518976001354	-0.49646480859653985	0.895550385101541	-0.6481822095699884	-0.9939274984639976	-0.03333434314643266	-0.34662659343565977	-1.3198444280784838	-0.7877950867980297	0.12072062543631627	-0.6952993156155579	1.3895660458518742	-0.30917517137011014	-0.06022729579873377	0.13721547991252833	-0.224616569803432	0.3917263660650799	-0.24800137403616102	0.5441333198452176	-0.14822402075895283	0.40557295365249096	-0.21968974560066218	0.2602537436043081	-0.2331833139376148	-0.5728984722560545	0.13731442259152754	0.0003119860609464092	-0.19991441337484664	0.2858723602387377	0.05286881338998988	0.2261426830075552	-0.41241226194030295	-0.23301738204268424	0.07158850501428032	0.15919221001315112	0.20514151676598746	-0.04577284304448628	0.3090554840490312	-0.10303582705534119	-0.004557375799075574	-0.48976111783568144	0.07477428416507177	-0.47001231266365556	0.1667788434568415	0.24435718256732464	-0.10111273063061209	0.05832684070654597	0.1344480806627872	-0.03412547638326267	-0.008359859174180936	-0.0454995673821383	-0.10922059294560625	0.01010973580663242	0.0056707776843941	-0.1193249285820724	0.06857757781328332	-0.37824373760322844	-0.007955625592934175	0.10603036194838214	0.11648084728578352	0.6639064614892705	0.25578877624153395	-0.2782752889277276	-0.6707925059181168	0.056715396244223434	-0.4937849425446609	-0.2636998699935683	0.5289164409831403	0.15251746932852975	0.346011352019115	-0.1277612310056098	-0.12466033079261434	-0.6972682075618999	0.007139869035938953	-0.424002911034064	0.2865515917985015	0.20845395003883513	-0.395510998432409	0.1652403416339354	-0.3190762759883654	-0.024521762221197205	-0.21179271702708333	-0.04782456076325559	0.041213274067594646	0.13679664398072802	-0.15043016283326888	-0.058880316584939384	0.030402495644311498	0.3548101546700105	0.10489353984851289	0.08291712472656157	-0.2899686139169259	-0.1250881498793604	-0.21559721366047635	0.15169307325895473	0.17043620228197698	-0.21567027496016894	0.13903576047758492
DTXSID6043919	-3.280156047102657	-6.149928898131777	-2.929143010619288	-0.2919291423455273	-3.2054511554164957	-0.8770260749058558	-2.1619317211255606	-0.4438965823378065	0.33586298315580687	1.1593488619556989	0.7812771161267097	0.026471577865725203	0.7702232793013177	-0.6827215210488273	-1.4312873964382273	1.608788670329179	-0.6909163165200032	1.0277522714046758	-1.2996486419362125	-0.5962616673174778	-0.24443808720804933	-0.46278640766046025	-1.820353287726743	-0.517933190607742	-1.8270394663725935	-0.03509290898009372	-0.4203602891735018	0.8170166482748589	0.40718250774306547	-0.836679220810024	0.14101239006978322	0.23739531503841774	-0.5014205318864755	-0.4132141275395911	0.5557248770973366	0.28117669219826885	-0.010263392947447113	0.5891565176910619	0.3695043871085586	-0.6706153881651918	0.0055100225520533135	0.058564582034372134	0.3910199139299226	0.40977890858949967	0.38104118264036185	0.4739690831866406	0.05991031690506035	-0.2451017604678443	0.04412736849357122	-0.0475117809964035	-0.0407736852572562	-0.04113877455206887	-0.1598477558273244	-0.047756639584515544	-0.3759417242322671	-0.215156338045634	-0.040665461280042565	-0.30588751460180436	-0.24148947260891682	0.6358267891841762	-0.5881952710201045	-0.19965992075953967	0.20472118379988663	0.4705330702095262	-0.7481554879967048	0.3609394114801752	0.8741450872880348	0.640869257513941	-0.19158385092769734	-0.6929671871083758	0.016883070039532207	0.17126471894332404	-0.2052724145994004	0.20226547965259523	0.0490549759049948	-0.4694303264015698	-0.5647034388758435	-0.26827769566218507	-0.09024461618744975	0.3993024579532308	-0.2658201346472534	0.611833487861371	0.3015710410093439	-0.04347841222633374	0.3418985588828491	0.2246221243650523	0.5194388347058644	-0.10743612016822296	-0.2092185156376666	0.03953135168588511	0.09410289049219071	0.21991881310099382	0.17490774997597933	0.1725285160304426	-0.4137115822841979	0.013371525412630588	-0.06912918820828083	-0.19775491470090406	-0.14343506072212817	0.5733383360874631
DTXSID1020932	-4.913335694434022	-1.2837949551991654	-1.774467513600018	1.5210357595972093	1.6964310080405625	-0.6634864278311606	0.6693336744878063	-1.0327607951557236	-1.9860152277739815	-2.120418607297723	3.1130217724484273	-1.0738568127571992	1.2282447331054662	-0.5716622353644415	1.2463722410895548	-1.9015938978306755	0.6240294500833462	0.024963512695959963	-0.8053300348230965	1.0103818735931454	-0.5705910736230162	-0.5848087306802197	0.5047844551177809	0.6241625758313799	0.47049402361566767	-1.613324966525014	-0.4274802119331174	0.8023375187231125	0.9282112260443306	-0.6492604954474972	1.6323593480175258	-0.7417288780664526	-0.27822665727483664	-1.2362791863771279	-0.5613112652818754	0.5073042808246119	-0.6860870003604536	0.3745684731488578	-1.829491379197534	0.04523010009554237	0.919331280091282	-0.318770286688939	1.8557231043116242	0.4671274453559102	-0.9681404789477813	-0.2859248525203439	-0.49067074493336493	0.5546440886752763	0.28186915377867655	0.18147153330682586	0.33158281457964073	0.32023145295963334	-0.03501188678739517	0.33421679125362624	-0.23241223446308024	-0.11876975278323919	0.15192651898063028	0.6625173892655387	0.5847869522831773	-0.7433568197410102	0.7379354882414318	0.6344141607893667	-0.29573239302571497	-0.7360732127669786	0.07202792232417819	0.7590959604202666	0.31774206675009703	-0.3261183732318244	-0.023848984124998737	0.04474255351555751	-0.6273437879094935	0.16182504389586713	-0.1427773672085215	-0.02198155289271225	-0.01717673073340686	-0.053605375336373474	-0.6958704422329675	0.1843761079943522	-0.13612090385349354	-0.30502084475387314	0.03849391332627582	-0.166469119233705	0.13492632090525009	0.23655628409685694	0.10810618308326639	-0.023423624930408466	-0.29746962462707055	-0.0764395403509403	-0.09491702436504464	-0.16595957946599268	0.019511880826551843	-0.33560017160131267	-0.07155964214888567	-0.19601590344927527	0.020347446072031667	-0.4451205579281953	-0.06398453733464303	-0.1299393657102473	0.06966870242176117	-0.0864143520628732
DTXSID8049410	-6.324440173288389	-0.7540233853001156	-1.1141006592187426	0.5102579155524765	0.10099916042003111	-0.4665306566218795	1.4790466039721544	-0.4333189727998381	-0.07774573832096347	-1.1534165670905991	0.6953268692949378	0.08012092404916311	-0.41529228345684005	-0.8782899591839071	-0.7181517517718264	1.0635335567699726	-1.8284725321020017	-0.01401078514904275	-0.5434265635787493	1.6905984567117935	-1.0541578888730825	0.6512357770745226	-1.954562225982401	-1.0988451250260103	1.172387843051574	-0.8149910347125908	-0.10324619287497139	0.12551435821133405	0.8761869546880517	-0.3805391260443149	1.2126514459543543	-0.19979095151514548	-0.4087093845564746	-0.23491572910332428	-0.034830561248686144	-0.07656983749412229	-0.22057629206062607	-0.671693012813792	-0.2944499361807696	0.2905836948042858	0.028830930248730506	-0.312980127586069	-0.2673442403777981	0.28804037407611643	0.1613811130079327	0.3898829033163394	-0.05476004283894918	-0.04003790294128157	-0.02603884801735687	-0.04477709722189737	-0.2616588176815357	-0.39736881726815243	-0.4879780094497097	0.10709291865464095	0.0660880206839634	-0.28045729056431634	-0.6026226787033567	0.19590540587758346	-0.46159648133702436	0.03155179706472293	-0.7007445260300708	-0.1765273344639132	0.4005536860048683	1.1281478312426951	-0.48897604548386564	-0.1709649351558443	-0.7101122357001358	-0.21737011211845403	-0.7874612331420656	-1.0811317938320018	0.4583980828872041	0.013066714772261918	0.5426993612303695	0.07365349415952754	0.39858969932884086	-0.2056538931325238	0.5371862583182352	-0.775514475778077	0.6043685718382116	0.5075782298513593	-0.11476592527165733	-0.6732970893031799	0.2138620211409209	-1.219090493004776	0.2750219675943103	0.2258131499630533	-0.14078155369791684	0.661074286186248	0.5583164741912982	0.25204675751557953	0.39406740232222837	-0.2462007624877721	-0.20995500124332378	-0.8590335985020248	-0.28156853318758857	-1.779880344926892	-0.0016478787433052192	0.05029682433046975	0.18731324342705413	-0.22908710004850008
DTXSID2045529	8.397623374939908	7.244021765731095	-2.5179651868241253	0.4718078995704525	-2.1690421127383543	1.7987191678974321	5.553972831562468	4.504225574026064	-4.125849859920631	-2.6883034048773307	0.7586430931784678	1.8148492341171452	0.013799201057247351	-0.36614462636582623	-1.543556521821694	-1.2927752406362905	0.5936097098233154	-0.6723944401701433	-1.021014578296442	-1.3387228528078416	-1.7345828637237604	-1.7813209910724546	1.3738170395769647	0.5569408359597177	-0.9928345134926297	1.7361452167247513	-0.5738150784442186	1.5434469662248589	0.6481714827601601	-1.9372355666482848	-0.943438921653923	0.9659534522409712	0.578931373172794	3.4034837394576147	1.2571692955963416	1.6516074263099414	0.7983770400477123	2.1685608749473473	-0.5502508308423434	0.259401655910961	1.9049388808520482	-2.3045788486672034	-1.811185763876279	3.605264146345779	-0.4185782404537538	0.668635226169808	-0.9501108130740011	1.089559066269322	-2.1675460155838437	-2.1326114753112053	-0.42640425389991876	0.28442380932801636	-2.3128614828545064	2.4876314192554885	-1.8011806454603425	-0.46808412547692296	-1.4748744337069173	-2.3675824428136387	-1.61648556171058	3.9762136300350774	3.1552402111954523	-0.7725880122226496	1.2206843010767987	0.6879206098228783	1.9698717713622818	-0.8093881671062201	1.6074336054045617	-3.345181964019305	-0.9199467336030912	-0.17237868837522788	0.45261872906748185	-1.2789584732530832	1.6921915144666317	-0.5453037490513799	1.0336052279590155	-0.7067859602759854	0.544607683724354	-1.3841067742498372	0.056084296612310895	0.48843372178296374	-0.8173143200840206	-0.32626309914577095	1.2712158022583746	-0.14661243785367634	-0.3935811717498821	-0.7981830877733684	-0.373890602839079	0.3835515614475078	-0.7428688679367614	0.5791720263519473	-1.3436750398068031	-0.2532343895405849	0.4244801740267597	-1.6153355484755463	-0.6128093734216572	-0.15333226315355794	-0.9673989898077305	-1.1179500457034193	-0.3536914374646579	-0.008756340901278307
DTXSID7027542	9.62103274206378	2.126930695552204	-7.79135196608463	-4.115930592990978	5.620824018126745	1.5307822808026947	-2.9656469308204048	-5.523281743354936	-2.7001205299403677	1.6667973505967546	-1.0373514301029794	11.102079706752393	-6.719109808607823	-6.866138225184034	2.3351507966311984	-0.7750854747121192	-1.5091927372742722	-0.5591468365184327	1.5711969159896866	-1.7194202346312324	-0.39271577607351527	0.01489718680941926	-0.4735990420439732	-0.7823438897098707	-0.18026119355739462	0.2545217493684285	1.2981299691012729	-1.1268386992751984	1.1243063447026571	-0.07141939498630716	-1.30586992995362	-1.071810945983473	-0.5424211181247259	-0.1536188035391529	-0.2609371000535216	-0.7846762806909776	1.71064743816752	0.9524581868120052	0.21782081073775053	-0.20504749982073286	0.5093582699032995	-0.7109881930477293	1.0386674330844439	0.2004782404464503	-0.3091290191258991	0.5766708235938975	-0.8077634298149923	0.7680942566564498	1.157100743841579	1.1608490219971217	0.11802844745354023	0.6261824633863711	0.25698348745691413	0.2185506790308916	0.7383671782054402	-0.27773599681655925	0.33922811685556237	-0.3870417148313097	0.777315836120569	0.4776683805600347	-1.0866250361620924	0.04990511510851457	-0.1813865733047476	0.4960549188797335	-0.27630874007380474	-1.2558680860697795	0.7339182645932326	-1.118263551731632	-0.20421066920153222	0.46854755463668163	1.1315150631408475	-1.9081200116580082	-0.35555708840548117	-0.6752011306102216	0.7742565686709302	0.7366157204982794	1.1725233931502594	-1.6256255000092168	-0.04707410594103248	-0.7675966657855275	-0.9704825072299753	-0.743619902787088	0.8672471472475098	1.4112506647628282	0.3206181855253621	0.8690997245529364	1.1316473278977446	-0.12905319665874773	1.9603063250597024	2.5522933386024356	-0.7079275292975202	1.4971196587837252	-0.43477342497099797	2.1978548150239665	1.1312655505779816	0.06317893127592143	1.12324376703242	0.6264362191807614	-0.08632758005209307	0.01474253588166576
DTXSID5022562	1.8310830752039875	5.127745919922962	-2.9871821444250193	3.0590065378389446	0.41134384106920135	-0.494801416336432	2.233555831997988	-1.6488429678214245	0.07235539690417242	0.6149543186505088	0.4625115980050947	-0.18355696009108333	-0.9955163393803991	1.8991034377138647	-0.9387579221457983	-1.2918961344644175	0.06911498444488316	0.37837141812650926	0.5898880810960457	0.3414205807677491	-0.6511404791478674	-0.2487568932857842	-0.16737105742487987	0.450992328104969	-0.2325941864353647	0.17035996749542012	-0.5646985943030705	-0.029780989570803586	0.05545128846919942	0.14975054266239674	0.48601359504800795	-0.09027823199409958	-0.06584962274534256	-0.22200561799169052	0.08121357057270805	0.3659339375861364	0.4510497431839247	0.95271734104561	-0.18758339878136732	0.12888849845183906	-0.7981374883515722	0.10360687441446607	-0.4810651851940547	-0.1993753223635435	0.2645231631451299	0.271806039016213	0.34060552049069664	-0.5364532570264786	0.03159014552260329	-0.31945259274560184	-0.11597433329378033	-0.059554426975028024	-0.19874201673729233	-0.4484250020459632	-0.6513063048844597	0.564136396357898	-0.5845497661976619	0.3082817149519531	-0.5165457355028278	0.0477565927889942	0.010958451033073595	0.050911707575484924	0.616600345206014	-0.21432141636943525	-0.014730102059903388	-1.023267528038766	-0.4542935733128289	-0.5094803738619474	-0.07438483628215802	0.6394342427788549	0.33592166071755	-0.20041210332958587	-0.23629256577688498	-0.7841392418318807	0.7594297385766353	-0.8964600386168982	0.05994532830716545	0.940064051126536	0.9630182163677883	-0.31619703458338144	-1.3140199540905595	0.675574633340977	-1.5467840301681954	-0.7426808000140079	0.36622785484836995	-0.6571631817986358	-0.680827833118335	-0.046309931891446623	0.7605585375280094	0.3143059816546725	0.27236376454860667	0.6547637374899825	-0.43231296924524965	0.5041693957786221	0.46426022398408745	-0.04587486986059931	0.8498979974008731	0.2730862066430397	-0.46540479018090175	-0.2655611193410006
DTXSID8029280	-1.7520397303184043	-1.3374342827581598	-3.772691381735817	1.6661880145546253	2.6599942206089193	-1.0524777659981022	2.9784466691577887	-1.0948312666477091	-0.950002219623508	1.793165153764332	0.20524907503263676	0.7441068848041512	-1.1168607721340145	1.0719776207193448	-0.10310312936100405	-0.5465800307967126	-1.13879758743801	-0.35509301480312383	-0.8833646229513851	0.7826625162803731	-1.8808934277654985	0.9261723626107665	-0.5812689813029714	-1.3081486343484432	-0.11414236800604277	0.021724109811355943	0.1677922739245018	1.4284049444340068	1.0439236415377995	-1.0861442354997277	-0.11173882344456242	0.22994407855124582	-1.6099772829868726	-1.1384352756117946	0.688799090807984	-0.14222550446258567	-0.5095665438305644	-4.194932135798869	-2.5998796447381682	1.1775822622459464	-3.7201246274429893	-1.4754001451835022	-4.279542019840875	0.4167438665430857	0.8342774757949061	-0.13422941174482125	2.170098832963237	5.039691076151602	-1.6327349373246312	-4.51709598260964	-1.014111177372878	0.6341648944164715	1.9789196723528384	0.2725196777612778	-3.7500991356490685	2.071144732258364	4.900241973643339	-2.8403506426880214	0.29522930317196905	-1.849261996900563	-0.6643105922071912	4.573309537206534	-1.3972413698939377	-0.6105794644706616	1.885105185674542	-0.9939181868547687	-1.6990105125888135	0.6123322368028943	1.0200402153989394	-0.9832816387436164	1.37327996823881	-0.4454307807842473	0.4352022016816287	0.5763790525442106	-0.025939183250313073	-0.8088213377265787	0.15823469902538426	0.7456954644558798	-0.23327138009151083	0.9243684560197718	-0.39629832392804726	-0.9114715485826419	0.5737393617449322	0.503848500599834	-0.37515243387704794	0.23713552593378956	-0.6626769348401217	0.07661327621496954	0.5523957925958269	0.05474785911219884	0.6914657635933625	-0.062462197408760294	-0.02322525106646963	0.11364044525695682	-0.9628338857496745	0.30277085225434386	0.3524698897511428	0.18938914567569173	-0.31228870573492806	-0.518951098530353
DTXSID0048185	17.905027085548003	11.829871226798193	-1.815572861844826	5.152769785336382	-7.473459068313608	0.6786073392049291	-5.912221868397473	-7.214391024184883	-5.662531773993078	-0.893013178647956	-13.752306498878072	-1.1916590789946782	15.563193205578822	-0.49331185267102257	5.1041247786382	-0.013780817781709214	-10.487166840108058	-1.4649318036014707	-1.4934587194954574	2.4597390957927288	-0.8269614646504558	3.991562503660137	2.161545068656027	-2.951897099744294	2.694564848017198	3.0726609930639923	0.5487496088688878	3.4089768579015187	-1.6646441751737386	-3.1333933155944695	-2.9712275146656926	0.18992575517477467	2.027786938292341	2.276390848412816	-1.2344307537185535	-5.926758961679973	-3.0617201267525656	0.30705075537558607	-0.29182697974745037	2.6274874191931707	1.0509078511363878	0.7441940817835697	1.2397067690368955	-1.6241676301447656	1.127491756978033	0.7404285232538194	-0.3046626498637926	0.5676180040324155	0.6464106145635509	0.2250496096490948	0.22230968014853716	-0.9862340263543063	1.6793219834157318	0.9293663182260639	1.221259662014127	1.2916468653391087	2.1286102795024453	2.9696506728497556	-0.30773704526640433	-1.6852923126948889	0.9395680317681172	-0.3888870647651502	-1.896256261783319	0.11385096870637137	1.9880245277060555	-0.6279042581085288	0.3793026045982314	-2.976098383716673	0.5256292781204858	1.0142096284624662	2.2084074875410424	-0.3061370185526754	-1.5812591536604275	-4.622631680137141	1.3378069925801352	-0.9554071301429543	0.9362465711915081	-1.3155703282579256	0.22076353129756204	0.28220867667541866	1.5040070393719034	-1.7767040752202317	-0.14830553198490184	0.6423713863381288	-0.6531653289661394	0.5373246935794057	2.003812968492482	1.7670950585609415	0.1961254190079735	-0.9792871074881835	0.48713521565400375	-0.26525562898782296	-0.5000205080460959	-2.29541571305591	0.21376139874794103	-0.34178841251646314	-2.449067435842892	0.009629574481446234	-2.9204316185874237	-0.00927047174633183
DTXSID2048874	1.8221489247896063	-2.4664085031345353	-1.1661530861801295	2.2175739259646776	11.826625601820332	-3.1639253407635324	-1.0617790437467844	8.710886840338736	8.994440306559794	-0.3446899676110363	-6.821735136008607	-3.2428514462642135	4.843547263363941	-6.117842949278276	-0.08928698812344144	0.10727027770124652	0.46769225009321047	0.13622595388492006	1.609154471302282	0.3109653326708271	-6.817875219171201	-1.3982776843162832	-4.569494588732868	-0.9803683065990235	-1.7705800754227115	0.23206112652334443	0.12101242197213719	-2.0403013602799596	-2.143443503036791	0.00914542664660364	-2.778169730502289	0.7225240208396131	4.222450875467709	-0.15183872957252695	-5.436247284386479	1.3540055603811498	7.88087202871846	2.628220208275941	-2.7731988352997536	2.2255252737372015	-1.1627733826307483	3.5234436818825854	4.6117505104010785	0.04945091744587698	-2.8982797007437955	-1.1990727973724102	0.5965620281905815	-1.337282073623325	-2.222797200683108	-1.603973342598064	-0.22194304030841347	-0.5837253133570807	1.0676377385212559	-1.6771990191848323	-2.783008662053192	-0.29732112351010426	1.8920393960877349	-2.453823630107642	-0.0013144203001042667	-0.5731641960699446	-0.6484916271232779	3.640305578274112	0.31513441488393157	-0.7960957225986944	2.3314144014514198	1.953083639750196	0.37619137431219724	-3.0069884733085708	-2.9933540115352084	0.5321587881808805	-3.022561311825554	2.659157540177019	-0.23921495476184607	-1.4091729548730167	-1.1536298618168712	4.30110951309487	3.234833082135772	-1.7848578329839104	1.7293725677789644	0.8497009637375676	-0.7654327433522401	1.8012305256419348	-1.107045278704107	-0.7402064711189765	0.9484497735088884	0.49597645136024865	1.1712226281999867	-1.2974047752604716	-0.48172887357676963	0.20174524095086607	-0.33264046317105517	0.06545193332656654	0.9813051304195831	-0.8779253166872221	-0.9127292421576721	0.6421621898797705	-0.013209107030194473	0.45713731264592494	0.03742328738912292	-0.7743413163782032
DTXSID7021239	2.686737734142143	1.221660120169821	5.3210631736681515	-0.5785999227471328	1.1035399580744358	-1.480654040807923	-0.4163232437672919	-1.3554701862692533	-0.8875514260026834	0.9677421673489338	3.4737160991206557	-1.392190498772846	2.122787127689752	-0.8735956245116311	0.6042372909114408	-1.2744636383207286	1.5728711824545096	0.3423990396665241	-0.5914610151471101	-0.7715138336668853	-0.5253440417468856	-0.5991085488515095	2.274595260125061	0.5120033696522482	-0.1675132060430242	-0.9541141438333894	0.8671687110591205	-0.5142160999082674	-0.36114642030686533	0.7150362157322108	-0.044262006757791475	1.5338680282162236	2.2393420555429344	0.4348082429661271	-3.200147719049171	-1.5448198555608934	1.0425025578683245	-3.074370111152466	-1.0396452014026105	-1.2216750266891119	0.5720620301698531	-0.8566013647251466	0.013129537801741012	0.9983640305989465	0.7008138868294513	-1.6841446739837738	-0.6264313841338304	-1.1240057996737032	-0.013271128231401618	0.24217762324009295	-0.1842708146819228	-1.798220767366118	0.41864936919641527	0.026767872932690652	0.44311580564163494	1.104286491487866	0.6514798853647985	-0.9997922452285346	0.44110277474874116	1.087039525081609	-1.4722593154068522	0.5081622352438085	-0.12145337674902096	2.5582386598385636	-2.046837235380068	-0.35441819880673087	1.4240307438799789	-1.7378966853983953	0.3229102704911577	-1.1937750911524585	-0.4804251199766913	-0.818822603835621	-0.03092530977585504	0.8498765962438111	2.5201516632933694	-1.162754927017603	0.7622807074487569	-0.2521029525667182	0.6046024428733546	-0.04626503731767551	0.3779637173395776	0.9380609178236925	-0.2972915765399259	-0.020301409602833335	0.05186822848724002	0.16825977696501826	-0.3712232180296154	-0.47249365419598255	0.4964776547796762	-0.23731400236422945	0.623580807597738	0.2533620645701668	-0.1587422988548959	0.5213376346972777	-0.28101338720161284	0.310097240974053	-0.26268414423070524	0.08269887106161723	-0.1307644556979714	-0.257498066682877
DTXSID4024773	-4.178568650200843	0.312553876263865	-0.5767916122314707	-1.8334220147077496	-0.5336075020594552	3.7317175951746617	-0.3287666340555615	-0.46724620317927806	1.8484735968577903	-0.5961866762978798	0.7664501137733052	-0.038328314644929404	0.35764049148438504	0.5412508939675716	-0.09680361979562868	0.04316490429577548	0.0646908699768985	-0.251730381064464	0.29744881961138453	-0.4754482782071736	0.17160457018748518	-0.17385638126206004	0.6143607809749083	0.4963673714561723	-0.23964103577642656	-0.23709227158038296	-0.028140278363453508	-0.339675231497052	0.14052373033329296	-0.19269669381101692	0.29888514539301814	-0.04233356971344218	-0.07001587325650002	-0.5165527222896977	-0.04851322699534809	-0.04007262837664097	-0.06305697609420474	0.095288817675607	0.342644817941947	0.3576189656268315	-0.22987517501630533	0.2925510210508721	-0.04699167973984907	0.06572057872048143	-0.2141889780021089	0.08645212688738395	-0.11914462894188435	-0.0015941168472895081	-0.08816265793978346	0.2737565079267367	0.05033124672105956	0.14572753014582704	-0.014008251951601736	0.007951522497580205	0.010194119836280975	-0.26544801138137003	0.43647702126596916	-0.16619704107062605	-0.20742562349880572	0.133988817795263	0.4717170316475231	-0.051574824505459194	-0.21617938301176332	-0.2744209620201871	0.0951024326816045	0.09311352372545627	0.3895048547384237	-0.14630839993057415	0.14502310001603994	-0.29926677835070764	0.05336764488034296	0.15993081116776614	-0.21176461976871905	0.23546991700991085	-0.5053066904513591	0.026955839310766422	0.5045669977887403	-0.06185652744719716	-0.03599245169981247	0.21503586732606186	0.0026498548076179253	-0.15694759559848273	0.14478698972233972	-0.15359191881139028	-0.13923342961104956	0.1922622136767735	-0.026048046140040384	0.22451094637907731	0.03795317164496272	-0.1434052961806683	0.1981594953414323	-0.7417183857295325	-0.5321460480531118	0.09941385317655478	-0.3655392616855411	-0.8339614409705438	-0.11095202443348832	-0.47578581891342386	-0.3801737711250298	-0.13879139013929673
DTXSID6026797	-4.969371302685778	0.6776194219042855	2.147583387785416	-0.23348432674777533	-1.6988565063420331	0.12809698977232545	-0.7052081820463092	-1.7495939257111441	1.8847119208042244	0.6226649837914677	0.5148905707193692	-0.3069026043524844	-0.08461959949551898	-1.7822536590425795	-0.20721896968242315	0.3989322629010233	-0.13541891521990435	0.15054064189331198	-0.3452615427832459	0.18959302617493268	-0.674787942883924	-0.1748592410033446	-1.3788567485813297	-0.8403233840586305	1.353395313230106	-1.5472707177491367	-0.9465921557655151	-0.8799633153510935	-0.2685475094273663	0.15403101767307753	-1.2359913898371002	1.2645917743532853	1.6233254495424505	0.9712144267651194	1.4160167987227246	1.045667998481203	-0.6150862168047669	0.24681082971453647	0.22247542631348474	-0.3252899484120762	-0.3395816472558962	-0.7066996222993842	-0.1987164158559324	-0.4100664836392965	-0.5430732429330167	0.6606937578435642	0.25951098222399555	-0.003935348748875525	-0.049835757822626316	-0.09861215454947449	-0.12465755605395114	-0.28185938929428483	0.002321637493107582	-0.37573541303608504	0.40717418536391786	0.8733083607679716	-0.9799066537008263	-0.07095765043687176	-0.12888588313867433	-0.6282680022688739	-0.015170027835338237	0.5261621220267105	0.6164393252782507	0.14126929327846127	0.05182828917039353	-0.5419823674526498	-0.2060774087606482	2.09536543439788	-0.044219775263885285	0.06695010752902286	0.21868690780437222	0.6661315981576513	-0.7526450475097518	0.6231450743918637	0.2506007247619276	-0.30071829316615384	0.006617177528093365	-0.4754900045486931	0.1355312104654683	0.7607392198411765	0.6462991630930659	1.1231362189470089	-0.016961453218124842	-0.10368576132314904	0.1453380844127957	-0.5154066928038601	-0.5070491575658979	0.09160815855130065	0.8311831422631755	0.37702712417390505	-0.13701771822778003	0.641833778941156	-0.1822945450463586	-0.153928991000664	-0.38899477791666415	-0.4688544949467735	-0.017229242384270548	0.09101496399149128	0.13017866187805005	-0.4853446637779991
DTXSID9034490	-8.224079696260787	-3.423343291435816	-1.2009844427723282	1.2109472708937896	-0.36003420870359354	0.5507393725921735	-0.12410772977557628	-1.6686548730048958	-0.7135067248713975	1.7940096191889339	-0.2993207053141908	0.6590353267646115	0.9259903656804419	0.594546819342634	0.16372892176641174	2.8271008352091784	3.4170166583708093	-2.826557562186829	0.8350823603504709	2.202176209278564	-0.8505064788635136	-1.0562037609096684	-0.6995517304492059	-0.26012675898076576	-0.5183764292310233	0.14079044912980881	-1.1455297091057732	-0.39163749776585394	-1.291764412953195	0.7796467760136422	0.9566362322315352	0.30462365299653854	0.6746990908024032	-0.14442816600209393	-0.05232961396734209	-1.6521409712456252	-0.35306231208291333	0.5097821257812079	0.04106918250691723	0.497331601867738	0.5313533985478474	-0.3717532280067069	-0.7290444775360818	0.024177789688962323	0.3170205321370818	-1.2704254025369304	-0.44980203953404435	0.11333370660834942	0.15992079566297585	-0.2456400244736054	0.2151209058089416	-0.25670862361735564	-0.5239197680732582	0.1830694664843364	-0.5553953511459282	0.5956598111740681	0.6280673265016813	0.316670327633092	1.289576092061122	-0.21247257979571915	0.5985663103013292	-0.7906199270257231	-0.8505427744623449	0.37182344686206503	0.07422276013368263	-0.1425128362940584	-0.046857608470416555	0.4421585565518712	-0.4737286131816442	0.6804828606914954	-0.45307524990522763	-0.30210856140890263	-0.5422273080452749	-1.1369430687627402	-1.0228969090633242	-0.2537845065635234	0.047054468654962586	-0.6209084607267388	-0.21326576642533246	0.22469915528665366	1.0003882450042751	-0.3949895655842245	0.3149693526957239	-0.08549173274245103	-0.3314030722250566	-0.6164296247543428	-0.10273907987913375	-0.1799912723536775	0.21375613994800774	0.2348184668373486	-0.6324174075495109	0.29685484287733127	0.21555935787263414	-0.7358383884509591	0.8158003935667271	-0.24714708284346376	-0.6494698560471858	-0.2335184822860176	0.07183493033432224	-0.7887962581918296
DTXSID8025466	-0.10798405318554598	-0.8708662229465189	3.87212025434276	-3.588212400467526	0.005927854737534464	-2.870511676127906	-0.056126081394794886	0.15692641846509728	-0.1083041295438444	-0.814949180512989	-0.1879909930189756	0.5403361852983949	0.5447380626688041	0.31305927261849326	-1.6893051834209336	-0.725429167823223	0.2799168419562428	-0.9634194568316921	0.4209373853133965	-0.2532711706211052	0.1483405218552427	0.13634957857215382	0.5223662053017786	0.05891919675108467	-0.41627618621022644	-0.40075505379217796	-0.13362606752742331	-0.3163924848557272	0.3234923655166063	0.17229468942807658	0.29926381493229093	-0.5373618175693323	0.06268312356255855	-0.5159686097840979	-0.6550787959037151	0.20202642004912413	-0.2768903630947192	0.28524320856575935	0.045546097712815634	0.18425587040495162	-0.20023286746965488	-0.024381491680411475	-0.4670163299458687	-0.30847881431515667	-0.10521071865205989	0.10406547121315134	0.052138211772120135	0.27472714101274615	-0.11045424472856352	0.13175845530179106	-0.09673091141351184	0.03845037769957758	-0.05554359572464399	0.028728782142952936	0.06872832265245672	0.07025101497550275	0.1586261583673056	0.008817077383223482	-0.1084792354553512	0.1450317216605952	0.5376085807473973	-0.1710430074549894	0.261529855377779	0.1838047436797065	0.16159504428695956	-0.4558273170602661	0.07674161328113763	-0.334643285013997	0.3358062615560637	0.3676627245294436	0.41852412622049545	0.3072843297751557	0.09497474628669053	-0.02884972999489615	-0.8265970541203485	0.24027109528511656	0.029686623990304462	-0.09937016496958297	0.16483262632355447	-0.28976831213630316	0.170687884802155	0.34255703999618653	0.11338056656979287	0.08767129344200826	-0.6746289711480107	-0.5066385034237406	0.21990060564154254	-0.21669979496658376	-0.2741939538535996	-0.02981304181052009	-0.4410554165918974	0.45220127372240715	-0.3852461391148357	-0.044938402401620656	-0.21496825911513046	0.08518858309714814	-0.30196666353225937	0.09777303878341494	-0.4879940187527174	-0.16146966987742672
DTXSID4046238	-1.4684849440345544	4.230552875645756	1.5438741357874965	0.2576848894969391	-1.9730271081359583	-1.0534963807648312	-0.8156030316544924	-0.4181695068797173	2.242084826986177	-0.409927475125226	1.741126811950094	-0.24224401590384004	-0.853024581708989	-1.36579537903452	0.2167943788620182	1.1905163087063606	-0.6936587717356522	0.3835847823714741	-0.6935697046099654	-0.18639872145334685	-0.26935606570832327	0.17770268518199378	-0.7290003464134507	-0.6759921645805881	0.4983999781198531	-0.30838241532109817	0.3638671121207052	0.047870903043079706	0.003233000761730637	-0.4541264091752013	-0.11549970241675801	0.7193886639800577	0.3564946151770353	0.13205758928103792	-0.5808711784218864	-0.7627108605297875	-0.7315990262009373	-0.42962373967374545	0.18668253818227593	-0.35807254212025974	0.4287151203416234	0.4399254090450455	-0.4291065715362287	0.08530857377305755	-0.6964847214570103	0.27848376587369966	-0.16873763847389545	0.03006580922692057	-0.09522274771018024	0.10065992200845295	-0.12644159702076846	0.008470492139248583	-0.006220441135797493	0.05022988669585688	0.22409711742305152	-0.24791022285210843	0.3823549583071192	0.4300468332351881	-0.8267084493760345	-0.2047044149837844	-0.15908558030617964	0.500378678617841	-0.2727001853246677	0.3268893585156508	0.11363885279513107	-0.5720618409273008	-0.07646136370515123	0.40826891841077134	0.20629262133172585	-0.7755826272337486	-0.46013608724494015	0.1547841759845417	0.3959191280518547	-0.2956840032695974	-1.2764475765923025	0.9009914636468783	0.5927509700020438	0.6913083616508222	0.10920168050811921	0.85362396548877	-0.11404545127728213	-0.953002304076507	0.5387535183798169	0.36734940558939927	-0.19011450171948324	-0.1070469204694681	-0.7884210568529754	1.4039465740324857	0.6558267535844702	-0.6947169467473037	-0.19418570892183765	-0.026036693078460155	0.4967865254552863	0.001568492864278701	-0.4105081108381803	-0.5967352362160375	0.15149765040484917	-0.14043582046182787	-0.31923061683495946	0.05518361869505042
DTXSID7021869	-5.358284074427838	0.6859880959477658	-0.29976928725445556	1.445442859534124	-2.1524195214944126	0.6650881793739595	-2.9080806974089626	-3.0173181392820143	-0.5440853493389456	-0.9003654549093816	-3.5164817468249097	-0.5372991336703286	3.904224646833489	-0.3168800372993845	0.23678284400327895	-0.2905872261694724	-1.1161907597183491	0.0026571823912798476	-0.5438828167035836	0.502557487992232	0.10633414828456995	0.5688178982904325	0.011760536548834712	-0.42095995833895006	0.9500710321695217	0.11749977072629973	-0.09853877414307985	-0.24563574788581227	-0.22367468268675283	-0.15107685543835128	-0.5232585802906168	0.2565149066733765	-0.1577185807655901	0.3073346439962845	0.30060617140964996	0.11597149918749847	-0.9484262500556297	0.14808986445479816	-0.25659022799907893	0.23690896087492563	-0.2514132996796171	0.03583742071237645	0.004812078712609353	0.19179846470754486	-0.06449025470290613	0.026153702134455233	0.3280705087804182	-0.43464190358909793	-0.2646708031007219	0.11816404350609772	-0.026135454269201622	-0.4128966641141281	0.2816561816396372	-0.07706086130177543	-0.11194559959062912	0.11900899769631021	-0.299594111566621	-0.05861999746369704	-0.20208048300007317	-0.3910059588561053	0.3392982734194003	0.1181466712774153	0.09580507841010459	0.8573284318533468	0.20264564811252464	-0.4560861914551682	0.03112656015215766	0.05248865760885297	-0.06859053348836136	-0.34989778561814106	-0.029749641828072604	-0.2300068394804592	0.07202037021926457	0.3821167846005048	0.2134978800314054	0.01477783277282487	0.11161349655117221	-0.36206537298318187	-0.2439087368851167	0.056590460139125	0.49020334606676774	0.17442591145856995	-0.22595687832653663	-0.1972034197006256	0.37304630744710504	-0.011960285592035307	-0.21177407269214532	-0.12374664443762004	0.15340651945791403	0.2508880504621915	-0.4247699007014793	-0.10701463138444194	-0.24600674930717503	-0.14508547648970804	-0.10761760235614905	-0.281569041680344	0.1573640688547145	0.12059888686691222	0.1999787951918176	-0.028323558627927882
DTXSID9029223	-0.17223605616336565	4.3913449593794995	3.986987995375809	0.3492191091939833	-2.150396188161134	-0.6805826698335232	-0.054431626955529416	-2.1886227980344146	2.470941209279925	1.1095914851986945	0.9036641430339556	-0.12728400037389911	0.18674272770618355	-1.7102341142092359	0.28796173971670086	-0.00934652957039152	0.3529352803730612	0.5630773633552207	-0.5752159336028156	-0.561717741266539	-0.7259328570960916	-0.7789231651735947	-0.6310663888094161	-0.6600912794011891	1.668342590044877	-2.0781857708739193	-1.296477208899278	-1.6272467887334454	-0.5657320886972883	0.2104269252583411	-1.7545616481268087	1.6929452577504147	2.453946608326404	1.4165631728156893	1.319835977611524	1.4853063175822274	-0.792790909795767	0.557291645862479	0.11387974748610302	-0.8413332104795989	0.0037680184951533933	-0.665535662432192	-0.4302967936709701	-0.5684705964311046	-1.134700606227926	0.9647787258796856	0.3614479458457934	0.1155649147099201	-0.19683349455627916	-0.2167809234416285	-0.18794947713025678	-0.26875414407715276	0.05163345202720651	-0.43527044457961744	0.5511843291406913	1.1586106712799464	-0.9337229394483467	0.01798441449661822	-0.5810216774574988	-0.9670281168442343	0.1530933330602429	0.9356654052024042	0.47755457991747763	-0.2429976715076375	0.03831164691060592	-1.1846091351795391	-0.22779871056938628	3.210679613940673	-0.20668433997251148	0.06661207171650874	-0.27962670745136703	0.7448100865902606	-1.21882850927888	0.6964154127652269	0.37613275052646866	0.17430387554615306	0.022160274873913494	0.24452298366953293	0.4690591107824913	0.935099423794416	0.5260517691659993	1.486742682213708	0.043723689760497626	0.14028715552317955	0.1473286913681451	-0.549867809506713	-0.7350953210709503	0.06314072078188916	1.0172612831246335	0.5438042222668333	0.3371213809350666	0.9556004587406194	0.011186185265292628	0.06005130800070715	0.18520090351321644	-0.42989839816690995	-0.31997180834536104	-0.5871112766996008	0.11971113911758055	0.10557153217098311
DTXSID5045916	15.730502662689597	4.671696078505695	-7.759256090150503	3.0729283690234164	-2.035332792301127	-4.950716082100333	-2.0737042420826417	-0.3474243447847511	-4.388376877279973	-2.17809135360494	5.428627864203938	-2.897151097833094	4.20696760305396	1.577144173920613	0.7647893763904859	2.9270610915621877	-0.8369226424179198	3.807529358197327	5.001339385161988	-2.6817646270511473	1.7880681112764365	0.354126721424891	-1.3575259400503796	1.704847950326356	-1.367902766777051	1.8252151326155681	2.8423272740648997	0.8211512528829817	-0.42995758019678754	1.2464871532656587	-0.9748319745895204	-1.1615336393998474	-0.6206160828297113	2.040609218186633	0.9069057140032032	-1.6706522276737317	3.0894634079456544	-0.19327930292902037	1.1043340585335129	-2.451762667924066	-1.2631166349925058	-0.4088508374543057	0.17542596116289882	0.3642433431524713	0.7652875830331549	-0.9830191850516427	1.0689087121823009	-0.6111953619332952	0.17041998455053012	0.08594843768896954	0.539575119132489	-0.08476093213359205	0.4743759234334717	-0.5950133106655765	0.19950197345996273	-0.6457834328963408	0.7985291919854888	-1.8582062160828319	1.9543770260766646	1.4662297214138067	-2.550674794918104	-1.1468596127002448	1.5545437407355513	-3.5803618557714336	-0.5916131178517475	1.5220493147512766	-0.4228569506710444	0.2109244564454024	-1.257621004987063	2.9081176044630017	-0.12441185508375889	-0.06192678377734227	2.1667957327420555	-2.9176640802536373	1.4446696563298755	-0.30358037625920353	-3.2695305351288213	-1.5045968507717802	-0.6275984772812331	1.0239145986741536	1.4424421474164955	1.8005963399473208	1.1389907603181957	-0.15136448005180062	-0.5138166344831976	-1.4745718898210565	0.8628156076115379	0.00011987762651788024	0.13844719408869513	1.410296758230755	-1.7370461115186724	1.7233795947452493	-0.3910010383101544	-0.16744608477047337	0.9929070485114353	0.8163022145137682	-0.6417773081770727	-0.7929774442874916	0.2532589047756633	-0.005610322172011693
DTXSID3045699	-1.1161906429559434	2.086443304942707	0.04785102464191317	2.6960522038452295	-0.9339549978060829	0.46994317360802085	0.43658804216928226	-1.820797645231075	-1.5072510451525538	-1.3775243282034424	-1.5823468605976239	0.14210699874683289	0.42219961680687274	0.8270828351286689	0.9641901364621962	-0.4218398740596911	1.3926901386246737	0.028726429365766446	1.6804074266711289	-0.4515825983160218	-1.715860681629374	-1.7552079488772852	-1.0671795561994197	2.5901556158455397	-0.8067631503717282	-0.2358531681785861	0.28390762117301455	1.7876098730981609	0.9514900515693546	-0.656283258364967	0.6215309683801442	-2.6208147016686754	2.20123725348025	-0.9100566266564605	3.7315529556503164	-2.959255479058097	4.105685392097269	-1.579516639270498	1.3536638186288001	0.8450362757645655	3.9612759603247003	-0.7498078911090563	1.0648832414794158	-2.2297916340044917	1.8874675235408045	1.7075701658753308	2.3370368028548687	2.2906444251560116	-1.1650653149378458	1.573889720214837	-0.12613655059621148	0.8055179329857917	-0.6176710066850147	-2.5122810921220116	1.543070425379413	0.15994912226031258	0.3581473762615057	-0.16597388845488464	-2.0974485519407957	-0.6693641272318005	2.5889237387282042	1.6507051012794034	0.7572141987975672	2.442104824960085	-0.08557277282887679	-0.09700189415200546	-0.5960847406213644	0.7046683944336509	1.458977374547497	1.8266922973496296	-0.9638188081667374	1.3664709505776549	1.2684635369520039	0.47400080234885467	0.8544183812700616	-0.28470333694941263	-0.298282859226083	-0.4474971388609671	0.17464193706877582	-0.1616545608191371	-0.9051841958241144	0.86684252971182	0.3844385037357217	-0.5060784227164626	0.3074996192167241	-0.5359175483913546	-0.3787652262613446	-1.2463536966849011	-0.023480414410506235	0.191891981987882	-0.1093332264723845	0.33433246941935896	-0.0013632853712268872	0.6666364652045372	-0.25402312547355776	-0.16562575961609502	0.1417082647888535	-0.2947061698850261	1.0471340065217294	-0.11430647298179983
DTXSID8047840	8.15180040567886	-0.8410737122112535	-4.219298940601933	-0.4291780101092631	2.1975069159530762	-3.967006829255238	-3.3326872476887397	1.477931256278368	-2.809019750803236	-0.7608064798108733	5.084588038592307	-2.0788532872857113	3.7139673791288987	1.5807220379006377	3.1062169044315353	-0.01302006417667344	0.05287860094481344	1.8853323449516157	-1.0861378621489424	-0.9262004765907768	-1.2134719291432763	-0.7160566069184208	-0.8930349500133805	0.3344844206872288	-0.29712154350843323	-0.11647609919446604	0.016069050728362073	-0.20969158548941305	-0.4961843659698465	0.601607375115253	-1.106265830144869	0.08057276138307168	-0.041869946706802254	0.7664731787384382	-0.03625485837994809	-1.3022847244062712	0.9527820674931742	-0.7673850552212707	0.4597327807226534	-0.6799980932402234	-0.6414263786261724	-0.48684882638298216	-1.2994517902720895	-0.37713455576839444	0.18457231789749157	0.27370277869227344	0.5039205544444842	-0.10216752991965065	0.15118537263344256	-0.06006060856514998	-0.07668913254640791	-0.13795901196573365	0.3015568494846117	-0.48586852535272773	1.0035593903390962	-0.4830775741881682	0.17922309865016678	-0.8085429908383632	-0.29329461628961856	0.6716950329700754	-0.7768524278746872	-1.1396899378173897	-0.42421087777927385	0.7577853196947792	-0.09197369562498908	-0.01340997608051281	-0.41652336870705053	0.636031558850671	-1.0428665350500885	0.1882331804165481	0.9156788055491389	-0.9307188938677649	0.8094309101233251	-0.19244935715312705	-0.2133744097411345	0.5413034166910443	-1.0361986364269662	0.724033493167175	0.3130245292670211	-0.19633966035486167	1.174308369131476	0.5132587992617512	-0.35020919157994856	-1.3056794686955697	-0.47717559440466817	0.11017655044904137	0.8836357683862331	-1.2321287766017381	-0.2144423333316359	-0.1720777417617498	-1.4555182814381262	0.14181600761654983	-0.1012763446853717	0.6912956289050851	1.2430707840892017	0.5429750870172821	-0.8978219572807824	-0.6883943284181143	-0.05963970979987371	0.13321297225328554
DTXSID5049362	-2.822875110005099	-1.4059873244613665	1.143467394581472	-0.4965364093188676	-1.0841513012748163	-0.45943066763568885	2.387723675247955	1.2527729043092009	-0.13857028094299273	-0.29842736086411914	-0.02520658023351929	0.3937110936803659	0.07863832980312926	-0.07932199042113265	1.6870437176637139	-0.02976264311390134	-1.1330854055200554	-0.24590606900505263	-0.6870677639932287	-0.09864380639863302	-0.6816714212250088	-0.019168852976788203	1.0470186031786692	-0.34514949441058435	0.04988842674430768	0.4794294892844309	0.9065459026723579	1.196754897963839	0.1081216947830344	-0.1429178513033963	0.07903422976087637	-0.18462572130307434	0.9650331994987538	-0.5568225063428347	-0.3081440557889036	0.2672087229760198	-0.517377764171932	-0.5899958941292787	-0.07572951625185675	0.1348926262627133	0.6948625659611949	-0.25810534448034667	-0.45401801056923197	-0.028967893803215388	-0.36849948890480183	0.0842171146104529	0.4260585565915774	0.0016047831431929118	0.05239095750600493	-0.4342954901059073	-0.010633946488242426	0.01850842875031764	0.31349851373449145	0.20027354511732434	0.2632975282131575	-0.420678551320658	0.2459357835896937	0.593846950852672	-0.19157974718692575	-0.2599089081952896	-0.0006797228025968407	-0.13119483387588693	-0.5963113613284912	0.5958828842306122	-0.2955280656611689	0.144057129402542	0.22117555987175047	0.37364372608535107	-0.2645484672131043	0.18730220187634364	-0.32861102585314206	-0.11482409027824216	0.034460060710841865	-0.9305359655896311	-0.3846044504497225	1.2108172762842635	0.4546462581393824	1.06845504491573	1.3476631663072338	-0.7792679808897242	-0.288144704593741	-0.29985353202073417	-0.13326535010905607	-0.2219733956233631	-0.6554821851237972	-0.14922262353072088	0.2936410325780701	0.1265822827521267	-0.14991901078507008	-0.7825593674978027	0.29600949899986456	0.24042716532365077	-0.06832723358412901	-0.20894361886938173	0.5712613315613667	-0.8344208416072011	-0.4594309053302746	0.5507488901432824	0.1417914122854527	-0.4207752130668525
DTXSID7045310	15.649582387240732	-4.799297616365278	11.21212209227132	7.54264476692313	0.4935014701295818	4.6874351922607245	2.095883551059691	-0.8659303790628189	-0.4048105570976063	2.0844606151733687	-1.020323096903487	0.03662153827665921	-1.3156722976614361	-0.13324706250196636	2.53110112047417	-0.7146997302496308	-0.4118571695412931	-0.22949713404806255	2.591384159675718	0.3100642123617606	-0.07609348751123969	0.8785246340656623	-2.504616444454278	0.5542944076719724	1.8849199753883514	-1.0244528564652202	-1.1912582007715522	-0.24218937507980087	0.4089489119335869	0.5121934165475862	0.8819860484162635	0.15402056078952586	-1.8790054496939794	0.027941532063518824	0.9590797847399367	1.8633871498967622	-0.4820096524046504	1.1574898254069907	1.5256579533659869	2.894620137553947	-2.088179279726069	0.8186339986742889	-0.41428056083545073	1.165337772201716	-2.124038995246004	0.6714453977996117	-1.7758908408112024	1.3610411173519852	-0.2623290135743492	0.2783795511621947	0.18492931851678998	1.691623671518519	-0.3456753603117136	1.9671086390605608	0.11543084416058863	1.0798113980902198	2.0513993248399345	1.2001964545809543	-1.8206697256555877	-0.8149922287407422	-1.1107846330415805	-2.2148080166221935	0.09604218843836311	1.6027000525515707	0.3361078043864102	2.1268527698443425	1.399472832295257	0.29863426429228235	-0.3521062299682967	1.7948093029915788	-0.5609759718594848	0.07875507351948369	1.2977595736738659	-0.653718805329527	0.2628038515036955	0.6718999196223016	0.09076730715578954	0.286966481371526	-0.5076649280458098	0.40440377517503345	-0.8969951829700816	-0.19608747667721643	-0.2553032557603501	0.52462039914051	-0.26806661661764636	0.2430516113602856	-1.2083628026223516	0.64589659532297	-0.014614769112645797	0.19097417250612225	-0.7842995865495048	0.082661319307255	-1.1732195880650496	-0.09321656721578275	-1.235807996704457	-0.3827355410509272	-0.8230946293850175	0.38708718434022865	0.8564671452361212	-1.1930184423487329
DTXSID1041970	-0.8513748747020923	-4.2215318277032186	4.788567402666593	2.3657677286756686	-1.3225727212884926	2.3401989997935932	0.5729910326946349	-1.137148479349755	0.9376488887531439	1.2214338976856745	-0.19446952819721394	-0.545973740624196	0.008194186663433524	-1.6527565177157353	1.0084494708307146	-0.7236106344640412	1.0094652040241476	0.07535109007037856	1.5532261225125448	-0.555696366461686	-0.5022325983576147	0.5534846456575737	-0.6446767606262602	-0.22621867067359544	-0.09446018024366772	0.36502914475959114	0.6257294538058178	0.26958583173369294	0.6581278710981079	-0.8515473956928642	0.1568894221226249	0.6454955858399831	-0.3692757560889766	-0.14368728873953787	-0.09647350466221927	0.2574708939550939	-1.1447102366497228	0.37416681127676554	-1.199838707274238	-0.7195534824285322	0.5322594608715688	0.6607951697740568	-0.8403207141165734	-0.01138631870992631	0.10969268507107303	0.24867251935919443	0.4226906266826409	-0.596765528297801	0.23750563750975853	-0.7055289543195501	-0.01439219110945737	-0.7930040637221206	-0.06294568573366943	-0.08597082991098683	-0.5177875422489661	-0.31886026972198217	-1.002963741391228	0.7143271664582085	-0.22959371213585683	-0.4137478927284079	-0.694297191254469	-0.31731488370517436	0.6970984434061146	-1.8119525362979039	-0.452639326992722	-1.1261897697841878	-1.6904278545826419	-0.5133628270239089	0.2811112415334254	0.18384240754024153	0.006559541792281576	-0.5825096112960696	1.2034934819397642	-0.28082627771537616	-0.025205286393677254	0.24193368220493142	-1.1972459173950527	-0.544827938890105	-0.8483047051100241	0.9206570013188662	-0.4729917820200396	1.3260667118403495	0.813009718957743	0.35084139243277623	0.4507028620124233	0.30421800094155566	1.021949229229584	-0.616259969113279	-0.7939063937854043	-0.448084756977833	-0.38268640669597637	-0.7410751758857784	0.8139362073920062	0.012620955392802728	0.48842779294147565	-0.3449091161016833	0.13199908496404472	-0.1520328384287617	-0.7458476157339328	0.2774471107162674
DTXSID2047272	10.482451255126872	5.2909950345751176	-2.7258492623170683	1.7959681718856628	1.6809082139338078	-2.436915898863859	3.7250889134223195	0.9379908218776031	0.8007583345840703	-0.031330797565904525	-0.8466255424502435	0.2798693983002593	-0.7548733203404865	0.5536741960519308	-0.33679945144142354	-1.4851888039702748	0.5687454857617962	0.6527616851929477	-0.6235359195990274	-0.8376707281007565	-1.3450811231659923	-0.7426953681298003	0.5679686813739164	0.5696774356268441	0.5178983435823543	0.3848426030133291	-1.4517536395563437	-1.8109602542112493	-0.9758440518012244	-0.6303080651673931	0.507598467195426	1.4346696435606048	-2.2407976458935193	2.784513549757404	1.7076221305641095	-2.3329826295460387	-1.5140676720123918	-0.48887634559445226	2.3733041314134384	-0.8094651350022901	0.5953288029124818	-1.6335138454603688	-1.8671866183630905	0.7396075450900871	-1.5325962314797679	-0.25229732636477853	-0.39533382623771146	1.4605246404986805	-0.25069929599214447	1.6798115776305627	0.23529808850051195	1.2100235454270507	-0.2238142236665666	0.293003508999165	1.0052832474048163	0.18258858448374488	-0.7502510796146261	1.190612817315115	0.30932132936548323	-0.2920118513553663	0.48150819280137047	2.9997182795589143	0.5281845601511865	0.8299976679730185	-0.9660930431429946	0.06735150113318453	-0.220712586661026	-1.7809099907812267	-2.5101718314589587	-0.32276622523839393	-1.1600351932561057	0.30625058466568333	-1.1547020780724286	-1.1616357394622694	1.5785278867758386	1.0812277202945118	0.9038566878103133	1.0155448183801739	-0.01138948215936595	0.97637993260064	-2.2244372208605485	-1.6031769840649717	0.4612838469271949	-0.8900784894360438	0.5414029510039459	-0.596352353538275	0.5455210665506076	0.5682723546983012	-1.1462137450551497	1.0304288444597123	0.4263238603473378	-0.04676216638547971	0.7421953185801453	-1.46162021959362	0.13753994843751655	0.3408297186021881	-0.6672420775963026	-0.11063761109085067	-0.7305542146038083	0.10610691313062173
DTXSID0021387	-0.7262165975466139	0.538929310306482	-1.4179295870033344	-1.42125721503799	-1.019606639067114	2.655957281501961	-1.6329124106283837	3.360153761248538	-3.274836037126641	-1.0800928530086122	2.0878265951038117	-0.5025137825227523	2.2396300259366377	-0.2405123558953548	0.695608246314557	-2.097689061213396	1.3393568282596393	0.08557178895210114	0.34995988131099864	-0.1661850423119127	0.7794792719701222	-0.5246614950043239	0.04581434509235692	1.0575998213744522	-0.6128440767666677	-0.35184852278769	0.8956925521334111	-1.4353215922841767	-0.13829340570036808	0.14321006572274653	-0.07740735380959728	0.3620249260744685	0.5549131651975606	0.17903434147918537	0.16795131388657594	-0.7694903266861691	0.108226280433482	0.23846486449021823	0.48545092343815627	-0.7205556921491071	-0.6318261183748952	0.1785100418239989	-0.5477441086604421	-0.6901728003563733	0.10949454390189471	0.06869977240542384	0.052368844264037276	-0.5319691157452652	-0.11006334369468461	-0.1556459703115071	0.10186774697906564	-0.03104538684545644	0.08633349499599616	-0.2796443233720864	0.1076568058710205	-0.12045788234367759	0.8438834368231719	-0.9415545191139455	0.2005832120853786	0.8112292174336558	-0.08917744211669254	-0.5976549205661924	-0.03680919094305199	-0.7792081106230647	0.17854389822089808	0.5167941428107968	-0.8424005051506713	0.5238901753957312	0.6957304254457759	0.2032177422716728	0.89437822846187	-0.12431728302803895	0.774216002489863	-0.13840533613231162	-0.5106344213838049	0.39322562789084264	0.6427238719044343	0.3926766145802466	0.042094802032867445	0.5792219504964924	0.12219229340381632	0.9084423414126996	0.5475156626137975	0.6258262785481444	-0.33360360434665015	0.5251169118043786	0.2962256544580397	-0.8454971138316899	0.19911443777991605	-0.49196280280339655	0.31827446250421654	-0.705207829939874	-0.38914641036250364	0.5794084357180889	-0.21526378875848484	0.007287311895311125	-0.6778762247049389	-0.19569253513838336	0.18217687025502685	-0.34480235922473074
DTXSID5045881	15.07160067352574	0.6963030290932334	-0.39962374069915596	-3.067049889733336	1.921940709481479	-7.415032712296903	6.112863749043054	5.605376047875339	-4.058390910854958	13.829335755824228	0.35623222416288525	3.6864523842310994	10.723293125740282	-2.710258484084227	-0.8644709680096317	20.302646841591617	8.333079871778214	-7.646551137220289	5.163927262089574	5.232247619531429	7.810909463156335	0.5800309796142767	5.147260874375381	-3.3715298833456013	5.292532121696404	-5.835501674282136	7.221052446105859	2.670421858636759	6.974659520365782	-4.4167783880472475	-6.856269755738376	-0.628919958714267	2.1538722570164195	2.8348872489232426	-0.18413543727007167	1.8737143652330783	1.5640043728073314	3.1314773111142413	-1.0281365595807397	0.2189509199278321	0.3050358379665989	2.547443464345932	0.6830834059424012	2.814166443125937	-1.782274366999241	4.204789926428191	2.7142279070654074	1.108705871379736	-1.1576041508950128	1.153479079906264	-0.22704670580960895	4.2314429043257755	1.844029546448987	-0.12928542417583808	2.36851315095666	-1.2498635092006343	-2.3968216342611246	2.844330969085726	2.500286881421428	-2.2383387989968875	0.9599713593705306	2.326914861799869	2.8550216660768215	-1.5075791055846863	-1.6744195795861554	2.9385049183087832	-1.646634965488399	-3.2653105436259757	0.4441229446150916	-1.6551058138433246	2.358912405404411	-1.652411564318063	2.095505297859608	-0.002413040102837121	0.22936055567167452	0.1048136096082892	-0.5840936561060278	2.6990330625451855	-0.5579501229021185	-0.025035381815700742	-1.8924269097879567	-0.4551120544697167	-1.6581489051825395	0.26207837411360196	-0.34573704751499157	-0.5600475911782666	-0.2767622007692103	0.15681199530171888	-0.5043119758108201	-0.6279783497593149	-0.2780404247744579	1.1292788402660077	-1.2894599561284559	0.9738948700141858	-0.7022683069478718	-0.7653582961025331	1.0621517234178488	0.02266598893276102	-0.1423735485525361	-0.7346065710441476
DTXSID1057791	1.2094848568635916	-1.399678796238533	-4.34350610541799	0.208141460192889	3.4336427100340057	-0.5593760408707041	2.2899066814003906	2.7498826389465734	-3.072087845306964	-0.5021943329541665	1.789740293208364	-1.205943516540186	1.5052270574110478	0.19927698690655946	1.4691353030802405	-1.9364515139503962	1.0224315898690781	-0.7429548964046455	-1.8065402435128588	-0.4049242650928691	-1.7645465075896516	-0.39990412622825167	1.5596829642362897	-0.7581154889348026	-0.5672084724923472	2.283086964559023	0.6662288196698367	4.058167971798374	-0.31324154616216576	0.03805548117928446	-2.211626796436941	-0.5155266108907954	1.2367810210057437	0.7700952753547456	-0.9955080130728425	0.9085515841963175	2.7532868548336067	-0.9549882045088036	-0.05582657410486176	0.8147545352079572	-1.3369110715385315	-1.9171795002381935	-1.545263395986457	-1.988904216001433	2.3228401227206783	-1.2614482157456253	1.5525719293949427	-4.267459456206569	-3.9449988836798386	4.34275252201807	1.3012631809086188	1.5465865510578258	0.3315955824521851	6.143174510922073	0.7416872234648753	-1.8853230955937443	2.5162375267105284	3.2343750900973838	1.1547752662958077	-0.7621169880063989	-1.8036561316808895	-0.07574878044507104	0.7479400696734833	0.6248431076959279	1.3210940465249408	-1.4628778323672076	-1.5754790566810204	2.172137178639905	-0.12815385504205315	-0.941542199351199	0.24974480887082548	1.6130455081586503	-1.052564889753779	2.2456372807688982	-1.5337557989317443	1.0256523547751344	-1.264620964241572	-0.3421456467102946	-0.5722455413139237	-0.0988139676634854	0.8040365939232021	-0.054987636453233506	1.4778956954439315	0.8493848273208189	-0.37404160522886515	-0.4244369602199862	0.4820890715786993	0.2709709511201132	-1.2653323851561957	-0.041729272744318265	-0.5351249601604046	-0.621003092009906	-0.44336001205045095	0.8648099028230394	-0.3362448061596037	0.9535397115865814	0.9948225628842249	0.7133052030244122	0.8623342088849189	-0.37323400875821766
DTXSID4020115	16.1772198696191	-2.2897739413383897	1.8750137748706652	-7.0346484135079965	2.816763851535725	-0.5139404572221192	-2.7901298416942923	2.6448817103251407	-3.0135601062494817	-3.586228221954653	-2.133327001109011	-1.985438229511318	-5.805301816029673	-0.3170390974542216	-0.1292953608466072	-0.8685774693968944	0.13312706134341643	-1.6718088253345322	2.460315243019987	-2.8495533246024762	1.1672775735513885	-0.5158365755157763	0.5372094309963377	-5.282595148802542	2.584078224802196	-1.6676946869279077	-4.5802202556571245	-1.254849307790373	-1.8254695012745197	1.2526689781487819	-1.6082594998997535	-6.16678168564791	-0.4748054834092862	2.6360742067982033	-3.3577162006364394	-1.8151268517385521	-1.4776457494457316	0.18454551693685328	-0.38673134920633906	-1.1360278468443685	-0.6323572300378711	0.4690213848163945	-1.5987220828610273	-0.9489819632527672	1.490664313937121	-1.3811571853589002	0.8574105920936881	1.3661347884020612	-2.1718308516522273	-1.2362403173135126	-0.7576757933313749	-0.4586767055363743	-0.8106445227353773	-1.0753946635210332	-0.11365333973729924	-1.1344870966806122	-0.1796181275536433	0.49628926090419734	1.1155723694269124	-1.622275543378967	3.4821029616867603	1.3742759028791187	-0.37103941611438085	2.2353353684604	1.4553083123880057	-1.0499988500062942	0.44662490265357224	-1.470585364986674	1.4353437579667863	-2.98237816135495	-2.746404538164791	0.6968216991821434	-1.447606821880793	-1.4525774217251144	-4.46410297972435	-0.8419714911791508	-6.7890388554538115	-0.1298306358537811	0.7439147811749371	-2.765073684778267	0.2833963380006711	1.066307495868123	-1.884689731716901	-0.5504419717413426	0.8081800822466965	0.6828268181886212	0.825985071269038	0.40815114598516855	1.19334586479768	0.5929268157561122	1.308997309151953	1.7350284334415516	1.466694930030954	0.9657368919700756	-3.5719427795869234	-0.07835995172795816	-2.088855047927027	-0.6364429668243997	0.8297350700175167	-0.3596071621771554
DTXSID4049082	7.9896187831067556	3.650930522528061	-5.555952355553749	4.034336406296366	0.8906310587241888	-3.635653862320043	4.472325578642153	2.6518922644487106	-1.2678321772332515	-1.3009609167137606	-1.8714456470716012	0.9204371482479289	-0.6956980936586699	6.853661497767411	1.7003389320175684	-1.4432718076702096	-2.9020235473080125	0.25447865562521976	0.5263560166636075	2.3042519227117233	-1.670026347589871	0.40581113412450565	-2.579955161150786	-0.3412224108086506	1.5698452045987228	-0.6795294806579221	2.836085174400783	0.5042301535378919	0.7392031612395848	-0.27421671072135045	4.330920899929429	-0.8691402677065319	0.9901553396751518	-0.18256777703850627	-1.760563513666718	2.1319546406213905	1.5669491670606686	-1.6100851605207305	8.737916738720582	0.35493244371268623	-0.35611228376725135	0.3473000080488621	1.8201108830878991	0.08547253771083745	1.384672988303644	-1.1395836905123709	-1.2807089159747984	0.09835426721174508	-1.3533164685477765	-2.598491113952478	-0.3611818643906517	-2.6585733562565563	-0.19919153302933992	1.4692148810362353	-0.7232401274096582	3.4483631565858515	0.25145049165684724	1.0756093950106773	0.3245784925474223	-1.8725873130309316	4.9709416342083355	-0.1576497222713439	1.694859205187743	-2.846045950504859	-5.853511898236842	-1.8337373137033302	-1.605510189985316	1.0370669102147494	-1.2020998147672024	-0.23216587385239587	0.5802568297800124	-3.1908632081316077	2.258266358353982	-0.15014810433416076	1.1038667441022059	1.172807578613042	-0.2335022392345524	1.0649274967049374	-0.737908575951379	0.2257151540908121	3.2939792232415575	-0.006070508611170181	-1.6290717364650336	-0.7605725971111248	1.0182915830237043	0.21394767727669856	0.7079279178974003	0.47764236333766114	-0.46533235637481546	2.261389537804986	0.0013167334883424817	1.9813680885467202	0.8169470080504203	-0.2365168525726823	-0.10335647047602954	2.681773195762629	0.6890979524773959	0.9402314574815002	-0.7408184060151187	0.3323395094781715
DTXSID1046689	2.16676915206867	2.5594389593374154	-4.034506913794367	2.5674940175240266	-1.4593923247504113	-2.6449047695695986	2.5450857808241665	-0.5758430020215276	-1.5788023749564044	3.5143502808037925	-1.397495978593321	-0.6703750375041974	-0.49950685149433893	6.825781428570156	-0.516408638165719	-2.6459582068623484	-1.0498359682835938	0.28667825757871646	1.3368027466606678	1.1494937576006956	-1.4763564755502152	-0.18970480778465354	-2.7404988640713808	0.5361767023760752	0.5548651841471561	-1.312435850164429	1.289328761961871	-1.4264018236197888	-0.485091563413776	1.994437787020332	0.14203343289539563	-1.0363606392263012	2.488893977790623	1.0718141050369734	0.3034579106782065	0.1283992207842911	0.403208990571924	-1.1520568245922618	0.5840886488285231	-0.04782770181182539	-0.34105990265822134	0.6627101439270198	0.13182698556121375	0.17007203664230797	-0.4853403995320606	-0.23252133738564562	-0.16176045936189432	-0.25006929087673024	-0.5877011865157793	-1.3183280151458472	-0.04369338744650306	-0.13306722350263664	-0.48490546738370915	0.06957436677353174	0.9578210983378653	-0.6802960530013323	-0.40865152107288377	0.28066618694149054	0.6547840411234929	-0.5215704305973982	-0.13004066054110305	0.8053606836746898	-1.0728680056574953	-1.5406835238866081	0.267125123641513	0.6129660102657174	-0.35354399256018165	0.45007160055183115	0.8160636905885176	-0.1424508733061679	0.4628247625149516	-1.7704581410711755	0.46019475643844215	0.14220554471039426	0.6901293310758855	0.1756848286269963	0.14289256953337345	-0.41017344494890373	-0.3211363429905508	0.3514021499879494	0.9712634593617986	-0.029060150042162468	-0.5443868193088206	-0.40113140380891305	0.3599768483061899	0.261071333348358	0.6318184653164646	1.690781819084703	0.5153341307772284	0.10166245564028899	-0.1299352036568646	0.5545248666375785	0.4037709237724336	0.4515828063030631	0.40154798955922644	0.36082347422162403	0.0055593804761186125	-0.17048168848680254	-0.3225368301967237	0.5448977264989255
DTXSID3022326	21.760377428138895	-1.613051533447562	-13.099196836385019	5.728925462397963	-9.413391722147107	-0.45779130176156774	-9.304075667942913	-10.662421336282868	-5.287463137122768	-4.044971377639421	-13.983257057159626	-0.2418050682655489	18.24148900084139	-0.18750764054846217	-0.6760616899670723	-0.7781305525972932	-6.131292731159308	0.1725091926932719	-3.679332407062249	1.0496015912880874	-0.3128341699161813	2.269189710709002	0.6621256352986132	-2.4855522376604364	0.811535019107764	2.127220367186569	0.675415014741574	0.7473357509714909	-1.5697963448478232	-0.7692969809768685	-1.7963775041764811	-0.9708439642030247	0.06317592576292841	1.6622146009067749	-0.2173182084484536	-3.4408809844242936	-0.40263883592211935	0.9118091541286096	0.8216321978795489	-1.5541806318663383	0.9162277817668226	2.135573626029006	0.39098579002228595	1.0180141062054997	1.3482704826207206	0.195861141206564	-0.6273296570399436	-0.46287149045930365	-0.3765359032353475	0.8340789060845695	0.9146915897149385	-0.49835314785811635	1.258087350995422	1.1157200803866458	-0.6118143476404666	0.13437228678642818	2.9312829232063495	0.20375777362482933	0.8832932320405138	1.167067254881504	0.18910484835108304	2.1754246598131863	-1.6032130152941366	-0.0909868707715077	0.09718700590574202	-0.17113612785270957	0.6564609456543137	-0.09517102205762518	0.8110347405628174	1.3968639881868934	-0.7186023469915152	-0.6902013499173006	0.7405024965634683	0.4094193432949834	-0.7451627120862753	-0.9595193640496948	-1.7644044158107715	-1.086941746853139	0.17976367880519425	-1.1070256471177078	0.34565017965929906	-1.229103624399094	1.3329122193737617	-0.2828219277531696	-1.2856860019682206	-0.00492093372662735	0.5568382700206651	0.07312648511423753	-0.4452307166059623	-0.6570391349932269	-1.131126141665205	-0.8494594946915117	-1.2048822208567447	0.3333702390939717	-1.5571880697236076	1.2107252024480497	-0.6871505040877496	0.6349769234484167	-0.9667904551798348	-0.31539030119040684
DTXSID3057856	-2.394331962754266	-3.627430322990288	-0.5934758402319379	-1.963625725533031	-1.9124803137915056	-2.1909265568420895	-0.8953284236267626	1.345794941346648	-1.1076693687798862	-1.5539643398213867	-1.2794575514831814	1.210541160025015	-1.4947104247726677	4.888321340164834	0.84758136489575	0.5872376324803358	-1.3107414740086865	0.7282398624192439	1.2876673261361853	-0.4876077081517491	0.570636001958836	-0.7163167244381161	-3.254031616619934	0.884334038255272	0.11691862199030482	-1.0981335563706702	1.9615892569875744	1.3750147732087372	-0.01404273399981893	1.3181597819779283	1.429044528842759	-0.04137375271597185	2.1533029071884213	1.4228170172851273	-0.2698247672815263	0.6287221989892158	-0.5151481674547284	-1.3893924348419586	1.516061366128589	1.0214103898117128	-1.5846870165023248	0.12046802605121427	-0.26108863599771426	1.8887608241530873	-2.086827524729739	-0.315764461768791	0.3583411936060527	-1.3655986248633862	-0.18163620739627448	-1.0607621475849496	0.3969216643846114	-0.03707539341144961	-0.8742300573580076	0.25487772794915914	1.8005343488902317	-2.206163513311053	-0.5293688263223916	0.3343746307963605	0.5950480273417285	-1.6590736192450022	0.8304013268765753	1.2756186768598234	-0.5632146018449888	-1.63347862071453	-0.5936850281805748	0.006118029170837808	1.0712732642255294	-0.31650912715109847	1.621894383525206	-0.3905311244397871	-1.4445731931786676	-0.3679943191583183	0.8309869125446785	-1.0042931670437323	1.5511202718304962	-0.35064567712331457	1.0204501872922158	-1.6386400166737354	-0.16785824439975547	0.16500392349732226	0.8752909990693261	-0.6418350150245609	0.501749868193491	-0.22155991365690778	0.1834586202293391	-0.4993787840641743	-0.3259136114079032	1.0297084383514548	-0.3543941920398316	0.900928882341978	-0.7476822791556708	0.18955593989054506	0.49078858068092196	0.08628144984013478	0.529542788485809	0.38806651904729506	0.6170507280821778	-0.12869066179190472	0.14805105671148389	0.24437128082563758
DTXSID2029662	4.9557478166102955	0.38440205559997676	6.494686660457628	-8.038613149608096	-2.2398604256437893	-0.7664210523322175	1.0625892024824855	1.57047412326704	-0.9797492313453982	1.4905041580205898	0.13556484967367008	-0.20044204512017405	0.7082534517583837	-4.299121467880787	-1.139990612136469	-0.809693525391902	-1.069331437619251	-1.0147542029958743	0.9571640531520164	-0.6757852587374515	-0.2954695274981738	-0.25275373102801146	-0.8085065969503147	-2.2216445381351138	-0.8880196577924965	-1.3031228155894476	-0.43749322290711	-1.2306589648546191	-0.15909910259029508	2.528069712418975	1.398849377563677	-5.688892674510584	-0.6201564104861118	1.9504092345752355	-2.4733828876138673	0.20156168623278123	-2.2582909506497453	0.09744071573341308	-0.016766565370651274	-0.11055872415238535	-0.815650567325008	0.7060031298353491	-1.091435086112724	-0.7159973831598109	1.4743214040463444	-0.4864649777410434	1.0288019694892891	0.9924801114051436	-1.4809404247129299	-1.3573024351876772	-0.5431362320158959	-0.5181675000365704	-1.0073742576798062	-0.023815639454345932	0.19057427012869577	-1.0115065500647478	0.052989042468824236	0.39196717950526855	0.646148092454139	-0.4751854864188988	3.3383790243183595	-0.39868190620832916	-1.659265297528713	1.2228463461355252	1.6513967952568076	0.855182081355474	-1.4340716636321054	-0.1045320096905063	0.1803638439408734	-3.05584149187638	-2.2550379947173265	0.2082447745010389	-0.8658021977650829	-0.9046674392715407	-0.15356278273813495	0.04079128109449033	-4.870273393303115	-0.24443643040963067	-0.7498240904508695	-2.1521992783136072	0.1168823260224959	1.1385220774879765	-3.3357629730398703	-0.9918274283762243	-0.033515585355352054	0.004787691808110298	0.8912238293786594	-1.1542672973484356	0.0010200679064645557	-0.9028592904529902	0.8901748855378165	1.7707491727260394	-0.998114538482571	1.0249765460498779	-1.5606480385489712	0.46386557961400615	-1.3080545316143808	-0.9551600111194222	0.3380167449579973	-0.9975888374087084
DTXSID7046384	6.726679910367046	0.32679656011325126	-2.13355470264375	2.273064981011725	2.0142882028185842	-4.067780792956363	1.1591883732584114	5.944844828441727	1.7929052518522803	-2.9954533503352336	-2.700770811279521	1.9603474699296055	-1.0892237842157528	4.291973588272747	5.634256762619672	0.13581624280561402	-3.2595978366804546	1.5677282803673978	-0.08739258441613693	0.9853185510084436	0.33236943347514336	0.4933483663596353	-1.5670598164615006	-0.8961601818233542	2.9071583286949765	4.121785219956332	2.802994539148245	1.8238319603311473	3.200482109293253	-0.5981213874032265	3.555084914706287	-0.44390468388001353	3.2782151756917126	-2.699700977296842	-3.3190698213226586	0.46657817390632506	-1.9025971051503574	2.232525467421537	5.9988753649315765	3.7143292719918914	0.1325785464158992	-2.380526869052534	-4.5251882887846	0.9783294004867538	0.539087658694833	-2.404270118009075	-7.2076021245611095	1.9509433099974272	-3.6652295024666546	8.784193984218087	-1.5782431386915823	-2.8133871701480793	-1.4609214859519108	-3.710610732848941	-3.47603747963769	5.481073639939	-4.932374336722535	-2.3992622803941277	-0.9207379001341549	-2.496411098580047	1.1546559110473351	4.645078013457363	-0.3081328585096013	-1.7778358915589352	-3.2718419962679155	3.2278943417334114	-0.10409332797749692	4.061885702986138	-1.4924473559537166	-2.133093602854833	0.6359797140714705	-3.3658110363004234	2.0775597123179166	-1.6432949450796985	0.1954337602600103	0.27877743814121536	-0.4452560729149749	0.7297756237447688	-2.1203182791377198	-2.1555535693255536	2.780128042997035	2.1634322554806853	-0.061308730955035876	-1.4230919459473976	0.21862157014084244	1.0704834823088878	-1.3532334677851237	-0.0884904192419154	-0.5268011974154297	1.3494084782866616	1.6763255961019703	1.4207415505292025	0.8022819094314955	0.21224646195331565	0.3264219727575671	1.2596771706879615	1.4673292555825075	1.0323586496463069	-0.6314820372598463	0.37479450751102683
DTXSID2028010	0.16372233006789771	-3.7203916851395507	-0.9941611096458639	-2.3027436004392086	4.197223579425586	-1.3652539204147547	-3.380351876280655	-0.0023950761464218372	-2.1329072019032975	-2.205819249624307	-1.5860704045782488	-0.9576686671260133	-3.8048264435274497	1.2962346924200643	-1.4928957851780862	1.2225069744704355	-1.4517732022207515	-1.9247575690013503	0.052066978974129645	0.6271343030531644	0.20069687614596798	0.19254820128094713	0.5322503837567656	-0.9937654881651685	0.05258563257107718	0.042869143106760814	0.08175500411543009	-0.439406489817895	-0.3766742074670465	0.40882655555411235	0.029160624209267592	0.5639344128515763	1.2197246618259514	-0.046621850670957844	1.4670912854059115	0.41070283434916843	-0.2306178650996949	0.2522259567653639	0.01620001489183549	-0.1897402531579442	0.37432318230015843	0.05261756362025882	-0.25584391097587617	-0.5883353439098138	-0.10801981126222783	0.3415593693767388	-0.499893971443538	0.3234166835473643	-0.3621997826406144	0.6172951994549104	-0.01603148622166501	0.12669259492709836	0.5277693135300168	0.08070215320322754	0.048510170103402465	0.6130392808502644	0.4274894399633598	0.4731770744634973	-0.2963052982247135	0.4455220859788502	-0.5938556735266245	0.4295983938650308	0.3064717132498029	0.1717224854458296	0.16226747608892786	-1.137537231169146	0.2373098790657169	-0.34214373647927104	0.5006617236608815	0.0973321244928656	-0.21595349024360724	0.3664090382990288	-0.45419799027613217	0.20027058521916896	-1.353947505981429	-0.6560800697154335	-0.6129622907990858	0.2969325366866794	-0.1777340883709891	-0.5188011758264043	-0.8505456580921006	0.7820038483339925	0.06906575217985203	0.6092712385600639	-0.4017897973021891	-0.28139555797942317	0.09346529519531083	-1.2085479511222892	-0.06663246977648193	0.2548808895325707	-1.2356984983109423	0.15124485598158258	0.1435009620774837	-1.2500058869374704	-0.9525523048423661	0.5224762167977277	0.11605404059196074	0.2132116608545983	-0.2780436850033632	0.26797097240696355
DTXSID4044587	-2.838560947538724	1.5544273244991207	0.3915796865787851	1.0218129490852759	-1.0759899118296836	-0.6347235548395974	0.580423639641041	-0.8540214293922522	0.54417913672363	0.62493430215039	0.43925105067095	1.5122706584981427	0.658527506926959	1.759231033736578	2.229250783404042	3.566667516311412	2.9676266260945847	-1.4217285851702592	0.6065841620067395	1.3193843783516115	-0.948689675400543	-1.303869310038056	-0.5787893873808024	-0.1892952132313665	-0.1732951677948254	0.8256011509528749	-0.4371289849590079	-0.1791253340051265	-1.2111113093434533	0.8268338134014244	0.67509138412584	-0.11039260352066778	0.13241675633242292	-1.0454824469443698	-0.06051390784539408	-0.16562207922731415	-1.0246479510566378	0.7724168507606091	0.05489846637929616	0.2913602447647469	0.6071166524751379	-0.06873012324822715	-0.8061961352011835	0.22742371693867447	1.0540484224504185	-1.7006811770728416	-0.03646426839771019	0.10851863830939522	0.13938845090058372	-0.20248055887457064	0.29214919877372136	-0.15069392313514915	0.08143426327593406	0.0019913453978010888	-1.056482632581247	0.20202508947110018	0.4954130708955209	0.1257180033784325	1.6710716041286873	0.6690606118689684	0.02403162038411917	-1.3362630015408954	-0.6867772042629081	0.3343037454915789	-0.10857277449948217	-0.7000979122512034	0.4219484254303431	0.5582389336797798	0.174595220779241	1.2252591418783618	-1.7772005541306024	0.3281670631697128	-0.7043057732818429	-1.6463869870921621	-0.7806240484995723	0.5398997323380758	0.5724151852591759	0.25868341029767533	0.17308124553012585	0.446793840010947	-0.1965469480053568	-0.4232223390368019	0.7182795175400396	0.07943617535584567	0.09523105987468987	-0.25078685103641285	-0.08240775328748418	0.0520482629591154	-0.07371570467311551	0.10852642034535719	-0.14424212662769778	0.31023532741248316	0.38512464597478935	0.44394545439501226	0.24213515823528764	-0.19912816916950088	-0.5433665587816089	-0.3123559137566933	0.09947555046003544	0.15385843601771187
DTXSID0052043	-2.932427795003583	-2.9637507093095907	-0.08425734682600461	-0.7861363534777894	-1.9668949765864479	0.864791031927181	2.0519233077211263	3.339860381799769	-0.23047449216467103	-0.34721247784240433	-0.8376861091645097	0.9844166904179481	-0.9324069346909113	1.186027148744763	3.135346457188855	-0.3881144256126464	-1.6294686000024363	0.18912674007016073	-0.1171382960004206	-0.01966399453424033	0.44974950203799624	-0.3655665101535811	1.384310974113583	-0.6693811176492513	1.4176381782820942	4.304039235024588	1.0427629830080736	4.167880444759222	3.1870045747554823	-0.06861268381972449	0.3319130976448605	0.1785601105267299	3.0075921247482733	0.5992316676743915	-2.151371797179229	1.1093979129216105	-1.5255091038281692	3.2676432761445566	0.3988920025784452	3.6233428957222684	0.1514594550823357	-1.3045450457953327	-3.4936941736514675	0.14853282226837222	1.1229787162504483	-0.6500562047124615	-5.347130158552822	1.9138376557050303	-3.0802820833430355	9.310290173189893	-1.4153214830802427	-1.046378841394915	0.028577753019145783	-4.572617703069762	-2.078545562081781	2.743891423605025	-4.4214265436151665	-4.467935498043148	-0.41639798889483354	-1.8742022699971443	-3.0393618912740368	4.123476581798004	-4.61733713095935	-0.16907576063289761	-1.0051851532578036	4.1980760685895175	0.6595730682366221	2.2323641599326214	0.203681332145156	-0.5527187367072661	0.6720803735359465	-0.5892779784493997	1.3115160030710185	-3.4868672807468073	-1.2599129857195677	1.0132225993848578	0.2851707661943105	-0.3601017692016326	-0.5442441119713359	-2.914287606287059	0.9626471426471919	1.3319946249231793	1.0020781710114035	-1.6430836175477976	-0.7257981881242495	0.43529005992734193	-0.25321203479197657	0.8210905456855262	-0.32648637382311313	-0.16356881133535117	0.7633226474632012	-0.2214065365088239	-0.11875413962648361	0.8059281762495853	0.19892479644645814	-0.9081575217152005	0.04345841737025779	0.1535748809027732	-0.5276081370194667	-0.14526230690903227
DTXSID4048644	13.289833016994347	4.188193478983274	-4.212460960528376	0.6324537022878659	2.29733581714368	0.21800266737383373	1.397762581971262	-2.3507574434838334	-1.6968753722979526	-1.1025193373248618	2.337186509024739	-0.8791615852514083	1.5034743089547113	0.36370149049889544	1.428581769253658	-0.9607519693855414	0.19270471289480728	0.30710550219252886	1.252755487873027	0.4018268829661677	-0.12940913667333556	-0.3544499147708036	-0.2741088458765673	0.9018172802476631	1.2286427186605005	-0.539589800905474	-0.7309187314774841	1.297920406254297	1.2028596395766897	-0.9757763878969229	2.81625427575478	-1.3782532690503326	-0.45240736625300604	-1.0237187210769738	0.5833303845729171	-1.0068066026565936	1.5336000977122686	1.0718315343023657	-0.714294565566852	0.04001092034333852	1.1340794046407183	0.2571067120797709	1.8506692694678162	0.2631774268490048	-0.8540586755323171	0.599427503843532	-1.315229925568317	0.6022546345109355	0.5596473968363098	0.6409290432594128	0.808662343847798	0.676683260296496	-0.11036947130751948	0.6180396369265881	-0.06496809096469608	-0.04775219585396906	0.7000498165351666	0.8004741504278803	0.9874632650483709	-0.2143722893447081	0.348360705870778	2.0184326530952683	-0.9744452130760094	-2.143329685065349	0.19616993627347662	0.3880214748417772	0.3846174063711515	-1.018956388120307	-0.9464617426453932	1.7133317472524	0.5751119148645287	-1.0216539548408559	-1.0170836185055154	0.11140220735519007	1.690946311696901	-0.5886513384320504	-1.110611949782698	1.563391414452213	0.6946247368088917	-1.0140403346949465	-1.0759480997417754	-0.2633518031097061	0.6561335049688461	0.35531785858193643	-0.6689640341058476	-0.8380767665770996	0.4387321504107219	0.4571450717237313	-0.2504209236939711	0.17669800190639554	0.6609011585910468	-1.0689203521861905	0.8366994302617086	-1.6251163864609584	-0.03719418560588985	1.0153863107252612	-0.8408315582720158	0.5328383082219434	-1.437770250927347	-0.3020096834889089
DTXSID6021086	-0.9864653394740169	-2.0583377818458537	-2.178747349319357	-0.2140041637741519	4.266157829613808	-1.8485603496851444	0.8015273819492076	3.5554745524325417	-0.06435214183237534	0.028243201388942523	-1.657013744985008	0.6547676958950649	0.5114385286209754	0.18913354653954914	1.3128636423797542	1.3738040510503546	-0.6392641192245269	-0.3415629461448586	-1.4744663519233634	-1.1223701194293478	-1.2030607509876192	-0.2310538290770276	0.46066631725662033	-1.2594451602640717	-0.15657234130078065	1.3757421890354407	-0.996154258639263	2.2221921084719	-1.1787449625912982	0.4750754922883857	0.5998717918541357	-0.04561831672576784	-0.5674170520173382	-0.06665918127775243	-0.9259314243741611	0.40196399933550836	0.3422657664044791	-4.502119348202915	-0.16048225414564818	0.7159811910522276	-0.16373053717206673	-2.759275206127721	1.139549030786263	-1.0163107103536573	1.2072677277761676	1.4023319532782736	1.5491931679519775	-2.935416999502518	-3.970036221565554	4.007410369529396	0.4554049819497527	1.1668885863518998	0.23339568130158142	6.552067484402312	-0.28874281509924116	-2.0215435429200768	-1.0715635000115233	1.0638384368914298	-1.586206748366073	-1.5453877979458661	-0.7140277064593388	0.1978764817016768	0.1472151138180505	-0.43909336359384077	0.8819413620918513	-0.18385292328787436	-1.851008145079766	1.2101968005439911	-0.47513672122564266	0.8824951898801764	-0.0933480246767792	-1.3997679328910344	-2.3226993405121794	-0.34894979675018883	-1.6894090815378466	-1.6821751638620657	-0.7217103603290305	0.2070134495073425	0.09304744678457035	0.3048224502786206	-0.4793815252749923	0.7738095814683819	0.6647989822814525	-0.23242811340754452	-1.5660071886567986	-0.5843337817343606	0.5560700385301597	-0.2940778741445279	-0.17329183602510223	-0.9994743939542037	-0.4102784440607569	0.14750065434610846	-0.01446400962524362	0.2398191915318095	-0.14103363834727298	0.2665200838118325	0.3640491481408606	0.3787875365248804	-0.1525831368006512	-1.6193856993578675
DTXSID3020463	-5.418843806005734	-2.7381754954862862	0.5645062426475757	-0.2559079160157115	1.5663277424367776	-1.1101207877078059	-0.03722937142633077	0.8840411553846389	0.9743082891612699	-0.2955457160258049	-1.0485033038795963	-0.2272829740857794	0.06381076369916225	0.27211671820234257	0.8894288925513265	0.4112946779013805	-0.5467825751438844	0.46194949512856565	-0.6623802341599326	-0.16160350007057117	-0.5038457358514447	-0.003342578021282079	-0.29709531671577777	-0.5929932604601142	0.5348758003381895	0.29536807739316406	-0.12213455810422973	-0.21726697692627436	-0.13301793871316486	-0.19536812936741985	0.008199977830573125	0.019526773582671426	-0.3293984008131065	-0.32161359364847625	0.3336646063625381	-0.134205725868202	0.09367356958490415	-0.33214095922152637	0.2683418406929983	0.4465466398883464	0.09368677275855788	0.02110117499543092	-0.4594115619886807	0.17185256449960903	0.32046776283954476	0.08608479664003427	-0.28354034351362584	0.04498677283379443	0.2782506410235839	0.3083885538790392	0.1377696503949926	-0.05568887009496917	0.1454978662877491	0.03155542686778105	0.08826217754994711	-0.26848152907687756	-0.0264574269504043	0.32051099044047265	0.37201464215427293	0.3554426225651517	-0.005395099849290378	0.2027569075144744	-0.15028253371406766	0.27774489721109574	-0.31221560012187566	0.1772259772547413	0.09142662087012031	-0.1903983973836875	-0.13906280747570807	0.5281569105810091	0.567079361325465	0.3377423435345956	-0.27791073271840944	0.48587987795240584	0.0670159675240304	-0.5134916560230754	-0.7531536816032115	-0.3630671001719601	0.4629377714750346	-0.5411573560897924	-0.2009103991608941	-0.4158290187046144	0.5813971585061997	-0.5921125505132189	-0.6493353071184405	0.08580409732175596	0.6276196160090647	0.3112185415665738	-0.2496503121519119	-0.4014088588804336	-0.6364824932981942	-0.3371351407400097	0.20751054629599044	0.064041820008591	0.37193952313647544	-0.3171060981742635	0.09640573084380263	-0.09044949451294244	0.30707058837394235	0.00403701220388038
DTXSID6046135	-3.130421582886311	0.39288348306585985	0.37450237530428604	1.1818379577955098	1.394908719052163	-1.1416983820305187	-0.5392734850582999	0.663510422593402	1.6485266423164322	-0.3758679224877833	-0.42008688618609374	-0.9020320392970608	0.002273361720484453	-0.5621564677959248	0.3480534801693454	0.41656902028148424	0.8295680067269057	0.29035040432240095	-0.22213070825322154	-0.998369235423259	0.06473086114223284	-0.2594358421073269	1.0213423908625752	0.16427495391451455	0.06153721269736703	0.5644523457978122	0.7626753556531303	-0.4691232932641184	-0.03429472731478971	-0.3825932329903154	-0.5707698296856439	0.00880314582898667	-0.49954056888962134	-0.18613131871677666	0.33106729821224434	-0.5302873892613635	-0.2525202162866972	0.14467009619350374	-0.16903559853913902	-0.20095503106989882	0.4980569107502647	0.9910124170976906	-0.32393504312672294	0.6080544619730487	-0.11850261152457371	0.14295540235952017	-0.06870948570435244	-0.6045331648026316	-0.009808513781827203	0.26019159060816177	0.24932830189448418	0.03290058078791049	0.27022971327683426	0.11937560850890029	-0.3431529981480786	-0.48445571434502455	0.32716247698163686	0.4485385924467494	-0.24850623327788315	0.15931290995507408	0.13526415886282764	0.4331898636063421	-0.4358156056635939	-0.29118037173043004	-0.09080473044773427	0.09933567879944007	-0.46192788216969566	0.1150096513898442	0.5784680351433427	0.12121893705091655	-0.003691644315105259	-0.08978602395587684	0.492139688369899	0.6822599933348185	-0.25412767012231796	-0.11154317242159008	-0.6687708943615011	0.0271134051852348	-0.271569875607033	-0.2641076436118972	0.08424884636163103	-0.39929661394775207	0.5586967514895704	0.3888170977913029	-0.684256911754293	0.10859469839746314	0.4046615361365412	0.5599234464841351	0.1087153684971991	-0.2288421846257041	0.04488025994120141	-0.4958743008485383	0.19135182540136933	-0.54704289502868	0.2559451014902346	0.09842060273174766	0.06868098405070773	-0.09017203468197717	0.15179104727653997	-0.2954992632225783
DTXSID1027342	-5.033855022465373	-0.1844861364686059	-0.8789918667678779	-1.1590691451842925	-1.1898405286177105	0.883450422129298	-2.0219646673407237	-0.6439028933302328	-0.16930963854644493	-0.22233560043860373	-0.37839766949867437	-1.671109283806448	-2.5693406579219413	-1.9755165902751732	0.3163961707406385	1.0795191739640886	-0.18174528439265397	-1.000610416031123	0.5903695691766667	-0.2394563287793196	-0.518225685051087	-0.1974048714261012	0.36329420553063474	-0.13927379106856375	-0.5775943147814563	-0.26211808822867955	0.5615121497346416	-0.6051453020001101	0.3260573078148809	0.304129755696999	0.015762279252419346	-0.4798047625537504	-0.45212399585230767	-0.30818982269151934	0.7854169738306562	-0.15522405026595484	-0.17675646140390977	0.02820517728590428	0.09372018772265946	0.6641637207255612	-0.49172717005117217	0.19456180586032998	0.34983117701023153	0.45924056882961434	-0.1429013890081976	-0.08664181120711809	-0.08682345937048039	-0.4459250003372284	0.007459660807969521	0.534892606193523	0.2125914117567034	-0.04040899205071519	0.41354025330871913	0.005860964605162752	-0.08238702402856563	-0.09899027092449612	-0.039429817856434714	-0.1396781542901478	0.1711601147028095	0.18885279346025846	0.1373282304307861	0.06667988767080454	-0.2036583727770083	0.5975136153870516	0.5621732899094918	-0.0713006532293176	-0.13178099770956347	-0.43917053072797835	0.1880015326126647	-0.19622936595112236	0.2693161880551511	-0.5702026087067833	0.4406290690199903	0.3243571336589479	0.23411568998806676	-0.08640787600344452	0.5505173363804279	0.05347177731688086	-0.23224465436686903	0.05280673439598824	0.9509464222906773	-0.16524023576048028	0.07367138743095335	-0.17335622570734419	0.23549121087739483	-0.04800690265884317	-0.08370580955259023	-0.16321192542164048	0.14656373085071678	0.11460933590871343	-0.8560358519019983	-0.0681855109401566	0.15055470708651666	-0.6193708432497571	-0.973294330762712	-0.2718108309261249	0.15845130543694827	-0.515464291182782	0.008623405391195774	0.53789579220221
DTXSID0020236	0.5316500083000897	-5.475863037520131	-3.666097521287145	-2.794558104947886	1.5071244637219199	-1.4319452312508092	-4.774328991723866	0.701203879848147	-3.8614429423157475	-0.05475616728007622	4.7288239920967055	-2.8098122686082547	1.173981409755865	-1.519835561439273	2.7695072965330536	-0.48920954253276416	-0.061777705339213757	0.07213942986576856	0.6224950138867146	-0.5095128872090031	-0.8353815898584188	0.5089459126327422	-0.6126443195150706	-0.6940659522732879	-0.08980873313595765	1.1755576820489808	-0.11350761301794444	-0.11759955550827798	-0.1883372437155954	-0.3334195687978695	-0.609512126032547	1.3372144944035735	0.08784082543469311	0.609877736032645	0.8661040141457469	-0.04303422706970461	0.5491544644140386	0.7118342305295436	0.23829130753076688	-0.8565083844654406	-0.2445744090121279	-0.17938266936101216	-0.909121945565863	0.05659449094272901	0.8280561446673651	0.32849820938949403	0.34530885810729484	-0.7963757769492568	0.2593749911840423	-0.1713166857650401	-0.026791411334860835	-0.3036821740799197	0.1730260213540144	-0.4424618570960018	0.16175561032417723	-0.4706362872289108	-0.0367247187668317	-0.8662737790235119	-0.16850525037450562	1.013417053667034	-1.386028339467293	-0.8040518879567564	0.6086742625128186	-0.2604395859188885	-0.5257832232187049	-0.5988638727542676	-1.020910951961115	0.8241656002597545	0.6493054810772307	0.23054838773965688	0.05540403443913601	-0.3222576704963229	0.8978435894159468	-0.6324584808330538	0.1212845068826689	-0.6786572829026201	-0.07961727822996285	-0.6913783903948806	-1.0071212611099682	0.47203029874881947	-0.977395295045529	0.4354821062005517	-1.0770073346772377	0.25217717429143566	-0.23513520585540607	1.4212805258981167	1.2283639592012	-0.5874317173502878	-0.4169172160016795	0.09117449586341539	0.1061743431657588	0.2999850404353036	-0.6307407531299557	-0.35145208436625336	-0.31605497031922	-0.18545188131571383	-0.3447822843513224	-0.2891975543569687	-0.239268641103049	0.682887232829864
DTXSID6042490	-2.2925081559325045	-2.1408355937774335	1.2379860050622138	-2.5969661952713863	-1.452627375793635	-0.3841116844156569	-0.3254640412756292	0.7709941941307031	-0.11127042208484834	0.6309676391698709	-0.71195639301326	0.008640680069986898	-0.6431463750052259	0.6259860349982294	0.7626462337598503	0.8529022196737697	-0.6947449491714588	1.5943529028303685	-0.5317420783861122	-0.5201994246745998	0.48247881378758134	-0.45642465732037135	-1.4002009102440476	-1.1177463353749657	1.7346181228302802	-0.13110684578864046	-0.7139567545333347	-1.132131678815979	0.08817846147641185	-0.15199602906313778	0.6721114013268767	-0.46475542752008525	-0.8782777047103338	0.2499524914359161	-0.3075522444837387	0.15607980850387923	0.29641688927191473	0.25724402881548847	-0.00803146552205891	0.4116467637363314	-0.3206848144451891	-0.7074380822437197	-0.07357642382131704	-0.3014601822216039	0.18549376759574882	0.1948872725277217	-0.10505746109702925	0.32430560970970845	0.11682037856753406	0.05387835268776361	-0.06951008894771588	-0.18871691768109553	-0.00592247923502562	-0.24456932102676254	0.25057629920221414	-0.646387015369699	-0.2174523065919282	-0.4464373519533573	0.6669146286434714	0.2733276872438055	0.4198427291298702	0.03399285464787857	0.3381949753546226	1.0385436899898688	-0.05878803376021148	-0.2653190340473186	-0.07754593192578253	-0.5919502190292953	-0.4301652597883386	0.4658598811146768	0.041370433990898806	0.05587628896498279	0.302794581490962	-0.11526803283688784	1.1691669847266355	1.0465299365491523	-0.39029947745872806	0.2891696721845387	0.6811352567917199	-0.19923952479196777	0.4658155370575236	-0.15840717062420046	1.3518725326397063	-0.022689103597898143	0.0017675130503323087	-0.42092252280603715	-0.34098923546586535	-0.5143839321819068	-0.5095710003103224	0.569866642866183	0.511181573916822	-0.011649555895137494	-0.08246743709257726	0.1751259084277657	0.2120879549360363	0.12116745246303094	0.18809775329767733	0.17733802622427958	0.20781693956394712	0.5247940323536091
DTXSID7045318	7.126344622444594	-2.589016268917068	-6.504339003243531	3.236315561625337	-4.159222559298047	-0.45009718503404184	-2.878979293322463	-3.7041189243808623	-1.5013731116078874	-1.888713377706767	-3.276796399313319	-0.2629342635891987	4.584296536418984	-0.28073560827873145	-0.8738538994511661	0.005124220623493872	-1.431623064300102	0.32806807967678575	-1.8021336437105013	-0.13435101496239046	-0.15165530598740187	-0.17008679832033563	0.14429717232254943	-0.2554277815802173	-0.9111116755013964	0.22972766711616974	0.5706703651772413	0.6829197150756033	-0.12535838044586367	-0.3225811200942772	0.08429317850913744	-0.8739685095874051	0.06520287860937489	0.08054802078897672	-0.06899947466146818	-1.1915632693839775	0.258888115966988	0.7138104148823655	0.742528745382313	-0.8017929973386385	0.43190754253528524	0.9721061276274995	0.2919621964416675	0.835919544800074	0.21146729269522235	0.5823488521406617	0.0579576874950512	-0.06438486107981586	-0.033362071069840404	0.27101706471453824	0.45746933282584573	0.07240787406053897	0.365132857532003	0.6066267601115115	-0.27946524622438845	-0.319895690846861	1.3194189075175873	-0.21766083857331034	0.11674243845571053	0.6627266343454086	-0.12436618049665206	0.5437167697905422	-0.7362407942413834	-0.29560635647925987	-0.263606919966394	0.09899847378874192	0.5042644221036856	0.29449016333532024	-0.33073784540984263	0.38920844592218223	0.07980926853081227	-0.3881390480541307	0.11089611275442486	0.22399567690551495	-0.28498278991547676	-0.07195730005781709	-0.8525602002597615	0.10158751615193193	0.3847971913033223	-0.1816986686348332	0.6671078265577047	0.0316895951331693	0.829803243152488	-0.5787698430055097	-0.6122853807581137	-0.16348441648499884	0.4980125488783618	-0.41116143872690647	-0.3159719237154904	0.0017265109991279693	0.10505425216755293	-0.0050414420265774374	-0.7644033709143251	0.41450206477568474	-0.6399480321604095	0.6803317931762101	-0.8050962266692154	-0.07225194178272965	0.06708306548814975	-0.011028785599737368
DTXSID4060109	-3.0996220143229323	4.618491764721927	1.1915247012972452	1.370725181370813	-2.449725995809633	-0.1446779838421234	-2.3939582046852315	-0.9446494726911872	1.9692794425613251	-0.43638833536931165	0.9711091435248422	-0.30182802754877364	-0.8869644583491544	-1.0717411313192642	-0.3120420943896397	1.608828555324935	0.04628268026136071	0.20973292476862676	-0.05922376508446892	0.2648191255692729	-0.6821103946116657	-0.1682768562116252	-1.6154264570459378	0.01937771499507143	0.5681165637725863	0.26530672673697664	-0.1379977741451162	-0.29750088083852605	0.17299081917863832	-0.26276719856018915	-0.6630839997957697	-0.4079332656045783	-0.9402462981731817	0.13610132737945538	1.211261185001166	-0.6280381054667387	0.5162227362291911	-0.4936891056547373	-0.0973958443743905	0.2035721535951662	0.1809572059322629	-0.18164855123766577	0.4712604835704225	-0.10567559360435033	0.10519121145898273	-0.15127160192088013	-0.3108473345940766	-0.15150162083788185	-0.18824461419244065	0.07467529780563238	0.013585825938513168	-0.28460080549631245	0.08218798607250258	-0.41541655713240966	0.08671617441741727	-0.17971520027543827	-0.22615299868106223	-0.38919393518800466	0.5448573608966357	-0.06019006382378435	-0.18065173576750507	-0.004969022047151095	-0.3175179028976291	0.8059309532539329	0.2899199388891529	0.6507762945573515	0.044613042821309255	0.15521427157126572	-0.13238722969955435	-0.23719617326732242	0.6533926064734314	-1.1580585263955219	0.629274864367147	0.7893683288668468	0.3469422410608541	0.4529809916160679	0.21621941649564663	-0.2130821680021907	-0.4407495276671182	0.5797423875409771	0.7431044213528317	-0.35189052983640795	0.39123047038845254	-0.29278003338781294	0.15634925371337374	0.41527426727227573	-0.1938995199681965	0.083248677794552	-0.8239806292163412	-0.23887392229659848	-0.3043796096100944	-0.4360670509399746	0.14687321746053203	-0.28989591757229893	-0.3182696722765611	-0.7538987744429682	-0.4547365793474355	0.48369147793292616	-0.7750035933010038	-0.5296181491703497
DTXSID0032869	-3.8485847068113834	-0.5864001088515544	-1.781259439005256	0.2761117065154148	2.065047313811174	1.9836882855151905	-0.6398941096254207	-2.3469422918324505	0.8228164031737121	-0.2217708105515132	0.6069855087016537	4.346052597595294	-0.5160788961878519	-0.5098414780930464	0.7033923696747405	-0.24244971996129794	-0.17705660052406658	-0.09124248038242752	-0.007585992720347398	-0.407840890077829	-0.4500306730606402	0.10831162308147979	-0.06921226778076152	0.39184331268786526	-0.08618487935582307	-0.08722006605816529	0.4056897050744331	-0.7344972415666166	0.1403300794736014	-0.09473560639779999	-0.8585510031527662	-0.16525524705496036	-0.16068183496088934	-0.38397156393109283	-0.2136479687343765	-0.012945480066902175	0.43510027551445685	-0.07141919348706219	0.2533443812871946	0.27363342100892646	0.23576032682418105	0.5919008671932097	-0.07932859403260979	0.43439094171121534	-0.08302015767475246	0.16033894816612967	0.07238398860757601	0.24351939681618406	-0.05235418652131721	0.36727981802104315	0.07028975948643824	0.1900469070878685	0.08122672240506948	0.03437039630412062	-0.174930232790025	-0.016982566806155047	0.2304917824027112	-0.02137521484927741	-0.20426636644261972	0.27040342044385896	0.13309580549778577	0.14096378043927504	-0.014414837471184992	-0.07283955010175128	-0.17789559343218525	0.019149725285608668	0.13774678717562666	-0.20427450004756814	0.029478366548915415	0.26442742538143943	-0.054352215179148004	0.4927857570637415	-0.2782081214955855	0.7732199769358264	-0.5601368426864777	0.03404670661177349	-0.4326791363958356	-1.2018541687479933	-0.06746650977104028	0.10169972253760724	0.6118450511172603	0.11482134578931195	-0.4002046308862735	-1.007324531170964	0.02736112047636167	-0.6046148054496108	-1.5592928137460946	1.3499062953335683	-1.4434208095171541	-1.211499076270639	0.41393669054832083	-0.49246070700935024	-1.0806064811739553	-0.03358148101058929	0.37833745183320383	0.31644180800611915	-0.6306578042331775	-0.08963420059218577	0.1742734363485127	-0.19516795003212195
DTXSID3022455	-1.28850405322315	-0.24019998655211774	-0.5075770661435804	-0.8780483703789401	1.0773374923475318	-1.6103263675569455	-2.7231526756734605	0.2951490367649868	0.0783411017352184	-3.0819990550823135	-0.0774015630713183	-0.04590977390662253	-2.0780405914772535	2.7567116509764427	-1.13520791576335	-0.4881499991292644	-0.4062975198422206	-1.1676623998973255	0.9759115587871422	0.1720958007185606	1.072771623437443	0.13186079638939457	-2.617842593587951	0.09005886774599386	-0.3545631575653214	-1.2555742274944401	-0.3055908790674448	1.8644255614057412	-0.2955212529088326	0.3359381198318959	-0.7107247908559845	-0.1010264822622728	1.7600885279522844	0.3564928039279858	-0.2427349844605645	0.6342550954577735	-1.3914320019873756	-1.1963483693496786	0.786308899762868	-0.16518186829521653	-0.3472069308501417	0.28101729390675106	-0.2461769273360619	0.9785673875493508	-1.1113076915739577	-0.2604714680663	-0.0725251199074824	-0.9892926008318094	-0.3700299079113629	-1.1239778714645268	0.012151143065363667	-0.24896961670745923	-0.6129094766631363	0.0688380596472361	0.9358557927212633	-1.1616796164788554	-0.47099986088337137	0.5172777731902379	0.37910825232011014	-1.1012275604103536	-0.0021543462375433306	0.9010439507724336	-0.27000467604918754	-0.812468054015343	-0.24857633144762023	-0.4354986818790398	0.5389011565452442	0.2828899362551715	2.242303125458621	-1.3343953101513935	-0.6294100203599323	-0.48846487495325036	0.7015667981538563	-0.00645220734183649	-1.4455604960415378	-0.7531366467716795	0.8960302468304921	-1.3437923601188417	-0.26218545357592427	0.2582433149020993	-0.2622657278514258	0.44966726968709053	0.008749161353964656	0.14631414567043918	0.2591981661685806	0.6781614681978155	0.31311959794697813	-0.4793234625814045	-0.3579271234907485	0.3682377119926698	0.5789449123258512	0.718667976733442	0.11725980487852769	0.2941593853974311	1.008473824011253	0.1626374614815455	-0.7893666146832575	-0.14698992689200274	-0.19999851327458887	0.18767523890525883
DTXSID4022789	1.146531511714967	3.9597988078440443	0.7883852023278392	0.9319492236616542	-2.5678241542346036	-0.3079172276894833	-0.7188272009527611	1.4109296194162273	1.0710548966939757	-0.5672572358153195	1.3592796858096725	0.17097566997451832	-0.18462319852389641	0.6132670639248631	0.8045149868279383	1.2069303957997757	-0.030973084430826546	1.1390971419068614	-0.9081693942086547	-1.6835071993706883	-0.43762148260960876	-0.800404633786091	0.5148848289479203	0.35758221684600955	-0.32346403846145416	0.8606876936978012	0.39437960566763497	-1.0948848361545334	0.15826040062368277	-0.7184404944758558	-0.7064840353092062	-0.41237940805011075	-1.7953616976056612	-0.3745181041555431	0.2110512960365923	-0.42778208109054816	-0.4048237203782081	0.3948892733637939	-0.4853268138046467	0.02465462040453793	-0.09890038989904582	0.6471862902481859	0.12569661402158533	0.24796813540365867	0.003583829180347361	-0.14400179416692085	0.0389845937875352	-0.4879080573257822	-0.3759762077419712	-0.15621143585348207	0.041274246276060904	0.07051166581086452	0.40028879359579267	-0.5164111595561601	-0.3871626397483924	-1.2002070986249052	-0.018940951523273835	0.09748798378975647	0.03639081709289088	-0.061298604381832	0.4908144285115179	-0.03273154113306907	-1.1272766517056154	0.33549929961295477	0.43422470513642364	0.3093463359407142	0.030484351998121766	-0.16862565034566193	0.22710288345533328	-0.5627736911991009	-0.0036534839974900657	-0.9781859040963246	1.3387131007228192	0.6313371047687037	0.40003236516875884	0.9746735156755434	0.3768056484651499	0.31002938519576795	-0.32767014694505653	0.8332477555110973	0.14469712496617718	0.3267812512567851	0.15775648250353053	-0.6123986000725712	-0.2286235481220672	-0.010894463629404615	0.02167430344623315	-0.26706415793467214	-0.07320111976032018	-0.6092259598205967	-0.12786075769492614	0.18868505456475895	-0.158086828304655	0.00041102822824646326	0.674785974649972	-0.0007223805142662127	0.7637834972443825	0.22347368185490596	0.1065584099308327	0.00697375041203756
DTXSID1046180	8.007609431211261	4.2502733577636205	-1.2224569329348496	0.3451465268883043	1.1763567836311501	-0.02744401021030075	2.4410730334856305	3.1169952339110574	4.157895588854047	-0.567912361925754	0.5127348263570731	0.9629806133939046	-0.9019574365443243	3.122795818169397	5.5000748230632865	0.9782205270488213	-3.6901502881237014	0.9128807473757444	-0.9964131025722669	-0.12913024864768446	-1.0776614836406853	1.6865805899221662	1.5187343047938278	-1.2709552106088629	1.7749052103816494	1.7472611726590377	2.3611319983245846	-0.616155204825566	-0.37950405399560605	-1.9162687073134606	0.5476899107142862	-0.9630284021752554	0.596426262903358	-4.890027562920641	-1.3873013340895501	-0.6414612958858826	-1.404739317252769	-0.5346478396904967	5.339667048960037	2.1920810074967325	0.5105996940237224	-0.7652493938020175	0.20104538836941402	0.1498114005927352	0.7726931656451332	-2.247848985436184	-1.0598017449748813	1.0724701470159017	-0.015306000950363274	-0.269295488284381	0.0775281595143501	-1.4190386563012527	0.42568177265587964	0.8691888166702595	-2.099353706850861	2.787110864497169	0.603823515731245	2.6589169827292634	0.16341186090378004	-0.42274403131729343	4.625009277069726	-1.4601827834224086	4.011503485165019	-1.870332774757801	-1.5740431414032718	0.4055602541364763	0.28770213636255315	0.6997917841337352	-1.4619669925220287	-0.4466117668007247	0.2054975232390457	-0.02775837337820221	-0.6673433566072002	-0.7290225214247531	0.040309174362909206	-0.6513233999266147	-0.01460684535064676	-0.6453766255634584	-0.5409383441642942	0.3746861120236609	1.3145635922411907	0.0804670883498543	-1.003523334668991	-0.4985435064913991	0.9207819485862991	1.0538007673400231	-0.18401717943804907	-0.5527245156811661	0.07176014327646783	1.0777589253932196	1.6757078297964318	0.041608942482709445	-0.4309913127360331	0.1028265213322875	-1.0835318476982791	0.7072969340296169	0.042711097425642795	0.21482477600468697	-0.5169185490352225	0.2031527581355433
DTXSID0047953	12.658635429848687	2.933186396620057	11.71431269717011	-11.752021507774582	-2.7091536071540294	-7.462364612024373	2.5379426667890748	-0.05718337802891019	-0.026419936278180567	2.524523703369499	0.13497760309747042	1.6124890417721243	3.1270938261766514	-3.983887247867854	-4.4120794402494585	-1.728480506846172	-0.2523830960941363	-1.5618208850854767	0.20192529655986352	1.2180288705163207	0.04401682317373441	0.20091961548406084	0.05658808141631612	0.6238998812532829	-2.458131423041062	0.31988759111723114	1.7990391832033168	-0.14212828807224365	0.6532071878706203	2.1914379574296765	2.8563632177507547	-3.169564704676449	-0.1808111425674711	0.012182421737689983	-0.8483045585525331	2.0332558790120756	-1.321189777481816	0.47094634899212157	-0.5290021632637857	1.3660434458007145	0.32230236868726686	-0.014190751787919354	-0.23156009960460971	0.3956830631485478	0.06998973618621117	-0.3810408670065468	0.9289301190838531	-0.25889698701973185	-0.12840054623592523	-0.7356266764828906	-0.22326503434651251	-0.3727196533522365	-0.4874894462427523	0.2147919777826187	-0.44908669702378823	0.8727849011815992	-0.3792926890899433	0.46276599022538445	-0.4359569632927334	-0.8916243648683997	1.0793330004528243	-0.9768686424277557	-0.05834887125788309	0.12514423466533378	0.29454938857410895	0.4476820745565139	-1.9100935067842677	1.4659597741559212	-0.9143777153600854	-0.30619756887839844	-0.43810459523273626	0.2345395506521708	-0.5715851898301486	-0.8576224138582568	2.2728063291745677	-0.8142451988650569	0.023642673619334788	-0.4046890320316539	0.16680565902986275	-1.7768964902677291	-0.08235213742340185	-0.030772817086027256	-1.7294100198765499	-0.5877714540271597	0.9732525551712083	0.7986598083180323	1.140550067488777	-1.375680180236839	0.0060744330497725756	-0.9259498549186521	-1.564213396229728	-1.5474169807129523	0.8394073165635831	-0.5074156944534053	1.3375783788499118	0.06289960297324006	0.6790167442548921	0.9345711542936856	1.0742053519446884	0.03738026123061365
DTXSID8046791	-2.3665149401472036	1.3293910799701567	1.9025343375110975	0.6598832952630741	-2.017258907533941	-0.5310994465026233	-1.533227136624753	-3.548244991144647	-0.3482921264050586	-0.5739431286544255	-3.6766377927246467	-0.34089700440879256	4.7190858953889485	-0.3510909958334097	0.6004578420901449	-1.1947230583154234	-0.497693735013522	0.17753254349599287	-0.6568824219147458	-0.35239712995605255	-0.08806961966761039	0.2641222392833532	1.3065779911336182	-0.27536219799721195	1.1400329067555908	0.3277474305949516	0.010177740612475773	-0.6701913057530462	-0.45026926581282617	0.09141095017568157	-1.1327712587496845	0.1262875889468139	0.22160418686973424	0.3058363681532124	0.7761659646825354	0.3379115995053807	-0.9375367477237404	0.7042228258475415	0.06849442786146179	0.3091160398752245	-0.20785584143498226	0.1784622142509097	-0.015213161642509158	-0.034554228258464104	-0.23612302827127435	-0.04607549609422214	0.44524190919005613	-0.3903536854613296	-0.19610472403415374	0.06339974763582884	0.12170521538179203	-0.17605376345405366	0.5705382527342294	-0.22312848461159374	0.051063810873327085	-0.016731915872599874	-0.07828209866387269	-0.14968088969735954	0.10396057449046195	-0.4757041879837887	0.7583880554430227	0.2898608045053471	-0.45597505190828824	0.19013725221920538	0.5455063415225675	-0.315837357589762	0.44692434778734824	0.5957497665558303	0.21667874231403483	-0.14408900135318747	-0.0001751988642878177	-0.13911682357440036	-0.39129177135904475	0.4169138322222227	-0.023737596486068914	0.17768794190981133	0.20883565147351488	0.045625043146744204	-0.1311884339646759	0.21343224666781066	-0.08617550558314027	0.4921789342419995	-0.3554032119784138	0.061909051029474645	0.19723710714842757	-0.16459189700660326	0.09363892887994282	0.25287417112356836	0.6503168435565982	0.012091318480418832	0.12347970982841533	0.19111991424778954	-0.2301252497388216	0.17370455666925058	0.13284661382961166	0.109500669268877	0.3351430191178405	0.0022090049353378845	-0.11506579920966413	0.2566552718727304
DTXSID2046121	0.36607356410424563	2.7168500659380634	-2.3361269819686488	1.7171396135532844	0.9874357678381195	-0.1947592336901635	1.1086410293131426	0.5737659397697564	-1.7754081936943205	-0.42134021196749905	3.3942969827217575	-1.1684424748047575	1.7457859907229867	0.6408217941057035	1.2856836630665234	-1.9737982048318197	0.9311354007607501	0.4443500655046951	-0.9428900452322551	0.17033849348489905	-0.10394737618995838	-0.8934348085462117	0.6906038020255715	0.8298754591969572	0.864123349866989	-2.02567958670664	-0.3163569081638083	-0.103232034810863	1.1284500979202048	-0.3573009354174309	1.0757920392775986	-0.7505421273263989	-0.1536771637389172	-2.04414702781097	-0.7389735619387652	1.6741144394572676	-0.9796162990340026	0.37515743790823763	-2.0881747628994036	-0.2664720069665992	1.1419530224628298	-0.03701809403104577	1.8802026450073532	0.29936941498355624	-0.1912441055711722	-0.07546184334484628	-0.29107658319688323	1.304116911472003	0.2646565473114051	0.2327316622890626	0.1650818030493953	0.6533353753871837	0.2719415962342122	0.3234055661832047	-0.30009348774878414	-0.5378432230919215	0.04091182728909001	0.4054913289807219	0.5347242718718971	-0.15050243858286705	0.3260517906558506	0.03873200917220152	-0.44457081164618817	-0.7567994187161408	-0.013846901427913854	0.1806125836709584	0.41804200707461414	-0.059589759889712386	0.3636775496489833	0.3923558997274735	-0.6411001660269195	0.35906888403251963	0.1730213750238051	0.6001613034466593	-0.3249575956786521	0.7192669368418164	-0.12829211201033106	-0.3270742087526069	-0.30743620746350503	-0.2847303670939888	-0.1051815473731214	-0.11960467779560885	0.20385847947078747	-0.27535725010204953	0.4232203684774259	0.017984209788063903	0.18127509275288023	-0.3729598696337183	-0.8933408831866264	0.5182486028908756	0.4773077590007223	-0.66817864477025	-0.39309094533189787	1.1615936651960017	-0.27401920121925055	0.7836330245969408	0.5248195139176844	0.349696750337268	0.6100813251264103	-0.2434381589537839
DTXSID0047034	-0.8796588645857164	-0.8940647820904984	3.3938261102517133	-2.3680400890380624	-1.2667053675480398	-1.9794337840571572	0.056524314541439385	-0.35203355661354196	0.17393254230796834	0.18195261596104828	-0.1260262761620731	0.20049593700959975	0.025082376379434366	0.6501545914017957	-0.3512274613942861	0.6880162753668178	-0.11603665554124394	0.3004659606651867	-0.06697579411142361	-0.7213477489304305	-0.44767141583601233	-0.3423388433185747	0.5391718535565987	0.12558280826928972	0.7481415363565819	-0.3359207936737489	0.6162699216971137	-0.1934281596472314	0.2826862224386964	0.0753601737944828	0.2616775564527945	0.54778825860931	0.3696620392201507	0.09347384523619198	-0.9760860936534297	-0.5199379929480596	0.9834026220074008	-0.8671700864109501	-0.24719792741395888	-0.15583050518147054	-0.06633421060591976	-0.7805625115511263	0.5711943891737288	0.3645150869912223	0.2003378984467709	-0.5553063707897044	-0.3482370205852847	0.0072920589602988905	0.261319550551944	0.550289672255333	0.0695690562214754	-0.3857530291625266	0.47020979776022853	-0.062481020141653396	0.5347235117892465	0.14898858709721266	0.13007710515971152	-0.5376405898229716	0.7669757429616818	0.5335047871603551	-0.4151430710660094	0.35100999996130583	0.022144153939098913	1.1431731451509797	-0.7366978219680648	-0.05805877186026026	1.4252594046743774	-1.1220378536658884	-0.10644440411461506	0.346178166993264	0.23877875485614522	-0.22150117513725198	0.07197954399874265	0.09769950211999345	1.1540696838458693	0.18196294884834305	0.18291403816240637	0.14246214979976984	-0.08388254843954121	0.5200483696930102	0.7677967398924156	-0.4551412402109381	0.29103220125729773	-0.2246112289510111	-0.4641074962764612	-0.2535154535921797	0.07582730925045346	0.5150514415823549	0.2897018656754108	0.2758790400686434	-0.4837721461186717	-0.4306313586414026	-0.45539775036345026	-0.5197690176799569	-0.18079213205599562	0.3606082061612378	0.1001201361451828	-0.2173716865992731	0.2304663983324926	0.219637807760032
DTXSID6057746	6.170168334484316	3.3971648857063563	1.867367759947492	0.9045252055104276	-1.2646376723790702	-2.5061885331900102	-0.22961742649121306	1.5780667084236792	1.6575828640835637	-2.5341516167214917	0.17154098034502185	0.7966935280501838	-2.4362467751046113	1.8335764711117357	2.206633593821246	-0.14154734961074988	0.4128643621974056	0.3438079510908453	0.8591617232634903	-1.2452619109350274	0.6388216936090679	-0.6417175455451593	2.2511276553024313	-0.5496885565679246	1.2160987278229292	4.2850810849103	0.910623163175254	1.7147007621584787	3.185687807709327	-0.7708542714565298	-0.09356136632766086	0.7411639602516682	1.0437357711026918	1.1056727868797027	-2.822095595097178	-0.23197305076973207	-2.007069850349907	4.530013708339966	-1.1440902102429666	2.0368074080136847	0.11021131963785814	0.1898268972493123	-3.6735512982544973	0.1414455675435604	0.9552626582720808	-0.6797553347812334	-5.419306439558584	0.9139109451758167	-3.8602931425270888	9.10602383536526	-1.4393585447865922	-1.2643100026065117	-0.30561082656364585	-4.987914699741997	-3.1578539380394948	2.692016061928935	-4.629053720256946	-4.220062106702328	-1.0794276860070657	-1.7296222393165601	-2.767878391441658	4.6411244282214135	-4.501268320268174	-1.3347421671783763	-0.4573500648390768	3.4676460878036752	-1.2186489650329042	2.1429630703149773	1.3924008836062214	-0.5756754960382952	-0.06901474041676593	-1.6677251974880574	3.9556189155674883	-2.5395660225464707	-1.0401967982848346	0.5805114192752012	-0.5421535162563365	-0.08707775406085871	-2.5537578595821904	-1.008838122577503	1.657832138050689	1.7289078379947325	1.675534419874551	-1.3304478670717812	-0.0016134496947256575	1.1273011273585511	-1.005779929880691	-0.1402418443435151	-0.0733358816874279	0.13258367127545212	0.7985885204105577	0.035837855168876664	-0.00043400993123366544	-0.323585046814493	0.2176485213488772	-1.2906387771562349	0.5418938079602313	0.2013978526557379	-0.15899942622820382	0.46774513593882494
DTXSID3029651	-5.580269884300928	-3.775672640265667	-2.4676108325256947	-1.8431731118237238	0.6646301217347077	0.7404323004907941	-2.9144102413082367	0.3533176927698949	-2.4493080372220044	0.15882462072158593	0.9375144873828266	-1.8925587487144135	-1.1030833855994244	-1.8971568588179353	1.1815669214574938	0.23620240836046896	-0.7441651649402171	-1.100357803306371	0.33401116367190126	0.12481124800783185	-0.3891468895677476	0.10658640737514286	-0.10879649306574993	-0.2245459430836013	-0.006904606838324265	-0.5574289348668867	-0.2775401703060668	0.0999453865379169	0.024480333494355154	0.44899769708222015	0.22882077643765575	-0.036150827445542766	0.5991040190309245	-0.5831782159108161	0.3052613988750405	0.40617746956635964	-0.15376290487758051	-0.31622436381362007	0.17597696004512686	0.2915547348634926	-0.178261348573187	-0.1771871793914056	-0.0581825998026515	-0.00552502737678565	0.28809249864121805	0.07304746764440355	-0.1899740194085257	0.13202468253060498	0.28565627267392757	0.27699263794513757	0.1325451609840655	0.1484438179535118	0.346950280691123	0.20000223624915506	0.38621427199526565	0.009770075762501891	0.01814967015962953	0.021233974690244437	0.4625173891006497	0.5419513608084946	-0.08120939682226702	-0.09960475057453477	-0.06711491621216292	0.443261219691274	0.23465159006073472	-0.14678567572862275	-0.42635117886820256	-0.1846737040890825	0.1224402768470444	0.23280840051767476	0.212816817610789	0.184162819571037	0.03526205095909594	-0.31350512098762795	-0.40510912927261256	-0.3792664996883403	-0.519875638198338	-0.2626813555165025	-0.17853787000905028	-0.1338447161174376	0.5065866365263275	0.08649530986178876	-1.0721473156779173	-0.7873354113955374	-0.2648025121704103	0.4256545493993502	0.14286209308198364	-0.8054614745044797	-0.3131683720734584	0.6007519512143791	-0.11433164581245875	0.06218547421111069	-0.04036958027589582	-0.2991315270158895	-0.481536832238443	-0.8381404178603032	-0.13651984984759963	-0.24746260537535889	0.30538211961155687	-0.11278872680595028
DTXSID5026625	-2.9949870429838774	-2.4783112952551325	3.346200539521326	0.7612931043179293	-0.6373390428423475	0.23234790896328258	0.34207489533857766	-1.1562673275111848	0.4685456872710473	0.7480745260717755	-0.2533808791581207	-0.25134459388390135	0.5209561566968399	-0.0487477039019691	0.6516211151941032	-0.24643127385906016	0.9987906474367526	0.6043901165274423	0.1331927193246117	-1.2627069415179364	-0.04268644513362188	-0.5867695548953532	0.9792624158653581	0.1368979390974822	-0.26161271862278945	-0.03163754283404904	-0.01612216663936662	-0.28014741120474085	0.2211498496922552	-0.3736876585427043	-0.024932028476944656	0.27215999168587635	0.1475236801561416	-0.20073040543888626	-0.8076998955183969	-0.09206746221311032	0.3786913694734681	-0.09297466349796181	-0.6529385540024912	-0.5576880648263819	0.31945219345950665	-0.005160769699997363	0.006033250014695424	0.055395903345999566	0.2727744701784458	-0.23340166417806074	-0.24624214694368635	-0.3964439920349109	0.016105203167539016	-0.09373778017355298	-0.01693874452335781	-0.41020051411455716	0.11999350700299219	-0.06099677590112151	-0.1695330213884859	-0.06453712267677626	0.27048084873583406	-0.07995879017726619	0.26908576384018634	0.6097956456515047	-0.28356875168631734	0.16804084102598643	0.004150302751753275	-0.11002442403024286	-0.7362376871161918	0.14424415020281034	0.3895900043323483	-0.4938850795483508	0.10299094288919733	-0.13671862969649584	0.044980862560450585	-0.48278309582023365	0.32340530679242324	0.20807919434865452	0.6325094784337317	-0.4640278738865422	-0.08178052791486935	-0.228375187194387	-0.25428891904309553	0.0029552490834070322	-0.4336723415994532	-0.061933608664857136	-0.4272022040282716	-0.20504442266493786	0.09625057378279918	0.2758622991823017	0.4994082722048398	-0.045631906116246596	0.003930246560066675	-0.16788456484750316	0.25156142948420207	0.05085475875294684	-0.6406895810846097	-0.2058998423684207	0.2833381405120032	0.22453343991670338	-0.18432044642845705	-0.23124469382607352	-0.22683031242965984	0.22724917802157696
DTXSID3048811	10.526058023556763	7.202125419187807	0.8804896656261907	2.157661977838153	-0.13562614907589188	-2.1959311165085365	2.2563401493540196	3.366327709753734	3.243677904447618	0.36079122561407545	0.5760793160242328	0.5409203968754756	-1.0711999309609588	-0.6040111513284626	4.454596007867724	1.0617930473080563	-1.4776030106578963	-0.09035718568370103	-1.255458456271981	-0.9786070401484694	-1.1188825191089566	1.5063743381761234	2.5503140582541723	-2.6785196174359562	2.728329635832422	3.4424644231369066	1.976421107724259	0.020546900616566662	-1.2954682941350073	-1.0437419566990456	0.38461999535297836	-0.8192246571817094	0.22843474318825857	-4.678046123369005	-1.6202801327680336	-0.23492110601416197	-0.4450747432531951	-2.0986297671850074	5.202800921426252	-0.8097073981305644	1.0844010448221602	-1.4880658227654158	1.5436090595458025	1.3831389392741997	-1.0712171967379929	-0.12996365212982353	-1.0947589493877796	0.8970889898129865	-0.4117783890422128	-0.019684445505726993	-0.06658921738987665	-0.9479833185155755	0.6368379718508687	0.8765464123559461	-1.2296250253285386	1.5765455117208447	0.443579144356154	1.2728789756636645	-0.9564625925631981	-1.1369415989950689	4.1867465367730965	0.8531576504028229	4.021660247537984	-1.6247241588048795	-2.904667547717722	1.2301874552942353	-0.45848064619344986	2.469661607235428	-1.3419322461670422	-0.3042398588975646	-1.087248198032052	-4.057585225362328	-0.3235699889174967	0.47768543805186225	-2.3772438918262595	-0.3323326398401882	0.46280715014573054	-0.9999139029705504	-0.5862734646791392	0.5283887998350382	0.8685458346808249	0.8291530521597134	0.4159276827266684	0.26752544375355763	0.11303516081558293	-0.1511129403947139	-0.15588625962580535	-0.3081662131047842	-0.5049076957522037	0.3044554601307679	0.16382182054182134	-0.19327398019798375	-0.6075135541496736	-0.9624137163632778	-0.6145655266222203	0.5721714115415102	-0.2875199450072544	-0.45421861396435415	0.339047922966161	-0.3179960363027061
DTXSID0048189	6.005285599808814	2.3133008430680078	0.7267670238067296	-2.2938458613398476	-2.9337916196601443	-2.4985628001605247	-5.664607770344113	-6.987092679357941	-4.140793507162329	-2.145287772586974	-10.53479955357802	-0.06994961650552387	13.85931631711571	-0.09247720565553123	-1.4860713434671933	-2.5694124316507923	-4.529960622372715	-1.8266228467994738	-1.0208263424492243	2.0534505415496347	0.9649788827075795	3.2292028159508406	1.4664200958638298	-2.0232055285306156	1.2682356557966865	1.6879485507832495	0.8866449234951025	1.2424049188109512	-0.536898842179544	-0.2523645804651394	-1.184756115013707	-0.7037535384419333	-0.8818732818759096	0.33774324032497954	-0.8102049544594941	-1.1430174936732767	-2.4056593527115657	0.81183463455705	-0.13068458040732844	0.20853492591074504	-0.21830757180385138	0.1856740570971734	0.37776166619052215	-0.08280513603438264	0.9608052494006302	-0.7606150213166142	0.5122411279677812	-0.2797936782456784	-0.29141542297624723	0.30302154938449855	0.24214998258440518	-0.27222555418571676	1.005125051060984	0.2758670703161119	0.1100981192101636	0.21860435181196608	0.5990190966055688	0.15355602568159896	0.6228232566110542	-0.5664653915317407	0.7543283915599847	-0.1379441257160884	-0.5574987273271946	0.8361252795548647	1.115311134885364	-0.4344065695160506	0.8271598177589736	-0.7221323939554222	1.6392438168731929	0.31733588410249075	-0.4114538741208658	-0.975499483734711	1.2031658994949603	-0.711981413069887	-1.3434027335303655	0.37728428163177036	0.47390398194948924	-0.4254916920216717	-1.0172572271276403	0.7497780563729259	0.9926324646798865	-0.689165874263658	-0.18518679032976734	-0.08405999156065518	0.27924441369411945	0.43569157829271965	1.3109604421785719	0.6170389098371424	0.530002548069353	-0.887351543687462	-1.7352543197613297	0.09305188894493142	0.2280070116595691	-0.22026357702824234	0.4177385322824348	0.8396154858264058	-1.459815507062267	-0.1487920739524157	-0.6330431505066779	-0.5453775902076066
DTXSID2046913	12.271758634676562	4.3201054951007665	0.3516358109324631	0.702777457960511	-2.0677112006398137	-3.7060498462410427	-0.08533258356254896	3.0601330851805386	-1.7415967904246823	-2.2849822706186065	-3.9435667958603706	1.4038411220711406	-0.1785509234465289	7.195500186751266	4.156713911080679	0.6122123318343824	-2.7914175056861743	1.12478580448419	2.3826682377270365	-0.1905060098179368	-0.8218518618662326	-1.103271352322564	-4.225865842504522	1.9931349654628165	-0.5881512016368101	-1.3972535689102792	3.62470183774052	1.9474363961300367	-0.5765798805490651	1.6544677902681741	-0.07543784978288783	-2.2092008423292366	5.073706228560295	3.1370873208058287	0.9045794794316109	-1.4826264687130581	0.14923620934001883	-3.424475494297541	2.0869244660735435	1.377465185384261	-0.647230783865451	0.5115503335400152	0.5102567804161783	0.18369623996209916	-1.5121258781895608	-0.3206915667362472	-1.0529086842249207	-0.4779688351955977	-0.04037779975520243	-1.7761143522337204	0.3971205306639068	-0.3977871545642108	-0.5657005994388741	0.5933356724870464	3.147621034039126	-1.3958679338993913	0.4985179168925796	1.8467072033643703	2.1185715018094853	-1.3332658458720985	-0.17410928380737123	1.218749934308619	-2.1884799908666173	-4.382424116993345	0.0954249570165392	2.4596467590703974	0.7344091488691417	-0.2803707022523757	1.0580585125929935	-0.8333143398367538	1.830089700018634	-1.2117771495062475	-1.5539317906653967	-2.2187779594591603	1.7204074827520919	-1.469418747251399	0.15323744806529727	-1.6925197620432868	-0.544363244794564	0.11759121372736954	1.1182370131204435	-0.7544285698016787	-0.12304796602166641	0.33250965959552203	0.09386533902747511	0.6697819295046792	3.1157758228353374	3.3956206192348293	-0.22690781592607567	-0.6634437800056207	-0.7110668120590024	-0.618837779644754	0.09273510731399809	-1.2109737933248552	1.4383067079512188	0.17880902447434197	-1.5678452489138082	-1.2114180302417612	-0.40914012346548023	0.32368435823658015
DTXSID0041981	-6.81797053270873	-3.9392468980508184	-1.5086292380651587	-0.4852000499869332	1.2734703764214224	0.7255766307755542	-1.3718205524771852	-0.7189138289232766	-1.0450602697836744	-0.7591420378016993	2.447524697122117	-1.4535234150143845	1.2974408848884387	0.14448488005623578	1.3293653297642138	-1.0968637378741175	1.0747401433800525	0.32520842815222717	-0.19584311091835274	0.06600871192133219	0.41362557439034325	-0.11596167185162774	0.3000812823618297	0.29903931648233356	0.07053689443663394	0.07314063174135937	0.47132681876082966	0.411830578717968	-0.2684466919215168	0.3709145819837834	-0.10377077494514385	0.41206188231442203	0.37400204641479246	-0.03857056271894422	-0.2102251556002375	-0.8997414349875957	0.40689280153515844	-0.1842408812018286	0.5934168647991557	0.3883404481915158	-0.6850850934169654	-0.14713507206217877	-0.613956609719448	0.08239447664783761	-0.14922430471081688	0.0216347776383961	0.7317358247505971	-0.25981888371460876	0.1471193683272991	0.08298960701009828	0.1017769790627269	0.05228299772918481	0.1462495117395318	-0.23977125776933594	0.47610759328788355	-0.27850619628952594	0.271518672240913	-0.6733459451372172	-0.1968216109391966	0.09788248497757442	0.20900876970550283	-0.6691578587364978	0.23650693955279237	0.27653599356266206	0.003505589572482284	0.2855721318383088	0.0013516936093408917	-0.3727104481604097	-0.17070546089162125	0.3089669499467941	0.4511305862169372	0.1271569464722466	0.156973609582628	-0.4657635929241796	-0.7349417472476885	0.2074633880467071	-0.34859210393652396	-0.23107348271461212	-0.17207541688653363	-0.20356539518660827	0.7149249627294356	-0.018126718098564247	-0.3747041477898947	-0.43175715954203575	0.25321456073801674	-0.2214916367474827	0.24719020141509496	-0.21078355131877247	0.03410125672464582	0.06363922472217927	-0.9681092914318354	-0.25764728978131946	-0.5392771923913602	0.47540269993505674	0.521116208099379	0.4144900639044287	-0.5094040876083128	-0.02794528576144244	-0.2135577704750317	-0.4634723282771787
DTXSID6024913	-3.5774305383495504	-1.2571583771354076	4.537690872680149	-4.017079897806511	-1.6226476813062476	-2.121100031296593	-0.0050349639139282065	-0.7769856158290355	1.489622796832191	0.6339510225700736	0.5947079258348678	0.1615368440120191	1.3682328722645958	-2.1851702640718793	-2.2515492948358813	-0.34062910785465095	-0.4682094318499583	-0.6266565008891493	0.03421415965835309	1.0660298171587304	-0.16491843987633126	0.7802890838053774	-1.2532108901996455	-0.49782908536765064	-0.2618958387151428	0.1228119701998392	0.6871430755013586	0.133128173747179	0.48268235526210035	0.588760073679208	0.7706471152458736	-0.7384147470404796	-0.15917017145297993	-0.1637892756515354	0.27844137710313543	0.5298752175259445	-0.5979343606782966	0.051316251987413145	0.025372781254528912	0.43105709066804576	0.1760442618893101	-0.03090515218340842	-0.27539125316815216	-0.2922869298847551	0.18784925363800067	0.16254154721846156	0.14160440710279157	-0.2786424355331386	0.15171275631627543	-0.41389380088243344	0.021092618436662887	-0.21249574842840466	-0.22223832088529571	0.18173217574344472	-0.045331161226434526	0.08668174200646311	-0.2857631666912468	0.21641055985998114	0.1403243528880693	-0.11023574182772065	-0.11700149509735715	-0.26392316158108303	-0.020107172046372187	0.18175036774199663	0.12129915435411658	0.511657999423273	-0.5834607601699112	0.3384404558083456	0.12061374986393326	0.10923362891964881	0.7433289772602305	0.06834967205960712	0.48474257242108776	0.02562949906909094	0.09163188898764177	0.06841167928164027	0.4524952962278738	0.10127941055976694	0.25442236912717847	-0.04656780530258512	0.46311593502487947	-0.22524053218087434	0.0850886178634752	-0.026574946220425926	0.14190416306830975	0.1829102726548698	-0.22352364365847815	-0.41958610702408133	0.10814246946343772	-0.012888474425917564	0.18809710699367338	-0.09809325755097029	-0.07669956252192177	0.28026984470705896	-0.2346946175168125	0.3314584142926029	0.07258471242733769	0.3939454345882514	0.405981713169374	-0.06501576971610777
DTXSID7023063	1.079781765994396	3.206969554093154	-2.800789218118846	-0.8580977303811888	1.3252528515623099	1.5330011658636797	-1.744674159783782	-1.5304228037023468	1.639704922231043	0.16874855466316713	3.9476962859807876	-1.3630643621534924	1.375413540611983	1.4197170288907115	1.5733750383540712	-1.0790719151198167	0.9908448797372001	0.6903405603476271	0.5589558413793055	-0.22142805784342423	1.1283883879144523	-0.007759733750390061	0.35575851251239565	1.2735827567951503	-0.20934058142168335	-0.44364371616913645	0.5740363751452919	0.8550471550583834	0.35539653410769967	0.4507403502927657	-0.12060339672600007	-0.562786201760926	0.026848733096841694	-1.9867303182574434	-0.5612890925714842	2.8083711967877463	-1.325402172199487	0.27904009489507264	-0.908866756160429	-0.31285436074109874	0.591504303772075	0.4241797634207552	1.2994644374936524	-0.14703516062683147	0.3667913462686093	-0.42062111267834634	0.005790038150497218	0.9261274821332893	-0.275278993841594	0.023627230336477973	0.1626070171662387	0.8869398062099036	0.5702101101096562	0.5876456668101665	-0.47237080978491314	0.2966263224680193	-0.422424406444688	0.9919537234052974	0.42793097506623234	0.6457462429579465	0.478920464016922	0.36650923361090204	-0.13286330676676822	-0.8288246218570304	0.15952044224268583	0.05761601512125753	0.5348165899207379	-0.2264539940663141	0.38495929840246135	0.49623424224743623	-1.578927564493509	0.7343590499290358	0.028671725545350597	-0.4235640323246699	-0.31962104878538716	0.1625384970388328	0.21888442574826428	0.21993875374153682	0.06133542336642888	0.03994016774754273	-0.29605857404599933	-0.44327291952117037	0.13526136446766443	0.0466740713902697	0.256765204683708	0.43605106448274245	0.3126153813276063	0.042548808703653775	0.13238758056522537	-0.09097320626383658	0.985652367297371	-1.507902887692233	-0.1689295694098743	0.7401142830969165	-0.6618582938566162	-0.4891021686966865	-0.08746976950980456	-0.3738875477855573	-0.46033166233565054	-0.34637178932638774
DTXSID6023496	-0.7514358693155222	-0.6701523034458241	-0.3025402342179034	2.2371041796490787	-0.16281383621470355	-0.6939728528559573	4.676834780821259	0.021400666340502156	-1.1846335268933281	2.754378880428462	-0.26784986922446463	-1.046374834655043	0.0986950562774401	1.6889926820708658	0.03953638421142816	-2.723312699245953	0.4728088760831735	-0.05351044926992595	-0.35026472154105553	-0.17906795718273297	-0.5833995714556183	-0.5627660107538651	2.0243477774756635	-0.5617796205859955	0.4263597289709757	1.39147798628554	0.35486639946966614	2.871583770225371	-0.228716176854711	0.7910556783382015	-0.9593833956310069	-2.412966846081742	1.5362561469750762	0.2785505978458854	-1.4770215122512318	1.3829786926317347	0.933648497113035	2.9130591714418745	-0.36205331401343455	-0.10422779929932696	-1.5260157339887241	-0.08629364325111837	-1.2399830533048686	-1.3253533887047801	0.1631359347823425	-0.41462444614691796	0.42910183947558317	-0.7521120982236899	0.07077398239176252	0.35053153151852795	0.23358313106340378	0.5265367436873357	0.04467447234210616	-0.5998599875883031	2.002376932601759	-0.6134212508142312	2.1776918630886195	2.478075303805615	0.8962812088567091	-0.5037754488722797	-0.1947030979731034	0.033051439375062004	0.7996003391848557	1.0905418785238974	0.16993719805237892	-1.2764202776764106	-0.4033632092708998	1.245175837217334	-1.0501226601623705	-1.6163253485578883	0.19898157775065536	0.47158861559851584	-0.5316990847374419	1.6304493840719523	0.042064389238703925	0.5672106945170353	0.4433008124522775	-0.30436322851575076	-0.3973405271268541	0.6597698344109809	0.17141436694254908	-0.1898384654930528	0.977621277039425	0.6513508717496486	0.09956313312284693	-0.04826058313258694	0.49838535339622136	0.6451573233521509	0.5652707033998596	-0.3805570740613374	0.4569437997591155	-0.6183931073884983	0.23547870457781317	-0.2340111057056774	-0.15165462853320513	0.5315370405367372	0.133811267259038	-0.3770353342427531	0.5634719619659233	0.5200528409769339
DTXSID0040620	3.3585190403066343	-2.7330966560026884	-7.274788814681171	2.4031259649279897	0.08347629936598407	-1.175286028330843	5.047814709779898	0.8072578807632783	-1.4397522751699043	4.307241055756609	0.5579725592516855	-1.1257800746835978	1.0938682070832395	0.2151537427921135	-2.233610855428844	1.0454763396658429	-2.810650060438346	0.08898659545085792	2.632508281561507	-2.1883947957573864	2.2396104842273257	1.0621506504401281	1.6893041234320862	-0.3871095114494863	-1.3264559746028848	1.5858953381194787	0.3068286454712576	0.372662732642441	-0.724454854377456	0.4310074702970405	-0.7692091568478856	0.13135862566716527	1.9886805476296017	-0.788923648443094	0.4185894615595982	2.018232768944184	-0.18870928874802528	-0.7915330383500229	-1.1144637849785206	-0.09705701592165739	1.975014144066997	0.3105310829262383	0.9602786750770332	0.629812053198933	0.7619672409519155	-0.5613848197917086	0.1961287566522003	0.39432647017814876	-0.24131515367681217	-0.48552499066420707	-0.2571822717104641	-0.2521697991083185	0.5923574453598737	0.3329235962264817	-0.7327170952680113	0.005089099638846747	0.8210657015898721	0.17080366767844885	-0.14689255151698696	0.5213652002135253	-0.8929736683361252	-0.41078366671055183	-0.16973599665838457	0.26125502169957465	-0.3304394660097216	0.11865437889148707	-0.14962894533067764	1.6018766387911614	1.025778249353769	0.7742062210394479	-0.853275655711486	0.5842145786058519	-0.43879245646690657	0.4762799570136469	-0.8345934735205804	0.9871082009526271	-0.43495741205285443	0.931398846052406	0.3942297340829949	-1.5497753117698703	0.41717703708695403	-0.22624134196103032	-0.402838354669506	0.15295350704698726	0.5359989389810196	-0.3469483218328759	1.0038518796147375	0.012243588524373692	-1.6916955314573694	1.0231830267159412	0.059921098972537834	-0.20180052476141952	-0.903821196564573	-0.7751938949540742	-0.6343659298543585	0.21728128437795258	0.5154042827042927	1.484699345232933	0.049659084837585236	-0.6552303194597474
DTXSID9023629	22.462239516378066	2.7882782936138293	-1.5904075027236735	3.1087233584796024	0.3612617681872643	-4.100417470389244	1.7315197613223858	1.1245328593342019	-3.3493431351430734	-5.961988830258124	-3.2064701223908827	1.146019098534048	-1.7822836900629546	7.202534980075182	1.4801858262362788	-0.06476957036935135	-4.5570095169559135	-1.0373004427825105	7.992006303843943	0.6137356385297876	3.748946524504697	0.2644913503892472	-4.736107250957242	2.600812061368126	-1.189542316913845	-2.0140305751039955	0.3852085319724333	1.6080494847656266	-1.521712767394128	3.1937178398271806	-0.0954575751121044	-2.3386030193805154	4.667276022876508	2.552606109923085	1.0250758667960302	-0.5988832097985386	1.3909444179334463	-4.259681106965627	3.133524645917274	-0.6680608389741066	-0.8894197963563498	0.5434820075319966	0.28252745961442255	2.894740387019599	-2.7717730143756407	-1.5711087421045808	-0.7283815121196708	-1.5541772769220819	-0.7617106022789232	-2.2926448462606728	0.9133230923176919	-0.3524806100218607	-1.5847284989513446	0.6393604114310776	3.4122779744045295	-3.6936360550098093	0.8096982827211818	0.30948989971294366	3.424201509255151	-1.0203365310502266	0.17838379951991543	4.325805624418261	-3.0881646964113747	-5.515604246590248	-0.4484857771814446	1.043976007700818	1.6192150115650816	1.9276056738299487	2.4585450149932124	-1.1079816271307363	0.82377462398561	-0.83158727584724	0.4799083849006769	-1.8782775448327824	-0.5912975780879752	-1.7604900148712188	-0.5514136605798552	-3.53255478011781	-1.3759784442073142	-0.7308702803721	1.8946635157652776	0.398605500227078	0.7982092380692192	0.8492618830656912	0.9099126903271655	-2.8183164320563674	0.5469052169880043	-1.7952724147781982	-0.5791609432758588	-0.47415483854619733	-0.6985549132711784	-1.3590332714911229	1.298252877271788	-0.37332689401415575	-0.22720823637848647	-1.7616914703160056	-2.440027270307326	-0.47541366628016746	1.011702572822339	-0.5798158411460429
DTXSID7027833	-4.4909237969254425	0.7497403864790961	0.3599563884531465	1.5981139284657726	-1.1371810636328488	-0.6029898452947724	0.11327929512919822	-1.469452458003039	1.2200799984401842	2.7732430195737505	0.20574908321727453	-0.8143648252598477	-0.5432270491975558	1.1727655588104433	-0.2850683029166314	-1.528890660576412	0.5401491891524637	0.295932541051638	0.22160419301831216	-0.2943894854585221	-0.5315427713496692	-0.16993906613027365	1.3777264987575244	0.047352269251565805	0.5313002799337031	-0.43049419828886515	-0.17703363975366937	-0.9843681326480497	-0.6927030180394309	0.8960947320139337	-1.1324514652879143	-0.052307175237073456	0.6601776930997951	0.04401658080494552	0.6987314382153866	0.66454981628993	-0.28047529296053464	0.6050751477030575	0.21980153810592337	0.2365489487361883	-0.6909102028594821	-0.17496823253097898	0.2228150116268475	-0.1211151155921717	0.09007645300116188	-0.40641940714555325	0.7153111441101128	-0.2401749440939431	-0.2060250280269769	0.01943511936789905	0.08120224832663994	-0.009201433640421723	0.5448023951481511	-0.47450921168200777	-0.39614040864341915	0.4821994752810004	-0.39567663023745625	-0.44147591004034437	0.2619153946979088	-0.1940739623371781	0.553569113234895	-0.20961186982120186	0.4226577746121983	-0.31777711502630024	0.6394142759662127	0.14168956220302073	0.28855477184326744	0.7071580100080017	-0.039594428085609874	0.4221542074014842	-0.3384883305116926	0.6068358376647165	-0.40391091264695833	-0.5260543619452783	0.04727400515315239	-0.6736039792470794	-0.29704772165704624	-0.14998682462625962	0.37913144328523374	0.13841361850304496	-0.0976304425667263	0.6189468099470978	0.12329031368814301	0.007523280298079933	-0.14535251886759634	-0.5137434868393863	-0.3260176778112965	0.0007705462905298368	0.9819753713265889	0.07200976728575287	-0.14238248836730685	0.5595895921724615	0.16769347476512003	0.17128957524941238	0.017491873674473368	-0.24901457656747766	0.15170076910943714	-0.3036270128635584	-0.33506211148886794	0.21266395774780056
DTXSID6024200	-5.500035591327633	0.5033399018010076	-0.2686415687748746	1.9609525683746936	-1.8826781814879694	0.7281892784921675	-2.6038621740942607	-3.110482251434607	-0.7950391875010874	-1.0070203937501163	-3.7414630810895884	-0.4832205852353157	3.936453818487568	0.03191185010543477	0.6312271666155304	-0.5011265617614458	-0.732852761847489	0.05614965653881941	-0.5216000923209105	0.05228297736899599	0.16642333794347508	0.2922849110819049	0.8440208685349585	-0.11863421288768006	0.8186047492066424	0.18977452091129945	-0.08486960785454492	-0.2914342494371879	-0.292186732792487	-0.150200099957889	-0.5146919815406017	0.2021046654755949	-0.07537593978334457	0.12135522350869311	0.16898411680642914	0.01808532258269405	-0.7787623204625305	0.2485762373235821	-0.21576581520967172	0.31450082973493926	-0.29586376927813435	0.16315528355001446	-0.0381719387142025	0.25121787045752925	-0.16478461892593546	-0.054366694397917796	0.37318369809573587	-0.3995775995695812	-0.2860654659888946	0.21490196124833794	0.01819985191094181	-0.3005779450240102	0.3709409120001981	-0.09228750370426503	-0.12664275159801164	0.03763441055795898	-0.06732133265848592	-0.10358190256627589	-0.21276443206279994	-0.3585629844447146	0.5676548988504726	0.11282654625079243	0.0029466889090837218	0.6444377971561458	0.19880351028072454	-0.3923059342425063	0.22656413647830972	-0.09616598894916256	-0.1089910252477457	-0.2395120016336999	-0.052376143262310736	-0.20302830452579232	-0.10519330525059506	0.31121642507720537	0.04702095789204849	-0.0244725988371362	0.00234130005946113	-0.4043932951641605	-0.29072442277428034	-0.11870952240039394	0.2922255676245734	0.16185632822445767	-0.440550104546322	-0.29190302808062524	0.32678018643925383	-0.11976577177272789	-0.008427441613684155	0.04633615337625955	0.11947133018248529	0.2257061891194563	-0.619667556032978	-0.16015487842221787	-0.2583871763836009	-0.20337726554423666	0.005087189419060969	-0.32596846129824797	0.1223671240281128	-0.0039508664755028376	0.1021469782190232	-0.010872965054704127
DTXSID7051557	-5.577043574574086	-0.31713826999877265	0.45035238246893144	1.3041231529564972	-0.39866761403533474	-0.21438545293564742	1.737123642896858	-1.4166188050508541	0.37487776342923085	-0.8985626489429573	0.48010840016181755	-0.20283412503629245	-0.1395850880238394	-0.5799118876485903	0.3014806098282573	0.3611485323899121	-0.6235914470388075	0.26627943143390426	-0.8061076475967129	0.443075044219318	-1.9983049908411652	-0.6041480400424519	0.026284533536411626	-0.7326073955112494	2.10643411229863	-1.7698671347836665	-1.234377288676784	-0.747312143457176	0.6373961472104083	-0.6224911143076703	-0.004153261583242075	-0.38568630987929964	-0.19327480496346935	0.5241483981118745	1.4897239117548684	0.17936947171016823	0.0713920655773431	0.46605949763085125	-0.9264781890202991	0.46605563532818345	-0.08769299117051489	-0.8638160032753085	0.873777053126268	0.5758768477397535	-0.6526822109892455	5.87975203875848e-05	0.035134105850950656	-0.3991933999451116	0.4664533737064417	0.36386799863614827	0.20123142938197786	-0.5597025674331992	0.07493914460659702	-0.751522515667838	-0.11852834797984552	-0.2529469609172342	-0.35141733144042375	-0.8072605381439417	0.7432623114834287	-0.9185268315985835	-0.11638149263666644	-0.14299477815481113	0.5054875457899585	-0.2282385089518071	0.0099101735027084	0.5049768573636947	0.09563890003628209	1.0001917456789082	0.3340849171803842	-0.08044585353094652	0.30237315593117703	0.3196335665551489	-0.545421395229401	0.9121961800755475	0.4707245413086867	-0.36974838923742376	-0.1995565286535397	-0.5216773593136557	-0.3498351653618727	0.08715774126331041	0.11026624796959199	0.6328286341985071	-0.31469361278398783	-0.08623029287759551	0.249327819732505	-0.17020448977143326	-0.1397685150471491	-0.22638229716501973	0.11641179971646462	0.09339198453034125	-0.24083159571645638	0.2796265925576702	-0.37162327429482506	-0.43519309433232023	-0.00832212358811669	-0.39271743212627647	0.09916972028990262	-0.1122503426212721	0.23767676476650557	-0.1663653494042024
DTXSID6044933	-0.19028252607860552	-2.0501232157815816	2.126665713480763	0.18541269446124647	2.440778858109528	-0.1613469782992068	1.4968314832079939	0.09658454563333832	-0.07178022468714891	-0.7037202068371617	-1.9830658898453422	-0.2074180820110538	-1.8824345154816877	1.7256907507235146	2.8223033848011467	0.28106774770237225	4.838778109031639	-2.30901143959771	-6.669892597172727	-2.6857476298235587	0.9793812744373431	17.07154215614928	-5.632368724082847	2.252658748080135	-3.963841611316643	1.0578777842525209	-3.6924019443830565	-2.490785661638875	2.1372260994426613	-2.6947199051984745	1.6934339735948034	-0.6907857813728248	2.801808430741739	3.281547544899574	1.3834621178905728	2.8627201887110454	3.3016381951950153	-0.9734862108543064	-3.7434605697990624	-4.206962065836018	-0.5965423748652191	0.9158514385359237	-2.0855366463712164	5.321538772992715	3.779100557728937	0.6938305031529027	0.9724938248312199	0.8698336095776789	1.8417629576455639	4.979493937222865	-0.35056027946525403	-2.383074673246443	3.8678814177158234	-1.7299403876609087	1.5507538715641704	-0.5165555717194146	2.1507988250809795	1.7349423470435434	0.2599829631724575	-1.4984071686302405	3.5087268493246464	-2.7307028576383034	-0.4527290060509563	-1.8727961757140794	1.1449630559126849	0.2723957752649934	0.7549032408580826	-0.14358429334949568	-1.7942940131655805	0.6231446857531229	0.5309358018304857	-1.4255061709686092	1.2185166206885651	-1.9178546706210566	0.2861480307158626	0.21323047133370213	0.00022292266609132635	-0.3883925147981224	-0.9469435257412984	1.0789113080323232	-0.11750363489434867	0.2325661202060313	0.0008249158246650598	0.4031664015093415	0.5037938835504248	-0.1022933162429476	0.17767597108894972	0.9043743603453768	-0.4840640659696404	0.24985339875458498	0.19145636319408132	0.915860364490969	-0.7405434081610791	0.24754990291900192	0.18655940678047528	1.0458751136446927	1.444084701787116	-1.2082582548610423	0.1653999180487342	-1.771154719960347
DTXSID5051529	-0.8606646145774725	2.1162792031080584	4.816307799980424	-2.8933429873712493	-1.8379626474228117	-2.4772044348464255	0.20659996028270397	-1.364545132511209	1.9520071876784921	0.17437716679441378	1.0896809414195043	0.16722201555504082	1.1379228729922464	-2.417315097421081	-2.099601317445878	-0.7864169311414744	0.44082023360631845	-0.6776079928859405	-0.3040460821892581	0.39408876523983055	-0.10459841385326198	0.20999308694633806	0.0880705100231102	0.04072476136177756	-0.6678655967267964	-0.08000573449656229	0.9321554396137294	0.0195401587983608	0.13963641905356206	0.7121828732462872	0.4727356138349222	-0.30493011353877003	0.39340915104011365	-0.07245425312434842	0.33656558093384903	0.2429431586625545	-0.8571597646455121	0.23733704057774288	0.24864252697425274	0.29777028216938134	0.10719306245972568	0.4102317638150935	-0.3139462153547501	0.15232357708443714	-0.4742020387007286	0.1673185614531746	0.6003317974231797	-0.44628339289421726	-0.12056563388466612	-0.2748709942163671	0.07610936724209233	-0.019063675783300357	-0.04671366445617567	0.11962541241561628	-0.08534289237748752	0.14233777761172878	-0.08651753903579402	0.11408458921075794	-0.4481322045445244	-0.5868811751254847	0.5058382721306122	0.026037191793650938	-0.29984811339434275	-0.07952135355636931	0.4244866981859071	0.2636549149063347	-0.40252530504584405	0.9757934250535687	0.03828063617834537	-0.29851008107694066	0.06293305111000139	0.3228001170470523	-0.10505835824271346	0.01934230353937738	-0.23051195950915676	0.21219401763090986	0.17387330031786286	0.5013147856939195	0.14817089203533984	0.21512373820022407	0.5943758278969445	0.25358830462130616	0.17596950701221276	0.29439561633001193	0.32347060175278336	-0.16816839260407243	-0.32846860585768956	0.035646410684261116	0.6896653998666863	-0.00413967173572935	0.035854540701486595	-0.13649791719425572	-0.03615723434320631	-0.08813837893042964	0.023336949900028003	0.0580887723117739	0.05500992660099436	0.16881438782815764	-0.031069804967765513	0.02922578408755403
DTXSID2041468	-2.7750872686519603	0.7998801318377732	-2.6860825447126535	1.1581242216103556	2.7001178526959566	0.848279598358874	-0.9593560632877177	5.103429441171073	2.2203840465033924	2.760045432781065	-1.9662498746549808	-1.3138022910272615	1.789022708542226	-0.2063248519382109	-1.2249095235160476	-2.1816679923834976	0.9449528054872903	-0.20008930364192457	0.4068593888525085	-0.841866997231035	-0.6279104048018845	-1.3075341436817423	0.4759357427449168	2.0027783054294113	-2.9093985222930625	-1.1824908000844683	-0.685064351091869	-0.8209789780553947	-0.1283411734423917	-0.12160522404134977	0.6913243544757525	0.10409532548157052	-2.0246767758510966	2.1300938541629173	-0.3738616880816992	-0.8504851317165494	-3.0280522092184476	-0.26146447606905654	1.6554883486598229	-1.355774137034376	0.5947471668372336	-2.0823675114969946	-1.6874428447848133	0.2355132990899017	-0.8737314861400338	0.04953103215455912	-0.026747007355866593	2.0548359687855497	0.3727099382908388	1.5165529251936471	0.41425524482452314	1.8723991770736301	0.6182776517951855	0.6418227340328035	1.7836223845034171	-0.302891942854977	-0.03267162107979889	-0.03975510055088561	1.6033309428753746	-0.39299452399849893	0.08914662780929142	-0.6955394161541678	0.6855571942342846	-0.09752984773141442	-1.4192642152631445	-0.1645123952970153	-0.09733307416029735	-0.5099318233442842	0.1839017190333037	0.8113696544529476	-0.6868182587974593	0.6443363754909975	0.0026295395642330494	0.24214597552222777	-0.09494226851922812	1.3821340584318353	1.5352816329361147	-0.5270274044024066	-0.3871484250709416	-0.241318401456597	0.4073312665409251	0.8615463920517511	-0.5438857268118441	-0.3084518671382238	1.3360232155186114	0.2483415617255891	-0.5443717128648852	-0.12142121705432153	0.1627511871583579	0.5856640402432792	0.7663881062024764	-0.6446489209949275	-0.3958470817339247	-0.6536004606992921	-0.7678895066060443	0.2636021763910307	0.20117727474357047	0.25614850055360433	-0.6177288551077508	0.33121472038231825
DTXSID6048759	7.679772703568562	4.330124497994853	-2.0231621298961198	1.1720410670597579	2.369022424339177	-2.136032616034729	0.6047101147087918	6.983263699464257	1.0468688183291415	-0.8537777156113676	-1.3023313469074267	1.4617205964982092	-1.0387526436135726	2.9277340012358413	3.325320958288349	0.5916296249787314	-2.265606827700665	0.9246576975748461	-1.066804616354477	-0.8493017779147002	1.085005760809358	-1.2855533642098997	1.5255259771050886	0.47264199946562213	0.3664490937434572	3.972128201531588	0.7764236826467251	2.4240033970374255	2.781048103088914	-0.54445254011643	1.025315240483902	0.4457635983262018	2.517403043020119	0.7740679067594297	-1.9923745432208742	0.36589313138535273	-3.410259878919826	3.483904634601217	-0.657680118571978	5.14962402654768	0.11847145252821768	0.3321028808337978	-3.7713145785113436	0.14442171907449863	1.4216397584503535	-0.05422274165336197	-5.420836221801241	1.7531789415557966	-3.165212164105718	9.571569996312151	-1.5841507567609439	-1.4078364661446225	-0.1998364518556688	-4.253225579740951	-2.685493147104937	3.5850298580280584	-4.92422945350226	-2.976820275436718	-2.3223075217645364	-1.9769491431922872	-2.642927247271849	3.2236520391704486	-4.662269723235804	0.27505907650417544	-0.20832744144281046	2.914371621785193	-1.1107042577130093	1.3803208495990096	0.4671663304991528	-0.2806643580642579	1.1953816694576846	0.5046297818958978	0.144599463782718	-2.7651088655964253	1.419779890461764	0.3897131632489024	-0.16360601522157725	1.204610363127981	-2.028678371998317	-2.2393548018825333	3.250536979883185	0.8994295891818497	1.487932681061795	-1.202219517335983	-0.24408203804868225	0.8538702904419571	-0.8905660075414499	-0.048247426224666705	-1.7077428423578518	1.5555965155840492	2.19540691872661	0.8951581708081764	-0.05687785582720029	-0.18484919648664105	0.8872791115434064	0.004715023831622341	0.416249012085973	0.8365004390228182	-1.2028729475681765	-0.17739672344834728
DTXSID8045357	4.4425073538615125	0.8931941436795806	4.2359994409263715	0.3957399982611514	-2.339369917369696	-0.33497569546609474	1.8784364512553766	0.3863492358281982	2.170922376939198	0.5441232910252187	0.554886157032498	0.1286188714619792	0.2577051096334132	-1.3865367992660238	2.4379254234853214	-1.0737502913352996	-0.8104301288093843	-0.395189716201734	-0.09653186648120783	2.036746904094302	1.5561690684489913	-0.3266341928521567	1.0404960247163795	0.9717207782339846	-1.0780938306010148	0.7433564883169097	0.03216504426469334	0.6882439844022968	-0.8641971005667413	-0.7594655470033493	-0.07568926959058937	-0.5440876207337162	-0.5068538236185789	-0.2506635583921338	0.28226047673002935	0.7234561358444485	0.04809156218512919	-0.01313518361148204	-0.7082441649913499	-0.8845192529344047	1.0981465736766607	0.3284181374414142	-0.5224780367935659	0.2626901670730715	0.01531038864966495	0.021691291988149758	0.7812976573673786	-0.7331740435103001	-0.12442734102699403	-0.6043761165490972	-0.033795240110253845	0.1473707509966174	0.07362460858995903	-0.22896131594143485	-0.22001916255200932	-1.082882442203614	-0.500294926675729	0.25550160281608414	-0.2088024932290844	-0.3112089846926828	-0.08738246765974304	0.5536446348059725	-0.8059312061107512	-0.14172067076766623	-0.3091225317991273	-0.03346657603445598	-0.2693894002109534	0.778803882156334	-0.11611432925932556	-1.4108335875643196	-0.23193696923327556	-0.7312630304009522	0.30235855702562403	-0.4354192101239775	-0.5498229848779623	0.9822933539037443	-0.017395838348570985	0.9268496906268993	2.7200320957745463	0.7637293469443294	-0.36699881961345526	0.8253742598290411	0.19508021858062058	0.6254233228970606	-0.8993021938038207	4.073147439387692	-0.8166577438596259	0.8942951434013353	-0.5966991283749388	0.22598556814037477	-0.5661154105106664	0.294812470110139	-1.0510909096238965	-0.4508675473737828	0.7450059490436232	0.9225870177102088	0.37963577053270037	-0.09541981567079003	-0.6681934307952675	0.2669719606665007
DTXSID4027496	-1.057243078390427	-0.32603930159398636	-2.5869404592192558	-1.6252099533838364	0.13611307120620952	1.4871834934901875	-2.753395254842649	1.387680878745728	-3.8343344994759887	-1.1626432008066023	0.9119927457039193	-1.745448312366528	-0.1472118732979067	-0.9108122734477285	1.9411173436031057	-1.158091112969424	0.6740217773753454	-0.8680043742118033	1.2333893453363531	-0.25714630503357866	-0.03886556036448457	-0.776799716945717	0.9999579704307233	1.0311372905836158	-1.5036834092628646	-0.5881094095748822	1.3078964266255342	-1.407221158397906	0.06570515561668396	0.8264914894830442	0.6328877497440257	-0.49337282361772106	1.0811768599323017	-0.31296882760116645	0.7467423637023459	-0.3894396955924273	0.20219350263466554	-0.12177793192550554	0.8246633370359577	0.13187586086444578	-0.6307526616220841	0.30204448789316424	-0.4616934730762428	0.04987626240879115	-0.13791870032522563	0.19354198105971343	-0.0472458466178431	-0.24324516889863437	-0.038953353262194464	0.4906323191331051	0.1263968039615203	0.08974626587567702	0.3377259002136472	-0.0023477036296057213	0.25323527780464633	0.21530304296852176	0.8605758641458523	-0.9247082803229844	-0.2313276865411612	1.089691766484383	-0.23523882162941598	-0.5129402529461939	-0.11628167555076051	-0.3010357429386285	0.35115079989987574	-0.25542043981148826	-0.6956719266022287	0.14941443103418756	0.027914458719579528	-0.0518082769924603	0.8488736454574083	-0.27882956533849124	-0.5497054492668857	-0.021589884423212326	-0.43897159428982385	0.524608513436123	0.7553742894966305	0.7470356945185384	0.09901105019472384	-0.1311104034070601	0.20376805097865575	0.9082071901588977	0.10637729367243394	0.42280981234650133	-0.032935538273456584	0.21761380945859976	0.2902720073122292	-0.7708629044773202	-0.4497137863750229	-0.465321248616988	-0.30360812177903085	-0.01986438018099517	-0.18761091792097653	0.1040682417181833	-0.4416958918307166	-0.3419117631256708	0.3625265330390932	-0.2787038015356061	0.49101304229964665	0.19907232452807191
DTXSID9047594	2.0687371112117923	0.6709623544441244	1.2698744271570206	-4.177087230818017	-0.36859534373852854	-1.2987300299710056	-0.32923865847566186	-2.4073708493824904	-0.10959352594698664	0.1928405685609994	-1.1034906965360671	-1.2218482288063088	-1.6485756012295572	-2.6896893609242136	-0.5146580551687333	-0.6719199742757984	1.3199872244317519	-0.8072248432352344	0.2033773048011412	-0.3257671105541213	0.08589859159081999	-0.47901726684641643	0.9561541199125919	0.12838864561764873	-0.7721344534834936	-0.019022458745191023	1.0187916369448595	-0.6452984400796808	0.49080469370108387	0.6235096243546839	0.3407018863170702	-0.8398196637755567	0.19294826861363043	-0.5224535282741755	0.5914749241395817	0.554792068483265	-0.18740311151583713	0.4917259724852079	0.22591917468616401	0.8028242712775722	0.040877561189996144	-0.14079429019078535	0.20815074848445875	0.2573103663677173	-0.3810941336855061	0.22344991841010511	0.25679982337689694	-0.10196286478289407	0.16800631782917677	0.14570660858045992	0.10380418763175801	0.14223597216753656	0.29966384997277057	-0.008263452422526959	0.11816876940302509	0.18903259896435964	0.13812863273692252	-0.10968408502685535	-0.09827971929919185	-0.27813357664527166	0.2731375252305249	-0.04097163462646751	-0.2185851496805015	-0.061332027046122214	0.40320901199154086	-0.36779941495659135	-0.1429647806128169	0.6620986022342232	-0.2720215001876071	-0.5996339664390381	0.6623698330366424	-0.24096490141684038	-0.4838806495303504	-0.26473569205793385	0.11144142186533067	-0.22403842746314676	0.7513628194031304	-0.40741805174472345	0.6407537209888361	0.059416895895087016	-0.3641654876257404	0.42301041396374967	0.027226339827265737	-0.16870925988541155	0.7421849396917642	-0.045951487790798856	-0.0088255497496784	0.22813303762670784	0.7140427464673124	-0.009708345080164067	-0.03188277333358694	-0.4221736986103084	-0.29002972705100055	0.5227122717263911	0.588471025017381	0.19107633259583862	0.32642625349504667	0.04833154098540761	0.13775448191854486	0.21520495844310977
DTXSID1021114	9.418890410819154	-1.343909827021493	4.99937310292073	-0.6307855493945564	1.665487042505551	-2.186285203432599	-0.050449073110496206	0.32770181851765995	-1.401241492496612	1.5198290914386137	5.376704673535905	-2.0083874723619237	4.039702199482086	-2.4107509459763174	3.503543818569123	-2.9808908015267805	0.5287194976657665	-0.02294867349632566	1.3257902418493406	2.922783110518953	1.7188608482718128	0.8915069632309099	-0.5330578955959062	0.9434010958897789	0.5401522635113274	0.6075610914086904	-0.6024038000608022	-0.6449630747034454	0.47900365745174267	0.7819787816877827	0.2632167577810983	-0.5203941676495903	-1.3405280358216052	-0.47884652479658896	0.4916478108782075	0.05051513353037632	1.0928934027083044	-0.7541557530323567	0.03191559374244515	-0.10519006430327302	0.03217727062050506	0.3003595456489386	-1.3163269278662433	0.934616378406767	0.14827024852106221	0.1766259150958828	1.3202201748940787	-0.7457726964261404	0.12510676645339452	-0.3455749230346476	-0.07988676119864511	-0.15581092849310252	-0.5097170814650006	-0.027976903315926935	0.5257851415778588	-1.9407722005452832	-0.599185057189941	-0.9215771044018394	-1.2644733130131203	0.7864799537216048	-1.0582016863323345	-0.17193355107797212	-0.6134422544003927	0.4285121342897247	-0.6541339508172666	-0.9445849217308947	-0.9795628080726075	0.9709056696963042	-1.2856197761252381	-2.107731551619062	2.0117866779649294	-0.03709342639016196	1.2342064712376735	-1.7607548684015781	0.08346847127563406	0.06252765153375932	1.2042798800332504	-2.56745227229037	-1.5190332269844613	-0.21416641036504638	1.1891574809491758	-0.380989848081855	-1.2527269553132907	0.7380609692188045	1.39291944848477	-2.2446618962177536	-0.43430702719394443	-1.7472919684531485	0.3826202562521923	0.05090492153332876	0.09644213962861736	-1.1181695708324308	0.5794775686897681	0.9445842528984267	0.4800921454201138	0.5149467386785148	-0.6119344464087116	0.5488809917680333	-0.9733329944594237	-0.49824825118221994
DTXSID6041472	-4.5039405819247476	-2.7583154910287466	2.345301618099239	0.8092453632261184	-0.9944282664782722	0.5551404365507323	-0.10821432452385693	-1.127866306684135	-0.6468509495967308	0.4772892369389671	-1.3837340367942013	0.2798895175105732	1.4001725765383302	0.376965594330337	0.7411056125684063	0.08113575836375511	1.7604982176135326	0.6040584242661902	1.2949849190919778	-1.0084591810363692	-1.1536730433130735	-1.4396776488540193	-1.1710664005719733	1.9940527260363556	-1.0914850928523931	0.28549900812562307	0.012823725746137354	1.1412621201724706	1.0371462869165935	-1.072503856893389	0.16551163779904912	-2.162580410109705	1.4149347521354463	-1.1009024736829407	3.1712726573250607	-2.4098679613464844	3.4939271820425652	-1.623999371013233	-0.01576821178890665	0.5160843862697988	4.256817957802252	-0.5492689920166501	0.5493454883417601	-2.781600974995188	2.1851341853917687	1.3818571270763922	2.1272603026980708	1.678490769390335	-1.292063746196718	1.1510578254690333	-0.3933401744566949	0.5069114058925607	-0.8395634301248389	-2.6439920614402697	0.9945221325701779	0.18545885258486214	0.07543548104765034	0.4766548108253895	-2.530934022801377	-0.37249225521184287	2.2974269867590538	1.4383948956959507	1.4815392068426005	2.603364076429634	-0.34403962590680004	0.2451965547858179	-1.3998361075865593	0.6423837833742532	2.369568475233918	1.7611844275680244	-1.7232129332443262	1.485488257445996	2.7477761107493106	0.2281643268068975	0.8588471777901785	-0.5277561435456604	-0.028956562884522405	-0.5074975425127631	-0.5329725440793242	-0.02254382189585483	-0.6504167392472892	-0.36747623604562446	-0.15512665143165819	-0.14242043840300453	0.6705894205352413	0.2365940675325974	-0.47060224512396825	-1.2185212388469344	-0.30967368037596577	0.39193741684125255	-0.28420342972918244	0.6329053266247504	0.2858368207623548	0.11627151421709508	0.21366308683134697	-0.056223405032199095	0.44113803904038823	-0.17453875555662227	0.3108754722104724	0.1461350830080646
DTXSID1027427	-3.8963964462994847	-3.7478796250563895	-0.46741247553201226	-0.5636043313732362	-1.7385250019882141	-1.9819440395993968	0.16833566485622506	0.8814654695125029	-0.14456279063607932	-0.2263311854497502	-0.321259482427735	0.5855504716618954	-0.4574635421423495	2.285526970228956	2.3105836788922014	1.335992573394797	-1.5639809096855775	1.1086267903379663	-0.720913185828683	-1.0433835999356431	-0.10839176763860174	-0.6571210422674589	-0.4078452401700486	0.3094128476074785	-1.3979630856137133	0.4602854703625067	0.3561420936554147	0.8503228515335366	-0.22242582477105077	-1.2628504776140594	-0.27868231878556826	0.34178976676218364	0.1892937832315615	0.153714309082976	-0.23287866130260532	-0.8603421944216584	-1.2211687695149065	0.5095790142554	-0.2846432960060449	1.5180710228580179	-0.24763201895334208	0.5379805613733429	0.6642893994847866	-0.602077861699844	0.1840037245358533	0.2992936668869776	0.0035699880554679003	0.05986880963770781	0.28411427655784877	-0.12782250688253166	-0.06885972836593407	-0.24752581630852377	0.45259585208353026	-0.11129671477725332	-0.012263015145242775	0.30236593458044847	0.09125884819585853	1.0402413889753885	-0.3636519072656308	-0.13844655930233923	0.5965087928828717	-1.0478011132535383	-0.3135015494121415	0.16887746004944007	0.3361190113514787	0.22023635551702905	0.3013191094169394	-1.5651496250897827	-0.04137680318946233	0.17403127363841833	1.3067743545788022	1.0508543453848644	-1.524633906518847	-0.8237940595140705	0.9227788197733027	-0.1940828473650839	-0.1064523917027177	0.2842888147553654	-0.7473770567767033	0.37488196015723063	0.7249626228181443	0.8570673910030355	-0.6063478090800068	0.5118760366645517	0.6691463341258777	0.42434932393587743	-0.08226239525836164	-0.5828829782628099	-0.009473106106570605	-0.09685721157131028	-0.07584731484342704	-0.13297974389357656	-0.33923129710260885	-0.1572503231545601	0.25939415140213123	0.1389381438672675	-0.24613846754635932	-0.04509140743668519	-0.08485934539296036	-0.13895964072230857
DTXSID1047948	-1.854866792944273	-0.8547436993398495	0.6764745757895854	-1.4002685236946293	-0.3083658102456319	-1.9206973970854029	4.857178441109881	-2.3987490924622517	-0.5431801844941524	-1.777717077860431	-0.6162803204180178	-0.9807888115494545	-0.2265842047069939	-1.7919838431589996	-0.31566638808598274	-1.053984982804839	0.7471077826019435	-0.7519936859154479	-0.9418298418763469	0.15946637536683606	-1.7101285677306937	-0.36873086839201064	-0.4337331855336503	0.49875088831341424	-0.9335579336763904	-0.9088107991875355	0.9970323430924827	-0.833014800737539	-0.17900001373600372	0.760392251127825	-1.3500408697592756	1.5116532550255384	1.1029889873625434	0.19666699349982533	1.538170980011792	0.4194436947839206	-1.4234819951580175	0.28284886565525946	1.0622598727761074	-0.4179789673130885	-1.2553350338381364	0.09182830040273861	-0.19795382149671356	0.37085392501479075	-0.36339060268215295	0.2793336944817852	1.0451635517024371	-0.015452249702540768	-0.5343953325594475	0.29980433455348987	-0.21762678861078089	0.1278210755263502	-0.21691585786009773	0.1160085903537005	-0.09731797944384166	0.7021633749801592	-1.077279580373405	0.5281448272338559	-1.0185374133603529	0.8027442532671717	0.24625328736397725	0.6160925529038631	-0.01549786006427689	0.47679779890506074	0.26889868141838913	-0.022380405868011596	-0.05633802717641018	-0.3427632976604295	-0.5611849153808806	-0.5745335299513211	-0.47265392159100234	-0.061772922810198375	-0.54713769492498	-0.20982738081087846	0.07841296933459013	0.1508225978842327	-0.13262523849781557	-0.0430052720860869	-0.6468542456216121	-0.5915574202186415	-0.4290095114864873	-0.41073861467304923	0.38900104700081534	1.0033993046043754	-0.4386133768918708	-0.010851236739630362	0.1360715474890128	-0.654123793475805	-0.06224007468784311	-0.7045944314656417	-0.16804735873427587	0.09488222923978946	-0.05778661315407107	-0.4550592504916923	-0.18948321839723115	0.7054827404334837	0.456906669927852	-0.1832174186535352	0.18572181058653844	0.5241937235193596
DTXSID7021940	-4.000636236232277	-2.5715797740564077	2.628046127150575	-2.198137148411328	-1.5307324080876774	-1.73651113432351	-0.08384834189140043	-0.5770524221423201	0.7564794364301713	0.6613941946553767	0.32932642247597466	0.21251340705240193	1.2284196477607447	-0.9451544263810169	-1.2884314318217491	-0.08267560623384926	-0.23235736680746769	0.025250649574857287	-0.31761614275509	0.10775462764475144	-0.021556135468106356	0.12750773619197936	-0.3923982265431504	-0.007611461507542575	-0.5784486617704458	0.31427857209633053	0.5662099924643273	0.19097434617132825	0.43645522831995487	0.18289007293870635	0.8554198657198429	-0.6938331246538747	-0.3129244059473544	-0.6555635751849651	0.18014006930185406	0.3639187088224105	-0.28339257706860427	0.4199124493257138	0.2663670081751893	0.3937766137030681	0.17726402084023485	0.19941338406492076	-0.20420893095182963	0.09492515663727817	0.042726341930267746	0.2536285189333917	0.3127183259249902	-0.14033785589153383	0.13274506572889852	-0.15963499259285904	0.08221644730669146	0.04643844231165081	-0.05938064991163316	0.13058366276932218	-0.07035798046966289	-0.3267621376850981	-0.01734110306701647	-0.003741134731306334	-0.07506778160834188	0.05431987675931518	0.03249512893827796	-0.29999478035593036	-0.1846369001810663	0.07675172686856817	-0.09112791722334705	0.3230965276853741	0.10268609796221105	0.1910836806068779	-0.2336454135203654	0.11977114130273711	0.48156813314765357	0.06028967641071446	0.055575029472856564	-0.02155407741244329	0.1407797550329551	0.323533585670473	0.1320280083845181	0.18639485925555174	0.15034739372957903	0.12756607755982216	0.2171826531733788	0.04376889403966835	0.02229113029009646	-0.18457466553203358	-0.06855575644770014	0.022424396880913165	0.1956139729895525	-0.05874029062337866	-0.03051291174211634	0.036877284768014405	0.38604755649889344	0.1987802479627401	0.03256475890171125	0.33325169668210225	-0.06647541340447606	0.37406865314190435	-0.04005512169376855	0.12325514543985297	0.14849564146393496	0.18918344601466874
DTXSID6022472	-4.655731022724303	0.8599613654544518	2.2502301391796022	-0.1392887088573701	-1.3280806044084248	-0.4899883865950315	-0.307177423912333	-1.263595161622702	1.564538819947948	-0.3931595038261277	0.5962392250481208	-0.35917842500378644	0.014275263442356781	-1.2192899200608907	-0.4085296479720545	-0.2687667146540611	0.6172330231420172	-0.02740685191564081	-0.38362759104393324	-0.2628341316982148	0.09428308017249187	-0.2897964241311332	0.3764800158661793	0.10008356101971845	-0.06877455914175618	-0.4003535252265278	0.3191330514068952	-0.0748328513231193	-0.12589015136796647	0.2093978768906318	-0.01350319755950109	0.36082593149465064	0.7055952509918079	0.025298530027397688	0.03792362009937288	0.011962707476948435	-0.5143563987564893	0.15887322199299675	0.21993055978910162	-0.0361975792844791	0.028641431323155973	0.32183371846935954	-0.33968269012881175	0.11718372298250036	-0.6369822604451347	0.2528326512839394	0.3808941378540459	-0.30843984463140056	-0.10219510673760496	-0.019280012711806228	0.03625844302126508	0.013820029764128267	0.04714665034808177	0.027238545389011572	0.04336121564635107	0.05761193072956089	0.09912323680326855	0.03857105465882373	-0.5282461884650838	-0.30566250514334	0.37516092457695166	0.2534376526537451	-0.012569070813595864	-0.019676813776795667	0.13125008311790368	-0.12226666437982255	-0.030147573752839628	0.6187401872716183	0.04709853738801763	-0.19374514080133745	-0.13128733870094209	0.32896101176823833	-0.25485404125972905	0.004911564773278042	-0.5505396884524522	0.23026762303452325	0.07471508075041637	0.5431902254574349	0.0769683586668274	0.19565679250624685	0.32084698658561067	0.06764974276131858	0.1017899867091225	0.35333744702767156	0.11280422161921122	-0.14729077243282143	-0.27448442259962696	0.3478006829503153	0.6007783043212611	0.03412387893658758	-0.010187859347259706	-0.12032435515732291	0.0011362096291986873	-0.08074762173589574	-0.10333323766742053	-0.08343176175748983	0.031677463934953624	-0.06182339019242858	-0.14221949092975741	0.17781476677925656
DTXSID9057636	-1.9166497080445428	0.47017445954269993	0.008029790111787064	1.4169391043675343	3.080194287189716	-1.315935658245831	-1.7019815231436801	1.033999995531487	1.051348157002964	-0.8521342763834721	-0.6133332437976572	-0.02095649563806567	0.47251601517322916	0.27022020823990944	-0.5751058615559104	0.7053109182822239	-0.11595494708066788	0.3537758613973363	-0.39773432789384994	-0.913622013056816	0.5800559413468042	-0.6560947311798314	1.8877340823658117	-0.004334214928727623	0.3735268352263571	-0.17687497337389632	-0.3952599501104048	-0.14075893587873356	0.10611503904120397	-0.4862344297462388	0.73265049384708	-0.026143104029200857	0.18593543480941938	-0.16961169384496183	0.05607574328430706	-0.1589374516078791	1.3150966861599338	-1.0187127675982581	0.05311725674762202	0.2524772440828003	-1.112800269250951	0.31676638651375694	0.10097522110214774	1.6600215109496153	2.0950421283901814	0.37974912248232234	-2.2242294301909578	1.469592425859399	1.1200434247294155	-0.8582897969717344	-0.380940793937722	1.175052909173892	-1.7038123741441946	0.08391211242442205	0.05238860910333983	-0.6303697035309709	-2.1386256966632615	1.6590993312196178	-0.5898582286670878	-0.5739805868420222	-0.853484739718275	-0.5190947557050521	0.2749777716486666	0.006630632405509869	0.8982263249901669	-0.5619186025643886	-1.7131076654880517	1.479345948740981	-0.41936062908224403	-0.5861274418814458	0.10824264807019253	-0.04032722920162035	-0.10738143743167833	0.02933307808235731	0.5545667694409435	0.6027813320922271	0.6149687004576349	0.9154558352313951	0.6177850940704812	-0.6499260142464978	-1.013696263713006	-0.34503796228338335	0.05441623010769234	0.13231538971463552	-0.20215193763492603	0.1685069587156537	0.38970469154493775	-0.17061951280905335	-0.40907568517200454	0.09670034480590955	0.6138456724289462	-0.08797375685745504	0.9270556338611036	-0.1273946770872994	0.1473551371507145	0.36288973803093383	-0.06451768371961633	-0.05036652628216409	0.614009510990883	-0.22032445583342075
DTXSID5048712	11.56807920813243	1.5369064156784409	9.631324381104578	4.384622736558443	2.648912854848368	2.0575993713226355	0.23259326635442862	-1.1306391724459401	-0.678979561980796	0.9409716372732284	-0.0691201999294956	-0.4794409677407044	-1.210835726815726	0.23927554616890703	-0.029489689754466985	-0.29688297320322216	0.03480316760566989	-0.2918556823358555	0.9989775539698816	-0.563446604873361	-0.2513521525604716	0.20512111799159358	-0.4700861767336717	0.37560194565240695	0.56922284141201	-0.38506989301056826	-0.9910977575469591	0.11676771286466613	0.042189690271983694	-0.40042098299103707	-0.4900694712976246	0.014703862054934173	-0.6689081251880068	-0.37365709700049954	0.7742983280885488	-0.2411342775949871	-0.36955183908350236	0.2755986838297769	0.6479739742661319	0.7478653087814353	-0.7220917357976008	0.34801539014991106	0.06396683601708711	0.6116584949158563	-0.5563795194183401	-0.0279339365327343	0.21935286738071802	0.0062008557038236095	0.19834151475084813	0.31699895185946014	0.09295900216710518	0.23192029436030237	0.05947387179118105	-0.3937586168221989	-0.1921803087297249	-0.2741472327856876	-0.8028398988934169	-0.36344460058756833	-0.0320793120006349	-0.4603332749659895	0.14626007833357932	0.18228466356130008	0.11455096656305147	-0.8091954930165053	0.9071646446133865	-0.9548181898086363	0.3361002439150372	-0.4980007928361779	-0.5351624916993682	-1.0811439796841635	-0.22797960180046795	-0.15736271036231364	-0.9903184784607386	0.5183764489498907	-0.7273030029023442	0.3237890498667297	-0.0937871221679261	0.9571611317027724	0.05927076497750343	0.48602980798932993	1.6915870657753531	-0.2685422026531786	0.7318800508589657	-0.39045309493877334	-0.32195255297672976	-0.5136663166284182	-0.30069153267883086	0.1640851578377303	0.37334861824528753	0.5517335935456816	0.44051293696912946	0.25626521214058356	-0.30536507794623435	-0.790865663249514	0.27712686452136637	-0.2568172880205476	0.36764000332943203	0.20472667868011624	-0.041472478442934474	0.2160100076258411
DTXSID3045566	25.46472621031337	18.273294074707017	-1.1929733826925697	1.8997159881782117	-2.9659665654847416	-3.5642122404221497	4.958200222625697	-1.2359335116694365	3.9257406335506	-0.5512878161650684	4.030296882759047	1.2710028153033384	-3.42283069789216	-3.3177377604747362	2.6080636851116736	2.0962012816575593	-4.016156537997754	1.434627407784041	-1.9640921997026097	-1.7810943467221476	-0.2810287308063308	0.11377376495935321	2.0165797653617665	-1.848562476996212	2.1549747286320304	0.34483481633880353	-0.9597094140075417	3.2189953310104005	-1.014097795541322	-2.4852940135148156	2.277341640767681	1.0953823185470632	1.5181398697095059	0.9548386998855659	-1.1360578829614016	-6.3735848843220175	-1.9641989676777671	0.7271520805099014	1.144736167164733	2.1648148554896443	-0.4161156512695548	1.706079289252408	0.24249322768743906	-1.0885466203122505	-0.217848475494461	0.7176887036422692	-0.22745795303165117	0.1876527205161381	0.559095868509306	0.13240126260055468	0.3490677857156064	-0.19953845098826087	0.4201392152993812	0.8154324643590009	-0.46106999397830617	0.09143205739917921	1.9902958277446294	2.476742208502611	-1.0113407582625076	-1.2392184322124884	0.836171136015024	-0.15983334573307792	-0.913503098297178	-2.0545783460905254	1.7864249826097747	-0.2272781736156414	-0.518155952983819	-3.1646225802617307	-1.6693218410513773	0.2772922813348594	1.1780881817308593	3.31239602125694	-1.5616173342971138	-5.778070279530566	1.3287800088786352	-2.95979861179889	0.5740585962316648	0.016112171706991186	2.6124671246116833	1.5351701532032327	-2.4046551401189484	-1.2887188586201086	3.969346863792942	-0.5635716332259015	-0.25569959809037124	-2.846942108862051	-2.7253110207263553	1.1745924910640615	1.3950531068950554	3.8824146354693005	0.19212620851107853	0.5583522319367941	1.8406667344566388	-1.8165001937704262	-1.9880664108768953	-1.0179508275718616	-2.5847730273938785	-1.0186987769916798	-1.2456012277994704	0.22337724989456734
DTXSID8038855	-4.47003302580806	0.5125126618558734	-0.031268436138631645	-0.5520015942302547	-1.081506887710239	3.1929528841823234	-0.07698117441853791	1.6224401313562955	-0.5317030194682514	-0.541429103750187	-0.03550763912016577	0.315148279912933	0.07811404939166819	0.07377624887233697	-0.39502007084440177	-0.6052350323733696	0.5786995116382482	-0.42407355521676315	-0.13027371323086726	-0.42150699533552066	0.3671442852749129	-0.5914756382032788	0.8967190714591046	0.8442214115220789	-0.6742786792171958	0.09425631580213616	0.29436759196730744	-0.040461256600403464	0.23016213933551788	-0.2687456750527913	0.07811735985205091	0.18358462160828543	0.29933748451169523	-0.5863432589128766	0.17992009958694546	0.35087120670305766	-0.007241433442896593	0.03934249607157195	-0.04671085016000459	0.4833643437479771	-0.09607381951761537	-0.13828002232006947	-0.08811693615407351	0.43042723537322386	-0.5352591297629937	0.16351197970219464	0.3379562847079883	-0.16864980387746967	-0.030144097528983445	-0.006372129220461	-0.005307940372058553	0.10382786718457336	0.13091451654487038	-0.05164199507259073	-0.09610309561790115	-0.10778538945023908	0.1978097175198428	0.033251383283145045	-0.5278766283648699	-0.3922150267113119	0.29185727028376945	-0.17909121360191002	0.081868065210508	0.3364340784344494	-0.2059067958402956	-0.22184859108449625	0.2537757314386591	0.14660793402072442	-0.3308117203958694	-0.14678279020579182	0.036272056021184364	0.1585302590407396	-0.160303338283616	-0.28379015832857246	-0.10840134312767627	0.5622337319523693	0.362482838560233	-0.05853486553355919	0.5786511518128502	-0.6038779277192842	0.29657444775441477	-0.15413019974522055	0.03449356076352587	-0.1863650732431329	-0.03911086249453026	-0.4422348166932756	-0.2413413314200869	0.05395363460426809	-0.4190431564616356	0.18674039507771747	0.09401921367258355	-0.07692392678713293	-0.8415755431128028	0.26731889946977777	-0.03239019670785782	-0.3402278083506242	-0.06478578800711145	-0.003695848672089741	-0.15446734347337693	-0.3055868947766412
DTXSID6022391	2.5826798568357163	5.4546066322490665	-4.603983386646197	3.915871559597787	-3.9094659661427924	1.0038065465835455	-6.04899469131952	-7.950458184959954	-4.6660047313390125	-3.127477854594832	-10.636405459544436	-1.0101258076680346	12.068031079066058	-0.6752688438990072	0.8634420314235514	-1.2704153028278993	-5.457487629317807	-0.9335509087443845	-0.9038988463408787	2.3048309713114183	0.14214947011511664	2.3239131083610114	0.6432355797506389	-1.7547552502951593	1.8668616662804274	1.5598426984067226	0.44775169534083337	1.5787660356642197	-0.6011412752221178	-0.7990361167710791	0.3977627958461366	-0.1783815970326434	-0.13266161992980036	0.7985456648755186	-0.6496944234623123	-2.063348139634292	-1.2952524470875826	0.7130230785342451	0.4347421511251535	-0.22447584900199985	0.3278893415106111	0.6395423424425826	0.13104997814836755	0.5724124987723099	0.583232367371036	0.3138411553360702	0.24600763194395242	-0.2886573629148056	0.10033405037111029	0.3110186481806367	0.38647992736688813	-0.5196342302227009	0.4677988648435376	0.8018131650540533	0.1014452902743351	-0.17426003684465224	1.2360674472304984	0.07238375116403317	0.12219984006848403	-0.2124547642707144	0.38893507966977253	0.5110114562232105	-1.019784432587019	0.6258334537425175	0.2092433865931102	-1.3918889847007259	0.14042596459534998	-1.1118976525342648	0.40553172841438334	0.7023950611010557	-0.2668973429848104	-1.2611178946727422	0.8537138455954394	-0.6216141125895356	0.06409067936879458	0.32783360319762583	0.09553610088497491	-0.1544067411922307	0.5206542918215461	-0.2783351325791842	-0.34900161071152036	-0.09948633936001337	0.7482056920902649	-0.2311718448367049	-0.4600524462046067	0.04103441820216237	-0.008730855218516078	-1.1238859183376388	-0.9611457179567489	-0.6548211352198966	0.9081071985477844	-0.43938107566244194	-0.041992902755462455	1.0468848677949565	-0.6980958798867237	-0.41336133849591106	0.7761216614122719	0.6767304578911133	-0.026758116149055274	-0.11118523405671163
DTXSID5021889	-5.499120157069109	-3.0758434211315744	2.3043887714459723	0.2853402827446163	1.1440235007213202	0.3789228108685813	-1.0611444173592635	-0.4929613373820369	-0.19173313240155013	-0.46515131135293997	-0.4714450076054838	-0.4434139557270664	-0.5382156626195904	0.6994472849489987	-0.6906299292103671	0.9147916197549515	-0.4658282757279606	0.27806444722889406	-1.31562582924482	0.43155888929541625	0.17158382811797915	-0.43127235933100744	0.5347025986668354	-0.45897568841976466	0.46304228243818335	0.5307456161270352	0.44289509417792705	-1.019017308102469	-0.14213150627311485	0.5891928272434761	0.49291485527459594	0.46578644411221326	0.18738518774963545	0.09358748971876343	0.7229892958846799	0.7026388594276012	0.4165819597864399	0.2834236937969925	-0.29910969815768507	0.11431769493313072	0.17450517836375543	-0.3143932132326316	-0.5195746118053175	-1.380843798458898	-0.22651524474651769	0.20351252069216247	-0.26337119101230233	0.5845497784930863	-0.13922387762019453	0.0803885052924633	-0.06227126483252433	0.29712010646069925	-0.0435631759586747	0.06395368578655587	0.2705082467889114	-0.14783043562935247	0.6611966373944645	0.23994655322466765	0.012511716381320115	0.06025831695396223	0.000986652710753423	-0.4415419738226947	0.006302451327306595	-0.36533944020444725	-0.11102332348644246	0.48610628952387874	0.29865290253212995	-0.4393626952430872	-0.2354975235474866	0.409443439204274	0.025163980951392047	-0.09281862032713593	0.3459091147745342	0.01185157182684952	-0.12104744698555753	0.08074785135943412	-0.22448115676454938	-0.43078858697005784	0.017582198483905055	-1.0366122053444873	-0.5524362299270809	-0.1405589988519361	-0.38830376212073464	-0.10009486519898729	0.24968098491013868	-0.23795461918402103	-0.4956351722439984	-0.9560003254471536	-0.5146919296899656	0.23471370976421926	-0.6252410473198109	0.08479113831451822	-0.1168306528614438	0.3856493548237246	-0.24784925838970853	-0.11768546433819366	0.22621587468201643	0.0007328676951271748	-0.040613126986220244	-0.05892910812708328
DTXSID6020307	-7.457388355484689	-3.5320642593915457	0.062284392471770325	-0.5657823640109482	-1.0209161500085027	0.8546336236085416	-0.19979307743283112	0.6630779939991122	-0.37514816963502845	-0.7551408019751562	-0.704378424725914	0.26444345575968736	-0.18482776348567045	1.3271936377907665	0.3550195461448487	-0.09322882657935883	0.0038164539773322204	0.024393685505310434	0.3293113102889069	-0.5963946064897384	0.19601320930830932	-0.5292648196165883	0.11321003480986803	0.5724787051341401	-0.3478367087232923	-0.42975523348496336	0.8277258642557391	0.5550823300221396	-0.06878474688402143	0.5855113737053863	0.7544848661773993	0.09021251199333885	1.0618579901367629	-0.08894363340107168	0.009090490233900662	-0.19296170961810388	-0.1113342475033963	-0.6594154137981981	0.617160650143045	0.5277933903473467	-0.6599568133672524	0.38121811110056736	-0.4435048893943274	0.7268443910162685	-0.9068839563736949	-0.10523988630302375	0.34390268551056385	-0.5534687561246044	-0.049794801083136754	-0.3155708881818029	0.24078181740864338	0.06188020976236805	-0.20686759350866804	0.14478488698207057	0.5593927007545252	-0.8266940479326949	0.14845737348507737	0.2014136996368684	-0.023214285679159778	-0.5113399515099534	0.4772142888662805	0.3390187403711828	-0.3722831287166821	-0.7551449135878151	-0.29380686656330557	0.323298035723106	0.5222346661729257	-0.4184223594793384	0.07142623002272251	0.11954643148992458	-0.2083279193904383	0.17662447204339596	0.2215105098088308	-0.3846978636354222	-0.1614803202591333	-0.27585490472582924	-0.23647639868512532	-0.7420690305795304	0.0015385697903017223	-0.3377794554782422	0.2513719084344767	-0.40305723857399167	0.01848248739919567	-0.6669024514258136	0.1713683528847775	-0.4531662448264752	-0.3029015472968321	0.041972450180553345	-0.42221855157252874	0.5203273614940163	-0.6324814349053278	0.2861969316077837	0.3992358609375297	0.21064950067323412	0.30075309956011304	0.046084737257761646	0.6944466257127058	0.13515065165130757	0.08852527642823005	0.10857158110842349
DTXSID0020868	-7.9675252425060625	-2.946338208956164	-0.019419999699562197	-1.9432831875434828	-1.7147747856024027	2.950651758160704	-0.3503006524583825	1.9825886233116288	-0.41656938485278466	0.46173067022223974	-0.12462521117599047	-0.0983165051649802	0.13440627141604633	-0.6376745541614144	-0.4718922086352242	0.19585334430363704	-0.8370388373113277	-0.5537464795972892	0.09415879530597235	0.25245891010510907	-0.37518260987224006	0.2145598037969469	-0.31942553374884797	-0.5128882577299917	-0.10841587584958608	0.7220318188762602	-0.006580028939950096	1.3708621930628044	0.2513883487717479	-0.46917208841842745	-0.4986594065050298	0.39933200592003076	0.6828504401125235	0.041490255063319416	1.1214833862574438	0.6137007825723012	0.2617279017199551	-0.6174039518212379	-0.3408037275466923	0.316815162696312	0.18344579507154146	-0.8367020769902673	0.059275537569568076	0.18649699856519733	-0.11796106443450398	0.01857508021520575	0.2380342635518048	-0.4066089931188374	0.24471367093626403	-0.4081892771262031	0.027374725182407092	-0.29654490321376353	0.29956643156742296	-0.12168177049890029	0.019104855103198783	0.13208008314374897	-0.3018347888250836	0.38088386709686434	0.2539191122087936	-0.4917117645057924	-0.47991275143152506	0.06680278347540575	0.36806497020245876	0.7424076400927212	-0.6559197577774009	0.5656206451234725	0.35070473037799765	0.10516444501188098	-0.13892422574329416	0.09876868731319596	0.4478761617226416	0.18334307871744113	-0.09486334877120163	-0.8053412805874797	-0.3733565033950962	0.5211925023358479	-0.2583964904638128	-0.1629706141485002	0.9076775309525038	-1.2608735443863017	0.42330846054600085	-0.3778912722416379	-0.2762341251183357	-0.01317397641888414	-0.009472944044750457	-0.5164224915742149	0.34398901248976793	-0.03401249243720392	-0.3037512498102654	0.07455443382693148	-0.37957663626576293	-0.17026830734954262	-0.8521979985825832	-0.35632888033301824	-0.10211022514843544	-0.15986173877741808	-0.13964571400439965	-0.1509215360805159	-0.11911333286390062	-0.1709191176513738
DTXSID5023089	18.466038493386403	1.6285126292067402	1.1907501011558073	-8.641992825136171	-6.582295061025449	-7.403146160390323	0.9902433075030673	0.5523902311487926	-1.1727082328145793	1.3158090588941804	-5.005846408329744	-0.45774402333023356	-3.7762679045688556	3.5586011603264924	12.601393721119551	3.777703049359196	-7.132637192852744	1.0332222307101666	0.7460463170969353	2.287451884356891	2.0038813089202967	-3.484372558956226	0.13257791791540127	4.216361698861812	-6.891105089954654	-1.8874109303631017	1.6153055560207807	0.24910742311838346	-3.3934819307246795	-2.9086116081652578	-3.7719783518200343	0.7511540906004643	5.138867111405987	6.0990807376547425	1.682462288691917	-3.0773871323875053	-0.7879212291880228	0.02445873839379329	-3.0562545556079845	2.6849092698131503	-1.0997783149733922	-0.9297124049554599	5.778409366561482	-6.2733296879719305	1.6382475714844236	-0.1811747913959268	-4.887940834799878	2.462539897749412	1.8311530429173457	1.3863727254021296	-0.49118242786703026	-0.7909053133323941	3.23620134594566	-1.0234141263634045	-2.2795714614252196	6.934767160618477	2.4261191992675495	1.767570420980744	0.9859419977133698	1.4332904789983503	-2.428405828310014	-5.5113848052580865	3.8356922821282025	-3.7333352385693215	2.082912661592604	1.7253738722836598	-2.473728551450265	-4.035770364399774	-1.5355525505175716	3.3213136897764977	2.94144737387525	-1.3441131822612304	-3.1847151875978663	3.2511058214074957	0.8830772925119206	-0.6731722613033002	1.400477638820437	-0.6631170556890298	-3.884692508232667	-2.1176977119478697	-3.2027734897543025	-0.6517661079917384	1.1305409011061844	-0.7126404590538794	0.6235436507668066	-3.9496251288522157	4.793230965505547	3.253919207572975	-0.4309290671082274	1.0490933852253843	0.1095611680625176	0.26053795993975637	1.288518120016714	0.9218324979958363	-0.4377102974069636	1.0479234704612184	0.34016397089997424	-1.4557882901407388	2.9910674089401885	2.357520547044334
DTXSID1057799	5.412930740049588	3.487166928662286	0.63386277383853	2.152860245796325	0.30848516501462847	-2.70190754913391	-0.011093278851519513	1.8595427838035865	3.4502555233700027	-0.9644073974873933	0.30546351861945664	0.31113108655730687	-0.08409623539414421	0.24026909831921434	2.867301277961393	1.292393804604635	-1.1614311491818248	1.0031972169345567	-0.8740081982214797	0.9832563763796255	2.206661662364061	-1.059935524977051	2.049749586811427	1.1301455278497214	-0.8889802947002512	0.6958007657211498	-0.033461459164261555	-0.6782061282446379	-0.9279539708516463	-1.8875889703637523	-0.29262293971503917	-0.3891445535981637	-1.1067365981027808	0.4269220274890303	0.29223959430007385	-0.9922386147885547	-0.25273726612343916	0.5410983380445699	-1.6346582730840777	0.6379688472463564	0.6770886381209364	0.7345246600336987	-0.12396959971412094	-0.8088636594511478	0.16667139616651638	0.47004824705879505	0.20657741884474645	-0.5325647249775995	0.053503538715258515	-0.18660944051861145	-0.2688137461058485	-0.10175757737897288	-0.0996487046035022	-0.31006574516261787	-0.15310519968865527	-0.4019682452712508	-0.591140170312113	1.375680285765052	-1.2352960495617524	-0.6080100632514615	0.17585876689048643	-0.2969128830289035	-0.5192101477315653	0.19561152861408845	0.20633090510871246	-0.13047084843721057	-0.9280783029759863	-0.7752674498855446	-0.08859035391456392	-1.0553109848114235	1.8638204693640543	-0.07797876821915008	-0.13235182801935647	-0.949618952601337	1.170511407953209	-0.7098036408048736	-0.056602384176307065	0.3309731579043433	1.6110756462197853	1.7538665900086592	0.719016183210227	0.29591929867001776	0.15997194510911855	0.33017137767903737	-0.32826902468053626	4.023964530314002	-0.13041653890764812	2.3632558893565387	-0.9262192460310439	1.5775026653396937	-0.6539792995624513	1.270723863354446	0.29607723381888806	-1.0939434131562211	-0.18842003547863923	1.9757198785936434	0.5515173784529339	0.2416319951439983	-0.21192589302287318	-0.20582393768035587
DTXSID6046715	-5.172605827005659	-0.6691480601024715	-3.504458080955897	2.3079645614763242	-0.4003437567790982	-1.132033216151182	2.029332689673768	-0.728862828021734	-0.6024655016344966	4.320012737758129	0.6300001397979489	-0.9713690623102668	-0.9555671261668788	2.8081282446254785	-1.861723670910062	-2.8617202344721515	-1.1832451509537487	-0.900637094968551	0.398487479801825	1.9056919048175753	-1.3646897686779467	0.3647478444749802	0.30336470028832757	-0.6233115412569091	0.24116674997778992	-1.1391084599657435	-0.7018888761931285	-0.4710232868699355	0.17134436683652762	-0.047166735643278536	1.6601119722166953	-0.14043016375051987	0.1770224485536282	-0.16416660548637274	-0.7325714317035882	-0.38621031812383017	-0.08994247279767592	0.6919852477831283	-1.1917682280080018	0.5251420725184536	0.19377847608633195	-0.302388601473788	1.3366336416708597	0.7637839015961679	-0.06069690415799387	-0.3652634759831209	0.2651078508600597	-0.09208879421224074	0.23705921526682006	0.11509766714862886	-0.16218308073443094	-0.4050048662503602	-0.3017123440225566	-0.39401575202176675	-0.7682202752480424	0.10645521479454412	0.10838877477312414	-0.8255973391600882	-0.3493696260265508	-0.7906847934093219	0.13782509823888553	-0.802117715512767	0.7577868852852802	-0.19045432953566907	0.17117746391573962	-0.09400680547824107	-0.1769779383951909	-0.07675682947304203	0.8420957579791849	0.08255120896784988	-0.46524896339424676	-0.10952879187770069	-0.3809921084042759	-0.11313920117967784	-0.04062312714462912	-0.2914544148253979	-0.3329602763066238	0.24024109124111487	-1.060606299732812	-0.47268190984011277	0.004747516199849242	-0.4030899981282154	-0.7448532522368516	0.8270852180523979	0.7952063534840006	0.6834640134946661	-0.4028784174916031	0.29624941131282456	-0.15771843099854294	-0.582139991222515	-0.29701456668250975	-0.08444928137373846	-0.30761191945686756	-0.04398084738435276	-0.4681956832909997	-0.12415468681765414	0.2429744287688412	0.15287063432455433	0.18103244348535386	0.11720531232384679
DTXSID6024888	0.7994741099397569	-2.5423231676387648	-1.3539388480197299	-1.8383028612756682	-1.297539795687022	1.5897951881843932	2.4655044354112867	3.8848340970935857	-1.432861343467033	0.8700359498924067	-1.0953954839831697	0.38440067861621624	-0.007793846610851796	0.751493437429498	1.5305075492483462	0.0216260146821866	-0.3776635817509966	0.5663658873704085	0.013952013953549024	-0.5257400375439072	0.6591688151860131	-0.040412699463326346	0.8446617335316808	-0.23632028983949308	1.1264468307495834	1.7370643270054067	1.0943528695533942	1.0232023408610453	0.5822136210051143	-1.0447094438359252	0.11344595679965168	-0.0342052401126787	-0.342275355656638	-0.6537171112982542	0.09150733627660569	0.1219339999668319	0.37872174713564144	0.012380444343039233	-0.43688996832869476	0.26178220662614515	0.5593943522855462	-0.6096881292351924	-0.03881616998426513	0.3512542145902251	-0.3323729206331068	0.30284004716849994	0.6715465460949499	0.22048904239056907	0.1821575418194115	-0.30293959780430935	-0.03451474952939612	0.10775637353118354	0.38516943840576706	-0.19261473091715228	0.2825592895027531	-0.8582866176490552	-0.30921915359919244	0.40202403927959535	-0.22284031625116935	-0.8362300068111538	0.07308986522480533	-0.07375278623216795	-0.12472377714341573	0.6137215503720667	-0.7101424832222785	-0.46231960700579394	0.5759073118913008	-0.14044110477128494	-1.0029118864418063	0.4980650166593866	-0.273420493963729	-0.25440550745059404	-0.08836819701701727	-1.3044738679447947	0.7371047424301024	2.1350459001587274	-0.80030304142902	0.07269711818344417	1.109648246150639	-0.7274551770665925	-0.042643682035916154	0.02303868457106843	-0.008390257067342964	-0.15508736093879127	0.09839117572115516	-1.0173530026835447	-0.2655761253556709	1.1481853456881141	0.0031154260790615985	0.5828621742233507	0.6297368756948627	0.9055124729601879	-0.38864448079062397	-0.08441015577326334	1.1342404382087479	0.14840148225140912	-0.6505422745021426	0.3528208409275882	0.7785812380241448	-0.7507721090966619
DTXSID0045967	11.837547487062293	-1.9804630167858122	-5.78809713880117	4.020394343752884	-4.160652546966533	-0.19830007142573677	-6.801388889279227	-5.585099740343361	-2.0522209080754474	-1.4655461909230205	-5.797868269806472	-0.07220110090242114	8.556023702785295	-0.7058092817836393	-1.1988844616819025	-0.016760675221892368	-3.346266224014844	0.16338049506254299	-2.9103131520709336	0.12737875190392248	0.6364811129295974	0.934793517395604	0.6098650022958674	-1.1221442080153003	-1.5822350384453783	1.6518287123862214	0.09580987411797696	0.5785799210996346	-0.7529726444688511	-0.8942226285012511	-0.6824527154034192	0.3072512267983154	-0.5649084022169457	-0.2397034524820962	0.13432976051352843	-0.26261671389533375	-1.8182127218817175	1.1468969651636334	0.11440409556169759	-0.7915523319686139	0.6142708741954384	1.5229657609950036	0.32883963830756374	1.149007168841887	0.3377396759953451	0.09676302746745187	-0.0537885866856609	-0.6957191193331993	-0.7068458766584997	0.29059676029822723	0.09214975531067376	-0.14045175175849656	0.3769233397956885	0.48720981166339944	-1.1158879850528458	0.04698952426546778	1.2440454011284818	0.253481839171722	-0.9631709799480526	0.4035134747949581	0.1876120823547118	0.6616263655014905	-0.5589048554283031	0.3493646319718636	0.013338438596903096	-0.7788353942701587	0.7759811975536056	0.6283092106299759	0.8394642814120553	-1.2684180927118056	-1.8810581886222542	-0.3027237790653223	-0.4382589723897806	0.6038722636060428	-0.2875016972274445	-0.7096797567095018	-0.060459429182447434	0.019596611122241214	-0.2834363991479647	-0.6938955727543121	-0.6046133628327697	-0.14691570765424242	0.15642209400997284	0.4328646316832698	0.5853816008110073	0.559705443754765	-0.03228415669434712	-0.321516583190322	-0.6674452036637034	-0.5291041151409255	-0.009061363055427403	0.17914803766911766	-0.6155781695049315	-0.6828075116595226	-0.17127649870109762	-0.832962153030644	-0.3065416582280445	0.07990329795386839	0.27177237986722985	0.6128077956176151
DTXSID1046475	4.11076799771486	1.019142946318788	0.09449287136513695	0.3753614499079734	-0.743720993947719	-2.7791634974987462	-0.6792080262493813	1.9614664188699154	0.6438710915129696	-2.4680749454065234	-3.2302497343681313	1.3856842030088665	0.7600596812438981	4.591121355188403	2.704986146294871	-0.7848973471610428	-2.0409456811881252	0.42226210993021607	2.070234743238331	3.230906168567642	1.8395677448685714	-0.9540576821009402	-3.558055803598106	2.6203491583670355	-0.5361616456954803	-1.4680317447324962	2.0104690683141593	0.24581819762974833	-1.047191806965901	1.964851618874332	2.004135873490584	-2.5057697008708146	2.5155196470258305	1.6980662026087958	1.520831048693135	0.4861978507757813	1.0057099797021667	-2.6354367814750908	1.2934069082949058	-0.34001794388398204	-0.19812484888997592	0.2761014167350942	-1.0021700490805907	0.6759566435852573	-0.9986459073324421	-0.30478155818264774	-0.2554434749413	-1.2908011823591736	-0.4799661084414381	-1.4101121742454306	0.31744581879228173	-0.2585306976704527	-1.2362513082705378	0.25567109211018213	2.0684411605916204	-1.9295926083540391	-0.7669598204570254	0.602756222080904	1.489474833654197	-0.5474192998683038	-0.6541884786451038	1.9573915408635472	-1.4542451276821542	-2.528833226100411	-0.7703411504910881	1.3011844297221655	-0.09937664338049333	0.7522702861987987	0.45317080240306473	-1.1115920640165209	0.8477393844005217	-1.9544309119746732	0.2069435945362148	-0.29872849784734967	1.6171260343246252	-0.6905874940618265	-0.15782719633882827	-0.5202221395713084	1.8346255180797144	0.867490971592597	0.19002035859894617	0.09763639406054143	0.2230844970657086	-0.04648389119873283	-1.1346985314490816	4.014271437070168	0.7562093371584312	2.6670797097956114	-1.3373489607262377	0.33819484634666985	-1.4545343172517866	1.2605448134694812	0.46473283983573505	-0.2794950550818532	-0.18274899269115924	1.988706064256711	-0.34872352819651714	-0.00880697342622086	-0.29912673744202284	-0.2459105024058112
DTXSID8026307	-4.935557205890048	0.7723084115886979	0.028499437843800553	1.5454789900584693	-1.3544962458997123	-0.26833061195952324	-0.528119849565142	-1.3960761559121633	1.4043502858375692	3.071165444926518	0.3406979526338404	-0.8059814292592687	-0.7265301483716173	1.0439951705507151	-0.3789575553601457	-0.8675205126318054	0.007669908808536474	0.32049572186045955	0.38620327690523765	0.04428642933207543	-0.8622590857350624	0.10022583835976376	0.3355726212093571	-0.33058828867347395	0.9470788485249593	-0.44349827845897233	-0.5740758363677958	-1.0993989096248438	-0.500190293675548	0.7005760414813518	-1.470875640146348	-0.10799483900426145	0.2129699322513153	0.1804212472874383	1.19782624477823	0.9709371891399129	-0.12654839565892592	0.4778562570075745	0.10738184565279553	0.33963971125177633	-0.8021541461953335	-0.5839936644302504	0.5238132275444238	-0.2370180984491266	0.4637737519043079	-0.41774324821136605	0.4575325212893082	-0.11480079658575382	-0.16339980961504183	0.030490715350347888	0.019845938531738404	-0.14197811481285305	0.5360242840106232	-0.6283903442219353	-0.35542444167340614	0.5432155748518617	-0.7956113671081848	-0.5639290090114037	0.693915172283974	-0.10820467214793007	0.22335812407110944	-0.3124853000345131	0.5479874354776162	-0.007983723718661703	0.6080359216751144	0.3029847688595074	0.2985401414970084	0.7259572415002004	-0.024280225821676077	0.3361660277985274	0.08325153975739019	0.3779280735616273	-0.2785030876214498	-0.16847590339290752	0.45745760153370685	-0.8707189944635075	-0.1577906736346837	-0.7778590972124121	0.17106987294580311	0.32895892978599944	-0.006650199026995178	0.690240610220122	0.00028033419321980027	-0.3752033547324255	-0.0875626342151105	-0.42035838523920144	-0.20682118944978403	-0.13062317251959688	0.6542082136786638	0.15541978300576556	-0.40028648308460263	0.7049230149572833	-0.05199124078099981	-0.005348202936117368	0.04827485262226408	-0.3480694562124233	0.10707855938503777	-0.18497857756468003	-0.05152120648791428	-0.07799032016060374
DTXSID8022824	5.9451914039077405	1.2192560084776236	-2.2486432198237196	2.9169776345706007	1.8871893542706144	-1.2250631201762794	2.998290835223952	0.6655403374999781	-0.7579795947958244	-1.277915225489765	3.151766752893194	-0.9847047418846494	0.7099125930389407	0.7370156015066777	4.788281294956335	-1.267039949029871	-1.6460046616195643	0.6863165139518924	-0.9055679209704762	1.1804104370511772	-0.7966987341483269	1.2664100733076058	-0.2505064385678857	-1.061517415284457	2.5667359281658193	0.17239624933221712	1.7477791684751272	0.05084975109173347	1.3888787958855677	-2.3620911628789587	1.9158348220884927	-1.2878899686013938	-0.3782454796914147	-5.973042252496653	-1.451249452526147	0.7794673943974129	-0.36093455463157287	0.6908052421078499	4.089039191585336	0.40201646818705655	1.5643524635453727	-1.8032039100500707	2.1028375381590774	1.3214895999484848	-0.6674000831126081	-1.6896518599179213	-1.8775468639562154	1.6096777430561642	0.38133652562338416	-0.09949063361091981	0.566647719982667	-0.5629720983611839	0.05917633632655542	1.1863042523463694	-1.9165431626163	1.847166016595774	0.33846164202800283	2.1456015038052527	1.2631457302595928	-1.1340355836531746	4.6771549934108245	0.6286615143869934	3.4322712943169855	-2.265482602021887	-2.1486674080953616	0.27992895176041227	0.9503172870607013	1.281005283903438	-1.4139991642377283	-0.15297941572866194	-0.2132882110266153	-2.3495091581043135	0.7769036168484296	1.30143839157207	-0.27142024259664266	0.9697421320554875	-0.25443897591865566	-0.43626631287941825	-0.21137185936892505	-0.8788577872408898	0.6775033455817375	1.0550394947338015	-0.6606629890236144	0.13013641879730478	0.5953232487081479	0.130973151616981	-0.31681568320629655	-1.1285834069014542	-0.7584896293777406	0.6380512299331847	1.6236027942533033	0.16585304834264	-0.27614023512089925	0.6680573566825129	-0.3555751768466559	2.8296815338114745	1.0375644823907963	1.024446147418542	-0.20276022965979248	0.08329057651185665
DTXSID0026044	6.858438252706593	4.2591968830175455	10.592117430436897	-5.000714111503515	-1.7091025369038724	-4.133366492744463	1.2990950928255591	-1.9139445747725843	1.6681616829988675	3.003549200583874	1.651089649000984	0.038894994233920475	2.1112779064444185	-2.5578847131118976	-2.6008229632626745	-0.32167672449747	0.06423066441504251	-0.5102777755983343	-0.7970027469497648	-0.32645753335438243	-1.1284539974180843	-0.4131707257743193	1.9427904415615995	-0.14500063683263031	-0.15741547252431598	-2.356934503666168	0.7575328586089265	-0.3634283916358524	-0.0843938794901354	1.06012010097319	0.6395584915381932	2.1031400617436917	3.842655323497397	0.9845376187934402	-4.524579395418237	-1.1014475703313158	0.9637460387725655	-4.4150614248810855	-2.153504276853579	-2.8890951965261307	1.708043915884527	-1.4254903549405054	0.72898256291992	0.7827327904222608	1.295996039654501	-1.9063525369574694	-1.6817554075668053	-0.7933985678401074	0.0554967556764479	0.100540910220501	-0.383700284772755	-2.6532611243497617	0.401083442519929	0.5673158280822537	0.7070161255599319	2.387669187601449	0.727563857634751	-0.3819826226167813	1.0703478260967099	1.63856861161389	-2.2158548482510203	1.5510408615359759	-0.24954704605502084	2.976564252825215	-2.958734098470095	-0.5444820315534523	2.0623537237329725	-1.4376329523789715	0.6047367859826053	-1.3321575104998256	-0.967425850417045	-0.5927815967639702	-0.30352886574064913	1.1127950079550297	3.5714100980303556	-1.3595015345855372	0.32845499263397077	0.595941441278758	0.647448351601039	0.5992983166292917	0.30269084964865667	0.9500547826297638	0.028428433574048596	0.5989111379583674	-0.09580046059258956	0.45051723707062186	-1.1043494721356064	-1.5706291634741514	0.7175947471263721	0.27188537526252154	1.4624493555887406	-0.05900060611276172	-0.9630480410249966	-0.6716949678495073	0.3669445034730834	-0.12847383999743228	-0.33303021748515177	-1.2528899746802704	0.11449808488642133	0.7358007621145941
DTXSID9049407	-4.338719266543639	1.6757640976478931	-1.12849013885695	1.281054607004176	-1.0550691685771214	0.05937005107038638	1.6578064712146885	-1.0669775209641783	0.7110777501482317	-1.5836464814765001	1.1675047519930017	-0.44121747390816013	-0.49745043854309984	-0.7576355081293242	-0.3575239943773805	0.9732760427684213	-1.0220356413297267	-0.21208996564311483	-0.3466807790290885	0.6408201536529687	-1.025584622307234	0.20766032242704985	-1.6216936631579486	-0.7318654754216554	0.09290744547392397	0.15288877780248558	-0.5182350985698561	0.7839115849273804	0.6064498592254264	-0.6570357149380511	0.7133111112609326	0.12163541419627485	-1.0390437918372628	-0.3260574641631104	-0.14853200534674899	-0.16071962226238912	0.10501301329763083	0.21404344646324286	0.16111381772663314	0.15882108329999423	-0.4477993922943836	0.3543573999322281	-0.4121407735160536	0.05605840118219119	0.1271697141004125	0.29609389239936706	-0.20571953782026073	-0.4560142063855249	0.12539936324813297	0.026886721409962715	0.022087568429655938	0.13138182854956634	-0.37718679507999947	0.10328495357945787	-0.14097287809725467	-0.5387719819388483	-0.29725179629969645	0.2156451291017376	0.02751946151971315	0.19826018682587995	-0.1355767850125469	0.12076971230789252	-0.019453036652400058	0.4554004960395825	-0.2220252013206279	0.08779492308880958	-0.2372407186518678	-0.9246438362281224	0.3487797402871009	-0.018629256580738933	0.5071552312081745	-0.6179429958313636	0.4160775127387705	0.411572862174576	0.3877271912261304	-0.43309621445274193	0.7222407114787432	-0.22285424502937734	0.3037536556067627	-0.1023207170066862	-0.1702801951471464	0.04437270950307374	-0.7451223836046033	-0.8575554702252837	0.19343467414500015	0.19300065681007594	0.12564119156410605	0.45824267807078933	0.742817196257391	0.2502014455281875	-0.2176504968645075	-0.22407128088913142	-0.012078554801898324	-0.6027355502001474	-0.3795988020512063	-1.0844447468334375	-0.10040700046077126	-0.08763032893546803	0.045078416337482365	-0.1171437538057358
DTXSID2020006	-3.2361323311178767	0.5475365808989981	-1.8493200618351173	1.7467891905064608	0.6877855733529954	-0.36400976220232983	-2.769314456451489	-1.3814012835731568	-0.29649164873104034	-0.1075437802758663	-4.296795901363864	-0.7982691598662084	4.257384589274883	0.1058191883055578	0.4958577555668165	-0.5325920318793927	-1.4754657849898878	-0.19809597912474533	-0.7058493626870381	0.4628458246054643	0.7224638939394267	0.7263539477250959	0.6689698988822291	-0.3974769838358953	0.7273105645397873	0.21481825671605762	0.6461835633872056	0.17326469364480598	-0.3603084331371121	0.08908355084815484	0.10680585416355588	0.09055492315079083	0.24482915398283758	-0.42722862773454484	-0.14189665141428326	0.002734814015596391	-1.3568389882812666	-0.24918077455400706	0.041315215472381664	0.09897421913283548	0.489096736445929	0.8982454064772322	-0.2814086848853439	0.9463587410946397	0.37236019238375345	0.13203355766732577	0.4111588836556898	-0.21709019299041576	-0.10589923279369504	0.44903947916805476	0.16686073635141407	-0.2025110473050222	0.4243534711605918	0.5662159746816455	-0.2496731234350738	-0.2276015197123252	0.27846999513910137	0.17828295812368525	-0.4628018244926615	0.22845118334980097	0.12548988372467196	0.04150749810965582	-0.21423555730004756	0.5394408164362074	-0.12714183771899987	-0.7133698305424294	-0.18021925586232185	0.061127616225657495	0.30049890889292347	0.1702491821279319	-0.6690178553506404	0.415212601390565	-0.13040162609169442	0.6220544528361284	-0.23657233760070484	0.17648014516249738	-0.5586079781596274	-0.03220324307954658	-0.1848413038112303	-0.5560356162817656	0.3690470898321111	-0.6443930818328112	0.7852177438287804	0.012036638055128557	-0.19873080547932384	0.31550450609895675	0.41359920750287926	-0.312635293217022	-0.5973077173741811	0.08066319201048515	0.34104184326465886	-0.9137928387405198	-0.11341206911295901	0.08783947552564157	-0.23252671066003175	-0.048892451926412686	-0.12841304870758138	-0.13056425199034585	0.22189932562303957	-0.09301318602583036
DTXSID1045792	5.616844088702475	5.130243584824084	2.6856689089994985	-1.3385138410385693	-1.3914845818143882	-2.6334526925312516	-0.894365409640794	1.3619593401022518	1.18867647634738	-1.1332639456687235	0.8378571026497422	0.22027934779170097	-1.420691917327696	1.0244416282578643	0.9971812439967462	1.713704960758686	-0.9333798593711573	0.2887158506122717	-0.7044911515283786	-1.8862775751467702	-0.8277728863930155	-0.446002903188007	1.769030349078381	-0.43618253429414916	-0.15402177364898995	1.273852433414324	-0.4576132869786006	-0.015905065642295345	-0.39460587320305773	-1.8588272296334292	-2.7579698362146288	0.03186587964963104	-0.15499853273867012	0.463265234443559	0.5691473068235408	-1.1487523971641713	-0.3386977980637891	-0.07173298855185434	-1.1773112894427025	1.509961678009728	0.40619523104527283	0.2635701043774836	1.002218786615934	-1.0840228816023207	-0.15896281093968984	-0.19847891437569926	-0.9200905043737805	0.06243874415631698	0.22854602065131494	-0.184296784433832	-0.13021806119810522	-0.2002525274262075	0.8618801925244983	-0.3741871081241685	-0.17587739968264046	0.41940052546499546	0.4644960295452594	1.3979106066198854	0.12692499291982826	-0.6600196789613092	0.10252671862159321	-0.36912721614792093	-0.5144801061740438	0.5222520049630578	0.7659508003224843	0.6799291888039092	0.16575989362355517	-1.469443261004902	0.7932716055926006	-0.2987448632150548	2.1299126449916392	0.2809439539812053	-0.42463627238686075	-0.8218609538036614	-0.9785242645283225	-0.15786297906403074	0.537588443823639	-0.29554366210362965	0.3411499501646423	-0.14004766105890162	0.7050903912979887	-0.12173740431471157	0.085529825426787	0.3008245799163403	0.6673601538217697	0.17629873786951325	0.1019084272231513	0.8405525340211331	-0.9460689889512466	0.8334128005845443	-0.5362135258621911	0.07514652916519478	0.5462286897546613	-0.14275352533417618	0.14446065758169138	-0.34192018971191285	0.6608629660940579	0.331736823009594	0.21607665741614887	0.1640929039756869
DTXSID7049427	-0.5357898501486363	5.071422575768361	-0.38581517613911837	1.8458245453077902	-0.6498275186614682	0.22236778051845293	-3.2380174862344058	-1.110971810366349	0.5805722272697269	-1.2869484898398553	4.217534978954617	-1.8390038597855267	0.13342425625235876	-1.6989007483639327	0.7468743504400405	-0.35842773908512565	0.6216550812095827	0.29851050891224434	0.02557533877043042	-0.2132037477338747	0.541855333321881	0.0004681405736032347	-1.3763671155895003	0.1137204012508917	-0.2982168956083211	0.8894455123765537	-1.087353407353094	1.3395951286590388	0.18387623286131058	-0.7311368392259003	-0.45850485214340553	0.3690648651897009	-1.4361985950246325	-1.0575717830457867	-0.18355959904944252	0.677441967299997	0.30440733764104466	1.1724481113705087	-0.155320483271607	0.14113377166652114	-0.35903239395083236	0.0242349333128437	1.1931001399245924	-0.31994787928396945	-0.18848189348500938	0.3086245569988078	-0.8949112501795518	0.47736566081813425	0.2586004401064956	-0.03211497974232975	0.4968465709502445	1.0608445653489804	0.09702353241597222	0.3843108358157326	0.21929577085788285	-0.3605897528997251	-0.5093009791690017	1.054613690327106	1.326107834328982	-0.1768671015313491	1.2572811997573057	1.7261858612436605	-0.994950422077092	-0.5280587465624439	0.48081492277022403	0.5012500124487552	0.8688863344893205	-1.3898651553384451	0.44505469012603827	1.5991567434403553	0.5869581732050545	-0.9741745456245978	0.3662444093104391	0.2981119787473123	0.9975334329876429	-0.6394871829973334	-0.5528479721570178	-0.3393801186185542	0.08720802599537356	-0.49283958949045215	0.04494257353482988	0.07000212205798334	-0.42502537133357254	-0.8526490449195092	-0.21296633096330103	-0.15589118152743325	0.33741723864334505	-0.13726748458461469	-0.28759028261734876	0.17635477476686137	0.07950021240459008	-0.1319051902382025	-0.45450047904748275	-0.18041609960282168	0.2858462461254525	0.39029780105842243	0.5789829018828021	0.34211542607834317	0.28501491707478865	-0.11807643240090862
DTXSID9040760	8.414794480484252	5.2651108006754495	-2.407093272300487	-1.5334349371433011	0.33738167446825484	2.3268983355103874	2.276131919424224	-0.9527953864363581	-1.7123164100598074	-1.751809493818656	2.236284787674832	-0.13885128782398218	2.393780483758622	2.0038256282497375	1.9843984268967931	-1.4712399978859636	1.869529513953554	-0.04310217495669049	0.12324382554632748	-0.9825907758975186	-2.2525217564442315	-1.3191552407145675	1.4516508378908657	-0.5107793126164516	1.0290670245286324	3.658982595757416	-0.9620781392578837	3.6206184684099196	-1.663477369054127	1.8900084558460988	-1.2232826936725067	-3.0285188177882785	1.4159585697633184	1.6907112343993702	0.19520591833031556	1.3351771424980157	3.253237947169664	0.9324785651089638	0.12243357704875582	-0.9754368486577784	-2.3481332275681024	-1.165576017110306	-0.31807612944818636	-1.5546360859665758	-0.9848492237038392	1.6958481163620585	0.5254299523026159	-0.22255490907524447	-0.006301968838039227	0.6860300444108496	0.12319829457852718	0.6494413671320214	0.2441861550218057	-0.9615855146820436	3.3594309419035393	-0.34916884815292104	1.7452634768468784	1.2383409091780369	0.18947125709928808	-0.8203591064118739	-0.9293916102821717	0.8217962187466574	1.6808441037878576	0.9576113769478829	-0.8288332502732331	-0.02919298858683082	-1.3453276634180036	1.6742014140241113	-2.766219603133641	0.26113054041045586	0.4638413741107549	-1.6582123416471621	-2.940758539299833	1.8449295729680526	-0.18079603876912242	-0.229224437618664	-0.19135897424670956	-1.4959890336500032	-0.8334190889670124	0.9740168772375778	0.9734777511748559	1.424157482269248	1.240220598277134	0.4260557475786407	0.21611608412219613	-1.2897090253775907	-0.564033053346543	-0.02232333994664809	-1.2245753360500695	0.35128825166396926	-0.26464869217468845	-0.13515422628651444	-2.0821172690539598	0.43231617436021214	-0.759767801647816	-0.35799829552960577	-0.49520984947786506	-0.4625783091822124	-1.1609084607032998	-0.6134909986064471
DTXSID1045586	20.080760245447202	1.8542587543070623	-5.350859744898106	-1.5952397904371367	1.4467644694531956	-5.90868051545073	-2.2254390189247273	4.796854089658854	-4.577254539288315	0.7807089648119693	12.591288765370825	-1.9991867068187172	4.991688351678824	-0.2405257910049997	9.602825626668157	-1.5319370219406858	-1.3529686264758962	2.207586524742474	-2.135873965004184	-0.6113925828779787	-1.3738333515579977	2.070931697611796	2.0529596562271584	-3.1757462914442276	2.409384400366166	4.2038310446561065	1.9995367661585624	1.0820350485943855	-3.1815778756783897	-0.09315534613040226	-1.0713434692917183	0.981202433864275	1.8969199277991786	-2.0380315391437667	-2.192137118265826	-2.4313222749301264	-0.10658924068995798	-2.433890444420195	5.2050657545553785	-0.7944216661019033	-0.8948946933573511	-1.6484192051318844	0.0918092297828947	-0.2954407596923803	0.14698674015604224	-0.7224628965206003	0.7519555279468905	-0.41522660604078726	-0.28569658304380074	-1.1457423947685612	-0.23835571455572366	-2.185878776914418	1.095655826786013	0.16308594658573666	-0.9679596263697363	2.2962166248811675	0.788068145719593	-0.370742704579608	-1.4372524012463737	-0.3373980670196303	3.1458941548252497	-2.400822059688641	5.810020447253171	-1.626704445355801	-2.52554709503941	2.132996488874261	-2.945329271516274	1.8831601310547448	-1.314748196034772	0.7717587274226873	-0.9454475382407672	-2.020811523213957	0.2200725189423019	-3.000631209531684	-1.8683514052990198	-1.5729612990162236	-0.6250384143944807	-1.3745734698600054	-1.3943491127379735	1.0444397253694002	2.3750397630248057	2.244981304293165	-0.9076234660849499	0.5068757507414869	2.2251265972738787	0.9134287692052857	-0.4531461958553	-3.1055206347230064	-0.38534630610476467	2.823058540599024	-0.402470604931262	-0.2416503118383552	-1.1360354901795127	-0.7870574573410161	-0.1335765654880088	1.0948337346945511	-2.1999200017070892	-1.076908637598605	-0.9554230526061616	0.6740314931433528
DTXSID7046201	8.98399854836588	0.3804705183709851	-2.370576941362595	1.6686600460261853	3.3068408364538016	1.5317998313234298	3.15531915593249	-0.9067703162514885	-0.410403583258229	-1.6160566750211247	3.5221495401000897	-1.464441138871963	0.8076985730662073	0.8008960190850484	3.246985974231992	0.01127864257481242	-1.8605189859216646	1.01748920981933	-2.342366259055335	1.8626321543860422	-0.7699747141908284	0.7137359919857346	-0.4465130635291214	-0.5519661045933499	1.8789014066093133	-1.0152554500199797	2.895336910464412	0.47667185259802075	1.070229770811137	-1.331480141920242	1.080528461821632	-1.7994012028933142	0.4099847747768604	-5.434805070008615	-3.3304761407715966	0.14751491215459675	-1.3919316005113653	0.7910837345686489	3.273208831800724	-1.235684508703161	0.4585815353194881	-2.909714323477659	3.028396225360742	1.7110266833129237	-0.8595379503620709	-2.0276428044994135	-0.9019178242133792	0.15545778060831686	0.6075179665780179	-0.6668594418853032	0.6702235027995692	-1.381673961913427	0.6035920625865675	0.7851666551535617	-1.7223546952683608	2.5989412197326347	-1.0737993653528135	1.4763563983894081	2.977691528044863	-0.5091387970531932	6.942275240950612	1.7135800091324647	3.516797179570839	-0.20631389333817282	-1.4156681848321986	1.4783754108387248	-1.275388000715407	3.800395674610239	-0.8621263966880139	3.195546408368903	3.087128911228917	-1.5410266618346584	2.1504206941599464	1.0579892110348552	-0.9945348383268743	1.9825570326701973	0.18056465384051493	-0.909736948810102	-0.8484349605526006	-0.6010962552272494	-0.1889573028861991	0.12800389382752073	-1.0816827214931304	0.634087998787038	0.9894074549137866	0.4335133960355733	-0.5607490996590905	-0.9099081260406227	-1.2718573199592131	0.723621076415217	1.0767268869507494	0.4144208628971894	-0.2599681317571298	0.6939337382529874	0.3819127143412496	2.8486026811375122	0.7091085660649492	0.46794759211456965	-0.5053514707521236	-0.04632378633192012
DTXSID8046456	18.178725140828945	7.203283990864088	-1.468838061511334	2.551447951450818	5.181304817678187	-6.271173662122045	-1.2681148116175769	4.46934221306137	5.274956824954308	0.3917115701099745	-2.816145604684862	-0.9615056448806338	2.281403221189716	-1.0799221858230297	0.6428655157304592	2.57162375367348	0.9473907470874585	1.8442226102821389	0.2992552697264285	-3.173820756729397	-1.9117940282506962	-2.1878502014812904	1.1892596512214257	1.0681346872355775	-0.3713995635189614	-0.5068742784413806	-0.29420067271080674	-1.2575597618807126	0.25780058247572946	0.37254403119662605	-2.2225642384184163	-0.979544177782987	-1.4980074621559314	0.8622096671860802	2.5715003705467057	0.401943101894408	-0.16057748491592283	0.06363044555746807	-0.5496085025567352	-0.678250542857289	-1.2406571932002914	-1.019493893356662	-0.06660269336879977	-0.19344998152526446	0.030432692715206624	-0.21474615404398964	0.033842965385044235	0.2233563015937145	0.06572184597892504	1.2159206560083182	0.1796813720426539	0.6713843767744643	1.0779251229012234	-0.6690968571159802	0.750516317276254	0.4498573418288412	-1.0732929254082477	-0.014576064972270273	1.1621730776867225	0.18010777445250628	-0.26345341030425123	-1.4601830647505663	-0.44397514049554854	0.014124306326277645	0.1692968347290194	-0.28548210473660895	0.44345854948820035	1.1748332628161582	0.7910830374104423	1.4554156601247756	0.727196287822741	-1.6472757190925476	0.2778213851306007	1.7784604466311384	1.6358448532017764	-0.7806425243971924	-1.5262565454906785	0.5685743476839307	0.19161664793765673	-2.333175558232995	1.817109666426077	0.6392525849532193	0.44008310654567784	0.3379130306108907	-0.32572750924412797	-0.9065831443886562	-1.5003359152407953	0.3585195252178187	0.3443933326428298	0.4616031215426896	-2.0296483879034626	1.2481654174084136	2.2005351003368734	-3.5721462821378953	0.914915819527573	-0.2790914957177771	0.6695321752655853	-0.025750900564531522	-0.19805410247325175	-1.1311667118790292
DTXSID0021414	9.029629331560589	0.5155287044675181	7.592706764850849	-7.523368227407712	-1.3696813518278446	-3.1559531473922204	1.5179966385107135	0.7119103304751261	-1.1756709145324418	1.7653782656403856	-2.003348896938253	2.3171961516863417	-0.12192903821228927	-1.5973513221072821	-1.7220719822329036	0.6214195543512766	3.748756847338827	9.336637847447754	3.7835676818274724	4.008585231524191	-2.490964697627917	3.779859525764419	2.379555566898824	-1.0312937901994468	-0.42800187134427276	0.9042827595157568	-1.502842747816659	0.11249543741516287	0.10803206940622428	-1.2476058780533037	-0.08211281886716637	2.098502336287075	-0.44252396706074637	0.2646827395150796	-0.6630491351434757	0.1499101738149457	-0.008538340145953671	1.2150535739921824	-0.9338078270961621	-0.2690980326320772	0.6143859490883646	0.4300056253283794	-0.4193850090198271	-0.516719446871698	-0.0309847788161505	0.4597927115566467	-0.6620759752873643	0.16657029076041238	0.15952146087430963	-0.5354306880238471	-0.05570298974232099	0.12089794508591004	-0.521546770887676	0.15325740397902632	0.039899864707638955	-0.28692727393545353	-0.12947138242807604	0.6960177252123204	-0.26828966660766956	-0.4040001159644023	0.09589999290458368	0.27590490096687087	-0.050024517521357	-1.6549784713892528	-0.27970157570321236	-0.644047161595564	-0.4698625702276658	0.34560294370324574	1.2642587842859956	1.3231689622037404	-0.40100246192339567	-0.34807882297541165	1.393987105035679	0.39427578993573315	0.749641374396643	0.5302839538728306	-0.2957796730697284	-0.5374177740255218	-1.7002340536964335	1.2052628084120856	0.06891208951240038	-0.5841134609665877	-0.6221258822771643	0.12324310144452776	0.48236753104811425	-0.08167832743790747	-1.02356470747645	0.878669140746638	-0.631634756415494	0.5965549957448496	-0.941713804762384	0.9932612871259187	-0.8785557728120944	-0.08262503568131857	-0.7523620183780196	-0.10646787593586925	0.1430786846028902	-0.10828720243359966	0.23025193008034742	-0.7115218283182797
DTXSID9040685	0.2459912351347322	-1.1596788138405147	-3.5804809201400665	2.4663710045080594	-0.7601255912710432	-1.9261623126551974	4.133509200140418	-0.6135449045405965	0.46360769706596167	5.1055179854878645	0.06292996346496182	-0.8660247251605688	-1.290356287916069	3.081705553028345	0.7869124770430984	-3.297886936347152	-2.282515922016284	-1.3069091903787076	0.238706941264998	3.5999629074857826	0.15411743073204665	0.29260924078768447	1.2698516331721224	-0.6815915414494003	-0.04971832428659305	-0.29422110604879587	-1.1852409192282232	-1.4234620491057879	-0.21849778772720427	1.1684506280524494	0.35683724635705283	-0.16085849413397107	0.00654692379591596	-1.2972693479200845	-0.7298836099821302	0.5097745815321759	1.2175151439353007	0.09444444920533802	-0.4790158194904236	-0.47553455472103423	-0.13728099639620917	-0.029322643009406173	0.21472039999629153	-0.07496481657049149	1.482690546976028	-0.19151373477542918	0.9145851667429745	0.6719316081218991	-0.11413945185415256	-0.41905357595442705	-0.18680204694117272	0.6675587541652964	-0.13932712759853189	0.1205079566853194	0.2890894667871927	-1.0161453433242766	-0.3817369364932853	-0.3311810302099206	-0.15268771744231174	1.421739530752995	-0.044412346126127523	0.2060855895470407	-0.906975955190765	0.7123041257468399	-0.1674646693758993	-0.4946396977681124	0.8856906012601665	0.3381471355019161	0.8944335014578052	0.09235440567860244	1.4565271375671065	-0.1824108382187148	0.8591510741256174	-2.24532406578813	-0.8444457493985239	-0.06755091817210024	0.5281417634888084	-0.6519789017504997	-1.7528342839672768	0.8187913568437472	1.884637443329623	-0.8839998434024482	-1.7021911632617615	-0.2877446186744897	1.7234231646517075	-2.3825574492010757	1.130659979190039	-0.234394045283217	0.6181658910515986	-0.6387728869510231	-0.5917144027908312	-0.7106819593025109	0.6958928643902093	0.7091456471323457	-0.4790123537245493	-0.08445847124730799	0.0070068470667449465	0.4150106088092262	-0.28995245613646325	0.03565766240959424
DTXSID4046602	3.3407248901480053	-3.7243639770647126	-5.755071127671581	0.9675918532011655	1.3474152143311624	0.8391248062064194	3.750286388466522	-1.636815496702207	0.7626970140779166	-2.732807524929192	1.2955911666906337	0.2301823854116136	1.2428912233815097	0.05782600347775506	-1.625747106274594	1.9955712138906807	-1.5720788076636236	1.3754230965748786	2.6340508165445935	-2.3039973790795276	2.2549003180397533	0.4833955274018816	0.7967337580354419	0.5235078227365162	-0.7524174688922589	1.0807302253303361	-0.21548769588594943	-1.0814086614759475	-0.3364004337024934	-0.08567787446060914	0.547018313479885	-0.5966839420135457	-0.277056038029146	-0.10494175217698343	-0.07516508178390374	0.3278409707048014	0.03939732351274475	-0.33629482743901074	-0.7191614991348206	0.5431264752989119	0.9788197438458045	-0.05465939233360271	0.3396980617011519	0.007138223406154488	-0.3442584360157692	-0.6576445758224491	-0.36163731314132486	0.1604965428114514	-0.2707116263896107	-0.1985048577387613	-0.23521233655376264	-0.5319971898910478	-0.3311010363989872	-0.34098667361539076	-0.13378216088825215	-0.4048083629781674	0.838708181654583	0.007846588058343165	-0.29051354678061214	-0.10097747985802151	0.09701374225110496	-0.08300745266529115	-0.4500956607227353	0.028266821995805505	0.10717066544823302	-0.261551821557207	-0.022429506998496572	0.9227154361071466	-0.07105490488679056	-0.7324706619428561	-0.2333822263505963	0.20042390573811206	-0.09457878860827591	0.4898817476681654	-0.3296749795635273	0.3543383703290942	0.2172158235601087	1.1015862178506846	0.5275517371799223	0.5371813829283413	-0.22546911265178204	-0.1807631126029329	0.050931585276104106	-0.5614836821959927	0.5467549105849129	-0.08964616250168511	-0.7593864469174861	0.5234308107792056	0.0010643789640484673	0.22452654055236418	0.5384132874063415	-0.01413682118787241	-0.6423030749853947	0.6077966458359298	-0.7587810380236013	-0.5856899874983591	0.40585929621847683	0.2927953714153566	-0.36887833108102025	0.08970266779651512
DTXSID3044887	2.8088937101968523	4.666753512052455	-1.6672703048071198	0.19994503146628143	1.966288698464112	-1.3558283035528904	-3.202833389863132	0.4510609869218003	2.50277293863832	-1.8102184173935922	-0.6944541295469168	-1.1853953351366053	-1.268352306540054	-0.08468106531079123	-0.42857296639610537	0.5373985754921193	1.2054952128590057	-0.7831077854305649	-0.6157003318332471	-0.6736527219961366	-1.7869507845555577	-0.46060616276221183	-0.9660021995425394	0.08678291857826974	-1.4593535045130972	0.7750262294458136	-0.650548181066339	-0.2668208078614898	0.35027722723765387	-0.5142102728237695	-0.3421053234739061	2.383719733987203	-1.573005242335677	-0.3675876786619112	-0.47961847707285976	1.7875197926991513	-0.16239393242248182	-2.021622108201465	-0.8492429364753966	1.1584099850138119	0.22011522997050204	-1.161079273754839	-1.5008116221081156	-0.9963578123432028	-1.0357283194808993	-0.6566398534000637	0.16290934410422908	-0.2796369297624276	1.095110885340391	-0.34349501633841045	-0.332743872562866	-0.22460960576130254	-1.3005250096366736	-0.8855098199065984	0.7911668336887288	-1.6648316367828724	-1.3221169475657815	-0.15241044078701863	0.02880200058610772	-0.6062846076389747	0.5941839276067231	-1.3181706694526567	-0.43808576600099836	0.9146668905946301	-1.207465861351146	2.0324480442967707	-0.6394270758106829	-0.09957455055256306	0.1845776903652662	-1.6270620813371917	1.122403064442821	1.7688041803580168	1.4558418972242315	1.6042755957246297	-1.427392536217847	-0.4858500784740455	-0.2489180893234236	0.7521969883768403	-0.2285539230399503	0.47356320972793264	0.6408990482935361	-1.135831882171975	0.9150014140257452	0.22030705853652188	-1.9230267589063645	0.22130421715359538	-0.4223157644755465	0.29391469611152865	0.7984892000514517	-0.5703836382862498	0.15081260218655151	-0.07142789003443091	0.7309798704275835	1.5125731935352573	-1.0642481170713385	1.0910861362110187	0.4894842724720734	0.4378458328680161	0.5075245311521391	-0.7086382026759179
DTXSID7020213	-1.8396608526701408	-2.686439341334578	-2.749242294215798	0.7808305352650426	3.237530760044347	-1.8185312168666556	2.173317880043676	-0.66655513333957	-1.2241220098211223	3.0702753909796767	-0.3530660552516688	4.028348010998004	2.091671497646265	0.05173226647563966	0.5176203245904591	5.019989485698465	3.4203227083363354	-1.9410434814375919	0.32055074734005456	1.2343168820681774	1.7147750757897726	0.019273083125281427	1.4063806635796785	-0.8713486750635369	0.4834049769935263	-1.390875456205377	2.1663106745983325	3.6672540194436656	3.742832200939603	-2.8609140113193745	-2.194377669427107	-0.5476419644209792	-3.2789078668178138	-0.9271839481087041	0.9578214240885601	-0.634261381227411	0.9055558317932453	-4.489282137544305	-4.3136716045672445	1.133427989894745	-6.606427927591775	-1.776234483671887	-4.743148508780507	-0.05611841195195689	-1.491881800922108	0.7059226624029307	1.8729275385938424	4.956798173550048	-1.840916527573176	-3.7078154608060525	-1.0309168334977425	-0.8067523297784025	1.0726728437510678	0.5661670518115935	-1.2283370444648447	3.7588956402799534	3.8552936214815796	-2.089702156191581	-0.9600190260692029	-0.5165149207545906	1.8212381653017415	4.433021253207238	-1.7608350286048113	-1.9012729757531381	0.9796140978381602	-1.0933185677374595	-0.07565352229357311	0.13424051755055083	0.25193955568863724	0.16582891164895847	0.5067020283551417	-0.2864662822903439	-0.4644329448241547	0.2808562122093964	0.30522386538125323	-0.3766168495556354	0.6198697159088067	0.33110252922251787	-0.19527897152793766	0.2695310751555158	0.04021556760078895	0.6533034665437447	-0.718944555530091	-0.19183933400613842	0.21121927396867937	-0.25315266300290956	-0.22348536073431102	-0.21695947728272896	-0.3553179460565594	-0.35163435708834395	-0.9697218420317514	0.6222194371282852	-0.6631838171958578	1.1251604481448438	-0.19312868049095008	2.09321272871783	-0.40335401117840014	0.17060217918129117	-0.23139449090027703	0.9358244060757276
DTXSID4040395	-3.0411062127440522	-2.8369522152737088	1.9456498822121413	-0.6298841598729232	0.21157307373083728	-1.4380218538434917	-0.6899498213300878	-0.6025856642159935	0.021063712378142294	-0.5721588587727194	-0.17442499011151222	0.3507073594794408	0.8150231119315382	-0.14234276168653673	-1.1175597143727953	-0.2229823493980249	0.738232567544084	-0.3168563989094197	-0.26629526158523026	-1.1354603690941651	-0.27627932428213353	-0.37437683539389416	2.629239683988603	0.14318533072023992	-0.9388118227945808	0.6783839234956676	0.3766557960714935	0.2518965154540923	0.1368220138712282	-0.7081356986890235	0.3342000636121382	0.5476875682201253	0.013178411680487502	-0.405940709846177	-0.41364716509997235	-0.9259958305953602	1.985445580212298	-0.6273997290043446	0.3046959899326946	-0.24330972040493726	-1.4145894435398398	0.7070078575165418	0.612508465690958	1.8916870278223639	2.598384615787276	-0.1546364002723696	-1.9803892708447606	1.3863493182535849	0.9936726667231329	-0.8683489986602171	-0.15782312527748651	1.3265591172893443	-1.4228759454370214	0.0005642508956374046	-0.259988753648404	-0.691344672271445	-1.592497660796268	1.1318460905612702	0.12262443175523008	-0.13587038420868158	-0.5984840725963662	-0.46109049629004906	0.12983647405941456	-0.7426220695678705	0.7697889699472961	0.32969216266783635	-0.7427433759816867	0.8482685006915014	0.14738224822016124	-0.24604437295971895	-0.35585893960042425	0.21952920057722897	-0.020349289343893445	-0.20029891585071602	0.221916267251293	0.3742792650314018	-0.1290156910655558	-0.31614125639865037	-0.38768786653566195	0.12554142192125353	-0.9846816911683834	0.4555700324804284	-0.34086195259700836	0.5371621418981246	0.10874561502371051	-0.015396467826437091	0.19836896468426213	0.6772482973975095	0.234593632090317	-0.1387475809136865	-0.11064185186102277	-0.05661270786065472	-0.24115308028810964	-0.14202705200588198	-0.3392174856084499	0.10381149083133279	-0.123904975736185	-0.11806697266145609	-0.12823451791477178	0.18845676164870975
DTXSID6045909	6.784767302331105	0.996111829171043	1.9434838048419474	1.45027603783038	-0.14118313618656947	-1.1931808839417881	1.1377263964373976	1.8240860394383056	0.3060116979095333	-0.9005276089112267	-0.08497237684080151	0.43931530722696926	-1.1769684195268384	1.8194831145770705	3.677442161102616	1.7827881439165165	0.9545541561922537	-1.1509178636168549	-2.819065235779922	-2.685178931638371	-0.4160703063101916	6.273014037412715	2.3552879420591695	0.660216481165719	-1.060094046479647	1.477183495389807	0.038052857624746944	0.013005765218921451	0.8214876886400658	-2.6957249013218965	-0.971319598615407	-3.089764817503705	1.294331314670397	0.6609810463779563	0.45066220754577946	-1.660165401659061	-1.046567777937541	0.7715124083434792	1.2559234297661381	0.7509402195562869	-0.20937122153341073	-2.729469252167894	2.828724213910275	-3.5057330829921964	-1.7663318640441508	-1.0780719932807488	-0.9631289259155632	-0.8285351141310877	1.5245875949081948	-2.767326067427535	0.6644927957745015	2.3904928624842237	-0.4273635977606383	-0.46508291373920946	-2.259209299175227	-1.2301095298873754	-0.6584801328224327	-0.24131787072694585	-1.2559321376959425	-0.7151954224095277	-2.171337196834021	-0.443901889614208	-2.9959492196063953	0.9853036152053873	1.382231634187132	-0.1663126905195757	0.062051952403140584	-1.6657411317666129	0.6239143803702085	-0.4276644873349287	1.7561293479578846	1.6218912598895106	0.4395876913585642	-0.532774423773626	-0.26690540770723536	-0.03810457897296525	-0.207746280996718	-1.5029372157292291	-0.07434130424824366	0.6349458039058878	0.6579445465833629	-0.038929659097864944	0.1595003205272105	-0.6823239021118951	-0.11220203485508048	0.5210716370851689	1.2168655427287645	0.4753359012746718	-0.6347096171428511	-0.07501151017201496	0.3802288559774704	-0.20261788764543	-0.5909666618310084	0.5297940483292108	0.44754224157861794	-0.19396758311412066	-0.03177249315676649	1.1738123278572383	-1.3337285908536034	0.5784054763236117
DTXSID0045674	9.886255284879494	3.7738099474795606	-0.6933585424074767	3.0728489303339606	3.8287392025188693	-4.339068481509017	4.927476778178186	3.920203943678974	3.6362775133339817	-0.5591095197942046	-0.972860314911506	0.7373746948986588	-0.3530043264047606	2.2169662350482455	5.680032648433394	-0.830641212558546	-3.9156552359626406	0.27141089599053353	-0.8807536241972703	4.554781885803433	2.0186828375044494	-0.8369330621142201	2.8357337493696138	0.8910466481862639	-0.16314461037977235	-0.48422422862801495	-1.6912203857280135	-0.5382651517545803	-0.6110058758841188	-1.3354839083844978	1.0055389409222784	-0.882664458710393	-1.2383628362008459	-0.8659763910263606	0.6364084568760019	0.622681796039791	0.2951502823768182	0.0637809181806899	-2.4808268317190127	-0.2986579179015005	0.84023052090636	0.7311738156334623	-0.04139239067345082	0.3407486335888992	1.9051104603424815	-0.22722490816931046	0.9708892049179004	-0.3745268395271952	0.8755345081287005	0.1739399162198106	0.045872516693405425	-0.1081264778754052	-0.21096887619371665	-0.20625907876585606	-0.6649226005878017	-1.0103303384558113	-0.886921534645327	0.9903382932651237	-0.33737475377830034	1.485971693732239	-1.3566427043242022	-0.14234306822025564	0.31827834053138016	-0.7132048647237408	-1.165906193046889	-0.7427117272750152	0.0008762918181323413	-0.16432900774400278	1.8385456250312289	0.2644592425027326	1.5781692176873643	2.683153327805673	-1.2252487787369377	-2.9617689494707116	0.8509516270222217	-1.7243775481680814	-0.9040625755633759	-0.25562052942703267	-0.6825467128885029	1.4176045468817227	1.0594742570812676	-0.48170277412064266	-1.6293882265569926	1.4690830874467216	1.27847968133243	1.6691928391174833	0.3967103127467954	0.9911269317412407	-0.8312872674020527	1.029261254465025	-0.6678933512233575	0.3027826378314937	0.041163359557349746	0.02000336940031219	-0.6335161067067935	1.6875032133520615	0.21930883795388945	0.7184623988752472	0.5753980324016144	-0.5967440027205615
DTXSID2020767	-2.844733467769595	0.7815375735059712	0.4279107121134859	2.095148522576447	-1.716782640604967	0.2557075483373092	-0.6114506187586887	-1.01762221533405	0.35818478145767985	-1.646179843678119	-1.3010825154139427	-0.49159302128984733	0.1384747944963432	1.1171463831719934	0.32966430838083594	-0.24631069751369894	0.9136551188892016	0.13886011618071348	0.614328097604021	0.28491870287590837	-0.055332137991314166	-0.2930566715808766	-0.2470126858525755	0.9858220671468658	0.1800797366344251	0.107230627805985	1.478654517387247	-0.35812049013232744	-0.0633502652815437	0.6713956905263588	-0.08882237023482421	-1.1488454997117272	0.3149445866929997	0.2129628100360407	0.24807267913929348	-1.1992034554605917	1.5031357292646654	-0.5549963241467737	0.6821831807669722	-0.09151671184584735	0.10889810458303949	0.42143649052603116	0.18114057654282992	-0.15318097328087274	0.22212303432635136	-0.03823175697967166	-0.33728479954984864	-0.21718715543041878	-0.014490814361959186	0.32286418842143894	0.42107354283440135	-0.04404329788971104	0.433823534915942	0.1253529120401273	0.2666418454836112	0.10100296362268726	0.5422293158412648	-0.44052108856880445	1.1987544429595742	0.9209649234748873	-0.31094236024622485	0.7152354839340065	-0.4567293774985158	-0.33892017419910775	0.016668004452678683	1.250463754164201	0.30595922599675995	-0.8675467940153955	-0.49019751293997654	1.1018779481218437	1.4671895953162648	-0.8315188500570412	-0.4564748447961197	0.7581990738294284	0.5092695784676491	0.17105591315962	-0.8587095836273179	1.0445223816422173	-0.2062432530820428	-0.1919744541020066	1.321675838989713	0.10787825561172466	-0.0982148421591637	0.08134204861722386	-0.5477821228814439	0.2564983564319431	1.1839938861156676	0.6334329546233188	0.5338409172796028	-0.6590350315917192	-0.31148182282541403	-1.0384114403297147	-0.4950140678033462	-0.48761445584792085	-0.323772780589237	1.0012736562249327	-1.0762531061141851	0.139718831719841	0.5588636482647565	-0.2781827143705143
DTXSID8027323	-1.1732849879101315	4.101523845191136	-2.294609551526841	1.8957146203373625	1.424212959544013	-0.013676080592750089	-1.7588766547802401	-1.721094006662102	1.6933844624765486	1.8043912578741992	1.765941583881519	6.470679877760346	-1.3748440214727082	-1.117691263249006	0.6967065621937512	0.08980954795912527	-1.3851787667052848	0.8008802167399387	0.3821478498946634	-0.6255563504291229	0.07511932004546956	0.4650083003420671	-0.013767030987381683	0.14526982551242412	0.6673494669113011	-0.16931341099198643	1.2354461944344752	-0.10478570898276396	0.355804482306068	0.7221773113822982	-1.020704270102166	-1.0999785561095927	-0.5707451515618378	-0.6368888013254067	-0.2956630545554223	0.9097571554236411	-0.38846812138380926	-0.12844644825197912	-0.2988497087638858	-0.24638704006951406	0.25228643485182295	0.37211836872755805	0.27825255098780455	0.5934525786104087	0.6108717071174764	-0.31347646274146795	0.7588760449439589	-0.0036510150614427776	0.028558525748267678	0.421016548447714	0.0035506403298762187	0.13472550542004808	0.5039640486129771	0.03913855010586118	-0.4750024289182273	-0.6543053825278472	-0.4503578939808261	-0.4421603665789321	0.260908618329445	0.6152293133037298	-0.6712223627335719	-0.9536499103020889	0.37117493528142276	0.4629697343022407	-0.1409098236170619	0.1219960009438323	0.12488437090721956	-0.3532104978368064	-0.057774865277181606	0.16530209814191602	-0.7916366679920998	0.19511067994701603	0.48086425719007775	-0.16085879954358007	0.08998618948827632	0.6356166281919514	0.4188888754119814	-0.6250242334380196	-0.4206671773271862	-0.45412989366639145	0.005643140243008737	-0.8137098245518692	0.7121675002356057	0.5377776165980794	-0.07457960041032577	0.7349649441811981	1.2749334908720955	-0.9294286965098749	0.8194954847593915	1.3149803250182874	-0.02010568426494788	-0.23974934365700423	-0.0012423497705717843	0.6158283092597091	-0.10644009726922933	-0.2673574522232995	0.07090231749000948	0.08489411400582597	-0.03197612068531838	-0.3082860203980326
DTXSID5044782	4.544784499764686	2.350540887173915	-2.155570826570828	0.9604578058616575	3.1694383695411585	2.020257061454618	-1.9270811546940785	-0.1546090173490101	-0.22927183125838954	2.0426100200644752	0.7325975034712496	-0.08796159504226703	-2.0138903850675534	0.6560838097345985	-2.8294975961150723	-0.45239870002450766	-1.1115612727923014	-0.3847262474504059	-1.2151103579175826	1.0573488060716163	1.5455450257521806	0.1734577739849329	1.0016094238090054	-0.9552426938322697	0.5445570484701538	0.7393625627727546	0.011909762104039386	0.026480898844776748	-0.9562000722008439	0.4317891663062114	1.3573738974595695	0.9280049623570279	0.963796060409159	0.23890594005693758	0.43139694158525665	-0.5578175902954222	0.0959525119357178	0.49135317752678076	0.14924001858842284	-0.023794562378913614	-0.03231368414106225	-0.11929709002113308	0.4446645770418862	-0.8433174887812007	0.09076620005035461	-0.21640554680150792	-0.05347333146755125	0.18492664180674118	-0.3533780362830704	-0.22189624934831162	-0.16517899469053723	0.2652113999735368	-0.28744141544712715	-0.14479870289273342	-0.033409917742643847	0.381105013339725	0.4468971649517272	-0.06754151010083902	-0.4491019709801826	-0.5393792124732572	0.2973698575640578	-0.046093437627793624	0.023653738694178007	-0.3684621729797357	0.7598949809541792	0.29584966324898004	0.22911092706763206	0.42767227628998744	0.46612181123735463	-0.4751303828872323	-0.5131557413231904	-0.4293554417841048	-0.29063509753616973	-0.9718284965333448	-0.401265913809765	-1.2230918168293718	0.0880031976881023	1.4233233929919933	0.03855238007834736	1.0631745413946694	-0.7142861748826566	-0.6808625233849301	0.18657749994461728	-0.5022342611609185	0.5818140054905928	0.4068898801787879	0.8322738553983782	0.5427236517335994	0.2787141969298785	0.18426069449294763	-0.018501519310270147	-1.0630695842274842	1.2146197528847347	-1.2858111825114982	0.6096628542406659	-0.06246853469631475	-0.523671185790745	0.5988275685821056	0.5684070589163114	-0.5829365425848256
DTXSID9057680	-0.7530085667571003	0.06590569988375666	0.9023577695825449	2.006422078126499	0.2796011357533249	0.22954840481195748	-1.880737297603643	-0.29827467071496083	-1.3372636181994064	-2.1007628931990663	-1.6196618596355046	0.04234716667221606	-0.5183356593040886	3.988866103336812	-0.4053396932649723	0.7008024169687015	-1.1086773089452078	0.6394756186815812	0.2461337665728342	1.4285434430146837	0.4643408576606282	-0.7400311370129526	-2.3475905513837807	0.9557375792959616	0.4312326110610842	-0.5882155476520687	2.8249656965870815	-0.1332484456010661	-0.11953023143839928	2.0513960436151066	0.9863076339522383	-0.750313836822282	2.35300640764739	1.6354982484263225	1.3622800919408165	0.5701789315976007	0.648095285000363	-0.7044688435624303	1.4652267276150028	-0.02234980910824693	-0.608547657662493	-0.15255915663859856	-0.20900917965609636	-0.6835557191124016	-1.241048458620974	0.24913418081127053	0.03894613024460698	0.006818767401765063	-0.46391569314550796	-0.7901841580996821	0.20033044396129168	0.4217050017052532	-0.7127148451275237	0.23151265509881516	1.9539091309087098	-1.134077647296842	0.1899538795934175	0.07284751741307659	0.7963364333201224	-0.8225083760414038	-0.09002014770694525	0.4763016192424241	-0.764065568396781	-2.4923876955544215	0.02499411416250719	1.2509208709949513	0.9244274786443248	0.5190964362464303	0.4275193507364669	-0.499556925884839	-0.07798627115371516	-1.2959519232664167	-0.14418612640178793	-0.6541352664507112	0.9325114105528605	-0.10409840122131615	0.08888960295774523	-0.4628763473362372	-0.5211833969781927	0.4925255726110333	0.5048173666960196	0.40318261380653236	-0.38562377073984966	0.33054521533989406	0.3042994848901249	0.06485637052087789	1.4654798336565085	1.5737194987967724	0.6125420084626677	-0.11938397105647232	0.19986750381746538	0.03882805579185263	0.06414355996580062	-0.17667611594445537	0.3475755856329288	0.7006013550982239	-0.6234622107186588	-0.5080201197108578	-0.11020465294617791	0.5082316842808872
DTXSID3022584	6.305481487705439	-3.6468158548954017	-0.2356633745803724	1.824792562434037	2.2157103561258262	-1.3449098705380225	2.0792430565979214	3.5617859626432127	0.8608421419123587	-1.826139496284428	2.2135582425640656	-0.38606086395273637	1.9428923622333745	-1.7260549200274968	6.176065153734549	-3.458583910173729	1.5155792997666233	-2.1655399725206976	-2.4763571676867673	2.4468492493498197	0.6772118901209997	4.396001042446032	4.81080283519098	-1.9462837892149953	1.3025641086701698	7.209051081646155	-2.6520515647584446	0.8076375782560322	-7.493650688991396	5.170932943212002	1.7092028218797928	-4.78888061631346	-0.3455441704083252	2.3903805724381817	-1.1061187157621604	-0.10389026087717357	1.0069951436196922	-15.744438053077545	1.7192536661642595	0.3606269814651193	-0.6491698420152344	-0.23507423305799827	2.9631796246830007	1.1448364200514927	-11.299145742040116	29.974875191003576	8.123575898720684	-9.465251840386564	4.19230255952214	10.095143964439231	-32.99454603603024	5.234080643797629	-17.782108123847987	-7.0071233040749785	-16.696450733177798	10.142794667197387	2.823367948242221	7.414590199382683	23.124917208804607	3.098982750685956	1.1128024064988593	-5.825284399822376	-3.729089748805624	-1.4737485691435581	3.3665653155744852	-5.149489230010383	8.524189198022484	1.7845247455353037	1.5167574231166905	-2.3388309746756235	0.4753426829119682	3.029724797651718	6.413220184889356	-0.6127331052702827	3.1072396761762953	2.7580349940480207	-0.8726884425245791	0.5390135821473453	1.559576957649331	1.885367634674862	-0.8414461239345392	0.15000545359957732	-0.5633488990056063	-1.9237125498658623	0.5284097779906864	4.317376673728378	0.7306594222822459	0.022656041321333992	-0.918234200014948	0.9142282262182172	-2.246093069843129	0.057155961432764385	0.14593951079717862	-1.3636383592222392	-1.0300773183769039	0.09777410309134915	-1.3840927240779597	2.86452619444262	-0.7612736085522342	2.029982512249596
DTXSID3046245	-1.1322059079072317	-0.1831574497622853	1.20455925935054	-0.25349551563025646	1.2136435218059511	-2.291437510281475	1.929324824341051	-0.3292878516666065	-0.9766497146221508	-2.4691712966361545	0.13287574680946498	0.3585925102640905	-0.008583301147025256	1.1084953791068395	-1.0039769015070914	-0.9811771666134625	0.010712575923217449	-0.7407374293772994	-0.22779666891743747	0.4286259526474371	-0.7386540965574914	-0.4191952891004264	1.1752548431683303	0.09274042377971861	0.2611783096002419	-1.118765493111088	-0.5183527310515411	0.39784997830560936	0.9350129748024284	-0.8161291932502194	1.453176216044357	-0.9887801765362221	-0.48017686797711234	-0.6805286058985395	-0.37848000266986015	-0.2925781095311789	-0.07577990945156265	0.5575686167804043	-0.9875355109482744	0.45905195916509833	0.5299173044228818	-0.16254550945355192	0.44335834871881574	0.9582743592815939	-0.8722552479381607	-0.07938824802400482	0.23135185622689605	-0.214224546080671	0.45739470071743416	0.45991275995047715	0.10602648452588809	-0.1724717891969273	-0.13549407063331226	-0.3338096902975873	-0.4318461339185528	-0.42971202415438925	0.395803781588846	-0.38857302072923405	-0.2634443367386737	-0.8099882747065846	-0.17763097290062785	-0.4483630815664933	0.6358728139013263	-0.40558943536998404	-0.3700186119701101	-0.28863441224453756	0.2014937174900554	-0.16697756385988372	0.28562852992101456	-0.06757067304963801	-0.04771936644250171	0.3520424384835256	-0.42905235335381814	0.08131453400262594	-0.8436691697911941	0.07080302228169871	-0.0952152284473005	0.09414757060970799	-0.2630362676743377	-0.5013771050641607	-0.3479716071065801	0.014307140339786178	-0.48555615028385285	0.2588302633451379	0.21413836328276004	0.22730571657938453	0.16862435684110091	0.13754777174474905	-0.016473002361812168	-0.3756444636266509	-0.13880084682746127	0.179030712612939	-0.007880297493317584	0.1333689831531336	0.12546920702245684	0.22451444944629576	-0.37991746055443704	-0.10258208385700554	0.1438513797800019	0.011513406293228076
DTXSID0023749	6.798809250774863	-6.304596758283476	-7.467832750742858	1.82070419539683	2.1894708492241257	-3.798172305791711	-1.2517348980099077	1.4692986230275213	-1.5721662821371118	4.010330555914803	2.672295403046879	-0.8679787290691634	4.532143899437316	-0.3035161995292723	-0.3243622473493936	3.836431174039677	3.5594457362346685	-1.1483767962184752	-0.15753218957694573	0.4517543495316241	2.050687847414891	-0.22144274238488057	1.144509108309005	-0.776648236457204	-0.59697253619293	-1.5009452818121631	1.3207425554166905	0.20378627148129405	0.7298744630942001	-1.0020967720903005	-2.5978520726732213	0.4019503724380087	0.41652254076506645	1.2020055601822928	0.2008181231221456	-1.0125358433564686	0.6339712332274476	0.7036618105281666	0.9813544732494495	-0.24549644318663066	-0.048184439478621575	1.6972196808964588	-0.2926324069092463	1.8243209430177254	-0.45796996881808205	1.1396665963240014	0.5567105222688284	-0.4855526303128919	-0.5566876395333025	0.8494804375691697	0.23915439993000595	1.0305352867884534	0.4629308216208592	0.09694425665865969	-0.014307065260254503	-0.3238717666153835	0.39175243985376906	0.09258874191194572	-0.0070344145927441985	0.21092113685130737	0.3372313813262389	1.092724842484992	0.5453327179505658	-0.18383440477950977	-0.6762059313253799	1.07446200326313	-0.38201923942529814	-0.42727413612886905	0.0395187513382694	-1.0768232571338505	0.09546151893704485	0.3923188936594737	-0.34489284874972603	1.2740259471678963	-0.31259390629723993	-1.4106388520555837	-1.6438453482199298	0.12014887338896664	-0.2079272317170471	-1.4928825329450717	-0.7050885873668702	-0.05645970684360236	0.5567028035729473	0.8303853741048973	-0.5029015573861492	-0.27418064532762476	-0.47928542945657554	-0.14072887161285896	0.1981586501599913	-0.32171916421325114	-0.8453298561990894	0.5697723162085955	-0.22122081887785586	0.30689392285088596	0.1514894966808414	0.574693148056051	-1.0386441171555882	-0.2539534072327696	0.09605386629176424	-0.24322435585188829
DTXSID7021659	-4.94396410394379	-4.0456218037179825	-2.2547092626817973	-0.9697400316780929	2.19238446054073	-0.705982870463642	-3.8691850983059615	-0.12647625640887686	-2.4400364776764305	-0.3935561197172188	5.569172277065667	-2.0557042836407713	2.60924588666022	-1.1674743583401952	2.023084268687489	-1.2122110289663013	0.3996661905215182	0.6608099138315058	0.43483962199967097	0.7346847458020079	-0.04242347859284126	0.77550284415981	-0.9324227409404807	-0.8493525678129558	1.1256174792468292	0.4766814716845358	-0.15790853455142823	-0.14821245719375722	-0.4862619549109438	0.46856611121768854	-0.15834695047837263	0.8404968184847867	0.3616239753365025	0.8462361136057627	0.7528732800562139	-0.9836633121147761	0.8941745248968678	-0.5574125900582606	0.8482824968800646	0.5557466687191349	-0.7984463177773515	-0.13568063607474332	-1.031813164498626	-0.009721200109759914	0.06534414415387071	-0.042847496793976	0.424102565117344	-0.7446951984908328	0.1526395475988102	0.004822006951277618	-0.0021749422610096497	-0.4094554791937516	-0.09005616329894857	-0.3652096319769346	0.40616111864657084	-0.31146994530406596	0.15967854305155277	-1.3177499351238937	-0.22590310789864082	0.5092553479639405	-0.5588497065060426	-0.5960892061730345	0.5842291149987963	0.6183050314220752	-0.0295340086556303	0.218352966926163	-0.927951491786574	-0.2518665299288539	-0.0544111685999672	-0.3062405070984678	0.6962038438464222	0.4055195436270554	0.0807963853079604	-0.14976291845138914	-0.6372927085378015	-0.22097533321275437	-0.16748227371707766	-0.37091596522589126	-0.09140974761112844	-0.40362702726003935	0.04405979409755018	-0.3006365308962531	-0.2603822652040235	0.0051129247048996756	0.6722970814681651	0.11265892837962943	-0.3276571116480858	-0.013122447559667653	-0.159748198730037	0.5058083865446067	0.10003158767674497	-0.1686284887916769	-0.625174908320111	-0.11734822395723704	-0.260146749444243	-0.34050220134662085	0.3915344632765441	0.17405764288171893	0.2812416188851749	0.021769470934602263
DTXSID2045492	4.62911112852443	0.4358697887224222	-2.4275092657944968	-0.9093308301159075	4.382120911593919	-3.8735835258372115	-2.744280513413497	1.5195640084464737	-1.3956815656351136	0.3420373598546574	5.1787927364234525	-1.7884699636960528	2.7810928864978997	0.06466232778997923	3.28926241816376	-0.964016808049203	0.4597034327438978	1.8168209495281946	0.02179133475679939	-0.3462213778651036	-0.5068492910630006	0.647777002824993	0.08144583326711055	-0.8304817159058444	1.6939084610941326	1.2357275319330878	0.18562974397591256	-0.6866986507569782	-1.0460832193958738	0.5732626012499533	-2.365469116570581	0.8329356184751467	-0.21197570726378046	0.9786593696187116	2.3339043166676117	0.2982349445818978	0.487695747238821	0.05147242399402505	1.3607527214551678	0.735206106180098	-1.3546378869482891	0.08817687020679287	-0.7852684772199365	0.371240357057713	0.7569387252826574	-0.724156011044637	0.710441995855502	-1.2100834278903703	0.17073148246371517	0.5143875374270503	0.34665064035313026	-0.20748684518113572	0.7846117676742191	-0.9803798727754642	-0.06394902734410604	-0.15725247654980945	-0.4732799937424326	-1.4535295737403389	0.6612794090524272	0.8355984973633475	-0.3606153982485535	-0.363775714810608	0.6182718599168862	0.09726144849540905	0.29348558857447593	0.16274593828289388	-0.27844881083926387	0.6702882608059729	1.2586610014244701	0.3283455471401887	-0.39747800821259627	1.4672563550846336	-0.9976593241342643	0.26273612727464757	0.10740372260699768	-0.9989400734924704	-0.5417573672840514	-0.13993092901917664	0.08731315918591118	-0.13057906263232733	-1.0667014271752286	0.5948971781457191	-0.15923379266323492	0.6759487479674665	0.318314555038434	0.13183069944152603	0.3414746545140253	1.1393589046889785	1.1184479280637558	-0.45180270725158966	0.10849926405823826	-0.4185072470889764	0.4268287117340017	0.005023399578113245	0.17495352328524758	-0.47376697485976677	0.45000585850351815	-0.16951870115812578	-0.18783611527996832	-0.34156622759202016
DTXSID1040295	-1.7516591658740903	-2.345064814772276	0.019638933052471434	-0.42109005750284917	1.5315462707738157	-2.746265064349401	0.6726689959378632	2.1988962663772327	0.7486745365824148	-0.03936953552421837	-1.5210527418063846	-0.504036882405165	0.7550055000024117	2.2409380205770417	2.1287614060902005	1.0514180799484085	-0.4568646327941266	1.0306801768469498	0.6396653895517787	-2.357020781391349	0.13448987693819212	-0.3663299285858802	0.07136908615762491	0.7760181869593259	0.4336424547450932	-2.5186602985848134	1.61357893215428	2.274330691421197	-0.20135209326567535	3.856143229771582	-2.032881073727137	1.1952407183291525	-2.1306188150110112	-0.7178229980822851	0.30032289139272444	1.8885363775947555	0.2195166473957521	1.0027620604861933	-0.7668917141839235	-1.782635882129414	1.7166141302273106	-1.1779830080657725	-1.4999536355137613	-0.8467456343273464	3.6530543952156584	0.6871686983924938	-0.7057898949067021	-2.3226244704583388	7.123744520458553	1.7244524165642112	1.3705937695911385	0.45952024085253573	-4.088914775784672	1.0712491793229124	-2.300265958971921	0.9105631880867632	2.8934296994691477	-1.2254790965102247	-2.7647826844319154	-2.7775558158892433	2.6873719003367205	1.1004962713144795	-0.7740992036347796	0.7487487537743156	0.1378901964480332	1.0128519539366163	0.38161490122897707	-1.8428913743782802	1.8511480999544427	-0.9727601889316229	1.7176814805577016	-2.008064741314845	-3.0593410751183465	-0.8156014579632958	0.11559715730014408	3.7523387321549317	-1.159385251207321	-0.8740983252291538	-0.27049931817444567	1.0887082088289401	-0.7973017246176127	-0.23611307659583247	0.09967156880118383	-2.3643215880729302	-0.8002813296686916	-0.2916247388084901	-0.5057808371919871	-1.1030010230737974	0.8157070827149983	-1.0692799599212786	-1.1134316572941054	0.22527469253669574	0.09565587242715798	-0.7027334316849043	-0.1946347541715825	-0.06618638080228204	0.4633404845463739	0.16912663478711054	0.043213627116536056	0.25202618144563893
DTXSID9046100	-0.20083548004269905	0.9698316212803261	-4.392196843312721	3.0722247639354285	0.8642883996258224	-1.9567970518325113	4.021780559459179	-1.0117217982401387	-2.5077085223642195	-3.473182156118002	-0.24652013708079376	-0.8091812195874468	1.4117838602788053	0.3555977104318261	-2.7843403854947044	3.1667530116891807	-3.9459397278929877	1.908375808672056	7.47971241341451	-2.4957100087103035	5.959208022190954	1.343185589128542	-3.5941503365847085	1.7918890607981102	-1.314278170800602	0.8420800753184258	1.0354117097383473	-0.32247792766155836	-1.3863374296181594	1.800582618485822	1.0237058455432726	-0.7922314797052472	2.419466057752831	2.073578678172091	-0.3447108037722719	0.524898959996322	0.3201997283337746	-2.1958394848961342	0.44478242394168244	0.4610813215185839	0.9623296933574941	-0.9346747346612838	0.8197774939740258	0.30038397544113826	-1.1566682167671516	-1.3513412192016954	-0.7921381399921283	0.024030332017001825	-0.1972511326380359	-1.1921998042294941	-0.061473791812445853	-0.9975761240129165	-1.0103106766845176	-0.1574270889608491	1.8034261414276287	-1.0994517244730433	1.096182798953334	-0.08663642328244074	1.7407708106848359	-1.2850447065996402	-0.4280007313516578	0.71951027052855	-0.6939432051172195	-2.289337926658329	0.1244963497993616	0.591068749470797	-0.0489100477594605	1.8560666348920356	0.9889792706477062	0.35786793456042787	0.21277931526949548	-0.6600730736496038	0.17666932025704754	0.2507917371450935	0.9727742501429772	0.5969338731148393	-0.050824658285009816	0.3229260303156536	-0.6565276393773253	1.032041491344385	1.4317797803731185	0.6982116121011622	-0.07257577382027017	0.47215008671304715	0.6182956744262338	0.169605538374548	0.2762697304936306	0.6300704521711304	-0.3282387641480969	0.1501900087697783	0.07395438179043509	0.36343484296179607	-0.4960618953974294	0.6982803406498579	0.3460672708603512	0.9500457323158065	-0.6434862224751347	0.10889939406396609	-0.3897428458864263	0.13594842504086302
DTXSID8045933	3.437222962515368	1.0993668390157019	-1.5329143596059776	3.420886205127396	1.135054721082807	-3.4402240681453806	4.382399734406558	2.0573999433503833	1.307390654747937	-2.2658233617643493	0.13904659264143562	-1.7461609897011223	0.4933272250080887	0.3947290759738858	1.3928629276247062	1.7303888593247034	-2.8297979153957047	0.5238017344205999	3.5108983789723474	-3.494753814113986	2.9238373656216914	0.9574457782578266	0.9810313189170873	0.46154456383385295	0.12708047982488252	-2.4135223062506928	0.6857741668206669	2.699893963720763	-1.5899836942002035	3.114293872998505	-3.328396059552446	1.5767207471608513	-0.19056711013218836	-0.4415996005870787	-1.3000442018969673	-0.10921463793416246	-1.8720705391020624	0.939012531915576	-0.6277031851590095	-0.7019199887031901	3.742234780484707	-0.9787413336605779	-0.8621827726694664	-1.7455861842905702	3.924164316169642	1.369151677956113	-0.46768771009622845	-1.52630315471271	7.195994946394826	1.267066015271649	1.1379765551849377	-0.16753542293799042	-3.9785524131192966	1.626950826399595	-1.9830504656386474	0.7082974009926357	4.721370478618599	-0.9369126729304655	-3.387257250001102	-3.2814629731020357	3.1571315959840365	-0.1660341952415871	-2.0987600389362346	-0.5518181055012465	0.6883746926327525	2.0507908165715585	-0.8547893089247651	-1.2170402579008517	0.7124762460641896	-1.1833998139683855	1.7832077157306137	-0.4196880867606689	-4.6328391113285035	-1.7692690646962992	2.3350493320528347	3.925627219118627	-0.19082594351327697	-1.3038567681787931	-0.22977199512389618	1.3568606659964848	-0.2152054283452389	-0.33998300866509584	0.8284741977624478	-1.031565069756032	-0.3833569280364463	0.007494664138231667	-1.476503210512525	-0.5438795407855238	1.0154271683867073	-0.5431455134993484	0.4062654529306059	-0.14734420650818855	-0.1204408391571332	0.3605735811758789	-0.7562569830947788	0.20129965701555283	0.583120427013899	0.07318883058688938	-0.5577690179046144	0.9805585266422651
DTXSID4026262	6.257484013270637	-3.764053652209172	-3.797656454740352	0.29876932165547965	-1.7898431255466676	-1.8532456854576544	3.70167831944914	1.2275800490892395	0.7721716380476266	-5.878100193320553	-1.342872042272195	0.12524438907532778	-4.363405825262474	0.955190612590727	2.8311499933210578	-3.0253194462084645	1.402015990607941	-1.545574036293687	5.0575338236424825	2.3045764000813125	-0.7066919088523358	2.854464121006312	-4.219421061657991	-1.8546727210669525	3.4020061869698526	3.1295815992215643	5.66111004821965	0.0015676659560286922	2.5365501760776725	-2.216679542927285	2.1398124270371013	5.534858132386194	-3.608211823603231	2.4238771622461046	-0.9283199545232895	-0.8751721847801281	-1.3561253051088105	2.491984387377171	-3.564089584625754	-4.717791139112208	-0.7007406326354778	-1.4938573464019733	2.9984464885916835	0.3877915040837504	2.316573743534212	1.7079954834903823	0.8623223997770187	0.7777377033190517	-0.31998908329517856	-0.21968392590385824	-0.38958479578939814	1.8835945718910885	0.12774902273398972	0.4071516921139925	0.7073382936667479	0.6075106245796495	0.4945353905715911	0.23457925558229542	0.8324680879863106	1.343127380461649	0.3021248917497248	-0.37655931499494083	0.4058897590661432	3.229495380447343	1.8409172094423165	0.16985527490546073	-0.8041557398371537	1.9222681297825688	1.623628590147774	-2.122857420070889	-0.3448373092625233	1.2710500756698584	-0.702859713492139	1.9927644253791597	-0.7720075721835806	-2.0692049056849444	3.096342403466601	-0.2514168034363213	1.635731031087818	-1.0108603447115774	1.132548088312445	-0.194469879773916	-3.1328467014926042	-1.6237521062211544	0.24557100491852674	0.245062206626157	-0.5384856116092621	-1.2150280498635686	0.6453278567010466	0.17109382339880383	0.4732149487134456	1.8276926476880284	0.5263233157848805	0.4970238342144155	1.6863858505228984	0.21761211125480073	-2.104847660270741	-0.767428396709057	-2.5483494458633005	-0.5160652255314343
DTXSID8033564	2.4402214447901156	-2.362968579224376	3.3194859986884606	1.9031121070552717	0.9658153600540031	0.4302662848772155	-0.6377404508037137	-1.1915218345386331	-1.5790290910527074	1.2818026081438978	2.595373121009363	-1.224077112709435	1.6327094214659426	-0.4037402947183544	2.0524896257286325	-1.1507661965141682	1.2482149184579945	0.8177056373425946	0.34190918934163267	-1.004583451519987	-0.18482725812624076	-0.2464121819509485	-0.0317845821289333	0.46924773466912484	-0.4012951445799207	-0.1009332267129341	-0.38681021858236286	-0.0808324791977975	0.06995950213266437	-0.22195060872035222	-0.255000565109828	0.2719058154910958	-0.11078018883789693	-0.1932465973447901	-0.4065685120538952	-0.12845293869443172	0.24998129531120966	-0.11013721224474168	0.3319070821479113	0.31160551362254474	-0.24849739526954845	0.04474663486200588	-0.5355221728477848	0.5044116246049608	-0.2922685802326669	-0.050688673907742704	0.11011663194881953	-0.45651547990421876	0.15625565228171912	0.09837571768550091	0.015553124345658255	-0.2292424196484834	0.026061426001107137	-0.13268885540734526	-0.037746582413989496	-0.19873868746223816	0.23585991112692065	-0.7307609054003285	-0.3955496892632102	0.39456698663761397	-0.47121451787042246	-0.47951938727860216	0.24990286291495067	-0.007946886571497827	-0.29342405309433384	-0.4075326583892867	0.016803666054060893	-0.16015325775729927	-0.43407736651897416	-0.6024374633334804	0.04949420676314353	-0.3745678171794532	-0.19733074806079406	0.19635119920648308	0.20829401276139453	-0.08266506019064074	0.6717148861992593	-0.09378410196038842	0.21088733153162298	-0.4664593205073862	0.20555706661954054	-0.28021380568834175	-0.17308704766107919	-0.21672082840348195	0.051571744828764844	0.23557819855202541	-0.12041974280922477	-0.2152472133132513	-0.5527837021889114	-0.00804882318143503	-0.37390347563261533	0.3671327328047756	0.09105570405764643	0.4962501235277779	0.0543632813751357	0.0019451667297431408	-0.5980586980342454	0.08309471524251175	-0.519414026131256	-0.18224635203436879
DTXSID2023195	-0.445959134385326	3.0255706224500822	-5.135223539689657	2.1558351256200137	-1.688937681340828	0.6932269200648444	4.052556988889391	1.8496595081061886	-2.2292091688841977	4.037006371419464	0.32756470193002857	-0.8683526944193427	0.19337086355108857	3.0128462659931707	-2.2764227836498683	-2.6742474531432183	-1.1001148642236758	-1.0415055379286677	0.08976172081785558	1.5605165837097237	-1.4980198989493034	0.2382502188695585	-0.9756939812502984	-0.3395872272319712	-0.9562337712867048	0.19243433719534833	-0.24738859363686222	-1.37471025716523	-0.17329559573675865	0.1759222169923996	0.48837299373591886	0.1024258695055992	0.6614225087707809	-0.668606640349448	-0.649464811658359	-0.48142789548512777	0.5795134867232096	0.3646174771785409	-0.26164167364372054	-0.2468946560567219	0.09833579950473093	0.9079479098467403	-0.7242059272717118	-0.8297860383964152	0.8849281588083574	0.4275269043018398	-0.2858698833433488	-0.008207358124156579	-0.2022451284938782	-0.5067955633373236	-0.27045088859736716	0.34788356583978736	-0.3622300736173036	0.10515279277888805	-0.6233152612682272	0.4013825269497312	0.17754065048023016	0.5346054154830621	-0.6540227655528118	0.4807305265383056	0.06922974826583403	0.14355967142613577	-0.1799759356570373	0.2669039551971167	0.06633792072073509	-0.2032385837268863	-1.0757511141531497	-0.5925415025108726	1.1594276474700618	1.0960287532121868	0.7855892255013074	-0.7139396861901091	0.3182323485235483	-0.013016071265185487	-0.22581830598944413	0.2986105294728522	0.27772501566221386	0.9389873516734828	1.034212944076387	-0.6142671047449091	0.6394954350184424	0.544257791768986	-0.9632802597718432	0.03309918298277096	-0.28585420888731655	0.01303291918442388	0.10492142606210711	1.1925861030907592	0.7325410416661239	0.06584257732598119	0.30162983923452347	0.27954766722201946	0.15673440646039866	0.3788126174987906	-0.4404979187105908	-0.3473220636699013	0.615044024347812	0.6953969573544672	-1.1050052903915084	-0.15069648158328458
DTXSID0035748	2.5858306023129605	-4.78477577194185	-1.671382004828867	1.5177882598130246	-4.53958387794925	0.13733368851145078	3.3670857086907064	2.245189373562753	3.5137559679519237	-2.609904151748473	-0.1673260487551048	0.392171427211746	-1.7741294208671854	-2.2232298403870203	3.809506344592558	-1.7629341040106457	-1.339186728930848	-2.2299302841030655	0.42534741633939116	4.295039627155569	0.5495569901348417	1.4867791382153395	0.16439603010659615	-0.21106016436211636	1.0891524538881798	0.14168711239116633	1.4647785889488365	0.30993936053847143	-0.48554602091987653	0.38427018568613613	0.341202616357788	1.048131137928491	0.9898664923964658	-0.3224137607326854	-0.5193238369995892	0.27550950048948514	-1.020687828641717	-2.7197283335577347	-1.130645835835512	1.90068800777691	-0.2305456685386836	-0.9228236174834895	-0.8951181305757978	-2.0849060355171076	0.6112262338622196	-1.062703980209902	-0.7265948097549162	1.1710090919212233	0.7246877662767959	0.4751719251116875	-0.38765449106542443	-1.025063204224472	0.6187525793210799	-0.995346148301739	0.44200790856029676	0.7626893994839761	-1.4503598438510346	0.5114985995213176	0.5173179857182911	-1.2236032787897941	-0.13589109328608417	-1.5934104747850335	1.0141897685121912	-0.04426278782864013	0.30389197323339256	-1.8333004396573969	-0.7105499981130544	-3.127517822097856	0.17682261885035502	1.1322191493586398	0.48303358477338804	-1.586024491286501	-0.5435411244146601	2.60585012053325	-0.3004675100610201	1.734680767007296	0.31796316863325114	-0.20755147766126555	-0.5471302326702989	-0.43430260343853117	-3.5820371071941084	1.9469802003018728	0.07169886713848882	-1.4654892629102998	1.1629025041626804	-2.26419866065563	1.1636305373600517	0.7621243053916485	0.1293645659639064	-1.2943531615291801	-0.9725244741910689	0.6201839848019086	2.168217618616174	1.3524676417038044	2.3509491318107223	-1.247107765452502	0.2772417152280772	-0.4023292942782394	1.748390940473869	-0.07364925916992464
DTXSID9044299	6.01526342937028	3.128702485628037	-4.434275426280408	0.9220409528685795	6.125451993783314	-1.690356083011937	-2.3495452322531847	5.1444253517336245	4.199662381978862	-1.8671756024706119	-3.547831668723909	-1.0271769787187797	0.22725785878784602	-3.3992329786734157	-2.5693829953413267	1.0009405604203092	3.9939017197864266	9.278485877420087	2.0908739329075856	5.117606704074171	-3.0217802460091177	2.1382002388570447	1.371947834429528	0.6072215547082941	-2.0744935342687367	-0.9202265948864986	-1.9951807883431314	1.4641146535173062	-0.6505164369257952	0.032410086491196616	0.6955584151236627	1.2392022206648552	0.7329572969190227	-0.6988482229062751	-2.325754264369924	-0.337604703505384	-0.9099810143116412	0.10236664759537448	-0.4240740159769929	0.5775535349382169	0.09504074549179221	-0.25400021311703863	-0.5723062717354515	0.10060251544067537	-0.6811262332651685	0.7378141527411503	0.8689464942818985	0.9127421406212805	-0.16521942581272625	-0.016530539445108565	-0.5164529027417976	0.7990219889618556	-0.5521532909330473	0.20693829508542924	0.9567669028230759	-0.5993986926677054	-0.6154647633160848	0.4171619782088254	-1.8462333854902553	-1.7416675660963032	0.451894497445453	-1.693043613274527	-0.5123517478756001	1.2714323424632776	-0.24871137383871367	-1.7015601792197872	0.3959818286193664	0.734430139168796	0.15195307890344248	-1.130074359677769	0.8821722258723992	-1.7302915082865082	0.6428681795818467	0.5285702490185336	-0.10839243579030795	-1.5733133296438198	0.3609060557421116	0.1009725133434896	-0.20460900887082828	-1.0640327355737487	1.390793041009683	-0.7100715539673651	-0.1217588767305127	-0.6542798691725427	-0.034976827053471375	-0.4650765002536967	-0.6525565155092424	2.0524637338576444	0.5471423089252664	0.4793542353490383	-1.3728213586550282	-0.06370449573178585	0.28903940647649135	0.7914131103152755	0.7322917935048622	0.4497275056324093	-0.0023978992915170885	0.2330490299862176	0.0013032113770449143	0.5146316485612697
DTXSID3027829	0.041472356595679556	-4.03869270881759	-1.1771109871906036	-3.1761313726582987	-2.8753620455114492	-3.1041944864771582	-1.1549205427015936	1.8499755049134248	-1.2014683206082135	-0.6206765393039244	-1.1117117647584465	1.474364427880386	-1.3197776801246488	4.3268653704506095	0.7442010466202663	0.842124707018892	-1.2759929632486209	1.2028789931590764	1.0579920150132895	-0.48456792875268584	0.8090630156678609	-0.47078139537249636	-3.7356135261791237	0.700753990271221	-0.6248438818774946	0.49927938739411376	0.7267096042169999	1.2487510144970642	0.23984531357167563	-0.49534122387704504	1.3560279291820392	1.3269560375872256	-0.0006649616375814608	0.6709555757625367	0.052361174826914915	1.2584699454569643	-0.17979691356795527	0.5844085725514018	0.8780434096653338	0.48028393782207	-1.1546241489070121	-0.38085607123917326	0.4721216730175434	1.0906850917832358	-0.914109592186415	-0.022875759400530184	0.1420777909659998	-0.5821721392672007	0.1466848748323138	0.06533134427231724	0.051218397743421046	0.13949910536926216	-0.24471547038437358	-0.35705449298940584	0.5259893765674255	-0.49450622904567754	-0.9183482607729688	-0.21556035626044673	0.13631403336499853	-0.33166638158745576	0.2544171569452832	0.6696972076772516	0.7492107835545244	0.0533871833128036	-0.780110428639568	-1.4179451009133948	1.513543703299868	-0.7093927206792039	0.9767721011731244	0.5762590346854942	-1.2893397789393004	0.0754801838120637	-1.0079316445911066	-0.07622888124655945	1.7933431102960762	1.3114752437849102	0.41269223021853224	1.128831000669271	-1.2000884291838507	0.45326319137693993	0.44503453309247504	0.30637045045198946	-0.5890879508886706	1.5454371862293166	0.7681737486474663	-0.01940530199343968	-1.2173820287490467	0.8385677525175603	0.16556711713571814	8.37231425114902e-05	-0.7128863460777782	0.09317916920696924	-0.3083335422493282	-0.017597449997754182	0.04713464416736776	0.2258489094054691	0.0883472254049858	-0.022494276169667187	0.49961250347699604	-0.23634089130987257
DTXSID8048810	0.0515168064952871	0.2741261974384453	-0.8612563856097856	0.940099953015692	-2.6330074178330323	-0.059275803272117185	-1.6612796294514596	-0.9516983816905993	-1.5166185825931382	0.2584896841189501	-3.8335871736727287	-0.0002963188927063095	5.2189510383471385	0.6327452035542968	1.5607153083882386	0.32094871929783353	-1.8078532292108396	1.31380741114933	-1.334804154691388	-0.7916256196747657	1.8194244120212757	-0.8719958719642038	1.7246272119358639	-0.1138786071464597	-0.4611110830715825	0.13435827325225044	-0.12421900686370238	-1.559570459032665	0.13885917228825187	-1.8885818930458982	-0.058228485827078756	-0.7160521236672532	-1.297661825760205	-3.9967081924415546	-0.3085637236774426	1.752109158459525	1.1021919881531275	2.6992490781609466	2.445895057676741	-4.767059785823005	1.7764588472415204	-1.0894782129900151	-1.2787254429880432	2.3321662525072595	-0.9924207215842822	0.8822954848679415	0.6670171279484826	-1.2455805964391495	-2.50820731045871	-1.336785221839332	-1.5471606433058298	-4.142111256550669	-1.4100084624505	1.2368747852091306	4.1151989503699555	4.042350402557225	0.04423378350562631	-0.966897660591163	0.920983791875669	-4.384848730082453	-2.558481603214874	-1.2877449225192517	-2.5012189911200258	0.9227130433413054	4.805634921189458	0.529522496947397	-2.3531117054483497	-3.53006746643266	1.4868592918294181	0.5251809276363063	-1.3504170372019701	0.9112951670131477	-0.1571797585414211	0.9331997384319584	0.14020896280930173	0.0880365179273425	1.180202116784851	0.5347288657637814	-0.7072878987200631	-0.9214724667462089	-0.2855664457119648	-1.3153921638931974	0.3548903765625943	-0.01204451997988441	-0.11691404594869877	-0.6197526963287177	-0.13698096408814536	-0.43002391013617375	-0.23769581890215657	0.19189599566417254	0.5578213319507518	-0.15838448331600086	-0.15702572648817914	0.25121183169513533	0.3856090140522571	-0.12001988589509155	-0.3392849992647336	-0.3950376297531612	0.09615729207238868	0.1230708841879832
DTXSID1045956	22.593326897908234	1.9758848051595672	-4.765295563954871	-0.15941411677669848	4.407377070124279	-1.8788382566135666	1.906441361345051	-0.7062914383887156	-9.19191005328996	-3.3397188951648196	6.249379061980396	-7.165015497660773	-3.182025156398252	-6.7525435757476036	6.1909872100922065	-3.1461704754748956	-1.3848370237598342	-4.422955662040273	4.163275683013763	1.3669978161686742	-5.541899767629555	0.7749007676511179	3.252963652660975	-2.325494392805707	1.759683687057755	-0.12854397797261413	0.48777774596824724	-1.692711692055953	1.6006396278503345	1.7011112669478248	0.20924817427494333	-0.6451197955143352	2.3485304083282883	-0.5410827523746433	1.962088313442518	2.891294496663087	0.8997472459854026	-0.323807824762627	-1.8712574326394824	3.0386909647783535	-0.14789713500361393	-1.2657633800822843	-2.4564937431642657	-0.015641497672432315	-0.26628123536647436	0.37815589122979215	-0.7753362543591646	0.21642721580597168	2.0049228994865875	0.5109323405376011	0.9071152712583045	-1.2773947547436943	1.413951788987435	0.3674758608435589	1.9669321233949286	0.9177280401079316	-3.166730291338648	2.127493768851294	1.473714989711707	-1.6231738736284678	-1.4443088094726932	1.552979905323672	0.39313165914311765	-0.48327355137010664	-0.4839669893901615	-7.124065645687045	-2.618043229595203	-5.153653881176018	1.8960360661581404	5.75523074998796	1.7284850875958597	-2.821368045139998	-1.1095146490846508	-0.2541181955189487	5.226694184988262	2.04682856041064	-0.37724310328882155	1.100479248885158	2.2224478258394624	-1.8566935329481715	-0.6716843616270602	4.85530146202275	-0.836957876389945	-1.4232185020627632	1.177348587402621	-2.431482319196866	3.3372975795824904	-0.9010851279120216	-1.8988239177532171	0.06577509840388945	-0.15625655393450902	3.322168883068846	4.800697186984208	-0.12428948749471003	-0.4114785107408083	-1.5501923667711481	1.7043569009521524	-2.930442102693399	-1.612752381916869	2.6098867855777472
DTXSID4023593	10.22942983501384	4.531262711113811	0.5890012470894244	2.1538163896702094	-1.7293675013549337	0.5935635919532569	3.9560458936562357	6.488775353384523	2.7883612435692036	0.7517119247808453	-0.717192429745957	0.6276407522563033	-0.9909423579525896	-0.7237675574726269	6.189518714432686	-1.6071941519204487	-2.6525238378625042	-1.9777158602246818	0.49117081428279835	3.7365981554605163	2.9510920383420878	0.03567688125186608	3.723344442736412	-0.05903084238606621	0.8704953678485525	1.4440022286399181	-2.5381038324177907	0.6958382053326768	-2.8639012270965307	2.2788885523341653	-0.2552320020012697	-1.8810759451666705	-1.823703630937624	-1.248795495039638	0.7549093775220489	3.5754289036049536	1.0738624508332621	-2.410468666264374	0.35252136983319843	-0.2665112143538791	-0.9363332206586436	1.1178677861540516	0.5144680297178021	2.9795306425650576	-0.6505882379299891	1.3382211065183696	-0.01428279448602607	0.4641644082472887	-0.7483450393342573	0.20721418763051905	0.13834457465284175	2.0239793790746456	0.78965745761839	2.219874877737	0.564274774471022	-0.582598731325381	1.3833811935256954	0.9212770553227463	-2.7193826301929547	0.7619824054596519	-2.1921511870339034	0.23576020894096747	-0.6176671296649695	4.344103100140699	-2.303309844091671	3.673775066328164	1.6542748232434632	1.74477309581753	0.9968704658985362	2.7036029470160012	-0.5954195351747104	0.11126354193029198	0.015847756651668383	-3.211293073526662	-1.5218934376622648	-1.2682580764096736	-0.5682844559072946	-1.20225298371782	0.6269298007930927	1.389019808804486	-1.2582248656530028	1.3628252399254732	-0.41506273849799036	2.047236779752445	-0.1719693971670309	1.0703715773640528	0.4966793984171869	1.082935358268173	-0.2094025178493696	-0.36271065901881555	-0.671518823604832	0.020940361206485392	-0.496533362040366	-0.8047188637327352	-0.2961263156860786	0.1813017405807524	-0.2925998449598277	0.3320361505470023	0.3358029157690905	-0.8322144545716027
DTXSID0024478	-2.6424297245447503	1.7112973440271917	-1.0169406950178554	2.5248915199947644	-0.967303045232227	0.21030298767980188	3.071692647658228	-1.0904996776556226	-0.3699234398980749	2.188869762966078	0.3799706570330519	-0.9124161835672165	-0.613163729654231	0.7649188304355781	-0.7464618129932717	-2.6513042268712628	0.2521274338654121	-0.5150271401451848	-0.3617338293282405	0.4479672650124395	-1.0302194157574853	-0.5873910399183132	0.5364533479056512	-0.8284690508725537	0.3756436930842457	0.4822372953281522	-0.9443219895560299	2.385331927681655	-0.7107744069686001	0.8726029988115123	-0.9701306417380321	-1.005203335903157	2.137806501972277	1.0374160784858268	-1.3438579430670163	1.5146164198070293	1.0098045182310522	3.375576963148662	0.05301165607463333	-0.592290642167787	-2.289316106423129	-0.25587053395362824	-1.5962110003630594	-1.7491139441414505	0.12313789745992008	0.006754907930333891	0.2638055255436205	-0.7511040881872914	0.13306943075304897	0.3846678586152371	0.27809226601985215	0.42209625880165547	-0.37184061182654954	-0.7036437822179261	2.1842945916193757	0.3149310538271695	1.7777656331806795	2.321815721496229	0.9644109903214696	-0.5136371308638628	-0.14891158378811423	0.451950708845779	1.3875014019090448	0.6442547177706156	0.11189203259641058	-1.7710019449487253	-0.6223180458632807	1.862460408267793	-0.6422768043884567	-0.4429228983568077	0.23860910054589882	0.9178966185177181	-0.9270032922483004	2.1305652833759474	0.7228460228539053	-0.5713614342154656	-0.05169386753218218	-0.5848240670329897	-1.1146097961900001	1.5531526855174274	0.43811765685470205	0.6021331707333438	0.233371847892415	0.06341584878382465	0.23715006783845632	0.2831091950301106	-0.30277772202095804	-0.34064573892200994	0.4260829696349045	-0.038854022959858604	0.11276310820012678	-0.10045417072860652	0.12419832622444377	0.11278303089088532	-0.15962191318322158	0.17594408576585618	0.2929938662302908	-0.15272118800442855	0.7087566878217486	0.17762548076484388
DTXSID0040701	3.1908119310515306	-3.6035496481434657	-0.8769636537337969	-2.951216476477373	2.816433241225029	-2.718937274498172	-3.14983594400524	0.7597105804200603	-1.087970875725876	-3.179878947274752	-0.5869497104779563	0.3275901278809252	-1.9656363950528504	2.962691592702439	-1.9298933399917502	0.40726991989093075	-0.5405736677548567	-0.9044951223680744	0.46365667017830636	-0.20128175127618458	1.0320246867703333	0.277694677203638	-0.9352416817856607	-1.2737508502205104	0.44259629143970414	-0.757906807347412	-2.1898817717126042	1.1738145696282323	-0.45662009424013955	-0.85544273313336	-1.6263949867001521	0.29512178175935266	0.510927444118226	0.1497613556277666	-0.26307722829062924	0.23397237924700492	-0.20152241346079314	0.2943410670839977	-0.14762351468699442	-0.5197868214510265	0.09673827280498606	-0.5275270253521394	-0.07199869113691783	-0.18159578254666175	-0.26300516594483203	-0.1385285911419784	-0.050476786926887306	-0.20756449642655941	0.11620866774152809	-0.01276784368744485	-0.19730924084169532	-0.2127750771374707	0.18772804129806162	-0.6211019898540999	0.050861522113026324	0.44369381630066046	-0.4544677513390007	0.05201614105777624	0.13726806727980703	0.00217180846724604	-0.42518695929612305	0.48332901085180424	1.2366337106265959	0.695832569263985	-0.2692036523213227	-1.4346171566781756	0.24237235217046774	0.0472341804306473	1.0501144314960045	0.15894938405615933	-0.06948251687079927	0.6309947289022944	0.0311637251770825	-0.17765974350107738	-2.5391774699534584	-0.6914402222056562	-0.5226020876099967	0.47064103854707995	0.21055253050776288	0.060467314330615266	-0.45203444585959757	0.0998965457185047	0.05788138901690815	0.2938458917677103	-0.26293238943500574	1.1009377792130797	1.0006244929996015	-0.8212638044752255	0.8194267464831192	-0.9324620570977391	0.925532023435523	-0.8612239487805804	0.3832715951284628	-0.570140763591114	0.04835293783285607	-0.0898979516341892	-0.44183257282575983	0.1934989824493117	-0.69793131420538	0.03436905227282068
DTXSID9048801	1.5206855202453249	6.545931897224021	0.10187242686711254	1.7019340150104323	-2.378397061939151	0.6024474493456382	2.57237979761246	-0.1221568723493667	-0.1617150590652686	-0.9711093846237404	1.1392001716452977	0.14733414948826937	-0.2666660624192584	-0.9719337227979945	-0.12309320169439852	-0.4711061909450293	0.689703966701452	-0.730068511009809	-0.7883309125455756	-0.27375614340750926	-1.9352297630820248	-0.9285002298978295	0.8337933259985081	-0.4791455807667175	-0.3785321286351908	1.7749562440981104	-0.35678814294919114	3.4958666957479103	-0.17046165015914436	-0.011553469433305793	-1.2768997522345173	-1.3988031120623912	0.9786520534252174	1.005667537266461	-0.5225283500296503	0.3882544323337753	1.927105506592709	2.284447786762411	-0.07146632883020634	-0.727828563251297	-1.7817675604671814	-0.11166168169894782	-1.6352883922610018	-1.6175072632731473	-0.15359519303949937	-0.511824253428644	-0.24825971647808737	-1.1327610865473585	-0.07702782820264845	0.5679601759277213	0.563850239331332	0.4696113449389182	-0.23401194673168904	-0.6248307334674071	2.1699007692739247	-0.10988512244635812	2.5155290570102498	2.538981917908665	1.4574067426601793	-0.46037197185686146	-0.5107659172881731	0.7470288049485972	0.6995311302932276	1.013116043482457	-0.07211222723670017	-0.48049470043216	-0.1265388558168704	1.358616642176931	-0.7068854847913292	-0.775407401794115	0.15971089427995325	0.1030548908400715	-0.21354314699956192	2.235411596170996	0.4697518633326291	0.2917598192333775	0.06736399311293821	-0.4552032779760777	-0.7938735860815581	1.3713088587144584	0.5979379953876	0.2287571961807875	1.0505742895478498	0.4302958450493255	0.07287055338841135	-0.20599863006278224	-0.5192230746764335	0.19915674623534205	-0.5384449469395064	-0.27861952844886284	-0.9407683127041405	-0.04205105676193029	0.8854455313092208	-0.3893530157880622	-0.49429368113388916	-0.6025565151808144	-0.7996104884380867	-0.005970795206304518	-0.8566682185943179	-0.36636822408584857
DTXSID0020941	-6.7729825237496035	-3.8273036669012654	-1.5652508969341006	-1.2177757831819844	0.08245412139909016	0.2661659364815253	-1.3376223871504578	-1.2838276987274944	-1.7078036542036574	0.6251736432212541	-1.1086259570049843	-0.9468015111094464	-2.127210112226401	-1.922657239374931	0.6658244610889663	1.0710056759625146	-0.3954961219967391	-1.4604929099460464	0.6795241375325846	-0.026630512704458504	-1.239631260731047	-0.10464817606564743	0.546182079421166	1.0224446141496426	-0.34690492075955237	-0.35794064598897835	0.1708860263504811	0.012792454860615988	0.4786026722506038	0.12462683854158722	0.3430810882720321	-0.3208106428139779	0.4536956854964191	-0.5691733005506054	0.3891329697209998	0.30208557144576625	-0.053866719316009705	-0.42100300606877544	-0.1038041588061191	0.467161328578712	-0.2802176990779578	-0.18734988180293638	-0.1431640935762249	0.19601411328860188	0.027640149288524957	0.09328812080419138	0.006757310975204553	0.031851200676944434	-0.022594217583429964	0.2929464290168479	0.13162516537460184	-0.037891006775372736	0.2776182217240567	0.20038790783861485	0.00039656441974745356	0.2093496681610797	0.05073636354404704	0.05048050589009092	0.15965094092672433	0.2400534786564793	-0.031129840306129804	-0.15644926348805357	0.14110295615489768	0.4319627720449766	0.07529033006184682	-0.11318547988060698	-0.1739884397666186	-0.20758936348437676	-0.021378025039305193	0.00987816328752043	0.4251847758311183	-0.14695565712472095	-0.02985963668892949	-0.21636345939854607	-0.30477641136557765	0.14611946525725739	0.10269570357448699	-0.4980749396782023	-0.06237436467512732	0.034853542560358046	0.848690368451505	0.37988274748971007	-0.9886432791303723	-0.5764969037116281	-0.9442984299776499	-0.6731846077057361	-0.210681731707191	0.010096611072028262	-0.7346454780352333	0.7199274740824327	-1.259422816384564	-0.22287453481872488	-0.34149156060789776	-0.6043317901676395	-0.5917373333921648	-0.8650161027994926	-0.5196153242263165	-0.5112580864899898	-0.0732938454081896	-0.25462425657801313
DTXSID7042061	0.8271834112361368	-3.3813372234769097	5.214535072809033	2.04218990825509	0.550785415285189	1.6513382286734155	0.25452532702858865	-0.6646620073915673	0.24768959320321962	0.10651786603448542	-0.4518870691967013	-0.23469962760997046	-0.596888599227198	-0.398654601634441	0.43019965879838057	-0.892758511881244	0.34591805541037596	-0.5705148027700521	1.327540795105749	-0.28895743199071405	-0.11348279124955213	0.5231954361054704	-0.28200935909463176	-0.3201532021465509	0.846815196195445	-0.61822459572001	-0.6536942352102769	0.29668865985734416	0.10254296997161189	-0.09944439038585223	-0.26032190613903744	-0.2386547204480322	0.21804924406099002	-0.5321537464650963	0.0910901842111379	0.14756033955171186	-0.8016331503416371	-0.48604734277971434	-0.05493962806986186	0.8265117068723603	0.01034533605927072	0.32352857066327706	-0.8600664908026607	-0.04422685954262543	-0.47548422265480644	-0.18702629461609732	0.00876173111835059	-0.03654944827315758	0.43905858858953895	-0.06724923870957106	0.07298883661950273	-0.4740373448050406	0.14256507102219365	-0.11558993880603098	0.03341753666155803	-0.18945799679956912	-0.7019002494459976	0.33202724777359294	0.1686790073265133	-0.6446940523474729	-0.21564307130335655	-0.08946051568006483	0.5068062646447261	-0.7196096670958675	0.24634071195079202	-1.3321837606428524	-0.6307793870902564	-1.311372103639284	-0.019129461677297108	0.12979965077912467	0.47416780473927717	0.07850352462169749	-0.19169485760717367	0.23792571892951134	-1.5393499647654982	0.6223799497948116	-0.617112214081909	0.3751002552132674	0.4128330917953878	-0.25870158883057665	-0.027426872783933035	0.5405870192090649	1.2682850852169116	0.0006461757405199102	0.21144282208581314	-0.2468966297787042	0.24370260815327038	-0.75827508360869	-0.8766072806706952	-0.12656008639313857	-0.014416589316650607	-0.4702190670087109	1.7904933111213306	0.6987509008764056	0.022800998297596027	-0.49517870650664103	0.28308521976494305	-0.2504285487071825	-0.7321770274864183	0.4035178067820929
DTXSID0023371	7.436572831240821	1.2404745022129207	-0.8714110871301806	-0.04732878610504981	3.68302550313373	-2.357485026306152	-1.6011966742670793	-0.04690923119044907	-0.7873936778070041	-1.9889261329064771	0.0665359866200488	4.908325738854785	-2.097331670750718	1.86688987174581	-0.22348484569634863	-0.4455466969301547	-0.16042977976245903	-0.5326369148053716	1.4821468336305206	-0.9401677610557244	0.8762083827090996	0.19242437854645528	0.17059625689282126	0.15651424591541443	0.1028923743974756	-1.054186165404595	0.12781441642174227	0.4041716600464709	0.1418982124475204	0.006270524938341501	-1.5021052215194681	-0.25648338812715527	0.7075060925509312	0.21223409422523695	-1.0572598176522943	0.6209898365636394	-0.6302262785011525	-0.8118842281075752	-0.8397537554449228	-0.9669154293346685	-0.10533117681995559	-0.1873323505872161	-0.12188157709361938	0.6275866095917759	-0.37188468832999716	-0.9073915554052424	0.10787658312654348	-1.2924296567525329	-0.3914637873520188	-0.4867575378285953	-0.05761258039054062	-0.7480789196270882	0.03610108045414795	-0.2944860517363983	-0.3282995835680177	0.20691889506032402	-0.6318408227135489	0.4165392180343572	0.28532952632224723	-0.13959803957015066	-0.7178558566229999	0.45796254473761233	0.9040361035336224	-0.2057333575929259	-0.7601953561563348	-0.9487893877660019	0.07605584851131947	-0.4187067649436464	1.5832440005270172	-0.02698060056265972	-1.3109763247887396	-0.02932187481857556	1.5249318298189931	-0.528646137848308	0.09088353983968911	-1.1038515797922666	0.43803382510427213	-0.715973427902575	0.6520772556768475	0.043168265818257445	-0.18386909299603593	0.8460375188995892	0.07683012206411421	-0.2942123627457973	0.012491045916182128	-0.5988637334529398	-1.4645525109913275	-0.7741187863218277	-0.8902801208965769	-1.0868414374055049	0.8595430337183513	0.9830549509370669	0.7423675570987038	-0.9815187024788783	0.25093281400043493	0.5122420972844877	-1.7575054234972003	-0.5080346339629521	-0.06548422241076132	-0.181700795126159
DTXSID7026029	-0.9713295454792379	-3.5969881275864006	-0.9504450681896454	-0.5733096922659572	2.826477184378091	0.020232005593333022	-2.360583924848794	-1.044644997655074	-1.3925638512743057	-2.2667932122516183	-1.0411705125936346	-1.5459365262657736	-3.4348367623939797	-0.49820644110717766	-0.8409970456723788	0.26050323901948924	-0.26772709082567936	-2.813112895581168	0.5506590807301762	0.39041282301771507	-0.05501767416274476	0.1668241241836215	2.5772580169323276	-1.1842574698275596	-0.1719051261700121	-1.0491837521306717	-0.0901701523757035	0.5911813849206771	-0.009901901870512873	0.16192342759466025	-1.258715322591899	-0.10644943213544901	1.846280972185019	-1.2069498145411095	-0.6189349678263011	-1.0918921612293124	-0.2617616561512794	-0.7347286998785076	0.1012861438756215	-0.502514294449147	0.5119255305979971	-0.8836623557843788	0.1261359906831772	-0.2774392133896086	0.8290778327577601	0.30250563011652415	0.10152749711807955	-0.049060277147917865	-0.25234503756334814	0.27130346923576165	0.002585365550916896	-0.36405193844302786	0.6822896687500425	0.3411455567556779	0.3720581350499755	0.21211705421466093	0.8776509018835206	-0.7765653191726325	0.39359968752194824	1.2376645898032836	-0.4109765751304602	-0.2608536145469139	-0.4785690800450602	0.6144361006988068	-0.5384828371182803	1.0134868298038278	0.42971363137064983	-0.42076427598148286	-0.23986270381658054	-0.16283049959347906	-0.689210066010018	-0.6478236875938802	-0.3511920707766754	-0.07699862248702709	1.5347708501920132	0.09298750456674251	0.6372342126006895	-0.00044688939423487506	0.3588730376688273	-0.12669698638926788	0.6750968832054858	0.4585136185920275	-0.28716600632014483	-0.06961440712237546	-0.030503388120271938	-0.7691048128265229	0.41755341736305185	0.5831220860381366	-0.08356952401232358	-0.28776063255306944	-0.516093082263871	0.5508764600555637	-0.2542047540628224	-0.44239153309382173	-0.46590631584783326	-0.10650065611653922	-0.0007547742307623149	-0.4536171689020642	-0.1510372493983581	-0.16740125728394087
DTXSID7046205	7.546208434407615	7.741714043162211	1.6959290062748489	0.031129518430120986	-2.4567190390319555	-1.084591680832694	3.95315378281784	2.429501603512941	-0.6301456579964727	0.5520658582976937	1.2719657249545762	0.41218678874814624	0.5422824511488766	0.09587160174104772	0.8504477169945539	0.2595452710322763	-0.9058046172895037	0.25999623496025703	-0.3842127652073899	-1.7090803575827949	-1.0501562211115385	-0.9127510699955784	1.8501500165269749	-0.8030132058487922	0.6465375412778176	-0.6377886876285357	-1.094391936862174	-0.13416449183671403	1.0035339799367171	-1.7396671734642903	0.5793045405947748	0.4270709882707285	-1.270077565827279	-0.7486904311013205	-0.840585279928864	-0.9364835503214003	1.2499447696087385	1.3945615460496046	-0.5695522894104029	-0.525017462872611	-0.4752445331357681	-0.13788331558843447	0.68474409920097	0.4882272567073121	0.22449388537601941	0.3495394863250987	-0.7127051461825475	0.21685236400895566	0.8323755528015245	0.9327070717268514	0.5322997035079484	0.3691655779707806	0.30015885120898284	-0.3624697133519835	-0.11900847759916061	-1.4595174827805684	1.190474440073724	-0.8062511545934768	1.2721972134121862	0.12872592108626382	0.2784038373767977	-0.04081879212204803	-0.3508444098169218	-1.91116836184922	-0.5344620454769591	0.211142942908236	1.2142474054814207	-0.8019370131879523	1.4807457922320373	2.284349603425139	0.38376855031727836	-0.13543208284532499	0.4075747828711962	0.39265042016733015	0.6081879149173219	-0.2667892021737596	-0.3427374268288473	-1.250545857017148	-0.2924414289551117	-0.7742435680719905	-1.7441753565958833	0.7191946576610663	-0.18417619686918235	-0.6780868958150633	0.0156394392514057	-0.21322289877285386	0.849174912998447	-0.5857130681540667	-1.0368476925874117	0.1482077148970979	-1.4552853018788792	-0.25829629148845545	-0.27404273303490034	-0.03542245836171981	0.704970793165803	0.2767959130260126	-0.3451872364898216	-1.090825106024594	0.4849970477816901	-0.06565955466598399
DTXSID6033401	6.2043196261006175	2.064324749058544	-3.1546907239820596	-1.7498272787159426	4.239319699992958	-2.6627192527500485	-5.656900024903711	0.05427609072657236	-1.817280661208068	-3.3348769521879142	6.380489137177545	-2.677008605305061	0.9244447240733334	0.3166680310151275	0.2382772973564778	-2.2669274334855025	1.5410071318857312	-0.5556371709659754	-0.47807780650425485	0.5969815365897179	1.0576868284467158	1.1239927407391417	-2.1121816503426096	-0.48103725973473216	0.42120056751915474	0.5277093217111284	-0.8503698089009593	0.1516904016076973	-1.0007769135232574	-0.10123759471381732	-2.265963153758011	0.8316232055130454	0.2325007265973805	0.16916021010616406	0.19852497422014206	-0.8837804477319726	-0.348519348375841	-0.8571654034296183	0.6496982899884777	-0.22188493894943112	0.5508418360238143	0.8383579971179431	-1.3020743422411727	1.0163262261497026	-0.15503445026381352	0.230149242120195	0.30229282299613847	-0.8164946642736218	-0.26951123655975184	-0.03207462490103045	-0.01958009488022643	-0.4146860175419003	0.5265778066186112	-0.29086563855255815	-0.18100677856928452	-0.1871543230112604	0.1961031712771826	-0.4918026462477658	-0.8043775930674065	0.07956186444487966	-1.1105482613730642	0.3373984530717633	0.2959496977185039	1.1432174431329991	-0.01316644467518483	-1.2242099069569972	-1.3698360880012113	0.5600757932123046	0.4553276151946789	-0.9040740019123178	0.5501879160177372	0.548643474329111	0.2595563578722566	1.16462610123343	-2.395359552568658	0.141927109432791	-0.15711179294055377	-0.9719130890838877	0.1505023347351995	-0.64232158719828	0.35007550820544303	0.6767656787864371	0.42055593597078383	0.37537802100840034	-0.16454686869870486	0.6871544125671567	-0.28872880747644863	-1.258289081219107	0.29804112678630384	0.14696531107480817	-0.45959826021684036	-0.18283067339153114	-1.1326420722949668	0.7002800765783975	0.773807410148854	1.4450190144827142	-1.9664367744142155	-0.1914350931074178	-0.21588774335519895	-0.008093201240185628
DTXSID3020548	3.0966954644583176	-1.464796560443415	1.4624258256435287	-3.516012031756571	1.030862030356755	-5.322212100392619	0.4041830722713468	0.5221097568057256	-1.838690971968561	5.146003682886773	3.3266898830261717	0.5852548896468794	5.226782849659999	-1.7667514366530692	-1.4621498717781072	2.545294293437557	2.5515112053447555	-2.405417867403101	1.4815108027109438	2.1338896485920413	1.8014961051506762	0.9392815339730165	1.6361014180265478	-0.33928629156954987	1.0623134012095248	-0.9113866848107618	2.2137372024714623	0.3797644848951235	1.3725594708336915	-0.042236195254109245	-0.4411480680248329	-0.45844710785024967	0.39629143666710404	0.9476680283141558	0.44587765756195025	-0.5643562766463561	0.2267378306694693	0.8375019943129591	0.6954726628620495	1.1603785184450104	-0.5150081387986214	0.6043068583931123	-0.29200797902654063	0.6276814240437062	-0.5673069786010027	0.7450345726772917	1.0649835388227993	-0.38344344247928275	-0.38523385154649115	0.17122741070141373	0.11720310316602209	0.8181011152162109	0.37770906898838674	-0.13743653046255067	0.6347811675532853	-0.45058814109956086	-0.37278133011154685	-0.08034022486059027	0.6321951950029778	-0.8237271803413503	0.7764901903506851	0.0727270035715703	0.27468509722546947	-0.25623843833993076	0.3491513163876452	1.5271352681063934	-0.8602226255564721	-0.8329452504190672	-0.5121200317447063	-0.8690276913270438	1.427123455722825	-0.3977369978337117	0.6327914661400045	-0.3026676703193722	0.1695696472904051	-0.5062402848327915	0.21269983897021102	0.9363694911544991	0.07372271395145023	0.028890696751787397	-0.8885791983157333	0.059745884893451694	-0.027364964281446802	0.04951491883362259	-0.46567309229736	-0.570806297809431	-0.36699923531861567	-0.6377905818881026	0.018054222491750645	0.07958193926333126	-0.9357805835634724	0.19726888860784414	0.5781188842443326	0.5128327853689512	-0.3746676060306496	0.47937238455036707	-0.4625329128410753	0.003004023817842249	0.14437806228073127	-0.13371885311446347
DTXSID30880413	4.118488993383822	-2.682892138726146	-4.6912501581906385	-10.907626516314885	1.5764307956234038	10.966334644720565	1.3458311748715708	-4.38425344466075	9.714013337610547	-1.8616978868914207	3.571575467133354	-0.5311432768857692	2.789834149366123	6.819108398063397	1.1678935500575343	1.3126957963448518	-2.0378579474199063	-0.759164172965684	4.715174920870838	-0.5600558590651104	-2.5717164485474924	2.0739750121116347	1.226696248245276	-0.5770108643457711	0.8442926257548956	0.9920909570297114	1.5092443807300377	-0.7622516162520037	1.0673949483996168	-0.5999279595210462	1.3014296535865497	0.3522115617042117	-1.4715451829288781	1.36754384612854	-0.863143991846874	0.01601295201102838	-0.18853106589833402	1.3828011350456146	-0.7304836540302435	-0.9811402396938095	0.3832414282617936	-0.003574189665100246	0.5659799745159396	0.5900456158365149	0.2367678422192748	1.2572758123361563	0.07560463244125643	0.2841146748780322	-0.5962613644507186	0.3207715598034162	0.014515485241146058	0.9237947314501915	-0.317323510676519	0.5676364855840098	0.4977552567122485	0.3944435716496123	0.8762652222735421	0.8727708848548036	-0.9228446030431298	0.5870948852358924	0.6701445799239224	0.7423699297547227	-0.5690660039090826	0.03218761468468904	0.5645223713130622	-0.06310322362084647	0.04282896578482511	0.6010262948398578	0.06382370128774183	-1.1471102240875195	-1.3522550650296905	0.7748999943385408	-0.9269522451664746	1.0444695313734458	0.22832169991963502	-1.0745702833795001	0.6559494193224312	0.17513967835947702	0.846542088004037	-0.9072136265408633	0.6249318786685454	0.14703070348055136	-0.4430456404948191	0.05186812153890483	-0.9440673636114799	0.17174555576773934	0.06744474171714579	-0.8789371423744093	0.20597245000899983	-0.5079570014491737	0.5909251189193463	0.35580520186480674	0.700281577110527	-0.15904078035558503	0.26101104047676155	-0.1129228252332011	-0.3999417044657499	-0.16112051458397744	-0.5155263506698976	-0.07416660477059193
DTXSID2023149	5.103900357851749	1.9456279813841022	-1.6564660496362287	-1.4301935866796496	1.9358107009311054	1.374034524803869	0.05247961660835454	4.673602374933386	-2.7848471586074437	4.169990874580681	1.6856884763656288	-0.7846653938414636	0.8108739661180987	0.408760091051515	1.9765556207097332	-2.7226439414811923	-0.32400191588820765	-0.4208564279314663	0.21157104344299868	-0.9852254092383405	-0.45298492771940463	-0.005943062690640579	1.7219585713376522	-1.1595367163517845	0.11409660732962809	-0.025890623537041607	-0.7633602169128564	-0.5143865332737129	-1.6613009032984911	0.8439125943191412	-0.5515157765968688	1.7145327449941314	1.9685660774686682	0.46637651934428986	-0.08981907487534516	-0.3148652620918867	0.16623459299537968	-0.309265931209538	0.356985831877769	-0.7600960931298169	-0.10957563475476448	0.7259257438297607	-0.6580362939092456	0.3903395954880336	0.4307551436983429	-0.41433528337377246	0.3411514800918535	0.3135479818293341	-0.01769083856132606	0.04721161863060581	0.07514792809640557	-0.03457949133358822	0.4525080120830899	-0.039681140007449725	0.24651971826101624	0.3498087791590733	0.7608950502936822	-0.5093880779261867	-0.4203261979055917	0.7525338344383292	-0.3407796628882802	-0.3418624847979576	-0.22569180330950783	-1.1974806969309213	-0.027818821283682963	-0.5868986522932433	-0.34924930342493465	1.4762694793104203	-0.036726672152084874	1.5591808295123675	-1.8038557415786443	0.8882730394699795	-0.912234230793575	-0.0768958584142548	-0.5609316329144326	-0.8305473845459254	-2.5228147247253245	0.2664648529084235	-2.080360310782372	0.2153637894617661	-1.3209381837233485	-2.3379411345044	-1.1666141395933498	-1.2325914710279147	0.5959548258655045	2.0011576934056716	-0.1249413950815795	-0.8206693443077318	-0.8981939517574185	-0.20220689974746056	-0.014773826449872	0.4851746029643206	0.2291448518692343	-0.9874195746499244	2.0448988159760417	-0.282335450504952	0.5376844492621627	1.0249436570961263	-0.5353947709120485	-0.322421894156775
DTXSID5044738	0.5553341066994708	0.8160705671370864	-1.7888032883559435	1.3272723538433504	3.4378982729263603	-0.8687534912216084	-0.7960298243989321	0.8474202849204496	0.9526786215340204	-2.107401788944887	-0.7922713059711006	0.3726872809058085	-1.163170031676379	1.9468016171392863	0.1610926980510122	-0.42387879075730206	1.765507134387275	-1.3064384259759856	0.029664542223055472	0.3042399520242443	0.2573882344273608	-0.2499773146160469	1.7786728410586952	0.2751408468944943	-0.7691539342025099	-1.4364146651696779	-0.4365210932950225	1.5755918692540363	1.1221169054277471	-0.9136762328184495	2.331749709151974	1.3934008342986677	-2.4499956547196557	1.4361593183198886	-1.9634900620202238	2.892716458585643	-1.9480765306935068	-2.366010961096678	2.6867183061057105	0.8699365483431077	1.7305315231772966	1.6836391782435847	-1.3348519108242327	-2.5124039863348426	1.3039623918060619	-0.7115075764769411	0.5388427012382468	-2.2409823590884597	0.37637332609946017	-1.2094728689907772	-0.6756450027339936	-2.7030598534346337	1.1727578136302954	-3.0986187907649168	-0.05335571260382555	-0.6907277755659739	-0.10345308911351388	1.5961566643531613	-1.3820155434021562	1.8524660247853622	-2.0484341097886527	1.0961029720550373	3.4324866008787454	0.6157985344152309	6.0939490831217995	0.37742288600117163	2.651121945425215	1.9557122031872287	0.26229191564384324	1.706607791020248	-0.5436822932264066	-1.0855241600666117	-0.7588755988434053	-1.4929630279301467	-0.15919399002971818	-0.31952650822812817	-0.225369933368143	-0.11043703316271518	0.5677629270190087	-0.48845288579910573	0.4260090033416962	-0.17599959786996658	-0.14053034063480688	0.1290127018584632	-0.5750074376868521	0.5913275448099921	1.0423166788306715	-0.31875599850079156	0.8040807547487657	-0.2467225372455133	0.13015799534632275	-0.5410470832516863	0.6278432082401451	0.47947038334120495	-0.6096302729645318	0.08778961201248243	0.34501592004394205	0.2929718793562977	-0.23563172679435365	0.27091242888714673
DTXSID9033923	2.8895549031428343	0.5402008202025221	0.8313009611724032	1.9010868684352529	3.6133858066959665	2.2438381004868795	-0.026464408873139642	6.118889048071021	2.7909695043534515	-0.7033194624837852	-2.377319107406955	-0.4879433753430469	0.2846684031314789	-1.1170638228235061	1.5829071473817724	-1.9302544457441178	-0.5153142240592969	-0.6876615812183258	0.5447312627219739	2.572391962013023	0.2731667334751245	-0.12105551213013689	-1.3937011330232703	0.38867662074775766	-0.7969338635118596	0.7092576902496965	-1.2640650839806644	-2.5586875055277845	-0.3875755689533051	-0.377441676605607	-0.10534405498810225	0.8770277644151949	-1.0811880792672623	-1.0053938948215029	0.1633812138852157	1.1095570237028063	1.1875825957377435	0.4790513386512618	-0.7395156555200286	-0.7728862803600998	0.030703361265014252	1.4467977193943449	-0.4698296014196244	1.1595214521412567	0.7803083623570184	0.08114084679253179	0.47039521148952335	-1.0430476497989496	-0.25035980782373723	-0.48082367365269757	0.144689916088877	-0.26608074431309836	-0.5911587664057044	0.10763998989594668	-1.025699606569908	-0.9535843736467403	-0.7278949251273688	0.4407572657950175	-0.7725000763244873	1.6108295167440911	-0.25712879564782953	1.777550133205413	-0.11299710493219343	-0.027868016107747962	-0.9067235868510747	-1.1695705512549446	-0.6132685094040959	1.4708167363918554	0.9522984683984265	-0.47299892842562746	1.126507081238186	0.9296426560896112	0.5942527627415551	-0.984176319380788	1.1905949254769683	-1.5469584224221296	-0.8289263493237266	-0.2515136114857163	-2.84632325419577	1.047585039779908	1.6340190140173059	-1.4594892765847165	0.23445634631256665	1.1041942331861665	0.12689921883670305	-2.646862948350358	0.6110128151497435	-0.9542924854417282	-0.46633226484045576	-0.815027450922015	0.13172996951363988	-0.9541511201539721	-1.2804078183682397	2.2726091618601005	0.7051120031465853	-0.9158794996381242	-0.3633131681048781	0.22278875880985	-0.4990740094100742	0.4298534202785733
DTXSID6027975	4.911529250676387	0.7338504433053011	7.507167502158121	-7.338761555435678	-0.4777263912882042	-5.825761755613678	0.6591873675969466	-0.4802204738813599	0.5715017398505182	0.017807080607430786	0.4417279462110544	1.286830630874531	2.0788971560459717	-1.5678871192087227	-4.358147465346459	-1.6879116247984585	0.2653655007133628	-1.9947847358130384	0.41988585520151517	0.8667758772050158	0.024754388761525647	0.8365467766340599	0.325861508774283	0.0720309760260331	-1.3348349497480665	0.3677002631277287	0.8849807715407426	0.29756231506797876	0.5708454066172786	1.0077034282086976	1.088868711318313	-1.3458279765385837	-0.352571295636134	-0.7560099150092873	0.09589651899497606	0.4964778402080394	-0.6276065862893214	0.324707139811943	-0.06002433010572741	0.8350167402004729	0.10382811227507191	0.12612289775935936	-0.26044254088965796	0.05787489227103048	-0.07036435456451764	-0.1733809132484727	0.5402959423320891	-0.23656769473557623	-0.030656906472947675	-0.35898782768356935	0.07295630385676259	-0.046876742692786154	-0.06527004452384494	0.18233392700763035	-0.24879957161672506	0.3482965570713955	-0.241954197117783	0.23204867280079697	-0.007138556698075039	-0.6505868270965778	0.5241046589422035	-0.4601685475471505	-0.1562194233924528	0.08106934880167088	0.49957885480253406	0.22768848051959348	-0.4661935178006348	0.32726352372243145	-0.09495902759804219	0.45285506535689063	0.6531013609264997	0.19590789587880175	0.29856404067704	0.02626924678634772	-0.20750371603339368	0.09991612381069807	-0.11747135101201757	0.050813663246759774	0.2318640955206419	-0.42573446075864096	0.8594935259339627	0.30394847820744103	0.08348958895166744	-0.34478020150397465	0.3907214500072981	-0.2839560548666787	-0.2101334446247909	-0.9896316409702065	-0.00255497776912773	0.3576562839974499	-0.37042710004014273	0.20817900646414308	-0.07409538663042924	-0.01698307954683106	0.1065546748933966	0.20372711645384842	-0.46692065813258604	0.3647703697026856	0.08181063527061341	-0.3299407959627776
DTXSID2047723	-0.7158915562105839	-1.1056837832598658	3.609299685666132	-2.373178509692276	-3.6248204447286576	2.465337716323909	1.866053299923317	3.7602902886514213	-0.12766514622914937	1.4250912380487732	-0.6591951961348308	0.1889751730873905	0.2991762943945085	-2.2510247281193094	1.5343915210339745	0.9540438994527097	0.23240590899019375	-0.2572261058002357	-1.372905594450039	-1.2159067627309084	-0.415107663042357	0.09725346085997012	-0.3666482280343746	-4.8608530266137615	3.0187331458419706	4.840259470376468	-3.4784076680393796	2.2144252695816964	-4.356377822098174	3.325769652976969	0.1899350151882681	-3.030435985833262	0.19324210160764302	1.550352944397539	-1.8637283454032452	3.8010424959315015	-0.6065422886747757	-5.093012084885616	-1.6152474855687198	-2.649393443098457	0.27641798646062443	-1.443407312484734	3.5733714128444722	-1.0713451907980867	-1.9082522820283898	5.469773845972121	-0.3671125261371441	0.7774727105537749	0.10576395671137385	-0.3482045741103741	-1.1706429603343047	-0.22699868934554837	0.6944763986504348	0.31402664042283246	1.650126138830262	-0.3017101325001881	-1.6860984859140338	-0.6759693000906273	-3.038775364290448	-0.657333876642713	-1.7617585152422062	2.3249580051234786	3.3137063754618237	1.1210145260814244	-2.758054464011525	3.103693146529451	-4.0507394982931	-0.27225535567777737	0.23859779871191392	3.173223845888291	-1.946328378710221	-4.86288403497903	-4.848698781801906	-1.2371868084922093	-3.313778622073963	-2.8942521322032566	2.557055307180481	-0.017682681298059777	-0.5217653778915552	-0.23676564435150768	0.9978396293620455	-0.3822564697055747	0.1856701356711241	2.274285302182434	0.045081117917165646	-0.6259952055567636	-0.9361699713280693	-0.418654416817784	-0.5839126547682185	0.3453272451628893	0.6274460203528429	1.5530428238538363	-2.1606156329507535	-0.2624928956610634	-1.0152603065128216	0.875410621858855	-0.3850193470362774	-0.7083839318469393	-0.13171978580523236	0.5879996464147875
DTXSID6045741	3.7462275746331932	1.1475516069810874	-1.2460523753612724	-3.8803269233441555	-0.6256699105257031	1.396102530139132	-0.38778161646332976	2.6070557577174136	-2.3063224997817002	-0.2932139454996494	-1.4523017218363123	1.650570177461643	-2.339513285391875	-0.4083758212291155	-1.016548007646643	1.2768634886771477	2.735405961989695	10.008803654155473	1.5590095072626453	4.634631876706333	-1.1647275173930451	2.903296018705988	2.874632167479407	-0.7847835357438087	0.445224381034115	-0.06002418045673601	-1.275430765930586	0.5039871075116118	-0.7747547987446021	-0.3784743935364455	0.5818528107750898	0.7277640823598512	-0.11318403215414975	-0.33427804128231653	-1.1620069437448546	-1.306422757744988	-0.6718748608516443	0.3372541804843749	0.650804938497695	1.1484591097020433	0.32161452905612375	0.5651053528160034	-0.22614410739200583	0.8350219279846024	-0.38368035024364167	0.3571781717626803	0.49237567623245465	0.26843403554468875	-0.08260608370721724	-0.12836487997406237	0.11335044179989297	0.4000015564666142	-0.1561543743366673	0.021599493375963418	0.5778388167405664	-1.6567191852458865	0.29199020141442444	-0.12145257673308554	-0.6235122930509275	-1.3161219162956412	1.3315281662491654	0.07040812338847899	-1.250570309306469	0.14584470786739515	0.4236482710052818	-0.47920133454478825	0.2721369135983341	0.20299330677492783	-0.2563905661337108	-0.7175440889055567	-0.8422529174760219	0.23641302055984428	0.4772390903043812	0.030980253172841084	0.25337129890549015	0.426060255326543	-0.17903277180208682	-0.4576528549608266	0.24068632480464627	1.3193035254469354	0.22928636454180049	-0.1552591488556365	1.2951106322551251	-0.9868716174708033	-0.2749566925202992	-0.17114563430287882	-0.04022371887913582	0.5045106685560831	0.8318483519756834	-0.3769556048411546	1.152421419365899	-1.0846950483778726	-0.22886368861259118	0.35467740920792246	-0.06604510468835281	0.0445927719199215	0.17183664930429307	0.023299868537958374	-0.22343078921020046	-0.20237210433770203
DTXSID1049275	-0.8394123262681468	0.20673727886074184	0.08111465922676402	-2.351184948616862	-0.20184742504895875	0.7384076543795107	2.8498749425299605	-2.7526163863802533	1.2020114507931816	-0.7923213176162592	0.4319266827861143	-0.4865531587166571	0.337457414570046	-0.6695139167561022	-0.4463580467589812	-0.3638482933077871	-0.16294869616745689	-0.12634585598988923	-1.3754188129366751	0.6616976411060539	-1.533063343959021	-0.9362398712836003	1.1172223875834693	0.01871191472526626	1.8397579148981023	-2.5878351294318094	-0.21620493720121958	-0.5501391726715307	0.6144212987193998	-0.1481295514752702	0.5096321291566177	0.20607336957987638	1.0303146145935353	0.4370105827824884	0.7288748933165089	-0.1593682064504778	0.327132914645512	0.6177553483525002	-0.4878189799988757	0.02181954879921256	0.022722373229828736	-1.4647139917928844	1.0453781733203045	0.4250351177162835	-0.9124148502552821	0.35254257805313566	0.5627411346693351	0.39838499016740336	0.8052486698899928	0.7421163268008775	0.2274286314832319	-0.03248802169963084	-0.009381319893777034	-0.4565352969834681	0.40910246059023814	0.11488850467415926	0.11897832504808435	-1.2019961222364388	0.337990201977661	-0.8937577790194003	-0.32147095509129275	-0.5547636737478912	1.1004917138130348	-0.739610945394896	-0.2785077025031502	0.31320333659666777	0.4504396183032339	1.3658810703642803	0.09611501939543435	0.6313337459816525	-0.41682468194153083	0.7008076907517021	-0.3723619683850327	-0.19828792142531693	-0.1593248536929147	0.24420344553399898	-0.26523022990788603	-0.2848226465768064	-0.46545940791803486	0.6169459532830974	1.1084227420115174	-0.1713884323691887	0.8281220762838346	0.3470677838306883	0.11807287857947443	0.10831833874900666	0.2350843140391304	0.7474093099424914	-0.5689520419044973	0.8002708279372486	0.12040519154618344	-0.2837844689761046	-0.2493668839360401	0.7624558060065124	0.28757916243452697	0.1366309709325121	-0.2936507054453661	0.5631229035887761	-0.02563186092568929	-0.3683882075756887
DTXSID6041551	-2.269938636982744	1.1667753661295754	1.912388028846414	0.7388362709511068	-2.2805411037178414	0.009934129554209147	-1.7895681368748892	-3.5319199296341792	-0.1779897514182702	-0.16308057995126	-3.7358147566599693	-0.4979443152082917	4.410754678482839	-0.6061947943142686	0.9946061896265659	-0.6059290853918348	-0.9429102750489126	0.41251026324570983	-0.6543601649535931	-0.33466306997435247	-0.15458965062283617	0.24404165112647874	0.5733019906663026	-0.9890784156385373	1.7278064653071112	-0.4058106469549978	-0.6946244073208044	-1.1091797329023496	-0.5729626039094577	-0.11259975216941501	-1.6093267929054722	0.7694773189207699	0.885283986550996	0.8386959678856648	0.5335277890833465	0.4932714319680522	-0.8833908834898291	0.5755227927463897	-0.23775851926466926	-0.2463099002799748	-0.14602940255632785	-0.17021205493042812	-0.2425981126495298	-0.5575713773730508	-0.3345142684325968	0.18388535093617822	-0.05082608152201859	-0.24221801175052346	-0.13238841589772748	0.036645659531900215	-0.012510354911172165	-0.37521704224199615	0.40109833995210187	-0.1682218195152194	0.15570213493003388	0.5690057130589701	-0.07941883509406002	0.1379953547423504	0.026546295411725596	-0.3122229557491452	0.2754523472964701	0.5743281818433466	0.15330954776138705	0.2258559796160742	0.2305988976046549	-0.7272203676766583	0.10979278797010798	0.8621396528480447	0.5121071813355265	0.4177274538556361	-0.10489540348738438	-0.049929461621712204	-0.039627528955073384	0.4127482370250545	-0.08856375860972573	0.03355662667187084	0.3689127896469457	0.055685399286329665	0.12451286529934126	-0.0034573751156697667	0.14412132445520276	0.12746553526212767	-0.22842594340363861	0.04197078034518108	0.26526047830902383	-0.21186343676835143	-0.41502112142841985	0.14954810878045136	0.30657579803325635	0.16567452090655987	-0.24059206360021052	0.6072512162567645	0.2980360681225344	0.39861900629631153	-0.4307482513277399	-0.1174913327330912	0.27784052918263347	0.010277259373141967	-0.04040913466516134	0.13448158650588415
DTXSID2044686	2.9005800033840723	3.893195822004012	-4.346733577860833	0.3923857135150558	-0.89023834503409	-1.1154247006371218	-1.0744209793960822	-0.8575637860769488	0.2880617258943484	2.1428527425027863	-1.8130655891588399	0.4061349732370032	-1.110581400559429	4.225937154100569	-0.5205288026983527	-2.0603749362385457	1.167171027420319	1.3741800786069678	1.2851453757938467	0.2325092932049554	2.5711080585483432	-0.6817546226248213	-2.6788605293349455	1.893080743812032	0.5340557926842154	-0.5019012077834886	2.868593897331721	1.2287359643473643	-0.3534235471481688	2.0560936131379894	1.2227058149933465	-1.5333667061347043	2.414604361338636	0.2615411665466493	0.42721094943474125	0.04982695498082119	-0.6094316499379322	-1.753756134771366	0.7887656919342795	-0.05393206621786293	0.07815772627213516	1.0131450689050763	0.39210818527291086	0.6230507892291598	-0.7603566223872413	-0.7284765451310059	-0.3474576694843951	-0.6488669060330179	-0.743141388288158	-1.5451888662920128	-0.04482345884335404	-0.7817011956978152	-0.4080234328424911	0.5122618968152923	0.11266985655921824	-1.2898942868581857	0.13248649821979983	-0.47576046266303273	0.7646130238315754	-1.1522750570970004	-0.9550113130673953	-0.3300096273328385	0.12882804615578847	-1.5486671698420003	0.04853376838928027	0.21310261549003626	-0.06556596468180745	0.6116696421113076	0.1432687727969745	-1.0226939479154253	-0.34470638201893483	-0.43480173651175924	0.4181009136581686	-1.8427374885351548	0.701895477218214	-0.6475527049387418	0.6120635065861855	0.1598571848159219	-0.019121342508198025	0.02127315752247824	-1.074273177705446	0.1217057059322162	0.01594218420873146	0.4851666913601381	0.5076932498641193	-0.35134351919510914	-0.04698825682224574	-0.32847307058316605	-1.3379444194010195	0.0903463206772138	0.1859212815961545	0.7262715244573932	0.9556496080386313	0.19694529350854517	-1.2919428529030572	-0.19729509702895232	0.5544550466251499	0.3308959021882408	0.42941585346389133	-0.19803917578083696
DTXSID5021380	-6.681160586691833	-2.4606976444306734	-0.11529621416688775	-2.2910594258291157	-2.091143915671596	4.1257936416689835	0.32660151111708746	3.4064642517475714	-1.0606713094645481	0.4449734303810242	-0.15870179234511428	0.18279677893963045	0.6245525609719816	-0.2344747475310357	-0.5842328308464323	-0.24195527866926164	-0.6089441907999975	-0.6417627495554867	0.052252496819677315	-0.13230599936664714	-0.5243965961428205	0.003137565963171574	0.41798410720214807	-0.26184689453697063	-0.49408487076894336	1.36368169081057	0.23804816840579474	1.7335196988978028	0.23396539431243102	-0.6433018666949323	-0.9717202922455083	0.37399201570359863	0.8480483136314748	0.18407174801637297	1.4672129649753363	0.8684914411156549	0.5045793892752451	-0.6814856631012778	-0.5638629914667032	0.2954837741345825	0.4211961802562947	-0.9654581149695349	0.14322581061324338	0.21746649123077	-0.26677858264898596	-0.05606806791080703	0.38302464520268503	-0.5442352828892892	0.2505074141709515	-0.6924303313473001	0.033772831564091006	-0.27361247101620684	0.45929323556505	-0.16332579851975385	-0.06882829534722389	0.09499922587091258	-0.2884656877149411	0.5592433090713194	0.18568354803447118	-0.8278275139234796	-0.5489734776554414	0.13339737476759764	0.213218234701206	0.9062254777697653	-0.7998259421449386	0.6377103617832248	0.5926481155982364	0.2615639744832327	-0.2214364510843065	0.011819162062146539	0.2718226680458297	0.1364712008778086	-0.2519987430774089	-1.180678206443087	-0.5255290143637212	1.0348997905139858	-0.4681521939769492	0.27043627899977524	1.462434850334621	-1.8173276945242014	0.48308420109960976	-0.3398785670780162	-0.3839262921375751	0.18635510690991872	0.01712993568183856	-0.8390139434148907	0.3702518248188581	0.34929272020839586	-0.368200373286196	0.36856893414512565	-0.07891945067049327	0.05748555825585437	-1.0877697249595213	0.040217992262796126	-0.12196244121190994	0.22148973390890936	0.021377185955074755	-0.1559571604930314	0.0014305868426530565	0.01623524249441157
DTXSID5024001	-4.202856088979459	-3.554451471371747	-1.6885234604807515	-2.9614129379291376	0.89765261732798	1.8875653617737655	-2.158507586487768	0.97433964158588	-2.9497886394288706	-0.1418427679446624	1.5047176953702501	-2.197204062316713	-0.19292695799240425	-1.700392181327977	1.6386028036985854	-0.511208037037043	-0.06464052095473445	-1.0754379087965964	0.8602027585550704	-0.08105901369928897	-0.4072804405437626	-0.10871997958056369	1.0999387395206681	-0.2517665432563083	-0.7486573763391501	-0.3014217400973805	0.6376780440815595	-0.6498825886327995	0.0039630683145960716	0.6449166815006044	-0.13210676742563482	0.12713388172114237	0.7870489491168194	-0.10231237677172544	0.9061609572433463	-0.30194324490301044	0.4380362929325496	-0.1168615450583768	0.5119969673471949	0.5371337175293032	-0.8091827610524059	-0.22894192485427303	-0.4512091518625433	0.11485757150676454	0.040278074130571426	0.06163642216158479	0.02688324225481616	-0.44832854288380786	0.341168138492236	0.4406840037057054	0.26761161535692224	-0.03310119909002079	0.4800748193703565	-0.12536295588957622	0.4313452350699567	0.2622230888024241	0.33582271423333604	-0.48031816095996316	0.007308240077403131	0.5250851411978564	-0.5511834074529437	-0.4477732797865845	0.1323603368692811	-0.12336311489246679	0.10470901940543388	-0.1274090595630601	-0.30766201343925914	0.017709655771780505	0.12785890590034132	0.6880510909227544	0.6189930435224615	-0.10607614956510521	0.07306052992253627	-0.33849694477362685	-0.26169019217262746	-0.300858586312243	0.3583181613344111	0.008968282871303072	-0.1786313752678859	-0.21530724809531737	0.580720409850324	-0.41919519950677325	-0.594887980859762	-0.7475685540547462	0.3931193839395675	0.36447303738838527	0.4965232408382512	-0.6287377112241307	0.08312231569388571	-0.12400516737963778	-1.1563891719617556	0.5996222545275012	0.5308751193644324	-0.014610136684969285	-0.41605102788689063	0.3075889202398669	0.07037617644581563	-0.7986686592146872	0.1217580451115832	0.49347345185138425
DTXSID4047882	-0.7574398436539393	3.88001824349771	-1.2881573518372658	1.7684872080457938	-1.5480425824348634	-0.18871789508466047	-4.5653627424151955	-2.7704144240045774	-0.993652463153003	-2.6746779243238086	-3.8080830679842688	-0.5792415051128171	3.5395509991818024	1.0422313495263016	-0.620196301488117	-0.5976259779607646	-0.8082475930116266	-0.32052109289352987	0.3911990804170331	0.9592536726548684	0.7154674175564613	0.816066057626859	-0.23754305626853625	0.43419094725248303	0.13462734299898688	-0.048451726729898885	0.3150141885065983	0.6400812940292313	-0.050497114823458616	0.08178436440939997	-0.28234769416637795	-0.9404519822473899	-0.23231703203747855	-0.24243715858035078	-0.15986357256383402	-0.022804768290325034	-0.9804263397062595	-0.49489552453387564	-0.29238722762192093	-0.5997095245294172	0.20862884140513915	0.28453119685775424	-0.07707565146952579	0.17870454127765897	0.2935799589496275	-0.27165483698721465	0.36523207440997624	-0.24436740012890137	-0.41639910188040474	0.19323889471064049	-0.15267361272012425	-0.45267516121166645	0.42004650781895175	0.05325387929643633	-0.5951022499125136	0.5621066796516107	-0.0396763113943444	0.01270880954543143	-0.3002990795411942	0.29022037823132874	-0.751495227725636	-0.21308952791731703	0.7320689905572347	0.4881564257771891	-0.006164870782084505	-0.6451514549493107	-0.11771095846425743	-0.4395745051885663	-0.7961316064932087	-0.7813168371374976	-0.006824645159831267	0.05127120131736173	0.04125776779378463	-0.5210374903294678	-1.129430597206576	0.11102940568687505	-0.3103554123919117	0.04175948789703282	0.06199709736882043	0.02006123477575679	-0.06926520993878207	0.31182724013175395	0.10596264323494135	0.2835201438255576	0.0944689089114913	0.17767123913693034	-0.262613366441631	-0.5385377557896396	0.29734190235799346	0.06861420741186869	-0.04147817695117042	0.04251247862533492	-0.32950138074661983	0.10371889930977408	0.3184997042121395	-0.16600157512339245	-0.5137511856657659	-0.43195030204294227	0.18487843928552977	0.35121371241650273
DTXSID5033701	-2.4111277560292947	-1.6176115151658537	2.376342907667659	-2.5785589561158027	-1.8997075033238748	-2.6669128789621843	1.0323372552735928	0.4637006980705942	0.9056658895946806	0.6353162540643851	0.6130803329534154	0.3129214513890756	0.6705483305385476	-0.10969698061791355	0.9367981276060465	1.0901394304921044	-2.4078032262302687	0.32771293211321034	-0.4236234708805437	0.38860180298031044	-0.7988022286586708	0.48525513902449435	-2.251292268528584	-0.9934257814818279	-0.2172290280918973	-0.6459177877850818	0.3877518386196139	1.0789201261273798	0.09224400172170336	0.3064662503190763	0.43257931872972183	-0.11380782995710406	0.5992701591175332	0.13270852709558725	-0.6877403443646216	0.12823315876430846	-1.2635638226921015	-0.8911010115222924	0.10097932150686749	-0.3935951467608322	0.2242872812560128	0.11059458806376549	-0.5639212092060334	-0.3517298516123359	0.5133601367894233	0.3398226279330928	0.09377738429211067	0.2882606951023693	0.04284801170513026	-0.4548951980372269	-0.2739267328077775	-0.34372749756676885	0.1224117271413421	-0.0075365622926979944	0.43647302391085724	-0.18263490353560805	-0.40272881654139875	0.7005572993547887	-0.13691672808751432	0.26496413399202945	-0.07673015712399796	-0.09879188491760926	-0.8086552155629118	0.4342488129836624	-0.009052133602804997	-0.2697026220286176	-0.13599403578466393	0.20855125134053445	-0.3789843516684858	-0.5288829872019168	0.14080565614551158	0.45896736256845905	-0.1671305246907894	-0.09351590234694748	-0.5851012496671066	0.5182862754240495	-0.3461729527101465	1.0083789556700082	0.1649228830823875	0.4157962171939091	-0.36750242763705193	0.703674031866215	-0.7279203319716844	-0.5592238473165847	-0.278411999626476	0.05403473509584293	-0.14207657162736018	-1.3556070784567886	1.0017584313810532	-1.429604608587502	-0.6309433605439068	-0.5621882028482267	-0.8046238654815809	-0.2705880622481933	1.1912323455910727	-0.10107987774312864	0.8929083262455445	-0.17075415400551958	0.5744327551991025	-0.17081369844442373
DTXSID7041047	0.9172211267205905	3.6918808031287806	-2.116179328853009	3.741204563406695	-0.5654421652940683	-1.4672126360047595	6.868339439347335	-1.730488849752718	-0.9731481794090252	-0.11990386790896974	1.1120789846089467	-1.5226112363365907	-0.7592908715147122	0.817402563306466	-0.905506727657565	-1.6098793101547992	-0.8758834947683974	0.020303057057419402	-0.4021288023849841	0.6938214318005421	-2.466546233215669	-0.0837378104888996	-0.5286890802842739	-0.5281430028956469	0.21914346303786947	-0.6653992710158572	-0.9595949707759279	0.5243520538386723	0.2550397565308334	-0.4709257719206991	-0.29938032605938625	0.5051381231143968	-1.0224698264636933	-0.09017533440383442	-0.2677273087655208	-0.822252752643171	0.09118742564367742	1.7886577617234116	0.3801919341607754	-0.518304936408895	-1.7095588339877084	-0.5641418068080467	0.3755358379484693	-0.02058973631155752	0.26860361528498755	-0.11290516195433346	0.5576179602010837	0.07184790458273016	0.6902781401843651	0.46129914434853314	0.06079487188291003	0.5312950796944271	-0.6206750119881684	-0.39870851589171896	-0.6165834773604885	-0.2535414723743864	-0.38793454411325057	-0.049406227777394986	0.363881317120922	0.5103968314773684	-0.22173242486368921	-0.12172225147490623	0.9634377141034765	-1.0030328607092025	0.055049026116693114	0.20024427736219463	0.6243067372373938	-2.5289633194149848	1.1479691727514816	1.7300778524257854	-0.26331815593289876	-0.7174682148823815	0.5283841448008061	-1.91025090158196	-0.1257215331039237	-0.5692085553952606	-0.027635482872288286	0.12058387273728062	-0.1825035910375437	-1.2322733639441377	-1.2205766840660566	-1.0083007932869994	-0.7957340591899031	0.6496366635773674	-0.6748957320417651	0.30236165795761427	-0.26520106320025394	-0.16154426274421274	-0.39064563773353694	-0.523551737745686	0.36162273067998946	0.8579249430020022	0.7610683661135635	1.09898503982303	-0.3017933120060315	1.2435869573600957	0.02499424712532513	-0.5336128652119404	1.0052275618435318	-0.2733612862924774
DTXSID00380798	5.054904154746843	-3.5753686045875814	-7.820886182245644	-9.820460016609012	0.21855129924439964	8.150398455720744	-0.5108444585639966	-3.659104375930217	6.717661695702509	-0.6280380544235488	2.280063359120724	-0.4182906194701867	1.7564201654994749	5.5450186155248815	-0.6688103365877212	2.4691639052016354	-1.111644034283597	0.7917724137233608	1.0622169648508355	-1.6602367610006377	-1.5979805779569323	0.31910962623616745	-0.7040111912017779	-0.08541007885930615	-0.31313188861387536	0.06277451452276826	-0.4574516344510242	0.011294373784113394	0.4916321752512385	-0.4650169052753042	-0.6942864801703029	-0.8077378029424535	-0.8306992070403751	0.20856510021781413	0.5306879817253075	0.25501945077795907	0.5398262472503152	-0.14307519451613443	0.045217675623098565	-0.14294333011648863	0.261502316805907	0.3434435272002957	-0.020513040304634723	-0.41402864568218545	-0.6399322776316364	0.4679261441396001	-0.5423979739162899	0.5452268935856287	0.16468635434783443	0.14132386888967674	0.02858365108662935	0.11024933362681755	-0.17096528364471617	-0.08887676602843905	0.5525382040236704	-0.11329894683550558	0.2520532099579784	0.4186084104827145	-0.5827648847370321	0.18526517781025678	-0.2950910072487314	0.0919210585352203	-0.46943510306738895	-0.5943619792692768	-0.15547191938558846	-0.5606236544671832	1.0335700952865077	0.07692797317757281	-0.33113347412706884	-0.4666194282646366	-0.22425146507608387	-0.08065423535901133	-0.3004227858151409	0.3015200017816374	-1.4204172337022487	0.6140189820205998	-0.5199681805663462	-0.03571970741840516	0.2992689028130694	0.7044583662214668	0.6851922079723439	-0.14817998332284113	0.2896457415899073	-0.85898707997282	-0.04542528059725416	0.27578706337740827	-1.117975918586658	0.004643511772079199	0.40274597123709993	-0.22247509896089113	0.8023103565250361	-1.1716846300429915	-0.853521536558431	2.2581176692777967	-0.7019118456590601	-0.7869941828154617	0.9779769914992094	0.1972311836174004	-0.7480910623296803	-1.0824293548935087
DTXSID3025257	1.7830201800653829	0.740123899375063	-0.26123656300519343	-0.5532879489206497	1.55259833710472	1.3646896611259078	-2.501663411746662	2.1546165400941755	-3.527207896694813	-1.5402293518634007	2.188974289630184	-0.7510869145006969	1.6451099955457718	0.899917917206227	-0.5462358825060059	-0.6553490599602215	0.318560911122742	0.1792041669920682	-1.2192755515549747	0.8645395260486958	0.8088107402782876	-0.7723537232103275	0.9646646926022869	0.5669330845376493	-0.2814408855750336	0.08171315988381661	1.7257695706712175	-1.805324306097198	-0.42945837330618214	1.047854307640086	0.41590217377151273	0.8451059177439484	1.2357781301354254	0.6223601938966103	0.23112330758438168	-0.44273271038440093	1.0934601852558388	-0.125924068813248	0.3745491370958573	-0.7553861588343304	-0.2913871389724721	-0.2631389647324001	-0.682463889489197	-1.6953394430445294	-0.09559873206643335	0.09971703301085034	-0.23446773533687534	0.4020048598843133	-0.2515901785493269	0.22539811400740983	-0.048671834174268735	0.34008913552714587	0.02988556926567382	-0.02724603214217259	0.7260166287269473	0.37290425254561543	1.429376593143309	-0.7639764795682669	-0.09966894203772872	0.7183362613245822	-0.37439712356499183	-0.7096334858440744	-0.05747317628127762	-0.5205936321466131	-0.05733630394975044	0.6682444123016797	0.20650068430723306	-0.13333674106613222	0.357254482599123	0.3367647821413093	0.4672610525911652	-0.2259477430001829	0.12137832592526664	-0.20902596428735917	-0.3492349176367763	0.4982549603618552	0.10873592809863195	0.8259136880260651	0.2085204602978752	-0.03805389122697652	0.4147064066128576	1.097331142694947	-0.0919182255827172	0.6219426409517048	0.20802651756842455	-0.05298907753607191	0.026338869643418996	-0.6229228908954152	-0.05390129555966241	-0.011867532044007905	-0.5280163572932689	-0.25482800454112836	-0.030622717284178844	0.5857251548028636	0.13185558336241215	0.22157047995177948	-0.23390695401255082	-0.40782906862332896	0.4246756212458451	-0.07405805780972584
DTXSID2032891	-3.6095646484175874	1.0739367637721613	-0.40490500937877333	-0.7971053190163342	-0.44290685636752186	3.1834567373407965	-1.2080754339799589	3.41531746563325	-1.2049554996586582	-0.7300702080731625	0.17916807638222887	0.7614449129403538	0.08116001032995245	-0.6309561682707735	-1.3318875014917497	-0.6601424116542939	0.09680717244088721	-0.5449787240881028	-0.17954132021679506	-0.10500744372892362	1.0529790476636927	-0.322785289126087	0.17797799664347916	0.5254796287003547	-0.6034791910059772	-0.5720972326635011	-0.49722350234026885	-0.6884282481651306	0.010117653440196498	-0.3065274152373021	0.5561946625676109	0.47626422012585456	0.29774262970707094	-0.406256030734528	0.2892902082584425	0.3886258298587795	-0.49523694127940177	0.05882701980116629	0.017632963660107717	0.13058923977583614	-0.4916621138249261	0.011826599615574267	-0.15348101408929615	-0.19554348935919091	0.17860809384098408	-0.018602917679764363	-0.43410680491084536	-0.40300797885262124	-0.1335417109457321	0.03817628023029868	-0.09617210416763379	-0.19696546680269048	-0.1350540612203484	-0.22622450084367793	-0.2875233530199868	0.24332920893939938	0.11485455608123948	-0.041661741134557395	-0.27654932351988987	0.18855657358456984	0.11500802449260739	-0.08703730965418348	0.19645114591114976	0.07385985278660087	0.02919151995013351	-0.13011848783453683	-0.06947660669954474	0.2914027397343555	0.5415805944393546	-0.534640485165995	0.4474656229015967	0.42452788349923026	-0.21090994795864954	0.16648913340656135	-0.15473896751309923	-0.890612066922598	0.9384858120598775	0.3639644923691345	0.045221873232152814	0.447082152350496	-0.9138436988800852	0.054446758776619884	-0.25479281261004855	-0.21209230619904612	-0.04127384509311696	0.5049877645458757	0.3665088586690211	-0.48263396712839607	0.06593346496093255	-0.09814103745426744	-0.15653023135019925	-0.5076928489715601	0.3473922344406619	-0.28806047233743043	-0.1825383566676323	-0.15687817211396773	-0.21539039942529054	-0.09593359267668897	0.06966057299972113	-0.3986154753962784
DTXSID4045474	10.355017761826529	-2.673861588475014	8.40664905284802	5.037200509415619	3.2210098543300014	3.0192870528619435	-0.03984106025747494	-1.0889879186048073	-1.824859014875222	1.149744871051671	-0.40811361258855045	-0.26033939592358535	-1.1505289862218318	1.3251294521587633	0.4966864685215211	0.259429572965878	-0.1625966616189331	0.10032627032245939	0.9591303383448756	-0.9007251286633984	-0.1444469361484488	-0.2699630667151939	-1.4737488520126063	0.8946809893844664	-0.7546340324952643	-1.1566970706488293	-0.5570506239596388	1.0059552022961489	-0.07896853679214393	-0.23025662966357607	-0.4996866136763517	0.132467425150468	0.7300231496219715	0.11243390674661499	-0.7216975944499795	0.1644273281371929	-0.7537310898330706	-1.00720072687426	0.350565616338554	0.14069002096673008	-0.7124276758409421	0.3057286723770069	-0.07094248499254788	1.1717151015428477	-0.5733372069405441	-0.8668167558743782	-0.44362708548624874	-1.1322091736943993	0.12984239412552484	-0.42129304088924174	0.07245287890835467	-0.6023777873241196	-0.3973842494290578	-0.1029046611169774	-0.04969301765807209	-0.17679235059677834	-0.5735055976441268	-0.051874357221797514	0.5291861064472396	-0.1360532132424755	-0.44703337114138986	0.6150644835051252	0.2593967497474646	-0.8635287428114962	-0.36698898291748905	-0.6353797367410153	0.5308626060488535	-0.9464043367730779	1.2821212811624176	-1.420127458408527	-1.208026707440675	-0.5763167462003816	-0.27309783280905203	0.49708169016131687	0.38346450535040355	-1.1867356873648724	0.9583583611675779	0.1411177373121977	0.1430454296212251	0.16026244115910512	1.413760079121945	0.03282777321268759	-0.23798533820563042	-0.308937281714454	-0.4512385402335324	0.3920810118495236	-0.035958357081937044	-0.29616000548923127	-0.3353276565992716	-0.1764861778862813	0.5869898370327479	0.14536115589838272	0.8960610463002033	-0.05033079512241413	-0.2384024573087641	-0.5879724999405934	0.038461613734450194	0.8275063531556368	-0.23980442699523932	-1.0376730373113277
DTXSID1040112	-2.9076401098203823	-2.351402148249406	2.612606364251208	-1.9038373947036844	0.5392619814518228	-1.820634598846317	-0.48387745436480945	-0.02016315594067002	-0.11860263737635678	-0.8652209758493448	-0.49121219827352836	0.3961625734562889	-0.04267825637901619	0.829221287636794	-0.8759532946035058	-0.3692063625296709	0.06280028156108454	-0.5251670224859809	0.5607340946928356	-0.32950606209550687	0.23270100091046092	0.13280430639444987	0.5975057702510493	-0.24241083923466655	0.13780285062844727	0.19841655083597795	-0.3135469263993698	0.10231963527939474	0.12449203962666049	-0.1242484150812291	0.10103959052883571	-0.3044588366554432	-0.17820756050657183	-0.5417893198057722	0.15338349915071153	0.04232076539322097	0.2056714115697721	0.40867492343325257	0.1780745229206651	0.4608382934820475	-0.14442663255713023	0.0544071318745433	-0.20314934938753915	-0.018286362837630937	-0.20125914664343703	-0.01307485701765845	0.09802388507932967	-0.09028024829730584	0.10141699036244242	0.11792987635956874	0.10003445731869308	0.10465952495930093	0.11720927176842938	-0.12137446585235874	0.008872177949818238	-0.1610912471953204	0.004052684512261596	-0.07986123634459864	0.14920960034405018	0.0726835004289901	0.2232606538778959	0.05826997486484893	0.17750421570937017	0.027860445492643982	0.04568196938827412	-0.19133929477171713	0.3795203921722666	-0.48458423882654317	0.120670914450771	0.5565858831977721	0.41875201549875923	0.18538801951847375	-0.10969455473533798	0.02071121033717802	-0.7504038274664382	0.16425331289909642	-0.3234644944770642	0.38718692181946207	0.04694833861417456	-0.16829224205296606	0.05755921839264884	-0.21376116701232725	0.057949217327733275	-0.1032121806077539	-0.09295004135494345	-0.06029018057711359	0.18026179889244445	-0.0005392296704263207	-0.029087994288966742	0.09908719352477374	0.3130369972525363	0.25028030183701594	-0.036573915358848845	-0.28672033205541086	-0.17225348767164508	-0.01597841559297253	-0.006617896104137442	-0.010294947119127096	-0.03298632794579709	0.2563839390149462
DTXSID0045462	5.061871665836076	1.5357614746459773	-4.278390994882117	1.9969464636465994	2.951989670707895	-0.7445164422450314	2.580555946964266	-0.289225371421902	1.4609144821290863	-0.8270035206517068	-0.41635741912594787	0.6096212831174271	-0.3028606425183695	-0.3195513678482301	0.45368348301833705	-0.40460784558898777	0.6194399219575154	1.3682169549949867	-2.8512578571683127	-0.6243022454529354	2.07175520723063	-1.4730514058005588	0.28363845419154693	0.6135830756622016	1.0455317420283534	-0.2495349546536848	0.6747357845148224	1.5017762836830126	-0.40613632878465	-0.8257127393589557	0.2301802799056084	-0.05600848300680053	1.3085337624521465	0.27294225536243366	0.04311613950196188	-1.6738942821581397	-1.6813066124884408	0.4977379835765895	-0.41292701128627224	1.321878893677759	0.5034619898672554	0.8003536385596927	0.30316318734935055	-1.3360810462976909	0.3084775504256513	0.6928436382474356	-0.16739292031403688	0.04651492946334711	0.27224181808957826	-0.9986229433464833	-0.18491769566864918	-0.6191466654996995	0.014069736512864911	0.35288702522247833	-0.14639949119602103	-0.32944298065782585	0.049680662767909674	0.7102380202918567	-0.46487836298063173	-1.4921550067697191	-0.07875147560223608	-1.7459415871080712	-0.13183168643460424	0.2455055757853135	0.7166713710280275	-0.26791341538769237	-0.593871408800038	0.11724707216974617	0.20694224697708516	-0.42173196679740893	1.858060114646211	1.0096011037386161	-0.7473380194280739	-2.004217954800292	1.1408157909713048	-1.7346929658142205	0.8775077069286064	2.066998649003382	0.2815862108047785	1.7062874203766463	0.6909995108872117	0.5881647762606348	-0.5704873263283753	-0.6790325412132333	-0.12707697699611917	-0.10983115328578606	1.7765272959551235	-0.2995615199636707	-0.20353776661894907	1.1222399036326975	0.928044354296368	0.44687470864606493	0.6435781961272722	-0.5215965884555579	-1.386176363733748	1.0010846534695335	-0.42103462023334404	0.281584044633127	0.03240038413968512	-0.6461259880363511
DTXSID4041573	-0.3604501174464694	-2.864684683377556	-0.17712366619814532	-2.8683225676142765	0.6458393012006494	-0.936591828977463	-1.214171718323178	0.4375902152198466	-0.9848340148377897	-1.0143950682509397	-1.2533944670007109	0.3032822862040306	-1.6459317155857853	1.186653422883315	-0.145010291512956	0.19385467796955125	0.05593414554023226	0.35077278276125345	0.2604686712703977	-0.32151555790283215	0.8253715587968455	-0.2425830963927344	-0.29944339272847037	-0.8089518009093588	0.5722784644927329	0.009285648081644173	-0.8283453137074581	0.2502400650361048	-0.31958792013521825	-0.38403632958948414	-0.04043174188824247	0.19232311681855074	0.14155772307651157	0.2890192473138759	-0.2987581260660051	0.3221417269092897	0.21644654879191683	0.23576056194665154	-0.05539471305773262	0.2620452978101634	-0.03551670716335865	-0.3594515286591867	-0.0323744075985812	-0.04492532254318377	-0.2801386228746639	-0.16958885461766082	-0.0012048878689748456	-0.2900257342993922	0.17835670167687104	0.01745241008550512	-0.09421177998247231	-0.20984411714549064	0.0676400149854713	-0.4307362652260164	-0.07418816846082187	0.27458827772883065	-0.0929243834305451	-0.12017022004181077	0.11769468934520855	-0.027136224311143098	0.14560960470154646	0.3725510976618493	0.8014662908699259	0.49055812999332005	-0.3644907767366478	-0.7654677557340909	0.009932330462468341	-0.35647649214589305	0.2269662864354117	-0.025956404824007653	-0.1999433809635797	0.5962166690874725	-0.522513464142978	-0.41666526564760803	-0.700943153273003	-0.5744587268295548	-0.5330202186014255	0.556796597869825	0.668324311054171	-0.3918372421912917	-0.7466792552184319	0.033268170247418245	0.065787954392694	0.3609622204069271	0.580104728132843	0.6791489325949931	0.005468511098090417	-0.1375076739433257	0.5088042019025399	-0.5624162305343059	0.4891898180528046	-1.6612960383331075	0.7869474412977826	-0.0003117361869777536	0.18543248655195646	-0.6855116816630533	0.7377983130776704	0.4956221452842725	0.3175813422820047	-0.03601037040197118
DTXSID8047391	5.52794180090893	6.256208350331694	-3.1359110960759815	4.218182871332029	3.384151617727793	-2.2810941043110717	6.868430117900606	-1.0668451212632686	-1.0031793900110864	-3.1469559045904014	0.05245432421681092	0.406393159205411	0.726130283715904	0.08082193225805184	-0.36053234406008094	-0.017133862315532433	-1.003954391246255	0.13706205251820353	-0.5648387449403871	1.1973047272182342	-2.762684488767155	-1.2476587302439974	-0.5754731353945028	-0.22186084634999564	1.5303534623827093	-1.8960936466824747	-1.6009038146232277	0.5708783127115427	1.4097099751509243	-1.3218470941379081	1.7894349989488425	-0.29794360601706055	-0.10700556432321019	0.6974414921492895	0.968287617888016	-0.5142298293936728	1.0657665037854904	1.27926571827805	-0.8993912715350678	-0.25059470934124844	-0.2100100461812381	-0.7219358368198849	-0.14776772857099113	0.2851348212457404	-0.5926274945711916	1.148784237056853	-0.07924939725922286	-0.44261313954232795	0.9175862928174556	0.1963489219492522	0.12849172775825715	-0.3110066002532766	-0.9391781423090183	-0.5940558934400848	0.2183346845746796	0.06602524734064802	-0.5353997439986787	-0.016900373710231554	-0.2059689313347098	-0.7921293958781379	-0.3714189956959925	0.13058086322892398	0.443087414732179	-0.78640900049544	-0.8469141770476712	-0.9606501549653825	-0.44063820369860457	0.453121287905961	0.41629238910513644	0.8574906401110239	0.8854653336955822	-0.7013581105155225	-0.8706592002398515	0.767655818290857	1.5862936848095934	-0.6332676177964353	-0.6199170856794745	1.2321886862143951	0.6135282053438132	-0.13477332855197852	-1.0572675222009973	1.5623627883827729	-1.6974379632266587	-0.7640012568897626	0.2565551598819966	-0.6286997214928638	-0.1213145380090549	-0.17157480443395084	0.16970903644785937	0.47207460484844865	0.695873234385503	1.0593748639566989	-0.18088612995760472	0.12626027808239693	1.0430357498793343	-0.2583208408511309	0.1232182780931332	0.07224281005089642	-0.19988557334609167	-1.4044339306160862
DTXSID9042259	-0.7220139388336818	3.8815822834655256	-0.7150380059054684	-0.5703407297022289	-1.0168936276274136	1.961050539692332	-1.196815440933367	0.4789781282170623	0.4828465857011332	-1.0528947072717079	-0.23168245363383005	-0.5514621637823829	-1.454246034028942	-0.7463774840901121	-1.1096022122827913	-0.6614367356262019	1.9595402702372058	1.0320050452750755	-2.4749859868148674	0.359878967938471	2.5315433301826222	-0.7920385747595199	-2.7617989102856906	0.13368919788303618	1.1770392225417725	0.37254212943752896	0.296880073977417	-1.334911480807247	-0.33106753404012906	-0.4814050166560591	-0.11495241353166934	-0.568891973209014	-1.4516946861992888	0.30451129079597195	-3.0622214688837053	0.12436084110125982	0.3511714199849716	-0.3998338351358245	-0.011210208681222363	2.9495796667001355	2.4001952520572845	-1.7019879948402012	-0.3880540954828727	3.123066557860005	0.7058753313492422	-1.1063706581797401	3.5626497472838707	-1.733016065546903	0.9412044826317941	-0.6410511499270288	0.2977561740260827	2.5709783590602235	0.27226324792221934	-1.658172618638163	0.877947646641899	3.6382661593030923	-0.2291013807973429	2.206603814265617	-2.894128493962027	1.5670293206584909	-1.3741613015727867	0.2894339443075719	-1.868905542738389	-1.9973785441633563	-0.7544204849621082	-0.15803276810723138	-0.6497983107484517	0.7266930649906832	-0.22506639707122095	-1.0643437763689247	0.19596057303355782	0.25292448909471754	-0.3431690804065965	1.5223620674271656	-0.2186266747075576	-0.15598712738410417	1.038632051122253	-0.8542790909087064	-0.11639937175341092	-0.54338154509263	-0.8267350046284432	0.48390480570848055	-0.07741718976062986	0.35718101564658095	-0.5204761696175166	0.2303402814212938	0.03415809959556131	0.2614171601172122	-0.27321667097246116	0.35225410231706633	-0.0728922376282404	-0.5422440082297705	-0.3396868790114143	-0.40088394894214824	-0.5377409748635168	-0.7165549161405865	-0.1012334258133633	-0.18023916574711674	-0.15830162818526028	0.28108161879068955
DTXSID5020071	-3.1682641728497978	4.407440704960482	-0.6861011117007706	1.8693099305279839	-2.5041486654059235	-0.3526953208682329	-1.748645753406524	-1.1974752663590038	1.9868277899883728	2.317509511285835	1.2698893592138603	-1.2218267830982958	-0.9712377729543797	0.48436857462498634	-1.2731958810202793	-0.2929404415785357	-0.44506128434811676	-0.25324754688402756	0.5463001465653582	0.6399377157832178	-0.6073935447513267	0.24478597119263995	-0.9689625275486119	-0.313927359766518	-0.09352623359121683	0.5288943871387248	-0.27215703868804403	-0.17424317631406214	-0.36242830812066895	0.176857273582988	-0.1274438698905021	-0.18590020376322747	-0.23776535230390328	0.1125055856801867	0.0954033044382622	-0.9617091547951114	0.5373814018502387	0.22391309312056207	0.2281588204761507	0.14179590528404087	0.12788183521290963	0.1402582732531219	0.3062170378724431	-0.09916907864347807	0.24574839583735164	0.1235014556680145	-0.12124105523839895	-0.23167743487808898	-0.06296307647227735	-0.16178254933800834	0.07465834128540788	-0.06552147519714341	-0.001639372672564657	-0.19225257526561915	0.008742377824523513	-0.1074614003890398	0.12588115278783127	-0.26059114203341405	0.26130603343813263	-0.1302566325895291	0.3582746161481789	0.2178505633546717	-0.5372002634299936	0.31822837148430916	0.4697185958989102	0.28945445384132623	-0.08247207443005816	-0.16310610130624048	0.34060256214657264	0.4838162314164966	0.6497682866529997	-1.1869202866049582	0.4642300369795085	0.20083079043140706	0.304424932670079	0.06933381648466026	-0.19790599807749046	0.28150505872792586	-0.028894011750752555	-0.08843967322222027	0.2722726766798422	0.12446595480461999	0.16426393625886845	0.22839572411133674	-0.08102428071221553	0.4512675485492622	-0.07148226270320715	-0.4795758764012921	-0.2998386230867619	-0.5037493424369063	0.2519322633874269	-0.4036397239745413	0.18746590497187096	0.19133752325687298	-0.2504871881205551	0.05742678245226352	-0.05760171677566829	0.49218282099318017	-0.6066094917157494	-0.12346467608115907
DTXSID2046252	3.208939664873603	4.534068145422614	1.3438095672602688	1.7127421840520798	-2.893912347997057	-0.8059853518691985	1.6651717446470553	0.6985179634382184	3.9088008675356196	0.3252747245574323	1.3088347889548004	0.11174044017501655	-1.271514845205253	-0.3295416322855903	3.32688019172777	-0.695962688161874	-2.093840551420533	0.13922856743503695	-0.2552580076162874	2.978554203849141	1.8410533935895586	0.38756642088883314	0.8626951020685245	0.2758420214970653	0.06521225523412144	-0.44268192816847035	0.41962109838204853	1.0368469517374435	-1.460304057971686	0.8770273197417177	0.2498445099872751	-1.0259975454112422	-0.2674728371065666	-0.9851716774079594	-0.42670423065431623	1.430789391330497	-0.7708084079735685	-0.7921946150540904	0.30480010934583907	-1.098574724590332	-0.08290472940360438	0.29196075067195454	-0.7365499776782258	0.0850310041262438	1.5661024476413903	-0.9296307767802541	1.4619847120941032	-0.13355589092635364	-0.20607862662692644	0.0770427066708591	0.07984566906082242	0.25520868440948	0.5578541341633149	-0.18422178361906263	-0.601221565208234	-0.54817239123875	-0.6850646323356765	-0.5482549538018849	0.8261514972382401	1.2738818066738056	-0.583276902384027	-0.3296280951824146	0.5109054873585749	-0.3075595297482094	-0.05204978785535706	0.029592801374101498	0.24197151572818157	0.07111265458801011	0.1761196389855149	0.1549007809732737	-2.0128115804161864	1.6025747273724895	-0.2376501850222627	-1.5876688087154553	-0.5993584517914494	0.20692822928037932	-0.4333721795386571	1.035669599071941	2.67608087974186	1.2719110709173334	-0.7835791405938659	0.2726083785203053	0.8717734846477132	-0.0430233645826744	-0.567233222809614	3.784938012651999	-1.431373184635701	0.2448233105227123	0.02660498248051321	0.6187591695974755	-1.060141143777925	0.9358798913983225	-0.4938675381208937	-0.08487650222841382	0.04895087129687712	0.28419116703108616	-0.4538422887318612	-0.31376994338442193	0.7816069048977843	0.2394515162575635
DTXSID4027789	-4.911391873481272	-2.9755065106504905	-0.7874992273035792	-0.8436622969458155	-0.6144870982078001	0.18899270059501225	-0.1194814176507253	0.5850052209511912	-0.36087529772017257	1.844780456063784	-0.37791515084968214	0.04844804687186982	-0.7723126790276934	-0.06036564038977084	0.05010784242653413	-0.4138066059058839	-0.5390129848110754	0.42610757435326885	-0.19836078386139086	-0.3720754122697741	0.3561449521329165	0.11587978930892681	-0.17267136891467913	-0.6674177179722279	0.6532460836520184	-0.07293851491800285	-0.10279559307642591	0.43839618872834046	-0.47497492778846184	0.2252099906901027	0.8616186684849917	0.14958292551807367	0.37827400553449414	0.5587649512409726	0.1674503171215591	-1.170573416895015	-0.5715474965725745	-0.2826366780985975	0.4685812507547443	0.35403049863838687	-0.08936832245737668	0.0579994528699468	-0.12500081647931577	0.1344861496915905	-0.4333974035353407	-0.10386988285360413	0.24937888125043817	-0.2585982327334322	-0.04295567652103273	-0.1783744347694874	0.06886816649889717	-0.288240517854814	0.14826700178361	-0.1545348129285049	0.2539593292345824	-0.49551800698987947	0.1412047153990679	0.06806270461923371	-0.14881015339793494	-0.33479385335109574	0.46465798570991634	0.2902784648525611	-0.6180930339558274	0.17916024078004256	0.4940916711836263	-0.010293381548989086	0.04160825639539322	-0.10426960276216098	-1.0465582511288278	-0.7469772862271419	-0.32390839067247934	0.30433454725530124	0.0777097813862187	-0.6861199666566155	-0.27652946780113097	-0.0006156164285215291	-0.6046799088300043	0.9533080484418829	0.07055056577999483	0.6153674483354354	-1.0497069006356299	-0.7435030924232209	0.6940258526143492	-0.04214634746268287	-0.6165311680445154	-0.5568340240462935	-0.8256374834092027	-0.7406277487727395	0.8620756159223874	-0.7615948322300256	0.28203460363869065	-0.030502581139347992	0.5448254297500188	-0.32562379229378274	0.19347430711008806	0.7854229772285113	0.2993599218498962	0.471213448022989	-0.8323469996278944	-0.5653844849741242
DTXSID1044223	8.251747607604432	5.370839154199863	-1.7272404688492529	2.4591077586085106	0.10773585301885198	0.009048954434843225	-3.3416695643376744	-1.8708086295334265	0.7997915674202134	-1.0464274545222956	-2.8489717385738476	-0.5139378770683406	4.26343284505647	0.01701994948209317	1.2730218479253177	-2.6831573197246357	0.41123339782551754	-1.1279045548203523	-0.9899948786489985	0.9068806360427212	-0.3227133960334402	1.0628783973661409	2.617114959468296	-0.9873326701156397	0.39011988735404274	5.503382779205472	-0.6338217090126311	-0.0688431973439348	-4.743818548805317	3.2827000993246873	0.7018382585725051	-2.3484485188551014	-0.6152834648345716	0.6757041933228074	-1.7066702077605012	0.6267134013264916	-1.4717647750450966	-13.541016651313829	1.7688258767476293	1.3805044603462788	0.817464936227681	1.7158873066133815	2.490785671586778	3.0663572234553045	-11.138708545452776	29.236092568629438	7.409595953620768	-8.823727177318993	3.8551641367291696	10.78899830622596	-32.95979070863086	4.967147282617557	-17.672898223411497	-6.204348944256237	-18.53337926351544	11.745269936002797	3.943347331076029	9.042901047956548	22.116066182425506	3.362664885830466	0.9214305577767944	-6.362915347640677	-3.7055817914058413	-1.691854200564776	3.462411215957826	-8.771041704061613	9.857743636839093	2.6537204871890703	1.4048921836876416	-3.5004048246200994	-0.42627583852470935	5.352760403647611	7.074110418135797	1.3914750114223604	4.447372720921126	4.589621504316535	-0.6891053071746936	-0.490769208229125	-1.982126413280046	1.3334208172817945	-0.5825263618370622	-1.148636552417705	-1.356047447420025	-1.8631988607456802	2.2072661079460296	1.8538146180741164	1.472604583351665	-0.01844623765847499	-1.6209202452761529	0.006241126643332316	-0.8648779139886119	-1.8761497511368435	-0.2947582224416961	-0.1180993953803468	0.22257567167735817	-0.44623503511994206	0.11610901681171858	-0.14836483832450603	-1.7387676419543683	0.30930665060349216
DTXSID4024640	-2.9499180346626304	4.812233757675524	1.0012274893781197	0.509046181314506	-2.7625825857456974	0.9945558085631745	-1.3865913906129208	-0.3109981679887923	1.7532516694263707	-0.5105517017052745	1.2821635384837085	-0.707196040269883	-0.32341224637739985	-1.869028111833097	-0.5294515219951846	0.7645460133093046	-0.2603256180327736	-0.22271420758527963	0.010779129309130515	0.08458820971708918	-0.14310929155299967	-0.09378138069645948	-0.979807750899302	-0.18068505034239718	-0.19846585285379928	-0.17552308462207833	0.04015659600178621	0.6486803968219207	-0.16004637955901727	-0.14301526594513364	0.2017863282811755	0.38293918703186575	0.8033937193306818	0.17296842602192036	-0.21210172954138387	-1.0948498594869676	0.22884405168736685	-0.17789456237291115	0.6144120233807824	-0.6526168536843177	0.5048702856993126	0.46675067193964814	-0.44570303127596556	-0.14092128538422463	-0.37741193594440153	0.5178126002964022	-0.3022198198053614	0.024920310335183084	0.12757666119572028	0.11396393440879177	0.09963450731669837	0.09802843740391078	-0.13055584903600323	0.20975551200913495	0.40576574248849084	0.09659478763063617	0.7066571824731847	0.17700732711755326	-0.3642610843948489	0.11033718594471209	-0.29254620637319223	0.566620142333488	-0.30208573176666415	-0.25631610851772724	-0.13420816881618677	-0.1984345610022464	0.05457039790735542	0.32905720146555373	0.07984631008007077	0.5291290348919151	0.12975073994968908	-0.26011506396798234	-0.01971044205720776	-0.1257665399353704	-0.7049973791140725	0.30377727591720616	-0.11139678477081644	0.5610987643809873	-0.22133470136595415	0.36796064405123236	-0.21361491143934055	-0.625563130892434	-0.10772852791766897	0.319136195381623	-0.24419038467267537	0.4774974664061135	-0.4421829334356598	0.35900509890890137	0.055754292200965734	-0.3815631723083297	0.43165733702251025	0.14528186442558205	0.5733434831366742	0.19716549924104185	-0.16270523533973985	0.1058240636026031	-0.14247668970710037	0.7093618601094681	-0.9050638668808199	-0.44335812961140886
DTXSID1040164	-5.203620339277809	-3.6925352006257226	-0.6172240272921143	1.1059814139098445	4.036401998859612	-0.5250805828108068	-1.9625606947008796	0.766667273574653	0.5984261513527446	1.0568670382395933	-1.1798837302745315	-1.227431150866013	-0.677974660455153	0.3959189653220786	-1.9652836130523132	-0.6633895678242036	-0.6251023906012575	-0.6036666409135957	-1.323901267272186	1.2515440536022746	-0.6242560835481199	0.015612886689945305	0.8072536780545577	-0.02995399467236648	-1.2537744065204914	0.7128059832561965	0.08859013608807605	-1.3385759460020759	-1.0566238279713176	0.20906912721770482	0.3205170281198455	0.6817395650105241	-1.56650308671767	2.995439699341883	1.5208337027213625	-1.1137283472437078	-1.6559359944675967	-0.5736943840083855	1.6359076814298208	-0.8767916354659165	1.7603786175867546	-1.1914180384441746	-1.9647636038200975	-0.3952980217017603	-1.1144021868025107	-0.20501900987787086	-1.2470679237466382	1.203734928896416	0.23850979702586614	1.2419050250758517	0.655779696664689	1.2276177882566206	0.23523904870343942	0.8073333711622778	0.9272106091375658	0.43991197429859813	0.89884103062972	1.216324920444009	1.3856282335459549	-0.3881927966789856	-0.03007093200863215	1.7472220206121643	0.7276795659323565	-0.6358419575312464	-1.089762703552224	1.41368591997717	-0.6705458570077788	-0.8046372013958165	-0.23431111308519503	0.29699427134540635	-1.124953655223577	1.6417984543261441	-0.6776538898252995	-0.09511081895964406	-0.3806791493060972	0.4753587741459437	0.38423284445210176	0.273663318545475	-0.24438302316755997	0.0238460000053544	-1.1510382927842835	0.1828523115852189	-0.7344999228534058	-0.14129958275402763	0.9047974103570868	-0.3628858566658275	0.4185470622797595	-0.8717057714153225	-0.5520914078143084	0.05500716797126305	-0.09018298114319626	-0.49878676770646463	-0.821029827372628	-0.07678292781879219	-0.10571861199083409	-0.55668014387	0.2689650017443989	-0.1096724641372019	-0.2699692096747519	0.12849509243887558
DTXSID0020818	1.273754850865216	3.058192234331768	-0.7181767463770049	0.7010981744508382	-1.4155166817030602	-1.0869544086736178	5.206934739774483	2.2824798536675996	-1.0550445590334265	-1.5787328260539297	1.0081324794291469	-0.03572811883712417	-0.7892367272481976	0.997333383199085	2.6503391350968557	0.14352468086362172	-2.595778811220405	0.19298332330777598	-2.614989934687069	-0.3688063874202968	-3.0672889000346006	-1.491125091314472	1.8538697509060595	-0.8371606997144165	0.6799117766726172	0.6069921239408383	0.3291212405031182	3.8637790838339847	0.5523779719239476	-2.3621994572027862	-0.9537605286665273	-1.7949675728667978	2.659891064762621	3.909295080794958	0.2393834807437937	1.1412509831175996	-0.9442261027533757	0.7597356199179279	-2.570581393849811	1.950762433289203	5.382032532775863	-1.6238735900241377	-0.32684534078377914	3.313637222387913	-0.5723221640199437	0.5335674111040197	-1.5960268117518834	1.7790199211388553	-0.43739165323648765	-2.6095808803580858	-0.22594774694133038	-0.7950000868099807	-1.022620952445166	2.7366211852288855	-1.2378285880619755	-0.4160657142565014	-0.05312235106676434	-1.5373163409108972	-0.8688784697315787	2.7224037793136078	1.849755159178877	-2.8718860911294066	0.6300555577359495	0.007551624981114614	2.3666241862463497	-0.12641813096976287	0.9639936688046609	-2.141584656543984	-0.0025885759779603426	-0.19199852606535098	1.458581959619025	1.088379547383774	-0.37328946413904573	-0.789433644494208	-0.8824317882830529	0.028291255035189943	0.6966237948665298	-0.4588960403851681	-0.48753482478607285	1.0221207683330322	0.35963612601318323	-0.2415963820433639	-0.11138602737654489	0.5568247485475831	0.4963503574385135	0.6224133292105662	-0.2708051821614998	0.2333366196245418	-0.14720045061737522	-0.21455460007438173	-0.3522247478740973	-0.4150939637582191	-0.28747221506684756	0.8774475698255494	0.04662742258828942	0.36857095530085826	0.12307553566434028	0.31107811254401185	-0.20910740145547532	0.058931643556510545
DTXSID6046426	6.72193210586128	0.59471681223735	-0.3211831302137169	1.1796971178580253	2.038793110187408	-3.3855921601847263	0.2995124763145574	2.541237739346691	2.9266332956465373	2.598439190320129	-2.758562867654431	-1.3601537736445317	3.0261247086831036	-0.10695884910012955	1.8651566283924714	1.361495683739151	-0.05003436668536182	1.890356556828034	0.7080270397927035	-2.061605097716169	0.38198984723783064	-2.2603974320571125	0.920601949409709	0.9942325558637	-1.7413139066721444	-1.3899360984830331	0.9964597256511212	-0.3721130172628274	1.2382877029971566	-1.1106900828372583	0.8460934408124539	-1.2600362918109387	-0.13180105657171268	-4.206483283565641	-0.5592400849468699	1.8840451674265386	1.1465939041976463	1.995533531253339	2.3622485766981014	-6.385947364436858	2.4805368292328724	-1.929534193813493	-1.2890017609609625	2.124767622603214	-0.8446113594062674	1.79938847593085	1.4353362834149892	0.7387688917963635	-2.0525351044726188	-1.0334434573653173	-1.846489184950995	-3.133754662939258	-1.1732804334543863	1.6131906837116587	5.583649789371587	3.6543547125620037	-0.4048760684304763	-1.1637747370128453	1.0330957882662901	-4.036095425070554	-4.087621329406841	-3.6691486283395323	-2.859888348602	-0.29122882084539836	3.7831998343898317	-0.1482214138231129	-2.4531936815778868	-2.451020751039516	0.4250616422420392	0.7511304214419925	-0.17319828729523123	0.0508753778011361	0.04045518378231637	0.9795295197674581	-0.9409714742785111	-0.047477285880633796	-0.2887658049715071	-1.169570510968445	-0.4196846279285138	-2.64890529239581	-0.25028645621175827	-0.6548248734762702	1.1569847347132636	0.08626546169299273	0.05928858857345632	-0.40480419064259926	-0.32767043613841695	0.48635773887228423	0.5221483066176067	0.16496587839568874	0.5751277587664012	-1.8111553832288698	0.3298383667099746	-0.9117677756962944	-0.3657800080831783	0.43651657600736604	0.7491535300410319	0.0578919678913061	0.2715412951761915	0.4326451925407242
DTXSID8023472	10.13826192257124	3.7987286638771947	9.984207844146992	-0.5786379830225737	2.9329006331709606	-1.7540644298964536	-0.5372250880131821	-0.6048911688397314	-0.4704751961968769	0.767941768028789	1.032432763888421	0.5273330704886918	0.2835109064256105	0.16818541546612334	-3.54087143734375	1.7037487097685928	-1.292365019617325	-0.05856553411869191	-2.706779358263415	1.395157723415078	0.05445094736110699	-0.503246923716142	1.9842917567264688	-0.661639419135292	0.07926272645841777	0.6611197305393047	1.866201133105438	-2.193866840950644	-0.07497803721577385	1.163039962197569	1.2803474519257854	1.318877424640347	0.9695235499882853	0.8876792640197039	-0.48830350476253975	0.6549950085229298	1.2928227443241638	-0.41479352660717916	-1.1824872234262096	-0.8398696588243949	0.769976270082574	-0.8594606162697148	-0.46831029146677183	-2.1657860920800265	-0.30638605383193496	-0.18272518769020957	-0.9705251080633689	1.1301425736099593	-0.46294649841479224	0.2638637410621075	-0.24215111155795882	0.19228591173249832	-0.3772739056733983	0.41772885190886644	0.7393549686288217	0.7917079245831673	1.3300620945557649	0.4869363444456605	-0.33825385351100745	-0.14889152063902444	-0.7473714774201472	-0.2276003711414393	-0.0858657627322752	-0.5563742037971785	-0.804816188053505	0.3657748554210555	1.1583760147665976	-0.49982729341801485	0.08020085014000593	0.29248744467105725	-1.2975285847140523	-0.7735097572597254	0.5784890671917888	-0.016282331246540327	1.8122780425980125	0.06232041221945282	0.08365526960655773	-0.15380436850115553	0.12550632515964646	-0.20964530372457207	0.4226213705368834	0.08703700379700123	-0.5431019269440177	-0.15063515251280232	0.5056638242023224	-0.4056941238662771	-1.2685033725771728	-0.3692976608440152	-0.355601323336381	0.3847484613535466	-1.109967766697232	1.0285562536061015	0.46714822480629353	0.3078322221626635	-0.41040033126590103	-0.3821501952671751	-0.5629015803264313	-0.8306461405853623	0.014725996707296529	-0.5810498090084366
DTXSID1025776	-0.9126492665160534	-0.44280080454454984	-3.4820533992008	2.5730425150022462	7.745591562361471	-0.5401771066210218	-2.057058952822275	1.4135160366457604	2.8950005370148144	-0.17236827657127557	-0.9654357121681579	6.926467846885394	0.04108346124080673	-3.9262738553417447	0.2555315730309764	-0.9701440610307709	-1.6712821661606936	-0.20709713415792347	1.348842353269776	-0.18363533276032298	-0.8055960134656982	0.3785053632910149	-0.6330387298518974	-0.3248933639552275	0.02987131614296399	0.15537022428573263	0.17035221544310716	0.32177651881660674	-0.25941479010057766	-0.140354671625482	0.21347277083465352	-0.048757420420993486	0.6571662003018066	0.0819709915994429	-0.1230701213199244	-0.36308817962086837	0.5828421966979548	0.6795426267227711	-0.13051706226652574	0.12941112497919066	-0.13458910248145683	0.10933966235514223	0.6136927587318469	-0.04859712382092986	-0.16268393878954543	-0.13273100728055764	-0.23013609620354833	-0.9565179651230878	0.01926764035320812	-0.15633554526757493	-0.07900293592963176	-0.3933672406400084	-0.4769603707664279	-0.0682486296846305	-0.33637631492047615	0.01826390304428183	-0.33684445728950824	0.13274605762566083	-0.23785016323105154	0.08343843007675798	0.20205661142325862	0.3186657087580704	-0.11362367384203563	0.42568401980464604	0.1585590003373605	0.13135504491645167	0.22298092702302247	0.25797444101798556	0.3780941960257502	-0.8839706388934605	0.7310700072373889	-1.0579407092552071	-0.5430870092848156	-0.3544068885175488	0.7608556970891457	-1.576398951276948	-0.30180663718089007	2.660734643993011	-0.9499154446626263	0.14318006988662504	-1.0427986513921155	-1.2801111623490384	0.8292484972818153	1.0097236676088146	-0.9209044717472995	-0.36186330312365644	1.8648878768461277	-0.17474334377677303	0.1747844316337363	0.9285155011689135	-1.186510036066288	0.761274900816628	-0.3431998118413034	0.9648376429562496	0.30016493086510593	-1.1807964236052315	-0.7248988010220955	-0.6019686551827762	0.7892944491538848	-0.41120667059068283
DTXSID6033538	7.270746476137631	-1.4983664518815323	9.986956094953749	5.272724757540983	3.978779266096525	3.7292894033422805	0.36478775973372046	-1.0956019325753368	-1.2681483978096277	1.696945113510695	-0.07824815582097978	-0.9355983485851522	-0.8640294218623045	0.4304902380472452	-0.5599154191876335	0.7043711691054149	-1.11980835027407	0.20947494430532515	-0.5770795494238204	1.0163895255011792	0.007557136864802675	0.2616895130183315	-0.7146437251186555	0.07580379760602492	0.6436663769376577	0.3249895530664618	0.6244432675331963	-0.1858309148537749	0.0561203964447959	0.36179914277132347	0.711215987709221	0.6712882741853449	-0.183200375055729	0.05723254136864709	0.1032364028413212	0.10289858716641864	0.26452128266382324	-0.13374124878820096	0.30959981902270883	0.1703823097576901	-0.25491509064804285	-0.236655161784997	-0.03272209218284916	-0.8000283731100252	0.244044732914067	-0.1391460838856044	-0.4062282806859237	0.7135737412020063	0.19467072555173326	0.36897889042760046	-0.04988386708751515	0.22861161869387192	-0.1727049044515518	0.0033929361762312644	0.37081985971131	-0.07522423310075792	-0.0005045702263777021	-0.2580311016198645	0.3234188649990224	0.19030766548490893	-0.518214840857036	-0.372906678720381	0.026855101895595514	-0.8630701867771796	0.18891304277246065	-0.16967426493923443	1.1317342448580245	-1.4545225462480476	-0.16434394470199237	-0.879465901794925	-0.6076020421104701	-0.6220646813231028	-0.8406539540539659	0.2760979647586592	0.5541819554150825	0.1626219853172658	0.12088380639586636	0.7749934154984767	-0.33877698822795427	0.3796164014274631	1.1706804410977345	-0.12293426550677197	-0.27381264868043975	-0.005006248643547484	-0.11915111241888078	-0.27754823604018947	-0.30216402132290904	0.2655339021011735	0.37341079183658493	0.3987374592062002	0.18084774754908461	0.268014454980406	-0.7085312047520506	-0.3277646014089348	0.425554825720876	0.44234071236195577	-0.08411503416504457	0.042868918592613464	0.1081018567205894	-0.08630234848080962
DTXSID6049274	-0.2951153469640062	-1.2692574046648977	-2.108720622911875	-1.4756959234766185	1.0087655346558595	-1.186291520730221	4.96917588881959	-2.3961602526277916	-0.7855822101700453	-2.2556054430407344	-1.5314329777426081	-0.8103816352717534	-1.3501916644177863	-0.6973912846679708	0.15279392858886054	-1.0280513157496503	1.965955165824823	0.3649146912766171	-2.1890143217869826	-0.1849053366912512	-1.0246104674477967	-0.29370681999511733	-1.3618079370447862	0.14544787566640438	0.4931909671986553	0.135155863847003	0.3394428469479879	-1.1967140454970042	-0.6834459697284532	0.0743781360114562	-2.5545180378476764	2.2623616280724956	0.2610128277145526	0.25129580099484694	1.6989359605715504	0.038003593683983365	-0.44016684991083094	-0.0745167342577539	1.1410575095181374	-0.11721758966409582	-0.9710533264603385	0.45832833227400316	-0.11580406435345508	0.7510592379065806	-0.1830210205854899	-0.02613861593922227	0.4792604990871339	-0.21538697605044194	-0.5156303287614897	0.534238087073562	-0.008883326871145748	-0.052061853371456426	0.12822095791939436	-0.07294703772136571	-0.40035922428953363	0.580223938714335	-0.823107282284111	0.5139464798107389	-0.349269770385844	0.9647316044788918	0.178963271127205	1.5332315906480443	0.1877450101031469	0.7967474538355274	-0.03377175909763508	0.08974115613523241	0.14806184602391956	-1.0080951262266968	-0.3230583954395641	-0.21336139207904736	-0.5259849460836171	0.4989799646627969	-0.8892402035080614	0.6546952852415564	0.2926867200572278	-0.3091231753849488	-0.9870054250908454	-0.9385803902999043	-0.5209936853194703	-0.819370940796271	-0.851687738918391	-0.6867872443329487	0.8503594280602571	1.1562611716639768	-0.22561984001779103	0.033778307927209025	-0.6590151474469403	0.07979478893930472	0.21508189870166405	-0.4113963338541378	-0.41627113995504295	-1.0304369851535664	-0.3359712890485698	-0.17181595433545915	0.7384960398655062	0.9112983634958403	-0.22831951289462754	0.3149171113488991	-0.6708911460424641	0.036395556809735566
DTXSID4047387	20.190650265746495	6.360328592097568	-3.15450465740347	-0.16861092666946004	3.893196995556408	-3.534202657518795	-1.3365269706660274	7.240379202827736	0.17015795255717783	-1.549762329359199	4.095224484097122	0.1909651720917889	1.7089843678587273	0.8327880940497947	6.903717683163806	-2.771848185638256	-1.5316151651983776	0.26649255143012635	0.4559721841487301	3.823890986828807	4.463558166640807	-1.4749745952252873	3.184651313737845	1.7059479627866108	-0.05340433449098951	3.6522640327758595	-1.7907727730630578	0.05484510895335778	1.3442849156792982	1.2713957125459017	0.8529678552629041	0.9182357508206723	0.33093982272813827	0.7796795128253755	-0.4421731560106081	0.9897182697275104	0.8507064568095034	2.919794329486739	0.3847180349227682	2.290091045521735	-1.8684057083171584	0.013019139632622573	-5.53288564501942	1.4604069415223921	2.150540052548599	-1.311795065042462	-4.247418273762003	0.3274691401744061	-3.699313799778264	10.346248400270078	-1.3252555555979244	-0.7592533758217855	-0.7857371183598294	-5.064393207829786	-2.640289771356637	2.0531157983362474	-5.266616940743161	-6.140914203745709	-1.8787673862022585	0.725369041577363	-3.475323886997619	5.109585207013834	-4.388842961600383	0.3713491168247921	-1.2821745159201694	2.356071075918013	-0.28034726143341226	2.5643609568354546	0.7614141443100019	-1.3291345644515473	0.7967451596047258	0.813296634541193	1.563236183078371	-3.6191016322083422	0.21407844442074997	-0.45138079385978286	-1.0585899815843651	0.08490156174942362	-1.8908121427708124	-2.1376981680528844	3.10429857434816	1.083608229830349	0.893666057136892	-0.0241365069631837	0.8451385943040144	0.6430172055782662	-3.1765416433282274	-0.8683072149958139	-1.933497949273746	2.1242307027469103	-0.983813551638623	1.397502615263009	0.057966309438442845	-0.78714225577802	0.587135684152684	-0.19320713636244277	1.5338057045841758	0.17036801477429767	-1.7256949345119539	0.3627859094782452
DTXSID6022894	10.45819853719981	-2.165921517521534	9.558831525759437	4.84892693850704	5.448459824219261	3.0616006482188998	-0.22417481203764786	-0.5051390479178198	-2.225282612198378	0.8895239788121994	-0.6414625796474435	-0.6374315202263339	-1.677421805092194	1.4530699957064357	-0.39999081883065996	0.6465639812979266	-1.41651424652237	-0.25529333838630797	0.014824567190399988	0.725700802976997	0.030077167235521444	0.5217080510536999	-0.6024401419904569	-0.33763504873165434	1.04179332862552	0.4122497717958067	-0.09898620435754552	-0.092060293982094	-0.05259462772622123	-0.13018916238787115	-0.060589716826267175	0.21864493067894203	-0.46257512362768016	-0.17237637448085077	1.0338879162005423	0.20659589866678954	0.036511888052060404	0.5161082831449197	0.7592077490596151	0.5231883521553682	-0.20536352582458967	-0.06317675054145132	-0.052869730714210125	-0.9935276354574245	-0.09362382914549969	0.060363231503800636	-0.37265457233263044	0.9993279023166259	0.3036816283306205	0.36388009378607433	0.016579145477595172	0.7027251054299172	-0.041379631669177575	-0.20159803657845432	0.30512003311892827	-0.4320550197531824	0.06790793461860059	-0.14625457418632487	0.37348478823015996	-0.04791535675468901	-0.3690932669319927	-0.4359748820751624	-0.080493463369339	-1.5696803516943898	0.7738694321359415	-0.3844067490442654	0.8731015740285765	-0.950231311710171	-0.027921258395567465	-0.9089729247755701	-0.282819587010718	-0.24061979525474178	-0.7293630682666455	-0.03717873412420904	-1.267424296734935	0.18278228736654625	0.11846620912123078	0.6674967965103493	0.09442788329193076	0.45081479720297435	0.5665528499338571	-0.22229339842604162	0.27221328807870143	-0.18953158336698164	-0.6333006141577886	-0.15640426126212192	0.03308668122007511	0.021639833769248603	0.2562382660674326	-0.05534467463423338	0.3920982713553475	-0.09589919283693044	-0.06750549164726494	0.008230576269943234	0.004161847321199074	-0.07641270228755677	0.3239270536648305	0.17736777363937428	0.30939083606167306	-0.2910743749779361
DTXSID1023786	-7.651875272026026	-3.289096736116676	-0.3241441190464005	0.2582716794731802	1.0743205098732365	-0.02479136584096894	0.42430743410717914	-0.46665328058976213	0.03537247688603632	-0.9923624899511476	-1.0171168461162534	-0.14738559165487122	-1.0950785891379453	0.48299540543396857	1.2813983245194418	0.1320970182238383	2.346365959454973	-1.6141312515825001	-4.068697527937877	-1.3053515010205579	0.7018063625571648	8.0665075453879	-1.5070491626423441	1.2973474349993943	-2.3494446318575872	-0.09447322438800074	-1.6635128532292875	-0.7855892779437942	0.6589485829478458	-0.6233064910176066	1.2741264579600267	-0.5900190572994013	2.2486759281326894	1.2481638543050724	0.4571426737650693	0.6928737180772699	1.5884013994800366	-0.9667126540997885	-1.3366676339311276	-1.6308835123906222	-0.7185105725571279	0.6328706758077446	-1.2476365886587397	2.9582107931946764	1.504891613711476	0.18610466594610792	0.8260264025299783	0.2896647797616073	0.7649893655190018	2.6849756933456863	0.037598385104451584	-1.1120673849624028	2.100946000412317	-0.6272113416777977	0.9722011391625665	-0.30876606103335635	1.6784448281798863	0.7301852468573876	0.14560215951669833	-0.8747386673353416	2.643814949490229	-1.3889394346702966	-0.578958391161249	-0.5019448017861732	0.821828056435807	0.7957845670391736	0.7802447986024275	-0.33994997921429393	-1.2034024817308007	0.650109580707059	0.2204798572735483	-0.2595683378550387	0.3050496666798319	-0.9897314333547476	-0.46230086792121405	-0.05159118689587638	-0.5588936601249418	0.03449628386896744	0.08739775655311714	-0.2888576765787317	0.4782256517654961	0.19696211339561037	0.37065028296561153	-0.3435056427987528	0.18301713440288292	-0.6895721891412727	-0.12167837340299073	-0.5231601388761195	-0.4507686247811297	0.23901353044509002	-0.5420893563243243	0.12246761085545989	-0.08354901294177103	-0.18380770221038534	-0.12767024312638328	-0.16710286435749605	0.25760521127900515	-1.048979527500416	-0.04186645440769145	-0.9674328482411442
DTXSID9057765	2.9005601429957695	0.7570972913826227	-1.5878051162765825	1.6211015988094772	0.1833127051766986	-1.415698691408166	1.807473532011245	3.419144095304115	2.0029120529062463	2.917740868333225	-1.0550325775396168	-0.17807716192720652	-0.33799613643256987	3.54916561395321	3.398679706046447	-2.5615874055171917	-2.07196209836273	-0.5923462064682401	0.44841457562023074	3.6553078859621695	3.6211385987949822	-1.1411401907575836	2.6106787580806925	1.6896706943009343	-1.189604525717838	-0.02145093532469937	-2.1097108939031712	-1.864233081823586	-1.2794853895255642	0.316838949468615	0.40678778590808606	-0.1818650102243728	-1.3385084409490284	-1.4193789422452558	0.22461703071092343	1.2814795369077037	1.8134040513859062	0.38028670178900387	-0.42835443858125455	-1.0822653707629744	-0.045888549459316856	0.11742246409951373	-0.4440612018950163	0.7134584662405016	0.7676946135985556	-0.13495682352359273	1.2710403150458938	0.07124793360242655	-0.11654063323484823	0.1734114937482754	0.00812946455265246	0.981437592728928	-0.2580136019380996	-0.17004981404369549	0.3928559704667753	-1.9514790016982786	-0.7713206497226397	-0.5979689154337348	-0.41150508878094255	1.2921830217659458	0.3472254279185758	1.0300791517001526	-1.1110323193211409	0.7920192345550962	-0.8281765041028943	-1.3869097206962127	1.575727862616665	0.49307068828226686	0.3446609123993363	-0.15497678742392257	1.0145519107633258	0.06280724974649278	0.04323024784074813	-1.3468936851065674	0.13480208221293466	0.7927299202527234	-0.5515373574592706	-0.32229250889855415	-0.049281170774927496	0.5147772805130653	1.4124873994611908	0.0037850156632592345	-0.7683113105740281	1.125935031865559	0.4288251907549069	0.9708226086561121	-0.6408141508227676	-0.21557660783402902	-0.8829921424158272	0.3714626164785569	-0.2666791288927196	0.5815520578425655	0.1815695800719819	0.5538725278459774	-0.39296193033015026	1.2538989138496361	0.19463276775366212	0.46093668934833726	-0.3211666637272087	-0.39466118174169007
DTXSID7049344	-3.8048346203686267	0.37413684818802934	-0.40290965252578753	-0.1624567736224437	0.5479023372682883	2.683035078728009	-0.6503688032354596	1.4106687145049748	-0.3036737999425128	-0.7676682453522096	0.12087782067015927	0.6471185020818404	0.07347615768329532	-0.2914318319302685	-0.5679886934164541	-0.8659619652863085	0.45916281764221245	-0.47753467793881815	-0.1945966610091148	-0.5554467182733325	0.7746034665295388	-0.45282984347466415	1.093128913924578	0.7356027249099948	-0.3585990936549599	-0.3796481505180077	-0.19358806295785025	-0.18741890801445507	-0.10690849225527196	-0.15722405155465774	0.33023969021839344	0.30212333187975393	0.5140948486531317	-0.670852088222343	0.3884898217353993	-0.15506401508326972	-0.3102801692312041	-0.007553633057758427	0.22452011090664817	0.1004043233140527	-0.2641937192033013	0.11537976384283098	0.037453866405046804	-0.01751190183418449	0.079435955654427	-0.008380092399862989	-0.21900769787392937	-0.12939733732880718	-0.08845903356718123	0.0006436182563457711	0.036968474154772044	-0.012421434569974991	0.12368664809792779	-0.14483847116835002	-0.05571397993656946	-0.07595446538541648	0.3969129240751745	-0.10915618406861977	-0.08094520142190408	0.12016740723019684	0.3041194108099915	-0.12048480178565438	-0.4097066233851852	-0.18273674094211664	0.23920783316219854	0.07920317307075041	0.4022724399745928	0.2603772350468946	0.14184885722524354	-0.48042809925112906	0.4599126534846069	0.20832988069018152	-0.25621382859966824	0.16369483615732608	-0.7451599412085508	-0.3491067179250951	0.31790940689178654	0.5013471312878272	0.023169232760287355	0.5723670022319809	-0.9093714016244259	0.1880835311219029	0.07468005426597633	-0.5326919582181924	-0.08182766374223532	0.01562056196376804	-0.06483801086860558	-0.7627851890638409	-0.42548124815516836	0.321832060507267	0.013938256835185183	-0.2923557893080226	-0.36313536128142376	0.15015406550212448	0.21664714787965755	-0.04098673936591461	-0.4230696435089817	-0.2381478300286394	0.23200008419350962	-0.5564974432806927
DTXSID1023158	13.988353634071238	-1.6393777698899539	-7.537703918912476	-1.7158783953903602	3.566358875341319	-1.6094613211441235	-2.241413533267672	6.638048053680935	0.13889081687070887	3.4553194598990777	-1.1788258953271775	1.4373476535320846	2.475179525581661	-1.9360403754266078	-1.5183888791329505	2.3975587880238325	-1.444992119638561	1.2718590380664656	-1.255523089124552	-3.4943976306939653	1.301580741154566	-1.8743224927318827	0.49321022298286216	-0.46577026947607875	-2.8170463381227115	-0.35999728522514785	-2.1293575484222997	2.396999366283392	-0.4121152151945045	-0.4668772003281222	-0.050797201869411786	0.2255956565732433	0.44150384815387617	0.13694044663845767	2.210244178722652	1.8498370720406316	-0.910320752541141	0.6873642567598769	-0.31366243251565273	-1.5309205221016138	-0.209890796525101	-0.14655440155437652	0.7589663240027795	0.5987677422453647	1.2674826691726988	-0.21021526893194775	-0.6748657036700209	-0.8265865748086528	0.1289499067070501	0.06213647404383034	-0.1113552149455706	-0.3491546486420368	0.11408123490619981	-0.32831536203878725	-0.19808177688074247	0.6099016759090748	-0.17443002155205473	0.13583518395938315	-0.19459466841847806	1.291364933333962	-0.9029167398669548	-0.5861675188082573	-0.3499276605212939	-0.08816395390796038	-0.7450120462393587	-0.19248293807575448	1.170005924381067	2.7408291390272486	0.996076407182504	-0.6380299054756361	-1.3235466090263637	-0.41874549535446254	-1.7998823489259974	1.1371943926415966	1.2309888671562503	-3.2936983297349314	-1.999071470096066	2.3434013666678966	-2.280167934169562	-0.04836265578366442	-3.720209347739627	-0.7417905145745196	-2.273185813967545	-0.8386882733636506	0.9330979143063486	2.364726757340435	2.5417751216184743	-2.3255052420746845	-2.132016818332736	-0.1268045107061434	-0.02194588397752705	0.35261551121379114	2.3876844463385787	-3.151011002620679	2.773978654791396	0.8905430047456577	-0.12136223218081905	1.1285477117248135	-0.7204688712203853	-2.2598942276475205
DTXSID4047678	-3.6019385955819025	-0.7171873665683433	0.7578793520136203	0.8923701845003107	0.2388160171768323	-0.6122002332714706	2.896964676154558	-1.1968021595156113	-0.058961273028640605	-0.8876542667768851	0.22118176240197518	-0.028081542031076254	-0.11210267583371085	-0.8978842313001544	-0.095054051078522	-0.31423570929288125	-0.9166847765997937	0.049896865487138176	-0.3636447992052302	1.066517624036705	-1.120857730553487	0.3198344802011876	-1.2375127623786744	-0.7986325000212932	1.2181573996069932	-0.8078989019787289	-0.38306414091339813	0.03321990073769804	0.39607398810983163	-0.13611119731611615	0.19998191201193388	0.29877773181671285	0.1978493169835974	0.11198878201140836	0.9511947168927158	0.3805254669948011	-0.48627408243258524	0.19681862408879405	0.3340120370487093	0.3903566706781595	-0.5160959609710084	-0.2656223434057736	-0.15113368132060567	0.20470385073044164	-0.0370357305956141	0.37492501564869357	0.412101050011256	-0.4325222217838971	-0.002377989097663083	-0.12802349887767336	-0.08503370015660333	-0.23047211944659432	-0.1896772217499359	-0.32654771472307176	0.13106698366368533	-0.18289195347168302	-0.9561910523154453	-0.10192491237263954	-0.09287311990709442	-0.26746599168173296	0.06049081955898245	0.22722551628981458	0.05851662867492188	0.327828519741326	0.036018111211840474	-0.2485163751969279	-0.166127672257885	0.5460266818468045	-0.3686696221018131	-1.2346767237645373	0.2859430529453171	0.28314614442585717	-0.7175394606000354	0.38159602014456345	0.43765067008701214	-0.5619986278071872	0.29176636876567513	-0.005194468628936736	0.6096402200455531	0.6198347766826707	-0.6488198178083255	0.5661286515738584	-0.15289820246050287	-0.4488554558948282	0.46427233046966204	0.01429452918956364	0.21600348862189833	0.7690266668809387	2.0348599257648137	-0.08445166585458293	0.9811337266390886	-0.39120299760647104	-0.6250226202927781	-1.0216069401053747	0.06961242445534684	-1.3625784869154434	0.039012260913267365	-0.4355324687659031	-0.076156029555642	0.4945187611961651
DTXSID1020809	-3.9081466591909964	-3.9769317225953698	-2.318428158008221	-3.641749371174014	0.16787245024285344	1.469799816169452	-0.4640004118576298	-0.8534569569416303	-1.4363565358839416	0.4173309532628589	-1.8279943877608618	-1.4874747385097318	-2.710818641313356	-1.2699494501044954	1.3241989849616942	0.7759975992241227	-0.09460890006935307	-0.6535681782582503	0.2537124351911308	-0.9441148531621474	0.12973832716353967	-0.46745014919718014	0.7473432845032352	-1.53998494390723	0.10405978802422888	0.13293832208641193	-0.4702702707764108	1.2179774782798447	-0.008139348739127819	-0.28996871069731867	1.2194445736701074	-0.28770563945654604	0.28486412814269035	-0.3661569886238449	0.514412083031781	0.08503527587860227	0.2892055650361413	-0.760907355452578	0.4987581970955166	-1.1972615066121897	0.37314614940001617	3.3427569124524585	0.18197916399816963	-0.5336766864223453	-2.3611562174634906	-3.3037414807737613	1.9381108531758866	1.2470390455585574	1.1739459274541277	1.938902717605558	0.4131492824809945	1.5631039750739761	-0.7794399025427655	1.0826623081927362	0.09882867044256746	1.6872809492985958	-0.3932127815890236	-0.8714030373596536	0.10311826021949086	0.5121048370098957	0.202986793431193	-0.6178283893322415	0.039498104004240316	0.11393210611354396	0.8693589035447236	-0.38772485895545783	-0.21722768871628567	0.1694263837780601	-0.12187510481064463	0.10809502692486159	0.81508605728334	-0.6363507337815946	0.08427382593298224	-0.4494921902067971	1.4670104700246909	0.05699626630920112	0.9765128252769504	-0.4772884128702736	0.4145464310289543	-0.14755957429741912	-0.026602678337550128	0.19298120618379944	0.14553071476052304	-0.2525548157910061	0.4513434929166483	-0.06744437638360593	-0.1399550201120073	-0.35826728549399145	-0.20238263628588923	-0.30985501997252596	-0.6578762312006914	-0.05438243967662718	0.14398141493845892	0.2343719052195882	0.7368889230077208	0.007374047661069281	-0.5620521344959549	-0.0237735821188966	-0.2898132189503453	-0.17182486734836244
DTXSID0020529	-2.320996332081084	0.010679781768592484	-2.449392033527963	1.1736189512365809	4.03464387662239	0.8564461461812697	-1.3238217470989482	-3.1769172808270256	-0.15813119184456984	0.9286258158569459	1.0925356569405353	11.697209967767728	-1.2127334028665104	-2.9403207102819264	1.1791281220667826	-1.3216161225983991	-1.6003079365342152	0.3577072085171739	0.5548904581459482	-0.7620345379750779	-0.4672472660020634	0.3172451424011218	-0.7499292621671884	0.12587225475304933	0.4174044682060401	-0.34788674301272154	0.36587892612725925	-0.7139420650999547	0.16797348003443596	0.1301935492704979	-1.3749501496708856	-0.10489606876382997	0.27700908652034256	0.6124950712243918	0.05526584581980869	0.3605507755721807	0.18683518433073307	0.4766467337366485	-0.24046321666809742	-0.36757673214832276	0.21965592659989713	-0.05579200263479694	0.04071858699585583	-0.2667196272396131	-0.3443009223218881	0.17594480982772095	0.19835702844716988	-0.2561037015209962	0.17990636833383414	0.03396686962114886	-0.14254711891474603	-0.07946148504290222	-0.09446584853229588	-0.2352284402931896	0.02236014966581645	0.10315141394987537	-0.6298687833279649	-0.05272450077610357	-0.03473173612280367	-0.08072038925926864	-0.15941468366333977	-0.07728726943877633	0.09913734339899967	0.24098691961785795	-0.11479703022954328	-0.15014842633600572	0.06580832280272243	0.24485531950577402	0.11523261101094125	0.050157947197281526	0.1632467682955588	-0.26632427398066694	-0.3044307775929514	0.26524627953222285	0.12734716654827372	0.09068038392025209	0.23211508131886605	0.19865146347859305	-0.15541564472587668	0.11123241349622599	0.16703041293234985	0.4300171114885345	-0.5147645567111281	0.39013207903609554	-0.0412259747246895	-0.038240813657916574	-0.16798349075194718	0.10572962972769533	0.3675769093581621	-0.16786269487876007	0.31447113554886064	0.30758017066100324	-0.15121393945423964	-0.16735210843129403	0.1662702002892435	0.52580918703732	0.009635613586674295	-0.027164017165447935	0.12242570070980585	0.21530184968061294
DTXSID2032639	4.683612033640717	4.583315444251832	1.1037771699354435	-1.3242245210390617	-1.3605646708337102	-1.3779425037767428	3.0157018306397	1.0894484433602591	-1.7424641342964486	-1.7143725139497124	-0.21048475683616544	0.795504311552949	1.8022000388306965	-0.250537623462511	-1.3745814203416535	-0.08171264898998508	0.21692466967661153	-1.1689446928693092	-0.5053322869394127	0.052536948839372655	-1.682155688612033	-0.5046564189019412	0.8285337636332663	-0.41339833491642825	-0.5870676125203844	1.9424127584286588	0.20329217334812363	0.792111357542957	-0.8344390869062801	1.5536985093868625	0.8943311569935437	-2.525520825022692	-0.5830262860851114	-0.40129574531924134	0.13167557431683163	-0.5786473804452547	1.203958765263698	-1.4673657753339735	0.10425869515311943	-0.8733776959293641	-0.3888014379973048	0.060380993611567214	0.9121843147908961	-0.8034903271772977	-0.22168620553317062	1.9730680312732751	-0.18316498603754175	0.30975149593211837	0.07000112048935572	-0.027977805266269182	0.05092379328389135	0.702058011081593	0.2680924227929282	0.1692962554196473	0.8133556761493087	-0.4414032378507985	0.13901679279068324	-0.3217991210399747	-0.33775586622654613	0.07953175504328786	-0.26002106320031837	0.42283076742947445	-0.1949102245715399	-0.5129380130270338	-0.3364559024647176	2.394527407617524	-1.239419788086166	-0.6512214007871624	-0.17231693374154158	2.2093419531671024	1.1406926737721579	-2.9533262594661833	-0.9062417109556751	-0.1308281858361659	-1.5154522728145754	-0.5824069075272879	0.35472959780713226	0.5829298712004012	0.39056494044367296	0.614532112666659	1.3243697630642624	1.2220202007951606	0.26717135715469276	-0.44608672361119434	-0.41834193163687583	-0.6685436378915176	0.3495454579604532	-0.1905686218192924	-0.13251743222726178	0.08431690881726397	-0.3514665592229884	0.43757956463722836	-0.06679569887900885	0.21005360446696975	-0.23320675380825143	-0.3377954650036481	-0.8571751581990406	-0.07340075866396827	-1.1856647049976763	-1.157920191572932
DTXSID0048509	10.159360569232373	1.1060356526098312	3.6842266262818786	2.3115294911104955	-0.19382307460950998	-3.7613565457076286	3.9364408443484447	2.3941178651591866	3.538896649968036	0.06556022115972954	-2.1477703167563997	0.4562412506161407	0.3126406669391657	1.0169096245377374	7.553654522941765	-1.3948511616168506	-3.690743390405751	-0.17894366728532923	0.7969287936281174	5.489677524408575	4.1267445955158175	-1.167574215439093	1.994005569358349	1.6933021802771853	0.24043671292172533	-0.3499933155008045	-2.628422324048036	-1.9944904679582147	-1.1083333998928173	0.6034686303432698	-0.26494669801892334	-1.4238372059119377	-0.6777601640385917	-0.7863154332818468	1.8877616578668974	0.8001675567784409	3.4762236049007647	-1.4141970991858461	0.7213201632562947	-1.924327170148237	0.6804913835735494	0.7452704813257153	-1.065468655640913	1.4952332132969004	0.025690813550829486	-0.041440067448256124	0.48963505300533233	-0.35784291756295805	-0.007509214750087327	-0.1221065517769231	0.32374857133051815	0.9499104365799529	-0.6900472438563753	0.2795367619530044	1.7896379630837709	-3.7125032847380552	-0.4343690464454855	0.2263449987777148	0.2518636632778991	2.069643864944239	-0.49141847939875216	4.091241247489621	-3.192787225752643	-0.6092461920315264	-1.7143557063856434	-0.8691575302239859	2.597486290855977	2.047917116840097	-0.2271472323812605	-2.539361492179984	3.2182523930058826	0.7424954664889053	-0.6463829319027237	-2.9920429195035423	-0.47723885239659714	-0.6972875209211729	-0.15166299969363606	-2.652337816816238	-0.613469851761718	0.8648474678885184	0.5969575405125581	-0.42728167908572384	-1.5850795206406858	2.024880072556251	0.7406834819407165	-2.227268322936145	0.06655362606664332	0.8816685786336527	1.107801382774362	-0.7633203101293471	-0.08140798296666558	-0.3865812627429918	1.6188902074947444	-0.29412725311483684	-0.0506056958855466	0.06131878443455185	0.5133102450564974	-0.06553334068973782	-0.1365150791678686	0.0275185530247807
DTXSID3045433	9.310017773609248	3.4750329304920498	-4.092823533465343	-0.4266131502307868	4.303160596555161	-3.135254359265375	2.9600030531397086	2.5543088924828523	-3.5287099315012895	0.8762141197748082	-2.1783799159010604	0.6561886634168141	-1.9231212060534766	1.4606726030227593	-2.171856282842494	-0.2636331056525426	2.957829373375365	8.253859266585925	0.16161662073202313	5.114490156211658	-3.2819008581299394	3.1750033588856574	3.8462678553877	-1.202003286992637	-0.4952186924988031	1.0397933732439246	-3.035976680285899	0.02563250911751613	-2.4393418021304036	0.9805304486772808	0.20560185049455826	0.89823736726643	0.24599669239409092	-1.424733635310574	-1.2137700110883554	0.26786647894198323	-0.8331909721997003	-1.752161820812722	-0.25806098226252133	0.035774605106201986	0.5842918163987912	1.1608045291586873	0.5431645684378552	1.397051772806595	-0.5985199214593135	2.3000735727167663	-0.13248999247483867	0.8236745726655461	-0.20219980683444988	0.4793351669166554	-0.3285443510991389	0.6386629864288476	-0.012646022767594663	0.6403608465438203	0.17796997270208542	-0.27679595162221804	-0.6582820590437161	0.5022347152803638	-2.928939752731217	-1.1404024293300712	-0.19229446310139175	0.9066318785725159	-0.15208541788491817	0.8384268532911348	-0.8742779769213757	-0.5330805036244133	-1.1940866626547366	0.17426365720183185	-0.17499605324766715	1.0959683830866873	-0.8386632995447052	-1.5717905740391458	-2.176421518077493	2.1225704602566227	-0.6860925388032035	-1.7889838852614997	0.4136920766953818	-0.9554835393475605	-0.16826998546656105	0.2915411105867897	1.1203371763670875	0.48686340372988685	0.38108118225275855	-1.3089163963632207	-0.4273436128292175	-0.5782796272745861	-0.6030039209761245	0.6186460176515207	-0.19014542802774892	0.7441085576563436	-0.32199972033824836	1.6094090982613818	0.26467875117118544	0.29851118464279347	0.5794246447493918	-0.518827108216954	-0.14489651128520603	-0.12311156013955318	-0.10519042946573069	-0.025627867297350816
DTXSID0044606	1.586553137371744	1.8161486433659952	-3.2549227242914704	1.5710991127261056	6.8306169689661935	-3.4907633920877204	-0.18135674345221006	6.117244353085032	5.648752842809523	1.919803361748751	-3.178822443764147	-1.7244888129210638	2.7442767268558166	0.4506819064241293	2.0879112926528633	0.8728542847448368	-1.2881008208352192	1.4351251839605241	-0.2171858748589198	-1.472837443003153	-2.3591936827564814	-1.9661563196481011	-1.4716087533841222	0.8953589371687876	-1.1710924273169878	-1.8905398358706496	0.11360335136737261	1.2004211253341694	0.576860442927076	0.9842059459903523	0.7553264403021118	-0.34130646474380383	0.39419038417999197	-0.3299830740139371	-1.0118163511032048	1.2214198872863335	-3.14844353188279	-0.2347799908725778	-0.06646523629042463	-0.83184453385202	-0.4624125528799203	-2.0327162340292313	-0.7597330407950132	-0.016191691004028633	0.4025275426453223	1.0099298742250171	2.392833836303752	2.7297067687110177	0.31259408536391053	0.4912739827458112	-0.4291881148602249	1.4054965638693147	0.9585205816982552	0.07357119235518647	2.747189469377858	-1.4875870524935688	-1.6510070414891975	-0.38478642533262497	0.3163789836387969	-0.6318253009361885	-0.5050717941644445	-4.844125335313205	-1.2651680873687918	0.9354058938625527	-0.9359468489422811	-2.719301784940914	0.8872740093768363	1.6455335558956627	-0.03393183336628197	1.2777362635468321	-0.1100819020802538	-1.6257510085187368	0.9480544103261919	0.8742995338079992	0.5533456860759641	0.591045220012117	-0.6905355266047069	-2.219237910455309	0.6110889140358641	-2.6242145452930075	1.4446370880025072	1.3354538493199954	0.43105871082045777	-1.0935044676446595	-0.1091034615667843	0.9401025081034524	-1.8500176691830499	-0.2961907039190277	1.691679954619106	-1.159961224722294	0.7961788875055347	-1.0570047345985991	0.9666355205962318	-1.0372044774191165	-1.0915957376847065	0.4009686681696115	1.3285465525963267	1.2439477583723904	-0.6547269235305628	-0.06836766303052261
DTXSID5042451	-3.9384299450478193	0.7953153999728148	-0.3610665126926645	-2.1044171113973493	-3.144444250841211	5.227497643449668	1.0863888731513889	6.054455506321101	-2.427612670043136	-0.5390250015392297	0.20282222378865603	0.49547590070233993	0.8508076343168599	-1.4421988363508165	-1.9403355818648178	-1.4357932525249637	-0.551563363540823	-0.9289271145815995	-0.6725227121940907	0.28821345384036373	-0.19337551971823638	-0.7601390984979035	-0.31145156308875055	-0.4098652880659085	-0.014012508825361453	0.5440534333948592	-0.408531086376614	0.9914892049501105	0.5300963289721505	-1.0943002979692757	-0.43471276714350393	-0.9708677645149992	1.3336443494294408	3.3538302902812034	1.0787351380715307	2.4015172565864025	0.4301524339700102	1.3752994845847935	-0.23219788232155603	0.8667395193028669	3.0612143178442026	-1.8807323846834514	-1.5086888888226886	2.710010994760057	0.2540283421295125	0.5803884265726718	-2.318651558274032	1.5145338928507721	-1.2360098466633105	-2.1301043682577148	-0.21936159295888463	-0.0530500098222254	-1.9670640808591233	2.6620901372701757	-1.2169459451696425	-0.12500017549726083	-0.6880082093710685	-3.077607016833819	-0.2428909898176073	4.383512688325451	2.4201294681043324	-1.533491079285356	1.2949657804234058	0.12814404868169704	2.420459569624905	-0.3774064258563939	1.3399462689070782	-1.85623469449931	0.41357431052334515	0.1258072251385555	1.4573210046419645	0.40525325619344904	0.7423004072302893	1.289456070497579	-0.31066953143124193	-0.4488257160789785	1.2222704201475771	-0.7577083051095549	-0.5408964990762252	1.913804523567761	0.5305167308296211	0.2134983600784838	0.8165808198864435	0.2954019646374638	-0.010480151082154204	-0.08460802199612677	-1.161972794599969	0.2826937889556523	0.5346020264161446	0.4654698114703712	-0.1843604807362019	1.0006750564735123	-0.1384379796530473	0.41737182737122897	-0.5100020911473149	0.049466822500118426	0.6030308267298993	0.22668300505244915	0.3706522099405551	-0.25251495438289107
DTXSID0026252	1.8309207774086271	8.55966641365665	-0.790556396700411	0.9940903070094039	-4.020919330306534	-0.1935435155603946	-4.152081406384592	-1.0908676835334674	1.6134677750328408	-1.6902109667645493	-0.38953052183441267	-0.7324972655279008	-0.4341312005627446	0.22523750471070145	-0.5376204312399561	2.045688614350329	0.7378386991482795	1.9379075259881404	1.4213507357699555	0.45695909095151477	-0.9469282870900361	-0.11236463578836035	-1.7240272659289644	1.5673027257866947	0.09502761563030171	0.23655635223811008	1.5377416404974171	-0.39803260435923976	0.3859735425817885	1.5125751740769315	-0.9747734121296705	-3.3452566154567136	-2.060223705130981	0.4270280766855673	2.428777443701656	0.2527027302934388	1.1275523392883517	-1.4906071392781985	-0.18740901084883668	-0.9009629542393678	-0.6735822446766978	-0.0654054348918822	0.7133079368909073	-0.6210883643604478	1.3976875582006285	-1.4811919461564516	-0.1375576448326021	-0.5911444782127068	-0.4363285994008427	0.3081230723562295	0.18069773638817474	-0.6507689537103049	0.9349682883720262	-0.5038672410099547	-1.3369937346463086	1.172218547257812	-0.3985140344591247	-0.8336387640863604	2.0339341753658506	2.010425018975203	-2.19586179436688	-0.7429777756084581	1.4364688569403676	-0.14032073028120962	0.5011977499432356	2.1497816965952325	-0.5541529056357486	-1.1902923517148885	-1.8151295760790143	-0.14094709185668056	0.4613410940969287	0.012660143976889204	0.4130440582576358	-0.965676284273356	0.3738070907261683	0.16879751932638673	-1.605557385896807	1.0894511965264784	-0.08400253074513894	0.29322892684352087	0.49583637274000314	0.11641017526834906	0.6929263848166912	0.8738681408899281	0.37424201228728793	-0.5615185215367684	-1.5521887386039248	-0.5213965044553099	0.012441750674835706	0.6675394272447124	-0.2550051066490447	0.8853360048161553	0.21219001978897065	-0.5112914531067382	0.8259902221329967	-0.4536317895957136	0.04735572613614799	-0.022718544716674654	-0.25466565266070096	0.3519763127867797
DTXSID3045772	8.782402169796864	-1.955282796884001	0.829092525593945	0.6646708041752433	-2.6201869914872367	-1.7190197206278466	-0.02887331628777927	0.9995463538787845	2.1102200273320917	-1.4443212800118963	-0.014190882556971296	-0.05142935811879938	-2.355651187817666	-0.5301610098473093	3.5797377207447774	-0.696649392686114	-2.0758400159104133	-1.8861643443890117	1.3616914419798156	2.998283919776346	2.112337143786723	-0.519616945019149	2.5664509871373884	1.3821045961263585	-1.547800893448228	0.653653608766747	-0.9898004074721242	-0.8986392969092534	-0.6084654386581726	-0.5483061289868862	-0.3888566275182909	0.1099891090940912	-0.9058106529599219	0.23683960371786883	0.9148234017272681	-0.08415229279574431	0.5301833398398298	0.30585373568108226	-1.6781788855418442	-0.4700317853155291	-0.11323118600694619	0.3460222172502455	0.21700071210079402	0.3673972595816578	-0.0832282186861154	-0.45806667924706496	0.2513547489777192	-0.5808233671377759	-0.061150476863702945	0.01662966564083515	0.14078165275059856	-0.10459214513081208	0.3573113213229902	-0.58547302738496	-0.8790384345590775	-0.739791594880949	-0.6051279802166316	0.19035800628232533	-0.5415020620145544	0.1518686345773982	-0.2976074563188328	0.2523339994266607	0.3649108481259686	-0.6916205043007633	-0.23539211651529954	-1.76411680166776	-0.5037223441899663	-0.3286850855814353	0.3644244686181716	0.4437533654819025	-0.377285063945501	-1.7406133025688788	1.7786638869993694	0.45106908558663067	0.23420720721202537	0.8858843141338651	-0.05974353602949461	-0.9276463221171076	-3.2393621564594346	-0.2598080363387076	-0.8437037039837104	-0.4142148475759134	0.039118343866702196	-0.02195104471249242	0.6087813497774329	-4.710044457281753	2.123888631439589	-0.8802606304782604	0.15872414775168583	-1.0283932932630242	1.5297677770826914	0.37791196761974766	1.81608763014163	-0.8847124713473549	-0.06473245259043209	-0.984634390445503	0.0017210585427702469	0.12779333951009536	0.13188623417711234	0.9313853843920332
DTXSID9047417	-4.226005484857499	-3.9984563876481	-0.40043451072556985	1.8765501511975866	1.3491849901899868	0.41949638735897454	-0.882405361507661	-0.35421840310225877	-0.2456571840227575	-1.3897760608203942	-0.4623794336199446	-0.5568790375592597	-0.9685835390266264	0.8312700274592231	-1.1278140565110901	0.5398075952503415	-0.026358823550656253	-0.1759582863477996	-2.1690686373780106	0.9996224609671573	0.5206026404449685	-0.20060346884515645	0.7778537713999788	-0.18860743753249548	-0.0537392049975038	0.747987756689456	1.7370421133840068	-1.0401957908611537	-0.46119522992072143	0.6925945867107657	0.3470470949876188	0.6181137089627914	0.7357443868127767	-0.1017697468175071	0.30722945491459913	0.07339233839097709	0.4598283532194914	-0.11410843217113091	0.2877480470036627	-0.03205936686721978	0.7729787877016769	0.9294377234779421	-0.48578289648808615	-0.2762871953842786	-0.031474798293399144	0.21497862701929635	-0.20012305108500555	0.1469728823042135	-0.38096220520393204	0.500896809303343	0.19592509642579567	0.27570155700330545	0.2268343559122106	0.510385950224752	-0.14633333705037538	0.07941643608197557	1.1112040704145818	0.3173131276177688	-0.3363303911401741	0.5258150786966681	-0.09416451240392334	0.4800134686383471	-0.2756131459748988	-0.10024610082618061	-0.42029425979757473	0.5459854768611141	0.5041129580569256	-0.5444565378279796	0.2343026076197501	0.329931552476429	-0.6201683935191264	0.7039045264487331	-0.5796966486009166	0.7798209162835676	0.1668631674786892	-0.4115748140946667	-0.8018541002411435	0.04173230011223569	-0.07925130492636252	-0.833052722927743	0.29267156045856735	0.11006871334967962	-0.14213082249914732	0.4860198803595551	-0.23724974234858448	-0.18949836081779098	0.08646922780518802	0.22451124730475283	0.4140204467947847	-0.10914960697367124	-0.5740410228606256	-0.3782259666078489	-0.4862251249473126	-0.3019983738160812	-0.28148025482346695	0.5716984957402539	-0.24772064964180923	0.11082784554531722	-0.09735712002830073	0.21798683268096197
DTXSID90371872	5.616687887176387	-0.21789575543951978	-4.956308469985525	-15.412093098815616	3.796182954972321	13.794749147992356	1.0047912179242795	-6.760715703292826	11.514034025840004	-0.6607674730367032	5.609982647083502	-1.2717903940271824	4.853543272626595	8.129756924317919	-0.24462129701191965	3.4167502593908465	-3.5299760502893207	-0.6526531244942407	3.8247518819614337	-1.358551794910734	-3.8493940512340123	1.7902997948287234	2.4578318400780046	-0.3917270105455521	-0.39508157219765344	-0.5425430600803121	-0.7673317296497916	-1.2944344991683638	0.8563104879562775	-0.17032081432412705	0.32478133830589856	-1.3448728822031994	-0.7057909641355146	0.7078082598235838	-1.5022700260755917	0.3004146058977599	0.4350320125611641	-0.09171142066905312	-0.2639273075102092	0.33812530574697497	0.7166662213157731	-0.13152140283087013	-0.16679790680862946	0.9736689645470978	0.11100224876881122	0.5347793074197503	-1.0431560741723949	-0.29562844840676467	-0.7174390699250617	0.6668104923865282	-0.041700168767292205	-0.17985497893408242	-0.23216213640265185	0.40392872926150447	0.2685831270710197	0.9361102138438397	0.6243533880869387	1.3171683822266336	-1.075655518654453	0.6897549693684356	-0.08100417212910081	1.6348344717397498	-0.7769171508365683	0.2758707875468532	-0.5133187080001596	-0.5917777906086475	0.6589829540186145	-1.0865527753970696	0.09602194693306129	-1.4867408431296678	-1.0604759457163666	-0.21939503625385468	-0.41327152653828925	1.3924644500542744	1.738813088639405	-0.8655214332630662	0.271377632625276	0.0516745103461431	0.3886773559729601	-0.6583123988446373	0.32114510509883265	1.176049685318259	0.12415953159038386	0.8703037464174038	-0.6265915284939372	-0.4760271613572353	-0.1925749796807239	-1.1468296543847334	0.6199937296280992	-0.5212500218305486	-0.6740421681259343	0.739654865160594	0.02112665209520181	-1.21224768487528	0.24858362874473283	0.15935843635132024	-0.3348640677637487	-0.2657134350360058	0.7433416360067706	0.051352681071221394
DTXSID9024483	-0.6494936038743574	4.1993889295012865	-2.5421107546356723	2.922928507717724	-2.248350036671477	-0.5459394630330564	-2.2802890381403107	-2.863845191120754	0.043065125550875584	4.087702413926394	-2.9682955771629906	-1.077079580352666	3.3339499898027682	2.2057074944462673	0.37594609956519487	-1.276064701142996	-1.8305857414209636	-0.09435100869340762	-0.0256604013334538	0.08657977836994907	-0.034272392513172434	0.8924510535950418	1.4051870049097224	-1.0144744303038944	1.5806562897041467	0.06445508002871399	-0.02885574667886573	-0.6437749076659062	-0.5565886818740855	0.44117544403737335	-1.0809143892886028	0.37912231661588863	0.31748675199878357	-0.4948611942798151	-0.012696754321490557	0.5851372057389024	-0.9853688291875894	0.2322969369451646	-0.25197093264795056	0.2139996361212186	-0.07859408010539791	0.20927586251557037	0.862050778299633	0.5664587498276216	0.9196253573689004	-0.21563597331202125	0.769785801994761	0.30639392589168296	-0.4819347420284741	0.22563417402367475	-0.05436830266505934	-0.11259615708626025	0.8973196205406009	-0.060185119353924295	-0.15739197886087342	-0.4195100887146789	-0.16288273774679296	-0.7978304991631174	0.15091618767045678	0.028390929856031106	0.5539589697574597	-0.5096526337257665	-0.4949287199987394	0.6583950385817862	0.557384090979707	-0.4459263899895647	0.6096995250939049	0.3487233134083317	0.3837370741275358	0.03082209407886497	-0.5614814059499481	-0.34231834580573856	0.11837991086460527	0.5267223858227896	-0.053445997128994394	0.24824468165222516	-0.14963874045563663	-1.0612007481233512	-0.6922601294048484	-0.0827392458514903	-0.17101001292833928	-0.15179933931184755	0.3427449881929091	-0.6837666006240583	0.7431605620248659	0.4316423293818672	1.070078547855058	-0.4215403157526541	-0.737741666717293	0.2383617533648898	-0.30150394886423887	-1.2981726339684692	-0.35619714781403644	-0.16331702407291154	-0.48643632232296874	-0.23986460716198876	-0.14247682355839103	-0.1753157472592402	0.24546779495295135	0.1764327276889997
DTXSID4023624	4.660007288353396	4.359232034575041	0.8760391171652602	1.2116133034337588	1.096301352956324	0.3466165873804775	-1.6272268168467077	-0.5245685192969889	-0.7596803412417514	-0.2855783769753432	3.3743756712106365	-1.1017640467636154	0.39356373227448443	0.11584518406562323	1.7792169308043557	-0.9214688885756646	1.080955171413926	1.0348105986931702	0.3207732405394996	-1.0267117509185277	0.38748929457817927	-0.4068214709928131	0.9591859891865417	0.19754290822256743	0.63487625183179	1.2056212404585804	-0.025103937871586997	-0.09227110296909467	-0.2488421317136877	-0.4312094883379218	0.2849810883392468	0.7337005367847765	-0.3029570505781847	0.2130188117573976	-1.021091958640582	-1.0826338843345131	1.269055483294703	0.36340122062296215	0.35910455596268975	0.281590371399848	-0.05062297255880672	0.038908187283174314	-0.47677090661612626	0.9323119666982445	-0.14493257989687866	0.12299028773785574	0.41630817844276896	-0.7356982632942798	0.33793281137082326	0.006268983554350086	0.18079800416752226	-0.2272631684487368	0.0526619927635984	-0.4214634422971756	0.27452746668245165	-0.9250614790717765	0.31813925477669164	-0.7695425195497446	-0.16771359111886114	-0.1636759197423134	0.019688235494823566	0.30527194073688074	-0.3836771790052225	0.009850277154232642	-0.6622952441650707	-0.980391906797654	0.15393502550400662	-0.6789295758342171	-0.40985693181042265	0.01578125401309209	0.10067470007982929	-0.6640990480227582	0.03606235615760583	-0.2782908936355628	1.6136097504791231	-0.5977139187185482	0.04874619818695641	-0.6134736639252808	0.595748117557223	-0.1179841424347922	-1.3841756754737757	0.3212016708635984	-0.398007524095139	-0.7447637878587262	-0.11795350394985506	0.4866673856871053	0.30833278965013267	-0.1027054804364656	0.24876499899179524	-0.3881270013456806	1.867773701838466	-0.9980738615580597	-1.1370586632794182	0.7244710980906116	0.9445049159326934	0.21144648225709317	0.5451186880078064	0.16413810362753675	-0.009045989018368656	0.08723788635385621
DTXSID6047575	-1.7141373179759904	-1.6492955222064294	-2.612628122825625	-7.680755920470214	1.393686235665489	7.71365023664097	0.19570505589645862	-3.6404837557166547	6.279495810446311	-0.33314691326567397	2.5737089024202087	-0.803127816668476	2.2003848684987743	3.758191331265097	-0.06761911969353983	1.7823826238783806	-1.7741261520922358	-0.16495428895804487	1.7238086959604033	-0.49270691358751284	-1.6588194982412425	0.8681852889834182	0.5085049086220991	-0.2941284538268887	0.1003548630478025	-0.39380108317244267	-0.3512996938579483	-0.46130799983239695	0.4579550406446799	-0.14896968849331943	0.23617302090953507	-0.5396647327984763	-0.1059151162139824	0.22894136214497807	-0.520037101031076	0.26981674026681207	0.18972672908322927	-0.2883839141493588	-0.07697011782380322	0.11140214495929383	0.4157751372125247	0.0007549936441717148	-0.2292509420880315	0.07592707130450586	-0.020589362341380642	0.35990048942485786	-0.5434185397217832	0.02976088313929496	-0.14167921918231677	0.257846758228174	-0.05459996129302747	-0.17484704441385376	-0.2489266166434174	0.20665214265961224	0.2635742204237377	0.3906035556009178	0.22024054731559087	0.581025616255375	-0.5606331567511594	0.42064101631505757	-0.27491901777963135	0.5464269535137101	-0.17957345023475146	0.038372518899638684	-0.42333139478961473	-0.2922379135130224	0.3818614885262889	-0.4948354926520174	0.07126239978601102	-0.5231937796088963	-0.36352756748704856	-0.027083261367162506	-0.23918224778795105	0.5456861919748678	0.2472486468797223	-0.16891434566656485	0.23031996299280733	0.1562127452253586	0.18996429581504112	-0.012227723279938766	0.45308994485895154	0.10079659114754408	-0.004186162900441681	0.1359141510157132	-0.33330129041676076	0.16188522974967196	-0.17070876910108862	-0.13419622404140227	0.2396155062987437	-0.2842164586458186	0.36055639086789826	-0.08611162871200206	-0.18920114358341086	0.1241528730269364	-0.3888155876196399	-0.3542994517873918	0.19500436053942244	0.0032223994672037335	0.1155627975568447	-0.19562795376027697
DTXSID1046479	2.8301334328289633	1.9487506112081823	-0.7553598646488868	1.077025950579437	1.9610703484933543	-0.4736937252255445	-1.2001605122477885	3.536611444126876	-0.8605636046858239	-1.292269767034196	2.5264663513447463	-0.19143291308093174	1.2736236183043497	-1.0832124706923298	1.8424734733396755	-0.48625396909108576	0.9506991267912246	-0.2684635852970347	-0.8796950644019141	-1.8712733658667846	-0.7481965911952789	0.8258494483751165	2.727457058370995	-0.5457029211453054	0.9180909893727285	1.2141843912346597	-0.3726748010510395	1.2998003553559137	-2.5924793102019117	4.268039264063453	0.09003068613916992	0.8237796151616233	-2.603916873919579	-0.1885661703643472	0.024075424377522317	-1.2525514669781568	1.2922880268751318	-1.320013245412095	-0.18782880884176398	0.38937007990680716	0.18658073781491297	-0.14261491980880384	0.7494992052740822	-0.35815203624153424	-0.010468939434518498	0.7240022543384211	-0.5311385395072797	-0.8538491351455626	0.07422532000792595	0.19456025556201212	-0.12604148289056552	-0.5697437348227968	0.2828639291588114	-0.8285773946263513	0.34276996787866804	-0.7709638676379449	-0.7019373230880016	-0.9628921931038249	-0.37779175883532623	-0.1563820524404909	-0.06518712913515887	1.144772339684275	-0.5480437670905548	0.489055089219657	0.027101514748447717	0.48595217181805606	-0.7543381488317086	-1.4290329616575967	-1.0797144336665427	0.7255654511772273	-0.17124856010073072	-1.9018267991198903	0.054235910376163814	1.3302455141575464	-0.9575991268602965	-4.635997737608121	2.3311774739061777	1.3192421803688064	-0.3106803877137866	0.5029166684378354	-0.2625929899009969	1.5510103564310702	-0.911247868975395	1.6587170612022764	0.6698552015837531	0.3121189406083303	0.16052851583083927	1.16263909511316	-0.7126592340387243	0.016776010207158572	0.2995343374697735	0.6646971161486851	-0.22895773939785874	0.5949992179722383	-0.14809923765300678	0.2740127716298007	0.6262631645819436	0.5171753172091392	0.569399160178465	-0.8801700227749375
DTXSID7020972	1.4478990808280647	-1.8844192136165614	-5.314322225521433	2.978451675359565	8.816726243143902	-1.8212826479757924	1.3707885797343553	3.299003888110454	3.851636866163577	-2.0294220490926813	-2.9548951007084847	1.4121086384543668	1.6475659533787288	-2.69822524401502	0.6431965393975142	-0.6597502302525277	1.6605152933085472	-1.8321676595839673	-0.006529164357176295	0.7729238144046335	-3.6757769818156967	-1.1236737898829294	1.2049685369038197	-0.043573249123468924	-1.6837110254609646	-2.186847624058915	-0.2890926487878394	2.2628065969231645	1.7462212612322108	-1.742858927257761	1.9930102603708255	2.2007213458452974	-3.907325257824476	4.935026978453021	-3.109491381172244	3.930902578497455	0.47162432604797166	-2.5167009598746874	5.895995785596363	0.9326015341471209	1.4417769532449667	3.1354425052234243	2.336567560365663	-3.456554309915467	3.162955061320124	0.0972589360557566	0.09272355683522195	-1.0697903100340485	-0.46566146746687215	-1.9292335481523017	-0.9648483416902699	-3.382187588280932	2.47359500981577	-2.619431554818653	1.153408904114561	0.27521372979308256	1.3046924002341187	-0.10667172380700451	-0.4422631959835162	0.802959726111704	-0.32687304392443733	-0.3489873950366336	-0.5343777714800086	-0.10027356017869889	2.738392796443342	-0.6543702848966775	2.269228620939306	1.8529060374105228	0.7478673219373672	1.4665893558567107	1.2124484400489806	-2.005121760966976	0.10745061108015862	-0.19872174398708004	-0.4164082464467646	-0.1650463304833479	-1.9160997865328702	-1.4342253519138182	-0.390356940784646	-1.331468963849646	2.0028200403975855	-0.5709719708387163	0.6972252789168545	0.15078583260674203	-0.36736638880932193	-0.20863273659713713	-1.6385944865913336	2.118561203423807	-0.053241658049475546	-1.2916123076204287	-0.6249062455151371	-0.3425567397398949	-0.2933745600712847	0.3366451190397422	0.9098420523230072	-1.6670596860268059	0.3192945551904424	-0.46129596821398444	0.012699972032280675	0.9571424833721044
DTXSID4047753	0.9010259008124111	9.51286676026757	1.1811250510179117	1.6917930000356975	-3.68755860014448	0.7462948952028092	-2.266467700440877	-1.7722993218976273	3.134882645428725	-0.5753368305480163	2.823698065978949	-1.0437471936759495	-1.4406962027896761	-4.5611848398595285	-1.6377650805022983	1.2355640379406445	-1.325026698930265	-1.0301778241352904	0.19081501690729585	0.29470435022166497	0.7658634756574697	0.39534138708438843	-2.3023948205965463	-1.4355559008114886	-1.1178333738028792	0.27126271687370834	-1.0429145724747066	2.9434319941608367	-0.23425478172252506	-0.673118854249057	1.0152285876851939	2.0635751419379478	0.7170750259837047	0.2155857130984741	-1.3424806641594829	-1.5382224891327838	0.6375117917271943	1.148394341502797	1.859253841155282	-0.8800804297778249	-0.9052815356784525	0.9187272382949938	-1.2755364740796067	0.41609151727717725	-0.5700150319909564	1.8325997229082893	0.06239627705645941	-0.34378193881676994	0.7093911464393647	0.1275359434473353	0.44788006411678427	0.7394355564830492	-0.7136503298521487	0.8381983026386611	0.4540323398713446	-0.4023650333936946	0.5492417466972279	0.39123822769857647	-0.5278534159950945	-0.3245261265322726	0.580586729974238	1.5148175822921708	-0.019962191282091896	-1.264868551340582	-0.41689241310121083	-0.8896466421791042	-0.016907275379960708	-0.5167080803449787	0.6661861587585334	2.559464610392435	0.30166979319996595	0.32444779205641683	-0.1958589995693245	-0.7095555647121954	0.0018390356183939382	-1.1282001167772129	-1.108332999837095	-0.042281267253635846	0.7653148414065462	-1.0119412768811094	-0.1867824256581211	0.5829058516978084	-0.2762018232614249	-0.6370645315108896	-0.28428912712117077	-0.46044242014927333	-0.3223390431597412	-0.8970560953195494	-0.3952148588931266	0.6080498837088909	0.10666230878250213	-0.4093339211084397	-0.8534710873030901	-0.2105331983100456	0.053696737370111325	0.19052021771366148	0.36714256733402534	-0.48738690720515565	-0.025712629098441013	0.22403753313575636
DTXSID5029267	-0.30138672298977165	-1.5256129953536701	1.5420827090559872	-3.3468173517734874	-1.756602561315749	0.38845541866403915	0.4815273696669422	2.2384687894682145	-1.054336973732193	0.9864135072898224	-0.8334974690955136	0.47553983937069794	-0.2684570062390539	0.9207245097482107	0.8136758673006685	0.5131757406405927	-0.7503177805148804	1.3065132664556607	-0.39873199647336255	-0.9685931180850922	0.2585304594386862	-0.5640149422741831	-0.3528875202039518	-0.8866527600949337	1.4105084332345974	0.6350267655439711	-0.4621017762414229	-0.48733959209601235	0.14653574796008462	-0.4161808195389133	0.5089543131956366	-0.5385572333952667	-0.76476185712659	0.10944623944711127	0.0032408292705379503	0.23577641685254863	0.6995789588940119	0.19699415387274025	0.017566108298669333	0.6027758570246655	-0.1803857593957747	-0.884384313767811	0.1240019124982206	0.04333510951516571	0.05951042106938912	0.0863150324542846	0.11108505835097894	0.46321434159479175	0.13540371697993606	0.016006349194751426	-0.019404501347595682	0.005299866265148432	0.24228142609082545	-0.25336559876061177	0.2844749951483668	-0.8097856068956549	-0.0912533746965301	-0.3832170076149447	0.6420794487302696	-0.10581678959172693	0.504069603485192	0.030809063901489294	0.10257738338090695	1.0453190742596072	-0.21141275186741168	-0.17183366105448547	0.5289197769308117	-0.4905020066823031	-0.7842558940061813	0.41638731259699	-0.15317106926930307	0.11699872373498067	-0.21021975413461932	-0.714087181219242	1.0608646417493808	1.4712937072468943	-0.8112995483779313	0.16650686634809678	1.0645480434450394	-0.6598944255546277	0.37523535312977657	-0.1648338789041797	1.246717858756337	-0.09430759538115129	-0.09452775597927433	-0.9600753374832284	0.02512300466046788	0.2760829058258898	-0.6849469082596433	0.7786503347021194	0.11774364216226003	0.1754731237465477	-0.3184772405530533	0.03704316480430235	0.23045561085931063	0.10778137473136973	0.08990840907784337	-0.10176323160619023	0.17701418996839005	0.6238818332428107
DTXSID1046265	3.3539964453729145	1.9381938403334062	0.08552642048221215	-1.1647025117468062	-1.3396207088482877	3.0893926656245143	-2.0858300400717527	1.0801142684276157	-4.618912145871742	0.33415337742693507	-1.5690626832982604	-0.8018840044798077	5.6503708162453865	-1.4599350303388219	2.918784754720159	-1.8530151397286043	-0.6188627563629967	0.08299660948448621	-0.006537198728407958	-1.4362761810899884	0.32651478189228483	0.3456343487509121	1.9931034421533034	-1.0617062335928473	1.1833918068578553	0.4271187300018551	-0.728948730004645	0.06628960641265076	-1.1993383783022995	0.03927497585448509	-1.2463592018534748	1.246694440345483	1.096281102841344	1.0451084441855136	-0.12458306475789957	-0.7648146325519988	-0.06770694018266368	-0.09003433770569572	0.08460040789878642	-1.0101302163225008	-0.15025919715922473	0.7044112135901587	-0.5590109068268151	-0.025727652093723897	-0.02928199432946889	-0.48229247067915726	0.022383820810739082	-0.08273732338234956	-0.08256772795729976	0.1425106479576638	0.061144048920601275	-0.30068766204627767	0.6774008162257907	-0.11691710094856468	0.47884122921300176	0.020010827667601278	1.1993941443034994	-0.5606598817198607	-0.24754506941895668	0.6298149557356655	-0.38919534962139946	-0.02487155859367891	-0.43209422447574214	-0.8872163158947762	0.08729289194366369	-0.6077987079801368	0.23625734758870884	0.5451295238191292	-0.2605245572321915	0.39853158814706474	-1.3947567398424332	0.20428970506152247	-0.43926913532912665	-0.30259069711747644	-1.0437388896385627	-0.21313015179067424	-1.4278698737385926	0.25367680482208316	-2.407783489618216	0.5732636499077901	-1.8490506348290576	-2.4021719932931846	-2.135116578046008	-0.7367417676729291	0.9093500636122958	1.7845810368124753	-0.6423730785742798	-0.5185084694304856	-0.27115934612069276	0.20974855802429176	0.2465407590458613	0.8794443633954534	-0.17198977219270478	-1.3976935857051374	2.466730333754519	0.11814996122860509	0.7810809865518488	0.7755620450592103	-0.6696153235476482	0.012440420065011662
DTXSID8049418	-5.550216412383708	-3.2588735641348503	0.9277467119348093	-0.17888884828715215	0.10284865046125381	-0.5262118534933155	0.3926877879301263	-0.9704436578573462	-0.2841831479357325	-0.409283064362352	-0.5706048464819538	0.3897674796682193	0.06049649724578906	0.37276121835918163	0.2500013940441574	0.03016776650222133	0.6473780220206915	-0.03497690146228173	-0.24741280882047142	-0.5941081956045307	-0.3144693506468598	-0.26390423962831366	1.0817525539897987	0.14740513090176846	-0.37390833430733045	0.3671961439142238	0.19250745298099606	0.43065508281143255	0.09270509800031937	-0.06421789231249211	0.14396149556909668	0.23493103026491283	0.08119481258276384	-0.3123838751556455	-0.10428061182843514	-0.1408757947614602	0.647684335882353	-0.1548019541368968	0.016910073649186754	0.3719529411339551	-0.36148742867289646	-0.1057605355064849	-0.4120545156059872	-0.21813233395153858	-0.1458334326279993	-0.041528019903186976	0.3298294840878132	0.10600617552873821	0.09576464851752901	0.04089253421671148	0.12840960959551678	0.27766604863820854	0.11447694316128404	-0.0337402439197761	0.04223416190254635	-0.1136078252684907	0.2614961544823668	-0.0004282342807474359	0.08346830926014816	0.070431634760953	0.29566975194937856	-0.14068636356770092	0.12855263525532443	-0.04232680503887907	-0.0894627539155765	0.4933485953549375	0.4051121720708164	-0.616212863371239	-0.1593668803341252	0.5220547338442169	0.36177055635713584	0.1400201536966292	0.003102846662684954	-0.40372813461510637	-0.8604131720184479	0.16938692541134404	-0.5373806132878263	0.2264818378160476	0.25421322562352394	-0.1928987129566274	0.5941522258956742	-0.11821863301965008	-0.19836779537056057	-0.49665177752393913	-0.1867022654874706	-0.8144492799810394	0.2597105160784903	0.6240403680885432	-0.3453349594438496	0.13387166369561193	-1.073197624197453	-0.1044354299535259	-0.18016452018429266	-0.17596890098678894	0.4310360154132324	0.1366286497324932	0.23714323668719578	0.29318286786710146	-0.16261400367750758	-0.3363957717612011
DTXSID7047938	-1.3110706239740022	-3.3486945008040196	1.6338613503827977	-2.342072006162263	-2.1802634245296346	-1.4867353549067264	1.434909346807427	-0.11963093048984852	1.549527038599365	-0.08778726697855294	-0.7837805843729263	-0.07418564683298146	-1.335178413028387	-0.9980929118845605	4.323730697387241	-0.7159736947854548	-2.8413324391928767	-1.423263454129596	0.10234539287939631	4.434647486242263	3.07053527454205	-1.0262261262475545	0.9590569557768338	1.7255189012556593	-3.13112086153791	-0.837305284684125	0.08354703392415111	0.6861859083817129	-2.02664713426634	-0.027846170729362654	0.6911755262144996	-0.0821680102636397	0.5556795794396686	1.034454428028537	0.4768992196882827	0.3018227633626951	-0.13566964817743693	0.15852951324717948	-0.5637135009164617	-0.13104112898336936	-0.6596467344666954	-0.4133140440195899	0.33432190634609843	-0.24564217263630445	-0.0026993002936041757	-0.2767383148202403	0.3542852392137753	-0.648011935425692	0.007241729305659048	0.1977059697501793	0.109032479576728	0.11460426881693683	0.3660378672612784	-0.5746587756514113	-0.766861083983085	0.4057009666173936	-0.33472772239066595	-0.5545486752296637	-0.04719666889010056	-0.11190394970319137	0.348461694445093	-0.7256853050361373	0.7036808357368756	-0.27549461651609675	0.20879614526872467	-0.025549299579209563	-0.7444403386016749	0.0729585256240133	-0.434057883681186	0.42372542549199355	-1.6210495831699616	-1.5940699836558454	0.3965289633741522	2.0996552483180446	0.3894062403982656	0.7306581872555125	-0.004013901693327663	0.9681907000000982	1.475479098726619	-0.6268470854692751	-1.2775372423805715	0.4804775514474796	0.9428264017555096	-0.8022695152337092	-1.1241722323316488	2.0532020894568523	0.15874769687792656	0.05524222834712851	-0.4016925110330821	-0.41887720356279096	-0.6683181928275598	0.9439072891716703	-0.16382564425208834	-0.4705309696836316	-0.2590895000262363	0.7146588486955096	0.19859882664632916	-0.35481301110407765	0.32023661688243243	0.416019293292801
DTXSID6045321	2.2920243350388896	1.0604889579232868	2.2796088586457777	0.07439249633450198	0.17249035480817224	-0.5248794525683405	-0.012075606776727622	0.9325688358744261	-0.1151535408685695	-0.4680040292387679	-0.12765643392192344	-0.5172692417776436	-0.3147994671740638	0.5856123017727635	-0.19671090316625575	-0.12576183673298671	0.5554056830571906	-0.3924096452267629	0.5317167195941197	-0.9043766842449745	0.5028133372856398	-0.2423645142260784	1.108140678374566	0.5782061750910101	-0.18036931082020702	0.6681001215253956	0.46623844052869945	0.6639213903245896	0.4684493422030438	-0.6196391224040745	-0.7727156269752256	-0.7195800711284991	-0.2558771812091266	-0.7702168786841896	0.17797805242172599	0.5835006374978431	-0.5446259450597767	0.19475225791528744	-0.8994322313192901	-0.19524313933477558	0.8946957566615638	0.34806331753474656	-0.02058548250120331	0.48396190945704276	-0.5135669180848043	0.22599429507729935	0.4336365099048388	-0.5373264448111142	-0.006272259206146436	-0.4092143688895158	-0.019786357069694883	0.00645274895906891	0.41706935683697616	-0.09500737323317299	-0.3486024697206921	-0.5912360637836279	-0.22775899228727822	0.5688896519380978	-0.4746425819414501	-0.5371267179806783	-0.28395972914143175	-0.10850620186397864	-0.23711508896169936	0.15905234210069547	-0.1554937078768155	-0.48698695310017914	-0.4718647935803844	0.22468341599916603	-0.050608668471638356	-0.5531801471172113	0.2854272766724509	-0.8640552962293195	0.8228539077654259	-0.09557397876027214	-0.9228596533655472	1.174565932686079	0.349808587660858	0.4402415308143851	0.7019459623496389	-0.7165543979526873	0.12927247840059042	0.3185199964459485	0.031183729794624783	0.21456247998380998	-0.3337725728334908	0.2354470632207814	0.5309645270217516	-0.7928942719019808	-0.20732927292823508	0.12846393715463575	1.0438150371071684	-0.3269689566994876	-0.32664280054516176	-0.21845951347522546	1.1270719760138799	0.313194376801357	-0.05479467905652789	0.1353756307601414	-0.02977228004501739	0.07490016405940816
DTXSID4044955	-3.7742523857037136	-1.7672228561341314	-2.616658752551902	0.15433223518050063	2.340310904299355	-0.7867480752169025	-0.19718089085948093	-1.5364750683843116	-3.0652575921678586	-1.9576150560329222	2.085795942460105	-2.132976232311184	-0.869573408450419	-1.841306132014407	2.0673891268999127	-1.0966582103610258	-0.2810048150464058	-1.1183786549156876	0.05171744798421519	1.0927529016489865	-1.3101773954397873	-0.6809774143177677	1.3049103802736568	0.23858012133075102	-0.25922824323328497	-1.9822734713562136	0.23445422479828798	0.18832769712460767	1.2598255678881427	-0.24584451950624267	2.0430521563345905	-1.37096778378693	0.12379462056533536	-1.4469038836984327	0.04242009003417325	0.7500975803673502	-0.8115502856990248	0.46156971598052815	-1.7694051596468718	0.3294144192042723	0.7906336119315801	-0.38132011487290934	1.9602590350736393	0.7875931883047513	-0.9560638370386741	-0.07973994668747555	-0.6721906059700585	0.6293699536406178	0.3755202568015777	0.5900963825623238	0.446376361575262	0.3917784805837064	0.17383742301382177	0.5480962260572844	-0.10712907747571826	0.1825319738376796	0.1647255245049578	0.7461905537530118	0.5120892494883482	-0.405037875629449	0.4687410360780302	0.6225694705043742	-0.29134794238422146	-0.8062018955984771	0.3084705502001724	0.27584961598029634	-0.08005974922265811	-0.13773558072564823	0.10319590617561905	0.31974712773457875	-0.676762351526389	-0.2118082892982433	-0.24163364523942515	-0.2055703272676785	0.4183994109374468	-0.012691047936219776	-0.19783209994649437	0.35157908211554306	-0.08522941957535912	-0.2098898507135572	0.49195295720106424	-0.13917053284801975	0.3600864675196498	0.07985724056858393	-0.0559134348979752	0.004332377575405812	0.14932992415742416	-0.2911420895669572	-0.5078403347338719	-0.4538527060697505	-0.36461845650433217	0.34468126856044173	0.29655123220704155	-0.7748886295424683	-0.541835391408063	-0.797849308103679	0.3634840436424534	-0.4262527649159565	0.13932087904114165	0.27969266194268144
DTXSID0022018	0.43172456939409093	-1.1522585130234837	1.7139102557278243	-3.6554739727157273	-1.9540003186678527	0.6959864388417173	1.305789501570968	3.2251439264856576	-1.612503586192827	0.5946886158050579	-1.472682888508068	0.732994873480582	-0.4266526920832457	0.622630201257453	1.327679660531097	0.579219036198109	0.6060593876607092	1.1056292846031923	-1.3087446035920294	-1.8011214482066285	0.5263225321030879	-0.6611468875876144	-0.20613225010616734	-1.6139721635251185	1.3686324843162767	2.40597860388736	-1.2681810618155043	-0.010709947660572577	-2.107015537425991	1.2797137268479544	0.6280882939139275	-1.3892928020306747	-1.447635572809712	0.35076730083782753	-0.8698807986949537	0.8429741795262995	0.1563093887597286	-1.3768722884442142	0.09376683172158183	-0.11678462418441796	-0.5418653844992899	0.5629417761950618	1.2745704623330931	0.13441632736125714	-0.46415376537084285	1.1237361941390527	-0.024801529856190763	0.2642036509238574	0.05717945505533801	0.3875973424941933	-0.11948441051238429	0.12179641635893251	0.6373870198041834	-0.2444172012162522	0.3146820413069009	-0.8476294800279444	-0.4125983591101411	-0.6311594980230724	-0.46764607686709325	0.017939670921401515	0.38035436388421656	0.9167714368447737	0.4216916470479411	0.3612867837705723	-0.5621096221951541	1.070005664562105	-0.9201759874929498	-1.0055231326730847	-0.6252490137435197	1.5788432635191139	-1.2913676736803676	-1.0568039310438802	-2.298925053029924	0.3631430600316209	-0.2500133543198779	-1.5256720004181752	-0.5492195686880026	-0.14229978387170636	-0.9303612679239373	0.2842790692680837	-0.048343439221564685	-0.06973625226579667	-0.021818494834732225	-0.03462279525085981	0.29617720212640797	0.10839683219756713	-0.5435431352547079	-0.2171889163992145	0.816889903483962	-0.22437977903450956	-0.880895324508525	-0.8453803255240396	0.7854089682679636	0.3387094831428231	-0.25936425612781855	0.8330376011571626	0.7907362519765743	-0.0977450709738275	-0.0573233875734797	0.628621772364045
DTXSID8041032	2.1681614583328943	-2.04846559835543	-7.667195277900663	3.1464885868968495	1.2934683537114393	-3.0884268762450393	8.114510132972809	-1.657367831431711	-2.912447553144807	-0.20781771933136586	0.8308735069383664	-0.9199690413475554	0.3309312659632882	-0.1934654068608107	-3.3454264597905787	0.628870106759975	-2.4661732563084073	0.5389038719015904	1.799722723782878	-1.085292165021732	1.0866675688033096	0.7922927558130306	-0.7049808072856587	-0.23307722317337953	-2.031458408537176	1.124459125724984	-0.0457244620657686	-0.6884288574230136	-1.1045424107532147	0.11986932963327883	-0.6188610331342979	1.4814575816642517	0.3294769758650876	0.15725905477355803	0.05946564097075861	-0.44776987377695976	-0.279299840121282	0.44995098803818206	0.45767396129747767	-0.4213366626450992	-0.4294976141555196	0.1666160066826753	0.5072991683549632	0.033593367455242086	0.45832927652163163	-0.6195672005603055	0.27371424356521934	-0.027069416616302567	-0.3699152307754579	-0.16000115982614546	-0.35152822142862794	0.039601828776561994	-0.639852161409274	-0.1838173770659362	-0.46295897911162437	0.2951643756604685	0.12049246942692476	0.5061234254034065	-0.4451778112422465	0.8284535006876118	0.12548365991234506	0.5334917190457505	-0.33427816152496015	0.2316565804608171	0.26866720434090635	0.39333005294643253	0.006637143678263981	-0.7543958394357463	0.955752258142165	0.06576275623234352	-0.13507056026731393	-0.5438560615031813	0.19891323450259582	-0.585052263949016	-0.37879639218641065	-0.6088140156447132	-0.48987444283220316	1.4813167524245463	0.263116980617377	0.14107177558078815	-0.04804977881500341	0.1297176314892876	0.05855388420361761	0.4078915227689827	0.017924968371897266	0.6124474588246327	0.717237459899304	-0.11909890528710029	0.020325201921397962	-0.6923413191626624	-0.10405000724260197	-1.0847831680289755	1.235806024531182	-0.4089278739467387	-0.37387348194402203	0.026146884970497455	0.6615296035893847	-0.44458781598087427	0.3185159826660741	0.3250788305670775
DTXSID7032424	6.187865985843804	-1.4368854500536454	-0.10475124124404933	1.6623705651375933	8.403628636144406	2.8167761960394024	-2.6322717217413443	-1.47246256997755	-2.1014451924592015	-1.525792489281908	0.34168644060908815	4.079683720719394	-3.139747183636454	0.5013345102661285	-3.2015224001428795	1.8367670774113245	-2.283737511572104	0.8487887633121205	-5.591629870454785	2.897627766680769	2.275492525896277	-0.5578027271425551	-0.30889642851773663	-1.9655168479760041	2.7649260283426003	2.4108777938157973	2.8995969901511587	-1.723071195597328	-1.0719107475479457	1.2474983762444984	0.012277107434085409	0.9656598658241423	-0.7043996159546858	2.100245228422647	-0.9333128809513156	-0.1262022113173586	2.1938799715450634	1.0513912770982143	0.3287353233917431	2.0085814833983844	1.914435609400757	-3.4896235469097383	0.002105128572506726	-1.5552753115963807	1.0164234424877785	-1.3092507018806776	3.3685828113442606	0.643274193383711	0.7226217876457564	-0.503921500621774	0.3661402243871328	4.354594088560207	0.17208772801342936	-1.8520446962955996	2.88678364325195	3.421192740318589	1.5196714691207303	2.030806056712582	-1.6030885014463587	1.2729651225707501	-1.055932433234084	-1.4992125330181216	-2.800045318752163	-4.431539183060778	0.5302914962777392	2.3712511645194154	2.035263570554149	0.12086837401741245	1.1677710791699019	-0.2397580192508906	-1.1649334147805412	-0.8297694631605862	0.5533501798462017	-0.5379319748558286	-1.6712313788445439	0.08995115028918585	-0.4659806738570031	-0.07579336711619883	-0.6945287788688554	0.5937881205940447	-1.5657390058235703	1.7042958059547548	-0.7255346985014182	0.3368657444116967	0.3131023497640956	-1.5066593120204466	-0.9159426152457989	0.40674896046326486	-1.2897088253165145	-0.5239656079535113	-1.0822263696110412	-0.19066269869480018	-0.3369956891923077	-1.2569142531908908	0.07669859639300639	0.10911272254604222	-1.1507040913504876	-1.452145985426294	-0.9835253592879122	0.43594164266281255
DTXSID0048688	0.1274592300316073	3.916759745739593	-1.4603428310136901	1.4842585407627158	0.2910071745462409	0.2747094206717593	-1.7568132067272617	0.7170415615508963	-0.6863694514189509	0.5334066463345223	3.1631352378325586	-1.0067263470154528	1.3203798847288524	1.0074417129441593	1.4400082335700188	-1.4028119894340092	1.6143184726430628	1.105123757666572	-0.04962698037660405	-0.488749432084596	1.20602390258493	-0.6293327611433241	0.48411931905892835	1.3855727889894704	0.1745573784510006	-0.9504489561492935	0.06134443742728697	-0.34856808139904216	0.3280253367637231	0.525974140466791	-0.44858983771860605	-0.30557417346939947	0.03922626806306931	-1.8684120170912524	-0.2411961217385298	3.251511010211426	-1.141156223276359	0.5336251951161338	-1.0615376589220293	-0.1887998303936128	0.09738954995732693	-0.01081452258764381	1.1138158927534807	-0.23562043832977056	0.3349595228640219	-0.2762693212324674	0.22253064762292185	1.0115537003341577	-0.37201106399242373	0.12953594873835253	0.07538581125802535	0.8278894344161585	0.6117543570285031	0.2578143230890094	-0.44482424599490755	0.40292584933085485	-0.921267674080354	0.6820529825857213	0.4122950288148372	0.47040023331300435	0.6343613814142679	0.3059964635391428	0.271780941910364	-0.4446965430047066	0.11439307804518208	-0.20273553681158243	0.44065420038617	0.16078463208860783	-0.1689169285968572	0.7663443686037329	-1.1455447617412724	0.9469783913262273	-0.16682279978359996	-0.17210578254609532	0.7066552748645636	-0.13232220447427812	0.06562017467117712	-0.6173027135086523	0.1382318115175741	0.02293878094809059	-0.2522395135165689	0.06625342945979741	-0.04096626787187129	-0.48921796384250826	0.1677877487250323	-0.045563566396430534	0.6004810217397959	0.07938012769800523	0.21991181704731577	0.4087350446501387	0.5420477491672413	-0.541675483646702	0.04938182831883209	0.36998731864328976	-0.08909119728387245	0.09912673516660662	0.09048182604607219	0.03723131558764885	-0.22460626044147233	-0.2963689874505598
DTXSID6024628	-4.119556741501753	-2.658221826252708	-5.841572486590502	1.9629335356416473	8.2144539423967	-3.2394519279491854	-1.6127515152995902	5.143640379854666	6.2846706118544615	6.0392393273618366	-4.550018669582868	-4.417380789201498	2.5703620910100744	-2.541456509136174	-2.5608783613645683	-2.061034601939903	1.2331316113431163	-0.5727482679996618	1.1807461539368274	0.18698556991772977	-2.5741782854981254	-0.7258232003947055	-1.245822682468245	1.6433281714028576	-3.6780088298072986	-1.899221536717578	-1.1415474010172135	1.5166471170559959	0.8917918235179845	-1.1149231007229607	-0.7508203286810061	-1.1089440042642504	-6.051621381824111	5.70946856624225	0.971160089400493	-4.192815277522053	-4.73488488692529	-3.0568922764645454	1.0691796315066728	-3.38262313674783	-0.4537193955458729	-5.80433924076663	-3.1106464560095204	-0.6610517850549156	-3.4429851877351147	-0.0822103758503481	-2.2516856080170524	3.7069478114310597	1.223960385029062	2.8132673707164892	0.6975317348644647	0.19611088907730295	-0.2415553697411085	1.9281981478537782	5.95018456093312	1.6423525605481897	-1.2593080770556333	1.2810324314307815	2.008106024307014	0.4806364617204445	0.6506190455760754	-1.0106319026441193	-0.3725285412763962	-0.6613947176285419	-3.101631263966495	-0.3820723498152679	0.32771318214702055	-0.17574077477404867	-1.1632141315218563	1.5179815921171302	-1.7712672258887285	0.8358497851909401	0.056055439653154404	-0.13706911495458168	-0.7076158810229756	2.40888010650916	2.698148900736754	-3.1290431812124235	-5.511052255241052e-05	-1.2421080912008087	0.5685673525745593	1.884240072304972	-1.3391901262386254	-1.2379826442812867	2.6417975032551384	0.329070707739455	-0.9228667767553614	-0.3325558935852352	1.2280502113173501	0.7040690811548607	-0.12109759424181804	-0.6307241907651336	-1.0308176731394452	-1.6106486515239808	-0.9874449897488455	0.6439371319562325	0.2734934077693529	0.6428876632530957	-0.8886973929300767	1.0914407235073122
DTXSID8021270	3.3195692261958194	3.9584589220408644	-2.6910185629136274	-4.2562816374078345	-2.76332502344188	4.539140812940235	-2.390836358217498	3.537074008147957	-4.760524239590642	0.7223531908708823	-2.169894748745783	-1.3903008071844538	-1.814934106962701	-3.6241143945689176	0.8687349162570525	0.42465868881437435	-1.1989119558615318	-1.8766120011413683	1.5439060900261592	-0.164369092330335	-0.46268042102198714	-0.9857004007038689	0.6612274889372464	0.6685813468804322	-1.9973869192465576	-1.8195576778253966	1.78720240130984	-3.1317435338109574	1.1224280598954315	0.8455792553337999	1.16054016745717	-2.4033861691194085	0.8941608324953415	-1.3220536902478899	1.3036323491180564	-0.10664858489358331	-0.338874814904418	-0.011797062812709667	0.8670918031801381	-0.11194721281064555	-0.15645469987876315	0.27130170014701704	0.17431916881081272	-0.18187417778335366	0.20680439519279514	0.719227030893231	-0.964802159920623	0.4568679857824528	-0.15960505922219848	0.7781445022111508	0.27226858235036366	0.1888769454241434	0.5577531422582415	0.5527395423412294	0.44453869470522406	0.21422835037679488	1.2441945624402972	-0.5625734733513047	0.40337743768583456	1.6701245133854075	-0.664199457519216	-0.24440988204942485	-0.9903074776893664	-0.6873409168374564	0.7553889899498916	-0.18610015905334107	-0.86573398325045	1.0146881609802167	-0.20353083495459148	0.001364141654794224	1.5300484418259004	-0.9808994377451477	-0.07134256044490248	0.21604369515057262	0.7018354425126191	1.0736209798886749	1.5704711070799988	0.3725347548310697	0.5926606577189096	1.1802537449028327	0.460585660280356	1.0138543442853853	1.2334505377556004	-0.23598644464775526	-0.8248047563658162	0.4028816835656903	0.503084003374342	-0.9398282293154985	-0.8120868858413535	-0.9970428210683335	0.8250595998284755	1.4041524574595714	0.7584281927043	-0.19695621141575584	-1.1738230615119252	-0.6151432468671995	-0.5966966806401612	-0.8815549668071289	-0.30816783195996506	0.4195744671909344
DTXSID4049080	-0.22306247631390128	0.9153971026316577	-2.7754355020486696	2.478615742594471	4.122585723185347	-2.5744480254231266	0.492439889115025	2.6313557065555346	3.062238838915406	4.061708264335991	-1.4739412379895969	-0.569473575468092	3.682109044370582	-1.059908965860801	0.7403764173175554	5.592409209303699	2.7990959363219745	-0.7722462462045819	1.4489289132286722	0.17921931418982537	1.0571915703730757	-1.1526201908067317	1.4168427310214555	-0.2016919335052518	1.2104329209882103	-3.190148743440991	1.4871644671869477	0.8918443301149068	1.6333430337963906	-0.019669835975806575	-2.8990684479801976	-0.547943484597605	0.6995654682635782	0.8478613187629018	0.6253140436356869	1.3769787570936383	-1.0027864709202228	0.9784986225545428	0.28291234253370257	-0.3562370115653722	-1.3328277242749387	-0.37949821648084175	0.1825543747057356	0.6031366094065896	-0.0046853967966522	1.0093954249814434	2.0295563008956923	1.0992221431984515	-0.31659410117376935	1.0314667691611017	0.010538485920232769	1.7227857110831668	1.3264933657490188	-0.3813304051846815	1.5917145991331627	-0.4507636819508758	-1.579165366535837	-0.3009482942990046	1.6234795482376219	-0.46471902063576215	0.3328996307164174	-1.7957635308676685	0.7985974081448644	-0.31734444663581224	-0.3835908487782139	0.20490503869900248	0.6173381656173874	-0.008351876383519453	0.6209398119782198	0.35143607196478766	0.3619747388830389	-0.41316476098812194	0.3033676129333104	0.7895050377336615	0.1830522823885279	-1.0606470446797656	-0.945073226531133	-0.8040853458832212	-0.009741730018356161	-1.2469074445545447	0.19377785275674775	1.384593968252384	-0.070853361394383	-0.11949743560256695	0.29112926305488096	-0.24531790063657513	-1.3467921608179063	-0.1840159940757307	1.475697695150876	-0.10499630176552155	-0.01930894729998018	0.16408138097846722	0.4760143946623833	-0.8406585346349849	-0.5460610203596972	-0.054242096255025754	0.5594903860324011	0.03156873139886743	-0.5529075321067352	-0.23883542592235366
DTXSID0029262	0.20878120830027774	1.8826180008243778	3.2058462563785266	-0.6708217767438531	-2.7923646941385796	-0.78554889427291	-1.6859211108989485	-3.045058453751253	0.1482701282269874	0.0424963206141735	-3.550193662930815	-0.8263477560571164	4.446957529991904	-0.9315322995928167	0.7894059387985005	-0.589270922862649	-1.2557698914219617	0.6318282757118986	-0.7242638800036537	-0.38770139752783617	0.18399732010137076	0.521959610965047	0.2856249714126769	-1.6055910679718215	1.965578592783437	-0.39498664802333394	-0.6690542910799651	-1.2628166843344955	-0.5074320564138957	-0.22962444071007226	-1.419471694444236	0.8350435244397169	0.9762826400278907	0.9562733229745496	-0.3646231455928019	0.22113310767632618	-0.8370290274826149	0.3804244673717797	-0.4502413216016712	-0.5679971129803414	0.3790997644276446	-0.10702620036240353	-0.4570795712261057	-0.9381600421570089	-0.34732576328797626	0.20404426473204942	-0.6648340709663173	-0.1153283034023445	0.07373988422018728	0.043584560450119096	-0.10114305480424897	-0.4327621001110253	0.3076072320885331	0.09257504073537981	0.21953950287162563	0.5581006607913931	0.48280395190745157	0.5414558241395815	-0.10239978900989835	0.06183422111504822	-0.2247412483786636	0.8010053874902634	0.25461689889690003	0.1828544715322549	0.04234264690840677	-1.0057755086759916	-0.09790715744319824	0.45970395524644453	0.8521734168890762	0.4993724588065624	-0.15749808426976603	-0.07003634867941512	0.6221141156176384	-0.07270703990473401	-0.6741652404274316	0.2510192168749845	0.9812463490235597	0.5558911479899545	0.4410377982135345	-0.35030605364448947	-0.37860136038428793	-1.3136350475658398	0.14892928881298698	0.5309578882922847	0.2591080940255057	0.15952324725889944	-0.5779150977801557	0.6037944872610971	0.46501199291649137	-0.13874813219564025	0.027970049124287008	0.463102670597054	0.7802205434986561	0.8760284220156196	-0.9948141788061026	0.2101946136297665	0.4558686937031139	-0.2459504965758871	-0.3459981072773567	0.865078286523453
DTXSID9020663	-5.134150040644949	-5.434181207499931	-2.045773090159894	-0.2507558720251012	-2.3401004112532533	-0.6205615558703481	-1.6419109163555412	-0.47520602825687247	0.10192224545747883	0.8211888348747798	0.2839651153046851	-0.09284585804499848	0.315339898695034	-0.465076286160053	-0.7207073741658633	1.1783251876157126	-0.5557097562511454	0.6544010269333099	-0.8716687408777879	-0.38979049304160013	-0.034385998768950474	-0.39618152309449967	-1.2123688691232588	-0.33180523882245017	-1.483720459141716	0.015866311363147624	-0.16022003161481152	0.7644828310542953	0.3608296893222385	-0.6838460994493761	0.2969899727552028	0.26919251219070883	-0.2916591967857475	-0.5586148969442317	0.42710466953308907	0.3231378201032159	-0.07017798756128668	0.5357369122899776	0.3765741709693267	-0.3371411251348042	-0.03851217222235472	0.07481029779635032	0.23802244130029024	0.4057196286821982	0.19645155008217102	0.3817679538947268	0.13977290537300976	-0.27294531727022636	0.08339141105858379	0.0560107733751062	0.009367642971069338	0.013851165515888166	-0.0740342301067988	-0.011499312703507125	-0.27014067824290194	-0.12556398466179586	0.0025128323287800735	-0.22670023004614098	-0.21716164406589358	0.5318005820679337	-0.38549617084998744	-0.20285923363826022	0.23220080867354126	0.355136176079464	-0.6488203716950875	0.2620511509666198	0.7507201245995029	0.31210469467258967	-0.03913379532112814	-0.32784238691482465	0.053421970746559216	0.13121260141151972	-0.2969557509062896	0.13845107128696016	0.08064487572822854	-0.32177991876527196	-0.3011364513906691	0.022140256690455128	-0.08208635915992825	0.22226083209876385	-0.12538812768736946	0.5724008892308817	0.08430625205113416	0.038676474465765665	0.2763423132994246	0.2312086329737716	0.6477281625635951	-0.2273563006977996	-0.28650659481225327	-0.2934036349278782	-0.05093972014778464	0.12088248969448455	0.39716579544914643	-0.02657130256117644	-0.19308084168583417	-0.1872445033415134	-0.07232359021103035	-0.15884971489674463	-0.2181437430796034	0.41610205085156726
DTXSID6025565	4.487365478320244	4.342976739030153	-5.519126800768098	0.6206955305410686	-3.028810768186252	-0.7365757415603635	-5.037437617435647	-3.616256760244544	-2.2051626085031946	1.9174261422900938	-6.705732786354125	-0.6286901552189046	7.951574388944167	1.2096960448095082	0.7764582808689687	1.2152045352597802	-3.8384605531584604	0.5072551897515233	-0.6902017913372998	0.6054281335411046	1.1014142014636588	1.9766708534964124	0.5399173614222103	-1.3733502737205041	2.89186721064187	0.7206934058443578	0.4937953094478032	0.5501836586916776	-0.061603998728733345	-0.5637148627495996	-0.4179287113134395	0.40624208171253656	-0.9504660747218102	-0.08192356875277405	-0.29124963643826485	-0.3544438232672453	-1.398550128091262	-0.4490173901465982	-0.4302369866719461	-0.03958686532049964	0.1648918286051781	0.6668363592233849	0.8661989236311557	0.9987839987867881	0.8441636765093112	-0.25275947114222275	0.6417083888502542	-0.0015111667513659213	-0.5659097175254864	0.8100147758648448	0.04448828388360014	-0.5548433305245958	0.8828379979021153	0.3672403387947059	-0.18410195911945734	-0.7856038204596655	0.008056693393562688	-0.6611601227447136	-0.1943183305847197	0.048272321522656536	0.15300295590454047	-0.12211461605350757	-0.3513978456366785	1.5855217505948067	0.11281614193865143	-1.0396275017616654	0.6652259839423433	-0.8037738530764438	-0.16942738628033932	-0.5763780902162532	-1.3964492800906596	-0.17519216448536173	0.6841875137117525	0.5337339517589086	0.33284043073840114	0.9578517022600512	-0.4674159586333923	-1.2102092179037387	-0.7970037832810962	0.39762988870551796	-0.10404851173496737	-0.6094948833614423	1.004400142782259	-0.39074515268432597	0.8618672374923251	0.1951662564834542	-0.12432440697099978	-0.1137497317489223	-0.4980047416064102	1.0655540292217098	0.35426265914495	-2.2796874406893757	0.474324659566215	-0.6188814537184668	-0.21539584114235805	-0.5008723470970097	-0.4010170338373378	-0.25885483779666685	0.06275759677529263	-0.11945519308610744
DTXSID6027052	-1.0306204617275045	1.8793483524882824	2.2773615250218993	-0.22929565557705564	-2.858886298275722	-0.4424436682629147	-2.4901901628248795	-2.796097451967856	0.2999543911595663	-0.24991694672576925	-3.340705024935605	-0.8810066056785189	4.128300515859441	-0.7589996853891222	0.5221333331123861	0.03232453908511444	-1.4995229195708697	0.8151125800288966	-0.408259057533128	0.027380323714251163	0.21624825122650723	0.8603989486562799	0.003918465328762185	-1.3197422964233423	1.5760801276305694	0.00657756659170397	-0.25648594704650773	-0.729570696384097	-0.2800620882283827	-0.013898462824653056	-1.319591598593972	-0.2101330191676834	-0.1856322204055136	0.5945169892461171	-0.3160158963711991	0.3928042795941393	-0.8522607818435561	0.04563561463645726	-0.6304385994416651	-0.460094493233487	0.021685037018246017	-0.06196769805599502	-0.31729445077491525	-0.8041096234761871	0.353774625147222	-0.42401824055877246	-0.605197183345781	-0.43305559439255775	0.056897505305934036	0.14553088705065698	-0.0059538228748648656	-0.5517361806850535	0.45979758843559765	0.06099039359870445	-0.4304116344403426	0.6705310016047613	0.36906260389190787	0.4611144620376101	0.40488504847518475	0.6332839222476645	-0.7330899493896229	0.21827901543492872	0.8759717991777473	0.2840175334112191	0.04871573939183097	-0.37325916711382146	-0.2241203718598432	-0.5085336976067633	0.8693515380810254	0.6362427481395303	-0.4494679440726499	0.15951787670473738	1.206722537928332	-0.6790771071210614	-0.47010704050300683	-0.09862295677464376	0.9535065818496252	0.40889054968320443	0.5014256745715211	-0.47080009230013337	-0.2069421132084201	-1.565115446392359	0.22180152830312186	0.4158269014278062	0.1690527721026116	0.047005918981340926	-1.0382274740037962	0.03585840561526883	0.16355503076212421	0.04075932337388181	-0.3432678981485358	0.8537580197842688	0.826306006188737	0.7541160737439248	-0.5871831617766311	0.05560282307157164	0.39753413168491414	-0.23193278904494147	-0.2717117528348716	0.6250859657324713
DTXSID1027134	4.067076475184735	-0.9199654760254995	4.506343734612675	-4.978001516357469	-0.722574327828802	-1.709870798893439	0.7240447280677812	0.4641331580845231	-1.145546360615719	1.1804700892747728	-1.8237567064569098	1.3314010628780566	-0.5481614496101932	-1.0096292184752926	-1.0824484067036637	0.8239880946896848	3.531789862270966	9.467258407339033	3.288092508061594	3.8741718234656926	-2.326798280653694	3.689715273904568	2.7224776301468583	-0.8490248033333085	-0.2538225541734107	0.7930204614566594	-1.7736512555490946	0.39118896293102107	-0.060667155342495914	-1.2234835253631775	-0.6002663099518869	1.6428160482497263	-0.3702400346196258	-0.3443799310797783	-0.4136432221619978	0.019435286791260796	0.013842170391526942	1.055337442375777	-0.22432109227110053	0.16316321105111256	0.6747676581745435	0.3818725112556821	-0.22523848878378847	-0.40270278408226107	0.17065397556947387	0.4495988472364133	-0.7259266676869206	0.5646793645188253	0.2636384035092582	-0.16215659863234366	0.015558240298013974	0.4893847638841474	-0.27117930204804286	0.15175201975421534	0.24606606920085058	-0.7089450034477377	0.19835098428142345	0.4269663356229817	-0.05114253052723435	-0.24082474112673716	-0.013478639848929904	0.1058858885763082	-0.4610598507509383	-1.2147097360798806	-0.1524628363827721	-0.31333098703474827	0.4448302043418532	0.01890783861594879	1.191706627074539	0.7681045366979607	0.2554219278431654	-0.46880064441084496	0.8438059588979399	0.6410244608012189	-0.14722128205561916	0.2656340442203339	0.45450708167025344	-1.0135171337166426	-1.3542048549042704	0.9211041635433627	-0.48406950577641816	-0.7098458397239754	-0.703140124909215	-0.19133923854753046	-0.06311713813928409	0.008397608419908572	0.12717757626186052	1.6429956891097626	-0.5049817991785985	0.22836001903933897	-0.5619610775039794	1.109873941256993	-0.4369823196881691	0.31525939943679415	-0.5921475237832756	0.5938964244570646	-0.009512377066698241	0.1689977690315059	0.2237618092889481	-0.5588427594324065
DTXSID2048822	2.7015764501554638	1.102346368910235	-3.2709236028319846	0.42936474372771777	4.43322641676935	-0.5986471090188638	1.9414220824312136	3.584282401636544	3.748141248243836	1.2361620455798765	-2.6186736793314385	-0.9599058414210049	1.187385685627813	-2.098487385722233	0.3852559044726652	-1.2750872880010613	2.5778078489185603	1.170354532191925	-0.7987316080000537	-0.653687177067022	2.563949221520649	-0.8413799185962529	-0.8940803087795286	0.8268602731522166	1.691684941125564	0.08640440696397729	1.3121647639969545	2.3991935944751885	1.4853936952908395	-1.0140360921606963	-0.43012087919434827	-1.347974524989992	-2.27080133808761	-1.1239305547793867	0.42191457453526937	-2.0937213526501193	-0.8738075701437331	-1.6950542861432087	-1.5049052939369356	-0.5213690191483055	-2.040663729845317	-1.1004955892951434	-0.2589467460822809	-1.6876180908964853	-1.4311203269940636	0.1748588968657563	-1.8730591558051968	0.9474266202667656	0.18654502750691948	0.1410989332164573	-0.30471876353308414	-2.6303657484926926	-0.8586662059528252	0.7271902013364664	2.9881728679465525	-0.2748869880536794	-0.4427207412028086	-0.4639973279812338	-0.8717088006100755	1.051093456992925	1.289220476009584	-2.8965746959049055	-2.695139247151768	-0.4846240436157588	-0.25641503317073283	-1.9376685172204637	2.0768797815840485	1.284203857205183	-0.051791443411127194	0.11562151792371358	-0.0326196477201973	-0.547677999202158	-0.1978005644173646	-0.18862311240217522	-0.3112446869105437	0.8708270616848439	1.7661936468588604	-0.7445703935880217	0.8811509681182215	-0.9352046246106052	-1.1822427562945497	1.4255839612243268	-0.3815407349611103	-0.044449944341040964	-0.20988368890545747	0.5079759727831391	-0.6176923149959003	-0.2550279836895289	1.1033967341601623	-0.48597517523180694	0.28751675857369324	0.6727483358285773	-0.0916356825635904	-0.775572303787419	-0.4571567537525631	0.890396566602408	-0.3083209380801449	-0.2152162283985131	0.34643356520911284	0.6737571151696128
DTXSID0022014	-4.002165374633745	0.5184307951132361	-0.5647958541977824	0.23185294323448422	-2.704713925804635	-0.5300518468838171	-2.4534562606617722	-0.405546504246713	0.1809264217692427	-1.627503116822459	-1.3082974110005914	0.1312388156067835	-0.31531289265292045	2.4259645768312237	0.47803628774624746	0.5889159299164867	-0.5112879433413171	0.5540673195544428	1.7705137841488519	0.3908166592958803	-0.27237089351256916	-0.33478522546255146	-3.713997394155441	0.9470063589030697	-0.07387539791020106	-1.0427271652145358	1.518496552475802	0.6339795220503631	0.21501403950631331	1.2675441738002193	0.41266017245133885	-1.1864028093718892	1.6886733634719036	1.2861593813218193	1.015545178696342	0.26006444536015794	0.21453021117737323	-1.9591948656724962	0.9379972217810733	-0.09692740866632701	-0.41983619035847225	0.12004882022102159	0.2264449157568386	0.4359027788152708	-0.7848941097737742	-0.2696604836638731	-0.6516091526310904	-0.7751261888708111	-0.36859975286993046	-1.0144709830766794	0.09690102597582806	-0.5227525354076261	-0.61079854306623	0.20033306276753596	1.2127833886874984	-1.0288243597211568	-0.12725899516736264	0.01147112883837862	1.2648434801080126	-0.16384750166476417	-0.5589478240831897	0.8282628295307992	-0.7584132813486135	-1.3978259518179985	-0.29213324999385887	1.295852009430738	0.19800997303313833	0.10905337935066835	0.46155863825126575	-1.3049614224711092	0.7682295808356031	-1.2890534857373368	0.26549399528335876	0.1974158634120961	0.3489966915679266	-0.47016442051346097	0.32882463344560015	-1.1756397882400833	-0.5520879255196219	-0.11240390260475912	-0.30433435627717315	-0.08207441776153547	-0.06406752007116731	0.20476003869798226	0.5904530610867316	0.491045819653773	0.4919580064094249	0.49425988589616515	-0.7229819450607434	-0.020528508674656738	-0.08567673326932947	-0.45198512888414594	-0.15430580139839234	-0.06979675169732193	0.06872778117829416	-0.18785768118252275	0.2056139282192105	0.0664832096893542	0.4542702383196918	0.22323603933445885
DTXSID3046081	5.668715512105286	5.962995222614165	2.956748144641216	-1.1096185173493924	-3.835763802836586	1.4952457968157236	0.21944859894637522	-0.35106279981640914	-0.5333779566609268	0.49098475571168637	-1.3921277076743739	-0.16042250607929068	1.7590306948685617	-0.8019006704735616	-0.9797191455234325	0.8236634298165961	0.24382453723497904	0.3921438336499606	-0.5211530237464238	0.37938443063741634	-0.5015089066496039	-1.6105917047032186	-0.44844020006950425	-0.32384090615534084	1.319915802409803	-2.3657677854049375	-0.12802444515439448	-0.9538793075403781	-0.8438163062611719	1.749067747788677	-1.63293967303012	-0.2887076502832626	2.967999187979499	2.8016471203419586	0.8592471474568437	-0.913245198598379	3.0710022971096387	-0.27391767765995567	0.4440170253526557	-1.799541187957908	-0.6556828666945417	-1.4230457455396748	0.01684241933638534	-2.6657003494449536	-0.12972553724156044	0.4944896338858192	-0.23459733192698964	0.9539896486995363	0.6647099249215811	-0.1481078674486255	0.2504822136328493	0.24159381160373464	0.1730595097100882	-0.4616591421106554	2.06336488038796	1.8011886927712788	0.2132386415641989	-0.39503349254659714	1.7342314170603952	0.3446764313313107	-0.6956978671755026	0.43443340079177983	0.25474593180279936	-1.8564110641284783	0.37700126621294755	1.7128430762654456	-0.08447346222630439	2.078468775976183	-1.0323666569314256	3.2594496084745685	1.543628827886041	-1.2470666805724067	0.0729230418949811	-0.6090976063466753	0.1716242831717027	-0.05227418602455327	-2.2818549317027133	2.4396679239360104	-0.6818473095077374	1.6210207850588791	2.995172922229473	-0.773336950501318	-1.1479588707782034	-1.3010088630882304	-0.18423100446088106	1.0419966936277676	2.3320961499994834	-0.5041028804116472	1.0849067098759786	-0.2765705358600213	-0.09938041754947566	-0.42470115107674056	0.7140105873475856	-0.8078624304801281	2.5820954369443614	1.5781409725435278	-0.6486812246715347	-0.3109702686318517	-1.3158829901595592	-0.3199917532800971
DTXSID9047255	8.298513345113903	2.633450419203016	-2.1499395225952536	-1.5175106276962436	4.199006353035358	-2.244657128789295	1.0903768654956432	0.5910352746019852	2.595625137900027	0.8088144146384008	-2.8613283319064213	-2.4880495986277635	-0.8431840020331823	-1.9507164623027369	0.5854548688449757	-0.5836468083267455	2.343851556225278	0.8848272687527815	-1.4325319699003536	-1.3739713584751303	-0.3339746127813782	-2.1717484302611343	0.7672627235189148	0.5848159783623268	-0.12412402867350004	-0.3984142160235763	0.6899119551646822	0.10687449646486573	0.46164074460496096	0.12978242519251015	-1.2251994570796576	-1.3641127029144033	-2.3620246874640043	2.613942088720429	0.0496687617099767	2.976448324767158	0.4307984819614653	0.016014301519246	2.7600476648794228	0.08127719503398537	0.6532392331265613	2.17146222519869	2.7845769170778274	-0.6452299127237674	2.6348456149128947	0.3069089218434423	-0.9805867578975799	0.6330047452175233	-0.563146869421842	-0.28116990015239324	0.18753241626538036	-1.0395543518311776	2.671528810416871	0.9152529466792334	-0.2098818859510055	0.8632126248584634	1.4251423163073458	-1.7707112409022463	2.2092176902403557	-0.40360512596493575	-0.3941876150895767	-2.4310756229767816	-2.200867831397401	-0.6041747545164595	-3.5946167139952956	-2.485236629925957	-1.2500459252331304	0.04904692534419103	1.6107841654679167	2.178508701990448	0.32643507242664316	0.4048330424359781	1.690311788789294	0.358120786101826	0.9572937363378538	0.0249184328411724	0.4587218778152475	-0.45966902838082135	0.5799059219994254	-2.2297476604521607	1.3971359792650582	-1.138956717162279	0.5886569515330975	0.40671997887558076	-0.6118596957702156	1.0475636976539935	-0.7865694839875513	-0.1675277095825952	0.08400308691325233	-0.7411452190603	-0.2942482948065634	0.8803665587684815	1.6844679895469952	-0.983237041448651	-0.793610442631571	0.19513688199044132	0.29245648563933124	-0.8831430667853958	-1.131137432157538	1.8254100526198103
DTXSID5046271	4.211121585093829	3.375062765620137	-2.7249215273462273	3.964559514409622	-2.4025312736995956	-2.3499887194574223	4.690061680746304	1.5498119145989802	1.6034004076769839	-0.8293076352152531	-0.20958251124644017	0.8467393498701129	-0.6147540306141437	3.3177650674212895	5.992391538240573	1.0791561933022944	-4.1678032916295225	1.5306289544846234	-0.6115426663512724	0.9094609619322326	-2.5617621603745975	1.6643545525985803	0.16043035861534516	-1.2522340368046005	2.546310345206548	0.8028391048878857	3.721876444500751	0.6677473609511144	0.19263941198234974	-0.8576995536646485	0.08750079477451274	-2.5422207703097746	1.7234616567298797	-4.404489323755307	-0.48059347027115584	-0.9598748479220843	-1.004169808174859	-1.5829901061720002	4.931835604185893	0.7396221774128362	0.2050471761425754	-1.6609408074693268	0.5966921489639955	-1.6295121780465223	2.3311248999185175	-2.7968894325582374	-0.9568411458692252	1.1712062918411719	-0.22892857104744116	-1.0272614345209972	-0.025510746767472392	-1.6620024938302786	1.1083004348974737	0.6820184332447512	-2.0904181432734092	3.109799868803202	0.4348399263733845	2.261995079138654	2.0684726941875264	1.0423999959947534	2.900004404256958	-2.4267899036186176	4.435717212868184	-1.790053599145813	-1.2213552090888637	2.460795304116295	0.14597479382474596	0.018505380654769216	-1.6738386149025153	-0.5211882976157802	1.6353194209343596	-0.8653033694480914	0.6720968501511575	-2.3995007743616203	-1.4968869123067505	0.08329113352863611	0.2243371779072928	0.5816675116944101	0.01945488853168812	0.996559298158528	1.352349743381874	0.8388225474286435	-1.3096874127882223	-0.5348548787940512	0.9530615073693477	-0.032190580356315605	1.0656869486946752	-0.4017161243888823	0.7143783496966498	1.557817682079216	0.2969968434412543	0.10585801639921603	-0.6016203295345898	-0.21296005986341218	-2.4072702936247334	1.6551978187748153	-0.7503345791375333	0.6687684776298809	-0.8079048050977413	-0.4998535931614343
DTXSID2022254	0.9655891058755559	-0.8944049823722822	2.4587568754553124	-3.6032953343491463	-2.1208090015402155	1.0210500790995083	1.3693560277870749	3.4578071118043456	-1.782881651001856	0.6815436432446772	-1.4764108677426069	0.537852977220426	-0.36449042543275223	-0.1603642363707649	1.0349671587965643	0.32799170788038473	0.7412270392403726	1.090022920691336	-1.4812057476130176	-1.8928784165570933	0.5061844726876698	-0.8873996469047072	0.06220901231212543	-1.9762816415598459	1.3298814161518957	2.318718125954419	-1.4054173863369142	-0.09388293042438714	-2.1092464483950555	1.317723902361035	-0.15847487816316533	-1.5343660383182522	-0.7686104124637736	0.9038853359226967	-0.9551804836443887	1.2734153028830015	0.1521374462813927	-1.41955920527634	-0.5961213956743873	-0.3329448682764527	-0.24417657388302816	0.028405005831380916	1.0201220892868037	-0.006604388949321256	-0.6641299647499072	1.3248485951328917	-0.10702129698709671	-0.11810879542136432	-0.051061979226268865	-0.1203329908350041	-0.20654618138278544	-0.13533192159782037	0.6210243665610502	-0.15139462055283323	0.17918197643554507	-0.48905457987205925	-0.30644004957875387	-0.16841226716903215	-0.5592273186069455	-0.2825342704930902	0.20205788549410403	1.2140790243344282	0.8806240954480484	0.7644317707942023	-0.8420554084686186	1.1292135642442156	-1.5151927781534478	-0.6291419954208115	-0.20574563189045525	1.6973541105411558	-1.4652542000316913	-1.1128911412763256	-1.7846030819053933	-0.10840687845208594	-0.35305328595931884	-1.2215361666126334	-0.572180771994486	0.23454622409458784	-0.11899020077971942	-1.0927674696905991	0.3139247055504867	-0.565715091068311	-0.0038736563767315184	0.4241114122974113	0.46172639288043316	-0.2754220898026897	-0.5664613144819755	-0.38157779072524256	0.20865177495424975	-0.0020204119803626706	-0.6856387083384388	-0.2846007588907789	0.47970207759896244	0.27409815724710956	-0.4671350553861877	1.0906486872052872	0.5465848727494125	0.16565736225981373	-0.20727595482878686	0.6042981349874316
DTXSID1057618	-0.7843179358226559	-0.643551059403392	-3.276916207200324	1.1611945104624122	4.788273865777631	-2.2105489500680178	1.3411091799440538	0.32083952525713444	-1.4195528351412499	-1.0780707789823274	2.5905251618205543	-0.8375384323427696	2.1742789869936994	-0.9084217220185566	1.2805307830484713	-0.8932314218209679	1.037534203202218	-0.8270484175852142	-0.8162641090049217	0.8502133962997445	-1.1406834288639998	-0.324381975828049	1.563966296431472	-0.4284377261446234	0.6662281259403042	-2.5693069820550765	-0.5867060747487316	1.539110592394089	2.013262494615079	-1.7105251072259622	3.538788573625672	1.524938694224362	-2.4649844200140403	2.1169864985740268	-1.3342788871303088	0.5620107203744262	-1.1574726506235347	-2.6019767307568467	2.2481916022458117	0.6452408287075884	2.309964315517112	1.3879190063065294	-0.6356564901606802	-1.5657621423987729	0.3394168178911423	-0.08565848297889113	-0.04922542843779992	-2.319100007449817	0.9668078401536139	-0.9355485767433467	-0.4685172549396864	-3.1870782676322675	0.8082636751035462	-3.0166790086937225	0.6005302988172485	-1.8395534857889586	1.074024912384456	0.5695589674510606	-1.453782436808536	1.034401725070641	-2.452244134762591	0.8386108890510012	2.480976125218533	0.14792130655559907	5.892852972934324	1.2536775677173628	2.368759668645001	2.464582045516474	-0.1353784471179283	0.7718726116494974	0.39735191051457736	-1.7333612715329905	-0.7104114047029016	-0.3398997570137739	-0.17570996317323875	0.8394072421929833	-0.9851370194293353	-0.8329181369509375	-0.09958241788813967	-1.068476815708643	0.19273177055251783	0.21358524968952733	0.4107504346838867	0.7560382426878794	-0.034083488296655765	-0.05748604654282055	-0.4106419601138163	-0.8629820055812304	-0.5209344298070406	0.7577205682960574	0.30929868703678254	0.3374324965922711	-0.0857778452514812	0.22546061644983542	0.09219651418337077	0.23223106444903602	-0.019371508643702476	-0.3189783990043788	0.6140785455292654	-0.09665579298460744
DTXSID6027921	4.708187919874358	3.7286224960100305	-0.6928584609569134	-1.69630973946849	0.004471789989832012	-2.2519190306853116	-3.6034206214780617	1.5870479595196523	-0.5730142256111582	-3.411265453249873	0.22135760846087305	0.11095555028341744	-2.4955755669927426	2.672598499654262	-1.646477475204903	0.6320809344460183	0.024684340374420213	-1.0069441785053397	0.6355205235593542	-0.19661077960575998	0.6944804718896687	-0.22512991842051647	-1.2260267953750976	0.3664210488911999	-0.8589099225159532	-1.1098120361134411	-1.012152255898382	-0.3265018094072922	0.296161242039655	-0.8514988307007932	-0.4362420752439348	0.19618339422894154	-0.11068240670345343	-0.20967696847500875	-1.2071030661581352	0.6685816561520106	-1.0200679011892366	-0.0513136131113941	-0.33966980207389963	-0.2999168090307301	-0.1916689830138134	-0.24005191743812512	-0.2916453239218262	0.15204184817010652	-0.48520728305571376	0.35063409555067226	0.04207082147315366	0.3822404635857901	-0.43459214551307024	0.42053329821536745	-0.6175318118171972	-0.029544645033052215	-0.20057483401818754	-0.48009536852081003	-0.11213119460666304	0.36110028888033496	-0.48232644394022334	0.09851431007599076	-1.138287681712049	-0.05482822009088316	0.2058277532874858	0.04243720186101807	1.0472410816477364	1.3468334211104303	-0.1736669388572746	-2.165926075358184	-0.23602495558287462	-0.3457340470506162	0.6414889260098268	-1.3046867096789359	0.10502191944490949	0.2978581774837606	-0.08779435209943526	0.1417032166716795	-1.5524236206854058	0.17658039093012812	0.8192380714490013	-0.5038901382455386	0.3011767184855998	-0.020116559083706232	-0.019987605856333256	1.423477821809572	0.02053611391539605	0.5631805119768595	-1.1004778575360608	-0.013459160993278273	0.6319724347181197	-0.5546135731690996	-0.05595089411862785	-1.3502882740016517	-0.8898924078717174	-0.690895998138818	-0.6040381168971571	-0.018216708196198663	0.06451963161458481	-0.4956910985825262	0.5727720248679655	0.547306527673417	-0.12547298108842134	-0.6595807283982247
DTXSID2025975	-2.6756568494476043	-2.3639408495307443	4.2864369861598774	1.6108552610357467	1.671990360820801	0.9905944681681846	-0.3360370567527178	-0.7826430055210123	-0.14650684323887517	0.15872634497126045	-0.1866743593630721	-0.4430234601918234	-0.3653767218784575	0.6002233785298867	-0.6697057481479698	0.5431316064012776	-0.37879931426304736	0.21491365326967582	-1.1321169605984545	0.47869399896256337	0.20191483480137265	-0.34273547205189997	1.0093723187474386	-0.2721458689442583	0.5407929206884279	0.37238999637726133	0.7388582079552742	-0.7557452088587598	-0.12652496558958942	0.6099176509135701	0.494626023103309	0.5690490443835025	0.39941859443341876	0.10278111197293406	-0.0283634466400337	0.18039573671514966	0.6800739737940301	-0.15396039405015588	-0.24143818961788907	-0.05216230143398851	0.10301863335658878	-0.359087650982609	-0.1848562567716837	-1.0697075254311603	0.0733789296008104	-0.1728304201683095	-0.4252867779378953	0.44551637915004566	-0.07325810565723039	0.24673553409655258	-0.0009785772768669636	0.09148245619736128	0.06566860937844436	0.05407359020016462	0.4743122139500481	-0.05008614676477205	0.6954989878039799	-0.06273511335730042	0.3347094208162299	0.2492271788748368	-0.0945572278298433	-0.26286623677139154	-0.19347180199305378	-0.2767868497044175	-0.19994251467994495	0.522967036672548	1.0411122863015152	-0.9252104722961657	0.007222783151878888	-0.10905618213180744	-0.16198791316655445	-0.4548803926901584	-0.0700956754508623	0.16992356821814908	0.275239373604549	-0.07194402610108774	-0.16293876816941663	0.08029091188825066	-0.07344753261474991	-0.34611762990813555	-0.1807136994850624	0.03747091867177303	-0.3478290832470856	0.06226926117307601	0.2311019704613944	-0.11587566214164718	-0.17159192494146333	-0.3410474415753294	0.06953368415317822	0.22527199978305848	-0.21287453507016094	0.04776993671317389	-0.5524145381643587	-0.05164999504986621	0.33317790691368426	0.1565535213248936	-0.21663497373453364	-0.581458126648888	-0.6298971688976645	0.3055086023286685
DTXSID9049247	-2.3607820124782672	-1.483278765761895	-0.6093485281053697	-0.4714501858218566	-0.06480548313698804	-0.9189663203779873	4.410267478018529	-2.3983349993526923	-1.1502162168306644	-1.5352720110316311	-1.1408688962725169	-0.8793687469479455	-1.1906847212198088	-1.6830754507615258	1.0117447063645446	-0.5557378862777032	0.45772383818080575	-0.3895248913354172	-0.4162604877056166	-0.662186499667166	-1.5900585981701458	-1.0302395934816877	0.3403506630763467	0.47772292901259905	-0.48034966327925127	-1.5400504240857722	0.4432143893853016	-0.7989422601312581	-0.16272204733667844	0.6198775078778885	-1.039581317548878	1.7736143463808405	1.6977293751326168	0.34939665643005036	1.86154028393435	0.3390734345022762	-1.3921146322925562	0.5266704269235162	0.8095139813103118	-0.5483702090730798	-1.653492656374142	-0.7502898199739421	0.06930946477380373	-0.18002340966248484	-0.5616849437093243	0.3016173722892899	0.8248119621212461	0.16085260660505743	-0.42748899113266325	0.3403481422441775	-0.33000965708761926	0.10591076200397821	-0.11762971244996259	-0.11711019505156033	0.2681665167374368	0.7624844997978043	-1.0900613276712288	0.40218350124205443	-0.9340642394212382	0.8541608057431833	0.08968572949637912	0.30458174336645605	0.09550636105418282	0.4608293782963341	0.4263299144621032	-0.4590978374142901	0.20828703264010176	-0.20048578181339752	-0.8428593642177064	-0.5268047135860776	-0.3014306958388695	-0.7517299609940172	-0.12503600523783737	-0.8909778708878556	0.03807435027192296	0.06935862791939709	0.5834198066503817	0.5514112348425978	-0.5879141864695575	-0.15605277617615534	-1.1597984498235707	-0.7740779039517406	0.38068134476418136	0.47617645174176493	-0.4295468370808879	-0.3221969079177921	0.3170511311488731	-0.9690043547838822	-0.6813047890979614	-0.47481907061926476	-0.6643826202957493	0.6591193193478309	0.59763346051784	-0.6018085423430399	-0.9526779925157018	0.7834785921410335	0.5986581586240945	-0.13105323142534753	0.008385808501494275	0.248311887378314
DTXSID8022325	1.5534174337205495	5.578402075724914	-1.882177777313462	-0.0894874288550768	-4.42977049785204	3.739918531355306	-4.973191241465586	-1.3753174660849834	-2.8837980568442707	-1.4184497205248368	-6.3981730114286215	-0.4598953744494657	8.857094769531754	-0.31946258299737673	-0.6220208160012023	-1.0700000852705207	-3.006340827328928	-0.5078294832870582	-1.1628061920002466	1.1526262538111063	0.6565506447524707	1.760490095700863	0.20454680869278447	-0.5793213115375853	0.6661139411706153	0.869534115278551	0.3795395541876701	-0.5437389701954906	-0.35556118843504375	-0.7089353833107265	-0.9239444300248533	0.33102858630881293	-0.6259453738521001	0.239200741909841	-0.3376128444935277	0.03797829979902867	-1.9608951762154772	-0.22832183686841076	-0.722073802199622	0.19417637772740348	0.6030566268420388	0.5710434105478808	0.0012163821038253652	0.6564384440853152	0.20692924024717985	-0.19263689901129843	-0.16912115988039436	-0.7482585050741023	-0.32105538828657454	0.24893983813057477	-0.07721031379413486	-0.7797167759300535	0.6312985773319748	0.13021715598321898	-0.5735544537527391	0.36650628283790954	0.23212723967280377	0.7078740800304828	-0.9437890201449493	-0.698140447185663	-0.600245087299448	0.413120900163921	-0.32827121712034507	1.0584304154108084	-0.2538866382102115	-1.3610469564066858	-0.12689628028778885	0.09250405905631036	-0.2055678693424446	-1.1240150588512585	-0.34444369691396376	-0.13998234727084155	0.6018513370803058	0.19744121824488542	-0.013253083215117588	-0.603085112616977	1.0837072394924763	-1.2980925522426343	-0.06415044705803169	-0.20526234288975748	-0.6137524711435068	-1.2327788391630776	-0.6662490927428031	-0.666004457088522	0.5382741784873457	1.3631541584901454	-0.05577851927421961	0.45769811120874104	0.8930388767504057	-0.8231118580023477	-0.9327218691489891	-0.9112099685348191	1.4111264123118625	1.1600711909690835	-0.5892656419538624	0.4169209565584037	0.4987196404938543	-0.06656618674608344	0.6675238293706477	0.5149978306616496
DTXSID9035204	4.603943093816657	0.0023107041579283785	4.741283511119265	-5.516603673366447	-0.14208752038650546	-0.19038401204345434	0.21154862509945896	0.36289467073055387	-0.9363267632313936	0.669402546126056	-0.8435488648728494	-0.9927867969042418	-0.8876673128995353	-3.1243962262404508	-0.04705898410844089	-0.6078157336876963	0.36193740436763594	0.36839211529361215	0.253372099596315	-1.2848926055564351	0.9210326620996616	-0.9769690507082098	-0.3381099075176164	-2.6302288985280526	0.5638989246646245	-1.2715269233859887	-1.6982915548167585	-2.0854009762902024	-0.44989577242151246	1.3880858354676604	1.1548907723282784	-4.4125452976467185	-0.5519000579692244	1.8236503286769594	-3.132219722734264	0.2020080658825037	-1.0581746710511608	0.3806439282018384	-0.41334548932613907	-0.6641589438549109	-0.5273198747169936	0.20715230488302552	-1.368111991846282	-1.2366356976832675	1.2034536928175414	-0.2761140185484962	0.22938268125298245	1.1660499660667818	-1.215043939635163	-0.9740067419338162	-0.7112956913479204	-0.3068197843377748	-1.3582267888769661	-0.08295696017061577	-0.004123451177070948	-0.5785620360950229	0.4719620172791382	0.07975150760832846	0.5230557460920842	0.009653171380281399	2.846862017073864	0.1254571826264672	0.04334608518452974	1.3981613287405243	0.8642822775496039	0.22376308480459697	-1.4419042081331548	-0.574112195829378	1.1203211245416156	-2.307586922640068	-2.0771400226933356	0.19938483661603326	-0.9480722693187085	-1.237277430524702	-0.443860625662305	0.010892259858091663	-3.9819233667171794	0.10259094762303689	0.5988572464555614	-2.3486796177194122	0.45937850185510504	1.440508927974865	-1.596184954945597	0.4637279862328696	0.6135474340252233	-0.07193495691857679	1.2098650158286546	0.5472048294095361	-1.093189819676732	0.4931308546988248	0.6749071286861098	1.5629027117299434	0.37127923775747046	1.0088515817998145	-0.9948830640075991	-0.29224831167706145	-1.1742663893155707	-0.4634079534717547	0.8884082038456034	-0.18078540186910128
DTXSID6023606	2.27942198613374	2.479027912628585	-4.407306335959972	0.5653339040735635	2.1001143383250835	-1.0703596952869219	3.660957592338231	-1.8203939558397517	0.35188640322165127	2.554674409517784	-0.1981397264418045	-0.17092573573628786	-1.131103956556476	1.0624759183817316	-0.7029862750367538	-2.4230493232913477	1.121608024621594	0.8005997003752525	-1.3194540109801858	0.033346950052888236	1.6976111202728261	-0.42733029696677	-0.32926720452612407	-0.1285088776755455	1.9354203482943384	-0.05952586863775633	0.3658461941259785	0.3049778850984694	-0.18977636970570028	0.24489774902711378	0.52103178511399	0.15041504402926145	0.6378625601572931	-0.8547936410299585	-0.02553375136396239	-0.43118905702192317	-0.7521966236491876	-0.14750563222374544	-0.4789459300850392	-0.04647317476551121	0.6051295637661375	0.8688155868315772	0.15840042038524849	-0.17626008772319318	0.09225888308344912	0.04091601246219615	-0.17654120603433557	0.15919798631540333	-0.40505881129666943	-0.8947949706529497	-0.31242227007344947	-0.5758835441877602	0.10027894900681975	0.13801163860911006	-0.5258979880176344	-0.935495028862324	-0.09887847042295876	-0.5093264485205496	-0.1927913216976287	-0.9740163484244613	-0.2141860192973709	-0.7150173345857846	-0.18314748180540422	0.7335020056218186	0.4930059470730537	-0.9755030529294647	-0.28351429454285004	0.6182162710611464	-0.09195877646006087	-0.930361065454299	0.22063201278486572	-0.11246975960592319	0.12987332944216684	-0.42247001063938505	-0.13946597910993347	0.35082604175906057	0.4391620121606476	1.812137257248248	0.43844718516990416	0.8343499874172057	-0.825681147811374	0.6786622981530909	-0.5181185906409628	-0.594907268168741	0.688820027092585	-0.49918752017409057	-0.2519535403159738	-0.9215667765209128	0.04328349305413646	0.6998887652370975	0.7240083787441204	0.478647653356314	-0.266864510868137	-0.5883101868725775	-0.6457333615844493	-0.6811269325328433	0.2342742677811236	-0.4699395755591564	0.07823700190946348	0.1862408616363987
DTXSID1044485	-3.505157593198208	-3.009152501945571	-1.100824762690871	-0.7003117157736475	2.329342026305096	-1.1873138940098416	-2.164767380867929	-0.15414865221308363	-1.8172683052564562	-1.6871513584387583	2.2317687567647555	-1.2343195027352778	0.37249671310340077	0.9470420027892374	1.138145636717306	-1.2099642187804072	0.8873317623026254	-0.18401488693908843	0.1711312680818597	-0.2943738352729503	0.4166281768378472	0.13964032352344283	0.422557352510374	-0.11601372409709952	0.5504851774715893	0.03214415121015126	-0.44531332619326164	0.5371776768623902	-0.34700364267732153	-0.043803359368527466	-0.5242179203723019	0.4925078861472302	0.31876380294735857	-0.3261999540042157	-0.19764700471196384	-0.8179658188081055	0.3077244424170564	-0.21187384087319155	0.604060680617376	0.261149442502389	-0.34148200874187445	-0.24396791141877824	-0.4903797221065721	0.3207470448838839	-0.25254110513820693	-0.10494948202070506	0.483658307793478	-0.06644969736829867	0.061698339354638525	0.27682835040549714	0.019939429731374414	-0.015186889270967686	0.3164790124401383	-0.28287914384465773	0.4054931996938305	-0.4263035066632701	0.287471990308217	-0.7759050318436388	-0.153772394720404	0.09419700472633055	-0.08126783757225034	-0.48019532985480845	0.29578021021425543	0.5773698349000018	-0.04227229663332885	-0.48649748806058213	0.3136600523141455	-0.37225602016507064	-0.26897414042885	-0.013738602682904598	0.39665961374055997	0.162757238952464	0.018921570136970243	-0.2292618366947456	-1.297676453611694	0.01815499209788609	-0.19627054256398768	-0.7513156795029722	0.022197441170185135	-0.340999335014651	-0.2882362579053585	0.05843192033474572	0.19668299669959294	-0.3154900786791518	-0.13835103929080114	-0.0454259148624234	0.2807772918026051	-0.34625464771219416	-0.046031335922753595	0.07622675419911108	-0.4674901783925989	-0.00040542386001953185	-0.33007457885169417	0.21765520883453696	-0.030771205095748065	0.06493582135173674	-0.8575836213488015	0.042683348945822194	-0.359157953144705	-0.16664731071001526
DTXSID9047837	8.367637335304588	3.770455562310426	1.5919684816348703	1.4711217080182106	-1.3375312188215231	-2.5478311267915768	2.1044184126213272	3.781724767422677	3.827135349355721	-1.49453663193231	-0.11494955559156604	0.7424092949673773	-2.1632185528117382	0.2876025569863443	6.431024524055117	0.10987601702592086	-2.74170544916221	0.16028371883650186	-1.0203824206346677	1.6052255783060878	1.496132707391976	-0.7226993067102556	2.639928379470031	-0.14785541653234643	0.4971901993928426	4.18187084398559	0.4942235115526172	2.638832150114793	1.415705428707358	-1.654492752470687	-0.8968446008035896	0.7573486794788594	2.560006763356083	1.6012687148169162	-2.2688053744190855	-0.7519360006690572	-2.2266956257107697	3.1894545649630284	-0.5493382047732863	3.4890636190703237	1.01101656399633	0.0913455403219378	-3.6021975040770076	-0.5577170248336625	1.4953511741302408	-0.5331725257336559	-5.82697261825666	2.0220085808486292	-3.188328846121296	9.518628041370421	-1.5364261821107306	-1.0821903515081555	-0.0752330182752793	-4.534876858928397	-2.335234181197468	3.036374387591804	-4.2573309431825965	-3.1573658388058665	-1.1541514612347692	-1.9779762058007146	-2.9155403013372836	4.416334969022371	-5.360006082653323	-0.8982810326463868	-0.41952672847947725	4.146639185307442	-0.6047420102129701	1.8301902588099064	0.9265103470099529	-1.4425578684199059	1.6516072499495662	0.22440390083832515	0.8269214401119205	-3.656083427293363	-1.1845613355683704	-0.254948925101023	-0.29849835923215257	-1.3062322140857918	0.25879205847375936	-0.9206743331962784	1.5053639986865255	1.4071584928907486	2.2160869558523912	-0.7196145237834731	-1.3483127435436542	4.772662346130503	-1.6344878637210896	2.9277994158312564	-1.331249016807707	0.6879869327983046	-0.7942740264221537	0.9517192293393693	-0.015242078705819968	0.233800121713329	-0.41209233758437913	-0.21574298630596184	0.3477079903525407	0.3800199377128244	-0.9443011323539242	-0.29448815848936505
DTXSID5025285	-4.504459891829712	-2.9757380986195288	1.0149182487071822	-1.9398355709710973	-1.6920734300367917	-1.2188336111132465	-0.5674807182737591	0.22940898029046108	0.5044058851797844	0.006506963750971268	-0.4616721895649256	0.23080650579185738	-0.722560260928507	1.1202500119477994	0.9039803688431145	0.7282215541609335	-0.8655359499722004	0.7760339240023569	0.2579855066738036	-0.3203630115409192	-0.023402073111632914	0.08204760753372586	-1.271785584705219	-0.5760300518849885	1.0744551131709223	0.2563277671213601	-0.05658579338717134	0.25496764440153236	0.12884864110040942	-0.42829712938638315	0.03397709257168574	0.3584752951338754	-0.32836618859513905	0.12546973472952913	0.19093197112628477	0.26712676438900057	0.20932155256334534	0.19245493974690295	0.3395734191694535	0.39405333923307	-0.29151033015953665	-0.7891967023963546	0.4441392729860679	-0.06932910948643654	0.057501552045394574	-0.05157693581408895	-0.26645660212027705	0.16480793189944234	0.32765483810842844	0.29490841258953315	0.062295410515955794	-0.03150323989754538	0.34201346046027825	-0.33720940871997235	0.3909620394348291	-0.39758291172458204	-0.17458675347326416	-0.3428113159667996	0.8806839030868445	0.18182777783556273	-0.002597945371337247	0.10685594825345987	0.13682701636228187	0.3602374324016698	-0.2276360071001307	-0.06179213997460392	0.8753796294131821	-0.4087175871698942	-0.05785060018690463	0.36603177563585343	0.5511712399721562	0.021028677253555644	-0.10875216131981832	-0.021210093061444914	0.13708903841411962	0.33771075934416933	0.3383916843064912	-0.2422603655976229	0.12233311428363879	0.04914227689956253	-0.6124757519849782	-0.24938529319335173	0.4696789914862264	0.029252832419580817	-0.18219753950841427	0.18996892750092442	0.09075544718492823	0.05853646774333421	0.21144974285802098	-0.5428563190545136	-0.7401061680438085	-1.0564081198062598	-0.12627970000866756	0.2357012142542543	-0.41447654413320956	-0.08736812293952051	-0.20813035069768962	-0.3168840836524135	0.671457327977793	-0.11300392299700443
DTXSID8025094	2.761945278605754	-0.49331943166783826	-1.1070151323992525	-2.2426832214733317	0.3738818538482317	-3.026071857953364	-2.785783809865074	1.3462890626204616	-0.851203111618222	-3.2510831197559824	-0.5829199878140949	0.67299990409507	-2.571439697203325	4.421878232556418	-0.8072303494024174	-0.15640989028192642	-0.9175605175204049	-0.874576794241673	1.2160247484749656	-0.23080315391153106	0.9298958886249636	-0.10491481232097506	-2.7176613087107455	0.2131550061295976	-0.2499883460913845	-1.0298523157535222	0.18530326700785188	1.7893702974856531	-0.2580865927643864	0.2233564538021788	-0.2158934508284719	0.21969041035991854	1.5951080579877035	0.370668711934924	-0.0270350578614243	0.3290666102211105	-1.176165448519394	-1.166625778195533	1.0179179714233164	0.07738280006646464	-0.5927296539247852	0.06993726154130275	0.14415565195857477	1.4009871948080592	-1.371255854388536	-0.28851797956654185	0.11128775054805636	-0.7458150494774498	-0.24939225663230488	-0.8381211481481583	0.08630807321978998	-0.029484616682880008	-0.3423090615822114	-0.07277877826768447	1.0564257074771892	-1.3121389729787434	-0.5818140570172685	0.3420193589102982	0.43113526297979626	-1.2880035504658869	0.174885219870836	0.9982551103866675	-0.45874299892411396	-0.5511150303137771	-0.23269040448276174	-0.912087825723925	1.0163978101271265	-0.046009823997633315	1.6493613193572492	-1.0882042903148552	-0.7095766333447056	-0.26075207591040134	0.5119957380585366	-0.17532320303372562	-1.1596550250900988	0.015811266317955423	0.5100962969210264	-1.0633313921225358	0.0916770422051365	0.36796011949531243	0.1581510831705202	0.8349718768224125	0.9484371396091406	0.03267985219769199	0.20979207559044968	-0.08678584437953368	-0.4859746874236844	-0.7984495187453193	-0.39547246784447776	0.516926376003776	0.05024056619625022	0.4065713800987081	0.04756745896159349	0.6960296153602852	0.6399507208331525	0.03293612192344727	0.036216731146654836	-0.07634544200879219	0.7074241320023946	0.045535030583841916
DTXSID0035790	-1.8893365567028335	-0.6871833820346414	-3.484139157889431	-0.09901774938480545	1.5686713715523979	0.1780522821101399	-2.4654956810102138	-3.212497939980725	-1.961824989293491	-0.19095548082445352	-1.6706698575402283	6.003771108113638	-2.1343852289352614	-1.6525097281077987	2.2030174029007386	-0.4679713273794288	-1.3255187845689054	-0.62273760944156	2.4067446712975675	-0.4717430409745266	-0.933644067246369	-0.40343135860156754	-0.5189394205818416	1.0318129821057902	-1.4214823353889963	-1.0841295585497939	2.550458401493674	-0.3271060648018169	0.518013336991747	1.488677348565985	0.15738275602548807	-2.0287258612063512	1.8611517333173226	0.38652226977672777	0.4525022468673999	-0.5827300838229696	0.4518524328488953	-0.7757378480596879	0.6167220623967581	-0.5226160523834182	0.21249844566411435	0.5019512126024733	0.11230075677709328	0.39289749349740266	-0.9231395385578316	0.15298999404083508	-0.3451044323706771	-0.322339867639377	-0.0881427736538384	-0.008855510220767679	0.23155171445027503	-0.012579558761704834	-0.06316254704390536	0.6349313496159211	0.8575593561003133	-0.27188889247523645	0.5752464056256893	0.03737512211713626	0.5816224195786517	0.532645367923666	-0.556970640329106	0.30537228644366915	-0.8144193764083377	-1.1358446910168	-0.030163767910596162	0.6087346627872336	-0.18920446250965262	-0.032541335915820674	-0.2310559914530755	-0.07656875080455453	0.666786777573373	-1.6616758961276323	-0.2653567035384956	-0.18407748587939743	0.14213835269584837	0.5269477936278137	0.013413241370687196	-0.029699621866719643	-0.4654071295467253	-0.7777661911941102	0.3558235173096945	0.1999496909547034	0.24758430529159134	1.1525474427264064	-0.07682341376084087	0.5643930324654989	1.3608635313491029	-0.5509945348677555	0.2710607867158993	0.44445630666172425	-0.7633609250559531	0.9101075650902412	0.46829145253052906	-0.008622658466301704	-0.40738140454916094	-0.8244828306020996	-0.053614404327445804	-0.21453028249920042	-0.13092444030839095	0.05293983412516325
DTXSID9020293	-4.218146877705849	0.31288923459642626	0.5613243175208245	0.759606745946403	0.7044602016944004	1.7281117056088506	-1.5929968581526321	0.9223782377415422	-0.326924446448383	-1.180443307980778	0.5383969114098366	-0.18362911781726138	-0.9276534919731089	0.47604409511092666	-1.6063102137311396	1.0908166235058894	-0.7436802119468275	-0.38327236719851265	-1.4956217442173063	0.9458854685200928	0.25294089859406743	-0.32745959027970045	1.1134280043211775	-0.07189918352219739	-0.45145093783011714	1.355537568247452	1.3721768090319075	-0.026743844145210194	-0.08263403972166806	0.21890533529572087	0.17422358232286894	0.526296556262496	0.07613635981734893	0.19729726319628024	0.9281935434632091	0.605044175177201	0.37311587878602614	0.2687095797241271	-0.31172378573046594	0.23918269870578152	0.1848781552018435	-0.2913362390708464	-0.09453145469440614	-0.710450786070331	-0.5007410541791355	0.10807560568634493	0.18432961227061573	0.08722169874082754	-0.3394371878449825	-0.013509180855931042	0.0020349521417125276	0.41452322390779783	0.07050257413429457	0.021938737325802933	0.14393675622795699	-0.05544218087045804	0.514739646096943	0.33788893245758506	-0.4188594536078448	-0.679417520758254	0.13594838317307442	-0.3634655993079817	-0.03987863889407058	0.09310541636372283	-0.0813430935483441	0.6810225649684428	0.6258987041879078	-0.08162976307516116	0.20355738558904354	-0.07028196877314094	-0.4981721445021161	-0.35006781378969193	0.1092822862444887	-0.4861381339228527	-0.019935097420121502	0.40101432069461634	-0.13833978578560271	0.1710869698728099	0.2522226173655746	-0.7473011969776087	0.36022338453737723	0.24507760983432242	-0.5624931079886606	0.2268424835142227	0.4045261565466653	-0.27413856806788756	0.11855914948078297	0.16353998682462306	-0.13587879763344562	0.02819183470582339	-0.9157540931316669	-0.22804017332349227	-0.1054424564296257	-0.31674378861909636	0.036649744916385146	-0.37205080123535694	-0.26870710211402304	-0.1744053074379885	0.03297123430242686	-0.2743204493187231
DTXSID6048836	11.324216743921857	-1.062296212850143	1.9344898068987144	5.262282161582513	5.326938866155651	-1.728959230821941	6.300012919275425	4.888391029544737	3.4079361129751735	-0.7398249083700984	-2.378247951776317	0.10432483165171533	-0.6492512373254068	-1.0648084454937965	6.492177622952108	-0.8930425871791069	-4.01896400235901	-0.6700456015713407	-0.35261518129457997	4.409256157557923	-2.4406618687561004	2.8083432494130762	-2.35983313270372	-1.6907116973173677	2.261462948584206	1.7841693450232594	1.1583662078117827	-0.9965826158004715	-0.847967638243731	-2.6763356012260306	0.4472746148979561	-0.22341807569229574	-0.8963693753958275	-5.725524198229928	-0.4726745095841771	0.21457789044734876	1.2304731677998488	-1.4011774484017798	5.549185395524709	1.5139210753844525	0.5883513164551019	-0.693439130483616	-0.7454937727412305	1.7006609776626969	0.8129718672287526	-2.65032492928345	-1.4329433378571133	0.3307712687944706	0.15539240221149242	-0.09314880592304889	0.2599380572599921	-1.7707600419770193	-0.0429716555310165	0.31569896263343594	-2.2913239139577244	1.621781675631524	-1.3084030647983167	1.9959502123993778	1.1215828621747024	-0.5343725514863154	3.714132911569605	1.0169041216319121	4.021933675296477	-1.4248681330215116	-2.5166869212749017	-0.8661906551825944	0.003914956837156798	0.5160392146970448	-1.5745622058390254	-1.9266281506000555	1.2057515348084766	-1.9673632938678856	-0.46558183955254345	1.8310992379193463	-0.63175592488329	-0.6915654682805563	-1.9458665024885722	-0.666648431770323	1.16677801579953	1.3615710869813418	0.1680095951871802	1.0884928729390395	0.22253546707272534	-1.1386980593043987	-0.8949949433154445	3.0723924877583983	0.06250620459407696	2.127186967303938	-1.2131573884874292	0.24560784557499707	-3.126499408554362	0.31606771527123756	-0.15224150574367848	1.3881784529792152	0.3590724891322292	0.04986208544992064	0.4718316073575679	-0.3256424547701344	-0.8606089913072966	-0.009270929138010581
DTXSID0061826	-1.3373785624183854	-1.9630804920110432	-3.7888425297455672	-7.321468754341993	1.2726928693912969	7.428085015495061	0.020439845503105007	-3.4736822489072106	5.754091767300422	-0.5800580017895431	1.8823066766387186	-0.5158974818028542	1.5083209670017013	3.902323743913829	0.0490114764078068	1.5414771175254924	-1.2725140648816418	-0.12596435503464906	1.6647548439371354	-0.6883573139151976	-1.3536502084028401	0.582741854888958	0.32120393054904894	-0.03685738394098864	0.31802032595542573	-0.327981942470323	-0.48000473328022925	-0.5107415579548981	0.33751842274231164	-0.01356329998576294	0.17188897167071382	-0.6798042281411586	-0.28875931866364946	0.19723065932516318	0.10161154144698076	0.3757815275747742	0.3230675743458554	-0.2003173579328696	0.018092375976245263	0.3022169748007072	0.15544818001493046	0.24312001740849418	-0.24847918229042332	-0.34527573282471313	-0.27775477885591027	0.2859773025446339	-0.39124419204178884	0.3000017527990519	-0.07386030505388098	0.27719319170348083	0.010400858932591956	0.02707289252219383	-0.2914807550785405	0.10194837562539497	0.28836226467940956	0.09862625087632765	0.19357252320131532	0.2859710096180741	-0.43287666620580156	0.3079040683020945	0.050841197006867796	0.1951157255696349	-0.15274238139937302	-0.3840522203783763	-0.0622129358427268	-0.1798190305765675	0.3211524947590257	-0.4607570842527454	0.03138185550347023	-0.2437538794669714	-0.3342877400704318	-0.060679169173198835	-0.2447475318486233	0.5179270544027516	-0.5424828443942191	0.14019288279477296	0.0863799610737696	0.19298894678051648	-0.03398306539580884	0.22536070248608314	0.7014675261859256	-0.34782561637314185	-0.006232294915236589	-0.21822955179578835	-0.2647653758015265	0.5243490375679081	-0.5528533330330024	0.19142255845019998	-0.028688181497704572	0.0051647251578878905	0.946908205996963	-0.9355448266278219	-0.575306738453996	0.6052570645974799	-0.7081941378663008	-1.0282657001904516	0.2379373926464767	0.19308677827387138	-0.45839513431292095	-0.8530953303287728
DTXSID2022541	5.430687981283338	4.295890208398743	-2.3284038912978193	2.5060405357033515	3.4280036213535983	0.12306000100261338	-2.466600863684756	-3.0140713639419108	-1.618440986112533	-1.7168892407462941	-0.05424583016120399	6.642304082660798	-0.4732640211446041	-1.2894563677580329	-0.8390183167735805	-0.3217966244250964	-2.0866583484992525	0.17503747566695596	-0.4219061585709717	0.7971401254478516	-0.15661504641841767	0.2100759815774673	0.7017281287522548	0.0912319679892045	-0.4088419946264163	0.9423080988331898	1.8396777116950902	-0.31634265538373924	0.2605425400411919	0.5112446356591097	0.5058753239225782	-0.5141173912284691	-0.21847995848887175	0.7169484896019985	-0.10120593126579343	0.18438281531423512	0.442592369324411	1.0894707151681202	-0.6012337602044096	-1.3447326197775546	0.7705920862070761	0.29363492832356514	-0.2955237129038016	-0.5587930368175748	-0.1578946715150827	0.3885672202762071	0.3179459811766939	0.2904866860371307	-0.21089047689768053	0.1254808642801838	-0.001361076428302867	0.2437734892737979	-0.19585524458820278	0.4976680301075128	-0.5451528086612822	0.08992892874393982	0.7356531381577963	0.4706168937008001	-0.46774108020963123	0.02345918159462529	-0.7111359136937322	-0.5269547967010426	0.2629157510375818	-1.0801690746222334	-0.6468969440975155	-0.23631925056762174	-0.2531650405321523	-0.5403913535473999	-0.7723745101512289	0.49597802757613557	-0.7812870241419557	-0.38669414454588263	0.5538621810225264	-1.06808417816173	0.6400291778492219	-0.015187478655042812	-0.6526146430832974	-0.5708233959528242	0.2352130665454613	-1.3217417423795024	-1.2978692570890795	0.43374889374159725	0.24369813250823083	1.0947837999486285	-0.20516237026071252	-0.06623895468853394	0.030345733052187154	-1.7033309871713018	0.9966081863241307	0.8862467584221061	-0.3314766152805654	0.7668760270561104	-0.32184383011099277	0.6658996470895049	0.019484056759112255	-0.789444564753252	0.13696146003904158	-0.22291529374621372	-0.11140988206158926	-0.07873920850944026
DTXSID8045850	-1.660250628198153	-4.075674383352657	-1.5197004215259242	-1.3972668656629428	-0.4553857017706075	-1.31358538396712	-1.3722823463844276	1.6232693902017057	-1.592805698070533	-0.5425955924872039	2.3428149652466015	-0.5501129122806273	0.4750385191111035	1.2607987858637975	4.481302255976972	0.33185455258424285	-2.0345807823656874	0.35581321910807456	-0.7988569515565042	0.5052381627877064	0.4842955670334524	-0.9310741214685335	0.5382298056052863	1.0114047480367947	-2.7443603606657585	1.1701222330957783	0.24523532163551692	1.320056249406994	-1.4537466737875797	-1.3415031979760537	-1.23957719154027	0.9802582455407386	1.1715211412553201	1.9047071978157173	0.8646834857066352	-1.3960247983387761	-0.9028349009536868	0.08208576727061738	-1.3193420190122134	1.463993491852471	-0.5206225319302292	0.28387118485638524	0.6789931623429847	-1.018022798533974	0.22129741362256827	-0.04777616002020628	0.12477926581282059	-0.4789567238327094	0.33867085427418625	-0.624053838440282	-0.13983313657934496	-0.5061621693291245	0.8052264734005691	-0.6819700160398854	-0.9950693797897019	0.8830279494578188	0.3248307743226036	0.5763059315321815	-0.8885455910764237	-0.5901723128590192	-0.10938598473579557	-2.616406471129265	0.8664487332475155	-0.17324825392708948	0.6258865693635138	0.6681728028178608	-1.5829222437498274	-1.1464054162210222	-0.2513173318266552	0.44448670043356037	0.03629374712377891	-0.4620048576086228	-0.09744881732837402	0.6728772418877446	0.43289930428981777	0.3399483584952176	-0.1778264222393722	-0.3544147707330405	-1.2988294594576455	-1.1063058507429773	-0.4426111829799837	0.09946954444485222	-0.1193542638526816	-0.8224079127569961	-0.05181971464518007	-1.691057254616185	1.322226567154819	-0.41875284242070704	-0.5155889423129528	0.3052792629215899	1.6362338343487721	0.7995793797199116	-1.3162172968303438	0.08697261487030769	0.16404885212204437	0.1582167033201438	0.4987855403383038	0.6155468012285705	-0.37205723332786594	-0.017352044034838456
DTXSID5042249	-5.150185221986821	-0.0018309216695948085	-0.5585835740974849	-0.233842129608509	-0.7294061460644987	1.0818183404369683	-1.5566287813084039	-0.8787759375940857	0.6436887104483744	-0.6888749788358343	0.14445692550302322	-1.099646616502902	-1.6756172366175628	-1.1795635985688586	0.3833863271783729	0.6356915901405849	0.3227063096872843	-0.05268859683083237	0.11230763655500962	-0.6595800691603527	-0.017170563501875395	-0.35619546937556307	0.1576025946027618	-0.39639394775867187	-0.012014787140271412	0.01464048236768459	-0.07378625572652728	-0.2235878395463954	0.021092966121917113	0.2635749768386024	-0.04223641806104095	-1.1983587667703246	-0.7553912940993452	0.09456671328909722	-0.18143168296041864	-0.2415284891383643	-0.2255404155820916	0.054395105961364355	0.0005988384872331041	0.3427526761939917	-0.2705117208199898	0.22896725997228598	-0.008105837613359763	0.14363074444570653	0.1643604865943007	-0.209503888549126	0.24177148268037618	-0.12403957086545517	-0.3853442769960665	-0.056555203916518464	0.004166792662021692	-0.0973629798745549	0.03814314424305691	-0.16878085897074824	-0.03500584448393812	-0.641672458094224	-0.015187478733233633	-0.14552505644980812	0.3009473629421364	-0.1845076603534826	0.7945015297869832	0.08462484730910089	-0.36890557342948305	0.8524145821256544	0.44417725680182274	0.2205826207388291	0.13756261243018192	-0.5810577040318483	0.1595855275898512	-0.9009965216536855	-0.23675231921915685	-0.4070830831083622	-0.015058461282682706	0.08644352568754246	-0.30585008977187556	0.19490136387757376	-0.9414391627965337	-0.05285335741537622	-0.3534903455946818	-0.21430222408944022	0.34179026822085384	0.08300740291464463	-0.933357555496983	-0.36522201702355767	0.47391974256060626	0.42519050309006734	-0.06656916124874784	0.4173185795364568	-0.035949137839664046	0.3173252312612075	0.38108503385198916	0.08726614575478077	-0.3733898356424563	0.21844689544713117	-0.29424877606033123	-0.33231148925717935	-0.8058533886263683	-0.19794449427827082	0.11344586634761727	-0.5057137777404417
DTXSID4044400	2.103616736433577	-0.9914587814034971	4.8307687425113155	-6.3094679952856785	-2.457965651067114	-3.6446470135155713	1.028712299032725	-0.5805739804032528	1.1252085435421253	1.3364145001107997	-0.16814983730153585	0.25008457257213157	0.24010701862738995	-1.7765124262183074	0.9465019350221798	-0.10604358533742321	-2.0530685660039514	-0.5685954120597634	-0.11937387567079755	2.149794490136275	1.2613284571695313	-0.4066517905985431	-1.2509776186322161	0.7369805535136582	-2.138828494729008	-0.5957402709535958	0.31449907054638476	0.5832727613016468	-0.742259040615667	0.16960740061550764	0.40484022702373695	0.14587132557389546	0.9359361158532434	1.4252401315834948	-0.048588639763960065	0.9060947097520875	-0.9155173547872016	0.21808161149110125	-0.937715437584157	0.010927572473313494	-0.3141418610722208	-0.6102995988153138	0.586456164003058	-1.0916328770202464	0.09337738253009757	-0.1095579275790154	-0.7201481910865374	-0.42804687984903317	0.3164001520069213	-0.27530683659396055	-0.11435428766254277	-0.42427744730461486	0.31842769973040874	-0.35893291583416914	-0.9587933595525258	1.43186877538546	-0.02371820832288638	0.003078238561421109	0.11167518025331803	-0.07199864910467095	-0.23210786280076415	-1.0819633640084323	1.304879235210456	-0.3378201907758398	0.1890117546859263	-0.03432671742707382	-1.3386795966170733	0.4558221237282886	0.34630780850230214	0.9558049581101253	-1.140241360729398	-1.3552827790024111	0.73081096490058	2.1672671957055925	0.42355695190575354	0.750036262107982	0.9536866026075272	1.3604862805619709	-0.22892731697685936	-1.2233694842423624	-1.2590770061039995	0.005316935152818652	0.24941816765301522	-0.5025581914094606	0.038638992446217164	-1.040610418496572	0.7257114115463961	-0.8430388619625098	0.24473408098244084	-0.3007827516425737	0.6196223790841549	-0.5624126758143974	0.679789344718251	0.6039728455967781	0.4691279046887656	-0.19672603886411705	-0.07021871784741116	-0.6433586786568982	1.211928852547395	0.7528907898342877
DTXSID0047828	6.520112658403022	3.3002389778152548	-2.574753796916455	-0.3097715382641362	1.05468281161168	-3.263549885222076	-0.25040134249341406	2.482455082636531	-3.687467171079836	-2.1757208202521605	6.596643520776237	-1.3040402134383897	2.1061123279726295	1.6827322393771154	4.424658952104677	-0.6585256497182531	-0.5959060822175042	1.4268146133553805	-1.028257580338574	-0.6663458626755463	-1.888212360168438	-0.5253799633873352	0.8174229781308886	0.37026065420369464	0.9348936703579196	0.13893189562947028	-0.026835219559956658	-0.72949602266138	0.1466054143507572	-1.8035016820344687	-0.4772050877462187	0.5884467562601929	-0.9341629983256592	1.0708790133300414	0.22211066545855548	-2.817895084560588	-0.2663392475873384	0.10722386896333977	-1.3198858449618027	1.5488031446662769	-0.2429343372251695	0.12478430237722575	0.7547596549498008	0.21666198937782621	-0.32626213666833925	-0.16284682762259078	0.16126126011628372	-0.5373089482007891	0.547954502338683	0.28995843259783266	0.026829790556842818	-0.8776716817982801	0.5557352877440503	-0.9362670878436795	-0.01219212410963354	-0.7986016509466896	0.7935086117223306	-0.7211298208818928	-0.4484478673606291	-0.7226028838152319	-0.35450335742912464	-2.0763568475221357	-0.21642219645773475	-0.03227808679749812	0.5208477224621249	0.35059146728905644	-0.8872596167726933	-1.347394542194422	0.2199832735973413	-0.6818746090735046	1.4606122693259516	0.6004841271682398	-0.2384644836671947	-0.6267316715823027	0.891203010755014	0.3113294777577607	0.3008994515050799	-1.0243085723865206	-1.5048253196055223	0.46031037506595174	0.376159947437862	0.5600299715224933	-0.3453343123112055	0.6680607571977948	0.8184244610185131	0.48074441729069906	-0.7702551486069407	-0.6831919702338024	-0.7340834386605932	0.6583932311195505	-0.5880579000155449	0.29987625959781994	-1.1824199832724234	0.08358162283903584	0.8004478907466496	0.4639444687132988	-0.5055551487598312	-0.26891420268735083	-0.02199566373178463	0.23941076142153878
DTXSID0022850	-3.2989803702249545	0.8254987244058191	0.9127523102620458	0.7360974836639711	-1.5761193994603004	0.5821295884282665	-0.4106545842532008	0.6047316684994997	0.2200422140872046	1.5357186794186095	0.23903812660043308	-0.6202341466251604	-0.23794572273915432	0.4390065395677032	-0.15909336142402475	-0.5911062709562742	0.5848834755006994	0.3089710391377326	-0.19862529415881217	-0.9459158567920686	0.030048306302112172	-0.4517970526021023	1.1118629992823121	0.26049678914898355	0.05945906715830037	0.04472533326021629	-0.41544978003799427	-1.4489340379799673	-0.13080183451269725	-0.2519470279861412	-0.589547777944201	-0.30975017920671494	-0.7858493370605337	0.026849182078512716	0.054618277495435893	-0.3733839610741535	0.11779221618725512	0.26435934931375055	-0.01542759079133371	0.45475156814805523	-0.12358508154465078	-0.032656109207097515	0.1475415854918357	-0.15195423768493546	-0.41720238089006345	-0.1829705773582893	-0.4503996551197518	-0.32242301668398127	-0.07971991037150458	0.14238916495655593	0.13774046147986665	-0.02003109307790828	0.23309629128108056	-0.2681182918031985	-0.12015422009233895	-0.433065437953334	0.48077047337856643	-0.21694905036842468	0.35584751522940383	-0.08722994623379883	0.5551170089111414	0.19265945270949258	-0.4500387486705414	-0.0050662015108615165	0.3735221217481741	0.5502528905781177	0.1862860478121531	-0.2990652842832338	0.01773379986362829	-0.3069858995380649	0.5418292857268001	-0.5261989076305247	0.5896330434173612	0.31091579070512293	0.07466873783626837	0.19201400942332428	0.75615522738317	-0.025017512363116272	0.36635471505644984	-0.16767749101180032	-0.2482087216762365	-0.33407442419521044	0.4599566451085262	0.06432401670659443	-0.5813888323432823	0.05478645788438961	-0.2123013180083777	-0.4828093804071483	0.13106129550946488	-0.4647954924493569	0.1156965271362203	0.08350858171563848	0.6399257653532652	0.15406218024095086	0.6807736836399052	-0.050749005654899926	-0.30117710558536254	-0.4660017592803097	0.11168306293169605	0.05277745185885092
DTXSID2041886	0.32806172665779265	-0.31191512122400855	-1.852485286986601	1.8487761768455222	-0.06600073854543213	-1.2152147872862769	-0.8583584499398634	1.2618155588589468	1.3585475932029552	-2.1514836725985234	-1.2929929734158763	-0.3255215297326728	0.014725883088939658	2.057558648817955	0.613206301258468	-0.21865915596753557	0.8184232086527434	0.5741434925731025	1.1231771603600396	0.023328407502289667	0.6672726327115542	-0.38332270693664294	-0.13620308548031287	1.392515707291224	-0.11074927012689463	-0.2001544117485162	1.560203172410913	0.3639366982381489	0.14281716865908248	0.7898809417094589	0.16449193958345432	-1.1175533241651012	-0.20816602076167373	0.03500300321963203	-0.05068867986092904	0.33787146823587305	-0.20699544362273908	-0.05521514167201156	0.3639155416326311	-0.1502075885951017	-0.33343258269147563	-0.15382553372482918	-0.1821316878777708	-0.27593864490681785	0.06410390476060471	-0.2210338191740792	0.45388838512109503	0.017065478313462078	0.08314245955543756	0.475257041965779	0.09727694844358994	0.2832197139428306	0.23245342896624466	-0.1407991104484181	0.09214346692465522	0.17063932972887347	-0.23530483963523	-0.12191647533525546	0.17449007038253567	0.44125063862837643	-0.08613963243652152	-0.41185861549180974	0.5064816343572426	-0.17976856500642244	0.042087730149866436	-0.2504389403371351	0.29409821599349634	-0.4116415874300119	-0.27579231539911586	0.5150633680283402	-0.014364933243405705	0.044898309146452486	-0.3544480177309861	-0.4504286701858459	-0.12735985944579317	0.5899611028174412	-0.09264645529210613	1.5121449121424435	0.09440018278021126	-0.26623392372185634	0.4573286752576956	-0.15950395108363374	-0.0022453854885264523	0.8354504520644108	-0.5542739022704567	-0.009365802085036037	-0.3482731326675757	0.46369434400271253	1.0231172424288064	-0.6089267290393768	0.21424035596608496	-0.016074620406722005	-0.09856732050631448	0.5463154826164591	0.0839990354115402	0.8480400579867124	-0.8805813407440553	-0.1771845606634534	0.7063275974917843	-1.024345806014601
DTXSID0047113	3.174799724064184	-2.5740388106000798	7.562129595534277	2.274970763595079	-1.2861934378222588	1.7569723499490808	1.7891645105680392	-1.0864628939332024	1.1485088552281497	1.4965756687882172	-0.45923118364952553	-0.22706298179303536	0.08212877932650114	-1.0979860256809968	1.483413901162633	-1.1497932406641005	0.26645471230139284	0.17474600147706737	1.3961367671424458	-0.04966498875502524	0.174265157430196	0.3792036788401772	-1.4828866266133018	-0.06526405333377784	0.6598895561036142	-0.7308790676955452	-0.6493700238610775	0.21531162642279836	0.21171392416082832	-0.0348026214781273	0.32614335100789366	-0.3826077174626751	-0.045086431472608636	-0.05968693386354137	-0.5328477209603281	0.565779249904995	-0.6956659943288767	0.09147567304631356	0.30636565660845466	0.5400355858609089	-0.23850147714349654	0.0125809265201884	-0.40021355466460495	-0.17886501519121456	-0.2776165615816626	0.2032286650416275	-0.18734674778252355	-0.05256026662105094	0.29728219874208	-0.10258803807938983	-0.014050027879837392	-0.19074773251366825	-0.20939523015600764	0.03653000970396516	-0.07051947466290685	-0.0937165690953293	-0.32054173505600986	-0.028040505339854034	0.2306416147376737	0.10850910704807361	0.22844040690635325	0.08955925324814278	0.32236765312758403	-0.8276630185141067	0.2382996751212649	-0.4040784930885603	-0.4644062128485616	-0.17944510921674203	-0.29978458053528295	-0.20196942180136038	0.20602477447686912	0.05489227953782034	-0.48153989665020347	0.09259319807468139	-0.18444417168394583	0.12806446719047887	0.7684522135416645	0.6956138588457657	0.5618091154781809	-0.7957322401734506	0.35138690278651535	-0.8887680969747415	0.16697153031398032	0.000717336763602238	0.040896818440188755	0.32889619565988665	-0.7536093684078365	-0.6617967000294344	0.05214036884337082	0.0008027448912660628	-0.38107356564590744	-0.5268142413497351	-0.31541306655698853	0.136089420445758	-0.25209743487731145	0.014929018066528424	-0.5568319594367059	-0.2076531597955639	0.7852937271054354	-0.034105846020496024
DTXSID2044846	-3.057537562785951	-0.1562906287132854	-1.376059976092713	0.9011605732165595	2.5104465842486303	1.2361113787684055	-1.4967835214261753	-0.33431303834773707	-0.8005146768128479	-0.7820954053562044	0.2775536310451487	5.089487881455242	-0.3589404893948389	-1.1558449276387044	-0.40024514154730373	-0.7280236736629151	-0.46278428825054235	-0.595845916802494	-0.2339365202500271	-0.8211213766801534	0.09833796653374811	-0.2890420917296477	2.107802129136089	0.1915205997375074	-0.484266499295487	-0.22150108680179456	0.02273107490775398	-0.3507056017008574	-0.0554313059169082	-0.39417495204061936	0.008753509211214656	0.40495142315153637	0.3622399306365001	-0.24777697454365874	-0.24453910319896935	-0.7855421703424358	1.7523631912188873	-0.9804309694249594	0.5878084364067733	0.09690070065403143	-1.7330030746870215	0.7510734621747679	0.4797359110379522	1.5600022100404125	2.290330364613369	-0.014629611915835842	-2.0722333574471916	1.5258006257440293	0.918546583630737	-0.8087320239158121	-0.24736466171915703	1.4202989806985964	-1.5595024910058848	-0.0029114043047404267	-0.19451451833333755	-0.42492088148370055	-1.651581277376302	1.0693878668863173	-0.11219307999210838	-0.20462681243708414	-0.33703896328554667	-0.5600826841208699	0.15584693362228963	-0.5642324577859885	1.3468596849022894	0.2420500109843244	-1.1588315213396274	0.9494561344765695	0.2564153750742516	-0.3512149612676194	-0.2702177383100601	0.6154225016168643	-0.26434277484363156	-0.035769217140612965	-0.4544725609401829	0.5143382695534386	0.29897178899294174	0.4402842443578512	0.4729220047333779	0.19393885015665965	-0.3683891719370591	0.7413398851888696	-0.13322085396009792	-0.23920943396852923	0.3498404281772313	-0.7472356300155829	-1.4279125836325484	0.31396308994125577	-1.3922750700912718	-1.024468585608142	0.480889390845062	-0.4237938254563564	-0.040419927747508945	-0.6910751057828892	0.1665286965657681	0.32864464583591796	-0.20721291330453243	-0.27159327439234926	0.44016026138157965	0.4555287715451914
DTXSID7020009	-8.493064199006161	-3.178441130426985	-0.04325456589968231	0.5116008602266519	-0.36777286704302015	0.7132584594378805	-0.02826009984371181	-1.2328789324111677	-0.42153839304988144	0.1627747657811147	-0.39955693694218414	1.295369531065147	1.0767427088465298	0.5447905040784267	1.0192840081449162	3.2606715771753807	3.3506683149520256	-2.353067712861314	0.7694974999892708	1.9000285732830193	-0.6778463908917661	-1.3161891783754203	-0.9026575364631931	-0.31866484620286123	-0.28484324805250233	0.40693238605242676	-1.1342195094380807	-0.3035255169698708	-1.1034597374086252	0.702893283670254	1.2946609086614382	0.2338328911441362	0.6468903140092102	-0.6777981870696167	0.08136139792356628	-0.9449885872481981	-0.5231171315878417	0.6593603123557343	-0.11085222984628171	0.6938731235210833	0.6087273236716646	-0.29402420781917465	-0.9931126908109568	0.21873865667012507	0.40507583756336585	-1.2055662033218153	-0.2651265773991853	-0.02338418108433443	0.18577676463647508	-0.34858530674354915	0.2078074199154394	-0.36542776994854537	-0.47890565957988995	0.11298967053603205	-0.641626410968792	0.33809834630680197	0.5128786209165119	0.37047372873799134	1.251617561680148	-0.05564818945072013	0.5345946547367316	-0.9237448243202	-0.8492180969781506	0.550087761694224	-0.24971301915783337	-0.5162249892150154	-0.09408870732759739	0.5433631191067574	-0.4473547532853422	0.8770611748812435	-0.5352113621339432	-0.14541966262068468	-0.7255048102366276	-0.986531187688332	-0.6783472181567086	-0.19333446389556835	0.14326131571162065	-0.7171684828444688	0.059600840209055414	-0.31973946038245055	0.29677428924325466	-0.4117975139582682	0.28064599215638114	-0.3452393745002198	0.14605044571665976	-0.3476307148631818	0.05521926627024812	-0.4571956810249882	-0.17724262533324178	0.20389539053929273	-0.3670711918035862	-0.10361541029587185	-0.06447944389442571	-0.38561310244583125	0.08711613621325824	-0.41292880501138846	-0.4916032192735016	-0.22066989723525807	-0.09053484622085191	-0.2606034943655296
DTXSID6048202	-3.7113619641895124	0.43820597900115005	1.9193141560565743	1.2654533405197588	0.9877492968721407	0.4098337676818112	-1.7743502326666232	-0.5357888315027747	0.6395015228520227	-0.9504667596011078	0.6569856340789548	-0.4250440613235609	-1.0686930861444879	0.19980952855603987	-1.1495341466541809	1.5724185561863897	-0.624727187840625	0.16869033162343078	-1.6821438629568342	0.6503099152005328	0.03077743670759569	-0.3278365660897171	0.7683981406394464	-0.3984536750360707	0.35854983532552204	0.9629714645592571	0.9674200209147535	-1.0797355325914797	-0.15899046265676067	0.3629018627019947	-0.18755716667494124	0.17580048946022103	-0.6212609408271595	0.2821118605966123	0.9703495382022147	0.31928685297252574	0.3111646777837452	0.43473289353532646	-0.2744785633221059	0.2602988085771147	-0.032539730399040366	-0.163984184559771	-0.09442729181828427	-1.1744484017712185	-0.3518498721664329	-0.034731276555278405	-0.2524912714786354	0.11053123771133096	-0.3193948691702932	0.06009222676376797	0.11188873568491217	0.3632841443854522	0.046432646321854495	-0.06860470468220527	0.20883706643729857	-0.31029155054840984	0.6076698730179899	0.10491020078042435	0.23259270946119298	-0.26012615665463135	0.22926660054452347	-0.3858962697643772	-0.3277646522194636	-0.14956954427257	0.37703406977989246	1.075266186820567	0.336936135003801	-0.259724405931189	0.5725830667609617	0.2219815831622352	-0.17537361290092932	-0.7468173842917158	0.9352455861709894	0.23694095128138268	0.1249342216928111	0.2946026479504651	0.19447781357969957	0.1049570311015002	-0.09977217512572671	-0.19121625803801506	0.39579561960150667	0.03582423192715976	-0.09132805630954102	-0.06953632465450363	0.2081522835926701	0.04408984643214181	-0.29079441761053165	-0.6298678974794149	-0.5127268753320132	-0.0779897347112024	-0.7853745295526561	-0.025625963508726646	0.5505090943509247	0.08742943209015018	-0.09654658320583227	-0.4086706118814089	-0.2767551645776999	0.01136494330780244	0.0776172809274049	-0.46055214217206847
DTXSID9032533	3.5392718842667636	3.4510466740134893	-2.115074818866601	-1.4726369132143589	-1.1962350427282993	3.6002101117493184	2.362270961241864	-0.1491345116624485	-0.6945257380999974	-1.6779897158449326	0.024272597818769052	1.6082559842088535	1.7992107749032769	2.510395393199003	0.8743348198993054	3.337194677581643	3.2750792116140386	-2.3774147546120292	1.4133859210430728	1.2145043395443065	-1.6738648529538147	-2.1314568323513083	-0.6125564223134691	0.4124842546712436	-0.8208412904017455	0.3547914456876299	-1.3657111128236576	-0.9644192538318818	-0.94894833368612	0.4811304541386808	1.4568999677278764	-0.10815630957978307	0.639120693765277	-0.19845950798377238	-0.006200911987774255	-0.9955218013856533	0.4511059396198438	1.2036202926406887	0.04500915617954878	0.3238568413034909	0.9404404762114513	0.19677940480218434	-1.2202643942677351	-0.11136068213183549	0.17033493236716643	-0.8222060202910203	-0.8298528620334814	0.12591805096360012	0.32631632463266425	-0.23148476180556832	0.15452623857049394	-0.09306156952009537	-0.718554693543034	0.10412115161307602	-0.5816487411073232	0.5420902404094682	1.105667637287505	0.5361216384490601	0.6882617642973268	0.31492468494671966	0.3585624217535586	-0.5308546030121324	-1.4219759417014934	-0.10133997562861895	-0.5223933421096845	-1.5572729031451813	-0.1682893855771944	0.4691867840871691	-0.5335566906058651	1.1177055577123491	-0.6533338591206308	-0.5008954898417143	-1.095625575857243	-0.809210428651648	-0.39062107366242615	-0.33696425747634007	0.7102470822241415	0.3561038303074655	0.6701437542182179	-0.5588777415519207	-0.8050558244673426	-0.5822108721189964	-0.23648965961379645	-0.23887834234672345	-0.028731784870877904	0.4285977531979185	-0.19661367112749853	-0.2329714179858816	0.15757787511344173	-0.3079561963510279	1.0377081343311483	-0.8698889225830819	0.49178618538185054	0.6232648153090666	-0.22275130773207014	-0.6900325186345951	1.3857163267409736	0.6850775943895064	-0.8703461710046995	-0.0770896753805116
DTXSID8045690	7.281992556694743	3.3983289258884852	-2.28498848863659	0.7731819368318791	-2.4684903415791744	-1.678642983176912	-0.438349948725622	0.11556861111184608	1.2921460628967243	-1.2598077732127384	-1.5419970800571623	0.8596520974191479	-0.8042945591711639	2.4973261723576146	1.9481563349067568	0.8321679428716409	0.8031307455958724	2.35612162751982	1.0859520899419903	-0.6437657556540766	2.153872151983461	-1.2514786701047307	0.8785355854187233	1.4595554328135532	1.9890771170347754	3.053106926695005	2.204875051347146	2.8992200572790265	3.21993189628863	1.505484685368987	0.9728105861983121	-1.868199095601566	1.9469283498056518	1.4898889812911025	-1.5332976842607493	0.21141422447382055	-0.6446729531092223	3.2941886078034495	0.38748648864397117	2.463132467889107	-0.8844698900500011	-0.590703926033136	-3.0360236298498413	-0.9907231362289084	1.7110414832869734	-1.6490100597688229	-5.701415896156512	1.2690465212133963	-3.4882302015980744	10.020237731682691	-1.188049652216131	-1.1318162086909296	0.30603413210314884	-4.9047407074074085	-2.9440599664132536	4.025664360832338	-4.243193105451541	-5.261655581039161	0.4876006588070638	-0.18843642962253243	-4.030691701240982	3.934657721600585	-3.27273047103556	-1.5137376063147188	0.040302006471373227	5.257664411670767	-0.09601034481748637	1.210389708555428	-0.26852850921211496	-0.1076624802655659	0.8040970531340621	-0.8590315176415657	2.161371117628142	-3.9759477483344647	-0.7358454983630462	0.2595485756130995	0.11840251010928231	2.362063943216757	-1.8017010547361658	-0.9731533157808366	1.942945948161524	1.057373356568101	1.4753516559725686	-0.5112011139032547	-0.44626295970038626	-0.024748003640423597	-1.1232830946245922	0.7326507510899295	1.1398130756082816	1.1006136538285638	-0.09765031119416359	-0.42865010229932166	1.5843042144898316	-0.3417070365692435	0.5190447354028357	0.8694881165125137	-0.8185590076799578	-0.14664964607343825	-1.2105641753091523	-0.6795485159640948
DTXSID6023442	-2.185652319559272	0.2484911623026885	-2.926101409045706	2.316434750014909	6.701662764654754	-2.197088435209573	-2.183639055683724	4.567846156480527	5.224109142599219	1.3676341237072438	-3.1744648346893425	-2.5091100067773735	1.58577554107849	-1.888804003601138	-1.122926825562222	-1.1787169300060907	0.887459577612723	0.032299824316268606	0.4045272366321011	-0.3748546203069405	-2.661491984682874	-1.0552904631391204	-0.6096017751840601	1.255385258407552	-2.756641097686345	0.037619256730010556	-0.6165619816931402	-0.8063550914439301	-0.8247978492076353	-0.4535498179194679	-0.5343567533935696	-0.10216491297849256	-2.2869268618384777	2.6973385423872123	-0.21943713962460754	-1.4609501512470786	-1.635511244425125	-0.09961549253087351	1.3216546206707676	-0.6426394594737023	0.9247649587169655	-1.4934487284602698	-1.0602929264148393	0.7763928777441171	-1.5361930791686356	-0.45816999454844404	-0.4005456357599905	0.8735274531679795	0.3024042588155523	1.169068535525201	0.601139460419947	1.3525932677357888	0.6173951431560782	0.36497636332419087	1.1274467504940655	-0.06615326264752178	-0.04874006198487553	0.5930148815044883	1.5822831052756674	-0.9766895283857239	0.19513178484817556	0.5954095745955937	0.5372390936003492	0.29327411453747126	-1.22796825787535	0.4577976575398093	-0.4767415731933642	-0.33518072419193196	0.13816666973561037	-0.10322306115907046	-0.1851117419998401	-0.13584251797298735	0.17247589019672754	0.18842648015134003	0.2549771832325613	-0.23939577463971376	0.588997187628757	0.5625824991228698	-0.6254647144198817	-0.3142618530978245	0.3890161562820579	-0.300597531041889	-0.2165986243327488	-0.06214757314745792	0.6632359429701024	-0.27745939338634656	-0.4447609968528058	0.9379352155130453	0.29501356758619135	-0.47963571801192795	-0.23486943401420068	-1.0900757395091671	-0.506242764698594	0.762399408014137	0.19238286860876352	-1.144816177441888	0.20901396615724163	-0.4374866555602679	-0.7356493359994603	0.8984223433616522
DTXSID8047559	-2.308532724684887	-2.121997433976669	2.9669443996181086	-2.2651725102272797	0.4564797164001324	-2.077095457353186	-0.4251049293370779	-0.013477366015094227	-0.052198056610575416	-0.7925896448252998	-0.4184546279955335	0.4613755978379196	0.09348856091954531	0.6967846411857703	-1.0605787645855504	-0.4118537078924865	0.032842374565040744	-0.5695438657465296	0.5559666254692723	-0.2665381619679864	0.20879928515635432	0.1815051685506995	0.5549369155116631	-0.22813807629891114	0.10538311738170013	0.22919486688108295	-0.26759512988337536	0.08435500080624281	0.1430612442585885	-0.08855467767353357	0.1263996901637474	-0.3666310437277228	-0.20622478217709553	-0.5270602462353138	0.16335074341957637	0.08867936150453892	0.17226259655595955	0.41392917825320064	0.14550025636147357	0.4639251394996072	-0.1097985048350015	0.0583874062300494	-0.19950180889694927	-0.04102574265391928	-0.1902391328897329	-0.017140906582124128	0.08367770018824248	-0.11770639928214505	0.10677570059506841	0.08130253687720106	0.10366282021681653	0.09052746485541902	0.10743934767639869	-0.11135244789860256	-0.0025696140845365358	-0.15306266318854791	-0.009233817292810073	-0.05084597630051178	0.15973218195855696	0.045490173986497504	0.20417069856653708	0.055064341320708796	0.148358066508368	0.015768731778992885	0.06432643180715092	-0.18363147428373788	0.3243480987956802	-0.4280934258518796	0.15021973503246258	0.550258589712094	0.4306718330160508	0.15993049952113603	-0.04864196811676306	0.03808640559392121	-0.7076976420295384	0.18570123476716277	-0.26180580246536506	0.4268721549796044	0.08531286081089419	-0.13828585559498324	0.08127685057126147	-0.18744581689891002	0.07227677655720445	-0.07951114588933328	-0.10874583859379683	-0.02703278199578008	0.10160715848267035	-0.06531120459177314	-0.01406994541121881	0.11213245526961127	0.34331763086589784	0.22425032697282282	0.004058525117799212	-0.21835163132584273	-0.20116905554886	0.00016375267145628264	-0.006753071761171689	-0.03469114305412985	-0.0015144670318843873	0.25829692127301074
DTXSID8023426	-3.2052274035704773	0.3929945324898528	0.25627765095830884	2.0039809835860964	0.26734481706321456	0.685582538138755	-3.3437278532243693	-2.402587287206918	-1.6439985300742528	-1.5111936064388403	-3.4730144681643105	-0.5238225675595537	3.5151240686188587	0.8235451709103666	-0.7166833942592826	0.28812946572483034	-2.1591220915203655	-0.04382651279935223	-1.8862364131277967	1.512120569386183	0.8067813896272147	0.4633796113927515	1.067226804178081	-0.619883436022816	0.891665990180051	1.0830936181052182	1.254247945667575	-0.597661009762054	-0.32903341940645925	0.35481671305371193	0.6276595924100347	0.3543583210687573	-0.03484612870614641	0.21999489968572142	0.12745106932186454	0.187871650444469	-0.6061409655747135	0.4772755646852947	-0.3084968641365638	-0.04227607393427107	0.4056486163991396	0.1322390418370748	-0.2940978226611463	-0.869324452958031	-0.16817355249009516	0.214213393031611	0.1672172082276787	0.34918192738629744	-0.42485375540735315	0.1809965670697395	-0.03622271224319464	0.17810260323127597	0.1447090216810076	0.3262393461513775	0.2555030422775248	-0.23939024086469357	0.8335949680435278	0.23495353593089505	-0.5164572253249787	-0.31954044113887226	0.2499387834690545	-0.38072280556279203	-0.3492959449906685	0.13210010039237474	0.1641809391607889	-0.1005780088793964	0.4509473014104339	-0.3468642162247671	0.01411007115211485	-0.2066120581631685	-0.6977253140993231	-0.47934112892757014	0.3891579919712014	-0.30940554891587224	-0.023143015460857754	0.6492407731444078	0.021476297420064825	0.19594936182573044	-0.15193138051763216	-0.1952371588501315	-0.06884116504500488	-0.08182304177657086	-0.20798145075117816	0.1781190369289447	0.35147155830132754	0.13200376397055444	-0.17540486601677066	-0.4508601635267881	-0.10055561720848911	0.12470040427510275	-0.09305313884778987	-0.15048864919988056	-0.21857622251889142	0.08872994596279109	0.19760837548653756	-0.17954794154708828	-0.24693114429456733	-0.5226929181684405	0.12203283954857344	0.4478232719045476
DTXSID0042454	4.037375353488717	-2.4670838598313836	3.418585466416663	-4.609813708736487	-1.0032965595544352	-4.683561696653656	-0.46475745439363314	-0.06564159905657771	-0.16241167641406581	0.19631313377668666	0.39062311215631107	1.0905829224280816	1.6132152277590877	-0.7349522866442058	-3.211832327759667	-0.588814901857747	0.08695777613612228	-1.0086448250824844	0.12144843147442613	-0.3181639359118542	-0.3760709172843065	0.3032274825539099	0.7944860427888234	0.0389089696215075	-1.766525902579869	0.8986601888336477	0.8733106439659822	0.3465519714365837	0.5398122694446811	-0.07367305207404734	0.5871956646830168	-0.9428528085036343	-0.6396554771266667	-0.9124866846499989	0.6642366615626457	0.06609850081763273	-0.4065810737734116	0.9835457203047809	0.05563980109826044	-0.009665866722601628	0.38343074252032516	0.6621958786378551	0.07169964845636964	0.3363533650476088	0.13079312972900617	0.034858839154966036	0.5618014334697755	-0.4279141799591384	-0.02127920948743372	-0.38100741761547835	0.15485266168522285	0.17037993065700255	0.049715801169200505	0.020440068895588196	-0.5590354143241838	-0.2756442840596442	0.03487722459585572	0.10097297842281366	-0.11129343414282387	-0.09629623979656013	0.1198895209257928	-0.34489116155653143	-0.4776604878132029	-0.45073729863252476	0.12839743280483326	0.3457423802301624	-0.06717708182943953	0.6293939690503412	0.1669326957642578	-0.07191640768352033	0.33243553237522133	0.10779529473177422	0.4965210496908687	-0.1767538897347702	-0.6369670932358638	-0.11941058393405327	-0.6373465421965526	0.014793118644773468	0.05276709798757304	0.5497069604775293	-0.014377422791890079	0.8616103483054908	0.3998798345008438	-0.20359421610618678	-0.09558058201815492	-0.06064580350230549	0.5501388689903199	-0.3971999410122978	0.014845840957030901	0.002894610545885154	0.6739539149150845	0.127808852354537	0.1514142156688236	0.1093850381045285	-0.3760947689109185	-0.10998655128004456	0.4933634387544923	0.4318659632900976	0.2509402262299509	0.12676306495867884
DTXSID2057657	0.5822916658584479	1.1162727231900977	0.639097933825738	2.1047589824319903	0.8484537268168203	-1.8436753797617147	0.7305367956483593	1.6589828171698693	3.0759197808806125	0.1678351538345628	-0.5484941756831438	-0.6285997201553926	-0.195341584081999	0.6048020340661893	2.853480475538909	0.01588283194233271	-1.0396838052598754	0.5594378131242782	-0.12302209293237167	1.3466340454234824	1.390633983209507	-0.33982470814780924	1.8104566044970531	0.5754989988154754	0.5952304437725251	0.7769020079839289	-0.5911076835265354	-1.3162478382726994	0.02083323143306212	0.6629177335012241	-0.7695352990037118	-1.5051873750900457	-1.7658956971649804	-1.4295897028377422	1.0357242293093325	1.207418414155839	0.955981252054946	-0.3774902312862294	-0.05261533835353385	-0.2676333594303238	0.2874172226495693	0.7831679887661451	-0.411711414320014	0.8353350901788807	1.047905040520927	-0.46544707893373966	0.41278151898780663	-0.331833645001218	0.1292388042141334	0.3942374090026	0.37844132838520794	0.43605576402923896	0.41001273810725314	0.1688738632644128	-0.16679438038671476	-1.5751908887321324	-0.17396318513717257	0.09111634423611133	0.4412431035654825	1.984208280919691	-0.5646824374542208	0.9598414742325323	-0.88548351196314	0.4613301644630299	-0.6046345406650154	-0.1410000886166674	1.0359326731279415	0.24458193039252438	0.5983414265210423	0.010454075011013399	1.1333626807208976	0.9824702275955406	0.32123825072419787	-1.326586393827121	0.0014624196345069834	-0.16026834852483204	0.34870589570649785	-0.6267596077915789	-1.3113586628608458	-0.19471952432446146	0.8621713538860747	-1.1557144176902157	-0.7695569501977143	0.835917761926276	0.45237546614159574	-2.674187576508804	0.5494435035741216	-0.7433799094839999	0.3996128325387101	-0.4320328757748222	0.8278323114208991	-0.3510550108224175	1.1812129972974137	0.4758712751557399	0.4295842916236895	0.25098450068007633	0.08963703696256287	0.25045052100134363	0.07823503547231835	-0.0523679061520239
DTXSID5020366	12.374327191551759	-1.762274494428534	10.13164606457839	5.624511345837307	5.719123464328381	5.427186115088022	-0.07421294020888784	0.22855513805453997	-3.1099416011734005	0.9770185128219254	-0.2612158149861857	-0.7525180350871082	-1.8279087435985348	0.8329963826084071	-0.8471500871779195	1.0349330186624297	-1.5780808506112223	-0.5551746602559022	-0.33988963779303905	0.8387600239246472	-0.12428236955384675	0.4207307854778448	-0.35427887034400524	-0.13233295585496677	0.6739017155608068	-0.31068030017363074	0.365386552263061	0.18294985868730704	-0.13267831041395087	-0.013865282323455	-0.17827736123008694	0.808908705197583	0.1337661625851617	-0.058269851499650964	0.11817830450333044	-0.5460200209927106	-0.04594132495492435	-0.3173035824895455	0.5700837561431711	0.06903694527955073	-0.46870237915034535	-0.3479471609510529	0.11684923220795007	-0.3751045167264062	0.0332452187936593	-0.4423630436012537	-0.3025869112464048	0.40129440905665476	0.3352347976667609	0.4005913549296983	0.10390488488230648	0.17382707824582433	0.0789133155267299	-0.07442919783693848	0.2992376414357948	0.07658078709690301	-0.09641802254951223	-0.34465523804533266	0.5778555509483048	-0.019607877095842573	-0.794023755196581	-0.22833348075890295	0.052515496684218343	-0.8952366597775842	0.2622402185104349	-0.4838889914550484	1.1168004655337527	-1.2363094253869222	0.10624078235779834	-0.7376938348167077	-0.7885922555542567	-0.27539621780195167	-0.41087914672511444	0.0025921031125356944	-0.09314898092718016	-0.5702488933574924	0.21831495745069956	0.6285927383458833	0.4069357228106628	0.7950447346031646	1.8063756936694702	-0.12782158016354125	0.690861434128164	-0.7624997565951652	-0.9143912615133752	-0.08381894339361692	0.13979510998089376	-0.24391165339834842	0.7239480514432803	-0.16181400012020683	0.41320069431569334	-0.33082978975175464	0.6793992332607923	-0.2759496767081649	-0.9105307543141881	-0.21532818954276522	-0.3099023232256101	0.4434993669583495	0.6257763683154556	-0.8033169724072476
DTXSID6031380	-1.3699387018489906	-3.9050199693919234	-4.856368486968618	2.5894235100115695	5.89349418195174	-2.3580657915207484	-0.2964798995554816	5.553875929509647	7.048090170357193	1.0121167533752466	-3.732413476862808	-3.6301748317040095	3.111866328958244	-4.588253706251998	0.22931027318817576	1.0539698490711815	-0.1557751728087243	-0.43695813962280566	1.8329975966222924	0.04036129529038258	-1.2031335938216658	-0.40122237224992396	-1.7467662102199102	-0.061589530441123176	-0.648786891927799	-1.9762791483639457	0.6627858701107957	1.8835843764445177	1.4798926206802334	0.6201042437680627	0.09774894442757413	-0.42050058589632994	0.03821843222317961	-0.02415976616630074	-0.5604648253336848	0.12876024236406217	-2.146821878701329	-0.6215499250687208	0.20588398126676857	-1.4798286711251847	-0.4267599335477315	-1.9730316126831484	-0.32692356943044315	-0.9537669462491007	0.47907495369310327	1.2021785460229588	0.8238128619916241	2.3848956186847032	0.6331683615654582	1.1417695764338496	-0.3746326495244099	1.37547070084249	0.49185121182177904	0.6759642313420452	2.88433295038497	-0.7476381191590359	-0.964813440834205	-0.5259969599010385	0.8451438167581259	0.2573325070324267	-1.0187736778848844	-4.129885523619345	-0.8483574632593913	0.49276362190675577	-0.8846168096176614	-1.5085253059449446	0.782817702556594	0.1966214018723163	1.2666135014067383	0.8555053708885012	1.758122264942229	-2.1827636240062414	0.8865640844384676	1.4842445430576294	-0.6448339750786911	-0.2671719309460871	-0.1941754470459355	-2.043896800918047	0.20988427520700262	-3.930688644965067	1.4513299654048484	0.6518897936094588	0.36280911629808366	1.32778109989855	0.3248741796979038	0.6279908890700179	-2.7492155288416518	0.7074556112330329	1.9449727181524585	0.17358521804385016	0.7204891463219822	0.17525252974442218	1.2163849986333495	-4.018861769574064	-0.7179881092351077	0.5536828374733685	0.718327129947073	0.8126269362969741	1.255938863773542	-0.20413389868759407
DTXSID0046432	8.26269263633996	0.5677959967153309	-1.0783372107783482	4.1066511891882005	0.7264508274861597	-0.6825481347425074	3.910699328864643	1.250239673363398	1.1523839360557953	-2.423664993534693	3.61382394903067	-0.4892822389162699	-0.04291803146942874	-0.1383011725512027	7.369551692601544	-2.200924611722299	-3.4234030315485824	-0.44082735503403686	-1.0865022387913184	4.0851851505192265	-0.08288612004913619	1.534590517731011	1.0003796255922783	-0.3938458303363101	1.9180571880353725	0.17686255159686762	1.0578022878205844	-0.03612920506770439	-0.18770096782110304	-3.042621761567539	1.4714173659237606	-1.3755723151789843	0.1731174979610624	-5.403886214065057	-1.1317380195357531	-0.20650082483953408	-0.8844943768021731	-0.18338421170648028	3.07516827011057	1.7888142824413826	1.9645495267593993	-1.2873402865770873	1.6023500451568435	0.27509161415866074	-0.1870601222756947	-2.068766212736825	-1.6349214254316973	1.5972917364267907	0.7150580827741297	-0.5184628184698695	0.5176469149218266	-1.3218532004266372	0.14073138321971826	0.9731969118964734	-1.6273624984071708	2.0697596351274052	-0.37173534747154746	3.35678808933681	1.3505180250702393	-2.13841978470621	4.848077175985095	0.22319922768641196	3.1529251326884298	-2.823595384835855	-1.6363263936927042	0.08237345180251561	0.009619618376695314	-0.6493321911718278	-1.2594503427236834	-0.5422336244997678	1.5881938748087798	-1.2829797483863974	-0.6085212535376432	0.11217297889198083	0.024401600901635682	0.08001596801914758	-1.2880971811207045	-1.3785171363376483	1.1488095974352515	0.5688184973696698	0.7003700108682744	2.2572194945279542	-0.3638696578610514	0.4602360271887779	0.5089882595434045	3.9556588774091583	-0.8456446813601975	-0.37286900474115536	-1.7207804465371712	1.4059581129805465	0.8043352888237097	0.7450857507744321	-0.43975040453103975	0.2251764231103861	-0.8434059343386542	3.3579658250876583	1.2858698161520183	0.6629083963455837	-1.2824033920181037	0.7128480566752947
DTXSID4026715	-5.4540144914226145	-3.3291221062169503	0.015296011731864049	-0.7416002349836394	0.5675523357846474	0.7091240177675462	-0.577678171710679	1.0486569454648413	-1.0237390572152532	-1.2827625059075618	-0.8693218847815691	0.21349607634077192	-0.628346433830043	1.3140471890322913	-0.2344413036790452	-0.3546367616567929	0.20501570299586364	-0.7269513666340002	0.42738549788453856	-0.5552185742677725	0.2233882988805753	-0.27613698803571857	1.4031107323869234	-0.004773733970417683	-0.3636773548862262	0.3090496483255591	-0.26669343883282925	0.973559569002725	-0.1511750173724822	-0.37228673559137915	-0.36332197648723524	0.27179615319516426	0.7038754593587037	-0.34935964634788425	0.26681947675974316	0.012095974907566552	0.30498592905818145	-0.08866009949453166	-0.08251128854423953	0.22853475338512172	-0.027814610740895442	-0.08005919286103953	-0.22666988170414917	0.24977540915948795	-0.5187827038026998	-0.07248474355467927	0.37912975501794344	-0.3175186835768023	0.054868339902392586	-0.04137587888143537	0.04140015962141198	0.028164122198110236	0.26847370760515454	-0.15393575189915912	-0.08414711650652444	0.11931042397643066	0.06489996633643691	0.1777992957184553	-0.2138723672983321	-0.24758220582605425	0.17521265959254273	0.19434223391761143	0.4000181706446305	0.30282210458688175	-0.3264641020630133	-0.20716635430485456	0.4693740742453273	-0.4308386741538686	-0.04546968530615937	0.34106815845871236	0.04664124958601418	0.4257200529829264	-0.4341028597199056	-0.5123392853213691	-1.3355505084899733	0.13342439825004856	-0.8291408886770296	0.5307898218089508	0.6537488378806711	-0.9557376303106623	0.19623162267743227	0.1239674518267712	-0.1544901474665801	0.010167443565866515	-0.04252266064869387	-0.3894829189947946	0.3231053801123952	-0.15685681451317768	-0.22366810169899665	0.08765455360826149	-0.0671993578918344	-0.1838255759216321	-0.1568335378209026	-0.37425581075593406	0.035671443366419205	-0.4055597309995467	0.3991394430711033	0.13657392608290683	-0.030698703736803556	-0.00448962058373002
DTXSID5021679	-5.237537668922742	-2.3788378981437233	0.49376596214257834	-1.7132148782599863	0.4656335713456579	3.892431109288046	-0.7784415105511654	2.746599679510809	-0.9812473136009909	-0.43789873447155203	0.20200142385563422	-0.14449162262114648	0.2515399625016474	-0.09298593281702654	-2.1867893497537025	0.5012976789559549	-1.0696517065509217	-0.563146929973505	-1.6908694697198432	1.1048494299050307	0.3729160513297746	0.08089897213049402	0.4492454373947185	-0.4689326943284094	0.020374960859519696	0.4679308513406005	1.0031891605134071	-0.8691522595382181	-0.4070575615350152	0.6222545189647641	-0.07084944947117895	0.924416753061037	0.4777670128336789	0.14571607592629124	1.2569368404651449	0.017682031534929362	0.2907347300941813	-0.015084990716818847	0.13616111509000056	-0.04091354797412045	0.058844947491780236	0.08591722252703433	-0.29993938270643716	-1.09913173810904	0.06843935998055752	0.07066709688200228	-0.37336586035215524	0.07769744598362228	-0.08946620320423737	0.09815278521398044	0.24300916117157945	0.21415283503903945	0.2702191242821786	0.04760540059983404	0.22027106918703923	0.10876549551735346	0.7918603230583018	0.41005809880975824	0.14779823942600867	-0.1606525710573976	-0.3248803708101734	-0.05618756546277692	-0.4741193141137349	-0.7101744511162132	-0.05073666482909789	0.9094513951094075	0.6037789075314515	-0.002049066747076181	0.09983986385856403	0.5482976405785595	-0.07637533474077936	0.5809233120685645	0.29936242355738896	0.15960713073130783	-0.42722505268244193	-0.4707740350373696	-0.7683598431317505	-0.1892355227603456	-0.1876427570162548	-0.22771398949973312	-0.08776092141270754	-0.31171517778187546	-0.4142797985528852	-0.4319012752206685	0.43711500546177845	0.25673745063949915	-0.6746424821636804	-0.8337699990078616	0.9048204296623005	0.19361585382865426	-0.634638306749254	-0.16523651793224986	0.5750111694505646	0.4828645504998506	-0.3134441858181142	0.5837915483162701	-0.15922749708495496	-0.6393073213217991	0.10520462291284259	0.26809048195335183
DTXSID8041400	-2.397639576505367	-3.3536442817910896	1.5444621934329963	-0.9695246681444947	-1.7796920524395416	-1.2680449478025628	-0.35134130517757506	-0.4333075471970205	0.2033066285308799	1.0652530083583505	0.07371505996022071	0.14879662044069925	0.7189094767663261	-0.17498138317197756	0.06636892043683382	0.6197793473935927	-0.15852752589356828	0.8018156242259771	-0.44660515862696065	-0.9088057867914405	-0.14036920350466017	-0.3901326672006901	-0.3828415663114889	-0.2212041048135027	-0.8432678906761818	0.34689910627724635	-0.10455107860443424	0.03949913330381672	0.4047535366248643	-0.6900449667667233	-0.14787577799789053	-0.2532002975695626	-0.5457021981885283	-0.5539932218615111	0.28211046613050245	0.7355991443071063	0.05863836978005531	0.8010803571425152	0.24850237032130756	0.09957381545544203	0.15750127028619876	-0.04508615417371389	0.19414795627274817	-0.002680352400122491	0.09308308090836243	0.1455730647021696	-0.25248447003879215	-0.13342595945512972	0.2120390244988828	0.048073899020761306	0.06867599890084257	0.13025129095676305	0.10240453781750983	-0.08651532022971492	-0.153332872875361	-0.285686697213733	0.23492259208838273	-0.10602125769411934	0.23554358963030017	0.4950336416068561	-0.2683136359917627	-0.17847414421674404	-0.05812469272239761	-0.0725597795579463	-0.4396496774322725	0.29305922682951463	0.7049399707715973	0.2952147777531183	0.34877374336370726	0.058568792865625385	0.33989908520278006	-0.16918437840940337	-0.05714875782428011	0.1257627852340536	0.1455323636674766	-0.11504385912817709	0.6263482971156595	-0.026093674638097343	0.10926887185708488	0.08320828354870327	-0.6721462320460567	-0.014379147093041911	-0.2534886831135111	-0.0702652403782916	-0.013472825590588702	0.5076333305352804	0.8594050492895124	0.3082197126913333	-0.27599844150052993	-0.8280635994351723	-0.16066339907230268	0.15989142558989494	0.9371171840390012	0.6177352826297022	-0.5093684372013525	-0.004622172932156703	-0.22803160227101277	-0.19660742044013013	-0.119566082425541	0.0895941996539322
DTXSID1021952	2.8907830852820178	8.569754347479519	-1.6318544833646698	-0.152747989735523	-3.4055704439342778	0.4975630069428646	-4.347006050305002	-0.9160281157490764	-0.06401044186296856	-2.2508838657793437	-1.9896111196361843	0.046744981989058035	-1.2473958169052273	0.28380016455605583	-2.305108343254537	2.5967138215396623	3.8539940594697657	10.592606593570547	3.7527245233186424	6.403197234003836	-2.212576818507604	3.111074286413877	0.6943057876526569	1.7950541490838865	-1.301709461593089	-1.1272917237020514	-0.17898651847123806	0.8231530362381686	0.008173129972076677	1.6815150103478762	0.5940578502926344	-2.1685810920677704	-0.06621650829871167	-0.41074696216071477	0.23989219667499034	0.9504723116676653	0.04514306404994529	-1.6719460664749912	-0.054706292486332755	-0.18251128678691345	0.6000444765798403	0.4295678927032023	-0.6689492088040075	-0.04040483158153875	0.6931394148280572	-0.3225953427415099	0.29045553844144595	0.2484817113055146	-0.4121565296493199	0.31839441711712607	-0.32596189862499564	-0.22720178913519423	-0.051098234450116825	0.3133835895478403	-1.0389145068078054	1.1829382797287846	-0.4527352741104365	0.044706543794991664	-0.6084381141638328	0.8112753885471599	-2.2526768585656236	-1.0190316218162971	1.7955233284615697	-0.21471384264547572	-0.39420734050229256	0.40451423167278316	-1.1076562773952365	-0.3949543621038385	-2.911153736547806	-0.8561169420193292	0.3065267259653169	0.7954213570134931	-0.3293111431189024	-0.987206353183147	0.19721318119630288	-0.9650933554846648	-0.152223739736481	-0.6642197807714413	0.6020160362891697	-0.6027894029145905	0.2520944027784441	-0.0518455874625998	-0.0986350548714042	0.03160389502794323	-0.1875143639803632	-0.3199771567471667	-0.1335048451090473	0.5532264836322923	0.5787503118209439	0.23781225607519724	-0.5036700855897048	0.2560790477335455	0.5109967110893091	0.10925182137590364	-0.22729105659046056	-0.11027522295965986	0.39452560046346213	0.11776606420897012	-0.11736687963425747	0.4869849370516748
DTXSID8045438	3.734766531043273	3.9817412623527813	-2.3150962925650918	1.6396898645322293	-3.8545442411856414	-0.1952434333952022	-4.75195109026122	-3.970429497700788	-2.6384139282236228	-0.34596602958064165	-6.892387291868769	-0.904541776113141	8.408387112949912	-0.18212628140229725	0.8315231007640902	0.28869877826397006	-2.979384064482068	0.2406296380711633	-1.1288340871080944	-0.12255140945522386	0.48369849412489224	1.1584530789585623	1.4872282872317744	-0.832411431734342	0.8747935218438152	1.4490755996323457	0.3995163580099117	0.6285440735642686	0.024564664679934456	-1.0769893160642356	-1.441494834107409	-0.2984067844333028	-0.4842340303743027	0.11582459343632305	-0.32244437403972653	0.5331985661881069	-1.3949046621162018	0.09817644989234896	-1.0645577501827663	-0.053782768542852126	0.9818533431413653	0.23772517984725625	0.3183906827070385	0.7347084387374441	-0.08118354365127305	-0.030685000435736222	0.006882022886177052	-0.5155773057140832	-0.26152305938999737	0.2481055271901185	-0.17395946499328604	-0.511915043886764	0.8427355092765194	0.23529246590246541	-0.33363684463434046	-0.14971537411766467	0.533128920535362	0.5222469276666305	-0.8028028513433672	-0.40902680764003096	-0.3158190036211309	0.1827160197103269	-0.3095678208702972	1.3100298588512647	-0.31257042812617103	-1.0943156502497038	0.30082787529403227	0.06758183751656784	0.06703628714846507	-1.279931699150458	-0.4148899980797998	-1.0520033642501707	0.5378780738021501	-0.3249675048456573	-0.24563184345480232	0.317821316364945	1.326623363120962	-0.8454505675923129	0.39256411036900796	-1.0688631890196443	-0.9643794165216534	-0.9309172978074834	-0.7416807418399336	0.13812008615145666	0.03853708020514699	0.7395482563489261	1.0116410572249	0.6102959633271446	-0.4120520706380399	-0.7067079765932762	-0.3612814827358022	-0.9953799505321425	0.37832084353864065	-0.5679257350481075	0.5553651764517851	-0.5008187242516653	0.4456364691554958	0.04215620063932218	-0.1331956729991512	-0.04323591761832428
DTXSID2021781	2.285121857902504	0.8378478673970204	1.6818173209650285	-2.202737934337725	1.0166151822596396	-2.5228567529331625	-2.1896493706199505	0.5935291578152897	-0.07495077604579041	-2.3401876311197594	-0.1378703654233262	0.13227445706503277	-1.2242622157035554	2.251780686777896	-1.7057036424404388	-0.29121711497353564	0.37335644610698626	-0.8445503699361686	0.7250517157200723	-0.29996359720764987	0.6947947185112309	0.2490815711087647	-0.657131429530031	-0.29560000436194567	-0.08293938654847736	0.03536532574886313	-1.354732571063306	0.2991370303957834	0.21379975113486088	-0.8334201897607237	-1.0283363507248617	0.0062482344987895505	-0.6100069206677378	-0.5578873337182798	-0.15779018546731244	0.7380764157305278	-0.05301597954525051	0.391475352840609	-0.2823185704405696	0.142446211306146	0.0958469288607478	-0.5626540662463012	0.10335063072066648	-0.10958355762071433	-0.09510249273048658	-0.012666947123041991	-0.23541017159294045	0.19557125603819975	0.029808465169175038	0.17670753625546304	-0.22724516636508016	0.04886352017296388	0.1762982014353171	-0.5179187515842943	-0.03298275800950636	0.17351260030079993	-0.5327564818771707	0.11950411653824003	0.042254211013587714	-0.1950753496577601	-0.3664536021371115	0.07861795785724393	0.6991588486966056	0.6692339087510075	-0.23405613089237873	-1.1936228100807613	0.5788148358106813	-0.3172531773149136	0.38380020148201893	-0.06851368667065606	0.8040002350348497	-0.1993544249047621	-0.02972410101981734	0.3471267019631601	-1.3092756076090533	-0.15344946441366963	0.4172148043368265	-0.6568593071627181	-0.12398979877616284	-0.17629432188060365	-0.5921477505143276	0.0988695150043639	-0.5202466979835351	-0.2543893834994444	0.12304125229209664	0.5963285018539747	0.763392620927696	0.037584378351559124	0.3345547768922742	-0.48700170121322695	-0.4765577876272092	0.13073394126543872	-0.039330031420915	0.2960428526520997	0.07732983246284411	0.4797852998751608	-0.8675238447312412	-0.10734077306795024	0.06502658319850484	-0.08898438873919257
DTXSID6021377	-5.214284092262754	-1.6493742993891374	-0.36481348594853036	-4.7316184964997765	-1.0509111204239434	5.25114496012109	0.21022965281664044	0.840877231321383	1.9801038108563018	0.33683133649019087	0.8175399038624626	-0.4702403865029545	1.0552854052614191	-0.0466887720640755	-0.49840391183963406	0.696983480075661	-1.3300368344530418	-0.41360006194751114	0.3702672140237943	-0.05301755334278594	-0.5282677537077975	0.5764586690359127	-0.38959799341422624	-0.6702722136111473	0.2503864723221318	-0.5364585572128703	-0.23696717526569994	0.26493065737557586	0.09284266743156169	0.006959413245902338	-0.17318214497028764	0.33800265410836905	0.5856716677215247	-0.053161475382710634	0.4903632431049732	0.023910960461163984	-0.028625828508044345	-0.6394118616382832	0.14825112702763946	-0.1856854814968567	0.11242500144413221	0.010329544741042255	-0.21796021390880824	-0.2832102943376915	-0.03737965526933494	0.15498991317228783	-0.3245107039204375	0.14617396697635923	0.2881086686693025	0.06791565568008053	0.03624806163089696	-0.1757455303212931	0.022634448647585525	0.04330794600292363	0.41630917037965476	0.27418309582639544	0.08697982260492418	0.3399434990175643	-0.16277395671980194	0.2227012402433237	-0.848824196649217	0.036956993604779734	-0.037789355492417714	-0.35822606022654696	-0.3634731989437184	0.09274801379480639	0.3706791755950508	0.14066194608623478	-0.2806373978235948	0.31796102740830945	0.058018585183141166	0.45317294854624485	-0.04790265005641168	-0.0030794612270326747	-0.7585362866773611	-0.10002594812939829	-0.23719679278816505	0.0070551337767333	-0.4794851215802883	0.3696962914298462	0.08546099501757012	-1.3186758594741241	-0.48878649083023773	-0.7561309461602034	0.1970145593290378	0.820596314866461	-0.32632306385363236	-0.22911560637407213	0.24822244723138823	-0.18384031028831915	0.3814292950921128	0.3356429136582737	0.4159460755634665	0.23520805053956725	0.2606962482993346	-0.026341967279720987	0.8277075566728014	0.519658516198052	-0.1846360462720945	-0.14782334989902912
DTXSID1024097	-4.606274482012088	-3.6756553191752754	0.7643841202816477	-0.868093768547142	-1.3613445343053312	-1.2273944111415884	-0.11821358311978884	-0.172298030934407	-0.04652103273130677	0.08017456675741153	-0.42257977825326043	0.29145212099604817	0.11221791281883128	0.8478923003976168	0.4844057799925935	0.1665928111522777	0.050486760954604394	0.579112586724544	-0.07300542676882317	-0.875870531127836	0.17803659814919306	-0.4529096425153873	0.25893257043666024	0.29987485254728685	-0.47928334241854237	0.4453784046106669	0.3336812986163469	0.351092914459785	0.17286752427596092	-0.3983655212174002	0.45415929879236494	0.11565693399343582	-0.14548206105187855	-0.572013893245616	-0.07844735856922627	0.21914960822428914	0.1393713329474469	0.6795115789078809	0.4366272391630675	0.2956724925393158	-0.15132705573099617	0.024196764441466817	0.05763686235050959	0.2035712660081868	-0.20725793378348736	0.07864229424724116	0.12357719044114024	-0.04246034251465567	0.1827974614924937	0.27386594713825674	0.1282889906599666	0.26601820919646385	0.2135795766289613	-0.10988925116206774	0.0336228381300687	-0.3371040594769793	0.2721536365019777	-0.1982002456724801	0.0800662090352181	0.26107290506479613	0.24815622428992706	-0.05445066231404745	0.03369498210965677	-0.07844260039945523	-0.33172545119137065	-0.04452297232866564	0.9132344906293446	-0.2992005772437078	0.049213208363002255	0.4507128602703462	0.14286032318852504	0.1131730094224194	-0.44395392077687945	-0.1497463207185875	-0.10949688021145172	0.32981039716531785	0.11452420634708224	0.2853772745460905	-0.05776344366965238	-0.03000826250614114	-0.40728217349131834	0.07020232372933476	-0.2121435312565148	0.14904838734588313	-0.13310611302912392	0.0015772035561465252	0.35529367357685926	0.532403070357335	0.047306750496636345	-0.4465287268055686	-0.4915372677096136	-0.2663524327017124	0.3001721161541274	0.29982512722699795	-0.27899620113995033	0.05943949845122542	-0.17307543797130712	-0.1722227107119211	0.11651935625507533	-0.004343572507723712
DTXSID3044837	-3.36290122794976	-4.054728592517906	0.9249769674846209	1.1856762800917675	-1.3949241959440684	-0.9980628047747654	1.310575317430608	0.28179598132188155	1.4592263956953173	0.4403324232997909	-0.48161010707869484	-0.16148876774588222	0.7102718878406052	-0.23018546398356082	2.0589990060168364	-0.3799351740836626	-0.6157959330971162	0.08501827756801784	0.3291752384926679	1.3583387926117543	2.0807018570859324	-0.5587461410870694	1.7990622700663619	0.5193755206498735	-0.389203550097773	0.3805707159101719	-0.4669372916948681	-0.5774467476065599	0.5568221226910515	0.017241122012725256	0.6861100487220785	-0.6420814932261965	-0.8897468143110003	-1.2972450914345197	0.13284773203084072	0.31149443262829657	1.1871609769563478	0.3931037182447152	-0.2832016003637944	-1.0421585922490724	0.5243295319869442	0.7040350634431153	-0.42439032172756386	0.7966214080297958	0.08764777080442822	0.5038685724818993	0.8413439476812283	-0.3077043542103854	-0.043052454560118456	-0.12331479769359703	0.1411544442484716	0.428660828678229	-0.25781690966444987	0.3836995896093751	0.2521512530994173	-1.7934309333311784	0.06848844069020533	0.07901541517875174	-0.7435930989234475	1.2561710411731726	-0.10303723586850129	1.061790810254746	-1.041078904528574	0.0003208037923821425	-1.0904807524141609	-0.4272863448657259	0.9069696366356205	0.6603917292684252	-0.42120503807624476	-0.515993134997498	1.4756721728232691	0.3222319998900417	0.6105875532649245	-1.7877309802714916	0.06424078929671925	0.2091725810836444	-0.07876966992059571	-1.0158884608058658	-1.6927051493914596	0.1659812167997937	0.9096422069008222	-0.1677888099734271	-1.0583700786057162	0.9772809905876304	1.0501621042963063	-2.8396660362344095	0.5483403814264519	-1.152176216868495	0.6058327394772302	-0.19970946249368723	1.083645029608252	-0.33804963088655654	0.608778283014488	-0.3965425372215525	0.16720565702350923	0.14395632748744483	-0.3382722047946734	0.052207393282174566	0.1281496277914776	-0.014710381443020818
DTXSID7034836	-6.81611708807506	-4.130076075744221	-2.37789581973836	-3.4975053940036362	-0.4778182326045068	1.076499077635161	-2.8286737064622645	-1.6625566628486281	-1.9446310347901794	1.321818324463395	-2.0903150585186996	-3.4856495846524678	-4.460395171702382	-3.935460550212997	1.6103113583029842	1.8026159764139402	-1.8903637843241325	-2.114091124920557	1.7847121621066717	0.4707415289987701	-1.1068981408229226	-0.2499315853763644	0.11025723498483565	-0.19403433390718625	-0.9484723283190145	-1.596972190637411	1.1019986420121897	-1.1891531263896975	0.9204727379684268	0.85758650958632	0.7992720665079941	-1.405743519393415	1.1746902309624656	-0.656719630739688	1.2648399883838781	0.7416281031463888	-0.7360773000784635	-0.07422366990312257	-0.0032850290992209523	0.6593375710456174	-0.19337690411243436	-0.35211232201839165	0.4560332166870984	0.5070686613693578	0.021110557090081063	0.5542247524987457	-0.5131158978958736	0.05971387098967808	0.400825026946881	0.8350485050423627	0.18445943308402785	-0.17993576319505306	0.5962132550138858	0.3973807854780277	0.3389947234255425	0.7122755824456232	-0.02069642248190592	0.18918679536375155	0.18246258851780284	0.9415889856613789	-0.8778401395204639	-0.15665518866307324	0.22477711761197594	0.3167489883278518	0.28953606258415454	-0.8251019627021327	-0.8978359240113234	0.21088389505344127	0.16280834575024686	0.26339761613310664	0.8532152631206935	-0.7865637083950244	0.10052288645184473	-0.09082954229251436	0.537382257785269	0.2946676062862252	1.4850742929229364	-0.24044066341393786	-0.4630102412920844	0.05223734077015323	1.0258065356950385	-0.4988808509834133	-0.7748625235208109	-0.5294985694550682	-0.20348956968261087	0.33227872961131777	0.44921495281675916	-1.1146212481214064	-0.44696017681258476	-0.40044204779612996	-0.6817570431070386	0.8951528684996632	-0.2989456878695795	-0.9480102507406732	-0.7937647874325298	-0.48802417191781894	0.5746764718635974	-0.5771755719746067	0.46944332036841213	0.29254969009734577
DTXSID7057731	-1.976537361169899	-0.2549505924709899	-3.65997173114627	-0.48377397522579924	2.053638281015507	2.538717204672651	-0.39651512986068466	-2.6020460938148657	1.6402689679865377	2.6080546638300337	1.0721242817298007	4.176194257523346	-0.5056030420182761	1.4694648542088244	-0.0934706302291888	-1.2294691770917305	-0.9423766707166147	-0.19964510799943888	0.9453781734014163	-0.5075994430647303	-0.5640906081346664	0.39282651672990404	0.8662558865421374	0.007084140489862215	0.07255253581858095	0.02223161102950953	-0.0251321592732204	-0.6936844926970716	-0.15064828211081685	0.26683378451002726	-0.16976965685528608	-0.03214970436749476	0.21513743635982685	-0.23397886380159408	-0.32152369241875023	-0.24631792478645606	0.46716660440299995	0.17621664247608645	-0.08128202907923116	0.2921792874238944	-0.05632447681862405	0.28149791160772936	0.3165073971332333	-0.17779842877993304	0.06715280362979599	-0.11307790786032415	0.1158342189935326	0.21998781076625332	-0.14941890174116454	0.003546224240806583	-0.1514508354567762	0.06288485868482574	-0.015913921113826578	-0.10089726485852056	-0.1761272651591005	0.07166439821831833	0.10138596008410923	-0.1804212801340078	-0.40797145694591813	0.0992103080596602	0.41928432756347456	-0.24385776019017694	-0.1831261867716805	-0.15404850178036983	0.3397870237046592	-0.02712069208679958	0.27884027999051375	-0.3277347948417492	0.0978504604731727	0.1346944256492574	-0.045655057058255476	-0.08295412243158613	0.014235967743546614	-0.19995305105079292	-0.7670931894239932	-0.27437975708104556	-0.3149703238078704	0.04718991072092541	0.019499042292767853	0.3185957321129569	0.19629380418912368	-0.26930030988297765	-0.3131775989356115	-1.0245854660745375	0.31289026217380106	-0.5712437405200105	-1.0848695073692098	1.1853109463736138	-1.4376766428643053	-1.0561073178753442	0.3824200265712143	-0.7645526434163576	-0.40037091054286505	-0.3294573201892506	-0.6162615817875967	0.2846933900798409	0.26964849133287	-0.171615637958822	-0.17469761909038464	0.5482399483850697
DTXSID6044985	-2.83098669140935	-2.1773865764033795	0.2814818147757173	-2.2508507277325926	-2.003015435407915	-1.7908418350833903	-0.8955147136528234	0.24085279302395368	0.08428524133063066	-0.850747672194905	-0.5664657608063903	0.6772527224391325	-0.8970130377501816	1.5530065082793885	-0.10500849577820398	0.3724269678066693	-0.1773929014204252	0.373584425191472	0.5738861666703121	-0.1250763610563326	0.2930486629499133	-0.16598790408114525	-1.7403840564085058	0.2123496199808893	0.10052035684982542	-0.00658331907673348	0.27534102542075756	0.34637488282503276	0.16592945382579324	-0.3922012971289619	0.6724146931245181	1.3632087067824432	0.03303286172412005	0.5462280237980466	-0.17962999560011084	0.3566831575046663	0.2007127530646775	0.10594142805406978	0.05404029972072785	-0.05959926798496135	-0.5182852817184336	-0.5614647124618545	0.44590716474807846	0.08770208223469185	-0.3429716890000232	-0.015959542031147404	-0.1586163119154234	-0.03382009551792035	0.15844278553093613	0.3802628496339417	-0.11144180327499972	-0.06428337360378726	0.024816591816354993	-0.2284721340400138	0.04998892423424845	0.42045965778773153	-0.3723956682182308	-0.2918550708783155	0.04092988227574804	0.1380603939123583	-0.08935939217353742	0.34164949617014484	0.8961890737023932	0.7172530474735709	-0.4233034413179365	-0.8952242017839115	0.7272747355215037	-0.7931250478929841	0.15396369837422255	0.38938227968788636	-0.23176582190198164	0.30588406338130075	-0.5123302200122157	0.2175771289844801	0.1954278803742131	1.0126376175066727	-0.036423770282033585	1.1866281002273766	-0.5433899437142897	0.058091889714318445	0.6003583708387832	0.03505279210888854	0.12347850653476551	1.1938556416708082	0.5209177362544184	-0.3357480228278739	-1.4711399267150544	0.2912494052535039	0.07113959581242138	0.4499689313343185	-0.8381474660452513	-0.48237069700430857	-0.7159622094458186	0.12958312225864502	-0.6243606696080273	-0.02445088537490855	0.4194055840297627	0.13474747043618326	1.1068002577786118	-0.2431290034241137
DTXSID0047901	-5.46113278344701	-3.9676444061934615	-1.4611552997427792	0.133269934540806	-0.33202708214682397	-0.5723965233666525	-0.32076775737024743	-0.528234261622361	-0.8143957195121742	2.258471770777648	-0.33587210526186495	0.27717306201943587	0.01796115661484651	0.28710352000423256	-0.2827522300223137	-0.087923817070979	0.24066893496698039	-0.1513096384862475	-0.03360632437326951	-0.49989073042841525	-0.5688585975448158	-0.09688133993473959	0.6914921112497103	0.753986054116828	-0.06897029840407472	0.4266221560238327	-0.5910824181870491	0.4445676367354594	-0.0051625941817736035	-0.4954796200998186	0.010200247191315119	0.5152407153258223	0.26157105951561205	0.12116995861061529	0.39957359961654654	-0.3056665642778501	0.2719560302930758	-0.34554516343941744	-0.37177745395034056	0.15214882095606536	0.014631906297115523	-0.5068944143215569	-0.2072999057045445	-0.3196308354604629	-0.2311765577103712	-0.0038797587736341204	-0.025368645856886758	-0.3417474145282954	-0.1612618573114106	-0.2277196404977315	0.047273848675388606	-0.22297184735847048	0.1504158684664378	-0.11664182340728733	-0.25393424623432315	0.12423978442712144	0.07208021515538013	0.19442029211314665	0.0865811801372045	-0.33488022113435806	0.1628453691470556	0.20732729222323165	0.09636811897055315	0.412778243187076	-0.1894577080721697	0.5243777389641763	0.16029538780413846	-0.29283927633286505	-0.4308282494557021	-0.16860729485656226	0.5947135798981946	-0.19559779395407084	0.2849993932580326	-0.5518440707146103	-0.43464472644186847	0.016518101769206213	-0.30445458756805316	0.07231171145863997	0.7370401409989623	-0.33393360786496096	-0.1151105699505938	0.5077725740195443	-0.25176750266165615	-0.12913025895146354	-1.0979679908030004	-1.3022272253502212	-0.36683339576878066	-0.0345868471974467	-0.5996902875048049	0.6163180466627272	-1.343207104712273	-0.12800564206941292	0.5647061249777999	-0.3878508836013426	0.3347540059595719	0.29870417476599886	-0.9123473280249083	-0.19301410663468843	-0.23414249693608494	-0.5959984279033729
DTXSID0021385	0.5728919411155735	1.707545977641477	-1.6119554165944696	-0.40167888873997654	3.650155764583136	2.8188968093375832	-0.9001186117132127	6.816934108016855	1.7724141478131665	-1.2396136800084665	-1.4614838400161472	0.9449307037354526	1.3671112535521728	-1.758699867421447	-1.493786149065822	-1.0551938351228607	-0.5896206940569899	-0.5943381973279913	0.3865597944110879	0.03196009723165594	-0.6380086813720179	-0.1417841622151703	-0.6395362473992252	0.0061002346715198314	-0.5098076886191275	0.22775978472321642	-0.8354340849654512	0.09311801278265158	-0.420049391511	-0.27895371284778125	1.5923326832235707	0.880884701104186	0.40588833911337174	-0.5053293035956288	0.34098135366773047	-0.06174858771002366	0.4104446981126503	0.2355969557239634	-0.20352145948329134	0.7584056618232359	-0.7588713166450831	-0.27198405753121047	0.1810637799739793	-0.08642152196233321	0.03247876504759612	-0.2090737740198565	-0.2315621749387801	-0.8860744144285806	-0.14361473685134526	-0.4447190748857443	-0.10354188391141803	-0.548819098052441	-0.36665182543502045	-0.3625257934383687	-0.42336538549298974	0.3919127626865021	-0.5900052196962039	0.5156972197886225	-0.7987117307196422	-0.4469646436358472	-0.13216744493055083	0.3202526582979478	-0.03937518670895257	0.4931243283170864	0.11404980282860332	-0.5649447781157524	0.42681934113425046	0.701977758778037	-0.8681512360548711	-0.7705369783030931	0.7505990801467958	-0.35001953610591174	-0.44955871689419064	-0.689819459599959	1.2926962868179965	-2.2323872338746216	-0.6675867999790659	2.6300862726911793	-0.7673296740456768	1.180492623179286	-1.0710418929827263	-1.9234055041696663	-0.040103163980635716	-1.5840812161145448	-0.07090327283634616	-0.8237987160414507	0.21745012726918483	0.4124346717403963	-0.3590661422994409	0.8173069503493874	-1.7693127058256126	1.5186728982434485	0.19653745550718313	1.5487399549049894	-0.037034637495174695	0.26425557166621033	-0.8937035526454788	-0.47361520676468627	0.7954698941926712	0.19895697092414877
DTXSID3046453	8.112629422620724	7.073521350196707	-1.3819727885994857	1.9318574302461282	-0.006284837544887631	-0.0007422638691181692	4.32935194370985	5.001240610882544	-0.06573673880851472	-0.4761881110472767	-0.5639637562035985	1.144173114253889	1.5667224057858897	-0.20148224717478255	0.8370571219149948	-0.11357060227085522	-1.1790153772502145	-0.564175738544958	0.41055382334800206	2.413734587061313	1.3403159640510631	-0.7980913024081208	0.6368573230850906	0.47990174207652825	0.4035148994613626	0.011221037744025652	-1.6110486248904403	-0.6261702437965511	1.812928552512148	-1.2900981598601213	0.54022402947282	-1.547229961294084	-3.381996890567798	-1.2642778026992965	1.6811149242919896	-1.952289330760937	3.11325483392815	-1.0535549834028632	-1.5326468867232936	-1.017560529835424	-3.0395431497769816	-0.45656410375598916	-1.3129082185205443	-1.428447889849435	-0.7025170186464276	0.45611142432563506	-2.145246696493371	-0.4727509695917666	0.16146721983717122	0.4388771198993818	0.06692228410692265	-2.2415700544686628	-2.2651871217905497	0.5104877463191559	2.5098935131137203	0.2223975598302173	-0.3153504007537614	0.5585096363688525	-1.8742280404741292	3.745472080561076	1.8676602523483274	1.1001953923382701	-3.1957700864458585	-0.9472452047866144	-1.0202438373312754	-1.282007641495094	1.8828398971854072	0.9318815720710255	0.08937109887825898	1.0454302505176951	1.4860738561117333	-0.05154506194486526	-0.19572822091277545	-1.236334283884095	1.030821118833671	0.07396449294600796	1.6802050146099035	-1.225242750458412	-0.25806329160575364	0.1442893775592294	-0.1596535465334728	0.8442580753838123	-1.5227222298464038	-0.28953372302860264	0.5030029185250684	-2.81247612362484	1.4522285130877577	-0.8571482293621465	0.5754870965492528	-0.5064211055885172	0.02502498891660144	0.3069901179441883	1.2156395429926412	0.4580741135835751	0.06398171615818196	-0.35642520593036464	-0.9604247348602593	0.01956184394527765	-1.495229408909866	-0.40387483339640884
DTXSID9044611	3.2746756267589263	1.3133709088112406	-5.266017656710464	-1.9192279535683472	0.7330704466550368	1.1978639985117367	-1.0796452450769336	-2.7631047885520283	-0.4066938786785858	3.1991893507563116	-1.1432366881167424	-1.527927654336811	-3.8312040776455856	-1.542218304991024	-0.5614857992952814	-1.209172728499465	0.6810087354630844	-0.5066486915508206	0.5606814981674411	-0.6088398273994908	1.155338673090601	-0.33088225850876324	0.9184271759837951	-0.7814986413236292	0.09623195734835344	0.6581658871078567	-0.12399269125061965	0.15564255865838617	-0.20017365581125904	0.06886869862375314	1.634813677884144	0.03290365904803659	0.36335270886838616	-0.6582245776557641	0.28196758349320605	-1.2396557845054215	0.4881839422966324	0.7811242144342877	0.618349150778757	0.6592639824795276	-0.2664106038323971	0.03625782781390671	0.7219153156649111	0.20853992225776152	-0.04274665125691831	0.11117370439650033	-0.12772069262976765	-0.2530709381912188	0.1670487602306068	0.009693297935972697	0.20154653711688647	0.18229960271284462	0.14726673626164355	0.11494322094805061	-0.1451346366955099	-0.12705569868968206	0.6847400976972732	-0.4140575534231159	0.14267057590656063	-0.15922048453476023	0.5005854936716214	0.3465846906047543	-0.3705790745970362	-0.03396061565913739	0.7383056037753908	-0.3522605806530607	0.11387108041436793	-0.36491882604324205	0.049555295817471375	-0.06945010521962808	0.6406935564387901	-0.8332448135651807	-0.14556979638866988	-1.1438895270400478	0.19902247153016733	-0.8842027572627317	0.3254338097196833	0.4642988371422311	1.1228510023535145	0.2967218449349766	-1.2752823534009066	0.149222493003538	1.224625374970251	-0.3893800832995046	0.8104736917741974	-0.6195966346870093	-0.5579960234171559	-0.00930069595977846	-0.24254964379815547	1.2791858543949184	0.07504006124432896	-0.8509441057766851	0.4075339439456253	0.21229552461633053	-0.23043526100275918	0.34398734115699303	0.14590342665275344	0.7078074793464172	0.19147424924911133	-0.2165458869395926
DTXSID1044560	-2.4082397387517407	-3.9826335695583572	-1.6323018667835716	-0.15886803096347155	-0.38426574668344315	0.8728663463861677	-0.05237908416354341	0.2703076510825264	-0.2547226835373003	-0.9304253771545219	-0.3856159631080947	2.738558337506892	-1.0451127896290267	-0.4314233608185868	1.0254656623359275	-0.07962722467671658	-0.6782108492937085	-0.3957237508511647	0.2219042598840085	-0.023541419018840878	-0.41942385483386074	0.10361739241230511	0.7869474679328554	-0.6415787742408803	0.5251147279842617	-0.2690755292844785	0.6607678078024055	0.06031177391710326	-0.057650573307368	0.20579579221128652	0.1648833097693873	0.26411488313284437	0.5289609596772306	-0.053690281048819656	-0.03793015210442121	-0.6717534019592659	0.3098074007241222	-0.6147697099516362	0.4793432502123995	0.3818705959257238	-0.19585479526019597	-0.016966834092988735	-0.09290646104100406	0.10575268575624938	-0.3672128548995471	-0.10087088412314923	0.33909056781545227	0.2259432274581286	0.09564499807877831	0.24095735618472874	0.1476393699777379	0.09470957588436664	0.18507667426416005	-0.06554732563292522	0.35422071412231626	-0.03333482963005957	0.33738766633308365	-0.17031892202920823	0.03527485282815758	0.03661498507523963	0.3082361047152595	0.09673656128702388	-0.27268670058572403	0.026467991732168357	0.037305236433911586	0.09961226589743981	0.4025214821127546	-0.2857809501475794	-0.6183980168887607	0.3509356617770991	-0.06292120289836463	0.6054789304900394	-0.22121992720107056	-0.3538571911419459	-0.8158322780837837	-0.05144542315733278	-0.800291439452391	-0.08075166026959561	0.7326044660190645	-0.02154241525270492	0.24390654249489957	-0.4186780086192177	0.5685405017080584	-1.2811143756520176	0.13097233278498718	-0.6910365015579567	-1.5100391306470695	-0.08802813761147317	-0.7545524431267591	-1.0857562409495303	0.0031292827563880244	-0.2598028024675096	0.008317010462935934	-0.35025093703313254	0.24000736257760535	-0.2852520610907456	0.8475528736487455	0.6947092960736133	1.0288570974767979	-0.1808684654508675
DTXSID6041420	-5.409865180306726	-1.911064677327867	-1.5510643683959704	1.3650152954324044	1.4463321136799865	-0.21525945594203966	-0.31865951142620047	-1.325847444847246	-1.4297241750073097	-2.0838257249996808	2.7248952392129757	-1.3473185944691282	0.8626499825655018	-0.5751008285847895	0.9433951638405182	-2.3432611217046033	1.921977788273155	-0.3328799974032273	-0.5839157625415693	0.6204426990351863	0.14115237465675812	-0.6858797459879875	0.8466243302358237	0.965090272513055	-0.22587443236142932	-1.0503633886771184	-0.20565116274379308	1.5226583274653038	0.5001743221761068	-0.40509907116244515	0.8946304363492313	0.11117780966534023	-1.2612625253674103	1.7280218767895326	-0.7361883025431398	3.3801174366172075	0.0939442558069056	-0.1166434841913195	2.1226646487965235	0.18686858688466237	0.8289649518526822	2.1507693909223247	3.879682473090713	-0.7227106582667893	1.7121842452415084	0.33262263397820846	-0.7840143602505972	0.6857873952146928	-1.1577444763167077	-0.9518510231247779	-0.0612972310407205	-0.7057254651842279	1.5733976847421227	1.0737910972227973	-0.23215572009711374	1.866383674849029	0.7926531130736387	0.03595470180030999	0.5895528075452259	-0.6377042130643797	2.1330528199220447	0.6798740960100972	-3.153340753232899	-0.673875996486388	-2.8679749330686084	-1.1946987579103636	-1.08398468381677	-0.8553912352071465	-0.3754647400185856	0.1557494027791085	-0.04721200354311935	0.8954327534690739	0.5229693719676438	0.1883606923479751	-0.17424342091893408	0.6310593160996282	-0.6723330695339123	0.12072353600884081	-0.16377971739463984	-0.2707825965092841	0.6859809882619552	-0.8610389387473922	0.8557732488436771	0.18975162254567687	-0.32787349619171574	-0.047005041376208596	0.04052415013971479	0.10988076902143602	-0.04659053983193737	0.18936940059971955	-0.6090526144810122	-0.017378766782971733	0.13424444203478086	-0.44749343675023395	0.12712748015304476	-0.2413014983426674	-0.36058939980579247	0.11985659328102655	-0.33822599305392664	-0.058654073701209716
DTXSID0020070	-3.9049859888387983	-3.3007152016938734	-0.08776892843191121	-0.47250946844051195	0.8069406419284532	-1.501259224180702	-1.3687955736448993	-0.2882967381996786	-1.6360186209940366	1.7208685526889003	2.433209869810597	-1.302166400195172	1.5639290171613383	0.3327581323284473	0.9610525018359561	-1.490833164991041	0.4560994877010265	0.3257646449571223	0.5936361809521558	-0.08159081688792058	-0.13886158270994559	0.42063862018567283	0.5501624465633553	-0.12775373177051982	0.2161527459112457	0.7031784257635294	0.09287702723149309	-0.40665127064106915	-0.15817644581208018	0.07565875028054442	0.1469431397169787	0.11029019706260496	-0.22700665522578753	0.2097195285007913	0.2657913052516265	-0.6940800950703648	0.6552607274943199	0.15032413289422822	0.739167052783861	0.6942870860172848	-0.257159698556423	-0.0703529411474105	-0.4706074255831722	0.04645726051158159	-0.304868115519487	0.03460434392863898	0.19384759936439733	-0.21656481157233892	0.1581809899788509	0.17640734408445263	0.1004770459625314	0.03565840712585948	0.06066136600629102	-0.1815342380584617	0.24816148345337238	-0.40360254504228976	0.3700211702545835	-0.752881444082976	-0.15030065761254835	0.13786444226584046	0.03467445404928895	-0.2857472366197789	-0.01731366010665053	-0.0914318929802573	0.03688716326679703	0.2450095255936764	-0.015621691076305766	-0.3704944495947621	-0.514173886566245	-0.12854985413435388	0.7147723249847991	0.011439252852572832	-0.2057377969733257	-0.3527093369836867	-0.266075843139602	0.18228523330135749	0.08815725584139023	-0.2527233877872322	0.08287463842897917	-0.19990612601741198	-0.43792348870823306	-0.24015625018352219	-0.1581196487762788	0.14944352701469468	-0.31760933056219937	-0.12497911853028269	0.001442756471954747	0.4258300805312215	0.12463515457828037	-0.3000468414392215	0.01952609345552353	0.4136828754927201	0.26042561336913395	0.05426486741276863	0.5885618452273539	0.11475052386361557	-0.11405777142782624	-0.1908772220973195	0.3474441984494684	-0.07159389782880833
DTXSID4041783	-3.646050786581187	1.1045030025900624	-0.7766361220256252	-0.201979373470155	-2.3434293120929466	2.7521661496614964	-0.5916404434295683	3.7391016737533493	-1.7911071147108653	1.4278293182192974	-0.036322570102281314	0.015740976891366252	0.13384247508376557	0.18972621473111836	-1.1307829723968887	-0.7977927471633054	0.03639230896439089	-0.6385318751191036	-0.5054522488774071	-0.9318981077070055	0.5188700300248547	0.5673878886651144	0.45304375315132644	0.9109759979743105	-0.8352317356922316	-2.1809347867080895	-0.059306328884106474	-0.26320498052583036	-0.5111056690214562	2.6787434351020867	0.3096195666706981	1.6109054958821576	-1.9647216215448975	-0.5998054996692144	-0.027414269756431846	-0.6759604536454451	0.4638605781655604	1.0597869882248774	-0.10292287638400618	0.6257625569085231	0.7215756082885072	-0.05207956975886966	-0.30327555665783557	-0.4446608334167271	-0.2686499898864243	0.05062769269980368	-0.531355337300919	0.04050681117133147	-0.15632264941683305	0.037681562157645565	-0.16008019115676209	-0.20272275417980823	-0.4296098891664053	-0.4145551656603376	-0.5541759868827382	-0.07247750369641431	-0.1609729904467399	0.015372591828505023	-0.2721160921153712	-0.44502995344216567	0.48101061469637874	0.47948780612449277	-0.21088049632528255	-0.33456623267074637	0.5596009173762688	-1.1432382909909955	-0.21389669548394918	-0.19256390737065335	-2.0850951439162726	-0.1913083087839846	-0.13271709750527252	0.6926522511297751	1.725442438635723	0.979412059217762	-0.28902408614477465	-1.818372146128671	2.020687692363826	0.3172915915740358	0.11175330330694168	-0.23726659485915305	0.49883932444658763	0.9841071062611899	-0.34196472360197155	1.9727995723974687	0.3488670015743724	0.16327741606231677	-0.14595976857920423	1.055986254527214	-0.43986136372125045	-0.0759987418665914	0.5231049756390399	0.8703359730877364	-0.15273779062198828	0.7088428360083534	0.5359602128759902	-0.11622120962466531	-0.40313249712925137	0.1041432656933341	0.4106952267271872	-0.7305888154508218
DTXSID1025271	-5.080054362451645	0.7218671769841914	0.1937323142268231	1.0750838823390545	-1.0167867009879774	-0.42250757212505385	-0.5257383558265246	-0.5672479521783537	1.6281011395442573	0.6954523118065676	0.506855056940557	-0.5018557806292021	-0.2866622238779586	0.19506127950017033	0.5802920455084463	0.7547172440674146	0.03605673160030764	0.7373868739826465	0.0021666407745632344	-0.5367257281426658	0.5547236600348346	-0.11213618446927211	0.7001558516420625	0.12070037089670337	0.3661622615942425	-0.3109409763942517	0.8081585486581635	0.4376710447803667	0.09996603994133531	0.44345817856898423	-0.17099928816145962	-0.5779408663463826	-0.0012312163632728292	-0.727967621451144	-0.15162954034253723	0.6383854423410574	-0.48591898839250663	-0.16065009016127746	0.12089380052252349	-0.12288784641315967	-0.11850961701149265	0.3507627413021573	-0.00024375040754974662	0.3054767665962615	0.3885759393410877	-0.2805233438608095	0.4922547188926359	-0.08087881441506244	-0.0495605874380587	0.3263764311214247	0.14654775158063169	0.08878954590323199	0.5378974480560487	0.09540229561389033	-0.3940486104363312	-0.22806825205870995	0.1368675139545656	-0.3017035067631084	0.22001613592266572	0.6993043887974049	-0.2519182540325451	-0.537173907324938	0.5303955536301656	-0.08860624127560156	-0.06223443849649744	0.22490294132192476	0.25021970434513885	-0.27452921863073304	0.1435492956587598	0.4719267124065148	-0.7031863795534682	0.7818195063979606	0.2206487501441557	-0.4641174314274148	-0.5043380135117093	0.3561389516618415	0.02666249091981964	0.0874037148078251	0.059027142340046135	-0.08598740337704368	-0.0364379152991133	-0.33223278470327394	0.4432699965043442	0.02180562555989957	0.049910375776487305	-0.19991259411821954	-0.0523950533294734	-0.2568778215234168	-0.14472020812344394	0.3258675740923996	0.022626294497945273	-0.1775550574674948	0.18614365290848775	0.048377832746600596	-0.004107552928833915	-0.09741570740166858	-0.3383454684362901	-0.2411062285347361	0.14381178657752589	-0.3139066138542552
DTXSID5052254	-5.592805234588761	-0.4424984561810386	0.5950126760055812	1.0714973072189418	-0.3145571307982035	-0.3062941502807744	1.9515960343113443	-1.508164467888062	0.29603822771599986	-0.834662938400854	0.4786022578917233	-0.1510473394069833	0.009766064396855076	-0.8121059448882234	0.09069712581941355	0.12257134744052053	-0.6591879362312061	0.12012188136136716	-0.8752178316931012	0.6753351155925795	-1.8823309637128705	-0.5976145906972797	-0.06647088272041266	-0.6807211993917627	1.9376310658573301	-2.002227006153377	-1.1074313120511163	-0.596176208633506	0.5961779997713331	-0.46428983719119155	0.2881928938511485	-0.297445668710924	0.13341023705076432	0.551277599700894	1.3190805581829612	0.1197032236317043	-0.137804841284179	0.343024579312856	-0.9318328020638128	0.31287315484401956	-0.012785374079818692	-0.7932077538799585	0.7748188023806192	0.6469383507538732	-0.7203733317801428	0.06164542458835764	0.2039163244927932	-0.4745609362227902	0.42642907336575747	0.26787741933273235	0.18597307565142257	-0.6382609872988867	-0.016622016851289164	-0.6495661139557016	-0.12950950427664806	-0.13149838721520357	-0.3596998147938366	-0.7574621986841534	0.5331339119122199	-0.9760989930553473	-0.1089919909998548	-0.13957419296370843	0.5540628274137325	-0.18019574662169766	-0.04801930303578306	0.4334805827015524	-0.09061322295595443	1.1139514582117536	0.25874265385250517	-0.10611913392257802	0.05477572219941512	0.4415369291379358	-0.5418603421689149	0.8338508441473609	0.5747049023588552	-0.29591965458125274	-0.3184974899844097	-0.24666009079005904	-0.2561752039350086	0.08379168191179906	0.33854846497552976	0.7792169226089358	-0.17041344270923592	0.03750647842142842	0.2906886900432791	-0.15075055745716426	-0.3881486899438533	-0.6214314488654149	0.12254562333213712	0.1679282318687744	0.04277716330125642	0.2351173631393773	-0.4113134137221539	-0.44645682932540504	0.11374445211806165	-0.44539540037080066	0.039813922151089885	-0.07717389235158914	0.23679811156030206	-0.1541996194884678
DTXSID6045878	-1.950554973702928	1.1853989726307899	-2.2472333212200923	2.0168963888950233	1.4548559936819636	-0.010037146220163825	-1.398627167483358	-0.9003063740090024	-1.4750498278013757	-2.112756133224284	3.0562146155181424	-1.5360430941670689	0.42109310403164557	-0.443566241627794	0.6782361889845986	-1.3052920897953493	1.0415585909288982	0.46732436671692557	-0.31162345298768146	0.7924990093987191	0.5689396574698868	-0.09372915366943206	-0.3367021802076046	0.9435654475158108	-0.21997357639462897	-0.24640698465503408	0.1649803716415594	0.7817309798430855	0.3423602317128692	-0.02648692714961332	0.4173352292071763	-0.7410377378016814	-0.36834712069977693	-0.9976315052077728	-0.6253353180160376	1.6326219153412775	-0.1687589870140668	0.6196880246516615	-0.5372769607310452	0.04962873358999955	0.39706972226075843	0.2866828279926219	0.9310050229326378	0.11060706918546404	-0.02841357845446356	-0.005450060605240118	-0.4088019199962926	0.5998156554670873	0.12067414849091092	0.1385878717609011	0.4288779739499441	0.6564790400458916	0.21882431330628027	0.7266314021818637	-0.567530401730298	0.6227644624338611	-0.2851284363868666	1.323824688513465	0.5649580441804017	0.28443456113761184	0.37137826018766773	1.2372406670372813	0.17891956863294564	-0.7097578771621874	-0.2057532264175826	0.05367993577666708	-0.060166841086759855	-0.9798372789279094	-0.3268363626105489	1.1469305115510866	-0.38328160763838875	0.7940815043189638	0.03419776424822641	-0.632469314370968	0.6443795613241234	-0.9750147206465138	-0.3825640690442915	-0.3087779345812514	0.8588844530467813	-0.2760304294627216	0.11498693969904777	-0.3970389686236678	0.062172844983996806	-0.559351293872241	-0.8570436898632052	-0.4298448881790653	0.14632832743559837	0.5148040349515232	0.8067208454589013	-0.1332036259785386	0.21143332745996696	-0.15280749699263402	0.13479838715469664	0.376427431511614	0.047764817735477444	0.44664039786587634	0.43487626557946507	0.10389942484987569	0.09428581308637309	-0.1659627875920101
DTXSID7048617	40.65859935130351	6.935594867590342	-15.159959355591953	-0.4809128095506888	21.48224030272723	-12.739291257379621	-0.8831518955939501	12.000500387026928	-1.013868371756562	3.456038705486818	0.6431360724454696	-5.3701200175818435	7.79675937381326	-1.4096416464949637	-2.410602945650311	2.7736483121977837	-0.24412622525377956	1.5076231462992213	1.5501019545460868	-3.6525073742956082	1.3981253790960309	1.6890391490174275	1.9030811319071343	-1.4724506358068077	-1.5320464248289773	5.4911667607194525	-1.865873660467962	-2.550890489021246	-5.960234757331277	2.6303037073178768	-0.9215597691235683	-1.885164444611886	-3.641385885134321	5.410880688386886	2.0110833167550317	-1.9351743732992108	-1.037597727839194	-6.180130097590359	2.4220866345091965	-2.609979205629856	3.815859464416695	2.2686124942599566	-1.1891310226963256	4.160012024063624	-2.182079434690659	2.8777337801105207	-2.2562072216682565	0.39350621648396583	1.079623997472657	4.234486141099947	0.7681818880182831	0.9432332775103921	0.6184689303651422	1.7209214970987223	0.31877396035144523	1.0693978963706368	0.6140034821633511	1.5620072090006645	-3.3443239958673856	-0.04477222728537403	-2.769658164426519	5.464355245382156	2.2302740780587	-1.3676829152985273	-3.8061945297761937	0.7574358290344483	-7.277220260611437	1.3391928512474698	-1.0325317042621056	3.1753803037901185	-2.9243021159466664	1.8255063494431318	-6.495176905470477	3.946830851613003	-0.8787920709031163	-5.616563007935698	-3.0640051259348438	-1.4478095253179102	0.1674756283221485	-2.3595134765524257	-0.014610139794392145	0.001251516166421613	3.5622061317762976	2.848418455558022	-2.9556493318514088	-0.9980186494608967	-1.1600768904123548	1.7468616517964706	0.9443155309688371	-0.2737217260477883	0.8651118143642876	-1.63352820423251	3.17459446074033	-1.5546152780446258	2.68587013636659	0.11998803146556132	2.1349766488382005	-0.681375201167697	0.9377398686047951	-2.5764405728902933
DTXSID3020091	-5.598452798541692	1.0075419657616553	-1.272091453185622	0.8689723341978344	-1.646526472662982	0.6498405161738418	-1.1647388040011188	0.06461856159206639	0.8555767127437989	2.737828217145353	0.6543582799961019	-1.0767983197736524	-1.212084289759088	0.6290295241959775	-0.9833268672800569	-0.4977938910586438	-0.6282025976415184	-0.32311609940722796	0.38339490620183925	0.4593696774811227	-0.6353371785951883	0.4918778175397908	0.43653017988725107	-0.11659991582505776	0.11256635068207659	0.6134339600355001	0.17688046287542328	0.34218184971369353	-0.19401859448500347	0.4143020211938307	-0.8608709461381436	-0.6108343398996976	-0.11101998590069222	-0.27099765790077784	0.5972637981418478	0.6363199437956347	-0.05589754221894567	-0.2932469492531085	-0.3463222616031727	0.3789242552171899	-0.11793801801260048	-0.341456744724073	0.6028707921002658	0.20831892273014863	0.5048410146912431	-0.6691699140464431	0.32353438905939175	-0.34603146114019934	-0.07144289788243895	-0.15257978501398028	0.005848829670358507	-0.19643469400466404	0.5746042884989299	-0.20340139103497723	-0.6069555652757427	0.23946334609190026	-0.2579519855462303	-0.1514621670056684	0.46783112769304924	0.03687726852527734	-0.3136155863055513	-0.5221259428822785	0.511360713180391	0.5781798310446442	0.3095186286247721	0.6677393554695814	0.12797152919498955	-0.19037388705853722	0.1941434675848564	0.05425836165911377	-0.11202262570772692	-0.015349585684531193	0.3963181891749255	-0.9650819998662239	-0.22837303561357947	-0.05027400273055271	0.15945069062080208	-0.13001142434017512	0.36681224910517246	-0.419341266703781	0.25344442624923924	-0.6035181982607427	-0.07186660700457609	0.03987255635810663	-0.3038996654596151	-0.12365030904379855	-0.20460446905188867	-0.13911825505458447	-0.23930189007808345	0.15365558646137037	-0.18217930233304902	0.23797516591762835	-0.5224504729051355	-0.4296307121760309	0.35764603261525957	-0.49689297091091494	0.17771903938018832	0.18599728567250928	-0.29144544044589427	-0.15225985595228408
DTXSID5046859	15.38215396882646	1.4811439697425983	-4.357740271474076	0.26256082796592217	4.2259658484929234	-6.852515265893225	-1.4077492921430403	6.182702931530703	-2.627850464136258	-3.8980643111072704	1.134946168595026	-0.07679487140105888	2.6923644719557407	6.0991791363610455	8.33534289165453	-1.4180971351588185	-3.3416481407970475	1.232537113665051	1.0224455915556194	4.331878112929617	0.4844908528753186	1.2172088682294882	-4.122517533339379	0.875709252462197	1.9780878353590616	0.906375143413348	3.766434245306749	-1.2285900350483885	-1.5523645413349598	0.39443348025588065	2.005496147016483	-1.0183737221518478	2.3629388170259653	-1.82312500226254	0.4771052506624238	-1.3901733966568222	3.059548801677958	-3.7252301933616296	7.743044622644579	0.28013646716501617	-0.4268894609303211	-1.3808872376991548	-2.303971769979977	2.42500454446805	-1.3756835016540048	-2.165289360519721	-1.1662563110255784	-0.8737501465847137	-0.4988723368145507	-0.9009952512193541	0.530406033769479	-1.7063790357511044	-1.3545378446951224	0.8631512531806862	0.8179573481588552	0.6077049314896686	-0.31113211692171266	1.0905699859635396	1.0573544296478472	-0.9715596305443497	3.1705835206288224	1.8061336932602485	3.396009170928392	-2.792876393545366	-3.6179842147539794	0.48924425840921343	-0.11707629413103547	1.9959055938004882	-1.902256730912144	-0.8497386931887136	0.575047341728679	-3.395680045828722	0.5078117276344868	0.8895955033715622	2.204335239864208	-0.2471021781502865	-2.063155587062424	-2.120499438164431	1.2723923967743223	-0.3477343488516318	2.44963859769626	1.063838712611127	-0.6757264437642897	-0.014888061769589383	-0.7218455581054104	3.861254657711092	-0.44026079077065855	2.3439643469496847	-1.8118177323775548	1.8652558458750215	-1.697699423533867	2.6116674933553905	0.04985072065863533	-0.8688259325036058	0.5930081935945342	3.1370698353546613	0.1375747633438631	0.46766813116656974	-1.4005491563009587	0.3330767974366296
DTXSID1024124	6.724539247561235	1.1068014090944638	-6.855613630249152	-0.32890309649046	6.568298555384686	-2.2484209420130177	5.290433486285203	2.3114657565169816	0.7439158437398791	-2.255491586243811	-3.740974101729215	-0.9476414134988151	0.7221740099430886	1.245188252783013	0.15410575123535936	-2.0818846815733885	1.181970698534649	0.1806633154739991	-0.4966631739989807	-1.104862240005521	-0.7111641382301087	-2.013095491510542	-2.6201651911303223	0.24694607277581662	1.0137890392457416	-0.10859426988537595	0.9361075776264336	5.009453356825726	0.347931518324453	0.15891944038510017	-1.4190147064486551	-2.124883007286175	3.9443575312966197	3.878086278759864	1.4199849460049776	1.7814333485686202	-1.0726149502578788	-0.9254527547360957	-0.12289713913565228	-0.8533652812120178	4.1348437756016	-0.7741592473416349	-2.2627778438063295	2.9583042271439695	-0.8056430921006146	0.39871778984871975	-2.4505766577888495	1.6405068034828953	-1.6253231739720917	-3.791086160315597	-0.1960461170684324	-0.05009471913586387	-1.7738528502309674	3.5615423361104477	0.5683936269023228	-2.1665289081995307	-1.0274857068268461	-2.3115240348015473	1.225224441697727	2.772696638293042	0.9259150226533751	-2.493682893916509	-0.43630750840920374	-1.1150223974420477	1.8003944885931062	-0.9118187124140702	1.7374395237749485	-0.9208434709673897	2.1907645568088805	-0.7421971202783132	1.698243286281018	-1.824165591875499	1.5457879555163927	1.330886088053644	-1.981141954917881	-1.6279732229523376	0.43138124824287305	-1.1954419523572146	0.3020595250514753	0.12126274455789865	-0.19416754420272203	2.242967875539603	-0.4693457643276524	0.008539159410352302	0.7940119073787815	-0.2576525116406541	-1.5914385071624424	0.5062005210751912	1.3023812210591632	1.3761221641507926	-0.6692773495333904	1.1717882022588766	1.9072101897895761	-1.4997181889318998	-0.6093941237587972	-0.2760610339310686	0.5674483425836591	0.017269383521524326	0.006149833330931324	0.16445978766256206
DTXSID7046095	22.5930426504932	-2.594481498128514	-2.345962133199461	-2.2323549859687826	11.737881101072352	-8.666132528835616	-1.8896666850395345	6.335011774016228	0.5777674673281779	2.9259545784692467	-0.7953303986787952	-1.7839548028399486	5.7227731963572905	-2.0049790097683777	-0.5807659962581693	2.8055272391998485	0.4987002659020295	1.6423033445268689	-1.0394045167615427	-2.5191893529189393	-0.6451584397257762	-0.3390656188413438	-0.905044499634435	-1.0150057438810043	-1.0026810145846696	-0.216101522503086	-1.3374170102806469	-2.6938232862360594	-0.5028694596562763	-0.515668742146057	-3.8161737446199018	0.2687823141733781	-0.5940254684583803	1.918342738632208	2.3754195759474066	1.406420150111903	0.5600475675141221	-0.6512859298263204	-0.8628124471440431	-0.9410239834365028	1.0029511690056194	1.604539045388013	-1.9872347464758668	0.856481080137927	0.28456040838687585	0.5342882080353433	-2.479713830779841	-1.700723228836211	0.6850829043429029	0.9947443749445424	0.41759602393217454	-0.7683352100711752	-0.22402182483667404	0.6675519191002608	-1.1781278647395566	1.7295097873856826	0.2878770574573902	1.8290321988155187	-0.7000875592155008	1.741022344300024	-1.7301921010074477	1.6624116564775748	0.8416938248123712	-0.49915635420366355	-1.6582535644405134	-0.7322999773732265	-3.3074663283330143	2.320598445753368	2.566546587912054	2.1423726113174286	-0.09260343532042363	1.4731903220967661	-0.18697742928649916	4.179747719404425	1.3191802500638994	-2.977815540690909	-2.720687249376221	-0.17459821401477293	0.4104671589137579	-4.811388213623786	0.4503389295399594	-1.968482718251212	0.41700077150942244	1.3692614694238001	-1.9460386142121535	0.8492481731971628	-0.4692078041665581	-0.5441986200032426	-1.899823111002306	-0.21539472905551008	-0.8809174250796373	-0.30950335073366597	3.147127863584169	-1.1293199036733823	0.6332317280799354	-0.256716794156236	0.23165904012028893	-0.1322563599370966	0.9223210804708257	-3.1096921853450934
DTXSID5046699	-1.0387679130893623	0.5506153151545458	0.036102612208745236	-0.027285174828423266	-1.7961773719507124	0.6476559751814979	0.11166542890646698	2.190073333703175	-0.3936501896569572	0.5813362213966953	0.24162220130619563	0.04873048576074002	0.6576571108565742	0.19452425098945836	0.15053904961583656	0.8509816713752344	0.21679161389065554	0.7181882417268819	-0.48623793956661404	-1.5963466125799943	0.33552724821030705	-0.8649398025587189	1.478935060256577	0.5380749342233292	-0.35226210090759263	0.855452231396868	0.6498485084128555	-0.545164882835232	0.5599751699914325	-0.8285808972178177	-0.45635304071277516	-0.3971796737648944	-0.5852715783829302	-0.6384358828095059	0.33181314793473266	0.6425991887964494	0.03507906333581715	0.736477171121007	-0.7987120547920669	-0.19679962793252317	0.48806171242543106	0.25985890481494006	-0.09756487199131689	0.27600001869270857	-0.5275037964055602	0.3445944813923994	0.1581854758090399	-0.5100175429452879	-0.07852453294926887	-0.21800417570824646	0.07303628103094716	0.11813545572812773	0.2827301436104321	-0.032816117385405644	-0.3392829759236555	-0.7237246595242285	0.19022204943953672	0.32052025349483204	-0.43390592901285646	-0.13123123062803538	-0.09382593520358562	-0.0969194687308084	-0.14882587693710908	0.11049506043117788	-0.4160459728320023	-0.03203572639701828	-0.22655392158684992	0.4212024026503061	0.15806124713696176	0.46403285529686333	-0.06810918289941505	-0.7644005982263269	1.0958263870161336	-0.047658902550060604	0.6188834269305769	1.3768810404837104	0.5713163011438516	0.24828754716214263	0.3814052569353324	-0.39562978495668	0.2903874666923828	-0.12755855825317455	-0.0050405974495660675	0.056359781456219844	-0.461098724055842	-0.0605339030994813	0.33970000948009343	0.10629782326661756	-0.7838005482671395	0.26956794037195064	1.0312946251591055	0.7203886324176492	0.18857468160860782	-0.2714780379799761	0.37025954018472923	-0.029306972741556712	-0.20402049417713827	0.32385130431088627	-0.14869767140910908	-0.4937885623241327
DTXSID0046640	8.38015452007627	4.108319551173847	-0.1931101533758575	0.9882298055514285	2.8598968431728373	-1.3716046703439297	-1.041598762840901	4.2833470992661065	-0.27710158793486234	-1.9372804367108276	2.3736270651244924	-0.24929727269721147	0.7871983296630626	0.12187159380991545	3.321187720649958	-0.19775077893338683	0.4701554808994869	-0.35998131752165435	-2.2409933815854948	1.3636979389949544	0.9353798915432647	-0.3267778097416454	2.275010008739655	-0.764451454082265	0.3288879431502145	4.823586214570064	-1.8740668509077412	-0.3388958716380265	-4.442936873926284	1.9178662501463413	0.2924742071641165	-2.5004110837415476	-2.6228219910782977	0.014196266589051472	0.08665738977123527	1.4876744693382098	0.7041122608465294	-3.534612872313177	-0.635428912534747	-0.6698664932608835	0.06254176053475231	0.5003254304235585	1.118931333415942	1.4482117087568462	-1.5335815044098018	3.419967622504653	0.9311137686443176	-0.4343354328728836	-0.2803088991224951	0.5904006742253157	-0.36276965656150884	0.5125174580512335	0.5003953835755621	-0.24257108086858553	0.5321110845598126	-1.6235286283319512	-1.7483240755345988	-0.816451697270577	-3.372414504458136	-1.0359423332680635	-0.9497786892989727	1.8204003443441654	1.1291625141360306	1.2168051700736542	-1.6769651514988286	1.3970357087949903	-3.464351138090884	-0.013985365448782393	-1.2342369949866778	1.4471352915871092	-1.1169658969721838	-3.4481141701177926	-3.0220566579878922	0.6719745349943205	-1.2776934324750007	-2.543357072270963	0.8272049232027585	-1.399881924188639	1.8267713800918228	1.0170772038917772	1.4056634788797566	0.6067335388209906	1.3289637758764745	-0.07363296705264241	-1.8594202702305007	3.334438440395758	-1.7652849506315484	1.180385047542004	-1.5554836884980197	0.42556661856765426	-1.6688024132638528	1.8644217186000487	-0.5604477822570595	0.406294592606293	-0.5724157798365893	1.1991462569236795	0.6534191615108519	0.5511961401188663	-0.3690666950866349	-0.8929882907303536
DTXSID9048855	0.5585934380469192	-3.3660287163566904	0.2150805443883673	2.155689457610181	3.0352774609968773	-2.0965829517221377	1.7773236256081066	3.1788665494942903	3.8332344451909655	-1.0421370020535548	-2.0079619753330933	-0.6255988718289353	0.2844814771156894	-0.7447157240830556	4.021512182545229	-1.2140277776508324	-2.283463123887152	-1.1175257393407536	-0.24532163180002214	4.796435129682487	2.859771625438257	-0.17926297676210434	1.9633975103743542	0.7405235155085367	-0.16786171574816544	0.5348371846338665	-1.4431674222212028	-1.48795565658427	-1.2048214260432704	0.07913518567634319	-0.05363324765717092	-0.9465419558733189	-1.5485538636954312	-1.0167906901912207	1.639819552360604	0.4257157302945712	1.8572603609134999	-0.7094081407993149	0.2821497996551238	-0.7827157799815667	0.9131120595333174	0.8937926644334718	-1.2338579149043096	1.1665686871257293	0.823280457052935	0.13160559813007341	0.48044807855778054	-0.43197168041390793	0.2487851910171033	0.5395920115503536	0.4053979831076485	0.658599315126557	-0.3552348642115875	0.3982196731282454	0.44879441677572457	-1.9406145763041225	-0.5433102938027649	0.37364572372392063	-0.08133149189214188	1.6320171978795583	-0.31773433011561575	2.201447754577732	-1.712225339101452	0.6153326296572043	-1.1024825461970438	-0.49072206991246065	0.7966635494614707	0.7952554447895744	0.17288419725189097	-0.6742444808811349	1.8840954943062787	0.8219693080307549	-0.5402915498319206	-0.4730224934466203	-0.026757637799492355	-0.7967539693979996	-1.1429583845637061	-0.8141911722538452	0.9121140715498728	-0.05457201200280954	0.9915493476599049	-0.6890612334054621	0.15374367858850116	1.205007864648646	-1.1315637754647554	0.9082319401007001	-0.23490816724867325	0.6302821182375324	-0.2491621886057826	-0.2353589373114217	-0.04813945742689075	0.6213120834605985	0.4290504908470247	-0.49486542376776943	-0.1859755917456608	1.0518584032233	0.6702395751448257	0.5343786159891164	0.1540388125258465	-0.19967177251209467
DTXSID9046445	2.64418103641268	1.831648272249049	-3.395592317319785	3.2695882646716057	3.3939611212850815	-1.1291475917564682	2.2986488617461425	0.11178805479891354	-0.44998401964746637	2.069293288785186	-1.0023793229628617	2.823889054233831	2.8887534251519313	2.248634585469115	2.8457024398383037	7.445772672213705	9.159683906450008	-6.630067924517708	1.017447106329155	4.11856071393371	-2.315476109831168	-2.099126109390337	0.15735147057157978	-1.0462936883037126	-1.4076576467010709	-1.1227361889487861	-2.0420973271306906	-0.1977240992836762	0.5692120951176103	-1.511145722013813	4.589798322601606	3.967377918986498	-4.456457558012451	2.8912658963615625	-2.825326050994356	2.703376137988401	-3.240461262099468	-3.5474347978675533	5.5355995519537124	2.305026199715393	6.447682446671172	4.160064442111997	-3.195416502065186	-3.7663994812458066	3.0018559787107297	-2.5130976466337756	-1.5723045577112962	-3.3828149415651394	1.0091702871797443	-2.788615685193558	-0.7145929209212327	-5.789138728074996	1.2753074575247765	-5.079027572543883	-0.7380381914239144	-1.5277286606634246	1.9128753391236257	3.995120795704608	-0.2554126062676776	3.2976780411103297	-3.4849541629657654	2.3117406975070907	2.3082668317051276	1.3627961015946182	11.547179281207457	0.44293491021428033	4.950323158826298	5.954232653462809	-0.5245016580119539	4.479939868980541	-1.6354602695988112	-3.677100639605408	-3.1861077655333645	-1.14835707064035	0.09909002169802883	1.4381754760248917	-0.7795247769827416	-4.32690689969192	0.011494294668918999	-2.108982190241555	1.8759163701969088	-0.7165000330634514	1.1849104289269792	1.0270568151921473	-0.6889070287023347	0.20389028517025223	0.21657847151777274	0.305057273789272	0.11834210096116879	0.2678601607350408	1.1692316965996772	-0.28023460117616916	0.9617416431157747	0.31921536311286713	-0.3413874611616022	-0.06508977535128148	0.7798613773103712	0.4962032037680678	1.106969513345794	-0.32475622802960447
DTXSID5047116	-2.5179104732515154	-2.9272902765785576	3.3978419498058847	1.3200591282223528	-0.7964783556115245	0.5624769608461988	0.3052103385856269	-1.1825469253437297	0.3496694519541606	1.0372000326031656	-0.3148538605631688	-0.07394054454937421	0.40823600759700335	-0.13098914891635094	0.7508952869088898	-0.018787333747590285	0.5948036640501233	0.6710658460753791	0.08656356975743885	-1.105678804478531	-0.003966573481776467	-0.5403510685420008	0.07197278655877666	0.2686458836676705	-0.33553445181651637	-0.2854927730939989	-0.5481356007246941	-0.21670982049087967	0.2917342556417925	-0.4184080876851738	0.042291019608443475	-0.10019483041434808	-0.19989972341072945	-0.4556004537090856	-0.15616783801047524	0.5045183684205208	0.09992531728922013	0.3418990628607972	-0.09087043470867559	0.21582720395158142	-0.04179750148523733	0.10059071416454558	-0.2228063603958891	-0.004945696770676616	-0.31976759477102956	0.1443339455957468	-0.2618522445136909	-0.08831994865976704	0.15623438277024412	0.08541221538849282	0.01978852160210475	-0.013421597239974525	-0.02956979275166344	-0.014353994698536016	-0.185653954998255	-0.09711663062320278	0.19855297344379327	-0.015612020413117756	-0.09164490719727941	0.32374464891757093	-0.07813464188843315	-0.10657356089959605	0.3070899239409247	-0.38268406090952856	-0.24158107265374634	-0.045531076357760075	0.18752837737193687	-0.13097873293929402	-0.1960638448683216	0.05480963829097746	0.18146924482941018	-0.20417860184384048	-0.06053730125304138	0.25395358412037705	-0.16433928747859958	0.12727556246426902	0.39036984630590027	0.1990959467874967	0.016021097289433343	-0.39372515104053213	0.06625368591058563	-0.6159681998094443	-0.2555264823496875	-0.15901977706772255	0.03226535002354838	0.19041033951551942	-0.06367042556123359	-0.049906663161274394	-0.6655008483489059	0.0852328942528445	-0.32335274614641746	0.3420611765614242	0.1244570957963956	0.25796149036351573	0.043001883537524835	-0.15101107086602047	-0.28125097053056614	-0.18021059751457785	-0.673242308616561	-0.02675266718855588
DTXSID2046836	-0.9434117820900286	0.2167249556496308	-1.5250345538000112	1.0878408908322497	-2.6561141372352934	-0.05040392781102294	-2.3265251032007717	-0.9907898747521835	-1.4393623277269376	-0.08432808358031414	-3.596970868801476	-0.6473628547233105	4.231286988964445	0.35837132807129274	1.5496254605112847	0.8350141632737044	-1.910337987014866	0.46592421916358484	-0.621618366779132	-0.7013590724062986	0.1972694734634308	0.3513770893829534	1.4277945675591752	-0.10908942190119564	-0.5518172801575694	1.1988852503192864	1.1256495334535024	0.6395237580707436	0.16170182888170573	-1.9374252051510508	-1.3076965027218128	0.11257407603298654	0.5111124775011254	0.6313686801056477	-0.42439626457852114	-0.5337682245434868	-2.0928813720887356	0.6013928113973349	-2.111751955017568	0.30043175118602516	1.411883237512253	0.8664141498835054	0.5474037209453563	-0.3812331744828516	0.13721107142398598	0.7272280804908365	0.2573421515934048	-0.4842184463821825	-0.026081918855451983	-0.6897954828217056	-0.28524032205671357	-0.8612542542444392	0.562416727809791	0.39267251805142045	-0.5746849591735024	0.35596507349041234	0.31814159161555433	1.8840731276051572	-1.47038861494486	-0.7332416449119328	-0.3722797492294234	-0.9964898056547133	-0.10964616679788038	0.003840528417033919	-0.235727902548251	-0.36014320835389163	-1.372522908285787	-0.321216725332636	-0.10081594491158483	-0.7745025668057699	1.1256232660194028	0.2226725320250679	0.3925155619267347	-1.7123825564369501	0.781072551243029	-0.5824175541820787	0.4625017311488743	-1.662991800797778	-0.402074343061656	-0.022589634978468994	0.03488597680042293	0.007477602892381786	-0.5846157975535484	0.5866598260313692	0.24780117147360775	1.1039956367141635	1.06910531271225	-0.03780807585239631	-0.2721283084942015	0.2881457032270853	1.164022139264189	-0.7075043921756848	-0.6527899097675698	-0.6953426515737952	0.04301181023798333	0.14393996289100733	-0.21285691696762796	0.2500269319009109	-0.187025463993567	-0.18396692168614212
DTXSID4045767	3.864439503362064	1.4779036384531599	-2.683115580974962	0.743687553240891	2.2366730185790944	-1.9960705791448519	6.495650960666436	0.34331633077148155	-2.628840717931505	-1.8076627691733091	-0.35800862615819457	0.18246425796841848	-0.08378496864918089	2.444039405235031	0.03675461126534241	-0.2966712532562226	0.18914391493167587	-1.574577765490527	-0.8471467963721265	0.5707124930900677	-2.0490171786908724	-0.6983459491411703	1.4478351828074676	-1.2344408988977353	0.7990815327249596	-2.529021541131153	-1.826665607137641	1.9840976977282234	2.559754754225857	-2.5367512451824803	2.1681477252224233	1.8097522092255112	-2.6106874182863926	1.795342794276383	-1.7698583639063306	2.565263825732784	-0.25306894763019416	-1.4135946210610135	1.5180458974985513	0.40362504133933175	2.0108778373743634	1.0544929322088263	-0.4732412900302072	-1.9949994596792193	0.28798013549372214	0.2736169376894962	0.027800295915596508	-1.8769645912428814	1.2121011475268884	-1.0789250585278214	-0.46755420387113694	-2.594174441514444	0.97740829142223	-3.1857208350166637	0.4548111470072116	-1.5669144713649574	0.17450858477645617	1.3259696636550922	-0.8592796784965545	0.901884017309716	-2.4532961947478573	1.5161736326400785	3.3602669008482944	0.02175489525118001	5.274849198918645	0.35512037929208085	3.1494878641249064	1.6975215979959524	0.6226940510261456	2.9984742642771676	0.02666167150150756	-1.8412660120502313	-0.8949579310604082	-0.24619036014350903	0.20370583464343583	1.5045916460383226	-0.9269344272909296	-0.9286257944142008	0.4530741004244703	-2.0066535470277262	0.607806102970656	0.5245477818520505	-1.3228352991453503	0.1088088978136981	0.42362720063133896	-0.09529571216355887	0.30386293151306737	-0.39012127866997076	0.4500961591404392	0.9995390031336421	0.9194156731571602	0.6747267149748275	-0.8052265886811045	0.1690838688427808	0.3692168374881828	0.004112864104210705	0.14028269591158593	-0.1423242885067543	-0.1252018493775582	0.18670408528158444
DTXSID8049258	-2.608328690202128	-0.4148193686905109	0.6073966988101758	-0.218138106616081	-0.5784138043697717	-0.7479957251793589	2.65261783155621	-1.9772533060206812	-0.4450265366662203	-1.0509686393018558	-0.06160542664144515	-1.000450426150528	-0.6338058826988022	-1.2250824766089674	0.6095414877162645	-0.17546162411194027	-0.29829899884178823	-0.3784225392664933	-1.363822343735058	0.3362451660181147	-1.7153358069550464	-1.3121183224183692	1.6850931282421564	0.12288600177886773	1.1347052073942678	-2.5310190476600516	0.4940764332626631	-0.7273455181433657	0.538925474981148	0.0660998992912619	0.6191882682134499	-0.40180132368683125	1.2901116525379117	0.4304860245044289	0.7657053293012946	-0.3095525260249614	-0.404590131285452	0.8020687415750278	-0.45723712866727906	0.1475340426374577	0.0570208533949645	-0.8372355822721869	0.8613413835204156	0.7288201615116797	-1.3748682084961745	0.2857586530362278	0.6816729217809147	0.035689071731871684	0.7493344209988743	0.6846216260812347	0.37422902747984155	-0.02093502101693656	0.28800760061689845	-0.3239177208508355	0.3177990752763641	-0.04352898004209674	0.2726342029116231	-0.7054034918695721	0.07621317498732123	-0.9860770083253699	-0.17227278512279776	-0.47546312827171194	0.4768161196418938	-0.7901081515417978	0.1787927371729339	0.0381407483902215	0.0006710778981181991	1.6970356440703442	0.08199084584591584	0.7418789907572396	-0.48431252133471125	0.3256897356631363	-0.12422571244306496	-0.3065732841881026	-0.023371865790228614	0.6587468935888879	0.37373858176057423	0.3945332911897433	-0.26673790925097995	0.5028035254772011	1.0918785374368238	-0.08290099552212563	0.6004634013618982	0.20900760122737053	-0.6765969738660866	-0.5304916246584888	0.5650241520270677	0.08471359646341578	0.2594246000941055	-0.3931565300972804	-0.5639267795409476	0.6379130368226322	0.36202058630738826	0.5563293446579016	-0.3299571141215948	0.9403296911994338	0.21745565905229924	0.025829167453504977	-0.0304105433490185	0.40389358103010176
DTXSID4047333	7.469108683373537	2.254596615527496	0.20167824240895554	0.820047748265197	1.782455981260793	-4.372748789974659	6.083903056886412	-1.2364803964083888	-2.0732761973554	-1.077320981155149	3.025724078350904	-0.9787698564027569	2.3532410413534985	-0.26774198709193203	2.032123726470797	-2.2359552579768613	0.34375388935490186	0.3997650439048471	-0.9099813623876772	0.06831315153027868	-2.518921044023423	-0.24289629214561076	1.43669929060378	-0.8574896845225021	2.883812112038927	-1.4563035661153418	-0.5032033193588811	-0.796642288362046	1.029839514548258	-0.3484728903298372	-0.36662773083994504	-0.3312409797717411	0.1512516021126113	-0.38856707918234196	1.3878925267863964	0.3041593052525003	0.3123028153808521	0.6630373883765476	-0.16687712588356673	0.6430105054221914	-0.0720451479993754	-0.7055744268564846	0.46016170274238016	0.562421283450564	-0.1291089508252876	0.11989573147828339	0.5749112163888862	0.43939986462032216	0.6719320493827275	0.606748576161899	0.06374548026167297	0.10601489993041262	0.42521558702628126	-0.8726083085109213	0.38974714120452136	-1.097036980118728	-0.038626898080982026	-1.4211714250139005	0.4606098354374549	-0.4136301493394177	-0.4585941931533836	-0.9707753665130403	-0.26888924552028176	-0.7438229104336449	0.02208024212671425	-0.14966639664756926	0.5721173608249005	1.219316461115954	0.19298929542900262	-0.6623647074722289	0.8253824191788829	0.503756460235036	-1.2303279890612784	0.7084323687374823	-0.43540823050672506	-0.04720717987325023	0.7981173603501363	-1.659499420437495	-0.04612227966541971	-0.06894998549358998	-2.077967328206027	0.642568212234759	-1.165492309794138	-0.9064042168728836	0.8121112027741797	-0.576264247512982	0.9973017536207114	1.6367073929142244	1.3752109966036923	0.04659024960470296	-0.4845190680851754	0.5418019102935425	-0.9873623174664224	0.5195571902045667	-0.060017198265252134	0.054526790785722916	-0.11471408726961291	-0.40629318440030326	0.5605378524186219	-0.10718075045267812
DTXSID9037616	-2.076307560696941	-1.5131448762850184	-3.5069267296504774	1.70929900635595	1.5997846974772403	-1.923835329336289	5.073918811566607	-1.5396045937328946	-1.268820109300907	-0.08572034949671666	0.3282983292744252	-1.0815953265355382	0.283643765913032	-0.6737365281451536	-1.9830737952724173	0.9912034962268358	-1.5299088806229975	0.8946688673908753	2.3276065198266096	-1.4963180444795416	2.0330704149426237	0.8260761084924673	-0.38132713591425527	-0.422649758171392	-0.24767080165349195	0.7896136511837988	-0.8248909218890573	-1.3991042248280041	-0.6240579909241611	0.19519331752775884	-0.15658564152166796	-0.04674266096832194	-0.18582981486568728	-0.033497507905893495	-0.4356977165864173	-0.32247217933017147	0.02019751829141245	-0.9255555283574299	-1.3860190353626591	0.1495643168970845	0.675148762771713	-0.3954494224620081	0.3118718444218425	-1.0038390206399448	0.020940996831571315	-1.0000003169247433	-0.8214018667136662	0.2240431528759876	-0.19881093808505138	-0.5273106844540677	-0.4604739072273742	-0.7532155430802905	-0.22488943338821954	-0.36419424877583817	-0.1300692401905359	0.02727569342635823	0.5050696777420843	0.2946346323745066	0.2672131151220587	-0.26073472254878804	-0.14917584143288234	-0.3283928641635952	-0.3446475447194911	0.6149831159627759	0.5451346096663722	0.29874977011092724	-0.7162035263459113	0.25371217660196344	0.15037716452613872	-0.10396147739306252	1.0229285070728547	-0.717524130513381	1.050214045679412	0.4197018607098135	-0.6853022895341248	0.18450338450760487	0.22215114978898626	0.61057938218553	0.6013121005460758	0.2149201145654829	0.44074310613713996	0.10677425104733254	-0.1783554353953268	-1.0518641984898542	0.788506410792455	-0.44424886204048486	-0.8661813396679213	0.035520310187841755	0.2061822849867888	0.5669241312246132	-1.412787608897158	0.438046077086946	0.22147724326358728	0.3324949272475468	-0.08285850502849611	-0.3826676006375806	0.40576683590085794	0.032063733902906344	-0.4877925736265337	0.47018846633921535
DTXSID8025258	4.586179254199168	8.129811678872905	-3.1213942658604137	2.8755680001875654	-2.7705787355966938	-1.3382045010116532	1.8245190387566643	-2.3299855743326665	0.536611395162541	5.124754863578007	1.3174550413709596	-2.6259117806375505	-2.543363431027019	0.4559886309068224	-0.9773676865742257	-1.969909873535411	-2.1539790628880326	-1.7365472218311628	0.4786151072074294	1.2564469931032511	-2.4118876750468665	0.16352048694515015	-0.021430010428961824	-1.393910727993119	-0.11059928383257871	-0.8038432755745708	-1.0026739192542156	-0.05288193796867724	-0.6590621734453479	-0.05997053257382528	1.0620919855024458	0.731815187102777	1.476047472879705	0.3058777661567768	0.010616049300656185	-2.232743856671942	1.1260301668020856	1.5345877768593934	0.9318572139738286	-0.06796165741457807	0.29592887811081126	0.7349434264763087	0.9166852991385455	1.5898690930176496	-0.44103260068657335	0.9166281857468372	-0.11854408280219655	0.041328695640044474	0.8110898960922137	0.9280509406375889	0.7542767493296968	0.2103440043242508	0.18096756853917	0.2616358127897035	-0.3588067264849853	-0.010572344651888901	1.1854510283474815	-0.6335555672415221	0.313092929341202	-0.5071235854665518	0.3726898950835213	1.1987862811604746	-0.39118869333565087	-1.944672641283878	0.2176605491703626	-0.5378297815517139	-0.09827278153562531	0.4481902140765098	0.6991799516173917	3.1689908886321576	-0.28001166957200685	0.0014630234357930535	-1.1751675163218038	0.16219822976215784	0.8771163885886264	-0.9456030956072177	-1.7146535837357841	-0.5456542127452161	-0.16364999137608643	-1.831085783577193	-0.571012584784124	0.150409188696505	0.759377184454037	0.6112506773125527	-1.1499504484489482	-0.21335503253491425	0.4050010264089739	-0.6865026172196487	-0.49394901798134144	-1.0502945954483098	-0.628847602146963	-0.18949973137452786	0.0023344336817784053	0.04705804024556135	-1.0959899733712533	1.0307658673859725	0.18499814420429517	0.02527416410048937	-0.5307902366585144	1.0607297378303489
DTXSID0021915	2.041294412309297	-1.5806084684010584	3.1975578796789295	-3.8250236544707796	1.3709377789017998	-3.5185000681375906	-1.5461584108811153	1.0919468541150987	-0.6667267763857986	-1.1828479635533484	-0.5313196927478478	0.7947819322947115	-0.5995439393269251	1.9743191430847982	-1.726194929465627	0.06943951501347714	-0.9135921756412461	-0.9089117392539202	1.2777780603646784	-0.16130383992101302	0.011359004475028793	0.8751500837494048	-0.437273836383967	-1.0474280769745123	1.1409571115857842	0.5150695071288391	-1.2028793081247464	0.00731969017234689	0.37476379002446353	-0.6975433448671845	-0.5246532806885901	-0.4185865557152855	-0.9509840487189131	-0.5948526094533191	0.908292681645462	0.27833361834770237	0.5684621990455613	0.5533125130839148	0.3534441003573086	0.7439454003370071	-0.12333679366904468	-0.4543728438882086	0.28796694635797976	-0.07750738043252287	0.19151299945961547	-0.11860984958440768	-0.31557991136401686	0.3624851471614429	0.2789641068602454	0.3740535913151991	0.01874204884951913	0.1650058728453556	0.27896800833560403	-0.46667900906063164	0.19489879835860197	-0.3195717731912815	-0.5057519112457943	-0.29245206914843946	0.7444776717345726	0.16100877362401958	-0.2864313180631758	0.1735896005939526	0.2802825072118368	0.37450591377715603	0.17467204241068274	-0.7109080584553499	0.9302654948228086	-0.686298954982107	0.2559336971930232	0.37958397118556064	0.9309803467473475	0.1655693963437433	-0.27219102608203877	0.2671879522084965	-1.038472161098374	0.256502066241019	-0.20519368773774418	-0.09655950624032138	-0.29197119789174686	0.46902734749208286	-0.437597220372174	-0.5201931580989679	0.2217180721227405	-0.2092420754562119	-0.34116077217836116	0.09663806765827976	0.63653554581709	0.6456391498647074	0.15575208165982204	0.03794454788895452	0.9344141189275031	0.7272225098220512	-0.30032204853180194	-0.6168415829457904	-0.42889943379787615	0.05279101194318307	0.11460614904672974	0.0033421453462370164	-0.12745551428089502	0.46271175971525735
DTXSID8045771	8.482452230857744	2.64947265654	-6.943769776817065	0.03715308850715118	4.912511918586095	-3.98890996227153	-0.7037682193553553	0.9426611843827234	-2.701822010214201	2.4642517929037613	5.322824031453066	-2.810152511063582	2.4317011152232966	2.8558829102644863	1.3348268778148296	-3.0151767313413376	0.832034753368465	0.268451156280292	0.28157585101177945	0.6425183663532137	-0.562486327321531	0.06539574688420711	0.4598016379312447	0.1112872631785051	1.2523896356548654	-1.2031448625176238	-0.048314776297471496	-0.12452259673942714	0.32674052891928607	0.40729633911959223	0.5755740717521831	1.1705748598574395	0.5721596096702746	-0.2633205426646949	-0.5550529204338404	-0.2230263539552403	0.45525297005618864	-0.2476405712982555	-0.7416027526656516	0.06420467708834512	-0.027629185069385078	-0.5429740853249202	0.15275730003560634	1.3252332840970624	0.0024024316299573593	0.11954502008622304	1.2460923685731182	0.4002670747777435	0.6490911699182152	0.777480726285273	-0.24288412776809049	-0.1872797569669508	0.08212065276985515	-0.4806289748757606	0.20243613812936467	-0.48515655512683276	0.15204558164930015	-2.0366084238191413	-1.2681916716491686	-0.07670081307870928	-1.0700986546077738	-2.1260573612682347	1.1707112863577003	0.3612888207523807	-0.5624489863633054	-1.6910564078556751	-0.3848430280621819	0.31915826030269023	0.40342110551185306	0.3925193215352284	-0.47407248900034293	0.43919282364467255	-0.24172680576797947	0.3288246161514553	-0.72651255185128	0.9322461988771191	-0.6324094713870967	-0.7475148448916699	-1.2502942784707243	-1.224105440702744	0.12860719011785138	-0.279158790581502	-0.405082874253726	0.32809454892211587	1.369781830070881	0.07853990277254916	-0.6352324858086296	-0.5266633541737655	-1.8543206906390646	1.0100896022252843	-0.6461957483912094	-0.44852047656536376	-1.2486798603639528	1.8286584637356063	0.047647137431766975	1.2924363563558894	0.031833324941363046	0.3404385182557028	0.5998257359482488	-0.7429320610309951
DTXSID6027509	-5.362186932800551	-3.49206764932287	-0.06997102487418544	-0.8961115621714878	0.681753566853109	0.05176360988254707	-0.4851919171029442	0.7500363906482472	-0.857958260334832	-1.4419086942650745	-0.8675849258108577	0.3945554207032533	-0.8008892456524446	2.2182538523682216	0.12603344404694555	-0.05444836868671731	-0.19861534631033673	-0.7609627127128961	0.7332293339149891	-1.1147561751505228	0.46040320401981083	-0.2950649744592981	0.5320646320215496	-0.9093582530983028	0.11969232785613822	-0.10654948952369708	-0.9450481866108194	2.0975248941783637	-0.5899146998508309	-0.11127293847343828	0.9185199449571831	0.06560864581906176	1.080612462197989	0.17708636383928472	0.3269200439950024	0.09238061482392369	0.10448198887710804	-1.2562861703864796	0.8920579076882836	-1.3955793808577277	-0.03473024508298044	4.198172808074839	-0.3799233363186736	-0.2506962232464621	-2.9955963805701367	-3.678686011311117	2.119182732259319	0.5872461173516046	0.719230769043106	1.244717717651798	0.40832213769730885	1.5592089609542366	-1.388001795498811	1.0930583004553638	0.24334705052741937	0.8548283704649307	-0.6703034703060265	-0.628138488115272	-0.015124251634910825	-0.13592084730556836	0.7420182748354747	-0.01726385306256142	-0.23710844784553448	-0.8416213910658362	0.7620273727756598	-0.06551910176802338	0.2703741564890631	-0.08516884856240367	0.8657230312437185	-0.142655337035702	0.049404793763225666	-0.26816562685229656	0.22870690623477613	-0.043992821910694306	0.4974319088122042	-0.3450926653252681	0.44311990789230704	-0.2668647273474931	-0.21896649700770535	-0.19249768056518668	0.10007499535689285	0.15043176866450958	-0.21722316036293057	0.04162354657288622	0.14689504215380828	-0.14666423858417516	0.05412544729123628	0.1586762766530628	-0.46292834825530244	0.389473513821396	0.23022073698868947	0.6522481201812576	0.16818478059669584	-0.23771910401662988	0.5278425511361036	-0.06685447766585056	-0.12691153268672678	-0.1424366184985015	-0.5476471568397215	0.25180879408985923
DTXSID3046908	6.564001631552855	4.950955826610611	-2.7107861602869088	0.1353131099558736	-2.6985687977273707	2.3506212707013465	-4.149058907968238	0.6572002906482384	-5.486632597899587	0.6245816420343588	-2.723915421936593	-1.114601285271529	5.870591272124078	0.5178300662141876	1.6222451382119072	-1.9476453269794718	-0.25955649546096293	0.1379705592791075	0.8100489260605667	-0.6266417013166333	-0.2095701413624437	0.06488507414426994	1.2967132566270616	0.21879674219613535	0.45000198516706097	0.2996615072006649	-0.44100192290050716	-0.8138609277665001	-1.1446913677913564	0.8898415223642023	-1.1188290305074724	-0.17558555459306124	0.6609596597602441	1.6055230527288442	1.0210931605366658	-1.2821270548386305	1.2152648484787492	-1.0525511754644903	0.1018310601073398	-0.6428053359430017	-0.16384089083303902	0.3628584405119883	0.043951163618884945	-0.18727030464841365	-0.30987389204508303	-0.656512712268635	-0.41133544047099824	-0.11504157998225926	-0.34405865990737533	0.27535331073251246	-0.010811459060699963	-0.5830909341682022	0.6873414628101819	-0.2753278044182502	0.4447651748027332	0.6659503978897684	1.0781902515933743	-0.9436888890667358	0.09044126157075766	0.6617639441558263	-0.8116269287512229	0.07087700289740449	-0.6087025799416207	-0.47717926687685375	0.38166384177516005	0.29622386342010965	-0.016798314456726096	0.11467470186588696	-2.3527789839604063	-0.3911528728794183	0.31717300040178764	-0.9154373344607427	-0.9988724390015387	0.45690101772685454	-0.4125260786356285	-0.23582612649365686	-1.9749175602201217	0.5877663741391072	-1.9437518078224771	-0.4546299531587178	-1.3805433370404308	-1.8543374164197897	-2.0347211031787804	-0.6145468362930183	1.0510242209226648	1.7676415361357676	-0.8561606461128745	-1.3990106984797508	-0.42237068495157126	-0.16780025539171997	0.18538680615580105	0.14611322446243763	0.2091240733053498	-1.640230799508969	2.9798832235361616	-0.17717214201264955	1.081326357843522	0.98753521294292	-0.008113661846253053	-0.0492851221795486
DTXSID5027279	-3.095035750740929	-3.8961690641238653	-1.7972501039458868	-2.8213515868142247	2.183524596303367	-1.4540555643519235	-4.30687843279144	0.45342838058172824	-3.492648482613047	-0.42693725078114697	4.579669831373768	-2.9099423036935934	0.897826764609914	-1.3561043877402066	2.5342565344461905	-0.6318488361324499	-0.3328505479344377	-0.21639836347684768	0.5216930431187727	0.6357168342830003	-0.9210300842599659	0.81447064984151	-0.8991990741003337	0.008005258030921407	2.1216068533336894	0.3558185308801486	-0.433894227295609	-0.5294956636651814	-0.49502999226761557	0.6126982328602352	-0.259244772188615	1.0389269237631273	0.5555778018921952	0.5555248996467187	0.970354225969552	-0.7976602819192101	0.813292641816937	-0.5672635089128328	1.0606302531895768	0.6960500709993592	-0.8478755930242805	-0.592910960779097	-1.013497164293634	0.13731844668171303	0.3232687644672864	0.04160312655459975	0.31337180768806383	-0.3545576267955291	0.40203084698761155	0.4304142098441876	0.06295617021871182	-0.29736663260239643	0.37017401290231616	-0.3984047763285704	0.7611201841361777	-0.5520681324989131	-0.0018435890788432803	-1.3384506008644101	0.09294455967810239	0.5850269750054916	-0.8067711756699226	-0.742899558376771	0.37061825281292804	0.8193981234568125	0.1618151160622975	-0.4709414531155557	-0.6477161035021642	-0.11780979890680396	-0.4132530909432751	0.06915741968723724	0.7983923015876456	0.23190978106849272	0.28807941873422127	-0.3813790432184942	-0.3648176637486023	0.035495038101039746	0.44379451433789885	-0.6029345465028081	-0.1712107291058955	-0.1521269225613331	-0.053815309612792524	-0.6612861885677473	0.194534604782871	-0.07728426711477396	-0.6445085384912677	0.06357334638432689	0.05056593070060498	-0.42062350386463226	-0.02218063351766583	0.7379793836078998	-0.47457690599482755	-0.5072145056844669	-0.5327882453131191	-0.12609938687856098	-1.1104097456284656	0.07099800445453398	0.089582798199038	-0.66590965793343	-0.4695964352540313	1.2211465950585445
DTXSID1045459	11.98658768637049	-0.8950855388109239	-1.941408445014356	1.9767411878917434	5.270118505296224	-2.846790273155148	-0.7582299211808333	5.094074308344097	0.6920040644311912	-1.75348225292785	-1.2527766449398312	-1.195034681869339	-0.17480257695020351	1.0253012930452878	-0.6201737203633806	-2.7318917136207657	2.519696435959648	-2.3898775433003068	-0.9849181116240806	0.0269746961829019	-0.9654040127897107	1.282266330275732	3.898199743302486	-3.138962362139817	1.7449835100975029	6.828870892477795	-2.845572866327797	-0.3195928721861013	-7.2343885455129975	4.707477505784417	-1.3143990226360032	-4.284811891629616	-0.7607866849345124	2.031549092085745	-1.541256757331372	-0.31848792776072105	-0.5068608066261698	-16.239845769114012	1.5292687165664596	0.5714329870332275	1.1186375196366785	1.8474640992524334	2.999337673221857	2.4884933260282436	-12.113687726063484	30.588345256362746	6.467701048643382	-9.217559600226593	3.8709178488420672	10.858060931208033	-32.9379334479156	4.76042240285395	-17.38109496428292	-6.319981314997556	-18.41497297368692	11.691559565836148	3.3123948229783533	9.585167617616213	21.841434732259813	2.708190121847405	0.7718743471258188	-3.9722251730709193	-2.9348885373910547	-1.4613817105003633	2.9654682518303397	-6.7987649246170045	7.460850049820657	1.8864398860052034	1.4102610940367206	-1.9501302052261063	0.16784597552648858	4.839827374441071	5.773313716037432	1.9762481310365652	1.5200245521705174	1.4823901801958193	-2.383477854376923	-1.2735472615328434	-0.28984936071140777	-0.6688477744273821	-0.13292779347046205	-0.7115458807673855	0.5131015228933916	-0.9586011535355382	-0.1580873246670673	0.7753006684300336	0.8502555213533224	-0.30269624029971537	0.38153506254524033	0.24320809566349083	-0.580650863844705	-1.5099692199608794	1.1922093313240953	-0.855518770638731	-0.2718632334813788	0.7176634752417096	-0.11015250159497081	-0.0011559866526177783	-0.5582441968940346	-0.1512005966144791
DTXSID0051499	-5.896950480001449	0.0878665535437615	-0.017088757323151557	1.5195536410717474	-0.09651985510171333	-0.29234415505667305	1.716595025244896	-0.9096084488310852	-0.12407922726278359	-1.5701797991206792	0.6302699786039333	-0.27827228873342863	-0.20520193211109097	-0.35139183083748343	-0.23757201061498506	0.09952233278004512	-0.5096886947919163	-0.04963823557279853	-0.6990350477174946	0.6737775685180565	-1.2169320168083477	-0.49977304990380406	0.5518279593879285	-0.23521564795043415	0.9209927467090923	-1.3487927060523377	-0.5218500801580703	0.17316092815159648	0.8841080851955649	-0.7437199492853703	1.5931979404102332	-0.6796461117528321	-0.42535327001448314	-0.062654105705568	-0.42575171745252427	-0.5817614573122988	0.3059760817870391	0.17401834739382094	-1.0308095336106076	0.41078752595582196	0.3911855016522256	-0.3139061367190271	0.4817361859152952	0.9290589597809153	-0.698102815272475	0.058333161056767384	-0.0565128337054831	-0.39920114734449136	0.5696880640573235	0.48074519987556413	0.16663427772897674	-0.44944845758344765	-0.27331058667722613	-0.20409162312748977	-0.3232249652066488	-0.5154495022754013	0.4611492825947961	-0.45582970392911853	-0.037990494493682574	-0.682057429163034	-0.2784317678523003	-0.26304344022400195	0.6242470046537796	-0.1952585937997827	-0.5332854852546003	0.18762818413414864	-0.07897730748613534	-0.2881464160155692	0.14816563792628656	0.004909016300202391	0.04649560622261395	0.22737353052092232	-0.07419836119329931	0.122159125768922	0.175190313156473	-0.4768349650695528	0.013231621260269472	-0.3329295114025408	-0.05278047492860749	-0.6304687890445317	-0.28838098519898714	-0.299634311190376	-0.43769532425817803	-0.017654178034298997	0.07883109088416469	0.2734650756247902	-0.012519557557640055	0.054977748244880296	-0.25394008936049095	-0.14479829875380582	-0.18793674611453498	-0.4282109512739751	-0.018516364757258888	0.003664791221527886	-0.09295078490300059	-0.16365947296267008	0.17649514107255995	0.018393117448659346	0.18332152080484057	-0.06091833092103176
DTXSID3042188	-2.0874891570834535	-1.7552084539284467	0.6294286952095599	-1.1417000235322003	2.861130234044248	-3.0097714558229316	0.3843526568862803	2.6564782015239987	3.2845200460503925	1.6178011239965746	-1.9262077927407186	-1.4882114803442712	2.4365115019128405	-1.5789794397703012	0.53866844175319	0.9667634315743602	-0.35191117706398517	0.7282701543915632	0.5650020880525294	-1.2084477854971958	-0.8132226833851554	-0.5397414146939709	-0.4688262487244526	-0.02800695562297221	-0.13508404677058267	-0.5816361082473037	0.3664608666071101	0.7774723798730995	0.9184526817103099	-0.11449383865982621	-0.104299405781248	-0.4917728477665143	-0.20357283072751298	-0.3572395471392705	-0.3037983817703345	0.2422310382176986	-0.79277602833022	0.19994990260328951	0.27926961148316365	-0.6014039218859216	0.04096772652078331	-1.169610513666352	-0.03441920770922686	-0.6276402955596677	0.22714864238566215	0.6023194436852787	0.10358682504990259	1.5518517412692308	0.5940793135673343	0.6736950112746466	-0.10937429712606558	0.9325968580473949	0.562729620261089	0.22959301444707134	1.6500718087607649	-0.8391480426529877	-0.05511964237151043	-0.23965416888428542	0.8221865407072553	0.2555608227503688	-0.686619621704075	-2.1751988719582944	-0.7293667530885377	-0.08464620578570246	-0.6632330206615119	-0.6419721371436958	1.0768185501898007	0.20930852047561402	0.5655329983501258	0.7715811452746633	1.3404116960711514	-1.18635192893914	0.6135515220764172	0.46793338873085893	-0.6863819261224163	0.24925805153382546	0.255640361042995	-1.6201943171539477	0.2297671735183039	-1.6405099951264015	-0.24134627921553425	0.05829119010515871	0.20865655097268823	0.32004590696641655	-0.30887145824550843	0.37563356002552545	-0.6392619927332049	1.390229887691817	0.9005137675766225	-0.378833271885944	-0.026077923097892718	-0.09762776460419684	1.368042873911643	-0.9619639445599603	-0.564176482482562	0.5643023846614712	0.2437730047484629	0.055463929332763645	0.272081269469613	-0.10323543110456357
DTXSID8021359	1.2518555666008298	1.1823600083021735	-1.7256744345235817	-0.4269824385111699	4.502503343510375	-1.5046945704642947	0.695397670968498	1.396943395266628	3.725722690735097	0.8910711478071435	-2.6106508810980174	-1.2300357041585035	1.3737125248438613	-1.6132385185869158	0.1401543700307029	-0.730500813075297	2.7948657639843653	1.7426783979707834	-0.9162944752971405	-1.996609856059773	1.6423422431047123	-1.79653623377964	-0.8308029455580564	1.2639434994636658	0.6780300896550844	-0.08431269070018073	0.3030310035405317	1.1048472821134008	0.3676804652186358	-0.11048946074912294	-0.5666887122328526	-0.28764538882587076	-0.2911722731266305	-0.30916556138377765	0.19263169222038656	-0.19877561821674816	-1.1944341145504007	0.25649664057076843	-0.1785614648787885	-0.38009732933254553	0.2122327969133479	-0.7601338729644304	0.04419078744815318	-0.7129622843900153	-0.4413107795353314	0.40134122745700485	-0.1573504975988194	1.034104336533228	0.16527345452814335	-0.08786497391431244	-0.23886631932107363	0.22602187501371349	0.6159011325142598	-0.007911744346453437	1.0904054773706335	-1.252634201161104	-0.32913327136308274	-0.6750805193218818	0.8015078846764425	-1.416671814143339	-0.5849592941641418	-2.51355133959331	-0.41639789260196075	0.5912429550144013	-0.1910368068415242	-1.366791687086769	0.9359784903806223	0.961274997284827	0.16048364405403132	-0.006909804778867624	1.4570900521850783	-1.4026188481836166	0.5158764969036599	0.13703065489347782	0.3138738937490803	-0.2748056658433324	0.5641327238458047	-0.36819550377738147	0.21495905411817418	-1.2835334926748245	-0.4185103482626472	1.1409364542511529	-0.8395068583654726	0.1850231948202198	0.011016190664037926	-0.21095455004607458	-1.0641197035890944	-0.05791644549900345	0.8232764450885692	-0.04115114116063882	-0.31560775979926026	0.8057741489668604	1.1115030255110798	-1.4321308066886966	-0.7192404000126044	0.9081022511541094	0.23404390242666553	0.2573680815936919	-0.05190225579511099	-0.4054007324632173
DTXSID8023345	10.372597203505997	-2.3484898883393144	2.4429598304734834	5.799427229650953	-3.9247023396273244	1.47770701581401	0.16213061102815954	-2.386890731227207	1.1191269647605004	-0.7063424867126844	-4.388792531279736	0.12444417961787564	4.2451187384022955	-0.5677520153548811	5.17691581503892	-2.7618675490572633	-2.8049019550495617	-0.9168803811199951	1.4040080522840774	4.931373733828027	3.5717269661114397	0.43855379667508965	1.0241697925886646	1.4339448359449898	0.7207995508612454	-0.5751027757650096	-2.01395474055323	-0.5817745081869832	-1.0341166777864066	0.9043855707977639	0.4224190477342509	-1.779860535705243	-2.5297205222091868	-0.4059005121362519	0.8960166362302121	0.9688097775649933	1.0907493567161306	-0.27540322869874745	0.22367496050850966	1.0487414261943908	-0.9215222460769782	1.6601526021964412	-0.9211329865003439	2.5495822434324977	-0.9343620455564883	-0.2539713595243784	-0.33875749914641234	-0.2092818115060223	-0.6323069345869636	-0.2820999474832905	0.3459238911327681	1.0814829695703414	-0.030481863819450037	1.8510213509846667	0.5956846354757367	-0.47847635944608	1.4741493382936595	1.3111533581092105	-1.9488721362714014	-0.2396161943954117	-1.589791532617639	-0.28612611346677125	-1.6078010917390686	3.9157483576435186	-0.8108644506119709	1.6583198870679714	2.1910178390797728	0.36886172715657933	-0.07763878790038461	0.11098901744028092	1.5118150410291202	-0.69807710346327	2.1257365982325718	-2.3853685306463284	-0.3471595207000296	0.9513642492697638	-1.6911812728566498	-0.06454311059482969	-0.1947966223151242	2.3808672353812916	-0.5706038583066378	2.1554770014416382	-0.4962008995611704	2.2433674098416247	1.3083647971860282	1.5090066004275027	1.0533278299654631	1.2773880193837555	0.20892630675119803	-0.9954961380981766	-0.5862911018420618	-1.0270561565525653	0.8763364766515116	-0.19896389863901678	0.6335000059802045	0.8336195000848995	0.01829630438450728	-0.3993663093597043	-2.335036196265634	1.0222568439225665
DTXSID1027500	-5.252767648654368	-3.9013798266947406	0.29421246369412735	-0.5449522519706093	-1.3113723422843386	-0.9146590513332116	-0.3215751043650698	-0.1647397429240858	-0.07030725411361016	-0.009238747972837448	-0.4886231737080705	0.2236255747557999	-0.09534727194710414	0.9811552841962111	0.5949418515397723	0.295184149907312	0.031263034101469	0.6601488958017803	-0.12915403615311663	-0.8444075284556274	0.22155553486160826	-0.5344296783230715	0.14832212719427898	0.27944415398345945	-0.42139849096772025	0.39210648968461526	0.19628517447748917	0.3339090139246687	0.11952356965366093	-0.3932427615810664	0.4039790991089203	0.14521458277943694	-0.22557198623507463	-0.4998652992510615	-0.018485655198763464	0.20577801319097608	0.1602495748844499	0.6094622075652052	0.3294023130570214	0.29973462755561653	-0.24269114828046962	-0.01577370657032248	0.07426524238244128	0.2484586086885169	-0.21295859537577966	0.053929064078661444	0.15500196603690217	-0.1667337406471443	0.15222150875036883	0.23670761830470305	0.13519130813134508	0.1795374206741103	0.21344127438617927	-0.15792109746495225	-0.003959882720037812	-0.3344859069153639	0.17298050731846593	-0.22295031744052352	0.12653299764179426	0.24355765691641082	0.28640194993184015	-0.03989056086117386	0.08947491276315096	0.055819889252567596	-0.3321372900861932	0.00035532352728648677	0.8257535971991956	-0.37463345312305385	0.011922813967757344	0.46495315788013325	0.1020059037082087	0.042523811095772614	-0.3522851342420771	-0.0500500008660763	0.07090097378816951	0.3201257594337559	-0.015026978365223148	0.3736014804159458	-0.03595891833347556	-0.12238443878385917	-0.20506166101295192	0.1614292079742994	-0.15423605225675383	0.11010059625137471	-0.04276525970294528	0.02622270937419971	0.24874048253969439	0.10983408564680837	-0.05603102477538612	-0.365798475991394	-0.46546227496605586	-0.34323445183771384	0.22612361142364948	0.1671413874888242	-0.13422204380730182	-0.03639541796115808	-0.17186938789133815	-0.21003033608237234	0.11603687247756633	0.028409093463584577
DTXSID0047294	4.585116969749752	5.608241182720471	-3.0710535274264585	3.3672642137500652	-0.35631240368606126	-0.23727734219983226	7.5613938326348125	-2.645690320843045	-2.090114736974241	-4.502004940865534	0.6076926602393222	-0.584796056746457	0.8949752413957792	0.8559808556648025	-0.8475084175234614	0.19358100413525592	-1.0433700702668578	0.09091551249413278	0.22108820678218863	1.1256922031586944	-2.6991454114935927	-1.7616916750386955	-1.0620759895010465	0.6182994310815125	0.4880698417563441	-0.585601476570954	-0.7754875626929996	0.6050791903185183	1.3737675458149026	-1.1227320629184636	3.066118350495159	-2.518724136870798	0.15170863588016104	1.4814554448027162	-2.1216199119814037	-3.6585355917076554	7.088571945180494	3.1633115029080097	0.25902778826320444	1.260023282529189	0.13381917146810846	-0.5611758087629651	-3.1836042157067346	-3.6419660575845207	-1.5041736954902527	5.819140081481333	3.0462406911132116	3.427745302712403	9.00029155674996	-0.6566776547531371	2.1883855377732524	-4.907045272662783	7.077753153524666	7.129163718331367	-3.1696104669600973	1.3946011300390428	-6.088949753759082	1.447123442766022	2.584863431517639	-0.13348306792490972	-1.3746022755552367	0.3678407965960639	-1.3678773086227185	0.8734110491967619	-0.27888530052540395	2.9984424576402087	1.7455330507968485	0.8930522248808257	2.8762107875632217	-1.4280127654751598	-1.1861475539995057	-1.5426202214876112	1.3475899932040227	0.7596945556040817	-0.6608211605153299	0.13496233316663997	0.49200883265290196	-0.6642191560407258	0.2275134832567318	-0.6072152713596606	-0.7124298090652774	0.05845224236760344	-0.3578074341453864	-0.25906800680189396	-0.01347372117746827	-0.458224799494191	-0.0527981622493583	-0.1722883675020584	-1.548135966331635	-0.266570369787135	-0.23708657152866427	0.49835012154960295	-0.41496829616122716	0.7940526938403974	0.2933726338489053	-0.6523103868687468	0.26553287590969216	0.37184532168031276	-0.6011728823718131	-1.1234078017276283
DTXSID2045523	37.46924397412178	1.0209236385649425	-13.937072446869522	-3.9634401606186134	8.686099945504637	-3.416546068162808	-2.9223256028887006	15.628192191627516	-2.5002726699781452	5.5129242255826965	-3.3458989427798485	3.326429221767571	3.59010630783287	-1.1525104051387065	-0.9635659662333892	3.7640706663072665	-3.0739108311669177	2.4120032969076735	-2.685857935701347	-5.598272458905216	1.2427391095206761	-3.093926260431608	1.224472771383262	-0.8826168885102489	-5.503577330659987	0.3744791164656649	-2.4344825295830423	2.3596281983445744	-0.49861765005615954	-1.966704545630768	1.4538569731436457	1.092385419844421	0.9645464302049163	-0.25127332279074405	2.067380831223538	3.9268026823167927	-2.262721225016033	1.7388723391878615	-2.0347160554579906	-3.5982816048641055	1.8483335141575514	0.41298158986855493	-0.3111673373803936	2.599853270546731	2.0579590550993863	0.6371519253160931	-0.15095650587972395	-0.6797186357304775	0.21262628003621223	-0.048832248335762905	-0.5417871705428081	-0.6078419525578607	-0.2041534321784329	-0.315047845804766	-1.1041978919037405	1.0896426162950132	-0.7678593259360855	2.1527801912206863	-2.812002397381415	1.3338617730425368	-2.821451235646805	-0.9429309376142361	0.31925175502780057	-1.8739872396621857	-3.4352242985173818	-3.1147364929807675	-0.8772813235705741	7.388227170592866	-0.32651229256794256	-0.2819753687387333	-3.810968003415441	0.4330064994649045	-2.283179439297115	0.31024099846890507	4.1361916647014585	-7.160842469712947	-4.403651098708459	-0.6584842244191492	-3.514760267314199	0.6919678533236517	-8.058612500314426	-1.8587869682984408	-3.909627536490318	-3.646850629976252	-0.08415563613349575	5.805960088460615	6.753480661771778	-1.7764760847261205	-2.4069432093483374	-3.075757460623204	-0.1623912950799734	-0.5510979345584571	4.453439856335824	-4.556714685103124	4.8598170019751565	-0.030497851267157768	0.2203824098860791	2.629135036356874	-1.5302045384649696	-4.325832021623039
DTXSID7046912	9.875951713426941	0.2016707232529687	-3.344043800646615	0.10247170571663795	8.496822847941079	-4.288087714543416	-1.2498940377191279	6.492404481347402	2.7279604415766836	-2.4441024119613255	-0.5631560488597639	-1.999902951835077	2.478997826210705	-0.7884401033745836	2.399111832270669	-0.9025260399382539	0.047962976118835016	0.1674356567098291	-0.3652217069060449	-0.9128976699786712	-2.48809940241835	-0.9981555412628509	0.06407718276796245	0.13999333770089858	-1.3073819269016234	0.8269166441669065	-0.4016273526524631	0.6803094577246263	-1.2037479702869072	-0.8070535255425362	-2.8534111080438906	0.6956891669058349	1.2648138247939127	0.9413767055204278	-0.28458665853430054	-1.212367271542501	-0.45068048215013473	0.1784645048499804	-0.6725653582786411	1.3893652245538652	-0.5625208676009595	-0.21596114250172838	0.20037473852719873	-0.9573265509801311	-0.33889698433804105	-0.007722986241446475	0.7589411066204261	0.09132039691229306	0.2970654164701775	-0.4304677488691664	-0.13925560735714895	0.0027571875555711567	0.8943268382960018	-0.5523376910507011	0.9297633765411699	0.4541887006867461	-0.1830411290554949	0.7752055425000365	-0.1797410433333942	-0.9948086715438195	0.4824763122907905	-2.206060893341622	-0.5455651701168853	0.6570775818357071	0.5574356465503812	-0.4476784413206475	-0.2301812384625127	0.015538486267550465	1.264904884640799	0.11012825680912317	2.1655850999305386	-0.20737781517308723	-1.0090904234145364	-0.8941567459753474	-0.02455562409161176	-1.6046994605446674	-1.0647935922604286	0.5053915599562344	-0.04686733964782094	-1.5679051223417697	1.7552987663738808	0.25898798492444497	-0.18086107189275927	1.023488256255613	0.2045665091814355	0.25151866828095115	-1.214499924480133	0.5593210973005548	0.7603498255147764	0.1509887190788477	0.17636986237570326	0.03655824065051618	-1.4068204624406715	0.05618700034974625	1.9202763055524485	-0.8891940515140235	-0.5567463831303735	-0.27552371878747905	-0.9627897181034261	0.662867258140654
DTXSID6024254	-2.421503514626673	5.542860090548268	1.1742910156215922	1.2227587159348519	-2.6861711761958222	0.789361157112876	-1.910884462371316	-1.3394487721341541	2.5247636946782928	-0.5386475156221646	2.0965433418277684	-0.9855388776809864	-1.1153159992661985	-3.1201796226394563	-1.1263234545536736	1.0932496654672181	-0.9129681596436185	-0.5497812270302188	0.021430466523529985	0.3344004468782061	0.3772558620829952	0.41517786251508154	-1.8920193304851691	-0.8192258716106573	-0.5626913079647454	-0.01971312905091624	-0.3563372883618879	1.8652188448514706	-0.036947077157758274	-0.5315275662518307	0.5542665309934792	1.2991089728297065	0.41789909524966234	0.05560991645639305	-0.7918917456959906	-1.0104696458767672	-0.03676991137714588	0.5204312924809419	1.153948032241523	-0.5582039802872425	-0.3861909433563735	0.6109387577771258	-0.6588407068441643	0.36011658607935265	-0.436060268274463	1.1022827915217759	0.05014457630302617	-0.279425111169518	0.39904660298243366	0.12902378466180614	0.20629123148467438	0.34518330269385755	-0.3979993893349534	0.5053524829035111	0.2005036123131514	-0.22123102930216634	0.25423118538335077	0.19928785717774308	-0.4704278460446198	-0.14496841493203722	0.07336669217216789	0.8940454621036678	0.1573567037389692	-0.48927307048604296	-0.23965336679628435	-0.6521562543193754	-0.020511572476566167	-0.2637291239195425	0.5412193168216132	1.141466164739163	0.15991135406898893	0.2837450944825953	-0.08620227609575741	-0.4078032771635139	-0.4337240579016805	-0.3945755258002914	-0.2993459908864079	0.17860734667987224	0.22369938147603083	-0.17768119273700994	0.2827108712016543	-0.024731199683034	-0.028023450599620612	-0.17320033377778835	-0.21461694353252556	-0.2216415356146533	-0.3277496691503251	0.1433322559911927	0.07556281913772102	0.33203903797811285	0.005643234889517254	-0.2561839417833732	-0.3678127001869311	-0.21655854179791867	-0.5142871980105667	0.07529059131244685	0.1387044085092619	0.05483850982501027	0.6695290598343169	-0.03230461019899887
DTXSID5023324	-1.2757395068363993	2.388133057251057	-2.706499881855592	4.454517441111779	1.216568238268219	-1.2258924396826854	5.959718144874738	-2.2869588912026773	-2.3175991478692497	-2.501891138773754	1.076273158217448	0.6773902294348608	2.3703685232096423	-0.2348619561019879	-0.3556373432069053	4.80567534586053	0.7200618524782235	-1.3340900674665321	3.014132182111428	1.3226311502319674	-1.0299351510598422	-1.3563440126266053	-0.38813602228119315	-0.09517019782520317	1.4459291355664081	-0.672857093322681	-2.605983088774447	-1.5363924973274887	-0.5827773935314293	-0.3243925581790463	2.8817481224590087	-1.5208867159447432	0.2855029788320275	0.4884317043338032	0.8516426374279239	-1.589504441690615	0.17671187528414456	0.8751932577716913	-2.2252660696677626	1.1806776615811985	3.015744644250305	-1.7417229520163442	1.202209248834108	1.29537882075333	-0.5222891970777568	-1.8769823404142745	-0.935960657174827	0.1599665332900741	1.269623322875945	0.22241151615445304	0.3149117843008615	-1.5125527840776787	-0.8169584106374582	-0.9624162859430954	-0.8767408683795378	-0.41572928687095806	1.7228406798751992	-0.8243446870925416	2.1555352598166873	-1.8835249410307533	-0.6452457373762494	-1.3716934551906668	-0.8059637815341212	-0.7721976153082905	-0.39367627233703123	-0.41658629177625633	-0.2726406261886969	2.620019482902557	-0.0345263921474537	0.596991080225423	-0.38338799294424936	0.09308574943388155	-1.524477063488092	-0.2489472178032457	0.160261940006997	-0.5257699448087851	0.20383824474370077	-0.5760813900254415	-0.004510431251622248	-0.20498954782506978	-0.9629897076940611	0.6651941116809519	0.2870172275983938	0.8678966100848517	-0.3375405207796792	-0.001758121007512672	0.32790023851067074	-0.4113286961149288	-0.5750510629479975	-0.749045405776252	0.3964906340592849	-0.2247970330078109	0.4454758918899047	1.1143795847648374	-0.6548993424832368	1.1743114847402445	0.6911802848413497	0.8466256098256987	-0.13642028018142688	0.058915371805049875
DTXSID1026118	-4.063050940506026	0.7750907759528384	2.3800215879305417	0.42373411001617417	-1.3438725874123467	0.35912513156320475	-0.5114195040708308	-1.4812236146014113	1.559481536935158	0.003023049893171877	0.45961103067653597	-0.7492032316419907	-0.389191422081594	-1.429071343569255	-0.4726494508335002	-0.26813202250643614	0.19695746042941853	-0.02267764383649101	-0.2119835229250452	0.3308274510240397	-0.0609494421989274	0.01748332992639717	-0.882685967238554	-0.2560157591079928	0.5893861393133285	-0.8504447899384346	-0.2150336637285528	-0.0139499204977722	-0.09973810592280702	0.28897789700733073	-0.1602868962964681	0.5967965013366755	0.7908942210878557	0.29861400484595035	0.6329617116966323	0.3463807380564074	-0.7038950544133897	0.1248459755889369	0.4985563715528927	0.20596419916184835	-0.24316621612306732	-0.12309696147847689	-0.1384177120826536	0.3823245699006877	-0.48404684895236477	0.4894010787433755	0.6982362682807454	-0.3033012826462199	-0.05088727917942996	0.007030853241848509	-0.0574501460280007	-0.16334275580747895	0.0006988620723585719	-0.20193326188077057	0.18351423244269355	0.09660046347588902	-0.7216389405485739	-0.1872928495168845	-0.5113308762212971	-0.5927332736658578	0.2838523139592256	0.3362883750223039	0.18983491935899247	0.2280123949012644	0.20252752806404722	-0.5079361577552565	-0.023687739780946668	1.0366944261073587	-0.6130440916219746	-0.8924367598069526	0.021476315971576256	0.5327565966941176	-0.8892248761719853	0.1604125462139698	0.2035305898331452	-0.40127091234711004	-0.03642408067243759	-0.06978896724960872	0.21299662058950683	0.35676057922999826	0.24745000192801164	0.49588090905293586	0.2748581965445986	0.14568238428769748	0.18379363243485883	-0.16774563780388313	0.12759556810655923	0.25813879562523606	1.49753110787171	-0.004409985023390993	0.4218185247656723	-0.4966802866561815	-0.6581880498094017	-0.6358951134553694	0.037789599685429075	-0.05496666844373449	0.19889887083127852	-0.09792726020977036	-0.0385738381842118	0.6563546509295213
DTXSID1045904	-0.8074680499776056	2.460739256308084	0.2777345099297353	1.6851296656918904	-2.5575324908762913	-0.5885374327233426	-1.4375046131244125	-0.6684177157841303	0.6363796167289972	-0.8140323075718694	0.13134673353436335	-0.12743814353901067	-0.19094288134187512	0.8686735309493719	0.5023953160759632	0.48129348625666246	-0.07685234596683616	0.7478027233513057	0.30143045617181913	-0.9592495037325408	0.16700220088647982	-0.9298048666113463	-0.8906277915989932	0.8069700443441861	-0.8757107284294681	-0.08792905933220757	0.7848377027152572	0.6336300131043348	-0.056547841385595626	0.28924771028162455	0.3337473787830553	-0.6833945043058459	0.7897766426603703	0.12427069240624707	0.03591309783798051	-0.20942445051112188	0.16888641048553554	-0.04784282737924556	0.9551161928603616	-0.1341635341045903	-0.12107325507282934	0.7560734357838907	-0.2452968639873065	0.5798165864390313	-0.9267262019204774	0.28658285754531504	-0.15189835827508832	-0.7839872273658813	-0.02244490855819911	-0.5391771325272483	0.3524267680081738	0.12089889280140614	-0.22953796311957564	0.27203267005701876	0.5010618866891194	-1.1050467461170983	0.5598993837651581	0.12757803382582672	0.405796359032654	-0.20842899057295156	0.189541990712999	0.7513410548854849	-0.9225518735645484	-1.2440900147736382	-0.2582724191122491	0.5023174326652576	0.3551264753999906	0.14485188918254727	0.5239561740703351	0.19162661256980332	0.2602674595619824	-0.909121496491994	0.26850018861931124	-0.09712009942369734	0.28571482056084774	-0.08102536004757321	0.31422566155085174	0.05654778469268158	0.42686340787078514	-0.39767946714233016	-0.3065343166860176	0.2681377017909793	-0.044450745920522665	-0.23108655487205632	-0.12725318338203187	0.3270452130856723	0.5242010401017686	-0.15217762671545426	-0.5522435139914238	-0.21790635631074923	0.6528504235626628	-0.3056566136159054	0.569356191602355	0.6775477979005137	-0.06253371236769725	-0.018757198029365287	0.011739786972378418	-0.19049185614965972	0.2922312057570109	0.30549487555654914
DTXSID9045267	1.687234818684677	2.2469995514725856	-1.8665854022456119	2.516889052619874	-1.2436486445205786	-0.4237594343015095	1.1425766110513889	-1.135230265334254	-1.9908440306510224	-3.6161828524187043	-1.4523356980281306	0.49501645092673624	-0.2916858622064897	2.8714279037235695	-0.7243099892580132	-0.9001721256773288	-0.14677546748790332	-0.20801070243718658	1.4140175571033224	1.2317371524832703	-0.289861763514348	-1.3951485732809712	-2.6029176991612872	1.3461742869755022	-0.29164460292930194	-1.7687303810942336	1.190786359127529	2.0961910396880334	0.4881732632311604	0.8327411009604618	2.226886283827146	-0.5170009719248633	0.942100202168601	5.005846478634683	0.3801467491177838	2.4747296162735797	2.2044640457234816	-0.26320353006247627	4.87154757617235	0.23113483715333452	-1.1026127033105604	2.3744213573727184	2.3474796366740884	0.04917742328474108	0.8817911525049182	1.299546807260173	-0.10995911030501104	-0.8679832577929714	-0.6619220926730109	-1.8629947574836299	0.26994913548387434	-1.1758983314606173	0.20398826938248488	0.8958031868475942	1.1494541089572954	0.7600861592323411	0.6302953562520873	-1.0937341915808378	1.0941641138573803	-1.3070415438563425	1.1278060483043075	1.0141692875281771	-2.689455988661039	-3.1455632053192284	-3.7594294169117486	-1.5186682091658295	-1.4311100233649519	-0.45473027837826097	0.825974779841407	1.481041326306414	0.7379468139714297	-0.06225868116850791	0.28728112191379995	-0.1173853067480408	1.7094029906632109	0.4657690762299692	-0.4173281036381574	0.570568908122641	-0.3310809352346371	0.0009846554417050804	1.9090513832727622	0.13861259995184794	-0.13208990647636137	0.160458975615457	-0.1383478371492272	-0.37785244316628264	0.6217652822703894	0.7899364097755791	-0.2931653803762401	0.8850328875796023	0.9301799367455952	1.135167656725878	-0.29125884847004857	0.46756869088025066	0.25300339258566884	1.3532644417924418	0.18260173774767208	0.09499973627297639	0.4709773844708362	0.03141513533768083
DTXSID7020479	-1.1339569680429709	-2.312886836355055	-0.8957278369565314	-1.3595570471930176	1.3540234757958816	-0.35377219188971243	0.7147700083260307	3.6187658466903114	-0.9213106829688948	0.027210200325246483	-1.5736299506387281	-0.12575046536714188	-0.14283895993077145	-0.006530120995730437	1.0641004375446668	0.0731944566725501	-0.24840131678147795	0.6943122858727706	-1.316599125020231	-0.8796019978537557	0.8070428930244922	-0.4910667542888543	-0.14011836985529794	-0.2961593162073161	0.20372858123775164	0.33423615343904817	0.8277591590279917	0.04479990337183715	-0.8832140877057181	0.5178011100714652	0.04476919244192315	-0.7528271248321707	0.009801736484596708	0.03953958201248607	-0.10372745269231205	-0.5834131574023277	-0.9559643976261984	-0.3504994365905904	0.7863572392277363	0.4638947416122959	0.3532450871466737	1.4519777207871558	-0.5845957197414119	1.19103318128656	0.058466893934713764	-0.13884774155798413	0.42779671328052815	-0.3451031156006671	-0.013126584935105356	0.1760546138426652	0.3566179541899946	0.027047862956654373	0.5279053576043394	0.2009800071900896	-0.18351294990691935	-0.8601118125287351	0.4053613949915232	0.5344947746830664	-0.10955443945390989	-0.06216077341405567	0.8549867441579089	0.5452084328104577	-1.218145027248753	0.22744488254262651	0.15166811205256808	-0.18135710764572252	-0.464621138174372	0.1746127913762108	-0.36621299765250187	0.09982730656782005	-1.1791329789723328	1.225733100642927	-0.6794100525646213	0.7267645557076857	0.011364700200124313	-0.14405457830716642	-1.9687534180839528	0.5714459267406159	0.1805395864807263	-0.843691517121244	-0.176239746515588	-0.28867241576226227	0.6924039326825979	-0.13677744621626234	-0.9892299017331619	-0.030743253975938165	-0.08229047747716102	-0.6582524693691947	1.0886392389453614	-1.3106499151516298	0.3038400894972087	-1.2175666076536675	0.954952579661213	0.38492729459460956	0.022161751572110817	0.9965834587384691	0.5624778238660791	0.2871221403010402	-0.25373205580013874	-0.43510360975840207
DTXSID0040127	-5.098549627938094	-0.4354147484019502	-3.7054371284701957	2.131447925505246	-0.9037419025711191	-0.9230896031514129	1.582404970346237	-0.8932336802808759	-0.23451920367601356	4.201132468546071	0.6233995412323963	-1.5757833371423464	-0.9837245762586976	2.472823472888383	-2.247059464603035	-2.5663742751746375	-0.9690520867668296	-0.8169816707083538	0.07559712336515775	1.918165110541308	-1.5570349547248568	0.384071985783077	-0.2877547792104554	-0.7596512726823774	0.5412446522534815	-1.4177273166164475	-0.7792334449970297	-0.6517072855025412	0.29276829754266803	0.0945293179357518	1.367487885191514	-0.2545789909981624	0.21096978526104304	-0.22443774534757488	-0.73023408256822	-0.4126515175277591	-0.06946400832220076	0.21151910745082775	-1.422927865771118	0.298402197568422	0.4472369514893499	-0.39242345576390864	1.2376962454128326	0.47730428462063607	0.11783271049456022	-0.1762658148294614	0.1468567306845952	0.34120126862921485	0.3715354894019434	0.046022634043099205	-0.3333564310378479	-0.4254365441896753	-0.28039294494033773	-0.3482211998850967	-0.6528800297116697	0.11030668543790156	-0.028086480853561992	-0.6526919426808077	-0.44049633557615614	-0.7313815631761649	-0.32669588878528205	-0.9630641713553142	0.7119992008121101	0.09486336930733587	0.1394744472566734	-0.21818605401291796	-0.34998699472829253	-0.0932111514103945	0.34216323953197497	-0.17680268914684977	0.2589514946035486	-0.10044305244265626	-0.04236021777368202	-0.0896268590029169	-0.6528295713154236	-0.2530871610634339	-0.36425497573339205	-0.4089021162913352	-0.8371785276421846	-0.47324896276680123	0.2115006312989411	-0.4463008174288547	-0.6351177596033053	0.25806778826522203	0.7269939408531074	0.3162844044009144	-0.5487792906645979	0.15001522679019816	-0.28531918616690477	-0.02779641070028543	-0.6927526161227615	0.055015647435883726	-0.649221333968951	0.7106270409889319	-0.3939305309186715	0.5264963658075058	1.1787409562211584	0.5950714680014118	0.6651339747920179	0.22427484002445974
DTXSID8027321	-1.7237193212994344	-0.46803642145250196	-3.2277147650447855	-1.0680097036710305	-1.0744255133700822	1.1668748309169874	-3.2999079895219445	-4.071634396402934	-2.196996832197742	-0.5867532869764146	-5.088015437760441	-2.014740569314579	1.2754016219835034	-1.8793275163545158	1.36286805485192	-0.33301219819497485	-0.8107940674325486	-0.7876119406823692	0.10281340403574059	0.08040687530011863	0.32696519518758455	0.49664036519569393	0.7418642512024302	-0.7032848489322578	0.37510470721772476	0.372788766992567	0.6443958322666129	-0.03337736428026449	0.23318166666340553	-0.3215970138696739	-0.2398775500270749	-0.24228215619211368	-0.18847442640786885	-0.46440326025622264	0.1336963147666729	-0.4138453620519193	-0.5814257236828105	0.10749351850432923	0.17358599438260938	0.3358258156508245	0.03251676847306549	-0.10729615087209605	0.6984789296802731	0.3181929407509856	0.28294849164279434	-0.04692150842757802	-0.33710323600264364	0.11911192882817014	0.10625231106712425	0.6139869339293067	0.1020641984589432	-0.0551098405366787	0.6683730585360644	0.2095772646434311	0.1572713182408184	0.017527667004887528	0.6856731228268556	-0.2390548066253587	0.32498178044785414	0.35420740830407316	-0.12423462817476762	0.02990247851143583	-0.26953863813049145	0.5614416205934083	0.34531242850538135	-0.6635051502776663	0.5956811252811263	-0.5701731444726257	0.3081848778601814	-0.7931564010420064	0.3999740311424004	-0.718226272244039	-0.09470301208452915	-0.276184872631616	-0.6285428075748509	0.08214818073697464	0.8304677175751145	-0.7538163557783574	-0.06847697473259588	0.2908522407761868	-0.6302081155064814	-0.2534185580158049	0.20705999382042678	-0.021203147713068426	0.670116226891014	0.0960008995717474	-0.1324022014841078	0.46309205334782017	-0.0374362273638721	0.09592236835067365	-0.575611074855675	-0.25050915132119933	-0.5304209262046969	0.34600002643817396	0.2229413739866895	-0.2251906205943568	0.05894184984866301	-0.15607524523315872	0.3592477056155911	0.1957245242004178
DTXSID5047877	-0.010543866883773116	-2.3243566435973904	0.1413496084281727	-5.014752036606517	-1.173638844243434	2.0501163474829203	1.6797071178289604	-1.07017316237967	3.818896162665539	0.025796912252602524	-0.31251107741793077	0.3922287873766881	-0.6013677338097173	-0.22978145068027878	3.4291861447635092	-0.8837741650703871	-2.412575630491502	-0.7619193873483862	0.09459314563290953	4.670252306415705	3.537370218012349	-0.6672429447311589	0.40976332123098985	1.0495191061692666	-1.6944327934884018	-0.7268115959257029	-1.033592069981853	0.48303690781398406	-1.861516217099908	-0.5530175988196095	0.5845579202049151	0.3357902276758363	-0.023410557147561958	0.8858742622130849	0.31853775424657466	0.39477718860862426	0.919324501033549	0.010865616884511903	-0.6382739843058642	-0.20570454455694687	-0.6897895945747483	-1.241043679688121	0.3656270589025382	-0.7060093441975566	0.45391843563059864	-0.23213752981352798	0.17858165528648737	-0.06813456859275034	-0.004641711656842115	0.20331920570653744	-0.08908640084089305	0.09159799822265255	-0.19541987319269258	-0.8121530672341911	-0.5781702394387896	0.43103432166156946	-0.4036209232778061	-1.2729301556668344	0.31923400646616595	-0.13928635648267335	0.29705066860528634	-0.8195798241748686	1.6476947086456393	-0.10039536577423844	-0.475158909108672	0.32061138903107855	-0.06797322918184097	-0.44156736316926504	-0.1860380793503168	0.19973976357008805	-1.6747463245734049	-1.2229946791750128	-0.09605342624528962	2.020257363962555	0.10879087989911351	0.5373604048002368	-1.203372453142782	-0.17409409476988202	1.3926530488177478	-0.4028283871489776	-1.2602768289784632	0.17371465085733004	1.2154441608679083	-0.8702856334367858	0.40089892998941834	3.2329363142473397	-0.5946996999506912	1.527597232892992	-1.6550123638536651	1.3644569085029326	1.0514805481219318	0.27293392773650244	-0.4991100270230596	0.5963508981373236	0.10623518804762826	-0.9629685672811306	-1.1610766734087494	0.42685366910483974	0.2376698836910079	-1.3174731265171142
DTXSID3047348	5.921037412347368	3.4878545720536698	-0.6982863799089398	-0.3747525484540502	0.9452674618045636	1.198400855814591	0.7872249666906134	1.7216669113318386	4.248950505348424	-0.23988308008312573	0.59266655996941	-0.0384888830001766	1.1392456260892798	-0.20231336368422811	1.632168931477999	0.26300428066519793	-0.6036771192301439	-0.2449179068302521	0.9268108515435387	0.33955655630669446	2.2282764694376587	-0.7591261623403097	2.749254760818447	1.234443956453234	-0.5340187251853387	0.3437922794195464	-1.1513203364539946	-1.155239260522053	0.3807246655346077	-0.23571258655061583	-0.5166615008139493	-0.8201595662313211	-1.3569915932066912	-0.920899042422285	0.9779338960564475	0.6627541235467853	0.8361081921662727	0.26091972224213955	-0.2549949659727554	-0.5998232671059326	0.07169613782525233	0.6526668160799252	-0.010672454526635447	0.3508515721322468	0.030797243891092504	-0.09094603311765517	-0.3686811623596526	-0.6982815237763259	-0.1733458040117813	0.2768187998092904	0.1466326872022122	0.5081132475632473	-0.20347026854403688	0.06423739918194889	0.20314403379716323	-1.4014878065720795	0.3782245784643598	0.2530366812931568	-0.4307012316139432	1.2365266353800168	0.28733809210068406	1.3277706240772857	-1.6390172472977895	-0.0545344085493638	-0.4185516835667169	-0.2117944524188394	1.2375546995883029	0.8357393792454366	1.451505575549973	-1.3806142248139577	1.688774818873372	-0.30694035005244713	0.3083931214376721	-0.8315417127694479	-0.5185804886692458	-0.5505993337064922	1.6453046065426196	-0.05815725823408084	-1.764086488750265	-0.2349289246938823	-0.06885789840428365	-0.7525377075617168	-1.5162880537197736	1.5806089341877805	0.8502685382751491	-2.361466464304244	0.8116354724171988	-0.44073521033429086	0.3961127781013934	-0.9098515983961208	0.2860426520775633	-1.3238572880638086	1.8152572033731451	-0.57900691077828	-0.311307245833513	-0.399750704795134	-0.5883473558626169	-0.29767500288563953	-0.0810133180446131	-1.2188587458436861
DTXSID4020664	-5.574959924040642	-4.7209265167798495	-1.2865530239981988	-0.40294384598228966	-1.9167505858917668	0.9853054210884833	-0.4740192749943743	0.8969529651520626	-0.6388297056211719	0.4146877826391452	-0.13976723590628232	0.14974344301614492	0.33783482439220625	0.10116396611410033	-0.030246444218747528	0.22127852593243275	0.13816808967473684	0.2876750884433275	-0.2931509399282617	-0.8770934921018348	-0.06053551762798438	-0.5550731464058386	0.443364002896623	0.13783885376124366	-1.5987012732095254	0.9233871030057685	0.4217913036327237	1.0814652727281984	0.2645891906008947	-0.9482441326914448	-0.09246907888097573	0.5281790922436923	0.030287818635478365	-0.3531520463585562	0.4764609808996857	0.3537528531748296	-0.014399196207900793	0.6771219092839489	-0.2907763508522971	-0.4945603326537315	0.19708321156063663	0.0403502128899212	0.10404232844117672	0.474350834133924	-0.09159714756700749	0.1815276283158203	0.5130945306557048	-0.7219187715972227	-0.007234875829109433	-0.3603435191324589	0.10164349641298451	-0.06354118671301945	0.17524743228977102	-0.12307481460520799	-0.4595556052011141	-0.16197438703958122	0.055453461852445395	0.1726825471987829	-0.23804171908233543	-0.004811338454991882	-0.12268902475710576	-0.09471377054669355	0.21378888510136307	-0.07245157270746144	-0.8030863422835649	0.33690228024923274	0.42837236650221694	0.43562108679449507	0.23492535225193192	0.13765637026422783	-0.3419674413513276	-0.0630901909751742	0.11107247876375285	-0.6228204493252697	0.07154305069479339	0.08663575084000462	-0.6239895817289112	0.14138913800419758	0.1249137811048509	-0.3074433322248298	-0.17402810246623604	0.5767450651754559	-0.28995546795711014	0.29799063098983974	0.12648195419061306	0.08197196397693413	0.8819160611276422	-0.04022805195483805	-0.19120870620508695	-0.403319343075044	-0.16869954973806198	-0.16225158732860526	-0.11744540697919452	-0.24317461698106113	-0.11205103776879549	-0.2546556675236469	-0.4758426817600527	-0.264624981157143	-0.37210667340737	0.07521580720796031
DTXSID9020453	7.327284286498734	-3.002980144027557	5.031462282384354	2.7857846493429355	-4.4625702720816385	12.765534462641408	2.050614928186201	6.617768571474423	-1.9312137414697965	1.1097708842289253	0.26209059101170085	0.09036581799763685	-0.209116642737065	-2.6712278196481667	-0.5368124170766124	-2.493792632154578	-0.21641219275603052	-2.74282829930582	3.927640167426903	0.8257958370579415	-1.1270553218209687	2.1340531215456338	-1.900386726684909	0.6579481564923085	0.019618025389237313	1.357257911447799	2.1556622268829395	2.555130731250219	0.9283581915142827	-0.6332321343265791	0.04527500904570128	2.5695358254372866	-0.7468854340918375	0.13981896658193846	1.3852254586822716	-0.08342498755133763	-1.1940821718209869	-1.0685162282710639	-0.5029414969632462	0.6550553854161014	-1.3090608146114142	-0.5285097266943594	0.9082501554322989	1.6003064472545818	0.6132156985919426	-0.660192137682446	0.8173477766030853	-0.8233129176262877	1.0520727043468778	-0.07612527197504368	0.3889657971738778	-0.4578098632986468	0.9172933458478094	-0.1781691918121479	0.027142707229694748	0.6122740831013231	-1.9475756941923301	0.11480435645924084	1.3307761879095676	-1.618342572394947	-0.8257460923367049	-0.13777534747236417	0.6846707533894439	0.2363046760538055	0.49113954453236364	-1.4417877249944153	0.39198686517973447	-2.1857920080584825	0.11209212997614308	-0.13529309764314326	0.22256816477635388	1.1968170823154	-2.703461701468739	0.716842407395974	0.026064072491226668	-0.2637356059310406	-0.885972887325862	0.4542907035907363	0.6785760264472065	-1.4373878820617998	2.278529003723975	1.219895348490984	-0.3013888656347569	-0.9045360676255702	1.103190011360818	-1.1852294252334152	0.6041569373975937	-0.3079604812119642	-0.14415576230443908	0.8566427523066945	-1.0192715226614073	-0.33620767157206577	3.6192869116335786	0.36941100335304433	-0.5483608102796937	0.35896807706361816	-0.011361446334581523	-0.4997089716715056	1.2091102090779495	0.40988988853559255
DTXSID3042390	-4.151227917530029	-1.5500997349885137	-2.114219572377047	-0.27529485765421896	-0.05965436708050894	0.46319177091797775	0.717268443506081	-1.5690322515473938	-1.9345270311762284	-1.2396762063129103	-0.6979255257337605	-1.3509960840139863	-2.219620421284289	-1.483700156635342	0.445872560137134	0.4620861500279435	-0.3413266769597681	-1.3397157719267758	-0.011319945737493493	0.5484848758155793	-1.416550163891513	-0.9750817637112368	1.2584436090273996	0.01301719377403047	-0.36780612983618194	-2.080022364842842	0.26956039955649924	-0.22205064041134293	1.0750487451786168	0.009115488626677888	2.024324718568577	-0.9378067533227646	0.14291116841173662	-0.16859498293255132	0.02656579944184302	-0.3239573531037248	0.046805117234756735	0.3592390715810705	-0.8821934326482725	0.6482234390716098	0.025431207572658453	-0.222433514846338	0.6922748873360576	1.2637245404444668	-0.8810114496609627	0.07216171536341902	0.31692987606469747	-0.201846326347314	0.5648613498891978	1.0395153888413857	0.25246365575028995	-0.1324191984663314	0.04134114617875903	-0.0016933181408435684	-0.26362816312512477	-0.05663246642069355	0.42577665780256535	-0.5997813588858272	-0.3801954103462351	-0.4041959942552842	-0.3436844440671601	-0.5236936012273896	0.8652562264355128	-0.30265465475881254	-0.058929741808920855	-0.4584990172609196	-0.3386160309972582	-0.05601562854632825	-0.016227552491154304	0.14663323178503718	-0.6004040872713018	0.1192891346674176	-0.262866167245684	-0.14839545592416378	0.2583853776332186	-0.22492902232287343	0.2260367559148675	0.14489298263106146	-0.7756525244905783	-0.2189441538610577	1.175119469200834	-0.5068524735806809	-0.4797600193029917	0.10142746229570468	0.2606293194205652	-0.08144782604127024	0.24489145545609498	0.24729015245422312	-0.13936601205880014	-0.12376862469835521	-1.1724075657003452	0.20313777953155848	-0.13343270091214088	-0.7159031049883003	-0.7157624478019206	0.37930075054882456	0.24713435791061397	-0.4526693934377089	-0.4323346788602037	0.5454026523185432
DTXSID1049061	13.93025314003279	-1.3450708278825942	-7.074897692524956	-1.4535716405752985	3.0022939048597177	-1.944121693429323	-1.7111347842283033	7.710904433785182	-0.0366818311979498	3.1144257610343273	-1.1249965888218934	1.733316615077853	1.4776115333846929	-0.9370459448695082	0.7044144141014929	2.712482047645965	-2.6394821844117464	1.4975330482057971	-1.5795590078849762	-4.027958931023303	0.02079450555482238	-1.8184720689853715	1.2846241850032885	-0.6609508104934394	-2.9878790822415704	0.7125495013740415	-1.332066884649877	2.0974020808466842	-0.6685886826229107	-1.8578380823642935	-0.4967582371634842	0.6435333107345603	0.13928012870736278	0.4897624725423691	2.6008048300791473	-0.48714722839342317	-2.0957563100150427	1.1193842829971812	-1.1882075209068304	-0.7470612464066713	-0.01183889965607762	0.5619282150717632	1.5316067907466193	-0.11670065453189966	1.8660787846483577	-0.005070056966229135	-0.48602857389861404	-0.6816476423103407	0.2108936280994822	-0.5521508584044731	0.0038999621184912805	-0.698716291555338	0.5742587288809303	-0.29595534977691157	-0.37013409686022747	0.44500167612769725	-0.11601940855813007	1.2593872260460435	-0.10674809856163797	0.8138227695466476	-0.5834274357780772	-1.6842769316147774	-1.3018512917880776	-0.7476662730922068	0.17144392939594347	0.6344702338344711	0.40081126042921755	1.710528681212547	0.8222654786220976	-0.36047978571832145	0.007108565491933727	0.03096540649375001	-1.4066718271235814	-0.3002321461046948	2.352677825760586	-3.322511057881432	-2.8634128222317217	1.4936218670559656	-3.12704973694506	1.925855827655632	-2.3860973358040143	0.022421226307899774	-0.889331337796481	-1.0039427472519042	1.0270821792151588	2.266242439328337	2.3253791530371335	-2.9341329367046214	-2.585564984288323	0.9295152605462266	0.6465850799714286	1.2434104105483754	1.3352053307061813	-3.2602155239160053	2.3939178625391913	0.7980552855843078	-0.3505892672102591	1.2458008538747496	-0.7760652632871016	-1.697766348164372
DTXSID1024413	-3.797810385955109	0.7141761415099508	-0.10709072921848097	1.5868327997947562	1.5576155647857963	-0.7658979302066347	-0.7263182766889144	0.2776706484116372	1.9668220382192687	0.4587279047179371	-0.4461697936394433	-0.6628173503089851	-0.02000309109015396	0.1210955363946961	0.5147920385346995	0.3250500364658014	0.38754596872255287	0.5918156994588303	-0.31905992823131146	-0.6308865820841151	-0.041338480487465225	-0.2662424463244785	0.9693198358744838	0.25686508426863064	0.6308223598912258	-0.13222892234570321	0.41673242820748907	-0.41587863570206024	-0.3219467196637326	0.6025682321341631	-1.0663974784922128	-0.5807593974138595	-0.0863985648641722	-0.45386756477045825	1.1686261870240289	0.9308074563077784	-0.5082885886967612	-0.013654366631655472	0.32251853427487304	0.2614136971950831	-0.2207473332421192	0.4805801324892601	-0.14425322102204802	0.5677639255203974	0.541673105395252	-0.336770527953422	0.4488232564100345	-0.3977090366761148	0.028272660892875313	0.4694319338264128	0.3738190554109348	0.03601778465402226	0.663404497508835	-0.04376839454365061	-0.5300101053827144	-0.006281605520430985	-0.2344503803185224	-0.14400781570394192	0.5621595867400933	0.5601083935366115	-0.06601465375124727	-0.18705079347753983	0.33802880617055703	-0.1968932133247235	0.09448025623141136	0.3288535671534964	0.03730991921912955	0.42821166941215505	0.4861384660326386	0.8132603203034992	-0.5473219613000222	1.0337030632193545	-0.2936555934907227	0.4771812155650743	0.13823784794899438	-0.5275040649293273	-0.6034113058863765	-0.15296396340652546	0.18246352025090612	-0.3200430985043527	0.2184181192033631	-0.04054076912634251	0.6884168404970561	-0.1386207457358792	-0.6243244671259032	-0.23667989390944008	0.26904862099578425	-0.26740758702200695	-0.06627343820974292	0.21404455893815716	0.2861660156943506	-0.035838045424360455	0.20606633122785312	0.15823540246300402	0.07805422140232778	-0.007385935209746513	-0.15124053431953272	-0.14493470932128819	-0.05994054093276076	-0.46813485188367954
DTXSID9040635	-3.4173976857078885	2.6630699399142497	-1.395378280139012	2.100947508770301	-0.7248778376692746	-0.9271954749788476	2.9696517492465633	-1.1187236382302952	-0.29210952802227486	-2.687359958435856	1.421260025197252	-0.48545919819327815	-0.15887715147553177	-0.64565974943159	-0.6378422458043344	0.792227939311824	-1.9173172077184666	-0.07124258090993628	-0.6555899435946073	2.249341249565595	-3.1280100905714034	-0.33007439753704587	-1.5243763890908382	-0.923693236640614	1.9947727591375546	-1.921528898149103	-1.3273454336937203	0.5564457934854314	1.7261303171699212	-1.6451483397914732	2.2533853027410973	-1.6905955764393903	-1.4915150023480241	0.6182847821891917	0.6771240395346201	-1.334549648417437	0.8458541250985975	0.4228920500370123	-1.7859501068705699	0.36764664891866344	0.9565932933378433	-0.8582097981825118	1.5046326197207767	1.20094293540738	-0.5773964798573653	-0.04941641922959181	-0.6617072802859827	-0.7502359829169136	1.2178461832733523	0.6761717375856746	0.34686467700818413	-0.9506806994487162	-0.550548226991026	-0.7684291148554776	-0.4972922852680749	-0.7943488330458748	0.5469367920338528	-1.041931610071298	0.9812672990322714	-0.9494870658031055	-1.0948416178265288	-0.3627440451437585	0.7826407762002212	-0.6079534856694913	-0.6011331185973053	0.8194430557640804	-0.27824659659084977	-0.13015978830848024	1.1465700609309224	-0.06523972024341435	0.35260798826747697	-0.2789156303038783	-0.2027671075707814	0.6646520781171144	0.6193000846053247	-0.44181372067963726	-0.047463547591466086	0.06629781593550686	-0.7227835374736438	-0.5644734092817976	-0.8401314108677091	-0.10843994461640152	-0.8059300749953728	1.2151697452717476	0.23677343388831912	0.9522830801356654	-0.134975329060696	-0.12964900387847147	-0.3253032560657771	-1.063275806914581	0.42761233700830487	-0.47832322129745397	-0.08725919337807253	-0.020278053808689644	-0.321311439261743	0.13654656647255892	0.10140985453841353	0.360405096241932	-0.36544072585125004	-0.17634075482726497
DTXSID8025628	-3.6287646731182144	-0.072412664017928	-2.1856879038813006	1.9573268430078923	1.5949071216032946	0.1416848424548273	-0.6792564598153304	-1.6744100564496534	-0.2037253430044424	2.9830692591545667	0.44726311885256775	4.449564118012188	-1.0115807922775573	0.7100950275832586	-0.2872683021682971	-1.6407171030927212	-0.5660166571267973	-0.158632726924979	0.5708121284464939	-0.09201351994620069	-0.11916282702333789	0.08728542441869962	0.7247111091183166	0.09538949690531275	-0.18596646889879861	-0.2533370148960726	-0.008437450024652089	-0.8299660918616533	-0.15022748896564284	0.4182653339784242	0.3680379177933227	0.04374964119812427	0.42349989251941705	-0.22944373720094738	-0.7762227498396516	-0.0003677183296750784	0.2666542690992685	0.27089625829336017	-0.38759852712308385	0.3829142882553871	-0.02996398801789747	0.09111624243509697	-0.021767407490195234	0.11264606240498146	-0.18643904748373763	0.0616065327088823	0.5092685689454567	0.03151017247743711	-0.23754392979173763	-0.09303726144968673	-0.22128951968057078	-0.06172337524025919	-0.13701570900078094	-0.0983094399882428	-0.3029498058482913	0.2839551349338557	-0.1615117376500506	-0.0888380527515391	-0.8593635833962017	-0.27241376358793634	0.4470078580036451	-0.327962091256354	0.3095233762820137	0.2125198299423465	0.10910412043100474	-0.4480475709674816	-0.260969752998504	-0.031846697270518025	-0.44908620110585296	0.31240296212012064	-0.10555499182068329	-0.09306981977679125	0.09740546030119862	-0.37422805333931675	0.07877591208369544	-0.42617826877804255	-0.3580396747114593	-0.14856809478978134	0.3262554560589963	-0.03994545332484834	0.4574762412394728	-0.05115371537117037	-0.43205430650053345	-1.225064060284849	0.4053928056567161	-0.6760789973415631	-1.1004230899830396	0.6966655821100114	-1.5266121319695207	-1.0237633117412468	-0.0638954503911943	-0.3282911780111032	0.08030702302713208	-0.726806329205936	-0.12590507155430786	0.5062840167218805	-0.24793295455126046	-0.070024288232926	0.057893809922351346	0.377123302375791
DTXSID9044538	5.167120926861902	5.341627526454749	-2.8093819839090366	-0.3128627015732122	0.9325756937189842	1.643777523488505	0.6836327578145465	-0.21432801471787494	-2.263707320547391	2.168859194427342	0.2673411318214656	9.818831988987753	0.18478292117478612	0.5136104301173812	2.9537158085892385	2.4724119219983085	1.949975634108429	-3.14081659569897	0.8697423674991459	0.52295502885972	-2.1514230826017666	-1.3636776678194167	-0.8617013983573252	-0.6218699150565079	-2.367803370092037	1.2623778226493303	-1.1396547198596332	-1.2164318474820373	-0.429905543941618	-0.03774785038933331	0.8782444319619116	3.043590633418631	-0.3079984846149832	-1.5725842917119193	-1.4802212871760454	1.6869579470189928	0.20768796858998528	-0.5783076944340341	-0.8537006302134809	0.9632022383922703	0.6737421110285905	-0.9131786749062837	-2.0217032075253507	-0.8822147213831816	-0.35737550115399774	-1.8469400393685973	-0.047045723607664625	0.37682539205020293	0.9556326684377423	-0.4842385995573604	-0.21923862084024587	-0.16427800034200205	-1.6974266808508935	-0.4537451628962527	-0.11877013601892289	-1.4205954120739381	-0.46041513866217704	-0.5375510490027211	1.4596767821244103	0.3470800174723632	1.21155590160885	-2.5482599968518245	-1.2965710204500434	0.49699053890241285	-1.8205618558755856	1.6830499158099417	-0.1167615121540981	0.1663465416718067	-0.10465902700784761	0.7616989190970945	-1.043703178071503	1.9756300614668565	-0.3619494177833599	0.436138433266004	-0.5836125426294927	0.9723254956052617	0.26040287960127423	0.5142890278831446	-0.9112604922015715	-0.12326635086297107	0.33000733324548115	-0.6343058083260523	1.1791108870236489	1.2017870217457363	-0.9594710178831061	0.15636412153700943	1.1392480788059118	-1.0379100782065007	0.7252481482943655	0.8274878223066158	-0.5571812262434022	1.1580148842074678	0.6180980393298355	-0.24423075917659698	-0.3355381649255221	-0.7324177126367535	-0.43152692356962913	-0.31106412347495915	-0.05559279777696949	-0.1009244245161269
DTXSID0021258	9.755788244595362	-2.8786243584061038	-1.7494213025496614	3.1196154547158033	-3.1561478049948084	-0.8554670124983794	0.48070304040751743	3.263814362141122	1.843291309404351	-2.2271818879344356	-0.08353066024915616	0.3559555269769629	-2.778673959984919	0.32017643111175725	3.6237062986978703	-0.9577997495207572	-2.472935533214058	-2.0396113636507476	1.6956823287068947	2.2714384334726376	1.1197147752119587	0.2931259393804082	3.1227552909411713	0.8042442141700983	1.272577716280476	4.9935103342896205	0.9887591502433349	2.8594527944962214	3.400728305620084	-0.44504337058695975	0.0708474821450848	0.7280866624943091	1.5815062878974837	1.2104799092988876	-1.563675686696298	-0.6494744809473156	-1.7936688669991465	3.6046927101466872	-1.43807907982583	3.251765248176797	0.417402045086363	0.2870683546580473	-2.4307846980657244	0.5774373875620182	1.6371658521861243	0.1399798814306322	-4.700210694323974	1.9553806590178868	-3.208834933077816	9.136377678503328	-1.4154694922527689	-0.6231139710137336	-0.13506218967519582	-3.6523851498234454	-2.0697142984124297	2.7007489046914777	-4.327320317810072	-3.281875399468272	-1.6728408256269736	-1.4651518944174222	-3.018725834086015	4.544287045279409	-5.462601722992373	0.8160974110679902	0.34587564821767736	3.409251843401631	-0.052637344680912294	1.431797817397165	0.23857343834229935	-2.1285210822218654	3.254558354462542	1.3756868449786368	0.0675706017250518	-4.383374717288822	-1.5344710292466965	-0.9536009578010554	0.652646766485091	-1.3171639225016425	-2.6101505445953204	-2.9271792514919923	4.550688476760029	1.0540466848589356	-0.3225762932110783	-0.8615089646313668	0.24348419952708894	-2.7750261539939634	-0.48416682677961703	-1.7088576963168285	-1.2822528232484431	2.0366232966607805	3.852155329977525	0.8652462797751803	2.73891322446432	-0.4018266363552423	0.8348658017885422	-0.5893533669754266	0.867017802527516	1.391586345057567	-1.233112809308188	1.1184262453727636
DTXSID6021408	4.824889326764978	6.839981794593298	0.5447651655514818	-1.1326065230772533	-0.9759150101404214	1.2417436389216612	-3.0404217007539214	-0.5365986748322692	1.1115503386754353	-0.7988793673927275	0.9838376521261121	-2.582824105126565	-4.117811017051874	-3.480991363168857	1.152282441176559	1.6322669024860053	0.15861148033839648	0.33914298088363587	0.124628234834532	-1.781559181687466	0.2260164053912306	-0.917955180176836	-0.5302177148060854	-2.4716145573035457	0.5658174680977205	-0.2414561662017513	-1.3054278047261392	-1.1348010025506934	-0.5507793199945207	0.6146777818173047	-0.5201449902282564	-3.6754373420081485	-1.7408027467055174	1.7237004984850757	-1.6758958312912389	-0.615074015386457	-1.1183177913496456	0.03474733337895966	-0.321476239787416	-0.5304475884388633	-0.34532960051886497	0.612921200942575	-0.39027720099277124	-0.056113229019291874	0.7672337005574706	-0.5976022377311984	0.399470141527073	0.6303833388079159	-1.380157018290059	-0.6060690444712443	-0.5119438042081976	-0.1639850558459998	-0.6510282696034455	-0.46603997747301407	-0.12774130511062404	-1.1706003569311794	-0.03284348678509516	0.05899433499533772	0.4222377391249526	-0.7137534663337093	2.2017162635957317	0.5816480775481397	-0.7980064835047299	2.115147637449124	1.2085671300813512	0.24510190307164262	-0.5874232006696347	-0.6659649844600112	0.995560817945343	-3.3311620963962736	-2.3509417492941047	-0.9591987602640137	-0.5534510776432465	-0.5979748029814567	-0.9821187989519414	0.6758416126711703	-3.8828397648696154	0.21159152568281375	-0.703598342317887	-1.2913072784981299	0.8498759675268256	0.6888033473981521	-2.1039717179188084	-0.003663334168717628	1.4333478815392209	0.652122280328708	0.9980811649690062	1.6487738856424732	-0.8039988651903944	0.37412867082828993	0.27926744455177244	1.5627918589189835	0.8040480765767488	0.7756241062517811	-0.9989259128570823	-0.2830230406142262	-1.7300180679753379	-0.8062684904648796	1.0735744847222577	-0.07977555948016889
DTXSID7047807	0.7880458579380953	1.0281316512403142	1.4028635509378071	-0.27257549136101256	-2.09035894300706	0.6345798708864008	0.5291147189208135	2.2981733780960796	-0.42795676506075525	0.4341484377069595	0.26479037858339105	0.28745314714249587	0.03668254068042468	0.6575941264214124	1.7039460103873052	0.7461350218616348	-0.1967001045094892	0.8971284165490098	-0.40223090528571903	-1.9828140252837774	-0.7769000529517273	-0.7569466364541921	1.069805983775424	0.13976091450299127	-0.1291054615941911	1.096134138296199	0.3569998129358595	-0.5071743531617218	0.21498605276919408	-1.101500338676727	-1.0894151673559505	0.04164486335632961	-0.6636101461348181	-0.01245330652771093	0.2715742292412736	0.24187907132033012	-0.31516912736881403	0.4400505346369866	-1.122817564322865	-0.616128557666585	0.5033999622206821	0.16511053955998378	-0.07902429181148246	-0.014374828233167972	-0.07209053069523032	0.0048779114335450345	0.10014750762869755	-0.5657733301813295	-0.15226468933207737	-0.6357401363991222	0.009034724552260447	-0.1879078492666999	0.5398858328229483	-0.4137945378361275	-0.33883743307067576	-0.8999675347623957	0.04794312077217664	0.5615004546078955	0.13857018569606155	-0.04602205401711136	0.02849723301054067	-0.004470690612150749	-0.7203113746403056	-0.23046235327653763	-0.17360532322408725	0.17469233379077329	-0.4241077146479349	0.5579519869552065	0.35396504856541405	0.07463210536936579	-0.2413380355662474	-0.8138255629833074	1.6087227419044106	-0.3746614827216838	0.39015511445325024	0.9765395630238838	0.1695831463872955	0.14184692154988665	0.1278488694254739	0.34907999553398666	-0.48854943938840856	0.1361782403810696	-0.24488009445150175	-0.4041477517546782	-0.8593628027913509	0.1968642730751702	0.4969209808051179	-0.7118380733730513	-0.31261359844697933	-0.848409376930599	0.3219392116690456	-0.09962299495614432	-0.7335502221211115	-0.28848038343869803	0.7842354974234017	-0.40684135464831755	0.44416858575449736	0.2695963535680271	-0.3357053275957912	-0.48582692552765583
DTXSID3057808	-3.9286818396820236	-3.3156540793724427	-0.7586313423969295	1.1836149439491712	-0.9986276194965604	-2.0966570958343604	1.8439526131779065	1.8210135965641323	1.2126651779361988	1.3864993610880603	-0.48490221560822944	0.1426114913669923	-0.9694029786768619	0.46260639418403854	3.7306033417147737	1.2399703744692616	-2.431927940600347	0.6050608180007375	-1.2166332559278334	0.9761169634867787	-0.2775480944540896	1.9265161543555736	-0.0867000329304594	-2.034150193585866	2.119113480805308	1.145925679924738	2.5230657808173214	0.7770959245124878	0.9534917045039526	-3.4259297113228055	-0.6455103543549178	-1.062654469887696	-0.8898964581417882	-3.779088465114341	-0.24171917019562048	-3.4614542241055855	-0.18158319586545002	-2.0620740067360974	3.2020243436775937	1.4033019990290947	-1.9950435958511639	-2.2570240390946497	0.5662826820345463	-1.6817914525533004	-1.63927203636541	-1.9922943379266096	-3.3119455821349035	0.40983442895650396	0.09717357545626829	-0.6226737055488872	-0.1750150259246897	-4.8394739568780825	-1.3867990580738936	1.3509868023581233	0.16544989270671667	4.501718269064151	0.1826811295493968	2.789769601379553	-1.5162452975903555	0.8219013408760423	6.4154790309498235	-1.4632023594246473	2.262354633590101	-2.2282818411152108	-1.8499845520727685	0.8084340747208096	1.0673334577674494	1.2468941098201096	-2.432668281670443	-0.8261045730949647	0.845379904774024	-0.5016697071230829	-0.15410319352325852	-0.8588301703716824	-1.1021480713949812	0.17630206720735203	0.8757976215661544	-2.384382145752297	-0.212932308766127	0.35467640906284176	1.504978126426329	1.5049884483670781	-1.147208026017391	-0.2709545571116499	1.0245505828528236	0.9895242687047413	-0.044537899972074795	-1.2175060738425925	0.27168128875462444	0.8767854061436332	0.6416795235290599	0.23781756203028176	-0.43046448951668437	0.5365953672300561	-0.9345632914913387	1.5625122286104118	0.23057903318893452	0.2889589142917243	-0.5921684318073717	0.6758371496641978
DTXSID3029158	-0.7231940418101775	-4.206866614324095	-1.2829229095362527	0.00913534886041636	-2.5078214283368956	-2.855879060612264	1.1746533961716468	2.397776113982472	1.3720455671164373	0.9157205545981131	0.06381585520297198	1.1840869897184627	-0.24220166447109212	0.7782271828803567	5.30872339761964	2.796940893272738	-4.713603000274268	2.488653185982599	-2.2425048501569127	0.5827159565268647	0.3443912693715315	0.2685370670388795	0.06280851247732328	-2.6388277944320016	0.7328374623655296	1.5307026065269147	1.3890665059133709	-1.97365264099676	0.7109918574685224	-5.443468010814503	1.252069493287803	-1.0663303088591074	-1.777600850320659	-11.708276032785573	-0.5257804636512113	2.4937272820658847	4.13865627221278	3.9807603251492134	11.641312842912452	-8.886857138316556	3.7795544074299405	-5.687106539466189	-1.8191502246197047	4.851202172320222	-1.6641870684512972	-0.49757639941349563	-0.11969157870645832	-1.0777555807530845	-4.60140832832754	-3.416682574257249	-3.1620633690265265	-9.384425244684612	-3.6048253067213607	2.455336880556081	7.349711162268958	10.78531575664357	-0.7443915621420026	-0.7130833019520215	3.4845192633338393	-9.790815680453026	-1.6760699809347035	-2.790176243911413	-0.48631374397420096	0.39389286277265717	7.175933315464387	2.948641083678702	-3.4406786047320446	-4.682096838293754	0.8011364668839633	-0.8982766051465361	-1.3546041517882608	0.5503234039103071	-0.3452386455306128	1.2133207259175487	-1.1318751482885663	-1.4324122749893635	1.4567473299408125	-0.8835478182608582	-1.198493713101659	0.1704998095529251	-0.6768480073706069	-0.6206441556787392	-0.0540318318129639	-0.6565270821391564	-0.14449710034041013	-1.2150911466472771	0.2213726311836134	0.34146768998406846	1.13248563557981	-0.187475657751615	0.26845586840295643	-0.9394127138701526	0.09080059346157068	0.6502349503820168	-1.0933739196378882	0.45936415654251095	0.5078763116769799	0.2227619556569141	0.03892864614643588	-0.09521933287337855
DTXSID1022053	-1.183382585138924	0.07401632505131786	-3.7332662781370347	1.6855445537281482	2.9553859065418324	1.337291737297552	-3.109239912136917	-5.309331452677366	-1.847580945622088	0.19608579120932038	-2.466585300709335	11.027128427488826	3.1767086479914046	-2.6377833219887217	1.6956594595612322	-1.6207065860978136	-3.152376342825741	0.23200430980184678	-0.10176555039259054	-0.11044267777967995	-0.5399655487287544	1.2076516538504236	-0.2531880700047006	-0.5877798094281609	1.0950920691892383	0.07311874275222585	0.6515291250601719	-0.6919895661718534	-0.18877328167915555	-0.009240321093279727	-2.5079057653837555	-0.33287539713741976	-0.0939104953822477	1.003712308949688	-0.5716648432933813	-0.11164145327640064	-0.3434271477652176	0.6356579950957837	-0.2657641549733714	-0.5021615890280964	0.19604161214979032	0.03547837637945583	0.1333570653350636	-0.32574068328188527	-0.027798943736833795	-0.11671372485578467	0.36346197682175047	-0.14733326481877632	0.1502626522770289	0.2292190635478196	-0.035075236067824006	-0.09030537919730997	0.21076041349005925	-0.14981997655143203	0.1604483922434172	0.04585961405662195	-0.29221242563943706	-0.09948948939531616	0.2837257440818141	-0.20244182783710374	0.09405442590197102	-0.0858642051407492	-0.014455075432198412	0.4685383391917631	0.04593655034240803	-0.22576131027722987	0.30150308673315573	-0.04671193261307634	0.7700729096447966	0.355062660788918	-0.3521151243117282	-0.4620948300668818	0.19477719696430498	0.0639249600829638	-0.327913299799285	0.3345744104189429	0.20497194111414382	-0.6432232155000328	-0.4027513920077864	0.16996758732026043	0.7328626759620512	0.09513101900291045	-0.66369145616353	0.39734187647221775	-0.14221068666892608	0.47845997280821767	0.11930554341921695	0.8068157266427585	0.7346593604980112	-0.8380294711177044	0.3202053052207568	0.022214384335270027	0.0651041836809387	0.3914912968121711	0.35026819680111326	0.2957235433559557	-0.2417994260136707	-0.14260040071097096	-0.05862000917945627	0.13394231955133362
DTXSID80379781	2.103945440405083	-2.5884177841520932	-3.5160166888524325	-10.249096204395912	4.115871174121525	11.047564656152689	0.3707208896461175	-4.577893413777805	7.924164541368584	-1.3325160691340128	3.4346985364866653	-1.235780252930676	2.9368429354308723	5.054365999039806	0.01444663896631001	2.1824499025220745	-2.7651065825165215	-0.5520408742843991	2.6660246508107197	-0.18540647784818107	-2.036515992142774	1.7216206745781333	0.13826732500480896	-0.40298572520437403	0.17854903269642933	-0.354536882199504	-0.6093983969219606	-0.11511485987434505	0.7235123211413778	-0.19077048743130834	0.21770722667393896	-1.35028799446366	-0.7655482190382439	-0.08520430904815796	-0.25538603468982785	0.38458816712614097	-0.29516103570069185	0.1653292858668878	0.340665295389365	0.5492998050445245	0.28848653209488645	0.19222354954109816	-0.32770889351834687	0.4418941936871536	0.323549582748212	0.74033816996188	-0.4596371874092799	0.12433956491440105	-0.24939275485844367	0.3020900899897258	-0.09478215309497687	0.057481231932204294	-0.41349301685303547	0.2536640931807369	0.22614966218881152	0.12922776119979124	-0.04049783776431844	0.9679335914452063	-0.8804280288479416	0.3720125541984878	-0.0816343201685748	0.5966253489362751	-0.3712576852357775	-0.1241564616259054	0.044584975722540145	-0.49152487201671263	0.10170152609894952	-0.6166164089781984	0.027022199248428996	-1.2601449979981796	-0.3847613238129299	0.12675433819886325	-0.371153633727006	0.7759207762463248	-0.15010118685735563	-0.3729380426847313	0.13313063419985938	0.10770827617444632	0.19450101722638607	-0.16649490435979075	0.13513365007379818	0.4483285040428419	0.16953940178123125	0.2983082681598086	-0.39496966356838137	0.14613187574122838	0.1809582182463405	-0.5557010881059978	0.17620040171730378	-0.35814662964072924	0.4416899311941217	-0.02116291760613298	-0.4507596973085968	-0.04394006808626144	0.22025139296201848	0.1976267884882885	0.016753962861423128	0.1810217644098748	-0.18710095616210268	0.18287473751835182
DTXSID50381992	-0.31121051401094535	-2.1707625003895084	-4.2773286449799786	-8.222123116403273	1.2922381220144197	7.523013330897388	0.701305198455354	-2.91373539311347	6.397657477022068	0.29023259051481753	2.362311053887055	-0.8279303923774991	2.423331066326325	4.219540421377033	0.3386055888290368	2.308509489533025	-2.158097627227712	0.25708972939545777	1.9268878196633386	-0.44733529477551176	-1.0093601019950385	1.0151578405393478	-0.5242426923671034	-0.2211976215871745	0.09860779529917432	0.050296658967075816	0.019655929663389672	0.12291161996450246	0.6751230133525961	-0.4253890504015311	0.013108360521248752	-0.9297848822742435	-0.6234227925074759	-0.0038070409264339563	0.28596558934117644	0.7579235995404954	-0.16383247993824981	0.09117823937742649	0.2384862330488528	0.3015493842737692	0.4634019386813389	0.305706722926503	-0.059080390813738115	-0.14506008070078708	-0.04582107923794205	0.5395293203373943	-0.3899206619246761	0.2031915598944313	0.056795740175329505	0.2070100939313596	-0.037805140956896195	0.1499960783495566	-0.27021028646515416	0.012213028358516516	0.3178301397267029	-0.08648722478198663	-0.05416235289919326	0.5774048925850568	-0.6001076597796747	0.30602959253648376	-0.27793583628968616	0.12945009646464917	-0.4067273173479558	-0.4727119690084364	-0.2590827725683884	-0.2996754029123168	0.32137627069197394	-0.18369171976021909	0.2999883862202537	-0.6132800379314366	-0.3400820227553444	-0.1277946561550877	-0.4448081044867885	0.5526416591954226	-0.2657873491830531	0.5166413077807424	0.5576911269865421	0.2942780231476995	-0.14129417272251021	0.18395128798714494	0.05746418849496214	0.13076219368533726	-0.45203759496178486	0.39934469331926525	-0.2177981175388878	0.7136635566547299	0.00306652524435305	0.28047112159919624	0.6383563184287278	-1.0120971288260001	1.1970796706737696	-0.7770069279247281	0.01889684921043418	0.5589361672036831	-0.1231715449661824	-0.4773598248907454	0.39417524385907343	0.18776672752857443	0.07080744879316844	-1.068457455275051
DTXSID1045320	0.6399155565507292	1.2251434521577762	1.158974517515876	-0.36496508166345076	-0.462144936678725	-1.2121087102612855	-0.45884128349205494	1.646563303324808	0.09773306178355304	-1.541710677218594	0.028282125265565346	-0.06279763528858441	-1.1517789722423863	2.2103578135483652	1.5633196701695535	0.9347557264865849	-0.6767089851943336	0.22314376098915212	-0.47365497766743253	-1.57446041154765	-0.5463323767037035	-0.6026476101534467	1.231710095769699	0.22870378996626395	-0.6356887193476677	0.927011345241769	-0.19200237107445928	0.4036938063795678	-0.25527758550025664	-1.5711347482647515	-2.2208507356210143	-0.2982702868489439	0.1490496518504105	0.37814209582267605	0.08295239848145912	-0.6306603861174932	-1.1545742809431199	0.027534530149364807	-1.7322345388362632	1.05028374905489	0.7256373499133209	0.3705775243266926	0.5933507968399209	-0.9250940045926044	0.061389059980245374	0.12607738460309126	-0.13709020267915012	-0.20022025804854116	0.10988837516645343	-0.8163546682480167	-0.2093179010311184	-0.5787977164585395	0.7538086875300505	-0.3012965420871964	-0.2578113312559227	0.20494461678077977	-0.032918967493858656	1.710187041917253	-0.2537615886339166	-0.7271082007851293	0.07960767560434125	-0.9007195619210014	-0.5314386426738653	0.3754933675368605	0.44726428982665883	0.3091578025082398	-0.6726871854287743	-1.0575989026142065	0.19144893626703477	-0.3327508244758605	1.9015230028106411	0.19155066617447944	-0.0008925081355285149	-1.0546935668766135	-0.15653726193159534	-0.20624691714174515	0.11904384441943537	-0.476352025455734	0.005183830170769905	-0.19275344691674323	0.5530755543121282	0.4442959141216879	-0.6727157851603899	-0.11432795905754586	0.1362493892806192	0.7071481807552776	0.6194221134525493	-1.163935216398762	-0.42228788045870447	0.2967468779199741	0.6397032338464009	-0.19670570152073455	-1.0041335916746394	-0.15734274605973825	0.8505900249853593	0.3352362201321795	0.004144566443910206	0.3489326965122228	-0.06847523360359511	-0.000731252285171108
DTXSID0024183	-6.414087663259552	-3.082233439185014	0.05035606528921714	0.09130626041200873	0.8535433587430339	-0.5559226658793688	-0.8173193518912893	-0.4666829030769289	-0.2701068243878971	-1.8473689280033811	-0.6833087758909899	0.021057357263045844	-1.0739113700630718	1.5725315911014346	0.023490825446464386	-0.5147054196359859	0.4871518076551137	-0.6812240686821754	0.3866289661180014	-0.6477556530911797	0.5139020891199495	-0.40313563440186895	0.48328368000869437	0.3149022119775406	-0.21414021391652757	-0.7850334443205108	0.03308638221295962	1.0095017230469387	-0.29619677345264905	0.33192362046274765	-0.06697819378806835	0.09635152500913864	1.2462931506054669	-0.20600837123064497	-0.41716163121208855	-0.4656527266950864	-0.2571127174304614	-0.674690666988748	0.5800180169333953	0.14562358928900104	-0.5617955674431542	0.293679168148807	-0.28275465596898286	0.6608261240832307	-0.833764581672331	-0.3111630154253243	0.1592250846437048	-0.4481470645265807	-0.24408099183226106	-0.24585994908932718	0.17221188747658386	0.008938807007954701	-0.12753373459726183	0.13511286965989605	0.5443684676608376	-0.7202440392282531	0.30949708185647734	0.07637328504098607	0.2234432566710664	-0.46041002296183087	0.6328041677232904	0.40326912601519277	-0.14475659284365366	-0.5385042328279837	-0.07225489758036681	0.12201134557120376	0.7415561295001002	-0.4735428191310106	0.7910232535464975	-0.06168061220014482	-0.386848134710074	0.01426653527034501	0.278216202051808	-0.18828718599778638	-1.1821547610135084	-0.5042308356967776	-0.3123353127749698	-0.9233047917792582	-0.17815040885559205	-0.3057865032985132	0.09725769082224145	-0.0003281694559736237	0.23903246222377234	-0.3172229359308706	0.049179778446510704	-0.3820019813286619	0.07638092013012879	-0.07344051190695543	-0.5733160381465147	0.6294163795619981	-0.6152781737956021	0.4837989345477183	0.12126780366362416	-0.2083475647368935	0.2135841163542967	-0.37026635710458156	-0.552568452646905	-0.11043604190042719	-0.5589840561762925	-0.11932833250059569
DTXSID4020870	5.020642185203538	5.436669350277376	2.9241296104329457	0.3898665876092441	-4.223988832849861	-0.9591173217079557	-3.6203316988412935	-5.420406904173557	-1.088662523947713	-0.024060335858916294	-6.964842635535173	-0.6980074113916254	8.699872308085856	-0.7955889684956945	1.5142983706391728	-0.8343584299010589	-2.76164399575031	0.6649033808458223	-1.035071650836707	-0.34607315990846804	-0.14004451163713819	1.2025911424003306	0.678263467709835	-2.2646571916072293	3.1967392341003302	-0.010826841863098829	-1.0920537246909157	-1.8719846858884588	-0.8015492061022539	-0.6394855361772287	-2.500582587942803	1.2928864483200475	0.7607495706756627	1.4430317224525038	0.19640687576113383	0.2173266187500215	-1.4011416065962525	0.7811260097697159	-0.5608837677368487	-0.6086365411850764	0.19419303477092537	-0.21890807657361472	-0.19891808727665528	-0.9098291751349997	-0.27418534208123163	0.145504050225399	-0.6755215907651112	0.05408786005467435	-0.16868967150996345	0.3196312065150538	-0.1221078103588985	-0.5310647854113938	0.6616971554305314	-0.041433937496576284	0.2770889276891659	0.7753870419361759	0.32442654059244136	0.48749762683015235	-0.07251419331091588	-0.31208527241714684	-0.09057687108172643	1.0756488168403222	0.08955393764998403	0.4896747172054027	0.37276848258959455	-1.7275969829382616	0.33218589295115036	0.7893776191009335	0.9687288455192947	0.5076561778386276	-0.5287797344224611	-0.4501907774786837	0.5458485103070324	0.28537071792013213	-0.2972010311730773	0.5618285277853299	1.1390542458697583	-0.05034588739695843	0.006987180562164789	0.09195859262212797	-0.2652160714319485	-1.1641703918886208	0.11439298636433257	0.35123784761561877	0.4086704565094149	-0.2590709911251436	-0.916477404664753	1.2094707869001224	0.19579851226427936	0.07185928776222118	-0.5111163931825444	1.4179159666672017	0.8262064661281157	0.8714427938993026	-1.1207952818574796	0.033929492335861684	0.5380495917001601	-0.18389956928146114	-0.4610804819461587	0.6943975215147824
DTXSID9025451	-1.4989429581038662	-0.9851404411190047	4.624254304871012	0.62844449185412	1.386670540939485	0.14020805118572333	-0.04539138561875372	-1.0535150240497066	0.051399963773701866	0.17657627020315225	0.026310410260456725	-0.4527831429870652	0.12854877690038152	-0.019584447744991285	-0.800688714117596	-0.10983569816401251	0.3664165353759203	0.048594236818297554	-0.9665315890103625	0.06725946083518038	0.26043812714919656	-0.6267938645540764	1.5684846210944956	0.07903286396353425	-0.0735028506336359	-0.6830788020588054	0.5680562292814111	-0.5134290497012665	-0.30345795263803876	0.6673676958029124	0.35611099691348697	0.48235361159975987	1.4860085278354151	0.28899129723513706	-1.5889646995858784	-0.16294101874799474	0.37768453395874424	-1.1743859779159262	-0.786202710324776	-0.6069204507099082	0.5108730561880714	-0.3754194299207756	-0.22481460539454598	-0.2160299028341217	0.17790359150093224	-0.595949324272168	-0.3768983774940621	-0.38951312829812074	0.016742486410560496	-0.049046854803291844	-0.11254396185560939	-0.707748411586268	0.007984651864938032	0.0836797865523508	0.2385307322517112	0.7192855531040225	0.44648530689936045	0.02897526822881198	0.10401955513642927	0.3817535729571203	-0.39116877128151634	0.3132421167520587	0.06951582114349059	0.7300455791142096	-0.8700505880981722	0.03002102219293531	0.5262349097423655	-0.6983431076855904	0.3229024411437372	-0.38750423123848854	-0.37696937189440477	-0.3126666007255351	-0.021635220403506912	0.20956878539337054	0.9239974108687162	-0.8325180024385147	0.2609978582986657	0.7684924188348005	0.6702812205064005	-0.11145773352741707	0.4805555919688635	0.2942641020837275	-0.3906224992611923	-0.14022774804561697	-0.0583995380073822	0.41810431129030917	0.3092825195924099	-0.7613344091649296	0.5448787562561968	-0.45544347939450935	0.8026502333492733	-0.5262568040014661	0.1134489693154587	0.061821816761145204	0.48726588942793486	0.044687775277145486	0.08251098840512908	-0.2056041066503422	0.14016858536207696	-0.00877943051014853
DTXSID9025617	-6.614284621595975	-1.761739417183613	-1.5446768139221716	2.595429463909224	0.8020954804132123	-0.849823093102748	5.634325694951837	-1.8998719463740552	-1.0765498747519493	-2.482726152339932	0.224414896149846	-1.1097960662967878	0.8281787082248572	-1.1177831610443811	-1.2708860844887224	1.0502054163191679	-0.6596898365318015	0.7623006262873583	2.382257220238659	-1.8998566940525075	1.781191563782946	0.2110080216324581	0.3265459133617186	0.9622305914539622	-0.8489575316240274	0.46475510196545394	-0.31497331967798	-1.3497572489162797	-0.9843544748813591	0.5430428648655755	-1.2557557492912041	1.2502375376330508	0.3098235101143962	0.09404668418179823	0.34710023865204503	0.6345199217857413	-0.6930936470342903	-0.10770087194210651	0.2660480676467248	0.26905839744037535	-0.4680475046798727	-1.0764869684120157	0.4446862226271394	0.11306379316541285	-0.33110515139490243	-0.811082869030157	0.7816926789592777	0.6729478133550129	-0.6110477282852278	0.2665325479034882	-0.512134535892217	-0.09218376040234333	-0.4619051840579054	-0.4483766575175803	0.2252902646150536	0.11786514351374142	-0.34619165977451394	-0.027631441702200756	-0.34797610063947515	0.014401394720828147	0.6139842567015645	-0.12959309382395154	0.18952302123275552	0.5670374191381862	0.20928127645159886	0.21941803798339635	0.49933479704278794	-0.14349669198133447	-0.7556710870648964	-0.2900106568969496	-0.28168106905888435	-0.3460101974781177	-0.2938298512386155	-0.20971772857138585	0.28154240053203894	0.14732316305292695	-0.24926836385694925	-0.9635490202494931	-0.6589340336098122	-0.5370578518453312	-0.005545102288727495	-0.2288979788866976	0.1480331831642646	0.4014114431440015	0.032750774175083146	0.533809204629601	0.4083836993598885	-0.4289081089871619	-0.8032504652471577	-0.5077738603784834	-0.2933332689921031	-0.2781066354948312	0.25887242994736165	-0.3065829127452498	0.017239091893701694	-0.303492558827752	-0.532031749747038	-0.3516032125295829	0.1755344911394611	-0.08078076624631082
DTXSID0046012	1.371754787839682	-6.024264995582433	-3.783381574278727	1.8756485497366262	3.148374465955737	-1.164724631489742	-1.663485109989543	1.3011350262727504	-1.2375802374862128	-2.2946743592926997	1.6235727263218982	-2.293829745297414	0.05826248951257371	-1.6261787246851127	3.4081108879536037	-3.094230875193968	1.7112867568868146	-1.8857449745378867	0.14238922669474954	1.0047791983840035	-1.1661686681291281	0.8427647246817558	3.9410100383578124	-1.5911294145520638	0.33835267698254284	5.61624188569713	0.4147904262470704	0.03399502236276339	-5.133335470763801	4.227680801284353	0.5598173849152553	-2.6793236910543152	0.15636435453702244	1.2063313870570378	-0.6566441555907646	-1.1686918897432002	0.12388028933645814	-13.656111047294221	3.3075390948768417	1.8522134639097882	-0.39471078259455245	1.519938378191043	2.122146681205739	2.3547093943907593	-11.041657532986987	28.738703191496175	7.241753008696011	-9.561631865347229	4.356106615225511	11.083469512136402	-32.379591999576085	5.235865459981867	-17.523495725860514	-6.4477483046974635	-17.8227011196022	11.452247085120877	4.434300412111401	8.141220426849628	23.521704142533366	4.186777676952502	1.2902150140288087	-6.371449020541157	-3.9318905778092597	-2.203079004296171	4.149744494588602	-7.018683696636884	9.847755029445413	1.828714665564449	2.566818028174509	-2.3626209535242086	0.5720661597009978	5.523607936350403	6.795297912839699	0.6830081923028224	3.7760949869866653	3.724005591746144	-1.010448362568905	0.8963219551797882	-1.3185326841452707	1.0325650355615563	-0.1264258482558026	-0.617841572538543	-1.0139678800128684	-1.1607268937902577	1.375549596098698	1.3739420110592677	2.3897150028257372	0.5274045129326891	-0.0005241268584085836	-0.331567793551258	-1.1282238394115918	-1.30428551977997	0.8373692717602288	-1.441049852789662	-0.8343128518974757	-0.26662216796697724	0.04641403457624168	-0.36903582335684404	-1.0463958692870654	0.8445361121535387
DTXSID6041268	3.4798183635111677	3.3422777412405695	-2.6922763402896077	-1.8847528075368998	-0.23824106973612272	3.588731020005724	4.082489693176073	5.389840107958892	-3.8215643391757186	-2.738401844406929	-0.14452521062074974	1.0252270674991746	0.7863925886692569	0.7476857667987925	-1.8942606029383298	-1.549339977081052	0.1341545137338404	-1.3887040666972994	-0.6629209084322994	-0.25564989106822406	-0.09390347214132352	-0.5174194005215799	0.1096542361266593	0.5425299853579371	-1.2454530583687256	-0.6942335413328095	-0.5908718030955171	-0.26640404220833	0.37803938214156624	-0.8502369486281051	-0.5350109158469328	0.6760205976080469	0.11337982176374338	-1.1425684936868525	0.11312256244002769	-0.6048899620976208	-0.11110650918030873	0.022551870849130164	-0.2252813768359703	-0.6443967104459773	-0.5760055013345652	0.36613133588756575	-0.8462058842198635	-0.6051914002814718	0.2874336817026845	0.26037230841058273	-0.6764272902896938	-0.6858104917371116	-0.11170570453296519	-0.16894663035442023	0.03802928064295543	0.1406991635808912	0.25423480987195	-0.21999438838943092	-0.28236239193352414	0.30210877844939577	0.25477395104322603	0.8276531786820063	-0.2670291221612488	0.2684655407281597	-0.45466032800170786	0.32564897252736835	-0.44029349668955947	0.0721334318131207	-0.24665480148874405	-0.43025856555350817	0.14650673740589407	-0.3484367293095188	0.6788692381564485	0.3721812421091915	1.113675932125175	-0.02524864881534395	0.6054246881260249	0.29180738574294923	-1.1161749402096082	-0.47811539437197736	0.5349454069000493	0.9312680209090534	1.1755448750631543	0.04368796364954664	-0.5180132321108992	0.7281681664959794	-0.7536373700417889	-1.2969465545879189	0.21985231396874794	-0.11702760091750153	-0.02070866513486525	-0.4955807543203325	1.4148392651532264	0.6785975620070744	-1.3599621389973673	0.46662892419404123	1.1100633362900088	0.3543110357800929	-0.01911244810443915	0.41974000105063736	-1.1320168755170787	-0.7273584746441364	-0.6518855696912159	-0.07893362773479666
DTXSID8057772	2.210490027851829	2.3788046742539626	-0.5398459694643434	2.706744958179627	1.5484079894845315	-0.3238610980425111	-3.3178874903951456	0.10966291514968024	-1.4214618652143338	-2.518055283255714	2.5279914170513322	-1.0352341206509406	0.4961780092859064	1.4064483941076196	0.6358425992836292	-0.7102879941773589	0.8345238022062773	0.5839408149938892	0.20645119450024732	0.7103349125889338	0.6681960588459537	-0.16411666423782328	0.24319078572267094	0.7858995925810747	0.49781136480005767	0.9656603054732045	0.9834154635609748	-1.1087436912400348	-0.27778932471787743	0.560054164019564	0.6622383915932983	-0.002136012780536069	-0.06743414961539196	0.43873311044374613	0.5346966674558049	-0.43427126813936023	0.9961246763286078	0.3087712364057977	0.5609122828844003	0.6042397171136057	-0.1915623202315565	0.20663250915776868	-0.7516039653803038	-0.25277683714524823	-0.7039588937356587	0.25257197205715753	0.5073404113078612	-0.2453984432661396	-0.1532491282705592	0.15847377723482894	-0.0721822857907605	0.24564824050802667	-0.26028539080355234	-0.3205087751065983	0.2188059167239165	-0.2207456929475074	0.16290512406634533	-0.665642730133572	-0.8568467605725032	-0.003430434514164217	-0.1901656887401934	-0.13775058325122833	0.3253587993706359	0.036672784617302535	0.21334949359298416	-0.4670831425282723	-0.5348332323205159	-0.30093027210374734	-0.6643319515260476	-0.07877177823476839	0.298400399022839	-0.5463110196161954	-0.4096930235981977	-0.0703999997960816	0.3083031071165758	0.8034004474033263	0.31614156534070237	1.4797193212538968	-0.060350992405384454	-0.22048029598018937	0.6450748488915424	-0.5580759596597731	-0.5822244496330755	0.33633739720594713	0.326590088296352	0.20046232482250192	0.11930924365012574	1.091560924256738	0.40367905379534835	-0.26132935287568837	1.130682955297294	-0.03554465559705352	-0.30051702077113646	-0.040143858994330164	-0.3497195205123496	0.16597973067861788	0.09540514898226021	0.32891508865337715	1.147716375237725	0.2800202266490547
DTXSID7020685	-1.1370015355103584	-0.87645340608419	0.12181283984114784	-4.758080969086392	-4.052166445899454	8.874551819156453	1.0396801886664004	7.949956761497607	-2.1936843712983567	1.5404363319662073	0.6311051242247341	0.45181273927128257	1.1534074456072518	-1.1933359892339224	-1.5502343034845978	-0.6052308026188257	-1.9674023067744804	-1.2780103456373662	0.3250407289407733	0.37610768707191133	-1.0673525046795234	0.6619468200105612	-1.2533773751734056	-1.0265834974849666	-0.816546900585386	2.702758572248547	-0.12197899389268561	3.475581084332249	0.38743796264123503	-1.5155874431332286	-2.9261169907908458	0.46144285527191636	1.0461418849651358	1.2835092405938286	2.9422636846714796	2.3253793962620155	0.27898248318210933	-1.1801430003555786	-1.2570748943168017	0.22480182867079143	0.9494777598316118	-2.2832607587762404	0.9096874595340142	0.3407650714841975	-0.03562446538085102	-0.41442674898571286	0.22027717374351624	-1.339229358884095	0.3974884130648801	-1.7026057008544424	-0.04533256186936714	-0.8725916919767956	0.7955726701043799	-0.5129620808127723	-0.32709101594935697	0.39722482088312194	-1.0289184390191548	1.098654750029526	0.8822046009765789	-1.8830141156102387	-1.4567359996723017	0.3732562794283003	0.41463904680179264	1.9052049699250697	-1.247732780947148	1.0448802979900196	0.7513202472511505	1.3878558545691084	0.5145744121696525	-1.0580619787925787	-0.11982552952855081	-0.18233864041578682	-0.44128916245222605	-2.1633985767112915	-0.3737189240180944	1.6428579529546943	0.05077977642301554	0.5507594069801365	2.9711847361258776	-3.5408743068624045	0.2853539119078602	-0.6134572073071197	-0.5134672144600833	1.3401230400741604	0.3232433862395823	-0.6871870204118836	1.0248740845172977	0.9545126966089709	0.030994233785881124	0.07119963314439728	0.22316398533333717	-0.3944066032813193	-1.7768455933422798	0.06045592914685365	-0.5296973618631559	0.6669675029049819	-1.068034491819588	-0.6620294747647189	-0.45463047976599213	0.6288737556861038
DTXSID0034300	-1.53993402488478	0.6737169985811252	-1.3245868833622614	1.6015621462305027	0.12192656569607647	-0.1967595350562275	4.442388081840417	0.6594625405568557	-2.0327391809609043	-1.2158723620857756	-0.4611090480635865	1.849428947874947	1.52795794521156	2.1076880822810042	2.6324506838396178	4.043248694547217	4.9064400489965765	-3.710103499608973	-2.791771799241062	0.9575427665955507	-2.044591681071972	4.564443666990476	0.14257072184907613	0.538388765265109	-1.041382971980798	-0.6748294089136623	-1.6313650576970484	-1.930187612135329	0.5883083906003125	-0.7963208703404016	3.3947845344299457	-2.7377705199953053	1.2987988631547436	0.08709731638307132	-0.3052589629955354	-1.8167384141506995	-0.405136203899115	1.0321121371506545	0.8155461510561988	-0.28965819825802186	0.22198872578947543	-3.000429701911298	1.0957321823654351	-1.6268077042925915	-1.952007546735185	-2.1909801232234316	-1.4063525416009426	-1.1247293267090728	1.5954054620058669	-2.0684150892131035	0.9594077694691043	1.798332645450305	-1.8835542255768958	-0.1494357067751661	-3.504449468923989	-0.7764470524451433	0.025693574496206656	-1.2832361836199133	-0.6335337992117089	-0.3648834685142932	-2.237447485612034	-0.3801755779516857	-2.7316003550338936	1.4687394918421088	-0.05285797600550006	-1.643457060173118	-0.30471033215584964	-0.23272024671156671	-0.07626690672064015	0.9715050687801291	-1.2156993942320278	1.87222457168004	-0.4605308321036559	0.6855294043778752	0.2121430756188944	-0.17842714847846614	-1.1067967756634682	-1.350716189716362	-0.2700525526321842	-0.9409964839929948	0.710724037309782	-0.095236793676054	0.15323442669609974	-0.5107623614670884	0.12000913428794105	-0.5676627113673094	-0.39954039665617114	-0.2980526698862887	-0.41262449760584297	0.36844379045917086	-1.5667697274953447	0.05797165611650637	-0.2468529594338839	0.03698095595168358	0.6727455012701765	-0.12142041951851207	0.3390373107419431	0.5606885249142259	-0.5748297747389104	1.127108019620086
DTXSID4047911	0.06538034170136021	0.18803289820786734	-1.27190309559089	-4.04354480141141	0.7485851273905111	1.8050096321635292	5.008033193221722	-3.2569184366105457	1.265097605060902	-1.6443072432879635	-0.48870595552155294	-0.9205212578268275	-0.015411290881279115	-0.9719187557944504	-0.619035688824664	-1.1407480289865974	1.2099102129392063	-0.12212095674953537	-0.8029127364143044	0.05794379631542358	-1.3680193668778091	-0.3056055343480656	-0.3404216525003139	0.059792911826315846	0.2308303092827043	-0.8060935376538239	0.132222922865097	-1.4498339010896923	-0.012845096444641439	0.3052417210379608	-1.7138466207990761	1.6382381847480074	0.4867035176188638	-0.04999250338437425	1.69486789603981	0.6130465542147888	-0.34824585737098235	0.339051064181462	0.9522209345377984	-0.31308586761710416	-1.2836860431930073	-0.7265623789566076	0.05313363497758001	-0.05367274244135265	0.043609523887731344	0.28513881043155037	0.707015563436693	0.5002411328923334	-0.4689195193434222	0.474069136686553	-0.3152037429064402	0.21468292877729442	-0.526978326131959	-0.15779457575881298	0.06745564861923552	0.6971262323822804	-1.0173117897398813	-0.16740948589647617	-0.5240310542797939	0.9129686199222439	0.07935169910526976	0.5045064752175812	0.7356389624265245	0.5512459343842268	-0.28116626003223516	0.26580171097649863	0.6125968641882407	-0.8644523710429911	-0.23620772312122454	-0.6470480241148067	-0.4395273648449691	-0.04450619005616001	-0.8340186589400348	-0.1398274759169109	-0.11030152900655517	-0.001519853813851096	-0.8034258950374817	-1.053660100975319	-0.7924904433989659	-0.3711008980201044	-0.4949144692950196	-0.940152816359927	0.5496180354017202	0.8569774381645889	0.9613365479610764	1.341270015947577	-0.4077053093798055	0.7896899544080341	-1.3352111761591132	0.7568719061837562	1.532663112680003	-0.3681016329140165	-0.016422868463382263	0.7313005943062555	0.08501456771531776	-0.6686749944383495	-0.5546703136600567	0.7783194029902814	0.11076204819834135	-1.1707358418484577
DTXSID5047950	15.156802879106266	4.173870835739177	10.774871249474447	-14.311726880227495	-1.3873225218888918	-4.126496727885006	3.4356965247777884	-1.2219690525103661	1.915999309020763	2.505340858565687	0.3401592930631724	2.0977548008396343	4.052720431909917	-3.144605056360782	-5.028825879196149	-2.628467377464108	0.8038818312369025	-1.0038839400403032	0.2389758303041187	1.0361156951018258	0.7899929868935625	0.09562849204509957	0.7992651334869838	0.0975992672717086	-1.961189516560342	0.37979512123056985	1.2198960932979082	-0.5637812492217288	0.7456602938022467	1.9898303405928999	2.9061365420964553	-3.174585369411824	-0.5369583593030445	-0.3714344034242675	-1.01706389835735	2.0431366429533666	-0.363539018141929	0.5937718768414664	-0.6048732189677063	1.4560622854154601	0.33659386591040147	-0.5102146940105365	-0.22900057044573072	0.06527507476279823	0.2851476816041375	-0.393482504295074	0.9004707858750844	0.1005827823639045	-0.1921668967613149	-0.7353755875910463	-0.28511695055397474	-0.24191399274113973	-0.9043087085998104	0.07176778540714705	-0.4249823000760864	0.8998511940107001	-0.07684647373236855	-0.17989523171237323	-0.22869228140865638	-0.9702677816493583	1.3167199288533984	-1.11738618339492	0.5978904839165953	-0.0836038441092626	-0.22843997452176576	0.9275903347819509	-1.3577950182303677	1.0390119741097288	-0.6398449990382808	-0.3383122616297697	-0.6481965077245103	0.49471999018872365	-1.0337958574354298	-0.9358172219108345	1.8999541884537983	-1.0147249392375308	-1.009069795020967	-1.0975309761798189	0.30747174083094614	-1.8953220170115344	0.005988121411040726	-0.36441089823686773	-1.3041384754002676	-0.7624155001646911	2.989125542785018	1.9987974523515921	0.5568834914178665	-0.20365020197169045	-1.0832689908151316	0.4261898001649021	0.2789452708500666	-1.960989995188213	0.7586200565201091	0.6694815167353438	1.8215936830471007	-1.404918681293159	-0.547278715712005	1.7951269965575667	0.9031077270333748	-1.8155816375731897
DTXSID3022160	-1.345989623458417	4.714906688476795	-1.679132403641128	1.4319050519307768	-2.3942720202224343	0.8625051351572466	-3.32413315073089	-3.808821412888945	-0.10517937690985958	-0.6341459253017288	-3.294774449622456	-0.5192807118709127	3.2848520188594152	0.3367624235128143	1.1522634230305566	0.46976586827050393	-1.0191735300635627	-0.753526326272847	-0.613010729502219	0.3298571699043117	-0.8818239949488537	0.8296551747978478	-0.7073891509638065	-0.8823423458929017	-0.626287378875063	1.306351672573596	-0.5110486083711562	0.2612693516274187	0.424548843452396	-0.9565512637809649	0.20140156041789117	2.4090975409114503	-1.48347749449626	-0.5980759921740416	-1.2879900455120015	2.2438415916074548	-0.45815294783104094	-1.7817966967554566	-0.9893993626660831	1.0956348348468232	0.3566799219382023	-0.3594134047478936	-1.2072746140647033	-0.8464277923240803	-0.8265652346177766	-0.7663432435228232	0.3091595694618524	-0.46731524495357685	0.547091628284334	-0.3459683883568207	-0.41014811365392606	-0.6500971436215417	-1.098478070109429	-0.553432674130819	0.37116877161704925	-1.7228515929002608	-0.9926474854382092	-0.5035679457063513	-0.087807023757243	-0.1944007786356956	0.7480490628155976	-1.1969832293901468	-0.3003794511028924	0.8073508492796402	-1.3379628574629123	2.2860515848758016	-0.5880138592605174	-0.7228123723125134	-0.10486165125101674	-1.6722716481742372	0.28300102233933244	1.7784443356889654	1.0255940502955696	1.558419851164684	-0.6854816193336969	-0.05871049134703992	0.38107802465056356	0.45264947078159684	-1.0338917360088156	0.5918238568027876	-0.0679644573505713	-0.8095161728553504	-0.30742399401212994	0.43723418686662574	-0.8193394217574348	0.7838754733744363	0.27398850186459683	0.06676871132410947	0.9257654928104945	-0.6942011041468907	0.13684390409968805	-0.4331341279133581	0.5528119529765857	-0.47715422344245306	-0.6625097384349251	0.10541480845268529	-0.3022572069877491	-0.271461712472176	0.2316239586593549	0.21647564747043116
DTXSID9026500	-1.3945830388081095	0.7443523622529996	3.1252515745851923	-0.029358095893726743	-0.3279690161090301	-0.780164040409623	-0.8957029663650244	-0.6993843422116702	1.1378959784753506	-0.6418963762760914	0.12530001216012876	-0.46126405665169523	-0.2858544959126594	-0.4544784228974716	-0.03940031062067648	0.005083085717964902	0.6422221751909162	0.09502745019780261	-0.41532542773850245	-1.2976070149557537	-0.12460228316947008	-0.46138252841274446	1.877471667999247	-0.5637645354229808	0.3099847037094295	-0.10250027450007552	-0.247638670056598	-0.6008057433301417	-0.32813249720264953	-0.6635877608132857	-0.5414573218855344	1.0141714738039416	0.6112841994684884	0.45260513443677514	-0.5931462511245811	-0.845749847304712	1.33013094702557	-0.7369802596113514	-0.02273329547248834	-0.6019971535946425	-1.0270006141012067	0.6403809195240944	0.09825153067425055	1.2541606776520198	1.8976814172632896	0.1433574094388531	-2.283609375094243	1.4616084922528232	1.032377950076137	-1.0955912705729174	-0.2590189320997037	1.2549153441301149	-1.4235547358765992	0.009280768234741082	-0.12814875019610156	-0.4966263540705247	-1.4906290731847391	1.6826324040166334	-0.1730303796298864	-0.49282531621142817	-0.7727825932966578	-0.07070499365776543	0.3185806470564179	-0.8729868743497342	1.1191200360765197	-0.3034997565277288	-1.8488878767024228	1.4976338217029128	0.3849694927296981	0.041990156276813496	-0.6998268197766461	0.19300351163179016	0.9418684963372143	-0.37959899365221345	-0.5394432933105406	1.0749240707191985	0.6117975718835862	0.45421922979903057	0.2194064085110138	-0.22608615564296822	-0.6086248033386601	-0.5294176914837136	0.44832894341296414	0.9065832907246145	-0.023216218745456218	0.19130490423687233	-0.7623682974448066	-0.0654197078953987	0.19565809419548597	-0.3596190069161216	-0.055724404067096736	-0.2743512276702955	0.5942399115275652	0.6316979849744103	-0.6885260644086985	0.06564376188916837	0.01151652683682844	-0.015471870693914813	-0.14160580995941427	0.15551499068767966
DTXSID4027527	4.9998560363686835	1.543621281383497	5.015558674219505	-6.316833625088053	-3.79995803662971	6.505376248799699	2.165678765898825	6.569172106354086	-0.7541469779904345	1.817417328630246	0.35233885205674836	0.13217268043485772	1.1384991973802399	-3.1860240751957716	-0.4345703121937446	-0.3327847497331034	-1.2455651312175717	-0.838602082844545	1.3061973285924917	-1.1379210036015275	-0.7723630662324996	1.0502685246078303	0.5379987195905912	-1.8708521527850461	0.52415868228186	0.6189798046317797	1.1551354664977478	0.022366944955429482	0.3067279282384469	-0.968070939380115	0.39768939132213754	1.6252332349270333	0.15485976837863633	0.7601703016359246	-0.02852825594520878	-1.4733752138983205	-0.8951322639456527	0.4464587822939923	-1.774658116528614	-3.3106795154313353	0.9228655200919482	0.9069834064720872	-0.3597755547206947	0.2644180676649932	0.41713515255040073	0.6065280813761603	0.5029645708324932	-0.0911684167755181	-0.0887118647683705	-1.0886014449175119	0.020641532226585216	-0.44479390896845417	-0.0371788293062181	0.1651276541047377	-0.04151319168534018	-0.4031717027507543	-0.25855267552096645	1.3516286816898517	-0.9831799844712064	-0.17692839865285837	-1.902538316942121	-0.10848708029723159	-0.3386448295205911	-2.990590550284925	-0.6628268272958852	-0.6455032019075748	-1.747275830544917	2.2062384483204083	-1.4924836614046504	1.1270298284720754	-1.9877548048226406	-0.2576172049408474	2.975982703752372	-1.639674826172748	0.6609944948586113	-0.11953378019507084	-3.573225172740968	-1.4248565320611073	-3.2570807914457425	3.0572174231871996	-0.6505371212637722	-2.648027271452	0.05048063605413725	-1.8667658040875497	0.35551212686057926	1.7276448803859217	-0.6646813947080322	-0.9231605120270372	0.5389572153041664	0.7811408356434879	0.6755736981338264	2.8428304081923303	-0.5249848279186264	-2.083465754471011	1.6589372593937348	0.7307497270035606	1.5922236936717644	1.9573007531943118	-0.27621648804893256	0.4277475302895643
DTXSID1029128	-4.674468914995406	-4.70644695972161	0.24902078481985768	1.143372579745893	-1.5132893566769596	-0.12787072703120206	0.27369670073875846	-0.16071994137903053	0.5506085886769118	-0.748224906172879	-0.5674132195827369	0.11356613877100544	-0.3257278125217565	0.477646754663132	1.1639462182182325	-0.6594548647752497	0.7022953240062184	0.09067335573721405	0.4975083169347843	-0.5696808340459338	0.26570805284019927	-0.2245068562916324	1.1912338443866086	0.10848319564958092	-0.2564666888724253	0.6425452229036959	0.7692773393545884	0.2223350465614675	0.20845571544561614	-0.41620938632641136	0.5474273074225763	0.14473384323508703	-0.1746358122297481	-0.6291361682097227	-0.2629146635646126	-0.09879064602360052	0.014263835655403116	0.7346274180923712	0.18088262556773896	0.0971298058429874	0.016530692262487857	0.18276396942838796	-0.046247764231359574	0.23340832173704068	-0.061577158554377544	0.10634317718952564	0.4292312039734055	-0.19694569371194515	-0.024160743184791722	0.14960667243260156	0.15341065663776127	0.19183143096504174	0.15769773602817652	-0.08784791749942214	-0.05399042312602537	-0.5767679274524335	0.2675804492767226	-0.18039985171930362	0.0009120397610531471	0.23925346452337895	0.5455279832998227	-0.07763168611859779	-0.1576398545026384	-0.5017300898152092	-0.27883641131497733	0.12127967814860992	0.5239797652484454	-0.19127863979747686	0.032839102169750646	0.2924561489829953	0.02522143304974683	-0.09821991620297242	-0.06316512477117889	-0.3522644424696385	0.12764301968351202	-0.1738194918802174	-0.002709250005827691	-0.09938387494573502	-0.08077180556756842	-0.014111002707321938	-0.7667652384546221	0.019425826894574474	0.013922263618169955	0.02475766925820125	-0.12146678320669603	0.2615137387578516	0.7711996294442128	0.2714354996743841	0.26663863523370845	-0.7383568381842415	-0.2796611223839255	-0.3285444733441648	-0.3349084896272022	-0.39745367359404676	-0.24114769613705886	-0.1041403136643054	-0.555918081870174	-0.23990732197401324	0.19243152579006592	0.0920601277774071
DTXSID9025538	-1.9222687265297929	-3.1415654877059005	-2.444401910618285	1.892385382102557	-0.4953942893017152	0.19745845301048506	2.3620259362494047	1.6939094496026348	-0.49160967866643096	-0.16127281255749076	-1.1922448494529705	-0.6701543324838192	-0.4134478104245443	-0.6885278101647836	2.310325798568107	1.2094941461825637	2.341747847610405	-2.1605730512896235	-2.790836313582476	-2.165494020747307	0.9427447298486777	8.490633510308298	0.6817789876737911	1.2722000838544796	-1.686276126853963	-2.11935473238188	0.7271293166121473	1.309139208525938	0.8037054257467492	2.260117635366007	0.5859463883237914	0.9206161120266898	-0.4201725025993888	0.34986733259499997	-0.34187977463300734	-0.7970939829292729	1.048367736987586	1.43654508043238	-1.1973590023771268	-1.3110911930122546	0.7502986323522064	-0.6056378512417836	0.12755472394637152	-0.8344100352744749	0.32357245009459806	0.3212537736512914	0.5634930335933407	-0.16220152756281758	0.04479983102324348	-0.5276540520644205	-0.1764995593249084	0.04902495599900342	-0.48723645151446654	-0.1534942729113438	0.020726827920504214	-0.3847473787463846	-0.5506849323549399	-0.203303732633706	0.021640852214807042	-0.08070329002576415	-0.32913059459153243	-0.0678555614948065	-0.3626007975001769	-1.2551065722926469	-0.004439725904255901	-0.5427793679795193	-0.586215599220226	0.014734540748684357	-1.2154848028328047	0.4585153347764003	-0.4039257089254685	-0.05340276641475722	3.1223234499713413	-0.010152975101701848	-0.41600235998289403	-1.8097223945302552	0.9509012912590309	0.043707810355229915	-0.24628752388566458	-0.2812750001407983	-0.011136272265873857	1.4209967597492907	-1.0601392420587168	1.4647104710701444	0.3984650127206534	0.06076288379682588	1.0567263754217842	0.6644823632569098	0.5276353955042627	-0.40917076357804866	-0.1293124362241455	0.4781985255678849	-0.18241205472519717	-0.4910224091217418	0.4665069601408562	-1.2757306545796943	-4.079924061862688	6.303350942642939	2.696601007942108	2.4823830018494597
DTXSID9023413	32.5310162895268	1.7610635060182611	0.2856378057475262	4.395921095483847	7.207438242986535	-0.28010554328735443	-6.184188197340278	1.582564479232172	-0.5091622629588891	-5.482898655386279	1.4450736506714053	0.7255342173411035	-2.911493864454913	3.232310825387192	-6.149311716335505	3.026408919695595	-0.6869628943298843	-0.6284555825934109	-2.0210790273802606	-0.11758447628367905	1.9150202136610908	-0.9005005699126096	1.097475260152153	0.09784342443537401	-1.1172866676129871	-1.5861552207210163	-1.0666044806806114	1.2096378474424636	-0.783257628591794	0.27354615986844105	-0.49102986295947254	-0.5529860796834103	0.6918086779214174	-0.12540901103027874	-2.2710795958113765	-0.6290687121438187	-2.1567597691331377	0.10931399110704558	-1.8548996401343845	-1.417790330349067	-0.7219469753729257	-1.0338654639678746	-0.36333846208556153	0.9769910636790412	-1.8143888694857562	-0.44897043614750926	1.526701844638344	-1.2377066317171388	-0.3276292668958103	-0.08931377198878995	-0.4935883352145883	-0.9782131273213626	0.2677303874925242	-1.0937129344810153	-0.46797705484327273	0.5405964263609523	-2.439813217906001	0.3117318188035846	-0.4303310994669541	-1.7921308528900626	2.3376780453982433	1.4549716232323917	1.585494136748562	2.0419124915746307	0.4562114787235127	-2.46661616479472	-2.9179699282909954	2.3513838457593277	-0.6363909756736814	1.8217379193771501	2.884403756171479	1.3610228454002926	0.9710938489455148	-0.5731207439995478	-3.8054207219532303	-0.4566806958459564	-1.1105733787000427	-1.9261649701117893	0.6116188611338852	-1.268271730149182	-2.636428350637447	-0.1954625553173684	1.0893015785727194	-0.6598061700152633	0.5001884016505318	-0.0701685453663614	1.6887061732876594	0.21103641603984175	-0.28989246517991135	-0.13135991843522923	-2.094953209842116	-1.19361641786681	3.29779397927184	-1.002816685996569	-0.5796272971866999	-1.0061181574402156	-1.2016529022251456	-1.38371559787787	-0.8165298213374255	-0.05741490271785275
DTXSID2034465	-0.4034485384168706	-0.7237810511689954	-4.098165149069311	1.3815484499796242	2.134862815857467	-0.16773759023047158	5.101719078794282	1.3015229290590402	-3.104133962697412	0.8763190149980804	-0.1924916601448316	2.8062115155991396	1.3656923474501612	-0.5797843303651594	0.4593896156276281	1.3159007135377514	2.6098244632664347	-2.3361086837625304	-0.9216099448284085	0.5296608630457488	0.8887135862220387	-0.8256998480187543	3.3595879520072987	-0.42079002926647135	-0.2627909751096028	-2.0111228065670996	1.7743013902553615	4.911649738240073	3.1689098710835086	-1.6829824966806932	0.13957372329025033	-0.3539961853236097	-1.1898638119438936	2.707042580208994	-3.5769148600034715	2.8950959149661992	0.21063578482956125	-0.007196019278051909	2.3725233198073905	0.1863477930226639	-0.3608928977775786	2.1408423378548784	-2.139558114526371	-3.215495830408695	0.6872835453490365	0.6048407336581608	0.7828177521160993	-2.135505930447028	-0.1857850267355352	-0.33622624553506403	-0.4710055994854377	-1.3319269886404215	1.4688813770436806	-3.3394380982658847	3.312337829262238	-1.8581219221912	2.4683809785588413	4.510930060261945	-0.17337630023616185	0.9327194371222556	-1.9550565078759126	2.0454717347402664	4.155714696749082	1.669916666425577	5.923000550502302	0.8775499330224974	2.247827272813997	1.6861521678903504	-1.7711679045002926	-0.6959473102870477	1.0137769794713194	-1.5206780560039397	0.1098056600866482	1.5556022286745872	0.2845251483398597	1.3926513868371984	-0.5485819038617461	-1.4502831405329744	-0.6884649032217501	0.4836163007807198	1.240879355701748	0.35115800470767367	1.02039137782502	-0.23138901953458302	-0.11485851042680735	-1.2437784215585153	-1.2076310650606918	-0.4127445543991208	-1.2507915784106842	-0.4623718755175276	-1.1915450442746547	0.5682933141318744	-0.3987181716233654	0.2056767721083232	-0.5074049328939033	0.6937148372588195	-0.4911105239000023	0.8160590600729061	-0.2832484854981615	0.5241681628731755
DTXSID0021125	4.708663746499114	6.6432980667811545	-1.9285575942342248	3.2279797439252946	-2.515787126626653	0.11640257332866491	-6.594597916795794	-4.282526316845612	-1.5994253396558986	-4.1353690708191735	-6.3736000373642625	-0.8413478723498002	6.410850838436447	1.0922153091737146	-0.7121282394343358	-1.0097249929060768	-2.512852767356018	-1.3606800026153791	-0.5269753300787772	1.540555484958752	1.3684651625092503	2.121977570242119	0.6595603202476402	-1.3997515793551791	1.9346133119232893	0.24370462231822296	-0.966512297201606	0.6972019307764505	-0.32774590589637276	-1.1959382036584665	-1.6294122280088847	-0.3157207164171817	-0.615861889586021	-0.7363215196132968	-1.600712037639853	-0.9226787410882977	-2.6513936310860804	0.2565898626583411	-0.37236776924566317	0.08845634593482844	0.8884142589681049	-0.10041212705285561	-0.3188761349309737	0.3177360924689056	0.32459311891105624	0.7454613137367816	1.0476477309453143	-0.32352457609966495	-0.7500037946624117	0.08641388768259195	-0.39579824620069853	-0.6037355649752105	0.4728963610222053	0.1916031870970622	-0.34958538780040316	-0.4991625660471286	0.22057232317150036	-0.2534542707597911	-1.3645708378395804	-0.4133607698847979	0.023225752098185913	-0.35811947434111446	-0.2684321566801308	1.32867791259769	-0.21980167493953195	-0.645893218373931	-0.6611774287430622	0.06873385770586556	-1.4202012718055093	-1.4431225019585572	-1.138721953686158	-0.945559180253912	0.6438676606280805	-0.34354814638666265	1.4133812515605817	0.576315738421595	1.8120806558460552	-1.2885301807128173	0.16273431615066417	-0.16931703163793704	0.04858657613807251	-1.0819255453447414	-0.23700276890887775	-0.4191292617974108	0.32199619737899204	0.4370104944837001	0.5768988959218742	1.7049777880210466	0.2192016046872045	-0.9289730099529576	-1.1960573353619055	-1.08251084783812	0.9830355302413333	0.7074667390091304	-0.22530210854661165	0.07940967590255736	0.2570120066265363	0.16617448976521626	0.3137401851149742	0.22886684008752323
DTXSID8052641	-5.012780266165782	1.2561119431570693	-0.8748348333591809	1.291035634656061	-2.3103592447036254	1.639752142022836	-2.7734346174076685	-1.8253365131230075	-1.1038449767622538	-1.0966266441990489	-3.5428537519221432	-0.6411483373096294	3.8038430845192512	-0.37067278571613255	0.4129937451771111	-0.4158155447587543	-1.1387491174555024	0.09140900633762283	-0.3740723823454256	0.38088289423759414	0.5114454647016233	0.6922644261106495	0.723808127103989	0.0015160192551878116	0.44567925165194366	0.1357418348134017	0.4260171605483516	0.5113788042071141	-0.26146844587475027	0.16210700699675107	-0.311691938152789	-0.41982582952671843	-0.15358861276921806	-0.13895501104598906	-0.33959483850085376	0.2641809438641663	-1.1336183781991027	-0.23965491845481157	-0.15930451571693963	-0.1016415178116002	-0.14715288513015823	0.33603300220232285	-0.08367660025807024	0.2558345749421761	0.36010079421202174	-0.5679978574886763	0.2973153376176581	-0.4094605040688957	-0.1494856425145458	0.3404495441755381	0.02400888737360321	-0.36474852494611304	0.542891953532996	0.09614197617732217	-0.5104861515394314	0.3113568427759626	0.2710759956809779	0.030184517323952983	-0.11807719470589538	0.3261128674933649	-0.3380482645541393	-0.34022903980748287	0.5506322113932139	0.28580570306811565	-0.01115043130882707	-0.28185428150175557	0.21267608252397846	-0.46292807420349136	-0.19437149985446964	-0.3106865138709719	-0.7420086245606294	0.5615245107474655	0.07444561282499927	-0.7950643143787381	-0.5296238293977251	-0.5174369646862719	0.25011727068849693	-0.31150721171819906	-0.27371247221733197	0.025082450474714735	-0.671043678364913	-0.9289242339534576	-0.6012047859663904	-0.1486290235545991	0.0815809195097771	0.4820013512060394	-0.36649682317200616	-0.043633183468306413	0.5591883883405652	-0.07318447657626347	-0.266385707438342	-0.006357458386103369	0.16475450788786386	-0.021563025926211964	0.4743045060783362	-0.30667516737509487	0.19695566262289585	0.017943781130962663	-0.1301807915723154	0.023800992953938026
DTXSID4021133	1.5805368067329657	3.8254865302507373	0.7086677509763485	1.0544081449787206	0.846697161755084	-2.309653970040165	0.45323924053901304	-0.4645669280139127	-1.0676523009077863	-1.3107739299106353	4.3616644111105485	-0.9769942550923503	1.3917218178949415	-0.5617413809692705	0.984321700880983	-0.5585925327489862	-0.12373032223584476	0.5182037534057112	-0.6226993620890645	0.05655264672812865	-1.686781260864539	-0.29434524928055367	1.445898093547708	-0.2256422025419116	1.3769524207370527	-0.1514100394085522	-0.12402081687572156	-0.4565883036180013	0.6804107634895454	-0.7489112521021805	0.9168958517903122	-0.6632066415706003	-1.0402704608935995	0.08830072543521704	0.11247410833992953	-1.3509954057639761	0.9042393389478909	0.08974410658564849	-0.5501312723599319	0.7649991987171468	0.3561168743052376	-0.10548378908464871	0.4235509437559517	1.2885225074101747	-0.6952386938479443	-0.4110887876055629	0.0225570308506144	-0.7455646259662313	0.5689317765611659	0.6150876727214292	0.33740200226988687	-0.3933141363204413	0.08168130623493873	-0.5609453153283037	-0.09948211878547646	-1.1513599633248115	0.8601322588772896	-1.3004550979541496	0.18578418960960985	-0.5028114999041947	-0.5213485680674953	-0.4126248929891384	-0.15368347665971913	-0.0021042685723515974	-0.26824259674226836	0.4540186540017234	0.18207066582853662	-0.3876753462778133	0.5377474814853554	-0.4945294257522938	0.10359514055924046	-0.328645435504873	0.027257102995267218	0.2627235919521174	0.31643069754796	0.25299640443613086	0.5378888070747803	-0.12625243621066387	-0.2971907773483057	-0.1587473109213729	-0.5708821304968476	-0.5064317649058624	-0.38220276985905344	0.18212143839179232	0.057874794633152545	0.34325861151919146	0.11749681033953244	0.8617430969799429	-0.34486425594527326	-0.4250418526645094	0.362859606215326	0.1914836804236873	0.12541407083764916	0.1423316973459941	0.19071805684865425	0.12736555681222492	0.19405215004863963	-0.0665165827759469	-0.008214032293027891	0.2530710149274858
DTXSID0048767	7.148228059605772	7.114932565394908	-2.7250851046561517	1.6437091918859408	-2.739077283831078	-3.7253779895968737	-3.225135459761466	-1.6601315330157316	-1.2420546623945516	1.2565660315172735	1.1388525892509098	-1.2347600422139429	3.3934281333784444	2.1446680805419884	2.7999771141105225	-1.4692331786080184	-1.620083096815669	0.749878397566945	-0.2574461744087865	0.07282008153702572	-0.6465175729699778	0.3569671969428288	0.8573514670401293	0.8726966316293214	-0.7160336881369904	-0.24070452949336946	1.0968075674486857	0.5875247006274603	-0.7297154508915945	-0.28857498221279865	-0.9811215736236752	-0.15519394235440687	1.260909168589066	-0.4777172910216151	-0.7966729021501171	-1.3432907290308984	-2.0724665808532716	-0.5316599275964733	-1.2938363848392525	-0.020623008718449704	0.9014320302150335	0.7503374457596502	2.4342556097733734	-1.442839359108084	0.23007985473866818	-0.4876594203523384	-0.7691025343456294	1.8565661388745784	-0.4534701408027959	-0.12056871933859067	-0.06745372805276266	0.33200172963209995	1.113061202603644	0.7983066948664127	-0.1343412576918237	1.4800641293317047	0.6404573876997938	2.188205147781196	0.14237663467981143	-0.08490450394491764	0.7227087256686092	0.0013253746246879906	-1.4518593191771796	-0.8450621623407142	1.5069049443752736	0.8938267936438837	0.36002954301838497	-1.5135742847687685	-1.4138990932681696	-0.08212854577058372	0.7120474050262976	0.7459228751503463	-0.7542937214215364	-2.1163651000431125	-0.6635902312203451	0.11881860133847816	-1.3771424971729913	-0.18472508717492914	-0.24237361940262883	0.7332255390606269	0.4875579540551525	0.0856546723945945	1.56677422333511	0.6246757830343521	0.08766776421144289	-0.6248679941236507	-1.2005583167065943	0.1422565929031287	-0.28066666007473945	0.09720903552072375	-0.8073120724326196	0.11707480282866493	0.45110240046932215	0.1568284700364962	-0.3828098761002171	-0.7924549206265614	0.18727028034714832	-0.24216599968611255	-0.248938492473069	0.2846441132357279
DTXSID8029650	-2.076064292073181	-3.496125657904219	4.140619430385926	0.9264323447355955	-0.9795649336318191	0.8272037285618815	0.4292750435756607	-0.945818314383591	0.4051382926100686	1.173041024558074	-0.5446166097732903	-0.14709325626672012	0.40426791763932696	-0.5673106853923701	0.9554685892610324	-0.2403644588627324	1.1375863701000801	0.6505883889108895	0.973768986752249	-1.1757159852983003	-0.27104810408683894	-0.08868158546806111	-0.282251024888322	-0.05078750667222953	-0.351240353571413	0.41551784532210423	0.23568705169880033	-0.33687044264847454	0.6281112280554362	-1.1718473654893418	0.1198047512759109	0.7175371083864522	-0.4982741262797205	0.0229007109411496	-0.12182252969385854	0.1823422170215219	-0.35257811608470635	0.9865932647571962	-1.1438144463268338	-1.243910548632354	0.46682679465229143	0.4665135707759238	-0.4908292675854624	-0.24547906487320081	0.014023177023359376	0.5150489672622512	0.1806155435308914	-0.46494856036570403	0.02229797460416673	-0.6301995269557591	-0.07616105922019845	-0.27615800741393715	-0.2559075807851	-0.08097491145274417	-0.6286373191803445	-0.2726358613801393	-0.2780061402822233	0.4999659025875324	-0.4338559485744505	0.2908135441452558	-0.59331739860073	-0.13470570688900405	0.5705406681387901	-1.5796571688133703	-0.6227750849699892	-0.28164126417424273	-1.2142765308805827	0.5119917689863416	0.07754193070444158	0.29685899033407015	-0.16604293902974646	-0.4784679146843313	1.6285848168010242	-0.4211537325920572	0.11875013234807158	0.05462354411642314	-0.5385619554031159	-0.5788025519579126	-0.8870471500925883	0.9497005767945231	-0.13530635792589715	-0.011891168058291261	-0.051744846345992836	0.041890875927767995	-0.10591632636020248	0.45797382985142454	0.08036621033312558	-0.15332675904639853	-0.40078645944698776	-0.021532622552805445	0.036943363249780654	0.25430266611091157	-0.734387162328383	0.03664630674708717	-0.12136551943943993	-0.05494418478710253	0.08765586712813236	0.28390858161541627	-0.4298685330398906	-0.4187916744975706
DTXSID2022256	-2.702196489066969	0.7897487625362933	0.706936588992747	-0.5160411081619795	0.04786307748422077	3.6101236091177333	-1.1153695127827679	3.5832437938673034	-1.989789563741182	-0.8764588184787225	0.1708668501176847	0.5149551078213728	-0.03138536878808567	0.06838228174664711	-2.2009462844552634	0.08684355276883779	-0.6289402872052162	-0.6098079904562925	-1.467490001803548	0.9637889173797779	1.2109601065895994	-0.5776383872818694	0.6386346440512053	0.23583520677302183	-0.7243023796913348	-0.11333374564562901	0.7049144110841464	-1.76731772851382	-0.016257789311638324	0.2903942297110439	0.8802978106344768	0.905307824331321	0.24500889366037024	-0.18538921001710665	0.2892333172086394	0.7143152936959241	0.012400055228408181	0.7251377665335744	0.22987942732029767	-0.13963251585348652	-0.5838921545647751	-0.10092074432195859	-0.39206599517465546	-1.4138280771059404	-0.005720966016688544	0.3215512652874811	-0.4075382216884148	0.496448104684542	-0.3988046602436398	0.36735864729456486	-0.08880361477871844	0.5468981153529168	-0.2969337878928315	0.05203454440128925	0.17118981752132903	0.10537205260223645	0.9855529958202459	-0.2150921607689798	-0.32359859272223773	0.2939235803339111	0.48633301521953287	-0.5831711818178144	0.1318573227513188	-0.6978485169437514	0.0884905692538964	0.40073180787725776	0.49688030398356164	-0.03738363299149454	0.8711904628227295	0.11014435469348696	-0.23234928919503667	0.380800313389549	-0.08618757584332837	0.0898905855206438	0.15651634313677115	-0.18864604276698582	0.6610077112957511	-0.06697903529757335	-0.1285714694492665	0.06968604528655648	-0.3306829742691624	0.6861828867084219	-0.15322868649099836	0.44407792225015796	0.11892008792585104	0.12116285437572642	-0.07548852928469552	-0.5320442683152073	0.02340184858147307	-0.030580891366811868	-0.3801859774883071	-0.05461197707790725	-0.23469578583948167	-0.31200450820460046	0.1980419244249189	-0.5198845252641948	-0.34084675335186687	-0.5777923043795343	-0.12035529186853448	-0.03818743936299014
DTXSID9044908	-2.1925637379672835	-3.9294446993383496	1.6314446388054407	0.11936932126964865	-1.6385750853751282	0.584606778432334	-1.100412962243991	-1.002553816624421	0.7995157357419606	1.288831775072413	0.2454822893652499	-0.33462399482200067	0.07840701024118188	-1.0614987492832615	-0.04032865536245767	1.319229947905888	-0.7405272852634223	0.8423356751606786	-0.46625197417197595	-0.2795666759106429	-0.2531620210803994	-0.10204814889633008	-2.0560289181643343	-0.8778366990205919	-0.3195874541858853	-0.22917453457976056	-0.8297459393836408	-0.1383072230117181	0.4561238747658596	-0.592380008991316	-0.46467900462258216	-0.3103297837817995	-0.8931218258381655	-0.1454858378616825	0.6531903878323146	0.9172843234334478	-0.3018904027808754	0.435437878482243	-0.18457787755124583	0.17093721079518076	-0.14298194297390102	-0.2720071882952085	0.05465702231964012	-0.022433894594591518	0.01576835309630452	0.2089694770282225	-0.4139223514493213	-0.5110273585500112	0.20107951886513034	-0.1987286170617054	0.0093707740271071	-0.3067155905822385	-0.15704738742614402	-0.07509988079397459	-0.3171807106560463	-0.012734062647245609	-0.3584928887396234	0.039535563523991624	0.3015731391208512	0.3672328979434862	-0.6103608954260492	-0.2105763337242423	0.5116316074116918	0.35866301953041363	-0.23539665944069116	0.3078620110034889	-0.2991027152488671	0.3091946253974835	0.26717377926128355	-0.02536497294414625	0.26484118173056054	-0.5332962971079253	0.6865779659552481	0.5795076006211003	0.6191664329528992	-0.2079787353990249	0.7061540531709173	0.041530116975594555	0.3039697723725535	-0.405733175368529	0.5063673799948953	-0.37903778292946455	0.3698426170775233	-0.2267007578779425	0.2790458057749571	0.5920454144833369	0.20253743322673037	-1.0481029730609768	-1.0684192039691158	-0.4542758002832844	-0.03349113997921852	0.4432466080816819	0.9473171817370986	0.21508338660193707	-0.3715720826889814	-0.3909915543865126	-0.16221634743577698	0.39253403773333884	-0.7425393307242788	0.017414301481290438
DTXSID8057720	-2.185119875449401	0.09729613615466115	-0.5490039230283464	0.08367438737921039	-0.6216663884265529	-0.037851344660743226	-1.5761330866799175	1.1969481167594125	-1.1155705116300176	-2.581977496705304	-1.1624494736532245	0.5943354308235436	-0.43162330246418923	3.2934407061267206	-0.293393362033128	-0.9520539251510088	0.33562123425037166	-0.40505690592022664	1.2719714173702756	-0.42014357803799296	0.8795635688172457	-0.767482140895918	-1.4844071715715628	1.4388833326465356	-0.8641439813133596	-1.3116751168561145	0.8698962639046431	0.6480561014704839	-0.12853338596563837	0.9822578112393514	0.5535564059957904	-0.6628996605108385	2.042654855267152	0.26164318504462897	-0.03238743086747776	0.11813741259890378	-0.46103940633340235	-1.2820844687720994	1.0596192823550366	-0.11121279479869992	-0.623891849385607	0.7233526493107002	-0.43717637177911284	0.7474575068618434	-1.260402709771143	-0.14559095921618753	-0.08563872852024491	-0.7291486239528574	-0.48397542958666345	-0.9360884705092604	0.11666780141134561	-0.04100072182195313	-0.6728326270769945	0.2765002315489005	0.9786447429819582	-1.2247341711986384	0.17811216526759893	0.18655690713227444	0.29472961599804676	-0.5700500672575466	0.28678130633955606	0.7882642737417996	-0.6666189478760075	-1.5845637103862957	-0.1985568007511593	0.2019096301767256	0.4913258830168219	-0.04718967811928825	1.0529645073816714	-0.8797883597510555	-0.163281984261034	-0.5250905342240466	0.1883292662461903	0.0036045951857055433	-0.7069626927355566	-0.1108023054638204	0.2644015832087318	-0.7514620524878697	-0.2596107364847131	0.017686837949223707	0.05241596971408634	0.5392099318107576	0.14383292632580516	0.1269428052033495	0.2680250003770071	-0.08234246602885892	-0.07442029159395737	0.009292653692964297	-0.7731899198391796	0.8440598333205023	0.5841349894790727	0.8683444528023776	-0.1651815622491173	0.4262912382264558	0.7612128521972876	0.1847666529483589	0.018794937209942415	-0.03404673154921343	0.13416205255220992	0.3085145746386255
DTXSID1022188	-1.94726818950157	-0.7216067307879723	4.325856976774051	-3.4964338617901833	-1.304681398783091	-2.426478734451601	1.0410606972961782	-1.23752903764382	0.40741309827766414	1.0344922610049263	0.5206520480088385	1.9045118070384246	2.9113187894145534	-1.028282913199992	-1.1253329283822529	2.5185617378298173	3.024507170446509	-3.045698139838586	0.9542178439396791	2.566752473726537	-1.1839332091855297	-0.4265445106678312	-1.4545234349490073	-0.3567963392851093	-0.8179537467340351	1.2022592731152466	-0.10839185511965704	-0.2657629476321693	-0.6531959331084464	1.1814012458466583	1.4960827558867544	-0.8276747282834557	0.0007532188171575394	-0.7976427355817923	0.5236151545092167	-0.3940042000007283	-1.0467920689794563	1.0771961445171105	0.1635327341250939	0.9989308497364361	1.0153239535759089	-0.10685980828912366	-0.8328785938596877	0.0013487566670871438	0.7892053430956089	-1.2538260625247581	-0.20419613436208317	-0.07891795185993503	0.28610755332087273	-0.7208021419762468	0.27954248247960073	-0.2826228870441511	-0.508838355630342	0.24338049747748736	-0.7039452581107765	0.20517904432467232	0.3635752710765984	0.4052041136873007	1.554392075433388	-0.2060470751878733	0.4307807684320047	-1.206224054140602	-1.5703331195823338	0.3139782032802806	0.20668001091350882	-0.07225976268037576	-0.23466287143040088	1.1686860714044385	-0.026724152169889024	0.59954935547585	-0.11615043421654046	-0.3215581553495091	-0.5755124070124706	-0.952802672548033	-0.47527107586218126	0.08224219438682644	0.8460882672148899	-0.37927539178452824	0.12882155994591502	0.19326708011569368	0.10115475201980567	-0.2523346065231108	0.3174110784762502	0.02195015257119164	-0.03634857855847685	-0.06356884268039277	0.2166293873424929	-0.06150253680869398	0.2206977530817594	-0.027526807464658683	0.3176454915763804	-0.01970456645287548	0.06453431207637679	0.16588341894680686	0.04412151232083057	0.448633200438346	-0.35319750544323514	0.1927318402277454	0.37119408428415107	-0.06488244568931736
DTXSID5022699	5.463019545065783	3.3520309528619983	-3.4257808914886905	-0.4241829454069435	0.981405026282066	-1.330488274504667	-1.714956737764009	-1.7198406536602662	-1.4283905323228585	0.40684702304798276	0.6308485236534861	-1.7730411549947436	1.3142847866352914	1.4085628383458737	0.6983459208708037	-2.4069484546666677	3.8269590660156023	1.5726579809753476	-0.674010946439746	0.3683945119806148	2.634222819966628	-0.5414139548293025	-1.5900264356857345	2.186742134904822	0.12597041573970133	0.23980565258995137	1.9783460704660691	0.32938489926901293	0.19380213775928262	0.5544492969887452	-0.9755984213161648	-1.342980662495109	-0.21615655243266513	-1.6285446529783938	-0.19162344349189234	0.7956709192879684	0.4183235489345968	-0.652465379696202	-0.616924620705954	-0.6496819603273021	1.6434355094660729	0.9399138240336885	1.4284768290762724	-0.3957739949402214	-0.2843676589172273	-0.34599033115552386	-1.4397793096147575	1.6532786246793496	-0.327161652801858	0.1029319650661284	0.19437042182275502	0.4601437664998544	0.705106391535281	1.081996611144526	-0.7181175962754909	0.5652601229305535	0.3434396807750476	0.668771499556362	1.1795592619273254	0.06347043967566565	-0.8606022800623548	0.6165912471555564	0.5171569450448399	-0.957636229718948	-0.11716852774350013	0.5258155662316677	0.06436523840626089	-0.249749785542952	-1.9167675735425167	1.239050870213477	0.49177566660883626	0.6328666243008199	-0.33036673738124517	-0.5885704640272656	0.3295339843291451	-0.045654136231122563	-1.1930573294342826	-0.6351640382077511	0.034362366500455044	-0.7923429485063858	0.27648398011836556	-0.3288944438387177	-0.059575137317552304	0.24390936199152494	-0.6357265466891272	-0.3890510284230293	0.3718924979558261	0.4401353537163265	-0.21656382736081894	-1.2595961324859513	-0.9090063555430353	0.20738819068619146	0.5995050155264069	-0.05051348028574232	-0.13341695388999267	-0.1756108738413819	-0.22506100069727203	0.06928109938085492	0.0039570371662095765	-0.5671810633338619
DTXSID7024291	1.7384733223819557	2.9911527036904286	-1.686224133525687	0.26411375994064346	-0.6895494410444755	-0.5698417296593012	2.5763905432037975	0.8239409382955379	-1.5374628469964282	-1.8166958932971669	-0.7837053145164636	0.10326395421866436	-0.853471308497094	0.8622423615213768	0.5971997431253633	-0.127075831629752	0.1361069801004484	1.4899111667337348	0.005544781994452512	0.10972601126708367	-0.3238383134440621	-0.01871917714250954	-1.5550341773601268	0.2455664730394524	0.354682166192943	0.7657510542928667	0.3878688603104851	0.48344086589999863	0.060901924424918166	0.2685496371013079	-0.3931123775234208	-1.4044114021677332	-1.7288779735879647	-0.06966168814957392	0.5201857021967893	0.11664188062305858	0.5243167350572184	0.19797571698411812	0.5089171852688746	-0.12464873090910719	-1.0157835912188082	0.6464668505569844	-0.33285987289570107	0.013645750591728456	1.008382663971569	-0.874184781903971	-0.07514300041259966	-0.9371355927507345	0.13692621785850934	0.16112110755683126	0.45940615907056137	-0.1944945221910582	0.6179126522220045	-0.3896090195724118	-1.0113414351709475	0.10290046341035036	-0.05445117316721515	0.02245957504128036	1.5084098197039226	1.2941226044756184	-0.5979741940178779	0.19285323501791846	0.7134578468397078	-0.4677047639017139	0.020398744770356535	0.36918670476080345	-0.03392417599373617	-1.718575376906268	0.09835403921036295	1.0285495645357432	-0.6755004257991959	0.8894759667690998	-0.2344195041796811	-0.7133674754662964	0.7213578129762288	-0.2467929140859781	-1.0623798709586594	1.24739580889976	0.5520888289234076	-0.27028313017096234	-1.2783598266619387	0.053629900630279274	-0.690235051596177	0.3248678497887021	0.29254199467152564	-0.43486963912205123	-1.7394444226149655	-0.0987388833155284	2.1364437083670262	-0.08659429566394701	0.5260501375996538	0.4874648253528616	-0.17601045529695838	0.35379986657999035	0.8140964734779799	-0.14074463983562174	-0.8372764933510154	-0.8440432243040678	-0.9672373449478415	0.09734085409559587
DTXSID3024104	-1.0424119621234513	6.785689995319435	1.5343858534064148	2.347748682804415	-3.2989584258946874	0.9445654321825097	-1.7813113014416828	-2.2163284934647085	2.21191982195731	-0.4155476383333847	1.4941748640065267	-1.187119684799677	-0.46913212854419734	-2.7460158341114256	-1.0985318237055859	0.8478616854131027	-0.8176576875306395	-0.8175895889971379	1.2371496322989066	1.0504071415043947	-0.2961978978016033	0.3286567502225298	-2.8214881380475987	-0.48852721883766786	-0.9912942528698154	0.22117698729325655	-0.4214228297922651	2.340574549708126	-0.16489951727603422	-0.2500353849666035	1.1523972426402693	0.6167120917957415	0.980852611953415	0.3903292809230009	-0.4946545199536819	-2.345569831599174	1.171488254427892	0.5473711901151526	1.7901026174041075	-0.8509786944598137	0.0533173205886226	0.584674849437378	-0.9544300684887356	-0.13785789483548153	-0.11749766443059152	1.4749611082833227	-0.1628523294864022	-0.18958980219753785	0.5358032122822735	0.08040647470299332	0.3899396316156558	0.3256603508695865	-0.6512238490916471	0.49494454684624895	0.6206374189327424	0.17160305616854735	0.6962495756107079	0.17284769133876776	-0.0849637708994051	0.13771040018467204	0.1773129303361889	1.2881266462197383	-0.2610274133558299	-1.0210077229049797	-0.25957644847566014	-0.5707111147899846	-0.1043805005963186	-0.352041592064385	0.10226283539592934	2.0749368858446773	0.8077258717440438	-0.5405866709291697	-0.5940952454877837	-0.5347426982884637	0.21634729453316381	-0.6286236150725074	-1.2068191403322597	0.6229941194864371	0.8039708070097334	-0.6802080993229016	-0.11538319604889785	0.9050349580450805	0.1784823669820903	0.4988685248225314	-0.6459392734022403	-0.241833655502288	-0.06602464672765443	-0.39906854741933	0.07602892546704383	-0.452114971700647	0.7511555999030036	-0.46087489615175137	0.12008703746261656	0.08215983454691812	-0.8354420587032492	0.2644858129189418	-0.5204930770874544	0.6490838444890056	-0.9001338469517293	-0.38930215860765066
DTXSID6048204	-2.4720381825643614	-2.8565353813833076	3.7556657254374772	-0.09110885343590389	-0.9364259081298345	-0.12531561521754786	0.4275256494814065	-1.2106560519246228	0.6912221677847288	0.9457589182900891	-0.0039750627100850955	-0.10651294204214516	0.9279403867344865	-0.9420762067746233	-0.08608551454657774	-0.5424529372999888	0.3717525129274449	0.23423539000706806	0.0442998620582229	-0.35593178560793065	0.14300314470225342	-0.11016525827310393	-0.3205958249079821	0.23987095383243134	-0.666201026989948	0.05500651770946007	0.046546862707292004	0.3730495850172643	0.3531790486648875	-0.07168564184406495	0.31908216267904105	-0.6766481833379409	-0.23874481011565568	-0.6822954848372705	0.07940782640841632	0.5693332645106751	-0.35242165918418733	0.3606859738497771	0.22858811773355342	0.3504305693673036	0.22666949424665495	0.30962946994817153	-0.11523750633068068	0.049189125804065495	0.04950501760050677	0.13104944945765798	0.02447493484644456	-0.22064061596822465	0.202064756830087	-0.1433197190474881	0.06594148820696445	0.03662964606901074	-0.0019953311696700032	0.030863859886495818	-0.1603444699900818	-0.38178551006636896	0.1517292433011406	-0.028858490659245617	0.04824266690198293	0.24468895036729263	-0.05278802688812262	-0.28344151071182244	-0.21694813084154865	-0.41579424824953737	-0.04608593266919211	0.2946909945093209	0.1393542670480531	0.11958628207853705	-0.053685998008448484	-0.5872428298872746	0.4524250201141382	-0.17079827170868433	-0.21419160406627974	0.15417623317582632	-0.44272995823783196	-0.08916826334818972	0.5954988384264621	0.24018999523842752	0.21161470510496608	-0.1329640817812792	-0.45965514234593197	-0.11455391715840124	-0.23427665691153307	0.009855822871908997	0.04757967130601944	0.5735816558332529	0.5044309926749289	-0.1580296562525133	-0.014905733372320942	-0.4693222395241949	0.3573966298307608	-0.3882566102922284	-0.019864107379702775	0.43826677493313454	0.38518197015203265	0.2993128242397805	-0.0982272250240698	-0.2635143926373954	-0.599275264844816	0.4514643543689247
DTXSID8041115	34.78979907743949	2.3419008258112486	-1.9777451262857575	6.577825815039199	0.27633481559432843	-0.8057117033323369	-4.001468856631816	-3.4621124796546967	-4.091810396038759	-2.872451279065996	-10.792885339511129	3.2596720560874752	12.251906402078939	1.3408929245574448	2.6277942169623616	-0.9008616923507824	-7.581431163787352	-2.6902199689724355	-0.7530664318294038	2.9450169629974985	-0.4450932215160932	4.675097836100388	3.0345728014173994	-3.189209317965578	3.84636277304606	0.7192372622275073	2.618139289997726	2.2925987557820164	0.41728535354356006	-1.8254799867316693	4.425333334286079	1.991661681242422	-0.1200348301087484	-1.3169904980721985	-3.2001702404856465	0.28067788939556126	-4.331071458505536	-3.685033380043654	7.885269248408794	1.9042719217858202	2.027094097672285	-0.1090844700558788	-1.9693558326193288	-1.3136246300514554	0.13456804329481134	-3.6041841135614883	-0.9593818442721029	-2.680755572080463	-0.33141511379810745	-2.1250809410801597	-0.04643138180451133	-6.19491275873988	1.2436641043244958	-1.5352474829460871	-0.5188742682032738	1.0285963527133493	0.3891173397318842	3.8639271232284833	0.2327891942524198	-1.933530070421739	3.1629018639729263	2.5118367704788978	6.221490931164864	-2.274758614376613	4.0847096966844685	-2.333074095163344	2.9397969919772575	1.2516823166533835	-0.37964622748100035	2.1681668374721275	-2.428475426386026	-5.293864689934856	1.0590167454038848	-0.8337007951499659	2.4799080710622183	0.46883107441007843	-2.334779204823148	-2.106666139132771	-0.04891679151194728	-1.9631388204099123	-0.07320207753177761	3.0929032000544074	1.1354344380033365	-0.2807605468121927	1.3101306380540327	-0.7229719225754225	-0.046987125415454516	-4.258836563231058	-2.237554784742605	0.6316349894662242	-0.2777847640685418	-1.082299743843306	4.771533546736324	-1.0493723503929144	-3.978816184874403	-1.397809940432404	-1.9652984178795985	-0.045000317281393414	0.8837126894779382	-1.0704186592695772
DTXSID5037498	3.7946205362945444	2.271452206725457	-1.6508876818862708	-0.206979419262834	-0.24021417941873874	-0.06640638778486041	4.032768191064753	1.4222678723542037	-2.3199621388734193	-1.6626709196985252	-0.7015286956891565	0.6543095977274239	-0.8420503544002038	-0.039465096316959644	0.3967061281704632	-0.21728560383546136	0.1535121431165198	0.9162675169143696	-1.0858786751587675	-1.042280360835106	-0.022933166837941173	-0.9195351054465073	-0.9593602230353944	-0.6579336929081863	0.1793363210190585	0.8233761618938958	-0.8241761587000762	0.07985035940634974	-0.1541985347515503	-0.2661379710754289	0.8696238595750142	-0.07138431624264233	-0.7040119168212667	0.16177533564534835	-0.3784386910454605	0.007429261688487108	0.3244726671562985	0.1826427104713852	-0.4430848675509633	0.05321143200850963	-0.35653947560455856	1.2269565667513553	-1.1755575781047978	-0.0775957211047688	0.1849071710421353	0.05999545427164953	-0.2694091365679883	-0.9707138729577609	-0.05937085575789562	-0.5355483059035729	-0.04205719209112558	-0.036156030441991505	-0.065623796791325	-0.12603571113626813	-0.7185555675316585	-0.49066210926485426	-0.030037674580778252	0.8643104583487558	-0.18033122828853837	0.2918262665094667	0.33685007776633363	1.030021757196004	-0.4240353392097981	0.5494587707973823	-0.1431327129738156	-0.5079751135826732	-0.9030362112043923	-1.3080785166263271	0.21067641674267365	-0.10635884381656137	-0.2552712443641027	0.09621991085275837	-0.4022747606679312	0.31741620334209253	0.24267967997462153	-0.2595679690191736	-0.8082243251082674	2.3711154025357173	0.9090421347752927	-1.0554859139369699	-0.9198158996263304	0.062206500545142394	-1.6983966880534627	-0.62073070575101	1.0131880278701815	-0.4668777866847224	-0.6401209717026702	0.10041647163726704	1.4657594628282504	1.0687015680222887	-0.011918062587597584	-0.7409165245438845	-0.0008625081131827004	-0.6275097058366562	0.5042771055408498	0.44018879682641854	1.429287282158043	0.08271378288564997	-0.06074019701804555	0.7842224345121521
DTXSID3029572	-0.057676004641164375	1.34282613150312	-1.0207831830601286	1.146594145806343	0.07021132212957261	1.7261812120494202	-0.5005299752342693	2.6515098933859913	0.7555105751038657	-1.223361323656789	-1.236550405268376	0.28682815264140377	0.25398145278775797	1.310705096772116	0.43426203213869	-0.814085540787923	0.704512753350135	0.5292467129918184	1.1546495915777717	-0.4994806019683915	-0.19957423428684465	-0.26219112184588966	1.471431389484932	1.391122834985871	-0.452421381891918	0.3365058442817438	1.3689553471009983	0.1176358290719577	-0.16370872349498808	0.9479863801735281	0.02800355029023025	-1.061782593810213	-0.37135290267988363	-0.3412451315088608	1.2794517057528192	0.45009960992868653	-0.29737160745457786	-0.1493466248161147	-0.13522294481595684	-0.4863472486371136	-0.8522857325073435	0.06980519516726721	-0.12386404709784288	-0.5458524454009449	1.3198440424574451	-1.1020487668336238	0.504134358129986	-0.9246171317938611	0.07175302996304196	-0.01942971466536862	0.32817026060792703	-0.19570484529362442	0.7110522928776669	-0.43391447365239016	-1.0427335320612996	0.714486748377825	-0.35389096612896487	-0.025251355106418537	1.078272296088951	1.3314586548083291	-1.0313993209644317	-0.8311724639828474	0.8774462767932109	-1.1562469202206003	0.1940165187505405	0.7761149153789844	-0.055249583060186035	-0.40850511594817773	0.1268913969557464	1.1584873963001665	-0.4001177031946389	0.7964184613834984	0.4226464603110668	-1.5539550136511948	0.1329124682542904	-1.0885588267794124	-0.830307434231606	1.9072618500093694	0.11269921410553316	0.5152439132509898	-0.400640968854422	-0.36879401743020135	0.008149003907478023	-0.23830622474261826	-0.20333776319107408	-0.2162660914805358	-0.07258694964847404	-0.614293193254932	0.7226977826573883	0.3082919561834808	-0.4332448348873621	0.5141044197730252	0.3827753634648127	0.4914998435700558	-0.43886106043462164	0.6046566176769739	0.2996686025452744	0.08206750906751967	0.9803402150388552	-0.05149330044141613
DTXSID3059921	14.517522038275471	-1.01160667795296	-11.448764216931494	-25.972674025718828	9.032686500409095	23.15861360519365	1.6097747372424904	-10.839055667855929	17.155768324883066	-1.5101508050915955	11.867023870749517	-2.994184706038714	10.131584037097497	14.820646093863076	1.7827210034129843	3.9513962368088227	-5.350578029405381	-1.0925148600390606	7.204655679432105	-2.4422959969536078	-6.222188996543916	3.3974470910828285	5.004681262932843	-0.23128893007253248	-0.7820901054103659	-0.19011716086486558	-1.5118748060875937	-2.14740737827593	0.9621523801839466	0.027365587940086047	0.4373949091963089	-2.485910181793881	-1.2346281142593742	1.1542650345017116	-1.9001272391606119	0.32755200724693795	0.5989668831121048	1.295851412752397	0.7376364455578197	1.1926168491972278	0.801851898847186	0.5115575695013886	-1.4912450761369664	1.5757355487831852	-0.48905762616405607	1.6459610942701077	-0.9106460089976686	-0.37202469436596963	-1.2836186079136997	1.116802389578251	0.07735507108715295	0.6833172274262649	-0.4639353665687562	0.6878812724490211	0.562859484727283	0.9594851553675642	1.6162085405217745	2.204420763526159	-2.879698948370648	0.8011607837718107	0.47777060173129426	2.2705712084363476	-1.441810860827784	-1.1437602463012944	0.0486854352454141	-1.3458157362862386	0.06955743995559113	-1.0163253660582294	-0.26406119248557486	-2.0662699350213134	-1.8592849779555056	0.10816875103910134	-0.9087029081936093	1.6252851969984408	1.5381277143716006	-1.0400039399933174	0.34914317031043196	0.2145717052041518	0.6615051707149961	-1.9018177560522425	-0.2168658404162087	2.079193970511492	-0.08948221082875604	1.8553590627006882	-1.2397246943606564	-1.3070921185778321	-0.13881529929779107	-2.2730343183811312	1.1559422343481862	-0.8012267560639559	-1.8553522280153003	1.8549324991188942	0.4070494993414849	-1.9518770526449363	1.2073940418621447	1.0752261814324544	-1.0818097555634483	-0.6468782507154519	1.1703881807976009	0.5273463080005856
DTXSID4025329	-6.362551941242395	0.11294979533695716	0.054427389782255906	0.20425508329195505	-0.7893023293280639	1.06837342282987	-1.3919490301268933	-1.237838848613993	1.3408332059168515	-0.7055957643270886	0.3912874617341356	-0.3397891549496147	-0.5655091865174332	-0.6756103136743042	-0.6040407151790587	0.30174246482216394	0.31731729922351903	-0.22460402193264242	-0.0942588128179485	0.41386675336778217	0.257069010980945	-0.07721487064215644	-0.6446130209707184	0.313249900355369	-0.25884236981126263	-0.4264629795810172	0.18104169657124963	0.16893219564671264	0.30161613132868326	-0.036135785578480614	0.41956945785575395	0.0837028234440502	0.0803688094957903	-0.3477442901488156	-0.21487014216751119	0.21629981065052142	-0.26813573992505196	-0.2541561773181481	-0.08386686951921873	0.3133650150152306	0.01755267646247851	-0.09269739879922283	-0.06721454987657725	0.3338036142387998	-0.2417237627831743	0.30744128729306736	0.1923635829607535	-0.019442124796853453	-0.03837744496275704	0.07508182196280079	-0.16691901333626888	-0.0983744652101115	-0.1500004949859806	0.015059920734452106	-0.02940445693769541	0.06934382307354586	-0.15656570333882588	0.030189497135675127	-0.5927163813184716	-0.19936563363352344	-0.04649658230465856	-0.21374943777427544	0.34827608046256786	0.46825073701913805	-0.20247970111727426	-0.2603100253507892	-0.1744064767336449	0.08285750626666884	-0.5143936547964503	-0.6246368840447855	0.39952818685328756	0.04987463244359919	0.004929047865308337	0.14322896738151147	-0.23329508088640868	-0.21016535256125124	0.34422256843559135	-0.6660806640737764	-0.010090938617537272	-0.020552912078033187	0.2406940774045908	-0.11732989277854726	-0.16512882453968608	-0.4727640546602776	0.26768995359673486	0.08109767691671489	-0.22385486189320558	-0.062409244506509524	-0.19459411709262694	0.03733973615686743	-0.451797821046318	-0.6128403459620102	-0.7329981185805129	0.11486300126610027	0.03303181733971194	-0.4350319501199687	0.11562011067167303	0.22141594241577967	0.35833247722071343	-0.5382133583010884
DTXSID3044833	-0.5410200576184013	-1.739641823966731	4.149723122574823	0.1803089998187438	1.0109625191179425	-0.6123421521471647	0.07095620652271609	-0.3737317185434171	-0.2693051648971643	-0.4960867478178579	-0.7213011443033047	0.03591919099579944	-0.3111781587953541	1.1495372111553432	0.26023010382676326	-0.47740070723991457	0.8654073040323831	-0.09629531230097821	0.6789569326722354	-1.3435778918895105	-0.09618845491782099	-0.38986706297170487	1.8677268354672056	-0.2088673419126053	0.48082145589238584	-0.1393451948122464	-0.3858543011277682	-0.5953572050623214	0.0579201533977467	-0.4176217569166086	-0.39175945247272737	0.13453453134281465	0.15447188767971484	-0.30307542334871207	-0.5947596515056506	-0.5679330636748707	0.5533987308309593	-0.1731831085027103	-0.6606016945266258	-0.3927575655053044	0.22639533480997281	-0.023277527673372905	-0.04616831760580519	0.09013085863432853	-0.008188865286456928	-0.37208427701987223	-0.21701898899660016	-0.3232682581423149	0.006976877935753384	-0.0031552089918565496	0.053614689630888536	-0.3573616362711459	0.247788466684106	-0.16134314948040626	-0.10089223705573813	-0.12350899717237625	0.203309412275381	-0.07045002385377618	0.3774877337923363	0.3939935259593266	-0.19576495332027746	0.34577147032651534	-0.01493840376251093	0.02585937756604513	-0.44292963492365006	-0.23655101613093135	0.38001561784238	-0.8041589030287405	0.05315016940817168	0.18483653183790621	0.11692584106060465	-0.383517264653987	0.6124645273223668	0.16862786725421547	-0.0939397567064344	-0.2500330043237058	-0.5204932284711729	0.010593142519745781	0.19434011831915624	-0.03512352932297124	-0.06742468667104946	-0.14014469463279014	0.4765106146748103	-0.45215366821556835	-0.2146632532626012	-0.04834348178821977	0.2589099290521732	-0.44192192045667683	-0.15610537174593633	0.14973284768239187	0.7386716089014599	0.37353572514243216	-0.3341193471125207	-0.22826606048486148	-0.24190679610661628	-0.14293630831226486	0.19576336953701579	-0.0810177052750861	-0.04862041615653913	0.4406410433389787
DTXSID5025021	5.674611906859659	0.8812508553163393	4.2516651479920045	-0.22170194614290697	1.2008976211205602	-0.6800048133889066	-1.6367793132840804	0.032866948425969926	0.29415363825442453	-1.4590435454429063	-0.0023778851197129437	-0.6162879248957205	-0.9764138234693295	1.318541380695247	-1.3688121320400795	-0.9828117385766046	0.3104680303811526	-0.9577664802124585	1.292401040600934	-0.05184695407818305	0.4943492826844246	0.7097124608832936	-1.416812658624569	-0.11957798065592605	0.5110058432433096	-0.278790422140539	-1.5448406838315851	0.5583860455266388	0.5346129861113421	-0.7888062900067562	-0.9111154370290764	-0.7308737064280856	-0.7029768925712722	-1.1135238074065754	0.0582859269021538	0.6704526682673169	-0.42400810638463066	-0.060794434371857116	0.08297294437146954	0.3468007774374233	0.5698171913140274	-0.2926405589266212	0.3202103391975691	0.05296786289436559	0.37827930710193397	0.13808801532140588	-0.3738115886502985	0.6526355621163386	0.2798580821664395	0.1958707007186533	-0.3081146233598331	0.152448546927881	0.21365233027474295	-0.46449895146151277	0.0429076770410396	-0.45927041584750095	-0.5905696875366198	0.06330114608844696	0.11923686483377777	-0.07118913108628097	-0.8894211380890649	-0.17501930723375728	0.05804996462043499	0.27008300360047616	0.07846471456543025	-1.222226404322984	0.619767756172195	-0.3637135501289243	-0.39038655730014665	-1.99561155193611	1.6290386307812208	-0.3894243487025604	-0.4244050105043284	0.44281651207236894	-2.4914517950589294	-0.279917408368736	1.0375905239298688	-1.2427993226612144	0.2721017022278907	0.009212304225918844	-1.5126290869900794	-0.24095894664554812	-0.017871892305942636	-0.4275116896165044	-0.191816957052019	0.774623968539931	1.3256978956238095	0.4661568109361723	0.7891418672191131	-0.3890741103317726	0.39453457619752924	-0.468232375451486	-0.9585344927331452	0.7594467609629884	0.7245885400119404	1.2381023881963238	-0.11494158090536165	-0.4986418940322725	-0.5278041207942307	1.382657658579044
DTXSID9020796	18.390587014638456	8.227042290898583	-1.6526114591553478	-0.015714528666725246	2.334408309519292	-3.5413361074646246	-0.013006155219624707	3.202205742906234	-0.21624793620756214	-1.7426898118379293	1.5437481879969086	8.261450301444553	-3.5490455411615804	0.22269002193680537	2.7619433284926385	0.5310532643493111	-3.523565652533188	-1.2882613794652744	0.45497127220893335	-1.0729124839535307	-0.7989741103499287	1.6794292181052966	2.100155071740987	-1.82373620884055	1.624125075214294	1.279932139499279	2.5420525218395977	0.5707452767020689	0.3872447551738572	-2.6057609530144847	-1.616384835253357	0.4681446850585346	2.3891491120631163	-3.607332063552734	-2.4379045788899445	-0.9386804141175795	0.3014594604507957	-1.844714353367805	3.9533253817546177	-1.2687423334967822	1.5332913463922901	-2.3154633171755963	0.18968572469205022	1.8389447864606023	-2.303969557555286	-2.554724807339561	-1.3809617940854508	-0.2997220672733758	-0.6475063084515831	-0.8822611801819163	-0.24472079436604294	-1.72962959373279	-0.12111610158720917	0.6400362041965638	-1.22488563516808	2.4369998728013362	0.3600185220302451	2.6102542593781513	-0.3279933417966736	-2.3951202838887067	3.722706756796213	1.0976768252831632	4.120762130712256	-0.4461706020690526	-3.4660017831697933	-0.700970277254039	1.1993593917460048	2.0441915915469195	-0.453606830843515	-1.8022382949505444	-1.3179826025658188	-3.6628645163696056	2.1159050778575734	-0.5210772494309521	-1.4897544977908166	1.51471954880115	0.4144790049923838	-1.1381019515647206	0.4108735556304822	-1.5387804443159536	1.1712665239382756	0.7919638910707599	-0.6818263848339231	1.4196087489309235	0.34315341658744813	-0.01424652147219951	0.2409842342170534	-1.009014740087347	0.4096751842969012	1.7303792602268748	-0.45652842177881536	2.202738541114759	0.7471444452572333	-1.8407101885448274	0.6376402566026094	-0.6876867316995687	-0.08483906458411156	0.48925323063234033	-0.9372631337756135	-0.8283736968083081
DTXSID2045993	3.9153658171661547	-3.857865164973513	-6.854528219393798	4.165321475316122	-0.4580046170896857	-2.1196893674776125	7.494570477586385	-2.072065844754037	-1.5110294907093273	-3.762793167594517	1.5536823266359694	-0.7292787759250179	1.3765828764368029	-1.9722782347794776	-3.045527341774524	1.8436480247776899	-1.8921093910845301	0.8317470112182054	1.3780072743219385	-1.4203840398519518	1.047967221644351	0.27681356155246	-0.7459315532077614	0.055131059331816605	-2.2523365696326514	0.6943196401225881	-0.3210549176759381	-0.28061873293078377	-0.5800559651588048	0.018958335177520345	-0.5772729491185331	0.8627404357414351	-0.27211675403981384	0.2104764167047177	-0.35647773647257996	-0.1346297968562292	-0.06939915819585146	0.36481474313472256	0.440464850674641	-0.7875525508671362	-0.5234097471174582	-0.263902110419595	0.06858634991977394	-0.3595481677050917	0.27273194982098703	-0.32856746695266	0.42233872416829066	0.4661204854589806	-0.29994981764494577	-0.12277290681170554	-0.46119547778610315	0.3026403821683158	-1.1296005158600424	-0.16864419644782946	-0.03478758969419628	-0.1437160707181784	0.06594105627528835	0.3509761653842717	-0.502611019531942	0.8385830000232142	0.11311610325948873	0.21550484198714878	-0.13012423070198695	0.12309204772403931	-0.08030945975961622	0.48563825641550235	0.3264475287442657	-0.6140997873990163	0.2983068126918025	-0.36044892148874613	-0.22342557672089283	-0.7260545564316028	0.28155977309043023	-0.5408539841321243	-0.48477712427096625	-0.2575346468954367	-0.27119718051857067	0.8074870865844783	0.298450394608741	0.0012480086613606875	0.22882420017943758	-0.06266967229690022	-0.31863214637539544	-0.016494326081888125	0.16146774255408555	0.7488482033946414	0.3733462214854551	0.0047539152885100085	-0.045280407389880054	-0.002391332170264456	0.8763238975390812	-0.12066160400659694	0.02605358480751064	-0.1311393303647857	0.22338049335573792	-0.23591171746044243	0.24574679911826727	-0.5826322137034426	0.868767396740137	0.3192019806916514
DTXSID3033511	-6.883607227697542	-3.4706886559650982	-1.7388525003946198	-1.5802962956508173	0.09171362941301235	1.6986922548725842	-0.9727811967573959	-1.1859204546117188	0.34976866816348257	0.29814912879296396	-0.42275115595788043	-0.4257279566367179	-0.6175213879146569	-0.6992607165881439	-0.5906927371751892	0.26622005522441944	0.4893043773652247	-0.008524489074329252	-0.024602133193288044	0.1018777543236993	0.4976562911102337	-0.02011780242519028	-0.06730067710828376	-0.1664755362410149	0.7195443679446903	-0.1533410240268784	-0.48625533631650314	0.028462189640592852	0.04137974128758964	-0.13689008346322	0.7180205047009255	0.18840139419200566	-0.05889139420710842	-0.2779309389143538	0.22623645520463898	-0.5870142120113104	0.545159999676967	-0.23915389529545653	0.1616768916873024	0.4666302457676675	-0.24681213243780525	0.04183985463405487	-0.00013272690877706893	-0.0021259955441939576	-0.08963819008729929	-0.14896716144565825	-0.06691461533093948	-0.20846012361687144	0.04228751427554749	0.23979855259670207	0.11568262483156017	-0.07571737508937543	-0.12589029567875815	0.006129199600746526	-0.10837957186139033	-0.0024287537623663732	0.24686134818557984	-0.29218650348186864	0.19828781532726386	-0.0028396089087451377	0.261772032461597	0.13695947133104852	0.49213622032281407	0.22260287924291988	-0.05384151321498299	0.4728664213299857	0.11545519996855967	-0.6084159500457104	-0.14091414823361592	-0.03450492103135998	0.31545630204328534	0.37410081893661845	-0.12636930424771312	-0.008789943300840984	-0.37377560504563634	-0.46824900826464444	-0.39022087111647613	-0.5243021370341541	0.10240251872176874	0.11237022148713878	0.3482056991420557	-0.40704353436001983	0.32433430822648	-0.2896118670810352	0.7936519431021094	-0.10377521029150918	-0.7305739251532463	0.4533909254733722	0.3944024978927442	1.0031416233611155	0.310374349097046	-0.9387066070247846	-0.12048182306730439	-0.44736369662789427	-0.011844202736789688	-1.0745777262954914	-0.39486859973482236	0.08650852794494421	-0.34360992687504177	-0.6254528194397212
DTXSID0052594	-3.6621092607031667	-0.594814727935333	0.1688222880057022	1.7254234787542264	0.2642268545187531	0.045636115157706034	-1.46966615544484	-0.25136024532045986	0.6787990424250111	-2.774048120892241	-0.13942346997453103	-0.41357636074647725	-1.7495224054736933	1.0082748404630402	-0.8672564529136674	-0.8902023650901224	0.8947463529406008	-1.5726615229350982	0.8489667781838974	-0.05626431002263343	0.7238328562853718	0.4018662047762971	0.8582772244258854	-0.29891304545150693	0.34926527915454125	-0.40740588647788567	-1.1960461618502984	0.7982236257289842	-0.07844525935906267	-0.5999563517061105	-1.2368114838036046	-0.15672801320854118	-0.0813550561669404	-1.4861985239661317	-0.41335574906235156	-0.8817597021744218	-0.7648780707921343	0.42115733921831816	0.5955876957484719	0.16206918594858125	0.16361314320637896	0.020848926678373084	-0.28217826378797495	-0.11056240568513688	0.20250148675770474	0.7802865856663924	0.7271584433176123	-0.2995763223629664	-0.36374189810551094	-0.06513098814660305	-0.018720024090012385	0.06585435260550397	0.26310520339686183	0.05161014080861041	-0.21875392948764893	-0.6823295454536866	0.30408953048889314	-0.7686235989204823	-0.28687031755555586	0.5344328692842107	0.35669544054954183	-0.42277512136090883	-0.41994678391962065	0.016852980130533733	-0.028466019861347454	0.9061061462999194	-0.05532310381641655	-0.29416083097031726	-0.9890351492877711	-0.11611346906891452	-0.44431275533940917	-0.28644702568420716	-0.33799033555747066	0.37241179161273097	1.0705098954730952	0.7688810525369034	0.465187180108724	0.4150370191084238	-0.10358784089114687	-0.32956769369541544	0.462291812135332	-0.10807926639755683	-0.1862337076508153	0.15071437617462988	0.32014482649876375	-0.5881563774044671	-0.4286207351270208	0.7863422435478652	-0.05885552471539301	0.2820506463279357	-0.38099188990162003	0.12997146528856007	-0.04449134644955605	0.1080321318493319	-0.16496350491338868	0.13131409729765986	0.19463824061066892	0.09731296361450917	0.4706858437306309	0.14132234994575563
DTXSID0045888	-2.7535776525513582	-3.382778785762931	-0.29938730576246886	1.2648189174745572	2.8402498239367495	-0.5556962730001735	0.6997677422777336	2.4751368572340593	0.5031916143636597	-0.9658493831186603	-1.5110547140717931	-0.25110759735171656	0.12354193515263465	-0.5116934332387333	0.993083524187735	-0.4238570473642139	0.878531728549357	-0.7440246789440366	-0.582570160316548	-0.36004749521089907	0.34593106805807255	0.3497201383282011	1.8608471936613085	-1.035819902833056	0.7261138741010031	2.3210174119536506	0.35706400919675085	0.09166236739720049	-1.7502541053770422	1.125215345075572	0.33747897499216717	-1.1061135954545898	-0.44415040305442954	-0.6289633435596378	-0.09970334673815938	0.24833259314362296	-0.632556832996144	-1.3817806192766506	0.17169017084871188	-0.5087585097389559	0.3951885450973393	1.2617566525179131	0.6900653105217206	0.7214608393918012	-0.3840137123760668	1.9384545313170725	0.039235264242188636	-0.1957760082115685	0.03609054630787314	0.5573433782665658	0.16549231478930562	0.2654171007148877	0.47270284878422986	0.4323846812348582	0.11700194576284631	-0.707368051195583	-0.16809625878795148	0.1367948303797622	-1.3312892308500381	0.12356642050058059	-0.02425101995643417	1.0947499940037688	0.18262652889004247	-0.7437915703421616	-0.7314151693008696	1.0569159928256737	-1.7786978622010103	-0.04402038485929872	0.4232220749858725	1.7906154610966591	-0.6535140788060456	-1.066907307164587	-1.7604512232211382	0.8697800452175972	-1.1464270928899591	-1.9881663171707786	-0.14681556639783644	-0.2908028456470685	-0.5705493962893788	0.29370183458987925	0.00890515010565452	0.09508761359597027	1.0449769062497767	0.5505045298504461	-1.1900217241299522	0.29782857584126043	0.1512822429178533	-0.16440472514570725	0.18832828978024835	-0.7453713399479823	0.6782741556415232	-0.0057837309281653536	-0.004751196752255926	-0.372165694850177	-0.1301500217581257	0.13595597038718682	-0.4115953897456975	-0.21397569480563755	0.225043006752648	-0.6549627841779112
DTXSID8044597	7.54881773814935	7.543863619503264	3.0788429650618543	0.6183364882251651	1.4322883611797688	-0.809592356656505	-1.0460539335833372	-1.1908545542567504	1.491588097149729	-0.07330196177822436	-0.06447160669899911	0.23933769069294983	-0.9346411624209628	-0.6525140582668183	-0.13846100323535715	0.6084258405378284	1.2952058011005025	1.0159062738980635	-2.06387367875387	-1.0317924290654699	-0.9945404665425474	-0.9062275681614289	-0.2219209401436226	-1.035958309974906	3.011203227683516	-0.44488244290517887	-2.240925171818439	-4.287676688011419	-1.2479933118111308	-0.012506489147965311	-4.04254348566478	0.8008207137347617	0.5761553821553591	1.4359877828349088	4.025126199156963	2.3717409792318773	0.5486568450019123	0.7966970136772842	0.1140688075214438	0.8155267263739896	-0.3362664528680126	-0.011464186073942737	-0.18388389395051577	0.7515254260069256	-0.4760648673400761	0.5924309384072466	-0.014532387845817155	-0.20943279598920425	-0.5957998934487047	0.3119413189074298	0.17273691964602111	-0.30491330629169966	0.556184849450898	-1.0794673572393996	-0.4740926805458429	1.1193235335152667	-1.877348932281178	0.09190878446309084	0.29666914810649836	-1.435224410456065	0.5713775804935329	2.119558727158028	0.45464984789238094	0.2832462573791985	0.2685881686514367	-0.48132160617850994	-0.8272142486639092	3.722908592853036	-0.49558668990944316	0.5743987178392581	0.25294721668380293	1.3805706735677359	-2.3601735827001624	3.194410558273822	2.4477750781354413	-1.8453777624239054	-1.4522418432891917	-2.692676899388733	0.5168461962746188	0.02543702950288018	0.7820431758924221	2.2373755491374503	0.010112129464851115	-1.514144141330729	-0.08893143757679549	-0.7595178111336225	0.8848153003195655	1.2242862973206208	0.6685337002829589	0.7105206541795598	-1.0658072110532084	0.6797599961696179	0.5757708336895773	-0.7221157774955589	0.887528098498446	-0.0978547353198474	0.0731040966999331	0.5431908004310272	0.13844455164110428	-0.4395276346379312
DTXSID4027579	1.7914036999191227	-4.583677902621845	-1.982604416127248	-3.928665375281892	-3.6289793686730936	-3.560426188803949	-1.64040966502506	1.933816999379635	-1.237178566379319	0.11554708983262998	-0.8072053377226228	1.4804065013510233	-1.1845501403052865	3.5084426328738947	0.20873752222579772	1.329197610977991	-1.4950957561328257	1.3329459947206785	0.6916759572569185	-0.30717711364457284	0.7738913901039749	-0.27582785748533506	-4.212406846442516	0.31678448378092683	-1.1027251449482076	1.0632584441032233	0.08539160669672267	1.281483017299981	0.4432841312466363	-1.408552299000131	1.1454658103353235	1.955822543282286	-1.0615197150012607	0.3598899304836787	0.34165761070528977	1.4525902197012794	0.050507781271616384	1.490309255664233	0.6018157480420894	0.06998057107562507	-0.9410117430637522	-0.7356626063991624	0.9663660369406065	0.6979161209302243	-0.19668488856042474	0.18023328337096656	0.021191737155783787	-0.1917840756131461	0.340636458630025	0.6303171020763864	-0.10069842699625683	0.223972338941264	0.06545833919056392	-0.6217108386630682	-0.06885602847253394	0.39377995595602205	-1.0990286690817335	-0.536533489682109	-0.014529049831178137	0.37068719038126885	-0.2137133318899133	0.3057495193616562	1.3942936247905584	0.9316032868045859	-0.8768885325456262	-1.8508234420663197	1.7429496095148922	-0.6614223085209111	0.653592240463327	0.9016427300302272	-1.0868141641423756	0.279526087334263	-1.6947912201043855	0.30579186041312034	1.8486968573825717	1.792278110897068	0.10214352035028484	2.2588150967403067	-1.5985868614593197	0.8008629660344752	0.46710052159938303	0.7375999287898363	-0.8546739106318975	2.1940135310173137	0.9831807169465869	0.2821326186599741	-1.2496191913679369	0.6724434056993774	0.48802566586077056	-0.5103634321066293	-0.824397937400777	-0.11463996270425127	-0.5467152312125434	-0.29276693757873373	-0.23968428384742227	0.10033127766609687	-0.25415876148721844	-0.09325114465036204	0.5237384250360323	-0.37945181739261136
DTXSID4047381	8.734122635752055	3.25166909145742	1.0047743431611205	0.33010441884735287	-0.1266067460765714	-0.12722341750362762	3.26605295616391	3.710481944911469	0.5568645942820155	0.7732880197413431	-1.7928831054386267	0.6200008436823927	0.08330858319114984	0.7938098901091561	3.45902999788202	-2.7836976318904187	-2.022392925143501	-1.188633256959443	0.2281073257991777	3.1776605464601335	1.9618489832803405	-2.198412537363501	4.150765200588834	1.4953860730603263	-0.768240412861963	1.340576871962389	-2.470631910025329	0.9235000409277128	-1.1525301492538698	-0.7685226414021107	-0.583242668438721	-1.8938164694925173	0.9112279577457013	3.7090185219384257	2.2039950888592994	2.4134045986436794	3.534744319231014	1.0630133506275845	-1.0981613580300944	-0.660578131089663	4.34371569537814	-2.2751179515027267	-1.8800097951203742	3.483073263265917	-0.529054835064857	0.24504910635905922	-1.5296456723690204	1.220542983969793	-1.1888437028647398	-2.2810420279461368	0.028561531992790327	0.5421505509735598	-1.9223527438747816	2.5708039766643864	-0.23967319919734334	-1.1307126222856108	-0.9706347412505564	-2.5497917001555988	-0.4877804134460008	4.73810803806913	1.8957955009833498	0.7282018510463142	-0.4601363403257953	-0.24323166859256815	1.447052003657538	-1.0810709466650403	2.810901236553155	-0.4117103389744712	-1.4850087912031242	-0.46583178286321303	2.75631596294142	-0.8721526817836107	0.4115027589517232	-1.1611956447042509	-0.32470483979311593	-0.5434567937223471	-0.4401148760303261	0.08804407096972502	-0.08576135475728808	2.236667664556834	0.6375413145989306	-0.74362181165165	-0.8935061502528735	0.8035392499572547	-0.022251916909383617	0.8350460135109461	-1.6079065138316748	-0.04318954452555935	-0.33054551033990714	-0.1308058928450243	-1.9163415657031189	1.5181149389963347	1.552759573108068	-0.4025637176685241	0.8991797655630843	0.9386713041430468	0.003760917430518696	0.06298503489485313	-0.36667116945335043	-0.9335711280456648
DTXSID2023937	-7.044362502588431	-2.655301310369718	1.3123227951686522	-1.6385159526527984	-1.4875774274079396	1.5315154973473726	-0.5657461999958764	0.6821417738691969	0.38754744875090047	0.585336652440372	-0.234709195137748	-0.2928340120214129	0.0917456983422967	-0.602712757985907	-0.14010062779097912	0.5790099648159696	-0.6857419395956283	0.12031763527084859	-0.11644201026729327	-0.04015062842738749	-0.22674086378998384	-0.032404030174616905	-0.5297559493540964	-0.9017860283317248	0.7393392507536658	-0.03468465395728518	-0.6643800548380248	0.12082186007842789	0.20196962388964812	-0.15425196350491233	-0.42696013537286803	0.08439102291801133	0.32683497300505265	0.13928402078321578	0.6978739116698113	0.5736511851234326	0.4190122081172578	-0.5429373573512358	-0.602034876353994	0.24567014528313075	0.06575656198783149	-0.8179926340027431	-0.07844196567746325	-0.2416762335531444	-0.004310983487045703	0.032577806851685695	-0.20941110567746124	-0.29835601425192987	0.24923702195444172	-0.2912592194017471	0.0007198490821570891	-0.49077379809763655	0.1914764704364603	-0.1420504568262896	0.10240050056240751	0.1062903308146213	-0.21380801546097802	0.23255006649825322	0.5955768490944267	-0.038372741897903406	-0.4168202260209455	0.08336538648349943	0.4183801390525368	0.6099248688511806	-0.491765559937251	0.6040760983186199	-0.10764332553668292	-0.07051804945033321	-0.2123251345096546	0.45318599803958215	0.7775030334197658	-0.03547307385126945	0.46273912583128696	-0.18100097366759416	0.12030560207326624	0.12682083472166744	-0.144561253698202	-0.3021515269640982	0.7027201154268462	-1.240099295502447	0.3605391782179906	-0.816457714998218	0.00441141798848894	-0.581751873443091	0.3081325890589752	-0.13510559882069645	0.21762548501554854	-1.0479705337492895	-0.49076207974802744	0.19900105698566214	-0.24416440757758384	-0.10174087336720784	-0.6620706095508581	-0.414372849349275	0.10631619735065016	-0.23709822089680155	-0.11659317338644595	-0.398683611977393	-0.05192825645221076	0.22015796638468096
DTXSID5057622	0.07131901283424036	5.174045848978622	1.2796224522525121	0.5041140497959091	-2.661633143243373	-0.4144124825602588	-0.9696879687122791	0.10779772578467325	1.5145789491221222	1.9875905792245288	1.6382763397934668	-1.0449626099164695	-0.7256285871402939	-0.8714090069236802	-0.8416893955037056	-0.08680490858010824	-0.24799949551660375	-0.22236362556962916	-0.24528249095993893	-0.36974696705418625	-0.36099223044779866	0.002347147524063323	0.4233867691211132	0.010384196268578534	-0.37496540959688995	0.496003777764829	0.0423696464331168	0.15923609608083827	-0.16932892547386016	-0.6227627903915405	-0.6134537721250377	0.4999202844959668	0.45376243297642216	0.6154960482661859	-0.27864511308854556	-0.1919097766023888	-0.27396500011947955	-0.14671012348528986	-0.1973865455113762	-0.3449061871486608	0.9876334405616737	0.03951333904975998	-0.12241280462242363	0.11591008694146496	-1.1040855017485867	0.33567634383939665	-0.2709184543885829	-0.2705965724675939	0.027831295660284645	-0.1898236962989011	0.0028574499603748692	0.02683198138471113	0.07691905534490276	0.10717156689252168	0.012750977649180492	0.13063673588248087	0.455859729238227	0.5847804755574746	-0.7151432462038708	-0.7447847129825294	-0.28418417818645425	0.7550375158792437	-0.1945204226021994	0.20244247900258297	-0.15173295953394964	-0.31317049571395433	-0.02797821630165259	0.5238819724575163	0.2265200413132891	-0.42755127060964143	-0.24256014920718064	-0.5972252232619562	0.32476746582464344	-0.5422929014477806	-0.6627669245564833	1.3403318061380125	0.8710662902356222	1.0210525883771167	0.7208096683525219	-0.07016430388117617	0.2219966918046532	-0.5155309206283476	0.0681398418613406	1.0559228455759326	-0.817357711342773	-0.05148146938432175	-0.8708169587076905	0.5377994150291626	-0.05312408933075642	-0.4250024878115201	0.4172938974747116	0.6672569232825534	0.7134443563829697	0.4060219125714522	1.0581099143019739	0.10266647480242619	-0.23707038907061712	0.0758328245774441	0.049082473922783705	-0.46255194957861556
DTXSID3020629	1.4506333129863074	3.9723582450939983	-0.7429907238856399	0.9413429144732772	1.5268718784972644	2.430067056152215	-1.111189034215435	-0.9193900768293323	3.4529207343862742	0.15599993222196615	0.5452587339123044	-1.215087073927846	0.41657727448115406	1.3724197978984702	0.21851879037397615	0.764712170213338	-0.2003064508515244	0.05420425464381136	1.383784889727704	-0.6772531474856206	-0.37172057415222554	-0.09345360906893897	0.31455695039386583	0.5307590602639441	-0.20279781419138543	0.5247656815077215	-0.15007016897795647	0.5430315763615737	0.02921994905312059	-0.026079961567117768	0.1940816707487328	-0.7221570427032	-0.5054156476101612	-0.4191036288124373	0.29807875127607425	-0.5070664272155481	0.5226017764522837	0.518676355049585	0.8382028559247872	0.4354717644183275	0.08472684605415491	0.5395709242236536	-0.2620112255533805	0.32301385931023946	0.2929265022049494	0.5273690578621254	0.16311503439709824	-0.08209124462494356	0.2809154897693405	0.3982514910132931	0.275185012910721	0.3943842285949228	-0.0676069878263098	0.001297942046551471	0.22558711272812945	-0.5494193853802073	0.0940513740024055	-0.07204140229339133	-0.0004282706610804665	0.22436359888271354	0.42163681496264027	0.25037000036815094	-0.5936658656590135	-0.5681962043978296	0.07789515643510013	-0.5012086291841006	0.43100694147517865	-0.42164458563306156	0.29798607274066213	0.637894351091199	0.299151623147443	-0.598894621051456	-0.6696100220766118	0.4863742415609247	0.23237939603957453	-0.3818317092685497	-0.51363142332074	0.5244180496415364	0.27821040349327625	-0.5299333489158403	-0.013807287412714008	0.1109494705491597	0.06451143114897964	-0.17557801643246693	-0.5258982256182657	0.34895258332339457	1.1195578561154176	0.3626939481236736	-0.07146708991504674	-0.4317439536114939	1.3821160322920065	-1.311053158107983	0.13975211006248814	0.4569335193941308	-0.6324288440155783	0.16604032980382455	0.10157904751048416	0.2622328308309516	0.0776964012672582	-0.4121364966295073
DTXSID2031956	0.06799501890617954	1.4017362815700263	0.2006745905615593	0.7198141191337907	1.2853977497271964	-1.252623268187537	0.3788717539415334	1.663803895820674	1.315530263991116	1.4418132973233235	-0.8292968750057944	-0.9367559255876439	0.4308612956312219	0.20401553448898807	1.252651877478049	0.8107049715595604	0.49520977833616053	0.810775732764138	0.16858781030157655	-1.6463948874103778	-0.16693671736267202	-0.3755120009102079	1.9369842048263424	0.3216233110023932	0.6798805292721437	0.7184116105854924	0.9563413731730678	-0.09250310473489251	0.006398200693682368	-0.0749516716977322	-2.3087449825400292	-0.5080874495078118	0.16493297191832915	-0.22777122842891312	1.43807017134422	1.759081315056846	-0.3354148840952264	0.23282522600054842	-0.5678859163506742	-0.5258276764415251	0.5859378141368494	0.4317998791650485	0.006044302582053388	0.293454972113138	0.5566273156454148	-0.21442785799658043	0.22363934674705194	-0.6349569337653376	0.16717681848748317	0.13618768432179368	0.3094727899939863	-0.003459551760307712	1.032258542925529	-0.09666941469156883	-0.6563538260768232	-0.006563722301469495	-0.17613954733901846	0.3984645465117865	0.6099075218353389	0.6456696790855143	-0.6639562522507597	-0.023324552955348948	0.26806223053015343	-0.576907603088471	-0.4076433558100612	0.26395521904176056	-0.18583653683583015	0.8658133479376398	1.220383524070043	1.0147117093693974	-0.44307206794974324	0.5401614642217005	0.1969492360962139	0.10922940982490562	-0.06972550154489417	-0.005997215549776154	-0.24668487444072765	0.06647408789455114	0.37801768541196834	-0.8091394848686537	-0.5548264244337037	0.07479332181028538	-0.19308281729899304	0.579496743006807	-0.9719930788999285	0.03422196637124514	1.023284396968935	0.14841386890978453	-0.11078286229548509	-0.007133372676731072	0.6890775971012797	-0.3175889771105071	0.232122303766524	-0.2830439725444876	0.7113945455041909	0.26163441322335884	0.13903825761110117	-0.028205487193883556	0.2107421203603065	-0.8528693220525587
DTXSID1026083	-4.264176143954628	-0.4427582032003744	1.0100220988258801	-4.356975461667036	-2.7046047862873452	4.440043900104619	0.2303435145372781	3.660325685947034	-0.019884237435395503	0.6399449444220405	0.4216747813110825	-0.345140068070353	0.5769748396083691	-2.068418748860913	-0.7982090132244374	0.44368079619538253	-1.3273716998428804	-0.40083428731407655	-0.3637442547641781	-0.1895734108551414	-0.02465681273023502	0.372459057728457	-0.786434135842552	-1.1079024302266451	0.23669474663963222	-0.4417325509451645	-0.27385180953317834	0.4250597364862192	-0.30393022713850126	0.14638568141996988	-0.4628647009036919	0.5553160886006525	0.8996754684348343	0.3119476875425271	0.3473119897724227	0.018317684602306258	-0.36928219066767226	-0.5261198295861617	0.20900139650820335	-0.5218027789312745	0.044617980918264716	0.12066220093305216	-0.2966123564280015	-0.37258694813198584	-0.09326240130730332	-0.031630425466643936	-0.4501758009071445	0.12301422078949882	0.3470737993648595	-0.07490822343087748	0.03632454889332164	-0.07652840590897923	0.10919884957664616	0.025697037592111442	0.5166452486807105	0.38655433810680556	0.23413020788753428	0.49637901532982065	-0.11145073762355216	0.1930074821422369	-1.1586821477074472	0.1002937551707145	-0.05022120383798884	-0.38660818128491553	-0.22445650642553666	-0.025068530132503052	0.321660437097976	0.5896577142987276	-0.16326508456773808	0.67716147090633	-0.4294845035223719	0.5447218300549779	-0.07848332737121305	-0.08390828559091255	-0.9218007759705031	-0.046714083977009456	-0.5699139078862975	0.49084041207456075	-1.3921355988352748	0.6700214835856411	-0.41047210883829627	-2.3987837395684304	-1.4586979527050241	-0.8185292946061447	0.37252629166105605	1.3313609607622598	-0.8473736031612901	-0.11211664146632958	0.5177337256009312	-0.31974420511905066	0.33162588987821945	1.7231300753953835	1.429951964358865	0.07311500872852963	0.7495654724382925	0.9129886953298403	1.304296883725463	1.6263077183743009	-0.21481275703341526	-0.4270726595877876
DTXSID3045930	9.405150426953552	-2.064087601001563	9.384563506791576	5.4505992793485705	2.7144762188219076	3.2497261014676044	0.682988044810491	-0.7136882154475261	-0.573992940894002	0.4750957491979006	-0.4650803190185495	-0.6720212171239366	-1.4341677019447283	-0.06864781204551934	0.7149812854973546	-1.0375347291786514	-0.25618481263572274	-1.3105767068020842	2.3783807075282106	0.46907685650763997	-0.018819501339731468	1.0141990362088793	-0.8074802102516969	0.24176179800818332	1.6720969703505324	-1.7518795561616316	-1.0875644657013726	0.4992081240026132	0.057193574056890184	0.6712788757694497	0.4481110563333604	0.20144125154421544	-0.643952387563738	-0.255054779181243	-0.5193107690576579	0.02146896533368836	-0.24856404568794355	-0.7953715988204701	1.0380769894686401	1.8873845744332878	-1.5266582644219646	0.8687442565566333	-0.00125804870558595	2.427461501532774	-1.1335134416912886	-0.1541148661604497	-1.5519668750500186	0.4232618887764447	-0.30027976420389624	0.12082328411076555	0.11810196576815883	0.6712956827673178	-0.05648680537466005	1.9500175757718707	0.1331707646877818	1.6664706187652185	1.705686230993084	0.9517860251105601	-1.638180936742259	-0.41094753082792956	-1.8873600430100546	-1.466224891852341	-0.18248947731248244	4.0116006369599	-0.47857606462895047	1.929564599181566	2.011283653330192	-0.7586806919286748	0.24458010309297457	1.0188517087335542	-0.31727430541487855	-0.020846315547860914	1.350031042918309	-0.22613797711033312	0.39456800426570326	-0.2253848586504319	-0.8336872689365488	0.975313987149366	-0.015187918023533982	1.6594824944137725	0.06435345907366066	1.2874834267498647	0.3977227126657307	0.21001907866371888	-0.5368050424759259	0.2532621131527611	0.2734243607706759	0.6714802260156238	0.8591316998339542	0.05584358072597002	1.7927653548174356	0.2877535868021965	-1.0151230723961422	-0.678533084347623	-0.4095436190805779	0.14509472990103756	0.29913537780858623	0.8387194378494358	1.4472043103394094	-0.1864572652192249
DTXSID8059920	5.233502011564696	-1.8215880666631727	-6.681031951397128	-14.810617557393645	4.084998042521927	13.41161083385194	1.2774517218018817	-6.397441140716441	9.916372710520093	-0.07206986117310885	3.835698539827429	-1.2736774569210945	3.6988473656186978	6.984401441682332	-0.12231983534625501	2.556806207674056	-2.2655223690678534	-0.05369617656242429	3.267242133832203	-1.1241716655135539	-2.3080350227543667	1.5658960532182775	1.7788841579021843	-0.5623267715253593	0.5685030272509102	0.23284817400758048	-1.0651136102053895	-1.0037328163871746	0.628677532470939	-0.49317333547606784	0.7218182681097982	-1.4166012379339916	-1.1458262227354727	0.3830662177744995	-0.35239934696104896	0.16080250013353642	0.8623247659042579	0.5145137005442443	0.26602202276153725	0.6722582923934861	0.7128341953139908	0.3790003321910894	-0.38083209030439524	0.13295680154480635	-0.3039558155915546	0.6458043202073788	-0.7167636179930647	0.0037657392746905044	-0.33702274363997103	0.5045375418313741	0.08073633108070409	0.2824369821601416	-0.5958957501335559	0.27948882804807246	0.12975567181376282	0.4450676848497722	0.7040083021746721	0.920655483778032	-1.0541130630578075	0.27955479145373724	0.12314814815383168	1.2199218354641144	-0.2923461061643088	-0.7093455976989982	-0.1819168183602178	-0.2559569280787993	0.3495460655752932	-0.8013427624001634	-0.029768346470673165	-1.0126673868068865	-0.9047375464481495	0.05589904753902517	-0.6961105934655156	0.546275457370038	0.4285803253825049	-0.5451769096619306	0.03609628917359761	0.33157816756932157	0.8505397165050694	-0.11123583974520553	0.23261233185665164	0.5217231759700292	0.5907292825264833	0.839708803105895	0.0005786325817496728	0.1300279865020781	-0.5105047136875164	0.3216918463288794	0.8048983113514053	0.38866554288129196	1.008255567738617	-0.5956004463240464	0.8824492992365869	-0.17245932545096737	0.6040010628015753	-0.5929739264085477	-0.02197700442979145	0.20468639383489262	0.29439126817487987	-0.005514774737959731
DTXSID5026881	4.932535445545599	-0.8376159543958828	5.880011296490106	-6.640765817477429	-0.7228139650964288	-5.783297473283129	0.1335193990940478	-0.23604944632923278	0.13189772282016266	0.35288771413073566	0.5483554014101903	1.4011693999301686	2.053252538078745	-1.5439690379738409	-4.152879114470667	-1.1147542080936397	-0.25997763480296293	-1.7864981831166444	0.29619341128613025	0.5898430524963829	-0.2990769722971252	0.7804698429376671	0.5278200125481147	0.12311828462907502	-1.6728568518325047	0.8188962622870186	1.066622821241733	0.5245586230020586	0.5613800012029995	0.6777788813078405	0.9974089043655084	-1.568319750605	-0.5924757945244008	-1.0259690563540667	0.7558363737612318	0.3568705442406719	-0.6019446668341042	0.6409691285308291	0.4196571773247244	0.9149189162015339	0.15260483492036356	0.5046811427694314	0.027236411299895607	0.31966093717083366	0.07915735786755822	-0.21033306246656397	0.5802332676798578	-0.3598467580329352	0.037246878307115434	-0.30189526932918975	0.20349175288743684	0.18955275707043384	0.033823589250750546	0.1163776291556805	-0.3691615764859025	-0.034008874150619456	-0.07388355011515654	0.04208208462467489	0.13000721974408116	-0.39348078934150654	0.48642100531990184	-0.4692405013715764	-0.6040424782829831	-0.12207136484804301	0.5720452312297494	0.5815618954251848	-0.09008562804954029	0.45571271353463844	0.16942676634666196	0.02375152265970501	0.6061639692695404	0.26732037210955106	0.0105594624818301	-0.0006598552903465571	-0.5075225380936904	-0.0194077106737613	-0.14150055090102542	0.27624563182002065	0.24918293893084886	0.10001372368528372	0.4222202822592746	0.6373795488156248	0.14894116447504283	-0.23596779120687672	0.03252150055262734	-0.1408813757912407	0.2593736358113248	-0.574942213893274	0.02222629035300126	-0.06572642895183435	0.3533624497105422	-0.03703828157797469	0.31123490669329323	-0.008811727164715323	-0.16175050906663252	-0.17018305759169594	0.27716442661480134	0.5198614181732597	0.22010013725188957	-0.17431707752733616
DTXSID6025432	-6.8628940317624165	-4.002235666626152	-0.6806782005185252	0.9013566075554118	-0.8992640662769831	0.503417143611616	-0.10971669526255397	-1.2533751110994338	-0.5059677643729819	0.2753071424999547	-0.35619491369659306	1.2904859552240413	1.4383985370662329	0.6340689200133229	0.8777086001372248	3.2499987965482617	3.9038182138884965	-2.0672991656595245	0.7477197867110805	1.2994064629969706	-0.8563336400589852	-1.541915023019857	-0.5496927986793936	-0.20914921442779086	-0.992643966427301	0.740980459248905	-0.882612268298602	-0.3615733409932139	-0.9847611155580884	0.29132034705588356	1.0749062026169547	0.48376796915740466	0.43288703301448256	-0.5939832185523988	0.07125420175954443	-1.0323147055098325	-0.488716487675997	1.1199580662327215	-0.477222056667165	-0.10769986135831446	0.8727106021691609	0.021693508488120433	-0.9583938184901599	0.1719529073309368	0.5900207423029785	-1.012215717319988	-0.15077969022065885	-0.2568580113421226	0.08535238907935876	-0.6080557532380068	0.17593956721950943	-0.3923703428084923	-0.5235264160397037	0.08415756286660632	-0.9669462307605208	0.24160252015440728	0.5497652541268029	0.4706013622825673	1.002238111031298	0.1422826083286993	0.3189609641838657	-0.9087691438505245	-0.9186271845842224	0.09075080603292231	-0.5087723670556757	-0.49736392554523695	-0.2431856661825334	0.8671719276339475	-0.33977581631101084	0.6808051731988873	-0.6783072723774084	-0.3144512393343697	-0.2687895512892254	-1.111432380716831	-0.7066993864906254	-0.4732803955452821	-0.3409871797420351	-0.7675085228718923	-0.11206190390123716	0.0853455075924359	-0.04401032189335317	0.10587062707125702	0.33265355998514295	-0.19246494150518412	0.18697370136767225	-0.20487883196106063	0.37473676661372163	-0.41396791604548583	-0.08562568261575522	0.33026831875700874	-0.11568527421303977	-0.1111156300523196	-0.24284742094628448	-0.29612521150804555	0.12839102685719617	-0.10060863424240088	-0.16564050127261096	-0.21664501901353683	0.0723287285592377	0.1315094090049549
DTXSID9048720	10.586633261444865	-4.3577814004770525	5.8179638230192605	3.8798327330499114	1.910249994811884	2.228448375780992	-0.49570913212467776	-0.8062159943273546	-0.7994215251857499	0.5322935767464788	-0.02245806639826008	-0.09174832510377254	-0.7013156915588269	0.434602972626935	-0.358208003866362	0.5933661633545533	0.11404839151446126	0.22242379888771902	-0.6507657442208301	-0.9120729896184895	-0.5691079275670389	-0.3054569292072675	0.03939804478641788	-0.2840170730257961	-0.05084805559762222	0.2114717905229843	-0.546171395648312	-0.33480321815273806	0.05216666957891816	-0.2983183888190407	-0.9007026968370615	0.10194804345613102	-0.03600244743207218	-0.27813230158225793	0.89476781124015	1.1150413824403258	-0.5935610194487684	-0.0971247918011935	-0.6320743630241502	0.2794329824516076	0.586996925094154	0.16311224348258893	-0.8527931828730055	-0.8413525123128147	-0.7855502302392635	-0.16107983761400965	-0.4355386093311618	0.6919881845436391	0.044240780155544106	-0.17105472118296258	-0.14301931143612606	-0.09261589962552853	0.0834649686052642	-0.10241185269715934	-0.13243453197412908	-0.1948550021635534	0.05431771479129318	0.6633526046212649	-0.357740268227884	-0.7816456903890087	-0.5908439903528837	-0.6510415761720434	0.33277313388302565	-1.0045668249316422	0.1067552497094676	-1.0936848171510551	-0.07147880945341183	-0.6648561423897752	-0.10355451069617479	-0.6885019871456113	-0.5720821607367199	-0.35315225714302084	0.07151456099187163	0.19446974878973322	-1.6952800070658656	0.9366776516654505	-0.6003944710313547	-0.37104056206603825	0.4946965174007429	-1.0216168475016223	-0.7603350583607884	0.8436596739513815	1.0081313700775856	0.3359406520992148	0.3438915859852775	-0.6190764078116906	-0.507826146811781	-1.0656041983890832	-2.173300409909695	0.10339805249514221	-1.1016682653098848	0.26298135655051397	1.794367190163535	1.6175729250465685	-0.003550579777613876	-0.7000844643648545	0.29453742084499096	0.27370251909366755	-2.2809763362762454	-0.23528171578151436
DTXSID5022855	4.356362591686617	4.507863641144196	-1.0051137524024751	3.4883569629838433	-2.2470898411155766	-1.0420292129843607	3.119564881316747	3.6635755364255664	2.783345189961835	0.7474051795568657	0.7851212333995831	0.6397759254636834	-1.0723364037239624	2.081086040934214	6.881131959980994	1.9163914935623227	-1.091746249660366	-0.39015657932427483	-3.2897763875052433	-1.6059371583858268	-0.01912792117175039	7.994642833192058	2.0383275616481336	-0.4895393679914044	0.8446576723051065	0.8208148058831284	2.329773087399879	-0.9822297790650276	0.8913983176900598	-2.8706824348952718	0.6630886720365152	-2.860406066425478	2.6352890746292	-4.064984663989411	-1.8808061402728466	-1.0603019612448075	-1.6522925305340692	0.07681854309760454	7.449485068305553	0.3024285533185589	-0.6202785453464278	-4.466884661618181	2.7083718256981704	-3.299916271361289	-0.8890812552070009	-3.1765430483913484	-2.0648216327167366	0.2705483393319731	1.0322476701143468	-2.597241811410528	0.6567320178410876	1.1033474249524784	-0.5935648330512359	0.6302890051024812	-4.058049240509313	1.769010410733594	0.041567789337901805	0.3534047628793609	-0.6793512854842538	-0.06744835991084118	2.1640824099366434	-1.2992107585152375	2.0391965735864783	-0.654037351787824	-0.9880749152357013	0.11317048077976948	1.034978668871075	-0.04875339651150459	-0.5346642387347759	-0.6823707300420149	0.7060417613133544	1.1132971071640052	0.7191605882207902	-0.016625224932051305	-0.5406028299811796	-0.21304449568671785	0.12221953687024226	-2.15040930384537	-1.038592553134001	0.4179036719170935	0.8984479996575153	0.9264456547203185	-0.967826867453968	-0.21807499326933946	1.2851486955779123	0.818890168203139	0.18725525499120121	-1.1265159631656425	-0.17651292150258974	1.476960760413843	0.8121651986451414	-0.20908772346922164	-0.44948129959516836	0.3922243077008745	-1.101808977910952	1.20907611986472	-0.9120890102788421	0.5646524878505222	-0.5467442768957447	0.6967732859126198
DTXSID1029677	-7.90106629404373	-3.3267118621870044	-0.9003443026960268	-0.9395008981521288	-0.17327830275899683	0.9154426601046193	-1.3733794617084347	-0.6131120079618969	0.12805807265798763	-0.01581529701177196	-0.2695815265438711	-0.195657330426189	-0.908505683570535	-1.1514337056885926	-0.5750204840345069	0.5113265401177354	-0.20662861815106381	-0.09599972044872776	0.054560214413102444	0.5161985990765372	0.20188267738584906	0.2815521185909796	-0.8179533842352767	-0.5494130468710076	0.7514092386607187	-0.2687868055089503	-0.2702645242304644	0.14917520086397643	0.10898812938909047	-0.03140545511800442	0.48524431205541546	0.10072901082571926	-0.015997672193381777	0.01898364718165397	0.2945179902927566	-0.4445784732159545	0.23715349423269816	-0.32123601864488477	0.17203710984973214	0.5148384559183997	-0.32749655152917123	-0.15176030102409616	0.032018867197756096	0.07652911736507755	0.06721283994564899	-0.04817485169662672	-0.07575531956324463	-0.24693156621107024	0.054089373724567937	0.09476218986874838	0.058109835310512045	-0.26897379329543725	-0.08540096591130643	-0.07009918981989305	0.042733828977224574	-0.061925091896169106	-0.058502893680262215	-0.16848140798226116	0.26994095743527335	-0.013057500502416492	0.1476104860211132	0.17087209543369775	0.37527764878491887	0.45224198527971865	0.03741100257151284	0.2425499056964582	-0.021451606197218143	-0.41955242619867844	-0.09586298393572153	-0.2310377315957543	0.36250391810499377	0.44568046501700115	-0.020586569396438045	-0.04254996917639536	-0.28359423749977875	-0.39029253419974014	-0.41034796801625145	-0.3724450435832319	-0.036685936193557006	0.2669626097552839	0.16538230059944684	-0.4626293225014101	0.05752259929046963	-0.29527013114924694	0.3867841719634204	-0.1413437121811032	-0.678836471231827	0.2719400693563773	0.399333304729305	0.44533538192505095	0.2571516050250604	-0.7481960267506439	-0.6309746275139843	-0.5604255984818345	-0.2870284951384043	-0.8851533133540375	-0.04594371740178776	-0.011961316798845194	-0.16271420149108687	-0.4281166034137389
DTXSID9020617	-3.022628030968407	0.9274035005099216	-0.3196677435296168	1.774717527857105	-2.022899402158843	0.1347365875594004	-2.4647558923958575	-2.8765238984666457	-1.7448425248073485	-1.7465520020052754	-4.552011135208212	-0.2629118054715626	4.176875516325901	1.897152081794522	0.9417467286096369	-0.7395322118638309	-0.7468686850425402	0.2335824712872449	0.0013283415083755786	0.04618101494711046	0.5024707462473877	-0.11536146098570539	0.6116299940004479	0.7089734770505645	0.31815547642655995	0.09066964438370335	1.5877118487881028	0.6262368080712875	-0.3386435528204204	0.5668249872558584	-0.18952528826431678	-0.6031336138211222	1.3067586630986383	0.8557985527975447	-0.6709496070022409	-0.487342645049467	-0.23145255176803903	-0.8642020132130226	0.03100564452717515	-0.053954032221960664	-0.12769672007578187	0.20411306016401998	-0.0035299082053068267	0.4346319667138926	-0.5907857746517635	-0.5628272337581722	0.13921480815962411	-0.8619983399908068	-0.29673768644317694	-0.3649806780323861	0.17920579882164786	-0.39322427044910696	0.203635606312151	0.21615355701131908	0.6600423548102863	-0.4058274323759983	0.5506803517741914	0.1309180614721925	0.4750260168381766	-0.41477041204301696	0.27767578651773756	0.6075933795730377	-0.41736569407150914	-0.16394840305084793	-0.1661582364093752	0.4255377641309225	0.6026315703404579	-0.5659243689636348	0.8831111775354769	-0.29312701845359895	-0.3286743847718017	-1.1887763491533532	0.5196789937927603	-0.6044010728588358	0.08689471365019036	0.25316534657747386	0.48393896026135513	0.2584999135110648	-0.11165102203235522	-0.11538801861810101	0.9616666619038099	-0.30878889918133423	-0.4930448914823322	0.37445787742137093	0.010115095894410188	0.16066478531687728	1.0734131669207432	1.0873997274072003	-0.04755556057970109	-0.29734442226499364	-0.4039813633195133	-0.5556607283501943	0.14232767887621264	-0.11053100651094983	0.29513722068618453	0.2796536509780192	-0.4309655974174686	-0.28770696463424394	-0.5104859171977818	-0.04314663311811119
DTXSID5045542	17.935731366318276	-7.489168423450433	-5.253406327319071	-4.594918393669827	0.4686449737908259	-7.4177914123660775	-3.554889725379711	1.5387228736883125	-2.7655575293053847	-0.7394253879038855	11.56402265602278	-1.9003999274717056	5.3618461163857765	-1.0575273700074155	10.156488087309953	-3.7404650518864946	-3.7486470353245664	-0.33801225351467595	-1.8049339967756002	8.840966886604507	5.870734269373751	-1.1026296534419342	-0.37785833454631557	2.5596482700618766	-5.361118397909034	0.20990792259146338	-1.9423330142727324	1.931040383323531	-5.5635862254762545	-0.05777389651951791	-0.846587477406289	2.30700622523606	0.45004871324092194	4.1991458165113515	1.256295483410009	-1.33256542242104	2.3838048790632023	-0.32336497657252317	0.20974364218845562	-1.2092836180494473	-2.673275299486858	-1.2801432175765668	-1.0249293687513226	-0.5266856673631681	0.9546567322097309	-1.0418607719195276	1.6049788487650263	-1.9376884883789909	-0.059664665049849436	-0.017298558159881846	-0.09336310076290485	-0.06669412736534645	0.34023342093101977	-2.229913770629785	-0.8848598270873608	0.046526848898679876	-0.4514793500968373	-3.882540688210377	-0.5883478604422725	0.16227133067447233	-0.47858740928073057	-2.961064841802361	2.283075353839266	0.3612140464840189	0.14488549103284676	0.3236658941994655	-1.980475056417019	1.0730307553321754	-0.6745854377833145	-0.20709568706723822	-3.4169400092469555	-2.6836172245809884	0.9473641877322589	3.7724227100040406	0.13055561781383926	0.6621774642358866	-1.5338284862080056	0.43071130168359334	2.4144241624403766	-0.9413269776322644	-2.245447240592339	2.3161792700284938	1.4722442948082697	-1.672711131739494	-1.3939655970201674	4.038663048658579	0.7430052975311279	0.3036151863396389	-0.862685177021613	1.2778199025539827	-2.130189645170119	2.145564638725017	-1.3586550086837443	-0.2203078796762633	-0.21605061405798517	1.8031547891489557	-1.4873689397343268	-1.6632348724120685	-0.6436295975991801	1.0084704775120654
DTXSID2026864	-2.8859605043321284	-2.3232763186798846	2.6847208980973587	-2.1757020503539186	0.43868590600376217	-2.206659461762548	-0.4799321318598828	-0.10434342795761406	-0.02387808658667624	-1.0676911876449966	-0.3823623720734292	0.5490447978619031	-0.022352657276023744	0.9600112482066828	-1.0447246824675382	-0.5786160461272686	-0.2375376903495464	-0.8221989509088677	0.8130208127633026	-0.14489248987506323	0.23273317035469412	0.20447568583362433	-0.09778778647401364	-0.04344339205060815	-0.19660139715649982	-0.1851494642561825	0.3910408074339869	0.7375582127682848	0.04320424433676416	0.5132098480476844	0.3192623307209994	-0.6334356169491403	0.7588363100198264	-0.2065959231660978	0.1851773018329822	0.11949073261848493	-0.3277317880134718	-0.2649117380982863	0.7129090625035713	0.5721013419791844	-0.36118576411280245	0.43625984709271354	-0.36378241100357295	0.49307408777429795	-0.6525002504235065	-0.1932073203380363	0.15587791608345536	-0.5739754357602056	-0.0730197880629748	-0.475052265862862	0.22010082460237784	0.052430920812068404	-0.27397562279141763	0.14501776183265164	0.4824083978359649	-0.8433506979976214	0.044297912438224764	0.16591250038528332	0.3373085910667218	-0.44986142708135224	0.42179470837588057	0.37291487506396037	-0.38502925976514085	-0.8293512614379871	0.0672580342617408	0.2780006634034511	0.41587399265167757	-0.1815193249189906	0.9642336272616484	-0.06762931439738216	-0.04801190505848877	0.009591108354446896	0.25803061962297136	-0.21380284038712616	-0.7616422968910184	-0.3630101102732601	0.09590568223523699	-0.4505498386687869	-0.01845695988883272	-0.03317209965465159	-0.05527178793959845	-0.2151828264044065	0.13156024863130475	-0.15280330867227065	-0.0424087532083847	-0.06973196829218765	0.2719730813315342	0.25158582893290937	-0.29893444863354357	0.3057624610994991	0.4553539226609115	0.5971514145218103	0.24508940774183996	-0.19642193910235056	0.14177170616337803	-0.04069183426665785	0.1519057228349544	0.09600205523211545	-0.23586148548140126	0.26826854567873765
DTXSID5021756	-5.845996787945207	-3.0981993040059743	1.502049856844174	0.9684660996534592	-1.0403352939685258	0.6231019268818568	-0.16181629531157962	-0.9931084901892654	-0.7441955934118748	0.15804405453339113	-1.314473416906923	0.2058053119948511	1.2829376885666213	0.30594306285397294	0.6170365709052963	-0.09917101165567364	1.7499987107660993	0.34505853742805054	1.2838209723803953	-0.826297129143981	-1.089808715497954	-1.3939107649139708	-0.8132548086511137	2.038582128398569	-1.306216601167056	0.28940449707724825	0.32805261893196275	1.4628905884497256	0.9946007286877643	-1.0003266690076367	0.36234056523252917	-2.0940985081636097	1.5996517035053672	-1.2527043053405447	3.064005714382584	-2.7373198331339648	3.4113755990855137	-1.6406450091382918	0.19400695569813062	0.46808181445408065	4.2251061214066645	-0.4567124231989882	0.6435316933538529	-2.5804881750959785	2.244980033674116	1.3844504762243346	2.3137557237933133	1.654457820735972	-1.3635649497644573	1.2339169651652364	-0.34245462333944415	0.5808928892070224	-0.7795749586308202	-2.569013247993741	1.0129252057301517	0.10163524330628529	0.20398853987148138	0.409423133986063	-2.599396913934334	-0.4206726287095994	2.4718784678202455	1.4070099113645353	1.3206143120595948	2.6310007345164297	-0.3239487991425879	0.34760496521204426	-1.1818661317866206	0.6320143175962716	2.3057789042813344	1.5886603347100818	-1.7486484045649673	1.5991268541603805	2.5876552075336177	0.06633822433253628	0.6363995431320675	-0.7381578945135524	-0.21406903619172846	-0.6537927839577603	-0.44383563422538486	-0.032466938437599825	-0.8522048410701818	-0.1922498361036572	0.08373827850642869	-0.12013474873511268	0.6895031078708103	0.1552681992988773	-0.1631174112898397	-1.032552803928975	0.007760627333434366	0.34379096269690257	-0.4337157030380828	0.3201920000146598	0.258793160287009	-0.10894772102821479	0.09888125702660791	-0.11421514999299355	0.21687266498348845	-0.45144851297474603	0.3007461417893652	0.47579332118146256
DTXSID9048516	3.6485628674096864	4.074527004052441	-2.5435530925962757	-1.7363626477926346	1.6514852922769543	1.550576173353639	-1.1034076286377617	0.004440095686909981	0.09637347964561187	-1.0956193235322627	-1.2588687509410703	-1.5103694776561536	-2.289028874803471	-1.3881013646536802	0.26903995228787153	-0.7467089013436224	1.982500215751797	-0.3811327096021003	-0.8062755282246653	-0.8551354131285749	1.1327436636489328	-1.4308054468454594	0.44344359393459615	1.3663796024171062	-0.9078515939118273	0.2224577521645185	0.7383256194717442	-0.22752813734267668	0.21179717559559683	-0.362540819127234	-0.02840844296959558	-0.13917716710368347	-0.22537354386004713	-1.0709819342748481	-0.38799974726020886	-0.3042540897377703	-0.07591255886091679	0.28642509995478493	0.4091424038757116	0.4515166314019302	0.45097467466725893	0.2119446527909837	-0.1256973067935972	0.17495144658845044	-0.46979312974587734	0.46668878223550814	-0.812820439650586	0.6721537929222788	0.3801419537132584	0.3218382871355574	0.02701501571971947	0.2015135032909909	-0.01860055671844101	0.29038419352014655	-0.025073348859784815	-0.6504408993310911	0.6610072709576232	-0.381845251596	-0.15043540197959637	-0.9199703209434953	-0.4515567126880073	-0.7238185276176295	0.10673125001789223	0.10907299519966229	-0.24818419466265293	-1.656531576945952	0.38465997027936466	0.4380152475205273	-0.04150110942823962	-0.06068849684299265	0.8090503501609856	-0.31352937187310836	-0.2519131399213695	-0.6480797213867039	0.3066073385266159	-0.5815201000270526	1.373261840675982	-0.5913871819485258	0.6044953194674009	0.004437902060678317	-0.7293432386353487	0.4367639247953186	-0.7795254721167578	-0.7184835832427073	-1.0396477432600042	0.28793657477565965	0.44832864653855325	-0.046628750229100756	-0.8193019656878335	-1.1840108871275326	0.0938962274512207	0.8105675701676809	0.0018828860367199453	1.4504358651727833	-0.16797369072592894	-0.6993915679372967	1.05595310865932	-0.22645848331470048	0.5257134260431044	0.01939205537773455
DTXSID0020280	-4.418802412248682	0.4453713060337218	-1.444577589462689	0.7964728354174986	0.9786265098646971	1.6217985411099265	-1.1652586313894193	-0.52742244311878	-0.17176168935377756	-0.2546520555107795	0.6119965751361182	4.727623553730951	-0.5051320000564982	-1.4963493156029755	-0.16016949085673649	-0.5304257975174145	-0.17883592541971974	0.10404146391226934	0.1967000944410399	-0.243078961331599	0.1872767418206971	0.0037099712377974426	0.47227229662916315	0.7234882769201229	-0.5045271783044772	-0.45652374312520544	0.609764956268516	-0.3046924536150013	0.19626929156865258	0.36884563702713696	-0.0869387797769835	-0.6206912771266593	-0.13812235692473138	-0.3145197086189205	-0.1619245193383913	0.3829277348959938	-0.20503220275750383	-0.14267509516071558	-0.059784968058700295	-0.008924059353788942	-0.4563660277142891	0.23451062075551643	-0.23999009091226337	-0.10853558621730076	0.2566032682153875	-0.3673047774912578	0.2924944459474113	-0.4656519258410396	-0.107315219039716	0.16250850861348645	-0.020365838383608854	-0.11133667220845196	0.08085852023387867	-0.1281680425895777	-0.697308226573634	0.4328278493236123	7.040027432308527e-05	-0.08214655162170235	-0.16477452185578673	0.5204094457849205	-0.17199442248053368	-0.4976480700817409	0.7987127199521104	-0.16332943801145067	0.0318945501964477	0.2964834396567769	-0.18220615309694807	-0.35478679210362146	0.07749717890231951	-0.1201445562520242	-0.2072630850488752	0.9522336337075237	0.22185910534769132	-0.7643619302520398	-0.48416497178922757	-0.9751482519534869	0.2704984777555968	-0.10431397280128275	0.7636430485842058	0.3862726881777428	-0.06637783895068128	0.38192300815615515	-0.20850245942423712	-0.7116116468423059	-0.07605501469840042	-0.9104263865493646	-1.4404443657674786	0.43379452408304275	-0.7971756788366622	-0.9329941497439171	0.09148734869004825	-0.21090359145496734	0.13568135016314437	-0.5289317922927241	0.16683927401770424	0.3523659540950211	-0.0018985232342209105	-0.2217623159794622	0.11998512385721027	0.1865470814214012
DTXSID5020819	1.5392758144260688	-0.6715082170166192	-2.016427984602514	-1.1676908439920444	-0.37515981213637606	0.050573092344363295	3.488977701838933	2.225143811286634	-3.1494902709309454	-1.5787151773668922	-1.7274004946739652	0.9749386571260019	-0.5372987143862571	0.9223493020513122	1.2931241114976524	-1.0446289015198875	-0.309768930814471	0.7068525003004934	-0.49711494921742577	-0.8443803423823509	-0.134398730703755	-0.7425607467654702	-1.2457608853649091	-0.20812652460536116	0.48661419896131464	-0.08120890167849996	0.9389775385760698	0.7565300892407211	-0.42157661319852036	0.9874294508558767	0.7000981137063674	-1.4589217244081116	0.963052997544322	0.6073808764686692	0.2516204545725365	-0.5988324237530945	-0.47039130509441107	-1.1894540706017105	0.6168331854323329	0.0027689284038378693	-0.07526813137088989	1.2663270896834584	-0.5527002189173407	0.5097989292104832	-0.0730141990153778	-0.44076173582696526	-0.09486202498459269	-0.7654306850617841	-0.42385829931480945	-1.091987513893835	0.22064041874115659	-0.24711325577249196	0.1924696901417585	0.17401739323402832	0.37774830698156936	-1.5134775635826323	0.5258748300436538	0.6078473162686511	0.7771186665088893	-0.027217911594610483	0.4229770464150557	0.9179420049403614	-1.9703379555289715	-0.5340561381958636	0.3638576662262788	0.6590642904946717	-0.22773145873029796	-0.26056015414832073	-0.04268615156816139	-1.4099748079398315	-0.4837975174163402	-0.07984338407206461	-0.12217509442030917	0.01305337315443802	-0.5987168961200549	-0.03412378741240652	-1.093071031677583	1.261196076820606	0.5454968686975649	-0.03723495269973084	-1.3417734084875539	0.021589506158030524	-0.2460026734326676	-0.6808999171142864	0.38592917754081296	-0.442926768248587	-0.4188442014883342	-0.24255492088321	1.1667944568076636	0.19032879315787377	0.2096206138905365	-0.45648755912692324	0.19333101440878153	-0.008608850646100473	0.32054438456446405	0.9126697783978468	0.4229196910280575	-0.08694769739665308	-0.5755530692064217	0.3447679339570569
DTXSID8049337	-5.384082160429896	-3.471073209492038	-0.04760047074075033	-0.9220915267809278	0.7921402710084121	0.29847226425548384	-0.5200152772050874	0.5127028824460891	-0.748613703653297	-1.2672551313804832	-0.8605720485898247	0.11095092000143983	-0.7817594630768222	1.5604986755742773	0.056320199431444784	0.07373251563748262	0.1372856090721542	-0.7010766731159169	0.4426581578469849	-1.079275499039563	0.4167274704294133	-0.24771021504780855	1.2612964387925527	-1.153988426897999	0.19409565184372016	0.1280325590509785	-1.47040065843679	1.6855622405027928	-0.5518689894593048	-0.6061980085460518	0.6326868466653623	0.3149862913624108	0.4812272489018725	-0.08614011186127973	0.13403578413234712	0.09873403840530487	0.3700497252896642	-0.7059566139083586	0.33696882244818427	-1.5886472030216585	0.35306597787870364	3.8654186075841697	-0.29823262956672686	-0.8068959299587826	-2.5375365020490697	-3.5060460735137515	2.0836733878376283	0.9813629631758825	0.8856474239789737	1.743374171123242	0.24391487141274198	1.5469085606873263	-1.0260709167014928	0.8845607432458931	-0.26380705536426374	1.713672912524249	-0.6311535043847244	-0.7388806215397566	-0.3186068003658359	0.3365108185381567	0.49506747735492906	-0.3532323863050871	0.32669163032849974	-0.07014031093195627	0.7150486512190157	-0.446655528630917	-0.0003527227845593283	-0.12333030374737856	0.1448862142367579	0.20751074245293438	0.5859774093987367	0.030275961120124633	-0.12447580704791937	0.05754003098967222	0.16523618242286942	-0.31941005606665146	0.24938967365987935	0.34821991640866695	0.07379000181825748	-0.4293685585876372	-0.09379297603740425	0.2818396284095413	-0.4223084400997874	0.10315066812175726	0.037502658351902064	0.11342134763408758	0.2782055869186414	-0.1542542570840379	0.025882885857678558	-0.24394897461226125	-0.10307165894521796	-0.26030192933100904	0.16708704691539128	-0.2753744622941785	0.22054369738801943	-0.1546516419338093	-0.12282637001579655	-0.05089852087882221	-0.28881492525684493	0.03812776280963061
DTXSID9044584	-1.6600776959372072	1.7824071337144307	2.1987751800805686	0.5532516984928859	-1.5849420917391117	-0.0943848051655028	0.7248125203747454	0.6085086977417831	-0.44596887274558833	0.07200389759143998	-0.4555610465902907	0.5251701532266649	0.3991436205940483	0.43125184695634916	2.2528661545766107	0.8207962566808739	-0.12108085953234321	0.2937379896489347	0.4992833323477695	-1.0391415234673294	-1.5482915215155635	-1.3399720650408893	-0.550808534957285	2.232372681391657	-1.6622920945421555	0.7891944474736137	0.6227913957631726	2.4717058797772347	0.48546427962308025	-2.04828005754275	-0.9476808102594878	-1.7839185696118096	2.9453170485904647	-0.571684753470314	2.984399164643925	-3.5973629976489008	2.086481173626956	-2.1358154943303767	-0.08790728143214854	2.0146491097787953	4.790014090320501	0.028537290114336568	1.1980594016064894	-3.3102198007133214	1.83111350299888	1.508456161786535	1.8816375728725694	1.9709942435807721	-1.0337853530756496	0.9849811061920641	-0.49900092075302954	0.34494097205232316	-0.329636844047405	-2.389944232315178	1.3337936579354157	0.9133591652877755	0.7024674119364789	1.858094429534448	-3.2982638248477496	-1.2013400043423674	2.5807529281229034	0.8522645912809331	0.831171340794873	2.960745719100707	0.45326936841749005	0.37147969465941927	-1.2311754694787094	-0.11529683997538386	2.8958000347733357	1.0621313562538734	-0.8599620893607465	2.6998031599391568	0.7222822810499546	-1.3273738483516677	0.4282084424902066	-0.18627019662330313	0.8298731927893043	0.3035969433220388	-0.42172987652791205	0.2776637682054522	-0.03641532190759411	-0.5559565172302507	-0.4975124325498695	1.2467706144397523	0.8390886567626211	0.515872620367009	-0.8817563925114138	-0.06271889697423783	-0.05499427619682133	0.5679505731602145	0.5211840602668114	0.601536933558375	0.09089202445871983	-0.3646632213631148	0.47837186712348084	-0.39269766792762756	-0.06775322205975623	-0.2536557723801466	-0.38662078260370014	0.21451587325414162
DTXSID9046609	22.524340796606165	-0.5105169656957779	-9.556748862978191	0.616005520944494	11.039359074509576	-9.63939801667489	-4.154116419818746	3.9170321775526746	-4.399211052815785	8.089765532386282	-0.6820978883698432	-3.7277228891978758	11.66951771934783	0.10749184175920332	-0.14049391243358034	2.5355484819568725	1.5565597849758142	-1.5583966999566088	1.040592506984978	1.2324960177314608	1.9245363168955156	1.9265042706516242	1.646287546338373	-1.8742259587100027	0.9275845474795746	-0.7286870575770268	1.1960478591457386	-1.6256379933477911	-0.06723208325559539	-0.902870481026896	-3.910183701372861	1.1329454289145364	0.008428460231686172	3.339933897845879	1.0697492546545613	-2.051093851208426	0.17749956198816053	-0.3449729441857698	0.6920774342530598	-0.36128844849159997	0.6679855625474431	2.3341411435142896	-1.5676073190376436	2.343379949112524	-0.6933741385532581	1.4524429618414458	-0.40369935891543657	-0.671028499611363	-0.14183528030162026	1.761832549020475	0.26170561999161773	0.6400789004275755	0.44791422050940477	0.6237111285920863	0.1198177668625813	0.8320243734808415	0.31159900482232433	1.1687948529941883	-1.2916151428312466	-0.02105245898172435	-0.40761550244208483	2.094335400096895	0.5418200158211224	-0.1780978837161055	-0.6266046670630359	-0.8578464651908627	-2.6659411283769443	-0.34773821525478105	0.28531913906150475	-0.6986850074032396	0.20200378076844142	0.6434434646234338	-0.5908116628531302	2.509293478061683	0.07043308454799717	-1.091730388110622	-3.1550990486120174	0.6241225358792097	-0.2222119095826912	-3.1856652744952476	-0.02120461302048133	-1.0905616681885613	1.379091854797899	2.7021265358838256	-2.1654472076743136	-0.9033393120703749	-2.3207828463793287	-0.09734718531711664	-0.2385589965293567	-0.4038977936067026	-0.4479457681224722	1.953377161513034	1.6129695709620306	-0.7104458323576203	3.294966523890487	0.8813060895122582	0.4395822899183867	-0.4383149767296598	1.7208042710885343	-2.017837081667781
DTXSID1026667	-5.995532651356039	-0.012507932960662894	-0.09513752050317342	1.8233995774209713	-0.058887956810829985	-0.2615924486108526	1.853145926690131	-1.0070550611416427	-0.1483845720856389	-1.779636073945856	0.5424352677479886	-0.243049413345587	-0.24437918707232448	-0.1947065036162201	-0.02785104346185797	-0.08883075691102983	-0.12217610700904209	-0.06837663882873732	-0.6292228915485232	0.35461681037861265	-1.1431732896347155	-0.694826869063249	1.0009239632526377	0.01667463217743396	0.5824193214094915	-1.1522632810986653	-0.5149321755418511	0.24854203178883993	0.7564993061948466	-0.7696399077099695	1.3527262350350309	-0.6081725996589993	-0.48284831267378286	-0.04297936220263378	-0.3991441842483787	-0.5807095911653464	0.35665904283591543	0.363330836910514	-1.0317323215158538	0.3816440711144282	0.22486291519152585	-0.1449536714805591	0.5160066515183588	0.8758406423357432	-0.7437664219396379	-0.0976244325224724	-0.09966874676652895	-0.5921688227883157	0.5270709986092011	0.4782132973041198	0.23435355148190126	-0.3895526738366505	-0.19709737066392485	-0.26546878342417246	-0.4323223438470697	-0.46313867054732094	0.6050800218017075	-0.49945020020325237	0.09861516308070037	-0.5976091031153526	-0.0399249211445274	-0.21345797565539312	0.5746351283683637	-0.39056887662352174	-0.4261651468894256	0.3495201015166131	0.056021610564713595	-0.4384636274495894	0.5676073281125132	0.16637476325964803	-0.07912337684400743	0.14512360421594822	-0.19934601848774608	0.23782761633914032	-0.01438416786636648	-0.45345696419069637	-0.08348919779237657	0.0903034230239083	-0.28601842979497416	-0.7669188783290029	-0.2979326812642934	-0.15422334750086408	-0.7649250271993963	0.27178214930034567	0.24500838754265875	0.29228350011654647	-0.05325764948443964	0.010221014599198741	-0.2811133936453937	-0.18401809025916682	-0.39958347282434714	-0.4562067184839769	-0.0400501731168189	-0.11096940172299394	0.045451973512160807	-0.1840802376173138	0.09152612103712876	-0.07692007088675254	0.12874812612493647	-0.08296951241534341
DTXSID0026676	1.0288454730688905	3.6459091406184463	-3.49407914557186	1.1632530992049843	2.918593589945153	0.4860443644204598	-3.2104825438000617	-3.5891346937031647	-0.18482783463537353	0.5393285055027615	0.8498161289320966	13.943818144735433	-0.9949219752233497	-3.1630022561703885	0.9059862422678899	-1.3941516204638165	-2.612231158098691	0.602975703613893	1.523794994720653	0.14289324438937212	-0.733983879737187	0.7091899727142826	-2.7708975034085266	0.6361127722064344	0.40167988894724144	-0.514926653240143	1.7160386009772193	-0.712735941888705	0.5050899750032466	0.754398699508786	-0.7043141547414543	-1.4551844105801148	0.4192278475239142	0.9086960924095452	-0.011439136932625181	-0.9702622281949295	0.8100225611943107	-0.5524745146187983	-0.18178935619209557	-1.4342793892426897	1.3449207457230825	0.08742351099551016	0.29764257487276485	-0.3417081879710283	-0.4942295497878371	0.4185128645746214	-0.19132499247957097	0.35903082771417644	0.2595677683721377	0.09453467629599033	-0.25849968227852593	-0.15103336553533206	-0.23113711612289958	0.26871194858926767	0.432439001986257	-0.1517891183590787	-0.23850310655342952	-0.16920581856987837	0.2758630521530579	0.39193140191052644	-1.370492843946405	-0.16565841656810684	-0.49095681678399866	0.3593207605163194	-0.2964235794550159	0.3260070912146889	-0.4476696452104494	-0.06125340351493523	-1.8535677013726124	-0.45940346446887403	1.1767150524428251	-1.5421175453078557	-0.26151428166782004	0.3803290775832299	0.04533127567298989	1.9865867299815243	-0.4460645006453186	0.7798597978985948	-0.700343910623365	-0.7152168760478579	0.48524578403246715	-0.35250616822381303	1.2243588240272505	2.4704990548080814	-0.5521791927441363	1.3607593421108002	1.3464484463830044	-1.634660047485357	2.0740026778779233	1.6537817602601586	0.39291149958490873	0.5324987176227403	-0.48300047741317614	1.0380500785658135	-0.0922569515177687	-0.7206259589248027	0.3543181400840496	0.20737819010199707	0.32143734524468587	0.04361527856415839
DTXSID9046736	1134.8321588957872	350.091373943219	-1139.5583846903055	62.43010690577193	1179.85175719648	-217.12623793573925	-581.3002546259025	255.04445584124883	2065.3766161857125	1605.6945526318439	-549.7233266286742	1108.1790792063334	296.8107676268575	-1480.7224762335006	-1206.1108289726142	264.2837866781268	1034.304912805071	2142.0728973066807	-223.4762584134648	-4532.6898569951945	4027.744803570819	-2392.94356644849	2121.059765542571	-674.9961426020847	4517.271401765547	-154.6322872007606	-6064.613216209099	3792.032020032076	-1367.7753054952088	347.05127575086874	13251.986583690106	4029.793976291456	6509.304894277841	-599.3199754643861	10881.843856432088	-1383.3488639034972	-1840.294805286912	1474.4855463868582	-1199.7744691763662	-293.50855048489143	-3140.6659403954186	-1804.5028753395604	-632.6376462212944	685.2373983100601	3959.1111243456676	-667.7994105910132	1763.1057140950534	-4770.101035186542	-1958.0401929779946	-2622.6930110622716	51.42623993356159	1164.1176723921958	3012.651249004772	-68.56361688878707	-2933.862210414968	3235.1815069776558	1048.3945335917497	4808.438230677563	2308.5136016081647	2622.849972361105	516.5277479106614	2805.039424780067	199.76539885834194	552.9139080088764	-713.6285639282146	4905.225549667982	-2558.934509168578	-7728.076233994522	-2360.3747204889587	-899.8547930780318	238.92161369454956	519.4954699523279	2762.2675020164684	2129.5937471964044	-3055.152176417556	6475.342961237868	2574.056553734222	-8098.570759522353	-1524.4668438251542	-1472.1829886630414	7148.289623386162	1005.3657035526411	-4776.065256868343	1608.981144177251	-3092.639937343157	3870.8357250367308	558.4401404282625	1154.069849130954	3443.2494212433007	-8769.472123579999	-372.74032387562175	3861.9410824888646	-1822.92484379713	4987.13182469153	1488.7575998589928	-3134.3734051486917	660.1451239602703	-2587.1764820874846	1507.0762632725437	3757.4338542325318
DTXSID4024775	-7.128608010577538	-2.564259435043383	0.5058276254795175	-1.4399809843518785	-1.33550722743081	2.42382165829928	0.3897261118649139	1.8655472568534985	-0.4821068443042987	0.17928274644262127	-0.269854480145721	0.08636429729829284	0.2735805334345751	-0.1396713536098891	0.2642904194686641	0.016342208424598225	-0.44733409200184415	-0.17593292535698324	-0.21775782278371522	-0.47496600528042454	-0.09112363805513105	-0.203926276250743	0.9171230981037722	-0.08563059628979622	-0.11250974380397763	0.48574066686098455	0.34271893181620794	0.8822988175683936	-0.01078174577583904	-0.1740864855582467	0.06782213827235882	0.21157084387667235	0.6027271279793148	-0.4122553010457178	0.43995755513455664	-0.058513979665960024	0.1643606423062451	-0.2868165559023096	0.115590324787813	0.30123948628684366	0.04663958338083713	-0.16061170456082957	-0.19035010492780888	0.2742833963297394	-0.37767940023205815	0.00506707317795119	0.37456200269445966	-0.035533076253681406	0.19071006972618954	-0.06948849328667639	0.1384354593920746	0.07893178241687374	0.319647148129878	-0.008916581201764279	0.2240818483435791	-0.2092008764833442	0.17654734103527864	0.21779960969477133	-0.08424878612106274	-0.29164239442908707	-0.06642312482273674	-0.06927951718062504	-0.09751645621441973	0.12732543396652501	-0.3695765768335775	0.2660190379810217	0.6130370193396434	-0.01727307005819753	-0.5884115668987178	0.5808785726547523	0.008622089395172807	0.2934885500773365	-0.2415470829161411	-0.6541310721393222	-0.5132135290626287	0.6253114375511961	-0.6082293304451529	0.06917199544083248	0.2792160615054696	-0.4914282183363682	0.15585066794918734	-0.6882412503657465	-0.2650435926412458	-0.5768633175376344	-0.13739684644617903	-0.27216489097408925	0.04320935754437206	0.13115763464766622	-0.3178848410713406	0.009248905076135051	-0.29992079220174656	0.43393361487100124	0.1299214646865145	0.04038710092574724	0.2632607172682825	0.0017762830318230772	0.20550406859369355	0.3136919598963262	-0.21921670633560275	-0.2830135438718324
DTXSID0044315	4.41265593775338	0.7688736550281579	-5.1139016193169935	-4.382443844715055	0.2941044813228839	1.2235650973874928	-2.404957679937	-3.3689098348022335	-1.5722805304173977	0.44641344470445016	-2.1083714082782152	-3.392623522013607	-5.7277388800350995	-4.4889190602920825	0.8319341231483881	0.6744542943957248	0.5932664387437717	-1.2072508950131449	0.5224756609111881	-0.31522513445312234	0.5476540045238134	-0.6367345023796531	-0.1949302897990666	-0.354685909265276	-0.7612478447784201	0.07394530613180003	0.8465796721739423	-0.035796010276466526	0.6773679253859411	-0.07236401338629615	0.49486638148388434	-0.6287059159336267	-0.04204061180143507	-0.8033647040914177	0.4217104266072491	-0.37250271077261987	0.22094245216351324	0.6679973330617897	0.7491431932130495	0.5074540641425491	-0.042851760968589565	-0.4184068464938452	0.7664108790881154	0.5206569295024591	-0.20000073016372297	0.705987282424823	-0.4168530229796232	0.1008021323844694	0.646571623637106	0.48931400870001546	0.3238230829430364	0.39158588032570313	0.39524341720613804	0.30725111737156824	0.3517140200097905	0.02007884200549463	0.6579293075004033	-0.23858889340533992	0.4072439425827978	0.18876384688205544	-0.40015491930507563	0.29408265892472607	-0.1264387832841763	0.09230664559333293	0.31424489030490993	-1.0850023479054107	-0.0627236451658662	-0.10579985946370297	0.2206412865150497	-0.09684535220611012	0.8135711668137068	-1.0733897556146232	-0.03560257051443599	-0.7079506203024147	0.2710419854178998	0.06180202704388016	1.2483688290573083	-0.586032384798954	1.166044541478367	0.23239721694848875	-0.4899019643133887	0.46123678837327037	0.82518722703586	-0.24645790898111405	0.6771097664697475	-0.05205465424207895	-0.879582897465436	-0.3125795644759689	-0.11405324158674107	0.5818135615401105	0.7262688754159935	-0.2924001900104934	-0.3373360756192764	1.247248278883078	0.8930690830717195	0.1345652563207461	0.12364820693236013	0.3250178666979474	0.7493962950814586	0.018101724014704494
DTXSID3020918	5.140955369074254	12.276754178403086	-0.3498864986309594	2.1461976828862532	-3.1155454768066755	-0.8771088930131081	-1.3538150658813415	-1.0774817105857455	4.377435437854425	3.274848556059611	3.3222312001253917	-1.0405756225552754	-1.2795930026217015	-1.9708601555768464	-0.21012076058957413	1.7971089744447268	-1.6061714253792037	-0.3554234015036157	0.13053528685204382	-0.8103294701487969	0.9592688677074708	0.4516949309462177	-0.36241939430137987	-1.59829014772616	0.4163743387205699	-0.9311482166341872	0.28717544741909257	2.2089992610875844	0.04250203605069273	0.029406943593288395	0.3523038942736139	2.206878766802581	1.8822206775361268	-1.175190987428588	-1.4672131243077835	-0.10426744317385109	-0.49564347052102864	-0.02674266150154574	1.1988111862996553	-1.4369910870814768	0.15562512324033426	1.323521719605353	-0.38420144235720943	1.108114152993683	0.4762863385046853	1.3068163099224892	0.8208528852962265	1.01270746866228	0.09218301435105833	0.6558255884065306	0.15568797975858903	0.9327385398235949	0.28620792657291416	0.9929158004736424	0.38980482573195235	-0.890213577442566	0.7017960243920526	-0.45121943911875584	-0.7932602312587211	0.8211142531515689	-0.2814001530366348	0.2585074238747962	-0.03380472886104796	-0.9425322020662963	-0.5228541165335602	-1.2023526399816111	0.6549020100400325	0.4576979123946151	1.1177780685007208	1.851133653081884	-1.4957800714072917	1.2031727380161878	-0.18486406768154726	-0.1116746995682211	-1.6144350294662781	0.8529727900808463	-0.7840422955539702	-0.5840012298707257	-0.8079683835150429	-0.15857091429608688	-0.24726597661487845	-0.9952723535196673	0.9023261301254132	-0.5826146200563616	0.7708288857162373	-0.11006901040504907	1.0805340134025756	0.2881215983280885	-1.5920926803331812	1.0872478226750215	-0.04791442588652604	-1.674630005368968	-0.6572427731764721	-0.5039343575861014	-1.1861401107315466	0.1068539030542647	-0.6581763410631307	-0.383978826879096	0.012657218468219916	-0.24883690796492802
DTXSID9049370	-1.7232786846921089	-3.397989088553645	1.9856509647706737	-1.9664956210422675	-2.304116662464098	-1.3735385416329047	1.6329433562371913	0.033883936683902494	2.5103544038762777	0.02704976665866914	-0.8434841142273217	-0.14752097434866643	-1.1696940742368207	-1.0423705606976053	5.387850705471379	-1.0823691075646917	-3.5901387590196085	-1.4768810700082158	0.0738824789542785	6.304466089707009	4.634203692001132	-1.4131614623844346	1.1136059684533353	2.248987428806195	-3.3543169891790923	-0.7800145527239631	-1.8461380176686646	0.08821265017176005	-2.0987518629619903	0.09336875426996817	0.28853930028056646	-0.11773731996711027	-0.07611588813465821	0.8750345496054949	0.8568454151342313	0.7970963699434898	1.2033344443829534	-0.16377902860117988	-1.0074936500535556	-1.2519702756067363	-0.44917885072215824	-0.175011331823072	0.1000970184940063	0.05532732073078687	0.2861400036928919	-0.34355193032426345	0.5306558920742104	-1.0473689932806163	0.002175656291341662	-0.16455405661558387	0.08257662436363371	0.20333260605258943	-0.02850215432906529	-0.489096878756401	-0.5824458262046657	-0.44474393157311337	-0.49070786772697284	-0.4199935374273113	-0.2613105374061794	0.9775836034472684	-0.14094534606309173	0.6699908753846374	0.1551617043119266	0.1997776041219143	-0.6499584598164395	-0.345152317271537	0.05337294907232219	0.6512359703634942	-0.026965240143147627	-0.6213897210203486	-0.1135573406891564	-0.9735631486253538	0.6804569133935959	0.5077727467170313	-0.18899369092930124	0.22383307665133473	0.07926185609134752	0.052381504362461535	-0.28044851087815514	-0.41720549479055896	-0.23840920966321658	0.2985143605146924	-0.7385854963788187	0.4930024240254973	0.17228441259937735	-0.5737973359424151	0.12568372716026047	-1.11911551517648	0.3571196035147721	-0.5652504114129191	-0.08046763552870745	-0.1877155465819433	0.34935145484289826	-0.15272857080702884	-0.15872264581123824	0.6481196936682775	0.457595802286892	-0.13979297425187157	-0.014935325340627593	0.3969972494842041
DTXSID7025558	1.4437894031736695	3.4728091221776487	-2.7410568816788814	1.9491468260390248	2.998459404079016	-0.997191982098878	-2.3072000669181234	-0.35488494450677976	0.8173465487558039	-0.23184543295830318	-0.19808552804641585	4.630967560755196	-0.26518705874352194	0.6626704871162387	0.4420320362071333	0.029950406889107276	-0.6908072129944337	0.7019061184492139	1.0059756723012088	-0.2966910859171026	0.4182953871108267	-0.3987459563593865	-0.3792640765015587	1.3405846202173186	-0.4350955437587019	-0.9511356762377289	1.7982378965842523	0.472393100395335	0.1320359404376676	1.345712947427819	0.27168939158375127	-1.4977523723962252	1.0535934951925232	0.31061772457912307	0.02343175213881088	0.9155121576667585	-0.4708725855230027	-0.9175682548401186	0.21477670514829436	-0.3284647906200607	-0.13512867500969095	0.43980909014411845	-0.3675338226372107	0.5098717308361431	-0.12394263313586115	-0.3390153001724933	0.6458388180636488	-0.7264857744985771	-0.1916056757972762	-0.3570288818106514	0.10821337649368952	-0.11904906552095829	-0.20373683959947583	0.18004117367584732	0.07957404644531738	-0.17601585142756443	-0.291932492020845	0.1553774187694363	0.02040241050026719	0.15990746626836527	-0.48992111453559284	-0.26919534844961457	0.3655760466677	-1.0933864348529416	-0.3026589732390324	0.33327755217009236	-0.3319986200800865	0.4954080989467353	0.6623230778137797	-0.10942688794760909	-0.7889761066442279	0.19500677864920196	0.36729667665586674	-0.873050432662422	0.013898878943347294	-0.6912830020494	-0.08660299168072041	0.3339948923093461	0.5385557508511011	0.386091521591954	0.48427901059406436	0.13649559411778556	-0.03737591452081845	-0.6055318518227882	0.006320287717768789	-0.26019805906429666	-0.22545574820372594	0.7668936964573209	-1.530320913653249	-1.0699346756916237	0.985186784740867	-0.7279148084594101	0.8861239373946534	-0.28662049706563625	0.5414438704808505	0.780974766119572	-0.6618891500599529	-0.6276368070517965	0.2455943017348617	0.0004906402330176083
DTXSID9023546	7.1304069833062	3.6275334490674385	-0.5691486770112953	2.4011664363163447	-2.735153931349486	-2.3462503762119886	2.466609762986349	3.038862199869072	1.9054134851827502	-0.828664355048421	0.6210579226006533	1.378632728342201	-1.4335150139962385	1.2848843396227834	5.769140217378351	1.9181257120979731	-0.40931833536236006	0.03517690772301167	-3.4394382560713597	-1.2552119402243305	0.12503009465262918	7.763908271916111	0.9435153798047565	-0.6470072996037355	0.6378446984674522	1.4194442734657076	2.27892712615286	-0.4781373269347539	1.0352802873956315	-2.7880295255427274	2.2367501468379745	-2.598827579224279	1.8775032783821415	-3.8385002253136022	-2.1968757356690034	-0.5134745855569125	-0.4667444200893746	0.33931291127134033	8.05113578714359	-1.0807825530827442	-0.5657088741306455	-5.153502386587377	1.8698779425750363	-2.1069777369003293	-2.489114409898238	-3.3824626093213896	-1.9151923233991277	-0.39090460931931537	0.9280660194672987	-2.4157777076451716	0.6697250999234761	1.310508997553037	-1.2316383193500846	0.33063697370432266	-4.025693948611829	1.6693896294051114	-0.20621995576494873	-0.1769129666799062	-1.1614836994463325	-0.5986627261170707	1.9517723672400609	0.34262380414422233	2.692213949169465	-0.2544159213306677	-2.055627730706371	-1.008874101887398	1.4871789586642692	1.3645439961547254	-1.3348528242461166	-0.8194897894596089	-1.3257071912111558	0.007352748646839536	1.1682497122483082	0.05092928201964283	-0.6281832494887798	0.7086236681538233	-0.3055441436955667	-0.47005673657761415	-0.050063833915551026	0.4026845142853855	0.14571226413766963	0.8220298925850749	-1.1654292485563595	-0.18053133079891384	0.8446149046022379	0.44318399488583016	-0.8315581458149014	-0.08419697467467628	0.8806967014652118	-0.0663262878805553	-0.29455313336253974	0.36650825599688713	1.1291094670094401	0.5330764353385582	-0.45535398517003645	0.0917694178809009	-0.40375772869780263	0.5957313599574487	-0.15233107280135513	0.5784838605900419
DTXSID5023039	3.5592647680844336	-0.745594552951216	-5.560713112472131	0.33575419061057427	0.4001831409882987	-0.3245416775314873	5.167451914740776	0.9524450586691499	-3.17934608546108	7.149810445125095	-0.8262086475304337	-0.8380216400413462	-0.11808684133846122	2.677208189133088	-0.06849742879830623	0.019340122286293573	4.167323623527886	-3.699371512833752	-2.916538671570809	-0.29900010813900507	-0.11466419471039463	6.944655214241987	3.047008344065998	-1.2913114937777317	-0.7414620593709796	2.6343884436610137	-0.6442548229657515	2.6339335783153244	0.16890801828551477	-0.48025209850773515	0.3512467135240595	-4.937887297434581	0.9672888329149415	3.257496015283298	-2.0375544885200174	0.15968525291998956	1.6813119888796932	1.186917136098448	1.7564122087005405	-1.6297442923921661	-2.6892180833414803	-2.5317907738814918	1.914614425332371	-3.486661507823007	-4.055983171247505	0.8584920484860975	-0.5655716322689625	-1.3718052702302508	0.5665124442651849	-1.10267103177597	0.7933717479189927	3.7651150970372944	-1.2032292596207967	-0.30918426519880643	0.4136635085632691	-1.2154710570416334	0.6573613961393329	1.0986896448936545	-1.5737905954500824	-1.6143314274889495	-2.616815596776801	2.839720866406023	0.8849338964339997	2.1153418742898213	0.025154223549927777	0.49664743181595217	-2.057018334234903	-1.723475709010999	-2.359719876283671	-1.3384740571719875	-0.657918879459968	-0.0391818089029091	-0.8546458879253649	2.6487355816736864	0.36997749860544593	-0.5366304029545244	-0.5364913209084982	-0.6806248741580888	-1.2490762755845402	2.10314591348174	1.586716357736335	-0.002809806887713594	2.5961994661316337	1.525014478222132	-1.1833311040444112	-0.9583967224721467	-3.449361964314032	-0.7448026094449333	-0.002847950356229551	-0.37419338317646456	-0.8322171918522385	1.912469282182492	0.872251236969308	1.0748960559480627	1.2657329028103181	-1.0859049422605402	-1.4696353648354	0.7549780490915027	-1.138058741988409	1.1836437474947705
DTXSID4040767	1.9716878567594252	4.881319018607848	-2.4706503643021267	-0.1972614849939675	-1.0864433389863786	3.554863770781469	-2.573492712574	3.9142513414583338	-2.4124173671555216	-0.057694555301953734	-3.7361543155257833	0.857800605313055	5.437221680389521	-0.4559455958537731	-0.8228821051275318	-1.6167459485503375	-1.488035463820082	-0.6357566143632943	-0.4473071282706648	-0.2071716829220926	1.8185525039172192	0.11879148618263616	1.0252083603410742	0.5261312402263602	-0.4446575667611413	-0.4786160929880613	0.006416246595270727	-1.0310622017656288	-0.10704501162226057	-0.4303901218822953	0.6800999024121457	0.7089913772940732	0.14987484517618124	-0.7363322139794881	-0.025420431382752483	0.41140509221555766	-1.997390567763551	0.5021982291487149	0.17472123295925748	-0.25323107700902947	-0.7068607643188366	0.5056842128356799	-0.15998080393416209	-0.03162382662754187	0.7392082363328613	0.024877058171736806	-0.16365721564968655	-0.31602425328161454	-0.3525617521456817	0.4476547887454691	-0.03606075534034689	-0.0612018651505947	0.12232448742757865	0.15198705513537983	-0.3681011688858755	-0.006507226642200051	0.5265445054545335	-0.36490642625049546	-0.44109736182118914	0.6887538881217762	0.5427544013484444	-0.4436274107682649	-0.18389074718801204	0.1505341985476973	0.2691454128640193	-0.8470752206968288	0.19730909478529643	0.28052912660248003	1.7312074577079544	-0.2299349221194928	-0.4049503985128899	0.36655180963371187	-0.04600370445854236	0.57301844389712	0.04875297520936456	0.06166050797198125	1.3068330546771805	0.9105570483206757	-0.37006478749730465	0.6338373884678299	-0.5888199683005697	0.30122055336175474	0.7666883219812347	0.5815809795433922	-0.25761882034852895	0.32730112325779204	0.36138878077206127	-0.7406776643558245	-0.9628462809692776	0.13515999209296548	0.3224467883902284	-0.12347391179930241	0.2760589676314096	-0.011842344753857856	-0.31717431151491154	0.08558286163181894	-0.1655670980642448	-0.017684511916355037	0.05557778473195999	-0.6335145471924799
DTXSID1041396	-6.909573278845206	-3.1126314839359193	1.5109084010166094	-1.1196378955028314	-0.943476519121487	1.082866028161676	0.28742266273245604	0.0182576084719528	0.3797676206628672	0.08437992750952722	-0.4195006733757391	-0.24926400205996413	0.3200288047300768	-0.10670856344682471	0.3029283694130254	0.17161047411832533	0.34140736269667327	-0.051781527961368916	0.218782441783261	-1.1142606419913317	-0.022592311118477988	-0.20977516016059394	0.863896984993425	-1.3982477364407673	0.4624401066709843	0.21069207463522346	-0.8692397857692968	0.9725813258207243	-0.1970213220734647	-0.5122318289251954	0.9857834977295756	0.4213544453605153	0.37404364304022014	0.2379016528851869	0.05345023627110287	0.07522197533773461	0.34960542309986015	-0.7303214346145591	-0.2836390941940484	-2.1859555746946744	0.7146546762901773	3.8499802256616245	-0.4947681506865428	-1.1998991798299645	-2.231842098026581	-3.188770561513839	1.9936889821317436	0.9980558653283311	0.9062942378074252	1.3514387270704968	0.21477240458048297	1.334080059076569	-1.1925343736566876	1.0848290032125598	-0.29877720001112845	1.5694011053557781	-0.5952954964384035	-0.42896897283409496	-0.30032638811150575	0.47136131911556073	0.1256060852079131	-0.45720261233373977	0.15840294501011098	-0.5482688537906646	0.4885009584744052	0.047640991631496016	-0.7652241017548815	0.33147625100202677	-0.128928899903461	0.36914675282457	0.8556164655031668	-0.32008858607917035	0.9568320656765573	-0.1497749211124437	1.0170497898380757	-0.159836129207163	0.2892134997561839	-0.3006191073330559	-0.0723758935383015	-0.2002565091735689	-0.03491226960551064	-0.17759049401484447	-0.23700045460016497	-0.18004950415122448	0.10473794801921621	-0.012427424465419595	0.0742634635549658	-0.1859563522082056	-0.11923210921050656	0.16792840430262373	-0.3075129268264747	0.06288635852640946	-0.39075515979554537	-0.01629753528209465	0.1712927902600427	0.34759631920044914	-0.1676567336943924	-0.263336594120204	-0.10693614847614902	0.27161042475566693
DTXSID2026783	-4.878720824464165	-3.1247856166293126	-4.865873173774217	1.9746320797830361	8.655980545338979	-2.6213942526308998	-2.4842463738779172	5.89356125844532	7.172350093475696	4.62904335794229	-5.008567258181825	-3.8788197152460806	2.9296236698180778	-3.1207007616341205	-1.9324832171214614	-2.4442599138256793	0.308517519562239	-0.41352950825185536	1.3633016035895238	-0.018359354878040076	-4.515123588740949	-1.3256589126961664	-1.6598086085008272	1.5534359234616837	-4.518462689031248	-1.5253074789275778	-1.9671327389101758	-0.11511354632044403	-0.7684248795795976	-0.43234351104288254	0.24823467474493788	0.03632978661312862	-3.646413287490601	5.727472255480393	-0.5851966594793773	-2.9518538422981684	-3.973756917752228	-1.0354713253490169	2.767376761775551	-2.5555624128189054	1.6273396478396154	-4.843638979924151	-2.322653851350442	0.2536142304179566	-2.354972061012186	-0.41237622451218187	-0.6949259357202257	3.620879427914935	0.8971132960589749	2.2397137748963267	0.7872746501796608	2.8763956309955563	1.0161404418927769	1.1032599416449274	3.636170641300027	0.1417571178684274	-0.4295016668111241	0.6653129484386927	3.8402327384347026	-1.6066089136375092	-0.5112260824248946	-0.14367892546744057	1.5303458945458983	0.21292542181687232	-2.683670643097784	0.7862556839691892	-0.48836535105220596	-0.9069693643397949	-0.9398168121147112	0.5913112592379726	-0.35056763172435784	0.08977362048680197	0.5270217206177953	-0.7876976643503136	-0.08011464798555076	0.8294888232543862	1.5950945202605191	-0.8831599146727368	-0.8972259321370004	-0.24539128694392945	0.5951083672536228	0.435432401701437	-0.9194010023764065	-1.087589407888115	2.4267609981798812	-0.5554708450691916	-1.3853119281282682	0.3350359922433198	0.4439670332976086	0.4660874049480413	-0.292699398016077	-0.7919206013904632	-1.3730206428717786	-0.7206343382072832	-0.4841855362837538	-1.6118074938984899	0.4309596431266958	-0.0923894776288821	-1.3575092271003342	1.4303110634848744
DTXSID7044635	-1.8937529726700904	-0.046387321686696494	-1.53478657199518	-1.877749789551446	-0.09924271095683614	0.6039288780618701	-1.2248811949988767	-2.210347063428681	-0.3278691358736148	-0.30936094268479036	-1.081530979031107	-1.669718751038724	-2.771611656998535	-2.306340864050045	0.35567710910719535	0.019276739257842252	0.9326185608233495	-0.6904082920901498	0.22034360061851002	-0.31660733048079714	0.45205434053336163	-0.6120228386732266	0.53462871531966	0.01796760796429357	-0.7385635001442614	-0.23019086471142441	0.5693207619003233	-0.05020694248042403	0.32718670940032896	0.10698377757021106	0.4738549578531976	-0.2167708171455857	0.31015221254634606	-0.4642904587592663	-0.2337435966101492	-0.10636617355005948	0.15161577279396354	0.18341283858296337	0.15962014089700735	0.2705581910994354	0.015994296201311757	-0.08526679938431399	0.1586536950707651	0.24388820213470716	-0.30458494493190846	0.3397910567755612	-0.19084628420583366	-0.10507420741188876	0.26036716187952397	0.2793070107571721	0.1294364519107816	0.08824150948641199	0.16912180633971746	0.2049279296202069	0.13008402239641798	0.18169354180615038	0.5128668246028932	-0.04350368017408973	-0.07233695876879799	0.10582082345502969	-0.009467238824633833	0.1693413910404291	0.08932423880411262	0.11446227640378534	0.022584120882874526	-0.5988631656332679	-0.04740061746122381	-0.20868621911289062	0.1004467686201648	-0.06820278100622826	0.4381633545698647	-0.4666775693554886	-0.09552268941751488	-0.2811602961282054	-0.1077923032932529	-0.14950471550692276	0.5744457437384417	-0.056989976775858264	0.6182256710827865	-0.1215175212878057	-0.12120904761390129	0.2905348617539755	0.08911535741268473	-0.106198336151883	0.601684795852973	0.07692891550612825	-0.5052505760728397	-0.29402209300551857	-0.08301320780015309	0.33235990660917314	-0.04983320872576178	-0.39297187298312747	-0.2802953851823631	0.660989399251083	0.493838301466497	-0.0873149576686803	0.07279267129702964	-0.04323434426741066	0.26059814721786984	-0.058200948197351624
DTXSID6022050	-5.383469632304731	0.5430470891486667	0.4690841990596489	1.5839285967501708	-0.9776110393833561	0.49887577273255435	-0.243857614932084	-1.6400811885972757	0.45318585908757547	-0.04855109795052104	0.2493457838093407	1.1985692732786721	0.789338505174936	0.4914145684789672	1.2288544128891177	3.404664952499792	3.867409302946549	-2.166633783858135	0.7439989222200112	1.3245316487986787	-1.11110838940385	-1.5476342456271568	-0.7781951100902847	-0.10619065067357929	-0.1989475897561944	0.6541045455238339	-1.37449096045656	-0.8120934932334292	-1.2621256948375101	0.43771702623038367	-0.13174732962492658	0.4777954923068357	0.201829005568733	-0.22473659234340626	0.847302803626427	-0.508561274486362	-0.5322344715667305	1.1475302382226125	-0.03273971355775525	0.622159477739222	0.36907344015382076	-0.31609832952415085	-0.5127900966549225	0.1524490360064748	0.37016554566197074	-1.314322826056413	-0.40601022968687656	-0.30313083414774206	-0.0022112013292323873	-0.31603336223123146	0.24781813869445984	-0.31011680270386616	-0.24332735201819197	-0.2575199429866445	-0.7186018839312702	0.3917336570422499	0.20853366710823928	0.0833644517070659	1.5536506046211365	-0.2279089571587901	0.7195720527425856	-0.6566163661736857	-1.1502183275353854	0.573777914467546	0.1342999956456721	-0.43754694300489405	0.37195875246574983	1.0686334952605627	0.23490853480213306	0.48358411159668985	-0.5943151111301912	-0.5778176875995213	-1.0538747040771856	-0.260346364878838	-0.36696333331044706	-0.26017343900571593	0.5248707186473722	-0.36844334217619423	-0.30219595510001473	0.21223934902682515	0.238591067036156	0.3090624931291245	-0.0580240220399478	0.0634500443115033	0.32079816151537527	-0.18247817652691495	0.17497371056591118	0.067222715011737	0.18742596904008035	0.16077703496488635	-0.43709243368301226	0.0301952721643103	-0.029827918888819045	-0.5298525687133651	0.2898782535661954	-0.2389019623752313	-0.4892200614995388	-0.24771700595607463	0.15081675456664415	-0.13943324808217702
DTXSID9044877	-3.061608169182369	0.5404631832619858	-1.7361912801809471	2.1644768162931576	1.7940013318309807	-1.2426906552230381	-0.41749985250115895	0.8146342723245718	1.1130537300152723	3.125837393190467	-0.5446258845656375	-0.9367952384212922	-0.28365998156091976	2.263099692364023	-0.46216663458655005	-1.2226999071777869	0.1754483010590996	-0.029656004951247445	-0.005709942537886916	-0.26976875634189135	0.2754734171689303	-0.1424410182858999	1.4810747044611772	0.1832144806548939	-0.07036798961527675	0.14164835596033776	0.39217024618046653	-0.877697039079625	-0.45753627766443444	0.6033911758200358	0.3053757608960182	-0.08171857248820638	0.34558141276693927	-0.8740544786560447	-0.3275461919042393	0.2655033010394377	-0.2202011449533724	0.1613178578693061	-0.014125574780109352	0.5785773349775307	0.3598552320373102	0.8067283034443404	-0.15378513366858998	0.8330775806874918	0.18438798109751275	0.08895641987122746	0.5419870407503954	0.11532116173431077	-0.09939809861819392	0.30558077996243954	0.07656871083796889	0.20521686212990672	0.23328706168161129	0.25228622326410033	-0.3600549614147383	-0.2548572559272387	0.10399541161628638	-0.02334552890243019	-0.6930332200614517	0.10248596359418405	0.4391492904294863	-0.23191609582483566	-0.10979400646710157	0.14397416249122838	0.0007399894346604815	-0.515864040428441	-0.23793896248829227	0.12961883546112185	0.09978876687535948	0.8347838107950716	-0.39614180858483095	0.2371653062285267	-0.2544325461814418	0.5106055234090187	0.09332150686047702	0.030864754830674745	-0.7841186940878905	-0.02028416512932575	-0.17448124521604688	-0.8233334424341654	0.4843289079266399	-0.846535977543422	0.4702341969961051	-0.3251972950524532	-0.2836125887918397	0.26748286633901946	0.682029564857123	0.30022126752979766	-0.720024515367057	-0.0548802083632186	0.2717567845957158	-0.5571725284233532	0.26658255810868225	0.28230131355715027	-0.26766182448564735	0.3121040280236941	0.1690183128196771	0.24497038670928692	0.01680102157602405	-0.13571857449090147
DTXSID4021189	-0.6298441654135076	0.9078168625826954	-1.0465854690110303	1.7893906148876113	2.6541609424596353	-2.93351818636721	0.262572971081686	1.6447793984985957	1.547474377341991	2.3896012779980187	-0.6185253173083028	-0.5548214825988135	0.7387753418955998	-0.4578529054863972	0.18560223165323547	2.1120438055051727	-0.006417983523641093	0.8464536222298222	0.615400865521313	-1.0476500534506623	1.2760901381735739	-0.012844216262572195	1.5365272852948206	-0.4980836293601169	1.6680459616130343	-0.1950261934066963	0.9158561162378314	0.7850647813807407	1.4108089988869945	-1.0122106736858705	-1.0765309053818377	-1.5662813597023488	-2.1034607254732958	-0.1339762641371426	1.7982413105902357	-1.3464336321163295	0.4905354373498192	-1.402075162394219	-2.0923334343358704	-0.16185810096136793	-2.2543985166450997	-0.12443721517341251	-0.17562750844256245	-0.7543840910785816	-1.7535034329669352	0.10009874392399258	-2.0097135122312237	-1.1121056197297938	0.06053535612582179	0.4427563347988021	0.09855906455270488	-3.058128321441332	-1.1394399122346741	0.5431370928138785	1.8370284308492808	1.0231388475579473	-0.4255422934255841	0.6579361294867041	-1.9990285098091785	2.2405721356484616	1.8370889421543206	0.06944809619315617	-2.4187311780185703	-0.9325609901123598	-0.06122521092758325	-0.6480974921201081	0.7675918081901496	0.7996324119963863	0.08126923734696011	0.25797281340426487	-1.026369647229851	0.012450293195850507	-0.2861279524302104	0.7901248841510997	-0.09326083616096362	1.0356128890169096	0.6885249575743312	0.7475022634888453	0.5374529946364036	-0.7305049517494366	-0.6807542567274085	0.21721408135312995	0.1183231769778894	0.050634222649217575	-0.2389512617140208	0.0856378326129965	0.9887231101731417	-0.48300152630819754	-0.010550740791783985	0.003412822104679481	0.84162009882509	-0.17243731184154243	0.6975883138461004	-0.9973414649921666	0.4635477954624721	0.38768491907802666	0.011035553788961735	-0.6526319125054562	0.8163065507381243	-0.17251667663681097
DTXSID1046556	9.2010077363846	5.763606862060846	-6.51902935703443	-1.565552981468115	6.779106323240256	2.4939316626760855	1.0869888340005065	4.636238161733722	4.797206850214532	-1.5079036329494129	-3.0691202210915156	-0.5779114964757049	4.311495224992554	-0.10640756025096905	-0.5754985865362333	-0.45723245426549763	0.1275597887546932	-0.09929077800405615	1.2894025850676611	-0.6311717336410795	-3.1892548778460155	-1.7392193735620856	-0.6294329094250299	1.7176394759283844	-1.018519675229872	-2.4936612024857636	0.11169602043622828	-0.5050925206926166	0.9523287716927785	-0.2884652262105391	1.171284558132107	-0.8157388930323682	1.047672275119878	-0.5998594157771193	0.2231047477074255	-1.0154846507398143	0.7639443302865868	-0.04373458550486055	-0.5999534621517808	-1.0533923613595508	-0.025339648597396718	-0.4655399047676193	1.5205981319094612	0.26556936349694255	-0.19424670901035154	0.22718534939647614	-0.29460698063139995	1.326101087665257	0.14915330021003007	0.8443969703273911	-0.0009278686873366256	0.3259641880078922	0.2707819945843473	-0.13848174408433864	0.5213189145279973	-0.08536445430001496	1.1361215981517827	-1.0690920769206897	0.5858479681643681	0.4893608474506386	-0.9382061215971463	-1.9019664951656272	-0.5385694032723645	-1.4803553587902745	-0.4946731569873469	0.035792171184981465	0.8797339774435022	1.0495247062536408	0.3765540029521693	-0.13643757931778172	1.5008308307875615	-0.9989441359123186	-0.5208037054549549	1.3481976351306932	-1.0791780205634618	-0.5479031879335827	-1.7107131169621983	0.04311044140510227	-1.3919853730555098	-1.2561024411704567	-0.37138733530713663	0.21613232128222837	1.3965215163191482	0.8632867391877954	-0.005321293985844681	-0.8673848955820022	-1.7016089122782232	0.6871344295601857	-1.556072362182164	-0.2860661837173438	-1.3135151368984952	-0.9745595631664187	-1.5443988922454785	1.5445377943653575	-0.5382007308389652	-0.7120261448035332	-0.36589298837367007	-0.31678622647794974	-0.25522428127979924	-0.6651158589648943
DTXSID8029608	-5.94712819148175	-2.644305624986342	1.693809499170499	-0.3028953911935362	-0.7242360699034237	-0.34259054416304535	0.09511801468837923	-0.7125895243233515	0.23343677495003237	-0.36139563551297343	-0.5873403130290472	0.22468939294330445	-0.16528948688015202	0.45043242829891145	0.5943275909549236	-0.17983024731246966	0.7721045053106873	0.28721208093635503	0.15442198613375918	-0.75265584763669	0.3064173700680526	-0.5463668645984325	0.4344545974651592	0.30868465386868676	-0.17609826095150496	-0.2710654308282468	-0.003273570927259666	0.0017746637658794485	-0.03829323249610046	-0.16217464504643408	0.1937584204884035	0.6428774653705733	0.46183696624441656	0.03360281214486283	-0.45837751626947615	0.12844555932163282	0.16356620934822394	0.1563520221326617	-0.09239251975606541	0.03099599561118804	-0.27772835422296405	-0.08781704460472133	-0.26480109837736104	-0.2099610874794145	-0.5290307368256383	-0.0551637535577627	-0.10589815808811563	-0.19875864562804624	0.05239197274456114	0.1613697875953281	0.038445970427514554	-0.034595676590940115	0.031192755677255716	-0.03547816886820246	-0.026365988697386954	0.25153820630905	0.32052252034849904	-0.011996279785090335	-0.03665776489262171	0.15214976965257038	0.28853861476887505	0.17143301293268015	0.5457637148305998	-0.10853117928524773	-0.3151941817004948	-0.11982040385523109	0.24095273848520202	-0.43317620707480553	0.24534037152062593	0.7273557211241305	-0.0797193798380569	0.22995707932529855	-0.0563360699167745	-0.0011359724205586277	-0.4219587437636122	0.22530131840201384	0.02059680032424787	0.5230558846834104	-0.11374549249166638	-0.49158298218368446	0.1568997796847214	-0.355837010340094	-0.3014289110978697	0.30178760258300996	0.18898572465375177	-0.09216134050428626	-0.5326543647474693	0.05876460904600514	-0.25674457827144104	-0.039419071330633895	-0.8997782315432821	-0.268365627415924	0.24314260542973382	0.23367805318305626	-0.45539710245239795	-0.3044388821639008	-0.3446377292211225	-0.12351429853720608	-0.005649622037926399	-0.5127003752353477
DTXSID7025922	-1.3819830015002672	-3.898161415878651	6.664956726657266	3.114729904233412	-1.0203556604331048	3.2197687610922103	0.9799070571337412	-1.0874387388326006	1.0420856557522462	1.5148420264833122	-0.43162184545738014	-0.5909741343765326	-0.23914978615126053	-1.7914563496832556	1.3092988572114366	-0.9644794480554834	1.0840206027696082	-0.15667862982700898	2.2081950185502213	-0.1969196587574329	-0.6921635034707232	1.0226846710820874	-1.1308249319140378	-0.04946203869842547	0.6762768011673093	0.3237217978779783	0.5568219691349166	0.35682460500420127	0.7529273632818408	-0.8021002617102725	0.33909821898744047	0.8207392632903385	-0.522162961662166	-0.21819827738760336	0.0853498594962089	0.0279674344285921	-1.1030987931711065	-0.08733506555737261	-1.128427544575066	-0.2636063739884087	0.17458122870891235	0.5207685267960608	-0.8841263000205237	-0.11852445149069628	0.12915003427845262	0.10085908142156087	0.3851465086784489	-0.28542444174704334	0.37107315752692555	-0.489302400589652	-0.029724469257717042	-0.8159105652201769	-0.037762957153737904	-0.2078018179805484	-0.372431841375921	-0.3971953358608451	-1.3845327522864221	0.6193941887908118	-0.00183140979872146	-0.630261511577398	-0.6774254652102997	-0.433071445799322	0.8770148816978999	-1.9600164986129687	-0.21513038846060867	-1.2159330033381046	-1.7479028553707883	-1.1395314370675405	-0.13453327419359545	0.1416293027227738	0.43753983077128056	-0.5247554534242729	1.0811472363455428	-0.1549068151189328	-0.4876750311517237	0.5629784389977461	-1.2937176710344642	-1.151156045801283	-1.1672836157400268	1.0765714825443833	-0.19467596515893326	1.104404080925364	0.8676231342942878	0.12095235468119335	0.41435648927651275	-0.09378071133721189	0.49347605404944794	-0.11962251284764244	-0.8084160765345568	-0.05937728270413892	-1.1106264468595217	-0.888676341760875	0.47228690711864124	0.19035737556490823	0.5031622174170144	-0.35212009423230334	0.2408340340150081	-0.06095740548673188	-1.0504456459722857	-0.21726532933282416
DTXSID4026711	-4.345586282164535	0.9638063702633884	2.21246607275837	-0.6097340778005469	-1.7213330984175241	-0.41306107134260994	-0.6324180103059877	-1.2442705318363554	1.8526143728242417	0.03611205365695716	0.5514149816363935	-0.6519491120642062	-0.29135592515321074	-1.3733766134049945	-0.2659741442146144	0.14776131030791798	0.07930451399468491	0.2598516219005632	-0.37959671624090857	-0.07931513201045298	-0.31199683554814706	0.0010710346836761365	-0.7660462467161289	-0.7188797577652648	1.1006178261311816	-0.7488276968477364	-0.3624272991217779	-0.557090604032282	-0.1321041371593585	0.02273625806870435	-0.8215573267154693	0.9231068995996844	0.8602327954861495	0.5771532851917238	0.7914633256302314	0.43210022860287833	-0.3929247122281524	0.2103848566650014	0.35611348090190453	-0.09718000119899621	-0.12638878925847596	-0.3507400638783863	-0.09756962209135622	-0.18744411983679066	-0.45856890596529243	0.4344502818233806	0.13128427905393408	-0.038616307697206115	0.0370009301499177	0.08197537086844613	-0.06082488558509574	-0.09582088597958185	0.11086962067901143	-0.22941159538192749	0.36351704160975373	0.21294215029877217	-0.45246549948633585	-0.07188366233526482	-0.1617526805934741	-0.3451831653539614	0.020040113981272086	0.4968240697297555	0.21200798750585004	0.184919829964092	0.14334499876316018	-0.4070351786744312	0.18963884603180078	1.1374521049593957	-0.027160620463237896	-0.33293139545223654	0.22598315897517102	0.46988029966107614	-0.46745908700489963	0.22242747915939934	-0.21474995461140411	-0.083610516647771	0.2879870514179704	-0.10837957267912134	0.10223912469117369	0.5927347075359587	-0.06153511240498728	0.08093465843799172	0.29526877858670625	0.3493293350772737	0.0330402816051839	-0.19546240113420865	-0.08105193021232952	0.831304018360224	1.154519162728224	0.007341952952400933	0.15703242565795	0.13187438059659118	-0.14690992877192546	-0.10261697061866548	-0.4930278121589292	-0.010705137140837704	0.22829507938552768	-0.12778719553847695	-0.2813512866063204	0.40041768835076863
DTXSID1020354	-6.244877809849485	-3.423445247394786	-2.833284096467131	2.2810690828214355	0.9757586525689612	-0.36617661763247755	1.0039641934832966	-0.9162240085749123	-1.67499490426458	4.132762556301387	-0.21449433538997068	1.5819960739848045	3.069587269472092	0.5172261160153315	0.0648745234582626	7.382224705594581	6.060669360231487	-4.746967979472693	1.9591990397726284	3.686245426699928	1.3179855383785504	-1.1537073845120174	1.0078656712361733	-0.851412627393496	0.36207796482510196	-1.5188314903281628	0.4807373520616534	0.10714138342941956	0.0668473933952578	-0.06099393369777753	-0.6343379521854444	0.15952208996400066	1.0416778677345797	0.5970146619911373	-0.30141130211588685	-1.6916346250735157	0.0693489169552504	1.3682141666135388	0.14939758899048894	0.8328937856400838	0.09785412162980214	0.5328828955978101	-0.5687747660089235	0.889529507046443	-0.20269339980648635	-0.42198286259047135	0.3654169667816766	0.09478010683679677	-0.30598762291195747	0.16593388012433707	0.2582601069019467	0.8071708222161297	-0.17550370156016745	0.05872473769778031	-0.06541276267793318	0.35674567075175173	0.16125427835481881	0.7099901113866535	1.8644331355522723	-0.7471880861335287	1.3868738128536946	-0.14397600379493103	-0.19622498700125313	0.05301887100901686	-0.035696518487071595	0.7647957710304686	-0.24713797036150298	-0.7756165559871178	-0.2628662040698566	0.02490354188608033	-0.10984635248597005	-0.6282715324451823	-0.4289144607974755	-0.8699538699421462	-0.9411336457284984	-0.871500331778753	-0.375819946232806	0.5092689968183817	-0.3468264752279689	0.2386041111874782	0.6203183861269477	-0.1855021562037155	0.08114448632400062	-0.011597979738190474	-0.03879423050691496	-0.6348742971099772	-0.25306374505565143	-0.41993466492418047	0.3540994605938324	-0.1115005609798887	-0.7189567201816974	0.365812027942637	0.0799203181067213	-0.43073948119409333	0.7061597658683681	-0.4699982224927202	-0.3721052228259345	-0.3456837436251017	-0.04187930305384011	-0.4838442581620909
DTXSID4021769	-1.4989429581038662	-0.9851404411190047	4.624254304871012	0.62844449185412	1.386670540939485	0.14020805118572333	-0.04539138561875372	-1.0535150240497066	0.051399963773701866	0.17657627020315225	0.026310410260456725	-0.4527831429870652	0.12854877690038152	-0.019584447744991285	-0.800688714117596	-0.10983569816401251	0.3664165353759203	0.048594236818297554	-0.9665315890103625	0.06725946083518038	0.26043812714919656	-0.6267938645540764	1.5684846210944956	0.07903286396353425	-0.0735028506336359	-0.6830788020588054	0.5680562292814111	-0.5134290497012665	-0.30345795263803876	0.6673676958029124	0.35611099691348697	0.48235361159975987	1.4860085278354151	0.28899129723513706	-1.5889646995858784	-0.16294101874799474	0.37768453395874424	-1.1743859779159262	-0.786202710324776	-0.6069204507099082	0.5108730561880714	-0.3754194299207756	-0.22481460539454598	-0.2160299028341217	0.17790359150093224	-0.595949324272168	-0.3768983774940621	-0.38951312829812074	0.016742486410560496	-0.049046854803291844	-0.11254396185560939	-0.707748411586268	0.007984651864938032	0.0836797865523508	0.2385307322517112	0.7192855531040225	0.44648530689936045	0.02897526822881198	0.10401955513642927	0.3817535729571203	-0.39116877128151634	0.3132421167520587	0.06951582114349059	0.7300455791142096	-0.8700505880981722	0.03002102219293531	0.5262349097423655	-0.6983431076855904	0.3229024411437372	-0.38750423123848854	-0.37696937189440477	-0.3126666007255351	-0.021635220403506912	0.20956878539337054	0.9239974108687162	-0.8325180024385147	0.2609978582986657	0.7684924188348005	0.6702812205064005	-0.11145773352741707	0.4805555919688635	0.2942641020837275	-0.3906224992611923	-0.14022774804561697	-0.0583995380073822	0.41810431129030917	0.3092825195924099	-0.7613344091649296	0.5448787562561968	-0.45544347939450935	0.8026502333492733	-0.5262568040014661	0.1134489693154587	0.061821816761145204	0.48726588942793486	0.044687775277145486	0.08251098840512908	-0.2056041066503422	0.14016858536207696	-0.00877943051014853
DTXSID6041719	12.30312403770894	2.723510321556002	-7.171239977911513	-5.133028131780919	2.9760121158477144	2.7948134675737326	-0.016854500623532827	-0.808772386594336	-2.3605004880342757	0.5926137311584134	-3.8054276903879622	-1.3208458595632533	-4.891126574919627	-2.9620309654987307	2.790233347998415	-0.4205142787680618	3.0855163037209326	-3.5608913009563246	0.5200997881222683	-1.1289159904732253	-0.9046616123478186	-1.1766639693865215	2.652419216644164	-1.0425996930120498	-3.2730291731968926	-0.8160748063191908	-0.04555438311197247	-0.011671650102995795	2.313505096941042	-1.84788758910371	3.348255908786304	4.363541149507208	-2.732292000540082	0.4188762505886919	-2.235831813249713	3.8993832204149177	-0.6589972551285462	-3.486793630879212	2.467747976676045	1.4267328829091819	1.5861861318159354	0.6989062201448881	-1.384201954231589	-3.941035026268234	0.7361761375638249	-0.9368607918878444	-0.49909126107212165	-1.6366723254566196	1.4030550275330909	-1.2691635609792924	-0.72496557415205	-2.5729259532364575	0.09108219276091284	-3.3752982304862145	1.2187496618529647	-2.128753056352721	0.41021731690644236	0.4450898162420051	-0.2042711984866105	2.631995521534875	-1.0415287681623369	0.24930841002417153	2.0458572471940286	-0.6226568166582627	5.231360524482915	3.215380318726872	2.263844751741102	2.0661440533046376	1.1741967326197293	0.6426356681188101	0.7073730781213969	-0.134494831510451	-0.21046585998049008	-0.08647752197695201	-0.2617675903883907	-0.24414795121718758	0.16600532208005436	-0.427731409288237	-0.37072890213439014	1.1231038886687394	-0.44478927324742806	0.22308139845272637	1.0558369058696138	0.7313090837870115	-0.25006663573289684	0.47595963093036864	0.553514213358735	-0.08651485929646448	0.8270050438308731	0.021358068833154505	-0.24483019661009087	-0.29116168902463824	0.031479127709173535	0.03160193044508042	-0.3678283483869349	-0.07831874116015802	-0.22281579481787367	-0.433377697820297	0.2097970042050404	0.3059761818564386
DTXSID6035491	2.8283936359075885	-0.630785828610558	5.806006213144333	-6.975903387344017	-2.5169976261776705	-4.740351711460534	1.379033865953005	-0.4856567162072934	1.142730477135232	1.198075876053238	0.41710235984801713	0.8359106237549541	1.1228070620017203	-2.0511345267746846	-0.14042371541281964	-0.5449387413996515	-2.188597629200272	-1.4004509940190086	0.051798989098710016	2.442966402034664	0.8874851710495442	-0.020933820645927085	-1.0260669268240432	1.1113386588275176	-3.151519797063733	-0.2667187314838029	1.0360982273694865	1.186150425663552	-0.6047077981856863	0.7002631864344546	0.903637805709289	-0.4993252003040562	0.6895928340762804	1.1570973455836366	0.10485411103103941	0.6075241164012954	-1.4295038258761759	0.15328898157802565	-0.5502436794056061	0.5216488855628956	-0.545682415099503	-0.09486567621880752	0.5256915631748839	-0.6058447835184045	0.20013424336188226	-0.31201759626491854	-0.07415967746802982	-0.4816452774266834	0.0683083931354539	-0.397824515336809	-0.04077286054414395	-0.3015623667259297	0.30193341844460836	-0.3181712039981204	-1.0288590144855665	1.165567462428629	-0.11495007374254024	0.045009483344312394	-0.10423286454332563	-0.4318554379311015	0.40610686262966866	-1.4354643354268743	0.6143292747199419	-0.44049321755248744	0.693631107954466	0.3855160846016567	-1.2724462858491936	0.4648732825525937	0.1023423364757422	0.48292953020226465	-1.305659479140864	-1.132949463074343	0.4551491662006496	2.1567052170688563	0.35744099604743884	0.658003132969422	0.5071674724324148	1.0739919172980925	-0.7950280240757044	-1.1301343062854985	-1.1676769095215103	0.22241073453738297	-0.2185773854833755	-0.9061954200049935	-0.1745698412328253	-1.5264827129276106	0.9030040118965682	-0.9823764324853284	0.7108770648893046	-0.989903002041402	0.42089453625059736	-0.450700637260061	-0.18923105485012295	0.1294007224534902	0.5464183679055112	-0.08609665997463103	0.02163980666315945	-0.30757908893767594	0.6403282771974041	0.12088545055645497
DTXSID8027589	-4.074485147153829	-3.662411667449975	1.1951369596186099	-0.6848247803724088	-1.2843821132375957	-1.1001679508017357	0.024961678494717178	-0.16596854818029036	-0.09050788183508923	-0.00830301126902061	-0.5875237280559737	0.2862934758161631	0.2269269993902332	0.9585271832098721	0.5832632824428052	-0.049778793018159524	0.5791034222176208	0.7009279081747686	0.1664260075343899	-1.179994199391625	0.15096516260103138	-0.5626390213514707	0.7296408875063133	0.28909146910985145	-0.46619860122247275	0.5406264696050791	0.4522769371350528	-0.055970998426287895	0.2901074121589095	-0.5692401276680148	0.46697812142350026	0.24919940950709893	-0.1886427344189467	-0.40795112495432373	-0.2722103060284684	0.20723862392941025	0.18209154489266138	0.9149021462423007	-0.17233285298653023	-0.160584540114389	0.09453612527462883	0.10291075872183705	-0.12235743114033497	0.10137765293001239	-0.21230600838738187	0.2079960656853193	0.21138888748582452	-0.21039527980162953	0.09771689764416201	0.03574969989749611	0.07893745369247288	0.12025306122634569	0.13596946424687678	-0.12119900756709108	-0.16174974609200002	-0.36696310076769006	0.23853233833994003	0.04329858448109812	-0.12760897361056964	0.21538602729803885	0.13160893388898737	-0.03877632598150785	0.18938807624290208	-0.5045883557168469	-0.544110393489345	-0.16673030600515085	0.31538925754609404	-0.04588812124640065	-0.0572361146474209	0.5683819751001262	0.08609734600958514	-0.04836424859549293	0.24263240745117368	-0.39500937021072813	0.12293957906429825	0.0726002808099552	-0.11629459800846773	-0.15565535051074447	-0.13938089488388727	0.016757182842657585	-0.6357607320093871	-0.04293321154983571	-0.1965116304462176	-0.020949477801081473	-0.1195283616316018	0.15653038254267224	0.6034193630069719	0.4178857200304419	0.1577021607312227	-0.39284219579395985	-0.3354552262275563	-0.36510861656513766	-0.01923834278296305	0.14570860381084386	-0.334083156707209	0.0656159736692531	-0.18094356494707892	-0.23662497002258115	0.06373429912991187	0.10415396916197997
DTXSID5021621	-5.451370402330482	-3.613508063454845	0.5184935398093751	-0.027588751231991834	1.1970617785127893	-0.22691288693099249	-1.3990901061753354	-0.43264222619983095	-1.3617386577036144	-0.3776146393177066	2.1661479079438593	-0.9325906940075868	1.3979844044802734	-0.09503456598419725	1.805917121913183	-1.0207823719542328	1.2968880794803281	0.6081897739888578	0.5583470578944463	-0.46627689197278804	0.03896162094688831	-0.05837979748761322	0.731270285104579	-0.024063762405933168	0.17372972327019104	0.6293979201352738	0.23288071935439636	-0.39618601294207695	-0.14412085646950476	-0.08744701849684192	-0.07836390928623367	0.5740520317761134	0.011046924418019126	0.32996272088375883	0.11124717154210459	-0.3637877859568486	0.5000494717760146	0.2906887889951072	-0.11779635316524031	0.1291408243014847	-0.3566997961533772	0.14059813651434958	-0.8846495634983521	-0.11839523024419159	-0.2441225093165565	0.004873262447947629	0.44938776812296377	-0.7769498782238793	0.014999110624213788	-0.20977065443400988	0.06124507941755828	-0.23304146921622118	-0.05015916476885374	-0.28356184714161964	-0.07991956069782416	-0.2544239426542498	0.19251817946621966	-0.43143709029364163	-0.2978052334174794	0.24736354603791239	-0.030934206859002663	-0.35600488644447775	0.46890567983373804	-0.33633235827341806	-0.2767638749032855	0.14786253746327843	-0.8880608442553817	-0.13872746103332756	0.08790488663016284	0.4028498680189543	0.2665628878374008	-0.028957428629735743	0.6821133569300356	-0.3287031898607297	-0.15239972330450313	-0.3053524141437848	-0.2232572413977597	-0.33087563453752133	-0.1384074481583385	-0.3754235533507083	-0.22107751977352902	-0.15692451727533935	-0.5017132283080817	-0.1190656662366481	0.25934123749368915	0.30370903129895793	0.1661698122529947	-0.14745738811155362	-0.274468982062722	-0.1545244191192428	-0.31897110720926297	-0.3026837461138441	-0.034794084575679715	0.07307212242351543	-0.2062151980130662	-0.29334263673035177	0.048727575613042404	0.14145915120514985	-0.04012367864887076	-0.33372172846784537
DTXSID5025156	-5.849822862103432	-2.9863354235727986	-2.050576249313595	0.5260484889326632	3.202586056247427	-1.5247914866481969	-0.5155929522923576	2.775464230758835	2.8536899143617096	0.8613082892139251	-1.9862383836866078	-1.6342700462104394	1.6338085307697903	-1.2132715342639844	0.5147055906650224	1.314097064437703	-0.6229962039751806	0.45224696736070624	0.4278243835800483	-0.5548069555006148	-0.5768927475402973	-0.7050255046555419	-1.0452580762721861	0.12383626176316379	-0.7613853484873102	-1.2421807920596915	0.396216561133672	1.309050040657829	0.7428389039991937	0.2309626755803999	0.5048499168543564	-0.30526167772064317	0.1255886879639053	-0.12912682215522456	-0.5588861888270031	-0.08420939875541564	-1.3256622445032742	-0.26956142296001057	0.13475956578334175	-0.5881725737472815	-0.3217876984082419	-0.9660690252616947	-0.33055023985882637	0.01663158424624088	-0.07147164940239575	0.7464366159104874	0.8259812793055917	1.1802663012290306	0.27264633865991783	0.5347365727158632	-0.18922058159051905	0.666363844387515	0.31361051925998296	0.30043723326058625	1.5007485285437872	-0.670398766943306	-0.4941965910518251	-0.0990089959482594	-0.007030761271911666	-0.1401943749749941	-0.3569886309421274	-2.2837451143482794	-0.441265874089228	0.4591354694571518	-0.6837211004108301	-0.9489628167619412	0.4513353255305972	0.1936031714683746	-0.17846832007036736	0.4464716823053303	0.604022882433477	-0.9224370258186328	0.6218083110634198	0.4472179918985354	-0.20136669357234435	0.015045912173985989	-0.5653079622199083	-1.5032917026813357	0.16536124344133024	-1.9607391193641686	0.7366711819516307	0.41531446355651935	0.30479956182325074	-0.013316959899931115	-0.12593460500525608	0.14279439354500884	-1.0962759502209556	0.0012055206977449186	0.9619177747386508	-0.5559792960608148	-0.10538776585353657	-0.3165338371366254	0.8274394880110322	-1.7102091024091546	-0.3500839216275751	0.12149926028580216	0.4120056045930682	0.34770019800398927	-0.12634254079316456	-0.4732410955683769
DTXSID1057747	0.06655216539078858	2.9742714864646658	-1.1808839875598756	0.7109944296748086	-0.6874368522872311	2.589988829127259	1.2477289094352197	2.8131774610981144	-2.261017213085633	-1.9004035682640412	-0.2602737995168876	0.9889030346984071	0.9911878781693639	0.22473607328399417	-1.305407695361815	-0.911991991542385	0.3581243799639016	-0.30967022656644977	0.026498555350267974	-0.05523188303680684	-0.15305559417347012	-1.033377451390361	-0.07083019928417594	0.8392309021446036	-0.47266911854997656	-0.6755702538835295	-0.7906782147541209	-1.025275002170865	0.21301295914992643	-0.27981981634417824	1.0267456706558347	0.2824420581000909	0.5885849937787596	-0.05116408291910676	0.817056245048827	0.08530578910079162	0.607900545842845	0.6713655413369146	0.27376944386120916	-0.1958388637305448	-0.4351486756761106	0.1596653982114554	-0.6973181089478151	-0.7075134925452159	0.19158576990274834	0.6895410737510221	-0.3860763711416108	-0.147265063664186	0.006320489844873171	-0.10933389210854609	-0.07939622419652453	0.04017608154479444	-0.4668350627040007	-0.19959658557000454	-0.13007253394131413	0.366894627654587	0.011123028287220685	0.03818795326108925	-0.4718605007669658	0.29736358651568245	0.07681724691288414	0.22346505369007455	-0.06961957494707381	-0.28030194223714927	-0.24912149300563216	-0.7355508047956485	-0.30663484969589005	0.24213801232983992	-0.11595146669174912	0.40114974326712766	1.0270502501272971	0.13090156530121505	-0.5806913019975344	0.43935821034793	0.45527542000993965	-0.5967089556240107	0.2826007943513672	0.9390502663731376	0.7411587527609498	0.27981756710411987	-1.037874138979026	1.0761514412038893	-0.52746311543222	-0.46537311643855656	-0.13992631450587964	-0.26858503807950396	-0.09600411903596479	-0.2635044797857202	0.19094668323264002	0.668845781264651	0.8975599525631647	0.5030413392660049	0.43416582051519853	0.6847922297406841	-0.5998183558093454	0.24126053593815203	0.7655116906659183	0.6108495742708365	-0.3429046347039497	-0.3312381595854089
DTXSID7040734	1.1188940318156384	1.319469795306251	1.5448604169916202	0.2965398272056875	-0.7582777684407731	-1.185482794399542	-2.573142660684353	-2.355587129576245	-1.2870367206285716	-1.880142480334808	-3.9872277409985846	-0.22323255649454254	3.9727249741465043	1.4232091021824318	0.1313762905989371	-1.1238822413511422	-0.22337576338058288	-0.03185957008983777	0.4336960859740564	-0.45727446923876613	0.4545521752007319	0.7813890330999343	1.4623312985992674	0.0648158518999297	0.3097490855422457	0.8099480199529937	0.31080633803851265	0.11616979925951229	-0.019177958966837307	-0.5652894748949346	-0.8923984939254299	-0.4802108307160676	-0.6605659270812044	-0.3832608004228489	-0.501433387156639	0.3073043853305804	-1.030920678917838	0.5371981342814064	-0.6531803875106111	-0.512837440262255	0.2594086718614079	0.3737382514406066	-0.28861493231848756	-0.1500773664274347	0.31323817154118433	-0.44135055418502966	0.2758224694194455	-0.20960262229010376	-0.12815753228362312	0.12476541343122244	-0.05107638185551703	-0.11539708286360141	0.5472809056150469	-0.12843970539895894	-0.7452296126245872	0.2127037292772358	0.16541902510865322	0.4064833899429945	-0.18783714665969448	0.25706647531021426	-0.5020569787698751	-0.23251074511449474	0.6953749608047771	-0.3007081077672081	-0.11614468770469387	-0.9587206245255706	0.03968991343446332	-0.5785883047813354	0.319566335219213	0.09442897708970506	-0.4089821575420488	0.21982257467060184	0.8550139508561959	-1.0355115635988064	-1.3185444663586265	-0.08213262860396109	0.28325078953553845	-0.6016788366979237	-0.02367909748004423	0.28741371608492594	-0.8864494278262678	-0.1955830248684984	-0.2998638754018785	0.08274597348018384	-0.3812816217974716	0.03906238032010828	-0.14731269467476743	0.4298619639840737	0.3664526199831452	-0.2410459715887013	-0.38164126338641524	0.7178057936323835	0.2101889695350426	1.062353847602001	-0.0706334517349854	0.30725591839700983	0.2603866322472106	0.15575349060075644	0.16085785952838166	-0.24825537488261767
DTXSID5022641	-1.5478505921459071	0.0551975813905144	-0.9178546636327033	0.6128390315574438	0.16843978701528364	0.017004865008871255	-1.8707650551060062	1.2936222530525587	-1.9677151651382303	1.1526937577150067	2.866889059204641	-1.1837866808069786	1.1519956939404787	0.6908704084880256	1.0018589650083722	-1.6236277253091203	1.0181253127883318	0.5469575958292734	0.4775954857715401	-0.45351498377761773	0.2591241157567088	-0.07179620947704865	0.8701414502333832	0.4533588930197338	-0.18216581554135972	0.6926585172093565	0.24004466349279796	-1.327005735055444	-0.17579900081347308	-0.37998983375128614	0.10287864195036224	0.5080147087805122	-0.5487315923916397	0.3732278665420332	-0.07764446143412991	-0.6709581290439441	0.20804797436987604	0.49796348015201175	0.07400579959443766	0.15140189009899194	-0.14925625937937975	0.24656371592814325	-0.586387739820317	0.19201306972867518	-0.556667072117092	0.13640392989844735	0.3048792723431227	-0.6570162401188196	-0.15531807455792845	-0.030097723783689367	0.008384081518576331	-0.09051353823325205	-0.06129752671505315	-0.3262852855720066	-0.17287314333399065	-0.4374432164732367	0.2978188398572337	-0.5746115215409305	-0.7455929474482205	-0.08100854606767843	0.12602151197745215	-0.21214683971188716	0.11835829389852853	-0.20993537039308313	-0.04484298393165397	-0.25449432353113394	-0.7955393981530081	0.04953712324243295	-0.2058164251042946	-0.3511815318450001	0.122792135264126	-0.28594564283593993	0.5915227074469283	-0.3100897802023127	0.3421776965259132	0.41430740080227874	0.4210558616331265	-0.09784901503922254	-0.035780088341140714	0.27407139627399674	-0.20890102608839728	0.10859569811511462	0.039977415032784944	0.39251487471477886	-0.3243670949772503	0.25885978252231046	-0.2211713574180561	0.05124979714580235	0.17226225681853613	-0.3943512112866285	0.46291132690892717	0.29384015388031615	0.2787732707823815	0.07597317314430281	0.7072788098640727	-0.18433269829687882	-0.15355886642052724	-0.14159702882608755	0.35753302469012976	-0.1866963629449184
DTXSID7049261	-4.611501748971607	0.6231246730047237	-1.8917539635690048	2.4135576449377334	-2.0254860373594012	0.09012418565453068	-2.34264194396774	-3.1563248850407466	-1.0080292179118362	1.9396367675585162	-3.725816550554932	-0.8775333785248509	3.504303847959881	1.5262241182092984	-0.1670719704128369	-1.8159096904263996	-1.0980086543674739	-0.1976096277485007	0.25246600374849953	0.6820904536734537	-0.08475841823478798	0.8725636917692207	1.2575802089768937	-0.26315861831783777	0.4233488918489572	0.1977409828108319	0.0782178507485586	-0.32268199342468434	-0.6495907395006932	0.522273922925592	-0.7327038909964847	-0.019277171449218165	0.08673022914338294	-0.006895317131503509	-0.005289039229733474	0.32944123248974927	-0.9039353238088327	0.4337676348575078	-0.18391386562345918	0.19701581859747636	-0.7206999341769266	0.05746209217092879	0.31900826226405177	0.13510734649130496	0.5371902069651823	-0.6204709236258631	0.6666730433623581	-0.35547119375243597	-0.38474532030559394	0.22964922598147905	-0.01708596570719153	-0.2925091942090588	0.5785601513070957	-0.15902045900335374	-0.7115229690786012	0.7067907277306851	-0.19195063929083087	-0.31068151014196366	-0.03566825914346444	-0.019693020697308265	0.4235252623065814	-0.41407921182661384	0.6798280526277065	0.29790964129594344	0.4813663989705484	-0.3105151093312786	0.25464022112997353	-0.269479408498445	0.10316535430435506	0.2775408856436527	-0.6859225892965919	0.31433673561283837	-0.10051153007453836	-0.7125420112813148	0.020485031250022354	-0.7486998565844453	-0.287116255673705	-0.5222631835738692	-0.16389685163869236	-0.2252457588145142	0.011754406473401952	0.13378877690585733	-0.2891221663800771	-0.002775137355194883	0.2839733316209038	-0.28588744352965084	-0.40441190920083325	-0.007244317042464582	0.3725236262604317	0.07879323711645018	-1.0193523123524515	0.38050755757682575	0.0835613432226017	-0.09493524637958861	-0.1214751339639725	-0.5180561331681243	0.1915289378905228	-0.14240010484989787	-0.14040437903534186	0.08380890429396387
DTXSID7041540	-0.6351086702090913	-0.7997343550697634	-4.114728849334941	0.13898775516011352	4.490135711770862	-0.3107134035117838	-4.1902417602706	-1.8493468503524715	-2.6589794282873473	-0.5783919930070914	6.511274609171323	4.828759180662627	1.7012717674258324	-2.58581990469609	2.9296044702030968	-3.295408946958102	0.37549060134751105	0.8328708938608882	0.1978841600377451	0.3013057185896255	0.5222177648776455	0.5680115812354103	-2.0970731137596466	0.6381002961268651	0.3013780329162474	-0.5709866506194419	-0.4067469626153532	0.7213866267688364	0.594120274514922	-0.31167446486179834	-1.0638586347638543	-0.034881673548307984	-0.4517331475878722	-1.5703378326623096	-0.9441763025840456	2.1341019657427878	-0.7656883167670441	0.5381644522731229	-1.8712398488892799	-0.9314593804585103	1.2205251703323086	-0.848495938466741	2.8639522514566758	-1.2706304211156811	-0.39505266185022553	-0.2991897156784293	-1.6034909765078205	2.236822680896783	-0.017864279862817394	-0.10727785250024044	0.1449902317158603	1.3721790835618375	0.2061364646819729	0.9429772399116819	0.5796948333865584	0.518692403388514	-1.128233825895019	2.22183002914972	1.6897943494799466	-0.014623718006975437	1.1705930522377834	2.002286131130151	-1.3293933519357375	-0.12151762508779633	0.4232680406829341	0.7894042752167093	1.17656414081874	-0.9662790726990496	-0.643007897623931	0.6318417208626117	-0.24216352474703096	-0.8222026467704298	0.29061267106503086	-0.14325257465785046	0.5449224736627928	0.2218675294481665	-0.8181845956749465	-0.9740951448729914	-0.41536856527862626	-0.22031362437033947	-0.16728101231444495	-0.9431229392029281	0.8935417915190931	0.5821868320889396	-0.5001515935514249	0.24757151122867097	0.939085977361159	0.34494849966087426	1.4626010718390299	0.8583602959168231	-0.585216953733379	0.507211955750503	0.0352245720402605	0.39567524305740553	-0.23589272549339793	-0.27366852491803506	0.21747643217567253	0.3263439373332875	-0.2406566238096325	-0.2532813794838126
DTXSID2025842	4.013235933970851	-2.184627942673213	-1.264621117910869	-2.757293914142394	2.0287488013165067	-2.99284218651306	-2.982091421642001	0.5896010482210807	-0.8369211378663316	-3.048275714941047	-0.24124234868886438	0.023478785707128122	-2.3193783711057434	2.6063775357431336	-1.6666333846337704	0.47836987738873193	-0.33598612234234493	-1.1568584827358113	-0.08732552437334096	-0.7897576621443432	0.15764148750263626	0.2966141312834094	-0.6883553579628164	-1.1745173875289932	0.5333589209945481	-0.8615959419871998	-1.7892636041516314	1.1762421180882572	-0.26995841317989705	-1.284636236684251	-2.0264344486450594	0.8574180157950585	0.27188028603887354	-0.5260151627264104	-0.015481073646417171	-0.874734519322118	-0.2892719053803066	-0.45983849867907106	0.2392566341803729	-0.8954284429643349	0.25119165829521023	-0.7725524007253545	0.647363059180192	0.16941167313474442	-0.0826517873070262	-0.2545095973955492	-0.26449583847828534	0.684074145133141	0.09846444635043217	0.36178495969102836	-0.2024766451468175	-0.022655545639223135	0.5750120389695188	-0.5116484544046551	0.23209340308217943	0.07344345472305004	-0.1263515447349753	-0.25674039544761823	0.42097800579024125	0.009599979909899616	-0.7712700836883518	0.19077597784618594	0.4250141504716413	1.2478052238657964	-0.11747799314978384	-1.3271674251607122	1.357280658779642	-0.2560890203531052	0.3482541745833382	-0.4451623412156444	0.29694491495238545	0.4034641334512126	0.41239962215528253	0.17951543438755607	-3.268588140147167	0.1836870604491111	-0.7829738263318666	-0.8404710831528732	0.300939632539646	0.650671654380678	-0.3040735991118951	0.9163114400173165	1.8407856652958847	-0.1658669729586882	-0.6685726835909886	-0.3205112712706612	-0.12586268940108516	-0.9886211090904264	-0.3423184025304493	0.001789622152002881	-0.3444117488432534	0.4821614443865765	0.461558253453413	1.0796605660534333	-0.8834715003861209	-0.07482602401028421	-0.36493569962992073	0.641008266808833	0.11529516223221195	-0.581259204860481
DTXSID4046814	14.090700168973182	0.29455641248383174	-10.54691427862426	-0.3263058241741612	6.372870130880745	-5.356422221143165	-0.5110114434383158	0.5849447106029348	-5.397005607682852	4.10713509152991	1.3876391201231957	-4.709341591045888	0.450792251487549	1.5610134785462841	6.163951267801433	-0.8178654143879962	-2.9671326656197863	-1.2363360578213332	1.8429115590148146	0.14329321298384173	-1.3482396959932026	0.778456889044654	2.2316535682025416	-1.6725707643730234	-0.9580103494897465	-0.048727198934507096	3.0020375024670996	-1.5463087831153526	-0.028777948900865328	0.8110192155519884	0.6125603898288746	-0.1705959440108008	2.6097867802683337	-0.47041795840414297	0.7952953344467929	-0.8824212541009079	-1.7548952119340557	-0.06861123296066376	-0.86678047195471	0.4523993044154908	0.6638699130111209	2.4314881834567488	-0.6449075158660356	0.47445350571251976	2.056927715251732	1.223543376946829	0.7780575346083954	0.20214804400607947	-0.11817297536838883	0.36932552071401836	0.011771151805261655	-0.2998251590914878	1.1344469108650528	1.120134131525969	-0.39545410927523317	0.6562521440920464	0.2598969678163996	0.7997376268967044	-1.914001298225094	2.1528959362167766	-1.6156974122302041	-1.9822173796945823	-0.28125310832811495	-0.5905770414960306	0.5211369735771654	-1.7075110265800533	-3.706253536141837	-0.25828482234952	0.9567448020774137	1.8431720531524416	0.6331663730020191	0.3863035477792358	-0.5988795083127672	-0.5522314706899547	1.524811958248571	0.3531596964464509	-0.43468006732527426	0.3655735211132369	-1.5056092840849469	-0.1873715589716941	1.9333140065102112	0.43614474034250433	0.13314087832036114	-0.15724480803547816	1.1828215041120103	0.6595593184391294	2.532681345657347	-0.8624151672953019	-1.7019937792590194	1.191505848915912	-0.5314064769203932	0.7711959230882742	-0.2128819134440628	-2.3821429373164515	-1.5254281169049024	0.7272579180210849	-0.850137607996024	-0.14176935597800272	0.3961879612547432	-0.07634282144431291
DTXSID7047192	-3.945220240825347	-1.6726523556617012	2.1804870681878614	-1.0685410373116153	-1.232876148246964	-1.1394785527264153	-0.4464571029543949	-0.7687175805510974	0.4403172288154081	0.455797788025597	0.4249582524405406	-0.14485478597582865	0.4854643982319963	-0.6144614732473115	-0.767372575996445	0.523009598778342	0.09649066894424146	0.05800785452295164	-0.3955682893032646	-0.422166628449417	-0.439286219594586	-0.2021558882005366	0.42351181163786433	0.36632021488192146	-0.5920882350397939	-0.05664694389250215	0.5565418024852605	0.2913348503243051	0.3597055851067723	-0.21447481696398324	0.28201852156214124	0.3779024661239102	0.3103988196621676	-0.4847813047941521	-0.8319207782509254	-0.1461552773896533	0.358025366872856	-0.7039205137078243	-0.14405461588718463	-0.27955470597266036	0.2714587737672292	-0.2632743876087476	0.4417930264692943	0.5561881275443638	0.48304091584777986	-0.48987787809982497	-0.2984876469548041	-0.26714958123781973	0.09511016163273102	0.33957556721200105	-0.043243575946353495	-0.453735651567794	0.20794855071961796	0.025468933525008428	0.054437357737869986	0.20391797176229656	0.18477581272662413	-0.3600155680387599	0.274195148768672	0.6641143821656442	-0.618624489170146	0.0938738745921595	-0.03934044967660852	1.056951599569833	-0.9710766852267111	0.11523358559209078	1.2881130468177975	-0.7295985238132857	0.2539043692991193	-0.538376991531192	0.15261833914020742	-0.21197038481744224	-0.30060930732001667	0.347548823748176	0.8548862720236677	-0.5867818760788244	0.48304629687021844	-0.4340200410234665	-0.2672818484467759	0.4775455876011077	-0.25568034721492017	0.2541233939505685	-0.5281381681709393	0.010321149789023897	-0.29715836753140773	0.23820893465372375	0.5649998054452093	0.8109647233438796	0.19871597557371906	-0.3412803748577087	-0.07516941426834463	-0.11919237153154948	0.04306726845271996	-0.10437274365379123	-0.43344878124840514	0.04589009603227074	0.08055120564323485	0.16597957448616332	-0.08625467191396953	-0.022381331286461574
DTXSID8047848	0.9550243380644984	0.9094279344310531	0.5158664064394946	0.8898667457526998	0.3450071650296467	0.31380918949685244	0.9583576860780555	-1.2974490712176168	-0.19698313146530186	1.135837622316254	-1.0743434285055355	0.9015350535284293	0.845578452583983	-0.26214865819070365	0.6358808284165989	-0.17309157619667598	1.8474970004571427	0.7852002503696462	1.3953486397472519	-1.1227366653181732	0.36128667862603436	-1.301352524955729	-0.8265252997978473	2.3529841106462985	-0.24298942597505133	0.4406219776667523	0.33492401040978426	2.3408720761388464	0.7426530613953312	-1.1280816325795362	1.1668740670921478	-1.5441399734980894	2.1363764653243744	-1.1322736113160163	3.8322854580745473	-3.1323442341508603	2.91358685458914	-1.4791916755541172	1.0976458434087555	0.9513306549102084	3.985259196181069	-0.027863888090622638	0.8976251250458733	-2.3229688116774034	1.5157985747116598	1.329112856018624	2.3594313899183756	1.1459278785813316	-1.4909027748047456	1.4625379227147755	-0.27842629586909323	0.6154844659736906	-0.7521589099600241	-2.7141067338823754	1.1295817780230928	0.1966089721563202	0.06455487689034133	0.17608960478729113	-3.128207571177684	-0.9347630986877984	2.941795316868334	2.118163959421186	1.028292850888632	2.754195307186551	0.4232392414317972	-0.35603052103949206	-0.6026330901344895	0.8666518486659446	2.489979547884488	0.5520113907840362	-2.3983127764627383	1.711974879096165	0.9863391510422876	0.09938789954710348	0.8484268040842958	-0.346024370982335	0.44136318716268447	1.9255540561612432	-0.2448812665940355	1.0200277231362986	-1.5637762779448767	0.32414027021311315	0.382330789254859	1.2004080048495398	1.089520086811379	-0.5670240953504166	-1.1116114524970342	0.1674568878576269	1.2307708732693068	1.1229824716229393	0.3219572813710911	-0.005017185302652377	1.4177424636758407	-1.2443745862057949	0.3580076397801964	0.3031932642387369	-0.38460956363107235	-0.15770107970375397	-0.032798538438128036	-0.2042394830684378
DTXSID3046162	-1.530027340989838	-2.7048339093169167	-0.17296839045026538	-0.37862371616780965	3.4478224980734904	-1.9202470249609396	-1.3715248335623094	1.373329308367656	-0.8072675074141364	0.2043473354070149	1.7032922847047722	-1.2764053061513516	2.0678825956582862	-0.1394407056041678	1.6733009794606317	-0.052551264001432695	0.24016603394302694	0.9864243872643164	-0.1572432861555999	-0.4482267040882201	0.11900705560593551	0.012262324028571582	0.08054940897453466	-0.46111989969212336	0.8821814294812906	0.42832155983501097	0.11660716507080236	-0.8975028692933319	-0.24551232102214599	0.11940334461957024	-0.47891573941208776	0.03685683415382754	-0.2393180917273191	0.21102843612156877	0.7786906605916855	-0.2805061423747593	0.44162801818518344	-0.11998368678152402	0.3250804456170378	0.4981644483813488	-0.0662404118139706	0.4077091199570309	-1.0222862545977514	0.2562954031406194	-0.2123297103712684	0.18411850577482955	-0.03248360032160642	-0.657419468441931	0.28271189247321477	0.24745619423310894	0.24615437730864775	-0.18351694777390695	0.08329041332791046	0.03406392835507125	0.09393992744430646	-0.32796105360540134	0.1697409786487984	-0.226128624489341	-0.19345883501437502	0.4754125833141897	-0.3156288259365042	-0.028105239771501766	0.110464259397069	0.2840184514936565	-0.24607144098195435	-0.08521032391690478	-0.9146674405714874	0.002489236254927088	0.23243851480387054	0.9636645857732137	0.3147018882785592	0.21902204705944697	0.26524494691846434	0.7392402818824114	0.35720818247438746	0.260065089081574	-0.4947299385126253	0.4627052198538227	0.3275553407762359	-1.0342721238065349	0.6405611035085101	-0.7184980561944072	0.4760835924610807	0.005797919983109187	-0.3548796845263926	0.07688353584735347	-0.24399799682764306	-0.24733330609030219	-0.7373555667336965	0.1545347585193883	0.5421396729096193	0.4095056801293856	0.7863621347478305	0.156207763715293	0.033239225649142855	0.07022037790500042	0.1054494530192012	0.1686176165677227	0.21727111662752388	-0.4392603236912499
DTXSID1022764	9.577288102392458	-1.7100803338130415	-5.881066153114278	2.2640816893961526	7.428909132864785	-2.628002442032941	0.3071342864177122	6.765833239089757	-0.5232268755416896	-0.9014474997024764	0.9156903113729956	-1.5722502434067298	1.679455422974685	-0.6524276653097804	2.2587179443240726	-5.105065585258448	1.6240099940948955	-1.722024019923701	-0.9757813289597573	-0.4523797361683567	-2.5422504282992984	0.0019579681012802854	5.098658471547973	-2.354635798772063	1.1270310764558849	8.615695487325763	-1.2331418679133619	4.235352964542007	-7.411517994124552	4.603156478614649	0.2864121925308744	-5.302153758668199	0.09379670188657628	8.745014295995821	0.7523248862826291	-0.34209447655737185	-2.212789670255986	-15.969266175124025	3.808483521420678	0.902311225034875	4.957841199181166	-2.170471111638852	0.4133622325763523	6.673744778080844	-13.61454598802794	30.19592646575691	4.858519255655739	-7.732502507740363	3.2722948525750337	8.681262551131358	-32.226990219735114	5.72551017079137	-18.96200581033518	-2.895616025633304	-17.06830278849349	10.092707556169266	2.825667749224713	6.555298695110452	23.54081405875176	5.639532315379093	3.486755777724928	-4.942208250794674	-2.5682191874256355	-2.0950084675464713	4.825514281445734	-5.364742550726457	9.160906942710511	-0.04418234343443842	1.3831385646799186	-2.5205488004702055	-0.2662283336738494	4.400677412185665	6.579735491608069	0.3097024339371917	2.479879845520128	2.48771645949603	0.5027281653948565	0.37297495951738	-1.1783006756664973	3.2345375926142537	-1.0751041088791	-0.14738941000211	0.7157005170974737	-1.7486664304843116	1.8492508861963284	-0.4808311066025063	1.6079731945488782	-0.3261304220556485	-1.2314897044806328	1.549164809244339	-1.4082352550576298	-0.9539649816522405	0.9325119125735053	-0.6464722881184408	-1.3093330228996782	0.5425006918324136	-0.03157870627741863	0.08240831898079565	-1.0453526472481371	-0.4249032202396501
DTXSID9020667	-6.591171562846385	-4.239528703749998	-1.8086274447892179	0.4849611895971929	1.053547618067731	-0.5569612671610502	-1.7677762443338865	-0.6167576603025405	-1.6751460055295346	1.1503182119084778	2.319003940366896	-1.48202845697698	0.9003832098237835	0.11326476715404259	1.1867193171059571	-1.3821486686346545	0.675275484382534	0.11102431705006949	0.4244840746180866	0.099937746399449	0.11805528168174222	0.19907500429033817	0.5988687942199715	-0.05526602984002644	-0.2151870542889169	0.2929839583675399	0.013866188163899597	0.035345692829438696	-0.47322959212502147	0.1607177152772302	0.10392207824959311	0.651397551346228	0.2966250838621013	0.4495025432476117	0.05840846538281563	-1.0008260887556024	0.4194265833051352	-0.10055860232990203	0.6108963949641114	0.41578499477789255	-0.5357647422823623	0.05982721494658019	-0.5851081619019379	0.1409999534716343	-0.5266726732016191	-0.08844692761404421	0.32003556885396756	-0.5214230806411054	-0.018179315177352395	0.15072681795759793	0.08111381652021996	-0.08488241130135649	-0.05152924324824416	-0.13319177051012285	0.11510504252554082	-0.0037487900896636494	0.4146553023495865	-0.6544380826593412	-0.3929169662461229	0.07533235425606576	0.2546332928667618	-0.2018419740664237	0.37349404414636367	0.013168639523051437	0.0251140989184	0.2846503349229527	-0.3176388365170838	-0.43135294035731564	-0.25271223100791945	0.0008821591319320828	0.15018789513344505	0.16136602208853423	-0.1608560863825448	-0.3248087530806032	-0.5246313515747492	-0.11332093865898034	-0.2859904629200258	-0.0211665776039497	-0.1245088642146368	-0.49596983888766033	0.028309246753149185	-0.08652015489758255	-0.2727289701064838	0.35182007413224703	0.058523405548081726	-0.13541178620277616	-0.3748877315516301	-0.1369717617301372	-0.0762386208480736	-0.32015858846255507	-0.4930711043367445	0.21050256793780314	0.38783999287003035	-0.366390445978111	0.6314187595681091	-0.5450691452941198	-0.2508253516253329	0.05322192981171034	-0.023067615789850573	-0.5910790737530052
DTXSID9021976	-4.147915856121847	-0.11785473716966006	-0.808414961526132	1.262318233685412	-2.1712109294067137	-0.4109053448069324	-1.7463801501327278	-0.7734269690436815	0.5956114435127332	-0.9226796938521743	-0.31724474109974826	-0.22271086018725894	-0.09510645352973772	0.8250648139765948	0.17779442527333428	0.6571318720211324	0.54504150141547	0.9646977225666329	0.2835815793874567	-0.4587995683440684	-0.12155786251353906	-0.5438465198191595	-0.22110577242643084	1.0639432871464058	-0.7734721268960575	0.250677657467931	0.9539261690378119	0.22223187209789794	0.1736580592062738	0.2625240113491436	-0.11115377019673855	-1.121551853591517	-0.5999102957798196	-0.3486271727850037	0.7856558931378171	0.177779447748416	0.24594297322457706	-0.08128937360213034	0.2536626870372721	-0.23168735082024378	-0.23690162905726253	0.2870483927681691	0.32591585502486914	0.03618546578697467	0.26916208030271954	-0.43835049112128405	0.09559860193194183	-0.3894976357984723	-0.08271575003343226	0.20028761765973355	0.1398258670798115	-0.012737264575561845	0.4297520316763797	-0.19321067600797326	-0.5648075631921152	0.15729151621723197	0.1363173474032946	-0.3839050136468962	0.5489290037550542	0.8780163454138865	-0.559956485213213	-0.3438994710813734	0.37552099328285776	-0.11587324463145329	0.007520607131185134	0.7898756353946284	0.3992533526850162	-0.5016538493687499	-0.43108797060202947	-0.08728684868342254	0.2514707445631742	0.040769551037580454	-0.2072967038194669	-0.2617318666411006	-0.2823522581361911	0.21852777300911738	-0.32758366348254425	0.8301222795402073	-0.006871621171316317	0.11334491788496061	0.04050126426525411	0.45688609863136737	0.02958120585579374	0.449040030057833	0.054505274608883984	-0.1388051887188223	-0.252430605150817	-0.10340667032755821	0.07417703285376528	-0.11504894310054375	-0.09353115390967909	0.05518732657850491	0.06247342210630488	0.26412352440945674	0.03890108113382923	-0.20200758991236523	0.2643782921929908	0.06103009170477377	0.3679108753769676	-0.017042266293962195
DTXSID7020005	-7.577472685387892	-3.763260483644804	-1.000118717031134	0.9499206726161121	2.2260609400219664	-0.5512618678290666	-1.0655086587731373	0.4752099876363212	1.1013299049707768	1.6857018326142377	-1.3613959299164902	-1.0674939480225119	-0.12733393287338457	-0.19721087822057043	-0.7058321869924796	-1.361969511406024	0.19583190235281278	-0.5298695994507135	-0.24392286890104764	0.2133358995030321	-0.725035607936527	-0.10085182803568903	0.7892667063497205	0.403205500180468	-1.3102875211482343	-0.2513299749334099	-0.712702413964486	-0.7967787868351492	-0.7946802264349202	-0.20858559048949	0.2993186551369417	0.03753776203799862	-1.673883018400854	2.4180612224742433	0.7237701311614724	-1.7829894028085336	-1.7974239487023365	-0.9895206618890463	1.7016817225942962	-0.4683801945880819	1.3826464992292655	-1.1061789882423474	-1.932547103892033	0.8890980786790411	-1.220337684355591	-0.30488925700731	-0.8577400840091053	0.7454908732023398	0.47924366442177957	1.2783730011494578	0.7632507617322195	0.9118093932144551	0.32453545627231806	0.7643695638530937	0.7301950233534961	0.367239465430026	0.3254747405883946	1.047841530227935	1.426548383895885	-0.4455434965455469	0.16590567708058734	1.9681463790212204	1.0221829736181518	-0.1303154786138012	-1.1967618607267516	1.1531867895751766	-1.1295246245251547	-0.8063594208145611	-0.8404369102980136	0.7028146530985284	-0.6147617377174152	1.7298630393273688	-0.496632875991934	-0.10038690908474913	-0.20320078881216452	0.5421298325841202	0.46282422201171153	0.004349275612223446	-0.05137627950450521	0.23773573222806976	-0.001976070645433327	-0.41463024130088455	-0.25412436058800963	-1.1058213829939745	0.5559874272992229	-0.526896032907851	0.8898865945787566	-0.6156450716097879	-0.8245527895395167	0.15385514943147197	-0.2402373686576341	-0.297256054977656	-0.6136042731877197	-0.29662718071875505	-0.07738805360969968	-0.6730666760402185	-0.09074538742702046	-0.022130914273704755	-0.5124360194033004	-0.191792349381333
DTXSID4044662	-2.9127789327056273	-1.2088184645474964	3.993460525900218	-3.655921838102039	-1.5802342412070298	-1.334626156024897	1.1088560812899704	0.10979083741866702	0.701866899209475	0.6933967036410686	0.06881503945272889	0.5134918692605517	1.4044876250230507	-1.2732350193041175	-0.8006267253352306	-0.07509138541718015	0.3391279713991663	-0.5383053215785333	-0.5459505153544483	-0.21737040868127153	-0.13980063085096228	0.22392772209369258	0.22313802494628537	-0.8803005524633545	0.017292058648463737	1.741701268253413	-0.16717892350490446	0.9019191196846753	-1.3417935197425594	1.7250006999096827	1.4067528419846218	-1.5107828215783892	-0.34676962673739886	-0.29598175833436763	-0.6627176548815671	0.9739625634219985	-0.7283643371330143	-1.4521123726428742	0.010673151235456611	-0.5151755294417529	-0.013567568270956641	0.5302356045372068	0.9911651997358634	-0.2961453103071684	-0.7227881868735215	1.6754781747422829	0.29826301538684263	0.04114636558557531	0.1377750810579304	-0.042389641736686565	-0.15511237228283536	0.10105393311143968	0.19362961441909826	0.275474874513647	0.4301102877421318	-0.3077465454098956	-0.42721344100101	-0.36220732959547874	-1.1618664973629398	-0.13327083440093107	-0.12405379522942013	0.3269948391832055	0.4231123775711253	-0.23822372525793303	-0.48207513972557003	1.4275083279714467	-1.3901867544075501	-0.126215396202252	-0.15784326857201425	1.2925035372392653	-0.2857749532673594	-1.4740547603223233	-1.5954125710603881	-0.03277749301035747	-1.2535518597718238	-1.2071831839376521	0.935880512606134	0.3343177518004412	-0.4527422652712885	0.9728295796831596	0.6092159472243872	0.6358643215084131	0.10788013440454146	0.31763354979827974	-0.10487730720678641	0.17535061507377836	-0.6738679230171796	-0.8511694379972855	0.38670726536101024	-0.00026895329025909145	0.0850683767060262	-0.4291585603270227	0.08642889026500931	0.44079172662985644	-0.1465918123791117	0.16210217137922167	0.2621854399108075	-0.27266318628565706	0.25945344619500943	0.15034044957752446
DTXSID7021520	-0.23782131856634037	-3.451962914135125	0.35971671652844367	-3.0881955280985935	-2.512626570405128	-2.8909566485888467	-0.5529950615721064	1.0962145020047798	-0.5800331355374322	0.031849728830757006	-0.7281830988799562	1.057859377174866	-0.546419524304557	2.541919514923484	0.5334029789570904	0.6292193010087521	-0.7733148044510653	1.0185691258869354	0.556357862887885	-0.6817618739879753	0.4311950438657949	-0.26118472984420205	-1.96029652521694	0.2920843411631128	-0.30833153902452176	0.8758625779821074	0.28484431096386864	0.624567901537346	0.32363103874631477	-0.8824931441494543	0.7857188827225023	1.025450900217387	-0.6499120850571087	0.0005176289070419631	0.07681086049005961	0.8735290984526691	0.21352233280592842	1.1025508530918886	0.5381454159432234	0.3247890094867888	-0.5422384627979554	-0.5203943849032668	0.5655084737726204	0.31197392865265183	-0.2305606123364091	0.07078892382196454	-0.06413537843831423	0.0662110285220085	0.33989558506510215	0.5320793238609504	0.014095840872208002	0.29879668608868065	0.2218830853573067	-0.41664184404499033	0.12860745459968734	-0.036357054255504256	-0.41250631762060835	-0.3747691298712828	0.22294447297219036	0.2714020014492848	0.0360633589706882	0.1968386270704294	0.6737132525522753	0.3786934062580022	-0.53457275938643	-1.0974609240187037	1.4329478074189288	-0.6019318694766825	0.3333273002962208	0.8477675189078732	-0.3365404212248742	0.18975554646258533	-1.066316340015589	0.02466662954847659	0.8583080305943169	1.2912292096922593	0.3100533339285952	1.2187648141813767	-0.807482621159258	0.4185804669538812	-0.14311219270529216	0.15679019072170203	-0.4838164481024233	1.191005595293216	0.2994727260103475	0.0720852855005341	-0.5911420554967459	0.9475322262331402	0.39738661292075855	-0.4659284982909346	-0.7776411178488629	-0.27043525749207953	-0.2002631111061891	0.20383354683223673	-0.4176771811389201	0.22879590530852306	-0.16898960416908523	-0.14264600616127157	0.5351299602565602	-0.262789083444635
DTXSID30378880	-2.5864042293415106	-3.172255614860643	-2.884838101814811	-5.220625610347362	1.6020394207250805	4.460081311803744	0.3934405594203162	-2.6523640893990312	2.8159395258103532	-0.7872134507437114	-0.08780715326085302	0.08894854745873901	0.17771621662117404	1.003429191398063	-0.027497059546740334	0.45951357475077964	0.5486614519010226	0.5613109568700518	0.20067205433335583	-0.6928881508537864	0.4660139855520517	-0.010363919793983621	0.16717294187422987	-0.08843976810818535	0.6331934853906565	0.40706658944450497	-0.04875514873324794	0.7290267902947867	0.20241457783317285	-0.2344878901170086	0.829358311923132	-0.042578591797282656	-0.1994041281457248	-0.42812038319919277	0.4275536265144051	-0.5689685010691424	0.4796589111249624	-0.2055212034923157	0.17825998967039203	0.414016636881008	-0.13417004538262509	0.02406457247101353	-0.0206201889440878	-0.20546137641472417	-0.11381547521395884	0.006760407646853645	0.013972643770769318	-0.037448768025011035	0.11863544929869697	0.003526470401638018	0.010823741950086426	-0.1087623788325102	-0.11300572875257732	-0.09886872306023288	0.14077481702023859	-0.14659201305048938	0.21148142664635147	-0.09888307929724255	-0.1363348254129727	0.1548636520948153	0.12557258570142693	-0.049488679955334874	0.08211072446567992	0.058977218716744516	-0.05269800961381884	0.19238633986918738	0.470424304711606	-0.6409666132131097	-0.35566636019209913	-0.276036229009402	0.1790454579446797	0.19871804733729567	-0.28096919400180176	-0.5110678646809937	-0.6802058809360407	-0.2517628406977123	-0.5126552004681065	0.3821928137055899	0.2361707740407792	0.4457651429728728	-0.33796976937895795	-0.32814598606358164	0.43307454242308663	-0.4502525660861781	0.7250165144663202	-0.2986544191301834	-0.4447544728240836	0.46127680936563753	-0.29668422465443656	0.8315975898253017	-0.09250252512758597	-1.1149338988098327	-0.2437905033236264	0.46658724703941373	0.026738481617393384	-0.014946189182140891	0.570932277144286	0.9992317353194115	-0.6120739759159899	-0.623650455352806
DTXSID6025220	-1.6104345063546917	-0.8306137133187593	4.839345487200411	-5.218422992173557	-1.7879187940040184	-2.0086559589702495	0.7923807158599364	-0.09176537440620433	1.0004426627381442	0.983176050691106	0.5563247830671378	0.4778135546466459	1.8473229479148825	-2.0228929927297963	-2.420391403434878	-0.4157620953467408	-0.46841105185688287	-1.1381817738051472	0.07968345380001199	0.30650857947292276	-0.33659786827010163	0.7495238153504058	-0.26273114963288613	-1.252680611847614	-0.25475215465045187	0.651866633186015	-0.04878035509680051	1.51126315755107	0.12941560162559665	0.3968439674071163	1.5813087624846442	-0.9863002407838557	-0.2031896879240464	-0.0693263281233433	0.6762580710175938	0.6871207808172599	-0.2737716274608698	-0.8456969213317042	0.3963393798185621	-1.1478107985824952	0.7456331323413662	3.8410954561357737	-0.1218539184693782	-1.0528718763608858	-1.8443408983550627	-3.4557685552681887	2.161428298731286	0.9966938754455863	0.9956593016189618	1.174665825357406	0.28176439687238725	1.3822337272135472	-1.230423358062498	1.2078155838447424	-0.2795426049945736	1.560981973564396	-0.9161949192494552	-0.6431530786400224	0.11397397314765104	0.06423969434181831	0.33952804946865445	-0.9159438540057181	-0.5453135166589982	-0.14000834842338533	1.1655369713796773	0.692082270006345	-0.6831715214112838	0.790341781716829	-0.08695975022870618	-0.32072100175184026	1.3780604066612259	-0.24963755219554298	0.42856362832822487	0.14880531794326685	1.3174535076611735	-0.13716901378848873	1.0505588818171911	-0.1640009920391471	0.2178118770770384	-0.022459320086725087	0.21255848753939693	0.2907768898159149	-0.2723911776599616	-0.14640090393041513	0.13614255091383085	0.15734162020003026	0.041325338248399464	-0.3281051401825014	0.19606639116455937	-0.025837629116713095	-0.024888606079039335	-0.42891117587558003	-0.2653373641286869	0.3465380548764529	0.2928998553942186	0.5724220940584943	-0.1105543641505515	0.10470280489468964	0.37139942788916935	0.018279975472612918
DTXSID4049248	6.2157770685905485	2.1002158108049542	2.9453545420357914	-8.270926164896697	0.16249042252074647	-1.4164836238836649	6.176258158281157	-3.6672864480680265	1.6873598030253436	-0.8189866584174851	0.1766503974933088	0.09240190699544089	1.9100332979900567	-2.967870180475697	-3.3359273802158613	-2.342273009775538	1.2426594815873415	-1.3825173033250808	-0.6651204879829553	1.0020123217101045	-1.497504945303617	0.2905091889672088	-0.15866853404358622	0.09296665080180994	-1.1713457106798018	-0.5504478591948653	1.22431386931717	-1.1175874205288179	0.31702446931896283	1.2986591461924413	-0.6299541897867837	0.6776633385646933	0.39677520397584726	-0.27522418768671997	1.8831229880765137	0.7762511864569829	-0.9024057914717339	0.4119277384559432	1.0208229242146931	0.10795471821289138	-1.2122345935554537	-0.4028307761314508	-0.026830855560782973	0.15024706697963008	0.12584655255172944	0.16101249219790104	1.22675426267557	0.25957732064765215	-0.6085071526850651	0.08755309720326201	-0.23269398542922864	0.1919448490596783	-0.7077358010210102	0.14122044331163078	-0.1824865867576401	0.9785501848051594	-1.0875624627309042	-0.04079728747572906	-0.6600292733343819	0.41501932441155964	0.5557244687098436	0.14693162946033816	0.3027125575692611	0.2595513851247692	0.18041375807002588	0.8758592565656664	-0.01143773418480893	-0.24257544845197096	-0.42815552387492495	-0.7081693552496362	-0.41854446659871897	0.162929844584694	-0.8102657111666937	-0.23429491400604768	0.26402573534529034	-0.14278868108697476	-1.041261733734778	-0.9687078891004043	-0.6515475393153387	-0.5856298466699775	0.09302762128620015	-0.5777607002761724	0.7605742421226647	0.6962092740932468	1.5820592743147244	1.1337568925409525	-0.5872785325733928	0.02885675830433316	-1.2489713936525868	0.8361562172548987	1.3833839907331327	-0.4260884282112822	-0.22056696248991747	0.3743797847428079	0.46294919983073396	-0.7349009286134617	-0.6996322331127679	0.9490107552602097	0.1476088588319452	-1.428647341070569
DTXSID4047969	3.4449211584944535	-1.40137694496027	-4.548390584038157	-0.033742631694881904	-1.8345754659168587	-2.9106969790141513	-3.871794941508564	-0.965228214827433	-3.2785811989549227	-0.022291641187651094	0.5801380271410467	-0.3152301965071341	4.407245869632415	0.6585262347668034	1.4574139371268975	0.19280991986610124	-1.4464564833180147	1.5903118012894164	-1.2216093829564862	0.465124112784998	0.3433925895219824	0.1122081093372086	-1.3570382033184503	0.6593519134473815	-1.2072213041765945	0.27705361594162276	0.3697891172675604	1.37749269815574	0.5837415550912424	-0.8891965030286141	0.5676275871658928	-0.1532476449706665	-1.0053218300504747	-1.7913791290975973	-0.244679683035992	1.7822181804446253	-1.1822800055015275	0.6237058530167849	-0.796185401209059	-0.8405358331957922	0.4332775840818265	-0.1110226962508941	1.560288092457235	0.1573609717481149	0.18642449489137147	-0.18310569045127822	-0.28907353816038917	0.7453039448794454	-0.22000183064974532	0.20150988240512255	0.06937040836538161	0.5322231498102798	0.41116674086474136	0.5526278506360964	-0.5780867423194698	0.7493750063852302	-0.6604086643422377	1.1637277333160827	0.1577333291673746	0.5799546826760725	-0.031319543288858	0.6256617861698961	0.09859354860145349	0.2897834168772689	-0.4412655382829015	-0.2031931517970172	1.1558535502512828	-0.29679340900089685	-1.0263510417229662	0.2958448040798678	-1.2982501734188943	0.3194935249633947	-0.23009077486718435	-0.9292837025054926	1.2588141095178114	0.19688843246226415	-0.9153526208128994	0.4529996105463023	0.5460361747040823	0.7256830335302161	-0.05081336615876844	0.9651523834935163	0.5336574466921159	0.007108789429240423	-0.027707606706393273	-0.37339301215339477	-0.3012993816559006	0.08114116454713877	-0.15035461526353083	-0.15630743581354611	-0.22568538960783194	0.6780254320625427	1.4512202311692517	0.008378272148243642	0.2247277761791454	-1.4592458899026042	0.2072381559436862	-0.16875262749021183	-0.10081714177803976	0.2490063522511733
DTXSID3022085	-2.240926453429358	-0.3656095801279688	-1.7694095433764296	0.4820873812274197	2.9723945379687686	-0.4105370118252543	-1.8945930223708667	-1.653534003364879	-0.26677164444606377	-1.0471867938329424	0.547377552013206	7.08871760488682	-1.805836736056637	-0.28301853930385723	0.1809661234824885	-1.3048819509738894	-1.091348225390104	-0.6033129020419972	0.8794332170596421	-0.5383724296070906	0.3894551299091068	0.19215368382598583	-0.9179432286123551	0.3051182719806491	-0.36250201939974475	-0.6938741191737696	0.42462370523575843	0.8406786855408478	-0.07926750498969846	0.3910801192775012	-0.7230854494540835	-0.2824569152200121	0.9133050863054096	0.23268814642217894	-0.6518921860321387	-0.2726041956573503	-0.35517505376410463	-0.4212544904584533	0.3522732925602874	-0.38377494690866704	-0.05229216819000974	0.3647464332363602	-0.1162964361740022	0.7039667812310181	-0.9509223881937783	-0.08884203815251573	0.19473713125055764	-0.4745316507092492	-0.09035186906225956	-0.2927427682821059	0.022228773044660942	0.04306547460535625	-0.3578531216664768	0.18830358483188447	0.5533107796265254	-0.8769734144051988	-0.1837284088529725	0.13710446913147376	0.10794893896149617	-0.5889710183330611	0.18912817751587938	0.29045564024389575	-0.3297047616592314	-0.29006846081648086	-0.20505696295378184	-0.11962442283317458	0.5495919340020319	-0.32690649252372705	0.6756446965365743	-0.4168682453037503	-0.4779628798427897	-0.6165694912595798	0.15157799692764803	0.02598777400267812	-0.6716871619927353	0.20757916127663684	0.018586581940816173	-0.6005731941013722	-0.6155823531710777	-0.5078486656108092	0.22431139341763895	-0.025501318587284345	0.41856336171160663	0.9215808539960996	-0.06616009062433101	0.5482397755534207	0.794117517703849	-1.0115966527708389	0.715924809439277	1.475801031442029	-0.29929598807539326	1.0516133868811512	-0.18259188093668344	0.20780133790951713	0.8648286044313125	-0.4230097686863976	-0.3768191186357775	-0.22856497596479822	-0.28224328137682436	0.08759279811490753
DTXSID1021873	-4.5726563448069895	-2.5583612283306794	1.296486008377745	-0.2951390850633755	0.8587005594897424	-0.6912683891879698	-0.538882734356559	-0.34846869473632125	-0.36111163511314365	-1.329180785585148	-0.8125826614502653	0.045663675705366946	-0.7564200369905463	1.3720781318530502	-0.015083919307174945	-0.32072528410685835	0.8445264482320299	-0.31634414995194665	0.17424373052579736	-0.8201574561967192	0.4273076601490729	-0.45325490267579693	0.8919678147945305	0.16502659345811643	-0.02776796554753473	-0.29777138476030135	-0.6083126725333827	0.07869075764147329	-0.11903658137338607	-0.27701076175558736	-0.3510269433693231	0.29901045193598463	0.07842521833394395	-0.4274259504350963	-0.28928862223046936	-0.18723674416349365	0.15712057938924684	0.12712213897125904	-0.16198140965826885	0.09697275454646644	-0.30574881778443	-0.05095354676252362	-0.28829310018714505	-0.023278598766980102	-0.5250076949538396	-0.09257933187335249	0.09022255195622242	-0.16078768036233876	-0.023146126339942216	0.1607422319683794	0.05794540364214566	-0.011195304447703764	0.18044766852783017	-0.14366334683520976	-0.04492842292181124	0.08720758355514617	0.08455863742472289	-0.029875587400838614	-0.01872134630528558	-0.0019483712803816345	0.31369249934377275	0.07514569263546751	0.4745349638799969	0.2730989506153892	-0.06534020120188344	-0.4031895474558375	0.33261738906561256	-0.6691986494921363	0.08181072745871935	0.8206843670567747	0.0604194907501775	0.0549192584222078	0.22232053761267923	0.20719560838212242	-0.8326337816241152	0.3288993226394887	-0.5122592883178457	0.44101108430303687	0.007924029152131714	-0.4327640265534101	0.6628979213922161	0.07097555611628438	0.1247468974205767	-0.1557736506389895	-0.006490515044635033	-0.29327948157000844	-0.44619226071408385	-0.8228150429970453	-0.5423071680293401	0.38974993565098714	-0.5047577593626137	0.4525825320413951	0.24065191207232248	0.11588179641136895	-0.1259446234976686	-0.16929144644584718	-0.4748594427719102	0.07363233640966818	-0.24775005503121747	-0.3642465048648902
DTXSID7037262	8.916468322385507	-2.380789691420616	8.813029733184631	5.785195835556473	2.1662335487264537	3.973216228127328	1.3912094942616389	-2.451869588429335	-1.806578479787011	3.0365256499025612	-0.3706638197706704	0.7955934314008591	0.8153195969061079	0.4272478339005086	1.8846806967142116	3.5491435301763796	2.977413483579873	-1.8118601545204578	1.1938493841729951	1.481252322945821	-1.3405554112605413	-1.0961876257099195	-2.4111261335440215	0.28640975348670417	-1.0845844269385154	0.9335793540883681	-1.363478080738267	-0.27555653454166174	-0.8457027461255232	0.09369458442902893	0.6623669495391429	0.5063855876393338	-0.15576190214916583	-0.6350721497535698	0.7344995008394726	0.3108200770290076	-1.122635785632608	1.4501815982966475	0.3271929228561032	0.6142548140077879	0.8455398413463393	0.12199715334598703	-0.8523384530837469	-0.37143138044450563	0.34404678107642195	-1.1196496459731629	-1.0907279569573287	0.4047341576953104	0.36135872922661866	-0.3166812432294738	0.08645530593544425	0.033916492998920335	-0.6650831088287608	0.11715909484434865	-1.0327827938328844	0.3447534653451706	0.676061139210407	0.39256636969999587	1.1976814182442461	0.3094772748753512	-0.3053180623050073	-1.2277128100771526	-1.0693690950389925	-1.3897385634248183	0.07603267488403011	-1.1336035093422243	0.3794016352702981	0.4659077735565096	-0.04564869541821567	-0.8045737880848735	-1.3837691338901628	-0.6885448222368629	-1.8315636909580686	-0.5445374624239439	-0.8518156760376316	-0.3921035651801521	1.3848151015749806	-0.1412438458644396	-0.14041395407813145	-0.3947408017674992	-0.47860936419236944	-0.29387921614038365	-0.4659148829040932	0.5430355761322452	-0.06884148707831315	0.15870286573085915	-0.5667857643196875	-0.20034592128326387	-0.3518944299214659	-0.3193839871242907	-0.41880341443904484	-0.06778752002127328	0.22471494433923536	0.2879428655349743	-0.16478994569329436	-0.346180705233847	-0.0852256971938744	0.4236226336324686	0.09532422040657011	-0.688289306390362
DTXSID8020123	-2.365763747341346	4.599273472834566	-0.34695515065784516	0.40313544995394046	-1.8232293920840066	0.49115867743705355	-1.8528826969190408	-1.8547815869096005	2.2849048254796913	-0.027594972184659703	0.9188858507726074	-0.41030033973095953	-1.2315818241060994	-0.3352414563760871	0.5056490857961738	1.5682867104894047	0.15998730887452103	-0.6476197150741121	-0.31973441683860376	-0.22199133130608106	-1.4286531337448583	0.18125112059727788	-1.4790467569961905	-0.7996380429633381	-1.0131832631607127	1.1707026428074516	-0.7868990839544051	0.08203936224718011	0.6460936923029751	-0.8599034109103308	-0.1491581984426928	2.359158729572919	-2.0002284787310223	-0.6377351084952895	-0.38843472734065193	2.2396056283864527	0.462848720520372	-1.8638634375781669	-0.759737229761149	1.2428479696564625	-0.04357238552168117	-0.5962630053430736	-0.8940870835111543	-1.0017593476664972	-0.8285507694955048	-0.8545301528272808	-0.008158273193121568	-0.5285379153630163	0.6626609802803202	-0.4446563424966121	-0.2687392174070492	-0.41835938540847584	-1.1967311081973742	-0.8431238113276703	0.4590906392245745	-1.9038408713827335	-1.2848646572728732	-0.7700794887397602	0.6644050343773544	0.010597626008836271	0.7205660408406951	-1.1673933956395528	-0.3965349488389261	0.6263280263989653	-1.0648598696783904	3.307874998315164	-0.48826245961869597	-0.7039803583527566	0.26809337051101473	-1.3357808647331137	0.7110658780482852	1.5857613268207233	1.203904783830607	2.14058316380604	-0.45132599489925396	0.10233692940988862	0.12553189961256303	0.8796170450667473	-1.2949673319415564	0.8767165331030526	0.6018174583091659	-0.6581642216663061	0.002964145723517092	0.4501717912154613	-0.7228997424170683	0.5234260102870308	-0.03195550917428327	-0.2324276273455374	0.5626674114909037	-0.347407480346433	0.05591410560584548	0.12009540654404825	0.33343955035613704	-1.0192860534502177	-0.42303132424569556	0.08502859328004769	-0.5139120595641932	-0.20902595832186208	0.13449342692004393	-0.0024788183064450133
DTXSID4044371	-0.6589227827039852	-3.632606212052554	-1.3168146801796916	-0.8596935686179138	-0.2161226289071007	-0.5083531651873924	1.478636226413652	0.8951189112212774	0.6383791951890537	-0.4303590991317101	-1.353201367154459	1.555117972646715	-1.1968837265057128	1.7453144158061729	2.6371640288129456	-0.578685396754407	-0.3377167996134449	1.5234788292833779	0.09085316588094282	-0.36982974536099994	2.268458832366695	-0.7127173839016111	0.09513669233945868	-0.5805692635920027	1.9859942920379408	3.7569591919291594	0.2477568006378954	3.1660574232540935	3.0815731621379294	0.15123855349107254	2.7424074733371806	0.4779752677132689	2.2170897093766087	0.7558252684030629	-2.590585648583727	0.3596990682273282	-1.688227838418544	3.925055407526397	0.46112507921123713	3.6043809072500514	-0.41139270459847493	-0.40555991610389786	-3.892977927221387	-0.2840034054014441	1.1986827708420158	-0.5761382706114664	-5.591023591066671	1.4742639683033547	-3.363308014326213	9.440682233730978	-1.5356197720214655	-1.2631834456725919	-0.6401549009001424	-4.67902624428374	-2.484501572572841	3.022749315454754	-4.619054463291426	-4.7408793695036495	-1.0471302820860509	-1.2479378310671725	-2.6637004447988217	4.460046156876536	-4.187918303879928	-0.27963450073429735	-0.4935937272082006	3.403278427722587	0.025652745892052416	1.3428896561144255	0.14060895709441049	-0.8537795571781874	0.49360801046208885	-0.5412081287721775	1.0240710334327667	-2.8522700916771684	-0.19653077995880563	0.325206490929236	0.10663973683860889	1.7833734054082897	-1.7155013123588068	-1.3265541881952205	0.6855521508289351	1.4725382439553318	1.02567328680598	-1.1675432289793732	0.5421169914263037	0.2557882787455382	-1.5838613853328232	0.5128705024375976	0.31452506377157957	1.176840450519954	0.9839441424972749	0.04599104118250776	0.6074091895067728	0.052563720368669145	0.45205209372671057	0.3499280370208445	0.368987250041074	0.7646645153606685	-0.7692687811506932	0.015901587070743316
DTXSID3024235	3.430894750461906	5.028835202313308	-1.3120033334275902	0.3333421892263492	-0.49595342087640987	0.45789116235475935	3.2130328780703463	-1.4543354166302473	0.7616246402891641	-1.9160020931761115	0.7064387995735398	-0.29881251994463276	-0.6871944117879804	-1.2857090717103088	-0.05299971524194224	0.19873751510119803	0.5410920878961112	0.31227746410982954	-1.2200986931912343	-0.05790697979772711	-0.7673613415644028	-0.7187596804511295	-1.0930725654148392	-0.37917797424931005	-0.01961599684066665	-0.4505876327750144	-0.006556588238205392	-0.7701426568787926	0.6144309703137171	-0.4246542108174292	0.052824285515346375	-0.617012099867621	-0.9853480238502601	-0.36892354001499117	-0.6825943870924812	-0.2633548127332241	-0.4752870482681901	-0.3847085282432519	-0.4762096676963964	-0.46790670855152683	-0.2396437697286913	0.5037021211037546	-0.42527222866982517	-0.5171213267154455	0.2609455754500548	0.22708157210616065	-0.34651798966388897	0.18991288828729253	-0.29434944089769727	-0.40514564163810757	-0.52903826901716	0.27213138327519837	-0.5927059613736044	-0.17980949436646163	-0.21116222841546378	-0.37984764431594886	0.06193197934401309	0.3041616271701036	-0.47472611346567967	0.4771056085544563	0.11653872319549993	-0.20305686358004707	-0.41897201214477114	0.8121242741871936	0.2831460333459029	0.2053757844881302	-0.869139218872287	-0.4887845472504448	0.3640177964881124	-2.11520323083579	0.3691661258454752	-0.7355160282849864	0.4975964139842342	0.5470990245712468	-1.0980917580269143	0.4627950229642931	0.48473655249858033	0.2539388092172173	0.891177590898272	0.0832225342345712	-0.3395561676067639	0.9507740720898847	-0.16693132011247647	-0.6608893280882671	1.044144585458399	-0.5935585529286624	-0.8095245041857991	0.32567245237352893	-0.31441947014334076	0.8251022367634645	-0.5265526739715644	0.11884651654489463	-0.681631799060251	0.7449554399157046	1.3508592481571362	-1.1488794337295893	1.8149008419405104	0.6927002823706502	1.3834845875143802	-0.034431382646497075
DTXSID6024127	-5.514244314584497	-1.9981907369805234	3.2759673854140714	-2.652619561507704	-1.3611223675379578	-1.1313881762108389	-0.23887055596779003	-0.7584325928116705	1.2795770944210059	0.3662602352858349	0.3024619171456589	-0.07831094734796525	0.8108163181418839	-1.5803172495631834	-1.3797185678949921	-0.07872396275245157	-0.36225674231060356	-0.30603001631318566	0.006475340369851375	0.6962173785647453	-0.051065196323682914	0.5014136093809304	-1.016942151005341	-0.5296218112198969	-0.016780518453996557	-0.05432306284674682	0.35596946664297924	0.1031697612959748	0.34700742732191764	0.34364736519252487	0.5698380818575323	-0.36903613944227154	0.030943419484427203	-0.13724092301580615	0.12946627233980978	0.3657184919771664	-0.377358678835928	0.002195691637591348	0.007888214742537389	0.27450938623328625	0.08661002902003714	-0.07982138464725537	-0.31793647736400693	-0.29041886750547236	0.08149104489011766	0.20359768315204527	0.057446708447695186	-0.2127855327104296	0.158758287664165	-0.26575265562843453	0.010137178689199167	-0.18987643270268023	-0.1777619974114283	0.13077486056990445	0.014998224242030069	0.06449725823476696	-0.17091862710009503	0.17789956079241934	0.0893662728058869	0.02935681033225535	-0.15167058032465167	-0.14449593837924848	0.15633014633752232	0.16676808574910088	-0.05503432309684985	0.3614955112813838	-0.38409083750840334	0.11517197770705298	0.08701666264946847	0.22903238727405437	0.6503436103888871	0.10026923205200719	0.39612793856703776	-0.009225373755710748	-0.08126090044227893	0.040007894420465845	0.3069851365006578	0.0668088197183264	0.2222468869099679	-0.1422430757636555	0.348641003233507	-0.32906779556648763	0.07453801700650067	-0.045884708038950464	0.10286917316426782	0.12545224199693233	-0.18111166893003375	-0.3106370709495708	0.028050846152902622	-0.017599210292296694	0.028836013595901946	-0.05535838754921973	-0.06121188936894755	0.19606245255931765	-0.25866765359575966	0.22895198590606847	0.06489352347479993	0.2544503605947492	0.31243586047967575	-0.0032489602967719433
DTXSID5048685	4.357549923485919	5.252182343793689	-6.041534369001506	5.770905859511883	-1.1063922558185761	-2.2319507382953527	7.764575718073143	-4.288333077350302	-3.7462928354511082	-1.3628122326822576	-2.6778836123757785	-2.3799999528593134	4.854177147209369	0.5693773241309307	-1.7135672368397408	-0.31508426265704864	-4.378698524993607	-0.05796734984033446	2.5596628823014793	-0.05533443435615492	0.19253443814172502	1.5844551110104723	-0.8769409250297455	-1.3072811863561065	0.04683507416137649	1.5412469449016615	-1.5074769724536101	0.3696683461285596	-0.5448902236057769	-0.3675444418441084	0.19342946529182517	0.2241136682732975	-0.6111503834828739	0.34197176810365504	-1.7617823749863362	-1.250088029867954	1.008448707763441	0.6980844802183925	-0.2258505260097143	-0.39785987409079643	0.31796559445336026	-0.12950542184857597	-0.10904554549545895	-0.8434994829973465	0.969563805521438	0.03649920859928238	-0.6969912599961438	0.6342467058515759	0.47734811357698137	-0.24735891091740295	-0.09098127006587925	-0.003894261805354253	-0.38532673123499905	0.12130894872565291	0.43644464309565195	-0.4627820998006431	1.0212944446862555	0.2913425672139875	0.8746914694149958	0.19458059207757827	0.1055387695502377	0.03690736688003091	-0.9778370787406002	-0.3064001453618787	0.023482724373717453	-0.8228884664563137	-0.015656595103521284	-1.3139612653795718	0.6238644684796305	2.1390459787203158	1.1895650720621946	-1.6502277523715811	0.8197660448036976	0.30338179837599777	0.3206642256084252	0.006467346277135758	-0.48552999013921566	0.0473107525679039	0.9634168804629397	-1.0789133082200475	-0.6446556051475519	0.8585583785769054	-1.3077028906908854	-1.4035374854969935	0.36849698302226624	-0.14632272398028315	-0.08748361535134189	-0.694532678105982	0.421892791472596	0.576250612326987	-0.4456746172602435	0.6402282939855163	-0.5745324952178392	1.3517095472681546	0.49352592231199577	-0.5125065648587352	0.6237727869911218	0.14881426056743874	-0.3764982363233004	0.53184903513112
DTXSID4044878	-3.192573311463708	0.33488781297840015	0.7814791069193056	0.3751775868878676	0.2576198336132658	-0.691873259735766	-1.4998153534139216	-0.15698178993837278	0.36379440390881157	-1.8359404038870764	-0.07133755412219599	-0.21048456806522903	-1.0453602529370178	1.4381127911731335	-0.4646047792949467	-0.15388024824684038	0.8398340026330794	-0.23274735741969355	0.19917160820046684	-0.5993042373041387	0.604271837864766	-0.3694221450910083	0.3644109809689859	0.4135646951419538	-0.2898746387368675	0.1548585363112321	-0.5057282090708339	0.07856125523563492	0.03283501138307683	-0.4394029815419256	-0.44553265506343653	-0.06152684017743106	-0.5281211410742179	-0.525864239096049	-0.1974516839382802	0.2490415956075702	-0.041616378316048384	0.31338962905931883	-0.21548854921386598	0.26591866835134315	-0.07590520112700407	0.08361692916784313	-0.07657885993409547	0.18010345058846752	-0.3860212598953741	-0.03221603331450734	0.09806289216213825	-0.2663123059243838	-0.10442355792057119	0.12630526503021627	-0.03858967573934647	0.06226366049699844	0.15914392293970323	-0.295557400767251	-0.1744475220072063	-0.12136541684272496	-0.15575667850119934	-0.0030292312804490818	-0.2083484789928264	-0.13942278380460094	0.18012538819927493	0.05178795556566738	0.3034837368683118	0.5009370760581457	-0.0400821558868387	-0.5294101104583067	0.344342481166161	-0.5159202628348009	0.21815383455706003	-0.007248999291971303	0.27556155880822353	-0.320469827109186	0.018545266456578977	0.3822846971779017	-0.6787406740267796	0.2613950741927399	0.14164979558219382	0.32979509463969864	-0.191678815980134	-0.21832403912936416	0.22036986748425194	0.09717091894102885	-0.4517182153584004	-0.05051921840015037	0.177443656341268	0.2900460152080596	0.21795341023084883	-0.19040858316559633	-0.0055982984440014795	-0.040570166040147584	-0.18514020032407502	0.04261857538624258	-0.09230313457914584	0.003156594090905621	0.3331434687083303	0.18998220033842975	-0.38492059636477005	-0.016482862929262165	0.05955667095497775	0.037779677529158076
DTXSID2021868	-5.616233155453429	0.6128584770839632	1.6068512786114357	-0.08904537436561702	-1.6571673981557744	0.21032857547115333	-0.9794123621021903	-1.4570203654059826	1.8340136800915412	0.2072376282312519	0.6611541061124452	-0.39140319861288175	-0.28472349934422153	-1.6666674219609858	-0.34569274786545573	0.5223369919590739	-0.1521025432409555	0.0226595380079421	-0.28095596055204236	0.25568354338632143	-0.4501427883114725	-0.02174425593885965	-1.2327391917489166	-0.6930278039165421	0.8836791140156357	-1.1368787963650329	-0.5264514196567929	-0.44106667922718645	-0.11114242923529447	0.02126258125032051	-0.7706971606949804	1.0364204836786346	1.131917370526189	0.6371659742955863	0.8955070848532383	0.5895629885785099	-0.5305312033815166	0.07092434529269322	0.20961745454868705	-0.2762979137299327	-0.21057060079856366	-0.42459416384512993	-0.16218251240468096	-0.2233771920853822	-0.44159267082086406	0.5350335279414971	0.16512631762797472	-0.016716081106824085	-0.05924055371258892	-0.008699843218157456	-0.10749839521653419	-0.19646238813555036	-0.037702509915767894	-0.18762435017004814	0.2891231615573248	0.6021679373176758	-0.6386561248074342	-0.03825482032268429	-0.25208985990467464	-0.4075164883259882	-0.09566798767145623	0.3814103143312943	0.5070245401373424	0.24193514914408537	0.009319426542056638	-0.3992633273302673	-0.1151527050079242	1.4098080399069406	0.0038764711579492603	-0.06937662338436355	0.1579489691784455	0.49247065075443475	-0.45549221568094783	0.42970373206284695	-0.07445505593377491	-0.14360348316177968	0.07758098715622276	-0.31096444629502573	-0.02227525774820868	0.6587991047931939	0.5913768082741951	0.5558851566424259	0.09484932634344642	-0.005943136808389466	0.15185114362139665	-0.3444223595760403	-0.4524406162671582	0.3325872715187541	0.5479168533066566	0.2884712828524915	-0.2954788462117582	0.45216819533975927	-0.12630646278154212	-0.21862455062400327	-0.42267450815796936	-0.40625930401875276	-0.047877521653985	0.13238675454462628	0.08900720817353536	-0.37601142684778727
DTXSID6021165	-5.341018206830892	-3.4002799149338845	1.1277636016147914	-0.03301034329306023	-1.5396037686383455	-0.5903675043686736	0.6315539942505204	-0.0017668359362536814	2.309857695600242	0.3923809636708746	-0.21576013133754965	-0.5285918701111688	0.2482765755748346	-1.3885986976266087	1.364360524730426	-0.0875104735647932	-1.4940926174564337	-0.43748503671959543	0.395421886147536	2.782278950496606	2.1174281702018165	0.1455437309881602	-0.16291129920199296	-0.25650117810383016	0.22343241296019722	-0.3369299063031256	-0.9415080765881867	-0.16564249477724688	0.3992258521744663	0.5063289129952125	0.38630681166419534	-0.4997974967328643	-0.4151805112869467	-0.6825263752154398	0.31671102064955414	0.6697144569490135	0.8716417022992188	-0.5046653531295393	-0.13708449435416725	-0.7932822641375932	0.3240912369092292	0.14572040658568688	-0.3477333182932852	0.39433437701187735	0.3253235461583875	0.3939428769053456	0.45690075862557356	-0.31607656890404756	0.0892074377430788	-0.18419943814714496	0.008074833406876347	0.060195021005266414	-0.38069223415671194	0.3763151672693934	0.5125649353619788	-1.1823986312457992	-0.3349436800770759	0.06421810943586619	-0.3217164831875956	1.237929617476819	-0.38116326260648403	1.1812250114903378	-0.722397735916748	0.7055358501772173	-0.9243677125762821	-0.2616441720079034	0.6574089677934295	0.5815847237101603	-0.10172351915260469	-0.8731754852425787	1.932203844095846	0.5947142349688088	0.31136656785533956	-1.4207555322665328	-0.25094700530183006	-0.18956301101379547	0.39250947842616574	-0.8126436601208825	-1.363785720770446	-0.20527292692863355	1.1873352651399207	-0.2471505531643949	-1.0768845016734496	1.231875221951514	1.400204208497396	-2.5285076968597564	0.03424599310820312	-1.926760708025769	0.7595129031384316	-0.3725610627846204	0.7774968909892844	-1.08731872101724	0.5769537197071034	-0.4627576833193719	0.3141702767204928	-0.013083065812304465	-0.14546057184288388	0.13313038335846814	0.5401814002815087	-0.21876649356850447
DTXSID5025023	-1.897122055883494	-2.5977579944671776	6.135403330605321	3.791763612029831	-0.5588691447681428	3.3294512011723616	0.8637742156969677	-1.3462379729497267	0.6597299688063436	0.9878180003266971	0.08514195026977248	-0.8063217950267693	-0.6028193454126103	-1.999836858982092	0.8886759247699403	-0.8444187631992718	1.3959546776218854	-0.663477007298306	2.1761442561903586	-0.2973074033222854	-1.1894868765842352	1.1578448826157028	-0.12213395632090404	0.34128050647179103	-0.058879892366115724	0.6665406239617054	1.9277601544370961	1.1916953654934457	0.8304730378865921	-1.1187599399165151	0.49490774589566605	1.7431128797836708	-0.14800493613492058	-0.2920305239166135	-0.939375365712266	-1.456069849944598	-0.8496819765959747	-0.9350066380877742	-1.1320553494335563	-1.29525609925754	0.4372103674365308	0.4462058994673147	-0.06536125151299786	0.9418921287303312	0.9539496674146452	-0.5583436430843398	0.6697918836548296	-0.7555787195276402	0.19561511106537377	-0.38280313995306914	-0.01305291492739777	-1.2798036837091866	0.155241408240468	-0.14265267693668351	-0.4082335290125584	-0.39488517078434804	-1.3752567188418827	0.02919671603855458	0.31250402011048933	-0.1538753815210232	-1.2340751670059782	-0.07482728463591186	0.37052663697271915	-1.153333510870692	-1.0746441267571551	-1.2028710224310257	-0.5090156941418301	-1.8827780567773305	0.24670782291091062	-0.5706045679972929	-0.2817302431658865	-0.7783680010291288	1.0105955142056562	-0.1874374958353358	1.1683166211473797	-0.41423522378513256	-1.6717881413559255	-1.819704778785995	-1.8111961628694555	2.6057724443695087	-0.16773579714545025	2.217261671885584	0.9587671862487683	0.04979785768171935	-0.16111931050760853	-0.2179328222814819	1.1094333418857443	0.8751005539358643	0.2957455236055583	-0.49592538818054377	-0.0888902475714539	-0.8751568009889986	-0.47112267460163104	-0.5728063570042795	-0.5281037957711464	-0.3099562119527179	0.2569323879480376	0.7860493458917545	0.6650946226516661	-1.0069855168418744
DTXSID8037706	8.659132394847855	-2.217753825788247	-8.964349100720145	-18.555462365343086	5.444609317621283	15.375414897200757	0.9911547614540026	-8.330451805899274	9.24801176846534	-0.0803050290896178	2.7516833800354408	-3.580119835764957	1.281922445520855	6.19587537299959	1.2406457157412427	3.294742464769947	-2.8474686066722734	-1.4970107947404396	4.52450421367672	-1.2775267112353532	-3.1885022682369066	1.2190377671621384	3.2184253495851283	-0.626600030375988	-0.8078740690673252	-0.7373635695897037	0.3051588146178159	-1.8706076365830577	1.3328109236850345	0.2379561028588927	0.5929895768202678	-2.6508179664208686	-0.5311013553271745	0.06346499085673164	-0.42191665732007183	0.5795825080114249	0.6582770772781433	0.9247165720279943	0.2508275671236797	0.9435059885577486	0.5476883172157174	-0.18231890488554336	-0.09936161029291615	0.441793749347206	-0.35700468283430364	1.1895745129606736	-0.8256245546624259	0.27081978615949687	-0.09508886883794931	1.0264842586486216	0.2554261520668778	0.5621537038237666	-0.07407151914023417	0.5352293502568685	0.748498452381074	1.0522618982143976	0.9363150114230332	1.2202074866048676	-1.0927970361379429	0.7271009638783602	-0.19356079611733432	1.105930261542879	-0.4080360063438188	-0.8579510198492222	0.13691138845703846	-1.048639010290629	0.05873470608965596	-0.5533901013617436	0.37915388832672814	-0.57606238541267	-0.669016989128529	-0.8414040751297559	-0.4341090663804952	0.009563561331635585	0.9749317458564666	-0.1659808309990201	0.9717111452433176	0.5656721254899685	0.9376334792391041	0.06327218126451224	1.3969278651616572	0.7801431689781589	0.3268514761988144	0.5608090990088566	-0.049902802894984076	0.16931484995496243	0.40674728849934727	-0.3902420460759985	0.718430419952724	-0.3282348135405062	-0.16249330960151215	0.5178857920645705	0.790129382363226	-0.09676942780026968	0.9801935377376947	0.28040301620089714	-0.4291964805973652	-0.40591725772496223	0.47035341274278714	0.10349021373368297
DTXSID6057663	-1.4396204603948932	2.531140841217226	-0.7541268356194715	2.063306428208269	-0.12752450687659617	0.4302627531871039	0.838567987763568	-0.04765262836410421	-0.3407286697033136	-2.0597301104215733	0.1455114613031099	0.3239015333409179	0.3167033195560567	0.2576960701271093	-0.6904732138450888	-0.14743048332429057	0.4091311151102743	0.03766390331629949	-0.03610525625550936	-0.2741955356210672	-0.8841781311168158	-0.8103359307866516	0.2247540859624296	0.442067107102946	0.13730059461798724	0.1866519187136985	-0.53979029461108	-0.29335913812036396	0.04622043198808517	-0.18058726127214256	0.3604410326625372	-0.14572465447073218	-0.01655956763258771	0.19109771543146317	1.3163578463528647	-0.49371140821898707	0.9014369950446345	0.5165473682020909	0.15410967476403725	0.008421981540137713	-0.21738542951085763	0.2554882740631178	-0.3571439442472527	-0.48060546486630196	0.11668086558899755	0.4062427300286043	-0.2528186164031005	-0.3768258572448621	0.0023379578399613083	-0.23656209911874926	0.11426315258617893	0.024444313468765605	-0.17480283164660337	-0.26104316639900427	-0.07105884682018102	-0.01688851639870537	-0.13307538843360558	0.11052999588375949	0.0337208731168403	0.02127084812500621	0.09585131007350584	0.3965179375616554	-0.5526579507720131	0.006578088230365787	0.10353396262386112	-0.10112774316982394	-0.046756603681429566	-0.1307194448910056	-0.19814426576475683	0.42389929533991333	1.0219305365419626	-0.6433646204541904	-0.15383868588546615	0.6225044108772635	0.22538506777962675	-0.18898345515263582	-0.3824706614475495	1.2676787771676492	0.45493190841273434	0.24309049047897474	-0.5135510215374295	0.8120270130299275	-0.4693081804912521	-0.6160803069883021	0.07632466534756881	-0.5132272866107581	-0.27904698593834454	-0.1635404629858962	-0.050393295782421285	0.9306094774077202	0.608462383720212	0.7085285280995977	0.46059645064265936	0.5735009665392319	-0.5423551119448391	0.4432840033545655	0.6761046546686248	0.7912594845596553	-0.2188138855264368	-0.38149946455990347
DTXSID2031089	13.894702232453142	8.158411520990944	-2.5690042970694087	-0.8846619658077118	-6.1969552612175125	9.056377595818155	-3.6969810228763085	4.004557764989512	-7.687897398103242	-3.176000946856418	-9.019592727170616	0.5450385579726768	8.358957546285067	-1.6648383007349652	-0.0976792884096516	-3.522304285577392	-3.3816713647018632	-3.7512153031510653	1.5508924025003363	1.2355952975085622	1.9708263753913706	1.6325979582968195	0.7596857606040742	-0.46154114288050513	0.625465325849895	-2.741532809217109	-1.0135061330476174	0.15160470436063	-1.1579759982630087	0.830250279075143	-1.1034732186614211	1.194425095902791	1.2422769020028954	0.6945657133230321	-0.07682628449712761	-0.9300172022310019	-1.389695597931905	-0.02403489449861088	1.8597464285031	-0.33612728814286075	-2.72600255212084	1.2317698278434395	0.4815393125430555	1.0454572144127565	-0.8161914251803031	-0.17432734588430993	-1.9803831528395484	0.6430406169549729	-0.9758908279035305	0.5811828776463864	0.30634214443369373	0.9664250860226797	0.777445407472142	2.35285680981635	0.5497981780454358	3.304765936362273	3.9961338734959373	0.5691009222020671	-1.142513697687467	0.669650651404341	-1.5527585717585966	-1.4331988771009703	-0.5239856392667183	2.5175037546998302	0.34993213611070634	2.6311028619166827	2.2573936396008736	1.0368952175794122	1.5289189901192355	3.3853430803612996	-0.49133003975736406	0.4163053376234998	1.3351575889001412	-0.8398977405349509	-1.4903006970656876	-0.5542748327771069	-1.6875804807291348	1.669356560648829	-2.29327623573945	1.8296826059365177	-1.3267234708006588	0.2353858795228459	-0.4484656546010209	0.6805756925544338	0.6973661985801962	2.17356722452636	1.188345240777904	-0.9379292895644561	0.48158309058221616	-1.2152921949345585	-0.47529125977850767	-0.022862140857277675	0.08308027503903699	-2.7591065972115696	0.9022501094301094	-0.8210438934009494	-1.163379856927231	0.41244939909444706	1.653174717424406	0.04727841363835971
DTXSID4048804	8.924234595551452	8.567198769618326	-2.5034796006970743	2.5775293190191246	-2.7508170032432915	-2.6267167418827766	1.6219573928501099	-0.2685338225288082	-2.907037944790149	-4.8290524289918	-1.9175511415072164	0.5247848718311438	-0.7081886511501594	4.710271736019195	0.2638915590990263	-0.1391271173346954	-0.3227484393345494	-0.4705338275866552	3.026326124936126	0.44739748705390314	-2.983117082484256	-1.5742051241699557	-2.9976742206904405	0.5057616439821419	-0.529634322132104	1.650655499783494	-0.15005642461870702	4.85136851111221	0.12393285934006952	0.9616471169467632	-0.24711957952282637	-4.0166613310293675	2.1466295260211554	2.636964981187239	0.5677816821694858	-0.6398987771627159	4.7063601310493715	1.0897815807027103	1.0566288212587038	-0.8711045079280445	-2.0646497141283473	-0.3079160872736408	-1.3996285504112893	-1.359440312765014	-0.13359852120164134	-0.5403845933420074	-1.564966601418675	-1.6593951781882235	-0.04662757400599692	-0.3084223848917121	0.7584235586586643	-0.06021352098078244	-1.0722721397920056	-0.6616132345820492	3.5288977522503773	-1.0851965585918313	2.8575685768154293	2.4686371742193685	3.6691397484036106	0.08123455389033749	-0.8671579971840102	2.102054663971318	-0.2584650412772598	-0.7921386947803558	-0.8700610215481196	0.18218650317937427	0.02500672028190968	-0.28588206783714215	-0.5865116505829864	-0.5878484920265066	1.9886806178995027	-2.1947289123070512	-0.3938504125872258	2.207539511075918	1.7086431133344453	-1.176558381204224	-1.2032847271242348	-1.7702132313569867	-0.3934808427994817	-0.9933097278664489	-1.8699430673769066	0.9721291640168072	0.5253167957238438	0.8313057854028316	0.3027757524883689	0.3715992642658967	1.1911669709676842	-0.641056531681009	-1.9706180139847143	-0.9261327548329196	0.2063660059055372	-1.1730944156106466	0.565405810922044	-0.5559268255260019	-0.7248581861717892	-0.9850184582898	0.06689497309328495	0.3810584900842503	-2.0335584226990537	0.22192378724312972
DTXSID4044454	-3.07727917945773	-3.332953161586109	0.2851521940689973	-0.7834000512363201	2.443256738929226	0.7954961368626305	-1.5472784728103708	1.3661758575348975	-1.6221816737766899	-1.8141898574901716	-0.5968737539275294	0.11442962232279821	-1.2523905550230987	1.7860628132400993	-1.7110648756757256	0.6534492454522065	-0.954964974230879	-0.883024717651135	-0.8707467399621777	0.7626844714624197	0.3993252045509148	-0.12053625062783681	1.3447188041486748	-0.6488007732195247	-0.06303693683799551	1.0439528346570548	0.5774995714990803	0.4830292713383923	-0.3947652385008762	0.1289641863526349	-0.22275284903596793	0.8929176946140965	0.8541977350984651	0.30175034893810077	0.9777206178438086	0.44810593218135264	0.5891349323518728	0.2924725907302384	-0.09953907675051685	-0.08742800009969517	0.1332058908492569	-0.41206689650280326	-0.22069708204537986	-1.0000659269088048	-0.4355308675807224	0.02175966241696454	0.12590315030549637	0.24827369248761255	-0.14050236163706611	0.018430217245742515	-0.014558140306662014	0.4029583715902545	0.17346398213401976	-0.11296051138999023	0.29966708714456153	0.20520824094348497	0.5717195653114674	0.2963865714604258	-0.1420634639916561	-0.34414458348019555	0.04200864952773827	-0.11747127058460072	0.2753984208336893	-0.171168117616691	-0.16249051736896372	0.22440710108070575	0.9124131296829772	-0.3508029611932436	0.48287925674303417	0.292827754418743	-0.517732266162919	0.3141272591785104	-0.3440689302506958	-0.747868407640396	-1.2966736443206168	0.08691080925935066	-0.98750765523296	0.604572985630483	0.3798852737267523	-0.9183576036148702	-0.25944126001021545	0.4435312706109224	-0.43379397153857996	0.609683890639308	0.18473661710539638	-0.3230955339630861	0.18699188098562666	-0.323791224339408	0.11541593411707596	-0.029713445359873265	-0.27491970201719723	-0.36176894341271976	-0.2894388207003899	-0.520328969826969	0.01763123739188267	-0.3924933315515473	0.251773353754524	-0.1455210475453988	-0.11740722736389762	0.05967911099009795
DTXSID1049302	-0.9925953053878254	-0.20178195033131494	5.216915656395986	-5.660406015735284	-2.0243368210024504	-1.7133792123885048	0.8539476442992404	0.3701614243733423	0.8638328479145613	0.9291596434240748	0.6287421440941243	0.5455876477953532	1.8847090701888853	-2.848855254918903	-2.712151269414068	-0.7637674702963062	-0.43269835783248917	-1.2399054656920423	-0.03822315862284201	0.7384900630796443	-0.24021323914563875	0.6993954760104862	-0.061100031999958546	-0.20202261809137165	-0.9440050445546352	0.21537178811044175	1.0335919954662218	0.5777405790859801	0.26062899138677087	0.9771699256725077	0.925353907133725	-0.8419146107543171	0.18046302945797937	-0.3150211372522876	0.2567968376195657	0.25056879932294246	-0.6362366798009507	-0.0725776497696757	0.227409982963534	0.4015141213258509	0.07804018345011955	0.34044644057295503	-0.2654567815861941	-0.032087582538847054	0.05906968027475561	-0.06481115792610799	0.3324573550944901	-0.23884998519239836	0.09935417379521852	-0.3518631487639485	0.13784872199085035	-0.05788311808835394	-0.04693357393609605	0.27793889193377475	0.03896773651727832	0.1862382519403126	0.053856051641256925	0.23754196157024804	-0.0049798927598266075	-0.22858322836517697	0.10130370325105437	-0.3523561991569694	-0.4473797763375331	-0.2811555623353544	0.31606813869348444	0.7129163604753284	-0.31026099205677227	0.5717419679761617	-0.21827346807647321	0.3055136130570025	0.2956516723582047	0.32051031742926134	0.06468907136802184	-0.10407234918119705	-0.1774778582030702	-0.13443088015290566	-0.2695768098828707	0.24713449615987487	-0.29410006118868676	0.10405178740844342	0.2944458251177686	-0.5005566872328838	-0.49606774096181766	-0.482334508788602	0.29049855395751284	0.3904101171957918	-0.4077669301356571	-0.7091634749284841	0.16637511408868363	0.050535692560674646	-0.19101103621732318	0.11840451140528511	0.29331292467172454	-0.21307626224073697	0.6460170439372154	0.3106274381674134	0.4187638568439761	0.7960732774298532	0.21672965572179687	-0.32345616723880993
DTXSID0042086	3.1042301221332287	-0.6651150105822586	5.78008679551321	-3.4825965103459833	0.4650656273583025	-4.404984190136014	2.293948940912549	1.0039179440189696	2.8196909363124827	0.07241044404265437	-0.3018651019039098	0.8917130958683765	2.0326738510643345	-1.9621994080508716	0.08555282460132158	-1.925446779553041	-1.3090591544542478	-1.4364761507808572	-0.41822697802129133	3.3179449130399394	1.1975271719839171	0.4435379489522015	1.1939699252152902	0.524425591205087	-1.1076426851059862	0.6671914266565854	0.5297488126217339	-0.31436340632170295	-0.9154324796980667	0.5844118002587658	1.2187038153917422	-1.5735848921590745	-0.9718817194275213	-0.7533455757940719	0.8802418208016519	0.28755029811560173	0.23278560795712705	-0.1214822117822488	0.3490606153806631	0.4639563686798414	0.547538974561289	0.4297519425056948	-0.8885445596094608	0.3451689547643166	0.5796740649078503	-0.20323089298968747	0.6883218701351063	-0.3284491786026314	0.08731632563792802	-0.03440963304290592	0.30998791762075306	0.3271076006321592	-0.1632643077579973	0.11783892388809844	0.028863569674565197	-0.8823315155387538	-0.43814578579527497	0.13963097835460325	0.4440746860272268	-0.14534214572543996	0.5302683154895385	0.3337778703310975	-1.1966837829650625	-0.12996709675169457	0.1258718353614303	0.6822867921377531	-0.25270108688371506	0.5633074412838873	-0.30453623602447216	-0.0897058997272987	0.613019016865079	0.1510046681918184	-0.2661413272799189	0.3719064501893882	0.3112290153358153	-0.1713150824260276	-0.9154545391081738	-0.049953893341114	2.6391655639789544	0.32528489217660284	0.08388083807775933	0.33327304232761906	1.0242648913255519	-0.4105017473910688	-1.3293628929221937	3.5626100748612037	-0.6482136868741114	0.9852326955796277	-0.5562899972836726	0.2060576909763455	-1.0519240057456452	0.9564821174753544	-0.5780544992452045	-0.13279558607164924	-0.13013907786510504	1.0089416151490456	0.1595193893339849	0.11603885046561235	0.08153029240730225	-0.19115841444395892
DTXSID8047428	-1.6913167487205651	0.3380901971387398	0.28558075557476753	0.3957232253849061	-0.19690671473365923	-0.7939955234939314	-1.5915757735337523	-0.5928812380293106	-0.19631830922943505	-1.9950874762014	-1.08218332733215	-0.21036514172019088	-0.7694882368961231	2.1307645674474927	-0.06223529834299863	-0.027319634659184758	0.9306133670925341	0.11066351315971812	0.41478544943726825	-0.5474833474585691	0.1529142523934854	-0.7447754294409218	-0.05233241684007079	0.6166471522810855	0.3740303232492774	-0.4453270588945752	-0.1610107481465015	-0.37716258616300474	-0.17997984043253076	0.07640285013525362	-1.030047030467301	-0.27925833620378326	0.3252370146599043	0.1651206730012122	0.7481102163672584	-0.004578614312756689	0.44880486600046443	0.15473540621117102	0.06129912115278818	-0.1193401754140784	-0.21385276161335737	-0.2524522169075943	0.1288467217884909	-0.33226670773317835	-0.45047098385892165	0.03141462666120935	0.17890070608735376	-0.08427115194178748	-0.028373649374164898	0.07091427965801085	0.039688700864266006	0.046202292192793454	0.415236544008902	-0.5164967014933037	0.25642096240914897	0.27544546312739077	-0.3183911417772936	-0.2801870196399973	0.41965083541399184	-0.04594862681851418	-0.009154830337209232	0.20205608246518003	0.1977569414390451	0.1769217763172587	0.23912524559840223	-0.1290222720581866	0.2932862463471645	0.11115377067512401	-0.23112136574614656	0.3956395326752211	0.9256400504848751	-0.46031422630224716	-0.24561639810263297	0.4353471887869269	-0.7381560377981603	0.5341710407779127	-0.4932124187091825	0.9388211906561851	-0.044150809160726084	0.2648054668219078	1.0043262946221485	0.870846316245505	-0.1492892442144696	0.012522950862608781	-0.0603172171316281	0.01715479228017332	0.5057644077119702	-0.3829882992243735	0.43127094193786536	-0.17732711203881502	-0.052658906432618974	-0.325399467410357	-0.07085237584886578	0.08432368432851173	0.17113025197623521	0.3587214211988029	-0.13330209553040875	0.17925784956313642	0.22973953857568288	-0.2230715676451939
DTXSID8048816	12.047848451681546	-0.38835856776835587	-4.464489938252428	0.21417568232458611	1.1345769563751413	-4.821255252743701	-1.3685691303209757	0.6625987621481623	-2.673274652886749	-1.7072935104244198	8.804228597855868	-2.01020323448496	4.914964388139532	-0.5966330745184251	6.983319385861125	-1.811168433189976	-1.4543000323898438	1.3155011218753319	-0.6233453978118024	4.556198412497352	2.503214346569203	-1.4282754333179848	1.8142689660770848	0.7723336336896337	-1.4063220633567395	1.7058556996382446	-2.154846256421268	-1.7966051394777207	-1.460655544173207	-1.4134774665151284	-0.3386103859933426	0.026254318767891183	-2.781949637822192	-2.40858888376022	1.6896957086433004	-0.5259522467691363	6.7674476611053604	2.234773416114448	3.3572953535787766	-6.413994615792276	0.7498004625572765	-1.3887030399266789	-3.1525276995276568	2.531356666300604	-0.1268503766210104	0.7625524150126359	2.309217823499367	-2.6065677534691334	-2.3663146056879603	-1.8519927610324725	-1.283477094146414	-3.5974505931693246	-2.3225159701464664	0.36826559406151305	5.210820034804178	2.0210792229694454	-0.5352491554194385	-3.0844738393176456	0.9563529560833758	-2.796043973466037	-3.7434108192862356	-0.29225230516077644	-3.213108590000963	1.2785911081431585	3.733227729631662	1.164920307265028	-2.7539327134315963	-2.9524457964823614	1.207578794263143	0.01189978518750271	1.0519634669152882	0.7375960709491916	0.9696962752762985	-1.5630434533871245	-0.17394610418863737	-0.9150132063279249	-0.8625240895816584	-0.8340183897589778	-0.3772070250615491	0.4984861409243338	1.244430861286708	0.005390192099871689	-1.0153872288178267	0.6377137097960487	0.8062226238334653	-0.19888557318905248	-0.6389451779829949	0.3174994010790475	-0.18267577528898574	1.3188860692775182	-1.476522149465843	-0.02316662599112588	-0.13592793275939916	0.12182189285601369	-0.393886254081035	0.8292444887007698	-0.022737369786907814	0.2905926556161765	-1.5426999071876595	0.12900973752604492
DTXSID8045987	-4.161739636736393	-3.784772948136477	-2.3611205308181806	2.515299783224802	2.5079713014922	-1.461625118062078	1.1044872196213706	2.2483431084781005	0.4439272885417982	0.846010057708861	-0.8810317876870488	0.7607434635553643	1.6616836911468074	0.2888270962146736	1.6374222015986164	4.634241830490207	1.7312684258885231	-1.9717328192125205	0.342773949526293	1.9614286665006426	2.129931948663096	-0.06702825646715206	1.77258941232928	-0.6000193387378562	0.4726465187059694	-1.5199256329619084	2.0248753712496854	0.6282276295732004	0.8729339281364041	-1.443754606832239	-1.4241880811206444	-0.026654877632061834	1.2307138720785493	0.760738908537727	-0.47162837627751625	-1.1546983454623838	-1.0545504499801799	0.462686624886864	-0.1734080801343333	2.2867843271641806	-0.07142423404898808	1.7919621305713822	-0.15880104266274428	0.2625342046148779	-0.24949343663978962	1.262635585687818	0.7598441642330612	0.20773006588354753	-0.12347556428665742	0.4485469913392794	-0.027075469688794464	0.6567267886311531	0.3820265238433143	0.2471416158709114	0.4906557390434306	0.415604873892781	-0.3559362135215734	1.974485094909058	-0.2421063431860387	-0.7975062089829883	1.3141144041987494	-0.1794301021426958	0.5934960739500984	-0.1850648601178724	0.20277459221453933	1.0203378123542906	-1.1443065332301374	-2.443558927378125	0.1005123725651407	-0.34595655849246926	1.95726042849886	1.3645770864293847	-1.618962608624148	-0.33601595332293677	0.7212143743496066	-1.8292504279381698	-0.6950212998188657	0.6194886458622317	-0.4273412603403533	-0.28326010475023755	0.6269796949498859	-0.25519322231479497	-0.39755848701639623	0.24400482141173888	0.3260658278032764	0.5481564100803671	-0.0975300542928427	-0.03640506539050236	0.07118211771005462	-0.218242213190541	0.4056956521751825	0.19532692470156715	-0.6634645497925675	0.0666353747284269	-0.1050449085207067	-0.2658349010925426	-0.13577589785679658	0.2795595756154093	-0.3450452422500572	-0.09690786863419384
DTXSID4020618	0.6331674539427108	2.7089393719460486	-0.09336803688700016	2.269547942244247	-0.9699236200195587	-0.07763196048469446	5.22099386454962	-0.9928895896544566	-0.6878294980702278	-1.7048396079153725	0.49789186531894425	0.9306183451107781	0.8760400701883347	0.07698367848730821	1.3953144475542136	2.158812970510884	3.655863784985467	-2.5776863672501724	0.5752002963132664	1.6390975395872271	-2.3904988082787626	-1.2880348014216594	-0.7189229221157711	-0.03388038530620588	-0.271255708583041	1.3983965516967807	-0.7192177656479063	-0.5170692972366462	-1.0872420300567582	0.12181451533454461	-0.9308254269493792	1.37811181528221	0.260918100391435	-0.30118045782042135	1.2806436622305095	-0.32417892617163263	-1.4976679567530962	1.4808555329206672	0.11188244373228301	-0.31872787739588887	0.24584797857104942	-0.6721208118296468	-0.6249682589012676	0.19232674208351908	0.5081870837020931	-1.1680520077426904	0.5695020223179528	-0.09632911247973058	-0.4651171797665704	-0.7433116490108996	-0.2049825278465139	-0.05457788291139031	-0.7365879616329434	-0.18046806476823588	-0.8101053491582201	0.1452125064617581	-0.6946904732807204	0.9166783665951745	0.6269804651144576	0.2845289338097158	0.40937963355797674	-0.34899504101707485	-1.440303640925247	0.9669440743793628	-0.0941507786227367	-0.5572511736296959	0.33115954992981333	0.24473238125291083	-0.08523656861990717	-0.5178123090842273	-1.3036493756858973	-1.8604175115579973	-0.543656653632257	-1.9734152764548796	-0.07219340423751319	0.7230085035114419	1.0442617047817528	0.004577142892730695	-0.2394036738340966	-0.19672547125341255	-1.078156537653443	-0.9329381262875568	0.08865973112878749	1.0822223593554714	-0.26331083995814175	0.6627136187716713	0.9193924036160949	0.23763693683748421	-0.16062092919569346	-0.48413219694218923	1.4224175214334092	0.164657742702178	-0.4475671749937314	-1.4307205634289608	0.7234039872351721	-0.032625143284450375	-1.2137268999767215	-0.7805812515548022	0.7606086011189681	0.34140513118149884
DTXSID4020581	-3.0414009165840588	0.2861987942945526	-1.304509221496673	2.182634211292884	1.4442421466958364	-1.06649011991231	-1.9333053408478873	0.7034467415325494	0.9933884178170834	0.6751789209128901	-1.6507708584719472	-0.3007476412973282	0.3233603946842049	1.753119169637322	-0.8099319594728478	-1.585068291026627	1.023332340463054	0.6058564488548562	1.068990807743156	-0.14418413443561998	-0.27506415289880704	-0.633786879234593	0.6360579175353114	2.0130510140981377	-1.9005767760070191	-0.11994050985952882	-0.18414604849044908	-0.664102877651505	-0.4398610440836177	0.10243837476144889	1.038910841165507	-1.01261028455086	-2.060289580989147	2.761597287498029	0.8559145219266888	-0.8515462553559188	-1.7014258719749495	-0.6898683455292252	1.2737694138768663	-0.9361157963016951	1.1536021175198996	-1.5977277253905038	-1.7921746665938247	0.17640828928689403	-1.0448939973432256	-0.5891283685413944	-0.7355228028207805	0.5056639064538585	0.2759472021517476	1.0668607474139868	0.478876752370768	0.7370462779515006	0.27026616908653955	0.3694417017215336	0.306604592809286	0.9759068363280728	-0.15643641915505466	0.8863212146132659	1.230025957393274	-0.09453358859264363	-0.5813739939380953	1.4463158704213923	1.8488129055148368	-0.2985661143305524	-1.2479084133036293	0.7126323904930093	-1.0792454178094706	-0.9539289570949383	-1.6037000942235593	0.08934609615790005	-0.4959789239917404	1.3204281406681198	-0.8143434109651085	-1.2517280446199108	0.34993079633348784	0.581970523404718	1.0539893898423818	1.7353248543171587	0.18270255528984888	0.7058004310592875	-1.0585926418512726	0.12846126179287742	-1.0634786815441677	-0.4063347178306958	0.85040812816951	-0.5443075130487203	0.7588357537849125	-0.12908770030336728	-0.2910027420571734	0.36211995013564036	-0.07702574705418011	0.022538042038461884	-0.18596697296262724	0.2251090267961895	-0.29232266622193404	0.22970229938110237	-0.05022054439353828	-0.008056109767245079	0.09808389490563167	-0.17302271086396204
DTXSID7020504	-0.2545062032727337	3.011887099398825	-1.2955869696499627	2.311866537952895	0.11015261068865874	-1.410770860400852	2.3302053904525084	-0.46558414936767795	0.3677581743270777	-1.0455935327933945	0.6703370299459067	0.5534835534781535	-1.050451424668323	1.2723756251647884	1.5121983682675257	1.0166546877675688	-1.204160784982742	1.0366731923549228	-0.2538182170908045	-0.22936147247333785	-1.6429018074653576	-0.07733530210797644	-0.6155532732683348	-0.29915221334461034	0.5677235730793746	0.32227896808192197	0.08289685325623923	0.21496047610070032	0.243342190070189	0.11341101472197442	-0.35235293634099285	-1.2400069029041076	-1.3564566554825788	-0.18071906955733155	0.8672688911805825	0.15729418047459806	-0.4150471783114785	-0.2847218014240512	-0.3330964169794386	0.3741670444265209	-0.8135649167874879	0.15038920784820312	-0.1627671406211944	-0.2511482182023252	1.02519627993583	-0.6970173561816727	-0.013422136458998785	-0.7224289219700282	-0.2159170704089208	-0.35331149384669225	0.1366670884378905	-0.35643223702564014	0.4536097532765557	-0.5848707744171723	-0.5339665761675754	-0.5407348555773234	-0.5046269908674013	0.23149125196024353	1.04676810777849	0.8252259947852928	-0.19403281773312356	-0.41162403544218545	-0.4833931173330506	0.47178217072074075	0.5838662611709275	0.5780159137436309	-0.24623427057527975	-0.9162605448537401	0.4523647709365839	-0.1519593374171315	-0.13550987539357529	-0.5203563893504655	1.1060578018715008	-0.028974379763937477	0.38466233543675676	-0.056993769165053325	0.4975655476993424	1.20047923312968	0.5975731721596912	0.43806264660378075	-1.1955309388885778	0.14765725460373458	-0.42498083465771846	-1.2420280609139256	-0.02639985578038964	-0.42796866398197586	-0.34557779509509395	-1.2965225742657887	0.22968838308309616	-0.7565453858428074	-0.49089461584241445	0.16772866429853467	0.05006938271252039	0.2265809619007682	-0.0889854474265981	-0.5481654768466201	0.2896853090865181	0.3262370089545238	-0.8167161747965176	-0.9009740432565274
DTXSID3045934	-1.4783358759946068	-2.5339885798345017	-2.5128950725057115	1.5106141062871985	1.0128669925273854	-0.739192166312729	4.179725428593386	-2.4338230213701673	-1.5197419913267072	-1.9568312038973525	-0.21265344247240778	1.943990309368948	0.27224646157766447	-0.24279277716583408	0.10879398232216629	-0.6525416258005615	1.017361637527263	0.40607417395177037	-1.186389297207188	-0.7473137432209088	-1.5454154868091952	-0.9996343694107958	0.0799586562910578	0.5227712187386354	-0.910329534463381	-0.6825644444438743	0.298743231757998	-0.9030260505314012	0.16331548913225494	0.04091271261437746	-1.4283346046144278	1.1675336111174928	0.0278867332756916	-0.09069709130091765	0.20755899124853655	0.34313422990035836	-0.5186636229790458	0.7336143877002211	-0.013169194448895498	-1.166258626312385	-0.9498927515881124	-0.23278913367173196	-0.603532885402894	-0.42606755683472003	0.10798026225217543	0.4444512482675319	1.3885221373989005	0.2950183838181912	-0.5200040915019194	-0.32316588039635996	-0.4848235993964401	0.37694506130144095	-0.5556402657595054	-0.21578353650051074	-0.22199535927160235	0.18671909221467223	-1.0663190306627557	0.6436418286851994	-1.1866152380026578	0.6243201946408579	0.12059740992647136	-0.12858970579657444	0.24186868729628624	0.3738600304777547	-0.3169328236234979	-0.10891541895453744	-0.20489205290173793	-0.615655677975908	-0.7322394958237961	-0.33747672699782716	-0.11761132362735964	-0.8744131667551208	0.9912899631494587	-1.0144781361331365	-0.33382453855230015	-0.11546730433840606	-0.5554448544582408	-0.7285315324447474	0.2051700366487046	0.03187308922785194	0.18009213876092442	0.3043139653679386	-0.24238271794407398	-0.8248264181281799	-0.061027875309194506	-0.06027914464990873	0.039464540013708374	-0.10514592924626315	-1.1681315832366055	-0.6923355051399445	0.7135110036223464	-0.20299050697003654	0.16465154726393075	0.011541290026539582	0.3969200460726193	0.740881318376283	-0.21698134470113767	-0.48949523069702083	0.5728083720560263	0.21604804272243838
DTXSID0047951	-1.0730625785743177	-0.9321485849767651	0.2951010540630856	-1.8461873353454497	-0.3821549689898624	-1.913460947820595	4.725174992894989	-2.423275984116054	-0.9822176633187147	-1.5908336683039412	-0.9260942163923558	-1.3179547508851441	-0.7083612880962048	-2.116408992907114	-0.022679831693905448	-0.9269377647003336	0.5559473306341777	-1.0168870471623472	-0.7324484535003198	0.09554752543600324	-1.8492632115966048	-0.515404290702034	-0.08481952796269691	0.5753816340217057	-1.275682573724236	-1.1553245153761933	1.229869273559667	-0.9861526896105217	-0.1410847159215559	0.9323144775784263	-1.340818755068793	1.425821711962025	1.3320997921326416	0.16197887080745282	1.759393788960642	0.4866267098778417	-1.4608874894618402	0.33717371905369925	1.0774455393945999	-0.38977672540119224	-1.2749997304496605	0.050844376863942733	-0.03628592618527924	0.47913373265069087	-0.4239418785066982	0.34946445371444834	0.9742129201517077	0.0014971327243643662	-0.4707235535663013	0.475264412993878	-0.1587016765908343	0.17400817916446565	-0.04607181023852908	0.1914079720697752	-0.06593924502802756	0.8478594635764288	-0.9937821690425717	0.5256431375429899	-1.034875778719866	0.9540368573090582	0.09744222542172616	0.5925516337153245	-0.07078707984807435	0.37609740440573214	0.33093745730172985	-0.15707102552581909	-0.13975731445801035	-0.2271193315846781	-0.6935481863322465	-0.42638423947789134	-0.4957918174921087	-0.19692438005166485	-0.5048255842753859	-0.18167872757053283	0.17783444513965918	0.1253852326729682	0.0655560779867174	0.06204402002260022	-0.7640292983294679	-0.6241693675226132	-0.3911987548503466	-0.6013007973683299	0.4038322449021999	0.9493771511661662	-0.49130027836120643	0.0627168048767566	0.26570222602814375	-0.8914541857638464	-0.17190340036963142	-0.8397431925497714	-0.35099363584438675	0.23817657601431608	0.08707300527212589	-0.7359117777478918	-0.11300067625182691	0.8363555202353411	0.7068493091593714	-0.12776506218774925	0.18965314168908162	0.699481395911402
DTXSID5045463	29.510564849530716	-5.5742952488938435	-1.124119095391799	-1.0805808258338774	0.6295109099627523	-5.5372431332188885	-3.1946973098138898	2.8028516339644622	-1.660182689288275	-6.233811812490043	-0.6582072155162414	2.8007045496098453	-1.959389905454846	6.538644404937377	-2.8851856487416527	0.7118969349579095	-0.261723069720145	-1.2090803609916756	-0.29956370349521183	-2.584155628428051	0.3168408484487329	-1.5609424151396718	3.336597828867027	-0.3468027722122723	-0.1103785735420638	-3.018440004588955	-3.1199986189034585	-0.3550760627375975	-1.4116641202374103	-0.7052930607222165	-2.894256036511416	-0.6645857659775327	3.0805846935851786	1.4790601444142342	-2.6070288314333756	-2.303965924439519	0.5938063805733792	-1.8822125387243314	-1.167996410103151	1.087890372414483	-1.2899884557141896	-0.1323450102323965	0.31359248209091917	0.8416314963758826	1.3736964030440737	-0.03394692560127111	-1.996404069044752	0.7090195510193389	0.6180680446509699	-2.061580716121885	-0.5468945929243517	0.15852219180934518	-1.5150599681131163	-0.4060492917932448	0.02650754758052896	-0.05541136090236395	-1.3411152797696793	2.30074333388375	-0.5654029335157541	-1.4540359434622205	0.23120829628274553	-0.4408912057076881	0.3362520540114353	-0.77624243398588	0.8821963643691456	0.33112132436846414	-2.9797994546325084	1.3380938457926388	-0.9367341262497533	-0.7369345003622084	-0.9437573010672462	1.7600810928399941	0.48410059670933225	-2.02399755221541	2.2183772590586406	-2.0839781259246473	1.4563323120745546	-1.4895772068141964	1.951260520471237	-2.0487152692504607	1.0232091543581494	-2.0345383648690265	-0.021866272835745115	-0.7402392180114272	-0.2217524556725993	0.6953793109973494	-1.4680370400075358	-1.2842914419790488	1.3544340907443913	0.6888261726647887	0.4056011195029115	-2.348123191257256	-0.05603870122382904	-0.16149886259205007	-1.814658335654519	-0.36639080965193477	0.19904956742689786	0.21857410151059053	-0.3795241089389871	-0.38251965856758274
DTXSID7049217	-2.466482707994571	-1.4709824552509059	-1.764523798282887	0.6379342903683082	0.18520352515913352	-1.2194632840132493	4.2953442909973445	-2.1131657719709804	-1.229281353053385	-2.1263715578278326	-0.43554261406430994	0.11711507428842097	-0.3655143679848495	-0.47755879348896285	0.19007941366697018	-0.36948788155876233	1.162683162449536	-0.18010447483896158	-1.3106352471565992	-0.1733029839844812	-2.104597855362052	-0.488759524942817	-1.1038086484860798	0.5288160989743638	-0.32404140067638076	-0.7768078674265262	-0.2557087258838693	-0.8958540344554567	-0.31858298759652937	0.08556715583772333	-2.244873768482514	2.348986640766585	0.3535862821642796	0.392291043982905	1.6914777546958453	0.3282241592520811	-0.7668086994686831	0.005303338130750571	0.8045373818731377	-0.4475082412310324	-1.6287502155044253	-0.32534393258390026	-0.1262965698420239	0.07074279620852052	0.052960399134158814	-0.009860356125884028	0.8496809719294678	0.00612256401890745	-0.7453183999794079	0.27706755905873753	-0.20997296775919078	0.0749386916478263	-0.17434536167373216	-0.2682962597174512	-0.3053577589792163	0.5552021256967526	-1.304563822527359	0.24295254752189227	-0.4265932992557118	0.7104360416521851	0.29209673917159207	0.6612702836148814	0.12391493270782938	0.9665640241325884	0.1049260648822871	0.18891191016519557	0.3630887068905853	-0.7475596851517541	-0.44116481676615155	-0.6469747021791302	-0.4315164215531232	-0.07469543365566135	-0.28848997490117795	0.2839514985954475	0.031614132698015524	-0.3272949100217823	-0.6280838298569152	-0.7738608695019709	-0.6496607919877431	-0.32015479819240805	-0.3580171965217519	0.05845017230654027	0.2323303094598253	0.3374339485748817	-0.4039525188043859	-0.4217995032603655	-0.3170481225846957	-0.24582065927865654	-0.2856436319071481	-0.28836999433603816	-0.7651991390610121	-0.25931606234982757	-0.003221853611392493	-0.43280466552451413	-0.5198042843482329	0.3869671330426016	-0.3635495867343345	-0.341378288851114	-0.2133168030896667	0.0445324187315724
DTXSID90315130	7.003378286991153	-1.0543815886146104	-6.930969681694066	-16.978789294984693	4.401462769240787	15.338027322460722	1.997490855293217	-6.427641209017852	10.88394465421937	-0.5283545281897064	4.4859360133628	-1.3814370315428326	4.123764830960229	7.92260093807444	0.23587874389019775	2.6985508621824654	-2.98174754975631	-0.46971804961276253	3.4912322335707664	-1.4765343925743994	-2.9714678564898116	1.7231552334292626	2.2192660412276934	-0.605356378579403	0.2869578599123556	-0.25722814028570073	-1.0211062408993847	-0.8960108896771868	0.6725389635567436	-0.20303396001833	0.4193191784064557	-1.6303440119753563	-0.8808384705984429	0.35455705707697105	-0.9200766232309409	0.05978090746927491	0.49730124207398113	0.39766080895621003	0.36082918598882296	0.6140183992873287	0.6131187696672091	0.07582385096459185	-0.4432787373320029	0.5089381675259319	-0.3389284543846646	0.8626368593291147	-0.6420251574222735	0.43567745629087723	-0.47586558384607475	0.5903450844534072	0.055930919862257164	0.3594698370860789	-0.40117065557377346	0.3796020382910257	0.5726317090128366	0.4253057672123253	0.8771591472343145	1.2765746645392024	-1.288248296274043	0.21226207392978225	0.22987701115859294	1.1396385986599418	-0.7273704604295542	-0.7181616285718431	-0.06887797422208411	-0.644194344579167	0.6326630260969521	-0.601762885241434	-0.5553377439205298	-0.9721340100626275	-1.291430381060538	0.06584935315677583	-0.6002500409912234	0.5048278098736197	0.4999021935607913	-0.3438661644048881	-0.354726233509134	-0.21385181041540768	0.45872212795713657	-0.44041539660448886	-0.008285415296309832	0.22400172713426972	0.4902751739271755	0.27060185871824305	-0.37621705447086284	-0.23365808932413942	-0.6473637760686439	-0.72328775273866	0.5204127686543693	-0.1493647038219594	0.05104659906728538	0.4091134537862411	0.2308676669042696	-0.15368740413445453	0.9456068698227906	-0.07290044481811189	-0.45763657015738757	0.34986232997278455	0.0007447485758948512	-0.3990014182378788
DTXSID2023430	4.06353277680162	-3.1750510390560254	-4.897489553364621	-1.9962417605236253	2.196709247993445	-0.9808724512252439	-0.7356974668513317	-1.0581802199886816	-1.2222585533713362	0.11931420208074829	0.4277993963687392	3.8151928370820367	-0.59312060682998	-0.6463008089190007	-0.013381257309826948	1.389670520629821	-0.7564680822230025	0.4435821911088107	-1.0377837999221668	-0.6247891658443965	-1.6217442337537624	0.4384185110401781	-2.365523534127891	-1.2871982636185295	0.2711464587275811	1.920725333792292	-1.2055556921248705	3.2101790135731143	0.1742955930706927	-1.274291728009537	-0.35695978901103015	1.3024924596015321	1.2866706753060448	1.0178280118507392	2.8158135341885973	0.655459985651662	0.01618564782771942	-2.119102011595613	-1.4068574924280695	-0.014391236493255856	0.9214663963689126	-1.7982439953516822	-0.15829198348951154	-0.8244109610292508	0.9825688663587521	-0.1811574669053935	0.13015225915097847	-0.23694983572438402	-0.32415751224084605	-1.812009682571603	-0.32791345051469806	-0.7913868603459597	0.5001971097388499	-0.6078792677871423	-0.6035938903801809	0.25856331974050134	-0.7723293837987036	0.917150670250158	0.4365641727446965	-0.7799109386165377	-1.462001550918586	0.2401108281070533	-0.18711230008816052	2.5300375379959346	-0.10557877035512406	0.10398002302844479	-0.19482234460443965	0.9914748828287748	0.0960406932115016	-2.3404090713375614	0.53944601163091	-0.16783684753480124	0.2149004192306745	-1.7342592145017748	-1.9124571324953132	0.4460976746569464	-0.02059903921988727	1.7426053800174217	2.697060563107771	0.7400559994845357	-0.8924064992396363	1.370313271818799	0.6489970192030712	-0.8486745386249314	-0.45755209941217134	-3.6161102835233416	-0.6886104300633092	1.171249641507103	-1.836635785755448	1.0648860958522217	-1.8198428771169002	-0.4127796732140507	-1.796250622891943	-0.6101610309027199	-0.5117952503279855	1.8923616563836296	0.5857424198221794	3.008371969453598	-1.3375048783439905	-2.961611277655561
DTXSID2044503	4.717476263785146	5.061045225393632	-0.23185821251980998	3.927407106510615	2.327748872646639	1.8398590946308642	-1.282744880997079	-0.4161302156263441	-2.041889679890899	-3.3024728724021797	0.19817801232765037	-1.0705514575816657	0.08602797456248007	0.8821469186108064	-3.0729547077091253	1.9721083991179011	-3.046848035463792	-0.02345622368407165	-3.2448449905984016	3.3637057801247523	-0.3412504049472085	-0.2174556219872654	0.43793874657389253	-0.7244028894497831	0.7894320767879663	0.3553338269342917	1.7126212671444883	-0.25840330151255975	0.3953407608841115	0.5845101594269431	1.8451868039424693	-0.33454973300323787	-0.4395377707027676	0.7757443813825157	0.9009930912322113	0.32776066838757534	0.6095513366143264	1.2578847479415418	-0.7460176066122506	-0.7953740651919526	0.5059186501077266	-0.45543636034331075	0.0790069660226994	-1.6030428847631806	-0.3499783212524393	0.36728012859775505	-0.03447372251458549	0.9415220153985387	0.1869768710626893	0.6641349861304041	0.1231342849104179	0.7894065773293297	-0.3782233604962819	0.08971487852237144	0.026572767526669493	0.005615350139273987	1.3995375682456468	0.15016278538104297	-0.21189613111039626	-0.6509344239293126	-1.3015501824589895	-1.1412556895222665	0.8040163276445174	-2.029985499019432	-0.19158262419274913	0.8391973662264961	0.7638190670256779	-0.4019280511992744	0.3142620668690512	0.7397189803421221	-1.2499486527817847	-0.02023938077079493	0.022973771434243697	-1.1652517268119715	0.16550869644150495	-0.31188415992081436	-0.6033303496549483	0.34123890951735314	-0.4698641371935337	-0.6150099855816789	-0.6891068634821932	0.165942335445285	-1.491737678231043	0.6609514678558692	0.3409952848049994	0.00014742951083938186	-0.2594441374450242	-0.11746115988396849	0.47448635802556316	-0.27175746054532324	-0.4461892262186328	0.8730282926278087	0.2538110887697895	0.22528388799387414	0.8792125197081264	0.921836484661986	-0.11989798319281031	0.04080750931406149	0.18979345042327345	0.059995962008118874
DTXSID1044932	-2.2538714853716026	0.32334272352809473	-0.060324543215404404	-0.73827467968688	0.025334967901742014	0.6266680829400914	-0.8168078344028268	-1.1317619238415726	1.2309410582516558	0.17171193114567412	-0.09197701799969908	0.3405471534380416	-0.4148597776758467	-0.44672871521851815	-0.456431397906253	-0.09145343885117743	1.0213214590391684	0.9972916536235867	-0.21540800869739413	-0.7711623437852217	1.2917622261437742	-0.46257016913048105	-0.05975344437955231	0.019926494303609845	0.8913090779169104	0.4489118994135826	-0.5912631018634705	-0.19454411667375726	0.01333426212663564	-0.29698983983279836	1.1492864157415295	-0.09433123626474935	-0.24202890851594763	0.07046613268871546	0.3351698472845577	0.06477872873543963	0.05972862494673348	0.1849007553760404	-0.42576055919321415	0.44852631585928243	0.2021753060415044	0.08986089625854037	-0.12361642777794024	-0.3697028888686541	-0.2620367993099623	-0.07976517622459586	-0.3145770422050231	-0.7768026719071504	-0.114465843682961	-0.30344649156034276	-0.07783648730485968	-0.3983786177180042	-0.13000670909308842	-0.21071287850262146	-0.35644493487044976	-0.10413303201677764	0.03204534878245338	0.12836635626277118	-0.17835699570083133	-0.1188507337725874	0.04871363148569912	0.37200390208467743	0.14574776511226467	0.4291527836512844	0.10524519282881194	0.02460072782629665	-0.2894071671192623	-0.17875441104738007	-0.11406161352014882	-0.7941760610878876	0.5383434062517881	-0.41975617013601046	0.13770442955055753	-0.1406838131785577	0.32724652379840113	-0.5211941879540323	0.8350781217759187	1.312888727176396	0.5288305592635155	0.3228728909035579	-1.0032354457879036	-0.4792512896638237	-0.013062078672388752	0.023458535360131736	0.5576274248845625	-0.0028586171598554487	-0.1434065082793701	0.2135869270544269	0.2630842222672231	0.9172899008624928	0.16003365597106	-0.877593714466197	0.6310885344074699	-0.30222828037775185	-0.11536706792693194	0.7305148693339599	-0.1461124263411471	0.3299677119667219	-0.2302600786475469	-0.0915070657329792
DTXSID8021640	-0.994812610086957	-2.6811093017452543	0.28721156046507984	-2.7201025354200397	2.0625836516552427	-2.350742593578997	-3.2112691954044927	0.3333552581549479	-2.640585755945502	0.26068488085446107	5.66018175405367	-1.6456138059727305	3.3173620660152907	-1.0831073874818236	1.663956409780232	-1.3270448411300984	-0.009850632774527582	0.6938470634316289	0.7041712472301174	0.7050599498855871	-0.27233757879628656	1.1143173253433498	-1.0498945683742489	-0.9567269857010572	1.330745446627315	1.1433214001340999	0.2159651504120742	-0.5223193861681708	0.018448423690595708	0.37699291598712636	0.13032308049209773	0.1932525598097475	-0.39238158420745234	0.4123349586513517	1.0823173020105885	-0.4611451395447781	1.0052979749972262	-0.046598539357824084	1.0415262899441324	1.0543148137357945	-0.5274636304486029	-0.22165382295120664	-0.9432996605679317	0.06189561340183998	0.15866853322373067	0.09382688376191287	0.43887072648544384	-0.44871811697887704	0.3359471424785245	0.0647007620907161	0.061274416964711795	-0.18025089443098052	-0.012815120049722246	-0.32781506138874456	0.5371661528134419	-0.6721983296898942	0.03379003158842175	-1.3738993985062222	-0.10815730750832966	0.5105534940671934	-0.7571975598701239	-0.8202753480543187	0.2401530872888116	0.5249327512146396	0.031104663710306058	0.05032179991683853	-0.6898954983309987	-0.05795171024683446	-0.22692273589595374	-0.08817203774969776	1.0476573091104353	0.16633502934223407	0.02591891328959255	-0.25867258645218766	0.06633400635969804	0.3164148877862452	0.4668981960639381	-0.42566780254518516	-0.05898992265499275	-0.06126110544220779	-0.2074704919905374	-0.7885785353127853	-0.2108624846525912	-0.16773545517585958	0.3314677545323827	0.22269979654616542	0.2247933605421695	0.7726606778073681	-0.20382105070148787	0.215568101084352	0.6779727090029162	0.49069990712366957	-0.4557239832196142	0.014803651538116955	-0.3261272340689665	0.14651975292894462	0.2911826537293815	0.19351320326637395	0.1076699344178918	0.38647489298434073
DTXSID8023478	24.944270472110496	-3.1047124651724722	7.588075539623083	1.5773418236527317	0.12943890137017983	-2.3844154501046018	4.2953868009949785	4.28124536916621	-0.5017163888417008	0.7609502823083043	-1.6916606347697558	1.2345861234081215	-4.896672928255705	2.3965084945972137	13.296265610689428	2.2980311786317844	-9.167996933148311	-0.9555436326556717	1.1014972298427423	2.6621073566353743	0.16827443475002327	2.2850225165628193	-0.8939045792843039	-0.6933898482161296	-1.1774298115598152	0.1275667890437417	1.3589662889006704	0.7268161438443315	-1.774787358826226	-6.525646472727051	-1.3206609810506391	-0.07804808261625185	2.821996603250188	-4.960352713812874	-1.687256828985663	-3.5018850346138795	-3.0339950131439632	-0.20894032927384978	8.936891962696956	4.111229884072203	-1.1066586388397552	-3.5655158955105817	3.27741739520139	-1.3876054414017631	-0.6916408767599003	-4.306761043044011	-4.8502877128303155	1.4451761355717385	0.4751360240283016	-0.6799542588400896	-0.35640244097859325	-3.6333641625689137	0.8737059978776339	0.16885797028739633	-5.549107220086034	8.49718805785429	0.8290262025023639	4.584531890093557	-0.09326083005129528	-2.907877266756923	8.867989490671912	-4.161808445437007	10.826804233720996	-4.748931576532953	-1.5860198090363737	-0.012011467445042378	-1.6139098502966471	0.7319636672003288	-3.8915176003996526	-2.9886139213771457	0.6304031298640334	-5.074420964909716	0.3844417733837778	3.487306196466058	-2.4270572683857905	-0.936680008988917	1.7353927604584503	-1.86643041594802	-2.9450871582909146	-1.6623158111795238	0.6698185521718962	0.8163148270830113	-1.5232913663901213	-1.6476749953658971	0.9098748556133527	-2.1479775704955557	0.8660193517822873	-2.0002773797473967	0.9180840224730517	1.5797050207615997	2.9040728533024756	1.0043652424914482	0.5469549100968664	-1.4583198639962858	-2.5956632910149176	1.8398414742702611	1.3253674401378344	0.6114535189090802	-1.3589165363103664	0.6698845089766557
DTXSID6025723	-2.8592045054232433	-0.2102405773864603	-0.5448988849523874	1.4689524623021104	3.484622509816885	0.643795293702185	-1.9093457826895421	-1.7108128774218752	-0.19428245440295516	-0.683626212984726	0.755953808059399	4.512575594044672	-1.2379567909391036	-0.8525885966235701	-1.008805194346847	0.4315684200404051	-1.240947315903273	0.05413490401937607	-0.9912081580927998	1.012032203838688	0.4135529794258812	0.0945612614792946	0.7771532418108669	0.03566749836447013	-0.19656607784873856	0.44074490171952674	1.5127711240399937	-0.26108247378976274	-0.10472359642164833	0.9495264157074623	0.15382613045648635	-0.08721138230858808	0.18484915075307382	0.2874467070890898	0.4242245216575527	0.8520243950333108	0.1448142161982032	0.27836930256321524	-0.1920229108080073	-0.36424101750093246	-0.06829194889085514	-0.04765210504223396	-0.3051152018895709	-1.2549762671813902	0.174901310484372	-0.21706415498916112	0.20320019919016863	0.024872162762182237	-0.31019057314926196	0.10522049364236738	-0.019690557286423858	0.25870612231220247	0.03173698817435079	0.029051776133669063	-0.27437789579267796	0.527093173364298	0.520906109673059	0.1807927926950449	-0.10384398741599227	0.3176132422371397	-0.2391584464050225	-0.7267347662061378	0.6184323926049755	-0.795758844587404	0.09861274880528882	0.8126191753662864	0.2625111411987964	-0.2577939712452158	0.4130819105811505	0.08781164122732567	-0.9045145588954215	0.6016573494991078	0.2330715290877978	-1.0684134419962699	-0.4243392059710123	-0.8687931779571104	-0.24367028657542988	0.3593905752285588	0.5107432548759953	0.1430731046349242	-0.3838189335336151	0.7016702467518684	-0.6978923639123684	-0.20975427150924772	0.39353417914599254	-0.774017188164427	-1.4009157830006245	-0.04946022591244815	-0.7052299141583984	-1.0388194323683146	-0.20263404388473125	-0.3428193775407636	-0.0006330573013749952	-0.8965949268177419	0.5381453746172589	0.3022556122762658	-0.7310875250005483	-0.9767269508827807	-0.03493294237618702	0.43805114974151993
DTXSID2041917	1.961460999068784	-4.6775389911774585	-2.800370616548309	-2.001358739343151	-2.7299129043056185	-3.7705377898157804	-0.49808109271756035	1.6863864892678304	-1.1967939357138297	1.9559801109612647	0.31630822923547525	1.60933061941201	0.18266180448199937	1.530929748306977	0.7149313336813514	3.2006661455903282	-3.388999367460434	2.038408056435762	-1.5673971904924449	-0.19104099603806135	-0.35844854432948675	-0.24757337127399703	-3.0267539422242313	-1.1559890673954076	-1.0325816996186326	0.8095316242810208	0.033141177215076686	0.8934348882585369	0.8880977156082793	-1.75240160907209	1.418053484676632	0.6069064017849931	-1.5631662246387212	-1.1469327755611394	0.4164968923298738	0.5918799356208696	0.024548580549701417	0.900764318970727	0.5505127605523601	-0.05851116805135998	-0.22999622893354624	-0.3053650858692749	0.4024648177965595	0.9198413339328162	0.15500196503672212	0.69395365572072	0.1442826916925816	0.12560935465928413	0.24580850243880462	0.27067956603218885	-0.111927681916282	0.10956262714324067	-0.1292950931676254	-0.1916978858408887	-0.031077075314089913	-0.4586555874753345	-0.8116803674185078	-0.17240922547587517	-0.4529081933869476	0.5256307515627099	-0.5973491866208879	-0.27641262426842544	0.3323348508345928	1.207233025839015	-1.0276594654725428	-0.8430967019483419	1.271877112071391	0.29394827311048405	-0.6218938371327438	0.44905601846541854	-0.6806692255538533	0.010548155980804625	-0.7544890901725652	0.012505755669296731	2.2597449376751797	1.4758924103449997	-0.5973796339929012	1.1858313300764625	0.121306863090529	1.4150767107513127	0.5196182744858735	1.3634142525399344	0.4761720295696259	-0.30061645233084444	0.6278321119570491	-0.06418445204532813	-0.060991960543575106	0.18190689585032055	-0.785901801623761	-0.34408912942517134	0.18396791793391132	1.499182549732196	1.1640484276808252	-0.45592955848614575	0.5511301882588432	-1.7461900228595044	-0.07377159731369895	-0.14321089703273365	0.37860215073009756	0.17159544258403536
DTXSID1034501	8.448468686730083	5.051441043383575	0.17448520731692183	0.326895798266014	0.22438224895346542	3.4474001392377818	-1.4843714534117454	-1.4180106035079916	0.34547796558706856	-1.9457157255337594	-0.3623792821360389	1.8904833056611305	1.9815863818482402	4.201598377080002	-0.22185473458576932	3.8818480354252545	4.755660623029816	-1.9800489845883795	2.4740604422956847	1.1655084939451432	-1.765558262956311	-1.4478149829983222	-0.7732669442920022	1.6719258051770098	-1.315709870668401	0.17969956429325382	-0.618981443852512	-1.5553283143962837	-1.0400351809204345	1.04343357374953	0.10012801458800559	-1.2151855430378113	0.173167192095981	-0.11443188156476243	0.48588366527975757	-1.0722950767407087	0.5233495769396991	-0.774537237354138	-0.7308677599520071	-0.07165440876662864	1.0631976227916342	0.4801671340907587	-1.080406634156522	0.49989517100922515	0.3052617134663014	-1.9241684147578684	-0.8312379783013188	-0.33489324270898296	-0.3813793463621227	-0.08215894682986055	0.07580831317909834	-0.9242789109278586	-0.2832983435042062	-0.07316192552642062	-1.6968804472906314	1.7255891605835754	0.36595647345385374	0.5585515910308613	0.8049273065836753	0.5628629852885749	-1.1508750206967682	-0.2949942444616801	-0.24189390255557225	0.14900921316912252	-0.6540617885807111	-0.9186575337267302	-0.6637003872927956	0.10453118693529147	-2.1587237086347915	-0.0299084745596104	-0.5946003915063494	0.03438613464829038	-1.1915522930325888	-0.320661295821079	-0.9500378589844165	-0.9007715281615715	-0.8663555455304236	-0.6878193401549495	0.5640207663538422	-0.6140515143611636	0.6671867138300935	-0.1428536958171609	0.6036581600156001	-0.1907005107510861	-0.20094827358195563	-0.16068260466917367	-1.070871025610821	0.33011103619849275	0.04997544581738018	0.024733265617822443	-0.4891463473822499	-0.5990385813342848	0.8969756295015848	0.6473079556339433	-0.763360664081822	-0.40159062235936466	0.5153528574689821	0.8007914445259341	-0.39345872182036373	-0.9305950624384729
DTXSID5052593	-5.2485011776207084	0.7288790868735816	-0.35600875039625385	1.0884739457509895	-1.2305490119923506	1.6714361370749937	-0.5018161362773976	0.15892629565296812	-0.6521302157463854	-0.47000264487974314	0.11264603010189776	1.493089569503476	1.1311341725572785	0.7841931369149423	0.27212098037740756	3.0946995431628186	3.9131335666778084	-2.4059587859544203	0.768255931484251	1.7838856243006247	-0.3770277896439643	-1.5552452871373	-1.0125636113966179	0.407346166842252	-1.0307372582395211	0.44709964032385924	-1.0324253506724586	-0.986544745706673	-0.9263320296961797	0.4380689637249015	1.2480463206873016	0.34297484537354633	0.1431030736256315	-0.6867686154256717	-0.16707303593734926	-0.5153566738648706	-0.6142375380693139	0.9224240138302426	-0.19482119784861845	0.6588727847550003	0.515904917774303	-0.05606230763987643	-0.9530700727556831	0.25596052269795233	0.35116774381532984	-1.0692490023541283	-0.37332595852192957	-0.09145172276152519	-0.0064850902303015	-0.2336273261661393	0.017610134652560745	-0.2547329611014862	-0.6749809651772612	0.02004151586723097	-0.9272048792051981	0.42836782466636375	0.3932782354977085	0.28308114805542967	0.6014602441559607	-0.07683637573038171	0.49323824121035553	-0.9372203105187206	-0.7194596082576423	0.7137374254685402	-0.2663539745945017	-1.0428902311220198	-0.10724133281499969	0.5901738850102252	-0.290650960587346	0.20644824443313167	-0.5983743311784621	-0.20274870092157507	-0.9570113754687551	-0.6606569086319978	-0.4006459473139939	-0.2525627665864242	0.8445558864843643	-0.5229988132015466	-0.07173390470421716	0.0013166321540522107	0.24052192737195882	-0.12426135724967913	-0.050857325220908155	0.002175298174920364	0.2685658041383167	-0.09250541339304003	0.011447884906854182	0.3159862405289704	0.09440838923753547	0.28600020205674864	-0.19986975407478405	-0.10497597927034873	-0.10765792542788265	-0.15548124522592424	0.17241636905723876	-0.06606884973916612	0.1225954862773203	0.05188028908946417	0.35546518060856697	-0.0559824522608605
DTXSID2038788	-1.0099709627551812	-3.557209017334311	0.28105089810352074	-0.3342699690863274	2.4610110946837156	-0.05117259591085326	-3.3318576544334886	0.07199293369205985	-2.898571919184753	0.46393657992236437	5.295360950925249	-1.9582363121092754	2.6715255469898875	-0.6820391534280539	2.578518685305278	-1.3625816246708726	0.31682953322681395	0.9448351553881855	1.2254527204581311	0.8483445737459375	0.07806711482310864	1.0057676659748798	-2.5701103134060324	-0.6137997761693825	1.0526080423023667	0.641005266057196	-0.5214582014590812	-0.19006931664677662	-0.05059688356912387	0.03509151587549193	-0.013361476186582623	0.9155034917469119	-0.38224665145567227	0.8003368921289734	0.9625066600038293	-0.0238359900458037	0.653562418083951	-0.13089326987925554	0.8338889962245546	0.8063656882882835	-0.8219601787988192	-0.13778754057952583	-1.1219991043703512	0.06694804717670895	-0.004763107796365188	0.20459634264580134	0.38426892155939385	-0.7675045287647484	0.3070151058328489	-0.03096859684022033	-0.0890478038466289	-0.3963244899261779	-0.28375470554770404	-0.436793985186822	0.2752370332890274	-0.24530868891708477	-0.4872738482277936	-1.3138245727259075	-0.48915762593673345	0.6059295057407255	-0.9719487306649566	-0.6829256929696325	0.9350768988092648	0.5203945977881473	-0.07906789105184617	-0.580335470661493	-1.0934522765629846	-0.3114981629154555	-0.09147456487056993	-0.45607657348895625	0.5055802390177231	0.15013670143749253	-0.3302503417963132	0.18867576389093071	0.12320728775947876	0.5460823343332015	0.42054251816086335	0.5960627100374106	-0.5022996233506059	-0.12645736339392413	0.4081043273252613	-0.5255017296635319	-0.690302257550742	0.6244147155675115	0.8181323700208878	0.5105847191555769	-0.6741004445170136	0.08801792742784015	-0.4039680781186383	0.3818465725199927	0.6963848107673416	0.5738457869094393	-0.7163995941590307	-0.05352190359356383	0.2607162423224659	0.21800656960799808	0.29167355712823667	0.22260763401978328	-0.4141177447439084	0.3190661118171297
DTXSID3022588	10.581214923354322	2.391110916664548	-9.812807697300391	2.119673845467331	6.1050908416111485	-5.360656263933084	3.7336372760308207	0.6624082902655786	-4.176270449466891	4.528276918105609	5.731144631555985	-3.2534662560156473	2.5907971868822615	2.377830353142564	0.0910500963695322	-3.507944566383762	-1.1351905292220035	-0.4159447846758558	0.12709863600946247	1.6222067153643382	-1.103622459542665	1.1263049493871018	-0.5552813803317435	-1.883327239579691	0.608696911177145	-0.20447246326657692	-0.3362982678471766	0.06796528862875363	-0.47113206325076107	0.816058387903962	0.3017373141489567	1.6263693121355245	1.0050035371318233	0.20734279595903973	-0.7656220975169974	-1.314414387668126	0.8528564943852492	0.03707857427969115	0.19339381729139013	-0.685742484776776	-1.028615898041361	0.8087595552882533	-1.3637700942941684	-0.19811194952843625	1.2082781596384682	0.4766727614660507	0.6227551841867174	-0.3138863426803997	0.15712149801872846	-0.19385740275681	-0.18543242847174077	0.28800524174254344	-0.21855192966240441	0.12917800753690487	0.10629519133473533	0.1183669174552992	-0.0736535342313541	-0.49298369023146127	-1.1555680338430936	0.9963264415529164	-0.7049249786268171	-0.9145823418376289	0.1291964590433535	0.36381367227122485	0.11568088905007136	-0.8322018295111923	-1.732310666912097	-0.5442649066287943	1.5117861497250098	1.2618648517745727	0.5119281791366028	-0.7051838068746777	0.779422085134036	-0.055955678324024545	-0.675405444987921	-0.20350259049969766	-0.5972168975398471	1.5265282103174893	0.1913620261631174	-0.7247256717436583	0.9009451400074705	-0.05594685461806811	-1.1159438152642873	-0.9679064777062015	0.9683880811935474	-0.2706480241700257	0.729024144753267	0.14356939151591114	0.5320529730635797	1.4791258408239742	-1.41357857441891	0.17539118340799456	0.22260546669216943	-1.1128463388781908	0.8005606479889223	0.22897626411941963	-0.5699587308895407	-0.819791442700799	-0.004522827889990794	-0.36954391028549194
DTXSID5029217	-4.731530913965301	-3.8973747248382544	0.7238957740472264	-0.3505367402159099	-1.2265348982554878	-0.786082912355776	-0.17157773366014475	-0.1605307964996476	-0.12209323703816913	-0.09978195358602468	-0.6599171036045749	0.22039365663226548	0.02139016708262659	1.0989974121258104	0.7020600941435837	0.071940155926824	0.5718034221564406	0.7832661672859365	0.10677346151952173	-1.1607132341365665	0.19840789494705768	-0.655071403224378	0.6453567080506177	0.28184370675181714	-0.4125773515714656	0.4871768840738671	0.3148999103698552	-0.07634208219964321	0.232525211638973	-0.5606901826951007	0.4205052854267886	0.2766445981614065	-0.26172931730451177	-0.34259074407035084	-0.21576346211666766	0.19024116676120223	0.20445614086022693	0.8448823297741765	-0.28188411832168486	-0.15244041881308104	0.002774102999607763	0.0683298866372349	-0.1103364397178695	0.14807019903520904	-0.2247188078171945	0.17920598542184127	0.24551998624448945	-0.3366143057348356	0.06721476955128823	-4.5287614145683895e-05	0.0875843319154591	0.0357212089535514	0.138734306458824	-0.1703604209434934	-0.20061791092743153	-0.36469319548970186	0.14685507581587548	0.020241589484217812	-0.08204935352724392	0.19669707410291942	0.17833880858665171	-0.02398396675294163	0.24359382194499413	-0.3758797472049955	-0.5436085789449205	-0.11978311563489409	0.2249760957315112	-0.125201262628935	-0.09453056871862132	0.5885962819441706	0.042398139107269764	-0.11761445918006057	0.3338313962014282	-0.2983831806104508	0.29736791384683126	0.06548139936512185	-0.249880915002452	-0.06674082483485624	-0.11911486016197129	-0.08296441320697653	-0.432512442654543	0.04821369967148812	-0.1495298911265249	-0.06389321266616098	-0.03137899451436392	0.1766339667668853	0.4960539979384118	-0.008953138339305954	0.05230151026531294	-0.31193264764311196	-0.3134633993447625	-0.44398287341064174	-0.09187428622304578	0.014412237362713319	-0.18484985324965258	-0.034989841433058944	-0.1804566395108386	-0.2759369251685697	0.056544078821315256	0.1309047464298933
DTXSID4030047	3.4588458100965545	6.8672411060683665	0.798715146479182	-2.801983966100784	-4.571372551404851	5.189534645088855	-0.2634556562756096	4.649678576621123	-1.5554181796755326	0.5163237154327672	-0.8221569201891081	0.2523977661335311	0.553929799529235	-1.9994064272218648	0.6301371425295087	0.32797720255431895	-0.9972735525282662	-0.42726262868974474	0.36835772147829515	-1.2624228166689389	-0.37777232603907185	-0.45019357464902116	0.1588192342964176	-0.5443511704076779	0.7844686946360142	-1.5522055645677606	-0.629736863317821	0.4523695793774757	-0.530843656410791	0.6880774712102612	-0.7153163044139402	0.3569661024731619	2.1668185504091997	0.44629263387984514	0.8923318045186325	-0.8574312579335323	1.2935360692090636	-1.8808750135309453	0.8269747767470516	-1.756798280495251	0.3917524784799567	-0.07837936375526565	0.7611424535844079	-0.41880736301341703	0.09576890156085464	-0.3470850453482898	-1.2187088894043174	1.4779041721595325	0.0751029857899442	0.5559314162613589	-0.018928731363687445	-0.09637140469661112	0.7799115929353149	0.18531716292489483	1.3309099940017588	0.42590177251805766	1.4440702636687326	-0.7107221237947954	0.9736212604361012	1.3464255167892984	-1.7090168339178602	0.16691352018507852	-1.124642629081853	-1.536548243478519	-0.12334609802262517	0.9624122013486446	1.5515454228133847	1.2187872803134852	-2.5742709524502176	-0.09358853360121645	0.45438626512080055	0.10009780955874226	-1.7319892003691826	0.38832606533128206	-1.6493229272394938	-0.35375206403179504	-2.2598237314846443	-0.1393807185442393	-2.6016876800585456	0.8898972774135768	-2.717686046109773	-3.2355115072245546	-1.1406973669237317	-1.588951245122028	0.8471902770049264	2.385663644211099	0.1772792791816133	-0.5279103294383315	-0.30734544805528874	-0.11214639316263009	0.2990819017942296	0.2509833674104312	-0.1564765454255236	-2.22582781677613	2.517085963578785	-0.47151567000632794	0.011774998412749345	0.42752141883398165	-0.43544992761880147	0.3259975623364905
DTXSID7027467	-3.908195582984673	0.7644686642176819	-1.2323661026257706	-1.5746427092790658	-2.3313449474656167	3.9559619530903807	1.9936498015208126	4.477233721591409	-2.4400577210847216	-1.2466468331423088	0.5029999471173262	0.3388261518942536	0.9488314639309774	-1.3128321385965813	-1.7981498644354452	-1.137715262634382	-0.5451113684182748	-0.930921651561789	-0.8502494660374342	0.8985086716573665	-0.5629123305942911	-0.4722415197792221	-0.6743054711689567	0.16475892909625986	-0.05688271030695134	-2.2455542952793937	-0.7615463085008326	-1.3857531627935968	1.0652453745780415	-0.9686253985399395	1.1492586654633865	-0.09708417439397414	-0.5185562368924971	-0.48019284867108786	0.16712590158191662	-0.25407528894225706	-0.5331450440314687	0.29960962603155167	-0.5657885194516822	-0.10785552777710797	-0.5235699119306019	-0.29562686892497975	0.653869996659586	-0.0354154971162937	0.1297697174023514	0.0005128126529845446	-0.8118315854576927	-0.07905170387450293	0.4938701303608707	0.59939901970865	0.03880430857298891	-0.21572578750948695	-0.34269908920880937	-0.37019980106583056	-0.4686914715386022	-0.20042929341697618	0.7061483766505277	-0.9017933397363918	0.4278166572299614	0.2625330792842567	-0.30689444187213	-0.7319340327957716	0.5616900481499273	-0.5134813779027676	0.010602710956964915	0.409686526151447	0.05488048281243335	-0.058847285505695686	1.6629896116699405	-0.3156718933649189	0.5961489412671657	0.8498942190520467	-0.02211419929177397	0.8314313025664787	-0.5252827392289026	-0.0947498042772713	1.1845985773995005	-0.21627038799917492	-0.47172245024543763	0.46104799775718797	-0.09851471464036791	0.6251694014810719	0.2377658887607895	0.8600293549064589	-0.08855082704615383	0.019985266074261803	-0.879240912355411	-0.5327941911703817	-0.19529484916639658	0.11342098863535753	-0.18319788117747332	0.6181209651535018	-0.6090474961070106	0.544829826222019	-0.14257268637441023	0.1800487061486164	0.579980868054879	0.25007105906872307	0.4489564097753982	-0.3344172725653686
DTXSID4021923	-5.54090900453406	-2.3628458585014465	3.1532754714488713	-1.6280256336350865	-1.4745967923236258	0.40824623243750413	-0.817483494111718	-0.7471568469505022	1.5986147261843417	0.70081982445025	0.5362922635414455	-0.5286657520828627	0.21632093772897676	-2.070534385026705	-1.3124961595235807	0.18047052651083118	-1.1079931995013124	-0.3710809715908126	0.33512919882528786	1.6021978912956418	-0.03676197456026857	1.0839905586432794	-2.8863905754381465	-1.011427958586622	0.3146567074356482	-0.2539158767943581	0.07411803616568313	0.6456290532510556	0.5466484964154599	0.10448093584874625	0.6407570452088259	-0.29033283022371015	-0.39430791143984134	-0.14232450838022784	0.5101839769561844	0.29558028331731573	-0.7132632646414426	-0.35286887946153817	0.18266722502473653	0.3821902946435987	-0.017238958173757906	-0.2619864635538915	0.031841565997228705	0.01277913900243692	0.4732840631039596	0.32049709598332615	0.029689345461594952	-0.21057177321305923	0.23023830918827184	-0.22906076107313553	-0.05242992763807826	-0.3155180363416749	-0.27079367004874433	0.05368752478693716	0.03129163207426741	-0.13589925509358503	-0.7332444314050955	0.06491590767239397	0.17512561786728814	0.00034924296836873973	-0.5925245737850422	-0.24702127688146444	0.22108646021357203	0.48921345632552726	0.03462625089291096	0.2505370949062866	-0.4155843470897744	-0.013363816873046703	-0.19620772016360913	-0.771240526251713	0.8203940270319386	-0.11514709505786476	0.3453471583821173	0.2655265754677682	6.802956192886392e-05	-0.09576671664488594	0.5417224830839378	-0.26682494455475103	0.2167416149539467	0.22443813562749684	0.4674278379947879	-0.2555743852432965	0.6922555302673955	0.020117724969149327	0.32953105798005783	0.3808654281447745	-0.24447289540259076	-0.5064288619762775	0.24520671109482986	-0.13206796910387258	0.21105550506435114	-0.28350093760274714	-0.5009502197413127	-0.024942781833093546	-0.053041828318622516	0.31041223121826644	0.12574458142565795	0.14688829851755258	-0.11514291839984266	0.36513798746587955
DTXSID5049364	-3.845162687177297	-0.8438944697883483	-0.901935456014017	-0.3261125353374645	-0.8461640043348785	-0.10973559148000744	1.3697130266116673	-1.728475893509635	-0.5693302155065818	-1.1800463716864538	-0.16274373020405217	-1.6577762449742366	-1.5924088244022332	-1.4609996043101328	0.4041935281400067	0.6237532945689508	-0.7675462611015945	-0.6537764705646636	-0.9478426259411206	0.7271079996780058	-1.7538728897767935	-0.9691058299184125	0.7905565890813224	-0.12367539237606366	0.8510480668470506	-2.360599663653497	0.39530435429112554	-0.4182330427639816	0.8247070713280444	-0.11522236746796212	0.58264978240087	-0.5094267060405745	0.4739209406562395	0.43251889192670945	0.817064910532732	-0.454575061135234	-0.02800762532856829	0.3719576498148934	-0.690228664104173	0.23243184711873824	-0.11019600715505032	-0.9954688660260855	1.3363568340567813	0.8099855316532065	-0.7971733807577538	0.1250238096190948	0.18709904742998812	-0.044898936292875766	0.8276706435140024	0.9145125342529493	0.3240184182452761	-0.1705548347155896	0.3508357395114152	-0.3215281547752258	0.20689365090661538	-0.025659762404824323	0.17932691838749115	-0.8195836131272775	0.44076274457960957	-0.428117346766324	-0.658551785454858	-0.5677707215998712	0.6311784226295181	-0.31204877366042194	0.14071554429963967	0.3279379156924943	0.07963195110534207	0.7254138024293417	0.23350901641353844	0.40776434260132194	-0.04984086476406218	-0.11058693882402652	0.2225130561333135	-0.03384379621933414	0.08401138571774866	0.2708110201992666	0.5179742206152627	0.2629314058364618	-0.8562198157686071	0.39716664105409527	1.2042078907938027	-0.6618464417671819	0.32686976310057675	0.20281126727347645	-0.36547328993913925	-0.12342525919321674	0.854850802958726	-0.1563069004753833	-0.08644150831519021	-0.34647739547094614	-1.2005759706007642	0.26071166506360755	-0.12484691822456749	-0.3329905508960806	0.0679438126093968	1.1051702514662995	0.6458308109794351	0.034994565973367434	0.14416949076171837	0.745126156815224
DTXSID7040287	1.4768926633281134	4.863941143824646	-2.2789317986577236	1.7059579806100438	1.5435089360247136	-0.6514777472413693	-1.8626133914377978	4.001206006523832	1.91981379324479	-0.4973102624581992	-2.619014268082053	-0.5731648232707509	2.118474878480856	1.6608741919479886	0.532036787623773	0.4001821880122103	0.10257227886525033	1.2529195614535875	0.6456002003944716	-0.3525004745661761	-0.7167920373288965	-1.6369220900661268	-1.698395494865467	2.043408146588188	-1.147829465138917	-1.573430539541598	0.8659783881788463	-0.2234798787631462	0.7743079478381379	0.9131438558025037	1.912507435896083	-1.1414624655294046	0.642149697622239	-0.28683896268035736	-0.8209186024840135	0.42293364896833	-0.8461560943838088	-0.9090337562165444	-0.22170801101276127	-0.8280058989197979	0.40938798557730244	-0.8013234438003065	-0.7738664167113429	-0.18177144528198041	-0.17660558119766379	0.9621746754628818	1.1008260491750792	1.7996651799323944	-0.09553923041953356	0.3146775378918215	-0.5682048105867432	0.5132137019933234	0.1572514718882023	0.1980291692272214	1.3955610730737977	-0.4221687829224427	-0.5324672394973846	-0.2720620848024503	-0.7015076973607375	0.13282117140660357	-1.0587769779463434	-2.5270215168522463	-0.30638775809928687	0.3653993883433737	-0.9820169853096896	-1.6824704628250862	-0.3538867662543208	0.824963132629186	-2.1967002595732517	-0.04810873408629298	1.0895124550172246	-1.1144045577137338	-0.027878309430293804	0.35250505672903476	0.2817391761019578	0.8376342533364418	-0.6612462500377555	-0.8746714210821597	0.4615480728301129	-1.6632294469530653	0.5795615490808141	0.45447914190186395	0.11931324126223997	-0.46223631652820774	-0.026442566472256394	0.9137814736622052	-0.5533240830703005	0.30328184018199644	0.7254491209781087	-0.943541080340901	0.88451076007622	-1.5940625363932368	0.18878999974264646	-0.3733983647727856	-0.7737548330279563	0.1267678834529104	0.9357570820665368	0.8262374203171776	-0.14051098641787355	0.2189410892612925
DTXSID6048886	-0.9403871626584759	0.5723647535691727	-0.5568697163923872	0.7226268890406224	-2.5689593686543097	-0.5513088861185754	-1.170439354691419	0.5188385607786573	-1.279243285402189	0.40868948793168625	-1.9584215692259361	-0.23098643271482075	-0.31785479293292546	3.6178804226977284	1.0371086899633455	-0.7729681607549747	0.25461865512386367	0.4090384330055933	2.1548574084084553	-0.8055135974336186	-0.7440338953096948	-0.6866388800063356	-1.0534284853035436	1.601517529847243	-0.43080786385517417	0.048345894208041904	1.8265539024867132	0.26896286146500276	-0.008061416573962643	0.8163741761462971	-0.3502105102234754	-1.250884476566043	1.9551219415379402	1.5998824047546156	1.0808613271603664	0.13278289142461402	0.4639090496707207	-1.4753010928795538	0.34632660228838846	-0.3450977602158791	0.3400904223933138	0.11624784889912988	0.2389699748681037	0.4502942520063691	-1.4457429209444381	-0.3697426192084072	-0.5481820420830141	-1.0889838025803253	-0.36012412063678945	-1.3829340032603472	0.2267414971575706	-0.4343653160866255	-0.26266368105722937	0.11963508578004452	0.9894659507139083	-1.1977056700261028	0.36771222674090304	0.4891049582842759	1.133383948717574	-0.7156673046616122	-0.39481126074045797	1.121455221569518	-1.1515348511452022	-2.1698360275835356	-0.38879944828945345	1.4095631805556417	0.03217297516360438	0.4962618857012171	0.38308346584450476	-1.1767463373406486	0.5340549336778219	-1.8555852958947554	0.8275615972225889	-0.7680580408526255	0.25689553801470816	0.07335359077077445	0.4649188365029771	-1.0116233716405252	0.1645133002111538	-0.5876590408448967	-1.021649802815207	-0.14155610456237314	-0.18555706899612115	0.772899067727743	-0.5679630736496054	0.2801380828032277	0.6554351057588265	0.5783369937875599	-0.5752658813976077	-0.5801788852434692	0.6451269572019878	-0.21834479558249428	0.1103907657193179	0.10407566202414521	0.8870147484533466	-0.11336482175848142	0.09559703026901806	0.02336701460671535	0.26922708160600217	-0.08007850076671723
DTXSID8047842	14.689644588798695	5.478822389096825	-6.476104408349707	1.143118621753681	3.302515591977548	-0.14155248606614826	4.1450368729277915	-2.8512874020000725	-1.6100815116537945	-1.209550905735105	3.3909256159851418	-0.28301397433853887	0.25667018515013673	0.5367806916078876	0.9707126571787028	-2.383386701777931	0.4019049852109914	-0.020828718511093042	-1.0296797883573372	1.5342218121605236	-1.6658282444764534	-0.7187103918119215	0.44330786160144575	-0.06744052333480048	2.5088936676728344	-1.9823962443385679	-1.4034764341481998	0.3289565031947808	1.6167408568158512	-1.9947191502083148	2.5581753808562557	-0.07289305854693295	-0.6073291269482672	-0.5751673094698946	0.06645130461657667	-0.6642554942879567	0.8860430532804134	1.491249927771747	-2.5796476310516576	-0.0812529752468989	1.013568816563898	-1.3936129691495318	2.7695206344906507	0.5810123854061754	-0.9988588038016739	0.33157903095936	-0.7077908594783607	1.1853394588437582	1.0667799598446184	0.636274234292367	0.5460842586753509	0.3931264888058457	-0.29430018071635083	-0.39155434250574167	-0.18447569654746673	0.10791284797389508	0.043550777285254784	0.3679468406096763	1.1006742545595853	-1.609206737055328	0.24529307673785108	1.0704951359055257	0.23441706546672092	-2.374355974869067	-0.13073919897828795	0.25602623147301673	0.3185724409453373	0.3324783715175409	0.36546200961995284	1.78797650682195	-0.15117972569511434	-0.1772959663144337	-0.13773986741811597	-0.3048816898331759	1.5540797363304069	-0.7768542125854536	-0.9030613692601711	-0.39775239666813694	-0.28704755770972346	0.8414244990836619	-0.7374769683677641	0.3815962394773633	0.08938338453964273	-0.5485089327418426	-0.1896400723141377	-1.2333098325884175	-0.36049798187862026	0.543998684792054	-0.8824335242529797	0.07773584123169783	-1.4446590586241774	0.10276451791259274	-0.762476230497133	0.4105355692314958	1.1890394746231185	1.5842919608368555	-0.5865197952575312	1.027885062062445	-0.013330455964306131	-2.1316948501252515
DTXSID2044896	16.659819389236358	0.9825524493154832	-3.021508577414077	-7.094599676899384	0.5514296109545291	-3.99995410534658	4.645342078128235	2.9532045249664924	-4.711994359999967	-0.4688550320424157	-0.8268763904886126	1.2425996571180047	-2.772258676368977	1.1041264336059937	2.093841153909223	0.7901610976060374	-2.872259412144954	2.1108556982866227	-2.5040893474527786	-0.7205012613294471	-0.029088102917505874	-0.6411338131915861	-3.069363997413307	-2.473004467892795	2.300410553347786	-0.9086804150038786	-0.3485643321438066	-0.9233437740593989	0.31674823793230406	0.016984162509047544	2.3288902107875527	-2.1558515397875038	-2.0916841215599757	-0.33611362943540074	-2.0083615556396657	-2.2882769583826668	-1.2808997497609638	-0.37874200696754157	0.7853688337441302	0.5985261372546362	-1.048045407555374	-0.767672044108343	-0.19453813082656815	0.8808957814978889	0.7172828860542092	0.262356379063421	0.8977287171278546	2.0867049681795753	-0.4688277930919949	-0.017370173524105668	-0.2115789659019489	0.3592872240907476	0.2627463459291914	-0.310944732284786	0.999851569445251	-2.710089261737655	0.12756790056684386	-0.267457651632763	0.5063210190513491	-0.4829401405525083	2.146272540650456	-0.5321124434037954	-1.8953280095020062	2.517261540169529	1.3516771594959196	-1.7643288038528675	-0.14698364448763243	-0.610975149074831	-2.1669384039796813	-1.7112957324084148	-1.6818705186017258	0.1708571898889182	0.8503566331723096	-1.2765311996617579	1.1970405808904907	3.2503907302530988	-1.7232160410363806	-0.7192565417160631	2.3651963278764616	1.1341772062476632	0.11074054278911248	1.4461226243756593	4.141607857641486	-2.1682750664660033	-0.6700005803916478	-3.461884887119654	-2.0778781444550356	-1.3988770049561052	0.9262630358269405	-0.37598332721790345	-0.4209772013353281	0.8119313247617211	-1.6374957746470407	0.8970500254824071	0.7256614958154296	-0.5995059183448774	-1.1464057784470747	-0.558976574325188	-1.9095259014859642	-0.6494208600455756
DTXSID0045880	3.702472989702279	4.7144293198183975	1.5641407799154414	-0.722213887747029	-1.2557077547387294	-2.1206337815622303	-1.234826006147477	1.3919195707766894	1.0989948620014593	-1.2799343658947548	0.8604993858656402	0.04106734605848534	-1.6276344054904581	1.1784421575278117	1.013116219609693	1.744764381940225	-1.1035417315264366	0.18676250131309963	-0.740846308096747	-1.5475390888825156	-0.7846193480027462	-0.4117355465041142	1.4777627298175022	-0.2014602961550249	-0.2754380165659297	1.2466631100855354	-0.27134076230977056	0.11909584054869947	-0.37142850708844616	-1.8379641286976873	-2.5960786768861	0.006457705784808032	-0.11097902617918097	0.363957459826771	0.6589456165824434	-0.9995633311364733	-0.6398217937564382	-0.11320207375473408	-1.173673398274066	1.4993621276411453	0.5284022431335128	0.34473144997051297	0.9735141828850643	-0.9753484586639216	-0.19232743139277056	-0.10275933388710293	-0.7525086901094133	-0.0768651095418752	0.22358589896407807	-0.2871781990011246	-0.12646508741092277	-0.24126340004403807	0.8253257918039058	-0.33651447750042734	-0.21411303528190573	0.43404099291539877	0.299844590883951	1.4231568501030032	-0.004470227271071329	-0.7017004891288001	-0.003230658669369006	-0.45928365529161325	-0.5253586046460069	0.671482162950843	0.7454853270591891	0.6097474216022376	-0.0203181564877219	-1.3912126887345988	0.8085213280780972	-0.4235287002880351	2.0973780383472307	0.20810756880213446	-0.4309206800530623	-0.7308855412633971	-0.8482343667697212	0.07067226770761607	0.6542005653730321	0.053983628045709414	0.3504549099407791	0.04805118113203103	0.9915475292161797	0.23012995708795272	0.022289185833407853	0.428888790780348	0.5109628175853318	0.342595705555965	0.041882520856929104	0.37203133830226326	-0.9929126826422904	0.7982242758338259	0.019356924942561478	0.09710015834718723	0.5056652728481205	-0.04540642050186275	0.39761325669709746	-0.358087271658167	0.6634190244676128	0.5553146071653682	0.47460357190932206	0.01519109562711828
DTXSID8026519	4.805359887368168	1.2379229420251874	3.442021988051812	-2.5095023308693385	1.057904416390573	-3.02537700369553	-1.4685831952652666	0.5543487778574255	-0.32101610259091795	-1.9764293126843644	-0.37944265918052855	0.45251438943799077	-0.8737026424632172	2.279941286151599	-1.4194696878139683	-0.5535968537016435	0.9748649444564578	-0.849659378269832	1.22601127870638	-0.9893504679279349	0.4497967667848255	0.1896278171924387	0.1921603120137096	-0.18585999328511235	-0.2905414934148982	0.2985855020106416	-1.1708370453413735	-0.005004011265729047	0.3705322599352756	-1.213643608377139	-1.0092498631488078	0.37363315374184103	-0.6473049638375034	-0.49018454646017984	-0.3932611392773898	0.5634095536456705	0.1735659529258291	0.7571749953392395	-0.658443371265591	-0.3372518743787314	0.19001549264828127	-0.3988325424600318	-0.06057945396571386	-0.2379027262335992	-0.1728215099135249	0.06338904257431761	-0.2506431880831262	0.2974243223921009	-0.03091821095168491	0.13546455068409224	-0.24146854494151027	0.14314653611379116	0.11622307721597647	-0.496808175779493	-0.18488168176145864	0.20766633632874548	-0.377138139033918	0.32659604867170633	-0.18301910595579804	-0.15587797276439513	-0.42204316287292215	0.1335684588023864	0.8349057658994113	-0.1430789953000037	-0.43221043629276845	-1.3501010028658262	0.3847848273059788	-0.1972413513105363	0.4067187309747138	0.35440571246337244	0.6103085705939861	-0.23533427150497535	0.410372383473759	0.01814629554024042	-1.331994660713095	-0.1866892319816028	0.06969208986745681	-1.1345120393259367	-0.5245310632764414	0.12808570067616837	-0.8015834727448309	-0.0019640321911441245	-0.6242705081551558	-0.3142655235463811	0.007984505344654695	0.38104486375880603	0.710161375906073	0.6052979453269951	0.16616895508879106	-0.38384287175772824	-1.1070888676135746	0.49537639681846346	-0.07630216368019598	0.22603462444067907	-0.21144842063379823	0.38195784411305195	-0.838648354844186	-0.10102663667135146	0.030211038034856946	-0.4289423267806037
DTXSID6049064	5.620727901049652	2.100268549612235	-0.9077929572845568	1.1036622042590096	-0.24929520738892225	-1.5272699147552724	7.3884333122906884	0.5751123532148114	1.2728272775637253	-0.3871269966417265	-0.39674155735890054	-1.7261418037275444	-0.030731124650357825	-1.604313300840056	3.1292719491759495	-0.3021602154878924	-2.576396053313372	0.5911580004786002	0.9813544004752982	1.982024952466722	7.157566705951439	-0.40878428329839844	1.0610042099839643	1.6488212619074143	-0.26284452655831786	1.8829839468179657	-1.4691268530463804	-0.3096603415950045	-2.301198861924258	-0.17469820536768219	-1.9384852110821753	-0.2716412954400587	-0.4510796916688582	-0.3420048321733387	0.3452623073051	0.5608226460201546	2.008626083834145	-0.908180901447055	-0.03072510217509061	-1.0975945761905717	2.4982795683829533	0.8369799438008287	-0.12923406367335727	1.435369606659814	-0.3318118645371475	-0.3313928483782079	0.1094032351160432	0.3484804688823604	0.036634302722876176	-0.3171911712744991	0.1642784487458738	0.02838935428207047	0.25573051194095725	0.2333959708197453	0.5389783720858323	-2.855160674296203	0.6129669680405065	-0.27735297963358024	0.5367634513153601	-0.5304267503004453	-0.5465458390686038	2.0426269271219963	-1.8288606723804384	0.4177004271508536	-1.079321863341673	-1.440895888159548	1.5874250167454145	2.249952768756679	-0.5715380254788086	-0.48366915275645156	1.2043102676921522	1.4598201043896848	-0.913873868180025	-1.3032956870359813	0.06985147034834166	0.7758737223855012	-0.9393350000523462	-1.002950402419183	0.955346344898619	-0.04544290080760869	0.8503513472859112	1.2344603379654568	-1.6513249095364015	1.4660731530627018	-0.8383417652341166	0.38186188143953526	-0.759685169003929	-0.8835461933019066	0.44748535924867616	-0.9993856062006041	-0.5117262611215025	0.7771736528525247	-0.8065437373542117	-0.3025183563623791	0.5287093832443308	0.7561466980090589	0.9179203344517727	0.07863165438701611	-0.7867086796536529	0.17770455609807656
DTXSID6047523	-1.0759883221829027	-0.27025430398347977	-0.8737734907931843	-2.1542641024268896	-0.1985755520454224	0.43050217609354513	-1.3322129386863488	-1.9393386469381684	-0.27974928546646055	-0.14532904262564544	-1.3141908035476135	-1.6417766208883038	-2.6375601829062165	-1.7217540222320595	0.457607796491112	0.2261426608953543	1.0421020867786908	-0.2541711223592786	0.2284677908053838	-0.4855989207199658	0.39086825991426616	-0.7085671669598588	0.395803900649602	-0.05649679950027121	-0.4443091498311171	-0.17103906680265418	0.3891387109232835	-0.7742668930441221	0.464877151128657	0.13585286120587184	0.22508335479027688	-0.5808943720550479	-0.13605220354203953	-0.417228840279253	0.037777520743076644	0.3871103728505946	0.18623864609420315	0.1707411024498488	-0.2752719816580539	0.4829411478889787	0.07732482124071224	-0.24545999463503823	0.16067654616688276	0.0722125345609501	-0.30748831393429066	0.24980658340479922	-0.26657374412603574	-0.10093195865576565	0.1822147665369229	0.20788165744621107	0.012191610616625758	-0.028346675969254328	0.17971473686062311	0.024107658124192063	0.047973842047702324	0.21806510176392882	0.23601799153255595	0.017270764575315907	-0.09095768889303364	0.1594738621585542	-0.17820501847981401	0.0464951443477208	0.2479109288246959	0.3501360569661853	0.028015599871945688	-0.5785436629497845	-0.2702943803795111	-0.15209276799430063	-0.10780753161592241	-0.27179211351521465	0.5827172676796094	-0.660158351204612	0.08080320435157584	-0.11516377495109635	0.1832283001819085	0.04587301282267464	0.7803809734838717	-0.06265762529380053	0.5367164063126355	-0.2551482032465613	0.02106925189792626	-0.19880305910191026	-0.03676039503102369	-0.2526355130538329	0.8666215340379516	0.2131163106487055	-0.402506788501503	-0.1830950785914734	-0.12617921390296574	0.2878535160793126	-0.1586982615399649	-0.19124859698899707	-0.20460050016077866	0.527467399415952	0.6459113183533188	0.07530755238826724	0.21366877207694057	-0.04108740335752076	0.3500435726930194	0.27626794612618133
DTXSID6046553	8.840700844343168	1.0187395455220332	8.784467488443484	5.002830726216479	-1.4364597491131272	2.7562715078133038	1.499396143976742	-2.568235863555114	-0.8973421644558699	2.2767761672878724	-1.6275975703275334	-0.20504048051702467	1.704905377876973	-0.34562602977682777	1.889676540595553	-1.424452619347759	1.7577980822419448	0.5686912219414819	3.0839642098865356	-0.8938376042568055	-1.4191711357758354	-1.041765299326354	-3.330239502575354	3.3180881905595947	-1.304669676540966	-0.4616834628716573	-0.17604421604193338	2.449361206624244	1.2393451858287055	-0.819733668619961	0.3516369772133702	-3.1177294212898694	1.5520727694068053	-1.5841821049811116	3.8856288346739807	-2.478543038073391	2.7762936841196137	-1.67453764887781	1.8038407810184571	1.089501136957396	4.004577869121738	-0.06424155791241944	1.1848485953648187	-1.9683396858247764	2.08044974002009	1.614292950704039	2.271936594768041	2.126596467968022	-1.057684119139141	1.4818956018515763	-0.3322059318437139	0.8538816101218956	-0.6729232581815479	-2.639207635587612	1.1084077574872018	-0.09877692753424513	-0.32884642826435917	-0.2467381117642379	-2.301652169744453	-0.4084597949268501	2.2213858585138397	1.4971137261289762	0.7937125679520186	1.3579159662227889	0.6166575841233122	-0.326269734282021	-0.7064273926761874	0.9693587332895637	0.9498646395428322	-0.45025580426521317	-1.2097178890720666	1.3651074150530416	-0.026403895353133602	0.5931945897400073	-0.05576482214146694	-0.1999894972164934	0.4282373935515293	0.3845464712908544	-0.26665169714756864	-0.03180178720720648	-0.9435971800298281	-0.14987424561940865	0.37459204501696586	0.4247042458998029	0.6315545155903929	0.26572137708448423	0.025942388459135192	-0.09186067645709795	0.9510160586864331	0.10173678345749952	0.1778089158033944	-0.6390515704148295	-0.5832902725272603	-0.27865865881166435	0.5027629018971499	0.25058902871531724	-0.04504630992609762	-0.8316955359711907	0.4329546534814671	1.4985080363848786
DTXSID6044480	-5.0400527116763945	-2.42465890289756	-1.1343493922632084	0.5016068001583417	0.03762677623661446	-0.15956093872610208	1.0174876792699117	0.49945479256648245	-0.907555097936814	2.8355857044179	-0.7018715383245688	-0.37844502200998725	0.21578328733400104	0.06371537759821638	0.4672146806175454	0.8502237566289388	0.6286589834297555	-1.4038653286931024	-0.47750015166471144	-0.9191696292819309	-0.3673189776098293	0.8092456278374515	2.453346964025764	-0.4680971047195476	-0.2420389042544536	-3.6996880892469446	-0.22663003291750217	1.8412982913277993	0.8217628506971061	1.6840280290216785	1.4865056006093766	3.2646663997523895	-3.8393060063082722	1.865708084149405	-1.7481362595952363	0.599890378988568	0.2825403920015717	-1.7340441993770688	2.623500103675806	0.921659564216318	2.9448057822847047	1.4976501219331377	-0.8364981276220144	-2.946014965528844	0.4896889353207907	-0.15571141027916172	-0.7737055930535688	-1.6319588567090249	0.42034784501057904	-1.1576356108782677	-0.552864140652859	-2.939997855433162	0.8904325298435317	-3.008830174705909	0.5077638995817622	-1.1806214239689854	0.586318344030953	1.50590541128158	-0.7780216382664088	1.209816583381266	-1.446703393346454	2.411927586659213	2.0110715738227127	-0.4752378072515725	6.57071626380398	0.8649480503344217	2.7935754332058407	1.6782165159046691	-2.6963624088606184	2.0128380227570184	0.034312465209263975	-1.374194673498802	1.3377651948169558	0.25364565866921196	-0.4504629591852478	-1.2946166337361558	0.09599829808655502	-1.2221688147646514	0.04994449158553634	-1.5393764783469162	1.3795594187236473	0.5215218519627329	-0.2983017605271775	1.981584087705658	0.2725439597063807	0.21277557199252886	0.5248606974703443	0.6160309095109389	-0.4861913073446902	0.13197634751647258	0.41098946127046476	0.3334092969794622	0.22660942197725506	-0.7101099543960487	1.104351693747951	-0.8797253331091704	-0.2947136721381923	-0.34971457392529687	0.2924088246773969	-0.5364439064654449
DTXSID6047490	-0.47757236529879843	-1.048959620331622	3.783170451447772	-1.0602083336577428	0.6158135120259276	-1.3741340061790586	-0.3357700289826377	-0.49190141858913344	0.09418722985663727	-0.7454685876580132	-0.4772398463429147	0.09171184469842289	-0.2537506575460083	0.8190066123995189	-0.17761528445927852	-0.11103942337402811	1.0446934181696759	-0.04545682647680909	0.43541855997667883	-1.3710531669836439	-0.217283852571245	-0.48717928318232945	1.7564462744314226	-0.2809556404913498	0.3472139141056582	-0.4556439570033798	-0.5508502811556761	-0.7396192384034733	-0.09235016652847282	-0.46490771980857576	-0.9503053901670809	0.6505962032385877	0.6276008620215439	0.3246620595138205	-0.9110331578983242	-0.22312160528080216	0.5639181578206547	-0.39399806463595716	-1.192383683931401	-0.9435728906057196	0.37400658320445435	-0.2713190373168726	-0.0812859795298855	-0.334123707519025	-0.0571007796490714	-0.48817786735346574	-0.5931163629709482	-0.5452770365711409	-0.029258040520404458	-0.11072099749932354	-0.07411435549868199	-0.7016621177081527	0.22602561323997958	-0.21402796062292345	-0.18677916466634992	0.5163435238063334	0.28725401827419267	0.11982657692796822	0.40099942472293487	0.47949653145649773	-0.434339084725769	0.5676822673056955	0.4366871570179957	0.18368360773715445	-0.7664157945310773	-0.2567609987180983	0.07178185417066633	-0.5424267515388316	0.6907121925145965	0.36876312583587234	0.08912713088470636	-0.21456952475092797	0.914290074608934	0.21210228810885645	-0.3497369565416838	-0.7011839151812941	-0.30569962204398976	0.048052507632790044	0.22261046305210433	-0.2221290757197542	-0.32056100083809247	-0.06179673602462379	0.01719627803602215	-0.06999200042672911	-0.1143600916603943	0.3747351507047656	0.09844792883946187	-0.6578652499442614	-0.16667761745738646	-0.0029467594894347824	0.11754895944245129	-0.2978855896305513	0.243728014480885	-0.060385846329377005	-0.47692240710771927	-0.3918548024689992	0.2251414747235942	-0.1090573018343731	0.1640050045208605	0.08197330648594944
DTXSID1047497	8.435403159382524	2.6598574131237656	5.985989367264557	-6.345968724636498	0.4172113591580266	-5.854585678230974	-0.9262075597738384	0.3334171885870432	0.23364000061112325	-1.5313902907212147	0.45942648017915777	1.2961318417737044	0.8458934717263394	0.5650862215796513	-4.418068402340782	-1.4837126227271917	0.5256388509636355	-2.0407935363715493	0.95349026364399	0.4068335176245052	0.5983636730964996	0.798917862303737	-0.24820976541773618	-0.049586010277996355	-1.4135467441308907	0.38793427919191226	-0.3520222000682386	0.5324673973263333	0.5717756535103957	0.08199490976037013	0.2875278816140276	-0.7762048997867029	-0.6865355721198181	-0.8839236393295378	-0.1175157835812638	0.8060060073410069	-0.35993519657655804	0.5803125449030762	-0.15908931612753546	0.5892094741743749	0.04547775822646284	-0.18299417048299427	-0.14579092547724623	0.04186853785796327	-0.11238529960985613	-0.07052695559586236	0.2652247626474276	0.22179627215117928	-0.10676023645723529	-0.038777061312360375	-0.17856350658325318	0.1891861904510441	-0.0759640689227135	-0.20368553441186957	-0.23050804169487063	0.4636322954381982	-0.5626647462479535	0.28308581994189624	-0.2961173780876964	-0.6858056269228157	0.1447192603886503	-0.22825361899062144	0.4585827006724202	0.23869739513739402	0.1574536930535017	-0.8535541793806585	0.16021668113966755	0.06900614252580219	0.032288837711661716	0.19077940493834353	0.7753177933302923	0.12258548760235603	-0.20385510134431575	0.19248681926786404	-1.0576220426352045	-0.011853350229678846	-0.020546859400053182	-0.6619415015037752	-0.32387642732751354	-0.30868543781039365	0.08821416914984226	0.24306600438719356	-0.6102379055461884	-0.4149852998898727	0.6533289741899119	0.0032411521766696045	0.3442632053570824	0.045342174379010766	0.33619943266243585	-0.0037879379082228076	-0.9210611863842845	0.6462849988392062	-0.3576560171536383	-0.031317174743464016	0.31128732534981207	0.5841194952605901	-1.0189777646661968	0.09515186732990627	-0.039761245712540944	-0.4275678086061214
DTXSID0057837	-0.8248254511978512	-0.9173651423149123	-0.5411577477262248	-0.233518792114325	3.479436334043177	-0.22472192595845597	-3.2870520005433495	-1.5597803562884003	-2.1813623104285287	-0.7552708014597662	1.6955155188908793	-2.4842850173979585	-1.3978169605819744	-1.1618038149786702	1.2590816906167623	0.49623901703279544	-0.3672022718876968	-0.7009534510535167	-0.7399534991370448	0.7770445243309266	-0.8760298555313846	-0.3207926093706818	1.12521527653318	-0.7999989909093894	0.3095845885539783	0.22723229208498205	1.0499017930591825	-2.289660517716215	-0.46733702601174015	1.2602688844291254	-0.6733529292897541	0.7023711028740275	1.3610799335707437	0.6426181670574562	2.4425205505653516	1.0433819601025895	0.3906284196198657	0.4259123172257319	0.5382159293992986	0.371769875665701	-0.1781606748326666	-0.11281155856473098	-0.6840217911546818	-0.4989856222074258	-0.28237478185553827	0.6792417002641181	0.05191333093058095	0.23053195545176897	-0.3637991887476417	0.5880824816825059	0.09063454816163177	0.19462167911459125	0.46508179179209785	-0.05839894893454912	0.499618175439951	0.4232299507472656	0.3510265339488317	-0.37805439698762744	-0.446235964708668	0.13471924079420916	-0.2540305554402039	-0.11236965660865417	-0.09704058191515764	-0.2964001068563128	0.2947083696663218	-0.3177392274998396	-0.3649574081606188	1.216202176826505	-0.10351302997410924	-0.02526843781387347	0.06611955275625354	0.14314766839328175	-1.0482586229280628	0.6861050258186073	0.5715727365575536	-0.5940151311783204	-0.105110942809166	-1.0883911164163576	0.06474828031616321	-0.6492157369033926	-0.3198984666890228	1.56235426625904	-0.5203750411288509	-0.1250847816226612	0.29571649727167443	-0.3291779647237083	0.3106694597134441	-0.6051071771125045	0.015985448560725316	0.17580953398492155	-1.2820332397669985	0.617324450746778	-0.45737256834262546	-0.5015391296469514	-0.204720185088202	-0.20660499578047298	0.19724909260982218	-0.6142790437948499	0.3126897984646846	0.5181169548232395
DTXSID9046730	17.97335716006887	-0.7688419398983452	-9.762503535482475	-0.23260538223584223	8.162063964797852	-2.9585709723576747	3.9275870161645794	5.72937900948276	-8.573217401573213	0.9171083418647926	2.5930422972262908	-3.606569411352392	-0.9562601982967873	-2.74154594574316	5.459415094501681	-5.177106492663745	0.9136899005594781	-4.268615641755543	-1.0344572033868733	0.26074144024919804	-5.180568096908155	-0.07795360356218582	7.685988134350724	-6.088299381158636	1.4422337325274237	11.333259086221096	-1.4520425216275672	7.2658580338953795	-7.820272566966641	7.778691807849994	0.21802121411569558	-8.35163574038335	2.0362652857394576	3.751695628078706	-2.8002654574952475	2.555763550231174	2.9019535124305356	-14.462519786209258	1.3481429376352714	0.9836904721689844	-4.732664415080914	-3.232836114413674	2.7555103436239414	-2.1954168223737893	-9.734084582726583	30.56794945827248	8.714874929623727	-13.681387425769076	0.4078912600926897	15.616190448882838	-31.88100249187286	7.03930396747861	-17.22282080254699	-1.2046498125054235	-13.299085933964383	9.430725224670377	6.743013843395472	12.950488182160367	23.378913915594204	1.7528455165905126	-2.2471416977734893	-6.060880348063206	-0.6306097941152013	0.22220743381104124	5.437654580629994	-8.933548100339735	4.5210405372629285	5.7588597064798925	0.4569716359017257	-3.709912839084804	0.21517862565035867	2.0477543941821508	3.452228133117371	2.6906073012711746	2.6536142512993055	2.928653811105143	1.3144544714721547	0.9104593153011572	-3.531677640589278	5.489523129952277	1.4416220027405038	0.538708989385319	2.364071789659172	0.16482536116468427	1.3458836505294283	-0.13341705261353773	1.569663993640088	-1.1136178102528398	-2.3200982239742354	0.21203719156681092	-1.6048845751168461	1.4519828155185863	1.0693286868097904	-1.7603886924869159	-2.7997142809540696	0.5851338183813225	1.6315599976133288	-0.6987536467629496	-0.10821176498624747	0.5043264657964354
DTXSID7045570	11.216098926043887	0.7484018064946617	-3.746874666019934	1.854169036343887	4.016177826262743	-1.9514814629437598	-2.165957370959882	3.634469435062813	-1.0526284592978064	-1.7736996086910972	0.6260640666988374	-2.5941959487418105	0.5006246956570422	-2.2616159707027643	3.8668713457386987	-2.137845589199346	1.7697793480148478	-1.7483803158237323	0.917665789312996	-0.33122622297250587	-1.3029726377037067	0.37297453531140995	4.070368140705267	-2.2120800105359	0.6727821984472931	7.731822171541048	-1.0000793325517932	0.6669098666634605	-6.492508742294698	5.547525214574421	1.067760650594153	-4.573139130907033	-0.3317504995417521	2.0379554022150628	-0.4167593004664948	-0.138094058308461	0.34340319062077423	-15.092307744373972	2.4926645251850883	0.7600546979529463	-0.469413088273895	1.0956108298569025	3.1387447995414295	1.9188573055900937	-11.596500493304427	30.994146394238786	6.667320924624648	-9.52373578061153	4.312444857082013	10.942634599235104	-32.72837128225931	5.1437075435366655	-17.371528563626622	-6.282500776626445	-17.407170842178992	11.369846968545017	3.5798063409955967	8.35912988806629	22.474293713779726	3.818467773321533	0.5802779200695929	-5.258985783329115	-3.3341820625832517	-2.2183855114250277	3.3708823176772866	-6.443872185361557	7.820269542344667	1.6882792837420053	1.8638899460215643	-0.7860273641797716	0.980797743198507	2.622461533138276	5.157316558658387	0.8671198139934531	3.8628430959107125	2.421233020263988	-0.8194680038453785	1.2276484914473766	-1.2245847403608499	-0.27345211635104144	-0.6589245976442013	-0.04664252000805543	-1.281835996528397	-0.8179788711958024	1.1497037699552544	0.770613094451174	2.165831598315827	-0.36737432344066806	-1.110229160122935	0.515338606199408	-1.097350541294987	-0.5918884795971112	0.650104678953976	-1.738072762672506	-0.9551047270475004	0.8587891137438028	-0.057719750383948824	-0.45441983597181435	-0.27715206116380947	0.31993551835510226
DTXSID7048904	6.834681811302145	-1.0119471371761004	1.5879269316534772	4.4274559592283245	-4.107280338959204	0.6437383280587821	1.7059938582728018	1.2617269252180832	1.88400656916921	-1.602796139088643	-1.5270074552064936	0.3506167620596829	-0.620915718096903	1.35171557161996	6.073955158243899	-1.5596334672935321	-2.303413250728996	-1.1492360092422038	1.8561695410551649	3.9942007736621603	2.4416080412616146	-0.9879580005923619	1.3415944672942157	2.7400989877546635	-0.6536479750987109	-1.4137999470078486	-0.5898874355850084	-0.19910940338287803	-1.3431295127469391	1.1799629942150693	-0.3673030173891267	-2.0063746088102397	0.5598343392888346	0.9360521915228153	1.5883195802760572	-0.11434217293709771	1.2483000345542468	-1.8150750347594233	0.06882386505958579	1.929319245930227	-0.47249136028379557	1.8298888950198278	-0.42413806465607606	1.7033078571524591	-1.8009636283050485	9.155732517582805e-05	-0.6480570352613733	-0.006438153133699679	-0.5326570007636595	-1.3142596286525121	0.33295723800735877	0.8620582618898739	-0.14611454513037528	2.242296930386414	1.492021288240726	-0.08395385652860082	1.9991718714314213	2.7466772292921875	-2.0030390385100176	-1.027102538744818	-1.9112429124356634	-0.6960232540097234	-2.3242394756232363	2.868348407373688	-0.7178036058454362	3.3120722188416876	1.750949794830833	0.010183328192805008	-0.12004714425611472	0.20132192880542146	3.276344600834527	0.10678302211279628	1.46816059184792	-3.9706215872777393	0.19729610553635957	0.2885225654298291	-1.739439159789196	-1.0123325382001587	-0.10373966559366962	2.292505316089225	0.7218919708192331	2.388933107479062	-0.33194448790363795	2.6503239192327723	0.9954457623170165	1.1671366174769306	1.0708232359634187	1.361467539340487	-0.6476619388614363	-0.00643475382550492	0.317655128936373	-0.26596871747552453	0.6652953286729877	-0.04100564075910261	-0.13125693229253937	1.1748310053878976	0.14359378942578108	0.58637629930873	-1.7196483723191835	0.18205370928091202
DTXSID1046421	-2.884163450047794	0.11911502459598008	-2.4637122740839468	0.10668544259229877	-0.9114419643144691	1.312006265493536	-2.8562788351057375	-3.328598639930025	-0.631809129066417	-0.26592415291480037	-3.798784279307415	0.012785773937443406	3.520826862545271	-0.8493942143159147	0.16041823967973665	-0.672968113317417	-0.92431142204129	0.3382828075805524	-0.4048396816181557	0.05618533196312484	1.3019968898567746	0.7711376280742832	0.05305418972013566	-0.6453174256306855	1.572784946673578	0.8349481786917955	-0.3035419076859676	0.6771603717364878	-0.25668799486236527	-0.6063134693192307	0.8692638962853796	0.28214586799463803	-0.1748904462604779	0.1195240535247285	0.38344600986604094	-0.7455072457331253	-0.8684645481045792	0.017257693440674814	-0.05553582963061905	0.20850439999796622	0.13687163084149592	0.26716080627130717	0.3429101885959528	-0.052495262562696016	0.2700112831529694	-0.3331069782321089	-0.2565024853478992	-0.6986310265019108	-0.24241662273043868	-0.007258367002598644	0.0058912549648086855	-0.5350829952281593	0.28339436923771094	0.038707524870259816	-0.29625645418257696	-0.1903791030916912	0.389330952757079	-0.09693861070441576	0.11377989557153478	-0.00562022926676655	0.1430015861068402	0.3551863899974254	-0.2982022757006863	0.7265834695913307	0.4294563874278344	-0.07990926588603821	0.3356042168491956	-0.4860684071451208	0.22995722779364217	-1.308204372696857	0.1826587795241418	-0.4189317905203121	0.022239524862012857	-0.28980976979159523	-0.33868486020116684	-0.44480731938744417	0.6830310055652854	0.8779490446234948	-0.008906072830194265	0.8132978178831386	-1.3062163456302214	-0.37068689467910393	0.3843693237633551	0.32104222994937004	0.48505045783520767	-0.11633351397984801	-0.15215007714522485	0.31169642611437065	0.2860243801899326	0.8842539241736433	-0.16052657470336987	-1.0339975559512817	0.21332404035659855	-0.6469411181944305	-0.39301751984791694	0.2986993731989927	-0.35008745923724766	0.18479205753852512	-0.18673698254932408	-0.13498833617684577
DTXSID8037752	3.4325292255412747	7.186195416075582	-0.9540408838667606	1.0315900410204797	-0.204999714856679	-1.257445137352735	-5.093847679952318	-0.45522725455557533	0.43993381361774236	-3.9446272546451535	-0.3415912247981033	-0.4789779461140273	-1.3729428684584444	2.3377528920404904	-2.392013246549449	0.7255890690723594	0.8960486379083058	-0.14775401316999495	1.5599363241650366	1.0656723810262907	0.5473136019554206	0.17048840651773528	-1.58956562050974	1.326815335767334	-0.6844593946836995	-1.1048367574434184	-0.08910402840347431	0.4552908706847023	0.516635001564281	0.4838864757690983	-0.4157359556661873	-1.996503583297831	-0.25291472507459395	-0.43482850429582076	0.15629434833516248	0.978176256303524	0.041238810853061546	-1.2058417123677385	-0.6485739913955992	-0.985400800889522	0.3195943490527839	-0.37782752043682416	-0.3568227488716046	-0.03858685791375195	0.23696217861510563	-0.25863364832647817	0.36465568809440274	0.08794430997151098	-0.44112449338889675	0.2566532728904167	-0.4965964899303384	-0.5187715239376693	0.1376049583899038	-0.34619280417101245	-0.9589290231208215	1.5208841895288339	-0.8375828805447785	0.15318588390906965	-0.6060693884569417	0.6037401651095253	-2.2328850575096824	-0.55475652948996	2.377113204790548	0.31225242402600323	-0.6621129172373393	-0.8321607714141928	-0.887089920858455	-0.11120642339780987	-2.2232427892852513	-0.9476076134340187	0.7295754109576624	0.6421459080877803	-0.11206245157955083	-1.1668080219136203	-1.323324664117794	-0.9902495621927161	-0.5675128318343673	-1.0088124620065826	0.7372044426738465	-0.34010485758802217	-0.45460946385712947	0.47016216534717675	-0.09383767012450908	-0.20356136716709078	-0.19393977071425475	0.2753379130985854	0.2926283021690225	-0.37691048204415684	0.7002992020493997	-0.3404995791231424	-0.47848979034119826	0.15710262479895606	0.22587505869953742	0.050706711945424456	0.4558329930886454	-0.20463549256450345	-0.655927708115418	-0.17249195371172912	-0.032802258052186645	0.09621700435539036
DTXSID1047817	8.504440059635439	6.00887751618861	-6.205189492807641	1.079498374749242	-2.728003844617929	-1.5520435028285564	3.0389842127220135	2.3770865130810757	-3.7937799528341296	5.011690687249531	-2.486996046144047	-0.39524389330685794	-0.8650780833313249	7.5518663214616755	-0.23551870630016353	-2.0570917493348357	-2.5991269522493363	-1.0146867809364177	2.4648652755788216	0.7726653248395549	-2.221668295228058	-0.05277283804484178	-2.5382778530420085	0.605465336663237	-0.06546357929202619	0.118448901772738	2.448005711319796	1.1466748897707908	-0.44435076938795903	2.1856259143210175	-1.2058364035985665	-1.084131239771199	4.818566642236837	1.5448607260306693	2.0514410183422087	1.3292400350981262	1.5606679937067245	-2.2535568875489562	0.907166580092756	-0.06825710680817568	-0.045722398804995644	0.6084902035071375	0.35773857827647043	1.41622222857295	-1.1088686237207275	-0.1357760433468256	-0.12341693148547511	-0.8579409158382642	-0.48916279437248367	-1.9533948831644352	0.4558406625567372	0.004518729034568973	0.025294500663947197	0.7558084228231804	1.4276867818182308	-1.0259234875581744	-0.1825660620452532	1.0009884801471218	1.5775505982561289	-1.0272275578809944	-0.8090362245359173	1.8328121309454823	-1.3612472794118202	-2.3957730735416836	-0.5600380704305125	1.5006020854087925	0.07336489051156948	0.9966637438331085	1.7593773278770657	1.5179770845740088	0.08310581199308065	-2.202022213953014	0.10681510238401558	-0.612508678723443	1.139574332282351	0.759960179132146	-0.4905704928731924	-1.2911846764522277	0.6280855754935317	-2.4145785659650927	1.2390570483946923	-0.44462226681782746	-1.0231742145431924	-0.15084067986457061	-0.2171635417677886	-0.5847843752135395	1.8309796957358655	2.0436931612638913	-1.7495976545977356	0.7308526996904162	-0.25973828798341764	0.5890404434334914	-0.5143417334206563	-1.0012760266660476	0.6273091142270832	0.07810173390351023	-0.3643804043263095	0.640785826101238	-1.246804151418645	-0.630624073835951
DTXSID6025303	-1.9372385437426285	-1.8869617106485324	2.8447618844553517	-1.2556365863540824	-0.9773230790879992	-1.3332718235368548	1.2648377221980192	-0.6527704401373435	-0.6807730822606403	0.44022317485067036	-0.6094261206049041	2.095340668727258	1.7243407238642194	1.4878015954703032	1.2712081950503855	2.683026889193054	3.903052509633975	-1.9746087232600649	1.4391587635090517	1.0922506070554876	-0.753167949834899	-1.3949722170597796	-0.786594751211127	0.17337532814164533	-0.6914934886995063	1.2561213927926196	-0.47992316831487936	-0.5247015580359953	-0.9392072545175548	0.2344850160389144	1.2979343747231202	0.6281323840338091	0.2010061582875126	-0.32599170334077865	-0.1489619893781909	-0.5828021770188542	-0.575754672362142	1.5758247667888206	-0.415769245523749	0.1095844546894424	0.812743134435072	-0.03828624053225235	-0.9836836003162656	0.005664554804170414	0.22902451291170128	-1.1303788801926113	-0.23916510822981576	-0.18921471332952924	0.21188057557045953	-0.5697163915327618	0.23470882515882546	-0.22789719628183966	-0.4689599956457713	0.023594828411446677	-0.8336663138002512	0.2989195607908731	0.4487775411059925	0.5027589775908184	1.101497359016419	0.0020859421987606632	0.4812306076853625	-0.755348005368902	-0.8685779533618266	-0.20392491755032563	-0.3746117939383749	-1.1259045121529065	-0.12604731301419778	0.7466255464972639	0.10746534837089623	1.4653161210511867	-1.1551282853653242	-0.3826226276797599	-0.4488270403829252	-1.1895965980656986	-0.20319770545673094	0.7303347200441633	0.1615986492155122	0.41940979634545994	-0.41993211190272883	0.3716241142908516	0.19200214889025968	-0.14042702791000086	0.12685301526442125	0.6395043495696917	0.054990829386961614	-0.15135639780686577	-0.5837677838256297	0.023051100332835577	-0.006796866370704608	0.1717097304133554	-0.15526646099229888	0.14936966945526525	-0.03807770761334785	0.15142521239262327	-0.040737810315766385	0.2165026750319595	-0.37155958921864407	-0.13438710414507274	0.3526546457796996	-0.2682697952289091
DTXSID9020821	-3.822998542432842	-3.58557466256331	-1.104776688710584	-0.07859407593265064	0.8010166178235967	-0.22178463153225442	-0.702207656528782	0.586299919656645	-2.174067201166721	1.3036902060723496	2.0082276731813224	-1.0923285659590778	1.6430863417254855	1.1725088826940038	1.7526571956474302	-1.2640805486367905	1.7146280570316452	0.3471917870070074	0.20621529425558674	-1.03965971839649	-0.24704731537731772	-0.003364919809700998	1.7156922274087796	-0.5488108557245864	0.17547832134912542	2.4924319668209147	-0.4727584097936503	0.05231639276243806	-1.8317032320559432	1.1436257668877485	0.8381480070841842	-0.513478403992911	-0.7471637306674574	0.450533118736834	-0.6100199951085767	-0.3147057384740562	0.3165105473089414	-1.2601553916754284	0.007690929042154138	-0.6001122441152069	-0.36559402528267393	0.5485960464946393	0.6524606836069784	0.002211797073142035	-1.0949192406884378	1.6401783906201333	0.6178684627763248	-0.34733221663923236	-0.03647914787388959	0.1481382247894823	-0.183619837688349	0.09559526456004884	0.21034726684283656	-0.1928343764501081	0.3330768916059389	-0.6662810743899905	-0.22762727959554768	-0.9799288587321487	-1.8086703989426478	-0.11533537863721596	-0.1643218592826274	0.2876271799916848	0.7389883054333907	-0.4719194818842949	-0.6932810241169233	1.1461049089090787	-1.7889125541327833	-0.700814276180865	-0.856047787016325	0.84868960989664	-0.35316182370455584	-1.7639029176096104	-1.294559315133565	-0.44752161924106826	-1.1632062442098092	-1.5287614373530445	0.3371388768458498	-0.5340895379060757	-0.7363657103798253	0.8851203448160966	-0.04805618006823979	0.8260220069946557	-0.09541702915363863	0.4437126184396419	-0.31391869262142663	-0.04065666521546892	-0.6070527482555009	-0.36564954351822065	0.5834775606411965	-0.20386054368928241	0.03957537730792326	0.046130447495312775	0.13088951424156273	0.2562975386562419	0.5496689270481738	0.16314235151010548	0.5321043575803663	-0.20562192754173977	0.3738501579149961	-0.11661018561983502
DTXSID5047954	4.49652321134076	-1.844760385578808	-3.0725664603530016	-9.066548195370233	1.7699143161271989	5.5830799788288274	2.494419067964511	-3.424152684908179	3.1712954442536465	-0.7575812448788796	-1.1535045131456354	-0.6685673563453467	-0.13191907660803867	1.0194580952888888	-0.26081877787446184	-0.1852006065448502	2.6522635054637798	1.7849858848515001	-2.8140847969250222	-0.11099445502863228	3.4521848325451696	-0.9990178062419216	-2.4547949654751813	0.34170225567397255	2.8213196206171993	0.8822012462670655	0.8573859152077815	1.7662785219165964	-0.3509738391257599	-0.41557452163162417	-1.0311403684469551	0.32490460832545104	-0.6230150903173742	-0.28877610617163185	-0.7395134346781841	-1.5258850584190866	1.5684890604811836	-0.5556703902458296	0.49909485088915984	-0.0035087470327506078	0.5716329053444964	0.2889415259345959	0.3350992257280593	-1.342693149652127	-0.25056750159661584	-0.13518521495682978	-1.236847682305776	1.5156962432157257	0.7779076261252014	-0.38287667496344835	-0.13296747865812558	-0.20254485831375846	-0.28651450285941604	0.30404443271666176	0.3066019507126783	-1.230002969022157	0.49535232519563865	-1.4222666636010959	1.3194199372687014	-1.5798767031543697	-1.0922012067524687	-1.4463006650384589	1.4304447789590005	0.16770913133113136	-0.32000119852996756	-0.30542050423223277	1.063049572575305	-0.22215480584043992	-0.3225466241353401	1.3130920652821298	0.1380446186177981	0.7318292027902373	0.18755595833139108	-1.9429718828657423	-0.18260920619822074	-0.0743380058214519	-0.29424713985864187	0.9927127992565054	-0.2728366683007178	1.2321389727248129	2.013990251556824	-0.5933513863887294	-1.1504765331073181	-0.8306718819583787	-0.11597697210101215	0.5740380631983032	0.727868311426701	0.20503306240871183	-0.6164010738351743	-0.1990022733317694	0.49156440642316807	-0.1381941004378531	-0.14445357468232045	0.56495156685621	0.04035568872215242	-1.3881737600974935	2.288097772350305	0.12868811291267446	-0.06934428401604482	0.9389892511599756
DTXSID3046584	-3.263583226843699	1.2521903718931298	-2.8384955235657237	3.020570307104671	1.4136835259623697	-0.22648535454223345	1.8657350476978591	-1.27991920052951	-0.48764367650112733	-2.241461721071076	0.9277601496588125	-0.7938471065040674	-0.152746670428656	-1.4248170112305254	-2.18776251502346	1.7227924105574317	-1.2896593804359064	1.1078417636369458	3.2280767619212325	-1.4135155036516835	3.0963979454831754	0.86650527906802	-0.0770628228824263	0.818166528421414	-0.7033367609382566	0.9830385143055078	-0.33639703427066964	-0.09670174177825078	-0.43511715522252586	0.29759860025885043	0.7594508893112352	-0.5374524722484149	-0.30376393955174313	0.20231761721764616	-0.5173241067139236	0.7516686674893714	0.0948021715260562	-0.2804041593171989	-0.41149619701993645	0.643950738755552	0.41659672865806807	-0.4896935468052627	0.19154515824296234	0.25744144280403247	0.14434033953642014	-0.6834720944011514	-0.001102538977352158	-0.05718217918964618	0.0556974919834975	0.04149481534462277	-0.12223050455082493	-0.6484074408110363	-0.15922988838311455	-0.29419332906968443	-0.46084029398603954	0.1256980551364912	0.3982573199714087	-0.07147177867704986	0.10840249620020949	-0.20636494652910442	-0.40049910805737987	-0.2381504161199343	0.8251720169600378	-0.1491124590582038	-0.10029541740605626	-0.5770057899915396	-0.33006351142330087	0.10474003639195602	-0.3361731470149994	0.1529274252722121	0.08133048525422204	0.9043813410127345	-0.142620284950485	-0.44019471161158225	0.3793893174601928	-0.7309804051896062	0.047371520161885644	0.06589435877845827	0.5447707333178241	0.19259513833068825	-0.4107462801614178	0.34939294546037497	-0.43551268060807974	-0.42709371899843795	0.0639112800247768	-0.5674548799397892	-0.5707436546580053	0.006781041014266787	0.5045288118308373	0.4206777135883318	-0.20062012795149345	0.22519929085115548	-0.5922207265866188	0.5082830002949071	0.11638643906560649	0.6159276990226794	0.32613744399986605	0.24801762706002714	0.07637800203994007	-0.14726680730451
DTXSID1046768	11.517999786261427	6.6143210422887675	-0.982573359664437	-2.635201291263116	2.1737757547250753	4.289974018580738	-4.190662680802635	3.329777519284053	-6.797923705119644	0.10122011906468384	0.23335559412373202	-3.4937067411537845	-3.29037540578031	-2.3881175830750565	1.6615462269951446	1.0723659339656955	-0.7247384677975829	-1.6989653019095232	-0.23423364071060337	-0.2922146982140346	-0.6309254210530271	-1.7480425373130508	2.7503090027540447	0.4222394990789415	-1.7471293327246447	-0.4804692837859766	1.1523733500921811	-2.2704817718312724	0.08280981281008164	2.1104526764464957	0.3438127033086844	-0.9551866062598023	1.227976860487949	-0.8939586103767119	0.8159886776129294	2.2296219215495343	1.12165014435314	-1.4050926376169879	-2.004091068271085	-0.5788523175150633	1.0263269810440951	-0.11897083780641761	1.8495156182540269	0.23193568823924965	0.2876087610159156	-0.8229060999977711	-2.0140569155059755	1.0453426931379495	-0.4055462511941432	0.9832290488162476	0.3340088496002797	-0.06509845263779064	1.3565553993554698	0.7763922453988343	0.8175575079806752	1.6934730191387475	0.31932472461256334	1.098447343368032	1.031280922140556	1.4292888002645279	-1.1422827357013206	1.599461577554112	-1.8543587548863147	0.28708220695106623	-0.30100963449045126	-0.4017173080279063	1.2726267731245984	-0.9050700386237988	-1.8103790954533248	0.6061012456693059	-1.1806049413614368	-2.0549562253982554	-1.636008290546605	1.719501579710092	4.5305232401939275	-1.193062644324988	-1.6263623466785222	0.5300449578884097	-2.0448906120107053	-0.15901362556637405	-0.39768324322565235	-0.9862931150449299	-3.175592885054105	-2.1207649521335936	0.9927698271320349	2.3873288726158615	0.21693389343598854	-2.9241804222987198	-0.44977847027307305	-0.3084010200465562	1.0837003300137196	2.049722126193185	-0.03863659238412741	-3.3117601305061126	3.4683861487464998	0.6315969658354101	1.9832822750338173	0.7990434721369191	-1.0656504483605889	1.0936524055568908
DTXSID8021438	-7.858235269914746	-1.9290417757510614	0.15999141372976555	-1.1650061479099154	-1.433713207968691	2.2633338420468743	-0.7393123842646067	1.3888852402932825	-0.31714627940771783	-0.004565286120634769	-0.005806089631500102	-0.04531730227975457	0.024374750214259545	-1.0508996524579262	-0.7377963660406901	-0.02903984886880838	-0.13421784519797247	-0.5209784883263369	-0.1460602857194552	0.07921526867125649	0.17996243539855214	-0.07551850550639964	-0.05768046790838213	0.0365053369334192	-0.09624202027950556	-0.5964435153335399	-0.18911551864671997	-0.16518995517850088	0.012575523511535175	0.00747045925195354	0.10168710495692103	0.5668804236500925	0.4095135472581723	-0.30208264491781184	0.29849706234607065	-0.08009693856657045	-0.04241083054006992	-0.36544140494086297	-0.03418117245974488	0.18937787610541065	-0.3230533945793838	-0.1308115504412619	0.0201734139246817	-0.029920773262080123	-0.0368958568692401	-0.16286219929731086	-0.27239782842191673	-0.263586072297097	0.11584023518034663	0.16106565807831932	0.09947557300112886	-0.20049322896834282	0.15862111595837203	-0.03715782785577727	-0.04260177032616286	0.29530651194450525	0.13086574273737048	0.02354049781702533	0.19611483820924902	0.034244443499463435	-0.18650738358345365	-0.03434504947110091	0.23609265375087649	0.13452566954604436	-0.1637202401657387	0.2575310902636494	0.18375242100258873	-0.1335569694593698	0.037230080311328684	0.41412485175896	0.4319069113982789	0.34721846287833663	0.21691936203214163	0.2845815998342282	-0.34406051045929104	-0.34744124108033914	0.10134235312370404	-0.33577856970894593	-0.3540062032491859	0.00015211468258511242	0.314935493063596	-0.6786557757029242	-0.35436804245650483	-0.6197208027953991	0.4303806205636489	0.23834400591725052	-0.6692347778930385	-0.4499802462921634	0.15403768998868544	0.3638844785986007	-0.5315988432345883	-0.07132108719923544	0.19690250007984886	0.00851455800721147	-0.5494054171902033	-0.5150806116818856	-0.3236328656257167	-0.12131770699555101	0.10614781279499387	-0.5519205026436669
DTXSID5026548	1.6177623276507986	1.6339414527314087	0.1320299798708671	0.28550665479964665	-2.848268956700458	-2.5804002515078457	-0.44651712577684904	-0.8233199654814524	-0.9211906703165408	-0.21188261260989788	-2.8601935511230265	0.11867609082560367	3.891253597478318	1.7570668359500556	3.534020725331522	1.317425996744558	-4.4393287864461515	1.1120287582355577	-1.3055883692679464	-0.4067575300492027	-1.2717043487959618	0.9821768734630139	-1.1121694975742973	-1.768956963336333	1.7162745064909048	0.14489183214361231	0.08689534877185308	0.3283047264034601	-0.3847695073477948	-0.3283398509177529	-0.8244439739817159	-0.08480175662394143	-0.35705685992065717	0.2905303110675652	-0.7449033252244966	-0.9317277451396826	-1.8266327301195022	-0.7643757851527733	0.12268272898114915	-0.0562637127832964	0.1572271573826854	0.210212950712504	-0.31862781378308397	-0.0774002475470912	0.4934233586400133	-0.07092510995316276	-0.08175185485112135	0.5168099298849966	-0.16264875526960454	-0.01844983887261954	-0.1611527686567682	-0.30547826500026626	0.8549590577378342	-0.21689000766970482	0.6879712242384276	-1.2273436435492626	0.03915927263008279	0.7927505839441218	0.1347026083483446	0.001877279297657168	0.3066209084549219	0.14347703468678807	-1.9301245635470503	1.0635166756665726	0.6905196554775926	-1.0263839368750038	0.6342093354931921	-0.3433323754112869	-0.5859568027636027	-0.9636479021654963	-0.5672931649116645	-0.39404155079718806	0.6652189467585717	-0.1014039585083592	-0.5945819264061618	1.373448876824287	0.24732175817200974	0.5776247692007542	0.1009149039691581	0.6615662176083162	-1.248463643044686	-0.4334152662791804	-0.04285893982627812	-1.0221486634469046	-1.0165296546287281	-0.27247361854322827	-0.2784760388761141	-0.6249028118669583	1.3063258199736199	-2.295331229718209	-0.35690153010813497	-0.04259707936763621	-0.6476072779091838	0.03602238303881756	0.5279629178148015	-0.40682933393928894	0.9497559330190685	-0.38007724027740775	-0.4286685135718768	0.11739478342227747
DTXSID1044518	1.5509347526639081	-2.167816700642047	8.195532629490431	3.118037817504473	-1.020646144260187	2.566959853290019	1.5392726299963997	-1.4588339226678366	1.230626970098503	1.7133387616366942	-0.20632743571892584	-0.4351699495129227	0.20704976157941762	-1.5460675643371489	1.1842724289350648	-1.6015025388081816	1.0621195336220364	-0.5647943273396301	2.3091116677848706	-0.15284055540979974	-0.17590101888658208	0.5839241701220719	-1.0994753676141493	0.3467880746964124	1.0468792615070819	-1.946524723062746	-0.9155128894439589	-0.0016199846810269931	0.20822995040482367	1.082903915228004	0.5292950184941808	0.24585289157255819	-0.39624606478704416	0.24511987316467748	-0.6902305426672221	1.1346696460599064	-0.704878202763461	-1.063391514630199	-0.009483866445253486	2.0387956449916254	-1.2746389088074186	1.113273737754669	-0.9469497642040288	1.8495858590512475	-1.5247196380293062	-0.086453934787561	-1.6408409543948341	0.1555742165383939	-0.3168839201256995	-0.3437514318490992	0.057003365469690884	0.06280755268489624	-0.06535377782606168	2.0357056103047837	0.08077765884450014	1.998461143385776	1.4896098444790236	1.7326248475380674	-2.067775267397417	-1.1402612052407395	-1.8402142949766485	-1.7607064645156483	0.2849842340875476	3.6756979355200654	-0.77420658584511	1.6713993199970365	0.8147021948234762	-0.9325305461748068	0.2609407066909603	1.6956073814922625	-0.0036542919405648145	-0.15223363994088135	1.797014585151725	0.06077396344750418	0.3856261066564524	0.6855878227807218	-1.6489898503895948	0.7813547518391595	-0.4142278882157963	0.9633383143695208	-0.9487694726090095	2.5458986027131427	0.37519184865161564	1.1516182664402803	1.0877621063410918	0.11763257682804011	0.028851506269592753	0.05692062695425987	-0.5494353339644494	0.08313926426830186	-0.2749707010653679	-0.2587229393322385	0.952240562377842	0.703891152046076	0.9965439151787759	0.32027742691666916	0.3910395023220517	-0.23282760788409992	-0.7443265501440016	0.42374720058122045
DTXSID2027206	-6.484070259311255	-3.1517993346203705	0.6226634897031761	0.21978380696463626	-0.9755637754153366	-0.16127785996158117	-0.6218554122370434	-0.7430663170242849	0.2606002062850742	0.16647217029619807	-0.17116746476065986	-0.1909853205493527	0.07479121634987057	0.06716181535930298	0.009808237900877878	0.3155454868176231	0.3963789516541576	0.3856837300991868	-0.4244010482098047	-0.6579798343046787	0.0744437983938496	-0.6341193191597707	0.6425652926893365	0.22990556087382996	-0.5595965572191521	-0.14850652769091788	-0.060687211830614	-0.023094663922850846	0.0891062351528992	-0.13267863349478046	0.20755606675302976	0.10707185022400804	0.135634988999752	-0.40453765292673344	-0.3754490401150285	0.10070478576670305	0.2698407996045414	-0.0800669868400591	-0.23018662199117493	0.08003608490131962	-0.058025600766754844	-0.08020436227120244	0.0007240084915358639	0.23253233672455687	-0.017922670190214745	-0.16903687344682697	-0.06192581160412112	-0.40013105554080286	0.022961180797567003	0.12921403119912894	0.03658290564162278	-0.24740267748725703	0.11662160225701063	-0.07669428769098709	-0.12347775667364502	0.08015287201849387	0.20671069231131836	-0.11799941531746355	0.10072421661258907	0.33046168793755687	0.03861512335796718	0.0048121938911229985	0.2000030528048194	0.45339402146556723	-0.550930292555485	0.25485574774408287	0.510322991912417	-0.45809435579175484	0.029572622574243836	0.09981860533574335	0.2007370177678987	-0.13439431336673996	-0.05642843898543829	0.251519486528239	0.36632420436585145	-0.42359355642587554	0.012048771784591532	-0.07395728966603039	0.03785726128695791	-0.38701571196095075	0.036269903678397115	0.10617411502948185	-0.4601732255601346	-0.27901900892023457	0.16822553246833377	0.15156558879040638	0.3877935060964598	-0.32223533189857795	-0.18525250036743424	-0.18860784343847664	-0.3605099455669923	-0.21330978896242622	0.16015439366443124	-0.12396870383132769	0.003957417707518531	-0.30707705361658816	-0.14893547696400147	-0.15591452722987645	-0.17963475147023722	-0.03514218923646177
DTXSID2024664	-6.378090692830072	-3.319342853108112	0.7794041794928792	-0.0002476246444048513	-0.4711561958851968	-0.4021449685849181	0.43002781574954607	-0.873832438488741	-0.33646019182142806	0.24578975747213405	-0.3925847883628312	0.38206436622325946	0.3999695717740145	-0.03145407120402129	0.2920570001136602	0.12011559076233477	0.8232836342551383	-0.19849623729747073	-0.5767929839154702	-0.9322997359156262	-0.5515757497713576	-0.5717492718985442	1.0528652894892476	0.14869054180663213	-0.7160436199320062	-0.051731522949910846	-0.4184313847419482	0.7087065483520247	0.5004827632682998	-0.6628807879050259	0.12592458529440326	0.8070994009458649	-0.533917102665833	-0.3924557182168059	-0.9196351668332287	-0.10141538551121847	1.7832621335228669	-2.118767987239479	-0.08516129983505052	1.5632915816563007	-0.3091305532277791	-2.5361739488775905	0.25822533122240493	-1.443799187810247	1.3774249413367063	-0.6319669377654591	1.5319921029425556	-3.26612917730142	-4.170538000875704	3.7623515485575147	0.8299622377126221	1.2744433012365448	-0.030676177000053043	6.393122949645763	-1.1159896542097478	-1.750109154188143	0.12415852510436406	0.5402432590834629	0.1493627272197638	-1.1254143628847948	0.049040773256112426	-0.3751329542742876	-0.020845403766756948	-1.1281793962577114	1.6521065721120594	-0.17428373658651472	-0.33717492825811035	0.6023455608129309	-0.23026073141219328	0.45156939189842416	0.6596940836308997	-0.022626985751823404	-0.4185039580785051	-0.4136008705332809	-0.8187151224526129	0.3507368026259188	-0.7095935365011508	-0.09481538935644034	0.04161410992117321	-0.5126319088220445	-0.24046655209733256	0.17203621227528754	-0.3501514125094922	-0.19932543498388444	-0.1757314907047231	-0.29211397542748924	0.5574202525228782	0.14193406379255108	-0.3442692390185523	-0.005062390177840384	-0.30751375662553265	0.029858387777039693	-0.11479897886530051	0.0083509157967647	0.05529901832614756	-0.06880809513274991	-0.06288461719762743	0.061001386039217224	-0.1371893098937287	-0.045489639892670235
DTXSID5027358	-1.3024295891539213	-0.41783681014472057	-2.466563219994586	-0.09579712942216703	3.7552646219828336	-0.39451204172098453	-3.148452767707508	1.755127022727979	1.5394235007995318	-1.2717400933024514	-2.6185648844504987	-2.9478014420570577	-2.4760584409124795	-3.327128934586485	0.8342995218809836	0.4943422021177858	-1.1474487495477403	-1.9444375093151156	1.669729680749332	0.8491459551270305	-2.152564207661409	-0.4132306924058858	-0.6063180154705239	-0.535350252865275	-2.130496543000586	-0.6481402413679137	0.4694503625823725	-0.7295988635950387	0.22948168817521578	0.4008934536984133	1.273885925663332	-0.5667605832557285	0.7018463464373884	-0.7029182658724958	-0.3709592719173421	0.8434449049090524	0.20487771521313625	0.8124152462494624	0.14930099538727443	0.8937663144929345	-0.4022677158495061	-0.24297921636271494	0.20802181688705582	0.5387480319000596	-0.18775664117227273	0.5519091323571506	0.0974591706210025	-0.19088504012747454	0.13990916023040884	0.37097558852011003	0.07682431035360822	0.022708806785016605	-0.3030798687774594	0.3343664581003554	-0.14596470094738426	0.5455434085994233	-0.34936865490525426	0.23329029300223916	-0.7785191052609877	0.22394677915318673	-0.05857265864081985	0.13400935137480413	0.4899636398510963	0.5626670338960176	-0.004975397229322216	-1.4465433008202793	-0.42911246420187105	0.5969378772695446	0.050638215649220476	-0.017052977067394007	0.4094500460155264	-1.0756817650149666	-0.5119364324022984	-0.6600873533145583	1.5906278823909505	-1.2356933890356157	0.33948683747652053	1.26856433647586	-0.33791613642057844	0.1650029190967828	0.882214370528006	-1.0165967996710805	0.2838099849145687	-0.6020484849061964	-0.7439731297592866	-0.10709126907619748	1.1667854612630673	0.5625125856376314	-0.9606514569005842	-0.8260489775918363	-0.7714440724784762	1.4099206107955335	-0.6999256148026702	1.9912408973453843	-0.18221943642996036	-1.327209347175515	-0.7856963961381729	-1.1283065904310459	0.7631747398197325	0.7855001908817935
DTXSID5022851	4.308099166904118	4.58463097766219	0.26929668803255324	2.8721861287765615	-2.648243522872342	-0.3549320116645427	2.8214620975239484	4.034504364534385	2.0137032312643623	-1.020810412268309	0.7125983332741841	0.9241331176130089	-1.175273477531971	0.8331441939812972	6.432221769578318	1.8619292469833677	-0.8608422968786505	-0.48877225271648606	-3.8134675466894477	-1.4305405515646394	-0.26801895916700286	7.763992056909066	2.0312592391806463	-0.38317697907707576	0.5121915406931423	0.8670741311707422	1.9487169484300249	-1.107896183820717	0.7180651513299936	-3.04094117761897	1.0787655083749221	-3.163596667900962	2.439179288098129	-3.4651302061468905	-2.148954250771273	-1.8474923871690303	-1.4297932781449325	-0.12247439448407897	7.381572790318915	0.4086957552700317	-0.5772984048818683	-4.715400810685482	2.3534407453003747	-3.361398998997619	-1.748089223489708	-3.20427176146681	-2.3001296970083165	0.04044859894981706	1.0328104915520546	-2.7252223469078	0.5924647738466313	0.8507760070706378	-0.9345236969852398	0.5772021222015123	-3.948993594751547	2.0284193502051755	0.22004604977987036	0.7404157642935193	-1.0858763600167862	-0.8242741275792095	2.358643251680845	-0.9221853755239826	1.9666561673493137	-0.5576493671719114	-1.0149139595718455	0.2047277782034271	0.6426717440067619	0.1446386024216292	-1.6824962227451532	-1.3199343245989588	1.0725514455493241	0.9552441987017422	0.7107254016260374	-0.5583428270372417	-0.28588751186243877	-0.8947944555805757	-0.04018749565495211	-2.3701801318322033	-0.36255926281204653	0.41572192174462	0.7835562878439922	0.8356022948641748	-0.9386884408472695	-0.6196985284177494	0.7620350549237705	0.7588548119119948	-0.40126106675483036	-1.1579043977158272	0.4387662050165559	1.107116022117881	0.3007185018513777	0.32710495408581186	0.1339552667048209	0.14912425970127827	-0.3299669157914304	0.7801524400188555	-0.6871212827079836	0.49280283872712505	-0.6119808930640832	1.0475840794470936
DTXSID6027266	-1.6999647802273803	-0.6145571680011801	5.786702850676324	-5.319850947424415	-1.8201873122052126	-3.1212581199911424	0.29006717704746077	-0.8481097484765446	1.6174932087371678	0.8806854466499543	0.8198624575557902	0.4488467163148874	1.9238793954942157	-2.769522043577563	-3.092636306598973	-0.6443762517017764	-0.4796612971653869	-1.000812852055612	0.07291968945898471	1.3504955957715228	-0.2693355783682775	0.9886143734504308	-1.2331724632368244	-0.40645597010872314	-0.6009544184304031	0.28221084483842274	1.0155122514828538	0.18257385178210786	0.595306860640601	0.8605433607423225	1.0219827942885413	-1.0775869766662793	-0.29863503480201914	-0.235349567821006	0.3909210475969216	0.6170144058956465	-0.7562902460154661	0.09292124111438192	0.04039666213832876	0.6095690273105062	0.19872389459406792	0.04664292832478431	-0.25459073771043605	-0.2510124052816212	0.2486176771642435	0.09306079196885429	0.25854714732070516	-0.3471711120211287	0.12051615809201811	-0.5229017686775187	0.04793462105536257	-0.21199550513528806	-0.25695283273044983	0.2424122174869046	-0.11817368233608001	0.13486634859962188	-0.34017535768977597	0.24686420832291708	0.16622556265006383	-0.26023035070141015	0.013173147764303289	-0.38446561744055774	-0.18176003739049648	0.1424302321131752	0.2983900528936363	0.7021009727658143	-0.75581577297149	0.5049200435191373	0.10907319934034093	0.0645537483980663	0.8001151624457389	0.068198008471713	0.53546872765155	0.03676849558758243	0.2385310191633197	0.041879911703457826	0.47337479309914954	0.0798522859811961	0.26039679120133347	-0.04811876419303359	0.6147327037828257	-0.11535280766240354	0.07057324339118753	-0.07177151941368067	0.22254422355092485	0.146748522213438	-0.26678051174150524	-0.5568709940381199	0.12137936053272719	0.033106366426905315	0.15228492127426052	-0.1382712537191237	-0.09699694358179703	0.2461308099760886	-0.17823747162421316	0.330280444065	0.04691289918202626	0.49030081960839816	0.43325145473415105	-0.16367473421859807
DTXSID70400078	-1.0400474807830926	-1.5731553409368175	-1.319163886275441	-6.821292364042285	0.4590054981504242	6.420200070220854	0.591315478957117	-1.6999826384288026	4.195682843322929	-0.21548171950457237	0.8299922444906166	-0.09064613426794776	1.5932532106618873	1.2770698088509376	-0.21249405317945702	0.6542888388843621	-0.4053168141991855	0.7728386405094644	0.4827144146200058	-0.6828423608710633	0.3518674932506651	0.07184505587777111	-0.8040300190287387	-0.5236352250192521	0.807326078993069	-0.6386466214450326	-0.819694688980488	-1.2305382246161205	0.613937771237342	-0.49262184172079615	0.6215662470253092	-1.011223717522472	-0.48695234365798346	-0.1742506824711686	-0.5153333130614595	0.18784493290682075	-0.01072792562625521	0.20323865471786556	0.20315562848369056	0.11375401069847936	-0.5319118313099349	-0.4956545365827267	-0.27498111021224764	-1.1559442869591243	0.6689979867680255	0.5087192549040993	-0.9212176751972868	0.7616776013284181	-0.10878863677742608	0.1273901291907364	-0.39218713300926894	0.007887378641422952	-0.6884661046934247	-0.11616247253598537	0.30070663010031773	-0.1806385609785879	0.5331032508840381	-0.21571609534988934	0.19225755852524773	1.1317226492899939	0.4966197267182926	-0.30808660020107453	0.44494875044033827	0.00043499647888852806	0.10560436120015772	0.40778445631494226	-0.0841443450074422	-0.5729498889264686	0.9224476415103423	-0.8083510328364109	0.7233201647185303	0.2457616907423987	-0.00887527940136051	-0.1205907058104662	-0.512487390255631	-0.2527363160345962	0.7344139035942919	-0.7460940226222325	0.47308446067561005	0.014809378641650175	-0.6070543069812666	0.4389309984089807	0.8264579099582358	0.23804871352796036	-0.6363160389395113	-0.7152490492289443	0.8469011743388865	0.3128925931011897	-1.2918435294120822	0.08727337835196096	-0.5871647346489844	-0.0216557729476676	-1.0059396816763044	0.6147722792855138	-0.2304768360495874	-0.010616839534530796	1.0561013415126925	1.2661810303201406	-0.30513060330925423	-0.9378397817305708
DTXSID4027658	-1.9120914717609583	-1.6844691983893814	2.1211880078179597	-3.5364026303019207	-0.5797757377631683	-0.6083438080219759	0.8402191389459528	0.32084387623775584	0.059686887588565156	0.22271711496028768	-0.48156575183005007	0.12294987625933196	0.36871354202352263	-0.7317810297698962	-0.7527653715920587	-0.7113022355461986	0.36444731448589723	-0.09768471544032378	-0.7530872095616054	-0.043679071989287124	0.30326658049731814	0.290591804966544	-0.6955875488377659	-0.3265460574168918	-0.11219408666878733	0.6633163747941793	0.7342010363240455	-0.3055697247726554	0.02109931397362526	0.29988990379401614	0.06666783472533884	-0.6364012592910925	-0.352215834969996	-0.47677350618925574	0.15501585339105195	-0.048277060114413434	-0.21966561036077523	-0.024548860112485867	0.49539073479073076	0.7704756065141354	0.277778599092038	0.6896665725443835	-0.2680494392433664	0.5559941334548696	0.1149900949967554	0.031346283183046934	0.025952372772825406	-0.061468147138361184	0.05024614766804942	0.03178725679481202	0.28756786505399	-0.011925378495276983	0.34619631951669544	0.1659024051513839	-0.15598740422228718	-0.2928261430339641	0.3367381486644819	0.3758421791500428	0.21591984775034864	0.04991934307942969	0.19656651758722976	0.2823331687597239	-0.5446232647352854	0.03784692827802702	0.08618711837889363	0.27886778183449473	-0.07762440588687594	-0.04472329842109576	-0.2621903722961966	0.474425392888383	0.19760830274612595	0.6215603377643544	-0.24999374450562512	0.49675990718308305	0.13292761964857394	0.10365572551441049	-0.5548906427575668	-0.6789032158352181	-0.13509203955176563	-0.4873970639289966	-0.21008566930708467	-0.7859723333988019	0.054969367154090086	-0.5092631296127157	-0.2406806644829206	-0.21541402576968116	-0.36506341445404267	0.0008900610160600077	0.5199865988824881	-0.6582027447895944	-0.46603585689750293	0.02319154156113416	-0.5113917959007888	0.553965602900057	0.3042743409837916	1.1839681301517895	-0.35838572569520166	0.5950180085328763	-0.5091444337294462	-0.48728036149663645
DTXSID2023224	6.492122986882299	3.871957391551808	1.4655752031756972	2.2792657779680083	0.20691040171714695	-1.1516187646248601	4.1914276916257105	2.1976760995775386	1.876508871303199	-1.454023462799962	-0.06098877853306493	-0.0195618153589716	-0.3197798628594244	0.20436614684995263	3.768016923271035	-2.1579757709717615	-2.5697321968372107	-0.8226574855149397	-0.7282710936902621	4.1730688990540274	1.3875627913190018	-1.5648731546460861	2.586745646926377	1.2924820674496347	0.3608127754471242	-1.5339976415055856	-3.330053760177605	-1.4723508435034067	-0.6927165975174336	-0.8045401363586508	0.6065509470436333	-0.3835114631853958	-1.6992570123280386	-0.34252752094977124	1.610316156675236	0.022411836361409074	1.8299866128497715	0.6973729316391172	-0.4606585229738671	-0.9036398261717687	-0.13528013919160303	-0.6558801194444259	0.1618029471106785	1.6097591491180714	-0.39589533125673937	-0.04213571120616689	1.089941064203368	-0.6998309014783256	0.5691877282955239	0.6592967075257337	0.46801003946324404	0.4994069190350048	-0.3791002627468506	-0.8189689126197132	0.501100261195767	-2.3303962622878416	-0.701886632810409	-1.060740046218133	0.3762951114417818	-0.16103172473231858	0.26954803636520913	1.782577673530909	-1.2147099015790714	-0.19812521219742038	-0.7446541718345265	-0.9019375625217054	2.047190894585211	1.4416610418388038	0.2989161479211376	-1.3163696735524124	1.2259308980417463	0.5885433701534538	-0.9993931909652998	-1.0542829195638967	0.4595637801287	-0.4284127581529851	-0.6276585018386123	-0.683363751582028	0.61610378182087	0.9540314242708354	0.6978934211809069	1.2151622990732398	-0.28917650995407895	1.4692223126110961	-0.1222650461606057	0.4341940895106371	-0.9199760794895946	-0.016676135980147163	0.8186573539237396	-0.03486871907481699	-0.2687533382801763	0.5189782204950979	-0.09993258153349105	0.0432451355667409	-0.11015116277675575	0.7516856867616627	0.05817846192327785	-0.3911451284724797	-0.14246249260656166	0.33491864171346286
DTXSID8046169	25.67962164411626	4.7852752316048965	16.576300238492074	-16.822033098924354	1.4098870647031183	-14.888535121960587	1.888144335359487	0.5619588076020156	-0.5342318992411426	0.09266454827669579	1.2261709376653271	3.996806010380508	5.161938000142989	-2.5896162341482025	-10.257613261784268	-3.7875287030051554	0.06265019911769801	-5.0465465678760735	1.376998526473982	0.9784791558506007	-0.8604765579289806	2.074927092413847	3.7236300756355143	0.5423204132119948	-2.284583482011845	1.9338530616854146	2.113266613089612	-0.205197393828997	0.8929284265845678	2.266193202000319	1.4274241537846126	-4.554783757944692	-1.1686865497349248	-1.951532168207916	1.6049196577760454	0.23974714700602995	-0.7196152223688594	1.1593798429517919	0.4705314210857659	2.5872724058938616	0.48023471835953646	1.032895830914884	-0.06907755220512468	0.03877732561625942	0.030352759485025766	-1.2106124394761224	0.9285471499675729	-0.1508203317208001	0.10100440566359764	-0.6299226861792578	0.5242828314041512	0.7217519727841466	0.35375130860553455	0.0484520563842004	-0.5311127371302985	0.02950414957293408	0.14913910430160632	0.4307789333952348	0.9496624033091313	-1.608925099804814	1.5151041666703084	-0.8141906677894535	-1.833484979547637	-1.0973833942005593	2.2516266841882873	1.2730182584741994	-0.7698385522630938	0.9378973781965987	0.639972033562534	0.6803520974285906	1.7495186311906763	0.5343067560214089	0.6653903305364444	-0.3131030671681259	-2.181744373545367	0.1545791441893321	-0.086660771935892	-0.008927678320319063	0.6088213851912901	0.25002583101843334	1.0593651285298442	0.3614720288509844	0.05399318892559168	-1.3337784843115974	-0.5138754351588569	-0.8844566834967527	0.6459837952684339	-0.3560679384030491	0.6065141075492128	0.18876370613541996	0.7699228980060553	0.24022406469675495	0.6545219689587596	0.18422860424872947	-0.37300771557787415	-0.039330504039341976	0.685392208786056	1.146473561513608	0.07601032160283566	-1.0477074334716794
DTXSID1045580	5.554201764843349	-3.0590342338377066	-6.204277357494221	0.5253722752508252	-0.72676972613789	-2.4609064281405755	-6.547155662037332	-2.8840954744658855	-4.260841825074689	0.008139690457017163	2.2728118325315565	-2.71723523388482	7.118260326610196	-0.40288334551821686	2.3442595672703477	-1.168826929235654	-0.9909707685431602	0.6348837103481677	-1.5106453673661322	1.1160030181765956	1.1680143241793444	-0.15421422214431812	0.7510944398060904	0.8256247965929475	-1.9695479737140373	0.47758329852275927	-0.5662448541658877	0.214788279977872	-1.5652841269443116	-0.33768148490364885	-1.2496233297507284	1.224509513891461	0.3241573518598683	1.8968083184210456	0.17629059081756174	-1.4244438699776953	0.43560423972731427	0.14066057404731314	-0.3577045642336922	-0.35592499070339684	-0.909048032617667	0.15597850880103123	-0.30427437861589374	-0.07080081351458774	0.010520055954478188	0.017985680432754152	0.16870957102871317	-0.9143595608443831	-0.10315532215943599	0.33888927890257636	-0.1407702719735873	-0.30190036581625856	0.4937898177476421	-0.5673775376561578	-1.0230102395804632	0.6625528338748478	0.965982577608863	-1.4614684702722234	-1.642802012942416	0.14587104104072174	-0.8751332744158717	-1.7640484432699148	1.5254770687873065	0.49778974681850086	0.04299083025255051	-0.3997318545139545	-1.0642974934969576	0.08911020692325733	-0.7469371014727904	-0.5178442693016619	-1.1745410110605499	-1.678312590764045	1.1654895484383012	1.9393065538940573	-0.7809322864309457	-0.2116297303815544	0.11939627999457399	-0.7700215699838058	-0.6657809549711636	-1.4160979410267132	-0.9829132333207978	-0.3348994529370537	0.2619895213035041	-1.354825718317883	-0.17146705330273848	-1.8620709942934732	1.5333908375464533	0.5510272609240837	-0.04204068449479372	1.2749255924095497	0.21790345187789467	0.5053400999634472	0.5513326625918521	0.3998785149069381	0.45505881026004935	0.5786730613849631	0.21318234003069791	-0.317754399554147	0.13432584570950656	1.2299315900650343
DTXSID0045125	5.124551730744414	0.1250255656685118	5.021774793709707	1.129364951241633	2.4629294721616977	-0.8745789315544358	-1.3615300790682556	0.21997544209251624	-2.729886122360768	0.5042101849101175	-0.735439163140462	0.6565230306727302	0.29354146560520344	1.718812300132014	-2.4382522346144606	2.5656396435088773	-1.9542819198594805	0.16897148647984475	-2.4063053473242957	2.257099900232047	-0.9312061340462403	-0.78529993941659	0.2942608713786318	-0.5873705058520753	1.0940442772333427	1.7420395346847328	2.3345058895483537	-0.8639484203169733	0.155773465580016	1.0883492241745878	1.2408604019975993	0.21574452171418815	1.921646209612526	0.5324263758450711	1.7107100583534915	0.08738301586962609	2.8695294631171717	-0.8547805816070133	-0.39159222742160976	-0.7578777099053782	2.0919450320005257	-1.7156925444167714	0.1203814804631857	-2.3944695989889504	0.5900312784657245	-0.052155669236389667	-0.5523825134939551	2.151619456809686	-0.15088232047697367	0.19069632590289762	-0.33035715641045893	0.15575255052463935	-0.07583355619471309	0.10814387038674492	1.486921420412711	0.4041721363324142	1.2766993121243553	-0.13503782481594095	0.5008493031110491	0.11231613502503918	-1.421764443909514	-0.8021488441987373	-0.5548871732442481	0.38844264755478586	-1.2534638105414955	0.6719782511226822	2.1987427248071847	0.17882940234675704	-1.1753604244871831	0.4496578148162621	-0.336928838987247	-1.3086523172589428	-0.6190465996821919	-0.9151339264714591	1.8282641700480624	0.9113799401585344	-0.7022992533697564	-0.7583518238679632	0.7680895560497284	-0.26002327944700154	-0.586245050303181	0.4377792874909201	-0.15046405127590132	0.11562548338372673	-0.5278643868372475	-0.7754820973534626	0.8699376804654516	1.4377163635997536	-0.7824185779704027	-0.43257189488900644	1.4424939692698073	0.5522863668681512	-0.8804863652802266	0.5424923162227917	-1.516116399425869	-0.4759281941192919	-0.7427305506604934	0.5645719777170608	-2.6397589606889773	-0.6248531386989099
DTXSID2025680	2.193578031518928	0.46769353682497933	1.604892296196698	-1.0933512348570646	1.6160095602259301	-2.005706911468444	-2.0378394202809007	-0.09895015137437561	-1.3508369959914697	-1.6361109986204712	2.5951790570054643	-0.8227856446504752	0.9850878864096418	0.7811993978581272	0.7731016176387143	-2.0365914493329726	1.9139902505676636	0.014359593567786858	0.6221732779454278	-0.5539059376644883	0.808841655613583	-0.078250391589957	-0.09707653179679304	0.6777943698911911	-0.42510953074281377	0.08750431409031045	-0.6027127064158151	0.32626968570394166	0.41309323338460635	-0.9134509137544954	-0.5431033977413717	0.3118885866803338	-0.3999602263664556	-1.2715319022567781	-0.7085643576687172	1.5580496127067927	-0.6762592927528424	0.8926724357304899	-1.423867510732796	-0.6922666717816967	0.8476659859745937	-0.22441946672053473	1.0852879668261552	-0.7775421171962312	-0.43781612719384844	-0.046899972712379084	-0.7453095110744549	0.9968396145496847	-0.1564702328266187	-0.29819593121615584	0.010714282797771915	0.7777467653766122	0.18453972414330677	0.23388295996200748	-0.051380820434969325	0.4015898658323591	-0.5163011953796106	1.5104473560463003	0.3934279851805197	-0.15046165296505642	0.5522281596535866	1.167091129685621	-0.30318171836061214	-0.7290923159742155	0.018255121435700485	-0.43211523601508894	0.3841016579776605	-0.24228205849663967	0.18139072728626057	0.5520057064351442	-0.04768352127971895	-0.4237933957248478	0.6327003602554192	-0.22072061577781824	-0.5969633458187258	0.14294678261736635	-0.29019661098031124	-0.3749402397398277	-0.23452157410370852	0.38536662018897594	-0.44705505706475246	-0.08405157717992316	-0.1468269273274136	-0.05030255106496658	-0.1890931937387867	0.20099855836108887	0.28816819104009606	0.5711317766028942	0.27634514125152165	-0.388398763372995	-0.2591794244451634	0.2526462902635511	0.10369088828849438	0.4747794146014212	-0.1905968559610103	0.2994492572355288	-0.3134897378675913	0.07634350027845771	0.022986655833319034	-0.3759633162035522
DTXSID5046227	7.343340786925441	8.854251151005595	-2.532973332298535	0.4961950659639927	-2.0372840198488054	3.4238039934583835	-3.5119231202668604	3.306269620913123	-3.321941880121577	-0.5471887932328497	-5.52358646610391	1.0244962933655717	5.539575679468821	0.7474354046196865	-0.1888631690161977	-0.6637967861270684	-0.9554300644659734	-0.16076728322005793	0.5528314339705471	-0.7134010999591062	1.1260012221869216	-0.6015067826728568	1.3106578660632269	0.9718271124108645	-0.18625982485088746	-0.9954264617591035	-0.11977833499477118	-0.7005765331424716	-0.20372996237788824	0.6004742722857273	1.1401380527659257	-0.05313477571121855	1.1968594280853593	0.010760542477769214	0.3079543170568051	0.056276131961059135	-0.033063647979667446	-0.8685591965410437	-0.3460093907574481	-0.9111778467173074	-0.12713526051574492	0.36331102166390095	-0.19077941767105067	0.12216185855553596	0.19627279009671605	0.0834254311574698	-0.12567052475674848	0.5628859276316512	-0.5492563563001559	0.6545421960860636	-0.30056274582837267	-0.3561792675531466	0.23259547912608863	0.232361725627476	0.18334381194315308	0.8124842139360547	0.586033166655283	-0.35112768074014733	-0.9327049011237192	0.8629533915882354	-0.6186133308740157	-0.2968296507508749	0.036246891846651814	-0.29173873834185066	-0.302442347489888	-0.8995479611613673	0.07372723017892976	0.6023340498415175	-2.065021898025105	-0.06346177902566473	0.0708868294924565	-0.13180035951612004	-1.3511279754258463	0.49657990542344455	0.3011577492849676	-0.4371891617016313	-1.5703269216156726	0.4652742252033257	-1.6116244028365905	-0.26529995500528214	-1.2253665385990176	-1.4314241529260903	-0.8773810217023471	-1.0786668046110168	0.7964402566997565	1.0640945203042294	0.7268204893479936	-0.7763549792679695	-1.5378337413126975	0.43888778649142185	-0.5479025135916362	-0.42670345476337845	0.1241585647259335	-1.843635763778316	1.3104704740917976	-0.007572937599450836	0.5497388267861847	0.7632595464782987	-0.21311085750541298	-0.4354629830054333
DTXSID6048884	-0.28034801676301024	0.7813043203696074	-0.10018232420937952	0.6186910071413899	-2.5873970501665227	-0.6744191408520632	-0.9388130152301969	0.1702733412611341	-1.225733608016883	0.808964679739205	-2.023580292879174	-0.13154768745097922	-0.079278513314968	3.5609250368436722	1.0936986522624137	-0.7582116382787454	0.08021271382973474	0.5472387458691121	1.8751860238556288	-0.8013186357378935	-0.9452469521091051	-0.8729525350568152	-1.3716951510547506	1.4867604808966015	0.047210960991316324	-0.5348069655837905	1.1597579877600719	-0.08630704111666343	-0.21506661846126032	1.119716545126769	-0.9764688524426718	-1.2747839489260062	2.4448093388546264	1.812168344902015	1.701388521943317	0.7668245629613047	0.5242639415067853	-1.4732587088417715	0.7704045387523609	0.08243476025637764	0.04730668646060548	-0.2976149656148202	0.3052508813532016	0.2444611685268571	-1.587462950396281	-0.3358941277406111	-0.6602970477830485	-0.8939715363578106	-0.27455841501040124	-1.2444784407143825	0.22366203231568377	-0.3953388016558382	-0.17401330207293458	-0.047834029407910546	1.269650579907794	-0.8854343358470192	0.12054578625013324	0.2900339893565303	1.389856420690389	-0.8789873063937069	-0.26082240334119655	1.2539836377174045	-1.133486510297028	-1.9155164740959998	-0.2051025884005135	1.326900143412904	0.44286779544489124	1.0059672533742128	0.2997130804955778	-1.161539634186343	0.791271834794563	-1.577327367024741	-0.02616025949355746	-0.3240221306367712	0.3988260348325524	-0.10450742089527483	0.8281293873492597	-0.9811175366009044	0.5654193722494899	-0.7825634086030544	-0.9991672273865482	0.15022535772327072	-0.41802552641241025	0.6168819313656776	-0.5648290378702332	0.09485163877505866	0.5739131645753923	0.6127082771676214	-0.3396941328259023	-0.540195832148845	0.6899157924201464	0.04721281585737321	0.40315182884375084	0.3906470687646418	0.8254147472508796	-0.09548948186424402	0.10463413245757827	-0.05658899641745252	0.21016729749619956	-0.14422526146335649
DTXSID2022127	-2.090695472568899	4.540123599499705	-1.314368181993447	2.3254104066276393	-3.5466992376684807	0.3934004295730077	-4.590015275908531	-3.0691369889700906	-0.643799264278124	-2.109624917500657	-4.254181402035201	-0.7107993690997421	4.247389119031021	0.8377248410274657	0.26652340576289013	0.1928541144549805	-0.8998655394413024	0.8055063785896618	0.5486362470761598	0.9842764882888105	-0.0822224477544077	0.6372406180145238	-1.038000766760542	0.7356754960320377	0.7037175370193985	0.25515575448967565	1.159450886329136	-0.10782767428998834	0.10249118566781885	0.4745725526982642	-0.22927149888768852	-1.5783749912085627	-0.4976244820945866	0.35903748927198775	0.6566355844614712	-0.17653875047793904	-0.28603895285124786	-0.8452562312792891	-0.26180762012763936	-0.5187768693851457	0.2860804530740193	0.2157757881957455	0.22815163223101373	-0.20839816512674292	0.47345956716002174	-0.43856294882180924	-0.03150460432808675	-0.2973211601315538	-0.3531450822154589	0.16232938604175134	-0.08631216967568912	-0.6438732802040954	0.5058094600012811	-0.004987470907024422	-0.47291570039585057	0.5040122688710562	0.10485551035012362	-0.22257852378493242	0.3826177972447531	0.7543804432606206	-1.1319801736838133	-0.22116435113560926	0.39474241452748926	0.3824728771723039	0.08810405991121985	0.34455180585462986	-0.34494607621770484	-0.5171615648234441	-1.2901092140968664	-0.8307667252875208	0.7087316920783221	-0.4967129498661728	0.1395339686774724	-0.361100503854483	-0.3219372726365333	0.2840843190880788	-0.21662962927685894	0.2631350369080453	-0.041613896347194756	-0.0674628817171552	-0.18306529720485537	-0.20061622492022912	0.06653257528020619	0.4930629629917467	0.09902751103759164	0.3798376867813955	-0.14596983794415344	0.06149969376078654	0.22346896582065837	-0.39828346773103956	0.0257129602413465	-0.7753719952080265	-0.12800072341761215	0.1900817425089928	-0.3120685951992776	-0.30654676883305293	0.27535527014337935	0.16591939559199487	0.38190167139321823	0.25183174568620764
DTXSID6026824	-6.9208148881709635	-2.9263980475321114	1.4776427605819713	-1.289816111803626	-0.902821061293353	0.6751142472102811	0.3705783452559138	-0.06129352874619628	0.315472737706247	0.16169336140565638	-0.32801039763214335	-0.14056659360967644	0.41220555726143315	-0.18917126674796125	0.12832526638478683	0.09266843320559066	0.10910596283253604	-0.19616171322975332	-0.0701745529668374	-0.9032417836062157	0.052198593353340525	-0.20704360190582982	0.8331746204001145	-1.0918693727589432	0.3079870054973699	0.2267121557750456	-0.852529555116182	1.358896508684262	-0.31199204315539597	-0.20959556173142202	1.0484294186424836	-0.07355663489415575	0.37710624684203886	-0.06679870720010218	0.19128808207017248	0.21179359204502407	0.2923369165996292	-0.9272980740896586	0.30687696808589765	-1.5373448797591767	0.5599255952327501	3.8322426531223805	-0.3226424439283243	-1.056832140952384	-2.230063863791546	-3.4014436600261573	2.007949776093467	1.134394596301775	0.9890767862654326	1.5380299590961397	0.27336855605412036	1.4878398918018159	-1.077048080094615	1.0596636290818398	-0.14945615491761746	1.4651047295377304	-0.49391583227861224	-0.6991847865962733	-0.07351165705735929	0.40242052037753284	0.4020245919920644	-0.5960471972288525	-0.1612895188136158	-0.24798208718753822	0.7255753266892399	0.2963179781051958	-0.1979715133617107	0.1711506575874332	-0.1610870237390323	0.049717287183456756	1.0492901365435794	-0.17650699374158677	0.19754457758630176	0.01802791945012708	0.7465815080523037	-0.1305485204244587	0.6515318349158169	-0.11395978835067082	0.18060203790632345	-0.3706806851635698	-0.13653879318400544	0.024894720517054745	-0.43128710700926165	-0.20386446338760814	-0.0038234315089119638	0.0033095828264262882	0.18930800528177913	-0.06407853659210384	-0.059918842248689964	-0.09555123684781229	-0.37944862996098677	-0.34093372046412695	-0.08371596926010663	0.29653760148365366	0.32532298089892486	0.3206533849147588	-0.13374256898863582	-0.26160713594414575	-0.021372529927648744	0.15081271935926815
DTXSID3066215	1.7500807178189985	-2.418155406589677	-0.6060324338692261	-5.759248349993651	5.120659510142223	6.247116314223826	-1.0735747027647367	-2.364268202184421	3.999519636514615	-1.346290068917068	2.089709860645222	-0.6106570503566009	0.9293853162788358	4.014935822187974	-2.2471005413307212	2.649052641031046	-2.9145317795639483	-0.12709247248819414	-1.4795022325312597	1.5848730132538944	-0.8080880461593383	0.7897120961910971	0.7673629873205449	-1.1911843063662517	0.4938045489652562	1.563632500597049	1.2893168046371004	-1.9707341645490308	-0.41297198545262037	0.9791940806890864	0.49120745813045213	0.42000860347791913	0.1711649629699952	0.9552910788807757	1.4472864542576902	1.1831485121732932	0.32496407229022245	0.6419861331420043	-0.06957778767093677	-0.1542392636326345	1.1064110994433654	0.37463447330521754	-0.8767073627131989	-2.1907149740580816	-0.2360603365874297	0.6472546988104158	-0.9965238850497359	0.8960269830080255	-0.7452381309150088	0.14197555699300074	-0.0031796932252770834	0.5745376717420697	-0.31323000392841155	0.4731488169404213	0.36652225911873465	0.12480795388391164	1.612204289434834	1.17313766870384	-0.6149982891866921	0.11874987675563625	-0.08792391524414835	0.208747538431832	-0.8165617099649304	-1.4217881569330535	0.05784682827907814	0.6594699576256896	0.39689285523294504	-0.10000345459675067	0.594334702250482	-0.2387969760163259	-1.425512452223164	0.3250265552015948	-0.07931403080014619	0.6860416846442456	-0.18857832281517933	-0.07253665153710179	-0.6438001305745	-0.15232578798122604	0.09574847387776557	-1.1921087052535628	-1.3069269554129386	0.7005798072454695	-0.2351127697176831	1.1555245901488698	0.13979623407954037	-0.023870809517351935	-1.5456691839932584	-1.2612546684189396	0.21975013560125228	-0.2508900764231719	-0.08681565677585446	-0.2919425188746936	-0.28599266576065496	0.7557308962880576	-0.6861565776351708	-0.2773837712601623	-0.10873399788218487	-0.31428882250207757	-0.1798931636553595	-0.14741834654880767
DTXSID4059914	-2.8805922380021776	-3.2498150157737924	-3.0893141731226206	-5.622436308528804	0.29697880341544913	5.810311511058787	-0.24883943664917485	-2.6896191721478133	4.773022424813977	-0.014527210652967951	1.935357946031296	-0.6653590777975058	1.8871062081772798	2.888268117989213	-0.17927085054780156	1.5454115268790707	-1.4764510653653171	0.24939288818533975	0.92961391518437	-0.4505750522266214	-1.1916913994715865	0.5399112331581659	-0.2265851664681062	-0.21114622319470425	-0.3446638302965484	-0.02228416435682617	-0.2078659280223393	-0.05639667660065694	0.43618771958896274	-0.2874117352901397	0.28993819023959316	-0.6991712373268247	-0.41028913918685045	-0.1590339034855549	0.21450403459790107	0.3415086323777189	-0.04781604479273891	0.13051004218847875	0.27295673208753274	0.1747068405406725	0.395743532766299	0.2844944590184488	-0.18717386635652367	0.04047827592895656	0.011845166387356254	0.5159256127656161	-0.12275555451014963	0.08409504243076986	-0.0005353729987242052	0.0653703856996657	-0.015454661182062174	0.08598918203009678	-0.2560556398937734	0.06661830972511582	0.11067159742933327	-0.11427240793909733	0.08885687603311776	0.39723736975586077	-0.5804165840291843	0.34805076181409694	-0.2647605192392353	0.12785580836185523	-0.3260740035015177	-0.14552166069235212	-0.28008159547168243	-0.02422575109857136	0.3633368314525569	-0.0982291771640801	-0.14794949956765097	-0.6590345046218385	-0.1254869026182269	0.04052794121408501	-0.254285870689504	0.30715487146134773	-0.27044604745321077	0.0930310489744523	0.05741183776646094	0.20886445765291514	0.17726952259444573	0.2536101942633309	0.2049636858232656	0.2124148736195637	0.05041869797887668	-0.025426472281706365	-0.27102561610915066	0.28290899802325803	0.11510071404060719	-0.09449429278230016	0.18216800592438065	-0.4281796567886131	0.8364585914659871	-0.14556786627610435	-0.07726052824747236	0.7053872034983926	-0.1936604136757834	-0.055789752932196277	0.647778130579113	0.24503495832876912	0.06989257097939452	-0.005873185675748053
DTXSID7022835	9.359545809049347	0.7427937675836489	0.3676110177674027	2.513052467202602	-3.3518552115568827	-1.477246323769441	0.24869326186920424	1.9957589982254462	4.965946346081978	-2.9507859456658427	0.19941409574676558	-0.41642443224269765	-3.4781508581778238	-0.46190292277384515	6.681598035059553	-0.7367259006340369	-4.1775282337153365	-2.476178380425702	0.16372306809459336	7.702439601486638	5.349159198307765	-1.0059654187278428	3.2565031300405587	2.6991571411779964	-2.39431152080536	1.0034619632520194	-3.341949907732818	-2.307083616489869	-0.9627640366015573	-0.5283797794408168	-1.676288163546586	-0.38613084952496013	-2.0067596747451617	-0.29586226027151025	1.666068430767176	-0.4090754834488233	2.1388892705715183	-0.7022703422320837	-2.295621535650066	0.18482634352626753	0.29944532122858164	1.2430420133004045	0.3248636526638102	0.7906271345359657	0.310673917672601	-0.31122399103288306	0.8344868361049147	-0.5596836635675103	0.1910104812746416	-0.007081345180558695	0.12242968220417684	0.1359380100271798	0.09252746923225255	-0.0571497230321179	-0.19917469125761061	-1.9687352250550307	-0.9885752493570521	1.3474847258469675	-1.68753375520084	1.3531530294095	-0.7815944949009381	2.0247613977357832	-0.9865783897481236	1.0029980322679157	-0.9844672641684251	-2.375988326562983	0.6372421098845189	-0.5883295236027692	0.206791985804773	-1.2342838089276302	4.4865903084065595	0.7333668162420103	1.0156655025451289	-3.2218394982102	0.19445859285788786	-0.6841892504282666	1.1236415651163911	-4.677499151126494	-6.962136027821099	0.4748182258940886	3.355380947529179	-1.1336595945908725	-2.6187659866576656	2.0496674505459382	3.2933442976196305	-9.965406500269761	2.3734948658653905	-1.8302038348213707	1.3918422780304422	-1.1584810768349694	1.5809506004414844	-1.4360072840279032	3.875208183414016	0.4755958177130787	-0.9502492561851996	0.19275260237024827	-0.46335335948194445	1.5383870389724283	-0.8179268233560972	-0.16734703030498116
DTXSID6047313	11.669815923288883	6.91066880547302	-1.134034247350151	0.3592017823979632	2.0945746778230663	-3.4086052282233923	1.9834011352971215	-0.3418714915873181	0.6747709808158542	0.2991092608073754	-0.9742074669534857	1.6666102553574313	0.3222326325549933	1.2358584550996219	0.9744461092699112	0.9757323284239491	-0.13689847732707547	1.8250744651708823	-0.5136409313057123	-1.7210555118888473	-1.2130081689680865	-1.9075420399959444	1.6806832053096854	-0.04859879676926389	2.974829147028954	-1.5607725220917592	-1.7203166579262368	-1.214995925590652	0.614995262953596	-0.6384827817074628	1.5862909189980374	-0.35151507523325587	0.1014867926871122	0.688817894421023	2.25304733469632	0.1628253963627536	0.8361070058323	0.0562485496280986	-1.868664750355928	0.040750775167583506	0.19125453331578618	-1.0948991785486297	1.0311228556548757	0.24444121494262908	-0.7018118832925976	-0.22377320011633972	-0.46912137052284913	-0.5932099224396266	0.1425579757493512	0.3670749784518604	0.028260095345990784	-0.9611301926796713	0.18726172000588287	-0.9001821295758822	-0.31634190531353634	0.08240759377904577	-0.2757158044773641	-0.7163164290553415	0.5904441783469004	-0.5976327334674411	-0.4078946356397466	0.11670408614797179	0.29397673284636394	-0.21345231837477066	-0.10446825865364903	0.194162970534266	-0.086525676561149	1.3472078909183662	-0.6798146731249612	-0.2267239424862667	0.5311554988720294	-0.5534787985922042	-0.8055319332393094	0.8016103985999401	1.7660429250659362	-0.721576313397117	-0.7268469763891086	1.7859866160983144	0.34398587868125513	-0.23662207899563595	-1.5119364757946536	0.44169734664900767	0.5379164848522545	-0.508483633453779	0.8376252923775966	-0.7132946513111822	0.4923523647046891	-0.905657091973918	-1.4536881298778006	1.5927457450943638	-1.2198081910028464	-1.0615163875969007	1.1545102885790857	-1.7102451317928788	0.19929615622454377	-0.2368336055249623	-0.10802183386010678	-0.07355808138914946	0.43614736124158887	-0.3153797056341093
DTXSID2045814	6.813568650788841	0.10891361388252742	-0.7121034631279265	2.8339742848212497	-1.6592733146541296	-1.6605363144906957	3.8045626679697744	0.828294159892243	1.0732909752480861	-3.1810796080667973	0.7012994465222969	-1.3276665686577547	-2.101598185241191	-1.451015798073379	2.385012679623487	0.5906419001750384	-4.789688700173738	-1.7430743988322304	4.423936661513253	2.575672438592161	4.627969447044732	0.701208224406931	1.9726569547738442	1.679189495748946	-2.0011536089966158	0.7777518759077612	-1.3335235818357742	-0.33231833757182505	-1.3788653729160039	0.8055065526497329	-0.1052703379590704	-0.895965693013953	-0.7255000833141632	0.08630665424286608	0.39872853880081954	0.6382883589187461	0.42904608679646217	-0.5915531574404411	-0.522105408523812	1.047890038909105	-0.19862199621540125	-0.717346504781046	0.7134832505323951	0.8121763387353962	0.10304174349623087	-1.446717554786359	0.3752302676745764	0.47022332643653186	0.33231929256001097	0.7860962221533891	0.24055745813935528	-0.0951570696049843	0.5691056539306341	-0.5734730962523729	-0.29147093445179906	-0.8353281781621891	-0.11548096876699863	-0.4281004616887251	0.45025426133099755	-0.09811933263188705	-0.29273732035611766	-0.5092925392320092	0.48678417248484784	-0.5550440109470074	0.20803577602209297	-2.0238123983414535	0.42749469325903355	-0.4665864303330582	-0.5136791890626927	1.3894351087625156	-0.5563877923184052	-0.4486593454903041	0.5646655813926377	0.2737950501675715	0.6321261940087817	0.8600697925785177	0.30910507444460167	-1.5823425362737618	-2.579876174185071	-1.0371757121636036	-0.6152894740053115	-0.5026210214338506	0.3505089796536128	-0.5741923254917534	0.06970439913148603	-5.24632781135955	1.6368328893469923	-1.550808712088814	0.6523248977517715	-1.4905385358956091	0.8324042512362135	1.2748283687075788	1.6853119099310985	0.29308806605715043	-0.2481864854172879	-0.5589660656949341	-0.45689361275925494	-0.037937905558032746	-0.4266623907875779	0.8053328917108775
DTXSID4021925	-4.8211043549988135	-4.383451889822173	-0.4647455248467558	-0.5870882565406973	-2.1188030430565274	0.03063380045790934	-0.9454940912511116	-0.05279101907483502	1.1956202812297345	-1.09468444611648	-0.37452682836826784	-0.34242973739414917	-1.1051303587557235	0.5097763928684934	-0.40868977077899293	0.7110116303677418	-0.8609184666360601	0.010190586428973266	0.15557286345740653	1.3544397739324787	0.5829098971968961	0.49133310706248773	-2.1678733157063292	-0.9762884741271617	1.6610861883869639	-0.6147063282675271	0.649706574174504	0.433431985938842	0.1843234479742618	0.36603298994826433	0.5882679983456309	0.4601580801010484	0.3359171696739818	0.702365001425837	-0.3165877266980378	-0.2714779873301663	0.4306458696040757	-0.1887272054331969	0.4579283474352886	0.312306401714772	-0.6318298194341702	-0.87116622818939	-0.04144645589834637	-0.510779184701301	-0.02174479987304218	0.3417301400172722	0.4203452415182684	0.44555850649616535	0.4948937923151072	0.3749036709446242	-0.003685673247144562	0.25942085809475246	-0.07587865140738084	-0.19618544566298954	0.9473952479537818	0.03270271831132054	-0.7026843707899924	-0.28727472196804704	0.31461536348917823	0.01889831650759184	-0.15078670451906528	0.07682750885905346	0.8578750591110625	0.5217907646341153	0.05420329737804047	-0.10434100520063462	0.34182351948263257	-0.5838993619313959	-0.053259000440280105	0.9259988665993655	0.5144577348625186	0.1680257366838663	0.273432665993078	-0.5974972235604176	-0.0515436388184786	0.738723306042368	0.23881359766051005	1.1012403848390135	-0.3697848509147772	1.1393050819310386	2.4050662270248107	-1.2133474028770184	0.2777529520099246	-0.04409618491594981	-0.24833978992955189	-0.06387259398202469	0.3029131422628432	0.8540912128365822	1.1822731088248373	-0.03196640114665812	-0.4355919276313561	-0.2833089520566525	-1.0353983033726575	-0.7515407035020318	0.3767011822362897	1.3673517711693481	0.17715589221696892	0.3645670964262321	0.4634509990944714	-0.3841220492125764
DTXSID8029739	-7.0693955329376195	-2.8334508849579314	-1.3076917590534103	-2.668528899793062	-0.3941421329193927	2.4857752887452635	-1.2698392822961868	-1.5736788287281462	1.74006313009183	0.365920527065738	0.07965045368737025	-0.6216127859643591	-0.36101422739885886	-0.7247695774155892	-0.7383446242474393	0.4590395997603314	-0.6457321716623496	-0.24236844457642637	0.18810765789776546	0.6833341451417729	0.11540355226713693	0.30215184107006976	-0.9787011413289141	-0.2785027320041702	0.619111561705438	-0.7227056664555347	-0.4029010730966136	-0.0025690546200060234	0.2985737195620209	0.01496167792328746	0.45564269365887183	0.2620016515066344	0.1443533099520659	-0.3872847615005207	0.4993751275260586	0.1356269016482762	0.32089157505935373	-0.23721897494203462	0.15852423635855636	0.4018028287357733	-0.20851524756713166	-0.7663193943523288	0.3061890411747076	0.014466299619044151	0.3486329888040717	0.28919859568490724	-0.20158205811918925	0.300192146843193	0.2214728395299249	0.35701581589531683	-0.04063030618857784	-0.039051756002746234	-0.11789831550007017	0.011935431116500465	0.14470438397384497	0.17734628316750972	-0.12805707630512958	-0.438228084446097	0.29828694216574825	0.2892054843717769	-0.37426418794499655	-0.24983474864967067	0.8282151377096055	0.3270589500293765	-0.3342962040589205	0.24225161644946083	0.18105505285775605	-0.311099570486262	-0.21736167617257532	0.08262244004785105	0.510153422198608	0.2867539391312928	-0.010833480396871598	0.17730484360066712	-0.22666975469071315	-0.2675203924447762	-0.013011316818882237	-0.9804551091151825	-0.39263650289180035	0.015120014461808995	0.5718005293850427	-0.7480216581337686	0.4390241008051878	-0.27979934010160695	0.7751389721023321	0.5032298293397273	-0.2855090087259357	0.22750552969016874	-0.9452274817181213	0.9952635895409497	0.3545328108690361	-0.6067262168437285	-0.9528999884461878	-0.2790601430283953	0.09156506295138894	-1.1408281069212645	-0.24263954332434046	0.8289799236389864	0.22053564781681892	-1.101256382364335
DTXSID9020538	0.8374230149917853	8.098210471579074	-1.1063647539626522	1.6588088520492654	-2.219617787160005	-1.118196765795564	-1.6410476319773308	-0.3562557225688474	4.086565649543706	3.163977972318579	2.3656855545594224	-1.0169585233350689	-1.0381701294904186	0.29576957345988014	0.24443645750897688	1.9571541425338144	-1.1101325035063832	1.0712547526017167	0.2659297512478421	-0.3827299452728376	0.426979387577634	0.7384982991360932	-0.15726423320177918	-0.6552607011546516	1.482502699198546	-0.7246349063378467	1.2400663587432696	0.7921746418493548	0.3696953748277721	0.9674264314338242	-1.0037141641849743	-0.5278283458147683	-0.11297646694579612	-1.394016252832282	0.19778567763656754	1.9091399242538167	-1.1914445475066193	-0.8120007110407311	0.11950938777807915	-0.7560996634991345	-0.02112455863394393	0.5745992521848508	0.5029037457024724	0.7429350603058811	1.8849875404943137	-0.5735061780956582	0.972872486078833	0.5174878068869561	-0.20135233992803037	0.6624370445072523	0.08004986635133661	0.25118792291251085	1.1524022874920248	0.1767085434716558	-0.7728125725484374	-0.430846016108263	-0.2867472433342936	-0.8588420424233546	0.6187127803081264	1.7835755511795557	-1.4866793777021876	-1.2815112843175922	1.0842243210314302	-0.030467429777360087	-0.025604088752134564	0.08549265883200483	0.4831827877291427	0.07158477237392394	0.8688889839653735	0.46914644708584496	-1.9804175692507704	1.7333078667491637	0.6458229348421306	-0.644848730342523	-1.0171984343920144	0.7464733610195143	0.2832640460549207	-0.6892754198296241	-0.6848473860594643	0.6767977939784525	-0.3565680210745979	-1.3303544528322597	1.2173767023852988	-0.07197158732666024	0.561438047518433	0.03589673773363523	0.44097628644850645	0.021042824152276405	-0.7096731702554179	1.0061126487088652	0.3397906007206317	-0.6475465879080682	-0.2804452359645531	-0.02072458817334946	-0.6046172601111361	0.08186031541485944	-0.6272220392121955	-0.3305724272245608	-0.2548056524241449	-0.28296840250603905
DTXSID6048620	4.207458198357977	1.939814079684027	7.994514924826681	-2.751131440830543	0.36030563136301463	-2.542759581044372	-0.1606134989100902	-0.9189978138393031	0.4860738000023966	1.5109591967619072	0.9108901432902607	-0.4274793268755412	0.6515944117292977	-0.4130977146374364	-2.160610233890199	0.9279093194988485	-0.9016187274568223	-0.06953195445014751	-1.5074412691734325	0.1502405783876089	-0.9338635367584558	-0.24076421894123945	1.7156791325052503	-0.7111194964111418	0.7424849254200778	-0.4773167588546224	1.0237189194004943	-1.2368720399632256	0.0009946177290317076	0.7756696195392372	0.47382683549211563	1.9155163561380284	2.276193677980827	0.6424676404976933	-2.1047779967586493	-0.12430621601312995	1.4232375886601198	-2.4245305041724388	-1.2551978840378408	-1.8493786376324481	1.4843199746882771	-1.4502182290088725	0.5666173281815101	-0.7690997353389618	1.13298700914175	-1.0683320702748338	-1.7326361076666854	0.7468174344206646	-0.01750215898270537	0.5614072460601913	-0.3834774918084266	-1.0747087481081783	0.3741904402272403	0.3645224519597296	0.9676995666144939	1.1320219873484523	1.1828061668202936	-0.21250162107517473	0.9040107663715924	1.3182829485480554	-1.9160652012552073	0.5994341375985079	-0.4896884229107638	1.5162867455815863	-2.055517198322399	-0.18907109317548704	2.607163571273724	-1.4167300481614242	0.27346151286036996	-1.0603763974175526	-0.4020760709782799	-0.6122436339259266	-0.3726436012799637	0.6319257700525408	2.106727006289421	-0.9954698765195069	0.5582745714453754	-0.9266352717616916	0.10124376879432256	0.1262127735317923	-1.5422431382306532	0.30174486327168887	-0.40187951286515655	0.4275255053787233	-0.23459073587077545	0.06601765749447645	-0.31001905154709525	0.14223001683322917	0.5228217553245077	0.0725031461219282	0.3545877300253974	0.3929568500321625	-0.8122545041886308	-0.011195807587850978	-0.4587115588183357	0.29687480311006204	0.1367181952258332	-0.8596436555501605	0.07686210169303188	0.7793290015841147
DTXSID5022803	0.1106082655832841	-0.4827975756230702	-2.989176371248627	1.2276114655431904	0.054943267586198226	-0.3357162186387644	-2.0696971935793185	1.7641197848086114	0.18180572631362915	0.6514409087735847	-1.6052767608343668	-0.7256440452494572	0.5095824687068057	1.7727168638096296	-1.0333869391772414	-1.5541451754075841	1.2210311312395392	0.23129967645599422	0.35589937750876555	-0.8148136042930311	-0.863878596220055	-1.0488360179059637	0.6819159333103326	1.9292452918749794	-2.5225210893711614	-0.34731987428262445	0.16705182256168094	-1.310279442497357	-0.3052357171805674	-0.4515736364173427	0.5488380434873619	-0.28354364747794947	-1.8270709644085534	2.5346846833855468	0.42118569621013474	-1.6091702124685938	-1.7233727112566641	-0.6402839082219965	1.2553852736190507	-1.7971056448809233	1.8526006080808366	-1.2512868467480336	-1.6240544226375706	0.3398122938515547	-1.2586095712573038	0.07083222560738466	-0.6725534337209633	1.1995150562860561	0.3677998834106414	0.9411906395482669	0.3861015626788818	1.10657351317629	0.19098738676246313	0.511868655048676	0.7636796922331499	0.23119728834158235	0.3360122420942969	0.766937868754679	0.8274946580426308	-0.23119381542951203	-0.45980175157851844	1.4187857293819741	0.771740974685519	-0.4844210562461341	-1.4640635609198998	0.4817173904527204	-1.092740538108058	-0.22171062203986333	-1.6702476518537615	-0.41991389927806655	-0.06444659425667584	0.928853722715054	-0.17826427993083532	-0.6040076150460653	-0.5702320612274477	1.282361119786718	0.6469498328594525	0.42987272287265216	0.0888019997343348	1.2245062432153717	-0.6342203085675283	0.8972255305752935	-0.16963402622181503	-0.7891400453711813	0.48683283775958075	-0.1948362265281674	1.058410034035379	-0.40904928898330023	-0.6980922750606585	0.11078153903467582	0.7171262520500574	-0.8374941839520893	-0.9672748367979321	1.314556922393777	-0.2415136626031025	-0.0016557904190607538	1.0792885371007197	0.679738352024781	0.8937280535057196	-0.14638279797733345
DTXSID9023041	0.5043986282676182	0.1316074459786323	-3.2663410115034286	1.1802665840086117	2.962939031254972	-2.2792096326641786	-2.7669149586440644	2.08062410619655	2.6632782304035505	2.7544386043883557	-1.2560499795981552	-2.185385411149107	-0.6411648714398797	1.3138377362908122	-1.958389145508789	-2.6458244869096545	0.6771746730946074	-0.6347933539934266	0.2770052695649812	-0.27033950864751416	-2.0463612214302462	-0.34006197162482094	0.4787741163946138	1.6043203311901426	-3.18827859776021	0.011284768886770007	-1.3674437855224246	-1.399399149610592	-1.2279457215873586	-0.8798913611199664	-0.996508851257388	-0.1077479478675958	-4.945762006131532	5.68080346967684	1.2939913853101002	-2.757992920412997	-4.102486038208092	-1.34174913713909	2.940115347287238	-1.7898175933226943	2.6347640508583723	-3.4387519963173707	-2.5702277099335493	0.7773992696885823	-2.0485311183970047	-0.9066340080544659	-1.8443132849837638	1.8096357834068697	1.0157766395577121	2.061063542482503	1.168437930556655	2.1312211817568794	0.7045179607071893	0.7639692036421293	1.8084285391512118	0.4369021910260092	-0.1285878409199543	1.5481586496023083	3.3388200544186772	-1.4101702939707197	-0.010236523711499532	3.1760738953372085	1.3182093384317053	0.4104385521749607	-1.8283621559240588	1.6619107050463628	-1.184374734575023	-1.3266823350334018	-0.6263876955844613	-0.2959207720255281	-1.028046154870131	1.6839738667706172	-0.16547329158210572	-0.4786454130249682	-0.584135288883522	2.152343716436625	2.7215497286329535	1.125658884037975	0.0143411727519539	1.9132541814161146	-0.47606895942498273	0.6998264024620182	-0.7404960096330248	-1.3254723618562518	1.5075198986199008	-0.3864232149145076	1.310299827628807	-1.1014332728457494	-1.096319653645596	0.2085166502891471	0.1366073951499347	-0.875746392188663	-0.8307764895129705	1.900855732313304	-0.37029228487574045	0.06664744041537844	0.2670817421642066	0.2782584203380036	0.9038389017702105	-0.3949568655935194
DTXSID2043909	13.53461255256568	3.8878013200882133	-3.1778126868381813	-1.903366325761734	1.1547676015888395	-2.5712644093372004	-1.8037723018930574	2.644671125153391	-1.813659211857938	-0.908760872606118	-0.8024186866349039	1.4130231033380312	-2.4973763242259897	4.557272163403147	-2.088410621552466	-0.9185822846961669	1.3637398312902913	-0.5542559865878884	1.5841387667578164	-1.2749697612063065	2.744688930863325	-0.5551594637770922	0.17900213400069828	0.9608071572391098	-0.48093561453876116	-0.45069354245228316	-0.9256642690977865	0.2373470759083621	0.04466099928214927	-1.0703906340373204	1.3276500720780375	1.518957194146116	0.4758475233667342	0.45675926766135694	-1.2391852205390752	-0.16859603242324772	-0.3209633707688941	-0.10636617654134965	-0.6849276455872367	-0.2641393224271602	-0.37848731456137585	-0.2148486059364289	-0.014467680049556493	1.139514988370726	-1.726698705651699	-0.28094578291106315	-0.018025763345817295	-1.1540153555844903	-0.8217749877365734	-0.06743949133115551	-0.3669155558521756	-0.5046780285502795	-0.6004838356670208	-0.4598260264973726	-0.2790951518346123	0.17868990319175415	-0.5777308689044212	0.3178847723592989	-1.4920578765522727	-1.41162430152101	0.36726511088462466	1.2731995400784508	1.1480770372842324	0.08291436537858515	-0.8349146817200045	-2.3765117102692375	0.28429155584124494	-0.5096404978660084	0.20463447818873332	-1.1352118025552562	-1.2882459467694611	-0.46946571643719454	0.184126164989652	-0.43064580390233825	1.1565504198116345	-0.7309408455940729	0.6199384213598649	-0.13410934883041806	-0.21555227223588214	0.12374475359441607	-1.0501461347977896	0.5985908990328002	0.2610909983486453	1.026092719415961	0.5691616857721516	-0.5441616634213133	-0.8657470967959059	0.16735027422482388	0.6236820946561548	0.8051592732472134	-0.992022975865	0.3411025413013282	1.3215699932363603	-1.8425159038152847	0.874476277536114	0.18859564410283364	-1.8687501954343329	-0.05539074384308659	-0.41003500374514446	-1.0806933335173783
DTXSID8047006	35.30321347116318	-9.187346410516936	3.0450448713475002	5.811424190347593	2.4531123183206662	2.004418975447219	-4.22801751881107	-2.1744143409469125	-4.422791669761805	2.034323067704007	8.890197219452851	-2.9442458481502696	4.595614837664986	-1.6174371411052526	3.1013727966911406	-0.9310402276247864	1.933091029739667	2.6156144863062076	-0.16975195754158282	-2.2643351541135592	-0.7814674915495053	-0.43170838227100483	-1.7564459175978453	-0.37358703130357396	0.273480113922226	-0.6621174473983846	-2.2265960391122253	-0.7160955937456945	-0.9444649851541426	0.46859260345224096	-2.8184395244028417	0.5453200487638786	-0.07922955415746587	2.1457963678730834	-0.006308362268791848	-1.2560940608028452	2.074530393511194	-0.053941858852676716	0.8702697280240924	0.019268858034356778	-2.129326534017452	-0.4601453409156602	-1.291172355365676	-0.4166307652237272	-0.1961392164730033	-0.4623020860682278	-0.3124366311018738	-0.7141245611586498	0.7810711715591333	0.027111437394005945	0.0388652541082695	-0.11340732948377726	-0.11934384010771382	-0.9722003738668294	0.2933539343119754	0.12836863101095372	0.4560999883661679	-2.060280948326538	0.4220952977299286	1.176755101927157	-1.0623904951804666	-0.6976944938182353	1.3708353569947986	-1.3278942046428117	0.6202865863164144	-0.007983343463489405	-1.1398540975664413	0.3750603048285439	0.2901841362370498	-0.4249910669071369	0.24847042164851416	-0.38934131389487425	0.5069383679297694	-0.28729640449789506	-1.187886446942443	-1.4964061116597587	0.7372250492780009	0.2450134005689229	0.4024442249204278	-1.2035341177213257	3.1626646607951536	-2.393368856459811	-0.8351388763399519	-1.638998524566473	0.12091207142356236	-0.03635662586314218	-0.35343612366907806	-0.5962835667933603	-0.38484683654883095	1.3838820971064134	-2.3878032768548456	-0.12336694001603347	-1.4633052320362503	-0.27681168140815876	-0.14128459717594458	0.7689652316218857	-0.11722742120841392	0.6913412569758011	0.3421688374661064	-1.2578891254138527
DTXSID5026049	-3.0516225398638066	4.839087056042606	1.299637712139681	0.3755796308414501	-2.454283339550855	-0.19058422341506914	-1.9571243767853614	-0.86710715814193	2.58241440720324	-0.5548064726639753	1.9521405068685338	-0.8147635855598242	-0.9091953167851474	-2.008059595661669	-1.2315827539686628	1.120238649372355	-0.3432272648943157	-0.19502572366807502	-0.3102112186746522	0.21039559321150164	-0.16895473488983737	0.2252362803832858	-1.1914014752439175	-0.4234052514428909	-0.14416512851114566	0.26285417887167595	-0.06183834151657762	0.4489391583357708	0.07398336485128672	-0.3888035785713843	-0.22681447981709896	0.49003675463502155	-0.5564043781183682	0.2500427215716921	-0.04901392911164239	-0.5234266713162207	-0.06898064465223258	0.02093848771947216	0.18481021560234362	-0.05920130773400651	-0.0866178570690503	0.2897451761407617	-0.08094479685030778	0.2150628061297289	-0.2573339224882046	0.30527570099700285	-0.18962592043671542	-0.5334687692046068	0.07581139573956029	0.046968876087536936	0.1458569347602456	-0.020272199143192855	-0.1199105600461956	0.01766119564793797	-0.018457497495697684	-0.19301295403925942	-0.00417193049497642	0.10123916771353615	-0.10883733460150768	-0.24491776147135522	-0.0819422947412057	0.4795903526738132	-0.10645047089587757	0.4681521704072769	0.06923222645374333	0.026373543300224022	-0.04072998313291295	-0.27440367865150417	0.6861013315819784	0.11431420523965613	0.20117322355927492	-0.5137616615614702	0.6643002099704073	0.3212926581920755	0.03027866306122925	0.08515497035994915	0.4091950040962066	0.2540929934029122	-0.10545764757988335	0.23600255238961537	0.6011167993212397	-0.18046330095581908	0.02495251471382076	0.1288514133725451	0.004227961439206381	0.20315138796951906	-0.5430322434928063	0.003521867371459379	-0.14119273406408497	0.027019894434576617	-0.16076074234120913	-0.06775857190053199	0.1565644810016353	0.04234709423781055	0.04503562524537302	0.1240551582783554	0.2747773062763711	0.4538259988939039	-0.09901236045775932	-0.24404840438786185
DTXSID3022950	3.6758356123647644	3.810423172323006	2.6049077535601586	0.9435215071596055	-3.0831456827734334	-2.0500493200155954	0.28902246761008715	-0.15885053761915202	4.325885083529645	-0.4503053589986867	1.2287544625241544	-0.1408729767432743	-0.41224553282444004	-1.0048948126615365	3.1386076183549276	-0.09202044259705064	-1.5707470507444805	0.007696363342353033	-0.8933086475052805	3.510651927952127	2.898189941620948	-1.1390085839430726	1.7357103872955548	1.371688185725099	-1.131651759712648	0.7710277203800986	-2.0283535548801113	-1.3684142201744112	-1.0703482314523198	-0.3061992854422573	-0.9743302890164837	-1.1888701012100307	-2.61538659004533	-0.5384054480742008	1.1585475328108612	0.6409522231201391	1.9550607471364885	-0.25835225184194216	-0.8104484947435054	-1.1146824523340595	0.5006726450269818	0.47052621498862823	-0.15991318849163388	0.6089467461684119	0.40014205139120906	-0.4890681169130987	0.4979770072685494	-1.1148526652453548	-0.29707761570005964	-0.30436731142445533	0.10924700209267982	0.43040401888844415	-0.07225309066509884	-0.47578402741388126	0.03533175891586224	-2.2249773320041117	-0.5306427529976421	-0.20668108826024745	0.2925479947717872	0.9485395689453876	-0.048534706130209854	1.959823663308424	-1.9184729579166944	1.1173039698583431	-0.5134784879397812	0.32937119069359116	1.1298332844980714	0.6088290166077786	0.3582791439355189	-2.3146000740357144	1.8883367817330985	-0.6753520673794189	0.9919628163998178	-0.8690989412062313	-0.46918142151086056	0.05049509869173327	0.4341782037940781	-0.5270332116378654	0.5893181946551043	1.0771818382425997	0.9773376057679707	0.528812100223246	-1.0978315820830875	1.041343488320802	0.7624508363895496	1.2799793046176573	-0.7691663762222383	-0.38252584414309965	-0.10831216800874613	-0.05724791607008886	-1.0807037341416508	-0.551492585181974	0.6445298835286194	-0.03780542163304905	0.38496841324948783	0.8452819887395546	0.9984378066221367	0.1572351572172669	-0.11623424061336472	0.33202359881479787
DTXSID0021256	7.175464756455165	5.764289047096958	-5.924627383800402	0.04739272185240809	1.8217157351329234	-0.5623873966391777	-0.1834274801622554	-4.664317939138701	-1.9698374157739857	-0.735324136926168	-0.06979792042457945	-0.7830233492729131	3.354874217871107	-0.8333246782709814	1.7752031233160235	-2.708827642093346	1.6010497189965385	-0.3164063194144205	-1.9562861345160913	0.767824725692394	0.9755810538756745	-0.318465818367883	-1.0559316545403188	0.06106644826430987	0.4064329957624826	-0.31930974073306995	-0.3945006624808548	2.465771477346542	1.1947936696557322	-1.2910771026644567	1.966575297766115	2.2147666707110263	-0.580499874357624	-2.208657201104457	-1.5174323264704916	2.133865484096145	-1.0587217393680268	-1.9411059402015638	-2.7996325660979307	0.08885943727522992	1.973971221047862	-0.21881491970443362	1.0244067926233074	-0.8845624925791093	-1.5209247414286204	-0.9646595066321597	-0.9134235935760097	0.8922009794476812	0.7438846834218605	-0.8162051601841871	-0.25157179555898623	-0.551987174298134	-1.1205086469249426	0.2688300129881605	-0.06775848088266456	-1.9877991041930274	-0.5252539655136766	-0.24560494337477132	0.91953274778995	-1.3989473906058625	0.5138084777789045	-1.108810117722581	-0.45331135469072725	-0.5233372427841584	-1.1597282791154042	2.6210124235849612	-0.07889738326749014	-0.24231818366286154	-0.37760819011522745	-1.479032682848936	-0.19957647376333448	2.4623317877776114	0.5615531761426729	0.8435964282422356	-0.9202937219804602	-0.11783721679347818	-0.9114962620145384	2.097883950989469	-1.2371825648979007	0.5374476526650557	-0.8004737407178711	0.022373246855787784	-0.07132312244592172	1.0367874682882454	-0.3686780153474445	-0.4345273036663997	-0.3142119200112325	-1.8019038153180542	-0.5887884728815632	-0.13812448583928594	-0.13221103167080087	0.3694745085324037	0.2548582463730897	-1.3326925284271427	-1.2469462855383786	0.10270569984924904	-0.04359680919322596	-0.3962587143436184	0.3878443716212801	-0.12235719884330856
DTXSID1023316	16.06954643115719	-0.9497332527132454	-7.7252405820595795	2.0121226622997623	13.564952309228588	-3.927094832420988	0.7002330853186067	10.740096043658534	6.724490198568942	-2.4527576516137817	-3.448398329790202	-4.491719097821815	4.7871070782774705	-4.556652723928934	3.28431334804185	-4.721934834300215	4.74534827561284	-0.3254581837249321	-2.265301102123512	0.21782762173281403	-2.549630967998565	-0.5160525303629798	-0.27413519091442995	-1.749287760492203	0.2675549362587496	7.878270029655015	-0.8162554065114819	1.8579224087504835	-7.048916180065383	5.3454381254351535	-0.5671224755546007	-3.433718783497482	-0.9010416054212805	1.2811650804067225	-3.599741157228628	-0.7714601897728903	-1.006148104864556	-16.285358161623726	2.2254823948766056	0.18311166210968466	0.3384353158445663	0.7455043543551124	2.7128741427611103	1.906819405580273	-11.68999923816731	30.869057314103856	7.481878138279341	-6.8397740659735	4.294689785598185	10.898724529451915	-33.31090723976919	5.876381095591257	-16.95950454408675	-5.974190228499808	-16.182823808385397	10.145575091616454	3.157636515679271	8.056741590995841	22.785730391823062	1.944532551737765	-0.12793895645101724	-9.090715970292699	-3.529214384237522	-0.7388652221606115	2.0634997973489604	-8.338006865691497	8.88577746719451	2.7521719501028428	2.1941206266094206	-1.0258724825173684	1.2152017178107888	2.5423103322784053	5.782862146495205	1.4926938988601757	3.394775389190527	0.9149246661143017	-2.364908784828032	-2.3062200559781747	-1.2708886130658619	-3.060260043022289	0.9346200781947535	-0.15517026222771843	-0.9328051876677531	-0.4345418977444653	0.9771779621348098	0.8677776969162477	-1.9146167725892125	1.8809659875724074	1.2281693371767295	-0.8817999141180576	-2.635116989841978	-0.4101085434973737	-0.21797891361009902	-0.9037823167507956	0.2813162054923083	-0.5099454267940599	0.45866265474977724	0.24574466279794516	-1.2093461181542409	1.265911908464651
DTXSID7057812	6.879107609803253	9.208338084701962	-0.0423644099517147	0.1969010699876946	-2.6094988564093393	0.023685488461562713	3.1961050949704317	2.394030986247574	-1.1967073119824712	-2.8162289539752594	1.2302195448315085	0.8582638662529573	-0.7810724547930282	-0.3318414755902007	-1.170973135799214	0.061642204963504275	0.783406286301224	-0.0016174981845007038	-0.8262996237573532	-1.1590496782646085	-0.7582609438417101	-1.0158851779270661	0.6837545911364971	0.6642009048572896	-0.8556911395901527	-0.18987158627657974	0.2491618346032876	-1.7513247379548638	0.3280502557915244	-0.5733710739905511	-0.05610773442678595	1.871285017678605	-1.3060569294258038	-0.35144957310442515	-0.1485331360689398	-0.7103143284046111	-0.5000978055926916	0.45349462286598957	0.025195955079572493	-0.6696541669916839	-1.6396430214304223	0.013182228454173718	-0.20179733483602033	0.8281583267612036	-0.7130586198981377	0.036042540418222094	0.9249040092529878	0.191123581294099	-1.085737240985452	0.5977437321940798	-0.4917156101657083	0.4433449583342933	-0.6278853179931024	-0.20252297425931512	-0.3901718721947726	-0.34995289297133564	-0.5783839927185463	0.17453331142717204	-1.8626271947997728	0.26140128753799197	0.6782969278020231	0.28306675872210185	0.12739022830672617	0.8019163374859923	-0.05446898224117253	-0.5246200777651339	0.10320223535980468	-1.3436049677694317	-1.2521731307111887	-1.0405780983553379	-1.0782729331357197	-1.0375073476309253	1.0833677336478666	-0.8135817837549264	0.9506287788668981	0.642138292195456	0.11976575649378511	-0.9416206341770911	-0.7804879335354735	-0.0759710374304151	-0.39040855825989207	-1.6943315496542246	1.4289270187494245	-0.03447385899248208	0.20538567095674307	0.22350312608186476	-0.331584621703526	0.17040268302888192	-1.1528620647203742	0.09305918307167703	-0.819516338938563	-0.06972823024149583	0.5020790208595571	-1.9407520748319362	0.27721534568894973	-0.9523639415654622	-0.4341189904854635	-0.926548949549281	-0.1280037436924077	0.5185706985102756
DTXSID7041417	-2.9534905577530424	-4.554895769711424	-1.93907969096656	0.13236094573754958	0.08220873009222082	-0.5865961847068303	-1.021471823451867	-1.1067597505185436	-0.24340020568089982	0.47537790788233075	0.32391473461855197	3.034157032076047	0.4356186262771856	-0.7571497817703031	-0.21103654989899706	0.7936376844959525	-0.42011996963999443	0.959775598147752	-0.934602851313181	-0.8187980891512948	-0.19337613303264278	-0.5044672313483327	-0.1258155416244764	-0.28788598983285946	-0.7847780689715487	0.0014765989632713234	0.024875337247283975	0.24486336332102593	0.3070552153033094	-0.4335866838145393	0.42385365772866507	-0.1609701761031363	-0.1176402673547826	-0.31339572827114565	0.31044242777019415	-0.1228004579732289	0.17198013180066202	0.0886357506957839	0.014365143255767028	-0.07529031717448907	0.12261300212937586	0.18395076585645623	-0.11220682747577213	0.048813870954381326	0.061401780661290074	0.23440572571114793	0.22550199714101082	-0.29568985359776245	-0.05263815323052835	-0.276076283971081	-0.033667656967610544	-0.18105188592890104	-0.06547146149694513	-0.1164118381759031	-0.29803440287981364	-0.130351529674005	0.12945377698557836	0.014657965044209048	-0.37239218501540455	0.32087559926051323	-0.19822704483008727	-0.11951119326117851	-0.09173258422058705	0.35841786520340096	-0.36602495542920405	0.27822007897016876	0.18605511408764352	0.28832480180244036	-0.47579160007173693	-0.4213572078561558	0.2817588308946753	0.211693058914769	0.1447916367305431	-0.27953253620654883	-0.3192112555113644	-0.5280525234070343	-0.5890640691228258	0.08653843190607345	0.832578466540066	0.4563594600272198	-0.3026791767169485	0.537863500188655	0.2404802228421319	-1.247709320084618	0.26788747687552633	-0.7833953324943682	-0.32829736576743584	0.23356879327371358	-1.23118480082313	-0.6490771991114874	-0.011674151247843536	-0.05676193275829667	0.617364364336526	0.04434510997011554	-0.17001922207873854	0.5775127910338138	0.4002752542577465	0.32575522005076313	0.056260093290892314	0.2513550166032018
DTXSID4049375	-1.7493371812903578	-3.263308375935205	1.8675708801645223	-2.0549514272300735	-2.134484658630542	-1.464157322127486	1.528332071366365	-0.0706716646035998	1.8190639611527075	-0.208044279486348	-0.5891800533370463	0.10726659108266035	-1.0326916754948	-0.7717719229458478	4.18297149870175	-0.8119167791931422	-2.7146037965072196	-1.2184860334313796	-0.049526264167103116	4.454406578912486	3.1705683023239257	-0.9576500623809694	0.7380612753235958	1.713061313616087	-2.8972530385134587	-0.6745911139179992	-0.04375582657461265	0.7451062745052001	-2.0600086207409483	-0.12960574000044756	0.663698458910885	-0.07077111078301271	0.4204841157345889	1.0565911670367134	0.34657188918132426	0.29126636174576903	-0.14896081796650476	0.1396626405697405	-0.582238629517876	-0.14837330225219938	-0.6021388851169396	-0.37171871790080585	0.22829650980239968	-0.3309344591525937	0.02921285061055471	-0.32191106287099325	0.39244462139255587	-0.6675628280249091	-0.021651074597896964	0.0681911249180758	0.07285055652682725	0.0832729354528716	0.2719179504046836	-0.6312521547375074	-0.7866650914447182	0.29564992412465013	-0.3815329640173802	-0.537290050082904	-0.03332130260563177	-0.2071941363943652	0.4202981009322135	-0.710245261309686	0.7069342508542881	-0.21441629883411847	0.17635934526713642	0.03839032839126956	-0.7126614066634629	0.028226040694502966	-0.3293875730315733	0.3141351443290345	-1.606559275454188	-1.53159921566645	0.3871996198123609	2.087023225765749	0.31337883312696063	0.7974967126499872	-0.061915838761562765	0.9668083734745181	1.5543556555623874	-0.5752403948559953	-1.3337844421755138	0.5803858010952764	0.8924911984021041	-0.7484622130801538	-1.1247597306775567	2.064553159092198	0.0782029570196886	0.19935816722323008	-0.2957813665151451	-0.37402417893730994	-0.43371398888792373	0.8548415172207139	-0.2257901694211658	-0.20877574300936497	-0.2928281217612823	0.6950927898724262	0.07069276652636414	-0.3583627202669283	0.3228243045363066	0.30886248425646756
DTXSID7021861	-5.109508398821321	-0.38025018764376345	0.8851355477989982	1.4041042939470125	-0.09136694684626465	-0.5904470460482159	2.524352372542185	-1.4864684088458189	0.10205977195265947	-1.207650306490832	0.2793366503665439	-0.1930469461603404	0.0779780693455945	-0.3476521095916489	0.48882116804043435	-0.34801673583994414	-0.03761456450606431	0.23436835321950192	-0.9119500305164697	0.017173945426848268	-1.7294051646246607	-0.8578214393637321	1.2214981763929857	-0.33094619762348454	1.6954813479203161	-1.6758558088888262	-0.7890790169172442	-0.6398003304323264	0.49012015897977024	-0.49394152936611874	0.2796552499925516	-0.31598418611854096	0.18488908275596355	0.3185805294262524	1.0067533796301302	-0.15381160956184015	0.019122462542830707	0.635284148196906	-0.7385666587025681	0.4032745806476876	0.007299019096105399	-0.4893985776218908	0.6499817392609203	0.6927065408572249	-0.9695657711878674	-0.006229984718933108	0.2659803603391137	-0.45369826361472165	0.43746264165631754	0.4252098483344636	0.2704554321341197	-0.36802133607295806	0.11414741433638209	-0.6082978859174965	-0.12528130012378316	-0.36729412483434604	0.08293233194060677	-0.7386877611249765	0.3595517036787187	-0.9488020180012079	0.1988007058451722	-0.059907024717310575	0.32851974650257015	-0.551043389637924	0.03120092926383004	0.3732894029802233	0.25606634561375674	0.896812378339403	0.3134094352523262	-0.018448790583235994	-0.06469370254558666	0.514627741291558	-0.7161022731779251	0.5519006302892435	0.0817632217730045	-0.24859166760914392	-0.2786317427255035	-0.038395054729746914	-0.1749808373056392	-0.058520875436605675	-0.1504962370879193	0.5325788834569513	-0.20782010552932614	0.2582182256664899	0.13232930306731383	-0.2652938068277708	-0.10381616250189935	0.17276591256292181	0.44873634341402024	-0.046773191026936306	-0.03325974318109692	0.18611665682641212	-0.10600159189208432	-0.22391123198484691	-0.10285329865389846	-0.22316423150007153	0.14812980758638458	-0.2011542106468401	-0.05921283905753656	0.14063783416449452
DTXSID0047905	8.934370459262858	-0.820496313405043	-0.4983875942540361	-11.924186361760363	1.201766436310295	2.911008075985353	3.8075359491153353	-3.928572081442734	4.110670165382369	-0.3637083167698829	-0.44293253319866055	0.4396126755756838	0.8704878014958257	0.5611706903078231	0.27576239752695775	-0.6929155054466286	1.3998871446966197	0.870762559129624	-2.87030903881025	1.8563006070116363	4.521645285691162	-1.2219429780921183	-2.2119211318254637	1.4602698642961205	0.11351467973217409	0.6066074474299568	0.9177114486042481	2.615716070706906	-1.1686971326055968	-0.4848554108497774	-1.0474736708510237	0.5325002276512031	-0.19151116928299924	0.8378579081788871	-0.967863179457351	-1.4244193220885732	1.014949729032342	-0.3874342743423249	-0.42718305818955815	0.10103964716165041	-0.07076071505249831	0.05379209059963722	0.7960973204752871	-2.014995210159224	-0.2562048788607261	-0.5530878558629903	-1.7056090057185354	0.910940560457401	0.5808255247637027	-0.5796324640301256	-0.10147525259392216	-0.4080033176466509	-0.05453870892370101	-0.011456669075299089	-0.9065318991153073	6.031205875751503e-05	0.7207152853481879	-1.4609589849413327	1.2322095079244324	-2.1588683936994784	-0.7018813941112311	-2.512503307990042	2.496617710785144	-0.514497610360973	0.01677289306455009	0.25074501887303857	0.0557089281485334	-0.025647665611637404	0.16661464492330214	2.120937916559801	-1.1766208677638283	-0.6101376096846056	1.0155836833857796	0.3667346757165291	0.07297840016955467	-0.04156896175943797	0.2334857438724685	1.1323119706497755	-0.5782608284985311	-0.07343096801833833	0.9009976249505924	-0.13403103059401938	-0.8351324270964051	-1.8572681567334863	-0.11993780783947744	-1.0737792352329645	1.7420216603600516	0.07235538736010326	-0.2020188482414154	-0.5787373254267036	0.3919856196789888	-0.3710595186504618	0.5201186081967063	0.4555735270843689	0.061363764985078575	-2.2450531950997688	0.6683726385507779	-0.848604796028383	0.1248926698902566	0.6454955049657103
DTXSID6022719	11.196568236937566	2.9123521827095	-0.03162182298547169	4.195315394711743	6.43588114952086	-5.314730592801096	6.698571397081334	6.078863363618854	4.753957153385575	-0.47972359358486794	-2.4995375079004125	-1.4742907614216767	2.3424438397478466	-2.183916751269546	4.839287082417757	1.4991702086599568	-5.717918405409063	0.8948919613720366	2.808428310774301	1.3569968180346161	2.3205581558765367	-1.027483505983114	1.0978451906710187	0.9647673897619956	-2.189433322913549	1.0535340975052123	-2.6403696601112103	-0.7916466780923943	-2.095967601824952	-0.45772726774582506	9.485250536431221e-05	-0.1711534960718889	-1.0180862126587422	-0.3837234048882547	-1.0840827430102815	0.032082782818914635	2.3834252495701826	-0.2974349958235157	-0.31565339399634557	-1.066656013482674	0.7212038238506886	-0.6551334503304633	-0.04697213477656446	1.3182841500796134	-0.31681365666358935	-0.557613503177842	1.0364334989291193	0.8545356985806318	0.13122178412004987	0.1625799845788334	0.07817642755949433	0.8721268796706363	0.014146136269958075	-0.168398101741152	1.5561327879096742	-2.757150089655315	0.13845424680761115	-0.09455841475444982	0.5542183752824519	0.2368657703429413	0.22552801349460977	0.6899912191885037	-2.4801955798308004	0.3498747461684652	-1.1964191261382287	-1.739184377703673	2.0260289980574573	1.7722529946166303	-0.19037142443853136	0.06628362013096448	1.1113961544991187	-0.6152025204140887	0.19142363342232216	-1.418042558682967	0.7930675622826739	0.09443597125645203	-2.1910469242109216	-0.13762142209118164	1.135923828347072	-0.6646214075625035	2.06600415411721	0.21836489951521615	0.776850771895672	0.7545679903996597	-0.7333734170939474	-0.27115479602004183	-2.3252123490783365	0.5321456102759742	-0.010891356025091937	-0.9663276803514115	-1.7248922078727449	0.5869833814111927	0.14033937783224187	0.361237202617305	0.6628682985412998	-1.810697346691916	0.6920424537588664	-0.39622710092334723	-0.7755403652302691	0.801427282126357
DTXSID5023584	12.205118639248852	-0.47389560431085287	13.721503209593218	3.7647496481866787	-0.4517287785577836	2.309754946368132	2.860018198984046	-2.6890543294626403	-0.19528725444935252	4.776446763109756	-0.26207507143579956	-0.07522097592359381	1.2553814218923203	-1.7709698457053489	1.2085262099849836	-0.7340475812037762	1.3144756754502251	0.6866822725840949	1.4150722588213382	-1.8202465983015559	-0.7864318585105843	-0.38198916719275666	-1.3018632710887281	0.9756700875079675	-1.1347375651938465	-1.6757197945283855	-1.4481810622008624	0.2770247011403441	0.4426560176797184	-0.5740202923098197	-0.1481565571218436	0.45810869806286647	0.31424681919734343	0.07569439954518623	-1.6247365429740417	0.4061441104560263	-0.23232109763150455	-0.9052688444081773	-0.4499099270181419	-0.4181534848653652	-0.2356856195699376	0.0866764476834708	-0.21621193716324694	0.4570635154679721	-0.19023983721315213	-0.4357939128123361	-0.8970480453506523	-0.3954020534036858	0.353921435200345	-0.048555788891851116	-0.18406733856199656	-0.8450785339869127	-0.3189863493062947	0.1246220043195331	-0.5537205172053014	0.9429791624233114	-0.33757426005147834	-0.13951671168950622	0.0700123250119241	0.6987364839192132	-0.8476156695751107	0.3803283124433998	0.7644300406923937	-0.8173251461570586	-0.7018375045199445	-0.9156581157583773	0.07374358261357745	-0.7093192282105647	-0.4350442233019743	-0.9170663479137825	-0.62750402166408	-0.27690294169824053	-0.8567172694906238	0.8324171412516345	0.8831042354600042	-0.5415321424581605	0.5655009280673996	0.5362205000792296	0.023170326732175072	-0.3836590586628056	1.3481909063313617	-0.543860750298034	-0.6115507430096501	-0.25687405724329	0.0776933224231381	0.1143805829255952	-1.5210588647562815	-0.5456153629799362	-0.7088244764288046	0.5233455692019633	-0.8813786690534983	0.3190437276771549	0.04950359578264224	0.27712904566180524	-0.2741328634598551	-0.4411976136241776	-0.2612142536850104	0.1833246766100193	-0.0072477396615609245	-1.159299107282759
DTXSID1020148	-4.3529737192808975	1.6061841212052546	0.18856043427966146	-1.4287792634138279	-2.0976568066803876	3.4783519592939833	-0.7858350467671557	2.7602315162000117	0.14487004458851901	-0.4114291116539221	0.783601946964659	-0.008418428124204243	0.2689768098007247	-0.7164322891544691	-1.4471350055250611	0.07487740079310598	-0.02180850972191458	-0.4676207327484986	-0.4424484472899971	-0.0068427408670177735	0.07969130841739194	0.07946852126392048	-0.08110513163243371	0.3039366424696638	-0.44250338229594227	0.09843370799497474	0.3095889322642264	-0.7083819547058472	0.028030097977112495	-0.14315634400600738	-0.3841212948298627	0.2757072499406372	-0.566584349351316	-0.36948424452209283	0.6845295564644144	-0.2092192722517364	-0.1127970169035292	-0.22610156605904924	0.026239477161106847	0.5422259915524026	-0.17514987056525066	0.415607587162969	0.004470808877306451	0.552327745872312	-0.19865841660224987	-0.06435022128047543	-0.15846923615543343	-0.690962178007731	-0.05200129659987885	0.15964242264983236	0.2378400536388018	-0.15038563240431538	0.30204719224127013	-0.0948978027326688	-0.36847817918691533	-0.02073892888383623	-0.05259073711180208	0.2501276073077519	-0.24757407346377522	-0.4108488606254813	-0.30086141563327934	0.2761430909499745	-0.2673658485369972	0.29733905241217956	-0.061474075664731814	0.12034801031150923	0.07820871594164568	0.04358593410991358	-0.33820014836243223	0.11962208288620477	0.24112608352650097	0.28743716660088775	0.43095998407278696	0.6718203017070378	0.23398643873344377	-0.28693245436427117	0.03428147489358227	-0.3304363954178168	-0.11568397553734455	0.022045926864587142	0.7340628432324463	-0.8187910078351515	0.0016679196750178915	-0.8533649023949265	0.3603843423764284	0.34502660730958734	-0.7378760979304148	0.020211495165399985	0.6551106518767488	0.2322543129320163	-0.587912062806757	0.05502627642149729	0.9624548029099675	0.4715682877494907	-0.7673479570694494	0.40734721490131587	0.04569000454289412	-0.06500087173586516	0.3579591609059797	0.15159150250938158
DTXSID2027044	-6.3218948008250155	-4.335570099241977	-1.5100095491840555	-1.5477176951541691	1.3748905063775947	-0.14334030698305839	-2.6598672756303654	-0.8052477936904061	-2.524351406606596	-0.024956142990625926	1.247661743397666	-2.5325611665191317	-0.9380506382785526	-1.724542580961822	2.2849674542349603	-0.15627078938951383	-0.06850696567327468	-0.8256314721236284	0.9388390525079628	0.03170593821620299	-0.547773384453012	-0.1031617526692374	0.7760995734127635	-0.1470383608447459	-0.059368466037275594	-0.34054708954596136	0.4450706293764544	-0.589614303529047	0.0910809826357532	0.6752681118113658	0.47596323715537076	-0.14148499689931676	0.8190356907269376	-0.28954888586220073	0.6368744486431743	-0.34462096991011354	0.3053045455127039	-0.24368578091802706	0.49852364227258783	0.6477000045204773	-0.6277470325453657	-0.16397489956764458	-0.6029210163358103	0.309010295052014	-0.03197260763317437	0.18662456189567733	0.18926904055559907	-0.22005034048780647	0.2133449985516915	0.5091390065299864	0.16400105239112575	-0.09446017877319911	0.3436462325690385	0.015149690166287566	0.42060099310806626	-0.029305457184194146	0.2862031762665846	-0.5891289489310054	-0.0684811523327095	0.6290299642343892	-0.2604021045696529	-0.4819169194346921	0.2624648479690004	0.25147877883753006	0.10218718743170442	-0.2459532501294023	-0.5745849151705776	-0.22234108846421208	-0.17001488164426207	0.3954044734495258	0.693879581202237	-0.13372973547871234	-0.05313718320502324	-0.3554844578589619	-0.1987680562789272	0.0647382072860486	0.30346720148008843	-0.4262800511503599	-0.07244416715607933	-0.48835925828511295	0.4388573118278834	-0.1581956671585306	-0.2720063002054745	-0.5143085457333613	-0.00017241417995826524	-0.16035763285730323	0.4451059752820944	-0.6264197558341242	-0.4226238626815148	0.17625984897565128	-1.0631844360589997	0.3587460644805242	-0.2458507647725397	-0.4334337669148606	-0.5609570722920845	-0.3152560164017406	-0.09967392708535512	-0.787491901629971	-0.028865259892042937	0.504339769425916
DTXSID4022949	0.33765001411662415	4.124891640085862	1.2700158388557743	0.09427686887403196	-2.7991979220674277	-2.0748397855328427	-0.633162098501665	0.2283753816022132	2.2027725108880727	-0.7580360894220024	1.6172168431345277	-0.0451171575886309	-1.051570321023397	0.2089601617451309	1.6876650581017518	1.572559895476356	-1.3397209133443206	0.6824458369114097	-0.9758156397749713	-0.9422174541674577	-0.3583015115221911	-0.3739176778568315	-0.2657550846039604	0.05729050407242751	-0.927425165666111	-0.14204345346798633	0.7144048749524056	0.4580209354661955	-0.4155660340701703	-1.2314048065329193	-0.918304412408536	0.7547674860526267	1.0049778561126812	0.69145948830617	-0.7699665702936818	-1.5503346301224796	-1.9176011118979661	-0.2540464553661161	-0.4450188547749765	0.796696890634773	0.5776321752375569	0.9725525113341662	0.4592200491711905	-0.8142410533883521	-0.38660745661213913	0.4039672616841137	-0.3960777422628437	0.29353509374074416	0.08026435202872066	-0.16545801901003648	-0.2323282179309141	-0.21284962356830137	0.38936172280552506	0.14170613725916234	0.1022472175727023	0.5224872496905381	0.6630476987584495	1.5015490256723012	-1.0728282478003894	-0.521049592062082	0.18648660358485616	-0.5481303070738538	-0.6658758325308204	0.05838291968292455	0.6503934730448412	-0.07238569014869539	-0.32847342370832266	-0.7954743904469012	0.369073520519472	-0.8704839396181723	1.0540986619121937	1.0411277752162438	-0.8906889885606447	-1.0299638340911959	-0.7947407721720098	0.24760299865741428	0.7852342564954294	0.33134635613851576	-0.5538633621743034	0.9573316113659533	0.6921476821529049	-0.08508691503372219	0.07109230614103176	0.9075369597565817	0.46948877721571375	0.4251696953102435	-0.7574040626236703	0.6166609168893553	0.2968513735360599	-0.23374877449091108	-0.3128013629270323	-0.27382454799129263	0.18936319058549064	0.32040627271451944	-0.16606528047609853	0.04168251505714525	0.004535126335379062	0.047405917750189014	0.12182752490166546	-0.19320691502206283
DTXSID7025425	-4.620247620228534	-4.535008876752885	-1.6460529622579894	-6.7764920825716946	-2.0279611644109896	-4.607635357863905	-2.1737837405565723	-0.169924983669899	-2.6522360701071603	3.150646546820644	-0.7968571657585135	-1.707008160312948	-1.995899318252807	-3.888011949693528	-1.2500679565967188	4.196390173970236	-3.505861873636633	-3.530944745191632	-0.40391158816477984	1.5068651509144688	-3.3468963775761313	0.5298595475001706	0.8635626110043391	15.0507829114264	4.904103478973174	2.248752519978104	-1.2599765948032706	1.6364631750801293	-1.15508845652955	-0.6657715958856045	0.03448624851874925	0.3329763430250179	0.2147408681353339	-0.12054125491519897	-1.7118064762653198	0.7340637463870846	-0.877868088742297	-0.1717092699839103	-0.36634140776827423	-0.3682999158253834	-0.7488098080153459	0.6284407016388389	-0.3075412253977999	-0.4607493335142913	0.04258627834918101	-0.4013417375500378	0.1965206478195802	0.6308860042705177	0.146706771413178	0.31036170424139625	-0.19922246046419154	0.10251014888377867	0.3757286702054748	-0.3644796762353593	-0.3097343742559772	0.38124804569747633	-0.3533478017126439	-0.3920805208547355	-0.20661078892302584	-0.06526106662220285	0.41577752722666733	-1.7015614113401094	0.7564724869279978	0.24779341984360348	0.58508649093423	-0.9185553246939807	-0.1729163340914963	-0.5840180106084939	-0.4364330713976019	0.703206596693545	-0.7077927430955141	-1.519674067658496	0.21969891090216387	1.5268177638822797	-0.18186591579638883	2.3912178324419195	-0.13096007174288463	-0.9932837854679211	-4.081418610850803	1.5036988313209565	-1.2607440450489038	1.7140826773351083	-7.393942978003231	0.13350407765355835	-12.059402734059608	-2.754985495026604	-1.3711609464051198	1.4613509088579364	-3.0857204507728744	6.960283839142782	-1.5298897761386474	-5.570653530874802	0.7656898583370294	0.7241247136264577	0.7924972159847486	-0.7273154619527669	-0.8375575107382259	-1.1060720914919318	1.5535628065961056	3.1123837364831943
DTXSID8048947	16.251193607600555	5.868227061495128	-2.5313263978199645	2.366035338412064	0.306869882699668	-6.314688688428293	5.298940945816516	4.562429609027576	3.5446020148764523	-1.5731225948105783	-4.170239996279401	0.6235571216729934	1.037010700926493	3.7065085457877336	7.849336847165764	-0.43402505349763243	-4.48647947262976	0.5078625738917855	0.8477234312665155	4.29137602403384	0.405905978114349	-1.106755937266628	-0.5615260658474681	1.1039679929999704	-0.005630649997898875	-0.4263282763951889	0.9220386834217771	-0.42856962951227306	-0.172042254187449	-0.019757356323371392	1.9843439647176924	-1.8540178710578257	0.30439529877855676	-4.117340979973155	-0.557080226507363	-0.30474266272350964	3.203447027968777	-1.9212892912904294	5.262944311878364	-2.8035898364384715	-0.5799663868745589	-3.048117844221057	-0.5014012378858693	0.25269790633558403	0.4378079489767834	-1.9671022388132091	-0.232213070086607	1.6274143932735554	-0.25465589639501207	-0.7378122180773622	0.18132314475653266	0.017350373709837236	-0.2542117763315869	0.8377028897307284	1.1555954607712475	0.14332974074407104	-0.4559223969282829	0.6933970298391955	2.674529059075492	1.0700399107533696	3.2371879721565704	-0.33018492956452655	2.050231744778851	-1.8482477314461534	-3.7561143195085407	0.2648206842620743	2.4688101729116476	1.9450454330572147	-1.7782468806278986	-0.022039542813178017	3.0255764195723622	-4.875253437048536	2.1905968676142793	-0.6347010387098599	-0.46069962008702076	1.332688772585925	-2.0826190520900028	-1.4164987846713297	0.017547875064668796	-1.176570951663528	3.72027873237859	2.402537203229574	-2.2327556071871357	0.12391691713192673	2.6249599675324746	1.1362928699886885	-1.7537230878016834	-1.8458316684729117	-0.3698526137645265	1.7639392981939734	-1.588123395055607	-0.3042201110937645	0.19845950466349768	-1.8455919598200845	-0.6521150786825205	1.813630718078941	0.6816885447742457	0.4982496370544025	-0.8229860373108054	0.33426490822814325
DTXSID6022684	6.409178461011242	5.070336871170297	-0.4098474244389393	2.520534875766666	-0.3906190441465845	-2.966746089055879	2.4784934587739	-0.6305518745170102	-0.5170552645703643	-2.1866061403303627	0.18850232854064647	-1.1963395506401835	0.2810158920899059	0.6080187400849102	-0.7488720792541134	2.4605562195302384	-1.166165495237682	1.1595145658190362	3.6670051001910697	-3.317233440777515	2.2856830479237407	-0.10627483417660004	0.9839617779618791	0.22663901125992686	0.2932795644573872	0.3793810244967871	-0.650566741800294	-1.2531816201785446	-0.5392366601325586	-0.36394994586564916	-1.2798282181577438	0.15734720746954592	0.35777208133649085	0.6156289555374056	-0.14508980642029606	-0.011808758767627022	0.8350182366958732	0.09290351322494637	-0.5958761491619156	-0.8109754098234239	1.206617302830947	-0.6191371922559762	0.6994014054172505	-0.004988888128892598	-0.7667536716902578	-0.0767551952698734	-0.3703687352425241	0.7655231073344755	-0.053971305742807604	0.18889101237504846	-0.12438982894421897	-0.22320216556091674	0.3222179536758236	-0.3650267954867114	0.4314076877595757	-0.34655861701508006	0.7636416439486198	-0.28488406054636173	0.5259663132744763	-0.41646625887541505	-0.29579618479557257	0.3216466746628126	-0.32957518804881886	-0.8293732428979369	-0.19544099798652936	-0.7492592428342377	0.014914954389051615	1.2535946475681536	-0.8898869185824009	1.0727413577884595	0.7065003497639557	-0.36747178067917374	0.33804045540194116	0.8028354672620043	-0.24588643719434822	0.8910515884327942	-1.1630523344867816	-0.5827113057325126	0.24392914480087005	-0.5045280416886399	-0.027231638104220496	1.0192465132074255	0.9983296791217057	-0.3502387329663664	-0.15424339438484522	-0.2462439506920585	0.4304768178158477	-0.9005294218573405	-0.39572398535797243	0.20782574922668423	-0.1804074136457131	-0.0968024088392272	-0.02126415440574589	0.14935351008884037	-0.017391763727387648	-0.33668628274509516	0.02170636459503677	-0.11705972704875314	0.9438174451343673	0.2717619591007845
DTXSID2045232	5.196367238036521	5.154449298898127	-1.8726493210743664	-0.4252407387027699	-2.3761999742724615	2.9371097382149576	-3.9575364548472627	0.691473189504515	-5.249626380726332	-1.0696466024943583	-2.6414933696417626	-0.7152984860570147	5.972804427923402	-0.18418777912602594	2.1815134576448085	-1.4147487971834742	-0.5434868831267511	0.2358075978046132	0.5066332652278962	-0.2623208388525714	0.4336710487725726	-0.008267884820350756	0.6864818605939256	0.06857981817105449	0.8623330915204612	-0.17989964789677018	-0.10993399308914688	-0.05093108426031469	-1.0093674328199163	0.928356283196431	-0.6585358444520102	0.0898962077575004	1.5743648614404797	1.321879748172218	0.41624301055860846	-0.8321480167728008	1.010550393546686	-0.9901265132379621	0.2953143529242075	-0.8737813915947433	-0.08820133065296008	0.32942737614104384	-0.3097347971182879	-0.24054788385131973	-0.1711353100066806	-0.41861776566843717	-0.11071651128843087	0.15337960072281737	-0.1803751217855867	0.3582960232553115	-0.08728429769253976	-0.4683840969031011	0.627135933896418	-0.14032030907523135	0.7914492273150285	0.7289420169385925	1.1062360279154833	-0.8865463785246237	-0.15090176857944088	0.8415283213488937	-1.0538149886070711	-0.11365603187383949	-0.1499806010526923	-0.5824612090552115	0.007908073121062394	-0.16776791991090764	0.04269687818858532	0.5347625493365282	-1.9176608291484707	0.05015043109977393	-0.0071576531330692535	-0.41414829257806274	-1.3217162996678538	-0.02408204938789427	-0.7593419172349907	-0.27905431886591936	-1.6791605686941542	0.7651413496803897	-2.1714508268171158	-0.0071370194363372975	-1.2794934216392164	-2.260161582833097	-2.4865587674912537	-0.7667858173402474	1.217165163827967	2.2606278431083275	0.283405964583598	-0.38482638619747755	-0.05978003445531676	-0.4361446769693149	0.10780355835087296	-0.561211604460891	-0.040416292160002885	-1.7774844362120172	2.3527178846755565	-0.08365661505862995	0.5483656446929926	0.7125728498821241	-0.7436655940423113	0.10561236247124975
DTXSID2021735	-7.24666634432024	-3.431012464973432	0.01774088152085008	-1.1090284985002705	-0.3881943933776731	0.4551098292454756	-0.7017064394339766	-0.17503652028457645	0.15596819697808437	0.062302198824356086	-0.4510318602410007	0.029042290838577643	-0.7186251733963983	-0.22043828071286292	0.2972170432485816	0.687633598301026	-0.6823047997539965	0.49301582099839925	-0.4840314590376536	0.23243885684851845	0.35470359538082663	-0.05014012302852993	-0.4926184941355526	-0.7526138453869146	0.9213463433913217	-0.16810912921881918	-0.051729453807463584	0.26043421888223106	0.04624661857572847	0.04359491381441099	1.0789497148441514	0.0214461901306786	0.12710888970662007	-0.3319921191488356	0.01084130885669035	-0.4782773126442753	0.04974475298275663	-0.3174662347260923	0.2519566108018124	0.7669052209075938	-0.17082737525442274	-0.34105406828485096	-0.22679164119861614	0.4706974992116123	-0.28268166349458373	0.0711795543147676	0.4967268570017967	0.04741901284692156	0.17474844479757834	0.11965229365336699	0.04348996257784186	-0.15162085898328018	-0.03536791207135801	-0.13665750005789895	0.2754162221230985	-0.4267350025550703	-0.09942840646236782	-0.10556011189120088	-0.07214616634994533	-0.2557741493907525	0.2247513275574508	-0.1160294165912257	0.2797296597921835	0.4990169566628585	-0.23523688782096497	0.034301604540163386	-0.07160382900362589	-0.2334622539551822	-1.0725722746661424	0.16302541674883014	0.05453947895843177	0.47898380832240245	0.1039478925525787	-0.5155254196468415	0.3132982612080946	-0.0515418987552256	-0.4793337689411127	-0.8587041019040142	0.3630355922947574	-0.14416864983038424	-0.07141941396433907	-0.773292076563177	0.6964490906215375	-0.918765176181937	0.057715446800263796	-0.18704735268016132	-0.17909933537992379	-0.3552429122170325	0.04043970683439515	-0.43611428118370515	0.08908403137058303	-0.5557388935375913	-0.11751886035765018	-0.1958291484879815	0.09146046973850143	-0.656943111040361	0.22564477762937868	0.46235401000061754	-0.5032689623684098	-0.5110361424988553
DTXSID5046647	15.43507055794417	-5.149375721379461	2.8763091202299713	1.0685325766188014	5.012298874109004	4.154029177985215	-2.0317135354386693	-2.3413806414957117	-5.8595930724700205	1.9545543679950255	-3.318145574048873	-2.6684089333682195	-6.040814243346829	-3.1573114213907845	-0.008125430106040842	3.255261472624466	0.9685848228153391	7.663893388505482	2.4476302648684856	5.113034975633121	-2.6993781366208753	2.5101710845316627	3.5536151086187986	-0.4471001765582836	-3.2949824061766693	-0.7366997732510637	-0.2920655895459162	0.2817419789426522	-0.12136202943531024	0.7703552568435595	0.39969899150408505	-0.01730710725466788	1.0624374110382955	-1.2708830050850588	0.9498195372309123	0.9513556448506316	-1.2023531970495043	1.0808452277885445	0.8348815683756693	0.9867078027527262	0.32797495228298484	0.7259274207141108	-0.02488999160561526	0.09759162285544018	-0.19700133330014305	0.9384908214754567	-0.6205468632994561	0.9531875388714116	0.3358784708932653	0.7136838728233277	0.28171849444099606	1.180624377782481	0.11428085046206093	0.8842320547024517	0.3407778332741208	-0.06168165195683604	0.9035079663055353	0.24207887952972504	-0.6755541715435468	0.24604966709700815	-0.410339305373711	-0.7104414945984086	-0.8591079384454785	-1.5559480906524736	0.9288888856499888	-0.9995196634959996	0.2673501810742862	0.11664896363631683	1.0944534295858785	-0.8132851737524821	-0.816352538144543	-1.3085019065409864	-0.9567403945861339	0.5304706289945319	-0.21567508978726876	-0.23952266381318982	1.8296931294830414	0.7593347086390735	0.013824035963503496	-0.3914804712217212	1.7387622463930932	0.3809398017401072	-0.615026631087738	-0.6125258289388015	-0.01572581955227422	0.2337856702742515	1.2622202428122569	-0.8681435996735013	-0.9415888809108384	-0.25016142440119343	-0.7043480049169393	0.8347328907444214	0.5005712041396355	-0.7401132461279235	-0.036528950682820895	0.2600394777989275	0.311897060008613	-0.1076431128122833	0.3266533593857952	0.5891461673797226
DTXSID2028723	1.897979749142056	1.4235467413057388	1.8703300267606278	-4.3143727565948415	0.12287540668256826	-1.2599848780238672	-0.19966417188141572	-1.4974848993259666	0.7067741782743547	0.2737866995313734	-0.028505305115543344	0.6469527384817594	0.294313031491295	-1.908362451198796	-1.8681353246732104	-0.7583445914379728	1.212406565321975	-0.05475338771463415	0.3609049248612142	-0.2547988573857883	1.0728241538053906	-0.25927071329306317	0.4387145449032258	0.07496751065183722	-0.29522748240002805	-0.05398874570560853	0.12411790888719264	-0.48342588850395024	0.511984628808898	0.675260558847762	2.4891306070948542	-1.7541271136753604	-0.2530219853039621	-0.032649277451299134	-0.50839480278501	0.4149658551671034	-0.6386976480539903	0.31539560139408307	-0.42166701792454786	0.5807214133950851	0.1566822568023629	0.2633809136959641	-0.6370607196022817	-0.3533553257939315	-0.033140571521997814	-0.026317702777960854	0.4703383767054618	-0.4379884281955189	-0.610782798161236	-0.4784493918123256	-0.3052688393935154	-0.5346997646180595	-0.6295551688642577	0.022634052991208173	-0.45953395711002365	-0.14686443350829334	-0.04841348403709556	0.041900959285754824	-0.5945946679185506	-0.4406297855744746	1.1007080467217814	-0.03874041667348242	0.08494363792032508	0.7794959664694118	0.30087357332799464	-0.09024056744148302	-0.9773157112356637	-0.05740928349229192	-0.2957493069465286	-1.821910391081045	0.1066523501826803	-0.08402959437788866	-0.23132513311859598	-0.7795360791559124	0.45084578287549704	-0.6580300546658593	-0.10995948647189971	0.5902087225381214	0.9295963897103221	-0.2908975638441142	-0.7974784040798112	0.7178043161144877	-0.553823670655627	0.08946091423990521	0.5521054369765733	0.08955943080733747	0.5248050083449647	0.5183340012787748	0.0024808441024194994	0.9450835424103872	0.6760161587412138	-1.042290237100966	0.2769944458138088	0.033752042900332666	-0.6257447325511993	0.033384736825792176	-1.2446124986529465	-0.03851529080847743	-0.42532832790888536	-0.6353498887033102
DTXSID3031864	6.9157370063264505	-1.647078761472549	-7.478905795018351	-16.819482637513122	4.74611008412196	15.1505342495812	1.554365286395457	-7.240057817149912	11.27757424737247	-0.15541331331865788	4.545765076750999	-1.3715315407519295	4.385104772355096	8.141480316580937	-0.11359085686859782	2.929673121801639	-2.710504195716	-0.22757507822390627	3.8560541675681383	-1.340921400762348	-2.8234105506609612	1.8111446241878484	2.3191126930191728	-0.5702642684116124	0.42346694237156374	0.18331862211924213	-1.1965557530760564	-1.163910663565122	0.7198689689518101	-0.5012193751950623	0.7993203846014092	-1.6085842066308857	-1.2487400155501873	0.45958313137147017	-0.5445720761350302	0.17178426289741602	0.9292267368385835	0.6379711168430735	0.2930907219970689	0.7512445113845734	0.7580528743020892	0.4097765190258391	-0.43428884048090816	0.3101158993649596	-0.34464022334899697	0.761578948873169	-0.809695730413495	-0.0037678338897944334	-0.4730838449190686	0.6270079457179532	0.09107599975895615	0.359968844369227	-0.6309706902835965	0.3608083714989271	0.14216740904132574	0.5765387156008827	0.8453672697825765	1.1321942030352656	-1.27568533940494	0.31893525215613583	0.2224853493877541	1.45457077870885	-0.40308662343912677	-0.8298759624725484	-0.16935411495651925	-0.34869054882056755	0.3976066927739097	-0.8920251348952722	-0.07734748989401506	-1.1566849858025072	-1.103890459719311	0.08097640959082733	-0.8018831821452674	0.6815877238818164	0.6236736017909652	-0.7036450047757069	-0.013886828328971432	0.3013621640068405	0.8885811740514644	-0.2954144485143792	0.21229080813161078	0.7176135573086736	0.6278369292678729	0.9864175502724383	-0.07334691395245219	-0.05392526327179432	-0.5206459062724532	0.13904093119065014	0.8632908374152788	0.3697182967116075	0.6993959677243002	-0.41913862494745147	0.9449270773707937	-0.503159075767773	0.7364285610179155	-0.5757692061038676	-0.15062591621099813	0.11445517860615101	0.39424064357741834	0.041189230611718045
DTXSID1047493	2.2173977704725765	-0.6015441779638555	-3.3720479997609196	0.9080431296861486	-0.21370573955457053	-2.0968475025145668	-1.3741745089947608	2.019851061331188	-1.5531382276265233	0.6331705608097971	-2.663044114606351	-0.06702390243506892	0.4640433882514402	3.632129377061823	0.49606699478125105	-0.2988635377893771	-0.13076586405939114	0.2866920960814972	1.750655699095951	-0.6618567212284877	-0.16182969282029122	-0.8616901854938077	-1.3213284587930467	1.9154954803807716	-1.8878039395086035	0.009675109364692168	2.425977810828168	0.826974123058129	0.03864658214796983	0.6262692823537568	0.36320555763395623	-0.8578942474216084	2.244247367300525	1.1983328819406498	1.1482206189086515	0.289517384906828	-0.015887426056470758	-1.2791180025372337	0.635143047336086	-0.7543644250508775	0.6455116770351471	0.9249469347849245	-0.19879374322139187	1.3819239669103798	-1.6537796327406908	0.1689104378559372	-0.3058283679025579	-1.2427758860816833	-0.3615629022660934	-1.0401978844665847	0.29348910814579043	-0.21409494163163442	-0.5239502836583194	0.660256759254333	0.6561911476611301	-0.742517739768941	0.33156847023567443	0.9509757409611123	-0.02461160738428269	-0.5669588214287414	-0.5710607083774618	1.3178211490800447	-0.821138193502941	-2.2641386024803256	-0.9811841201993579	0.5915796864770022	-0.3356480166115272	1.0699222904806494	0.5132782941580138	-0.5796009776772026	-0.38969705827468226	-1.225280312451073	-0.027623055749302097	-0.22187927706379112	0.7767062665821292	0.210336660566516	-0.6181086147517971	-0.2282658229862434	-0.042195847313828166	-0.9753378074722632	-0.1201082498889633	0.3572468117278957	0.14305251798736168	1.4423265565646526	-0.7288952207628966	0.09328922495168224	0.4852604784842258	0.7671758367461116	-1.1187282657347986	-0.5031257772021248	0.8858164542392079	0.5357472797692376	0.7456033265227751	-0.4291174328532673	1.3022908989031	-0.3228767365488766	-0.20267183955484366	0.1470206403348162	0.30594980569646246	-0.7780590372002454
DTXSID8044208	4.2425274706678335	3.8450089226916013	-2.0695691664220988	4.409332105923806	2.094474666585993	-1.940020904612044	8.390410793071531	0.542821580916939	-0.8263908113056303	-3.270416558300544	0.5328745444935369	-0.9840908223680874	0.19106703376137624	-1.2038362055321474	-0.10457650353508435	0.9996382930950171	-2.514132545208353	1.0129268681705248	2.460747221150337	-2.1785277074975165	0.08345202376514614	0.6382781388609245	0.4448487814868782	0.3080616161987401	0.39774700133278584	1.5783419726806305	-1.0081005089453867	-0.2790041077582216	-1.0245893554640297	0.0021586043241766835	-1.9876787733629633	0.9400915892437532	-0.445609222479889	0.6046673926673963	1.9532236360419564	1.1579622234832045	-0.9705340440835855	0.7001358940093492	0.9894486407763684	0.6878805647480153	-1.1047276968222708	-1.9140005858329627	0.39676428568803795	0.05712578582097499	0.11158311946017153	-1.0459418485578404	0.8352565550084411	0.29301542273278497	-0.1450377289852868	0.2148540934629914	-0.25026386575218634	0.09478147155959916	-0.1262733916284156	-0.836153208343902	0.14183719166000222	-0.3417035839805979	-1.1142142268431752	0.32902822255925185	0.6847219268681136	-0.1324329348530135	0.27435735733068245	0.07692545880261639	-0.07088540875353297	0.23272682844099063	0.5453437247600128	-0.19710755976993152	1.0654491810970328	0.05487330635448908	-0.2731880668867054	0.17277424914055728	-0.6496097834546937	-0.41683767873724015	-0.5078292877638438	-1.363051526601187	1.3920344316706434	-0.33640085183839036	0.5515052363689962	0.0705790146655273	0.7175319887029371	-0.641621267185477	-1.9351445699501237	-0.6797743245377244	0.3401857657746567	0.22542227269594867	-1.6097706629376152	-0.24492653498780864	0.8557556904394393	0.40582669422286577	0.20607987402215974	-1.0589331927939183	0.5206887782305499	1.2328353641380603	0.61840413680965	-0.32207612219711385	-0.711783678630294	-0.48104757430285056	-0.7197332188396859	-0.2283167225610839	0.1254046779453614	-0.5695859933451032
DTXSID4026472	-6.7599172115968855	-2.9009940362706526	-0.4193835573670767	-0.9960911526530267	0.25426041668663224	2.2918236307636963	-0.3827243616350161	2.0308593570380262	-0.9923178965237947	-0.399955047314924	-0.4842054244471248	0.07484741726654465	-0.10721920558740593	-0.091039098178704	-0.46889867186735246	-0.3666392199449414	-0.11489531070907337	-0.7234518333751051	-0.32148199486542073	-0.0071669391699320205	0.07455034126190373	0.06537129522991307	0.6782218495303881	-0.1151601399977021	-0.34374234026293504	0.515591009609734	0.052801838227516135	0.5563820452034546	-0.26323952173746723	-0.2121854255543168	-0.45708374542346286	0.4787393661429672	0.6062893104220649	-0.26549101316502455	0.8721405422647418	-0.0038621157973676777	0.3136624205578913	-0.5042334717045388	0.09348177485605415	0.34152646811498927	0.07026916641662699	0.20810019359327528	-0.13218920831642147	0.5454085546193489	0.005066165943407404	-0.12739755714167963	-0.0070604532465231365	-0.4160567222650024	0.07788272196635901	0.011092310651654905	0.22612663117838389	-0.14223265001468718	0.36698332371480424	0.008627232857374868	-0.24344018767792172	0.1630746881827723	0.16056389764962947	0.33767348431590777	0.09375017067670552	-0.11944999038449214	-0.030089484716026235	0.4001669490405163	0.04087045996280931	0.18365620215356512	-0.30818895284555997	0.41911090095200976	0.27424653552270745	-0.03320027210098145	-0.005055021007397677	0.3927919993584856	0.07048723906858136	0.7560781487782111	-0.5798242359134631	0.051535998815795146	-0.6042626590768998	-0.2405169766947664	-0.9402669684710069	-0.027827325892831677	0.3242836296039829	-0.8509204740905407	0.14181608377835223	-0.33414071875069434	-0.13192039323293298	-0.22860501911913084	-0.07601768786047759	-0.1502462360444521	0.17004688681821165	-0.15736246478475874	-0.06420826866388302	0.0703973701705957	-0.4147591744355873	-0.42911151340859244	-0.3602683249577332	-0.45809135115781824	0.19840404548500157	-0.23504350899872722	-0.26752774040081784	-0.25628314224326354	-0.2061947061028575	-0.16915022074115127
DTXSID1046471	4.397887606874183	4.090648152609458	-1.8746554108331632	1.3901539932160996	-3.8982263097583836	-0.3739203014512322	-4.342928419796393	-3.9064349570362493	-2.700253230884069	-0.37193047573693144	-7.1032111863313245	-0.8065807081626403	8.47212390258659	-0.18167692474577324	1.077675977764991	-0.02049354138489065	-2.6188453136334537	0.2895692811643576	-0.7546432932493652	-0.32636397330839245	0.1929098193011199	1.1962417225949997	1.8767075067372887	-0.9725996616314213	1.184525622826232	1.682540647156164	0.9370637516999156	0.23126523124527296	0.1782134283093825	-1.43948855811582	-1.3143619266734052	0.49536053385407053	-0.31782670521424294	0.4346727515696313	-0.024406197022661946	0.41472986178293386	-1.6700933697259064	0.7221293116591183	-1.6301462993589335	-0.9831148243095923	1.1681790568794006	0.3162901759777086	0.1918535933687037	0.8398359367737811	-0.14822221600383015	0.35745170716150937	0.6561010659824312	-0.6630219262766236	-0.4376408042685725	-0.0970418097208408	-0.20245420906377512	-0.6349951583604477	0.782549535413469	0.1534213832002452	-0.47238024066008505	-0.22436147777545046	0.023363755912352478	0.7088180186715325	-1.200375937713571	-0.7243298180803083	-0.3859230666220089	0.23458304514699954	-0.12342131472178944	0.5822416811349489	-0.5418445610985247	-1.5112941961234778	-0.4177224101168469	0.9617673126706435	-0.1971975213347657	-0.9466736681578354	-0.8610052176594438	-1.0524220409226748	1.2269973444584952	-0.7577909949068591	0.47422995000580914	0.4667926396593293	0.37630827005457756	-1.4598002829859675	-0.1509665053027507	-0.07816223052181923	-0.9194530972900912	-0.17342976214130296	-0.3051557803509582	0.17391438213079294	-0.08109058886861763	0.4981986384480091	1.210484831355157	0.6569796860889816	-0.05082540000524745	-0.4551716542706674	0.06557917839086833	-0.5586714645521852	-0.34066795235363007	-1.0368493520154551	0.485056632072062	-0.6264547248849245	0.49261807034572325	0.19125875277059	-0.13877907591540856	-0.014188739740046901
DTXSID3021805	3.3753296029668154	1.588741807904753	0.9048235267271131	2.290816354758529	-0.034807729994855444	-1.7037357406251783	0.9453893857579733	1.148540956936363	2.56779880114763	-2.0097684853687072	-2.0036828104506155	-0.2913146502376878	-0.0004764140911485104	0.7121656442469215	3.6920626074511422	-1.0151211493526073	-1.77828487300238	-0.8957218229349286	0.004504144938200734	5.062005634819149	2.2660709019536327	-0.6361803990555297	1.5522753946857268	1.9478430369957878	-0.5569545298765306	0.3545907429708653	-0.2555873144368926	-1.4294443655849203	-1.3022299965119775	0.5931534978576641	-0.16638347686545005	-1.634915012626162	-0.951944732430491	-0.3501750163691753	1.2583021305830016	-1.0467314390573956	3.4954838551481098	-1.603365297816638	0.47278446648577316	-1.3294030373630643	0.850804028914236	0.4752130493073851	-0.3041021479803529	1.1106204588475104	1.0414775610971139	-0.48526641740930776	0.23976115739764053	-0.6258309347350732	0.015658146715666947	0.554897363560181	0.6149161930995851	0.2869707417520369	0.14561754624032927	0.18717793476064531	0.7063264062787612	-1.4713104274985247	-0.07157011186477434	-0.4082240193179673	1.3082546096073349	2.0144694821427045	-0.9720554903160846	2.68798274572467	-1.9757314963821035	0.6358517801312836	-1.2700325087420892	0.8383587168994803	1.442534705869187	0.09447118193078112	-0.6934799771669633	-0.41620043103359217	2.8666821457998006	-0.3139159596457123	-0.4125134815996155	-0.5602995533801123	0.8514548446652709	-1.0068478910230552	-1.4362513778437749	-0.9740529699028179	0.7671144794171336	0.7137123684782958	1.9095148500697194	0.283535778791367	-0.046661203421693144	0.7823558234074334	-1.2847727262063673	1.2333165177319665	1.0772769868589913	1.0237795411462183	0.4889697485742164	-1.3233269678505304	-1.2036281710830818	-1.2413707670887502	0.45970784504269985	-0.5024710484542643	-1.0027771371185612	1.361925112913176	-0.513542738106864	0.690697104738692	-0.06188102859105102	-0.6598870313553843
DTXSID7047356	10.424480344433682	0.19182307622699776	0.2341367468062418	1.8883252157803703	5.695665998281443	-2.4223350779207253	-0.3175115084241375	3.954654626031997	0.750568419485742	-1.5006112422360207	1.2270495459002095	-1.5108828521264048	1.5809391227076046	-0.9811793054003852	3.114550712950025	-1.2793238112456118	0.17986652250261642	-0.5023170623169247	-0.7933088766878329	1.1891699981647337	1.0050435516173626	0.08519585576000481	2.0625460847613772	-0.693495403790737	0.8932943683436413	2.880578488754871	-2.3473156218659788	-1.5984353877694752	-2.232257549774273	1.632604074627406	-1.257052703922685	-1.4247660819264452	-2.0829111540922445	-0.21596483231873687	1.086340970185255	0.41324689638723106	1.3532533413671604	-1.7224781911841192	0.3546870299541996	-0.625337421100943	-0.19536996799539694	1.0109824456372816	0.03402872698844824	0.8449891064823671	-0.12445101017088428	1.6089445670444438	-0.07084850418449946	-0.7484786352020604	0.4147958618318857	0.4670012030071853	0.24294612719648875	0.5999417024862693	0.08303910134487315	0.13951137310469522	0.6228025921491933	-1.5914574198610103	-0.43928457481749755	-0.18728071138591337	-1.2263685496438097	1.375511191961486	-0.7342559484318796	2.300136922807932	-0.5962169652454868	0.21972235331403658	-0.8674123953152764	0.4698821260265154	-1.2729355282125099	0.5720009128254129	1.261093066574353	1.1210321456264651	1.271337677396156	-1.0907139876133685	-1.405940200090537	-0.28407362469201664	-1.1271932380690006	-2.5311824855559	0.7726376267716485	-0.3039551560112825	-1.8951379104139634	-0.3019782593402837	1.914527537132981	-1.4504085047432422	-0.7061075902097272	1.3341796349601622	-0.16346774523231705	-2.505871580804014	-0.17868393619116854	-0.939300459591425	0.5730983960303508	-0.7202071052540817	0.9802429319415282	0.17613886916105256	0.8878769392723663	0.24000432704884891	0.004979202459337941	0.43471984073806236	0.1175324754558086	0.49703925937640403	1.163856427121037	-0.6234951703195872
DTXSID1048598	15.501488003303002	-3.4870133446667255	8.05669371428396	3.8535874242538046	7.189578650721479	6.339257369801264	-0.7939286623904944	-2.2545621098269204	-1.8425070549681826	-0.1568015233913305	0.6453429817767744	-1.0604440540503604	-1.6355772948688485	2.769583823158631	-2.8296240383024127	3.329532956904928	-2.066620105077629	1.1314754231630701	-3.172679420573764	0.9779946406654692	-0.13568154669855717	-0.8446862178052911	0.4828369574313256	1.2638325817913478	-1.8311314138574804	-0.44442023998291585	2.8426386206921106	1.3021282167052186	-0.7652342294359298	1.4618882826555122	-0.026068942259620385	-0.45704960427688673	0.578720116031923	-0.2957374786175654	-3.2364262878259793	-1.4248799045466538	-2.4606474254759236	-0.11875400427742903	-1.0442936333302553	-2.621362033406752	-1.7283762207454165	-1.383060400199707	1.9229438337056026	1.664619895253201	-0.6629878156090464	-1.3303707743986808	1.5535289155298577	-2.628251802987637	0.2256303213471033	-0.48542752695364116	0.13140391633875392	-1.5902801700140539	1.2575785817553196	-0.7443554607170185	-0.15272579946277637	0.4729271626617296	-2.607132439620393	-1.6475960369288503	3.0473913431536057	1.2572722138450794	4.151490598398772	2.1948556481893617	-0.6148034866379187	3.9062301633618834	1.2322817774093777	1.1175292282221103	-2.5580517148229696	2.9144761178426504	-0.13958608246845813	4.388347073462636	5.286300682165044	1.5584620680195602	0.5757591279893173	0.3651032514843997	-1.2618332758295463	2.254801190948786	0.3268158498190493	-0.7585506574865194	-0.7733284029983805	0.060043468250614566	-3.211867123030374	-0.48999059856356586	-0.07643404644237443	1.3025450144182082	0.6717301269809286	0.1148900844651622	-1.337759005058034	0.3936731723396034	-1.0443721347132526	-0.05254198730478576	0.28423890070956787	1.186559956167061	0.884545288166788	0.2572983127322349	0.16238490960327973	-1.4771980258341384	0.8655502559939229	-0.2570922281284294	0.09826396121250562	-0.06716646277379494
DTXSID5029184	-1.9996363666552606	-0.7425405386738676	-3.482137030632211	-1.3478520755674643	-0.1507219911225044	0.343275926238745	-1.2314607775345765	-2.1508061640512697	-0.5743818578187735	2.8242980268043336	-1.1197266652988012	-2.052540257850975	-3.262714577041538	-0.7061788590943605	-0.2845056269709814	-1.1656388574975554	0.3122494129409427	-1.060525425773556	0.6572423202758393	0.31161088954673066	0.21205911974435843	-0.14659426440604326	0.45683460704739776	-0.36020319665464196	-0.6302610570408477	-0.3318101422516895	0.43609437425756986	-0.465576443362402	0.03851827053645835	0.5684214761698141	0.6035655560638957	-0.15988421814791537	0.5189687355774902	-0.6692492724027994	-0.1678848473692825	-0.22124650016534703	-0.02311355423720943	0.11519785952681093	0.0812581293200774	0.41109793891951607	-0.043180611969527834	-0.15910285210182834	0.7130604223080562	0.3856680899113022	0.06066155305480455	0.11675040142823136	0.09835912391719216	0.240667047090248	0.021245113222547515	0.16027077440429152	-0.04053386449715902	0.04977268622674093	0.2703679591690053	0.14305969063298485	0.020133595527165007	0.27287945077120623	0.286664653864121	-0.4052267436431174	-0.16123837366912705	0.07598148389697526	0.19716902110240525	-0.2373189370810966	-0.02592565560696652	0.3284652600269973	0.486696182730735	-0.558943799019791	-0.05467639016563134	-0.02936466378562816	-0.14027310258100248	-0.31157542507786035	0.23700392516312183	-0.5825032908590698	-0.2135572337020478	-0.39464184572708033	-0.148303625218314	0.13047897680802026	0.05199160406921527	-0.05758821819427362	0.09997747111502074	0.1059707614836059	0.26735774193155715	0.047884130670516105	0.4901147951769464	-0.10204343889756927	0.9101237390055338	0.0769666721120836	-0.6363214263203486	-0.5021459250231286	-0.265650460393456	0.4274318982517272	-0.1071843323186788	-0.20352030563318782	-0.7918490247745327	0.08450581890549635	0.5886145943325165	-0.3209511509095376	0.020448271413942003	-0.1739497217565875	0.2660961429273484	0.3175273857830395
DTXSID1022635	8.012712421429242	-3.180264550895283	-4.750881352240881	0.9347447370448018	5.325017931328885	-3.1041259387548026	2.703976417120358	0.31625245729663914	-1.8845822803338226	-5.791022435367126	0.4544413398284129	0.3253233783785702	-1.2573249061916063	1.5761666020227896	-3.4736047153261085	1.747658018876307	-2.432556441971609	-0.7487870811420851	3.1676366695020772	-1.3779469830738003	2.315814009045553	1.6251943322103255	0.9827270792115853	-1.6480622027922058	1.93133814380912	0.032121626590719786	-1.8918880010417094	-0.6885024027617807	-1.0439740431065863	-0.2346117943898563	-1.4644854448756859	-0.5551830922750538	0.2986742623765083	0.3933148466272157	-0.07967665872047122	-1.5472333707117052	0.41631540836211633	-1.1893135355601006	-0.5977446929499233	0.10303004863072311	0.537054158557508	-0.7685172741499595	0.22005840085094733	-1.0371291071658952	-0.00018269333614768938	-1.2347639880177579	-0.5126879548173935	0.5473792732813549	-0.07862543989547321	-0.12021664886748112	-0.18761507131008848	-0.260728393693039	0.09802312782462569	-0.9548677008854395	0.5495178934230583	-0.4762319170818691	0.3952825726357019	0.04103899929642366	1.1112179407600993	-0.4973450340038896	-0.14549704443419673	0.5044960916090213	-0.241969047036458	0.3946265874237632	1.092567726667759	-0.13821839868986652	-0.03533426550302368	0.28102948680972506	0.8355097012239155	-0.5074713283135514	0.9755813126049793	0.3568148419347933	1.2427862772275848	-0.058174947682556384	-3.8908434786942143	-0.2850880290690757	-0.5356743390820013	0.9633548299409785	1.5143109386357703	1.7172588344062572	0.7242843842597159	-0.02671654144472959	1.6246335112975574	-1.4268957010997874	-0.7535515501838842	-0.41453987420134275	0.46974533578789185	0.41152455386955905	1.9308620186023233	0.5766972996899639	0.48591238541771775	-0.5043868406859325	-0.06869121061543139	-0.5527869297879042	-0.7294200939673985	-0.2989785361328719	-0.1111656380100605	-0.2776898933202068	0.02216431019472223	0.17482215053605998
DTXSID2048870	-2.0904482095710857	0.3747504396802481	-0.588539460454636	2.4929266313187926	-1.0881548164171428	-0.40160670851925323	0.02271597587081161	-0.3418905524936443	1.3287823696745047	0.5724749877310136	-0.14870361268985965	-0.310347893496757	-1.1501469597316993	0.7775088832769761	1.2014929005695911	0.05734465333331987	2.9243512927286535	-1.3101250857182611	-1.9745894787151044	-1.6444158573218062	0.5726782504175669	6.297964542783465	1.0408639390545482	1.1159624412348113	-1.136536343484485	0.35752000336401274	-0.29526797787096737	-1.1113504094780453	0.8108005903724941	-0.9339078212803613	1.1119785026498705	-2.4060689384446277	1.0544461174626387	1.307517222450801	0.09444859208662226	-0.6094549913081161	-0.39194397304147155	0.6816593830070099	1.7981259616493566	-0.6313962600173139	-0.9604113682877244	-3.1962142493628467	1.9605240252551814	-2.971674786636176	-2.5009526963787505	-1.1359514029725684	-1.168935909741359	-1.8607603358286855	0.9095037754560542	-2.494934925390311	0.7270949978230937	2.173985980860023	-1.2451081755954798	-0.3281853828516854	-2.4895009822389085	-0.728108335847691	-0.8584730159201228	-1.4739668311480798	-1.4671336397747223	-0.16435799937219756	-1.9441891624132872	0.9937277446445043	-2.157213155099393	1.5534596937524374	0.9455077977696716	-0.669354433197118	0.012250111881797934	-0.9322225243715723	0.6111142557140867	-0.3262966301687033	0.15021338990407182	0.6582536120725228	1.0404037943250792	0.9782385731262739	0.6562806867572991	0.13229450974467255	-0.05369134933130419	0.7712817141135442	-0.15333361691966277	-0.2715468826180693	0.17681306911191702	-0.392328043403325	-0.13474421594676828	0.22987228858343295	0.0433871827609063	-0.09852414238461882	-0.6029978435387751	-0.7340147628487599	-0.1076705279415321	0.0012021440277775396	-1.0172065942458144	0.09878941808180712	0.14216314920152098	0.02527958246264156	0.289449482576045	0.34134032318325286	-0.6688972936856903	0.7871587168026808	-0.01791932073703438	0.37796149590325845
DTXSID6020721	-0.14092855323280049	-0.12702870079210343	-1.2150896520340755	1.1728526299767845	0.7342130706472522	-1.4439323746010508	-1.350749318454495	0.9787272648548465	0.4823957762871151	0.015496415542018667	-1.5545702390234493	-0.20030245034515826	0.6191963514665288	1.8354581502783531	0.41826584622618007	0.14104503189261808	0.9376999465801934	0.9861130279223291	0.3022028402606863	-0.8771140146849002	0.4822487607549641	-0.8426139597019027	0.0327136841635811	0.9461127972703232	-0.6988392091326743	0.13105837753512162	0.8318208471756735	-0.5596713418128276	0.16284178731049595	-0.059346346371019244	0.4187923729739648	-0.16683858665748924	0.3161225569134069	-0.2583975355709591	0.12508222620395598	0.8740796652743097	0.06983163766276554	0.25306132735586856	-0.4540999662884543	-0.6387859719036908	0.8936162383521391	0.7337653171131032	-0.35958166882348686	0.5006208663748224	0.09189655787044974	0.4525877418438334	0.18172017109795813	-0.2320302187332091	-0.034942299558319276	0.1237988342571118	-0.00019094879766858977	-0.12315815429562432	0.09538312927872292	0.1670877274797862	-0.449472570582694	0.06676637438475347	0.06500276911619626	0.2422990659926835	-0.5688889514052234	0.7413214664253639	-0.596586685632338	0.07145477223922132	0.39937946688733195	-0.4954016329233141	-0.9493318683514002	-0.5953509105710252	-0.7048421372581621	0.7009268337401597	-0.25858536725506465	0.5309864392245592	-0.03232083973306355	0.10339541314787531	-0.3648437930778551	0.5861431428097802	0.44663261092882794	-0.012737783568942996	-0.9501519090807201	0.3001117184282028	-0.40566515852694723	-0.6989846204609036	-0.4048195141780105	-0.22955039528811788	-0.16382923175015232	0.3776291821469622	-0.1044022182542077	0.9538750804750322	1.3506586501460207	0.21404731227605212	-0.30825938676185716	-0.6224252578697111	0.664794099161505	-1.4818141069619728	-0.1363345460852026	0.17039446411785772	-0.309590367077445	0.2975248230911159	-0.17046258907479594	-0.03143120862077725	0.2408071702066376	-0.08574093408995409
DTXSID5046560	5.099505936085143	-0.9862922162362286	-5.759820543028843	-16.0760449849214	3.398632127083313	15.350952895755993	1.6138711142148936	-5.692930084147117	10.961696062000518	-0.21197195588000303	4.738844513006147	-1.050926261007262	4.95665687030705	8.303237363169293	0.042088807274846214	3.04763070307292	-3.6951954800324236	-0.7731260592433549	4.1205320234666	-1.241321097651796	-3.3706182800206164	1.8237921748916992	1.8757950695326706	-0.3494623010600291	-0.27440041907247986	-0.32456024872852635	-1.016258935250638	-1.0082034123718386	0.9311796309615881	-0.19978429497817488	0.651037169745923	-1.4541777841637171	-0.8480478296388732	0.3720543729111633	-0.5155157660110464	0.7364066938055981	0.5824957287751067	0.43869825613823066	0.22197220848719898	0.6473968604859458	0.49621879277708025	0.26753029200440465	-0.494347096362434	0.5031348145033876	-0.2520457206020748	1.0742983678101252	-0.7683332628201491	0.2929402416145988	-0.44588610461649286	0.6869255330764399	-0.023155514665320044	0.3318997681579872	-0.4578922184829526	0.4382479796894372	0.4605436399736219	0.6382823811381614	0.4536014179943973	1.3737356044294045	-1.5664079352445865	0.5370309472286693	-0.09592931709666536	1.134433432130271	-0.6046935398171327	-0.8579482137411356	-0.249384552438111	-0.790959599893901	0.5615047075928806	-0.6805109319726544	-0.639493419374463	-0.7424156702164201	-1.1090944716508904	0.10305600551158459	-0.9133418675666555	0.947134811620429	0.9452856520112309	-0.2502546874267532	-0.2713020056771634	0.4228434678853001	-0.21229291105197184	-0.4169247985065146	0.4450601183825547	0.06776147963580476	-0.44948110171506084	0.27784137225051697	-0.4544741604322496	-0.08182273628379366	-0.34310871391358283	-0.7885537769390646	0.403517043588037	-0.14842771343630154	0.05927678274138726	1.0580824155532207	-0.2533094590160564	-0.9691711612737179	0.6990000888485712	0.042121666152987874	0.4644565951015761	-0.08111440122806206	0.2142570546185836	0.24425131788214038
DTXSID6040747	8.58834321636976	-2.580092985632403	9.064373563167694	5.397491342011671	3.7314516968174325	3.751851394071088	0.10353608468841126	-1.0561408462878148	-1.4453589174578103	1.700431042244146	-0.21889636448532826	-0.8954233635982766	-0.49410496685563127	0.64436916527199	-0.3357408606398485	0.9234694458529952	-1.0737262362305455	0.7448606461834164	-0.7161401542936292	0.6230129647037465	0.19921868689954894	0.06947143971420909	-1.1668951707769994	0.09180038941473745	0.514633825549612	0.5620476836664952	0.2737359694205404	-0.36601087866555376	0.21690751748810586	0.10648248925951166	0.555563589887019	0.027701603132108166	-0.6828343655616885	-0.138282293292423	0.6549311635403634	0.7698175120660372	0.14067976148373662	0.7142115428165833	0.46327685299828864	0.4142786916646179	-0.056958955913618485	0.04091078889158548	-0.22365276690637215	-1.0950629166293184	0.06958258165071539	0.351792841422848	-0.35648776076976046	0.9680306425315446	0.2797094802545417	0.23050567252800214	-0.11091290066308285	0.653523038977732	-0.2884647823367622	-0.015618689325584927	0.18578385531726826	-0.4618054698348873	0.06814376383358536	-0.030841672285100437	-0.031714669220739664	0.14541000829902373	-0.49253141864335526	-0.6178622551753158	0.05968455376074605	-1.4608018004517296	0.4050058326810418	-0.24199436803332555	0.6495514063143109	-0.8006925616081997	-0.3722688385999148	-0.9356892198685062	-0.2817470743651814	-0.46276153188930486	-0.7663927657229739	0.008467407045241772	-0.1584912187771158	0.23707307637569275	0.4418790999860748	0.5984127130555027	-0.1702290892998842	0.1177076880931802	0.5528638479931404	-0.6008048691869692	-0.5736997911941358	-0.21183023672791282	-0.17583141995704693	-0.06791648139389608	0.18884492303563402	0.6295254473144373	0.24843594896170354	0.29279794102520496	0.3273331926521576	0.1469778994749654	-0.5133683226492012	0.13494188366218807	0.4267879669668423	0.7434829123582359	0.35276903858345326	0.15383319553000593	0.1870085477261552	0.236613087980591
DTXSID4046606	6.4521032042236985	1.963489169762852	4.723658479163396	-6.384559744926666	-2.9007317783249107	-5.679049778784379	0.7823083456907217	-0.9067816240032005	1.1179438259565404	1.5416228638595166	1.0716549108426692	0.45854909737061667	0.7043806914317864	-2.7451085446561914	-0.6028635958097353	-0.1947032909269569	-1.8045973642446824	-1.797131300715974	-0.2342976321750424	1.835448204172344	0.5093758047180582	-0.2041639912750216	0.4316526724727527	2.258269959936834	-3.384226316243411	-0.0186142413431303	1.4316851437896887	0.9546857394829393	-0.7117183620287031	0.5184649227731754	0.6837410578714511	-0.3324816301626982	0.6953280762312088	0.9899102496820569	0.0551663514089603	-0.261262221128784	-1.4571541093635576	0.2522274543029819	-0.3795713814785149	0.4567256999639582	-0.419826214540842	0.41059119291830587	0.6041111699228345	-0.2564879898154775	-0.3051269062428873	-0.3090956858136562	-0.010500835369280394	-0.420815824613432	-0.15686925757431297	-0.10352125287246079	0.038227114325507815	0.08580716303156509	0.4342423446227422	-0.18761541617684405	-1.2482030421891341	1.04516947386578	0.4580946998638442	0.1350487260525472	-0.7036099526943568	-0.8083053714316971	0.5344551316810897	-1.288015113118977	0.2769243507516982	-0.6484493741384093	0.9703632120681107	0.39254694486730257	-1.1050402971341506	0.5216402594608568	-0.074945087066586	0.1624872928488454	-1.6227095862284602	-1.2639227933199915	0.7761918361484996	2.051459380378622	-0.43280342582157794	0.914720270273572	0.7702679947960337	0.7972704009985541	-0.8796371443429776	-0.9037798571376077	-1.115968083012711	-0.12267049108119425	0.07318232632297836	-0.8352302086851959	-0.996428926369154	-2.3247410285671135	0.5730437951213723	0.21793348890046094	0.5945037620846239	-0.6294711836161725	0.03457369901920949	-0.26447857949269843	0.7857880709321382	0.05085718501076737	0.40838000436660427	-0.14739922404079653	0.30844964658788643	0.12269032844365116	0.34336915922402206	0.07099842890034705
DTXSID6023153	16.19224182888096	7.135231806237617	-2.9016449811328817	-4.5260540029714	4.564105061935345	2.9887334995315147	-2.1294548735634584	9.760068155788439	-5.1339661286430625	2.802237396393617	3.2559372278697314	-1.7243777163082257	2.918602152177381	-2.193633400359184	2.9304082419090207	-2.014040688503348	0.2774557632663679	-0.17219060462241084	-0.764933384360184	-1.9689207954586811	1.1524651843172824	-0.853524631889033	0.5926157325836783	-0.5850822458225379	0.69590709092264	-1.1493497411511682	-2.7289359559210267	0.4294534697863706	-0.9797828364778868	1.1118828393845896	-2.098897461688934	0.35430319904261137	0.6099593406349332	-1.7219786074122854	1.2953417474277265	4.212835339288386	-0.4160315597816219	-0.6962700233149862	-1.8373380132012822	-1.1371240973240557	0.9554632414951173	0.41160268979416864	2.921272812356275	0.190231438858038	0.7228223762908523	-1.0264551971171931	-2.004265301692856	2.9529553703244553	0.04516564396690396	0.5868326894458913	0.6617489225387573	1.4130292721328908	1.4340145595205667	1.1233326825365768	0.9338059740050982	1.3133934284843662	-0.6472482202931311	2.1668286111967587	2.2157247654450987	1.3733796319492024	0.45588339795655847	2.1836926193763184	-2.1968460745035747	-1.5219261630627752	0.5304219309328074	0.453722280152475	1.6052140980686005	1.1133810591985338	-1.1793959196005384	3.243121551748722	-2.822337610649262	0.6331968332607559	-2.1300475863834545	2.425608985110288	1.9736447250258244	-1.340993264639792	-5.213101391348535	0.222519616928839	-4.125968111122841	-0.37405396375027294	-1.0122630647632471	-5.018135637816639	-2.06587977331699	-3.2096095746844653	0.9748867482878095	2.997735141198225	0.3166552334382693	-2.923508414181722	-2.258796870326132	0.9054404903500902	1.2362256457539464	1.5731624586106112	0.27597300884428433	-4.178090268886344	6.051978768835453	0.8548031547317676	1.9138369693734094	2.3579105036612784	-1.1632280219685451	-0.7007340708244651
DTXSID8021145	-2.8275798894201807	-0.3591151350623158	-0.08734242361875294	2.0863682685659475	-2.788489856351066	-0.22913851532336205	-0.9271493039162867	-0.21244243774756102	1.542767766876045	-2.6039925754633195	-0.9006137521959301	0.06359245183291402	-0.9383840208742791	1.472883479309297	1.2795681156990155	-0.7596925543249303	1.5463721083585977	0.23841216622488715	2.554399585690778	0.031712237294715784	-0.2558011937866005	0.3345755566958928	0.13773969164990102	0.8089489926116148	0.7435147999564107	1.4052722273703133	3.1811230473989434	-0.13078680838993192	0.6611266501675794	0.042239818614571496	0.8632968241559845	0.5560667845892756	-1.4150239288110713	0.7729798909695521	0.3980241738112067	-0.5549344178267731	0.26372110697607737	0.6170783313416114	-0.7200738774027257	-1.5555451484007898	-0.4707158253673637	-0.012853888494897244	1.26456144197594	0.12590955867003462	0.7927793417535055	0.05590798260238473	0.6065075374636931	0.06672503006720198	-0.2972360488431378	0.2646874609696765	0.08595071168919154	0.7737275524296754	0.443226663184625	0.10701056146437395	-0.2390225811299933	0.2658216517930406	0.532264397114924	-0.5354543198998497	0.7083734575466034	1.1011880498969435	0.019786329898715992	-0.3820881598942562	0.3390531409265054	0.4283524138344677	0.8484178071358166	1.180493036796828	0.14211256806364558	-0.018619497986013072	-0.5922409385199614	-0.48928908895990525	0.03733381834585597	0.8020120405900886	-0.675019227286091	0.22373967854786872	-0.6512154659619273	-0.6821825600633206	-0.009485604008943627	0.5573413145177762	0.5613964264534185	-0.547747606506326	0.6204865757393502	0.10901188054282417	-0.3832507950083672	-0.10046083317729382	-0.2734265287167804	-0.3867566250802831	-0.332505574442838	-0.23227662638000746	-0.20047125837164115	0.4782944822453507	0.15671470650147987	0.5117826010177147	0.3867721761540634	0.34689039547008055	0.34510572960159835	0.14491814289295102	0.4773124742980648	0.13703287874309172	0.09874245296795488	0.07400778524189075
DTXSID1047281	7.712417135597458	6.435881305908399	-3.7744110755273823	3.5862413739261028	1.2211530560766686	-3.1303029272759013	3.4044544591471304	-0.4196196773472502	-1.076297267041006	-3.2293826524015543	-1.0523462139739648	-0.27230965571576493	1.1281632597296074	0.9201944804015972	-0.6081731921009844	0.4951549476722379	0.08100170223663503	0.8028507351359189	-0.5153806388758448	0.18047648242110578	-1.8899014262857408	-1.2952021582224387	-0.884976327041086	0.5370337181152188	0.33272372077324774	-1.5584611426102981	-0.3928230752263659	-0.19109667110741502	1.5949323009528698	-0.7744091266485315	2.2218695304601614	-1.2672164354068771	-0.5205886232949046	-0.06308165716668584	0.2516980506781043	-1.0260370335636047	1.2761855741629555	-0.17824415119756215	-1.3540235943762045	-0.8147939955081019	1.0079545464302593	0.4197292261089643	-0.3574713785542347	0.65312223602205	-0.6796897238695571	1.0310143841424504	-0.7481303579323336	-0.20000606613241764	0.41914038958694205	0.5112692837730005	-0.08769012371800784	-0.33334274056502067	-0.5255396750309602	0.19995100841880095	-0.4745291680004427	-0.14478917670230257	0.5020873006820616	0.40565098501689917	-0.9133328676937201	0.16964118688550933	-1.6609629903618692	0.3143441449853953	0.29828445680314486	-0.5806001665181869	-1.1107516959355905	-0.5484770344016698	-1.0123064660819436	-0.32681719763476796	-1.5619543845487593	-0.20043490092842214	1.571081876886436	-0.7255090875815559	-0.5407390672356043	0.9991986259290419	0.3421419445542005	-0.30458473298218786	-1.1635037616583705	0.8542639380338682	0.4503684983382797	-1.7810612795630856	-1.113600953167878	-0.20294798893839305	-0.6629556058581471	-0.2871723216826387	0.2711308332323681	-0.47798577788393454	0.1513616585258658	0.6440501097397927	-0.279126381650031	0.5939612581177245	-0.5848025768151563	-0.02826333172634487	0.07926435400061303	-0.5285333029305902	0.2154015852332182	0.6886450444350581	0.3400327933491201	0.0008957359002652584	0.27079256360019593	0.15182746856286297
DTXSID1022265	0.8110015724261581	1.49404406251284	0.3599216665215131	-0.6894209361177643	0.6760694172450539	-0.9751482034864719	0.08027838223958303	1.9771353123668118	0.7368495837139765	-0.23900192859330807	-1.0219346966727025	0.1861323235841647	-0.5234870498454278	1.5875739372311812	0.8077119110681357	-0.3779200441371384	-0.09520901819483994	0.4597544070591043	-0.08262440940447	-0.931509031972795	-1.1363515189575029	-0.3828538163525732	0.6742273059111196	0.15174378751552287	0.44874595314071514	0.24417561118486084	0.8969806372355299	-0.05487164999600255	-0.6156915013841804	0.7915476374786512	-1.6816596525167569	0.09627341977041658	1.2860373907409863	0.5317421779023507	2.0078471008714347	1.468594466571451	-0.3816745434809794	-0.7087101636865704	0.7620273821420266	0.6568224501815332	-0.6683066484742337	0.07208225266792394	-0.16462875118052742	0.8736162475194316	-0.18910502076036714	-0.7019132635669583	0.42258743595213183	-0.9049094812172119	0.09549023645292314	-0.1954059974707572	0.41063474533867084	-0.03759896128424972	0.5682166610136539	-0.3046245065278882	0.0694321123720256	-0.25178283227563647	-0.5659631755222478	0.3507969204781901	0.8752405621570899	-0.3720403035423369	0.01595708694556204	0.6694740381898875	-0.0450965500488165	-0.7967424690964988	-0.07998464343982349	0.319193527895836	0.7410768100380165	0.9607651587934862	1.20528229115042	0.08181560780662245	-0.8818886231786475	1.3077002377027944	-0.7261969162767502	-0.557844612299839	0.09234516800351246	-1.2359379624036138	-0.24821657817188583	-0.728264240772743	1.1946942400309994	-0.41261200341485954	-0.5846648500460312	0.09766529261980338	0.5829451417320743	-0.0834809546981859	-0.4541402236031046	-0.7937775142048181	0.4531202657824383	1.3297264408785074	0.6217778679493194	0.03598077908602746	-0.24607351324718524	-0.02598174421288771	0.2918567344543374	0.8479039835530441	-0.06778541899731894	-0.2797691193129256	1.5980811332493192	-0.0007624102606240566	-0.049092523436810837	0.3995536351244651
DTXSID7025003	-4.634600649500232	1.0873354782821747	-1.0874849366730748	0.5623836185007116	-2.6046086861801387	2.7462096747369746	-2.40230464789736	0.04885269849401004	-2.3115678227993355	-0.9891955176202206	-3.586395698436807	0.07981178922741612	4.4573749532510325	-0.21689360081452358	-0.14874584535178226	-1.0401705068265255	-1.2840719626688955	-0.4216698676363004	-0.6120262040018949	0.4167833177568459	0.873864698642393	0.44252628252032916	0.5851713699464196	0.11620754650752797	0.15955600069438955	-0.08128907973153755	0.2166009381566948	-0.6495698240436274	-0.05225279124409615	-0.3515541057255479	0.43023957979534383	0.19723141650940695	-0.234885212308251	-0.4662712558398922	-0.45763226082564223	-0.31457473132440716	-1.1419680187802606	0.22614539249559323	0.11808164338072272	0.19853838904354185	-0.42992220085629795	0.3701996306834022	-0.1430186548795194	0.20813448668751067	0.0856865944713386	0.0064202385305684746	0.0974432542909877	-0.20306973251432384	-0.29221122038958314	0.3655522342091075	0.009432055215211389	-0.14364896711733496	0.16111601267620684	0.17261165622156122	-0.2030438881777604	-0.19992062538341424	0.4780100782865985	-0.2378131699025318	-0.3865060427196411	0.07569035373571666	0.5445165899118964	-0.1904975780125101	-0.07089521628571147	0.5173851686033466	0.1849309581385351	-0.48922509049042856	0.18138457582360035	-0.37757937934620606	0.2333409795460907	-0.25944756000263147	-0.15523483987251413	0.12254238720203058	0.2212356255313282	0.10528250131951544	-0.04525322229275105	0.32897925689140406	0.7141587580148517	-0.31953187509231673	-0.1207375310128774	0.22804995354270494	0.14988585244437874	-0.0811571082133702	0.4202208342347215	-0.011747348954855444	-0.11179804603699837	0.040758069621530855	-0.2811195322899091	-0.15332453378421468	-0.1278523942185669	0.09350028157264036	-0.0400236135664175	0.005710157353167597	-0.16929100265550961	0.08086072973628032	-0.2954419052034246	-0.469514861943047	-0.10404992340586532	-0.04253322621986079	-0.003706496704971295	-0.0455478290890806
DTXSID1021586	-1.5276376325306735	-0.6476330384281949	4.570287392746231	-0.8142557703617966	0.8277020948391788	-0.8413989177921064	-0.6374705643030378	-0.6228444431977662	0.1788888076017068	0.2201814095489921	0.2996931411922403	-0.5875575023320568	0.00853975010917585	0.31304501517197425	-1.342115099033551	0.7751169796089569	-0.6931310119177381	0.16302294003383663	-1.478052218331063	0.3559064143022536	-0.22024141533831437	-0.3357470385543429	1.0988665958167119	-0.45762059387792553	0.595106217096958	0.07156341003945663	0.9600404413567479	-1.0241575484148437	-0.10110284015161869	0.6878469035803289	0.5818711340787336	1.140737889786882	1.3626266770440294	0.2790910820556698	-0.8343629749765531	0.29374681296499167	0.7235580035431195	-0.9616395917411087	-0.6422697492221928	-0.9500443208282414	1.0078274473781894	-0.7254168782324681	-0.013959179635689356	-1.0216982559401322	0.43062051219022474	-0.33169271742614787	-0.903341044370132	0.6569588907019216	-0.06343323453106595	0.29010432619713716	-0.22599567237471632	-0.3324596756611157	0.17194156710945058	0.2733903787856492	0.6357726294622855	0.38056277957600554	0.9791708031102403	0.024602805627686804	0.2916891420691862	0.7044497524829192	-1.0029489152950417	0.07797214979255178	-0.3297333964365945	0.6004041812278117	-1.093314654827491	-0.0363459972468729	1.4999837794927715	-0.8498223306232793	0.10630005335764132	-0.46338136132419055	-0.274511326232456	-0.31963763119092503	-0.13928340337594183	0.22939598967930916	0.8421416032857716	-0.27144913947037397	0.336673092998756	-0.3459329713766346	0.1137097272297538	-0.27735189616622735	-1.1599840016906489	0.14639737249863655	-0.3853377855466743	0.4079857441148385	-0.11559240278535425	0.03495786604004392	-0.3058890527408957	-0.13097490611793466	0.30843684249890546	0.08499824136349637	0.4265112457859744	0.21822033718997697	-0.5389238412276126	0.37945266497251534	-0.4002039136080336	0.35119113001963276	0.21769989385886956	-0.3489735824425736	0.15007681529179043	0.5596101931218579
DTXSID7025421	-4.195313596417745	0.053718404808193586	-1.681542075004687	1.6725992108570464	2.2394652431870683	-0.6737398431111257	-1.4412726045029565	0.8400859703981556	1.2666515142246788	-0.31118491296278944	-0.4812371093964081	-0.09980221476435608	0.36881294659732416	-0.37583876071911654	-0.6109361248741749	0.6179873405154	0.2988891591165427	0.44472405986455865	-0.27365597428182853	0.2542895763318603	1.2804714790077334	-0.9780277165510729	0.3221795884814898	0.8087643545963156	-0.7092230997987861	1.5697390710228336	-1.7612446814714628	0.11510522392191717	5.50046850114924	2.427846602536345	0.3336414989712422	0.5424525442373473	0.6748510582731196	0.036536420580711444	-0.6889482858771798	-1.188383625420962	-1.191255822758136	-0.2892521338929303	0.2218201779469504	0.3271254217136072	-0.07529973037632463	0.2551004058167585	0.1443377756147841	0.6610223041704876	-0.5295105174719618	0.361049871014507	0.20003588811587034	-0.2809999248925598	-0.020845752851404296	0.413497194973087	-0.17754940575960024	-0.2604648893011466	-0.23044532791165862	0.010516880290061169	-0.24916961983890987	0.7020267161984077	-0.4092429452406546	0.09459105015283774	-1.3514784446775487	-0.9412603788774814	0.12894488816102725	-0.8203119264763123	0.4256417903719589	0.05523520930521091	0.03002165259898824	-0.5522548858033686	-0.7309847831886128	-0.02262673726760488	-0.6794127136948448	-0.4787398029949906	-0.1024627651941204	-0.7024231058122048	-0.37548934911630377	1.7513254949830754	0.10209705192650599	-0.9779208559881645	-1.4899012047217794	-1.2619872470081495	3.990704008778566	2.830880803320325	-0.6000617572765023	-2.405829495377832	-1.8143895698042385	1.8709169348738484	0.4607514669515655	-1.0916465516613953	1.2783540367195045	-0.3112757339637762	-0.39749879588998244	0.29828485219589357	-0.7393039984068754	-0.26389017998413755	0.4324400662338903	-0.5068857867081645	-0.15285897868443746	0.11815539145127148	-0.29757231523200006	-0.09395696759637136	0.761204343992309	-0.7102994305718374
DTXSID5048764	16.990525471380387	-0.9337090018928392	11.971249884102662	5.329177824315152	5.659734581856106	3.924629725709611	0.48961118064082587	-1.9066014814246317	-2.7749328949580874	1.8848397034434936	-0.28831390250963057	0.8146901296091403	-0.8104407678297411	1.371847530461625	1.0911390403310264	4.722175855366296	1.520301914189362	-2.707649827028242	1.1027962792902655	1.8171992209724157	-1.6265473205077356	-0.8192248081961686	-2.0963783778374996	-0.9546349749574614	0.2033122891130485	-0.14018082608774987	-1.4380804287328683	-0.23986741537715023	-1.6650380323834837	0.7629491704497116	-0.8743589250249932	0.9603454508600727	1.4880419697581955	0.7187497336464962	0.35557182438860163	-0.7901219917301482	-0.7918398430400118	-0.2605351663801216	0.33849750305456117	0.1919779252421695	-0.032850582196177834	-0.6423362898699972	-0.5443628555432249	-0.535504713872389	0.3354749103306939	-2.417492326614909	-1.9582746411511238	-0.15768585361651044	0.25713936110810276	-0.6688982796079559	0.2743054688828869	-0.5332595229878861	-0.7187037502770443	-0.006542103626261752	-0.18841043726624485	0.5052306620192998	0.7343455251312047	0.4802737483886242	3.023132647304236	-0.09178534718180335	-0.3711280425819651	-0.2509024363296802	-1.2592817228915565	-1.6390298436090411	0.09745062951063106	-0.20313934064967035	0.9482897101034802	-0.28396993219551186	2.250918266441864	-0.4960594389897949	-1.9534104182894956	-1.0955565079524787	-0.49876099848973476	-0.5987899172751874	-0.9431686705500547	-2.0516692538083587	1.4117620847732426	-1.1003340908768149	0.3244856146515237	-0.2185830444500369	0.7657509703498881	-0.2538547196604791	0.38892583039329054	-0.3858969176989505	-0.3693360395904655	-0.21989139551666878	-0.0054574013942646936	-0.6619341308808594	-0.532130947003645	-0.4481842035956717	-1.2773145047458312	-0.13424534931945536	1.7291095798161638	-0.2566680260953876	-0.8796623253747622	-1.1645262907766616	-0.20307476121405707	0.5002389615096442	0.6966092046538993	-1.4931083002378012
DTXSID9047835	23.610370257019575	5.610240388325633	2.8114961631294575	-4.9269838208860826	1.5338292522738144	-4.853037205963018	0.4849645230187414	1.086018046310617	1.3223883819203543	0.2353087641287171	0.1465746533584904	2.475007665612045	-2.416560373968884	2.2104718520748636	2.1681846887737977	1.8961163842523887	-1.5639688488783523	1.769104264011734	-0.23713756540543507	-3.609651428392221	0.8746844231224491	-0.0315353331021324	1.3888388720626745	-1.3235250310521922	1.6115914207990638	1.776050623901948	-2.393939347194305	1.0149937542625795	-0.9992837842510001	-3.9484178077228624	-1.453611123187441	1.1894318831880297	0.09116508159077587	0.956188693557786	0.7472134430323907	-3.977656744674324	-1.075026239741496	0.35662919266562143	-1.0514935417933158	2.9072109124600165	0.17698546980572677	0.7359188740413168	2.2093696875291204	-2.7401160861690173	0.6105780724496809	-0.6299251402728534	-2.452446270993468	0.4664819910926851	0.4160724002436271	0.09343937067009839	-0.4161482158938515	-0.7029576882120265	1.0063370289063596	-0.7992651771967256	-0.3791073196007547	1.1518327771252417	0.9103857408958439	2.154464848886802	0.17364910206093406	-0.7493670810238784	0.321184627539688	-0.47016237771108643	-0.5583532226464695	-0.19133061604029136	2.074549299883505	0.2219300758285979	0.7243967283237018	-3.505392378961024	0.7339609778956562	-2.157073213676847	3.924802067750083	1.522888406993968	-2.7262743751458385	-2.4260418694098638	-1.5550370928472321	-2.907642095024749	0.9261289713251382	0.25441436894806896	0.020370911917985186	2.2762328620232277	-2.352541479560288	0.13716768287836714	1.5099069057955223	1.2818624588744876	2.2374870849515927	-0.24192569349832385	-0.0757122879309969	3.245573284411774	0.05508625725259809	3.1544527862988487	-1.9799088948029162	-1.3613188564599998	2.9342210408801646	-1.3384979078171075	-0.5556093225108956	0.8555408461404989	-0.350730139548975	0.5804606352878295	-1.719131413254413	0.45040341007961854
DTXSID3038800	-1.943449113006281	-2.886153713922276	2.0130440413190827	-1.0131387956521898	2.356062571144604	-1.2184702812826895	-1.5921469459104665	0.2682487372130235	-0.9438556493903854	-1.6087166119719298	-0.5874731018983199	0.003834917681265885	-1.0956989379987914	1.8126940981142896	-1.503506300730059	0.47047737774605863	-0.8105597584918698	-0.5873611766268698	-0.6367575497420294	0.5156865695693326	0.40018909945907305	-0.020323996584881623	0.8263817748161122	-0.6083778101058582	0.2728108046568662	0.9168646288414044	0.2958925829684359	-0.4367060175644925	-0.21506066447874053	0.25967619920795365	0.20698214657042666	0.5439747059093734	0.06055297568629302	-0.15228926182240832	0.9312677513948755	0.5602265644978269	0.3820117848870355	0.7293979601099149	0.11705042344988018	0.06837176009567301	0.13919149966356026	-0.17894805346001472	-0.19717842495461593	-1.1331361564267743	-0.16157113343091567	0.10141513305258422	-0.21903993298231703	0.5448734245213103	-0.15381088240311494	0.2512061688509032	0.011657560994618064	0.5242582658202851	0.13559909818862484	-0.045174273855817404	0.2500179064003784	-0.17900604524540972	0.6324925367544338	0.06690394597527756	0.12042708348424258	0.09540062687291476	0.05767353050427136	-0.2588388487928559	-0.07279015914456367	-0.38501061806408055	0.09831071052206314	-0.015475909917634053	0.9367952111413544	-0.5924419429146272	0.3830870703585978	0.34096550005706916	-0.17048772435540702	0.03155176246526793	-0.16787773514682025	0.026781104503020233	-0.8738786049641041	0.16719799454067497	-0.4414026356750244	0.2883265050015905	-0.14853003895955771	-0.6235719035957917	-0.883184358404787	0.2980129040809819	-0.1421996805755807	0.5570816989581828	0.13880484330040158	-0.09611716324405327	-0.20256991328597015	-0.6364848936712304	-0.07234116825743102	0.08238482579407506	0.08816061239164671	0.20227549511057455	-0.21923573547165034	-0.15102724038211526	-0.3645659800247745	-0.1540979851560268	0.07339631133719582	-0.20799917176632549	-0.0514652699392856	0.4528610794890896
DTXSID8026729	-2.6662963054515245	-2.509008734536386	1.5683908966120264	-1.6237024948601793	1.9483610648196323	-1.4262353722798964	-1.9481354390309362	0.41437984499555824	-0.10942927279248717	-1.569542885481823	-0.28856981454627506	0.10255296856959942	-0.8743621785787007	1.2835548927294638	-1.3963854778173632	0.3031432229332309	-0.691013257100561	-0.7514837323891568	0.6023586787691684	-0.06895585302565051	0.14558943383899572	0.5974524698046404	-0.020849850130181494	-1.2467030142022424	1.3403772482351297	-0.2310886802171551	-1.5803695342784412	0.04106718248332756	-0.01608264958753897	-0.4987384248546036	-0.731103441104638	-0.32908971836606815	-0.2576903517684202	-0.4176508070614346	0.49483885638902547	-0.30335698409297507	0.332640004235731	0.015551860529675048	0.04464460207641397	0.2145835947493284	0.028152351258036952	-0.21195738291048977	-0.19793829412082245	-0.16157451881226798	-0.013637543795688167	0.026734983582221344	-0.16160674537108538	0.10634693310895023	0.10152799406196185	0.10353645172465861	0.0010065097156201545	-0.10645782388409604	0.1068338833771991	-0.2959540096111964	0.16417759707304905	-0.3043327805387884	-0.30629771478214846	-0.08698508253867247	0.35578987701659365	0.1260869921293694	-0.308541964383349	0.2804390992852541	0.3854454302321395	0.47955243272635883	0.08663399458460373	-0.5145892042582253	0.2836766331599206	-0.4969891548587427	0.07023360824214735	0.26333801005582064	0.6178474334214293	0.22378832871807583	0.3151712569447889	0.20354397767721688	-1.510296999489322	-0.00547942340508043	-0.6926555349106149	-0.09296625873332356	0.1391592890452202	0.24990053418545954	-0.03597751042204066	-0.5097028123099073	0.6690098736281114	-0.4639565576821274	-0.4537593706825308	0.11804499509219182	0.2653728686512965	-0.2509020477825528	-0.10397365517118269	0.3747611019481288	1.311724481946272	0.7437821572384384	-0.07245619659043316	-0.5604620190576007	-0.29435927851994537	-0.1332026834591535	0.012710933946074894	0.045671883142148234	-0.4282243461241629	0.5319352488804786
DTXSID9046497	24.903374567299018	-0.29724493788603873	-5.087343788452103	0.8005573572947582	5.313801592711387	0.6827640214810922	-7.214600925212154	-3.098378607887935	-2.8967474207644925	-5.147084916102215	-7.240084524045567	0.4499601824929777	8.05393957699448	4.688172649292802	-2.671596172092753	1.1279053409399666	-5.710757885956798	-0.9034778534481709	-2.5630004414951517	1.858324899840786	1.2006020457785251	1.3593654650175857	1.83076897509027	-1.7045982636444235	0.7477613350764375	1.6795532581161858	2.0114035272615634	-0.4537324485900229	-1.8305042676664651	1.241480399606369	-0.6386701124108801	-0.24735399319386184	1.1606251437341129	1.6636500288360099	1.3405457461383616	-1.2142858385517832	-1.074865572205071	0.37806802467588124	0.6531596541243843	-0.6838473113944403	0.15324712113275676	1.3598015354121742	-0.3765303671968656	-0.26153804959863	-0.5172348533071318	-0.34848552981859465	-0.44533829708255085	-0.20216683520523596	-1.1731043651717308	0.2482203532730939	0.6142970583991111	0.4247105462925731	0.1649684653504707	0.772730589808345	0.4131202106307698	-0.2840369275344164	2.056375988137031	1.0545062003166141	0.17841324391538252	-0.7065774562319569	1.107690043750968	1.4216612965761588	-1.35842058473063	-1.842415267712454	0.8407126156746195	0.12564102228860455	0.5692720593645709	0.3815379917632661	2.2342215892636594	0.5301618559276958	-2.8854309857274116	-0.3162913604315603	0.3166283564376117	0.18159596145932375	-0.8879726792304138	-0.6150044553756888	-1.8240761602529825	0.134329850920713	0.0451556027498071	-1.7348161867330745	0.6404076057909178	-0.8380404418040647	1.5224444972396716	0.42222994706723255	-0.1151989770754826	-0.07215141094610916	-0.07028525961597071	-0.4300112765176661	-0.06346190681459792	-0.6007328847309008	-0.22881476713038984	-0.9715865566150016	0.10198261914692547	-1.5186943538156321	-0.4043667209335857	-1.225713696079283	-2.0329302292683584	-0.986686971710673	0.2849544247908208	-0.4174135010722107
DTXSID1020778	-4.269877938688345	-1.4460137128459483	4.054754470850862	0.8277573344688398	-0.2993637869211446	0.24301205076207993	0.6955833187785463	-1.4205129709031603	0.5415936160344351	0.4878944817485218	-0.1454508119608166	-0.24429091728003455	0.37830746825037703	-0.4252991710534063	0.25475542126458994	-0.6357670803462394	1.0603423119636828	0.06496939454163746	-0.11984746387362387	-0.7587423315453504	0.06583612974084033	-0.6673848696015725	1.5788042164507252	0.4296835548100867	-0.43190237446260543	-0.8269504792940173	0.24537984606806307	-0.07395961399427468	-0.09794497950189068	0.27062592712407574	0.393186643647742	0.4660836546871149	1.2577334166789866	-0.13997205364089568	-1.6196793001857999	-0.39943725195462965	0.2154931845421525	-0.9915650479438847	-0.4922735229983959	-0.4181744596529126	0.25290034795839983	-0.07640838955009675	-0.21509945202903424	0.23495399290831268	-0.08210657347345732	-0.46983716201707654	-0.23320449536179488	-0.42669919827711744	-0.017726081850195727	0.07144420902539336	-0.03539345695011696	-0.6052686131909719	0.08429437656818237	0.16592209981040945	0.03144348493306405	0.5115752940364167	0.5063266109133235	-0.08534624185014104	-0.007408946509860523	0.42249732635326365	-0.10356924069172838	0.33449850498196404	0.08286548126534378	0.45998515571616017	-0.8198280517262498	-0.038818652737134675	0.5667611741900521	-0.7513896967078366	-0.03474962099660443	-0.22640039005927276	-0.20971538668802456	-0.10973661439096068	-0.22729947020109006	0.23561414443089337	0.42689119682577986	-0.5587629590095513	0.03573447368998639	0.288087404138578	0.4072252958042824	-0.43211935943532304	0.17922542099183844	0.13406009049442924	-0.21754134801613503	-0.09267817393184855	0.07382819595903023	0.01795771997878393	-0.17631343491646717	-0.34929767926234534	0.08849731950331512	-0.06373193130758736	-0.09376526251028802	-0.23527327032616033	-0.06276460315470156	0.08183928823970792	0.016081693715771863	-0.18230690440804007	-0.24173643515029042	-0.2536253476594504	-0.04409339133772018	-0.09929332557564231
DTXSID9041023	2.6949540997092924	1.6375187232954276	5.474479248242793	-3.2319134893278223	0.7250411065056918	-3.1921074892493193	-0.8963292775820516	-0.9037656711915251	-0.9304342228746386	0.9784636378055355	4.104391388640928	-0.9862481200949191	2.426433433262763	-1.885260215741094	-0.3197365228471492	-0.11872449948428253	0.4457264095012563	-0.24072585416398018	-0.23197178226399917	-0.4829937377912736	-1.5795011386658133	0.32058709149529563	2.0768627569097857	0.36188741674027064	0.3231697078605168	-0.19923539645738808	1.6443621471809404	0.12707226074222616	0.154718751622591	0.2572473509781038	0.07638765414978985	1.983810703557411	1.995499488159314	0.06009436117670605	-2.545093051760027	-2.122512048465461	1.6739117990103916	-3.4365449646558144	-0.34786966880093123	-1.2517781508606705	0.6236551674275616	-0.9484857011754881	0.7613907325342884	1.3459742891544233	1.4132023568995928	-1.9825429174299731	-0.9289294941577804	-0.5058404180167406	0.1889578542213719	0.9147432696410918	-0.1455384816447667	-1.5405214140401369	0.6511551689756553	0.07996792262176192	0.8365891304934141	0.8551550364544046	0.7609511997297834	-1.4886331235847816	0.9312158318879331	1.7277221851620566	-2.132452033898893	0.5237186351097827	-0.45044063163612535	2.8837629815744785	-2.254702538560041	-0.071144089839654	2.708030580117387	-2.2109199669435378	0.7355342159171133	-1.4799577612788408	-0.15306725653981448	-0.4585671408779704	-0.5413025724864687	0.6438998548500826	2.241296528803287	-1.2103982390345147	0.942722466221305	-1.3171864270649407	-0.6104062307821968	1.488347774269499	-0.4951063448491895	0.2958336418201031	-0.6022505028479025	0.18781279323115646	-0.8107275546657251	-0.0075587759462603455	0.3272651265389868	2.346615563403091	0.5939771344306186	-0.33656703847676117	0.42972104066261846	0.4478456119403382	-0.3892532031508849	-0.4060618002084621	-1.1639734418426892	0.14110270635321026	0.4925366470791287	0.488550658227484	-0.44475190251673086	-0.2419936168611203
DTXSID2027462	2.13154543197144	-1.7858163822486217	1.9780895736413693	-5.927037894130968	-0.3134414111192244	-3.372516660390742	1.3247536846993986	-1.154785081387656	0.5547540174163613	1.362763234082544	-0.5758068019138707	0.010101287853864556	0.6932838238989026	-1.959976074358441	-1.3046006110711081	-0.8832087916758051	0.0029677829837959063	-0.6720930434231359	-0.9220969481057542	1.9943398906502987	1.7133509346374571	0.2987499776360767	-0.6514713886066381	1.1940148763244984	-1.5022943920750882	1.0282530585938776	0.854065016148492	0.3060206677791253	-0.5867608940009931	-0.014351560386977139	-0.021011510792516345	-0.44006024011302414	-0.5191115177817622	0.29172586606324086	0.6871379055140305	-0.5321111026190494	0.14019859178672972	0.12028361649942225	-0.22846268227086847	1.034755032794668	0.0831471743396082	0.8738506215316921	0.365328400006194	-0.0376387908976325	0.11268160439314442	-0.17620388067125065	-0.5639758455666285	-0.5525500438212319	0.15032545813046008	0.09602637426942726	0.2780122424070532	0.013037759544190479	0.5463243380266264	-0.09619832997120814	-1.5038930142151556	0.736907653306655	0.6224743299810035	-0.02872096722656718	-0.09086731569823339	-0.3586308909911121	0.017211715007520622	-0.5505608772891828	0.7398966490432141	-0.4521670405136624	0.4225832762298423	0.7916378299977236	-1.1194527377437313	-0.47481033674263123	-0.21749448131967983	0.725223490523718	-0.3251873813745468	-0.6524483942189054	0.41799546794869585	2.928745419356365	-0.14960940093359884	0.1388323028238634	-0.10361326419964238	-0.7475847317708492	-0.3516179309774072	-1.23543652011469	-1.1835540889881608	-0.618916413542426	0.6736798027300677	-0.9678216592570192	-0.3693197680424405	-2.249795390044775	0.21742169786793314	1.7261234585929865	1.107492839368402	0.7297503182003602	1.1053142708781316	-0.5258270022497284	0.28487513675416787	0.05997268086824545	1.3613541326814684	0.6575903733928056	-0.436635154322407	0.8449289580329248	-0.1476098965904962	-0.4322355790827678
DTXSID6026240	-0.7524153503687346	-1.0722936691716312	5.22261157002989	0.8414493304372334	1.540740534681587	0.11359931231426937	0.39384472129681725	-0.7797913494365233	-0.3215575388695227	0.13291521318833563	-0.15682651941688058	-0.07522204611037489	0.14443786489664662	0.3437017597285717	-0.4352926579436891	0.028834060359400126	0.623684053572557	0.1336801157381176	-0.6308870622373057	-0.40032902239697205	0.022339696565318305	-0.6283010350850471	1.964441914839711	0.12600092369929752	-0.06976193771285948	-0.27562265422063525	0.9488958944433279	-0.743371338464196	-0.06909710375580082	0.21133499447670762	0.6550320318623788	1.004388895609659	1.0656564635141648	0.21473692343372583	-1.5144477002367067	-0.6611931773067742	0.5554598076295849	-0.7745167047059307	-0.9937856437752972	-0.9440630659836592	0.3513017748913211	-0.19352620675129417	-0.33511739046232913	-0.06112284748768598	-0.017638658409496882	-0.4679719816389027	-0.11190087866233021	-0.26663996669244516	-0.09167572543596908	-0.009623483166686507	-0.06743261385828334	-0.5445315148614772	-0.09858912707789755	0.1409994647366324	0.12303562525025011	0.5348412811918996	0.3365218873815289	0.08167407335452383	-0.2133518594064965	0.3365462405312974	-0.4074853839163526	0.25851612069591645	0.2710141186422026	0.3389046321404053	-0.9475672647478076	-0.22640529684750627	0.357705537240195	-0.8001566129072223	0.11339921845651467	0.3608758702675572	-0.9032592414584658	-0.4243428637407506	0.609589670900486	-0.035856139114103035	1.3680275423028143	-0.1555557573444342	-0.40201490557232367	0.5262738571790937	-0.04121160703218038	0.4911814749096824	1.0916637304889192	0.05275470977709435	0.033228454781055704	-0.23517090294898121	-0.157470308258385	-0.17149209596216247	-0.22048148924108968	-0.16340015116187856	-0.02943138409426472	0.05472493960539014	0.5614356188228715	0.6943258766608386	-0.046501898512248174	-0.12866016994505633	-0.012895721620116868	-0.07137587676914349	-0.004502721258512531	0.2782242253255381	-0.12320316497544857	-0.5176124105710735
DTXSID4020402	-4.820896292381981	0.42430506611113256	-1.8769456861204874	2.217591493127903	-1.1878048275948485	-0.6079261859935701	-0.22636482171640662	-1.0944751646077173	0.8231178528483086	5.8215050885448525	0.4170847469251433	-1.1881829656246647	-1.1375270314353811	2.694235569666119	-1.1282679782793719	-2.407950074173272	-0.3804825791084965	-0.4542800643466694	0.60676518512712	0.38901747201030756	-0.6828352638426255	0.3342771253168001	0.9279514810780742	-0.5711896343079522	0.38883064899605374	-0.1740934618010791	-0.593995395310223	-1.2795886747350786	-0.7844340001680938	0.6995665714091446	-0.4810436112273152	0.3664118767425004	0.7137308605869818	-0.22854538025308813	-0.0718548824060214	0.013914550912667356	0.041846054699557336	0.5407741245579673	-0.009190719496471022	0.5663749730525018	-0.2785208698003903	-0.2676062637381934	0.7916313977601028	0.003900932463929394	0.29991493247167594	-0.19058337654833118	0.42698613689960413	0.3419289564098905	-0.29375657649354847	-0.15074486289478445	-0.1734910224405833	0.011097801108684318	0.28280408228806914	-0.355340445995435	-0.13073923672784257	0.12919326179338372	-0.26126800795261534	-0.6082986052655265	-0.041541863597209884	-0.4853153075919548	0.8426106321232579	-0.3600065471635	-0.25258079443981335	0.1974135086735201	0.7366595974560178	-0.024628305390032006	0.2632113614048059	0.4960835690233588	-0.061830965241411115	0.18965778781916828	0.3077861455388998	-0.4844070581227729	-0.15744855915806105	-0.03703614024238063	0.015125192559735197	-0.4419634697239331	-0.344130726312383	-0.7360817601323113	-0.215465784341893	-0.020191759159499143	0.026120425983895093	0.09508401420799302	0.07832544695519547	-0.5149805436531327	0.14282165502104624	0.15376484423919323	0.32286669845826677	0.09824822023461496	0.01458129982527755	-0.2679617660721253	-0.4704579642953577	-0.18455580106746383	-0.08983665896220229	0.032024173392873584	-0.33326824323454995	-0.30316027777655924	0.13898051679906506	-0.011565020537925418	0.09730933993166428	0.15414924820614026
DTXSID0021963	-2.4796242251293097	0.7958584042706626	1.1372451985526784	0.525678950382919	0.20944468877471617	-1.0487832986816619	-0.6868462391749172	-0.25564591259580205	1.0777529175032798	-0.022826196364048586	0.23267803298198808	0.17128965314626618	-0.5157782105477563	1.0329634790546642	0.884334360803552	0.48222366574311787	-0.8329271900450206	0.39132473747199004	-0.8432261891120691	-0.8431848485017416	-0.25984016044296926	-0.3275971311471691	1.6494338157873119	-0.8548735439167273	0.8359775754100693	0.03235330815851518	-0.2854623473909333	0.011025489671925	-0.2560143254324951	-0.3873337389957129	-0.029560270082621954	0.38780958721539854	0.2612279043211152	-0.48508550006776463	-0.3439727430418103	-0.30687290079256585	1.5161784394841271	-1.241364396816561	0.5880790326620261	0.19785911347660953	-1.3146697105909229	0.2767285406175541	0.6374014982392694	1.6544996759328339	2.6888610709125227	-0.04827309200881447	-2.0633336733537755	2.1351646539387903	1.0676718724216023	-0.8421611973128306	-0.2111432857310244	1.4015924913828173	-1.121415353200668	-0.03576456451792513	0.23415782335347865	-1.133595585484166	-1.776078656965199	0.9483394074019601	0.6363810926386245	-0.09641853099906411	-0.6016106809945051	-0.6486926157190731	-0.14648089432978179	-0.20152691718728166	1.1844084282083855	0.11957433355928072	-0.8032597204800467	1.2083537011660204	-0.07494585370569073	-0.014825707385346333	-0.4738375569514529	0.3210609132730808	-0.13802597095719238	-0.018202908317586655	-0.14180778831249108	1.4699663949659967	0.3709890002033351	0.1600202178307949	0.3437574106628202	-0.07981215622568157	-0.9728762058651433	-0.08662234715412079	0.6077908045500545	-0.2178496512365049	0.36043839309063336	0.37439508096522106	0.37253186944039274	-0.390488291228751	-0.5698741675903889	-0.25885335074844845	0.08997287281661666	-0.7904887563894886	-0.012732528590304389	0.5042696525629988	0.1404520821079646	-0.39872450934210363	-0.40426745847302153	-0.36601255129844895	0.5747675096733476	0.4765926740895597
DTXSID6047074	-2.560654953669486	0.4551948756131911	1.2007307646613283	0.41276225782129555	0.26246691014571044	-0.6137079688348545	-1.4931958725340195	-0.14466060651550364	0.3011539385136623	-1.6447883335480382	-0.16423633031251778	-0.13182739103126967	-1.025892703137058	1.550417669982678	-0.4092323134350185	0.021371875258138804	0.9304073666877074	-0.07054036279797658	0.2005714908238203	-0.6911588635203902	0.5519034421464224	-0.4497801988015417	0.06738514121790357	0.42658770866992823	-0.23961829831912848	0.0720933443925495	-0.71994005695529	-0.19326375974924714	0.043493079732472795	-0.488817998266582	-0.58091860131127	0.03673150877018075	-0.6587943363063677	-0.33786668273767995	-0.111374215783641	0.42852800346612707	-0.011405674141855341	0.30865475960146704	-0.43352839571177665	0.25943442356109	-0.15725617486518995	0.028184440824106656	-0.20693395969380535	0.028242466068625863	-0.5183675757212679	-0.02580619392512706	0.027132536065936023	-0.35832214772945814	-0.10243050837627192	0.043243008247544006	-0.06421841425158167	-0.036203111488452615	0.07817055934946282	-0.33879648307037674	-0.24652340334208775	0.03266385519887184	-0.32485574056894034	0.0648040145347432	-0.23954962493872742	-0.1651284862842449	0.10263783812805771	0.09010978330232844	0.5111233288084426	0.5507394924032277	-0.057925602567829755	-0.6238303393589953	0.0799572327897436	-0.5343372470749278	0.2386370587995039	0.2586158064654204	0.19402685189338714	-0.3690064283512008	0.24199471569147993	0.549613920631542	-0.42659104568177286	0.47004535863895947	0.12800981396033245	0.5820185957378079	-0.2418894557890666	-0.25465655026843986	0.6604098958453806	0.04771487661853372	-0.5369229127467995	-0.05299964289079424	0.23595756397540163	0.25341402297180843	-0.25773998208791127	-0.5433918851056678	-0.31055818253961354	0.1323799648350073	-0.19298703828350766	0.3435604711966126	0.09636016014293797	0.19837173604684732	0.3001375120067221	0.1729187423405764	-0.29668260140802827	0.19651235019320948	0.04489219762804423	-0.2789312140880104
DTXSID5047871	2.4231281946859755	-0.5529146326627545	-1.243729088233589	-4.623087571107584	0.9173587578431847	0.6742055532363233	5.803681195054888	-3.4243091473778455	0.6576185202684697	-2.4292143392780705	-0.4246808099850002	-0.5972800377021488	0.5346024782651715	-0.622335869695045	-1.1710098220978238	-0.9547534465184356	1.8074249694000268	-0.1769253023994817	-1.633204739340439	0.13134763452566808	-1.0349671259754416	-0.42256644894314443	-0.6190691370033868	0.6134940526706697	-0.005530334024150405	-0.7120516613974476	0.7478410685828026	-0.438991690804579	-0.18302277695601793	0.5217463845459032	-1.5740704820104423	1.8143398807938549	0.5949375006932285	0.2315513596012516	1.1311780648302867	-0.11817733408993397	-0.4363187934264704	0.11024469467080009	1.0529762405601932	-0.5057412970977941	-1.4110962095372817	-0.23330511454214933	-0.0683012870800424	-0.12798477991184706	-0.2818465324466255	0.07349228990918336	1.1404156251092417	0.2091858476149074	-0.36739211553890994	0.2573599715993038	-0.19854602634865015	0.255282281512633	-0.3878619879075434	-0.015308794790783646	0.13454286942062046	0.6654476553313587	-0.9926264847335977	0.2291297620145923	-0.6937267588500187	0.5039173510128856	0.37619010919059925	0.4865184588172778	0.3399658846806805	0.4294852484538267	0.10384647642020996	0.4839589683333738	0.38477898339306266	-0.6700851813762629	-0.532630272383921	-0.20177627905034154	-0.49477098147184556	0.1375976429044353	-0.22577206489240273	-0.6445615750774122	-0.25487462403073785	0.028689853668085276	-0.6390791845074641	-0.24555560421354547	-0.4099310399315537	0.1247747490602643	0.4693987409201545	-0.6273964389260931	0.8272916701098435	0.5478429240212638	0.14590120307712373	0.07843670002532716	-0.025748584371334687	0.15179242851062927	0.41889302790095384	0.32707569056491204	-0.05961436734899197	-1.3202277184947517	-0.004159019702649573	0.352824562359369	0.38117282290380056	0.739544868735485	-0.23860442187595904	-0.15379775680898694	-0.5298093635090998	0.20919668139851857
DTXSID0044498	-3.734145342907034	-2.946552023803472	1.3455256476565634	-3.006289863211109	-2.0201007647309033	-1.2185751825520943	0.05419149849858034	-0.3408655589552224	0.8979596727202422	0.5526373434911142	-0.42318686833511615	-0.23543746333986276	-1.020209469830626	-0.42969936142168985	2.495675926700102	0.7983655249114743	-2.314256432032584	-0.0720632451840239	-0.08028104450688214	1.7958211091510663	1.2586388596661418	-0.5327837441400946	-1.7006442457997732	0.27904936403571656	-1.5923247891896914	-0.8904369349198338	-0.3473951434661672	0.9310102221034677	-0.8962163931596988	-0.4091190119558064	-0.0397218199933458	1.0218815980315106	1.064925056165255	1.560519568986223	-0.15222407327908252	0.38489676160744696	-0.6384784465428063	-0.04312722089042564	-0.6920414262651611	-0.2029855250806633	-0.6840107928799085	-0.742388977233368	0.5503365379525433	-0.9393044882546693	0.09496907379562401	0.003895180225360653	-0.7043582517602331	-0.14656204760617886	0.24719945367554988	0.03193096151075948	-0.19653563970754312	-0.3790653554082635	0.31580359359269866	-0.5064116958960433	-0.7488865855270419	1.2610532100710965	-0.09903444547584028	-0.13809436521395635	-0.03743435522641091	0.1509078820294722	-0.3128003992396088	-0.9608168356721324	1.5925435707970614	-0.103514987221801	-0.06452050800067279	-0.2709937914443223	-0.7349872363306551	-0.09882643077428199	0.13750037889257063	0.836530170773604	-1.2960259098100428	-1.1303221701229813	0.38962006421448225	2.1308373568531698	0.024612986019380254	0.5578797675538395	0.4014909349218719	0.8431719122586028	-0.657492695283056	-1.168667237594142	-1.512707196799236	-0.2529732911498593	0.23200908079202892	-0.7221165980676204	-0.10187115931535777	-1.3763600305831163	1.0223399220453742	-0.29703431339787595	0.3012579615979192	-0.6724779479399152	0.2223885528453296	-0.23201265347970848	0.18997772711032437	0.12732409784228688	0.25935552963954184	-0.3396326503280149	-0.038552847180254146	-0.6013083896304342	0.7509224287975477	0.5721519020137661
DTXSID3044752	-1.251436486793941	-1.2864045022372657	0.12339984090392044	-2.032159303644058	1.3413733953027618	-2.040488266095899	-2.0301281663927746	-0.09310165894333979	0.019650401190425916	-2.361794067368671	-0.143454797442585	-0.32914291871883766	-1.7775168275192597	1.1387168550042948	-1.3062860427732363	0.16512168044632705	-0.2374504201212062	-1.2009442733592643	0.054256321519649854	-0.13690596977700087	0.057692211311011765	0.42744159624650696	-0.1933447022759013	-0.7840730624791565	0.8188454449871296	-0.7856311097117471	-0.892095203853467	0.8413454687309831	-0.15486374685439785	-0.5750917263087894	-1.0592020436749432	0.5686688827589523	0.5111746485569342	-0.4168967515509687	-0.2351208091796542	-0.8279519220391713	-0.2501808283786911	-0.6950635685693529	0.12690267797566138	-0.5323911765170343	0.25389671031876804	-0.4880397100716048	0.32535615808124535	0.09663862456106453	-0.10803320532876322	-0.13501306013628322	-0.13918055453505332	0.5024210599733984	0.06723182074887644	0.3133321085203489	-0.1432275136908253	-0.08518965879326501	0.38086968700625573	-0.19586291150432752	0.30483837406038444	0.06523669122969243	-0.032740112214745196	-0.12531073823682692	0.2002124514283385	-0.024847582572970053	-0.5295539318175246	0.1297409908556776	0.3003593015268351	0.9966425590388923	-0.014526142660333271	-0.8448419176707932	0.8260939276335162	-0.40133013223639064	0.09493726990799713	-0.32117551171084857	0.4377392169451739	0.27057502835159264	0.39664276964746675	0.10454015146211146	-2.455356225498487	0.18913212472899468	-0.44120388250041753	-0.5382414401444389	0.23041971306294762	0.4813468595007839	0.07933813895829138	0.3794391532916546	1.3696872222650833	-0.12214734325251994	-0.6225721490572191	-0.32454877613764765	-0.2578105358458301	-0.6026008393027389	-0.22411183408991536	0.3380065648629704	-0.26973194680007373	0.24142885177947543	0.03302594555136613	0.4436803294869782	-0.49579427702294787	-0.12150615997810624	-0.043217368758864574	0.5802790446643779	0.2521736559307193	-0.30070829664092324
DTXSID1029170	-5.744768966959383	-2.348744429757664	1.7345201295188797	0.031306682591283407	1.004505019528452	0.2915860656056969	-1.3546594790287165	-0.5484299282478117	0.11935187991085547	-0.37879464780496785	-0.12456490129916338	-0.5112335968299262	-0.45857870664478234	0.18977208483383257	-0.9698651090278395	0.8193585820892879	-0.37012768277676367	0.09489955360148923	-0.8879524966815756	0.5101154593436438	0.15667276135440253	-0.21534841979358932	0.4003607574971025	-0.48485071875750985	0.6243003192171256	-0.28112003083539133	0.117489500316824	-0.49038370916615226	-0.09428823882967079	0.3873230796048587	0.2011208848719073	0.40867924185633897	0.6161828552704897	0.23879807927412824	-0.40935462943038403	0.08861398966479204	0.6520200018201043	-0.6907111350928892	-0.5258060049077584	-0.07437047412446211	0.06369629274750295	-0.6557796658094662	-0.08784479207642806	-0.44161643098835646	0.28978419199034566	-0.26312227415563627	-0.36129086804495025	-0.009209154195798722	0.11193427518140263	0.1372574108071985	-0.10663634631860407	-0.40279667475602815	-0.0027684654750394465	-0.1056581398594665	0.34162583258698653	0.36062274800213534	0.06978785644914617	-0.03452820049292013	0.34032581086051483	0.282993528038022	-0.33318937416512806	0.03634467671672671	0.396046624331977	0.6911873551335079	-0.5401522288669098	0.27273743104432213	0.39405713602850045	-0.6359695373330275	0.0966715786871725	0.05617800256774225	0.3370222383225273	-0.1523554556382223	0.17735308810654565	0.1274628194372721	0.5316102334797057	-0.7770582318126854	0.06673782430256503	-0.20240039025894005	0.1618449767183841	-0.07053316097039516	0.3261522028842799	-0.2667821030694915	-0.45626573703321044	-0.5601762631991992	-0.026546910331675548	0.2836469811521592	0.6340762452207536	-0.3422330630712637	0.28163141569816635	-0.18440377794339824	0.141100483067026	-0.4962290491599198	-0.264292365409374	-0.4356712872851002	0.2976581478149099	-0.1731232023842689	0.18318370140871165	-0.12815417744676666	0.1421121158102164	-0.13460308251889494
DTXSID5021251	-1.8999856392203016	-0.10104628120936317	-2.453870215093139	0.8726108480951021	2.863883113688771	0.711817862295353	-0.2921529689024266	-0.2776654471205471	2.185798735611493	-0.7264258732843062	-1.1013274518039757	-0.23184174969579638	-0.7659178756126164	-1.6824647782939308	-0.6292885260744399	-1.2422149021990918	2.1271915085141644	0.5442222460083393	-0.848934988375906	-0.3654848850508925	2.856061361382191	-0.4316693500390583	-0.6864043097478155	0.6082839993938137	1.2486128971472008	0.46010874577000044	0.3747158982129573	1.504807595063262	-0.06774248484569735	-0.19852237766453582	0.7320365799690941	-0.09607478631003785	0.040645985285089885	-0.5016582297228339	0.35273863755956786	-0.8800174116963116	-0.9018745512906732	-0.32619607699455083	0.030730253521081552	0.288135941454603	0.4562275251732331	0.25256311579815627	-0.018732564641099056	-0.3039964894811679	-0.09537376321286281	0.07358730926733158	-0.7454815875554636	-0.30610874058650417	-0.0913492699226224	-0.5007251786584385	-0.1993429886237982	-0.6920624836412251	-0.1688309197633724	0.19975533224090297	-0.253398088326963	-0.7290102109362051	-0.037773620178126924	-0.20836193325576732	0.0067347816458965416	-0.9841733998952713	-0.36863647553802736	-0.5843968006604658	0.122616595054617	0.8064248651909263	0.30509706831208544	-0.6133921506442097	0.1203918015365582	0.3215336802618181	-0.13283258625727698	-1.1365601605935431	1.0514897792364282	-0.2937653241729028	-0.14725619993469896	-0.6658370649111858	0.28796884494555747	-1.1647142052541046	0.6690260150940525	1.6153005579734419	0.10482898357545335	0.1746631708144721	-1.3102576413752958	0.022152259382863217	-0.5789084241317101	-0.1464049342645126	-0.3863131268971237	-0.6517295196544876	0.5162799067789171	-0.7383153407686449	-0.48233781646908197	0.2201481633799306	-0.7590254756705666	0.7997259993893611	0.1462163517917395	-1.1005389546324804	-1.0053724286193866	0.6303793295533059	-0.2875108573970663	0.34758867802753995	1.096751615403928	-0.8297890957442596
DTXSID6023078	-1.7921899538461097	-4.572783201345408	-5.056067002572469	-5.063575913349086	1.9562586818834515	0.49033713877644314	-3.749891174101903	-1.4915281161835405	-4.693304097979622	0.9904505304244281	-2.282249790874002	-4.570376871901774	-5.866973473284054	-4.611742914110918	2.4391154649669686	1.4295888031170163	-1.1256027725730653	-2.594276746757401	2.1657926426548504	0.22437157845356898	-1.2014876458887864	-0.38173959546385283	0.9513192623528911	0.2036456123341088	-1.3296999007725074	-1.1677059093295858	1.4345835882204625	-1.5949379727710702	1.0147884624745618	0.8892268515465794	0.655231693744472	-1.6963533502344317	0.9519025091691624	-0.9981898813048656	1.4438080091247665	1.0772117024713723	-0.4714163433110096	0.1824505756560421	0.017513612458994066	0.49412288569095647	-0.11128365405661947	-0.3666499906879853	0.5805511127191888	0.31982401008043754	0.3383171103484756	0.5929221772412805	-0.6838865144955435	0.12895063909136836	0.4856516462298428	0.9528529766703316	0.36767859930802144	0.02702733287981189	0.8195280627205335	0.5281506239519881	0.3325944906390969	0.7255790865512984	0.1676378919744037	-0.15959851357873886	0.45208816578010963	1.3158786514314484	-0.9664378385570178	-0.11021271617044745	0.06785350765473919	0.4907883834283293	0.4885486267759305	-1.2829202032875102	-1.1273807837644017	0.3050980654309649	0.8116447660351217	0.18696151623641988	0.7462967551749335	-1.0884004026998257	-0.09887600356387646	-0.4321436681389664	0.44715058015542736	0.38071909479900456	1.42708674874385	0.3528681011757818	0.18263506986640754	0.6556142591420527	1.0627342132834194	0.5488915226049023	-0.48187232671037955	-0.31009193921365547	-0.10122017233380162	0.6528763569347061	0.5996414624082009	-0.5348591076677949	-0.3516483645662416	0.6084583162191466	-0.12686069479299306	0.509408329521252	0.8205734900465289	-0.13798609522882505	-0.9889529506827034	0.02339906258482396	-0.3192998622672662	-1.3089694907163307	0.8593327208696446	1.2636730066967186
DTXSID2047806	6.716158910053244	-2.920943292198322	-8.33195412242397	0.8745646180449322	-1.6380708450765626	-2.151055087543957	-8.016446218949318	-4.692260589937615	-6.931376851420996	1.5681293813137516	-0.9816715155230374	-3.223408482619487	11.678331056245893	-0.28952641069863316	1.1334534304505204	-1.949969260188033	-2.5108544318593347	0.5478762919949446	-2.0700592345064557	1.1467873847605419	0.4573986774542367	1.7350533158220909	0.23090436610732046	-0.777116384559515	0.47951578990368676	0.9995938236536179	0.20684507833146276	0.545078122492261	-1.0544399105803335	-0.4308646998987994	-1.7246652214297102	1.1398996174527467	-0.3912801662022631	1.554256398541127	-0.6264385113972908	-2.268620789379304	-0.4953350143151831	0.5866338254357656	0.6579562043408873	-0.7703058414053284	-0.7818686160003393	-0.15024210806600719	-0.29581508873367907	0.30731118858284356	0.22697254504449796	0.0526167800237913	0.8530764652776854	-0.9528386559147471	-0.14926513328872268	0.36762502629511234	0.2051455928777263	-0.3558809364922037	0.6563226782587583	0.026386882552489818	0.388835808464366	-0.043862824960533384	0.9037676159750274	-1.3095502094732072	-0.6245720232421099	-0.011279463075588409	-0.3841878734166807	-0.700606727235161	0.21886297296447355	1.0555854166760175	0.28187336341018754	-0.22672236718593558	0.15012243813034745	0.3297302173107636	0.35805814365937316	-0.16193694212030324	-0.6064439266450096	-1.0340285903374682	1.583782827994207	-1.035579361815209	-0.3026511606919037	0.38515546132116607	0.171925728031818	-0.042714798133167683	-0.5406195544433259	0.9955864637222626	2.015049488621366	0.009673949957046124	0.16378941787532342	0.24456658221535835	-0.4825891936116366	0.2649056605082891	0.8228669644580955	-0.28363325448260546	0.2873686663824213	0.3265238001417619	-1.5280176357519717	0.3758826446810407	1.1886461043387433	-0.12654475498957188	1.229725501563431	0.9621940990917017	-2.335616809118368	-1.3230184212150802	-0.8225230734841521	0.3808613176656317
DTXSID2020898	8.70947047072207	-4.380947698524691	-2.2361528272299123	5.7647136654559	5.196088668599919	-1.0732312853651624	0.10910771367188664	3.260982638921513	0.38684987951721655	0.930003359111905	-1.1221308799174516	-1.59174666053256	-2.664557657612987	2.820284528042082	-0.3070649992909585	-0.6920882724388039	-2.865790034402277	-1.4504331328250843	-1.938234861946354	3.1550855781472564	-0.832126419768343	2.084992698116516	1.1247042123569448	-1.1024803095601365	0.3277080773559695	1.971309860323409	4.1763865709760255	-2.4862989500556916	-1.2327793024239369	-0.1951005114419019	0.9367375885552118	0.6931748781544974	-0.4161337543963795	-0.046859284077388784	-0.024980443924991186	-1.96027396426135	-1.8522456863521288	-1.6055233239864604	7.625749039923574	-0.9323878597663574	2.1587492415339833	-2.931767382642886	-1.6757242881568637	0.22956168728894144	-2.0777997608040146	-2.550708239089296	-2.833069351306758	1.2935174812126171	-0.7448999290526812	0.6742981869593978	0.9691487277184898	-0.031824337568653646	-0.19398819026363226	2.012995700555933	-0.25671263715191966	2.5221356771417662	1.8246952418860978	2.792453324140328	2.1121657756191174	-1.931863298147501	4.8669677747218625	2.474069921822221	3.8619122510395902	-2.6146675872397176	-3.174518853217326	2.1972493982155865	0.614636206512035	0.4051696108852265	-0.6254334274063268	-1.5463524791595442	-2.5228453905300916	-1.3355805281965751	0.6953779673070872	0.7205878589779391	0.6003826288050881	0.32887048212155173	1.004599916427139	-0.5841363170454416	-0.3164953225218822	-1.054141277869951	0.5447497910607513	1.8826729157460944	-1.4303213868432445	1.1997248298786505	0.9650730625151968	-0.7360026707750806	-1.1328118887874281	-2.215190814563734	0.6372638697223896	0.950698420111494	0.29778097203928455	0.5949914932547806	-0.14170129718714244	-1.387236913348503	-1.0547546842153177	1.5852580377167638	-1.3377753034224564	0.17707766921404536	1.1285991665067736	-0.540780926667259
DTXSID4022991	27.298577894759347	-7.903873281272235	-0.31857564242656805	0.7903004406886412	-1.9651318628094936	-3.2652850038039856	-1.6729385545554472	1.3228159585061778	-0.19556010945693028	-2.917419543437055	0.168690626697504	2.637175556143699	-0.8209405803507286	4.081792436655379	-0.8321622646796386	1.8796921704332314	-1.2635069710885054	0.6228291828060016	-1.7189927249695482	-1.8437224601206952	0.3559411310574793	-1.7677958442411967	0.7821819392962486	-0.6224649539284217	-0.6791778181080788	-1.7240957953391671	-1.9042535661959312	-1.1176237793274004	-1.0974445191242903	-0.06404890991290253	-2.4125087931609737	-0.7511586932461328	2.1120565134797937	1.655522514821016	-0.9010037118313647	0.07804423748215636	-1.3454501621598378	0.6448784391921635	-1.3757327165393887	0.8322835815149239	0.3364608822864257	-0.2537182598903522	-0.38809153379854056	-2.309782680595706	-0.9457727710587273	0.6890884588816037	-0.6328079495957469	-0.5860725584844526	-0.7071593583248253	-1.4485275869698544	-0.19358720500754034	-0.6467677923484909	-0.2445720766696403	0.10517544834811292	0.06512424713489583	-0.1065074458382544	1.6689503957760272	1.2721165893535265	-0.3724188176716118	-0.43810111299265353	1.3495429096928047	-0.6792407507550752	-0.7098618261005721	-2.1874833327926204	0.11106013301815655	1.9545527435679255	-1.6627407307456048	1.3552018031860968	-0.3208231684380303	-0.11219944936755175	-1.196245035396249	0.8671466792454394	0.6146719470941266	-1.4458777542039842	3.425897332775185	-2.2710756559743954	1.702921141169812	-1.151038453592693	1.1779100855099207	-2.5795979272426823	0.14861268825948193	-2.084025586795246	-0.856040147143427	-0.4330628003148925	0.6962398285821727	0.940283263674647	-2.2117080288912154	-2.747652941041498	-0.25712359810854746	0.8319369884118595	-0.5562297884047921	-1.4286392050360057	-0.6136717586052328	-0.3596776167041669	-1.273296093518754	-1.0183145397113762	-0.9596584843022643	-0.8275704466092495	-0.596966136489192	-0.545845625066458
DTXSID9024437	-5.885583024311826	-3.0122632212221445	0.5735679071156728	0.06091790999668131	1.0504957048301093	-0.6601087844999711	-0.7168128161485217	-0.5058720175279154	-0.2851210072590196	-1.5349086730821442	-0.6797367069272553	0.1654674800440312	-0.7383884570730486	0.9391422603859358	-0.1860970002571417	-0.337168977776445	0.5301189708952974	-0.5900182695260421	0.17038235721610487	-0.590229651072682	0.4028603596785986	-0.3895749106176524	1.6537697873987962	0.09226278529679893	-0.04989568518367378	-0.37226883502607633	-0.22543496791873768	0.3152223866208048	-0.24964039515471692	-0.04927841458037419	0.18209200063214745	0.1790943892301205	0.6196218434162953	-0.531077997356296	-0.31487351461561375	-0.6610497560721675	0.14409457008175763	-0.06264035407463968	0.09844260135330109	0.10521144497568144	-0.18388979713301432	0.28704719634944315	-0.3198537117221682	0.19370070061464953	-0.5606957496138496	-0.07949877687586818	0.2681793301734611	-0.1193330259007318	-0.07788362701696888	0.21289789799965114	0.07807409016761119	0.0870930707673101	0.12125307088500892	0.010843247954126244	-0.03667078783194726	0.006821059987439025	0.3662548854590081	-0.042611624446236215	-0.2587570457590712	-0.010429018240457397	0.47421387594995834	0.15196711376537175	0.2773499843743194	0.0882913556484706	-0.006580268516482084	-0.22239157638401585	0.28778368221502687	-0.6156802716237781	-0.10982870462441621	0.45679113987171305	-0.04607101037243463	0.4014354502376125	-0.07942051972820224	-0.0636023839055421	-1.4037618003068995	0.059331727407368	-0.8545885645233869	0.462312993927301	0.22025877022409207	-0.342356255907696	0.44221439448860944	0.0931277006303635	0.4125520035942396	-0.20084898071617271	-0.06739252512834082	-0.44084725304685557	-0.2256289166229044	-0.41219818577120765	-0.41101482620667834	0.4182735639918013	-0.07066487465258414	0.0883882397613338	0.13959435995395966	-0.2752940787218662	-0.19616006557097349	-0.687058898319065	0.1953758773281768	0.13306442973797686	-0.047267866816140466	-0.12197556040900145
DTXSID3020099	6.855580005528523	3.4332391847229213	-4.99986529991906	1.8051827083379033	2.3559990494124503	0.34946310765520666	-4.054745112208291	-2.818292066364578	-4.306278265270846	-2.142665839841742	0.20754849826679783	4.835056944342286	-1.8956986555576913	-1.2724434824047708	3.1299035784360845	-1.7877963200762204	-1.3672543157383406	-1.0884969237365516	3.3380690991063826	0.8230823635968891	-0.03598408942151596	-0.14908517747998953	-2.4121013094385346	1.4978882563078877	-2.003637691770736	-1.0019261041274579	2.7522570554935384	0.8783085717541862	0.522759843449409	1.6016252534878377	1.0596140793269615	-1.8376344083911105	2.206049772083238	-0.23372210755217174	-0.016867933677876503	-0.10609225899522987	1.1492191436004475	0.3302177539383526	1.1094985167885876	-0.7698471341147013	0.07497996918050104	0.6945619135949608	0.8399263396538472	0.3097854060109005	-1.2924466587567225	1.0618169809271851	-0.7668079574686554	0.5124363710280386	0.32741765025324115	0.14865313473989433	0.8615678558669099	1.2044389613440758	-0.1537419404522541	1.5753773698136653	1.1780313457436615	0.42474113526749496	-0.045438635073397536	1.356184586502531	1.4563109142767512	0.5897563621185643	0.18983463527619013	2.508782446539005	-1.109387937027623	-2.678621025110647	0.005098628981897033	0.3576141218612638	-0.30336179230467264	-0.87268638941296	-0.7709600104831432	3.314047642281203	0.9286650371443601	-1.6641365734676705	-0.9921953044974052	-0.6077364558578077	2.1806449834130444	-0.12641399259742284	-1.4108449675886494	0.8109878921164982	0.3146920442449362	-1.8041217497965465	1.927667989528978	0.27890546605740274	0.6222924313408831	0.5300166329439172	-1.13147988501008	0.21739629450576764	2.6746901510065437	-0.6177802326311815	0.8382317682327182	-0.03361464677767664	-0.6800187611704507	0.1517644478455161	0.44650904773854555	-0.8244195576008071	-1.246302570578901	-0.036763372686017655	-0.09171721431985892	0.11865256369425425	1.439558391126588	0.07995565442459587
DTXSID7048790	6.5765428769330985	4.218387849230159	1.908967478851591	1.6410913064487327	-1.639968321123853	-2.3454873867633736	4.9387802259326135	0.07231921004416826	1.725143298986062	-0.7392603147483781	0.4952400135376126	0.04496313086770992	-0.2505852118563615	0.9409927731660555	4.587233479303721	-0.21327405415564393	-2.6192093599766264	0.6453360116302149	-1.4843510741013541	0.5924920312818059	-2.448042478714033	0.673524705560436	0.6015333479035541	-1.3485226591547108	2.618863282154643	-0.12083971131754649	1.201201632013304	-0.49946615066214184	0.46279952863216345	-2.740033853689893	0.7595447266423352	-1.1766748926411519	1.4039349048663574	-3.9447543734800647	-1.1149183743957796	-2.159297781389133	-0.3669291398714859	0.14480776133972506	4.439450569869105	1.6766208756195902	1.4536956430314714	-2.134813771186307	1.4290765749111376	-0.2625611470637409	-0.05535383362222939	-1.5620885929965207	-1.679865834073286	1.1408036447064247	0.8620913997692268	-0.44817211997450224	0.13057343131371899	-1.8362711790430457	0.19266332209551806	0.24149343844912788	-1.4464335166927282	2.4427632011652554	1.3136532564738383	1.8829287102713432	0.9708669029519265	-1.7396560710086246	4.388657654512484	-1.3999397334238282	3.5006298733558965	-2.422996890629658	-1.6755724036242683	0.9037474445171189	0.5053753730582595	1.4122776061323317	-1.5260708191343422	-1.2608910147031995	2.510283648635089	-1.4808466906768005	-0.390867294552281	-0.3315550531346905	-0.5577372201862634	-0.8495060119844378	0.5887990513875582	-1.7356904001100635	-0.04025678043700781	-0.12536675200374228	0.10179430023837385	2.0505851618805115	-1.2726941501980416	0.4299643747461631	1.2142565512585493	0.9571708497651793	0.009205946479779204	-1.632709575321943	0.29688860282527785	0.7709362655627624	1.5394589913166297	-0.9171767205655448	-0.5626704635465553	1.6811168560785132	-1.063919871278275	2.5601932000843095	0.2806588131831186	0.39954389954998165	-0.88055889400432	0.501681835947678
DTXSID3020596	-5.803824479932226	0.5255552601817739	1.3996561945250494	0.3822372290056231	-1.3286110777851987	0.03592478411903211	-0.7514216803120122	-1.1671125140085408	1.5236183087209771	-0.486506511710922	0.5201198102685711	-0.5195400457585354	-0.4361627940246404	-1.0307134275050136	-0.15078199666077616	0.16298018309378856	0.4438627941061118	0.047412910590145275	-0.30876152312927135	-0.29887831557055616	-0.05008745224023806	-0.22020319794398543	0.14459537232404357	-0.12095556450046417	0.2330389015177913	-0.37811538385630117	0.051404337191757465	-0.15591465932582912	-0.08862214650785778	-0.01405463372071294	-0.2951470001912836	0.5446333203721389	0.4660155229218743	0.07850198697412347	0.21976056584827527	-0.06320763300986819	-0.2670299839134514	0.11393838161351678	0.24040634876246048	0.0390792797361215	-0.1760119808983567	0.1068232302532412	-0.1676060046121241	0.09685448780488917	-0.5099176605498376	0.21232444463615474	0.1925072022137963	-0.19863517538795528	-0.08882159100715488	0.14872560770518106	0.020559638347414897	0.027558569119116028	0.08131423382250791	-0.06168868138537785	0.0945670855904163	0.04209340611919246	-0.0016701029650173034	-0.050257545029356455	-0.33335284245649593	-0.21558331220827365	0.2719367273305161	0.2725249954862769	0.1262007329367207	0.14358310727919762	0.11605387929786935	-0.08126779601967751	0.1860454513973955	0.38905339503526776	0.05943693603188092	-0.16178485309976692	0.03974354284173877	0.2396708345086783	-0.21883505951220006	0.12446768558411345	-0.4858699177343752	0.032907316862893624	0.08542491356054671	0.08397625702983379	-0.0940002002296085	0.2236784679530655	0.27852969539755373	-0.08854595215804746	0.10136065748552496	0.17871006438622514	0.11675891453114176	-0.23993231229202136	-0.14618140284724082	0.6786196733397146	0.4827648316046984	0.07707466653511143	-0.40781723589034646	0.020385983821792478	-0.01645061515397312	-0.2690365742487885	-0.33109133395495505	-0.22154285159478704	0.04815759048589687	0.010548826467459216	-0.17565554583955498	0.05551378987875529
DTXSID9045552	18.390072698725337	-3.382547449401813	8.003037925465366	2.4892207342478114	2.894752308851756	1.722280412258178	-1.3658547587537064	-2.199975035203853	-3.8958749055379505	3.056634092978428	1.1316186845054708	-2.309237848915379	-0.6595548847467163	-1.334451575470296	3.165187130006534	-0.20538414832532798	0.45136619727469707	-0.1688164331419575	2.735292489938797	-2.418625497712909	-1.219599313625496	-0.4247223512393068	-0.5959710979237658	0.10894764759450296	-1.588400411330021	-1.2211373828974168	-2.0546561692902583	-0.5056653671086642	0.5395421698266535	-0.6457422729599415	-1.0888267950246018	-0.3838058893757861	-0.27621986411051597	-0.40525094998690026	0.2941022728972283	0.661818050823038	0.12930974855141544	0.25360659001333113	0.10560039813303462	0.3534254695518382	-0.867059110529347	0.22141295090007126	-0.2977822100344623	1.0798815906302244	-0.23409360423479197	-0.034155768730427576	-0.9018572646231874	-0.7181806294867525	0.5153408279356295	0.5036383806093457	0.04798745062506445	-0.4313568949929592	0.2781211451109226	-0.16450998372101322	-0.5901303201760387	0.7084135938506779	-0.24650093953943034	-0.6511427919921455	-0.010884200500763242	1.3309235245856643	-1.2431279837614373	-0.016833303923062256	0.9862309345396381	-0.779381253039229	0.0470682526444114	-1.7994257067446628	-0.5799079527329429	-0.4680486579550015	0.2178514189297117	-0.6113796843969039	0.04344278073216051	-0.7451208540693582	-0.9535055950825673	0.7259297764200604	-0.05955797709148226	-0.45373602661888457	1.036139244175506	0.903458992948946	0.06042819283277865	-1.1054190823976286	1.3543293581834783	-0.6429285314928069	-0.4928867660901082	-0.32521325523835565	0.28448191947791235	0.32247815675605757	-0.11599149990798799	-1.2556412037937612	-1.5180106755657292	0.4600756731009394	-1.0842493988996607	1.3346760848896444	0.05776773459145848	-1.0692112118228683	-0.3948280862927994	-0.6359473164096269	0.2507770685605757	-0.3696725652575904	-0.6233431292511579	0.6381351644624834
DTXSID7044340	4.9878486046794785	2.7310471061179777	-6.617612907695638	-0.22232397193749479	2.3213898909236064	1.3240457787079212	6.304805197166149	-3.0759744940311187	0.5951617639754602	-2.1190293685946555	-0.5585761334268283	0.6198918094562669	0.2280576391715357	1.8348363266607737	0.13489059756651176	-0.6439240839718328	0.9980304798425542	1.2077835832552368	-0.3064332525661413	-0.1303121683127922	0.48433862628039603	-0.6787443934803569	-2.3866586891992942	0.828764428959754	1.5558175499964186	-0.37064973917443633	1.3464106668577327	2.3585239542790095	0.7219427424043823	0.2745680311603831	0.41797686931351163	-1.1788677606630946	0.7693746476156824	-0.23328260146561594	0.6374422012359247	-0.42940114645614474	-0.07399817276563257	-1.029469940281419	0.1574912637322588	-0.8688820050668494	-0.2743322987369616	0.9271660248354722	-0.3306457645468373	-1.1133086994632644	0.7002583424138209	-0.3452468290661633	-1.027722110262759	-0.28301722569419363	-0.2543276844814151	-1.2866762520863027	-0.139149929397991	-0.2448240231436887	-0.293535287322701	0.2458359473656018	-0.1528054728555213	-1.0904436250907579	0.0426663830474218	0.138766131428263	1.2733921936790622	0.14314390326779305	-1.5387757575627492	-0.5511996612832657	0.05621121213356954	-0.8152221926177244	-0.02541203801104778	0.5678584353838477	0.1468844788669018	-0.7594370023398568	1.2573198421973684	-1.0421966566409968	0.9131419604258109	-0.5905572869787181	0.8440974132756887	-1.324184018905766	-1.072091825228343	-0.7787754353318529	1.4561534975443693	1.4178460099411048	0.679086779564429	1.2260115188781102	-1.584198457320772	0.9091707229107904	-1.8347210832117629	-1.0071182626448474	0.4511074774879676	-1.2694111690986298	0.09263068361796675	1.0500180935623773	0.22967219660409402	1.6831004335780733	-1.091493662859406	0.8284536250913889	-0.09670972824373182	-0.1817440760630678	-0.6401225938365286	-0.3153399972384613	-0.07659141375325863	-0.060375810930371525	0.1799681186866261	-1.5664334573343695
DTXSID0046773	16.99594742330961	-4.1184161578999054	6.366002182157465	3.179348928769966	8.791209689889895	5.8115153084665625	-1.5714246754437828	-1.4868074443741182	-2.0636018775750706	-1.802691327618476	0.7523790838333673	-0.9562390304433128	-2.088938258094113	3.7443019543982694	-3.814966084447922	3.2230623261074665	-2.409500628937422	0.807691929900748	-3.7130532432282672	1.3586729114807454	0.590745455957822	-0.528970217394307	0.49792197789594905	0.6665358431272437	-1.0882715544690056	-0.6527129647244252	2.604229298246757	1.551046338391268	-1.2055557042080363	1.4623877803389944	-0.3969937194288804	-0.6592566518014797	1.118682650031272	-0.3644473101569992	-3.6050670489433174	-2.1861527325083294	-2.363620839649809	-0.27836622836677366	-0.7258646992912099	-2.822469845543082	-1.367132221461889	-1.0793086689005793	1.7567961562818326	2.003670317742949	-0.4846474924813145	-1.2532334955118154	1.6961984029319326	-2.496185407067081	0.13211341132136029	-0.3079882598358653	0.21953820241833774	-1.5759621801867822	1.482381768738972	-0.7248337103198512	-0.09947016692207901	0.2463091829752954	-2.4304278338915637	-1.5332352740921815	3.0635993459001774	1.1513428849039702	4.148619132679287	2.775227112060484	-0.5443352444537511	4.06694336751899	1.1183814568946477	0.8486576689771013	-2.5233271574752787	3.0402985595632193	-0.10163356363510967	4.497428429845531	5.235358343030974	2.343802629373305	0.446155304686033	0.2270798937452231	-2.4268592388361654	1.8333363071600022	-0.4946408171841083	-1.3427327706535335	-0.4621804431505026	0.17621009375817395	-3.319067317635823	-0.7297496854751071	0.6479899889804901	1.080972941117874	0.11148028948182337	0.26876998077254194	-0.2622700186179893	1.3292332515492546	0.08117233641702971	-0.2026564451754659	0.6455483793229927	0.39240822545773724	0.6485498463241322	-0.0989314237697902	-0.034723127886754614	-0.7669463839050178	-0.06790683047410816	-0.925888580625364	-0.5754387696817722	0.6746500355838959
DTXSID6021799	-2.693590778364175	-1.9972312366104354	3.9181038469396468	-0.8773432209921271	-0.9951355474481594	-0.6255563888531984	1.1734625887987347	-0.6347476301338495	1.0221259550832087	0.5975000456028269	0.05139921691780936	-0.09655740679925667	0.5928679076379898	-0.7980418622263935	0.5055394258149566	-0.22860576501023921	-0.547453053675236	0.35060673175726936	-0.16373687142188034	0.2351697898627076	0.08642245148892008	0.1447814093330212	-0.8761185301802544	-0.43503735488202927	0.07434811783122017	-0.28302308276955174	0.2039256636903512	0.42051477809141957	0.17184486209212177	0.12315464876861186	0.5680925918335249	-0.37844559361040575	0.11940877637394756	-0.4094390830132268	-0.4813903701794727	0.17950702106793404	-0.6542726017249446	-0.16593613183519393	0.01327781193973883	0.06927559512166973	0.1835169891087915	0.1023463104718586	-0.4309696233891897	-0.25876599588058596	0.0904783082522986	0.24633307509894709	-0.009095796770208754	-0.1437200385565714	0.17537670330503624	-0.2961373056444817	-0.035609898589726435	-0.1430837013808082	-0.03588211725105499	0.09409660194425121	0.03143950955789887	-0.24832577703299522	-0.06283107151803435	0.3128219251626069	0.015730029170330926	0.08787895432634252	-0.012938990142180687	-0.11542198608444626	-0.172680438829013	0.005441802479270892	-0.033873147590481205	0.05813323316184114	-0.2926226912302385	-0.017364697938869925	-0.19283774382413968	-0.258101895945834	0.4228808375323783	-0.06628683466394962	0.13255300316367669	-0.06584964334356727	-0.48463589515277267	0.28330753157002947	0.3110781306849746	0.7174062626678799	0.8881673483106248	-0.28967156025319096	-0.009581047843418428	0.19749486349752576	0.3645919585800391	-0.07347815123693313	0.2762026251272762	0.30152299182745607	-0.10035039583216457	-0.5926981753522426	0.2287513782813647	-0.15560008967175698	-0.11522928706717192	-0.5915420678193327	0.21861681177300915	0.35496837123944447	0.6377365521188837	-0.05462704445740149	0.020465817686190317	-0.3259611428485001	0.21435048955273847	0.6484726015723082
DTXSID8046404	-2.0056930486546167	0.44771919882857525	-1.1877292739373047	1.4340099031510332	1.0834329384116426	-1.5925566897940127	-0.923907085580172	0.8553609461643233	1.109499755787813	-0.20095551480715365	-0.08039957983785927	-0.6717599653220514	0.06145137017506919	-0.3021152797917732	0.015273816010827185	0.9577072777295378	0.1314427396693025	0.3520034307870229	-0.8199865796632114	-0.8550549732044523	0.19338556843694998	-0.5776114241635693	0.706771182174604	0.5166909013368591	-0.8498135046919719	0.5635130812799246	0.5958292704414229	0.19783669406387425	-0.033987077581439006	-0.4294771633049898	-0.23842437110513398	-0.23279368835944758	-0.6461289402278891	-0.6240420055583308	0.33800638483479567	-0.2164186808064757	-0.1860685168673058	0.3129259229725936	0.3975527335468855	0.24974414849261217	0.29571366550683525	0.9192069183358041	-0.12053073300447326	1.0451595756092218	-0.2095067814060674	0.20193545766182838	0.018314645391210242	-0.6893831079554612	0.1270229439407896	0.45855180202931367	0.36155898356721694	0.1836684050943723	0.2461225922418647	0.17347082314405549	-0.3173076846825886	-0.4829216591941158	0.32617703658737957	0.2047589563362597	-0.2748124240574143	0.08602727160453078	0.25009149714750734	0.299728530863423	-0.5533113747497436	0.21569685253046272	-0.2684087028418956	0.03666806768612294	0.1799288443196249	0.027236739938299455	0.5547732294684565	0.3099987655097611	-0.07270142275587367	-0.13863562102701668	-0.17256683437557108	0.9114965553986724	0.40288755978198276	-0.1986748566738214	-0.32700930157556407	0.4231809590655315	0.18595983622805168	-0.5392423229123419	0.2491857845135217	0.31580972723349066	0.2827814022352046	0.16844068638643492	-0.7558114236694885	0.2935879917891237	0.6047078943960871	-0.03283129255408598	-0.3149343466688822	-0.529799754633285	0.27577106246775457	-0.5038805758641862	1.0310046646850555	-0.06340588660523801	0.44315121471827995	-0.10700075595425149	-0.022932518229520617	0.08172949788736918	0.06040789330762494	-0.5464989991040737
DTXSID8047505	7.685394963210889	4.422481191399565	-3.414082286550955	-1.1961683171543078	-1.9599639743742148	2.4290483769096993	-4.405541401226297	-0.03954705730722902	-6.628002269330142	0.8765620458359373	-3.748183713595936	-2.5158358606762294	3.7695993842419484	-0.7240644402299992	2.9015942040882297	-1.5194464041594538	-0.9596961116070581	-0.9522445648123047	1.3533973316092596	-0.6592864688914974	-0.5023361952212205	-0.1784513691082415	1.972236334029968	-0.06517251504130599	-0.20165591761758025	-0.4868379155665711	0.27570554086631316	-0.9650842841565801	-0.9235068187925534	1.2781404750181415	-0.890885062618922	-0.5409227612185302	1.6905202018402625	1.3731635554212769	0.9330519528164787	-1.1073864487581369	0.8445163617424332	-0.8623959952356013	0.3729998651561494	-0.8110586595856791	-0.11737865430341302	0.16774622342587694	0.04624904966311177	-0.03737783589197476	-0.34641624593255055	-0.3408708771706657	-0.5000401830872157	0.263204873570911	-0.1281699787212571	0.7206165881810656	0.11631730205690921	-0.3569317456369521	1.0257392944521815	0.02076092895589543	0.9284789532484634	0.9973031605047965	1.3748182922173948	-0.838258753535663	0.044510133712105514	1.0458397571683982	-1.106303589456922	-0.015306388734391769	-0.5654560096045007	-0.8213108908563654	0.539981791973974	-0.3669137348682132	-0.1144613216424621	0.6394857263835867	-1.90664722211073	0.19652734245059233	0.03518168351317418	-1.2435909035131143	-1.156438857905332	-0.19272356190474657	-0.4108416671929749	0.1599030780947053	-1.207226479970438	1.005703454887271	-2.1302730055749293	0.024029327350737557	-0.8594152079665995	-2.04237706683357	-2.0207003040052753	-0.5505077054713581	0.5673405348896331	2.025848561622193	0.17296883034984772	-1.3507272182105434	-0.3314311473781795	-0.8389031889261167	-0.4338849527521186	0.7696573580191096	0.5100801376637693	-2.098115528987162	2.8240736359758354	0.06487961181151887	0.2554890158893365	0.13048088151628998	-0.5560164384708511	0.27391853173848685
DTXSID4046521	0.3114011079315983	1.639269317462198	-2.2864805203613674	1.2361180398919798	0.3302046627505238	0.3057644242449258	1.5579840113671513	-1.3259204290020152	-0.7382027509588771	-1.6987385408657836	-0.6917369321497554	0.5713757108679733	-0.07835391856332166	0.7530585243031822	-0.14319738238251797	-0.5159269607952781	0.38767029875278425	1.0352431679335754	-0.009053347029556997	-0.11088641850898814	0.06626797726572212	-1.1179329457201777	0.009851738043012412	0.4466827093539965	1.2974671181860271	-0.5560582122247753	-0.6106466315206516	0.4541796894675528	0.7358974890092156	-0.7381256745490116	3.3078010325681793	-0.9048149514022839	-0.14651772735481242	0.17181947234884123	0.40547933364842786	-1.1145714662764619	0.9538277940495644	0.5890851496809741	-0.7236376657448094	0.21322848171803227	0.5200384676937203	0.16482971124151044	0.35406052938496035	0.3922551544457445	-0.9401154268319554	0.2330443728284255	-0.20638151201861532	-0.7202623355064314	0.6009148451745476	0.089403274667409	0.18513708535077295	-0.42846827593348774	-0.46593874402237356	-0.2555083212467053	-0.5049057433238663	-0.5066459558945815	0.6273310082123462	-0.4708303812778127	-0.04006815062762197	-0.437541647891373	-0.4275548239072621	0.3063896155276876	0.4155825839426517	-0.7857375004422088	-0.30895727495248115	0.002141166222721949	-0.32146319677697416	-0.5764876315418275	-0.5708546834927576	-0.04177326403002831	0.680053738717584	-0.1671278294167861	-0.8554750509050799	-0.2704699870047629	0.41078316269497095	-0.09571922929640124	-0.420151600634061	2.192762874132358	0.37504844788286723	-0.3316023091734981	-1.2795623438396015	0.145766314718723	-0.2899250137981331	0.6217540909187941	0.5325996930673991	-0.3598041991269184	-0.5800961291520658	0.04014201895733862	-0.09701728278547168	0.9981447797625139	1.0975742382555558	-0.8233716458098265	-0.007389279478580796	0.12993912166814311	-0.2601845663725483	1.0987932385852102	0.7380047575123534	0.7763793460860836	0.6509147601792246	-0.0481993511319022
DTXSID7052652	-0.05410939939171418	-1.3886903819220262	4.274252377044553	-1.5028838383500378	0.5519824934317664	-1.5708343978260406	-0.20149970616661705	-0.24557273790928855	-0.2107248952695506	-0.18701721025555829	-0.6216339775344504	0.33171260055342194	-0.22319718294234486	0.9460734756132596	-0.12380260997866	-0.14718434496912983	0.6882573900277884	-0.13992747295400623	0.8048720858799147	-1.11303077572813	-0.15116999920111432	-0.19643350849388386	0.8696731068548504	-0.2455874675243194	0.25254876823561234	-0.22239774245723545	-0.6112592952006503	-0.43424365044200824	0.033741995146834375	-0.6511535229889878	-0.6516362140076112	0.8586491914485498	0.3979522798919164	0.2528930571573281	-0.6658355546522962	0.012663025531698284	0.45788037601370724	-0.1283693270612301	-0.905947938851821	-0.7966921600125728	0.2104883003834206	-0.2562983721226083	-0.1287560838603348	-0.2770054472057637	-0.0682655668209986	-0.361759264749726	-0.5101406336853839	-0.43433722817013154	0.0646756693725756	-0.06359172425072922	-0.05306361852694598	-0.5483413254679107	0.1379112373370368	-0.22591113393670784	-0.11644307744666968	0.4992617630161552	0.016969038795334658	0.07791377713580487	0.3510401402602915	0.4977821605906469	-0.4877027018741916	0.52499507569752	0.5629870989773604	-0.013268105918413946	-0.721042871788035	-0.5578899705499434	0.19777476479859749	-0.5428229702642987	0.7364796722166489	0.6238739457113923	-0.11949790520202953	-0.14519116568867996	0.5760811646758532	0.23797237528799678	-0.04194584573938766	-0.1878867975209031	-0.31866884609971396	0.4104455827881167	-0.2705144556017207	0.25661355493030585	-0.0397572883056807	0.011543874291151848	-0.25011029088455755	0.2396297959814236	-0.17094126169229412	0.34703381310096343	-0.331736636467866	-0.5199433234471854	-0.17540157069313972	-0.04057498658266623	0.2637637039570149	0.23061581070967374	0.02029107948507731	-0.16145431560046902	-0.38608244565323135	-0.35484643112511577	-0.005108769016354624	-0.0827513956688211	-0.009426191933165724	-0.3243133923220478
DTXSID0023581	10.530757445853597	-2.0883168901699207	5.939236729559663	1.5614348288322455	1.7059065626100465	-0.8156096842063923	-0.39437326091637886	-0.18472080886533562	-0.7040121960767637	-1.0508231292098984	-0.6673208303660524	0.547082588983984	-1.094685607458462	1.530814858780173	-0.4256505983567464	-0.8065900547592371	1.0433867992618209	-1.3580487226967926	1.5963796768989984	-1.658769353710221	-0.06482473736058274	0.03372093714205388	1.5967745687744221	-0.509538286690415	0.5232423124411462	-1.3259529804738714	-2.6532530367553138	-0.058541927515376076	-0.1597729544961105	-1.1677685125470616	-2.403344275493069	0.110761408981088	0.7020502151397492	-1.1065270255720754	-0.8593398265534576	-0.6031944648437448	-0.24428669920872026	-0.3642800743421277	-0.22684734022488337	-0.48289653561456736	0.5920925972956941	-0.2535181494133707	-0.2257354989024852	-0.26971667999287896	0.23732210051285066	-0.12386864693781298	-0.4354273302400219	-0.5842014899653174	-0.14205232828660425	-0.09775742580045099	-0.0854801687386147	-0.66788309508697	0.3260352522180554	-0.19299279507172606	-0.43947538328940694	0.1715984917566913	0.49637853464386894	-0.7815519061714817	0.4125849153211881	1.3035393868688046	-0.5604848988272145	0.23748207146921335	-0.14915552112234287	-0.21265321419503774	-0.7412623788890282	0.4436426246232726	0.16118468995619753	-0.4280517362779099	-0.11191858901387652	-0.18252260734445844	-1.0833296405838544	-0.28129620390711263	-0.28870663293071597	0.9031588063487966	1.3586144860843006	0.1841655952128345	1.0008251743260648	1.0509167530681196	0.19168443308217803	-0.28713008174838023	0.3435750250555229	-0.714572646970779	-0.5295339894019143	0.20675307622303446	-0.27838195023515405	0.02940188084911225	-1.1716679916093478	-0.07261337370930947	-0.5674742425217743	-0.19777156221013337	0.8625543036444825	0.8078858578105809	0.633251939603431	0.29850793343372145	-0.955955141748323	-0.7683837419075781	0.6728607320514433	0.5015749011487093	-0.24481842900742048	-0.7902317652428046
DTXSID80380837	4.51814530374482	-2.5965879718497016	-7.483672886292966	-10.605043371706032	2.962507301213907	9.027271673887185	-0.9114182175578248	-3.4382700190551274	5.402103366572535	-1.3423385584106742	4.646212322404431	-1.651881736783347	2.7500753366162214	5.481322958905952	1.2775837273532955	0.5810360545069714	-0.48638766437193637	0.5283630028454814	1.9306610042891172	-1.119832276656342	-1.43632126069258	0.8611516676839949	-0.1170997244871902	-0.10619678411229597	0.9403577195110784	0.5738601566231849	-0.30918014560064516	0.12929023892850805	0.17755534711866353	-0.07678963347506856	-1.6546727671587147	-0.39240540775522514	0.13552045969421786	0.9915703174331637	0.42796291048633134	0.3057611099080139	0.9473867056545219	-0.5313134780465095	-0.15756342041581067	0.30726339075726905	0.13865283193358072	-0.5459094783701905	-0.8457167390851128	-0.5889994321307189	-0.9537348790519228	0.5576800000960437	-0.29788142883351415	0.14497770489835143	0.20902370855377841	-0.1847084756952657	-0.014642939348722591	-0.18547795519251345	0.03487990776487446	-0.18346986255468828	0.99487003187573	0.004706788682306549	0.34569535563625864	0.2772942503586187	-0.6499411130742673	-0.2783285556863801	-0.4399408457878049	-0.014091096850895874	0.12706996822599317	-0.29941823599184686	-0.23925999136837778	-0.8859651122571075	0.22939853886995829	0.060770118571891026	-0.021036647693984126	0.023707903668385613	0.02245116676509051	-0.1541808753296763	0.017157445083503413	-0.4350209724080542	-1.7604399039071026	1.3150756507409218	-0.06660937174567753	0.003967636567899163	1.017932792709257	-0.7921828771784736	0.915661219296953	-0.6591858265436571	-0.09400437649304932	-0.31684581424145375	-0.1030065306785392	-0.01365017070463757	-1.237299760014651	0.007611341633718977	-0.059414583857396154	0.06856831388308113	0.6056090308003751	-1.1085204751649727	-1.93358771862692	2.2786285230900254	-0.6049376249568824	-0.5349100988086951	-0.05708297290643622	0.09622176394361309	-0.9769142927023546	-1.575257031793828
DTXSID2041672	-1.634678674947977	-1.2904682011843085	0.35924511112698954	-2.8963503339647643	-2.3467920834748583	1.1051578968498186	0.469118141075473	4.633628973502029	-2.332707813117594	0.6202824826135905	-1.3587234679143145	0.7499546623121479	-0.5729569505929699	0.7209876860147163	0.9472947753199014	0.5291632864013832	-1.4884465024251816	-0.16087903094065664	-1.482853327183762	-2.174362672270501	0.13354032511687808	1.6876823384957538	-0.7786398026990665	-0.15548460601533964	1.1698368845325717	-3.2583958591858457	0.17386384290558587	2.0135014127002546	-1.606444750316593	6.26309017379909	-0.20909542148152427	2.6077582540104225	-3.3847905469848305	-0.7080244004441908	0.6370369246279209	-1.027132259777886	1.5621109227771697	1.2729898655297567	-0.1747181214519416	1.0185914945287011	2.2278051057283625	0.22890253966955476	-0.35907554875516656	-0.0616519662729466	0.3079685183463824	-0.27574845896288985	-0.6790391119684525	0.17114039196972258	0.02724107816543079	-0.21411554516368486	0.14262221526542004	-0.8072211007587228	0.17278184275121322	-0.5617169368932938	-0.5118513891766371	-0.795524195034532	-0.703046812739707	0.3114463729511623	1.2043569455811243	-0.3555222656753112	0.39162217158838736	1.6382924603485463	-1.3422690303892109	-0.3834135573565247	0.9666739978349784	-1.9549009994015876	-0.10414519201533474	-0.28955469857756183	-4.597112131304326	1.147772625111055	-1.2596569404529325	1.751968818065315	2.9016070051001726	2.4470920164914123	-0.18891951444025	-3.363597541760811	1.1195555212133348	1.442244251632993	-0.3659345866297245	-1.2100751968228765	1.0334236984241674	1.0019928117446981	-0.6792687089799408	3.003063560855081	1.2094026281725498	0.6988574222234127	0.17727023988342938	0.7083727271518288	-1.0616588518403431	0.4255895656813474	0.8249116919902135	0.1706165787087683	-2.0792528091087688	0.32140545159253436	0.8328426748375778	0.835185004129491	-1.1687480010747289	-0.08429683495798627	0.10088866812973736	-0.09818215308319514
DTXSID1027211	-6.638568321545555	-2.1594027602115755	2.375548718053584	-0.6937126433929657	-0.995632769219199	0.2826580875933679	-0.35517213638676215	-0.7567851124556266	0.8424167521542447	0.3550061247083722	-0.11317038856100074	-0.31015755500352815	0.023023624669058777	-0.7274954681411866	-0.043987031336128864	0.5244028252085942	0.00656042348118393	0.18214222237440086	-0.11674662916830301	-0.19313551407320034	-0.18033803446526697	-0.14913891616892475	-0.2532021862782153	-0.678241209547954	0.3799864017591907	-0.4958960690436509	-0.33471481430750327	-0.07404693476492065	0.14654158249898838	-0.1507975542102603	-0.18231490617471965	0.6284562103801231	0.7824083207329472	0.31445309565361246	-0.3641276498565236	0.20928115251804838	0.34832427431567375	-0.6366185125148942	-0.6260135171902161	-0.26269770392065045	0.09749566225856854	-0.5776721372048659	-0.3030627790902746	-0.3647430492161985	-0.1726687754875737	0.0009970785726343989	-0.3996947716489678	-0.17156391631607143	0.11200050083691364	-0.07515875413303706	-0.12342914614954749	-0.491273382862581	-0.0665084702937409	0.09454326297460663	0.08123258642391185	0.5635496228996738	0.017634405984276062	0.2398145837745261	0.10769620290562512	0.24299707502535314	-0.4697779000804809	0.290181061020845	0.7808039448246757	0.6694806063219612	-0.678883937720198	0.0752544398221787	-0.05307339178596509	-0.37930090656053883	0.17735420426234869	0.5720368025745215	0.24662733512012439	0.02196585449805344	0.4190001036174268	0.0006856407415264118	0.03408803963889157	0.09240462534589385	0.055329196818738074	0.030736660634334965	0.35829817009951664	-0.7434029272511322	0.680656204560199	-0.6233576183435519	-0.06770358973719279	-0.030440940750553563	0.1841800670001931	-0.33979749768253376	-0.40763095885483036	-0.0738632211556063	-0.6452664958474295	0.3422141532391656	-0.5863543221320706	0.45897698096038264	-0.08157464449778834	-0.03637168774116355	-0.531479734852709	-0.2578982065398021	-0.09010883306132099	0.15970413267793176	-0.11635262851605062	-0.4101849619675852
DTXSID8049208	-4.214366772245052	1.8228498536089028	-0.39606209010182386	2.3077953624164027	-0.9516794336827125	0.9039302022397716	2.3171237979235353	-0.514404574937781	-0.2501569713209711	-1.350483046170478	0.3782150978596937	-0.4708471081988491	-0.7718330094154383	-0.40681957434592975	0.0725450653221301	-0.9467471035642673	0.63255155870344	-0.08047328549976757	-0.34821771125499495	-0.05346430637388598	-1.0118856288167464	-0.6474172128210915	0.8506943729396458	-0.20962507865521463	-0.1389926866716347	1.766060920642754	-0.27300514820777794	3.893434800853908	-0.06202233967206555	0.41884091391966793	-1.2702090351229738	-2.283224453823989	0.5324006220325337	0.6567647202730251	-0.6425930966300395	2.005267886802716	1.2093211984951902	2.8287302108674997	-0.1898618594788186	-0.2681159777540245	-2.4657887766596733	-0.32142676361823047	-1.616967427517145	-1.2301213090229417	0.3718106893152039	-0.7117968689157997	0.22726657386006877	-1.4880039025055962	0.1437514332270281	0.5731366616431033	0.5081562077927427	0.2819195323687509	-0.035315857856939366	-0.6972613247529336	1.4904439054457623	-0.014084703773025047	1.8709908885968207	2.480722080767127	1.6819955667201725	-0.041633933643697094	-0.6908202449745554	0.18044276051231328	1.9851888640935873	1.0356328057893955	-0.2649930384527604	-0.8233304595441409	-0.37001313941984826	0.672170563562731	-0.676740935913613	-0.8154084590437802	-0.11763317061257314	1.226943366524365	-0.6075113580860642	1.4269770976199185	0.8243301798085391	-0.6473456658687358	0.22009664335296197	-0.9471994706815402	-0.45455568481550024	0.4591630429657717	-0.12895746141713224	0.2637095540144325	0.2952131280138453	0.38004218469173995	0.02429753430320208	-0.32901119156517844	-0.408274427214429	-0.2752091530131113	-0.047543717590686665	0.1551731521869276	-0.3229856561909631	0.07070026811244798	-0.35233340984284256	-0.42537180611092223	-0.006340972567523693	-0.3886731716471653	-0.051037004287067034	-0.22933955081946117	0.3172043158403207	-0.0782743271326035
DTXSID9045639	0.17018047748492732	1.6419742121587733	-2.649522645555466	1.5149034406324695	0.7452454037171337	-1.7852505413484052	1.8738393796081105	-1.1682475373100625	-2.583858136201207	-3.5719305934473473	2.1133765913722056	-1.0482253369185324	1.3382579920858217	1.0210992765208067	1.1708920608076223	-1.8421151165093446	1.5652770397367424	0.8853851077258553	-0.23925120885528228	0.5182675447708466	-0.39956109873409085	-0.7642352737562943	-1.677724964084393	1.6898518815651211	-0.7152772660385694	-0.484479482423849	0.4796300525246125	-0.12391728493148947	0.44833377247090084	0.15296014885835146	0.09236112081179147	0.5434244480075444	-0.3385159881363579	-1.111232537276226	0.0291969376140298	1.2342468858215032	-0.9051051240280703	0.22829942956258617	-0.5634412196630862	-0.8459775453064512	-0.2420281911192812	-0.4949983197705721	1.0870886239906423	-0.5513623660042163	-0.4573377500925434	0.024910654408909057	0.11922520423066107	1.3304922675648878	-0.7487902193641245	-0.1339802555154486	-0.4486462966589172	0.8576366642054138	-0.5344386107606294	0.42964182717909966	0.09334337471429954	0.5631091997657149	-1.3937372996312791	1.5567006318212564	-0.5444835716906951	0.76179311198537	0.555045421064758	1.1998429932867674	-0.48178247653642875	0.6970326038864697	0.05500305256561448	0.08353148347743272	0.3415735387645203	-1.8795456591415243	-1.8673170549596085	-0.7660911530486806	-0.10925597025710646	-1.5548137390618904	0.06115823481092734	-0.8194824467804073	0.6245120959144553	0.9713142954244268	-0.47466962011632025	0.6000558333536699	-0.11679430098475094	-0.5979878970179399	-0.46105471452525104	-0.8520645695291353	0.3761369279567544	0.6106679060579786	0.10775007294695038	0.6164971085586571	0.08398693724879894	0.0021435897769470813	-0.6076753609607756	-0.4893044258905158	1.0177059579521004	-0.6385062915080598	0.365671054787065	-0.22969334716130152	0.01583761337289989	-0.031785645594815434	0.0690924778957195	-0.2462088901230479	0.807721667383068	0.21275709449019908
DTXSID0021969	-3.2744593464680847	-0.06062716037560982	-1.1740879017219668	1.9518327184351354	-0.7571851681957594	-0.029461537872543863	-3.3316164878913055	-2.5774814481775383	-2.118225667443886	-2.418561304227428	-4.707857433365082	0.10756273482291497	4.423008484622911	2.0056844529900935	0.14490242484009133	-0.9262049941874069	-1.3681387728183263	-0.3322085281463564	-0.14834035572902363	0.4254103032250876	0.8302145967476624	0.034429438405094874	1.0798485318380542	0.43860797457238415	0.11799820253613787	-0.11953894323317606	1.2801673234812039	0.8473540454096345	-0.5118190219842288	0.35662821050154964	0.528474845460226	-0.28074795452407597	1.3265560521074475	0.6804299732229668	-0.462073123743735	-1.2209269299770982	0.9762867809317917	-1.4902177517280624	1.0370714113219126	-0.04024371897352102	-1.8794186298429272	1.0332272768879565	0.4054779365232144	2.0088668389050293	1.8130091579927698	-0.19777309166353746	-1.7488699788700466	1.0260292546471197	0.6980177491580251	-1.3167579786180155	0.018409997970224374	1.2236312027494278	-1.5587625497651951	0.41341225958173594	0.6554870034179173	-1.0136098719498057	-1.5014353855113762	1.2860554528686765	0.4028226430734048	-0.8559417336571852	-0.18641118231477916	-0.012145578762633497	-0.3077135751112707	-1.1505336924244325	1.419585621515676	0.3828305271003214	-0.9909929349011979	0.8647000972541377	0.6526849058239474	-0.2666803464428703	-0.8593416541971391	-0.5418803825238757	0.14119333692872144	-0.5074590603397096	0.03681287358690788	1.542480865165237	0.2368123657459759	1.0022425693585375	-0.4589399772977903	0.23919486350561053	0.8820979504351872	0.1828689617313053	-0.14472048957873163	0.8839209253346451	0.4597318124523834	0.22190020855570305	0.05579977529729667	0.16568257666372085	-0.05992254391453287	0.0690488412803191	0.2453580310948093	-0.08766896642420165	0.08968334893666305	-0.018256112847424465	0.5949104456099393	0.2562165549455035	-0.8390691924314226	-0.6278455685640653	-0.0005175969422942427	0.2780010415926034
DTXSID1049229	3.1697228204968155	0.9297144424719638	4.050823607848206	-5.0144804807085395	-0.9665559057353788	-4.532769937465084	5.510382557820468	-2.476900265472405	-0.028148781713448683	-1.0325727608328787	0.0856872675166209	-0.32584009299095373	1.2770949622600642	-3.3664371261746524	-2.552950052311501	-1.7718440405253137	0.5241417443728591	-1.5708492398809177	-0.895516169020378	1.041532673310873	-1.9638780115186933	0.2778284972507981	-0.8822887366571188	0.5682131710582676	-1.6188641204941718	-0.4747480635946879	1.824247258891346	-0.7837873995916533	0.15204606945871424	1.4438309379230319	-0.7479805102579662	0.54027246356976	0.6915071616718166	0.07274231522906494	1.9345295178298278	0.798543839901114	-1.972123852835262	0.38231778593512633	1.067159624836064	0.03214903832292715	-1.0479227681818728	0.23942112927070464	-0.15755144617289835	0.3759775745901289	-0.13100543039159804	0.13813077695251347	1.3049592923701567	-0.20194898678260498	-0.5514260141518171	-0.08728787144709768	-0.1769211459083903	0.06703927498971071	-0.32821525309542393	0.22629389731609587	-0.2727220639894949	0.7802298547880943	-1.3351131119836466	0.6643652037287173	-0.8865876604398083	0.40827719965313736	0.3921167633158506	0.30791980614130865	-0.45369469692730036	0.4438844891063415	0.6958557993046975	0.44193831915133097	-0.611986487155546	0.1911905865739361	-0.5048173271810964	-0.7850673114379675	-0.20764453913722505	-0.10280047120947855	-0.3021117407518224	-0.15112239543152217	0.4809903329244985	0.2282014549953877	0.17380916793750406	-0.016106343256332402	-0.5651204607906506	-0.46870716826281195	-0.09767921588740021	-0.1837040244902239	0.3657444965575171	0.9650059182001015	-0.26552489430375187	0.06220937224744235	0.027745943386224516	-1.057818403517445	0.115294503902692	-0.7539518432178562	0.13829581402042548	0.012241705833095098	-0.1068014325286932	-0.2745226791014598	-0.049414575861083165	0.925776370495544	0.49507915652339396	0.16601438412702768	0.32960166429997095	0.28356447928706163
DTXSID9022655	17.430997997587358	0.018404456633882342	-1.4265429632852522	-7.7166774375535265	-3.3321070176099354	-9.154074640296066	-1.1621464149647394	5.158833261462358	-3.382531334105288	-1.3719483960355365	-2.70997682948599	3.961852944360415	-3.4001979464065455	11.229503895891584	1.6746191755839481	0.9559371266712866	-1.5479004281312694	1.591548571950164	3.2452273476879565	-2.092627165233727	2.3214050211620285	-1.0121308253249135	-4.552938649695564	1.5005825175087657	-0.6127150380294777	1.3348656228515126	0.6709869938985211	1.847087484615924	0.27222415145000317	-1.3671955628470402	1.8810789596944344	3.5042257597852577	-0.5048149264654235	0.8936932784179351	-0.4085920418591767	2.419154840499211	0.5667687404997304	1.582431939842814	0.9203176215705786	0.8029552190554315	-2.305318975805086	-1.1583539386498716	1.6336826931639747	1.9213099967628753	-1.525608301665925	-0.4867420942063442	0.19608052724686878	0.2726986267568043	0.20732246823358066	1.3485914913657047	-0.09615671719881595	0.8891820827339265	0.4208815240280615	-1.1235896949297346	0.718543993141521	0.05695242073568575	-1.7505661147656357	-0.7923506151055009	0.20035809410804598	-0.4882424281338149	0.8205702515853879	1.1554934858742507	2.0924685454316068	0.4039395713406732	-1.1151068877961998	-4.38324875408233	3.4568606441966403	-2.1514219851065395	1.3926602562235255	2.533082290239425	-2.900018060329022	0.5810095748793819	-2.9244347862238604	0.34492728065453304	2.602693859798053	3.9018062197031766	-0.14261774576385983	2.6469341356415086	-3.201379497675518	0.2457935395819442	0.8328816338787514	0.5248341273703765	-1.2999024831706907	3.0665349245927467	2.363916553323901	-0.760379431618573	-2.8049390765382505	1.5809483298387461	0.18545484984808347	0.27104037755665833	-3.0179587887039867	-0.28573438489880737	-1.4143636637056856	-0.7079752386884639	0.16820046678483652	0.1896716484645749	-0.29138789898427003	-0.33107079102178105	1.356914612676269	-1.6599057834316322
DTXSID7034674	4.90434848555482	1.7417281473275423	1.9290011920469363	2.2228313456260627	-0.6229225701175006	0.4862172145988253	4.503434980992799	-0.0072014503322277755	-0.9355997289636193	-0.7608800866202012	0.18749900909728415	0.1978282245826357	0.424879979376692	-0.19479818021223236	1.2237861168655242	-0.4413063523633486	1.2690721202085407	0.7653274757607111	0.16837565779298805	-1.3455006629913824	-1.4343095480002654	-0.43418743119494807	-0.2126850774307354	0.17379483120189504	-0.3849433110815498	0.3413167926989932	0.2641738273384721	-0.9844352662704963	1.0334092529690855	-1.7358288526462617	-0.1360818112977535	0.7961563451788336	-1.3504249422179024	-0.2787065145485486	-0.5000198307984074	-0.2151091160925543	-0.6413766589666904	0.7791157799251903	-1.5194277660875068	-1.6685838594314673	0.3562507022358904	1.1777676850648162	-0.86094678760243	-0.5479599449279182	0.11625344372674952	0.37578722672541376	-0.18665717771085674	-0.676098901687292	-0.2616187076897923	-0.7564578013016647	-0.33488727930899564	-0.009707766991309234	-0.3734380774726747	-0.2485202503801257	-0.9259793929566562	-0.6861259487956068	-0.16635972761111065	0.8630106702944007	-0.8743931061832674	0.5742974583269972	-0.6070306108489605	-0.01254507630627725	-0.17351998113943973	-1.2389125542852983	-0.38733646964756624	-0.44330881488726953	-1.5887700719594604	0.02370734260860275	0.5536664909217777	-1.2689601534798662	-0.11362477869096213	-0.9071863100068833	2.0030208886471534	-0.0284421951103521	-0.6460806045305022	0.3124841397460199	0.4828277204049542	0.08679779045600917	-0.13958810901042917	1.4153862901600212	-1.1981619274326916	0.43878408257013024	-0.5078915220551149	-0.19431775932090978	0.25853912076038704	0.3572988925101102	-0.3576466699995356	0.9185562267038563	0.8643232214910896	0.2279508743137462	0.09282672956084624	-0.16401658703254246	-0.5431279423676737	-0.01823732434540452	0.5817668138638121	-1.133708824478909	0.8592536371664328	-0.10771253225263897	-0.38369154765644553	0.09934431213958986
DTXSID4025743	-3.8325422532784827	0.29702316912605453	-1.3166377167744423	0.7907727731324781	1.7213044858511166	1.76532646079484	-0.7082311121065193	-0.7114144209523786	-0.6029320059336611	0.22716101054851418	0.688625099061621	7.1050269597199085	-0.8339872922892975	-1.5788495981147441	0.4403432227736363	-1.142540983191142	-0.6868157351238037	-0.1686404734021983	0.2817772879067425	-0.8473630545448849	-0.21860639091714862	-0.05830578302099352	1.098198258769468	0.5084317396531484	-0.4095539190429726	0.4490274148325583	0.8521024438254831	0.13071414681068222	0.20297133463628916	-0.0032574579884803445	-0.5569691504306795	-0.33425298947881465	0.16435406766093347	-0.060509416352993624	-0.3118084255007327	-0.2606297821345778	0.47135382877515425	0.08718332824869694	-0.30858623325361434	0.15720731135834137	0.38946547845165247	0.019631983450868265	-0.09607599372061601	0.5610757547214109	-0.8420015679559222	0.0712144130790525	0.5107077608322286	-0.24650448633222657	0.11360346825511335	0.14908897594725184	0.004985842600857952	0.14876974439126386	0.0947700511055728	0.09327294450650386	-0.029546275578630453	-0.4162131003004169	0.02716653574914579	0.17099813128094307	-0.5036616595041006	-0.6413301221925656	0.12896730505614357	-0.1313153615103926	-0.09275865518055497	0.5485716802197647	-0.35960377590414067	-0.024563828230535423	0.3302655010878893	-0.2817401825126834	-0.8386685563802997	0.008664043825855675	-0.106191896290729	-0.38203474962757017	-0.14717202616252284	-0.5185008000634536	-0.0018846067004377226	0.7254398253050264	-0.0852752576177173	-0.21462676894484944	0.327056341539443	-1.3661207656260967	0.39979972912686934	-0.6842549808649747	0.29440845230908386	0.6644083243971903	-0.37320334341515515	0.004658080292948237	0.989469300833292	-0.035862203496022836	1.066597437135074	1.1365363251240435	-0.6682531396687909	0.3490826797023253	-0.16835110374519124	0.26294931718119263	-0.12932875811357458	-0.5311159214824819	0.12030495805533027	-0.07760130995165437	-0.35674778790972855	-0.05232802372665378
DTXSID3044704	11.849867250379404	7.9766744594772065	-1.8449442526712363	-1.681843505756538	-3.4891888471070067	4.750565141934816	-2.9212916383480456	-0.5202472745194928	-4.258732237726195	-0.6261484853071877	-6.095182637898008	-1.1149478102251873	2.4542180910039235	-1.89929718630586	1.6363048529914161	-0.263384918054327	-0.6110520629069366	-0.6040481736779604	1.3796599007536823	-0.46625700540650383	0.5143578961482347	-0.3536162475178924	1.9662617410900112	-0.2081174825984962	-0.12213186122366457	-0.7638588569656499	0.9047594230833039	-1.2271734999666184	-0.06278063969525444	1.0256276652101775	0.8470704749060252	-1.4125971642899573	1.239249433284067	0.3318790517780882	-0.2761638740045387	-0.11687940570141962	0.13715976521180662	-0.31665472341337036	-0.4538602276020808	-1.2731894774240355	0.49322476095435897	0.7305165752649909	-0.5191376599910653	-0.052440620700317575	-0.19580985891778627	-0.013532950028344056	0.12440289286050363	0.4347336186602911	-0.4025002425654032	0.5513784984365724	-0.1004647280718882	-0.20435821524666054	0.44298615080338116	0.5018977258604449	-0.1636956575150516	1.5749276116995237	0.9224365346174577	0.2637247805445527	-1.033095785886562	0.9279362319208432	-1.5028784673827071	0.19198781640221355	0.757891152798188	-1.2143317252681005	-0.17530736473352201	-1.4765680695653578	-0.8937725984747962	0.6455440942262772	-2.313029364352543	0.7428510153254029	-1.263016870050749	-0.2723834058978968	-0.7726272817400192	-1.4787697428859663	0.7558379226942429	-0.2781015159038784	-1.2225751317034814	0.7561774522905051	-0.9214081992452494	0.435260190825308	-0.2318516131172908	-2.103040943090798	-1.298234886701784	-0.9384022888981053	1.2852893931515628	1.197016881099689	-0.6433901106544122	0.5333635461806889	0.17452866339755269	0.15681754730007938	0.19540731550124157	1.6342939357081787	1.1187462263384906	-1.6179942975044883	1.5009195846918468	-0.29306195705094246	0.35169247761830136	0.6804251675104483	-0.3849697454325104	0.5302647990780143
DTXSID6021036	-6.439440269176851	-3.317174379355007	0.06242478447318631	0.3894064162151175	0.556995079348693	-0.5850956081337952	0.8663623307109498	-0.45839938467030095	-0.28915335776027035	-0.18508125708558926	-0.45552268192996015	1.27679648331579	-0.07089269316607297	0.9153097383225748	1.4179566035799294	1.080236253271572	-0.3514043211173326	0.27431892478647574	-0.7651900307163398	-0.16410402146415148	-0.8169143385572485	-0.27105468901644675	0.40923803161707173	-0.47477077873706236	-0.8585345874094066	0.16121365550476227	0.43836342853402427	2.1613860116481334	1.2405982326049552	-1.2801159624946323	0.3335370885802833	0.44876743599871066	-1.6932068037441652	-1.3935449203877557	0.13244907178806023	0.33543757678559843	0.0003623960020726294	-3.75828756960947	-2.3532764023450086	1.266500075299235	-4.046012030206922	-2.0958139758418213	-4.622072774097719	0.4862504210075194	-0.008388280866283572	0.09465351470720886	2.776809992274313	5.15476199995026	-1.3619668425853424	-4.056610182691491	-0.917144042232283	1.0243596096206058	1.9135344979713271	0.17869128036260407	-3.1888527701770037	2.167448372472283	4.916747941968775	-3.0975129844674423	0.1625647968420929	-2.1572834937702092	-0.14629276843895814	4.201869025537047	-0.6407669298874054	-0.8281784818240358	1.1280475546869828	-1.0769538265893306	-0.8218749137701815	0.5555118415499208	0.17744851485433907	0.30035008585661305	1.0511579407483718	-0.3283699074998288	-0.2864877578639924	-0.00756670228986818	1.0121878867680683	-0.49349631053987675	-0.3302718109114133	0.27768146411614913	-0.29387923794610565	-0.04869240517504391	0.34118344228098246	-0.4225388073739483	0.22503648890295944	0.64350748810472	-0.1603847598341494	0.31158169292703125	0.07350840066994807	-0.3129152178161337	-0.061053259939164294	-0.13425689150075124	0.23832568666069973	0.044768649365452017	0.3568507745270633	-0.28578655553898985	0.22395588216787032	-0.20047591104271265	0.13770386477177157	-0.13208658429104672	0.13990959517028856	-0.05254503752543492
DTXSID8020622	-3.8911650821235675	-4.751289623721671	-2.3090538285039583	-8.809511886503651	-2.106515213295009	-2.835023093329288	-3.8369631020137303	-0.29809291161761	-3.6584473250936798	3.483394188512113	-1.619363159218009	-3.386576944728549	-4.595192106111776	-5.648605858306688	-1.1320632551468008	6.021113648433296	-5.239869390483635	-4.25981572143583	0.6403244825396416	0.49062410652655586	-6.169621114869607	1.0692059199237498	0.22665256946967569	16.358892001697363	8.31230868565649	2.1031768173247123	-1.593841245904361	-0.10697284211021897	-0.5264036498976576	-0.30381271294756046	0.20468835017784573	-0.0470063722777837	0.7945978700695586	-0.6430715765349594	-1.5021461827317906	1.7215601577264392	-1.5199582704561334	0.1159929821862543	0.37807734939408716	-0.44936891426726255	-0.44407079214301975	0.5993616064147501	-0.9029449248307363	0.04623308509832634	0.2896572331488139	0.22380415609499077	0.26343517929856475	0.4959717422849063	0.17071120283647864	0.16087614906599917	-0.1827131387226615	0.11689339113076994	0.12342379174787418	0.10929140754307733	0.5982194438780548	0.14902361239921286	-0.6762855961936723	0.3900262983164286	0.09595839337917253	0.7730948780371162	-0.3047084690185355	-0.3606115599591339	-0.2730383042777099	0.499378842677643	0.5646818708429526	-1.4934826220370674	-0.5252138925591772	0.32521690205365106	0.14405226996508247	0.31927114863354883	0.17023417222983556	-0.4971769600465606	-0.07990234882176919	-0.5913446541088594	0.6842154136445008	1.5373424306171637	0.9124479044031396	-0.19234997727558384	-3.3469732252087914	1.914014690835147	0.353502003307456	0.7902377367328826	-7.830089082922453	1.0141712353429542	-11.373465019772073	0.07954394746175016	-2.0323795169166092	-0.4581800453419088	-3.4689505808996652	6.0048715063105975	-2.0505640933263227	-5.984884492235501	0.7497544843187459	0.2461422193072617	-0.40225793894360284	-0.8961714000418272	0.674117168591383	-0.7628129322467161	1.430972680272029	3.859614612617146
DTXSID6021244	31.894508830203517	1.9576801093947165	-4.058889494195216	6.397951327475062	-0.2885816936850328	-1.3670851903309007	-4.6458241306508805	-2.913884587746988	-3.9831708571714106	-3.4525255346337085	-10.821979641553616	3.0604777908411407	11.725700519363485	2.454682013456861	3.8344109728981355	0.09962235620114708	-8.353683704188438	-2.358148539685907	-1.4646310045146635	2.37402529782657	-0.6371002158330882	4.309559415811448	3.363119501275567	-3.0632635511896127	3.2140265154167267	0.5938961295746267	2.536803784200101	2.3270908823675196	-0.05155132209483364	-2.678100421153741	3.3525995231399337	2.44219823563304	0.8531275981037436	-0.5294145794408182	-3.408765759292519	-0.711561764502848	-5.2106835597610335	-3.673541966637991	7.218416446933781	2.9363844866826914	2.277464005630393	0.14028942262688002	-1.3725446138836999	-2.425037649589923	0.414098461558898	-3.315834157786925	-1.2772425948271153	-2.2454288078674134	-0.11854939600999037	-2.2982378478916607	-0.23636161312892506	-6.544411895552666	1.5471805600071646	-1.4145147931072661	-0.4340147524362447	1.8444132145848127	0.7476405751378945	4.9761173523353595	-0.15479435927242546	-2.1821258743920207	3.2288403775284253	1.5992090173249651	6.1708458686345695	-2.2685795506344526	4.408703432820335	-1.9516459156832644	2.562535956698402	0.2144001248247364	-0.3024617051439637	2.3448025552469662	-0.8587476328411652	-4.088639263697014	0.16264314369556965	-1.8316043775903088	2.9904612021131207	-0.5973871213175215	-2.169112060085597	-3.25428737594815	-0.8332540774772638	-1.6579387845568945	0.5036590268913227	3.258947403312391	0.613125145208099	0.051156948510153524	1.5339345306889656	-0.2893562892608717	0.12868173713641964	-4.399149466524677	-2.3602659397457426	1.1180488237830386	-0.02925548256362566	-0.97400135139171	4.49885381362874	-0.9346179916749572	-4.587431869462146	-0.8356951285502974	-2.2329388137951773	0.2787461140835535	0.9929641717591142	-1.5412897173598599
DTXSID9023706	9.697200606100287	-4.251415624329398	6.540436897123924	6.505563927289569	-1.7467171932900363	3.6437541801297644	1.7888692278118619	-2.0937106873872002	-0.11066785924091163	1.9859672602952876	-0.74970073163005	1.115755328031459	0.7692419975037685	0.23803090828721277	3.6306682218172055	1.7704766282497595	4.2687521534778465	-2.5064755613286094	4.705651482029568	0.9385008083409838	-1.3474660042115238	-0.3687559934203431	-3.557585863089792	0.5129074718006389	0.4489274642765155	0.0065877176768975995	-1.0736876401485995	-0.001806681015614004	-0.043252592219834324	0.24323696598023123	1.6381150756700704	1.2230321835674574	-2.0852547639434795	-0.08321497690189282	0.2740900668357258	0.3297492564136244	-1.156144675657822	2.040481745487686	0.34893033317725736	1.193122394780681	-0.8988735603004855	0.9512641548335423	0.43914998811682426	2.919359958882551	-0.3198860498949048	-0.25168750667249806	-1.9704133840637479	0.8208994850113276	-0.12467545334879039	-0.34404052964395054	0.20894421541168426	1.6405697805308732	-0.5539753237689586	2.4368646143211636	-0.9199143942636149	2.0312717820884854	2.9392343863988803	1.3129982149897004	-0.6832126724686921	0.22745855381436236	-1.4046816055925466	-2.8711299406059108	-1.2584642838507432	4.336148405113635	0.15658344554382905	1.9984657389190563	1.6640150262817799	1.9085256546491758	-0.07156974943200438	0.5366451174850246	-0.9026645494588798	0.3207843760873289	-0.4767563010288433	-0.21004894983368988	-1.0876136442946716	-1.0170513009914008	0.9931149103306173	0.25491112453121534	0.37976986195801427	0.2323537539923524	-0.35976336995798125	0.618011836117753	-0.7565850884875569	0.23712372437398982	-0.15231602362466534	0.3672104997084636	0.5715032714693189	0.7419556025289994	-0.6831980355782205	0.5580213523778946	1.049610074396582	0.8486115215730583	0.3124217509544138	0.4584362744255735	0.4280402906789154	0.5544420811679619	0.6863416902955711	0.558032163041332	-0.35833537459435244	0.45400016853571534
DTXSID1034503	5.236835344723956	3.7439831848660137	-0.518038718687025	0.1930880180810257	-0.7417863158146132	-0.6828885614719776	-1.796128223424014	-1.7721576186969266	-1.5290281694280359	-2.53357382412901	-2.110590027709567	1.818556097161627	1.7432768823419988	4.23487297183422	0.0876272991491038	3.022496477174038	4.791168160941205	-2.119850313285582	2.248876407828703	1.9004832369279987	-0.5070851065005912	-2.1289278810943753	-1.79774431877235	1.4625243681315407	-0.7039015273339787	-0.2823999509784459	-0.3419119227620255	-0.8006271735169457	-0.9155448524136942	1.2013606207663377	0.48564315472016284	-1.0822024898663818	1.3221191180279346	0.20792819532018558	0.2965504565445469	-1.4810697062396447	1.2645175170379588	0.30606941534577303	-0.17477363136752488	-0.5451385579227197	1.048294422514262	-0.8207452948122176	-0.49996093163590194	-0.8021103515795001	0.20715197378940386	-1.031253767394655	-0.604113968732453	0.7048376128261569	0.059701386586199924	-0.32115176095800124	0.007222149080360168	-0.21708564520951615	-0.24973946388335347	-0.256992601370781	-0.03149105146733078	1.329045686166424	0.7055374966480655	0.029568590382161083	1.7016569739741405	0.4263194717858192	-0.5705123307234495	-0.7434614044482446	-0.6728872162752466	-0.2643354477165243	-0.20512094934610817	-0.43280793647594207	-0.06756216540705887	1.0210440702066619	-1.7897002886104367	0.9730093321154852	1.2134127451708325	-1.465064840246623	-1.1323588730742369	-1.0407859424464858	-1.62569444104316	0.5770913537218788	-0.7181989721200538	0.7107367167866817	-0.22358643888307428	0.18275741251162703	1.0767951547782535	0.10009600114514014	-0.04099022077230235	0.11798105201396912	0.10624285568712213	0.32787913260762225	1.5326221815052261	0.2636454246183175	0.406695161019842	-0.7397200157027013	-0.6342152531635425	-1.5709754025250628	-0.48447395835053425	-0.18757443250184241	0.42697105941805447	0.7223537261016298	-1.4967689789844631	-0.5812968217161626	0.05545050183797264	-0.370068307601567
DTXSID9042415	-2.2553234308147716	-0.5836493866586885	-1.6138705817937478	-1.7499935451091444	-0.04103554393950185	0.821443791705318	-1.3578660886267822	-2.363323488311029	-0.3444628510771613	-0.1981403161508213	-1.3421103539985106	-1.6024884241196684	-2.787108548051446	-2.0587538728766894	0.5527791789378558	0.2139947496422085	1.0676790808576633	-0.4807316522413333	0.15813384209612502	-0.3381956140146316	0.10680796861422968	-0.7321322604182667	0.3492422360994294	-0.002788601162976	-0.2748629057248762	-0.5382042386027853	0.33695781168070416	-0.6520740406987584	0.32015151936404773	0.22691143364839514	-0.08485637427059416	-0.21289853511578744	0.38458874223458556	-0.28219875484797713	0.6124134517511336	0.45898030491967023	-0.0346707577077954	0.22118449244982769	0.053104735803049447	0.4927827412089761	-0.1821420240347888	-0.38776454752841844	0.27302641696102475	0.24844819237876967	-0.39216747078074055	0.3156492201306014	0.07125522307760752	-0.06633988724168358	0.11024492616755709	0.2769998836853953	0.02786416980033006	-0.004228060258949929	0.2600016285360885	-0.09965800313323188	0.15717198771656182	0.3749841134511079	-0.05562850960581144	-0.18156290260252164	-0.10365407039629662	-0.12859941181514417	0.026880797575301756	0.059847789338877966	0.2705055722856126	0.31638272615021046	0.15879042507646313	-0.6167573712196845	-0.13449282113464342	0.4820174753018193	-0.24950092461245246	-0.4530623751054424	0.5006265352518016	-0.3054539594825017	-0.42489616298342675	-0.011005022583003716	0.1992312874721878	-0.300858366652661	0.5430599835025008	-0.5753169588055423	0.44609049646044796	0.1335929488526813	0.06881947484020208	0.556062717180988	-0.025223395112142836	-0.35686191664825545	0.7342514913687435	-0.08622468944836292	-0.30994109177249485	-0.06241977116496874	0.2518517822443468	0.2934679847246217	-0.3089597612223128	-0.23675031890058615	-0.35765303635161294	0.29188355449404063	0.47464655609343465	-0.2641057494800737	0.17947688186840932	0.1311250159355941	0.26703802507569163	-0.1653529719240635
DTXSID9044322	-0.8833405960737069	-0.8472804987443661	4.144798130425599	-4.608478822951229	-1.8965383218621512	-2.6080143861047813	0.6328326531884637	0.09416199719946074	0.3119247373739118	2.8587845014963493	0.4312131570282783	-0.06852870356538313	1.5118915970153182	-1.7582755643608126	-2.7950831387730863	-1.243427318352454	-0.5387051755923677	-1.285435490920343	0.24849167026028757	0.8981762465294294	-0.7428118605027638	0.9033179007301033	0.027607025169622854	0.3665485694584794	-0.7777195642095625	1.0568723496355692	0.9228657200269826	0.5192399732239663	0.3599834603746102	0.4692222650856124	0.32343171965829176	-1.073945938297136	-0.02043862094694476	0.03863892335575051	0.6146681040485066	0.7299271213707283	-0.5382187011802436	0.010722648226924956	-0.08487110772835409	0.6492253704225855	0.6987920979572562	-0.22130280037844263	-0.012375874331180696	-0.120005127411551	-0.20574710858871542	-0.011028845404919704	0.23313361658167822	-0.37571137754187933	0.18880173131096628	-0.6402998131018044	0.06768299626923041	-0.14768059726715474	0.04602512484236393	0.16921102596137563	-0.11844400609933596	0.1328264600303685	-0.15007800753121134	0.41670775380483316	0.14813259890942265	-0.6760694502415328	0.011895212763408778	-0.1703243863341029	-0.4125651287059409	0.10504996543019363	0.20293943872061998	0.7977993987839805	-0.43577443889229533	0.6269895497840983	-0.13382318873245486	-0.2629233420813949	0.7708189719092982	-0.2424004647560006	0.23128976577670554	-0.5563955562830271	-0.008436992344689106	0.6290562231415503	0.6383885200791004	0.3145884698337119	0.7579168356982409	-0.4035520594434129	0.1853766117859797	0.0884625862492625	-0.44279121980813757	0.5266421289179659	-0.9472444661341546	-0.040475891532531845	-0.23045984273588965	-0.4365662664973145	0.04138768548598875	-0.24877987405053972	0.5205225340201454	-0.09249667504727434	0.058678327601487626	0.23772347947087968	0.9860859008777348	0.31392471626276275	-0.046126006663427144	0.46301571582754003	0.5126612263737147	-0.5460243525746513
DTXSID7048740	1.3451905788159797	-6.936825031205724	-5.775670329570439	-0.8073924834270793	-0.2995241162169392	-1.627423631462635	-4.897156318112309	-0.3873109755534967	-2.7430918043038837	0.6861401444673886	6.514576659535062	-2.395778238667138	3.7411273962555076	-1.3238619648340633	0.3127651668617675	0.06444664583902333	0.5249530941534308	1.6212546758909683	-1.579274892967478	-0.2504762168822386	-0.23974588303508415	-0.03769596172932932	-2.0089091644493084	-0.9170863991035917	-0.7460119732141643	0.060114651215744906	-0.4619177927175111	0.3288597956232505	-0.18758072457734148	-0.08221285881147278	-1.0520730105599985	0.805523807709932	-0.15803753316702748	0.7211296117611355	0.5243706357338449	-0.9523540342942783	1.1322124689999062	0.18059032702237462	0.939556499391856	-0.7354598827582539	-0.7522071559632029	-0.3277946044296009	-0.6507505870215697	0.02500185389133408	0.4253865696792361	0.5389596254659073	0.5390369942244193	-0.5237288730119146	0.2530595808389935	-0.08418837218952757	-0.022717630481445976	-0.09436966082473715	-0.06400216348582144	-0.3011734857210381	0.38107223128035145	-0.4413603619797562	0.27433035011616913	-1.4420319821691492	-0.45587303753959807	0.8591270735229998	-1.2278414712003127	-1.0048912710546694	0.5790345402251317	0.7676015444803237	-0.431146289887038	0.46857896336084504	-0.0717542439073412	0.9225445461346512	-0.2645387785961628	-0.4795087384092104	0.6778297398059042	-0.007322006281967953	0.7444386268255114	-0.3430568933792225	-0.5784432385706231	-0.4893556462429708	-0.5203715620843822	-0.6577003527256667	0.030369668413496954	0.38327159076476625	0.954697843095338	0.2729478151374636	0.2586088355831962	-0.5177124695604288	0.38224977846105207	0.05585998460405824	0.8811217185683132	-0.18712485105662185	-0.013740082522248858	1.045537219501769	-0.6045900478329619	0.5935996257818404	-0.21390124209051986	0.5406677758846822	-0.13786161039783562	1.1554279403707755	-0.7017845609278418	-0.4980611510828095	-0.29152642502102105	0.7694957720870036
DTXSID2021947	-0.8100994100953388	-1.4028469918792896	4.701265684259153	-4.540806788964307	-1.9838668384090776	-3.3892723011727197	0.2551976787149401	-0.6207300896754735	1.0919571046927565	1.1488917593332686	0.8013451620883134	0.628101738778043	2.137081124174584	-2.0076344336363627	-2.7677646057928516	-0.47433542067959733	-0.43667656896788204	-0.5395091248751627	-0.2702069357989252	0.7327665328073294	-0.22175582711522485	0.5882222806632003	-0.7828142805093378	0.006760994202339128	-0.9759899572692693	0.5630267230502329	1.0620353977309827	0.24309257679429425	0.661097029068204	0.6026158984271719	1.2192086734780379	-1.268669016753525	-0.5943654447809336	-0.6998354360184587	0.443852402586129	0.6074016014000319	-0.617641020115655	0.4525172872726676	0.27240660116420856	0.6641876301016256	0.29095544040973764	0.25318688799822275	-0.13899916726292433	0.10047514773744849	0.21789151902681766	0.17059771034626275	0.4436104579153783	-0.23165946590623845	0.11776983494215083	-0.3864024342749972	0.09697009282623963	-0.0016977208531156398	-0.13680162655358055	0.21302924216393526	-0.16523599750459103	-0.2528953039056685	-0.2091540775489263	0.06669465554367535	0.021998913174122912	-0.18351494467315865	0.10075481817848514	-0.4960908952468069	-0.4384447471395492	0.10176453714790512	0.19133779975461512	0.595564560455242	-0.2457410105959591	0.5420213834946316	-0.21471213138931736	-0.04182379370461393	0.647701034233326	0.03497366564246779	0.20714743515115483	0.03365085185452251	0.42525447337004973	0.3345101309205714	0.3089172249917531	0.1466950663763118	0.16992032667012805	0.24013071100194006	0.44448233181374347	0.17787031446020585	0.02749157045453522	-0.21712997634899048	0.03675255590366534	0.06478677324887695	0.10605263070812795	-0.29054943617266404	0.04981603470285779	0.07147477553430273	0.5182141425738576	0.13906860703946494	-0.026542273340297705	0.3812281151550712	-0.011800227419555139	0.45306747311052814	-0.04311900714200134	0.32717488836898356	0.24162315934046785	0.0431495788087398
DTXSID0027773	3.6511280280274274	-1.141572829732181	0.3727888997873206	-3.0110610744548656	2.4012779738872516	-2.868107893302196	-2.578778536791872	0.7364541477053491	-0.8493614509819458	-3.1977024962758693	-0.5970309794891514	-0.056184139591581445	-2.3553472039470194	2.751338753803273	-1.61780789419441	0.15804976056843215	-0.1049930020196598	-1.288827119575331	0.3356555550205696	-0.602461661013114	0.197895208920243	0.3940610125014307	-0.5015889150125339	-1.2151425385597483	1.1655748652856295	-1.0382234201576008	-1.8599846198679646	0.5995524271830269	-0.2072437601819109	-1.0552483612391867	-1.8841592218390348	0.7881398761633186	0.3669220538170718	-0.3443106688096018	-0.2384568722566268	-0.735681284340697	-0.09826004642729373	-0.632857121490884	-0.07384972385585396	-0.7120089791624974	0.24533772261738487	-0.9329680211307121	0.3728122439735108	-0.11018959521604378	-0.2114167405099251	-0.18583655297189722	-0.3564307160279688	0.7750189964176655	0.13730818148065344	0.3434201748048429	-0.2630865448289739	-0.11089996137579193	0.487325900363863	-0.473070702586332	0.3117584161349742	0.22621102573492238	-0.25629572683844415	-0.07824032530343429	0.3450343849909294	-0.11077823059378106	-0.7853458901084462	0.2637733952017539	0.63151975826164	1.2671895690691677	-0.12090832616890772	-1.5497268481867765	0.9528748347128083	-0.48067845997545455	0.0871828517660009	-0.1482888915742566	0.6095064834737377	0.40161300755772233	0.6176358642911991	0.11752603746359234	-3.1067870932688866	0.252177674828054	-0.6714706213476686	-0.884185697967693	0.5608934980189549	0.2714528739205031	-0.0969182322488797	0.474584303384378	1.8031048091221284	-0.3490051042617773	-0.656125470406129	-0.4771253774180431	-0.3741522765924092	-0.9820196663002185	-0.3071170020696168	0.34237731025912327	-0.4534336694095306	0.5372292194858269	0.37648434242552503	1.1439634856614564	-0.9925096027889205	0.10124470849454437	-0.13964566662589453	0.5526493571653263	0.409573357067209	-0.35470257099886193
DTXSID6025014	-5.091942869763538	1.0966333446815737	0.2966544624197018	-0.5955620368533551	-2.147476168588303	2.882901234725385	-0.724337356144948	1.8471611946512834	0.3935116799396204	-0.18985520253615987	0.7415885657581078	-0.1920049567577399	0.0033075297969863155	-0.7379998882377542	-0.8669455956361757	0.17058211482384325	-0.023627456477979668	-0.4975176774914818	-0.17667363657084448	-0.32262208362654793	-0.5450484509065907	-0.0874302498006408	0.582484171112966	0.030079225973379448	-0.37312434357966806	1.1178447365588438	0.22372093140771715	0.7758733428465597	0.1695995336090129	-0.48881820256404873	-1.2126214501419799	-0.07169016307751572	-0.12342730329746267	0.1144277950486529	1.2086406013057356	0.4304990701815667	0.3092949737016502	-0.4996257507750114	-0.5329009986668942	0.424884822982534	0.2390756791078041	-0.45347395903741	0.3715031618499727	0.2867453264290482	-0.24541099590644172	-0.2341750452188115	0.07168105118041031	-0.6934335013665829	-0.01905147447795417	-0.4319495054835598	0.08485669139706828	-0.20512339878195943	0.4458444848086059	-0.2036178521393218	-0.23593349264337107	-0.17158540004804235	-0.13571088411718535	0.28343923028710233	0.26940107284589154	-0.7098877709068863	-0.21695108688912793	0.15305800184098076	-0.18676799037835057	0.9272872389553602	-0.1662198620122077	0.8108488238078613	0.4057363876920979	0.100936333540006	0.13330916586415864	-0.49662407590402735	0.38295220325175666	-0.4187818023387559	0.2889135477064562	-0.30270672540010707	-0.41688844792130203	0.6534326918599945	0.11667726369813188	0.12159239786345319	0.8694145979562447	-1.0831267811474037	0.6512379967351332	-0.33083246423665363	-0.16885938468405046	-0.007245977218984307	0.13413684809009896	-0.45491496404070725	0.16952275023802668	0.3841904275643147	-0.2988473758403097	0.41834388831167646	-0.3121126492674755	-0.17148185194198748	-0.6796229991408751	-0.10973488521797709	-0.1918634887870156	-0.00587941368624336	-0.0032288030355469913	-0.07538208580899215	0.24358945345746852	-0.015670699129685967
DTXSID6044561	0.1447070627537744	1.1544789877665358	1.5609752819593874	0.3946671078568536	0.808766377611172	1.3716252235247772	-0.4080214040588114	2.335461026156071	-1.2448730235714869	-0.15548695943947546	-0.1749806400455079	-0.3496308279581773	-0.14297431778303982	0.8346481017631419	-0.7437733176681026	1.3940576693841107	-0.4529058459723018	0.4446372546280325	-1.426045412965814	-0.15599725198226222	0.7991442963687397	-0.9449061493459513	1.960735141006213	0.038894977410658116	0.34531896552305463	0.893483555313697	1.243323264558305	-1.4396482181075227	0.26687093448720556	0.016652530693399815	-0.21562775270839968	0.15626190155740088	0.3207777207637211	0.20499433286788646	0.4346286572811614	1.5202145683638206	0.37245177744060476	0.6783399830082554	-1.3714982103500097	-0.5737368830214574	0.8939963884327062	-0.24213867528604407	-0.5069190797690537	-1.2990923815399382	-0.5885503491836288	0.543391848120157	-0.15759571174787537	0.04796864282596448	-0.25770000722469816	-0.2970297344400488	-0.14522372313002924	0.19410175783483324	0.0926301414806012	0.08308957910259772	0.07431158840393198	-0.21663740894838812	0.7098946420310925	0.7099689336727476	-0.586116809092574	-0.26170893658822325	-0.25496762129413353	-0.37606559564560116	0.04674645239762098	-0.4736571362675289	-0.5560219054115824	0.2407847699658263	-0.46645328183686735	0.5225595634099706	0.31776054024323624	0.425253222818927	-0.23986539741198665	-0.6988779762466915	1.174435756584837	-0.4818051200672679	0.5991989223537557	0.7137268301899953	0.5587760398492178	0.16315076239890802	0.7066332535313053	-1.2301003287220802	-0.4464246399072622	-0.034607000603881256	-0.776363116238315	0.2346386120258216	-0.1519389032442716	0.36616484610461075	0.6645026059998862	-0.8592335134845266	-0.36791484667569263	0.07803714265121087	0.649957605526971	-0.4296916248803249	-0.02462628383019985	-0.5367670989631683	0.8829918852249451	-0.1784907227945775	-0.12230371572889331	-0.3459701068719031	0.1479969642194758	-0.0332236584174694
DTXSID6041892	-1.2995272047679898	3.820748620341714	-0.687229859971391	-0.28759271741926223	-0.9034597301619652	0.9640590124568569	-1.9143636224801113	-0.5979181725075994	1.2918966223944948	-1.3053971246075597	-0.08537003791432496	-0.8267704805591876	-1.7968870848100227	-0.49227502996414413	-1.4123676265359486	0.004419596860391286	1.8951191216595678	1.3033971372474338	-2.3550631250927623	0.8070169217625364	2.3543987023042345	-0.5080053912810668	-3.6929038927733937	-0.12613994528475028	1.389616066713488	0.5918994277749524	0.25573410521346157	-1.0844336469747533	-0.15178890688478788	-0.5154052974202893	0.023658661712360765	-0.579696135785107	-1.7362131115117876	0.6254265937323699	-3.155542343301802	0.4273850065583573	0.5042419977157793	-0.5217491110174529	-0.3629662610483895	3.12612902843783	2.581304305345867	-1.923529096992048	-0.49648483690971335	3.2078096507337297	0.5976623527044103	-0.9652439165612868	3.6720500105873812	-1.6888563125654956	0.9685423750851723	-0.668449796326926	0.11065451005283557	2.4454309356399047	0.04742093240111724	-1.7048689511306938	0.8547597886138891	3.833323369121496	-0.7766859415825129	2.4897810456926814	-3.344893586212496	1.2759869582822723	-1.7826166069262777	0.3324342708172273	-1.323965536962626	-1.5210357693035208	-1.0386820650155042	-0.5977772207886695	-0.9659886796330932	0.6283958759074032	-0.7392376682902776	-1.237625334519971	0.21966222895656706	0.10842240367796777	-0.2889944885344351	1.423140418036624	0.10283349137160416	-0.3549061825970343	0.9698608222531675	-1.309973747559127	-0.28252955928572443	-0.7396234730272436	-0.6692663109436083	0.007703286330027842	-0.6128510009496059	0.18083608191963446	-0.21109138470581384	0.29575812542937874	0.0983484522458697	1.0831044202797004	-0.08083134564825122	0.3384065491158196	-0.4650474662617884	-0.47467489992845563	-0.21739727537313616	-0.33971965561029893	-0.8197381094902898	-0.40432137085367964	0.20515076662092854	0.2925017596898384	-0.1122420211851942	0.13976136133769007
DTXSID8048868	-2.49396347268817	1.065035888679485	1.4287717633703154	-0.10445087495401498	-1.5305788667706859	-0.5883125297699847	0.4009099782941971	0.6763745828452197	0.9068610488148161	0.5014653570620708	0.3546077470766468	-0.6003071660171938	-0.06548896741236634	-0.39217864157578164	1.4216150284369036	1.1397748897240052	-0.5514119159552521	0.49416668311840467	-0.6116946197510222	-1.3228861456967476	0.28472313599697835	-0.5349453940093126	1.3398834013567273	0.3092858763397189	-0.3512888592770546	0.21490507808807133	0.6419272230372671	0.5971275444502208	-0.0739808793094394	-1.225702664319953	-1.2701908266606556	0.17367727302330055	1.5389225925067276	0.31906820468028974	-0.3192064899955438	-0.6818005760852518	-1.0716486695697511	0.029899054722072976	-0.8571074527857544	0.9564440631401157	1.064996347464525	0.73089738438005	0.34691996261412333	-0.8667158414363674	-0.5525801948075504	0.6398296101676456	-0.3587688288944652	0.15478461374703953	0.37983917808089795	-0.2547895663257125	-0.1437658033001619	-0.21013148277831523	0.501018306668705	0.4330830081380918	0.08075994240772366	0.519385594264345	0.8699987776708762	1.5419125386259909	-1.024945022835146	-0.4635001482544956	-0.12605583597976444	-0.6411340001343305	-0.1632752435876922	-0.10912240755452716	0.17359454293674598	0.1463816436562313	-0.45927571152139374	-0.6763791236147728	0.2663513421433715	-0.10037535998489325	1.5098878812185677	0.9682001177587138	-0.9432505909118964	-1.3902589135988173	-0.5250603700485929	0.40233606398579524	0.8837339229405323	0.10640102311425216	0.0845302069866774	-0.37964349757554383	0.676203931652308	-0.6770357040761725	-0.343662933468651	1.2638707011450312	0.18792954995604466	0.3073123381794027	-0.11079943567394024	0.8792314659758989	-0.36139603886238764	1.0187542375249123	1.1240696822868428	0.07103810194181012	-0.003276977646853908	-0.2694516043566221	0.03253049192338265	0.4454116647224986	-0.4194193623564082	0.013771599342590897	-0.3026474019958758	-0.11026585718089134
DTXSID6046476	8.835254263574875	5.930253348589714	-4.765943387875981	0.8783384790123283	4.552691829461094	-2.942122477356327	-6.240663381736204	-0.8333130437286292	-1.443463916846529	-0.669683747791111	-2.1041425127094517	-2.5863236327832664	3.8558473016643893	-2.0590466264226475	1.4618012983239865	-0.4282907855672701	-1.243393114601599	-0.7747686110453315	0.04709974845569381	0.2736277003320074	0.8953399051272718	0.3079005900870748	1.3017482698554077	0.06343557988190848	-0.5971409281394885	-0.45192643044636616	0.8771006841599935	0.04740968083839681	0.29430946140827824	0.1900598848645449	0.8870735228065365	-0.32901233587061385	0.4968876433958577	-1.2645058113766716	0.18404748815185137	1.5883268453815411	-2.4043053999236563	-0.15358448632103647	-1.4246364822084518	-0.22654898914681632	1.2095071974967875	0.56571180914362	0.8701783369112046	0.9782751206421552	-0.06152278473687602	0.43068813224202435	-0.5200284721641726	0.689452279439187	-0.2929578315423434	0.7176465730445739	0.09115140854363604	0.43271640195696487	0.4616550120739165	1.1845207589222195	-0.13154872135482476	0.8029117741750159	-0.4877049460370796	2.0026096544575567	-1.0894290676839666	0.018672110425023102	0.35059649641089935	1.2985257454878045	-0.8377513288815627	0.37690173495954993	0.19495526872092916	-1.7254236844751434	-0.7135004732827083	0.6544242687429009	-0.12271880130869157	-0.36233702759469466	-0.9870676996368204	-0.40925905405959817	-0.18483799556182715	0.338767705119261	0.6754326275629163	-0.4907065764984082	-0.4470487528645411	0.4125457316422643	0.22780433876167702	-0.556495305559325	0.17458663545454342	-0.8219984874245903	1.3239922031431168	-0.17953614710676197	-0.49549097460151875	0.04754504842143056	1.192540375957749	0.13945075614567307	-1.070227224838362	-0.16346267909701315	-0.6257471255486194	-0.5561158691334627	1.145557891976541	-1.077221145064656	-0.3530687196284324	0.04385864514521234	0.9343169583568324	-0.357477559291738	0.4919080748487254	-0.22703520965215584
DTXSID3044205	6.267271666193783	3.668504238797835	-2.9775392814493005	0.5895298105011794	-0.34414663325485634	-2.8587592515128626	5.064858846257561	-1.0021770788278015	-3.284645686071891	-3.310949896909038	-1.207404435064463	-0.5518888346599156	-2.7199378372729743	1.0200862718975687	1.790304787143191	0.7175350929562073	-1.337705958472894	0.5245728196690516	1.697535492842835	-0.13996964687422284	-3.078819240545433	-0.8777678719828532	0.05686373681961821	0.3116138486980878	0.11428962064032697	-1.0008949284470963	1.4977927025779412	-0.22920961642946197	1.1265853632865088	0.32144760062514516	0.8011221032939071	-1.736870206057624	-0.9937559317799259	0.42025327745096014	1.6085383809082439	-0.2524274175350988	0.04020351347549123	0.805725950507472	0.3063139572787335	-0.2525478612074	-1.9979149100540687	-0.46296248050769945	0.7381172305445114	1.3948378429733246	-0.29988770144862253	-0.8492002785768219	0.5734499001975328	-0.7893389196883334	0.09411950483227904	0.6888899208502718	0.40346776411703034	0.06334288057736417	-0.2922088572293051	-0.4067813974008734	-0.6017646290338143	-0.6479984148990561	-0.4279223807221805	-0.11570751189281284	0.9681971492215928	0.8096714384848609	-0.8374527108663304	0.22561069739653958	1.065270385630562	-1.9667926585367472	-0.1527760667584204	0.43964877274017766	0.22419451255979567	-2.209937317839069	0.38671115687928603	0.4620811889259662	-1.5297836295834764	-0.7195797761192612	0.6156233400206187	-2.7559007306858714	1.6237891794270243	-0.7225793667700464	-0.05752154703694278	-0.7267071587154338	-0.13160055985926408	-0.6097217669747548	-1.9059655309508652	-0.9921291979893585	0.39732179333901463	0.8881010759780187	-0.2637908499808687	0.06289523915375494	-0.5952389534490803	0.40025415148237165	-0.6106115581524203	-0.5590129534490943	0.345558970221965	1.2187800403276856	1.2038649050858843	-0.7934906928306399	-0.2658726882047062	-0.6862367287209621	0.15476875830671327	-1.4457738431484828	0.42252800410920177	0.24484930400926075
DTXSID5037494	-2.561523176084456	-0.6894925213887774	-3.6858408472334356	0.8423872668821553	0.5595843877936502	-0.5591445084127775	4.993022859086013	0.6847458185080137	-0.7993687784064476	2.900057559157355	-0.2193495491530322	-1.0423416005910089	0.3228103193607659	2.1444568173249756	-0.1323384634162796	-1.0602388293979883	-0.8814438418956717	-0.2509996417947398	-0.9796113570805911	0.413265731202403	-0.9768654296065751	0.575790593348482	-0.6816207911913331	-1.0092957889429452	0.4866125316673852	-0.2930905696018203	0.10862831500454741	-1.8428005094063826	-0.16360169823291823	0.29832489803429607	-0.35674790314807014	-0.0447338501385591	0.3311316847124506	-1.3067631179808532	-0.1391453125746534	0.39216752425263685	-0.3693917906718678	-0.6438621993951531	-0.3626731332621666	-0.35640434553950134	0.7577634987366204	2.4323003465798623	-0.9326034682649819	0.10556112158128003	1.134058378157087	0.17994011900476575	-0.652527160756534	-0.19144803743323166	-0.3439386034470242	0.07302124711273433	0.11474783847139292	0.026044948095132636	0.42034596753572434	0.6432352541382987	-1.1152291769848954	-0.08270160486320746	0.4238607921320624	0.7915646857530276	-0.1183063541123258	1.633625676450261	-0.49517355154510495	0.6599728893475583	-0.5695327715956818	0.14014295743825472	-0.15438042057709644	0.3236494100221674	-1.3935097179295055	-0.6938160919556244	1.3306210603943398	0.931452815379067	0.22038837782237775	0.6829162707740849	0.10819523634565	2.0296065949938624	-0.727035377266188	0.18518458807261612	-0.17799251119807322	0.32033446256263715	0.36678662230600584	-0.9308392798793025	0.5770968112745921	-0.04321043301090516	-0.27651757409693434	-0.4417484297420364	-0.09421512166510718	0.24996356514466803	0.17740695327008424	0.15930804375626334	0.6647588515213744	0.7098753937230475	-0.39776732005887594	-0.7302132917567485	0.2023189003191553	-0.6368495307657075	0.08155459407412657	-0.15249478952932166	-0.017096367899139497	-0.19108397256318566	-0.1652216425865139	0.4528417895645631
DTXSID3036286	-3.9734039356929998	-0.7082084296342187	2.6615436632432337	0.099559564657831	-0.5179059106492373	-0.34208376495654297	0.6180461851130714	-1.4288661982107422	-0.16195821301246366	0.7921131431960375	0.09644489192071712	1.2262309367597206	1.5711451006610007	0.7165204108742393	0.8828802665950433	3.2993185249283083	3.653917739708505	-2.1593774990502475	0.6164960281126893	1.1743813773039813	-1.2888766265649658	-1.533151615948315	0.27685080158924114	-0.15214221702830097	-0.21106531102296802	0.2764540244356836	-0.8312384475553475	-0.7370528865956616	-1.1010636317724911	0.662811490176553	0.7249046429440147	0.7257740528555947	1.1794219164080826	-0.4253512128062656	-1.2053718748093547	-1.2470534976553023	0.14408874354363574	-0.3703965335939897	-0.6560068064705562	-0.09262482214729385	1.109750213762098	-0.7544348349681748	-0.42401010323760474	0.4205204851840429	0.9983079618781074	-1.9813058814689655	-1.040085685444748	-0.21252045992806945	0.22926610814883844	-0.1373410613274607	0.13665480940888877	-1.000622975045046	-0.15170559231620948	0.11106608600944824	-0.42455515989649967	0.7709513500435692	0.7974805871462437	0.04259011293674136	1.893649246902882	0.6234210394763193	-0.2454005518204781	-0.42662551773481794	-1.2412544843546072	1.4602594764733257	-1.1037389344851312	-0.6508519752319123	1.1748006595585256	-0.1973139030594612	0.08479834324085118	0.3310635168166665	-0.6946693552494317	-0.7368312003011609	-0.89407368920095	-0.4524877820797167	0.5859912380410829	-0.7188511030427237	0.6981112465355688	-0.6623866783243264	0.15701645595990502	0.11945716476103586	-0.18424901659714824	-0.06592201438060079	0.10208992242478301	-0.08044083942008215	-0.17103466309909446	-0.06950985578460749	0.2839808368228713	0.12038233080596213	0.2440004369240393	-0.015138138529238334	0.22130581363031168	0.08742094168431803	-0.03342958475349863	-0.22386898699507474	-0.0856477538286627	0.0830249018203442	-0.36903108185508093	-0.3423198079757954	0.11736849200719232	0.07735019992050465
DTXSID0047533	14.218929781154099	3.0426664162505173	7.440948516615712	-8.675919025098368	1.4803034647935533	-8.019997647825146	-0.7945225944263885	0.5405962332729666	-0.27360801480350977	-1.8590480603130364	0.3377254282656583	1.618568635810673	0.6517551137167295	0.817151065184259	-4.833718851854252	-2.1990766469907284	0.3888179636149908	-3.1095817305730225	1.5026043939522602	-0.17991686596155643	0.451730554212823	1.167669388994951	0.5880673640674017	-0.4726141682354375	-1.5060348445651535	0.6125331217264126	-0.8656042429056986	0.9920908430307602	0.4169059051893967	-0.2638014126000041	-1.0021250061515394	-0.8694932141070589	-0.5790027696371269	-1.3056943957145657	0.31593574081104164	0.6507795934346337	-0.3965443521008314	0.8704567185076757	0.23787651959393508	0.3945618027753642	0.08413305516194816	-0.36494414389977337	0.4406989478136584	-0.24513864115742745	0.2464136160163856	-0.5367523830367121	-0.27856757756419015	0.48677477392150487	0.015858702794887054	0.08290034318401332	0.015122097455365212	0.46833636638558596	0.47486532665331954	-0.370859683226163	-0.09205659677745053	0.481618520767007	-0.07128784616829899	0.158506785708351	0.8889848406344313	-0.43940607119741043	0.20852601116559535	-0.14575596595276574	-0.12616345982583832	-0.3262953281298206	0.57884937245596	-0.50067156782747	1.0877532555799052	0.15477640862749892	1.2690307969334613	0.45297887036021056	1.2851450194009115	0.013658612885118127	-0.2845582803300013	0.33786420324330985	-2.6278010837505064	-0.17650581099635462	0.1935284105326775	-0.8875721579775222	-0.42332223307604716	-0.16292514555478613	-0.878196124664686	0.6470050909936181	-0.44707114209463406	-0.31397308805774704	0.37944494784121147	0.08576431061262813	0.9665324078887704	-0.2892296083906968	0.3325790488330461	-0.5939413469735516	-1.4098415146138275	0.6928667426450884	-0.2612372897639062	-0.006355917571923186	0.21233711709974118	0.32608223114883916	-1.9492036545962448	-0.4994583203800814	-0.08803939921745627	-0.6367119057443817
DTXSID6021450	1.9745454578177533	4.649587058180768	-2.317137029476275	2.288574474891064	0.7565800107282794	-0.24995382064820604	-2.516285600881421	-2.5282946470472023	-0.3523684883619213	0.32442083732066007	-4.794777488331432	-0.422995424625236	4.179568297581958	1.3610852880965991	1.5768821319090072	-0.15531294386460512	-0.6793190664653294	-0.5119998458185485	-0.9517620245061797	-0.18150963996579236	-0.6051749333388288	0.2602762271192871	0.5467662517644892	-0.5718001333736169	-0.3363088855570555	0.9080705582521541	-0.24817122591094898	-0.32123385270700805	0.15906724530003116	-0.4312774441055251	0.1879115173483437	2.588083590528063	-0.06589878825201995	-0.8505849489559668	-0.9192506265978027	3.274023532916404	-0.6327340750523242	-1.704249397933214	-1.0059505251166652	1.1204265677607075	0.9278461288456408	-0.05086814481915743	-1.9376525219609324	-0.24950349442645958	-0.957418791736066	-0.14336007707972517	0.9689801804276873	-0.10049383531494901	0.6575442073084437	-0.20196166877357585	-0.3912081162383017	-0.45841499532129154	-1.0053870475776288	-0.2268112337343253	0.3622711189041514	-1.4781921182570592	-1.225284547359877	-0.11470168663415725	-0.9534045370595292	-0.29560894728886083	0.6773208675045523	-1.0593388485900255	0.019336835033422102	0.5357623806598424	-1.9039232609435455	1.152435197202635	-1.076724081362639	0.4185869884626154	-0.5324931728341303	-0.6709824678941344	-0.32688545015414217	2.8654953949711044	0.05441361062409488	1.8556468802423034	-0.3187273706339372	0.11205386446533286	-0.7001708283832161	0.4475390624936912	-0.452761293320705	-0.3712631325327813	0.2867640512351042	-0.7896854974527585	0.05348121394786266	0.21722282291209735	-1.343473627551125	0.2688804798009991	0.7819198165861184	0.30175165756579025	0.27284218557921625	-0.2242600321569228	1.239704162396692	-0.2017470860047169	0.309315866353731	0.10590172841947791	-0.6273023896170274	0.6303562846464966	0.24708714777227522	0.1744255703789001	0.23030535142037903	-0.22564855846590703
DTXSID3048992	24.509061421504644	5.078140182563762	-8.543258024153406	1.4927416453610542	15.09374554877695	-9.905576878193196	0.5851312748749194	9.406045876115286	1.1558758475797697	1.0812126427479591	-0.6246886784285378	-4.251786017877643	5.196738944348394	-0.7738896900824814	-2.077446586795424	3.1468656793786915	-1.2164833706362848	1.465445869683661	2.2931175446261265	-4.377729078677661	1.512354593390264	1.0429317032374237	1.7370263460278759	0.030413931923964077	-0.9410247365011457	0.024796116988043095	-0.08844012856708927	-0.3797761662283729	-3.8121034725935825	5.5228069175987695	-3.08773174435841	0.02755978741311486	-5.032501470238047	3.7689116477351714	1.5850599455190169	0.764886333870871	-1.153901162914977	-2.904719411595786	0.6256363038273074	-3.338966875905453	4.816698220326897	-1.105594043738918	-2.820533886712344	2.3639493595886396	2.043917344159557	1.7246488230138919	-2.285044063570372	-1.6749878312108657	7.951877322089352	4.668874102102497	2.074040002593836	1.0155677033049177	-3.8553254894619418	2.50181582671734	-2.1243868893020363	1.9080267441784269	3.337930486757928	0.1125724074013917	-3.939458486819591	-3.544572331989092	0.7499472478358603	4.622612176766379	1.4982470421862961	0.11111298732250341	-2.605737886839631	1.5098310941112958	-4.830388664844288	-0.3144755774077444	0.694031216599297	1.2333390458844677	-0.6137662394165077	0.5326723961366631	-5.724659195227059	1.14432016567839	0.6468805363612413	-0.16941887188075042	-2.526389130450777	-3.562721086834719	0.6736912749349963	-1.0363117622396312	-0.41873607825846	-1.2933857535856395	3.261719233648261	-2.185796547067352	-2.3168557841463877	-1.0991623903914889	-0.4169906828363229	-0.8332807153956854	0.2597377503031185	-0.16489015738175353	-0.901348443041549	-0.751430059814866	1.6524849688795669	-1.2554325256900962	-0.0729540107098363	-0.239341979650519	1.9008397605218603	-0.16746691842895614	0.3429411536681509	-0.34404636671167954
DTXSID7045865	2.0276530018805277	3.9521348948013926	-2.586753735626131	2.0247011044565557	1.289203024550556	-1.1946987146795185	-4.498799382803776	-1.4359470243686498	-0.5502658993568057	-1.8552563016901156	-4.712179269908454	-0.8789228482377003	4.0107258172294875	1.599412735854846	-0.42308646885502127	-0.4412325317779816	-1.0819828791750532	-0.24277172696799704	0.07260780980443222	0.7380592090538906	0.7901764530770601	0.8160724629969772	0.4006024942548659	0.23174747358903502	0.47458919383604997	-0.21875824237577818	0.6547538703857975	0.2735515318248078	-0.23716698443277884	0.4471790240861368	-0.3359680519307723	-1.0426818632535182	0.30540367626703085	-0.6099624677103457	0.03843692983090521	0.36165337467405967	-1.2238348585111054	-0.797125546518012	-0.19280885784740773	-0.5840183190701768	0.77907852798804	0.8021104316742057	-0.4500511110062067	0.7210426133415635	0.6064204413330881	-0.05641445840362115	0.5029323033036168	0.05512008724795185	-0.24836472191023976	0.5048759478093953	-0.04445941895175011	-0.31766019753900804	0.5459448664418926	0.4416238410251439	-0.6536230794948974	0.5192838924730371	0.04134228102476833	0.30910772314204343	-0.6001986908179888	0.6575017525500306	-1.0763494063717323	-0.21487187109557934	0.6925410182229819	0.344401143435211	-0.33641331945289327	-1.0890243381904134	-0.5432624908483965	0.039648218710915985	-0.6949601892187014	-0.10205649126374024	-0.3661469623616198	0.7460292254141532	-0.194783213086169	-0.028569806710070672	-1.1188303959006938	-0.16564879234957489	-0.9553228237477543	-0.32056755078509425	0.32047251658687337	-0.6515923610357948	-0.03426860246851947	-0.24450202643628807	0.8977924294703026	-0.01613418450866939	-0.5241627328278168	0.235506875803829	0.4550487996151078	-0.5379173164628946	-0.41541675795354005	-0.014955482771413928	0.5367623172528495	-0.3781825248547532	0.08219391298774414	0.5290141346237087	0.07628940557769262	0.13516564964171784	0.02298208384425262	0.0928868232462162	0.34032196803452014	-0.038236738683046265
DTXSID4022153	4.491711819226675	0.33285180521283614	6.309310145428128	-6.465452915364293	-1.9451602165471842	0.2680876470705601	0.7195344804279711	0.6060609743350088	-0.472604621501256	1.6643504585384392	-0.6754109624319409	-0.9084999396387528	-0.3144768519233515	-4.303922884054537	-0.41275164166281225	-0.466801963518958	-0.008963903045229486	0.7981201273815913	0.25585871728755677	-0.7956894548483224	1.0991508594797872	-0.8468228840312695	-1.998719711348495	-3.0826819491885717	0.8544149056202556	-1.4500474591829993	-1.786827696614819	-2.2720208682598373	-0.2157822155641417	1.552119663083617	1.6577660306733226	-5.38870124235173	-1.0069351967054245	2.191612023210846	-3.603355493815075	0.5700160069219344	-1.5050015786296715	0.43187434586609486	-0.34146167008070566	-0.5149480561738627	-0.6588580145862638	0.08321201729562833	-1.4064493985312947	-1.3498959159656498	1.476550447470376	-0.20745432738613934	0.3501640475410244	1.3204619902577508	-1.3234510563236965	-1.221015266803377	-0.941333465509418	-0.4189821973944284	-1.7711189148674984	-0.1290142713282193	0.021495668646322286	-0.7446240186536055	0.2813652236990924	-0.10782702127604	0.6346531231644283	0.16197006462431796	3.0998045250793353	-0.1560218881042872	0.21354090766837816	1.6773889264721042	0.9002528244792831	0.6609390124017961	-2.0583715874487303	-0.4064726508732461	1.0346142829760407	-3.0795518678443226	-2.082480725277474	0.27330599330894756	-1.0750090805207133	-1.524403121730389	0.2503697161841205	-0.2831426068223422	-3.9076022977681317	-0.772945707147107	0.5718741299182301	-2.7479273558323656	0.2689085097771803	1.455823454650472	-1.7640428417093732	0.5876345567308228	0.621842600122357	-0.07190081688111072	1.9596551639101618	0.805518756352987	-1.1321232283641454	0.007853948675223509	0.26087158313038833	1.3349307983348178	0.11324216297736735	0.6278419301359983	-0.8933997900937904	-0.09267218942194025	-0.5032095004902543	0.13366917071874182	1.413777968532548	0.06645025930248769
DTXSID5027487	-3.4812808028868902	-2.2837415166116735	0.5128957011458946	-2.2906158326610386	-1.3301050357599986	1.5435407107265187	0.08572455803388426	2.067231631413138	-0.9522333372186598	0.29694661747898743	-0.9274445424011057	0.49882067098544863	-0.27238344705523987	0.38844498625606433	0.34148311678383136	-0.39218852865931886	0.2838862731243553	0.930513448739191	-0.1342168097861894	-1.112226364162772	0.8934792302743968	-0.6175315860320418	-0.44387113191721034	-0.22625067944821411	0.7183598935522888	0.11456365887023183	-0.7101112237015862	-0.21668104113852538	-0.3288912393864867	0.06788370157842263	0.5146022567176318	0.34797106458229754	-0.1400593176421509	0.31913133637041413	0.24343142640872845	0.113454981944894	0.012118187617315528	0.2291458298794732	-0.039939100257105314	0.3613014939103003	-0.452639243645821	-0.2093838334815079	-0.05320967644477251	-0.2172919099812473	0.13892657022733415	-0.2648471061703302	-0.059264149635543224	-0.5285832872138888	0.09332060193247883	-0.1649806944186571	0.05247954175487932	-0.34149183030959657	0.35497708236918263	-0.4651403036781846	-0.04945965262538572	-0.2513952890900523	-0.09484224418629707	-0.11351316382732046	0.47963613269633654	0.1312734643069377	0.335918287438998	0.2794782775124982	-0.16256152858956058	0.4453880223335964	0.09279884291875316	-0.19846210498015637	0.3084143405752192	-0.5351470932209705	-0.2822047839619245	0.018009393383893957	-0.026388025005658594	0.27998681894258537	-0.18977986471045408	-0.06608140313463362	0.4549452782060622	-0.09625973509727502	-0.5262213286340786	1.4847648226172008	-0.19861075253793706	-0.13221279199709765	-0.8708340226159218	-0.5391413923493695	-0.3219679982627648	0.06286897015704077	0.5964483956112944	-0.054446389169553945	-0.5003449168133801	-0.9315623060349709	0.7641751337313066	0.3972646111511878	-0.13062239854021282	-0.5731579229861683	0.2271590893008731	-0.08424590518195897	-0.13683543635337195	1.4340527209273246	0.1203052946215964	-0.21225967975643723	-0.163622282300548	0.6243512429004893
DTXSID7041889	-1.056516780021024	4.7849851995038675	-1.0501416119815552	0.4793927528303793	-2.3391998253810407	0.4725374941101289	-2.9310260493203097	-1.031787730303621	0.8968899880251341	-1.5207415990633177	-0.6188602514658327	-0.7334617665693565	-0.47260126214759246	0.2772708954875952	-0.5947677281785115	0.9528178346037475	1.0846969414557113	1.5258313383993904	0.7306589179578183	0.5664363666799758	-0.02576924039411329	-0.16009841907338263	-1.5414109345835354	1.3389483435368508	0.1585727518675757	-0.04210565239793185	1.1572253624695765	-0.22726667152247182	0.39549056597755156	1.0278923388145227	-0.09761644971167717	-2.3396484820052974	-1.068789846303427	0.047875967342487995	0.9931751313726758	0.5019172233174011	0.5561939840066374	-0.978606578821741	-0.1761753539954841	-0.424485926111783	-0.03413813523601063	-0.11869380474493059	0.11497570453419773	-0.38112283455132573	0.6976962596987619	-0.6923067957098644	0.11591102799064815	-0.24922759810632686	-0.17257998520995246	0.14078328889713035	-0.05137918891941477	-0.45560875992788313	0.4339043869456955	-0.2777837679153347	-0.8428092873789064	0.793308540701098	-0.29193959858767865	-0.3551529038459078	0.6971574889149759	1.0929160964711007	-1.6788447835873157	-0.6090311012373674	1.3448837762750767	0.07760073472338719	-0.01882821667228447	0.7162201081178001	-0.644169318786292	-0.5871477097794646	-1.7643561751977765	-0.4937280703452339	0.48371313169156	0.271280759812654	0.1238885209249339	-1.050925516002915	0.0978242766040464	-0.0961448111341514	-0.5478004057708635	0.24109050727777745	0.41043775611705924	0.21559505565954448	-0.15078811820155863	-0.12496556351466609	0.18460257117696305	0.42866359222118555	0.1995698118587195	-0.0943112335723108	-0.9982274714522588	0.2608624857100044	0.655961700186007	0.2670602564916522	0.3587736115672966	0.054929474493072124	0.13556894213927553	0.5171302746671332	0.5191617764918863	0.06415026469302323	0.058844037700876005	0.37307159705792925	-0.17000578536828231	-0.036044945925833835
DTXSID8022080	-1.4263504380424685	2.478151954600297	-0.15157373462928575	-0.8289232372279176	-3.2618082982268115	4.184107575558845	-1.6126072380662482	0.7595802155041089	-2.3716320371633883	0.28332479367635666	-3.8077203988046273	-0.37800386586099827	3.9997941458508883	-1.9038983185028058	1.0817610567079068	-0.5076208107983993	-1.9370372844970836	-0.48527232114432906	-0.7255782712295924	-0.621188759707909	0.4319688390740003	0.4070526175225482	0.7837966300064231	-1.1464847447838438	1.1628071138506577	-0.47547911883437766	-0.8432117165542549	0.6519480128070899	-0.8822225432386372	0.14457838433068293	-0.9013489350931273	0.5679093445833063	1.2147857171960539	0.40982642877058856	-0.19206544009841076	-0.21048849569389907	-0.7774873634812139	-0.5921129028019582	0.14523433042200531	-0.8513698614699899	0.20506906992749852	0.45725641156076813	0.1367486334027482	-0.02324125680608307	0.18504118417819201	-0.37140178408944763	-0.40682915764659144	0.5013072333183852	0.0014450364754081955	0.3098960202494916	-0.010278385128232868	-0.24457914021941426	0.6771061929979733	0.1951689804137951	0.5785660639123029	0.19558417729715266	0.9364083023340211	-0.08313461544158597	0.11206683192844852	0.4842704038535609	-0.465889195628996	0.12300142310711432	-0.6155509143443859	-0.23220538390755646	0.15537041415597003	-0.42068180235790986	0.9303053042019492	0.5104521355756005	-0.4216405432597464	0.017929605738178887	-1.0300587549631535	0.24206444427703847	-0.8290293157088163	0.12445264278535789	-1.2328671554843156	-0.14237960143695302	-0.8823742396446789	0.19189509501938512	-2.1736501271253243	0.762194231396665	-1.4944365118606626	-2.5202510247627936	-1.83232699685283	-1.0439606053898207	0.6458788046941479	1.7890963891103673	-0.5384931371483439	-0.640099387748867	-0.08739468721533257	0.1984146988770338	0.417529543345075	0.7587729514789163	-0.1681641894210026	-1.288859263110486	2.4372523506893122	0.14650972049232427	0.6586202037628691	0.8897599464843634	-0.41176768711140405	-0.06684209122172426
DTXSID9023837	-5.697554490717308	-4.015549888503276	-2.592551242279283	-2.7464761857946702	0.05109952762345777	0.8990969426632309	-1.749833034937559	-1.4435503184808034	-1.068456320041171	1.0936745794132567	-1.6236212371369445	-2.1102384223115416	-3.0540011841414465	-2.6154688045613863	0.7011866567623527	1.2685230560815919	-0.6983932514109743	-1.1735082503393743	0.27595377858167686	0.7058914929762189	-0.7992759259977905	0.23893870218686336	-1.6469826454225085	-0.10138819523714221	-0.08763861670473942	-0.5834095417652231	0.814846099856928	-1.4552066860434931	0.2550304626911038	0.3843872640440475	-0.10440055513742062	-0.8607684300249775	0.5878995443106334	-0.26022123611308434	1.2615825121338826	0.24219090302713872	-0.3523548586403379	-0.5714390234547164	0.3029976497314857	0.66035665577756	0.47731077417692863	0.8187483129547906	0.04967008783331679	1.0020521270867682	0.4217475063972962	0.5078052983679093	-0.7185412673690058	-0.17962685417994576	-0.036124734645143035	0.6926342991873496	0.37861650897449955	-0.3921169750677481	0.6630802025454533	0.4840977514215287	-0.4314019889433363	0.5398169087367718	0.15692546238692953	0.46640300026557696	0.2627960774825451	0.8173176324405089	-0.7788931764101891	0.9033316851822514	0.0153663899604131	0.48377666342735604	-0.052109200610433365	-0.37280316786825035	-1.1484152803727392	0.20986356116055221	0.09539769683212837	0.326906543406125	0.4220076411250733	0.49233558381469555	-0.44974447551119306	1.248630512202976	0.5179835898884207	-0.06539675826962636	-0.03073725177036052	-1.1972641426517014	-0.4411808861421113	-0.10715833043521654	0.9862052350981929	-0.3315878070348617	-0.10900638834421343	-0.3894541554229183	-0.8555245697477825	-0.14867066222938274	-0.5418653299406566	0.001563166906954964	0.18789134251683837	0.09014740856665171	-1.089290155044524	-0.25548942389756535	-0.7134561479499734	-0.47365930582069815	-0.4860681527983758	0.6451418193007996	-0.43292922540261103	-0.04887433917943673	-0.09222699333520692	-0.3436908485896362
DTXSID4045769	5.973721069336373	1.4245810901356761	-0.5727203638883474	0.8800565428849009	-0.7413585580454021	-1.012283843259063	0.047116052728818004	1.823923607095269	-1.2798256563940194	-1.2210594990294854	-5.911288799419494	0.8664108921073458	5.131968421165179	1.9463924434386377	4.323086121735986	-1.0057092425462466	-3.3772160305398464	-0.0445432627330724	0.05725567790245175	1.534084531500025	2.088324057992273	-0.5710584684888291	2.449040244683662	1.3187642993251603	-0.4077111475332907	0.24075386990998418	0.6011012569858769	0.09166015225231869	-1.5327109677033233	-0.9248490333182551	-0.8676236516220616	-0.572511458875861	1.7608190543751072	1.1777219700426245	1.3357495759190217	-0.39630391598751386	-0.7344297867879694	-0.2815823908197303	-0.5516592198718376	0.5964650974957887	0.14838879922593584	0.49027573683580766	-0.03245645638453457	-1.0114992585395204	-0.15695251498878834	0.10371478910517117	-0.10963573716434634	-0.6638084667229791	0.05373456705170373	-0.6008293054235667	0.03937789556954984	-0.24901045057997837	0.19546137912162548	0.16706511905556534	0.8947182556661913	-0.13576973589011637	0.02938124221342464	1.3956525262624495	0.006136789464929937	-0.5627082491605334	0.3788735422094266	0.24247064845822303	-1.2237333551959233	-0.8487293709246638	0.3729278103423435	0.2699548898236752	0.1446735064664704	-0.45952854122243436	0.9797776567323075	-0.5398371786796129	1.8027421123827974	-0.0996826760540256	-1.4228450960513184	-1.4186092588967754	0.8010172588731803	-0.3352550671412045	0.1710475612148461	0.8271994906356321	2.155823100379835	0.733985508011802	0.31315700768333976	0.7945107066640273	-0.05730409110461706	1.2333579569053472	-0.5611914243949006	3.5663468138188303	-0.12800070085404494	1.9022374919139662	-1.6259818696557873	1.7649385593889626	-0.1246313082932698	2.102237535881613	-0.04060739646464565	-1.0252360258647204	0.08458249062877086	1.4465966915947241	0.5640254976627911	0.17589544818215092	-0.24965514114868473	-0.2080090304048856
DTXSID9051824	-5.12034407302032	0.711158588851491	-1.7560857550796845	2.331858810911123	-0.989742260805373	0.10427871866418525	-0.5146306347575994	-1.1738681324198688	-0.02169809928762878	2.5274829217123975	0.2744256748778988	0.7055707747199251	0.4378904467005619	2.501275915309993	-0.1452549541689964	2.2184939140264475	3.3979887513896507	-2.2426708016558106	1.3787242524608863	2.4019407795873615	-0.8520986058348418	-0.9187945251492958	-0.7082579382632791	0.0812968700706044	-0.7243625756100274	0.6200771634005233	-0.8282678304034938	-0.8314740730618839	-1.2943481389115576	1.2353617838376374	1.0707401104308234	-0.2562493034902141	0.22626714516333993	-0.7849413683470529	-0.29148981379614913	-0.32136731237300603	-0.6730068710432938	0.8805604765594338	-0.319907388614848	0.6570306342453316	0.5244647345407529	-0.16783851970150382	-0.6196889203838624	0.3082359141712317	0.9351676667881876	-1.5762393123374554	0.09116000391786672	0.03468529756064099	-0.03747272485522336	-0.3315284042915828	-0.019592906253793996	-0.3335644793690673	-0.3809016458087599	-0.025198723091005307	-1.390852399295056	0.8100141502532056	0.11190610129760403	0.1937477463859507	0.7572604025298714	0.04252349165115638	0.16046121336633357	-1.4190718740983683	-0.22165737808021857	0.6214388326388555	-0.0010493047079635112	-1.0013593510966965	-0.19227001541332625	0.4276965887471621	-0.6500528023549755	0.5778018849410879	-1.1456276135241918	0.08903324545782293	-0.7651307419633483	-1.7710985917679671	-0.41927840117395143	-0.5962516968305477	0.330833028229016	-0.6297167360802187	0.1703790499600191	-0.0780733699418014	0.144364485945658	-0.46585583743077313	0.1828564467133881	-0.04237309295179281	0.1376928938220293	-0.3057519012334294	-0.3855175097828178	0.23401973842714405	0.3474834678892332	0.33888943112618986	-0.17341793655424337	0.4280945864281743	0.07434657603182582	0.11149075341004122	0.19106331122907655	-0.03287664584318996	0.2886726540539398	-0.045121032662978004	0.23805690024841986	0.20889073855736645
DTXSID3020332	-0.4272473717808114	-4.864269298484868	-4.056737034606768	-1.8854217831158642	3.361784601243747	-1.698680622115067	-5.212565137540226	0.17531301575478783	-4.252381004113352	-0.5621695301589137	8.611476716874282	-2.849933588963344	4.3843326573685495	-1.2353543640145117	2.9719342210736928	-1.8019633217512394	0.9076931706361714	1.3063788169541417	0.15209900425415818	0.7546244142201217	0.26287433906617946	0.8521516482135617	-1.5817684801360121	-1.009725493583359	0.956296088413635	0.8403486395593177	-0.22573416408354646	0.07797105400176915	-0.7191987247462271	0.48829836006381805	-0.7957228072154577	1.2916621716023047	0.20348284930398103	1.4152992276912466	0.7023965390155918	-1.2259914227907907	1.3256343670838087	-0.27548790071768275	1.2140175479521849	0.36666824963473826	-1.2706849839673524	-0.3670494179543314	-1.350730116965924	-0.04621308546954508	0.17060083267929307	-0.05752416483721773	0.7436285072322041	-1.1385486598105616	0.17704130550880767	-0.045057311115217234	0.012198018377352274	-0.4485277602718041	-0.05831803843310415	-0.5704761161865846	0.5918542481381124	-0.4217591464720952	0.24251461003536842	-2.0260025767744727	-0.3163911378463444	0.7135861863376253	-0.811444234616356	-1.0159813352952098	0.9046078626037259	0.8264613035930334	-0.11960517908816708	0.23159182265863218	-1.1409627691946704	0.08219911567038593	0.31749877043183905	-0.13507625560210146	0.5662812130116637	0.313590734701506	0.3076865912875762	-0.3812225878930308	-0.47159444012614204	-0.2554889934841089	-0.06481109684014737	-0.3042267476681483	-0.29092413610111933	-0.45153476780199725	0.21534947486985476	-0.2080016005413481	-0.5516343263302436	0.21553869719449556	1.0278602546911393	0.4358907513059563	0.19242913042021187	0.07924750731755778	-0.0016051721466908454	0.44403433188116315	-0.3436390166473158	-0.16565341231553085	-0.44651265405824764	-0.07219595955870915	-0.09192659889256598	0.34659862091073407	-0.6517853159314991	-0.27329977654948884	-0.2143756708209465	0.2990557698045673
DTXSID3047639	-2.703755663269862	-1.8839605032603597	2.40637103829724	-1.4657863453003972	0.2069263569573026	-2.12838494221814	-0.25705199671898044	-0.6489465405571802	-0.5312250436080779	-1.2464663094700803	-0.9856152261411864	0.7165792674299561	0.1849110274628061	0.9457177213755815	-0.6856201930389862	-0.6336098999844277	0.47276822693322684	-1.047027283864388	0.8914543445942302	-0.08054693050981819	-0.0866419227510876	-0.21054411744372573	-0.35124949091823	0.5064019145024429	-0.3531235561374535	-0.5143957804811103	0.4057762941239707	1.1014383891249007	-0.13739820928105242	0.7661609630209043	0.18395853257781603	-0.7505056580629829	1.432887943531366	-0.26695949509054406	0.40126808496523314	-0.7270409834934867	0.17091207779516698	-0.6587174712687208	0.8952047237097492	0.16326712844483912	-0.13011387389063078	0.2864132625825189	-0.3773994025384121	0.1494560740740541	-0.5432976065261643	-0.26882917413741436	0.18959222903012785	-0.14511385548358136	-0.15254734614307883	-0.4376030743799963	0.22630248695228428	0.01619164127156243	-0.24712342885398947	0.10534780151786387	0.7710401603950885	-0.5654225897871847	0.36500336318334214	-0.018343869792517464	0.5569384964826709	-0.3941985675288309	0.4917514131646894	0.15520381599176317	-0.5358250421178199	-0.9796800923796338	0.06952902939441787	0.44870875438805014	0.5477639409366115	0.18810667600325678	0.4623731484231751	0.5467916681708562	0.0695735864752449	-0.2738875275924709	0.21037298541383517	-0.3064696410176945	-0.9999978425659614	-0.3571730425449933	-0.5227500561232677	-0.9820046986680409	-0.1083429098875973	-0.0700275828330469	-0.005793918989325232	0.07822162200633805	0.3162149325149304	-0.3996175351801089	-0.23640537013324464	-0.2485388021661574	0.13109132958962996	0.06790285539546373	-0.807882477899183	0.18342260080810863	-0.13162496110548644	0.3593526109073021	0.4235842976329969	0.20410493892389475	-0.3482894050719103	-0.36592609951565336	-0.7898472980007235	0.5335125403010512	-1.3911825851687785	-0.5748052241851493
DTXSID0037730	-0.515749412534997	2.610883095590658	-3.314121787493666	2.299604333031468	-1.4149460160730136	0.5229937019901667	-5.864433831677255	-4.400994127089552	-3.6176083106409433	-2.1937748139524937	-3.12109888917823	-1.7747266225605793	8.01129127501648	-0.5572597336045302	1.542515711876765	-1.9260750035539682	-1.7777148951542519	-0.04927469440903753	-0.571237506751864	1.2864185618452786	0.9187328289821157	1.348970539855403	-0.3063431262132628	-0.2761969780966552	0.597969982708817	0.7308728227029799	0.013985894706837615	1.1200919852936886	-0.0073657902848996894	-0.5901068070133799	0.2447568539036376	0.14211872948722157	-0.47601484911718983	-0.997123158191164	-0.9416633283994374	0.39096698883883396	-1.5083192998226937	0.6684947283538367	-0.7779633518789582	-0.2373017892543428	0.5053741959261244	0.25665406735716073	1.028206494770839	-0.10934232660038684	-0.16641948091781997	0.20017649703095716	-0.4194109377427716	0.8363717199283393	-0.20367618813171487	0.10800875057233517	0.1994752695676785	0.5642399795385523	0.28319654774336717	1.024901636903671	0.05454095570374049	0.26522918056065053	-0.08451591903234106	1.495180521702247	0.09075045929790376	-0.3392736390553518	0.8693515122504476	1.3569662355348155	-0.8005892660404325	0.25117337459809236	0.31241743472711336	-0.6931805638535299	0.48620063468693736	-1.1485023575460764	-0.6020509718353338	0.683244936001616	-0.29443166247277763	-0.7259296269175033	0.5040623350459108	-0.4446813804258877	0.3926138626686376	-0.05420396044206859	-0.4220997906626354	-0.7244188297435639	0.3061282228505728	-0.4828379171613464	0.03766199650438135	-0.43591537091514915	0.32200475054435507	-0.5419946428584873	-0.22132436840651307	-0.3298136573747911	-0.021827411997312408	0.3491517903735331	-0.3989265940261757	-0.0719064464265239	0.03571995280248342	0.07166647068729848	0.25861587218268706	0.3813760413994513	-0.7360493677263567	-0.18439338146076512	0.8885746565031508	0.9809651412579534	0.2796182256517615	-0.19194206216604104
DTXSID1026619	-3.93858213445059	0.5518338902570891	-0.8568059277259774	-0.5014535738518683	-0.32023680946454924	1.399299540908697	-0.9379932910994139	-0.08065424519304124	0.5294690962614653	-0.6084619201322152	0.09847445742698098	0.28217236891619296	-0.9221360776730549	-0.7989797165823589	-0.4508847746794149	-0.22472817911797388	0.5328210893445244	0.32315764074260084	-0.5446951675269612	-0.3525810823748985	1.0727788587215188	-0.34594500925192667	-0.5544877449233078	0.2438931953582465	0.3472819445574187	-0.16193091571509546	-0.07423760169003665	0.4519508737991801	0.02667523555420998	0.0398669172639284	1.031064864258992	-0.11004871731086914	0.15255592103788562	-0.12100500529684595	-0.12145341228631265	-0.2525434953289723	-0.7157321368635455	-0.2451746695177559	-0.1351041085785138	0.425012507645866	-0.034700895023993254	-0.1565171156266114	-0.061683828829592634	0.25437167507877595	-0.21665301177216334	0.05159663161088155	0.17481890059120506	-0.3645724694548147	-0.2170687315721137	-0.2758651442850598	-0.13104636364846314	-0.40028375293419166	0.06004667771824457	-0.14530395213082878	0.004887146342290323	-0.32525594094267407	-0.0678098298846731	0.22853847785692896	-0.4682492161650639	-0.4721200026549514	0.179871997134113	-0.07908823543126416	-0.21974583505892956	0.7605875209636408	0.22723641589760663	-0.3555322857169166	-0.10662755138596806	0.18423528813891696	-0.8185053557370623	-1.1179316127214776	0.19747321573027166	-0.1523866575475334	0.2224467453465484	-0.3851066481935989	0.100585513297712	-0.3567446159720865	0.3752030714431217	0.28307290039326666	0.050133408507370435	0.3613494270897056	-1.0410275566245117	-0.5921474381844857	-0.08821334717047241	-0.7704253310234515	0.04037577544014261	-0.2754252253898969	-0.27477782218190483	-0.6092058816651545	0.3556998368959616	0.13640106974872096	-0.5960395036102528	-0.5106388605544219	-0.30764789796336	0.03696052067092277	-0.3631085925852561	0.9628912602858914	-0.5654116691212457	0.47957961562895307	-0.5498744333663754	-0.8029049691730713
DTXSID6046719	22.592156174510688	19.800848225352095	-11.371276745704066	6.115308495069258	0.6941712768013235	-4.56987867716182	6.171258050825151	-6.23197227395889	-6.075375729534461	-5.202989606986934	-0.176392588134346	12.480721906303897	-2.3609869118160853	-0.8446284356939933	2.126952269328818	3.366561535470961	-7.110978265515396	-0.0028762653615291693	5.540932696256374	0.9466107993927192	-7.96506739842436	-1.053995107447319	-9.927791384838379	0.5714086078250837	-3.9473329807645126	-0.45614362881155734	1.4200239935726247	-2.550825315411427	3.545423092521464	0.5330217372341318	2.7492739470412597	-6.2823287395065455	-1.549076584243691	-2.536911260076301	1.6119342067477143	-7.671156002878696	6.747070843849666	-4.453975657412156	-7.449963926414816	-4.091949558735585	4.540554480833148	10.636747929816474	-14.488953895585302	-7.126548226430232	4.612005860636896	3.3771361224392753	-20.981824131055607	-25.2187036635707	2.0931742432465406	-11.699614648401393	-17.384324991030443	28.74745227277836	20.41353945841406	4.623340239964103	15.105986440814302	11.990795608341983	-10.69293066508956	-14.659444659749838	0.2459735139447429	-8.389015422279734	8.654017213575086	0.8687039511709131	3.6388569830848425	-1.6808971492717417	-2.3918352509220484	-0.9802272233323609	6.868224737352581	0.33113522299823583	-4.720072668859471	1.6659485840186934	-1.7642239793873853	-2.2520205274598766	-1.2615443401779483	-2.006239144836612	6.272188580970527	-0.15733481116354073	-1.8454163549518638	-4.0671394774492065	-3.17857177922425	-3.6208771135589206	-0.21770457985982777	-1.9591977142585093	2.2565449912214297	3.550678679971692	-1.8887678316096166	1.7624227128860759	4.783443689964062	-3.0814038361385343	-2.1587225775987933	0.39599291281409427	-0.2972082274097673	-0.8065283386643524	0.7149161748816947	0.6629707339078588	0.917672704076942	2.0582477778467125	-0.36378489128860075	0.2609298435672885	-2.9390592251821066	0.5365457683627343
DTXSID2044973	-1.7141811383320782	-2.195842990254179	3.341750014443437	-1.4338277118850027	0.594991659967372	-1.343766631116465	-0.3955918448410821	-0.14383730024686311	-0.08633356340394541	-0.6869937227713548	-0.7321875820970001	0.14282739939353326	-0.31875406610527246	0.8539802467641747	-0.00021853276825348856	-0.27895687819917075	0.6653490576539433	-0.17631285491952878	0.892264852343759	-1.068264639710597	-0.11190119795638434	-0.02237729265243817	0.9191615520751425	-0.38307180562311294	0.41325584431155155	0.3572463117463338	-0.6217352775036411	-0.4821536320745313	0.11775962402290018	-0.6751522714126761	-0.992831285585609	-0.034993534199432685	-0.3807992025956208	-0.05752270709823105	0.2498609839131389	0.2878082498225768	0.29938699916962747	0.6544461439143392	-0.5396765229562758	-0.13359619040621828	0.10365055854918276	-0.07760538274308755	-0.08434038005284109	-0.49127414465381997	-0.035787032178066454	-0.1687862364410994	-0.35601273465103156	-0.4108769720706587	0.11513685407947208	-0.15697975158362537	0.0887232048963749	-0.13156032288806305	0.2279077837663982	-0.35856135790747595	-0.21067733777496195	-0.1238025972097379	0.08934634963716706	0.1295519656220864	0.6121073573859104	0.2957330515484037	-0.08785580554654782	0.19785183765322406	0.22017497375416836	-0.5445207963667931	-0.11671522210893993	0.034458092974853013	-0.07770715728682265	-0.19399101654087234	0.8484872595450755	0.5597276618902678	0.5598463474487854	-0.25786817140906676	0.8247659071797675	0.022023000451560155	-0.8043077466138111	-0.41141904557894393	0.04489226293846656	-0.08923162607218901	-0.05347631211963507	-0.0887832932119124	-0.7527476102623931	-0.3290490309695488	-0.22186092230371407	-0.028971553894404846	-0.2896493469786155	0.5855000271171483	0.6217428436414001	-0.28181331198821774	-0.023432515171782905	-0.4736789013498554	0.147321014918705	-0.33087623565338103	0.1749538890194486	-0.10005017231072061	-0.43062033476350525	-0.22132900430065355	-0.020221897786179947	-0.14133369769043883	0.0025048300366836748	0.06636894685148224
DTXSID0046808	11.638268361909496	-2.255622873372165	7.980987303158994	6.12167999734589	-1.1052201411474807	3.1573368356636027	2.750673670906308	-1.518882778475381	0.3348542263956529	0.8848521533235847	-0.5904539812202437	-0.35388210377023	-0.9453125287906388	-0.6230298226828528	2.5383721120786933	-2.5854036203323347	1.2904969092988192	-0.43436510999885025	4.053133367421031	-0.07804742663328179	-0.17080497807540587	0.7074838751008438	-2.751565851430492	1.226938094776585	1.2404609815837842	-1.2144216462173663	-0.1683409671292639	0.5168306018263835	1.2450519200491206	-0.0029822840135948353	1.780130798539596	0.1837563947524943	-2.7324215005515384	0.6685219235334605	-0.20889865657684567	1.5938209821199565	-1.2014643713165656	1.3048768948476352	-0.003255696166340936	1.3166079679120584	-1.6455650021837198	1.133029590892816	1.0455178444629958	3.1237239473097116	-1.2124374139155667	1.1068337176330287	-1.0686099965163725	0.6436488082723475	-0.49648790412386895	-0.20223602756691744	0.051907471669048195	1.5584155930906354	-0.2119595257117188	2.3442847794867028	-0.40821185122153403	1.5075559504449179	2.272703771607619	1.0397357041718018	-2.2603695684698066	-0.48737112737118743	-1.0749795786568659	-2.3683878231036957	-0.08030464408002241	3.945046097961229	0.48967786232369204	2.3727576949469307	0.6840603561592259	1.3715690407569068	-0.5668906766508562	-0.5578755569503443	-0.25229611907980026	0.5370284767177749	0.5671493964731721	0.6969266484716915	-0.38385632744376597	-0.41535988603615864	0.7588993827533969	0.6950484655643532	0.5898773920516447	-0.2157822718947187	-0.2239445084467741	0.6253275360513969	-0.9401944664936503	-0.009981779266995106	0.21336815058712885	0.8620340253216798	-0.004856590832695673	-0.49599720268453545	-0.41720311941235966	0.5264533900996888	0.5647773638908746	-0.23127655669771152	-0.24003179499245425	0.5191608891906606	1.2795267336279297	0.5401112770764466	-0.4378386851775422	-0.40539643888924226	-1.204334597381345	0.6277817774120887
DTXSID2026151	14.11904319554508	2.26035833495089	7.494032713269217	-2.443110515684986	0.4360935632160444	-4.029307776316445	-0.7343594288716935	-1.114419205626274	-1.9487598262492478	0.5641920099352888	0.8412980160680786	0.7634743046663314	2.994982053767052	0.06805071019046162	1.4069615123029258	-1.8279080098958393	1.5791572425834874	-0.028655620899643814	2.670658677284923	-1.1428509565549037	-0.9949980131631205	-0.048039759075313125	0.7694389063797674	-0.2760905783609619	0.9190383442391913	-0.5782512932422605	-1.294790498920767	-1.6840800400723777	-0.2652482683934943	0.4131451408147507	-1.489055257222077	-0.7652589995510706	1.1166740338394112	1.2014448749616782	1.1166950479107902	-0.4107872232579217	2.331604034064795	-0.43088732884102776	0.1661876664730007	-0.34401190894935696	-0.03759306348721241	-0.574881705206667	-0.3128686529315208	-1.651637485391856	-0.1395720461334322	-0.39458715988167886	-1.3871662977088932	0.334014529390873	0.03767131222507627	-0.03014852227333629	0.001288979806055188	-0.3073375763963558	0.14877071913600795	-0.43307780928254036	0.4020618352831068	0.8697774762557753	1.0906213409849836	-0.7838149173542888	1.3789096395697689	1.1094565382869332	-0.8017131099763618	0.338599376854891	0.06834320695357379	-1.8006584136917774	0.18366017007540508	0.6702304711896657	-0.47275683906388133	0.5830909388193088	-0.5224432930786469	0.7632214175780806	1.7873866329667103	-0.5614246107569564	-0.27441691040607397	0.4442619082566063	-1.2482163464441474	-0.6588203446690268	-0.45044990005218943	-0.05147240063747979	0.45727807105526924	-1.2516857909405785	-1.22417849014921	-0.683659816363133	-0.2922570302827989	-0.4073275026067064	0.4024298794445803	0.2739669476095826	-0.418908530654491	-0.5160573893176127	-1.0972865177687288	-0.3903090698021204	-1.226334895213076	-0.4594245972232089	0.2531229223329383	0.06583141521107605	-1.4531883152523601	-1.3671500032526018	-0.7633316511681508	-1.088897511628618	0.7471609748752155	-0.5287355675432207
DTXSID8047397	3.1357001499328794	1.03508682645877	2.283377254848658	0.32110602156318807	-2.570693664247982	-0.9802864159822494	0.4624493312135905	1.0832313153602573	0.05315456396642578	0.03316835383154171	-0.18618513942341594	0.2945380566362524	0.20946687409199383	1.7520343678543702	2.825989953848394	0.6913203161899287	-1.4589047059832414	0.8633817369999088	0.33832146489050446	-1.3835030397024168	-0.826372608293023	-0.6085725556178445	-0.4361134038094147	0.9060289722455606	-1.2838078515695954	0.46635331687450426	1.5192586639604402	1.2201963672070777	-0.004899116803556231	-0.8713546083620194	-0.9789982045512026	-0.9201892333762745	1.7366722557065413	0.6939273811211947	0.23408207905725173	-0.7037063668545047	-1.5024330291790176	-0.6444017396888048	-0.45222585379432745	0.871123563245175	0.9416918453978311	0.9650044474712355	0.6501309108073883	-0.4750045624891728	-0.29618437754937893	0.22171645635913062	-0.42168087007778304	-0.1590649901802078	0.08218300429850779	-1.184019179331915	-0.06759997261579741	-0.403702465164472	0.3288703803950242	0.2684187462392305	0.4640112607506268	-0.5286077703627408	0.6028393765610821	1.8126146701244144	-0.0612556053309109	-0.6642590332536964	-0.25384572706820724	-0.6096788274911572	-1.4265914272082296	-1.5248882689162204	0.26695846066247436	1.001158676990204	-0.36385159077944246	-0.31094741313901636	0.31047409279239313	-1.4149531530009052	1.6262545733955165	-0.12475287479500406	-0.6152003667972855	-1.6393386647709984	-0.10218523213267919	-0.25601600320262236	0.9183918469013868	-1.0697689439266913	-0.2080248677885375	0.219763206086008	-0.5232792747959569	0.020488537758744884	-0.5162828212660279	0.5057184404650911	0.13063779496354921	0.839289866925014	1.1204928221502202	0.8391399704715917	-0.4124638036274835	-0.44425258109828336	0.7818990873369193	-0.2758716307501062	-0.5578530302299901	0.15064439286264372	0.592143607005174	0.2938158827323751	-0.11316997222233326	0.06129694876225424	-0.9177070232174828	0.2847362347331465
DTXSID3022586	21.80443364932875	-12.881827858176015	-11.950041343045841	4.516558196102948	-5.0687113903424486	-4.2336113453139825	-3.0461075083627693	-0.06088464200840934	0.3056639461081447	7.638940075303807	0.6832534027876805	-1.315280834331097	1.1851518412019382	1.3135839691379103	-4.536638241750376	0.03260357904547152	0.17327181134317873	1.0328189481960097	-1.8474329297740608	-2.59729516989271	-1.4836749044906359	-1.0556530573810783	0.7657112182867392	-0.10364603613791375	-4.181912786438009	-0.5081396593004495	-1.104048086940007	-1.294118929631409	-0.669509340446609	-0.757570373096582	-1.6470290518179642	-0.299806282553089	-0.6435181201884227	1.5918868543231517	0.5017539807310947	-1.7260867757817229	0.4784153068054011	0.7815612884694435	0.5204525633920128	-1.4514338116133423	0.7607526896386799	0.42451039870429225	0.980057248910437	0.6157884148052815	-1.1250159626869207	0.4522745071698169	-1.1688251043712072	-0.21278506553175366	0.08154623543968773	0.33702168072181593	0.20065070976810234	0.4816452947435605	-0.2634291048101553	0.06969786166771133	-0.8588010874473467	0.42596369568188014	1.363421471989127	0.156581756134433	-0.899606282161572	0.13543588865624723	-0.09750204856527706	1.0974340299010452	-0.5516257734900908	-1.116674553252846	-0.005928749304324248	0.7216951732545308	0.47315384732198973	2.0188657259829794	-1.131797518240894	-2.056810349568312	-0.4249211009188504	-0.30222207761564795	0.22763563884985988	-0.00025696402130786974	-0.9715297970930695	-1.4473713774351893	-0.8864807942918135	-0.18749230101088848	1.460329773665239	-0.8584514122135005	0.010281195328402819	-0.6093363487799828	2.283012275802304	1.1116335440683776	-2.479868855814038	-0.7064757486056598	-1.751341944864831	-0.7593085412707614	0.8317905941957365	-0.6213405797671471	0.33326418120814305	1.427869390959167	1.263626008932429	0.1321634492155978	1.7203138425480817	0.24059889153193306	0.3085745109623882	0.19518584641223272	1.3406450367207636	-1.2936193232754125
DTXSID3048734	21.170043582719497	-1.5765076199217902	4.479472937574248	-5.609414251637389	-0.8838623000190117	-5.128010445191644	3.3054368643590997	5.377619731192039	0.4092424967080714	0.36073569545880796	-0.4830791813960782	2.557058532075582	2.9458359417032263	-1.5860540843024675	-0.6330385882984979	-0.7634031616707544	-1.335382389786602	-2.563934820301169	-1.0754161887516507	0.7287937757889454	0.19040140921219303	-0.2784915176953438	4.924745293104036	-0.17122202135882073	-2.906557126508235	3.3474962715365595	-0.4774384663193866	1.5808018114667868	-2.575292046437609	0.3286775904271213	-1.761930735205211	-3.1472868642235574	0.2059751986807887	0.4629764612256814	1.3867529689057818	0.9259584323227329	0.11220562547687501	-1.6940740519857618	-1.596196054294503	0.7951750891858919	1.0882575523696982	0.4249012397542106	1.573206491824101	-0.44003601512631413	-0.4254751340146984	1.3091238675798094	0.2749905176580305	-0.4412961053211668	0.2774759550333522	-0.6631883116266435	-0.05989712290958961	0.16188314998126244	0.8410681718656224	0.11856940506406452	-0.01844896902377643	0.14705456453524104	-0.2439897162548832	1.4939831984078553	-1.0982020171848852	-1.4008528010403105	0.22798580967487533	0.4367430984218526	-0.5328177060380728	-0.4013899921099222	-0.2619377144247479	2.704671503829106	-1.7218398894800524	0.49253773727218303	0.27188019458019486	0.50912362239977	1.3414948462015115	-0.37985016619675616	-2.8926238197705603	-1.6870967661534828	-1.6649788959219032	-2.77172682770793	-0.1524622548990449	-1.1088954157218311	3.2192544325146457	-1.0935017971239271	0.9453153326294151	0.18160690969769783	0.08284023453485997	0.5089213921998702	-1.2302461487878624	3.252605856011287	-0.5030507372387053	0.9722626857440525	-1.034603630348461	1.2129611424869642	-0.6777117156354261	0.8617917919521265	-1.996550032084042	-1.4284055126756927	-0.7995278673090462	0.689525437304313	0.239187406662648	0.15664501388598875	-0.5880349558445005	-1.4247220459181722
DTXSID9034286	-5.084275659756938	-1.1319912254304008	-0.8590434173312917	0.9536620453869792	0.5329765350285718	1.4226459114088283	2.0775946327291863	0.7073616681879702	-1.3645108380025661	-1.1726272224978833	-0.338078002739588	0.7683311079283982	-0.06242307178508721	-0.6157252940998703	-0.05222036243534293	-0.8775455254071781	0.15067559995357102	-0.13209529454599975	-0.5475388406128334	-0.3311930747328099	-0.13385310586055657	-0.5835765395205481	1.2710629936411597	0.17070694811062725	0.2519210740285605	-0.7122625092754238	-0.08308760199413766	-0.25676695331667737	0.028610611108445764	0.1761052235173128	1.0161605441442882	-0.13932134863916779	0.5044015724958604	-0.0908415758161298	0.5496790823596654	-0.1850178830062462	-0.40700993150498244	0.06814583411814622	0.10672678642900696	0.4354633695952732	-0.6326585227038952	0.36216296065780823	-0.4159574779203173	0.1372131097021238	-0.3522653879301371	0.036833952038051274	0.3110210963051871	-0.476883756066284	-0.2647331381351772	-0.17443308599073412	0.0682396815360059	-0.19716019535906085	-0.04391159903628519	-0.0495819108671011	-0.1142906588102375	-0.2736047714459173	0.06949040779869667	-0.04266892048300952	-0.3457036852866173	-0.06789389465593727	0.6711891224599792	0.011049996590478046	-0.3892536272565691	-0.07444189498275879	0.36446040325132045	0.10038055507671277	-0.3232485428794588	0.14106487577333998	-0.4668601598595042	-0.6327012655705803	0.09334114643082916	0.432821130061725	-0.2086332919670436	0.1588698291137594	-0.1817946420237708	-0.36413910933746324	-0.11814385407948044	0.8669806114940464	0.3180862409660334	0.5663819044519197	-0.5370797041577823	0.22516540066047566	-0.029594066573401745	-0.8744487352469407	0.039389389376923455	-0.6026843712145962	-0.3145985834077154	-0.6056496567369684	0.4440377288129293	0.3920652637705967	0.08879058523785946	0.27072375738469284	0.04656552839934914	-0.6191071337364762	-0.1878099452479136	-0.49887420577993913	0.38482731852866364	0.17121781547274656	-0.4366263060404498	-0.5542208487020858
DTXSID5020445	-0.37927531655879076	0.8684846197941446	-0.21608162755450128	-0.6956323912314053	-0.6385430133329854	1.4017190020084818	-1.2576434700015506	2.4679006104060326	-2.0139915646928253	-2.157730860844611	-1.2494341373995592	0.4013349372502201	0.08506317199055294	2.2862250713100476	-0.9764714567265415	-0.8344011099287986	1.0873479698178836	-0.1648098060282244	0.3276318233931122	-0.44874390657324814	1.134152640310826	-0.9762556672119742	0.2281265316877459	1.2410568837758666	-0.4937469618938076	-1.069753836627195	-0.13906716975950648	-1.0513879590078392	0.08921481934669677	0.039286244517073125	0.2259392190400796	-0.3854581644032805	0.5724472377552086	-0.3817735199087012	-0.5178334816554763	0.05864925065916284	0.2942274003031526	0.07629841749244413	-0.023817628397403035	-0.23434564960539273	-0.1520036725753186	-0.0598976734653013	-0.4502527234769541	-0.4657302529570647	-0.43425639698992335	0.2444953474940746	-0.00025141934605771326	0.14674135490198928	-0.06457043237414267	0.18649572739739076	-0.14740243440518652	0.08660537304815413	0.016692510443538134	-0.25020981594401387	0.09020040636650759	0.2811129816090105	0.27985241300887864	-0.1899311840004938	-0.3566258538409491	0.2844904017686486	-0.04325944262673306	-0.07984725786913767	0.5577492149978264	-0.07305503102179241	-0.19536403088330423	-0.6331066040579014	-0.15802757126655204	-0.07665145576819718	-0.4557669347400079	0.24461015655711696	0.9190706735241627	0.15080064679274674	-0.10604212814307136	-0.06411458245974447	-0.8335140370298328	0.2587831206217867	0.21475837238767365	0.4999586751939222	0.42419403074834217	-0.057455336474668835	0.3572194874628294	0.32852233059243874	0.008809361410784687	-0.04587278935423808	-0.44380930567758214	0.3518514294195306	0.6629400831400588	-0.3325944116388386	0.4940205580149558	-0.3667455673274409	0.31578567781760025	-0.7247225468524684	0.027802532512887432	0.4343554056867527	0.045377163125756494	0.4217932538523306	-0.17968895507180108	-0.025879011236868518	-0.02535960167845347	0.0060333402199812146
DTXSID3022611	1.7324072914924453	3.0425380561414626	1.308192059308095	3.012177230495732	2.3004750286930586	0.8582334306391559	-3.832800545212202	0.1762604124850898	-0.7215662554931135	-2.725340476384055	0.23229291379368988	-0.31945204276302647	-1.505091841197467	2.9714711647300347	-2.9431016877281175	2.181129751894296	-1.7713175031594894	0.35486323603358866	-1.8734429791192968	2.808634662738005	0.9583462771994314	-0.48211008393124694	-1.2880838553652478	0.3307627593749523	-0.10981143889632076	0.756767272536314	2.9327782619054434	-1.2512476592797195	0.00431912344461443	1.6457334229872238	2.039169004572968	0.18539163473452264	1.127476714766673	1.151009001960969	0.8174177909857061	1.3612893973802864	0.36969370121453227	-0.07755158759895754	0.04559956014884369	-0.1674426062760176	0.5848987846157669	-0.10831401605262063	-0.8195270391580446	-1.6981396829275188	-1.1355241127667601	0.8131847982199361	-0.0444595404903929	0.8661933393713723	-0.7863519824252374	-0.37297736192277553	-0.37150707282633927	0.698043209352683	-1.0368085480025744	0.3857943058806309	1.0551061525485548	-0.41062098854066037	0.6283967690828878	0.79457345878695	-1.267493229996726	-1.0302273947148834	-0.5669682533475413	-0.3072716287002427	-0.09585164772486987	-1.3590351030026702	-0.38226289845403233	0.21832738554230632	0.1728412311169711	0.20102106781159929	-0.3667869762800294	-1.201888545877424	-0.7106755787101176	-0.9145302889489012	0.15336102127809315	-0.6686991628381722	0.7038309259813557	-0.023483454231576044	0.32167521448562336	-0.7089188464250652	-0.02264036544936548	-0.43952413442902843	-0.32750034137840606	0.39625080929148004	-0.9478588340905195	0.32111167052530126	0.8151878391942238	0.1570099169142315	0.26255276075986733	0.965548747398381	0.2460019300139976	-0.04162140022780625	-0.31251048612027926	-0.2278402199828234	0.22081853479889302	0.4602849490307711	0.1878205969414138	0.3604244443516619	0.34034563068019874	-0.0008664116009706541	0.7614703098682624	0.4338277455853864
DTXSID6046555	2.0490811297322997	2.7765938269708066	-0.038831271857540754	1.718313756420504	1.550896621744709	0.1899859261080879	2.77644411967555	0.6496339994964699	-2.062152160821286	-3.428840942696508	-0.4661119291084199	0.1325541516330179	0.006477484105324062	1.637913934419361	-1.642049192322998	0.6287985905638809	0.14776333141405826	0.8167907265337009	-1.962376661359419	1.118904066484591	-0.6902748253806025	-0.7627931983844971	-0.41509264718065203	0.588781515926562	0.032173218525990435	0.39261896534298213	1.7902913122273996	-2.832311218595806	0.10621365297764708	0.5332234594026084	-0.008245141791555362	0.743385512995209	-0.26794760691647174	0.38860775552564625	0.8568421848833103	0.3894346806031353	-0.04322280846538954	0.3165955232991298	-0.4544220325875381	-0.9822653951012147	-0.1023487596716972	0.0591583120542775	-0.9731159772177223	-1.2153039068146658	-0.31174667959852936	0.517640420601936	0.3777151974987178	0.5255610749677248	-1.0649243483256396	-0.053458825780383724	-0.560722825685264	0.18576647016051323	-0.8301122199307072	0.09356862069013963	-0.20570315482259355	0.1374455012218472	-0.21578078460610453	1.0309676622592314	-1.5170178294085448	0.7177348709150585	-0.45886988161039244	0.16398908525094663	0.18442142872263126	0.05216585141194544	-0.5014500891566829	0.3480808245529796	-1.0389985515334672	-1.0234934235593707	-1.3216681699150532	-0.6230504213723463	-0.12994380771535205	-1.1323480819596203	1.236979105682355	-0.6993771091569556	0.8937690664332378	0.24007343374152815	-0.22799321101404335	-0.8232433407835007	0.10834520195928717	-0.8416278521242204	-0.9403116795757239	-0.7924754278088941	0.20816096285715166	0.2473181925744776	-0.30496903303326295	1.1047556365099265	0.32683957197109353	-0.3338648214256107	-0.5760186383052959	-0.7621354704651802	0.4753970786608732	-1.203650185169113	0.8022589354081555	-0.018844304089766045	-0.34639689265065704	0.011726655343612804	-0.38283853565199844	-0.37625868749956215	0.5214697346646444	-0.13704384737012149
DTXSID5020491	-0.6142962019849566	4.879636642745463	-0.6657501567001612	0.8210982352057837	-1.551331001851898	-0.24909086251331508	-0.7231206255141817	-1.2534727938183152	1.937221050712939	0.7096139257756755	0.8692554059256516	0.07887543969220902	-1.357339832969454	1.3811746980931083	2.134455538604991	1.5553199837686056	-0.7001336839543773	-0.33126831240896715	-0.6157584020664544	-0.7912356155589728	-1.8307832464687166	-0.06112781506346653	-0.6910333879396288	-0.9027609311622042	-0.9195762035952162	1.0880416952801344	-0.47797325645669547	0.18097170759396278	0.40445955908212367	-0.4795776869937116	0.04736436558426964	2.155608081153729	-1.6599020590485074	-1.1054507689036044	-0.7109282418171909	2.3115511273034306	0.03484040957326759	-2.0323544133979854	-0.5851405362485547	1.3844943077755603	-0.07681549498341607	-0.413348790514372	-0.9792402312855596	-0.7279286780851077	-0.5261629272200719	-0.9800436623402252	0.5128807957962158	-0.11798964006047635	0.5587049597296514	-0.49029343494611355	-0.18303736278851715	-0.26871416999306114	-0.8175911084042479	-0.8546628386223929	0.6419284117937996	-2.5083209400098934	-1.229353036584263	-0.8238852225636473	0.8333559332505275	0.17954560681485238	1.0843515329713371	-1.5429644479092917	-1.0804963026944636	0.5448966299734782	-0.888464436666054	3.1684241783091833	-0.18308560540665056	-0.5936633061169927	0.014574624574096563	-0.9144366671348583	0.022238694856391652	1.7731496090347765	1.1783242602949193	2.010213649560194	-0.3971074877802785	0.7125879290544851	-0.21443289207426608	1.0354584219093164	-1.2479260032453727	0.9494953781774721	0.2921382605037508	-0.5698968661564761	0.2516970734516044	-0.41457733615520187	-0.9922231052017082	0.3822800326824122	0.4697316741960571	-1.051879256022072	0.3069855301700646	-1.026745168910973	0.0983007621811603	-0.1627520454594975	0.03369108227908466	-0.6094289020420322	-0.489272284817454	0.016644708181514253	-0.49810440836134884	-0.21843463824267884	-0.0750587079385324	-0.07716633958585663
DTXSID9023097	10.008673821604779	2.7153619199285535	-4.2611511948710294	1.2492814453934664	7.421626475105586	-4.071014407434995	3.76318995076603	3.5117619073181037	3.6864191550054857	0.9421044136632738	-3.4665557222104098	-0.6878415128106607	1.7755251944233936	-1.6374508533872207	-0.01104868485633811	-0.3723438429699022	2.2871279775696913	1.5711926782386358	-0.7573725402111224	-0.9084693040915445	1.850321409846862	-1.374047417454775	-0.5044035547722916	0.6208449957720986	2.3787427329115047	-0.46670145138212277	0.8938745505207932	2.2404650530783514	2.008901659164272	-1.1201705480242594	0.2904159806550163	-1.1812504390958503	-2.147563142030498	-0.599167032507922	1.0999244880379508	-1.6643145196409297	-0.43289903960575576	-1.421610432947949	-2.1443000107578256	-0.4769020042014596	-2.1988949125584174	-1.5613134432115985	-0.6179288669777248	-1.6728775712885742	-1.6627655869161693	0.6791295460359082	-1.7548661713000007	1.071291033316675	0.2871952173079039	0.3687703307026409	-0.5400083801769836	-2.5713069473211365	-1.1858493868625495	0.6858235375497633	3.0978256852249575	0.28357046778026695	-1.3583735148176925	0.12307932268261157	-1.828640198099275	0.6536290708496203	0.8579079309372412	-2.844842201997032	-2.1305694826179793	-0.19090852214558054	-0.7081325777826138	-3.027202152175797	1.6617192228482198	1.5808906443927306	-0.7719530997774485	0.30470179244344187	0.19692981348229158	-0.8031418164932671	-0.4123653234051796	-0.1286986544030442	0.6570646508185348	0.48997345678774157	1.3533793129837894	-0.1551032012696872	0.9635935628455511	-1.0214649410341812	-0.7253797937569613	1.09973690257818	-0.938538634709406	-0.8471148363997093	0.02730488969412604	-0.5620787275641478	-0.29135316509695974	1.033318063736519	1.263781832918743	0.5633759728270747	-0.7737350507728001	1.7671863305012308	0.7734017203102108	-1.8001241280070894	-0.5660004784057968	1.103273612822598	0.3655271874112339	-0.06886783077134091	0.3622460591179777	0.011069777990268197
DTXSID7048586	22.966248905691113	10.248315920387698	-5.232159155856056	-0.06606974536832694	6.692855381027561	-8.154397113213104	4.637187671806106	4.211247981323724	-3.6040587718662307	0.4320029859370392	-1.2898492211052714	0.2586638850848349	-2.336880342897752	6.112766709290899	-3.7939440109547573	-2.7056093436234065	-1.3611645686692107	-1.6349944989975544	-1.6055316389255214	1.378523760928783	-2.6670696105577347	-0.1010329519648978	-1.1533375669535157	-1.2288484507675816	-0.07201612238602205	-1.5344227361096143	-2.539866743255333	-2.272029814088272	-0.2483310737296423	-0.12374647634778048	0.027797886465714135	1.6318717399635765	0.40650619185416886	-0.6452052302680169	-1.4010309398464318	0.6915335863805451	-0.49806154357597787	-1.1389969175694559	-2.110001620709106	-0.47023112579204257	0.269929161837924	-0.3942147848651189	-1.2107709696915232	1.3250973143655072	-0.026667880732674717	0.2613288607558925	0.39366871459170133	0.9945619526405496	-0.475978190410739	0.06328840698625654	-1.0865471433962524	-0.41341819150542564	-0.482174523952812	-0.4216987840741753	-0.5441965479025219	1.7742136904998524	-2.1763145903858354	1.7396443913076105	-2.815335519624325	-1.2186331870555718	-0.9372222995137676	0.251924029481079	0.9315780547805654	2.7426287624984966	-1.1366300396067808	-4.497978106228909	-1.4272486624608138	0.8120258887350295	-1.7307173506117057	-0.287593179318989	-0.5970751499425936	0.011013757321459528	-0.6219918758746378	1.314050666813829	1.141782916982151	-0.7410729286013054	-1.9690327585517478	-1.2890979899581423	1.0900766630928367	-0.9581939525808617	0.6434931399577571	0.27064856520789365	-0.5747878220142804	-2.9612132949788963	0.3065188087366534	-0.7101421036199409	-1.1435946852511358	0.22778633930302195	0.9916505012948273	0.2345257477373008	-1.8289390113660757	2.57824502286906	0.2004512933474136	-0.009954530229428382	1.6991766918119262	-1.728799804462821	0.7240354091042654	0.5212247286162356	-0.597495318737903	-0.23063783830367385
DTXSID0044107	-1.7969243428201223	0.2712084767310803	1.1457256318566276	0.04212548261459989	0.4400419681975448	-0.891254763281518	-1.971246026809757	-0.4373339554770431	-0.5243307859300268	-0.30299745536476347	3.0027448949795184	-1.1556343696465385	0.9958095412511971	-0.4330040619584016	1.5010867354649051	-0.7136008218994699	1.1153961255648361	0.8671273150081015	0.09189395532048832	-0.5985253346284551	0.12172964978848964	-0.1062621676055061	0.07735595741299749	-0.02728528926203996	0.6286256659939982	0.6138691990422368	-0.18369149538727153	-0.7607621741314374	-0.35204237076298595	-0.006778340074716671	-0.7092347587031959	0.43487451844267827	-0.2870179020356848	0.5319840307344195	0.348063949144943	-0.2690773248523021	0.45408417555361796	0.14115015675201137	0.22053353908671167	0.5353481602235172	-0.3378293541158261	0.17598446657698263	-0.6332445996114093	-0.11376086230911332	-0.44389187212861037	-0.18743484589545867	0.045035722751043936	-0.7910865915734482	0.06750701609483102	-0.009199544681070163	0.06625251423687842	-0.17690856103133903	0.12417928251484361	-0.4327166480113661	0.04356904752341093	-0.3430308009511106	0.27298528535847744	-0.5891145156185422	-0.12738888374527912	0.14876751298707167	-0.01689128343712688	-0.03534510681608179	0.13985212757603296	0.2662718671644517	0.18845458706942617	-0.04762964301782417	-0.43676291649113214	-0.2118470921287968	0.501188401114652	-0.11893399048292778	0.18805431673796305	-0.20264475199746113	0.35262500557838466	0.18878109566476992	-0.3218184916096649	0.3478096352380233	0.6514281939214219	0.7121216636927032	-0.060199905705211235	-0.24087080277780246	-0.0018098689118320318	-0.6198104665207919	-0.4529082856546314	0.4510896678018829	0.34070492997581364	0.38026482035577824	-0.5077265569911857	0.23152761956356221	0.02237406117360852	-0.13605936932115958	0.23215560219680406	-0.2591454271111927	0.1932776496212775	0.39772223796970624	-0.19406555668865838	-0.015956550423741136	0.2361270862427145	-0.06197588178584805	-0.28795651164443137	0.08047989429977248
DTXSID3057725	-5.0469413443308975	-3.912974149878103	1.0126151067083373	0.6400985738532967	1.2148530956266699	0.5429950139168095	-1.4526986651990206	-0.6701774735815788	-1.23278070106675	0.15850312562664648	2.3633629884949916	-1.1765927250893635	1.2739304691658315	-0.6483176916738712	1.8275772857804355	-1.0479093255432468	0.6649483390330169	0.3621798666065577	0.6755365976411682	0.004172534341815961	0.07089681044182519	0.31141098408904994	-0.21526745519597	-0.09368818272190857	0.3471154084994534	0.3678953563895837	-0.08658387794862202	0.21539948360206676	-0.07040289906398557	0.05307445023620914	0.07596989235437147	0.2779612134897835	0.004793891438907898	-0.14786916047842572	0.4657543514177499	-0.36596755629153355	0.35012783776118434	-0.10942225747986681	0.6612314625159226	0.8149301944368309	-0.5905663207299028	0.08353267799890254	-0.60242216358867	0.13750523173644494	-0.05920144411936679	-0.1161824275013951	0.27620764035378936	-0.4321383423351982	0.21710542006711556	0.1677550300830903	0.0957650669721334	-0.061874859864110864	0.06316455584458376	-0.28148438710394724	0.14240439394229706	-0.3946220842911765	0.15628814748483405	-0.7340722874517772	0.013985752563707954	0.3191182747942457	-0.09202880720291018	-0.4965704827645136	0.2782396126100133	-0.11791679176276171	0.03452805111500394	0.2662499958138088	-0.2320320235373976	-0.5318075510383762	-0.0682219437081359	-0.31848476653592656	0.6759961175285002	0.1173760736079023	-0.2908618765057708	-0.019698035220019304	-0.8096181000090369	-0.17186159685555558	0.23948192973348706	-0.3995044092311007	-0.1619649023816919	-0.4501414482346195	-0.3070804233681365	-0.3572520382016473	-0.4534372165237624	-0.08437476293089181	0.3450568624249923	0.16664826631905874	0.2586878844984781	0.28277318388015826	-0.13979508847073646	-0.2854998948345945	-0.4745243750520012	-0.35539099350086506	-0.2095890459311397	0.008653820689763541	0.08087110065799046	-0.20975369102475133	-0.0029260885418117347	-0.0498171236208379	-0.6325467493237744	-0.11251726872933634
DTXSID6046636	15.11251680717313	-3.814148166481285	6.670975463458853	3.2895529544954836	6.819524375627365	8.136185957289161	-0.6022040997855699	-0.7823331733632154	-2.122323461884008	-0.6447205077293022	1.0765766833688863	-0.695487442490196	-1.1741235611596488	2.876409571467882	-3.447770961102333	3.277162639621074	-2.3332752490434676	1.115226208045445	-3.6896830034643653	1.2892157361118715	0.2115423998399318	-0.9059929956525056	0.6071989755904047	1.1445698083789757	-1.91620716259582	-0.3291379618807449	2.9701030008225247	2.2253614858183868	-0.8954462619901137	1.408176901583153	-0.06952399509024616	-0.33536067197919583	1.2371367809142058	0.0869884809924164	-3.5879195859891335	-1.5127090633703641	-2.3047664393665563	-0.31761302335265174	-1.216077257945303	-2.7653132044457256	-1.6974463929771768	-1.9501951285751087	1.8492905620336757	1.7649893082463761	-0.7649042799243472	-1.3013324114470601	1.9936400836802277	-2.651783009963822	0.16839838945063856	-0.740118516767913	0.05881985351382718	-1.6763317864510865	1.2330904843900772	-0.7870591520556689	-0.028593905796787993	0.47159189752043984	-2.6989829099111877	-1.4525021107593665	2.822190156888188	0.5763069358904012	4.216976494173291	2.2451108569024405	-0.2268002823502397	4.228460135993322	0.8140890925552374	1.1956295629922982	-2.4712719062576194	3.400236883363233	-0.496333207575607	4.410074522501398	4.936704995456066	1.8688541917091404	0.6047823963901883	-0.6296663911177469	-1.435682383822675	2.1916291463215045	-0.05759916508229846	-1.3579558451667424	-0.13219285381931212	-0.46913843780059344	-3.1193267438001455	-0.7644328619668945	-0.027934787169961676	1.1037759841183896	0.6383339510828038	-0.08335256103114624	-0.611630031955638	1.4273038913638292	-0.4114690475117091	-0.008525792916987136	-0.15852869292999647	0.5924393364756785	0.5914750135969621	0.2522596949606306	-0.1728098739162871	-1.0881563600141366	-0.22151775462113177	-0.8192128552103927	-0.3536130939343572	-0.019896524156804964
DTXSID3048609	18.006590265617316	-8.207618116510217	-7.237677566601322	1.482076886657431	-4.178947818572353	-3.6384133961645007	0.23910382315732273	1.0437753949026405	-0.601423448555119	6.413067988481367	-0.21800849966467947	-0.760012119621209	-0.3467979233456469	2.8812664906157157	-0.25828203299796293	0.8701010431411408	-0.9597035637879707	1.0559181204724066	-0.07023989476431484	-1.7081894852093378	0.4398055200840469	-0.39020287765534395	1.3736364658144926	0.34533765876426337	-1.7568803391183	-0.6360380984175752	-0.17542530948838223	-0.7192081483255451	-0.521675250177249	-2.1306574714874067	-1.7671541460572013	-0.07360236844230225	0.5631859690532076	2.628008004713246	-0.7379050487696692	-3.6798430531167754	-1.0627414049418964	0.6244576529239618	-0.9918059254254266	2.344217844605793	0.4363747436590422	0.7658838893881894	2.2562542656749023	-1.7988845665389148	-0.9597388378528577	0.6685267289430804	-1.2175905556494133	0.2822518354209221	0.42978248533419816	0.16906033994238523	-0.07646165997569343	-0.4430478374417735	0.16553829890132016	0.2770185526280682	-0.25703757067763744	1.4891477936129904	1.2366445625257778	1.8581727870935276	-1.3428829782266345	-1.4061485627568613	1.1270265217161857	-0.9182308934263936	-0.2426719080697001	-1.2044849740888086	1.3658073588357962	1.1057869245570822	-0.8704942749434754	-1.9224698361883117	-1.3885443779143694	-1.6097884756641534	2.878879032196923	1.6953367950057423	-1.705101043048975	-2.4084029212395617	1.3472533745524695	-2.0923599092537537	0.7001729249490153	-1.587779059727829	0.30733280299177224	-0.20094806075838062	1.455166518530375	-0.8258899209262048	1.277084712957849	2.228863896080617	0.03010982785163042	0.2806439450907835	-2.4280506519778453	-0.157560805626337	2.1141791488211545	1.6053923014170581	1.8466145973917718	-0.6105833681321523	0.8593315342008828	-1.5628808460243842	1.3333009182728275	0.6886591208750973	-2.15243796855528	-0.7883747159523894	0.5292941246551128	-1.2384880001165763
DTXSID7023932	2.725048808231146	2.32621320166451	2.1213043407018195	-1.8933556823303577	-0.4842810722570599	0.03746170698078252	0.08410240036200392	1.1364272707165237	-2.044177992987149	-0.5160715797228985	-0.8926936865407229	2.1952829852043516	1.8961836997610004	1.386194396440976	-0.3126811879950606	2.625437862345478	3.4532485987284884	-3.1881930926624973	1.7455800713261893	1.4289922040530167	-0.5056905169309401	-1.3234425591368448	-0.2749443101787486	-0.13619087776746436	-0.7803802164862019	0.32155272243803396	-1.3224068302602268	-0.435175997297417	-1.0975602946206688	0.8539223419374287	0.814009362835149	-0.1512264751450437	0.9771243302497158	-0.5304835141566983	0.37318260357499955	-0.8825631839969894	0.3513864133125118	0.8066615520866371	0.13654585436460967	0.040823256255861806	0.7807972433664316	-0.08989440957224261	-0.8219943051535256	-0.15983971731990376	0.3100478298049729	-1.2723262692064818	-0.628633141048266	0.5165167039207774	0.14853786156282864	-0.13443460484564013	0.16491213503699795	-0.07264309254976094	-0.33025990870794136	0.06960790393680777	-0.3118951915559841	0.896521303649053	0.7865986335333198	0.20067726615301584	1.2372436256378132	0.3483379486043284	-0.18587483478504954	-0.7272097424111219	-0.9558485366173294	-0.35763638981099677	-0.13267613832023786	-0.8428150720087522	0.50684957523566	0.9526261013001524	-0.8514719682521418	1.3346963237304414	-0.47434161169601946	-0.345469215454582	-1.6672564829147054	-0.8605317936587052	-1.346927696482091	0.0632060170341497	-0.6992842383901674	0.5310755535308395	-1.1899568459906618	0.3962032112513013	-0.07010827369265384	-1.3717718017779916	-0.7234897576155823	-0.3225818095466976	0.5449438629651888	0.6535969586667212	0.6979219272664622	0.44922090751922406	0.12510065730894765	0.11347558312388435	0.4336357870517811	0.9683373035399304	0.24380874225760146	-1.4212832331247593	1.1737832677167093	0.3215276980234988	-0.5894113874449528	-0.016155252939397798	-0.5015558631617606	0.2508409775490698
DTXSID3020419	3.271018336101531	-1.1239419987775698	2.8551453212408435	-4.468205836695631	1.2299314683991616	0.03572739836174512	-0.8239390701840029	0.7213747250722662	-1.0550790808822599	0.04260810898469807	-0.8109524394997909	-1.4110657390865737	-1.4572803020301892	-1.9610836892600896	0.36557302669989006	-0.23371402296044133	-0.058450136759540874	0.27110004898178997	0.2949630944572594	-1.344058239169164	0.45227260680050685	-0.3554743723651692	-0.3394349194956824	-2.6573824195150637	1.247966962903421	-0.373616423746223	-1.773691391319687	-1.6766816522094172	-0.4231119587213428	0.7011301004754635	0.05728168859011212	-3.692331666134949	-0.8772871927978225	1.208678050008444	-1.729929155487997	0.07794483473180024	-0.5704923335697457	0.45621210324564376	0.1279181177590717	-0.2330303268707983	-0.2594757281934389	-0.0047803398790370166	-0.8666469146665405	-1.2362837500988677	1.5754752158578071	-0.34352930732015735	-0.26500299259301807	1.3508157570961987	-0.6862093883465407	-0.6159685945910991	-0.47884299786834145	0.08607871510500016	-0.7930463681753857	-0.32792636976535433	0.2236989174991847	-1.0398212842016323	0.40441268853223006	0.11729329148956119	1.0881488189996908	0.12318012519115594	1.8971727649938916	0.16584517208617527	-0.46755138154909937	1.0271991772439113	0.9432253052686795	0.20571636663224743	-0.40652122122052964	-0.6162082372681179	1.3040491328587849	-2.152562570504847	-0.9958228151537651	0.02118484831491798	-0.8225818329024244	-0.9641154465019267	-1.3371159358557143	-0.2476482931754329	-2.7434397549323832	-0.45722813888888736	0.4090772428054254	-1.199638453263761	-0.8047874835922374	0.7322462395643519	-1.450090536743511	0.04706901811572616	-0.11899173033303459	0.2651772095606004	1.6770809963641502	1.5525347930767976	-0.20193919647826009	-0.1560537594523292	1.1933481176788727	1.327760442217175	0.4961062864427677	1.5619832394241115	-1.2772103661463556	0.35043731784527576	-0.8994842816501831	-0.27548632938643136	0.49748940628662064	-0.36595466204576016
DTXSID3032622	-6.069169434834999	-1.9800259725996479	-1.712512203630122	2.433322991315944	1.3026952223617478	-0.2820535903805788	3.2216066310108613	-1.751047127540572	-0.6149576603415163	-1.5975281263441257	0.1686716891405395	-0.44653637799758367	0.6703055630364092	-1.1370478138378461	-1.1521395477455068	1.2672985909559642	-0.8861449865647149	0.8110387868265156	2.7653477415571515	-2.0228856666496062	2.545142495991167	0.22040227270932783	1.1228593932793027	0.6759338953675041	-0.15981290421913133	0.40121808092429995	-0.39234667961075015	-0.9204475942292836	-0.715171656196455	0.3849030676183756	0.591488103227711	0.18186607800630927	0.8171134350255245	0.30744460072018004	0.1385017537066983	0.544160860623956	-0.11078550772333667	-0.4028268881366702	-0.44515509449221047	0.6581857998303988	0.7461421050020904	-0.4108199065104485	0.3537516430153128	0.09847450109937486	-0.5439882386826215	-0.6224378579868766	0.08631563493344682	0.25418159005516	-0.22575398536886562	-0.00509647647488167	-0.19075635652345138	-0.5282468307048866	-0.06350601436815217	-0.2362622339225379	0.0791123977783745	0.010846525881971082	0.5558388686690825	-0.27118468323641454	-0.08228509893150275	-0.5415541836099346	0.3087770352991122	-0.2087296908665491	-0.025975029322746365	-0.05384972559037947	0.2188554866854997	-0.1883167212797454	-0.15781396223809424	1.1496579930387705	-0.5832407303433712	-0.14779641281775843	0.08002087755226474	0.560144981475547	-0.5285405611311119	0.5439901127774305	-0.013763452881582079	0.011791928912423122	-0.17152372242266298	0.3291653436428376	0.0479124359944506	0.4432167281728529	0.3350239125983266	0.5769497091295147	0.16900921545163808	-0.3577371159499036	0.23907466243814895	-0.6485890148252822	-0.10482950471184826	0.00922757435394961	-0.00443515176076208	0.5578119657449531	-0.688095680506193	0.06205530110622852	-0.15788248146151496	-0.14149963477529187	-0.40523340717299255	-0.1736607464370435	0.31208650482588146	0.35418826061342756	-0.316605358239967	-0.01859600602778983
DTXSID7022752	11.370244114564207	0.8406789083483577	-7.363015483620692	4.484667083300714	4.4404461603890955	-3.380118461991663	3.3027936781688947	2.508559424748514	-3.969973755147811	-1.4488870074947384	-0.8992991632449338	-1.8693798337072496	8.04648664892924	-2.7393936570540998	1.180114991325277	-2.1378592297224106	-1.1111083622450746	-1.2598765807654062	1.0816447418727204	-0.9327070986401824	0.549018101639659	3.0141674859094247	4.808356223958543	-3.9167237222561595	1.5328120535792964	10.816906959036295	-1.9528059016552854	1.2776085230271077	-8.878285546778857	6.02261603103624	1.026474467616879	-4.087796703379648	-1.398301150820427	2.3779570056316115	-2.070413118302106	-0.6115180000818798	-1.5478255210069467	-18.015789502228195	1.5008731966496869	-0.025017505535984016	0.6766622301711301	1.1226184544710216	4.962600537159698	2.1771143896338074	-12.335215009462093	31.516038839402125	6.959164937676625	-8.983536927686917	3.74870998396531	10.6843620508683	-33.50872095230389	4.833781744213366	-17.34304387297792	-6.220987453315022	-17.15507049508998	10.675480131211504	3.7345870404681496	8.06295047723258	20.473831899437396	2.4394263838699777	0.21980929460421295	-5.034653772543233	-3.324453931519906	-1.3545344380870155	3.102305034338615	-5.395800948262088	7.032306284061665	1.897133099044536	1.3976261143575268	-2.147147394863997	-0.9653037953722714	1.97871459878412	4.212398275199695	1.0582342682460022	1.207444067079717	2.3657257792130073	-0.7090697550100249	0.7676735309638733	-1.7117252306647737	2.2347556971477047	0.2598265753418247	0.7701936751280266	0.3283958651169144	0.05649170380856298	1.6735298221708494	-0.3204667129373302	-0.9840028826656608	0.3713188363825994	-0.32699546581960137	1.513294646401953	-0.8981478612724894	0.7086890427344301	0.122817944254316	-1.0076245136404833	0.10142691416897366	-0.718922774888356	0.7223140616218502	-0.2167806416308892	-0.5116435239225964	-0.18683692945883038
DTXSID5045679	27.771099564607805	8.935349983041858	-9.785509095556897	0.2776707034434047	1.474626492001492	-9.275327755026836	-9.228459822987586	-0.8956773554479301	-5.943769593258051	1.5496630423257076	-3.9141387806139956	-2.289148804609551	12.309677606990189	3.5435837068079605	3.322112930286005	0.5365264816964009	-2.8973187589277263	1.6383003682134547	0.3298895548014582	-1.2204993366703925	0.8399154925037735	0.7926321112708241	-0.8452757102432032	1.1885437208186485	0.9194016350279781	0.8391701404138697	2.05304773900423	0.039359832362017545	-0.6147040213927867	0.8390412427490069	-1.6471990951030901	0.5184192730043024	0.9546065885451086	1.298177436615409	1.3619809373825786	-0.3370989979816273	-0.2089011802059964	-1.941722850830917	0.7582103711783059	-0.78738779226172	-0.12997374982144042	1.9356907791182847	-0.3715991600491482	3.177122584855032	-0.42760668583333	-0.09937693882977548	-0.05414114731978671	-1.3234517231637075	-0.8298174935949847	0.8062574832806294	0.3581657089463159	-0.6200357840106784	0.7059070579595187	0.8413032709499205	0.6982130996820524	-1.1973282106615932	0.8495240318545956	-0.6947451593478807	-0.7457115127367138	0.6026102800736033	-1.3014768356491824	0.7186690360102314	-0.8487029292340628	-0.5158499449033477	-0.9336942746754227	-1.3577991840866985	-0.15163619398844735	0.48634382753394517	0.8427904611613041	-0.10746430454475107	-1.8268324101018967	-1.4057319310664307	0.28384050694740337	2.1193353057048383	1.7892950743641456	0.8016824634381072	-1.1674722183869843	-1.928161285676218	-2.241436225453454	-2.4019503892864176	0.4004497720221372	-1.055675660560796	0.44208834541856995	1.0108416505939857	0.5770010629895622	0.047439226777693286	0.6251134698535481	0.13354383268376596	-3.65426997667384	1.6359852956683059	-1.3465124901539394	-0.2641379870353115	1.194333407817022	-2.0952464119199714	1.8595124178644191	-0.03411697617904905	-0.7896730193663962	-0.8081287278555263	-0.7118083074956401	0.07108978910141608
DTXSID7044928	10.081744387628799	-4.0403646588256255	-2.506755379791809	-6.669266942469219	-2.218730367095615	-4.033351592189538	-0.9098995129317963	0.3943264151498025	-2.722785464512192	1.8729132508289472	-1.1936250997299065	-0.8702420259121963	-2.3816235890388096	-0.05455708017467108	1.8911210052432104	3.43397367235978	-1.5840341973169405	2.0204661503201553	-0.20857350815707162	-2.6728168176084877	-1.1897670016656656	-1.2991214488966865	-1.334993177514873	-2.4708141796813607	-1.2034975867594948	0.5004618500047777	-0.7421757517784187	-1.251947171177317	0.7189010393891093	-0.5014579923680607	0.4812031356776885	-2.9746714920383672	-2.5234283315491317	0.10259420129256965	-1.1150766177601665	0.3144881279594149	-0.029095704478731745	1.115621900519645	-0.41750557782747283	-0.3330071800067451	-0.4516878648388651	0.33553971775133845	-0.4855429647203475	-0.08688944336005672	1.0095907011106626	0.09592962405299012	0.30082266150779385	0.36451943764814937	-0.7437254901413407	-0.22380242080353568	-0.3618878912222602	-0.2462420008030724	-0.0824701616144962	-0.5344263193859882	-0.2002526318430442	-0.842960829337681	-0.6027585025428007	0.2721590128894082	0.21178725957619665	0.18443063595555487	1.4557788464821582	0.4892043458562674	-0.5086145145846579	2.6950848674631542	-0.12650727272658216	-1.3852749332713574	0.9834813471718157	-1.4111690626194862	0.7054978539051847	-1.33271290705846	-1.5301311129034594	-0.5748789468441996	-1.0684555504816367	-0.683226424594686	1.171055912190309	1.6299676259021871	-4.037947319039399	1.6956300772630497	0.7642854602610166	-0.026924698658099436	1.6377420469964152	3.1758846912446597	-2.550890130470202	-0.44925674422993944	2.0046986384094225	0.2272004328962944	-0.7170476787943504	1.4960377866745216	-0.09926209430177785	1.0040352561035786	0.7992378122204011	1.9669373474383354	1.8859306779023104	2.039082589384592	-1.573527321452739	-1.699404833631882	-1.3265865350766213	-1.623396773400751	0.13769709934574728	-0.586220540862035
DTXSID0046563	1.4233467647431994	4.761439057981214	0.13530706008800047	-1.0045182691648082	-2.4042250699296925	-0.833756217752509	-0.07383037603591512	1.7978014774811162	1.0078052087138867	1.5077589957319633	1.2481102935341368	-0.8736627574433821	-0.4112428810128142	-1.821213928121762	0.30353768868887526	2.3633049301114384	-1.261125611680044	0.06128883112812593	-0.3974184622766913	-0.9092167492737164	-0.08919812987420778	0.14234401427384746	0.6419193507499561	-0.47038763770899017	0.9426476014616525	0.762404474521223	1.1376776052521147	1.229273265832427	0.5823417110276898	-0.9530115470200522	-1.5275898538828352	0.13139359001825157	0.7175019912981503	-0.12644716956638566	0.6127007415637695	0.49270904048283376	-0.2392606394734787	-0.5324357723314382	-0.3358854490814316	-0.3130794728605712	1.2975714507384302	-0.20082302488076031	0.31645318952376866	0.5360010747626439	-0.9787545763301853	0.4274117745477956	-0.1369447819910292	0.009966692779345256	0.18803079201258416	0.09617540837480928	-0.047970201698639414	0.2162457025515888	0.7056925762089609	0.2459603309092612	0.3407985742661477	-0.5634651971588567	0.36415677093029997	0.6435442407098713	-0.562033841062251	-0.6294128094765877	-0.8342943516811472	0.3821322286561863	-0.40387828675697535	0.8342501512436398	-0.38394502454865775	-0.27693613369340886	0.2583034120820609	0.9201405807608302	0.20094709165847294	-0.5104798270250818	-0.09890245402392528	-0.5388794985622563	0.581965481265526	-0.5881729664478722	-1.139377681321093	2.202700714269612	1.2797151383756133	0.2203663071201667	1.0204451917121928	-0.7502017672414754	-0.12809811089114148	-0.9824944166635385	0.406939890286722	0.9969827251921342	-0.9634554950231884	-0.498376846926107	0.1319586459649807	1.6269487534878537	-0.4223078662849457	-0.0830072117358993	0.4986174442963928	-0.09317437175044047	0.7569264475594915	-0.8425261567600963	0.09683744079388136	-0.4207924958071239	-0.22897406215887373	0.20181073492822113	-0.11634960709796165	-1.0904638418741417
DTXSID9027368	2.136261306934416	-0.6383779881921225	-3.7807508855399137	-0.15235791272116544	4.381403629841815	-2.545534833274503	-4.127752729163782	1.7290734996811783	-1.6780056951841302	-1.465572260267178	4.754832941630943	-2.896831863150075	3.0594528065047224	0.2912650795607041	2.1211336767563846	-1.1155854926614477	1.991408521843957	1.157390208055306	0.8071306875550144	-1.3772283902539364	0.6173479099489311	0.1885531435947038	-0.19275667854719344	0.9456961452384023	0.7284466891552001	-2.031466336609639	1.6190121066257301	1.535809691689235	-0.7494339532736177	4.477143855383091	-2.553063642204825	2.0119193253207635	-1.8405100212507703	0.45416835729111843	0.7284314279423755	1.0668056726376525	0.9581879951081611	0.6352957426541954	-0.41765376783943464	-1.4401146543552177	1.358588460534136	-1.1896505893741973	-2.498392010278183	-0.48747734604577597	3.1214524282030776	0.6232451449253588	0.002025680714504544	-3.36806913190509	7.015024457272489	1.601749880053511	1.238257187323443	0.08396392969094044	-4.5132883921662	0.7910439808017359	-2.402568903688254	1.0276801337303614	3.120153240266876	-2.4511967579738934	-4.015839728922744	-3.115839488721587	1.9381986137099223	0.515596132111285	0.235860366425552	1.3888562310831922	0.09969251800900976	0.7143367713439124	-1.398903232826843	-1.2080008032599217	1.6627236148188864	-2.246440167854977	1.991822221853369	-1.8189631627604352	-2.47753781809497	-1.1936117905778645	-0.4544782221896166	2.767220567931603	-0.4748106648519473	-2.2654829558468133	0.12777997952184608	0.30341401089732195	-0.8132650973551445	-0.7840331780084061	0.2677133118056795	-1.9175078120545137	-0.0243339795361493	0.11915438184522027	-0.912980478683682	-0.38394286857811843	0.9283288697194149	-0.2430991512803917	-0.7337378729618137	-0.5291284365481771	0.15236696443513825	0.14990892056145197	-1.2688258565774755	0.1912350138650376	0.5394367816737156	0.7449113467114945	-0.008936283387840584	0.3764988966228502
DTXSID2044268	7.777514057503385	4.266566997378375	-0.8765095413007961	-0.9941940419674691	-1.485864591090517	-0.9850441658603847	0.5402547294408686	4.911682121867504	-1.3069819309009547	-0.5699387420288796	3.4091013147007403	0.2240517013049311	0.04774391753227917	-0.35194025289772346	4.881012661072332	0.14007243857743704	-1.8102905463526233	0.30095991786111864	-0.6923121347168031	-0.560423164228732	-1.3532241545400119	1.3903477719013968	2.083692552604695	-1.5163648564109815	1.9310200617137727	3.003003174735102	2.7319499955881974	-0.14639243946694927	0.06759816403446041	-2.722579948467334	-0.6832122699386743	0.8933404979928641	1.028516340118424	-3.7832689675963778	-0.5574296773654677	-0.9123538419239954	0.7197627943686691	-0.7306008070300656	5.061460884751665	-0.07399818251347196	0.6867472674804628	-2.3320770644777395	-0.05354252901701166	0.7361450230116319	-1.1546357889917713	-2.3064676667323756	-1.1861707149813179	-0.10770623464049961	-0.2703003638334331	-0.7243314929129441	0.03804276069915828	-1.3842607808941687	0.4581304044013839	0.2164896636195155	-1.4465057869760256	2.2182125155877386	1.1106013314623577	1.3840910861217992	0.13051384197487342	-1.2839361805286462	4.102575443569475	-0.1153125002390282	3.9381579769243373	-0.8335022474795508	-2.4555904940649342	0.6088323295120288	0.5854422891618821	2.535652464413342	-0.9296421334065209	-1.5012714473876803	0.042597781395345924	-2.7841165821259235	1.6999573409031885	-0.8679576308356965	-1.8088566442591225	1.662866301183361	0.705284380672965	-0.25864870056309086	0.7540950642013304	-0.3496027935991544	0.44822780123305767	1.0592856832882074	-1.2142433860061748	0.5322246535386141	0.36234888633411755	-0.06569659382517236	-0.41702383811384225	-0.046797415762372535	-0.47013119764325845	0.35383158183962826	-0.3428938861336225	0.001423987920714297	-0.05324783724207908	-0.8583587732022925	0.2396393358020233	-0.06954278965882152	0.7529895076658117	0.6516964170174898	-0.3873551315598724	-0.6845607957778398
DTXSID80380256	-1.1081084658789404	-2.769431150740726	-3.352366325738544	-5.552145556695459	2.594305365767983	5.16284009722595	-1.1131459444439595	-2.001110453015423	2.891059232717074	-0.7609118252782253	4.044154237996332	-0.7897256895508286	2.8295872488968543	2.143508613973581	1.5565928875438606	0.33630393521813795	-0.6214761414019544	1.058261523624284	0.7669628301101354	-0.5308381252850296	-0.2806912345743076	0.4733122932353413	-0.2175682723832751	-0.1675436053422623	1.1674394679271602	0.34325425329040654	-0.19589294907792656	-0.16867349023200287	0.0018006655775370264	0.07453496374848183	0.21096115159351295	-0.3548811541860931	0.020767245625881017	0.24557168285068043	0.6628485903091182	-0.19248559448831357	0.2927533275589747	-0.16985281114649453	0.282720016065465	0.4950789575756162	-0.10644985372349702	0.011041818515466836	-0.7716611455262348	-0.3853379066124451	-0.2531841728387894	0.28584325716224523	-0.02154540733605467	-0.2780684520759564	0.09312640793954124	-0.21630934503490568	-0.012817609450873518	-0.35013260124423357	-0.13966269814770818	-0.14466266643894987	0.4418334939574328	-0.4359256834003932	0.17112237957100856	-0.2601451160782837	-0.4543106107753704	0.3101683009292723	-0.3357320943191743	-0.40414785395198477	-0.11407185833026774	-0.032154656799509164	-0.05429795045955047	-0.13863667144344846	-0.4196131655072996	0.10347024241200721	-0.2179591679894719	-0.06036447860006925	0.23622844804833068	0.014959081145157965	0.25026572402471803	-0.27253993395259135	-0.5104380689110829	0.40174410941019173	0.2966288720238739	0.5569986749964724	0.29166076301768923	0.10045616348058697	-0.15490972920415325	-0.7429070686517721	0.05633906813448787	-0.6533641421336592	-0.017751969054770025	0.27732632266374074	-0.106442620913025	-0.15456458708704685	-0.5544987553701428	0.19987896017272316	0.6912036621961917	-0.525734716045966	-0.30448714871283544	1.0982788012906552	-1.0592234132554093	-0.10967185011157674	0.200730306826535	0.30919020593501806	-0.5756125123022171	-0.4227026881522885
DTXSID8020383	18.457711587974707	3.220041437274221	-0.328658601765151	4.256914165936601	-0.5396711166247281	-3.4041466744012814	2.3811882950422563	1.1940862339355287	-2.311857006086279	-5.20096092967405	-2.172106334790524	0.8491967146789101	-1.5635239451510765	6.159152992717345	1.3416008235031096	0.2980526481180002	-4.477886334007193	-0.3555395311716982	7.64295256455715	0.781403138295756	4.0734448679005855	0.4960548123884718	-4.738634346446493	2.7013362296491765	-1.1547358898670346	-1.7563384921137362	0.6084054784446122	1.6326201103553353	-1.2768051560260958	3.12125698495553	0.2582178592508911	-2.4896208660431007	3.953486997570146	2.2276217374711527	0.5568897454718821	0.23979892023651309	0.7615056000108067	-3.849848505989894	3.0493971224914844	-0.3843742708332645	-1.0855194067835143	0.9653999934551041	-0.28068622728570075	3.059621872296118	-2.6758445319129303	-1.6512598974460702	-0.18567666127328583	-1.862667137120772	-0.6989725396005497	-2.144106940475945	0.8174925759617362	-0.3008297764392304	-1.721675989312981	0.6782037273186319	2.7478824553335497	-3.5703398294001722	0.3652829057053787	0.5435329981648439	2.601970054594203	-0.8751848955342317	-0.20564388465104166	3.9947222590719296	-2.0015589186827483	-5.419768093084699	-0.7009621654996517	0.4553369514202666	1.4048895851572891	1.4635292317558497	2.630010928974495	-0.9923151098383791	-0.35417861352137414	0.17987069806992179	0.5815216700124073	-2.8087954122247885	-0.021930740865244852	-1.795137116293175	0.17127880091922584	-3.438705840058319	-1.485703923002214	-0.19657533758737974	2.0817705223308196	-0.34953105170294535	0.12323711504250094	1.153820582148451	0.7592897354932282	-3.2571266341062537	-0.2079423313708606	-0.35400863830492935	0.13370698630892183	0.1814554416974988	-0.16778566388420155	0.5107739907600428	1.6222100543619984	-0.1904378819634368	0.15611682063997698	-1.1493274226072843	-1.4504846194560883	-0.18898775923370395	0.4756166003965246	-0.1375973183648593
DTXSID2021949	-6.485541218184036	-3.0962805675811413	0.9659273451621511	0.6467644740359902	-1.1555020276507841	0.7348721510906472	-0.6372619514314842	-1.1003594338667426	-0.619729570829994	0.3342629706441128	-1.1429538270064228	0.11868662185195193	1.163607308099277	-0.07918982955927066	0.2645854075946859	0.26637906169158826	1.135010573472709	0.23678376671367815	0.9798768194555261	-0.2578290202855184	-1.0042030349145292	-1.2385041038290474	-1.6754388767039023	1.781833131068327	-1.0830553084849663	-0.2890660533809328	-0.13275950230730862	1.6900460917061888	0.942988927007572	-0.7393720972025978	0.41914537263641805	-2.213864257253178	1.9609778673352862	-1.2448870826669352	3.0839543339832374	-2.4797095579791164	3.3817363848127076	-2.138529448279406	0.5351908627458853	0.8673136757634933	4.141487604852012	-0.8064350552167229	0.6820327568027705	-2.592691276192608	2.2400470812303546	1.3675411310766878	2.108625307768787	1.8898610544282761	-1.2524657549727372	1.4294126171456347	-0.4266908780112096	0.5113191864022746	-0.8325342583233688	-2.5303810150827064	1.23647752711747	0.32882084055326966	0.16288870790165008	0.3066182005425209	-2.533479158984746	-0.4438135126545127	2.33286235792674	1.3946170784606948	1.4905096541927783	3.1369712511983865	-0.3466304919490433	0.3314130141701752	-0.980110271002575	0.6471516236296355	2.0731029733136195	1.2597479006912438	-1.4950098027240641	1.9182307715175366	2.0405249035779955	0.20751949124198868	0.43901690606810645	-1.0160441356771077	0.19528633936682316	-0.8819886026364334	-0.09340299767317861	-0.40182671660935493	-0.9271898062854422	-0.4316380146971069	0.020452709732716748	-0.2995710130754508	0.7228726154557902	0.21561176559821607	-0.15978581558997262	-1.1115435029483562	0.07566639005911052	0.18168647401151725	-0.6033976595187649	0.0012940405575230308	0.5110879774740225	-0.01153051254269409	0.027929329975100812	-0.298738366223024	0.1582600714251151	-0.5389712758569177	0.2466705955267135	0.40223624717816503
DTXSID7049346	-2.4795718522245593	1.0415187572284204	-1.0619324759363609	-1.8117899965898074	-1.1934151390590975	3.4389155831917826	-0.33924994533823855	2.5408533433251526	-0.7824367120531611	-0.22295321753079872	-0.011939801066704106	0.7149177525589429	-0.33266967439727574	-1.3780196906639932	-0.7712162812303125	-0.9726682837596471	0.43111354822287634	-0.0461781586628505	-0.6442457824362909	-0.5974789306216469	1.3623877673939915	-0.5264488974225839	-0.41264515575634764	0.3641422593783105	0.05023939429376336	-0.5116438749701475	-0.26422439171836176	-0.3484231576903131	-0.08315790967835711	-0.07011945433751104	0.7568422200795933	0.0618332813088575	0.23555525718088866	-0.2878180447343526	0.15351023937026848	-0.35466495564245426	-0.9672340115546594	-0.053521149619274094	0.2578482849084898	0.1605478444764338	-0.5144822165456946	-0.04511623404639923	0.07916317041188645	-0.21270116998004218	0.17217035510537854	-0.11236530509946654	-0.259198474545489	-0.33227973814817124	-0.22227924727804774	-0.24299678839810163	-0.037237617488671555	-0.2551526041279308	0.10987378803663833	-0.22339330952429073	-0.043112439195726895	-0.3298200493172225	0.3785268194891502	-0.10571580290442939	0.13498340574190576	0.0489339276005538	0.4670295125354462	-0.15203664244339887	-0.5489123543637374	0.36029343350067305	0.5731774455413365	0.08731320587711018	0.08412119518641065	0.21474964086686354	0.23418729045909578	-0.9998252340324914	0.3171623551586794	0.10464142902417442	0.23631050857056737	-0.10658081010495389	-0.18769968439950072	-0.20103688842784606	0.7897936484668531	0.6504152686273488	0.08582104381781534	0.7316909055277775	-1.167118788338935	-0.006066711438531729	0.436418866292098	-0.2834487964626039	-0.1980398266198559	-0.360848321135256	-0.5453643063772038	-1.2205138831136064	0.14844795565245697	0.16418490560348953	-0.1869677613070591	-0.18192643248794496	-0.3464741772826066	0.2556179645552393	-0.29590502684124254	0.8119092865304399	-0.38993975510005646	0.43493330744849845	-0.3996287016124062	-0.8147864574735133
DTXSID6048880	0.6606170924701542	0.6696173769531472	-1.1589503589874992	0.09992958650838948	-2.916740161931822	-0.9143847615468544	-1.5430202890471774	1.0294303720728952	-2.147898253906568	-0.0073716751333301024	-2.9523791875966787	-0.0021142319904149586	-0.0765263371777698	5.394695971085498	0.7487183491471132	-0.5626431344911383	-0.28946256943591503	0.6652838119915447	2.5845701997203716	0.11944245838598226	-0.37627988301295107	-0.6668815935172809	-3.637703833455971	2.0003808194930426	-0.35230376545758846	-0.6104719221004627	2.9203107377318998	0.20987924263219274	-0.0023534719176552038	1.6604399437849364	0.03621899207822723	-1.7940860312809197	3.0307658055730364	2.5434959930645165	1.2379901242156401	0.28274353090144694	0.7429876240730411	-2.2386842877710422	0.8316252283032832	-0.45266685230523346	0.1784671193387028	0.43200907538287936	-0.10648773014105067	0.7906967182215853	-1.869862652614686	-0.2001119037447684	-0.6599638964438591	-1.489850725420858	-0.4820634912238117	-1.802561324593801	0.4049478411145738	-0.5906849157138845	-0.654328691087429	0.43415938749243727	1.605344302680382	-1.2681725906851256	0.06747253775597213	0.8728093961948299	1.4458554506715002	-0.8764847831818147	-0.8495969300172981	1.8997032904344626	-0.9685236396619452	-2.9930227737530615	-0.6913168098283378	1.6986382642752997	-0.461727332733274	0.7336934665604505	0.8432287819263715	-0.5261197734323843	0.3598552243738708	-2.1117640390539156	1.0425140898985517	-0.74575798588348	1.3500713836501705	0.2567363874389702	0.27985684780153225	-0.9212512226931678	-0.3410498150254153	-0.2901865130658689	0.7078113332221275	-0.5232247629439483	-0.32938123340631315	1.0639464097651605	-0.6531468114012123	0.4677486301256656	1.1580341139293646	1.4223682431962834	-0.41944357315196934	-0.4938843048179177	0.5239886570599807	0.17902059058712624	0.31463227779645714	-0.3077346699551576	1.2288129092055649	0.8494707867332637	-0.7235553874544781	-0.06696701195966896	-0.3697660483728359	-0.1334950572722238
DTXSID9057630	1.3547298533194008	4.450437175569952	-2.419109312059677	1.9735540189462066	-0.5506078764547035	-0.15627784947502088	4.849908144932281	-2.0891157309530093	-0.8388433469690789	-3.6531971380891703	0.2390952027947249	-1.1142942064825743	-1.0286017338320947	-0.3264901837404543	-0.9887718530674684	-0.492060314596365	0.7399627830099265	0.9848632786485494	-2.575102641783002	1.1159063202924715	-0.5804569450522158	-1.5305627028038298	-2.4111460486672276	-0.31442767394531873	2.0368320205531125	-0.37191843182738754	-0.3898043989440695	0.17735857745411213	0.25543411149775264	-0.8642923298687161	0.3614406131243404	-0.9088682801590152	-2.3065387851175476	0.9995449667162096	-2.3186216370414474	-2.0368776031468796	1.4690162550275383	0.8719885158762711	0.31432581347029476	2.5246261541847597	1.0516557469182146	-3.491429587622361	0.7634144435241864	2.854533872606717	0.6896434072062189	-1.285507555281816	4.378330274354489	-1.1645747066268317	1.6550354085393133	-0.3119408711057109	0.42313447772041185	3.0069738719674812	-0.5367721202959723	-2.2555948127581766	1.6367627129887103	2.9345079162668366	-0.593247748542289	1.5484612133795415	-1.8846571707608626	1.4688737416731172	-1.1531188076358663	-0.30382681022710534	-1.9922782766542386	-2.524025467388972	-0.5054159798433902	1.0327889837400532	0.6656785281088592	-1.3183691480322528	-0.21963857853785057	0.1032468215993975	0.4504627127304497	-2.0073791665065563	0.42537385270492634	-0.34815493234776806	0.2800391368226652	0.07510719317178058	0.26401432867225555	-0.47943851680746447	-0.6812782066160751	-0.9499078674527834	-1.35467354654452	0.08000730553191064	-0.008656991541442489	0.7157325758141967	-0.950483457958605	0.4518039402117744	0.8709694908217211	-0.8702054111760387	-1.7452317534754298	-0.39129615378128274	0.8209654395175697	-0.020279750328247567	0.6740200343356235	-0.0786787708877094	-0.7989332104046551	0.12925423756682156	-0.35007407745108043	-0.2620134332108615	-0.02422893209155188	-0.37607901914467656
DTXSID1048918	15.911942832735456	1.3577686130641962	-2.405188956351953	0.6852739028706839	0.7467421193130733	-5.150696629710244	-1.220133019857204	2.8046129394456756	0.6898741705264528	-1.2337648346666341	6.077241684826426	-1.1622731411745304	1.6388094140271026	-0.5199282123493656	6.64525983827683	-1.0922155443953645	-1.1668910273008701	1.1756995322066237	-1.6428879173236268	1.8720994962613344	1.7321989598018979	-0.5195015073564921	1.398253998645155	-0.5542222047953183	1.0148030225922975	3.5855295701172927	-0.15794406728408772	2.1562950854952754	1.0895337884666705	-0.17219461559551627	-0.9078316389307809	1.4778213465015486	1.8214846349518632	1.7625844090758476	-2.533105506354249	-1.2131258600672148	0.00828431630114431	3.0298741253648056	1.480380729939948	2.156817351292484	-0.611451259285614	-0.6231455137848041	-5.015378150957133	0.21988204033118194	1.5103520072067094	-0.7491435744820619	-5.240281083674144	1.7472940726804425	-3.299575546492215	10.34854910111964	-1.390863344864248	-0.5726747825450087	-0.33073132196420757	-5.059824385188129	-1.557732402116981	2.209278471634019	-4.03487350749192	-5.9136242794572	-1.0754608187644932	-0.9001022892451834	-3.461842870361517	4.482575231264003	-4.829352509710372	-0.3169965657370064	-0.7999713505156156	3.7802905392475896	0.10211798778386147	2.9770349901193263	0.6881757469416566	-1.2090443626783136	0.44661405332755283	-0.6016597892245404	1.9584845980283625	-2.6614608897899865	-2.1149129601151833	-0.09302405489477696	-0.7097951009578358	-1.1391268504763377	0.3193367563186543	-0.896106667137179	1.6326462135165258	1.441591006624531	2.2053841177033098	-1.8349062980819697	-1.4699019013694254	4.205627256648107	-1.1863134908936543	3.1433762725541516	-0.7885369477116465	0.5936178147988552	-3.3079688277863366	1.274728889021674	1.0434166962248468	0.8084243378586701	-0.20862424954224423	0.4467229146939833	-0.5003813228274413	-0.6647975997321033	-1.2269815635579022	0.14810234557589516
DTXSID9049295	-4.99490434942322	-0.9380549445302644	-0.12292070949172082	1.88009002354351	1.1000559761359863	-0.0843217320692147	-0.040651653506015295	-0.9831988158319834	-0.6064958218170163	-2.704337699171643	-0.14486926623945134	0.025809862556973418	-0.36991964175185055	0.50435406453742	-1.4277853893055445	-0.6399529551477372	1.0635754100511676	-0.8511627742568112	-0.42384981201853805	0.019718224442132382	-0.28765435985905624	-1.1138038619909716	2.9058716167928598	0.532147503511095	-0.4949308184357093	-0.8050305031665571	-0.4171522664685166	1.5658643469567588	0.4155597772748249	-0.7169601922405839	1.724481765137065	0.7701456991162965	-1.0054866307116463	2.8933955464082755	-1.2291253206803487	1.651354839644729	2.895614964393521	-1.35084489164889	3.290623649415869	0.5720319234536635	-1.536035106062703	2.2378096010518735	3.132497058152899	1.4735100466439095	4.237744403176135	0.49541229057798153	-1.9588714302638537	1.4436493982352028	0.18440846067634176	-1.6282359771010628	-0.6579740783593387	-0.11550701008212147	-0.44953659903116516	0.4295636457945474	-0.20821262811510666	1.097232904086494	-1.0652626481507388	-0.1671425222958191	-0.3763123123282122	-1.2620164890540095	0.64690989971431	-1.0586841411905943	-1.8108098943745803	-0.3516310473558521	-2.463154547217716	-2.2275466311193597	-2.370650353607768	0.011031596321195278	-0.7145481653913603	-0.6225523163796841	-0.1417342166743541	1.1925134850155583	-0.02537109216658556	-0.29103948848946537	0.5166214281636524	0.9711618487905849	0.18554821939318772	0.2169939651052522	-0.004087027707719295	-0.6197681592960023	-0.2581583857777336	-0.2839205993691701	-0.14090246464642284	0.49586813313709466	0.23033759484428928	0.1579859651682321	-0.18204475122160302	0.05433317358578268	0.08182400680283693	0.2662278817517719	0.07545702839286775	-0.22626458471458352	-0.12601533309418966	-0.10339521805684634	0.0992218375387525	-0.1594769745282296	0.4492865041040174	0.28377654630417615	-0.012184004237913914	0.20308003518808887
DTXSID3038694	-2.7298290798778555	-0.02146190170891324	-1.121260184117668	2.7937384389348745	3.7001747950575905	0.2656950918805297	-2.158068197906363	0.9578258657893945	1.7016629163220207	-0.7742305877987212	-0.11237938772966126	-0.019426360151413035	-0.7331749411627326	0.41956006181091904	-1.5452460442606244	0.5849496546567834	-0.6675180014197527	0.23169170392949612	-0.44744286068396727	1.0710991121159195	1.332378585988784	0.24023922849293355	0.5370494655119552	0.033643897453146096	0.4644316117217005	0.6123068893545867	1.0589835859120058	0.4300972251542773	-0.11163435337782382	1.0169407340153376	1.747879628596956	0.1575220292721583	0.3926457957471974	-0.09134066913916594	1.0634752675600838	1.3305664915608424	-0.8465720250518425	0.27591013408459664	-0.04531905457275548	-0.03333767136871633	-0.08766092551696274	-0.14425589379276813	-0.5213541851792612	-1.033133844221328	0.7631705845981034	0.012200648921000536	0.30172946124422423	0.0375424447043287	-0.4200522734414191	0.20189054162397393	-0.19076094613342	0.06388724880450253	-0.12283315129237592	0.11875477731743449	-0.32441284710571605	0.24366960487097847	-0.08087120249497873	0.2171499497542692	-0.5667727832164186	0.5359880339475492	-0.44335959452429446	-0.8169006649273896	0.7689140753911978	-0.20945070082437803	0.03305763672673363	-0.2100873974015169	0.32351361214885527	-0.2065604149903382	0.292997758581917	-0.3746118314464521	-0.9037975155629587	0.7039546093505554	-0.5714072196235229	-0.8500915698534866	0.37526422769392315	-1.197450037471294	-0.10180568706894468	1.1157604158237666	-0.2745115672135462	-0.2322390665118663	-1.8690498130063902	-0.1548526968791217	-0.527323942637883	0.5312533147045889	0.211666359566591	-0.5233504303613211	0.15837606626461076	-0.0359002135739113	0.07072644397247767	0.8648223190642719	-0.5649862924224823	0.23942533004247324	-0.09013357698039026	-0.6953814064075224	-0.9661932734065184	1.0428354468003447	-0.5271880608759361	0.27138205795316944	0.4532401223080162	-0.7511560151273252
DTXSID2048957	13.43961665776553	8.502485618929	-2.398298482786311	2.7659446762720012	0.9123991790349071	-4.885558582595101	3.6053670984654103	3.142736946085633	3.8403855694655595	-0.38640150184576105	-1.9998438094359323	0.31898691203561236	0.3926026516934299	1.5877059899695627	3.756928279829666	0.804882065199074	-0.880413782354981	1.356473698678176	0.8225328691222894	-1.6003180087224487	-1.3153711565035857	-2.0205095705439478	0.46353374687008597	-0.4982242905687485	0.8906586183008409	2.83270655079912	0.30202419629463034	3.248407066552939	3.6526942326961764	0.4120574082743342	0.30859554722911026	0.5033397562167328	1.8483471009993806	0.858180656692339	-2.4558313274990744	0.24037951835173882	-1.0905489939332484	4.2239019268247935	0.7633665174610234	2.1109407667263294	-1.5505544612603483	-1.2977556037955957	-3.557449311819228	-0.6729063587215579	1.7475899361048521	-0.1584179054686857	-5.409195765644803	3.3061724981900746	-3.1790708638151393	10.370085888475247	-1.337328445015767	0.18425878669642445	0.13934632642012126	-4.5795550684584345	-0.8742274987809122	2.413324622325972	-4.678833307519846	-5.486843817300886	0.8518372502962089	-0.7944577230480395	-2.8976497781164934	2.4713748793161905	-5.3729796439991215	-1.2882008690837852	-0.9137535922060963	3.2907240937448403	1.1643168478765098	1.6980407054995204	1.4619089325966934	2.0189432585391156	1.2331719020964875	-2.6589454247769093	2.063983223135575	-0.885839744761107	-0.3416146841618649	0.5686345825971937	-1.055627933409113	-1.1743080315163332	-1.6467910230232543	-4.328607653752354	1.4698677402580664	2.683050053200532	1.2373556482938675	-2.2902797984412953	1.301736168711367	0.5538528534780635	-1.9877278545196004	0.5921920954626946	-0.18577762328965342	0.506799074657796	-0.31715670063851553	-0.6087728482919197	1.4062560005955118	-0.27728318806820024	-1.339800475465301	-1.6374059514982446	0.4188035613114608	0.1108298474319923	-0.8712732568728149	-0.10793292560999024
DTXSID2022123	-4.818672598579045	-3.6884088140304923	-0.7622609270794397	0.17174046592882403	0.46987808910927936	-0.8851119986757023	-0.9373456363406262	-0.49093887193354985	-0.502229322227474	-1.3742814421168477	-0.5331591797124888	-0.10288348529026653	-0.8109953353216457	1.1216226719524083	-0.1194715011526625	-0.14428369983492778	0.6277444158095519	-0.37836686297695327	-0.2598621863827274	-0.9842967850141677	0.3345924539080033	-0.5647963499966137	1.3043324581842104	0.2636551010298082	-0.6874319035129794	-0.2266826029876644	-0.2290636862379808	0.7367790633413741	-0.17942637000883713	-0.39551660299560437	-0.24077403366250272	0.25613801015674287	0.3950059934488458	-0.8201426052913637	-0.3350383942896563	-0.537942002497177	-0.03565288858596068	0.178486108824632	0.31131770900463185	-0.1567837472764234	-0.0816518321719782	0.22537628385632463	-0.005523003236821786	0.37315714382817083	-0.3748078589504861	-0.07062633144276081	0.2722250472634233	-0.0150046332304204	-0.040384669104750325	0.2881909344133218	0.07982591822151919	0.21045162676908127	0.300889226528029	-0.05577298880552858	-0.048087747363762604	-0.12581376972160765	0.4563000280402644	-0.15962084793720266	-0.1769387043287285	0.13970502613183744	0.306629836525608	-0.04629087835719538	0.10015061553114231	0.21675279452307253	-0.1420974358000357	-0.23667656372394555	0.8722502323502394	-0.3871602588596627	0.061502347072592466	0.1730780465051251	-0.047296611047954705	0.24683055121885236	-0.21307552633153554	-0.06978662246157961	-1.489072406512858	-0.025374504456707088	-0.6240019565259024	0.07828012129999266	0.07340346692401195	-0.14744920874347966	-0.022367448187439312	0.5146741091641661	0.296382398216257	-0.1298098858045085	-0.2155553538279139	-0.28514046215075955	0.29477866192932045	-0.3062039637799536	-0.2896667465518396	0.007521135676818889	-0.48363799769562077	0.04242714625619506	0.3344377650445933	0.11671992007855744	-0.16581331218499146	-0.3513211554664751	-0.2516487082137148	0.1351023872953853	-0.19561187935871507	-0.16868905786303978
DTXSID3048601	6.737654402349312	2.122326146362627	-6.405323545783819	-1.3684203452211192	1.9151147203144574	-0.9108041707832075	7.662365476255384	-2.3647056464007985	-2.179587202969867	-3.835698324426784	-0.7028870707182002	0.3156681588532059	-1.4393937940856019	-1.2297687840193334	-1.3428850959909642	0.42966374244142824	3.060394782752668	8.598042792909379	0.2403059998913151	5.632418756037443	-4.130562672499479	3.1457832262314263	0.8978172290916568	-0.5947402060877938	-0.9619275035011818	-0.9691045068937412	-1.878730291895473	1.8485453449516758	0.399485162039988	-0.9289609394174542	-0.7748026294917199	1.5603961310181074	-0.3219992890779641	-1.9387310853550113	-0.7932599392624472	-1.1578658252245668	-1.3449410004882543	-0.7380342522580814	-0.16406628848962546	-0.6093286995439507	0.33194132661010034	1.156465596424674	-0.7536830960086263	-0.3980132979356643	0.41426244895501874	0.5922203989754431	-0.624227711222734	0.6018248462574249	-0.023364402906093498	-0.6233658116974111	-0.43041226063451477	0.9538732077706482	-0.5417403438158795	0.43076902413144963	0.21840696273377694	-1.0074345690507724	0.22218598424520739	1.0746957785403903	-0.8633616202695609	0.08174435303799087	-0.3774876509480297	-0.4688746434708358	-1.8896408165526128	0.9148389173733825	0.35543166056692016	-0.09212626520694246	0.1475482970132657	-0.8545874610155011	0.9212568181260206	-2.392471044532026	0.8600430863558322	-1.350118534946407	1.108161804702953	1.8449724270126413	-2.813896204082736	0.9569689849709626	1.5589136585680634	0.2544956305426008	0.9745740610510906	0.38194679306476903	-0.6589013003000738	1.1718343777077782	-0.6257919833515614	-1.6399959289841006	1.3682621613263555	-1.0428809805681645	-1.893937570033973	0.11379759433120008	0.5275658548729975	1.9306879324610655	-0.31376242833303736	0.8076606978308846	-1.6022068288350364	1.2537260477803474	1.6710800091121294	-1.472797854089774	0.3000076491568871	-0.030763321996573077	0.7071520717478781	-0.15887084406191465
DTXSID4020406	1.5537506146144913	4.741883979749063	-0.5539418036977748	2.7459814893738974	0.7301101817011005	-0.3042205587822929	-0.1639810833268444	3.7325159984655083	2.1536095913367475	-1.1958729553454013	0.22744569924537664	0.6563864313559449	-1.6720645458271042	1.906821543771419	3.8519296746937237	1.0001013683816569	0.223154880284828	-0.7202655510170284	-5.033191036566814	-2.942720877969159	-0.0825617094716631	7.213092209867336	2.148252035198621	2.5776613390053758	-3.914386540164749	0.9209440722708218	-0.2973631015661093	-2.898140706849385	-0.46392721302437107	-2.2476907529068844	0.7259537414552246	-0.34864228490602545	0.49775574824727925	0.1242874102261765	1.0057606000854071	-2.894086056402244	-5.312293989666687	3.439730239328569	-3.4405634326409014	10.950645725781248	0.06567342277374384	5.84896828483194	3.2605709770768216	-2.148267805970897	5.041392330563777	1.6881034596639855	4.25946090945455	0.168807395477956	1.107785410801984	-3.011318148130422	-0.06601359216531033	-2.127259319794597	-9.577266546625811	6.462599241299484	8.613957036759846	4.469636577738835	0.14326966284470397	-5.688452713319413	5.498906315206031	0.6226490033366421	-3.5578530611220374	5.1609965894519885	4.197919454410541	1.116856712828852	-2.3955864183497755	1.1304516665600886	0.9611919389122037	1.6538061427789927	-0.8289335838205348	-0.3641146096496519	-0.5628715451626131	-1.6260516985913995	0.547894145628557	-0.2341795754876106	-1.6752935698284115	0.4006520929581886	-0.9730541420325105	-0.8966228792186072	0.4388836623015949	-0.7021099148898012	-0.15352339971839837	-0.25756558525076817	-0.16150543811676835	-0.1670718663005269	-0.32190662856256536	-0.1871037458100565	-0.3059438757635713	-0.4526748300537609	0.6830813001869024	-0.2545520885330333	0.002938540883655644	-0.6316198554408822	0.19882988515165864	-0.30451503640668054	-0.1838809510522667	-0.10368965959062579	1.0630077748194948	-1.1462183005098774	-0.21827930342938115	-0.4726161602593566
DTXSID8044337	1.0065052055724044	1.694509117645058	-3.738168615821558	0.8477177857016619	-0.28838488115647926	0.7095978573095032	3.2970240427065405	-2.4831598331457183	-1.0438497490760696	-2.543750013940915	-0.39546082133745497	-1.9045383215938414	-2.1218432768170667	-1.4770633735061327	-0.08453491336460853	0.30163581557133906	-1.62301159190369	-1.1769642820186061	-0.9401627060884004	2.5216132536682823	-2.971225217939432	-0.9595077630614948	-0.7392276226380214	-0.08782389351208536	1.7241986129491742	-3.099253722561603	0.2556387744956649	-0.6905354430634418	1.4591011751460845	-0.2558762510751832	3.621224254811943	-1.7898617333646762	0.6184946272336113	0.6929033588422392	2.6793353122027863	-1.2481698308143	0.04984866619806539	0.7833935680306631	-0.8537947273117298	1.3612768965596416	0.8825428075145959	-0.4782355187332961	1.5940365478273093	2.5383875583703563	-1.137479957811132	0.8426902727462457	0.39162865889718423	-0.9408447855138901	1.2102884994421237	1.5168306161816782	0.7499613190310901	-0.9076763456371332	0.1857245965188688	-0.37590633796754597	-0.6673199166968288	-0.1238457861178517	-0.213123191338417	-0.8478027013079574	0.06469223744392046	-1.0376744922779744	-1.3480445380058066	0.34181152925623665	0.8156944981746337	-0.7189942152930017	-0.07755613053618118	-0.4025240517846819	-1.2856123999983362	1.3405738190326535	-0.7650720279962452	0.7891323064074837	0.23120837658877738	0.5229124656097567	-1.2512274827431864	0.6424081152897035	2.7733674798040417	-0.9733897319554055	0.36751120231476936	0.4059364692286273	-0.7340566342808456	-0.2337972564558752	0.6219192966053856	-0.35819373331334037	0.5945219082308737	0.558321494984619	-1.4371729842061618	-0.6493033120644149	1.6337509053508759	-0.17137929617145234	0.7748291637996646	-0.6645849069058127	-1.3842441529127218	-0.10575816996478674	-0.29749625225765547	-1.1084883224121802	-1.9532492660506842	3.4698880887468846	0.5141734493060074	1.2683348228390898	-0.3491627868534118	0.6956672889055616
DTXSID4046236	1.3765439992606452	3.0387007567634967	0.2907338319475121	0.9631378189781981	0.8444072656528354	-0.9174721248991632	-2.958063864009992	-0.46582705112673756	-0.6276577762700217	-2.7134808441865212	-1.1248376693505955	0.16078899794767312	-0.7855086248897906	1.8078415962202894	-0.8633047633792719	0.23258748400907206	-0.3229053641603262	-0.6816291757501899	1.441439312927148	0.04616772134318189	-0.13334109687334522	-0.08055877713402564	-0.2811965201785784	-0.18013297735827768	0.9102250828751315	-0.550794887916509	-0.9484846415664668	-0.11565117182458523	-0.1536476789290459	-0.03986383532688471	-0.573252858088791	-0.8974209481130342	0.6574699095039478	-0.12604662788823154	1.4149210693821421	-0.9537100032280753	1.1087314108929363	0.12079232881480391	0.7687371753308362	-0.29246353023714916	-0.02949945183199403	-0.04192906770742447	-0.1997818190415175	-0.2551752034162943	-0.508788150041607	0.5421883003731237	-0.057258363827113766	0.15600593151985526	-0.018392925348017463	0.05287449067591216	0.16625486377742732	0.04225020190686884	0.11006870493362297	-0.19485210083686075	0.3701512409167667	-0.003007879546718928	-0.12611045800513174	-0.29924249631690286	0.580144681521134	0.010288671583220992	-0.4269017558659376	0.6726032102113902	-0.020625896952261996	-0.4812892826217353	0.20837186997057627	-0.24788149988097105	-0.08486833530848432	0.22922151530610113	-1.2271690305997043	0.8752221690593476	1.6697342516541012	-0.4693386592854797	-0.34483731910913207	0.4360029125598278	-1.0827542493213174	-0.009609810677086194	-1.5259696088377461	0.17219099959870615	0.8097905865422373	-0.16796923043470766	0.06491815114209225	1.0566842493403132	0.9980118916979063	-0.7035207892429103	-0.674694065018066	-0.11503105598273461	0.7339177708830413	-0.8081492949612179	-0.2494717930745068	-0.07473149867675691	1.8610258005782971	0.15831463301328638	0.19395373340949004	-0.1382424135274849	-1.1827811670504702	-0.6888818347382256	-0.17750600236384476	0.27138593324011306	0.2120059078502954	0.05491577648534531
DTXSID1049350	-5.786604347888988	-2.0465639387769086	1.3435545622073592	-2.021011761562478	-1.478725335061365	1.893931875843071	0.6359346009818055	1.7852969952386002	-0.36398717089892285	0.43303815642304677	-0.1559986351186788	0.1875426249981352	0.5459509993983815	-0.42026862674795384	0.10948244040922359	-0.11859083378128916	-0.5105779674630159	-0.29912553589267304	-0.11908372426275021	-0.5004596767201419	-0.25313541027819036	-0.0390793806717635	0.9967827915487596	-0.1296677537651254	-0.07281004630892954	0.6045049364184087	0.3883163951254274	0.9655672032353406	0.06301909288306243	-0.15946713602352405	-0.03740203459943723	-0.028134701718787403	0.4953065398766502	-0.458063793830131	0.4818463098658576	0.04722347497946511	0.21429367554201922	-0.2596283241408696	0.24763972490687647	0.3543636494296561	0.13111076316162693	-0.23012977746588195	0.001001752186186301	0.25339886417457835	-0.1815375710781117	-0.05995429053150272	0.267409160985187	0.07372091225712148	0.23151461729144585	-0.047380976746863736	0.1505375481206774	0.10445514100740332	0.4031194706568665	-0.016929857222659692	0.2861365525778479	-0.34633341610433926	0.267414697732286	0.09483885241382285	0.17062245902503864	-0.2303171231079125	-0.07323629866528861	-0.13549935710457808	-0.34113540947901966	-0.028408642562648335	-0.30950859645429946	0.46386694329367695	0.8343505698840838	0.10633081351169366	-0.5688846179503907	0.3051290487271337	0.22139315622354475	0.26552979211193034	-0.3851336223332166	-0.6727624104129488	-0.5917393123625667	0.3829381840730115	-0.45971039790031076	-0.2446913059082185	0.3072129520164375	-0.40947903639953376	-0.3576075861207393	-0.6349983375365492	-0.2679047158476239	-0.6192999524273604	-0.2687012035458732	-0.11788187606118034	0.43767560803369737	0.3089216258310574	-0.1513901606781464	-0.15371664492546397	-0.36632586989150173	0.06860897736877108	-0.0009271254994692486	-0.013081548053069561	0.2979234524949571	0.036334262528060074	0.129784146648305	0.08570572754111115	-0.027474897805727594	-0.10813954634827054
DTXSID5037523	1.888887037067547	0.2626576430042125	-0.8463963838785592	-2.059509993205607	0.27867282568719204	-0.928893827509534	3.1316450703599727	-0.2762838861622403	-2.4828792172707796	-1.4808988059894186	-2.7055288308144716	0.8059233972976717	-1.218074138757984	0.2368133849855224	-0.11279724281249212	0.8975072562460659	3.041201129601544	9.829691754024479	1.45001740559239	5.06273094660286	-3.0095773641023507	2.6179529402271733	1.9895782660020052	-0.5574714711051498	0.2854775122572482	-0.7939126070986592	-1.9097199311364754	-0.19325498421297843	-0.5422895413406768	-0.024118203242454544	-0.7366130038023022	0.43400421904708303	0.7984904585974167	-0.4929258616126637	0.03612990623943559	0.23109514835911876	-0.3010465170457645	-0.1498452834353579	-0.03683407202707878	0.5288992704897945	0.8437967410082029	0.8340466681479258	-0.804872580016115	-0.1407811769683815	-0.3138214784962747	0.4673252266255408	-0.6706526771837011	-0.016915910052745547	-0.020479380349935006	-0.307226662812768	0.08833658819496794	0.017104598936349115	-0.035589819340732805	0.3222670489123146	0.23776032006347528	-0.24585445663205854	0.18338948688909038	0.6273859068577988	-0.01647178082977882	-0.14532293333425542	0.03881860169262686	0.41689783782733164	-0.9278352150251201	0.17917289870789427	-0.11069921292087535	-0.0050802609340972965	-0.46343075953005647	0.2872870179445647	0.3458716947283998	0.4137240248012047	0.6958409096870749	-0.4696838013741547	-0.13949902714539633	1.843842455327794	0.1138718185953237	0.37120362923829464	0.5316328159134411	0.45869969649326037	0.7644507434975594	-0.7938205641232824	0.2440983113695231	0.429719312016488	-0.49580857527016997	-0.8324293025242594	0.25222005769012135	0.12127005029228762	0.09047711260600613	-0.34479369441160485	0.29596374818793497	-0.06596221987203739	-0.02030973210490641	-0.2089839768522507	0.4695512804857277	0.4086563154826628	-0.22251795668758334	-0.7281942640510757	-0.5069199388701964	-0.1674778329599615	-0.008022073695056269	0.1737718056772292
DTXSID3034614	7.167729056419013	1.668123673739544	-7.2030326967737155	-2.3030489218794137	4.487009091451525	0.7533951300202882	2.9688329815521324	-2.0784350623281007	-0.36251567227666187	-2.3217572923558483	-2.961521812538603	-0.3454609572071079	-1.531372938738765	0.7976190803161886	1.574563325204335	-0.1635389287369062	0.07070753888588575	0.3739590684924754	0.5728864408184472	-0.21297268002353745	-1.0757739285024301	-0.40134940065936686	-1.2232593215726666	0.7176482002689993	0.39663997150915725	0.3441681611779323	2.5351874998437864	0.9984300578851679	0.41995150176340285	0.6231101475047031	-0.3367125789571287	-2.1914520271345883	1.3378301589566886	0.16934268085482387	2.180301082283035	-1.1892253774920323	0.618049062971885	-2.010015017506774	0.5430318599584643	-0.33602349642477436	0.386599825938658	1.0431976790549369	-0.6062762609192294	-0.34477288391934857	0.14969833728991036	-0.24385767463434224	-1.9562664780776533	-0.6461953966356139	-0.22739657871411414	-0.7139922713878	0.3749499947209725	-0.5724201961987512	0.19066652002403506	0.7050062720152966	-0.07146777696948806	-0.5181532937514797	0.8521798098688532	0.7202171164899506	1.5558875769889249	0.434956750452605	-2.0668728704812454	0.7355386268618948	-0.32197941962617993	-1.3154496604489962	-0.07569467611426249	0.9180003132070838	-0.35693225401595924	-0.18753868182555847	0.7633857268502207	-0.7251089317610533	1.152309620090358	-0.36929324339955116	-0.04643169459228952	-1.42929238370839	-0.9839494242581829	-0.9513074623199235	-0.022760466905131112	1.6604366099804009	1.5595108289555901	0.15635557947092898	-1.1301907340184014	0.01584875682406733	-0.4603626346873498	-0.2524892858594141	-1.041509028820159	-1.0521929935945755	0.5844770324010307	1.9622335335144419	-0.40906403395115437	-0.25754946707597987	-0.7808989080973174	1.2795327877038818	0.20701432876919773	-0.8047944874998524	-1.0207861749431686	-1.4189646458336276	0.4083270521965971	-0.371935444097798	-0.7363675457944594	-0.7096583031320874
DTXSID9046073	-2.1738653633372707	-0.07822904605634837	-2.145964657171702	1.1775292580282213	3.260802145063906	-1.3676399616738135	-2.7377754973133115	1.0432955212902044	-0.3219233207828232	-0.680991091033176	2.425721612278077	-1.1241477285102708	1.5758285250549122	-0.49220050022799683	0.870866454384552	-0.15030930223571004	0.5516777002154578	0.712815482482343	0.21359788297957	-0.17133920722008755	0.6681824328316565	-0.14706377202588058	0.3115658805638987	0.3409560746054254	0.18823452922530384	0.16100029309223	0.34877036691965757	0.08201052459722252	-0.014280177421295746	0.08932126325828854	0.801004569785706	0.1870056206257262	0.25647985236549686	0.14447790176109518	0.3097071334405024	-0.21031128907042843	-0.14544543306131677	-0.24208933995614687	0.1356834597614916	0.36905102718087684	-0.01468398560009078	0.14147792910783383	-0.9237865765173929	0.30238903400290534	-0.33062195173622266	0.35238473740901016	0.37724083931389363	-0.6466428346443968	0.05970543298809534	0.11352465291598848	-0.1915995163936235	-0.2073037805065645	-0.2648540809992757	-0.08959236905704299	0.10003246395707449	-0.18100494457650423	-0.13081828069203302	-0.1902923286395946	-1.319635875958544	-0.024847874786402296	-0.38055663276087365	-0.4388739034727864	0.29032019181862584	0.6521606698861646	-0.2957848014958751	-0.7064820741100007	-0.8514065860404267	0.267397012700731	-0.36268548605082224	-0.8907063653551262	0.5521392646264197	-0.0382237412243191	-0.1591371372722336	-0.12866278666568243	-0.15440430018339743	-0.5026277291814826	0.28039018379435415	0.6180628800848653	0.37125860783444453	-0.35507067149993043	-0.4726704153440116	-0.14660247014981828	-0.2677403989686495	-0.07616117493971297	-0.057226491746733284	0.08418497620485303	0.5890786581510965	0.5098560834316663	-0.23297140406412942	0.22839424891797813	0.07217837718785246	-0.37287964496207515	0.793393161411801	-0.13367628963814632	-0.09450972379118013	0.2602148172066167	0.6542764727952796	0.4537651621106084	0.7851461804420774	-0.6597789769541677
DTXSID1026906	-0.6344846380537279	-0.6897935556309049	5.140816125393035	-4.565080826822289	-1.7777980346373672	-3.6851781025257138	1.2180447043914344	-0.32744725352779097	1.1862086834670567	0.7793023861239418	0.7617544250568401	0.6786444630096696	1.8387463465617109	-1.6395433395677306	-1.5270728320870541	-0.30740623386617305	-1.0666877950637665	-0.6150114824258011	-0.17922190717572775	0.7757120357103057	-0.5140977735368475	0.6544285643911097	-0.9892520548524956	-0.29908426104304325	-0.9363536579542371	0.033668728750182925	1.1122682737104823	0.6409921813064662	0.34515743618876304	0.8667738769907034	0.977558363105758	-0.9732165873612734	0.11601577708593527	-0.2525468974842753	-0.20303066087091742	0.35644464928341635	-1.1172548853007365	-0.236175513894514	0.10108702777433001	0.30571690489517445	0.21464426649889704	0.33914305689827673	-0.48450841205175643	-0.2085839232589757	0.28338070600279736	0.10227586894729745	0.38500694315092776	-0.16595284637903432	0.012356748509672869	-0.5696626752406941	-0.036549968213464956	-0.1900811703339802	-0.04484873802097291	0.17836407215477135	0.03684392798412191	-0.04703532152688981	-0.22542926908185074	0.5049131986332864	-0.05764808711508957	-0.15587200383080024	0.31077059518455863	-0.346524878180466	-0.7337820292916684	0.08318458702283318	0.32498066297308653	0.41124450216122976	-0.5281352118051016	0.4207373415465791	-0.1172669993628546	-0.15773080188617636	0.40204461144757814	0.2634994683755299	0.15016460965722997	-0.07144278786829418	-0.17288543619982208	0.3000977910783574	0.015630115304362886	0.7178398043695015	0.263920272061331	0.04229181354495567	0.22387511237396038	0.47794157348246874	-0.45971329618357776	-0.3461441924737072	0.013882579810550988	0.006971408099339237	-0.19782386487317224	-1.050755274283462	0.5842234339906603	-0.696050442492849	-0.27510918888155994	-0.4112915688084988	-0.368472070466666	0.04473995865124141	0.6129763631673464	0.13136090433760395	0.4308540652921146	0.22267428549412863	0.4860949922185623	-0.27808604439354767
DTXSID7057810	1.100909772120472	2.275022487357545	-0.039161189442796736	1.059393307415467	0.5505483128593606	-2.120151284230608	2.948916722282606	-0.5951111047601404	-0.45391522419323227	-3.690901158391949	0.14755582562731082	-0.35182191128257156	-0.9424771649913541	1.5465460496624568	-0.5604876988961236	-0.5482267946818529	1.223266730948756	-0.03924754330755237	-0.06554731840825025	-0.7927744457090827	-0.8560126328669202	-0.548536242403062	0.04950121443544564	0.5233150377509355	-0.7933882482323237	0.5719697851795436	-0.25029778795591173	-0.714421209133346	0.12789529767251773	-0.7639315783142892	-1.8003248813938306	0.9375806301417727	-1.4342954681744695	-0.3018549226287754	0.3637601904578701	0.28418778468958916	-0.7276649724955973	0.8978902055320509	-0.4380116586833304	-0.7845187485013524	-0.9589704112648074	-0.14672326794536536	-0.043925537932418816	-0.1992059994932978	0.025259142077681485	-0.18514434919727984	0.5303439045091641	-0.2945641512556814	-0.7161895584197616	-0.14828564363096894	-0.4705447441165354	0.22392755656164526	-0.4167185358415896	-0.5228382793255834	-0.5681337204031154	-0.018641379121961885	-1.1690753923952288	0.7108865215442846	-0.7121779816177372	0.6428556420299651	0.055757174783606055	0.26390693240004587	0.22534471882952473	0.8742614293735981	-0.06731989298163411	-0.23807599711921404	0.10457571410393397	-1.8405403848333366	0.4468485168399974	-0.7150439879500543	0.019934337147090583	-1.9304339379380244	1.2084798089195665	-0.32495902621839684	-0.3440652625678147	0.4075331608045829	0.4144125799529122	0.19336931379962446	-0.692306970467127	-0.4472109967620607	-0.7171086928492312	-0.43565179661126374	-0.4244317838392146	0.5731556598077573	0.27948142819190946	1.188817451444225	0.58830066860247	-0.5778810248621643	-0.7957639396728593	-0.5523944887160759	0.20657863048662398	0.0010261356201810973	0.5557654178169532	-0.37185628164295986	0.49461702679246483	0.23290103498379788	-0.4828395027438253	-0.44305353251777424	0.9046201981284867	0.0976197402188213
DTXSID3026984	-3.8427279844053808	0.3357580197184353	-1.0262400099218738	0.9679568665931518	1.6802361022310004	1.6774047196379984	-0.6904940254273942	-0.9994726327938155	-0.5814020029288383	0.2691291309716616	0.514228755969412	7.254421266976159	-0.5661756122084435	-1.7419538528246634	0.5701719955835909	-1.317354124879195	-0.39000562400980016	0.08983879813185873	0.1957442193824052	-0.852185487603069	-0.008614216723083675	-0.33497401658459774	0.5261584559420635	0.6598055432854394	-0.19515216604101712	-0.5890720546473839	0.3270895273054284	-1.0549662642389828	0.07251968933540022	0.17504679954132998	-0.6516589444233061	-0.03822625050775777	0.3640286095300906	0.044148447893528446	-0.2719081173510773	0.14565177899881865	0.08523222992074524	0.5676748240518725	-0.02161137930357604	-0.06593379662295751	-0.15674162631710867	0.06111074424395247	-0.22986341951361947	0.0431935861459872	-0.6422510591776908	0.236197451407202	0.3350440265727952	-0.09026947136717328	0.03164652004307118	0.32375719714796714	-0.07052051266695765	0.16010922442307848	-0.10343353865794469	-0.11021798725231062	0.03328908123406861	-0.07621879423103506	-0.18432788814647347	-0.1791752343395814	-0.3658580116978223	-0.260984462218461	0.4157265924070328	-0.17512518424461773	0.11682686637935258	0.11710205540416549	-0.16180057056731362	-0.2334674456958478	0.12397949249951297	0.18675374270244224	-0.3802687669582087	0.17781718869022145	0.12193615716976589	-0.05565825437685826	-0.48715841622630507	0.2550355371297205	0.3405075775106786	0.09986545089184069	0.27020268196001945	-0.49238664259221215	-0.19309907478749852	-0.550025303855556	0.14969456104119047	0.24853759053884816	0.011865615463765548	0.6356714225992464	-0.3745328052896675	0.31260579407437356	0.946654149167379	-0.44082616021720505	1.3859335913583475	0.9765478301837065	-0.6287293384856281	0.5276148899397984	0.08237862940609443	0.42712040292670905	0.06524174062360873	-0.6240579137614354	0.24981671688457793	0.09654360398493927	-0.17986400509898254	-0.36399888913303546
DTXSID1044772	-1.8768767972285483	-1.844008113867697	3.169414924247853	-0.9345028266114351	0.8078779354482123	-1.3227715283941246	0.039134620975502465	-0.3973783160924405	0.00921669188061181	0.007262360284830907	-0.6371662562719017	0.7136041239235814	0.051735296657219855	0.5231928205569052	-0.008713472592934845	-0.3756473122952724	0.6974434740087603	0.20616755744166076	0.5816097109885843	-1.2041657557691152	0.1993371987397994	-0.28233992103410704	1.1551900585371926	0.04717871936006295	0.3387047269282029	0.03834190244099003	-0.04402517462833257	0.0353811275001856	0.033647909494928296	-0.32907686045868745	0.8445581716577854	1.1690744040328724	0.8374453971758236	0.22603920455944507	-0.5619203322009168	-0.43559839070685225	0.5119246634303413	-0.2666282483465392	-0.6946517726340232	-0.7443273360901584	0.04451352227684971	-0.15928439765930635	-0.20187182911923854	-0.09208770158402116	0.10713770433959342	-0.20368274983754064	-0.3850650635123614	-0.2812258851325109	0.0010104590356321724	0.0011976454305993745	-0.08917211879331578	-0.48992368675433307	0.03453652397242453	-0.061297433428265165	0.016611393366143406	0.35520341528669047	0.10427842299124217	0.14296156304624197	-0.07996829921707924	0.5256801453675244	-0.3095609492352177	0.5078131676068169	0.353262153905213	-0.015340060219202882	-0.5876555380395245	-0.5487243085127761	0.4393628430122484	-0.6136620126286997	0.06045227011917876	0.2685894790398273	-0.12247985215743164	-0.03602832959835775	0.033765308839713536	-0.2596453403211302	0.36428752439058026	-0.30382738927792635	-0.5927371333925905	0.9923946637801462	-0.5220667951392575	0.6212112860881391	-0.5935009419379581	-0.21529118742101874	-0.20264778476389256	0.15441820467418446	-0.14060824883338355	-0.48837212644274003	-0.1799137762024422	0.11850583014648715	-0.2433686975299541	0.6842713434803993	-0.5178851308881087	0.38083051950925506	-0.5629693444834589	-0.8606499737828647	-0.3529923372800639	0.4778136408817036	0.07749606499901622	0.0225687729757591	-0.1171246025048193	-0.34657148159729045
DTXSID2057819	3.710100457133513	4.4652259270601595	1.4730343240442376	2.675308383437138	0.5980579319612696	-1.8226327847783523	-0.6524530710615442	0.5519944460961219	2.303478261544323	2.444913204190627	-0.18036738945485092	-1.7703976761949114	0.25092370041769246	-0.3284446735690372	-0.27486488154406136	-0.4769293802865364	0.21374055179320134	0.23160958401701956	0.6878878467584059	-0.749010204959649	-0.860197471698108	-0.07088221951067467	0.045850906941663355	0.42384407199014545	-1.381356026714364	0.6201503091995024	-0.6696701101689945	-0.6831655364324796	-0.6112852053667961	-1.0233545731835731	-0.8170408571326893	-0.3196849189523968	-2.4328378265742554	2.726623476344559	0.610276317128603	-2.412444813582506	-1.0829863253077627	-0.08806280559430052	2.375833049826197	-0.9996771761600142	1.9037334348796802	-0.7245419360144824	-1.709309602780492	0.5181456215074297	-1.0866728960945997	0.20791157759787815	-1.659649653827283	0.8130035957192446	0.730671394333833	1.5134920921532933	0.8723575601028899	1.3521604842584658	0.4299143929122501	0.6188168693902182	0.9070191289023508	0.022458728815497105	0.7476399993742151	1.127092881597005	1.7042604471502782	-0.2167206194407525	-0.07814922624623094	2.8463157928300293	0.2099003253027646	-0.8354361162988853	-1.1048918742048048	0.538062291740838	-0.5865468677924168	-0.9381614330963824	-0.009343892493641974	0.9423657396626253	-0.05191917344438255	0.6327989876170818	-0.7805394135186511	0.16920649538379917	-0.10326900067144988	0.8673932092813743	1.2177341564689632	0.7056798705500599	0.342227149571644	0.12348125032174793	-1.1525978078758552	-0.08219487218252756	-0.4653616514760688	-0.09682725735219974	0.2109820488804335	-0.31599973803923154	1.5727573351494188	1.2088938613528457	0.03474323329872616	-0.6880590875783017	0.3436099409200316	-0.4364544225098854	0.7882761824183684	0.2587702752959594	-0.6107696450274278	0.5774343609935063	-0.3682308175452095	-0.04797797395832952	0.11754215016222222	-0.017911787528754698
DTXSID6045088	-0.8319559885077742	-1.145377742661198	-2.737911411367937	0.9948084526791743	-1.1689995359452354	0.2750978753470845	1.5515885922394188	-0.02388217930264431	-3.3943523381724083	1.0922598432729527	-1.6436388455019924	-0.36466232493272777	1.6475575219357064	0.5367412073583572	-0.24484274914530713	-0.9112484511329755	-1.3677111154417598	-0.44324416870478606	-0.7152227112354249	0.4826335403990625	-2.142936569466966	-0.49818949302372056	1.4165271211481636	0.21621321968639493	0.605751343273601	-0.21307036771989815	-0.3805063758770257	0.39714681505364047	0.7311205282200068	-1.1531546410677564	0.14908855156266748	-0.8089308705394331	0.5433052397506186	0.5218016066985559	1.6848676589089686	0.3041411351945964	0.20606158763228805	0.5382605848339181	-1.2613196190643143	0.19123214701169494	1.3079839885510924	-0.8076398492930718	0.9367986826827082	1.1007980522165093	-1.5293408102089332	0.1174610100185456	0.24736559753012094	-0.6590759678152713	0.505024374536242	-0.04451049768085446	0.23527433235803916	-0.41646189372431636	0.23739731975867662	-0.161361389471887	-0.49196492193694863	-0.03864236478238817	0.3861550872357565	-0.02792684352401696	-0.17537301396236618	-1.3702351714164198	-0.8523574918065742	0.04969079861875213	0.4685511692482313	-0.10549827722016085	-0.5395183499286578	0.2344641458911885	0.11146987028722534	1.2965216524826488	-0.34367861799369115	-0.14500228836523824	-0.3808796262822743	-0.29789512825310105	-0.5834466432043328	-0.5621787433069717	0.3322742888513195	1.2717123764061344	0.19839781854345398	1.0346294550556194	0.8809304005208692	-1.2179436083809638	-0.02739414383196898	-0.2038482309317678	-0.39396963668499546	1.4905814970454139	-1.006556845553026	-0.4363721798650805	-0.32104486654735875	0.3489784674180336	-0.5989769735162713	-0.560358425663184	1.8102632285974547	1.05082182706087	0.07654539990707067	-0.43976395027165127	0.1954686337069011	-0.5351648400906017	-0.24821878558385793	0.5832323075257009	-1.0826686306496025	-0.49827690985909145
DTXSID8045565	9.327359295005191	5.915665488380037	-0.8782518198806555	-0.7072300462219876	-2.9244252921351506	-1.0738057872519382	3.463948305250104	2.7722650175157044	-2.693646841105066	1.2473218618897983	-0.33417027373953484	0.06649110956607633	0.07457180655496869	1.0975257466239172	1.6183147686703951	0.48261001907316037	-2.033588779122451	-0.289281643959644	0.8132496163235332	-1.434378208038792	-1.7175895748774859	-0.8902613201472698	0.8062754732485905	0.3720059554788883	0.3735454445619109	-0.09068154332431329	-0.10645032065545379	2.205904703601296	0.9884232804978976	-1.4647735350528337	0.06385574813255329	0.09994142536500283	1.3850633554788265	0.24948590299136505	0.1357558615533521	0.2319037265259094	1.4307761837786785	0.35194323464140737	-0.47576934062560705	-0.993931757070882	0.3538743261809545	-0.5588833326196003	0.807573070343548	0.8526405614372846	-0.6727017279966359	0.5208759442972151	-0.7180118019351178	-0.20577528531224726	0.9207832375265106	-0.13543074523135784	0.5066088046396969	0.2004036872977963	0.28025957002780505	0.12239721430820084	0.4505758540697032	-1.399559903688107	1.171736884369985	0.06155163602271308	1.4720506368871202	-0.5250554742728879	-0.8141678371680342	0.6017069863935051	-0.29973370444009584	-2.714586850660248	-1.3468690084228867	0.5211228888374301	1.2030676034760641	0.18950793362452348	1.6318794998178046	2.0336871451650587	0.24694761796764877	-0.7205308796337687	-0.04204391473341527	-0.9173594104308136	0.09601738227841562	0.21091657909926245	-0.03499289711181055	-1.173274255137716	0.5042759245301113	-2.15893870693396	-2.266178727797549	0.3369462533549182	-1.3178894561306171	0.13208583846540325	-0.836155811929777	-0.4286807271495584	1.5787118172414016	0.33971134090876204	-1.7959281273358003	0.33841636604980074	-0.5431169736044402	-0.5214203073120293	-0.5619442660375831	-0.509666194858048	1.1753417580484122	0.10871781532276842	-0.2463497087218572	-0.46054774655859726	0.5787897385364593	-0.2888209511273186
DTXSID5025948	0.17546221338536205	-4.607245696366193	-5.60415110143897	-7.300893374376369	1.8469862511156343	1.2282976403660901	-3.6018150410676992	-4.01829257972658	-3.748970040830803	0.954207830443355	-4.0004315948485525	-5.631709126342921	-8.577241166818274	-5.396629609197151	3.3574630902849067	2.0577817579343054	-0.7071408458233285	-2.0768065183708733	2.871663170127794	-0.6646260217928711	-1.3386510319007312	-0.7875392265719429	0.8015887413977625	-1.4422025938354048	-0.7001632820721121	-1.368830829104141	1.6623601559338719	-2.5494955993402413	1.0980530720388386	1.608610737800754	0.7309499869710666	-3.8386197781571183	0.6482729208734794	0.06414144242388264	0.8805148554150833	0.3322081406827817	-0.9056615755334574	0.3669232113222371	0.042379305575345715	1.246312132873276	-0.05590133072329486	0.0079633377021578	0.2192573033173197	0.47768766379865957	0.049788115062502206	0.4640579525322747	-0.37361470355417203	0.011750103197326998	0.044406391439693334	0.7059590654802443	0.28156276166769356	-0.31512188088287413	0.8199884313260435	0.3161247598374467	0.5900948012968116	0.07232025639344636	0.4190267026954446	0.18143403685227544	0.3159009280932559	0.7333267486478646	0.076113391162198	0.47097651513483224	-0.5184969927844223	1.094859890391001	1.2376964798554477	-2.094367630478607	-1.338236147060784	-0.37656826039149854	0.9462835314611123	-1.293207498011929	-0.25122413660018944	-1.426457279044584	-0.18825271872767105	-1.01114024948123	0.4321884378076805	0.9022005692434792	0.8750434525988955	0.6451460824637539	0.2829597014668624	0.6434148372958849	0.7042285749092051	-0.2853945272650991	-1.1314954157971642	-0.04455887494301003	0.20315326703025371	0.7135404947517183	-0.6905742503448172	0.3278366467162191	1.22229838948547	-0.7746197278065234	2.074379730567283	0.7147663157690595	-0.28576737570169525	0.6501463285074432	-1.9814709144254665	0.004681556338309677	0.1847577336340335	-0.7946244621961944	-1.3813741700814974	-0.14186533942260876
DTXSID2044848	-3.182233653484081	-2.644176349592909	0.3937174309243164	-0.04576877899471645	1.7171360657020711	-1.6820944215153846	0.1933961458396352	0.7019913781615664	0.3963346035479527	-0.157461493429873	-1.5288220224175626	-0.22958878790600928	0.30627322901909215	0.30455213582020135	0.5114564143714839	0.289159632503828	0.6979539623402962	0.1591546286653856	0.0305422209067426	-0.9793144683557395	0.2722393426099592	-0.5609877399311931	0.8162212761587109	0.34276862051725143	-0.4057265807268443	-0.2708778144852463	0.4293072533088241	-0.12559155529345614	-0.11756874936554099	-0.12382214416271012	-0.0691726014679706	0.6870187357982165	0.5461050550916864	-0.037404412960538244	-0.08278047933280067	-0.0813662721432774	0.12176732061493459	-0.12857686439519908	0.06613806966312007	-0.18023353122239297	0.031239150962581848	0.5787251177779997	-0.5226050788003986	0.26189888842841547	-0.45557313265632726	0.19505858930430967	-0.281155341165984	-0.24291665274738186	0.17760222196884823	0.5509783732557436	0.15511755117904655	0.07953082046730553	0.1008283875832221	0.31009433408640397	-0.1416034847152665	0.44717909110151877	0.40680719884266175	0.3692171591448831	-0.4318652140275179	0.44804913634926874	0.11397476048324981	0.49778755278753994	0.3413138560773449	-0.1784858522796037	-0.484424378883232	-0.3952343050434343	-0.034816711445773266	-0.33033726977126754	0.4079276410614032	1.032077575013648	-0.13870833084108428	0.6479508725460397	-0.5059817761217886	0.6945259539951153	-0.4632754994370059	0.007545849302991292	-0.9688205789315577	0.8952799472541553	-0.021987705663538273	-1.0234455770227355	0.6304760637905052	-0.24170048734802596	0.21897465814174769	0.6183715701112894	-0.3287909350350482	-0.41608272466915985	-0.5600710714924898	0.19314556225241444	-0.5243284687898446	0.23206056709653514	-0.8698802955579871	-0.1696655722313512	0.6659676396780074	-0.18373070770692124	0.05366465593844245	-0.14910391134576276	0.36246826113400205	0.03537998342214799	0.551262476562833	-0.7595108406501155
DTXSID5044605	6.078619440744634	4.039806228143641	2.387902115916754	0.9639166067529769	2.0765770937199	-1.9208195206659437	-1.2086038706562652	0.862873520215929	0.7980574870836108	1.804138114684178	1.1598640916750487	-0.08497981017529153	-0.41190628342598745	1.7104739516825491	-1.0460593352363312	2.1045137197807176	-2.2109593143454678	0.36401347843807597	-0.8835276607449114	0.5087554161556159	1.1631312895428059	0.4618596921370835	0.6932672824204776	-1.3240504482391977	1.2078768974543133	0.6420551066466573	1.3388493034441464	-0.37655450676718705	0.35765213655914213	0.21005964844938127	0.24108404456162041	0.24914677562137652	-0.19230181621064152	-0.8486177620439643	0.4433665320585445	1.1850544265144523	0.31028472530568535	0.7067846302383873	0.38812480389040854	0.22378553356162045	0.1347725324347082	-0.2752493553310046	0.48502755325381103	-0.3996523107389533	0.6981037462566668	0.4585469881427641	0.14472698006079063	1.5101796984177553	0.03962304628982572	0.7344872458473245	-0.0028299539319766344	1.0696249946291378	0.22457457920917118	0.10100443662866385	0.5829549076095514	-0.7720660254362756	-0.0041878971244856495	-0.3237937671625905	0.12320792903632485	0.25934099399377925	-0.34297634389458836	-0.7178936378137097	0.053767255708116364	-0.4618270956360586	0.07699493126595329	-0.2116582929684242	1.057089331045235	0.10558354441615066	0.6535925044916249	1.0817504646083878	-0.46554965846136237	-0.21893076413234397	0.034997907128123625	0.2900815822606831	0.09360322604794313	1.0692187309137022	0.5657403617944314	-0.44043293937337336	-0.611024492388165	0.5440938173805113	0.36934393663155957	-0.871430867022038	0.4285270942977496	-0.9974569398318304	0.504588664732925	0.10432479727893984	2.2769796517865166	1.4253029000791644	-0.6685615418855964	-0.2799447422102696	0.2260995152909295	-0.11518689567978099	0.6937609504742531	-0.3294814248479074	-0.252915395092921	0.36315278111197313	-0.9657024676036154	-0.1929827463072038	1.3664377006662056	-0.9426235118424431
DTXSID9023702	-2.5908882211449753	-3.1990504019707693	-1.8456430025577657	-0.543103802221695	-1.419190000446373	-3.1073808689381046	0.4970058590401372	0.858156911903615	-0.3242297692375745	5.376633123943367	-0.25153596560483776	-1.0008551300815927	0.029458313844813972	1.3559886125382394	0.285268059896414	1.3966082905688013	-2.160385740467226	0.6668403380873617	0.5387830483005993	0.03316516300865774	0.17813478949674094	0.8736985527169969	-0.8248785373920559	-1.1373116674013641	0.937612672052695	-0.1609448831502116	0.440000204955789	0.04180845374740886	0.5970319428921166	-0.8461370831971816	0.30844538370153424	0.1414100540097057	-0.7007886797897814	0.021022499077679037	-0.11133104956084668	-0.7287250401090419	0.05156913918255994	0.03943481420385021	0.6645099675675459	0.019230511375170362	0.2284205526913001	-0.7425872968843211	0.6077635119847797	0.27358524105681875	-0.48960068539297724	0.6952661115454296	-0.38955091718680357	0.9185562023259531	0.2451707128109463	0.7258004452660105	-0.05637557699075186	0.27687999005600156	0.10776378944714202	0.19218896660216747	0.5883804528555336	-0.5664667288125825	-0.14960076052488483	-0.14452686537882561	-0.1772565192231742	-0.25517257939271365	-0.2503924306844336	0.08022094674784518	-0.1257809158655894	0.19308491013916146	-0.3152854130454821	-0.32988492579360407	0.6631839580553864	-0.2734728855466677	-1.5914313831086722	0.03415847850418722	0.5477377589299963	-0.3022917937182705	0.15761236373553267	-0.1347706034531748	0.605391860136341	1.4556064156770607	-0.01666623696726911	-1.153461630121968	0.3391252377104599	0.16139126322569342	-0.306019765842663	0.314033061840177	1.5628677399567437	0.44244167517736427	-1.2124358730801659	-0.9919405418925874	-0.631508415292059	0.35370414693934393	0.05343439229140327	-0.49641331261637955	-0.32626817966744914	1.2805883294234626	2.0023107196250005	-0.4996865965029572	0.9674150122242217	-0.25397321511913123	-0.9904799382037945	-0.43462544283442095	1.6587604243876526	-1.5946313619699302
DTXSID2021496	-7.461453481708993	-2.564076160709273	-0.2120154559188767	-0.011314884669208223	-0.7243594355632766	1.5976129428272865	0.4583588821535434	-0.16787098235621378	-0.7564104136687197	0.05795371629316143	-0.35930038379124374	1.3505873461910916	1.2162931373823866	0.6329947336887026	1.1398991299292796	3.134091596186	3.442758825134739	-2.510567523231936	0.8151233522733161	1.4706166900808455	-0.7346311868439588	-1.392954432120957	-0.3899942790872438	-0.04524004230859443	-0.7575699822091928	0.6999088953896537	-0.9438323001267959	-0.050714786868082874	-1.2916057333460584	0.6302294497113331	0.8706820278134475	0.52152661523942	0.6771050518878129	-0.6426370599472679	0.1848983073431992	-1.017103474289486	-0.5162499579233041	0.8014710687622278	0.05763688745577479	0.4949704504809183	0.4855274038743993	0.006895264689672253	-0.9051612511298701	0.19138281610244373	0.3622510892985848	-1.358917100269348	-0.3483336560130084	-0.1083505502204055	0.1946681247217567	-0.2777607426112601	0.28814815288528967	-0.20639147145322942	-0.3265124858670184	0.071637275969449	-0.6186011645540535	0.4619272127988022	0.6709730516255603	0.3918356556027379	1.2056468048585547	0.07158226991739797	0.47399340609273777	-0.8538922099791306	-1.0513913111233657	0.27646385708834176	-0.15840690252745376	-0.5537365542753294	0.36045616288428284	0.49116508598399183	-0.09559606465762145	1.1628916416746615	-0.9154092777314415	-0.13659908389499656	-1.034089201908641	-0.8784950491603616	-0.9466650600588021	-0.06686566827763354	-0.055853718082401436	0.004471381008951497	-0.5804162745039525	0.0249034950167754	0.19593016327895127	-0.6005392469020299	-0.3972896254936387	-0.13480972015548937	0.2756913569369157	-0.03260731010448887	-0.22196256033455303	-0.16562270912444366	-0.05800629736960306	0.15400097195875895	-0.4356208697497536	0.3942498614234947	0.3769696654297948	-0.41001147864729376	0.5490902284724831	-0.052288760998448286	-0.07988454770079645	0.2775945040922158	-0.15746932767965424	-0.38155881619085
DTXSID2040783	-0.7378386578012976	-0.3964160329586044	4.29479231630163	-0.9841468300095177	-1.0784070096687348	-1.2790163441882156	0.45176048578454514	-0.9467898810888918	0.6807224914599562	0.8898108120348246	0.2816545909327263	-0.12749277720210725	0.9909976160854523	-0.22079662872346933	-0.04454148299218431	-0.05341351453246362	0.9132473405339048	0.6431379797138829	-0.297268117275023	-1.3679048623127605	-0.3913910416181775	-0.7060102527635224	1.7205423108275228	0.09882348119348179	-0.14166109510689456	-0.18412824010657047	0.3692851096695176	-0.3240026722634966	0.25529923518128655	-0.4124680747102442	-0.18691885844010456	0.7479832931538113	1.270835389874307	0.23094940058683644	-1.853487187551259	0.10012711831243773	0.7176375297632913	-0.9488747661516125	-1.4021660084321692	-1.3306163540537634	1.1746485034120335	-0.5769118367285562	0.14224022624662414	0.07897313790974801	0.3492039329992051	-0.4888029318103662	-0.6504794401165097	-0.36575098311466353	0.05020985387573081	-0.11884420129431239	-0.24051694980147498	-0.9262325070513973	0.23593374920034615	0.08107119845051189	0.0010858059038983607	0.5272216350858173	0.5224754541565582	0.13787209134865502	0.17212664615309933	0.6844615568755327	-1.02474221927266	0.5531319067364135	0.23292617174800279	0.7403547153757726	-1.6917481765313462	-0.2673167021262202	0.7352847439207693	-0.3695799657655603	0.34784782781085155	-0.40300994578745164	-0.11289155254839692	-0.4981447119657672	0.3650179012606025	-0.11835073372858644	1.0082960952538842	-0.6006459079277701	0.4758981773778585	-0.4682145285233824	0.3965338005765759	-0.12874807526778312	-0.8950313012938909	-0.06546726415611616	-0.5708610570530328	0.17347871280469782	-0.28951911980774114	0.37487583707773897	0.8052779330148514	0.7689911492695861	0.23893136776335386	-0.28413836237658036	0.48077079862324257	-0.222918733136094	-0.47880440639841026	0.08265297285472584	-0.2326432171706934	0.2571533541421451	-0.14622129221302604	-0.3666285784952267	-0.1063707797938809	0.26343440214541736
DTXSID3044542	-3.0677639961774656	-1.299813351249013	2.575945881329759	-0.515593819063801	-0.7206765787107919	-1.0826782435118416	0.4189592423699638	-1.2407811961461979	0.03783399485199577	0.8371358928879332	0.15655755731509874	0.23734760681222172	0.5587135971938089	-0.2862903483624915	-0.16740479898524488	0.26591380922016566	0.8790083035083196	-0.13144037261793182	-0.755011661573797	-1.0527807807730691	-0.7902637052074449	-0.705845691363475	1.1386672003282137	0.16747031124915698	-0.7287581420045972	-0.8739943396194514	-0.41790562147012833	0.32846024005801405	0.3751987796335187	-0.5342973948930652	-0.04169026739219503	1.7471849008211358	0.2966367700573724	0.08757333244883689	-2.379065169133744	-0.4531030410159468	2.0890904019070233	-3.3789042507456344	-0.6893709187712318	0.5116693677301052	0.0005498603002800133	-2.9682142626447092	0.7569000124849911	-1.237340192013623	2.0107474440184987	-1.364234910212244	0.7212186945336433	-3.5718619437175567	-4.174616007578912	3.95363666277405	0.678332657190039	0.41782009944212484	0.09064560211204697	6.41334481999569	-0.9500814548399965	-0.9227431557506371	0.20884500771810155	0.23316314215788567	0.6456220419282833	-0.3857346986120243	-0.7971539057688871	0.17008582620266804	-0.04419385392671565	-0.1554188357215762	0.7693942364946276	-0.5421504087343768	0.5109288583126328	-0.048116000354549465	0.3516978739781196	-0.12854342903252297	0.24756605198698675	-0.3555666200388703	-0.614916388171292	0.3750675745228663	0.566792429321281	-0.3826210416372427	-0.36351688114856917	0.17014129670214295	-0.27838084622057496	0.1350804263373788	-0.3595637089283652	0.6341768899975345	-0.6036179803757649	0.17904274823560393	-0.018792037876304648	0.2531450411344759	0.17154461406339616	-0.1959613327836366	0.2222475689498341	-0.14024502689843346	0.2970090370778412	0.049612758884598006	-0.25621253197387833	-0.12462305576498212	0.054675547721764174	0.014974487278249703	-0.05762916795430117	-0.2035693751274062	0.08316901864568875	0.1164969981592468
DTXSID6040375	-5.681387501778845	-4.753935233229221	-0.37717823509621107	0.17528963695505215	-1.5192452579834264	-0.3285478043040786	-0.7293417391660066	-0.460926097336642	0.03980617716374928	0.2833924014378146	-0.18502710727042435	-0.016890370580365962	0.3652235283825353	0.1539903077990858	-0.03833208699765001	0.3615787623454108	0.4824272002843219	0.682071774963278	-0.30369520142952683	-0.9416344705865971	0.12298580860967868	-0.6221921702311212	0.18834967735922173	0.11581332450926159	-1.1857032530536376	0.4171902109239205	0.15759354140065332	0.19782997545387995	0.31055725406312196	-0.6636278516024091	0.3470941832905009	0.2906337417264456	-0.3962167649476077	-0.4582800446756863	0.04353340615765954	0.15425776297341412	0.036857286602067336	0.8895188410033786	-0.26433710465716614	-0.485779913858808	0.0265340455706053	0.3260180499151718	-0.1255987821979267	0.23682408812790043	-0.007957813400436779	0.3102554394852412	0.3384782043903566	-0.5381870139194043	-0.04510066242279906	-0.16450008971235697	0.07546466152111178	-0.02745451206369512	-0.03739667877742697	-0.07119785150098105	-0.42083728836911294	-0.2545434734046052	0.07505940011835249	0.023371160114936205	-0.2937194924699915	0.3731875571614337	-0.010524823903960543	-0.1216805793980783	0.26227305580955734	-0.25615175987364464	-0.5997651032185353	0.15612895121049575	0.1469562354276739	0.12327379226420589	0.09378678281487489	0.3293886869628576	-0.12379038936139904	-0.15629585734818738	0.3715432806437399	-0.10827542280128463	0.33022716401375857	-0.10727319509626888	-0.5733038714326626	0.10159619778882102	-0.37195074125567246	0.12734632353639355	-0.0885525729629647	0.3395201002817519	-0.2319069742766197	0.03907045607780765	0.2231365532899494	0.23328652266695643	0.5788149002525671	-0.22029430038496395	-0.22272518911219327	-0.12130554413859727	-0.013837379319461935	0.16710628866082503	-0.038136233872555866	-0.2508470510485669	0.0018902671675345966	-0.026174412391665357	-0.30245803518209086	-0.21893077297289137	-0.3649396508454944	0.3423266678122078
DTXSID3022825	10.136854684923643	3.180571023578139	-2.666699795690114	0.7910368007922511	-0.9681538488880476	-3.045465648908423	0.9559996052171266	3.431586564763729	0.4952452748030473	1.1263137075770877	-2.7873303730830585	1.7570371711374482	-0.11222770731485633	5.536854125167675	3.798707309357507	-2.290819187391058	-2.6893073271246846	-0.5604886152171186	2.659324219614856	3.75038303177633	3.6577512998989707	-1.7766742901927564	0.3539998537531654	3.1942325904733417	-2.400364518290637	-1.1317641825729303	-0.32896028891285767	-0.8004359534034919	-1.082011230919063	1.2293933537966972	2.010642741971985	-0.729478841163989	1.2512398279755506	0.0759659930033823	1.192250332979966	0.6623523047397808	2.1462904581711904	-1.2845864766698873	0.5881539590294171	-1.4966449902809262	-0.7285554312169831	0.2234118165859144	-0.22797086406806935	1.4739056142249052	-0.8823055812843881	-0.28140170816471527	0.45220047542354896	-0.7617293822310902	-0.6894817245627781	-0.7185101023964957	0.04216638229162839	0.5906987354794361	-1.1620212827442695	0.2013619079459775	1.490506997942055	-2.1183868941694968	-0.4538585111053559	-0.08542691724096467	-0.14240111451671097	0.5654222841085375	0.1161082662023103	2.273066004101972	-1.8521472478565997	-1.5028584184587899	-1.1549139241393414	-0.6334311140050211	1.6233739417782453	1.1784418963245435	0.1481642646088501	-1.5273659539567428	1.2316971250753312	-1.0799397376918842	-0.3040624391877001	-1.968971956809419	0.8786345015208966	-0.15594177859623232	-0.49408916440835027	-0.9431285839884214	-0.14146245913844155	0.31156743775359236	0.38302744568290403	0.5212638989464483	-0.44937061734461614	1.5635562413697885	0.9528559459812583	0.235113893595765	-0.9779864766574919	0.35415941362110015	-1.9149483870920962	0.4263129517686684	-1.8756076388739715	0.9442357971283482	0.8180520475816159	-0.683189964233118	-0.3277164917377422	0.04180239984556074	0.17138803508544267	0.13915203412946045	0.05586661905420131	-0.9784378023102546
DTXSID0021389	-1.366453247086576	-2.6223871165819657	-1.2154354781334504	-3.211311403150386	-1.4904135630237865	3.216222280712762	0.5074431476312309	3.122870102560915	-0.9781506731144064	0.5686234990014086	-0.2359944016461056	0.2598169244387131	0.4041096030724553	-0.29245284000475136	-0.1893621133103349	-0.09599680866773831	-0.03441266486951498	0.5345474180274206	-0.9773880843801919	-1.0129733616537242	0.1025119854135813	-0.006507317869606789	0.3039494576915613	-0.511825724242662	-0.025316023420086084	0.8219345310641245	0.5874273991818451	-0.6479298846163243	-0.34839072499290363	-0.485479475617796	-0.5035672961024491	0.14301837253443248	-0.4489862479965595	-0.2805331614303074	0.6240126958242985	-0.8603884752937789	0.06980967465362044	0.19093059550542033	0.40448354708719847	-0.04098834147405004	0.45934649014499546	1.034307170619022	-0.08036261489621796	0.8108700644904487	0.23248847930582703	0.012681524112124214	-0.06657375683746712	-0.5114633198921598	-0.019437546806166422	0.036573046880434244	0.45987980249689037	-0.039876340258030066	0.6075111981006777	-0.024697268761505117	-0.47454507628581993	-0.5885637201869109	0.5926305205366752	0.33835640213640017	0.1415750655236881	0.06685420019799207	-0.276127149427774	0.7574515906975228	-0.8006259795173	-0.5123607720063741	-0.3378023210234253	0.30915923130487943	0.10766045786630031	0.3140760709813565	-0.4227990284294086	0.3316095370841687	-0.49126239818575906	0.9201761327337882	0.2552880976628448	0.2864184802195484	-0.016046138643072628	-0.4895459120735387	-1.5257533483989134	-0.7366633730328106	-0.035223298037856676	0.4206673946600543	-0.4636018423490754	-0.614506073674422	0.7769469988438842	-0.6993758996488373	-0.10792126282025843	0.3709531209783634	-0.24607851517497137	0.5234715593258372	0.9927252164041793	-0.2912778585399596	0.15073286508919556	-0.20797214539338274	1.1466379841899361	0.68935865617683	-0.3145839802726127	1.0179448984643904	0.09953874866312942	0.3993363795283954	-0.14529222615304968	0.16072783431536852
DTXSID6023157	16.174132494001142	-2.1876620181605837	-7.75037310931455	-1.9532616212668545	2.8050361614252988	-2.1042523987573647	-1.9494293609334556	7.529377384700164	-0.7962485259801411	3.3197912801538365	-1.3408039200782882	1.5290153178067656	1.662226541662429	-1.1864360817151665	-0.3509497457660009	2.4010795291296074	-1.6484986339533447	1.3694450250563637	-1.5062001709999318	-3.605072406124475	0.09664717145201233	-1.6784041496958881	0.5539999054369769	-0.8424414111092581	-3.429381683523077	0.9519283317105246	-1.0514718141459998	1.6094433691153518	-0.25512453125310575	-1.6172460882360562	-0.16909452091680244	0.9595257117074751	-0.5542545490009756	-0.11989571990722152	2.084174134330374	1.2944294152745526	-1.1250035348362157	1.5324376892740916	-0.9496812953815392	-2.5596505821789726	0.46921078716515413	0.5516321979242484	0.6282816978987795	1.4465949240465048	1.5349600571422586	0.0622635015928106	-0.1383179755486824	-1.1287796696892112	-0.04988338571174474	-0.22473097880068016	0.11631893097563306	-0.3710547686561435	0.2781227389992052	-0.3095453091159225	-0.8849455023124443	0.09720803336284073	-0.28540884267639877	0.608786102577023	-0.31790827787803394	1.2614550509812985	-1.1727789280772207	-0.4505341494998611	-0.4428540669639774	-1.131497953856231	-1.3686992097486326	-0.3414805894449025	0.20899563218033837	3.573911793264706	1.0561006953817673	0.27175540399341436	-2.2516910006100677	-0.5057384170619726	-0.3756071954760953	0.7375408555893359	2.382011630919294	-3.1308055882979775	-3.225258915861041	0.677028682405418	-2.7282733896515365	1.1439382671652878	-3.3619746333723146	-0.06307778350950546	-1.2035956652442694	-1.210385889356897	0.32064278699101245	2.87837709768407	3.157762604787092	-2.1491446025677647	-1.8505164568443389	-1.0928022786430678	-0.031336484802347825	0.2644587314289715	1.7447311631014821	-3.26549413738409	2.694790379611404	-0.3823407890780405	-0.5715145004025779	0.9410933664770639	-0.8607016019301363	-1.8212087995756687
DTXSID7020261	-4.875142922179045	-3.533325987360792	-1.489323663005283	-2.1562655316398014	-2.491192925898394	3.1855149567236625	-0.711513537629472	2.5482050706257686	-0.6181387036587831	0.8577984544396418	0.4663970311901	-0.020124167187186317	1.2345533791983925	-0.9069456635920917	-1.732411938310461	0.5103718559284534	-0.546256470134563	-0.11306472533055671	-0.9837006741428735	-0.10988555972973402	0.021525501015982683	-0.0435488915372685	-0.5948294653891157	-0.2424928028118502	-0.8459164886610554	-0.34948559804876167	-0.010650214642289425	-0.14575173811171105	0.08881169678917092	-0.2710076122129031	-0.48241676084050444	0.41520577611906706	-0.03958196418552737	-0.337377690255851	0.8061015101592971	-0.2778282051416629	0.20847727348413417	-0.05865671944114248	0.28332680902519475	-0.1292742519247709	-0.1895989890751756	0.18337441660969983	0.027564425635404906	0.1648382770217553	0.24272403991106192	0.19998792884006486	-0.15474681613486035	-0.507399512506694	0.19304899863494165	0.09192864154076119	0.29767128402929904	-0.08642399237272516	0.2777201535018507	-0.018756524160315313	-0.19194890913630722	0.08092059298385344	0.116477140745127	0.135304302279837	0.0956077017479641	0.12129735162061692	-0.6817984936998187	0.16805643438536322	-0.11194923528346253	-0.08033072599112094	-0.46167860810676287	0.6732056755442054	0.4652473784347394	0.3623854594887645	-0.243424856990672	0.4941693405705719	0.4499142063011554	0.5869896185402963	0.4253202681267493	0.32952551110469097	-0.15069475586344444	-0.6461316403470193	-0.6137797183693735	-0.3194551487993168	-0.042889206845627664	0.3215174756630865	0.7906917962112285	-0.5411142033635622	0.0693999207685926	-1.0139845659847628	0.12294552085286961	0.3302775381771153	0.12789680072947468	-0.30731993251463235	0.7420769571996017	0.2266139665110655	-0.44783027523290764	0.18407652183336712	1.1402116926743175	0.41570610463040725	-0.4271217047712987	0.9453614133970092	-0.314823814660742	-0.577379477191061	-0.04874465041396375	0.5024045859000805
DTXSID4027103	1.2103187671251967	-0.4843009764990919	5.007603196939183	-4.744787037847667	-0.09273419153421919	-3.8365653228808183	0.06743022061544607	-0.3310524311638964	0.32789934746877625	-0.4915482310857134	0.01704680957365112	0.7123223354235679	0.9604957144287052	-0.4151660693493663	-2.710003368607784	-1.0781028763840101	0.27514770102292174	-1.268415885070929	0.35679904157577724	0.3424263955303932	0.21138010560053266	0.4563361469607487	0.2245857805430216	-0.10956858777948275	-0.658543049951242	0.06191537472385589	0.25757338235332095	0.2192808945638667	0.35985252766881265	0.4530430226390761	0.5614548130023961	-0.6637458822749834	-0.11377095732694036	-0.5893427233433257	-0.1281837089931397	0.33475891961329324	-0.32224688358674547	0.24919473288668195	-0.0722532059724759	0.46375847252236785	0.06553815693779742	-0.03688372870177125	-0.2698408952752187	-0.02447555791649582	-0.1710026017559828	-0.02241360420962989	0.2982869784424223	-0.09286900936186834	0.025852278497723157	-0.14225162162642999	0.014164352721642185	-0.04497957008793047	-0.00046892510253340226	0.0738474028591105	-0.09620057477381125	0.24832340754487506	-0.1523235662293341	0.15585979374881917	-0.06301377853576487	-0.34155459919355485	0.250239906239205	-0.22507690467561356	0.15211263965472793	0.19342856138911124	0.16498076709810805	-0.17483349624193634	-0.11131152286962931	0.015955786187321033	-0.0709076123684736	0.4940327388323304	0.5246952904119527	0.17990112491001634	0.19241613495537677	0.01605176355174517	-0.4747251237905626	0.1405746075236849	-0.1436776713097052	0.11095054487946514	0.22184360559216462	-0.37655350832606777	0.5466017070203868	0.10103933565446968	0.1455423593307934	-0.22588583868536755	0.217214204261008	-0.18495487239225447	-0.11866167488176405	-0.670571983198614	-0.02759180909051376	0.2878088829001807	-0.27251298080353886	0.281679069824618	-0.023303007123569405	0.05658604024487007	-0.029196928086172462	0.22082674797620733	-0.4260193002672958	0.17897124072963758	0.04842586554931935	-0.09848598691049862
DTXSID0025367	-5.241939710270997	-1.62769932760025	-5.67903548304778	2.678579666355992	0.3255507393144648	-1.7712043188873852	5.155075313128509	-0.7552652303601336	-1.0930359307221873	4.49611810233155	0.7240493044981164	-2.248776939519739	-0.16156588666939675	0.7381770631940003	-3.1725018096461186	-0.522679993444023	-3.0959187156142134	-0.41112709052094565	2.729520697041209	0.33817416572742953	0.9446406552514458	2.255554637386387	-1.2443735689145892	-1.235158046283557	-0.428598159662054	1.2842282920586774	-0.20626971236242053	-1.5740795160989274	-1.1785089923659864	0.6276064740361008	-0.9069643953657434	0.46625045032814016	0.808862604139364	-0.14584136692377744	-0.37701135851891787	0.22798921502950686	-0.1524633565004996	-1.1240590562922663	-0.8272667214867246	0.46544858754039303	1.4725238208349465	0.3513295028831586	0.6041998703054501	0.2608099517954369	0.8942832978898284	-0.7543032719034345	-0.5432185169637562	0.29457732829315053	-0.42077402278222054	-0.37825284110027907	-0.38140311804197713	-0.5675357797034912	0.17239064820116023	0.11659065849300214	-0.6707436172735167	0.3299075104262034	0.4484562663514657	0.3627178640945188	0.10079014190748256	-0.038548890410649767	-0.37218991780068267	0.19672457319066305	-0.17805516048570996	0.6856338259013351	0.31073357554113945	0.34018274879994037	-1.0068331089035836	0.6281309201251928	0.7931393330592138	0.2737454064539816	0.19570231536370092	0.5174867909638736	-0.031893484683684845	0.9271370249492177	-0.7232407452199101	0.06592623426311427	-0.8651528008746713	-0.5136969836352137	0.2424518737640504	-0.7842955920261516	1.128040973698395	-0.15356967431648574	0.0775190915067493	0.13222931946600303	0.2840626628757024	0.1570855432865255	-0.22607542927930868	1.0878506486612272	0.31345681871921993	0.11618254542347155	-1.162342768877721	-0.4492995328216903	-0.7727714922969795	-0.4514286380328933	-0.45852931403601993	-0.9068117627602352	0.4401011938710118	0.4366473253776163	-0.4044960006127899	0.4060152527804297
DTXSID8020707	-2.3464197117021763	2.7815448752711687	-2.757073295953505	3.022669691429552	-0.612557804718495	-0.6414037607061344	2.5979243457427543	-0.1662995227115462	-0.4882487524309224	2.4209692588154366	0.16971662379120964	-1.0108287628026793	-0.6890206616804789	0.3338413406261447	-1.4832520035661518	-1.2806241998526757	0.9315377597195499	-0.7837889695580573	-0.0794301366570057	1.144969112601186	-0.4157402526484892	0.004083040274496575	0.748624418180979	-0.6659991659447316	0.413754384560956	2.3445353414155106	1.0676381117339904	4.747070665087747	0.8624414575330775	-0.3189340542211781	-1.7011288120693218	-3.431325623729524	-1.1664659233400834	0.3693503532891181	0.17932490859033737	-1.0726067317778212	2.6227911531097656	1.0653749470230616	-2.0357511494120697	-0.451079113862609	-4.192251682947786	-0.48475682195908615	-1.1083900137032379	-2.379402857952379	-0.9972529765770937	-0.8350316015334615	-1.604306380594138	-1.456670519858091	0.08222123424093686	0.4956896844383496	0.45926908237125114	-2.5436353040192845	-1.5905700249626311	0.076439985518397	3.6515572957555795	1.026181282161091	1.9447644625843412	2.52125097688537	-0.1296113561405172	1.8265405130328498	1.3939462593193743	-0.22227951252459663	-0.9478332947786412	0.27337366972284693	0.033035143350447424	-0.8455363081874666	0.4088842147364866	1.3491098023751842	-0.6416997858278414	0.16887507960488465	-0.8835197116206407	0.3561357894046343	-0.2321110125099408	1.8936442104737765	-0.04035493246933233	1.4579514375763887	0.5716897994607217	-1.268187740108127	-0.767862969571084	0.7912274921018015	0.9040624924764973	0.18901147956227504	0.9968047278473394	0.2171584437503843	0.1979255913816642	0.5535353679290501	0.5937674619553056	-0.13499214933385845	-1.138340049829392	-0.5201185756184479	-0.023209588916745634	-0.7039895867899771	-0.24544831915555682	0.9145156812914106	-1.2169794280286137	0.25637894417483054	-0.22394833745074785	0.4729305566410655	-0.6313004249904991	-0.03261835850316207
DTXSID5044495	-2.6103452509370233	0.6787165598417816	0.3890344857610437	1.8930633281484377	-0.17807216060202613	0.4221388483287616	-3.2566584043202833	-2.588699228727368	-1.5184584240779142	-1.6415690467352728	-3.706723547275248	-0.9209457399046115	3.3576450673159406	0.9876555031389613	-0.3425018771231925	0.055050157086022504	-1.6281991004890943	0.17583642750976833	-1.916864026948391	0.8885788810388873	0.34991787042454653	0.2741441077379855	1.2225769775635584	-0.49352670311151764	1.1933528909427753	1.1206693742967648	0.9209548963243822	-1.0384189164924773	-0.5092129009268169	0.40786771286991047	-0.11509122939693045	0.6116910021241747	0.06542915788769386	0.3553259082591032	0.7985478462325627	0.5558614518594063	-0.740336239863368	0.6303203817110442	-0.1910570363667513	0.0959181280497748	0.3657159575505635	0.03403070288102395	-0.1983691036323232	-0.8436125010606624	-0.2013746389179669	0.15707885543492558	0.21699870267092136	0.35939352056478885	-0.44163086068136714	0.27555389311916056	-0.08307054439893222	0.1771184675210985	0.3986128195867437	0.054938338809658975	0.20576695025768732	-0.309480509576413	0.6095079154931167	0.1446369908311234	-0.4458855725491244	-0.4621329640013919	0.326285224943868	-0.2515154717770544	-0.5332070821122977	0.23824554570386586	0.2824427097722624	-0.3741424315205479	0.6954847526623271	-0.05861682244302039	-0.19919476472479988	-0.6796478667707194	-0.5121810938981464	-0.28095620019013356	-0.03509438186787584	-0.009753100998878368	-0.09303842363708939	0.22031536091126777	0.20381573870976552	-0.4987429172355778	-0.09747345115445742	-0.4692513491766946	-1.0098497946031106	0.2900945066850695	-0.347177570262486	0.35832955387707016	0.2230444960115046	-0.04835543885067126	-0.09981845629439168	-0.14024664080990204	0.5057838486277048	-0.005763279858653836	-0.11915160351189069	-0.3401006596147616	-0.21752181402574597	0.44440125070751213	-0.29754655770897087	0.05617322523632139	0.5506988436211019	-0.06266285010821425	-0.030831152787199625	0.6536897134827172
DTXSID6037568	2.2172946690358164	0.6236134418699096	-0.3875572087472697	0.04906214268037816	2.7536731375840224	-2.3138677615860375	-1.4997181762628222	0.8239825178753618	-0.39711941773802456	-0.7754145402418656	1.7865933720426752	-0.7670366031412095	0.7547839749250901	1.9131644491787827	2.768640291112918	-1.4591485680251313	1.0654515327402043	1.3944037176210116	0.6019922256297631	-1.1519789561712332	-0.5765885481222328	-0.5695597017021972	0.38261610796285306	0.4779325110447429	0.7902622185479767	0.2633723833360171	0.5256024736951469	-0.5470677547565843	-0.801507121503139	0.9800144108798707	-1.47533900816898	0.3080312605491556	0.6763966796467344	1.0147140605891782	1.4264836177315756	1.1354262294461854	-0.525081216720035	0.16203340775869635	0.546248278255039	0.21347300808466071	-1.3359251607797404	-0.06718865157788607	-0.7777095750701167	0.38898432899853586	-0.07915719003509812	-0.7297869117907252	0.9799518665501427	-1.4802694924497315	-0.059639291748422474	-0.5982962994487252	0.3270663514113383	-0.276384467565804	0.2626267042024481	-0.7726335690656709	0.2303924831387997	-0.6257488437905088	-0.7697166836422981	-0.5011490288296815	0.7947182624868071	-0.1768648131178986	0.26228166984822676	-0.15806191012114493	0.2785451678228367	-1.107989954637032	0.1521929239337646	-0.05266784365784197	-0.186150310374904	1.0841180587750963	1.721662570167301	0.29189005050110195	-1.0759512931087174	0.4299210933167655	0.30012645867200904	-0.6341594519674358	0.8216242335620594	-1.061544188540038	-0.00441399021350255	-0.31504057764018806	0.20304983812510283	0.3839470642505339	-0.6363205933897867	0.848058564843168	-0.22648311131617951	0.035448274899739673	0.19133362682584923	0.06331223855269544	0.15805631452383595	-0.025520633891116366	0.5582581875244716	0.20025150722865062	0.47006445583791545	0.33042074766577423	-0.06794686541595857	0.9575788700927615	0.530072289617771	-0.20359726791094285	0.3888917178525792	-0.3079522540022409	-0.1754154732797335	0.17957299452278194
DTXSID6023028	-1.4609078615381466	-4.284572831506571	-2.9463896209965177	-2.091292625832412	0.3384375104226519	0.53602719060281	-1.568662054387693	-0.06263833056465876	-0.84301937800513	1.8480345644386753	-0.3602001748690925	-0.21440242673624557	-0.14180111939506307	-1.6484757960849172	-1.5145659446703548	0.36993170771593786	0.14806462830891579	1.180208638604479	-0.4885992373932017	-0.2302960073508826	1.4252103312120195	0.09385226754333098	-0.9049770256180727	-1.034945745822386	0.9770037082590004	0.15216590812110958	-1.2670133443695244	0.04876251049568107	0.00023324560863425547	-0.6395493832287622	0.6995482411965818	-0.07572521694990467	-0.555081140039981	0.2121453891851707	0.7352678871360769	-0.5349744968866995	0.6836343560951644	0.2543445677615168	-0.047053996756315	-0.19014886619811405	0.009920384802844576	-0.3486450356658699	0.29986061009767057	-0.29435052781648824	0.4243547983394207	0.1563679249083262	-0.2608523808375829	-0.17253269815745795	0.0002726850285858938	-0.08254223282071567	0.04295751607491085	-0.1974824445145791	-0.29003358372622856	-0.10225581078361655	-0.4062800888018579	-0.005542005782877664	0.177836332193958	-0.4426474412241711	0.30252359912071963	0.08565161555762052	-0.3401697480320497	0.3613154434875879	0.6280604144787972	0.5620672002820557	-0.2675726173514566	0.5655480897079169	0.08015302846075463	-0.13684587553351996	-0.330187314534745	-0.7334701691046808	0.4007425435468135	0.1214250634563643	-0.01498055412082356	-0.23292343210447441	-0.1033920291138986	-0.8407011335368358	-1.0567260785071415	0.08248816942333993	0.5629142461377313	0.38749447807602	-0.428500292435507	-0.28995825530900843	0.7488016886521258	-0.12061387181632219	1.1198968745356228	-0.00017885936821896605	-0.21238684633388671	0.8792918519298115	-0.1732405678480532	1.9888622741659656	1.107901739429686	-0.174028058100316	1.5497409753951001	-0.5228394455153617	0.8210750426851616	0.6826792096322154	-0.7980922316056227	0.5269359013410377	0.409611622910225	-0.014690501569689965
DTXSID6021618	-4.356866437353658	-0.05485613537248223	-0.42127169093645606	0.8429850548930771	0.5651541742452397	-0.07670282128232246	-2.268000087429002	-0.9562646151939779	-0.7077242291857184	-0.9985381029788128	2.7915424304986813	-1.2085426704323745	1.03625213984372	-0.3113631174393292	1.082020670789132	-1.2992498846864415	1.546898961482952	0.5496145098741528	-0.2268620325182063	0.1983287561158837	0.5246392462176083	-0.432747018521581	-0.6159387662109042	0.8058287175138382	0.09442511668547474	-0.6667058926784037	-0.5737460559584003	-0.06488497095511925	0.25198574818718167	-0.0821456481489959	-0.10687947675070165	0.2587513892296079	0.111539480001684	-0.892028686839763	-0.1583922113891668	1.90714597622084	-0.6025044706770224	0.4249834687488088	-1.077726705591373	0.07187029006651251	0.3406036431689085	-0.48781482376839164	1.0350485524574002	-0.4769834603985581	-0.6353250389547069	0.13269290508112186	-0.3734501192066377	0.8698452560219719	-0.224802663648516	-0.12787535028817948	-0.012781242812900743	0.5653386794121716	0.045323831662463704	0.25577202094217244	0.1591645029956104	0.6133641157582304	-0.9421983060484891	1.1826618071525323	0.13618607242258804	-0.48564942817455886	0.9370091702060344	1.1144532564363177	-0.1550024845855207	0.03845941060946031	0.11980874306107574	-0.10778068062424875	0.2542936358755573	0.14576280906615213	-0.7984954580355557	0.13969971728947192	-0.006599932350136773	-0.05590277538268823	-0.2535126461079907	0.13032120465012217	0.691342550731195	-0.4173975383644792	-0.2983591693308248	-0.6445634226923845	0.16898849053299408	-0.03080257494143938	0.2326900461825933	0.08601281608271859	-0.3122655765825652	-0.534920729607239	0.07824971069921388	-0.16046055501693504	0.19412810870010522	0.5712751346119296	0.5250166240298739	0.04446072653671256	-0.24455475161016976	-0.19181952339181918	-0.00223033488069686	-0.06356504761939381	-0.04326915492405522	-0.1571999371161578	0.26226303754505337	0.26291971134194336	-0.017009368657172	-0.24509942956528746
DTXSID9031800	2.944062698549079	3.2679991142278415	-3.9376822179440505	3.588530479466717	4.174519558174978	-1.6310235980421834	5.835021984187654	1.6140530128318633	-1.3998621960795448	-3.4144668860531557	0.17179925918976935	-1.612649422567199	0.09920055058504065	0.2589524792184375	-2.614252877673848	0.633574555781746	-1.9869017567797078	0.21642255534462804	1.4465070031132217	-1.2304208237022585	1.9564225719229436	-0.04267303044175736	-0.583216780976318	0.36139431047774695	-1.0901690402300253	2.629822317323907	0.7986251943029272	1.9271118194262136	-1.224724975826435	0.37239815886437866	-1.691676739037104	0.040673067906464945	2.6363962887471115	4.079309842460983	0.7989058736357507	3.5195292651722085	-0.3209338362964504	0.5471788231819452	0.20336132926088824	0.7416803862952415	4.2555448434200525	-1.2481966578978922	-1.935575194854547	4.483961330600234	-0.6292913548363969	0.1398957118595238	-1.2186914730517173	1.6366848777766339	-1.7968705239640264	-2.3820802393589	-0.3248278100533187	-0.04191735297838471	-2.6587417348984457	3.221423770001857	-0.746530800520457	-0.790462123700502	-0.9352418963541481	-1.6379960327289955	-1.197401053853148	3.727018484647547	2.5919134755511615	-0.278983334712207	0.7549507691806349	-0.58219025024242	1.741822410362138	-0.9731360486917594	1.2892889960063776	-1.8594334123157255	0.733433082965681	0.7151391943248785	-0.7004619146442631	-0.1418642449194567	0.1783243952044147	1.2142081165980612	0.411221514951755	-0.7751798010619718	-0.6459820538761522	-1.4212537805358239	-1.037078437787022	-0.33955641412349835	0.314580618668948	-0.6786401395862784	0.43033859236860167	0.8892607680163418	-0.15527748075680775	1.3315315614137988	0.1932967173995385	-0.08441550606802332	-1.0930665958283594	-0.2856751184648543	0.5389974293451434	-0.5989314088597296	0.5808544158849327	0.5387461141097207	0.8561984358041255	1.0192532717023959	-0.44889512734869597	-0.4456528601778498	0.7594688868242223	-0.1291636695304465
DTXSID0024715	-7.612100064392636	-3.425731273869782	-0.6292228277307312	-1.4787828068965627	-0.2940397602212937	1.0325741700321118	-1.4096431820756754	-0.8858360658301817	-0.4188648056617549	-0.40775905036805293	-0.8658452583868016	-1.151213384538053	-1.8903071149342676	-1.3311032742244044	0.22462754901725693	0.3507023450315455	0.03010883532577575	-0.4226692086888392	0.30239692902438586	0.013473388726079553	-0.008314257729011216	-0.07744994266063236	-0.27407438887076446	-0.4148605924877762	0.49491940329602196	-0.42230141532340754	-0.03857037416940459	-0.2343588284003578	0.04446784742946881	0.3495089524272713	0.30923021086207386	-0.28300545139442546	0.1484157339447997	-0.07603324493551086	0.30187655134030705	-0.3762458099212139	-0.1724714206289606	-0.04899457913670285	0.22694343239234657	0.6943377699276116	-0.3227725785771307	0.024985043579265655	-0.050531255072172744	0.30630650446929764	-0.10925245188083775	-0.08786504300873846	0.13467235089016502	-0.2292527654946779	0.0523679376629937	0.24372297439469576	0.09690527713028523	-0.13606168660295465	0.22605989663016066	-0.05441356740582181	0.1013042191058843	-0.20533854376169552	0.06713723884514683	-0.032998780549617364	0.13801216049830248	-0.04755431513348267	0.38268832680828996	0.11250401116174337	0.041408905842101836	0.6422520061085237	0.3754271029127634	-0.30747571018843084	-0.0006324344244017315	-0.489654257560409	-0.06726165775199566	-0.32869738919486546	0.021549637286976477	0.18294244974566035	0.04879678823913675	-0.1718536746914365	-0.3132645630055563	-0.1431500414250253	-0.1441195105177967	0.0016323606310124305	-0.14417645245146815	-0.0063502047531549775	0.30275918053804457	-0.801086002160897	-0.21254249014180857	-0.09702070391327546	0.11220799966203024	0.06160804777434473	-0.6309148518045473	0.04259094697344165	0.6539323000857327	0.057466445301162385	0.5228271542860544	-0.5399762892535684	-0.5333751674955846	-0.2805681738298232	-1.0016866858003668	-0.6493948715426372	0.16497293097422183	-0.024836738021142103	-1.0213610823927437	-0.2336612074232377
DTXSID1046188	1.5657193558009743	3.5743977002404996	-2.0980237788543104	1.0511840051142822	1.463117257679193	-1.095680331233187	-1.6366516724926305	1.329452557507971	1.127709297966339	1.4820955630359531	-0.5589586294950081	-1.194929688290011	-1.3736662569049098	-1.294048650444627	-1.8283609404956371	1.0983362583462564	1.3022650086018794	0.22831378288838178	-0.8606510237408181	0.46729451224670526	1.4568500694373268	-0.05589217590688477	-0.30553544048241954	-0.2917139713947069	0.35769745036922573	0.5795402722719597	1.0054976921189975	0.4856475734149996	0.8412324153004851	-0.9817372024994536	-0.9942555359620705	-1.3265752012263732	-3.2587491668741104	0.3563597295147653	1.2724507292577234	-1.8895105130100391	0.7441420187648822	-1.578168819027927	-1.9073659112555055	0.347510257022762	-2.686668587948903	-0.07314636309316906	-0.13106373145582798	-0.09015352197013599	-1.9910381513199105	-0.27036111106662336	-1.5077369982561741	-0.9944479833617922	-0.06707259042470191	0.5141008838260929	0.026823958545911256	-2.9058536345980435	-1.613698768614868	0.5002317095122796	1.2635721446207826	1.5874890226530658	-0.8110198188619887	0.4391218511269698	-2.331520656314578	1.4261554989923895	2.0891934151923595	0.0836788870737855	-1.254953357299073	-0.3392398139785749	-0.1109494991812043	-0.35449303196560294	0.08659162575197307	0.7384750300386912	-0.317134335166285	0.5247726503022272	-1.788537980544002	0.4613568173190699	-0.3566894391709916	0.4782895082122771	0.354024378866146	0.5412037002508914	-0.09435751253592159	-0.8872406081663031	0.012033298170186148	-0.43614851367314017	1.6611912879330335	-0.3181900835050846	0.340397978671785	-0.38841572409586245	0.24598748074078303	0.4627548329447625	0.6483004764789068	0.9842052465388299	-0.0592641183834828	-0.22847282728168894	-1.0106507292308036	-0.33086084840435276	0.8121409251388633	0.19380563387426883	0.8996854248397123	0.3490559872385182	0.24469254346480288	0.6018955707876462	0.441410223240609	-0.24647372988373062
DTXSID3023132	3.6155309628678904	-0.8995206036751014	-6.0564793293319505	-3.0740566610199918	2.330363415395389	3.3909240261294813	2.5309982994214324	-2.262243623341118	2.546871630454654	1.7232535924035721	-1.6185822004225814	-1.9447733409640036	-1.0859841970511916	1.1163660874591197	-0.10530760440613027	-1.8033720131224913	4.121252623936904	0.9914714649855552	-2.4044391562161946	-0.29104239347003663	4.532593723365741	-0.08152092753961357	-2.3115166505426643	0.8526493284151727	1.7257155337955958	1.6951003722867408	1.77849075184471	0.4810242139239386	-0.556232399355834	-0.5358294234206303	-2.252351458914725	0.1293450866828761	-0.8911191796838323	-1.3721299118593646	-0.1757869235869269	-1.051510290569866	0.1178843341427084	-0.6096881983240162	0.8627671534035641	0.4423235505632615	1.8734784965062525	3.0048259265734814	0.1635136497713499	0.9241326578967364	-0.4517545042920156	0.08636283111052488	-1.7140252595429601	0.4868209159276961	-0.2107158741624346	0.18088674597239734	0.27543293702224925	-0.4259507701221098	0.4387246416048781	1.1276376119473763	-1.3725757593577277	-1.3339603312099757	1.0809042249558674	-0.7106263471107138	0.5229092026368743	-1.08204580188985	-0.8979647906216646	0.094972636329525	0.6717691458776215	0.08078267111512046	-0.3718877134660638	-0.8135184643901483	0.09611155386879187	-0.17229716955340627	0.2831624289870563	1.0499565183842354	-0.31042623158541705	1.633051984107348	-1.0103932923700254	1.112964013353881	0.48736813263470485	0.14879417096128314	-0.24161839726632212	-0.5390702998481162	-0.963498978718318	-1.3814354742749684	0.6842960534608936	-0.28472693792628156	-1.105130000275282	0.9951764649779642	-0.5948200745713278	-0.044049777651369366	-0.6129292201949914	-0.05562121335363888	-0.2965442267035587	-1.0759424535098383	0.047567277417550076	0.692843131118489	-0.524011942077148	-0.7712714021537612	-0.573942270267612	-0.6079397294728931	-0.4731404092636644	-0.10826115087063214	0.5584989129935012	-0.34891336572576664
DTXSID1027928	-2.4357484412737507	-2.4742723146059236	2.0178810133847995	-0.8936964105016175	0.30413219023450694	-0.8586893913308505	0.6079045262237182	-0.7817782062126163	-0.23437808891283432	0.21074933156005654	-0.49925446994127687	1.1060503146984186	0.2791004716091326	0.06259333121873667	0.6344006405688065	-0.17607056343405636	0.8422611733493077	0.24274116817559743	0.35788897387074087	-1.229083208830229	-0.4965236856028232	-0.1629658903185685	0.9212927719267641	-0.00904158192442823	-0.19611122697300726	1.1283888364294912	0.03654872049119497	0.3689700628178334	0.32885279767015446	-0.7325415895038578	-0.05195326640714369	0.3441609342581973	-0.05573729195667008	-0.10340145810868696	0.5047453456550468	0.30251485576250464	0.3530648282449252	0.2704385684370863	-0.6986536950418707	0.044419182580001416	0.2024748436263513	-0.25378351220491296	-0.3205907206118848	-0.4061578526551987	0.10073390542367908	-0.016646554184966755	0.02716272900217655	-0.27026670832251676	-0.049882961431612596	-0.45008558234787177	0.04957870223587759	-0.0430544481149985	0.22521316362859278	-0.2164433653861196	-0.3292906105206188	-0.15293666016406068	0.10951520075107911	0.39709172456150177	0.17603523825037343	-0.0089326965902623	-0.10949816972349503	0.021104422478831524	0.03442562281078376	-0.22770908701491482	-0.22985929916910824	0.19513409537682064	-0.010015933296828977	-0.002035226065021125	0.3193410155095275	0.23795378756365956	0.40278515545926147	-0.35110627807902195	0.5519734129574394	-0.6561001580646626	-0.4023611107221307	-0.00821125610507141	0.033878428128466684	0.12735262155151494	0.33694560167360943	0.11960678285577386	-0.6223620857683817	0.049185360344328265	-0.3934167669949957	-0.3521080230991263	-0.2800990093674518	-0.8482572393915462	0.3479585787851908	0.8988378290143897	-0.6345556013902081	0.0060683897107813795	-1.2154601148053854	0.08874580152318924	-0.28948928408582336	-0.2628978156229553	-0.3793352587481542	0.48462005463597696	-0.14802665404425763	0.5841413703119568	-0.5066904769163159	-0.9545995907707845
DTXSID6034392	2.584864630772335	7.425390091885924	-1.8563260832540098	2.082187754425791	0.19929311925300466	0.38852164672733713	0.7297739580496709	2.8152308440440357	0.24810544693144673	-1.1390140218219753	0.6310062305305478	0.013196545861371077	0.5792001374140431	0.056251365490602945	-0.9176492252949703	0.30413446061331917	-0.3842981386759648	0.2494127811971151	-0.19512713988133537	-0.014565971130342562	-0.8777638546424049	-0.9644924414421352	0.6276591216366363	0.7523434117011553	0.37306103475586605	-1.1779908059592694	-0.4933605550612237	-0.22236685828535907	0.965187976220469	-0.4964284395643512	1.5255648057367184	-1.3672109881720045	-1.1640749910031993	-0.6545082949364456	0.8054584950481959	-0.42294475644513846	0.1485978417585612	0.34764909856563625	-0.7234501454988992	-0.003364896898912999	-0.1791120687084227	-0.20418844436323275	0.45069840772019626	0.6380386017861626	0.42111716890515705	-0.20262916818192556	-0.12138924071740265	-0.4125414973747052	0.52855405597157	0.8351465116203651	0.31850331395076587	-0.20703174902501603	-0.011450818520350563	-0.4543597382055594	-0.690016419559641	-0.39328262322208857	0.41381337126826445	-0.7546782695693723	0.49924712930652815	0.27916885619448	-0.5743897861123929	-0.8710534782938371	0.5898248057755756	-0.5979423005704959	-0.16822640767345043	0.2749163445366856	0.12289814875405149	-0.22355101147884288	0.8514171831176099	0.7700893927289966	0.057741407342306594	0.2022914101492575	0.09687880877459493	0.059976648221982475	0.8205435108870809	-0.4882532419201756	0.04705641189429163	0.43099116788811087	-0.06807142716696983	-0.28838983827780007	-0.7728119004171375	0.20193156086436842	0.4399552099906043	0.32235795346385815	-0.5721989700192541	-0.3376802611076226	0.14772751435694934	-0.9064506498986427	-1.1968784088195545	0.20759953561321423	-0.125788139070299	0.6501375977717487	0.5610848140005547	0.3585095034557251	-0.010255163977973695	0.8723966376785226	-0.017255218034397637	0.39619885077062045	-0.710642028645958	-0.7595722249222785
DTXSID4027288	-4.6819574170746625	-0.45312618556162815	3.587209360950442	-0.5953303158313555	-0.7592500596870178	-0.44978030020597093	-0.058979463567209435	-1.181014417308327	0.9652201831364715	0.41674817154446064	0.5707278887899582	-0.5257330092436286	0.3035380638646414	-0.8288527703658511	-0.6048409103427038	0.23365407362538745	0.36220693306868584	-0.004611592127363512	-0.5526309828721396	-0.43241233301076965	-0.42125126521277695	-0.41808462897184984	1.1699267121643875	0.06916048821955556	-0.021833653524473758	-1.0010090947400891	0.6172213811294962	-0.13972664452204414	-0.06483460020244963	0.28147837545457227	0.1473371753628608	1.1885330022901581	1.7504480496238992	0.1582405191355239	-2.1593159438421448	-0.8379884865040518	0.4615802430897444	-1.9994717382823646	-0.8524300598200161	-1.1514922389044395	0.5440020180633912	-0.5349584659240634	0.22951757844906215	0.4289583925829726	0.4818693547827201	-0.9571988070220122	-0.7266638930134114	-0.5826296737123705	0.040375399321777264	0.21904389356251872	-0.11330269033032579	-1.1798709220262518	0.24674975726780632	0.2249620106241071	0.28574489666865543	0.9634609996475142	0.4080510511480708	-0.24757218583395432	0.4705700358740369	0.91556809408915	-0.9933514696567151	0.7011469584891351	0.08408834496817082	1.7557399827077422	-1.4864102075351038	-0.1494378043078239	1.256784992315542	-1.280813991375021	0.599566487680751	-0.32393640977335963	-0.31915976584077066	-0.3338483403473752	0.014027900599868538	0.6119131733945218	1.3746548715440183	-0.6189552889023696	0.35448289507164876	0.2643522811236844	0.13357309696721953	0.3018308093903725	0.4648078269064759	0.2696821817059424	-0.1434422629461895	0.23155829463578953	-0.16588928315444518	0.06065908987756607	-0.42296027680765563	0.01982188033409874	0.34260211819796954	-0.004985419906817949	0.592033871692933	0.2743255085711901	-0.17324617327495476	-0.04470385316941053	-0.5333797860297168	0.029465423710719005	0.051043450285685875	0.2009729084395946	0.044087967834475085	-0.1783548458212919
DTXSID5044603	-2.4019228441787863	-3.5068026715247074	-1.4996717680653786	-0.20632572564994353	-1.4106056632485555	-1.5442845165797765	0.3156774036063347	0.16563616679801077	-1.2775761569725814	1.1126535488336702	-0.059915362098648964	2.2124683395373403	1.4059162007608594	1.9735406821275907	1.59122203753863	4.6880922134942695	1.7647968670541192	-1.090829939421524	0.024070586302937107	1.5120369923060524	-0.9744300422325942	-1.4453081462939266	-2.281078653064755	-0.5924478253752763	-0.8588322830472266	1.322529338336325	-0.8989216632345052	-0.06885292745001134	-0.677458031835468	-0.3227523033975043	1.5756006248661993	0.34027933753633766	-0.5985315271785124	-1.1624930692316995	0.4018573007358215	-0.5125921551185061	-0.5300327331918513	1.474589803282758	0.23693827187010097	0.5227999748636587	0.6815129541878596	-0.2332087398235271	-0.6272850385185027	0.6322681840186696	0.5391699965772053	-0.8850424700689856	-0.23018735775135446	0.009653450700666479	0.30573076807252525	-0.2921375490687923	0.19195367906471206	-0.16226689435455463	-0.4673637592138802	-0.039139704192093075	-0.707327397530849	-0.09301239940906432	0.07311132543678214	0.21995303116258866	1.0438467655377297	0.24563173386322473	0.12481571447215764	-1.0133316493759672	-1.0607340898349091	1.0453662083430333	-0.6016273430995417	-1.1262425747378402	0.7390119257838133	0.7688923233060941	-0.40427373880664813	1.00516854174404	-1.13403713397351	-0.4414289591186547	-1.1417804127796278	-0.8668976294178727	0.698210709446537	1.0573132518513804	0.1374778535265877	0.6533405902332234	0.057070063048693734	0.8220349001792168	0.4478141433841949	0.5008290389356284	0.5179061251826722	0.022703548565165686	0.23856691090055104	-0.2066431340606716	-0.027592686173327063	0.039623083910063875	-0.403158090720748	-0.012115822996542399	0.5413678265729719	1.0414724818953232	0.736574867893046	-0.16311235919261413	0.48250553942400987	-0.5818612472811624	-0.31367401417473334	-0.09957100192373129	0.2680373017189441	0.18993415595318364
DTXSID1023990	-0.14902873946677497	-0.06437122223123916	-3.3153076954657497	0.5994661611092907	0.8041054178488032	-0.6534259819655354	5.73253525967058	0.7174218707363015	-1.315049764503214	1.3570935898928886	-0.43449143763785236	0.9745986649684208	2.4813509894628503	2.4315575280885566	1.7326574902020087	3.755277888385737	2.643960389297928	-1.7446766919643601	-0.4358695412379413	1.6421414083839698	-1.0805450489725883	-0.9353537098416302	-2.1787912652794628	-1.0990317493599229	0.3951468208696777	0.08573645886155283	-0.48517821969833425	-1.8442469885009076	-0.8054760457008883	0.6709995579062922	0.3928712917530506	0.12327338082119607	0.7651748788667047	-1.709838538105398	-0.038436591582742374	0.4789873017665914	-1.074179078546127	-0.025161232386355075	-0.586624239232087	-0.44446967107030294	1.8987182796804323	2.3739575403613427	-2.017406989394452	0.23819153268475282	1.770618476274104	-0.6977895060889744	-1.0352265041608224	0.057563383717098154	-0.07342606816173196	-0.1788198361892504	0.23069202035448508	-0.18505226670611488	-0.04832343757497024	0.9026014419550958	-1.6923355917954608	0.10366745231478439	0.6930773620569076	1.2870126807176168	0.9182890337222315	1.980124398403298	-0.8204837152139028	-0.1666282286533294	-1.3641211809945522	0.5256619876548854	-0.9148190865156194	-0.9284067645468237	-1.4582121372014258	0.2837799391732315	1.1716160258547939	1.5980475262005862	-0.9187363427060096	0.9259253236922457	-0.8461144988910954	1.4996835303463374	-1.2281236286036914	0.6336048378252694	0.4524900507304435	0.06727642325998616	0.4056835020744296	-0.9168240915252646	0.3881851090932638	-0.07656975216357309	-0.09636242449373467	-0.2608442846354907	0.2985061514937291	0.10827964291092303	0.5426041211736841	0.2903765263085804	0.5990486462229756	1.2441480470984057	0.2672233737471826	-1.0547891556606666	0.4422102888423133	-0.30447789120780977	0.10501769423290606	0.5521010165285007	-0.07519552766885178	-0.1187421962457671	0.38344384724079933	0.12116295050312523
DTXSID0047957	1.0659997344357501	1.3982493487598566	1.7457082719646568	-1.2952007211591174	-1.0298884721582793	-2.0736665802689496	-2.5454490856508807	-2.319941415362277	-1.3241071413498529	-1.6282689376592085	-3.654948908932143	0.07338004828385727	4.337935250958265	0.5603844302513868	-1.0897820035878476	-1.5546215088850668	-0.898754232489584	-1.032476283022381	0.05759740441800704	0.45966349494412734	0.7673901594760935	0.9523754200847385	0.6197991618950168	-0.2339766869077672	-0.15317950532038827	0.6287569993675657	0.1587354144885582	0.5426259277158688	-0.02469398031182976	-0.2467663813560397	-0.09670441922668778	-0.3054302278844863	-0.32785839825741747	-0.49418780287134545	-0.4205983926543512	0.08840100193916617	-1.1884505393189684	0.41537885954751275	-0.1456305397934817	0.18379712143034604	0.23569144066563655	0.3431755622888896	-0.060395917078257456	0.21663549501063564	-0.002662241598428851	-0.11693735860154789	0.3090275184010074	-0.22632378896579675	-0.18312592908691216	0.06565732194002945	-0.02654348747671266	-0.12351158078703159	0.3450354497918371	0.08522203013640783	-0.22836414942774055	0.05492614095365216	0.13952907133478643	0.15430641607594917	-0.286673816623707	-0.303938028782302	0.2870775612104521	-0.05153503211269743	-0.13864487012993895	0.4792922898582806	0.20294839321184965	-0.8127351376702157	0.3148555965850239	-0.3156105843394645	0.3233975399098473	-0.2819851611796075	0.07328876563972878	-0.2325304213203818	0.02297823042663331	0.01806811949535157	-1.0034004234914486	0.385087401646572	0.2675755080979201	0.14325471490638897	-0.17764128873656657	-0.14754971797979083	-0.11640063489930774	0.11520536590464668	-0.25834934163779477	0.12904358530333754	0.3508292243148448	0.31265079020215236	0.2053473872249211	-0.3091733824977556	0.18609482236809857	-0.23283158979002855	-0.1682105844575427	-0.034534114442182656	-0.1882120173058495	0.2500040066229549	0.21965459701752332	0.23513973022597673	-0.4385646621477335	-0.17478540833538325	0.20852587290891225	0.19042717057479353
DTXSID4057766	4.1179041120552915	1.7169986399452764	-2.087954223954071	2.763899689182766	1.8255510612259287	-1.4814792094025881	6.648587263369336	2.2924694325976818	0.17920717763601338	-3.240393032003693	-0.4201719292388142	-0.86220397122493	0.37756920265786087	-0.17746621157462678	2.011744311895701	0.005160525788018356	-3.6125665123982276	0.18318800396482407	2.651271451977809	2.3492451540031576	5.310819334966795	-0.4563358268115772	1.2188259966883082	2.2040412085762995	-2.147473693489025	0.9646212512722445	-2.773736428849783	-2.4298787829415174	-1.8464414891473813	0.058358097716028824	-0.34671835418806507	0.5325773153677696	-1.7680912408145124	-0.6800240425161602	0.28302251330909184	1.315996698745004	1.5179616783824925	0.11361013634137136	0.1077460629447228	-1.0645878797875021	-0.0703282467785177	-1.0851227071008354	-0.7339066850433161	0.588670450372292	0.24457440231901137	-0.41079390376133945	1.2473909772842675	0.6179648841156171	-0.15943253580871958	0.2816410010750236	-0.4148368713240456	0.7742919472156673	-1.2792394175248978	-0.37132391603975434	0.8531004673445917	-1.9139431934027547	-0.8995428569311382	0.1908395966066678	-0.7136935465406088	1.142038492489422	0.09277947540310139	1.6881720662181883	-1.0182536554902868	0.9562981559533407	-1.1285658490858208	-1.558191874237475	1.4779955106933549	0.13151718101071372	-0.6520593934349859	-0.7732347283798031	1.5152724193303855	-0.2916291330574442	0.07630074520085106	-2.290746926235152	0.617557873336958	0.07575958923335438	-0.11109648279861165	-1.486328047264533	0.7866565991261514	0.14648400164376219	0.48499511767321285	-0.2551044351071929	-0.5672696807406906	1.1228590893162649	-0.5171275630969622	1.7345726612385555	-0.21581528534195704	-0.4740226466547742	-1.0882921573949091	-0.7485990040899773	0.3661002507537695	0.17751122400401573	0.7677854280351876	0.9872313354499317	-0.2191130588867109	1.1769764448961078	0.28199705987860035	-0.03496660526610889	0.2509185352116125	-0.08819005199544513
DTXSID7048829	2.467526437199228	0.2609491028418666	1.1484126332579	1.9206632246594773	2.5164894056750566	-1.2722932939805145	-0.47783875214026056	1.5295054001301986	1.9554455935845063	-1.7383199403035494	-1.4205689166902256	0.2678534021425251	-0.4590849485922565	1.2981463839522374	2.453047194276646	0.022828299875644182	-3.115739877055374	-0.2468046623066666	-1.1920358033960448	5.528784519932189	3.409257982455379	-1.2322448681506863	1.9150208984269872	1.2891006959484461	-0.14442525226146066	0.4473421345863387	-0.7682649917476394	-1.5616314269876093	-1.2181310657705884	0.8058445562550987	1.4715672114762939	-0.7139941437569958	-0.5637473873450871	0.0711057010139659	1.8316499196642213	0.7214308401939232	2.6111726769894172	-0.32483534587149115	-0.43089947856662447	-1.5769858824208502	0.8301179591134821	-0.5933773190821006	-0.8803654698888403	-1.0129785718835675	0.36121426682654395	0.20141570452653354	0.5841354569625204	0.3231191018982992	-0.1349152115784352	-0.06881666536280916	-0.06379494371747368	0.8180210558568144	-0.5565414210533266	-0.0585271909240063	1.22975547457864	-1.6011256306650272	-0.11588945301660229	0.11109192480090453	-0.15330735351282918	1.0541797665967076	-0.7286206680995092	1.2477681324463559	-1.4605050719673351	0.11537313533012944	-0.9002460672157666	0.04465216770486066	1.3011014606400275	1.0956626190143675	-0.9116913743092069	-1.5669716568386256	2.1556157028149405	-0.3985630481371466	0.14454840243222808	-2.365909663814509	-0.25357242305373223	-0.36899412907179524	-0.6887899619012944	0.11831227954554609	0.9053639759102186	1.1957953963399357	0.325585428528255	0.3506996168247282	-0.837793515370416	0.8994933766295539	-0.16837703427166087	0.9537599659039503	0.4565600743248681	-0.1303217011800319	0.03452943506319537	-0.2082770952238678	-1.0055383919866805	-0.6816417068436015	0.5721565393439726	-0.12505823891232204	-0.3954721274161792	1.1302131739384103	0.4429692870908577	0.00444502286357217	-0.10453412825777354	-0.16697641763148133
DTXSID1045407	3.8359808663396837	1.0538183954222673	-1.8023452507985251	0.18710209289948165	-2.958847814661618	-1.5824136304958079	0.8612323724876012	3.8837598758905907	-1.6287980152009633	-1.399941080017308	-2.914651200332952	1.0646681953921429	-0.008533072015707115	4.801349770461371	4.390092902116222	1.2362803376805278	-2.8764318218553524	0.8965699561545615	1.5306818346442852	0.3951866216216375	-0.8195288289583302	0.7583628243637035	-2.436962962392006	0.37952606454170296	2.178867127838632	0.8273162189315251	5.364595392044219	0.67523559637566	0.43513097130745343	0.043448309214546364	0.14558091439585785	-2.755216619283842	4.2040232016732935	-2.258650370829088	0.5316270739637667	0.3365259109259042	1.2425084147027945	-3.0296278084606034	6.531337686777864	0.2786806697262977	0.7272357114975946	-1.8208838759246102	0.20711193688416715	1.3753188488975505	-2.286798770034146	-2.4112448671119004	-2.0467621077354146	-0.739154480803532	-0.5408662289220063	-2.069848291788803	0.5039341871998253	-1.7012975803285413	-0.4210117495582836	1.201609664594241	0.4108517028966386	0.8980673150135788	0.8455858139678573	2.3515278207927515	2.1969790952327464	-1.8213424990624947	3.475433255668557	1.5736705916238616	2.8487124047880514	-3.6146551228078847	-2.9796055682512104	2.5119905889564693	0.8515637663383737	2.751944708777774	-0.5010819465964087	-1.6171617431701297	0.7716239624657815	-4.326894931252392	1.7409767117069834	-0.47448136017259446	-0.20962629106903172	0.9325305279774007	1.0303799632575616	-1.628645314237956	0.37362737632703447	-1.247225952025436	1.2235230328666604	0.331628227980845	-1.6767413560216666	0.8136088287301696	-0.1576820777859156	0.42030826290277185	1.5586826691069602	1.4530212244696763	-0.7011936645216261	0.2544879830453797	1.0779599701936842	0.0025861484097121344	1.0769776284979222	-0.7311235983249225	-0.20526859880780107	1.7646443050104108	-0.14794741082276522	0.5699459869461627	-1.0916267396031025	-0.7153005941539594
DTXSID7057781	-2.54305876095827	-4.3764657955843145	-1.256111756330426	-0.01258588679296293	-0.28133131250867627	-1.2314797731111513	-1.2555946928046156	-0.39962431797404846	-0.40357730266994296	-1.0004857605515205	-0.30547195296225543	-0.03988215848788433	-0.4029300721108866	0.9863893563498535	-0.4898026554599325	0.06725644786509835	0.7601123913887986	0.027557996971895208	-0.4463411966839374	-1.3663953242109839	0.1607053569839988	-0.7155175751315396	1.1155504864598096	0.03307768705088972	-1.0669088331280852	-0.10514485397197298	-0.1971634381137333	0.5247890751863764	-0.06576784928241722	-0.7258631037806428	-0.3430513172004921	0.4589758541432646	0.2669766281711216	-0.5877735929391743	-0.3065883634213716	-0.5446156219889429	-0.11418161124943474	0.49210733406513907	-0.21290565255880725	-0.9947418131062701	0.27045308198823415	0.3513018701710861	-0.013277509710665955	0.2849452012623558	-0.20888335461020463	0.15645886245513238	0.3399117748234204	-0.22865612971746685	-0.11172210473863359	-0.08949953142983418	0.022750214439427492	0.02296859436881174	0.2095763147715325	-0.08449767322590912	-0.3257781856723152	-0.1818579271398553	0.37700784299051043	0.015548701745238484	-0.34087488411279293	0.24263913293698655	-0.025516440549519504	-0.01075500640726148	0.1191687416298779	-0.09605160630559305	-0.4393982516946267	-0.26909126103809483	0.42553143644707264	0.1720369535239859	0.0457267099726864	0.06637745546163715	-0.19517885795703596	0.10924933489235933	0.48529792797646987	-0.2131475678358774	-1.3022209047190276	-0.12756267420175446	-1.1086716367783012	-0.07376636121595122	0.0522878135967045	0.20009724958000757	-0.20531141448883172	0.8549410449464633	0.6158948225596778	-0.12541997397745525	-0.13712397535359208	-0.12814490584281202	0.3472022197429937	-0.7457292222033062	-0.2826212736824694	0.19230669815519189	-0.027931565450667523	0.06363510019766645	0.06360440799865684	0.2528192870467133	-0.1797224350797792	-0.2136626458077272	-0.10893901379679663	0.02809834190616485	-0.047216684510699505	0.16963242362287073
DTXSID5048841	-1.5726236542920315	-2.093439131799848	2.9886084895499723	-2.1022217459592896	0.6825576296427137	-1.9155919964548014	-0.888027126567684	-0.5019223315828397	-0.928510529640481	0.30797379822548854	2.7139919803990327	-0.6074328550656164	2.355398841200529	-0.9372163598669604	0.7931240610460645	-1.2253006224003005	0.8210466973680224	0.32707182247961036	0.47607098208099186	-0.22737839434180313	-0.20829492927339283	0.3437046940162966	0.3209371138849027	-0.10458060859173024	0.11525952709449012	0.8092490255379406	0.24622708993219672	-0.36891341771437386	-0.006573380756977764	0.2370540624209208	-0.2058896241894643	-0.21307944076702642	-0.25739488779759995	0.13596948034561293	0.43291100631256546	0.050242316632255	0.5089234720614956	0.2801324025060848	0.43859912552922375	0.7278397902900584	-0.3275161457229105	0.04903626588744327	-0.6215674872097183	-0.2869716825905746	-0.03401201237121673	-0.1663399705932589	0.06908242488178869	-0.5200781452857621	0.1963323667359503	-0.09648816760751722	0.12627059126048498	-0.04037247358615821	0.03983526785331117	-0.2307961298822793	0.10055548802378847	-0.32189578797656876	0.34712390824620276	-0.5895007663032135	0.18490935614999018	0.3224450870718163	-0.0673186228730119	-0.43209570197253844	-0.007038535519389025	-0.22804321837244085	0.08505996029436874	0.49256007575262306	-0.3353691350020658	-0.04782776191978729	0.39045938907245464	0.15123227586923488	0.7467344916312485	-0.0340451055181708	0.17124289763341288	-0.061274595228181974	-0.35764016244500824	-0.15241012465846127	0.6096296183892461	-0.1094911283485848	0.07853895576610147	-0.3939920685766185	-0.47479032587480147	-0.43232078798099527	-0.643688407062231	-0.0036938396444372774	0.14594243138805393	0.36304150551974973	0.16160836794854525	0.38825832222645107	-0.11149835505112525	-0.2884980702629037	-0.25005891167370337	-0.14857458558535583	0.2421471477613225	0.5061234582738077	-0.3797293412869144	0.10106406324697337	0.046483772210278856	0.055935667635309876	0.15756721503254711	-0.20558219441717115
DTXSID4021977	-4.755108668535169	0.7903773982384265	0.04382995915042445	1.2802381728442627	-2.126081890530177	0.3600821344794887	-2.5807055783904698	-2.953030606746371	-0.5893337472745034	-1.0099899628002487	-3.601422936733557	-0.65244982683627	3.9557795710803902	-0.16667391709572338	0.375804563737029	-0.5910922668149667	-0.9123402919380875	0.11096361960098924	-0.5995010113706545	0.24705201522168205	0.24108549159038303	0.5208904507450595	0.4487916081912227	-0.37393703441911597	0.9726621269195406	0.23971116759744152	0.050359237283176345	-0.24530397788193387	-0.26817523859569864	-0.14464857184564126	-0.4572664867913601	0.28455800669449527	-0.06470110705329393	0.2366418633013147	0.0907349581282185	-0.02524021520037188	-0.9181839814178185	0.23666728988040128	-0.13016147674700254	0.23088588567525778	-0.14857227537124257	0.15866354475384842	-0.06450870138319148	0.20596895617587027	-0.16224574783011278	0.02242526818560609	0.3507648723233652	-0.3909919517900726	-0.21854575815828872	0.18100301373882915	-0.00800905830551441	-0.31338334363294273	0.3381990227624494	-0.04030361052971425	-0.05838237105624423	-0.04177083019018896	-0.08470521231170527	-0.03332349216322602	-0.30426651376220226	-0.3523897473873357	0.4119876265783767	0.20137186243894617	-0.0325679056935758	0.7025965332352518	0.21371090186191785	-0.5517890306900856	0.20972652170625236	-0.03809546244742876	-0.08931925607309585	-0.42900482131011	-0.09353524902199102	-0.1278164816725417	-0.027099840766316722	0.15849687898406878	-0.05134437813552103	0.09270339788426633	0.18987621120266387	-0.18169074405127106	-0.1599333577370922	0.01975700919691531	0.09582071518020538	-0.09607850105358325	-0.13782298238685173	0.048196622508969625	0.2706974076815337	0.014439794871224428	-0.037028201905199516	0.28385501079288533	0.4987458690393699	0.07978307177751122	-0.20189240044523118	-0.23135267781503693	-0.1920738682706317	-0.022830414653752584	-0.18467798064061136	-0.07058450994590047	0.2757113609124806	-0.02759646628855131	-0.027570034620499798	0.35951156117096955
DTXSID0020365	46.75159995323198	0.8333415702110761	-0.5095075018069396	-0.6558753785851886	24.361886277575316	-15.055338079907404	2.5953954188276636	16.16532061205645	6.007499637631388	-0.4914164531050789	-5.897677711600791	-0.4720120490811528	4.587064556003902	2.804994485994744	5.133939945861392	7.905254346402166	-8.796390285935026	3.384397301768958	-10.507376632366467	-2.868548046417931	-5.460872535865075	-1.7754923461087193	1.280817820730226	0.8611877395564366	-7.082592894633574	-0.6372637685152865	0.8413682041877468	-2.9289804624878206	-5.517429580980341	-3.868182581677341	-8.450024040068048	-0.6069714901103809	5.081933957275908	5.477870016381646	-1.5666638519815441	-9.053079129004354	-11.323312489210556	-3.929365782667368	-6.470353356238548	5.340977177403517	3.1031694459763073	5.529273189932393	1.677724529184701	-2.398014403009688	3.214877076542869	0.8931531606702559	-3.95021590767297	-2.747445174003273	2.746885183922536	-1.4111608866318388	0.05486400319245077	-5.857791760837393	2.1614312457516576	2.1546577387022756	-2.5400527893564164	7.598762423097078	-1.092759181893937	11.750817485810478	-0.33473673741664306	0.5171001696704438	4.608298937590466	0.07511327603323638	-3.7720703748054207	3.443218343219467	3.188647910241635	3.5149574050800863	-13.294114689827822	0.934313517631752	1.8542101747694886	6.831508684786788	17.155097697138707	13.093342745641221	-7.445551475358662	0.7878349243635645	4.79913800500224	-9.604755976874653	-4.896153959395415	-6.43212053261819	-0.779016270930701	-4.475627879682321	1.017487670551907	-2.292766719033851	2.92751497469901	4.34721006893921	-1.671713833231264	4.0589431777326554	-3.705010580760187	-0.8664509478814284	-4.351856035278688	4.123664441789255	3.566709851150923	1.6055170951855589	2.0938476940344866	1.1144964473815366	1.45182818590597	-0.15957337962504187	0.7083025638086582	-0.10089719003372317	1.0300397642166474	-1.8201333196789733
DTXSID1046976	-1.7147305124118815	1.5004285002235662	-2.0326758100831546	2.4884161077329323	-1.3066766110773935	0.41131967340566256	-1.5180235626421033	-3.4553600080997473	-1.7901089810658302	-1.2899073960669791	-3.460839470560874	-0.8010640933367079	3.4984247895700014	-0.34340951270463044	0.5372503523281126	-0.8070888233484177	-1.3847398735675633	-0.20719879198213473	-0.6656837178187184	0.24881521761670686	-0.06575645193802244	0.2713192529256525	0.8554218429804623	-0.07377190535686465	1.0213375916094898	0.07852167724023729	-0.3142736226457441	0.4205284098344936	-0.15596412505791937	-0.42756111989346135	0.04244295722467309	0.006804887908415588	0.04049485367335414	0.22096974065819383	-0.15955920673553034	-0.3129626089432686	-0.5807828178121949	0.822868868063876	0.31139982977579855	0.16767458295361518	-0.12972634318468745	0.0937234843774717	0.10536600579615196	0.5818437633327649	-0.1014487544105646	0.44809926906019143	0.4376056402462825	-0.08678896841413603	-0.004570625087515049	0.17432324835370233	0.23050285255188754	-0.1821497594868837	0.3230557094719444	0.23378538908174248	-0.033607267567156984	-0.3706271734588173	0.29307571267543553	-0.1965895852763972	-0.038968885731302284	-0.5158573979393122	0.5313691504593069	0.18247066992168542	-0.40938394846032833	0.2466315889510305	-0.029018324070468032	-0.9155394038739865	0.33597108283356625	-0.12896317303403715	-0.3212358067480109	0.21967905813144628	0.09146147743542987	-0.29453774946187505	0.02559691876254656	0.11899602592892781	0.2701651884903879	0.04216237192152717	0.12492165926800547	-0.7183698223537812	0.4109972127870991	-0.15475567754739686	-0.3152009398044278	0.5119387910241378	0.06233708643691524	-0.8354091882122415	-0.4272076504828198	-0.510447922799247	-0.0772795501287122	-0.5242082005247617	0.027176837380775486	0.3581544508391091	0.33905672604297504	-0.00033271180781858434	-0.3108555359969693	0.6591204088575552	-0.107013779107573	0.13860901445932414	-0.2879992954438638	-0.14292730115405342	0.4048027783861463	-0.05246225243289497
DTXSID1045879	-1.975292120604022	-2.8478769716729713	-0.3079088948125142	-0.7743580057801639	3.4604522622344756	-2.413403179456496	-1.2193033663109778	1.3478527723180018	-0.9689931314018069	0.2436337165079694	1.7277678755678632	-1.1696019852169715	2.243538794674155	-0.3178424885055774	1.3890622658542635	-0.4735682255971022	0.0538874179499102	0.5640927341975551	0.05692807382463578	-0.1704857955792659	0.17863541876243344	0.2838875961039722	0.29709855328204454	-0.3065063321326066	0.7132441605495331	0.640622123375227	0.5742526750280817	-0.3828173143627841	-0.07851511808922805	0.19490859138346767	0.16535421027854366	-0.08437056327054707	-0.08222240703404746	-0.24000047992688828	0.7198601448034515	-0.40165741764337304	0.3957309183562215	-0.04120851528974257	0.8271700268149134	0.6498181360751936	0.06381407067839279	0.5154968946996024	-0.8943467992653378	0.5824805251948582	-0.06208235887353499	0.2940660245209644	0.21136231217926116	-0.3023488801303854	0.3384744981489241	0.4383854076903564	0.2519979151381062	0.07433356105800291	0.13569247290971262	0.160766170545687	0.2503119588737604	-0.5637306145552917	0.3083027488194379	-0.3827926991719911	-0.3199741046828531	0.4786563990821958	-0.2319741076754589	-0.18871082209603587	-0.1538036468426909	0.08137809988218646	-0.23103614722734053	-0.1596540289391034	-0.456683118766934	0.05107028474083333	-0.10027172633982324	0.5712773459603508	0.4539434270330346	0.4491719210212421	-0.3928199964465439	0.42348026312469284	0.06717667918957114	0.25303109963701853	-0.5598784120796569	0.09480230200529932	0.1776353875603405	-0.7359384772424765	0.08509888653441477	-0.6001016682139687	0.4801366776678441	0.055847035453385103	-0.5509475852406502	-0.06288763545034376	0.3631402272066028	0.5291104621313716	-0.35303148903407977	0.06061433544681817	0.6889366621849959	0.27433219058381125	0.21523875340314536	-0.17962138770864813	0.18693747611119904	0.1346776656187277	0.00978281699374965	-0.10774916161045321	0.2663807705398785	-0.1153907770823964
DTXSID5049285	2.186507307162295	-2.963898062089194	0.09645627719369425	-5.05107134238333	-0.8414912577258109	1.0859456101666023	2.5667941467111106	-1.1293776479771167	3.1498655643374627	-0.9610195468875115	-0.30043065385299733	0.6595037834051136	-0.08090554769354702	0.539423944806706	3.201154641672642	-0.7854273335443118	-1.5266536396621668	-0.5943679567955669	-0.8018907190643907	4.41927790569422	3.8844657207127606	-0.9680994587645665	0.5555570343702584	1.8652838032448273	-1.8941361428606025	-0.36654010319566527	-0.3645284424382021	1.2365872980177854	-2.0831582180659445	-0.4306029642919772	0.45995550117069317	0.2893484883834277	-0.1789023703903298	1.077387063608621	-0.1831980156962946	-0.30857787377899715	0.8902680413633706	-0.04235404004034282	-0.5778542255956752	-0.23676744106819783	-0.795960463636129	-0.6614552628421928	0.2965033123640068	-0.8385328796055609	0.11268008723899586	-0.5627859096357495	0.5357783581453971	-0.45151802187128576	0.10603562773774002	-0.01248619729802452	0.07892858967716346	0.21529847392204896	0.03819775340561921	-0.775605104780762	-0.5710616355499871	0.20880618496270878	-0.3005306623054877	-0.8589064087705708	0.2793683951608728	-0.5610736891664688	0.6716304127198485	-0.835917711545452	1.0883039816820794	-0.2418643147870755	-0.00042979209634756547	0.6067543779297097	-0.210105416693016	-0.3790560525744713	-0.2645933184220423	0.6537345624711661	-1.650106401815084	-1.2666296484827657	0.6568378207965	1.6248949234469947	-0.0568736528488766	0.6467759834979678	-0.7179209534600626	0.7013864484045699	1.8253762830236642	0.1202341496962796	-0.42424287514268527	0.488183091298157	1.3250201884810187	-1.1844030851830636	-0.5353848372382733	2.0625917269395337	-0.13239639685477889	1.1249358614262976	0.1834218172467291	0.7721687257477668	-0.377662589565179	-0.6416553951922044	-0.2350833252800285	0.634485041402738	0.23704396476091638	0.6169966424115979	-0.7557581154310726	-0.38516221696292013	-0.39173435392508343	-0.06408081712105927
DTXSID5045332	8.010664966225804	4.786756943143453	0.7255882112883958	0.4276406825786611	-3.8974951897322914	0.07906688073104831	2.7185043559896798	5.301022396006056	0.4937475019704953	0.7659308136646956	1.0223823112088837	1.155254990520206	-0.6799312673528948	-1.0226797057163097	4.616220414634955	1.223684170397927	-3.8133138663077992	0.34717720611531927	-1.9321418185878345	-0.6211615825277523	-0.6179178774380047	0.4965847768086643	3.181679599167077	-1.9023253581586115	1.1391676684903755	2.202362661521747	1.6750596313885093	-0.35114955777368234	0.17862904803183133	-3.949758677649392	0.22767219965590185	-0.6546555510681621	0.4306473366722228	-8.283078808732702	-0.9491886265564144	0.934139589552302	2.479081271564594	1.3539319439692425	8.563154975642188	-4.3617604760175155	2.690247805040329	-4.022084845987964	-0.8036250106587687	3.0652073601522494	-1.6752321033044315	-1.3957689757165312	-0.6481095582727479	-0.22186175075468534	-2.423733826639311	-2.0336618499988792	-1.4012131371314007	-5.092804262132853	-1.288861276232439	1.7069747628916656	3.0907808807744908	6.271050223091437	0.7876550858051118	0.6155454967287665	2.0452494592930033	-5.941584259854895	1.6678973919145583	-1.0480516942409392	0.9752604167786818	-0.5250536498451593	2.4063865062395395	2.052403737785831	-0.7038835645852944	-0.77975647382656	-0.39253276122341046	-0.7948232075096692	-0.9808033124287179	-1.1237975040256405	0.05099257391101806	-0.1971300908688311	-1.422311609852401	0.19504379158103713	1.1974038541860716	-0.4333650206482852	0.610266694857394	-0.9791856348695798	-0.36233863938710925	-0.29802854588490746	-0.698465336403937	-0.7303824176450047	-0.6859086930152023	-0.8579910424994401	0.4576698238488529	-0.15797251973653204	-0.05132705776411317	0.2890714171553123	0.25956182872693495	-0.2215741044543372	-0.06563075266524497	-0.8582989409501306	0.2730522749346852	-0.014541930483894155	-0.08010913784427003	0.33251358552887755	-0.03718853159815548	-0.3377936619528168
DTXSID5046801	9.078905361151547	7.121524621134242	-3.7266001407207594	3.9371905998728782	1.1478948972610772	-3.665571587553207	10.022608735067337	-0.7929329195873777	0.7424863014048882	-2.3865990579998946	1.430038738402596	-0.19925196568600245	-0.9250089120058954	-0.5076559096715603	1.5933753740338645	0.9691930795553093	-3.9202477297835387	0.9444686007410549	1.9244645155568798	0.7391292652229227	2.0959448423792506	1.201241187702468	0.25644010683503754	0.4722504152154867	-0.32913053841268175	1.662840109939326	-0.6363197843369158	-1.5059094320341442	-0.7362512503899447	1.011766254746133	-1.3796955935713007	0.0018162730357197713	-1.76337333152899	-1.8046345672873367	1.0087964860668612	1.293857539789654	0.10064973202995375	-1.0768876257663424	0.452962385900375	-0.6496588280308964	-0.5231947721525463	0.28999674773289014	-0.03151274226221751	1.2853531301582353	2.0786817942115006	-1.4687111049093864	0.9329774204933641	0.6176272985846176	-0.6573395091578087	0.4956268248024735	-0.042603266206223546	0.3003233368401871	0.17789999474636428	-0.04886855584707082	-0.7074445457282298	-1.3113485503887499	-0.41347745545320197	0.5471979250900224	0.5615224264043284	2.903373752418002	-1.0494209689070257	1.0753249016855837	-0.7294535516970294	0.4867142037474038	-0.37301423166091663	-0.16372072468800186	1.3057290689944023	-0.7699467987065635	0.10083453150939387	0.013815029710502674	-0.058413499249099554	1.4721615008424995	0.5104417835827088	-2.4931125513875583	0.0908748191267088	-0.15501105904827758	0.17081799531628072	-1.6310186608525155	-1.234467130198188	0.10057015793659807	-0.5500526304398946	-1.2459209504774276	-0.11824696350977355	0.12446207016092682	0.832172432428361	-3.1893879850079077	-0.22409704740575004	-1.5572992099981564	-0.373776748766227	-0.698058755612197	-0.8997862602798301	-0.25323430915156564	0.4613021619661987	0.47770204765567914	0.11752230601565425	-0.44357993114197986	-0.8910851891481246	-0.5274578603946081	-0.4248796917853188	-0.1685506701283747
DTXSID3020966	-2.915428235479204	-0.38906097467630657	-2.6549058066979003	0.8675749388500708	3.282373339358429	0.17016436782350963	-2.6629272556201853	-2.065951293669472	-1.3117331003219206	-0.1304895369591927	3.565683096471373	5.75325762823066	0.18573729166050346	-2.3037550000148044	1.9532908592000233	-2.183221215847991	-0.194887322118472	0.3397189546753464	0.29213860240200634	-0.13603560578515062	0.2554571027344628	0.2954811314358162	-0.778373311781237	0.5700201492874064	0.01917071051141702	-0.34296835221849353	0.22064611306449616	0.30769445898797465	0.3824034192351427	-0.0937052266150831	-0.6760195900794981	-0.19685804409015623	-0.15880114922146815	-0.9144183119525945	-0.7591562192227291	0.8969315678947519	-0.3585245877664577	0.3566841684962362	-0.9371802566760262	-0.5055777258522456	0.809735482618049	-0.24545234879619468	1.4385052587092906	-0.44260457582506424	-0.48535850855884527	-0.08650326306942618	-0.6876343041133222	1.0482134473525382	0.07043519624036489	0.10103523701819143	0.08072477430992808	0.7811800276992134	0.12087321223453751	0.5676199765579123	0.31221458404033287	0.06951777420499845	-0.47079002089948485	1.084965002728677	0.7241316160775746	-0.03878746440696734	0.650112379977662	0.8872251139442987	-0.8155205365768445	0.029129223840377687	0.15942045545430875	0.42080727839866583	0.6952396835941153	-0.6565498683406188	-0.49554167732588056	0.22590300571218674	-0.0683677682280875	-0.6651449074156567	0.039592605077312014	-0.04742233625937856	0.173434739310193	0.36175199925822643	-0.2668966189684886	-0.3875656993278145	-0.32389129619274487	-0.40043345641437766	0.03053342008512048	-0.6035212643578534	0.5845649653541972	0.7210790671354029	-0.44333372376133984	0.4204461879880992	0.988870524533427	-0.25876520417550586	1.2359901576109467	0.8390227208371595	-0.4787925236125728	0.3329500871411774	-0.013522058026523263	0.2799755891807272	0.04541380097976958	-0.5696056186603149	0.18977270260683352	0.05330798698767519	-0.10396861520395313	-0.1410678412799303
DTXSID0036926	4.207341758678976	-2.497072136258732	-4.711778594306319	-13.086775492580479	3.4112616542176317	14.780713222562138	1.2674062412546692	-5.719058229943421	10.357718767564313	-1.857344429884026	3.85260573872058	-1.2359392380048055	3.6476806357058438	6.084816385293954	0.9453567964250259	2.9963694392328692	-2.4274112711419877	-0.0118166499271863	3.4561814352331566	-1.004235596628314	-2.348453625814164	1.6454461216040375	0.13441143804154537	-0.014378605177889161	0.16807017219432932	0.055831577682079435	0.15381764643495616	-0.14286001343573396	1.2482622854390268	-0.8178068255440778	0.02404441800545657	-1.2069196710828156	-1.2937190514875516	-0.05365738147741316	-0.40473471379190673	0.36580643202247026	-0.3635216033281102	0.6272058329254632	-0.6188484417347972	-0.4122800189948291	0.5222977648231016	0.47195346106676833	-0.3579659049566101	0.21748618958938626	0.22833691024867883	1.1095628264445425	-0.305238193992766	0.07679137415132017	-0.36067369205208255	-0.09113673787860022	-0.18560812650285585	-0.13870143218643322	-0.46251922579869814	0.34688339643707433	0.010983819460788647	-0.10349344235681392	-0.1685807415464443	1.2962464278966195	-1.179652389906194	0.42430300672075605	-0.3100015769933636	0.28380813040887715	-0.25181437368067633	-1.2274771698206235	-0.4412009125983805	-0.6437614423599849	-0.6176735142225677	-0.21805742511158077	-0.06994333183737172	-0.5627978019649015	-0.6616794664138624	-0.1964818386871592	0.9344194593431072	0.30132178210616	-0.06219937422185482	-0.009765332917858227	-0.4760791803514827	-0.7768064120312888	-0.5273597782572497	0.353776918838431	0.5288992407862476	0.3053970981177896	0.12554415775164643	-0.3299701731949936	-0.198724192443766	0.38889174467009174	0.3209262173647351	-0.4567997690773401	-0.24025349835256682	-0.11230324598051006	0.03944494489224062	-0.6818646229897566	-1.6046091611283968	0.3142106789251544	-0.5871878511248494	-0.4194617728598673	0.3498376767733503	0.2301236325185788	-0.411234695510086	-0.02207618462082648
DTXSID50381073	5.560707207143538	-2.365960270229147	-7.951924373475841	-12.744136536175688	4.048532472505224	11.27040930199456	-0.4632571426283701	-4.925251231974421	7.49809200070887	-1.362387219749453	5.842663767561655	-1.842242419804145	4.132245863288161	7.104939181764137	1.5168319702816129	1.2903223885099695	-1.175808636651551	0.364745221016998	2.7741679345915404	-1.37472449548438	-2.0506068958601062	1.2251577574463792	0.730447598716334	-0.08470442173506623	0.6520864751664064	0.12242204949106238	-0.7089429015962743	-0.7614462426540656	0.18178783597070353	0.07368904182715037	-0.708199504243018	-0.6864562249027409	-0.3907043672598226	0.8099750184451989	-0.18191768565061267	0.07438553301367898	0.8280333942955258	-0.11758899712145081	0.24969761708452204	0.3836440553931599	0.0517691395088531	0.22203996108842877	-1.0990062880369023	-0.44490448109756037	-0.8326800689482544	0.6176097035478723	-0.4938903516357565	0.18637233938680467	-0.030924928465985633	0.2855033825776552	0.030502164793679377	0.04936892509922544	-0.24532288641569555	0.007166353718455784	0.8570115538480818	0.1570258818298183	0.6186716105483899	0.4270645093052899	-1.1139063584468722	0.24522152020182567	-0.16082917294725188	0.2278820817985914	-0.24916396242886982	-0.8454239297674341	-0.013694689784034859	-0.9612008405967805	0.09748134362406037	-0.2965344557247066	-0.1375033523779715	-0.11738801006792775	-0.3559836038163535	-0.06719489551397509	-0.22048900251822157	0.3281230465794938	-1.0677641935452122	0.44601947202786085	0.04138659490278568	0.09424008785292809	0.45541295800775805	-0.33898205574975254	0.6904302209453926	-0.15223656950536732	-0.17576817022470348	-0.2783938497416392	-0.2267785732608565	0.1733314625038656	-1.0747510022669626	-0.45419327036885326	0.44976250629195275	-0.1224798035772902	0.1849852688057751	-0.6875679860659285	-0.6972988750952307	1.6192261359712572	-0.475001703239903	-0.49144372273507625	0.027770984866948463	-0.2022685952602861	-0.5408004295596904	-0.8613694240069154
DTXSID7021655	-5.5524872626172534	-3.3205912262831063	0.5651510696796976	-0.36637833963899635	1.1392232759400605	-0.7258337172714625	-1.3006358743410649	-0.3485663023904555	-1.251186073922144	-0.3415757284856561	2.380012151455188	-0.8917612323307251	1.703011262845615	-0.06837205468957376	1.4840993417829405	-1.043540684880209	0.8495701430535105	0.5779993212512725	0.22612406233331186	-0.3578472781279085	0.13042075032833894	-0.03164585801752229	0.8359891283400044	-0.0046769191407966025	0.4313176886413965	0.6312171911549662	0.1958055295817896	-0.31349026660661816	-0.15671260829861255	0.271463673637929	0.186069845704855	0.022795914723424283	-0.03429317386054558	-0.11501704612335975	0.26151722652166276	-0.4636750247176386	0.6960273148820744	0.1367900588994969	0.4979109847548375	0.7276775918064554	-0.44745303981561196	0.14671222799935213	-0.7695450690915996	0.013941594866508412	-0.21666132281596243	-0.03861568787288851	0.4046375902463429	-0.4224640309269475	0.11896595317022096	0.0783190447766063	0.1434722672434328	0.011560854592572391	0.07971987291397098	-0.19275283345641	0.20736729357456238	-0.5218667507157582	0.38128515785212896	-0.6893956108079523	-0.10956637850085424	0.2938752816735572	0.13674615106659332	-0.41296306117137666	0.08895053931726864	0.05585630388273349	-0.01856393321601844	0.278147906224389	-0.18407101944706675	-0.4522029827214094	-0.1723647581089486	0.35227822900522343	0.5528893662852448	0.0718144168790641	0.015084415940532425	-0.16689157320669912	-0.3279238718839013	0.14937906290477085	-0.041751966106865705	-0.02739391753568938	0.05529990565030619	-0.5174584853061421	-0.10119669720174752	-0.44359857324994995	-0.36041747936662843	-0.2706496942753377	0.19988777527518112	-0.04220233043738639	0.18048034863205453	0.3005779277885806	-0.26669089583932887	0.14717993070376476	0.013420214681725684	0.14054560095419302	-0.09897189214265475	0.14177309298650492	-0.05473528280331519	0.05507683259076784	0.03760005235628209	-0.02070697369634726	-0.12338693586351775	0.15675918433649366
DTXSID9045972	-3.949513390185519	-0.2254349556943914	1.7046224876243905	-1.6941747968589456	-1.844755168717106	0.4293725701011041	-0.16950705780593153	1.9619614628079656	-0.7003818883857827	0.24069068210799857	-0.1987128876935619	0.280436081528561	-0.3680960148983704	-0.5493468859784923	-0.04321675297990583	0.8189350357622474	-0.6756570281691874	0.1509416548847064	-0.5572897748153806	-0.49151366194556817	-0.4413463701637306	-0.2514635900403927	0.12737786762277412	-0.5743980668348002	0.38779430027665573	0.2698807113245786	-0.11092232976994075	0.6531089445300604	-0.08117974380498057	0.1977896006650868	0.015789239480225946	-0.7204354142694993	0.32929884390219005	0.583383743996701	-0.6923015667329825	0.7041938913630531	0.09562987072727477	-0.878779871726677	-0.6459223135598804	0.2568656151569109	0.17151312375135083	-0.48408303967060634	-0.18990517571552323	0.1675892435838007	-0.15723174830216052	-0.237241023403144	0.23194901652540623	0.2640902790367213	-0.10145221133436198	-0.23272584651855688	-0.2812381981870421	-0.37939658180978847	0.07103098104694051	-0.07728517300265238	0.2615136118822927	-0.1271379143388048	-0.1961387287540131	0.3946147196694146	-0.20279160011627506	-0.47759834483309344	0.07473064012813853	-0.15878370368583614	0.2021259058716599	1.0900788137459294	-0.42559263840114825	0.004308467635197674	-0.07555352476545926	0.03699010332835516	-0.9515952371091997	-0.3216593012285763	-0.36453823862350604	0.0966437774711316	-0.1539585797032495	-0.6003579723931917	0.18678786924683335	-0.17297112054666325	-0.6820361629337487	-0.8707158603431021	0.19869152671988988	-0.9062494727092634	-0.27573371560870724	-0.7787733518557355	-1.1893402070771162	-1.0618332989702353	-0.5368637048975999	-0.07302694967559943	0.5561862130080539	0.17341156307018937	-0.23392839709968463	-0.4982431002168265	-1.1696459376676254	-0.33994190421211146	0.09725102021728033	-0.30845312963724514	0.06763391031596082	-0.008622805679125397	0.8049658388746814	0.9340476549849639	-0.1390629231517775	-0.8200302748296334
DTXSID0040672	2.260953112075345	4.874952340106645	-3.2608197732597124	3.0873403657700127	1.8603700600904292	-1.9675688242545217	4.630858992963233	0.629643754322588	0.39902110162233323	-2.3499864744725407	0.7057860476819291	-1.5369266936037276	0.2220647869741128	-0.39600737421709487	-1.5513607854209932	1.5279074385218707	-1.2883132863555136	0.9001577510076024	2.49026111664472	-2.5410938429443566	2.443155713086931	0.4102318453310763	-1.045541593259213	0.890926769961935	-1.1992034310753248	1.0600741525833086	0.3008826132627166	-0.2110929514446518	-1.318273638585609	0.8824235972269825	-1.5520921688708575	1.0844449434820644	0.37454535490785046	0.29092686192780165	-0.1698551600961406	0.76594317177578	-1.03888701129581	-0.7244329873915197	1.0373159745979046	-0.012538526215031176	-0.33735567749915396	0.23952088607331326	0.0376016137355067	1.1285627354696766	-0.30443340596729324	-0.7700937807807621	0.46881852998575146	0.221014287917751	-0.4491483259797279	-0.002459268362040341	-0.14822853095418523	0.1629776477606001	-0.7085419044734461	0.0917340182569461	0.6358761677790559	-1.209395234694	-0.0610611753998553	0.43808660779013225	0.00640063223144728	0.003543513674253577	0.5312553801464006	0.7005976729003812	-0.766158722116224	-0.526932639343894	-0.07455773075775107	0.05944953417597131	0.6753426016580989	-0.38145882758531624	1.2437895647532964	0.18385418481706642	-1.1279002304114019	-0.5186719514502384	0.05243952356245162	0.32175750343842335	0.21206336424931801	-0.06892468011917537	-0.5381652295528027	-1.1575932910259052	-1.1088988644308553	-0.9397335227576312	-0.31666648751012666	-1.0842417379026148	0.2032298516875271	0.45962770751489296	-0.1359861155452709	1.314768144102539	0.6959822736896804	-0.17249799361119517	-1.675993440548459	-0.18262048291102595	0.6068135678140106	-0.6744828852119606	0.5205111325212368	0.5313694236909962	0.8246236355456034	1.0202444314793049	-0.3181144165798863	-0.16457432294955562	0.5291073771109638	-0.21442527476909068
DTXSID50369896	6.6881719133599065	-2.735814684933544	-7.495930950366671	-15.109445636777027	2.767478181946026	13.354835363564145	0.6606255664224058	-6.405153304532529	11.122660132075897	-0.12762771676525048	5.842618847726737	-1.214672929551888	5.552501325879525	8.297098662456737	-0.575800402895498	3.5583991219993014	-3.907302615405093	-0.2560915438648121	3.3199397935281745	-1.495624049247728	-3.840005589728764	1.7278400638154434	1.6296804285935915	-0.20179416052095375	-1.5374498913270949	-0.06291536302970765	-0.5950742708889541	-0.6313223619711671	0.9983353000766017	-0.47981903373376517	0.6527324664650581	-1.958478521965086	-1.218469249325426	0.08173355239820451	-0.49911850410030756	0.4729185974675877	-0.11933469921943227	0.877833099880761	0.6286226233244923	0.420424839525267	0.9806033169930467	0.6065664271140999	-0.1762331684945379	1.17888755358788	0.10011666138534388	1.1463821617652339	-0.4202107354338778	-0.012539142195406836	-0.6484271853509681	0.5148119774969221	0.0008591880029886704	0.5129517456249586	-0.37716704912910165	0.3846393965175649	0.06347201734154391	0.18353444977625788	0.6798580060288012	1.367420609010695	-1.7227040261075695	0.6376750252392643	-0.07461519715919086	1.1905040499717199	-1.2892086836945815	-0.3768908018890883	-0.22175103105172742	-0.4732950430292279	0.745424807680005	-0.21955182379334282	-0.35944991773157003	-2.2325639197591003	-1.1270105034951041	0.10740003792726044	-0.7953981329385024	1.0323364114179938	0.7496468763799747	-0.4845796064852782	0.04006227290819614	0.20224673314178948	0.3384878733249933	-0.08264366068752549	-0.2679059378521375	1.6071432378059685	0.2638733267908389	0.9451705574969075	-0.7828978231333699	-0.41980424700615493	0.2658711722264538	-0.9068878200508586	0.867714704675007	-0.8798705303467996	0.15327496657957335	0.9066384647267377	0.2364671994572665	-0.3884251739306659	0.5575832447366099	0.7348348894419904	0.37977154059098783	0.12978678976832525	0.802597836217481	0.4126472393540226
DTXSID3045855	1.4086833435239092	-6.5990768552118695	-4.321307244307502	0.8586969980385406	0.7913519357364099	-2.3734041104995622	-2.385510691134911	0.45702665918922847	0.40508903605933017	0.1883169288847024	-0.3360380110445653	-0.29365061365289746	1.603732735896134	-0.38463455842750377	-1.7993521589869417	1.6293155618589046	-0.11393008605755657	0.6756318322310179	-2.1178236259058556	-1.9918348622498587	-0.43332751914742246	-1.08315642944715	1.3814137528908481	-0.348201861669826	-2.2038931369649872	0.04925482300433122	-0.4197359957303252	0.5079564696001336	-0.17625858876723757	-0.8902265727675386	-0.570007630875205	0.29308702807897025	0.026079365487320393	-0.4523555949819278	0.6495861062992893	-0.7393882813614926	1.7160246212594112	-0.6249543115491484	0.9575084741481721	-0.828632781773101	-1.0636654129978498	1.2897389776072377	0.5709412754858231	2.380287922495252	2.6823635026126333	0.4697215165892578	-2.307199272942868	1.5474178543729267	1.15814938992128	-0.6255964676047079	-0.10310272242556327	1.6284166846663215	-1.4811612143760993	0.33462257770707476	-0.5417678847847776	-0.7156499672437815	-1.30586403627794	1.380263273539877	-0.3800260250420771	0.4024740810938893	-1.1229252270830463	-0.3392815066020004	-0.10025761661024006	-0.4582430162180255	0.539724276143246	0.3251793866042074	-0.7355201605707951	2.035299280113363	-0.07417271119915331	-0.640088295181705	-0.603682381388852	0.8113058923773895	-0.5901680633313078	0.7085868454880777	-0.5251015738439521	-0.12187372042271026	-1.1609230648780238	-0.16332185494507848	0.3203795256407904	-0.9487042603711452	-0.8362249024862227	0.5240152342154172	0.867447280857433	0.5845414811929175	-0.3685426027409104	-0.1390516827004804	0.30218499039033925	-0.02067589612104099	-0.5704243659664665	0.207925142805062	0.37174729344637364	0.21107299955327863	0.6355193318010345	0.3343210833094122	-0.19708157718833397	0.2373659676750805	0.5009203730925497	0.15446022163214748	0.1858002747425066	0.22766418622262363
DTXSID8044836	0.8765952058885905	3.8351806166444753	-2.8245798083849634	2.89358754653078	-2.642585613540235	0.7783418341248745	-7.4288132794234185	-6.766408714660215	-4.21945136655299	-2.2991802046384153	-10.35117702225406	-0.9456141523462109	11.904918484655425	-0.09435879282969688	0.6024441644704428	-1.2578332024512364	-5.450432843449663	-0.8423469141328711	-1.8852183889914482	2.455316141646081	1.0318943490964962	2.6852368336818913	0.9834900223646118	-1.774044385212526	2.0214692648985695	1.619829553225553	1.0422683983594796	0.6025740066792872	-0.8386219883443045	-0.5879617591638808	-0.5263839719050851	0.4860821166003572	-0.34312385835714065	0.5265466180735334	-0.3601241118510275	-0.8848542379721075	-2.7773950593147103	0.23898475638777075	-0.29152087096339097	-0.4325439230357174	0.44347765209341644	0.531508390124231	0.41946613046228437	0.15718464235750107	0.6279663902166699	-0.2939122908474921	0.19988009037008284	-0.2728764035608646	-0.5395172960864384	0.31259165445468184	0.0441917506647301	-0.5224777043629529	0.7913631968105412	0.5521271493837817	-0.053426020866715426	-0.0817980188595586	0.842215936531495	0.1715461546710235	-0.20022152146146707	-0.3654500218543625	0.30841468451362836	0.06600178648132621	-0.8711650747969684	1.1624014419530084	0.7081739710223474	-0.9480031161991984	0.5908053240800596	-0.44667768199234587	0.994504805618516	-1.0250161108426141	-1.1820975204523334	-1.0005329125617337	0.7719845967081838	-0.23277645246200832	-0.7348769811160797	0.9935286774901333	0.7126318506834912	0.44200893284323456	-0.48217600150983025	0.7111819469257056	0.13718939101237845	-0.2806015950730628	0.5770159854924929	0.5366611439343586	0.24885970170863125	0.6572787195772053	-0.0044593441167778995	-0.6608131026375896	-0.2913250102552002	-0.49240189032299686	0.12147006468659273	-0.4009388129428138	-0.09012680483524504	0.009773717939725129	0.27710724370513473	-0.7174659547652185	-0.3804431330612109	-0.6834058555813951	0.6488935890156466	0.5106156096504468
DTXSID1047360	7.858486787171483	3.3330397914834546	0.3054492765888016	0.33978387717368536	-1.2102638983063798	-0.3884624339811067	-0.5387117965173899	1.9748411332451055	-1.6815271537512526	-0.6211049656002717	-1.016855804060574	-0.013474818347869514	-0.3041876491719733	2.0033233073367147	0.16493279802519809	0.048302594557951294	1.1089557250888071	0.15373813584274656	0.7736889634656621	-2.0514737793398705	0.4255715640641163	-1.0913720252919885	1.8036277558118055	0.9485301789307686	-0.34165443793685724	0.35821327866897135	0.5919646646407978	-0.18496791796142678	0.41629404557177196	-0.9649877180341636	-1.0335949974626844	0.09513025664670326	0.2580252673639469	-0.3391549395601343	0.6423766670684612	-0.09994267667485515	0.5001716709355211	0.8448775356907858	-0.5530141705225922	-1.0448122983610275	0.46243982530047084	0.12236551845842598	0.27145874730604796	0.5139225410596577	-0.6944598037595088	0.5080958498553103	0.6471161577483233	-0.18482908365376838	-0.1778644431440613	0.012792885989125993	-0.006146265097491416	0.2821912441180945	0.6666376438212122	-0.4432926805323706	-0.09475816596946937	-0.38395107395903927	-0.057658306897952614	0.041155735617369946	-0.48252070875629044	-0.2933043259844128	-0.20272959113461464	0.28294783920283745	-0.05502803848787355	-0.7945208262364161	-0.2928396536672123	-0.7452883651481919	0.15305114648643148	0.8904068783967949	-0.7314076435685559	-0.014954697435904095	0.2718662504673398	-0.7481296470026133	0.25724154116460884	-0.4670445666136079	-0.2560263886186497	0.9861926691955706	-0.7645554227902388	0.13486352248211209	0.0408126869119598	0.2785543479633067	0.13754713199410176	0.9747758556703923	0.3189998329778016	0.24184493282576064	-0.5190004694879102	-0.2785813346499545	1.6150962512699172	0.35650806198452395	0.6388097719819273	-0.21559341313130279	0.6001274886174722	-0.4318055037730647	-0.8982198896817569	-1.4996652483019055	0.8747801302422539	0.027584954651580826	-0.33513629633033004	-0.31334385790183217	-0.2519146076349913	0.048110973906071865
DTXSID6026088	-3.93833007441478	1.5891154127540432	-0.09744387502805299	-2.1784834003391484	-2.966487612734494	4.421405183228426	-0.8392572426448341	4.952553156939756	-1.6186412655997535	-0.17068028494655996	0.28900183830131576	0.8479680890292	0.6548893321949648	-0.9329133603407177	-1.8842267047463122	-0.5647309707483595	-0.17911306987756326	-0.6745583694421262	0.029537387422780344	0.3666459883697069	1.0273980713022979	-0.1404815944698722	-1.3722133796012728	0.3799293067464163	-0.8992496062365934	-0.9946148021529817	-0.5692735591314877	-1.5025520522252298	0.4756878305087399	-0.5055942574105334	0.6455163935724516	0.8264848836584475	-0.4177262519666141	-0.450266246132397	-0.03073614286072108	0.5339528926484212	-0.3048187354377539	0.32412415935797856	0.4034550116037995	0.09091143239539441	-1.2209278046210013	-0.17063957414415434	-0.10425854829163093	-0.37526048619865243	0.4010003021827018	0.2649766245215473	-0.5473436891214055	0.061601940466651656	-0.16721579341849013	0.4586807831030348	-0.18278397938974164	0.05704052219515714	-0.4068704493934298	-0.15666557396270842	-0.1905915322081452	0.23072529214896179	0.007554235491083633	-0.5825563936395987	-0.18573095204214798	0.6446819350083944	0.24311037667175542	-0.2795075494114072	0.7079784229647539	0.16255057414708293	-0.02865454310437289	-0.27704104497229176	0.14933172944402553	-0.17342680253662676	0.7603142872602324	-0.09701627458945411	0.41700761536730924	0.7027194933201835	-0.25422061916765004	0.6625568278217248	0.5563712822821625	-0.2221250608554446	1.1198829459337387	-0.46171527654836647	-0.4946679723157378	0.633379139289431	0.16996696179442333	0.25682474041504283	0.20734448954842805	0.3462613749261231	0.07827242534814742	0.11985260446572644	-0.39517569817329423	0.10831792105470113	-0.008931665485260865	0.26806690961878415	-0.19349523248871192	0.5142400564611412	-0.6671117803435793	-0.5082542225892934	-0.1353464520398304	-0.35566555402183214	-0.05558081794848755	-0.04528263572120178	-0.13772778174174194	-0.2235924124887885
DTXSID4041521	-2.8366233653759534	-3.6681536308972347	-0.016254027389512912	0.7801436201812262	-1.5777690715314774	-1.6079841379973212	1.5907924001444917	0.9318714202837641	0.6886024404667116	1.0301373213595262	-0.8451042687023724	0.32352915845267144	-1.0747154872316822	2.0042064183211323	2.893587515116314	-0.9988136357595854	-0.8714506649829477	0.6937795346725977	0.3158751853424642	0.049622881458576434	0.8584439657397887	-0.19369442033082923	0.7416840132297843	-0.6830717427016109	1.2520414481352555	3.3229944339254818	0.5266560108707046	2.7603656936360657	3.006099280237204	0.14592975978528935	0.9076664759542294	0.2672984322591255	2.1731998363252023	0.8964585754128175	-3.184799800727591	0.24692588979958877	-1.6822385351251707	3.7558460480316525	0.8576269194833479	3.411428044111861	-0.2433553009865786	-0.8540358121049518	-3.530269733788317	-0.29618551244422137	1.2718863139977648	-0.5513881314394719	-5.894314662004832	2.191476290598941	-3.221654215459359	9.789093597507811	-1.4911969733805415	-0.9663979333684669	-0.3815366875392576	-4.623342394953925	-2.130567528774203	2.8841890412188453	-4.244026335354608	-4.863427605265694	-0.5178468377000968	-1.336920800572832	-2.621351810101791	4.29707424966798	-4.617958206154849	-0.9153648747793711	-0.5933585114676202	3.9684015741886007	0.5247565074579282	1.6033418652905196	0.0877632830847022	-0.9541601927152292	0.9817650847071506	-0.6130417188109224	1.278461416059421	-2.6603394875042405	-1.1822073429544466	0.11264248376862634	0.3326575546364706	-0.5690348690592217	-1.572325790012245	-1.8650097450305456	0.3909950267435878	1.7177078304964952	1.101479122502894	-1.317658500990844	-0.603285476748229	0.8168452641592235	-0.8448286649248224	0.6298642787018983	0.5974282887914588	-0.6845650915621992	0.34184377169166447	-0.014767864274282203	0.8250389827466454	0.9875762548447821	0.8105900926319899	-0.49291050611268755	-0.06849935686733113	-0.340804439878313	0.14754784801870938	-0.03417987982957259
DTXSID2021995	-2.102742884686725	1.0793766387324293	1.3004489052133463	1.130351071508095	1.3903274356524966	-1.2706182814724358	-0.21226265757061819	0.43925628359783875	1.7303995241376366	-0.2964064259527351	-0.3894456411885174	0.24908749780445355	-0.015399997250754575	0.3325680012889163	1.3304165285514291	0.44794296987287224	-0.13783526797665274	1.0021422812560357	-0.6000740222748971	-1.3149288791326859	-0.6040377289363189	-0.8006241100803616	0.9400917596508842	-0.10156331831851739	0.9959159149350417	0.21619621621934396	-0.6961268370810609	-0.6493702752406384	-0.24431422700400407	-0.2508580345424173	-0.4619971148926496	-0.1355528703182542	-0.4259119805839166	-0.01981303575748466	1.136748598922007	0.22048557316976417	-0.1739290459214033	0.23083019435250832	-0.1292033452952984	0.4706343221768366	-0.29131783669622	-0.5568702652823655	-0.03926645650710695	-0.3217941516258686	0.019570032046774183	-0.13096890711836523	-0.23489842297019117	-0.32675262408341976	0.06321093919540159	-0.04548596889798404	0.09042139885088646	-0.15835080033777968	0.3201370357172854	-0.5055074256764198	0.21023622100243597	-0.37864939217689736	-0.3747042639968257	0.05250735822695847	0.6729389486758309	-0.15895611962487438	0.4360253423681768	0.021489689232817306	-0.6325915828641578	0.4056517283371021	0.31515267653943035	0.2882615064168788	0.404475307487335	0.5176311191908651	0.12458620782940857	0.0035880770576061293	0.7785738541933729	-0.7134794845860968	0.019872165057750222	0.4442021606226402	0.5568530129706937	-0.3581429069564026	0.09028663820001095	0.7927309944333361	0.5947411112194925	0.1911185926133522	-0.5888392086910404	0.33363753297023674	0.30179397214026393	-0.9050849382665548	-0.4203284352950465	-0.12360882591699897	0.8253940499433541	-0.32498703892591807	-0.5068369823011027	0.03825235764419343	-0.5615590339982371	0.11234150949674791	0.7141100760365559	-0.01731535423858206	0.36172529451514823	-0.24132335929048487	-0.07518316347552849	-0.10447548736767268	0.5219498654653437	-0.24394708208694596
DTXSID5044447	-4.4202091686497305	-0.07544368258495987	-0.18426272974628657	1.6037018632618225	0.11928399545024258	-0.37162000560355674	-1.997223349119104	-0.3926104721359962	-0.38403652574614555	-2.3328833878233532	-1.0663370253580386	0.39632185344085463	-0.06512262648719533	2.1974877350666215	-0.3282560977637402	-0.11772742818975754	0.5353302960886456	-0.017923545196333403	0.49282999671674343	-0.40160052464973783	0.3228763061183564	-0.8652159666479063	0.8682301704200162	1.1279380025092525	-0.8146023769415485	-0.4408615973786582	0.8662579015094203	0.32656416364645136	-0.045674378443526384	0.3762142230359866	1.093167654992268	-0.3514248119693225	1.3027089301911108	0.2283824950092187	-0.33046195239412457	-0.4289799215737608	1.814882158512355	-1.7693383927396282	0.8823224832001708	0.3662231615924611	-1.6712646795077273	0.8845787357605114	0.1207537084855663	2.2289997239530877	1.3587722516155611	0.04769555801625882	-1.9352176942505928	1.273576320287759	0.6948563930808684	-1.2835962085594514	-0.2575719091353426	1.2906149070265192	-2.025266451651015	0.24073246685238045	0.4170912311292668	-0.9776220943574064	-1.8016816780985274	1.4144493166687144	-0.31193909128241026	-0.8988320931992074	-0.5174109911501301	-0.08938411770443724	0.16734993012297844	-1.2156918004489243	0.7915000503145365	0.137221947087208	-1.3423796231286995	1.0409205633270153	-0.4739793122255918	-0.8452174676507893	-0.3046320400107424	-0.06885535360579224	-0.4666311789333651	-0.2842711035467518	0.28177727699434957	0.5312140154245617	0.3318088434417434	-0.4622091465291838	0.04657630236691623	-0.7410690629482336	-0.5404455528093701	0.15293537156827447	-0.5124559691568686	0.336928229220973	0.5436500505477821	0.1119726557440735	0.005928915531445649	0.7685121803842941	-0.24086576154719253	-0.0744584930463986	-0.06405371920572245	-0.35654051160867123	0.2721671153140338	0.24938630908294057	0.02955130631693938	-0.17683151561892724	0.14621114917547365	0.16996767241495322	0.3448607943532967	0.054483538431624144
DTXSID4020612	-1.0048437024508377	0.5383149933509561	-1.881956241000562	2.2589544064095324	6.586107393900862	-2.419603355127075	-1.7998729541237939	4.711000663149102	5.345796275805568	1.5777603757231007	-3.2228959727501656	-2.522677923655634	1.8048070395211597	-1.7243878963909685	-0.7077338422541359	-1.2861172280322495	1.0989786858698474	0.20738750929706087	0.7413187315221248	-0.8814715741383713	-2.876121174704694	-1.1168463277036191	-0.13290419942319576	1.1881832662471474	-2.7274921222688415	0.46730828116377904	-0.41204971048598	-1.2087553644670317	-0.7100804225570635	-0.771882466039985	-0.8039515542498631	-0.01910055216763241	-2.6212046150356834	2.7770440252253623	-0.10242780643051856	-1.4754812731813156	-1.6111918217246335	0.2947649014633824	0.8187791451910402	-1.216480594943449	1.1354646191942865	-1.2930039812738119	-1.0506777643662628	0.5562613889363757	-1.3956932121474785	-0.3998679469081264	-0.48300495841077845	0.7050976657100685	0.253006032377126	0.8992334800415551	0.663447532568207	1.3238100905192733	0.672024420800779	0.3449772038478419	0.9560453283429775	-0.16093255113166857	-0.04266243034912111	0.7748029667360549	1.7734374102506416	-0.7770724035366193	0.05051456888772523	0.645683212022463	0.387832387731746	-0.21941426362456837	-1.275774054564458	0.6056130423828315	-0.7896143802569576	-0.24694998307498103	0.5836249842594254	0.36095194151521304	-0.22561834295279326	-0.602373252356533	0.8816279617636226	0.1973831718642304	0.5098519302895327	0.155671400151743	0.3354216527815778	0.8812489868435627	-0.9766986219087405	0.03922157095404776	0.533399400279077	-0.15313005731406715	-0.19007274244308017	0.05056117419823056	0.6810221796567891	-0.19451922531396362	-0.3836674692085912	0.6090976838911958	-0.060865147344850365	-0.2969077194422637	-0.0314963080368439	-0.5157854073668903	-0.7199669061774867	0.6147312143149977	0.49383521005903874	-0.9934649181260542	0.20218292983603078	-0.4558723646565367	-0.4535155011306108	1.0679324317655763
DTXSID5045708	1.5471107812311187	-0.5374586796682608	-3.847672228400056	0.567292724031056	4.237239092202167	-3.507301775988148	0.9527780178853805	3.6511339303231467	1.1005048126481287	-1.694504937607142	-1.596303715453822	-1.632779282262918	0.9430154658463569	1.6902702991120846	0.49499434472808607	1.1768363349788382	-0.7196486356894135	0.6716605342084035	0.8210037065428535	-1.8214174021833405	-0.4035420446824068	-0.1994106585802663	-1.1561930866746377	1.0876486276370565	1.9525957266701108	-7.003616098995284	2.6142021445876584	4.207651974597514	0.3162034690870775	7.478111747124905	-2.7792209881104872	2.085606411023884	-4.053472325036193	-0.2779567018243621	1.3088134761171517	3.221961634393018	-0.0021426862144799646	1.938615398992111	-2.7267924332551043	-3.8312715202363212	4.41930547348501	-2.7551505425740506	-2.0365729370376378	-0.5844598378131216	6.402414303959236	1.4032374165936936	-1.304532321161426	-5.233149036698998	14.623753549832381	3.500452807797452	2.72628234231568	0.2288535872242588	-9.130037720209048	2.2154109701422673	-5.3729566958907045	2.2290037413300428	5.835775372750171	-3.0085525217917963	-6.254270337377626	-6.983689961622788	4.085586090806293	2.057724831599791	-0.17189579204131558	1.244603338174241	0.1536377088151667	1.8370916563153286	-0.9260147633761201	-2.2082068526962066	4.104880170117334	-3.53478733416254	2.5760517578656845	-3.3811394860861212	-5.620794615721258	-1.6860553931412494	0.0853350217634025	6.671436542696926	-1.7269748587430889	-2.6221813336327537	-0.5950636037878954	2.1838433569688562	-1.226461363460162	-1.5197061146102409	1.6609206912995875	-3.142518574770404	-1.1805829292215102	-0.14818281300212283	-2.284101928929383	-1.8455730128242198	1.7690639044925998	-1.4637872633447437	0.020339126031809908	0.14702012151767044	0.012639736145753476	-0.7960677212089343	-2.3675464817860967	0.09440959808573296	1.005301419288191	0.8692867694524802	-0.3270008024512997	0.7885529711320213
DTXSID8044963	-0.06057929287556351	0.43598103741324684	-2.1807813370613	1.4523459737734163	3.6868935153567026	-0.8623113871413404	-1.1299760274206532	0.5318084864644111	-0.22511118369951896	-0.9928310064629997	2.0452347375802966	-0.4533130031753378	1.0314463595750651	0.29034886112951197	2.120866386891767	-2.1807797582952926	2.356268163542578	-0.7296705366610688	-0.37104058249717337	0.6692706416801829	0.503524004831972	-0.30281809266981796	0.5597358215274081	0.5564718246879712	-0.5794033656931545	-1.5528571083110643	-0.7299288104512722	1.559694243504757	1.5445325399218968	-1.2111444590209168	3.039067615404979	2.1170548472107398	-2.3252423945374168	0.5688409966253457	-2.261717545855137	3.8988265935729216	-2.29661138734771	-2.135101884442583	1.8270717579498759	0.7140317821705119	2.606631110941374	1.2761872827110703	0.1209252708935363	-3.0329675187696266	0.9481258243748709	-0.2330251248811085	-0.5707116365740307	-0.8222209928141898	0.26512310742217915	-1.6015057762484295	-0.6279293101106656	-2.1060609720262544	0.9923035421351196	-2.3343559634805504	0.7060918751931669	-0.796230271823944	-0.3517521880003766	2.7069799166113144	-0.8440220640968985	1.6096518642721882	-0.9875207708305097	2.3959983168208145	1.8093049647883088	0.3411380103502773	6.290973625977617	0.7495353080061091	3.147016571447553	2.085498558348561	-0.46083539422714037	1.7399960884566856	-0.32235725364996637	-2.001462647443171	-0.9625729663234674	-0.6845024514267781	1.119193526133408	0.5210450872550977	-0.74131462765296	-0.39787823027352415	0.13627534709289574	-0.5460872604830497	0.10920077783145306	-0.5950404121178885	0.11398738477186099	-0.08194211967140946	-0.11238702805787616	0.47737276673348167	0.7095705938814597	-0.12136878119237543	-0.03568996384568549	0.027935239984029043	0.583539479363972	-0.3639669254971037	-0.3108918077015401	0.4732461343205983	-0.5332539659931855	0.08255298662657304	0.253293455911595	0.2874740339499008	0.029250428923513025	0.42346947468925056
DTXSID9048938	5.5366711888913605	4.132903932286882	1.353096239422511	1.1135777034222596	-0.0869098776198656	-1.2676283476377408	3.441162368663377	3.858235492341858	2.374685228623003	-0.6258052140918112	-0.2555231298809525	0.025015631208476115	-0.9923336778381264	0.07811654318283928	4.725421645605964	-1.023815206983159	-3.1490522177638507	-0.4847938668928916	-1.5516497497415322	3.4492606827521293	1.0450564764875225	-1.5425914497217392	4.228143622872	0.4492810674187556	0.29160159059175517	2.5428595412273083	-1.37871699214003	1.7483123855364335	-1.1677417003017667	-0.6674703593190446	-1.7021455412034088	-2.6463337431649325	-0.03320157384250612	2.5822019550062665	2.4273245935179015	3.224607655818443	2.6990432732511427	0.3308307577348869	-1.091708560538096	-0.17649376816704196	4.702409845163914	-1.5455397115179872	-2.1855710147972363	4.713544218979059	0.4229057259456785	-0.3555793517514838	-0.5353536190622032	0.8485866713283613	-1.1968490637605966	-2.2055380642812574	0.3361852151145539	0.49032606250613875	-1.1519473413335148	2.80375648368902	-1.08814533029156	-2.2466289725002744	-1.243687029575318	-2.5075716114075757	0.06220410053350277	5.132902893166123	1.6270127483934527	0.33622383739566747	-0.2275059208696365	0.9727484864554855	1.2936206942369737	-0.566732527484869	2.5888559942200953	-0.7160716898347168	-0.5293231845511728	-0.09751657892451353	1.1859790193585644	0.6421748230163653	1.1753344215743589	-1.7594290555412926	-0.5508155134937813	-0.02848097684068749	-0.4756712233340827	-1.1735668573460236	1.287023794991538	1.515902403413905	1.294512783121754	-1.0479123833573623	0.8200008260466072	0.6335703454898846	-0.7122168078904143	0.34888712420492735	-0.9504408529960875	0.6928496671170588	-0.46699137817866937	0.17612870464661948	-1.3959121574090667	0.8161478735220126	1.015126603405687	0.08331976856997311	-0.15642643664893327	0.16341105973940728	0.46340129335043606	0.2620693430872655	-1.146141056056774	0.2420882648632321
DTXSID0020498	-1.2043182526419294	-0.2562278041782872	-0.2896260789861476	-0.9794691518000229	0.9244147941447232	-1.698747712673294	-2.6343638343301308	0.315862259590033	0.23045560918449617	-2.809569849116736	-0.03956689935718382	0.04762087206433363	-1.905020218835525	2.8187549483724688	-1.1244347261944003	-0.6213479449080319	-0.5717826130492435	-1.102168124190129	1.0688111906785935	0.22616766551516138	1.165178142652886	0.22286733414910653	-3.0795211204093413	-0.010470763336126713	-0.11973159136178455	-1.2494145907192684	-0.4827224925207307	1.9655154742784526	-0.27884290208744267	0.33128362486135726	-0.5716540406273913	0.0343722839724689	1.689351087017269	0.39981535916082384	-0.11010410599465802	0.5859405584333196	-1.3001489085421574	-1.2135376797429414	0.9000219570327359	-0.2922781761662733	-0.3838536060168291	0.2635417020865815	-0.162328145178753	0.919747234080273	-0.9625354841820963	-0.18876394466680552	-0.11337358660371358	-0.8293658202828625	-0.3476959018501633	-1.1349893833218823	0.007170409981897755	-0.2392893054458836	-0.614752191123701	0.0774745587764213	1.0447113938599772	-1.2726496859148748	-0.5617797802431413	0.37835484787319246	0.5418379142413868	-0.9697724710530604	-0.026176536753614078	0.9576406355546034	-0.36274527175536686	-0.8439766300169076	-0.16702268312544702	-0.48357498000297594	0.7498711975780594	0.18603751134402902	2.1423911075851922	-1.3229560900516342	-0.6725097607637679	-0.495317512017765	0.49833062087345675	0.17411840672898798	-1.3758919497500075	-0.2487713490329891	0.5641550709060225	-0.9083504222050313	-0.6028855234813162	0.557175516906634	-0.08836541188597224	0.4866522822053512	0.09729554531145172	0.3471070489684822	0.40560632656619483	0.5370554858998311	-0.0560919234578905	-0.6507195542280619	-0.42582115500678563	0.8605972366686073	1.0388431358343337	1.1981046276297986	-0.6214117874141678	0.110619960427103	1.4080515836358396	0.4073525990095608	-0.9796680207946793	-0.5063086148386332	-0.21301030583605604	0.49065503816150335
DTXSID8044626	6.588505180739673	5.249355865782287	-2.2629114905262395	2.127413624997513	-0.5263758395432888	-1.267217973164825	7.393537746849665	2.8842641137283604	-1.103188258756152	-2.0044637486437606	1.0074505822848139	0.6392226415419329	-1.0625636349587628	0.6322508330397505	3.6726364615475373	0.564275631388607	-3.4562009215177065	0.291309892705788	-2.484377557213739	0.7935760052394469	-3.426709773649998	0.7346666197706345	1.6129078883288974	-2.4041524812347386	3.602636850927881	0.3908896798446436	1.4363469200055092	-0.5280858376900539	1.4492609062251882	-2.8454110829477184	0.9993744876153726	-1.1921409724670562	-0.1898708307411794	-4.641196140873268	-0.7062892754781999	-0.531946947788087	0.597418522461865	-0.21182023579845438	4.03603611160731	0.6060229557291692	0.6134413808632748	-2.835144723213785	0.6698830414395831	1.2058874639127708	-0.6695358536734357	-2.014802599736647	-1.110899453950412	0.441177410757863	0.3247398595170527	-0.3538852850011763	0.19706924758666564	-1.4541250090482287	0.1665384781524865	0.0957791093867192	-1.6653269408892992	1.3215338097359146	0.5376452782170283	1.136937548537761	1.039364879645745	-1.700497014581347	4.037115493289166	-0.6165952645399178	4.025025216274577	-0.924107250568166	-2.4593090359742433	0.8417872199855259	0.8876043040840922	2.1035910301840794	-0.9636751116226345	-1.214331097551498	0.41329837558150123	-2.629412744174027	1.4534091471785642	0.15091206141069563	-0.8493662948643559	1.2362963236303905	0.7467433414960225	-0.5463147356210815	1.0896281515222075	-0.243681134489016	0.747680450959773	1.387365044699868	-1.4552313929244607	-1.103967028544836	0.6503152220335052	-0.282959501566533	0.5068604850545023	-0.2761829206141164	0.16058011331491237	0.8939364832703128	0.16810730672012855	0.3717162808651626	-0.2717345388368888	-0.3607432225877662	0.10020046556466763	0.7050981840102858	0.5519819979177004	0.18069742861800253	-0.5621046527009808	-0.00891050720223578
DTXSID30627108	8.298994595691708	-1.8612158181961524	-7.614393999353562	-16.5215950018896	4.602295343879174	14.61194568106205	1.270432710442665	-6.367406520418098	10.813988654199347	-0.06324662093408734	5.075361794484688	-1.0071470361830472	4.866848877467146	8.490039817716772	-0.07076958786718639	3.098139154061133	-3.3660476885016037	-0.12215872255773476	3.811320519013816	-1.6446646814277717	-2.9468414493440425	1.7372616160614553	2.7641712423797005	-0.48098673519458773	-0.16134503146449627	0.007269577644930732	-1.2962689316820033	-1.2043189231037825	0.5944856936714091	-0.4894446542546259	0.5544136639969983	-1.713001965543972	-1.1107679962858001	0.5807786085649611	-0.7800460783218576	0.3175174283114975	0.6422944365566355	0.9478634275164711	0.22846833400484176	0.6046932510585351	0.6140170714490237	0.20975680575898648	-0.3772199499487859	0.5923642594582273	-0.3441408332941107	0.8870196674386315	-0.7850710235379885	0.04730883799347638	-0.6269637771957267	0.621710060942325	0.1354336528010954	0.430389671248666	-0.4650502469589113	0.38023853670831625	0.11052248344794152	0.6165299714803197	0.9954709217023806	1.2589134351215137	-1.2979390091779779	0.2707293204041042	0.4282281330826166	1.4919658715478792	-0.5645558470946987	-0.8673763523420703	-0.17492749095396679	-0.49331925273611915	0.4027814451465101	-0.48997523386012803	-0.12039074166038867	-0.9812595208167869	-1.3209915251940412	0.1489214815775587	-0.755564623626266	0.7536177265140729	0.6948827443689783	-0.6434956518698985	-0.3978410162360408	0.19339862050320733	0.7763567088781858	-0.7126130128944661	-0.06388352643538012	0.8064200052555032	0.4897022244374976	0.7905377503212687	-0.23424974963169826	-0.24894644439368413	-0.3828490142333956	-0.4113078633473794	0.47766529065287444	-0.0008460460879675522	0.06946673032881885	0.16942159657127806	1.1308283443117528	-0.7301651005961696	0.829586169236808	-0.33646271728513377	-0.7948608875463271	-0.17957498873723005	0.7206641887044977	-0.18980826553730268
DTXSID1046712	13.613824293431396	-4.174460762860989	-12.543076122754032	-0.9751478500395476	9.939562377768032	-3.25718435915562	0.29121801028272754	2.4666564099310495	-3.6103722997139234	2.8804188065861926	-1.0457265676203966	-5.207763580030637	-2.502168545281619	-1.7858990834906137	1.6423758194921962	-5.201880521846152	1.8070753476286117	-3.29623650708052	-0.45196786687033197	0.47939707568023837	-3.6711796552780878	-0.2181790440643818	5.80452108281308	-2.6915343097532336	-1.075571836583061	5.667916396625174	-0.7119473419379816	2.987128510031687	-5.399133695639026	4.501803017675915	-0.46882611062872154	-4.311520130666749	-0.6114094522229657	5.620165360073977	-1.8460138536729425	-2.495674055528076	0.7918002622805579	-14.511099349820036	3.5168128769330727	0.8939052832336439	-1.2593868227940004	-4.699958833953192	0.5912482346689305	-1.4583822958037804	-9.37393750599571	27.143730628018684	7.298213732757843	-11.537301580562811	1.2520735088383594	16.038579718290087	-31.08092709695573	7.877333289023769	-17.378594848789565	-0.3015446118968363	-14.899401568699025	10.780799125452665	6.174733099256179	12.319914766949665	26.729849923185192	2.0484653768393697	-0.6747218784057093	-5.680466909868345	-2.12587903401592	-1.556475351008901	5.840562577308075	-8.453612984418793	7.607285866048696	3.783949492878395	1.6801125588964776	-3.880492385066811	1.2399015165938672	5.584194545639524	7.4147202019350855	-0.10031012847364211	2.598656324996709	5.357545573843696	0.01438174001003346	1.888161645364465	-2.114388551442547	5.074249986726079	0.2849969351629959	-0.3954429449392806	0.34836889259952836	-1.9610899003558095	2.259470024074328	0.2802284191082992	3.8136716244520312	0.2814689974592464	-1.2878681327761288	0.8777250054059381	-2.3524291373660877	-0.8622299155888418	1.48225643948099	-0.08245670087688291	-0.26388395827654626	2.148442351343094	0.9633007119328988	0.4086805636658845	-0.7481929193352491	-0.2991720498862976
DTXSID7045447	4.5748841582929405	6.352071164106426	-0.9316250023212476	-0.7595947990698563	-2.3683353495523045	2.2226860850777688	3.815684668765749	4.886345549972391	-3.2604642136798523	-2.6147793161581814	0.4009265170595504	1.3667827497692115	0.20059250322760963	0.45837877318572096	-1.5688004307347125	-0.8249615895039236	0.5467154257675815	-0.17028418621652514	-0.6645471888204327	-0.6565772352165427	-0.3140315849363195	-1.0253079930682512	0.33491230078005835	1.138983153248418	-0.9640972818619427	-0.687065173027283	0.24894623658113735	-2.8452799131212068	0.6839410135794721	-0.6732136946976272	0.5419634424680159	1.6233380713099057	-1.3389432286692458	-0.9031175756205672	-0.05053924468934641	-0.24072673911780676	-0.6873263702881888	0.8786315129945844	0.32671625242429525	-0.23092465044514066	-1.9604407984183658	-0.30633527815684225	-0.35572893394979516	0.5059037451314446	-0.3290102667948887	0.3092087066890221	0.8224958980984831	0.36843408878828726	-0.9327344891911897	0.6770524497003166	-0.5309016503355624	0.520691591695912	-0.8165632005174449	-0.2516684197300283	-0.4175974385707395	-0.45667943604965594	-0.6760126107744532	-0.022147278094213338	-1.809584452309632	0.5383380168800367	0.7212323008450872	-0.1322412347252059	0.3283916771570281	0.7286174193350106	-0.15400272884286745	-0.8229067244755497	-0.03500601972266587	-1.3359832213922913	-1.2172420032898255	-0.9317465937302146	-0.40323425719654526	-0.6138615244166542	1.101761532834037	-0.8520992870213014	1.5871355775649834	0.35871941841063415	1.14196641659692	-1.6495542196724353	-0.01790264767805117	0.08353312561582683	-0.7018298209187747	-1.04847916203555	1.8723916335912063	-0.16916986756322402	-0.5301977311101476	0.17518274449127813	0.020309744819705818	0.10030653931652193	-0.8792071293775219	-0.1574298316805833	0.145106476575844	-0.04755411143608233	0.3911583258686528	-1.0446552382791603	-0.4830670878598978	-0.8558549583256806	-0.25169599282750743	-0.8168494077784767	-0.0022428676816739265	0.3017943878042213
DTXSID3040693	0.26589966819561706	-3.3885960880062265	-1.0398693346315762	-2.277483723072986	1.4218033711774027	-1.8659396306316531	-1.8285230384429723	2.020407487596148	-2.023735751897477	-1.699883857266566	2.20524006941406	-0.298471165467345	-0.3015958813419179	2.139677189171122	3.719647095492319	0.2310910715223098	-2.5887042899022434	-0.4406507086008447	-0.5997283080702104	1.0739274248016872	0.8698756512514209	-0.587317927326096	0.5877778450308232	0.5256712050340253	-1.7966072860423516	0.528552321946056	-0.5058718306975177	1.580551194558551	-1.8222575066771336	-1.0307429045027316	-1.746071377723224	0.6929228936825333	1.530070079848406	2.102275339666829	0.7867957611884346	-1.7451149670367514	-0.728103593798648	-0.29630335947360675	-0.9217374976038687	1.9953425673889673	-0.8984388385665119	-0.12623972801724842	0.6682127688555258	-1.1466287493679872	-0.01247756453697877	-0.2959168286871922	0.08101573720163147	-0.3103134395278206	0.4249826985150665	-0.398186096836863	-0.07177983289981268	-0.43270354563892677	0.9192675576611842	-0.8177250672396165	-0.5805600980013761	1.0504042242194493	0.23175827118736636	0.3979950557483239	-0.5147409055592194	-0.9027103177839686	0.15336796742216735	-2.4079254488627972	1.0682945327671252	0.2536033446734704	1.0916312932447123	0.48578586285876896	-1.3353034623099351	-1.4291697585364564	-0.06372333273142784	0.7193245725367613	0.11675259699035596	-0.1585695159346463	-0.2962218824651645	0.6161587544601993	-0.48345026706675565	0.3252907670645799	-0.2045349132967241	0.14322665961908312	-0.8302534488823073	-1.1797786774310788	0.29028008114574755	-0.3079732908860706	0.3589759866140443	-1.0039456996717204	-0.36852726928665047	-1.6961871659842782	1.3648820981591492	-0.6017396119725503	-0.15506581096788813	0.30115876560272287	1.8056866218900993	0.5337664183069241	-0.9777209077667043	-0.27181713673383034	0.13433360598168545	0.0678352695446886	-0.006198104334447798	0.3515363641911135	-0.66770873114517	-0.11999222898645222
DTXSID3024152	4.32634746629943	2.2992173376356244	-2.363007560152706	3.3125302017072613	3.564853246907318	-1.6450362775001444	1.3195771690360747	0.6008211019984407	-0.4914558176417542	-2.5457347207232486	2.2254703612442217	-1.6856184975437403	1.1877450315010682	-0.5950068574209666	2.83890997042453	-0.3697671751738355	3.077134019972003	-0.4874334538139864	-2.601387107612767	-0.7388709850388813	0.13337455894685626	5.848294234610824	0.6281754471814807	1.1594763397530565	-0.3233634940189982	-1.226944596002656	-0.8000089670627917	0.3542694053403889	2.012600361323966	-1.5830603780726122	1.8897829581426289	-3.380715774275198	0.7397909173731451	0.3487391361245407	-0.5695219099416954	1.1537243782193736	-0.9850409030311539	1.5085023984610044	-0.5234667777649875	-1.908354061733215	-0.09027710848051547	-3.863204825181238	3.001249995091956	-3.356917253103621	-2.280322916318639	-1.1341474429906424	-1.5842494488200198	-1.016711820142815	1.9782484424438573	-2.5002012724652483	0.9477217418141439	2.5768685335200354	-1.4863497507148156	0.009993333119644496	-2.791783411989119	-0.22838025792569047	-1.4581964095581559	-0.00433258594449415	-0.6284765807298255	-0.23924127295632946	-2.640686091605463	1.128723716842525	-1.3146822154894844	-0.2927268092438461	0.21219917069381422	-0.7854656150144237	-0.623009269985577	-0.7778161247741243	1.4215119824153883	1.62776536744342	-0.5443936358182976	1.3950298715842573	1.633149823823576	-0.1641796775687972	1.2726340174046566	-1.3054743110286164	-1.158215504773648	0.33390991241947365	0.25657079023688684	-0.8146892072652919	-0.5004433231244169	-0.30917668399629306	-0.7300118501133658	-0.12974172573103293	-0.5107326638704743	0.06847963263063989	0.2712504255712232	-0.9732344700370597	-0.2034737017411677	-0.2502254885255928	-0.43551404745257405	0.2745768598991924	0.5479422706643776	0.9977926152386988	0.5967255525209485	0.9260332894938262	0.6033559897671406	1.1659207434509364	0.18469824614339803	-0.1761597956065478
DTXSID8044383	-3.0662627019923794	4.2403634426307235	1.0555525806623762	0.2785958501076735	-2.2811282590729913	0.49265355409865447	-1.8683585599856554	-0.09822403065171023	2.0253635985447107	-0.5727361918223441	1.5666081527635238	-0.527873779771949	-0.9069386380651764	-1.7109071321302893	-0.6463255258766888	1.075281064431982	-0.29826733485351964	0.17933349323849246	-0.6681248508870862	0.08231781754694421	0.19229711482623066	0.03975564369135206	-1.0578322071452115	-0.3928018830457676	0.2965340018891272	-0.3397960834488583	0.0921704601520099	0.16926417201913246	0.07103120453071059	-0.18262177997588402	0.15981433005489448	0.27904101604890263	0.04715757216376412	0.06748790422483306	-0.41824207904325933	-0.06232576060056298	-0.5986407965143532	-0.4974622670043861	-0.07448443446867604	-0.2584771514934539	0.4246689754458214	0.25650220816241964	-0.18167973847605098	0.32508731985606115	-0.4808222211289213	0.23680038699175754	0.01962083469736533	-0.02174713899000977	-0.1295929111996055	0.0381612141421902	-0.17023921567056854	-0.1346363613078788	-0.08851378838371342	0.11613212138541736	0.0661269317234608	-0.16191839722648668	0.059553076583162994	0.10725164269577327	-0.7106239245960793	-0.22656515781251077	-0.3443628401279887	0.1521150437463425	0.08139747397930248	0.6079630587351534	-0.11108262194748235	-0.3029731922185859	-0.3024795267463045	0.49780718815051106	-0.22638732474234846	-0.791084799296646	-0.2436461405630456	0.04022567126046617	0.2774511455183216	0.01806280038310218	-0.5648852797128958	0.4625329927591955	0.4142369840136943	0.07046005452190755	-0.2849328108807014	0.5469775493913156	0.26769245796370433	-0.9743214579041295	0.21706193900150955	-0.06798037121973173	0.16678479270651617	0.48379697997149057	-0.3029761386205331	0.5008066194063938	0.070493811790817	-0.027183626287409907	-0.14373925619960007	-0.21775884472008364	0.2205712922782687	-0.269711837893277	0.09719235344795811	-0.19225134720925124	-0.02579991603808172	0.22619524571212235	0.08092382278046402	0.0911009467359446
DTXSID9020087	-4.161490621117305	1.1918773885188156	0.8789293825250412	0.7875096607176275	-1.7580219282208116	-0.3624833580144717	-1.2735870780062302	-0.790321854800856	0.6140328211212872	-1.1605974641999246	-0.34391372487834554	-0.16568160357397657	-0.22751908903164275	1.0342873035874793	0.12081922749988426	0.23118169939346797	0.32555383467755905	0.2681143496963189	0.6948390789112001	-0.37455717558763585	-0.15523511833367656	-0.6147966080659797	-0.8099982665362532	0.8776238928272732	-0.4175229939641834	-0.32147746215052114	0.8839816842134087	0.35565286552141034	-0.02390181901029294	0.699544440129605	0.14468152226068348	-0.5537384254898181	0.7986238391713626	0.5306901774625583	0.05259432606953803	-0.25825331686099745	0.44574759120313473	-1.0216486690515874	0.3735969626883345	0.0044356102803944225	-0.34563183979558115	0.2754943675450263	0.05805389055836441	0.43669164773133506	-0.489788366413302	-0.35469176218136556	-0.3567504066376573	-0.8986342321199093	-0.1721831675196637	-0.4687688841764262	0.2335394193783489	-0.3691469812975004	-0.18252216940889027	0.08814354626894173	0.5401808580601879	-0.6065088342009256	0.20992953811420775	-0.07480434455223965	0.8427260004833305	-0.041402251776004234	0.03267832980102469	0.6570932080663993	-0.6410939224729558	-0.4804827560409747	-0.2712057230035253	0.8767095280074558	0.4303990848992637	-0.5821023544203001	0.5801000085089266	-0.27214258209703573	0.4079186213656903	-1.0339538783758913	0.3095306496159317	0.3628477206344801	0.632518427543205	-0.46006863724795155	0.13334512470458715	-0.25875515502980395	-0.15163441009643824	-0.3812749340286212	0.06675056809681795	0.23629345471297142	-0.364418996547836	-0.026321288059665174	0.23596208090139914	0.2687030749709941	0.17668774271194207	-0.19524500753866447	-0.4777840163285306	0.04243475314455548	0.06275024073516484	-0.3850676038431999	-0.05040800445256035	0.028172146566389472	0.2651320869136245	-0.005213498165993701	0.22827720432899323	0.15813674007455536	0.11817324612079297	0.019468500245683806
DTXSID8030138	-4.18739342337765	-3.1254471984433136	1.9276636690149977	-0.09479036763078749	2.4788688988588365	0.3894388587266568	-2.366822346078632	-0.024037518433782202	-0.5012957448457774	-0.9627222346377526	0.013544131531220353	-0.8606891707914405	-1.2200174144160456	0.9451719243176276	-2.286929745514747	1.732783677940251	-2.256978967298872	-0.06094349645153995	-2.551990009480857	2.1858012860272638	0.34302477609008447	0.056153991551706126	-0.44470450270380174	-1.2854015040260853	0.9412429698763229	1.2081430324355842	1.4238877817243354	-1.21877816184534	-0.2615272767950349	1.1846162428760163	1.2302609795894281	1.132755545328413	0.44723284655578605	0.4020507358935934	1.6169339944808352	1.1077994650174758	0.22597672502009472	0.4783080720125472	-0.030705151146312486	-0.4031420433478635	0.7626402448520146	-0.5406243334483546	-0.4286140214380424	-2.3415951622175912	0.08947763037176681	0.6353286798829316	-0.39866972672648476	1.4839618337355451	-0.34289559939824327	0.11331811988095794	-0.19455476110071293	0.7130308085947475	-0.12834216216509906	0.3641686284549914	0.7068232271096465	-0.37141138385670347	1.048327693169298	0.3385858841790153	-0.1403415942624673	0.04011463858359864	-0.47309498866436006	-0.8310074356254266	-0.47038497842418425	-0.5062990648731017	0.041003952459828054	0.4695774739901649	0.8491590376990795	-0.22772788069878924	-0.308124235729204	-0.16214216931589398	-0.5002809270566595	-0.11106564425417888	0.19912748048298515	-0.08219810207584925	-0.11845232932283167	0.6171140937305009	-0.39551117395212193	-0.3112677690923437	-0.16638497634922164	-0.8430976799058053	-1.236479806319325	0.37837339353716753	0.097816847689342	0.7339851971223129	0.40741607898308907	-0.36803196690199413	-1.0594578524865086	-1.4662769332355285	-0.25533332946446313	0.648014361472412	0.14230575735958692	0.4236802168397893	-0.9969524056649988	0.37718792357756226	-0.3476225157922309	0.1708161222203174	0.270823742825404	-0.23329105172860207	0.1873672344536173	0.7166793208118764
DTXSID5042083	7.765431410610901	2.419805807365625	2.998898029441516	2.3770369332893164	1.3117914987950836	-0.5348957916460387	0.7677340880523983	0.7436526219516396	-0.4282956326184561	-2.458715547279024	0.18744165698801937	0.4966635800787675	-1.9692715707402977	0.15940990303425379	-0.03171279709514548	-0.5734422268828236	1.44192775976753	-1.5930012194764647	-0.25401906419125925	-0.6225901784957342	-0.9605888468642451	-0.2630739849939614	2.919488763659707	-0.8724298619902865	1.2163243569769082	1.0299710538336544	-1.4267944469435099	0.7206166339666231	-1.3361592343701498	0.25499175194938156	0.19330220032938605	-0.6780923891192103	-2.3455798864970268	2.659298173383396	-0.4394053170704151	2.315299153584236	0.500625174925423	-2.0800625052995896	2.8483555489470036	0.4159607496458182	-0.11947712476569411	2.2636196723240625	4.220847545959599	0.17874983709309988	0.9027486557907419	1.4850634333381019	-0.4700740042967149	-0.11912026472313608	-1.0452968147078217	-0.14982943653203923	-0.3700825033740448	-1.2129061600334337	1.8918959091817327	0.10578758469163523	-0.06846079375484317	1.091940475453158	0.4990435494020774	-1.721333267437558	-1.007530495762302	-1.2593958616307894	1.0081941403661843	0.5631315339754082	-1.99735374461964	-0.29781327606295105	-3.2670476905619763	-1.1674541436276	-2.297443478336391	-1.132169577833323	0.07958118288259243	0.28733790640944273	-0.6314596634837808	-0.884054986153326	-0.8197471896181315	0.7806085280129018	-2.0591623635510024	-0.7809321108974284	1.4018299254344642	-0.050292523013095045	-0.4929840977636637	0.8520650849143295	0.7239167414013509	-1.0058696286913862	1.9917611784221405	0.47486826001778004	-0.8224634662815339	0.0961107364592784	-1.094477214889194	-0.31602306608700215	-0.4633226357927918	-0.6790142904812115	-0.4059968413885916	0.5755724396084483	1.1830846119568785	0.008895483296973063	-1.0744565590193318	-1.0791278909163036	0.10071553804789546	0.2595927393409082	-0.9237814745842042	-0.6946559859896154
DTXSID8044389	-4.743883840600667	-3.6247039364654867	0.535411434873294	-0.34695714162490815	-1.287459903915611	-0.7646383726342009	-0.5144233202038848	-0.0510999315028214	-0.12564083863566608	-0.12570092966792842	-0.5737384439130493	0.18977670861755677	-0.12446350219740575	1.5857816041145207	0.6493820862031984	0.41631248456800685	-0.2568981193416238	0.878211168767049	-0.045884161820594425	-0.9050854345347036	0.27627378521025897	-0.813155823098446	-0.6391834053253522	0.17430769226503112	-0.17751510275712612	-0.4551900847134221	0.3613571459292949	0.14447022730818043	0.10212505868425915	0.33070637516707696	0.5093012629383196	-0.39911490421863005	0.6282181538427466	0.01624699327561497	-0.03335263351460833	0.5084210202577099	-0.11796929238532139	-0.2347281577069781	0.3273781644159176	0.38666858246887253	-0.29756824426002104	0.1801807290777729	-0.2760464395127183	0.6628538399457002	-0.789588506142854	0.03435554539695056	0.09228444534073582	-0.7154815454347498	-0.024713337574905438	-0.4778284401111963	0.1948582006645706	-0.14632436588949152	-0.2079288335557945	0.11587708209893334	0.4569134369699934	-0.989424090881695	0.07833000722246329	0.13440459744035294	0.2300934248324355	-0.2589786987204921	0.28431534570029976	0.3516016211672512	-0.3084656839352414	-0.4530229084708732	-0.4736256477923688	0.26852293893804624	0.38134974791269016	-0.030937921887141822	0.37233561623671985	0.022874391592134447	-0.22764252031468218	-0.24955151723557026	0.46535709951282306	-0.17809701846600245	0.6935986984624124	-0.14036877093084968	0.34743877494062086	-0.37429750927087085	0.34341183834247313	-0.46991950633675	0.07175655453650137	-0.3719940653564752	0.18193563296772516	-0.4742125604461522	0.18411021549878517	0.06695853618303928	0.27897384341257325	-0.4779581047668738	-0.5793053892395538	0.21958626654421912	0.1891233731965752	0.18926738494815312	0.42552343486770006	0.15081264312975903	0.3432433047392186	0.02228856925347694	0.1247306122485859	-0.33172580351468234	-0.17278120080175194	0.6538539988807106
DTXSID6046189	2.439791718807974	2.2189263667680827	-2.979507424104498	2.689696593114674	5.452320634191291	-3.5662494940121445	3.6416743679092334	2.4291095858340976	-0.0018732248670944327	-1.8431110935158848	-0.05176179808309159	0.17570825783453117	1.1983889055868602	-0.31879569202652114	-0.26837078000782055	0.8298742486657146	-2.081749549912369	0.6949469924335427	-0.7212892600041975	0.9324611330481121	-1.727571513545141	-0.848079906413277	0.5914412396532365	-0.4713825370314655	2.345439106818786	-2.5518010896024728	-0.6353532443389502	0.39933586052059045	2.18163038495716	-1.9411561145689762	3.937123789185861	-1.4315932472912158	-0.9080928715816055	0.22931678621303425	0.6824087813319605	-0.5505238208323431	-1.004165370725249	0.48044473613154537	-2.9452162317039354	-0.3026544165116994	1.6742637510779301	-0.8145072704047124	0.9412036548541356	1.6575964779546046	-0.9466219437841967	0.44327259622435494	-0.22439488168037186	-0.9183923645823001	1.1310254501565085	0.5745748292683112	-0.030623838001598482	-1.1536173579498676	-0.8250515437150914	-0.42862978606853924	-0.6936839339215758	-0.888118053673015	-0.100613137989557	-0.04820869134946814	-0.9329746115949081	-1.3397303285048632	-1.6298370778999614	-0.8794813684741218	0.9219824544087545	-0.6070888587274306	-1.1501276295138017	-0.7099542839174566	-1.270097177090996	1.2275035996653323	0.6190187386543494	-1.1464070426823425	-0.23002766943487618	-0.14069664902924234	0.14659337343588577	0.16656904774432704	1.0962675066910577	-0.42617981232705027	-0.04380182166422186	1.5565494533618476	-0.4651322540149038	-0.11275890533169157	-1.5559381156379983	-0.5434428522484935	0.10737736554350583	1.0046575220221052	-0.4645191500997892	0.48243263298329636	0.67820942515185	0.04774441976471321	-0.878051917339006	-0.1635008766946282	0.9188937357982908	0.3034585297665648	1.1158816985906679	-0.9389002759352923	0.05025320173680458	0.781593591230823	0.14713847788737497	0.013806983111579645	1.1757653513960529	-0.9580020195905156
DTXSID2044507	3.3004557038300977	4.093971943670726	3.4965117402979815	2.278009376959362	-2.3587011310122943	0.7320732062066401	0.2959317084367424	0.4928408681501429	1.687645343159912	1.0507494192944535	1.3094830515865625	-0.916546604142895	-0.30192085722623413	-1.6142837820819655	0.2921412424751195	0.03603888939425127	-0.08352472508490709	-0.2417097468742172	0.4039447710681919	-0.3240914504184975	0.2893331940583799	0.14838370578613072	0.5440654017046161	0.1388671080784815	0.17280872523922877	-0.10352964038730092	0.9464560150254335	0.8094989835386753	0.32341361536108726	0.0671572449489796	0.13828511285985745	-0.19132753754049897	1.1497633200329367	-0.4150311688582414	-0.6976762832309209	0.5773374342792513	-1.1812334607284212	-1.030011033143262	-0.49675422976349237	0.42165309675268464	1.2726888085958388	0.6014908590055884	-0.8699083713401026	0.6451952879184023	-0.9456480310575979	0.2588225006528161	0.45991516129056575	0.0013020349727603424	0.1418303340951929	-0.06450889818421762	-0.18250173033139985	-0.3834766996130997	0.29798196961278667	0.1387563930670355	0.2558414222217126	-0.24061017364538495	-0.3962936573702582	0.9614440533007322	-1.3526162738586782	-1.2874616299140593	-0.44007778750239485	0.19019984990002245	-0.03821007197510373	0.024691428642741223	-0.34497553750559423	-1.8732464114416947	-0.5214011992019436	-0.4839046765906195	-0.3932045695124507	-0.944490852706922	-0.3392930170618508	-0.34322965541966877	-0.7431155129528556	-0.3310185120545775	-0.6353797447966671	1.7130618758289646	0.16231205583536323	0.7601846867003853	0.5367195092880384	-0.6173649034295027	-0.42404351317652167	0.4368660796289212	0.1866442096772581	0.6760928034123869	0.4312127171909947	-0.34811904551516343	0.9607677763743031	0.7892073476701518	0.07233155037325621	-0.9756033449709041	0.08817021332296332	-0.859463678155479	1.385012422615328	-0.3273976051203523	1.704393398274917	-0.008853609440911672	0.1534489326429024	-0.6080832889185873	-0.6291223710617405	0.5494225292955586
DTXSID1025809	2.5058556633372366	-0.17968912419086733	5.748191843765418	-5.3739452085126995	0.30450951732956816	-4.523631347380904	-0.2737659932432205	-0.7619378282408684	-0.6844117458447707	0.9080382801147131	3.4860193499419996	0.01968198193523306	3.736890818358908	-2.4419108383151764	-1.6709897186017995	-1.848604552591891	0.49648398422879875	-0.7793782912799727	0.301099181924926	0.7138366671657639	-0.454514661120995	0.8021326501916793	0.6808541399699564	0.19100107692454132	-0.5844452827829693	0.7341173140660101	1.4140144008699176	0.1059931891012	0.2952411766219962	1.2137743216637529	1.1795272463607376	-0.58843098740586	0.16828687611151152	-0.21787891154365605	-0.06700777527758973	-0.3655505730910358	0.3072130341995985	-0.5449591415376008	0.3912941942665739	0.6936815717605304	-0.033718402543955334	0.12989066695687382	-0.44974619747658434	0.43133513312635885	0.3366500423404509	-0.4900445700473838	0.5543469528343081	-0.5898114848983265	0.06363774409855161	-0.16842963780857748	0.11487948127858212	-0.41140156584938775	0.027964419988220492	0.1349257297898209	0.16721157341608794	-0.036105466413573095	0.21959449028669284	-0.7978687166494077	0.08884101673448334	0.17044934226520342	-0.03927794367634728	-0.5910002868949336	-0.4683696770607294	0.4688289686214132	-0.023048491894696765	0.658557978430548	-0.20321069240362238	-0.08387767570417964	-0.21630331938290043	-0.26942624262776893	0.541235896786411	0.13217586183225544	-0.15116893625993819	-0.028269641270358904	0.7140011859295429	-0.12026549903886147	0.04717982934545935	-0.12384491339199967	-0.048035037755656824	-0.07394105069574546	0.26234030675406056	0.104260773190834	-0.3628021767861814	-0.20209880177317208	0.30753965240572273	-0.04227892026732497	0.03142500443723508	-0.08244555807144582	0.04191629312805845	0.3347713650453239	0.33180915455693333	-0.07658716704485902	-0.6716214996682891	-0.3336053816531303	0.23594483246604614	0.12835172261702554	-0.017392020840879086	0.11789081636796597	0.06825271069192267	0.11424215854137157
DTXSID8021804	-2.8747213519746744	0.07540864120828714	-1.1496410469018277	1.0938994326473432	0.38738719570960806	-0.9248643176597344	-1.3244381502392966	-0.09175094317039793	-0.26819785098705945	1.2415258485284906	-0.2684857467408393	-0.5423501207264773	-1.4250428807294024	3.235558690209931	-1.2763053432830296	-1.5513023760747802	0.3380145011981601	-0.6012656201780404	0.6901707486378391	0.17026661261011736	0.6714444418016976	-0.045600789285612356	0.3456811066394077	0.1297652765583977	-0.37686615427738607	-0.3344419341854389	-0.805083582051963	-0.24129838037166387	-0.2352616545901145	0.025590034659931704	0.32271131545675447	0.3098295542459573	0.37022483054096034	-0.6294100689305746	-1.0264065148099153	0.35937926673633047	-0.04176520458831597	0.32865353774342887	-0.36396127011022716	0.2670814462162568	0.08105615777012444	-0.1002975737662206	-0.031247000634089844	0.2984522876918852	-0.2852517874520494	0.17030696912155127	0.4693556790592728	0.2526231650388951	-0.2092900358388437	0.0395201638980155	-0.34221303129899433	0.005374223452483493	-0.044861511780045896	-0.1848036987540256	-0.21560555639741547	0.27065216926287394	-0.3346909763944454	-0.06970548889671423	-0.9955937562902432	-0.37818668463101235	0.26243382097025664	-0.20878134240456672	0.6845365775946091	0.5600266083702881	-0.14649108564603955	-1.3029738510855562	0.04587633105209723	-0.2246289569646578	-0.5241332343078512	0.06433549450756162	0.060072884709911074	-0.08483781600362891	-0.33646533095262	-0.20324317997901986	-0.4851275444491985	-0.06963441370877599	-0.3027745440658582	-0.1551671659270465	-0.10998809361180101	-0.48647288852212744	0.10152947818248087	-0.1135123249784172	-0.4391224367481672	-0.31015917346585425	0.2925410365088211	0.399060782795823	0.3504053185973495	-0.15306176002147076	0.041970394656045275	-0.08631455824944133	-0.1622707156842945	-0.131869871155596	-0.298494080018376	-0.04908907066230127	0.2569889044705729	0.07116416861116844	-0.23822664280388006	-0.09917624576932334	0.007551973438206028	0.3321919929443901
DTXSID9025825	5.465825341218351	5.569255056873809	-1.9075437036362206	1.3453434690068855	-3.458222530716296	-1.5198176324025685	-0.2224291307600686	0.7807902233594993	-3.0548113743438505	-3.739970772796141	-2.4900396661826596	1.0233409883817006	-0.03093772437203703	6.149730145565391	0.7672376977706205	0.6536636709609944	-1.8862797384372811	0.701718246292822	2.6951852016855207	1.0213373833124104	-1.3198277301679135	-1.6433440817857254	-4.83281465336817	2.132090239554824	0.28005473658206376	-2.411479056048398	2.8320270751058088	1.9566357376690273	0.9076165416335111	1.8528411521128043	1.8838190188800124	-3.0030113313651525	3.3973553245712265	3.1299428926964823	1.3848463927270704	-0.3304380968882515	1.9165933529876078	-2.418186183657676	1.0309283996112315	0.0326897889180142	-1.0238208808790281	-0.3015609508153824	0.708047290858307	1.6482943753341237	-2.7389607919162833	-0.43178978665248413	-0.5726029883399177	-1.8045271922053492	0.17735739382451748	-1.6492466229337004	0.760726261529389	-0.5174892939573981	-1.3430173960819207	0.15311625346947674	2.5569637145216344	-2.2943925522931816	0.22334112830644814	-0.07248240900224877	2.5799612198616857	-1.8303644608212464	-0.8899512928062441	1.6888181223567609	-0.7533104609376443	-4.3307329700833375	-0.8435488928673502	2.6069075134198108	0.5993457681320802	0.3073097883102344	1.948318037674343	0.1518474728168598	0.2826695994344099	-2.749037862586639	0.5658407731769816	-1.077131363129122	2.0151602653251537	-0.07369197810142035	0.19302340807185556	-0.5820322861092629	-1.019445986383421	-0.526896845703079	1.4926166172955906	-0.64077028330842	-1.2324522763630426	0.6521764306739538	0.40690366011403	0.455207845204893	2.0715500875181463	2.065493297113051	-1.2971778036374686	-0.17509838591235874	-0.016095086932530617	0.1314133078144766	0.0938772354728545	-0.855265365824467	1.2522625653713364	0.8952767045829886	-0.6048256952286847	-0.5278518994088256	-0.6393852686230086	0.13950551105137118
DTXSID9057713	2.5734443449040323	0.9249059177785042	-1.8236909592143022	4.428650135315629	5.1178063206384286	-1.1146403063451065	4.727191917126358	0.2580436663073508	-1.0756085637605834	-2.251407940137522	-0.012622369961206933	-1.6844567281136644	0.1582059731286038	0.9957904185599137	-2.268118553476214	1.703467306915888	-2.3299438953063256	0.7436402151366472	1.973635736764698	-0.810129413905816	2.75421067788469	0.7309540142706147	-1.4019604429486807	0.740137118801825	-0.980581329398095	1.4749141021815753	1.374144307511817	-0.5809611856112634	-1.1289357345923374	1.300158045081129	-0.5251948426564758	1.5799143018042072	0.8608761770258064	0.34679363168454563	0.3772662486393627	1.5684119040478324	-0.9247629435675713	-0.12447696150549188	1.265064682491752	-0.017333273493366243	0.021004682842040625	-0.09994386409330354	-0.32296596154134716	-0.12289803644661171	-0.24965369655716557	-0.17480281598751815	0.45915775634964207	1.1849879177793663	-0.41382152409925566	0.11460869504679638	-0.27322514173442575	0.6998896931300892	-1.018642885872344	0.347795485940903	1.070639231898523	-1.107340414418205	0.18335091064906212	0.6845559010089703	-0.4365648571317702	-0.024296887875363743	0.15522738126176203	0.08388087019443856	-0.5761610639295732	-1.3785028714493366	-0.16574200244088483	-0.22739051424153658	1.0217937473801193	-0.48194685347775956	1.034600671034107	0.09250498668474706	-1.291606709946034	-0.40512555813963896	-0.4117759925794296	-0.16248386548520405	0.15541508533146603	0.1406228114612095	-0.38174674032178446	-1.150541010594693	-0.8722958272788621	-0.9675831440907999	-0.7855655005272767	-0.5148040144242418	0.022896809545689595	1.0110745496123899	-0.2744727235805011	1.1324892607763943	0.83246299219359	0.11714631407843144	-1.4381136850032101	-0.3125141140657809	0.9285398014002137	-0.5837602324117667	0.23629067111819171	1.1336873801344463	0.7318479233435773	1.33414134036118	-0.4171945056080632	-0.5224107313874936	0.07934286270273883	-0.047996231047837144
DTXSID1021320	1.741748387723511	2.2672303978574813	-1.1365015089626531	-4.191757185520901	-2.0053163811824377	3.9126709337814902	0.3755957020582813	5.1478940286842025	-3.6444788190080115	-0.19709785958311699	-1.1497260603983082	1.929212047298795	-1.2397257415400529	-1.7276056431991185	-2.0653765845644356	0.164794540875217	2.450161321100386	8.042318451123082	1.5623062250013093	4.734293501569027	-1.0735231170096637	2.736731762887037	3.6059628518347506	-0.013117043564581156	-1.5114850913206177	-1.100707002671246	-1.6605041576757318	0.5838734240897455	-0.887712788268096	-0.19653146450239295	0.1093302465964671	1.7532733989193265	0.8142154438799529	-1.0629791135454394	-0.8113174724023909	-1.133569054760045	-0.8506350292894204	0.3605657126748341	1.4979296977538687	0.872854078615375	-0.7317601736888529	0.6869475664124985	-0.16750914642780854	0.4877148048974597	-0.2311164337216089	0.25129516589381307	-0.15516114977559914	0.1566325655943865	0.034448474996716695	0.34899513069175164	0.4150841967863037	0.7511369910653236	-0.04404114422393607	0.34792637855907244	0.6132155038682409	-0.9334178533455169	1.018163645409327	-0.48129592676497646	-0.10759491108958749	-0.5660865923548031	1.5207501552355205	-0.16184027950259236	-1.427620724997384	-0.505401385527555	0.6756004390595706	0.15164052105210693	1.190176347578353	0.11088372585650323	1.2199175583334487	0.5489691715140105	-0.4290568374754658	0.49591373376888415	-0.004055681572406824	0.898081354145678	-0.16506526374417418	0.025931840136131014	0.8329679736184876	0.11894308392199929	-0.015346979669116308	0.7168537176476609	0.6549727717768877	0.45260897228143154	1.1108934317282355	-0.606847403682649	-0.6124365641059635	-0.17953796719534132	-0.21884821642184227	-1.1736322361219271	-0.15682318239968973	-0.22237828233807866	0.2238342831053525	-0.04502402111393523	-0.013966777808824191	-0.003407528965869635	-0.1021161069992131	-0.4644003594715827	-0.5940667104067698	-0.5376250158085393	-0.6195333545205093	-0.3408028970146499
DTXSID3048655	10.380944022193349	1.628915520395415	0.025910979080878915	0.6573625319837126	-2.362056825344105	-0.7988642827389382	-0.5922221696173385	1.0029986278121419	2.8161607842088556	-2.894759363238705	0.23331176817010568	-0.22655530225330153	-2.597529914619159	0.36909133799639937	2.691171710106773	-0.5713522855434314	-1.3527400054233214	-1.754345843391556	0.5642169804337311	3.6042246943820304	2.6595460925477705	-0.5077731251852069	1.545550637072726	1.9087523426124322	-1.8441656385054035	0.5609645201719357	-0.5670780149749027	-1.2379600276140177	-0.33708115443034997	-0.30161548748744876	0.07874029072788963	-0.18698670442353965	-1.1499399446526772	-0.4598958527357951	0.36565456992100875	0.25959792521178937	0.5708282991911451	-0.43456151245083147	-1.4927957203461741	0.6208571963770119	0.18059259067766895	0.508405246677578	-0.24863208701596562	1.1850776555754894	-0.4824680631828823	-0.0695191490745117	0.550810902349355	0.0811507278713896	-0.06541988188159258	0.5612207954237952	-0.16693871874955216	0.0974905584716592	0.22816045177538535	-0.4959934721082275	-0.873049741953709	-0.6516943884718318	-0.9988032235730693	0.5732876427485114	-1.9211551697891665	-0.42215671155928935	-0.5428085066826414	0.26739320544684353	0.7398403420151803	0.36431914421768746	-0.6240008566268569	-2.9408266712564717	-0.6477524500257313	-0.6161463348659687	-1.210794638491643	-0.24512982150293583	0.12256661197199767	-1.0466875161380607	0.9803900337572936	0.7375290639634265	0.2783841282043993	0.7856119066666502	0.33662848312143073	-2.678167255117291	-2.7832587877071964	-0.93443054980396	-0.468902798048194	-0.881811388851788	-0.24801163096413587	-0.9695657948999206	0.7647595810010545	-5.180236975173142	2.0119034687875645	0.6912162517751277	0.4732206949287443	-1.211529023997535	0.15013998441345705	0.20872072230131683	1.6292683508099282	0.5491434624321312	-0.31734219104356914	0.09848664843961244	0.8132518421118197	0.9890871786438884	0.08892376807372651	0.35722851249179416
DTXSID1020140	-3.8480138485914503	-0.672078620604661	-1.717405268174859	-0.7489666818548636	1.140830105836615	-0.15493453985814595	-3.472217563620684	-1.3845204416933505	-1.6758026922443665	-1.0771412447709354	2.027157124231312	-2.432747633307159	-1.2400965151430443	-2.1130967731204287	1.5079571883813736	-0.5649505841841768	0.5234583643752979	-0.985318184847296	0.683331660805205	0.6094614366508517	0.08504463137242106	-0.26780678966240373	0.10677119435339931	0.49472558678550066	-1.29437926932449	-0.7934522967233061	0.5575847169159515	-0.034305335516532524	0.6386888836307137	0.3001619325497623	0.7537803946975061	-0.5519358532498095	0.3425970723497677	-1.3422984134299896	-0.08318726929672116	1.6650037639449127	-0.9307583162399949	0.22989731684989237	-1.0154305012581577	0.22533204980030716	0.4074787583327277	-0.18008507690789627	1.1692945746102352	-0.040267910812528736	-0.47233002264198726	0.19981336667855096	-0.6954824688965667	0.7696413927203676	-0.13654812993271725	0.2279774491060259	0.13494535895843088	0.6497515224402202	0.20372637946644317	0.7178477400338362	0.11412476027210391	0.8109060674204889	-0.5127359258930875	1.3842560424224992	0.00890153037108043	0.07859398265275211	0.5895362169259726	1.0254869086519056	-0.3144256633923659	-0.03739664426541492	0.3885137786801072	-0.30808146262549785	-0.25025553211412693	-0.16618743569932318	-0.2881476298210096	0.15988034053853958	-0.13855191610801484	-0.530943893148208	-0.00857154035121845	-0.23736161180636067	0.5166504536666023	-0.294215034902004	0.32205843148697033	-0.01504893824866099	0.1841624782440316	0.0025165262994544186	0.7583937927045937	-0.14699381316039561	0.07976651787671957	-0.3400137089883129	-0.015155828089129745	0.11263136894300668	0.4755390790174177	0.12646317895608794	-0.06822733049573793	-0.38743030790858024	-0.7338881827385265	0.04469437680053636	0.3941975316290291	-0.6910865050667948	-0.6142629269790888	-0.6058713238504869	0.6293667049978129	-0.11649267155829149	0.1635547381776547	0.13639164049201444
DTXSID9032589	9.761210921226969	11.430407816541388	-0.8751287007873334	2.5350923177447524	-3.973286092551344	-0.3714892458782332	-2.736039004082437	-1.6228263813619161	0.7075470472439079	-1.92698887908565	0.5177929358545766	-0.4259983300799035	0.5400025428183994	-0.9621772485268663	-0.9973114932525667	1.3236782037768968	0.49066864846045566	0.37499076142321364	0.6726630175784344	-1.131561667091925	-1.038266956684786	-0.6221915728538179	0.8258742540095969	0.44763909231054766	-1.5152165502967982	1.5155409652632579	-0.06024305678434731	0.3857980431063236	0.4515630944626193	-0.9807781090277577	-0.3539720352748061	-0.6263155885637336	-1.9690963774802566	0.4694210232116111	0.43451561929313726	-1.0314398131120788	1.5425981843691878	1.1844333993256126	-0.6511080498097492	-1.2178977355298393	-0.14517574375880113	0.5599065573906659	0.22458256849074668	0.6063266839616913	0.3608563492378122	0.07443431867683487	-0.04652939464268969	-0.7766662000540645	-0.32745570300211085	0.1209171188315454	0.3713511699706029	-0.10268484082847486	0.13927963712628338	-0.19871650947650119	-1.0497311215999416	0.13657540067432702	0.4957618778039361	0.12393795478200453	0.26534111839798397	0.27183581469625867	-0.4549994566306782	0.4330390968607136	0.1712735445292408	-1.2983241507351355	-0.5622072512165538	0.27546192092286576	-0.22172272697582407	-0.4989497676999228	-0.3753900201560382	1.315319959291628	0.10054570227658516	-1.4482149048074493	1.3818739083265859	-0.3619477394951753	1.526124234711516	-1.1530011621658938	-1.2846774531295697	-1.2886940985122528	-0.6078037404108847	-0.29010853938244446	-0.9817831283147622	0.1506582479660836	-0.582423891705881	-0.7534387429696484	0.19280044534571147	-0.007429334528672639	0.27853858305615947	-0.4006336515584193	-0.8583535942987308	-0.43401464922784394	-1.1911430919299915	0.5929563997732165	0.1445911188895813	-1.0359787877807498	0.5968125089612202	-0.36346532043623714	-0.48061207587488947	0.3239160778361583	-1.5085335214431366	-0.5714400697166072
DTXSID5025607	-2.5959011255469364	0.8984711594745378	0.4417992357571445	0.7057255432200488	-2.072499538736537	-0.7147493491253059	-1.3291385816333967	-0.5503977611139251	-0.3917856415486204	-1.708933298835543	-1.4788491050736152	0.2335555516801908	-0.02992200038457513	3.033406191890182	0.6597891810830891	0.13001119494871838	0.32253449167573495	0.6201067930221468	1.2787230925949984	-0.22813798970106997	-0.014017679763188155	-1.0157805429305133	-1.6278013642463485	1.5273293987856622	-0.2987033735204598	-0.8933839844398712	2.1179509887545778	0.7441212575782236	-0.04676931136454926	1.4263707665111323	0.07808239316896923	-1.247247304687975	2.319519571394425	1.50147357921875	0.1400982813198375	-0.1143367248206706	0.7619969057808461	-1.8986414605869395	0.6813874422679989	-0.14251011250693454	-0.4659798491611545	-0.047677248621020775	0.14014361287163346	0.44420219946412065	-1.0789598310863224	-0.6319370873805437	-0.3343313260129257	-1.0603160035282377	-0.3329460879456336	-1.0026249907417684	0.24233550518407215	-0.42433441574553626	-0.3575354968133938	0.1309601389782076	1.376587201052726	-0.8915658495589959	0.2563192193986568	0.05675634239493186	1.3682547935557368	-0.4592277512255303	-0.12679022663726638	0.9938351189621099	-0.6844170693554783	-1.393570775427079	-0.43125176185345543	1.5878403815746613	0.6106977452234219	-0.11545709099343032	1.0027847340975113	-0.6555402263381558	0.3232754124699075	-1.5770648409379806	0.4953872827559807	-0.4565821673198974	0.5102820596640906	-0.28706295706593005	0.43432237641975346	-0.37519708356028497	-0.1389011338749933	-0.15812360692543384	0.7452229158552871	-0.05421061338254664	-0.3878150042327177	0.36454949059109765	0.13297259711546688	0.24966146328111513	1.4259724754182734	1.3159702721883917	-0.24581235345057229	-0.29269779470428753	-0.4072163924886101	-0.7620870557420024	0.24016103219089965	-0.18782653019669648	0.27409927613890867	0.28551724587446914	-0.5210550377147359	-0.3814697701808019	-0.330191711279299	-0.04404156666204555
DTXSID1033371	-5.42714805104645	-3.759440157538795	1.7214165635886836	0.2740251516636054	-1.1662167791447804	0.5663874344848248	-0.4299684663176644	-0.8624121859714007	0.6629964210269114	0.544468513260136	0.04908536348026293	-0.3932907133439344	0.253926629353712	-0.8716433234121406	-0.23265814449995914	0.008385613389231264	-0.1493295452349603	0.09236326713458329	0.11873480057533208	0.13715787055018874	0.08193917059312822	0.1605642685949802	-0.9551292088921383	-0.23545650880618876	-0.508596164879763	0.006463658753740747	0.02293602548629064	0.6169001650518215	0.42638959415623134	-0.22959262412501058	0.4091127680383954	-0.2404549404744018	-0.3605174909098369	-0.6248754883856213	0.24597643722200618	0.24240845929582774	-0.2600647424567758	0.24077794653967236	0.36206809935160916	0.29889593215530563	-0.08457946807281744	0.0989955238281006	0.04077371281865086	0.23553759717294323	0.21920599996758938	0.24530976984909822	0.09984196786764986	-0.20349448298803471	0.15473840345166923	0.04189185575046432	0.05510232751615138	0.013855277316596653	-0.0382453798415564	0.026720646879761965	-0.10464448956693556	-0.33261167712019024	-0.10642260389818202	-0.1270164752386138	0.02526312412537097	0.27081018851811994	-0.16299808215450634	-0.2596598034078637	0.03776981736833177	0.022721817628809683	-0.1382415112028488	0.27580311983534644	0.3367739498366762	-0.15826222322320735	-0.1715539974968189	-0.5767124371507678	0.549081855108073	-0.10348442111142155	-0.23250225644182596	0.1598504658794458	-0.30212296124008237	-0.2774408153668005	0.2575168565111574	-0.13314688332008764	0.09586091071697217	-0.1051354611621335	-0.22743746533889986	-0.08518120948349894	0.17588302279027215	-0.01815333166993682	0.21734409444171643	0.29424294385925825	0.6125408796340026	0.06468416861209503	0.06522312142743927	-0.3064843894724715	-0.0707999131778545	-0.2454581317203899	-0.1250734001642802	-0.11754838474903975	0.11272295487124662	0.21942787338615088	-0.1674114465770122	-0.2765720819623341	-0.5789223815495865	0.6896103163853627
DTXSID8041668	-2.5986669763335364	4.29592550284404	1.797877426783418	0.05189090723646985	-2.390672145750777	-0.4640737043145448	-1.4217923599708873	-1.3264536401305556	2.676159719246753	-0.3706148741378526	1.549744891346157	-0.8399637353732196	-0.794832123170655	-1.99531386399632	-0.5552482643605573	0.5974130492234796	0.07693452945115523	0.16849304266251625	-0.6050733468090567	-0.05333568583618923	-0.3338160194844125	0.0533440011544645	-0.9966582807867617	-0.4934369541200499	0.84096177048159	-0.6474604627414249	-0.015150663708678812	-0.3061727868950822	-0.12905897389762921	-0.2067721787856408	-0.8559956254322064	1.1850756363767467	0.7894809349563626	0.5665118040057929	0.7102764540418902	0.0821872899022174	-0.775089085542651	0.061181241439666204	0.48041953127137366	-0.294120307617143	0.06673222523999219	0.004724636729890683	-0.037546996943434156	0.1689957340671694	-0.7176499134230775	0.46314856737149823	0.24906429903775446	-0.05513938867977119	-0.11065486256713317	0.1866374305827776	-0.11098389022186311	0.0176106547582428	0.10364327703417628	-0.20852632425575335	0.29050626055233425	0.14807061473927652	-0.3700167629324988	-0.05356212687442064	-0.6558518676472217	-0.5525971823530084	-0.0641196004627567	0.6059676745951587	0.08084490174405005	0.330447687786568	0.23859082873526163	-0.5961357214483913	0.20017355569928855	1.3422991433030627	0.1402963816631034	-0.9458352594147112	-0.16584316257359724	0.4583791185023261	-0.4897978360917555	0.18013993699835362	-0.6863292075219204	0.353681021587655	0.504476134695185	0.06445553062323704	-0.257649063323686	1.1762389720907163	0.16402977246621714	0.0034739199450289217	0.3958029255917678	0.7201448026999158	-0.012927810115764906	-0.22110436850151802	-0.2871816745510547	1.5912847935297447	1.2848118623733684	-0.13476753301956018	-0.031034820148083005	0.16343184982645884	0.024459500903796408	-0.1966965687159051	-0.5033138868589245	-0.056586126106856205	0.2850642666768746	0.07053945607409662	-0.38521141471403736	0.24797404099923787
DTXSID2025557	-4.1303251492643085	-3.0724506160760128	1.6698660865706694	0.01231494044842107	1.1710464135847019	-0.23617629372708132	-1.1316349593289758	0.13483783389460655	-0.6050372528010455	-1.1344528553725022	-0.711680878312856	0.03725881492372391	-0.9174321826643621	2.154914448640594	-0.39695486746225966	0.8881396471266044	-0.8908354959429703	0.5479839804089993	-0.9523071546026913	0.34306114849460495	0.4620417497564148	-0.672438731450209	-0.07406825606556573	-0.279441400783827	0.5312433895853492	0.2144180918326649	1.116205746771725	-0.6971656842589179	-0.22424422384586112	1.0934866527683178	0.8315959153274206	0.18864170263800834	1.0090957887881222	0.6097555502501034	0.5741496716910519	0.9056367733956074	0.17226666481584763	-0.19977101455175197	0.07694270886862241	0.2987209124760402	-0.0709171863754762	-0.05269780684184137	-0.5732532993298867	-0.6823228299698897	-0.9049746026335876	0.0591568702891512	-0.21686944500994906	-0.0756162996661332	-0.29713871535950986	-0.44610336058732003	0.06556081803019637	0.12137901294529088	-0.3663594242230239	0.21298154344730613	0.7862932831293008	-0.8763879782346312	0.6536675167112698	0.4100070636060381	0.1367323796084008	-0.4688072862565743	0.3129250615587067	0.09352736445986612	-0.42238192245645595	-0.9648645710439833	-0.26865144333127655	0.5319201214842989	0.44708154440497616	-0.26721187870369845	0.4762002582346218	-0.07545199647398891	-0.6162911170836725	-0.24549055218221197	0.5309831396834795	-0.33225009538740924	0.478451747081025	-0.2820138779455811	0.11383749791196072	-0.7127507856430022	0.28197625559043554	-1.1277327234812975	-0.8237079854225171	-0.3233198131079191	-0.15294421793329882	-0.07799392700754895	0.5162501975295469	-0.11014623390496228	-0.3971610362159419	-0.8294593616853259	-0.4986309809328726	0.3905888245083565	-0.022223275835519557	-0.028918818589394907	0.014438916996239863	0.21841651183788366	0.19236132719717794	-0.20513605767545426	0.48216059486165264	-0.3146200275780274	-0.03597201837966065	0.6654563594602309
DTXSID90880156	5.045094758360503	-0.8524916830106896	-4.842492422240643	-14.851113356827467	2.857111823133857	13.661748366514258	1.6035232632319403	-4.576186974514625	9.710311651820314	-0.17246937843813334	4.452705119006721	-0.7260487381852943	4.4061015138569415	7.041511661418956	0.2397620221135101	2.816167067388423	-3.5732424251710113	-0.7663204062739127	3.4733179596673036	-1.4897359197201523	-3.2467202939955877	1.7006547659302584	2.5671857291548146	-0.6819941002159806	-0.2281570572138741	-0.03437471905402025	-0.7891313784965931	-0.810829772529235	0.6655588332000585	-0.2191890731080153	0.30338910450287776	-1.5636817501839102	-0.788258808415694	0.18760698994215705	-0.4078973893778707	0.28881447719314346	0.5437682015748778	0.46986086195828186	0.47734281349668756	0.786548854915782	0.3444823438767455	0.12697280425682725	-0.26411711110042957	0.5217033777945289	-0.1903793344931677	0.7212301090491762	-0.7922863759029934	0.44391438633349417	-0.3856130690910825	0.7278329826301971	0.13045014156359566	0.5028521052192325	-0.17405760995029612	0.3376348133222917	0.550870767452919	0.2767806561436401	0.8110132091654013	1.2146009963106719	-0.9945670631777747	0.3507961833354817	0.12816543862598054	0.9639965413518156	-0.9902726246529036	-1.0560630125479145	-0.030235676463882553	-0.2813358305040498	0.8759604354533284	-0.37306067247142	-0.5804011136769077	-0.5719839692171893	-0.8339426811405021	0.07024002952885065	-0.6729257608771934	0.6703655579917406	0.38855432160852277	-0.6688791879817441	-0.1889766215607064	-0.569282471841332	0.018480857976485375	-0.350769778603057	-0.40014651139233853	-0.160234550279762	-0.09187977240169215	-0.37112522125010183	-0.6529986563359994	-0.06517501599815201	0.04130117769450757	-0.3512267114188494	0.41818659430025745	-0.7370076439121066	-0.7701913810282486	0.8798200600302695	0.5290917944234524	-0.6394177186849045	0.24581131952829113	-0.1997739647956927	0.1066791790154413	0.026177849993146124	0.20709142427617847	-0.3617244813090595
DTXSID0046228	1.0259983043023282	3.3626342600366796	1.7610520439104087	2.4850375370892475	2.505146201868837	2.3509723636845044	-3.2509037401658336	1.3999393354224101	-0.6494140271202089	-1.9242439567364413	1.2514832604789237	-0.4054680545343613	-1.3950391115360188	1.1728740799445105	-3.58286208475114	2.1123368237512277	-1.8104962339863135	0.004603696569696434	-2.9138715034213103	2.7051179348857235	1.165660195284465	-0.25515493554055574	0.0207146934836073	-0.2918505418553006	0.12832588436340078	1.0146550339697837	1.9931444802461602	-1.9548133831241041	0.06057840771953189	0.8398296412085371	1.778492449763869	0.8279888208575588	-0.029977413564854286	0.3391460703777121	0.5224367989456744	1.2274517024852383	0.16248844146379499	0.7987329614082933	-0.2640356490325249	-0.008748830176740963	0.5517432499999555	-0.30190066742759963	-0.794247534739522	-1.9667117536313032	-0.5373209685275642	0.9847145572675983	0.06871852695003623	1.2805576213170988	-0.6197712132033657	0.26199574025426753	-0.42773075320954956	0.9036459688128019	-0.7004433772886307	0.20658505072103944	0.4963082984159918	-0.11510716466144401	0.6966722673614846	0.5173007241082437	-1.6517921820428862	-0.7530161169233579	-0.28297639867454544	-0.8235960228348389	0.21044800129316193	-0.4273106893026448	-0.13802666233269528	-0.2082756884382743	0.21595404353989156	0.12215799290331981	-0.49175818468989513	-0.8241050477285854	-0.7004800914804394	-0.23268049556543338	0.1867053068449526	-0.48502511837706846	0.5702091997747312	0.17076182620507258	0.5401927971184965	-0.5094940808922335	0.20644596113664745	-0.05288948818960091	-0.19472635278190917	0.38106817696689693	-0.5201078078521079	0.04605453246744218	0.3862857020756191	0.02853010195147644	0.08503269323837168	0.5629011392256124	0.5311735176473676	0.012108256998099719	-0.2702195346537119	-0.12145427626495901	0.023527369824363056	0.2974829481716561	0.15923615419874113	0.26917931829007397	0.1749822260793104	-0.14156249446633348	0.5878869380597672	0.36354261429037954
DTXSID0037522	6.04675766646213	1.3440056047460078	-0.5662496230959684	-1.1105512801158648	3.63092826830387	0.7130585772165144	-0.22698572520375535	6.862151045027854	0.6642107342285676	-1.0869991779206185	-2.9241795982383127	1.0666550707353821	0.031692984367171835	-1.103185312127881	0.2941230688122932	-0.9841759006794097	0.1706583184394658	0.450848115564505	0.42189091698506553	-1.0089178701871127	-0.4878945258617538	-0.6875029105709844	-0.6813531170619735	-0.7991029628553692	-0.15525063982269013	1.7107911414170613	-0.8768342131607566	0.08283558758829918	-0.922338628009951	-0.705618720830939	0.7728456921628434	0.6869788584980288	0.010675540256307368	0.6734520706467729	-0.005784016403336922	0.482032232903107	0.9869161855590894	0.5820300381482159	-0.7617327052420709	0.500037017943735	-0.41128350874316333	0.11710828178537988	0.29457436905907364	0.2103130230941308	0.3126768617726123	-0.6254804147995374	-0.1390641498440937	-1.1503065706419024	-0.3156046613312199	-0.7555049148317063	-0.19764579716437494	-0.6848539557008533	-0.17028396658557055	-0.6399048462192731	-1.0225940960761049	0.2582758441162492	-0.4776080340258168	0.6372157455695661	-0.2171816626279835	-0.24412787303300998	0.6416902787854627	1.0742520521712382	0.2168680203955904	0.5188920998291272	-0.15339257464803183	-0.39445217485193623	-0.18267885522078958	0.35632940398709767	-0.0056214213513856	-0.9266756698815685	-0.4439347103152035	-0.016583756230216844	-1.1576551275121	-0.9572788866272626	1.598409754756143	-2.2401588451719516	-2.211097394027437	2.9638531720424677	-0.6483355531382692	-0.244984049503682	-1.6109837998570367	-1.4256116240056866	-0.3847567966189437	-0.07627780263849915	0.26569423125290725	-0.960244004842807	1.2016565327724629	1.1488199048384369	-0.25959453919666803	-0.027466115022495397	-2.0437811951952085	-0.30403995573494125	-0.9205778443518084	0.4324304107371449	0.6612614726077044	-0.1784234363030257	0.1408307903123938	-0.5224173842543922	0.7590742697786816	0.8926590846987055
DTXSID3046742	1.1905881006293626	-3.8506174481870423	-1.6171906389786426	-1.322552538874708	3.33004194695679	0.6889404492954022	-2.975494107189427	-0.6446965622060489	-3.3653629650020767	1.5721981809817909	2.515541495496981	-3.948285837215593	-0.8452200253042284	-1.080988486777135	1.8790552637269247	-1.8061786940622804	0.959613067564782	-0.06117312870198504	1.6301277060267638	-0.31749898156173456	0.023522299760642434	0.48964695558425725	-0.6774599147330514	-2.111066533831229	0.52457786927348	0.31749696183116294	-0.7694711495016767	-1.4791962213108478	-0.7207416116009895	1.0261399439058834	0.09607730852464945	-2.278769467201314	-0.7577207930783026	2.535391048813438	-0.07370285790321209	-2.586610869859382	0.03468050375184612	0.1849994161358955	0.5008644235254818	-0.5069968674846841	-1.1700062422679693	0.6625040715340014	-2.0429616994499256	-0.2088299405566284	1.632614942461194	-0.5300727827721484	1.4947778821045723	0.01257051798648638	-1.9403935161543502	-1.0706827557948928	-0.49248478408266394	-1.0482930435456106	-1.543167910083483	-0.5596386315108861	-1.0883884865935707	-0.8604694207467767	-1.1470818688078284	-0.22310886780526845	-1.2780662498099487	-2.38142830012702	0.30356704768023873	-0.5336527053915368	0.6038433822380752	0.2797940605496548	-0.5102094240229216	0.5000426922850638	2.1226520277401493	-0.8926476377242005	-0.7623364847758998	-0.40753358380836713	0.8805482731245396	0.5533467216389909	-0.9420790898022032	0.6655846493058928	-1.428779587792062	0.7340455655555652	-0.12652708502431395	0.12214450416472256	-0.39769614270643866	-0.4942690688398669	0.18079477994578022	-0.8662371719122792	-0.40621918074946894	0.3302812412157369	0.23118476654804482	0.057681646704706206	-1.2103558512536325	0.540463327000676	0.2676841727887565	0.1477965565688051	0.47375246175177044	1.012189617783743	0.17696143386076918	0.937808368849131	0.0026888142138866682	0.3065035953192577	-0.7891533409905723	-0.2273546180482838	-1.0448291729434929	-0.6726240844785
DTXSID1027550	-5.5310143972062855	-4.049843154770385	-2.005572220584323	-2.1478425313974645	1.0410714591602865	0.8201769099848226	-2.1155376939056185	0.29543428331540555	-2.979817356338016	-0.20071786879619904	1.3119857142467652	-2.301263108981525	-0.8195231789574512	-1.558790860959804	2.2571520977544575	-0.40094710764993946	-0.058446101212196816	-1.1476637937821899	1.0040856363934285	-0.10152931648707889	-0.6886941339052164	-0.14277856402770966	1.196286233167311	-0.0019853011688245924	-0.8560145965669342	0.3226712626917614	0.7666172523488677	0.399952297228014	-0.024677764226564928	0.4494171522310879	-0.06915285982360578	0.19571171524477	1.1986651710021397	0.035221078520266645	0.8409199333485582	0.028579897984490163	0.28689389433873835	-0.26357750675696734	0.34873875844659935	0.4525056133721042	-0.5194786277358122	-0.2803976514859051	-0.4896816758114587	0.45391078330746215	-0.23395871537550783	0.0467517856809447	0.39125995413034986	-0.5253890241895702	0.16211306492330355	0.25604505816723666	0.15777596776872435	-0.11022288515669014	0.4636649837157958	-0.0053893270645527375	0.319188738477084	0.2476465659426125	0.25144459423802873	-0.38749533672853975	-0.22718389037440545	0.356144870517793	-0.2909848484310472	-0.3795133193581922	0.3805056835220746	0.4190257464342064	-0.09253845644333124	-0.23494031597134904	-0.318560654156887	0.01664040065555065	0.21624591042251987	0.4210622569512811	0.1087677948501712	-0.12433735288331992	-0.45483584800077	-0.7733003851495405	-0.3645428452517401	0.3900114962973168	0.11871393558795627	0.24986521839229986	0.1008729738119315	-1.02659889227071	0.4413791594115568	0.021730918523866143	-0.7508182250043106	0.17998410415573737	0.09091418483495081	-0.19428555571367534	0.5439413739489204	-0.2598176427524746	-0.5443172358171994	0.017304332223067483	-1.2535736772106938	0.33090157644168494	-0.3191412534207129	-0.630812139600727	-0.28094446347138713	-0.29481452429787397	-0.1566149065707544	-0.5032798438575128	-0.1767628322499884	0.304223480887059
DTXSID4046575	3.7842238815168208	-6.259823850243377	-3.73539239791901	0.14681361726676398	-4.528810094444918	2.973611165114795	-0.12579950234720255	3.1107057413318326	0.4426603571715121	-1.1764622184253923	0.4063856066663678	0.4454455540928884	0.8985598889021743	-0.1520872675464548	-1.5849224814702012	-0.7124633910829622	0.7323418320285263	-0.1496148424819086	-1.1028008138883936	-0.6859622191664766	0.005211570921086943	-0.24288660601133483	0.3428636127380628	0.3592476310526769	-1.0674975403203637	0.2519766377458948	0.869903330989532	-0.7677081934619002	-0.3942037648912821	0.12449269299909481	-0.8943408220466379	0.015884549772061732	0.0066157487220055355	-0.2571825456664771	0.684054315479686	-0.49720515127867587	0.14915876021473748	0.083762933810466	0.6638919091845434	0.044869666564225606	0.16253183192695492	1.1109034296868274	-0.03482279355759382	0.5307265736294215	-0.0040752663404034035	0.0318377015487529	-0.1508282410611611	-0.7487100307716736	0.01879915415049596	0.21921929265259937	0.5214298280657638	0.10910376432999	0.5249266282686423	-0.0006479199015656627	-0.5475944633796089	-0.21432698252973328	0.618655022714597	0.12097808723743067	0.0641296713636996	0.32236714551503726	-0.03428502534540007	0.9081154356011417	-0.7900679022659876	-0.35963498191830295	-0.13631738856444614	0.5004728853817959	0.5327910420123915	0.5065995498928424	-0.007973350321929373	0.3504660985640257	0.02231527747917716	1.0464835150749383	-0.1610262088969904	0.7497808197188064	-0.46119533470045565	-0.8332630908749112	-0.4296796714318262	0.3240411033898166	0.5582657121543451	-0.4968405228198183	0.4864030173164276	-1.0403339398366909	0.4621881023741528	-0.4934401126450514	-0.41663521370997353	0.4013139869367305	-0.7589201397660572	0.05879299746329206	1.5904100208296243	0.1966549296878637	-0.12783878150709033	-0.4367676059255315	0.13827345212242945	0.828908183087348	-1.3396250141738142	1.6877799476061743	-0.012648306602987196	0.1549363021637885	1.2842786262261299	0.46438007342816495
DTXSID3037626	-0.9168143723789489	4.220106617426355	0.522638138773639	0.4420497178246556	-0.44550790583998245	2.3015681321183195	-2.345225669566861	2.68171128533382	-0.5703261511284722	-0.9270569213391239	0.8853527617507031	0.23009897742342675	-0.3783229561244145	0.4598436164545278	-1.9418468023888158	0.8641143050732181	-0.7419542797718527	0.15567743034753612	-1.1203267538614754	0.959978628100078	1.0467116485083467	-0.3445598577634158	-0.7406490459677046	0.24127652459785498	0.2782250013430722	-0.6460188119791906	0.01631662398706537	-1.5771995446339202	0.44924558066813014	-0.10997708026686923	1.3378554948367685	0.23952842924756723	-0.19860454793485108	-0.3013084520289107	-0.42906964561493965	0.8531309000284998	-0.043220791013656355	-0.012407027770508748	-0.2428082493788231	0.2608894424623549	0.13314653665206705	-0.3733721687414016	-0.5130009068434171	-0.11479249094820397	-0.296901836996816	0.7685603891054834	0.09100670261588709	0.6262943719403898	-0.17297190034516358	0.32252326008977006	-0.42271877971025484	0.0942932789488939	-0.516271736132787	-0.052971531136426935	0.1896733298031345	-0.11658747293597126	-0.24778612515887313	-0.043598424540004246	-1.3484795434925771	-0.3127553155018042	-0.23393177436354853	-0.3535983778877233	0.6528089579019061	0.5881039441734883	-0.4141020042059168	-1.0050641251822545	-0.40426950864195066	0.4860807479194454	-1.0699337159390419	-0.7714396781429597	0.21540758662327433	0.29905505285541795	-0.006126683444951541	-0.09109943840345738	0.8995272007260549	0.10225737333603059	1.0103900594137467	-0.699307840707779	0.3746950175237688	0.6790372649036401	0.32226615967143213	-0.46045345024265233	0.17517667410551555	-0.8687526609140429	-0.3350629007548125	0.5037935271925813	0.7165923657440016	0.39993555341083376	0.16453937505428573	0.008933603799889937	0.7101719018711354	-0.2757526380095475	-0.26892094680457324	-0.25736084666628345	0.7868590628143669	-0.16914448391349513	0.10361350778551848	-0.32116538309104564	0.26874973769400845	0.30829010002209695
DTXSID8044832	-1.6658575168346774	-1.1659662582688028	2.6891010123183055	-1.3222931811184544	-1.273731489775161	-1.721273994329923	-0.09604839513279083	-0.16397516821384436	-0.012005624160068135	-0.26995615153550906	-0.308343836147314	0.31225976948615525	-0.26465818691289067	2.1425851899935626	0.16699669321280972	0.2539964229498574	-0.36130634505023046	0.3894680756339559	0.33943864224925474	-0.85353180267609	-0.1397988859305945	-0.7883208352199915	-0.4593343150793887	0.5733741122696443	0.3791438022783644	-1.5627306783405392	1.3972938242579696	0.3658884149720405	-0.0875810264815992	1.2444458756155095	0.5125164743649472	0.01940415129667496	2.558275868218654	1.0468637245115908	-1.4253045041118813	-0.0978193971029305	0.11423619209058106	-2.203246449887257	0.36813276438579445	-0.056706056302802364	-0.36271375586424476	-0.18893473822398332	-0.06712246651358328	1.1956201764708712	-0.9937269118910801	-0.7616587928219393	-0.37706492711997636	-1.0372149266436723	-0.09661618855774709	-0.697285664944544	0.22306901413181823	-0.6732765421021396	-0.3470959711817942	0.35860032236199485	1.4517040099284517	-1.0861270931548412	0.2698683502508582	0.158206685013467	0.8722992166979319	-0.5791582555807469	-0.031340151660768235	1.1830701699276256	-0.7974661259947693	-0.5507178817882702	-1.031632649390137	0.3939134356477231	1.228555766776433	-0.4925617439186494	1.2834495715388432	-0.8027088464910056	-0.7393263629346019	-0.5862848664860478	0.8925489293933908	-0.43972845060492144	1.3306494773044826	-1.0571452393618908	1.0534080712793203	-1.4546098120630904	0.37819677516046313	0.1937612133371465	0.3281922303878549	-0.5770924185686328	0.3227210481698999	-0.5522783285090274	-0.3281362430566767	-0.10268067015722424	0.28416014542488144	0.5648325398590848	-0.04755376560714337	0.5838692014602471	-0.026847416802589324	-0.032580877122696326	0.3839022176740311	0.09703210531567201	0.40767577611294853	0.3520041397647663	0.3283625443392267	-0.5228135737597226	-0.05366939354408659	0.544285062338726
DTXSID7021104	-5.26714698831285	-1.4512717808075366	-0.2648151636648484	-3.873364179399329	-2.6798098644148283	6.198126578446297	0.4475318915654813	5.298779573291587	-1.2989202308215926	0.7059017452577786	0.3005829038322544	0.15431817034290393	1.3142302402854698	-0.9155254010618025	-1.6545118664565268	-0.27797859374211153	-0.9118418005951667	-0.9234105022849256	-0.4090872060444767	0.16007794840914727	-0.3974750522866684	0.319889018141313	-0.04423845189391958	-0.3732473192479506	-0.3665935465914078	0.6565395988039094	0.2886286262220684	0.6462377170948941	0.04992909250829164	-0.40436375239561617	-1.4096150991797534	0.4838006739803318	0.6130720646334816	0.1433410177930606	1.6429276906372958	0.32650291595463715	0.35509322672732224	-0.7922590766636295	-0.259553804437503	0.22641015444751103	0.2359699529805295	-0.540554737285234	0.13847930185519247	0.14643077073529237	0.056547789228290804	-0.10423555257349032	-0.06521991139967506	-0.756578103802157	0.34219992164129454	-0.471420584561709	0.2868274115215932	-0.34276748569525706	0.6402151559008318	-0.16845519023393452	-0.10416354162687305	0.24053359638610874	-0.1559446518530983	0.6397948977682828	0.43432325351461265	-0.7004412859292386	-0.9729956095634096	0.35631925184506125	-0.19351169317359285	0.4007134318185292	-0.6308083321327733	0.876973096891541	0.4512597462499386	0.5354199701088778	-0.14448196970929067	0.4422174828180675	0.5248248317336787	0.5551662714740624	0.32598248613556496	-0.4981021251618534	-0.4135555436860008	0.19003392430554747	-0.4881830250309663	-0.07509580408984558	1.014428408506817	-0.9182550607797857	0.8940749074336647	-0.9194813590636168	-0.21096888658909516	-0.6899894253428638	0.008785962343854382	-0.06705856187612122	0.08413269015206021	-0.0452264145466415	0.7007633675548838	0.26968435712214317	-0.3202482357633078	0.03480536770221665	0.3093494160106627	0.6169665619777986	-0.5317051780163053	1.0436851415060295	-0.1373829644988935	-0.4698318758176166	0.2569866683557135	0.277059256512965
DTXSID1027186	-6.279769694016943	-3.227531971442195	-0.1614495930778758	-0.3578919221310917	0.632552221929677	0.8914581831223883	-0.30262842663513306	0.6385587258665923	-0.645150380386345	-1.0356096484377122	-0.7137158793120332	0.1080932947416334	-0.28171722335084515	1.0800917537284815	0.190903840871235	-0.5060207544622144	0.47165537675310576	-0.15171548108296634	-0.20307388746278296	-0.5872939870165803	0.5205137725137113	-0.5044334454462428	1.02026783180101	0.3894082352584913	-0.1719015221715028	-0.2532358418824761	-0.0631504149189053	0.24299601882222965	-0.14649139248657908	0.14080869250795383	0.43464698931008927	0.29649362572501053	0.42336770179338845	-0.6466894157542297	-0.2446864344034406	-0.15634758632143547	0.10780886729270353	-0.027422981735632086	0.13555077726673775	0.23114735042922155	-0.31841913504222413	-0.01591871715430895	-0.3629668045177231	0.2080525074683795	-0.30133474488738715	-0.007285248106779372	0.3227203994293827	0.12492036602370384	0.09246248171297974	0.18593571583686958	0.11064826997663674	0.15602940916207453	0.11502549923106833	-0.032626812973800136	0.16058401808563175	-0.18597594820833965	0.2230109561012605	-0.02462288263713449	-0.1615798495311889	-0.07529736909128418	0.42892370378124245	-0.19765624860675116	0.1456654645321636	-0.007140214633088467	-0.1751961596859618	-0.15573283784367703	0.4326278996337822	-0.31513032199812707	-0.4936158304601029	0.6858085875984017	0.0061758455132167045	0.38312495397858426	-0.17030500786649938	-0.16381611958456324	-0.5719767857490171	0.12469551790385355	-0.6334607180329173	-0.07529508431569788	-0.04467394019813442	-0.4198112055060214	0.06595589435598456	-0.37551897708601506	-0.062550615361509	-0.6954997695762504	0.040501584878297574	-0.07659442096825277	-0.12024346437392874	-0.57268079050685	-0.24416470251620087	0.17769239221384636	-0.31061872562704007	-0.10389825875571644	-0.16479143635000645	0.28014568977542037	0.15542948108838037	-0.09159696854654106	-0.6398756151186512	-0.10764459781769184	-0.16242179438940843	-0.3851346994991029
DTXSID7046700	11.168431072333284	-1.814954427766007	13.407482012342417	3.5778265165219176	-0.6240102707320749	2.661184116202584	2.893231054055754	-2.645362740146507	0.08931637771605931	4.786295879493001	-0.45713538947271537	-0.016781885761438544	1.2612514967708808	-2.4752672065199595	1.6284893979961756	-1.0522125039248105	0.8782407705328572	0.5703396547269707	1.832854533493726	-1.2974729879141769	-0.614881735346009	0.2686622490415314	-2.606078492196142	0.7319228352519458	-0.7695465614965014	-1.0118540595528467	-1.6894295532905237	0.8831122159733743	0.6304392990332442	-0.7896461865415417	-0.42435914609310016	-0.7061576139061119	-0.8699131373763784	-0.3539605914545915	0.07183986447135111	1.0306187725593972	-0.8572208992278587	0.2777572990301365	0.43378191802770627	0.5479198863813038	-0.4668214382141787	0.3805822283354327	-0.11019024477279107	0.022002529435210624	-0.15800109878856963	0.10288928854709174	-0.6382438807686376	0.009756104382710006	0.5474465676927649	-0.22105873551560495	-0.03298354272882731	-0.11424970193293683	-0.28723280419260766	-0.03870504623314526	-0.6161254818316391	-0.12467461703151657	-0.4508836101941779	-0.12081079680318024	0.412907677451714	0.2696243751351457	-0.28387725784046375	-0.32160037536693087	0.33655565979679436	-2.168913532600568	0.43875752533024	-0.1867800494561754	-0.5407083828792353	0.22681688582289217	-0.6024082523661818	-1.3040114941454783	0.3599304911900308	-0.11610753455488433	-0.7557169432360417	0.4756919017241277	-0.9908643040681541	-0.4585918888107592	0.9519418393926513	-0.212343204996162	0.1264696576157833	-0.3986454936333123	0.2212899093653748	-0.8608346376433232	-0.30398794482642894	-0.5220424898895843	-0.07629367997335647	0.6042195440218585	-0.6944866899808627	-0.4902342956149179	-0.7081591077571551	0.07299483441198831	-1.3417532149320552	-0.952929604274322	0.04984125095233141	0.7063487136587149	-0.14258325658585802	-0.5481938316405611	-0.432791473358617	-0.31429533796196746	-0.19390468029757504	-0.9260160690394911
DTXSID1047819	6.576432378922682	1.088874421070325	-3.0592433245943544	-2.1720448557746854	-0.27149252437883215	4.242373367500033	3.816313774253366	-1.1783907119883195	3.586429004806429	-1.3916943892295486	1.4232049939499627	-0.546640734250872	1.3069442212566542	1.5281819544882693	1.550810840372542	0.43316641451617993	-1.929127282258362	-0.21538482662981126	0.7189883991364574	1.3212108486519623	0.24522989274577042	-0.7149199744201116	2.2103923113668436	0.8826974219018465	-0.042246244711217504	-0.17014460834578823	-1.7841994483006756	0.41788732079715796	1.3239873149650316	-0.6668669778227307	0.5042842612932219	-1.8854385289190894	-1.461992750067994	-1.0844228852185192	0.7808893739317161	1.16001767700646	1.9474260046405543	0.7688787345423789	-1.019496433503094	-0.671416719552208	0.6268359686559184	0.35079511811024594	0.20545238360641727	1.2353261080209856	-0.5208930647418267	0.1717751125820427	0.24993523367863718	-0.503434131716294	0.847841243743914	0.4014225617055385	0.39925910191698033	0.4202641194116628	-0.2982957549424298	0.17744023494400776	-0.3455742778008953	-1.4220379677089674	0.5651430004966471	0.1174347844455746	-0.41549044970608057	0.8976618025549714	-1.0177733376689388	0.9405720576439159	-0.02651272780594267	-1.0448656599482866	-1.4016128659873457	-0.6391327896629574	1.4227415700832586	0.3442276061928957	0.7886529712168547	0.37266794128455	0.5066121736777562	1.0348247976837799	-0.29610975836321135	-2.366745281254639	-0.3406069066720862	0.11040543852443459	0.7705542150930567	-0.26982927568323617	-1.265548345665776	-1.3321303120791894	0.5717305474823812	-1.2287521732742408	-2.592933118673597	1.63228013088548	0.8106616517693342	-2.928621363497019	-0.6447494968452401	-0.5684447679330884	0.3183529392881038	-0.13624670677096426	1.915082804787458	-0.03220879518099401	-0.37175291234376556	0.6478405349694519	-0.17301708724426862	-0.2658105177111197	0.37907813727811784	-0.038220731200338	-1.1415584192137043	-0.40584437018519165
DTXSID7049340	1.3881192182414637	9.401174080694645	1.7329140546130455	2.4102465672825986	-3.2537738101408946	0.701532907764896	-1.399958048264372	-2.293604088945623	2.790924860179508	-0.45899196522532465	2.3551644970979244	-0.8280465391244396	-1.1324561493737249	-4.132173219283715	-1.0036491551856777	0.6228640116249211	-0.6292932388919521	-0.9141179739811511	0.16107020442703177	-0.37568043705486526	0.6972210104192963	-0.19636273301410134	-1.0934282276607061	-1.017310476000045	-1.081913013903306	-0.05363740552110021	-1.2733050405361892	2.5659400522817326	-0.5250876050804181	-0.44098670118485456	0.6585639529527213	2.192602509177858	1.3782696657754478	0.31721927534282185	-1.1362478638190878	-1.2360848145163603	0.7119622781735556	1.5277695549021948	1.9400477253934545	-0.9273385213617837	-1.090426470274372	0.940986448788487	-1.414832143851145	0.3938230438885048	-0.8612664495605791	1.8910445571219259	0.3813654956966476	-0.4041301457716765	0.6016522911344907	0.0987104436171769	0.5130025237624251	0.7816691685707552	-0.5822300280966074	0.7047976893158538	0.48631113694400396	-0.24165609897345983	0.5293236684309112	0.2691946836638758	-0.5807522945714179	-0.5672372679663491	1.0768430376099705	1.6375965607898855	-0.09107832771439106	-1.7039598455995926	-0.37953113515532033	-0.979583698396418	0.21354585183609678	0.032932136626250594	0.5019388427602309	2.857843922017734	0.16725497850096832	0.5602371170078632	-0.8260322220705271	-0.5809587995979701	0.18210039211656093	-1.3121468930046694	-1.447579765139002	0.11412326968240434	0.9492158636690359	-1.1558956447988944	-0.2922507948444404	1.3542602778090307	-0.5546559497884274	-0.734704500060885	-0.33337114692682884	-0.72265899566262	-0.20470846433149045	-1.1825870482325662	-0.13947605574038333	0.7776539311319486	0.18905769352139298	-0.4258113751839806	-0.9765344983725858	-0.3008050880712053	0.3831592632163399	0.08227562004223829	0.27499474036720273	-0.783461893276196	-0.006845455657692627	0.3036336792748055
DTXSID7044346	18800.48108788774	5983.731803474537	-19383.449459856034	971.6398864781844	19946.831368487594	-3411.1648077420837	-10169.215991823854	4156.797866507733	35737.75030169442	27722.57793831102	-9386.36248171408	19305.29476301889	4862.477125319577	-25543.295599650042	-20823.59497888425	4431.13268202496	17986.609764594396	37108.97555124037	-3958.9098617285226	-78490.31218054976	69623.06227715722	-41466.032594047174	36683.29637893546	-11694.519988780685	78251.3455739314	-2661.2951496964884	-105046.47887018202	65727.70416582392	-23653.323834057017	6025.9224312301485	229621.76387659885	69803.28632411678	112784.90419453935	-10465.809716516362	188401.81135617182	-23912.90024382987	-31829.623394233928	25620.113830569444	-20759.32868104333	-5035.840576352249	-54423.30808729212	-31257.375423289523	-10898.478844504278	11806.910186210422	68597.9798356043	-11564.44942476006	30581.419125968372	-82632.94864999055	-33922.06068002913	-45504.12843632122	885.9268962753273	20190.457395132635	52194.111164250295	-1219.4707962943048	-50862.90401327085	55989.455800116	18166.41801824615	83201.49801077491	40017.6346374066	45389.57035745772	8947.784403715286	48533.55401243258	3488.666058533988	9597.006196519971	-12304.154602718114	85005.02472537576	-44256.501114389874	-133901.36171335474	-40890.42397438542	-15607.792652219712	4175.864677041118	8935.78170987965	47868.81810442114	36807.185655251706	-52926.549084431725	112199.64142350308	44669.654419072445	-140236.03071520207	-26467.14830170725	-25366.427399114436	123824.19997444138	17447.219236821522	-82794.08963339093	27820.784803163773	-53472.352558322425	66986.33482150837	9713.397944589888	19992.47713972116	59653.92197968978	-151880.69513458517	-6434.7544640102315	66886.14095696395	-31618.880405060034	86426.40352882553	25762.095531091873	-54327.32833691568	11384.203333861624	-44791.675602506395	26074.931669197656	65127.97516154696
DTXSID1027926	1.2669963261161088	2.7238491985253486	3.019488055350991	-3.3220449682048856	-2.28877269805024	-2.2489589503774043	-2.2345585290144787	-2.9825778294119463	-0.928685073235022	-0.6272848771677135	-3.344506714525739	-0.3158768523493122	4.9913526677975595	-1.5948090084950821	-1.5703579803192422	-0.9879291513028077	-0.9888807083861988	-0.6173710872141659	0.4509945493782146	1.123374815904224	0.06640907103546914	1.0931268301459256	0.5137391699565934	-0.11920470192711849	-0.40691237461525576	0.009809867630377302	1.0968717114976552	-0.5431426474461809	0.5946790190038183	1.2407937348755431	1.1590029044139223	-2.858759642623831	-1.042914271226067	-0.08478478290634145	-1.038700693812038	1.096639154520269	-1.7479356945190774	0.21960322102385085	-0.5409615881631183	0.35331414082339996	-0.10179508851238407	0.30469354149148214	-0.731113303793673	-0.07568050043540428	0.7804286196298403	-0.3867126549684243	1.0604829605105726	-0.11464102990339291	-0.6642843127352309	-0.09582005579886867	-0.2752902511023345	-0.6360806089618347	-0.15813115076666515	0.21931600599651674	-0.7356551566592443	0.1386804475501942	-0.3114576193041918	0.07439012261950673	-0.3297261744228322	-0.1339144459188143	0.7914838883116043	-0.7331817660412815	0.5541835414689731	1.0587984880911587	0.27912472123061866	-0.4742235871243393	-0.9087226458919739	-0.5728236221913308	-0.276412491526395	-1.3193640983949353	-0.7424480114637573	0.43280767061568937	0.18114534869115037	-1.2723510676777767	0.3475346528293822	-0.10390649979839095	-0.5187581613081587	-0.8426144066530495	0.5892869689792095	-0.8627142516085221	0.16507671743367555	0.6410513417702937	-1.0832720503854492	0.07834935248690716	0.10833717401966915	0.3075371877177966	0.20369960292320988	0.33042240755203156	0.05180634970784736	0.3193482306676607	0.6694209638419865	0.21178378976481013	-0.36343791603403847	0.9879055623236048	-0.4330060729166802	-0.5718979669928422	-1.0522091057940484	-0.6817058955135282	-0.02023077473952615	-0.15307825028660157
DTXSID9057717	-0.4918828336950849	0.13767100763937126	-3.1197687880698632	1.6143674338933105	-3.374417712048531	0.218990594384929	-3.7735265935144477	-3.11807066443317	-3.5060729483434474	-0.4086073549748752	-7.325768313351495	-0.7125663601524089	8.674846176309675	0.6016058686402204	1.749532142489339	0.2477964382748612	-3.9323228072744096	0.02159716871578736	-1.4089006041768606	0.30682597487247193	0.8565901762629775	1.1586158396626018	1.7506324794851078	-0.5826445611492882	-0.0005084678291116044	1.3038944180672296	1.415680804278247	1.416943818872845	-0.31539680172974777	-1.7454972368369979	-1.4114029364234397	0.14053467397665345	0.6387404465366349	0.8061724292776529	-0.7738750558476328	-1.3063999884743311	-2.6474262861147437	0.6803257518315222	-1.5027342039581653	0.5576492902714019	0.7810135554037977	0.9194393111824691	0.730090092468567	-0.3230182519281329	0.32775958177303965	0.47243489033292657	0.5441309943412221	-0.4284014273478531	-0.03231467104646899	-0.2703729346977572	-0.0592449991570424	-0.7079029585412528	0.9282372770336355	0.624735136686183	-0.20674914897236682	0.5340248856805372	0.6177222141996802	1.6173874313987266	-1.1756183000579588	-0.8256222879731584	0.1886970542110634	-0.9867907181119315	-0.26804379266970024	0.5093950678068078	0.3384183656044765	-0.3685965000029766	-0.500317392940447	-0.9502610722225687	0.5020112476527355	-0.12087351788358079	0.5364059592381505	0.12794209115579752	0.11817346812390055	-1.8952730168621346	0.5378401709931684	0.2712413254207145	0.34257187251651217	-0.420217815742529	-0.8268587305614113	0.47860502354490975	1.740000607920052	-0.11093067768459527	-0.5091627597624876	0.8545986113077787	0.35863787982131934	0.7639031191620034	1.022674842435649	0.11326676976953158	-0.18035668614602493	0.48936686649829103	0.5692216954874348	-0.19600581403426973	-0.36046198577631533	-1.0245938424748486	0.47202381285817396	0.4972660127127813	-1.0486250346804467	-0.2759903841825306	-0.671881300394189	-0.2852520256248408
DTXSID7047196	-3.698615713556814	-1.0920280790111903	0.9498351356235488	1.8982225935841959	0.6160810011901233	-0.4911309560739678	3.431253263127052	-0.8986034150469616	-0.49612837530339704	-1.2758108646438313	-0.03455862758683846	0.2500974391197295	-0.036513628422510526	-0.15679514752287832	0.45466401609590673	-0.6471552783118567	-0.1828210862053668	0.11758419763158008	-0.03879636740079053	0.3445912340522213	-0.8747290863046944	-0.03383015025275721	0.341055702727199	-0.3304970889222506	0.4337315907158859	-0.24098845546182207	0.29906041816340273	-0.05086546866246613	0.48373113163664966	-0.44572842679489266	0.7777515812776289	0.25338075981492264	-0.08034282291599155	-0.1916600080591483	-0.005395335200330913	-0.19830855247905307	-0.34897397038021916	0.5807328514437686	-0.23299653189004862	-0.12039991513317538	-0.2744681396942583	0.3174295918902518	-0.49873670399254755	0.24587676222954982	-0.2453337827627038	0.3972638395759802	0.533585924176736	-0.5845639020175655	-0.17622750960645886	-0.28583639890582485	-0.019226655665883073	-0.10413016684480131	-0.3098281720565943	-0.08305629515657253	-0.22327003365808004	-0.35775456503111525	-0.41430938306718795	0.22356986136653959	-0.5656148448557334	-0.1410286831389683	0.21310611157766546	0.10763653693298335	0.09929576737815445	-0.30188365312354287	-0.22155464266245883	-0.3038564574867436	-0.5797901150100349	0.09890617609505739	-0.25009139289277477	-0.48321397421088713	-0.22106036780309676	-0.11124171136907053	0.1561413640608122	-0.11235120667620048	0.3617588319643248	-0.18442245212010017	-0.1872015916113974	0.26494941978360753	0.4540189329953618	0.4334600984906442	-0.44606165631350103	0.3047255673700752	-0.03195088064763011	-0.5330651798413202	0.44855149373324676	-0.055964302544329055	0.11582800856449081	0.8387513730854601	1.2779971351453099	0.08599622690414174	0.6547394417285615	-0.07059433031699439	-0.38334576417038113	-0.9399177312175776	-0.012408329241848046	-1.4618543820403875	-0.24463279869810003	-0.3457882449892583	0.1306077194049734	0.30614782708738814
DTXSID2027412	1.8702685658937659	-3.441258283108237	0.14566640750321647	-4.068732784822856	-2.990832739882547	-3.7190276664764665	-0.6668801695338742	1.6816798658643595	-0.9442110984892944	-0.04237295440816824	-0.959630987539772	1.486671067350815	-0.8641680007165445	3.461957789291015	0.6330954941001972	0.7769567809309041	-1.0359111337400786	1.2096440333177256	0.8674083664657919	-0.7103911107794704	0.5850801381992896	-0.27067858778479026	-2.7401013976091373	0.3999851952222567	-0.33248468906317963	1.0940278886134147	0.28457267401906094	0.7667962631647409	0.3623605388378312	-1.0928451772188452	0.9942721494658844	1.4864502266153763	-0.8483069063742715	0.22957457380964574	0.10205715510895286	1.126515353736682	0.29804285340413755	1.3277839657264199	0.5850887036043244	0.3648574433085257	-0.784448935714129	-0.7349741971537375	0.7831381298851188	0.4049722319880845	-0.30532022018950733	0.03288860403156885	-0.11139774945098035	0.10631111194919508	0.3918563074062534	0.6884025669670822	-0.022388975798085995	0.3487153124004018	0.24311482456585895	-0.5625184420184052	0.15704626679271128	0.12257314988757473	-0.6751908577690976	-0.46349585337154725	0.2579789081234412	0.26058008700270324	0.04710109655668096	0.32077056695555095	0.9817923935075615	0.5395216857897407	-0.6266765140038768	-1.5900176946110214	1.7151562681036097	-0.806408527137856	0.4431082377831207	1.12003298825428	-0.6264174652763437	0.2508830452510068	-1.4145919598712213	0.08353749463666935	1.2954716035252218	1.7438823470571938	0.30273208203666013	1.6797150572359396	-1.1920149970893148	0.545246799320066	0.008341348415844392	0.2157738588105228	-0.6651453463467151	1.6626811315967067	0.5392054474807032	0.029109667750690814	-1.0571272021864941	1.1345030421119677	0.5158145894199807	-0.4534858488151259	-1.0634598086411466	-0.2780912855003827	-0.4251194153445272	0.09517563970294834	-0.44270845772748246	0.23743235841515448	-0.19556219093147226	-0.16199600141934697	0.6686436295927554	-0.42631996164330777
DTXSID4049294	-4.27830396201065	-2.9474928919780874	1.578906223151817	-0.6428709162598073	0.674636284775284	-0.49764088178455773	-1.0023894249159624	-0.15739717761864516	-0.11374292816573885	-0.9061369568962993	-0.8365324322693399	0.030273730698693345	-0.7973113951614446	1.2287023017109935	0.10734720859927718	0.1638167931461109	0.18303359437134947	-0.011487283552023707	0.44474343431765	-0.574492233234494	0.3374049467351744	-0.24863228328107168	0.01930612170119017	-0.5233953329634261	0.5136502218095351	-0.31703976699268216	-1.1934518078177168	-0.1654605752706567	-0.12879002977619577	-0.3271013794261436	-0.7347287572877185	0.14226617631824556	-0.06812318045055224	0.030417379095434408	0.22782432523341326	0.3486305673997821	0.28873322843992943	0.1472465056062552	-0.33493014772332463	0.15735765098033377	-0.28420270075109	-0.26584288195294403	-0.17151374969259406	-0.3377975351394421	-0.2188838252241126	-0.14265387320031944	-0.2581959976486954	-0.43456455476421557	0.08861529215368022	-0.03615665806777139	0.02791690581880351	-0.3002670276510289	0.1326186569432752	-0.3343886765517453	-0.08409645106638965	0.16701047318474407	-0.1671577927547757	-0.06347936105036586	0.4928625581916396	0.2659919366896143	0.06965622349356504	0.24743405608665975	0.5656462623927836	0.24525806024366242	-0.11736099465848594	-0.10041812944505508	0.022175588820496833	-0.5388984064074509	0.4513171491325012	0.6516987631947674	0.3349754963754872	0.025156862870005722	0.2253402038139411	0.40083549292644555	-0.5436568903891145	-0.1585327250160723	-0.3367824046160611	0.6826989370562494	0.08320150531310355	-0.6164295194856028	0.16335173867756522	-0.23213768538292184	-0.16402205815239	-0.08063934778136224	0.240994864243312	0.4073399670584345	-0.007307615078124707	-1.3149619311375205	-0.3680968803717778	-0.0399988484300698	0.23749090905398415	-0.2017099310775421	0.04653297385747741	-0.3839376846938947	0.1330142293594366	-0.40152807431703463	-0.06711701262462597	-0.18753592007621905	-0.10287588843049882	0.15533135733847728
DTXSID8044703	-5.196301576717294	0.8303404573943368	-0.30436311687412343	0.9492685058495263	-1.2077719207966295	1.6811244673465586	-0.5668451847762934	0.24600371358834117	-0.6475356144169052	-0.2226621394378198	0.16885554445135237	1.4923985727278857	1.0519038026349166	0.8216069343358987	0.41409780733704843	3.239048840395442	3.573031081328664	-2.3091029429336865	0.7777010925489546	1.9125168963494001	-0.33736570932591925	-1.4515263870281683	-1.4117908923731481	0.21529656805898698	-0.6958329513719912	0.3238614675848528	-1.2222977923650427	-0.9315270313050438	-0.8698407247429225	0.3862746116205635	1.3135082000047833	0.3515986111414199	0.12242581700812141	-0.6719796305629328	-0.1763284620093303	-0.4129728219774304	-0.6354888310250264	0.8813078412824142	-0.17868516561490477	0.6575740619971303	0.5946062029995535	-0.22865728835450966	-0.9062117737264547	0.3367393844685713	0.40134078578436294	-0.9988360602360177	-0.38631572892332416	-0.02524534326691401	0.018422367268366165	-0.21291669160965676	0.01135913400106395	-0.3468957854570471	-0.6415570698474556	0.02688105305935278	-0.813797432678778	0.3499286424167402	0.30821322871951395	0.20577800405674254	0.6880623473182813	-0.06331506716118555	0.40979431036417413	-0.937614357030056	-0.6984663892746913	0.8040225081751058	-0.3299467404581808	-1.1454370078534197	-0.07985241520286415	0.728286639417139	-0.4466403181350963	0.18784433687278929	-0.626397814202123	-0.19393116521296153	-0.9984891326651975	-0.6865684928142753	-0.09975530609569039	-0.19006965551514343	0.8835252692575924	-0.6168323060521089	-0.09492886853246979	0.11161906930509426	0.14671719763552846	-0.2673673122339701	0.062321457554617044	-0.0678137821680286	0.19047100032693295	0.08985085918885238	0.1697234952360047	0.1390369736146694	0.1402127994506637	0.23360328056992016	0.016374125600716903	-0.20202843669059106	-0.2828994063722106	-0.46005504531321634	0.3484370255524214	-0.14145512443582597	-0.3190901465316383	-0.2552221266787274	0.13871256405558546	0.10067491356670118
DTXSID6034186	12.800001410361045	-2.275425960489044	9.558328087470828	5.186488047831472	3.797149922627809	3.575650308144481	0.898086864589252	0.9204675129062948	-1.6702697664385902	0.38812789690292304	-0.9967184076725264	-0.12517028351903153	-1.5099001712236624	0.2677159699911742	1.1875909338311814	-0.7178671591805369	-0.3560136093174344	-1.5003331918753706	2.0068533659807675	0.058202380268318955	0.04354860951297499	1.2089733973231311	-0.31558507235327604	-1.0005659614267246	2.664156400324583	0.10636922940663537	-2.4740834691496145	0.6573420685776026	-1.4348116895149197	1.7048823715317036	0.6033455186412626	-1.6034885712433542	-1.978934838222868	-0.35829679778008916	-0.05407256442235135	1.1092348330809108	-0.46284210737735865	-1.1453497635326426	1.2735004507290244	2.031838405941707	-2.1504070940790165	0.8966942439171852	1.1823226706720877	2.060044862748485	-1.9860349943151954	2.024329633805885	-1.4632959334092397	1.113799973096472	-0.11749744968807282	0.34220209773552634	0.01245088402963848	1.5188583164780016	0.15081192856799086	1.8382453277303943	0.6124750652676969	0.8483534708917123	1.1388673183357068	0.7429483816445335	-2.8143827094613703	-1.1430765365926772	-1.7626295373042435	-1.3056174901534494	0.5747590642307038	2.8246898301655397	-0.20161425403782499	3.0555967040934915	0.232833509654078	-0.24053505705543163	-0.22159220974611812	2.4517694622020723	-0.3734482506597315	-1.5420987409544347	0.0990761670661604	-0.6782294609277674	-1.76363035417419	-1.647119331672007	0.0613393684396244	0.3713395812310646	-0.31480077774987825	2.383137379279994	0.04913562930598205	0.8705692688408888	1.0994653267107313	-0.13884223766504564	-0.9132949741928824	0.3735806649805955	0.5650183203474074	0.43351410850799466	0.6629327205040412	-0.11603632167875444	1.329202764448883	0.18322387803926116	-0.4706426254520266	-0.38411974651777064	-0.4448144876367536	0.06375305967025299	0.23259849685024964	0.1505746880890186	0.9486930561257279	-0.047038046243210924
DTXSID5034270	2.7961229797593847	-0.5560585811478581	-1.648911288090579	2.497346569298733	4.211027559917366	-1.7440503310175186	1.9400527048338674	0.35344585554805263	-0.7621684483301523	-1.7927655465955246	1.7687106800612622	-0.9905252206148888	1.9958418675086287	-0.42633745484585844	3.296288522432532	-0.4623929808004428	2.8664820188325	-0.6715257403524602	-2.6997347788348547	-0.821374988642815	-0.45555807029965817	5.611699183954317	1.3079545223959679	0.7230188265686359	0.5118784733104559	-1.899221726568536	-1.0935280694606946	-0.8502131991183804	1.833112889576052	-1.5670655807966627	1.9494278340117188	-2.940017662893883	1.8318261051250715	0.8792281075457716	0.1956049916465732	1.2591276130205795	-1.0473270546477453	1.2394486841089585	-0.7739990489353666	-1.758897486394016	0.4113533757631898	-3.9014391055475834	3.1771294494168814	-3.550346786979096	-2.7472448986038844	-0.9998067247726413	-1.6871827836285054	-0.8491408367618742	1.6660701075860056	-2.6601177569199956	0.7729200927110377	2.3621696464768505	-1.621642665561925	-0.0679532746855531	-2.4038942352043415	-0.15334186494353297	-1.547292552791794	-0.16647729000355974	-0.9390162901274132	-0.6179628714269603	-2.218957318431465	1.4598014758809947	-1.9318021697321244	-0.05667605711105772	0.35838084104195433	-0.6060174417710311	-0.8490009100320364	0.4295907332098594	1.2412026314411029	0.6488374157091522	-0.40187638306088946	1.2670595225195331	1.041426844117142	0.8730058058227314	1.1139479410321653	-1.0833061016840029	-1.2346357692173568	0.6437701539448651	0.05899722208250935	-0.20031951285966598	-0.11343253564051596	0.03258849495704876	-0.4191169421520919	-0.05803351953912181	-0.24092230024101555	0.37890514895206523	0.8012335180962844	-0.45891483854712734	-0.1863571149532823	-0.30650763393015745	-0.009138695202822915	-0.4745123038127799	0.8862496452851875	0.13159141836099938	0.04970485277865305	0.015105892486398338	0.9677738480542433	1.0974194357509786	0.297583515687416	0.05040807490003014
DTXSID0021331	9.362459077924564	-8.225103898231444	-7.858573505582297	-2.9244721491648855	-4.642625771581634	-1.5664230142619584	-2.536651500802884	0.4792213085669973	-2.669020558793091	3.6128493416929994	0.3673665907454141	0.229888478972651	0.7142648516532806	-1.4258968797320022	-3.5738621228730327	4.1444180038009355	-1.2982626866989313	2.518261951037208	-4.908733868683898	-0.6084325214806602	0.8458010947486855	-2.024446045505497	-1.3814610657651671	-0.7756549051329008	-1.4507249065402117	-0.509354825136665	0.30671146835111573	1.040187665947582	0.11428545193406023	-1.1218069272165818	-0.13034482537078318	-0.21134873307304902	-0.6135193801268196	0.29151559075163463	-0.21927785102449973	-0.7363541275665674	1.907125681530963	1.473667550294951	0.9692005332493069	-1.3864342570400003	-0.4228691346776753	-0.8316097808135997	1.4309457545115112	-0.11862636929384827	0.7356110516845524	0.5158951386755889	0.7411621056661097	0.17388807236953197	0.8708966181581153	0.1979971230549964	0.2521958454232858	0.9165706326716578	-0.0315376043905574	-0.36773241792927724	0.42375965652334974	-0.01055674005633555	0.2879423970211985	-1.2015937425811953	0.5810154228702219	0.5164830971711477	-0.8618710617972112	-0.6662882811213212	0.7952186647694164	0.44024596630582735	-0.8894476985693225	1.9430897894964485	1.6843930350634215	1.6511446151224054	0.23541072283427036	0.3675812908759996	-0.5429816259008862	-0.032391736372575586	0.7189464540170263	-1.7819224051151221	0.4930011625744927	-0.7973658806449232	-1.7418096681503694	1.5721411121484912	0.5032111111090223	3.783629120184969	3.9038856781867293	1.0633012759438396	1.0272272521723258	-1.313463702561267	-0.21678313399446275	0.7691312959982898	3.87392528617557	1.4700891004042818	0.748065457107493	0.7989481129824125	-0.06953763211714396	-1.588863173036251	3.8280478244315175	0.4237149397182941	1.8065822018185755	1.0910501262481251	-0.07330781521024587	-0.5043615330560043	-0.20791456928724755	0.819839649644338
DTXSID9049039	-1.0484245696239314	-2.646486996583672	-4.359282724691115	1.3973391391391075	-0.5456236823579824	-1.709654409333902	3.7827324274338134	0.313723182112682	-0.43380630901963996	1.169791226282269	-1.1924933552262087	0.501820014631379	-2.4631933278523954	2.1582138500400814	2.207353605245422	-2.252871613557385	-1.0238179972487425	-0.3097934110517418	0.5338177280888685	0.8186771952867463	0.25856765188644587	-0.2886944758133824	0.39629416489889624	-0.45298742884181065	0.3107667605871497	3.3534203513757133	0.8918470106802731	2.885641888153072	3.0977953334046764	0.5959413700960186	1.9526028282493955	0.6029905317671318	3.045632750280279	0.7652620110940483	-2.3176197684515096	0.9069084769353251	-2.332395594854178	3.8759827940574345	0.016284509398619817	3.4791992203914432	-0.5341679598477388	-0.3535114457740849	-3.4252212886346554	-0.11267967560721033	2.07586622781759	-0.6077446956948224	-5.83109499051664	1.208985969973097	-3.785710020688064	9.38150727015562	-1.6215196629668498	-1.4209184456505866	-0.2611733818151245	-4.50438580615024	-3.1146378958629857	3.6138849952808147	-4.81231941103463	-4.477478954170237	-1.0737076194362078	-0.7628269836457527	-3.076579953236118	4.289090488834032	-4.386271910069157	-0.10640531807374855	-0.35157834363658697	3.5492624992058626	-0.5034619511768125	1.4721930281893771	1.0687014295428936	-1.1939459459944017	0.6971036866253519	-1.1148084862204528	1.2990239064667253	-2.3983247821589155	-0.652533873896224	-0.46746651112615545	0.8176796319342045	1.3497422845372622	-2.0422732397190857	-2.091694860133331	0.22347232869108585	1.6091291126124454	0.30093687030821964	-1.3188927837915043	0.3342993963237996	0.48214010697344456	-0.2141550681890328	0.7167972055427337	0.1923757045618228	0.34066400908444894	-1.4248423117670037	-0.10030225255480703	0.3814873235139689	-0.27172912352486783	-0.8296724056987544	0.7349267439732156	0.19950546046550124	0.4170592593507874	-0.9075744823652365	0.42705128560190114
DTXSID7041671	-2.4883733643679884	-2.8332865001702356	5.405565048171136	2.7739116095944936	-0.7699015493908791	2.269932838133604	0.7954194905765151	-1.357171459842769	0.8769387078826661	1.0509488576919097	-0.11620354750330135	-0.4584558102195069	-0.004327316234085516	-1.2985248951024535	0.5827864475880893	-0.7865782521098565	0.9480795744068529	-0.2652385838576652	0.8672602461464458	-0.23613797646552992	-0.3345617600952384	0.2293012929915611	0.09643444828560326	0.2902528522370905	0.2537064158632833	-0.6719875564519514	0.12400167090666624	0.25640132317043374	0.2206979785394961	0.21911996579418297	0.4009505015943706	0.4655262577925031	0.7418165527101547	-0.41155439937680044	-0.8500967321610287	0.037807625055838935	-0.38598593632174005	-1.355423705185754	-0.4237785217392631	0.5884740014333899	0.011858562563376678	0.08318313977267609	-0.7885975766922285	0.12572335626794623	-0.12579007453505245	-0.5415384122034302	-0.10615369358351082	-0.11248586991513196	0.3527320300390694	0.1485460638542886	-0.036262301049173044	-0.8499893492530721	0.09084575236021283	-0.014184244321573357	0.16420146712627848	0.2970004843211131	-0.6222887059524311	0.1676425201677785	0.0748331429719752	-0.35135643203963385	-0.42584894696634246	-0.04911545441452442	0.6114462250363376	-0.1672217941917377	-0.4748047922419514	-1.110718773212594	-0.050733585833863025	-1.9201998445430328	-0.1425477880173826	-0.04640596998192023	0.21705990215301027	-0.15458988128251538	-0.6381030933406502	0.4977420875068579	0.03882329832695727	0.23075605279751618	-0.5112482136115404	-0.10921192975665849	-0.24953929201424466	-0.09772663411454381	0.11999227686324423	0.8150149884878102	0.22196794297487651	0.02992749911466776	0.5733862775049284	-0.4198048189919731	0.18807008867589317	0.026683759129714782	-0.659835688050732	-0.2277695801297726	-0.9243045923061318	-0.3852277773091637	1.3087766437883395	0.4571523544175667	0.4636168522770968	-0.2938280972942781	0.05505217913181284	-0.19105693845248017	-0.9846896091385945	-0.1537057592324461
DTXSID5057834	8.397821054243638	-1.6851943549079156	9.65014299303626	5.411016538759489	1.2314467554473771	3.3959280074363867	1.1996627094297576	-1.6978644664734646	-1.331852197744734	2.6908320486508575	-0.9667428009985152	-0.22799163774577835	0.4825970037582825	-0.4074346651813775	1.0645383690584564	0.15643542016707926	0.398479291937993	0.6310507771880801	0.950640858464223	-0.39242789332696143	-0.5750642980585663	-0.33220264283356193	-2.0241173117670592	0.8852830799657854	-0.06412752393915648	-0.2930859579174969	-0.7282681488847257	0.5110232503129601	0.2970474294832075	-0.2912630755176254	-0.015114025473774413	-0.5549985671014349	-0.10217299947268614	-0.1528420069101952	0.6820319800105836	-0.014286697921822135	0.4140439176517989	-0.11522355520243253	0.26748082998493217	0.2044998654656007	0.022984400822440392	0.13494469185457156	-0.24986191081771283	-0.41417006510545734	-0.04087059718312016	0.11815713228764595	-0.2684086871520742	0.3689636515743838	0.3966936741840292	-0.12887127320371855	-0.07027145987959388	-0.031590275228037146	-0.3362825318756388	-0.1301142711470111	-0.14965707904631065	0.16662280601214577	-0.39700471947065497	-0.16807365165141322	0.1962756195306361	0.24579147853203243	-0.4996166456161068	-0.2515551975926918	0.4194944083297499	-1.064188141308819	0.18239884223714464	-0.3744429900429	-0.15490788510641237	-0.29542453434726135	-0.7645513818782392	-0.09894230193356794	0.059457757336491106	-0.652423412138099	-0.7915486672355565	0.19347953080856783	-0.15727861662244547	0.6262632328129821	-0.01497708450828949	1.028094484860152	0.1742707938517806	-0.1513189910322734	1.739624947643067	-0.7030118442643485	-0.20781177943149112	-0.37474497458069117	-0.33976578819054	-0.23660050318641848	-0.46808676414308376	0.36934246498417184	-0.9739324113254965	0.4057941253354258	0.3954204896582297	0.16348770065732368	-0.22870736806607445	0.33440468467338236	-0.26118836974197446	-0.14172304700755758	-0.061316030735399284	1.0313072869712954	-0.7835661566298976	-0.9863607569757618
DTXSID6021583	-5.392122828832444	-3.4546304388140956	1.2300272155236778	0.09749246304947612	3.1823588476812343	0.954435791129719	-2.5545731772212488	-0.14681962488040767	-0.4641461111096236	-0.9951947170472163	0.2938332080278132	-0.6606202445840522	-1.4594424800932257	0.3498546807268248	-2.7083437869319402	2.2825541180309576	-2.693225262578273	-0.20554351512445626	-2.888040245413907	2.9618776386772327	0.5457801919342835	0.3065805680710374	-0.4135355906360368	-1.7608081639051336	1.36470250332474	0.9539369604690856	1.7190623380570136	-0.9285333600061522	-0.3363461350460675	1.1871718196131973	1.0057727738065667	1.0949831174845288	0.6295801692236994	0.820171890410159	1.4670184045776486	0.5768834587707009	0.4411532140248568	0.4195726053320971	0.09351657175475415	-0.2642693188521074	0.35742905501925354	-0.7892636952492028	-0.344085749967509	-2.43883056718582	0.026100275029575293	0.48169925048643286	-0.2760505605074204	1.203538929284641	-0.2658889439262733	0.1260423163214286	-0.0710061589318259	0.6399646056115431	-0.2172340659980571	0.23953526196876293	0.9955791574223776	-0.19254596290748638	1.0174445733830055	0.26133034292150153	0.14048892096123394	-0.2046759456990841	-0.2461724818263878	-0.7839508844892791	-0.16695919543094717	-0.6498306300942578	0.2090862578663728	1.1205153669944532	0.715978253467821	-0.018368956617699224	0.27707862903257663	0.12290687981050727	-0.5666012429511887	-0.07244660711364952	0.5917808091629261	-0.557751122136104	-0.115521105768502	0.08976569765016153	-0.45164096603240034	-0.261231290455973	-0.12025078458094876	-0.06064727121986332	-0.39673980769617856	0.18996436764864005	0.12418556238458346	0.41753417505775386	0.2972650491529147	-0.10145028846151213	-0.29391470619451926	-1.0413104845220207	0.3390719630332599	0.028071477545370194	-0.18289588953374172	-0.2909452239873355	-0.5177876209197461	-0.27459979970460263	-0.18188746916389137	-0.29447677533435396	-0.40341812079562006	-0.6108911998909234	-0.24759371977105246	0.09882631904452495
DTXSID4041997	0.5469321743193453	-2.1397415557244046	-3.507387286946913	1.8404188613735124	3.4278309825031994	-0.5810054643357649	1.617533484202374	-0.596783932099973	0.41474117663168264	-3.0522465323127124	-0.39934814900406707	2.828880706532441	-0.8272565042816273	0.3212322446018071	0.5191900893296756	-1.094955474747272	1.5523071330481968	-2.827345941622219	0.18081891097656516	0.9993285898628887	-1.3577382616473883	-0.23536918689856376	2.545031265598901	-0.5012219874247617	-0.6295924405940145	-2.5974490305889875	-1.122427578364323	2.961180911717588	1.7930313181563278	-2.0166474549389	1.7031537413550637	2.1959185452921126	-3.7382062819961925	4.194145603188037	-2.841381191165493	3.7727018800687193	-0.8479036781694889	-2.6354711681419616	6.228438867205843	0.6784297365176343	2.2238045269452007	3.2435650084781598	1.4710447747920785	-3.981578477273829	3.6954422458027634	0.839927261112751	0.31346815433922126	-1.7390676871543098	-0.6159673068891057	-2.3427421936771684	-1.0251952139235012	-3.8362239417854207	2.229741249045119	-2.3869388781883853	0.5125492796421139	0.22908370506743805	1.6746190351622816	-0.3830749792954671	-1.0645845086549242	1.5555345664376683	-0.1817478290106114	0.23984394096799128	-0.5960898524498227	-0.5293628122698324	2.6740767126369933	0.7855197933571596	1.2338969885851003	1.810810025680778	-0.5917163060411964	1.4811977188286933	-0.34341625857426716	-1.1303132951017247	-0.5204434126400831	-0.5082998105153358	1.202522683556126	1.8465208088217837	-0.3067405701691886	-0.39120301059205836	0.14351313103348148	-0.38362447617910295	1.901108920101229	-0.07862531419600391	-0.2750204362506663	0.2727660645022249	0.17373760904340071	-0.09277746567312722	-1.0022650521669763	1.4731187830558408	-0.7812936056958852	-0.8692865568569127	-0.42673680772122885	-0.4697327692687595	0.6183049386866356	0.4586389458367534	0.5439752285775068	-0.8350895883413876	0.8755620988124327	0.0073908256626471335	0.5696983203592287	-0.07256773154312675
DTXSID5045700	-0.8641204802199519	6.322235709141483	-1.6407578931974673	3.1819084284189723	-1.8119782121672883	-1.507542438554343	3.8009105283867988	-2.0865362070393902	0.4462720822180019	-3.080519959781235	1.6932647058119337	-1.677946140151941	0.6173110745146295	-1.924895364743409	-2.206510027720969	2.509163455194923	-1.6072374680106565	0.6779047018249685	3.301976705435535	-0.9840916925110538	1.0781575192045378	0.7062105592422614	-2.381740264205683	0.6152171946255296	-1.2955786863429843	1.8207864592865484	-0.33521239073766257	-0.46011488744923645	-0.8473104922601503	-0.0601892967753263	-0.9933725467253337	0.790691835803316	-0.4794599073989412	0.6174354117993971	0.4257868937056434	-1.1327068789702468	0.7007176055903815	0.1677363269946275	1.0594327180393743	-0.21659466027845978	0.17001227561412804	-0.9342621228741776	0.2924671113787939	-0.404562280150684	0.0519723782075692	-0.2661418910979972	-0.12897372208074814	0.6878425804503806	-0.23495683751538934	0.3104280342475435	-0.28090225647193584	0.11433708357015959	-0.8767952568582061	-0.39173760669565943	0.6335226890694168	-0.02155448903062334	0.28292439200833597	0.18366587331276332	0.17537355932342674	0.31929826218906093	0.10411253038710416	0.6204702670042562	-0.4422478576444769	0.32070780528439136	0.11749601166034197	0.224250449548989	0.4106395796598515	-0.6573212541253649	-0.1544188188469293	0.9262524752620015	0.568053312431383	-1.8904062859049686	0.3580810481138744	-0.38355709246559033	0.873458347977301	0.3757431876522662	-0.08511921928654163	-0.6286149926018659	-0.3095830229151868	-0.6305757250489841	-0.7222986085417996	-0.2717926873274045	0.4294969377039964	1.3615837566784939	-0.7183451924263529	1.0766901016928236	0.5015374131941682	0.008758649463770824	-1.179634702646696	-1.784069884957619	0.5553322680753622	-0.2846420737156556	1.401379008783447	0.7718293338628032	-1.1138134022465735	0.3611148560298353	-0.8955748851218088	0.7017759201627806	-1.4156735359067367	-0.6793603066322326
DTXSID9021130	-2.256193379104076	1.1916653896713962	-0.870478417798299	1.9453574073204827	1.8711264986372935	-0.4572688601766364	-0.05334914452662299	0.374639537992108	2.0479075568976466	-0.6360839936010794	-0.3398247207747641	0.31443518370258183	-0.6074054410254784	0.33501564078470697	1.0315813207416862	-0.18047399815860082	1.50439220778141	-0.7228841427719053	-0.17805884697452853	0.036464398939539955	-0.43020258502024517	-0.12834369559175668	1.64893986555015	0.08043181250981142	-0.35518749166479946	-0.8705368150369586	-0.15040813808613904	1.2582299962540973	1.2909481733695731	-0.871296372028668	2.1195709309503075	1.3144050067591317	-3.2502143192774535	1.4094046373619475	-1.153424526633753	2.5692153609772292	-1.6495782170595927	-2.4347763877702273	2.894055354056767	1.1037757610237475	1.3888799470916897	1.5915534925298693	-0.8027713191756737	-2.496898996031947	1.7335076444332163	-0.881784174332977	0.09748937556543981	-2.2431839945174388	0.3420277707936799	-1.176656468606831	-0.4603131445212377	-2.7714531033945526	1.3593274849826822	-3.055784866611761	0.051605557287390504	-1.2084033347369512	0.12150788646877744	1.2107788872672416	-0.43666743978661215	2.2170858307038537	-1.8548464712728725	1.0290484600287426	2.686439431422762	0.5092554089235695	6.450301868874881	1.4922291681690805	3.1674631674264835	1.6820263012227181	0.30184339419082606	1.7530373467712086	-0.3052883063807861	-1.6028243604745305	-0.6003024159307576	-0.8929475136294036	0.7236499466459098	0.20364077828317736	-0.42394491531223294	-0.37971562587309005	-0.03991033314568243	-0.47757904857933964	0.15200447232204564	-0.5220554293350514	0.18532074698987158	0.0791976467083013	-0.1789953862137531	0.13681775958154174	0.24485955023680378	-0.4651302454032974	-0.15625409831902862	0.30304311245053694	-0.12328945130369667	0.35550133679856966	-0.2102818673450772	0.21233220152692445	-0.351089650009995	-0.11144747129281579	0.07970851745482893	0.1249722336441399	-0.10240056216334795	0.3015547429970631
DTXSID5021910	-7.17605637687767	-1.0560308191761194	-1.0288010297339243	1.7546308696939763	-0.32449916332160705	-0.33019622977645885	2.2390941137266003	-1.0110550609653548	0.16751511761965654	-1.3391875386777967	1.0257977197542891	-1.3802017175741765	0.33980198837952147	-1.6423078569824205	-1.6835422105109303	2.110869489481207	-2.0502983896965508	0.654968220564845	2.63089019579249	-1.135936867018585	2.156229727000285	0.9201456448893952	-0.6309833770057848	0.0341522847846365	0.14690257956801842	0.5322771783556862	-0.39273225969033165	-0.6940434403571415	-0.44558293272701743	0.2154742372702569	0.07572935110330307	-0.19672359061910466	-0.3940915674144607	0.3024379919713376	-0.16147791032806574	0.328706048098127	-0.11215267080200567	-0.7995911074661591	-0.3986466459470737	0.7286270574164351	0.8561952723383557	-0.7978078135227891	0.9270504024398387	0.4587634956153686	0.02141141220536124	-0.7954772642464752	-0.19175329959970647	0.3963336914449893	-0.08596170258569719	0.15628803622310067	-0.17431257307237227	-0.6189507720867315	0.011866581792051864	-0.21991989459382014	0.2191229088836383	-0.476053905550035	0.4239885022900446	-0.5678437469539084	0.6235615061068446	-0.34817056875185165	-0.09638674831340133	-0.4726639490895845	-0.07926347364305629	0.6262521418461257	0.15078246757315084	0.2896546600105778	0.07676792284538926	0.585988388923646	-0.41015393548847845	-0.35614098393098775	0.11472351561850709	0.19562932217043824	0.21065329105235014	0.8329496736642086	0.3769763979838991	0.46185602956531124	-0.023304408175378332	-0.6284818020105714	-0.48639524314082955	0.2706205955887324	0.8933889390758348	-0.2713385486060893	0.6592027487539323	-0.16291428580082234	0.2233612230985611	0.2719357235374154	-0.10719270361123953	-0.3921557898972941	-0.2167831124567046	0.21247933127087545	-0.3965713105593977	-0.24306871460345922	-0.7374114519947472	-0.29806927741535166	-0.0789574982034502	-0.6029757574853526	-0.12455502446414472	0.16408121052786795	-0.059542214581380995	0.29362971922239806
DTXSID4021553	-2.9428575575970664	-1.8240068965309781	3.8639505371593676	-2.9377216473667076	-0.10974261010225074	-2.353837440316677	-0.3588307672166907	-0.6947891450442578	0.7106811457511044	-0.3394194373854866	0.07264668124682473	0.28425143821187804	1.2474778194209826	-1.1099331119947948	-2.0516103885967785	-0.5844755514922318	-0.14541611992239253	-0.9654267112060889	-0.27875091284872316	0.08019433903700164	-0.3020153771677417	0.32738576424084975	1.3473195634423398	-0.26919187787102167	-0.43940904431785843	0.44963685442805046	0.4467337641856281	0.3994449326830725	0.15625021342655873	0.2153428556853616	0.6785515945727344	-0.4189632410146469	-0.02308943830315357	-0.44674954530492506	0.13477255901438234	-0.3949052955379317	1.343496443236893	-0.8182990620112597	0.8574707716309795	0.6927966178143089	-1.4606345351993497	0.46302565968723547	0.43270869489625485	1.6011456954356773	2.577468114331265	-0.03770890775057271	-1.8034479466406237	1.734607332286865	1.1583811948962655	-1.0161707808400662	-0.1307555080965208	1.4755808009714926	-1.4671132446437698	0.15255935587018524	0.015645966213531395	-0.7568432527981833	-1.8785101112832903	1.1911578313098523	0.39761342228759344	-0.5702109158132622	-0.395439949247652	-0.8287575233328346	-0.14721718470726802	-0.4977798835530248	1.4626062904157213	0.6145868505539307	-1.232386484439294	1.1923586030700284	-0.23281664778230984	-0.18259002248606074	0.2313992342600394	0.4342450160795158	-0.12258143237183092	-0.18206743164194392	-0.09127952090681515	0.7915897267805055	0.46021879493738477	-0.22363813943295244	0.16832556958046868	-0.45513306485016125	-0.56762704258873	0.06523625689250005	0.07445461548815631	0.317833124760012	0.004297001671883026	-0.05490603625379954	0.00934501434423272	-0.09835777813694187	0.17453014070607384	-0.18804716486094125	-0.07306435337915898	-0.29780164214237964	-0.06971182566787054	0.286270581846451	-0.1999986648620999	0.41783040775054636	-0.1472340036467164	0.2467844248649125	0.24555914734720252	0.09399444916952436
DTXSID5034773	8.578328932535605	3.30142146482479	-6.675524594038586	-3.609136991430574	7.387043165621927	4.140481475002857	-1.0169144343383811	3.3971501979874743	7.5624662204867255	-0.3756898762787656	-2.623102086194507	-1.0006415154278223	3.546315463485657	1.015259632946673	0.09275704705720343	0.13510306364763647	0.7383539783778396	0.35963408631967786	2.467540983026997	-2.3524115172423596	-2.4809913634435956	-1.363519009087746	0.3496216934952687	1.6440147447079858	-1.4048771086280658	-0.4135812972048954	0.5970270454087113	0.501579356161442	0.5177373053797736	-0.3135857866420491	-1.113616779622869	-0.06968183788085186	1.3252442323184468	-0.1474516973264903	-0.10890993468559644	0.11485764722921074	0.7053470272795489	0.2502736663781491	-0.6922203198455414	-1.1921106864666027	-0.18730976296877436	-1.2726936129890036	0.9849210198846078	-0.5468799479751032	-0.0007255578724840484	0.5673794592262048	0.193893739974747	1.3570674702501668	-0.17858229650004057	-0.1322793313726397	-0.278145493211383	0.5704586142955805	0.5563974229889711	-0.2417627149390431	1.1950966454093066	-0.15299206465769258	0.3603176472729099	-0.18475896068765268	0.23843597767555602	0.1430762081757618	-0.41951296100041263	-1.7224392847787378	-0.6654156216325385	-0.8556495546989056	-0.60683460897697	-0.7805564943781235	1.3140280986094592	1.170679364260883	0.4959069995151354	-0.3461181537776732	1.316121287472079	-1.7681668879345274	0.5149615222606042	-0.20141747524053805	-1.5833438346282132	-0.02480644005775154	-1.5585377047411864	-0.3886579292718975	-0.6322263733390424	-1.0800551489622783	-0.5280001259315542	-0.08628517897809129	0.8600312862261057	0.09319740104163596	-0.14663235764671465	-1.043246104483995	-1.193984038284853	1.2294557391323613	-1.526532703492699	0.05376735035431394	-0.63855695534971	-1.1700181347936236	-2.9457275768174944	2.047455856114226	0.008756410777455589	-0.8027637190158231	-0.1446730783893246	0.09403238519368572	-0.20448707021406057	-1.6818742363402774
DTXSID3047261	1.2451189090305614	1.4997028866476145	-0.5672822495095631	1.1937521227699197	1.6544756848898623	-0.31743064515463687	0.44871442807628076	-0.4580874958869283	-1.6031828318202528	-1.680076564125221	2.992832678766703	-0.8632336521403606	1.0299011146989787	-0.7927841638033531	1.2084649035638275	-1.5338792887439043	1.2466198523643977	0.761508524651075	-0.23268372376007657	-0.7289901214540696	0.133729828635606	-0.39787858724086955	0.20177060230585614	0.07532091588090503	0.0038266960886587306	0.8949410893631319	-0.4381476595856461	0.23622765339016807	-0.1784345819251845	-0.10004773201442836	-0.006444044059584352	-0.16998419159970096	-0.46932775455210207	0.3542972385215325	0.017927714062413894	-0.11244602709593272	0.3684696566003321	0.6242733237242409	0.07266853868036313	0.3657195236425145	-0.5031163335629347	0.42517388847681176	-0.9876892942091487	-0.2640972621136983	-0.1451170934361955	0.09095235498434105	0.002618248868619794	-0.995647322280275	0.16877230718619957	-0.5572507049872578	0.09903511427601758	-0.14687494209041582	-0.11012355215085401	-0.282571254146909	-0.13546407324837265	-0.5132363822707333	0.30360538216544053	-0.16759835029889592	-0.12366083690398118	0.21355446315902726	-0.03162735153984903	-0.1477527839511682	-0.2531648911778758	-0.04047315027914966	0.09852072150001252	-0.19468245431067482	-0.8539026604201864	-0.4472756069483863	0.6527441856522924	0.10207419177759364	0.7788080507372351	-0.7469452969026824	0.5294607346423243	0.09608377214371844	-0.14574474382909708	-0.38018377694402794	0.8780897702868102	1.0838005706001543	0.5206286196503597	-0.5188380736538075	-1.036932579615564	0.02670392844206657	-1.5095442850980534	-0.723500083233768	0.49667129706455604	0.2731038848281651	-0.18904303676444745	-0.7047317550075121	-0.15642479737825118	0.24783050813519644	-0.14006912091433937	0.24057762265009258	0.21469167217711296	0.9770233987731002	0.2381726640577674	0.9696359083865096	0.273718264849875	0.6677832679997556	0.35937250043656993	-0.6957915735085387
DTXSID3045140	5.0980988823803095	3.013646530692751	0.4649097497920324	3.0764298300374553	2.376089321520664	-2.5166010821526505	3.988984400540459	0.7060617897327323	-0.8253455047328684	-1.9646916728908885	-0.18858955757952814	-0.8697381088132078	1.2229329485409448	-0.0013505019185345568	-0.35768184077614473	1.2834227853703575	-2.6616115906683633	1.1170786134050847	2.50228604609035	-1.3769913154539861	1.1673035504491154	0.46865220912279204	-0.30315097778914396	0.7346662471130686	0.13456763577448236	0.878483911827468	-0.13490394788004786	-1.1407661652233458	-0.23458325542995506	-0.2776273652037199	1.3391324106816365	-1.6391676737889842	-1.0462443675113073	-0.21004506060090022	0.4998328434958216	-0.651744849791128	0.42784235792471287	-0.3492665810257126	-0.3344180448074028	1.2635774600425205	1.8566527685525487	0.21352214333276628	0.9307512887321289	1.8323636068527802	-0.533386734708014	-0.5359371725501404	-0.5249077131794976	0.3560595315061711	0.7929486277301747	0.8573798548776086	0.4998020074916913	-0.4124939910867664	0.1806524436700877	-0.24451163415326432	-0.22935744198613384	-1.2259538521581856	1.2555160659000728	-0.33197516594256177	0.9683325503668547	-0.7638398053464504	-0.47939746445564557	0.15605570260051838	-0.8022685099924288	-1.2853795737167417	0.03379829253849535	0.07200685868023521	-0.16474508504277688	0.84921658186965	-0.539884069448435	0.9162748578852652	0.3027073267349451	0.4661819733636104	-1.2780848613870817	1.6167533661331845	0.8060895204221481	0.8043407816271267	-1.3345562105004474	0.30182264109579676	-0.11196504236751911	-0.9856267997072956	0.38191858060559636	-0.13413018456657896	1.0432571764408811	0.3749325885297306	-1.053495875312401	0.2348541645729307	0.25069883749953753	-0.002077463639921563	-0.6026886374856901	-1.3215561160124643	0.31032519617796983	-0.2845477476357331	-0.7037461128166029	0.8537088011719983	0.5797769091539645	0.9527110120857969	0.2572960775393695	0.04522509246411423	-0.2331163790513833	0.8766750603842435
DTXSID8023260	10.934436725239777	-3.7900714997913183	7.183437618601086	6.588363252568391	5.955186146122689	4.347144643736168	-1.5943176226156761	-1.3454136074307368	-2.2425627099186154	0.7414531370512374	0.5744774553612562	-1.0672607185912428	-1.4460093513415722	0.8349093605859876	-1.7532567326957977	2.7429424243388585	-1.9337637660641214	0.6969802621237701	-3.1383244391449647	1.1701396119506033	-0.39037136334613504	-0.46763180203667215	0.4767541983611796	-0.012570146855458346	-0.322045384861047	1.2234011004687724	1.8184383003150395	-0.7087034550765584	-0.39456891032563657	0.7233535476145547	0.28218543964827714	0.7021588934115381	-0.08255989968309681	0.18675241391054476	0.9848011353145792	0.29831062872293024	0.02834512144317289	0.03558466985037448	0.0014061821346656375	-0.23348878575796142	0.30953196415027817	-0.09782012313756548	0.09248836389423178	-1.3455023079822117	0.14700593027919265	-0.4626890215349953	-0.5004658731827782	0.5945160974465593	-0.1926763182306286	0.13841887352629517	-0.0337865664169268	0.39945243678380354	-0.03696780165125955	0.042191680107278064	0.12196091027733166	-0.22079228723683994	0.9338277179186841	-0.03772972750625009	0.26744127039617077	0.10096995074145679	-0.6256147021342008	-0.8223833415624928	-0.7111939500553378	-0.8072845866017215	0.12694152023651223	0.7921921964219808	1.2386267085139797	-0.9544182087655586	0.34156109720876693	-1.6490270442147674	-1.3739304320541745	-0.8076032113143718	-0.05508392304850007	0.26126629305154997	0.4963758367268456	-0.7300972739118914	0.21916036189143712	-0.03244622260300698	0.44979012837101967	-0.17096329926985074	0.15190417772488443	1.1185975297323971	-0.10576865356408986	-0.13489653004347343	-0.3574103983652296	-0.18253761110887223	-0.32222746483599657	-1.1237998506134346	-0.12392516014683119	-0.48504248971291297	0.14778259333140095	-0.6513306817566306	0.5743560135917092	0.6684209109469946	-0.4374286023005986	-0.39448599598882755	0.8583127811130542	1.175384736513322	0.2716278075491967	-0.9966350876595934
DTXSID3047053	-4.171046525103715	-1.388426230619499	4.324354151833827	0.7895232018416918	-0.3303529478122788	0.4280194619852171	0.6187577411554704	-1.4325175932151357	0.5605669730127933	0.614968218824531	0.048529035150064785	-0.30950664772317515	0.30192228012823474	-0.7967419646880536	0.23832690170324117	-0.24224604929902732	0.9358629942949047	0.008666777203574038	-0.13974473450666558	-0.7596328005685189	-0.2626100995559269	-0.4607913344566708	1.1844135226627437	0.3326648123598404	-0.3726296760135683	-0.8079108856436017	0.42277811237905144	0.04893364258418648	-0.02177413511640954	0.0662344500167241	0.10623094550747965	0.8163022588952318	1.2831652255642472	-0.11873866292585049	-1.5440023120262985	-0.6824295577310406	0.23428284127376234	-1.3145165572447184	-0.3908359610363	-0.5764661494573167	0.21597630165792747	-0.15135341008251857	-0.055877688539528306	0.2485774190797436	0.08800794654557019	-0.6963199797301663	-0.434839274337459	-0.38454281982669486	0.04710520393403015	0.18493545787376536	-0.03553711154895778	-0.6631384380997978	0.11597277552009766	0.16216318318881523	0.10159669237363483	0.5874451808246023	0.4572526079817985	-0.18442956321522105	0.2012521584039727	0.6144205533919445	-0.4834373269265514	0.3867583439267241	0.07068694100521153	0.6961092188743505	-0.943187877758991	0.02026723516198726	0.8893205494407624	-0.9877110386624561	0.3095814043250663	-0.2559498301826025	-0.2692767487297895	-0.13277721050758787	-0.10791340062077796	0.38121753445505885	0.43870008145993583	-0.511869708733265	0.2876452483015993	0.06287848864647615	0.07359483852419671	0.12167371632485806	0.3432577602171714	0.05272244494698968	-0.21207727167764737	-0.023383606851049878	-0.14886789672256515	-0.07999970480382765	-0.4249997708244025	0.259480473809655	0.06613362116623728	-0.24118250007200775	-0.11624391141977175	0.19293887074467528	0.1537193672391095	0.3546651565630542	-0.5888309290115042	-0.14578294149173787	-0.04639963960569426	0.33533513537456344	-0.1954064114423857	-0.7723131618365819
DTXSID2049266	-1.5928693759137798	-0.867651083065989	-1.3851611506974109	-1.8985273095984743	0.40126630460113044	0.8184738404785784	4.6019343944680005	-3.00523015576788	0.7398445137985746	-1.5460015454461515	-0.4111898599253723	-0.1805751928251169	-0.12500215182694452	-0.7257362750039297	0.04145947456983574	-0.6937984043250931	0.6182806023221911	0.15037876967544186	-0.6674182579334745	-0.38848645432632684	-1.3237832758631174	-0.6210221514678975	-0.3250726661924044	0.3422017185902657	0.568747385819736	-1.3634627103464492	-0.3412102193918902	-0.6180838463795347	-0.15086326890891122	0.2425937834382146	-1.1429789432050887	2.361799974309653	1.225892655992374	0.30377373993693824	1.706819946738425	0.3575877141637804	-0.7327607793840379	0.41489654602675025	0.8443847725901381	-0.6011379147387725	-1.6712843685594396	-1.3135662744528986	0.11481968442476331	-0.4697277502506122	-0.20541943890361203	0.3310605982417836	0.7997038409772195	0.5332795440322168	-0.4237524647059662	0.3064027586821222	-0.47719259850908785	0.1294156293846833	-0.502772960133701	-0.28648777972831463	0.34370412261098404	0.6844554900082237	-1.2522657689396501	-0.08123073825695153	-0.7076288826818165	0.754911365834125	0.09110625817194745	0.2112287003082095	0.7003541545902385	0.5974895636608044	-0.017172332601520186	-0.17470698254226674	0.7061054994826735	-0.5453715369380017	-0.7984998861700172	-0.6261485476952624	-0.3302085230496876	-0.33771850458474406	-0.3035870290055299	-0.8588352590185656	-0.16999939222819033	-0.11171647684297416	-0.10177828655291073	-0.22561663842064683	-0.6359653853301738	-0.0030111197534643695	-1.1435404114521275	-0.849874530735522	0.8059488057233902	0.598466771024393	0.24018727968416198	0.18970598961871535	-0.15907428516685637	-0.013228465565222792	-1.5150781838261655	0.7398972182539998	0.25876257133426944	-0.15610073556903603	0.127758650758763	-0.011216005687508718	-0.6763168973356607	-0.18220485831342953	-0.1584634098415167	0.5417036968927643	-0.007276878912831572	-0.7694496139588118
DTXSID2046759	2.452667240357499	4.6858842424901175	-1.8351763585298622	2.1496715502604387	3.226772765755489	-0.16891170917721307	-1.0139096648957995	3.8029348632254063	2.1487420615143566	-0.23089322048694141	-0.6075650940195008	-0.0005242760732773945	-0.8883682085459805	1.5007157712944459	0.34173078718877253	-0.5276652421433209	-0.6394060474960708	-0.015378928341672047	-0.683577942535499	0.5444981743906651	-0.40680543381888756	0.22252043432578938	0.07761786507258238	0.2649391270890342	-0.18059310080399646	0.36148095814849157	0.6510111556713566	-0.9966725515480824	-0.44363135388101105	0.8798544542914662	0.3596097052569745	-0.3009074618400847	-0.5264077904141423	-1.3138329514725753	0.5609179598984552	1.5588930958535383	-1.2268386924316357	-0.6421800555498848	0.26944505713532213	0.8289822417400078	-0.18748338260540662	1.2003397255866337	-0.977087202142506	1.140330563196746	1.5261225898685697	-0.3585902569124518	0.7995048691816061	-0.2886339850594694	-0.02256055861603965	0.4936269792028476	0.21418780801526344	0.014474624464390908	0.31538067831005334	0.12550118592824894	-1.0890502310485328	0.05586883229472918	-0.7217766763363227	0.20121080989929396	-0.1553813753586351	1.2999472123881801	-0.37845798675587994	-0.4405436594112711	0.6257432958288465	0.2671195559824132	-0.14043489659658773	-0.6889617041844357	-0.7376879744167547	0.13482375541790625	1.0489646605864282	1.172589185489883	-1.4767194118175728	1.8662961031003031	-0.7607564807311793	0.7173094440241921	0.9036330128870806	-0.738296623194115	-0.74598864445294	0.7159230773376573	0.1003374369002218	-0.26898899648163016	0.585733415687581	-1.0500452251202255	0.689017707326156	-0.7675578466740839	-0.49397308310353477	0.4965814168291635	0.6679701836827591	-0.027016937501880892	-0.6332635979094707	-0.29974669501541035	0.5155682823894299	-0.5551865246314825	-0.7565348024980422	0.647059341635117	-0.09738099633047699	-0.17975720599366074	0.8595695269518081	0.7189396405730182	0.41604086374826205	0.17230129452423545
DTXSID3057723	9.33572188364254	2.19385529018744	-4.285862916850139	2.3389863211846205	4.31362552059729	-1.2751386188952707	1.190371870849012	7.450061621391892	1.9701990448768372	-2.5787036021062906	-2.1557612744141967	1.235888696409257	-1.2213607441132388	2.0969117558552406	1.3432831817559499	-2.7776148401490452	-0.8976212933239706	-0.9142034315954558	0.3005181037708808	0.37758785348573437	1.081300525416612	-1.3374131948661878	1.8831755490196145	-0.661280228087028	1.4447857451599324	3.560142303309798	-0.31340192188645566	6.065558503407005	3.015676293313828	0.1397833099271225	1.4085708561847081	-0.7508614651088333	5.023606902775174	3.382685280275345	-2.178760165667511	3.556255516459468	-3.4586213574173144	4.564295970307198	-0.4743773180247371	3.817684449347163	4.116404612535422	-2.727134273707532	-6.3818043266107525	2.997513172278687	2.3512892252280793	0.8458979378390605	-6.140655516195475	3.0908335618365395	-4.7007733165491805	6.934992013475476	-1.99481768876762	-1.5345287670560963	-2.4934504707869753	-1.4870834520141634	-3.567015067526397	2.9575550990628114	-6.07926806766878	-7.487774930435474	-2.5962128649059215	3.2173142964143913	-0.4887703659161109	1.601554755903618	-3.5686007945398424	-0.22626498492749453	1.1668184692088084	2.6831426325931824	-0.10122809335463123	1.6038726740068125	-0.379031132083188	-0.622807379329942	0.012005111262174413	-0.5426245206089063	1.1783833419111407	-1.5599293839228767	1.4972888604288364	-0.2846712725638984	0.6159272691607938	2.2226945535394327	-2.0399129496479356	-1.0206014801000862	1.4805946615262557	1.0312515810813152	1.3249794613516575	-1.3715249000132415	0.2685428445853258	0.8089266749092963	-1.1587438901972709	0.3417386206097497	-0.8093783336245584	0.8015436001135033	0.2863413618025631	-0.5208491538584572	0.9364519101685147	1.7082060476342695	0.013662467023726362	0.7043746461166032	1.573892561544984	0.7299049850652668	0.3493013989237229	-0.6277284611786726
DTXSID0047874	0.46960197888659955	4.755145326663589	-0.8821629659381106	-0.17716389835777893	-3.669714427447235	2.881621820554076	-2.0013630301140886	3.5300871236420552	-2.581224605036977	-1.9758572983691098	-1.8130728061853214	1.1546329974593126	1.514235657834034	2.7961567512607988	-1.0246511718990954	-0.2599849339221941	0.2972946885747098	0.528478201301661	1.2471789188408986	0.6411459287309982	0.8986059137916339	-1.1573326651271683	-2.449243290812142	2.3116443824188275	-0.6972290331546187	-1.8233634822387597	1.5904347786890458	-1.5766610451883996	0.5948326203156761	1.0821796415010003	1.8247683392495073	-1.2924107767578394	1.4222192198047092	0.48088230325353537	0.16307576940261165	-0.16655619595998528	0.9624327345458573	-1.0505654969843656	0.7424615764335248	-0.4184972469418026	-0.5752079102970727	0.021231271981178385	-0.44684757250167545	-0.35597282384898266	-0.7621515591005893	0.46767577017383405	-0.26561844447845445	0.19657780381058815	-0.41767714589115584	-0.18191107544963553	-0.14286212453182145	-0.053083850811564144	-0.7179516247834411	0.14415225989642186	0.8882425111788542	-0.05428885420068482	0.23949926063045326	-0.41479034948551335	-0.08206892848285917	0.34906700090085147	-0.5836114536903462	0.1356465546170409	0.26615942157665345	-1.2396267113055996	-0.37822031818443463	0.4037069624551077	-0.4839155469801143	0.36094173174543337	-1.298505398823846	-0.0913596966957332	1.364395092440898	-0.6612276414695898	-0.15610825770265782	-0.11306939733149625	0.9231112756834834	0.6572135557419295	0.21590309538615443	0.022249377703949698	-0.23347018639085526	0.5822052825815508	1.2082475391933036	0.0594559863583301	0.318189552153554	0.09859225777838031	-0.18524856327731784	0.29773510147270926	0.8777165596623819	1.0726863501568444	-0.13965598065227094	-0.18366673672330835	0.3819910428136643	-0.2837828191887451	0.004736515959872643	-0.10721330896982281	-0.20764413226309097	0.18921600759629323	-0.44467139859189614	0.025213219628923242	-0.2425204642800101	-0.09914272501733046
DTXSID2022880	8.158934307593853	-0.6334601971150084	8.087583026185806	6.236120436544729	-0.2544098709199381	3.4694415154490876	3.9671694609193286	-2.4517227777585853	-1.8405134090411697	2.2899914000231214	-0.8566946572139094	-0.45136294746897954	1.1293986212270866	-0.8452613665636026	1.9226606649483744	-0.771068155613212	1.0363948438150097	0.3710805319414187	2.3194673385878044	-0.8033431886618273	-2.211350474357247	-0.8689548790175932	-3.2138450421541656	2.617664711984856	-1.1672738590972698	-0.40757868761495303	-0.7209449574961088	2.979336054456051	1.5051612346470302	-1.6333581805879	0.28395513129717925	-2.7168813218153676	0.6725581501963612	-1.5889499981268227	2.7665519276564874	-2.8706867740874986	2.9320442353265928	-1.4988212718429341	1.5741972952064403	1.355231770995994	3.528866551712391	-0.23670642314493975	1.0217185848971622	-1.905672974530523	2.520824901607778	1.3267755522988318	1.9451115459858086	1.817572842889126	-0.7113681527078748	1.530539212183111	-0.22098375538837797	0.8645504933376423	-0.865829438374079	-2.576514024010744	0.9039247891167692	-0.36025713192359127	-0.31090068118615016	-0.06470921200227059	-1.944729888063154	-0.2868030476717443	2.1158201542410935	1.3845688771161129	1.0241521086797223	1.7821216890984466	0.17448841247505123	-0.33770790397491784	-0.6169156710544713	-0.42754168759527034	2.2720169153091816	0.2162366054527817	-1.596673918918909	1.1889888495393888	1.2458764758884295	0.4845861253085161	0.32975640164961373	-0.8199663727831661	1.3453011292044603	-0.10528626118259186	-0.0244176768486142	0.17703841260248226	-0.44709255553108207	-0.6706396060214638	-0.08362574191815246	-0.4884627538075722	0.10119970890366334	0.17603729696886855	-0.13045805358121648	0.2666132645554108	0.8582339424359833	0.17763811010817618	-0.45200151798719157	-0.20988180289273625	0.48573636594880776	0.2657384706835785	-0.13519802694948	0.04263167446642144	0.02236022708040989	-0.25223080979763635	0.396050633044318	0.13171825796396316
DTXSID4022311	1.6198028496848937	5.1059214177956695	-2.338080882817694	3.2154582393425217	-2.5639225889290245	-0.008080855342487748	-2.69351739345041	-3.34107008689839	-2.1905878333813242	-3.1321314014577877	-4.242881909375169	-0.09491045192604514	3.916267110890763	1.6113553155583242	0.06690366557884704	-0.6332424489512511	-1.4674637855667232	-0.10672151243377136	0.9983421780470311	1.1357243378009199	0.2154971959766576	-0.02460593374945282	-1.3369176634853526	0.7672747948645688	-0.33362908849924106	0.2743443375965643	0.8796812075833008	1.3189263059824432	-0.013906039894437887	0.22934662356909244	1.562086478240489	-0.7582086154811907	1.0934640568314917	1.1395065454232833	-0.4466563685647526	-0.71602890853224	0.6492950676749984	0.10711230746088213	0.9110351807525663	-0.035325697593624694	-0.06499085832325392	0.549708919392057	-0.3739064635306644	0.5007462249460071	-0.5427569759326178	0.5619641323531783	0.0038029036119892295	-0.5360833880979732	0.09078280764315542	-0.37583865395498617	0.2468040609928478	-0.19185351125242522	-0.6433587061926342	0.456194902929146	0.593049812548662	-0.3839791211236009	0.6191075509497	0.18751086479888923	0.019946120855581978	-0.38676967298168424	0.1359724712353311	0.9172148218924401	-0.44722684114305594	-1.1540857343381674	-0.6290948818307445	-0.6842779727471772	-0.12205032809958812	-0.689261576592014	0.14273184644772494	0.5234150501754306	0.4265991853067772	-1.2486379958194895	-0.09029357030299158	-0.44852952654959605	0.8511280601948945	-0.46415639223201355	0.1047975152840323	-0.16979921840114223	0.3197043630627359	-0.6798529465331165	-0.6019199428198501	0.3434189269423053	-0.8017260204175227	0.02784291828294964	-0.019317725398930306	0.2740725080518994	0.5836208171865681	0.24389572852760236	-0.411336866544432	-0.6037619150647404	0.9808019743124848	-0.6156960393499676	0.012323866007189087	1.0769646605867105	-0.23873800350308136	0.35911839049936506	0.6601041920691993	0.5090787418028888	-0.14244474746739477	-0.2067395215904143
DTXSID2047199	-2.776169998623328	0.7698678752690242	-0.07153539616368558	1.3759558770005387	-2.192667173578565	-0.11483743284981313	-2.357793005294628	-3.05108173826247	-1.4920521694035427	-1.7096410364428047	-4.647621826631197	-0.3077404757972762	4.394795039918773	1.7678645151594683	0.9127469941057978	-0.8371622641061056	-0.8062779156774019	0.41579661393714296	-0.017427842011748768	0.13539483982770706	0.46369446455418883	-0.046941821336128856	0.06934113815121043	0.5335131310928666	0.7153343503931945	-0.24153683293207023	1.2810549734278822	0.03980451850665832	-0.40668635309915446	0.7459880400504353	-0.3955324169221773	-0.6374405296220155	1.1732305645233727	0.9395448684516281	0.0708038734024364	-0.11714574635864307	-0.5490180810026352	-0.2171169838670639	0.442503706247288	0.14188775681179455	-0.4650932972393861	0.29611766533031203	-0.15378087457092485	0.163795533212171	-0.7230517453490305	-0.21999740948930457	0.3293933620044993	-0.7454806288395418	-0.2611768764390669	-0.3450428646622298	0.23328241547939227	-0.17814658682671877	0.1350140815376695	0.05642107046826516	0.7762883757092108	-0.47571239913768565	0.19898302668298262	0.06848776118984196	0.4135506507653938	-0.569073546750852	0.49088148894145556	0.5460389371706582	-0.4551487148289905	-0.7186351940013238	0.23701745535089488	0.2979215143730206	0.36054694904590157	0.16838263210239318	0.7147774445680032	-0.09053058851658151	-0.09844438864876623	-0.892345076722503	0.3208933325157607	-0.38714757580081444	0.10132846925050171	0.038463245992818446	0.4751172806497395	0.0654384591487119	-0.3532291251715068	0.3487300068044614	0.7622080887967645	-0.16180544740141964	-0.5234291485198143	0.15256233729112045	0.05893857618766817	0.3240431499858349	1.0932463582191883	1.0096913706134802	0.5375771550418936	-0.4025777687589869	-0.2611549864839868	-0.3616753249464249	0.4713399771308801	0.06351310268805942	0.29499353525974803	0.4511924654950458	-0.1969548377579947	-0.19859696972680577	-0.4723478649771387	0.14439452920444482
DTXSID3024738	-1.3091829565542403	-1.7190893096429152	3.5158419071066014	0.5024323596311141	0.876430174888804	-0.36458497437752235	-0.23320379027898375	-0.4824653038501204	-0.08636544000047502	-0.5790545544910431	-0.626066234145894	-0.10992170491767872	-0.6304066868354523	0.8805204555399677	0.29210820707112134	-0.5415532556946726	1.07250647634731	-0.2611300076348738	0.9063140593168758	-1.2905353461826958	-0.22665434083250743	-0.24037496544730924	1.9511892457910676	-0.2242320670523811	0.41223649017711284	-0.07802568327108558	-0.08205095206281027	-0.52011520215107	0.06907989785959136	-0.7177798272873865	-0.44955787111220225	0.67804610866081	0.3195744688114749	-0.039516083754925976	-0.7775321451534027	-0.8281348914254512	0.33907623725680097	-0.15557615962858323	-1.0575643402806574	-1.0430607185591485	0.429598113427406	0.017993620626019988	0.003980140913399233	0.08165952112980529	0.11471253833212809	-0.3129310283856876	-0.15006156913937096	-0.5118721412078253	-0.09618572701200376	-0.17475569211383418	-0.003691025382077485	-0.5442450820036615	0.22580665471230185	-0.19841456172349067	-0.28005348974799293	-0.012600375014516978	0.1351965545355487	0.07078053761178953	0.2628775112303855	0.3338337976647281	-0.36314448258124266	0.4195505780767879	0.13020024616564893	-0.29593870543592493	-0.6240793700159774	-0.29737583245098237	0.021494317828895243	-0.5794934098046524	0.2686641234730473	0.009560216031001	-0.008291876813972913	-0.46087788210239383	1.1294644842611896	-0.010229712450960547	-0.22430621235560366	-0.5123455853659227	-0.7840482940678805	-0.3513208241583097	-0.04493995678562496	0.4711322306467318	-0.19810567737676388	0.36651042916548193	0.6238659554806331	-0.20940878034619623	-0.31773132536961757	0.05747420584897155	0.2979218291272296	-0.5052311120277782	0.03537986663926452	0.14170697851302477	0.5740925741396615	-0.00346602156888759	-0.6215928008095438	-0.3913561487126366	-0.3450003201152426	-0.38755291610522785	0.14852123325555802	-0.06843073931207043	0.2378274155266092	0.1407938236348936
DTXSID0020527	-2.722887254042433	-3.2283395520471196	-1.3724391994071312	0.3386864225908895	0.21428798808477215	-1.447438473108108	1.5845434191097014	1.1431544498425767	0.7044443946030355	-0.46217875276096015	-0.1054369826570716	2.5071685350233657	-0.6289296796608723	0.7618197433727874	3.3183161339714244	2.1405953234133768	-2.3142115354617374	0.1861148004948103	-1.1430811566746146	1.7627428030119952	-1.8772846259444678	2.1008311737453558	-2.4615730754966005	-2.5659005710856793	0.026752157082378013	1.7962352427509192	1.9990201144751443	3.5837030622547803	2.817019994555453	-4.563055719008129	0.2568664704018351	1.2716425407490877	-3.449105577936694	-5.574633406217755	0.015838959356890316	1.4896823502562626	0.008430219436503066	-7.506633306105769	0.418306623272613	1.95390387189211	-7.440386353765391	-6.56229789673696	-8.25030868222998	0.6646281514942178	0.48192633100913096	-2.023200021476994	3.2260476396775353	10.47230480658831	-2.8424786428207236	-8.860910143020064	-2.0813637338400435	0.3781457236090351	3.23558318823897	0.7574432576290603	-8.365294724662807	7.941366305842144	9.45997996528525	-4.891609038043215	1.2502510574972772	-4.848617534956567	2.8126706188461017	8.625780862406865	3.7518727747482616	-2.647333444979234	0.15458440288471612	-2.0893920000320256	-1.3805208289454265	3.3700382666630104	0.8499837352597719	-1.5739501630827772	2.277689167513215	-3.3537202945603632	0.3022570848053091	1.2113515452777248	1.513186607685917	-0.878524767548175	0.8557017348270946	1.0749081596633907	-2.2385218168170042	0.8990959244961828	1.6096020295225753	0.32113193056814016	-1.9040010826544642	3.8771805965662276	1.1179465063024312	2.1112624858668787	-0.9093267309067821	-0.6813632013133557	1.0093174158650189	0.8189906058765146	2.5255472453109973	0.7621746254644971	0.22135981477018568	-0.7744998870415463	-0.538469327379055	2.3131555815615776	0.922948520972529	0.4677015084060308	0.07250765037853969	0.2399490146567635
DTXSID8027032	-5.945323502041422	-4.1286896109003335	-0.5198045011006204	0.248086932364143	-1.2164250859036447	-0.39631160456894315	-0.7058206079695267	-0.5958492132619583	-0.10325480399973963	1.9293409698331154	-0.32661874794153367	-0.540269742521674	0.012377707115170113	0.5537735225614379	-0.401210700601157	-0.114469065439924	0.04467815152440747	0.4292734126117389	-0.22196694925069635	-0.23191429110738904	0.15735081056966127	-0.3071674956600802	-0.0362201608718174	-0.21444488196718567	-0.6383912549128611	-0.3358513117212	-0.43368649063106457	-0.265586925721831	0.06576155063737078	-0.24261632565560226	0.386465993450711	0.10959860199908124	0.03620716643021459	0.036878639226873434	-0.28582617009452405	0.02801954867557959	0.07243680884953903	0.1850972360466519	-0.10877833921896357	0.07636152621823201	0.10542897302684891	-0.2807580533865387	-0.19406660359673594	0.015737976390194867	-0.4637278747399974	0.2784115979155381	-0.01953532727109372	-0.17609027156889864	0.044012735637895394	0.012867405832365106	-0.04863951181035498	-0.18049996040737845	-0.1594518317212606	-0.006170504414920078	-0.12288625556077001	0.1443226016256968	0.10954122250931997	0.08613188064802868	-0.36614229922020486	-0.06280749000419313	0.03274371505233007	0.056821932179749596	0.445719371371388	0.08913556386173935	-0.4949294374603462	0.08155559389410169	-0.07828857503464905	0.014799597529374176	-0.7455899477210863	-0.00903422542365119	0.28611363939214673	0.03284887389387384	0.1120967495901498	-0.2486269596576619	0.22525324809454716	-0.30889631763044595	-0.06196430813591327	-0.38017284668640916	0.44874979903951634	-0.6015408042817577	-0.22607832911249304	-0.20895105349892235	0.05856951335447039	-0.13504728469661828	-0.1678399030072085	0.07949015915471647	0.0896683252224305	-0.5869232830112727	0.03752337383162981	-0.6026713350729352	-0.23557072514208635	0.11216525499613626	0.7894362383752851	0.059013347397491825	0.5032568766967946	-0.19143990240677372	-0.4564861938192134	-0.36312944014875775	-0.033999756676930504	-0.08438739914265923
DTXSID1032519	-1.9736215092613785	1.4894715293483023	-0.8998028656016298	1.8970995492942624	0.6087863015491493	0.36011158268746357	2.9897649167051377	0.9864993504873005	-1.3426014581203745	-1.781204179459593	0.007244536865426066	0.05415689695090754	-0.18003214796888523	-0.18483405292881297	0.22453082952939057	-0.34194471601215093	0.25141905732949893	-0.6174709738475387	-1.2597663292564127	-0.47165322733216053	-0.6363977161259236	-0.25337722325297984	0.975482193676596	-0.9048974083927082	-0.18868123146174676	2.255941847921314	-0.7435983216915639	1.2413026448263949	-1.483770260001736	0.8843182429332651	0.740730208739087	-1.21071054849428	-0.7060752967333342	-0.6328946008802019	-0.7091030952709091	0.5123179362284791	-0.06396228918452819	-1.0919910795361667	0.17270236519671564	-0.5551067217004649	-0.18349928195101547	1.1750443304016531	0.5194103462353397	0.35830517377352705	-0.48673906759350966	2.1685178498060966	-0.008961525917101726	-0.33382856059557947	0.04174503135071226	-0.012473155556223373	-0.010391084340777233	0.5648648643951327	0.2382720719294878	0.353930705132709	0.07625120966325882	-0.9031305910090209	-0.2204412361761416	0.14242032609295316	-1.4267681337690128	-0.056981593897178204	-0.17527647601343135	1.1090418981515235	0.06027257671927576	-0.3377516731597007	-0.8025451748552331	1.0023461449051627	-1.3706906813335833	-0.9113278087033518	0.1011298003179424	1.255698244478236	-0.2551086569490487	-1.6138694986767383	-1.9412859464949612	0.5146574843471228	-1.5673594460619589	-1.7350154085055078	0.5573406273842688	0.47194753981650905	0.22898251407995815	0.3098299280488716	-0.3576263613209261	0.9075812558662097	-0.6706350228848384	-0.5140471466218741	-0.16660853515513685	0.18804958049586437	-0.3039095963081079	-0.24104546438076552	0.7282279127531335	0.33288244644782544	0.7431180525702828	-0.07924400373461292	-0.3626885091123742	0.15920831887989154	0.665018157977274	-0.2220184749107974	0.37226672649354314	-0.2235608931708133	0.3338967626544177	-0.1789809912390698
DTXSID3029281	-0.23466751827249271	2.3099047081711053	5.234487781622951	-3.359913911844321	-1.9156931443664125	-2.8150868655275185	0.29187403938687484	-1.3928347175280378	1.9992627420226468	0.2702381173963262	1.16175111086353	0.26746393692918413	1.3178807816948075	-2.6303292183599534	-2.3913990412778974	-0.8700733140292772	0.41920595015753914	-0.8102953887220061	-0.2841407744477691	0.5003649272798025	-0.14407739008413506	0.2886505511670211	0.07596329442130616	0.03615169599850222	-0.782814368133746	-0.03758089755807882	1.0280245576305564	0.044343093345154926	0.1824274232223642	0.8014719693285784	0.5643168049121609	-0.4005547872290773	0.3497817986715803	-0.09181067087484086	0.3824742310507853	0.2625422882380432	-0.8971866965045674	0.2396556208373331	0.25211987466559677	0.35593383924680705	0.10044800310513553	0.42226422444250805	-0.30682886381535823	0.16853700109325329	-0.45020575319502987	0.1467686277996734	0.6389625257301234	-0.46366574889548334	-0.13103930492000876	-0.3052993233496451	0.08380044702184339	-0.02236192582629656	-0.06251266140444971	0.13960085545166387	-0.1068299424429746	0.1693953883213867	-0.11096865411408992	0.12284014761874452	-0.4375166682914567	-0.6354211218540521	0.5447838592260398	-0.01279796976508458	-0.3388100178108563	-0.09195792616553634	0.4755600393293835	0.3356158028036007	-0.458312411329843	1.024486893698028	0.020583346717416885	-0.3035181761274086	0.08801064236218666	0.33059429513886524	-0.08824118660625699	0.020586972181370573	-0.17615156964322803	0.18685481761206138	0.1566113486120831	0.4654945030196212	0.14671289887587224	0.20127312951445672	0.6534642992971831	0.2819225770338898	0.18727975857382356	0.26426232249158127	0.3705762496121046	-0.1955492127499166	-0.3420584004424326	-0.02213812681040681	0.6806617462022571	0.011708257743253698	-0.0176259179819171	-0.13939955719448996	-0.04998315907169924	-0.1326990244367371	0.04744296190277748	0.043337193524469554	0.04544326037599041	0.19401449635815593	-0.03200834723544466	-0.005307698007826889
DTXSID9022312	-1.0634389981459342	2.013772383135348	2.6053249818651096	-0.9509969102958904	-2.4717833415932495	-1.444263924625625	-1.8525298825818781	-3.043631134408688	-0.26331305986476305	-0.5490466346871099	-3.2133291323503976	-0.18258829237892496	5.117897573521308	-0.9680957416954749	-0.8857596690693906	-1.2894200721498768	-0.84578568900837	-0.27256575084081525	-0.5953414646852114	0.6130335480643557	0.18553538521003568	0.7910526466694897	0.47527878782003324	-0.23539908977029275	0.39834401934479363	0.6024203692352517	0.6707813579480502	-0.23707354239259731	-0.08706729412211223	0.3258557794478986	-0.04161548315740209	-0.46390980140972266	-0.2980124200879126	0.09420572078029134	0.2563874389134675	0.2779694193374021	-1.2871257825527935	0.4125720998367863	-0.1324278086843361	0.5058451852969836	0.08281649348028654	0.36405919861486924	-0.1175824842973843	0.2032661436119943	-0.08714520998450535	-0.04873874009114786	0.5951959292111996	-0.5849444445848886	-0.21279222751383928	-0.13349041201466408	0.047817310821213474	-0.32500591721699584	0.2982401044465351	0.023268970143709607	-0.19433733411556	-0.08478255604061481	-0.1502642388377912	0.05925706613455494	-0.2634857758087404	-0.5950728246483559	0.5722134749593625	0.011170172107961016	-0.4360607375738787	0.532572375311347	0.4599092803889532	-0.24535056919295964	-0.1410288493350255	0.3365542963705658	-0.04152188139348056	-0.5640765114228699	0.04363073066397351	-0.1806784438477547	0.0850824203742735	0.1436524072592501	0.17010122139176279	0.24322013263167944	0.402288454334182	0.11146960663049037	0.04105099864965473	0.027958066927944416	0.17460935268373606	0.13816855996328947	-0.14887487904741942	0.1110452107042683	0.3843674282029399	0.1532912414833673	-0.026283295996919236	-0.098293843154638	0.7029357508878746	-0.09273778050772907	0.2483707404536716	-0.3513444895397299	-0.17971022934694403	0.25473502892002914	0.08584099011153297	0.2780469326670126	0.3376094001685716	0.09526787114604403	0.12223633894583925	0.38057660121597925
DTXSID8047551	-1.8258123823341679	-3.0966757126343616	2.8523517598820862	0.1650997646487742	0.45325844891096384	-0.9754749925843627	0.045520333480804115	0.0623281192242104	0.5623906373530521	-2.0352812872429276	-0.7092943904112359	0.13697131876272534	-0.48594027806954015	0.7213657951017671	-0.3202557325384778	-1.635412528264001	0.9431122768067243	-1.5196209633654871	1.4718146858746046	-0.3265263742647488	0.44420075979025847	0.5850507819801025	2.1632691845279868	-0.6351780641614222	0.905615858955876	-0.027405002825178548	-0.6975594116065557	0.30535527566436893	0.06902829082896692	-0.5444406214707477	-0.9475404167038693	-0.5595390752944038	0.30711370555959017	-1.5681254818812354	-0.40702860894740667	-0.7884057968343395	-0.543280871721954	0.6271657721112338	0.24525337327547528	-0.11633432620106621	0.786364117516554	0.193552726246163	-0.5623536655892565	-0.5875117402039411	0.5203609403732454	0.7613991109359618	0.6363375838558649	-0.18009356457554127	-0.20340836467095663	-0.297147868163029	0.05390916450927818	0.010239453693652216	0.3217666466745658	0.07629675908389194	-0.13369694135023424	-0.9512614969396543	0.6658652555324872	-0.5376809465340924	0.020716049482504502	0.8335851453952893	0.31489203463435506	-0.4387262688696696	-0.8112590635483543	-1.0557953522300814	-0.24695829257730476	1.2824962487844584	-0.4402482462494438	0.05610908852756804	-0.8258888989344295	0.1572788991553995	-0.12950969213471497	-0.14910182309263723	0.08362505627815371	-0.2051228528073973	0.7986784486651837	0.4792607772851795	0.43151805220343936	0.12760011364128182	0.16645775808262514	-0.07546108166305897	-0.7270011288750717	-0.37442546345886524	-0.2392474574311401	0.06836953636399794	-0.16477356610699107	-0.1310756574142619	0.2311502463835643	0.9348223932240726	0.13370749367632198	-0.18906480739034928	0.43441472206168263	-0.16721569269599995	-0.10213962360797929	0.17086053638109316	-0.13462577939418657	0.18952570953545175	0.7494815425987462	-0.17101038871649835	0.17993365786829793	0.48635975805592313
DTXSID0023240	-0.26480612866871206	-3.2189310544013616	5.433961487840153	2.443255327238483	-1.1612844978801282	1.744286290643056	1.4522204621681114	-0.31285092526426345	1.054827764007777	1.7965428721424836	-0.28798103362991273	-0.728743253126561	0.32965052215621954	-1.2667101473030498	1.610977061549189	-0.1920334973857529	0.5180380455314608	0.3503464784353481	2.0460427894544178	-0.551661180478946	-0.1984856690784562	0.85604047269486	-1.1640119825183235	-0.5285730755075629	0.8512348503189123	0.01534930425200304	0.9016349671993886	0.29506014907350026	0.8761965702485387	-0.752341875390251	0.13140947980358678	0.5033503492014423	-0.32198479798902563	0.04802007643699433	-0.3331245678062382	0.1656302526504265	-1.2249183212452757	0.02492614866572574	-1.1864396575259886	-0.8633429909131414	0.6051054548202943	0.6670869045592678	-0.8909708732632362	-0.1603746113603302	0.18375929958421217	0.48939868981482065	0.3693880205373419	-0.12939911469213888	0.24972422668940872	-0.5891061268682901	-0.13645412661032302	-0.7615893511996071	-0.03127095549053654	-0.017449566252824164	-0.174265328626166	-0.6169107439951708	-1.2437345674994504	0.8078850951464289	-0.35784624061058046	-0.43108765692404316	-0.771098818376409	-0.2863254752179214	0.46933195145336165	-1.7402087059055982	-0.4074185486594522	-1.5219816315236083	-1.7192941507454502	-0.741535673446817	-0.1789647846903534	0.11844665513933836	0.12885713916290245	-0.5246451070518193	1.174394520979757	-0.1213271502204402	-0.09575800677528405	1.0196849508833679	-1.3889488001682	-0.5792733726622136	-1.0551942193437556	0.9146203111626549	-0.5150932119620778	1.1803699161862646	0.8310354065196911	0.3895280166301395	0.3566158880331867	-0.08673061382307765	0.7071853628139636	-0.3374450426347081	-0.38361069782610435	-0.2290581090463682	-0.14997792826252307	-0.48851825925284226	0.487521087863704	-0.24767979411085317	0.7349880744620936	0.2187600805326093	0.25208257791348654	-0.3483988710005349	-0.2162104513262531	-0.01695217530441101
DTXSID6044698	-3.0440234967597872	-1.3036057294638772	3.6501469951290346	-2.3272376542884317	-2.0287636419227097	-0.031700244322585246	0.23949552918231412	1.136157711319504	0.6049290223214647	0.5172151135710025	-0.021650665905724408	-0.0673948144657412	0.2805193932171923	-1.0444303914884716	0.3063142533457787	0.37814293786993314	-0.28815478951343204	0.5557616791289859	0.12133417244645553	-0.886981579197419	-0.5033339487072999	0.11570078952446478	-0.17797411767339275	-1.3139058774843508	0.8507951463067401	0.37057394288796397	0.12821231559867194	-0.5874912142956066	0.05279335700803536	-0.170112921589738	-0.2885270350577754	-0.2384104145504911	-0.3072752227756205	0.7601170530709922	-0.441607667694222	0.013610629153425605	-0.32168044649840605	0.26888744966472344	-1.0092282932600043	-0.9987370579294909	0.34724909143371796	0.11035584342474879	-0.3949393269475423	-0.6026403754630192	0.3078762099237471	0.1030723878697468	-0.07760597646278987	-0.1699357682587817	-0.056490838713796274	-0.7025030258090761	-0.04878343608499037	-0.4009174201270957	-0.017663119948243152	-0.08453115917445043	0.03385159288051218	-0.4750076290839234	-0.06486113293981893	0.6150159333860669	0.3233089624587286	0.18775447749204585	-0.24055374101534352	0.03093726900731734	-0.19600664937524026	-0.5442672862947286	-0.16507880353761903	0.25301738605826896	-1.0026991789556394	0.4704553068353369	0.10544659456979923	0.5631709212643629	-0.17885073564742374	-0.42748414846993166	1.7266456384635087	-0.3875939612987283	0.26854988008877867	-0.09848118295530285	-0.8727298163248054	-0.5123148637820798	-0.5810041509586029	0.42719492156758515	-0.5737891316432648	-0.8274812101977395	-0.1452977361887314	-0.6793433401899154	-0.3510565688514505	0.5082522019089467	0.15553440305233235	-0.8092692248432201	0.10005866546945832	-0.449033331187226	-0.08179669561071691	0.40702595208012826	-0.09606826734260462	-0.11070156006523951	-0.18957948098862265	0.5462089658350837	0.5351935879424065	0.48802470144938565	0.2282767492187475	0.022141489525904383
DTXSID2023642	10.819535830202433	6.4187043936058625	4.0393982761463985	0.8522685097982519	-4.24103126914918	-3.1093316924848957	0.29293775415611806	-0.69100106773081	4.669137464246328	0.549148654979189	1.7028331195833186	0.09048951110424756	-0.48147064300927056	-1.9253637717467187	3.5262030547330836	0.5830638688398244	-1.1663820870205588	0.08851256409522593	-0.6422800818698445	1.9289594684016926	2.422814835487335	-1.4182265548240531	2.929001222603661	0.6718223418554814	-1.635774414930909	0.34656325885279116	-2.5679196556619948	-1.7408245331918848	-0.9644945233390478	-1.2927883080491147	-1.5660855877723332	0.39107194142288215	-1.7788586720477533	-0.22639668420410303	0.4046112519784201	0.13968633081600337	2.5278714713213075	0.10973355917496462	-1.1067289167132945	-2.471834093391462	0.7394097247334332	0.5356130792781627	-0.35846141676698073	0.3993451083825964	-0.02979545088864402	-0.18103168020303628	-0.149108594689042	-0.5302800669319507	-0.4219517909770816	0.13291030126114825	-0.05023529639763306	0.6796833623379411	-0.16821974873645226	-0.2763373967816316	0.007561773910726738	-1.5790829326412148	0.34791948049554167	0.1545233406609602	-0.44368265894510683	1.3021394744534593	-0.5253637305499619	2.4913347488642295	-1.305022539258099	-0.12251852919069658	-1.1462890519040774	-0.2474277515599825	1.432333841882331	1.218898156487635	0.6318550760450425	-1.8067143376816925	1.2312923007715326	-0.36885956636194783	1.2009326489853742	-1.5465085430699124	-1.3912912199906176	-0.5534418351532006	0.08307239991343238	-1.670926966231418	-0.032279033146492664	1.2272640932361178	0.08893106309360616	-0.49695781915598686	-1.0460929306963604	1.0645078975635414	0.8485461569072353	0.8023302798137916	-0.5182483712735884	1.591976356566722	-0.5831376431722247	-0.21301143903881994	-3.249584916319546	0.25022320825757255	1.3130725303723465	-0.7940384010772791	-0.45253337363692325	0.03860635741979764	0.6148808878375293	-0.3951973901583137	-0.9862088924045721	0.23875190335561752
DTXSID0046482	10.199729760736304	3.1620265440524946	-5.726801424537345	2.2096886587036058	6.387818768696175	-3.884305991541629	3.1272762401791967	1.8519868281161778	-4.608715646766077	-2.0932253768091296	5.6533955735427535	-1.7931101641437992	3.5244256169997494	-1.237919490416062	1.069468700069142	-0.5334785196539502	-1.4708919951028911	1.5021805336229508	2.596935859912342	-2.256506505650497	1.651087649090988	-0.04220517112399908	1.0144158778144536	-0.6704366265523374	0.5398230337091724	2.7055119727940773	-1.0685268183792302	2.04697061287613	-0.9161251630451829	-0.09181287176834739	-0.375785564335899	0.11755046594210192	2.351509932040128	4.757550506040429	1.2540441973291239	2.319250398600894	1.2956981789976065	0.7779536023353314	-0.800581559785223	1.3947729179840505	3.6861163207956062	-2.555868978211732	-2.6113305315103132	3.6340521974630833	-0.3622329033891199	0.23288248650379487	-1.055473033162155	1.0364432058685724	-1.1968330740661657	-2.524863328350819	-0.44597486503351963	-0.7931434500689474	-1.9193559186091254	2.1404123677782496	-0.5762068173049725	-0.46202060993038674	-0.785166380127665	-3.4549427742642407	-1.340465728807492	3.513311353204342	1.8853424180044323	-2.0801420066346643	1.2756871125970506	0.4797894988869081	2.2312539770307076	-2.0938769576472267	0.01787910811904723	-0.3097868196306519	-0.8316262513687648	0.6476013295467336	0.9603176252121685	0.02664993493576296	0.22755175585420453	0.9746786921989719	0.5917681705053239	-0.8355609396295202	-0.3661373866468402	0.48874479193196063	0.035913095300170166	0.36594717620362105	-0.3860309759801032	0.6693570113197582	-0.3781910542706269	-0.9773464104492576	1.1460726793607443	-0.7527688898840846	-0.21830757652774746	-0.5079171579802694	-0.2753090569061473	1.1501779473697262	-1.6176574319736983	0.6636373924042653	-0.17496525210644046	-0.22245251785378023	0.19755645295555668	0.5028018073171145	0.47185474497243085	0.27081741479746535	-0.0019435359512579103	-0.22311118952170747
DTXSID2022886	3.8449976962588637	-1.8403852093439432	2.5599319677070786	-7.336388909373847	-3.4873815281073766	-4.6176855845764475	0.9563875476106578	0.5325502058373874	0.3311536866691594	1.2037323975286398	0.028543795068979402	0.35797634999221156	-1.236885612265638	-1.0434436306077537	3.8147960554135474	0.9629565399541937	-5.15645588787165	-1.8916089137913688	0.38796184450334437	3.7308713797131117	1.4345137737579035	-0.6802118348266439	-2.0442699182165414	1.9973037779864973	-5.470473431037111	-1.1433106246877742	0.9386957987698534	2.3391578816836702	-1.6689600225168113	0.15042594960395317	0.2211721147270814	0.5531986745016718	1.6469385109688817	2.7452244717210914	0.45102420240238333	0.28781037622534966	-2.224640720592848	-0.04702824176705113	-0.7673163140163884	0.4611493236134604	-1.5889528417775418	-0.5053974566587872	1.6545286870027254	-0.759697039938286	0.384549152151954	-0.542330282428242	-0.6100408983293922	-0.24296532029549706	0.09647401583855647	0.17619881355811415	-0.1676188958926406	-0.2959754047801022	1.0222387140080642	-1.012500552628661	-1.631179706759495	2.082346333757256	-0.19087949330241238	-0.14655980531042026	-0.39405337384824546	-0.30126656602881907	0.15043202006911557	-2.4985281030472173	1.4137439971771322	-0.6788751763115576	1.113446623520549	-0.29555117880901144	-1.3853102591354856	0.1814490789281485	-0.03042632673201338	0.5980223104043031	-3.342916051508816	-2.438559387504659	0.4482136569715941	4.42225622679613	0.2788680088088435	1.157762957696103	0.8651980008409155	1.3008996961449222	-2.680965923881746	-1.5947608903717179	-3.2199532235520887	-0.15925771655159107	-0.6178775169883203	-2.042942545154921	-1.1393398381519804	-3.33497238855006	2.3783722857695	-0.6868909897285003	1.6183149586219963	-3.0508478571777	0.28400048902600894	0.05633977956819993	-0.5263142185254609	-0.3708101578735781	0.5642331665293094	-0.09155061475694071	0.6423291077631802	-0.45615087631826945	0.30641900292416835	-0.04009304116456299
DTXSID7021318	-5.763448013020542	-1.7844793480107135	-0.35990613221357004	-3.599574786879059	-2.985012453293714	5.5168234465745325	0.06108918206262893	4.695191582867898	-1.043548680596624	0.9554368879546405	0.3013277378023545	0.019838088282074878	0.9183152701443126	-1.0380813854891027	-1.4021862109752492	0.04385277063799272	-1.3787417860955593	-0.919575214521391	-0.01915178468493212	0.29868058165814937	-1.0713852483749986	0.4703823090671342	-0.45932753793862424	-0.9050401885942206	-0.06904897424557087	1.5721564145214926	0.07852740246516872	2.0501736851914805	0.39415825357020035	-0.8281076552908796	-1.750586875186244	0.3157452841407335	1.0502251844269277	0.6235334742737352	2.2244249812407855	1.2419964920918585	0.5579092683377206	-1.2233253932102048	-0.8655574255462997	0.15058726256530733	0.8602457618500098	-1.5342849531527092	0.39932756779818385	0.06504654704966945	-0.04033500629103088	-0.021948768828364922	0.17527049459569471	-0.6109776910097209	0.3938193863004802	-1.0731780856889905	-0.04187267413585076	-0.5566342057347656	0.5694459075203983	-0.1968571800983512	-0.021142391770397156	0.13732919315549066	-0.565492542335733	0.7870196686020182	0.49467542378532414	-1.096193021210297	-1.2834597919597337	0.23379747139001228	0.15992914139398462	1.4000071593935555	-0.9847219894028154	0.9200624837220314	0.4978317304017973	0.7487009837696286	-0.2545165581146814	-0.5212511403169657	0.6503300940177739	0.09551250964204673	0.08343217573329417	-1.46834535502014	-0.7122211858365863	1.1766687450101219	-0.2527710089913028	-0.053273145020209745	2.194107213356318	-2.119206733697904	0.48461988647905624	-0.587729599087364	-0.06783148003975961	0.19883339565488928	-0.18061943027661911	-0.9329633334250149	0.45813775494031067	0.3760833229751664	-0.2665699041664254	0.5901531766421494	0.41356876077951626	-0.027107665031292055	-1.509988925879277	0.27618982279871557	-0.4771932188557019	0.5067332430875682	0.27230906326961885	-0.11813396048158797	0.33058164534391093	0.23569557676455954
DTXSID2023488	6.159614703379232	3.1631220514245877	-3.4276478745739976	0.8243646746738612	0.37050476536389754	-0.6210041253738555	-1.261476579722719	-1.2735464910405465	-0.7749347439805452	-0.6184959207882262	0.7512158856475242	-1.5935865322537786	0.5890292505744006	1.8295359068322703	1.6926600364592386	-3.144199440399253	3.357728517048481	1.5065169600699602	-0.7303450609615375	1.1993851160277038	2.2235446337054037	-0.1793175517895958	-2.2693432124564636	1.9652604305444117	0.9041452225355733	0.6588641321282814	1.8709537142076003	0.02168320169567006	0.07283035527583716	0.6027831342376727	-0.5280703994444829	-1.4045304576734994	-0.616797217300902	-1.7492867089525481	-0.2610079075213041	0.8035073114744302	0.24194319165912057	-0.8105422941540621	-0.4357141778511097	-0.2703462828576021	1.6784494214030734	0.7330322490170847	1.2198007689646184	-0.6394093707917828	0.0012993007393834691	-0.38110962208846977	-1.34031755410611	1.9185139325589442	-0.3342016816360591	-0.02367777541156722	0.1296533939698928	0.4210798087607835	0.6026995994346317	0.9267694334410764	-0.5149283199233323	0.26232107235065305	-0.06770642299828432	0.6044463103281118	1.3794458614243943	0.09103448131471041	-0.7440168505781614	0.6126458014270492	0.2448283960628032	-0.561571500098925	0.13507325296507455	0.26052690360374336	0.1825135277853484	-0.4249335322937817	-2.0872751753028957	1.1435477613051583	0.4412156507372987	0.42260018997015625	-0.5844015428079833	-0.6457183459947974	0.8998732674653862	0.504297427514401	-0.8159125026332021	0.1475949798936192	0.1679093126088748	-0.16511576655960974	0.34601451950118794	-0.4898649793667024	-0.02635135529443892	0.11011322615276857	-0.7868380681465891	-0.15497362426163913	0.03885162955603519	0.5760735853329925	-0.05311122478103776	-1.313986733022529	-0.25151492752607363	0.9791905169958692	-0.18298282344153058	0.2436885647504906	0.1809738171940175	-0.0268893204209637	-0.28603406575297197	0.24558591627216467	0.23401282749517494	0.11973419911284963
DTXSID0047163	-2.0399760808907033	0.3669405265683268	3.146386052098591	1.5321456555473172	1.1878626860445163	0.47177199597271774	-0.6145707840412696	-1.319596574407473	0.5378378033547413	-0.474062472844194	0.2517113585552952	-0.6916991409960652	-0.6701521688151905	-0.15131116163169467	-1.002697287564372	0.09878764785088878	-0.32840235806566503	0.048424878544909344	-1.5791910438809371	0.8204939678686213	0.2745304189473918	-0.39678642873232817	0.8161819061419129	-0.32564792390170105	0.8592366762884864	0.07202152182876029	0.6970710879535643	-0.8080300314170362	-0.4733530413744693	0.8848131685202283	-0.02448723721540882	0.7457490509887742	0.9816390986773537	0.4690205283748489	1.2222368745148051	0.6997775938362027	-0.14462605938253073	0.7339870453802882	0.5014038720665127	0.08829261498886634	-0.007669896526098587	-0.2462428149991621	-0.21487925272058286	-0.9156858614683233	-0.5034408437241921	0.487243757161858	0.5165861299258024	0.34337133770693384	-0.26730378608827327	0.07321253416420903	0.022762196427208614	0.41501310484908716	0.11222215039598467	-0.16027502889520337	0.5839373112538626	-0.1839737147784261	0.19720204434252586	-0.1260268621353468	-0.22850647376959832	-0.6711799067329619	0.5975772849887196	-0.051470835867412856	-0.4245125640776331	-0.7212696364142827	0.44449771642946595	0.23806981525796886	0.7155663107803827	0.9503778401619253	-0.29661826771842986	-0.6505732210599089	-0.3403309892534386	0.2062323325223774	-0.8808390858952078	-0.045964414657657084	0.10431634292091158	-0.3094272266246887	-0.27837271890081366	0.09723273555750717	0.24885773539311573	0.12008071282843656	-0.5055043391161861	1.0428417815161695	-0.11883802728597588	0.27120648542963127	0.2037948775511467	-0.18276514254987475	0.4402944625632737	-0.20215585154372206	1.5316851132199387	-0.06664586959839161	0.4272933236423602	-0.6497700402117904	-0.7204532896626021	-0.45251730454195777	0.4760330183600363	-0.02479002103571552	-0.19040267054835952	-0.8407273135638791	-0.06890061201762585	0.8861186624616376
DTXSID6023319	4.576784668798596	6.386705397170255	-0.8113394007502814	-0.7843537900236202	-2.495162115084235	2.191771922838753	3.76896399530685	4.883330571726891	-3.111237539041594	-2.5518689119168747	0.42364720873912354	1.3278840155442766	0.28479812945275634	0.5324444227581763	-1.6396773905180109	-0.8234316243580486	0.6066504529016801	-0.10680206374153668	-0.5671878410909446	-0.7139304472503839	-0.32213811368282524	-0.9896598127639079	0.09739255151467179	1.1237787257723193	-0.9104233140851566	-0.5940027266560345	0.10321627425701503	-2.878346700406553	0.6907482831559715	-0.7019007923897219	0.4149682596903866	1.698593791482534	-1.5102461476871563	-0.8107395300453365	0.07883241615245666	-0.22159648481283362	-0.5543163377549948	0.8992559236783392	0.2968907060510087	-0.29232681792936505	-2.0488553454087826	-0.28330863816255025	-0.3127852443118842	0.3835355956014191	-0.1994409023329635	0.2961247869802154	0.720987131475254	0.3671886943124967	-0.9334508963421814	0.6750553504306924	-0.5389471692801703	0.510623146842459	-0.814189442674118	-0.30584296086748486	-0.425230453779339	-0.43841517695654536	-0.7677915570664382	-0.06747189291283366	-1.686261809182352	0.6565119044127755	0.6839508933959189	-0.06114467658315792	0.34581816191406545	0.7478725700126087	-0.1007770751610699	-0.7920835291523711	0.0904650791664748	-1.534973852534658	-1.0798337924370336	-0.8739140928991957	-0.33891188662166727	-0.6807699447956022	1.0298790793564867	-0.644473494742977	1.6006431973118227	0.5336063255138869	1.0041535197879372	-1.3578872243842535	-0.31517103387620254	0.20418620322131592	-0.5417795881181738	-1.031768163148575	1.670708976267691	-0.0029259739994940558	-0.370212118092896	0.12013118288800369	-0.18333430603035106	0.1329239407419886	-0.8898784433896861	0.13239896694389747	0.21552379124040702	0.23297710607775435	0.060890651844562854	-1.17462857276732	-0.23166768957697922	-0.5944960360491401	-0.16784809290406247	-0.8520351370288778	0.004341290552919759	0.41623926129476374
DTXSID4027529	-5.59722835432984	-2.5264350094378134	1.1500076626640927	-0.9434126507565728	0.5475919447615871	0.991848368890941	-0.8150597979998091	0.8377539531469408	-0.3354601546475458	-0.2498672202249203	-0.5800408584098726	-0.06706918081111739	-0.09620010785384593	-0.2031689638366178	-0.5421406031649451	0.19162401578781502	-0.09624726917963933	-0.12250503200998626	-0.43893374149610154	0.26424653150878374	0.2332503579836885	0.10637590279931453	-0.32543192106580054	-0.5224450797750657	0.3171156445756611	-0.3713232353696134	-0.4171852190925808	-0.7191928001955017	-0.06428931318750367	-0.013162038404447041	-0.017511583734705696	0.23318582662651735	0.3381423873477836	-0.15852433238111546	0.29140897007274763	0.34412591525355796	0.18338330946663067	-0.40834463451122743	-0.22486874234960916	0.40269131175701633	0.14043836735333387	0.1175982538421412	-0.6245320728980908	0.10491668134959409	-0.09525166408222796	0.18856044832364116	-0.30069585332294085	-0.22005386647727782	0.15398159308154527	0.07779209564296932	0.04056357075700153	-0.32669719548262466	-0.06367699190695399	0.056866027595286826	-0.22417133689652566	0.33435814192105273	-0.07012913058093814	0.48466148468454945	-0.24264018881253288	0.06140341465392946	-0.3888010191804909	0.31642715718300346	0.5387805581547854	0.10035254972906707	-0.45882388565978194	-0.08925580462678283	-0.6714337438998972	0.100017625732684	-0.42685591756919516	0.581408437456002	0.44537267480693415	0.7292795387036308	0.14841230541822228	0.4021047282823863	-0.011599561803091905	-0.8523963912271947	-0.25882607442830663	-0.683178812966383	0.4517595952737047	-0.6884356791490645	0.0857653767610006	-0.8659021648164561	0.04341155984103129	-0.8728932086441658	-0.1256540980648435	0.35761430578839615	-0.006289903259693644	-0.5767237505756123	-0.1213651044779494	-0.21353162976064047	-0.3216048783893302	-0.3778212251166429	0.5736852777414105	0.2022620551732251	-0.30232481221598345	-0.1743003631452564	0.1063477897983976	0.108416896638443	-0.07294849815376833	-0.2808279933520492
DTXSID6046185	4.479949309421648	2.167841176338988	-4.370097918413735	1.1907677479516132	3.561191269579008	-3.2605173836325796	0.2579674022420709	0.05567070108980128	-2.5101853763614472	-2.5954534978110324	1.2221492281310589	0.012292319213341122	2.268603874348516	1.7498450066590094	1.6488732376882629	-1.306295796999223	0.6963438511415402	-0.7216916408570608	0.5025272864424216	1.5959967835164213	-0.6434203242055925	-1.1216695743457465	-1.1677127857071297	1.3997872089016177	-0.35550710900408494	-4.333710111319344	1.1300131120743178	2.8204134803203518	2.372800632855128	-0.49513162475545497	4.369648987088457	0.02838311191924742	-0.2872859314266257	2.3517605586396972	-1.326741574506749	2.1132192355898707	-1.8047024145909736	-3.7283839625555495	2.001376796848074	-0.181772485327766	2.5895498041104585	1.3253869134535565	1.2381283393982145	-1.7005211517843637	-0.9562426335185645	-0.5390367222409752	-1.2264917404534403	-1.8156610388708034	0.44583014692456185	-2.1877570206542067	-0.061143425468995156	-2.5477915057390392	0.249074825285682	-2.043210690323265	1.9226917889387565	-1.8535143080260341	0.6314003784904357	2.552458749238677	0.4696745062080663	0.2429705979996	-1.670362544790117	3.165565556932041	0.9787179385469622	-2.604755590359481	6.052576545345344	2.9820897652562923	3.097461764883755	2.85350125354276	0.6352182627106592	0.8926407566719006	-0.25315931384023616	-3.22701827570941	-0.2129496332670976	-0.9258125874614465	0.9911347710387097	0.5480718593766809	-1.2976486764380486	-0.9007469234145424	-0.29606142251327416	-0.43192617623157425	1.1765843025776002	0.28010845704356396	1.0208973677887798	1.0460290793344442	-0.13792910738909703	0.11813614764582943	0.6228485828583212	-0.15543834065857332	-0.8999865787488665	0.0837596102958143	0.3560754206539068	0.009026895708398047	1.0087567481981057	-0.4115675911490562	0.6024008985303654	-0.17648623236710487	-0.3735967398768149	-0.5705999977951323	0.3365041991302364	-0.3297909725642587
DTXSID8046240	1.4943778398192507	2.407349397306351	-0.4115628207912808	1.7067340859560265	1.831886879662536	-0.5894148766741837	-3.6785491238176355	0.16479227300970187	-1.9881575948297467	-2.1181251814562225	2.724380251692912	-0.924858727351104	0.36363741133536637	1.8394963557153148	0.41049882856175496	0.426296342734927	-0.7093385148040452	0.7431843938984852	-0.3111465276100818	0.9114971850303438	0.5163527973436598	-0.3902127669489434	-0.7698102035032761	0.2776078605144602	0.15528866485824122	1.2343705353291035	1.7389917264055341	-0.30869149557680897	-0.4286334740917772	1.1275384006403317	0.7853596087725383	0.13788801139808932	0.7760889915969051	1.0582428307376313	1.0046372258075695	-0.02881833163045884	1.1165110839936307	0.16202137178131035	1.1667434186207009	0.29829871271489616	-0.4702306029029216	0.29126717443712147	-0.9288388161513561	-0.5578999917667391	-0.9966127597248082	0.3285560025825924	0.06450696166285741	-0.4255090680762709	-0.21131311943894007	-0.40065186183712953	0.25653055513128264	0.4409540822613711	-0.4901245047155622	0.09984334605261391	1.0801607381391476	-1.1733034263889937	0.867989716202102	-0.3338524678999312	0.06811955988382759	-0.39222625453344284	-0.05852828527595274	0.013250929102277901	-0.6127221257764793	-1.4425381494342882	-0.1025572219509909	0.6537820896909089	0.08846133036597519	-0.2021392879800555	0.6151424419311794	0.286043029462123	-0.015227375768357986	-0.9936457568046013	0.2840781773128282	-0.47595938826299683	0.6968351628596459	-0.0100269191901182	0.21915754599621845	-0.243870801245858	0.06652658706145056	-0.7858733123404695	-0.591443655908363	0.32596609689627226	-0.8007115370333775	0.13575165880301202	0.3732994603598675	0.3232286424431494	0.3750765733758293	0.07208652708099181	-0.49143516729538084	-0.10346242363400063	0.54979106994194	-0.15739443500495906	0.19425089385866465	0.4700847123110208	0.029277602594508418	-0.006884195035634378	0.059975913607341426	-0.1456202574274159	0.2679760889117089	0.23319086379936332
DTXSID6048670	6.354354747992887	5.846280313262532	-2.761519052188964	-0.03537794635310341	0.5739198420407745	-0.86237774538866	0.47976696712565836	-2.165849349066884	-0.19580512175321244	-2.1382733256635675	-1.853564635397518	-1.8460555280431183	-1.9530234057313562	-1.3334249796973197	0.2918125394748567	-0.18947467934845277	1.8618186143726725	-0.2418610060431296	0.027885638262649844	-0.15066330689358665	-0.6866227401676462	-1.8366849175542972	-1.1225013162273594	0.782920817508794	-0.7677811090839662	0.7105091770411204	0.07790909194692923	0.26779855920303286	0.10308596608554617	-0.1359980562025167	0.002952560467880363	-0.6450422874643985	-0.13599466344402408	0.23895755785019832	0.8086560658226559	-1.2282568553259476	1.67690575104765	0.8599646537457161	0.6587234796534543	0.017877265832444433	0.41998939082910147	0.21107797763657818	-0.5795841617245118	-0.6655727145587969	-0.20385912020565117	0.8910522160346643	-1.0848844322975557	0.1656628290816441	0.540136462016791	-0.03450763037292732	0.2714268739086106	0.06274895854240906	-0.3500705293514082	0.18542030750512298	0.1638303471108678	-0.13260838649443443	0.4972953582153101	-0.23694274720507383	0.6327420793699945	-0.6964873245154437	-0.33521907565081954	0.06736281150241152	-0.12447079863758301	-0.17358160457542082	-0.3121763533645014	-1.3852733941919149	-0.21544197408315374	0.1991791512355147	-0.020658385576666403	1.689479306482933	1.501907467434869	-1.39411305541965	-0.38212223200830664	-0.29424010976877574	1.5429862995969066	-0.9585594181996245	-0.03321092067011093	0.6369156669152256	1.2287795940659383	-0.9911368758230732	-0.646205408765819	1.5144132281631384	-1.2537489016367787	-0.1982451509281894	-0.7751657034788683	-0.004413516747125322	0.3625806650028426	-0.710433146458166	-0.509520651122	-1.1942827282690731	0.6469680792617769	1.0884898970540207	0.8840819190378446	1.259644488765707	-1.1541999093044062	-0.8299758000978457	1.3068312464310823	0.49773065635877756	-1.0671421842196953	0.04785405454367143
DTXSID5020944	-1.2592933234054464	-1.5007508733143835	-5.007339216115703	2.6692415680994173	6.3791747869409186	-1.5555455526659685	1.1586643034043556	0.8492591243082865	1.8989462854263326	1.3294011022126322	-1.8369103205962967	0.9692115946893625	1.1443569218196668	-1.0452027679096068	-0.588685480412742	-1.7456029038657717	2.3629828601604426	-1.776228934420366	0.04080180534285208	-0.03025528991812952	-2.7758017281813405	-1.4968228157467842	2.7169592619030873	1.3199752818974413	-3.262463757902599	-2.9581740042747553	-1.0713600685906397	2.1168100350234136	1.791777068597114	-1.9950371139841994	2.1268154517440467	1.8020575046992153	-6.2783063169647555	8.064217337252758	-2.466036505658505	2.5901086301555196	-2.3610301413130506	-3.128156892879098	7.193210385414668	-0.633565580901028	2.8527732118196063	1.0555356959735989	0.6776142914389423	-3.1619611625433697	1.8311852228995433	0.07023643540709586	-0.49176550243055167	0.16584768350440043	-0.027267756818057175	-0.8914769910378789	-0.45557233458692586	-2.187689410964508	2.90065053019613	-1.9615407773515297	2.448518107950589	0.4485874716294649	1.4014392363288866	0.4368848787557541	0.9926836375510966	-0.06288969575878003	-0.6611091747040396	0.5902989647632267	0.4188443807250283	-0.35744338738215536	1.6562673684680616	0.009637251039255506	1.4511062404483885	1.0356539988314613	-0.28509264795583145	1.8481511535447592	-0.02559039312599679	-1.0624223502121448	0.48915101785154796	-0.7527482446501811	-0.6931476709139114	2.2557541051683603	0.1880792525890136	-2.2219956984245033	-0.11469873585830052	-0.7271484571835798	1.8202972122481489	0.6728456871972844	-0.5260104946959832	-0.46296892538476486	1.264692968815633	0.03710877791705386	-1.1930393444478162	0.6355645714040635	-0.09170358339372707	-0.3484973233348857	0.26180794738355273	-0.5888890616827541	0.3719828824803973	-1.235218743979584	-0.06727175719265034	-0.3760661374723482	0.1589178552248123	0.06590292841481997	-0.5028868734184989	0.4944942044109747
DTXSID8037594	0.18955832030850323	-0.5390506814615308	-2.141463998483744	0.1301445587040142	0.25178877816790013	-2.677804163925918	4.833381059689357	0.10435959617348269	-0.4261049324057914	0.5709431140497001	-1.1058525978481273	-0.16854716717810359	1.2268976075457159	3.2081939836192244	1.6860724467518322	0.6411753914369519	-0.9368063380780882	0.859211575233863	0.5012594338033595	-0.4252818649740931	-0.6161504382724353	0.2268035645050247	-1.9289712706227786	-0.5892989037350704	0.9100638751871398	-0.5316204861797825	1.697929075141349	-0.41810418120299586	0.6299208055722585	0.5125841686463075	0.42829446182133146	-0.5152316259898228	1.0832569263750889	-0.6631467610044146	0.08609567200351724	0.7891989879490318	-0.24391385574938812	-1.0958533190442552	-0.20686355723776292	-1.305783198483768	0.8124699686368924	2.4350368868397685	-1.183807077986323	0.20139838222854656	0.6365255747997256	0.48860825655918955	-0.439667440650443	-0.18601697341279522	-0.4173564586937968	-0.4583365038887584	0.1852130180734336	0.11507914460329785	0.011182134049640092	0.9407151023207801	-0.13643830760154438	-1.1138802063225413	0.12276820011527065	1.0208456346751615	0.22615856076949536	1.6008080634902682	-1.2022777139915843	0.8719286002642905	-0.6500051077999454	-1.3162822211168297	-0.8552332651720791	0.21735771856123212	-1.0924009220709499	-0.49683649141419856	1.3527942297800652	1.0762227696658249	-0.28685311484801945	-0.031785960219311224	0.6848771153421452	1.571326592945317	-0.37953278045455696	1.2324398795778888	-0.5069018339026856	0.10890680872697373	-0.4466307438785112	-0.3117242903086884	0.37057762332513305	0.01816746828757294	-0.3598965314663074	-0.20605711006406893	0.6816389627040111	0.03787895065349059	0.4937771293368315	1.1968297329373887	0.07863104884497897	1.5033542305319931	0.31402082018388117	-0.04826468387441915	0.14607948188097897	-0.5034322279385124	-0.4293624557028128	0.2559111102925906	-0.5640041950003887	-0.25173940224436664	0.1607907742126383	-0.05333021389491959
DTXSID7046465	13.189827887690795	-3.5512423125401558	12.599992275139954	9.126813551690685	3.14537810405152	6.296439651555156	1.6892593289913003	-1.4327403853262628	-1.0034922306583576	2.162648843629704	-0.7937156035938264	-0.8837110000452731	-1.9204439429905258	-0.8953984916320878	2.1136988619055823	-1.370503571482228	-0.539687247359544	-1.318682266563672	3.7798047416309704	0.6021042316402456	-0.3912900668338255	1.8967689860695645	-3.0896779191319435	0.7428482271443508	1.6673018754052358	-1.6662203532768658	-1.8304716911637622	1.945888392615622	0.2898843236134999	0.06066418879540399	0.2743987473599748	-0.3134881055471261	-1.9497694303702056	-0.6765872281957471	0.7156324324248495	0.2277239150315874	-1.2950027699475282	0.19004688530645525	2.254029045618111	2.910675166664051	-2.422199550909967	1.3017234358027012	-0.04681480260570057	2.6167099571739674	-1.5257966700796821	0.3991145638814461	-1.1106123184993049	0.7059827661337909	0.07435877216453246	0.12129772824136836	0.2888619181008998	1.2257314571927402	-0.161150482145677	1.8151312185546473	-0.19848364896933807	0.905170124386218	0.9786176995399086	0.7895767386179008	-1.4729366854655697	-0.9870988980023121	-1.4043460910075827	-2.0122997850242745	0.042287540040696715	2.08891656755717	0.7050947922854556	1.715670924017842	1.2293744718954704	-0.43398869145271896	-0.525053481970764	0.6281626921984211	0.19502864647048868	0.33317671569628476	0.7321378744032985	-0.48203901486340545	-1.4049288558552055	-0.11122888689390138	-0.8295171697242743	0.3257350097955126	0.009224418690771235	1.5788879960884978	0.18896745423440323	1.0309537081680769	0.952596874380086	-0.2783150503681001	-1.0575029672923069	0.16199238652034867	0.1969713411618914	0.8178293124238775	0.6413261724950521	0.15708447201929668	0.5530473939352856	-1.0228574590697739	-0.6582539990910603	-0.4326244804402628	-0.8175216695682278	-0.45227029691305387	-0.211409926538459	0.9735629153690173	2.1406337232497505	-1.0725250573950669
DTXSID4036435	-0.5184004605503603	-1.898801245028885	3.4166349680376507	-1.1302447367985327	0.8751136364660995	-2.7477865059466406	1.804778636299835	1.1377086834267136	2.5304895705430126	-0.5376680833063888	-0.7176383608218414	0.4455486706889968	1.0550574593514888	-0.797000187345241	1.4802083102988204	-1.431179029492028	-1.1275012974040333	-0.8264428343501038	-0.4627268117181921	2.775757717491988	1.3005391745887926	0.07410041367552128	1.3771142998590757	0.4604398316270509	-0.6873615922258433	0.6274269617353708	0.1737634153237228	-0.40849302341572585	-1.081857169114034	0.12827206937282845	0.7399224660077756	-1.0833099041221188	-0.984547023660964	-0.6647303599625095	0.7795935946308455	0.11097254003127657	0.5336127069784693	-0.07096351866252644	0.36753925169326734	0.2912996353342767	0.3946329310080166	0.34498558368408694	-0.8827683312480735	0.32422320383975145	0.4701558620631807	-0.1435896021527832	0.5763679870931959	-0.27405535675129206	0.10035450747606353	0.1649865569539924	0.29975343836576773	0.3828854147162464	-0.06977427665871483	-0.006372850107021304	0.10570322032272322	-1.0087188178432698	-0.38566939874178235	0.03196498641704245	0.42989486124698195	0.07002031341561055	0.45439836336373396	0.4783730823849247	-0.9782972678989663	0.008917389636644688	-0.07357483924266663	0.4453430085245166	0.0995765935929943	0.16868277299505754	-0.2512398345503708	0.04783963906619706	0.533153300517403	0.08499535728884691	-0.3641560012638005	0.4017967256605029	0.13653026020602035	-0.12532412911519086	-1.0200912015955257	-0.0035019165825604195	2.5988167692144954	0.30036662064854197	-0.09874054967338247	0.26204060610326596	1.0588036134910903	-0.3412230438147102	-1.4415233883462135	3.5409862326252712	-0.4607556659326927	1.3651777465920176	-0.6586725956389884	0.11765508417394303	-1.1147231195457221	1.0809961987998664	-0.3869051642410734	-0.07465674867357878	-0.2586864555055621	1.043613693653826	0.24600490553044765	0.14075605927597581	0.06409013853032286	-0.13035712200845775
DTXSID7022914	-0.9566471089975206	0.6045618223130533	-2.0437427967599633	0.8893671902741528	0.8348464881545118	2.0033015717310985	1.6556565402083916	0.6071936659179292	0.6116428671833188	-0.20279802008341205	-1.3362178906350104	0.3924722018475913	-0.5173371079664167	-0.22597998441037614	1.289005342722359	-0.4376835817127276	4.310504596757471	-0.5465317666614875	-3.207543754141143	-1.7448489338954682	3.5935691069865734	5.655333595899382	0.29682034693432496	1.6589264335094627	0.10016720996772696	0.06044102703840135	0.2854421578985329	-0.13045157600536178	1.0179983122611094	-0.9238673573094821	1.9260815662333628	-2.3110459227949116	1.8619026446923652	0.07279028850887556	-0.5957100521187293	-0.7478570090751578	-0.4047239573975119	0.3430771621367009	2.0211003768659594	-0.7457352791979978	-0.5375627323152041	-2.5443200302701197	1.4864373517343699	-3.154033288230545	-2.430172036431631	-0.7151348286879827	-1.4698717652852165	-1.0122815822787312	1.0105747322672296	-2.6823676801666205	0.4106580098586324	1.9122556480179904	-1.5493785353138314	0.11363014727707856	-2.4974976293647084	-1.49274582208629	-0.6118882228110468	-2.0144621149419297	-1.8044594060702428	-0.7250867731349232	-2.5001644502878606	0.06016309557023003	-1.3898382090228394	1.5616686168303635	0.42386045407296236	-1.83500637155167	0.06091301790282047	-0.6427442748372577	-0.06564061931819945	-0.18790530403404168	0.38903920018290217	1.8713209432401314	0.2764123834893259	0.24225160842494578	0.7863116849961843	-0.22820251474354616	-0.1850907733825769	0.6396431531872235	-0.23479607353565196	-0.2369408847153485	-0.566884089645283	0.002811919544709967	-1.1863856983307026	-0.42415061130801646	0.2360851956740055	-0.4500833587067311	-0.052442224276358494	-0.8371435236705493	-0.6453708083836681	0.4213398741829068	-0.18349018946907794	0.6515634830285558	-0.5456749602769906	-0.5796745263461316	-0.38393279967197147	-0.25931846729629726	0.1873640160342227	0.7946606003794758	0.2799891216526725	0.4614851339412971
DTXSID7045944	2.5634094743125853	-3.363010831113442	2.6454552980653854	4.176937348333648	-0.6483442598365906	0.6208056232785888	2.045288125053153	0.8071318049446012	2.3989911916764792	-2.828499688333518	-0.3049035131767634	0.07500947664044331	-1.405535256536008	-0.48927283930677096	2.484607505517532	-2.7943250007799874	-0.42246793608556743	-2.435854831319444	2.101212478646849	3.1769553006118167	1.913872500296855	0.9487982772946034	1.941901310286085	0.44800221452555283	2.0230835672521343	-1.0008318180144333	-1.4490108543442184	-0.33492549815478967	0.08098342684976285	1.4948025605807929	0.8545336105837447	-0.8453375012706246	-1.316703073178616	-1.3363054999377237	-0.23130206586773971	0.5394156503498819	0.6029693718271653	-0.7698374145721433	0.669798635710427	2.136376551302405	-1.05776864757877	1.260233679178208	-1.1648095788334465	2.474475788711193	-1.5122015001870672	0.01658762663670663	-0.2741352854202258	0.420286737359056	-0.491444169631907	-0.13053927759795392	0.2924965440579895	1.032277713651456	-0.21091300549157563	2.0913634479930927	0.899474101397204	-0.036608910568621554	1.5683384888059817	1.5829506787024894	-2.3914872520605024	-0.6370784009053593	-1.067833127359124	-0.6873751085697287	-1.060512939645247	4.330174623615609	-0.8560682859411317	1.233114292850453	2.192037525497219	-0.17740801120085595	0.39309323215207864	1.7285278368905843	1.5179393550697573	0.6009555937375269	2.0829457644352614	-2.6472409730065407	-0.3465752708517412	0.4355588759806148	-1.1619377494406262	-0.3949198227849077	-1.632431693311672	1.49648050324057	-0.32451210205882064	1.6044280325809024	-0.5749157239375698	1.365634291662675	1.295018517854625	-2.653466957466978	1.5057749619513814	-0.10063484868331751	1.2716796048613264	-0.9549818163732959	1.0714601076343788	-0.6248691190908896	1.3085932202570278	-0.3084024088677093	0.30847874941290754	-0.3058452352623679	-0.8972987264428914	0.3126105210893356	0.5463537111866902	0.3811321150063685
DTXSID6020690	3.2541483611725095	5.584539971093167	-2.6391468471917303	-2.4886485852182365	-5.722053073950805	6.414679687764513	-4.025905478531128	3.2544218655934176	-6.3594606075520765	-0.9258836695750547	-7.016808880646006	0.9216197075476736	9.126205588463147	-1.819686719697823	-0.8631087423029156	-2.326609573525406	-3.7134108124434877	-1.754130625319053	-1.027616089890437	1.0152664195155567	1.457231016447404	1.348805437268885	0.5645802162321247	-0.6409631533340177	-0.24049381737482642	-0.31205842389644756	-0.011371333390597382	-1.979296748201386	-0.25900592593393107	-1.0996946694043688	-0.6080916011007257	1.1445494432043628	-0.467355594928772	-0.4272120881458651	-0.07301766645365862	-0.35601101898917464	-2.6628497501736246	0.7478554156395237	0.5207036317983772	-0.2302043238086382	-1.3604295963002597	0.3507388500484932	0.37446741242114895	-0.18455188085611643	0.8006522131772872	-0.40472831157054406	-0.7705140438487208	-0.5478372741422095	-0.48697901886876993	0.7160741378969798	0.13801594757292143	-0.23616740972469943	0.4731564790719352	0.15827383423552263	-0.45524944388258654	0.31339840326417	1.2883472841639796	-0.6443495198861834	0.3342395230106629	0.7501869697891093	0.8665100764597514	-0.2421427691179374	-0.4445288974005808	0.38129593903893133	0.8172434905533078	-0.5295375453475112	0.3572380973304089	-0.04441502036912356	2.628055387229262	-0.29711211414554395	-0.5351549370642016	0.24205673723790475	0.7868949260110433	0.4421368838946327	0.12306547282175331	-0.05662956761431242	2.5753046369167665	-0.46803077032136536	0.025269757095500802	0.745798549414922	-0.43597778961154815	0.5030123043620987	1.7180151467219513	1.0002607890214867	-0.3899821083830987	0.5471114255868796	-0.4791715882926911	-1.3401761873160045	-0.6790476433439226	-1.1391877477328665	-0.3807702918409293	0.020336866556011718	0.7300482299849739	-0.12782601059700419	-0.759732134541594	-1.737331516425679	-0.10027860135244741	-0.13221760038098387	-0.40891651743489543	-0.20230770366215003
DTXSID3042215	-2.9635037327464353	-1.5800025829911815	3.1213726361851415	-2.682027027568945	0.2649218700843586	-0.9063419816244271	0.15538429977536156	0.7755700512952353	-0.09974885482198792	0.002192174656982343	-0.14320242070426314	0.37342399353636707	0.9576932512780731	-0.7853117171096031	-1.4877833211315212	-0.7052071470611072	-0.04062025263407449	-0.7229140706573072	-0.21379053089357122	0.22812906577596473	0.01315116953883572	0.4668551697112172	0.4271372282338418	-0.14308679057231816	-0.22095550455863552	0.5006448683266208	0.4814341735894071	-0.32908307585315333	0.09349113098392484	0.29896127170048603	0.34860223487581704	-0.41723658951735293	-0.11322015067401967	-0.6582977401057721	0.6208922358499258	0.10129101150632222	0.0919065146509367	0.024901540357572048	0.3817763025945339	0.646814820519161	0.17003261565447114	0.5909841612090543	-0.32720406284068276	0.3125334584468232	0.18262495664726866	0.029688710443191192	-0.05898400173064227	-0.1315318627502909	0.14707659924953145	0.08250453035724521	0.26143480148797715	0.051959735894935494	0.14577070167915976	0.17662618372312583	-0.1898616029147685	-0.11054998208562111	0.20046868491192857	0.21904640598064867	0.10216122611391515	0.11318015796403644	0.03735341348999497	0.1431376294316176	-0.3457123052526225	-0.2765568150775087	0.07562219554811676	0.39980186709784815	-0.02393475552307208	0.060724497880941475	-0.11486446025218595	0.5037311135444202	0.5279891955482007	0.6121335794194402	-0.29925986691039785	0.3979416733525456	-0.21337013899186824	-0.2334299112389411	-0.40574236688278875	-0.10214932220787837	0.03505018678472827	-0.1755969115570404	-0.03694713913007979	-0.55335783095119	0.11627901497832617	-0.43886606468670697	-0.23774140904645505	0.06670746866630398	0.15773628781499194	0.0488704321611995	0.09491499657554096	0.021786898764143893	0.10903830413937719	0.023029958620673013	-0.024141546594269977	-0.05656724248858094	0.10415671223772614	0.3621475592310171	-0.05342128085777977	-0.02842731804293107	0.06835160644775382	0.18035763193367005
DTXSID8022113	-6.502217992157818	-2.159154023650725	0.602733318590017	-0.9873236513074872	-1.2498939313885618	2.852030864223265	0.5993626422392293	2.1934454120742486	-1.0835323809187456	0.005724087464746663	-0.38593619299039633	0.2322186775107449	0.2432234051856598	0.13426068455494625	0.027967841455196707	-0.4036824327097517	0.2937653944196086	-0.5280315901188685	0.15673020160991613	-0.6943703591603513	-0.4603677306450826	-0.40651791858745634	1.9255529584911557	0.21888201704385155	-0.7097476241293641	1.2791245460929555	0.8345942071946949	1.320863503437278	0.23726812938923939	-0.7191392805671625	-0.45551646461681383	0.6465561239918184	0.9553694318478057	0.0734212468551502	0.3514044263265962	0.30155496401596066	0.5412452529791874	-0.5220724009667665	-1.0719979559996164	-0.23156433032505713	0.530814847094622	-0.6517805588145374	0.046957798654604144	0.5560527181924841	-0.38580633154449867	-0.18092229595587936	0.5523220904832555	-0.6992050745582056	-0.013662709260040352	-0.5689477153516351	0.01896827111426786	-0.3955980903903662	0.41994009339304555	-0.013144251769477686	-0.2519251257159666	0.14413389980825284	-0.03403971691508399	0.5443987580265351	-0.16408840180888615	-0.7075943652618126	-0.2476324654135708	0.1615863339838597	0.36331941405915713	0.7032735763334365	-1.0439712589537986	0.31577963796512887	0.34077582862392103	0.048133273584264745	-0.17565457050757008	0.2873440898579384	-0.29970234087736275	-0.13669194721009462	0.2334327737680166	-1.2622253716252512	0.14869187291739572	0.6946602826177538	-0.7177616747043132	-0.08649159539894288	1.105002114980338	-1.433764059279836	0.5929284896559006	0.047796775790758285	-0.22595472669648567	0.11998168686707723	-0.1393313627001053	-0.8885241890945673	0.5937092864183294	0.5335090585980204	-0.5275046375816678	0.3904309145153449	-0.4192175513890793	-0.03376944451796635	-1.059511407577089	-0.4781907791981207	-0.36231931920814786	-0.40699422763747023	-0.31108934961412765	-0.05359566476358754	-0.19243792170667773	-0.35297580602062845
DTXSID8052017	-0.5147091964634648	-2.3819322380546275	-4.3984004991778	-8.199927081903885	1.8901901543233395	8.813228294360444	0.3380078310670312	-3.4125961578667914	6.760585291607517	-0.574697450305154	1.9930171985843572	-0.10932155779860775	1.8857553016731063	4.560655059513245	0.2540776059089597	1.53604661178641	-1.3033113674465213	0.466921378976872	2.0588067132556063	-1.0524610800339205	-1.1774681421402364	0.7887074232249864	0.3379482160220711	-0.08575907252399083	0.7680061678917415	0.2254071028841432	-0.21182248889066538	-0.4389985565750954	0.49099095109611957	-0.4917757798609368	0.3211993806707116	-0.4860811374481311	-0.2539562491009464	0.4299057921372327	0.39560631999851936	0.2706504317283241	0.04565683404050256	0.19524379712194279	-0.5478095454630147	-0.051511247257124027	0.41864681532862635	0.18422305858501425	-0.46874036656167156	-0.6047364709538798	-0.36814194884733886	0.6087625967819096	-0.4749632014766978	-0.14151939823603846	-0.04127621796761024	-0.24473333866212116	-0.046839417367900545	-0.3077066849947733	-0.3281044099509779	-0.07784651188104358	0.2393379764951317	0.05100345443258417	-0.024497477372361572	0.8815497680185714	-0.741035661799512	0.1390322012975108	-0.30160092814321593	0.3343461153632986	-0.15040067211348898	-0.9626226586460195	-0.19121117395129675	-0.5214352912596268	-0.23568264874291428	0.04283075964455125	0.0042450208986167335	-0.22976468657778168	-0.13575881468207232	-0.2651409550823216	0.4521102662594847	-0.19370012176347462	-0.41549904603362886	0.04938857578267223	0.010165258817288568	0.6654677887931121	0.10551374037892505	0.7563554978805572	-0.15076019824215636	-0.4236114045143589	0.005081050601708772	-0.36406561282897854	-0.44839309200232347	0.30027506169318474	-0.2685220477631881	-0.06791819133551164	0.14052904622712206	-0.16503680029170165	0.7594092395485219	-0.8370789339806686	-0.5906273258215269	0.8046640800846254	-1.0289157192025706	-0.2520443656997896	0.6601081233322392	0.41839925931077476	-0.3738725362996023	-0.9329283406387878
DTXSID2029616	-7.1927448542338395	-1.6804565428856468	-2.0664500077408645	2.5020330882898496	0.8553817142903543	-0.7432595004263393	5.178785290282651	-1.5534104249788694	-1.1978856279419838	-2.6876147737505227	0.4394520635466499	-1.2054448615884157	0.6970739893990865	-1.2245837878600736	-1.7801630264698585	1.2537773302120945	-1.0350284585886	0.5923462508935916	2.331358944670738	-1.4054846754973098	2.0915737107474603	0.4903213524798456	0.029247117639783098	1.001532748243438	-1.0793313019143873	0.469687879846651	0.07203835290057432	-0.9879391158862455	-0.7330480644625921	0.5514670094277087	-0.25901340253463306	0.9029696084657436	0.13043402619265176	-0.2794042111669079	-0.43266982968646484	0.25424886981485606	-0.7744888778043572	-0.5290589655659915	0.18187292671674396	0.3557262785338359	-0.11546095736422936	-0.911013291565376	0.3103870297383716	0.43724245965956365	-0.312458236311782	-0.7284152663881918	0.8045673465319951	0.8226228465656301	-0.5924258596673827	0.333410128731995	-0.606536789239893	-0.11589057751657603	-0.6562426601220479	-0.1434010652566136	0.17122551172522227	-0.1037647306677525	-0.13266107512730727	0.1302735132397241	-0.8437863282503469	0.04665942088793398	0.32972145871748854	-0.33016195652011127	0.28536487183789233	0.8515795308301819	-0.02035544756306833	0.03547092917229262	0.22598655206457022	-0.5731383819976117	-1.2593977262106548	-0.6304286039899643	-0.3269258432993186	-0.30251007953143577	0.05908444565345946	-0.6307185194806428	0.1755175686718194	0.22996392426555334	-0.08272521139417542	-1.2498987326531001	-0.5044210093707825	-0.6285803659264244	0.05986153743542412	-0.9041969450370237	0.4655655499177506	0.18148886542508932	-0.10207432807331086	0.6789054939237623	0.4018366557634411	-0.261113027703815	-0.9291823310322194	-0.5038081562032692	-0.20082858854055827	-0.605078493844356	0.24353344057604276	-0.2783498318846272	-0.19090170572920562	-0.36480086315939225	-0.4750799529353787	-0.21667790419680005	0.27967653580940655	-0.05684391785947803
DTXSID4025793	-2.768146029077617	0.03151819569562322	-2.2088422389942157	-0.9911584047344679	1.9397879717374782	2.920609482130525	-0.8824966416149022	-2.6221045056044057	2.1731944941264083	-0.41295609085280127	1.1700937487344956	4.520731698372051	-0.1096194575227124	-0.05779084739164839	0.3783670131757171	0.13423881935733883	-0.5564072794493867	0.44614533948216384	0.7594044296401041	-0.6217064234137589	-0.33141581979956	0.3274620383308001	0.33087915589140365	0.500436950602145	0.12760996182913262	0.006129479278303595	0.4209812612136821	-0.047314712988482735	0.25895060228634786	0.22472548673386863	-0.35657601695440816	-0.7696560426573237	-0.47009207326277536	-0.16515073775040812	0.16302876324962307	0.3395996698797349	0.22508697861703653	-0.09494993813402607	0.03439869360796055	0.0891806761446952	-0.2817019866745019	0.2635788468570188	-0.08222879488241537	-0.23739056379102472	0.25820586741547136	-0.3593244968111508	0.13692307605711285	-0.17509714411375185	-0.011828370993857787	0.21525547317642085	-0.0027829578826501283	-0.0157496838965744	0.09318948176784647	-0.15259797190002042	-0.4987163198694701	0.23887320296890177	-0.07585652024544087	0.0012780633027573405	-0.03870491032736358	0.5669827607979032	-0.30810395816064734	-0.3319515494921594	0.5839850097173971	-0.3661947598306164	0.06170046660447483	0.22571468643795586	0.2628492177714904	-0.613226798797101	-0.011686029397535892	-0.03517857415542391	-0.38179640805893783	0.7472069827996968	0.06427471687993956	-0.6734045483692539	-0.7420295277030381	-0.5385631359294955	0.03001466601156524	0.10312557514266638	0.39926366986836154	0.5872730105580128	-0.048401559770107794	-0.16011559213812268	-0.3502090483177533	-0.738894065203158	0.015204678385930167	-0.9252821298114773	-1.6232283765873654	1.2555219816053327	-0.7828091072974028	-0.790973276181119	0.5717378972401731	-0.1830303613815631	-0.3939524649512112	-0.1522175290482469	-0.26602800162650825	0.3942027437184044	0.1405647376272125	-0.38485682415779143	-0.26759415240184975	0.33446600446446423
DTXSID8047470	-2.5907278957269875	0.13520847976646064	0.20368239230373048	0.21698337379614568	0.3771195721920922	-0.9136186349116472	-1.7239648052130347	-0.13594512966445954	0.24701582279669257	-1.9210937212414108	0.07221099421502264	-0.13385246864024963	-1.3822505871651782	1.0634779571817432	-0.3545530592335009	0.2905600053707588	0.5145978338447064	-0.2854311027110955	0.07033624583828248	-0.7865770452047733	0.05204815739109253	-0.3061314023872123	1.040279758240195	0.17329048600966956	0.20568840394811172	0.14192839667226487	-0.2609082676038323	-0.19827832124868347	-0.20175827180673464	-0.12177794206980715	-0.5582741893886816	-0.3284768909855028	-0.447650535045527	-0.26687524007213087	0.09747648227873934	-0.5358017621313146	-0.07533452346943526	0.08152643767602906	-0.006165865627694769	0.4788442389558761	-0.13802351441789815	0.4281735044748201	-0.16934767731153355	0.30109980492088795	-0.5325459579938872	-0.20485272990979497	0.28206623885886917	-0.4207948617028192	-0.20066133645937614	0.12766867396474124	0.08451271626485526	0.03247631879908706	0.28605171544284386	-0.31049832029188223	-0.13254242868284258	-0.5261320035796362	0.01994108788294105	-0.01908876732039076	-0.17011335943072767	-0.3245058673273413	0.5454020891620223	0.28183381458058315	-0.24649331932522553	0.598695011510837	0.4281233111552585	-0.4110822080082032	0.19164297261727578	-0.6278280399162238	0.0739021609730101	-0.3657573011069586	-0.07668125014381151	-0.12680791737983013	0.38943195162910144	0.24149173549851335	-1.134682525292006	0.3122266310745014	-0.35871632566718153	0.6176274535410997	0.173829599718697	0.06688834027162623	0.37695650789680024	-0.016853461626459305	0.22454053363254609	-0.1371450422149102	-0.31103674430318984	-0.10264174262989928	-0.3567567386227191	-0.11361643671658161	0.22545630139962128	-0.023719997802841904	0.6336277049087005	-0.28844461497729595	0.13687043506940763	0.1354074182972756	-0.4944781535984033	-0.187217794071081	0.42312988771630966	0.14545761139948787	-0.4117330531723955	0.10075503129897535
DTXSID4026183	-1.738672457637626	-1.1286017198108473	4.240159944653541	-3.678400392795443	-1.6620137335203449	-2.6185421719075617	0.895090491759708	-0.4632324235398865	1.2667343879885533	0.8910918655626321	0.23733378406557185	0.27911424911191546	1.1150714860308695	-1.1565831547171144	-0.47122849151239493	0.11857901818000956	-0.921704977082116	0.26444159065943573	-0.3501817551916072	0.4869324971566935	-0.11649767803850988	0.3230532151948417	-1.3526306330644047	-0.7439425902930504	0.21109968155956602	-0.31864870772636433	0.17878374115476892	0.2108975480637431	0.20640120253293165	0.2886331391210394	0.5206428281214348	-0.1915465637919803	0.36185190826339486	0.048637749187021635	-0.47045590040458596	0.6431283309508284	-0.5048469525965973	-0.28558630905895543	-0.28790355096285286	-0.2634579533266262	0.4147810917345184	-0.22063023300052118	-0.4487726767791065	-0.6776808600009812	0.23922728245390276	0.2925862745208648	-0.22048524332082423	-0.04583119431458889	0.22277240364468395	-0.4676105386932271	-0.14968816326852152	-0.371644329084789	-0.07151220872311968	0.11838544825874923	0.15008328217331524	0.18171476466490158	-0.17035901854269334	0.3979621061231952	0.1839241578885966	0.20685034324668367	-0.24562405031628215	0.006545612788501105	-0.018829621892431953	0.2013220278689552	-0.2437300627138863	0.025994074344541436	-0.47299634770690274	0.35601506675311156	0.014433758092520451	0.20765525149842667	0.56676066975354	0.17243746655670308	0.24833147527354502	-0.06109310865926938	-0.10877742963911818	0.3082081895164668	0.1837014050386441	0.8763507861005696	0.7679991833887485	-0.1005041392766803	-0.004655747925635571	0.32067540805780026	-0.03932047908976684	-0.006545044064602391	0.26918257925481853	0.44422348947747603	-0.3283476582883653	-1.0310591026778293	0.1298807508842168	0.05923648033827945	-0.10526868744038309	-0.697966100466263	0.1115862497477079	0.30342871574169555	0.7096176266985763	-0.14426992275112818	0.14308844208723498	-0.3963271435047391	0.964510232143698	0.42282920104632093
DTXSID7023352	12.169023517067119	-0.7945665476302357	11.867492262010494	1.6083536990227134	2.9288286226495246	0.4570298502982987	1.4002648368800839	-1.1669897503257205	-1.1221503590230393	1.738740873674553	-0.29738428832168584	0.32731044438593315	0.32833610861760204	-0.6384547052290149	-1.2825762149330573	-1.2566672172972058	-0.16454489524022975	-1.2249383349229734	1.469185323699005	0.12882184968289773	-0.3118062437851678	0.9088036541945514	-0.17602807729949108	0.19199808027328955	-0.34002189844442504	-0.010751838677452968	-0.26515225428443967	0.8451635069045624	0.4443282967256415	0.07668671727736426	0.46147821454447413	-1.0120038617047344	-0.8561386852173634	-0.9770560580291432	0.5773678478935742	-0.2969784845307643	-0.28408109787277547	0.15350736834910383	0.886032693042775	1.1846242092960995	-0.5654424812334894	0.3225683888380144	0.19344160537925972	0.446753914368197	0.08150961448699179	-0.2765598997046348	0.12207349750671914	0.28319977426206466	0.35855941982501893	0.2056288744196742	0.18488354090159242	0.32411910561647594	-0.007680316846766092	-0.08262838523181842	-0.197702106727009	-0.4180531123080855	-0.39554665797447985	-0.38779088824666536	0.5136825648382398	-0.25191698422277337	0.20668289747676624	-0.40636354009132614	-0.28457856854544983	-1.3514125918256938	0.9843502729623614	-0.09238500151989797	0.3685634510617321	-0.7227198114097115	-0.6867573941875783	-1.0272321254204118	0.418697433845816	-0.07453201773431159	-0.8979024443378943	0.18844311808960887	-1.0770242310975349	-0.36837073232589684	-0.07169713228069785	0.0028318493808617506	0.2262051765961294	0.14688970163757187	0.964544406501821	-0.4616810097902742	0.7512314037951783	-1.022499196222731	-0.2422861883477222	-0.335465400830891	0.3186184617925992	-0.00484554651109661	0.1969535416848584	0.18610954283639994	0.06058825705461459	-0.26293667479138616	-0.5338458604222582	-0.6354217715410859	0.16963650731291377	-0.3339676106654079	-0.06387887506259035	0.12584315245957572	0.1954824794418771	-0.31749673750892643
DTXSID5033389	13.094486005799613	-4.371503989658348	7.998444830407425	3.6254104397179114	1.786379640078199	2.907363432110278	-0.21854841537984301	-2.498041583841387	-3.566278323382029	4.116830367562091	0.9678937662439691	-2.475274580648257	0.17013654260085986	-2.1205156287537688	4.145792180150032	-0.7285645252426305	0.5982031513457969	0.46277950257080624	2.606769643645182	-1.7614260660249081	-0.902503704724736	-0.23653284532279614	-2.116585625009029	0.8576170004015814	-1.7401539854436636	-0.6383939732950596	-1.111355245726754	-0.05697272417078587	0.9160347165145682	-0.5231584149533056	0.01839747388907189	-0.9598291439525158	-0.8596330111243181	-0.8247877908267016	0.9158729714485124	1.3551394371379317	-0.543735087651559	0.9546687219876371	0.8348502840218339	0.9763787591364256	-0.7023429520509663	0.7187271709425673	-0.6602566843687935	0.945136375843161	-0.364623194269861	0.6863722433175456	-0.21935575318710854	-0.29526949642587447	0.7178586612904512	0.2834637706661234	0.058514554688014836	0.11911670988889805	-0.0023398962284956713	0.016464328213530326	-0.4811348041872742	-0.13055217839804753	-0.48433613253428753	-0.6139423355933642	-0.5906319866037401	1.079331905409057	-1.042704931401876	-0.7269545417720832	0.6586452410937637	-1.602747940348943	0.42564669651983833	-1.6948336324341204	-1.0924823049369925	0.1981276006234931	-0.575131096677321	-0.8590519247831584	0.16215745525780334	-0.6271573205043494	-1.302640847082582	0.31089475250229953	0.055662558426254394	0.6070767141089132	1.5662650879086897	1.0846773219786245	-0.3382416964760365	-0.39679599107024416	1.230536979356402	-0.8309151906986888	-0.9843549623891564	-0.20751217822038046	0.04571554161290075	0.6011998656444518	-0.1232062226741506	-0.5791233314220535	-1.3286520984648948	0.2809647171734087	-0.4607167568788491	1.2442031909648403	-0.33807578130717714	-0.07380550750673083	0.09296670593871767	0.09958551922224257	0.263503342129447	-0.17039718242570615	-0.5791999146459657	0.2874541179680714
DTXSID1044643	-3.0802169994485715	-4.548134193493936	-0.10767768927000557	-0.7809217722175292	-2.959623080655811	-1.2643204927164398	0.4811861390639758	0.8218699451438544	1.3058160217286676	-1.4638908955063052	-0.7800351288971368	0.21096696841984688	-2.0651283210029034	1.1963826896733718	4.64406495083795	0.13921720900595821	-2.0272564241209845	-0.7891440585412205	1.5971152673982998	1.440869843858756	0.7135081964208658	-0.06272384713267275	-0.2295800144976813	0.712408412330533	-1.940301779535887	0.6028148072166849	2.3938966208325154	1.1271303065087612	-0.6578886209048175	-1.5815032695473243	0.3370151541733342	2.5756144142917456	0.6906255201960425	2.6212278850561463	-0.26873225319250643	-1.9761437234907073	-1.705344583203971	0.8911719047207909	-1.7366679753554168	0.06870357711693288	-0.9678240840855383	-0.007724913910567533	2.3318569639746847	-1.106499642874496	0.8438860598774737	0.6199441793931673	-0.07808295080491545	0.6315411240994322	0.14044916332198545	0.14101093804422454	-0.24495803336515104	0.4425859370441939	0.6832012863415096	-0.09342775017415296	-0.5752872945420362	1.6541324906973764	0.8307797504986415	0.7117679157123595	-0.5833398966455051	-0.0008720796669932875	0.7429846818808216	-2.207500808083822	0.8634647917392798	0.09507073573268152	1.52204655612458	0.8112282850907886	-0.8957660344526921	-0.90704738557274	-0.18554612762631437	-0.19475472845332417	-0.17268345185800563	0.7529731377261261	-1.4332016556554177	1.697990835782414	-0.21233032413734987	-1.339891405224892	0.6479027747125511	-0.7117878010711983	-1.2107567578845284	-1.1989197196273664	-0.3483131154042618	-0.21792911752300975	-0.6318176130107979	-1.2043829358721303	-0.24588852888539178	-1.7433798035388541	1.25689985629555	-0.02458346334571628	0.0014795619512615217	-0.06916375341401891	0.7499407012646233	0.8297706353540011	0.0678209686209154	0.141900971754458	-0.032671928244185196	0.398395308571887	0.3376710016674848	-0.003337876406691026	-0.4375745241979369	0.09888794029412397
DTXSID7041964	1.6289232984197166	0.06810320690238192	-1.8261885898144612	-1.247118381125576	-1.0233055901389878	-1.1113707775048531	3.068729653560556	1.0666418615099065	-2.5054491829805414	-1.8232902243651814	-2.037108131022091	0.49805711386099744	0.3953781495166799	2.5374908505552534	1.1156461749567204	-0.18580108951181437	-0.42887240408125704	1.0512208516151005	-0.4278984229427548	0.11024524200130201	-1.18264580129094	-0.4542048200517324	-2.0272153890977034	0.12615446028443383	0.9742962916354612	-0.06515732101946721	0.8688803886066614	-1.3753861099269011	-0.12311624768458135	0.6794900354834941	0.8198301870317762	-1.0413953244520606	-0.040982073712460244	0.290628645857898	1.3016066236407686	-0.8122564307818256	0.5233430273590247	-0.5549807776976111	0.5753395936535236	0.007053506417628752	0.3042259681299435	1.3400208236439037	-0.6028378543689461	0.3509983260355067	-0.09669312699724403	0.13515914863787987	-0.001107862154356654	-0.03162334038038366	-0.38393840631757564	0.10455320856646366	0.293965189090347	-0.13390859580949616	0.46147449414194597	0.14387951689822814	-0.20217068681877276	-0.3448064197745329	0.01697193126730285	0.3137387429112538	0.2979347765139934	0.5967841921070498	-0.2738917848994294	0.9455506611479573	-0.9473662526122721	0.18298511102484757	0.1662216511488279	-0.07778340845435966	-0.8136334875893774	-0.2525606395535427	-1.9234964301025246	0.4805299497024381	0.10513569311523899	0.20599191110774548	-0.803280413912192	1.352336690132922	0.8012709525986745	1.5094849206055083	-1.862941484297123	1.4471771321809113	0.19476694651447995	-0.18403805380803723	0.6417769983278925	0.19157536436798234	0.7401517472656289	-0.034524331479217185	-0.13778257778110597	-0.6712728533596646	-1.0854945978721262	0.44160605286744276	1.878184950897306	-0.21157486792113248	0.5502605418403497	-0.23077383198078572	0.004487151532426218	-0.1081207058126937	-1.227358431620769	0.09590709557474303	-0.5106572566701391	-0.007043819459422009	-1.1464206378306787	0.3471280681086943
DTXSID5046691	4.5334914238371775	3.5773479377692734	1.791254122000312	1.6087103081064336	-0.4418271739687914	-1.3032104841437584	2.60259988185949	0.6272602009481878	-1.3249721551333562	-2.2424630429511785	-0.48590384117662666	0.34229867702465105	-0.4480278220603227	0.8035153895037894	0.5096132336320612	-0.8136644554846236	0.9570273094519144	-0.821394202073508	-0.6609696975590914	-0.1607513807048638	-0.9720303759473321	-1.081768620766853	1.0103922996806138	-0.7067558475202772	1.3097403266870833	0.07993917867183997	-1.9695707435588525	1.1474139701562807	-0.9262030555413949	0.4083604923072229	1.0698645944834067	-1.8364919918141198	0.3543301868601102	-0.08952472200439236	-0.8230397532789783	0.13528907480918329	0.18878663021669945	-1.6041542483710423	-1.517682180226487	-1.0654395922120092	1.1612844619102052	-0.6030811715542083	1.6790318667828827	0.30287138509456174	-1.6298499287862296	1.7952868301087233	0.12611728307282824	0.4126125114080797	0.3859898806622493	0.29926772467245966	-0.343692734430859	-0.3060516354033516	0.17405540279278198	-0.3582995390298648	0.320344936388181	-0.2384340092575568	0.060003667309303656	-0.7275262698375959	-1.3477749592552806	-1.07729920256462	-0.8376729546132308	0.430823190330558	1.3525431415283007	-0.2929664597154176	-1.24094166172024	0.3407063720152296	-1.0592871799011505	0.259360689735618	-0.25213099319558724	1.3800331292602284	-0.8044649450064539	-1.8001702680401843	-2.2067600617574725	-0.21100645516773706	-1.9557920550632923	-0.43567734499164995	0.41736205016845734	0.5744915579669048	-0.24931237397738634	-0.4534712532672855	0.23356499157367056	0.27696519206507125	-0.14688042097006754	0.8684431904452373	0.16571523171117888	0.006707831983310927	-0.7333752873913859	-0.796391501096699	-0.6410878904011021	-0.2883654086109254	0.2249408403926107	0.3051136947100267	-0.8661343309418422	0.5526975122111943	-0.10842214616557753	0.09392219044308926	-1.1334834713776083	-0.38591957718411324	-0.5140539727297926	-0.0027446966808689086
DTXSID3045938	43.151329137303	-10.33165262935278	-6.4659603480694665	-0.24645902773995707	-0.6059542745577764	-7.059099578090032	-5.553298230506941	2.591487232648109	-4.515900363973499	-4.465261447390777	5.886432870940747	1.3458398899087263	2.140672193268885	6.106139780975305	-0.3949997026810926	0.358720781123356	0.42118560424740986	1.2932697261250614	-2.489633401026676	-3.3512332614273883	0.016430512591123467	-2.6021786344673745	2.1240153912917408	0.46254171844123043	-1.0106534838735632	-2.611622466669519	-1.632338571390556	-0.5254823124539948	-2.2262749772596204	0.5558069546096213	-3.4913358824471112	0.505020846999946	4.1489816668064945	3.4751321547893395	-2.5297229414478037	-2.73705120615611	1.7287677819359988	-2.183481577311383	-0.003765099618710965	0.5164939386346398	-2.5321337973539038	-0.5064823560105385	-0.13625528439466034	0.8995405496068822	1.1172255139357907	-0.4172995649584504	-1.8532578894447433	-0.1371326382319766	0.6568846727540518	-2.5225885131909043	-0.2504936743495962	0.2251279578506673	-1.6982208618625374	-0.5825721724321016	1.220025773078234	-0.9626235334105645	-0.34095332595486155	0.9451663040683882	-0.057367004976064534	-1.1875732001309707	0.11766731380276288	-0.9815221931480063	-0.23626368913842172	-1.8084671375371635	0.6962141621421323	1.7769721076818779	-2.508388287513688	2.643590055577951	0.2882199770203801	-0.8089667057279195	-2.0890835541454615	0.8985100640594669	1.4012201700318918	-2.5441919786963614	4.1415123306421195	-2.2780058186939223	2.5125479393637487	-1.8328886049055093	1.3468789176565807	-1.6792547544489074	2.1405111243165833	-2.0793515993219462	-0.8560704614508897	-0.7123066845474537	0.05458949459898033	0.7527287674504368	-1.6886849972065512	-1.7182558519938769	1.0403102356579097	1.4870732948595733	-1.1773446034352562	-1.8642819083857052	-0.5183164084216629	0.5862024109659678	-0.8842379726434465	0.6084326554799472	-1.5421271406094004	-0.7638937344206171	-0.7106077374296235	-1.0901436469319956
DTXSID0030588	-2.291981788313243	-0.24786442918125526	-1.7919557830357817	1.8077094098211877	-2.342590171159401	-0.8517376243670359	-2.497744582820507	-1.8640003623334063	-1.0261355367919112	-0.42842223896300097	-3.4979832040926144	-0.43172860836103627	4.337263746947081	0.8700288158254808	1.4731325729503923	0.8210155650641585	-1.8382864980517881	0.7474749642216518	-0.8272077677895061	-0.46144502340054805	0.7674906350176848	0.2605278466243564	0.9107859689854605	0.03146498356433665	-0.7114537924404241	0.48448012250670264	0.9258803068185675	0.41395978633127917	0.02477307495458604	-1.5391349498592304	-0.4392927797179088	0.07403522378764044	0.25651482206994874	0.26726712968164557	-0.9330577896608128	-1.035047633995239	-2.1198058287779737	0.6126862355616938	-1.2721768322139198	0.8016197461006368	0.764563400499071	1.1307755650986067	0.4489585215638997	-0.28448465915372817	0.12220288309267578	0.7123248050456281	0.23877586315398308	-0.09173324792242202	-0.0775042805455509	-0.13669816295664888	-0.27951103577163555	-0.6048953324646308	0.35305319875244134	0.42268760320285886	-0.40442967137260544	0.3422894469304166	0.4099880995618307	1.439457355858152	-1.6443423006494016	-0.5412252516020226	0.13847195248104258	-1.0670343567631126	-0.0987905105940447	0.11017076762049696	0.042870597945159954	-0.6035193735878359	-0.8388380245956317	-0.9752244503471443	-0.4644351191502586	-0.7821273118979813	1.0867673509387126	0.6639626220189038	-0.42416693043174386	-1.14136965557436	0.7301175762011571	-0.7037713367402294	0.2904235495395602	-1.5232981883930898	-0.8435298856858582	0.27441306369781887	0.30683258420335	0.19822946251314771	-0.43060174219577907	0.41237395134061483	0.7236336822082456	0.8360786412554998	0.5447001783274692	0.23193716379934032	-0.005029057322996643	0.3677587392542692	0.5947171585830401	-0.412099271576421	-0.09116385098086952	-0.35899820296418794	-0.15109762877465038	0.2759679737280472	-0.34515039193585856	0.0013940949571578571	-0.040432084116651515	-0.16577672381013245
DTXSID3045437	14.740613271241783	3.3237324079526425	-6.5456485063478755	0.15322067711466397	-5.941240082479729	-2.6059689493378433	-7.720879012913293	-8.30704443632363	-5.694965199067205	1.4718194333464139	-14.975883574916175	-0.5358932810963896	17.998525761627903	0.23500014453114032	3.4715082441450056	1.1878496758133514	-7.644482516162131	2.0695358803649455	-2.5258857809049893	0.2379013515909351	2.775795675805579	1.5055864950859785	3.2977518012857385	-2.989117184363292	2.2069141370102843	2.07810768536871	-0.27951432921264596	-1.912063811271213	-0.0318944813043324	-4.99277610861638	-1.1698505570367528	-0.0851315706911342	-3.475133632539104	-6.272193089817828	-0.1500807273068888	1.610463892455199	1.5962041910663929	5.009104918985798	3.622944070129828	-11.161729704803394	4.344813816901369	-2.2870906758279896	-1.4191363852820575	4.8955025237606495	-0.98306994632675	1.3087843747866914	1.2163150613287497	-2.769321052060401	-5.351257119695827	-2.669567676463386	-3.0624943595043206	-9.365052580036396	-2.341367949745173	2.8544296630391295	8.00240818291444	8.542159807103625	-0.06580123677066829	-1.7245564679823462	2.3727733219383027	-9.200337928116314	-5.969516443504699	-1.8350242733694326	-5.101080990640797	2.1292127866433512	9.687524380930114	0.5506176021029711	-5.0853966014077105	-7.183516695411145	2.949974843544325	0.49391050218714955	-3.8863155460499583	0.891623516696348	1.4120273513440946	1.124232061994061	0.7606376191922142	-0.4040473066775631	0.500551435427667	-0.720172561809092	-2.201269852722031	-0.44941390230608386	-1.0045491381892169	-2.658518593127529	2.2288875838933353	0.17862387685511327	0.4420905002960294	-1.2558627095872616	-1.1507206137482775	-0.9076303003010594	-0.6407796325023538	1.6662370227773264	0.7812069974287184	-1.418543392392021	-0.35836233883996804	-1.107482837207974	1.0429269373816346	-1.747265293783771	-0.9554656819500943	-1.1858499110481022	0.12490893660531502	0.7483694559116126
DTXSID6048915	5.952189746227163	-1.109543908033537	0.01599938825480341	5.316058757943506	-3.9258833392557313	1.919037354026817	-0.6038798145006796	-1.4475259557109255	-0.07271015034069017	-0.8602572517341033	-4.5468729630095455	-0.6889474605597824	4.007125328304803	-0.758527638681899	3.2102353046064587	-1.7281153520006378	-1.8056782600497467	-1.3523351119872422	1.6033739019467885	2.4454262355131084	1.7365090849575526	0.788420176004781	2.0894557212015283	0.5440388652235687	1.9212811387097604	-0.298557428381884	-0.4146256195359561	-0.38387879253712237	0.20372007966086733	1.3257106587599357	-0.24570257826642472	-1.4300810916989701	-1.1047037043468224	-0.33891365857898365	0.857327569226867	0.7176504273570914	0.7348536957231637	-0.7722504610764468	0.15103856127396154	1.5172710401637264	-0.5188848032670248	1.3898096266341748	-0.49411625232324186	2.571952698262	-1.5610363548675719	0.07634248063607861	-0.5628698971382745	0.27218623067349534	-0.5715739565098884	-0.15345274850591378	0.34297192200815646	0.995288301023887	0.35332286278899216	2.40459703253907	0.8185583900073707	0.16767333767573783	2.204339661282648	1.7510750018870456	-2.4459733599371978	-0.5098442178917008	-1.8952408999336645	-0.6873920158674335	-1.4360447812382422	4.434311353039617	-0.8833931300668176	1.7922068059613185	2.2093832281130807	0.3909892156770907	-0.034512607032683364	1.2634082312991362	1.4819876549913933	-0.6221005647513242	2.6269888736702294	-2.7348792971819913	-0.10602837236724116	1.5527224142195988	-0.9837637029029662	-0.1865401861381049	-1.8020931458245881	0.954408370247232	0.2967417486467966	1.1093183465749459	-0.5567610280417241	2.199729492482816	1.342981336208749	-2.8503680147304857	1.9484427211652653	0.4713116540962612	0.2323948989295985	-1.073056926161361	0.887330276685786	-0.9568834484345181	1.4689203617003939	-0.3256597432285553	0.4621626296391329	0.03105015480312302	-0.0728935077676744	0.6173583839831815	-0.8010393868172381	-0.15934939785113428
DTXSID3047477	7.175512725434554	-1.90176296766749	9.379617685026883	5.776277547817037	1.4942047143871304	3.796858643823757	1.3356106782062676	-1.8080015635334543	-1.7389729113048233	2.641088304287824	-1.1438710689575917	-0.2226535013283271	1.104002982669725	-0.00885082235241562	1.3652040216334906	-0.39597723574016985	0.8874527103955987	0.44340969452008694	1.9717704487291843	-0.5110300282621155	-1.3592488830235765	-0.6734064634489566	-2.7960950918919467	2.731845103262387	-0.9518173517239796	0.2806466047684398	-0.20294837213292977	2.404266180079655	1.2204453284914372	-1.1826561580939756	0.3688654319065972	-2.788639843244749	0.6588080486501882	-1.8396090398884923	3.532313186744597	-2.5538044251504526	2.990424085841164	-1.7443712387069725	1.5615667573908578	1.5641250429235567	3.7933300125066363	-0.3475397181749152	1.147866304200151	-2.1829602748028294	2.549738604386894	1.1847236151327623	2.037204824219765	2.370253447161757	-0.8479286212225552	1.6341783598761805	-0.3058220317917669	1.0177544603420912	-0.8095188899726983	-2.710079463227322	1.1535417284255407	-0.4583267944846306	-0.3263862934754569	-0.20039526522189155	-2.0483994446346188	-0.40116758224749083	2.1672897548288703	1.0630362737922552	0.9107869235023011	1.7845946063569242	0.5419261245126502	-0.09917263972873913	-0.23743559868914882	-0.062105981141005503	1.8676161763428527	-0.08430619850997756	-1.7647850269777223	1.276606691785597	0.8471218675590068	0.521045318561005	0.2902267992242682	-0.34009154745058673	0.889504747464231	-0.06861238260677437	-0.553768490207709	0.6935543631578941	-0.19915539565499887	-0.6626223327867973	0.09240129915182889	-0.3096163043070216	0.025403287901426864	0.20516847245491582	-0.03757732385971676	0.06704430850467713	0.3290973973484146	0.19734542965168594	0.21160476941149217	0.2970496282227032	-0.11241616123400613	0.11864218120692938	0.6149807633677487	0.3552290116538072	0.1639773078064298	-0.17361364898937307	0.4868559121764463	0.18069384116265616
DTXSID7040651	7.785111754193586	-5.913008649098512	3.559322761769718	4.841731946383844	-2.885211084311684	2.2184341360088737	2.059467735476666	0.8210575676481081	2.343738620929057	-2.2448086065972723	-0.9325776254598602	0.18447383799721648	-1.629448259667589	0.07890544226057158	2.0471393136890055	-2.6168175113961847	1.3402608892044836	-1.2730494765345446	2.483001775732207	1.3795868414189372	0.46534608667941296	1.3651112097777447	-1.3601813637096865	0.42784632715907833	4.33502924072116	-1.8669643765219008	0.5468944528838579	-1.0618572105975321	-0.04675105003438866	2.330477054756428	0.3696621334477929	-0.7799554242086827	0.017192325104207984	0.6150513210382006	-0.493955980739903	1.1406759273608456	-0.43940657768224295	-1.5594520374546623	0.9424852909677179	3.8203546893154297	-1.6784751937640878	0.8562203580652437	-1.4800969525621963	1.805011942343149	-2.402245537145517	-0.1247359124883795	-1.1449549235682948	0.5262407509801188	-0.20009458267810687	-0.2448503858932683	0.5334549519115167	0.5057848396089981	-0.00311344514951904	1.9399674327506524	1.4731539391841377	0.4174987079366464	1.326450032141745	1.8464369423219789	-1.0700965616582496	-2.177725038255144	-0.45816954321847103	-1.1275209524876184	-0.4098852470733801	2.7898615847683534	0.06409060987250012	1.9772818224425726	0.4778573944297562	-0.4898437512208693	0.8891788867835512	3.256512951098541	0.32657801881176934	0.10849324425778933	2.915509942038541	-0.7808793245567914	1.0562502827626656	0.9321119473911735	0.020440618286509914	-0.4584885203956868	-0.022581847110644895	1.18559642131466	0.038324369762924006	-0.18035931760197008	0.6160342857509484	-0.0958781305231555	-0.6581878921830482	0.04673097478295178	0.0337147450813142	0.8565636400541147	0.8447259658344972	-0.06504110962611807	-0.56671221616995	-0.4854332920509495	-0.2870278054603477	0.43234286131903726	0.35890933224043076	1.6085729027875721	-1.4442636977871848	-0.3543628392484451	0.08063243229751282	-0.5530160596742396
DTXSID9049372	1.05440418346996	-3.3854958753553084	-0.7021503410908542	-4.566390620270861	-0.8339211524723181	1.6097023168269444	2.235091164543924	-1.0889480483464071	3.1190755684496527	-1.0135703765902564	-0.39128558498930255	0.4960457771864734	-0.4575931140654028	0.6933347948721736	3.503204344269121	-0.4606226615120179	-1.705090070872017	-0.48731303624286115	-0.7706894289509975	4.433214310280865	3.8555393594274743	-0.9417612808692041	0.2528760302855059	1.6519375364149906	-1.6331624907625282	-0.49815752553906556	-0.6043018397407125	1.279096688442952	-2.086497514009967	-0.5888817304776751	0.3401502220706178	0.5662115172525624	-0.14072572658553367	1.1631028898356013	-0.15884697840673775	-0.35853813525280925	1.009092872225888	-0.138458205368503	-0.5609900456761958	-0.331585293081037	-0.8701434555200676	-0.8140254825986193	0.33634121193198196	-0.8519307450303552	0.1526044243418016	-0.5042461426547218	0.4520975914706277	-0.34618721210473063	0.12783604685777442	0.08116171915331766	0.04017684851991178	0.18605495915641437	0.03200149667612521	-0.8014820037814118	-0.49470087302157506	0.2460162911964284	-0.3678854750390985	-0.9130274170306268	0.30633427957669235	-0.4624089997476984	0.5387150416215128	-0.7894070877581564	1.2518036839976117	-0.13728681402446433	-0.10279575062385238	0.5170207597525132	-0.10499007570654267	-0.4699665191202371	-0.339004821601433	0.6605271586500855	-1.6228613140676214	-1.22638381483001	0.6039613737398982	1.6272789745801886	-0.07437541254780561	0.5717888959856183	-0.8248818636159478	0.5219921334433764	1.7414285187875485	0.14336513203132734	-0.46830032135967736	0.38554417065393987	1.3838860079183546	-1.221328272586839	-0.5403480623968456	2.0331331330644726	-0.07607734581770453	1.2199484320003084	0.09989076784262635	0.8210002480351178	-0.5234082181586167	-0.5934441693256935	-0.31652328891332343	0.4543702696963884	0.21315782335205513	0.5325844560037196	-0.7653584452241413	-0.4221778258452285	-0.42424755745693327	-0.006657731538050607
DTXSID6024832	2.3655432748155705	3.014570794614806	-0.9070681165053899	3.4380458567351013	0.7665076318798347	1.3330734444958077	-5.824211656538638	-4.930452907544045	-3.1349990381916335	-2.2323152720845427	-6.886997537498504	-0.9003766938124302	7.164726969871517	0.1026409381733111	-0.34402765586349293	-0.4662814372678057	-4.271383290363029	-0.8570358807112056	-2.1996195735124475	2.520429670306215	0.8951128902517912	1.9094062644973424	0.5535611640867142	-1.4258597495827487	1.4226804166122764	1.3244732869969142	0.9262527498655464	-0.23154199447381194	-0.9800403589566178	-0.1304079693111629	-0.6529482786555961	0.7854202123582626	0.35077238668827904	0.4408908611166354	0.623584407373563	0.12147277216575782	-2.088224487802254	0.5907867446213512	0.05865665435962243	-0.16133600768097767	0.4472241481334363	0.6534496986247131	-0.07041179436334614	0.1002350083353852	0.2611093715136583	0.20542173593209953	0.18743326125434545	-0.17722600041623113	-0.5423338305875138	0.31094224409962745	0.06735082418163241	-0.20033426802671653	0.45102259303090786	0.40702216711269434	-0.2145594940546695	0.43147262989019597	0.37535277513135223	0.4804909998847435	-0.5427112473295749	-0.5090509992969601	0.20246476211841388	0.46994603476791075	-0.2906557478068841	0.4109734386733275	0.4903479551281307	-0.9830059908430946	0.043234580314040656	0.37740752512907216	0.9501473652121103	-0.3660580952203544	-1.14349309616408	-0.22872584090030723	-0.3230089498842884	0.41647630076618036	-0.028799954672760135	-0.04835265017326481	0.37317683542938024	0.17770099058173244	-0.07310235051021859	0.17624625982858733	0.45553062679274814	0.38959563084555593	0.07438947994687334	0.13850025489773277	-0.014601255709092043	0.48034331170178984	0.5579279656792392	-0.2835765768914571	0.1400668575123604	-0.8056976854077454	0.18862102176216794	-0.34957824495107825	0.10655541306273521	-0.527879767205256	0.4093641498328724	-0.7533704975162403	-0.44377110230447125	-0.06513246338469728	1.1695306723634078	0.033100764707027594
DTXSID9037539	5.094145462949913	-1.9490467962639448	0.6803245234938866	-1.5138649449902937	-3.2320083029639326	10.110209396177686	1.5711996369959527	6.95258366845992	-2.3064662860376455	0.5530425215123975	0.3492486455489277	0.6747536179247516	-0.09039975544238131	-2.0426810938656828	-0.8264171898275868	-1.333672967558733	-0.5222664024368415	-1.5509292231532354	0.8107843785415731	0.15799481075801727	-0.48931560042593253	0.7296612300081322	0.3835863536514152	-0.13505213896637744	-0.201311078373374	0.9806528820408269	0.7628938482313866	1.367094923995126	-0.224999510229964	-0.2410604647965966	-1.0477997949208977	0.7820211846648173	0.40208899723665664	0.17489107004473745	1.0780025629266794	-0.2858069905336352	-0.4676446310002851	-1.4464854613098932	0.03167356021619691	1.2740476361616326	-0.5066419288684578	-0.45253732225278137	0.2330953640106951	0.7617207202347446	-0.025168925362080027	-1.4437463951606804	0.32825344583060717	-1.3512515568995462	0.5863055524998674	-0.4642596219105617	0.42748446423367026	-1.0165466115819282	0.8120811795725308	-0.6416930644489077	-0.09145818354070416	0.179836697962214	-1.0255219878472985	0.2644148263116034	1.1119530023983244	-1.6373796890349528	-0.2940411699020582	0.4070938593418579	-0.30704236830017356	0.2843171627407163	-0.1796401255046555	-0.5390231373962286	0.6341965239593107	-1.2438914648044102	0.5367631786330447	0.007868288326354372	-0.5904247259088858	0.43057308814669665	-0.7777231004747578	-0.6332210613139376	0.5515949103211799	0.13562655469378468	-0.887141386054435	0.7753024645347214	1.0392061597128741	-0.4724584036059543	0.3499878806777338	0.38209565264565776	0.3858479592756105	-0.20471380700242378	0.9646710995812663	-0.3375574891894421	-0.5698960616990015	0.11546444158044229	1.3997395737410039	-0.6023476721126048	0.15009561901530175	-1.0939065450832248	2.090713379279648	0.8700692756935972	-1.3886960515245672	-0.12870088864680487	-0.07769974046711298	-0.08988639605650177	0.926562254809929	-0.30704951121972485
DTXSID7020550	-2.099207801571715	0.8296253290799936	-2.428927416693343	1.658453498151133	-3.1764685329533533	1.0718760592663212	-4.120374545980502	-3.830159505914267	-3.8013553559828384	0.7995543514843668	-7.534654828792616	-1.3153672618544212	8.004753592058156	0.5672946977804835	0.2926794821713338	-1.6268620545588137	-3.1368447506602855	-0.7249435874573431	-0.762477028082903	1.2296871415669273	0.47105736498690426	1.704905366955074	1.2776728868494949	-0.7776642115170183	1.0919010842614707	1.2938831829648465	0.5674989645647156	0.7003200732756631	-0.5394746318508926	-0.6389706765276671	-0.9158676494467387	0.16356153500875917	-0.07513259713788682	0.8383120921715705	-0.4934178385723835	-0.690124319640416	-1.3827281878033422	0.18988629987998407	-0.41296327093365154	0.07717326424026238	0.3113664729966894	-0.06952423001022799	0.2659311678446683	0.2557464712422684	-0.12154557133117583	-0.18853457958275652	0.37762099893604434	-0.5327239359791057	-0.12622404372628185	0.1464303372384994	0.1014191724208067	-0.3747233955340494	0.7550503977978987	0.2618852053332364	0.012989563861050915	0.16804560256105716	0.39770353021741645	0.3239652820382394	-0.24669883971857096	-0.7365322103737786	0.27791069574618127	0.30289299499122235	-0.15847883706759974	1.0236500836436186	0.31753893903968833	-0.5567113502239027	0.4463522491270424	-0.48239296235506407	0.37799581730965026	-0.2655696889541433	-0.549064528549309	-0.8711713207755691	0.6441460887141253	-1.026555174950099	-0.33660669530066745	1.1179945591145315	0.6224283600928756	0.6951352596448535	0.0559529411959529	0.14721518125116598	1.0885349141127563	-0.7266799712290133	-0.2459960589608491	0.7569796769828125	-0.6168850275631536	0.07709654147589949	0.2158554912453467	0.3700168828183769	0.4569416388044274	-0.4664575499692285	-0.29151995225452076	-0.029869856787671574	0.17616899287567037	-0.3800396693487193	1.02830735225079	0.29100795907732097	-0.5232053383628086	-0.41304584718769316	-0.24195532729683397	-0.14688631684383968
DTXSID1046633	4.891958924849865	0.6765209838212228	-1.573582424856715	0.6924346095491667	1.8463424560842365	-3.403445894532841	4.23665737832658	2.055055843136567	-1.9352201305911858	1.804720633904136	-1.093712520876643	0.3485947300020677	0.3260343460738453	2.643409354841657	-0.20888005715441776	-1.2378435560025043	-0.6211692062647477	0.4357817942779413	-1.568077606717912	-0.6729253820404187	-1.875820444164836	-0.6692662754301113	1.0977020908264075	-0.5443261663058946	0.0483060051232712	-0.1590885739882037	-0.5113673730525984	-1.369678238801223	-0.1741683273876232	0.24322629331352555	0.4203959762329458	-0.07301572122783903	-0.003040800572736952	-0.6921252808321555	-0.7584476006297154	0.08180868055925804	0.32870101627126247	-0.17186369607327645	-0.43439327533080363	0.2083052853069354	0.0015466470168802086	0.19586230675429683	-0.6263312025305179	0.5239180765292657	0.20535111647354937	0.013309431450460082	0.16947271286805235	0.847732808358071	-0.06994426642551703	0.18423163957687272	-0.2851967701605868	0.15547224453680186	-0.013936721374670428	-0.039886849250853215	0.046842437490298684	-0.09152798371112138	-0.2622066278426806	0.593873625540346	-0.9107508509691908	-0.05930821078265856	0.07416517217624777	-0.2157883812051681	-0.45998814990344966	0.7513063804738841	-0.4416186156672103	-1.210269358040832	0.1318291165382583	0.17521461958880116	-1.384403568084386	0.3087496434934479	-0.32213284544205645	-0.050759033228424996	-0.5843723073895212	0.44448460781651256	0.9403419787417988	-0.4461881364822331	-1.3415778379319236	-0.919186440211163	0.40084872562556806	-0.38236168245831714	-0.5497991154009213	-0.4881383610806358	-0.6187486929386709	-2.302647551346438	-0.35092432719859584	-0.5742981397298629	0.07849693467486292	1.2009947469348168	0.3073597119149997	-0.10241688701696164	-0.8944600335902804	1.7435186585730928	0.5553873348568797	0.5084962771877916	0.5651220923539505	-0.5144266592237352	0.980126259307758	0.6197955640578905	-0.533261087142674	-0.21939513461799562
DTXSID3022796	8.771449654326705	-1.839892314171356	8.383390789095934	4.732724214443316	3.695992338967338	4.573526142995755	0.10323889665221976	-0.1456338311243633	-2.201345768722355	1.5376163035790753	0.06571885479161167	-0.790225443237741	-0.5073222861514194	0.14182260579558764	-0.723743331723635	0.9950636671281963	-1.1029139993977481	0.2551895983837354	-1.2745887474338282	0.44328217819756466	0.016139405342776875	-0.22031512634617992	0.15425936553182606	0.22704847988810067	-0.019319415529681923	0.13950323463486597	0.9471877039841319	-0.35925248922169545	-0.02068042677788189	0.2608226172437197	0.41553406067745524	0.7671220545217605	0.3812822481748167	-0.19668198125230088	-0.1038701853475555	0.02959075947743505	0.19114863529809784	-0.2591032796719488	0.25720815130117713	-0.21328617440925013	0.1383983241989715	-0.13956511358307877	0.06246536599832473	-0.6232622009809827	0.26746957331623983	-0.30676975085136887	-0.5363825526627543	0.4958488055248968	0.23317742197838734	0.30041678899783	-0.024393352596829766	0.19644737677116722	0.0028963637860631285	0.12619683515143854	0.24503860668533325	0.04436218483505419	0.47131678607727373	-0.1769548470656342	0.24684668394093254	0.38526302413160085	-0.8924829779751644	-0.30476149375234984	-0.3223467509660395	-0.7731297332888304	-0.2411029852377155	-0.10918534341707578	1.3092425608113292	-0.9846783695688127	0.04067988860651853	-0.9363198496508318	-0.7323183488714501	-0.42090300810113196	-0.6073827687653397	0.15269198269145828	0.6528754204097414	-0.4725992875962265	0.5673181552219857	0.5088850730393395	0.15773955169739462	0.44793940444263836	0.6772173084430716	-0.07116493669538966	-0.31409110357244097	-0.45830612644729957	-0.3665560736767025	-0.00898009862122141	0.05664423655030405	0.15246682473764095	0.5852103198697906	-0.13122980873517454	0.66059358318775	0.11042505078433239	0.13873038715617164	0.2642810971181948	-0.39498711281438825	0.3280414697412833	0.20600467377096224	0.3081185765413628	0.6253160625585482	-0.2709819557932987
DTXSID6046183	4.304417854222199	5.224119123874897	0.8264193600530151	1.1605046877046865	0.4688234662044399	-0.31506540112357956	0.8246892614207229	3.351148723983319	1.4245795745703338	0.3374192648769385	-0.0008492165606097664	0.5008436345194398	-0.5683690001375747	1.056299722353212	1.638091027208101	-0.063296278221736	-0.7186403922579947	0.7745677125699649	-0.6675609582578381	-0.8491551401260603	-0.3051297611990401	-0.012397833128268764	1.2370139152057067	-0.3105816468928815	0.642815257565362	0.5660022187930691	0.22960759760667415	-0.7344271773023048	-0.3510511661971737	0.25286951081489534	-0.32807090043293013	-0.47456844700273393	-0.8022069664532393	-1.3318085931135286	-0.0057540461861698665	0.8827687326600832	-0.396948680478441	-0.2119649022075657	0.4462875403702225	0.5230386007181316	-0.45192195853230327	0.5581172997426033	-0.45317529451505156	0.2543254447673946	1.205381052444169	-0.6674239150122956	0.10803896880861615	0.1750053909372802	0.07006067943440829	0.5583860321812258	0.2236712188682668	0.2729868147460739	0.6455494719126447	-0.1638123391085216	-0.5445796927939309	-0.445731850184197	0.06285663632075299	-0.15363808255538666	0.8370110007793123	1.2238341564472601	-0.055024362632213816	-0.33022340011131207	0.11652773020229501	-0.3689886897070033	0.04923258206322946	0.04844692843479449	0.4272287543913549	-0.28075611569130693	0.8754530473935591	1.317326310879665	-0.8695755172132349	1.188332450962345	-0.4604655377444246	0.011660412248068986	0.22591179889916604	-0.40874745103206556	-0.11924470557237203	0.1694957253090334	0.3094113296312151	0.00944990342932946	-0.7724276302438837	-1.0124467595532975	0.36143595966364167	-1.1238788738653562	-0.19350216289544467	0.336872133485498	0.7518325100007978	0.724955191580564	-0.23110141741640533	-0.31197037697842545	-0.481406808057277	-0.06434727706519613	0.40208340417454846	0.31473147463441503	0.20710488336935665	-0.7001261947549081	-0.09660927208423972	0.03522245549467541	0.8885238471736672	0.05605868660846464
DTXSID6023737	2.507957412613754	0.7178606498737485	2.4809037875633297	0.8880961685496396	-2.3903474571290886	-1.7014670862248795	0.2617614615490302	0.2204654621954649	0.653566456768613	-0.24466350141768264	-0.0637452664758698	0.32170315422529877	0.28632980221835824	1.9970692288212908	2.8424141808897034	0.678021466215166	-1.1981073262461828	1.2357755456040873	0.3424109005337898	-1.3094373108527149	-0.4983862504330891	-0.6077638650385411	-0.9321501842028859	0.8564088276830826	-1.2000196225617623	-0.060392455612495274	1.4277340116657098	0.6537965802705142	-0.039267705121197496	-0.7097105537686359	-0.4726915960615079	-0.8931594100856675	1.2994867864557054	0.6132823181472044	-0.2115778850357036	-1.1673399502895376	-1.6571287253610554	-0.4338225910091366	-0.16537162295006655	0.8405170441746336	0.6038581921470253	1.2411490204045483	0.5632304083101816	-0.5620171893903653	-0.13771514626904052	0.25719765748328005	-0.4865554811054462	-0.03731752775934371	-0.0023117952917170656	-0.9640914274144707	-0.070196384388222	-0.36640712645801604	0.12709727621704614	0.23533933327040293	0.46286937740658307	-0.634542986415107	0.6089094798567071	1.5612329204785893	-0.09347719106188489	-0.42973512795730373	0.0018145843589897042	-0.6571408454292093	-1.4550024796289582	-1.7586407628754592	0.44628728588441674	0.8638324268536461	-0.40373319614372416	-0.5971116151290561	0.21376903317772936	-1.4570439354328266	1.6405431500166612	0.004352624711881331	-0.565774186941022	-1.219375733945083	0.03955800776648233	-0.607612699326341	0.7559715528980149	-1.2374604157562303	-0.6985501081468108	0.759970838960594	-0.5648134738792662	0.20246822761866295	-0.2154912238374461	0.3575213347122257	0.42442400760542426	0.9468937329204661	0.8956681431930299	0.7504446108010605	-0.0394728337153887	-0.5005331982913032	0.5543836077010634	-0.30132960779376533	-0.21545123018593343	0.39578341904033143	0.31218878193379235	0.4304744038374347	-0.2335079490264848	-0.21594258503345093	-0.6617563143473643	0.49915721921997624
DTXSID4022812	4.249667583943104	2.06949435614513	-3.3772735006978727	1.2220197676320057	1.9427275675810045	0.85362574660072	-0.0958381821552511	1.2269098558528466	0.985840073488449	0.3768912550953132	-0.8326243722533923	-0.8013649473458099	-0.3399211423543611	-0.9758586352585921	-1.2213925583971552	-1.3813980930994507	2.7582880606535194	0.6160448491059115	-1.9501246431054298	-0.4514684172353569	2.867158060620008	-0.5961959159940262	-0.3898118081397641	1.0354457512635369	0.33597998286346825	0.7554950992104266	1.202424665183461	-0.3624727020005238	-0.05410218178434684	-0.7949131235283952	-0.2842628692609467	0.055200210979823576	-0.7809974614868378	-0.7349973837642723	-0.26290486216438524	-1.3023656652303996	-0.5669862438385173	0.14222359717211794	0.08667426154230096	-0.17012984011855573	1.1867733431261531	1.4046433405017829	-0.29079872594655526	0.5974872966572062	-0.5514890284065097	0.5346695385071706	-0.6717074114955479	-0.08987867168120166	-0.23429440310690877	-0.06008829916094436	-0.032498876962390684	-0.25125808011651507	-0.1395541580829723	0.5969682791589399	-0.8767199453099425	-0.9664375848115478	0.47284977273789014	0.021211427932683657	-0.7683967825572566	-1.0947208423020338	-0.4500606881266481	-0.017978018825667363	0.21274699707013	-0.00041459724434513847	-0.26310972543329536	-0.7938882047618553	-0.6861017570868356	0.8680430764529397	-0.4391782030987282	-0.2861426846034591	0.36161722780928135	0.3392283323007947	0.4981828248064459	-0.08096409676571414	0.7629743885638589	-0.5685673374707557	0.2515929937910128	-0.22343291800365234	0.036796633804173466	0.2146490314121716	0.05264894609946795	-0.3023966209881417	0.3530306634276511	-0.045911099137653476	-1.448077625599888	-0.31005330383675855	0.5496535188017642	0.4699164701034059	-0.13410408777792918	-0.5967406925838291	-0.05445161134996427	1.034214483995404	0.3964853178439822	-0.6457071597590583	-0.060019389435893244	0.4165946985937401	-0.5738391733700742	-0.13854520035128687	0.7198367441312497	-0.36220818174200786
DTXSID1047443	-3.997116705959261	0.5324077749859626	-0.8801755710439483	1.8185746683055508	-2.4183187221244133	0.23221187317649183	-2.8979611180567626	-2.855433033008785	-1.6316745869090563	-1.5819614835497193	-4.760475613413371	-0.09601684718735265	4.1294057327760845	1.7355246562798068	1.1659765181748396	-0.6199184010534183	-1.0796794728160997	0.31632448960361104	0.3781833886278976	0.20883617236931407	0.07981069500862961	0.06219970173296668	-0.5321769291640219	0.4574108645587032	0.683242667911647	-0.37729179821784464	0.8331668597231432	-0.026669265762658254	-0.27329885824609923	0.5814774115101955	-0.10117081127972033	-0.4190281688902455	1.1606309170631266	0.7281232228937045	0.47870933522600134	0.15525173723941207	-0.7496218104733774	-0.5650222307762925	0.3288413441101846	0.11714094813234487	-0.3417819406637549	0.2628936900303411	-0.06659790063331952	0.46302085908695484	-0.6794488363959064	-0.12935743650759846	0.18514402754039136	-0.6455805068036172	-0.42600355493174946	-0.35608055005091965	0.09368165929291314	-0.45560569660771916	0.026931303303435548	0.12999604447452182	0.5230788278879067	-0.401705853877872	0.0042238623433694614	0.014498203276300754	0.24123138296128402	-0.5068109434488799	0.2856580405917521	0.5000538515737394	-0.43275934476447825	-0.366937939866891	-0.022013148460537816	-0.017562696880514417	0.21059606007626192	0.22682378369977035	0.029567029951607027	-0.5820088265547199	-0.014043772571557197	-0.6811082360296272	-0.048867647840336835	0.07302850703527905	0.35077083433288103	-0.11882436480808055	0.13793632866790817	-0.8142795395599841	-0.21938036107597622	-0.24897620218795755	-0.02772290354268139	0.2604270005461578	-0.2386036255611593	-0.10038825956085519	0.36245766957328446	0.025756162179056186	0.2151973680634796	0.2122972128302611	-0.23284724099441098	0.0622066327966431	-0.21295682321938464	-0.1590207824685731	0.059624255515399016	0.14909838742612888	-0.13511100426122813	-0.36585938511212196	0.17041017583370277	0.07808929773109644	0.24617150847225422	0.11313106620885727
DTXSID5057838	0.1798876589876075	4.9925110116846865	-2.716779740461508	2.86165605938023	-0.7999911248533886	-0.8423493502246452	3.3457872681779155	-1.6897989824095323	0.732389109884171	0.42225105599264773	0.8916316100251401	-1.3243196216722932	-1.2566127301396026	1.3931158324686506	-1.164820349645992	-1.3922782610063602	0.3112205512682721	0.38827767138943103	0.15390847605169777	0.544703706512031	-1.0311944555257928	0.3749128335980413	-0.9612607960752928	0.7056842580274973	-0.8657352185784748	0.5910429747424844	0.298214128286792	-0.3077506175664738	-0.3770076932150059	0.6556581729037163	-1.6032789821339424	0.19155732563743078	-1.1911607119516499	-0.6078540563334714	0.3936075062133524	0.7869679390330857	-0.6626352690381351	0.7761105818813059	0.8289258938151086	-0.31000017032175975	-1.6535189123295928	0.27301951881003	-0.1029941714524376	0.2120419359864989	1.1564888258651225	-0.549437881817996	0.8922150754569549	-0.18963757491765856	-0.4144700437269155	0.32406828898586404	-0.21419560195286044	0.3713386777574554	-0.05747565425639198	-0.26411445847609744	-1.3595296721552854	0.6419203054155439	-1.0927859446038484	0.45571214734411436	-0.2987216719582417	1.4333220363349872	-0.3487159402308525	-0.005664556854816402	1.0949496012582403	0.08949436147972128	0.185707849536103	-0.0005037558886051941	0.1858316127979499	-2.372684921791972	0.027064574988113377	0.27126797225742305	-0.753660873661208	-0.03931719381609057	0.18331463233928427	-1.6833062841714017	0.2824619367826954	-0.8421343127189458	0.11858544305699524	-0.35090530615934107	0.06763191153858725	-0.9470739248542256	-1.316353908524014	-0.8283974472339812	-0.404727772617431	0.7361715343804052	-0.5207620384696211	0.3722934985230672	-0.776968302517818	-0.3102819636646587	0.00645077504612487	-0.36975544366472973	0.37756189270083285	0.47155432002731756	0.011599523260371608	0.3968997714120072	0.7944560952059839	0.5560179510106211	-0.028662907972182676	-0.8461010574444782	0.3442430731942083	0.0480882360320208
DTXSID9044823	-5.2161535288640986	-3.5864325132629222	-1.3041662832428433	-1.6401991111046268	1.5567016198130956	-0.33306343795791554	-2.622920554007732	-1.2825756646327668	-2.2146867437713422	-0.32808243363611295	1.3383325048984276	-2.44587655648252	-0.9747135528755358	-1.8200551462474004	2.2427657513934305	-0.28355991189109064	0.17704871004188827	-0.8663714348630727	0.9213025447263505	-0.026188230069256652	-0.39290949922916274	-0.2182343888739652	0.8945239025863403	-0.22020057455851164	-0.4760607554751591	-0.46099020021493886	0.47969282219188386	-0.5462465271484565	0.027146777866072534	0.6810627566775916	0.2743415347332864	0.07256586242687199	1.0110034000152552	-0.03303957288728433	0.3696626165513625	-0.06957329968012169	0.2665293406451874	-0.23288297609403222	0.25981954302585836	0.38761941087433677	-0.516197941195567	-0.15916762324347022	-0.5654918867479187	0.23057379941504258	-0.12781760336268186	0.16307240978048873	0.010130641831991758	-0.352163212578297	0.15789689606868748	0.45073318295393233	0.09010155078580463	-0.20487091858034537	0.29243216337074895	0.08073068550959625	0.32883133970823836	0.3663635770997694	0.3729903539453095	-0.5192605285299315	-0.23397688820770013	0.715151230010018	-0.34443566535630316	-0.3809311482259706	0.48969150987391	0.2599319813933521	0.03562147548663055	-0.46607870581113064	-0.6867902129692288	-0.11018952411225781	0.20885989447457334	0.41227763350823643	0.38196885109335665	-0.22578127626232308	-0.13634137070160662	-0.2037409657222909	-0.1574767646691781	-0.07001138555997499	0.4848180571099439	0.14490166998806694	-0.11301690532390601	-0.5990874037956266	0.513655219011534	-0.07276523481640479	-0.46188868844928455	-0.11821177692457013	0.3061285797209741	0.1420425591147468	0.3236169948449165	-0.7612893292290681	-0.6838426301878148	0.09917166509907686	-1.0859102601852912	0.3756036187532852	-0.1728684998852286	-0.580258676490616	-0.3045816667298983	-0.5065782224186751	-0.053797792185020385	-0.6284710211116884	-0.023059007991199962	0.3810843284196661
DTXSID5020447	0.37401646695507385	3.958384335319402	-0.9801505514527424	-1.0932977402100503	-1.774819755888839	2.931666977537079	-1.225950502094439	0.9881216710594072	-0.4956758204307383	-0.9707335755999392	-0.24988855429734627	0.03982757722846004	-0.028524153243196224	-0.49031712808418965	-0.9037461277393809	-0.44383035422962347	1.2190628601342561	0.16341227199145444	-0.30994660134726976	-0.097016112090332	1.1625247120309423	-0.8823690816736817	-0.051255068905070054	0.9988497332486863	-0.43327687839060997	-0.46569950444938096	0.4255624197084897	-1.0336767670947478	0.056501328952314855	0.15601964655617614	1.0227816375209025	-0.6093824944482009	0.0513397582067389	-0.23019267840383859	-0.32333906278246805	-0.3359312566127655	0.17129587696006782	-0.11184308957796381	0.25994265776656433	-0.07481526484349817	0.08910539610629947	0.45749075317440663	-0.23495250566362005	-0.2888942538097537	-0.25934420006230874	0.0830139007319916	0.023870694549716086	-0.11091002934094932	-0.23015608461502915	0.020733871471350366	-0.05732749578957944	0.11389144585022731	-0.17840070828981386	-0.01962841395823884	-0.16176203059538444	-0.03293740746670525	0.6200746735388689	-0.3799922088072916	-0.2913606932968913	0.10468355365943417	0.2362869466388871	0.013420376233340218	-0.04534884753097941	-0.14761010109759853	0.1538627935084241	0.24826306196507772	-0.46541988878019114	0.20160548284628368	-0.3377648374638946	-0.7535341624004327	0.4956475571117637	-0.08534393641498945	-0.1681256389733202	-0.008334768685928749	-0.275469132285007	0.21975903315509615	0.5295934426486351	0.7450488079402618	0.6295929966738374	0.631426228801347	0.4609878667845564	0.564553163134442	0.611525022890803	0.37947216480354884	0.10604186742305999	0.47403701353687655	0.09083975704041711	0.30951952577650527	0.6053436722688266	0.006579814930888236	0.836468131155874	-1.5227432247238903	0.3540708746264481	0.2612045949502539	0.32887016546308495	-0.33773915768645446	-0.2191295883135907	-0.09912148620833848	-0.08789311557283036	0.02855939679259612
DTXSID5045887	48.32788266127119	-0.304408810336201	-26.47906276938992	-1.0832949341365543	16.116880728540323	-9.682741060818199	10.526606075103189	8.960395181562363	-15.325985925858745	4.9267569279452825	1.2008596511789318	-6.2885625022079275	-4.20106017155934	-6.866639947534551	8.238027208136884	-3.6878533931701765	-2.636618475536784	-8.143417025065261	-2.5460442906071608	0.18865625470981426	-11.549863083939982	1.1312322254287874	12.185137656634287	-9.223265619677791	3.6520629423259106	17.84916762070018	-3.7332843137981606	8.306403077279048	-14.39413339931664	13.109858584529022	0.9874177325839628	-13.161745189495967	1.7806190397128192	6.133609368408649	-3.175284100436071	2.314491652959142	2.0409731813717986	-33.96086134710459	1.7712251612879435	0.4978725437052504	-5.53012008565448	-5.518915297411108	9.347070058882593	-4.127260401511043	-18.32754490614743	62.459584250291485	15.192128610761454	-25.607561998897847	0.44101458936087307	29.71120894079254	-64.67369215754202	13.565077959457705	-33.86253112254562	-1.3321116854767048	-31.58721065974092	19.784401648327368	8.750618242194774	23.271977700161592	45.31762711739049	4.602072311926	-4.712800750138815	-11.114202251670875	-5.054979733894316	-2.71606934090732	11.500007826722541	-14.613642651900353	9.930644488523168	8.994154054689485	4.534922585268796	-6.623632203598921	2.06224932786887	1.119706051841248	9.8901568666795	2.428895022162232	2.229849509914604	4.138141182881017	5.070532060709616	5.093894737061748	-4.648223924369172	12.360098181946922	0.029023228713235552	2.276430821358661	0.027297463531557497	-2.066254160633655	-0.4396375387856429	-0.7665312713746575	4.782878081710228	0.22426344906251947	-0.21523618454308546	1.125859561852103	-3.356492117634031	1.4818577327383207	5.603521688402711	-4.48147105146379	-3.555731588169267	1.651595700648621	3.436408296266462	-1.4815645058413687	-1.0964573883758733	0.04390890792096972
DTXSID8035217	-0.0970115455423436	-4.458032811552699	-3.3904628717181615	1.5505546240852823	5.198208283804689	-2.05770478218556	-0.8062913517208564	4.303908937757608	5.109548706937409	-0.8425351339944042	-2.983005197225464	-0.7706730128973083	2.5545208926253338	-2.58119585346379	0.0045513874614483045	-0.5036793998730429	-0.017608752386865874	0.6925765070613026	-0.4429384957376367	-0.4207610848960377	-2.5524949649371274	-1.1917817457984128	-1.7558286985827214	-0.14258573305546232	-1.635327205958315	-0.16758869216931635	-0.6635963879875239	0.8329337573784492	-0.16495117993192937	-0.07586115963642118	0.8245531457969574	0.2166535172793085	0.31899034785816593	-0.48278427252088235	-0.7344868705809564	-0.29339442397375043	-0.08799310355357777	0.21596554006160737	-0.08014781735258063	-0.43810556938910533	-0.5619240681145571	-0.8255081244605257	0.012902613205736813	-0.8341061464263047	0.38204368364817737	0.07964941155941517	0.4683732140677163	0.5485551261172827	0.11829599110565257	-0.43136554332388855	-0.29238929730042834	0.2383373895763051	-0.05333980252004762	-0.27009885205080125	0.7550835748993608	-0.4286939754230313	-0.3635188136728626	-0.12811592985885756	0.34119969509507303	0.1875601774149188	0.0050543052790854226	-1.734014452336884	-0.7017586213446135	0.6566809006699152	-0.3110459181424261	-0.30009205263667416	1.0201523628043059	0.6290405413466349	0.25847859189610717	-0.7145135165040423	1.276547758379842	-1.341871479813664	0.17959867117582773	-0.30916073168796193	-0.2851540969996618	-1.5985482630054668	-1.2243026886498054	1.3433473521754316	0.2738313932451137	-0.47946412318893195	-0.28512381866292547	0.18813367178134643	0.5903256613329307	-0.3358845974214294	0.08534610800022148	-0.5170653016074049	-1.2342660014793099	0.49124473254716583	0.2889676113869851	0.053545942025378136	-0.5302496088925349	0.4260304304549473	-0.7855268056283979	1.3741841470923752	0.6348323213303771	-0.740120399069505	0.6457178355108747	-0.2820652254220508	0.09905729457609802	1.4599079961370096
DTXSID5029710	-6.374083850137416	-1.6093745083370083	-0.03491992866211256	-2.1634186649757474	-1.2959324476156	3.2440433733431866	-0.4623608940451451	1.8550215586579402	-0.4209367354606163	0.5052361353949062	-0.20498519333988244	-0.19424978037988744	-0.1784240628149419	-1.7553923975505195	-0.44153877246122797	0.16879208484501756	-0.6351206992301025	-0.28701115576753	-0.30342646690536434	-0.11591942442545124	0.2944522050106775	0.04587772261205683	-0.3668113085294479	-0.6968652447432574	0.8228930599843942	-0.9331289557769546	-0.733283673889006	0.13170360154072658	-0.26959950235307173	0.3260966985280642	0.02598152272203142	0.33723814656057544	0.93596399809139	0.05994847500350742	0.19504472547570925	-0.14842097115355896	0.015128957791731922	-0.8207216765985521	0.10569433604080175	-0.11114057434274414	-0.03826604395722412	0.015002578033107148	-0.10545018866218103	-0.17969890906884314	0.05875061265491207	-0.18178193046405294	-0.3767689455732059	0.1808657081252409	0.22001649451268016	0.07184173870352004	0.0036547335873015874	-0.29967938249843706	0.1643130662220131	-0.0037628937364060505	0.4029029842379617	0.1676562903949561	0.3358851395745221	-0.027955403339750835	0.27776503938506353	0.3047813585998962	-0.4208960612431065	0.06376247837339648	0.019541786633481557	-0.12106648520460596	-0.05342195210586815	0.18135003339579878	0.13864119942294564	0.15178998837718474	-0.4292837288573136	-0.004162467089489683	0.06739926317142854	0.7072929174157133	-0.30499573078770237	0.12150721452880896	-0.8468644764768609	-0.4733943254809375	-0.6350323615753692	-0.2377749901388779	-0.934585721498275	0.4052406238424229	-0.5485431064614277	-1.6687721771113935	-0.9436723856840925	-1.000386006016811	0.44007533360277673	0.8324383874240812	-0.7405814694679442	-0.5929942367093515	0.42057819014694225	0.3574761160552787	0.733445947003608	-0.09079725798859183	-0.42316829416374324	-0.5857220945592025	0.8223105151488526	-0.39991556384249183	0.3407089202471322	0.42748902037757996	-0.3878691213833559	-0.6385978668322254
DTXSID4027282	-4.622253398851997	1.3600315967121284	0.2491140478498841	-0.6249003117788015	-2.1451959681896944	2.533992782948829	-0.979698078270742	1.9480578427190973	0.12282352429915128	-0.3729150869709585	0.5631033886113237	-0.18033981820584882	-0.3253001645332304	-1.351903818884096	-0.8348236234571275	0.17935446320515067	0.16563409017416808	-0.3072607304316397	-0.4563545880498176	-0.41040604877462783	0.05957948694661734	-0.25967127981364013	0.286699582587548	0.07826303557110866	-0.28442363296827705	0.18214201568338614	0.17969932041631587	-0.363549411329393	-0.08572346314219272	0.05784887524329808	-0.3404398379473206	-0.23019191543171869	-0.6716487699576235	-0.24646514603781985	0.5815439524929482	-0.2923362925158706	-0.14673510546943822	-0.1622392684867606	0.11081557402403475	0.423402042264624	-0.4074983731425195	0.26768595419184826	0.2738964186363586	0.19493569972465682	-0.0080417160412424	-0.36026085413838227	-0.08289359961038466	-0.40290764031110426	-0.051113262208064995	0.030292954554800123	0.18114674931123165	0.029495776633879096	0.26089589815329	-0.2039100448415343	-0.13687452556776009	-0.3617015952332863	0.10799355029402351	-0.16561187774209388	0.31635760093183335	-0.15877523291874202	0.13499465142188496	-0.113908840529001	-0.5417259992070748	0.30708142862633214	0.3878091446467353	0.6678745250683543	0.24302913467344814	-0.1120061296684922	-0.015316207014566622	-0.2523487209776642	0.2418800267257589	-0.19067749462189715	0.3937744254541427	0.5072962685370005	-0.2237467380143523	-0.12441633389014606	-0.06664410878082754	-0.15896329557351907	-0.4562983187687363	0.24584459275925113	0.26639154475374277	-0.5745011643651938	-0.17570371989025374	-0.7958031622400085	0.43669391077939146	0.35249631309838675	-0.5630670164027795	-0.2583185809632741	0.13036629593062884	0.29562420877891044	-0.31213587958769373	0.07890240864543031	0.5575075687848087	0.3178276635689967	-0.23908886444696872	0.12494156238089572	0.3294725873616959	0.4028363846743614	0.6254561132808033	-0.2732423756116138
DTXSID0046856	29.795078764763833	3.9762040305519832	-6.125868507587078	5.0943178929893005	14.632723861657682	-7.839061759199112	-0.00661948027646437	8.131134316985955	3.8357197901247	-6.532386930110078	-3.7593777701981455	-1.277323127129117	1.8323747068984413	-0.3734048760508833	-0.8306808083423824	0.7806479792870105	-4.426972563106843	-2.4313311741012433	-3.884606611536751	4.422742315350923	-0.28572051468111787	0.27037264588184795	3.041555956447909	-1.2181625386273258	0.8460387040522659	-1.1426867647962893	-1.626515400847647	-1.8337412848447525	-1.1173189884638635	-0.3633615776737336	-1.2753217143828253	-1.3341868772069165	0.6442370672052985	-0.12403224794091496	1.7290957148169352	-3.0903777286283782	-1.882418555014467	-1.998867753424846	-1.7885633554967497	-0.401428603577427	3.45729734473958	1.7941114061855614	-1.7150256587466688	0.1218051371186987	1.1633797921766431	1.5427485925500808	-0.5481848548029511	-0.019076600391004853	0.4206095104449421	0.6011600932860574	0.16681580804389912	-0.4919806703884526	-0.4874749262948695	1.3107551466543585	-0.45044027224125693	-0.12311472054460752	1.3842002740720643	3.3989564606721903	-2.272188108637571	0.5515515016705421	-1.0535314105446507	0.8958099634668123	-2.5175859384486388	-0.6065782525911355	-0.9860151636625694	0.717030491468252	-2.861429649843457	2.2389330208850446	0.018923557087404355	-1.1019553888248677	2.206987520343621	2.9045381980466187	-1.580368640343701	-0.2439187167470157	1.262497475885886	-3.8926350308931283	-2.5118541963912957	-1.1964526366197559	0.23348876567862106	-3.50996643760732	1.6935363268498944	-1.546359386465031	0.9895633672203172	1.8509526209184015	-1.4237175066081047	-3.024492243424746	-0.15330538842137045	-0.554613249325197	0.030467247630591197	-0.5516361363475656	-0.47688469765618585	-1.7483286511021747	2.5211015170112248	-0.34011877870834234	0.855849830468645	0.4977321772527645	0.8926411665782754	0.9202495143832169	1.865633402972221	-1.6414527300701591
DTXSID1023021	0.4561681963056738	1.4976909521952844	-3.1514692712806696	1.1210154991644758	0.3232572471613099	1.0347025885200758	3.0558040864211398	-0.6739408621387366	-1.452122383429575	-0.31140145398452634	-1.689284652459034	-0.4466321119650213	-0.9608031617860698	1.0186974451673303	-0.1782166135816028	-3.0665427376099443	2.7979891275523867	0.8346180046408604	-1.122717931517794	-0.4508431584663956	1.5162257906035554	-1.1732717064182134	-0.9490801278458727	0.7262789728923349	0.6098661488861892	2.875331056485681	0.39465589011587576	4.094635698084963	-0.15774925894278288	-0.1678135350233634	-0.4566254946776298	-2.2620423538839654	0.5758855208104178	0.47973157561971264	-0.970439457876787	0.16148344627812425	1.721910105218827	2.3907252260404137	-0.2043089409337471	-0.3854943559039829	-0.8589285210229752	0.40696517062704723	-1.4687655323101474	-1.6990681555093152	-0.28066038435806884	-0.284832285689311	-1.3555456385149571	-0.8273210886167452	0.07740760484632857	0.012141658208852671	0.2647706055994809	-0.19242105277875232	-0.2160502108368551	-0.18373661022955431	1.5358161430692228	-0.9058024695952691	2.709040061427603	2.3913483816435113	1.6610400338997386	-0.8991107731058718	-1.51019923353939	0.3384262560363402	1.4650351291260504	1.3693851505866308	-0.34825568658765577	-1.5732972385565613	-0.39591408452359056	0.49348763437902116	-1.850961332080938	-1.3237463311208406	1.5327612162442068	0.289481904033279	-0.7029839664689781	1.3056292251514656	0.8616291156464232	0.25818763149636637	0.4855860670071655	0.4524466031425894	-0.7891520903609168	0.5293297770292714	-1.0048751860324159	-0.12415460384814406	-0.263672350674337	0.8205780435328283	-0.48389114998292226	-0.49569853116882584	-0.282780247752723	-0.3281041886350564	-0.9315094419477526	-0.4537109732319224	-0.4576143383793596	0.8382053645180648	-0.19197171466545992	-0.15326949022996467	-0.8794067318704515	0.9561346558630093	-0.14190525787949984	0.20759603054920706	0.685169365896936	-0.15388651196502587
DTXSID3044960	3.994431958183283	3.4467407780645423	-3.148239438048593	0.4779082258594306	0.6660257988586863	-2.6890608737137427	-2.8269550008271733	0.7970861806874937	-0.494212841798827	3.3383989480028764	0.3684606737144698	-0.8187123809600843	-2.8702618144494787	5.765984762868543	-3.1873453870860535	-2.3467475707918575	-0.7634494614702502	-1.336374573527897	1.317643366544134	1.064219413417947	0.6898320418016718	0.7458686421584856	-0.9823755904743229	-0.6875447896917021	-0.1572439290248601	-0.522044780439336	-1.8431955084120912	-0.38970706416231166	-0.4319204087361417	-0.16962374053524587	0.017355360979761647	0.8023199668962127	0.35316442371799567	-0.6723564204059278	-1.333808096158073	0.5458007718937234	-0.2874023025189836	0.3340506871245164	-0.6430927452705185	0.11924802726949295	0.31367001384076976	-0.6564354695781874	0.5482645996576839	0.5540827082341335	-0.06445109096664065	0.19951121438017053	0.6204958039372098	0.8013313164055272	-0.3700482192673165	-0.025719165665047058	-0.7122913518980419	-0.09862658675725539	-0.05661094382222985	-0.4825663872265311	-0.2610319357956217	0.59111198924059	-1.0505592818216634	-0.21734208853740836	-1.4118661647627657	-0.8404755307922573	-0.0957403499109011	-0.3266066993922718	1.0475380415193516	1.3033780486630426	-0.07269232314732711	-2.504430542120343	0.03326169017149821	0.1405492602371898	-0.7214324011116755	-0.28463321423204696	-0.05662410958395761	-0.3178689306784838	-0.29465170172242366	-0.35413498589457376	-0.615125958030706	0.10139451452629993	-0.4615676964411675	-0.7720201059131923	-0.3421568692351591	-0.16807899675626434	0.05530381132907489	-0.14037608747370875	0.0008372971362215962	-0.389199880417697	0.3941731261129585	0.8395930267362064	0.4193643494343166	-0.40388119514672555	0.056097467867035185	-0.42941592717933014	-0.09489836169317445	0.038499513000194156	-0.4374126719890248	-0.08920393578918333	0.35600094532530546	0.15149415663425064	-0.6129076040116609	-0.14662023172175556	-0.07526606498688265	0.5831949674018291
DTXSID1048962	-1.0397347574446487	-5.203351773216213	-3.938297637757334	-3.228857319702403	-1.02398842926321	0.2679890096039438	-1.7421185857521984	0.27499507273353324	-2.782688094655332	0.39920774100279804	-1.9215390178126224	-0.16867564087407824	-2.730181845379966	-1.9616847905749824	-0.8275469264273461	1.8231167018357173	2.167461745280031	8.646688919071863	1.6699131448645925	4.098031450688849	-2.0087407769591845	2.727599332981912	2.8438593275596955	-0.5463240657744675	-2.406380455519412	-0.3058212409634006	-2.001001917081523	1.9210915095618764	-0.7661329445565519	-0.19850321874901117	-0.14468937107772784	1.005463654910868	0.798818213604132	-1.1898174915650512	-0.1908025580647932	0.15256884588627156	-0.9087895767794874	0.5993707814457434	0.8758323326055243	0.37146505802762736	0.4456283287213019	0.6970909244198684	-0.0943113370097515	0.6474491617763525	0.2299681109989599	0.4601371845671613	0.02599356320210521	0.19675840441977702	0.17095173804178257	0.03867180150468088	0.23589984135585737	0.6889773890626567	0.029878680506247857	0.46100718478849984	0.1843982198636951	-0.664083881816256	0.5434043749957717	0.04317292884147166	-0.2439636559130481	-0.08259887380829509	0.2857795987566095	-0.16950067500794389	-0.9134571800553092	0.13875158470660098	-0.021930238725604196	-0.04444468205673857	1.075723745720277	0.2861585819639418	1.076818199432186	0.04485047765447959	-0.47688565241780906	-0.09854544723038565	-0.5080807966302106	0.8044545244684549	-0.6841264561253992	-0.311098307889922	0.19673833807718313	0.33740982747419723	-0.3749040184130557	-0.19603686753188768	0.32797848909431243	0.6860213372612161	-0.7421107087807712	-0.2737883433498104	0.046482266338040805	0.6870079317267491	0.8835113507862719	-0.663304158338023	-0.8495048194228024	0.07527890874652715	0.26314519581060425	0.48310772977743255	0.5185894230860699	-0.031033118927618095	0.2789173222092241	0.06815872744118046	-0.38487885433280083	0.2377624894306124	0.0057748699869437205	0.2268866625586706
DTXSID0044995	0.44040676762973574	4.693018206158473	-1.3166589497322903	3.222638132180657	1.3283600596075424	0.29147535433367483	0.9502162492050815	-2.369870403896843	0.17902239685412186	-0.46860912662650434	1.6131469738311217	6.291604753816541	-1.724471900030129	-2.130040806184868	1.144341724405912	-0.20235619477472971	-2.058553808202507	0.6295653153085443	0.289164678644959	-0.8391124924690898	-1.202414247564824	0.15956811344999378	0.12603418423429508	-0.4389588545194459	0.8513644701322899	0.2340800822591674	-0.04194351938429096	0.532251732163123	0.24001815078791552	-0.07361678722136261	-0.7019692403095802	-0.7168277536143745	-0.9215721554587218	0.09049636069206868	-0.22509718335669865	-0.46320667486070966	0.8640679842529907	1.44807962250746	0.9664056535652304	0.033945987590760764	-0.7898496245912809	0.02882426267460472	-0.3223396340879228	0.5200964838041338	-0.21586903661587947	0.42847236903960323	0.5001071363423908	-0.2872712617820926	0.6636837003937113	0.5670802926092753	0.4442049750240283	0.5073969420038137	0.12358037797691798	0.07067420201628256	-0.03322010440668278	-0.9569280055110881	-0.2643169413428062	-0.22493923879450695	0.7210715354827342	-0.017630604373186524	0.10892023554862554	0.08407778175055261	0.059567626351814645	-0.5050850402622891	-0.23594823084909616	-0.25500837024576567	0.5147002342936122	-1.0197852215065861	-0.6093092820080155	1.7464933821970656	0.10994998366435434	-0.05904231626267491	0.042895974543749986	-0.8813514752346857	1.2788303741697566	-0.6478668328114813	-0.03496141666475123	-1.0185186552940213	1.0153586663697578	-1.2212810309459328	-0.9021877917163637	-0.17783549073971766	0.5603695053059498	-0.40062912047718835	-1.35816050682424	-0.2537440132244842	1.270968118290037	-0.5856395816635164	1.903067536790597	1.2236331009605246	0.060512866321293435	1.0423228637123103	0.42300120968555016	0.5778919079700452	-0.3915085048382317	-0.7206070895457408	0.37409808628941515	-0.14245760884207062	0.08672875867499387	0.1366006070830172
DTXSID8022614	2.9537012910140144	4.19096683827236	-0.1550262939639637	4.292211679529402	-3.473714589206572	0.3476410583725542	-2.941308297081383	-4.796622341271927	-1.926062754636593	-1.459127427815264	-6.911497094834452	-0.788630017172285	7.932137111414651	0.4207959661703219	3.084240755254132	-0.5866848936999194	-4.319201798395866	-0.03889768672419093	-0.8808464261730024	0.9373081177915195	0.2724210201652654	1.6440556997914075	1.1206474959740351	-1.1024687075757449	1.299181295697197	1.2292713804390998	0.5916063703270208	1.1071162607628164	-0.9440995534088489	-1.3183209420133701	-0.8161029269752427	-0.3263600163967243	0.5975441967928812	0.7106743449952669	-1.2934753428377828	-3.3133208208068865	-1.9746740435332586	0.6647143420796173	0.29910934809653933	1.5280829865636343	0.35489804415416715	1.0545377786406414	0.2644912447051074	-0.8971102600874744	0.5332994804443056	0.4061910040961873	0.022958367377658103	0.16693489877576095	0.2821729925155236	0.1835879573926094	0.1877707398567613	-0.34967981328596515	0.6934664361207352	0.4159550328504178	0.5612732173957669	0.14762043578711728	1.279319208430134	1.2482510007512413	-0.2835976145428779	-0.5728168992490275	1.0230340189994755	-0.32758110980331706	-1.229747790102684	-0.2219522505094214	1.2527968692726876	-0.43012452903571946	0.18578993109199013	-1.8871665389033008	0.40860185944577987	0.38618266873533336	1.183937409211377	-0.06632896194838112	-0.8410041096087291	-1.9467312208671772	0.4386526915873687	-0.4729550438355995	0.6195037886180645	-0.14552589169121463	-0.21931566989107967	0.694551881500597	0.6168325468454726	-0.6274131580865387	-0.06853635017995191	0.3822488917668057	-0.1634976089941754	0.6492355589947162	0.917456148976201	0.9722502070839464	0.810684027088632	-0.8332096535542791	0.7866424971197069	-0.32457721985215005	0.013228624086819652	-0.18172856518901104	-0.3255966549915661	0.34881107558975344	-1.243292890952811	-0.08688026949842832	-0.9568201820505259	0.17297588108607614
DTXSID4041604	-2.9268392280170037	-2.34885400899606	2.5674085152742347	-1.7799901103898137	0.5341981960412674	-1.738738312748542	-0.5167588251993891	0.028461686771813943	-0.13040998052892502	-0.8537390547380282	-0.5301286070230516	0.3598823075579503	-0.12476502992956448	0.9587809837617298	-0.680627827558147	-0.25959318944241117	0.04979259547710231	-0.43235582155337826	0.6008339970907859	-0.4596047551851218	0.1763267957368436	0.12708939447503284	0.6423888198812524	-0.2891372916416028	0.28107259012064595	0.23485826796109655	-0.4146705167618035	0.03169582255976076	0.1397989627199383	-0.2576041556286366	-0.038444295941382274	-0.2303331684468149	-0.22612851874352582	-0.5427426394537418	0.163113504745806	0.035775993619597275	0.34164616994816616	0.4240171719927568	0.18631332968645714	0.45046801500314737	-0.14749255395572758	-0.01729235450199986	-0.1492401799476906	-0.0747648739222394	-0.16461294738648255	-0.016639654656762513	-0.02658536238089396	-0.001043725911360249	0.13505952143785854	0.19906752358671279	0.09420767266514982	0.14461717321955583	0.14988979829863308	-0.15632740194280664	0.055236193320035536	-0.20030275332639877	0.04355155515411759	-0.09092199408178542	0.21834274858774258	0.14240571350153733	0.14162426335575823	0.09260626927054026	0.19173451823967516	-0.0009638279429082505	-8.365373763989412e-05	-0.22314150373718866	0.5228506771114696	-0.5558065852099966	0.15405524089674763	0.5663173087406033	0.5014941490528135	0.14514739074437533	-0.10844890234903391	0.029119521269229707	-0.8105871886660952	0.11932519585668457	-0.22561699731390764	0.221263189873039	0.019516343179855226	-0.12248569340876982	-0.12661669058361724	-0.3205380482352607	0.023975831499481296	-0.1340207478736085	-0.17051049752403458	-0.05578943652533077	0.257567179283333	0.26399045325914183	-0.027805783691504465	0.053431990280069286	0.1846297951780312	0.2962168456287788	0.033946387767206605	-0.22264392156748863	-0.2972403194747451	0.007113278973658316	0.008363072263764091	-0.07145094443774204	-0.053980389803238965	0.2689796810284035
DTXSID4039657	4.662039724728053	-3.7138798925362853	-7.7088251375305195	3.2859621679432225	-1.1782393738577484	-0.9645244198516737	6.663014695005142	-2.428222136305062	-0.7001137222171316	-0.28058860754882997	1.3309413211714107	-0.6631075081021526	0.49722982353824685	0.8729396183849253	-2.3848434575294344	-0.6175180982006431	-0.9515245298802486	-0.3275820970321173	-1.4907566589680556	0.779041346270462	-2.2780076691822	-0.4134543814846869	-0.5320859960787305	-0.7890663001206583	-1.4775583969326325	-0.6140614249768231	-0.18000332919002174	0.1488549268632148	-0.12813062413540474	0.1964809900861921	-0.5071039185252137	0.686301305136323	0.07812972170411221	-0.04707659006131027	-0.5149389994554338	-0.7963831371363231	0.11072352092750568	1.1447876837784867	0.6877603207170758	-1.264571935846794	-1.6070398113695878	0.36092146936254044	-0.43858172093300013	-1.0005669245531519	0.7219927686480261	0.3253276595173652	0.8450685654844323	0.2247350508910458	-0.2239341865079936	-0.35759882651744923	-0.35110093688232424	0.9126429018480214	-1.0885408887766204	0.02287450168512889	-0.1297804094664057	0.2002554399820031	-0.6010228625430006	0.5801296003231229	-0.8092062430149274	1.2454291048088133	0.4019045293421399	0.06677832385109243	-0.14047343589803704	0.1080531991946177	0.17269394295959942	0.8404255014158684	0.07899418539630984	-1.5011133387062887	0.9666422068976169	0.18244617612169442	0.047820786545298644	-1.5965259079337477	0.9760918091310937	-1.4211323516040768	-0.896256697372275	-0.7731468678234623	0.029544418103831568	1.371036398805722	0.5338831175379603	0.3160413065622154	0.883835875489034	-0.39334410994707036	-0.8950077029576875	-0.7589006810014401	-0.22101180962246705	0.9140409163552033	1.1668042180288656	0.2941683389982206	0.4861185915429581	0.0016641889488904016	0.5342704986515231	-0.5195592881239702	0.8067405232091702	-0.44803603264058306	0.1528655081369646	-0.2554366892333729	0.0670719706768136	-0.856013888019113	0.6560368951217395	-0.19776587234717097
DTXSID9023540	-1.272357670565893	-0.592782096391942	-2.6113621774342244	0.8310830889629254	1.6071015068581291	-1.046072224539492	1.593554907833865	-0.07373214752309856	-1.176569211660413	-2.388272652901562	-1.699992136736641	-1.3987184038435878	-0.7324174401205141	1.0148169578413908	1.0996117180745542	0.24476785084613192	-0.6767850028813075	-0.41752005394716696	-1.1274928569847973	0.7793748686888452	-2.3565026334759036	-1.2343419237869495	0.22238378418337737	0.995338822188145	-0.03342505855232661	-2.292208252298741	0.9363970454583797	-0.5386339252577729	0.6308001029887175	0.39836885221695323	0.8894097030534038	-1.4218337933757117	0.3236742463098859	0.318913497050591	0.8191017827949761	-0.7006734595779116	-0.33378485441268324	-0.3995614139160384	-0.6566967212338288	0.35254908518975125	0.15871485375438418	-0.47602655725266024	0.5139478768388736	1.1386019033726222	-0.7235151197429	0.19185609505485934	0.5074149732623546	0.007568585695280871	0.6293517789302199	0.8194525283783468	0.33314074848474046	-0.2722658807762486	0.29394806387180233	-0.23639011194446719	0.15368922491940162	-0.10120065511519899	-0.08778348793715872	-0.16066853955895719	0.0584447338054742	-0.5061258643105283	-0.5734957932598257	-0.6222046635941536	0.07914735119774187	-0.28688444066503926	0.018187971647800037	0.19830813473240771	-0.5447446997658788	0.7899504527104647	-0.9050881743263888	0.40011988950476035	0.19549303014875208	-0.05884582141721953	-0.18127726468508246	0.5201356430820594	0.4703565872103828	0.14412887408095104	-0.8457736948205254	0.26485426440943566	-0.5519661510030436	-0.3471947813728149	1.5320438309202702	-0.002072963678659737	0.1268976916117772	-0.4412803033887655	-1.3814253019440141	-0.11469271937321746	1.0971827070830258	-0.8319399871517025	0.1427947991592806	-1.595600751448262	-1.4591490244770164	-0.18142075416136658	-0.22858912726682046	0.5371364963717733	0.1854105174854175	1.2519347825364238	0.41311700932922385	0.5178520190457867	-0.06400881412194917	-0.43834565719552326
DTXSID2034542	0.7793644898019374	0.12228827344276814	0.015049831549804342	0.0687969138024866	0.8868640066933231	0.42908515002268305	2.3095614687075594	3.300749789140063	-1.0361193382978755	-0.7113891393035112	-1.5350093303380568	0.48325865326745754	-0.14968202871588937	2.269464085232996	1.3673156200423429	-1.4411014213991893	-0.1736570975539861	0.1982297554241624	-0.8728916703068921	-1.16320617875281	-1.7154171729293495	-1.873788379567389	1.173251285104282	-0.05315027289433958	0.5527515118594993	1.2938682586635688	0.27505745348033167	2.2431641184674636	-0.5177732021659256	-0.1347412998350968	-1.998130718522488	-1.0186885129372096	3.4862271632341835	4.464028004986105	2.2524169497715243	4.1756692210560615	0.22317550025090538	0.8670362745261755	-0.4843780447466262	1.4662965969053707	3.801332395601098	-1.868014921829318	-1.9232504204860899	4.230102501257818	-1.042233452194272	0.27612825418211256	-1.1199451226325532	0.4512137062158347	-1.2218469602272546	-3.0572052442497935	0.14899393814399048	-0.3524814090153298	-1.4466130926650578	2.557422339104286	-0.7799507047243132	-0.4378452009089225	-1.5773574915380797	-2.0822646152735516	-0.07398936779893597	2.7866710076638057	2.806605064981847	-0.5353238646718802	0.7552691967011178	-0.4020323574090432	1.7423028676012182	-0.7574265618053462	1.3643655798212355	0.014201478156925703	0.632044489745992	0.7585381005779149	-0.11144932462331725	0.2960786085184467	-0.1480047493216062	0.9256982229470411	0.7583247417184311	-1.1256306124370286	0.01057043202770975	-0.7692334038237206	0.708975220029712	0.051759613855740835	0.41399215872061185	0.4894363385411625	0.11136741401549989	-0.39283808211032206	-0.06216176299535166	-0.05058387107840185	0.4394817382359986	0.4680444316029221	0.29575600390959356	-0.06816189638338556	-0.496870489393591	-0.30961511730681823	0.5937996389455096	1.048286309070826	0.06619964277764807	-0.057901917368934464	0.7562902814904643	0.12134946811614017	0.2566712211015497	0.04476311105461326
DTXSID4025741	-3.021823211820462	0.28415603924817107	-1.6125681368867868	0.7575743995345318	2.62551532805234	1.1020859574108748	-1.4771647241739974	-0.588314561681319	-0.1221449006742129	-0.38601210867737057	0.6553403262548758	5.168122721820086	-0.5915679295995195	-1.606340462137391	-0.3935699744673392	-0.7215612495344815	-0.5121180831577977	-0.10778267184565536	0.26331984248830603	-0.32455360861930316	0.32412660609266575	0.22919936325910256	0.8298040440326883	0.4379550502118925	-0.20444009533501714	-0.1804705178811936	0.32543979849148025	0.3793168268349946	-0.06364506620533618	0.37856671779245665	0.018993449315961065	-0.3997195903323706	0.1940426403368488	-0.20410998676847075	0.5561545474640851	0.11211222685864625	-0.18682467039069056	-0.32829105832073807	-0.09053825606132015	-0.1897249462383491	-0.3556089758455848	0.21680757024678807	-0.05408460949220588	-0.14603923013642797	0.4888089004826729	-0.5116366668165927	0.10996396547060346	-0.6260657370603068	-0.09337334399075597	-0.07429247729500883	0.04710191468655247	-0.2772806059787845	0.20151836516568183	-0.17031076185591532	-0.6820107913054182	0.4981204101641411	-0.10394729288029196	0.08888235396937064	0.05545984310935119	0.4551414776447283	-0.3698331943964743	-0.29754061159578715	0.42637579942931064	-0.26860187056007606	0.26512059606708077	0.4392919710600475	0.027460520080914187	-0.13598068778821673	0.03629982821218545	-0.2920529317897429	-0.16415717835735574	0.8417061994021463	0.054239576953511885	-0.8283531893737611	-0.824045948830037	-1.2119391296930058	-0.29416870306471243	0.9438345954443508	0.6457757907114993	0.8139281283398845	-0.6459743309618888	0.3399636996255887	-0.1448025818309849	-0.9382301124853457	0.13057354738150193	-0.9706610235413439	-1.4316803429685225	-0.16413651781257435	-1.0260398747155122	-0.41009923886391986	0.16342080162687878	-0.03718977989532172	0.23175692857972954	-0.8910475433932709	0.2334562754577558	0.7268161342649312	-0.38910064123554006	-0.5628756226519777	0.28315718877942364	0.24738224451746266
DTXSID0047244	-3.0855861630705212	-2.897338539836943	3.3956728237661786	0.04388743603166263	-1.032990098024659	-0.10133519598198071	0.3478673172197155	-0.8199113315489585	0.5533560237567404	0.9413263100686147	0.08412717223092173	-0.02170754629710775	0.8774869768175123	-0.71769147094136	-0.20532905736561574	-0.42678632555597945	0.1146290939368176	0.27456517723971624	-0.05166563246765261	-0.09222130680746372	0.17033902723365066	-0.03370104333065946	-0.5513150319107506	0.3030948760843386	-0.6089498172886839	0.13829288678916168	0.290826857901971	0.46739367880556126	0.38152424062860946	-0.06782976264292312	0.738210641079836	-0.7159706244467418	-0.4537061507514655	-0.8163460860211069	0.13039500641212376	0.2483938770594458	-0.44966099647173446	0.30060073195330816	0.35590589808234224	0.47300257294762243	0.12368768540017623	0.3805598784568797	-0.11564398391788416	0.30739184130182184	0.014426965398733333	0.2134612407590401	0.31760057880795145	-0.1992819792644154	0.15064210079221732	-0.11693283785323286	0.0989319501383834	0.08658908699448636	-0.035869719507162265	0.04815940599089203	-0.15514640048262168	-0.6041990599296742	-0.05575885414025648	-0.08144198766849838	-0.13104035082272905	0.040155416547761995	0.03842076210417419	-0.34539377696784174	-0.30214482589826963	-0.1667628838465053	0.0013051784066065134	0.20555984002309508	0.16680967048856213	-0.0042042153339091805	-0.4390114993914373	-0.581381039708001	0.33787658480643745	-0.14004151029740905	-0.13171268544814974	0.13982713616040277	-0.17091409876407335	0.32452761320837453	0.3018546360123149	0.2869944416123301	0.2757930063600606	0.1829888397231821	0.0975994466490876	0.1754032834350862	0.23343911051419633	-0.12115000555912737	-0.006480191356389608	0.24431684472577866	0.09453173805794322	-0.224559003153847	-0.00610313612584977	-0.16259699760421148	0.4299286488668534	-0.14532093794249512	0.040829610560501085	0.6011331020908695	0.24221652035499483	0.3865777864747545	-0.044944385895633425	-0.16625509290414972	-0.4295140925151591	0.36098202791752804
DTXSID5052620	-2.809188270747834	-0.10496971047590933	-0.6357346577605348	1.083255064301334	-0.6241285070158237	-0.8197033386085836	-2.3981790277281516	-0.22375397902957891	-0.9868870568389951	-2.7423692267659603	-1.9509569213442486	0.6943982381299384	0.18349696051930064	3.677877484251657	-0.12812822769513035	-0.15506063519433494	0.08636486782327477	0.18275184791949883	1.4199685471811438	0.03040980659720268	0.42299407599569094	-0.9647432746495989	-1.2048544231695482	1.5373640362754053	-0.8866957414198953	-1.027246616039535	1.6421845611670216	0.8039521272990726	-0.06538233482323541	1.0940416584139665	1.1773966111717349	-0.7789436127211654	2.412533100256192	1.2034622829293642	0.07663546331007988	-0.2666447046303796	2.011408820028739	-2.472497948641442	1.4447775464741286	-0.00203766012503015	-2.0218087942376775	0.8282364733437846	0.257795047592103	2.1217729831528995	1.1274041979646197	-0.10217144215480303	-2.24368511099298	0.9411941073325379	0.6334666184526077	-1.884542438273244	-0.14934100042446286	1.1529179054834806	-2.361741422407487	0.33377087003083156	1.1750835883767385	-1.2300265856089918	-1.9145741273479955	1.4304685597286353	0.5702629591169627	-0.9053578474435919	-0.821521222331092	0.3732394743354764	-0.08547499265211267	-2.301318383539432	0.7220803169560621	0.8020240015001597	-1.2001638916409967	1.2319840783186362	0.33503438746125863	-0.8986817813272713	-0.23307540517552444	-0.7067090709142363	-0.3659336103830085	-0.39680196025350367	0.5973265241029398	0.5966239531344384	0.4046452732544313	-0.17057991126409816	-0.4694365173754417	-0.37742564210007185	-0.12415775242283918	0.2604403901254404	-0.7368957361502888	0.9003783977250397	0.8051885016019388	0.42191541134690563	0.3768707288849586	1.0160196897945066	-0.30702848835161306	-0.10842307272354906	0.17113053898873948	-0.24872390259484786	0.19248458632420729	0.12934022639602455	0.40774752183473895	0.21626653650012717	-0.2254547113064842	-0.13676479689171994	0.2788751153451956	0.18736117569734428
DTXSID9048695	1.1429452029037948	6.404390665367078	-0.6509288573627534	2.0218409251099403	-2.0473404292872037	-0.7797737105183749	2.006643959015391	-0.11553757107062046	0.7527271996968311	-0.40273384236626475	1.4223124577554502	-0.6225799279493085	-0.40868372334428954	-0.2689442745754527	-0.13685958083973176	0.1388075686256335	0.08698564029484578	-0.07635652074613143	-0.6546125349637312	-0.04395877988482043	-0.9186365005375834	-0.6346354445311999	0.6339489102845013	-0.6145981772423141	0.11571767640074736	1.9495174125103427	0.7678567542841959	3.8412196219456374	0.12782400730044247	0.14379905629115994	-0.7487502000955341	-2.2050695449642626	0.982731249679875	0.4887024353489224	-1.34784890124594	0.4965454251328076	1.51730353687573	2.3480245096355707	-0.11617146163150438	-0.6695042184990707	-1.1271690686726974	0.1561336661496539	-1.5224448519659513	-1.1692348223112616	0.16697155539462047	-0.1906619132243212	0.012251062348096193	-0.7197386264938243	0.07655953263374633	0.7027954363357076	0.45124462101785834	0.6569739392333466	-0.11740730645962927	-0.362413999026582	2.246349065746042	-0.732624325811727	2.714258373545003	2.583374458063358	1.0465941311305558	-0.13544067753522504	-0.8366143970056956	0.38026529743849374	0.7933982293791884	1.377890312388664	-0.2877496072186726	-1.058126463744163	-0.3703606809070032	1.0062410132338466	-0.4801238056245234	-0.823612432887683	-0.028419804557928467	0.08324186064332342	0.2579196439144747	1.8421376899071573	0.02267837950204785	1.2034517916090879	0.5399881322967575	-0.5147272912633245	-0.7486885592294391	1.0759380741610103	0.45232572571604107	-0.5747939690640891	1.5012226115051381	0.8036083499964906	-0.05679016724987643	0.06565062995572597	0.3438982579459232	0.8408300959424393	-0.9347522837977024	-0.6305297304503787	-0.08429799076397879	-0.8117593751047932	0.9756788622264227	0.2301512106368842	-1.1003178898999986	0.25921746625752995	-0.3952045735011557	0.5064036010667179	-0.6186981224815288	-0.6979368373088461
DTXSID3029653	-6.6295335009751915	-3.3770648974851887	-1.6379909449494006	-1.0174056890201522	-1.0436558724708875	-0.6927635647211653	0.4146800236971062	-0.8682373772196947	-1.5791222031057415	1.3998087665354313	-0.444613719545464	1.9603470714567308	0.9097608359827812	-0.6088856157477233	1.997605008906978	5.811425055727386	4.84151736780775	-5.515693010096425	0.3779638683568762	4.3662388813534605	-1.9666440839589112	-2.9492634098197685	-1.500802735268186	1.9049233100948415	-0.6124871150314414	4.718507431187838	-4.30035372770745	1.012031187302009	-7.876402048954404	4.8896488844429555	1.0480220933344455	-0.5078864790103108	0.6894458439834645	-0.991960156130301	-0.6121281443796887	-2.315970602592334	-4.416867853926743	0.26912323484213657	-0.40272585919034043	-1.5101001320562788	-1.6043691768556314	-2.0126806749481028	4.150001100615449	1.4002389633351593	1.7487784320016477	0.1299914766803645	-2.0967900326647837	1.6466836659702027	2.224066416476024	1.8525279383106754	-0.05004183281904733	-2.7940462693187182	3.470895008996863	2.0072777274540394	2.6415124484793613	1.7190604165244436	1.4760071711788076	-2.442371575765103	-4.967570789396578	-0.8616234575216718	-0.6049168693062013	0.4373980784833135	4.270654941666329	-5.205574351991858	3.333033946496185	-1.4216219011200812	2.851134354388057	-0.5207383415591759	1.9519206506919542	-3.852108128751559	3.6092577476518244	4.966372032818507	7.978077164256152	3.347166798939335	2.8901241871054166	4.117363607854678	-2.156992375001908	0.8748845541702406	0.8853386121730493	-2.6409359172459896	-1.3314205305713314	-0.7640432877157715	-2.0945755621074906	-1.7971948558021584	-2.2548084679826523	-1.9258278443061665	1.4264705844679184	1.7527950962034773	0.4570149478567825	2.1508962058603167	1.028948959737795	-0.7639528698956286	0.7196629719498996	-0.19040644234823956	0.6094658853704986	-1.0909241963668848	-0.5620304103904161	0.34081289719565844	-0.18577320521040672	-0.04134415738973279
DTXSID7023512	0.3292120473917149	1.1593784310068918	-0.9691551701030363	1.2032605994777172	1.2469128926415223	-3.0792566786325675	0.49833836058004094	1.716999909989536	1.1629801835501523	3.175110945633296	-0.4147101069171833	-0.18555700534570574	-0.04074256125366602	2.678250084651278	1.3503890375996832	0.14125267923827586	-1.6931004867510626	1.1184479516328605	-0.3292795105304674	-0.8345711431636041	0.28340414761906335	-0.37120056849461425	0.9355734204472934	-0.17481807914650427	-0.07465898639525788	-0.12971047201108007	-0.028601009128871507	-0.3104527908983078	-0.34612889367346256	-0.9169196678974636	0.4106460012077633	0.2614363796466283	1.1413792760501644	-0.03985155422763138	-0.8307584522536328	-0.8863972061876377	-1.3079841518756274	0.2693776898283543	-0.9092889731613603	1.316896159822317	0.705303080756123	0.2378795128226099	0.37213191387307704	-1.0881377516905648	0.231555430032964	0.7205630007954772	-0.334189202809431	0.7743986895831055	0.33939068232514435	-0.17319136744710267	-0.47948204517501325	-0.3115265315755237	0.13459808536061005	0.22395784745325403	0.1429497663394497	0.5928137458705071	0.12116957611311557	1.434740507768783	-1.3779506855715509	-0.46948454447051563	0.1476458290649655	-1.2106993394753351	-0.23159648397966756	0.17550907399347382	0.30469454217990516	-0.7360193153571081	-0.5711343909262151	-0.7159363175960906	-0.5742920432080002	-0.014662215183323559	1.951355753196901	0.6727264312298769	-1.2299300446199488	-1.4041914454860136	0.7176387482722624	-0.6189966256308886	0.215185081850079	0.1303974946351742	0.1306944155559832	0.20206438842731558	-0.012037483527074391	-0.19426156463827393	0.21318864617168148	0.05086438776329477	0.2971180598979738	0.448257235973504	0.5998093688383641	0.6498494223936669	-0.6866936697478427	0.8633848312299395	0.3652546013691938	0.29897825415847995	1.0406746852860969	0.13697889702544241	0.02801381817995154	0.5457132723634337	-0.15985124260672162	-0.02315970083502519	0.6528973894276323	-0.15165554812644894
DTXSID6047319	6.222657640661579	2.011837600851215	-0.5486210525729707	2.6704682234794666	2.672699460710361	-0.3469251378079407	-2.118041618911648	0.12201827197001433	1.2216284481683695	-1.370405713029582	-0.5148494903894754	0.11886544466600008	0.7201514598517937	0.9220779087591084	-1.4894189640013864	0.9503622037115075	-0.17205829080363452	0.8181551780993821	-1.1732276628338525	0.3602534126822882	1.1237497291439422	-1.1569732810833058	0.5567031798880806	0.7009604406080504	-0.03811322510581215	-0.26707978818354944	0.9561603388500378	-0.9297433012956177	0.11117016728059415	0.8317255767308808	1.4922254661973486	-0.40786694187774597	1.1153235329425053	0.24831072071281438	0.5990443275347238	0.8037544145204162	0.17813866420543162	0.11394027143712164	-0.48002089547654836	-0.8339194168910276	1.1297235255325309	-0.26010612736751804	-0.5472235161828328	-1.4069371779904691	-0.41676656348607366	0.9346253049133368	-0.25666055400167803	0.7315895320519383	-0.30472684260428445	-0.19859604535896316	-0.40009186645998795	0.1735535000068802	-0.48820260998544884	0.26749250961989385	0.4116734378310411	0.18274321566322846	0.7006885590254904	0.47703717233794257	-1.0629670615354174	0.1186618303941962	-0.5650616709985142	-0.356935051687108	-0.3188570674040226	-0.6876526614881596	-0.42368176619328085	-0.21511241713482912	-0.27747101420978243	1.1266475488217593	-1.205945593258642	-0.8467935993144836	0.4212426785603372	-0.6566222395459588	-0.3448459018964638	-0.05340759020642009	0.1441198061258836	0.06584894780111783	-0.32908516186499026	1.2125920762930458	0.5819383925957162	-0.87607609724777	-1.2452551265121954	0.06279425498436855	-0.25577881169288363	-0.08939098681916022	0.15868265088021474	0.12422480387468766	0.29845726456385185	-0.9601106534199086	-0.6092187923318094	0.35317824944118337	0.8299712894037251	-0.5091745880725609	-0.7020466863994405	0.20330615776224611	0.4123226574606079	0.439177568812184	-0.45741526931534926	-0.5850643296212372	1.4548355618210074	-0.05743843733358027
DTXSID3046615	10.403248264221268	2.463251542328718	-0.8944072167252896	-1.6477474649351096	-1.0021517980924646	-3.2350682500972914	0.08759373324775238	0.8912274583359191	2.873460002962364	-2.4666040922797428	-0.41213711298807176	0.46846163799680673	-2.989381579849844	1.3067746184316085	4.725541682787693	-0.12883106699840688	-1.9274822366834419	-0.8033303435045388	-1.8764825765362985	4.6848559151930385	4.94129404155382	-1.3464359104544108	1.3710052040545564	2.498245003943419	-3.4547920482681884	1.264531278519959	-2.1591307938776065	-0.6937335943320959	-2.693846360677951	-2.149420671521878	-2.3574349984270317	0.7646140532210939	-1.5461026790752168	0.9460944482590571	1.0068356386777035	-1.7076855273664657	1.335349454407821	-0.2998522042034829	-1.806529324444615	0.2183052666066295	0.41490176047913646	1.8502564347730615	0.7596547620841613	0.6807909634159646	0.35773213410268123	-0.36336018044080304	0.04439644442009982	-0.8558273751610863	-0.3507839130631455	0.20693442215993202	0.0931623173755367	0.06456322616000307	0.6228356766219898	-0.5795262954505634	-1.644313912171804	-0.27689841088387174	0.03358179824140295	1.0732069167155387	-1.2557208487607274	0.1380426022350556	-0.07887006408155477	1.0560120136610691	-0.034609554429203826	0.4259577561596872	-0.24354255864693494	-0.4790149523396788	-0.39286124100017494	-1.1299812309105621	-0.3287221334786092	-1.1735876545985466	1.0468125140418607	0.7254672840017623	-0.08458862461303822	0.8439617382326542	-0.2466449771383844	-1.2066675577766988	-1.427312661176547	-3.462965926662729	-1.4912737719804272	0.12074047474117407	0.46627104319921436	-0.13744887469320313	0.07454495236319779	0.44042094161142953	0.6021614218478072	-1.0681315786606562	-0.6265724835475911	1.5064009763392354	0.5539634093120878	0.731750050957355	-0.9234079494377511	-0.3540832310218961	-0.5666556999051845	-0.2153318408407574	-0.04694735073273201	1.8508888537040535	-0.05145449470353325	1.2725224095392869	-1.9747962392470175	-0.26191243499366984
DTXSID3025093	-0.2325957177314341	4.198107999184082	-1.3574204319109409	1.1732918067520604	-2.8151500316767404	-1.1665213574975506	-2.2999489463911793	-0.08571607486592504	1.1790030129619014	0.09428268058212172	-0.6577813915817241	-0.043541750860155534	-0.4193529196115464	3.5129530014162773	1.0582644621032693	0.9250967484832829	-0.7146230047841939	1.011442768989487	1.694624968998659	-0.2969682583282024	0.005789198579356053	-0.42704959060856973	-3.077152917351045	0.9012849052427713	0.6148779528557486	-1.012395501277363	1.859963073044993	0.47087381320035937	0.23814992180372432	1.55597694181123	-0.08648405450977016	-1.3659293348814163	1.644364540976755	0.632727716244422	1.0633823667183184	1.028986155896287	-0.09745652715855739	-2.000364062942088	0.8160813548407274	-0.14824773202658978	-0.1286883788133168	0.5029107194463778	0.5724176812748785	0.7856617335478149	-0.17944593363764072	-0.3605124802738615	-0.27806797007161344	-0.494746686355869	-0.47918875587263715	-0.954223572377353	0.15008824183449623	-0.31037320795047	-0.11751412180473723	0.2054509156746817	1.1573740514096913	-1.7297391379252014	-0.15620384428386916	-0.39716963515454723	1.5612178873004379	0.25386896503865536	-0.6427989767971234	0.4321152796734739	-1.1847064418861084	-1.3778179475461725	-0.17751314455248365	1.2483427573863237	0.40651101833332065	0.3367888404226354	1.0155180169103932	-1.1148493301548719	0.20740341261621678	-1.3165306964435064	0.5276274365452956	0.717493893321794	0.24154883181570236	0.3301254422669079	0.5341976387180909	-1.215961516056302	-0.959346415325914	-0.04545721860807626	-0.49617972698292373	-0.31252805409918705	0.16933020583744235	-0.03182509889195219	0.9635158912566438	0.9238887950733998	1.3282563523031918	0.12004562516029703	-1.4038780792170755	0.2324095549832855	0.6876176258597232	-1.4128587012633969	-0.3013416598358374	0.23379431834580644	-0.14447808728579345	0.1859502243172232	-0.027534281232266113	0.06138313302705898	0.5299241352238276	0.13443499304398443
DTXSID8022371	6.251831601206262	-2.6266716800859577	8.57064430444624	4.746231504056625	1.4361634395952199	3.281062831113759	0.9967040505422085	-1.7395335019275329	-0.43393330843795247	2.473314784633963	-0.072863582947943	-0.7668791327261654	-0.0015006280105303203	-0.8582563309510833	0.7171333129104932	-0.2997974198196168	-0.17370148590616222	0.37129664671321394	0.5240677536635838	-0.25405314292340103	-0.12984426839192884	0.22328731069780328	-1.3954060127337968	0.5602323267801336	-0.3854532343634432	-0.19472854003182757	-0.4253834844080528	0.8733272919832128	0.29157547153699287	-0.3808808499735744	0.04185824488940214	-0.469602753840835	-0.6226428062660603	-0.5994580329780481	0.1016824260312581	0.3477083126327089	-0.6097425891945516	0.3096425798588968	0.708487566465991	0.5056313252978811	-0.2486047104682661	0.30656915006536506	0.1307220034849393	0.2515826238102746	0.18091299723301799	0.022788580246934018	-0.15685541703152875	-0.021839149824440424	0.4427994155918868	0.028986917188773057	0.06762010150716208	0.10932427141950687	-0.08401204640856544	-0.10026677809583713	-0.23751672628402806	-0.42133809550552664	-0.29250747689775614	-0.29334175077781266	0.3475314343840883	0.24238301797061482	-0.2639536132841164	-0.33035344063641403	-0.05447984210711737	-1.1963287622702006	0.3834575030854198	-0.13475238613274673	0.34345344529358873	-0.383699425794528	-0.16975349071288473	-1.3606038177095472	0.06423260835109999	-0.41763228137746533	-0.9135333640401524	0.27613624755693394	-0.41999502378374454	-0.3728354873443294	0.7878749729375542	0.5535709095511973	0.1376869715968159	0.24339306971376024	0.4976130463755972	-0.28680827993949193	-0.11974477407987043	-0.3109939146333886	-0.41811949965946377	0.5283637384359938	0.6287397712672863	0.04678356462231533	0.27173178985683666	-0.3983722959550991	0.3330875628430719	-0.7414144615892027	-0.1784806097073818	0.007360108420281823	0.4241839997810949	0.09169943265442296	-0.2897460332325459	-0.01157633012787333	0.1837144001575211	-0.07848806418633396
DTXSID8034669	5.861057023985386	-1.9950521607119587	1.4165415391270297	2.5000413154553005	7.569851005586106	-1.2499907610788277	-0.0010299204044621273	4.194648335048325	3.0245985143770757	-1.229272533903089	-4.8180363717062145	-0.5812010153460027	1.516706675607107	-1.108787063421779	1.6544817870833937	-1.0646233978765547	1.5667775349952229	-0.6598692023682087	2.7767323004983915	-0.9056027231416338	-4.336525041646812	-1.6223067630519379	-1.8364238247653604	1.733461810199573	-2.019271464370841	0.13123380181029126	-0.3289591180356337	2.3272760704830375	0.43525495715054957	-1.4916334833623497	-0.543812067623198	-0.8853273665356084	1.9546454710780443	-0.7705902614946029	1.9693796316090286	-3.6048418767672787	3.0311214508707796	-1.9911347240010495	-0.5128692125412839	-0.3026627119750255	3.2401153902072677	-1.9137019065232186	1.2092699636486273	-3.280644366451339	2.7203805366849982	0.35533785545987673	2.4334451682627036	1.8205594618533183	-1.2553646852415743	0.9728766318169102	-0.5080101356689235	0.4913600239136544	-0.35238793455247547	-3.2741757619458647	1.8517922101522024	0.5804664878233838	-0.7643478245253618	0.3307539990334224	-1.2269658810443107	-0.6567130208451509	2.2597854132272426	0.030198608937668164	0.89376692457833	3.034284310469308	-0.1836380577427728	-0.4757097701462031	-0.4112164037255869	0.6558844221159845	4.264034162963822	1.365424758142277	-1.239536891917086	-0.5044139177262059	3.5848488277925625	-0.15526419369531463	0.6176113957590225	-2.671636909324124	-0.9007845817134033	0.8563131752092614	-0.708085795562171	0.38744535791521595	-0.04818862148967246	0.6681844739497245	1.0407945437942414	0.24197405654741602	-0.043235742396627856	0.0643071147706306	-1.2676327728968562	-1.147036947502897	0.4583395051909457	-0.9147197679936638	-2.2446116252395183	0.21301415601500936	0.5220590414118761	0.27979933014356	0.6102352063079958	-1.8171882903959982	0.2926053217265082	-0.06127880906155311	-0.13262882684862012	-0.002846803498262058
DTXSID0020157	-3.591275655834912	0.8503753710024262	-1.1994778267078887	0.40647815339193255	-0.6279675550038116	0.287590924538643	-0.30040795021992855	1.538126068750458	-0.40621984813347434	2.787214439737037	-0.1241892556219824	-0.7222301221277073	-0.7516743810234278	-1.4276966288337147	-1.166087228954321	0.8871691638291198	0.17701685235740894	-0.7132834352073615	0.15104251350319656	0.19973878511455645	0.1952597929447487	0.4293824120463539	1.4276937345337208	0.15031010952966836	0.764899276709523	1.3797308800917303	1.177580234899063	1.9164579253572427	1.1706734510321959	-1.3687444460788742	-2.0495012435424393	-1.2220009906989908	-1.6837758660851456	0.1601714170070313	2.3889935067959054	-0.957751859303975	1.0102923841906377	-1.8773148492379528	-2.346544864167915	0.26683967203254083	-1.9319001604007102	-0.5965083198909447	0.25518249075068905	-0.4683062356867358	-2.385506609840112	-0.3692000392568899	-1.5564925208385125	-1.324797261823736	0.07224398816935432	-0.1540425090103098	0.08443351437276313	-3.1390777629842948	-0.9744779279467097	0.5613253847726977	1.4157262183608244	1.4056367155553116	-0.4655679936374391	0.6415565953939539	-1.8458668531668756	1.2842564696293775	1.6045886883152773	0.1004355728664732	-1.7422884771709692	-0.4214083120699339	-0.2600773040560688	0.19342986271705306	0.7813876613230967	1.0085819463922046	-0.025781649662909044	0.28531970841435633	-1.3452740685903155	0.17845878165477544	-0.2526049967557653	-0.5317261906494363	-0.8499503436193292	1.8403977576921786	1.1466054226830478	-0.12194724297667457	1.1158000991935617	-1.0467306958087232	0.47960327501228966	-0.22401579088548929	-0.6265492716897948	0.3559287913781003	-0.6793180995339582	0.12938302698305987	0.36902852674742936	0.5227826177109047	-0.49732682269619766	-0.0007840701629863853	0.8770869330586266	-0.5067324330078319	-0.5855798394411273	-0.39177363705661117	0.4353036707430347	-0.7856695881998998	0.3709986659450894	0.338311700897265	-0.1966270693338566	-0.27749487099086906
DTXSID4047620	-6.116674683460591	-1.1882169471597206	-0.600482457753782	1.694554705592061	0.7200505621396016	-0.5040547029228569	2.676895837936484	-1.0112715851171483	-0.5608031373731002	-1.4142425185652845	0.03674264864756132	0.40167573039492205	-0.0938508607301216	-0.09401510274596712	0.28666741099326837	0.17251369795860874	-0.44518692474819244	0.12242099449708131	-0.5463595592651702	0.43798604857282974	-1.0643141993430432	-0.2867642989819978	0.2982028272509771	-0.2437044953352771	0.6966826385855507	-0.735355502192644	-0.17198176331609127	-0.2638849069780802	0.4273941276190815	-0.21706498964040047	0.547637635139049	-0.0048764864333273004	0.1211685386368199	-0.26585077294197773	0.22394027903458993	0.08831835485293957	-0.012311513389046149	0.004778338842648163	-0.19923783959942945	0.3636551682093858	-0.3952036073754097	-0.02884781613686762	-0.4363721396363347	0.19184995025370197	-0.3004861509751288	0.2084623644836256	0.25467184006147453	-0.31648645071606013	-0.16611663565380225	-0.011931483126787962	-0.07468300768533472	-0.14998340740685226	-0.22549070431184087	-0.12965754744261265	-0.031730611217563216	-0.10865173224957528	-0.33309847513075225	0.0790511396913239	-0.3896588005377625	-0.13794860463926287	0.19324013771070378	-0.012757667137400392	0.21416771075451801	0.40185358038870195	-0.28092581465689553	-0.015019837879660778	-0.3507370875314533	0.029102850843843946	-0.44530584166371073	-0.4578217480764502	0.1878009293053135	0.10188260427186599	-0.1011638825419616	0.24409959453985577	0.22919355744906572	-0.37805586093660803	0.10185846815077437	-0.31248977206303374	0.5743295609530753	0.12117186372202339	-0.2581192295332735	0.19363256416359462	-0.49295968609906604	-1.122608980070806	0.36305385330105083	-0.16177838027167585	0.01895759683863966	0.6555714232908438	0.6863086535888832	0.22384397855279312	-0.03187700605653016	-0.10097947313631245	0.05044011051239258	-0.822434380123662	0.027180168675058878	-1.857443003173663	-0.11541025463624911	-0.16496670779744835	-0.07492813390244189	-0.3831843193561167
DTXSID5034723	5.307651134897033	0.8621503879484194	-1.0738802182327627	-0.9787646682733957	2.4712071788350927	3.223718292669507	2.122088440836901	-1.8142990568529738	0.590467256310486	-2.0337407947364357	0.13074707077010647	-0.37786352849157195	-0.8173504939276113	1.8523903820183336	-0.5630164467871748	-0.337994793265484	0.6203689718095049	1.0088625473936803	-2.226188832542199	0.4770946182638293	1.6462111516203934	-0.9942796542109628	-0.879497371650204	-0.30723364656199587	1.9159605424884432	0.6955446373951858	0.7019872356922305	-0.21213373100290409	-0.10278043847473455	-0.5039479103292743	0.03743193362405357	-0.756572179855968	-1.7503390104173466	0.7089003988042311	-2.7820040978287763	-0.4613216786552921	1.433936793472325	0.7906902356599146	0.4528631702724389	2.7737173474343635	1.4854557350884041	-2.659876999278227	0.310733219152643	1.6180164310739493	1.0040431048872798	-1.370248703039227	3.699493274127747	-0.8357553124841484	1.3636560981552874	-0.6437733817566103	0.5002665054928619	3.6150230907695713	0.19930810513829383	-1.9075268844702098	1.9816085770040974	3.2374420369593264	-0.027581216330476634	1.753739923992893	-1.8552334388580043	1.5909561996894073	-0.9435077390258462	-0.6519163605849335	-2.363362498349255	-3.20943662122725	-0.004775908435133667	0.6129604912879041	1.0444458577913451	-0.04482890136185118	0.804687427821587	-0.2619210525385314	-0.15583775185181323	-1.1125023020381828	0.005865761953425321	0.4171395230271415	-1.2495754129801533	1.0360049858125897	1.25104761725324	1.5723376326294938	-0.48734346525270095	1.189744081353076	0.1606505420142292	0.17255779390563944	-0.22212883432609465	-0.011860324634025822	-0.17558846825639346	0.05876197171085904	1.0787503461246257	1.4720531917012316	0.12338736379192328	0.4459384965730664	0.5127271052411955	-0.005779664012332532	-0.12260838810750645	-0.36630309116260656	0.17838460938920267	-1.132488780096249	-0.7678394519338392	-1.3397521472627325	-1.0837538051666489	0.3227956517412763
DTXSID2049349	-1.9892365129616754	-0.6183997878600966	4.7172029845671934	-4.897136371138294	-1.7957456836669135	-1.5792232433488704	0.7195929117389641	0.19439519061012975	0.9372277794552918	0.7573909743249132	0.6140282488541972	0.5152522828646294	1.7353069439065592	-2.3250599656250053	-2.297897056425529	-0.6537940836196673	-0.49384752412277244	-0.9607765874909734	-0.10357945874292925	0.7251375348940521	-0.18204460862538457	0.6272645304004193	-0.18689227528656685	-0.15850636244330046	-0.7200867242233733	0.24035486748995735	1.0188498763605087	0.4760280297711627	0.296234023561553	0.8183175953542466	0.9530735911393495	-0.8373802262727762	0.06245713904743599	-0.40320653771268455	0.2437577428716602	0.2524122538122761	-0.6643155703859077	-0.0008596222174086279	0.24962157219732628	0.4727106766758535	0.12194079186863695	0.26224609737002497	-0.2597356633060423	0.024623021682945233	0.018304396513421892	-0.0047074203547299185	0.38256938224508724	-0.23896679162299073	0.11325082241903862	-0.35222558941606774	0.1386131022864319	-0.05630534067287922	-0.045935117497008675	0.24159125628050324	0.038756935532975836	0.005298268584200322	-0.0040582574871836355	0.18971591636286977	0.011635134335023676	-0.2575734006351143	0.12080749081325849	-0.3696609067660894	-0.43842901880304785	-0.1661570889907921	0.2549616578677857	0.6164263572977264	-0.2965757535258622	0.5244440413547813	-0.24121214678124944	0.2591731472131152	0.3273524541885015	0.2527525698736276	0.15716278303185102	-0.12731710504538646	-0.04599690214382081	0.08891007836718372	-0.08441394014454523	0.22921801541237027	-0.03658208678691114	0.09106535062376883	0.3336769087266789	-0.33463418229641523	-0.1575940690839677	-0.41341271493600285	0.14108507020522418	0.2873780365983415	-0.30966646989179164	-0.6818972543745108	0.10948320716786916	-0.04442075964217077	0.05015991894498031	0.04211308090308842	0.2481781401570396	0.06735791284529824	0.3556012556590732	0.2358836009389231	0.23507859503395653	0.6060600180750694	0.2889246040145399	-0.23789331076953485
DTXSID7037551	-3.193805020423985	1.1593409080861912	-1.6792951997400625	1.6450836824649266	2.8098305733569426	-1.5396014123096216	-0.8597214581922725	2.610085690206691	3.7198931100759274	0.3441154791393846	-1.1870613706435218	-1.2338922817324396	0.8691265198260966	-0.01767829127988671	1.0609061938633202	0.7945753207260255	-0.33107515761786527	0.9569862113363882	-0.045841442208800154	-0.8929241019759483	-1.1525148711227773	-0.9372179846054841	-0.10858676411922194	0.858840980829352	-0.9096375590500365	-0.6107693271536799	0.6212541369656238	1.084526146006151	0.3033689075983471	0.7563303377706697	0.11592884138548637	-1.0127473688312045	-0.6386908292599717	-0.5619103213061286	-0.42854545072625005	0.5167320115257186	-1.7013694960992094	-0.33578204268868733	0.023101040946282184	-0.3011769141415065	-0.6476205095048133	-0.7563556823284331	-0.26394575811087945	0.1647774228271056	0.5940332870077479	-0.18469856082254457	1.3316810163237138	0.8827243459916064	0.08546501072280348	0.44533337609520224	-0.011572691986332425	0.678912208804048	0.8488228617720391	-0.030416753877742723	0.7971626064415783	-0.7925865264373849	-0.6058341343724815	-0.35908874007848013	0.6917738998236344	0.2055607798391312	-0.3572101606907438	-2.8162553454179835	-0.28385575142578456	0.4130790082066405	-0.23749349011746615	-0.5394675944447254	0.6338121878534826	-0.01995651095175186	0.2112923618187945	0.654715326131225	-0.40122607626936063	-0.49965530768755656	0.9212916374871678	-0.164666990738012	-0.11271503435841769	-0.037758773782326976	-0.35362156685364066	-1.010165576761838	0.37570359100574985	-1.3926586725213677	0.6823939772927133	0.37072143875119623	0.40124948410481787	-0.4407750129445489	-0.20113208576812155	0.2766915375469016	-1.2872631070634886	-0.40072884826799066	0.9182267546203698	-0.5196750502132753	-0.10439090431991405	-0.39742992033386215	0.5982385364170839	-0.7037453589107753	-0.22916127500962818	-0.09147786756677442	0.5236550621697413	0.4052637424363347	-0.505554814266208	-0.08015821834298309
DTXSID3022663	6.2332642220205035	4.707707475232694	3.101533572481121	-0.0035662359125529443	-2.7301105172035065	-3.0010067955950404	1.7309009703309195	0.28946603683185895	3.2038121164904805	0.15294203318254	0.9067653338446986	0.9693751622434802	-1.1200690810547238	0.2581515851002339	3.6033784240681372	-0.04057700967113862	-1.3104518768511528	0.4780832530847289	-0.020209330025866865	1.6709731203550584	1.524068977396271	-0.26509627518748285	1.4436557924453368	0.27179745691637974	-0.18224564537253754	-0.1370085783093048	0.4318222703038206	0.061659902187670444	-1.179085992106445	-0.5048662995860481	0.29202936679855934	0.647194997484308	-0.1540692844928804	-0.10654480330995941	-0.7025533374172811	0.26568461779755664	0.12432468195697216	-0.2334372694642832	-0.3839360911834013	-1.6034160387777423	0.22162833338581656	0.24097108185392577	-0.8074813665538616	0.037190665329500765	0.1440688604105342	-0.3747315105502216	0.7975084067526859	-0.07766110877944504	-0.27294239836626805	0.22608367526769457	-0.01376964197951133	0.2952411875297616	0.25391598052750597	-0.26164370688093236	-0.2340021952878074	-0.45623125562189065	-0.21998739663110092	-0.07655034251767205	-0.15074209230010566	0.5118152898179895	-0.2277665871886758	0.5600895695580688	0.3776021759367063	-0.638796764389055	-0.44152637151447455	-0.7415607016805751	0.15448309967651533	0.3415574625926684	0.06941661240646045	0.2473570740683718	-1.7444544915531506	0.840792176770787	0.3896385715685277	-1.373245501668244	-0.7853454639582994	1.043591501093832	-0.7713330669559268	0.8479136433344917	2.279348046889692	1.7014691503341508	-0.5760508587228119	0.20523147751803586	1.3126804607321363	0.5013775317313547	-0.5743940004446326	3.2457015858103557	-2.0598320283365976	1.679940025257921	-0.41301217168165383	0.4160845950919238	-2.3475947834581072	0.8462420164539213	-0.06370351868310692	-0.2374706976330649	-0.48431671722622294	-0.25298504314477044	-0.0013761130175525874	-0.6442451357413016	-0.07288711716610023	-0.16908198490467524
DTXSID5025449	-3.7915996950582174	0.7032209584066677	-1.315683652839726	0.9741691653007789	1.6691937716744223	1.8757253477265234	-0.9629082835700647	-0.9070373773955727	-0.3881243575480909	0.3450768601714695	0.6327571913113365	6.89433059862107	-1.135588522698045	-2.053232825445473	0.8771798661218052	-0.77296455576748	-0.7322745244712666	0.03433654780003211	0.060612309987322054	-1.115374400883506	-0.16162756613854215	-0.24920510911875193	0.9433142677309428	0.39137009233531245	-0.04895337319688024	-0.09875350357797685	0.3566109671893376	-0.32006190447024324	-0.09344269234654841	0.38469622043938667	-0.7888119258202445	-0.6261108032866107	-0.13420306842674037	-0.027122722051792714	-0.3071143163654288	-0.36601783708610014	0.36133997361314196	0.009606025595830778	-0.2310403696299034	-0.006879229341277382	0.11732827034536895	0.29362347539621697	0.10287682090196826	0.3583720161843631	-0.490366760688331	-0.21134316103938283	0.1810468363003645	-0.18394798491001846	0.09125752638827468	0.2753702691604706	0.0714753901528185	0.0550347535525125	0.20390471007950678	-0.030544737728667306	0.10305825448843348	-0.4696841240066888	0.12670530224747353	-0.1672965551134418	0.08956100631454705	-0.10997787826205113	0.19017397508936215	-0.27851781276732857	-0.4712912938734075	0.26236611585673375	0.018787120568655533	0.3805143656254434	0.30948860183131865	-0.31307856016935226	-0.7451981466962228	0.13494105982151605	-0.03673087311121796	-0.5911409379967556	-0.09729339951867015	0.32514156879877437	0.12459058454967398	0.16405977359791682	-0.3388098310535722	-0.18864509813171715	-0.8232731382282671	-0.6645625562536016	-0.014593614664417234	-0.9506450965394734	-0.35480897052289484	-0.019592239721901036	-0.1066965748944507	1.0454751546594996	0.8217744461643003	-1.3805161740330427	0.906761574961057	1.0924330249143455	-0.49757413188647304	0.3159700257734309	0.055682472105587605	-0.23241841828668852	1.1726161790739982	-0.5721279278225908	0.3876647641043913	0.3639045422268895	-0.20611099121404078	-0.2729224605876704
DTXSID7045946	3.321023168999998	5.130343756440003	-0.873583868051587	2.8479782237724915	0.7738571152579946	-2.907889458745859	5.49312342064952	-0.10652767196378214	0.0763412329063243	-3.2768996134014445	0.36150127185133696	-0.47247967276665037	0.08040220573845341	0.4486179444195378	1.3023455292359967	0.3972554090012538	-1.7053845736582156	0.4326549222286917	-1.6086885945559795	0.3108480255574432	-3.6145922207128582	-1.1035681742059242	-0.9866894457467014	-0.07811742982643348	0.21047021359821497	-1.0811193855081669	-1.1071825468093544	-0.49910727541944655	-0.21577254367176216	-1.5295815219587625	-1.1639753142876426	0.7152463789159015	0.4555424434708199	1.4244979467983414	1.6600576918308554	-1.8322154358867215	-1.1847895241391235	1.3267007376831839	0.0022227075974268783	1.1265532495450212	-0.4190235059422033	-0.2137444185407132	0.6632231164466876	-0.18234049063573993	-0.24484648165658787	0.8051972199730376	0.25919666277515485	0.3444305398280628	0.6056032024651912	0.4235309741409693	-0.04954063263165693	-0.3152561561425834	-0.5394301098810783	-0.4239013092233495	-0.013023217985405785	0.6051508231034087	-0.558045507629364	1.391565320924551	-0.6512868912791195	-0.7737562317859097	0.31879848283496165	-0.19415073434190505	-0.20674619405054806	-0.4626398785977791	0.27064933627820775	0.011773905193940304	-0.32649279492489613	-1.1587506757471848	0.031205124630745224	0.5388897250221188	1.4633663218045108	0.3800549043832738	-1.9173663254357507	-0.8710485295919691	1.8657879280697398	-1.5515003578601954	-0.5268934272722119	-1.23939441802401	-0.5245489489491797	-0.8358284076190632	-0.5819578763772484	0.24609778589120523	0.027894799755390394	1.2485145774920192	-0.8375386516833703	0.8918358853103411	0.4023389008929284	-0.285046412817791	-0.6395180886645497	-1.1273761743483075	1.3681110378093486	0.3044323055837066	0.8580316621997299	0.7309333124659426	-0.9910601310681552	0.9531528495938137	-0.42188450233870056	0.04796950695904427	-0.4105447418397856	-0.6210678524740567
DTXSID5044368	-1.0294714856848968	-0.87974942246936	4.370177281529725	-4.147228972468682	-0.036795598483600464	-1.903586246594776	0.3264451554922932	0.7593691222450668	0.12364865895662844	0.3157018145306105	0.15234496179183563	0.6184084482944041	1.4949706590760614	-1.452793057324633	-2.4018776121181094	-0.9051292494648975	-0.2133129325053994	-1.0644052095715777	-0.1759706629595459	0.6374765849536103	-0.11874545698513447	0.7754431118130243	0.11087097602909175	-0.18786247211807924	-0.4381265040221054	0.6422053162935168	0.7605337501187681	-0.2900778473882322	0.23989331524496418	0.5422322301616024	0.5653373185532267	-0.745605851407246	-0.29106264040298824	-0.6687133084865358	0.7970283102823975	0.2537294164087265	-0.1052416165735195	0.03295598741334535	0.3856152160142948	0.8007917814125873	0.23181399480022577	0.5991817947060125	-0.2828727461400642	0.30973771136612926	0.3044095315833019	-0.009822977856123469	0.011041559885170959	-0.17766300090551201	0.14313869851546276	-0.05403084352160441	0.26540670714535125	0.01344363427626692	0.09120179454170008	0.22419765595184027	-0.24063699008198322	-0.057663092242355295	0.06262759285016202	0.26023572087814684	0.16889435397498156	-0.02558394896341771	0.05033025531522321	0.027374422236299285	-0.48147369649474003	-0.2507065012976413	0.23416934536218162	0.5638554583711177	-0.23206846118497462	0.2750141584822166	-0.11016592815453599	0.4054133317593421	0.645662095730491	0.6006636893073225	-0.20254910699572837	0.4343624508743802	-0.029350541158263452	-0.23655393760546475	-0.30302816479225314	-0.14979179771504658	0.04693039980241479	-0.10084185371420139	0.1028700401379359	-0.4805546958590165	0.14489620963227862	-0.46124134645452924	-0.16481952974085673	0.09167957734968483	0.10283401246700108	-0.09685511307416915	0.14042196868882154	0.040455325055427246	0.17324456350588008	-0.0035568439990288363	-0.06880693227752392	-0.047001234128475566	0.1332769426932415	0.4135436504633117	-0.05061242930232903	0.0923150686338898	0.13518558186724877	0.10266040805041521
DTXSID4044824	-3.0166938588437207	-2.4555570744084827	3.267569216805082	0.5662414195176184	-0.7682711215157756	0.13372239221266033	0.4462238446613129	-1.1128941584441185	0.5633985623523743	0.6620023014674618	-0.17343692439695868	-0.19389892305290446	0.5879164026794055	-0.2969528171587501	0.5951854501841046	-0.32706923330797405	0.9516071413377607	0.5048784167736203	0.17460790406014307	-1.167740052694997	0.03543781485015318	-0.466008351851615	0.8568116775080181	0.040029942674661693	-0.3761070591049529	-0.08620201849003943	0.058403864864087954	-0.20285858262755174	0.22472221269272785	-0.45193668909730056	0.06642370241322477	0.36164565170615137	0.297243325878916	-0.1918918390940141	-0.7639468156333684	-0.08807540327832317	0.16129772135057616	0.20072440258266427	-0.4637101092918535	-0.6037736872463073	0.36151371681262373	0.16513061229486925	-0.22101343580492153	-0.12008967812035412	0.017340559468153258	0.0421766413577778	-0.1764427469797733	-0.22581409846652353	0.009808060321996772	-0.09102545391078526	-0.02833650689297093	-0.17683488052806334	-0.014134455082725561	0.04576475242159481	-0.17999045352755264	-0.030233119841355162	0.3956399901610808	0.11547555594052002	-0.12096371301306642	0.468951617819705	-0.251135482716341	0.14246289787033853	0.15691833458850069	-0.4911338794036262	-0.6201672217087362	-0.029925976500536303	0.16397738683764876	-0.17141745217759954	0.14361859755577092	0.05508894112881392	-0.061317258125723	-0.24824871590313133	0.3652306446490561	-0.07259292486447341	0.013137477009764672	-0.28268630694816954	-0.015793084086275427	-0.14924288573747863	-0.2180632213104943	0.040589490739678984	-0.4461155433217709	-0.3017006503731542	-0.29216900588061223	-0.03613758344621125	0.06302319187760112	0.17430716180600933	0.32605141386388825	0.43846297900116193	-0.008981859842694867	-0.1935069077099494	-0.04484912678159348	0.24411393563227968	-0.23088582034014243	0.04168631389877284	-0.03711447261302795	0.21956858338439028	-0.2314097914353996	-0.11047213565181935	-0.2784683690636932	0.10583597093717867
DTXSID8027959	-1.2876243679262651	-3.5049161902951207	1.4047928606667943	-1.6429625020412397	-1.8542341815803167	-1.7961915191767768	-0.03742818464312219	0.3777294228429988	-0.2077656993203063	-0.10819385168386406	-0.7521236208819372	0.5852947990213115	-0.031337861508344445	1.6855804940009145	0.7369821983705749	-0.0019442740680202701	0.6365286664325153	1.018186292918098	0.6527040075567211	-1.45800611546997	0.1132912591749129	-0.5292375017676955	0.13518044154107808	0.20173261297420395	-0.3247322347150985	0.9350595036485089	0.5673297261470652	-0.2397333330015393	0.3942981208892992	-0.9810550487119802	0.33601478770959636	0.7458562362072315	-0.5665743358263992	0.10890007007834034	-0.25487742154254844	0.38975327328012566	0.1886817725974016	1.353305133252385	-0.6543538694542954	-0.656059147016708	0.1152060882272673	-0.07359304437375537	0.10818896659845768	0.02798290865931608	-0.12605440440190263	0.20351823356500212	0.14865858545466784	-0.4456634008947402	0.0781858294353638	-0.1336267539155699	0.04867942307467762	-0.04106384321983584	0.16691769176715412	-0.32843220142782675	-0.31425902535711336	-0.34527897192058915	-0.056024525285600944	0.10140453408432808	0.0379528597028692	0.22294022659936225	-0.01798433048121846	0.11726465181781828	0.43965083441985475	-0.7114630352529243	-0.7153218043380621	-0.5091339000094304	0.08109075449855138	0.0909407029495418	0.2693665814107336	0.8098449474220805	-0.1945827886149009	-0.26933355306725637	0.7311781434883927	-0.494038317790399	0.716851968527904	0.26465376687132863	-0.235396221800239	-0.05565608310255549	-0.5771830015663136	0.35509273747408565	-0.8141050543371191	0.020157936067567776	-0.16268685747154996	0.4322824574715261	0.024436856883699596	0.42830886078701036	0.3863171758200021	0.3317419601917454	0.4627980611721804	-0.4410921044793739	-0.3124276730098224	-0.6913124985420922	-0.5658425850666765	-0.06113964364354606	-0.46005535517305074	0.126996928154514	-0.2937935205293294	-0.30830201971718324	0.32574628624255225	0.08693480548184901
DTXSID7038864	6.265212402535949	5.704794024233744	3.442757503810875	-0.47765083132461206	-4.381580713090457	-1.6481452004594443	-3.3208327325314646	-5.356263166289983	-1.0600395533302076	-0.10113836297956554	-7.00083095756769	-0.8730413931848882	8.71364787032505	-0.9840474175793019	1.2623018624636888	-1.2385201019513885	-2.695339454549563	0.6169308713365899	-1.1461370454213773	-0.3885927763880304	0.09740932483347851	1.2989009318000762	0.9676307951597193	-2.4323846812730547	3.2196958745640263	-0.04052718425012973	-0.9284770449433094	-1.726353405287198	-0.8674650325241233	-0.4968173694757734	-2.1994233735680635	1.4975219083398905	1.0108605798193682	1.4730435260538024	-0.14478191281452624	-0.08701119895930706	-1.4040910774734923	0.7139905300542515	-0.4143204615903542	-0.6876604681535733	0.2770208512848725	-0.10889351500201579	-0.28370205872235993	-0.799568890433232	-0.42481782281159913	0.16880887725009894	-0.6237371972732503	0.07077569223166111	-0.12247375366574935	0.4099127827325381	-0.11661864182557018	-0.499186338191596	0.6873789080840016	0.09579406619486734	0.3750981431381834	0.6651554782376969	0.5623614455662507	0.5300906000680045	-0.28692800593531553	-0.29481096414035657	0.003333009010617744	1.2403568854413232	0.021722232118726016	0.3801219967554468	0.4138733900448309	-1.9042409006270298	0.44768334264981835	0.7003188201518744	0.7872514025938231	0.334869926562407	-0.7392909374227278	-0.176405126653912	0.43573308756240164	-0.07028257723672013	-0.5621493290647988	0.5899710599574609	1.0223327264701878	0.24142419562649362	0.12286858770615795	-0.02099731471321924	-0.6127060696915461	-1.6354438240973608	0.5092643463633469	0.7602582077735067	0.4506640622988323	-0.2670246736504582	-0.9003518021496808	1.4276654929165318	0.7508728419724965	0.01894429330681605	-0.2503917380011915	1.1147921539355028	0.6677111647244753	0.6578679125937684	-1.2036923366492436	0.09512886124995569	0.6606776551002583	-0.565412470535478	-0.9057934527121257	1.4082508349333678
DTXSID6021585	-2.489871632823779	-3.5665876881783154	-0.6433829705469303	-1.0069024644173261	2.633805823979269	-1.081825324076614	-2.9793798827479803	-0.172293272945829	-2.8191993066859906	-0.16702863557421815	5.282161600877874	-1.7251719394333012	2.933530602614411	-0.7709863582887968	2.762014070517549	-1.618873577758614	0.784609441471388	0.9922761144461187	0.41309139888306573	0.21077245128849686	0.20978591850733844	0.37330225186897364	-0.3461653965393721	-0.567983219103551	0.9252441563761666	0.5283213269689297	-0.1431211984230674	-0.34939009664934934	-0.5189209628418585	0.4159944961681407	-0.24593203706608724	0.6138365105623684	0.4028387401410845	0.785123761829406	0.5094231138419337	-0.5295325835819411	0.771751881541942	-0.19527155539029015	0.693226533415733	0.536826008453868	-0.5734517354814648	-0.0455243090087195	-1.2206088171144414	-0.06841506584059757	-0.2264675927396052	-0.027091507763637748	0.480517925769355	-0.9527331446070523	0.17258042927126382	-0.19306181754833285	0.0667753608802177	-0.4302356450973983	-0.027306718694428637	-0.33294077262188504	0.33109713355071096	-0.37973246521796017	0.35405612902159195	-1.2626667199194768	-0.2520709042747235	0.49630132845947234	-0.3948877669863954	-0.6074782977465522	0.4246742006876702	0.2610347590928007	-0.11247880397880307	0.10442094369176101	-1.1060622416823456	0.11414222298763096	0.07382793316806423	0.002891846922100822	0.4276040037257293	0.299726713167191	0.15008543188866905	-0.22705884270923543	-0.3252995356481576	0.015059058719906907	0.15935211241135133	0.3226928263971772	0.3136311451350488	-0.6356095528508203	-0.17512474870693803	-0.2916103107379364	-0.30627972647302637	0.09531435012612481	0.5546745156872996	0.5615199952100273	-0.18779652920457057	-0.6444179406087627	-0.3672100065129197	0.04645512985155078	0.5507177726707371	-0.37601797340916654	-0.10454161151053047	0.24456090702365252	-0.09928018002595058	-0.36812944342115633	-0.08528298926430862	-0.265236475075896	0.047821602911642155	0.18865600531243717
DTXSID6049060	9.58265440720693	3.8791652928201645	0.6539383814346551	2.254611882913632	-0.3801245387878483	-1.8160127904666292	2.3804704190689927	0.08422247153998794	-0.1155493643559733	-2.744124832110827	-1.5038311280635273	1.0546538851079554	-0.4765700429968301	3.8198019705751243	3.013989672112934	0.06262034330830174	-3.4308535047936948	-0.32199983458508136	-0.21396266640320843	5.651500267569107	3.1390633343717194	-1.82859908193529	0.8855803625610196	1.8532379887565302	-0.953535220403866	-0.21604480370446508	0.05213543710916353	-0.7949389056361033	-0.6552075001817506	0.9939778091278941	1.9987444156550929	-0.7984477608839573	0.11609315478680093	0.5384026950197477	0.7233182627630855	0.5047545136883242	4.2944916050879405	-0.05918774045523339	0.5597986419975732	-1.840473973578714	-0.2467320443534755	-0.46352619360416275	-0.8603158950521584	-0.5928868646967892	-0.3577445777371568	0.688463272471445	0.5625944268247114	0.7292820322155615	-0.250537480085693	-0.11747435353580685	0.15303734937051014	1.5218816438790803	-1.0095190941134666	0.3025404970751198	2.086877787578326	-2.129303874354679	0.2766285221956073	-0.0940761891696962	0.25693068471741665	0.841732625803969	-0.41376357289798654	1.84992434712259	-1.4747474081238272	-1.8335702271377976	-1.5176996677382826	0.14062608941485907	2.12778721960859	0.2643887421584171	-0.9711612652652303	-0.18338986141703836	1.9460632788941492	-1.031636065562726	-0.020122103743375346	-2.6300537419900185	0.5626089429828907	0.12305873073813084	-0.9521926229756499	-1.2175361238197098	0.4332721586099895	0.874650051079505	1.062049203032208	0.7126050646249771	-1.74931552603045	0.19516456188097797	0.7682822698195144	0.429320107027219	0.5978014521166747	1.1853292716601607	-0.03568850134882219	0.21191667532280242	-2.2285673771497434	-0.11590275189404559	-0.03183704012976007	-0.5077761266028291	0.44469685812538107	0.610510555837275	-0.7156468039000642	-1.1457534706141859	-0.36765025134327806	-0.2426402611904716
DTXSID2047569	-1.6456863996944573	4.015279388588065	0.6208413438752439	3.080900520207054	-2.7620028835115247	1.0742293368959972	-2.893044632349611	-3.747513879126073	-0.15471510462586588	-0.8938732553474822	-3.0542448553945416	-1.083698774990067	3.7838331230419335	-0.8362097070458211	0.21507174256183553	-0.5445590575613066	-1.3430558559288843	-0.3815375956235675	0.3350911042698431	0.6984908226540348	0.16889703575170717	0.8486420071590394	-0.5223123227450814	-0.22498998972774256	0.11492696185087427	0.7174135301333135	0.09326949549983389	1.1671653340362442	-0.3347601467289921	-0.28191325758952795	0.2869759395040677	0.04558942928306605	-0.04209279900688322	0.11312950354977508	-0.4533171742075255	-1.5175265951092132	-0.40752978204410234	0.378438157615642	0.7378235527511606	-0.11473911769613722	0.10027553836464134	0.6736659423025098	-0.2581235734542726	0.32872422196090756	0.03939299179574379	0.4316155318423948	0.20227859992447728	-0.41842942437698927	-0.006728923504376411	0.21071184986091074	0.1941448776443346	-0.09259513402493175	0.09437359202605586	0.23838414961316276	0.07019835511739525	-0.1381303402704121	0.508346411537653	-0.017849048377509637	-0.20924731698365825	-0.06057439170923749	0.4225540953280317	0.6510634487660323	-0.4531601102230973	-0.0013691814747644445	0.26893755617662807	-0.7373656101830977	0.2852531468871306	-0.7069632446105443	0.008883758933301983	0.16101454826536232	0.03460802404811824	-0.7040561051657828	-0.35316255634602217	-0.16743901467554062	-0.11699505358099144	0.016501476954021935	-0.31288597986994254	0.561345507728097	0.09889554217462913	-0.2805596245471911	0.011846787322289463	0.16240680787410172	0.11071312156519374	0.4572019842790249	-0.082522727158495	0.011983540453671605	-0.023732321678199674	0.09560689009991848	0.3506266535328829	-0.3217871035850524	0.35431921574437303	-0.583479432748174	-0.21316615057040914	-0.18575083024547162	-0.2585799173881326	0.14158636595336502	-0.22790089919550557	0.2725882048521879	0.07474582175316644	0.25070958212458194
DTXSID1025934	-3.7734230892809566	-4.005099169415451	0.03798065103807359	-0.3236573935639916	0.7576936843063157	-0.01640563969716936	-0.7897456694109958	0.11566202529864686	-1.1071726782710467	-1.4677212364558174	-1.058755208271024	-0.43097425571699427	-0.7930687788983787	1.1225503984907987	0.4716038169699242	-0.5835639847613429	1.5474760684428919	-0.055935538960946156	0.8352946732620863	-1.8106176237244156	0.32224923351631685	-0.8196284814769614	2.174600704210606	-0.40908115636962655	-0.8398467304531679	-0.178179227854215	-0.09663662646695084	-1.254302337955382	0.31638019754821917	-0.693652430933987	0.03255721575751826	-0.8484869770028313	-0.3374041114275443	-0.48538838206032897	-1.0228361521731306	-0.4872700510899374	-0.3230667240272228	1.1903400206834807	-0.6793399913967658	-1.0189563046688455	-0.020404400022837044	0.6635243401554678	-0.8603688289151978	-0.4124358557454848	0.21468998382575952	0.31549861627658615	0.4649038313730446	-0.1905511292069987	-0.5987705162989966	-0.26357192700506926	-0.09096787486241749	-0.013735415057451355	-0.17849276570252795	-0.17697283046365256	-0.5120308121172481	-0.6874538531171523	0.4779856035103495	0.04751889860183295	-0.24499337495583454	0.472594919207581	1.0462643130376263	-0.012720832776016761	0.2684513053011499	-0.4013004087865144	-0.16146999378014376	-0.3324904218937403	-0.5534792891791951	-0.4551069460149962	1.1583102518855541	-0.1397416931391663	-0.09404650457956597	-0.08318221625001165	1.008436752448209	-0.6631259676452969	-1.1412017172452646	-0.1420854500490943	-1.262100349356072	-0.5946984646751852	0.430540536677752	0.09869904575306207	-0.09132587451284255	1.764860552941112	0.2791004781039094	0.18054049479619663	-0.626090856030624	0.03512411326596074	1.360700298304274	0.06727305986675901	-0.2981254646602208	-0.15471423243961982	0.8632065442641607	0.31884714542618064	-0.4204211041810869	0.19629385556746073	-0.855717105335701	-0.7468754517634193	-0.6651318038189292	-0.26055919970215885	-0.6085351267933548	-0.5002769043826627
DTXSID7045574	10.217977063654729	-1.662654058204741	-5.285341861331268	0.41964381356188907	7.582632389494395	-2.7565746113426015	0.8685134568478801	5.64529496872218	-3.9169281880326787	-3.0874287124860675	0.8617125234327845	-1.472059985919255	-0.3376461959259756	-1.9541604492084472	3.6716402217678383	-1.94858858601922	0.27146032779189716	-3.1785617744839763	-0.735581412479437	0.5385297493780815	-3.015953173667417	0.775626512587411	6.181740695147358	-4.5365582967705125	2.515429093114736	8.023170680727592	-1.96853969798894	2.340834966554577	-7.158654316637763	5.532906405319594	2.4862680425717163	-5.9910982877208125	-0.5009364877799866	1.5175535879120088	-0.4676861895880324	-0.1193693368560123	-0.8015090469572412	-17.093024959383584	1.3350401091936521	0.7467851314384383	0.3365188792565978	0.41556455808747095	5.619836651618968	3.742635137958283	-13.029352913304084	32.149534567134516	7.408497833144247	-9.454824606320248	4.789737158750749	11.474361250799047	-32.920722081290016	4.847953877701077	-16.9653239982398	-6.521662368797603	-17.27822218710734	10.458167418750307	3.2668685481468445	7.425821746737912	20.930336275751927	2.289049358977778	-0.3606076912493741	-5.41962279276604	-2.1988211531700164	-1.7307570388888691	2.4730730124446736	-5.5853327518606815	6.928334198071704	2.157546822410634	2.1147991274359956	-1.4363915417238897	-0.9514475721758254	2.3606972911488624	3.4430949766497956	0.01892229273974945	1.4031748111802684	1.2819498912285265	-0.15521578816785395	0.3850796036973732	-1.2412404044296175	1.2274092708499247	-0.541885556370458	0.4150106261098383	0.6145790075733399	-0.05388948492798638	0.6915420492573027	0.34689226417011737	1.684386603204676	-0.35485650432396454	-1.1791782598788427	-0.17667051220310237	-0.34767706706811863	-0.38478566836169265	0.6117349748762887	-1.8052353592164894	-1.9313753357557615	-0.6041663158445502	0.3730592123654492	-0.6021541575804402	-0.856750437951948	-0.0889455807411799
DTXSID8042559	0.7632758898954276	2.458471759916785	-4.007315563300748	1.3071076361077871	0.3523810223153241	0.1300792237780444	3.324550733043275	-2.5073081691681938	-0.7361707012430269	-3.082593726296331	-0.453918779296532	-0.4254016371162796	1.8362650205540416	1.71958740044647	-1.0005717566448804	1.667538646088836	-1.8526441271667295	0.9862511941439538	4.464177288618672	-0.9790757323688091	2.1585317993507895	0.11419298966562494	-2.044669671740649	1.9582407454141606	-0.8534884534802917	0.1888824602248977	1.291769887783607	0.15030797762395237	-0.40831850068201236	1.281019341344998	1.6085434814565034	-1.693248103027647	1.9279419620592175	0.9446494476140154	0.09830953003401367	-0.7691017536413639	0.8897749945914616	-1.478291992876446	0.45569682748039525	-0.25417150338174	1.263473798430934	0.041800411850721204	-0.002436544060882494	-0.37327757624825153	-0.7709562218507827	-0.39316768021810994	-0.5301138055821262	-0.005994082082490239	-0.13389658623160444	-0.7694164431440648	0.0733989728579809	-0.4415148261736315	-0.5931863816612707	0.0920388270461572	1.3168648340543418	-0.44666889678661303	1.2324496173783452	0.1508034579013615	0.8538496578207705	-0.14687937215742844	-0.4942095612966629	0.45391753067142726	-1.128133349964877	-1.723072666033242	0.09790407691939539	0.759453414587165	-0.42208548613232166	1.0435359772485109	-0.1782705087457656	0.2727763600705537	0.9218303077319249	-1.3898364151823404	-0.017837095526022802	-0.07258714971678451	0.2421291476950912	0.9627931741258015	-0.09591613988239259	1.7684176123086623	0.1762709690425389	0.8939125361726339	0.8258491439251181	0.8744523024596936	-0.2113311864286513	0.414496213108599	-0.23437708040184643	0.3695439152770148	0.7014622240633068	0.022368527931347536	0.23000494464448404	-0.6018519261576035	0.79874870653356	-0.6700888245303382	0.09237492223561995	0.433225379997056	-0.023091381071737867	0.15634047009385516	-0.9745813742339221	0.149328016674967	-1.5737788493020517	-0.39300951410722623
DTXSID0021123	1.7309074858490405	-0.26476728098472574	-2.782545396012029	0.9284915983910915	4.517142032429256	-1.1596329062149784	-1.346504117399415	1.5396424485519236	1.0519571086578738	-1.0398380448798223	-2.357353636169501	-1.591880980824735	-1.7213162492335667	-1.825564204403855	1.75086934542798	1.5506351944377064	2.5124360424912915	-2.051434612482683	-1.7528722718579575	-1.3366857608707847	0.5317634038402353	5.943615342478956	1.5148425609606317	0.7319125072175571	-2.039052507180788	-0.3379050045907359	0.8039706527237943	-1.3513172014509816	1.289574432747276	-0.5616830800537231	2.0182262996659803	-2.8855056128753356	2.034045173069752	1.0202885632559304	0.14105898509510814	-0.06835556093673775	-0.9734960301415206	0.6089198677095444	1.3663839874246548	-0.9861481498134719	-0.4582764452445149	-2.856251756859557	0.9204504971419518	-2.276852067448678	-2.047322328691824	-0.34975368283795055	-0.828265930362423	-1.8253906459957685	1.2847843118772178	-1.9970133169874402	0.6611501204405111	2.0797273874508377	-1.4876048049128336	0.1879568327890825	-2.3824374669762296	-0.109063844906674	-1.2439876041834632	-0.49293205853778577	-2.727452477500688	0.2180674928744747	-2.6693986281637883	0.9077399947799355	-1.4541687143442907	1.3344002738910166	0.10807805427822993	-2.2559216477257085	-1.6136525342737305	0.28989854667547105	0.9838764751284991	0.32000408397934543	-0.12649735633477152	1.2073971385361726	0.7805850726390983	0.6805126048715024	1.3325931893167269	-1.3347065565113678	-1.0303091671084574	0.02907261082178069	-0.09344894518047145	-0.4370956817883413	0.6118621561750853	-0.6544000236625448	-0.27420237606373093	-0.4620659265577065	-0.4530347720208696	0.4244971537240321	1.414762939418866	0.5282835245326561	-0.033342496202156145	-0.5703468563459618	-1.1981654751778845	-0.2837819724551686	0.4184374721447102	-0.48010691972629094	-0.1452653147322184	0.5573356332660943	0.010764801722283767	0.48610525971259694	-0.4635499268349746	0.29391387513376904
DTXSID5044366	1.2353875897827256	-1.2041747391989168	4.401786103297528	-6.078003811720233	-2.4513085610166443	-3.973209818575686	0.9674291975611958	-0.22236721430276885	0.842096013938497	0.9064048277589111	0.3375458257221048	0.4851206742968947	0.5194678103915003	-1.70934274819423	0.483068210408054	-0.16844640109719836	-2.446899039992419	-1.4330233057548865	0.1805690958850709	2.2764286045549262	0.6847949640441421	-0.06073442146802228	-0.9813943851395067	1.1249308838699363	-3.2898353309603494	-0.31559673335877514	1.1677611833267894	1.213014937030296	-0.6093034512129207	0.6004850502420113	0.6848190792366798	-0.43380446213906587	0.7238222162977557	1.113233656382578	0.3061099951856846	0.4109067690133886	-1.5245126954519101	0.15876271231127792	-0.35368761718481695	0.6092795984848791	-0.6649764705054747	-0.025199370578330958	0.609544045381107	-0.4650066939096414	0.18981961545982362	-0.2886124494893662	-0.05629558659608776	-0.38802100443709336	0.07142432655532616	-0.20557883580844	-0.008000123854543972	-0.17600983323605737	0.4265464837448516	-0.3739502869221763	-0.9464517584239066	1.0402219049741477	-0.10040459023281621	0.07352611221935518	-0.19177668434001593	-0.33985962208353004	0.30353597605899346	-1.464688996470146	0.47481919607671746	-0.4269595092723487	0.7667536891451595	0.25747903872491884	-1.0652080932391894	0.3204358926918591	0.08767144759406154	0.4077270741720521	-1.3618029042648512	-1.1988258002209544	0.4488707394600879	2.187210572331027	0.1583557555310669	0.6753147067094473	0.6710699071889541	0.9099434745417361	-1.145906618377077	-0.9300327402222311	-1.3219393869906253	-0.040872700500179375	-0.4002283243791553	-1.035642446913903	-0.48071779593492425	-1.6163457610386314	1.0927808808634185	-0.623940030620932	0.9100303108384332	-1.5653853542025693	0.31102185619329925	-0.07794846594145773	-0.20019150327900395	0.09697971641613126	0.2619297677057918	0.18040738092556716	0.33834034880306263	0.03861784998082367	0.3404350201348823	-0.1435558613952931
DTXSID5046649	38.391194077750605	10.319508970966575	-1.7556867359000008	-4.027585014330279	-6.8957200102146	-11.24485613757203	-4.043276009191325	4.634801606537019	-7.584563073724824	-7.612925070709767	-9.697251968900453	4.791049795964424	-3.1508995461583074	20.56074134938271	8.402701874528557	1.4638294207529576	-6.660929202872989	0.5099232597395721	8.584508647847493	3.0897336312029138	2.468901510601535	-4.0387715074677715	-10.917051297003876	8.293047646584206	-5.6515874267677715	-5.516834117538658	8.547969715122274	2.490937255991466	-2.4190611178286336	4.128304828674465	1.813772285315037	-3.719348144444818	12.439895119327794	10.085405232952432	2.186006979346462	-4.065715781194492	0.8319349986761312	-7.152436675543673	2.187512735213789	1.650634716278194	-3.58076977546536	1.80771430761172	2.7389296928621754	1.0384481085494075	-5.0038830741095826	-1.5422935288213753	-2.7488910697733013	-2.5275792464580458	-1.459901060911927	-3.9313068114181253	0.8397142134130439	-1.658628781776508	-1.6879970024196516	0.517241441227313	4.36223308331013	-0.5591782516518174	0.5590757683619636	2.6145438877729115	3.2766063800314753	-3.4513185952135528	-1.1614186262171404	1.7604629162061844	-0.7079497930024904	-11.27434846380721	0.1620154357337118	3.8015975246102265	-1.4571638812911674	-1.9138946485164892	2.150301986463184	0.5617267926285802	-1.0130749380054822	-6.070606021842218	0.08001776176477728	0.6560490123087643	6.787624492885372	-0.8703295388185711	-0.41073704275967554	-4.21916121808703	-6.43016669688964	-0.07069490869358669	2.9502077981052857	-1.522235431634727	1.0005407900896381	-0.152963693868068	1.284774607906945	-3.0362293461255403	5.656189140123943	6.295158384723677	-1.5183321091038369	0.8285906304298641	1.4519995774981194	2.979634431044708	0.4877231968610143	-3.4739750511611382	0.7174187588802672	0.8110655282645713	-3.318734095446718	-1.858707548212262	-1.6933867953307629	1.4815406646880174
DTXSID9021392	-2.322829400086095	-4.655326891789231	-2.0030152569060866	-1.2236722007487875	-2.287154626820081	-1.9993680559081144	-0.9977779588252643	0.6740825487904144	-0.47996956572187116	1.255812521519918	0.22124289168098266	0.686434259998604	0.10711702409491641	0.5907373678205081	0.11470359125387619	2.068561094968717	-2.0490198554487895	1.287148549620103	-1.0412485602747656	-0.00486903264262253	-0.07848066256589734	-0.1630359549448309	-2.359444359252748	-0.7562252878441752	-0.9489788704455122	0.36925402936664586	-0.014582828258941395	0.8009119957540424	0.6439819323487344	-1.161202840373198	0.9940542234345588	0.4248763692824124	-0.8302955677302488	-0.8035142996591175	0.2834242316375927	0.5932651378291178	-0.14124146495785672	0.65203874565996	0.4261732968514785	-0.07639616108292792	-0.06318188674668689	-0.20133686246583754	0.2069005768445196	0.6161304436095341	0.13722433957683403	0.5789198568598853	0.16620055021250066	-0.03539502943867736	0.20632968050004696	0.1463543891843117	-0.09626045080301639	0.01781356896751899	-0.14641142978048857	-0.10471718692860323	-0.08358942071133361	-0.25764740868350133	-0.5219831027626446	-0.12039183420561961	-0.4077522321064112	0.42860415788592854	-0.544444202111409	-0.239132755308853	0.40326278526284776	0.8138491130504	-0.8708011582851426	-0.4851813031020106	0.8299392829492012	0.2905604039321193	-0.3625018658744552	0.0711463619847797	-0.2520179183815201	0.11026007837101034	-0.5328686466061661	-0.017466347189495066	1.2318369459958922	0.6152271645502865	-0.19677548804207085	0.5521494639929532	0.06944736627472288	0.8260474966241184	0.15309420065743354	0.8350724646791367	0.16171113542407775	-0.0918849806429264	0.3632279536726931	0.21250414425882286	0.30264846683527175	0.10299210913410065	-0.3458537698779547	-0.48088489664430556	0.16676070753921024	0.654236559459895	0.7424731835017669	-0.17298278107207532	0.14747081874589996	-0.9019379475160741	-0.08052529685725686	-0.07104748011423852	0.15630075382014152	0.17261000781795663
DTXSID7057789	3.15759105409246	3.44485950286253	-0.1755555913007011	2.15347200598126	2.6162231120487314	-1.3509860696980815	-2.2996828388979997	1.0083539188618627	1.005955859777549	-0.9369743429795961	3.0063343566905854	-0.7352991720615443	0.6861903244514818	0.4412690011940102	1.9651993546424926	-1.3017789662460897	0.9896431072093067	0.8991548221678425	0.4012354257304353	-0.7846504705349434	-0.006969535575505885	-0.054588286986558744	1.0908646510442288	0.09071590917828207	0.7578840078935184	1.4573889200543713	-0.010940717436335245	-0.8172647973601527	-0.31491693542407617	-0.08975442970704875	0.19573739508101384	0.27215208998974993	-0.8650968166777179	0.1289811487264502	0.543597508855468	0.043188721631538154	-0.09944199398214361	0.4559219626709469	-0.2357350433532633	0.5887761589480651	-0.16359261921701146	0.12827640403606366	-0.746428915879335	0.0815935768682351	0.29582616372012704	-0.14868153837045103	0.5086624692184277	-0.8705674041680822	-0.1299185504383923	-0.255113805365937	-0.018722707999032084	-0.19297509709494343	0.022905351592259243	-0.5690249032439133	-0.18752682105203805	-0.7859658547190221	-0.3381618634787196	-0.4401997795153819	-0.31329817950454186	0.21156259066633015	-0.022704275896314234	-0.39257380492776334	-0.1382223978287681	0.21363873560703592	0.21483345081989888	-0.46892862583294304	-0.7161395967363575	0.2083939114578289	0.6639124528520184	-0.25638972337132904	0.002903917511852788	-0.8117449959711366	0.5035866249739277	0.007559442208526312	0.7278654140506045	-0.197508607682767	0.5468219546992513	1.0790758380639076	-0.29992010563314675	0.24726415532665247	-0.8431669471524825	-0.7914505212254546	-0.3472613509063575	-0.339468966087082	0.26480519579282163	0.6867756853619699	1.1270736085611126	0.5885613755251567	-0.5214026782917193	-0.12021719175863367	0.26088199128958484	-0.21483844903428917	-0.31177502510725424	-0.05280555794412713	-0.21200766859061354	0.49933933184223306	-0.07189720099505864	0.36389186868453555	0.5729627461158111	0.1889708314719665
DTXSID2047303	5.009768037411082	3.8188659784036765	-3.0366255529509845	2.5626809940408135	2.533250278608147	-1.3493913176565222	-2.179228862919675	1.4932291979164596	2.6631529962762075	0.12667863155141112	-4.022925612967199	-0.7083762945663564	2.5069014451575202	1.8131275854169397	-0.04590537540077588	-1.5279204026933433	1.131800737261463	0.7898564532381677	1.340007629503389	0.7578308855816114	-1.4057325217851948	-3.0387547357180535	-1.0427939427736308	3.9363913634911407	-4.449730376229344	2.699546061428072	-3.2331113945654706	-0.9839096849318851	10.447997280520312	5.718117295387714	0.4166182623076333	0.019444023942303948	-0.10996699376319616	3.6375932327232787	-0.6937560771398029	-4.701765679855004	-3.0070475171319244	-1.9253881805074928	2.5569827155510554	-1.9835788753533536	1.2829390747163198	-1.682470934597444	-0.43101601030443165	0.569599951708766	-1.9934117489551753	0.13059279217929448	-0.14108501030933332	2.610643090090836	0.2146141392787826	1.6551197217447333	0.17145746799759864	1.3899193118015598	0.5420131737594828	0.584542722848539	1.6004642691613058	1.9924650180151526	-0.19279845285077	-0.3400785580455953	0.9538381664688638	-1.5333681337894514	-0.9725150664663873	-1.6685437288741236	0.5665049987716383	-1.4674096679314648	-0.8693749564862913	0.3886542640495567	-1.6223847025971894	-0.8020891073051188	-3.429079531812186	0.346348004739669	-0.32468309957012936	-2.0318214721674677	-1.3119371917039955	3.526701631146687	-0.3778376489789776	1.5252971242753057	-3.128209534694958	-1.9901288947189475	7.662070780238606	5.377649415619002	0.27235281108985226	-3.0800790193081524	-3.5084076382993232	4.414259407402603	2.8409190393547767	-1.7105303855675933	0.558709311856823	-1.3639680729208539	-0.8903909631356478	-0.05969768495097177	-0.15702219297373637	-1.246700582677435	-1.2201078827919931	-0.7403782754038855	-1.2630609882749164	-1.0753727122709622	0.5660294501280628	0.4558139152449395	0.73317515912662	1.1907392250436337
DTXSID9046156	1.2276935021005326	4.399688527764114	-0.5879628926279106	0.02793995683342102	0.23705999850282242	2.644910718079145	1.328889472338494	4.6886446190184525	-0.05368025431357685	0.34669287069147414	0.009558150045714135	-0.054467875854769074	0.1731491735689091	-1.4934704744550344	0.05400635977426626	-0.731237384211264	-0.5831213401164768	-0.3818604112566809	-0.9444982927273179	-1.4358539103589325	-0.1798159296061558	-1.33658584914419	2.423040224856432	-0.6416839765497903	0.7308028329977435	0.8341309107534348	-0.3039275898849783	3.2195681862209655	-0.2826205711848248	-0.38404378152344615	-0.67577386376004	-1.0956680836854127	2.680777704371617	3.4911764131584078	1.0923828729289407	2.4548277328607	0.1338179558156827	0.6997189076524761	-0.6419780788096981	0.30907708826242225	4.280304815423072	-1.4423907303913674	-1.4284511953494485	3.6462953500883244	-0.17920505101390244	0.24408220163773278	-1.698785641526813	1.4845408045281239	-1.1875146500351803	-2.228627608257566	-0.05903407443113278	-0.16476560827223924	-1.274191647170755	2.952891356841739	-0.743996869117242	-0.37861584207938653	-0.4042711811656663	-2.6746128565057306	-0.607521328811157	4.089234310360439	2.007801635065044	-1.506371203775199	0.35176419223183797	-0.28654369157211756	2.2436149494519992	-0.5753381159778148	1.80599284077112	-0.6966689898313367	-0.5380760916022727	0.22892299533601776	0.03959146355267241	-0.05784370667690329	0.09481603341660573	0.9662098009743637	-0.9216942836138403	-0.7643820051521957	-0.5285102267203875	0.7282767559751907	-1.5870215517387931	1.6071014273807338	-1.0018212224837115	-1.891696095376599	-0.22003429232654412	-0.8661404349208363	0.4375462361378451	1.3137814003481847	0.1179420129018027	-0.507827624902754	-0.24731285891333424	0.4459173731834252	0.06938889195700708	0.2099754098698796	1.0345423659081234	-0.7798994282518809	1.173650167410839	0.6271263168225198	0.029992738528116687	0.37756279646943025	-0.04735710585792717	-0.43219560864328144
DTXSID3045350	-2.052565241232327	-3.4644555286010603	1.2432442372369978	1.1614902255430464	1.0536885330925674	-0.052014444252747837	-1.0918242181871556	-0.5314683590716244	-1.7605450107962168	2.3726089725913346	2.216828672417333	-1.4716595231701128	1.317203678128384	0.3990089696954693	1.756822122588275	-1.6215336832688256	0.6762177832779546	0.5247071349812035	1.1260432419324211	-0.11135184211231056	-0.12202514033901027	0.5205793826480205	-0.5545296058206317	0.02734385025221625	0.2162984877824065	0.48264732682918166	-0.45573155584812464	-0.23200634292894923	-0.06931999395829506	-0.2762471661422763	-0.15915338366198048	0.35217287243567313	-0.4816953010398587	0.3554507756577848	0.3722899863775733	-0.3348608253215089	0.4688867012891115	0.09231606232161267	0.7481181782744165	0.7253884189513513	-0.3864348503906195	-0.10024138359407166	-0.42708749800123924	-0.025058478182251313	-0.2558321613394891	0.03466963871058448	-0.013123026317381416	-0.2040876889338614	0.23167971806349083	0.17553804400669154	0.004926594432966982	-0.025063025555431478	-0.047374079577152756	-0.3168526198486179	0.13917147419751888	-0.31944171876753497	0.03619237178239329	-0.7925269726578088	-0.14434827274381437	0.22267699996372173	-0.20974434623659874	-0.29810074494527355	0.2156603921759317	-0.3095302603610744	0.07803224372382825	-0.0402777779499915	-0.09134706426360005	-0.4998764276357012	-0.5180406830186375	-0.7023546626984944	0.6579230351322238	-0.1038468175130506	-0.49664603300071447	-0.021127346054860132	-0.4399372238411946	0.21308581363060294	0.37445538605132184	-0.07649868913968413	-0.17417055299680653	-0.08026914070236314	-0.48512975219639154	-0.2303113064104914	-0.4192662076527618	0.4616363638631313	-0.14538252786927885	0.15996097303389809	-0.2861203885004895	0.4100186096516773	0.022970753903441058	-0.44207795553624674	-0.10236001965777274	0.36849691821186253	0.18756137935623954	0.3000777955232916	0.9056514557751791	0.24086862568469244	-0.09742323165216273	-0.2166388431144219	-0.16357943119237361	-0.19740452467127353
DTXSID2048872	-0.3472938498281237	0.8758473429659458	0.129019087813503	-1.9984686302672623	-0.3734483824726788	1.8376974855616393	0.7666724343368209	-0.029986004986936127	1.8939182118595117	0.13686165110656778	0.3744005746116719	-0.40650594037798654	0.49377693361463415	1.6778487818164365	1.5571689527171286	1.132049759165715	-0.4540283250878905	0.6297930590461728	-0.06275967475926876	-1.6259813560814123	0.22397926230771617	-0.6802153919166006	1.7991915751361403	0.8607640165736149	-0.4784391845081846	0.6741056245226796	0.4421474074125143	0.1292184461887238	0.03813224077723404	-1.1662584246432515	-1.2302854104937737	-0.5112385877463159	0.7328683458291216	0.1861525624660568	0.07886880433170093	-0.1289409391282497	-0.7433457246083105	0.34455812111424644	-1.0709278214128337	1.6414361673433522	0.8946362539742275	0.7657104784420973	0.467698811810069	-0.8078423172788556	-0.5611147704552447	0.5156460176307227	-0.30260876373173784	-0.0883149565165358	0.35642606848219005	-0.3237699533872685	-0.08986288241771104	-0.2283725156282488	0.4774581151189837	0.22246726228573666	-0.08119147096959078	0.3518145155050123	0.6064216804957613	1.5426083359909697	-0.9396625469015859	-0.6056062977537112	0.23018752146443827	-0.7583785997731627	-0.36723117803376826	-0.20856673828640274	0.283584538228976	0.15701424136809072	-0.4724166260089969	-0.957815214443629	0.11616295254980195	-0.11388767976410598	1.5105365481352855	0.615798949762753	-1.0143394732898505	-0.9878675251995819	0.27415745931660185	0.3084519242014015	1.085181472223856	0.30093491068166633	0.2301997572362237	-0.6772356227711414	0.8542637849513088	-0.48541974514746145	-0.7115979608747831	0.9334555472676163	0.36451788244166283	0.6729899297994534	-0.03487801486128523	0.30763628317532005	-0.3489492501436232	0.8643702899188063	1.9458116078661383	-0.5690153927856025	-0.4674369177944288	0.0598014473990508	0.06850317614528931	0.12931284955457772	-0.11749967587518179	-0.18371245921663698	-0.6085758762201431	-0.09722331184610876
DTXSID0022933	32.13438339665738	-8.51391057694326	4.643300886806399	5.375597994329825	-4.004048946504693	1.2051108414208962	0.1998521744956562	-0.5719052545369099	0.19893524396652726	0.08921224063862601	-0.4110356719590596	0.8682955968591802	-1.4211883443711208	0.7958510522941987	0.11499656376719897	-0.8927575506821217	0.9373929019843741	-0.4598949407312074	2.0624521211866007	-1.9885492024742388	0.07770889041905665	-0.11905652325433343	-1.3233708689699268	-0.14870559813301892	0.39756096006397273	-1.9360478835922263	-3.186522584713368	0.6951002044015215	0.39991985987616185	-1.1345238555612742	-2.1475158019474274	-1.1708761351984354	-0.6265034359608241	-0.8389745567667003	-0.7846851869022379	0.21155748232713792	-0.5110176395236405	1.2433261532518116	0.7864476849565435	0.6448772236289431	-0.4672744228476378	-0.9336413351898423	0.5735777612573693	0.14247293170783043	-0.0531334032799293	0.4878184858621914	-0.13461521924753275	-0.023353140228245983	0.3031528891378825	0.3241487932520436	0.0830665610482678	0.22453672169047262	0.30998207689839885	-0.477176879684042	-0.3799594881175104	-0.6580208022183701	0.21983613182896264	-1.2701330135550442	0.8325930278619762	0.8326460821491452	0.39922779087896143	-0.3082949684658303	0.2354647471112837	-1.8924211334559158	0.2605595038148955	0.47427121798886424	0.054510716772434825	1.1238289978120217	-1.3525159197334784	-0.899824991622949	-0.7237744412104008	-0.3656729858719326	-0.701734367799543	-0.2850461572084553	1.4424950522838065	-0.8227840330398765	2.7118884817687463	-0.38315351566872113	0.7899240130719818	-1.60106668339132	0.4760927407842547	-3.5165852390009498	0.0019064141007627048	-0.7853044676503118	-0.5858924514276589	0.49216868855391604	-0.04529349028017777	0.5938256232472234	0.9853703017493705	-0.5040615127372049	-2.184840704271445	-2.118108831682447	-1.3781287505962472	-1.0843119175737888	-1.3430959431546712	-0.2834787770595487	-1.5577004213612367	-0.6939503787513391	-0.44321271108890037	-0.3597803019595223
DTXSID6023159	3.054758709221694	1.7557156369382299	-0.011005902438794755	-1.1619439594184655	-0.4763204998004073	2.255139022843749	0.10092156217664917	3.2318989579691997	-3.221827207119068	4.024364957337431	2.2635425212774116	-0.9852189368328785	0.9209332499427866	-0.039910155154327456	1.7879215953666177	-2.5588707260456687	0.4691915604424777	-0.1758268033006446	0.8120328227367336	-1.5944156750062126	-0.15491613049727895	-0.1770943390385062	2.1974994255671714	-0.8815683298491732	0.5149960166397358	-0.04937455378635891	-1.0185888735156245	-0.5928220895290588	-1.2728600519217057	0.5743212587611783	-0.8442137007487701	1.3503174665236306	1.575824676380276	0.6616617178419912	-0.24825326446673304	-0.6842748068877276	0.8689338613345738	0.04015295566588769	0.2585055685013955	-0.7431153245476542	-0.2692541577535239	0.43139527271207123	-0.2501847190971367	-0.05705255298177443	-0.046585886168719844	-0.42102797860515884	0.12336404821895194	0.36590221147317115	-0.05929454767189783	0.015091698224845988	-0.035250974530283634	0.02590598301183221	0.4780985197847211	-0.29359156522859986	0.4902243294332209	0.07270429336177572	1.015300652615432	-0.8493045599923734	-0.3376005377651413	0.5168377202189212	-0.17627423117743546	-0.29621239974905206	-0.3972035896826025	-1.3124093310793936	0.22573037631007353	-0.301165226416945	0.22057934932011572	0.8833362284284827	-0.6128143157153267	0.7666780245490317	-1.0660295374103566	0.2345682350929952	-0.6620338270079218	-0.4764921686912276	-0.8613688844122158	-0.5345383122498129	-1.8227001948130372	0.05944086221804365	-2.250357676626902	0.4947682678264959	-1.7753585527460396	-2.3481324904578966	-1.867955742840357	-1.0558197376271898	0.8234494528853786	1.6727061584427936	-0.42346879018445477	-0.43050256825949806	-0.3044081595857417	0.157718631129762	0.10598518817309188	0.9372205051353354	-0.05250199956070133	-1.516712907942711	2.32559857421147	0.04981284205890453	0.698348298320686	0.5888739366968894	-0.6905277385181051	0.12669566322647838
DTXSID7048902	8.963081136793143	0.38606454066969625	-4.846274169414565	-1.5159831216011077	4.196871823714495	-5.3554367674707	-3.89272432664906	2.4520140684614065	-4.612816937325629	-0.7153305494709717	11.783165183621104	-3.6531266283524344	4.949662926386297	-0.9186559140690173	7.657461141782113	-1.8113009115244436	-0.2622876322429085	1.7742009353591337	-0.6243481298033562	0.7968701006507942	-0.31680475951805626	2.5943387454806035	-0.2816473652253414	-1.676365616912531	4.373992337302109	2.0348497985532594	2.296169144765386	-0.9678313626503363	-0.45530030266738947	-1.0558466432492604	-0.1611168222061356	1.8989758022594827	0.8470098860074117	-3.2179055688264557	-1.086128264744113	-2.976637182338627	1.7551580283211516	-1.4414600876317454	6.886623925270036	0.40840769576310526	-0.5379362328519042	-2.4702506547975296	-1.673056530146925	1.0636021556611897	-1.0392297129324957	-1.8747829617377267	-0.2448444012307716	0.034212572840552256	-0.12839229827671436	0.12182860251550048	-0.0446602703408736	-1.7401703902430603	0.13586986325138084	0.19676274120433274	-0.23745560795912418	1.4877870987489783	1.111669217068022	-1.138814101623525	-0.9208449456305554	-0.5270211265076573	3.2113341189888276	-1.601209285908651	4.658821980377048	0.3626945856320846	-2.2723615111519697	-0.6603792502252267	-0.4517947965411394	1.8614104863229586	-2.7558365304483554	-1.4254676466459952	0.5287488763836912	-2.4798152697422173	2.052633901269228	-0.047303241259009185	-1.1657200230282463	2.0347562558639196	0.32541627724737276	-1.6089824219377657	-0.5239418533612666	-0.420840818396062	1.4175983415654396	0.8532097245936728	-0.6238411203183242	0.32655558054679723	0.9570239509740491	-0.4442001373210496	-1.8277443036457905	-0.9645558499312366	-0.6829742443197101	2.5696018796302593	-0.33393683326037416	1.556315750999345	0.08632301872857732	0.13671429917902064	-0.39122671555327293	1.878825658654938	-1.1994629754036195	-0.01926278464005032	-0.9552233741940437	0.20600659718523434
DTXSID9045687	4.7752293424034535	1.0303716094057307	-1.254380941462205	1.0484417957034293	-0.8464131358672078	-0.2577129838180885	-0.1550173060107219	2.2905974081657803	-1.1963764249732518	-1.500322791539008	-5.389508663070629	1.062626131432426	5.390577433227084	1.594149338967843	3.960969057531647	-1.1435520313154501	-3.4276256376827487	-0.10853230062396539	-0.1702462683165097	1.9692502528477995	2.850434937513028	-0.46383028152476563	1.9790272769364659	1.3951485347843091	-0.9449387343219047	-0.4664748697106663	0.8980241759155165	-0.13469970753410823	-1.5969171234898525	-0.8697288718757381	-0.25538036891042837	-0.7687369430628164	1.3511041186945383	0.9137931354680302	0.2660612573322173	-1.3519961239949219	-1.191718957340026	-0.21069458304321953	-0.07269903104996796	0.3302986390634458	-0.25637981588920417	0.8521659386565703	-0.024852184762219662	-1.3217915005629617	0.35373305064812266	-0.0932192569919412	-0.39375778018950114	-0.6191593016529106	-0.006915985664187063	-0.41522438444972665	0.13619527531516784	-0.12538294805805322	-0.016553353264507683	0.22384699931953858	0.8867145061276761	-0.3351584797509498	0.6293457979026409	1.0512079880977674	0.35329513924616857	-0.0399625107925794	0.7040330747263973	-0.07636105951337578	-1.43578788515932	-1.3593960315916909	0.6357910820860198	0.8218686003815953	0.06567766384624256	-0.8715676910113467	1.8076603819497616	-0.594438983876098	1.8233738481498738	-0.02461301078295975	-0.7824067240521354	-1.3169775784081403	0.2862106084081335	-0.8588693863602204	0.5821114028005767	0.7173144616027067	1.7431853987020125	1.6530635755901215	0.3432788737728108	0.9639562636816736	0.5183408656947713	1.1834977226907188	-0.6944677234492147	4.206716631816645	0.159000096967278	1.55644483603397	-1.306235615716522	1.0134509025818517	-0.6817644092961344	1.2961369488139405	0.7933559375783987	-0.6241311195585687	-0.10792862068463761	1.4894174001389224	-0.3669045231326616	-0.3582549801079174	-0.009440451562060513	-0.5551964149730808
DTXSID5023665	0.9032125436804573	2.261125884191268	-0.20299065227591	1.2887629781994894	2.0890119900400435	-0.043816692161154254	-1.4020578037002636	1.5725293434524017	-1.7994698209705797	-2.237389090291018	3.381096215100236	-1.081667302197195	0.6321409697685108	0.27066354896231387	0.15100212260777396	-1.1689935799729927	0.4766089516250609	0.44922061602787466	-1.2695482863691971	0.5556224124762904	-0.3042032394779358	-0.6599063244753838	0.9704756334972576	-0.44188270396500695	0.5995986791399693	2.784145939370812	0.8685941014593817	1.3066231512216027	-0.13973737710167755	-0.7186215833154515	-0.5167164930477715	-1.0159063892327602	1.186617311614426	4.268174201216492	0.9385967761870881	2.35345994056183	0.908682260770627	1.536560458280205	-1.185650281945523	0.9186402294174385	4.5580176142386275	-1.0413963095705918	-2.576404041436164	3.719611924851869	-0.7796723701954414	0.7865627337183486	-1.1626749743507272	0.5233037802312859	-1.6455779759515252	-2.646445274885933	-0.1973187855775102	-0.43727059867596524	-1.9286200088653414	2.6718288398954675	-1.584893312603459	-0.4452613749773316	-0.8323953797116784	-2.554091554996313	-1.8181759014490213	3.4065532514414136	2.0552983450335813	-1.218078984908236	1.4580025981655398	0.28704549232137455	1.8459627522350484	-1.0577109445515789	-0.3624955762232878	-1.227703140909548	-0.5813178052911482	-0.001762666141887289	0.24323220501017498	-0.29708383305720204	1.1899951797849675	0.9046297818658656	0.4815841984959662	-0.3269227554289326	0.13997391079403454	-0.40115442464847445	-0.29638931940371127	0.7975268663085917	0.5109569966349625	-0.17360619364688087	-0.04276453503213314	0.19929679080914164	0.41074560153040685	0.8169065615332272	-0.36280873505712913	0.5179592188758952	0.5497658802812126	-0.16930064902081415	0.12288771276968062	-0.21649159791491163	0.29442402387108824	0.08858003154600161	0.2748852826261826	0.11209268343500943	-0.1306324680678279	0.03609118518251808	0.4384458933572494	0.2582165594036666
DTXSID1023734	-3.512940486677476	-2.348695557828961	1.4661629107556549	-0.08419013234865248	1.8775719808139812	-1.439165909449508	-0.47387388895988597	0.7720677658748628	1.2534382837377878	2.3652630851346004	-1.1768182687009001	-0.9604143068256006	0.4563091143745325	-0.14120616051481988	-0.6318013768490652	-1.3687056612759252	0.18159081008544817	-0.18737310702132073	0.05592278392578839	-0.14267897110687727	-1.1785765154197556	0.17958036168954322	0.412021262069512	0.23783818968058001	-1.0154303674936151	0.16230245073936692	-0.7557447389019845	-1.3142968368083865	-0.5364249041422964	-0.6303949350608912	-0.40100890006478584	-0.19548261495000202	-2.2033389417628535	2.603795272594305	0.8779265434154102	-1.2286450165877671	-1.6590582081020528	-0.6435208369867993	1.7346622895761592	-0.500875971910731	1.731604206889062	-1.3042655663227516	-1.7764358366786344	0.41444867620938874	-1.002153503939199	-0.2518501535210841	-1.3593223793160643	0.9588268307767365	0.6807864673701484	1.2306080271623745	0.736580235458816	1.01782643626595	0.37832710929851643	0.6523509854356936	0.8021668715572303	0.22537581737422543	0.33724317177066354	1.0937558920177661	1.7281752269534685	-0.239047788278494	-0.32654605179550805	2.0348054515834604	0.7594445583582169	-0.366686730995097	-1.248238674026107	1.036421115166336	-0.861772689573149	-0.5764817604361567	-0.4170789117330611	0.49978665173481923	-0.19033973600186066	1.4698376655915988	-0.35044526764605166	-0.0642517159350967	-0.22641321259361918	0.6166404906502659	1.3881324565441784	-0.037221323440168236	0.1979390710936449	0.6566020666243122	-0.820659759693838	-0.6375293035016593	-0.33533107311840343	-0.8360258890168548	0.09291698593636329	-0.1227508897598608	1.1518861190951548	0.35287975712682884	-0.6228534082253793	-0.343845744228316	-0.0735444090718966	-0.19255434303482055	0.12079755571622511	0.7104568178993935	-0.594471903966577	0.04806715416282084	0.12577678029952385	-0.04565609425469594	-0.11599589685776711	0.00725512880008364
DTXSID9041366	-1.542950293065252	-0.20466240345384987	-3.279244661784098	0.9986843997005843	3.2613379525369464	0.4868163721922821	-1.9100508881619813	-2.998962400836677	-0.8446107953064316	-0.043808909171133795	0.4112571379862856	11.383974429913915	-1.2141928542006908	-1.3694963193001122	1.4576943263981215	-1.1314935589079378	-1.797114496365916	0.2826476152200988	1.3812483313710637	-0.4270179702008594	-0.5555738344376471	0.25947023590306767	-1.7560584940107793	0.6678088305900485	-0.3768312190464783	-0.6339958932448932	1.7003958832290937	-0.09261940103247115	0.1820626229290548	0.822090196370064	-1.4389643275429314	-1.0497492563122226	0.9437199675642745	1.1556637785949067	-0.5700280606136627	-0.09524853740864794	0.6624027552645606	-0.4778313369433234	0.36102925933708635	-0.6641576748000259	0.11536367489104975	0.3363703096098839	0.0561628164893761	-0.10892574717565276	-0.6601498451961665	-0.18827917434501318	-0.1338064833560344	-0.4089111698291483	0.13252522511109532	-0.31419178153918	0.04579612066528924	0.07205123543526643	-0.4339606389528154	0.09894611463711883	0.7116201193940472	-0.4504143203072457	-0.01860153457951488	0.01842039373296146	0.7050180511016813	0.04006783112285812	-0.3218861386629154	0.24368815704062083	-0.27958148832415514	-0.9807801764605536	-0.3293999971817476	0.8360348443089115	0.2726366155060653	-0.2792312612348705	1.042760645392547	0.04202977975197044	0.058085824496677194	-0.9145885744165745	0.1707138248938996	-0.07552338756165414	-0.4267078009732851	0.10270776584003055	0.200640847203916	-0.4223597560107357	-0.5260648654485626	-0.11309950729697195	0.6826439897024104	-0.014217085855057777	-0.7155451633459884	0.8122007068339702	0.08334688147928629	0.6665724608582947	0.3637176444302949	1.0342688405267024	0.1821055464737255	-0.8182358544850943	0.3389827001876585	-0.13845009387020538	0.22716147612897877	0.12381297077557445	0.6945379046538587	0.26603065818666594	-0.2031507690912526	-0.25441642798208614	0.12115000798730075	0.28530192987415254
DTXSID5046140	0.0319663431072765	5.526337197913905	-0.3327337809766577	2.2786835799838214	-1.7261192596572534	-0.02806639126932693	3.4883517720562818	-0.574189095016318	0.3890209298159354	-2.132614522989001	1.114501074490527	-0.4979816411412205	-0.4634922615365728	-0.9668536327135866	-0.19118244483368613	0.020603136464923188	0.3047070684289727	0.7583538745735536	-0.4090872813734517	-0.4990468317227288	-1.2197386640101506	-0.35646610549506474	-0.12075680972860783	0.5427626750816125	-0.13909178727709495	-0.2628194592667092	-0.07443868565241259	-0.2382890732776548	-0.19839201770670334	0.369858803063129	-1.938069878539252	0.3678058952253053	-0.9402127639506183	-0.25738906888445534	1.1145928506140812	0.5430863938911019	-0.7222924051850722	0.7371687189898134	1.2166234130546838	-0.7386384769955189	-2.2733715977365527	-0.2700197127318041	-0.2950270014034909	-0.2911314227265682	0.7413250910232015	-0.5444130602075694	0.8374264160477369	-0.18055239048087854	-0.3470759933424171	0.4816637329395415	-0.057333297139588006	0.44526306047975056	-0.008227098434647107	-0.41386278705494045	-0.7746687624471311	0.30834084763688463	-0.9151671268699634	0.06718597634820363	0.3017603972994858	1.3872655404223413	-0.09130774611553924	-0.01021966100517128	0.8880448632860998	-0.22937120546800022	0.3027790808085986	0.5377867935997853	0.7179615669062493	-1.7329310882585034	-0.05001645292877965	0.12576259393449274	-0.6555433155592199	0.25689497111788184	0.2617943252789041	-1.901966684905378	0.047193297746605176	-0.8685053855193627	0.35958083056690093	-0.4528920812631734	0.5953243980840923	-0.26911467055792965	-1.604412694204803	-0.24838506909411104	0.40749313078715454	0.3667016472733504	-0.8522311124534545	-0.19393271795483252	-0.5102337690974397	-0.5648567614737151	0.21718136193321225	0.04690452620027459	0.5097691331948964	0.7663950723558137	0.600042238920588	-0.10233995294122858	0.597278287724041	-0.3078916883969849	-0.18807504772539127	-1.3391821772245602	0.27119044140366544	0.1611876458859662
DTXSID6024412	-3.856726923661734	0.4270759470562545	-0.028977837173810823	1.6377479480851573	1.7137142854351541	-0.6705231432079359	-0.5376003560746625	0.2470892615984271	1.7458492667865726	0.4840620870694776	-0.5578627556826509	-0.5906681922941062	0.01499518665566535	0.1541959862681611	0.6541891584948055	0.13276702248767722	0.5070679865661311	0.3017345479601498	-0.5337723828314077	-0.8965356447513738	0.0259125271906337	-0.5506557091699136	1.1502379058516496	0.1679355648653836	0.5867579105041824	-0.12049314227957238	0.1266427951641114	-0.6418279610291343	-0.376599325490995	0.2905199049053949	-0.8274025237191057	-0.008521820191476511	0.25802681698708585	-0.40622315956902433	0.9397245982804057	0.5067962284068349	-0.3275719759216078	0.08167468492442602	0.2654899296448499	0.3933368612358317	0.05971737083178763	0.5727709959516685	-0.13714167893923399	0.6553796549736852	0.07129168544501248	0.057563382637306	0.3050189647304147	-0.26317208627080935	-0.010637532673430912	0.3636875458908576	0.31734930865385175	0.09431728333528148	0.48396991487297364	0.01706275683526505	-0.10815525908683676	-0.3352467084282347	-0.04219568349256892	-0.12153207194097429	0.23787898833567864	0.16103537536755796	0.4376777075683086	0.14131289738781688	-0.33780124110000354	-0.009561592111072497	0.07905766767274174	0.14313159199880254	0.06307932108879881	0.6444066479790377	0.5132181947213796	0.636501870817872	-0.1356742869974825	0.38771670747627063	-0.4416964003813767	1.215476304883911	0.09024528459686823	-0.11656259985878877	-0.6693305138977823	-0.04151343039297717	-0.1182913059682272	-0.4675939642445241	0.42129435075110644	0.012980662011032928	0.5065794816570436	-0.297814700119531	-0.3782660980264752	0.03149292171644511	0.7222268434911414	-0.2571708651666072	-0.4684796834056982	0.10613565675423374	0.27981790744698615	-0.6326490350808395	0.012844174167673075	-0.03730409448843218	0.013486750623990082	0.003920424690958978	-0.19131748098589507	-0.0415103050733919	0.09787684382227628	-0.4402596357824252
DTXSID2044842	6.698581980586969	-0.4930407798987454	6.2988788920332155	-1.147882111635154	-0.20427081907460368	-0.9607862043598455	2.8262724383569413	0.2503768040226563	1.282237724030618	3.830855252809424	0.29471683955896133	-0.4936780774266772	2.182114930915983	-3.7699724452530115	-0.7297628847273737	0.04944866999694364	-0.8564473648044101	0.5333369150550964	0.8392636406685807	0.2397272164220699	2.144816610532991	0.8058541387396858	-2.1427840432931085	-0.7788488901464422	1.092420353621415	-1.1063293839846124	0.5070451920590294	0.8963415738069779	1.0539186843089228	0.4340573928865055	1.3898369647805078	-2.4544380136483994	-0.3607975577132201	-0.7006686347145439	-0.15382256231122618	0.33467674410874815	-1.8744591457128308	-0.3154023192096689	0.011514972262750322	-0.01772421436508773	0.4119540577483406	0.5699807804309867	0.053074046327999405	-0.052549954918793426	0.7979631825588438	0.5593989237003149	-0.2678919165309914	-0.1158581394340871	-0.036256419889207685	-0.37864731570246246	-0.18790007496064876	-0.2515051494640118	-0.24858365498790774	0.35212783077895443	-0.11254288201938573	-1.087274884699865	-0.22067139756678145	0.22499790127428068	-0.012854159573631884	0.1591895653090043	-0.019252949621835807	-0.5010969184079713	-0.8073449156980095	0.016284721660744524	0.7354567170390038	0.34293986694074463	-1.3084962391775583	0.2598449695807089	-0.30957069281026534	-2.709382352423309	0.8928505363723901	-0.6870135490398932	0.27877563678753803	0.43817620159645976	-0.5314320104630131	0.38348016964453124	1.020328646787305	0.601653066620548	1.046773652843919	-0.8704254554758668	-0.9063439326899949	0.5579121571043629	1.332076202679311	0.830983399809872	0.3293108241953417	-0.22971002860984976	0.8115174232681995	-1.0606358673191765	0.22803583362800897	0.7350286817003463	0.5818553448554961	-0.9117551307845989	0.796698810247519	-1.3643504784697122	1.181837106410456	1.58615560900955	-0.658159212484853	-0.3593175153118251	-0.28190112060930184	0.24097085625524461
DTXSID9049293	-5.339341580735662	-0.5354446615715444	-1.6158915263090803	0.25410612310051023	-0.39932907292901815	1.6957646105537256	3.0100587713479072	1.5489978627014473	-1.6511660742654168	-1.473628439132911	-0.16157638534384872	-0.05291539897576782	0.27069920959349275	-0.6386324239930351	-0.6124286807358531	-0.8141873286138637	0.14451750631997912	-0.5889209224616857	-1.0681112654650544	0.35546874910608156	-0.38329054431716963	-0.23153375289090045	-0.3427795171855814	0.23010192547275393	-0.3086436338612412	-1.0163701639143243	-0.029664699722112206	-0.711986562674802	0.48041543231234535	-0.2609346930621384	0.37689458763744005	0.15108069048678874	-0.04507397878727649	-1.016449539598649	-0.3876857042345958	-0.36477662913929904	-0.29390469911685335	-0.4686499971448625	0.01954206096805037	-0.17729739234741876	-0.3581003779812289	0.6557160683228861	-0.5903989494967176	0.052956280809773	0.35545770585450026	0.2808625818613743	-0.4145935353782907	0.02805911456932208	-0.1716529521491403	0.22896069301161026	-0.038944247831382915	0.013157227549101773	-0.02280830481236467	0.23478070436041584	-0.25494665140673756	-0.11889518066088119	0.4434970972419369	0.1666605374536793	-0.21977076121769057	0.7779036741917523	0.004547198343310346	-0.06816070804043202	-0.13200213862878263	0.2855271101610735	-0.1693066802068657	0.12925615806963286	-0.2706001072814116	-0.6350699409112692	0.18096523395434214	-0.32760831727629897	0.720339804375731	0.48264372151626894	0.1078908538565904	0.8164132351165463	-0.6717392136920081	-0.036723459085188405	0.24103725595630718	-0.5576644540404315	0.29390762299680334	-0.008363413219940972	0.06496017529028063	0.353141036709522	-0.04868983798321299	-0.7919209297314892	-0.002444125541349882	-0.480681152898532	-0.5052969083356093	-0.15773858926714968	0.37491508534127677	0.7830408445691474	-0.9856175179603623	0.2605702145550571	-0.9117784270039984	-0.36421183963073256	0.6967026063542071	-0.730438890669261	-0.33884809858293446	-0.25353578503726554	-0.0814393873464037	-0.24753956594371473
DTXSID9057682	4.365200345053542	4.814090666039217	0.9960438232353376	2.8984121995924297	-1.294890135319083	-1.3724870420362851	6.570643909874044	0.4341331716774675	-0.3760470689274492	-1.732685385533027	1.294895345658593	0.2586195831752056	-0.3358935332629318	-0.08507786182436183	2.8060462398659336	-0.35083100466126194	-2.4674019719900193	0.47143286504576926	-2.0495272490191265	-0.4372392090890262	-2.7433379693239237	-0.9943733802977229	1.990523389954992	-0.9297959638134385	2.512163040149187	-2.074337191007836	-1.149988503230979	-0.5025979696720871	0.08546958121535118	-1.5892189044581972	0.044222528917596426	-0.04794025047862524	0.9585527694458118	0.6745350156760113	0.6742771260749764	-2.226553590383505	-1.2156882124956034	1.4636234848250176	0.04125366717815365	1.8625410804544196	-0.17776058911661766	-0.0313372110099786	1.0292513179807898	0.16777067380632976	-0.9167224525346471	0.8030759326226585	0.3687685562176378	0.3128979938611173	0.8375467178119265	0.3979387414560325	0.3887838929519105	-0.24838795489626755	0.44006374993448155	-0.3873271673893529	0.40078818079232764	-0.9179596683756072	0.560935001177139	0.05975031067985737	0.20975226530595154	-1.7017702975303353	1.176666606616402	-0.6172499549329623	-1.0648868805844112	-1.396082337834321	0.983230894614145	0.0358843785041227	0.23760654946132745	0.237884958939053	-0.3790592417386395	0.1424299875647453	1.1154146475546451	1.8599493807179655	-2.0704508923446205	-0.7739134553777256	1.3969467538637002	-0.796977851742531	0.18094105754665693	-1.016545327652798	0.5935809804135465	0.6202655430078627	-0.6169790919367215	1.0060070943886312	1.1201377262474592	-0.2270879269814355	-0.4716045900360958	-0.5608855273261383	-0.017953331483345932	0.20131703873578552	1.4713647569353754	0.4459570101730611	1.7271311565736036	0.5980509333255007	-0.38503551814510983	-0.29400072735174104	-0.8760086675863911	-0.6934404926987419	-0.8685352752749338	-0.8733790981436507	-0.06705128581723338	0.7268602876169353
DTXSID9023209	-0.5366857308175766	-0.30864487576819594	-3.6964664055586254	1.9711726805414886	-1.3415478280974482	-0.22084260777591463	-5.617410687053103	-4.719609645988488	-4.8763440689024256	0.21048274748974716	-4.594011489630731	-2.059737817965514	9.551381946949755	0.134474986966553	1.3394318071695306	-2.6010888029206534	-2.292112440235877	-0.2823004277611276	-0.6054131140588068	1.3432663071863264	0.6278890958418585	1.89142518744358	1.3499955372546528	-0.9876184280110067	1.2163447647565158	1.0534687996388445	0.5723699744667694	0.03697801057092531	-1.0193078536514983	-0.11688483836044773	-0.832346373634852	0.5905962630285682	-0.18141038589389225	1.289574970102762	-0.5937012947097138	-1.918626872202181	-1.1093455673984691	0.1809624295888922	0.24749125921324305	0.06130533905764935	-0.4590418491311567	0.3629168544018592	-0.26549285023879665	0.21196746165495023	-0.043935873172220814	-0.3529703139269198	0.5693487710858188	-0.9540860048013782	-0.27134982779483324	0.2714109648205992	0.1973390170001046	-0.4665307496721429	0.5681722547969011	0.12291473016818286	0.07175782301168002	0.014203735874953993	0.7876880653898662	-0.562872875109212	-0.3820680690046216	-0.3178912833760128	0.5028468375052481	0.006776218241614809	-0.2041654199720162	0.7594381713455468	0.6847171436599501	-0.3454143569747832	-0.15275597215710207	-0.6592016066324005	0.5057679555476017	-0.4289964922598062	-0.5659781528025626	-0.6115903046750729	0.8871494845143153	-0.7448262049819808	-0.6489067279328012	0.46715054957367746	0.2011090686748147	0.5815375170324217	-0.24903309654444253	0.26724214635254695	1.0344713399823247	-0.44067914867462693	0.206253212413059	0.7316068877623229	-0.04799488441863888	0.14292669831733976	-0.2678026038943752	-0.12043255222256821	0.5627064452191989	-0.2662387647899845	-0.5610869981753595	-0.22839847094752444	0.5374683817950305	-0.2121586435813639	0.5801154934954657	0.05003037530308826	-0.5395574828959988	-0.7083202679595239	0.05920982793426343	0.15972208101655078
DTXSID5029211	-0.43855811788023186	2.0178487510898524	-1.9732682311561214	0.4320586894645241	1.3299736237074118	-0.4374453675295805	-4.281942764669516	-0.7404290132427527	-1.9064553241063926	-1.3209798343850108	6.251531221473091	-2.5342699495311036	1.9930431214571154	-1.5818584554362687	1.7429582658066876	-2.524662515883063	1.3341597024952532	0.5131778128704676	-0.041926906432965004	1.158259318513067	1.4331513516015753	0.163037182411535	-2.841044358011966	0.7554587557688833	-0.269707776432924	-0.49121815065732644	-1.043081488858391	1.530461311051528	0.5399215977880683	-0.4737873231553456	0.4294542963797232	0.5297795162949398	-0.29571286436262806	-1.8826244712241629	-0.9599002083750183	2.725669527480901	-1.1244083472361206	0.7831519761983228	-1.54440791405072	-0.6225882861131719	0.9862687187355071	-0.53559826339267	2.2896248949331865	-0.9924565827276652	-0.47228784865517764	0.36441111339820864	-1.3467588186118609	1.8150941246251517	0.017229600515010386	-0.4860045769888135	0.22516136697219946	1.3317146059669895	-0.0240879377970656	1.0894138541845	0.4122148393729321	0.7162942138789817	-1.2523531031681445	2.4813958752811462	1.0717645703162675	-0.2605094155769659	1.3547003086945415	2.4691942469053294	-1.0757102724708176	-0.49441637384309256	0.3326663873837885	0.014211189632219694	0.5777700351536659	-0.6801353419485843	-0.5540367561002336	0.944660811017897	-0.16521553985699552	-0.4425010908085463	0.10783433067746727	-0.19055756446275773	1.1281690105064843	-0.16387390734087795	-0.7693968980091606	0.08618606409629513	0.43307207435522344	0.01808953192191415	0.18831224348943987	-0.09859198355209493	0.1928112015995952	-0.3106740387307169	-0.16358266361634508	0.028811565615200055	-0.09537508221433749	-0.23281568238220235	0.39920495971938535	0.12538602526632667	1.000523884349615	-0.3266256387686062	-0.5324741518982179	0.04016938232576783	0.23945963705794135	0.21637271686576565	0.38486555792450056	0.016089611575408003	0.26873790813502213	0.22406724044230344
DTXSID8038770	-2.9193254824227832	-3.8954968487837363	-1.8253854003343661	-2.9515826528698854	2.202612749311346	-1.4412729278460836	-4.3328722277759	0.4598771243262988	-3.596916386604894	-0.43652876750060676	4.499968069858493	-2.9919567298517524	0.7548754509499859	-1.4271556721094536	2.5974842516533596	-0.6077639157550692	-0.33373548425628785	-0.24533462178139442	0.5406246437717823	0.5931816822092209	-0.9579266130577263	0.7899560652074256	-0.8401456910824529	0.09544814369171346	2.193800529504969	0.36890699016699335	-0.43626278785001005	-0.5859796414468822	-0.51362170623051	0.6331706740571308	-0.2820503124753194	1.0147600703999362	0.5716924069962194	0.5621791716140273	0.963287290200514	-0.7997686837059584	0.7909240952906132	-0.5408859363865467	1.0671327098891756	0.7139527571830064	-0.8510136938834796	-0.5670464651022208	-1.0295897295016687	0.14656925442455296	0.3010016256007067	0.029951602908645257	0.3246661496719063	-0.3773215628488351	0.4054286815541611	0.43111918477482414	0.06892437144610457	-0.29329414163689144	0.38776283917901766	-0.4049413644956102	0.7682990849952244	-0.5656391149449586	0.015344459573928219	-1.3276564302518334	0.08967962055421982	0.5851247411758358	-0.7829341952888853	-0.7246866677814336	0.3408056690067316	0.8240871710194188	0.19501533153997966	-0.5134488981402908	-0.6618868000924875	-0.12037532204052466	-0.38630835143166664	0.05648283026089389	0.7649402100010998	0.22514588837699293	0.2935777742827638	-0.39931838499959865	-0.36370164456007237	0.03088336276650811	0.45990849415925394	-0.5388377546070242	-0.14053332259461654	-0.16941908004265102	-0.061522405814713244	-0.7184494728003281	0.22650036328210305	-0.06213505226753243	-0.5522893887465696	0.10903453572489719	0.04145283402927158	-0.4277882590400361	0.05641201598338894	0.6490008315095617	-0.3858396040439743	-0.4687855595557625	-0.531646895254052	-0.09478395649968371	-1.1806081528615957	0.07873949011115049	0.13796849951399834	-0.6701367995895154	-0.5652709574454874	1.23136740261183
DTXSID6041973	-0.29675879103046043	3.8164839030946838	-0.9214201772899481	-0.48009969570319655	-1.5323674629437583	1.887016620540161	-1.7407964015669348	-0.2730505925888066	0.2789301094845406	-1.0926767947473879	-0.23614077413911913	-0.23921298891773746	-0.37827772158149287	-0.26451280904407515	-0.6531230871728407	-0.03472008787959755	1.210789404609477	0.44482378264528943	-0.12792937757015405	-0.04868298901332974	0.8307215137632608	-0.7196740164786772	-0.43605102956615793	0.8310062107863257	-0.14853989985606525	-0.26387170034661406	0.30797430233932815	-0.7664755325292191	0.16266678493428463	0.1591533099210591	1.204098350594435	-0.7020269388041372	-0.019756529128103096	-0.1971244350665229	-0.28718537621731394	-0.12030984258150694	0.20881383700643544	-0.4124607573641228	-0.010089727053886199	0.01900958310196604	0.5514098293721664	0.44015052404081806	-0.288510211964781	-0.021049206659782847	-0.38899067604176124	0.20509432279389234	0.08494935787152472	-0.020103910343901247	-0.2438564022611675	-0.04295182002549866	-0.2084663439985756	-0.08019429801930754	-0.24256633486256604	0.03540341581128228	-0.22808469636203346	-0.0702663795555482	0.35756000511511277	-0.18480116290388812	-0.6634284301548309	-0.04697567659394393	-0.10302534014492978	0.08323154000650956	0.0333046567885508	0.21393716548855335	-0.1126285585019912	-0.15533323044911018	-0.6508735619821375	0.17167421137820085	-1.1523306366581716	-1.2519382597109052	0.5711732400889983	-0.1212767118189078	-0.35185752651320845	0.02530627291845159	-0.21805127719089862	0.10867187050301093	0.27337458505853396	0.2463882174634056	0.7339069216054471	0.17434836735082807	-0.09624960212026369	0.31810942277049564	0.4368747640551365	0.15229417893142252	0.32904603331385157	0.459317553596286	-0.11838904807965836	0.41829141050419916	0.4741061575164808	0.1441905235596068	0.9360693662170111	-1.6344744169999939	0.13313733933903318	0.39407059388587384	0.18484226985214955	-0.40160047110346675	0.2952539770073698	0.18528887631652133	0.2193359666479894	0.24539210870661798
DTXSID5024891	3.063757334385476	-4.24503443881582	-6.085392997565604	2.3274938238649683	-1.7650690876193322	-0.7942352825493912	2.2867556120466874	-0.5023170289940599	-0.596278909038751	1.4290450878594338	0.7614530367239756	-0.27959077104266783	-0.06279112284798724	0.794205004586145	-1.4757519167020219	-0.9516276695400677	-0.4852053492197159	-0.3538496957833164	-1.0902209853284348	-0.07488756576470908	-1.4975051287948873	-0.3623035497151685	1.1518253164420973	-0.46596198532826444	-1.3112612849145415	0.23303615891788984	0.09161840301476902	0.442517850974742	0.07335256985615783	-0.11799770335781509	-0.28494650974447194	-0.4365469318088507	0.487683836934678	-0.534975728025188	-0.08530973680976206	-0.026434955922799274	0.25114572064592944	0.08488844897969296	-0.5115958057607599	-0.5156210160412579	0.36986185439278657	0.347834347876459	0.21445076016070794	-0.11378929969715136	0.2917804609122016	-0.004606747131228127	0.19706600496032856	-0.05813970913670056	-0.14174043823062235	-0.5943690591099036	-0.15027793476562512	0.18899663576814302	0.01871099328628555	0.032142307441800994	-0.44032515451994647	-0.10497642073401471	0.4166437934713547	0.19379299151417362	-0.4060290241057853	0.28488328775030086	-0.06660123283539954	-0.26176687359046785	-0.5322021994539503	0.4031814540523742	-0.05430651033385169	0.5676591893094196	0.17778376137496635	0.41455049224398566	0.44695380687588826	-0.7513148836665055	0.11591347184139968	-0.6678854639187679	0.31774009807196185	-0.45860180549442275	-1.3486711510299796	0.00023561158323366055	0.059311094636233234	0.8520209960684093	1.1762457123411512	-0.24277639555593797	0.0702591633298745	0.0635914873766335	-0.4978274343668659	-0.7425598681126675	0.18378108933012377	-0.07117759773310874	0.20880085983654123	0.4262443298728636	0.10359093990334892	0.39990856539707437	0.17655510122609763	0.21200262732405423	-0.6117789733219463	-0.022682167636131022	0.3016637112092641	-0.7099491101587029	0.3801279930164813	0.09432131983199676	0.074560401466427	0.0782924841759605
DTXSID4048270	6.814854476086917	1.8428566345677573	-3.1785961794972093	-2.860858499206833	5.164263666613422	0.8724411080430874	-1.8348286884460274	5.800795326217491	-3.1113319384276257	1.511932304884022	-0.29824729706926245	-1.936644305321516	-0.7847825727833377	-1.1749899460348199	3.155443274017332	-0.6741925056382383	-1.1322201995502885	-1.0395070085499523	-0.2146071182206024	-0.8388853434517637	-0.38823743486814893	-0.7186913770077541	1.1025807359613113	-0.6323370915655735	-0.3746206818595725	-0.5730205991820887	-0.4874216522657639	-0.7185384156764938	-0.6547109286704818	1.377642887552894	-0.5890412271045137	-0.793829883045956	0.40234454640536504	-1.4325022344445404	1.6757545432966456	2.6377772621449416	-0.9580234107597194	-0.35295505283107403	-0.6944292870573529	0.26884151568777226	0.27124223093818406	0.594996473732015	1.2471764888277928	0.8844211728152519	0.9441776814469923	-0.4982546241890809	-0.8428038446414973	1.16549419978645	0.12631855617105833	0.6236125809427995	0.7234257620494698	0.7056314856240282	1.1479671510673903	0.8031746323701795	0.3131548685264265	0.4948394463769301	-0.6010684320598505	1.3216652411227612	1.4900175319514857	1.243249614747823	0.3591475186829128	0.9625033755969012	-1.528098107988879	-0.5291761724646866	0.6517456211322542	-0.09617902918648791	0.10784573401073856	0.8571194136249509	0.016890495953668483	2.6079325331747247	-1.9102397004381257	0.16436383715654213	-1.1596704574487584	1.836690990830248	2.0247831397687492	-0.6452686601427078	-2.825534830393788	0.9485454555043433	-1.7522261696232906	-0.5164790033048949	0.46533723233970586	-2.393106821989338	-0.10737214369911381	-2.176642108972458	-0.04380473987029012	1.8494868372067061	0.9594343765498613	-2.739489780622815	-1.9078511461855754	-0.16881391459751646	0.7969088504355898	0.8700331111773102	0.3271337538118009	-1.8764189951623422	2.2445798952923512	0.17965529786720652	1.2941174886888427	1.0068730592974187	-0.32501877397475537	0.011454250001772795
DTXSID7020421	-3.7446067119745754	-3.660238223915336	-0.40249336151410886	-1.4028928615538887	-2.5600669140244663	2.4429599421019255	-0.21344968262011715	2.2911938082864207	0.23520667629622508	-1.0496617900632066	-0.16706194001821112	0.25506167638274896	-0.15518487966543326	0.3064777942231598	-0.6300813619963355	-0.23580551035308062	-0.33147723364760256	-0.34316013324620587	0.30066835618658655	0.6556075743771183	0.5669971641099026	0.2184110339260742	-0.9086804418567668	-0.1935650588249086	0.4540486417572836	-0.2132900916639172	0.5064010423175324	0.0942071636131239	0.05084536661694718	0.12113593844350283	0.19406438432330633	0.5693667752117031	0.045341977100284106	0.23341510992815412	0.14126842586840174	-0.12009245592439079	0.16809565473946772	0.04515257853924109	0.3309150493089999	0.4487843420583001	-0.7411019802005814	-0.5280678455183335	0.057722902624227745	-0.25938272424531356	-0.04184472376746775	-0.029910111549091296	0.1893442160859491	-0.23970427568052236	0.31921218750734126	0.19763898909055644	0.1779429447148527	0.07381522163122109	0.13017212961641797	-0.3264323113490274	0.37477842029498765	0.09120218170058732	-0.39407544771225506	-0.15545598291027665	0.3615019275835106	-0.17045762329662778	0.06450479974496416	0.09092468055846281	0.3306434809987288	0.1160178069268325	-0.03142992821376898	0.0872475911360804	0.5136310468461733	-0.31697890036497395	0.13853245075413506	0.898377425644858	0.3185351642542699	0.3116394462697882	0.1716657276108647	-0.2588475439170051	0.16185584212443038	0.15248994400827914	0.24224011039685198	0.8225471065426481	-0.2237844453068616	0.40822456794158474	1.2572426394436005	-1.0269710932982892	-0.18626502185595695	-0.248856412722008	0.23893243472437525	0.36169673230932586	-0.3545469641771544	0.10870079470241814	1.3183305504883929	-0.12706549686871257	-0.5563938724336022	-0.2989774463692977	-0.15461923312943024	-0.044027646230103676	-0.40428504569619667	0.9470147336718424	-0.32655554232284006	-0.20746212591002658	0.6713547476516869	-0.14667108890821212
DTXSID2046626	6.0245494198298815	-0.8484698415871901	7.345049862332953	3.680058954316809	3.3093496639021525	1.7767866185696979	0.09601439396948698	-0.8591282301258226	-1.1083358099314498	0.4791273437751133	-0.04343970943616109	-0.6758161047211306	-1.0390110441005072	0.7401015359261787	-0.33096237970741776	-0.4298572916072649	-0.2555580557861888	-0.6144862651228652	0.40632681993258984	-0.1939576208991324	-0.17510953488821215	0.18485140202829264	0.9280420060009281	0.21544742254594387	0.3330639791981717	-0.5093933734721405	0.08875724002724202	0.5031741471304793	-0.08070880434788034	-0.13014805222422454	0.0639516487291406	0.3305209869543337	0.6614735393664127	-0.5934803945116118	-1.0633716307694894	-1.2054880160610169	0.11296908194961632	-1.172822761980697	0.34210542377239506	-0.11358069685481557	0.15517568131756143	-0.15332741801530692	0.4790614452115991	0.7990424149430582	0.4373223542079366	-0.8236617273146134	-0.2528970373861653	-0.14173360500451637	0.2543914312703081	0.38080990485109467	0.0515094015225319	-0.4009178616730487	0.2498223973250003	-0.10571386892744232	0.169804478074915	0.006068894170411677	-0.038231951721132536	-0.5802398622601721	0.6125612317433498	0.4231737637694298	-0.6957327404466359	0.3968741862837223	-0.3594798243707434	0.48628656267867154	-0.3390037510623853	-0.6564600439918764	1.5875321836149967	-1.6060860501610272	0.06948132461985655	-1.4180995448750178	-0.3609962257885923	-0.4794970666200346	-0.864571883978567	0.4658043416772154	0.23761934087927683	-0.5512908964973944	0.2611069864595638	0.6843781935721036	0.48933333267773493	0.827048889730176	0.8202594722562169	0.3222865493588004	0.7463898418996416	-0.34659385857133573	-0.8522965393958916	-0.12521841827232782	0.46325537234856656	0.22923267226693173	0.9630891315989363	-0.3531516678098542	1.8834372044505274	0.11004900853599685	-0.46586555943885605	-0.314627487723728	-0.2547134894145663	0.05131701720210842	0.04883340185822353	0.3559013176535284	0.708035007698988	0.0031056522877612866
DTXSID4047599	-1.6385857497647924	-2.2154383437853924	3.3958012729105125	-2.0592647955935868	0.4908753715327514	-1.8746524331419325	-0.2805663562625397	-0.1193189669459042	-0.09883678683716049	-0.7748285291950401	-0.5976925555114426	0.4761035965904914	-0.05486787883454132	0.6462235298501595	-0.699305274004703	-0.5245910670232822	0.604704745397723	-0.5515284843064873	0.9059816827314944	-0.6100919472032019	0.021849034544842535	0.1361404228440847	0.7987398241074315	-0.20134855827279716	-0.18945599575876285	0.4717393342875458	-0.13169673723781547	-0.07962513361501049	0.14286741146419377	-0.4413746444711992	-0.34263248869525176	0.014558965169693265	-0.36203264801604135	-0.16544915746476863	0.18702403944731488	0.1262156321320109	0.04433073232059013	0.701598471541133	-0.390509490688492	-0.039752083308912695	-0.07038882113827331	0.129934657135257	-0.20320163440195657	-0.23704295020807858	-0.1537001576611559	-0.10645834216038898	0.05487675569781736	-0.4980171796578011	0.013029407792437603	-0.1998499010425677	0.10271930520122385	-0.07116019710289163	0.08989171951417245	-0.24144218460490416	-0.302858688722488	-0.005093193286712036	-0.08238325663772296	0.13902984478418898	0.23994015008103634	0.05160585965248496	0.15982215245893475	0.09509800553886473	0.29226546427127437	-0.4996713016644692	-0.0222716318433687	-0.061016567301799926	-0.1993532956918497	-0.20183369906331775	0.6523666523995126	0.7041380185640707	0.23847554936090634	-0.07682854523968875	0.6548577230225486	-0.026721249030459058	-0.6253688592823248	-0.1632347725808698	-0.39004091970093047	0.23324312799523422	-0.19758768283250971	0.04582026869192812	-0.08523720396157103	0.10739192320062782	-0.09227377125457252	0.09378906524015466	-0.05085652059033912	0.2717708529605773	0.14846525011250555	-0.405758360936367	-0.0639388868318288	-0.21083186636063708	0.006016423863684588	-0.0820470603517404	0.09376936169787092	-0.22379607656113665	-0.35100342570463605	-0.26791018042544523	-0.022722521254435666	0.14365916271188284	0.08827594178530998	-0.26777680232193196
DTXSID3037707	1.947056659906914	-3.108036176632542	-5.847180050558831	-10.777145533876546	2.852896662295869	8.424732195302527	-0.1526600079946529	-5.128512727382917	3.7884825067592938	0.2674331745652944	-0.0824554596687385	-3.0953362431092493	-1.4633732289883066	1.515200797500744	1.0944606039035403	1.9267365415497715	-1.1484799043068536	-1.0478998423535943	2.3302729961238073	-0.42025341215012585	-1.2636175222151607	0.28829631952741835	1.3312362189217186	-0.693214951047904	-0.4031755860463528	-0.6502476916763248	0.7402164726037993	-1.1224712260419452	0.9909665599817659	0.30341036856393144	0.402630261590383	-1.7262809291461154	-0.07033838977506171	-0.23909855267088384	0.275982706408085	0.36062718399104476	0.545823928940281	0.3804889322806871	0.16801596378130185	0.6524827544257398	0.15140844688107244	-0.36837983893518744	0.12207433310150909	-0.11169024257896516	-0.20918869575884944	0.732217612229186	-0.4338377040428654	0.32661112523434765	0.3668408590307985	0.6689050412446529	0.2267646588003607	0.2797295410333443	0.05991656638680179	0.2657373168669	0.7049724574958107	0.6584582842834494	0.4237327922170321	0.36348780254095	-0.2592616555021467	0.5819436606040912	-0.4539841903780538	0.218094704063796	0.12492264192976188	-0.40324030616655626	0.08488607813126657	-0.6133770531444764	-0.05925467210213852	-0.31153207642899233	0.3952757503960862	0.09493170370184258	0.0811588502863606	-0.8421827182859455	-0.09368119609878742	-0.5286527981075337	0.28240866323009023	0.1979734162710174	0.8249708201902066	0.3912533768208284	0.6850134017017029	0.5802008001702179	1.5563233147247904	0.03151804383729379	0.25736741656915496	-0.1533032494790627	0.35783988232399516	0.5980645174405123	0.431269688394797	0.20251273848893847	0.31658218392793464	-0.1138083260209625	0.36585724413580206	-0.06871033052351319	0.4524117869403222	0.6542310017129147	0.5214314306072547	-0.006882547766702508	-0.05974551617963114	-0.1888335670588459	-0.004074896500511284	-0.09419105766333254
DTXSID9020114	1.671224408341146	5.143621204528775	-0.7045404139733048	0.7895309040183284	-1.7762770171196522	-1.1818413452033567	-0.19708452055426837	2.1062781074371584	1.0383758870137252	2.4165022975387	1.7974995679176666	1.0261503839636532	-0.5702548377358911	1.9784025409994974	2.257133240518579	3.885788567996608	-1.3609377811353165	-0.36175029714472545	-0.4212052443326579	0.11604126450589991	-0.9668681450175162	-0.19635625923163022	-0.15897150459824808	-1.20556939353514	1.1839026861027588	0.7339882479922897	0.5909626736872714	0.2768562118715598	0.0060759679788849885	-0.1318719855864139	-1.1361251058574644	-0.4938225166517789	-0.5463709187060077	-0.5133411997330292	0.8415368595336645	0.6837480929913106	-1.0916637815210182	-0.23556765184403203	-0.15679122802974577	1.0163042943385263	0.33747640427622205	-0.18163140525090865	0.5651997288624795	1.1510770772132923	0.5276708310436143	-0.5402749648086403	0.6872480370395879	0.20124173904430762	-0.25317175959895505	-0.3446108054450888	0.23174102076837635	0.19184317433305098	0.9155261745888137	-0.35442776832844963	0.048168792360153916	-1.590175491279818	-0.6758299797417859	0.07833175232303494	1.2449822401024309	-0.3443584096206013	0.1997929563310555	-0.640825443392017	-1.6603795655764595	1.4946231294186232	0.4219196153646935	0.08662321046161814	0.5443891160655381	0.42849822563505385	0.104078093782806	-0.06798659347450936	-1.09254893353601	-0.7581436236062853	0.7586898781871575	0.27122181562874476	0.583918518120669	2.0620114700910963	0.4990859951325827	0.18001252400163428	0.007684020895637542	0.3045306326270693	0.06587636841953748	-0.6653001769749767	0.78046965655206	-1.50550721691962	-0.28524829417588454	-0.002445517073479959	0.7409501786327609	-1.4072183131678253	-1.2699348944197733	-1.3276584891160812	0.5635164458678961	-0.39593142036430073	-0.9662322398170028	0.2540326229882953	-0.00874070539619685	-0.302215540530572	0.3749775458589073	-0.13786269046041122	-0.21957761456919006	-1.0800342321307417
DTXSID4040343	-2.7102186863183317	0.6251535897407651	0.24738344622061081	-0.17520965448410836	-0.08431415572062134	0.35986953041579195	-1.4806669459636552	0.671193900974183	0.22336156269638022	-1.8144333056015767	0.14453707422502937	-0.20060300798610634	-1.1216539612069634	0.5021619357423176	-0.76222636893444	0.10902989802187654	0.5253076391694991	-0.630818582110878	0.07831096159061408	-0.8677412532367518	0.056016595442625036	-0.23647435054073682	1.3687203119992655	0.10015974708088961	-0.12173515674404126	0.23850991195754026	-0.1787469872530894	0.008264537653997357	-0.3230873356955017	-0.217821018120557	-0.8613831257254068	0.06029602390243645	-0.23014598473503456	-0.31328170927923493	0.4463375142846595	-0.6715998305830356	0.0676443909187198	0.0027402771959275404	0.12525950402343408	0.24405583816848414	-0.21464367409287247	0.5592538819142827	0.04011095350041219	0.2511758227585343	-0.5024398444033278	-0.31612201553245	0.026805748591520382	-0.4272901712434653	-0.07025253017239025	0.19988139462341964	0.14790132665616276	0.17579053889762272	0.3564365051342369	-0.2807499104476616	-0.144383496307122	-0.20242232690681358	0.2340270361227049	-0.02174981031411736	-0.09994122370523559	-0.12689909176535563	0.1895016709763538	0.28454946966152295	-0.2573404885567023	0.22747299072461485	0.42630579346536746	-0.07468177488184494	0.4727710972508937	-0.5402899717184102	0.3118136007165302	-0.10202748624431901	0.03070810146211511	-0.01640552488544241	0.17398347325933425	0.3598996965307599	-1.5767134268787042	0.09688996708484407	-0.424358824839287	0.789829535631499	-0.26561921741496114	0.21389340695623957	0.32331226993018486	-0.368462866174678	0.01789885890362103	-0.1423823115145094	0.04385642839420468	0.06756262357144782	-0.46156867655531214	-0.054615279420108125	0.0856549387102818	0.1538911816785858	0.23724519489761106	0.18785740429220768	0.5133547086609508	-0.12964572999964313	0.019988220787770333	-0.11760614988684437	1.1837451519901523	0.7653405150249789	0.1134148361162999	-0.004042375445179777
DTXSID5022649	3.765756003841092	3.7748980208982097	-1.7899367121694292	0.9566578393981934	3.241513858986944	-2.148964628816904	-3.752383891089733	1.0022407497023356	0.2948717852780132	-2.401038569926456	-1.674035674705634	-0.4241252664621664	-0.3207213158024056	2.6055783357831426	-1.4727705411815237	0.08901951265902312	0.16826493210033752	-0.4501693914878223	1.154751498769317	0.5216159236767347	0.5490530746102823	0.11415891624526764	-0.2899387046280805	0.6324132563874039	0.23952531591268414	-1.1273838348346246	0.1938188855006864	0.027053124327500063	-0.06529646258740926	0.7467081275851987	-0.2733973790344162	-1.706462499447864	0.9426538762239581	-0.7258782115994317	0.7481359857046727	0.18140689760088666	-0.07160062819241073	-1.2088386267047317	0.07351334457133563	-0.9253601372125156	1.0270078014061246	0.5485438522150201	-0.518420610139008	0.3377267047242528	0.352101316264864	0.13904985438141143	0.264289362075259	0.35062275820702427	-0.18876964836401144	0.3056320116123298	-0.07683056466554451	-0.23050740136656633	0.3268154066910101	0.226126888535509	-0.44935112565331714	0.6625103368630321	-0.1287312492013028	0.1607827870279855	-0.2527957464370552	0.91213305776339	-1.6637270727715647	-0.061081110201196054	0.8771451987203294	-0.1919506557763978	-0.4332059188580035	-0.6904079228101665	-0.880900797809345	0.4943537190595293	-1.4224134233765542	0.04310007310986871	0.6070412094560367	0.874149507891341	-0.45681462327560407	0.14698731499253398	-1.8843055370451092	-0.15850158390154778	-1.808067178899036	0.11730924516763883	0.8066083414634087	-0.5799841112496841	-0.03760474239886382	0.2499461591896392	1.5217914327651503	-0.07634734466427523	-0.8840315297000623	0.27722498040271343	0.7498224519145945	-0.9562885180317922	-0.31849554619435116	-0.07890464912554322	1.6317318839872703	-0.48478152015933756	0.18972986246775153	0.37916617863004004	-0.34083955914177516	-0.05098866157547352	-0.3343357307981291	0.002010431355823418	0.37419017711561126	0.026127767383227488
DTXSID70880134	-3.9224737495459077	-3.6324895891976148	-1.881785345541554	-3.761906670936091	-0.24765456071687963	4.245203385668866	-0.41121493111030366	-1.9771354264784866	3.395632824027775	0.0642982033150845	1.036511791424434	-0.5010714292567975	1.3182797304509817	1.9461147449224736	-0.08448206243936118	1.1047472781838266	-0.6474584391118797	0.3951259882261875	0.814324385543954	-0.6659191559703099	-0.7977049158247838	0.2264039688039307	-0.08662676769365783	-0.28447381894635015	-0.18938178374249223	0.11068502221684905	-0.13956494004765413	-0.3235857354015409	0.487854535185806	-0.49669158471932945	0.33669066196691916	-0.15256467125095374	-0.3720957014378313	-0.08056662846173657	0.17421746198688245	0.21000068811680642	0.14401228394913296	0.35129347859999444	-0.32256726162122373	-0.36486465951182667	0.3658347664914266	0.27996280797479234	-0.3237999424321991	-0.15949128202427626	0.01792752312764454	0.5819305973609271	-0.02714771284764617	-0.033251669608736344	0.007068300158949572	-0.1492732255282938	-0.042936731884514585	-0.06092803164029717	-0.2836554158866116	0.03698480218302213	-0.07945632460799204	-0.14063792690031843	-0.027367894602429912	0.42073028103930454	-0.5373408432617114	0.36215725932379417	-0.367645896451205	0.05133486730710864	0.05977676681080843	-0.5203926510508882	-0.4844760226214031	-0.09305348799950854	-0.13770100231687174	0.03654659637035716	-0.2196438704789225	-0.06304662156910469	-0.011578506903629823	-0.09798770363835176	0.4272019344088131	0.019089829311182638	-0.09272150651560718	0.07617454592740482	-0.44206301947056287	-0.12411567931036592	-0.14977930978593784	0.3525704000245974	0.23677769758472827	-0.046919696480725144	0.06284523625171266	-0.2387725490383149	-0.10118017740748117	0.20273674173808975	0.11751083672255133	-0.11711681316951633	-0.048095471183245524	0.06423670690137837	0.7433070848546425	0.05945043080473818	-0.6385559063913133	0.32060095939138067	-0.2747593455841685	-0.16607234167016943	0.5502504043244887	0.047163215292994914	-0.04900583380356012	0.15905372674311982
DTXSID2049420	-4.480878277295335	-0.34692357257170164	-3.276394273254154	0.32831405988957385	-0.8294339511302297	1.239797591833708	2.962322276811585	1.6847339556004577	-1.5030720079911235	1.56589131215038	0.15085219820440202	-0.7405040550349635	-0.19934537345805248	0.3465754114125343	-1.5131016344167432	-1.916853259211579	-0.5622913633553303	-0.9373267839297725	-0.8345251169107707	1.0297606143657856	-0.7986775582440004	0.35641413312689485	-0.7110421505903327	-0.3592804657330087	-0.21461445720957503	-0.8552804656669449	-0.033188022181292236	-1.2823359262068503	0.05181432643095153	0.06575924422039062	-0.1098358116228917	0.2290995719929678	0.2678020114785822	-0.9502159972205582	-0.30604037404694	-0.39563796334254253	-0.6043102183391977	-0.3373624191795114	-0.061016051127559166	-0.18893544113581298	-0.17691923646976956	0.676367769573057	-0.14201035130260045	-0.2555725675109662	0.7734605728732896	0.0697328334308377	-0.5306863591428157	0.1275873576768099	-0.16247306748956372	-0.08781939079680716	-0.12290965069287181	-0.01152615360665656	0.06420639785724434	0.16035936927035987	-0.44193625048105284	0.09202510639641548	0.3691094371001482	0.16435278482110252	-0.019443557377952746	0.7379190597081168	-0.07373249510855068	-0.21960295539810812	-0.37384753656446407	0.36477123188223587	0.2680210052280424	0.20814108874681936	-0.5823901241819428	-0.3837022529936111	0.9012403944558138	-0.17674634953811724	0.8503032396577707	0.18059554348612397	0.5598956236884371	0.7433412056065641	-1.0599703337515618	-0.020565777476801224	0.4838878171005058	-0.44731490134829055	0.34714723680068676	0.10897752561006183	0.1357239865579913	0.29567117149709904	0.18860954592260168	-0.5545996049020873	-0.06518345101593227	-0.18458705423794125	-0.6977819453743226	-0.2637817784863037	0.3277097873690827	0.32723371355474123	-0.728536854359549	0.26988551345378536	-0.42388403281843007	0.4619194785006218	0.029474412936419853	-0.5959638689887014	0.2543516496640611	0.27534135001933263	0.20470009848497017	-0.3402359570191805
DTXSID0045676	-0.20400156747937084	3.7250000102542487	-2.112761811887516	-0.0398666190019697	-1.3185870422535064	2.8379416211644535	4.507028972729925	3.7394302321983575	-2.915643104110894	-1.9421109415910727	0.37319732354364143	0.5295857171779604	0.8058151807258679	-0.22899623103063016	-0.9966881443739924	-1.0335552628406415	-0.12852463018116023	-0.8199517859054627	-1.0557073703715085	0.04063997460355492	-0.6577691676637799	-0.6619532510258826	0.20486567267030353	0.7783635877415198	-1.1762075797207343	0.019367100227728563	0.06089235992436405	0.08243849587310012	0.7656368667884693	-0.7110920668558356	0.6552832650801821	0.39423371908486343	-0.1936599740580557	-1.1951022341999284	-0.44503751861998625	0.24258371667166165	-0.05102764239642602	0.05504803962996487	-0.24087562206817095	-0.2379864546909931	-0.29140327724536036	0.47665110823178236	-0.9993368687060611	-0.22098392856918325	-0.17770210543254494	0.5365883601097505	-0.044949612811584924	-0.29489985141323133	0.11943398951594165	-0.2943610305308994	-0.09866138936163352	0.4333522973226688	-0.27875433262533766	0.16073450989959892	-0.18908746223048992	-0.41362820950138185	0.13983757427697158	0.6603330489841367	-0.8401998795642657	0.04197851295872827	-0.22990214871210815	-0.16866982348512224	-0.37765755823074737	0.35903794898048685	-0.495941612215194	-0.4869716873814066	-0.1706705686615237	-0.5217555358785272	0.05210129443992844	-0.031102756708910256	0.5876658390586551	-0.33317133920270176	0.370585585452789	-0.028736217159233503	-0.13405118255186632	0.6198630393751023	1.150057904840258	0.5062035765816224	1.5067898091835588	-0.3654745164212561	-0.4605972637275376	0.6417430608990448	-1.0254417915422707	-1.0184094824804013	-0.07663248874729585	-0.27777435124791233	-0.696238974348833	0.08418458834860251	0.5577554465973328	1.0297391736739259	0.7420632597839817	0.7081584010333718	-0.4447398869440104	0.8101743778949514	0.9158978747462153	-0.6359318074428353	0.43987455509920065	0.1587430805689623	-0.13629831297739167	-0.17726659918182883
DTXSID7049055	2.2505331930241077	2.7118176188100422	-0.6478212731407723	-0.5168663518020081	-3.515136364454148	-1.2239673399556457	0.5687660413009301	0.7391576075116426	0.05033281569404568	-1.7502421968784827	-0.519411984580461	-0.6761208932347204	-2.013364054750328	0.406163122888094	3.8015419548732554	0.8745357097316931	-2.059651101639798	-0.09858529420562641	-0.40085481135480466	0.437994941887637	-0.6796215823281696	-2.0782473185292165	1.6938413878857401	1.6052057772300783	-2.862219867600966	0.9740155416996586	1.3938136321405874	3.2855727327699014	-1.064951230379592	-1.2247812360531365	-2.3990437290493185	-1.8646371298289337	2.7553939399245646	5.659960582310756	1.7614918328217035	0.6780779812488116	-0.3769731211969893	0.8314393071632628	-1.6521148946920985	1.8605584749208737	3.2968952756266114	-1.3462215435992377	0.4665760209899582	1.8798760862428774	0.058671728944100165	-0.18336576872732904	-2.520255107566902	1.3815846530046478	-0.9989605940960409	-2.0585521239849713	-0.14677358416184802	-0.5032400429013018	-0.3416887107738618	2.3093054570041587	-2.4238336136499394	1.7631789458035052	-0.007105710676160963	-2.078866663985936	-0.4326064736759091	4.055473365913466	1.8765577777507159	-3.4814874642348235	1.8398173875686261	-0.88507133149372	3.570758338478336	0.6319071930140844	0.31233418307217115	-3.3522938275781815	-1.0979517050421608	0.21207815955040218	1.0076779120361774	-0.578597328057782	0.10028240541782697	1.5350411010093286	-0.7155533684174955	-0.7328270940787035	0.4951707013611959	-0.1316746380928686	-1.7264761460297462	0.4937500941679567	-0.7328135145891158	-0.17749246652994785	0.9054037431509319	-0.08375702538226952	0.10547803890037494	-1.7419439217173642	0.19374823274391764	0.476046742410857	0.7499250573615602	-0.17078593624934874	-0.22958250821767304	0.31213605437764674	0.4087824629746845	0.3621090112727516	-0.2140022845913607	0.2318125698088731	1.1128205516754492	-0.11642969276072682	0.6096783286154932	0.7273396750150453
DTXSID3041370	-3.108367784626741	-5.200458127690265	-0.8608387723150791	-0.23981517121854537	-2.2922806629614842	-0.42385498394080473	-1.4172302218980521	-0.2759053339600925	0.05387824910422661	1.0426864197498718	0.17355627222840445	0.11063175695443114	0.5088932645638239	-0.1745569594881331	-0.38655257310316243	1.055961855716782	0.07801564086066562	1.112313526649124	-0.40404684550085707	-0.880434392121529	-0.14806555998799767	-0.44962238596593107	-1.1196998066585502	-0.3932140842859868	-1.213957209979867	0.24498671929052293	-0.15563475765183696	0.08321470236644912	0.5979046133289674	-1.221760280725323	0.30702152779287667	0.589949366462833	-0.5860282557444355	-0.06099089501660122	0.028384863275055565	0.5101601291594936	-0.19909515090425145	1.074494390007815	-0.7826191991007271	-1.1809345951181442	0.41027757629931283	0.006917134687569054	-0.06188822228648876	0.26647827803832	0.18174271247918872	0.5900319857933976	0.30914179692294586	-0.6052918711723001	-0.07421298841292984	-0.4669739578875032	-0.10488070340885575	-0.3730264417845682	-0.2544244893170283	-0.14625055414059757	-0.6223408911707553	-0.2353539834946504	-0.2926596703569934	0.17652823580241586	-0.48846767232590743	0.33697382099043777	-0.6376314674664286	-0.17277371616554518	0.6576158132440596	-0.3848884041767485	-1.1112720935586595	-0.12082018941653176	-0.47139554504097236	1.0222419797746207	-0.17254825436008261	-0.06549269808949282	-0.309833831134449	-0.16582490409406353	1.075768885590131	-0.3691361439799825	0.9436611869617157	-0.5765620820163085	-0.6243437310636727	-0.979916111964112	-0.44410079741056013	0.6054196896389041	-0.5979626024843143	0.4171996931828381	0.03393245023569212	-0.15154887058016522	0.08647377327673408	0.7244701491164589	0.8978542997838497	-0.45697051290185664	-0.08013297516006718	-0.4183120161638058	0.1744655394449155	-0.18427011503360546	-0.12948256461749058	-0.22070928274291202	-0.4325427399814122	-0.2906714361274809	-0.6317249120152001	-0.27563718163371626	-0.3626767081390336	0.14123872033338367
DTXSID8034401	2.8298435549894596	2.5641420650202935	0.13081615971566488	1.8728729459505247	2.9538767688857126	-1.3402243820667636	1.0235095518339064	4.156275461096334	3.608235050868259	-0.20499472504933808	-2.175534430039375	0.09320647187954652	0.610700816713672	0.21199121696633097	3.2362231213427908	1.438562376069329	2.487969662193831	-0.1903798411481351	-2.8447208425570487	-2.062346753339346	-1.1411105651145816	5.315633244549982	1.4162840779177666	0.25526765936826235	-0.5884756607266112	1.4285933340500618	-1.2011952930975922	-0.7013162739974828	-0.3821834760173427	1.157209253386088	1.2405719395537147	-4.502705917379677	-0.03686766466258562	0.9861519155375361	-1.0674967817568919	1.8224977058046725	-1.0546899213560568	-1.1023633745760666	0.9147896225605243	-1.501798246528924	-2.0138229858177827	-4.4898910133004835	2.560984506637748	-3.7766341394796505	-1.9419143064633635	0.07416771401987987	-0.24638361732137185	-0.7295024708340173	1.3926453229170521	-2.054184746586766	0.42530295885455993	2.645807303331326	-0.42271390622206	-0.5844812581976732	-1.0883380369214282	-1.0726265814017606	-2.2545359473362288	-2.303919888304163	-1.065755496416441	0.2867761125512442	-2.942627992283907	-1.1916486616791235	-0.8228496587488056	1.446375175196482	-0.46829119634008615	-0.046242197337454875	-1.1805940069877539	-1.0074765712644342	1.630871516632853	2.8074504887428793	-0.7567524130370266	-1.0196632554299805	0.18522829690752007	0.7327542402775843	0.44512141384566245	-2.163316122541669	0.25195122114707885	-0.4669232435116979	0.14599250100676983	-0.9509256504230366	1.2244242404397068	0.006348519297718177	-0.5818876743241699	-0.5979933984383137	0.8143406765701079	1.6043104162907404	-1.6034337451176848	-1.15022469812904	0.758122378748935	-0.5859857682212294	0.09738671652993873	-0.8721393716186561	0.6130069483110432	-0.46198470751222737	0.45645273663989927	-1.0993437372170018	0.6460665329420703	0.15421040277638892	-0.9437629609905371	1.8128268447989806
DTXSID1041502	-0.3679971361804605	1.6761962531891041	2.950726832187667	-0.23530371260339752	-2.6933105712442886	-0.4302079955089462	-1.8252604328316322	-3.1944340528467046	0.07982464277227817	0.2041321621762129	-3.6057106908541976	-0.7173884993574616	4.414250497247676	-0.8830656916633665	0.9042301730750493	-0.429334549053372	-1.3331915204848561	0.592609249325629	-0.6342747219380367	-0.3283287655895634	0.11788236876128556	0.4321471165905051	0.13275352002974586	-1.55046895457216	1.9343265787787103	-0.5673445916040271	-0.8904018274358652	-1.2381382183008747	-0.5084785563170466	-0.21022704154693292	-1.4260536889286295	0.7873312345361484	1.0059785966398873	0.987776224685486	-0.28648000655704764	0.3746945242132875	-0.809902812767994	0.3102348288692509	-0.557062090560914	-0.6031586706890938	0.30518450637467487	-0.18781623677046627	-0.4286389391963496	-0.9094037364937188	-0.2876496461409803	0.22024620213693313	-0.6360364686697377	-0.13369637342163632	0.024504652847255188	-0.010816928052237343	-0.11574443514075475	-0.5273757378655319	0.28182353548637473	0.057512328527571537	0.1820182230110214	0.6858982649391628	0.3638109925526078	0.46928030618704664	-0.02375001346504836	0.07052612331536641	-0.20754913019383703	0.7331367566257951	0.34057096667247977	0.2272088341605122	-0.01878045630988773	-0.9208179480414734	-0.1920873067730928	0.5331546128188066	0.7770284481631905	0.5558912622501391	-0.13623466113261523	-0.1215494601061456	0.5377052983429838	0.08357130572031862	-0.4413416576847913	0.18048172831043316	0.7641996990409924	0.47545396298856074	0.3769400023495465	-0.42684799838007725	-0.1340944169608515	-0.9931697146712198	-0.012191791708931763	0.30793045545253594	0.340922305551357	0.14054958360298253	-0.6239987134183496	0.07816305114199049	0.13370095497211595	0.04201674332712275	-0.13325233786917484	0.4566869430031506	0.5626518633657858	0.6234270393918114	-0.6485507173522785	0.02138255048696374	0.29887226818494467	-0.289083645701059	-0.07504479158941853	0.6791420983777251
DTXSID0046694	22.842526446998093	-10.715159876451487	-11.419164397328759	2.568618745276937	-3.012190294291324	-4.061440950166622	-1.7567827221603893	0.6127679754734995	-1.0854424620391707	9.76946344394933	-0.4164723814235391	-1.6718805206326928	0.040861445768109524	2.4519568973327246	-4.494088755724264	-1.5058431567771513	0.7900063896766519	0.410601785833533	-0.13540369060909754	-1.5990322717077754	-0.7225361033491002	-0.197810867161301	1.1509800090546876	0.1574696612170569	-2.603975937602265	-0.05514559947240406	-1.3929613411260906	-1.9356964813755935	-0.819110774305102	-1.0013669048742149	-1.1110518689159945	0.3135341904026839	-1.1603936312969139	2.404570123311798	0.27600659388478116	-2.4053691006305056	1.0199733936256834	0.7791421678813503	0.5189644519279499	-0.6980667282783397	0.4897605464000381	0.08784451103128356	1.1231272727590043	0.32729754456740595	-1.7244090032260857	0.0040906987704146395	-1.3685780718185012	-0.6339220107895966	0.024062571935014095	0.6619987174084392	0.38512292180608004	0.2669054069446444	-0.4038960933998942	-0.08726339630169914	-0.839283983951885	0.8707700161367047	1.1873482723313245	-0.037347890233424344	-0.6266624294464365	-0.6380051063999125	0.5873747943494696	1.7892589587752143	-0.041131160749222344	-1.2502674399408196	0.256093813644938	0.5571839186427849	0.2678648801345909	0.9461786832789432	-0.9961927214708428	-1.6669194786835435	-0.6024550690295694	-0.35752067222276507	-0.012374143096546896	-0.32235324202304894	0.0727148917218512	-1.1247244642030494	-0.6334589364021057	0.3670714259780503	1.5295346688780336	-0.5942935047946994	0.045479545296559114	-0.9466595802646923	2.2959447295806905	2.3614158006488304	-2.4363563305039344	-0.6706437739738029	-3.2334157730886366	0.03852947937731345	2.361330081488092	-0.4548029322056205	0.8557571705211521	0.5740375458448351	2.4352965762113112	-0.7220131492697944	2.825359374087565	-0.19687358627141974	-1.4309175259529305	-0.701437841108612	1.1362031715693641	-1.6649049303164445
DTXSID7045651	8.005549223774278	-1.0819744347161475	-0.8565373979832657	5.1405304682964985	1.0687222632550766	-0.6093655753254373	2.51612211696855	5.935844008679893	4.71103481148381	-1.5149233296104998	-2.241607727342219	0.8203415002958019	-0.1263188340734772	0.2666143359477399	6.8351460899879575	-2.187391370393375	-4.263831408705948	-1.3750200175876435	1.386610702884915	6.551314944504619	4.612361792585765	-0.5811820202165948	3.531797534889274	2.0059494447191333	0.30476502226636254	0.45488591476123214	-2.6489212189300186	-2.1372708257969135	0.019847231671742536	0.633920504875873	1.3457848430047852	-0.9458559862632104	-0.5922451017042252	-1.4657719689843676	1.669552424861233	0.07367597234854788	1.7680092795443196	-1.0999446905410175	-1.2477389557082366	-0.5016549755257764	0.7335661035691159	0.6854737391803805	-1.1742391221082502	-0.3305767292572246	1.4613652068769634	0.30533283093645225	1.2576829801975027	0.03921870435445142	0.6515261146979484	-0.5588586825321635	0.026325173603173685	0.09762337558419927	-0.7463119783965083	0.6480038284385666	1.7454392258692373	-2.6064376478086304	-1.352395069368966	1.7297197443825145	-1.0554972066709472	2.6546690398475663	-0.9232854792116664	2.216817908378389	-2.4457141872669332	0.3660386820323561	-1.3696334155803462	-2.410277747355505	1.244439458367808	0.3036791141247487	0.5540952991889785	-0.931560784345528	6.70599528095898	2.003419586057752	-0.6158261330848911	-6.488934045743953	0.95810518736822	-1.2833956853420028	0.6293197320759508	-1.2482453869921968	-5.677379102768911	2.2205057130102808	3.5797961294791136	-0.5816067833527029	-3.1471408348818404	3.118716989810426	3.0323364761926257	-8.137733163164635	2.8108122303082155	-2.7199183597858285	0.849126937191872	-0.9533363680868041	1.8671982442401678	-1.953831252420914	3.8828210695045473	-0.014895859941927256	-1.1081111203330538	0.6326211836825048	-0.9254717568190235	1.616709918582053	0.4428088855068	-1.6181101028165723
DTXSID2049054	7.2340191738310535	5.182697342886945	-3.941436267325722	0.40977171953264396	-3.1867934963204934	0.43324691512436914	-0.4057558506709521	4.053317941979013	-3.7107252234708543	7.190406102553054	-1.743061595416283	1.1404201087313717	1.5366452194167834	3.1138881041436917	-0.2707571946628525	3.8517328881179607	3.9692265334171455	-4.447538649296963	1.7766716349721925	1.300978254467201	0.63583948326608	5.228807319355602	1.4271834379165502	0.38052603550559183	-0.9613679113565923	0.21680544684877837	0.7179043025990871	-0.717964363710821	1.1988443138412184	-1.426453985198517	1.196307122485291	-3.340974185165366	4.567781714939711	2.112348671217423	0.4378808638781494	-0.5764331808253093	0.7597880525982292	0.7007418934915933	3.828344213224931	-1.711955003155432	0.042362033871856226	-6.538122802235903	4.227787488849287	-4.728438249911476	-5.2026705306379295	-1.9488732815916816	-2.5654109380886787	-1.5312638955637659	2.0404085397104055	-4.779059455044981	0.9762891806089472	4.535117335505787	-2.601077658606139	-0.043246174824099815	-5.001092528068977	0.28952750589537135	-1.7640713845465306	-2.099404533335678	-3.452660208573423	-0.81149140378472	-5.541118704704435	1.7731683620208525	-3.529816990496775	2.7545686890114256	0.16189586388679844	-3.0221423319675016	-0.1720710950055951	-0.22985891595384117	-2.3559952271221234	0.2880974424539517	0.06264784427080629	2.207878623496233	-1.1360486212783898	0.995231540068037	0.9147221426427881	0.5022067812852719	-3.2595965847540653	-0.4774982913098981	-1.3419856439443907	-2.0029298510529294	0.25966598397548074	-1.9209188607120717	-1.1110216204149637	0.7650954460516234	1.0743243831440543	0.7191759602271408	-0.4090489672584191	0.46477017746089355	-2.1696858655176166	0.19112639285368097	0.14595577640508928	-0.2639721181819642	-1.7706828888686008	-1.967270884455275	2.0740587670161665	0.2483956436089436	4.545195724459574	-5.410203525353885	-1.7946596503790895	-3.312212285489448
DTXSID9048697	5.014879094856127	-0.5761292774238804	5.123786246564932	-6.853943992406425	0.003219253673267548	-4.883758248136269	0.4433213082706445	-0.4736544283255585	0.3908168802098913	1.3729009838234334	0.6129205915120436	1.1628824069891284	2.2566747374995297	-2.5731282875058583	-3.8486953322180746	-1.172321963095062	-0.06245328864547269	-1.0986655964396383	0.0652949659862489	0.26590853067702674	0.010322939835176839	0.8195500728889102	0.6382314660638868	-0.019785509781409766	-0.7760749259889111	0.9967395634472382	0.957431046651259	0.296664735057726	0.41796416548558735	1.0471554543863504	1.6750462014122907	-1.8943078621003622	-0.5987589510224909	-0.3849755240397594	0.7791181492102386	-0.02492652071794798	-0.5342600376956171	0.49133357079928064	0.25307426194922694	1.005664188440448	0.0746201000311394	0.3547061936416169	-0.10801444915857374	-0.144641437356257	0.4617534492028276	-0.23582983167304758	0.35068505696266816	-0.28565588713249535	-0.14712129038663815	-0.505820068852114	0.1700320955049498	0.020194654913422865	-0.10988464080559435	0.1750947282022713	-0.28772194401587237	-0.2995356175941261	-0.014649433673998439	0.2683163297998754	0.2281177131886944	-0.566467389171438	0.7443038505821634	-0.3017488487144157	-0.9128127256873474	-0.042421902696253455	0.9252762539110431	0.8937579709828887	-0.3902437101663336	0.39744430628982597	-0.23946339206204256	-0.4112450435014472	0.6588102480001585	0.0905838829941495	0.22453499731869594	-0.35792653383810796	-0.015147044204339941	-0.328100177447124	-0.2595341338567795	0.33340601482839166	0.18320898946718384	0.23463441741235272	-0.5357897585690934	-0.054726273217467064	-0.13073259278634575	-0.5140035881419017	-0.10597052406988869	-0.614368276159759	0.06732672598127598	0.08993661283212626	0.2964960458296682	0.6448961313242229	0.1310365759953441	0.009017840442465492	0.36951589706785193	-0.1074130424680999	-0.07592102712367113	1.0524982587144103	-0.3992537932247275	0.7265367155620651	-0.1593459987110942	-0.8076708568091191
DTXSID0047084	-5.185329735026408	-1.6398008279395653	-0.4310595742956645	2.9959127742135543	2.393092917266804	-0.19610654789661022	2.3170748186599446	-0.7961536117548194	-1.25705398591545	-2.2713113833661045	0.5978913778724384	-1.1000118210413297	0.21601506737232462	-0.04336544137267133	-2.5152132254242696	2.0964416542989377	-2.0220797303973095	0.6332685936704336	1.3276465489897686	-0.4645551603696507	2.958154422597179	0.2717160170859441	1.336556798852197	0.4219303516098954	-0.4315995391893001	1.2087860879539039	0.8531466814466062	-1.3489684547173353	-0.7960780353731624	0.8936827947842896	0.9896061835535532	0.3049191914625936	0.43430856465970524	0.48469902091922074	-0.38499681270977404	0.9279282627177448	0.22508337614887022	-0.021786976496878285	-0.5495666255676969	0.4726229296750995	1.2243078154186773	-0.6884852472232541	0.2174598672896567	-0.7505876045404755	-0.5419394439381625	-0.46629461310057113	0.012417208026469654	1.0284912192602387	-0.3836029900237816	0.20456847513539625	-0.26747907618500083	0.04333979844054455	-0.24858310796199354	0.01085015791198949	0.4719668919151886	-0.2796698730223733	1.3538041035616262	-0.13035637031615854	-0.2861683319742012	-0.6873390842567043	0.24908693354372433	-0.8453333693668905	-0.04451789448456587	-0.4681081467599726	-0.0285845494323805	0.1907981590449959	0.31916286425979795	0.7203269778239499	-0.46246433868306736	0.012674844297122376	-0.76394119678671	0.3218280638202522	-0.10847685046343696	0.11788488111489405	0.17213264845842974	0.3847309447202968	-0.3086232802488881	-0.3137191904827156	-0.22587882738383375	-0.3450732159749359	0.19040487280700005	0.21779544160709144	-0.1650137606910316	0.19158526216061647	0.39662107808645153	0.21807553064342236	0.08930858660486035	-0.19959620042684342	0.060021815498926	-0.03641290684266324	-0.6838058964234912	-0.3961991224727571	-0.25075854798192	0.19607057972725606	0.08284278442921965	-0.4940890649977811	-0.3589937360646922	-0.3098341793591307	-0.2857907508708913	0.363744177207554
DTXSID2048379	3.1977016110993075	1.5412973668842032	2.1510318011988976	1.1980117628756546	0.8093610898374637	-1.5749440241907293	2.2256856326699785	1.849234070425273	3.2561852757662897	1.0721222581250898	-1.0922902186527135	-0.15304025735399107	0.19548875214340367	-0.1883834144015898	4.649027699519599	-0.8509381171925416	-1.6855738369424003	-0.11198483057479457	-0.19162503274733675	3.1183226633393737	2.2447793395327538	-1.0257926527740635	3.4959689267216176	1.3187709450503664	0.1750929328682587	0.5151785367121805	-1.954741662179958	-1.431811891529008	-1.483137835351683	0.18780843250250512	-2.7591690509855877	-1.022390382392744	-0.5993924533001864	-0.4429947408420245	2.907283010380507	2.6951211654986817	1.9405888651620875	-0.1117999417088257	-0.40810764843995045	-1.1969003517754817	0.44979049199817983	0.08747296696577067	-0.5297662092030935	0.5387699632924975	0.8934977441146251	-0.6149195935216565	0.8662483693635886	-0.933660202676738	0.13612132593495926	0.021132803193126683	0.4199153192778281	0.5115527483307737	0.6033180250044308	-0.4657152685127013	0.003929565515569798	-1.2185897451684453	-0.9273374751125196	0.02299710277917003	0.9825352717474344	1.4685643401813429	-0.6410642189560419	1.9503731072628547	-0.8874770169301924	0.06517005746854132	-0.9790687753648727	0.04704421196851219	1.3591879515062024	2.044993394002742	1.135595865828728	-0.4246512791102772	1.2866539780992707	1.2264223604900926	-0.5810586446567236	-1.4650454517226439	-0.4243280673908202	-0.8958807381929811	-0.22735103457825606	-1.045459652248172	1.4169584360431422	0.3171095696907837	0.08477060919552465	0.5941314513450021	-1.458400439376813	1.2357850540818738	-0.6410529416555883	0.6968403102292958	0.1255235316265729	0.5171617123890162	0.23844151259036853	-0.10997355858123004	-0.23331515867677863	0.12539421006007062	0.6134006101631903	0.10532712177864226	0.025579704819601676	0.6106941895532058	0.8733780890841354	0.29699004758642195	-0.6012747858945137	-0.7590530070431599
DTXSID5026207	-3.7984653143088942	1.363483259759474	-1.2168899978949934	-0.4427373420854577	-3.285859294257281	3.7239514508416156	-2.3304417356115907	1.218252267292256	-2.7448969083091606	-0.8138165424769187	-3.542771667607699	0.16145769269080607	4.703324002322332	-0.9468718029607535	-0.6098752511544252	-1.3994173721223981	-1.3533712361616046	-0.8330986248125064	-0.5123429220660705	0.5052009976107367	0.9032905707528964	0.5530225477907278	0.247511188133145	0.044837862107917244	-0.24353725447608685	-0.2400497595842333	0.1358339502985157	-0.8808641427535829	-0.10731099526076965	-0.4499458571816103	-0.049552189330886995	0.4574246127075453	-0.16633524315236453	-0.34869359673490646	-0.17126203563386527	-0.23619794221144044	-1.3496392743087813	0.27741733911566296	0.3011219699507984	-0.10106630703473841	-0.6957111285854942	0.41081459974295026	0.06271891027309273	-0.2044516327651522	0.4665842580979727	-0.1146760326802504	-0.3090900838728199	-0.3244995013036802	-0.26527063274572094	0.3179940852215761	0.03249271947119055	-0.12857770399262936	0.18370636906993804	0.1064785982542245	-0.2934477897022776	0.023942981254978096	0.649018811499997	-0.3722512623539135	0.05772140784394826	0.4760867981258392	0.5226528614375331	-0.16910848824805738	-0.21515451662788032	0.29008141515286484	0.39612250664579285	-0.1393969168800642	0.2680157913056202	-0.335943691465045	1.2014402767658252	-0.39831360339318506	0.05803843912909701	0.2257767385546526	0.22123208070935613	0.39009152028537053	-0.44713958610527194	0.09795153329185817	1.0733316358021379	0.014584218356556818	-0.16721414885484323	0.4760907821404878	-0.024623888553537223	0.43022709237342843	0.499407705012912	0.5251302205950295	-0.08932877749567832	0.17987730541853225	-0.43843441102212244	-0.5162160990980773	-0.08850033576263294	-0.03890595173470407	-0.02323527211685296	-0.06583860434633425	-0.19454909919659785	0.19635840910152216	-0.30827898316391283	-0.49691542138688166	0.22865877529148454	-0.02396502962519881	0.3047553936432177	-0.06394798991591022
DTXSID6046844	10.482365723376299	6.964618057137343	2.358287181712211	1.8481137918448245	-4.919251357944128	-2.855796334690029	0.09571109173482299	-0.636078533330258	2.5473921552702183	-2.057870970070475	-0.9791871629385668	1.0745037525764374	-0.13881696243650482	0.9695850353396502	3.5282474292407806	-0.38880392605796565	-1.0978117920421	-0.06554674864824805	1.5799640031378517	2.2015013310160785	1.1169695655695928	-1.0414696945870283	0.4329610225061053	1.4597326405334328	-0.599916653398606	-1.4946097572403076	1.3811070530119194	-0.2119044688581353	-1.2178004476693238	0.8585215009068816	1.0043578793698484	-1.204498099622253	2.175768196652806	0.9570764418126102	0.26831107870664034	-1.3794664964449106	1.5651060264808334	-2.1447183854637166	0.7008288504079734	-1.8493254950219518	0.6135270830266352	0.3410577006721413	-0.3404407996262732	-0.13106106350557034	-1.1463190016565383	-0.1208154027642507	-0.2897274624078326	0.1432512151813446	-0.7143732069618495	-0.30846308894722174	0.018528457001236138	0.06934641482342643	-0.3952915298167159	0.25311493178325045	1.1754165085259773	-0.5632341077844605	0.841551027369878	-0.2779857710962506	0.6074660838986566	0.332439332145355	-0.2859602763016346	1.6209889953662497	-1.3939591362526744	-1.844110807736035	-0.30641377399131653	1.0846971389041273	0.18709063203331464	0.8234480377123935	-1.4821466643938432	-1.054068449837916	0.6847807700982846	-1.1733879759048986	-0.6156122688736098	-0.4488691109503691	-1.127117444709171	0.8791006497638815	-1.4976986828568724	0.5322421372373299	2.704439039327554	0.04689875555100774	-0.6163278542540124	0.4117253911993829	1.817066408169604	0.29281681159458145	-0.1833156189446988	3.225499333320516	-1.2093115477636123	1.4661158016092783	-1.5994457977059862	-0.05002915553968046	-2.632261038141043	0.011463277717920101	-0.08574004079762515	-0.8866461088681543	-0.8727612946518624	-0.9977064713995422	-0.21540389655675823	-0.7028696457150976	1.5750559793207202	0.2925871574606722
DTXSID7027546	-3.7880194393546747	1.974800900640111	2.537518809354789	0.28301386964739045	-1.609390893954766	-0.25750834483126384	-0.7215599822658838	-1.0156437769592463	1.69237340047963	0.19604735782560245	0.8644074508460607	-0.6562122101415637	-0.29454641333707415	-0.9454996648615833	-0.28707943572179867	0.43191344317341207	0.045769013657971445	0.2390090719574331	-0.24203948859070828	-0.543308455712082	-0.07625140381989459	-0.2914361419042886	0.18904835393822414	-0.5409311397845781	0.31075427222931745	-0.3394277276436366	-0.43595864913228294	-0.19883674445800667	-0.13306765265557519	-0.20072301840216308	-0.2927635077173793	0.8268942630698022	0.6271102232613118	0.4131311451154489	-1.1684609780123698	-0.29344709911581673	0.6113827290612918	-0.35006140446693584	-0.2976034893939845	-0.5585637017578026	0.13749475105654652	-0.3066436038228424	-0.18295524753343034	-0.2539669983951674	-0.0019373881639167803	0.015185562600249503	-0.8000937560785271	-0.3772637992822601	0.2649335604249932	0.08047626970853254	0.07096564714805047	-0.4381967803301617	0.04143686892086508	0.0990754791818674	0.2318698022279924	0.3388469345344307	0.39168176859165355	0.09667334975836944	0.46132327734339973	0.3316595124795675	-0.3152026651431651	0.7753402328540168	0.11562245136232252	0.4651915194702077	-0.6808351101072129	-0.21619612679663042	0.48369953633997415	-0.6980778192812214	0.7189557554780258	0.7437948353891779	0.39157293427666706	-0.4586512885272231	0.35921304698391543	0.3761877914844807	0.5347264695082079	-0.4421262671964672	0.3659438129721094	0.25744507401900896	0.5401465721971541	-0.40342486754778334	-0.07679516979098062	0.02758012939321035	-0.22581293679211215	-0.03130326774092454	-0.09970852131711269	0.17016366283202	-0.2573976627776205	-0.3422985353309372	-0.10344279704679758	0.13935916739040388	0.18554295873209523	0.04128225147153266	0.14475108611794948	0.5011970168319316	-0.19021176177672378	0.15036421404971329	-0.018263334834554185	-0.261258869684602	0.19829785452904725	-0.0029903766472744253
DTXSID3020257	-4.70155557953738	1.251855244186879	-2.2186919744921445	1.6952644901934695	-3.2550428164055654	1.0153263469729774	-5.271958926542874	-4.833156694361271	-2.1354903228205995	-1.3798636708097425	-6.919078271970505	-1.1256988533035182	7.959950106065643	-0.5052268103546438	0.07868489268704348	-0.334064733708221	-3.4187075223043166	0.09613306946342637	-0.6462825444259421	2.251206830674741	0.7144434299253853	2.2659510393796056	-0.21241039560357056	-0.898558606339598	1.562960400278619	0.3257577774685215	1.108656206360783	1.109305155169051	-0.28179466081276966	0.32706545734927345	-0.7532648295540771	-1.0361003449790747	-0.8354944858702672	0.38266536792852396	-0.4027756024729599	0.09674254189288688	-2.063986648218521	-0.21138489611386432	-0.20233238840898257	-0.284787088990764	-0.6632728691310369	-0.061657598226453246	0.10523515716903237	0.0718136733636899	1.3371338577313256	-0.9604319528045189	0.7132702478443347	-0.7230291571283161	-0.14392913236146238	0.5015587718132204	0.1548314802270838	-0.6591718957309172	0.8823639437990738	0.1793440382927962	-0.7894822657317104	0.7583872164026956	-0.1288763165336347	0.004811446242710384	0.5274661401702985	0.4850364682231985	-0.7093723913192027	-0.691684168859312	1.3882042532209506	0.7357859974114341	0.33079515703019935	-0.12586461817266692	0.07423742499974667	-0.9310676459930871	0.4221122311071658	0.026756699502119223	-1.2462252721575362	0.7791026422081421	1.1080833502310896	-1.967874009482385	-0.22262345412098666	-0.6187365374743138	0.5708086857677671	-0.32724838636111925	0.1116490212280925	0.8057429321698684	0.7084961577376016	-0.7756650209030184	0.28651350279513355	0.22926733024360513	-0.37607863421699866	-0.003563345217509457	-0.26216941598916166	-0.03504799324704508	1.2617102840820822	-0.061879206739551634	-0.878224858155438	0.241671921359499	0.3173503130600342	-0.09107875536906576	0.2158439531707605	-0.15403803456132226	-0.5853939808025307	-0.7708225409429043	-0.4377534802205848	0.03565509621993855
DTXSID7044504	-2.7110816722135316	-3.24709854522028	-2.4662318183311447	-2.011773819348303	1.116322533487223	0.4591590220590891	-1.3296154269696292	-1.8873370934723426	-0.9339735412969139	-0.6414300920472923	-0.3786575329034844	0.007273247595584543	-1.8900764075629055	-1.4310196333140575	0.37858826031807535	0.7593520806919619	0.4219087009972514	-0.16878270703866402	-0.10656431955605529	-0.37370234202909886	-0.7083620782444464	-0.07270525090115246	-0.870737713356432	-0.9212925362210792	0.43273449494368516	-0.42217335387631905	-0.8470113479124014	-0.347174126935048	-0.03443318822106698	0.30053354448462294	-0.11280626249714394	-0.677454908623607	-0.2667064758404711	0.3500583550541262	-0.09882829187896056	-0.5117131760144333	-0.06761002210437606	-0.46818632959031653	-0.08373642867802247	0.3898554339879206	-0.24855100840779853	-0.06859975783550369	-0.5130306903942767	-0.217358369254681	0.5040246589241562	-0.21872849960960855	0.21080528832989198	0.1761645033086119	-0.40188577649635393	-0.20661427874014388	0.019808053354126054	-0.21067520905808126	0.07025548884457965	-0.25553260862827504	-0.028015934644235678	-0.3679265672890028	0.07890516825929889	-0.063714841529138	0.3617860685864389	-0.25368503231184286	0.5634076766163741	0.1883026689398919	-0.22400821166853865	1.1095772350638178	0.5470405032031274	-0.47012323696695507	-0.11278764889752031	-0.3384069361922621	0.13957530609559635	-1.1200897086678663	-0.5669266891745359	0.20745430210666718	-0.004456727773045981	-0.2017369213146844	-0.9594780832983959	-0.1844467322866899	-1.3035111048751893	-0.3107009465608953	0.0976138060152831	0.7041327388641306	0.39341608696189845	0.07724337952404714	-0.7405640277241723	-0.9455978790564518	0.2995766089784796	-0.28051498025039057	-1.4289535149209305	1.0793434532719213	0.6007526878025565	0.42671127572231415	0.8007486637923276	-0.25190819967471656	-0.6817130885700171	0.38190864791550805	-0.8811503266809286	-0.38135638187912285	-0.7768409448347339	0.24625164198919006	-1.405452716891701	-1.2001041378413495
DTXSID7047774	7.489022195024531	4.306483688637264	-2.21205754688887	0.08908808047343254	-1.4339424352007704	-3.8170713846828694	-1.5116158269604576	2.968534787332973	-1.4064858028478195	-2.0545903669539705	-3.661007382757232	1.4155748494527454	0.7772984374493593	6.253389437327635	2.728538516390989	1.521046659995047	-2.1297391427066255	1.3015106451105447	2.221398994660349	-0.7812919233229668	-0.4537772983532891	-1.444071369428929	-3.487225925326478	2.6335233971610132	-1.1830469353821105	-0.9174542902109827	3.6052295864909305	1.374827734660744	-0.1892786888053375	1.3429838259380802	0.21246776460888858	-2.1939249529021376	4.141250672469927	2.6217512734998443	2.068846770908916	-1.3143539913088709	-0.14332191913683623	-3.038014028193055	0.7566859551926504	0.6980430705419085	-0.04542825864770131	1.1112923751933803	0.5390317533667961	-0.07482025803676408	-1.369378770272535	0.07490656486801185	-1.1019229031024884	-0.8278275642160863	-0.34064819988933004	-1.6828475000533765	0.2763266202122248	-0.735036595400305	-0.2419118813559919	0.7491790858563865	2.062850488688513	-0.5975452263766348	0.3627639576830677	1.9802742365092116	1.138692687721544	-0.7286862984326148	-0.6895678619018346	0.8224896975494229	-2.0364443898306877	-2.8611057989323796	0.22284062874457744	2.1643931690032736	-0.331294504688371	-0.4593961797180179	0.25637483522265403	-0.6483485052241824	2.3793678574879435	-1.3377129771981278	-1.1017921576453322	-0.9336513372289093	1.5709930610494136	0.15613776698993045	-0.7379522328821826	0.4860698641308858	-0.943224316111935	-0.15727417751958053	1.7561400295227998	0.3081067899408592	-0.003069695633072031	1.1443824256406694	0.32310503127139795	-0.13291046336684925	1.0932249315181035	0.9345574105674658	-1.8009493884107772	0.8868251094076341	0.10326757952121271	0.5325734038725431	0.03700843490647172	-1.2284772767766128	0.9195057864145113	1.0382601330166124	-0.6739002983684337	-0.09725995742212068	-0.2142221982989876	-0.5822806274229695
DTXSID9057848	8.405912401041206	2.1453168318139784	1.1972207845104206	2.739324921386675	2.306850555251021	-0.9381966977606482	5.050159683257593	0.9798002412449158	0.48841874683957137	-1.8271413794326214	-0.353148697394986	1.3708565683899006	-1.334276777356817	0.7795124853900393	4.037266560445176	0.22238573816621357	-3.09162889849781	-0.5651768927593723	-2.4334409846115155	4.885847972873281	2.2361941289729192	-0.905641610009146	3.319361452093099	-0.4742995626063547	1.5446218869469104	1.7973293172386944	-2.067643534914278	-1.5850736635232046	-2.2140433953921246	1.1969021105941076	1.0689006599140969	-1.2335444309275267	-1.6559363319011722	-0.5736150573432724	1.1289270174239856	1.5432714748282588	2.288462420569937	-1.2085987242229466	-0.5064085268511803	-1.5772941316236275	-0.02954696119157384	-0.7699358900258931	0.577589335398734	-0.7453347320738799	-0.36881822441902895	2.0641745680212518	0.7439693774257712	0.9432274849694604	-0.34605111405290157	0.2612277098695335	-0.3634043928180338	1.2646163047392123	-0.10895725944212563	-0.30846812460851697	1.685473995025264	-2.4509254796651887	-0.8500586616943464	-0.4507297188234601	-1.4407376596248693	0.4364496393824241	-0.5812338638933106	1.8801559028038763	-1.1817994100881388	0.08083517571069783	-1.2759512744770563	0.44861039825315585	0.6654097746845947	0.8230901003140743	-1.1775564059802401	-0.9861932101730847	1.268106068248839	-1.8287267950389177	-1.3143407267976341	-2.056194532635807	-0.992790629332466	-1.8270029107293093	1.285125928405552	-1.818996058785768	0.8310825553963163	2.7843144194802645	-0.49998586995984334	1.1422616244883728	-0.9526131808576189	-0.5049800379153598	0.2753951610622739	-0.0694495155272892	-0.8070883455982913	0.49840671188082547	0.7367972443404106	0.05833720118439505	-1.9273394426654726	0.5807129262352819	0.2821748516024316	-0.14346722120609076	-0.5564543853073595	-0.0482713536806825	-0.029099319204123893	-0.4585513357704463	-0.18906857700253732	-0.9155865379951937
DTXSID8048650	3.2455631947666435	2.8500171537893753	-1.535245925834461	2.313210789869744	0.06776035371985588	-0.4477753921334682	1.6122735308287799	-0.9850926122874608	-3.9764187808844587	-1.7401653907721173	1.2838251682413218	0.7087300451616942	3.299402295919661	2.6518362870413577	2.692368088108591	0.670670411832231	5.365915145366194	-1.4935843119097336	1.2788243949271978	1.9002026434509687	-1.934870412061023	-2.598380168604497	-1.787532908966261	0.7270541735261575	-0.461460017511008	2.199554418794625	-1.5897485028228677	2.278269883960873	-0.7461816525091948	0.8662217643633107	0.21228851726938183	-2.2086344829004907	1.5862082122869445	-0.07702263283573037	-0.40197019836956593	1.9989596094111786	1.652816560348127	3.666371176447093	-1.6297117091903888	-0.6987982160569123	0.04999583831638358	-0.9416460820441792	-1.3584291563106634	-2.6906639870801747	0.22168785086288592	-1.3034521057453516	-1.610181641539922	0.6324181613118648	0.21853185234157294	-0.27784598973869334	0.4370301083286941	0.7305211568162334	-0.8896452540881092	-0.08734169196652806	1.7038186722272304	1.235080038633861	1.9910940932321355	4.303197067409284	3.0020607117520006	0.006620176396773568	-0.31640366092781175	0.9167763667016698	-0.27495053660222313	1.0776399567620825	-0.4513239130989549	-2.1272539646904844	-0.5062951682909904	1.5204297161946663	-2.4162192819609722	0.6466460903862462	0.07063973666037403	-0.6160113285275379	-1.6973193626503935	1.3329566075621215	1.0567394169762487	1.1777874152341914	-0.40152545308210835	-0.05318788928234394	-0.46593159531428296	0.5347268682101878	0.5135048888536886	0.12279707501672478	0.7198166644547898	0.8587737194946926	0.19666933061054798	-0.7186266192274355	-0.7698433776011493	0.32433654974210563	-1.1166000806917051	0.2609177730047477	1.016799329812243	0.9868982067364566	0.08038932413463702	0.856062343452141	-0.48147907596968414	0.5425539634710925	0.9996143690755643	1.1473503455541518	0.20582145282651387	-0.3091101359502563
DTXSID6027214	-4.1158022668474405	-4.044812224957131	-3.076314595546992	-2.4245430660356737	2.271559199715158	-0.29076857464743183	-4.611051689478775	0.8827216330661817	-4.020108099928399	-0.6571582375514535	4.58546495082935	-3.0960188143949363	0.4844254335316083	-1.8466787218282363	2.560824566585295	-0.8850290653435239	-0.45030270226729696	-0.880384240485264	0.8593846388346973	0.8285276587204109	-0.4965990278198959	0.8435389409467907	-1.0465334294285955	-0.9930101965973435	0.4190402223532274	0.13343500335210376	-0.23044554667598177	0.048152995298703295	-0.4655858387088781	0.6884184267166275	-0.13288381566750018	0.9586602456314861	0.6262423565349684	0.6128066536516651	0.8252957843696703	-0.4711317536511678	0.44942327063266946	-0.4143814484138928	1.0624194019422684	0.45841496642225676	-1.0429137170494966	-0.4240553036614888	-0.9068053720204681	0.2389075299722407	0.5766917643295293	-0.0013194851564150235	0.32627333205790154	-0.6108659875898417	0.21725030742075016	0.30910952457340257	0.03982667383410301	-0.24024507575091303	0.18134405180999455	-0.24255252136380157	0.5144431927278299	-0.1140908862744084	-0.10281217176142741	-1.1272305942890137	0.006118236672791653	0.6234712806569612	-0.7255628549050521	-0.7740715116366694	0.5865677406914085	0.8529071803845558	0.12818922449660722	-0.31505309095060885	-0.7111475873357257	-0.09873728909346588	0.28168047139814834	0.10818270296655083	0.4307511339343299	0.3023159555328505	-0.11740860769824922	-0.23949260711546144	-0.26754102197624186	-0.5168332663652282	0.12320811863181011	-0.2472933669083023	-0.4109339871801892	-0.519834790762729	0.28552107456361997	0.08753743881594782	-0.6737483273284197	0.017474026704086938	0.35379690614069237	0.5422316792972754	0.23129718908938104	-0.9153513439380567	-0.11257544189018087	0.4835598284580952	-0.8590546081068755	0.22197819369252092	-0.34204306635153375	-0.5673383353165622	-0.7175347462607012	-0.4777128015581737	-0.2957595833470038	-0.3292400725897315	0.3410050781656199	0.3573983011064033
DTXSID3046299	-2.303746183633851	0.2741411882944039	-0.7239416649747571	0.9015662277330171	0.30946010223990994	-1.1641300094451048	-1.163615869470913	-0.073461756775827	-0.14972600199428704	1.3280191144534153	-0.20585711728907194	-0.5253466809522829	-1.3165599557969714	3.224676848578274	-1.1922231255961409	-1.5751318460800408	0.36146439996459784	-0.5526318585706764	0.7078041769436078	-0.023897138243240825	0.5468108862767952	-0.02712972348584414	0.5149498181307667	0.09736773587247334	-0.31110954702581267	-0.11424594905543263	-0.7785833718349252	-0.32642702396885287	-0.23948482316080594	-0.033689507838038	0.06823992290307807	0.21712468099144122	0.16053276891009138	-0.6548227845733358	-0.8418862444931812	0.3117860811803441	0.038563067839428165	0.42340378068334766	-0.31503209260692827	0.3015932380819754	0.05907092611743339	-0.0801472947640444	0.0894966978417107	0.20697277747484888	-0.1979274934219636	0.0700420987784118	0.3506765960445662	0.2377154390983578	-0.18052190702660442	0.045628881723549744	-0.2750889946263375	0.06533517699070467	0.05675895782885865	-0.23942143130067844	-0.20104919258128895	0.15042363550440238	-0.2577511392502807	-0.11903950874028993	-0.7226289988935918	-0.29762576559281495	0.2843505446673743	-0.18993853023854734	0.4793352785329965	0.47841849797718594	-0.02397615260666468	-1.1025983934354975	0.2218247603052191	-0.3061057866782748	-0.28014244771139407	0.1338284248552774	0.1617460610283783	-0.24282563284715167	-0.24446783250476423	-0.09410209313963303	-0.5518240708513106	0.051557154251437115	-0.2079149467441434	-0.05075134050261784	-0.17572628254248499	-0.3887020411428458	0.020387389040899224	-0.12755150658139686	-0.4111774950703453	-0.24730390070921845	0.24413941093088015	0.39707137914568513	0.35952811118897887	-0.07560363043393933	-0.006055070952693878	-0.12845959770151077	-0.14814973719723137	0.009934673625729744	-0.2280744743506241	0.05398576837531925	0.24488411192073695	0.19193192063897468	-0.24688934713365063	-0.12797673694708267	0.006698586077926024	0.35934018525122463
DTXSID4022941	2.6860589586964725	5.131121569546381	2.097409102081016	1.2721189978006768	-2.3873752405746727	-1.6688762290007462	0.9822744427960644	-0.055906440563927344	2.8918833353131443	1.1915344642283918	1.6431670438716857	-0.2527681192231528	-0.8939729016304655	0.4202122506790569	2.127528468961397	0.4769407381750076	-1.6262403840495812	1.0530151151049512	-0.22011060140284563	-0.27529850658750304	-0.4273837850353933	0.4686062553174607	0.25050432215716834	-0.7028657071177764	0.7403104984536442	-0.8908265267211374	0.9394159590913811	0.689516152290722	-0.32589416420593903	0.9633945710587631	-0.16775806492891066	-0.5571554905091171	0.8864682008889402	-0.8417832618363612	-1.157885249562855	0.8020861527042454	-1.6764816785375996	-0.759815040500867	0.44321773448981594	-0.7726624064775004	0.03257174040844302	0.45694334862258623	-0.7161354881889064	-0.15835173435323996	1.0685780554717386	-0.4936591061560085	0.7089674755717972	0.46062670677766815	-0.05518364564768723	0.16471304339685816	-0.011026787952489155	0.11331808129803142	0.7871755371683771	0.11003988629239554	-0.5131877726498019	0.11180329595203325	0.1672409592581543	0.25286563371811616	0.2050569929081763	1.3174746002830222	-0.8331626503660966	-0.5817773794653961	0.6622343570617522	-0.6059316903473254	0.08629745994058745	-0.5090005466538609	0.13934016751192865	0.08933607007843404	0.31075460742351346	0.7484016105732135	-2.0309421147171087	1.9544112138999532	0.13226309694901464	-1.954709553376226	-1.224039756167441	0.42451042639227554	0.38139779022601505	0.9564565847597367	0.9107289493719911	0.5161654486075611	-0.8409860383912391	-0.8734060248181935	0.6404021811720256	-0.4030488712992019	-0.3737409911349457	-0.4820318982087051	-0.5505408464074731	0.01047700588874651	0.9494360340822666	-0.6152159378677688	-0.4458044325593942	0.44813204312123756	0.2442867629807004	0.793869041175952	-0.23934190620559467	-0.5422969154782346	-0.2735309310682197	-0.5224945249072219	0.5418481177493791	0.19994831058005813
DTXSID9027522	4.2835159592219085	5.857033268937122	0.324300528165894	2.410198781748544	-2.9478079039885507	-1.0051113289745246	1.66223943376879	-3.38448465297137	-1.1159919392847577	-1.5291062888559797	-2.9328842610864996	-0.8537760283928978	4.388463539271422	-0.9490661829928515	0.8102294868393685	0.08091045470833873	-1.9689757740766922	0.14193472374237467	-0.7527057960363173	-0.13462090326645684	-1.7535071221735052	0.29949908394092967	-0.22073618069011444	-1.6547304651582344	0.6557179898769468	1.0144296607629155	-0.8215658414492183	0.42332440132605953	0.15307359719487312	-1.0047515264230946	-1.2735651704327609	0.14651239132555513	-0.17761263253450904	0.6263083768559186	-0.35269509767213664	-0.3354191593062392	0.17222832926517143	0.15668906422725262	-0.9166642169074997	-0.8615652209427739	0.34691891687293186	0.34304340418247825	-1.0847966770911424	-1.0897455083304053	0.15072714713949123	0.4876004205218262	-0.8962388385947915	-0.7217493516927045	0.12952382527270842	-0.6362132887494358	-0.08326695439941359	-0.10319271123469641	-0.003027085502168924	0.25049626616995363	-0.20367265423356548	-0.018229440151257378	0.5116227183075133	1.2285803608387995	0.14644430115677634	0.2651445105053854	-0.4313203698191287	1.0078915604250551	-0.43844944352422016	0.49637594690702214	-0.35000898312007217	-0.22046687919956545	-0.6046134196468798	-1.0304478111804387	1.244749450535945	0.47897997755051214	0.7019990875770229	-1.4313660723179977	1.1735212914655804	-0.19482950727121706	-0.8420685866927318	0.47441646868247445	0.6573015188890172	1.2029080345695997	2.019042981257378	-1.8956149423486914	-0.5964162199873344	-0.09285491099052702	-1.0685902789451802	-0.26195073852931744	0.3208241137601228	-0.3761272657340336	-0.3531368489880933	0.1872977837572652	-0.24444194593463103	0.6403122345123663	-0.05690528584711437	0.16174790839433265	0.13396370235291566	0.5859405375460431	-0.0001708258035647854	-0.8948344170675735	1.194107275022033	0.0975989479147586	0.11403037434192934	0.32370311657643003
DTXSID9047833	8.150751552412693	8.574770537620026	1.65996053809871	1.31238896821311	-0.6311049862945285	-0.4808890892135907	0.41971026293541563	2.2716291375978908	0.7976103933577956	0.4369194567598253	1.4683841244714666	0.6038584980035187	-1.7669859605673688	1.5387531109487087	1.0610534829718434	1.5194606021915795	-2.809599891178433	0.588159447067008	-2.075018472988147	0.48560102256814985	-0.4677609698120851	-0.1073816124635817	2.4180330801514196	-0.3037096737471001	0.3871302252282078	0.31627002561266143	1.729142723819383	0.01698663252380228	-0.6233574903918042	0.3692561156325983	-0.80810495128175	0.7370444122491892	1.8456860778200297	-0.025052166860225208	0.9203838553315157	0.9531336642337255	-1.549957216653796	0.01768164672280558	-0.07145111167215645	1.0235576029388425	-0.25026671744538836	0.03549529998688071	0.15064218473714028	-1.4098996597576898	0.6647759049336914	0.06286915956085537	1.1287705758339002	1.2825701343060214	-0.21986741608554342	0.33785540193520885	-0.18661186682303813	0.35447511157041417	1.0202466963142622	-0.003211493120739633	-0.12897173200126363	0.9910183004039713	0.2652880390178247	0.9112932708597051	-0.73556860578906	-0.13528497297569408	-0.15689463175818757	-1.843580892065974	0.7859526505759412	-1.1395520108837898	0.6633319129496928	0.17301925412116032	0.6345012474498599	0.010437379197697607	-0.48926621529524505	0.3093103744955843	-0.9936080100749488	3.3289766482361327	-2.245149427556	-3.2919277998220946	0.7037090558613921	-0.7149893500135025	-0.12174090984324627	-0.9621749292354264	0.5494270066068363	0.789495692048718	-0.3629536186158623	0.49569746600416903	0.23124784180956345	0.11877422129848335	0.47802473674469265	-0.798517096009507	0.040371595166365556	0.7025498177744506	0.8949559112109353	0.9679600177903729	-0.0626767138608803	0.6469418504381165	-0.9939983097899492	-0.8984557522113087	0.5809645479396031	-1.2108559065536972	-0.6515277131056619	-0.856959702647447	-0.6287741332838204	0.45935545825988006
DTXSID1046269	1.3051216596309805	0.4006234247395891	1.0078126818271311	2.191978035001671	-2.9471023255205315	-0.9936381000988553	0.8856767004634025	-0.057987233098040825	2.703630604474878	-1.9086191430713915	-1.5397543960236624	0.12298139017917491	-0.02467067416541637	0.8363777942220486	4.133122564749868	-0.8568115940250967	-1.5697076699670844	0.266506129378365	1.3289737734383018	5.212476027355079	2.9591564175672223	-0.5727401392699668	1.4962918320101706	2.267555596666153	-0.47427848113781096	-0.08234707046075551	0.30545942625956746	-0.6250373200064	-0.9036535246893145	1.1786022202348632	0.055604927882006105	-2.8275632088592344	-1.2891068417751814	-0.19210632202301323	1.4805055055182443	0.26230259999721517	2.5679980584912308	-0.8853823541987447	-0.2640063966213167	-2.353813361248906	-0.009612229562998901	0.08579360113328913	-0.41785670279129117	-0.3700293166374143	1.2787043343616131	-0.9220609180129389	1.2348553879001254	-0.8523955411569833	-0.08480686149613352	-0.2506724148877727	0.3161951191117322	0.2711524770947747	0.12451334975456016	-0.3157043185992583	-0.11015129811307271	-0.945360309616579	-0.6266354537937576	-0.5083216289868429	1.383990919065184	2.4331156281808277	-1.4489879750499584	1.2151911927650632	-0.167065907732236	-0.8229762097512996	-0.6986906605223115	1.2165360533513117	0.46315509544615585	0.2403343058516805	-1.0218203137275554	-0.49063544531385417	1.916069168800875	0.6174053850134367	0.8142555980989298	-3.506068953109805	-0.5382200799148872	-0.27163056941884933	-1.2727211604815927	0.36209068122136884	1.1082283834595321	1.7376691092099228	1.4426704519198856	0.8248761522195363	-0.3811967782633443	1.4688339928957974	-0.1957224316983948	0.5615606207313929	-0.8735746008915609	-0.5078153336975744	1.258778114282253	-0.2770646408000658	-0.5888214357067807	-0.15091631733856603	-0.014646689975957632	-0.19926057059210714	-0.12322374752516585	0.5149703455711488	0.2795389932933256	0.04684039519818291	0.7589788671273898	-0.3584156539397794
DTXSID1046138	5.659597208723118	3.0365324634684314	-3.4911910176182515	3.587497690949972	15.236090251155543	-3.6293770040204847	-3.749660303285796	11.770772699835094	12.697939948964185	-2.9905878076280072	-7.698409795570548	-3.100472049619743	5.082396372637879	-7.328973119843738	-1.225983067347566	-0.422663966474322	0.21161260585513814	0.26418904578259333	2.0593442579899603	1.1579368367190588	-8.24183996930988	-2.138844457985583	-6.427873031932646	-0.5961436082660985	-2.714130066634756	0.5691589914610262	-0.25965417968803434	-2.4875129686953765	-2.914443393020209	-0.15350547156858238	-0.06544700807270379	1.4895605825178575	4.963231910811103	-0.626449582303307	-7.374793748897018	1.3191880678811416	8.935594814827375	4.282469392985381	-3.830113623396569	2.826524142378718	-1.7286924708444096	3.8913789878178857	5.149784351944027	0.08916850149952125	-3.7146686962678133	-1.1587503421548042	1.73817754596506	-2.2420942974545497	-3.0819905320699683	-2.799733519307144	-0.7484568931103821	-0.9705597872402482	0.19905851012249412	-2.3794511384187684	-3.9525205008931525	-0.28130165673283264	1.1878296289476928	-2.0399901345138294	-2.2845262995863544	-1.9469856444254534	0.12256592173615391	3.9229709086421094	1.0316749013077446	-0.47958545185571766	2.852955617539875	0.9022552154584415	-0.45759594952385796	-1.7377379333230614	-4.732612216523809	-1.6213530392983608	-2.6984137810761237	1.3911190771302673	0.5935429423779556	-3.9522435081637775	0.22142399804701246	2.0479215428703244	3.319264630947799	1.244212408081038	0.534947827982744	3.6495340993974645	-1.2457290493499313	0.4219025174059286	-0.5143860762219676	-1.9089386299944993	0.6373833110141366	-0.7656162229676325	2.6278445790126357	-0.30176631415599225	-0.6386211600890176	0.23974087932912258	-2.5102740837712876	-0.330389071574197	-0.593821618107293	2.3736654788174407	0.2177306255762148	-0.7632110870540089	-0.7159232626361888	-0.97228650110972	-0.6617611299361587	1.26205256503087
DTXSID1032303	0.5504272322093837	-0.2606308364924675	6.064993256739734	-4.734676286847406	-0.3150710433329135	-3.829223163458406	0.06585771028873771	-0.9596194104841617	0.828344848284418	0.19582985340579204	0.5578193610272836	0.59805234069482	1.9720632246119147	-1.9866699912184493	-3.231072659537131	-0.7927515995737107	-0.1772410575908417	-1.5090187307058307	-0.34341013488839606	0.33910818317110664	-0.6547415108485222	0.5030607807852008	1.671855377465266	-0.014172922167372398	-0.8363224836655422	0.31008542761899743	0.9840649769501708	0.6074733233473322	0.2920860066488826	0.5928035605530619	1.054601296838102	-0.3530218912036177	0.35272832907327817	-0.4675694649987654	-0.389018934654729	-0.6146811632187229	1.390099436185258	-1.5715940332787461	0.6384028730499445	0.4224536425392624	-1.224155985350583	0.3437474817198707	0.7266060902913835	1.984604735830894	2.9316162902062337	-0.48027913914124026	-1.859935281408979	1.611222682045726	1.1085364565547595	-0.9955954042234952	-0.16984315826022178	1.0910508783867303	-1.3897132213117716	0.29109015523225507	0.06363821214022303	-0.4055955801770442	-1.8722535723365543	1.0164237611683042	0.5858746557851378	-0.4327807337306578	-0.6301162535202297	-0.76444375008695	-0.4065014017655321	0.038146562651810344	1.1704952887066458	0.710805051053698	-0.8893998169042047	1.0248345844080324	-0.23911040341913684	-0.6125162366821467	0.048982597721300064	0.38646003322220124	-0.2941392649813661	0.00776955020739728	0.6843006195104758	0.5278819722115472	0.42734670205881176	-0.32582523165985916	0.021010600815317172	-0.15537734042568957	-0.40089227773979214	0.412226814439076	-0.006003568591010025	0.3481912634188983	-0.020519368162572698	-0.06720452785651498	-0.06887381434175713	-0.27243622501280684	0.2979603315850055	-0.06314896931032611	0.09480510339705914	-0.4244954850992472	-0.44405400157909874	-0.11026920699876377	-0.013769877112341651	0.34648170541933326	-0.16132782388506803	0.23548715818737354	0.19194744308357534	0.09563233470863579
DTXSID5027198	-2.33603474907238	0.18930857940404752	-1.084187968475111	1.9736602836665071	4.656491065329457	-0.8839720449669183	-1.8591484338228674	3.0460372240379225	3.317510944522156	-1.514571911029238	-1.4745875061261609	0.2911764301542676	0.298003976452034	-1.5667036400675873	-0.3005106714126115	-0.16083337323489522	-1.0172455233431976	-0.17544978701259653	0.627519978531388	0.8266306793537248	-0.9218865659228502	0.08250979305993536	-1.4958250332936915	-0.37975521226662845	-0.15080469609814715	0.21981233598509883	-0.5408998239181423	0.4151317185944726	-0.2952831480237833	-0.34301674267761906	1.7830630500575793	0.4539068735163312	0.5262244656151881	-0.23532135070235133	-0.11643169934469422	0.23464697498745113	0.15213909956721983	0.3128940383445071	-0.13875360399364361	0.8608122843439427	-0.40455955479810585	-0.19194838707052192	0.08503529396884048	-0.013734158753286192	-0.020793792973280077	0.04123183192648925	-0.03893129246159678	-0.7887487106249951	-0.1721720592339781	-0.4477472135264042	-0.27622587018354844	-0.5655765041809067	-0.6837708978233662	-0.25364233935893216	-0.4140844210928589	0.2936750270119153	-0.7214990284526881	0.45733863088682564	-0.8863909616040513	-0.1816655553254009	0.18415491527645766	0.34986292119677365	0.34816431711039875	0.7129668404986916	0.09069248357811699	-0.5785072769558378	-0.14753354005140107	0.5702914093285589	-0.258119150740235	-1.3052940620151245	0.7054357768295614	-0.5258332637816592	-0.6486551539363771	-0.7106218276072823	1.1146948655292888	-2.0314778060048524	-0.12591955094372645	2.6983635757213826	-0.35118344764857595	0.9933989548435912	-0.9674695684980821	-1.19216360719635	0.22522328515539786	-0.5808385536048698	-0.5996270408037959	-0.7289469786955817	1.010052112392845	0.7408930166754436	-0.7056522553650073	-0.35813187586388295	-1.0905839677903215	0.39237146715418914	-0.7745175315520111	0.966616881481272	0.21671462645420647	-1.100363860385165	-0.4644872854154996	-0.40561953932915334	0.7443819052790978	-0.029861354755589046
DTXSID6046428	2.331619952504741	3.8446182446503756	-1.2038676964248207	2.477158858796212	-1.53336629011918	1.8519735373567612	5.8256474698642675	2.6782893079809735	-2.537411755870501	-2.2290822014275973	0.17142086198177947	2.19532559026773	1.3069941362996833	0.37586738388498886	1.3132473890736642	3.046017908634546	4.599314074426394	-2.917225050140481	-0.7277377599985975	0.9806218148298166	-2.5518502641511214	-1.5968159726565048	1.1745951624923336	-1.5162174120636664	0.1899088596924053	5.126764509535806	-1.5580269627449463	0.226720266907074	-3.653759138631353	2.463451858095144	0.8948379350094978	-1.3979893208888856	-1.1159864116140823	-0.6090455192200029	-0.920655503156339	0.8345515705125377	-1.3418429374052938	-2.1118893840433306	-0.8369615795883038	-1.0814911981949384	-0.016647838619873432	-0.9154632432909859	1.683577782377194	0.5337091632782115	-0.7458073995022239	2.165361047182549	0.7955139602467695	0.49397253610417474	-0.5612679314323525	-0.35055385510798953	-0.8713957195165927	0.14016842789083273	-0.5102251614103364	0.06159856546589519	-0.032627451228147177	-0.7415640149615098	-1.600547963613831	0.15702503043964092	-2.286875551477147	-0.5657365772334935	-0.22677869622502067	0.4695314069134338	0.18955911056326538	1.8345129385261985	-2.0020976067451897	1.2930699180777234	-2.3513123684708743	-1.149406572364528	-1.2999674541031605	1.1809045937826343	-2.1359305279174348	-5.24429877863329	-3.1074241127956257	-2.5936627056291988	-1.4276391440072962	-2.5237328384833213	2.9217882494671326	-2.292521263922355	0.03817498626285899	0.432748123276654	-0.5782859501237337	0.04216237014558101	0.9717849004013177	0.7077375204173114	-0.9570307681215936	0.06587016183143629	0.42985511732820075	0.25400665061331	-0.9287663349775584	-0.6623740600315299	1.4846903239474727	0.29178407108742876	-0.39049615789396497	-0.04580436624264703	-0.5153452196352688	0.0761011955587118	0.09466442399492575	-0.12557049898436237	0.658453678529466	-0.6898347621812279
DTXSID0034518	2.8333192245881302	4.465463168570886	-2.9494203181426886	1.5350527753956653	3.2687604404637534	-1.7887466831620755	-2.5247948836648604	2.039564005475875	2.2614902618555206	-0.040417226607879074	-1.1985627841257784	-0.5667906375594346	0.41178802372592443	2.266102181176651	-0.30785486604075313	0.6094704720067023	0.4618737252014181	1.0360074949762221	0.7513838442402034	-0.19818569176852074	0.8225569293605486	-0.4656263135516486	-0.13238301112918152	1.240705691043638	0.02501214410721877	-0.8036313023326893	1.171753949376821	0.2654280499926342	0.39247962811350634	0.945767791669512	0.5408833291437888	-1.0653024667317073	0.2625869432727917	-0.6755487303292422	-0.1583212409020095	1.594016725083676	-0.7022128869421871	-0.6417636902465329	-0.31189919565452573	-0.43088581828017253	0.42240869312721496	0.0038018877241887718	-0.5256336325131967	0.4241604430062423	0.4970002760153404	0.14810019410795638	0.8958829234317982	0.37128854359362734	0.18224229301876058	0.4408217926542097	-0.15454668481800102	0.014701395841692487	0.02738441993067133	0.14274286475654752	-0.09459840346550726	0.19917342763982485	-0.6055221959814604	-0.058816794352780956	-0.7170349056983495	0.6492603789593631	-0.967271529175826	-1.0746323247488625	1.1504355415210086	0.09931502352131635	-0.7965509620133495	-1.151615526931937	-0.4318808470456213	0.6124635772572452	-0.4374420463986935	0.34420697358609637	-0.4143413130616496	0.7799989685047425	-0.3321653698889229	-0.28053449917978907	-0.1440341085053573	0.1940590671812684	-0.7345725324326066	0.1994771177905896	0.25255126103948616	-0.429257997621027	0.04028200838742955	-0.5519922394467074	0.3869930038864391	-0.16833471345220516	-0.1626259230338563	0.5955317350891641	0.5227180549049633	0.10947201138417208	-0.49141321569662544	-0.06343357024189553	1.3389689552784665	-1.2402617721519646	0.13381549362073386	1.6096388954723884	-0.27244715272502923	0.3921556874398672	-0.2131408878460039	0.16865481849894565	0.7333991966957772	-1.3098837551889646
DTXSID7045443	12.191938283478104	-3.934503861112609	9.155082604009937	5.696014358212711	5.577938157752394	3.6955966519600776	-0.650474815789201	-0.6502680665947554	-2.5842045616414424	1.1889443753521096	-0.571306603611165	-0.5291136608565726	-1.7482032881066645	1.5836338177204878	-0.454036538760755	1.3550711384290473	-1.9514911793807317	0.14286394618314358	-0.5948389513844738	0.7323158216252432	-0.08105951016118519	0.3793295872683261	-1.1183158233797414	-0.3814031372958015	0.5930229480050425	1.0157111266221939	0.029616832928244095	-0.30030395329214876	0.029159918531973538	-0.19419217856414453	0.15551328356387456	0.35984756258073447	-0.8005065709443411	-0.354257192872899	2.0223080697660527	1.0014047906963959	-0.3101652962873222	1.3174360427703162	0.8930151305369288	0.48001795675640124	0.041602628529992323	0.2594328269412312	-0.27262308198830215	-1.5294920330262094	-0.4502253185194841	0.4626559953020522	-0.5145775644804049	1.3635589240098116	0.10136556559857089	0.31821766230995646	-0.01202547153508307	1.1014991162221648	-0.1203707448566637	-0.017832947793507074	0.13167049362176964	-0.757111405456471	0.5933815328685474	0.08144779942487165	-0.0008700718220921483	-0.048513617405124485	-0.42775393555372326	-0.8532413090299591	-0.2878179927652916	-2.388660260998131	0.8930350956108436	-0.32268223218932496	0.8455437559463632	-0.49115048864725885	-0.2289312872962797	-1.227033872095256	-0.6916556959320115	-0.14378181308617896	-0.7967236046295216	-0.024273990046908594	-1.7268822820620295	0.4553126417042327	0.0741491430472948	0.1692050865047517	-0.009279909703526244	-0.2786792944017408	-0.6863264814952715	-0.005778858125118325	0.1806360212654336	0.3137018429519827	-0.3628865420833908	-0.23558319253462137	-0.8275256299268652	-0.5630178934076954	-0.4055169966853636	0.12575574635511483	0.03591238097063223	0.09911822613681186	-0.06606039822342703	0.4789392667500253	-0.5506881461494451	-0.48494250499473684	0.36580717359286385	0.2314981657753752	-0.38302763842383636	-0.18645935510158834
DTXSID0034223	3.534490253507108	3.282754590471015	0.5628990818813954	0.7656615123192135	1.44160939091048	-1.617492386830159	3.299496897985622	1.7389335575085154	0.29448552442613507	-0.9374166193267971	-0.29406380582302805	0.15175577666864723	1.077453717418258	-0.06327995653873139	0.1525371626021062	-0.023286557103509006	0.22337054192394945	0.8938585128590767	-0.6702713473968549	-1.339992948023544	-0.7058108633573205	-0.9794232165082941	0.7294821757137073	-0.19094788678953484	1.0271698330491172	-0.9235040832427927	-0.7398098966096133	-1.8127885004549482	0.19509013269715691	-0.3212086351892491	-0.35735735935357277	0.6082063882305337	0.19277307110627181	0.5403744465574275	0.9987755427080622	0.5724485091689184	-0.6192191076357649	0.7267597888397184	-0.39258800440260394	-0.2001163924883515	-0.48951011481720275	0.28828367139766037	-1.0357193613309301	-0.788784778393626	-0.7402915512079825	0.42453324700159584	-0.38221226118414825	-0.6955215699598529	-0.0746579880226456	-0.03390796973438762	-0.15294421056379529	-0.009362721941585056	-0.253382463052925	-0.27334018768897883	-0.01541699118553148	0.07966134616834518	-0.4960996099880608	0.7064461959893503	-0.8552387674389438	-0.04060781308318237	0.18323195927102698	0.5850470921952209	-0.13533816673027105	0.05801476385894632	0.24072898678591834	-0.995381703724381	-0.608633472575017	0.6981541117203588	0.6544471309237216	-0.26832680578295204	0.09138328508169782	-0.12272787503909556	0.1308567279116925	0.7944104444871903	0.2553177627784636	0.15796665386167294	0.9155476217175923	2.22781320734785	0.7291726530625419	0.21663240216240792	-0.567718899075439	-0.14432082697916657	-0.19227641039381782	0.2845640542420697	-0.15315874095313675	-0.6669639790090552	-0.534663787110103	0.9945413650391551	1.3339254446768047	0.5290150774981367	0.7818177085213097	1.2858124995453777	1.4136496094632418	-0.201703011004462	-0.7199081589943558	-0.24726725837797658	0.9537465222498558	-0.1418916565957693	-0.6152220180943855	-0.019462481412226583
DTXSID9046651	-1.4249696156722214	3.146480205391253	-0.1463196515894807	1.1983627863021693	-2.7607761864526004	1.1162912704998653	-0.21335030580150588	1.144390999341485	-1.128558958387565	-1.9056813029613713	-0.7038404127193394	0.2709751611180434	0.11419115193567506	0.9903882635329139	-0.1608061067109798	-0.13845862190670638	0.15741450628119885	-0.018929686239641485	0.9917392478496434	-0.14170525714929771	-0.6199348054736152	-0.9299032118124347	-1.1468773063327253	0.7400779419143063	-0.5698242742804811	-0.43138292777515613	0.47217818897249225	0.6944081963580332	-0.1499715892460608	1.0752160036476164	0.7141046517841021	-1.7030681284823004	0.8440174088077323	1.1720139209993807	0.17611401586676861	-0.33114114722615645	0.8711012510667102	-0.704770945931686	0.6911239916389809	0.040190651204984267	-0.19790403665089143	0.5739899456343126	-0.22197437563426548	0.2862030767530318	-0.37982312657491407	-0.1015745228877398	-0.19668626129132605	-0.5052327314104457	-0.2517595893591586	-0.6824332201655137	0.21492556445412817	-0.2881839938594393	-0.41915746266656784	0.13455006433371192	0.6815164755245833	-0.7204468045755075	0.43585813598686196	0.02496043666197438	0.6467322752679925	-0.21509832377406302	0.33493968454233036	0.5074902412846678	-1.1178286799875579	-1.0896872919909009	-0.15646324689860144	0.7063277869408774	-0.09940511456001334	-0.09076049627088013	-0.4390793858146132	-0.12470398272367146	0.4299407172178787	-0.9349007647516666	-0.06731780060341723	0.28774645234517504	0.6274946334462242	-1.0734184631622583	-0.7658917740330636	-0.573663324769971	-0.22953800271411806	-0.6406579505472638	-0.8504258558730989	0.009520807038569543	-1.0005177508087455	-0.8053397821815295	0.1968793391025921	0.5905273844014182	0.3431546524469255	-0.7392298555298418	-0.11380752963792923	-0.5255673238840138	-0.016740127850393985	-0.45757225876865165	0.6125958188998288	0.2916553171804264	-0.039687783275664114	0.46472525154439254	0.5161382265534907	0.6261652080138078	-0.4800577940348167	-0.30315398913451813
DTXSID0047030	-5.761319092813675	-4.635648138757824	-1.4916199657284357	-0.031975744243368735	0.42474512002257026	-0.30633956904725534	-1.981963474787825	-0.712181246038817	-1.2189196980267871	-0.21429579910743332	2.5420467527454997	-1.309635101253301	1.5806821434866756	-0.5227992001929369	1.0434213397074026	-0.8305010419240293	0.9698512078862715	0.5790789365962556	-0.3417040529114533	-0.3431627742390583	0.198629928739221	-0.23368117341632116	0.055001277601967304	-0.05525771236926344	-0.22985712153244728	0.06751368779315865	-0.1059049213079315	0.16622263885661387	-0.21740618117241148	0.22550147858353511	-0.010561973383685573	0.4124629536071779	0.32464326103846064	-0.08920718654033381	0.11688420655713255	-0.5697418518408903	0.432385290191875	-0.11814625847209088	0.426888680351638	0.08812637539839535	-0.39030626294741183	0.08783194115456947	-0.6964435706507134	0.08426917436102892	-0.09224147470784297	0.12934562656827872	0.43199691405127366	-0.3963374341976942	0.0716963171672574	-0.02353300964842225	0.04010040848004933	-0.10658293078548121	0.041023752285023085	-0.11298890319040351	0.1353270296614273	-0.2989701333770695	0.38949296698895647	-0.6405050540577417	-0.2976144778320263	0.3922868763915258	-0.10943399873332672	-0.49301177332368223	0.21941998121741818	0.27006913813128053	-0.2022116032967682	0.2533771468053529	-0.17052991084526878	-0.10544978380497184	-0.35461443847281704	-0.03657912916464383	0.4915615303573528	0.17181730234223194	0.10616803038368451	-0.11001379393257246	-0.6607886995587344	-0.14513725070000236	-0.3799224174890562	-0.3342246271909456	0.08995395985021402	-0.5961383559248296	0.049018974671757455	0.03278140197769495	-0.1682784481931593	-0.3283899064427812	0.3975917048948799	-0.13950735462448377	0.00430867508280684	-0.5914655925451395	-0.30173218372445326	0.4638887335573174	-0.3911481042929016	0.07095153688433031	-0.4322819171124659	0.2921320025781567	0.11436373459301188	0.13196198905552345	-0.21761465841074304	-0.1636378645561198	-0.1612400804037556	0.1874630838647075
DTXSID4045139	-2.1011493476915795	-0.23395104276582646	-1.2965921100454374	0.8225187627534795	0.21606017748131495	0.30418810337860624	-2.0460197925209394	1.103970059143793	-1.9368354765778317	0.8515397305498886	2.8029151549603397	-1.2875973410559893	1.2707129083280735	0.5654401546119245	0.5133028658703574	-1.761718096271904	1.4406819627159801	0.5092238837726781	0.413583996273836	-0.36036528494385656	0.3004865285474059	-0.06545161506266062	0.8430138111813533	0.5677445576068446	-0.1484736702306416	0.455717324622583	0.20693406445843954	-1.4004135557481268	-0.1821889172701875	-0.20255933618396285	0.2856922802540108	0.5878160382167812	-0.29381840643987095	0.49598722021737185	-0.29293866865287366	-0.8223011237890236	0.31947198907928603	0.2809745287472603	0.011537359486857033	0.11960043245155196	-0.10231118890496904	0.28372662162344536	-0.808940420488613	0.13386598806579475	-0.5905202632855563	0.24637507617958887	0.4145694899208706	-0.5499752347230383	-0.16757158847932696	-0.02508916294791903	-0.12270526563567737	-0.13113456238705923	-0.21321989918386797	-0.3087228278420177	-0.18947033680267042	-0.38876291888783737	0.2591717861202919	-0.4954355673465868	-1.1451408455644523	-0.18593513542920181	0.05484828920697717	-0.1722994853346396	0.3067370282148528	-0.14125449923545744	-0.12636843197026557	-0.48468393958362355	-0.9802323393617418	0.001814598200625844	-0.690906662896829	-0.7362160668297876	0.24434651014221756	0.019043033610798368	0.5616841897053709	-0.45245128383610944	-0.002795882548803833	0.0224374274318974	0.2492053209619367	-0.5369766535801129	0.10217583625909256	0.17405871602175244	-0.3856864021212017	-0.040856324930083794	-0.012695409462747964	0.27386498603825926	-0.3558615869172989	0.06112226657186593	-0.36174710012407324	0.48927724868176253	0.5623235079094557	-0.08444697319735804	0.5324621968589929	0.020325497810657997	-0.013343055260975473	0.3006968710668887	0.4723944523215789	0.12281790991980977	0.40525419783169914	0.04849597030891083	0.3328473980932701	-0.06315772946312982
DTXSID1022762	16.260568713724943	-1.8891481216992818	-9.228816052254674	2.344007647216775	9.15790107941495	-4.3437153022382065	5.8680818157471695	8.336284383600233	-4.378219709386732	-1.7941247837963215	3.2749348549685457	-1.4991682203640584	4.157570405927158	-2.6693714218105202	4.623253598282249	-3.946722257501214	1.23551712105135	-2.1985800013664107	-1.4536237772922305	-0.9786990361376586	-5.1269809839369085	1.9020270446501115	3.4751148121385977	-6.241930676193622	2.373774684409372	12.045120058095648	-3.973794653083665	1.736769179484891	-10.693202796754258	8.630867143891425	3.142047680703089	-7.804371638440924	-4.311629994921035	2.686999833686963	-0.3669035945738633	-3.304434109402193	-2.930825689104598	-23.948349714615848	0.2343938080829535	-2.877229939020211	1.519036026349684	4.483842981643782	-1.4745678702279927	-0.5972037913570929	-11.813426608170396	35.817275771812334	-3.2172459856556515	-20.768479102623388	5.041126706684246	5.849182469639133	-41.93166930402741	20.55675267354281	-5.43252182599674	-3.540933543940315	-7.7577731304610325	15.360946257033342	-3.663794833374733	-0.22815812804874785	19.795983797098376	-2.815396553030541	4.525322126164092	-2.8916204532194034	0.871092231578318	-1.7756467376452814	0.7000529538991285	-2.4452919971741767	8.193170861785779	1.6968661997174008	-0.810800374028784	-1.5373418889362667	-4.040331830957461	1.5377285519488768	0.22397219647671063	-1.2888138012268833	0.20061991391283218	-1.9495476148730397	2.7191760401949714	-2.538567155171589	-4.466802677275476	4.845869651472253	-1.8803746675037083	-0.15324255265344253	2.2515058610140835	-0.4548555761056114	1.2609759536657912	-1.4692487168431323	0.8227835280327669	-1.0853627160024828	-2.1026149208698888	2.2156436998770137	-1.743475079414355	0.5825909636086423	-0.613495132053901	-0.9247739491910985	-2.5153213495636533	2.342399241579208	-0.34080706136302313	-0.3280286709251539	-0.735185608986624	-1.1277029705096104
DTXSID4041280	-1.5165691329255675	-3.8504518391340543	1.3338779385477069	0.47988564081585905	-1.63222543985922	-0.41516289280230967	0.9066964064524512	0.7218667658093183	2.638102538946831	-0.2273696195503976	-0.8702144495913591	-0.0010774603842498348	0.3566626553261974	-0.06131229697723148	4.2085231854708764	0.528269878753233	-3.4220616386707055	1.3761918415450436	-2.3610777834062118	5.44248771511342	4.479360913853757	-4.558838553905908	1.2269887527394654	0.28374465325688536	-1.1966938297767546	13.461890549173866	-16.46195782393406	-5.238468866232115	33.61240996946897	18.6658956022878	-6.507133148264114	3.017765712174725	2.59821513347656	1.5949152652818597	-0.5423031089149632	-5.374552721760379	0.11740414994107805	-2.684567985039389	1.6417368805280528	-3.452919891650093	1.7612725446918405	1.0930259247660088	5.809763548325356	1.794483358010437	-1.391567158257531	-0.8108582856647589	3.2621991754387607	-2.339539603504428	2.429591959812418	-7.716196033007805	1.3028959564904543	-0.6106512330561905	-0.009873105222848991	3.456061990003879	-0.20093962857812775	-0.13008150735489404	3.386025781461154	2.85572918019456	1.4904513637181798	0.5980266419977143	1.5629815015783564	1.640136166901978	4.205653779502383	0.37494694422121233	0.6230006217351014	-1.1154663178492639	-0.5091761337187788	0.07526005136125728	-0.9569216446799232	-0.8526063912748051	-0.41934640542560675	3.0045121914670228	-0.5729625222292523	-3.8643506380398556	-0.030755392002737685	-0.002441402807697701	4.177986074065171	4.250535865078448	-8.7942874781738	-5.833492685864097	-0.2613880454549059	5.836777954151904	5.21339863382147	-6.4843230701671395	-2.666522648394552	4.048625265598073	-1.0215022595004406	2.7928104910185994	0.49521104536118643	0.09913508651928139	-0.06627199240934355	0.17818787673399436	0.39180414628883303	0.003763926839745391	0.4503716674407692	0.4064773406192777	-0.00011966677572171663	-0.0026738609248897495	-0.16403537320956466	-0.2659394326422944
DTXSID2042060	-0.9122289201902047	-4.037070094939779	4.679574352054555	2.459773699492251	-1.2724363002503205	2.2219448081377324	0.48601596421314264	-1.345531720709692	0.8927504420592495	1.4080450763889654	-0.0369196749760787	-0.4543035063313816	0.24164284019342422	-1.4782229817616728	0.666304646704075	-0.44874131857978017	0.44450447252346165	0.1572923613580909	0.824753513588641	-0.36468235462639026	-0.2160131447624103	0.2811003173239334	-1.1231358549324775	-0.021868141589530713	-0.07110458722301685	-0.3790020356435511	-0.34601026495985754	0.4459352898348259	0.3913239324718247	-0.16119271635191143	0.07473387491873223	-0.08121057263371737	-0.06664362850979133	-0.5096030181661653	0.016170816999386432	0.7584782973687478	-0.7619879584680973	-0.24452187025716798	-0.10342822210761385	0.6982828434546355	-0.005581726497874579	0.34169285968520063	-0.7897606879463924	-0.020522119534560755	-0.20144627737665202	-0.006714260132061334	-0.08174176324622459	-0.11191588731927574	0.46185098559451143	-0.07888462798469037	0.012215705183984496	-0.49039164190587203	-0.0028425790939218647	-0.024839806237996954	-0.07032141851574243	-0.0593224232879418	-0.7024583628632286	0.31594620414154334	0.011406459950064835	-0.3221348923212935	-0.396737650359888	-0.2785484137282675	0.627765562036857	-0.7997718823921577	-0.0998121034521495	-1.0229542435274581	-0.4845071403501554	-1.1011628329734697	0.04878408506092375	0.021127620852936554	0.4025409171822678	-0.1381008123830631	-0.505955536427011	0.376345969870407	-0.4994285064509004	0.43472719005784155	-0.23884226138196954	0.2592990554119482	-0.1719096746363966	-0.22537897439837437	-0.1511104221330269	0.5452991679399667	0.28391467751902627	0.21264290799406096	0.6238223533678025	0.02905199311405615	0.5483337860970998	-0.2609143975474031	-0.9914142538010905	-0.3212346173255942	-0.6973381666748005	-0.346368863044155	1.606688454526525	0.5197996420137244	0.5067564832190641	-0.17317106097024926	0.0413823284424129	-0.3424050279865395	-1.044086916402996	0.3543504127803024
DTXSID4027498	0.531985851928905	1.6409448387536436	1.003825647798357	-0.5824459050702504	1.673832520810218	-0.9850532184817079	0.2775660248343062	-0.37429956735288994	1.5353227495879707	-1.5860233198609013	-0.7689841956727688	-0.3635904861734834	-1.9220175630486995	1.4933878123532465	1.987294363601013	1.3535533631464267	4.601502215438001	-2.018448909693846	-7.983245029588911	-3.1644793386633334	0.9104520413715528	16.305710033090204	-4.395103436617599	1.7148706103686449	-3.4115916550136784	0.5740768371923185	-4.843545995745973	-3.645122633687481	1.2692747925612993	-1.7157977272326785	0.6572206804218852	-1.5984962012387647	2.952970080700956	4.035015734277506	1.6636065674508131	3.035776547742875	3.843380365416763	-1.5637438880943981	-3.8585289385221966	-3.553044184830966	-0.7338253247011228	0.9894081510693508	-2.0431250678400614	4.881477474773019	3.383031045917423	-0.07329090621433898	0.2796331280922374	0.12885657451576907	1.5975922661488609	5.050114847985034	-0.17701049757613163	-2.684228929145914	4.090268089071068	-1.7950882271439432	1.4580244880853357	-0.280211583000504	2.816714834584136	1.5677818520566051	0.9855994249298171	-1.5324281020232309	4.186007960957477	-2.074955832882127	-0.9442032470905095	-0.703215191967473	1.7113994243829673	1.397166136014628	0.7687279898204056	-0.2404481757934492	-0.9964369698855529	0.6701297930967353	0.518459877666809	-1.6131231853292072	1.3015565682285084	-1.023309618124138	0.35891786670622833	-0.5413024424393399	0.868454493268725	0.9404671358901601	0.33206863999369685	-0.5413457497561766	0.22436209152663633	-0.5439877182410321	0.1732084200891091	0.31930507898478405	0.8444613734105741	0.3846391388522654	0.2652070066415106	-0.13806962313756377	-0.2994445478568743	0.2863118531107388	0.6172749838158725	-0.41614647585664655	0.8878714430243644	-0.2947096325479551	-0.3220692623013846	0.3592509970757962	1.5340205164715155	-2.057656425930637	0.07311101538142278	-0.47019311342259235
DTXSID6021959	-2.696834699747493	2.19700983845514	-0.572392805691071	-0.4428671320958658	-2.952718577599034	3.456273653218876	-2.0866867573870134	0.25751069189647663	-1.9248449201024602	-0.4714721596681817	-3.56719707271768	-0.4725633842569565	4.09706533661909	-1.1807070881285833	0.4680751248445219	-0.6368750582839189	-1.8290894842483685	-0.3370908861092607	-0.7830098241530072	-0.012253402867870184	0.6894126559594567	0.5765844255853908	0.38358120895975856	-0.6918249004632632	0.7794396623489692	-0.1516452032479179	-0.2237127728956781	0.3715920525033798	-0.5248809714839296	-0.05419012367329381	-0.3045339238975549	0.4767911768421115	0.7416219002381758	0.12180247855377803	-0.4304053847088338	0.020851805450395312	-1.0954530159890368	-0.34814278042499297	-0.026048907701225837	-0.4611661014103087	0.3172955015480481	0.44319846645980576	-0.07071347280596639	0.11214832339744524	-0.031947160560621156	-0.17386474738374172	-0.17238759990314664	0.14560106549323826	-0.008965581537447575	0.21650219755249422	-0.07453907589624995	-0.2598042077939436	0.4090728558994485	0.23871197461541474	0.273186593416781	0.14842403434988152	0.6043014280797768	0.14462353455482818	-0.40490114249310916	0.17683535965635344	-0.4939823209839259	0.0493649053900005	-0.25766621270799694	0.15795614615336154	-0.05727071978164782	-0.7456557257293748	0.4735604661435385	0.25687027190291095	-0.2450882275132562	-0.1942690858723462	-0.7789294582629083	0.12660298808991804	-0.3632834410505383	-0.013644182628892288	-0.7984707459180806	0.15288921469946218	0.04868337516564096	0.22846422830502608	-1.4020646308698042	0.5151206473790394	-0.9637553114126183	-2.046096773424558	-1.306251379242617	-0.49191746088195687	0.49817080666514113	1.5369505323371286	-0.4242843866023808	-0.06070000613272463	0.17355432992095213	-0.10987335073279636	0.6875427468154337	0.527768528057478	0.1612878271590038	-0.31956274325715417	1.2079146347853573	0.1364764770935376	0.5468808171163575	0.8893791971895343	-0.17508994341647321	-0.08620904171006187
DTXSID3034872	-1.6325553482872046	2.8657824128930973	-3.3854824346227956	2.072558505836385	-0.43857157762510524	0.15566152214895457	2.135108379005082	-0.05180712119084378	-0.3570581469696168	0.8928182816855311	0.7238888074916372	-0.05814831957223775	-0.37180633799608437	1.3771402303327693	-1.127656818253165	-1.263238693416177	-0.23155253634270162	-0.07976602458087652	0.41064584655517067	0.5937214029732967	-0.6835452888511316	-0.021755852036155727	0.0022496312464249358	0.3854145552383935	-0.6894982903809661	0.033126174385015396	-0.11234834342061022	-0.30254234999363594	0.02780093342758064	0.2489164188327635	0.8332934104037594	-0.6344964835887252	-0.30603256026295556	-0.43412423285006346	0.00823337179679021	0.13506049082572355	-0.2719538050104863	0.1964474010847987	-0.4124667842658145	-0.17342662504959297	-0.4674184462890598	0.6720738765096911	-0.2638903192370613	-0.6061252768020946	0.7994629934179579	-0.5434283799643624	-0.14197106266081216	-0.7859037711091891	-0.3211209919866268	-0.3227522754769324	-0.12632969597726118	-0.2022717269078904	-0.11114563718737601	-0.2395969198155899	-1.080290047140489	0.49991474316231244	-0.012764448608525053	0.15300684882754056	-0.09634873043479387	0.7678060416023988	-0.13374984801233558	-0.33440842093040213	0.2880852588053763	0.04148878338150018	0.3310296773064108	0.21610510561471827	-0.6922036245508405	-0.7825927101518764	0.9411060504047651	-0.23641846995621957	0.07104053690264905	-0.297924422348028	0.3656318312652915	-0.46013216243457467	-0.1362766465067476	-0.7397525158705437	0.9191526925338582	1.5653162854386704	0.6335041231441654	0.32455025961968187	-0.8755715219078739	0.5854789492115433	-0.8774851084666532	0.10594855663938017	0.19124467611239496	-0.025653759432355833	-0.5191825449084354	-0.061926707503019894	0.8740058326839913	0.12451384388922758	-0.16497823676102785	0.19017945443388315	0.6914581609040197	-0.16612424341680118	-0.11998455937224217	-0.5845494413125952	0.27103969819386353	0.028115689983758796	-0.6509730055589684	-0.1742425665866117
DTXSID0027438	-2.004004127581407	-2.2101588560873915	1.8849725264856196	-3.3057716662767564	-0.9844222212066602	-1.0670429005176918	0.01936476790413663	0.008408280407650745	-0.03979856626854479	0.3747381318509566	-0.6358136894543615	0.3669178078294683	-0.11630261570036343	-0.13345296561809786	-0.15749367155033908	0.08955301564671597	0.12752373644521717	0.5361786083439807	0.27819481398504964	-0.4355099596940655	0.1816409886890955	0.06886689205306971	-0.35974825178199016	-0.42561822392970444	0.5232766527480225	0.6255667725161081	-0.07728305842017559	-0.08003083918165217	0.2010365471833478	-0.26075005780838995	0.34406259892427715	0.14728526422724833	-0.4824861978107309	0.005042155187620062	0.07132545660024067	0.2785338716673554	0.6100903840536813	0.48284224313572877	0.2759482560901711	0.5265662126811747	-0.2138368176035854	-0.31315847688410126	0.08203011223855664	-0.2895572990750774	0.07250388581791464	-0.04721991715872212	-0.23797781377276342	0.12967827353778286	0.2780348612204182	0.2306346927769658	0.046395828107570126	0.10648760615070049	0.09948065031434566	-0.21080329158325123	0.14741776155600592	-0.11881119070377673	0.08347040958655581	-0.22102228933583815	0.4264154072794007	0.24011424494879227	0.0868560355507777	0.16740223473786175	0.2798097515077847	0.0476732306740586	-0.16741663046671393	-0.18283155398827355	0.5970064936839622	-0.5613684442324283	0.09223897089065126	0.3836610686467603	0.2767668983647481	0.22966423549956333	-0.42060979758813843	-0.19492678935957058	-0.029189632115278287	0.11909993838620227	-0.07095964806319788	0.14748022483235845	-0.1936594050201416	0.15395555917395423	-0.7105619457802065	-0.6852576720763532	-0.3164480310394128	0.28029221261063086	0.38474581010346554	0.06507350400135403	-0.29398686165102167	1.3598637082276122	0.3561191107032994	0.01635180860808848	-0.11364151802068004	-0.3612918827224426	0.12765430725070445	0.15333660185760822	-0.07426955601064669	0.23153902822918668	0.1499369175422381	0.10952807489892898	-0.108884538907586	0.038503942709517444
DTXSID6044355	-1.9142257912105418	4.023124001412069	0.9141973731141737	0.4650059506310772	-2.039854855122988	-1.0018607466427158	-1.2098781564482814	-0.4883279523876081	2.3977524794774987	0.09711376073298188	1.5900866270189868	-0.8727152503512698	-0.5909580485349182	-1.584452039877244	-0.30269241404669694	1.447798085104253	-0.18370568676020393	0.4313401828946557	-0.4189202023946094	-0.3476484723982276	0.3518791128224864	0.1259610659255376	-0.6494550320744821	-0.42983237947070113	0.6811617486533218	-0.263713364493333	0.5568810372608588	-0.08524171653800731	0.2750924862737512	-0.4131991263848375	-0.4291931137204567	0.3030169035947956	-0.09940507372612621	-0.01722338222533415	-0.17592263812076167	-0.3927583416101695	-0.6013159359183734	-0.14324994874327557	0.1013136069457506	-0.26705684704633503	0.5089344189806286	0.396043186343447	-0.0433458984459049	0.24215150218979145	-0.6313345533688287	0.3554710220053756	-0.1839911748994217	-0.08730271587095693	-0.05428816355244884	0.25840143203694743	-0.053408962757332035	0.1025087552168751	0.11770021085569904	0.10570583869884624	0.11958424911964186	-0.4622849584458316	0.2803055010785484	0.17134368755142673	-0.6413097057242717	-0.20432083894287661	-0.2889952134462281	0.35241567103416005	-0.23059817123090068	0.4351618425806768	0.10215154545827869	-0.41298964563906865	-0.09324853688424015	0.3308962060510079	0.24054294680512453	-0.7547640531494617	-0.1208979160764422	-0.22969248600762615	0.6765330330154321	0.2077437512278667	-0.8951612189402182	1.0530812395252125	0.9433848300728543	0.2849648924045401	-0.06026788907706822	0.4287618370016973	0.1306061892379465	-0.8691010484995904	0.7456467086683828	0.7226949525225478	-0.1266436677431876	-0.02265358162489359	-0.5326900671012725	1.1802781293334519	0.4380122812770492	-0.16709591719315683	0.24762605707886692	-0.10185874938841935	0.7584474722277741	-0.15440501615643418	-0.5185307324484281	0.015325093006805901	-0.2281740280798354	-0.13589509297974683	-0.026393090029967016	-0.17600404659314012
DTXSID3020910	-0.1738629363152125	-2.6501026186622654	-1.763665636565122	-4.414411776852425	0.951814669919679	0.20787677272552665	-0.2475962677289488	-0.8589684859642799	0.5337999401103517	0.6562044455541064	-1.1867350660937526	1.5849136692985555	-1.3457835388301245	-0.1737097200087886	0.08524620575647845	0.18462010744230314	0.13576877347799896	1.424123662302175	0.2072679945496036	-0.8080161643438748	1.7338109080974753	0.07026967333312295	-1.5840863883836054	-1.1835180144000417	1.7693632928398764	1.3226858651868296	-0.8860578942448503	1.1952660370489867	-0.07021161888593369	-0.6835498408784538	2.5154643075479846	0.8617742141583539	-0.15658493933909143	0.3603739636706965	1.302359049023684	-0.3062211827869338	0.1740912313510182	0.20175317835886006	0.2038994945865479	0.7699794898529956	-0.25792045323329144	-0.3527756011610596	0.32646820259412984	-0.49575554440725933	0.21340773761514467	-0.4686573400311427	-0.45171810045925315	-0.7524743293164408	0.12696121965587345	-0.21467351030954113	-0.08120826771541238	-0.5344410775739453	-0.02463677025340577	-0.5605353844700918	-0.12164664151314404	0.01787303048353543	-0.28608197408652364	-0.12424816181178869	0.3978567873491259	0.2755545111548665	-0.10786285501536065	0.5151043778800442	0.2896664524216166	0.667881945159303	0.3327207166716157	-0.19815949939522357	0.42433947102154246	-0.6507707461187461	0.0923729842364763	-0.9098469525509865	0.2916310448019233	-0.0789936574190459	-0.8752796782378057	-0.897148452118916	0.7213430078509655	-0.8664788142837242	0.5740529745165996	2.518802515592888	-0.02299656603118746	1.5190798346451435	-2.450979433738433	-0.5124762346010833	0.32810388264791285	0.6350082394563937	1.0630906773631448	-0.6417276742355493	-0.31218265268444967	0.7606926462539602	0.6970342360229831	0.793389898646256	-0.7068132483185285	-1.0921220065823414	0.6490307654693388	-1.4154426931220647	-0.3633347024543971	1.2992209414247295	0.28007969821793355	1.4637409187649744	-1.1413176437211443	-0.910068566997073
DTXSID6026799	-4.26035515308769	-0.06059947447626958	-2.591089502580967	-1.4117916977872158	-0.8319146868605658	2.8211963152642046	3.662412018061245	3.068825508126912	-1.6761492923466834	-0.6771777780294844	0.17743071463862564	-0.29592321805800115	0.6501045347585346	-0.982547760012588	-0.8279072103984151	0.018632085725748444	-1.4168142512401982	-0.6823546587063211	-1.3875565661471083	1.155825434417499	-1.0595305587757538	0.7408023459711803	-2.9721822988000146	-0.9777262063926807	0.5741201639387772	-1.069059488984173	-0.630120966232354	-1.9363921151193872	0.3955702010610785	-0.5190632283190733	-0.05447953946084185	0.2413688977050228	-0.20652870673617835	-0.8346642274415454	0.45715168858257715	0.11444151307514083	-0.5644063944742425	-1.1592300428924847	0.15362329341400285	-0.5288797673526933	0.27301172971387905	1.7280533029999046	-1.0667001386446437	-0.23963323367125425	1.2067971094000833	0.39519806889815223	-1.463465274019919	-0.16214907916931784	-0.19927104270236132	0.32304978072646684	0.010421123732636638	-0.22727382495960932	0.008172241075463741	0.4854833469946584	-0.7560257960380657	0.05816606209182951	0.3339999919375665	0.6816518855911754	0.2295715468456302	1.7932317643768252	-0.9245354733360122	0.8761264256447074	-0.3390958588514898	0.3961813126011899	-0.26837011564687807	0.4817849531625252	-1.2653983737201635	-0.5113331432182897	1.1457615873999945	-0.4728490077426981	1.0555959789830336	1.1614731775850382	-0.14015672051850606	2.1340212262416407	-0.553066359576071	-0.47360561017397385	0.7800467491642212	-0.4876966674881717	0.5494186413676907	0.3017829969416391	0.15920308303849878	0.3841774713555981	0.13661985684542433	-0.3700242959783715	-0.7699676612029941	0.21556396792029478	-0.1907708465577797	0.22393005792591353	1.407936838389847	0.7171590122547328	-0.38162342788253883	-0.4684952533006034	-0.7157544203551985	-1.264432204815579	0.5707034811689706	-0.8895035185868594	-0.0745672910030981	-0.5316175975118457	-0.22986818939687859	0.4578450648303602
DTXSID2041460	-2.755033655763725	-0.4263595124498771	-1.7750649568812098	-1.2894930888731184	1.4134613597045909	2.2932535679777444	-1.7095210045379317	-1.6325861455137853	0.6993215717804406	-1.2685982413417387	3.3216152214058914	-1.287679958525161	1.4664114971718838	0.9063723912314777	1.6384724883197022	-1.2148119957890835	1.1516147663324874	0.37423106542546153	0.42231212100894083	-0.3337693812639207	0.47897172121558523	-0.1423448298694331	-0.01417754625787599	0.9879528953099697	-0.1191956155704075	-0.0720951662314758	-0.3547345996518956	0.36393316419170896	0.32621054910055813	-0.38362313154276845	-0.006253315041477765	-0.00011339499149155464	-0.30624798847669943	-1.3083968216482893	-0.3523716879859441	1.3890257432806945	-0.374022815399309	0.46906116250290747	-0.7134287826967948	0.05888169250560397	0.49641579257861224	-0.019687555445220113	1.2890997013749304	-0.553841576414064	-0.4448299790034746	-0.0957192917850932	-0.826851507806785	1.0533688483805779	-0.12985983512089258	0.0428628344050672	0.14020558006632272	0.8516308077758703	0.14670086961460338	0.4467953441013351	0.20613492977498188	0.20201598807847967	-0.19800353742696955	1.1684294949784313	0.45472668768607355	0.05647883567743229	0.9975261467342353	1.124306158840829	-0.769907426305674	-0.5334087420037431	0.28936183606786764	0.21266033605030651	0.9207300679027374	-0.6327147879963159	-0.10447062676869465	0.178360452752275	-0.28186434218654355	-0.2681383523791459	-0.23485349829683488	0.08765566230171926	-0.1820069883954727	0.17431429350682728	-0.0752858556767701	0.1408583485635376	-0.20777758422959355	0.1741722975780726	-0.05714218043948693	-0.5481081758121431	-0.1538580450602324	-0.08209906702228088	-0.07901467206592024	0.08545246706429727	0.07840604745846143	0.9683891735618616	0.24829496072947146	-0.19488009477850576	0.3437606176385826	-0.4762783721368798	-0.41601192166224277	0.24005482195259034	-0.3859431133879918	-0.42495992585823605	0.13157711645026776	-0.209104211705436	-0.44618707847209627	-0.04710178895299621
DTXSID1046558	-4.794746940440209	0.7561085519448805	-0.44325589408899957	1.3966122778158805	-2.1745986349657205	1.7341935478246377	-2.266687565100623	-1.7555684037067885	-1.6052888244746473	-0.9632994779917493	-3.8453062439188095	-0.19105976884943632	4.2603381969469885	-0.02486331768313967	0.4681049563550162	-0.9299584056963984	-0.6791389759696447	-0.13665290633883723	-0.5233341765341163	-0.021808462757762513	0.3900749083188933	0.17573389042129145	1.008603544203673	0.09153102205551364	0.4799474449193463	-0.021260714099310962	-0.09845726318126394	-0.6564974727809868	-0.2910231915564872	-0.22969073642058468	-0.5177600238572776	0.3462054036886999	0.045161196901694164	0.0015247563133798095	0.10763006760157359	0.12418031569445921	-0.9289844463491871	0.4230698546251871	-0.06178278921096033	0.2199970235902662	-0.48133429550655465	0.20057912199818215	-0.0731389168204	0.0848040051393031	-0.0748354991700423	-0.05376341628403248	0.24413927632321664	-0.3985758739628593	-0.30736642885385124	0.263184044331234	0.026639730862467292	-0.22961506521849195	0.3435330970322177	-0.10133816348983514	-0.1722182721723605	0.10738167922044153	0.12253598754272599	-0.20326260849616934	-0.18468957652567597	-0.17611891097729154	0.685382993191664	0.04844937028873033	-0.016077585989155388	0.4328419692740728	0.2264935300377156	-0.4131062426615806	0.2768164278291229	0.010483416522881395	0.26916924442505735	-0.17877309535828434	-0.05292306357656281	1.090008009901028e-05	-0.17657747431967905	0.3499068768250637	0.02366566177058427	-0.13240621827501495	0.36540499783832064	-0.355952826970433	-0.19042838567353973	-0.003945120432870378	0.05045384028544906	0.3995821914645739	-0.3377559491989273	-0.0968497026985168	0.15476162570056753	-0.017174788875381517	0.030367188841976683	-0.054567548902764586	0.16605492315622344	0.03963217776535032	-0.4797357771468633	-0.17013027905181932	-0.1062533581668531	-0.06116750614282236	-0.05737930094081735	-0.3967947891589164	0.08696727069227944	-0.04589829297112223	0.028522730302163332	-0.05979438703985094
DTXSID6025567	-3.507314349141526	0.0773659618299752	-1.586959421014407	1.3636098268582262	0.2473383716762785	-1.0978461748545838	-1.452707506507316	-0.22515782205697119	0.04075746526009092	0.8117824635459773	-0.09005340792866946	-0.4669789306539032	-1.5654949186454739	3.5078470323969047	-1.2941435825754515	-1.5546109339360703	0.1549840918895056	-0.5371077021490597	1.0845057215102991	0.2579126850109709	0.6004141091147611	0.11384291925706011	-0.007495775142495502	0.5453237910791022	-0.6887449182763725	-0.6568824979342065	0.10482826528490084	0.6210549659710236	-0.41542004078473893	0.932283378351651	0.10616107258478473	-0.5056250823427053	0.9178307680184948	-0.3608113381429416	-0.7641611432261269	0.5469517441777703	-0.5959341033122819	-0.39904238925289065	0.2641712099007663	0.21867320796915782	-0.6328709836927215	0.283020633091859	-0.1549918677792729	0.7314107721343746	-0.310693826637016	-0.5453972934638496	0.6448006883480026	-0.43541810869196207	-0.4118711327036268	-0.37680642023690997	-0.08375273654839312	-0.0468714766395874	-0.17274663473727245	-0.02249291643783243	-0.1938683381553352	-0.15836626299636408	-0.32202780616547105	0.060576787947250986	-0.32962654456942597	-0.4573740728953858	0.19448331891794668	-0.15711291767311167	0.7410447846997095	-0.5514437882327943	-0.009688792706053169	-0.4428586653948151	0.2615351006915689	-0.37360549692043465	0.4644751322189876	-0.16179442731173635	-0.9387641970201115	0.33238666607507394	0.2127146671134552	-1.104165949721769	-0.6026280678133831	-0.9387913052427455	-0.0826744303781448	-1.0291976561168767	-0.035810260676835015	-0.2719031304692757	-0.07778348014595797	-0.12359388762638454	-0.1668247992070003	-0.18589899646102823	0.1372525007915887	-0.0901449252597327	-0.1956356172534671	0.1381389880798547	0.031241920805813787	0.43996058834083546	-0.31102072320602586	0.9308925238133893	0.15851474956829684	0.1292445404393525	0.6002277946999995	-0.052726835759957985	-0.19041899883945526	-0.13487639045176694	-0.4266847393681948	0.2110930349117745
DTXSID5021835	-3.855578812698943	0.5279648333413184	0.09963444499178173	1.1507479175986202	0.2210405067689166	-0.7074361637765324	-1.209011256849366	0.05851091962968276	0.9455926240706364	-0.4395713425334492	0.48906010753919255	0.17224600542631427	-0.7824703132322133	1.3013100869929217	0.7338863552860421	0.8225692807707244	-1.1807648596556999	0.08104276998600317	-0.8014017101167432	-0.6650515504518224	-0.6160392826773274	-0.21913494998833596	1.4632540587914618	-0.6391356274156087	0.42016783636204996	0.21999521273170589	-0.06715715215104431	0.21612354801579983	-0.25726791977407476	-0.19140980947575553	-0.12251872442720707	-0.005509482660753542	-0.2853057487449663	-0.4817079818517654	0.07187914911063974	-0.5766438503846382	1.2342732614453344	-1.3787763077787802	0.6691339383732924	0.6247091581548954	-1.7136480601094082	0.4796012506390444	0.7976385491029152	2.0710062180466826	2.802059663276791	-0.244550616133155	-1.7267192187383384	1.8746079792517263	0.8709015172696514	-0.8808826864943939	-0.12491373959662426	1.3723739499976704	-1.0415900802798037	-0.17364177514860218	0.15409299385228567	-1.4302691221386614	-2.0889305820103767	0.9395389852986402	0.6763303524183782	-0.3063967470991676	-0.26595799222890515	-0.8433999996056567	-0.5722770477049074	0.12413835826295268	1.5919501390795967	0.4027910052103097	-0.815516840529024	0.9630518098556747	-0.20778469175008707	-0.34602071128768813	-0.6148410058633724	0.10253026693082712	0.06481270511628617	0.30094547022561713	0.22149360496911477	1.4125219728546585	0.1431271922058065	0.011320104844580632	-0.10058477607918705	0.020885049620856935	-0.557134621616915	0.09548973190428196	0.3925670701042381	-0.6174717689247742	0.1321919670685854	0.1449940918659207	0.28555350023899856	-1.0220225593455854	-0.42128034051587826	-0.761373895418318	-0.046626609716986046	-0.6553840330863547	-0.5112859669512153	0.11546563419590292	0.08706208624992445	-0.3592714968867808	-0.1326358265031744	-0.0004339511632873452	0.1752398287374473	-0.003281816977722626
DTXSID70381090	1.1580487224452047	-3.858227376061413	-5.503947755315467	-6.585211729607857	-0.5335180896074831	5.394076863541032	-0.6949366972751528	-2.5830978814688335	4.75330288736539	-0.21920699130809482	1.733476223951025	-0.484463406088298	1.364979671655341	3.4252192207109515	-0.595260106353407	1.8357230448621578	-0.9623446095926547	0.7852481939473378	0.4040306734706327	-1.0902802632501072	-1.0657898352843316	0.21710760874335894	-1.101057937837664	-0.18855306995469673	-0.37728700050813063	0.000828251760451222	-0.17442898950033897	0.2639434242104157	0.4133774600543752	-0.463867606848417	-0.3499283845612689	-0.5077890925137593	-0.4446061984285472	-0.022101898568601574	0.4590511643327304	0.16930100597418277	0.11602553803806738	-0.07205426984099558	0.2555922438444455	-0.29590326052506843	0.423062219654214	0.3447204839134856	0.005895741944297242	-0.2630374009583857	-0.31601417840701007	0.4725572407547632	-0.2896891347948931	0.40505861306589663	0.20123247784219286	0.022220286293997377	-0.007697418420984859	0.096538032138298	-0.14469956992681687	-0.04385973622664785	0.3790591326017386	-0.23498074380147538	0.1926963431005876	0.25592345886176104	-0.48834577049689903	0.3086302507675239	-0.4745187151793345	0.00988531089882373	-0.41135414013719135	-0.26195377587843016	-0.25874437660998173	-0.3519817301279849	0.8610051630502407	0.20352495139730978	-0.1827913614707635	-0.6446464005351407	-0.09214607654718936	0.05649500064437838	-0.25725640517249204	0.14830516450870193	-1.2748533883678264	0.6271169404486475	-0.25141140597869055	0.16817759711259897	0.2103751175587482	0.8341970554472057	0.314381604921521	-0.019606930250251217	0.3053784105464178	-0.395472189751272	-0.11777638519225524	0.3092609641399395	-0.675986355848101	0.17234292124898565	0.4059186719872088	-0.30510996916331196	1.0910756553862557	-0.6881898393708535	-0.5657671522520906	1.9550724004135995	-0.5271891885506794	-0.20932239165316963	0.9038011263539486	0.33122818760513967	-0.38664510739167124	-0.5839048308854615
DTXSID8057728	45.477857953201145	5.194083025969977	-16.25932088172052	7.012715529205555	22.475809850493103	-17.91459104788422	8.378714383977808	12.413432963914353	1.5405665158319954	1.7009185747843019	-8.220618849208869	-4.767450365996416	12.781808832129064	-4.333414082181356	-2.482538957775518	10.630175543136854	-5.915523665422697	-0.7359769704497041	3.3939470020934386	-0.24483751509212726	7.732951262058278	2.7015377655684887	3.064929291599808	-0.7598267938926623	-1.2516155967097398	0.3011439250065637	1.6004856199807662	-3.9613683144284213	-2.996333293769391	-1.3244496779871382	-6.288966286456161	0.19265331894435173	-0.12558855195964636	2.718067878641144	3.0197197709383645	-1.3474453796731085	-2.516618596836551	-2.381073092186146	-0.12573264441097226	-0.08744810175163416	4.211841851559603	4.221436732863981	-1.176998236167865	4.577587716841414	1.285249488156096	0.7241306783316416	-1.0189060307800204	0.7586655492010083	0.23120288427914606	3.682066805569847	0.3173632214455829	0.5016914101365862	0.2670894402557708	1.8734571060163892	-0.8091717631718917	1.2490145000364443	0.30587439859241305	5.509882148851004	-1.819960414577528	0.5328377468019659	-0.955951438464015	3.4749505783533166	-1.111911581147418	-0.4051411775768237	-1.3778269264223826	-1.5622429790132664	-4.142965339475308	0.7793433268302343	0.9879973998910369	0.885091505193263	-0.037138441000734476	4.301078941196658	-3.0794809760753106	4.947794350415436	2.4180176356041545	-3.5655948678498457	-7.425242954194239	-1.155118168358395	2.4694023150786384	-5.6790620710219075	1.5622318396170198	-2.40693912728184	6.352645200619114	4.108227447570461	-6.3392335433997165	3.46445912522573	-1.9432515055534265	0.9721668381134034	-2.601308655673492	-0.1564457785514907	0.6181672457129986	2.089516164489305	2.937234622235064	-2.288981390063448	2.7365984530007754	1.819285349137704	1.762510512731167	-0.6883267099970519	2.080401868045392	-2.591467095864929
DTXSID6027925	-1.3695551309480596	1.5018824679910088	3.2075194997960543	-0.305380180985095	-1.791554006047205	-0.8027630380161301	-0.2588525365222832	-0.8624738723854547	1.5416419553922682	1.2013882774817262	0.6724277112587552	-0.7043468165047254	0.03670003450796825	-0.8796766100187405	-0.11692833319956009	-0.033149426335539474	0.4126885584285329	0.50456118748417	-0.16860136717875499	-0.7409072903983273	0.049326931967008554	-0.2907444717739218	0.0916574222683238	-0.511053015270524	0.23996346547968914	-0.7511578792303226	-0.494860875063683	-1.055259573911198	-0.1550899322441759	-0.2015748750709949	-0.4189475147407827	0.5122320245457209	0.8137077638200196	0.6634880329187973	-0.889697308694033	0.07930126573742263	-0.2880176510527415	0.04967417981188208	-0.42003695469770524	-0.634364903474579	0.5864768180637084	0.1424695284604058	-0.7087272767541353	-0.7244813800556476	-0.7827997738716063	0.3607510398014025	-0.5694538042050632	-0.1835654337626036	-0.01198035494905163	-0.1374047883926086	-0.0803744656148099	-0.17267104350137616	-0.196085249124615	0.1193005778210351	0.01140281705858317	0.549702896014463	0.5787602369911583	0.6052988783769387	-0.6332824245265412	-0.002657861364675297	-0.27912338966678246	0.6687297762318171	0.3905799249671712	-0.13425539182773397	-0.22936435001129263	-0.5413541044959197	-0.4537825753986846	0.37114852153690603	0.5972573123574523	0.15422055376172378	-0.2965294625178793	-0.09064370663565695	0.5782071917638968	-0.1386960776459953	-0.7208336969731753	0.571593693077422	0.6190158336553382	1.1003828049837612	0.601665594101964	-0.2653805743717681	0.25310819903878307	-0.8498992113772876	0.11356814361248095	0.7369397275791235	-0.0018085332463893015	0.07440485761881213	-1.1598264401369478	0.3198589095954998	0.21842456493789364	0.003069377441409266	0.0890042030653045	0.5286633955579221	1.2996943584574623	0.9198804261461109	-0.28496957565878195	0.24250926777887094	-0.3574608851817626	-0.22350918777930626	0.10143705687338463	-0.009884033591467315
DTXSID80881157	7.723436531629476	-2.8743649934987645	-7.668765301410723	-15.32666263556619	2.951529149257518	14.055668327849272	0.9791862909829759	-6.351422709530298	11.30327858962363	-0.16197709286044126	5.653469553920905	-0.8558666414531653	5.463495422222586	8.934381341811482	0.03086349363996142	3.505787187010882	-3.511432762494471	0.0402820310586142	3.593248909664677	-2.14722471162254	-3.6285075154353006	1.445265453420657	2.307263772621266	-0.16038985714198897	-1.4292999367767607	0.1726605840662301	-0.7776373594629408	-1.0003762304901975	0.9413805316854449	-0.8579941635766379	0.4798331601169436	-1.5685768147708867	-1.2753043745194643	0.3356915875707348	-0.7729800935788799	0.6362646772884494	0.04312687969225585	1.4641134072286905	-0.01711720690305296	-0.06419560597373836	0.9143729173874687	0.616229186705928	-0.4360377572698004	0.8903634210376775	-0.2180398495942975	1.1807646932029023	-0.5036581300306355	-0.26840126236142803	-0.7338983836341362	0.3309722079840519	0.07197695608378898	0.3497384188547335	-0.4263227787504099	0.35890867388383335	-0.08833698801689845	0.25407547445755146	0.7650396799099461	1.5449563473784782	-1.725353345742989	0.5295189215397207	0.1251424287461473	1.228359766488049	-0.8653528434015134	-1.205013542544882	-0.4693484803960055	-0.6999955426072898	0.32399931975363344	0.16063396676375172	0.006201722138620268	-1.1376720402995821	-1.6323788311323615	-0.13863917292185698	-0.1795508534554742	0.7396536670495388	1.1163297077163556	-0.46113067047357437	-0.22887156855430438	0.10547919132090396	0.0855485280181302	-0.1319230317912949	-0.27186727433343305	1.2625482346932348	0.16824759401325246	0.8449075432426219	-0.7870813220166797	-0.049106510675088595	0.36154461674191624	-0.9110039767438198	0.6984381443988115	-0.9209022672635364	0.050276187680605315	0.6258947149624897	0.22055918379260267	-0.6550559172365077	0.028369814311633188	-0.08990014701463167	-0.7025439386937175	-0.5228808046208704	0.05672647186865037	0.18302901315431866
DTXSID1045326	13.167563505860109	5.377743009792733	4.279044656409011	-6.66196310923691	-2.643487958414918	-8.533640977404351	5.152656507532001	-0.239294217804944	0.03642064007392827	-0.2105297724036899	0.08531243681012242	1.6675585233311363	0.5420235094968389	0.33122157634555854	1.7398038429085132	-0.6484462095728071	-2.9140873112418677	-1.4082837117075224	-0.6279752873937794	1.8246841925256059	-0.6239043537391009	-0.5637841698176697	-0.706358339425377	1.8217449831989805	-4.546585219267415	-0.35249616448974264	2.671534426930837	1.333979219541096	-0.6673686217829132	0.5491594466079852	0.1327107444916162	-1.0757663797646762	1.6850067131113138	1.1808090907361957	0.4370119570733251	-0.9724463798649797	-2.289597113408364	-0.9641084537485934	-0.7734713516038443	1.8605091410496457	-0.6442413929624979	1.3490502698726963	1.2673864595348028	-0.5828005733113685	0.3972671172226615	-0.6617922915130642	-0.6321379842929855	-0.3059436429898824	-0.22962095411777902	-0.7751903265944327	0.11449730537793763	-0.42222204362498517	0.7698618702984735	0.09881922748670849	-0.8598138804485143	1.003429118078821	0.6804252884256077	1.362111823704821	0.2528130758301697	-0.6389349438453263	0.5604342926778014	-2.058924679209257	-0.8436827824219985	-1.61988241798128	1.3923187193969202	1.7329795065654818	-1.5395395329599892	-0.8998509167654135	0.6466209164523652	-0.003066765901406551	-0.0010963033075704284	-0.8453482436447273	-0.24405814161262787	1.897063414322168	0.671568080727508	-0.03439246733397415	0.6832091748052012	-0.9564022429881422	-1.6788548506711727	-1.0290166462749084	-0.8595460713431952	0.2951813737876533	-0.20295790144364892	-1.5062804578428635	1.3932579003362735	-1.5355655739589902	1.287775827196123	0.03672652891767133	0.06336686510985655	-0.11681947324329832	-1.1109201654009484	-0.26478080894140305	-0.2744383641824178	-0.1158173773777629	0.7755377823613387	-0.5967209407929028	-1.120156203190552	-0.35981662732871894	-0.3559124832955301	-0.1316606554188142
DTXSID6021458	0.9488900656982296	-1.4175972723355426	-4.350704501854299	0.8847238351912636	0.5551626918986561	-1.3742421499983604	-1.4924070305072528	-1.5331186947033766	-1.009951180829604	1.5607158081903338	-0.05342985566175133	7.364288090739739	-0.2809607261693042	-0.0837654217467072	1.0598004703318329	-0.21672689023051805	-1.161980486947588	0.7838830087711766	0.6117889314041434	-1.1989238995187756	0.3039717850292704	-0.5043774802556679	-0.39413167005351446	0.8614464787050786	-1.769964480665952	-0.0071876904095523695	1.6648015943183587	0.5059176691842321	0.3806041428585105	0.034231192251064316	-0.12014364085366822	-0.3134625679327155	0.430821791817923	-0.49255651138560885	-0.10027441657728127	0.2675834167313748	0.23447797455781483	0.6367813172428074	0.2917357707591488	-0.9854149395310291	0.45543926255904005	0.6577591607375194	0.5616584619126402	0.5359461258390603	-0.17372827457190249	0.2718112944571783	0.3985827914025183	0.0027155394294984614	0.08315263790625584	0.3993812538901637	0.024640439867057204	0.4175879357405218	0.1961540554084172	0.2270249516279118	-0.18627070983289556	-0.12658170566881202	0.20524217710801346	-0.4425363619537289	-0.18447071118504285	0.8545189642427262	-0.4491920131221019	-0.4590302322481778	-0.10114350765489773	-0.07390278048946515	-0.637206934522821	-0.025824114635382135	0.7583439058024303	-0.012857986172223867	-0.13732330307686094	0.48586735048130647	-0.36709025847968174	-0.4757330822035371	-0.9339214068986279	0.4248147746155414	0.03990156181614285	1.345629018135163	-0.5261691667633326	1.2083388667873642	-0.8584443150570288	-0.6865621829665451	0.17340611815591647	0.822133219390247	0.21313373404357416	1.7673581885055096	0.45381093158674646	0.7365779441251361	1.4447457734683242	-0.9844608530639993	0.40384492838500263	0.3954598974609929	-0.24096833952133778	-0.13648436667411382	0.588834805371271	0.553993144933019	-0.40497637550215176	-0.589538012432136	0.114297428807859	0.2465724827026539	0.3921573870379175	-0.5335077365592203
DTXSID6044939	-1.7924821506973472	1.7975350297419972	0.893165711805798	-0.8223106063846323	-2.5400677645815843	2.5968553999851784	-0.04295146136542851	2.295225974045432	-0.9170817602604433	-0.30895702184996077	-0.8859480476116672	0.3122366266589263	0.15921221101197547	0.37675823856886653	1.001047933080879	-0.3436308337617887	-0.03609567075083027	0.09240487052935431	0.62271827129196	-1.1643438181091883	0.16293035042995738	-0.7872987864223243	-0.2804456964659783	0.49142716250980617	-0.07630749644941236	-0.9655359611609062	0.29666860893646707	0.34118185294122416	-0.45307968407849303	0.8026690852980669	-0.3343588624833796	-0.26754272987037453	1.9444967209829531	0.5741516872047724	0.25766288291827616	0.19271594130238162	0.17242888606902643	-1.0515367910864515	0.7666900518741797	-0.5004065234825457	-0.11977976187911998	0.37896278312613246	0.029295186595284153	0.015745137688433514	-0.6215092173134602	-0.4132600298066419	-0.6599697812131973	-0.016032141042962675	-0.08676253222146191	-0.35674258182752155	0.125310390679205	-0.04722770793666225	0.0364643319684136	0.09187910615018621	0.9783040206272942	-0.43566359762887336	0.8079491060712025	0.002629469020781269	0.7108983039711567	0.18729095246673555	-0.4168138889160759	0.4872367855280659	-0.8711407082222724	-1.6530712028714143	-0.20137993177790342	0.6758198839152294	0.8753226093915277	0.6170674058334502	0.06606788255256334	-0.23694742881490233	-0.1667273242927728	-0.33180942715705447	-0.5912250166176927	0.10999157999380826	-0.7545508811531834	-0.5361791537710242	-0.16850041133961388	-0.3539856520995908	-1.2838354647558676	0.20220413089383774	-1.5896344863415937	-1.5095724159394828	-1.3582804617003914	-0.6169024723732442	0.5444102197683953	1.3864955034943067	0.12264667582493999	0.2963418554369613	-0.22034165283395468	-0.22713418200243335	0.2529672067981813	0.35630058990877106	0.5432018875572207	-0.20389518563354034	1.2789432624356896	0.1261904128522984	0.22570430802161034	0.461969514627736	-0.030971493821743523	-0.15476384039431637
DTXSID9024485	-2.6322389090006113	1.483087867803261	-2.5417760141619237	2.898544358146119	-1.401013742178194	-0.16969457542983302	2.230727815332913	-0.34337988455329044	-1.195865931943161	0.79712737276858	-0.4164489517681992	-0.667582351729253	-0.7800127843804483	2.8009859276606357	-0.4280469595003686	-2.683416828238221	0.2198774958501895	-0.5016084333945928	0.6924796532756435	0.37223187788670814	-0.747777747463021	-0.6520801716490233	-0.010974449350974767	0.2712957554739913	-0.7678122552680158	1.2467128890311154	0.6754365473803321	3.325674848432556	-0.4884387723229279	1.3677914946464618	-0.07519467999791034	-2.4795549094277134	1.723410915042162	0.8760132943856271	-1.5750382239669158	0.6051953837002814	1.4689802386795205	2.3547521974668912	0.5207659092293225	-0.2998824371333955	-2.469489680090888	0.47159842899708787	-1.275822431279424	-1.2456276791307086	0.051633482573263306	-0.7164072569005742	-0.2643677758244549	-1.301683932051183	-0.0632797941274518	-0.022864640243650796	0.5421865830780184	0.4882751893756657	-0.5919730108047717	-0.36562193466634196	2.4391922976537166	-0.9019577676047829	2.5436374937915107	2.361301450060717	1.8804018765021124	-0.20960603507769396	-0.1866517561529373	0.5424226090612246	0.3988767584620301	-0.2428739754092541	0.18361697192576815	-0.39545508308502497	-0.22843982852613007	0.33362771946622255	0.038310464635623015	-0.9570643028003496	0.4991845359587496	-0.332206448429749	-0.07746221947313447	1.962966222307386	0.4266577141396441	-0.4056806012865099	0.16525305108801505	-0.6743438369423218	-1.6056977042682923	1.0975166811880623	0.18837167931593057	-0.09829008184768051	0.3553140660426815	0.33268407911094594	0.4754769709883779	0.6252185052454355	-0.004974409441626674	-0.02979853482878725	-0.6147529815377699	-0.2607770456097696	-0.12491326454130293	-0.44156567518599016	0.34368851884955204	0.2812890482795452	-0.16101515469602953	0.29073779487509577	0.30125603576898924	-0.06522544915934698	0.8246023723670687	0.2636462221076487
DTXSID3037757	-2.4632681245374957	-1.2661912598578897	3.947728887629607	-2.8847705985521133	-0.1506790128141369	-2.3112893546533613	-0.4472109742022599	-0.6515982120216504	0.6058791005423975	-0.15423941750784326	0.13992872972133713	0.2506235220778007	1.070417039857224	-1.0597850171772476	-1.9961538332769944	-0.30751198575598926	-0.24460972977867834	-1.008306258086514	-0.2861589697890551	-0.04050193631578157	-0.6410132738196371	0.3041758310579554	1.5436782272928768	-0.3579688038658287	-0.25587109539732356	0.5926379982058487	0.40220010355927943	0.6916352247699638	0.2446413271577789	0.02567755062891638	0.35049740684530994	-0.1773203323026587	0.18161930682848237	-0.2666942539253504	0.049259223227394455	-0.340370513538513	1.754420369821071	-1.374878022276975	0.548857666294784	0.5287399874216311	-1.2940271205870133	-0.000297444750278748	0.7909675744319477	1.81105734478349	2.7828653667561256	-0.2949914925229566	-1.9707619093793116	1.7461743499454199	1.1554202921554064	-0.9689142714671285	-0.21573150194654586	1.2030071752013276	-1.295022579715439	0.11668622553429396	0.0863599828496349	-0.6084334819186159	-1.9493270191550058	1.057388901909001	0.6999464398432347	-0.4956177200142324	-0.6678686853750075	-0.6920514057571553	-0.07283237708888844	0.1337072226264009	1.1041540248213957	0.700512721245933	-0.7781026720909244	0.9371637579007083	-0.22843495649927945	-0.517317121387311	0.23582420317052039	0.25955735521312795	-0.31441255069306945	-0.1963365166191389	0.2826833559709519	0.7727536703603967	0.41008217715891687	-0.5021460548037939	0.297715070531686	-0.6646071785232245	-0.5825102778377859	0.19718138254458625	0.016332893571888028	0.416764731677378	-0.08477052264687492	-0.2748500585032238	0.36380539703245646	0.19208642163369916	-0.04879299406259291	-0.027206051610574974	-0.18430146867967742	-0.37921565360792187	-0.6462839520037048	-0.17154768637541115	-0.12276374210717578	0.25814454234072937	-0.23965151228055043	0.12058903392166853	0.17767772429449485	0.10963354945818857
DTXSID7048667	13.101501244173734	1.4408228088099473	3.40735113110997	0.28058920449308505	1.162813655938561	3.578376683929873	1.5839925878200372	2.999876493232883	-2.8862087607784974	1.7535220144487929	-2.903913329609617	0.5986326002291197	-0.41839088409159586	0.3631913914600959	0.29231283992962	-0.12272971464249102	2.5620193156001547	9.211266649606097	3.513663836465919	3.5586428938071113	-2.783514441277528	2.9261119187288465	2.176369711286471	0.7469920452993096	-1.2531434996167392	0.23084751819775637	-2.6244935833802816	2.715702318308772	-0.43922743038108003	-0.7476616995616692	-0.7924167587351099	0.8521770729003657	0.35887054150447506	-1.0971175935153241	1.1494896405827535	-0.21670447995591358	-0.2873352593060468	-0.10247408549421715	1.031121545268362	0.9829171692110267	0.1425399540631598	-0.006341123493414773	-0.05318290875134833	1.0902414485510687	-0.40615634981113213	0.6916291294049315	0.28661138643985523	0.8144264822873379	0.4546888712632569	-0.06837990835198582	0.18251578682107683	0.786739076314235	0.19666854876426315	0.2172765563050293	0.47801506124832605	-0.7952500690874688	-0.5699512245300551	0.13831102495862638	-0.1610295657484938	-1.2439203390923284	0.2630318878340449	-0.0070993013591238744	-1.0624115941892092	-0.5291152025768515	0.3493003776451812	-0.7430835371118618	1.546849808491385	0.28795667685276294	-1.2205979108221607	-0.2331810644572613	0.3536280161551112	-0.5844613433290056	-2.1220047565891536	0.6536617153571684	-0.4177680123774977	1.6987148198289423	-1.1210439637652405	0.940431111885723	0.5827252695709204	-1.2995725971667265	1.9823529140373632	0.15209601510211576	0.3363958878855545	-0.7847557678399217	-0.15399919516755467	-1.5151860719376076	0.22780037862533156	0.8203951688748203	-0.9241615129455469	1.657425494691998	-0.06945137344343391	1.3532427273416345	-1.7138720946899344	-0.43215814216164516	1.0392029566120176	0.4042321743488617	-1.0664378700412884	-0.2577295384527316	0.852538342075075	0.12558827853980878
DTXSID7041253	-2.1312253614173113	-4.520726339215062	-0.10674982898565222	-0.44088423638369173	1.15575445749583	-0.2986210974553548	-2.1851614288310843	0.24398485174982082	0.9264971809707538	-3.8113260220682346	-0.5438051044135812	-0.820363637100985	-2.339514099788466	1.1329488533226628	-2.0296322084575067	-1.1818511184539	0.5268910581404965	-2.7176433248912146	1.5102935593110947	0.7780418889891586	1.0646484525993314	1.5340926492648799	-0.12512059068173415	-2.359520075836041	2.172259278356665	-1.523851304919153	-2.3917434964324062	1.7290441811664665	-0.24964687970676613	-1.1483522202206755	-3.1351711460850535	0.2724581877534669	1.0318449036592714	-1.4188546556878443	-1.0744249730701136	-1.9755644118727982	-1.66749497981572	0.3542403480978451	-0.05779687707552382	-1.794755540471154	1.0887482500103005	-0.7607160809204182	-0.7987718603737946	-1.4878665514578238	1.4555583167572173	1.711738740603599	1.2820838729227018	-0.2588030437296285	-0.37076368074853017	-0.9744934060281696	-0.2002865636455723	-0.5342205701544702	0.4707986109886739	-0.021256733495686922	0.09857111774011174	-0.9095630201467656	0.1934483508366385	-0.904995510224722	0.23315104802136224	1.2356329948697395	-0.4030348436102877	-0.9131388551456607	-0.3667001989035676	-0.9552355221455759	-0.5777771608618631	2.2497452480285127	-1.6598518538773803	0.8741380032310874	-1.3647892051187018	0.4290596639945693	-0.7699863982251685	-0.34290955475632634	1.3801154183327005	-0.5276914736196675	1.7153403967724439	1.0214866316235074	0.06329556751808603	-0.24731417568499733	-0.3741779311382755	0.9561750308885358	0.8859129141142402	-0.058330697978568935	0.08144768447643796	0.22003206183435375	-0.08118482382067654	-0.2805141583715618	0.07856915239151316	0.5147290492388299	0.6810969594070003	0.18631874782202024	-0.4007426153582368	-0.6904720523518215	-0.5451236228889298	0.16151505377346773	0.5452054684349671	1.0296349534633356	0.3193548038604049	-0.1420112854282684	-0.3581469362246861	-0.16103652167953178
DTXSID5046306	1.7811545675581633	1.2592356898362913	-2.4688533372231944	2.465013348088947	0.0031575824113904906	-1.667741300920637	2.167550167654229	0.951461064687956	-2.511457373798755	-1.299675247384095	-0.352212468755392	-0.9457089730121051	-0.5287669571724049	2.8276082597692813	-1.0503066374772017	0.557192271217906	-2.291540419184807	0.1470643168303059	4.832916738970818	-2.28775443217038	2.0536934003839553	0.5145512602481015	-0.23525208115822385	1.0816717946993657	-0.9358120445827068	1.1577342571467795	0.5550158258560077	0.6375819228214246	-0.9964005118155521	0.35189104716541647	-0.548926024856217	-0.655669589698687	1.72750421892217	1.6092235209885586	0.09306872734680306	0.15201669414887783	0.07608669132842753	-1.0407724154119988	0.5637750650758692	0.2694838072961808	0.946642332611813	-0.29310185327287114	0.6774647770613418	1.263036654970383	-1.696640771411813	-0.9065983949118618	-0.2970110061096463	-0.7481099470556155	-0.2301585639194337	-1.2387590977042344	0.26106630853005464	-0.44020185032820164	-0.4118356858506611	-0.040483947621003546	1.1073812979254507	-1.8524428155364838	0.8546958691954494	0.2602184609886661	1.2747687072208218	-1.7434152580649052	0.18027540937161612	1.1103426602292035	-1.2725983283290245	-2.3047562181145755	-0.27743680541599947	0.4403320424315811	0.417425926077219	1.078275694306452	1.07214070619069	-0.38555331456144454	-0.4985239689800951	-1.006745136278801	0.8117173817380818	-0.6160780696720416	0.18725969942714582	-0.03670362651548816	0.14922260149063923	-1.536424456763089	0.5022133860922323	-0.36524331112825026	-0.7612942792949574	0.5661223502986616	0.6017656964192963	0.5015825953827251	-0.9727273420905108	0.33703163098202144	0.7423442114034426	0.0880420578343628	-0.5471924404067119	-0.5228296907569338	1.2231276930324007	0.2985596664178815	0.46573445557942983	0.5214231082099124	0.8181206562389135	-0.450779850711789	-0.07595866968228099	0.1713911787582167	0.024872097362533763	0.05467502918070361
DTXSID9023411	8.016027849825836	6.807097631027917	-1.054943336253563	2.1531481419471343	2.4184703473679163	-2.346564760777171	-4.23308662338735	1.3266918760429285	1.3870194006106538	-2.830742530891645	-0.9324990536552357	-0.19262171297803643	-0.9360169918293297	2.2414690512476114	-1.5378134884659793	0.6259388014570475	0.0506513174979793	-0.3801993166250581	1.3823333665176623	0.5515075335148014	0.3051441900085793	0.44062301153757427	0.06873546963912064	0.11809585415529535	0.9019525591073991	-0.6579413092375461	-0.04421297585816435	-0.48116197319687787	-0.06003099496212615	0.5410301765808974	-0.47788552629804065	-1.860627426504756	0.07994416050900774	-0.43740680001657645	0.9586767300713127	-0.21016606179832284	0.3781779762958692	-1.1486124158870932	0.17501085353609475	-0.2852960997578983	0.6713602478393604	0.4311983996969415	-0.3318356842774128	0.5052222030394509	0.3179831919596346	-0.05685098126125471	0.2101872099231667	0.30129762853081843	-0.38053960006596377	0.5725694513722531	-0.10707811492098811	-0.20805096430447267	0.22644752982147429	-0.04871984733775837	-0.5464996120364625	0.4008355883030235	-0.334805049276028	-0.057387790429808384	-0.20730141085061482	0.6534614280258144	-1.3378627097922409	0.26097625002880687	0.8700662552739507	-0.020757676388305498	-0.18365472042239428	-0.567017548432226	-0.7563558738093489	0.19733441502379895	-1.6185229461083797	-0.2854820600185805	0.5389576439093106	0.7215266438034121	-0.47499398484539446	0.23955968305758005	-1.3255014172206434	-0.7469808399581976	-1.7120811854954736	-0.5467747060496768	0.7866051089899163	-0.7000401865129294	-0.288186658568079	-0.5173044168536748	1.7289028021164454	-0.4695293232339909	-0.6518903288845721	0.16020716027999918	1.0904564543548547	0.3846335343098355	-0.12120735538863628	-0.3589630668793934	0.9920904302238513	-0.6411777549515024	0.5139591669141594	-0.42672121170186605	-0.947267807585431	-0.4496158763577952	-0.19116488814390561	0.04152231257983703	0.5678974528014443	0.23218600913920745
DTXSID5027728	13.72953390449296	1.9870483097029241	9.744852292617146	-11.447609538648205	0.3311015177369309	-8.674463091209871	1.185053525038535	1.7907369183550372	-1.0000048854137507	-0.05304221241138428	0.15122843212762202	3.137073889093331	2.763290425509893	-0.18359843603024226	-5.600919637072111	-1.5768814830126587	0.00777378765548237	-3.058122025313022	0.9731633636330294	0.4201291857005283	-0.1658299930052886	1.3719390127507018	1.0687780783950964	-0.5913995262050595	-1.1918626817157296	3.0449577512867507	-0.07376591492296103	0.9293220254858664	-0.783380095193213	2.040808976208648	2.225022023259766	-2.865048500666882	-1.711556120315149	-1.1292748938470345	0.2768856065423516	1.5324035477168472	-0.6507875416646025	-0.4334699271680435	0.1534714270743716	0.9425651170904437	-0.33847280703547417	0.628529193402275	1.2465570407165942	0.22178579724409297	-0.8043628478370219	1.0793255804677317	0.7124305387316064	0.07188309304904145	0.03024610933036157	0.09033873150851443	-0.07677825460941076	0.5055894635008992	0.1798733667167699	-0.002353715923308437	0.011463644463456527	0.022892771089428693	-1.1112489721309884	-0.3206679559812672	-1.0782093648160924	-1.021211787878609	0.509467137313038	0.11469725110858303	0.4872471318613312	-0.2883794848602922	0.32517622031042603	0.758329193392439	-1.3716710135500785	-0.2151103589562415	0.018504387298166915	1.8565833651703372	-0.21259692721016502	-1.2270532375351704	-2.0327091190914395	0.14910101706661238	-1.1885460121110618	-0.9700978467838663	0.5505513277880877	0.28355735356402206	-1.0906646324726832	1.0838900536184906	1.0951726779229791	0.8653267893413946	-0.3547484162132852	0.17178255492919023	0.1863890787597044	-0.2851777911331925	-0.6657755568721511	-0.4167715029278126	0.5383570585818638	0.19991739021167798	0.3517136243283793	0.6985315536620519	0.11516443368795377	-0.4276939991133375	-0.457905469955851	-0.22497826393937184	0.08396718284978935	0.26221555835312904	-0.32767929705223103	-0.4814012977906191
DTXSID3027530	5.34332825043294	-0.8136230467134641	1.2272613571834614	-3.642515862050392	2.2846608433141578	-3.1749449039644455	-2.4897786102461033	0.5894451290533572	-0.7518863537716514	-2.8250773733593837	-0.7195461531196989	-0.08462489652755095	-2.2729996639803565	2.470440867952651	-1.6200606055542925	0.06410133105082533	-0.20148429035783708	-1.2249170969400254	0.24749685077330597	-0.6544643124919787	0.35606792471072146	0.1632210932250716	-0.5191323099614475	-1.4797843993160538	1.2045418711275417	-1.4398156647283133	-2.1918330598393605	0.22067078089167344	-0.35955987268117556	-0.8265001750759235	-2.087206873635305	0.789460155261958	0.7519921439883553	-0.042028256684355406	-0.3199015081050861	-0.3622743851966742	-0.21762009034129598	-0.6768496974284006	-0.5412616716151292	-1.029327090894178	0.41179690767484817	-0.9727028854683146	0.21519965195333415	-0.39993828123405234	-0.33680099893758947	-0.13059327019847586	-0.5697673254374359	0.4365980100023338	0.16090526577315725	0.031286419553407115	-0.2417448043933118	-0.41124314819381513	0.5068704543033348	-0.39182333904962957	0.22425595946266538	0.6036210884997936	-0.20268767672073237	0.12562485955344455	0.49600749444353265	-0.026814701344679878	-0.8255207538636927	0.43869034253174893	0.6954864615816971	1.1933702156566204	-0.14662070246680683	-1.5501499529607055	0.4076903739125444	-0.1593458185400643	0.3996389769594921	0.2893112095011731	0.575666245335942	0.3088255165022049	0.9483236078542199	0.28936258054585523	-2.862924224782807	0.37290200586491606	-0.664763996546359	0.08612950135753426	1.0336373669594097	-0.20341929888080645	0.3343649667551475	0.5608328098707032	1.9481651175611256	-0.22743251713845972	-0.3588368195427051	-0.23158828653572075	-0.815965520355412	-2.5775418234705048	-0.631558012963204	0.542022390541175	-0.07015104994544817	0.3756302271565567	0.39295272060613023	1.0458894473976141	-0.5962362515693658	-0.18918726481066597	-0.2374695469478257	0.050156373985537905	0.5717151659794756	0.06938954802545359
DTXSID1020728	-6.385933611819341	-4.6401675861657505	-1.8891347204613937	1.098726195470759	0.04078807549995709	-1.3464398620446398	0.05600090042880137	-0.008680178343388861	-0.5936744924030647	2.8229215212073817	-0.8765515816234888	-0.177117548161167	0.05826459733281756	-0.12656628067244075	-0.5765451885675787	0.72803018888716	0.47307726691373875	0.22427591202712355	0.16810774894511007	0.08458031322206365	1.1617189673111772	0.06794373381171906	0.7716580612228685	-0.1093885457339534	-0.10259916550109209	0.0864352144016682	1.0234937343007995	1.4959124786262343	1.1937412306624267	-1.184957237242869	-0.13491274674286957	-0.7330443020356116	-1.832552160407294	-0.47770009793285334	1.2001916441446596	-1.8019908082378728	0.9079663987719916	-1.1683586927564635	-1.4884591347564244	-0.10080687266835564	-2.7521563795826918	-0.044378132860045334	-0.19566288363734916	-0.49898475077709603	-2.0767243253608347	0.009682411905584177	-1.3349200383469995	-0.8043718686542557	0.011914446473095683	0.4100996211242723	0.07087770505824446	-2.8877676267301915	-1.513315958025869	0.6814487074024376	1.4467917661352463	1.4912513112969747	-0.2891834219095353	0.13530611433280487	-2.303739029172066	2.126742902714509	2.132606171325545	-0.16793373628774202	-1.368267601416237	-1.3060596462585086	-0.5699943021358782	-0.25912470004521754	1.1026909097501496	0.38035881089152607	-0.6505816690205152	0.9667794649352273	-1.5839941978944845	1.055189451752782	-0.9376039807741792	-0.168840204121298	-0.5068593002370776	0.9753342868342658	-0.11485767686326517	-0.43912126944363117	0.17350751883892704	-0.3297564598009552	0.24675778873050402	0.6498249944996856	-0.18836635172669863	-0.0985623337183704	0.1714587423881726	0.011547371865313297	0.38582965641986355	0.11435393663687914	-0.166251072520101	-0.2796147455321861	-0.07030472765630583	-0.011482422533936328	0.33016937029992427	-0.09041067526001736	0.1659377841187676	-0.6481534786150518	0.013779183120489149	-0.3535813847044096	0.09145728462564764	0.14132289868363987
DTXSID3020671	17.95226922533451	11.465215659288514	-0.22500315404412216	-2.2986554501419274	-0.7481133423927291	-1.4867672061281125	-0.6380125438692912	-2.9999102305419356	0.521546297944686	0.6716448889108688	0.005118147797799971	-1.4465296655528137	-4.824853929194643	-1.1187242078319952	0.939485748884592	1.1503276748092406	1.8231691933891219	0.3384744150006847	-1.6617780253522323	-2.109876209889083	0.04538595997449021	-1.7840716763048654	2.527984988662037	-0.12299298412253283	0.10121532236037015	0.06613512811608095	0.9069877625380508	-0.7870861687128538	0.2297876143513472	-0.15161499744631113	-0.03823600627130583	1.3285071318245691	-0.18117544576781452	-0.7024185915881126	-2.0018015077578073	-1.8094686839229641	1.8321607153407347	-1.626753642296166	-0.5389236607056087	-0.11619153010696293	-0.1441544422638635	-1.1455248251474228	1.3803069319592283	1.385587672987215	0.19583537398168369	-1.058618171923784	-0.27309454044164927	0.457757005475689	0.16830013948617817	1.0390681808913624	0.07112592735633859	-0.08390497252373663	0.9005296853398085	-0.37402916221003146	0.6409561384053566	0.12885438445041045	0.627074384553568	-0.9510735283072634	0.751156109530129	0.14567546550275975	-0.5077574926065609	0.526243394984305	-0.44208720669134066	1.8398318860297773	-0.603057901200436	-0.832997969157044	2.395839370793562	-1.6514494463362295	-0.4144894087050203	-0.585825378745718	-0.6112251370931299	-1.6879358969396092	0.15972480043873902	-0.02831269529629577	1.9249204833701912	0.6664216641907762	0.47207270338803325	-0.5050255896658253	0.44425012070585995	1.1108000407516563	0.8273007262432508	-0.13622720242121636	1.6143860197978006	-1.2028747747923294	1.550993734613832	-0.9488779185482281	-0.4612154245910253	0.7570226432272829	-0.4546206080821819	0.7329034405798184	-1.2160442922445769	-0.3693840879581875	-1.0183312326348832	0.4153820085717434	2.68262833609224	0.1339215565794188	0.17451755892339155	0.12707726153091495	-0.44345140986264026	0.5003901979329529
DTXSID9036690	1.9270624891627364	-1.7905987539924233	2.9376361705784757	-2.670227206706345	1.6514784727057201	-2.5026694089049046	-1.7630969803854442	1.2073016335037092	-1.0785235923844403	-1.1810745800721916	-0.9756893936403412	0.858929404390908	-0.9508252585115028	2.839723028295485	-1.2432537018095728	0.5187444197210076	-0.5800503985057814	-0.317518667589899	1.1938647204038737	-0.3996612601429163	0.2851024206260908	0.33346424704965333	-1.13254604463845	-0.8510466110354254	1.1731475474442012	-0.002505387104032376	-1.8658894065820735	-0.6120752036903453	0.25072156674500534	-0.8281246258948105	-0.5362596747647895	0.21008754853131995	-0.9609720603911813	-0.05783928583035903	0.7654500802054993	0.593071238700342	0.6537423941226803	0.48285642405152035	-0.36399778079413103	0.42340043654855186	-0.35066578469589926	-0.42232390576616613	-0.23942707832993015	-0.26674464282705906	-0.4000542649323877	0.10630472905188988	-0.3128560535315044	-0.018199829689528102	0.1931653032290426	0.16461666434003966	-0.07132279598887349	-0.1374002621577807	-0.022522280066019085	-0.4671976414988861	-0.02533152627794812	0.17890086965325505	-0.9492797095139657	-0.05570311977514102	0.16814698516265772	0.12285473149336855	-0.45552839335152256	0.42262364391164103	1.083188890892858	0.6870311333144026	-0.051631923481395274	-1.4323933916643552	0.12396752969788906	-0.86663666563462	0.12359225531599163	1.2272418112367798	0.23273173235498174	0.11660678948039506	0.19046385885029912	0.6825759525090312	-0.18290369793312908	1.1286811184073042	-0.6430339735108921	1.3376416863794218	-0.3908146553216519	0.2849647248703997	1.2507328415568928	-0.5486787180612003	0.14910061083613416	0.03874558108860438	0.03389087961686048	-0.0833482352664716	-1.1096793674619763	-0.7291151139925847	-0.692515961388937	0.9356412576382812	1.2923199532133485	1.729087489920977	-0.08795920894434348	-0.42012216660019697	-0.25005039127823275	-0.02920643651262902	0.335274894801922	0.31797173600218986	-0.23573210581461926	0.06970982181270224
DTXSID5047166	-2.267802591855592	0.4303215355725094	1.1703886019744276	1.150907341405964	0.13844881891865493	-0.4134931032742484	-1.8011098725236234	-0.5481132786878463	-0.24691701204614225	-1.7870411945532514	-0.7781979431477201	-0.30455410368391794	-0.7490078885780107	2.31695360825219	-0.42662635180202874	0.5985504048452511	-0.22030248714768655	0.5159622962119242	-0.6706872705305266	0.3124366219237157	0.002905295360721247	-0.8819947088386659	-0.2924259942900764	0.6401162031475025	0.2729861304330944	0.24925634038428165	1.5886204582247243	-0.8616154104663217	-0.32951006334996746	1.3794880527858657	0.30439856107295116	-0.05548502527726168	1.17443625415963	0.8354270189504137	1.5206540741371357	0.786349715446639	0.2811714936399738	-0.268336751442605	0.4886246968335869	0.01771584248326293	-0.01921863409295244	0.05338757637462131	-0.1768741111944496	-0.7391716917040344	-0.8720170230755842	0.06106220193454367	-0.11168560826108519	0.08797066370823298	-0.5295357324251546	-0.3753638751932923	0.050817834693329796	0.26918893057933246	-0.13156959343505822	0.03470538560788145	0.8730943511164495	-0.8064097971081736	0.5123794839002359	0.07562508844689637	0.3223048168148747	-0.4938491339158971	0.19688060593736623	0.15845458784642483	-0.8987354235651069	-1.1867115995382902	0.13468285017653792	0.7852904280572415	0.7295063299387177	0.27504285661957395	-0.025574658521219797	-0.7857009227378727	-0.12312910765930464	-0.6960152010961418	-0.1756970241032988	0.15824145276554122	0.25625409144435585	-0.031679990019050815	-0.09547319735314877	-0.5805748372332842	-0.2231242831703118	-0.5919652237715415	-0.9257249004186587	0.668362180552855	-0.3174568097291833	0.47378254803418685	0.4290992216411873	-0.13856807437963603	0.0058257294363146086	-0.1169973709390209	0.028701672802096605	0.20873912231545894	0.01130821347363105	-0.20467955226162432	-0.260456894998197	0.24252894969069314	0.03484339066546003	0.030441406240753425	0.45090501499998076	-0.11701417392308452	-0.006807118830142703	0.6086787608236317
DTXSID7046047	-0.7099828995237721	3.1825643027526533	-0.7026839530958745	1.7875808164372038	-0.13339605238247382	0.4978564538958692	2.255715581224415	0.043096510500582844	-0.28671380257917006	-1.3459461955707952	0.3282159760168906	0.2615372857671341	-0.685399611189195	-0.4805727063242771	0.6985673280733332	0.5261654101952756	-0.18931881646253096	0.6638316816450657	-0.07711794484623852	-0.49157925428271615	-1.0459997093345372	-0.30044048479554075	-0.11234218178027372	-0.05219603079769588	0.5046064192794446	-0.04759803786057939	-0.4446255485712402	0.28372763248158783	0.12953590524553682	-0.03168553694009585	-0.5358843397905882	-0.8845379037040342	-0.6970877823284858	0.1835371674795842	0.7927939249150798	-0.015888761188240397	0.08585893716512329	-0.22658810625177625	-0.3129251854241366	-0.16060485023566157	-0.5370263615339113	0.22167850855029372	-0.2645133365519837	-0.4851888506181079	0.49468990227166254	-0.5948752896270357	-0.4960762611012498	-0.7584167617402372	-0.07458161734932296	-0.20572482731234804	0.09317033329965782	-0.3813631651683831	0.29117344613514656	-0.44555398758870124	-0.41367799435460795	0.0648662332012309	0.03476391183087549	0.2702116954343862	0.6955408647270455	0.7998698668590718	-0.5356847782732187	-0.0009708915145667889	-0.1401636373122673	-0.11310828893936165	0.30538996655609374	0.5035984101817101	-0.15575667447329444	-0.5945173477780277	0.1940178136208981	-0.29704718905582334	0.037098620068903625	-0.3161775088070971	0.49476015069701645	-0.1658478375683199	-0.1773995286879133	-0.7061834157092027	0.28765871880214344	1.2826748357643976	0.14032050891872336	0.4842829700351426	-1.7520655650170371	-0.6406990039114473	-1.2737620370521952	-0.8450303170576372	0.13398990970635358	0.18222756872494536	-0.7888818792692398	-0.7293341019141528	0.5876297751653213	-0.10033792033978978	-0.11639450390197242	0.6372253186301409	0.4231028453596912	-0.5335364168722347	1.0074872634793128	-0.37953556163033847	0.20395914888195996	0.2422603695270446	-1.0059798757000404	-0.6963935230782637
DTXSID2040787	3.7675877710312924	2.1198990214000357	5.065548525817885	-5.133606639047384	-2.7464146371848233	-4.306639167315626	0.9190317682946985	-0.7487455149580111	1.642088103487533	0.5138778773210336	0.9925697682743612	0.5778668712646906	0.4536257712000389	-2.1700343608524735	0.09684985515702066	-0.351098115630253	-1.5405338559332282	-1.3915174042715681	-0.19363334495490844	1.7396945197459803	0.7867399470756735	-0.3295183267719472	0.18254267240576436	1.2377319851457251	-3.3041948538810515	-0.20145986344009661	1.3042909258027846	0.9022063263863053	-0.7324917235508248	0.47353579838604104	0.6372813756247241	-0.15425292705335714	0.7494583029738383	1.0089132743202969	-0.0017137358601344071	-0.25283791409730516	-1.3189570819380902	0.12564576794365798	-0.3479455587633206	0.48187109898964064	-0.5226829067580702	0.32618152159591723	0.4758414877521853	-0.31525801623404587	-0.3239401538952564	-0.342713751178094	-0.027377817980675474	-0.3471504381896345	-0.08207562976304388	-0.06982750834658075	0.004710254583924193	0.05476581210123502	0.3837531175195401	-0.28697596048501056	-1.0678273816366433	0.9572627776816873	0.39539106672167507	0.07475128557066985	-0.635531618066061	-0.6426636280057484	0.5518633860022403	-1.2296555658659913	0.3925167470352438	-0.5644812572981134	0.8896222344786328	0.265624212889731	-1.0120412537098233	0.35847135059261576	0.03823623329787428	0.16721756798524492	-1.6147784211648804	-1.157127184818051	0.6070768194058331	1.9933054725568249	-0.5309985365292926	0.8915942985976053	0.5793641775346436	0.849888752697403	-0.844867781081955	-0.9610068073425195	-1.1276784105883544	-0.30279455597228194	0.31757908293541776	-0.8869430607041785	-0.2684040231286249	-2.1148827477383527	0.6819926149379328	0.3198584245479025	0.7370864149926839	-1.014199306365769	-0.011224434904771744	0.013966790961328537	0.25701788506170564	0.28501847449181444	-0.04154105338001129	-0.18264533663386637	0.35789651216855994	-0.03884776030960503	0.31527763983492646	-0.006757688008546851
DTXSID2048745	10.916864800099466	3.914311861170379	-2.81374014032193	2.3017811407568924	0.33877017604949544	-2.7561284888815534	1.4389163580870041	2.6780475873853966	-0.5122300698465707	2.22035727451665	-1.6464034215855539	1.9700631268841649	2.588845458570305	2.976000163142009	3.332089812254773	5.411965561441765	4.322344683499881	-1.701807738883099	0.7353730783308917	0.006603311932981682	-0.268822506151134	-2.8074243456115293	2.2947243479994754	-0.18575537462303107	-1.5054495423165768	-0.5248797969907311	-0.13262568696640423	-2.29341542214291	1.1477542908978569	-2.7513837889329276	2.7247904036626314	1.4487212618818022	-3.722047567945293	-2.6411798636500468	-0.9061611660770819	2.384602238744386	0.9959178172360301	0.7168629089670854	4.892013152683217	-4.724924616590451	5.16231898329892	0.7626587645019864	-2.4706893923405153	0.631783630366247	0.5752086313843142	-0.023118155105833173	0.08303133689867861	-2.093915809909374	-2.077393160536719	-2.6173184762705333	-1.9314441402202234	-6.603673423405371	-0.8742857188325247	-1.4121890912425825	3.9134413330076234	3.0173481635153108	0.6266288920011382	0.8684204215625437	0.8782285636443049	-2.440016651408977	-4.914384617595587	-0.3996197374829774	-1.4587282252285327	0.323135542792519	10.221761664962905	1.100602940918222	-0.27183822931438256	0.025949958438163213	-0.18217124237172447	3.564727030184185	-1.7656637317721309	-1.3260255498619793	-1.1989676468902284	0.33690100762870157	1.0561665921174201	1.3354806109583148	-1.2683674437229513	-2.691549895526477	-1.300246545241259	-1.5525402120986038	0.8659445978155769	-1.01182143827136	2.4534270695765525	-0.06472244801047333	-0.6157088660487707	-1.579729423086109	0.3798585579742557	-0.2933275424388622	-1.1516601000015823	0.759117927584482	0.40294574700683855	0.12312529642727317	-0.17350992404467316	-0.5009190069095618	0.060103483503546995	-0.5675737453121221	0.18546044569630157	0.1646805858809795	1.5656477105418487	-0.8761133622965966
DTXSID8046539	4.547464245395543	-4.181870961733233	-2.1366755959168895	-3.613275440761798	6.031064634391583	-2.115792550503012	-6.2161318153689775	0.8768170950530384	-5.779235368735741	-0.35031224645556497	4.590920757708543	-3.9022985141195803	-0.5844651870903084	-0.8251051411381817	0.6700403797106208	1.3802882948994957	-3.176733316788809	-1.0670417799676686	-2.194350440915213	2.1274948944721097	-1.056200050214645	0.6530680273364351	0.6616929266513978	-0.18875077504888024	1.9883823942332566	1.9730971334875054	1.3823155379125964	-1.5130748826839395	-1.0224988261847128	1.854776729345145	0.32387596270360747	1.550520927123732	1.2736691458898723	0.8754825351450779	2.255472505690879	0.7798338911984584	0.641286571230201	0.2101863421654785	0.7856846082303447	-0.2980598001494751	0.6068708018131465	-0.6710274558866131	-1.2745882898291034	-2.038753228953092	0.3418550228138344	0.5954161385091241	-0.1505782470524745	1.1060048810630738	-0.05932441811399246	0.3222345582485992	-0.06184626002453394	0.6852145002132248	0.4365843557907429	0.26328811856589696	1.2689933213334312	-0.5841435871067341	1.5216337384481964	-0.5900885649976267	-0.27117198617437777	0.5192310029894242	-1.4238488011241073	-1.6181790303445875	-0.6952728931955899	-0.2850940043004334	0.3192682389062	-0.1436346267718898	-0.09284875127211938	0.4544247179225314	-0.11038819756446602	0.05234539580782122	-0.48256733228771836	-0.2782192346260867	0.4759938164571656	-0.6809909427806492	-0.3450938217249396	0.3903043663017909	0.41261901945537777	-0.3383261220775997	0.07322704963545092	-1.0481752120789138	-1.6643087556987055	0.8103707207077702	-0.8171475782731868	0.6973881651822422	-1.5318495737021307	0.36483349099651347	-0.5209082837984002	-2.694245187619085	-1.3629089079901882	1.1594166439030205	0.09730001546482026	-0.15082759635981172	0.23767993221950828	0.19959034944041723	0.07113485857627941	-0.4671608720063792	0.538030803776399	-0.156835451187993	0.2932444248527064	1.4922271619785747
DTXSID7032393	2.817574692601053	4.32661689972272	-1.765414035348923	1.3602988324538798	-0.858034619710491	-2.2903320204401485	-2.7555544924103486	1.0586243743023558	1.125633601536134	-2.0164472908790714	-2.684365739890426	-0.6687134132185218	1.0191692508268722	3.241666185754495	1.0224954809538818	1.2236165226190043	1.125557966265624	1.8152342835046738	2.3372306832703167	-1.668871706299254	0.011227855829137922	-0.7507770579594387	-1.530681285232354	2.573665958797751	0.28106991223204386	-2.6410044827903905	2.7741377532839744	1.6321822059032978	0.008432269719658617	4.82192223092284	-2.133390166452168	-0.41122396056436705	-2.2461322579808463	0.11006467025307165	2.1176421328797947	1.5835881754260828	1.6447147306826442	0.05499255535090609	-0.8247639931562406	-2.856786937008075	1.8984060235322975	-1.2146188223224936	-0.7666686428425388	-1.4006232725678553	3.798633004325093	0.16148076377094356	-1.1186117382578113	-2.416801266885671	6.786847241025677	1.8042228169750487	1.351114758316597	0.08482883617066356	-3.957839975449289	0.9420677139144253	-2.7975869212758617	2.0706030842173373	2.992457616211737	-1.9954828861601983	-1.8453408839491312	-1.729116711253737	1.0623924358609587	1.0953663373302467	0.10600781010379652	0.18596547662851398	0.2561179887241378	2.2016556100686935	-0.234293996582421	-1.9542390276232646	0.3101952895679546	-1.302911086257669	2.8143852743761597	-2.6756796148239843	-3.438245536219023	-0.7760972581117852	-0.002786992127532436	4.361680074511808	-2.2818707925172212	0.11352068513978647	-0.6929086045472661	0.9474851249264348	-0.3149219263098182	-0.11815603523954292	0.796104796231272	-0.903434813130365	-0.0911152143094311	-0.21324695992612655	-1.2554914591839006	-0.915272140336173	0.3837155431221086	-0.5492429702508731	-0.44164064478530923	-0.13188317429972257	-0.3280193383091676	-0.658554307115724	-0.7972885876169136	-0.24388583996206936	0.30824372169175357	0.5335585696741642	0.4506876348084104	0.3668761022639101
DTXSID3046798	2.641739758156506	0.1067745911460188	-2.4982771980758933	-2.2315739362597027	-1.3384251912425915	2.3770171870639856	0.9788303190673832	1.0772599004851016	0.939410399167727	3.7459738906618876	0.32331175700952014	-0.3803133622664656	0.7243101869490964	2.5035678668708803	0.745601942192032	-0.09375709840498934	-0.8869736563464524	0.6109297276854393	0.19367505479922814	-1.4275116759886566	0.632907838142083	-1.2002958950947715	2.5268205777750015	0.11803263052056691	-1.3706617471966447	0.4883996235550672	-0.2641180017881974	-1.5526357492617155	0.06943734761821424	-1.869622915658655	-0.9143056912345645	-0.39826744907469724	-0.41041905264844575	-3.8710439523000577	0.21199816770602617	2.4407567788610898	2.0423470684707192	2.8717175420346153	1.9342829161427308	-5.082700185149868	2.166713096385219	-1.4466891234510946	-0.6998612219618872	2.0266050121453696	-0.9360884785939663	0.7386767515887014	0.616064862709635	-1.2758598117278763	-2.448414304973355	-1.9770104708178007	-1.634451137335803	-4.060226133775529	-1.385103283124672	0.9493409988169837	3.912534559602228	4.365278325926078	-0.07259610071899687	-0.8020231436209915	1.1127706294035062	-4.5143171169428005	-2.6572259302320327	-1.4145705518682288	-2.5240624405740726	0.013747690308653103	4.674991697790673	1.1877405562880712	-2.634326268096008	-2.625551269333227	2.254783934470396	0.8936418621083697	-1.3513423112077507	0.7155954974385115	0.026515296461565908	0.25013783599821193	-0.23738830815995862	-0.41498266508652415	1.0012786634747373	0.4486215160702698	-0.4533494300286658	-1.2623409637599246	-0.7830850013331964	-1.2855419363132812	-0.057513740042397475	0.18439984544107987	-0.44254776209179797	-0.0678936915446545	0.6634624359082163	-0.30898877037976125	-0.3189924016303347	-0.5381690374731032	0.8582467790473932	-1.4917007341472635	-0.7377652488501479	0.006004955122456186	0.08256458789188209	-0.9328825793253882	-0.09752678132524482	-0.3931781297766677	-0.5592498787724367	-0.15895042565245215
DTXSID5024970	-4.236109898499915	0.5560232500117371	0.07035478794524797	-0.10851963008781104	-0.3403101620106327	2.236123631441284	-1.536267141137778	2.3829091933984947	-0.9363525208378732	-1.3436804077994655	-0.0002604532123886695	0.5182578018411028	0.29452903960157956	0.23888937397324816	-1.6956776760057355	-0.2724504237019814	0.20771318123221472	-0.4884338585794853	-0.5162248325728842	9.418166935442329e-05	1.0249727708872955	-0.5455582883923584	0.8211468744788287	0.43261902058134055	-0.713824365007313	-0.47781395091990464	-0.38828582599071343	-0.6684212362960879	0.07924156309060226	-0.577762011880204	0.6608149796374913	0.707012320913861	0.01732494336564401	-0.18838794472620904	-0.5681658959003472	-0.11820175355271094	1.5574579051256554	-0.619147063752509	0.5777856587683798	0.31443033661964853	-2.1950927248275725	0.4094604180569851	0.2286469402426182	1.4632075177925083	2.3021708182559584	0.21615074122795164	-2.087391831442508	1.6134366394943307	0.9489113663406301	-0.6608258771073501	-0.37626432398699466	1.4798178520106613	-1.861758340527407	-0.12564483062008955	-0.10199880811611026	-0.27861007971826346	-2.034831621431747	1.0183416105132874	-0.39652639305711923	-0.3519322097102406	-0.35147509513118047	-0.6190902680981905	0.99122587299094	-0.2776132345990358	1.0781228807961647	-0.3315293151527657	-1.3620617795464225	0.968951318091286	0.3890043996527763	-0.09098009666009418	-0.3500809393266273	0.6522275932239843	-0.4124522538345306	0.07522061273512207	0.5471448591893825	0.9062211154536746	1.0049425117090929	0.4551838674817621	-0.35594201074231535	0.22657595951667256	0.2795341300786904	0.13290209101201764	-0.6094122512123396	0.68214603378407	0.300619502437722	0.3617069199308516	-0.11874776365806508	0.4369755022144982	0.39037227655775464	-0.10368748098323013	0.12599193161940392	0.04353582430218105	-0.22818182478380952	-0.2190289809906894	0.3334176161044726	0.11785800270516945	-0.3857379930933565	-0.1502740278811036	-0.16921888227678253	-0.14806814455549294
DTXSID7024586	-4.844512770561164	1.8014107811019566	-0.9512689179022207	2.385173250036638	-1.0139182928813066	0.9024832888009441	1.995384779217779	-0.23357386893671825	-0.2576801821060503	-1.4084415463446924	0.5828503477601835	-0.6299954299725258	-1.0058140287235504	-0.3359035606844366	-0.28618975361409055	-0.9805125591571431	0.44068728830912046	-0.3182070028944983	-0.21931118868314312	0.21055878005818113	-0.8342082959430697	-0.37988004337470715	0.8121776202374518	-0.16524807099581806	-0.599761494864853	2.0490756360436273	0.036301940623108986	4.265882037942376	0.04695275985826475	0.34933763385971595	-0.7234832520569259	-2.4450588598122285	0.18172122912467284	0.46044708791804395	-1.1933120867775693	1.5689106787457572	1.203580991175419	2.592087226671409	-0.21355773948491774	-0.24879777864833763	-2.295811270749308	-0.1112029579538613	-1.601590824630062	-1.0518153711797154	0.4459207846759675	-0.7978291601002642	0.11907442759479972	-1.5395271710979415	0.14333762249218773	0.6183488429814352	0.5278339555576277	0.3077269473304463	-0.1253918258528013	-0.5202562951817455	1.4013928928656028	-0.1603019620767852	2.1686481188639535	2.569358507076566	1.5245128645300954	0.1146070765297458	-0.8203538477434936	0.09859492382454946	1.9223734837009794	1.1438168887757023	-0.3003809745925246	-0.7529936974980701	-0.3649979865392591	0.0689614550613118	-0.6242708014329483	-1.0329757712824479	-0.2389823405853408	1.023070786579558	-0.32213490944357565	1.2263804437929366	0.6300651413950629	-0.47201915713931625	0.30979198868678703	-0.6933270507133251	-0.5245891439309286	0.3653251654456412	-0.0959546208127064	-0.20581758050902313	0.4971160764406926	0.6206659145185621	0.016303249463251963	-0.14782526562676662	-0.587668819339358	-0.2907085687590569	-0.18726305259250609	0.0428630102705165	-0.2993986691344836	-0.06783763967363118	-0.3601534343830439	-0.5080143421848613	0.11031375917025514	-0.37031452375561286	-0.17889479260330918	-0.2047795435414859	0.3930788669560051	-0.06982127364591073
DTXSID0051738	1.2257225145375035	-4.201314129244372	-2.982063782317509	-8.835021667397331	-2.068477909930908	-2.379416849169546	-3.0329214005504093	0.733233154373326	-4.388503200644805	5.418552445551558	-0.7039794617918246	-2.0108240295396658	-2.022192431576123	-5.173609542967813	-2.2779756671120546	4.933599945621511	-3.8548413800426533	-3.183212926187196	0.20423853458009322	-0.03387721473835504	-5.085971905656689	0.7078157795848387	-0.01760636137638511	14.08599326826975	6.917002796133287	1.6776369067607766	-2.3266983947599207	-0.013008925449145763	-0.6833123256750967	-0.5101759460499182	-0.38266943408687293	-0.8574732721095134	0.19651629322187036	0.17121091376928912	-1.5274534546137117	1.070867711758796	-1.1641229974366925	0.08425730422057175	-0.009880940085966778	-0.9464543162888457	-0.035163718899314786	0.4220824455927786	-0.41417750860850183	-0.3534967487781948	0.8189439066622366	-0.08776393184644135	0.27012127700175265	0.7007185393029166	-0.4507938424532374	-0.3196548825731238	-0.28067053520197993	-0.16103859102262655	-0.06904725488488464	-0.21620412194855415	0.1316094348019989	-0.014565568725033638	-0.44007680926746373	0.11171616634128002	0.3242353886623264	-0.18104567512415792	0.11676150390189116	-0.3877549582278093	-0.4967610426837757	0.8429462374582427	0.23459567628356714	-0.6205474404094338	0.010630768073045315	0.45811901685393475	-0.26233637866070536	-0.6669568660860246	-0.6371822518749345	-0.42745859059073393	-0.13560988591668935	-0.19336442086278544	0.391113738930464	1.071768036970081	-0.8165921672057088	-1.2435055410110487	-3.3307645414131057	2.1536259372795845	-0.39951975980625554	1.2627945947580812	-8.342806053130682	0.03396218798103429	-10.404413267375897	0.31053013811212127	-2.8785314205350625	0.2993385157188889	-2.936469094011591	6.251557020033698	-0.246907291153182	-4.961101129511841	2.105762141419806	1.0639748776683473	0.7798051508412982	-0.5467209670432256	-1.077496707123721	0.03711041351184857	1.1535632637303137	1.1004017425504067
DTXSID3024574	-2.0874353689076823	1.571199045246563	-5.074064947756611	4.588699684610309	4.660117408783271	-2.4758221147929693	4.453491673968493	1.4806779469836837	2.5752898825255666	0.6461382399774601	-1.1841732400484215	-3.2195895087546704	1.7774195547102765	-1.6546646192947796	-2.4344818738720364	0.04238907288708312	-0.650245516235418	1.1780357618875006	3.44113830664225	-2.013545125503752	0.4923243820276983	0.4223691991514487	-0.1488621994716964	2.1427655659742864	-3.384965075590962	0.8094247869373243	-0.355150313125774	-0.41506445337121667	-1.3282688466138746	0.8386825043470529	-1.7712180372015913	-0.008528405349607329	-2.988877621714365	2.570339308485132	0.4059916609906645	-0.3043352172094827	-3.198537278026451	-0.6913919934318131	2.2982408681999558	-1.5684424851396892	0.17462909722436987	-2.5330957162362626	-1.2133382229952565	0.5188747773894988	0.08691957598725816	-1.5421797497989145	0.5127680371413751	2.2003994180886224	0.21104738326471	1.9140871572406357	0.3896767235083733	1.6878173321094214	0.6980590303339417	0.41744586841339804	1.0637946621449195	0.24329533966556696	-0.4359855654891692	0.41163561302277807	2.6080683708969667	0.6822645532530254	-0.7466620983791139	-0.5002847466657611	1.6147605063702029	-0.471339649756248	-1.2009390252340626	0.7943572779595319	0.23360800535271795	-1.9521972593827872	-0.03425304721867804	1.748192520248382	-1.7424580996972157	1.2981854739966994	0.08728355791747165	-1.392738661301211	0.09125076988984719	0.33839278182381505	0.22670150467515834	-1.3915639739265337	-0.34605832642988205	-1.1867942400397542	-0.3674085043686034	0.11843276260273544	-0.2593305076932944	0.5187100060970898	0.6470936918409406	0.34248584757924383	-0.9382409502123517	-0.5339561062051509	0.029875713079677523	0.16187316649612798	0.6267994059160218	-0.19699112767274618	0.18979688616632273	-0.6159273980747498	-0.31238497895761663	0.6813934879579489	0.1047142356299469	-0.3660819705156102	-0.44578392368628617	0.5881053466628872
DTXSID8021272	-6.557579347576475	-4.040713105700403	-1.9502102317844776	-2.5293628358249647	-0.40264372555991457	0.7914010520142037	-1.9680784186434415	-1.3771752992726043	-1.2660436577463177	0.756522697633996	-1.2638292447645125	-1.615115871776813	-2.757512951099673	-2.3520702623698337	0.6372862403387938	1.2814977487925905	-0.8296217152007304	-1.339549419151717	1.122046797572126	0.3662719167754464	-0.8449912884292101	-0.12420384501434557	-0.4985616214125008	0.7466611411494454	-0.27907216184996153	-0.7240383456904694	0.36999549539100063	-0.3808406001446413	0.5277340969811609	0.25959404961737953	0.5155834060950982	-0.5238694631348609	0.5109702399477982	-0.2574725986360312	0.6733974474230445	0.45828450971405515	-0.37390147527180895	0.014292372394285553	0.09469358166173365	0.47815824045332417	-0.38921364266625036	-0.3256214269170811	0.2887759934647578	0.2430457673339045	0.10394078606750527	0.23461387656954746	-0.23623333122203755	-0.04438018889185651	0.10841185012671879	0.43012317388281074	0.11318968400631982	-0.1797130566401585	0.2688759581088425	0.08748908074278015	0.13594554548625212	0.4620711299354034	-0.12751641059451801	-0.07001412109410522	0.2330497287994818	0.4176425819736884	-0.2500140237378428	-0.11674101812364213	0.30901648345553956	0.36960553855744765	0.13986168639543595	-0.5334235582537717	-0.32344146520626377	0.08333173245616059	0.2169466689441291	0.07479140798149025	0.377040840152659	-0.34158401130997024	-0.17026046126172392	-0.003868870080429103	0.3541385138488194	0.14284612836472027	0.6763180438726485	-0.396453525873013	-0.5797151917170584	0.3972004466352275	0.4745121756175662	0.1031399829173622	-0.9268598101208065	-0.2210078696496755	-0.5717691917077128	-0.030533530411248403	-0.4355719198445646	-0.32011911092595685	-0.22852094423924116	0.3013688799421992	-0.8356303657436067	-0.28812239162705056	-0.42257048101881783	-0.47881151853595827	-0.5519998268385992	-0.5009406398343517	-0.38709556382420895	-0.47442199789621964	0.12982296737989918	-0.21152202549074894
DTXSID0049236	-1.2853731362505683	-3.4824893600440388	1.7521421511406605	-2.252244927263648	-2.3496824010686654	-1.3954665274891356	1.5398461862629491	-0.014280602892361039	2.241309660452823	0.14696949669827458	-1.0376779829325185	-0.3297503579770297	-1.4716620207958204	-1.267381257806058	5.529766291452605	-0.9871550788718286	-3.716429348497449	-1.6800018236458325	0.224908163311351	6.284265268934318	4.534788988230027	-1.482211822897679	1.3338160167393562	2.262519897834838	-3.587120383545316	-0.9420912296218515	-1.71835037226228	0.02825481579095619	-2.065651982908559	0.1950652251032448	0.3153484990859949	-0.1304448825548807	0.05896752030198612	0.8528335231389328	0.9871750557850676	0.8087966947937822	1.215322725398896	-0.14433893206358633	-0.98921962705949	-1.2346114802923858	-0.5050968258279277	-0.21602079443123462	0.20574963107054783	0.13990533902590774	0.2541458930765953	-0.2983843944316521	0.49241281278596843	-1.0282093164230512	0.03143207436126231	-0.03591366653814413	0.11871201614767211	0.2345811781748379	0.06580439672991165	-0.4328499004334647	-0.5627424040844051	-0.3355664500627688	-0.4439393248958897	-0.43675432000392383	-0.27503734116953	1.072755583016036	-0.21335420474425096	0.654578736139782	0.1510276839687142	0.13881628061498189	-0.6174123230543472	-0.40965849212432054	0.020841131187194138	0.6966756596950594	-0.13049120443358622	-0.5125305972071345	-0.12782188667075517	-1.0366127263364777	0.6904373201343139	0.5205355312312706	-0.1134692806588618	0.15881221654712616	0.13960995950370997	0.055844002205852346	-0.3586500517158888	-0.4678164371059456	-0.1830476701098869	0.19859973115133114	-0.6891918104138551	0.44028949895913994	0.17172303588068652	-0.5835524889956965	0.2063284019948564	-1.2630466274220389	0.2525433889475381	-0.611347027040841	-0.31080986517335235	-0.09899510305323175	0.41199693012609195	-0.4110440040613669	-0.12498901676879767	0.6696696017462092	0.5861919228529745	-0.1354096684600328	-0.017036403208633574	0.5042424871240553
DTXSID5023081	-0.16346727249664286	-7.2921026003657845	-3.757875999664504	1.0805187949607873	-1.4386367090973855	-0.8094147955391715	-2.924652991329742	-0.44852904843294106	-0.6040950141853304	0.5200187811788806	1.0194716231855865	0.016646856495659758	0.7167693109089162	0.17169401031652637	-2.887973083624229	2.4613814778273624	-0.9677313784004009	1.1617233198291192	-3.1786789558590396	-0.35767883636532927	-0.18929906789166795	-1.0807048400779617	-0.11430173673241215	-0.47429840533318235	-2.3467505081829394	0.7117060883381368	0.6374589459795947	0.1687773584790288	-0.011911467647507763	-0.22297272804321913	0.2942741207086261	0.5567454583248062	-0.1837910980475111	-0.14625563774132636	1.0858700318382437	0.199842087586488	0.5127386057132677	1.0946176044566402	0.4018818976485533	-1.1775516201641938	0.24942540058149368	0.3157020375938714	0.2382663974999815	-0.679821252869946	0.23594410779712613	0.585588270710844	0.029427274082660954	0.3278387502784284	-0.2830984496558262	0.017705311741532573	-0.025139317033402893	0.5876320901994943	-0.17076780718193282	0.1001913038812747	-0.1911462847926479	-0.38096493256212316	1.010713086672295	-0.19232726415437013	-0.5476070759689287	0.591277371579493	-0.365879053793042	-0.542162861946959	-0.351814847864329	-0.29794695276023425	-0.5332848977181625	1.0267044117977868	1.5337781821715892	0.7184660125871085	-0.10234897469255728	-0.8833522371898194	-0.6466433174007282	0.16190681544041738	-0.14740729193786065	-0.09581992015481851	-0.5633459576047763	-0.5864856323293774	-1.3803002482040114	-0.12435251776643573	-0.04247196266215236	0.2551769390390405	-0.6788605449329443	1.3280693769542795	0.17015190058367693	0.1565897687090809	0.43706212312136145	-0.2568220599330428	0.37420327354282573	-0.2702837671843414	-0.12435151559533536	0.506837019904417	-0.13189299511032435	0.22639841645477726	0.2382469119351953	0.4983663662342683	-0.3954683368929313	0.1571889216310159	0.3708643168250479	-0.39301971673406	-0.10397013321115321	0.8525778936988017
DTXSID2046202	-3.408059631307366	-1.9509619002271485	-2.6417513181511043	1.186577350191033	2.458731835071079	-0.8365298443834589	1.8893879980790638	-1.5661090214748976	-2.2608427073304704	-1.81292640060301	2.007426311972582	-1.0958046729243738	1.1882231586199383	-0.16521912051202559	1.7054462644872355	-2.0352259629451392	1.6876619130426151	-0.05599451286779122	-1.4808908358248571	0.5508050618217367	-0.5408603247488568	-0.20237780329104801	-0.8604843088888666	0.6553530844451154	-0.13457857849254787	-0.40989773960211007	-0.0013511901477934302	-0.6345934985793151	0.1603421241649639	-0.16321523435072738	-0.4105802614221605	0.2778505832482421	0.1310930913615598	-1.5798622838434209	0.32372042486387304	1.3896687203584428	-0.5379072260220634	-0.02935909639462891	-0.7411416643108283	0.009826261488902371	0.8759659435581147	1.3211593815723537	0.4967681839504935	0.4591823732133851	-0.174069649921125	0.20427583805015928	-0.8208154136907293	0.6730773986609213	-0.4987061154436804	0.2544978578005787	0.4393544467751945	0.6714193958497111	0.4804687328423152	0.9413485997356947	-0.651917481214218	0.6534560665926509	-0.32241477576311467	1.8176163446007065	0.30238473326065	0.4830016777471989	0.6183476852624633	2.040832863097716	-0.7213812743630647	-0.15932298366991768	-0.09712051276287505	0.2920237622453166	-0.3508592349718276	-0.38852314462835746	-0.3876460049195924	0.9682961275017958	-0.3813993441416523	0.7649543751876735	-0.6915815271442071	1.78385730969074	0.5768208513461277	-0.28759084712556066	-1.3064412269960752	-0.9369071502936325	0.08385161300726773	-0.6392835579738456	0.918149462626908	0.2097061030491444	0.044054808730238176	-0.8023831574388879	-0.3969342253702496	-0.9633607452792042	-0.2559828975596269	1.0534116341742998	0.5498759608695727	0.5321720741716448	-1.505708021503769	0.4920758461232714	-0.44056158235223963	-0.5397277443600182	-0.001898384692835155	0.10187862631886263	-0.6426117746345986	0.14482470330732194	-0.830935146726664	-0.19276056111811324
DTXSID2046880	29.73335220043671	2.700753684439406	-3.6540605451108976	8.19302254671505	-5.17423115391918	-0.7407852607431846	-2.7133864883993604	-0.10528503051478728	-4.25364973636626	-7.168918957434037	-11.51057525358098	1.9230874992987037	7.101486334725095	5.458434579396116	4.929152457790855	-2.039448418969966	-5.0175588390951535	-3.031402220015661	3.7929210955375563	3.150912387871221	0.42064306801457135	4.203124525321984	-0.6675917218156553	-2.3044159206925166	6.388770268755791	0.24582997065700954	2.30120226959636	1.212521304099277	-2.3655329213651832	1.780537263355573	-1.1686210382367628	-4.3077543112454295	3.5957896387302166	-1.8967564807623936	-0.5950848070881206	-2.7563761117832852	-1.460655747223185	-3.8352076638362793	6.623423628821583	2.664722143111098	-1.2570195273458105	-0.11254968862684882	0.7650615500181149	0.8795588334198438	-2.7841660080247315	0.30818301373679047	-1.8871192428180896	0.4124812410964086	-1.3600181888566545	-1.8114112173626669	0.4064922338473231	-2.008965116488831	0.7922136769518778	3.200770959487776	0.9326893125784624	4.283665214210011	1.7227607587197311	3.3726984039362575	-0.946465213989412	-3.1702470784659647	2.819731359421611	-0.4586570585110103	3.7981669863334533	-0.7676596660544732	-2.0160786899142114	4.926020777776983	-1.3047238031927686	-0.3227173254816437	-1.729586792823211	4.481936543248115	1.2012786049198863	-5.181236906049171	-0.19794685705293633	-1.5212122711901181	1.9186469394530068	0.9169378313558066	-2.925503396314295	1.2182934764710598	-2.7660066074217706	2.0010126835387627	4.599098966507754	4.450976926888058	-0.8755946450156643	2.435395079946324	2.509970350086173	-0.6498748290373686	1.9048557398268768	1.0242003841235308	0.34586513096768096	0.8124865079074836	1.3941785088565215	0.3842213672972367	0.9535834509180529	-3.6070038747516775	-0.5238896963790767	1.797823093160819	-2.3320815278318845	-1.2259914142649697	0.772862796234122	0.43247373292357905
DTXSID7020265	2.9803429557705567	-0.9412203191321	-4.243098116528296	0.04386241524995154	2.7544324684780883	0.7705567442326046	-1.321888273366761	1.218001555747836	-0.14872491738484087	1.2557766890194175	0.8764846301567656	7.5499580555261545	0.9985904444137896	-2.3730820034317457	-0.8536461964214362	-0.32813949210281235	-1.1141765896737907	0.46621853253339207	-0.3817679552471792	-1.7876231300403833	0.23711795211106476	-0.5479177663689432	0.6710214390110539	0.6413061150326823	-1.5801190407830055	-0.2351938593905378	0.49792167296602613	0.3247161158588857	0.12430267393124382	-0.20174462552211608	-0.5542190252534659	-0.03220787387224078	0.025076452074061534	0.03979225042661365	0.2772575215788231	-0.5440413060491196	-0.03647780796448232	0.5365182636577235	-0.07951141957864977	-0.9164528111942101	0.16437185108502722	0.3130035479293281	0.16103677135470806	0.2847394985501328	-0.22950820478625217	0.1647860395139626	-0.012982731904742945	-0.6432390726918807	0.25674706891286353	0.1839089451626883	0.0832755119960922	0.12116082116015392	0.005780334529963316	0.017911774943235523	-0.10494528589740659	-0.17192603530535844	0.09012750834539239	0.18203719694095674	-0.4707900252696317	0.02056181722245305	-0.3043803767047214	-0.19057851840461687	-0.5851747247360561	0.0008771947732081502	-0.3813830459190773	0.08338973533218025	0.6697027152338878	0.6079355893264412	-0.05918590317453987	-0.1941179079323076	-0.13874170247123319	-0.42853404802963646	-0.08878300058696574	0.11240133034186511	0.007749806295587694	-0.25256289227919226	-0.6186912643898651	1.2252461073283882	-0.4449681058367882	-0.23213997528490485	-0.16715017389648293	-0.30238391425151445	0.29995384152900073	0.7183105794520029	-0.2750410802959513	0.6200047123473852	1.1984510874646899	-0.8806499867649523	1.2377682583890672	1.4053808069109976	-0.5046420102529253	0.6924166671366033	1.3242765727107726	0.241318184622582	0.14694797444047142	0.4217917190570942	-0.057992043457725684	-0.5601438673528194	0.03466221164681954	-0.2610234635498325
DTXSID7020768	3.5566367660397424	5.210077025093069	-5.65667923127315	3.8463758598197133	-4.047124869650787	0.9481727628318856	-6.493069444338155	-8.876264797515667	-5.23120423841758	-3.117527874527509	-12.240811878449149	-1.1907222464865561	14.071528959484073	-0.700084904150382	0.9486438606059876	-1.6573808799086158	-5.801438111258036	-0.9658540383989662	-1.3634893109017419	2.764509790370425	0.11306124338642436	2.960476208210218	-0.17792034240079066	-1.9071230360751619	1.9611461298335562	1.999323778479026	0.8509721065918667	1.291764773674166	-0.9745742269932802	-0.7016612844958192	-0.26078605747090383	-0.494514601561008	-0.025535480154067886	0.9289917600872659	-0.14741595028418727	-2.605649164115367	-1.2874034052103782	0.37090020811025537	0.7097178827122957	-0.5611229104145297	0.9220157588077479	1.7227757571828655	0.009504700479486924	0.996183173436803	1.0642079080776223	0.3289241050359298	-0.2082370363833309	-0.5274502876586151	-0.23356196461927933	0.48660513407520256	0.6800270409321955	-0.7455446004696088	0.8610752322551	1.2480055392975153	-0.39352457479071234	0.0891209653003892	1.7045568559245463	0.4152817592033567	0.5177275326706416	0.38378491260290537	0.08920966311673609	1.4484518685262326	-1.3380022375596932	0.3957576288882688	0.16882235480832883	-0.8411295429830203	-0.17058243881165303	-1.1953985521070716	0.5349929165793859	1.2672848815131244	-0.23081940737594686	-0.8468389486693807	0.4100807345532416	0.4924848014950676	0.059277442220216164	0.30387957096800877	-1.0055479868922965	-0.23724251200423976	0.10738472401293775	-0.7759918269451415	0.016322109490830742	-0.053027650202582814	0.9724104357199148	0.40772315411004606	-0.8172722954409077	-0.006126990542631823	-0.01963247986088418	-0.750480361477173	-0.9468874719329337	-0.8104349821762241	0.40892456886727935	-0.5691633063792917	-0.21231362873026952	0.35542235354247437	-0.7962249078267308	0.1842589111261249	-0.3479856972251284	0.7522793445476336	-0.8472786472480769	-0.25812000085283593
DTXSID9045897	-0.5060096385102495	-4.623736283344017	-3.0798181522034818	1.4369763624977214	2.6891574040254684	0.6109770949323772	-3.601118190151596	-0.12287606569226996	0.2771795611633861	0.32027867107025054	1.4361540981235543	-0.275249660284867	-0.3758399213125714	-0.2600501532637743	-4.398781160582023	2.68771818058522	-2.290540779654326	0.6447695624648456	-4.717225630425261	1.9078473299938996	0.3911622724898831	0.6786833904638319	-2.468620684943201	-1.566816702570156	-0.16384356555654933	1.7712514304453315	1.3116613757876494	-1.4864346744015147	-0.522523742935279	0.3172821593628633	0.5429965537695597	1.2188916709885944	0.14146939934057717	0.17041595822726394	2.843955416807359	0.5541926489297532	-0.15835353913731035	0.2100607248977897	0.4065885834581651	-0.8618444404169476	1.8907027673817463	1.5998860942880813	-0.3207450033546361	-0.5307741184148771	1.034737973488156	0.921693182881837	-1.356093858626109	-0.002708027223312987	-1.2038917437035186	0.3982940216943512	0.15629194112663383	-0.14993647751109945	0.3095361074445507	0.8390020345619501	-0.949064550108763	-0.16031466659516935	1.4740083377697188	0.9312910026898203	-0.5396680789266444	1.0296937042555039	-1.4006282589058372	1.1033566720659456	-0.9050078385265734	0.22119810409475096	-0.48833643220318323	1.1215458826682962	0.5964139323224217	0.4502666403728672	0.32995277704122145	-1.5507908333442657	-0.8762914849141187	1.0846563648778218	-0.6201729714956968	2.083728629891447	0.6423279874616854	-1.4612229141311224	-1.6099698093398485	-0.6766388311144357	-0.647474796880822	-0.5318362170384585	-1.8477965689232765	1.0288532418506442	0.658950476171292	1.363737668248456	-0.22849002854353143	-0.6312867177288451	-0.06226209779906058	-0.10013311870133693	0.17172275526401148	1.1079013535384368	-1.4182024177924208	0.2792328593124331	-0.3279729328006178	-1.1208477830937675	-1.6285282893553177	2.35545952922834	-1.9200572168472898	-0.16354146314075713	-1.4446675934103992	0.8675362389632696
DTXSID8048864	-3.143836735411597	0.9435833958986778	0.9034010824051995	0.25299379555418483	-1.5035117038376797	-0.38228443973356474	0.1193070970094898	0.8156371964145023	0.8480151202997372	0.3052201696606715	0.4592497178206077	-0.6127923524463683	-0.20983905543434045	-0.19448053908037494	1.3654010740606495	1.2911575542423472	-0.7208790828396708	0.3788982595519812	-0.5881338567539295	-1.204142508063872	0.1304466455055913	-0.5024954152917043	1.1498058301528187	0.41145482200255235	-0.5431728722880067	0.29296074033678765	0.698731152079134	0.7168356633955953	-0.08098162065912444	-1.0897241277839762	-1.3313314104091254	-0.07559890967934005	1.207097047497357	0.36754151402054036	-0.08112411741499764	-0.7480025457491039	-1.2190614270943438	-0.06794460698759251	-0.8632722575480153	1.1630165170007278	0.8775935154335501	0.8138074002921234	0.45751370424646054	-0.6378829946139064	-0.45562306960173105	0.5400636064222353	-0.1607121981176692	-0.024088372573593062	0.26942427103120425	-0.32795780980752853	-0.10584565545532232	-0.28284437120029093	0.5505715757970591	0.3455108211051338	0.03108209610594453	0.3518909063720511	0.6497977694591314	1.5001527871743232	-0.9607575014213934	-0.5600945125703407	0.06015704733693448	-0.7475482849084654	-0.4173246637862506	0.1082521610012539	0.3898073647858153	0.31083901152077287	-0.4983649537565285	-0.7797374563250278	0.13883620536107352	-0.35178972068887143	1.4434359975696467	0.8248183745978085	-0.8661492640899981	-1.173023896766278	-0.22560349304203176	0.36647154816901184	0.6985085443106562	0.14120050643742046	-0.11482717775785445	-0.35743168980956896	0.8927595755436375	-0.5103654535374431	-0.4426764838943531	1.063732185420041	0.13689621739641777	0.2833321035417428	-0.12192241937202994	0.28393212225919073	-0.2995416657342724	0.7971376120595141	1.1938811550636041	0.020046701641630096	-0.3983928417865356	-0.562074361090333	0.22690856242298107	0.4851193034234776	-0.2902161970615496	0.09817658081474781	-0.46917738685435123	-0.2031830364386268
DTXSID3046790	-2.110693279853064	0.5514812177036462	-0.6343350174570004	1.1247570231358073	-0.5726044028542414	-0.4437338441801497	-3.154385831041452	-2.5311471698643535	-1.226088266649388	-2.3875814453048587	-3.891665505431824	-0.4846459023442056	3.474462938989079	1.4101938156256584	0.059745375839934084	-1.0284865114650432	-0.6158387597384419	-0.20466678914134404	-0.06545465883097562	0.04934711317881346	0.7981437270890568	0.6403613589924819	1.2267186324578292	0.15185264307446544	0.2575076116486079	0.4305754162825489	0.13219149159939259	0.6141769417211795	-0.33185112913177045	-0.11455923950819491	-0.8192815442727479	-0.6802385217881936	-0.40602582907170054	-0.5109920879255215	-0.39515859527387726	0.16976954611335932	-1.1974196147236047	0.14780845701332962	-0.21811156140203228	-0.13739166869091543	-0.03176692675957412	0.36993190741726933	-0.1400867604848508	0.12697612149168183	0.2689938704987063	-0.5711616890485651	0.39909232296316466	-0.4066190772340496	-0.17133395490548942	0.2227183002588738	0.03734411327145109	-0.17008463729752862	0.6438837247088967	-0.07396610074546912	-0.6376052073479908	0.2197634971625151	0.20146732487755453	0.12878740636437577	-0.012432010114654725	0.22031844747476914	-0.15059763267312742	-0.24243169609611884	0.5324954184185954	0.3668439231475344	0.14798184970824846	-0.6917237652300342	0.35670177817017296	-0.8171745801932446	0.2972297458808011	-0.14983787385982208	-0.47773291272359647	0.32376539395223514	0.2959912525721027	-0.6959283531469855	-1.40900294689073	-0.04368797097845558	0.20771654457116734	0.13346257970291886	0.308307660891929	-0.15076369349057386	-0.4056765176008243	0.12622581091595564	-0.07428202224661232	0.18651023226275118	-0.17047643971976814	0.02000689991309149	-0.34045846169792576	-0.506411249638791	0.342453426657277	-0.06630990574401112	-0.025266520503567716	0.3467834443536777	0.09855936081704436	0.7630155397640672	0.3543236577234723	0.07998050140922862	0.01842649385972988	-0.08899731592753023	0.13933859884167124	0.09026002542138015
DTXSID3024994	-2.029076132327463	-1.0989695943618059	-4.692108915331833	-1.4408462907600372	2.5323528228975483	0.9080568579805219	2.638013118592497	0.7835156303207415	-3.0176823431424573	-1.3657099144019194	-0.908043546824838	-1.023663887405732	-2.293589068896494	-2.9082499800646375	-0.0014120795107442604	0.616588168122893	-1.3019157351352795	-1.4446974443366052	-0.7148958235823611	1.3565558423236623	-1.46062190909708	0.849746420630136	-1.218025479908957	-1.0259613464367752	-0.5974565810946112	-0.3989396656926749	1.2722443354600814	-1.6001779332193646	0.7057588293564864	-0.20275358256101658	-0.6890803320701756	-0.6022320626528008	-0.06522409944478832	-0.9876075923050933	1.4123050542894715	-0.21953810170902732	-0.3530762841868893	-1.0742032432385642	-0.2455521523976937	0.13728004905585786	0.3834781907655251	1.7159387438996845	-0.5496932408234233	0.7527784664394217	0.7023894448302503	0.4142429959948542	-1.2880463095339745	-0.7832500372698475	-0.08754932858698183	0.3141024308572966	0.4056837964509689	-0.4876512542453519	0.5067112816011357	0.548437948606833	-0.8178780563616619	0.5725325912570854	0.28019360523853676	1.1671966532506812	-0.006316726600089301	1.2778391640946358	-1.4364472319038446	1.257703881871089	-0.535606664724714	0.38092750118412944	-0.15544395130900868	-0.02709214859489335	-1.567283184751531	-0.18316522626020387	1.1284298688290544	-0.07388300953082615	0.9647985361836183	0.4448233388460378	0.11403562007358704	1.8546759802300472	-0.49659383217794373	-0.4172070159178109	0.24710322638928744	-0.02292786179765787	0.6258218307249305	0.4602919120763356	0.4834990504270102	-0.1132631755098159	-0.5321992293791634	-1.3808567829268719	0.4886982410842373	0.22975593110115544	-0.851926816663943	0.8055207687438721	1.0409672214844845	0.09445819152735854	-0.7184855508915647	0.4353528278838025	0.040474619606191815	-0.6007183499303111	0.21903414889572256	-0.4679091769484281	-0.2909646464083994	-0.6608438707538992	0.34547688845695623	0.07586198600665525
DTXSID8023848	0.6995177512832852	1.4140269091793216	0.5519023543564441	-0.19906665674886648	0.9627505921204302	-0.6449260882759087	0.34749934292215084	1.7042715374391173	0.7036122331191166	0.033216197237972776	-1.115733310204091	0.25979359354138676	-0.3043165417330351	1.303285786279207	1.033701350655783	-0.3561582921388853	0.3810725126891934	0.5953662298766046	-0.3263551383930856	-1.1781688231465295	-1.1515837378414586	-0.6074365096634432	1.7112299797876782	0.19422594279392405	0.4421050730998913	0.6659279757969834	0.3123698731912018	-0.5530467114503802	-0.6107874134385985	0.30872057277424925	-1.9044820598866536	0.22299551580400537	0.40731620500178134	0.11235306847410875	2.080380654281793	1.4404144123444307	0.03407325421810563	0.038561061022294965	0.20272920499414057	0.5105326428711625	-0.48763719884856205	-0.1353728258415123	-0.010860373718891867	0.3652260617273266	0.2508988876341933	-0.5980767390741972	0.48833026058825585	-0.5556563239753639	0.18675230591942837	0.25354936117480126	0.3586978422388404	0.02508101860863303	0.9790995380060266	-0.5463195982897511	-0.495835059449465	0.4945549688016878	-0.5557793432090478	0.05832468775160033	0.8009358539687962	0.12889758208084875	0.029393576691657063	0.25974854221695565	0.3617819203192244	-0.09921166322945614	0.0232837497197998	0.12065263445656389	0.6186263107177372	0.7817999390434858	0.5375368857198811	0.8991850507510292	-0.5178731066707257	1.3649109059499012	-1.1308144172746915	-0.12844834146760412	0.12172098174802057	-0.5647272183410144	-0.853494964325074	0.4641800871000751	1.177017844000553	-0.5590739152646959	-0.12924017468768126	0.5465509221527481	0.3678760736498466	-0.08404302811850095	-0.3928762373725495	-0.8136749164509862	0.1918051642440224	0.48640751913999586	0.485762868694222	-0.02120311632953369	-0.3696714372340249	-0.21741519745049148	-0.07492697031127893	0.6740568406571398	0.05486973914626381	-0.38765233536973454	1.256660251566407	-0.013798723432650907	0.3290851599617565	0.07254846128345724
DTXSID9023419	-3.272619398454087	-3.9024177523120978	0.39848769813777113	-0.8877144972640144	-2.13458613894873	0.22631823756979905	-0.9886264282537429	-0.204119922337597	1.164300935738776	-0.8648402255230252	-0.400570866723777	-0.552585492498312	-0.9625107637839346	-0.07761521018796716	-0.5461635526195584	0.5774504816543625	-0.44216017782029715	-0.014144856390745019	0.09253575145064284	0.9413443030753852	0.29211712570176723	0.2200750480343594	-1.5495724500808552	-0.9806556850265402	1.9092520100347272	-0.8829550727388461	0.09731049726307099	-0.46542409078171076	0.14587833285539983	0.49813446608036843	-0.3486751738513572	-0.06959328577642229	0.1972157044728202	0.913354453211047	-0.012190781930333312	0.10036104984962477	0.5309080494038063	-0.24345130558304584	-0.11191359314065133	0.35217145125433863	-0.471306116268818	-1.081417636221885	0.0864273517934442	-0.8317645015618451	0.05346087869926583	0.07691725236180451	-0.08408685389168659	-0.14250681852540847	0.48660788737247807	0.09911180745359266	0.12007255612846633	-0.13540560011042277	0.12738344489650202	-0.29050948624230855	0.7057596240333549	0.08682596049079604	-0.4322191795688868	-0.21505625180526955	1.0214284696932998	0.07921118398326958	-0.14192766776658755	0.18058728664803173	0.5763940835846716	0.480722286249489	0.15074974279980013	0.547527468377866	-0.1495144489701627	-0.2644905666911771	0.40973882987657273	0.7718750890332481	1.044976268509989	-0.19457038379985908	1.0703368157537976	-0.3447574824510912	0.1296494655983106	-0.06481664573048916	0.8381565404937806	0.8225771845254704	0.4305820464301713	0.23760242364508655	1.8805521006525443	-1.4386718318810248	0.39386130285466114	-0.3172163737276603	-0.379479421647665	0.4445410645327609	0.6274205888355507	-0.5093096205979972	1.1643128413111847	-0.18816734002179122	-0.24208328906433535	-1.324790591678389	-0.6946180248363285	-0.6985460928555492	0.010892976364675507	0.9864688855130772	-0.24330426187149454	-0.42710623744214593	0.510347997673008	0.30705021000416943
DTXSID3042059	-3.0485976465383913	-2.5156304710548087	2.5437924280699495	-0.8968499460196635	0.7641614411360436	-1.1520173210159532	-0.4037271227468965	0.029150021224807494	-0.36450314535488193	-0.7741639352928756	-0.8088242079062112	0.31712473264621416	-0.2869112513629804	1.441652930552404	0.016254163004535475	-0.16437075723991537	0.3484921966851599	-0.015576091630916266	0.5298459324944709	-0.8697065611862029	0.31334282976363387	-0.23195610466079097	0.6535071760447871	-0.14326966687466963	0.4563322149849946	-0.05151902924105651	-0.7678197931176495	-0.25539549339958434	0.016724067612298055	-0.4080994469306411	-0.21195003941439516	0.06593031943468537	0.011826872769448445	-0.36251118475767063	-0.01988465845818786	0.15028718481889666	0.39774400090381967	0.3793467172083381	-0.04701194743976708	0.23524689481939504	-0.08305589596150023	0.006500330996866385	-0.3897295926094377	-0.2647331277863593	-0.4334842861480477	0.04198369417413877	-0.13391353159313837	-0.002389557500607888	0.15404602185493427	0.15386811414545112	0.04315806156036848	0.07649476020289345	0.09728838252619418	-0.17932564661785333	0.04127877568631405	-0.06491406677821988	0.07803844348322522	0.015690804708059586	0.041412962949217806	0.20845292019912737	0.04225573875267976	0.2250500518211265	0.432934036576118	-0.0742220828615688	-0.15513539473593635	-0.5353753859916767	0.3217851709967343	-0.5647452062598881	0.15622343908190553	0.8308526460858914	0.25305943814685966	0.19657671087207243	-0.01706303203758899	0.07376979019858415	-0.8494574486280164	0.443247622047975	-0.2437913366052538	0.6579379551030392	0.015251920613484954	-0.16976822764800706	0.09245826767936263	-0.47897515259627677	-0.14674839599040237	-0.05298361291643127	-0.19105505627078537	-0.026002973841540548	-0.20579602188455892	0.00817608484322959	-0.2779169553440359	0.17322877182851762	0.3632923970242181	0.5417050011445991	0.23552623836981532	0.12782361809963053	-0.27659887267297045	-0.01981154588888519	0.06411248552318977	-0.05438281047977958	-0.1851339126221848	0.06511764465519412
DTXSID7022839	8.546444748520242	11.06651725792011	-0.7677387196431295	2.9873975126754893	-2.9387624367534166	0.4871224550001404	1.8504185878494532	1.5421654929034967	0.41016700682677865	0.69593460755401	1.2129765613631962	0.34430932687613264	-0.5430699967586973	0.31880676353587717	0.9754016825905483	0.979764517469175	-0.6882278704656185	0.18916705614448076	1.2150944395215624	-0.5588408909351732	-0.6692474026588797	0.05906936547035145	-0.08609532701645141	0.12394158338334742	-0.36760243869244114	0.03285288537478671	-0.5048934706045752	0.7076817128712958	0.3835237622625685	-0.03393505952385961	-0.5231878753899774	-0.018251131956262566	-1.044738685759688	-1.4263797618226894	-0.012494576972285943	-0.2728405491482522	1.3392377067636048	0.08177907626640811	1.0345285366512695	-0.6996141562352286	-1.7326314922561923	0.12062541667191017	-0.43860122195196627	-0.47631086606670864	1.8750097097749787	-0.3954574863647396	-0.2914070844055058	-0.1398510295923153	0.12048293768086386	0.9222819712847057	0.5446527394228584	0.4853806715195264	0.5132871680955802	-0.2756061465542668	-0.5495213511967225	-0.027852879183888728	0.4686573150270717	-0.7953558614657085	1.8778037149817235	2.1241448917311354	-0.3013603485387921	-0.16730735343436812	0.6164579556319228	-1.4264360030821643	-0.1389461541057059	0.5922714554539134	1.1822020484809128	-1.6920668605592901	1.0690873741925266	2.773691648712757	-0.37362553008159216	0.4922735385864532	-0.11732104260904752	-0.7140590408321331	0.9825455546155606	-0.9630338713927076	-0.29179261478501667	-0.261158381429811	0.6624871302638023	-0.8692687047766975	-2.035032791935934	0.39842131467203135	-0.09027976610390712	-0.5166533219135443	-0.13468827072670606	-0.5926749650334799	0.2937407562388023	-0.980033558579247	-0.11878646140401478	0.1364456261352722	-0.487138917711853	0.1228635146633034	-0.26102555265691313	-0.9111049738959188	0.5955584828913182	-1.4010943129316962	-2.0343780567553997	-1.182223548395134	-1.7010671451581327	-0.10455029975114635
DTXSID3057644	8.650888710885516	5.736321286189906	-1.0276209475488114	3.930511556668687	5.945023198316531	-2.0529887331893013	1.069032417756996	3.873966480438403	1.553766040779199	-3.4161804390853403	-1.7180240946280376	-0.4917201703853639	0.3648248107437207	-0.08357563749151987	-1.1539224338111642	0.791972617213835	0.04360591445399239	0.19092441537617252	-0.46693660706234397	0.10767799604089637	-1.39643055536204	-0.9562798581154348	0.41807543469994335	-0.49921693409006956	1.2945545904568683	3.968937194923836	-0.020488744771656957	-2.453794306583974	-2.3893840031603357	1.211668737672369	1.7699969267801547	-1.0864010973089877	-0.08673813640170416	1.6416429404551174	-0.38483195075737486	-1.0966262353479457	6.318365402665828	2.5243222810041415	0.8845790034169123	1.386828930100975	-0.39826200013409746	1.0980143998472636	-1.899580814039546	-3.7978938504089017	-2.2693886890900314	6.973722890229341	3.1935490617222526	3.2142251777486526	7.274603519177347	-0.14311820246669926	2.0196944921258546	-4.7334322370754816	7.932854527292119	7.093850599359059	-3.4242220722933334	1.4774692273673022	-7.177470354391112	1.4906942536997019	0.3336865566796178	-0.4309581670643216	-0.3687832609389987	2.2464431612372806	-1.3633939504496961	0.8308514082044379	0.24855548824468268	3.525010285932918	0.9210931706887339	2.3663249758849965	2.694856057373466	-1.6169237872560174	-3.151083697675216	-2.4836183704034576	-1.3821425169105377	2.2569003613678817	0.3118067941598812	-2.927796834448471	-0.14100000347072827	-0.37659447446589916	-2.877339554225342	1.673815995806816	-1.3539431590708244	-0.2448912179304917	1.4315109956810865	1.2500327988120068	-0.7520023153844102	-1.16906538675173	-0.557150755483398	0.6244831915252604	-1.1157859692908338	-0.552312500151389	-1.0212372296974686	1.7545643314295238	-0.5875893120383078	0.5653688255596017	0.24815931920014303	-1.3481568584247439	-0.5194943348784208	-0.821809500313854	-0.9155636751671017	-0.3344019171264
DTXSID7029249	-2.0210160966737614	-1.71571815944514	0.907257089629447	-1.6431440153385923	-2.3343528014383437	-3.7651809568577677	1.7413093507713082	2.290101536159475	1.0963863843262625	0.32126660692830267	0.7396111228098853	0.6592553757372993	-0.6076773492229136	2.404882691365034	5.680339193731965	3.5913805705879374	-5.747535311490921	1.690908369513711	-2.1123421889479306	-0.7946945474982509	-1.3959682000388185	0.11204053873418782	-1.533368647877056	-1.1447393046862036	-1.0751606767951734	-0.49172692562996534	0.5043446102853892	1.4474810058703538	-0.752767600595949	-2.8489539787469678	-1.7802339031248084	0.5816881792672237	2.393779976301225	1.4440010185602086	-1.1506443163081468	-3.5861774021636577	-4.060035361493213	-0.6635177054674568	-1.2724088207870476	3.422049151793839	0.8456599780175343	1.1523134138869011	1.4512461843229332	-3.0670702582828255	1.1728854390649932	1.257609561058232	-0.9421598582049288	1.7737698365495216	0.8739041102376585	-0.8156445983295701	-0.6333529409231853	-1.1373215250837234	0.846017205733319	0.5256356386172683	0.7639262338508419	1.3714067981578313	0.5838056456515959	3.8722523942632145	-1.22790126805422	-0.7954286383049762	0.21381655521485646	-3.0070587228095005	-1.3942910728034545	-0.05985226264906114	1.5112817419627014	0.7210405710955848	-1.106189376234973	-3.0119389547289446	-0.817968630822618	-0.7480277973764448	4.687909767772384	3.5591970992003215	-3.1476374411008394	-3.2487110274244135	1.0277071772999442	-1.582849463029114	0.43703737852715907	-1.9698079903443872	-1.029788298394789	1.8495658178847905	1.3305119096485984	0.7973273208402887	0.004819408619536415	0.37769181939036556	0.8693515255976905	1.100481384352508	-0.1729687400511405	-0.5892920750435309	0.09646938828565538	0.5917423725904011	0.9713408387644714	0.3313383956344379	-0.879444457876014	0.07155294650114126	-0.09441216913052213	0.40849762200175005	-0.6038481435043279	0.014536015847981589	-0.26667810115745233	-0.126125562399762
DTXSID8041117	31.375754449494735	-7.617510090877858	-1.7660217576813397	-1.0127637334481505	-4.279158337055519	-5.5512289780358275	-0.4341926609652404	2.3199916226553006	-1.382190362681681	-2.7406296096322156	-0.9372760403750352	3.965090120968283	-1.2888155989793648	6.363268968680724	1.1778937703116013	1.6366255433787087	-0.37793496373834673	0.9800711268445179	-0.6874306369870461	-3.688050586177557	-0.11720551520863595	-2.3521459439007657	-1.1351112489178001	0.2451254428877701	-1.5441217737400184	-2.8090982954860952	-2.580130150293978	-0.3293380372333048	-0.7070213749783567	-0.9755747460520696	-2.728144764979282	0.07944871336764855	1.8228463316432926	1.9880589820208743	-2.498413714222934	0.19079780403712668	-0.12633833491233637	-2.3061016693376737	-1.042711376229402	2.791806355448914	-0.5500785328656009	-2.243142843727882	0.1857659122982108	-1.5093407170852078	-0.12878311489553443	-0.3480815731170732	0.6879090090045196	-4.920787288091484	-4.755945109605835	2.206246745016255	0.8202681023084799	0.07879707531831351	-0.3138928343931298	6.372924783307524	-1.1048461270832022	-1.889118047158722	0.6752462399594262	2.045034048119411	-0.010671327893245661	-1.9607079618145755	1.2328647588359087	0.3578517107147068	-0.44059356028283725	-3.293914055842174	1.3801478360720454	0.3670164176335852	-2.5773725612518383	2.1457474190556787	0.34856639169893905	0.6443292029585508	-1.3998962738474754	1.1618890898047007	0.036918876828809476	-1.2640937851381469	4.29858163301354	-2.0426412775639746	1.8081310325832747	-1.459136232196717	0.7195367918796743	-2.554166067837765	1.1144784458287231	-2.509802813806266	-0.8890514470452364	-0.4959039253631164	0.5262922303515737	1.1007902473750135	-1.9921291153203278	-1.7888467622156317	-0.22346197301069343	0.4189938394349083	-1.349138573249061	-1.5480398005394718	3.481040769076478e-05	-0.32460104746678287	-1.1575741599225327	-0.7328440719239345	-0.6940701927458137	-0.3351561183881136	-0.8066086590392877	-0.8955759950972414
DTXSID3044625	-3.3750743549912205	-4.274792967870317	-1.8566993227265642	-0.29347514454170753	0.624310468544651	-1.8438458907621644	-0.784933585256209	1.3437789112340148	0.14460868643407726	0.24890193539316535	-0.7467631730827792	0.1122786858926276	0.2813002651125005	0.5113150613873164	0.17055309506553584	0.9062199984593217	-1.050336435385604	0.658289207240123	-1.1012830571518222	-0.14429265326557766	-0.2587078207255806	-0.23889804015404364	-1.3177888739362502	-0.21587220689890216	-1.0315960322085378	0.5457230434967183	0.1241530964211786	0.44846583084597924	0.09446172981075031	-0.6746516750138492	0.7159193192650922	0.39762249390086135	-0.6036906483796047	-0.749593101228776	0.5402827947146159	0.08543085889959379	-0.234263138157908	0.2937502301540055	0.622627503388264	0.10689282199497727	0.08758872891167263	0.4547050625446986	-0.3088489309282738	0.8476151382155428	0.2426588578367769	0.42541061309676326	0.11934820194111162	-0.15620000050192612	0.2216810766311705	0.37176234467249214	0.1360591734612068	0.14615853193460912	-0.022189310894867267	0.13836945917109866	-0.23228507333945805	-0.17598897917043838	-0.2297192548214615	0.2290192342464761	-0.3791354107447455	0.4891744094612221	-0.22802118351128184	0.09924693103914141	0.06316625458315994	0.5011730973931574	-0.6298261870172726	-0.36250139181403235	0.4877475053835522	0.1237743452570521	-0.05148714695589187	0.45714839159107024	-0.2726995971801243	0.4767479376479454	-0.859459416459695	0.5656209496813437	0.7060981153654438	0.1389647871699905	-1.0482872911938363	0.7100421568557254	-0.06667196509583752	0.1696174423379783	0.549232227754216	0.3835164442695861	0.46564470556688886	0.08877426556445703	-0.37933398298878385	0.010953923320623355	0.3115497950227911	0.3720212402999835	-0.36802966510944585	-0.27686537794228677	-0.029790546696467583	0.6100729383550176	0.36995111843172424	-0.10145420053187137	0.41232673318104185	-0.3173866672939183	0.00966763957035441	0.056026378003410725	-0.045621994558303056	0.08204342071025153
DTXSID3032389	-0.5970262153421002	-0.17150331777603772	4.226873597061029	-1.5120043395573712	-1.571570134233741	-1.763088029135216	0.032869877072184236	-0.8934862467829177	0.876238884857755	1.4393920236573354	0.7169835777110007	-0.27197860894906606	0.8753981266788674	-0.6162479950494196	-0.5473351750424369	0.3196137772405366	0.05800513420713647	0.4664640496147473	-0.5724209084077979	-0.8829675199455643	-0.5578546479344041	-0.4316079477049636	0.7555759192976562	0.0053606863104689985	-0.13223552591174073	-0.5922447273907959	0.22061423324898022	-0.26749584799637643	0.15743774212991257	-0.16756860613981372	-0.13419807497820052	0.7684311429235168	1.1688465104419694	0.006822843763837519	-1.716665506725338	-0.11870759372253416	0.5707835356357008	-1.3494752239744132	-0.6612536641434607	-1.0766775938623128	0.8688100094448785	-0.6259947119328501	0.5441651842207916	0.26204483541301005	0.7088700190985588	-0.7730974542727914	-0.9995947641456541	-0.2917535623072797	0.19496140025187333	0.23108418440932194	-0.13061105881098112	-0.9449753888288296	0.348772476879501	0.04979287676781071	0.2788432457328571	0.6241505568651722	0.493022352873857	-0.2944884033981532	0.7090931064046282	1.0695481314360724	-1.1916022927393002	0.5914809563586014	-0.20512910139306484	1.2947008565568614	-1.49367471634607	-0.13558460210861215	1.6410657142656722	-0.7350850520545779	0.6582158204539627	-0.7128433710443662	0.019855384814727286	-0.4794362627912577	-0.26674113604685534	0.6057332475797983	1.2795640520901057	-0.5818477746809715	0.8531745443110795	0.09080726808680419	0.1274164869398224	0.5512158657242833	-0.6453760209890167	0.2565352943927617	-0.44643749735492766	0.325422327576087	-0.3209261597993084	0.562191242564436	0.3266726365160531	0.3720341392891858	0.4723437505189694	-0.4647765717201774	0.7427438353938862	0.07031726253567261	0.014545765799867284	0.3025082787564882	-0.2585515639683392	0.2715504562231433	-0.11674958358503387	-0.4709113892556965	0.05390742571338782	0.3700988767957759
DTXSID4057710	22.93145503369867	6.335490648060878	-4.71032685171297	-7.3092248941687	3.07140566695716	0.3400459179820846	-2.2848978324405245	11.635767015875672	-6.731843570053397	1.862756362030068	2.104262359913665	-0.19876535100339263	1.2888638788816036	1.4391325156092323	4.048727701739845	-2.047256754699444	0.12031007091624651	0.42538066496028226	0.38659761590118147	-2.5191425643313874	2.04597133767399	-1.3476075952683322	-1.2678477467061033	0.2175400077341251	-0.4629402656766461	-0.18995102461623692	-2.4159049475600276	1.4481115872649797	-1.24616954466392	0.2673300672096527	-1.842962452962142	2.2976478934330657	0.33122845209772284	-0.8234023325506766	1.2353870542926593	5.084811073602865	-0.44122822943177026	0.3808306537483913	-1.5827646086495952	-1.0686781845976119	-0.10654030391735764	-0.10353723081982817	3.805277264120021	0.557367393518302	0.24116594038617092	-1.5776923882737994	-2.103192785309903	2.477885147220957	0.1648342996944851	1.091335796663338	0.6673391218901741	1.6515122417454278	1.6795492687126856	0.4051399075387494	0.7595832457263989	2.113213285218155	-1.1647067589668694	1.8792213710038004	2.4962673232746133	1.3063025306901517	0.9566803501194496	2.7104510686119134	-1.1406301294661187	-1.3968883932354086	0.20261683501234604	-0.9196124649122737	2.7640272176484872	0.34879550336847975	0.2648694106794909	4.174939452761537	-4.23909553436739	0.8576301776957332	-3.583267664855353	2.5406301732829637	2.8699526340632024	-0.32389032064112444	-4.915089082950171	2.310576027181802	-5.429050709958134	-0.40112127464850816	-1.0934500577328665	-4.26184106305754	-3.1989005847425465	-0.8873790862959932	2.1310417862072972	3.3334247362537943	-0.9898205998609357	-2.5379297309094	-1.345841122148709	-0.35025460180128687	-0.3727112431845705	0.4229353517406673	0.12589591896757488	-4.351423668978359	5.8729755024725385	0.4912550037660875	1.6627648799610273	2.3380994558053625	-0.7430381271540997	-1.9242620650695899
DTXSID9045390	4.0136163059783145	0.6103230039423317	1.6109037304617466	0.48339828926716055	-0.5596578932270622	-1.0796094285380355	-0.4137875238766072	1.7614704490575919	-0.05956219951926556	-1.0839832312963646	0.3038405248263033	0.22096606464788096	-0.7845208468717975	2.279325041156402	1.4636279034597726	1.0014520208845936	-0.9354755944802216	0.4067519632450317	-0.15651474025541876	-1.7484090196320794	-0.6434257255997204	-0.4647817075397708	1.0745018503764165	0.3959947347298717	-1.125388070151737	1.5846154093732079	0.14203034187464217	0.5865488647315558	-0.08004139201009801	-1.826506660210301	-1.852681857765247	-0.4939341002498665	-0.5587675783835969	0.054223479541243964	0.6105932400719404	-0.8912192077921084	-1.1562210666343484	0.4820720051303462	-1.2585328532615239	1.3693322241279409	0.5768114479373275	0.9991868585110479	0.7847969691722374	-0.525055847113344	0.1195249868256383	0.1645940658502127	-0.00822796811824468	-0.27458744243636357	0.12140916194164907	-0.6602333290534628	-0.12207027214632454	-0.21709019809690142	0.7083012310882996	-0.3016811121384059	-0.5130529093756648	-0.12647111279901413	-0.14625242734253938	1.5697482279824457	-0.5216298179238111	-0.6220255674618337	0.12093634739782841	-0.8537718306675663	-0.7853274163385942	0.21471632008754593	0.7812339246422212	0.14507453035591317	-0.35905998829548974	-1.4429975621292304	0.24251728403810377	-0.7770614793930964	1.615568581259303	0.122726311384791	-0.49776214435121935	-0.8025291184612446	-0.30406658030908695	0.37889305750860197	-0.007527956500149779	0.4549635135499933	-0.29968670726946134	0.35292449752611754	0.9203029454154572	0.5326647940267926	-0.4132992557216302	0.42619701730620724	0.3657973157386933	0.3321916425702432	0.25136966296884733	-0.04506387265226361	-0.5137954129154932	0.5832784027504055	1.341124967027539	0.5931370370767038	-0.9702298807028075	-0.2834713653130211	0.9550249406951804	0.669595592209139	0.9731328516708095	0.7982619557762709	-0.5654922115470573	0.4694476256066792
DTXSID9022815	31.599195612578104	12.550595395046082	-16.40324821191522	-5.820113047126788	-0.7624686024716155	2.6284436848959736	-5.61394940285392	-12.861246625160463	-8.477060135188422	6.0995159525834755	-13.688793508800526	-6.114348610442224	-2.6414933884547085	-1.8991864320846266	3.271177065198807	-2.260055990847386	-0.04206973796340741	-4.046949846853147	1.470049083605356	-0.38051571142211543	-1.1980948131997198	-0.5645078377519155	1.0933608088276607	-3.243564902723645	-3.577771797226439	2.635697303211704	-0.939153535150342	-0.9373371467508553	0.7090383362270576	-0.5454178887379509	0.909675175628616	4.937320914926088	0.3489688136476322	-1.3914233038874322	-2.1396255118179144	3.7469599629473294	2.4807342759781803	-0.4758789602360996	-0.8867958464256687	2.3408299368434116	-0.3184912545091568	-2.776417336448089	-1.388632105758863	-2.036370452912154	-1.7712680145213395	0.012545104666212089	0.7747007909953622	0.7595507060027867	2.4255241615750633	-0.2523554413504452	-0.43128653030521846	0.06993599455681687	-1.8382921994906152	-0.984136917801872	1.8825023516323713	-0.9522721069291332	-1.1189863699231615	-1.4893582330112558	0.2696199934268964	-0.702188837732439	1.8716016005455118	-1.3885986621490758	0.5371788491560413	-0.21091044533802095	-2.3693123775707856	0.9211725787323768	-1.298561682246347	-0.7303232120548893	0.1625758332269291	1.3939084024571287	1.0777577546969712	2.092368801428255	0.07377257608134659	-0.3620233510948645	0.9906884960053725	-0.28565189073413433	-0.4555851294344419	0.028546142458800147	0.3295457231371118	-0.3013533000133416	-0.38171615004928494	0.36360642055789083	-0.6212557582691633	0.619845302842172	0.750107471830198	-0.32880960493353667	-0.9274632756899123	0.6113122650251912	0.9002305227069612	0.31498386047864346	1.0040993850153546	1.3317900430574174	-0.06009944085161575	1.9433724276351856	0.7985020693851953	1.8510468294222546	0.11766004834485956	0.8600544357347835	-0.725613610976444	-0.14536619277895643
DTXSID8040145	-0.7441548577724091	3.4099880343209477	-1.0496326037426176	0.5325981455408493	1.8206648707235915	0.22952764292819086	-0.2457345650430687	-0.2910269677049259	1.3362509826845825	-1.71299954938802	-0.23862590708562728	-0.16640825733619233	-2.16288040822233	1.2546245919547983	1.2268036839328094	1.1930292835238048	3.68719892581253	-2.9341932360403207	-7.572288227781046	-2.017138118341489	1.3710924371720523	16.891355885597953	-5.325895864818663	2.022702949401444	-4.307646265873693	0.5883656747800489	-4.338362647863715	-2.17040138784544	1.6096190732303026	-1.8423526042252945	2.6119381127747547	-0.9907625054592308	3.478554306039294	3.252820100933909	0.8590559714707449	2.9737081660076834	3.6664869300207585	-1.1966595830828077	-2.8283423543992727	-3.4385090992998846	-0.8154092421705104	1.246296148440315	-2.6353515591535	5.637046182171165	3.1834600592958027	0.9401159386971923	1.1181548204318295	0.7235434536709247	1.8403716112731159	5.330158183474892	-0.22986089069974963	-2.0482639703363232	3.4636593853856645	-1.265472349527945	1.6919037738362106	-0.5417269628388254	2.548127370151373	1.6596879895182617	-0.2867985699338582	-1.9776107704033747	4.127248114705517	-2.2605177460583548	-0.5422522023935593	-1.153241474054166	1.1408704239464684	0.2768460252538996	0.7718049783072174	-0.17719878561911787	-1.942652512512639	1.1079308422740735	0.323613295225	-0.9073612945150304	0.48531695137605824	-1.6942149722833049	0.6059058895086715	-0.7222428595123244	0.6553018860238179	-0.022992312422083987	0.42733465939292914	-0.22599113828106313	0.22606361845122475	-0.014540383793642671	0.013994568772512877	-0.19169144204565475	0.2961248891082272	0.1281913974842332	0.48869405034984653	0.7832612439806548	-0.282609106084551	0.4114660713549982	1.3230415638350774	-0.13391701699083977	0.4679249364558414	0.1504121304943544	-0.9279549309993588	0.27896700064878255	1.518900020209515	-1.4448743040873868	0.48996217959609206	-1.3480991399400057
DTXSID5026918	-1.4362239547922262	-1.619128659747535	4.28681593472191	-4.097136575936368	-1.911402078420594	-3.0571052326012027	0.16642281302396403	-0.6003359349821169	1.043884853098223	1.0612351042695791	0.7221333738693959	0.5351770188478443	1.9529890110602381	-1.8072041136792663	-2.4834063496167706	-0.3799896147324434	-0.4230668806691537	-0.41748017095565876	-0.28156070997595356	0.6314751634060691	-0.18609936659460588	0.5142984597093	-0.7699445686072469	-0.016517956797584374	-0.8719375463645986	0.512460566715603	0.9576014437881741	0.22888924600626095	0.6222268110801746	0.5129371371667911	1.136765019066405	-1.1556297047940778	-0.5476139389469721	-0.6785833229534534	0.4021007482811909	0.5741768079688705	-0.562244058676688	0.442038109970432	0.2693794894692317	0.6048685518185146	0.2804125203652831	0.2314383264087775	-0.14667185360514023	0.0894810793925432	0.1948726570264452	0.19300204483028577	0.4083259089968325	-0.21009280033695032	0.12585706375101663	-0.3486219428129793	0.08937748171167922	0.0009003484428620501	-0.12470969030437115	0.19418098353531935	-0.14234961739969576	-0.2694831290263366	-0.1868433097071266	0.05508969520414574	0.009846252572473015	-0.13399258484003165	0.06421317657057225	-0.45637662418076924	-0.38663207003736905	0.11120541271676623	0.13330844662722394	0.5334735866384175	-0.1839180888326258	0.48380094469122775	-0.21231251056480624	-0.024498852384401863	0.6245865036962097	0.03524580176432376	0.18658969659380867	0.02852249196765105	0.3752885885430139	0.34081899448665215	0.29638108290696763	0.157049630528757	0.1689630327930258	0.23685645102846573	0.3938321345995665	0.1450959759030763	0.03334557952478437	-0.20176160715285874	0.010765307471371883	0.07365283257108536	0.1224704736678432	-0.24225369784020892	0.043195099620624684	0.05766520880384992	0.5237467120404938	0.1519486211613691	-0.016572529470512645	0.3897135317408897	-0.029098869667425746	0.4525293650766294	-0.0363566075034517	0.2937223871357398	0.23187231987385074	0.07786657470268352
DTXSID5022647	7.2897407072464455	2.3953209527389507	-5.527055686958569	-2.7641145474764093	1.9161380662277947	3.1292517163137945	1.9702409895180995	-2.1801031282866763	2.953209649052443	1.2597541767420992	-1.1534296694489707	-1.8769718424514563	-1.3843817580699513	1.0899604316201592	-0.524118841234235	-1.6142180831044306	4.8065209181534	1.2248969192405232	-2.385957406659988	-0.5758639506654836	4.590680926810578	-0.2585548964865636	-1.8386366089407449	1.0831891046595319	1.6359861614042608	1.9088306755204476	2.068281131266252	-0.13960946349207037	-0.34032624089735175	-0.8515878841165117	-1.9192762952601323	0.2935121369559624	-1.1515407742594155	-1.1960611823303122	-0.7338285030354998	-1.100233349743824	0.0434882305789243	-0.374130284591689	0.12058081181307809	0.2039486842207045	2.2634647867069453	3.1155173310824584	-0.16710081638032853	1.235917423046571	-0.8766889601953709	0.32465958747543827	-1.3803314524150574	0.3381683146973878	-0.43203227778005593	0.06282857858822732	0.08589751687233634	-0.5231620504943763	0.2144251792596534	1.0484031799634277	-1.6804175319060868	-1.4059068363060667	0.9331787935503052	-0.3168078960805658	-0.4567486384837862	-1.662794644363206	-1.0033691721106839	0.1808625414720487	1.021856920460203	-0.09223080538442376	-0.7332364997287134	-1.4711588422186042	-0.7380997524588195	0.32726665076094635	-0.3339897787036243	0.6503865744364004	-0.5763142349493968	1.5136688251451722	-0.23735348377169407	0.5932478372099587	0.8983424556328616	-0.1999327216181817	-0.08649752203519508	-1.6337940865915608	-0.8145184766085114	-1.314984772335511	0.34166715928415065	-0.672804064891924	-0.9698548082196425	0.7012904688618936	-0.6911850668555903	0.07953276692487259	-0.33700001821346093	0.7480708947910274	0.06552247544961252	-1.3193369606230922	-0.27509660440632216	0.15834532730962933	-0.34932764527148497	-0.778964851750451	-0.9819231164750137	-0.7338966313863392	-0.30643107215705334	-0.032332510269882375	0.3363970917770383	-0.32283204836163887
DTXSID2049008	12.329527736489231	0.38209547162459695	5.059825010179784	-10.088511961978325	-2.4028708584194454	-6.199691897481177	2.5715363169583494	2.5495408231555436	-1.5924057188827427	0.6761536315855741	-1.7011750873865346	4.156992103526309	-0.3692237173759002	0.3999522710069752	0.28738695210851856	0.8434476508684194	0.9645451765780563	8.008347999868827	2.1712552554486675	5.050842602413004	-1.3573074972777572	2.7233338512415144	3.3791196440914844	0.6209235864349867	-4.359176568401322	2.6184769744420633	-0.3727925154168764	3.324374966933505	-3.2314639522784874	1.0234433790289834	1.6326439910314685	-0.287331590482972	0.721562684716919	1.4867538136510412	-0.10436086616803293	-0.8722962395717692	-3.3448374248604584	-1.16238447368669	-1.0036669939734741	2.119843368937058	-0.8470600746226711	1.7817566664053335	2.5633004934236996	-0.30749091090147646	-0.7194691419560107	1.0543650690755397	0.1311941900376107	-0.6166371409430024	-0.16882755634170166	-1.2867339949549677	-0.0019129770036724221	-0.027061353670782096	0.47101838732926893	0.03780272415634063	-0.41900455319219626	-0.38845693903009265	-0.4578732329368982	0.93560030948885	-1.560549292257592	-2.5967955941308833	1.691034868145409	-1.7074308650729124	-0.8132288788909027	-1.9954421632388333	1.381698073837195	2.488052073933245	-2.4939560312282882	-1.2101880662386524	0.9306124115713595	1.1312288227788239	-1.3457145718223122	-2.6353033203697436	-1.0045853711961876	1.6697915546621274	0.937889048701053	-1.964952759001287	1.1895409390329466	-0.8075369630843559	-3.0919756506903004	1.1239895398362074	0.2607794611023418	1.6471288946486053	0.6084021510457928	-1.212509202819407	0.529084432088687	-2.415432413456322	0.33350435331377215	-1.6345625411828688	-0.4559588258516539	0.9593134860600776	-0.026766068582016668	0.43584737508402893	-0.5094976477569968	-0.32819866049957286	-0.4039571645213669	0.5928758092208255	0.5700500935705406	0.808158905850857	0.3042338470496096	-1.1272833877689798
DTXSID8024109	2.7791690692992996	3.724154749602341	-1.4816986032103332	-0.6917912794941176	1.6727745609771854	1.1541352711200468	-1.3052254556977496	-0.3352963051843135	3.0939457594300275	-0.5998612087806489	-0.2506813659027004	0.25332445483128585	0.9906661582840277	2.3941765725678033	0.30049338032530315	0.3980611460325792	0.4317615763147864	0.8472377724290122	0.9580684286269202	-1.1617650116527898	0.5690256947594654	-0.8103680251600185	0.6403554585940485	1.2181759677358706	-0.008844103367207735	-0.16293428245220165	0.2759890369370344	-0.3143669981629535	0.1628042773149944	0.2442864271032177	0.8918501549988372	-0.6073331206886324	0.3964772053799383	-0.1537712376287581	0.3732116906885421	0.7397830185049382	-0.04591700927825849	-0.031121833626734857	-0.32388629099695254	-0.042339415372178	0.448772301132292	0.2023094697231337	-0.16965611568703348	-0.06775911041847914	-0.2159785370128937	0.20218639396294202	-0.060836598562877826	-0.07106694687736313	-0.14596844621293256	0.06762832443835431	-0.10962613655194542	-0.09707961439697665	-0.04841999651560876	0.010177947066918595	-0.017204254118988644	-0.0020289071181769885	0.07432061170924317	0.11919377060912212	-0.5139979606226616	0.3285328203799156	-0.1898760216382555	-0.09464450823926418	-0.056252724633631936	-0.26852406639276316	-0.2786268602269275	-0.496347273377926	-0.1924955801048934	0.48633659457654416	-0.2971034961485303	-0.1411796509218251	0.17231855254773723	-0.46727522687978273	-0.42635108358673107	0.38260950096663376	-0.009791603899805405	0.3306630493962437	0.1256962631543206	1.4265452367567044	-0.10128360140566102	-0.4367274634921628	-0.6373136746656914	-0.6523191958893518	-0.08539799242137963	0.058504957037942944	0.11847934858137887	0.6202093863176006	0.8661710317959173	0.1524873823990913	-0.716615312894067	-0.20572347336227217	0.641013602785964	-1.561268896149565	0.05419412733762276	0.4606950783349005	-0.9371529290263871	0.13305914624939238	-0.29173379290116846	-0.20553213397283757	0.016098705961641754	-0.47229909867287645
DTXSID7043950	3.7085862066488224	-1.079846931356749	-7.510534672422786	-3.3984957035094285	-1.1103461177274079	2.2282363118468362	-5.453845329545134	-7.196133157779816	-5.323367357745617	-0.8918499328336359	-10.150081779030014	-3.6644656981878914	3.4534267415045097	-3.0639478333394337	1.7021568601705184	-0.5832448211472209	-1.9630356798192135	-1.2544378244939662	-0.5361292918695304	0.8708381283670353	0.8374311376899876	0.9164476776860674	1.131682834061233	-1.5757274418709537	0.9404588608855107	0.42645742306667833	1.5019032674794075	-0.389282401472794	0.13676550008833901	-0.017166219812319965	-0.4062633826112931	-0.7608494666513705	-0.20858851239958565	-0.021831880432805668	-0.13176160890914154	-1.1063097759739702	-1.1941941407475456	0.3947054283553978	-0.05944503815940861	0.26810331645631197	-0.11724389103131785	-0.4210175451282579	0.9728668329008964	0.2795418061471135	0.3955947516433667	-0.07340992518284166	-0.07845081530489588	-0.04710762365029799	0.22476312072947693	0.7366219954779506	0.288701868055472	-0.20721766950570825	1.0227015141697493	0.41160289763611774	0.4059571701264985	0.47892631989630474	0.8932688624954668	-0.2466571909382024	0.47797083090303394	0.21232128311855525	-0.21092365937282875	0.05552686914453434	-0.04302597129944772	1.2702913483663507	0.7920379296157003	-1.3536562041038276	0.19163611509500628	-0.7082330006458608	0.8044136432805806	-0.3443952828648611	-0.11041027322966265	-1.4456100315155886	0.7724491315378336	-1.1755472881839046	-0.17221818168518013	0.7726617724291379	1.044566190551426	-0.3078905067126537	0.2585995074406687	0.8592257309332442	0.8893261013908095	-0.382653702686514	0.9721872737088862	0.13949882810370434	1.2279728973670492	0.06050347445140324	-0.6952041452292609	0.2488590626752786	0.18970503760845353	0.6575263137053723	-0.5072527479325439	-0.028848840858836662	-0.08590645218352147	1.0075625263570716	0.9024888957890429	0.5442951387531948	-0.2189245392878807	0.3077875656472852	0.4000772840158481	0.18442671223897134
DTXSID2049050	13.650495895758015	4.305809249387476	-0.9093352641444402	0.7380101782957226	2.9974546073524704	-2.77997001954642	-0.14352141339635605	1.2762450937898848	0.7632270604168419	-1.956630964279336	0.49034671766719934	7.591441804828383	-2.994641093918651	0.6368122481201494	3.060093735075833	-1.4084260601090537	-3.137995406696244	-1.9467755781932161	1.0441376690382962	2.961891396128857	3.386646075684682	-0.5723900570925788	2.8104566108762694	1.1718110084431796	-0.6702875119858215	-0.5091876582446839	-1.9807230948982693	-0.4200667676032757	-0.9443694936367123	-0.24708868147483903	-2.005163662346104	-0.5872241134635953	-0.002564952812401954	-0.23507271478202027	-0.42548412958970977	0.27831493072551866	2.4145032696115534	-1.5269381371628763	-1.1606469740074474	-1.9098232420948509	0.7675047384228537	-0.16023450796774433	-0.48408670567144096	1.8653293139517728	-1.1690846994646922	-0.7104313520374236	0.7034626331397282	-1.1182013481639297	-0.3495401383045323	-0.18836563847588866	-0.08138540013700456	0.22398307210908458	-0.44007743987680603	-0.11131193862879186	0.8990774502422944	-2.079386641363963	-0.8319151857639596	0.36289242679218553	-0.38138264254752774	-0.06555835546348847	-0.6255259090004396	2.7079891511880527	-1.2102656447670517	1.4450449593027832	-1.8108662894373742	-1.5246291754821175	1.9830261207496045	0.1340276185930683	0.49907978987258655	-1.840817693863568	0.6020807240577571	-0.822087732472762	0.800220163509579	-1.7571959340529175	-0.48924905834118326	0.22861448372172916	0.22159706566634585	-2.0673947956718783	0.9026355707712315	-0.8473909565374333	1.0723833500158224	-0.2969739293120847	-0.44600753410143434	1.980656364759497	-0.032966752468643494	0.7024141836938512	-0.10374581062816227	-0.6208778817528513	0.6818638535580775	1.511017322925718	-1.0614655919287344	1.9170229275986432	0.6138436462475522	-1.0324008680169499	0.14627571776285456	-0.26056998962227984	-0.1282305615509906	0.31368592632384584	-1.076644647391094	-0.41955385021648783
DTXSID1049300	-1.6326099122528563	-1.578043041044788	-2.7200239633469994	-0.7507891851784009	0.8180362291469415	-0.7566406051490796	4.777079087313692	-2.038430225006661	-1.0503732943229678	-1.916674211252787	-1.369514102837027	-1.0062052439797202	-1.0372320551231773	-0.8219649608563049	-0.3026247489331171	-1.0402716059540198	2.1610596424868316	0.2566162868323502	-2.147789152405914	-0.065586329522472	-1.0346151361606464	-0.2520249465884641	-1.2586602494555654	0.36393888543665076	0.47045378657200454	-0.03658993452213839	0.32499084186684346	-1.362290880132996	-0.5666895397087595	-0.0315746975029799	-2.5370410352404513	2.271131550200165	0.12063824626873285	0.15767619365285532	1.8412765931938782	-0.3127305651611606	-0.34699596803281774	-0.1109951147030023	1.1640581783012547	-0.18397776047769085	-1.0882435155133932	0.5094484736227423	-0.04134207821880149	0.7688792858735523	-0.1355750047737038	0.02821134751246761	0.5129304320733478	-0.3009938256189813	-0.6209355422642038	0.6096210414828602	0.041247550476969895	-0.056745834092235006	0.07520813757648084	-0.011868125371581974	-0.530936818340103	0.5077002159575486	-0.8444080735533542	0.4185178943617566	-0.37979114299338734	0.8761741239123523	0.20180153322204356	1.5182151668870472	0.17635831971070118	0.8882809301564606	-0.06578243520663835	0.39547623766077133	0.218157120132403	-1.1089241051992074	-0.5215056803184207	-0.3254023448563292	-0.25663350589131445	0.5415664915968512	-0.6794031019291723	0.7460954786080196	0.26014479057978446	-0.4051352683131649	-1.1992967260746397	-1.372783554563806	-0.4635162173180269	-0.8106255957983061	-0.617018096278264	-0.5960863926992898	1.079671723559047	0.9631395701135215	-0.267351471588987	-0.25140687616618507	-0.7143203043751705	0.2802951363054704	0.38997068759543374	0.17950530304096543	-0.47794729825047	-0.957382744734936	-0.08227993132135637	-0.11770342090879793	0.3383968641375636	1.0293092696609154	-0.6548836269791839	-0.03057459844968112	-0.44714346592992227	0.19154352784106993
DTXSID1045291	4.983535269838469	4.934026113523249	-1.7194435569853248	2.5324274771989614	2.5612559751000004	-1.397926737821793	-2.980362245836053	-0.24741929822507155	2.1548731969240613	-0.5072825382347512	-4.418651686463381	0.04088049801341683	3.6326717086964253	0.026915045986442777	0.2992086585313075	-1.520697637091145	-0.41409303757381094	0.0337631767613679	0.11675482788749023	0.9099823915959631	0.5898867868635771	1.3200844049399543	0.5255454629567662	-0.27155599479395554	1.4975927619435323	1.3353955255761567	1.0346428248929262	1.4223641920368955	0.7281878771768614	-0.45537286353900625	0.022244127444784215	-0.9243327079586175	-2.532750502893973	-0.49304524480755546	1.6688411384348638	-0.07525401633792875	-1.8087825063306702	-1.6342127802597244	-2.829830173617565	-0.21145887623324988	-2.447421050074588	-0.45327509460122334	-0.8062268471167472	-1.0522622988828614	0.26184454081135994	-0.89237071388662	-0.8487099156545708	-1.1430095038601724	-0.08965526833558128	-0.1388635136247059	-0.204311632979367	-3.599958429673962	-1.0092759907815856	0.3271752931609631	0.8494935033654176	1.7539950703587552	-1.5742093907199606	0.8734201621255442	-1.8218106931322575	2.7135057028152985	1.1568847913578513	-1.1354243626437057	-1.3163146549323281	-0.44713271027084217	0.16128197403512348	-1.7721688576055254	0.2529132155527424	0.9756956934219697	0.9114335051657085	0.3246932538475969	-2.2476175768690396	0.6756212634077332	0.0602856770914369	-0.8281955771229182	0.0540460212710163	0.007888284310371566	1.177726468825493	1.0044188193188068	-0.08176198480251035	0.8922591087611558	-1.2347452694339787	-0.3619774566524743	-0.21863555081052355	-0.6390354989982625	0.11244775558505085	0.6947061158563701	1.1394573039382938	-0.7211352659823167	-0.6942222251391098	0.15748844583259286	-0.6295830933276115	0.16364094304496424	-1.3398975668010973	1.6453123446084628	-0.5997271210176707	1.5505713370449254	0.6826120100871077	0.8862776919847978	0.2470345395503495	0.35543674174275824
DTXSID4049242	1.1004222277197366	-3.5651304022654413	-1.483854557028356	-0.3189310900130259	2.6735718999666354	-0.5110938895860764	-0.4783404121000833	0.8696312191731587	0.9117167175641141	-1.9831841069243614	1.563107493571306	-1.203346952361371	1.4471965038609136	0.5552404668882333	3.377667830242316	-2.025262067004443	0.2821371082939132	0.13021886810573702	-0.1673215123071282	2.216201949692331	1.562375251245635	-0.5626389964774334	0.9990542259221586	0.8824197292075785	-0.38688416281286697	-0.15042360540851799	-0.7739491219139738	-0.4894086206712613	-1.391784265168246	0.1407562392616515	-0.4205960466082981	-0.00586885084875027	-0.19293982820319613	0.2818760450349323	0.055074485523378874	0.12368305581129084	0.9837306334222116	-0.4912557041463244	-0.17085429818175743	-0.421221997373155	-0.08415730883450026	-0.6333864455742596	-1.4054001206185056	-0.38887570865356424	0.10781002151390139	-0.04058046604083051	0.6893132624981579	-0.4627825927159014	0.2668727344745262	-0.16670882384216357	-0.10579313705530972	-3.82400362500407e-05	-0.31542752722259354	-0.5352770726352989	0.5859156823926414	-0.6176330162200643	-0.3965121515342633	-0.46535308835846556	-0.16599554230521216	0.22752012149510126	-0.11697768883715114	-0.1716127443615669	-0.06341535934432342	0.5213119210164219	-0.5496904114076921	-0.41654804547897106	-0.404981069399558	0.24816355086819666	-0.2889858967152659	-0.5559387496501529	0.842830489934126	-0.15933726659566078	0.19176980098728447	-0.31060129609359194	-0.759046963522242	-0.4762307801325204	-0.6354285828205969	-0.2665129016551216	3.035395276748919	-0.5517179876102909	-0.7098593576936066	0.2190932689014913	0.08238761282084804	-0.4847752130596807	-0.7998416546722987	3.9224499543913804	-1.1425168670861785	0.2408819673212701	-0.8006224950855118	0.38901506093891836	-1.1807256005716247	0.3757368198484462	-1.184727443167468	1.4334653556471055	-0.15270178789313657	1.1272840663208286	0.7100331408520232	0.3400802401629175	0.6055582382936063	-0.2602830367097161
DTXSID1020803	5.171924157621247	2.221336865562672	-4.002486742320082	1.9574820967365696	3.3854220704675795	-0.14659669991719174	3.704655835659552	0.6951201738786145	0.6949611208275189	-0.4884430758042606	-0.41970378486979465	0.7570795990806348	-0.5347935399369882	-0.5038847638794973	0.49042884774542045	-1.2478733854143582	0.6497512642043726	1.0273841263704784	-3.179135035339111	-0.4333068736185394	1.6210627335755508	-1.513821893421515	1.1558708400333737	-0.09495096070820652	1.3795384318151203	1.8227243839179275	0.6990263749726107	4.700335093669866	-0.5412951035902356	-0.513185758453125	-0.7649814642305666	-2.2326856900434255	2.1162025554641923	0.8213142383964354	-0.7083468184427062	-0.48668869210665355	-0.48832190278883764	2.483988143944594	-0.927548419467626	1.173308825658884	-1.0164097892146822	0.37789959009775614	-0.9496099425276953	-2.508075300084879	0.43925447650638355	-0.06199788019661285	-0.333080278875984	-0.8356620867685983	0.3448904581644884	-0.5269845283742981	0.16290833199378302	-0.505106658829359	-0.15449648637294353	-0.21376683677528904	1.961113705646306	-0.5780472317761299	2.204007629540587	3.3140099307112525	0.9466721686550424	-1.8642177671480584	-0.8531149243012637	-1.4524582383766442	1.0609415429331663	1.6726092637399705	0.6733530714118804	-1.002594349644127	-1.0391103583649044	1.3021236208702984	-0.7342892495443332	-1.8778037157942864	1.8862017098011565	1.6753149984271605	-1.0479518757233164	-0.24408419696389963	1.874087085300437	-1.3600842746067687	1.0203499335917494	1.0773468631005743	-0.5854436618583878	2.7519750086302555	1.0341309172416517	0.13173377994998148	0.7262473535531169	-0.08987676437876957	-0.138207385291127	-0.062462601993027306	1.5477233111635003	-0.6133769945778331	-1.3022881486668205	0.7681229859945695	1.146077615153298	0.4293199293626624	0.4805951778194407	-1.0349619038475186	-1.432818011429968	0.7868240846033812	-0.49844612361433493	0.26996810545884287	0.20079134123278197	-0.5998747228883055
DTXSID6048676	11.945612282234775	0.24062722424008995	-0.8452883518136738	2.438482422974355	3.969013325911312	-2.061528610011938	0.9151156820518052	3.828722520696654	3.755718139784501	-1.0109690213833882	-4.706090587492512	0.41958854426643716	0.436705220986512	0.3848745129724438	4.7376617230490075	-0.8489042524484656	-1.8318825638903495	0.14998654975279177	3.0213736031546805	4.770087148441381	2.318707017864698	-0.10162858612369217	0.009192484094009922	1.988413361803964	1.0505747138990296	0.00860791783684431	-0.967475407332613	-1.284052660595201	-1.3085030506310755	1.1612207388053069	1.2072586970214747	-1.976125221589208	-2.598489084028982	-0.413422498549854	2.8516187993344944	0.4097044403274821	4.1570809750937965	-0.29123114307845765	0.72133199091714	0.32475679626049503	-1.5579926281068452	2.017821522162167	0.006263906491712901	2.5695337492423187	-0.24689599362705306	-0.736125778473394	-0.7560983677114428	-0.7773752997207649	-0.7625522257598567	0.19054734024560477	0.7302528725262598	1.2893385821483645	0.033095767656322335	1.8062501095115044	-0.8867814789302986	0.811591883473035	1.5597684045274287	1.2530168498183636	-1.2780146971350417	1.8357466416585213	-2.926190740671944	0.6057084445566558	-0.24631174443989626	3.1505253828223667	-1.0168444771818557	3.4768102047761182	1.8595791310668837	0.8846754469845849	-1.3126937452101877	1.4884979738578925	1.8936130835812428	0.9340525470870632	2.0392244569353126	-3.7085946682580118	1.157786071041178	-1.4450272511402855	-4.038443152689173	1.9680689140841587	-0.16895255336851647	3.508567373406381	-0.13867825166913164	0.5739090629874134	1.547070480384252	2.279815727626313	-0.9331078530587147	-1.0666811193375973	-0.5388656366822482	2.4065422870900983	0.25500904967316795	0.8090396703015755	-1.5613285242626083	0.8267581770305625	-0.2185170569301995	0.2762763104103177	0.6355981105967505	0.37777964358717825	0.0657353849792921	0.12333756518582759	-0.6411884943387232	-0.3251718624935198
DTXSID7045992	-2.344274489475125	0.18629208786084828	0.44767013115751836	0.9591453445456606	-1.9092178922305667	-1.2171508008633802	-0.6494661063497946	-0.015148781484290625	1.4309167671322574	-0.41399322341263545	0.9572096697845041	-0.09909964156049164	-0.3471727300474371	0.7759679913191909	1.5142233898552602	1.6443610343070907	-0.956853031916427	1.1296114641864692	-1.318397689247813	-1.3194634851280156	-0.5237033517454337	-0.7744870147934788	0.19312713834998324	0.28905093984232355	-1.1920405487288004	0.43167142451843477	0.009031047928706145	-0.09838264172308193	-0.24582608804817613	-1.0862683368744777	-1.4120586968492554	-0.587868440231697	-0.4843418195764989	0.29755387168622716	0.08306988966834221	-0.8857974950913656	-1.329893167055265	0.2670310721961115	-0.918327623090164	1.5373171575824713	0.15288625496723543	0.8391756052688676	0.6630516770904865	-0.758146545362785	0.1889128498109228	0.13252267418107377	-0.3444878930888392	-0.4058292253723727	0.05386766200789748	-0.49551425614667477	-0.033558591293605666	-0.4841896144967923	0.47615923138476307	-0.1299159727731707	-0.2962141222480563	0.05816404475589129	0.2561149890110227	1.2184443637854063	-0.20719465970150713	-0.28903490352521516	0.4820208766459326	-1.0068780267187758	-0.8517102078844033	0.3523513991790013	0.8121972559724615	0.946314205448134	-0.44613814467846985	-1.1034816154133025	0.29623522805961033	-0.5780304470874763	1.6469274462453858	0.24251284231017303	-0.36364890814990886	-0.3078890669189059	0.832779615674772	-0.5699215600447519	0.6109870312242656	0.0027120080647355604	-0.47319870195187813	0.24710108622211907	0.9377193127728888	0.19705639090487212	-0.5398064252281602	0.021137341367176078	0.5732877110569161	0.9252691938742165	0.10875437919369275	-0.9794788297157686	-0.2951439893431963	0.11379309809386844	0.5427437501716809	-0.09091008816210648	-0.2211913972698692	-0.20623244656484233	0.4160378777420228	0.15456857922080144	-0.27697568798751093	0.045135513887110665	-0.34878329351579723	0.1679401763216062
DTXSID5046275	1.8645821523403614	-0.4264284451842808	-3.975440131872368	-0.8510888628423221	4.392347457005904	-1.205375075243129	-1.3208205625359413	0.3361567382889052	-0.39893308362656504	1.5584439035196362	1.4406355984536807	-2.1103187708007236	0.6751011807229587	-0.3372504098138028	0.6665374794213386	-2.3300932118818367	2.355691984444068	0.7656147303237807	-1.8132314524511124	0.25503727376154006	2.2751942957920352	0.2045991558598442	-1.4919619145181557	0.2679159649013315	0.992089824891653	1.2828859928219596	1.0811967837795537	-0.027782724174174434	-0.9069250696334851	0.03168223523924396	-1.411205933501906	0.6199866624406075	-0.1736046777800845	-0.345403080986378	0.4826098166369327	-1.0325314981955251	-0.07482644314257654	-0.6801945466445538	0.9969361061514098	0.36674819252212687	1.1337966675074955	1.8201569633485097	-0.5534955893069146	1.2364675293812226	-0.15724364149407505	0.08146337662510121	-0.5820695412544427	-0.2779770481713228	0.028203348011074564	0.17486625232681124	0.33278385277944406	-0.45207360881189573	0.4297963823243931	0.6566417656993047	-0.6455838025480704	-0.9239378091577021	0.7920229480847347	-0.8164064727528523	0.05250602490266883	-0.34425120965409484	-0.8031972989646937	-0.08201725742644646	0.23983434552756538	0.3183166603885006	-0.2640579620963723	-0.5275969975301823	-0.7154426064293711	0.6592799941744588	0.2916928060536445	0.4705919611038159	-0.15108786513116396	1.3240551322861167	-0.5634500054651781	0.8730067403594178	0.06974486608178343	0.031183683220340326	-0.7022465652714329	-0.17812575486791532	-0.3516286532952548	-0.8283430242546498	0.3364730351792362	-0.4477992784189682	0.29961651248272214	0.7257942116934238	-0.8505014740593169	0.35932482009335004	-0.21222928974006267	-0.5910260259720935	-0.6659101633568311	-0.7585516331344507	0.5216019166165556	0.18798268416664277	-0.30164159765069803	-0.028398911900408334	0.2258036933805142	-0.07237469585496459	-0.6541433049500819	-0.49948705301064894	0.03626676305179691	-0.0027692940310197036
DTXSID1032355	-0.14431432470254354	0.5308394047853248	0.21982560948831745	1.4829859217176382	1.3692789488611627	0.21647356364702508	0.19390295980804592	2.8696796789334647	1.4380922955709394	-1.715357350099333	-0.9553598123801331	0.737663372395095	-0.09049051541407777	0.38241482575930247	1.4311368471841426	-0.7336085506496912	0.39060462596512147	0.7627995236208254	-0.6222290464858948	0.1498191474017181	1.337280969317828	-1.8934786478467809	0.6571787603692376	1.1474909217268328	-0.5754128526538075	4.326061462355706	-4.111640935352526	-1.278616343084137	9.935048084820195	5.064277024194351	-1.1911859372857254	1.5352606981101908	0.6710684478581168	0.5340606479322614	-0.7014267333457644	-2.3372924664836985	-2.073422434073612	0.006810838024230121	0.9334068835064456	0.8380178182182823	-0.9540699838626702	0.4440343217085404	0.6693787706770432	0.08041773870449706	-0.33576710568972473	-0.541644175659853	-0.15380850101373544	-0.5085329224760986	0.0932437582183563	0.4491987514072662	0.07563308415341244	-0.33360965904011186	0.2682363637497656	-0.6967816312115308	-0.49113371152968793	1.1128118851332482	-0.45750612783875444	-0.5041978786473523	-0.006385692833607204	-1.0861487474927431	1.0901229295596633	-1.2881434250121597	-0.14827143869197043	-0.5969422874912009	1.2843620484490843	-0.09123842463792053	-0.7099475051752893	-0.8872257297583652	0.9815466921931376	0.8845519030733312	-1.049655040863907	-1.6051529292908675	-0.5019072686333558	3.999745145785773	0.2916222343160818	-0.15972712739608153	-2.2446348875297515	-0.1383259305194112	7.412661420564623	6.237892944967221	-0.6625049411558798	-4.7165966667300285	-3.5715357481486936	5.026433033042945	1.083422498931193	-1.5837334299434884	1.13079597932842	-2.048855206052899	-0.9805899822142385	-0.19016817523692453	-0.5958548952872684	0.49855365677743185	-0.2057063517984441	0.1102589942915609	-0.31577256040333085	-0.024125985526436088	-0.2978596401473924	-0.1606257346017689	0.6147347320532605	0.05904086924495871
DTXSID9022782	8.762609702259605	1.0269441233841585	-3.8882598363209415	3.076707720502459	5.356856553322203	-1.5336388830931944	2.82043198527497	5.119819544702126	-1.7002129033112807	-3.8913052059304554	2.5624239604615426	-1.6470673812410188	1.304574259584258	-1.8081247360666166	2.3645546449248456	-3.074114041929631	1.0759679923571233	-1.6014063729571597	-2.8323268760650806	1.1095057416581309	-3.002348906921086	-0.4228289995687057	5.306635639053472	-3.431534345156206	3.4802818526458132	8.120996443837287	-1.041209225984014	3.863622614752201	-5.966153657540344	3.986095821897616	0.734063828760378	-5.954207337474982	0.08578143015651572	6.210544198625524	0.3707262946123685	0.7384482674131514	0.6489013290566635	-14.074983483195975	0.7995450889602281	2.210673489928829	3.7504064400951513	-1.3995843412275315	3.0326618208737424	6.47132897263124	-12.480049629833735	30.37822007730752	6.052946573787545	-8.598226304357999	3.6909730117063844	8.670451260111891	-32.60076578305737	4.712755376215593	-19.073532040316664	-4.221924306291319	-18.629641386816118	10.147066665981495	2.6356969897701883	4.734844695804576	22.461491102732676	6.038311196636646	2.919782080403764	-7.640241109254166	-2.004415957678161	-1.639671804132536	6.005233488078388	-5.601990558728202	9.553494707300374	0.38350316483483593	2.4065429309638935	-1.3104911752307589	0.09246573861400553	3.004926810210483	6.999525510503084	1.263672841272611	3.398077327153364	2.976475381565185	-0.6900971759964227	1.6814911862446316	-2.5596107438150475	2.8546763055782867	1.8864168248089541	-1.0901073395862633	0.6319259933443274	-0.1472831252772247	1.0774294004011526	0.5804226478962511	1.6057417411568493	0.10985997813732497	-0.28004419854812374	0.24946594616867016	-1.4072152765670858	-0.565223821545778	0.8063511284986898	-1.5201449476887174	-0.333860986235315	1.4662510517234988	-0.16357348741694358	-0.34610524990352876	-1.4549424597753537	0.2780909340360779
DTXSID3029655	-2.005830862755817	-3.595576594724069	1.5143808475118576	0.27395161933983947	-1.7731248874527015	-0.7880652977161583	0.800515118348105	-0.15892329463047095	2.0054333963927204	1.0547308700667801	-0.31495936802520574	-0.6046553364778764	0.4811210778375373	-1.3179239203085376	2.03541163707583	0.4028431067133953	-1.4493200132220567	0.232020839587654	0.0017423123998442965	1.5170925494232246	1.99331655422762	-0.501945682840362	0.5893882999073145	-0.6013849024855527	0.48095204934258134	-0.7941794366869313	-1.80240335144838	-1.0687300890361136	0.44102916645569085	0.16688809098166527	-0.2244255854766046	-0.49947603674049296	-0.05254670633302757	-0.6953718382075786	0.067772410971092	1.0425587938755114	1.313870442780863	-0.156623298930351	-0.41774733210233267	-1.1997256393492501	0.6595400597612996	0.007515597245578815	-0.4746883635070685	0.087456309610722	0.05881523639868332	0.4890276184139885	-0.18644274849716777	-0.08339723750636904	0.19532149483141645	-0.058892108750000276	-0.02091303241973774	0.08152096569385012	-0.34419771454338266	0.4784437171751709	0.5479371805428777	-1.0227996478598067	0.315990826628401	0.234589281451651	-0.28127855259586004	1.680638594469958	-0.758915530924513	1.3489229651028911	-0.4875767506901573	0.37728641851186207	-1.2871997417807073	-0.40654009596462753	0.7162903912298573	1.0176233963034187	0.14162355736818633	-0.38167014995628	1.8040010857525846	0.49804734885262625	0.5544529614821196	-1.6059158151363226	-0.27992648641929446	-0.35129809938022116	0.8654787099591683	-1.0393115078512338	-1.1767386704913212	-0.8644375024684645	0.5184236769056065	-1.4347462883703812	-1.2471905214054404	0.9803691255303778	1.2067769353514173	-2.3918284850065943	0.6664202726469561	-1.5564341651637374	0.26112341947538176	-0.5253274997982361	0.9296396044552382	-0.40878257754183994	1.1757993253047851	-0.4760732532106261	-0.1611586549906322	-0.28093236165007923	-0.5256760892612176	-0.21567762501623813	-0.16431251383416864	0.3675254151206677
DTXSID7023643	-1.5392409941893708	-3.5087650802420907	2.6398799782006064	0.5539225533620614	-1.0753948085640888	0.3245807110674437	-0.17020141596172011	-1.1558399060427007	0.5938591646979092	1.2302626887318984	-0.16533004050813266	-0.2275807864689602	0.7548795112655532	-0.14352584133779292	0.6448538171440094	0.27869327795488263	0.2880898222401591	1.0615603025749931	-0.08367067621521151	-1.0661888316528871	0.16600319620699214	-0.46736320486285726	-0.7022719103124814	-0.1298959340325835	-0.07869637897445772	-0.024901127771583362	-0.9760384405306525	-0.08546172277263482	0.3604313150390251	-0.4397125743359497	-0.37037897569792927	-0.5211642248383385	-0.6711908496592628	-0.3795273496501247	0.18665833157396203	0.8644402267352405	0.26770593256235714	0.4343893096029231	-0.11666910475294304	0.24743844027937428	0.07894699224379652	-0.1048521056357781	0.1018898920879451	-0.20780424066796777	0.24024756816242113	0.08034240192388083	-0.45148538701480095	-0.11429058565298938	0.20796007476244785	-0.016734177241100327	-0.02422735616391626	-0.09897755989672329	0.08489059366310159	-0.1687620503077896	-0.15674809359095804	-0.382490998897121	0.0607955290013043	-0.1775284239411199	0.4687520677659657	0.5786981192005507	-0.2196560019971426	-0.1324091125212784	0.08667973821507714	-0.18034481894396062	-0.2505592229084053	0.3098220832595477	0.33222378522238494	-0.13759828501380403	-0.08601719748275029	-0.36813186407629594	0.6195892328583202	-0.3838193976178582	-0.13868046119364968	0.48993845669229596	0.005740681027554764	-0.27213894356708873	0.48031936092012445	-0.13395800761931206	-0.07083016574171931	-0.5613832420722511	-0.7993122929926616	-0.6208527058791714	-0.6064733708601713	-0.2877643445867584	0.3248041478056345	0.6278584814319952	0.7849663074114431	-0.17857912053113062	-0.3591559385436481	-0.2082121062280787	0.17360485957719524	-0.1955800297159245	-0.3176929441937087	-0.030816759058611646	0.7681029413440353	0.4607382106084215	-0.25827251360035797	-0.5350593069809628	-0.8113441764115226	0.8098992470953227
DTXSID5027489	1.2789788226079304	-3.392288512272378	0.07572815338479878	-1.4446006945043444	-2.460501748431316	-1.1925775881432386	0.47423374816033304	2.023654279598408	-0.3203028560883163	-1.3945300054030003	-1.1697150358298751	1.0761702134197915	-1.6085424623712423	2.4477923976554217	2.1131716631607156	-0.507638595158431	-0.004805967373684219	0.6587217200218015	1.754219543868806	-0.36476199923186325	0.30915067378013905	0.18591547006754525	-0.5417598655586531	-0.6836240561927253	1.534024250341852	1.1702392166866478	2.38914471231701	-0.3428573701090225	0.5652146945743687	-0.5084670638799943	2.3935000169552842	1.21296335023865	-1.4698280200988958	1.037285915707363	-1.168685887293564	-0.9245851559242207	-0.19843476400127313	1.2418456782247764	-0.2681448850827797	-0.6769937100996664	-0.7293697320900879	-0.6198364689214997	1.0446488775527294	0.8460122644740531	0.4048212905720027	0.6933337012891712	1.1411707918440883	0.9399786918755343	-0.3192767547610019	0.44494672351702164	-0.10845723663928188	1.0162544467553798	0.09301537696844844	0.06856849026832001	0.5489337510449059	-0.8441591475359934	0.3814340079122142	-0.58284905738054	-0.06497020263291729	0.08445604057390428	1.5350203862637664	-0.24564271835590032	-0.10579971384610737	1.3738906539262843	0.6992031357548615	-0.3869905115193996	0.38577112092381677	0.20400191161224135	-1.2864334983627648	-0.6983835885222937	-1.084868675525828	1.294341247387011	-1.0224116367527922	-0.17235137863004382	0.63691971735961	-0.32086457036049065	-0.32369907459190966	-0.668820576990793	1.0548759392403546	-0.6166225652510499	0.24179259440144174	0.04958851561320191	0.7175694543470545	-0.8796022502368586	-0.7775167796190989	-0.9049987447979105	0.22098359207594737	0.0869793931766924	0.10520627919645373	-0.4519893905809137	-0.2732104675042776	-0.1999341514382489	0.538241534187897	0.27353015345065085	-0.20937069961788607	0.2044237573839938	0.38226557111025317	0.29051098607465653	-0.5867465727481713	-0.2067935043583048
DTXSID8046909	17.38082434327949	0.11236680203929915	-7.816579541830353	2.419181275641237	6.65720277459091	-2.475277349465114	5.4724012309517684	3.9498182954471748	-3.788936150922229	0.7700584507928939	2.2719199274120205	-1.0166104192992238	1.1105034013678348	-0.1362886027508926	1.3798708924677916	-4.409239916191697	1.2180442415249786	-2.0682204070429604	-2.4403247461790984	1.095603015209263	-3.8523090006476766	0.1685634721925475	6.351216226754751	-4.462974549617788	3.911283952523862	7.5009033037930894	-2.496323510921035	4.8478581058885135	-6.197975019649158	4.577802316683517	1.5605181466472755	-4.717983349208728	-0.03278643202650729	3.844644978413775	-2.192254263097389	-1.4098357864625286	3.3215930565173717	-14.983402760651718	1.3274761344326846	2.0101214769936906	-2.6572626411173856	-3.1683367304270607	4.259023319289821	-0.7442856723538719	-9.988133043599214	28.54860320272886	9.05838658430089	-13.127987857290337	0.8426063366226566	15.262044977602809	-31.70735900321034	6.586965309698793	-18.010392532820735	-1.4660135957214282	-16.291167079113155	8.997791257171139	5.354673278807714	10.035593114123543	24.17272085709116	0.4976437950575589	-0.30302551742930234	-6.449242438208883	-1.8385653933752915	-2.072509308894562	6.035037161430342	-6.972758806655749	7.91072075082135	4.192141995287265	1.4530110128929639	-3.6155165578231307	-0.023644726385851935	4.037113199123733	5.144300367951695	0.740765851736523	2.715297868980871	2.968784353546837	-1.4252909219205636	1.7764992377613786	-2.5292103448564034	4.533445665352777	0.8093690854536614	-0.7150970791216974	2.082552196926747	0.027079898007889996	1.1859319150775551	-0.46953358252346844	2.2446122400972643	1.8463170804804059	0.23504865355096824	1.086808244176505	-0.7873868687651789	-1.4887493284492126	1.512156446425865	-1.9081239467238311	-1.3452304026469564	1.333925144521058	0.8105361822062448	-0.36776830194510157	-1.1615700190373486	0.6740200441745887
DTXSID2045105	1.8145023372265237	5.79951574052042	2.7113341909369044	0.6238050237982353	-2.5663168580359215	-0.22083592872894714	0.47500183074071567	0.20442244612283125	1.416032629409224	0.5776091513892615	1.9363862508214298	-0.6314848929153598	-0.5595225896825164	-1.8197098149169926	0.324125684383136	0.5942939461195904	-1.5021805762452896	-0.6052722200513372	-0.16056233598014674	-0.4140463996898589	-0.6596685651487608	0.17788426874373894	-0.13647489595950404	-0.48779772916183567	-0.8342682818165316	0.16513847556188907	0.15328913384750814	2.131214141254399	-0.18925052493937167	-0.5457004331968353	-0.10446390382312042	0.9988968118621234	1.3559666552852119	0.12392449624646266	-1.003030567158323	-0.8103150058924832	-0.3775633934887839	-0.2699598952951626	0.6761758468140852	-0.6679813798801832	0.5084894670983743	0.4512758765442665	-0.5819974263133865	0.34948264328485584	-0.543540190782193	0.729860005381795	0.07007323526521801	-0.059721765206707834	0.2996771424119871	-0.1044869756822104	0.1369154756549844	0.25565245982366386	0.10562053710736599	0.3389443770223103	0.39366430579308725	-0.1641332917882365	0.5591256165155685	0.7950718601283632	-0.6491399587360606	-0.4130234286591229	-0.11041611255630172	0.8640799476695118	-0.6753591371850094	-0.2896602331738664	-0.311682769270107	-0.7581671913611161	0.5126913543553705	0.06748875062975027	0.38721051341533635	0.343671278591207	-0.40064089587163965	-0.03410697783505537	-0.3824212246718796	-0.8930541061850241	-0.9635525304022281	0.46999858270312833	0.08723605037219334	1.005357314507551	0.9117460994539889	-0.3525371176251206	-0.3653954368913523	0.1278517862086004	-0.5124356811837785	0.020953475179577248	-0.906630497693035	-0.3559426146214624	-0.09776470548377042	0.3053302319987925	0.4232429237053384	-0.8748048692344716	-0.07863767696222938	-0.10276610478042479	-0.2325782360443674	-0.03092722809621493	0.8128065827250074	0.018453023212716517	0.3604592347941893	0.250302913167541	-0.019909070100621526	-0.3949396289554196
DTXSID4048935	6.23409739307454	4.163885230638365	1.8580736506865263	1.0757944340942034	-0.13936363314779512	-1.1888997528191438	3.5371004413672917	3.884659871850172	2.352351493467836	-0.6089614813959036	-0.36925887394604456	0.0014207870044308313	-0.9283119499134688	0.0048617415076886135	4.698924614863927	-1.1328415158779699	-2.81162226252719	-0.4592516932125147	-1.233569202515543	3.2267646288421252	0.9814746666174572	-1.561587277633697	4.396646379880777	0.3624279598499942	0.31889842633902477	2.607263216193993	-1.3096835789682137	1.4408595968530946	-1.0391598153013168	-0.8517768790992677	-1.611225450421667	-2.3478185257025976	-0.07057643931546721	2.808553313506308	2.2780209849371214	3.126153000908508	2.7262448414654115	0.5555672770555893	-1.642737093370256	-0.7639482798927957	4.858742370772765	-1.4123311163143777	-2.370878881390774	4.643187398138606	0.4217524636865237	-0.17674521742172103	-0.43880745043451574	0.6996559033341858	-1.2952732135588287	-2.4308237179441696	0.2922003270493459	0.3528134829452785	-1.2756732583175407	2.844323416405601	-1.271358186040145	-2.1933308831920217	-1.3283892192849573	-2.291740057761811	-0.1846240280324645	5.1657619217817174	1.4777729262351238	0.4032414454587024	-0.001133747000405243	0.5917246845843092	1.1115923634034677	-0.7455889773215633	2.0270714809655446	-0.5254200422554717	-0.5477497329380046	0.15371785800798796	0.9658977634406257	0.5218097081234546	1.7911985763587037	-1.9864625805762308	-0.2637214791170633	-0.009147845220681882	-0.9328971132598816	-1.2731621354046168	0.9738768369357195	1.6731053823034117	1.4248888409386797	-1.1767073358499023	0.8858765330252167	0.6899720794717313	-0.6474989164860561	0.32868018545026934	-1.0194595899758052	0.5433223553358011	-0.5156260869333446	0.5245950407059804	-1.2540678903508637	1.0595448511149896	0.5024170650154529	-0.35841686514989685	-0.11661601628789445	0.18472137799985044	0.46608274130547533	0.2238458311145814	-1.1926484480525053	0.4828252577554082
DTXSID5021334	-1.0706702681290612	-2.7682497564351127	-5.210448965933147	-1.4545327089516153	4.558919149374672	0.5571159713261112	-0.8014859409504883	-4.01071069152422	-0.23608627607711433	0.38014183043386585	0.704164827010687	8.692143097884541	-1.1157061016175749	-2.9106103576537508	0.25359565755680674	-0.8172944789350948	-0.02857038997085326	0.3981973240309725	-1.0476140336648525	-0.25950776764891786	-0.4381730470326218	0.8428231306725124	-4.29975119840402	-0.6496249220738222	0.5847850655530369	-0.7600884066112348	-0.8850841401449472	0.984247553558114	1.0034028893357927	-0.630454340717516	-1.6667456538180516	0.675353278020453	-0.4937830102799102	0.1429135389707761	-0.21786646431881504	0.1325312567704089	-0.5616882211862276	-1.2823677239418778	-0.7482683331811196	-0.8616717411781347	0.4629701773806955	-1.3134580848456439	-0.2031490598136482	-1.4503083866395599	1.2363315941267468	0.43404364545941826	-0.29140893220707964	0.41761894763396196	0.047961572503387694	-0.9716108317214995	-0.48797783771276404	-0.8751300209230106	0.3762537009024849	-0.5603170044091287	0.37299984912134765	0.6716867876514969	-0.7746812034505117	0.7502654576755454	0.30636574868809413	0.33845949903980854	-1.671969489992214	-0.5653882034123424	-0.1008535635032366	1.6140967257270495	0.13728812741329552	-0.7002740417393262	0.2110253785953846	0.2042252892592576	-0.2136580375952731	-1.0235400844280427	2.125588844326135	-0.9694990155186936	1.6383328540076234	-0.2850531665592755	-1.1448811991411112	-0.5149648328604083	0.4901794630851668	-1.386281433594658	0.966251199108956	1.9744426719822648	-0.341586441979118	1.6892857417336535	-0.7857465926599527	-3.1503356573281183	0.3183115730282332	-3.1240784295396917	-3.2224426474705323	-0.31088415794587965	-2.79067751949529	-2.0183092886407343	-2.46762531990037	1.362920596981659	-1.3292924594252606	0.46792144506840166	1.7037377001664458	6.136218976848459	-2.892542187762814	0.9119318708884457	-0.3258558045904909	-0.6238881696572666
DTXSID0030162	-4.883161954723975	-1.6357850304810513	-0.19274134724597447	2.095353899212337	2.116376391337345	0.9760010492598449	2.1553146756328023	0.0895569078085923	-1.8190035308483972	-1.8147441038134344	0.05124360776914821	-0.21149500004128355	-0.6711328180785118	0.726992697001139	-1.2472051516152853	-0.46417533222279606	-0.4198348119809124	-0.5531850790473742	-2.4292635454255067	1.3887963804546228	-0.40846215045131457	-0.8942881394327781	2.257932393330372	-0.6093768183586109	0.1784065916190985	2.060960156379413	1.4488300227338688	2.863003306248546	-0.10482521165716059	1.0833722685057852	0.40982042566479565	-1.9870499276143785	1.3274263084817748	0.5861976647383752	-0.9224026174994546	1.3449808180962795	1.4363459909060585	2.5012876039054914	-0.6344732022281742	-0.3382206914661133	-1.3666553205279	-0.38447377174707575	-1.8564773234450942	-2.2739420019817174	-0.167263238508763	-0.3024494509451397	0.21745058105538037	-0.29418521959029215	-0.2468625934973029	0.49994288446134555	0.3149251015402657	0.7972478513454356	-0.3687545109912331	-0.1605586182008544	2.3996094041829377	-0.5372333814533791	3.0173814865362325	2.8280430668776217	0.7755957053010942	-0.5414918211634547	-0.49297386518224917	-0.447886726855434	1.0238568692729921	1.0298124473337673	-0.1677048973599715	-0.2752192684534832	-0.2666300927021256	0.8201304111125531	-1.2253505223888956	-1.3416761647496656	-0.4297419817940211	0.514623965710443	0.16900263226303264	1.320409766134772	0.22103367369551352	0.7299950575334141	-0.0517837994302706	-0.5703986398070193	-0.5936980306197822	0.7726189620663934	0.7898688862437021	-0.22282044493849168	1.0460716542836932	0.19928243255375938	0.20813490752810945	-0.2842440049807065	-0.10896197229874086	-0.3893178480162771	-0.7384952485385292	0.24042892287054343	-0.4196598300555679	-0.24973932508991006	-0.18355634356046746	-0.395115932210067	-0.022963249986467087	-0.4312332979348727	-0.561822914718232	-0.5043226783782736	0.1264101532202874	0.04255101158948218
DTXSID6022715	2.6137855722038656	4.699199346229811	3.9946652817278347	1.3533995067500735	-2.0688680315962724	-0.97615684126666	0.5403651825247392	-0.6144551650920929	1.6702200582678866	0.3141393787278832	1.0578297623352868	-0.3940011247653292	-0.4619632798511946	-0.32684756482516175	1.1664827113724368	0.3537091522760986	-0.12249011883222098	0.8441001689764472	-0.369325815231465	-0.879180802079617	-0.5344793424922416	-0.4055270113806578	-0.46200424442992194	-0.15484469897867462	0.41333948608840065	-0.8763161019404316	0.0803071123446812	-0.44958093659906545	-0.1832496852596654	-0.2571428208725145	-0.2549525887265435	1.1217568078173086	1.0273138361995569	0.601070806260497	-0.4077773384328338	0.0449199612318195	-1.2887515746911717	0.2522465338139104	-0.04390182042560217	-0.6822375718581425	0.2620687339417738	0.35341681932008334	-0.7859633545777586	0.27605910847904314	-1.0159055180888783	0.8075429167700353	0.8174537446112812	-0.019139983747778425	-0.2493165807264391	-0.2108660610578596	-0.27268534933833777	-0.09748180130961756	-0.021941700800933897	-0.267290207666181	0.15929248212303385	-0.007188668392519553	-0.6650623413626848	0.6024244786972637	-1.5004139442947448	-0.8470362430704064	0.22296527450405063	0.6240962191232448	-0.05158993903641586	-0.3199581935974788	-0.025108125254733982	-1.6209229082643744	-0.5650006542586934	1.5218992314333655	-0.8579858247264497	-0.7030532739469416	-0.907129977001097	0.46337060592671103	-0.3468368514531228	-0.4095108345088951	0.039531439923937484	0.553338181446983	-0.19898892666031762	0.3814954271222431	0.117034700985323	0.9163881595321239	0.06468284926994773	0.4355524836230214	-0.05437175516727032	-0.12505557611806667	-0.30995550240708847	-0.40370956612928743	-0.18646838047643188	0.8499171014671698	1.7987278347202702	-0.8194112441866559	-0.0974698129961088	0.019512168618499498	-0.1153462610340721	-0.20639788901323322	0.16551309434742204	-0.19821669451728705	0.5842440087724929	0.0839168254422563	0.24607788975709882	0.14330836495964872
DTXSID3046823	14.710475222236782	-2.550058736091566	8.461022195963835	3.7940718541575884	8.660063534354741	6.720709685596406	-1.0931660207411993	0.5802239379611036	-3.3996954137537814	-1.1620770079587217	0.4878547293972262	-0.5553083548746939	-1.9058681967900328	3.3088099727209643	-3.8828120800435575	3.1613229911572716	-2.9600264563669536	0.2229721160381985	-3.566397787719627	2.4652697682064346	0.5327344629014439	-0.4483533637151165	0.9793724326224446	0.057812099428734186	-0.10544114209137247	0.7065515585667873	2.794742431197739	0.5093521247293709	-0.7687395786273378	1.550641358211481	0.5317290769896567	0.5554202716845847	0.8515412617596513	0.6825553024109201	-1.1814241167061532	-0.6456673153406134	-0.4805054650112908	-0.07542743127635884	-0.9057636092802509	-1.3162314286002637	-1.0070718312845826	-1.6171404587283278	0.6554140677633274	-0.39102522597150197	-0.601531132638513	-0.782706524037341	1.111470387159118	-0.6657619165918572	-0.09047410663708992	-0.22255220323235628	0.024926355382341094	-0.42487234478913094	0.5505243708019473	-0.3962989855042187	0.5401547248432919	0.35907363237839324	-1.0967833379546557	-0.5512198538794746	1.4261836638647827	-0.3009474681219087	1.978331469520767	0.6873504964259985	0.05390264845977946	1.8313518046700712	0.5927941703703723	0.782184282474324	-0.5704760464776624	0.8074315831893206	-0.160453045376565	2.5119834587963297	1.3431513308419458	0.6098336765602194	0.5180578923356638	-0.8590651951210436	-0.07208832300677132	1.5522357924095755	-0.6832081134831252	0.09320974715948116	0.12231675966574994	-0.4278144851438071	0.09716258929123364	-0.26326931776402057	-0.011721369143835864	0.4948690672900967	0.3413028699315156	-0.6782889938254572	-0.48401001121954784	0.2503472811981783	0.12376725896948917	0.4447207477330473	-0.23851386177561665	0.4416716946913051	0.10996058785143571	-0.533133025667003	0.028294267111058913	-0.31913792586229145	-0.39930548378186953	-0.4674903184719192	-0.5296870618973837	-0.17111917548377797
DTXSID6045082	5.611395691045327	0.4894118256959333	1.4823292160407138	6.452007758815463	-2.888772315758177	-0.33329361075128794	4.750985020279481	0.8002358341940196	4.1683504650889285	-1.9823461948576921	1.089507055869867	0.18297068875723155	-0.7803516777186856	-1.8579318215087681	5.401201478448944	-1.774026945333225	-3.424809084065288	-1.0585652588473118	0.3469637593910212	6.6305912502700615	2.4601789125802647	-0.7228646253721176	3.8486899929942338	1.3038395104200233	0.8802831956346095	0.37736863001561904	-4.219778544875801	-1.4922274760664158	0.9530849746550978	0.12084258466776686	0.5808088723088713	-2.1255398576550695	-3.143077858393765	-1.8748710310217978	1.3992184455614531	1.2318086652370803	3.826983877468091	-0.5101618291417614	-1.5551547250329132	-1.3399885118486463	0.743693038889775	0.4979839427190101	-0.7535005071839475	2.1400769572234535	-0.07751181648385361	-0.7721565142295702	1.1641238555899145	-1.2658350941343581	0.9001672954102863	0.012676051430307506	0.6598792794664591	0.08434190061524965	-0.7547496102203171	0.11059386927810462	0.39669574086433906	-3.793792641493101	-0.4755717119300761	-0.06314521278200379	0.12946159148164194	2.1453135990807564	-1.2820583990499173	3.5048835044861946	-1.3307220913005948	0.04326971362942145	-2.402499099856759	-1.6475137302521328	2.479340378188489	0.42202800973339877	1.4249051208305896	-0.823419241734337	3.632147055482697	1.8737816294780483	0.4308294648476979	-5.676913989054828	-0.029039221373052697	-0.48377336757228595	0.8610340911511494	-2.4040496673506793	-4.60644608003574	0.00477875273742356	2.1547414144412995	-0.8923641482500292	-4.220462844494005	3.6334316746720368	3.040821143824587	-8.561779222566837	0.09221199739594034	-2.8768663328287833	0.9579236178443455	-1.6092785464469563	1.7957944633963812	-1.2465193521754796	3.750643542106548	0.8175090273900053	-0.1345827332558981	-1.286249218852416	-0.29637266411236796	0.7874680925933608	-0.3873329714821516	-0.7796451573273684
DTXSID4020088	3.7842238815168208	-6.259823850243377	-3.73539239791901	0.14681361726676398	-4.528810094444918	2.973611165114795	-0.12579950234720255	3.1107057413318326	0.4426603571715121	-1.1764622184253923	0.4063856066663678	0.4454455540928884	0.8985598889021743	-0.1520872675464548	-1.5849224814702012	-0.7124633910829622	0.7323418320285263	-0.1496148424819086	-1.1028008138883936	-0.6859622191664766	0.005211570921086943	-0.24288660601133483	0.3428636127380628	0.3592476310526769	-1.067497540320363	0.2519766377458948	0.869903330989532	-0.7677081934619002	-0.3942037648912821	0.12449269299909481	-0.8943408220466379	0.015884549772061732	0.0066157487220055355	-0.2571825456664771	0.684054315479686	-0.49720515127867587	0.14915876021473748	0.083762933810466	0.6638919091845434	0.044869666564225606	0.16253183192695492	1.1109034296868274	-0.03482279355759382	0.5307265736294215	-0.0040752663404034035	0.0318377015487529	-0.1508282410611611	-0.7487100307716736	0.01879915415049596	0.21921929265259937	0.5214298280657638	0.10910376432999	0.5249266282686423	-0.0006479199015656627	-0.5475944633796089	-0.21432698252973328	0.618655022714597	0.12097808723743067	0.0641296713636996	0.32236714551503726	-0.03428502534540007	0.9081154356011417	-0.7900679022659876	-0.35963498191830295	-0.13631738856444614	0.5004728853817959	0.5327910420123915	0.5065995498928424	-0.007973350321929373	0.3504660985640257	0.02231527747917716	1.0464835150749383	-0.1610262088969904	0.7497808197188064	-0.46119533470045565	-0.8332630908749112	-0.4296796714318262	0.3240411033898166	0.5582657121543451	-0.4968405228198183	0.4864030173164276	-1.0403339398366909	0.4621881023741528	-0.4934401126450514	-0.41663521370997353	0.4013139869367305	-0.7589201397660572	0.05879299746329206	1.5904100208296243	0.1966549296878637	-0.12783878150709033	-0.4367676059255315	0.13827345212242945	0.828908183087348	-1.3396250141738142	1.6877799476061743	-0.012648306602987196	0.1549363021637885	1.2842786262261299	0.4643800734281655
DTXSID7045867	6.305881372035121	-0.2690039515889197	5.883873644439141	3.896407508442179	0.3528289869634047	1.565485972757864	0.0031544684828145523	-1.8055046055391704	-0.5800901753924456	0.7662555531371871	-0.9404138095223654	-0.4088907300795395	-0.03492363389641314	0.22703289166536111	0.6121090467451576	-1.0177501297821312	0.6195423755090222	0.007039421437252798	1.6072569410613489	-0.8941259285323011	-0.010866840811508535	-0.23830691656037994	-0.8615310553334709	0.927294670806343	-0.4641043499422722	-0.8295015068781022	-1.0193854816798567	0.6759066227882609	0.12127808985678613	-0.25430262153758687	-0.18566210272109554	-0.7079557026593445	0.14908042075922368	-0.6669344221613451	0.7983530027092476	-0.09792671531803226	-0.33016729212105134	0.5049821596594528	0.9210127169593681	0.07446940025709961	-0.2297915100317043	0.7121883223396435	-0.07440632047312519	0.5629770066662816	-0.541968716203179	0.46193886902854103	0.2998419736488017	-0.20349726308215393	0.1072697985960455	-0.00637476770519206	0.09305742048655209	0.0822762245379727	0.07528074187524525	-0.12061708449471419	-0.2943294453954246	-0.10539584369178642	-0.37690529688813595	-0.39876138620050444	-0.06951562220374297	0.18913272200672648	-0.0663322916805052	0.28053238852253426	0.03971496022966132	-1.3177261919853225	0.511577865939429	-0.6882271240565205	0.018859760920999998	0.2560752744106027	-1.1081317719199255	-0.8541062846541064	0.45745867215292024	-0.1182537199170048	-1.5918833628616422	0.43497966320668857	-1.0622442860970929	0.17211317846788157	-0.7063746243074484	1.3113088497004484	0.18787368998895013	-0.13736069619354438	0.6023087079655273	0.4354864236775975	0.3326441382047528	0.04728466447725729	-0.06169473114847553	0.010962397241710543	0.35189708056669244	-0.3690860348176002	0.35928027909971905	0.23661700251222503	1.1135375568529913	-0.24473660485019663	-0.6417798714854488	-0.8414132198480099	0.08582892230141997	-0.3324209750329799	-0.3439561201275071	-0.30863960999032075	0.2014959253697644	0.8854038668057457
DTXSID3057800	1.7400648105184775	1.0984552665283598	-0.5544711959269151	0.13731027460625655	2.6615968637459217	-2.9109694463080307	-1.2061500204120945	1.8544836428824876	0.46555920605200984	-0.7503515950888333	-1.5714601166984083	0.17739742147727447	-0.287240088001936	2.5502510550326205	1.2127910962725714	1.0955645898875532	-1.111359982079269	0.48589639586891786	-0.08153247768636562	-0.4192448867283013	0.20346422858893473	-0.2385593502648296	0.3167467421879849	-0.01856186513660734	-0.11109276548943971	-0.10325566463357103	0.13783004019036146	-0.23856619294248602	-0.3542783300748729	-0.8721175483240028	-0.9098492649800318	-0.4004347966602906	0.9427848768982819	0.018247714249730203	0.33932839043900026	-0.7412558355103305	-0.7334816134551551	-0.4173690037886413	-0.6602372941432272	1.1976394610532743	0.8504086952005393	0.9790991241205266	0.19581570066640283	-0.7158860005287709	0.41165840240707413	0.490699489089568	-0.4971775736336309	0.2902344604439829	0.3072128042328382	0.04525598053207688	-0.11575403206378299	-0.5014273454496447	0.39191681938039663	0.24663629595924777	-0.12585519479019655	0.8434713814334863	0.19111378173082325	1.3069815093020656	-0.4680638132629152	0.3065889424201824	-0.4106908943733571	-0.6550702827962138	0.08657694275560841	-0.1390390010318164	0.10137272404426594	-0.08613069478021095	-0.9800338554809864	-0.9097166000216985	-0.09238907239305152	0.4349712901200448	2.0810036466825994	1.3783971668655617	-1.6234248543567313	-0.07382144765677277	-0.07311157291514914	-0.9098437883462448	-0.9772166698405048	-0.028206666092693365	-0.01963264305689425	-0.27558667790586616	0.691173058891754	0.201322520888584	0.4482943473063929	0.34868435332897185	0.4499007048297395	1.1408058025335535	0.9373408973256598	-0.18085228760860234	-0.7858925219377179	0.3813860109039372	1.4513055294125496	-1.050275353576294	0.44614684650566644	-0.14301794606340051	-0.1555141422398825	-0.25903330941983316	-0.062092386068826055	0.1573253148742148	0.3885251759605384	-0.042685563648570526
DTXSID3037672	-5.000341083682969	-4.033919041634279	-0.8813926699622405	-1.7576997943252408	1.7223568043197799	-0.5082562510436281	-2.3758893979204054	-1.015603760397246	-2.520512269138506	-0.29471976246384096	1.124464078512801	-2.394142656492619	-0.6915373622336104	-1.3679741463372532	2.2207973484190386	-0.30614260084995165	0.21565233923190424	-0.6887337200648738	0.9245767625831991	-0.17772806259582238	-0.4454268796995673	-0.2770723407459014	1.222854610157914	0.058900106775578755	-0.4068621761844241	-0.09186382397374197	0.6761320194346693	-0.7596284799760259	0.15201750780379528	0.7521973528331694	0.6211417507032022	-0.36634008065534696	0.7140114071958497	-0.3717434027611246	0.4453951732811358	-0.016907943267196343	0.33248262376235915	0.009482433672704564	0.31878910599344107	0.7409527731589469	-0.45856760171848526	0.017261957495668306	-0.8675065858148703	0.3346192872639395	-0.2796199103759923	0.3118416170219169	0.3236569687955825	-0.29390989573777415	0.23367404109766357	0.42212607828721116	0.14146631896789424	-0.014677977750754167	0.25803124388712584	0.07031516484766229	0.3527880566681113	0.04460373224539485	0.29289593519268775	-0.42157210580348653	-0.49208456230250824	0.5993982113512055	-0.28633056077330904	-0.5057383388624942	0.3548411690318998	0.18765913802164622	0.024801830237841483	-0.598177037319033	-0.8000618205269372	-0.1926481531317105	-0.21257473473115576	0.6145392783600018	0.5270233693639098	-0.2576452516667052	-0.05809618997031069	-0.4378494900891035	0.06889850584379004	0.2077120365088269	0.488273521818124	0.04505847849452216	0.10031527292739958	-0.6375702534016345	0.5766533445086391	-0.2204019415677874	-0.5260407350067521	-0.41722244304288275	-0.08014086984966484	-0.02420163271145562	0.4274036069226604	-0.5118288691219122	-0.6871545254779425	0.06554340805258393	-0.7748998824511953	0.6193481759125308	0.03440319351667757	-0.262705836626877	-0.27558222852447195	-0.06927656267116238	0.3440227521850696	-0.3271664109686421	-0.07883394301499826	0.5421791162066641
DTXSID1020512	-6.249548144644452	-2.8005059142928603	-0.5826301093370924	-0.3323726584320531	1.246379157816424	0.4079570563998734	-0.41912835411009913	1.87136634254569	0.32160473428069347	-0.4062676654304339	-0.6577242923104847	0.13923527782345665	0.2989488586124783	0.16688386932542112	0.3523840864777211	0.36347535758003663	-1.0294541789651666	-0.16421966742976582	-0.2772339152806189	0.07889118309326819	-0.5092445637331792	-0.17128832980079636	0.05814316872001326	-0.2556733753810518	-0.34823552095542143	-0.5552698484748707	-0.14873889324904813	0.44921846831382706	-0.0449254511713011	0.19478036761688758	0.7654652609118282	0.1255295839768463	0.22216655543618813	-0.34409047014536603	-0.02814803828477217	-0.3064026273503952	-0.3947684812165274	-0.5785910221514484	0.1642298151420751	0.2972005088370831	-0.3638928335000817	-0.2642001267331675	-0.5868889816384494	0.18624439979214907	0.12507543893218565	0.11799220009539681	0.35415741492423236	0.11004030935171026	0.14622425314674195	0.11297986425197051	-0.0053748965418917525	-0.08038310954843984	-0.11775271529642597	-0.01203659267293749	0.32050240995426227	-0.1509072086283198	-0.25344146042992777	0.2681018189237466	-0.2540528401498801	-0.0965823991664658	0.27195222159201965	-0.3975547095893483	-0.1575209849355085	0.28351907969934176	-0.2642976830770614	-0.05281597486771626	0.08899538152367807	0.04886314914899569	-0.7558342157202249	0.13145638168607549	0.1672600193153524	0.42570606894403523	-0.16486993718855159	-0.11812644697499762	-0.10439904494719557	-0.6538134334207666	-1.0687011133736375	-0.3121327904854019	0.2632713667960817	-0.26048802542310895	0.03791442441710597	-0.25302532874343164	0.1359705648325667	-1.3127019587853102	-0.31109602781334067	0.06151551776884948	0.2052266317061512	-0.6384591068199369	-0.08318464816678413	-0.49868167750025316	-0.45890826514821853	-0.22898522354738196	0.022513490537737185	-0.051722334659257616	0.284143922976679	-0.8557929420711088	0.10875990433684221	-0.15177444866477258	0.11986280135970312	-0.5462194298359665
DTXSID9041815	-2.824420313491812	-3.5716314985480655	3.611658496803577	0.7772326951469583	-1.0120851676552323	0.7963409938690608	0.23168308549086924	-0.9838512527811051	0.5092926018144338	1.0920912054808687	-0.462928187611936	-0.27215007421107706	0.378729003489705	-0.5233157369901498	0.7905429222259339	-0.11405686596818812	0.7327637060792055	0.6223882535820312	0.68742298795434	-1.0145819009211428	-0.0761592834621869	-0.1776334558861761	-0.2838686686584781	-0.21668615080073975	-0.2395262834197552	0.09205273916111552	-0.13355987582037654	-0.2751842941359586	0.5053790603765912	-0.8489327886075277	0.1962013882855068	0.4678846541770869	-0.2385822551042422	-0.1443147283833748	-0.19137944723920475	0.2506661921726851	-0.17079362818864935	0.7414411347583145	-0.7769520878411568	-0.8023233601032561	0.28961075775637085	0.3046258781980064	-0.4429275774743361	-0.19640347450680934	-0.008659614305933679	0.4494533322300299	0.0015123139574570797	-0.29715062892504857	0.08730347389399432	-0.36181614177950483	-0.06780829359826564	-0.20124828186648205	-0.19689057696778545	-0.037360050546569115	-0.42793929421111065	-0.14719516722016987	-0.09166331427195944	0.3798118207321752	-0.3094084673646135	0.37915731088181626	-0.46109813251047305	-0.07024375571054721	0.5710634334903402	-1.1232566439545557	-0.5553044313623474	-0.19034776773308748	-0.7658081388513621	0.21632026748905525	0.013810855704821538	0.25762480689107176	0.04124682272119852	-0.3152551897708833	0.9928523628980575	-0.2664224516756438	-0.030123747923738113	-0.03772200145512655	-0.3400962355453165	-0.4022286125439801	-0.589064893115319	0.3076863463420063	-0.14675499275241444	-0.2916788890767115	-0.15776070681222254	-0.03999404330383869	0.10426654403404054	0.2879394563197124	0.2310021762183543	-0.09268125198663836	-0.36662849484562177	0.0021383038084806694	-0.14385124680548178	0.32869691000721324	-0.5823575146404318	-0.14081680804459903	0.04626214186648935	0.012866401063498147	0.01989329999208813	0.035887200695762275	-0.5230164601186593	0.016630459656190637
DTXSID6020513	-3.9573370425736134	-2.8097000748455434	-1.0577665399673364	-1.7358273840926446	-2.347028925897947	-1.0696663942558893	0.3289001730077548	2.176979307809017	-0.6458128526287032	1.125087527214253	-0.2174094035112926	-0.1092996371275337	-0.9589045343038308	0.8212534186638698	2.3878607675928865	1.3788701937817116	-3.0444326870752016	-0.49586470015941675	-1.1410852927638568	0.2933337221625159	0.3883978186572186	0.42722831001262873	-0.15861000320025034	1.157090930090122	-1.266381937411087	-2.164377000590904	-0.11831237793468985	2.2980672826721027	-1.9814428157738762	3.0352131547288215	-0.6609546680333578	1.9238011576546579	-1.4795639384454293	1.0154676621592835	0.34316427775135083	-1.767357844317489	0.1375316222845866	0.4276377136140254	-0.6233712112743891	0.7067809222524744	0.010896215009838717	-0.23881555224042197	0.4224120821012684	-0.6758687539478183	-0.035127045632747815	-0.6078161447948759	-0.37591633101116484	0.048380969276705696	-0.022465123375110405	0.04421172818947113	-0.12738974818760287	-0.42584869052936236	0.4795319344558267	-0.9819010707578599	-0.9570823872209527	0.10064007437201261	-0.4900981938183062	-0.030525293000301275	0.15678016150861457	-0.7825207246017765	0.6739326900376257	-0.6084562419568185	0.033772854646534074	-0.1157476047145658	1.2683194028014209	-0.8135885826582824	-0.579269939521386	-0.9061532876056259	-3.0354753574812103	0.8161291458512483	-2.1095377113655376	-0.703191379104663	2.7815611305779826	3.0658476891951714	-0.6029533752426253	-1.401237175432079	0.5968015802336194	0.6911721684560806	-1.3122681214468808	-1.4504884869880077	-0.8045196261098726	0.3013188307999263	-0.39509958580469967	0.10681048667417749	-0.6958384474434707	-2.063952064556782	1.0818715310784064	0.694868157803266	-0.12387268283357313	-0.7971265051352021	0.48232788650813746	0.5419431042627568	-0.32096038363311097	-0.2608438162964667	0.8415510429188038	-0.2255705582250777	0.24203070389176698	0.4663909522368987	-0.4464432730012799	-0.3705660578676053
DTXSID6026612	-3.5935743790906085	-2.691838374866532	2.0213559997626844	-0.8085219093825299	0.6492947421765167	-0.6664147074336529	-0.9632342788243915	-0.05558726393557994	-0.19772760131833575	-0.8203359411839776	-0.7634742434708052	0.19206970610434312	-0.6938518633731713	1.223381418942084	-0.1297979641656913	0.23765768612784435	0.3048678947297287	-0.03889344533327714	0.5139412463994603	-0.5686568244179872	0.16238533263667962	-0.13922662796781188	-0.18680119065162984	-0.3341672881169312	0.3049048560678239	-0.06410734950090224	-1.0150350600748992	-0.34742900179185815	-0.04619203774060095	-0.46988142796489124	-0.808293866915505	0.1748995095510102	-0.3836778017355259	0.07767469645639236	0.3968590779395075	0.4331467401365119	0.21100461270769627	0.320942282129454	-0.3483063096118446	0.2979432979109543	-0.3794120732567257	-0.1942984827486322	-0.2734176229113681	-0.4283714883018889	-0.3790660475739861	-0.1532957352827071	-0.2732509560404294	-0.5157580959703486	0.10342436668394862	-0.05776383437104591	0.050806324409661464	-0.20652859698411993	0.03959537751213503	-0.36533185268799256	-0.1886811297663264	0.227699572218768	-0.31185216808719546	0.0449032108462385	0.35999986663624556	0.13433905967458323	-0.013307897891865142	0.237862355639668	0.6810224329450699	0.2190030041230959	-0.03917951293883625	-0.23065644361311513	-0.11086843516500698	-0.5705681446284253	0.6645206025672947	0.8766449699906353	0.2573094870543164	-0.059875510762738685	0.46381852798466383	0.5034788904422675	-0.45705942080878087	0.14692268715223467	-0.060756409893967876	0.8327968846527694	-0.004322375741864894	-0.33315735712568373	0.5920592080750623	-0.1731933393116537	-0.2314212328048639	0.0884321424560087	0.07115660363448177	0.2657428919678443	-0.567936465838265	-0.9479065926668713	-0.5057165272449952	-0.05476349045508203	0.12470123775371861	0.3040938287580113	0.6039431273660614	0.17723154683252407	-0.381016975811913	-0.30220146625601635	0.1076896775464507	0.3637240584115047	-0.05393936311711468	-0.5522067962578098
DTXSID8024810	-6.276313835339314	-0.35449677002392754	-0.7953801236560275	1.1294319789243206	-0.5790816413501046	1.0280594741384539	1.8020656158243589	0.24258897299051174	-0.7812223329557643	-1.846128010671194	0.36158822854056993	-0.28244230733178505	0.021564832453093267	-0.31435582883009916	-0.539970924358601	-0.44612527496991716	0.11362905789902954	-0.34048230926554696	-0.8939499067688027	0.4836006953568789	-0.9592667824353621	-0.7310822241113112	0.6545810086206899	0.321615065934792	0.3244393280964003	-1.5837690889097633	-0.38114602447629675	-0.19963478061033949	0.9270646657135672	-0.6388170378882195	1.4368243232042814	-0.6726442381996496	-0.5502795340320961	-0.48457695133718454	-0.25951484699459076	-0.6024803259995818	-0.06699964000908984	0.0744494775729365	-1.005466070756545	0.33449943902021867	0.0717970490236584	-0.1526173889560949	0.5326274182900764	0.8247429359147844	-0.567851585572991	-0.07732294855552403	-0.01142112712926368	-0.2419050039305735	0.40576011822602026	0.5415459641233074	0.10011664422136939	-0.29266834127799535	-0.17451900869975528	-0.2628537601247418	-0.43230585328197624	-0.4882331635844929	0.5490065835269989	-0.601129149022159	-0.08788620327610619	-0.4698629766407794	-0.10205368056468347	-0.6353504922314727	0.5296773144533343	-0.189523569589763	-0.2239176411672977	0.35955595153783976	0.032036526906148936	-0.31525329021211573	0.2632801119433129	-0.3115087924532047	0.17034934827763676	0.3500001286563925	-0.10178034960359197	0.3686858438431611	-0.3590680301774357	-0.10097470826122253	0.07730717586290493	-0.3918282894138074	-0.46751008076899936	-0.41046496105346736	0.14414638868402446	-0.00336329634902797	-0.3189976378418022	0.09659423708280615	0.22518853882822126	-0.13524449029729652	-0.37405972503140505	-0.1986019877133684	-0.3115738479986099	0.18393048592103836	-0.8304409930971786	0.049106221445614336	-0.5331874800825755	0.0328265630656254	0.16795523892816047	0.07980843995055958	0.1703025216120166	0.13334815789931945	0.24811735163949428	-0.18211940424150497
DTXSID7045861	14.170976250899246	1.24460224458175	-7.982210356417826	2.8001370788637745	0.02316399056122613	-3.314502113225172	6.905697830270547	2.1851670933877454	-2.830157225634418	-1.5399333747808932	-0.7937525386054558	-0.13756193921648036	0.3001090082517182	2.324611340703175	-1.4206818782899946	0.06807794597251972	-1.3602229620766957	-0.380899582258834	-1.1971999781659373	0.2770805356563093	-2.6191711742796224	-0.8500609052248632	-1.291047642895208	0.3586212526191669	-2.114190719272238	0.027437562176168478	1.2565395985702745	1.4833845860797457	0.15972266435761692	0.3946101399235125	-1.5203992923485818	0.4825547662463413	1.0592932997840878	1.097275652888906	0.6312864471252393	0.05349696385405341	0.32809763161602234	-0.8179528511104238	0.4111731727325875	-1.1005734541889345	-1.3621099894326494	-0.21631044122664583	-0.686442866493345	0.38898063333603766	-0.3469425976688888	0.3373027171711187	0.7768320670659744	-0.2301797057987396	-0.27873483456013876	-0.72528056570052	-0.23273020591819138	0.6405967018000829	-0.8979769253215649	0.2027137323545965	0.6200508913227303	-0.10424002000984352	-1.1312091492520777	1.7713416482596458	-0.7544237910618965	0.3089818216616617	-0.31926500873409397	0.9696830090589986	-0.30825001894462367	0.04618156192115145	-0.7003632059156636	0.6310834659180631	0.08409738892098868	-1.064139328507524	0.47311816997442685	0.058405016851611244	-0.46805480250586295	-2.0173508866642225	0.725472505209071	-1.590625566643954	0.27971030672058844	0.4205334450044117	-0.5999440443751963	0.8004632589185453	0.8243155359414344	-1.7999882920709762	0.912184268505301	-1.3356520702683092	-1.309807732845824	-0.3644903228135514	-0.802241851269632	-0.11159899442460794	1.1668317120453195	0.5673334780975069	-0.5825185220385952	-0.3543941268507429	-0.1415260262254522	0.4254669537168154	-0.36669282364010947	-1.317642426268642	2.540324788356122	0.2965946968841529	-0.11253832303140192	-0.2603902881330573	0.3424470001134762	-1.6285159424006512
DTXSID6047525	11.828440623069298	-4.100803033620684	0.999672409364012	-0.5495995925219788	2.2818159966414564	-1.626304864061555	-2.8578856904440086	-1.3731108035866568	-3.8900754178140233	0.9208025104452762	1.7479410669512183	-1.3859184817310322	-0.3825643796400518	-0.4161467566462691	1.524744712621241	0.5065900173130783	0.482434692536927	-0.18899869081238593	0.6873534390287833	-2.4723809457174153	-1.1342752083954335	-1.1272841748786826	1.611606741097105	0.11864602830610212	-2.2926766344022123	-0.39676829241057415	-0.7793714718012025	-0.9205914873337117	0.2551308890597815	-0.3747518497767512	-0.6935724222814396	-0.30078145398675277	-0.0037691821882222536	-0.4886111029049767	0.5181680506157327	0.04028363659186571	0.6308592806676162	0.3620821546882313	-0.038961936363681345	0.08593312642751898	-0.41353872257846164	0.1491369011854536	-0.19575432118884767	1.2882567530696785	-0.5082729713834268	-0.24679103605010286	-0.2620722202681381	-0.9508449962880725	0.09696153963576237	0.44853205605710156	0.23223604607517004	-0.27229523715649706	0.3640923593875723	-0.15469902268617008	-0.3703579737147574	0.36821270276401846	0.4552981296996515	-0.7764137252234038	-0.3875022509565482	1.089605792941238	-0.9129423430774575	-0.11860484486320463	0.4166631987067375	0.261624105111377	-0.3331283244605545	-1.1260475896762536	-0.007396360945513227	0.20552645046030682	0.3934783276662095	0.12236484477081916	-0.88547541252285	-0.8053781493051058	-0.021824199635678304	0.3722313092077355	1.034308811482061	-0.12140230416920801	0.5451135269378283	0.7352825326189173	-0.06476630133636979	-0.35821158261891617	1.1399559312322907	-0.2100054162896005	-0.11602976106365899	-0.3748220840473128	-0.1523238460016703	0.2788068130730449	-0.1052731921144332	-1.3529002306980409	-1.5420262511174705	-0.10112065131386352	0.1318968611096002	2.102956859674692	0.5132853104212662	-0.7435438640287779	-0.8811985046048189	-0.9755968616403123	-0.27870043462647004	0.1255460766646931	-0.9988207811579924	-0.1549615682723462
DTXSID3046586	-2.132903391369046	0.6615027018878009	-4.589465614266071	1.3248842071001137	-4.530109792469944	0.4851830958223842	-7.374737137508172	-6.5654358717893	-4.555714514303406	-0.5317009777215128	-10.739696346822068	-1.4141897664681247	11.951664234527673	-0.8761939758203633	1.0643824708790233	-0.6240731229392389	-6.037922922881453	-0.826249823255558	-1.1175221558628243	2.241578569378173	0.08857285411703715	3.27750174290326	-0.2382667623536963	-1.7667649526469325	2.864052002319856	1.2700566139498146	0.3457917067518736	0.6668345131139237	-0.45579614350938275	-1.1003118875137878	-0.8796229620258665	0.4179126663169414	-0.7756466426430265	0.44213395060182664	-0.0613260909534462	-1.3148654161896884	-2.702163381738335	-0.03024244109912688	-0.1194121495016382	-0.14988764301808624	0.1787999198616252	0.07681266827749908	0.8552420537387632	0.4900664469087293	0.9457135616038845	-0.30076532292632935	-0.1445371331453353	-0.2061258979607304	-0.369901991003189	0.5840628315106897	0.08974956026809339	-0.7644915667470563	0.9548877139360556	0.5786440043263976	-0.13573938281074546	-0.19283179094299166	0.5524450209299911	0.02182104040965017	0.30671992722569297	-0.1879410254665344	-0.22119690141552728	0.053465304706879706	-0.6196323289043607	1.7056372927022905	0.5210901073872294	-0.8697833569409499	0.6926423894203648	-0.7661956045464515	0.42353677898004527	-0.8725145147042175	-0.5146025017900921	-0.9255306925995782	1.253126135718993	-0.10718947456202339	-0.46435026385104633	0.6576470650631113	0.9686200088829813	-1.4022791476820595	-0.5661055947370038	0.5191127926354674	-0.2915043856082755	-0.93775840293162	1.0688792559958165	0.09882493363194535	-0.4697912688320016	-0.011511680365087703	-0.35532994291703374	0.0498431640562275	-0.4069546310195329	-0.03686064759072495	-0.5725636858627745	-0.07216155754873407	0.5113056741876201	-0.008545302373851558	-0.9607461313830841	-0.7279631555973077	-0.28193599520669543	0.12128317169400876	0.38071821988822274	0.23685168846212878
DTXSID2044553	-2.233064310558169	-0.6290557319162918	-1.6348074235245296	-1.6010778316248655	0.10852258849728406	0.9016254106826631	-1.3048216118245393	-2.314509599944801	-0.5699028472603257	-0.35383768792839615	-1.4758776890104035	-1.526035801047584	-2.7314380912436746	-1.8518558812688413	0.4851141688316832	0.10992088259939069	1.2458190325296252	-0.45089235226334917	0.16815465520998385	-0.32976971806448657	0.3028262116957065	-0.8683942883618341	0.4406710506260208	0.20132307518494422	-0.4641311206588778	-0.6009262892132075	0.3989181233254897	-0.6818711359574267	0.35118191574551977	0.2867608384570238	0.26654326792012206	-0.2348365769344848	0.4785387111230445	-0.34607072271513045	0.3745644186294935	0.5431069956363229	-0.05511579266783385	0.27812708625064114	-0.019737874946409245	0.5242123247079823	-0.16432593281554925	-0.28460955857359865	0.07052007153423623	0.3481765217922538	-0.5497364429715186	0.4245407944363705	0.24248250437840496	-0.05880119025885366	0.07113924222894556	0.26880115373222985	-0.027329171714240853	0.020025171884643478	0.14189348984061725	-0.04209754141449157	0.09287278498999443	0.44881280107429045	-0.09963271590190766	-0.09705793485550093	-0.4822272497206544	-0.21938858649567528	0.08075950085696372	0.039629131306855116	0.4566161926004273	0.33822867824653474	0.04031505238095064	-0.8873601103469775	-0.2958573842287718	0.4755073245090734	-0.48385240863432516	-0.39321539270119416	0.35178572059455654	-0.18087628444174644	-0.5512608424084903	-0.13244636093511097	0.324956683126751	-0.24065884595121328	0.449696670373343	-0.47836348798060463	0.48049981645130324	0.0006009900565338469	0.24333952051981078	0.5345060792597403	-0.17873810664194317	-0.3734175451744231	0.809308038642139	-0.16874551478529642	-0.3726519008952309	0.05444543345457225	0.2564855542934365	0.40171546832956045	-0.28384519274869774	-0.14247459358103473	-0.3660687656965772	0.2886281005097574	0.4936512299508587	-0.20801090275907952	0.29857113263869706	0.2235626691654221	0.2457565528772142	-0.1287734383550203
DTXSID8034372	7.517660463765137	3.1549013415882503	-6.097359779298853	-1.0618207705067413	2.8174591738804304	-0.015454829148100275	5.935773930860427	-0.6619856273111602	-1.2862514063659152	-2.5228302638126703	-1.0094618751426065	1.1163601969588484	-0.4673790258368009	2.4857290931383	-0.10454489876452769	-0.9187297906425801	0.3365007298874976	0.03085450827299308	0.15209686164327405	-0.41000550061889174	0.8331883113762021	-0.4510720907776473	-1.4443758649925746	0.16119638360842053	0.9232832917651127	-0.32330567514709263	0.5156524252557623	2.140240883453929	0.21370616297890702	-0.02062088743885577	0.6791078690243816	-0.8923675008322974	1.028012258240709	-0.5312324224670576	0.7289964687521073	-0.45188292090459653	-0.3213669100819115	-1.013021464676956	0.35386944926975333	-0.9980249516205167	-0.19120739173385076	2.0883783592626393	-0.8218628224943477	-0.5253261744121878	0.4363401919595108	-0.6526036318574745	-1.3302247058630206	-0.9440746552124201	-0.6728562813424095	-0.8653952262164051	0.13021143572608015	-0.31526160272385434	-0.12340037840620006	0.5921831022506583	-0.9078661705668193	-0.7851918543908868	0.49294880952618325	0.3327720027946286	1.1439464467345302	0.45651575338741596	-1.2227980762492048	0.2836315988282362	0.23087262017027388	-1.1375869243832557	-0.10320641273461505	0.4432385091299755	-0.1855178176879823	-0.9214144744662681	2.0092298343320425	-0.3235053228978427	0.09577053323561993	0.20316106378149842	0.14835174112461658	-0.7439054844825841	-1.1788178944050887	-1.5883265004587412	1.04506916390002	1.9231886938669225	1.0034581931962516	0.3377202763575569	-1.4968565835329848	1.3010672089231032	-1.1452496622642583	-0.325301538806265	0.015054965739941228	-0.835099966785286	0.848068062231738	0.35977652668472354	0.561136095952921	1.2380525638854476	-1.535680638435446	0.48894494128142274	1.5751057562316144	-2.4214690998492694	-1.2977770984962742	-1.693821767364534	-0.8894402421896331	-0.9164045586244467	-0.7177849383860244	-0.627944201898219
DTXSID8020173	-6.471219574415674	-2.8845980014800894	-0.14273089024062355	-2.0644459587047974	-1.7874244439596358	1.9916312728099208	-0.5217262821270319	1.5655289066569955	-0.22231790276205102	-0.2061773536375273	-0.2282227246780745	-0.05197700767444153	0.02133018699136083	-0.17836797108219693	-0.4733697517317891	0.16276937033107053	-0.448477114786736	-0.30032917263349396	0.10650847518068231	-0.06986412036726473	-0.14800078508357026	0.06589632529985412	-0.2822346962461488	-0.02109097170462303	-0.14751810039140675	-0.08058765228042579	0.37581396427897085	0.23907605675454408	0.05092989048622373	-0.05577098789723209	0.06937134758305469	0.5313780689202299	0.2511697022251142	-0.2506351216701539	0.5853490744846509	-0.19116109545121204	-0.08226705162724712	-0.25574278973305165	0.3069330129129107	0.18211477179923652	-0.2577120365056142	-0.046828039630353174	0.06070696709375451	0.05804290403957401	-0.08132290513256502	-0.00043554371082000484	0.012807715682312865	-0.20937361492028658	0.28868455761133	0.07751265594456787	0.1458808559541066	0.012919835882758345	0.2541773427717544	-0.12384663247867143	0.09136885807615255	0.027743644210223364	0.009291011794612012	0.03244341178220546	0.12919235173807336	0.037964511622687935	-0.3132059923954389	-0.0003007625073796299	-0.14781047782417464	0.038343144980419484	-0.1799227001152573	0.16856298092755287	0.46018193255019557	-0.2223388421896636	-0.24176309877140417	0.21464262654611505	0.5677309066341915	0.44934501363494633	0.03983686517949348	-0.04630620731712006	-0.6638815026899687	-0.01962005294065896	-0.17638994032248514	0.11953128522944692	0.1060551715165752	0.09444606641025613	0.13588527886482163	-0.26099516721557975	0.11601990147321484	-0.39133717999812934	0.07738615315895372	0.01191104580538491	-0.5851756624644767	-0.48773898803999866	0.30670057937143885	-0.0462105811695758	-0.43902344069213606	-0.3678678527984766	0.40208953275617876	0.5772668175212953	-0.3356713444927555	0.170992739746648	1.0413686760464451	0.3049246414875779	0.9257299190845869	0.013938843736670333
DTXSID5046011	33.389455830274215	-6.035765287065867	1.5437097934750885	0.8658307471308363	-3.1670694623735085	-5.566952879297166	0.7418451319460317	2.891379004030065	0.6913824537563024	-2.5224780389373116	-0.5092357690066339	3.511830404818595	-1.488438589542478	5.93000564345521	3.2925402103009893	1.06338289274403	-3.2292978198842164	0.008995637098798208	-0.8233280095196605	1.4183465108680966	2.627958614910555	-2.6668273856472706	1.9180855301054363	1.4608867907738567	-1.6648279725153048	-2.6532621918170167	-3.676450028606512	-1.5008384986018537	-2.2113613758589046	-0.22881439568910816	-2.5136683087732656	-0.6341511438003763	1.8361322131331694	1.8073252134198525	-1.2285538217544745	-0.3133559629227363	1.182036258042124	-1.51815761382433	-1.5349207581047972	-0.5637443273588488	-0.2421376791490908	-0.4939529432715987	-0.47377321417645574	-0.2765000728616234	-0.8022691376683786	-0.5195924395427782	-0.07098413987025468	-1.5844862375082651	-0.5930237246755397	-1.6565990578893133	-0.04240399547323185	-0.6562005479015754	-0.822265003812688	-0.25116379510760023	1.1248257348971549	-1.7050760254516313	0.2646620175005392	0.880090514617646	0.19052513057078235	0.3370060421565165	0.6857750102728941	2.011036736788065	-1.7777558549512738	-1.1778931359030038	-1.4704240188251925	1.1012487860370301	0.5060487730664264	1.0511942306384412	0.2728531838118733	-1.4855434050111012	-0.3536414200795027	0.7679167998073855	0.9503510947190708	-3.072400557802035	4.449671486630021	-2.4979750941353007	1.6934926464092523	-2.6123799595812653	1.0261710336098997	0.06989324314983397	2.9400490498211966	-1.6850953451401927	-1.8591817688974124	0.1392322678290897	0.4446466769260039	1.1029718132704804	-3.3601779095697086	-1.1303919292728721	-0.40242185620735504	1.3671852977255563	-1.8166347405943157	-0.07926814876671079	0.35778824978548757	-0.19990571090450507	-1.4051409944679223	-0.4528575583394541	0.3002294435458693	0.4365866353458374	-0.7554390222924127	-2.282243925426844
DTXSID1047318	3.4532441307250394	2.892673784450224	-3.176741907600758	3.6454760226733853	2.0650616342861725	-1.944140858254865	-1.9095741453593984	2.381999877377744	3.3898497049982823	-0.11690584191677761	-3.35022277565557	-1.1112493547694413	1.6101892047317692	1.5900199325337427	0.32490499745792784	-1.4274855266486208	1.115756321834364	0.8111965086275271	0.8488927987802078	0.11570497686001487	-1.5092055407301468	-2.8864153324397313	0.24100163487469503	3.1999533431482696	-3.7050525213362633	3.615355428939117	-3.495561735325015	-1.5269553958761288	10.081454925766906	5.501308777594742	-0.3693985104960855	0.1359241958424762	-1.0461541199740862	3.63094469595044	-0.4751353961214016	-4.856687997547271	-3.1468694689712864	-1.3053939212543029	2.6989927237024958	-1.29935917730489	0.8675347531307402	-1.4323430563238424	-0.42954654990729507	0.407826786222898	-1.9987261592503252	-0.2464776285393027	-0.18265869501734847	2.237285412502889	0.3117430135817066	1.7344678670401403	0.42293248151359564	1.6900970046389465	0.7794802295746702	0.3681723831500913	1.4626765421750463	1.3389476081545202	-0.20796859007608554	-0.3604618319083869	1.4930156921043203	-1.6491290335280895	-0.26034967695515265	-1.359947215754714	0.14161469494534082	-1.1845686773101956	-0.28895171875997555	0.6472268320241351	-1.2709751523338682	-1.4989451113413765	-2.108510796699844	0.993591414615965	-0.6218352231627048	-2.0598836193120618	-0.7446859621717538	3.6757009404344756	-0.37581419112961956	1.7394715069785087	-2.5822823914130644	-1.5164907876691758	7.667920194078932	5.423230067667122	0.5673997913289783	-3.5470696691828993	-3.5310878907411163	4.372764191889157	2.619613457211144	-2.123033806725286	0.3238293955815682	-0.900004997448619	-0.5606292501893563	0.21579124905405034	-0.11496641524940854	-0.33617253932578794	-0.63056376139008	-0.6200122012753613	-1.714753057662231	-0.5735772344045568	1.1995494458669	0.7575145154433304	1.5997981778788342	1.3883641667296918
DTXSID6033241	-3.7119977903865347	0.46940730860163055	1.6904558540064447	1.1805989713818503	0.6778402711323437	0.07399835370693357	-1.5510214355213965	-0.705002471356243	0.5719793640964748	-1.2691321887007256	0.32720552833673505	-0.6875842864070303	-1.0168245391675137	0.5582694913070686	-1.0257917633299116	0.8212743449455859	-0.07708482091169258	0.24464276677604704	-1.6632457763252366	0.3011673898333228	0.06580239618655247	-0.6028481306547946	0.9703591672317707	-0.009313374018785554	0.4153242517547167	0.85281712337185	0.8382394268790768	-1.1781900031742538	-0.31896923146816714	0.6463705412800941	-0.02104560440587525	0.4975109188068742	-0.12316906890923458	0.19067501197544232	1.2566211792803867	0.6305306410119653	0.08620995688600495	0.6098931323974558	-0.032633607995057864	0.2666687243549313	0.0595596450925899	-0.03562777021252166	-0.17321906414663293	-0.8578574342347091	-0.46382781369021747	0.17805095779019656	0.1693278179133429	0.24898335367561109	-0.3870497766040736	0.14967095154557764	0.010712065779827378	0.4302187587665941	0.18463200532970844	-0.14383300058089826	0.20139926717493722	-0.40411035175481524	0.3958533770296582	0.0023786993363124767	-0.21216116209130625	-0.44036176334378596	0.4448056228986159	-0.2657418144839188	-0.47133582899320403	-0.0635690349402154	0.37906823613802987	0.36596685035855214	0.6001985560330098	0.0647919810725783	-0.13915081868014897	-0.34736826353575256	-0.27456073745832293	-0.27368092354842694	-0.027543141156057275	0.3367888277821337	0.13951193891842484	0.24292480569940905	-0.08697150981000812	-0.05650248621057541	-0.11767053846703548	-0.42918019515378547	-0.3727769136908433	0.5569211835187272	-0.21116170081526833	0.31147322137071976	0.2920922746700028	-0.30237924205564914	-0.3502944833661565	-0.3951731003844968	0.2991926597665468	0.28267775249624244	-0.1915021646214948	-0.05510520031486749	-0.29648586935028054	0.04218839178939174	-0.06901465359574262	0.008541102743557988	0.3839821276600079	0.016048625396003248	-0.10460246207082428	0.399508351669393
DTXSID4041442	-0.7077573226556949	1.9902907380218076	-1.9028730145327097	-0.9299244568131521	-0.47906028475114687	1.1119563026138466	-1.8809581506688655	-2.1927611656724495	-0.03131301473134428	-0.6550740184873705	-0.7125558769237301	-1.9124499928974854	-3.208764578667233	-2.405641210260289	0.21690018990233983	0.4614580957303797	0.8378584905558464	-0.6028282218390657	0.3117271296411148	-0.3675572301592411	0.5357363302698877	-0.5737821203335209	0.10562306848899496	-0.0008717119777017067	-0.9125218510324612	0.19203515997788276	0.4040371512451425	0.21610440300561137	0.41189413406921566	-0.08371780426965324	0.49193566831807317	-0.3252410567554825	-0.25134431884620806	-0.5901129651662484	-0.17038624173233685	-0.12406271915951346	0.3135744568387078	0.531429727791872	0.4095013476163027	0.5613029620116246	-0.22841449788266008	0.04434597816282201	0.0689803456535325	0.5003320102845451	-0.33465577518115575	0.5495547014602304	-0.03173689925502442	-0.22048941199561456	0.34093468144577865	0.335808978399225	0.16556327966702541	0.2565827685516548	0.09247438089107524	0.137568482729201	0.0756314890754235	-0.13709594827530205	0.3040189644723535	-0.057774812411018166	-0.1649067457878565	-0.0648067425600581	0.09282652950889456	0.2543763806165364	0.06661721741200119	0.05015225572131655	0.01196792849763755	-0.720015622350769	-0.05942958789955808	-0.4051779674835431	-0.03394893282772123	0.0185666349377578	0.6980871779243338	-0.5812429234578491	-0.16937768731300754	-0.32987422597296123	0.23178718230094086	-0.5206939128769296	0.6389055187229137	-0.5296411783738543	0.6683116959702958	-0.32839375036338664	-0.29919465736514694	0.276431595901417	-0.23148372112123658	-0.5286384161973777	0.523368004712019	0.13810284166575057	-0.045262347522971556	-0.03618409840074729	0.11116467300803184	0.15630754111652587	-0.04387596884474693	-0.6881893649792473	-0.4091647875132202	0.5402058199989547	0.461440383231792	0.1252272334243243	0.39338925730830776	0.16760128798899973	0.5350917787496392	-0.026488328635735837
DTXSID6026169	-5.349693990456264	0.6018002460518944	0.43614009624660716	1.3377568773943687	-1.0912177415539783	0.4707696795099533	-0.38181166649059806	-1.6230301400520932	0.5607218479205676	0.020951812454274986	0.33868796839827264	1.17817882220362	0.7842655673510452	0.32224369834411265	1.0347843313220941	3.47173797336453	3.6911985739814686	-2.194103395451019	0.7116472404581109	1.5563549342724647	-1.1018974592090023	-1.449343424705502	-1.1734764377698867	-0.2235739820579991	-0.14373310402820336	0.5574077959465261	-1.4031563772855475	-0.7736711502430184	-1.2513099221133799	0.48290171608948945	-0.08406483405291067	0.5115628245608821	0.23383484644058972	-0.12498194079835669	0.880588510003658	-0.44730223919071654	-0.6389626389557889	1.0623554567519886	-0.08486261190145561	0.5576417966624841	0.40936009124649286	-0.36681245713290433	-0.5175189789215182	0.13872459920681873	0.39476217728570745	-1.268685138014702	-0.39797970020085327	-0.3466860016060612	0.003703524967388382	-0.3877601576497403	0.22425060000928665	-0.39927272991229057	-0.2877446723474114	-0.24106254729906468	-0.7137909298542975	0.4526010979059857	0.09699821651019604	0.10629252454107813	1.5391422520963995	-0.24922887564297289	0.6286630530249203	-0.6501484002718355	-1.0973230941271204	0.6783506488773254	0.12532364102718999	-0.48078142064642393	0.2207986016141284	1.1655293260115855	0.21635877011815044	0.42940917330198936	-0.6207402118329209	-0.5667176183151956	-0.9824316456782433	-0.2281439726173048	-0.2634331465622582	-0.21784882304306036	0.5162216333001638	-0.26775263623591766	-0.2659577863468716	0.2619908038692908	0.3754350177955842	0.3487316264810859	0.04141440029179387	0.11592952546722748	0.36439809983468485	-0.11255259896111944	0.03281493169862961	-0.20260426322851116	0.19577946504245292	0.21193702021215743	-0.27005332330983023	-0.007850990497372604	-0.09887752588624531	-0.5514997981707366	0.3435333895948452	-0.25303697623428395	-0.49659821544290644	-0.24621268962394674	0.19509404802892463	-0.11154817945048287
DTXSID3024154	3.7370629878482777	1.414210344480388	-3.9109809307083667	1.339708936767475	10.16583571413956	-0.9818690540943007	-0.37896834297414367	10.82222775534827	7.712600890660156	-0.5095424774633028	-5.78091039416869	-2.0772215067867603	4.062339465715504	-3.7149558169926187	0.6652268950651886	-2.0864699426026636	0.45271818577644385	0.20943769767134937	0.5805626714087727	-0.8280586244530587	-3.667569874417588	-2.2690845516498297	-2.1433020137084204	1.0172865353676297	-2.303006243816503	-1.1763943804696604	-0.5799905659188891	0.003928153067939799	-0.29985598892059956	0.4204588545749107	0.94266501806868	0.5459805435722337	1.1839052033350603	-1.1705074437187017	-2.498979669501498	0.5128570011980547	-0.5605235969886564	0.7331927041752696	-0.2933844747177117	-0.4785760785511552	-1.250942284834244	-1.5683183537299208	0.36664194784905657	-1.1226199713298142	0.22917637507809496	0.051264466755171226	1.1694815478664624	1.7045250727926138	0.02656064265571845	-0.2056879477047143	-0.41664927985945993	0.9437533507649554	0.4990988492695455	-0.3015593982752995	1.6597505192128494	-0.812167371546628	-0.33389865404372654	-0.7629017804512701	0.6846330648670615	-0.020531138606913503	0.30886071126909803	-3.7617339059584047	-0.9752666169582961	0.518241503269331	-0.2750879566293892	-1.6163325343898416	1.424338443286957	1.2488993184800452	1.1551903940936106	0.06429279249680975	1.595751929401468	-2.5245978117536083	0.9299009495504091	-0.32987108693310563	0.22488716956551255	-1.6206800996746202	-0.3290547216212632	1.1063529212338183	-0.27238574002156213	-1.294084905453451	0.3591838936561216	-0.2508362805869721	1.380161251047962	-0.05184767369823936	-0.4163355688921251	-0.4707219333446518	-2.265026285583947	0.4916866379936592	0.43322667646810337	-0.4579223099756586	-0.9433926216824863	-0.13607584388354577	-1.3635902722452704	2.685605772776012	0.9364830451438441	-1.319427666459473	-0.19470799212313503	-0.8497936469288506	-0.7660130257447791	2.031657737703566
DTXSID6020985	-2.688900923644125	2.127230092966337	-2.525161583475504	2.678900843793701	2.1287269825249777	0.3578356409483947	0.9225679678079776	-2.275959327481613	-0.5539530938105292	-1.362009965033248	1.3664123697246109	6.357200498753556	-1.1529200123086745	-1.8671868090311183	0.07182323429923532	-0.8375667239559561	-1.393974497077732	0.2260563072558567	-0.08289909652940368	0.4197486275611884	-1.248063180047246	-0.011905839422675844	-0.0735130191861226	0.3009425079917915	0.3263857550653952	-1.1348120455726927	0.24834043258758715	0.5647490813208758	1.0611391588763357	-0.30165907412839177	0.9049106817826738	-1.4813676437972776	-0.8468836886067648	-0.1358803484618272	-0.9872536748885434	-0.4348448842507441	0.3239950734746085	0.6377906093066559	-0.8827459927946103	-0.09995002631528871	0.3003631442012509	-0.1286106348064602	0.17101819892667164	0.9857113969989793	-0.6338387895379786	0.07276226371709525	0.4572936180154551	-0.33388528877205936	0.9450086808479375	0.7394511292544945	0.14402417762685438	-0.08313409430819128	-0.31353685290387334	-0.11195479183764002	-0.6707629842850606	-0.482043825798762	0.06904174790549118	-0.253362646020306	-0.16311625422496853	-0.5439236568814495	-0.8702688852892957	-0.7780780386925262	1.2106809557186504	-0.5007143947590508	-0.7615005447403976	-0.1953908834888931	-0.11134002839795375	-0.8560605057254377	-0.40295574887331653	0.6155645421484178	-0.21928331887905497	0.4748808254862917	-0.14677129921418525	-0.9099389893016799	0.31558316360794386	-0.5690839998754328	0.05470460173516553	-0.9410291886517891	0.08881849444081331	-1.4331364110591205	-0.5265569783725093	-0.34694602696599147	-0.40748780885159425	0.7680326832374218	-0.6408603852784222	0.18790882647890397	0.44363743266310374	-0.5195183223638214	1.512722842257354	0.9213205126736556	-0.7255699893902957	0.8699848164518874	0.013187499529259667	1.2962435558077505	0.12527425511391183	0.2660695270868873	0.8137439052574528	0.34795034840848016	0.30096282677985364	-0.26047588016638407
DTXSID0048846	13.17740690705337	3.861429931974335	2.6223130445664644	4.085345891989168	-1.2876274870212026	-1.9861391665162966	5.249854812745122	3.653154784923722	5.855604065084305	0.4991507902096317	-0.5341904866813985	0.20247018288880747	-0.9492750267716944	-1.2611143819674615	8.193500893404476	-2.8543444686155675	-3.873868174162747	-1.7225652974053438	1.2932958332163542	6.373878412047068	3.9872272585043107	0.1660745451213697	4.171434770119273	0.8190381812918088	1.9922419624858427	-1.2108528675126402	-3.1688027297357224	-2.4064801215754215	-1.4445601616128574	1.582785986597422	-0.5903345975351393	-0.589560519714307	-2.020251181100436	-1.8412731065744226	2.051175130140195	2.094592194645759	2.0970852597011693	-0.5037531959685324	1.1078235338179019	-0.6354435498085912	-1.017668143890323	1.656182779755518	-1.189268124833409	3.179806007625573	0.3440062116388137	0.03148608608072345	0.4676305970317418	0.3341378885322112	-0.7603774191538714	0.19043436373706557	0.5364242447810931	2.181345239387178	0.12187521415645802	2.0421410964097517	0.7591435022725438	-1.6882612562270058	1.4035719725262392	1.071679041119633	-1.6332001828311378	2.112053017432491	-1.5451025106619696	1.2936223368145199	-2.7589005956630475	3.5371334173450886	-1.6718936672189115	1.8479522415962224	3.477592704814052	3.4009160849297526	0.8359592329099735	0.6929748969058324	1.9498012329797876	2.7942107181662714	1.901389884741823	-4.439241837127409	-0.41915406064353533	-1.2071811722165873	-1.3572160852309227	-2.8348925158292846	-0.5767328439862799	2.785136636821252	-1.1786029856721978	1.6392916827910315	-0.73959531522188	2.0836059955973734	0.6807097757876576	-2.0171976982440936	0.9536766127772237	0.6039645838568608	2.3285456669803657	-0.7940718108773721	0.30370426272589207	-0.9248375807971027	0.43709678228418736	-0.8497080731543252	-0.9108580401110418	-0.604925118702097	0.11715293984921162	0.21272367258072183	1.3369566983475478	-0.03172811307993738
DTXSID5044491	-2.751863171585771	-3.7630227866920616	-1.4124494834120989	2.0427112817524287	4.040394823671706	-1.8377344464775485	0.35481298213839757	2.6607999437856567	2.450899130935696	0.658416440628946	-2.240796669546889	-0.798007809884062	-0.08809313954072127	0.48211815599331	1.5728950810553408	-2.4411818818906106	-0.8209183571302815	-1.0735468599064157	-0.4633941779466798	2.834064744901031	0.6505635247897376	-0.2283433758321532	1.7037210748011968	1.288462665768962	-2.213620492400788	0.4516531526652114	-0.9773066302386048	-1.238493001032976	-2.1163041692778832	-0.6446628389262851	0.32012595806217026	-0.20777830584631646	-2.80915406694844	2.3324708291944423	1.3966381420519471	-1.5960787961716845	-1.128210907609994	-0.9279801593551484	1.914726514424999	-0.799079930124343	1.676193656219976	-0.7239645156025482	-2.582264536121575	1.3182510974959059	-0.7346816720952323	-0.4093837058985315	-0.412663031066472	0.3665616153189333	0.45287271054098155	1.5331055034413852	0.9469106668058992	1.3155252941921678	0.20302145206183558	0.588375601889443	0.6678762314803007	-0.27550379027881444	-0.34343645551128804	1.0382348022322343	1.476520013487104	-0.2753444815077743	0.3208841490749388	2.7639761188406635	0.3557387561062884	0.04301889807893711	-1.4309600015966981	0.789364425484563	-0.8929384861053475	-0.7482141900163355	-0.6234229903570826	0.4803121756560663	-0.8381574438210158	1.7280690917565995	-1.2669472713384298	0.4288018497919335	0.3040240492241478	0.5047652097761888	-0.6519974961165748	0.7880748463797733	2.2031766175464584	0.8823859346563351	-0.035647537585584706	0.4371359158788019	0.4331985550917878	-0.5383803411187316	-0.8720391076706866	3.1500553205866573	0.08635604720456179	1.1207604155186381	-1.2655582545806494	0.35030989843857674	-1.1271778152147407	0.9386849849749586	-0.8671696972605619	-0.47311778259290727	-0.20826283960573194	0.6658967908491991	0.3976330838093618	0.1107935879052887	-0.3809078442250848	-0.02440213903899608
DTXSID6044438	-4.8595748727270225	-3.964091215091356	0.8421012078038905	0.6748555790060706	0.48438445473635916	-0.28946351403457043	-0.7874167256556848	0.11045305688367693	0.4974089776429857	-2.1563004249183257	-0.7234356994769295	0.0686702197910722	-1.2213073860645067	0.975302906666859	-0.22082585386880693	-0.9264194105452397	0.157736554380274	-1.5095609103493255	1.246739106111169	0.2705471223414489	0.751988551322752	0.670676485205408	0.9431375931406253	-0.9343747542175294	1.0403935030527018	-0.47289440420058004	-1.2808442505147823	0.8792735086874363	-0.05875712692675081	-0.4749314423634233	-0.6874574383637161	-0.14319330861565566	0.47342962736734034	-1.5461805821894514	-0.3430671698090654	-0.7179971030389352	-0.4797130092814182	0.2505879273936235	0.681307687589837	0.30044480318977246	0.2418301696902023	-0.13538730458930645	-0.5395430141560176	-0.3506743649245387	0.38791366702960084	0.754991504557171	0.6251183813963459	-0.020301184940578237	-0.17976738712115864	0.07033749359098719	-0.0011384304610971483	-0.009960892448770414	0.23345471762542291	0.06477276258597663	0.09339199543874915	-0.639294284211339	0.37670158906073264	-0.7811990374698049	-0.03757327775901414	0.8381451151314447	0.36726673630355555	-0.39856942027778663	-0.26163459858037463	-0.33166669581821373	-0.29568205372199663	1.0456493421603272	-0.01069813368151494	-0.3749976666432006	-1.0010170508129603	0.36908933999589416	-0.355987540026186	0.17115317396871796	-0.7373638942201313	0.08202790028973325	1.016992365600153	0.6681071869147235	0.27663052705225466	0.3827759635462229	-0.13353010442154634	-0.3212123233452288	-0.054379267072576905	-0.5008368856991581	-0.42111564576906396	0.15495351232593527	0.22139370690791643	-0.34253917988777915	-0.17153370780804747	0.8798503264529668	-0.12035289058069584	-0.09136729680135568	-0.05988334054108115	0.2082890154496287	-0.08233715441039866	-0.4259666670944434	0.0907329091870718	-0.16211485611926557	0.39624162568966176	-0.07493493490700383	-0.23989487386378114	0.09607413374891002
DTXSID8049040	7.651709017043511	4.2891888167338585	-0.027709616885482447	0.9359994466293234	1.7274343304581459	-3.606848369188833	0.5959609628810627	0.24771317389396974	-2.815353049053689	-0.9653166740218764	7.312692408542078	-2.0717244617262054	2.544968885271352	-0.008864969264065376	3.5816788159458097	-1.3703544270895167	-0.5334806533928687	1.077593073659182	-0.8385296245077672	-0.08632244696097033	-1.8631266254844878	-0.04963801181321261	0.5621392431872524	-0.5458964014147639	1.6955120990010242	-0.7479313716520835	-0.2638246411613137	0.15535457731626767	0.1475792703664221	-0.5625685503297195	0.8022304954591155	0.7043212187469902	0.09980757382184487	0.580282648460243	-1.091854051231499	-2.463746878747927	0.574670301917969	-0.5843786203035451	0.014589799779960508	-0.035351776684045565	0.19286962158914125	-0.17509370245018147	-0.5267623730028274	1.3295157691810287	-0.920686115837503	-0.014438406431893737	0.42321566300744234	-0.2874410658020627	0.5610639013145158	0.6735091570245927	0.11997545075852503	-0.45816363158459145	0.1425380679479387	-0.5349559907171849	0.567004016174509	-1.1890116814309357	1.0296992420157463	-1.408079687983938	-0.7846450502327124	-0.45607110232434506	-0.87941368247747	-0.5965647616275667	-0.1772965954929934	0.15890173083092238	-0.3746959275603308	-0.9710785988841584	0.12825214496999066	-0.22085241335245348	-0.26212313174428525	-0.5145316102267947	-0.6274037728662796	-0.021729518325420444	-0.17233868264221938	-0.29740470199047314	-0.2643081523538944	1.1326283494384588	0.07181240494266185	0.27040287917058464	-0.12514569643237786	-0.2162495059542692	-0.508560385040971	-0.22216196297543933	-0.0836348844610698	0.20150210195482712	-0.09872961002050286	-0.38817663135215164	-0.8794804738633499	0.4316230828400276	0.09884723767679757	-0.36882489760422216	-0.6711076994076113	0.9623800842755174	-0.2534362083472024	0.5977777233349707	0.655397946795385	0.5519258769755206	-0.46766416363610774	-0.4740141156000512	-0.17870353802141406	0.47778524218786617
DTXSID7020184	23.73408675494468	15.49799154087908	-13.152524139777459	-1.1140026045593017	-1.8955836256344587	0.4684778541686754	-3.473132034331108	-8.933613765575364	-4.049562479325122	9.20989978241449	-6.790726930695318	-3.572241474639189	-3.215326037223299	2.5436528110299683	1.1468741617278266	-2.5588354405914573	0.32434937166573846	-4.8438002622980285	1.5368595034110981	0.2739689951051815	-3.224883045157412	0.1230628402994697	0.9423040216460763	-2.7193096393382876	-6.2152605934722684	3.454531165005141	-1.52994430688186	0.006130142061275784	0.8426815180294749	-0.7589905332184874	2.2093290787737114	7.5531421392403795	-0.3619017820230539	-2.442260458506826	-4.6277461402310065	5.7519682841858755	2.9926812496925406	-3.8106193642122315	-2.4056418354213602	3.1318853493879826	0.6663294936041488	-2.6114978864007474	-3.0599541208371366	-2.927431320031472	-2.5558575467686957	-1.2897768655742656	1.349415398682236	0.5616802412697296	2.403128072919466	-1.4837437427255284	-1.2822281615760294	-0.42865148190367114	-3.8217046171848064	-1.5032348421571824	1.573926679383904	-2.977268996886737	-2.1649621726374266	-1.6283211139958111	-0.7804244073752815	-1.0372213568788826	2.7874364635407267	-3.427938271826541	0.0457596147861608	-0.19179031005175942	-4.16926715346254	5.499098593762994	-2.335859538755078	-1.407110607483676	-0.827733175614427	-0.7263421521248097	1.2383412916373895	5.064358590220231	1.5278102230401573	1.2466387291136942	-1.2050628830367367	-0.9489436957919872	-1.5769071360776066	0.9172085471307683	-0.6995652687916464	-0.8504769568224843	-0.3401661180077319	-1.0865111165863943	-0.5709053068490856	1.060790135784852	-1.3682416451818427	0.2601214471020358	0.17835161250680592	0.29248140406542833	0.9452255372596804	-1.3404687104078472	0.13626765045554157	0.20997317995100506	1.1769761951724385	0.14081596079241376	-1.0553476899542467	1.0444353559560298	0.04490099630401883	0.2776206652187847	-0.7851847881850861	-0.12157625480672005
DTXSID6044307	-0.9360630151668752	-4.038608014208644	4.593564401220109	2.405176125158515	-1.2258096111239416	2.2093193004637617	0.5123516991346021	-1.4478169907020972	0.8948410703162636	1.3307715640345001	-0.0005937301087154952	-0.4743814237008117	0.20733420807613145	-1.6789130034580297	0.6068315517870309	-0.5131967676381652	0.4611172331855752	0.042173034812932754	0.7529394339053797	-0.26128321771350654	-0.20723926046305	0.2665427767735742	-1.0390062898956978	0.018326354692948656	-0.23734399372985984	-0.44780872407865463	-0.203187556928607	0.5612849723562064	0.3391241173441992	-0.07398387625806668	0.05043961581409115	-0.11614868399293178	0.05401485161672081	-0.4807783516937278	-0.01968967563565782	0.7485468448173472	-0.9350339178206005	-0.2842340174292457	-0.11908514779324367	0.6251474261839454	0.04590906688457107	0.4085256853989258	-0.7972393996906447	0.02567310088532039	-0.2463590916581483	-0.015834978698807643	-0.0020144350115937006	-0.26589306285363334	0.4322183685412074	-0.1664982592023917	0.03973251162142422	-0.5479562835640571	0.009325447820561597	0.023896590361559653	-0.11300832086948634	-0.01670744699846866	-0.6610997830046556	0.3317265208741661	-0.02117865153788122	-0.358546738101052	-0.34385169005467053	-0.2967068125813601	0.5591653687167772	-0.7901107359053108	-0.06720140654981038	-0.9506423624551864	-0.6246229446439157	-0.9547415512383018	0.13287291243111526	-0.041611745562493765	0.3125465303646007	-0.1270752608296906	-0.42925418214312633	0.347534150542518	-0.5293096264967997	0.34263452778528863	-0.21952280904542376	0.43208474708333977	0.008647291004719162	-0.27520699581403096	-0.10512630591542522	0.7150935911959052	0.4286667547605785	0.2782329232554073	0.5898940949464325	0.147770559900255	0.540832974212852	-0.6406862190602668	-0.9952076760191254	-0.4332471091214048	-0.6071127078827095	-0.6520037983150757	1.746584460792448	0.5179790029750646	0.5411546752899651	-0.3134449948119795	0.014407550663327164	-0.3433071973592092	-0.9997582926652914	0.36295889555043936
DTXSID3030636	18.614318020053723	-1.2621663915481605	-4.943820648897244	4.107823539379366	0.10507246875496006	0.7669970233323247	-7.0076693337557785	-3.5747545833052774	-5.364554766076163	-1.9397025163494677	-6.957358657240759	0.07362510385663858	7.0581930304019105	2.7141464791662546	-2.3789983110669373	0.12285389940886542	-5.585500003618502	-0.749159321441306	-3.4406165398835937	2.3897407311374375	0.8377178744956232	1.083186171974949	1.5279161787159834	-1.3805973149494035	-0.27866203763276265	2.2439251933147166	2.536663199583972	0.4020588627953175	-1.6786276023793691	0.933875047834764	-0.4273484658005927	0.313913718857767	1.609630686664185	1.8925474101890671	1.2326331484262403	-0.855177562383926	-1.131441381754842	0.41564807262156117	0.562235742918927	-0.7616756921105611	0.4032993796562735	0.37300163186156454	0.36420401153114673	-0.26078706204918894	-0.8915129600593347	-0.37009625138394814	-0.1223445025461933	-0.2655993524877519	-1.1282158673670577	-0.2839369724362953	0.45939135293904315	0.3479678979978185	0.24558430883905571	0.7429608117139591	0.421824867978267	-0.3034591124845668	2.174853793693507	0.7011433867474278	0.18934194695526574	-1.1716961944104127	0.7803686662621322	0.9119310770308325	-1.246523106499846	-1.4415900513790698	0.6274416285949115	0.9337069078990894	0.9800603820081197	0.9108490394373058	1.3855015709539718	-0.4202784711119567	-2.817113154389906	-1.1280879833814421	0.5731093129770206	-1.2585177289886114	-0.0856169728476095	-0.1530532910234374	-0.33621381085953045	-0.315282649333431	0.5687729418425428	-1.5619476878985536	-0.07731566544844667	-0.6878843676104298	1.0674917430918387	0.75903264908188	-0.23449370110228893	-0.14991241499230898	0.06532366957770996	-0.5100190964985577	-0.3349483520555061	-1.223011588302932	-0.6057767567312682	-0.47491717553079077	0.11893963267457758	-1.3275437474591898	0.3679795851166936	-1.2635572170382339	-2.3302878319667917	-0.5480963733138456	0.28628127134570974	-0.4442400052090425
DTXSID7061982	0.7409732044081417	-2.437322147776027	-3.315175997575565	-9.824312110985113	2.419214411603259	11.32482809798823	0.7089249927546991	-4.670328781380821	8.222298827607764	-0.8633727550395683	3.2755491912959203	-1.2425012792899826	2.9064827955391896	4.712675779751989	0.39673250060014476	2.28891220832317	-2.530130214891709	-0.14722186851046318	2.515007771951605	-0.27024889754561987	-1.8959937622538816	1.4602408730471732	-0.45607543888325247	-0.19902830384552353	0.19504683062394076	-0.3528537084100652	-0.37931151477615027	-0.06400253295698274	0.8491035700327326	-0.23935504659580242	0.18964404454644257	-1.31973141951915	-0.8196537700081166	-0.12469724060383715	-0.22286846011350356	0.6072838365162433	-0.35152046106050333	0.14269258718437716	0.22168583827413899	0.5159538899895005	0.3179473036159051	0.17113559333742392	-0.30175807492460255	0.2317026394641839	0.08697549296139236	0.7982775965670115	-0.4171534682857156	0.1378761350618446	-0.1460791766406912	0.22326498494528355	-0.09950576284587578	0.00489247687007647	-0.35517238251126804	0.26984221318945906	0.24851487639729727	0.06552753374288627	-0.08246130616256331	0.8587972790280953	-0.818616692307331	0.3566457733995334	-0.21891138987560652	0.3567522635739033	-0.300808583075687	-0.23252241962733017	-0.11641531758844274	-0.4423469775626465	0.06531376562684323	-0.5071512409207501	-0.13079445621475472	-0.9725116387665607	-0.23051260401074725	-0.023401574957602637	-0.2268329201168603	0.6546732675400019	-0.1474232168438811	0.04956809648159774	0.3842344132570071	0.05521287976755291	0.18036709854086627	-0.24554458115166375	0.46835986147830805	0.13533221702580656	0.06451926773114505	0.11982136647571341	-0.25264719676112857	0.2525625172686761	0.09728560392613747	-0.3789485617036132	0.08019142712173206	-0.36287335185644176	0.23349737996079292	-0.27433342929124827	-0.483392666893661	0.3968584148590013	-0.12388767723202487	0.1019757300587518	0.2074698920089231	0.1327448971784066	-0.2787673822886464	0.2734251669183223
DTXSID5045176	7.681126484562355	6.125486953521449	-1.3486083951574914	2.9214192973567465	-4.420876298847703	-3.092688631808749	-0.4918611169950233	1.2633604765505282	2.2078163922964364	-1.2941443107829003	-0.24161278086928709	1.0690952597340928	-0.8963395343278655	3.079502356054309	5.050859431832843	2.1169147348222497	-2.4611794262740108	2.5828503592221765	0.4246347454572588	-0.640328044248954	-0.7947048874395954	0.23942292058715722	0.3649877107657412	-0.306076554031761	0.5623092812161611	1.7570123799536965	3.7157664246345137	-0.8389788299428762	0.38243712162660914	-2.2137571361790616	0.7381947965890092	-2.389898379761846	-0.5428519258483625	-7.645384139936643	-0.007923092501030373	0.8563438298756875	2.9573955557405323	1.0772331285998764	9.102940281315105	-5.320369519733449	1.2208260119146654	-3.0360451175970287	-0.7714275348919722	2.852405434782815	-0.6327971272333297	-2.2531140575599933	-0.5079652098303409	-0.7696407310378107	-2.756574374629179	-2.157925770025908	-1.1405468344693777	-5.176046100754573	-1.491441461687614	1.4889096915790563	2.430997336233513	6.263123289934646	0.18884477565112057	0.14497881249440037	3.4460500758648007	-4.369703876774944	0.5182721318102368	-1.4281713397970874	2.0753653240149452	-2.8470041087294233	2.593546589982677	2.9781696128666795	-1.2488741764298066	-2.212227872712945	-0.42733031573438346	-0.16708293892351858	-1.091330391278116	-0.9719194490635337	1.1511610340989882	-0.6722646804448861	-1.1075607188363046	-0.9985073397712129	-0.19652353592535998	-1.3646147330610465	-0.8821509190446982	0.05643986507245556	-0.6074956711992845	0.48008802467985184	-0.2525930115594987	-0.3914813958631926	0.1985950101825159	-1.3752613466324493	-0.37975061534796967	0.10934546320670273	0.11022778795895247	0.7894194335872029	-0.19554131224351323	0.2647646210284858	-0.10776724945923366	0.9013999209883825	-0.9574591619767592	0.8950514532990774	1.4228552052143968	0.5788714159751519	0.11618589430440507	-0.09695828524120109
DTXSID8022111	-2.3805817981878006	1.1705096385341107	-0.5702269798515883	0.27971521703709074	1.0698201990072786	1.3187583718529008	-0.3928353998080369	3.750803571515098	-0.1973019065189919	0.17391363375531765	-0.7652599729057774	0.10472028596400865	0.8193536886512738	0.7646722687171327	-0.509124130584901	-0.5607257617199286	0.5483475569046729	0.10906670091225432	-0.3828063261106163	-0.5224941812676928	1.1319983778701876	-0.6222404365405512	0.5743226239346565	0.881659596488524	-0.5070249009604174	-0.37897815375049565	0.32146753136957396	-1.3070942913714716	0.07586242006341773	0.052302549806670824	0.6479971940482938	0.127381985314363	0.07590242118228512	-0.9317544352742245	-0.18011483121959995	0.8819725822525257	-0.492513748946913	0.2693915593936321	0.19120208642529368	0.3539310748466599	0.0059777214202647215	0.8287272900693822	-0.719726707530078	0.5250476448399841	0.10362007020468227	0.4009235014301474	0.16492429464268493	-0.021695422925221922	-0.006681503384522236	0.5270033795061823	0.055311001123251394	0.23823215085520164	-0.06413260227484274	0.23965487136316146	-0.3501706593017673	-0.18329586764228956	0.1442500649042705	0.02175073264077738	-0.8267567769777645	0.5310853776512963	0.18727333269954272	-0.14139477789747265	0.33280342063718593	-0.016310377565099617	-0.41744009746422567	-0.8501199134164577	-0.33042139400167486	0.18518071597327893	0.47146479926060886	0.6994649220838157	-0.29287686481273006	0.9139835024092877	-0.5087716514791962	0.8944616343582855	0.4236123213704717	0.15637409354791257	0.15673618303002096	0.1706524662458513	-0.11999839632520823	-0.4208051145502448	0.31693531091760974	-0.4835860495064099	0.28042901557785205	0.0993770560605438	-0.48318963833814693	0.323979176414128	0.46822301515769277	0.39075332919563255	-0.41453941352374596	0.07580563430783323	0.845466611875622	-0.23543030670969875	0.07203007725599382	0.43171008903232344	-0.14594505109635728	0.48517288154896515	0.16147420164809512	0.2390961375861534	-0.07147167090993407	-0.32408375330063915
DTXSID7020978	-2.865312226174899	2.812134474319931	-1.2669241374418716	1.9262619644060144	1.2909994530641151	0.9258580642653667	-1.9567298883848014	-2.090980166200699	0.6164538128063605	-0.20944018172593276	1.3257554341974844	6.49040296653656	-1.5640425008110448	-2.281492091237856	0.14733782589043976	-0.3414580654102253	-0.9499214874585187	0.03050297441754295	0.49777908169863055	-0.5017120911406324	0.05485811677990182	0.16184200294322162	-0.6190960027462427	0.26026254632876294	-0.5578891328367634	0.4083074817660297	0.3241748805276942	0.1711535119367311	0.2427043171228133	-0.17036836772435354	-0.3664630707173042	-0.13464270796279598	-0.5836217008026179	0.06715574989986908	-0.7545617941831211	-0.24687463246304653	0.4860147782558743	0.7281294694563287	0.07494813735256382	0.04575216502417707	-0.08414457862108865	0.34604851951931354	-0.27512113823153217	0.3701199617291759	-0.5572477471408517	0.4524255067959901	0.18622794445245455	-0.4327040627323253	0.3231813198458776	0.2942704556168479	0.03244969581444047	0.2467730842065485	-0.28215876087231306	0.08146454974448931	-0.07857542167821738	-0.4088951138218691	-0.24273742290716646	0.09935045835645948	-0.3454342350007276	-0.2744392873587103	0.1106874412988755	0.11556826786383108	0.12353132085748875	0.26012739768321996	-0.3414324628014233	-0.33242596438094857	0.022497828403534703	-0.8067095151407984	-0.0923396573470066	0.5863533043604005	0.36660036260925744	-0.6736316178498609	-0.05144445576814911	0.07731568903968453	0.6136229031790708	-0.12039438146394547	0.2916085710360938	-0.2629886971814751	-0.21836727636832656	-1.0950932086287768	0.19465483831894095	-0.2591674277825968	-0.4940910546945887	0.5659598039326059	-0.29644367781597025	0.6624623064006874	1.1223080693386143	-0.4581416096398274	1.1838645328277297	0.8448472799001283	-0.5556787401200514	0.10927325943528766	0.005900713870129078	0.3732202078204626	0.03745627388076198	-0.19710320359400588	0.6791915733003182	0.40006314140950433	0.2551564151932734	-0.21020260876961316
DTXSID3021304	-5.083765051197664	-3.9459124892710107	-2.177848292324768	-0.9140009384940277	0.3547615043977299	0.4665707280099338	-0.3853847414414081	-0.9625147441299339	0.00985946003373289	2.11814249433865	-0.7553139363830031	0.04078275306260832	-0.7265899680341338	0.24646335808080194	-0.23501782940696142	-0.4439271958080705	0.3144392923290043	0.5923243282416957	0.06839604542824941	-0.5092461478328534	0.9240105871716966	-0.08244509361449022	0.2389969527730446	-0.3730136228280631	0.49987858636161964	0.4376621886262253	-0.4673025803220038	0.3552494495341733	-0.20230475493975356	-0.39485094993646247	1.4277668542292798	0.3580589999280804	0.0342584213937615	0.1501616055846846	0.5204185756209969	-0.9395283855619513	0.01303282899485501	0.07272540343717485	0.17505840127241445	0.46740699240204836	-0.08705095702668911	-0.09881243694491733	0.04324546830883233	-0.12633549000982366	-0.4516033952280374	-0.1575418094789119	-0.11958034284512792	-0.5808663046086656	-0.028337670265570995	-0.08036679161193755	0.07976392264244855	-0.25723490700331475	-0.06281436950484623	-0.15986691988030763	-0.19491915712438554	0.007526965220522396	0.21103294875680126	-0.019499434512390234	-0.047169584828575674	-0.17760950629781935	0.3112828972630769	0.3564532181224483	0.09768015056405922	0.15203593449099229	0.16342286572754575	0.4040373199639427	0.05162916067725039	-0.48422267551917647	-0.5112729614292546	-0.4895649095592462	0.3589657326349639	-0.11368724034192833	-0.08589799054593233	-0.69961658206314	0.10383780147613689	-0.4726042592523233	0.01754328208517414	0.920509284442883	0.4897126595861403	0.3850948597760622	-0.9668559369132221	-0.0979150188936563	0.6704672643853362	0.2524836896020725	-0.03764586458428898	-0.7165859540768167	-0.467605789253899	-0.216128538521899	0.2406044340970693	0.22158033256700818	-0.5000006377607058	-0.25526705751490775	1.336523537029223	-0.661273064919889	0.35546278614043264	0.35056379773934293	-0.3574398864650235	0.5913805191192892	-0.2473643761385005	-0.9488690731629513
DTXSID4041440	-2.2700123837455743	-2.407222115586347	3.04051714605562	-0.9138933994571237	0.6485568037285798	-1.0062636691136222	-0.45274942726778655	0.17773412192510843	-0.3295079411345921	-0.6460839817608489	-0.8584797707514609	0.3603221606124248	-0.34603951237384556	1.457870599255694	0.05551597756662219	-0.014775869311058676	0.5553575604662702	0.12351007923400191	0.8190099876631114	-0.9654825049331905	0.10865049479165349	-0.12104587529228135	0.31022002337750315	-0.28694772625686304	0.505281763427375	0.17075277188717322	-0.6486608456832684	-0.6198441620730569	0.1583818611173573	-0.7459267932593132	-0.35788775441908766	0.40322358768363276	-0.3549316550092275	-0.01766315877567884	0.08795487383410334	0.1469048417163272	0.2982562343189413	0.6254377820746319	-0.611909732691452	-0.21300433144113373	-0.02760430392701878	0.03732079035606255	-0.5002608295008136	-0.4190695144300744	-0.4259174075012045	0.14827668749591336	-0.0879546338383085	-0.23723149166894011	0.08136577263948684	-0.1275911066154505	0.00281065748169681	-0.09235350679037459	-0.03812570227152865	-0.2497328767882539	-0.19681499742565411	-0.004730925556389545	-0.2531875172765584	0.23938598471379835	-0.07607221700305504	0.13562746967817504	-0.19277882207075356	0.25259810896502644	0.6962074484288301	-0.3313466514205575	-0.2573114472721995	-0.6837792098692866	-0.33182378835788495	-0.3883695658975678	0.2952891592830503	1.1442837556895091	0.059922740761965305	-0.04639478789209392	0.849367482026961	0.04797543374469864	-0.39701572565402166	0.5843663739553415	-0.4806644877409181	0.5528290300279316	-0.30304829119865784	0.2623767622629884	0.5028437322271293	-0.369697061169426	-0.010428421047222499	-0.005473872857298069	-0.17177977762624308	0.004736629155362791	-0.6055802476050708	-0.23328172350781973	-0.46420334822008785	0.34119591936696936	0.4024945828629123	0.8964179776529798	0.16039155334450594	0.19237578787131487	-0.5283227825716289	-0.042986163030443766	0.2014850196132981	0.35249940054561263	-0.053230150731239725	-0.3987943502041812
DTXSID4020450	1.7520697915233905	4.979325685518131	-0.3127988835999019	-2.1541708393921315	-3.3423007130996507	5.176348442932672	-1.1514011135165945	5.585624736951136	-1.2692669932776732	-0.2586892057141785	1.1561990152049757	0.7140136477313096	1.2639119522192093	-0.525434449807625	-2.6726408293323054	0.1320003729200081	0.12321720549926041	-0.10000868393632072	-1.1201614567848048	-0.14094204843837047	0.9929173402965291	-0.5624457152381886	-0.4797045927836795	0.9177098474069967	-1.0090216343971241	-0.7824775950430481	-0.01902410652438187	-1.8925032821868786	0.40167605110268395	-0.3615805330790343	0.297621315886823	0.37218388923940565	-0.5284195800385908	-0.5770861778688148	-0.10630722637684252	0.43050552863576497	-0.058742760337329135	-0.040814817657372514	-0.18487899427515814	0.3237172458231412	-0.157862969988041	0.33678308819509467	-0.41273459845979715	0.46619938754916673	-0.28125063956851754	0.47857309001744813	-0.11391927023824994	-0.2883517141877923	-0.12132636763525359	0.3365529891646849	-0.12462829764754212	-0.04795044631532142	-0.08170809289594327	-0.10870622760924618	-0.4391890154364561	0.11423021481523238	-0.11467949298350137	0.19740025364110264	-1.341655557178009	-0.3988665010181522	-0.5174322447880658	0.1125110718187097	0.28589927930800607	0.3346732854239347	-0.566879630071776	-0.7941882891382862	-0.3226586607630397	0.6380777597151226	-0.9991701105169752	-0.30125626123763877	0.2838436163413711	0.8241161309846913	0.3502677889994336	0.4548339793770251	0.8749478832929615	-0.5169107958176954	0.7891009035499431	-0.858117162300307	0.2580502906234895	0.46923378290998885	0.800927209257398	-0.8829365575854755	-0.08471594222302384	-1.3293350015012895	0.13969216631431852	0.6121151479617213	-0.017401800826194014	0.6339435743310656	0.936373132756903	0.31782142177882483	-0.24063440193941266	-0.09456503838455212	1.074313225368735	0.6100686196146128	-0.24908125520926025	0.9415076995833853	0.41111477318529144	-0.4071417585927627	0.000776816171374562	0.7206599974805703
DTXSID0046272	0.4443149581525946	3.5326909193778007	-3.4097729737771356	3.074066809499353	2.1540327077927413	-1.563628250652025	0.01745788199786306	-1.7262637853800524	-1.3344262018817725	-1.837212535865057	-3.568086013830026	0.05171909609401942	4.634867774803473	0.05301119594449971	0.3064784441886509	-0.05016894827969177	-0.917916246139589	-0.8090603116511658	-1.084917329455279	1.509416110368768	-0.8002261066100061	0.3079308639772519	2.164331130435773	-0.2077559584745852	0.7270118767841507	-2.37539947943884	-0.09108562166635062	1.6985604289010807	2.290945544676415	-1.9875626921649405	3.9065779368661615	0.5571022785800278	-3.289652010883298	1.7936704226986773	-1.9589925919854518	1.6057405412418198	-2.5361665479195135	-2.363885387637558	1.4292546407849365	0.6973002100466459	2.5733565773932265	1.5528463061237088	-0.34759270029333855	-1.0795165577072214	0.5299543735377888	-0.44794198579815764	0.20385871045849302	-2.3943793949588286	0.6799236256724959	-0.5522747031262918	-0.5803232648553138	-3.4070956442109925	0.9955122133919199	-2.830810524657941	-0.29089362182850176	-1.2120686789232165	0.715916165254001	1.4007326552599568	-1.9691321973858438	0.762355066201174	-2.640726905008512	0.8942136141733755	3.3446875029790473	0.3944727618885488	5.641480016160094	0.37823349374846527	2.467152125686104	2.0911092474015076	-0.553209548714286	0.5188502024606556	-0.8722072963855869	-1.382229275505982	-0.6048515554356693	-1.2862894567952283	0.6763698214165921	0.31514544492741586	-0.3588997575219054	-1.388201995301912	0.09545911935876779	-0.9628872545463133	-0.20219415723037762	-0.4439936041908208	0.20942079957375234	0.7466987708284015	-0.4132826791947916	0.11012019963787976	-0.3472937391284508	-0.08242219659920955	0.022219136234824573	0.03761190803714686	0.12436591989414952	0.41129695826321433	0.7880381384649555	0.04258733953914876	0.10374380998945201	-0.31820728314325913	0.3438691847078529	-0.16756262578688627	0.23918746641732852	-0.19978739766972317
DTXSID0049363	1.3191573545434625	-0.23395200178270023	-1.0302190646953842	-3.326069413437061	0.7136411962097348	1.832927532456	3.6815476244205603	-3.1542156105764136	0.8795147381288867	-1.698746061288992	0.13153474172694407	-0.5407552374531416	0.38261052464061535	0.00872924190379843	-0.4398871158367844	-0.21606302225264962	0.9716101842680825	0.21782236261039709	-2.016747867067328	0.33836802119183507	-0.9689637149987561	-1.3063239368279198	1.3129778706295647	0.24660542993911255	2.1074341725235084	-2.3330943715015593	0.039362005989020774	-0.17436826953039167	0.5331296772621648	-0.21740632247900335	0.3397715599442506	0.04993537364396912	0.7917053575159435	0.5397029060830414	0.22231263264236922	-0.8024894689155175	0.7190555926232186	0.5180258277731248	-0.5161409580850957	-0.0524246946163681	-0.1217492498504234	-1.1718418047831967	0.9581740857919859	0.1197194010860224	-1.1359350069325937	0.04895893180366656	0.7595253359165584	0.2539381667449061	0.8994640661947367	0.5892039820025151	0.3303454245738452	0.03978713525178891	0.046301518858381324	-0.5042527242393254	0.5390885001323035	-0.0015832529293687188	0.2997423037009938	-1.0429243585909	0.44277049575841404	-1.2147356429398242	-0.020581903047343968	-0.5603439539673915	0.9302899678157585	-0.8217351124650475	-0.07932983374767218	0.6471837294623052	0.5440802694607513	1.2109402304616956	0.21373296602940622	0.962775879185077	-0.394829848902587	0.6417975066616693	0.008358820326594447	-0.7042152244611074	-0.43668609956397947	0.32277348266252154	-0.3205990511028737	0.18814728017564666	-0.11130613249629807	1.1985509517945119	1.917623496045269	-0.11768403630202953	0.7539294826624214	-0.16085973067887557	0.04309601324602839	-0.407725502395453	0.48695902236642785	0.9220783076587374	0.8509337197191345	0.771835267476132	-0.5235723565800182	-1.0430363287759175	0.08629616669616835	1.2151386357668574	0.5306620773821906	1.0049595283027999	-0.47262283387421	-0.11523212633372582	-0.7151630816544741	0.1782938647966122
DTXSID5023796	15.15435683256029	2.559683863337232	-8.202809193294351	-1.1061462392925017	-1.5649348357332826	-3.934137710972411	-1.6437258341894783	-0.22780525820347058	-1.510379963946636	8.51242958719566	-1.3540697226050549	2.9271131250980478	1.6580018205145992	3.7066584305757435	-1.2084981911687482	4.675051891397475	5.360702158215838	-1.777000588059558	1.1047104009761053	-0.222142581646171	2.2426615356977875	4.875465560682262	0.4186837498206558	0.5119129741146183	-0.0032820243828425195	1.1276593150593106	-0.44869321904660425	-0.8912768395234969	1.0227263931579982	-2.2811788440408245	3.437001303445847	-3.2570005220462868	2.4332788087468873	2.143868305853935	1.3070262155391241	-2.3996574063850904	0.9371224113663229	1.8021971524998093	4.32192130329787	-1.3492341832367063	-0.7079124469433934	-6.129812187260123	5.181278901522083	-5.277742116102069	-4.286843245553511	-2.764880559793426	-3.331799642075776	-2.6331569497526894	1.5838692159568366	-4.645605941670739	1.1010256271519523	4.025967295687086	-2.7934841591128254	-0.8617770137905674	-5.837707793695007	-0.2439391631387692	-1.6676929069462716	-3.0953277395483116	-2.425011508230247	-0.2584264520752291	-4.557701446034083	2.250337085113314	-4.025440191762788	2.895267111735582	1.0755324652761995	-2.138320942223684	0.48642137482837533	-1.1657761264402544	-1.6795531467697753	-1.5362950396129442	0.6838457229010678	1.671315855323568	-1.0796019661907175	1.373008936079272	1.9899301956682909	-1.7753519279380852	-2.9835724411628917	0.6518990644146114	-1.538108364006599	0.5252634620815849	-2.3987785347279935	0.17881263844869316	0.39595891072485734	1.2965946202852634	1.9098832584045513	-0.25082715273253586	-0.25358975501764874	0.985289806559357	-1.1563559124011458	1.417159009563141	-1.717958545908884	-2.7641708888311673	0.6338895584160443	-2.3286892552467955	0.6548914636699736	1.3642348711277559	3.178015139530484	-5.794049084944856	-2.3944998488946854	-3.5879096789511244
DTXSID6023286	0.9015872640434608	-0.479676485384321	-3.4971807310008844	1.7448793557889055	-0.17809756139310165	-1.886332505007545	-2.705483777364215	0.3951876775555604	0.3748683237448895	-0.14657542289974426	-2.3855011175845813	-0.7729501022098707	0.41157517167940505	3.4951120421668267	-0.8128408165306008	-1.0748965707079998	1.0493166314178273	1.046733787198584	1.5146995655105344	-0.052388212093424175	-0.8797430447894552	-0.8835938370239632	-0.5079673479457337	2.801420791173392	-2.648169875427001	-0.8471732728193309	1.92911540764279	0.05091480935136754	-0.36824313110614504	1.15481131257992	0.28586966969914496	-2.1421700826900474	-1.1845531448872468	3.399399497947386	0.8408016214702485	-0.9844873562603271	-1.6294542444562055	-1.5130222065236405	1.7994082720670845	-2.2187267963955954	0.9698181798041909	-1.369868916058809	-1.673140084188117	0.3218734669444829	-0.9563140652603991	-0.9439407197075702	-0.23519071819458653	0.46872629826277096	0.35487309211989704	0.5883770316945482	0.7088219629240257	0.9798773202140192	0.2928447573893424	0.5351831724779825	0.7292014728193098	0.6363950675106446	-0.026307631874644164	0.8970090092695076	2.093082048659379	0.160244120244225	-1.4250556269023291	1.2139250748937291	1.9380320803890312	-2.064133241200969	-1.4991162458850391	1.7066832399914729	-1.065646902631091	-0.5517188927273647	-1.2369811807249806	0.2187947119838728	-1.0349306850814313	1.4268000581264413	0.3587309245630792	-2.6470150343536893	-0.30990663862845513	0.35896541679583344	0.42434820179210003	0.5229090188220358	0.2608216629090299	1.628806232277279	0.01578775705563616	0.7037073027768902	-0.33449582995412	-0.3476507997081794	0.21925311517015889	-0.5923148747929466	1.0485735121898458	0.14641248229196865	0.18437152829957867	0.18769273906514417	0.20090842571543435	0.06252737778044624	-0.2490101922808322	1.3235202954183916	0.3919560034455302	0.3365115350281727	0.45592647304943434	0.04190348103899631	0.24577502996883732	-0.32810018367302063
DTXSID2023143	4.763604133790936	-4.375253819925573	-3.139854301900464	2.126564209261841	3.2688857238250346	-1.8565709880240182	0.6952376754871222	3.467795784157216	-2.1868985742435676	0.4021493637492273	2.1985565029684393	-0.2527133169831613	3.4573379875158645	-0.6116296606680266	3.674599292627522	-0.3794187073327454	3.52445701940743	-1.8802808084968496	-0.25858147211253024	0.5466429685816837	-0.07506200258363889	0.6009702596099833	3.9288574558974734	-2.785728612592223	1.2155776485468737	7.576757359510094	-0.8643680490958675	1.6087057489877323	-6.213156835336123	4.541127648735389	0.6450742970528727	-3.4510394649846066	-0.7616111366398755	1.082500230602644	-1.4239435137289098	-0.13853867410752518	-0.08978272075960016	-14.508320764380999	2.8521436136681246	1.1545728919449891	-0.10650764466333747	1.3690322474292298	3.401586485490761	3.0767548765996398	-12.05704546792129	30.61357881876981	7.63547647516894	-9.09430458688648	4.108246645612904	10.889917313459764	-32.72778179680459	5.665793439296287	-17.510084382724802	-6.154368151030674	-17.7781299375518	10.646642579339403	3.6919886426326833	7.8934862281137335	22.20788906233627	3.2505494740101675	1.012315514187188	-6.0407290127574065	-3.2498584881109673	-1.7573072779137577	2.791084895462524	-6.418284498363072	8.96287351486194	1.709270466131551	1.3188658976004561	-1.2686117765110787	-0.8345431687356658	3.973664329609698	5.015399629892041	0.7645032368539191	3.509401235884813	3.3924757222541584	-1.118430698591782	-0.2772350574695936	-1.931210539684146	0.5981275414712159	-0.12470399322637857	-0.24108639844492427	-0.5385159308975126	-0.64347708657053	1.7739022169538468	0.3424273758989711	1.1400299550554074	0.33311578048425994	-1.1952947077659428	0.6627417472350133	-0.4252800296947989	0.053013695438839194	0.29124024273686766	-1.6490672427043394	-0.5962484156835953	-0.23727969392443488	-0.8524680627165357	-0.8952660474145845	-1.3463134341345306	-0.9461155370136648
DTXSID5047037	8.919068490313713	-1.0052038459358212	-0.15171715855932916	-1.64707036889344	6.314789800434988	5.395474053813206	-1.681431624615714	0.1227494131735716	-1.0791869639263196	-2.313307304034796	0.2687441259908717	-0.31664002838877975	-2.28448102524007	3.1059372574176694	-3.628090913621251	2.1633537235098514	-1.7252692683236381	0.6735855387058425	-5.499255386379734	2.4900834301406816	2.3724257705683933	-1.0549138179681994	0.6015533020499911	-1.4470508357544372	2.4197126027091174	2.3208580635861256	2.914836863190101	-2.055528472331697	-1.284115221240538	1.2920666833829304	0.5504387312362166	0.9305729826830319	-0.6344681486936472	1.8230595651878119	-0.8270604324251227	-0.36837783732297325	1.9254204848343104	1.1703855089603177	0.7734096006208453	2.2869537849790813	1.675741345720595	-3.208814427074549	-0.023322956828164106	-1.284775226672724	0.5636428911963799	-1.3695075433733035	3.392413124789051	0.8267106928683783	0.6746543332064024	-0.27564076292069767	0.5377244392112706	4.674933270748054	0.240224348232462	-1.8095177943212801	3.0231403616602206	3.156150257125656	2.0723150576116427	1.9295178773736654	-1.7583447791156128	1.1174897447495213	-0.4630979180710646	-1.4429297504235559	-3.2087894922339344	-4.794077112863822	0.7306267328537792	2.156253974162719	2.269711257319148	0.19468685723577023	1.0741983144384952	-0.23105675767893705	-1.699773093466324	-0.5929570095281312	0.27659805773191093	-0.5300591430568996	-1.765411738763802	0.7707130943475087	-0.22180079635873204	0.10278769260780134	-0.709798969810855	0.27401967702649715	-1.4401889797740308	1.3736912579255218	0.24838687500168047	1.0815518316997306	-0.15766299533082662	-0.9683721517037354	-0.504457527266148	-0.41830367795414625	-0.017164668866492476	0.27628164633472296	-0.987597997201464	-0.5781116904434876	-0.4796631703131284	-0.11825334927388892	-0.2925235338341011	-1.3978323941115345	-0.33202052762091316	-1.1254861839373553	-1.413225136509569	-0.2810107418681442
DTXSID6022137	-5.774037429443653	-2.784923754720397	1.2407602344885933	-0.09902072726905159	-0.9493827278650382	-0.5506257371031272	-0.22832574811681358	-0.7357942870259294	0.29756184206317715	0.23645193789238927	0.03663317671122469	-0.1564782527278563	0.34982378469668796	-0.18728053423356922	0.031079580246310214	0.29922736233883135	0.23282648101057846	0.31142850614968287	-0.47140493755805857	-0.7631941996625103	-0.13316849751471072	-0.47452069162493143	0.9066558485677646	0.35625933901367646	-0.3971905405416791	0.0041869413835504314	0.33383774541453715	0.1477323400236832	0.17747810992101276	-0.17667425056987116	0.3200011998089468	-0.041410521157940944	0.16032559595217952	-0.683995941849671	-0.3806020009737246	-0.19212936876605707	0.19881604434774058	-0.06269594520852603	0.10524544164820587	0.020591044569583137	0.1525072873689664	0.11228139723835386	0.04422105834147126	0.35163850514473544	0.0020675692704096534	-0.09696304761593319	0.026934259861207527	-0.1583471626735649	0.07270725617808504	0.21789721231900422	0.09817345181439988	-0.05512122800844333	0.20534371984060862	0.05733404587903399	0.016569966368498053	-0.24624114145883583	0.4112842185076768	-0.20077637946569715	0.04787007061233468	0.3916234424239731	-0.043036587829029194	-0.048831476186702416	-0.17071887074751457	0.33361197996684494	-0.4782336799326278	0.25390831969573374	0.8110533840591215	-0.37709629091872454	-0.05057429583093657	-0.0007858733620051103	0.18854467615801065	-0.05724927972638316	-0.0926687760215203	0.04974320994944292	0.062242920828085	-0.06167431641694484	0.10539359272812546	-0.07393604822478957	0.04336721908124455	0.11227929466938255	-0.10747691055944202	0.042345935889404135	-0.12429325253372979	-0.23415032979198247	-0.3343879105595464	0.0038417558070239703	0.431963539635966	0.28198721210902905	-0.15696238446789543	-0.11775826332696247	-0.09940955754927917	-0.05293366999515109	0.25903686635001216	0.0816805718868742	-0.20125688706521688	-0.07111634001761216	-0.0669851805003072	-0.06288376384548576	-0.13393101951130573	0.1328261915095379
DTXSID8037540	5.094145462949913	-1.9490467962639448	0.6803245234938866	-1.5138649449902937	-3.2320083029639326	10.110209396177686	1.5711996369959527	6.95258366845992	-2.3064662860376455	0.5530425215123975	0.3492486455489277	0.6747536179247516	-0.09039975544238131	-2.0426810938656828	-0.8264171898275868	-1.333672967558733	-0.5222664024368415	-1.5509292231532354	0.8107843785415731	0.15799481075801727	-0.48931560042593253	0.7296612300081322	0.3835863536514152	-0.13505213896637744	-0.20131107837337428	0.9806528820408269	0.7628938482313866	1.367094923995126	-0.224999510229964	-0.2410604647965966	-1.0477997949208977	0.7820211846648173	0.40208899723665664	0.17489107004473745	1.0780025629266794	-0.2858069905336352	-0.4676446310002851	-1.4464854613098932	0.03167356021619691	1.2740476361616326	-0.5066419288684578	-0.45253732225278137	0.2330953640106951	0.7617207202347446	-0.025168925362080027	-1.4437463951606804	0.32825344583060717	-1.3512515568995462	0.5863055524998674	-0.4642596219105617	0.42748446423367026	-1.0165466115819282	0.8120811795725308	-0.6416930644489077	-0.09145818354070416	0.179836697962214	-1.0255219878472985	0.2644148263116034	1.1119530023983244	-1.6373796890349528	-0.2940411699020582	0.4070938593418579	-0.30704236830017356	0.2843171627407163	-0.1796401255046555	-0.5390231373962286	0.6341965239593107	-1.2438914648044102	0.5367631786330447	0.007868288326354372	-0.5904247259088858	0.43057308814669665	-0.7777231004747578	-0.6332210613139376	0.5515949103211799	0.13562655469378468	-0.887141386054435	0.7753024645347214	1.0392061597128741	-0.4724584036059543	0.3499878806777338	0.38209565264565776	0.3858479592756105	-0.20471380700242378	0.9646710995812663	-0.3375574891894421	-0.5698960616990015	0.11546444158044229	1.3997395737410039	-0.6023476721126048	0.15009561901530175	-1.0939065450832248	2.090713379279648	0.8700692756935972	-1.3886960515245672	-0.12870088864680487	-0.07769974046711298	-0.08988639605650177	0.926562254809929	-0.3070495112197246
DTXSID5021754	-3.244079166860589	-3.455161173251422	-2.453115728180025	1.844377233362201	6.403150308258162	-1.5850927410845814	-0.8997980089713787	4.523093717314525	5.372653984359409	-0.18260084343216076	-3.5577488126700523	-1.682849213794243	2.455229817860738	-3.141514971773403	0.029022026724663422	0.11381966174748707	0.2152142072791854	0.1969152079395407	1.1595555911335147	-0.1922572667056216	-1.302906482196224	-0.8138315457427094	-0.9134266064936334	-0.1907325923181765	-0.3543419847552178	-0.9522344116343178	-0.19049670253701778	0.598271911133945	0.13262577706747525	0.3442096136240269	0.712436329988804	-0.009105639881129831	0.9819011159171086	-0.06541790644734433	-0.887536964257657	0.13015915827692853	0.012659326075378159	0.1018591634887888	-0.3826399746074134	-0.20513560987753857	-0.5004032799486519	-0.8259457025875931	-0.01107579607600932	-0.6372917007016523	-0.13847416030038012	0.2941446867629923	0.3945308487785539	0.46793148391896555	0.11876177538960685	0.07884740854709624	-0.27399050249653156	0.14468879778314495	-0.04304358503754231	0.04250528405178901	0.9585989861642014	-0.1351351343083634	-0.3652261497497063	-0.10859765013399558	-0.023682418878225704	0.00820359025368226	0.014030726869425322	-1.5773088841825749	-0.022618373363088997	0.3694539429082007	-0.4576176842333485	-0.6619570076785987	0.24954379401950824	0.3852592436498875	0.321808308151164	-0.10794790099484988	1.3197829228601814	-1.2433862403426763	0.3189421019507396	-0.03923633044623263	0.03457264344644743	-1.7136111909662703	-0.768508803831902	0.6862878619712818	-0.1649061819088507	-1.6761535959741247	-0.051954268477990846	-0.8286728005951401	0.3658667545137596	0.260479418930269	-0.06828115185507287	-0.4185922845780971	-0.8638249076526623	0.5535741768731967	0.3001516817279378	0.029041475322763088	-0.43372888402397985	-0.2412830880678063	-0.11833133859955165	-0.25218287683513835	0.21689690361390013	-0.6445148783836459	0.19856097583756196	-0.4014255274612236	0.11477325793629889	0.40638839696215046
DTXSID4045189	4.278226962725707	0.9472062602997948	-0.9669303549909032	1.7239557638822856	4.2887790051222625	-2.2211299371948354	6.755040821450419	-1.119163767193668	-3.241126321665691	-3.749832105719476	-0.32468706171002387	0.13418883430294326	-0.6064894848489989	1.132699224203706	-1.6159037543020007	0.40540337695587725	-1.5160147464334086	0.6718369644117322	-2.382647114118288	1.2258369809269072	-1.5021680548524818	-0.5332162955276835	-0.7607244477188783	-0.8702349156471484	1.2781167414766548	0.1377597875849924	0.3339205559701289	-1.6714326235233095	0.318052330944226	0.6005009060720986	0.5114973154632018	1.424916766691311	-0.2013239101283309	0.5209837380681385	1.7747697950193284	0.7349173462336045	0.06463903316071319	1.4949846501498307	0.32835367585982744	-0.19599555910830893	-1.6349256068714453	-0.7141606572438379	-1.332922565172745	-1.5672861113489973	-0.2530092195055659	1.099867168374849	0.9050888131496962	0.7485302940290629	-0.41799777462474935	-0.1577502429863964	-0.4751289932230087	0.7287336567522747	-0.9818021422021598	-0.14753872626277684	0.5644875792740948	-0.21394368069944356	-1.3594432564055925	1.1420731060339289	-1.3775515680968393	0.22524332075246045	0.0643327350128283	0.2659842115467308	-0.04726276597059187	0.4308504872338972	0.21116392377764726	-0.8404516943416968	-0.017259510434455012	-1.4567998088569647	-0.9937876370780009	-0.03945255373426895	0.05338908735733271	-1.1427090925692827	0.41445736595001414	-1.14443066163073	1.375381212279372	0.5414176682323951	0.07955573207553703	1.350427690913902	0.6668058145963388	0.036648383212231385	-0.8721770022906827	-0.28002045909785467	-0.8491937480990162	-0.6575147801699447	0.0368172956943432	-0.739742297683042	-0.01903553837686083	-0.09475996135996692	0.7579182416726246	0.7192044863996334	1.5746834504947893	1.465258741511986	-0.04297821484150801	-0.614805160030146	0.06200796443003268	0.7709109640612796	0.6279084551946538	-0.6172335865192754	-0.23164250221220428	0.3261794436096706
DTXSID2025139	7.426170136953482	3.265487425753454	7.5636287137511165	-7.667963063546434	-3.081435433841612	-6.29713061773816	1.5695920683829132	-0.9444312661775192	1.8292853725208331	0.9992292645713475	1.3664350067442008	1.1913410217057274	1.5733271568013651	-3.303412385797758	-1.5255744710055734	-1.0019429649289404	-1.473624097122915	-2.1605700010119153	-0.1139559797681239	2.2042614734368637	0.6116967049081912	0.00119348089190157	0.47578645514787254	1.4359452843328775	-4.076692782443844	0.09053552161806609	1.940847993577641	1.0056496213418855	-0.5338016912353585	1.0462974246370755	1.2025317161357025	-0.8098669709070737	0.5415944466455637	0.8113155163840191	0.19582278129308064	-0.1591032221354348	-1.5739740482087416	0.20019340054276322	-0.32918558992045865	0.8665792584404999	-0.5418426081722626	0.5112143655035822	0.47326382311656173	-0.1949558667606202	-0.2550462389042406	-0.5094096273834754	0.24597456776552823	-0.4956777502612	-0.16135164809737787	-0.25607841198534426	0.07651441228421972	0.07315003464923477	0.32322854986952826	-0.16774261920188496	-1.2317837135135803	1.0761201282999406	0.35077320937594875	0.14054456401437812	-0.6060285842157577	-0.9580109465869775	0.8985544579619392	-1.4662165903041526	0.09342285254474876	-0.719422196979153	1.2243251546671998	0.7051010421270737	-1.3362344065873877	0.62533575889079	-0.025973799877492574	0.17705034879651818	-1.5184887157461304	-1.117200347639539	0.6803197221950518	1.9859526733564752	-0.27806717977381	0.7951390912628978	0.5015193918378424	0.7487740296110513	-0.8462261597216222	-1.0892186816884468	-0.7875505949621145	-0.09392701142718544	0.26627693333865093	-1.056730509948961	-0.03586969616766104	-2.2866378749293945	0.6013397227046162	-0.01771405842678074	0.7187157474698116	-0.9286855119038492	-0.26117937565995414	-0.04196586563008621	0.20359101822994244	0.10999460513149069	0.11822771544310356	-0.2669150939468844	0.29288816080767194	0.11600143094678118	0.2987810452820978	-0.25996459515861486
DTXSID8023214	8.197075377643504	5.409199810760477	-2.2482492749861454	-1.046465816573532	-3.2214358090837	3.524865240339996	-3.2302333232317886	1.7022862981211144	-6.065182694376762	1.436384454943213	-2.655891916032397	-1.1067872670304295	6.0992214934798055	-0.7246630309461106	1.9120433606998959	-2.0928714920005578	-0.8492342193844494	-0.21823166569609528	0.6512587586106132	-0.7633328952001365	0.06410917728551534	0.12892610536639407	1.2401409766782627	-0.43317425122788134	0.7254165877383562	-0.7396699442536954	-0.6161826356951271	-0.12289038752337482	-1.4945203551875188	0.9884876086204677	-1.164145339336031	0.7475022172728135	2.468121321318118	1.9750535743180213	0.3363955335887947	-1.6471569664116519	1.0809022127485293	-1.320976557744463	0.6221202008701112	-1.7544592537085684	0.11103652603835805	0.4299131213590444	-0.19191610809088433	-0.5621139939182486	-0.42263399203287033	-0.43535177339056513	-0.6020808229428142	0.6535048232068893	-0.13993913962626298	0.4502213420983433	-0.061504164009348	-0.3536391646043644	0.7038835776343491	0.05089921405530793	1.087095485816216	1.1511768374511633	1.7462259847411796	-0.8422501098002514	-0.17365482358912826	1.022746943572503	-1.3054668110890497	0.27255124560989585	-0.47987890580470716	-1.3174858006134698	0.17596540959268095	-0.08275567599719803	0.3965673829267846	0.9093339718519369	-2.2021713122860564	0.1294066332769263	-0.45801811265079156	-0.1440721873249444	-1.634566027727194	-0.2720964201483323	-1.6838355349969951	-0.07005044023756907	-2.4447716715447467	1.152126149176978	-2.7523425548095206	0.4439036099255733	-1.7343077572616938	-3.020768966666789	-2.450615085873931	-0.5017016753275435	0.9033611123722566	2.184532306205542	-0.8343621081596125	-0.6139587538993098	0.017699611491272155	-0.2494682119375849	0.24713858621207563	0.7527514237267027	0.42101870503317806	-2.1553739511729084	3.6354900646340833	0.1158883269745302	0.674243263492403	0.8640624624972298	-0.6120372024631793	-0.10805439055798458
DTXSID0047820	7.599044621572539	3.2219972066248617	-0.35576862890341243	1.7884043210616785	1.3338512939109146	-2.413616459662338	-1.9985893965739105	0.7875839159040606	-1.0475559069905298	0.05117965242228644	6.480428587872914	-1.6148851956951744	1.894496640426954	-1.5594733347694714	4.956571264370085	0.18077391134998522	2.537721240774315	-0.46886542172074674	-1.3079252908327192	-1.0622715467660417	0.6725013170823914	7.310009854302926	0.4675273470362299	0.09728523773186394	-0.19683552784313255	0.9192116306595932	0.8641331815582025	-0.5491949158238322	0.6375779350882039	-1.2902261049373434	0.7694695764370786	-0.6585841531766741	1.967223000675448	1.8677542994868774	-0.09760952599312597	-1.4947487907415549	-0.10556927316238426	0.46257585799638995	2.7744088830023053	-1.3371903517035708	-1.0375091239613488	-2.464547896921143	0.7529370840555192	-2.3917259335912977	-2.799168557787537	-0.8016752077933663	-0.36225205007754796	-1.9984380130296022	1.0356429425863267	-2.1819680683891467	0.6063750017551911	2.2435103765930724	-1.4542790127653478	-0.3542648835103362	-2.014652786548476	-1.086083509206258	-0.4631381173650491	-2.5415285763820497	-2.8518555046954543	0.2069946663399155	-2.9052254378213163	0.40834040931893106	-1.5166474327774317	0.8578842324712265	0.3800281798414702	-1.7423763263392533	-1.2359399419430466	-0.02197905488067241	1.1350653543175866	-0.4456237343481433	-1.1058520319266696	1.4963241171894934	0.8038871225356463	0.4352284591200011	-0.5117840544182053	1.0366242619661747	-0.33835536620345463	0.2435783457570922	-0.6701023557150301	0.1579692298053091	-0.08168499079794922	-0.4194425889606451	0.15026194970561185	1.1659265426296954	0.9619072449930405	0.6160213464628912	-0.5146087888304199	1.3452831584218183	-0.41231869680131816	-0.47556049624656727	-0.4538085327920497	-0.4508024303870312	0.7651355736667702	-0.20528050832892028	-0.04419952335079609	-1.5014758920970754	-0.39763169417504385	0.4403231402368977	-0.6964145269677051	0.5384726805210177
DTXSID6027137	2.455183868542385	0.10716305257052315	5.443764830735935	-4.328246071034828	1.3571255889876197	-4.985114946006683	0.5200782724248839	0.40129041082014727	1.571760546105352	2.9764340006205674	-0.2721143057097488	-0.018295881229022856	2.4122628194836784	-1.9349658479953358	-3.854086554009348	-2.504606421242633	0.20722934712974428	-1.6181176491304325	0.01189466772398641	0.8706786027328056	-1.4437862435619657	0.697073072572142	1.0329621442429813	0.9127246093855241	-2.405056504641874	0.48732645965168814	0.7640625464163696	-0.7911409410808125	-0.17708414855376683	0.5865192288483998	1.05703698429935	-0.984831709135327	-2.1127089533067664	2.1893140244022695	0.5119311244041357	-1.3768666136303414	-2.004401205270363	-1.1912626468670149	1.6427325386287057	-0.280502214529437	1.9220772535422104	-1.035969987032593	-1.5394208077590414	1.1664066427622966	-0.5747417882572154	-0.7612310189806298	-0.7624394326808551	0.5625485892951109	0.49164903816752037	1.000329602783585	0.7925245890064209	0.6600059550838747	0.364049288383554	0.9766294408858333	0.6390398255981989	0.5693979443253289	0.16044018785187306	0.8913459960335859	1.738815521044892	-0.5143823000924148	-0.013941745750759177	1.7562870252002598	0.13134377950148435	0.18001357935646264	-1.1360090148178408	1.4991305866726166	-0.84681101093638	-0.5595875383832661	-0.702577592162591	0.06361875096508006	-0.372869764564365	1.490029437803002	-0.6908687660683213	0.11414080237803567	1.0641528243343283	0.5263003290831789	0.967111004000307	0.22982276680041264	-0.040780770841573284	0.8266471146655124	-0.0014153450973921804	0.17282872424918977	-0.4495634084702835	-0.845548839591618	0.4508930144164513	-0.3806334293190706	1.0223541081597252	-0.3265164613350286	-0.3098062094646037	0.18801754671921533	0.4743093831337153	-0.31840640439625306	-0.8887040491338993	-0.16492270345684373	0.15130002711092633	0.1788229734728578	0.03630275048213044	0.13106058110100316	-0.05962041121219713	0.17021042392461916
DTXSID7037553	3.11311390394898	3.124811259243175	-4.3483097512633915	-0.6579638321956206	3.61567120646233	2.891452158718747	-2.0744378823498444	-4.009119757937096	0.850916919074146	-0.27668304611667877	0.7006279202064479	11.331374928063742	-0.16887120096058866	-0.45740892040963604	1.5114808928973906	-0.6971721444297205	-1.7121407987386128	0.587194241315515	1.6589964086901592	-0.626644025530034	-1.1705939448161864	0.537107495876992	-1.4333933622911168	0.9338674167160314	0.15608081533633017	-0.04575976477356386	1.3878061752170705	-1.4275294555306839	0.3736123041233951	0.3863677212743782	-1.3894490869972076	-1.4608359021104684	0.0488736641549178	0.5571587179440602	0.11074961727659842	-0.6152958967809996	1.503380980530415	-0.40882139756246416	0.13375018817859285	-0.8365759465296693	1.1719675004026844	0.8173942628531008	0.06794148716991374	-0.20818625305335955	-0.3393836616312186	0.24898409353548517	-0.47761911548917546	0.4009136422186459	0.003918275781924009	0.4064671224744637	-0.024413844629221866	0.03927487207771977	0.004033781892633339	0.18758413870477855	0.08125436141401329	0.14974665726583827	0.3467422706341075	-0.008598122574834843	0.1944360006970684	0.8198029816006617	-0.9432677136618378	0.42206047360192905	-0.4118571584987072	-0.5346240488419148	-0.36769489098498137	0.39702536604489835	-0.12218684307852436	-0.3131167985014215	-0.9707691201966809	0.2723313732485975	0.7116300903639764	-0.5963702759651043	-0.7022784445156023	0.8813714768207644	-0.5286265837363147	1.1560403246089535	-0.8987886766609974	0.07697263493557936	-0.4184959648746082	-0.4817399478702026	0.6137620829358236	-0.24686852069650503	-0.014423257619468185	0.894549765911737	-0.33184908450690276	0.5597939066749691	-0.2147977645001654	1.1911486578414572	0.10302563003283552	-1.0713989439468283	1.0155137880081866	-0.7575501366379677	-0.6157861089635562	0.30455733751629505	-0.4112061234226948	-0.11832567765646193	-0.4199880057147399	-0.36120346997646524	-0.29297525833601384	0.4967569589890468
DTXSID5045388	11.00295708700948	0.495476873854929	-5.517112568929705	3.4569022267634093	8.1559628908623	-2.761052141100309	2.2778359229815672	6.5233502123437805	-1.4169438146352975	-1.85530499903047	1.493817693169979	-2.1376111688890282	1.6999843588475254	-1.6191838426227165	1.0129956626241459	-4.867196820426477	1.0284465498082664	-2.3763563824683818	-2.707480583423463	1.9152411238095874	-3.67641549406878	-0.13770442527864116	5.465774164296788	-2.890095202886992	1.5652333773675502	7.831969516876241	-1.705987641915604	3.1099645257909767	-6.647227048279784	3.6098129823013005	1.138372998860811	-5.716651995704925	-1.378864448955018	9.048321832652228	0.6297425186694153	-0.4373519777397796	-1.3182758234712557	-14.882494149701179	2.4252222766920677	1.2379783970587264	5.528252448624955	-2.6984299490133803	1.1745486266777962	7.2808302351528065	-13.531370177027183	30.349982058542203	5.111544516217333	-7.534444760764919	4.107729386813902	9.836955763604637	-32.08224315335902	5.668368489961322	-19.056655345022364	-3.36150831147937	-17.977105043507585	10.994236332087002	2.70309280727802	5.991734577455751	23.27589664829819	5.362762224467724	2.608552589337004	-5.59746898874869	-0.7863246654267038	-2.055405299198118	4.483267357918739	-5.293317166642322	8.241636302416557	0.3296326283519937	1.4672605281092863	-1.1791538775037302	-0.8549556391988525	4.916348787817266	6.017804062850533	0.8928870711088449	3.5686571302253163	3.098401106405548	0.17785597203254097	1.4585807164486528	-2.2721700397658315	3.3727453682823	1.1263617888548185	-0.9020718706489104	0.21953339322806423	-0.8332317926252553	1.5818255322404347	0.4133394945121757	2.726036101621076	0.23488591632083883	-0.5259228832963633	0.07373976513990209	-1.4664620320529371	-1.0656735016147196	0.5697056827364888	-1.2942561008659266	-0.5887121569967557	1.1836680855996777	-0.4036682855399515	-0.6767945371593671	-1.4815277190155232	0.287726632337768
DTXSID6026905	-1.7933806040392388	-3.3163493943271813	0.2946411850362497	-2.023204917422143	-0.06338737430328598	-2.13533412610763	-1.079645446752399	0.8937119348154642	-0.7763270605583038	-1.408574708249535	-1.0966703720562745	0.7891717147235945	-1.31193436481466	2.9259635590988124	0.1307194075977537	0.26913152804690393	-0.5860184874412784	0.14612343683805176	0.7760752167902697	-0.46430334580129334	0.5861744409985964	-0.13054729701217901	-0.7313649281183983	-0.22395465664609704	0.5292127278490314	0.1976706021871521	-0.3598420797784885	0.4570393107056815	-0.0382231050530029	-0.4982950565225375	0.49593766921593513	0.7190070226512437	-0.13210853280353935	-0.0880558012563924	0.067456164286177	0.03018560260796991	0.27464000309165526	0.4709924618627123	0.3143755169115733	0.29333853332077336	-0.5084883265115364	-0.2841053663648294	0.09289600524936147	0.291002045306329	-0.5266329486159029	0.06423298691429905	0.1930367419900914	0.0473336091663588	0.1857091421790562	0.38820725918252574	0.02291280424185882	0.15708115786311036	0.17820142591161264	-0.3240206308413506	0.17245502506566304	-0.06373182291805597	-0.4077994132897124	-0.26708097413811344	0.021364887245003177	0.04102453117065399	0.1918157622913657	0.33788924588893327	0.6847986311154852	0.5050256872174416	-0.17964176296732148	-1.1738229684447887	0.8060615965077678	-0.8888264521767639	-0.13397313178777884	0.9118875062830848	-0.2522462757344295	0.39449258027701906	-0.5810811703960895	0.02728524971490747	-0.26393496897406554	1.1632333627585527	-0.706184237202329	1.3315484299689848	-0.22681850517835114	0.0913341480290398	0.594418552273596	0.07344606436363683	0.4817395669789288	0.5439104483711673	0.15129082213930017	-0.34813169695294394	-0.9217558942579419	-0.2636096520006106	-0.010031503964376184	0.3137795527516228	0.19457609201748274	0.154338005147567	-0.4769398569748951	-0.27736647528471364	-0.14090548736511607	-0.1380981158829566	0.3942832983812576	0.18332163113793745	0.5289830103142199	0.0042106388541264415
DTXSID8034241	0.29567407316342653	0.560660404292478	-1.541093956461467	-0.44563516864779323	-0.8450596782945725	0.7008600944157677	-1.675186309387075	2.246175250094414	-2.9881433519792524	0.6730016704848162	2.0189819006839347	-1.0222125032229263	2.296836156808683	1.3917781265683948	0.3618589823134036	-2.0789885978662324	1.4513512904599573	0.5777743037336177	0.2360663776156736	-0.32758536716488396	0.5598320448811293	-0.6128423742285645	0.28925027571148865	1.5719396872589029	-0.3140985902121915	-0.20265765537624875	0.34381649975194456	-1.7738931330204517	-0.3104229857634135	0.3962760822994252	-0.05117615816953013	0.04987601394706306	0.16758103336892458	0.48118038975230953	-0.02521984193793434	-0.871842975941452	0.7764671119535297	-0.0051057225615374815	0.4603878025603297	-0.1212568336451662	-0.49201161456570464	-0.012908276888454669	-0.6502871152615955	-0.7513022929512359	-0.4972361587299889	0.10527395762253274	-0.08931088073471309	-0.2313327108890481	-0.040016851839159755	0.0969089503793699	0.02184980952715946	0.013884094071494895	0.03717555586695209	-0.3123180421534435	0.2824615278760117	0.02403476230555996	0.6437730702128993	-0.8829455155078636	-0.15933549028046687	0.429016191611861	-0.04494463538825704	-0.2830913996513012	0.10500062709082959	-0.2545922379201345	0.21167922883992213	0.17222051161854215	-0.52800206752167	-0.18177137823340098	-0.4408718757662695	0.2985845117085063	1.0480073847163625	-0.40017280485965895	0.32026415211101134	0.03870664497409738	-0.19529089021704865	1.1532623836030207	0.41564298723732956	0.9951777737440017	0.07972709646705999	0.17031421870962754	0.7780120308065047	0.44161284274781565	-0.06092014433784605	0.6637848490545288	-0.5985025833198666	-0.010129310734427393	-0.6296890756246543	-0.43836702419205587	0.13848255145945879	0.11514516340775503	0.28573985465522694	0.33486081415698044	0.26312904484741867	0.9489035407225829	0.8894196059916197	0.8325464822023235	-0.5636647099690737	-0.21869846063918924	0.27599141964600765	-0.2304372901387293
DTXSID9044613	2.383486392999463	-0.5374173809645696	3.1988119451604256	0.43538480578331684	-0.6468247322819047	1.3908744172160317	1.7421199062090755	-3.2836150045283166	-0.24667277876391566	2.289223833059187	-0.1926991125290227	2.3270163683636595	3.0664628148430686	0.670454591967531	2.912507900059724	6.8865810989101925	6.049969619236991	-5.097375867634955	1.9386045920280581	4.084981920211941	-3.022568613948047	-1.4281580357491095	-4.621674711706829	-1.9644390458555834	-0.9090625517883851	2.036932762921756	-2.8856817252332405	-0.18488774743837988	-1.2921498984795239	0.4250648740595822	1.5883232299575771	1.8493667018298903	-0.46263536332479194	-1.5202617904102238	-0.40057966177608606	0.6890939827237256	-0.6081824593175043	-0.15317191741661332	-0.3279690530034118	1.9061808923410686	2.112871494261976	-1.361046287171288	-2.357061518207797	-1.513816367667533	1.1416099027861442	-3.055746226924965	-1.256466401726324	0.6432956668190459	1.7204269793180218	-1.325127060914685	-0.010799536865480642	-0.6877164865573531	-2.1139122094514176	-0.5182489335392472	-0.26441719485989135	-1.2296392211417613	-0.2997649115033736	0.14805844661469264	3.691471746022309	0.3376785876777128	0.4101983756174282	-3.1086914598117055	-2.793153713159169	0.24043376595396904	-1.2344303827675265	1.6455474674360646	-0.28232231322813417	1.2272279869581155	-0.2422482071295401	-0.7011361225493554	0.09332249125505815	1.0840033877854862	-0.9886006867510723	-0.6570064883015634	-2.669168587163936	-0.437013484323461	1.7362022356219815	-0.14322052540018804	-0.560394853588328	1.7249611161023644	-0.2575861249930192	-1.5237657109640221	0.7318601302726043	0.4472431933542418	-1.3337325208762765	0.46673210687804645	1.8229199697544212	1.2483617398632785	1.922974112650765	-0.8087228850483973	0.6778612632133764	0.1811072817754281	0.4340645392423755	-0.3965599933213191	0.548572388085828	2.0022298636674067	-0.6616289925564588	-0.9895052481129882	-0.7973764830795432	1.1112415088296563
DTXSID9049401	6.263405437035349	4.840955549658364	2.316210644142417	0.7220780677568702	-3.221099040442608	0.04929435192050122	3.596980881311321	3.033056083831381	2.6415724538224157	1.0494572685260426	0.6036943234884469	0.7292128034061149	-0.9957943553819022	-0.8170856151911553	5.105136338324233	-1.2147883426084396	-2.582782620919728	-1.476787136406106	-0.6288339236432406	3.459351247616237	2.311495431058386	-0.5106846446498703	4.1447302578073595	0.004175400400331431	-0.8205642294257172	2.3359262802537297	-1.5780079712035888	1.7754914950464695	-2.8884052663868993	1.7904818975579924	0.05805651347783179	-1.7370479304650202	-0.45995283712608614	-1.062053286135514	0.018244422974002486	2.170966693660809	0.7169582312232641	-2.53184327056085	-1.022476300304744	-2.794636577764781	0.48789565383305167	0.3986026378025303	0.6447934449561776	1.2565625337484279	0.3459826802916951	1.0089416015047787	2.3043154193684834	-0.5653205164661154	-0.45248366925526035	-0.6079929475016099	-0.02229800664385781	0.6050333090240742	0.7677416754580416	0.21026199678971433	0.27822815936028844	-2.222014196726221	-0.9979913484763008	-0.40120346860186856	-0.998296952694587	1.0599032542873088	-0.7699486716682254	1.8201332617393373	-0.4156807549853415	0.18967984499757326	-1.629501543426564	1.076553099809516	-0.22443038809497007	1.2273588156759145	-0.016801102438688185	0.33776833484789154	-1.3193324570029936	-0.5230445099788137	-1.0233600336985496	-3.5536428518060696	-1.9065387510398855	-0.6974840599018454	-0.2735010561586951	-0.4788654853450654	0.5891303920284242	1.0574368918458024	1.0775824962230627	0.3382328300912517	-0.39035628410336887	1.105268005951227	0.278244151451316	0.47636163928256897	-0.8628088186356151	-1.6653534189220036	-0.45633243764160397	0.2555395302678199	-0.7812345878232909	-0.2154171713573001	-1.4648104409382183	-1.1578752332526512	0.012177559898197491	-0.2159736894102563	-0.36855938919159437	0.10718877613888156	-0.4376495582699323	-0.2757443127545365
DTXSID2025183	-1.1025872211896213	4.812510179413129	-2.092072830624546	1.9136484461994896	2.0360831234967978	-1.5057539858026798	-2.3706662838324375	2.2851451254043518	5.462708452645601	1.5736789533229278	-0.32501542967531705	-2.0562070119175844	0.535286938699824	-0.7902431065488663	0.1534557131655078	1.5128165883857307	-0.014693752872982632	1.359368468215577	0.46433360790186046	-0.8965797776048837	-0.7222729069082967	-0.45110731509088153	-0.540147745782156	0.7440715073701138	-0.10098814341871805	-0.46019218973691506	0.8162876824739317	1.0688088901754877	0.49752632174868916	0.9960176513668385	-1.1397715225311147	-1.4619247233537112	-1.4110697496436209	-0.6125088178895491	0.5333945102972518	1.5522473975651994	-1.715093289966385	-0.3823463483769057	-0.0984945762998789	-0.6722698627545057	-0.750853597589003	-0.7274803458072127	0.4666516431933437	0.1558741209892916	1.5446357061409848	-0.7216164100535857	1.227343868965232	0.6626016346255067	0.12989559051815602	0.7228269831143304	0.13284636973312194	0.6278020647514614	1.3310525602133652	-0.13081153121534714	0.21676777656690377	-0.6012974313785848	-0.86378724329395	-0.9835530433674694	1.6631086563136948	1.08086610784951	-1.302326601818329	-3.1320192227868153	0.49525597218883877	0.33637858781878155	-0.09848725486085533	0.02678374446896376	0.7977171447653129	-0.21592314283922484	1.3087452478751571	0.8200886033087358	-0.7681792839405468	-0.13931170517537544	1.34261641866101	-0.055693935043505956	-0.2060660043726818	0.029475430596877378	0.06055674330084703	-1.0793403943796616	-0.1941228963394958	-1.0193153444327563	0.7889688399737239	-0.08221088258092513	0.8200137823523372	0.4231847758519185	0.20988051870034394	0.4729980589970106	-1.4392416208511298	-0.3984745917425499	0.5456997920731199	0.4878687312463069	0.519995459552573	-0.27476355069006025	0.6217367446988739	-0.7915735508517446	-0.22184352493653803	0.5481964046270474	0.3192838689388414	0.24555291715354402	-0.452244227709809	0.0508114755377772
DTXSID7026655	-3.076096587760766	0.18298017092609503	-1.4718521364552553	1.0751112825764777	1.360735184601405	0.23826185695061958	-1.5542727676863999	-1.9915662549671629	-0.3839902187786308	-0.2466948150202719	-0.19822430027261026	7.065253945800053	-0.7071607012071776	-0.5996548494004307	0.9280730979841131	-0.8325313935851328	-0.6374878850104856	0.5392666160741892	0.922108610667276	-0.5012335713480403	-0.08029860660273104	-0.20303825190006006	-0.5608397592492882	0.7854134114074028	-0.21069542175175363	-0.22961089709577814	0.9568571328763912	-0.45719259781193666	0.27587145798270163	0.3862261248766901	0.0019053237053403868	-0.6934947348958401	0.22825414837528063	0.257808498202944	-0.37338058410381597	-0.3006293871649053	0.6892240410245785	-0.02976016388029758	-0.21408976230869445	-0.41416506237045325	0.4089867792484827	0.09070482274815049	-0.05049324462061696	-0.04516646896296754	-0.5989585523314142	0.2086074201876456	0.06904259691131202	0.04072310329258906	0.09473207614791936	0.2238253393016431	-0.1117383387755521	-0.015826791834413385	-0.09732710882576762	0.08279420397982933	0.13290143036974988	-0.006578392447421636	-0.022121565289139413	-0.11141206388703895	-0.1329411996575704	0.22165146351053822	-0.3124610819385145	-0.11191417547065216	0.10666660205568375	0.2061233970215035	-0.37080162487000307	-0.023473878931595877	-0.07547428300018325	-0.4571805867351198	-1.1519488848657995	0.22242622835251574	0.5616257300827185	-0.7194101410399607	-0.42106515110048826	0.11787023405198165	0.20168671162713786	0.9110314152206374	-0.381265124504722	0.49254356253831577	-0.39453759354974255	-0.9589684823850081	0.3172188135281046	-0.3074897543563718	0.11081322970710052	1.064991005056437	-0.02458236505998281	0.6099747865468947	0.8357903562612371	-0.663735749446055	0.959361844890131	0.8002572834097796	-0.46739734658412463	0.04649869711071188	-0.21152934287913067	0.334389496709675	0.055271687416855654	-0.45301476258418194	0.20201555220760467	0.14398925994159514	0.2402885675633732	-0.07253638849812404
DTXSID0047080	-4.562391213280559	0.30328539830531315	1.2750254955876077	0.8351684631643957	0.20377824038384246	-0.41101291846389265	-1.3438684448280094	-0.8604418322733122	1.0815018754438022	-1.2085560471646175	0.2090544753222917	-0.20770169891911272	-0.2908045086804407	-0.19364199473788757	-0.5023899728556034	0.08422503401545481	0.3914532854665404	-0.12949488130261821	-0.6561375054417702	-0.7435772785097989	-0.2317161885457457	-0.41487598723165237	1.975850723756478	-0.22885565170921357	0.33196099643959837	0.14590458732171827	-0.301588146085912	-0.2818470720410891	-0.3142650061142413	-0.37475485199638414	-0.6295464413534024	0.4563374037362199	0.09341283331318918	0.06170936310977965	0.49864373217279667	-0.5807959983025294	1.6146650592654233	-0.7639971473661905	0.7100681187151517	0.46629846249378076	-1.788137591748567	0.42827697979159207	0.6337979992992442	1.7078686388476392	2.0644458129867673	-0.052650004837582975	-1.965016720650577	1.4318587954650814	0.940814615572401	-0.8030196311989563	-0.1309864960968586	1.4112143967430246	-1.3035226664859352	-0.2385953372086187	0.052394948461920034	-0.7217163000975543	-2.0066668293848458	1.04226489999633	0.28072200393966396	-0.7532510920995836	-0.18007295437512036	-0.24950728698762673	0.011775766801622347	-0.2888441518317446	1.5307091529805534	0.3161376652185171	-0.9344046472486981	1.3556975755776655	0.05058711834646002	-0.4693025778051114	-0.15308035128676295	0.2333842092250388	-0.3425004739408002	0.30031235987088506	-0.01915863571277787	0.7309753635315992	0.40396731013817283	0.04524235374372476	0.12905242181826182	-0.09443972880099825	-0.4982488676448163	0.40226178362244647	0.0638522434441365	0.42050821934517285	0.24430541779696757	-0.06072579974648788	-0.1756331270061014	0.25512968522566876	0.4364474618013739	-0.1862625371893668	0.01941344775975562	-0.1826272726111318	0.1495333771620038	0.04976571425696437	-0.1043912288171993	-0.18671292848332544	-0.037169359229762305	-0.05922544858718346	0.06193546041386785	0.13732953172449197
DTXSID4023462	2.624864895755098	4.706002900411536	-1.5133379267428335	3.3865839343397837	-1.944761091178595	-1.320654313737338	-0.18928660110679513	-1.9059058919888359	0.46711598336174986	0.49451106007726653	-3.356384302225224	0.19693770349390774	3.5232167691268206	1.4602159627956908	4.0743504101027455	0.7800176206377135	0.011908431318190858	-0.7778087820581481	-2.9568514514881583	-1.3066639411092336	0.7486799706631835	7.015706586682414	1.879987028349214	-0.14892950712366992	0.43747592759405796	0.2792572672756827	0.7374847998243214	-0.5574182236032267	0.6101129816125497	-0.9638850100720414	0.6667364264445954	-1.7389222893237044	2.294169882868797	0.39798237375635814	-0.5714300222580079	0.45990562146854513	-1.6586289549143398	0.7268385559118532	2.160102465002268	-1.144965747535533	-0.5659001079395454	-2.618684674619416	1.8012870877871896	-2.5189107598045495	-1.6775281764053998	-0.9124890719681281	-0.19046383329336966	-0.7491500241875599	0.8364136283143538	-2.0591137747664403	0.5901217484083175	2.518820065761946	-0.7017956834274538	-0.012908949341300262	-2.1258239191969452	-1.143467082914523	-0.8081436590403415	-1.7735554326158203	-1.859986606810525	0.24668587952438242	-2.0552976030177903	0.4740576550772182	-2.27858944694292	1.4929883501356347	0.5083455255070783	-2.0469292113727082	0.5854436524355178	0.017879468019524853	1.233857240364751	0.4442962876149406	-1.5881950907530857	1.6592707637953785	0.14894693750934707	1.047767917369678	-0.019328075157525434	1.222610685409106	-0.2506391045037457	-0.15828510269120094	-0.5113867864810827	0.2613998606336049	-0.3990300004346217	-0.0048295084036709904	-0.10412604832894538	-0.29648468172247217	0.9015258665497036	0.5880539293949661	0.79274561171411	0.77583455742502	-0.610135673621057	-0.481217915567994	-0.1580785304601876	-0.953146874997823	0.33106791380389805	0.8543738149032032	-0.38662193197570566	-1.0740516260505546	-0.16625228340507753	0.9120058137401654	0.1257158491700541	0.3327973571367473
DTXSID3044621	2.0708760529390333	-1.0465974751217981	1.9651768629742068	-1.9224032945622282	-2.6405859438684542	0.5645728974779674	0.8288369224895157	1.5833343496246404	-1.0599996751158565	4.935467349331773	-0.7802584449280713	-1.0421377127847624	0.22013914209529156	-0.2702101711037242	-0.6188062893158619	-1.2417399632311739	0.31815782357936767	1.7085535640391116	-0.9272274468944023	-0.6030374337336312	1.7184037756992303	-0.9403064777077168	-1.4022018129954694	-1.648608084435193	1.3649454661705558	-1.9687487920850737	-2.00787064651732	-3.4471977240643947	-0.4354129311563089	-0.2476096762582265	0.3980114859860466	-1.761414806878961	-0.3346499939485531	2.1216250463249944	-3.2667743527671926	-0.5679910655723298	-0.04209536231060441	0.5788695662887534	0.4750174054269658	-0.8927242988420148	-0.9406453952660302	-1.0026021193843462	-0.5461740848351097	-2.41830755358455	0.8339172502805201	0.3159583347502169	-1.2180329768706881	1.541805088577058	-0.2935678130510419	0.019680974859891027	-0.7111466432613719	0.1886359089618124	-1.2112213072916804	-0.3758653185991024	0.5232455456263878	-0.18268457454285744	1.2783962154383266	-1.083862477498575	1.0547148210053792	1.3372087368854007	2.1258090431150634	0.039327950219380854	1.1106869850945738	-0.03596436032083822	0.7154786102823345	1.1982584775876193	-1.0716496058745015	-0.49437774932558026	1.8682854826716466	-1.4172614055057118	0.1957872565636309	0.4913315204610954	-0.12386835461901939	-1.3269558783793054	-0.37264972493093235	0.07759066689014855	0.37546213116454397	-0.33864460534879137	1.2014387350012083	0.07470608018087041	0.10530245702293693	1.5098405357238298	1.591737851132994	2.367785483393598	-2.582950858930929	-1.1820953470891702	2.345721718280413	0.5987820806582819	-0.1538933067540361	-1.2781894780195378	-0.7320184517952447	0.09687450128276624	0.09507290565765289	-0.703078130074691	2.975498003194917	0.6035885971172564	0.7879391278097753	0.21677892362669704	0.4984593228875579	-0.28438550717844274
DTXSID4022020	-1.3098269503791304	-0.24270057478895943	-0.7658014513251626	1.4870378989420854	1.7684793878590088	-0.42310996470493617	4.64367140003699	-0.24806887553181942	-1.477943537997629	-1.3943610016118382	0.07884267165199811	-0.458058160448564	0.7741132848303044	-1.2603235657847738	-0.5735694898442233	1.232677883288911	-1.319195480014725	1.3527900113903044	2.654940871412788	-2.51011491742731	2.1830935495576074	0.3104818985521508	0.9881796351232935	0.12149421967378103	0.4999843192771677	0.5428721751678153	-0.49227076340505344	-1.8634620532628707	-0.5365196552762598	0.04341482138308508	-0.288658938846543	0.013006046037402234	0.5548276781419639	0.3555315805590413	0.21497440991655747	0.865832239925124	-0.3039882012182469	-0.2832915375021869	-1.3596774018972144	-0.11430520661728129	1.2794654971807424	-0.508350752715539	0.15473708038776146	-0.4326048722991163	-0.18694356568695505	-0.4915999894772171	-0.34275978038953375	0.2091065113106344	-0.10184813905675787	-0.5377415706940004	-0.26546706430329003	-0.7663290693846154	0.08538041849810646	-0.4816599916820774	0.11003862403516179	-0.14017279432757224	0.4357747707587482	0.29256290215832875	0.18648717495544664	-0.3096699016121558	-0.5141889513414063	-0.08044796741011244	-0.384472372838319	-0.39097747277645967	0.05067172970127551	-0.4530662172936125	-0.7340732755421436	1.7028655006573814	-0.20421609072045258	-0.07269953046820032	0.35387420105349354	-0.03751870212627227	0.5158857335883094	0.4890779392843043	0.0984964721637008	0.35166777096054447	0.09035222723952799	0.6471548286956282	0.14271052389877953	1.0719469655629503	-0.5133101821983405	0.1588814784420117	-0.4192524421902049	-0.9488678231219482	0.3337164239892844	0.22621791823046433	-0.06122280381863076	-0.40817940138938363	0.2296047988822886	0.3266254770691681	0.48969515652757345	0.6790298231274514	-0.22095247353927475	0.23215236895969024	0.6262951823456193	0.16236571818456494	0.49443514082309614	0.41506494697280977	0.017570272243720025	0.2117229331180986
DTXSID8020206	-6.9945845148701284	-2.754237863899436	1.5405083122600967	-1.132127093443247	-1.0504620751258136	1.0353082493066208	0.37559995725539524	0.6320780228163906	-0.062110015780730436	0.18501196839936235	-0.3201298048568105	0.07705225741203019	0.4490619496997184	-0.2572213507771015	0.06283863749635629	-0.25851123606527665	0.019144441262633337	-0.17040309673436965	-0.04072619921295007	-0.4125014721850018	-0.11225407032595788	-0.1852247418688498	0.9549482742557169	-0.009161915949313955	-0.14717678400612833	0.5282716569613616	0.30921841300903513	0.6769149073481845	0.13466429464180862	-0.13163044199082785	0.052547637666151295	-0.07374200452701356	0.44270894291249535	-0.40546165358457387	0.3388412564213033	0.15132031280817004	0.26189760026603665	-0.13956579447156092	-0.012433517067607326	0.41556530392535795	0.09228896589080939	-0.24288362362032825	-0.17563452858639353	0.0871423260037489	-0.24040831891606282	-0.005515056946979784	0.28308051867796535	-0.12785179922899925	0.16148538588687034	-0.137049789886533	0.11296820096418111	0.020471413527817263	0.2519846564015171	-0.012211024755565517	0.08235163456717452	-0.22071545647500487	0.20735434306085093	0.15345147640505108	0.12810508468011117	-0.22050239874874414	0.13049329258632988	-0.07567595240815124	-0.035858508910221826	0.10770670642233891	-0.3385562377288602	0.5006527101986014	0.4471085387593086	-0.12382637138059906	-0.2872866856900844	0.3576755938619619	0.40621498979907866	0.1510017379904085	-0.1264915583980508	-0.6038749529822376	-0.5182619348672589	0.3522985030494567	-0.25254220006172357	-0.15802473774007159	0.6407735275985647	-0.8547748850600766	-0.0043959829098770406	-0.33329638649171206	-0.14470595844371584	-0.3152383014823513	-0.16218814654731634	-0.42294968141390143	0.42919177031926287	0.25013991635010663	-0.291074839051408	-0.016170508872280928	-0.4720347807161329	-0.15673520760897705	-0.24526925857644744	0.0705248990215649	-0.07522637310830492	-0.0659315117212904	-0.1296711440618469	-0.18566976618581357	-0.07967029248735272	-0.04020174991093011
DTXSID7049396	-1.2698586049686773	-2.170894291696352	3.5371456165423254	-0.44695383185302534	2.807435512242843	0.3133123194432705	-2.2830517640260366	0.03754275693692754	-0.11633359425961178	-0.7473503659435031	0.15296685793256085	-0.43114078399269984	-1.197006561493206	0.577110393197296	-2.170003872944585	2.507646562821196	-2.0623096641949106	0.48810023015652126	-2.686740693109898	1.7929490182806265	-0.10004207056150352	-0.0045445019364219715	-0.38164455828015226	-1.8312353718751693	1.3071177567881445	1.4142073336788823	0.8786758175539122	-2.2089920263566296	-0.3952243135866223	0.8672414699490435	-0.301913956225651	0.9724645938378764	-0.19089279024912792	1.2036646709314058	2.1057128282769875	1.4405237961621629	0.497145646230076	0.5559647325461791	-0.7545737674902957	-0.23203265111235938	0.42843907060170827	-0.7955649302894413	-0.36628904097652765	-3.04412641178248	-0.10650054598568305	0.09523748848622558	-1.1422054536782837	0.6683608265535524	-0.3468250271658487	-0.23026200287150916	-0.10828935853154179	0.20686482257336505	-0.1989765791790547	-0.02583032022006554	0.4297556063693087	0.06247695268012925	0.9684504097928158	0.5155551789222991	0.6146036705318448	0.04753709959275171	-0.46658034966917294	-0.5418558834885628	-0.20707511963841244	-0.52454512327066	0.2003438561469324	1.2137779719540813	0.1710967816863067	-0.14763843844694752	0.9408977497052934	0.3832009731429299	-0.40180729382630076	-0.5568188944998194	1.2847713982586475	0.3944150457043512	0.29935863267495527	0.004313450811866347	0.0874395946280469	-0.14643859192563285	0.1975383253792087	-1.221916552373022	-1.1984930425842995	0.0570211354566034	-0.20675416502054864	0.5530803592145338	0.740085311114233	0.16069811824227034	-1.6355703462067537	-2.11485550820972	-0.77432650635377	-0.014884047402679988	-0.24966246840182163	0.1459718226217174	0.45272861927383307	0.9815307962626215	-0.9419604962980175	-0.5695373396981485	0.48932946953687584	0.2573492027610209	0.25859349502837037	-0.2389490177517709
DTXSID8041452	-2.964036362448212	1.2980333065842173	1.3915362489800702	1.313162221254524	-2.1674320953421136	-0.08229993503331212	-2.239744901761759	-2.744378334566649	-0.32918919461826324	-0.9111587986716979	-3.593282115029362	-0.5502236977886866	4.305102123214165	0.25213640928342385	0.7811737324073791	-0.6236960362655283	-0.5326658012548692	0.6621446671444611	0.05176742336437562	-0.3444075366824826	0.2434170543818623	0.65655869029753	1.3561681579873244	-0.11072610743757827	0.6871353954551079	0.9997394676517122	0.6871602238979054	-0.27642572478039074	-0.010932442866692612	-0.26683017399349634	-0.5453912155410818	-0.5675197986163064	-0.9370455169717082	-0.08909215862170249	-0.2962371104196609	0.13549067233018	-0.7936239326363377	0.4875244554114704	-0.6847460947065334	-0.3598443314690005	0.04236154568060494	0.4811885666710398	-0.2098460170599755	-0.1393809927328151	0.47277843494135424	-0.4438187580789157	0.19123808589188881	-0.491170631986347	-0.16560882291253604	0.10752035996474221	0.07622756953312544	-0.25531877297810696	0.5128534793723178	-0.023693197967783707	-0.7206663619071222	-0.002736516365806719	0.26203188048449233	0.2651854827887703	0.0676348537884151	0.44158130005164686	-0.29110942817004193	-0.19255773482538086	0.4836529225281906	-0.24342333424870627	0.0013814354982876725	-0.22642744773663695	-0.05973644846255003	-0.723136410324709	0.32879185353625767	0.2487682013811426	-0.5184720647064054	-0.07823309187305148	1.008244448682244	-0.8958398682190892	-0.2337530738509824	0.04443472245095145	0.25871297982384983	-0.22537614929696648	-0.2337093969791217	0.2076668161274683	-0.4711966738718898	-0.7029237790192361	-0.2520809474550875	0.15176451690144221	-0.04309977743305211	-0.010590475248007252	-0.28348220910458194	0.5797269340324289	0.24415457725648218	0.09022094593995941	-0.29634988474640056	0.7216469385211651	-0.11434774130040841	0.3519003061510169	0.13586788479322354	0.1855548727078211	0.32357947807239634	-0.11935693555898719	0.003012359504469715	0.2793774128935721
DTXSID4021975	-3.0979814865813635	4.718731907863206	-0.4954649900764895	1.4423054217447209	-1.874362052818188	-0.32887569275601936	-2.012512490916885	-0.441921955227466	3.0930544456351945	1.0840364566756584	1.6092395100753571	-0.9247640813909872	-1.0177276890869469	0.14766959763476942	-0.16188666569086527	1.6125784110706503	-0.46665436845194175	1.0834346320897859	0.15007637118939093	-0.025910184046810076	0.0683740837525114	0.5060345675029227	-0.4731528367847999	-0.03946205640525883	0.9561156472859508	0.09792416979565326	0.8592730051085871	0.2997574602078055	0.30940135819531184	0.7629892363302806	-1.151125768790888	-1.4008937740059262	-1.4901148893389535	-0.8261132933472484	0.8729804900984779	1.551570102689094	-0.7502553880856442	-0.4497350739785643	-0.1287953924967851	0.07138822673979231	-0.5213916173182053	0.1906286998672201	0.5327030701592306	0.4303729302102679	1.515989476740389	-0.9382966456649009	0.6161361599462971	-0.4175802034981361	-0.12990276896003353	0.34334137957161043	0.19408021260706013	-0.09911536218412617	0.9308304931252231	-0.2685083067733055	-1.0161567491389414	-0.283765763234504	-0.6452439296464445	-0.641236337087088	1.1298417013428297	1.2012894175721178	-1.0161212256973178	-1.0678627546528399	0.9810301241501067	0.38136639525530097	0.3122540838926438	0.7844244198948033	0.163968342880227	-0.5559483956218695	0.610206224578448	0.13406634346216117	-0.9644368739280965	0.8805458813488445	0.9441865420499838	-0.4428096630059959	0.05231420290126765	0.0393908437994578	0.5010561310928171	-0.33957328174348417	-0.17265183781549368	0.42943975054327777	0.08137802653859204	-0.6218388447722768	0.6208451266455898	-0.09400845574088416	0.2049205261578301	0.04129014238933804	-0.18144103028931682	-0.6330275283867189	-0.09839051595057707	0.6614873529774953	0.2802803749533668	-0.07716539046324661	-0.18183717959665033	0.037598058119075045	0.0654622710228018	0.030067035909790606	-0.16178770841186366	-0.10870809722577582	-0.03707497841875376	-0.20204586016703138
DTXSID5041809	-2.2722990178418225	-3.012797944838075	0.7413348231029994	-1.0248367339496836	0.395955257496429	0.9351196481135993	0.6286823618214429	-1.0713202782332854	0.6619876172740389	1.2254564235502348	-0.4310645902335124	-0.7739253394931472	0.27417774435994746	-0.7132072913884794	0.22246039125366346	0.40087074643569687	0.4826885133575272	0.5067377199664436	0.47607536880195556	-0.45945297643522925	0.7926728789721983	0.23942458362573427	-0.012597997917126277	-0.48770797617621464	0.8765631138741086	0.3560378105367191	0.08002586639351376	0.27852836079046694	0.48211839176718163	-0.35422320400662	0.44971388804642637	-0.7682685657819084	-0.6847600923680127	-0.6666500829322143	0.20531942884472673	-0.25306333779905993	0.24323890061387946	0.13047746389873027	0.40706483737096577	0.5393035799099286	0.2319413616901669	0.5511855733143523	-0.0078097228263445196	-0.054444104625006665	-0.03268020220102575	0.022285179798492434	-0.13379969309566372	-0.07487807308701316	0.23695445607482543	0.23224799612533065	0.14813210247339598	0.22275555670126912	-0.036854296138377755	0.05526548671661189	-0.02929703023753965	-0.6869366101309192	0.31346368066633823	-0.13066424495883006	0.14082000993326216	0.13399332877261658	0.041917440692510126	0.023291378854375856	-0.21965358185972608	-0.26832601050542837	0.09659842370630915	0.40132497517168714	0.21804368673556077	-0.6324026186647209	-0.10845248797578752	-0.7265821120189158	0.6748252875156211	-0.18960146287422983	-0.22201271265915248	0.1021536064639289	-0.6777801636172296	-0.12250076337288505	0.45190308009317776	-0.3465130577662482	0.5798222474803371	-0.04902882220171766	-0.6560718252169266	-0.26571844806573586	0.3823107993081326	0.16286803322318158	0.2579816289822641	0.10682080163910904	0.17386934696516368	1.2204086456904197	0.8885411995011423	0.19955579919072447	0.9203942526802064	-0.9269851212345769	0.8174349106920917	-0.16760523730582647	0.4658301612278095	0.08793938269942209	-0.09054851006812824	-0.06621777826827334	-0.43334820411948943	0.07081459952006255
DTXSID9045685	0.0558707728060343	0.047501414802794385	-0.833118021069869	1.4551890381398727	2.4089147329961453	-0.3476825772122056	-2.326422916430821	0.3880432391038816	-0.934310429289814	-2.4481470660943514	2.7836397322049105	-1.5565426078631672	0.08467223251071207	0.6421129559018153	0.6127261267058735	-0.9180290450270467	1.3570896512807076	0.3892302565101915	-1.1439595119210195	0.7315128136796543	0.664008101539877	0.33534655887983517	0.21096805128961404	0.07677660017101769	0.9118258848493533	1.1945117615852912	1.465916333620023	-1.5214070581828636	-0.4904318197576053	0.27712429042452885	-0.22787609483922294	0.4372155018558215	-0.12427186612420839	0.31666557054828604	-0.021530268215323868	-0.503213520634965	0.24786308130320378	-0.043291659729760616	0.06699980250051048	0.3785856591237029	0.6682516734311909	0.9596362363817283	-1.1125228661487765	0.5730210367791778	-0.30683998610265256	0.31070637746904467	0.5131391922520583	-0.5721239286875319	-0.32740493365198736	0.17803114762107639	0.0903018293380336	-0.10237303537040877	0.13821408254293188	0.0017581830864931663	-0.33910151205550787	-0.48996438337007847	0.3418336691066271	0.017380195675794876	-1.1000036132018352	-0.11914000448911069	-0.28240341895718524	0.29814357721848456	0.1693794290783089	0.32965150037023766	-0.23424992380092757	-0.45386069530644296	-1.3100365556164157	0.14657262641685298	-0.2109853192985336	-0.020358688097610964	-0.2277028739505298	0.41091106006756506	0.5899877904704445	0.3467751797071468	0.34152233477378285	-0.20393339481646244	0.07661118097604973	-0.7580894126306261	0.137801447942807	-0.3960499418647989	0.4844771137195459	-0.7075558278042781	0.21231046943566909	-0.04737356730619075	-0.5523155748032859	0.3959302989997221	0.5333011692971527	1.0143098051363255	0.8439163290203445	-0.43013176526204333	-0.22228375582266283	-0.8477943179609526	-0.35112493879998646	0.24102831833237673	-0.3687433505070671	1.0477260128049155	-0.5415373812231454	0.47853615960167223	0.11728146538856404	0.040489762980290125
DTXSID3034903	-7.776904105527692	-3.96691361095724	-1.666251679410085	-2.570077231298737	-0.7174939935887708	0.929290242277072	-2.4272288613778077	-1.3301457982429274	-0.976551496219144	0.9898082415986446	-1.3124702079388006	-2.471077901605636	-3.098463150089182	-3.0212161265139006	0.7991692967489238	1.528785665500337	-1.6000952771197856	-1.478126344860081	1.076684613463063	0.5865036141670873	-0.7588860383489632	-0.02336094152488358	-0.5504972304943347	-0.13357025506580122	-0.27365752927431686	-1.2148481107074243	0.49854651242870124	-0.6661327158941511	0.6388751566883594	0.5182011138449545	0.6917993505196971	-0.7974293556861639	0.8492456741193063	-0.4547250416223922	0.9420860641698944	0.424145558447832	-0.5245035047982796	-0.24291001942368182	0.014584814271197342	0.5428979862565333	-0.2259838672039591	-0.3707271201591377	0.30738777663194805	0.35473263495893315	0.09542585333420457	0.38756881672847054	-0.3936990095984264	0.06173596827625784	0.307781956071652	0.5869074782474762	0.08701956777587007	-0.21531877139470648	0.3467191950909119	0.23169639572491793	0.24439300150433738	0.5062509653212341	-0.12843034271098225	0.14291074614217902	0.18959652322147158	0.6295399498496771	-0.6857848131815368	-0.12994003978000618	0.36135471652507656	0.39534436652793253	0.15478304359414255	-0.4428609613031965	-0.6178416099617245	0.07278137587233317	0.0008054377358707115	0.15040685909472873	0.7863084999058658	-0.4032440169929781	0.11141040738528034	-0.013281760050227754	0.2996657554638389	0.1250776181675356	1.0116277659805357	-0.4879147803717207	-0.4743370373218599	0.049810024753672154	0.8275098527092388	-0.5264377178898915	-0.5559122590151281	-0.5170747426427285	-0.18704649058208564	0.06939000806819627	0.2048481861735453	-0.8536659508228277	-0.3022444266656255	-0.1074831369827873	-0.7198657626802695	0.47741126907658327	-0.5558844547341624	-0.9241959314200333	-0.5221879347195512	-0.5271230312557127	0.4397873304196706	-0.3081689556047913	0.34839630768837065	0.047520582518812714
DTXSID0045464	10.138855910065537	6.53028823259563	1.9887732726985994	-3.4719882427676994	-2.523656851272197	3.055775559920409	1.3549290534993184	2.328263791089115	0.11022227945125251	0.9143368509879358	0.9413358998286672	1.1363852289550727	1.4082230311377626	0.9376455864249819	-0.0996986577116857	0.48908106829671416	-0.9364540108841269	0.028816604317669792	0.8569159376994459	-2.313090736648751	-0.010006556531470765	-0.5759472632164143	1.2847696625984437	-0.014907188744280696	-1.1950356531767492	1.2679522382786157	-1.002932361095635	0.1972696317835839	0.7829273392653917	-1.5761826946806112	0.9208186031725476	0.9104144292081618	-0.5817771222073609	-1.1025447212575767	-0.5869236899751746	0.29561881741617324	1.8651091217993285	1.7454728372959742	0.5832536567326075	-0.043840634926838394	-0.5502392383444419	0.10129366454830004	-0.6459419592485496	0.1428497621289796	-0.20279668612552687	1.2907126954998536	-0.3315921105554439	0.677543912146748	0.5153640654535607	0.49541814791635563	0.11721513564636041	0.9444363646697391	-0.13965310840156467	0.17163979407809396	0.16543028870864676	-0.7006595855841152	0.557920907638668	0.27653335549280506	-0.463639296302171	0.20131315202622466	0.3741848451327415	0.6238872017252731	-0.04240318175196922	-1.6773770207763221	-0.9695070547422708	-1.2415699872335149	1.1600782874229094	-0.5015035043309236	-0.45590310732937367	2.29622655967943	0.5692580024488034	0.10416922330786947	-0.764167353703275	-0.8086279870639653	1.2165810310183283	-0.06363427159964437	-0.22647743582304816	-1.0179546339456873	0.6279694158024354	-0.7607861012449689	-1.174629810020963	-0.06567857994542295	-0.9421735832881123	-1.5209688339159446	-0.4862436041358122	-0.7193549424465238	1.1131195954696083	1.4531826274764406	-0.7115121856165375	0.6633793401488094	0.023228650606836085	0.701399223891192	-1.6214802514157167	-0.6064414835979227	0.5154653201324266	-0.5249511496566098	0.46279701429999603	-0.8975165517056188	-0.18055156378851386	0.3440223700504567
DTXSID7024821	-4.052174213479157	0.4189662586482188	-0.5375858885498939	-2.079233856305976	-0.7207825267997877	3.724147007714152	-0.5300094670875557	-0.3533216013388852	1.9822017928346893	-0.4321772119495956	0.8453170802212427	-0.0536524654690684	0.38266124124449624	0.5378783238502279	-0.2438030833281129	0.21438622811057223	-0.21180524073285867	-0.16251702007434857	0.35411818079532303	-0.25937027009271274	0.15986836879085967	-0.0020500315485135114	-0.07339146326187247	0.2804115400426255	0.03357809845233664	-0.30089981765414037	-0.21483964427852156	-0.3518022747551283	0.2376057791819501	-0.24264823621767045	0.3567694004110712	0.040251860827033026	-0.1729018303385137	-0.4104801024821826	0.03812369046534781	0.09246187168395205	-0.01557390561953875	0.017000378527316305	0.32365927533175326	0.31100639709097555	-0.19943543881663156	0.13730423101780426	4.055409908762386e-05	0.011161223636920396	-0.08438457613539439	0.18213219705566208	-0.19470663170581506	0.12896064439882213	-0.04426706080290109	0.2731721750725532	-0.018676777145874204	0.07819180310756849	-0.07288709850430555	-0.009677019708583472	0.08453613109808603	-0.26235182863717216	0.23334165537665383	-0.2012700761503537	-0.17445528241674668	0.19281242317477182	0.2602782308977147	-0.03816088478427836	-0.10940794783591097	-0.1296739939523293	0.0356743589666959	-0.050293552561767485	0.39293427734375413	-0.13934787911567229	-0.0006277997787729257	-0.3904985271791986	0.1348407194972936	0.17159857084059735	-0.26046828673542294	0.3144545199153433	-0.3234545911252268	0.14725198407280396	0.47960573530744405	-0.10158273672654565	-0.17780330088526228	0.377963686477962	0.026872152554057706	-0.2727447852572167	0.1553649993601097	-0.1375408049223835	-0.07221455591617364	0.23010104580193705	-0.10863252218223915	0.2588996136354627	0.0676794069507628	0.03177845823425901	0.4147604245334892	-0.5699503351017754	-0.860657482462094	0.01247942092123067	-0.25791409642770513	-0.6757426276154257	-0.09771793304871187	-0.5343073172818328	-0.34516848887256174	0.013264482881915915
DTXSID3047637	-2.636910722262289	-1.8088345937143153	2.665332281878988	-2.0630344535834992	0.5363032812675177	-2.2700506115066252	-0.20715153449085869	-0.5371777328097951	-0.054780743604927525	-1.3003945973479103	-0.3235814490618822	0.3334247920660901	-0.10357031965318274	0.8395695348407782	-1.1522490873878761	-0.9196774835163758	0.3480440657300479	-1.1019983650094176	0.44950049558868344	-0.2966147571876539	0.24358350209616617	-0.07314806054713494	0.48382493109474034	0.4672543437709398	-0.6650798738547521	-0.43204532080601893	0.6590537002966145	1.0807847969250464	-0.06697186787970681	0.7286009066350558	0.22386870429520983	-0.44779963390351185	1.0576879067341254	-0.36363856821350415	-0.3819191363098526	-0.22133159123658241	-0.44461437502871576	-0.7760113094074526	0.5303757714556915	0.27591425298238836	-0.32617045510954257	0.3617489275481599	-0.1700550501501345	0.8194996360565954	-0.5691030706434616	-0.507018102101992	0.27576881445540025	-0.7076884070991185	-0.1828553166876721	-0.4547653024998174	0.2287675544055566	-0.15033930259513117	-0.08706154411014166	0.1974228593916868	0.4961209489506557	-0.7091249340816808	0.17946685653359262	0.03562921178460938	0.4366040873756564	-0.46370793534765387	0.5089540874391482	0.2887269435536306	-0.59499888224825	-0.4241306259077465	-0.0588172110701052	0.3825335634906298	0.739623862314122	-0.36981064209272535	0.9047091342634652	-0.3068602260128473	-0.240267421265727	-0.192891463472304	0.3175055798215692	-0.0636172359124568	-0.5198199022931509	-0.5276770361164626	-0.02599504984027759	-0.6464588658135176	-0.03829341477781048	-0.12647275116186804	0.16666191492975194	0.3539686550210699	0.19045402677034784	-0.22907536793450248	-0.05548517029147657	-0.16685486995694007	0.19112521018088888	-0.5096750917244836	-0.3360062957573637	0.40334570755782334	0.010991105365332245	0.3575964242538925	-0.0034975958697764397	-0.17402478898761123	0.4868478278363907	0.012465302143569642	-0.3204000654013232	0.036859156721566526	-0.343289715321306	0.09393734162055636
DTXSID8046402	-3.3196562580469244	-2.110861001613884	-2.3246723909358846	1.6966504550565218	1.293754659574097	-0.02041162793917958	0.9457620639510177	-2.2438475756046796	-1.0706400336071435	-1.1492951346883167	0.38689910761045154	2.804130280612715	-0.36824067459886506	-0.6403459933991411	-0.17740168823474062	-0.21024401063033749	0.9306868759578675	-0.8628684634962677	-0.7805911366751236	-0.1858105728145767	-1.3722026876810647	-0.9403223197988424	1.6305422223768875	0.20604875918250679	-0.8656181683332974	-1.4339645320445829	-0.5840896713828134	1.512939608544883	0.9621756256462154	-1.1105945994920747	0.34317709331551005	1.209316515940255	-1.9698304561035418	3.1851625034301554	-1.5730236276103464	2.154553623248047	2.717041912153348	-2.4560334678495592	2.8245993467240673	1.4189433881604803	-0.29477411766872946	-0.608898024844222	3.2180091541118916	-2.421744700001064	3.644687985727556	-0.1998651519042991	1.3048492153075786	-3.18899085930256	-5.1042790181346955	2.8273653242710375	0.3767911889445182	0.008052800672953992	1.0174173335932382	6.6617116316662495	-1.2796853174502194	0.21575266394772052	0.9700008278631713	-0.8077827142077523	0.06595445938970514	-1.7128811287480943	0.9676926706829186	-1.0509874885018582	-2.2982238672862447	-1.7280371840296578	-1.3040344068237992	-2.0546431101367943	-1.8766388323596976	0.4144438728033497	0.2589063004864359	-0.14810651246362355	0.6451533516827012	0.8495394393446363	0.3837189835668924	-0.3618727162661868	-1.65392019298433	0.6709713487881928	-0.6517255355575682	0.4283322058431189	-0.22423448237163723	0.713368647090306	0.7515592441986517	0.013573238828249408	-0.14148160289438766	-0.4270462224581542	0.1643752619499097	-0.16167847456098683	-0.30423052553277175	0.8310639656778627	-0.8962282797440227	-0.6842927256362449	0.05994943119277532	0.029938421522804366	0.30521495710577157	-0.16051146990024823	0.4531821897162929	-0.20001581130694335	0.23600297667764686	0.22416039502073604	0.3453009676324129	-0.08523130188931291
DTXSID5023110	15.309683090142066	9.918581600684668	-4.599298067783257	4.238360255013687	-4.699552588333194	1.055441151522692	-13.361960135463168	-13.833095017683691	-10.288107508491198	-4.528738598118368	-22.286973102617008	-0.7192961537953352	26.21001406873823	0.896401471550385	0.018046247474557818	-1.6428158675840376	-11.013362323657296	-1.3865292772170754	-3.0562707518115872	3.6334989332162553	1.6599886338393977	4.228949015721614	3.1072119838571672	-4.978067998599263	4.441289400982772	2.1462767055048264	-1.2899431869447144	1.246860848519862	-1.990869642346219	-1.6878203463280574	-1.3979798963640477	1.628895131754185	0.4113339260809472	2.893482915978228	-2.233558045221468	-2.9842991285429514	0.8137453215276478	0.6059539234591923	0.6197705864977437	-0.3240264322358584	-4.145157969730436	0.4593993821789097	0.13387635698328904	3.0795475984632503	5.435485164379482	0.8268777643681127	-3.073824436303972	2.779796538881361	2.086668408777139	-1.1598864135279852	-0.051631923150313966	1.9136357386584484	-2.3104507010466944	0.8823728389116919	0.8342246803808802	0.4100831364953526	-3.656971570541797	3.347907688705299	-0.06803711037089112	-2.518502338005936	-0.14457635566427984	0.44018408987998203	1.1923782977686448	0.47057987356658987	2.7892586397466705	-3.570181904512235	-2.818673744260739	1.7608042810435374	1.210633235986757	4.006044578799472	-2.5107119982086217	-1.249571980859501	1.4098415795059152	-2.19376813146798	3.488689610603405	1.4182546563421232	0.5177037318956949	-0.44690129885999885	0.30879312011087673	-0.9095792734205138	1.879452761873542	-0.4840878422894495	-1.0856562164473873	-0.3841521118869165	0.1582495515059352	0.44470776687294555	1.2567496936780223	-0.5371798203970379	-0.07008130909511488	-1.1633617365669502	-0.9509115862163211	0.556841110933469	1.4936273565955875	-0.05512057888623574	-0.05280045471736765	0.7461742766583538	-1.2817665825987874	-0.01771919035518218	-1.837682340143972	-0.11927101825796874
DTXSID1041346	-0.9297816713694877	0.703400983715939	-0.5372108607056775	-0.5197404790745803	-0.6692961524436455	1.3977804015779238	-1.2281872770245856	2.592475601044718	-2.030412942727817	-2.213233312049871	-1.2181153557424595	0.484576369463307	0.026630843004476924	2.5047429937453045	-0.8752556580558597	-0.8565979221925496	1.003187588328697	-0.16827790103012227	0.3740496244165409	-0.4271439977911251	1.179545209266771	-0.9200313034172894	0.1290434720290358	1.317086838048356	-0.583877443097218	-0.8538815439449002	0.02524644779430734	-0.8140590898183548	0.06633448044661215	-0.03310894678974483	0.3720229884741727	-0.26435255189315054	0.42416685055534137	-0.48507146545012886	-0.42643274898675715	-0.14834517943695308	0.27836144199126883	0.15112152345185972	0.2016777548347217	-0.18959449691906127	-0.2981290604364561	0.04810176816954678	-0.35899157865922965	-0.3440083915085754	-0.3930556745784191	0.22153497926210824	0.11076313957327928	0.22548582568716805	-0.08358518048856592	0.26788922039685625	-0.11465295634714609	0.2178697435605812	0.04257185923330878	-0.269117897776615	0.11369559397190818	0.17405562979029623	0.2226004078977197	-0.29823432115398607	-0.3500895209982112	0.29157961832747875	0.07388750851599372	-0.09301023909146147	0.48117395714922784	-0.04870568309273711	-0.09467206328853199	-0.6590330398248252	0.11828862570549063	-0.2849972821943608	-0.4180754962598891	0.31774303555042327	0.7683360054533546	0.1619565590642275	-0.3151088124058106	-0.00430395476706824	-0.854501861303707	0.6248303329762595	-0.018279549192945898	0.7425459811005931	0.10892443194367908	0.2571124777608841	0.6073750371244299	0.5429245487016979	0.04086182236036672	0.1181631870416409	-0.36042009992938384	0.13092904224672852	0.42873379993284727	-0.06775292936340621	0.45581771051224557	-0.21764693154187875	0.28387690874474786	-0.3608067257874085	-0.14878170300769034	0.40575665186514687	0.12623341618259107	0.5126977392971958	-0.16159331131414817	0.10964847964127791	0.023609435562712666	-0.1767336441996808
DTXSID7025051	-3.0981116187848237	-2.540591590596838	0.7531727869726985	-2.2643353675677	-0.7367451060503899	-0.10271542650792093	-0.3366414021908075	0.3504452870112593	-0.33601341167626386	0.04283856121002019	-0.9742753811138465	0.28102728076438516	-0.5689632241770097	0.7660848389902715	0.25829087647014265	0.26147709078971104	0.12037749492638256	1.2244896531216172	-0.08176554176040546	-0.1773588139134131	0.8538636177293857	-0.37736842965415973	-1.015693552018482	-0.4995328993981582	0.6945028078948147	0.24466341189099952	-0.3368011051610456	-0.3041229033457351	0.07619583303871394	-0.17435829447483311	0.9297853299555888	0.02480604809240829	-0.40153309809912535	0.23178597036031223	-0.45667406847185094	0.6003431043010352	0.3768231738546975	0.38780303963552676	-0.14552591741041568	0.5511816929215353	-0.10789360111506698	-0.41545890671561847	-0.27978099546610835	-0.08493717518439607	-0.22410861121171133	0.17876039480763287	0.14235130225147805	-0.04502981717434087	0.18885272320218707	-0.010431653837904748	-0.13852766415129494	-0.15810246985846374	-0.189565694273073	-0.2589399397920197	0.021047180085819347	-0.03225844706489305	-0.32436804041123696	-0.06411198736660276	-0.19233235135494406	-0.08277871169008927	0.1274947317658501	0.14056926702541478	0.8026911358934233	0.5828304385107003	-0.5154314590402661	-0.7561024156581115	-0.11377433019180432	-0.4535896294086432	-0.5710647972626264	0.2920849368357413	-0.1691245388582527	0.3102436824475716	-0.3968089956396644	-0.33510395636031753	0.7919845907948948	0.22174185242533578	-0.3246953927858592	0.44610720021841554	0.3255449438918794	-0.309135193745562	-0.1810545140590456	-0.5209845499100617	-0.19515006179698846	0.09069447512614401	0.7756624026443065	0.2972212150197268	-0.4310262587771279	0.5078018266002832	0.33495410427760053	0.017506851044359076	0.4715476590799529	-0.5742076330057948	0.2919999097541276	0.3854127475675285	0.23411970785862443	0.17908941303529585	0.3993728576354594	0.37198381786285495	0.14690621214913435	0.09183339666530912
DTXSID4043937	-6.364684494350554	-3.45909416585388	-0.6513120546609509	-2.0261739838661925	-0.7260607363042824	0.7894718299259579	-0.7341645755911438	-0.7571633940375571	0.38832124230852416	0.16294535141128969	-0.9832743004694219	-0.6094474194827547	-1.291008906137443	-0.895968418034178	-0.14618364587185032	0.23445415678223774	0.1695906727580889	0.8580776056349642	-1.7558459931283958	0.3689137945997727	1.1920097237667238	-0.25106137883163504	-2.4901843378244375	-0.03630971756909871	3.026224305043376	0.5526446205285294	-0.39404691737129943	0.16946569253905422	-0.35648022762376713	-0.5487267781287544	0.0013195982946779916	-0.10083341125826022	-1.0675072069875038	0.2805984151707174	-2.5162265245075153	-0.8997498514011294	0.8585118042309959	-0.5488672861240159	0.5226166809775962	2.707861857726828	1.4984586033991858	-2.880517331333454	0.02250279249920208	2.1379983705889316	1.2161648651663572	-1.418497430813075	3.713621636902826	-1.0151501334586102	1.437448559860525	-0.8498338568439445	0.3875444648789202	2.8920861406403877	0.2280850062672114	-1.8814729581767036	1.8620293987948264	3.3293000531566523	-0.30908649805686383	1.7565906885532414	-1.5147456130431873	1.9059400131509279	-1.3822028824460213	-0.45274158220015587	-2.1424004483636345	-2.4343214186291466	-0.42202475174465937	1.055848101922052	0.616455435281627	0.020555802003692007	-0.27982327671991025	-0.23016947682548766	0.9324754244982919	-0.16560875885033463	0.08130746550732114	0.6315900466815602	-1.201548097418327	0.06349510465116169	0.11630110805119988	-0.9376834318414589	-0.08524721586363869	-0.2603881941235871	-0.9205700865074656	0.3230024346377876	1.2528960583710396	-0.5562268033939527	0.969753887933143	-0.7865644622316353	-0.048137349601420874	-0.7248536608824925	-0.6775322362047086	-0.1237789793170306	-0.28234604654398693	1.4212309621335784	-0.8676138778799285	-0.2705413615103533	-0.9493856232636084	-1.162486230401702	0.5644070418106377	0.13518338213050873	-0.059462527733689735	-0.6824441620481864
DTXSID3021930	-5.488719042063697	-2.6795478425174597	1.8255252197704035	-1.0268794906723182	-1.0765688851295012	-1.2257745881256439	0.10630671337099053	-0.8024905967443621	0.48846986892290895	1.9101510478309989	-0.07992309339135455	-0.47626150873249806	0.5099087827350622	-0.18420497776824085	-0.9263899596920181	-0.9045055836343745	0.12276157246488564	-0.23450511340873162	0.21101182005488503	0.15139375371416855	-0.051236444341062844	0.25873909793927585	0.2129254930737226	0.036716179179170846	-0.45733893847660384	0.13326583185061283	0.2485833600245014	-0.09443120340980014	0.04926923823806616	0.15748122583077992	0.4403936975287289	-0.31092645876308916	-0.06279788651624564	-0.014762170555008284	-0.14108747199718683	-0.14711907368181712	-0.2066499010479817	0.16580193093794854	0.18966471152812356	0.3184434681049589	0.14219172423372792	-0.0032373666651870237	-0.17351400074961787	-0.1665890399447248	-0.2988838102536847	0.10896018182925152	0.029178917710526952	-0.15800523047063908	0.08944904984519551	-0.10786305207650783	0.06409398599481816	-0.032168029500457745	-0.05957488402471478	0.05859615125461511	-0.031508056684964175	-0.01851461970645695	0.1604264678377527	0.06914397311559776	-0.03147831757838071	-0.1626758910500506	0.2707761509358058	0.023048560181569675	-0.10113782750912834	-0.21563634740549148	0.037034220002615366	0.41287322527803855	-0.04079640023892615	-0.1347811608096059	-0.315535183377286	-0.04044844913972775	0.5544797833719807	-0.03947771664336979	0.07370160699136742	-0.20358887954269708	-0.2433356233923921	0.13603998507969836	0.11707554412448103	0.11615457758013126	0.28342688375762304	-0.16343849554675377	-0.07045220126624686	0.05140707234321173	0.016689513122157336	0.2839327639447722	-0.4435361936760566	-0.07839116584906076	-0.29381256252286303	-0.3086218082344046	0.30588482534482997	-0.43211508319323577	-0.05795934969657162	0.09771736725846074	0.44252258269487277	0.2597323933022456	0.6554423514075114	0.25165384806076313	-0.19828517616314914	-0.09262665716886553	0.5437589995121868	-0.25753700414185515
DTXSID0057677	10.604823438096842	-2.009766118254257	9.486834445695084	2.856661552881236	2.517462332452917	1.7286075519657194	0.4172615027200999	-0.15124183149342454	-1.325773724426365	0.650568041415419	-1.2373288837442018	-0.2676693422088067	-1.4652765780474672	0.8575358341556578	0.7857124574071163	-1.213936720285422	0.9537032289783434	-0.836288618918778	3.7412263369125216	-1.3547154997452315	-0.8814501087102043	1.180879592452014	-0.21426784672330007	-0.3390053166231181	0.7548926297819355	0.5344206508135652	-0.5039915319449344	0.3131026722610337	0.8737067356260964	-2.149304043284652	-0.5021551785840603	0.6044811768549885	-1.486470605675481	-0.3596142944317538	0.23622178203538557	-1.2085267720564967	-0.7186731741001807	0.9489163532932996	-1.2493804066501046	-1.4506761619219442	0.3836893210334987	0.7054767107108001	0.12309882196723973	0.7500996558582756	0.38318284433939603	0.2486197047548393	0.5455984478131306	-0.6484778656014838	0.09750850840094863	-0.6715340051488515	-0.013572048339657734	-0.49730529739335344	0.017490959593353703	-0.4934929780275859	-1.0854815442412131	-0.8767021353189752	-1.3219810603706468	0.272713792053901	0.08309457888722888	-0.0530332546045635	-0.9784669750958375	0.12058573336684625	0.4569862504596447	-2.358303002636671	-0.08630875561374327	-1.444563131826503	-1.5775936781666715	-0.305304130094412	-0.41977939189382313	-0.8746104127308623	0.04139916129510189	-0.7547415212071975	2.0501556691115668	-0.5663398691041724	-0.910801137487812	-0.4937201042524314	-1.67475702944761	-1.4702493194236324	-0.7995791580288392	1.8516457214579427	0.05954069555333705	0.4661852738413746	1.812517579587798	-0.621296258880897	-0.8667474529422705	0.1892520115989896	0.586955093364648	-0.5430167973149417	0.3323719038676093	0.4180434411353658	1.1982505205893055	-0.46644922020728985	-1.9015240560736637	-1.2569950520704072	-0.6219794347731968	-0.5777296771351169	0.7216975139620065	0.6720190992320442	0.7191258337288745	0.1707367692801025
DTXSID2040525	0.12261425222446286	4.299856910222352	-1.0239356574522775	4.69375075449954	0.6994240978171072	-0.175183711620611	2.6522617481711417	-1.4477257574067395	-0.1188659105014359	-2.2504484094323	1.7711217974063596	-1.3807615169039134	0.025918092656260317	-1.4403617747659612	-2.104575121775028	2.958747290599089	-2.96893185124338	0.27827883428573474	2.7172086514314957	-0.7434832696360676	1.5590148306189089	1.043311856910173	-0.42263887102040926	-0.4436154420939953	-0.36240683956915554	2.191928710170783	-0.34975298118360737	-0.029308691040739625	-0.6741204145184908	-0.20015401013800385	0.1507734072681661	-0.012572420766924688	-0.8628407910791612	0.24296968959177817	0.1565519756271292	-1.1249142006515358	1.4390870148647816	0.3602331486171935	0.8216454611306145	0.5901238744077858	0.37998844052395087	-0.32494429329395486	0.32459028249618915	-0.433158320360048	0.1219095567015357	-0.24415292974844308	-0.6160623282744928	0.490587477722878	0.2637551542900891	0.3083844253772176	0.22647229923877626	0.3851136334982963	-0.39819965431268434	-0.23279481242197422	0.674558396623554	-0.8896564178976254	1.0312481602672727	-0.2724071030966234	1.0977215264329596	-0.37484149638919556	0.366448506614655	0.21401417535427247	-0.8739952352502302	-0.8467234420343427	0.46633644901600163	0.6309396626947926	0.6317685137789284	-0.13958790724496262	0.39701654599526204	1.3253311401977472	0.7346760974706255	-0.9030415494981413	0.020931736732763915	0.5134298061124332	0.5521537823496531	-0.3270104391112517	-0.39539797329727744	-0.30573841143557734	0.5544307729280251	0.05422344820858841	0.05466454708927272	0.778139642110241	0.24987071185577728	-0.6843017732803532	-0.4468279605779012	-0.039065835254495536	0.8682359224412936	0.5005965100473319	0.1886726119610606	-0.5595699776282056	0.18335604361462218	-0.18318339922795768	0.36223411682397144	0.15178301763453234	-0.32073153504802326	-0.8424767804256257	-0.13356511904506016	0.29965174371286185	-0.24085184764092119	-0.08358845512823149
DTXSID5049283	3.7893184840952774	1.2928651166690026	1.273005821664462	-6.643191694404193	0.3839134178183554	-0.1421971286838127	5.735339140591924	-3.5581851643880054	1.5173305385444629	-1.123453884088158	-0.09624750885834309	-0.28719338670106404	1.1476693995497034	-2.2528107117660707	-2.29022923349425	-1.8764141750516534	1.1924193100227884	-0.9361001049377426	-0.6982003401601595	0.6816441726597114	-1.4191347742244194	0.07006522671818657	-0.27060370586739685	0.011865079003522716	-0.6721781929257322	-0.7523628420131604	0.7818095206386292	-1.1555447143207431	0.18326124975038954	0.9268582117527128	-0.9752358834737259	1.1510186870121797	0.5504760439935479	-0.15838944639446872	1.7386895572643577	0.6787121662956693	-0.6901543755475857	0.3418998607067429	1.0108414478488024	-0.14041124273227862	-1.2505979579874067	-0.5324463791767677	-0.02534556662066759	0.09787146075361802	0.06935763627595312	0.2595893614194476	1.0543550303187417	0.37254941953414883	-0.5655794515925056	0.24569777312998853	-0.2763853603382573	0.18544305831063537	-0.6653813355802665	0.06880665378666741	-0.06859724012620423	0.924824030490393	-1.0473736050787066	-0.0977835746439244	-0.6836919016673841	0.6252864992842042	0.36317921795240565	0.30178307103638186	0.5256179746851376	0.35224283761827474	-0.04271894580873139	0.5948976493106292	0.2261856833805832	-0.45267802370178134	-0.4219003644317116	-0.6761824305315847	-0.49621824326972835	0.15765825237470776	-0.8843080684721344	-0.2442297586621277	0.10226276161917093	-0.11627427413896149	-1.075530542106427	-0.9685285321818116	-0.6954922379574808	-0.530466500710747	-0.10487639858705548	-0.7035859816638782	0.760585262502532	0.7803098803766462	1.3924309738541205	1.1834492676921764	-0.5519561038572691	0.2484235700835423	-1.3025016402841063	0.8527707792956164	1.390002581893503	-0.41415525874882053	-0.2027331236168558	0.3830747409607755	0.3664691275745269	-0.7609115597153866	-0.6802716790057095	0.8107985679418851	0.1356618637202791	-1.261166759847176
DTXSID7052101	0.16059246316689946	-0.7461315950876576	7.1162865885846385	-2.0272859773526695	-1.4742622839825885	-0.7309995647374417	0.9088796217599554	-0.91158793256374	1.1685943705515174	1.9218194254973417	-0.39261687548640084	0.049930226579243175	1.0360626387202625	-1.0578430540850214	0.5183675348798817	0.25108997441800013	0.3891172384523586	0.9510572589836961	0.4139825049543064	-0.998657523142306	-0.15790953450123746	-0.22140085907436816	-1.0087489685732243	-1.1729875222702106	0.9466443396390725	-1.1328799034033903	-1.230822027247454	-1.5616718673812953	0.20924404479455236	-0.4468784333677659	-0.48162034969466816	0.7816165569921045	0.7768043597351926	1.0802932736895163	-0.789690436426613	0.9099560074212112	0.1711585628577848	0.11832441455841426	-1.3048029873452278	-1.1279768875120357	0.42919404530828476	-0.4375223601187727	-0.9931182945029758	-1.5253225857079564	-0.4363952426908711	0.4913636348337674	-1.0388528174828067	0.0587244938110103	0.2257235300342421	-0.5163962754138081	-0.2864343091634215	-0.5974267503681516	-0.4715262486831266	0.12120365742716084	-0.055023196634875746	0.8876836435737643	0.09834297992141132	0.7975256373583504	-0.11378902260581665	0.49178361477484067	-0.8642052228874862	0.49549713367711196	1.2343552553361181	-0.8171939298527866	-0.7585695842242206	-0.48912234585132164	-1.3777846366906568	0.5474927987337734	0.3998036102877269	1.442075372078241	0.07992888076647435	0.09929631640304336	1.433596824331053	-0.10352179595983445	0.030949123713789852	0.3200636749208207	0.17393750845175698	0.3472483096537874	0.12677492985270195	-0.47274670467499363	0.41474757515377414	-1.346760837790562	-0.23938530519583315	-0.019133771752911782	0.2670067345330079	0.16527431841792029	-1.3591481530184653	-0.7263382037107119	-0.890687000471291	0.5130411868492197	-0.6063968439412506	0.9891538960787464	0.5691580898043835	0.9164238104149688	-0.77324378760678	-0.03231619803429214	0.024991340206626224	-0.08732751339450052	0.39095331005555145	-0.5174734191356366
DTXSID2047222	1.2518323882672957	0.3157568350657838	4.805507359337021	-2.1669470119738112	0.2209395964133197	-2.399550087861592	-0.34571059955280414	-0.4681492403141297	0.3551409038990441	0.2250148605431459	0.20906271889935052	0.025871484507493818	0.09625099463013478	0.4266786747022961	-0.968360512554649	0.0018752187424975909	-0.06680264264004189	-0.34446868116548696	0.10230211411868362	-0.7809785472811569	-0.47210602432883353	-0.11696797155338635	1.4057965879917558	-0.4467529216573002	0.7579485360254528	-0.905967149155577	-0.35394472513671776	-0.28553908779755477	-0.05736808272439238	-0.09531939786245475	-0.35540624910502927	0.8457333860609975	1.4533085468286704	0.05019621713036943	-1.6483200534928084	-0.6939676440922136	0.840055907007381	-1.704632812076465	-0.6656036456481689	-1.0082305683221273	0.7400226950293142	-0.7389539187710208	0.4486525197400474	0.22312312375156315	0.5262690291664428	-0.8721649620618921	-0.966267523324647	-0.047258861218221794	0.17018709700103027	0.34663804094546474	-0.14674567333452496	-0.9407210533573691	0.41855007851284304	-0.028148211284087024	0.44155008757306863	0.6633926896718684	0.3931920325059981	-0.3325163852279757	0.7890051094318421	0.8831638381170483	-1.0852653284267846	0.8224595242652766	-0.08631051246618471	1.348661399939862	-1.236932601531403	-0.5427783051285489	1.6073150553588031	-1.144976910665978	0.3496316213161406	-0.543378980491841	0.13922397122774655	-0.1723949180284579	-0.22009453098840503	0.5519470239138349	0.3131134962028513	-0.54447621900722	0.06871404167421849	0.07568562965743321	0.387008689103776	0.455705426104152	-0.4278888254588919	0.17339754619114275	0.31644590902029757	0.040030992843570284	-0.4781906728585424	0.12848353370092075	-0.03909355433944547	-0.07339240937392154	0.3631375599668076	0.08081044971027378	1.066684190536164	0.19637932550838444	-0.33374026294767334	-0.08758670722428623	-0.3025115467778462	-0.03699196439410262	0.28204612905852566	-0.4458827990920541	0.26074636061046386	0.531963309236595
DTXSID6021321	13.794998177875115	-2.2514788094778586	-2.8310593403734794	4.600591790735622	4.4928328288714345	0.9039479735887291	-4.452200050851152	-1.149308715137115	-1.830225120846084	1.1792152727145246	-2.7213907913496294	-0.1511901965825176	4.128261381838172	0.41342295375786786	-2.23689279901398	1.3283410776256988	-4.748643676044057	0.07869100065776971	-4.901466135801916	1.1739196457316234	-0.594766837279548	0.03616913971341496	1.7666936745319206	-0.4797522575354062	-3.2896667197609	2.05105316877753	0.7510600770488594	0.3913126977927333	-1.8183124711531573	-1.0252099573381748	-0.7115642699970861	0.8545269297283565	-0.8347457744632634	4.009768300072116	2.0081919552212044	-2.4766083777781156	-3.928746999326377	0.11731409420365509	0.7932685273178464	-0.608986686340838	2.4341587427308995	-0.41383205880857304	-0.9301120196305889	-1.400384163325249	-0.6531443438331733	0.1008055187509999	-1.2160215046567613	1.0735408705799752	-0.33332819570905137	0.3722983892799716	0.4495870830316958	0.8964101209205305	0.6393297110718762	1.2714597583807246	0.3422708519357301	0.8715332034235493	2.0573126159790833	2.7496863605205966	0.3453525864317472	-1.29025145802112	0.1577720388374419	0.7240215269214163	-0.5052609645469563	-0.9759557661624195	-0.17339682918057278	2.2688361788190803	-0.5846404829603301	-0.7554313755886672	0.0659344494533667	-1.7710972370885945	-1.5453792879933794	1.9960524117167098	-1.3366812355736553	-1.7912248116652911	0.11421059923273473	-0.687712411292536	0.21839286609503827	0.5988167711068628	-0.06281809586654122	0.3002252493549022	-0.7513303705178666	1.4117096824776623	-0.6177281557038062	0.24990480291320236	1.628322169645398	-0.5215065102809595	0.7018392814459727	-1.891482594784339	-1.3069741132730843	0.8711917083526945	-0.00875192879561775	-0.599947911456241	-1.3665931430689944	-1.0501768557226576	-0.14019344878746334	-0.2340438065792551	-1.0974777064846915	-0.16536206550094182	-0.7841743155739404	0.09027242269131391
DTXSID2043903	-2.548316543135149	3.4975723972627053	-1.8690995489723616	2.3446328578428135	-3.6452360398924384	1.3573177370562073	-5.352174759167679	-4.820414154830134	-2.001762509585461	-1.4857098130494775	-6.482758895884474	-1.2986027099484114	7.668266896663573	-0.8837020298118042	0.1596671438527398	-0.13694484135791454	-3.5295661036611032	-0.38995446710346354	-0.9825529446209533	1.523095834272852	0.6748093390305956	1.8629555222385983	-0.44557909461314466	-1.429400769946637	1.4989638324745194	1.0454391988347758	0.1832395993629514	0.9413585874358275	-0.38235742377597626	-0.665456272226434	-0.748572543018138	0.20814911961750535	-0.9115164068762673	0.5904622991002931	-0.6804477356898366	-0.9553824762526134	-1.2727599856426413	0.5497208372498964	0.07043477644259258	0.10419222705400026	-0.4615826886304019	0.181225008371456	0.12066848107601671	0.1989208319523597	0.5298788661660483	0.04145883137918468	0.23105165546365097	-0.650566706911218	0.02954934691670083	0.31945672890128474	0.2285420342718374	-0.32395689538349254	0.49805923800053464	0.22872828414243226	0.09883535360117579	-0.26108662265927135	0.1453800263187231	0.0463293786512057	0.3161438946924841	-0.35194300732023853	0.34610032981404437	0.2920757971061686	-0.188274199338047	0.9559582202562262	0.37994664453122556	-0.47619147900379794	0.3180868104503611	-0.9236634280271853	0.9816436472651192	0.39907215455570144	-0.008308621456080648	-0.9257610227698371	1.080930776289185	-0.3722963376044479	0.1679392198754422	-0.1493377651050034	0.5850390091363484	-0.31505711732456865	-0.32666280947615217	0.3287756375213611	0.8997765766327352	-0.5454724124635693	-0.31777743051868385	-0.38361184953547084	-0.1346132069427815	0.5813429135541017	0.9129558884127431	0.10133738980208662	0.3922492445025689	-0.37465533389990047	-0.7072712249553117	-0.8713325462519387	0.13829906344192933	-0.14961156126352573	-0.1278673362883115	0.36709951934300067	-0.2772976709702245	-0.22274715152852145	0.09145296261424334	0.07070986850673379
DTXSID2041759	4.376169532777642	-0.2490851220848526	6.526423800953198	-8.044117260755394	-2.618902175698076	-5.491874678569725	1.6358489582765285	-0.5605437500988961	1.0046619298545347	1.353262533000274	0.43594755165283694	0.9434284787577212	1.3851040992063925	-2.5871186480082953	-0.6788720948766064	-0.8259992326986624	-2.1226679412455765	-1.8360099264061676	0.1394313703099629	2.5555897748388565	0.7755041062854175	0.018849044634614117	-0.5828602278217423	1.323385585984589	-3.694270406123754	-0.15997747190045675	1.5104972585631429	1.1454088595173344	-0.5243289269866204	1.012425125946097	1.1296402390158449	-0.8396738757019246	0.6707847232993653	1.003146269150091	0.2853882645943761	0.6295629517602075	-1.5789510905181612	0.2814474704471979	-0.500929396813328	0.746104210393283	-0.574076292774958	0.034690153937010214	0.5640182242219719	-0.5059912895063893	0.15893658741013744	-0.37862498807225614	0.05566637259128583	-0.5715986127092708	0.04815572264645174	-0.40160034164165326	0.03460747912360874	-0.22809418091098888	0.35404818953387623	-0.24040895682445487	-1.1162951991349617	1.2547641835547965	-0.068064442620182	0.08068855747502389	-0.13360071789467856	-0.5421232916310879	0.5425652844244014	-1.5632511538571134	0.44120159389115704	-0.567841433831698	0.8943155357936845	0.5327392983606599	-1.4182698076265576	0.5951466423166296	0.0778932745601507	0.6033046706203745	-1.294760841319795	-1.1873442737687228	0.5156249803497408	2.159516757099745	0.4462857583435688	0.6374701111908991	0.5976905953421143	1.1208490520748757	-0.8519083174708935	-1.18088650121139	-0.9773783438847258	0.24273260008982406	-0.2758977717033348	-0.9871318721305878	-0.11706189211950718	-1.5846001250910016	0.9268636488513122	-1.0703191867328712	0.681647337417206	-1.0378805414190815	0.2727465032276345	-0.3416326600442175	-0.020456919541245306	0.058155043575769796	0.565074233741791	-0.026931173963488896	0.11246405107553115	-0.06281179666258589	0.6243287368037358	-0.028659626396066406
DTXSID8020913	-4.632225479976197	3.1261312209493446	0.8193435517540458	0.45406681305851343	-2.298320084720939	0.5636447459296746	-1.9370748699323685	-1.0071965534965293	2.2878989622037658	-0.45324927454446345	1.6307730332256989	-0.8389461245570727	-0.9228563145532814	-2.4116963699912186	-0.976431118727125	1.0641449053481138	-0.7647945832729683	-0.3177943119973905	-0.11869129340988753	0.5344572874356665	0.178064402050408	0.4519845217361197	-1.9017697355796883	-0.786576262911112	-0.05767898733129305	-0.2348149008186617	-0.14112196543086056	1.025388283770289	0.11331095724726764	-0.403454028273936	0.30625607416632955	0.8977995394735234	0.2659431224237347	0.11253088219712573	-0.3859814432040564	-0.524584882408908	-0.27486625439325196	0.02148777100322808	0.593428901554116	-0.3826131262917172	-0.06749239266990967	0.2721594856634066	-0.34539615849318966	0.16399812559565416	-0.2580642982741444	0.6987436721468501	-0.1086781920991422	-0.11733784300915973	0.197437457874781	0.10126568379152548	0.01985831141412194	0.08796631769494886	-0.28260985793883997	0.3127073770045654	0.164393693745812	-0.06549982716609991	0.06328058822209306	0.1547607198381593	-0.41411695126933007	-0.041318661953784336	-0.2567389582784468	0.49182022192580477	0.25482912112027095	0.11843051737385246	-0.1692422364737244	-0.39524862933748667	-0.09883202613195745	-0.01300871739484574	0.3816799963595501	0.25587361414203796	0.17315356380173044	0.17214556593275984	0.14083277579211423	-0.1355660147436886	-0.5400112755300776	-0.028928414853512253	0.1415572665648051	0.03480147146145979	-0.0716104450014425	0.24251883216336306	0.3560981356230661	-0.3855634554417542	0.13824652206467195	0.06392103768821905	-0.02167509804505526	-0.00022702005913028574	-0.39273769714035217	0.43662153118185637	0.06753107170323985	0.1726019672794773	-0.12078650612376135	-0.05985178178278162	-0.2674868530186974	-0.1622830211510755	-0.4924864753612992	-0.05761402105844031	0.07985177675182101	0.17407201416425344	0.2570765922143417	-0.11686550450557628
DTXSID8046901	787892.5097032842	251482.15693249865	-814313.5826006042	40466.66075495106	837665.3145445524	-143032.02739291612	-427562.81987990456	174228.2702828318	1501841.6500512974	1164619.9106268003	-394207.37103065156	811344.5695195479	204392.60720271195	-1073470.7645198232	-875031.7207439231	186441.45534747443	755626.2746422691	1559471.5672534101	-166300.37511565755	-3298876.773871268	2926538.0375930686	-1743301.592862269	1541380.0126430355	-491596.97614635195	3288967.681124483	-111809.09053619107	-4414400.9036683105	2762817.542885023	-993867.7091868006	253337.0730240268	9650447.069529591	2933550.9545803014	4740426.649805088	-440648.63175310154	7917782.723304614	-1004621.2900553246	-1337283.9281896267	1077009.6639356613	-872726.5067661474	-211515.66447620944	-2287604.4994471683	-1313281.7891637709	-457533.20059717976	496007.54747301695	2883234.3596884413	-485829.93403867085	1285505.375543981	-3473018.9003483932	-1425777.4727920145	-1912677.93460097	37045.657437366215	848417.9842408453	2193512.657549164	-51376.09198993576	-2137829.8488874645	2352953.313647334	763619.1996781094	3496439.8657834264	1681368.22641492	1907847.272168165	376073.408997562	2039147.8245911181	146445.5835752912	403388.2730970543	-516794.1113784087	3572489.059289299	-1859645.9620014336	-5627216.65715506	-1718464.7784395425	-656224.5612737425	175781.23995318596	375262.41409780795	2011888.4928791919	1546863.8990977255	-2224742.3618046916	4715233.606516093	1877264.4036173567	-5893802.64308646	-1112338.4884085094	-1066229.3677832428	5204095.591683184	733166.4138547201	-3479639.985706757	1169495.7352932082	-2247395.517470464	2815435.6011101026	408048.43550697993	840508.8454734624	2507373.6548714167	-6383142.632300561	-270463.1913427201	2811008.911863038	-1329009.3958295656	3632295.169326509	1082764.8577793352	-2282990.3831119165	478699.5662263865	-1882696.5840678874	1095856.4539019156	2736972.9563656365
DTXSID8020127	2.482516157811046	-2.0590733014059888	-4.354188373981438	3.667759092907856	1.6379897273177064	-2.6178851706564004	6.581996110495517	-1.4587634805298606	-1.9700763514302162	-1.9171240299593226	0.7877951346159812	1.0431030048192331	0.42327809028768903	-0.9944127919709536	-0.9689206677417491	1.357457831365048	-2.2074793567388813	0.5127092821323458	2.673951201122328	-2.582685162418913	1.4188654066215836	1.2967047721838048	1.3756949553331033	-1.2616646666828217	-1.0904129007480092	2.7392106389743804	-2.2360860461191314	-1.5757140927356106	-2.434706894620379	0.8689943561200931	2.0568313191308607	1.609392281749558	-0.21839461174816543	-1.3536758530933013	-3.4874594445648635	1.118598522305733	0.08363417635115532	-8.639695100132107	-2.8190912623771855	-1.219382639072313	1.0470087255939466	2.9944396591331253	-2.618751072613608	-1.5679941710649996	-2.3203482663816515	15.069995837822411	-2.7395776871453577	-3.2146273358886726	-8.548283482811222	-1.7814496179150834	35.757392328831564	4.414712478506907	-4.792885354769722	-9.644655380738325	-1.5967705201497973	10.933802181629	-2.523198870177639	-3.116069410579541	7.107066254042566	-2.5784374892093362	2.5664251563236578	-5.932687415231647	0.6213791918261061	0.7177350651907276	3.1530333864470967	-3.522591572907349	4.725550885967193	1.8686418699687006	-1.2088108239097548	-4.893059828708989	0.7917661910121114	2.0685550730051467	2.1052813221725866	-2.377481276868578	1.7628929974825869	1.8220639777085244	-0.06396063043608448	-0.5078214770015128	-0.4886036768156215	-0.4395978813885166	-1.2253483295841943	-0.9514862995524553	0.1054307553096835	1.073643111455492	0.09563078108588972	0.4052915434667317	0.6885845843194189	0.5505598024460815	-0.6250413508782205	-0.8787654279450254	0.46210532589947956	0.07170303190413402	0.05528500389527581	0.2914194471984325	-0.5851404845011268	-0.12313975159568404	0.21039172373205084	0.36302770926252875	0.16537605402212677	0.009786504193325178
DTXSID70565479	4.003682617673728	-2.0482886205660265	-6.260488949941226	-13.041308766787811	4.876218216993639	11.456353371932591	-0.033717740313891575	-5.390417891909921	7.958394756691332	-1.1057817906536964	6.967138641071434	-2.4574211954013436	5.366274275898723	6.876792190669805	1.5359640291443895	1.1255225264844808	-2.00030700151862	0.01464899584851096	3.1376645063393735	-0.9524648850438129	-2.6413111520375914	1.7601031921900057	1.3529870626360552	-0.05233550686489051	0.012154097956770306	0.06165920109254285	-0.444192566190608	-0.8790986414475351	0.48757151461071613	0.035810163115413345	-0.41961457364307986	-1.133184427630785	-0.632665034608792	0.4983758032351039	-0.8165050731696955	0.10864757653690418	0.1608880467592851	0.4927425275659497	0.5415763087975582	0.6078930275051775	0.3866480578254535	-0.06286212771880527	-0.9452063144019142	0.5268670048616211	-0.16011991668813727	0.9670333490458887	-0.24275115149955914	-0.18626184967064255	-0.36188015537665297	0.31137962582658774	-0.012544420861102435	0.14781177031014395	-0.14201242459291738	0.10118366529843115	0.6410046717869027	0.1340858514074116	0.6736538000252978	0.7341794009628804	-1.3547350978389636	0.4475987926289821	-0.16136082298667498	0.5718632582138921	-0.6416919696953866	-0.17482829619094928	-0.07931295994528556	-0.8580580135018926	0.020851603362155902	-0.3998365773332434	-0.04990138653395002	-1.1314358987295696	-0.4028878655356818	-0.10476548984143162	-0.13652073150937752	0.586043684411039	0.21837239503693667	0.10502025084533356	0.4241651267438722	-0.04547583884589776	0.3662053265192489	-0.7879749722016962	-0.19043409137917947	0.8541138994618077	-0.2768113275624768	0.7606590437291475	-0.4711118590322155	-0.2406063220421171	-0.24976266649929058	-1.1823207577804937	0.4696196153963085	-0.5743448989193489	-0.28761826655896194	0.9225459028673381	-0.41593762488803665	0.5985454514671918	0.7322245738188451	1.1768673906003377	-0.7168331907629463	0.004941037359504933	0.5653685633147393	-0.08307787280038136
DTXSID9047677	-4.654889945229568	-4.466285903724287	0.8817608472304247	1.7067316152038476	1.0148156284901408	0.721851633913192	-0.5721468028358561	0.05808848633763397	-0.11528921008252203	-1.8924512129374453	-0.7805033857446994	-0.11479868189335059	-1.151587052477593	1.189841924369885	-0.34310570268716045	0.05884991059798293	0.012457277853518882	-0.249999671276589	-0.6480332138542703	0.9816066825762712	0.6546386069386452	-0.23150064752304855	1.564061020969481	-0.2952035041922624	0.4951640027323916	0.9998201906306603	1.6399850402872165	-0.7530584879796396	-0.11810995259952833	0.5775657460475894	1.2045694435569203	0.8206273043318404	0.3474669816235597	0.12111876885931368	0.1805583082542113	0.13664614328188435	0.4219656479825787	0.6998263138186251	-0.23508413745929993	-0.05115325876102739	0.06457958820292643	-0.03906371354861662	-0.5897700620099453	-1.1490487981345596	-0.35524520230637296	0.30462806498955375	0.4103576283298402	0.43051288978447155	-0.27472346977597345	0.14212066152758543	0.007829713161218946	0.4810468556335478	-0.1477792146459636	0.07001581183148936	0.34312439303873693	-0.2448226618873484	0.6007020537377837	0.18659638359218392	-0.4167444727708291	-0.10271370123196992	0.5688457528454692	-0.35912989615280844	0.08201815451585222	-0.8188850374471089	-0.06128107574250259	0.23184841118957342	0.25041523471388283	-0.5226035676125392	-0.058058091370303044	0.693844816438227	-0.5165540317243567	-0.053673866866242384	0.26090822800099	-0.6426716346688582	0.17887614570473861	0.11849104735838764	-0.6256015652133531	0.20527788528816476	-0.2384431387520653	-0.45444301420181443	-0.23558729753623334	-0.03664192318222779	-0.29893582948994624	0.2766524772357393	0.2771286550209614	-0.2325512077587463	-0.18491755286065623	-0.286192081197164	0.2599853408327929	0.00888729024588529	-0.41569970872472944	-0.08529276876843009	-0.8884074505047425	-0.5461571848507955	-0.0720047850406899	-0.06929485360634718	-0.01951956649545177	-0.06987761696953998	0.2578371013467513	0.06829759756910617
DTXSID0057621	6.086199709511909	0.982103563109095	-2.968705773575989	2.5858209047259106	1.1470383758303357	-0.7783644102327599	3.3403944579214424	1.8715554793568436	-1.1083175721874545	-1.7519103022260487	2.731185442785029	-0.6748182841033078	0.6387141580036001	0.4138908349029682	4.971728202332519	-1.316198449283893	-0.7293425899194117	0.23745369870801722	-1.090872087550274	0.6754839500827811	-0.6607936181807695	1.1965186520082762	0.5704373630163843	-1.9000332325741849	2.783216395957343	1.9321993708927168	0.9090048687520366	0.2535835554691889	-0.26252062536271925	-1.197902962677552	2.3649263893045185	-1.8427579031460666	-0.743693567277366	-5.593950359436506	-2.1898651288783855	1.4437311820403225	-0.6278780979310022	-0.29810676366999705	3.412480525076848	-0.711278031387074	1.141318115592818	-1.7146734822527463	3.2186769776042587	0.9867127673866576	-1.2437337143945049	0.009894069221608313	-1.716613720249985	1.2793076970042905	0.24469745136021753	-0.22997680047461339	0.33369526526798693	-0.5863727907730839	0.1852941074628038	1.1352591279121358	-1.8156405276498198	1.8947492575164806	-0.27950637227076675	1.8599037732252144	0.2115824940875019	-1.227336369915186	4.514275855783734	1.4784712494985237	4.572353302089062	-2.826826767329066	-2.9309616741912095	1.3070624815092162	-0.8925974493088988	0.9859504179160234	-0.8505412726024708	1.8891606174343512	-1.1079802096335967	-3.945036245283159	-0.233921304819767	1.2046489728246983	-0.5906585309675056	-0.7523399386435433	0.09664797810311974	-0.4934657023257328	-1.557239294268035	-0.14376307603741068	1.310695798243301	1.568857510675347	-1.359568122097871	0.5596278614605265	0.824172892511123	0.1466671382689926	-1.1676771818006784	-2.076744552066322	-0.35426487278249963	0.7470050576278147	1.6784139997595768	0.6998985798022412	-1.063884403904615	0.19470942840193245	-1.103388265247546	2.759604835554529	0.8122284982324943	1.080408758540163	1.0616109120019714	-0.6284602784027282
DTXSID3040697	-5.00414651996009	0.9457290043927863	0.8538256310646317	-0.22173997277335353	-1.8648360990333854	2.4538009521631277	-0.6704638323724379	1.8417360260604516	-0.04393700936094003	0.006535845149763477	0.3945506975278045	0.23066010482893376	0.1340890161153271	-0.7263364883229784	-0.33535924706964826	0.02396885483587867	0.07557127482664738	-0.09490882579902138	-0.24054622733932246	-0.44848010738259525	0.2039118491367844	-0.3397358188777715	0.12439084385369101	0.12697659266002606	0.13501485567003463	-0.4802184714256825	-0.39623697496900234	-1.0581954370429745	0.15635721048454296	-0.27122337785902656	-0.187421065595963	-0.013851575314890643	-0.43611573769204365	-0.46801406246060206	0.24438210652193704	-0.06697523325476093	-0.009453868913326748	0.0640324303137882	0.2654605785044881	0.3234060006517186	-0.5623166430090359	-0.08208600860633454	0.10103544920639501	-0.1569473196744913	0.19879873474731402	-0.024951795942729556	-0.3729799297657636	0.014547814296659694	-0.09917114235461279	0.2803953314144855	0.05865569610696181	0.038985393823950824	0.12650010743225612	-0.19976863986237586	0.008924150915404353	-0.38392829403548717	0.31326474796694076	-0.4859814201175459	0.44441393511372984	0.3213047340367651	0.39305497075597223	-0.16540458184987614	-0.21983537628386915	0.11335850504013317	0.24301657533203738	0.45677951293510816	0.3461074956430145	-0.10810974991820661	0.28396788159370057	-0.16257849791159765	0.6573790398101256	0.03891880335061319	0.2427759857823639	0.5527359738987628	-0.024368887217615483	-0.14900804036902104	0.6551670820643062	-0.67543016025346	0.02797325643293076	0.3419952996815844	-0.050257747695132284	0.05373086268397268	0.49558618233245977	-0.5033762347833272	-0.25519043974513383	-0.002750769909954105	0.06212404594306056	-0.2704611027031413	-0.3372605100997999	0.11658494078752617	-0.3205737005051688	-0.10204202927727783	-0.2676988425119435	-0.20819268847112196	0.03884819278790741	-0.4261737567648779	-0.211981643211302	-0.27637772523590937	0.03596909825682	-0.15560067949335185
DTXSID8049416	-4.9806562257183	0.07945210451867124	-0.9392004704405115	1.3049238630694409	-0.46697699589809366	0.37187902529602596	-1.8772140866347597	-1.653757334005137	-0.3185216426767936	-1.0460522138822048	-1.2534528313332542	-0.3471754972298349	1.1993090268657363	-0.2915000002765574	-0.42143399089142497	0.09152374126509494	-0.09403095236799486	-0.0544447034659389	-0.4836584060174481	0.8200665946402234	0.3559745138862732	0.20553900817662074	-0.2931547325711019	0.3751393712780359	-0.16316295558422259	-0.10880378800008898	0.8527378368440085	-0.14991830948282125	0.051797563363791016	0.05581347087174841	0.278134723030805	-0.5959433898928785	0.17919346354611512	-0.03584626792644202	-0.11127725998318029	-0.3270443184343732	-0.09664334562217841	-0.3936210212765397	-0.061241316689264476	0.06747395513741036	0.5018125364055301	0.6561117754065877	-0.14212634509107608	0.5091246952703392	-0.07117990139441123	0.18691310986485185	0.04551503496351521	-0.3580105220689455	-0.2725661202170681	0.1385367877389938	0.0915208206956279	-0.27919914354976627	0.07208266805234444	0.3189134926074158	-0.39218313206926503	0.244575544374752	0.29986965692553763	0.21824077911866938	-0.42412687848994524	0.06608510830874187	-0.2776427233054369	0.3492439920517569	0.13819360994443167	0.23986620995460867	-0.2150523051204017	0.23466612971910292	-0.46288108995302507	0.05901522721948183	-0.39322373019493034	-0.2833567809343804	0.3913735444650292	0.043746395116996434	-0.1073867243958144	0.43256002280237427	-0.18948603207924114	-0.19208831600163612	-0.13040242640496966	0.17381596107940098	0.11777092378221815	0.03886767906036169	0.8238259167459289	-0.13594584018464226	-1.2059680933676461e-06	-0.008307433120161318	-0.21519378266476363	0.24740526023999085	0.5489599235995587	0.6694269624202956	0.3224936299080137	-0.5107526896196903	-0.2506216216010717	-0.9965604964125173	0.15133014562789937	-0.5675084498763567	-0.1604120848875061	-0.02894626188025922	-0.5640681349713205	0.13132574013492124	-0.23354524421759223	-0.30437616738951906
DTXSID6048709	-3.7602534258754767	-3.8778158727363867	-0.8465910249035311	-2.665329280234954	1.924586945389768	-0.6833306004298739	-2.4412881065824976	-1.408469769702592	-3.049383628634438	0.06538119459097842	0.636872287502046	-3.1994620969892655	-1.6234905701457927	-2.2268850634010375	3.0014165987862556	-0.19146008392262448	0.055112054932177884	-1.1844590032027216	1.5414003880821012	-0.4712388947056463	-0.9239391361835716	-0.3324055287203033	1.9494147183077144	-0.11643338205337835	-0.7922107267440662	-0.08250578584876184	1.2159163190092486	-1.1650019314982278	0.40529485605185844	0.9441872785721394	0.33111355894581906	-1.1178908568393189	0.7008195206075346	-0.5889422307667529	0.8466680897980733	0.2166695945221458	0.2098569279361491	0.23086841360850657	0.4525561564309348	0.8876967131296124	-0.3919767674131999	0.03550038708109118	-0.574894803788286	0.3256003420772534	-0.12610202557748512	0.28349276750400243	0.09535808635017166	-0.26522858457998116	0.32469452982524954	0.5794892150686374	0.2812878304854421	0.056481424461928484	0.5782270976446875	0.1300323134947985	0.4864279565581401	-0.033641925531213424	0.5049717278597396	-0.5126531850307045	-0.05547681343190898	0.9307985748887969	-0.33341802068078247	-0.5488574232722263	-0.11831822240710235	0.008335898662775022	0.2974296565183007	-0.5414848278865207	-0.7126279498530249	-0.1059744350997039	0.2732284139332488	0.5123786077321437	0.8133643564244365	-0.7132328874881335	-0.09822982327202287	-0.4522276982349623	0.03904241408107221	0.2940361933043012	0.9870641743728845	0.11498289020655222	0.16017537307181146	-0.49549632149746314	0.29883571450589985	-0.0484872218756833	-0.6872806219004549	-0.39782192263586996	-0.1795191099194414	0.3188052769085732	0.9420947630352703	-0.4865294131079181	-0.7125479351572644	-0.36917413194324467	-0.6384112939118087	0.7937960048015757	0.23536417166312462	-0.05341342140349144	-0.5501968012709492	-0.020240448369153643	0.23290800018532937	-0.7457414982555033	0.09950207821369207	0.7558007865587762
DTXSID7044685	-2.3351116896360953	0.8829766917453753	0.23497337377457223	-0.023605805853892225	-2.4792073275352866	0.45024085053922075	-1.145774487111577	0.8340624778348154	-0.8598936424502799	-1.2718788461993877	-1.6872703991062263	0.5229005987489062	0.609377607994292	2.1412292540819755	0.55067347410504	-0.2008246034030321	0.6320525627997887	0.8239383409938142	1.112819744414706	-0.36126233889474796	0.26345875152772064	-0.8794045767349925	-0.9979314835886677	1.2679977033697518	-0.312237167930572	-0.20545309986810267	0.6682943686548815	-0.9172504305081535	0.26837958193050065	0.2514757950951756	0.6253153122649258	-0.6581312739984069	0.13951790684522944	0.11070383618991142	0.6530728157901323	-0.01850442148835263	0.9629193922412849	-0.1046647958698002	0.16783350596618585	-0.31159446595036994	-0.14807177419938353	-0.0785658876307697	0.17515612616551307	-0.6090875147738071	-0.19954735544462152	0.07840252066389522	-0.48628395889499126	0.11883943308148769	-0.11426325746531715	0.12934449894819863	-0.009869803120888353	-0.08410661065325635	0.09988546418274133	-0.15806462143179126	0.14046125582245164	0.2864729410719805	0.2930666961307369	-0.4954124191021171	0.5758957777907322	0.8879167187840796	-0.36153864434841165	0.07640163205223599	0.1321614554297846	-0.3124791460759175	-0.11058486101296576	0.34524130377654877	0.09174193132748822	-0.3835664560389591	-0.8841257314128504	0.5299801037333614	1.2362561159777274	-0.7024373613735555	-0.6330258209525782	0.5701608742382457	0.24625975371137376	1.2274758063847948	-0.41679087942301263	1.3964771122443402	-0.36924477501831976	-0.327008416737122	0.19316426179689866	0.2707499167426167	-0.04078512996742314	0.7145087692204881	0.4063742693196795	0.233427849330342	-0.1383761659464054	-0.15603642268547652	-0.38222343678920023	-0.3270666102785808	0.19373260985577734	-0.3915408361652746	-0.5273706318080493	0.0793841716979982	-0.3367090362620171	-0.0743447528067196	-0.24674078191070695	0.06800222605431265	0.5953998971939476	-0.037252427682659225
DTXSID2032392	5.099871666172506	4.8948705211499774	-2.1393887489745897	1.5297416087662492	-1.2446041202974418	0.1842229302408088	-0.19374929414071432	0.6611882702963356	-3.2016534067159115	-4.618427189552187	-1.9993684042000954	0.0275508635480193	0.512645550427248	4.2505359877677344	-1.5494266286297231	-0.5426842782245352	0.9837807958219532	0.5152620645839882	2.6251410000886666	-0.19623406599453758	0.7938733624928911	-1.501492792943197	-1.0891309401045015	2.339565778890494	-0.7122616970122797	-0.6911398133442841	0.23132950251229584	-1.2329497010131083	0.3476108928367105	0.2792717356953588	3.2857897131965146	-1.9604840014529274	1.2728395709137352	1.6535033741650382	-2.6248165868865154	-2.7325951416570655	6.320825913916595	2.250522420472142	0.6791182632169436	0.2503447155424022	-0.011388979394661585	0.3783488466861631	-4.045965932417313	-3.9500011716258077	-1.97474597515909	5.770869094233803	3.632185988668553	3.784136000280425	7.640602660978397	-0.6753792258378829	1.6687705169963338	-5.153218908598757	7.3239433304944255	7.4166972348397575	-3.4050986263918195	2.426261134375122	-6.743774216625668	1.520095681869068	1.104998229052179	0.5896386824714597	-1.6638008660461183	0.7758316749822317	-0.5109280105635632	0.8118711397799618	-0.153998416500344	1.6171045507668458	0.8105120075946939	1.3808503974996085	-0.11604071075830986	-2.5225248601282764	-1.0454636757584737	-0.7648049039213027	0.664797618667366	0.6691940262094764	-1.1652860546964119	0.12742542433019832	-0.9470231070046963	-0.6271490861492643	-0.7756359334046414	0.14994502590564332	-0.10130648823149167	0.15025098383579605	0.6068131257215772	0.12490546234138573	0.05702326123016716	0.30267205149171594	0.5517320603170666	-0.22887768701537903	-0.25193126436341506	-0.28104500957199446	-0.1467954962270306	-0.75501941097228	-0.1367635494934574	-0.8131254552846655	-0.3934460072013341	-0.4744056891400325	-0.08297637568503426	-0.1278992138048316	0.7755055916641118	0.034485759081940334
DTXSID2047937	1.1148079192955194	-1.9355595168429833	0.9365870907841054	-5.466522855844032	-1.1533501420601808	1.5247603089649895	2.0465723415170873	-1.1431044139453923	3.8207433744914217	0.05679284230488644	-0.24862678303545874	0.5846619290363423	-0.22915881565596818	-0.3791989576989503	3.1299517694004027	-1.2308058671143163	-2.19250196358631	-0.905730453605841	0.08415481481055942	4.633829513303911	3.5687313597664443	-0.7100095186441859	0.8146385883853599	1.2499953996344537	-2.0256136456063354	-0.6040212655178451	-0.783871961204853	0.467062801530788	-1.859935588388024	-0.38891995324875256	0.7215500206170904	0.08635951417075183	-0.05453827276657819	0.7912239932984698	0.27785321288359066	0.40062293347875233	0.8389129446344543	0.10958088000443557	-0.6438018353835522	-0.10988008996180587	-0.6600747939666681	-1.0826069909024967	0.3288870805535067	-0.6679489135643848	0.4007483021975231	-0.29303453834366283	0.277865297790179	-0.17294120764392593	-0.04396322986230511	0.13210686168407032	-0.04316185442226066	0.13509558569904587	-0.19039567865051382	-0.7728726728857896	-0.6595279040631884	0.4106049645680703	-0.31310829390260286	-1.2330200501107011	0.2736127219199727	-0.23711805982668807	0.47190426807903146	-0.8671789927576585	1.4935117116892103	-0.22576260593541758	-0.3700853602616605	0.4305655369362855	-0.14491289047709247	-0.3747495384930256	-0.14132151006632282	0.21928940343893075	-1.7250115006179692	-1.2500215786233766	-0.06915928843474352	2.0106201594771678	0.12731050242308978	0.5599722583138906	-1.171982267710019	-0.023180929472133002	1.4746059888222256	-0.4712312970225187	-1.1974874009924223	0.2850128042387757	1.1920128421257272	-0.8632944311651705	0.45891012494723893	3.2168642283141056	-0.6407064933300483	1.4330520031843987	-1.6034803609604726	1.3343888474370094	1.0872688683295926	0.24306446619340089	-0.41716348870635883	0.695927604243838	0.13655585552489696	-0.9232756189578414	-1.1739807637118216	0.44127331096548095	0.24893438598098142	-1.3772750866402244
DTXSID2045496	2.0557857866454077	7.684994811685504	1.8606463986465167	0.6218907155837129	-2.6110635866710536	-0.8632262557429234	-0.03169166354894605	0.3388122513490293	1.9073564622110468	-0.47684068790776646	2.1800639922636758	-0.15311032414090636	-1.0826210696489356	-1.832468186937866	1.0020252494723616	1.4809765926629952	-1.484434178306436	-0.20840367256178136	-1.0316295725962055	-1.0456814483901158	-0.4040508493428601	-0.30221625696071386	1.1021421490751737	-0.1772223599009416	-1.3152579278594758	0.6521431008418676	0.4811323391110605	1.8566630644489404	-0.485869092045941	-1.5692325527021866	-0.8231051965883527	1.2521448170992735	1.7146792681827214	0.5111660942919003	-0.9528666935014702	-2.1455905324190403	-0.991587835180991	0.07532519959591465	-0.0479419839035283	0.7339169930098742	0.5553351511041777	1.2084109575333775	-0.10538242886782584	-0.410296142227441	-0.9091819201731647	0.8816079193416142	-0.1328273209736972	-0.06650133200389509	0.4118269517051229	-0.24075178128279823	0.08778289714584818	0.018091034147858558	0.24453451647969002	0.5628610388735906	0.20023834598244478	0.4231289808304047	1.1772232742794329	1.7678961541797626	-1.3415988015151574	-0.9835355417954191	0.38921255639438374	0.01610994197078829	-0.5977631740527621	-0.5086027863338523	0.2828483049391732	-0.05837904050290896	-0.22227711371537615	-0.8754893599506942	0.5877822026452317	0.5479235405851737	0.933976682313577	1.115151761177734	-1.0178857129159087	-1.981614555314914	-0.5993037340047107	-0.12595655298804606	0.20705626510880837	0.2665101621877448	0.42243601239973033	-0.009876052682447557	0.6349321017681607	-0.2053879275253754	-0.2016263643036475	0.6524396926284723	-0.0740214650911432	-0.06914686931805551	-0.5626038287283244	0.8788817834711031	-0.37450239340303243	0.4181264876637381	0.46921978020139016	0.007663281653392131	0.026584364414148208	-0.1977290472128657	0.07928862798106087	-0.30419440447045204	-0.017541836623068224	0.22378918574940182	-0.7790821236064029	-0.2777732648799045
DTXSID6021290	1.7300139639328305	2.831804883210205	-3.942245657466011	0.7775503558952798	1.601618464175947	-0.8587252083577653	4.068748727270668	-1.8207795426895053	0.41922563046375677	2.9689304221378197	-0.6099147355009089	-0.6591308787444472	-1.0404191332739678	1.295732626503215	-0.5906344614287619	-2.6407698306734306	1.602013363177446	0.9973898747036547	-1.9003801762583759	0.19596506422540325	1.5697477451806194	-0.4836888227068007	-1.8598050056045652	0.015741234038355725	2.4050038212150224	-0.5415022074306572	-0.024947176098355627	-0.2856600281921071	-0.20071761648410988	0.20163030488249645	-0.5689814697014423	0.6497890901199176	0.9932188699235477	-0.8542698056691217	0.2924679412526023	0.46404703520376833	-1.025796935919537	-0.04959060727327799	-0.5072568669359805	-0.1401712015368758	0.8247006455470111	0.587472782369772	-0.04717559743351351	-0.03845617425596194	0.11229075808000326	0.5466027713644187	-0.18641246071772768	0.45907816502199833	-0.360554450036465	-0.7823126402412683	-0.3919006825408506	-0.656002138526135	0.32205776784794027	0.06557542849928584	-0.4284850146446967	-0.4899696458508598	-0.6859150591327242	-0.230678427750656	-0.31912655737948165	-1.1267380510943739	-0.6672986158463404	-0.5719426153656106	0.23588144673171066	0.9983642918401303	0.12068279671954667	-1.6587137220038437	-0.4281483848138014	1.4476684394618315	-0.49457271681679155	-0.3517836440618635	0.5710883292059424	0.22356520098010232	-0.2306962434053935	0.2468176408667031	0.6078480154457416	0.25915129860780345	0.46675060933162327	0.3952030171238891	0.17503945831045606	0.5249589708484278	-0.5639752499137576	0.9729878268449059	-1.0192736417477923	-0.9552427452632183	0.34625529623461343	-0.6803167344138165	-0.16572579664517198	-0.9434455708195657	0.2384694690502688	0.7719743686429563	-0.3697621198219712	1.160322049191854	-0.6711201815015889	-0.04434118578493018	-0.36430332225529694	0.37632884702073555	-0.5221707502071015	-0.03062942488340441	-0.1026465354827471	-0.3666552981470663
DTXSID7027831	9.873629024160161	-1.6088224729148166	-8.778534472535418	-17.05504570782203	4.873254659154163	14.118780255071146	2.9353492583498024	-6.782304698391775	11.403056738963157	-0.07748879293036527	4.298706867929788	-0.44195214186017917	4.072383048581168	8.825484199402347	1.2584446638425242	2.647387018635031	-2.711808130400035	0.8827974679113115	1.7510435983824582	-2.2914150614525064	-1.401087422803769	0.9008594706741179	1.826419604188365	0.25302066510231047	-0.16552410903081194	0.8335625948049643	-0.45915481744506736	0.3061589784541122	0.24487510423743972	-1.6159034959327045	0.38730056627136566	-1.4479177768460534	-0.6054180788980493	0.17576143581500178	-0.5497546758985291	-1.7394600942923044	-0.8376685108356975	0.6187552295481397	-0.14798619639961003	2.0250594835790054	1.3511146663837104	1.2000405823760454	0.3839060287925762	-0.47361860304975284	-0.21076639537021458	0.9487267901953679	-1.526469444773451	0.4689497760080245	-0.4134582037519759	-0.1452301674342297	-0.10809683897501697	-0.3541681162548943	-0.1905164278641495	0.6449344903748858	-0.11958272141949106	0.3415466429977495	1.270369010744285	1.9047828820138357	-1.4607501558163496	-0.9936479730915129	0.03849013880046722	-0.3881335892453628	-0.8494086298824488	-0.5184238487543287	0.5616149550055908	-0.36629776175301043	0.44615042489251117	-1.2820107480155516	-0.6470495270239164	-1.6543405146016816	0.5957020932026731	1.061369828646373	-1.8073022061025594	-1.2443246351775883	1.7770222811481486	-1.5951347820824295	0.5617413944540341	0.4378447582330777	0.276579753317202	0.49462594845813496	0.18200138166037744	1.5496156987777514	0.09008419659789485	0.9178259975367693	-0.058635448356029435	-0.2757849128563204	-0.004984044510253391	-1.2015044957209324	-0.19702730118735	0.36529267194029574	-0.16076767134172137	1.2124493355125707	0.8933071709988368	-1.1053707052002666	-0.4238821435138082	-0.38570596671575463	-0.5973140474299742	0.1547236937837791	0.0029132533886377845	-0.044075171466908744
DTXSID1032690	12.551385005103283	3.516153005334283	-4.891883018168947	-0.4546602115871944	6.910677996291818	0.7436439847786229	-0.6598403222170602	5.446041854433185	4.244018885636872	-3.0248778908936504	-3.866536461261058	-0.4891704858750611	0.745730502303066	3.8184941850058287	1.5168196815483261	-1.1565080073396723	0.8152429842924903	-1.722568124008118	1.9422983310102637	-1.1996778256619764	-3.2425940034578336	-1.386189009885749	-1.5818831042197625	1.2929654871549159	-2.460071322684498	-2.1103321737232594	0.029542274757302176	2.4386979099628094	0.9071770645869623	-0.4953175580200686	1.7240772093064538	1.71243748485209	-0.05500907772129343	1.8664470603614514	-2.4890876677041955	2.0130812159322797	-1.0597138180697474	-3.672618135724928	4.164619146808755	0.634787572810004	0.9918640782852883	1.520399304256522	-0.6219879827573129	-1.3828619094687788	-0.0433005243439557	-0.4455514522298922	0.3685980894829542	-1.1694088635719713	-0.0378985219129186	-1.9919912949426055	-0.5355598493922339	-1.8161455667405575	1.0090142556177808	-2.6426299712000634	2.19897492010642	-2.891016515425662	0.4463686596788741	1.4152147073123644	-0.06179804440627375	0.681307105359431	-1.5901347884110133	1.3092602117218242	1.0426847119593579	-1.1786456157631289	5.535093701893155	0.341440215964641	4.79693037286994	2.3796410973374647	1.3385378719879912	0.8425172644074809	0.039816028526072474	-3.1533447538302037	-0.8215393873424318	-0.8801260191258989	-0.7747080049568665	-0.21966983427998357	-1.3816436815949558	-2.8034807002707542	0.06554776630504695	-2.380084193461865	1.5290659393759334	-0.38752804990881495	1.5245245585512872	0.05890360408136816	-0.4995728898162135	-0.7048784903933718	-0.5846789916244765	2.4157454496343713	-0.2539863563222807	0.5142556702324587	-0.5411594559017133	-0.48649348440942797	-2.1373997623195797	1.8510783285610963	-0.29722014671332847	-1.466976269928224	0.3800328426957587	-0.16756732204223077	-0.12152643485350034	1.781084337122233
DTXSID4035708	8.941263745851883	4.783821091445088	3.4776508784169082	-2.853169144395483	-4.417121134108668	-3.8603611600897767	0.1489298292312861	0.2661971896981614	1.129416075473684	-0.2399082243531997	-0.24206910975027332	0.5263879800012914	-1.1247010273108766	1.018277196538008	4.111012453306427	1.4479030789378304	-1.9264936649272637	0.46320822918227095	0.1574112159000184	-0.5893894625014603	0.5760757169796443	-1.6888678542501925	0.29566381948886056	1.3017692297414576	-2.8747025584096795	-1.4720978691265378	0.29241410328142015	-0.48749329432566957	-1.3410922366483442	-1.2949585809933013	-1.0880905538284837	1.4717939004492053	2.6946609749973556	2.7378938775966484	-0.9396789269711031	-1.9526830012758025	-0.9745986256423581	-0.1281846179700853	-1.0188532132290045	0.14910841930484942	-0.4870538227972604	0.4000605771012527	1.048855316559622	-2.351779746808337	-0.6780420919674514	0.22694516984486296	-1.7644502602606211	1.091956943651137	0.08541873872291406	0.49506298965661355	-0.47542490103903573	-0.14479229649118444	0.5756403865696258	-0.23572838944225213	-0.5820617383703524	2.36363856006663	1.640646756217658	1.0358265314612998	-1.1254082234165168	0.20640515049359512	0.10572176316969226	-1.218311182718003	1.1597624276885314	-1.2891044260823674	0.8848569516876825	-0.42257568380762384	-0.9225087118497309	-1.3126397600501711	0.12887685519879774	0.5749062903118706	-0.14941685552517472	-0.039393803840396924	-0.9173104805915947	0.9893351724534416	-1.2543724887407408	0.953035862852948	0.4943544592837854	0.7077296937865057	-1.5145457580609443	-0.8924361252359277	-0.9576223253459654	-0.7123652087452773	0.7376019751415264	0.7041563026510743	-0.06808208819226844	-2.495325869149274	-0.13772648596982537	1.8040121221018979	-0.3091666805652511	-0.3557265619468485	-0.8707274538398141	0.6188130827131898	0.19914734729667874	0.696836138272322	-1.4580630652957485	-0.2920657174397998	0.7473579170582976	-0.27144820333963554	0.07225690258899395	0.07673027055077625
DTXSID3023059	-4.728546074934616	-1.784522413856037	-4.228697188769547	2.51258934400318	1.5265055971008386	-0.24817990248101962	4.46870319551933	-1.9293093656416316	-0.8799852846341577	0.7373190365009227	0.6896051386379257	-1.7532193975726416	0.2716108630524446	0.6407641500912481	-2.0795505979498765	0.27529339544958303	-1.4418745504893475	0.12082830780065816	2.561370672304574	-1.1261598688430448	2.0598872515675657	0.7588971818901044	0.9801272161934268	0.440360340891678	-0.6615118368544629	0.31002167673651265	-0.07373084692661534	-1.0713728984616726	-0.8997995196103237	0.7408513451860763	-0.3263850653346926	-0.1354216327139674	0.46805746232994344	-0.1888471704557176	-1.2520618552754372	-0.20668696271002954	0.0622675408051019	-0.4901427012604998	-0.6001721109911576	0.46711852901521916	0.5864587340685045	-0.5821125310937385	0.7474834285430788	-0.24809313823703627	0.22376437283305886	-0.932133792468873	0.12760055341101903	0.8745135098900714	-0.11237201488945664	-0.06992705226984527	-0.25257340456932653	-0.0732890981214686	0.07416186786109219	-0.30363975696178186	0.28091096933070037	-0.05976164563562878	0.8009021883448944	-0.3027522625527292	0.3282034865409578	-0.45059596804164836	0.41097047790641583	-0.8482596001610755	-0.2602118936363344	0.052434463674381225	0.625110427588474	0.30785465552735497	0.026596512175262536	0.5700812548074967	0.3074434502337488	0.4129733120532884	0.23133422641928483	-0.24498310358381561	0.5794555104159002	0.1518420091064769	-0.8956727017404261	0.39006795798811483	-0.10195960662784051	-0.24177854362448534	-0.256041661070866	0.6477973347596299	1.6032367062288473	0.19466690241772358	-0.21691737691945448	-0.8638287037478545	0.18236437482520118	-0.012368765025872513	0.29857535400922686	0.33310630376984135	0.28723763749781245	-0.017604960865696757	-1.3539745200889413	-0.2721351648534508	-0.4289184746872171	0.6021135101098092	0.48350474500701274	-0.14510420158124865	-0.5090339808128262	0.006604887417949323	-0.41815989502713236	-0.3890420346678125
DTXSID9046653	14.056931800696798	-5.359341774200643	-5.954274435032203	-3.4633822977967568	5.97940708143489	-5.775070073929427	-4.8695112280525255	3.3393002110124512	-4.103254672251115	1.6731114975169428	3.505338517618625	-2.7032703339721853	3.0451070956213777	-1.8943864171460638	2.1043143044063934	1.933448861036303	-1.3249049365040608	0.7785642081675469	-1.4233010819553422	-1.5346796449159676	-1.0032519809903133	-0.3614943409247303	-0.0008437431760075715	-1.0777406392030333	-1.3267381263434967	0.20325123353478214	-0.1759603444285087	-0.6849504561257107	-0.31399343840567795	-0.04842220906905819	-1.0139225757112942	0.245566557513125	0.3789565099771244	-0.038680330687778604	1.5471077622451463	0.4054893720523702	0.497755695777705	-0.11715152905536964	0.8403238281705481	-0.2807399079830164	0.5777753486965194	0.6326682157340392	-1.469891721170485	1.5663185320683222	0.2311725073685851	0.7706985627227858	-0.2185947698505882	-0.6015512183568038	0.6362939434642572	0.8420364928491708	0.20673114499841033	-0.06923660111720141	0.29425542686171485	0.4069385853953544	0.018861109972664585	0.04962289580306803	0.5428516704290198	-0.15279855154477587	-1.2621341683967942	1.3035415373688506	-1.807600535477262	-0.4368787513861108	0.22728943130398277	0.43502317415844566	-1.1768095882321752	-1.2231285322504362	-1.4308619055894662	2.109346156855091	-0.02528373048443284	0.8417519229708628	-0.33490543974518705	0.8873108269268649	-0.33176455479331557	0.7832314231590523	0.8014066853685242	-1.501450973174028	-1.002012238546973	-0.7049471550827333	0.9046799244048847	-1.8091054891941305	0.01144916499350715	-0.08776600457104244	0.6077901626897639	-0.6311065730617148	-1.4075482976143188	1.0010666596529274	1.398755190446434	-1.2231436547834869	-2.1105782293726563	-0.4282200613403302	-0.3566975885595939	0.41880985602663123	2.7020219052658407	-0.17817636420584287	-0.08244461965481097	-1.1179064357927382	0.5776727377471337	0.1353496611357537	-0.039827360907848136	-0.639695784763105
DTXSID0045545	13.284195846611581	4.31001034379145	-3.8642207458619824	-2.740589568893986	-0.30412522880930093	4.09966049639637	-4.588669714925499	-1.4675257854107604	-5.229169618845055	-2.6970275287059713	-5.219798908947638	-4.740803586617557	-6.58059900630534	-3.8318245514881246	3.6084582526603683	0.16741356475325841	0.6200948787021641	-3.3554293962642294	6.937793955990293	-0.8605511374728975	-0.9699716496547248	-0.7288365178448021	1.0490954962091492	-0.6381317291852905	-1.2222587448727733	-3.3073568470881134	0.8425197684330995	-2.5173875384287254	0.8608434791535311	3.29083183546079	1.7950352423340405	-6.32805954684399	0.5421349512940395	0.8261277296703189	0.08234400336698466	-0.8847334937029679	-0.030913066055429855	0.31353777121636195	0.856339748723304	0.3971113582729593	-0.926699867975001	2.0684086539762676	-1.028167921895378	1.6929272265568485	-1.4427087938543455	1.0987950299405262	-0.7578712779962403	1.2943352766070821	-2.1475866903551237	-0.04926907853509933	-0.07455421711480974	0.6526847950773327	-0.07509564142975153	2.5296900744011737	0.4808689408317066	2.175065655985189	2.87355890061719	1.617263140742504	-2.4222333515719416	0.09191553635001455	-1.1011412500794135	-0.5979449760001141	-0.885864586389918	3.778803544116786	0.5509438799000603	0.8748224166601597	-0.6255489592169275	0.4370215863969703	-1.5553259249590472	0.5099457588286889	-0.32977866750911555	-1.905784604636756	0.33794933866990273	-2.2031514867918647	-0.27728019835370055	0.9851295565391577	-6.273179957018257	1.3732558289988912	-1.0098299012981367	0.02144148942118834	-0.09932256716210022	2.5117132743585717	-3.539503350517855	0.05611095668829059	1.6769799222448123	2.0691216135443624	1.4567438784643278	2.9086829072298293	0.8640290747880282	-0.6285665301619496	3.190419324889734	2.543063169943071	0.31981413455365765	-0.3288031390271887	-4.417245627409157	-0.8412320934020007	-3.6591662065029658	-1.1187523875055108	1.2937262156917901	-0.5614284985423738
DTXSID2034590	2.8500437798775846	5.268524672184433	-1.010732323177149	2.679466293633696	1.3491895081392542	-1.1781163352747632	0.4456826550992712	2.1413831394776923	3.075512797358016	0.44320575437131454	0.051123599346591796	-0.020311816586190128	-0.46843211950608016	0.09225164972237022	1.4975047858733483	2.149987299164241	3.2405757785091587	-0.7391544360775725	-3.1542075823583122	-1.6056243108581527	1.0977858743767253	6.485132945096104	1.8157718424890836	0.051767433426619665	0.5025644085908769	2.195729246832742	0.22348086033298348	1.013927154983374	0.15818859082061953	0.17760745104296907	0.15082483792939336	-5.228628849093874	-1.856645726711672	0.8619309427241464	1.1343403946023807	-0.3602375143973982	-0.49716678384725965	-2.4638494381409237	-0.2530173140695729	-1.6049448390196233	-4.091469062109872	-3.299801697392415	2.9712901282322	-3.9706062862219818	-3.235398131005154	-0.37219042266636726	-1.9866292435089299	-2.553204383189086	1.110601846956475	-2.1237948255104313	0.6421963441474854	-0.5001419051894949	-1.9322939683018894	-0.040939990423935285	-0.6967071207893436	0.423577443522353	-2.505597212108735	-1.6844326119668236	-3.6505714693100844	2.346742192419765	-0.9590723591307347	0.5638265896511162	-2.8959673265384818	0.42222664106277674	0.43008231529182595	0.2796241253318238	-0.3729862212434183	-0.28640907306768454	1.6589297537934213	1.9597932050998996	-2.8276972339659547	0.28286427273887516	-0.6981892677875414	0.7694451742032478	-0.6741871205468462	-0.8277220858200192	1.2671009650057807	1.0719260989391222	-0.6446467934906456	1.5164234207350145	1.2988225223589651	0.5627321157158989	-0.1902308492950972	-0.09564905270253209	0.24668674286637438	0.8951918029642797	0.6013935165668239	-1.0856546783977399	0.4893521178464283	-0.04322926900440438	-0.27857987245736615	-0.5898774701747606	-0.21047173231404936	1.044808354338315	0.46001465443384526	0.9410445041234805	0.004208900958655958	0.30251084506747306	-0.6139660990281054	1.0437255060355262
DTXSID8029072	-1.342729063378422	-1.3246906297427328	-2.507907128730867	0.4580497477952248	2.7643517521727152	-1.3657838534869315	-0.34715867634235564	-1.1156788280674326	-3.3960206150712513	-2.5152228546461006	5.66932447793959	-2.5318923403870564	2.839512129424436	-0.6025889659249621	2.209404486807864	-3.37717044263549	1.7167905704153656	0.6986533639612746	-1.255264673879581	1.232226021949191	-0.2595093374589535	-0.6475964570254085	-0.9204188862917191	0.7932534512622699	1.120411434096927	-2.1046108965580377	-1.1163806699407628	0.6914829365533335	1.0453126302557116	-0.6012728351088973	0.5344705542194754	-0.4139204610289021	-0.3549950209212258	-1.655259437059838	-0.38911813977477283	2.1572084792155617	-1.1141397375450715	0.9181226154454818	-2.801704261387363	-0.5079656179218585	1.1735679177184248	-1.09981732834971	3.1670269695998976	-0.6900149374406952	-1.0227093544120949	-0.2628029835363431	-1.148080655333751	1.7701724360049602	0.3570291556792317	-0.1310917406975052	0.42463525401124236	1.0417174655808257	0.22395991345500854	0.548168295193161	0.27829754578301297	0.516818748064347	-0.9133882799555566	1.865039486181065	1.6111411290525155	-0.8973492456669325	1.2715133771012828	1.7890575917283413	-0.7972636769599472	-0.9007794699991091	0.5767837670298025	0.8658620575080581	0.8526869375333985	-0.22169720469961057	-0.06585427606457225	0.9478969384963409	-0.5547291829343287	-0.13878828020747555	0.1329939182689936	0.0067412257993576166	0.6338077527271039	0.2932921783652457	-1.153134894121317	0.3844757662935157	-0.173366038253377	0.22658632575139576	0.8539273544276004	-0.06791448787401397	0.2824498292930532	0.21878130943345045	-0.02889589781891679	-0.49660504547746337	-0.2748282037135492	0.1473978536985089	0.6722440205220102	0.1924729066373521	0.15152968948496973	0.5002922987464847	-0.23403227407768343	0.24515600970045753	0.3005817567708794	0.8608882845246789	0.23096886958471408	0.1313501264453528	-0.22116971453592946	0.1925612897242733
DTXSID2057607	-2.179318239227555	-4.6598572548825725	2.266555505691425	2.3248535703595583	-3.2533758881991575	0.3022797343234592	2.1754092524415922	0.9019984121877224	5.126916010957688	-0.8280629100976599	-0.22129335841311062	-0.1876758234127642	-0.7011945765195137	-2.6146761459615586	4.620920861349823	-2.152375171287813	-3.5216580856377275	-2.0610539996609885	1.027392657154073	8.010100842086642	4.165384932375533	0.4029732765198662	1.2092573016283619	0.5236758953829329	0.6503556347136538	0.24668515408806876	-3.680113375212973	-1.582816272074726	0.2521898421115159	1.507634354237852	0.5826030837956534	-0.7104487346874249	-1.6534055162150247	-1.6514871521601544	1.1891101141536524	1.555167986821653	3.022394345906133	-1.808123271133208	-0.7217140952833889	-1.5276938353716043	0.5985783048874534	0.27808707202442984	-1.4367376603642843	1.014737884703624	0.7827323812551938	-0.12781880885577468	1.3378701735184422	-0.5385369540279062	0.299827806426941	-0.5781766417665488	0.12431308862138248	-0.04164715171527791	-0.9236475167086116	0.5843675421837381	1.463692638156059	-3.11168196592658	-1.4913727807228219	0.35456867964703637	-0.3491701450450553	2.579798304723787	-0.9176314856335239	3.6393425768777177	-1.9621132959659944	1.481684573713564	-2.1408786104112596	-2.060194850240884	1.931596775813071	0.6784547392650571	0.1829191810328549	-1.6911694527415484	4.921900963151101	1.6930585431530756	0.39791776852482325	-4.829494826147638	-0.3635526662370782	-0.5190669223612474	0.389307477037267	-2.7141122749799984	-4.770820601761078	0.6170900787610936	3.1448779475287583	-0.17852799569516745	-3.346557408793509	3.059946908136818	3.9025375717829336	-8.197521234362394	0.46713443080456757	-4.27268693438642	1.376083768698564	-1.3361238277101792	1.1768506693808989	-2.6902865222607883	3.1596050261346935	0.18454814180537207	0.25299878990769226	-1.0372370540609908	-0.12142492813426708	0.8235594309794025	0.2940926183097563	-0.21144322548239208
DTXSID8025595	-3.012108319443016	-1.680609539597815	-1.480478346423049	0.05304700228012902	3.957830633761651	-2.3002386178196113	-0.7346177335846622	2.089065303950129	1.6454182628294136	0.33292826986468355	-1.4276240760572212	-1.2862771066059904	0.5691233710761375	-1.201240993413351	-0.08246338345332668	1.2654516583013118	-0.4213214206446173	-0.0972400516353666	-0.2789588410589735	-0.06858334860659175	0.10504201889650468	0.3288511520862623	-0.6077399114283196	-0.48868894892806414	0.275255842003429	-0.33212926103241147	0.45066956247501505	-0.044528672394716494	0.028278989114755248	-0.38552858686843783	-0.8607052997175986	0.49461726476884715	0.23342714763591313	0.019591169199438242	0.6318727112836342	0.019124932238576073	-0.2946776338519542	-0.6685253790733081	0.295267746778894	-0.3743234765666594	0.6784150988592823	0.6693893416160711	-0.2783586657563225	0.6234934328133869	0.40224824988651603	0.373674140453279	-0.9099421077294387	-0.2269640246367013	0.3525875671775799	0.8778319580196323	0.16803601420638217	-0.13680091528335095	0.15342693609299263	0.5369540474617508	-0.11422038349153332	0.42876398067633664	0.16512768108340553	0.6408055957219972	-0.1548746389748646	0.7902219213513201	-0.7017258028763369	0.7065823394964822	0.10428953135914161	0.24221879242610939	-0.685155329105944	-0.2966283386745172	-0.24834167324029277	0.2083710548320394	1.108109489719588	0.3952085857841353	0.3176863928569145	0.7186477352873575	-0.6522147319401725	1.6223954591353942	-0.3163394541664511	-0.8328205704376936	-0.8594358703712639	0.06788563792683293	-0.17628268927410065	-0.9311513587476087	0.18396598070655665	-0.48742203997093914	0.6976455911997503	0.9889994729334747	-1.0619309237927494	0.20943247134517462	0.540735491535737	0.9774578004337032	-0.1812965976263281	-0.24546278976595937	-0.25864006299221975	-0.42119199172120664	0.9220572974723032	-0.8538398507875034	0.18652680461878596	-0.007215512785114958	-0.03701001149934181	-0.15117853493692401	0.6726872874713088	-0.9091528200990371
DTXSID40196931	-1.4416460651615772	-3.040834630607647	-2.5190104349667712	-4.066370598124171	0.9608801665215552	0.6096629060950108	-0.4457958039342639	-0.9923171984164839	0.6849385504330839	0.5234841509274836	-1.0827554181280308	1.4263782272381564	-1.643822910614911	-0.49853489046418137	0.2195747020110167	0.30943552022331944	0.049448630671836885	1.3331357575933958	0.051068966244794387	-0.6655052958548439	1.6782688337882739	0.13724021843430334	-1.5768500458699788	-1.322510296518006	1.779396670531513	1.2183934927820066	-0.8496087378940091	1.4323498985135519	-0.20557505884182234	-0.7206245140381254	2.2910699261996097	0.9790042535665984	0.008122581769887373	0.4205690664277749	1.3337290253061294	-0.5597046677058962	0.019140222466628064	0.048154812950979516	0.2884116279986296	0.6919877227729417	-0.30455891096927745	-0.39908214132509734	0.39838044613953116	-0.48266357679750815	0.23427355407190828	-0.5621860348109234	-0.4508628254698905	-0.8571692426698124	0.10579697674604623	-0.22431964579232888	-0.045638865325094764	-0.5758848816526925	0.005570412510667847	-0.582888011524488	-0.12056723540386549	0.007070704766529428	-0.20134230096876352	-0.14162063869586858	0.5197889019760213	0.21871649528169593	-0.08689768146033283	0.5144889936578758	0.2535907822139439	0.6703914480718862	0.3599441112497347	0.059268490160033195	0.41115243388269146	-0.5710613609680985	0.2537064179434127	-1.0688589197022444	0.2650552967391045	-0.0693389508589397	-0.6956840139613429	-0.9612002745326452	0.41880117786293836	-1.2028140130438996	0.61932195111867	2.2019677661508785	0.1501718633051405	1.5241816594680406	-2.5859605192283794	-0.3524559023729728	0.5975263542313689	0.6077892554186973	0.9659211052533064	-0.5470985900066081	-0.20401963444279	0.6342008372153408	0.759850712704364	0.5053406734274976	-0.9585955432107014	-1.5139863217322262	0.9905234617025488	-1.3157452702658126	-0.6039948282710756	1.0272452681872968	0.15891342325321153	1.54198890006797	-1.130561672069836	-1.1728102673607088
DTXSID7040732	-4.402422650387757	0.6800779796556335	-0.5089090966585172	0.31715432312528646	0.5133232942137418	1.358288202810746	-0.18580607586704415	0.6894678307057139	0.09738592984090083	-1.1503176025350135	-0.45058421412726524	0.1578985744237402	-0.8502945862219194	0.839225178763424	0.47855677713877326	0.16412577690653307	2.5181624444167907	-1.6045404384957789	-3.91056018403532	-1.3120154785521922	1.0383135040287914	7.960271475794148	-1.7820919019660666	1.6679939346924286	-2.5449258795708194	-0.26584884243039353	-2.0651260400014047	-1.6965306410228012	0.8846531384706884	-0.7974635866753423	1.6865331032622743	-0.4964209535346835	1.921603360652164	1.241829939952339	0.19005789265291878	1.5576680669749277	1.7271064583408189	-0.8091782068157848	-1.5716363476026713	-1.6052515723363665	-0.5948243215543576	0.7716303440286285	-1.4259492396150946	2.917349744700157	1.4486225312736032	0.3853430659656128	0.6502949775932041	0.34779328780454455	0.6630311556876972	2.8557768022279175	-0.20017744149964842	-1.0819291328748442	1.760680531439387	-0.6372009253445817	0.7153584423953533	-0.1804631150409303	1.5148448024532861	0.6029298091241512	-0.5270180837612904	-0.79979622057357	2.3997644068180475	-1.3755349777152572	-0.1072733841265255	-0.43351187960817184	0.5687450274631678	0.19657503170535082	0.44424456906679205	-0.16130482756750938	-1.2382059375355037	0.1631108706945245	0.12025623046640156	-0.12653812909967088	-0.0023538652181064905	-0.68944949812136	0.10521886757122476	-0.3193550533267216	0.31366417255289486	0.01894688624749143	0.007622539246695029	-0.07396214016818892	0.3812096685608561	-0.014773379817148545	0.023036805737516722	-0.12300551754949579	0.294183051602835	-0.02459188069402971	0.17247563082825806	0.3073357616820184	-0.2453285734240479	0.5187471175015017	0.23990598819243344	-0.2056304138595629	-0.10203609738828495	-0.4992988832585634	-0.0806768932857748	-0.2638427218579214	0.6582331500327038	-0.9672910131877022	0.07788374435643768	-0.5745637124130621
DTXSID1023239	0.8785637216443901	-2.7606301096916197	-1.4444521838575355	0.29831146575969253	3.514150455561116	-2.174610352377546	-1.6316418045917436	2.105179499094151	1.9517146031349863	3.6134729324715797	-2.159737342394423	-1.8786215174379721	0.012777840704881362	1.4881361311351244	-1.3357139404550422	-2.809433418705364	0.8822149902451426	-0.32095741113869614	0.6717525930687029	-0.6691863201043027	-2.384280004028761	-0.29764427149608885	0.5720625325117951	1.1396909358834353	-2.7643174743552597	-0.14908974562012964	-1.5213514880455887	-1.8489492399367498	-1.0975029925537243	-1.0666741683384322	-1.053693502159541	0.06425257870344239	-4.777537312116009	6.006485030514069	1.2121559418997887	-2.6982667661472015	-3.934686951605576	-1.157926271017077	2.4079103130344026	-2.2828003876986673	2.75238893731647	-3.671616992272679	-2.936894123244229	0.2670125904041297	-1.974807110955779	-0.7502990888668553	-1.881616955564722	1.8924076695519656	1.131249332017092	1.708561539397421	1.1499238761183725	1.9249674456711086	0.571966780341835	0.8025270292961755	1.773260926538503	0.5056107214371094	-0.2183833401225703	1.7969101765500528	3.4927645552356203	-1.2601611077913129	-0.26351079920050885	3.1062755221166	1.611390376371014	-0.2880720060399238	-2.1367145512476298	1.6571043349088992	-1.8777720240121207	-1.03973291849242	-0.8843026413907705	0.5123065556334464	-0.9804418386216214	1.818186777529556	0.7188224806566831	-0.8764577405206917	-0.3010355005246194	1.9341344381794416	2.178069326592748	0.49083305361551544	0.20597976407204355	1.9324396788573555	-0.5861281791269544	0.6076590882239883	-0.410549075684928	-1.7849022076462004	1.2197232522015728	-0.48106710215525866	1.1238409058293597	-1.7041896005565296	-1.5011928009561393	0.3181896605828705	0.04856470688914107	-0.6261791649581231	-0.6780370790403691	2.3545417341827046	-0.8823018082036187	0.016262335894754443	0.3720458055163907	0.5228948840411851	0.9752731801620271	-0.9212050678630922
DTXSID9023677	3.6425659720445007	2.6016166400804828	-0.14170986278459174	1.850039386168606	-0.22705754539897946	-1.41886652629789	2.1090215386841797	1.4824470650736894	-0.31711199920252864	0.5822881060244266	0.33981019934362555	-0.37485159950377633	-1.6638808965061045	2.431595426898027	-0.13816639309178463	-2.717038782496628	-0.2695153832582198	-0.6701195281280486	-0.31255263763914815	-0.3361445698210631	-0.6037655411289873	-0.5050116502375248	2.259752329737406	-1.0387873594121162	1.194351519959532	1.7414052473332509	-0.43826884361047375	2.0225976408968114	-0.47018494583816656	-0.8663806874388319	-1.1579876043620845	-1.2961116251075164	1.836475312739058	3.0685557180897125	-0.061189837085019586	1.404599519299106	0.44597124610151895	1.7405731411362986	-0.4615434244409228	1.2040123570798476	4.262034341262156	-1.537413244009077	-1.4506083835808905	3.327947610273075	-0.7536563753230315	0.23772015834989021	-1.3998505396077376	1.555708563026386	-1.3514429440754374	-2.4824511068258763	-0.1912175109112536	0.12924768081972196	-1.4120454202810444	2.4769773775352077	-1.1270046546244235	-0.6576957594294904	-0.5659673871855179	-2.629987127928323	-0.7346164043280183	3.2417386961692434	3.0891907120469586	-1.0040244131330587	0.489606155146727	0.16683199292223588	2.9230546958469352	-1.4203864962068855	1.6527657397908873	-1.8526208767009371	-0.13227116939746963	0.40068141201317564	0.424730662246415	-0.6152012276065191	0.7780851446675748	0.29945925848677607	-1.444962887200743	0.4670860035484072	0.3370652995625048	0.7211250759711295	0.2062288252249606	1.1956449908679692	-0.01408279939293222	-0.44205748867955247	0.9531662349099522	0.2192586913092726	0.026977423095919915	-0.01237845190366835	-0.9462161836264706	0.7168158981366959	1.1310315873355958	-0.5720860165313938	0.2970414480303768	0.6017570252321919	0.6639117891205858	0.6885524827440345	-0.3798263934632662	-0.16894831658202686	-0.3761071881044386	-0.3584036829451657	0.40010399675438857	0.6276002134764083
DTXSID1024045	-3.9052311187100233	-3.0045614277867356	-0.6176204526433116	-2.694209543834614	-0.13611214452413167	0.409261757872848	-0.3492624903132897	-1.0034795271453467	0.183664169594364	-0.257820124201932	-0.9768746308109442	-0.5204289419486131	-1.1626892811888634	0.14098832400970032	0.3542027703277712	0.16397750388950888	0.6839883537512941	0.7570097241153693	-0.3395739987040799	-0.1569161785470276	0.7639321444260755	-0.168698239477783	-1.1796947510065834	-0.6402005823371252	0.6647954996502974	0.21121216661612638	-0.3573749895605631	0.3427405387196198	0.041983424416191566	-0.2284906869597868	0.3834749137129021	0.2758307908691295	-0.15256299171433832	-0.03528358790857816	-0.40452758433087826	0.2877543595056045	0.1385265258493637	-0.014239153893342064	-0.011807971639562721	0.28821196632957774	0.14297893728492853	-0.2743841949225368	-0.21010680946481747	-0.20751934490603513	-0.20705117111558305	-0.02120732807491275	0.05101070727581028	-0.06535299390711088	0.31166778659411637	-0.03236020230534535	-0.06359896698305476	-0.1697830490670866	-0.016725976489185855	-0.19441614097774437	0.15453748270975132	0.006559634218730092	-0.019486734928704504	0.0006577851007843725	0.07095226998633132	0.032491241910190184	-0.04497577137440605	0.05333633833594356	0.534925420119805	0.4869643654258139	-0.32173877377382065	-0.44347768065806686	0.042848048057962405	-0.34771150579692095	-0.08889361006446114	0.0010535250623539538	0.15925111306831008	0.13629195618957304	-0.20310564482088453	-0.3985593272007955	-0.03667871038430642	-0.10390107836442451	0.22305724667090965	-0.003268337404196567	0.49227572396149866	-0.059765811704439044	-0.5313633648623329	-0.25537822694277296	-0.022825270507697632	0.16053482235940283	0.5889843826618705	0.35233991584917956	-0.381251244542278	0.04524361852047749	0.7880846067132679	-0.3569120032233061	0.13756183163116004	-1.1986467355375334	0.08380114123143714	0.5231178444015514	0.6533998679432236	0.11868048138917066	-0.0376877018238351	0.4093065681615768	-0.4387965871277609	-0.1442920689715513
DTXSID9036226	-0.3115267906967653	-2.739888309414691	0.3141692250868019	-5.087855935789143	0.5706132833795371	-1.3608388285636692	0.14404199810999452	-1.6344824823190947	-0.9217146806598288	0.5652280075215735	-1.8877021445216733	-1.1258468974877769	-1.86382963773967	-2.213643884572997	-0.15542741607638816	-0.2466737211959004	0.7646094885559022	-0.8183204609346729	0.03946049159565597	-0.009759266913747884	0.05884505945796011	0.182619336347456	0.18372554660742388	-0.22201614597150837	-0.6341772617227058	0.7500798892756878	1.4008454997323874	-0.7117052192967275	0.41359976549904065	0.3378617277920387	0.2950276215780656	-0.7730287566340784	-0.17439099189979748	-0.8531595828746911	0.6351727969534308	0.11051504522056288	0.2261024026999653	0.2243726483352051	0.4876836628457128	1.001416196510104	0.32316067508835045	0.7629898332494579	-0.0888020068818276	0.7463588958752453	-0.04019863051785204	0.20755457315556897	-0.2701142167767076	-0.26656820616749605	0.23120540100043602	0.5257733580795181	0.4400162630713055	0.055881033737234756	0.5328805654435181	0.37867815783744163	-0.24487527504000117	0.285551161630622	0.5565570670262199	0.23686497093807538	0.19554829033471888	0.5399229265164219	-0.10634822630006881	0.582982137658978	-0.06241757047693013	-0.1016028798239605	0.054892886287764106	-0.15776346814376718	-0.3474938462955882	-0.26918934676363776	0.2810152493826352	0.7484718249158466	0.46755983359206366	0.36531713073019967	-0.6122742448951372	0.327001483796896	0.31164947499126805	-0.05112998355386147	-0.07124852710096329	-0.42544997327088363	0.18422834357176687	-0.3507666807195582	0.19802631728697306	-0.33620923702125166	0.16751868441441045	0.12741775704922642	0.23679018558836423	-0.1532530106424415	-0.33987561531489197	0.7734440094393885	0.22338166079133023	-0.13019787377987466	-0.803322264722168	-0.22011558035309803	-0.1203602887623396	-0.012792670111007015	0.5813894489602207	0.6568830897077234	-0.2129836813512319	0.4255520904549731	-0.3895462931928558	-0.0708444580777778
DTXSID80379721	4.431878821694688	-1.3596294978837906	-3.5779939471929123	-8.958603758068843	3.948654519189104	5.386325176981474	-0.9627053132170829	-2.937101016483827	4.910636674347632	-2.698139865043674	2.466813159837308	-0.9248947879407106	0.6979798081589205	5.647400590955234	-1.4716953671512139	1.6835866900091712	-1.9212949592958182	-1.4127923588568745	1.5718474325762999	-0.5163763164997498	-1.2419253912307608	1.1101775906122933	1.0073655414428635	-0.8964301028552408	0.5186381740846219	-1.0863130976670612	-1.0323831731534059	0.4861597318889321	0.07060080124324992	-0.3861155563117837	-0.948575069596545	-0.5933723976304611	0.14045541900940378	0.1399645809194837	-0.9081743308780978	-0.901161223978925	-0.06320162877121022	-0.14626785578936927	0.3211455157383686	-0.20743594942927254	0.33114898958696704	-0.35504846604950596	-0.04428544463860303	0.3600648498970748	-0.285656977697826	0.3065784143757107	0.06301813710415508	0.4586181033756772	-0.17844853284236062	0.4881675766206793	0.0017894904983857653	0.32016398621079856	0.18656800859432185	-0.10379167994055623	0.6936855162841146	0.3098591072109937	0.1858033408274107	0.5695900071004767	-0.5112396576193527	-0.1175682067236131	-0.13201463367673458	0.6264664308578967	-0.04528879779641437	0.42687430201044857	0.19710885923917312	-0.8863746185622705	0.7758954624822548	-0.38488859316160634	0.29413371966581725	-0.3943428168198069	-0.4929723254495386	0.21098251820700406	0.40410913809577476	-0.08499037213029077	-1.8479347213233552	0.10473330632944791	-0.5200796589905151	0.13527243604200745	0.2136550935352568	0.7746098276577756	1.3871211459854358	0.443611041717367	1.168460665775085	-0.007138530132588626	-1.133485415285479	-0.2675012721660897	0.6462391896741885	-0.6990912765806324	0.8782818550316723	-0.4862410604296493	-0.36331300596794686	0.302231194684909	0.23676399151537117	-0.38052023618417896	0.40789877760637305	0.5867823273820918	-0.8107417882713637	0.25050924440730143	-0.40277008691698646	-0.5268420274262563
DTXSID9024774	-4.134966835585146	0.3470715416996444	-0.630267653127643	-2.135951760164123	-0.6940807824171529	3.696967090680367	-0.48250880942288715	-0.4573584392831844	1.9650980568336167	-0.6592013904573337	0.8499492886936647	-0.03608163848547238	0.3324625032976186	0.33227344221416694	-0.38071535127024275	0.02390630713479744	0.042335872992412024	-0.3409224811460235	0.33257318704594335	-0.22331085436766185	0.25062121427492196	-0.08636045115215533	0.16291435957338085	0.46853769986615923	-0.44612392269420503	-0.23242494060145977	-0.02563874004167087	-0.23155561345789452	0.12183172885810413	-0.17847012006636953	0.27656767092291823	0.06118111092108642	-0.07987258455342562	-0.3463639876975147	-0.020793761639489258	0.10072504544327854	-0.21850593051292905	0.1161687750155296	0.2676040760035913	0.28447676165297897	-0.28885030437037706	0.29299469535354317	-0.05134654362418111	0.003303565747058881	-0.19032583072370468	0.06739325040271435	-0.13226494361268643	-0.16790550265611673	-0.10909977681569379	0.17701831179604602	0.021749817232209062	0.06944536866239552	-0.10298827083821553	-0.015352972372698235	-0.08115488356869546	-0.08605798697849268	0.30389987950352126	-0.10389481626091546	-0.23612669625555743	0.10839971555716339	0.43242449354116813	-0.025210017916450816	-0.06060988882358003	-0.2111807823631781	0.09313027210083684	0.0726037694305306	0.22270327731878628	-0.10156581748629098	0.40197356345306073	-0.3200019965019384	-0.05203021498848561	0.14669001191582454	-0.18445006636451775	0.311885268848549	-0.44807962828439424	-0.006875331166216496	0.564879605869479	0.1795913863206552	-0.12929790152882076	0.19634296342557322	0.15258439786118613	-0.04373453373979534	-0.002651246211976982	0.11767437880350394	0.047590767227853444	0.3219065393643879	-0.21116440083299337	0.07889736972316104	0.11084561492496103	-0.20848163618821217	0.18936523349915674	-0.7913472888852267	-0.5141927301108092	0.10050701108710343	-0.38963771425160776	-0.8332980960206617	-0.1090051077166046	-0.38367407814071475	-0.34417611836552725	-0.23665354632345703
DTXSID4026927	0.6095841414224322	-0.2777927392398195	5.969025895930055	-5.443012090944863	-1.908877152983202	-4.355727419045341	1.410217197108833	-0.38307040689910793	1.2628369718364878	0.9493788879230592	0.9049947958783313	0.8775814582966073	2.204652301673968	-2.040511748714725	-2.0946357787047045	-0.5038602042790717	-1.0759639575278088	-0.8791464109165492	-0.1482553533567494	0.9627666796765423	-0.5867330103257961	0.791253771362416	-0.957038951287817	-0.2441834634799595	-1.1719228132237232	0.12996580755032827	1.321765491233339	0.6798285396481804	0.4197515616661846	1.0519337668598348	1.155685726759804	-1.189039918053169	0.031649160823063974	-0.3036330727578076	-0.12836194902890746	0.40081414271504123	-1.2100520789964566	-0.21710365941429396	0.1099274926765851	0.42776039013640366	0.21391228235264528	0.3875970308310854	-0.4712359282565794	-0.1733062749656254	0.3217078812559856	0.052240125601034304	0.46460453014426034	-0.20847172956071156	-0.01197139561224487	-0.6335300232059886	-0.017606249011638597	-0.18974681075580907	-0.06852851084360316	0.22021316183139078	-0.01210862704201619	-0.0059169739556268015	-0.2579407904518383	0.523611827359339	-0.04095982154244011	-0.25734361735312355	0.40661608168388336	-0.42668612712540915	-0.8320235610658795	0.051740760370445595	0.44082004296805516	0.546786985773808	-0.6382505177447583	0.5219476115324453	-0.13612690507759348	-0.17476029299831944	0.4390072842776366	0.2717477716066029	0.1786988566148623	-0.06585690458501782	-0.07500470964349466	0.2672438384268013	0.005109855243996208	0.6792831839385282	0.2580126669140916	0.0256485886996703	0.3358901237196482	0.5472677308874051	-0.46989523073507844	-0.39304043111295356	0.07883971821778704	-0.0369841411640646	-0.23015746217218863	-1.1517968235587037	0.5805707874728809	-0.6556483185825774	-0.3438308886773561	-0.4350206691595528	-0.39311792660120076	-0.012448512357356951	0.6531754300291432	0.1056022796091489	0.40782242793538415	0.277755994529568	0.49329838788500996	-0.3537738763190111
DTXSID2026157	-2.338492322705595	0.6946795445103585	-0.7017270306917024	0.11627451327049174	2.4188758507028596	0.07788925330565567	0.3327940183974566	-0.3736463045833003	0.8556144896921344	-1.3752094814107794	-0.9678544053808366	0.15853831908405377	-1.7380780748975304	1.935260065752462	1.692168451995584	0.8057650695760893	4.2369410611715494	-2.8172251852870325	-7.519105141102855	-2.2602197051026374	1.2548116498220772	16.59780268480921	-4.723742971168959	2.326202198621407	-4.168008001705192	0.14705788486944923	-4.282736971263125	-2.8267532333475214	1.5497961457134497	-1.5729879048999211	2.347308007638746	-1.1234377689503547	3.790839871384903	3.3418242621725134	1.0886497534815782	3.2849547788251394	3.5114631335623345	-1.5510797184427854	-3.3445176906452576	-3.5740165455893287	-0.6434406119703358	1.1951702720821944	-2.504810449854295	5.404533872458316	3.203558450057272	0.5820187031145462	1.0640769252149964	0.7633141217904745	1.590522498795407	5.254228471887398	-0.33990116841148227	-2.27432904263895	3.6168213692745117	-1.372097485763739	1.592382590781247	-0.14012175888289563	2.5798265945039387	1.5800439461875169	-0.2744406871292363	-1.7263125638981012	4.099930602514531	-2.48665192694806	-0.4335466967344029	-0.9602520135195481	1.253410799498351	0.4662754644964101	0.736969209451062	0.0167813879006254	-1.932940133066687	0.7492466735204009	0.005436074601719326	-0.843409835053507	0.3823749536315165	-1.3946457156559138	0.33220651460300876	-0.21076354130194708	0.467395077372226	0.6784209750252131	0.014656867861374928	-0.020760659067279117	0.7358552561399362	-0.06831479780940149	-0.00976313342467769	0.20728116132353663	0.6834837679160989	0.031968207792485014	-0.035134234556543915	0.518463666560909	-0.5542775379524727	0.742169857725522	1.0714202477966437	0.22146422268522392	0.2956130444663565	-0.24037851119351678	-0.4931233414121595	0.08332940493203686	1.3172734195259388	-1.6450790844214493	0.3113190133035737	-1.2521282839076697
DTXSID3046744	5.9083256563952355	4.828150271209592	-1.9450615077284512	3.6730559304280925	-2.242257184918548	-2.8891913704932235	3.1309441198296417	-1.2384759017794278	-0.585752796680572	-0.6382261721035235	0.607929850879708	0.35778303618419455	2.537499230472274	0.6884862164148725	0.7625367524655331	6.529441267661968	1.3514814882590878	0.555519533790914	3.986927352620462	-0.931003106411668	2.069216975426776	-1.6762379952144089	0.4500671728826912	0.739573288687498	-1.9190116571340496	1.5178001714841853	-0.2985764272627004	-1.8602166079158646	-1.3015401111365994	-0.35277612721181684	0.7922543074812599	-1.4210827264586896	-0.9379592954814077	-3.6367392098879314	-0.07625153078134626	1.0824772141770271	1.9940082838927462	2.684830921207175	2.3997936568683906	-5.286195110407383	3.4286492565085833	-1.906397239237509	-1.391309020618552	2.639007109928635	-0.09517325284837938	-1.2862643297619512	0.477834633473953	-0.367521118904078	-2.142690897442469	-1.5308466185292515	-1.4510611127932647	-4.4595905604903905	-1.8364540453762392	1.0471250276903457	3.017199061100416	4.79484088854294	0.8309167594525569	-0.8860358969430236	2.8844188594043305	-4.063608040196477	-3.8661264237671724	-2.5836705459556972	-2.5892861458476006	-0.4435151417991962	4.37076358335728	0.18680242037031802	-2.6490548103495155	-2.0746412662205267	-0.40691917296492264	1.8227246675060973	-2.5629081972611143	2.1410397796793785	-1.0116229648616575	-1.5670528289115806	-0.35195167938092964	-0.5851163389006201	-0.18917206865435113	-0.5678718280724948	-0.00031378867873469346	-0.4752631922808926	-0.6874878235141849	-0.818663433939724	1.9449812010199206	0.2759704066874048	-0.7385824303034575	-1.9576562118564118	-0.7669986977769462	0.03510291516159436	0.6261764500849275	0.6613201083538337	0.15303085044305978	0.4476024080197295	-0.19421047222306873	0.7647395673825782	0.3823354050999467	-0.16048393548249806	0.7201911480652291	-0.33332257530536186	0.6063037949802543	0.5832118465425021
DTXSID0025492	-1.6971775887316438	-0.6693126361928051	4.877165620876355	-5.1183411839874005	-1.9389060492509658	-1.6551232151695643	0.79759916035598	0.5746858107133099	0.6349297581217995	0.9851509279427686	0.585544756596514	0.7186464917010644	1.9098541462765464	-2.1705481933804385	-2.5921638500785456	-0.8192512011645016	-0.5552778965191156	-1.1517805346460908	0.058940672767658776	0.8898497336112143	-0.4396122272605557	0.7475613021330098	-0.18774412814359526	-0.13758696250676145	-0.7969208228736405	0.8824399929862458	1.1464219613327806	0.8769718961020482	0.5398740343205135	0.5595014824953282	0.6767572293091034	-0.9878734883850022	-0.0638033104759951	-0.3698092248248122	0.7817078774946796	0.6250963612811221	-0.4002847244537923	-0.09426608791701438	0.029539615086307904	0.7601553908796349	0.28373103010468076	-0.1869792169632769	-0.030174820165341024	0.12229860290198699	0.09445354953420734	-0.04426703854990106	0.5131650575732803	-0.3530047932900662	0.13985697633687766	-0.5689304958169432	0.1229217802922242	-0.13531929461438005	0.06685823853069839	0.16634364469406368	-0.08125919224117978	-0.07713721710619299	-0.24167917147082804	0.2353003713663061	0.2425625611192259	-0.6071666259980996	0.11082617082227669	-0.3937325094952184	-0.4008395027433066	0.2435030234285611	0.11042732759586232	0.8819367602727622	-0.173592605432364	0.5553663808075001	-0.23618317810082873	-0.0004983385403450519	0.6329633565406126	0.10304877485545082	0.1387997265933373	-0.4709494377576942	0.10763290077189587	0.39141982199582853	0.05693216023036001	-0.027869347707570852	0.7317746181985528	-0.5470800040839355	0.5166441265756486	0.026207259298177233	0.07454818617632518	-0.21281752725071273	0.03476146013173278	-0.25776724865654377	0.13923355705497828	-0.3043168428367623	-0.05941738033642387	0.11963772677007023	-0.025136683484974744	-0.2992023838283488	-0.4479122599900211	0.08672911774084482	-0.023414729251545856	0.13707607755838752	-0.1295275853583326	0.1675146764702772	0.3266638834872703	-0.15495841467218513
DTXSID7049215	-3.722653773677559	-3.134288305390559	2.4416418526123156	0.5907652620129145	3.552679871450889	0.7055230795932675	-1.8492943469040242	-0.10226256443765964	-0.8812817327545746	-1.0146141827824953	-0.09588930169959657	-0.4021111127257509	-1.1216799516062068	1.2247664155535278	-2.223574848064323	2.0445945431974963	-1.8594693520436616	0.17926691403382233	-2.832204471851928	2.067605476194661	0.5490811839225539	-0.22780645723378867	0.6257284039552388	-1.1651623534978712	1.0996359986510198	1.2595041365430273	1.6589864836056023	-1.504692284529445	-0.37561530058199905	1.1380809753352197	0.8078726084651923	0.9383307799274136	0.29953295872806873	0.7631499506394803	1.388305025009006	0.7777779362067513	0.7610974316793891	0.7705655304102715	-0.17684100933322472	-0.11019266341511436	0.24745735932986548	-0.5542865907453128	-0.5993282172975392	-2.58782681549105	-0.30059686090343196	0.38686511983849114	-0.27180111944014645	1.0620622727477638	-0.29551575386907386	0.10406103301312164	-0.008993728997190207	0.7496367913582865	-0.1837503808985856	0.15148263494361014	0.8354388798877893	-0.1936538615849513	1.1258101866108963	0.3268134320260549	0.029680552473199832	-0.1822252056948005	0.00963181313202661	-0.7374099055988247	-0.16119884267583443	-0.8743412920786026	0.2367812649377717	1.0259130001002883	0.6752455145606683	-0.30456620312306454	0.36125788984372953	0.6956352679110651	-0.7131340060297163	-0.2643922452300555	0.677693191049199	-0.4103338428459843	0.12439372479982069	0.49337005630135256	-0.514610202729764	0.3615815449492831	-0.18697613111952502	-0.33171689881234623	-0.08173242666663408	0.11627647217846267	-0.3489172151526266	0.4200782679920028	0.3009679064549447	-0.25024378794450375	-0.6125942223086828	-1.0379917194553263	-0.07274498736995087	0.2262705299478476	-0.2611563766207882	0.22296751636266454	-0.10206101024718303	0.09006039925426755	-0.006308860285923571	-0.010920561389252749	-0.18820016002892873	-0.4242375926520602	-0.361461963352898	-0.031015057425154518
DTXSID1048207	-0.12622594036648266	4.664331089266691	-1.948549156054968	-0.16910841444098723	-1.6104692446950084	0.7564958996372776	-3.2856054684729132	-0.7147634148434737	-0.5809773065116003	-1.6851862392745356	-1.760477196192209	-0.09723200010025564	-1.372725004978185	-0.467557346355748	-2.0049929875539907	1.7858112779277002	3.679138545017677	10.149829439812104	2.8921073101156534	6.172347463973853	-1.7201709935048204	3.1993907526181666	1.3754857805252407	1.313595971469736	-1.075100215482382	-1.039319685342293	-0.530055850104119	1.018089009793386	-0.23957619233571203	1.0424447636351322	0.10020675199914557	-1.3885438995595418	0.5398427720827252	-0.6631784813791847	-0.24036462557895757	0.7544183290169202	-0.6299710831713199	-1.108507079374685	0.05510308377748299	0.09465918232734903	1.0169125945519493	0.4853972979978284	-0.6326578581623757	0.06066477294283897	0.3301482752941636	0.016786784227470635	0.15047212134221222	0.14814072007170917	-0.15528794149591937	-0.00452227821932946	-0.22907519906169266	-0.12656663788986658	-0.1206765044427517	0.3680784477445435	-0.5766175217704741	0.5843530854705906	-0.05378188105648489	0.26777573045456743	-0.7288905474066898	0.21587769053018982	-1.5433220045784617	-0.7741725153317716	0.9168657884485737	-0.11561484281591222	-0.3214577063590607	0.13871042364671052	-0.8422608531644887	0.19356666912021792	-1.5386528342591876	-1.0248596736801066	0.4543797252351005	0.5290807743882541	-0.09319681311256717	-0.5240253676482266	-0.46320424891424494	-0.8953648771550593	0.7402259574305213	-0.6654409201355216	0.8380934791100259	-0.373575495215725	-0.2503567910312747	0.0069540776793490106	-0.36287876202354136	-0.16562727003354175	-0.45809364166791844	0.3184171544051895	0.3136501790477433	0.29217349968605394	0.5250194096364068	-0.34314921788660735	0.5074055282912814	-0.3136233587094163	0.6209244558211283	0.855498208585699	-0.057185665757092455	0.0632255089526818	0.131045639236914	0.36562571841104624	0.22789072539539199	-0.0469990985779931
DTXSID9047598	4.159592864571156	5.030903974700147	-1.2413583135268789	0.012144739596476094	-2.6046437039639954	0.7168806797186903	-4.1443483926794	-5.135278466227343	-2.4556592907641215	-1.3030036731893995	-7.959519653455826	-1.15455821251506	7.035066573015695	-0.5264749581685557	0.3648394132279994	-2.0376673694430414	-1.1167411762233914	0.7772918338814788	-3.098210750350194	0.8918043592768496	2.40340253926105	0.8997712681135719	-1.44419514541888	-1.454831957631893	2.9595610177820055	2.003196223781406	0.6761939631381942	-0.1740380091773061	-1.0273876379443443	-0.9597717013309593	-1.4498592309130838	0.2718780124722161	-0.8593626487219401	1.3402318815804997	-3.497569595942356	-0.6699680225934181	-0.5740899199437743	-1.0435038521739315	-0.9567571978184481	2.0854119672865683	3.1397952685086152	-1.8217843420522737	0.2048682954256448	3.4031907938209396	1.3051139364981177	-1.93762613904897	3.376979577341901	-2.233837935886976	0.8167819619601073	-0.7106710081571352	0.33069971760990047	1.6488719005901713	1.222538790250132	-1.2555459199512902	0.879164680042144	4.18110893958969	0.26316049511560624	2.4681278978851227	-2.253445143243301	1.6540740367533842	-1.693867249728037	1.1171012133006717	-2.3187726121052585	-0.4148114372807153	-0.8424292754083702	-0.9681586752962202	0.3641507982526724	-0.4354842471057929	0.9090153978036096	-1.1494063017403964	-1.0762930808108722	-0.7441686946123754	-0.0780015453678348	1.2738699067732004	-0.12787650824401253	1.3330212769138536	0.7694563002991759	0.6166675280205093	-0.17908191798895146	-1.025905947658537	-0.24199725930210328	0.2951901164736071	0.12615469008569463	1.8833840985661434	-0.073052238684233	-0.40240528772745515	-0.8576643987606933	0.1279093335400499	-1.046374266266418	0.9116992453194607	0.5248147717107813	0.389650271726562	-1.466949709107186	-0.6345325619271185	-0.4836244270510285	-0.6342014517730862	0.13165645829871905	-0.39022650409916904	-0.6109661395489469	0.9189923321277089
DTXSID4046282	6.166929502213512	5.519574610592307	-1.7198273762781617	0.9930222676169048	0.19044672594990533	-2.5296817066399453	0.08324055292736851	-1.0093955346918653	-1.2623828239889863	-2.9324857332410526	2.807562427550101	-1.079632229708037	0.7006476394701713	1.5050126120787157	1.3212724563432394	-0.17208343992718514	1.066107588147455	1.3746811447684428	-0.7485857279284418	-0.3221097120554117	-1.256427374229373	-0.8902130288717681	-2.138547333810443	0.5844179267642003	1.2782394303558466	-0.6496064109929809	0.48509223531600315	-1.6048127862068249	-0.09910281889411737	0.8297068592964106	-1.5063353367930925	-0.3138308244199473	0.24820484864733663	1.2183179837248128	1.382600512937616	-0.16867760946521715	0.38142996359640174	-0.8597500171903556	0.05532783242667759	0.18489569738023182	-0.7942979542567722	0.4190281379667552	-0.9875843457057326	0.6766245171029256	-1.162880907810273	0.16014307199727754	0.28881537828238785	-1.1367252015241673	-0.5750311901851534	-0.5902220540651866	0.117283985263734	-0.37383989948953733	0.055171051661531786	-0.45951149838399974	0.5770832930445126	-0.6375710050393305	-0.6777711423071862	-0.06793873527271001	-0.039482301881647065	-0.7263244580562265	-0.2196354573683951	0.752717053578574	-0.4182412036672561	0.35367386197944145	0.16959146791746094	0.0008865397713745362	-1.1106584845950016	0.746769668879474	-0.02220596856377547	-0.42234122862746765	0.5606938081236346	-1.0577729111159058	0.8803990872782643	1.2183738150436592	0.9817473632778647	0.7430152432525038	0.18128926135366638	-0.6070442118093533	0.22460859918744247	-0.0505503107368294	1.9104997748820014	0.6082686282445161	-0.422303145526007	-1.0433544326334927	0.8100140280829963	-0.672254304272952	-0.7511910528582891	0.45661690745991	0.361131449367157	1.2410496097550832	-1.3988234758070297	0.9678349997092633	-0.13916890450558522	-0.0333943303245412	0.9779024865412417	0.21044267212756662	-0.678124119929246	0.013842930540671096	-0.571533489326186	-0.19165317721596847
DTXSID2027591	-0.3745894077376392	-3.081877441461896	-2.196069126598384	-2.612994285910254	2.8564059131645894	-0.7274767629890101	-0.32960002836203195	-0.47175841480832525	-0.42228099770643057	0.2428488421254463	-2.445314363025443	-1.7307156606295035	-1.8484071180822226	-1.7466847573687623	1.1665518919347797	0.3639818713475162	0.809717727800293	-0.16276968758111085	-0.010443442588388186	-0.8789742059121988	0.6610308280788391	-0.7523662543527974	0.8455947969847086	-0.2517123355931393	-0.4549030769682606	-0.3318152847335656	0.5333127550222505	-0.29278691140325935	0.11334124969433584	0.09620666346749347	-0.0692034218244722	-0.35062875091121515	0.3943980259717098	-0.35856431730815996	0.05051091928406282	-0.04064332281641289	-0.00024513165590183376	0.02936064954180825	0.099527488203445	0.1098716753723639	0.18853268705092646	0.12329324312336605	-0.06571112128894305	0.4649044711672547	-0.09668072019472168	0.1857385511142839	-0.45764511835228167	-0.21232969758373837	0.28643771933767875	0.5834029053662846	0.2546945785259367	-0.05288426368117554	0.3573520636573649	0.2921177051476053	0.06666979994546239	0.364572590403089	0.6492478714242069	0.2085764716534979	0.13062453594392848	0.5537451988621174	0.04557103011176437	0.39806079560795804	0.17747723344977825	0.016480355326083364	-0.2627316388934043	-0.49290952264175153	-0.2220864848665802	0.03984564772486603	0.600786641397096	0.5386157788372967	0.01787189800803787	0.0450702514940666	-0.5277836946041661	0.2766149522865084	0.04686093055697366	-0.3348338439392015	-0.4450043697651883	0.060356336459214704	0.3496049609698648	-0.9736572812788277	-0.18719130914456555	-0.18351167497340257	0.4038653972089952	0.3804126495894753	0.2977176236045666	0.13147604213419603	-0.06213086265163933	-0.046492102359534715	-0.1352974304990391	-0.07130394566346492	-0.4941115908991297	-0.41278926042412295	0.3803530975217959	-0.15727509340988483	0.923169597510871	0.01625535855837083	-0.8004355878866297	-0.4503206679457799	-0.013870499778085481	-0.4092803952779235
DTXSID1025433	-6.885344668858439	-3.8026739737069013	-0.9168532069448277	0.6993416265074086	-0.7691075949098991	0.22996997510539108	-0.08868964221046786	-1.091689004891678	-0.8660668903187098	0.2543157751382624	-0.39055610110236966	1.3942178722735454	1.182331786742544	0.9206983701494537	1.0629619144701639	3.33205578160346	3.537494770624767	-2.153770805857166	0.6459063755121149	1.489255382877393	-0.6352046091167586	-1.5966560560898084	-0.8492256368805823	0.10484947998920247	-1.3043102823838064	0.7963475515927416	-0.9745278596194423	-0.00617372784141294	-1.0613574215238188	0.3297160493842067	1.0802783322547664	0.35645031781807046	0.4171939215036627	-0.8310269102818895	0.12182829847089435	-0.559586944870483	-0.619068375550257	1.2208763969390914	0.035351250371539994	0.5017187238683914	0.6402139369745286	-0.05837825796587653	-0.8061684383563056	0.37745940856992427	0.4165400772978377	-1.2025927270906773	-0.22983095419817634	-0.30555054483616867	0.18204345837147864	-0.33485470591721017	0.2398581979297482	-0.239144875335836	-0.4398222379918719	0.04373647382580769	-0.8778032941231131	0.3981506950079764	0.5919869300799209	0.29158206257416386	1.0996132272119248	0.1568873073285247	0.49080490342391325	-0.95864930037185	-0.8708005152436389	0.4480578064703548	-0.437241830095118	-0.6034750976093186	0.30725230326297676	0.6845852301479624	0.09807053084313783	0.7548709011266957	-0.8551945833060494	-0.25341216532878313	-1.0928975612413347	-0.9275126557738496	-0.5435889968014976	-0.2773303048258348	0.3768561579379684	-0.09820857547353541	-0.12308210294446426	-0.17956692479033393	-0.033567731032935186	0.09485205217782088	-0.21101339279991313	0.24483521742587463	0.17338438743495957	0.04760666989223902	0.4563822949629831	-0.19581500740709779	-0.06886786424827274	-0.29232563010632784	-0.2633912511266109	-0.20896149909259754	0.4252256106931895	-0.25166139420169603	0.11610881706549868	-0.2845893530508711	-0.5018519037238898	-0.20676300839744485	-0.1634575577473478	-0.06496934611011089
DTXSID9032610	5.510133493544489	7.7212327602968065	1.470321933073324	0.5534516451898648	-4.143059086064828	-2.196178057692735	-2.5922351749303045	-1.092381199606072	1.0192012823034504	-1.9273996212686315	-1.1753277511705387	0.32832907361752917	-0.28038779953943743	2.0085396759676937	0.6692779893370772	0.9016035334302931	1.2471589365544693	1.4602817610624328	1.699800447334074	-1.0316211943455655	-0.502276175540701	-0.9922992124530207	-0.5981983929505654	1.423792427847925	-0.08467810106224208	0.06862929660177541	1.049251710357378	-0.828000065888913	0.06810211091027231	0.62502275091322	-0.5853602091428912	-1.1090050527907256	-0.33189432765841764	0.8676859655613618	1.3069630349683121	-0.6584163542431245	1.7168818969473087	-0.6944758262816078	-0.034889442717176714	-0.8913529121028813	-0.3473476295165655	-0.05050245599536477	0.6582210903007853	-0.5730185809993709	-0.3061459227875207	-0.7361547368541425	-0.7495355191899117	-0.17269923189903896	-0.39092741012801746	0.47591882786210016	0.11827956319253709	-0.2292779565902037	0.665337111800711	-0.3998256654512016	-0.2721826100196309	0.8923971312235658	0.6029236781191686	-0.6205771018546002	1.2292263897361957	1.198626717666401	-0.8768601307468715	0.41852618238850836	0.4658383697635258	-0.6764657296808627	0.25587090012524066	1.095618274085069	0.2966097972914319	-0.7119236494507545	-1.2876283536761586	0.4504109142157765	0.8487700620169338	-0.8760040017556587	-0.3284841155899056	0.07269802108837697	-0.25275404585787714	1.0546757884621536	-1.1874247771878934	1.7784704670443	-0.467034381200263	-0.6824425641669792	0.1359728883857115	-0.4228883800932354	0.5729715008317335	1.2931247474191452	0.8125221951902649	-0.3090443689206365	-0.9110073903998789	0.19383793168417243	-0.30220302901196716	-0.39579629833454455	-1.4200410126976164	-0.6695704698987767	-0.05449608756283467	-0.7878274961896017	-0.4468277980003188	-0.815667197245456	-0.379520634394639	-0.6215429921450267	-0.06051157789124524	0.35115823865015994
DTXSID8026228	-2.3004847906578925	-2.3243466937848365	0.13910237198812922	-3.566282285227682	-0.4964665993482852	0.0740921620388739	-0.6211881398007557	0.8313702884317614	-1.3650229194552257	-0.16039784276917965	-2.0860910407325153	1.0789743131350793	-1.8751730059156688	-0.10787389993603698	-1.0262499185457543	1.325087032138119	2.662657434999823	9.849146001124806	2.292343382194571	5.337407184162907	-1.2490269749392884	3.245074767939377	1.0322506246601273	-0.8829058292364387	-0.037908493004809404	-0.1913292492169858	-2.213427005413766	1.0951668179827856	-0.531951939359301	-0.3629390757009882	0.21530119893203983	1.4014023563601106	0.3446512856004078	-0.23028540686174756	-0.792045914888198	0.5231986721014602	-0.44576977637835596	0.24162274562888866	0.2596228375613115	1.0907725533569412	0.311003704864061	0.11584541870927842	-0.45194258747461746	0.1445020816407422	-0.26997110362809634	0.4870404233683762	-0.2186989484224195	0.04715556933013629	0.28403283784803945	-0.14605505468042876	-0.1145041132842234	0.018317795414423056	-0.43971219880695706	0.08284512340867482	0.47677706892285765	-0.422649872315884	-0.32272698354924473	0.1454791887764262	-0.4884360651224697	-0.5477788147292657	0.4173488136524078	0.15361854344039166	-0.0007901135761093326	0.5375763896343249	-0.27684427554011676	-0.7846108644210207	0.3789199490249129	-0.31541710258815636	0.5760016021416346	0.1280002286398371	-0.09933057654192748	0.16456001998852224	-0.538567483756583	0.843555953002212	0.4241072981956885	0.2907954092359725	0.48650081938592904	0.5704621538240523	-0.26767642793407753	-0.22646924551328398	0.14845110933877642	-0.35759780551061443	-0.7243389382791765	0.0982816479959936	0.6181498391062937	0.41578681317300265	-0.1870406743054071	-0.029213535309524575	0.10118860710159369	-0.14093953245799032	0.6621617753925821	-0.300612440886169	-0.5461444885374139	0.18912719628276037	0.11372079204462275	0.3090483310170708	0.2600720598537101	-0.10274946486002999	0.20916152902973675	0.4051769097410224
DTXSID8049254	6.3782219431622265	1.8569934733936815	4.095465626329585	-7.727954666687144	-0.5300068234384545	-3.686519692602061	6.135534682386333	-3.3093784077237633	1.3358581267681107	-0.7642634859420917	0.515320628787691	0.42000105282909433	2.4130371891418614	-3.061184516281351	-3.774228623589232	-2.276630204639054	0.850098015371736	-1.6692609288701377	-0.8975634195667269	1.1755049393109374	-1.8324472021262557	0.4638603626095712	-0.3595268163090127	0.7759401301084936	-1.537000615944028	-0.40407503392330146	1.6167472105434093	-0.6976771266474828	0.21461370455882045	1.5307033802998582	-0.5217672271559524	0.7741588809386529	0.45784069106432973	-0.20104287411175992	1.9474947092405728	0.7685383308927455	-1.341477021493291	0.41767180984221647	1.1170894013992603	0.19434607997254738	-1.1927832442689712	-0.15629177615274276	-0.018921196993848227	0.32462131229362523	0.05496046013198172	0.11712482832501012	1.4097607138320996	0.06035869061763263	-0.5725781166953958	0.028603012622061847	-0.1813217886253313	0.2186053600873278	-0.5383806562695982	0.21018783905347713	-0.28720912656925923	0.9061844753615919	-1.2460822510362861	0.20493550694270904	-0.7579656303019229	0.3024122889072433	0.6166413316221867	0.10392080786173559	-0.05960879135306136	0.23749237246617075	0.4591176674415363	0.8489151399465344	-0.266304230556334	-0.02983657712879999	-0.6568574854484022	-0.5720078021632076	-0.3418974219880077	0.21593539185649782	-0.4652840265099251	-0.14629395435061307	0.4085433974759039	-0.09360526407997377	-0.5425362379116857	-0.6784382598026125	-0.6868541329291796	-0.6084490439097976	0.14221022233183803	-0.2924264391926098	0.7792096699736932	0.894490158098563	0.5441406762128268	0.4328559525314028	-0.3727199858428378	-0.5418500405328911	-0.9106920091449197	0.3830439612896405	0.49137377186703524	-0.6759744171359522	-0.362461564782317	-0.13763441354442774	0.41795075997542863	-0.057329145042451665	-0.09355901767986449	0.8503747222824612	0.2206525818513843	-0.7012387675724111
DTXSID8044701	-3.6560468775758572	0.14897337593995746	-0.1746580310466062	0.197664695141228	0.017612026182027944	0.511203129182421	-1.419480578754412	1.1595907458208807	-0.5634249166284233	-2.20413528711348	-0.22908734921271087	0.27513612882242783	-0.8426537756014038	1.8662823119876537	-0.8108608847292047	-0.7224247534795021	0.6953180165354333	-0.6049341269689	0.4250479676228839	-0.3862599257952116	1.111679951232261	-0.549953366362087	-0.35676912896631785	0.935537479967286	-0.931573691366051	-0.7925762980462644	-0.07194115668930538	0.40442453932268624	-0.06354866475990173	0.13149855271811806	0.24469269203336946	0.017703909848680772	0.8275306316849563	-0.2660782704446375	-0.6400867187510226	0.41908220562899257	-0.6133676045130322	-0.32423883534394754	0.37485332359940327	0.22213429286706335	-0.5495010444963774	0.4289650443873247	-0.510119392607057	0.6373702591428071	-0.8994137639540435	-0.03963113413981529	0.17521922564124573	-0.5842828014777777	-0.359504411095967	-0.32982046788058705	-0.04923770538069191	0.02722075486270499	-0.45585204057874756	0.0019274682478922808	0.26405601091923675	-0.5903864673991513	-0.04249382502489506	0.17846648384804237	-0.4758980544331725	-0.5836342022759137	0.49467276574033736	0.32671148561390395	0.19155756890409245	-0.45242847802993397	-0.26779910150358305	-0.5173326777204538	0.30193839762722424	-0.1704609548736088	0.8907393131140825	-0.5769516978961517	-0.378987288460063	0.007103651259867085	0.05823989157494989	0.013430903065591382	-0.6128223853518002	-0.48991555989911906	0.5723897807452674	-0.8016088564223853	-0.2380291956578362	-0.13539214997595572	-0.032868748043377666	0.21966988004407115	-0.4545712645944071	-0.07613859505713143	0.20163923206450984	0.21485313389192653	0.2073902168726704	0.23134576321617722	-0.1435501355363006	0.31622392935324045	-0.09173430702029016	0.3776132908470563	0.0186497264298873	0.06265790376514577	0.5814142551724907	0.030348414545085457	-0.3168463916936169	0.009738450887410913	-0.2774380097510956	-0.0460626551010503
DTXSID3027790	-1.6291869759976798	0.36144136624179396	-1.4587149926095468	1.2969169852070133	4.305791961847644	0.40478997755527973	-1.5432536368183347	4.117939513488585	2.6156361410501505	-1.4147896865190734	-1.6692064804468802	0.4005377618726648	0.5039596237410843	-1.7253841667326932	-0.703998510289691	-0.40052078797876234	-0.7778444072549606	-0.6239324667918387	0.7776556124335727	0.6175496482939576	-1.207960684091812	0.014651803197697863	-0.7374747486877872	-0.32872288087788076	-0.6023458164759269	0.7324970154338646	-0.47164176517661505	0.8664273708673282	-0.24108962190643657	-0.5808553093231589	1.2055812690181515	0.7333206653456046	0.8137437004491755	-0.13443100329908467	0.4105887888740612	0.4807736838202243	0.6272857520189078	0.0982881656886729	-0.4121112670123029	0.8123755632876399	-0.3108927085149045	-0.4634350557649685	0.26340630208376836	0.01083408224547159	-0.09336227973605057	-0.075637969070535	-0.06561242730696423	-0.961035286644687	-0.11645173318630606	-0.5800046614165193	-0.266559568730297	-0.5710104675093393	-0.517955700244599	-0.2680576207458537	-0.5562529702226349	0.5916027492163604	-0.6736970395043903	0.5891003165565765	-0.8307730451219721	-0.3759335612409533	-0.03306916137427086	0.4563522370375863	0.4904863250115727	0.8542740565699685	-0.15892682056885524	-0.29943246916450506	0.10307816777365429	0.5900192237160948	-0.16247198665117227	-1.2999047829628465	0.813981178407788	-0.4839660286413268	-0.8492223486216841	-1.0766233779741032	0.8038846690570585	-2.023198505956242	-0.37339628841777256	2.7324692349868487	0.16020652796116155	0.24714179042660556	-0.8196730692285323	-1.1448612191835943	0.07756724367932483	-0.39214327974181057	-0.3655655476359505	-1.1202493413643582	1.1794260969085573	1.1232702494562832	-1.005081418523878	0.10330585538590951	-1.4975131215846256	0.36425773890253726	-0.9214841447743953	0.7993529645741647	0.23069185775360965	-1.1813945396681267	-0.18193984265981175	-0.39070816553702853	0.9698290779502067	0.09843158511888186
DTXSID6022630	44.04195436259313	14.840110228189333	-2.8937723704725524	-5.12144032522556	-6.145763247994106	-10.074800735466862	-4.443551755534927	2.7149413939740623	-4.263942735307139	-7.443233089615786	-7.612349718259443	5.269890223758682	-3.9742774440558244	16.18528833974132	5.7775140007671375	0.26989362032700215	-2.537623516600808	1.5134971506204487	6.217313805151883	1.1072952275304655	5.584099872084364	-4.767224703010939	-8.083660383042234	7.330372727957178	-3.8864334586372786	-3.5736107110972584	4.370871194210419	3.987056080125674	-2.811761800691681	1.7984325509877004	4.348178854420506	-0.0076214261787274145	11.00514996645967	9.024111069328015	2.692150573693454	-4.896528102754483	0.5119725832880823	-4.618325865665543	-0.2729823647517843	0.8189011902515084	-3.8250092620837055	0.5750852621727847	2.4102433011824846	-0.5432868677360959	-3.8674276109499135	-1.577246636071453	-1.219972185256706	-2.7117753964575173	-1.4647018847101938	-4.567316520399232	0.0880287618298889	-0.9411714430863297	-1.2587485657713462	-0.7898921096239747	2.3814916549900027	0.7640716464581412	0.7250526062602433	3.3358086402306286	2.262121658251363	-4.16885322217025	-0.022710960033217934	0.8909274792175669	1.16518093618651	-10.648522722295453	0.23814560244624444	3.748501968155511	-2.654717938587974	-3.3954477348643235	1.2156941281220381	-0.14630567897233834	-1.0522777772401881	-5.117770862358081	1.5566141857903346	-0.45513404911612676	3.277351172735332	0.8118919847718757	-0.8522927825158175	-5.645763417583562	-6.9673870415562416	0.8599600520833768	3.0388058938691684	-0.9009291390194099	-0.660316673485821	0.1179422698989175	2.857870818858383	-2.545289704421947	3.439545199856468	5.729306296426564	0.40889845391590324	0.5174604544497357	1.482220929848067	1.5232294450445079	-2.3491980488625908	-1.5964758183220382	3.771705753147635	-0.8592917264964086	-3.105202605578477	-2.0192190233553204	-1.4352504778884083	0.734037437807264
DTXSID1044722	2.715458950144733	-0.9675246487154104	-3.1885207592745197	-2.1129025704249673	4.805438076290586	-0.07024375365608297	-2.4512962845535826	-0.7533537078063575	-1.23734656469995	0.33606665845833716	-2.5859964039547334	-2.782127336495613	-4.104980588156341	-1.7521185672635022	0.3259908948658557	1.0693563839416007	-0.34497937432953385	-1.21559874098442	-0.41664161325017	0.318279198748504	0.41475414781675174	-0.5975397827438874	1.612164640492416	-0.745221971761466	-0.7252469393353711	0.4241912151648868	2.0935264588899947	-1.264044359759836	0.17951160709052205	1.0318791308354838	0.46566982259035833	-0.1297060268055564	0.8263290089340789	-0.6522689742555668	1.5051473869476677	1.0105710869749152	-0.11551637544055787	0.34536953304098084	0.3051123300092597	0.10521851639641921	0.6720592235319558	0.34252229570421727	0.18114554799500707	-0.24607483365851446	0.24692771865904872	0.4954055166305147	-0.47564695349032704	0.7047859410783069	0.08488905393628822	0.8723092686525207	0.2494655753295016	0.5926127168104022	0.5668743151515854	0.6192474237594827	0.34798380415331537	0.17705402262000638	1.18890502755627	0.12393338861317849	-0.00368339674546416	0.9244126283280072	-0.40219614596457887	-0.19256099192529286	-0.47439329452312545	-0.5658826807382125	0.1588651474775178	-0.6018932419152383	0.22218617114785438	0.19237069884928912	1.0614269150901117	0.01226751984467958	-0.456304973442218	-0.15252706697145021	-0.8317783755316599	0.34761445910481437	-0.25572540614998995	0.12439422300180267	-0.2169592068583901	0.09568210404574723	-0.02369056960140636	-0.6634306226421346	-0.8310054234053642	0.28811682044758724	0.32412259389928066	0.7065175517106	0.7763581248120558	0.28722783765253057	-0.13418926500313907	-0.5884412881402655	-0.6399488386631065	0.13256818952912455	0.3247774728627279	-0.3703990022298222	-0.5499869027687964	0.4534657327815236	0.19247719140893077	-0.024638302301999423	0.13942306173505034	-0.6051674508955386	0.41203477524994725	0.17908835218311098
DTXSID8021771	-2.9293046111039454	1.25920330977331	1.2413168797802354	0.748848176725745	-2.32987120088466	0.00894447134452243	-2.41157017903404	-2.6898430430291524	-0.43704017139301926	-0.7015556656989358	-3.512812199278873	-0.6470476492321804	4.167027613765475	-0.17443840859860346	0.4819014172836752	-0.49371296266530795	-0.9973862119119988	0.34999373918401167	-0.5403629833472156	0.03393465953127592	0.44362934798757997	0.4909814307743386	0.44113203180808563	-0.6288162466225176	0.8821152605971555	0.2740599658948692	-0.01708010837700137	-0.4585562640414578	-0.20898293949854121	-0.2555767136882709	-0.376243307502685	0.04731694560172547	-0.1170512707450131	0.27670731085052663	-0.632849186525698	-0.02966954363518197	-0.8344086576209662	0.1394571160647431	-0.5287022510742917	-0.034420244476472905	0.2829426933851267	0.25495924349791055	-0.2751279104102961	-0.15805000336157254	-0.137471545980403	-0.005140531409866665	-0.13615466671798976	-0.37440706413862757	-0.12454171694131917	0.046455155064826954	-0.062451755109164696	-0.3987958116286413	0.2421192147385208	0.1213339981318347	-0.14503487071807403	0.050859684380613196	0.3619915837059302	0.2983488797496519	-0.3181577554308289	-0.038301854469194346	0.07123422211746132	0.2596367232272084	0.030546508970653922	0.609075665722527	-0.013011998628312519	-0.5993403235660664	-0.10923840598894695	-0.33798627517403057	0.2776533415179868	-0.1458526961363927	-0.09745004647118669	-0.37309262086223116	0.5751147666355921	-0.03272670873215164	-0.3245723867916859	0.29281645093704933	0.5979429073026261	0.2921162655134579	0.1387754779802449	-0.43036255638439824	-0.05505003840274387	-0.870310033949978	-0.13968033067990168	0.13835655614146522	0.3490261137145366	0.35977740224226357	-0.20373375214444753	0.10119645880894078	0.03766013465075436	-0.11495750058625101	-0.24028378914506104	-0.24959109392872833	0.34535076214141275	0.44696577099777146	-0.26909157922108085	0.12741573765872058	0.25517311737180304	-0.1799033238556119	0.11573359091028934	0.5879484488627592
DTXSID9044615	-2.1595582357851466	-2.0389644888581966	-0.246714254134127	-1.7289584877090256	1.375973539217754	-1.6735624199995962	-2.08668159828585	-0.04377114181389891	-0.0880888175324914	-2.341871842942422	-0.3486964219498368	-0.4306717470164765	-1.9055108107801453	1.3163328195190962	-1.0638859621887442	0.23971066369306362	-0.2937536754064083	-1.1042134805747688	0.14312118271070054	-0.20209448795038953	0.08354579019241268	0.42566376466276207	-0.30540212059930033	-0.9978102674026174	0.9398457630188108	-0.793793045213959	-1.0499276588169681	0.8279609609593868	-0.16779150494527686	-0.5960096100504403	-1.1252085414463562	0.5853196539483952	0.5131721228287731	-0.40653632595797695	-0.16670636383832632	-0.80284815450787	-0.16106445911547768	-0.5977553925300504	0.20873769707816367	-0.5033821330903402	0.15714937424197795	-0.5168501078791459	0.2544935086230282	0.018825036599810854	-0.0969778143956134	-0.06912577750435822	-0.1628476855110991	0.5801296173033949	0.11014691749308496	0.3342701780435209	-0.13831442938137903	-0.029426984547427364	0.37389390590907623	-0.1935064731264422	0.3652960926979852	0.03437968174858567	-0.044103556617599335	-0.12663260657535258	0.2511535764604802	0.06140136593367478	-0.5146441712753106	0.12714465027142308	0.3677641437828598	0.9224002055571641	-0.008300248492787116	-0.854739274929137	0.8432858430443491	-0.442175084249396	0.045355275073319816	-0.15697405547780782	0.5088491723842908	0.3266571096462919	0.31389179971798825	0.03400283223916523	-2.505064486993505	0.11763507237315182	-0.5661375417883415	-0.6499303104159284	0.21784746421137832	0.3382999734592774	-0.022663997767734007	0.21272410806915706	1.337581146554788	-0.23727476863300745	-0.5725435492194364	-0.3725633339492803	-0.10471180960922821	-0.5245014818810259	-0.21037249417815243	0.3135892796722258	-0.2895217192037398	0.32962282315639574	-0.05607363820604492	0.33491641697841373	-0.5204470201861886	-0.1071396485161002	-0.0060162303262842045	0.586541281231847	0.23088559408229833	-0.2399407086739186
DTXSID3025465	5.737233763975738	6.306325801434963	2.0156620412168413	-3.6727125195677153	-2.837622869413645	-1.932430728067816	-1.6755302290704077	-0.3714656515960208	-0.4761214141139733	-1.1649770188348205	-1.6805342241289039	1.1302957173902781	-0.2380962193424392	-1.0024202022574458	-2.781309010387164	1.256791530222829	3.9414311118434595	9.474453901523834	3.3875167359629867	5.396507359744239	-2.361817815850981	3.152354581118315	2.5057837719817724	1.2081998479689782	-1.9579906294620875	-0.48037012242981497	-0.18767422875792591	0.6125333309878283	-0.09549134281146476	1.5012952409521454	0.17738086768330733	-1.7767599413931099	-0.386028639035555	-0.6957579646334493	0.09220232767325877	0.18672861019441075	-0.2011873194933383	-0.6655464765136234	0.4433457440651351	0.43638851374515675	-0.18491244733209344	0.7441461943013974	-0.4001711405139137	-0.16331749048851393	0.651559553691107	-0.4929573637082402	0.05228484103374412	0.18566726759781868	-0.46189371267361695	0.22848968059507802	0.030888030355531757	0.146703130997188	0.06353860292582557	0.3052025934985175	-0.5542004039190328	0.413537018252675	0.2867143475208985	-0.25467067065547433	0.2524814184949613	0.6475488835794946	-0.1614823464802903	-0.8540136213658227	0.28108716217385504	-0.5304480245580155	0.6156186596506363	1.137729662250615	-0.20020174561812254	-0.6839126718523895	-0.6672115307939933	-0.11515929896497175	0.21199874865380924	0.41399173657541194	-0.2092941592986175	-0.1100723927158656	-0.11840637047391156	-0.1417020246013765	-0.31069587390472836	-0.016394265003330445	-0.1256304404962329	-0.5333829308714394	0.5610954332859839	0.5042090243763163	-0.011282685426589615	0.3062002091729924	-0.15505863359709132	-1.046808098550063	-0.26714600344985007	-0.06951607466327427	-0.3332824817316225	0.11165409528308304	-1.0488745238290094	0.8758839018107746	-0.5149612979455854	-0.43951752377641584	0.25594487632299995	-0.17912072669674683	-0.04147675200617863	0.004422883058324202	-0.6707956386079738	-0.055128404026777315
DTXSID4045422	0.35767130863825547	1.6219471892725539	-3.1155101174042286	1.8322186505034523	-0.3227386239318692	-2.0714186390258056	5.579587649670427	-1.2141400154494848	-1.8544158149699408	-3.3889498937030695	-1.9103375937508937	0.7795427745638716	0.9085343198920705	3.9181050407929194	1.4736538441717222	-0.07435187166074016	-0.8668964713815341	0.9367283396831864	0.5858606612526129	0.6890059197025221	-2.461427262971815	-0.6829593060234282	-4.665780546626265	0.6084349237608495	1.0699083739577229	-1.370452534218068	0.8788765161516052	-0.46259275284555595	0.4603838124690978	0.9979570139241701	0.7682397894655552	-1.310285546351371	1.9889883981894187	1.1571648437495377	1.9876778678325253	0.4834757157928719	0.23238635758630452	-1.5275137596145307	0.6988797331741338	-0.48564479753247336	-0.14642054466134455	1.4431984662683217	-1.3595743165593719	0.1515526009803294	-0.7125812990203552	0.3962160111725444	-0.9346406119393851	-1.2401257748487784	-0.697491744625579	-1.2459108200504663	0.2004265547915942	-0.5819595264410158	-0.7360214860233996	0.39930363816428416	0.7243310717752993	-0.7721535184715933	-0.6298762903241605	1.1993639907802265	0.7927856825931167	0.21657541682903064	-0.8900973388238885	1.8565321641007941	-1.1388483446336288	-1.4202248503920158	-0.6217451097380652	0.6252641505687546	-1.0732475045791285	0.40152711615510367	0.4647794351300607	-0.35365933763943247	0.9792358557096975	-1.2989739394801547	-0.22516283653678823	1.5955962240500223	1.5508951651946825	-0.47701538831559254	0.32586942573992894	-0.286919735184106	0.5252702744176314	-0.09370144946269872	-0.4680572293342485	1.3185130118023514	-1.1287808843905323	-0.684329607794575	0.22533575259073646	-0.47573839155610026	0.23009553764987956	1.5579924758583046	1.081610844945961	1.1036971067197094	-0.6381231635668361	1.0822033700229403	0.8569217739093957	-0.5285467674667937	-0.4552394034926278	-0.2932370097463961	-0.9651049599073898	0.15017036636468825	-1.1643560094672276	-0.20277589988644018
DTXSID5020021	-3.1153536616731983	-3.583808130001141	-2.2209640257893306	-0.6947347067237466	3.2244118023726487	-0.6029993036837457	-1.0251833595377378	1.5992823202916129	-1.1243968388011532	-0.11727690903615343	1.6678859813356681	-1.6861813772547396	1.919768174614722	-0.34800892490165863	1.5591958057652515	-0.3375982045585278	0.4401004353423898	0.11083649470324672	-0.31442185678709755	-0.9133808441185298	0.09397915173714504	0.03282217148854758	0.7965482534045241	-1.3146639719213495	0.6430488742366108	0.45365173947466925	-0.5406786114591765	1.1362844902314246	-0.7446117144115157	-0.052557060109279956	0.24960567835966235	0.3388798021253041	0.45881504061525913	0.2721032790479771	0.7668598087440541	-0.5794860425266513	0.41463815368691087	-1.3485425783370821	0.9047505425245292	-1.6126550637546282	0.555801346300634	4.223923494633973	-0.8695762272308672	-0.4320877744074847	-2.180258154412092	-3.277358344611637	2.084888166830913	0.8190673686916979	1.1010994670050003	1.8851490718500286	0.4272203219495563	1.479810553665879	-0.945329103017278	1.21259817206281	-0.015782965340626166	1.2843152637569017	-0.2538018496698308	-0.9831067239958696	-0.46655970788407214	0.6908434976075781	0.0017824585281110388	-0.7163934825426727	-0.3166327025538342	0.0656642147133833	0.6888468524720397	-0.007865357392253207	-0.8730679250918186	0.5459130430197744	-0.017673836003004453	0.10481295465075317	0.953482515407586	0.07854688134777901	0.16440440758024868	0.5829938032584188	0.6977633441658397	-0.29926214711200666	0.02041372157833104	-0.37563967520300273	0.3891876921136284	-1.1459371272345114	0.09646782559446773	-0.012914769993915935	0.45089724030772244	0.07058253728388872	-0.43712760860211586	-0.16545526299384056	0.11175678996451606	-0.17992991455309876	-0.33252747675550953	0.11387841904500985	-0.18155733318480194	-0.09072063609345632	0.21489090551846865	0.35701078392796254	0.4030065785020033	0.4646884816969505	-0.3383960953965448	-0.10340425166119302	0.266652336460769	-0.32854360498045265
DTXSID9042203	4.8122011915429885	0.5460332115440032	-2.541032193632755	-1.6625817959703026	3.4597866242276836	0.20137522339301658	-0.1534716363002813	-2.0624589435499523	-0.933543212538944	1.094996704423476	0.1802620176784659	8.946562027346122	-1.7121843789967666	-0.5512319332994253	1.1234427289816247	-0.509387828926396	-0.9089781136574121	1.7357986535058478	-1.9848105327021779	-0.31047051963657923	0.9542851722814176	-0.41824872755269177	-2.205855333955107	-1.3145466557368504	2.2363202697717264	0.3579922401582887	0.6880274786719951	-1.3873460045463257	-0.0760240926764171	-0.09809777819419353	-1.7901861154319938	-0.9807125936143624	-2.0017536115284416	0.8544193966781579	-3.6114474166159467	-0.0349377229613339	2.069306343978925	0.1554123734779841	-0.09081023967788703	2.6316763282508413	1.5359186171476418	-2.9798570968629243	0.15689012539848232	1.601418270306827	1.4787930556300075	-1.5681688191269305	4.187423568341897	-0.5965031531247353	1.6670425367021984	-0.7392385796187909	0.40359530810312844	3.3301271842148084	0.3563320789894935	-2.1962910645944462	1.9304103883937382	3.4801228296155746	-0.8072823057302178	1.5308771721655718	-1.3082437225789711	2.02339887476002	-1.3359699824311808	-0.8284556692288715	-1.6618186190986004	-2.4827262484099553	-0.38050191393290256	0.5580397179104817	0.5772605246095619	0.0472018998089125	0.8793701430201797	1.555636787244941	-0.2497428066119862	-0.2895593377319858	0.8311787503703526	0.33947731207673254	-0.7414977475768452	1.0870714566850426	-0.05009431700174984	-0.22003767938688304	0.08017392876483466	1.22285240723237	1.5771897149978595	0.7081806910396076	-0.6982362477358052	-1.9364994478587056	0.5063060007701268	-1.061603809987153	-1.5769008476527087	2.101026245796515	-2.928154867639731	-1.8414158726321959	1.5268713945548253	0.09317064975435585	-0.22677137681916557	-0.47441835264866383	0.3007168495474538	0.4127056392537403	-0.4853970635641133	-0.7636082108992074	0.26829382918403927	1.0361236257650832
DTXSID3045485	1.543046176834493	1.3583462920900335	1.6925112726731726	1.234079204882482	-3.0227584959998475	-0.4418046023131471	0.0747075667173619	-0.8991285941463499	0.34390171125793983	-0.9585846572560189	-3.6674488048789344	-0.12624470875068675	3.876910251210014	0.25559767634222913	4.4684394895052595	-1.124025110873979	-3.0654154409123184	-0.3351052134090624	-0.9997695104723043	1.9674977731783152	1.6498757061085132	0.05998875794427976	3.0099675731331534	0.5627878721074263	-0.5070893900370502	1.1358550438185397	0.25327973570560686	0.40086665385441983	-1.6984339889809015	-1.4869028434337097	-1.09418741625909	-0.38742079733747914	0.46130566107617066	0.6248727074707159	-0.29277423247214096	-0.9362376111719257	-1.4093827262250405	0.03297440518426717	-1.6388998269275805	0.37073746670701097	1.2835974142965554	0.8747798848561087	-0.06042784097489308	-0.6805448126423745	0.2568816043560605	0.06064728385992146	0.6579323668173438	-0.5015463072510485	-0.08545114343037062	-0.7031828231536448	-0.09735943153314673	-0.48509385707379143	0.6213922085437932	0.0947747152738308	-0.10336138665240507	-0.31654934163718934	0.2477270516012263	1.516549753627243	-0.6337438240088361	-0.7650820413563824	0.4920186416059035	-0.2596992991740003	-1.165267919065812	0.14767902556184645	0.34779922025858545	0.03555899584684702	-0.696426434594424	-0.7829626586080674	-0.01924989040364186	-0.9440882351843245	0.9327421808779222	0.17143280304355438	-0.27955870999392374	-1.7638691106088975	0.11004079877494921	0.25180292288140216	-0.080404711628597	-0.05736295533875721	2.1491441965040448	0.6214871414197349	0.3178696442451504	0.4716923904124713	0.007364207685507623	0.7728392558478682	-0.5654963058640979	4.305729635618557	-0.86821029256922	0.3941908679432331	-0.9492374933965133	0.8481481757201215	-0.05717796256034565	0.6447745449276622	-1.4379352738254505	-0.48378277746492293	0.13599977489916898	1.0461013322868213	0.29265695137097264	0.11494798626657599	-0.5107658300662744	0.3337089814492576
DTXSID5048762	2.581176713456137	0.6971353261562558	2.026801446552538	0.31941844733390046	-0.8379145667210148	-1.0028911253286987	0.6230687259983	1.6669469322422363	1.316664498201399	-1.5175922526271908	-0.1499223791560394	0.12445355358337727	-1.3458460634589626	1.0703311117689591	2.908818353653439	-0.5342327064386896	-0.9296117611674459	-0.736431785890218	0.4981442719051759	1.1908241221858715	1.428970530309782	-0.384413243757959	2.280411870401478	0.480560931186507	-0.21809527515045193	0.9632510757432029	-0.8897019566755755	0.3141275802880416	-1.2643065705374366	-1.2428235687891702	-1.4484443069172261	-0.12084154923562614	-0.5174038965095104	-0.03365419813189089	0.5179735280909709	0.3135266102269436	0.8557339741946158	0.09428663789911941	-0.7213250686891374	-0.8072907060798347	0.6284669170458653	-0.004144143987012796	-0.3307881085331433	-0.04800639880959115	0.0847005026833508	-0.392673184460605	0.3644341984755608	-0.5694566225770153	-0.151434756399412	-0.19041427874077585	-0.01476946008223314	0.23525774693245435	0.46018632620711963	-0.748898317474444	-0.014927913830273597	-0.9840922165749615	-0.41164310965866113	0.17368293088710388	0.4293162898566184	-0.07171485737505018	0.09448145417250697	0.9879715159991741	-0.6248212987821073	0.09113887828913693	-0.2632709102474093	-0.21280240914581613	0.5905380672096711	-0.10089694337373706	0.7018151035941969	-0.6638169593183082	0.1027807702700787	-0.599769057065569	0.2143126718608509	-0.3776141556319514	-1.4754136373937279	0.484698685022858	-0.49033538505799223	0.5917311337830692	2.2180038908766657	0.6287875010189494	-1.029772159992236	0.5835613345627484	-0.4866228754000914	0.3834300008105349	-1.2523153271534655	3.885448953006593	-0.10719392644544323	1.5422394728436346	-0.20840704461594764	-0.26439988623605554	-1.1072627513989084	0.5204672456997045	-1.1307460891742553	-1.055651578197537	0.09846054500466293	0.7291824935997208	0.7543648327272585	0.018018210941397918	-0.38199380439334835	-0.0063726439732377195
DTXSID2021654	-3.675811079640718	-3.58501988284292	-1.5352522783139688	-1.332741353724267	2.378428416525487	-1.1091928727392677	-3.583308958502572	0.10909726320540303	-2.7431327431134513	-0.13496808124230958	5.509128888308813	-1.9919219313544825	2.561900926330086	-1.032758158930345	2.3774092350368923	-1.1427789085534374	0.04318489791434189	0.7791915480119256	0.4043129839301369	0.6850582962026764	-0.06070561152034284	0.7723271601618923	-0.817844932801222	-0.9157117552365703	1.3443702451868598	0.6050974129437985	0.023743043255827732	-0.2948032214925442	-0.35033970962980937	0.37796040535370407	-0.05811029015240341	0.5747805965883815	0.2282142489487259	0.6113645658973322	0.7939326407810233	-0.7652548658406767	0.7580982464429816	-0.3507746627586351	0.8929061086770664	0.6925229467463584	-0.5416713793032699	-0.16093155844952972	-1.0432656425450133	0.16961669481997574	-0.08527753410017236	0.06639236684579403	0.5142444110288521	-0.7672317504924527	0.24225250073351498	-0.014804712454011838	0.08726233771786635	-0.37252918628786186	0.012728512611175588	-0.2908909963179012	0.48897222684778074	-0.5270713263517598	0.2037956982149531	-1.3099757052100875	-0.23357980347786889	0.47499139735727725	-0.6489502874656741	-0.6830897172006288	0.3786368872676067	0.6093127873762613	-0.07147430490792792	0.06098446721548858	-0.9670164770654749	0.040588169891574065	-0.10409921003365774	-0.12098843059364008	0.6339043619405084	0.2543405019489219	0.22763489070173815	-0.3272582754659987	-0.18221410355698575	0.10494297043705922	0.26242089283732295	-0.1383496632707075	0.27405372742201983	-0.304301204986352	-0.0009071410566985964	-0.49094296315862174	0.10026034843796737	-0.06425535259493259	0.29581852684651194	0.37457945371494156	-0.028162539989937323	-0.23531431095600025	-0.29057607234015487	0.0975947312129094	0.6354669741907131	-0.14977480661309484	-0.17854170193701777	-0.07828094437622053	-0.31322505472993734	-0.44857179694247307	0.11300261060696222	0.016172398768764584	0.07967546367794909	0.2846556667338069
DTXSID7047649	-2.8793588148748306	0.07803218158906239	-0.45597085916289326	0.8604027286063756	-0.0888169692031293	-0.8225874645686608	-1.8554765824916444	-0.26026765295087273	0.050476323813849776	-1.941094421369832	-0.9829951648214047	0.5463909201650244	-0.7069644001150662	2.0704058533472574	0.04646384183022999	-0.13112208499110667	0.5493599185818322	0.4030741021805953	0.9699607368893494	-0.7654850745611931	0.3239413642070922	-0.5448426874389883	-0.6236336995625327	0.926303851846948	0.2181569508118723	-0.06704839577945693	0.6885901199871073	0.26064824288345234	-0.1444553386160889	0.6381377874721259	0.645938597951671	-0.38168586879696254	0.8888725610112336	0.5998070953554984	0.9805838426007445	-0.3784667586635398	0.31564051161282164	-0.7877823878119788	0.4828913504312951	0.2616313492219144	-0.48831225749356943	0.38479802521632117	-0.01446817219953468	0.2581276971904467	-0.6567210908210899	-0.29820587665479154	-0.36503886714550937	-0.7113862062562466	-0.27928705309128105	-0.4461767506424392	0.10722473693136289	-0.17711530877091416	-0.19750735626809746	-0.09538815852558247	0.4767952896813916	-0.7367664849705237	0.06711496342608637	0.08564353359660323	0.3885877285310954	-0.1513960353995583	0.09666985927585892	0.7196882839057882	-0.5645845391363588	-0.6050527096013721	0.32318503171192914	0.41221502112702624	0.38085487146907787	-0.436725083592527	0.2132380262432749	-0.884358075126562	0.4368521048735024	-0.7238275746093152	0.005978187570111717	0.027846925371430735	-0.35926416961532637	-0.20942884629158104	-0.0046258447914260484	0.8515042748174358	-0.3775746921722402	0.1882895120481805	-0.532347863060729	-0.33339485102855027	0.06211431580213159	0.26197225585207573	0.19279475026418183	-0.46486018058616246	0.014915003836704676	0.5197006116428424	-0.4445120662572852	0.663549315946755	-0.14212251654585187	-0.05650606886532424	-0.14674932539780064	-0.3794061190752548	-0.33901115108375995	0.6337320286440059	0.6699256450811272	0.4284306150926022	0.022188021859699043	0.015261042266328647
DTXSID00190950	2.1668094211671023	-2.432436881049123	-5.392864274408728	-11.283915325059539	2.1109522448619558	10.955441380194433	0.5504172694021442	-4.902599050687624	8.856994333356708	-0.2644722940726472	4.105226836871035	-1.0657623752356673	3.932238475134263	6.356208366370981	-0.050253494042698625	2.5615708931137564	-2.811197308632924	0.027284272811303998	2.4707106403753176	-1.028477691042112	-2.605937110851086	1.257956578874475	0.8470907631215193	-0.11754907391300067	-0.5492343008227002	-0.026904977518152517	-0.4697247504859402	-0.6327414816605927	0.6930418045876184	-0.34695212220163746	0.3328872385455905	-1.5047756906923337	-0.8041159701993535	0.08894159894969422	-0.22055838741229902	0.6248149294451614	-0.1081077679884678	0.5226379077382579	0.3382842044819238	0.3741361524996204	0.8136751409462198	0.4735257438747622	-0.34289279971882286	0.36113752486406736	-0.061228688164725174	0.8590741446294855	-0.42112711857949453	0.049303776938181484	-0.2913308268379312	0.2407980699360467	-0.00894602593665426	0.26824537915058605	-0.3536631579991462	0.23048225044616202	0.16277817833254513	0.06841271102185394	0.39366174428453954	1.0451591142711734	-1.1711362824282958	0.4523940140298569	-0.18098107042477415	0.7280730843328737	-0.8239383632200016	-0.4492490708518628	-0.2116660575444243	-0.40267681647916514	0.4027259244381952	-0.17421884871665275	-0.06409059742097459	-1.2785411455039701	-0.6714792244064862	-0.02390130334327832	-0.4525806396603724	0.7136145015293193	0.18109485338832643	0.000522657346360236	0.36896647639719526	0.49782209647423104	0.36582818378016313	0.07413632125284333	0.04692795659246216	0.7243258272697431	0.012849956507741888	0.5369180161727392	-0.7105038515989809	0.16138422531005256	0.1027122487682776	-0.4549708753898084	0.622554495019402	-0.7539438932904795	0.912919391121067	0.224256935488568	0.1346433347684784	0.4978419723498541	0.03460096057928768	0.3059989489378934	0.519059911043812	0.1724977441496636	0.4128995315729946	0.13001343306538182
DTXSID4046448	29.089834959598367	12.16276655116308	-3.5655665340360807	2.334310433272884	0.25355109666294545	-3.5255781330120928	-0.5510204251432843	-1.62837100810373	-4.396007734801946	-1.605393807344138	8.230419997694748	-1.5485919552125462	1.9080172819695609	-1.6128726897468164	1.616052971278285	0.6945975771972476	-2.481374970944853	0.5487085461195942	0.34719686243506587	-0.0357313274470742	-4.2709311531594665	-0.9102505412240262	0.32723024883938684	-0.5281166949397953	-1.0088813005178108	0.4172564892056396	-2.3380600382739125	2.2007310554407526	1.7124610630096457	-1.8300692624966386	2.4222084202885	-2.466227279530258	-2.8922449626533178	-0.689650701231599	1.299612589025253	-2.0408525901391474	3.8865267037600866	2.9610610685964804	1.017329199148242	0.9455007270356907	-0.6803432802403367	-1.0245836222166884	0.4242477559041806	3.0294795223789497	-0.01714077768474893	0.49280245564822983	0.07406205804579613	-0.7126841385509916	2.2841406401268283	1.9527501589462217	1.279875903438247	0.4306298365784023	-0.15441147198784028	-1.0545762110708796	-0.5595305817532849	-1.6492058456905596	1.7407730303869475	-2.237575019965882	1.136131167456304	-0.42481913241235275	-1.8448367373996066	-1.305988133184306	1.1422940199840326	-3.3160468547344615	-1.2347349983849327	-0.646430930119062	0.7962345209608679	0.013051990220681662	-0.44942107482130195	3.0277141434822896	-0.13034562737384986	-0.44507920985818733	-0.9051757236619326	-1.8988714035717964	3.0248393781947938	-3.105013696355224	-0.11725965325711175	-3.401725117256478	1.5546906723072438	-2.820385682253933	-4.482272784741393	0.6208130859535138	-0.8120548491184821	-1.2366337151420639	-1.3095591580437904	0.5636880067287813	1.2977068302490593	-1.149746481549297	-2.353441990120216	-1.9798730588748614	0.12152022882429066	1.5568843072982306	0.9087894491692529	1.8187248982541115	0.1180301479685381	-0.7306450561311797	-1.2731422641587498	-0.8541195742856134	-4.461186020701475	-0.19318112766488893
DTXSID7029320	1.8654405351887746	1.4795944996087251	2.6269455806518844	-0.6855378915995505	0.0037313997611469686	-2.2915298573375504	-0.08389309947751915	0.5355442413021936	0.3736087308098843	-0.34442945965256994	0.07822602896498677	0.5010010161986302	-0.7795473197630404	2.4903213911307147	0.856481560738552	-0.06466825497962282	-0.10682485989830769	0.05760512260993188	0.33042375898349496	-1.274828189700811	-0.281016651174188	-0.21618486180858693	0.6127530221056144	-0.16233060338606684	0.0245138767413766	0.430627504261073	-0.1390487310981984	-0.1480648764651148	0.03253556419153253	-0.3973354217672266	-0.5698631733434377	-0.0260202969066477	-0.6983094865927656	-0.623784040247358	-0.12187181582303278	0.29655222800474235	-0.45878889736353157	0.3405224644626115	-0.4954057044447725	-0.09609224515587181	-0.0028327778777020728	0.2029613257971995	-0.02280511510998937	0.14940473551265154	0.19283829969570748	-0.15905735383012792	0.40018463844088753	0.09477815187868502	-0.1986628583646486	-0.1882182442936419	0.05283326099753246	0.08324730874696779	0.507522723706526	-0.3750319216700754	-0.1102709135989555	-0.7191645137900273	-0.32737748018383067	0.08084949787184977	0.31302210374650913	0.13502442800222245	0.21469189695049423	-0.2743914590322177	-0.41165908182867955	-0.014870035899414949	0.19439517219315106	-0.5028458899850701	0.22089698660780538	-0.1485234578339981	0.3265274270874978	0.6887199688002523	-0.40183677610404667	-0.4479769497080362	0.8636492348449738	0.2935147995908539	-0.30114128351777725	1.1205049246827479	-0.42140100645112616	0.29465607663907006	-0.6530829776484606	0.5002988225918036	0.10020787576320693	0.12982522552311906	0.05055344578599607	-0.8196534236817158	-0.034206429050001784	0.15388346544788137	0.3378139945600927	-1.1884080281707987	-0.5541666335203003	-0.5000724025852065	-0.26546884704162294	0.267919412194125	-0.6738092356561035	0.29609167308785483	0.14782571426370325	0.12269099535992138	-0.34014685020885527	0.0696462553226057	-0.06141769628790142	-0.29934300171883016
DTXSID7040316	-6.1859282725173514	-4.1000179976203	-1.6262218140902762	-4.913034182269079	-1.4163913202956306	-0.4823027523455525	-2.889961972965671	-0.7015146970154177	-1.522053113885381	1.6453545861047476	-1.0573631769160576	-2.364623538882521	-3.1481761226110185	-3.5519164573788093	-0.367842228916636	3.0832444863308974	-2.8512603173148134	-2.154189170813722	0.5500665172511797	0.6349342094377332	-2.5762691098535995	0.5377424437260024	-0.766484523825797	5.708080421717358	3.360383358074343	0.11740078606835681	-0.6366436143655431	-0.275695122047844	0.022801818526754676	0.08158706952508112	0.3103483711568016	-0.0927478133407971	0.6570825485745749	-0.2973928136858157	0.06076576639793238	0.650358518733053	-0.75914628286432	-0.17298150580510585	0.1943614559166732	0.22527927004671824	-0.3456461416122598	-0.10571138632041957	-0.11985884972403224	0.22489917972477683	0.16464456475595293	0.20793102587822032	-0.09863844752355348	0.16606006750306587	0.2674125174693469	0.3764490787746394	-0.04325639130820046	-0.14413625261414914	0.2320958999666018	0.04170848548511032	0.34218918841290613	0.24434181325791596	-0.4103244791962117	0.18470146938123988	0.19628176898659244	0.46417122619504614	-0.46804786378759766	-0.13112248348449387	0.1954458427980353	0.5848627377013919	0.31821535424843483	-0.7832233632373866	-0.4149459981505113	0.05808318477117884	-0.06036246934776893	0.08675626566746701	0.41922471941043293	-0.19169796081572504	0.16431198689057244	-0.2023297200270267	0.32407836605070367	0.49561352151767285	0.7969705592635487	-0.41875015966765894	-1.491338795441843	0.7402592655123953	0.5214701326787484	-0.35014419813437486	-2.8553501657216516	0.18472697744680752	-4.174037335473967	0.012236650699948951	-0.8893513612119311	-0.5562079607578081	-1.1717082765725138	2.1319150160768645	-0.8915011522283872	-2.224370348045189	-0.2676970604563503	-0.5297348935497237	-0.5684473748180837	-0.7226399169124961	0.6791387881378492	-0.22104618576657517	0.29645772236679435	1.3275155969058527
DTXSID1045588	-0.8111076003161141	-0.40340066087701115	-2.2543455057933603	0.20070340174181117	0.819947297395413	-1.57858755435698	2.717314009017888	-0.040260398568556933	-0.03293391367732562	-0.3571839515701086	0.23378666877762305	0.5410378997845396	-0.29002216336662917	0.8565607496862152	1.6674351400474685	1.2152101009108007	-1.1821717947340906	1.400141626922958	-1.2530761957115977	-0.9385122887702178	-0.31127057574690964	-0.825169303005983	1.419154481776476	0.10203175895858878	1.679547843371515	-0.40734596944906853	-0.283313669280919	0.5544717492922326	0.5327718845673995	-1.9446203165647002	1.2484047340349411	-0.8189526958259764	-0.30092421837628053	0.304598845768809	0.6608327462201183	-2.211773371212002	-0.8731534453222641	0.454613590229263	-1.5027012032235314	1.9492178484392266	0.7267897117898338	0.49054987366385977	1.6660036474485058	-0.10544729763709586	-0.48829691089614685	-0.13517800382264614	-0.4976207184402439	-0.4986693543292502	0.679705942468139	0.21620201357438518	0.1651124147020029	-0.8313601672174894	0.37067952209783556	-0.3505905952715342	-0.40446872526545163	-0.5322850680313679	0.8617918260323362	0.442469713489769	-0.05850948300437275	-0.9797369337694611	0.1021670706489955	-1.0675740830822773	-0.4015959132225334	-0.3256670084970431	0.7157531941992354	0.9115628293496789	-0.17018660129979277	-1.4778474819961074	0.20223618668575588	-0.9387148702686837	1.4766774912284124	0.7975649453243953	-1.0722291928028325	-0.8082442688438185	0.7875603232691877	-0.5934763326221555	0.5549239593213171	0.6140713950695711	-0.7176379179392404	0.7839677310123785	-0.7465533843643529	-0.10647503131601209	0.1603395223140152	1.0900608446240132	0.5895164865062844	0.07865294325579913	-0.4868244875711601	0.17946137987248142	-0.14501259720433166	1.2671210353614852	0.94052555504659	-0.6230161432620516	0.7357213732082235	-0.7556495707821128	-0.1354544348383047	1.086734346885668	-0.5751656104078481	0.35351887279038763	-0.6196177852770245	-0.5685124893002669
DTXSID5026203	-2.8592598982496993	0.8530147961211311	-1.6378009472007014	-0.9892531782321252	0.041924608720872315	3.6084180140805793	-0.7669957301034249	2.2603426833714844	-1.6033466615932055	0.20896064642125525	0.5623523863250282	5.273185738256533	-0.03378559372015633	-2.1330864369639406	-0.6392009511932567	-1.0191339418483543	-0.6288116705359915	-0.6662407492279498	0.09921143575849813	-0.37443136854617776	0.35862888642104573	-0.057349940951362456	-0.010299213647759674	0.37531269639822534	-0.7614803206995036	-0.7697095096756871	0.0035828454056453783	-1.239326204132103	0.25950114055980855	-0.28835944028574084	-0.23869098501677272	0.3922563198114069	0.015528334609435488	-0.32157859116591475	0.034122597983786154	0.05392587783702301	-0.1608570902373554	0.17541512647170598	0.2976618844819422	-0.07446751686836459	-0.7927352017119618	0.10577918667323487	0.060205106542138544	-0.48199247375211995	0.3225942866108699	-0.05261063873709458	-0.4486463747934224	-0.2220025120653122	-0.11533581897586731	0.24572780444904319	-0.03449410793529577	0.038083135819795465	-0.10758989575593722	-0.17228220418252696	-0.2612600863362394	0.2274069203768804	0.35926901469574773	-0.4188619016650042	0.12859107620864157	0.6687608559450446	0.298992955973342	-0.2610456987876036	0.0941126202410816	-0.20017708229773729	0.22208621685854724	0.3855786783805553	0.1785578681288211	-0.09106845138275652	1.1585776103204022	-0.13066679363324407	0.4628678394592847	0.5351740758948884	0.12507582300927322	0.314571328798139	-0.45648931534613196	-0.731776629263932	0.9010448071252685	-0.16978877282816301	0.3026290519753703	0.7680131582848507	-0.12758205732563935	0.7435144612995778	0.10472196279196817	-0.4687737695352287	-0.04813077337678845	-0.5693202758868493	-1.0779564467695322	0.33560166007789255	-1.2807096012736034	-1.226440939314458	0.07292328392479272	-0.4084087559891789	-0.007645824134711712	-0.8009291625513579	-0.21365698886891699	0.16686983056471724	-0.12569735824654993	-0.14009209216839366	0.22042935493061766	0.05996508920110235
DTXSID4024274	-2.0123259945965457	1.5469894148101913	-0.02166983512724767	0.42975968344993665	0.918478098298512	0.33952553796700297	-0.5048080038715252	1.9111219086057936	1.177230871861284	-0.11022964799674377	-0.40829017846089516	-0.3928875555167416	-0.3898079604651485	0.642127011788045	0.6161848484756146	0.1592344069205241	-0.0727141848108166	0.41340544592635986	-0.6326121817881076	-0.632995152398767	-0.7712760105275024	-0.3240155757092985	1.1820247990625894	0.22278707750862875	-0.08174458290690456	0.8730501938413952	0.5060810749120572	-0.03303213555267861	-0.3158984286506642	0.3286278993457004	-1.1298951980924927	-0.7593413203399652	-0.4653826070325542	-0.47103612360718583	1.0990498506340334	0.9953051663808852	-0.23534478880249465	-0.6004810781058394	-0.3014585421616105	0.42028148086248335	0.11702312324876839	0.21691283946458298	-0.18704535622468432	0.5185956895127877	0.6572523700615944	-0.6989229151292395	0.27370798905410587	-0.690668786177181	0.13225353900361367	0.01994453187748337	0.3306071231755595	-0.17982602167722783	0.8020606765429291	-0.11108214843572996	-0.7801948043945767	0.015430151127681327	-0.1272670683240051	0.2987841663539532	0.7389987634430488	0.5095182818196179	-0.4313454940054973	-0.22673139910838033	0.18688636783670823	0.4030893548262842	-0.12747829903123709	0.6437490145744056	-0.0544816848898678	-0.020124293553888933	0.5264572584334634	0.6520762148705431	-0.4897583226279247	0.6922133473920052	0.1376313340678504	-0.2755027470687536	0.00762659954218198	-0.21119777438477313	-0.4881651561244454	0.5709457708873499	1.1079245749094149	-1.048256893407027	0.310012955801789	-0.55584658516684	0.585849545209665	-0.3528091960594181	-0.555493444681928	-0.0937487129219827	0.4264841682981126	-0.53204301872949	-0.5707890200843794	0.03231065666034889	-0.12354100811087848	-0.38195169920419675	0.01130905650917472	0.5509258430863808	0.42218822531780426	-0.19948452576687103	0.5130921613362033	-0.0245745965832977	0.1517883794176936	0.34430564742615677
DTXSID6020062	-3.22721008681772	0.09298281288944862	-4.1702524043208395	2.304221441637531	0.8311940716576367	0.41822368523163866	-2.720097335631385	-4.206071766135169	-1.8788035128590912	2.652776688021826	-3.0179482718350985	6.200859266911068	2.7072663940203694	-0.4847492718313842	0.4662997490947345	-2.809157575502166	-2.714149591415195	-0.752607523312579	0.5072959676712754	0.3617437685166263	-0.21639631880781074	1.3595852314142107	1.0781928055314944	-0.5520978379940282	0.1166404172733515	0.43350062879724416	0.701711287050295	-0.21321980926908018	-0.5122646439931947	0.2609956070949471	-0.8110328105962408	0.0907294632573537	0.22207694117318172	0.06885910848503285	-1.0169290126787727	-0.9962980514270596	-0.5965848086863463	0.4362948605452178	-0.23900748098580424	-0.20292760871390403	0.054210592815357256	0.38109316953006267	0.5417023564641462	0.3070166555137345	0.08920048004409631	-0.3441853950640341	0.3403842469996537	-0.0956823928316344	-0.17171028018602932	0.3145658918993457	-0.05686728961653333	-0.07104277629229391	0.3064146804697602	0.25940528134492813	-0.22072581298786467	-0.005766558770365834	0.31744212499043123	-0.22107626697197047	-0.164645821429645	-0.1674426608412333	0.5599358463531483	-0.3531394313461858	-0.3766408921807555	0.6122972073947942	0.36314172278637874	-0.20762734060284246	0.4215447219784328	-0.7515328512772289	0.2385916589112186	0.18975825838120658	-0.4047607866997453	-0.838094958872205	0.14859388823597733	-0.26454637257856317	-0.3885251378297259	0.2586574092586732	-0.21042195886563245	-0.36177820603023214	-0.7850251891282405	-0.8599175737218299	0.17690971728989288	-0.5466717130664737	0.3900957507839061	0.9932214780827413	0.04065934807360585	0.5831839316372007	0.7825961817418529	-0.6856914417398303	0.7675772852428486	0.6966589235876678	-1.4066971473733354	0.23086951514680037	0.1906235375452358	0.20380599989147444	-0.37268721622329587	-0.9463849421966399	0.22583789180065317	0.04073061402107181	-0.06683036414400263	0.020621938237970004
DTXSID0047535	13.606629763587756	-0.5776016120854444	4.933878717557354	-7.966499965677427	3.855675948419595	-7.124448518915267	-2.17454248914694	2.1547360503804107	-1.8025027737204944	-3.125622623847789	-0.7317826065104717	1.7076920240725768	-0.8864468737783847	3.3174088687149124	-4.138783654426109	-0.6990007697889189	-0.40099946775508843	-2.4086294104358528	1.8136917920118727	-0.8287055482929162	0.22317165921742516	1.35987541320844	0.4798874008373237	-1.5719307939627607	0.5637385160617997	0.6264823575024565	-2.2268935433366366	-0.08789488014298892	-0.04294112800770109	-1.0340614303949505	-2.067482818977802	-0.43503432178642987	-0.642553186069372	-0.7147425544856563	0.8524052257489426	0.08421581691781475	0.6799037895382126	0.8161005210918298	0.2522845880775984	0.5718021628491204	0.06580418292009839	-0.07378009814206025	0.11732167310652863	-0.026898436957493044	0.07131144596195854	-0.5564808665985487	-0.8289344256540614	0.311380931062505	0.11826675683963048	0.6050337146350092	0.11378129905249516	0.25711508077533896	0.6609609227458224	-0.6438963470591411	-0.24790462595751236	0.4133482847344679	-0.12471074039249601	0.2008947987721899	0.9282241969690839	0.10648881164877452	-0.26196621723055885	0.9969336942785187	0.6513749189116876	0.13712589868394637	0.2734673450866149	-1.4322588357851727	0.9375451890819775	-0.6379198112033218	1.5053565146853118	1.1302023276798716	0.9419553070572817	1.0683099713942636	-0.41570070474647536	0.5303752844377724	-3.147727156678699	-0.6040533958159399	-0.8294247500078112	-0.8100873125619373	-0.2753865147651502	-0.27096267465246154	-1.0154838136467268	-0.6655423929072303	0.10860937969479333	-0.06366665843465302	-0.5114062520759842	-0.020565965049615782	0.8110545618876035	1.2855950578383941	0.7434014599012355	-0.42177796289028896	-0.34650874433104584	0.6748753510303257	0.36523667982497043	-0.8103812882962675	-1.338308689255607	0.2062059256049699	-0.6144028347996628	0.06866913791713958	-0.8883045974670454	0.02739446037178108
DTXSID3023188	7.916126955064888	4.271008603456716	-1.0718002225541312	3.6948668438066608	3.087330758194182	-1.6030971614934086	4.2841397216798125	-0.18086458827583413	0.4221964277775199	-2.700836632390892	0.8548413605222459	-0.038331207040206046	-1.038981123300411	-0.20673306865901878	1.0005677385838836	1.9935673199065151	-5.044447148532638	0.5305389512753105	1.702531067550702	3.988063283483718	6.238967368870464	0.023169104880395305	1.3694018685177074	1.5417872436182998	-1.1782160631986291	1.5632570488574238	-1.6199017327192227	-1.8491980488372608	-1.4613840352520076	0.4903303918286586	1.4633717409608242	-0.13057467284348637	-1.4864188692788733	-0.30214948606412406	0.7387521589054524	1.8522843092442325	2.3449735556923144	-0.2532195053190055	-1.0535836977915232	-1.191990087036011	0.9821578814138084	-0.6661271242709601	-0.8131585345475352	-0.2630386049368075	0.24220731729466347	-0.3377729389470624	0.723759965673647	0.6090505705134418	-0.28399147957701837	-0.011146983109722036	-0.2799336010889606	0.5493014168939172	-0.7465103265315606	-0.2916545886233505	0.4920929593906651	-1.5062322170404603	0.08697964683015753	0.21620707445129425	-0.600173146044587	0.616583725000455	-0.9191565202237003	1.1716244799474484	-0.5885060430506791	-0.10262795299920073	-1.0019824195320677	-1.4232534056392503	1.0552828080731778	1.0377733597127181	-0.8381414539860931	-0.9186796694579383	0.6424639328887302	0.8769928959425278	0.12912628187121816	-2.3467258050834947	0.5608286397177975	0.42349673234594654	-0.42368975075191606	-0.21856958669479962	1.018273351368788	1.4294740461404134	0.5819665348254877	1.1525274902013707	-1.5809516688757026	0.6514614052758667	0.8155442621643993	-0.16925314117477758	-2.305257923310843	-0.7162763432235456	-0.0650911222646652	0.9249010859297008	-1.1050021975321318	1.392164941857956	-0.6711278840589725	0.16501889497375236	0.8335940353121629	0.5320351091028224	0.5496342701459205	-0.10798159882106854	-0.7184583978490369	-0.26718339289994986
DTXSID7023699	4.147002543319954	0.013004236274696757	-5.305114472572848	-2.5310535172509994	0.14362996526769353	4.686789001174732	3.083236979326356	2.396070373502256	-0.4690056565583195	2.4372020710692	-1.9486140601306248	-1.6015062334594412	-0.6176092905872231	-0.8455596411047159	-0.9065606707603077	-2.828909251606364	4.388369882615937	0.17211681489201083	-2.7530377618056607	-0.7059013544576189	3.9123886631702245	-0.19094958218303323	-0.9140124742928933	0.6225577176415125	1.216783573015627	2.4373173476379835	2.3367690481397116	0.8060815477642482	-0.48447796051550807	-1.0640349953102943	-3.529299222189399	0.48197895343989827	-0.0854838361926722	-1.0754109662170979	0.6674706340170892	-1.1236242535675838	0.2578690651338649	-1.1172122869075984	0.17737092777801683	-0.31692770543973314	2.410071873177802	2.4773322627717262	0.43640160135274647	0.7890993574805134	-0.1582356807808526	-0.04691740660989777	-1.6720563955803032	0.248321001014565	-0.18552680296017549	-0.5098742324293933	0.269685337260512	-0.5758411569143372	0.8926116618371732	1.0388175789315115	-1.6182970696964378	-1.4484893926649083	1.3254905857036243	-0.33159831546198604	0.9394539770894573	-1.5366473328573644	-1.4536118374335576	0.1290060259612612	0.2727772440014919	0.0720357127500266	-0.6904841909996732	0.04493885166408223	-0.0025061958596972324	0.6482500198675866	0.354438925925089	0.4755061571499015	0.2989126442573607	1.6822548810474596	-0.20755541668293306	0.037896968725841175	-0.40403276930392396	0.15106320452387936	-0.5778702671035593	-1.5665573138052287	0.37709805353485193	-2.108444530280292	0.03603944262200869	0.15573790616918087	-0.5069298411021265	0.9259313601069421	-1.2163873936324183	-0.9535529255159196	0.0957216649554973	0.0571379698472967	-0.42023861629405795	-0.6844216302522441	-0.3161867436129613	0.9249242172976015	-1.0694225055839568	-0.5715477786728228	-0.7741908150413523	-0.09482040061420485	0.026757724215552843	-0.08393873294797549	1.5124786207926872	-0.19316290528704078
DTXSID1046261	0.8217966220032883	-7.51190071817342	-5.060459266700638	2.4053522462730004	-1.006608967228771	-1.2211276693720807	-2.3301961054514035	0.7083916011758826	1.572386427681345	1.9750389614124892	-0.1878746574543848	-0.917973317008298	0.9010278809058493	-0.5312548935839654	-2.6418294409730527	-0.2852936232865811	0.22959178875323055	0.2056601407744378	-1.5662665503193978	-0.31490006452865205	-1.1225829750280072	-0.5431674154100019	0.10984431796860032	0.17186221004652572	-2.600881033020818	-0.43086712127014903	-0.7758630355172949	-0.7996825795379651	-0.647129103539342	-0.5453201378268968	-0.4337591736662018	-0.19821732202171632	-2.140010362183089	2.8071671646352048	0.7746832368274442	-1.864233170865711	-1.319740304298606	-0.3341956968085797	1.9214880083393961	-1.4288599464224385	1.3629588141503661	-1.0681121619790173	-1.5460971384784659	0.6928117582263869	-0.8295088541578749	0.0906282876908041	-0.8405323089679761	0.6815983844015365	0.4911657955304004	1.2019157387256125	0.7636131985907958	1.1462417918491858	0.15264577457658202	0.6855705303474837	0.5794560883455399	0.21362087364901777	0.3812930120948663	0.7305790135476703	1.264396813948524	-0.02834669371581454	-0.2304783046790205	1.9860454597564061	0.936791649054147	-0.10598009366413115	-1.3935575388120909	1.6168525357692938	-0.44684244286441666	0.1568382628565155	-0.6918229848069571	0.10411950989474493	-0.682552553034095	1.6164280785029885	-0.176582142274053	-0.22553638746651455	-0.30371007045700193	-0.10807037482209257	0.24813372083327373	0.4313964837779278	0.2692130236999023	1.0585179698516505	0.6310764912700044	-0.2300437519443187	0.1864608419864435	-1.1537264940753518	0.24004359101192407	-0.3526501797594773	1.6408905480440217	0.0505993843204292	-0.06859588805988873	0.6902688687276797	0.05052709325497571	-0.127531095178938	-0.5222456693579242	-0.03918791758570875	-0.6060518000962508	0.6020511819911575	-0.11612629432177365	-0.31885602978964	-0.11264462291805961	0.7342155147079598
DTXSID4021638	-5.5189606090250924	-2.9854858994690794	-0.5726847754719621	-1.186982103865746	0.343363085990105	2.369634214544476	-0.15532085044040028	0.6922750204620124	-0.9254115408641751	0.29736582011882123	-0.0452989113840857	2.7441085099182	0.27260525984039014	-0.7736568431088428	0.10252855809090419	-0.06699067061116906	-0.44869025000440116	-0.24107927124191048	0.10140475881607473	-0.29850916253962895	-0.30000615795573715	0.011501976697098753	0.47002828850861045	-0.34636799686191866	-0.16753875881747263	-0.37908855828762594	-0.26797917975213703	-0.09004904380742332	0.16922167782973238	-0.19960259915221884	-0.33105932806751925	0.44972408710858397	0.08056907752565945	-0.15272726685534452	0.2584215682004763	-0.22671326128945418	0.64458330850106	-0.3560996762952563	0.0843383776209958	0.20202317055483326	-0.3467671473325946	-0.13890926244941462	-0.1417016875812035	-0.07815988416530432	0.035805161855709096	-0.04715002760335525	-0.018787600951024976	-0.1767254187585244	0.10296940619044041	0.05267172888863313	0.1579372685192928	-0.1866399428526668	0.17221372759509096	-0.18841800063677674	0.05517034084396751	0.1962743346974785	0.21895020379326688	-0.07367003568066609	0.20794427118953068	0.11341670532844836	-0.07146566155097764	0.05154536335766379	0.003998384163008693	-0.28332317648797356	-0.31434496979850035	0.39109111410246017	0.42699743316831046	-0.1476073500981494	-0.40358608728086887	0.43066324935657274	0.35045660226282915	0.5493991332047585	-0.0461513555613236	-0.0367071427698182	-0.4781101460636663	-0.6782237227277864	-0.9560956838439667	-0.6284561385372588	0.27854806292316797	0.018440790900667074	0.018451417837972436	-0.2978044837311868	-0.3517589399322211	-1.5217349138362057	0.5589422121319475	-0.26228403224634556	-0.8376150845642794	-0.07299893572347495	-0.5427716758432917	-0.7652208905281055	-0.1923092489445667	-0.23692548431895016	0.15751467666066302	-0.5248948451845273	0.5036841248314602	-0.020156745793430086	-0.3708778441537064	-0.8187510642622984	0.04110951687787955	0.4668242854137147
DTXSID1049223	-1.9361747873815276	3.8114509307666458	0.500352150102797	2.9867802231348657	-2.018215374024677	0.2672191974926647	-0.6698060994355558	-1.6980089929274014	1.4709690691195643	2.8572466879464335	0.9763714181133748	-1.3673745356429554	-0.9258894792138754	0.2684282263808205	-0.8377836231888037	-1.2782730714121764	-0.33363501174813465	-0.6406713026590394	1.076952571259875	0.51845731341087	-0.3429930366875116	0.3827352562456245	-0.431142521122899	-0.16692458010890257	-0.5129885270245637	0.13210835596655862	-0.1782155210026405	0.6545829296899396	-0.5123947893874813	0.22619939497193756	0.4955937718938637	0.28040648349923586	0.7424472210147416	-0.16074064018223028	-0.6423217477163456	-1.5341574802964066	0.33467216592260796	0.46074416481717	1.005554494103332	-0.09806656306451207	0.12477078898261278	0.44821930295133133	0.05433566965167194	0.1762714322375164	0.03889047498900275	0.47325380213804363	0.21217814446711664	0.03752191156371992	0.03944801763824858	0.023896638709202358	0.10996377369375779	0.22068948052730336	-0.06816005798452594	0.09020755440427333	0.13090298107460815	-0.04691655931802889	0.4923426081950981	-0.27766679751969414	-0.2156158300311192	-0.09156531376010567	0.5667341100793117	0.46065435911517694	-0.505380820851938	-0.5348938080501506	0.4227378501586863	-0.3768667474145009	0.2895503355545275	-0.18461585006230638	-0.020129982112784744	0.4618974738715361	0.2711425059481091	-0.5787966896313333	-0.5664535195649106	-0.4363443872289781	-0.35527113744430855	-0.23610716917266394	-0.6093141303741494	0.5228246330765897	0.2525348438201082	-0.22476908609587865	-0.13547336431813758	0.18427949093127435	0.4342054174022528	0.39893937513250977	-0.27130288279548664	0.0037519898412828804	0.13927872756863988	0.26913670332425277	0.457062402589595	-0.5556407260161377	0.3242109168793016	-0.6498209632936105	-0.02212814408557181	-0.143803097759327	-0.4892596716340416	0.09576483138082598	-0.44231225247849215	0.05233350402388974	0.03618803600342967	0.32126079897750714
DTXSID8044880	-0.8338004456060899	-3.642755133106298	-0.07503992325699584	-2.845036001270304	-2.5128484597150287	-2.5818402043222295	-0.7338694437386523	1.106840397712576	-0.5616246086778859	-0.017677382191812124	-0.7389354090234828	0.9671395595136556	-0.7279116317274761	2.5665452264053084	0.6297343673731453	0.7509202356577868	-0.8774949422913061	1.0851895819827146	0.5086006536096924	-0.5788233401849322	0.4949976119434809	-0.2755164769475637	-2.230165905306686	0.19868313996261336	-0.22335652610784676	0.7285334725561634	0.17698670713477388	0.6754807623666891	0.28032302072798104	-0.9029432980419783	0.7888246708134423	1.1585900978129624	-0.5582539243546478	0.10081825894454163	0.042799272160264225	0.8593866682230159	0.1601957979127652	1.0119746190789611	0.4874519557563028	0.20854774264825923	-0.5421636535219713	-0.5526017583489108	0.5354957747884579	0.32262980872032854	-0.25223135134695135	0.12459649219482398	-0.04958481227957238	0.025218834635091746	0.33015659728717933	0.4978176090747288	-0.008963316336411611	0.22484603469085068	0.18381983144902356	-0.4089772341222518	0.13500188843360816	0.010102840458693231	-0.479192313309154	-0.3638394038924477	0.16371586254439796	0.2806213162224323	-0.029034543595007612	0.23645707900142526	0.7726269333144149	0.475243393187191	-0.592213963026926	-1.177745573570118	1.3432363275745072	-0.5794514638499559	0.3018987911954714	0.8284262666137608	-0.4288408860407845	0.21521424951705306	-1.031907416757722	0.03643177221430959	0.904427132408172	1.3283248064529325	0.22935823090726948	1.3440867518521236	-0.7741878926054221	0.421892992927618	-0.012782506083290414	0.18737738021388356	-0.37923527223596304	1.24862752397794	0.34183556724729003	0.11181349828429274	-0.7236032772422707	0.7018056369041709	0.36830717649748235	-0.41220127555702735	-0.6710776082976935	-0.3024927775861215	-0.2519252256966782	0.14413203013269738	-0.36078038326561457	0.1786651627906216	-0.1743166595815658	-0.1736728049064322	0.5448164504437201	-0.20515694488886949
DTXSID4046363	50.90053345350981	-7.739363427657468	-7.307458125661142	3.295854789664299	-3.6467720162649706	-2.4952726958219107	-8.590370249396733	-2.739293363224164	-4.730176492363255	-7.576711020727383	-7.364829173753836	2.6588499155183842	5.303100174772785	6.8627033000177535	-4.694195483955602	1.2986011386989966	-5.311247795186351	0.2465924321074435	-4.263714592326083	0.9454744853089088	1.936387052631657	-1.0821894120501985	1.6304857084003022	-1.4769425913278318	1.8757175776180124	-0.9240867943971035	2.300670776477924	-1.0835928610031362	-3.073758369851321	3.565878175019839	-0.730269366979774	-0.9142290789745777	4.256656745102104	4.293807702148386	-1.896704065290946	-1.691761749255381	-1.0940581206157827	0.6230340396563047	-0.23841890386230233	-2.3201033537069735	-1.3751608141722724	-0.8661520932018422	0.5333716036133328	-0.27361232257606655	-2.81923188577438	-1.2351863310867284	0.40759156585468204	-2.22945285239551	-0.9096275964535635	-0.9399498658237838	1.0000903981356997	-0.4087986115617884	0.7925171670501615	-0.1305827433346807	1.5598898251708908	-0.9030950112272427	1.6383258561977792	-0.08084602187699975	3.313113321352624	-1.2281292271380404	4.844862849422067	4.032796677095894	-1.608740885056021	-1.0797853770675434	1.6533005320951877	1.1301670580858594	-1.3015287817846148	4.246330466554404	2.3465132094270222	4.272931757735985	-0.022733467856422006	0.6820974319174916	3.252311061104768	-2.2318329269694535	-1.30150494284326	-0.44027422728453014	0.6737875076123836	-1.1262187253445524	1.8170565448679432	-3.1561793297401506	-1.7995738277016506	-4.330528139427737	1.95255960406629	0.5094928757773705	-0.5954987738867289	0.5662406939364565	-2.2778504971150166	-2.6425016580286247	1.6631637312793153	0.40064209381712157	-0.2916234936172042	-2.7151429282025448	-1.9701196895159903	-1.5397486399994913	-2.2445538186403526	-1.4395640711887796	-2.642111960146021	-3.1013710204111034	0.08583645919020765	0.7490884407110899
DTXSID1048201	-2.592961848645145	0.20165536528968964	2.9895400737607267	2.1931077644987456	1.1409557757646684	1.0371693374581579	-1.3673732968468768	-0.5713847887807109	0.5786856929545919	-0.5992495420014301	0.6533523448314378	-0.43635524546318877	-0.8612379772153436	0.2588582045873617	-1.0318076774440559	1.0635386624471914	-0.607619009285591	0.10102523414732614	-1.2227086509475549	0.8343599572176668	0.1896727480240686	-0.06406711056289309	0.304009840504816	-0.08801391989613655	0.3170825856673711	1.0944571353811914	1.0578715522159667	-0.6128447397678496	0.06916233399964607	0.30360033867005526	0.4307784731018142	0.051449326967421986	-0.8287571515192151	-0.17761485828941873	0.9770136474605454	0.24801951385859602	0.1926577837359953	0.4468733353285218	0.10684511471013164	0.5362688468454577	-0.05298638945648717	0.04803733354498378	-0.05477634959241687	-0.8538211076813624	-0.20634266343234398	0.07860316819194184	-0.049876141919090566	0.4460274156615448	-0.2424716841498471	0.24450210432011205	0.07258103050133911	0.5691777369806704	0.008492339183788429	-0.05794963357643893	0.2539252371791295	-0.6303523846186474	0.4265904683377716	-0.026395575953210133	0.012972185231042039	-0.3009076505674886	0.19532707306419392	-0.5601111760985027	-0.4187938656567128	-0.38106945755302163	0.47496258053271206	0.7599003290944136	0.6503396014308459	-0.5491652673922806	0.033560656717313515	-0.4161957661761478	-0.07209364388347612	-0.685528214312604	0.24803903624931764	0.242124005675983	-0.19955903947399767	0.6233086136442871	0.14436816281658832	-0.04289131496496665	-0.45386070829928027	0.1176925468365697	0.2022656954652148	-0.01367845087806162	-0.14163228499911623	0.018158349648773494	0.2974395722252193	-0.11199181003362801	-0.15012566986404455	0.18144197698195383	-0.21665672070831096	0.08131270716897696	-0.6207468387756379	0.1517044688776695	-0.1455169263835273	0.005300238635472627	0.3805233341107118	0.05893877276794577	-0.2623473672364345	-0.17723456890439782	-0.5058129752541995	-0.057097389236284254
DTXSID4034364	8.26540900166338	1.685747767603911	-5.47497735886652	0.4491191386636991	6.365995792659054	-2.5646670008142807	3.149740347343151	1.701190354867232	2.790635475627093	-1.5929491301484746	-3.0362116642641213	-0.9143662618086715	-0.24573237124390165	-0.35154544622246126	-0.13774395889453178	-2.0206442491352425	2.6819370088140695	0.5604866352952198	-1.2813385155529322	-0.7719755232043103	1.2331270070667995	-1.3939857567366385	-1.7756156106086267	0.6620359832460236	1.602010862656419	-1.049211813254477	-0.23508394872928842	1.1843967093452799	0.18577189105782857	-0.11096695401993947	-1.227187689250953	0.5830725999581402	0.772651458705531	-0.6494189807626659	0.2800268990448741	0.24363260576883422	-1.9600160522935928	-0.2976480125717961	-0.40338615036409375	-0.9051644530098083	0.31707883722970837	-0.46355435638825127	-0.35996055400603133	-0.4277846634058815	-0.23121416042106113	0.5315117400083567	0.1524988411944538	1.1746519791615928	-0.0779110850193275	-0.16294009020479594	-0.3561093274268404	0.05485563253620769	0.7434461302773617	-0.06818367880023393	0.931194124004827	-0.6569582630384236	-0.9617765185735352	-0.37648642596867943	0.6070600768545553	-1.2821501778599518	-0.847980489547265	-2.1171837272470593	-0.022993257824121174	1.0785573849574956	-0.38570406722252226	-2.491205185876787	0.44643397952103514	1.3458666552481477	0.8062708680643247	0.15973444364789813	1.0676788485690936	-0.5070729094193615	-0.01923069775861576	0.9474465688358065	-0.6021137520961003	-0.11628059119491199	0.16189481219036764	-0.2589273968288472	0.6347414466978026	-1.2809847882563845	-0.21118294950571576	2.0245752779811435	-0.847537392905077	-0.2838436132122377	0.5581848350307206	-0.41368346473534706	-1.8678322767285476	-1.0974577548169921	1.4068834899562142	0.43157447374867686	-0.5430823636528193	0.7242445230811267	0.02428019514328082	-1.3584010975542906	-0.5523303883779376	0.25923701345174144	-0.41799061376314467	0.41536521420992495	0.15057471891023763	-0.8195976554919288
DTXSID4022369	17.776986027168864	2.029883106705562	6.64460441246246	-2.318263328646189	-0.6416165459527869	4.1405361796999145	0.661653117096869	-4.721896983217143	0.6503861227559251	2.6838647054037907	-2.9737013011516784	0.40443504959042054	5.971252639443528	1.59438321571088	1.4598283137189367	-0.47363501876502717	-1.604942220488312	0.4184408837842818	2.1079166954433726	-2.183707290983965	-1.0411022405791552	1.1988302718032222	1.319553915393478	-0.29749610521725967	0.2176882458819397	1.6445902991811208	-0.6024681867627215	-0.014608347442734874	0.7392912577101939	-1.232459445344013	0.45472734890699457	-1.2584730996977476	-2.5538583718185492	-0.856765788368331	0.17703550794671652	-0.4996658241020882	-0.045989242106638496	1.4457274936215636	0.5781728850038783	1.3393831228817115	-0.38066777954831077	0.8461946680282062	0.42924697520271365	1.1709526966342543	0.0044379898849093505	-0.04359233077412979	-0.03135622641117508	0.5199375311005445	0.09025334070619233	0.647296005001275	0.2337396300932098	0.4888771450303411	0.28630637711805584	-0.038409390792404456	-0.35778489183799755	-0.934204087041405	0.31419568905435075	-0.13864084213719682	-0.04524601050234576	-0.04034430440306512	0.7348033891950074	0.016653895738645907	-0.760981740216491	-1.8681731993252337	0.7483471366997954	-0.9088131130128657	0.968113916790281	-0.8106994537651276	-1.1028878501495583	-0.5948925110983125	-0.6442212250279573	-0.5355745757178481	-0.9861482256999331	-0.2920133666895993	0.4105035617360385	0.25336170760733934	-0.35811084925072273	-1.276085886752828	-0.9060784702842076	0.17165093644583201	-0.2638883416722514	-1.7356143175853636	0.15388710667427363	-1.2856047007133033	0.2789611559717924	-0.5758087759552697	0.23503087654714352	2.063605895736085	-0.3463573136865637	0.02816112268495061	-1.0035708379612926	0.30615356355086076	-1.1106966554794764	-0.9493025333054663	0.004420985518052837	-1.036624734460368	0.2975159890592309	0.020522224404500168	-0.4687176991172812	-0.2333140149378938
DTXSID8048995	10.649550327212912	-2.2484454147279274	-6.752808774818014	0.9984923569280861	8.044052829995051	-2.6778719650289586	-0.467478200126657	6.475309137715824	-1.8007548785282905	-0.8266480495341928	-0.1658652081726977	-2.5092663588268365	-0.3630879618467295	-1.6212308759101892	3.1222247717386087	-4.572446541007817	1.0059936678939474	-2.7683214388133943	0.00853580871796742	-0.342124781893585	-2.964925842534709	-0.19347940567360591	5.660691344324334	-2.544038668596333	0.09095250036297681	8.219384966680622	-0.6919087214239	3.7618912537313873	-7.104442543935794	4.920865536258247	0.7749363968166576	-5.758047604900904	0.5614784978564551	8.662107777189151	1.0903648019687557	0.18774305758551124	-2.422928986039849	-15.693106618605066	3.8033874065106135	1.1314871340915236	4.773271642246182	-2.2790402507624004	0.46626645528877575	6.975740226148667	-13.623752176885544	30.379933370181586	4.718452637271221	-7.826342533572153	3.311291752550693	9.061063844207506	-32.15630453021843	5.718497916312144	-18.819032904305292	-2.7609962139842796	-17.040756927343306	10.528855699616246	2.7661707557327273	6.635635960950922	23.366871633690696	5.937801722569746	3.3262606312994665	-4.908917893019755	-2.31566821468819	-2.2047023422860432	4.883666747604572	-6.0239853280229605	8.765710161140216	0.20540225280876484	1.691334052812522	-2.2757498958864226	-0.5115450704155832	4.135331356987798	6.215754590140039	0.07915048306429845	3.066215433339256	2.372948097914555	1.0893419224034553	0.6445159526406842	-1.301728064516583	3.183814439587282	-0.9451148644298796	-0.07996156069530831	0.44606766930795283	-1.590922504408337	1.9115809882529773	-0.13515274942422256	2.2172952979769356	-0.35024792923655956	-1.1985132779088152	0.9871348873186467	-1.8826170952392038	-0.6422965353718576	1.2687269653488369	-1.296224056946478	-1.878281578766415	0.2965783062381483	-0.15778093419398043	-0.5907325712450733	-1.1820785597116685	-0.006995283121032983
DTXSID3046401	-2.988098451552316	2.2588445240806805	-1.1885763567156398	3.249613754625575	-1.359534822350758	0.3106652862747385	-0.06839375855135196	-3.4119753128395356	-1.5460678339768295	-2.1204540953201625	-3.0739494347714618	-0.5878633456261438	3.9340880668565945	-0.3026292327872249	0.5933879855353811	-0.5640942148928852	-1.9024751267036617	-0.11815576876845175	-0.9834880787417213	0.7032121094026624	-1.263857993974919	0.13970700047917795	1.058958364580923	-0.7146255383977491	1.6427476930383675	-0.5210807181941087	-0.7109008582564214	0.2621128252312406	0.3854306279700121	-0.981989747481444	0.603009375189318	-0.4393767379630302	-0.6502986834406358	0.2371414079770296	0.20387961060820337	-0.7519565064995402	-0.3980712086342238	0.9616822263353983	-0.6962125242505062	0.43465404080601616	-0.013991749149816515	0.01612753605002359	0.5432825235919533	0.9683193362248752	-0.599355362979006	0.10350725713048099	0.21992538207406775	-0.6476429948612468	0.5462173415133179	0.514331350644974	0.35273217384130057	-0.3800280556576635	0.10496046499432493	-0.25608848304571935	-0.3375135588936252	-0.637030060935083	0.41414330372543245	-0.5152989554411601	0.24045869700634812	-0.9349958012943876	0.20742161352592128	0.04163178614581307	0.10861562889990074	-0.3150187460744303	-0.013009722650965465	-0.23335418141251738	0.22844148221531468	-0.2502993686587618	0.6265834765709436	0.34436713636657945	-0.12914541399686788	-0.09968920792156437	-0.2619983189887339	0.29211906448378905	0.25557504172396567	-0.34992573829834883	-0.1374131259346176	-0.27776356247849154	-0.15681716536363863	-0.5970270452301188	-0.34508720129217046	0.3659368737922779	-0.6498847040336658	-0.0422641542063977	0.05029434433810898	-0.028345425185032514	-0.10794774814177172	-0.15388792386124844	-0.20142013725145913	-0.07744933576324943	0.1427048285591375	0.020397781532054446	-0.23715238971274089	0.3252932646815954	-0.10950785007924795	0.01689325177397956	0.7993629707904911	0.3181594861775199	0.6388036071878378	-0.000993829052455303
DTXSID7052735	-3.748480208246675	1.7109770563043634	1.29225164631926	-0.7224467921858405	-1.9214290382995465	2.1493247850835506	-0.12638080478069372	1.5042095093699557	0.797674366374728	-0.33493366825131965	0.7608585121537802	-0.25538385858102786	-0.08164046596933827	-0.9375489917165786	0.02479721395473064	0.1234225222349222	0.15735299125959365	-0.04127317458858372	-0.27170222279486667	-0.9277513224544974	-0.028026412679352707	-0.2290042755015525	1.1549807444708327	-0.0032389298668889276	-0.20885943660179682	0.3423062660721939	0.6601478133729065	-0.043631660346973626	-0.1599962688623078	-0.23449670058974836	-0.17015436064536016	0.2511315628764614	0.027316892141746367	-0.1470736516294227	-0.09403796559457306	-0.5911036149606205	-0.4119189382755333	0.13728272044961587	-0.1725324429703355	-0.4386199677171873	0.23668891454752441	0.6636933472173699	-0.18476495133956544	0.23456827079286122	-0.4434813651907455	-0.021242397699595277	0.14044319649525489	-0.2645392272309052	-0.09812401685194162	-0.10083788897101387	0.14251172296181053	0.10940250381569919	0.22533440547000977	0.00022287057363041065	-0.005615841736886446	-0.3361663547623325	0.41303950518256005	0.33512948465675896	-0.43752089398658933	-0.1961404970047504	-0.13304462542672074	0.06640127379364073	-0.4418958715653284	-0.5122756725247526	0.041596618856070196	0.035612552848086135	0.00968996428741525	0.4025530662871143	-0.05205141193756434	0.30060765840183973	-0.566131074489919	-0.17903713131108742	0.6566853080658321	-0.19335721072401207	-0.5622343162479073	0.4409794703816804	-0.42264360467231443	0.2761007005631655	-0.8936962413189324	0.8393855317158911	0.038312327775109296	-1.0368845034632646	-0.330383791833258	-0.5120314956998827	0.08294859906987373	0.5835855588010475	-0.39282203609102934	0.2874673199484158	0.1566793451252605	-0.13964062921515466	-0.037966694378410895	0.7922007463069947	0.7100103212379296	-0.053479091493521494	0.3864977725614405	0.14320411566048533	0.4835744971335565	0.874285949411413	0.06496503792383213	-0.4146271509665169
DTXSID0057833	-1.171868998876909	-2.5027423679343004	1.473507214908886	-1.8463925334726294	2.4436595431773562	-0.11338325161882433	-0.9345884872362397	1.5872332226608363	-1.5329277329623547	-1.351574192678482	-0.638392764150666	0.07975375775014312	-0.9271579725287286	1.7837631590446732	-1.778034374694897	0.3233308507187949	-0.922904967578643	-0.9027349243389382	-1.1155421909618806	0.5781154051964927	0.21484209474749644	0.2387225824844826	0.93440776156046	-0.7290120403786852	0.1842557767376527	1.4680525543171785	0.6436911201939887	0.11277375595809473	-0.2330492189303331	0.10728474055658224	-0.24905702892531822	0.5458965165089569	0.3975224800019343	-0.31945947989322504	1.1609532461809249	0.4989899516701226	0.5498332678339374	0.15936670060526176	0.1155969854159983	0.19539777828092525	0.6270960877713427	-0.04958685235891173	-0.29882760829483546	-0.4161134495635302	-0.24562864189422967	0.17845889689593125	-0.0208365737325782	0.5834554678434137	-0.21123771610112038	0.24645030119156316	0.09938498844639479	0.40025842888379676	0.4703745994452148	0.12788060380559618	0.19066423272539823	-0.16214974823245867	0.6967543197017922	0.4120607507944677	-0.08314642512743071	-0.22775133443423526	-0.1135757316777815	0.06926274490612389	-0.17193980845905724	-0.04465392201572912	-0.24913639152784092	0.03374301755444946	1.037107021358769	-0.2968422062013393	-0.1523328264294398	0.443087660102906	-0.28018289656084766	0.5686393051947949	-0.6226729662368934	-0.21595589764457315	-0.8312437614752397	0.33837560556963997	-1.2080075676892401	-0.6150092055415745	0.32222564887116006	-1.3072241283855701	-0.6861225409328444	0.16467740324098504	0.00407274248358626	0.2448255896632379	-0.20451728352591156	-0.629328667660241	0.08708399745830431	-0.08932107215601369	-0.05484902437000981	0.17624997385328578	-0.7109906718687786	0.1449665239649481	-0.7793798813171932	-0.443019129907981	0.0162191095068566	0.22753826067776345	-0.5371279510862758	-0.20877786776129265	-0.4764606769698142	0.26311529720791804
DTXSID8044676	0.5199348232618216	-1.7404348789358062	4.070218983582665	-4.67758488013814	-2.131027287593882	-3.870119534617805	0.38825534861278654	-0.2524662174658167	0.5607306673650557	0.8512221546660598	0.3963696140996124	0.9416117926607707	1.5985475701273701	-0.9352961514381702	-2.0030726938390644	-0.4917939124340949	-0.3371268452191351	-0.32513403835077925	-0.05165677696192014	0.24473707775866524	-0.07467027876231279	0.29853444613011004	-0.5462652042810987	0.3362220508872975	-1.1450252070167446	0.78943905762175	1.1560087226196685	0.4638952307198146	0.5054354597275372	0.3427013840866848	1.1084273886312415	-0.849951344910064	-0.5440239746927614	-0.5980706333244982	0.3109293332849585	0.6619642199487675	-0.5288371846762535	0.721472253766162	0.41134093407465727	0.6813669322186027	0.07252326316913309	0.15483796538813638	0.11473271699466472	0.22664466613410955	0.03992898106309898	-0.020512532614520965	0.3861152954675336	-0.2887648556410118	0.15306520187679729	-0.1754267136878562	0.15085241346727388	0.12675115249714108	0.057654509147010966	0.04471503540114331	-0.1519759584407524	-0.20073655877516117	-0.0827762779801897	-0.06000292927206231	0.1818253129247158	-0.16039983614559816	0.34257924096157216	-0.36295627719931095	-0.3584433916209292	-0.0058406314047884465	0.12278042183476437	0.35824067927623204	0.2194093884563947	0.3473267339613825	0.10925972338584966	0.17511461907646536	0.3372204708806154	0.07943968956746687	-0.15785547878843711	-0.04769859400096754	0.41172860013573476	0.439735496797686	0.4044301570457573	0.4537072200107563	0.03849233374444201	0.16613676190710883	0.11011306575099078	0.390923176164744	-0.1496825957735348	0.1953793947352418	0.05078236673373945	0.13317932990975775	0.06084927824633652	-0.10639290977492923	0.23464964210256686	-0.350562657571918	-0.04316335442994518	-0.42537490857631366	0.15264908497700752	0.41229910277160425	-0.14607800464645038	0.21096802438968779	-0.17140319964111583	0.17287996290315702	0.37858793906746663	-0.21341926179077897
DTXSID3040776	6.089966504362094	4.7875811549875085	-8.332094426989482	3.9516708735589905	-5.024370715658982	0.6676529598299389	-8.708181062593196	-11.105659111868091	-7.4358671858210394	-2.862843916384298	-16.054387094577205	-1.6929858019550907	18.134301044324957	-0.7582769739867273	1.4570495018253993	-1.7486536943052091	-7.757230314000199	-1.3199661928348219	-1.6318654567917308	3.1490634122601233	-0.07723654424527523	4.016638047682268	0.3612959259859137	-2.1714654421144917	2.62960217100253	2.6346373580986153	0.8304633100978873	1.5307306661028166	-1.238279445320907	-1.2290974186763577	-1.0804303162035938	-0.24724214558254387	-0.2919558260719068	1.2409142306917478	-0.13904733001837707	-3.089237942478016	-1.9669032957312405	0.6130985187970053	0.644386112322458	-0.7410483214852253	0.8770373189612463	1.6893018537686217	0.46628407170574626	1.0367938279251967	1.4659703705023541	0.10133628603336241	-0.47285182874590165	-0.5946361350816911	-0.40131001430051455	0.7751881556411002	0.7403722066163965	-0.881198071067764	1.2561997886732437	1.4068626035142997	-0.5693210179131181	0.25512566773295026	2.097201201330578	0.4692354702047693	0.7294610980086175	0.3979029665150663	-0.02509264477025595	1.524847651318172	-1.4653693493639395	0.6686762492882464	0.3123016983381034	-0.9928844457010809	0.24792670355334953	-1.5198085990905439	0.9889758852270972	1.2204329076681488	-0.5203436894116421	-1.2457387666568494	0.8308264367651504	0.4562959632650876	-0.18191752970619773	0.04659769788400916	-0.5448635865444454	-1.0230386346230333	-0.19395566180747228	-0.8517250366197521	-0.5847324736129054	-0.3570133727010201	0.9730224466388775	0.5467823225304784	-1.2486549889674157	-0.11625711498662214	0.1566000571675121	-0.30352003880653394	-1.1767296589643135	-1.0630753922996812	-0.25889684437531374	-0.5727994821549609	0.6422433441544472	0.13993061073606128	-0.9521558857107044	0.02470091351513723	-0.377620086807462	1.1677850629291235	-0.9272822070080124	-0.40421532317362974
DTXSID3027295	-6.123024375327898	-2.4893522778923045	0.9536748578030765	-1.453799101756621	-1.278330711238082	1.6151345649544604	1.0859725929696353	1.6996796885745482	-0.5924026735106531	0.3090266681228369	-0.5674970368167003	0.4782886280033857	0.4012894116145991	0.36752703092029304	0.9768568377709435	0.40443674247367983	0.30659031500195716	-0.1991391043426965	-0.6389663612549268	-1.1966514460772755	-0.34096045260808333	-0.36521030690842393	1.6765674482673336	-0.7984239562548361	0.3048363142354683	2.3503973044192037	-0.48636535599603403	1.3588229204716415	-1.5254760282452013	0.9889697140747509	0.6214372065798903	-1.014619652611268	-0.33121855832304964	-0.44781348505002944	-0.16246199548174106	0.6154394399564032	0.07824460487397276	-1.645227111160028	-0.02796239806534928	-0.2626241639849251	-0.28289656495705473	0.06384998618578021	1.3035555795596503	0.1390873620055935	-0.9792843309470922	1.463776236567669	0.42516835203647424	0.11616179055317437	0.13733075559626612	0.19663274154860932	-0.040505764414534774	0.2673241916138514	0.6205873603499483	0.021012893003285613	0.5366082506870486	-0.6798110244622197	-0.29464653241305966	-0.4673037733295537	-0.9303108059715951	-0.38815611321143434	0.023698588409257565	0.4085758574915606	0.4126871801387252	0.056886387552534244	-0.7826069749895851	1.6211686480005774	-0.47678635376422196	-0.5833482063079661	-0.5950461470629954	1.5350569660861404	-0.45241084392606495	-1.624347972756885	-1.812628752508144	-0.46889894163711965	-1.3404776976721018	-0.9588456872599821	0.36471537072772303	-0.2946980128589382	-0.03364073093653647	0.26750292381098056	0.4867538017762358	0.507354149330956	0.29781925052989555	-0.1664889736400734	-0.3490782445075318	-0.4828422365089527	-0.11348538219146648	-0.3211431776616927	-0.17763325462923074	-0.005834034552108136	-0.6587014744599441	-0.2409624222181908	0.06800821642226856	0.20548696163491686	-0.3016633051604613	-0.30414815042654864	0.022775136961599753	-0.520094537853019	-0.1537106263584829	-0.054089919802016925
DTXSID9047702	-4.21464779800636	1.1149034917963694	0.4078314475151109	1.469821414012977	-2.015283794733198	0.0945871891755792	-2.3701478849591817	-3.137953135714488	-0.34658572417295685	-1.1259430109198139	-3.596667114949197	-0.6609289341291011	4.067153423725683	0.0551637494286625	0.6560109489743583	-0.5893804952446885	-0.6823496480298193	0.5067312211346829	-0.38750078364638163	-0.08391654071877387	0.12274636221995029	0.5955635353170207	1.1964010331534436	-0.05518059104892096	0.9452862441078851	0.5813971755407636	0.4172063454008648	-0.12640116823644632	-0.27608730639223333	0.11797788788303053	-0.9388469505956277	-0.49867438675391895	-0.5604580533674591	-0.043921791499596574	0.38989523773484436	0.2945985893840024	-0.8879579025004262	0.3502285401111891	0.018617311404366975	0.2579741046193317	-0.4531515961061157	0.23094990865079212	-0.026444210046197653	0.08433082941908575	0.2805559586334971	-0.5400135765277745	0.414077723961867	-0.48488187484383966	-0.1500819062766288	0.37337853550282335	0.1447489871908424	-0.17488421684347003	0.6768326951770446	-0.16703476828572958	-0.47449139413814173	0.08946483720596131	0.02358137538111804	-0.10404743542152864	0.23056098752322482	0.1484199663570441	0.09733747681294275	-0.12932160863419298	0.3800913592267718	0.21399851063271189	0.36230986943192134	-0.14118472303069227	0.49295967584840916	-0.46304544584645213	0.13056426926416023	-0.07848035846895228	-0.4408299843966377	0.34773757283454704	0.07075581057363843	-0.549919257726547	-0.2540364410693819	-0.23967819920080946	0.3667522764617303	-0.2606989210599756	0.015257190108263994	0.13166705483200847	-0.3633220817010651	-0.23309050145232516	-0.18861226910029677	0.17514449620253947	-0.09606533456032716	-0.3191162157226056	-0.2784021444352101	0.6360671282122162	0.7590321429281994	0.023422331580127187	-0.2931698882447234	0.5630908190743075	0.07364578378773394	0.2742534341834832	-0.004173305235561671	0.011053045277406293	0.4123324233095441	-0.029847600233883664	-0.3236379472278469	0.1993831463465472
DTXSID3044966	1.2863139394756855	5.169091674861748	1.0247126575802745	1.3238611492272434	-1.8786528880791693	-1.2965818826213962	0.20149664070714338	-0.6506383426338711	2.2553473763099348	4.4155160563997935	1.2877423207449132	-0.6630796122111855	-1.0199981501962128	1.8199839844168644	0.40556025308794397	-0.9304039954953212	-0.5339937149717287	0.6559479785402104	0.3403053867714406	-0.4941321784512904	-0.5321740722416415	0.285859615292935	0.6329266123906354	-0.6885281042894275	0.7488674708420632	-0.39495116785801715	0.30658374347421985	-0.7615233583924925	-0.305423237901578	0.5692567742077258	-0.11588353316886005	0.4562216782127708	0.7003704093386767	-0.5977620442325575	-0.9603858569287618	0.7074682392793079	-0.7494045266865814	-0.06713997589772219	-0.6331749979641719	-1.0053975726223863	0.4145538113769619	0.4024319648810772	-0.1510364723567079	-0.12992571916235504	0.8265662504397787	-0.20948824729661622	0.6107825518187037	0.5106280053735757	-0.2401312127253014	-0.23121458993604285	-0.16422330298113658	-0.02351484329111586	0.47111894047429975	0.0739511510190332	-0.597546712347304	0.019367391759749737	0.06627678528202179	-0.136910921358535	-0.21133403255974748	0.8359816552701926	-0.6404209553050386	-0.645282466484317	0.6148343484255132	-0.5769346542546148	0.02073437148952639	-0.561763150150099	-0.4256625050498505	0.5393482212492082	0.4210979396627512	0.9511497780291063	-1.50619576091946	0.6473413110642106	1.0224514603867405	-1.2214745031415928	-0.6988730936754399	0.8887331977388004	-0.2780968811535329	0.293808926692459	-0.31873178769704846	0.7566737460380973	-0.12679924714843563	-1.2451497413530095	0.8156080594808888	-0.20093856298674787	0.20959673979428736	0.24723809777006314	-0.2865566794126065	-0.01560338672465218	-0.6172543004482149	0.4781874775092287	0.10022424627537119	0.1579315817847894	-0.3521968381410576	0.6459854381075829	-0.3608287802635773	-0.23380296026400044	-0.15144774638661906	-0.23791233707527834	-0.18874428756850414	0.581542686357547
DTXSID6047943	1.448780830782943	0.24308959522202012	0.7490948508026553	-4.280969056516835	-0.017804924248853236	-1.051634717039247	5.331000859559351	-3.101478659801053	0.9971765368902746	-1.4365949703404137	-0.04860686671352986	-0.34790611063478655	0.9165381559329395	-1.5296950433525975	-1.5852889298387294	-1.450812106691648	0.8579795614017587	-0.7077829127453253	-0.9902504998340684	0.46708334411711805	-1.5964585115694614	-0.04701476336972363	-0.4775641847076133	0.5957687037688375	-0.6037292694146197	-0.8058881973211808	0.7700122062001564	-0.8125626228313106	-0.07488174127769723	0.7950859632363353	-1.2260580270764128	1.6758741694635697	0.7830075810380039	0.014432296958601607	1.640887824320129	0.566345665368209	-0.9390132063164939	0.31483783737910503	1.093619330746976	-0.2954456549580057	-1.2370047307613965	-0.36919478124586996	-0.03487233293890716	0.21164089034354353	-0.08542596753742361	0.30970831876497007	1.0785078722185768	0.2551864261835644	-0.49239689778182655	0.32024918129496244	-0.2596456515654802	0.2200366237224924	-0.44515698481786264	0.06334374143605406	-0.08118330981692688	0.7723235302460834	-1.1223329546597707	0.10603538458497214	-0.8240327047219991	0.7133955841020615	0.256849218903734	0.41735906232230235	0.3503036863146463	0.388751394367902	0.02003616595031206	0.2988256262429365	0.1973122841970564	-0.44238730511086055	-0.6142691102812493	-0.5112907999408389	-0.5129823811671573	0.19296114585997634	-0.6060932866869384	-0.1610113750859899	0.04536063871823039	-0.01995706923189703	-0.5659871710134026	-0.5952798201116407	-0.717811230796098	-0.5295734601155457	-0.2730574199774314	-0.5554538573299899	0.8107242117263165	1.0610938824781087	0.2566096556973704	0.5649877532262768	-0.2704356732429243	-0.1115230163356442	-0.9538173966137544	0.32534017115714564	0.6237766379214709	-0.607876862680513	-0.29753256581577686	-0.02745129620041355	0.23149253864178101	-0.05316567642527695	-0.044887065118898846	0.5975311059462783	0.18470836759471604	-0.39785163200396045
DTXSID8041321	-5.374332624658355	-4.62000069250157	-0.3819819698467912	-0.5964472596888462	-2.087780371840231	-0.0581776775802668	-1.5291876434335814	-0.3017112530643039	0.5838396112992358	0.6007577690377632	0.10863082144810966	-0.24096995299034413	0.27776773280139677	-0.49881987851927106	-0.6035699547249225	0.8585521519627554	-0.03685689667744813	0.8076541517472245	-0.0857294331529325	-0.30532082819459533	-0.07950759295135879	-0.055058121018137444	-1.4050592225444674	-0.7347027638654473	-0.4655857220700716	0.13748390605416852	-0.13838539573651554	-0.03446690563228689	0.6037880597216666	-0.9370302724433124	0.34159508246410974	0.6072439995448954	-0.4132418557132613	0.10375249479735808	0.03895361963304022	0.4007007773428683	-0.12324834772255716	0.7114195210947998	-0.9057496614363378	-1.099126388837063	0.4120268493447974	-0.14214046446615458	-0.15221917069060728	-0.00973621593023801	0.3585975068147111	0.6152832850405887	0.19687765926594325	-0.49254500021416786	-0.007780679370250531	-0.47644727724691527	-0.1604594890695294	-0.48120118343183127	-0.2865042329023622	-0.135454625258687	-0.4495531819638339	-0.1605631270030612	-0.4465005205544628	0.2710156406727395	-0.3426825336816118	0.31943682612322427	-0.7739488970090022	-0.10586043516275184	0.7550466762305126	-0.2704818976369095	-1.016158002146224	-0.10072392908780063	-0.68495357329153	0.716024729823654	-0.19010154273090105	-0.046735263712860124	0.15188721454634782	-0.171157542388983	1.2070574947687616	-0.35789040915831044	0.711032261808106	-0.6599277225939091	-0.5494884351404405	-1.135503790720303	-0.4444768138638218	0.5071263020049658	-0.5398776036597529	0.0393063566960731	0.027527989209567644	-0.21176306772239378	0.18135765378489316	0.6848805851049583	0.8483678625081763	-0.3278260882058936	0.20240970003219688	-0.17476102379930727	0.2681558204512781	-0.28083932638413167	-0.7051211344734666	-0.4421533876602616	-0.31401889156880625	-0.020914286479363397	-0.3202583560748508	-0.23906014065456685	-0.15643495678186053	0.3986147703409143
DTXSID0023826	0.8365217950512551	-1.8527120689392977	2.8868821349953615	0.267016151127952	2.5881672105174407	-0.0822822654729172	1.979428061003407	-0.3165227450884797	0.06396003776957436	-0.7417440103399203	-2.0050588573853623	-0.43320989802376125	-1.8255469902609998	1.166168324681934	3.2025553627228276	0.07831973205018475	5.2062517258758225	-2.293279103467795	-6.951389611765895	-3.2362313084519574	1.0262908581349786	16.6402383494234	-4.440860463305498	2.064685738363934	-4.118995986596185	0.533556373734873	-3.8170500174739725	-2.9102628003993756	1.8057050499261962	-2.489372292240822	1.1447996635852375	-0.7905331496654976	3.6071223094275884	3.5194279671777373	0.8723491372976231	2.7981915189701208	3.1031976276504896	-0.9696067484092156	-4.069404336356949	-4.603794161152371	-0.40093144108658674	1.0636172206890258	-2.385269132499728	5.001931579159358	3.4507131751822118	0.5877174089332341	0.7080225637780962	0.5284828935887683	1.779801348349097	4.780477508981009	-0.2858325608464271	-2.528500829591692	3.917627253074879	-1.5791500083577128	1.4217767157389227	-0.15271862721462934	2.7883370588571452	2.070243860933436	0.2757906469502828	-1.4579268219941175	3.65933758753464	-2.526737669793129	-0.44467515745885405	-2.2219731401499616	1.1071948658479474	0.5714900107624714	0.26161153403079873	0.24209516474461426	-1.1703944150307952	0.9946894452119527	0.3583537347962579	-1.3992214370512477	1.7287436556140547	-2.1486343467577513	-0.24569483535007597	-0.3008001206653828	0.27155422839058224	-0.128754769050515	-0.20007384244959117	0.2078485685393199	-0.29474081537113545	0.002030766423510417	0.168485232433433	0.3986933295832946	0.5037051287988807	0.0593186706797374	0.35736355891464144	0.23691943089874967	-0.5813299392638351	-0.15068260163579686	-0.15542321038501242	0.44891023859282897	0.24419939696859666	0.4502010429610581	-0.20724333388441896	0.631813725737372	1.2764706142090898	-1.3508710571391145	0.17268757078405159	-1.667480929831565
DTXSID0022220	-3.0510381146868677	1.6488619704157719	-1.5212990677138203	-1.3003179741832975	-3.6983045353478188	4.661436815355375	-2.1832685095055107	2.62134764563872	-3.5280004451029017	-0.705933115992345	-3.560125649090476	0.4724342254983094	4.801284258875609	-1.2785263950247274	-0.9025912314836914	-1.4813849131828745	-1.6310061022730602	-1.16535133836085	-0.5481812824306908	0.5602449079387446	0.9085347683013252	0.5754844556896338	0.3419967261737673	-0.054548031021506335	-0.47806134003088246	-0.47100579222423544	0.09541168270151486	-1.2521551257913035	-0.07265536938360044	-0.5618221677316468	-0.11877744954307001	0.6275477110632001	-0.18219031096971125	-0.4472144876260682	-0.06715630432844656	-0.3059124046380527	-1.450341987600911	0.3666114046019225	0.4846557348692802	-0.0916876418368306	-1.0598636775649497	0.2871321677989989	0.15226024234321095	-0.2664070537097396	0.5546251262057103	-0.18761592603180324	-0.46856240544164207	-0.3227149563713403	-0.30061470608284774	0.452361487251553	0.08574811894612495	-0.07634772015981477	0.16905982099358238	0.09489867855817669	-0.31285034899637837	0.11032461378590874	0.8078742444092701	-0.5187848048762197	0.22763745768144908	0.6009425042043143	0.6448312217488534	-0.2805942404563722	-0.18489242688205632	0.20592610381000023	0.47430883405812313	0.029912494398633912	0.31448786292872294	-0.2415857085270492	1.5574809414808792	-0.21958595665306335	0.05156038839552124	0.3719348045500408	0.3667283470263729	0.39458940512081475	-0.2975195495528973	-0.17568898474255493	1.3732007515939662	-0.37997052352198807	-0.02867629985551741	0.49770688902927723	-0.10360429158272334	0.54326496318585	0.9585067272552625	0.4947070840635799	-0.2726837332857354	0.13360557896672023	-0.38304075766017115	-0.6792235604517565	-0.25617475461348604	-0.2964416521106167	-0.3456746170936778	-0.021683744300265408	0.2012050176935494	0.09891643318546829	-0.6725849497780018	-0.9348132188464985	0.09995646023981761	0.08081392361783021	0.19592107515606733	-0.3182116827239668
DTXSID3047134	-4.5527302993695935	-2.0386413126872984	2.650115568195718	0.02541552464084033	1.3898635692370578	-0.35424821905828124	-0.4551448371860224	-0.49581523707183417	-0.28403244993885685	-0.6786261725577244	-0.2251976948247053	-0.14381927525397806	0.027766206378867796	0.5890593484885923	-0.8543933193457462	0.2935425013392428	0.16521018521405806	0.022031258846444808	-0.8535733428272525	0.0371626891633597	0.17823135110959443	-0.4267298078563626	1.6370233824990474	0.19236248781264734	0.12930434577899394	0.2000632216200353	0.7832979736866	-0.43763199546835363	-0.02284999880269733	0.4115162412824699	0.5508959430999093	0.13858897666412257	0.4816512222986752	-0.23197005811328192	-0.5920744309336584	-0.08526789620023956	0.6893309993568842	-0.2895132471789261	-0.24912023308376616	0.12137657722236539	0.11146962366475835	-0.2547681863203862	-0.1882524314922752	-0.2113464172991027	0.047786778039130395	-0.27841190052126136	-0.035506038842067225	0.07824205870520591	0.07067992641309896	0.2427978141779225	0.0027193972730834262	-0.04757128012880081	0.05503574189148436	0.005847010612292177	0.30642329992997347	0.06832997249979471	0.3703867351354838	-0.0810607919999666	0.028747528387593778	0.21055483520653961	-0.004105542699482784	-0.09338061999487435	0.06462734588795414	0.4003734661873059	-0.4466584155662053	0.18681551413202757	0.7037004705971884	-0.715021369757862	-0.0025119807157110282	0.24977530907665893	0.0846890059617052	-0.14286138999511244	-0.033537728609049355	-0.11454223135169553	0.44078627765883194	-0.3783858728221075	0.07947579968756692	0.061679381468350086	0.1316034721838055	0.05234916882940529	0.22034093784951908	-0.25975052233133344	-0.4921402759652045	-0.4811038623296917	-0.3205447689387903	0.04837262262240976	0.7545225272396893	0.4705666747415665	0.225275754303881	-0.21231587095799653	0.23636748868236493	-0.14887249658065424	0.05961281214718349	-0.12531512861675076	0.14086438632358964	0.10464341071393361	0.1814377823116568	0.04676616393763512	-0.00023223373877486744	-0.07971425454927088
DTXSID4057639	4.998330611838543	-1.031171562158671	-3.179286410941319	2.904071698488046	-2.898654186997408	0.3469028942811262	0.1783596698187971	-0.4899114568616912	-0.4576641369496765	-1.208422325865669	0.010156213455912824	0.3690784787962506	0.6102374898469587	-0.16238325853886784	-0.14757313297917551	0.3688970152506792	0.7979430615829003	0.5161055948862247	-1.4205433700659609	-1.243063206372067	-0.6536386230671304	-1.4243422120745908	0.9614171780927062	-0.2655651023384195	-0.36666702667965817	1.5288870985543084	-0.7696399617827832	1.0517160723492587	-1.1830523374812418	1.0939136807764498	0.7146786242274574	-2.1619742617655744	0.12170640523808102	0.05186651386782943	0.005377643360407261	1.0505126226645611	0.7138720967643073	-0.6422624940819653	0.19719139923269038	-0.9224754313869148	0.2325377139411872	-0.16795383510513665	1.4364656007317995	0.4032879094390016	-1.0489367295765994	2.5477956198226153	0.5942481917708351	0.4174546650716366	0.09017467068325528	-0.10159236735060012	-0.10663453197848977	0.3147988647933779	0.2683967986979744	0.15280425725735888	0.49740215510154584	-0.7119782886196369	-0.16172041544187632	-0.752730037633227	-1.2702755883133592	-0.36444013701603734	-0.36930136037113426	0.638140518121593	0.4002790500285587	-0.2795611490498489	-1.1689049118275914	0.9469540780509785	-0.8613086129364106	0.8632003520807563	-1.4183803640641364	1.1309481241426074	0.023830841475575144	-2.167909672145475	-2.088379991473024	-0.22914483106279718	-0.5436779202707578	-1.1265212393297772	0.4493758592431151	-0.30473549685015716	0.64216645468978	0.1473579880805664	0.32169553563803976	1.1534675827740941	0.21011907058843166	-0.5753448901168264	-0.637442149470665	-0.525792916405625	0.38998536950399076	-0.5183400187133929	-0.3263996872644232	0.17871515962049778	1.3945266720809792	0.6232500442562876	-1.3785730154321585	0.9304382372851876	-0.6240405910334276	0.5200113417801125	-0.4128310341935987	-0.0255299633849265	0.05323068667374533	-0.32906926642808215
DTXSID0051996	-4.014950727216526	0.9375689322122938	-0.034270127074658464	1.5154644785048665	-2.097384844425288	1.172046064829552	-1.7537170856795392	-1.6815651199543875	-1.733733688207046	-0.6671380032461816	-4.073934397352762	-0.09341679779022205	4.200366308112383	0.3462377353542262	1.1572012073355482	-0.3522914067621383	-0.463286603485238	-0.022769263947979294	-1.1031367149469025	-0.45482308741640304	-0.06001240508445791	0.15427180874645643	1.4830482559207496	-0.9168445766014687	1.1733272669762886	2.196987313790256	-0.7018950914920227	0.732381655658148	-1.7002242831137986	0.9722986365683054	-0.22419395207757212	-1.0557255737451314	-0.30778937994693667	0.22866754411588733	-0.2627419083014109	1.2094795700443826	-0.989714374930179	-1.322350084552453	-0.6328448517244797	-0.24373120689449218	-0.11959950996070642	-0.1636866838957665	1.3455829775732797	0.4361842214665059	-0.8824473153826309	1.7250932288046203	0.7280852943784922	-0.2440379258771181	-0.28346168181022574	0.11819221285106674	-0.28500827836455067	-0.22490352377263348	0.7712898087743509	-0.03991078085026528	0.311683312080078	-0.38773584791798044	-0.7292380200546141	-0.42349748722053815	-1.4810025259738708	-0.9223504440647442	0.12077139045050622	0.6352712634774177	0.692214957141123	0.9612416895604186	-0.6865436614450339	0.5534157882986043	-0.9399543952446193	-0.06788918446547666	-0.6356143972569345	0.4888290902733693	-0.6929602328528072	-1.8900779305401052	-1.7972193430317205	-0.16085593230407977	-0.7555511856766683	-1.0914431863848872	0.9107733279494447	-0.7240878786453956	-0.1603212027923777	0.1217379140940534	0.39548400583277116	0.7197292294120277	-0.193610652848827	0.09830907037716781	0.04293057006376622	-0.21941332266886374	0.0002652261300510306	-0.26650205765170987	0.11315364998394115	0.07966920349467135	-0.08911185084701115	-0.3344029060489553	-0.8491946624367435	0.06029928135598802	1.3159140008571077e-05	-0.08920455245122161	0.139383797387476	-0.20050537899934479	-0.0679732301737884	-0.027993586791044002
DTXSID9045392	1.6260825499293818	0.32803298476688814	-0.5242638370139313	1.7590107784896607	-2.613927079238098	-0.1418403616601309	1.1042710536337421	1.4347592745921685	-1.0616305948161129	-1.9245592888092808	-2.76363782149315	0.15858031257722147	-0.1448253173703507	3.2118881683104865	3.281887904162018	-0.5213654918189498	-0.9857482035314721	0.14934915303967244	0.7355236034125004	0.3390437674013369	-0.45800106059984064	-0.148247840244648	-0.8602858977586357	1.2721937361045714	-0.016331072971624394	0.21934448557201855	2.9551818299239043	0.6273044852520716	-0.5521549913280857	0.4379118874638237	-0.810123240829714	-1.8740942618452383	3.2590293632376173	1.0696509344064098	0.8900778140630771	-1.8393084383042138	0.034744802763768914	-1.591521891965092	0.9730089639317173	1.3801550110682603	1.1970858381276803	1.2335414900936486	0.36734974293569306	-0.5678608237535469	-0.4321372692388785	0.4175972501307113	-0.5186634746180959	0.1771185829346003	0.05481478792392969	-0.6132579832943383	0.38297040130365945	-0.2955733764503857	0.7089888348711912	0.7741485522646787	0.9300178371709984	0.07482314230970116	1.1992947975335033	1.5157664040296308	0.8243613887271337	0.018544919084927582	-0.4808263681146264	0.5282136340023328	-1.418174497844753	-1.8012852306986666	0.4302039315408715	1.8180985410713288	-0.44453921418888775	-0.6595814491072527	-0.832016254149947	0.5180482240032963	2.561792521830818	0.45787939360001734	-2.1049402036366995	-1.184237786347379	0.40582840654953123	0.09081449127069707	-0.4082092645453821	-0.005047120498372268	0.2632347764438836	-0.7356047098471671	1.2567664474261888	-0.6071938842843398	0.1862078352358363	0.9306026730679946	-0.809065681148924	0.41536790375310245	1.6477266958299022	1.9863431926112964	0.494598203039902	-0.7282839957662856	0.6413910066593008	-0.8258126718312155	-0.9370935443912806	-0.6812370332211043	-0.7005283959476445	1.1051001550015747	-2.181925332913388	0.22709023428910502	0.04981343474503517	-0.2286765357835184
DTXSID0044523	-2.596908148897889	-0.14153325058710872	-2.30899191263478	0.5038234842073436	0.3884301248503331	0.5805762814493892	-0.31161944802330127	-1.4974088321456975	0.47721702578512676	3.005758505304934	-0.3898813393978568	0.14628127050474796	-0.8666423443243206	1.2116280326172064	-0.9853564861617808	-1.5428325466100838	0.9123815020359547	0.43561589275049173	0.21920955937195097	-0.39962167728096915	0.9557811309732236	-0.38453428639888065	0.6800387834164963	0.006749047035843436	0.7692405658595128	0.022177726018346482	-0.8182857468188731	-0.5301514592014213	-0.46420786796280405	0.23566482755070609	1.3199661760515051	0.5063379807328248	0.7260854512989859	-0.022241082402997412	0.30602670962358247	-0.019562862312593608	0.08296133897851529	0.5023858584695917	-0.21125479393693294	0.5806118840861436	-0.20302833364077472	0.003781844695758891	0.12855661562766174	-0.05608701808626204	-0.28413942158490674	-0.029259632433615727	0.38892547507234226	-0.3975829667367955	-0.36424454192112665	-0.2612573026551137	-0.2070212273104338	-0.27452428444787697	-0.11631017591479312	-0.276597603945109	-0.39285025392543266	0.2999607176301979	-0.2805225409875432	-0.25335220092220034	-0.7190972801648979	-0.5542017611161993	0.6695127196800306	0.14391443360772818	0.32063106364672256	0.3641277048401885	0.38474114082474276	-0.4232882948064575	-0.1781934424807177	0.3575044063575345	-0.6302078176977545	-0.46825509256013387	0.13887500834412891	-0.08238513710556813	-0.6113618207591955	-0.4277424763440934	0.5870493821162346	-0.905822758445584	-0.09534180154492304	0.7630727873796547	0.25397728591607444	0.36535508864665567	-0.6769677036465135	0.09823734413546494	-0.012393393389291471	-0.25094940979637625	0.6516113988268486	-0.48588334702477404	-0.10370547842627326	0.43169709119765926	0.3212344752778805	1.1366005504822745	-0.27287754604127556	-0.619444512085299	0.4198615436237977	-0.7668594933881383	-0.3018510621642733	0.3512006240162964	0.022818845846219966	0.5616909348640928	-0.46353008470642465	-0.20950179824010634
DTXSID4047173	1.7138998164608457	-5.106811868546738	-3.488091345606109	-1.3949551543431016	3.328718168563556	-2.4726464626809723	-2.5212216316900187	0.3612725952030466	-2.2332976313573543	0.6727672188638661	1.021041372713248	-2.3395266892799547	0.3661320004224226	-1.6588920735916115	2.2068123059806433	0.7447455984681896	-0.39615907590987887	0.002629523401750445	-0.2348128170171821	-0.9640047791831602	-0.5315522234965704	-0.6003255898831953	1.0307944034347876	-0.35991875141413543	-1.4289919125993917	-0.03024271177665669	0.974372199636559	-0.5810462148792492	0.03915724690786104	0.27894397118978864	-0.0635315368740826	-0.5503822257179234	0.4908662487423277	-0.5277396664143831	1.1079989623306237	-0.11000497846639141	-0.1359504432056141	0.2530000608563498	0.7596697109594875	0.15775269266072597	0.1292772948316831	0.6409715819466725	-0.7204474130414806	1.050402056420053	-0.1698238204497089	0.5489785013989035	0.0824873546145635	-0.501843202488477	0.3229328053280505	0.591693344126287	0.35884755893796505	0.11239796773846908	0.3923455800778395	0.38893296443782327	0.06782274750957752	-0.1760584889164957	0.6430341667383974	-0.2084908280575306	-0.6383244917927458	0.9239091970521814	-0.6020875384278773	-0.3022072903690779	-0.24896655576910723	0.017819057071772205	-0.2399439184099838	-0.5532177080288618	-0.7772367425162169	0.9752646129044312	0.21271853276078687	0.5666580271632083	-0.1136331900056636	-0.009423406732996171	-0.175947194020433	0.32832984781105845	0.2187034823519163	0.018075596590632563	-0.16497918605990486	0.3139132033202987	0.5540146121669841	-0.7564131871217534	0.475623909579891	0.2428237057099697	0.8760192520582475	-0.11362205665448191	-0.6907585610267742	0.17271256776183372	0.7294113233856924	-0.8298069215086582	-1.1427939394180031	-0.4847234979373588	-0.03572555431953576	0.8325053277174731	1.3126687290022472	0.1284646242014235	-0.4081001504570867	-0.26387392764074585	0.015560881241977851	-0.3647348701926873	0.03881293846532972	-0.0911364692580062
DTXSID1047075	-4.681408183052897	-0.8991228450485985	0.32012677715112026	1.3068496553553566	0.2819849842184292	-0.6840941426396245	2.9812532502333866	-1.535172554593252	-0.1237822317980411	-0.8004797270372779	-0.13965646350999594	0.4876720461502316	0.09343149038326767	-0.26767463386525797	0.7130023195713254	0.11201784733802196	-0.31766341857084635	0.4083733341075515	-0.3777608548707496	0.15533876912256442	-1.6828259808242905	-0.40826911546089417	-0.47047390164939284	-0.6923983152300357	1.4967715815380813	-1.04033636522634	-1.1255258673943596	-0.9896598470345795	0.13327576853586282	-0.2963761571795568	-1.2127085892862737	0.7134901693278429	0.5401690252396906	0.6561639331386817	1.7207748770320785	1.2336659449677378	-0.01715209763881877	0.6711575515311603	-0.08625318845822522	0.16650764467527004	-0.8987547609808803	-0.6637361455955633	-0.137287169695666	-0.48090966828382786	-0.1807744712893151	0.267212090535583	0.06341341166091212	-0.42908779758482407	-0.11373170894042126	-0.15680334198996157	-0.06647044592100886	-0.2626818987998972	-0.029632073242401694	-0.6979243640114456	0.1401812710275477	0.47603326105186927	-1.1069392479279596	-0.1458786669296983	0.4083139717524378	-0.27267937089368394	0.25000533850892104	0.353870113888693	0.37813606876403716	0.10762024136788623	-0.037558891393175656	-0.05239047868328403	-0.05122220084571543	1.189066225309748	0.33120430616922975	-0.1600557304303416	0.4722110174332453	0.15885919161000353	-0.8253479417175779	1.0310098448925606	0.677803306989872	-0.7538396654111189	0.19853796371073365	-0.2527045652456066	0.32893749298102415	0.5430512849212106	-0.5023302693619802	1.3632198618786597	-1.1397560723645208	-0.7366260588736635	0.5892995895146185	-0.207719748249679	0.05482732813093995	0.6283432382033123	1.3138697721628774	0.17208488496804938	0.015877321681471324	0.3822996726179382	-0.14086302760654412	-0.8033145801903191	0.0658196106657011	-1.724096524303245	-0.11127184459208499	-0.3141342646700828	0.021627922541343964	-0.5080124837484469
DTXSID0048507	6.931486778757582	3.4383960732236156	-4.782455440942745	1.1325276328713616	1.403632496161529	-0.0836595360780931	5.4623520025402	-1.5026589317535037	-2.181593766717428	-1.7666929336017954	-0.6906029708263751	0.43749379096624114	1.018921131093607	1.2541630602456915	0.33233873513053414	0.2677889936288404	-1.2514126873659934	0.21503413267542823	-1.033921160166289	0.7455472532172042	-1.8626477659133702	-1.0171622335912707	-0.19772489013476602	0.26840608501500923	1.0868937484318708	-1.8249520958990793	0.695860160913127	0.8398244017693027	1.2347140813926063	-0.4053773707279753	0.9688536932914166	-1.3554711329120206	1.4269807553247276	0.02162396329769612	1.0615563463928752	-0.44134960475342505	0.9225655291458833	-0.03434702508649314	-0.8601585363104995	-0.6973190973912959	0.7931730664185238	-0.146949977104876	0.4022873014075636	0.5176688502091041	-0.5420021549741051	0.745225700168423	0.13044938624131172	-0.03560161697353291	0.6728498768044863	-0.018186433438967583	0.3365632808413755	-0.12962171488547786	0.21864163550814458	0.036576879429393284	0.06188096234773729	-0.10828187063924694	0.5838556056901381	0.06669565156702129	0.43442147422141286	-0.02151794523446665	-1.3880679890675647	-0.042541538538875434	0.04917207322275774	-1.1952214751290426	-0.5852169848872646	0.6332022650121983	-0.7369428227513369	1.0421630364649064	-0.13081397396172073	1.159791033741691	0.8876627793567651	-0.302759027289327	-0.12170190199183833	0.1361998120168963	-0.3034711547685166	0.9633906010028361	-0.4937261119389471	1.4601852253249885	0.7236911856946083	-0.43256725174029803	0.3126985684186741	0.48535229479685066	-0.6249815951301941	-0.6001534274379737	-0.396421849049529	-0.5326533638859754	1.0574199496874628	-0.31492026035424026	-0.42059693767169076	-0.45224578931802367	0.16856167729726448	-0.8572260436071861	-0.6932218153318203	0.12202125161269135	-0.0687001303079842	0.4617172947204053	-1.0045013354098498	0.32375761712390017	-0.6326813094084882	-1.927709699618339
DTXSID1023609	-0.7986354130120856	-0.10664888191845902	-4.992738643116282	0.8943981345358888	1.096299320266156	-0.6596819424168776	0.812473496144367	-1.0068653640828666	-0.02121349919128722	6.88150499025514	-0.21675090763439717	-0.15149169870636386	0.460328625819005	0.6343741408493565	-1.9697373977354315	1.5287906221777032	4.1647178427103775	-1.7985691842581149	0.4033599026890778	1.7619489831056212	4.269592144222168	-0.05894938336666657	0.36242623063808516	-0.48120584293704094	1.730237700726987	-1.3764746137892812	1.298620698318462	1.102705053426406	0.7135904057427984	-0.7150613827409532	-1.214838372417389	0.44872771102041875	0.5550037794797671	0.5531866531459777	-0.6019765810109405	-1.4431082390340806	-0.0318662571099776	0.5566008821845312	0.08225461187048883	0.492917584887465	0.01150835414338527	0.8392595939310608	0.8597292658800871	0.6570382918370957	-0.6444873095910699	0.6882984163225881	0.1306602633544187	0.39777150447399123	-0.7828204849687637	-0.17406025136966521	-0.24671765707348822	0.433066779421269	0.4114891373035797	0.0066532165247645365	0.11537159060362429	-0.7325285857596016	-0.31355938177070636	-0.28280227227285815	0.7733555325355774	-1.9403903423438724	0.6987932027405708	0.016257261092153526	0.8676198470752676	0.44765271043915944	0.5212583908795908	0.4330409614146618	0.10662664952690377	-1.0180117860067484	-0.6900054409264657	-1.489982845323971	1.0209279229648383	-0.7055574306819623	0.3639759375807898	-0.7386557121157633	0.17766153598744663	-0.8817637564624954	-0.26304063191188476	1.4833877542338234	-0.523970243853139	0.3981487851071257	-0.873256226455244	0.20008969112781835	-0.28378258682578233	0.1247737632107336	0.029799312615631377	-0.7112172288130902	-0.8023206537823078	-1.6412624090965908	-0.310448675407772	-0.2677268116166384	-1.2792417011498134	1.2856949241030555	-0.48847764857508025	-0.3819307754521558	-0.35828259949445784	0.007058432311591761	-0.5001201550194206	-0.45855451796549573	-0.07082754749037123	0.05687741889486816
DTXSID5045677	4.006017134621001	-0.5602373944713483	-0.5613621062488686	3.4936728248100297	-0.0989523727470089	-0.8310907198579021	0.8344412013737327	0.6177091062170309	1.3478578021238077	-1.5788063458282036	-1.4911308399689784	1.65645697514527	1.7242737892733355	1.9520805649251594	3.4261601252044565	2.1994519316448993	2.985115444362996	-2.1226711346731837	0.6988137172036433	3.9650763625744747	0.6619637767288439	-2.094728660042693	-0.15722464626603017	1.188783857151923	-1.1867863183973886	0.7675590954129977	-1.5692762888125706	-1.7192977217851335	-2.29753101581538	0.48925552275834466	1.2658478862531304	-0.8929081684409961	-0.258828247842172	-0.534986861298033	0.7585914776801329	-0.4060213316755956	0.6994661745952219	0.6809136693771435	-0.1926408582314567	-0.13874082802948817	1.5730187057543998	0.16495813519437375	-1.674463224377966	0.20488527960378775	0.6663920134205038	-1.0712328900212877	-0.2133004785812329	-0.16251525685663923	0.03105961710176181	-0.2881447131984929	0.17456319611037263	-0.06773327685098257	-0.7992369719571443	-0.025580530892508398	-0.7837733935231013	-0.1514994772693265	0.0807357781136728	0.3600537458736739	1.131783931006397	0.5567229145397281	0.048227403613652596	0.08506885693083507	-1.5460473410513025	0.3967977645930302	-0.7030742765549954	-1.032054600880839	-0.26577443472416645	1.142022867096614	-1.1220743419441286	0.3606037048404682	-0.32830931520336365	-0.7328253449823402	-1.6687142309161724	-0.22982534411354338	0.140117360033781	0.004890142983150948	-0.7296692372422212	0.5954857071228213	2.507240376893305	-0.28830795257027586	-0.21220740426293147	-0.2781154264350257	0.6269479333394073	0.14191799351202888	-1.1581348687322368	3.775855463635224	-0.475780716678683	1.460455584394217	-0.7836570601566814	0.3595603656059731	-0.1919917261797283	1.2226909545845126	-0.8151113944876046	-0.2647010835785511	-0.3534866478696428	1.1894294816805202	0.05791541536838358	0.08091960004691652	0.7641788511598958	0.624661053393544
DTXSID0044999	0.8672601471113613	0.4577980892480397	-2.596443707078256	0.2850144240232095	3.3475518706479246	0.24847234543543978	0.30975868090868836	-0.06914758797885144	1.543014385441223	0.09685918949739238	-0.9558293724561057	1.1672455416460075	-0.5852348839805976	-0.09158931380905559	0.6051787040980835	-1.0099976118914398	1.9250981261216016	-0.5314504031246448	-0.39620817050425267	-0.14984538264427708	1.0524011145948449	-0.4202064121256943	1.114186840139125	-0.1012584448987856	0.29530147739116375	-0.8204215907001486	-0.7936862672420377	1.5256020134677337	1.1761228806291408	-1.3062754340829097	4.140867146698499	2.1944961382614516	-2.160272826594194	1.6514855706814198	-1.2338540088975742	2.1241710168676593	-1.8099864579203075	-2.2940706854629758	2.763618997367549	1.1007968661305232	2.1530070780876978	1.7576216029178013	-0.9921714501925346	-2.6937413560421435	1.1550869489917588	-0.33513937837955987	-0.10072843954129569	-2.469633491751685	0.27814327390134336	-1.6990825234131817	-0.6790052199639411	-3.041516736688212	0.8507943184724266	-2.8926766129218064	0.2647240810373536	-1.282033084589907	0.2897652941665277	1.4619425760156515	-1.3098981329057455	1.6732382649963013	-1.6318389733281498	1.678369853423115	2.239094293818807	0.7331116824741161	6.379792154116211	0.7450840315191588	2.6907663806249107	2.3268932777417186	0.00442189138007581	0.7624726436047484	0.041809837651086215	-1.9852794900644497	-1.1226426997363184	-0.8491544779987835	0.9211717935280661	0.183860517655175	0.012131979478239368	1.235693181894031	0.35881812121113604	0.13631804907110315	-0.8194784007983226	-0.400661976763939	0.41393222169793525	0.41683705169304347	0.3352792673206577	0.23342255435397768	0.28643560676356156	-0.4333299710932368	-0.025960632166591873	1.110873255509585	0.8384526650414584	-0.9307286234982283	0.10911977722848992	-0.1381962423083683	-0.677350756603454	0.6085558585037055	-0.1590826335016024	0.5625783917038738	-0.28764402839225306	0.1808553977505319
DTXSID7021782	0.04664093345524064	3.0793774493353108	2.0491099705553215	-3.1687117388823434	-2.911271966306297	4.512154207212037	0.8909312835801005	4.222009600230787	-0.9566830480752777	1.4232861571604232	0.12329369246577034	0.0029524009509441593	0.021050156995407163	-2.657146979846185	0.40249667942106354	0.02407734824613947	-1.2400974808081213	-0.48373499030542877	-0.5652464084740345	-1.254159618129701	0.1740894398104984	-0.15244220972602116	0.7327190489818779	-1.4921612005121747	1.139507807630268	-1.344358488524451	-1.1277478433337011	0.4143346620035502	-0.5682124418368628	0.32151148081214564	-0.38227304016554753	0.7678542178193657	1.6533238783602295	0.09681254256990551	-0.24210414702020658	-0.35377743376995097	0.23570678433986414	-0.9970171119697279	0.685796684528071	-0.8886456904241724	0.19673217659325254	-0.07253840180002523	0.16164098399887875	0.03551985908702102	-0.028473426421564543	-0.10969884623811432	-0.610352773403335	1.164458703169802	0.237579182632117	0.4411731074544316	-0.01064149434971188	0.07552781939234973	0.49619535186208297	0.2382128890567998	1.0785861831166956	-0.11015557628661088	1.05479258279231	-0.2756310480739731	0.21434687227856047	0.5550587503085394	-0.7732177249003245	0.11538379527836456	-0.7688678889748181	-0.8546322577601531	-0.13803937837289015	0.022661730404838255	1.3361867867156723	1.0491941786169403	-1.5134013639907749	0.012405954090782854	-0.6302856604026177	0.8342274430454533	-1.0871942586117205	-0.196470514093055	-1.1400084990532653	-0.6100279198332742	-1.2671416021727666	-0.5879399538566407	-1.590532155125501	0.7778440525541583	-2.176070289947601	-3.180048471683273	-0.6672970744806174	-1.7489054818193381	0.47733811541219323	1.6770517192777794	-0.0665415341519697	-0.31098198826626755	0.10873295113393544	0.27877394433350045	0.41899783129345164	0.8949352268314004	0.14158066014687948	-1.5941183145333575	2.205725367545329	-0.02474458370402263	0.25422956404952796	0.2134654125503962	-0.4725895462732412	0.6125680495800697
DTXSID7047726	-2.5134479924578264	1.3955839214861467	0.04928782941928571	1.6815032908199814	-2.035224337210108	0.1814953612498223	-2.4643962564957955	-2.9702238953047084	-1.5399546026084592	-1.515977618948376	-4.399928479083627	-0.47435327448657716	4.448858239744106	1.4039461794970214	0.6340222333875105	-0.4754444643448699	-0.675713742121466	0.4474029159594919	-0.2502954082317753	0.1051844415222952	0.5401606721953958	-0.06018238338795386	0.8487104245046534	0.4752200686548008	0.4696796724559088	0.45266594948000444	0.8089186897652896	-0.04929392251118342	-0.25409975485252173	0.147059960510742	-0.14212158319470797	-0.5182031141252511	-0.016465541028212467	0.4231705931409149	-0.7290459540655505	-0.635142389948772	0.25760817950670134	0.0858560390968159	-0.28999877100568777	-0.10425822885796322	-0.09908996785717236	0.07596753425993652	0.022963994957886306	-0.17715321920631974	0.039090643342949816	-0.27528107640418353	0.042547675633045026	-0.5154667243120991	0.004749078331953182	0.17205826591689966	0.20016203326757565	-0.29384231462810095	0.4465056068617187	-0.0048977069399945145	0.21445809778897792	0.17532595332570622	0.4298077390313038	-0.14747908597124734	0.48894506553041883	0.22496549344967354	0.12480426322087959	0.24040016584492027	-0.08057471255722776	0.414293970662688	-0.06367594536790963	0.05700644093906688	0.3687476764283304	-0.9913967610056789	0.1963058755027368	0.8612191412661282	0.3641662829387974	-1.1788405525358128	0.3736372943947792	-0.051749124442964006	0.5946538381294094	0.44938781192446076	0.06460005235654978	1.1503241559238004	-0.26393740138701516	-0.052879799581448096	1.0812873777884071	-0.12801289260879484	-0.8384813154827134	0.04661392332862464	-0.03967447618748059	0.6020844494587074	0.8757161784471644	0.0016814017091406795	0.18975429018929216	-0.5822186102351612	-0.07545044624676157	-0.7715641875672289	0.09046208179834353	0.06843135636822181	0.3956684778327163	0.5967655189692789	-0.3208631133610849	0.014001805194881861	-0.20067607471533866	-0.17618597731423627
DTXSID7024902	-3.820364999400696	-2.600628824579564	-0.1025487728406764	0.3133554220165232	-1.7513230547440868	0.43686458010623974	2.0383003184520736	3.03075162825323	-0.7489390692697679	-0.7085680041738605	-0.612332709534365	0.975411129070796	-0.12421372813004136	0.17242904649936322	2.315692798186397	0.706126876388998	-0.7053609398253096	-0.5026714100737665	-1.1436710243652979	-1.198913695226374	-0.529659763368163	0.9611150769832623	1.175486874779249	-1.0491790500186942	0.37297725082836075	-0.019183638870750242	-0.016839436163606718	2.0649385478268663	-2.101100465186963	4.205536719713842	0.6233892528242788	0.3765708471546662	-2.095480972124605	-1.0068233184106112	-0.8685656002922942	-0.2812594505704195	0.10959046664437332	-1.0084824220974067	-0.12848948065574786	0.23175663811098915	0.3613288674148634	0.041890455298615875	0.6560669380431067	-0.6264904380169449	-0.3979320428733654	1.466436899383918	-0.07651488141345288	0.3461405717598897	-0.08243123076878514	0.08168247107183968	-0.32323883718673013	-0.06888779673226303	0.1836022985423451	-0.46984927487012346	0.3849812961380996	-0.8177463872901122	-0.8890968147747924	-0.02874667892188741	-0.879337180140026	-0.43957447840393593	0.4575383918676756	0.9045430724823051	-0.25600114926476636	-0.34201600579175506	-0.015599259414343343	0.2542406550562642	-0.9111500823783166	-0.9338253162047763	-2.2195340759765987	1.3356307966024465	-0.8441985220972379	-0.929357662459845	-0.1428723746271643	0.7163999704450078	-1.8942814860343877	-3.6269510909810467	1.9637238492864613	0.39730222040844154	-0.38587641394456385	0.1899823023021675	-0.06629055115988441	1.4898764845301569	-1.1181720934391532	1.1587833112091543	0.7837380346981825	0.21176722383287164	0.03597269398699943	0.8616046727044357	0.09575300630468417	-1.2510270902534135	-0.6584739793387355	0.3694801285665244	-0.5335821640489665	0.32535405501245956	0.0954416291087632	-0.7383346024793118	-0.04675466029408094	0.13888626727024542	0.48129222779179653	-1.0790768065845548
DTXSID9020295	-5.4929081578384205	0.6973420572420246	-1.1532870720654356	0.9538533635793046	-1.4569785054502775	1.0575904027696672	-0.8794815745023298	0.6125903937224431	0.19663701994496224	2.557170261764633	0.44757938630634025	-0.549312042009006	-0.6033190567624084	1.061781163495265	-1.1956909199036332	-1.1484401567430633	-0.254751857038501	-0.36472512809432767	0.16793092048740063	0.4902435740683584	0.1729790940712022	0.14229714301655394	0.13151281317684668	-0.043716813547781744	-0.08169186856676541	-0.4825710846997718	-0.21936494923731667	-0.8275707995052884	-0.09688919525319237	0.2326783885576114	0.5896504731550043	0.1119668283858546	0.28752215336007547	-0.5442373647709492	-0.6679770573648697	0.04393962674783643	-0.13705092709047165	0.028012698599004595	-0.004403885832119528	0.46267100835665764	-0.09335044114536925	-0.1123605991584176	0.1865410439545154	0.17661551388160368	0.13390171830145944	0.10420382155744361	0.1783692741522369	0.3094981333747188	-0.18035886769494172	0.10613591090353329	-0.2445927369165677	-0.031569002946997465	-0.05521801170081653	-0.05622545186621405	-0.11558385925602788	-0.08999608577229566	0.03215960015515415	-0.34625075916186393	-0.5420806104905033	-0.15204371704272732	0.3504226111009568	-0.405252116853052	0.13375636788740133	0.3517567129826364	0.10484528949986939	-0.2817472114743809	-0.06115778115047935	0.10577358580046418	-0.47336287013568945	-0.40953079267399695	0.405187982345508	0.04780643195271703	-0.013621464989434211	-0.19597721218780928	-0.07099589439399703	-0.4774179443804827	0.33363759870525617	-1.0507154275326094	0.06157100530825484	-0.009983943307689164	-0.23788193580794773	-0.36436038594468206	0.16774305801956665	-0.5865521478992938	-0.0880339729173371	0.35115728007417185	0.43603822253465824	0.2769736363673929	0.06969615351319951	-0.24893240532130506	-0.3273967735287515	-0.668294031119264	-0.21302204446406783	-0.03682228849369461	-0.2645056734779746	-0.38149128525178994	0.08896061593006832	-0.07876334286935786	0.07584788970000299	0.0809894751159019
DTXSID3034662	4.419531572124802	2.788655374480857	-2.770527056066881	-1.341256338521481	-0.5915547542464862	0.5714402425420271	4.086914220501986	2.146128155112075	-2.7958767891699017	-1.87441159211506	-0.20196221780390064	0.8639125427555202	-0.12307492313688807	0.8883245316577376	-1.0849033658092246	-0.419421901770358	1.2840732062180464	0.570156097479857	-0.6068090718108887	-0.8091024970538162	-0.3340030238717293	-0.947755843271554	0.7341715045999188	1.0508229792672894	-0.15919262159598044	0.358272569198053	0.24451527705848108	-1.670999412000157	0.43493956139569073	-1.0041895934864766	0.1631313467593506	1.6429189011791938	-1.1761473700245137	-0.23414685885465603	0.16534362842575126	-0.45199880232584766	0.0823095146686021	0.7098871504954866	-0.10737081911955504	-0.4595061241667606	-1.2275237535726515	-0.22156351833240073	-0.09982825952665705	0.1919736248581375	-0.5471332962895185	-0.06317581196741354	0.7873044909791561	-0.18780160833180864	-0.8093818617916566	0.33003589395989874	-0.43114761809428365	0.2139416033098496	-0.792632761036294	-0.25253160403491726	-0.6312958535546606	-0.16202644490864218	-0.6416010224470843	0.14692938276908238	-1.4622753869568628	0.2781211468382458	0.5379082134041233	0.44856210337558866	0.6545868557368075	0.9810043427171629	-0.48236932395096127	-0.38434437849167824	0.07097407787430982	-1.7808222120663073	-0.7921513464883447	-0.9053404710685234	-0.698101227089048	-0.850515690450134	0.894097915817738	-1.2068250742648805	1.1216218783535137	0.531296528227871	0.3492411040805077	-0.5206717106945513	0.4896903566143881	-0.04476286204915967	-0.6883519183322453	-0.7534689418008267	1.2915142660098784	0.7061787055199262	0.008328151668760919	0.21629824313312487	-0.6244703539629453	1.043423316069114	-0.3995948770033809	0.7838325096507117	1.2045289203607568	-1.1375454808262497	1.0930400417805757	-0.692733695334696	-0.012824333179835288	-0.9718496289820913	-0.559860415350879	-0.6430860281310707	0.1607486417737586	0.07691024951781501
DTXSID8026727	-3.5356700903205622	-1.6312056968177544	2.4808221803090307	-0.5344349102038946	-1.250000822212209	-0.955555159445569	-0.12685838158477603	-0.8555403032360027	0.5996031659856321	0.7600651732389511	0.31646151231584335	-0.2500167627130274	0.5437702086484825	-0.3025302914006978	-0.18485331171418884	0.1797293526600077	0.2838848713091621	0.4358322289254969	-0.5382527386199792	-0.8303686765298768	-0.17960854477115085	-0.5694306947057226	0.798171988709042	0.19229240267443473	-0.41323716420227724	-0.39682747092429416	0.1918177378764106	-0.07638008172566964	0.06538409475536414	-0.1312318614932863	0.04970848747381838	0.4678745717558319	0.8176061768617733	-0.2060723003809443	-1.1529184334053646	-0.054479832297300565	0.29939867366803247	-0.6661329530144289	-0.3760340404865147	-0.6265085101419945	0.4927442157603379	-0.22302562138608584	0.2104876448907814	0.2288087949339188	0.27636194801133906	-0.434340441924618	-0.4976231858016723	-0.367336974346646	0.10895283619671943	0.13987601300404492	-0.029687174278902686	-0.5651854298570382	0.23660646987499262	0.04529123472495362	0.08301423170243458	0.33958886401050564	0.4574088674007026	-0.18796195250211098	0.32435896205361214	0.7262987061058747	-0.5639275921129447	0.329554221912772	-0.06909444294606246	0.7802222541768249	-1.007987008254612	0.0032916286851985724	1.081189227774649	-0.5183807514947939	0.46040223233342714	-0.28591474330917904	-0.027387804052410453	-0.26100060054590507	-0.20308063744726793	0.3710696511467187	0.6566029684417927	-0.333751780393738	0.4462529700851196	0.33148592799362325	0.10853057020492206	0.16691154318385248	-0.29270306005587526	0.23347822052578765	-0.40326002995430293	0.21514031481015142	-0.13804533673950847	0.37670361421806214	0.2561113241439564	0.04785865396765756	0.2090648947629229	-0.3270338397578699	0.42024538683284324	-0.029394500197533133	0.1254613557043858	0.214082277773146	-0.1374344238222181	0.07016539539917259	-0.16006230189073964	-0.30780558309859785	-0.018370589327946565	0.22094600033360878
DTXSID7060332	2.3092301415809273	-0.7986023603454402	-1.90797979280092	-4.406037503943303	5.01263932691532	7.034514121520842	0.40418653364471524	-1.4257147341035765	3.004661520141707	-2.3653623819419205	2.3065327218202887	-0.7909509732100015	0.5311927072009016	3.9680085811917163	-2.3974987601456483	1.7733754393894328	-2.897292251384502	-0.8025801719656329	-1.9652644951833536	1.5571386182958629	-1.5666994709319357	-0.0654655027524725	2.577383444553826	-1.3327561028765489	0.43154882075430584	3.174379543897558	1.7076889984736658	1.0951313716944455	-0.21074462325635793	0.12257886120143614	-0.2747105392344857	-0.9461100130054031	1.7862779005747162	4.578568469619569	1.8939817789653723	3.1209855163529694	1.3559910262939991	2.0361094290805393	-0.5447910818799944	0.6399321845033396	5.003643443941395	-1.358454608224294	-2.05785927580126	1.4625318556616858	-0.5154385285594726	1.039028121997794	-2.4456700384100043	2.321981149196222	-2.0565292616102915	-1.98038719357393	-0.05920728267117286	0.720159305138476	-1.8649272262912318	3.2904249117180453	-0.6363870615468304	-0.03437366010894494	0.9595451415285652	-1.6244031304541433	-1.157389127598786	3.76947717699187	2.5340120317399304	-1.085462133833389	0.1317306327626373	-1.5182386365031673	2.3322612328130545	0.35909443177545136	2.1991781466699467	-1.8780478316313447	0.34605309452304933	-0.14633130527399965	-0.7740759162156506	-0.08669816812987434	0.12830381602140875	1.1150819368699503	-0.5961626983302407	-0.7352876535043408	-0.5277842007242455	-0.49878867562369394	-0.588510887519804	0.30301778107933885	-0.815813640951858	0.8920322959607031	-0.29728622323937964	1.2969963342670534	0.2368236412634877	0.07337110828072425	-0.9468253914953091	-0.06090215324069703	1.0431766746076758	-0.4306315453659542	-1.275480126649836	-0.42231523639523905	-0.054358089215903835	-0.017270528867741688	-0.09625938033909151	-0.21407046959131532	-0.6677026255124461	-1.014553722945556	-0.24486358370353198	0.09354299656927674
DTXSID1020300	-6.785993843149596	-2.0007250784058446	0.4724351893455469	-2.5789372755927285	-1.8126580555791172	3.5750265298825408	0.025605998385420832	2.300283493694364	-0.17181653997304894	0.2380291263107921	0.027713334779960554	-0.24443953309362731	0.5128442402828925	-1.275314877521017	-0.5338446328794901	0.09583686519690378	-0.5046062002326387	-0.4510102504866025	-0.2754972836963321	-0.33226471103113264	-0.017768568285477168	-0.013460363129058132	0.40688755084418654	-0.33803267792920877	-0.10407451516029477	-0.42343273025375405	-0.04522874941080832	0.18098285540668616	-0.1922266278881057	0.1756840254057345	-0.14199355669377414	0.4756468058421114	0.8218762387693815	-0.2412260870643758	0.4087310566900359	-0.2833570277662258	-0.11091397292937771	-0.4745799718376234	0.13173934658100758	-0.07443554004660263	-0.13311970518559685	0.1617952038830102	-0.32774869898010817	-0.15809815971561142	-0.2118041126890915	-0.07077344678502806	-0.15664983306321179	-0.1251585402023485	0.27333181230243664	0.0288446228739889	0.15400450218300002	-0.04984978582411777	0.2216097416920857	-0.011717120507346128	0.24596987031903392	0.22800979475782887	0.3550772392703961	0.34078332808965883	-0.04302540700731846	0.07790483457921721	-0.5362502103391845	0.018827329198348206	-0.10673053773786106	-0.3764927185278669	-0.214836333831495	0.31685091481309186	0.24619404761323324	0.11620280572396585	-0.2966752481670751	0.6829909655190098	0.16921552824899072	0.5306977073023795	0.14047198396954594	-0.08346657380753501	-0.9688830680365144	-0.2287608125240001	-0.4934845661891544	0.006081744631477448	-0.5942165636819308	0.09066148849660045	-0.10051062999655691	-1.446733418392085	-0.8510418298907163	-0.998682488908314	0.1963056515851615	0.5366053182399771	-0.6106055381096035	-0.5524889142348359	0.275953532200138	-0.1019450888556348	-0.20152641263807547	0.6938937005905363	0.9608553816122027	0.22571318005215815	0.3129956515731828	0.30975903725296033	0.8658690653420482	0.7425734477514288	-0.11004671780576157	-0.39102616517227773
DTXSID1032359	0.15097888079396216	3.2093072102179336	0.012343650136319613	2.9685656265463654	0.2261719175398493	-0.9066274592759325	3.6329997541012293	-0.8920742670642373	1.1560430138836442	0.4074072038235742	0.6985750771105272	-0.7145644537548558	-0.12276348886027542	0.8152135351629285	0.8454668078288067	-0.2999418719778301	0.052699833773066466	0.8317465224228751	-0.7415343681885587	-0.049807978462547454	-0.6437011598601632	0.11154085528418428	-0.37519746628044137	0.10706876596563333	1.1096506698262976	-0.35996925089668835	0.8659971563230058	-0.11931700082456412	0.4635340243144223	0.49590436450613634	-0.9418519961984949	-0.9248557457397177	-0.7035546972042129	-1.3750416499168279	0.5488566315802913	1.3407399334621042	-1.0866516057415292	-0.1349070162736973	-0.08826293494221846	-0.1318727297144819	0.02683683027675427	1.0542415000038319	-0.23412958348454918	0.5899882747839984	1.0427197783871824	-0.031574560487260164	0.6800106063785076	-0.09152659022328737	-0.20131322388882314	0.05743791949844799	0.18796150199019446	0.1254506685577533	0.7953729694360208	0.0821776437568444	-0.6930477384974623	-0.6599241912414405	-0.5918418700190432	-0.06125124672383909	0.3171143754790131	0.913435585631549	-0.6424511509422393	-0.6239793067936185	-0.08297299973605031	0.18162794505655472	0.18648713830358615	-0.13872623440468376	-0.15505918510821592	-0.05011575061094484	0.27696813464427855	0.036025677427469184	-0.5621914862673267	0.5008551108865809	0.18896669852280057	0.8785861399929749	-0.33169823242786967	1.0395261431379725	0.2590443341166505	0.2337927845840182	0.34329755734091194	0.22290371974345152	0.11098361207128167	0.22550509920240244	0.38063504947804416	-0.668206852936972	0.4412843256915847	-0.19515538406064253	-0.136065097705085	-0.17015687331574694	0.36877308773867673	1.1284881066346217	0.43444525770678316	0.2027650703542468	-0.5196642560183311	0.5698511027003867	0.7891942571459547	0.33867689163806414	-0.8801670988556426	-0.34497233368373104	-0.659511101339526	0.24611172371190587
DTXSID5046192	7.155565768055422	-2.463089033384101	8.536368578627796	4.514784867177733	1.5115342027788783	4.586780096718167	0.8431477286384668	-0.3360928030137394	-1.4795566243020641	2.397368229213043	-0.21218835141402878	-0.599760406360513	-0.10029637722303701	-0.3218807474092856	0.04968728248143179	0.05437159913590839	-0.6303630138636033	0.3248954508268547	0.04968671401887076	0.12408872660282656	0.13314332317841837	0.05133009868428787	-1.4186709122848808	0.5298384894026318	-0.5588277396265071	0.2625436481225227	0.030201804871328834	0.2063618940882774	0.3397139249699689	-0.19975514578878967	0.45556325805588843	0.24264591522715584	-0.6517310066370754	-0.5187450825681675	0.6102847805583228	0.8604863484581308	-0.3762211844431031	0.7640924323925955	0.6397206466295413	0.37237025755866954	-0.24270826134489215	0.3025563271108017	-0.04238217362417169	-0.4437043079484785	-0.006566531127220675	0.2276275844455013	-0.3169617004598866	0.3162815352963412	0.287419735458337	0.16322612325603897	0.04046860359185412	0.42362889878390836	-0.11317926181614255	0.019936013818086455	-0.14578882214034766	-0.28076192741225325	0.06264062557306779	-0.1439094420027135	0.051793348714078064	0.24806682806423141	-0.48633280075917995	-0.516205730576282	-0.06938807368944563	-1.601751349661382	0.23774254273544718	-0.28448653430304666	0.7742877375690878	-0.5582924232201746	-0.190597525820128	-0.9832576734231284	-0.36035505397916573	-0.3456806007028496	-1.0624119538798023	0.29061783894263715	-0.003989857657036297	0.03462112097291419	0.5678536814214584	0.7085716151869486	-0.35029300695143106	-0.06914455160217174	0.21904802275717014	-0.2739176455388128	-0.6577133644052925	0.13697707296670017	0.21783344170777408	0.31574173304220565	-0.31534907286030706	-0.008718727504155682	0.2891573936459429	0.13771401477529202	-0.0004116522719986147	0.049399384244987486	-0.30906185875238035	0.1050520359716003	0.056122993188715276	0.38425557702234586	-0.32600788061365926	-0.22744376503800098	-0.016680854660722527	0.2971180463353591
DTXSID3020704	-1.4358713823726612	2.7029638757751306	-4.220730382231133	3.4061382280881984	-0.7014418293968547	-1.1921631881156967	2.9102018706802664	-0.15310780021995646	-0.8431526616599564	5.714131472035577	0.11534051315930675	-1.3534624648078921	-1.0545555704526322	1.9031587196422937	-2.1769899111189677	-2.567922270259274	0.3063756365367891	-1.195585399307628	0.46348353758602645	1.6410228469821793	-0.6662952243802083	0.4300557251791605	0.891815220121205	-1.1797733168563747	0.48734429388734596	2.1817676509547153	0.7063213896858527	4.398475203603814	0.5468783792157731	0.055379123509614915	-1.4890429029618897	-3.0929728131638714	-0.6859541616941068	0.29959740169300203	-0.1665143855410037	-1.2170195915623578	2.81089797060593	1.1477505902386527	-2.0561215620003357	-0.4484652559622053	-4.25330655458045	-0.6779238704123902	-0.7268817868132835	-2.380149666997595	-0.669219113911218	-0.8700175104222825	-1.4740106594941915	-1.0107289414997687	-0.008436238674580107	0.44675254506345763	0.31464528173186007	-2.5418493789144896	-1.5811917161128803	0.09411560690893801	3.6503921432985607	1.2472752589940403	1.8721377286285594	2.26254650270679	-0.24891913440302055	1.7911745394673755	1.5738495073203211	-0.4286538912930847	-0.9388748940792513	0.25850052741967383	0.24028843775244216	-1.0739721646629172	0.500379821646033	1.4081341755331014	-0.8793683498604737	0.4338943583748936	-0.972153783297622	0.28504610272716036	-0.4024540378143547	1.61115236423558	0.08912320446571947	1.3347128717011563	0.020279788124276787	-1.5117563826495073	-0.9572393758766855	0.6995328442631714	0.8920554176182783	0.021363125393733643	1.234203507798865	0.08376937838678777	0.34223340538465863	0.5390090596911428	0.5917075823958194	-0.2810978025991566	-1.3628869916026103	-0.44106842503156724	-0.16174841875489882	-0.5594565728972836	-0.5215703272639032	0.6521665047773391	-1.197329460902663	0.14460311953482421	-0.20306895568594044	0.2768453077080675	-0.6975770120017922	0.32313094143615684
DTXSID3049415	6.62266718604063	-2.330291731300009	-7.454473202340019	0.8633577200382716	-1.5071383026633574	-2.535887210918867	-7.304905821469418	-3.755171156114852	-6.356989946962749	-0.2492192664034052	-1.0405739778396563	-2.671722449870732	12.191031724886912	0.18515213020248764	2.758953574787007	-0.4142900974211064	-3.1463551976521744	1.3236792258247516	-2.5140092777583787	0.5438871459084027	1.0938864959302181	1.2911085657597543	0.31374906078415654	-0.8724064092333594	0.06780938177603044	0.7437040537996774	0.7738504315532209	1.045790381791932	-0.918144339025909	-1.0713701161678857	-2.1165478104008977	0.9214217792972758	0.43595529840033065	1.5873737122536173	-1.0025693689099247	-2.6970933569825566	-1.4850007563131293	0.5842234124509273	-0.12993050703704556	0.4993038242400362	-0.5684684285350119	0.6336556938130202	-0.02711874712042201	-0.46464233695734275	0.5995840457677581	0.5568106479849757	0.8871567467364397	-0.5570907964895647	0.12307986142072895	0.21228669427565583	-0.03860271823036894	-0.6635458544243941	0.8282146433279646	0.2688588608472844	0.5166843909984637	0.39854693479474657	0.9634713072784231	-0.11916651181950924	-1.4503182378940802	-0.13584157755713827	-0.28884811728453397	-1.888094861241271	0.19104236725135135	1.0432119316698365	0.5177905798414913	-0.29792247598447064	-0.5160395754550281	-0.789719497416534	0.2767565043825846	-0.13588939448727722	0.915233545726772	0.2988822674657315	0.2937829367624195	-1.7632178980804933	0.34665484813272335	-0.3153128541045784	0.16215796508052233	-0.8251246593727058	-1.228526259438494	0.8991648043749951	2.7974840929506386	0.12341463207774046	-0.45656352327566385	0.3654789406301279	0.8629711930989303	0.8160626905138728	1.299092417192324	-0.08601328006959523	0.09692060261074589	1.32309955739307	-0.8498032468794217	0.13871377744631472	0.3251364432130613	-0.4452137126900577	0.6023404609727009	1.5924455810318943	-2.289158671705039	-1.2349012655753842	-1.154056153289918	0.38511215160591866
DTXSID9030707	39.05406145743896	-12.311733374583266	2.023990022142138	8.797055525614633	-8.389975565006452	0.8625650871118066	1.2298422385579169	-1.5880963157358055	2.6496657203923792	2.4954119844608984	1.0432250237195304	1.7204174392526514	1.4041877094394652	-1.9481631628846607	0.7958049203340503	0.1391830436386244	-0.0884041652151978	1.3739806766895382	-0.42365748940696757	-1.0750365397670385	0.3824873265114096	-1.7398130653150161	-0.733511008737656	1.1246690356337095	-2.523787543984614	-1.373397058068411	-3.226949568965759	-0.49223486478850675	0.29931578016928745	-0.23368213092921142	-0.32510226665018543	-1.1838404434356786	-1.216517126631452	-0.43034816950098176	-0.21541500372782008	0.3206902844357217	1.696783597034071	0.5962936453045864	0.3206840384473871	-1.231584880925686	-0.6019677286126675	0.7197939197869776	-0.006913090861540551	0.9126214894445317	-0.4500061844542639	0.19674898027567742	-0.1318050674925247	-0.14635295641334503	0.43249803458890657	-0.11460617124344441	0.053267763524278255	0.628529014308906	-0.8939733027187445	-0.050022815150839485	-0.45317443410943126	-1.1541817525659517	0.07472326321084773	-0.4756580146385069	-0.3418585884265055	1.8771778250310316	-0.04726571703431379	1.8041748975340803	-0.3989814881628967	-1.6373818118244057	-0.4342096230537069	-0.924768521392015	1.3029108849202131	2.006541681591803	-0.9183649723398161	-1.8026202289353535	0.4413736358271505	0.6974813341490106	-0.6014783195671396	-1.7359126059635752	-0.5413282846491245	-1.4278906062807983	0.70167699305594	0.19369281407461064	-0.6230936578497983	-0.5276466930196964	3.19993394002066	-2.8248484366795545	-1.0659614607629064	-0.5090737392015076	0.6897843603489812	-3.129792110980995	-1.9838495638067624	-1.4574825152010442	0.8576166556835239	1.3177261025915055	0.05802805412036105	-0.3493563551008175	-1.8065119604680997	-0.5291202364003537	-1.6825297408089137	-0.8767320564266208	0.2257248604878882	1.1392257704944955	2.0320961744795363	-1.2393562937301046
DTXSID1026033	-0.32169706492083155	-3.0300464396977174	0.27813720360098704	-3.810547759850385	0.836005157787347	-0.5012157420852129	0.2737264367481016	-1.6234242283651086	-1.142001074427009	0.6035662161524421	-2.2793814704222606	-1.321889180849895	-2.380275281300662	-1.647609823608337	1.2002900416256292	-0.031118304857518705	1.300732855832774	-0.3324021859570817	0.32969320832574683	-0.89454216149769	-0.20014860396594966	-0.09171251972264846	0.8378789621104351	-0.251653778343538	-0.27216329685390395	0.9167743571902504	1.2005536126150471	-1.1120371374841103	0.36826432727521513	-0.3396011646533802	-0.42796916309294736	-0.29652351596475457	-0.3137567941214443	-0.5929791957354803	0.547079592316845	-0.06420120227507072	0.4567148870357465	0.4385850118580827	-0.009028499944316487	0.4299939989087175	0.46970894077128383	0.7198572607144047	-0.03178517965691846	0.5429572696897857	-0.022417338658098654	0.17219346648742775	-0.5017204159538783	-0.3402801754013422	0.21370236184914437	0.45644849919578595	0.44065486139678794	0.0019043875640417467	0.6472436744333525	0.197483618697439	-0.3538497240054558	0.12466518675142135	0.6915096173534431	0.360455527543942	0.36047756372114714	0.7116989235933523	-0.2976667034821787	0.7197906830684476	-0.012057809979201575	-0.6573557029515442	-0.1802626331927308	-0.18270877518878476	-0.5054537078775879	-0.21104609397267923	0.5457951623871711	0.8680633672172644	0.3861894022361229	0.05829869852575619	0.10897503164687225	0.1622941060378391	0.2250629060896849	-0.32003151591066187	-0.11643898515956871	-1.0020012115425936	0.03331296464740771	-0.04290985946560918	-0.3905722390406334	-0.3445939387641528	0.19534684199765515	0.04503789973401413	-0.09044261178498021	0.08249196825459297	-0.08718733465324177	0.8806528130889836	0.07938652958486711	-0.4448018885942453	-1.1741468353341522	-0.45943961206929784	0.08657853406196543	0.15470135038569913	0.2824810326821426	0.404973111386601	-0.17375829731608766	0.32748559876520295	-0.36803101064414356	-0.3515647894863993
DTXSID0044945	-2.9969774328201386	-3.3165498405415446	-0.8249764021392175	-1.797894038402741	-2.757533062842427	0.0558132316677314	-0.01492230927796975	2.7559986692906198	-1.6240007652262851	1.339689135961488	-0.3734227485993259	0.7968273359833487	0.21966268024662716	-0.028563183086953447	0.5720005380076715	1.820500511421063	-0.4449930145911057	0.23349170806839278	-1.740461872261072	-1.1378319416893468	-0.6882620733027968	-0.27599278039098074	0.03198517914244235	-2.006744618762258	0.042966326931278095	4.402520384294197	-1.1998309153329763	2.723423955776907	-2.4169142617441284	1.4195128578522207	0.8883590050160559	-2.191997371356687	-1.0550445256830625	-0.3460911082081884	-0.423273525996636	2.5326804982294684	-0.4199872954742574	-2.666105070980524	-0.3426788690492283	-0.9824920070541527	0.04181513211032869	-0.846163898159934	3.1198526352255738	0.7506719877581136	-1.3157344180955701	3.7390390219224874	0.662718935088756	0.32435585664639416	0.16974833303927547	0.158891912441195	-0.5688623070522483	0.3028253556452708	0.8162146663801776	0.008790404154016395	0.8293686420920292	-1.0380872278564424	-1.4124543563511636	-0.8900384812544468	-2.459393934856372	-0.8115657251855648	-1.1621755008199335	0.794107215839608	1.7501473522491113	1.0502125031924372	-2.211426906955611	2.0601786335410757	-1.4772865446474202	0.047453628131759344	-0.9100072627280609	1.5368135417578748	-1.1147031920779478	-3.348343922075403	-3.5968345702832405	-0.9509084782269047	-1.526027928435911	-2.2160368101235286	1.7958346781667698	-1.3087190918428466	-0.13334123182575472	0.9575946129344084	0.21866126512566122	1.3567981860982228	0.49602484536685165	0.6783771344365026	-0.6887948945294395	-0.26256918675628105	0.5222979686325125	0.19163096145317451	-0.41709560371642956	-0.7243031701790034	-0.02479604139653687	-0.12660399498254904	-0.38551816401209926	0.5188433462147364	-0.948283135842152	-0.1537335771734493	-0.15452664991575774	-0.2703540534380658	-0.4454239047810319	-0.4528593191590925
DTXSID50184723	3.7184686627595247	-1.768197311481116	-6.111508589710851	-13.160568773387991	3.0923379311569037	12.463475340767918	1.1364395841614792	-5.804752446855894	10.043307070625293	1.009245411169335	4.624908754446991	-1.5740047991412114	4.121050997005669	7.975578857869197	-0.0768927965838514	2.2113151035328875	-3.2850117908141003	-0.48132793820234987	3.591672515820699	-0.8730096105362327	-3.0912477702797294	1.8925449913021828	1.3570221234183084	-0.19704802581782763	-0.5566906711918815	-0.06118979831937604	-0.7476182379616093	-0.9567692863453086	0.5831140487545592	-0.3541906279804066	0.26570007307135274	-1.4760725367988776	-0.9337222620984261	0.7360186388790563	-0.6341154046134874	0.388102766083072	-0.14633971046884237	0.5829222075338015	0.34551787943028395	0.5380655671941403	0.8216585899074872	0.25794560366474284	-0.3543604916189189	0.36221064514242995	-0.45484360912318667	0.856811627309485	-0.7202613587211762	0.048288778248014655	-0.45597408593269523	0.3881983998835893	-0.018724837732464847	0.27117784458531596	-0.4685831804243947	0.3020596715766317	0.24211274230754762	0.4682965021497589	0.5046221166483195	1.323230854278936	-1.3719695051900032	0.19075849439648018	0.09548457419947035	1.1564715432942232	-0.7564382082308237	-0.7631004030604518	-0.027393360360657783	-0.5401900125003538	0.2091283640662436	-0.39753065718803504	-0.13561072518938014	-1.3354950870724203	-0.976770746982719	-0.15390141524997644	-0.5012355779907475	0.6560964776957489	0.47534488927357593	-0.01676872511859365	0.5544659637226365	0.48126403696699127	0.25409155204980205	-0.1967944083696695	-0.05769971684596966	0.6081221076609935	-0.01699100827268252	1.2112153045731406	-1.1309266474487032	0.031097277437032174	-0.40484953456443895	-0.6306172503074002	0.953650833327576	-1.349216773600611	0.41132504048021556	0.6652754708936492	0.5771565784229575	-0.092040656811638	0.7602810750845995	0.18606305244403454	-0.12259366505654107	0.06888512925333848	0.5282346875006494	-0.42924267942667405
DTXSID2049397	1.1331475393507164	0.42258559731390033	6.78738960712072	-7.120200222933813	-2.1394345350615485	-3.256956812608079	1.1828967555136882	0.06098946824454769	1.1410250572525602	1.1929396255197886	0.9812927092130591	1.0084888076312426	2.6461422511475035	-3.344814600891205	-3.7338121530406987	-1.1297119129438429	-0.5396010329712175	-1.6222749377977022	-0.024176943525466486	1.2142276270816215	-0.369414983824438	0.9864137732364274	-0.15361212046078015	-0.039232077447112684	-1.2933622641086704	0.47910548030292505	1.5364449568943046	0.5756966560659862	0.48924290503902507	1.2758236788357509	1.394776073590026	-1.370770990535929	-0.15650300392556935	-0.5237341461611869	0.43987705500289315	0.37109634486549736	-0.8979186823746452	0.041573898221149895	0.2727191294924217	0.774970605925943	0.1227194715040948	0.3714659881313977	-0.21920073042163418	0.10912629843252362	0.12281374364667658	-0.12520015482978844	0.5739262759251673	-0.3415848311464876	0.05691862145891462	-0.5122730148036809	0.18308979823186944	-0.059713747777374884	-0.10766550850560747	0.3459267250850337	-0.0794629571434369	0.11065794919669447	-0.09669752180396221	0.23373579586276208	0.059721253521968956	-0.5071796957715511	0.3441778017316202	-0.5700473983115204	-0.6783946362290959	-0.23382712055215968	0.5431146194715546	0.9517077200200833	-0.5757724080384374	0.7831445749967338	-0.2879499768336004	0.207341299128588	0.42679968291045844	0.27171052077681473	0.23262394806759876	-0.11087455784350381	0.20761426230257593	0.0049486580399322674	-0.1039286149339702	0.12467932904729723	-0.05202776538171054	0.061210450051832864	0.6142928879607704	-0.16406052201414717	-0.1730245461795301	-0.5266972091680554	0.3049798248902391	0.18472657347479	-0.3922156173672697	-0.9309277377774314	0.10181210598400758	0.0607368621822422	-0.11511950392780815	-0.01650374782809987	0.18312129223465237	-0.07730123642920572	0.4514644210855598	0.173970162557708	0.17839366859767194	0.7461001504577959	0.3153224945599879	-0.421509101977685
DTXSID3042681	11.865561472166894	-6.367259037862474	1.9294993542841021	3.9149408218367006	0.5826660155218109	1.1002116758643772	0.0021468849545485873	1.3079705718584589	0.31891333638272834	-3.0494259604162783	1.7332974826343495	-0.6805632573452245	-0.7924337444347606	-0.49989376618535236	2.5411815966985882	-3.7022566722628465	2.078941249913255	-1.8042461880292118	2.7177565820869733	1.4858008305492825	0.358150953259628	2.2001154183782345	-0.4034993029132962	-0.3816835185029992	4.504279618328924	-0.7055666846355616	-0.6987313897004891	-1.7154821250972354	-0.6514113301750967	1.6500320549389922	-1.1557850901757678	-0.10156635898989648	-0.7706285882132788	0.4718664675841265	0.41026601401306306	0.5166910793609768	0.211341662787493	-1.0975155665885274	0.9325256307260372	3.854441237140523	-1.4569422238845395	1.3083856300990648	-1.8284473694402892	1.828068533348203	-1.8199797102802988	-0.32930040702355	-1.3220482452423699	0.10103229593853245	-0.280878514090641	0.3675734159976456	0.613136319289747	0.2552495329241058	0.6219925635226381	1.5539671056429154	0.5266052707461759	1.2735086472708566	1.691000648654091	1.2162990438603272	-1.2182297540204157	-1.2472289501405207	-0.9009270040249674	-1.0889740566329993	0.14236525532592642	3.6383833721616647	0.22409829913354473	1.5905860743190399	-0.29469865037741294	-0.6872006032316772	1.1156003900605742	3.6350066297074837	0.6615079192226194	0.9088553853331567	2.1521722358212965	0.19606327722667677	-0.07489286404213308	0.5855287382598829	-0.9552071846689157	0.06646962332449542	-0.07164374342034753	0.25835065001098984	-0.6599802768097581	0.20138269835741868	0.48537070718727054	0.6474447410963055	-0.5548606860139736	0.4896391916211668	-0.10358546031045238	0.23405415626972606	0.9289478362482805	-0.6500757847958234	-0.4971647198501994	-0.9369873062132006	-0.36155592073121073	-0.32936809746878437	-0.22508397795743545	0.9834564156966332	-1.9471727764995674	-0.2918805095893036	-0.26563779704286783	-0.5433651515612635
DTXSID5049368	1.3773123431636427	-0.16270735600553052	-1.0502024350628334	-3.531587547590183	0.5979682285659059	1.8166338770824746	3.53736114258973	-3.101544685114429	0.9767172476580851	-1.6242652597673832	0.21201106094028957	-0.569529730878744	0.3504352450345849	-0.10331273752137711	-0.5457629570039607	-0.08691363858461776	0.7803230768802818	0.22161247003487128	-2.013196416651734	0.4973235807747298	-1.0160201876770434	-1.1836786135268438	0.9517752176146663	0.09046346674867753	2.2358930780766397	-2.362833424848002	-0.007487933919022106	-0.16957809476636562	0.5783099010997382	-0.2479275276705101	0.3148998167514969	0.08317077177061694	0.745754125701278	0.6020859271547021	0.29899238270051876	-0.7523922375654561	0.6908294141051582	0.46629421966998313	-0.5211523844517658	-0.07118437865506162	-0.09432406796563633	-1.2631035359573188	1.0029734944109823	0.0896492587574109	-1.0722103859698555	0.08016347901686578	0.708958799672638	0.28933865279677906	0.9259969458160275	0.5776816472038055	0.30712614473103245	8.31030226246486e-05	0.026817725759816568	-0.5096675533804436	0.5725714493458552	0.010262336840065065	0.20821010714640978	-1.0433710859642253	0.48769021484615627	-1.2031116385322198	-0.14277615973136284	-0.5619933303822814	0.9629973746894095	-0.7360643363375025	-0.09009293935862896	0.6186470988436231	0.5079161289392797	1.2626782729290242	0.20301367334192313	0.9037114523951377	-0.34284182914117	0.6313448274942639	0.06128637590100352	-0.6789484238381985	-0.3758108303866479	0.3296574304078094	-0.25969589166468365	0.11668650406424429	-0.1181925170249137	1.285641453915255	1.9203839950016957	-0.1678994166224972	0.8289611744042945	-0.16152622573906625	0.041866996953105105	-0.3588641475928178	0.46635003187275903	0.9142953924017777	0.862387461106203	0.7656718142607883	-0.4582304738287061	-1.017261211510229	0.05441933165616958	1.2217557653568822	0.48384427936640645	1.0180721165204354	-0.4684646792122583	-0.09624643577617183	-0.6945880034867149	0.1875957094439573
DTXSID6045666	-1.6981487941020823	0.9325786719103601	-2.983767784349017	0.9094444545591845	0.061833398502437666	0.7751247029159692	1.2513813336388802	2.8171322721209275	-2.1381189879933586	3.8808878833155047	-0.038222538542221345	0.945721455876742	2.1739026775692696	0.3619374495960743	-0.9216711616676261	3.4110504909244583	4.3963679088750816	-3.5062047790649684	0.7030461314430138	1.805349779328412	2.382845757399312	-0.22697930799434102	2.0087454641457065	0.006378583266252842	-0.8652873303554037	-3.3916306010499433	0.952773786582045	0.054849461794836844	2.787813649107972	-2.513347375784976	0.8870804623021481	2.3643115111682764	-2.38600496238058	2.2962271585775067	-2.36934528293636	1.910664348441063	-1.0839844013528097	-1.4917221879584606	3.235187961705731	1.1822437196483186	1.5187904215105954	3.0584851094832777	-0.8442971266460115	-1.046376269779936	-0.02963488881176876	0.9763572757690998	0.2157061881274248	-1.692616411328903	-0.4470242550476574	-0.38850550309669585	-0.629432813506405	-1.5896337567650438	1.2304292963420294	-2.7636313269910673	0.4778382780163829	-1.14906397066681	0.3547005396316351	1.8809472461458854	-1.3168707685962167	0.9593551021025148	-0.7842506825890324	2.672452714077412	3.3418925077933848	0.08860646583685584	5.716581584185065	1.4921462264279457	2.403255089821827	0.6893918339205991	-0.6257224272804592	0.542634172914287	0.4666393495639379	-1.51525032180929	-0.9654871215830277	0.5483036755511983	0.870085280431113	0.3501864037227908	-0.5417167395526266	-1.622119420055416	-0.41097228806220926	-1.1544987741971442	0.18043568846725935	0.35239015166599413	0.06903349514075806	0.9299691754289308	-0.35826044317570493	-0.061967256832469966	-1.2070379904639195	-0.38598443912654734	0.44264705623670525	-0.39599985467786636	-0.421852210927112	0.7185413157425669	-0.24112155879755515	0.5807011933814898	-0.02405692297012294	-0.5726429014107978	-0.1474441551468357	-0.10988646223225348	-0.29229869732153657	0.10571896556099183
DTXSID2043747	20.138857646379854	10.870321926974267	-0.8176714366082325	1.1917294981281603	2.04010750441582	-5.281762103217135	-0.6751457352054152	1.1651913244712446	1.7075433667231141	-1.5004787427228479	2.4085116152466135	8.150516072458757	-3.9778941487912554	0.732890970771949	3.0440570557384707	0.19936777288604193	-2.925117117127088	-0.7770387823211884	0.5015575755538474	-1.3442333082494564	-0.046857204573513424	1.616559002586695	1.5100063331916214	-1.9867460185380812	1.791100669105841	-0.1377008295321545	2.28192888012197	-0.46557511941166146	0.13013339967047616	-2.1401883089407883	-0.5178229579386983	1.2645088947389722	2.2896334366670437	-3.9572870912808784	-3.792110306265867	-1.733785044396862	-0.29807044545262157	-1.4327282067092635	4.708885659862524	-1.6521631329379052	1.0328134439417274	-1.642931515884559	-0.013478037396916142	1.981474762570445	-1.9559329032525887	-2.441845300899236	-1.2430603061401537	0.4172029697915478	-0.9463414174437691	-0.1584245729658456	-0.25006473836239634	-1.4110931835478737	-0.3197727241024701	0.7329769695669099	-1.165131318060354	2.214053306710417	0.6931956858884891	1.937641117205626	-0.6737122631369548	-1.7865807516611556	4.157356548219911	0.9814752575235406	4.200788958527313	-1.1970555434196573	-3.1832930475807912	-1.4990503281820922	1.4733840417733952	1.8686371403736883	-0.42480367578796535	-1.6097050533708093	-2.160223521942403	-3.028607665210933	2.0250344791684305	0.08257633471400819	-1.7087901015548135	1.1833269716344215	0.2683450386773955	-1.6947192797214654	-1.1464960315340018	-0.3256353723494067	0.8886927830432411	0.33572702261393295	0.25723304825312965	1.2961560800460816	1.0198450777426153	0.2267774967994004	0.20622323209807725	-0.6197274001803783	0.903818873184624	1.5322715788552843	-1.4649876801854054	1.8860143033239027	1.2567818655838712	-1.4063181686130255	-0.5458586799604178	-0.17550984484386575	-1.1051447811371637	-0.44259813342689774	-1.3620805062516967	-0.07988637877341674
DTXSID8046119	3.4534116431280952	2.326217994210751	0.05273389065241328	0.09278414550973972	-3.7379388851816877	-1.8346324422273466	-0.8568598728446167	-0.24657401342467603	1.0692166237148628	-0.8351279102540279	-0.06832959870934359	-0.1929762664095292	-0.9873491071578995	1.0383348871570484	3.624876071370754	1.5973154345004201	-1.8110106318262886	0.7092170494537732	-0.16519340104983404	-0.32988522013243265	0.6832170590587126	-1.6591702963667994	0.02059724206739915	1.7472872673534894	-3.4675884531489536	0.32639224212932855	0.6057895643538719	0.6932839068973634	-1.084851215159076	-1.6296822472752148	-0.8341631167731427	0.6405593706176664	1.023054452486746	1.814595801150707	0.19641388216020042	-1.9644236338340184	-0.6091233214601176	0.8288263890808005	-1.0067998924163646	0.44207872041533663	-0.2890371160125874	0.9331611832405328	1.2541205380093532	-1.5952526484066576	-0.023304364029868185	0.5420477738765596	-0.9101630918109188	0.14338322855132202	0.39927527336985297	-0.15688796988718307	-0.08283513876709979	-0.06431811245779144	0.6309836120288062	-0.3218041090305113	-1.0399471268543976	1.2094785437960218	0.8841274674547444	0.9437041976387781	-0.6719597968872573	-0.03473515189266215	-0.17633201586072017	-1.5814758503886654	0.47768501879933256	-1.4655481095199703	0.6941858042772608	0.28484596979208193	-1.088676322787057	-1.4803111150353014	-0.31911244246714976	1.0232289232561764	0.6548745028605102	-1.033400349548055	-0.3222383466869874	1.2256448157415403	0.2532698741824952	0.3821362459128915	-0.2541564688222717	0.34004534692524585	-1.685282201600364	-0.5420518261712208	-0.9339862827673368	0.2623701961265664	-0.03433642441018547	-0.4990167222894669	0.010953845124759642	-1.613499459698071	1.0846429565251974	0.6068812120869647	-0.28828212527874186	0.2712213875691288	1.6235576920519263	0.6474463184571154	-0.6364201193895109	0.8552331542322	-0.4709623166580912	0.7224024082662737	0.9948002917960064	0.4089960345083928	0.8196624871875653	0.5313615064265887
DTXSID0023745	-2.059795277963955	-6.593022595253334	-3.2619028257020575	0.7044891010905306	-1.7302494164316873	-0.9601950722367384	-2.500572787906522	-0.6219626561856654	-0.30997633322213775	0.04645014052611657	0.392795417573714	-0.05445441682737984	0.91258318919023	-0.1060250403278596	-1.9296910753390397	1.3267612971173122	-0.07382895185181278	0.6042845014528435	-1.984510041114956	-1.393546776210629	-0.2149672225147261	-1.1289849717355869	0.9289607594686662	-0.20481235768037057	-2.1719592917832	-0.14911590715018083	-0.4590192673737791	0.7784033940460127	-0.053220487058455945	-0.8408685761622379	-0.11895747329309966	0.3984162090355811	0.020195507764072168	-0.3105262744643843	0.0884570692564411	-0.6699884596162543	1.8149082417406717	-0.30348453963307037	0.8318801619832641	-0.6987203926682416	-1.5911206670708447	0.7023103990970212	0.7641361811923866	1.9492980277624683	2.5607116128116214	0.36933038734221013	-1.8195760993539571	1.442383958555742	1.0668746027658633	-0.9331241462006786	-0.17428044544366567	1.5737215101348236	-1.5306363887348962	0.03944486965071932	-0.37059234486840387	-0.69784653068408	-1.6072080071122654	0.9685235469356978	-0.19955621575394616	0.052899337079473224	-0.8867349451924482	-0.6962496058793635	0.2932506409166097	-0.2571087638970826	0.7042364909112133	0.5633039023890651	-0.46917450074818146	1.7698107157363172	-0.16169349764217367	-0.5789815304878478	-0.5785337321202255	0.4698329456941328	-0.15024328726412262	-0.15838279612948744	-0.27719798671414986	0.3004601031971608	-0.4605438387730668	0.30483451343086954	0.16881198449893972	0.013641850700426415	-0.06607572958143094	0.7870257155929891	0.2700736073914257	0.3409929325158565	0.16922589385266504	0.061268193915996146	0.5636054980820616	-0.25480943269389994	0.018188341461824232	0.17435900907862603	-0.011203161539664242	-0.052574479494045936	0.5392377814700312	0.3454362459831038	-0.3487147250312685	0.39004769605528955	-0.14235293329652757	-0.27238219651119633	-0.2632250347176068	0.7241161411621823
DTXSID0028030	13.408071660069727	-0.951797485890483	5.885693650841299	-2.7429102707867	0.3842936332523994	-5.421930517362048	2.1826623613863223	2.1637871000087	1.898028119238656	0.43207429595082997	-0.9315096422776785	0.4046122215956338	0.2105970007201059	-0.42037059394282533	2.511777873506949	-0.015149419311436846	-3.6451930285572702	-1.5618113804270939	1.5433565112661443	3.1018473447366617	3.290519625546794	0.16057687864242384	3.32274261088359	-2.016030181269621	2.730534563314117	-1.2180839313445257	-3.985753112298926	-2.9001815667168063	0.8292133895757146	0.30084585003323305	-1.1990831816471985	-1.7543847695243198	-0.692699674188003	-1.590596643016476	0.8770384904918197	0.8755699242317916	3.290212173810989	-0.4849722555977838	-0.4593755607163179	-1.6879075215339197	1.240604940117043	-0.3609342732633288	-0.31830331914817306	0.36689659204041924	-0.011957145762947805	0.355913297065581	-0.5346828504927249	0.9044300160125583	0.31757046263356886	0.3854969738541042	0.08568168543418839	0.6707697765759729	-0.28603984588506537	0.7974634143273198	1.4597103756936711	-2.4247261895637617	0.5533097188765442	0.25662050854975815	0.09456305228716973	2.5548627777186983	-1.2849154949530581	2.8462134251891413	-1.6926129377096568	0.6605924787098855	-1.4898963618173378	-1.5018601939146712	1.8563237589128492	1.8018122987106338	-0.2531367107141734	-0.5556416084762504	3.844821509711874	1.206791531727467	1.4336598850922702	-3.4807323134705888	-1.8049534040791515	-0.3653902992724802	1.139884977204723	-3.3289721628665743	-1.7763994603499225	-1.2636725895930525	0.7219248919811125	-3.4365671446769146	-0.2968072782308287	0.9379338664837682	1.5517438158055472	-5.9186770558599955	1.24709143118147	-2.2070393717726624	0.4955947547648225	-0.5066975341672919	2.3398468264278955	0.10850372530339825	2.7917695054030585	-1.060024444527902	-1.7564990928275281	-1.2708039170934637	-0.7290651948550739	-0.2037667495843547	-0.08338316666557115	0.6740526373794098
DTXSID7044554	13.275444175087207	2.409213647383319	-8.298984794758944	-0.9954978026772636	2.2081004740738615	-1.803263249257541	-5.204622948614601	-3.4778128060240254	-6.2100466021480605	-3.514359432855032	3.325478037578392	-4.324192411619511	-1.672690303453913	-3.6689343878828597	2.2652594793855845	-0.5793892716559615	-0.6389906463322419	-1.9314351447674496	1.65329218995593	1.4903765451642337	-1.6586157099727268	-1.1604157027946593	0.1726440733326297	0.30041218929733554	-2.457236446926708	-2.1643492195523946	1.6790714313541062	0.7206332338873314	1.2489868991707564	0.8934604085876207	1.5078409663883405	-1.999274962363383	2.003153684178975	-0.7295863679587802	1.0930021048314964	1.3361293709885573	0.970978539878164	0.6334866039021395	-0.7337333798904955	-1.3391182087576257	0.8021804912646083	-0.7236612529234842	3.6420995972247585	-1.0199028953425275	-0.09613988325661352	0.8407787118891528	-2.0741878515161116	2.7263701145714894	0.681068152853552	0.206171326853975	0.8185674900093712	1.8036461678954003	0.508705597036822	1.71666061251257	1.003214491815999	1.9824369966825452	0.17976138884759157	2.053649555430901	2.3136857581403567	1.3415548133845125	0.06299542808474871	2.616021856758119	-1.985882110826535	-2.244369040840535	0.8367312701093279	0.7089397013209106	-0.2672635795042435	-0.410311141187731	-0.685072945309054	1.8273980930650084	1.5833535265137981	-1.7144650005393465	0.11851653333957306	-0.9341114458970641	-0.04580412260954084	-0.2000455259912764	-1.331397533763526	1.8122283738240397	1.5591937984315647	0.7665657063041983	1.910391341573014	1.1221373202839635	1.9725572450037565	-1.2778356811904816	-0.8357318863861244	-1.0726883009570725	1.7605392075051083	-1.176190771120514	-0.9152642853350109	-0.8713054188237817	-0.03481329987998467	-0.268853104272882	0.22843359931426768	0.094736480488117	-1.0826390864387956	-0.07031097630330062	3.597387321270687	-0.15385969804719196	2.6249656683031617	0.5586531530319825
DTXSID6047159	-1.9135920437014662	0.7932133178725962	1.744630806041188	0.6457907191477235	0.09774343412902664	-0.6206646182907871	-1.56602453672956	-0.7645995195722438	0.0736344025470556	-1.3016364801705527	-0.8846268114687676	0.11655889517186416	-0.30496270809333353	1.2981606659639173	-0.15502553695969978	0.2849441352987899	0.7256807257350976	0.05379995943851547	0.688200593219376	-0.7195982677530326	-0.3794787832071466	-0.5465852275699759	0.3678401256416121	0.24767671913312383	0.6144972812817175	-0.3354243759379788	-0.7371431189205364	-1.0192145699207567	-0.05726369752305059	-0.006176825934328771	-1.023014933239517	-0.4613747591660396	-0.0915161941966555	0.10965235168627935	1.3341551029083947	-0.0010998334630324992	0.7489774612020094	0.05804158267141408	-0.16324028004191782	0.09148217487986042	-0.2918720215663986	-0.07306704572377463	-0.05812933191092687	-0.3708060410594129	-0.49048330278357083	0.0011186097933143396	-0.1316573046032779	-0.2251428073800969	-0.1880697924618494	0.023545816998026357	0.07749649041320811	-0.15997395772354733	0.2275996412951282	-0.410805125772961	0.012713134984278751	0.24547506582780995	-0.31244551924039166	-0.27659238646342255	0.4562551810361148	0.09383551936059152	-0.042519244950371037	0.3280404794710022	0.17668926506011592	0.056231101775073365	0.3022069101676914	0.16128219314606218	-0.05986825129048803	0.01602226948156973	-0.4462061759047863	0.545324697046458	0.9128406733985664	-0.49296295834316	-0.048083172178248264	0.911943786608922	-0.31615624287671773	0.42454068679580614	-0.8616687673537533	0.6668201455126779	-0.11191539150514568	-0.053575620725324284	0.9175525298506115	0.4747936130426637	0.04499330115866733	-0.2877611023441171	0.090272188536961	-0.21942894670071947	-0.19969798711525594	-0.6314362231843693	-0.5712420681861217	0.4277242225583379	0.31990058579728864	0.6470851359091765	0.13422155492807733	-0.3784567369977211	-0.20944448141840188	-0.4294000958489434	0.07980261166943298	0.28116591588112305	-0.020204323897517994	-0.16755498882592162
DTXSID2042199	-3.896793756108607	-3.064629908447297	-1.3328732805140455	0.48901328719343384	4.266592962019276	0.18434972095925617	-0.6110858106075299	4.1348589823476845	2.495760280323817	-1.316016658477711	-2.27302962437811	-0.6946264774963959	0.4107781647460352	-1.7629698596035115	0.1080498847602854	-0.45057938819001564	-1.0140712069731515	-1.0126545893229009	-0.2295592046260233	1.3232065001607367	-1.775024065754792	0.5377921752601004	-1.1383706481483267	-1.061365770333279	0.35525007582734724	0.4024325631625474	0.09900664643651212	-0.8422904593111111	-0.6806429121816195	0.05277782531082121	0.36438361357235455	0.43146910307626846	0.3711510032056314	-0.8441759114555945	0.2683181518227682	-0.31304908065655057	0.7915065044342177	-0.3065553028579117	0.5891689045616404	1.1031237821454332	0.0923695304989414	0.8990816006922757	-0.1582507543006381	0.8665985732097645	0.043133459326386916	-0.12294479911966018	-0.13851055088132896	-0.45372957358827243	0.049056871310886895	0.27374829295684333	0.3782473413479606	-0.23883811090963672	-0.049747316521165416	0.30297995096565117	-0.47667621571293534	0.030659318461464066	0.07993567605752785	0.40938150698935	-0.13228944304552476	0.2625471523740677	0.220890132422481	0.8471649581015699	-0.20857141790828163	0.34107639476324103	-0.016474315784640724	0.19960826095587594	-0.22308538349320092	0.42439576514993727	-0.2531722277223248	0.38987306358727103	0.3639693954225058	0.5648412524734973	-0.6511868252344056	0.4897917392182767	0.948202750885153	-1.582581376196793	-1.2934288151788988	0.9076407098244436	-0.13833625684598444	-0.01957816597890451	0.5974955804104035	-1.9183226706667986	1.8176597352873547	-0.6348590278666708	-1.4183927088549757	-0.5158187814363949	0.25046404236554254	0.38439972773535513	-0.614325472593142	-0.5271922753779313	-0.4802026061486622	0.38670602567038337	-0.8337344811449777	1.2339246654204528	0.5748366443395325	-1.7374471510549034	-0.7580626854229133	-0.7598491275335655	-0.1005853242036559	0.7870022136371692
DTXSID8023183	30.155381693744868	-5.589736416198495	-0.5290844671965917	-0.9527156060429548	0.6778446804420166	-5.433570770032565	-2.941374090957207	2.7115893657421957	-1.6519492846395907	-5.979085747994685	-0.791098026389212	2.8686159119275505	-1.9750089282571972	6.4865517590456765	-2.4513814266171092	0.6326142000588922	0.05745736358698044	-1.1434038781491398	-0.02927012865289625	-2.939121918475395	0.1212344021715442	-1.5706037129823711	3.5593534879656716	-0.38499206292185784	-0.016436170686424313	-2.814025899574079	-3.043985922008251	-0.5478836336700266	-1.3908756534700093	-0.9932904634324256	-3.1334313043915025	-0.3683948741864652	2.8962843554099535	1.7088435583468962	-2.5065460959270416	-2.4851514680163214	0.5506526644189087	-1.6871764702721153	-1.577995094079245	0.5948182939804986	-1.2283353241129322	-0.056528076249563707	0.32308459228813136	0.7094314333930245	1.452668490407591	-0.06206713845283641	-1.9669777886140358	0.5227161424784327	0.5389490104371017	-2.30317664667052	-0.5176177173969432	0.02829869332544234	-1.4901181567584874	-0.48165204534242245	-0.13927507790391877	-0.13731436345106798	-1.4013646778538549	2.376299838027371	-0.3864967617193201	-1.4292356214434276	0.21262314199323637	-0.40619332600912544	0.30382226692192105	-1.2592735655675795	0.8735223502260633	0.4808457801189964	-3.3676753355973137	1.4845843004524693	-0.7415218860180945	-0.5181009001640443	-1.1171780798537985	1.5460149434218278	1.164311381527343	-2.0495043926024663	2.3710163065940817	-1.9824396514908367	1.0298724982471346	-1.596675928949474	1.590865088144994	-1.6529420755652762	1.0788038689687591	-1.7294732209303152	0.13795144861077804	-0.6965188724082779	-0.28002587485500885	0.6978529943906286	-1.639734458980778	-1.7973130663515988	1.1159282396153647	0.7968130872753157	0.4009094988300888	-2.2927644959262445	-0.3231986386045441	-0.2548741314384016	-1.7439721783246096	-0.5387046458271674	0.09233960828719162	0.20517156027780678	-0.2974534853465997	-0.6815013156517059
DTXSID7045996	-1.5389975811621999	1.8128941519871826	4.10900697408918	1.1067575240738758	-1.7610688793188036	0.2992354237702108	0.3635480898926283	-1.95131213506397	1.5342061215089189	0.6764080546362453	0.3705392393594653	-0.5809422345920247	0.5518855328747954	-1.1822662720863675	0.10219824322167785	-0.16307973717553975	0.27536150103268003	0.16790235102907086	0.4052566388056349	0.05955323395363269	-0.7427375420877476	-0.38486896219220446	-1.012597152984397	-0.20380645766754482	0.6142135036282749	-1.21714390726813	-0.7021336454898758	-0.1840969524848603	-0.31344454257672105	0.23286029338915912	-0.4592083161342929	0.5921889484801739	1.76529375898163	0.9038270617535741	0.3236491605236445	-0.12488995288763448	0.17379426234707177	0.21047559923689063	0.4296204588689965	-0.6715652497945346	0.3296717296920112	-0.20832461953145748	-0.5209226814078517	-0.5785769077242231	-0.421635789286552	0.7473652747828787	-0.06998822548689099	-0.10972665616635564	0.1627102110005326	-0.11616729580372823	0.06978982882857218	-0.33288993930890354	-0.15421564843408614	-0.11056690517031291	0.43741965508878583	0.8631967581458929	-0.1335054057453678	0.002390338997100055	-0.087470620215944	-0.22072252532467526	-0.08890105825288663	0.7833665240240226	0.21563280592530737	-0.44399167605895196	-0.17999397371424886	-0.8310733974493406	-0.01110686241425362	1.167896555406229	-0.03940534326383097	0.7781245974206543	0.24878404547231034	-0.007947052327491972	-0.9694745715528615	0.31845893620744137	0.2733949621956354	-0.13688333083457913	-0.33661017492384987	0.9015651032272695	0.6296748102960334	0.083281265676657	0.3242993076878215	1.0144912838109301	0.022610841413458406	0.5943865470485472	-0.20355368057858517	-0.22914736641874509	-0.39400667321065674	-0.10568062787724536	0.7534323222097643	-0.036262377321303926	0.7016413546549207	0.31448578702260993	0.3439632963580547	0.4271227428232453	-0.31277759876612593	0.2153727073120879	-0.34300211275157944	0.41531031801721285	-0.7190594420450661	-0.033755672223771016
DTXSID6020141	-5.107190699229345	1.6043157860428265	-0.24552637314442105	2.370726444095986	-1.1499265520278545	0.49912460603258024	-0.012514779250439263	-1.2602263205079725	0.8909460371698715	-1.8762285141009383	0.8716358196937161	-0.590389363481932	-1.0149880884584794	-0.5009643988381739	-0.6428721468858312	0.076281527545116	0.46034200853521345	-0.1816492104682767	0.15438537520495643	0.23949443913699625	-0.5761247666262014	-0.4738311129628489	0.9393351381632546	0.32109512896202325	-0.05897990638081323	-0.32138098415916294	-0.23858415026129104	1.8341792110442259	0.5901400778150415	-0.40876505943600644	0.7456552863352165	-0.40559341787335235	-2.4183151596796573	2.7203897120453373	-0.1580510041145301	2.4254449752429292	1.062504706177878	0.2330339306744165	3.4009214015836498	0.6294657683569221	-0.7073840512752169	1.7791524020976262	2.8180265470528805	-0.36570123592234954	2.367994038447871	0.26323187055638303	0.0862992412096483	-0.5206362027995589	-0.6839658249801901	-0.615446602345112	-0.06906927166017453	-1.1951328361865001	1.447267467919793	0.23680733257787204	-0.5613337427211353	1.2556315322952625	0.7913022580923983	-1.531754177866213	0.6491770491619896	-0.43980347679807696	1.1113164217250242	-0.8432391107169059	-1.8919306592058456	-0.5800404014176536	-3.086117382060298	-1.3729148538536518	-0.9600173128507258	-1.3099732035780614	-0.10054916327114344	0.301168459810228	0.3679356653472731	0.9866865685181845	0.8418344067141845	-0.7893499270879635	0.21050404435494696	-0.11703355564204503	0.19393519523950598	-0.2686856770821573	0.2135853668096198	-0.3097979690637505	-0.0990061972475379	-0.6298654602470468	0.44324985910878184	-0.13812668988661952	-0.4545651856361489	-0.17914574200920524	-0.043356181868366685	-0.17917061161900855	0.13180570606398168	0.34451347073279576	-0.3730793127176377	0.4783832345672234	0.08036649810940459	-0.06643833779007578	0.025966470914518886	-0.24980317268928776	0.08674467289835017	0.01877159462758722	0.2217074292288396	-0.01000317265899246
DTXSID1045619	7.133642284742445	1.7412442999878108	-1.1626551215917684	2.3521095005646613	1.4693156567965515	-1.8193291325395262	3.5185521261860155	0.7978767011912191	-0.38955509092766616	-1.7075533984417897	3.3389316242214564	-0.5715850355152939	0.29149894507660506	1.2263193741110745	6.338396980068295	-1.1962208064843565	-2.5741200812541076	0.9850906536919422	-1.7548737178985667	0.8667232679821617	-1.5602774657056016	1.1627639280482958	0.1332014749301636	-1.2046169263195499	2.09005642205846	0.40835702343544156	1.4478613506855398	0.07821275900497679	0.8103831781027964	-3.324013521259207	0.9912642297221366	-1.0286334089296933	0.34401893942398715	-5.37852080864479	-1.7236320018938347	-0.4366291863116533	-1.288682508022714	0.6519751269063659	3.550752739757893	1.697615524756437	1.808776468240231	-1.6404247230211626	2.6865678808296916	-0.012297497064565661	-0.20507201648304	-1.6896463779816648	-2.4480941561582976	2.0329382730998087	0.6897066458912452	-0.4773645454569672	0.43473323999407665	-0.9559641021417454	0.32763616046236127	1.211182721207887	-1.873866165078795	2.563774636572502	0.8350165893351571	3.287952653562138	1.3619704961405246	-1.4682464890798317	4.864097854091083	-0.28230740320022646	3.105905727688605	-2.621646972027218	-1.5379985062766748	1.023310284680635	0.6402766737198547	0.3575681207039861	-1.2294133091839425	-0.39241750091546135	1.5535466328417493	-1.2835101298279394	-0.21673327938679213	0.005354202814649786	-0.1684402617819462	-0.42340518296973856	0.1922852716116046	-1.4683651849060355	-0.21437547085984204	-0.3114873045426473	0.7004814709893408	1.1834388077124365	-0.6143236869280281	0.1947830543678636	1.0416593884428564	0.8745624465183016	-0.044528552798976766	-0.9071466451921402	-0.8808646000095443	0.969077475233585	1.5704518431466572	-0.19693236863164534	-0.3118248554510823	1.2947153236106075	-0.6738370919418131	2.6978366576110178	0.6406109923463191	0.9498498225747063	-0.4661528431734824	0.5162928029905611
DTXSID1027714	3.923392056901604	-0.35331521775556174	6.263710087767506	-6.206876752221525	-2.1557772744523325	-5.331546646459301	1.0091414927612659	-0.6479198369574329	0.4804966257492795	1.3403477779218753	0.7060504231458437	1.3377378683578107	2.3314205564628114	-1.6654442495591117	-3.0045990436162655	-0.846563391547574	-0.12492778278481291	-0.9272308808681706	-0.08475958668960744	0.26653787612490715	-0.3767945341820747	0.2849394355736359	0.3517346810182213	0.7693934196790134	-1.7108758826273835	0.6049408787980922	1.677128953635536	0.7224574161645416	0.5859663959536758	0.7780938915781109	1.5794269009867883	-0.7541390777196627	-0.04566332809712046	-0.715958994561508	-0.334349114036495	0.33064871494747705	-0.3513316961404455	-0.028370919259704884	0.19974483112917546	0.42564107922534533	0.2214032241211437	0.11107499414195353	0.3725084407713883	0.7055727060596285	0.3087030916174745	-0.5063606127634829	0.4082916262091263	-0.40828288547325575	0.05520878016703379	-0.08621269608721663	0.14012600273694817	-0.2173407875080605	0.174106490384423	0.20672261052610272	-0.11921798150056061	0.164172624866432	0.06734183697401518	-0.28397933391866986	0.3199903253888093	-0.013436675320657876	0.31199966281538954	-0.3016991609193082	-0.6329714033874445	0.39818389126543663	-0.17966281683164495	0.5091183263086517	0.6629398485989207	0.08663308196456435	-0.02051234260317053	-0.15927807569746505	0.070875129948855	0.09998792331462054	-0.4867538807330591	0.09116902980663265	1.1383602028049398	0.08620170740608493	0.11385875173958417	0.32969273396227894	-0.14928555219314293	0.27429416157383907	0.25398765730662654	0.7789702549336452	-0.30863868354793694	0.12916596624324198	0.08200491792830161	-0.004152682528515738	0.05197646587352732	-0.38074762687460917	0.2582233528930937	-0.1340402260089417	-0.1260625151289702	-0.6347209586265544	-0.32570740857638564	-0.23858986550501454	0.2213191841681949	-0.02201727660857741	-0.26956356845534296	-0.01142490835691207	0.2337221059333112	-0.1605816386236888
DTXSID00872663	3.810265002120151	5.367700826583582	-0.7744640071165544	1.8413079553598677	-0.26232153987215606	-0.0019895705708278147	-6.530694469693364	-4.322452320672039	-3.1988983314831003	-2.3995544767716788	-6.1431029892095825	-0.9600135801993416	7.302720529868321	-0.13620668631294197	-1.9596123972221746	0.08243673636651339	-4.151111794565542	-0.9709425478273611	-2.276291810452129	2.8230610800074216	0.9074533359813717	1.844769082916675	0.7673306745598151	-1.3707802886190437	1.098978542327174	1.4015479223713325	1.201587098974051	0.5245015320960588	-0.7237837513934873	-0.12477609361812693	0.07745996814777191	1.1451409023851755	0.2731486409400137	0.987576529523301	-1.0029517590423525	-0.6341046701781123	-1.0531701651245298	-0.1936053591502694	-0.4819125583457493	-0.5377716836162164	0.4661649547503863	-0.10056158374785167	0.050594757053172436	-0.15623715989855616	0.6470979100514284	-0.18274777045901172	-0.020169698687636357	-0.2580771410525306	-0.12983841894304093	0.3652954238421078	-0.0721312583263646	-0.48411019772325886	0.24255553586290066	0.2845249233562627	0.2690845575311192	0.4097530929651064	0.5292739004278761	0.31739604250441283	-0.4258143948588394	-0.5442778951507604	-0.1875802550142599	0.3146332040561519	-0.28112121390044525	1.2067070449699873	-0.18900921392454129	-1.0597262424081577	0.6246048043672672	-0.7475608872065008	0.9442346117447469	-0.720703627164205	-0.7852680852117897	-0.7999948132218062	0.5819171328716617	-0.43676927937419113	0.45558924653818744	-0.8753280954037308	0.7548865339253187	-0.13239634565489813	0.23387887536411575	0.6634699047265641	-0.07711935176711468	0.30006143196980184	-0.5256900866274907	-0.02236795267860356	-0.2688233858790823	1.0083402645167796	0.9222791136581407	-0.27016115311103583	0.7925927465948713	-1.0881132623795835	0.5116862557861962	-1.464040243088854	0.3826855995776281	0.24280815681300225	0.4714878739000447	-0.10744108425856358	0.6080882489988158	-0.2121196444604844	0.25509283425136126	-0.0744055225417269
DTXSID4049246	-0.5313409450054692	0.00040221290435277305	-1.7077908468840273	-3.734612461125083	0.7590860786013378	2.119470467276713	4.8150311323956245	-3.2231095796714144	1.2390216349572285	-1.6658889464167839	-0.5332818005847103	-1.024314647869247	-0.23340783727232128	-0.8804713133768709	-0.4225061587497308	-0.9619890076438257	1.1163742803800643	-0.03998356559834358	-0.8061512298428649	0.04039220343130786	-1.3697470501794318	-0.31901043789944755	-0.4917725203406529	-0.006690104664011377	0.4103469493242904	-0.8961242910734792	-0.03149094095776601	-1.4574643043537128	-0.03497035837850258	0.21379631764347182	-1.7890480386235228	1.7727869820956337	0.5286416227403086	-0.0026794845397284345	1.6870526203015042	0.5907411826383664	-0.2926754484338783	0.27459463154927977	0.9385238940883828	-0.37151904784361506	-1.3054254823006584	-0.7976423381900234	0.07343916414417226	-0.06520806198076105	0.056447183813296234	0.30430603115975124	0.6362804839234233	0.5498101617811559	-0.45359386654745604	0.5233358211758603	-0.3368680312969066	0.1924292764435777	-0.5247152101361467	-0.17906830680281577	0.10490884693450461	0.7079502527935946	-1.0365908601141367	-0.18094481925078532	-0.5036738200707944	0.9655178886654937	0.0015776338397270023	0.5437622171592417	0.8249889204269326	0.6082390190241401	-0.3386746752618525	0.20039421351630968	0.652507497919152	-0.9134318697263873	-0.24554517631264527	-0.6526418865263537	-0.43744344733230234	-0.0337790574055479	-0.8423172183200006	-0.13221021254588508	-0.1317468931668263	-0.013841260660020385	-0.8155495992380338	-1.1336518159849645	-0.8407633964443054	-0.3466848859701008	-0.515702562421179	-1.0022881866573812	0.5410709201782472	0.8507492690032042	0.9222590850214779	1.3393887123009132	-0.4234908328611267	0.8259648359412967	-1.362385944737685	0.7947212753649397	1.4861821985192447	-0.36854507669622877	-0.06476973451099832	0.6723679938604211	0.04965778855901055	-0.7327639195505274	-0.5557027523251508	0.7398359682669096	0.10006971950693051	-1.1587396440582287
DTXSID3022798	1.3856792280245578	0.15564831361258177	-1.1393495367098894	0.349353286226182	1.1462443885823068	1.4662958681255418	0.3293176152646661	2.2769071837900317	0.5361152188665627	-1.726496455392983	-1.284631596374585	-0.35644799063383964	-0.9518249640337615	-0.29816301299951437	-0.07957042466937234	-1.16553086083887	1.403456632561227	0.7347579018277716	-2.427601385561704	0.5761234107442393	2.0677885439308157	-0.8965577394080773	-1.038414463481819	-0.30113304074296554	1.7842760794739243	0.434216584658028	0.9078211906540817	-1.2237505857017836	-0.5973565531599698	-0.1655199846949824	0.21304063686466515	-0.7606079062046157	-1.3333483472185383	0.5611756406661285	-3.3479390291880065	-0.9580398106449175	0.3457696717943897	-0.0847405045527529	0.026140773645054037	2.7566671280672375	1.82998978914063	-2.2400763497778264	-0.7847966673702916	2.2916174865189114	1.0392638171803104	-1.2787952375628155	4.178329401301045	-1.426509959860737	1.2935364826004514	-0.8207426218272525	0.4809110244004336	2.9992329899096926	0.12823805263951485	-1.8659132542529446	1.6301698146678505	3.3648564976231814	-0.41432659007550626	2.3941243996385575	-2.3579021472681263	1.4050587290146515	-0.6484402615745378	-0.2882940825409224	-2.2525331337011063	-2.708319311939983	-0.24582982813939105	0.29182777736576265	-0.6813131413452366	0.8344842641726531	0.37661992187840293	0.25456928313894456	-0.010333830898657283	-0.29212201951197125	0.5800567510365694	0.33180180381877805	-0.1406215580389105	-0.01918389069421211	0.22973208326006403	0.3871766383359083	0.0005900524114564864	0.47737984194430366	0.4483099277623687	0.38282563591543156	0.3438516597289672	-0.3415726228128698	-1.4200820936491971	-0.09493762558791499	0.8909298383751314	0.2309350709967108	0.04217276070219166	-0.16242595557507092	0.11083060116822871	0.30622304647132986	-0.18624895162558383	-0.5608001156129873	0.09955459126548641	-0.7727284830605259	-0.04707987373717535	-0.09088473800978127	0.08606543043194928	-0.38123977620471367
DTXSID3045192	-1.1147863003533063	1.6631694941544506	-3.470696405945756	0.9010685628505452	-0.7154902551396473	2.2896584087073175	2.6276256258452184	-0.913342092662186	-0.024084227740378005	1.2528626074680194	0.1680675221037628	-0.9072370298386426	-0.1428129384490186	2.659537823183087	-0.7034555050976754	-2.5375776087696975	-0.32589550203498124	-0.705642283062027	0.7140934728735298	0.5220638433433124	-1.1965419406523963	-0.3069051364460419	0.8721731090356533	0.016797425921991824	-0.481193599089423	1.8736301518298808	0.49397274112953765	3.3586761918444568	-0.15097607828182183	0.7171238197425435	-0.4078067027859794	-2.5107826311522006	1.5716742128772594	0.5422992771339665	-1.2664094641304655	0.7793718337366693	1.8200331468593287	2.8059713724116166	-0.0870716813645481	-0.41029020300972435	-1.6015495796785884	-0.20399072259782236	-1.2521622051053698	-1.5861662503793679	0.29140099044238776	-0.08182158112475241	-0.10098477283939257	-0.6432093379279648	0.1336074552869231	0.19834430818729282	0.3743555909864152	0.6043922492391858	-0.23891137863119039	-0.33750023671390167	2.1426601415761404	-0.2094952198539075	2.5845236193504566	2.5569129088429627	1.2431599343802933	-0.12470251680908329	-0.7372483197522293	0.27301422550147053	0.9185868378236266	0.625962029148687	-0.04404951423206934	-1.032921292560238	-0.38389390558524594	0.6375404710468493	-0.8697162222403019	-0.5580840531846988	0.6789451222199078	-0.02042525150933703	-0.44527423219534723	1.5044912540075392	-0.16788416093931402	1.1488455381928604	-0.18615078757743653	0.45667976358641	-0.8122738566646491	0.6708419807308993	0.8316308676004327	-0.39028240170027634	0.6841280198209497	0.6966994067985062	-0.01731265491108284	0.213827803724583	-0.2573390911602431	0.2289594847875331	-0.955780695509195	-0.30099508626446825	0.9583595257342161	-0.3223468862678173	-0.8967024695631363	0.6005188837713142	-0.71668061368668	0.09290168758108827	0.1981129017151108	0.3223203616199279	0.5563556589655964	-0.37791027824327866
DTXSID3041372	-1.5868404140613968	0.05341517941007647	-2.7949210511640517	-0.11312727475464543	2.1744836441909725	2.192960346818938	-1.8849496775988592	0.9968298836623923	-2.602679983214505	-0.4759274641621735	3.278820947157947	4.085115454539029	1.3060355787237419	-1.7470877696202451	1.2235013393173235	-2.36397113631755	0.5561271670420397	0.14028229119912713	-0.1549723203163916	-0.4687153936077421	0.6307097679344079	-0.20043855255943424	0.06373969648092032	0.9514610452713285	-0.38669754230768155	-0.7020559196044325	-0.1969368995929725	-0.601703809629739	0.2974257564645799	-0.2735643573005875	-0.42317535938948037	0.09228533609072742	-0.07224898448103577	-1.2510643580567782	-0.42217026524978163	1.034745240274547	-0.5248668425328104	0.38010307065775334	-0.7187491378143263	-0.32499531171122076	0.07554525770932599	-0.10530686932831484	1.274106537236443	-1.0075685407070827	-0.03453213469844817	-0.267942050303727	-0.9485932981210765	0.9135543253202671	-0.2113845281195222	-0.051812423049884086	0.12658180373024117	0.7545939097219557	0.1459612977030968	0.3089112945969234	0.020670091758901162	0.3564223879756718	-0.04983048647806915	0.8878165149848898	0.793754535427474	0.4067408485872167	1.0859878518620654	0.8769305850578965	-0.8103561196548528	-0.4877126934667769	0.5337820179179471	0.7024284688316017	0.6218647225358835	-0.4444225925836166	0.47680330221415096	0.2929416224231319	0.09642021719981755	0.17456760488607584	0.3502201583058079	-0.03147760469521059	-0.3627384536222793	-0.4627792091408809	0.037449983375417537	-0.28376418339431336	0.5135408659246607	0.7188561739303205	-0.2157500438058692	0.35879939807131983	0.3120592733527587	-0.8494088770441618	-0.2754169432134619	-0.8784276422263693	-1.001681362453924	0.8873184673743514	-1.109501894481891	-1.1405839733800274	0.35980085630397945	-0.3438988772185753	0.2247345292776553	-0.35453449364965467	-0.21494422204864289	0.5752744145362976	-0.05212397183805675	0.05991910875712058	0.07782525030970956	0.10454736281835
DTXSID3048578	11.978940540468752	3.264797709139709	-7.552785926900988	2.6164718006932928	5.826242502394626	-4.554249168026224	3.7472422309641704	0.4313353199311894	-5.533250798041254	3.803060555807721	4.72828688225069	-2.778346519780019	3.29640429290879	2.555658289624947	0.6136045877211661	-3.677319796353922	-0.022796065578245706	-0.3988018172773285	1.4708848067188263	1.4066797453896422	-3.1232515695684433	0.18910066390821834	-1.6442392515402282	0.017094618973467778	-0.2171711109462425	0.7425263277674765	-0.30355741506178713	1.2749071108618444	0.4774216916540854	-0.5236403302957364	0.4121488771221725	-0.7694677368415386	2.2648625258293933	-0.4122990385092875	2.516932258510083	-4.292496733496395	4.467831194178383	-1.841996901411468	0.23144505725436368	0.11912286117966982	3.5346729069246807	-0.288232885726659	-0.6697826266805175	-2.710103120244366	3.091069686131482	1.7012592676209057	2.6800757162660656	1.574008441703013	-1.141433570700357	0.9244835218351957	-0.662131724117895	0.7682488857577631	-1.1506949406167255	-2.657970449258864	1.3317930775129956	0.4504382959005385	-0.10593148407206852	0.3207200188168116	-3.8627666965093463	-0.257623333637185	1.4814596174594905	0.7621314178055539	1.3878112040348838	3.2226464816876432	-0.10895101654418773	-0.7869113582241771	-3.14396986052371	0.44296718262815404	3.364335823448361	2.1746521302416655	-1.1317626368721023	0.4589033298889621	3.3410470952803273	-0.7640820308150832	0.5599451076696074	-1.1001968804778672	-0.14560170338727674	0.15849651114226487	0.41969872849884887	-0.501464381641689	-0.22609805140115238	-0.4602488812878532	-0.9492627993040049	-1.1716157181635753	0.7586681702976114	-0.2120703324095568	0.673392731214888	0.20574256497390697	0.8890844058819677	1.0396540852271783	-2.08686230817659	1.0121374169222996	0.6163275775440124	-1.2126993118357072	1.1054274773115933	-0.31491694091404177	-0.09783027878034548	-0.8790952627004934	-0.025694441624403007	-0.030942376463254578
DTXSID5046776	1.7862785771502667	4.776473500958653	-3.3974996623900218	2.0079276927206005	0.8551824622182679	-0.48405486669299286	0.6744729973426374	-2.1785395237029856	-1.4316932314982498	-2.9019038379200333	2.8397190424578747	-0.9793020693002904	1.588004551245648	-0.2668471968897161	0.928979209334328	-1.3941265899213484	1.2120131093525262	0.11634632660948573	0.195974760745472	0.9943963933347224	-0.3931972410768716	-0.6311800788118687	-2.2588544768961563	1.292060245398607	-1.0037640522784226	0.15587600361071102	-0.2624756152463467	1.1829447331631975	0.47138095067297553	-0.3628105630206896	1.4693403326638315	-0.4062041902663892	0.3647936301975273	-1.1929690284541807	-0.3102459847154803	0.015157669887073323	0.4601915599168814	0.5562857865448108	-0.5306254913675744	-0.7438259288688616	1.2091304298558214	0.7391379339483294	0.0259081753052963	-0.8630901565531142	-0.08466171077736294	0.9280555858327595	-1.081939310750033	0.43344634921137315	-0.10101371699179366	-0.46730154581791916	0.2732246594090202	0.7005378027201183	-0.3337263270654042	0.8135633156997262	0.01390012793169008	0.623647729603183	0.09678785364225788	2.014855979668039	0.12807837257937196	0.38424300059781924	0.632392646530425	1.981924103934904	-1.2942508729778528	-0.534433686327151	-0.2639996013581582	-0.15817294267755502	-0.6291880252679299	-0.6927073692887761	-0.4726219239764665	1.4246611946598418	0.8890221568312414	-1.1244289118001338	0.014430266630857487	0.21180005307320926	0.9541549031760651	-0.5074308650176108	-0.6127814634655745	1.0481343444869018	1.4434864815290886	-0.7431324545725837	-0.9810789702214268	1.084091525726666	-0.4968728837203051	-0.24314924856184633	-0.5993557853057052	-0.24774588803705788	0.021229119542635937	-0.232681785791316	0.23903982361549717	-0.22759738999999918	0.35147055403469146	-0.7828724171959154	0.6877533038793571	0.6479278052642566	-0.7956707614579231	0.20794494272625147	-0.42217311130377955	0.9552437726267582	-1.9091372318445878	-0.9136264341326178
DTXSID7045366	3.1903926918374697	4.956445298455431	-3.1131562326370137	3.6326539226433026	3.58308260878299	-2.425114292113818	3.678298430745028	0.24011069459751794	-0.09263328639275153	-2.161220616902326	0.3762143318570088	0.6846159365154557	-0.09954027980197941	0.4463180300134826	-0.10069894998872303	0.4756742583143633	-1.0317680131604892	0.8046065997056192	-0.31572397705775535	0.6909728441768257	-1.6260253110936733	-0.5860773705287312	0.04265446997535808	0.1505156092696934	1.1003173290334722	-1.318290458579808	-0.4691626798416324	0.5569135784715334	1.2957698761645924	-0.6548683617492105	2.1707495508918053	-1.5455926816910475	-0.9634654932906035	-0.03597594349131246	0.7862357211463286	0.3169450379552031	-0.591154032496335	0.059533797257817586	-1.7817074714375007	0.11056736010556818	0.18195487799049345	-0.1504062309038474	0.061513466646171626	0.631139766512814	0.1974854510484427	-0.28685940595051895	-0.050465509579006085	-1.1305668848180754	0.3728543777436433	0.10626218810909364	-0.02081616818216669	-0.8375813819326621	-0.3582135052223327	-0.5205351726848202	-1.0917055832161056	-0.1388388950199418	-0.3610376443122866	0.15137464417389332	-0.25241318237566274	0.036047335743959186	-1.1854685732480454	-0.6953768776592879	0.9188995751453398	-0.1297379269920378	-0.42294077063119656	-0.2857068764370929	-1.0402988430571667	-0.1356590531613867	0.7166010692740029	-0.7655227391739376	-0.3793663236042246	0.08571031829529982	0.29032593504496396	-0.18423732228395687	0.5743812332618417	-0.9330539450341924	0.5641572622876567	1.9446531998567185	0.4421688619093224	-0.0688059309038152	-1.8678997051213422	-0.2791585825696759	-0.8477910871870877	-0.08877171861826202	0.193210057759291	-0.09226891382967606	-0.10812268700476829	-0.4377938283449787	-0.25389767604218483	-0.0830704692078318	0.00623802491009799	0.04277448367584861	0.8520432823458794	-0.14455296490909034	-0.2668864888846816	0.10298622521200101	0.3618232667554317	0.23788393041212558	-0.4218932620848391	-1.1101505643038758
DTXSID7047803	11.266804759999637	-5.991744029297791	-2.295954018795635	0.927444449524827	-2.002296009978157	-2.074161143150974	1.5134159660286197	3.3409327174270254	1.3377939740050782	0.5909589738636181	-0.69844335378567	1.074250224261439	1.4425006993830636	-0.7778651450960499	2.7163322373886403	1.177398121367655	-1.3135100563873556	-0.07939572081191504	-2.157234830348642	-0.16560980419850957	0.5054102675311192	-1.3196116026758695	3.0549639402997473	-0.07556911135938243	-2.7943677812437047	2.647571288496299	-1.3495833591622284	1.3775758352243355	-2.7206803332226435	-0.6027376035043455	-1.7042994135521754	-1.8613419406797487	-0.0640626906904349	0.40044767939684545	0.8898399921888244	0.9094061514422996	0.11948626052520793	-1.4597843061568734	-1.3280258269154963	-0.2935689235688901	1.0439759969628786	0.7761242674550985	1.6077876605194834	-0.28915113643596974	-0.25957171442539567	2.02218174125428	-0.14882390910716176	-0.2972444124651134	0.25639240504511257	-0.279774471883594	-0.25524006105153957	0.11025710625354626	0.5507247158677637	0.19150096819740414	-0.044793052661403814	-0.24742110755919192	-0.10758224028711162	1.0577310586979376	-1.6679455802184382	-0.09142033117573962	-0.4194115718346991	0.535367213537623	-0.16450161360551932	-0.16398394591938945	-1.018432288433021	2.0825716079198067	-1.196796918762783	0.13705896690169217	-0.0125157392418817	-0.10297572562698931	0.7898753593359256	-0.7034609648678481	-3.2983724072246243	-0.7929304286995564	-0.9043851022699114	-2.8543020035840687	-0.11623639196301018	-0.7809248987982829	2.4057002499576683	-0.3661903108958304	0.15597727959686428	0.6635317445577537	0.07464193451835706	1.0614384331310476	-1.1299407564991661	3.8593460086940063	-0.9573290018041017	0.6743554288449615	-1.8208618132339995	1.2844601961152629	0.027146868117068616	1.4251884184683963	-2.0372887387675527	-1.038933102946951	-0.47702988411395963	0.7197783194061712	0.7323227326128621	0.23829146795316547	-0.5379103876151203	-0.7025146268707313
DTXSID8051540	-1.0659449237926395	-0.8693227833950382	3.3622633939265407	-1.2586968788514115	0.5591404026931728	-1.7516156812898436	-0.4640664092790769	-0.25428888813053224	-0.04529445961401114	-0.5287935603262001	-0.2587903477168191	0.09868267989811122	-0.11237150996627857	1.0748449769688404	-0.7091080403292755	-0.12155344247326275	0.29849442184937747	-0.23365382645617994	0.187842775621502	-0.8037247046396904	-0.07408751445115797	-0.31379316021820086	1.4518340771452893	-0.11426069771746386	0.44535352764552555	-0.6042209761593901	-0.36210525145813344	-0.3267928945053982	-0.05036158986459477	-0.09484776564362438	-0.08474336654569024	0.47597153395190295	0.9443740236631741	-0.1759481901355787	-1.1752119103998193	-0.4113246112205838	0.666425297732314	-0.9001240085431215	-0.5070463708556281	-0.47569387340171115	0.4218285458603623	-0.3249910913957027	0.00436571945239673	0.15942700009826766	0.020029235457258578	-0.45487196950607084	-0.4543150080474283	-0.09274295237019298	0.0997205234308915	0.2700065901605519	-0.09579828587319694	-0.5343581286833163	0.24048248539454617	-0.04623877986587245	0.21163115748070035	0.413354151291761	0.2551847788298824	-0.14518068556599686	0.18351032316642973	0.5176972387498558	-0.5473539819155064	0.5545554289211513	0.1879910726743448	0.9101134672669665	-0.8508394838657568	-0.6736465413877923	0.9740383919330879	-0.9822056377208606	0.043878305906953706	-0.03373361474324814	0.11261294010717053	0.011815658331939014	-0.16945843010252415	0.3021444345304547	-0.08636964750299203	-0.21505922395859578	-0.19946644317775009	0.3652480173330846	0.3719113854703551	0.03791456634824149	-0.039180887298157545	0.0005056630779107363	0.1250317893495161	-0.08281015451369318	-0.30529116503720577	-0.02950973900691428	-0.10752232640464687	-0.053081432968096164	0.12756969871952345	0.2665139525866318	0.8180875202717566	0.2821695846312421	-0.09747448091137687	-0.018397830777710702	-0.22873845179231256	0.00048224697960971326	0.44619186448250947	-0.11524327381577512	0.1873986256078129	0.45439229325036323
DTXSID4048856	3.2404557410054755	0.3869320001936453	1.4564087214945618	-0.9846271213739206	1.1350474890329714	2.4767948359308822	1.1035315531972663	0.26340868464148176	2.3167283800754355	-0.8252058117445629	0.5401897055548915	0.1507827874846244	-0.4350600578936736	1.8854424239571665	2.06623499066536	0.7445374473775168	-2.485317237913394	-0.49970672734249655	-1.007959428389844	2.736512049787429	1.3172381327734244	-0.35771157557472455	2.4406708997218294	0.4549178802745751	0.04536332660212119	1.4829623153598868	0.41578296774838097	-0.5355764438457068	-1.0889558701332123	-0.3337411233897281	-0.05578508873040262	-0.08259310050704219	-0.39830352701296984	0.00854460288515763	1.2669923299930859	1.2581790927705858	1.4564560373195585	0.2537710724775138	-0.277413775268136	-0.2854422550245836	0.8295604402198261	-0.4865082423064417	-0.5006184218500905	-1.249653728850475	-0.16116979940611742	0.08053902219640564	0.13277839964078242	0.6316072223744852	-0.19735226836923672	0.0968075388912065	-0.018720753134690137	0.9169477498129504	0.07009713829569715	-0.2140398341786115	0.6969883173915885	-0.9946901441190452	0.30133127568253315	0.21706456500175755	0.12192658193008343	-0.2448550310108457	0.04739654750944406	0.2427481994530781	-0.9894884806530789	-0.5027748707214538	-0.2340148317397927	0.4429186914382841	1.2265725240732714	0.11247423280254784	0.021351260647749188	-0.4441452891129798	-0.3327828514778244	-0.7144489499518902	-0.23159958928296628	-0.4936731426541127	-0.422361095441577	1.0589704806597653	0.03621657648234425	0.41282948365790856	2.6514151375171138	0.40794404659977934	-0.7552829082603835	0.5528308008857832	-0.3800358040415455	0.17672113022188843	-1.1407616094056872	3.657341580609695	-0.7034649340754238	1.5486884837319952	-0.9313856159888377	0.173052615770473	-1.106023177066704	0.6871810421987216	-0.9184004032967887	-0.07097923004786065	-0.12762254009828725	0.15693579897807042	0.2675274708012088	-0.4283922297441763	-0.4507078630144091	-0.43480144315751645
DTXSID3025889	-5.449789881118319	0.35141713704826355	-1.199961956099582	1.4366384404527144	-0.44424167508074097	-0.15289325363691267	-1.3819919611600213	-0.40119920712011875	1.121277818963372	0.8084406958948551	0.4955735709352495	-0.16195715139670927	-0.30654720892290566	0.10167781104334563	-0.5307485247334024	0.9042530936733771	0.21339589629675704	0.567174541536511	0.3700066267355963	0.13624533541645167	0.6600451263030294	0.208439600463915	0.18365986204330018	0.23335966040617068	0.06196532005554572	-0.002367107859783191	0.6614738767241191	0.3141943618081873	0.35800631476315087	0.2324280696149814	-0.12021122624976988	-0.6320956509608856	-0.651567153518776	-0.4808094594720924	0.23375262177298775	0.8779695865702031	-0.1565953869224083	-0.08163455478005467	-0.11141164371079576	0.26514812871928134	-0.41808297924186655	0.4064704606922954	0.12117194543158397	0.4162149804698079	0.41435657265885095	-0.33854891672465165	0.4412800650963374	-0.6254302567541947	-0.15273246678306754	0.2826691368981986	0.10252233180775637	-0.13351045617368076	0.21223323284732667	-0.06686112939119573	-0.6966287618984635	0.06241871115164507	-0.2959364538711732	-0.3316030586183617	-0.0063642574380342685	0.5700393041571665	-0.26387203703081336	-0.42573595172291745	0.9616362581404121	0.11183843127543383	-0.0891452932065898	0.2873200059912281	-0.031786207541411655	-0.4830537706589291	0.2920626157468566	-0.037258544853642626	-0.5724187499072045	0.7428415015229238	0.05785909508124656	-0.15458275347100658	0.11531584645288429	-0.3371561076623888	-0.0398348329497946	0.02137624444591312	-0.10846773934991863	0.07264740715051995	0.011829212322534276	-0.20374536858335407	-0.241328958112924	0.1160552183303678	0.5150453900730151	-0.037565102336367624	-0.29726185028501906	0.09644993094179216	0.2426443894239493	0.3375784302169381	0.5159428913767132	-0.4008525552944732	0.030854906958791325	-0.5369346263018134	0.1852309751602917	-0.38845731618744506	-0.009955282266818561	-0.14927392629942407	0.14836843163603528	-0.5092322195700092
DTXSID5031210	-5.416933383772774	-3.76420686785312	0.13734714301366396	0.049060197886648206	-1.4322764980376546	-1.0562920643828062	0.04851630317030043	0.366283819631611	0.30620939906662703	0.0368325273604799	-0.15658165598088258	0.09340246964066781	-0.13017475884552998	1.1173567807147007	2.057482004961984	1.2970424764977944	-1.175261761235686	0.992754782348612	-0.7889057512991371	-1.0238722873126713	-0.3868129062444508	-0.5572361545584099	0.17081349072199378	-0.08907667812524765	-1.049534059157301	0.18983050946575356	0.2278890247543855	0.2975387847429813	-0.08067640889495072	-1.2438088329974322	-0.44465651697501984	0.11724789523358782	0.3490158013918731	0.19382327725687085	-0.29117304844424	-1.0759473183749866	-1.263204974079745	0.3105021773642902	-1.0113136210430014	1.0186285256953806	0.2264645076892008	0.6233515142741541	0.32000799912462513	-0.8411722801100315	0.3750011712313565	0.47069835961229906	0.021444247282825343	-0.05085915966358712	0.19789765337337514	-0.5124321267906717	-0.13795225286941137	-0.5472808419768264	0.30848899316352846	-0.013150313491601277	-0.17563761304294712	0.21659085901666938	0.1518310745912907	1.3943465577793301	-0.47971645982864625	-0.16096042591995535	0.27703581326100296	-1.1446813361210184	-0.30928203169888574	-0.25880196406548944	0.16890923915622394	0.5986822214162542	-0.7063805047704508	-1.0772706307204667	-0.31423763230899227	-0.028693272881130934	1.6742859736169105	0.8728260850176283	-0.3987417133999078	-1.1034240666564135	0.8022452803475226	-0.9418813327774805	-0.33084025994980565	-0.9477635570785213	-0.5587517716695342	0.34727840532821846	0.42918158883028346	0.5286201740217179	-0.41561142189798433	-0.22843178619794252	0.4676307060592184	0.6005510394858962	0.5464628820222452	-0.9994100675310134	-0.09873559232820034	0.021333153869167225	0.21772593585380381	-0.22155636548691832	-0.5902798006249904	-0.3760593019298635	0.2268067676572204	-0.02533421712719233	-0.2119287094432123	-0.09512731109392213	-0.3323686773028673	0.058458618104745806
DTXSID1022683	9.979300112174391	6.203191412119472	0.40468160466086356	0.6399001017419235	-0.3558873509174592	-3.025128647543444	-2.942869787656673	-0.643601465146794	0.1209546606279154	-1.7296404702764265	-0.9498053649375618	0.0517116966450607	-0.02138130807251657	2.7998411715557268	-0.36617750340892624	1.600321596738788	0.586642643537672	0.7547458752023113	0.38080677435937316	-1.099684291669434	0.9528698262485278	-1.920692382592883	0.5396005863630191	0.3921301412379735	-0.37158792104914984	-1.4321994254040846	-1.4102721484453276	-2.1630645911502677	0.3653725903905527	-1.78457877394802	-2.072687258033274	-0.9242155180385212	-0.4421715677456695	-3.060154004160763	1.2723415272779606	2.0047294026014097	3.037042176382976	2.4193790511484448	1.749623279370653	-6.1786378307218675	1.8503566163331227	-2.337654524685416	-1.0002349043831593	1.6315405553616036	-1.428198324139727	1.392699939241342	0.8045587549498991	-0.7374603558103652	-2.8436579897998806	-1.602698667693846	-1.840269366285583	-4.24469266444657	-1.423162422191748	0.32606861970771706	4.572227256635932	5.350207830535627	-1.4464099660086118	-1.0468434027211615	1.310339852602908	-4.884467752460668	-3.700489509963787	-0.837676944673705	-1.4440061243837452	0.2864750914781765	4.586735907849625	0.5777056055736165	-2.93602066471937	-1.7279919377968735	0.050256952623781166	0.94994360037359	0.47401619528073086	0.04161858650804748	-0.30116463952005496	1.5357964203596177	-0.22315387069128279	-0.5771350894960168	-0.8861673178612456	-0.26145763260499755	-1.13377616408964	-0.1620822296175708	1.0122392943055623	0.634095167539588	0.004353664457084366	-0.9323470563397049	-0.03475777178211964	-0.6191395106313052	1.8395779885903418	-0.7748150763725593	0.3101410755243104	0.15135210423719475	-0.637560704354278	-0.1702152879696037	-0.4255965939750407	-1.2846226433459078	1.092009667721284	0.06472528342814941	-2.0509490302457425	-0.9707689716315376	-0.16235651066133663	-0.1988733979462322
DTXSID2025551	-3.404430468072762	0.9523269244179866	0.16877536390301331	1.3799404018109145	-0.20999683121008722	-0.743487400237938	-1.9619451363329936	-0.6549747998588544	0.09215703573770992	-2.130616587055748	-0.6538945255569981	0.14813625885578025	-0.2853850058487419	1.60012778128715	-0.33735161658913065	0.20123951739736906	0.30361651455890487	0.08994092921400466	0.6226649220495979	-0.5239937500791148	-0.1823737339759994	-0.5511879306962361	1.180868223777922	0.9998955993287253	-0.5927494063058171	-0.15439584070531337	1.053686024242058	0.9587143529538176	-0.22550374647240107	0.6614870451142912	0.19356375967103345	-0.7269653578462708	0.8342669216136319	0.31390557856572077	0.021642127500383353	-0.7255577857899418	2.0716918006895066	-2.099078504984613	1.1992653277311418	0.10930460228084897	-2.211327973360283	0.7029740905202734	0.5961189361518187	2.267048035950671	2.2512354140118105	-0.8256058329739104	-2.099263970315809	0.8583428456522187	0.8715014165009304	-1.077957576539354	0.06680088872164985	1.1104623970862182	-1.4894439066411767	0.06875258397199598	0.1470753110836698	-0.8917825119729673	-1.6978940482304912	1.01811807498171	1.0956082723690335	-0.24263167651539763	-0.8404455612856531	-0.16276409518463023	0.18434567361581625	-1.3456701970243043	0.958016837242633	1.0036309804216983	-0.6105876907049614	0.27076064925947974	0.15653607238717637	-0.49610101594832445	-0.5990082600169543	0.22253843095912298	-0.18082264515170482	-0.7223051111903278	0.560016905219627	-0.30192920734883977	0.17123663249961618	-0.6339309703222181	0.28685941700818113	-0.5190865371861455	-1.0699879767071259	0.5338854989423913	-0.13631987610987392	0.519179152473055	0.031196576642989218	-0.1812943371826018	-0.34825029200239155	0.10496745929985576	0.13295638418502198	-0.08148746561378716	0.056053759809934156	-0.12626718118135388	0.20974802428571943	0.24024272828113527	0.2357458927821319	-0.2420410358559879	0.18638770099214017	-0.08529245759729437	-0.09820242598919242	0.006567219948248454
DTXSID6026082	-4.509218611944452	-0.6642808252047253	0.9559412323474477	-3.7387593148090774	-2.389506057914796	4.465463855722371	0.6603190728164517	3.4915628136027013	-0.2027479660880319	0.5427084328363568	0.2511535354579621	-0.27742742314681473	0.5947846744280023	-1.8806130278283821	-0.2848335623051658	0.2577916155037585	-1.0199201113996819	-0.4043915827977099	-0.5609369929382283	-0.6370528836593011	-0.048578876217635035	0.0532045417675968	0.5050665432885704	-0.9308977102418569	0.09586918629757737	-0.4763149486121614	-0.0342410770606637	0.43373057694668493	-0.46811571122241896	0.26226054584625186	-0.4525126468264269	0.40554763030651014	1.1497323348905633	0.03604391770553416	0.18063613808782483	-0.4271435472892138	-0.2942098724995941	-0.5941654561556134	0.32587579257095384	-0.4369162494078856	0.04997734874709645	0.2949933961148357	-0.3352074773946799	-0.24703497173213268	-0.24792178394109576	-0.13430281791302665	-0.2992989067473203	0.19832681897199725	0.29569115309544575	0.010409181172986231	0.12865370723088732	0.0629608089109547	0.2669863947613635	0.07698598195545328	0.5500612794691496	0.21339599067353227	0.6163378586291491	0.4643768592439543	-0.12541769640278008	0.1241896300214293	-0.8041265950103005	0.04190411150043201	-0.3810748965536146	-0.606365631410481	-0.12863273729780422	0.23286082472937722	0.4637948424159114	0.5401974085329314	-0.4117681419453119	0.7456071313289475	-0.45236425980435835	0.6083203764090799	-0.05094073974989362	-0.25100778428969744	-1.302474314465531	-0.21862429965254843	-0.8376142891186241	0.21339305279936135	-1.0722563954373154	0.47908330614195094	-0.5543902832895301	-2.2562271423740277	-1.1750884973849958	-1.2840325811363165	0.22255605015316646	1.0770238778075862	-0.6324625137712971	-0.23440495237006415	0.34720630686042186	-0.4192509600730162	-0.025644832274242205	1.4937232411815993	1.7774671257408088	0.2567670112500558	0.7441566830509204	0.649710735520616	1.3757574166886897	1.6032852824744095	-0.23994051375636363	-0.6159852267353029
DTXSID2023723	-3.576550383703604	-5.572143847539823	-2.9204570368284966	-0.3148777394327559	-2.718929096071246	-1.151561863502461	-1.6981127181173605	-0.28353079321183056	-0.038124824603892	2.525142533084056	0.541469867820776	-0.24394145889566227	0.25067074852877547	0.120355977860135	-1.27496416934452	0.7111254304275483	-0.71658079087591	0.7013181543000038	-0.7024755947956934	-0.1353855846017887	0.00977459710813344	-0.10507258333948728	-1.8317615818422754	-0.5171372931883069	-1.880232207650842	0.10518049852266062	-0.49319318310409604	0.7803485601528132	0.19492939145457322	-0.9196285801478201	0.11746553170323266	0.5262189583949953	-0.645689902717769	0.07577905657750503	0.28887078393206733	0.0610855214438016	-0.17016368505865426	0.6672185428893302	0.4371714863382558	-0.4432536596002942	-0.11621664983811268	-0.24536143125321083	0.5202474616734234	0.3607379913125192	0.06797322761596743	0.2787338783747154	-0.03725961958604606	-0.3425526061815928	-0.033032603542315964	0.02956726360367472	-0.030274953770472093	-0.10936968988683886	-0.19175638509191112	-0.13377382172316923	-0.3448527104925345	0.058003800087768204	-0.1227443128637034	-0.3131220664633041	-0.17402333489391536	0.250637336104742	-0.23502726579422908	-0.002736853629852524	0.38870831081329793	0.3597237314600287	-0.616276938035481	0.30257330850410513	0.7976705924826301	0.385097873654092	-0.10185994650367625	-0.565767444311371	-0.23382892121517057	0.017242907068484383	-0.33206428742813776	0.0444705347125886	0.43645488742413696	-0.3151891969184731	-0.3317824107251421	-0.152282560152791	-0.3094519838605818	0.32243733832952615	-0.3913815415436103	0.6286317907033455	0.14678284860702276	0.6062249157433255	0.217868616898793	0.3524280906309034	0.19870846767821224	-0.11292157702271147	0.18299369235901153	-0.8537414390321818	-0.2712572776039249	0.3730148216644097	0.818131161452243	-0.11762710459903505	0.3076291372692122	-0.10962858023217298	-0.994697563482407	-0.4298038482437545	-0.27810934884906446	-0.08706694685337027
DTXSID0045751	2.0483739674097006	-1.9751873320303899	-4.401751425018336	-0.9248979972072642	1.5961023414083655	-2.995171251984032	-2.1727302435818516	-0.011714831043682556	-5.45553496029767	4.282623844633116	5.452074544575268	0.27154088148182587	4.845312863905562	3.081112033213979	3.281133928758922	4.723416577556573	6.125946353448104	-4.068813405348694	2.150469189076092	4.474101765359056	-2.6513316971930707	-0.9914866811696418	-3.464101902859577	0.21692748233434903	0.987250139200516	2.5394600821320665	-2.5598919899294152	-1.8071044100517515	-2.6274621284015343	1.0143718619463984	1.2525918283919206	1.6958383779852868	-0.29556165240347154	0.2747025014846389	0.7486900291394526	-3.0045204574428355	-0.12812110292712692	1.3629709355708322	0.7250705890842973	1.181128221962613	1.1703166398972473	-1.3573312487420877	-1.9387298422223487	0.5307542599900962	0.578444944253328	-2.301736581761233	-0.5846630226361462	0.23524716040294325	0.5182220514242356	-0.4230375055308776	0.29299459883503315	-0.7989747803395193	-0.8843441469573946	-0.1799613555991523	-0.5705088287767546	0.25692533762903524	0.5388899340305225	-0.7700493910631018	2.020435219762593	-0.2679011613537105	-0.2594380794913121	-2.2832183501117305	-1.894890271909527	1.9205094829055844	-0.13429066670237333	-2.428598054978782	-0.31195548471578527	1.2672340943484406	-1.746634466726129	1.2462178248035132	-1.326392399749776	-1.3107254037348806	-1.0253834277409628	-2.1143002653016176	0.31516761586887604	1.9629270025431544	0.9754550899185055	-1.0663971058771884	-0.5501178027690204	0.9169402424547642	0.8783563018403168	-0.2658217900344879	1.0133898980346636	1.024600937164509	-1.5906776604413584	-1.0345077839610226	-1.9958812717662178	-0.3633286333529871	-0.6646897881636282	1.5481019781602916	0.37701910863872307	2.3874597717101063	0.6989462398652964	0.4644133478819231	1.547933176955918	0.8302054422891595	-1.8773573595185036	-0.31848456528726093	0.45715398952526226	0.03753637643692166
DTXSID0052590	-3.2992727757324625	2.5904404987767085	-0.6590449518691142	1.3652866241915718	-1.1561926952929107	2.141448132582467	1.8201170593361962	1.9371065966458492	-1.4535303580989676	-1.6409224515229637	0.795786934029436	0.2720900707920788	0.1566801554873333	-0.40961655980603623	-0.7364633352546044	-0.46142207175875893	-0.6341146340165076	-0.3171132224310583	-0.5828998118396987	0.4841729662590498	-0.5166040451519681	-0.689821520535715	0.3223624081461435	0.21399292310349746	0.20828636231043549	-1.3550873578374834	-0.8419484568530369	-0.24782468783265124	0.9639369417316423	-1.0724713578052538	2.010502869124388	-0.38370653822500045	-0.7016241785629163	-0.5192844724300577	-0.5074476243589774	-0.489652760518421	0.25119792025231996	0.915847933474232	-0.3575456557702411	0.5197389467827036	-0.306993527453838	-0.08344395770525694	0.24771674136907562	0.9023531840760547	-0.6209912324306597	0.36426788445677605	-0.09447427778822325	-0.33113110458542033	0.633065420705202	0.685325009964468	0.2274534697260135	-0.058786773863466	-0.45215081109893035	-0.2537113675135089	-0.38463001731454627	-0.7972912417655975	0.6236692281106805	-0.7333114667366135	-0.12441446814467678	-0.510760169978905	0.138586372662542	-0.2841517790492311	0.5944949506900731	-0.8151778470239656	-0.4594885655967399	-0.14705008771115463	0.10630215651705431	-0.33665027677968545	0.5128077150730123	0.39371228828709864	0.1673730247625127	0.5949588970500506	-0.47940374918502116	0.15139793818132988	0.5204638108157713	-0.5626159768502571	0.45884339268320606	-0.5084639403882568	-0.038127881613136794	-0.46461748947707737	-0.6956233490126742	0.1338255729803943	-0.4559822089298868	-0.0012345179168009293	-0.2675484061081189	0.22586040952800876	0.10374074652839103	0.1154837070084226	-0.02078412976810202	-0.24024382469047006	0.33772490452997783	-0.20389180308473584	-0.37738007582283123	0.08698304013696753	-0.12842955215887158	-0.018501144036638762	0.17317832242623907	-0.13851207178608196	0.2753186715274296	-0.06199578239794011
DTXSID2045151	8.248572584539112	-4.595753337437074	-6.33235160176588	-5.072553990269919	4.863718674181482	-5.880781286067223	-5.381458503205406	2.508688709305792	-7.3604800074706755	-0.6734627010761496	10.802810369038097	-1.5681606080639463	4.134857539612548	0.43165786542152024	6.174325839865602	-1.6182716806632291	-1.0871697889639502	1.9273806854844782	1.0292685785008322	1.3477804679702647	-0.20467873019311125	1.5532985497871326	-2.6663318817866526	-1.7791601246501814	0.9540108516244012	2.3275573520998907	0.5671461130526622	1.0783617603717897	-1.1821600396778744	-0.17596700553475622	-0.38249007292232257	2.8815255484611817	0.04548108396055636	2.1042675509434834	1.1826513720069494	-1.6834213087983487	1.3402450120551364	-0.42504424175071454	2.001764697796583	0.9909893178861494	-2.1891692360111343	-0.6118924976879905	-1.2763019918623928	0.5915174833549137	-0.10685265543671472	-0.7025940324214075	0.9068440063366252	-1.9815403140274233	0.2713910281832872	0.13108555417727177	0.08033940475663222	-0.6554776545934267	0.15175880613887213	-1.3247197403545412	0.7542477657946675	-0.1646661339155755	-0.033778911226328395	-2.667705104378099	-0.1947970987317445	0.7159199165805544	-0.4717786403930835	-0.8955553785827581	1.0080178833642925	1.2013786304233587	-0.1596595516729923	-0.42724193490207696	-1.0812397036760852	-0.15788008823924898	1.2515917945218242	-0.16766497570749875	-0.4509125319330638	0.8480726810889053	-0.9857044495376945	-0.8678146508013669	0.187404682764983	0.09311675545814999	-0.20821406845018184	1.148036221559563	0.07868577304623199	-0.18449108634935374	-0.8329525247567237	1.3288459851967007	-0.7685395943756078	1.3215366403310835	2.0323709823983003	0.9415702884337553	-1.0133162523803596	0.0785220847176571	0.4048331329807255	-1.4525507275851586	-1.3241260422843988	-1.9450561352885127	0.4983179166754535	-0.9589714934661038	0.4299914743406632	-2.8600431797741237	0.14062595983764245	-0.0059958868731087665	0.9840328243830948	-1.0697140834436676
DTXSID5025730	-0.5793626849660568	5.3048426342739035	-1.1164160234265579	2.204714284357518	0.5449759716413882	1.058491488444467	-2.519046890283644	-2.1825618060796343	1.061407460391116	-0.15980165702857502	1.7782496730711455	6.266037554553049	-2.0321685883323526	-2.8434600346440924	-0.09804316641252048	0.2138507306403769	-1.3352842657749076	-0.06787213026810605	0.8268722067004294	-0.6307751360605645	-0.020326382161976977	0.3057678965159967	-1.4668270256981715	-0.19582966375827543	-0.6592078263152286	0.8755035830810823	-0.3908501633000189	0.6859781118826359	0.23900856261767303	-0.5092108065491681	-0.7056586636368741	0.361045253659447	-1.16274681490765	0.31108123546668603	-0.5454274238062717	-0.39503987113792594	1.1083456423953906	1.1520437072212448	0.38992583237469824	0.0003844918549185114	-0.6592037044254317	0.29632479530099765	-0.20404192902255724	0.3448438330891466	-0.33213588302680924	0.6530432176931249	-0.06569430779997103	-0.5961891074718831	0.5466655271040719	0.381945385850426	0.17999126396696227	0.36818026615667937	-0.335840809422971	0.010782923021711611	-0.022715118631107502	-0.48246771313706166	-0.4138293028137184	-0.005131976064057902	0.18130374226795173	-0.14061325235549454	0.2224175688331108	0.5159936549645595	0.1275397507221567	0.0673133146125313	-0.33056348048816897	-0.305723139644828	0.287541692139295	-1.3691534369072633	0.3758809835817523	1.4108126382033381	0.6856681731026433	-0.9439214603313841	-0.13439047802520765	0.3090750347366473	1.2030324855329555	-0.5403900679457576	-0.0857135038828163	-0.2953313377200756	-0.45787232447838655	-1.468079389068523	0.11879514602736269	-0.0997166922293611	-0.9779065499393825	0.4000714561221285	-0.1321111350149672	0.6091374843856572	1.2309140804823904	-0.8549230204389983	0.8900179372442688	1.0840740994575688	-0.720552089647264	0.20249279411036863	-0.48266966234696357	-0.10330142905335019	0.39758416594784557	0.009065330169201687	0.8682406279384973	0.26800758859415136	0.3096394264076999	-0.00202908647639542
DTXSID8045220	2.267548478151529	2.67765764895891	-0.7221163857995896	1.9167818158235665	1.2633739315538244	-2.7624585638688623	1.4127673072944602	1.25909554467262	0.8031712051776929	-1.9728782132311309	0.5535288842753302	-0.04298974246324653	-0.35069410726528755	1.1539454020172675	1.3542686004969502	1.060398437451142	-1.145861415478064	1.2116735741624336	-2.0524652021887015	-0.5560978274142014	-1.8082917704279264	-1.0524269205835506	0.8693795561009448	0.18852332039920086	-0.02551197446890162	0.060863881700603466	-0.17779197174249728	-0.7764984696873328	0.4676657417809835	-2.293033308172217	0.1923071711454037	-0.7312730057402539	-1.3429173996095796	0.35389652542171135	0.37690384753008976	-1.4803007224423623	-1.1721939264146053	0.7789390559834327	-2.1573204312110708	1.5386964963332728	1.2318520840897746	0.8404944114825664	1.0566480429239653	0.623170599687138	-0.3723975254391385	0.1606671225418867	-0.33485592313515183	-0.7245122005882509	0.6758261217903758	0.10479583058168322	0.15180625346980142	-0.8166116680456036	0.1396686850034313	-0.32863614969589844	-0.975906799083781	-0.26307457892401864	0.4575775954385564	1.0904539124057158	-0.5881424934951287	-1.0414596551076376	-0.2748753569439493	-0.9727590487818922	-0.0704149466879378	-0.3607769757952117	0.03299124905565341	0.4359047510393235	-1.1415805345335515	-0.6024490313262998	0.7342115720953929	-0.4266641334388579	0.9189704990021923	0.7328087993748075	-0.6079878317205271	-0.11884232194548139	1.6310498532807525	-0.74921699513553	-0.10594750845659355	-0.19445060274892795	-0.8471234704907021	0.24779168776773214	0.6742643937723596	-0.2411376785454124	0.1253152777764122	0.9467225848153489	0.27272209130447356	1.3080680034245105	0.20368781799988622	0.3542211322214884	-0.6410606003562664	-0.004421039511619045	1.1336785109988592	-0.03405391336259499	0.09156955905052312	-0.05270147931330467	0.5383436805895664	0.15204643858403682	-0.13046568162048724	0.11129912874208961	-0.25168174050904896	0.4764199867840427
DTXSID6045375	14.344247842019518	-4.232682204257199	6.693159609057988	4.712462355426267	3.4607265095635	7.060288717361312	0.35966879450487743	0.3200510693077318	-1.712299089656858	-0.3292745851079992	0.11823438883872861	-0.6283274310976399	-1.137289054630616	2.3089188463022374	-1.5930730475288357	1.7686676143781133	-1.6536232710205565	1.0253263182513934	-1.9273517672885876	1.2376303256527765	0.5934454456546583	-0.6128888384987823	-0.43049142430588266	0.902507688380103	-0.5497290050474262	0.5381400463984881	2.072800292783306	0.8477416701791833	-0.29982639601811417	1.0557114105137686	0.5279030503039219	-0.3925831943256569	-0.020871052225218806	0.3137606498640263	-1.2692211629736307	0.18446796449272454	-0.9828909060122205	0.9271381422909919	-0.4044350175170297	-0.5415661897474627	-1.324047642950879	-1.1842364650068344	0.7082939785007377	0.2752615002533915	-0.8432451671411788	-0.2373738314245798	1.2917222462146931	-1.1467481764886893	0.2965136430337424	-0.31036106198346086	0.10459573480265669	-0.29180924611437603	0.4638684407024186	-0.4985727191804142	0.06965778103347417	-0.013911768010075952	-1.6060618818744188	-0.6222613526840545	1.3325153554218312	-0.09718936571587022	2.5040381762777906	0.8676962539771871	0.3162366104914314	1.284643139000772	0.8629486917772397	0.3706296686926159	-1.32977851686832	1.399954992691401	-0.4046868355161532	2.7600511078079646	2.167427472977609	0.6685478502322681	-0.0943919263301138	-0.8951881689138491	0.07387267245709944	1.7335262369873712	0.5532607615178461	0.6684216773000717	0.18618619319800855	-1.2496480399364776	-0.25519907262670577	-1.6141917001243307	-0.6228747922856754	0.5906914020845938	0.48043679334117134	-0.1823807271900424	-0.18640433284691818	1.0187162631003428	0.4027387358765096	0.2741082215259983	-0.41139477069389074	-0.06296023945016657	-0.4210613838495068	-0.49006401517009646	-0.025648377525036105	0.2384432954794515	-0.4466578921047657	-0.42524476387956633	0.7176398380911712	0.46002654196256376
DTXSID5020283	-4.654653598999604	0.6124167470889131	-2.6685754806184665	1.4463764999829094	-1.5871718904719923	0.5398187600163404	-0.5209885862222325	0.7793209971923177	-0.20818869653906463	5.412792551068735	0.350526947104885	-0.863718222726576	-0.9112454380526045	2.9195813907456762	-2.050280072765073	-2.7345761433776707	-0.402275782544491	-0.7312438055539444	0.8081302860252232	0.8982277798939906	0.19948208644513563	0.3969113542553337	0.12138869592537169	-0.10265950445332352	-0.6218444922681919	-0.24889405740516113	-0.4166643738164521	-1.2458318640168522	-0.48774700892155276	0.5539472838053076	0.6798785537691859	0.5564886752779655	0.5123587951933029	-0.5071307940444161	-0.9430217830575676	0.17604205452501914	-0.12109594176787017	0.5318422133552914	-0.15738790747816775	0.4509411813643668	-0.3405271558842006	0.011198529539320505	0.4660173341286895	0.030846755542880265	0.3541496487435696	-0.04161483009743112	0.32466538329138606	0.31739703554029797	-0.3204608953364968	-0.09046031113915551	-0.36083713502668924	0.01776854254921987	-0.14506104551777038	-0.13803995680458572	-0.4086764406107348	0.3510893186412781	-0.16970804573223958	-0.47349018244763363	-0.7760170413305216	-0.16851664889866033	0.6383313792243848	-0.5283077466335906	0.34801675201603965	0.33172485398626517	0.3906817707383888	-0.6189147785452995	-0.09344048208780974	-0.084474518014787	0.10452409665011414	0.20353710499878	0.003965097063143769	-0.21303103122969913	-0.1892054458402462	-0.21038608357103697	0.1775558744231371	-0.15520406089099026	0.004870540711992571	-0.15456551795834456	-0.5530856913719799	-0.12120695577752698	0.2705172516410808	-0.3429816283289823	-0.28084892314465576	0.05396140173722	0.40406906112926333	0.43784421563203735	-0.10689535913700507	0.259110713411035	-0.07209542088821659	-0.16648094571167582	-0.1991438096629068	-0.032848072928144574	-0.38217259045042723	-0.028200171433338476	-0.28576248691642936	-0.10999082738350918	0.27488215396033705	0.13776780916953824	0.006438166755069402	0.23360061031283813
DTXSID8023846	-2.8440507699814357	-2.5972679069170477	-0.6378923109839619	-0.5864283270438987	2.326265563000083	-0.16385891811537198	0.27451280071869405	2.062997710287625	-0.03895149651919907	0.12436595426391905	-1.3535760502908818	-0.14594703686339208	0.016170593409244066	-0.5629930543338284	0.7031086736106903	0.18294823925954726	0.15751900116634016	0.5721625836894332	-0.2807071257633663	-0.7642222065702351	0.46552633331006416	-0.1441408516205015	0.8659250886990971	-0.5693668994330344	0.5105890060010353	0.6043363276055207	0.7732825276771759	0.0750847065661131	-0.3029490065816094	-0.029237524671142726	0.23332131484697227	-0.6528703243487309	-0.1676871243563971	0.037486709345701315	0.021137847465234602	-0.7531293006701806	-0.36523963545131555	-0.011428148803474002	0.2054917441090585	0.06286129210720094	0.43571068183030726	1.0507181384256552	-0.5380172166263981	0.6179916697320131	0.02541007588778025	0.022849000181635666	0.3237678878333753	-0.3112685068802297	0.03979498844682024	-0.019244782891344393	0.23289194922807513	0.020427779120545095	0.07021681087452726	0.08349833862030963	-0.026674305965603516	-0.7509000539891274	0.36864539015179465	0.45802086261723735	-0.21646204823629187	0.011471671273307622	0.4876098805738015	0.3158145638495758	-0.6856964561069576	-0.4881067500035964	-0.045041990031950294	0.09075570766608264	-0.605021010258154	0.21270651589176676	-0.060667140485722235	-0.13523940672297285	-0.5959215764122818	0.5284414601628299	-0.08226821880197446	0.06241044085658908	-0.2937614612894969	-0.49047154632681356	-1.7906624171309524	-0.06855694234724932	-0.12622004214914073	0.0905520093808877	-0.7138533195985721	-0.4924665641293885	0.28978669226941917	-0.2798619697175241	-0.6180354240935041	0.25210475593187015	0.23529655842246863	0.41502968346390456	0.643759997964672	-0.9487860918863253	1.1188079118038874	-0.5952693227147923	0.4221800909754073	-0.24000400162390384	0.6250008580778422	0.08194377422746629	0.723684121189079	0.6497741954270958	-0.08841898082948885	-1.0286104801264346
DTXSID1025851	-6.908160886002088	-2.1328416755401056	0.8458426456379635	0.8198382461002741	-0.22611854660319908	0.3411690510123429	0.3372551556448715	-1.3033899497328458	-0.5274993458053924	-0.10787661911664961	-0.2882357935999263	1.3132400044955306	1.205933179264286	1.0297546545608904	0.9545264995849357	3.15292101522518	4.029800738500454	-2.333270729401536	0.7607474842421488	1.316473091621589	-0.9398756418826273	-1.6464748713516562	0.06804173187458354	0.3768232197509197	-0.7907040856898662	0.8295603289932005	-0.7557969113554394	-0.4322489083024103	-1.154033443043624	0.6786698149435886	0.8290577698229623	0.4154777936000508	0.3652128114152281	-0.6344605397194245	-0.32085223715655736	-1.097107437383676	-0.14166339056880678	0.4291950980099041	-0.40802743792947355	0.48735333196839853	0.4990819042050958	-0.23318302325311915	-0.5843411073388353	0.4656806190164619	0.6819424734384667	-1.8274730363223135	-0.4854823573314305	-0.5306661886704613	0.08795939835520138	-0.2563847434027278	0.27866393651147303	-0.6124132351304683	-0.2578867597998535	-0.0004565298690051669	-0.777079768217946	0.5150495627983358	0.5480485439543815	0.06947469093187177	1.6544786265355693	0.31054985155177905	0.49519656036642834	-0.7302072672178426	-1.1099453547629565	1.1319459472215958	-0.4548599691525806	-0.37625054923416	0.6641286677385496	-0.24667952155881634	0.2589944887184547	0.7938233818995408	-0.850647118057471	-0.7047000005786193	-0.848255526119127	-0.4068222572706646	0.24610549771351292	-0.26139720109158665	0.2740131805752784	0.006626737181912415	-0.35510318279052466	-0.13526041425787902	0.547376753455758	0.07779337367570685	-0.2673607696994274	0.1409720739700406	0.1829254266728756	-0.22296660396915843	-0.041564175824910114	-0.26701772542383756	-0.14243009955672664	0.2723748217548172	-0.1119938348588952	0.13802555859741433	-0.1272993549963516	-0.5351381057450565	0.2172662763098769	-0.04917265149646663	-0.3233415720651349	0.03485948273210275	-0.0652083435308298	-0.14865856406337907
DTXSID7057737	0.17757884335198867	0.5246065840345238	-0.49125283501548145	1.7582537462091676	2.940531166040069	-0.6492534742393932	-3.0817936361930913	-1.2547752232751064	-1.01968771456533	-0.5384883336991991	-4.321179359508854	-0.7246610812223249	4.058390709026293	1.02067968894013	-0.5124635571664874	0.14293963897105963	-2.2797358165544623	-0.21360846106892786	-1.9003077744978163	1.1655609513849283	0.947870421163933	0.5655736901467038	1.6325268473852494	-0.816832392559466	0.833814244722041	1.2059508494753264	1.4754413716368355	-0.6085871218750619	-0.5994089888950519	0.5860208978293898	0.13759085927908424	0.4901977341057212	0.3344837879028704	-0.03694118170391509	0.5592783220042623	0.6260668095294741	-0.7968472493692619	0.41851910022565303	-0.08470729029236207	-0.16471908525155715	0.6989756058059781	0.7214255908466473	-0.3973142352642325	-0.48565910294051895	0.3872950256814753	0.20644758531512072	0.04619713897483253	0.3993519606890374	-0.2721043519344007	0.4996338927330121	0.18233144151880817	0.34951637697226906	0.40055610018295873	0.6258545933064494	0.11833547814039805	-0.15737254916655516	1.031913155024135	0.38665734724299056	-0.29553966232695095	0.30395105130386957	0.10293354482543851	-0.2510301728033178	-0.49471254898997724	-0.3270005598656435	0.027636850766410506	-0.16993777416484543	0.41056284122154174	-0.03468177764453148	1.0104030645524995	0.62664013319645	-1.1197078671614076	0.05997263666343263	-0.07945614285418091	0.4877304929806474	-0.1851430108315775	0.3391582883081	-0.6431157959916177	0.4374791849225515	-0.44242262698110074	-0.7561151273109834	-0.1223206979261675	-0.36719434493647296	0.15723795280792666	0.49919086399675516	0.07228349433996417	0.36529847556242157	0.46709739347671053	-0.5391424022069324	-0.7360493913785955	-0.04783919311928719	0.13956959955053927	-0.5580406202940456	-0.09933232510422058	0.02621313146645555	0.21651180500981643	0.11832709276442853	-0.21798684336613725	-0.4851704904421299	0.09194091645412358	0.08462420165042323
DTXSID4025610	-2.9186904200123616	-0.3261124950501536	-0.12075275148728248	0.6178900653764586	1.623970110691745	-0.9883645929880748	-2.460887068892201	0.04001929922423532	-0.10986316232848352	-2.762374024541979	-0.2778769015584808	0.2349414861728509	-1.0749515400285918	2.1245352798276067	-1.2420334719477129	-0.20812251752329475	0.12438818753077208	-0.8421121527301012	0.17551762736882662	-0.34020285016389623	0.7070909858875835	-0.32823171331138007	0.6397271872417136	0.1797642880121375	-0.4918040841843706	-0.5437041601086946	-0.3785548555753658	0.9641054634369064	-0.2157376694131569	-0.2098747142280626	0.1901461385195366	0.320055863167517	1.0122537303928283	-0.017806310041839225	-0.5873619377295287	-0.26782415440894786	1.2095415481005067	-1.570101995207566	0.8316363330857811	0.2904135235371934	-1.7771512811406622	0.6578306772724078	0.17347227709934498	2.380890933937332	1.5119695100185804	-0.006645788969230251	-1.8985541218441961	1.3140694679522587	0.7361168640408553	-1.274563192487727	-0.3191041283437253	1.3279072254886226	-1.9810248136070923	0.07973298734992829	0.4123788285926536	-1.083716490675905	-2.1785685716750054	1.5031466485211447	-0.3086282952688125	-1.206841359854643	-0.44912246868934047	-0.035723802563157034	0.4024682456311638	-0.7276057571565119	0.8805939694765385	-0.5178820774589752	-0.9619200803228452	1.0239406475120583	0.4384324430284572	-0.9522600462022905	-0.7840130923934201	0.2105738533671205	-0.17341058050222208	-0.16948095460243184	-0.46660300530722365	0.32312361866173345	0.48981775775962666	-0.8812959891388219	-0.09455711859270477	-0.37139986353439125	-0.5773408861342507	0.23542176279596194	-0.31144367805647444	0.21129081903896174	0.47321261213013016	0.2172049781865435	-0.04581710640048325	0.25045201768687314	-0.18416670433976942	0.2516337141671876	0.08948872142443216	0.35182240954969607	0.08046957101653622	0.08116886439334992	0.5949600526026545	-0.010074906249185457	-0.4082578658956725	-0.03524023405337141	-0.011583144741573176	0.15295048748249404
DTXSID6020779	10.967705407020553	-2.9415008385459482	10.313460395754896	4.313298106908268	1.314702374954273	2.696327370768484	1.0537418762300208	-1.8848664093297631	-1.9571947711425635	4.079538874704473	2.2017485164454724	-0.9701116247171971	2.3580870374681746	-1.550046835370878	3.1134631915040845	-1.7310895953412468	1.0306303695378014	1.1942198543606326	2.0736638684884596	-1.0918327698164736	-0.362466973843469	0.4360885855139934	-2.7525058900090373	0.8282390554848067	-0.1901044991996648	-0.31760959979682524	-1.5858894207798575	0.7147615742305101	0.4189814189917697	-0.6132019879405706	-0.09872103229516317	-0.42680216123628384	-1.1016244812716605	-0.234843671396255	0.4277775789129458	0.5460679600662317	-0.34001972438402506	0.37078439069774494	0.9674076154428822	0.9590423581842143	-0.799827018085868	0.5715259065362202	-0.6509596386525072	0.49669901837889446	-0.23116525601571053	0.23420550816400787	0.0020822879916016185	-0.27832210200048546	0.5511480953676057	-0.1289815616657906	-0.011350732835328822	-0.09649694296736089	-0.286327555077762	-0.2322724870769006	-0.42180800556515696	-0.6009896758233589	-0.5560814209112646	-0.880681694421477	-0.10710344466368626	0.43212293620496006	-0.44059525566694135	-0.6522530089839191	0.458576996722723	-1.6790451920814726	0.4499684343643657	-0.6613638845966004	-0.808413350678016	-0.07627329954615931	-0.9992820900194308	-1.3933993884490654	0.2978955637842357	-0.038498325416469845	-1.1326691873251364	0.3622576247363519	-0.6179857821647464	0.20393331979893534	0.6470982594109659	0.2944309531250999	-0.16048555324891375	-0.3584173427622458	0.491400103129932	-0.8734216391962304	-0.5168772596394612	-0.3150391353987336	0.1508776598207191	0.4933800360807236	-0.6944857993089986	-0.20596674251849506	-0.7091917300051042	0.5789130577340049	-0.2634180878187369	-0.3169143280089902	-0.6756875228663856	0.3318414856735495	0.34153808662440205	-0.14324240908568125	-0.22637772173446893	-0.19628425548836886	-0.30603288975831283	-0.2566021564694587
DTXSID6025301	-0.8441499451094342	-3.2109036571824965	3.153703968194324	-0.5643108143376515	-2.0962645332957526	-1.4692744231149981	1.263345857287358	0.25360411922904863	1.110446396912926	-1.2509885968038412	-0.902324276302607	0.797928288025436	-0.3292266741200692	1.002608355156172	1.5622396348748033	-1.6803682464609975	1.5022069310964226	-0.1294653440884867	2.371750530380122	-0.539910074684653	-0.058660234787056266	0.4675321361506785	0.7832205946422288	-0.07625447786461831	0.817720690977436	1.6681336006786083	2.878845932771951	-0.1866633238531857	0.67578813870733	-0.7506524965931046	1.27189783736309	1.8497925552082888	-0.9503950842821636	0.894456493049835	-0.5775103632754558	-0.5522835244365589	-0.16504363117841794	1.5335972764037389	-1.0634452367389218	-1.607841967752883	-0.05310310312357131	-0.12702053745579955	0.9382437644218532	0.10040094629619167	0.3387768551864108	0.5678711240412477	0.6611797959387546	0.14262815973943066	-0.12451869166052303	-0.08690378642148816	0.06599316329738639	0.8614825021827842	0.1650633395845017	0.2020324252749561	0.12478739842928843	-0.2326045043626686	0.6780296432291181	-0.09628391430892905	0.22509225598144472	0.3517607804450681	0.7491856264048983	-0.08308146792807886	-0.09817533441938375	-0.12107196559906515	0.4868629180464867	0.43913332416012457	-0.060672796603795896	0.758193481440205	0.11198586408225691	0.01267801120792747	-0.32930948380184216	0.6994370993460035	-0.06819428040248793	0.1672665074153902	-0.42127213599301105	-0.695880186062714	0.34620989488114784	-0.12207543532582425	0.5474492715547026	-0.3180473366606963	0.05860065770222776	-0.01801294724840539	-0.3142751300451443	-0.3598887437290245	-0.4091236427958187	0.08333985101188832	0.10588757356632654	-0.15293646935951472	-0.14529491779744497	-0.05312209487736037	-0.08777607327164258	-0.12517058618413365	0.6581068121057111	0.6834447707620792	-0.15031953966366765	0.20390312836925206	-0.0525956182215054	-0.09506474839176356	0.010973568468241468	-0.3407956746326524
DTXSID4024064	2.315769956074631	0.5973874522581238	-1.306085544296623	1.749880348987918	2.8508255092985273	1.3108210888085794	-2.6640537673412332	-4.948516022524349	-1.765679261482129	0.7860144964054635	-2.33753946614301	10.831782402838675	3.4452094925131855	-2.65129125235638	1.7992590351881665	-1.917774195300985	-3.3490180536060907	0.23318211179111054	0.49182334475275824	-0.16729629147944122	-0.4511258870614645	1.646580296663003	-0.4181611084090719	-0.5690088334854478	0.8986044255509	0.7323645423006214	0.8382728191114098	-0.51162330826975	0.23862978657471137	-0.2878004592366819	-2.130401438337175	-1.039014087443066	-1.003376341206818	0.36868353994357556	-0.9184656798628767	-0.173420239564687	-0.2538719854917499	0.6772955160744669	-0.17832000912198961	-0.10739167094943881	0.49049493256815546	0.29232700562195263	0.2612490257184693	-0.27115250710671873	0.32536643428865275	-0.20806967982827887	-0.04916697398640127	0.07139018519710381	0.36789043062044285	0.3828403311066775	-0.017420908526594572	0.1470774268866119	0.226621758449727	-0.06151864769608337	0.0827750751053142	-0.4442302013442451	-0.02195479418286214	0.02985397388205515	0.42078554450818634	0.12545943977430352	-0.26640589849434043	-0.2863468968795921	-0.35234902321399875	0.17288699136113408	0.10659293810814542	-0.1639396792582757	0.5519889036788607	-0.8587277302661247	0.8238963220355751	-0.19045858920148442	0.13924660307019365	-0.9908278311800096	0.311743234061562	-0.02942034120637571	-0.7878574024031909	0.5331013585262205	0.9863173268209527	-0.6833398477806858	-0.3905901391242282	0.008596202760157386	0.09238405497310981	-0.7994977371795136	-0.6598469479334442	0.47906967516094323	-0.16488327422059265	0.8284438879404937	0.6493847116640696	1.6298009663076116	0.6434847230901355	-1.2949680463567397	0.2249895274137482	-0.0036514696843294955	0.1861925764126942	0.6686866822634103	0.5962098253630354	0.9325741446017412	-0.055167177798738226	-0.3703727605515644	-0.47940445771149093	0.8923028189669694
DTXSID70379917	3.9824250478865935	-2.1451980815675338	-5.5879736471039285	-11.927221174354885	4.305059161610612	10.490467013751312	-0.3693896432777965	-4.665222902030018	7.276968154595713	-0.7506657928049005	6.690207799533569	-1.641918038852389	5.1725780708159865	6.414891391651649	1.5605848175495884	1.4612859297313432	-2.281146237023794	0.23103711537746774	3.071625427531265	-0.9548033630649426	-2.4876803826011273	1.5244755289937324	1.5096443113750422	-0.36783743119550943	0.27030251103187036	0.30371063479916816	-0.6575981188543516	-1.0919583349694426	0.24255378671796893	0.029534894458648805	0.09662445268567345	-1.0568768027126005	-0.5389497817762047	0.7933575896666748	-0.293537177601746	0.19876186133594825	0.504586309635339	0.4753748498578136	0.5110679808234472	0.7461427236750515	0.2534083630890672	0.2833383838117606	-1.0205869021992826	0.2756123378324336	-0.38042197789747184	0.6572690795972371	-0.2947397133894252	-0.3773356394767364	-0.3371001952603224	0.2670412944982195	0.0694058692332074	0.08806426705629031	-0.33363271821667256	0.07935471187268703	0.41153177247187417	0.10234537757998488	0.6677197025119291	0.48748549620793663	-1.2062083917292952	0.46082615424445006	-0.0022885799890296874	0.6062048702555417	-0.4616108962823563	-0.527376774238341	-0.07447318659955206	-0.5293204653329028	-0.29529778714062677	-0.25089455012171297	0.09822346329060394	-0.713287129902602	-0.7472862011750204	0.0753990072913763	-0.3532297661970392	0.4889864143821926	0.2679077500006304	-0.03482986649937272	0.32737724291613624	0.4665898367468899	0.42995012954578293	-0.6677828757062676	-0.06142432538445862	0.28229530072756315	-0.1504547768583627	0.650088602778226	-0.39508720455020147	0.17408925407280826	-0.1910243700876565	-0.5215009450856304	0.4197523502910449	-0.5968126190928325	0.4874761655472106	0.15046813906200193	0.12357848131882834	0.08741147602934982	-0.11652432422616396	-0.14978691607069625	-0.16975749835614135	-0.22897009188243708	0.20429855067536226	0.06752244944182709
DTXSID0023618	7.433017910871208	7.763768426782647	-2.0764920839890304	1.99452656523045	3.167651539495058	-1.4625640173812284	-2.4702780941248106	2.1542815631687	4.057644184442297	-0.5831558298147415	-0.23559179136134065	0.39262506936254576	-2.251604649785684	-0.21993193084532686	-0.3301763154617809	0.32490933540453837	1.0885468786158023	0.8253139591394869	0.2674440195481665	0.4137814152286245	0.5991544558980589	0.32540297971776266	-0.025429685587550196	0.21936568509681117	0.9875553294633768	1.0905669521470742	0.9111047992002544	1.468965530857913	0.8578834654449534	-0.19000680198880557	0.14120152456401402	-1.233890077385714	-3.388968371871932	-0.3816253757704817	2.0334719749293497	0.2975146047586938	-0.9612590380292427	-1.9153552038439277	-2.8359551755825834	0.09150236978295685	-3.2439249347512584	-0.8164230322487194	-0.6564848538464709	-0.4589451054723955	0.02373904486627125	-1.4210776052663365	-0.4684842026049149	-1.5870825702850613	-0.17747528891437794	0.031199812243455183	-0.16956445213392238	-3.591726317609817	-1.1168269428648385	-0.19024576328167878	0.3048449868765401	2.0587719155388133	-2.1505457181548873	0.5430354083507555	-1.7269959726677402	2.68303168916062	1.068008287651975	-1.3171134078659492	-0.13759242179875664	-0.3719554119049158	0.056968996904979446	-1.275926495025402	-0.0767697074496553	0.9224232459911341	0.36980328391958406	0.35000064958106986	-3.1510016828451417	1.5353916389863014	-0.03340680993446658	-1.5461513224129622	1.0899757322494343	-0.7895227801691689	0.5488916534847329	0.8608184116817167	0.23492157924379825	0.7839679064603889	-1.0551162204861588	-0.5151773075699291	0.21167706395252997	-0.7117464107409512	0.3548532798433932	0.3282627704169444	0.47754387710409224	-0.8744529711113733	-0.4407071093401605	0.2104387467857978	-1.2523208074680978	-0.08972791864293711	-0.873066572008854	0.5946914299056134	0.07114576477639287	0.5680963343207076	0.6990992978798543	0.9105740353785241	-0.36936498142009005	0.14598770278293893
DTXSID2020347	3.6350945249170126	2.667629032590461	-0.8539011960108338	-0.5742286987311183	-1.0217674986503684	1.3289974575003205	0.750720805528177	1.825631469932294	-2.7522173804904204	-1.307209274315442	-1.2913426215291965	0.8871144214707272	-0.42125144185368535	0.8504532689951377	-0.05332751691777788	-0.5555472773965109	0.6579592485738186	0.7801276862668292	0.14172826644708347	-0.7246919430414246	0.21506632460418754	-1.223551727122236	0.12692355249172815	0.3488206388032883	0.4244104268087651	-0.3468702662985003	-0.49612966911984996	-0.9573602220560994	0.03812484780367098	0.06530485891759996	1.000737633080784	-0.2893848748850549	-0.11727216796786176	0.5653707574027216	0.27849113628988675	-0.20204959787977858	1.2693121360331454	0.7549878582063503	0.5581150932762367	0.44388951902821966	-0.7533994264710765	-0.08415352888446699	-0.08594063862782443	0.2041040261482382	-0.41831865602950247	0.35186138609549955	0.2883516656876383	0.16238719701404242	0.0689494865309268	0.13785006498418476	0.15183928811371722	-0.08081402569422928	-0.06973736092551724	-0.2892211235681627	0.11006340126838568	-0.1857723680557214	0.09046958359211715	-0.5998652084497776	0.10873795147532887	-0.19045296055590116	0.7200913808506959	0.3733815833206226	-0.07254007142802546	-0.22376382271520112	-0.13694840122167892	-0.9426136012972498	0.05992698095011548	-0.26488191689394497	-1.3758797841268824	0.6613573256394083	0.22744121445804436	0.3501989918195525	-0.959779074643418	0.10413181448890238	1.2831875539011166	0.1278458252107055	-1.3566219801392445	0.3317294672356981	0.5202850609792868	-0.2402118431152754	-0.47819181641720016	0.5176257759282675	0.10561287005861476	-0.7277214695236152	0.4988501493572849	-0.7963094673017349	-0.8318147531069913	-0.16429933636528793	0.5837592494891587	0.23106113640003315	1.0175440918601195	-0.2315242214945365	-0.3635500365389778	0.6757244370586749	-0.4142822520355808	0.1613749331930362	0.5381946025908294	-0.06669840522196523	-0.04286569275809966	0.1849917402367296
DTXSID2047062	-5.745583985829833	-2.808195047772596	1.1999416773030256	-0.26112400734176117	-0.9853893583246647	-0.6418593465991425	-0.3197542934495586	-0.7134007263934823	0.24857516977599917	0.06131746697577736	-0.010034450620025717	-0.08468854643197436	0.3857206654145007	-0.14417705881549484	-0.2608318604600366	0.16123103622418744	0.4476375006538085	0.2079932978409275	-0.3583397378408782	-0.6216552466777371	-0.03700847263640921	-0.4532826712549792	0.7593189006422354	0.5097964138306017	-0.7771415109964356	0.16000274021835276	0.39679402593995383	0.17736476417838876	0.21602002184709293	-0.16730848097627357	0.33290113849993713	-0.049436292231526235	0.022882561977959424	-0.6279048136049608	-0.3727988345603161	0.07257839706180988	0.14953547878838408	0.0851989821527845	0.025938806543968535	0.15064546688107758	0.040171273101643555	0.10419481362609792	0.03267234323126205	0.3145194578807464	0.0190224476170559	-0.15855883970132045	0.05023473403048661	-0.31956003080550827	0.05022142916405927	0.17821459036138548	0.06019913695934656	-0.0719632266702978	0.12230115657183702	-0.018512914387082375	-0.12500751898128845	-0.07452385672545245	0.2729074725414196	-0.14719057773089278	-0.018228003204707646	0.32413504934445864	0.005915907271760501	-0.09043665901336495	0.017820338709972215	0.34852458617432924	-0.5054764551096005	0.23759552482118337	0.7061783662778023	-0.42258944956289524	0.14064502641248453	-0.031823032323938516	0.20792782354884703	-0.08658163256177562	-0.17547437095960322	0.11263221206105345	0.17860074360594794	-0.30746372404436073	0.2643979003298046	-0.09689282508504239	-0.06962436570553286	-0.05171850072113691	-0.16319224045200673	0.1502212398128731	-0.553146232657784	-0.09275014004799156	-0.13132056514583493	0.14734530029913354	0.5349765395714358	0.43730248642765013	0.0019537286166076244	-0.3286779984738362	-0.28283048021320667	-0.18721590107846325	0.32329859857835913	0.1261909449327255	-0.26195875084510906	-0.020587392242594798	-0.012822044002679332	0.11380649987865404	-0.10932731616932363	-0.07196435929338806
DTXSID6020303	-4.703923392094695	-3.314825230445565	-0.14621207199286637	-2.675547859497871	-2.2637143275182763	0.24315053901453998	0.24322539772224036	1.4227954061521346	-0.23973902357710108	0.31516925514106214	-0.37218153392616804	0.10199050872259426	-1.0924203501194072	0.21311489138005305	2.7898616504850144	0.7925051230645878	-2.593790694407422	-0.7060837855230125	0.16110947576128276	1.3472473797796272	0.7165264815271382	-0.5459062716610407	-0.6498370092760115	0.7414316773512053	-2.4981223539572053	-0.0027237754247091076	0.10788932059509583	1.9155425278658207	-0.890217687787214	-0.701678481169285	-0.4802936746221849	1.0323446062263526	1.097406867247374	1.3064206640584384	0.5563016351326906	0.1000003691224083	-0.5254292425137645	-0.22438393131486914	-0.41929194480471843	0.3378408579734954	-0.974230593472672	-0.7185849306407065	0.8443320982121727	-0.3467823722428723	0.03735059689335091	-0.36286462900378486	-0.30424951846208503	-0.15457078851689593	0.16544999172947067	0.1510637680556653	-0.07222750290842506	-0.0971120794239956	0.6813472288702414	-0.7339015975049917	-0.7493413775250699	0.9558457563348141	-0.04424074653474956	-0.0058299994334690295	-0.032035269234464515	-0.2919766246009921	-0.020462934591895073	-1.1048961364678682	1.1324051591697017	-0.07199345383075836	0.020362289819697166	0.09939916129602365	0.08070874380482179	-0.37019170746119046	0.09114207239058496	0.5693936108271652	-1.5351430981527763	-1.0873234939980767	-0.06316025727386491	1.704369010015775	-0.43285737904179117	0.7215687528644777	0.11004715952100685	0.18823219736974114	-0.9962284357406946	-1.4995213737424118	-1.7441306217424895	-0.3064390543187142	-0.5336877947155846	-1.0318013688506975	-0.5498441066925386	-2.1455276799153244	1.552682967641968	0.6273312348941504	0.5818382561985123	-1.5969641874314604	-0.6597755649956397	0.08242366602693037	-0.39684109412450036	-0.16472677469957342	-0.13141262052419028	-0.35089358022595823	0.12191411613101828	-0.3233934711242146	-0.041130722899075746	-0.3866157890858457
DTXSID3023550	11.438948224260141	8.991567172832937	-0.8362364453750812	4.088921130597507	-3.568005921136882	-0.6742253646207272	-2.453398768857967	-3.1720625013703074	-2.2048728177876575	-3.2061088239506383	-7.815172431696375	0.130733572898246	7.738146519051941	0.7306961125141459	3.778437424123623	-1.3889169078641275	-6.376578810998556	-1.2128083214904688	-1.088652121668057	6.050154985792811	2.460198130493999	-0.1938964176117909	3.3035141536355597	-0.48831092199460424	0.816939611230221	2.9930324096191785	-1.4926755257325948	2.428676638119522	-1.3801855251157702	-0.9791842509127163	0.18698899519297318	-2.2079666952197923	0.41902343142930915	3.8933758645910297	1.1122340162184277	0.9114318873073692	3.487778210374574	1.0086543204864846	-0.8421055803205643	-0.9193906154703857	4.609006714686072	-1.6031831249725121	-2.2299057993557296	3.879813036690553	0.20791798850713125	0.7879525132929998	-0.8429248433194624	1.4382013629581416	-1.4796751285092877	-2.0047911154694034	0.04638887183703401	0.21992579266068663	-1.919819174709189	3.1423961485405174	-0.07837323337142835	-1.7777490792902622	-0.4363319798008828	-2.696781094057562	-0.6897012203669483	4.434302921498471	2.434849751861007	1.1025191073210263	-0.7911823102883964	0.5311743326733619	1.2166569271240033	-1.6746256686789476	2.6443726516606074	-1.7229508270001517	-2.1907820109486336	-0.1756501063178644	2.62057312467408	-1.2380675213990768	0.7037655458433929	-1.8141671309965666	0.20083078607845706	-0.8900770778745096	-1.4749872994127093	-2.2341104476459686	0.9828305590026022	1.1696577642260215	0.4377646012115747	0.645660139874667	-0.32117860224602596	0.014054081566264837	0.4336433701585572	0.8844910072513283	-0.18861004962284553	-0.5869262065045371	-0.5210169651268185	-0.6213107128637007	-1.712804637995861	-0.9555680991772636	0.7704373588428979	-0.4403233194670761	0.1456364386208192	-0.4317750432841607	0.8412136863162539	-0.0626982368909777	-0.20242351620741925	0.10498779812882073
DTXSID6041347	0.27701961318570256	0.9989458003138827	0.2879112151445935	-0.7183427629585959	-0.7423630473652142	1.2248041800447933	-1.0749253180893652	2.598405249640189	-1.9974728781520465	-1.9305047509354565	-1.2585465768893953	0.6073229577565111	0.13900030574141797	2.561162127894028	-0.7785195001727009	-0.6829447454243013	1.1062692622204493	-0.020405473691604375	0.4197068217440754	-0.7013553741902615	0.9814459551268768	-0.9693099379337415	0.040914483005611554	1.2797270295079528	-0.5034691773394318	-0.7416092490615821	-0.17836067818061876	-1.1388905969083796	0.0794927825438753	-0.1355210026971865	0.006761258186008273	-0.21866266332074927	0.09095486591866922	-0.32582536926028494	-0.1572723520180887	-0.05656820647771681	0.4297838906241861	0.21938328322131972	0.03966081317678279	-0.15839795594791153	-0.45351435538096263	-0.0020805430450748803	-0.3540253320659403	-0.5586321628902785	-0.43546156313461587	0.122391254047353	-0.0777092523475496	0.13107734467579904	-0.06756026923152207	0.22232211315508285	-0.07113995595849504	0.18258514295045036	0.059924190225916024	-0.35400724449761606	0.05756825260128489	0.23705321476901894	0.1354037214420025	-0.29505694591891396	-0.11266151811422191	0.34791517808539957	0.041872285239999425	-0.03716777167529499	0.5093834056925224	-0.08379742496279209	0.011044809401320316	-0.5352028505989537	0.05462101436759316	-0.40838416939419453	-0.19125208966402474	0.6755357722269338	0.7800000815419599	-0.022824278864071325	-0.021904761215860838	0.27333790587083484	-0.6539932445121805	0.8934210006611444	-0.0126219169392056	1.0258940942846624	-0.03799222129781768	0.2882140543736625	0.9978494991386646	0.4790889828607237	0.0032825740642255974	0.13826638645296874	-0.3160242777217925	0.036797934522483006	-0.04677330727060188	-0.35142330969227575	0.06035470193803203	-0.0362875794406793	0.1458640093853406	0.08904295711635722	0.08007728519861793	0.5848602755559268	0.07797257560446602	0.5398564217846805	-0.11104576207598135	0.26413823609594833	-0.01172246363652357	-0.47768585098016225
DTXSID1027344	-0.7448667074646775	-1.7393259499862253	2.679031150076251	-0.8651383105233177	0.8094419273491278	-1.9410114560523382	0.5924790564377652	1.110536502919641	2.267835388818236	0.35590689997961616	-0.405441708517627	-0.4666724782593353	1.1825398988757394	-1.7948711295199433	-0.37712980008283153	-0.3742153032363138	-0.5551705733870146	-0.49679530142236683	0.050669784987762215	0.8903789427258211	0.18768515377353226	0.8239441369786329	-0.3480489844875294	-0.44357613591195133	0.8651270438531978	0.21797632967754318	0.6551648991393849	-0.16337771007516852	0.2524111726795665	0.27543937189103784	0.2577134908608916	-0.931196301351192	-0.20166954379323862	-0.6324908214244019	0.45528425020941415	0.23210711172500925	-0.5046372153966991	-0.28567502642115955	0.4894660953983274	0.6482614422569397	0.7108806824646727	0.3251646998619476	-0.3140946599960795	0.1480061335989387	0.46166389021997306	0.25516254952561374	-0.2391328646118444	0.025552458852682182	0.31485837027763547	0.2624896376897204	0.1833355751065124	0.031365000420014354	-0.01971991169545186	0.29762373894431043	0.18982229647851878	-0.5489543791484424	0.0022632428172376733	0.3412010401681015	0.23090905177865229	0.24327894119310692	-0.12112295228525259	0.10064109640652551	-0.684470588177264	-0.08814805696093857	-0.04795197042693594	0.26187034857480124	-0.23956823975812402	0.3582629944418945	0.21562520729025728	-0.06691213267104364	0.7169943400710872	0.07379285657481807	-0.07054815668072213	0.7255487601150937	0.23280533937561415	-0.3148644504562051	0.5076619673088455	-0.2352286255678431	0.48479001466378374	-0.3919080669304483	-0.374610645456399	-0.7450290063538705	0.5553189207111348	0.023647968809855372	-0.9956699854529593	0.5591804374393237	0.32651362099449066	0.24043831551510664	0.3283355098412912	-0.5946217094379662	0.8769175617976905	-0.1320423115788396	0.05859374397055875	0.11437799361740159	-0.04592891602595915	0.49388106706775553	-0.36930345628069994	-0.2075638297665152	0.5770182725135797	-0.13300655913090367
DTXSID4048729	-0.33571170232082753	-7.2606758624558365	-4.119252117595014	0.679679968416631	-2.4520214981690924	-1.286521286866098	-2.9605021464260637	-0.6057939988013096	-0.3200327373831243	0.404159810161742	0.6850605965114364	0.011984960010878714	1.2175564298460333	-0.2979116933811807	-2.4121764381522346	1.7526357401447468	-0.22642752802436092	0.8521031460721072	-2.3394907147231807	-1.6279880843479695	-0.4131710462938755	-1.249186669991092	0.594092445684237	-0.3296249561666878	-2.5849124627019893	-0.18861734345415387	-0.6293295981989524	0.7813126190791637	0.02677996632765506	-1.0146865255133137	-0.2534895360225872	0.39123965884490236	-0.11555578530737841	-0.3034574029999319	0.2506007453174486	-0.6079276355342217	1.8803062279138811	-0.19425877960229876	0.8353159968551206	-0.9789134683619289	-1.5197937507870753	0.7360677291228952	0.8932202325721483	1.9868186973365043	2.663880934459231	0.4817883698760103	-1.9147052029896878	1.4464405472865232	1.06663377635889	-0.9744760696681335	-0.2037518287341909	1.5730810095829628	-1.5760783880036366	0.056098536355302646	-0.48319542454084646	-0.7195965572689227	-1.5826390139214523	0.9330278036556473	-0.2641725990054855	0.19808509154634255	-1.1174002157408374	-0.7117671700246917	0.2671071253421838	-0.21496229364884717	0.5805279509021604	0.6178374286384358	-0.3437321036351205	2.0556858439764114	-0.2372906826137721	-0.8189195114245857	-0.5810181015160348	0.4743979116751999	-0.10464630210719089	-0.0855325046081442	-0.2956341895353364	0.1623273825727114	-0.5938114512310321	0.2006824847684412	0.23739240626123898	0.11881537555990691	-0.13926910731013395	0.9097882597961793	0.4465302964129328	0.2843676925570289	0.19478714020388832	0.045171185237555075	0.5928350383814276	-0.28745946392360794	-0.06574399499198699	0.3687205147285763	0.10746066267002044	0.10308944852232992	0.5794011821449525	0.48075362052010473	-0.5430533243254586	0.4232085124119787	0.014528418941894732	-0.31593571778054297	-0.1880760382140067	0.959595701811424
DTXSID4029690	0.6359066963600998	-4.1748931130804	-6.73537052384875	-7.522802326126667	2.363858689851243	1.4260164720930701	-1.9904609334472336	-3.209797863654187	-3.714873277505377	1.2597351911063102	-4.693509797149134	-5.249465024934226	-7.864425940556518	-5.398565410196851	2.0732928019872054	0.9377208633427764	0.5906144178330249	-2.2569192859157177	0.6183182839130771	0.30995441104541466	-0.5141124170020948	0.051051138171185395	-0.45939550449361133	-1.162819475334774	-0.6820592109249324	0.0627190443713876	2.34758912792239	-2.0350193118593527	0.9070451985080085	0.6360993424582935	-0.5913010345673234	-1.778620545054347	0.6725948739328598	-1.1679969760647804	1.880451073902949	0.5152808742177506	0.11054352231347966	-0.4962859687406063	0.35981240772767487	1.1484420342762092	1.2447003123601406	0.838897367478269	0.3935170475094752	1.686631605462884	0.1371267357731109	0.7694179582479206	-1.1185962601281803	-0.26241311425131475	0.4565447525704191	1.2487946804400127	0.7321521512721744	-0.28570350337118905	1.4554733085613059	0.996956063379599	-0.20649454308974535	0.8361265197205041	0.8391590703765707	0.5598346298190657	0.507805468768055	1.3280522641183525	-1.4802792985055655	1.4449749336725495	0.11724304073994607	0.8756203423885395	0.05824185954511128	-1.4091117775356035	-1.387979392270845	-0.019552027669006995	0.7795375173692427	0.48455489809775676	0.6671177934713094	-0.14208880925274375	-0.7817666795293278	0.5456065713970437	0.8143962114555645	0.41257494686304597	0.7285729894301549	-1.1402109472782085	0.9373264317296014	-0.4554553968750656	1.2892717766353747	-0.3495745684752736	0.8565232014709783	0.4608632295432104	0.18417103495557544	0.20201795193699204	-0.633331563334522	0.8484079866856831	0.30052561935836736	0.40211293221254846	-0.36192317490295384	0.022879837146459917	-0.727261163581331	0.14397833585957626	0.2532342031038908	1.0256471291105653	-1.0083244593264438	0.12547956841995994	-0.8461072368099801	0.13210733601233132
DTXSID5029265	1.477378305350319	0.4182883012907531	-1.4276876298036203	0.34351032995903574	1.9839367374974315	-0.707812943499487	-2.094060326261089	2.815088878952583	-1.2366341784943116	-1.5450558600699509	-2.330879991721897	0.5827679921766569	0.3055851589394945	3.977126680206103	-0.60369111669132	0.018868096400203847	-1.0387803688443698	0.21535195626353376	0.38069887569029065	0.8943303575881738	0.8489600080796729	-0.7521208949970809	-2.0364355708474404	1.2849931029460075	-0.7436105221069675	-0.18151146420892048	3.005623070995253	-0.45690038804442795	-0.4284231925236534	2.0750269356565965	1.2638079767577723	-0.255341671956299	2.6066021456710335	0.9744025381242006	1.7709165748586353	1.0271179700427968	-0.2171481476913364	-1.1195834811461267	1.3548328505105727	-0.5125104569561487	-0.024092657044392087	1.1012090546170419	-0.49140570391075256	-0.2241990449819108	-0.7423581306175017	-0.0032279075524485833	-0.5830566410261134	-0.2765325108780317	-0.6119378644769449	-0.7036831608393346	0.31544415520216806	0.2898267971259576	-0.6652558242440438	0.7377307186157838	1.1212784694777833	-1.0003030236747483	0.9496463679066532	0.3807487907375121	0.6885812694433502	0.21134828179718806	-0.22613901224153218	0.609816518282265	-1.122805347929281	-2.675063536272447	-0.29386129817652024	0.9690269837778726	0.38318031665080476	0.4676085280503526	1.7936785199555993	-0.06683250269829796	-0.9361409394276878	-0.4168377314885441	-0.42736449196969556	0.747234788892977	0.32035331179955356	0.3123096723853673	-0.5535424710109239	0.15560406589872577	-0.8209407333432265	-0.850153281004191	-0.658512739211744	0.517879775301508	0.38249306080649476	1.6857805474993224	0.5090539787941915	0.19463459940068142	-0.34884742754068127	-0.09683543719828717	-1.2819636071027327	0.2189180820538089	1.1478186305680298	0.0776107858619222	-0.006456482843194371	0.7644287736759394	-0.2991431094824173	0.13127758919781818	0.03297111369105538	0.0015485582856501674	0.29414707693574776	-0.12889679131072623
DTXSID5023792	-4.45602115642781	0.21589155129139925	-0.9228998902929717	1.1384464095504319	1.78098747669338	0.6368644223914788	-1.2868663917137118	-2.3394796213093727	0.43709762684723313	0.33551510042899263	0.8089587981867388	6.837740858124448	-1.0147111493648902	-2.0574947368435774	0.5479940204230642	-0.672110201063448	-0.7740816011000149	0.19721248640497407	0.1833606985656326	-0.4943076274908327	-0.39062322203440036	0.01876537650852342	-0.12681362412433073	0.15797131386610314	0.2673641386693031	-0.4053126450018194	0.35637985340609857	-0.6658394508434115	0.10983420695037177	0.20414648240218758	-0.8556718370581279	-0.1695943099092464	0.1980680623954926	0.2907471199949099	-0.048668886748091625	0.09186239463631307	0.08713258335267994	0.31834506822731534	-0.16995814887412602	-0.01609407317123945	0.0951143173378339	-0.10508924173682102	-0.08425611996165822	0.14162142987095286	-0.6201672519787987	0.2365897155568391	0.3488226662536458	-0.13818510852671942	0.09128378014681944	0.22170827509638794	-0.0821447254497413	0.016889028243945357	-0.07228741333760921	-0.1092358217208927	0.09919414735247051	-0.0956796920270497	-0.4615586994581634	-0.04343673466002684	-0.2506027120002785	-0.43848810856407794	0.10374682064584748	-0.10597718639321127	0.11572169942005961	0.4465796666794897	-0.1594468765733584	-0.13250066272930233	-0.015734295179306475	0.2363111664942933	-0.5666629296545027	-0.01306481018141793	0.2395899672341328	-0.3208645695749943	-0.21466992275047692	0.25096090992909764	0.35750016051762645	0.08000467740804569	0.16952937185075387	-0.6629129074207744	-0.16676410931972604	-0.5433732107737964	0.3409327385877734	0.015385763540147306	0.10673311237886264	0.48989006865683943	-0.2820916419698311	0.36469320771414154	0.9365834735502191	-0.4325316968586773	1.3879895215436204	0.9492867047341724	-0.7439966724267553	0.4032725239604402	0.13556468989766368	0.3788842105900265	-0.07524068491715653	-0.6242586031858786	0.30767491426134796	0.24753146705188686	-0.015071555249205981	-0.4059740894243473
DTXSID8021141	-3.8459896165289167	1.3408721714007834	-2.907578943054899	0.22238195809032948	-1.963280771468667	0.9508123504117258	-0.9031264017462134	1.2002680694146826	-0.17674940125309482	6.372275146549292	0.5861437140515209	-1.4942345099432905	-1.542816041343653	1.8325663227039033	-2.0063556417425525	-1.7780735820822584	-1.7987675175907503	-1.243245919674976	0.6433812408610495	1.335215859839952	-1.0404378698638834	0.9944743934170782	0.013555215066339889	-0.7717405662556607	0.3699967978017894	0.7803064993705099	-0.3179175107642309	0.2770711144438016	-0.31449323392857914	0.22438122793702478	-0.6173113126930896	0.1747032701903951	1.3627396898672766	-0.07927510674008634	0.1519259107391163	1.120824044822248	0.08482064096945642	-0.4184764779108778	-0.8117481585190822	0.5372611764196582	0.9543203215670417	-0.9839333319764664	0.873872034089497	0.24919390022970464	0.2418686699159965	-0.022562937263713192	0.3598036603726688	0.33563613450211593	0.018225245806273445	-0.6533246856451994	-0.44578520544378314	-0.29254762223701264	0.34220746368129873	-0.06812628342437956	-0.12219514358773012	0.32448679685209636	-0.47400477452077894	0.14842830082833378	-0.44080168046425666	-0.8365087929897417	-0.48653164446376473	-0.4318111615720168	0.21599313106568474	1.2059282760742096	-0.05270211794209186	-0.25812752921569315	-0.1837854476665698	0.90371654404983	-0.26793842792284395	-0.4109223175662008	0.4371648526338635	-0.6596059939171591	0.08068751957222042	-1.2375224201198407	-0.26252754088166397	0.271010150347368	0.5455522141065616	-0.7729996877695182	0.8302757855771726	-0.9713383732240991	-0.1349603868325652	-1.0943524270190175	-0.47648912166091495	-0.16670933096702714	-0.5506731077981563	0.5474994745818619	0.8444965782708239	0.5245827568866317	-0.6174509508220656	-0.36570398436210094	0.40226713475473896	-0.7013503772213406	-0.9611584757891638	-0.26906868185129657	0.028077846621875808	-0.4144403523968853	0.5525626904641103	0.6673526010556197	-0.21790033335412523	-0.09304396400364828
DTXSID3023712	2.9496650888935663	2.517869968831137	-5.171816687368966	2.134969665628346	-1.909377080993448	-3.146227067091124	1.9451420930722763	0.06274651067298627	-2.321913069007251	2.694887429856655	-2.315244317277766	-0.44150127345823886	-0.48290130045377266	8.403507534564566	-0.5443167042062601	-2.6552243013650383	-1.3986197823625803	0.2882769171402805	2.0754666705060276	1.7003874008463313	-1.2156271084104624	-0.006195898717046449	-4.655784827416883	1.1441149880014874	-0.11623268961674785	-1.3850439264792407	2.6260502163605643	-1.0030737597806574	-0.42199221541097953	2.6483875662668344	0.9614036170521532	-1.7627033627299669	3.2277818316806477	1.3829197505560735	0.19724307674621158	-0.20046795538239662	0.5256915201871523	-2.3310950952752467	1.0939169913229694	-0.1239569782980296	-0.14952525512416254	1.5204073726988145	-0.1164177113113666	0.8769122780934714	-0.8242306276163791	-0.34299013658900895	-0.6070513719552313	-0.701594709247669	-0.8419127166745156	-1.6720023552105443	0.12737687876466508	-0.3266528410432206	-0.8388347906768298	0.6269308976229588	1.1967336698902424	-1.1230338205121309	-0.03421155170351861	0.7171676778026674	0.8682695755888316	-0.336708761804528	-0.5939698479324913	1.5186609281223238	-1.3859768749604184	-2.387448319974617	-0.11694304398312365	1.1009272599099464	-0.7024185815709071	-0.03247573379580602	1.1343791873708087	-0.23978592428299192	0.3136750253943334	-2.0225737310998557	0.644452092116657	0.25512782543730966	0.9371270974348926	0.15085946863319857	-0.09349279836486551	-0.8434201777220273	-0.6933380898370656	-0.17804580753820157	1.229164831451989	-0.6013841643718048	-0.3460313865068255	0.06448495660905804	0.44094518803135646	0.44926766056836104	0.6006151363802463	2.260388821363045	-0.026270220593584036	0.0461167563017383	-0.44491569371148776	0.5293961858481186	0.5922475449560267	0.33918310973823135	0.29374295434513753	0.696925542588801	-0.2912057278429562	0.005096826202454404	-0.5287645398511311	0.6246349305467047
DTXSID9045633	14.160573686967245	-3.6536309629616475	7.617847519837225	4.425309754715922	4.884735581809587	2.2862727450486826	-0.845902199109394	-0.7180730098998105	-2.04466085467688	0.8226834331072542	-0.04277797132922222	-0.42309278848672	-0.8672827920091853	1.251261204355343	-1.446642188884155	1.2460612811040117	-1.1636246939653092	0.32475200032152857	-1.3314544031491564	-0.10576098056544875	0.03094355062063171	-0.032533196319422	-0.37339373481068056	-0.2876530941839048	-0.2951080392253856	0.8347115535850064	-0.14673461110091096	-0.3961773790007026	-0.2259326312182923	-0.14588915604343344	-0.5620639720959512	-0.3563514966351934	-0.8778204561697761	-0.444897884796248	1.252488339033512	0.30358312964681394	0.09274021349606051	0.8993354233613267	0.5721652803779936	0.3306575983874419	0.10316294835358528	0.7816379793946674	-0.11056811936658692	-0.3368267526320093	0.01809841493710664	0.03876293361444512	-0.45218603484133574	0.37115462918741	0.0349565948288214	0.2689721576597569	0.21040808946360312	0.5956760160691513	0.15036873573762916	-0.07282774189162267	-0.3879583959815326	-0.4276229684405431	0.47285918026479445	0.07413325458768398	0.26474468266191	0.270108478796877	-0.29343010524183505	-0.05420484420098362	-0.2554582517695474	-1.4041735710949097	0.5625754482793174	0.047102688418139776	0.6215098454077619	-0.49119903218107747	0.3530562853731648	-0.6560247580115195	-0.6762605767040375	-0.03112412534380897	-0.6744448068042735	0.5784385467822392	-0.8604085847430685	-0.3444694787060148	-0.47820517653032074	0.49091426232635876	0.10440965281115679	-0.2759660880158762	0.7532113354075897	-0.14715743060745073	0.1615217713096815	-0.31440933934985354	-0.4557381095882326	-0.002637549426587663	0.44850611481970853	-0.16416920236722615	0.003824768739943949	-0.06711378304267125	0.11643993321080436	-0.09766580677477929	0.07535510765401383	-0.414103467216432	0.13485206616036105	0.21096500321041986	-0.07715993299674975	0.273079500879301	-0.4792250324480641	0.08443776586624203
DTXSID70537191	-3.5408282382995804	-3.016610695481109	-2.128501218436937	-4.810443907252321	0.4530864184242475	4.524300005733412	0.002388159486296455	-2.0017027923473987	3.503837922352736	-0.782273062606946	0.6384760311129692	-0.5431227993585087	0.3961904875111228	3.056327060827697	0.6111906499390211	0.6786423931283078	-0.7513552191579619	0.2520528372207674	1.3381195227011908	-0.6213154882571195	-0.6084877353210387	0.29433850659224475	-0.6991797974424506	0.03615607317539396	0.2827891686227911	-0.3269445916867183	0.7637604217750404	0.24397670697118395	0.3954355905530999	0.06967610038851735	0.01743618968702304	-0.2973228990142855	0.5189222937356002	0.29406681201722057	-0.06361327722351082	0.10326331194752214	-0.32406591083901803	-0.360482310460681	0.15345750393606625	-0.062380198574790165	-0.026629412159944358	0.09854667292977619	-0.32497065246917717	0.40040608585211634	-0.6686786043260767	0.3944812312389849	-0.018821444824842166	-0.36702489910782204	-0.052433873485724494	-0.6002199085364763	0.1387169144788181	-0.13497029092618248	-0.3904422206725703	0.15263651108739776	0.77569831645303	-0.8583692218689193	0.0016668887745538027	0.6009309933842953	-0.060545957887939206	-0.37778697501958314	-0.01953244063687098	0.3984014395642691	-0.4042151336963129	-1.1873121951419225	-0.424122950481182	-0.04247766183196717	0.1743025605877061	0.06030742240547549	0.6523055763489015	-0.22491860428807428	-0.39141142472436785	-0.3900028521049496	1.0049851725327488	-0.4647630348776986	-0.07784403240528037	0.05044262203594297	0.03235103745411175	-1.1459386285626703	-0.0447892633693818	0.3254369971464936	0.21898728901366257	-0.30213222372941373	0.4264539440099232	-0.37292413163875554	-0.050656411248449246	0.13003738176286317	-0.21787937970639548	-0.0036291679913180597	-0.49596971680884305	0.1516643607089673	0.39952502436590775	0.13622955393514052	-0.5971333276260813	0.8830017039192096	0.22047764894118194	-0.15696788743225382	0.17656956711203636	0.27017483989570323	-0.07707227827938433	-0.40357528909870555
DTXSID1024966	-4.84956948346158	0.8443674775297128	-1.3050152606911836	0.5374506255010894	-1.7463276401764893	2.0625472871231922	-0.4620822281452475	2.0893361388823406	-0.7690817366333954	2.399695100628987	0.19486443774005208	-0.12911668164277032	-0.1908838437292608	1.3837451342445897	-1.4913158508260065	-1.7602099144242838	0.12273472218390014	-0.5132836103065622	0.28921894493026606	0.2732458382271489	0.6246838136084283	-0.15905133981489855	0.2696088798721284	0.4714011159168914	-0.7707209519485462	-0.4940195626553578	-0.2741019090055445	-1.2769592719856218	-0.11713998515994964	0.1636170313157976	0.7560484555095267	0.4158348149804106	0.20138206001608205	-0.6410492595174627	-0.701398776253642	0.22164723387866378	-0.18238052583613013	0.4383384572859436	0.045405964427034796	0.3796310248335339	-0.5479067389714462	0.1345287694810821	0.0345249301232227	-0.00021001077340566338	0.11371849920497311	0.08258564466275764	0.12697238984074893	0.13019378465034698	-0.2645605502301339	0.1417198272625515	-0.22278140350961192	0.08853913715879427	-0.18143539295129466	-0.1042994257407188	-0.31886787908694636	0.12869071585644878	0.09051327203964044	-0.4305470307471651	-0.6691838546696266	0.06786561484331867	0.6232552335686172	-0.40092974558724775	0.3495425973672235	0.16220063271817836	0.16672382055859009	-0.4518791495298509	-0.015470104514294508	-0.14487723883876027	0.14446224104657243	0.07188818935338648	0.11870822672175844	0.18097929375740843	-0.22393207146407298	0.05406229111515439	0.1873523451389767	-0.09591426815536323	0.41791305400640893	-0.19565558807439182	-0.32395165798885267	0.038591977673094864	0.184143561590032	-0.07930460341837735	-0.16190367085127927	0.0014180077964940799	0.1259060111481133	0.22998179553379636	-0.10258497452607895	0.18588836026766895	-0.029462847897062612	0.01171150135091617	-0.10214555552633241	0.020788163811880662	-0.3708945397960768	-0.08183853437042941	-0.10490601863794623	-0.20480888625556623	0.13398565282539446	0.03538620444044051	-0.08637184888663035	0.03121833170372989
DTXSID1020437	-7.558133162596974	-2.8497451673411347	0.30399790502702895	-1.7417249920434983	-1.61567564718846	3.015002590260852	-0.20047921501593863	1.863260056983462	-0.48419453621014724	0.39549002042567527	-0.29143792718130385	-0.1100921848113493	0.36224531299046536	-0.5547938837046403	-0.5233920353013303	0.052786582805973384	-0.45447043902939666	-0.46041792612358384	-0.0018208910775791684	-0.006482347191552908	-0.35650948874389715	-0.03939592748217059	0.23168837847559737	-0.4299347754099036	-0.08683884065885271	0.5103517033672597	-0.10643974096472603	0.9874789381452914	0.2425314779579378	-0.3071865224795575	-0.4757842736625545	0.24352764005836564	0.8674915372645904	0.03681893680379015	0.9666599927874896	0.657279693741902	0.44192033449361323	-0.7211347788408152	-0.5781583720897279	0.30603382597616824	0.3023729616157606	-0.8069478119922535	-0.11685912841782373	0.061049344247954974	-0.23643482293919882	0.05391982630363471	0.19770246785158682	-0.3702675071437356	0.2472107745429772	-0.4483595768631491	-0.016993148844679788	-0.3365521919161591	0.2648607039264408	-0.08440759147943674	-0.01297490778954356	0.18287772414157027	-0.17164805436066063	0.48867719620518274	0.10910504394109999	-0.5021945349900334	-0.49444731815049664	0.07618590663202429	0.39851103938887633	0.6672965808025147	-0.7289466270476711	0.5485795900388493	0.11602994255628228	0.1198080873603445	-0.4381439168691056	0.08855645844564196	0.601234998738859	0.22386770180297252	0.04077996741375874	-0.8435214248855826	-0.4809970865365113	0.3301339907711656	-0.31386331733737033	-0.33215419744420627	1.193825317236379	-1.6296506907937152	0.3418496263894813	-0.5789073652351724	-0.3033437419024695	-0.3328006543403567	0.04070895317782441	-0.5994597045185678	0.38557642206272663	-0.19301514342245768	-0.350692482661153	0.2654996388216021	-0.31062123664062913	-0.20478280379479238	-0.8438226954261546	-0.1597077727975282	-0.10035621702037607	-0.0911373119228194	0.17280764139137078	-0.17857931602095156	-0.03745560173171033	0.019564485012313247
DTXSID0048892	0.24509756936214327	0.6176496423482626	0.44476295315441905	1.1828111282578129	-2.068566207343646	-0.36770384298622494	0.6955773936734133	0.741763799822592	-0.08434362124506009	-0.5991955104070316	-1.7536359118989913	-0.5668076319575411	0.47444052320299035	1.5288552608188135	2.2396948553071754	0.38086866592898516	0.09331608536076164	0.710562195719954	0.5015366083076178	-0.6413384736595702	0.25289647669682114	-0.4252500149991304	0.5940304337260398	0.9356558548450831	0.1201420246164542	0.400396047222718	2.241898911548204	0.007521900307302642	-0.02219631463408499	-0.6962663592017725	-1.2227645364817157	-0.9303252613699408	1.904487998524508	0.8205129475034618	0.3208081409425965	-1.544385187569388	0.08024066836858394	-0.17044268338530147	-0.5230329141055069	0.30429805391229964	1.528717280184547	1.0172807553236094	0.5377701826544734	-1.3192536798881564	-0.06568760239025107	0.8453212517340718	-0.4361459173739636	0.3547197385444322	0.2966581431398888	-0.2835433396919571	0.09365686711101681	-0.23169432657487687	0.7938974782344299	0.5325861665924754	0.2565432488703869	0.6644860997157184	1.0299083535130282	1.3428228451205066	-0.04458383532868888	0.3514687573890001	-0.7614026741006129	-0.20983412391115855	-0.42824304988200806	-1.251849090360005	0.19399032055990267	1.0485964352293025	-0.9586441059796157	-0.6442588294296413	-0.6269880818680209	0.860438360028021	2.675598605481705	0.41248965190920656	-1.12847694232902	-1.1806844827293737	-0.03588572657438183	0.722326413088232	-0.4468788441133893	0.690134889212425	-0.2948268567875111	-0.030693033662474636	1.4931674298651694	-0.3447068011298863	0.015293483837961709	1.481337197479113	-0.3296012723524739	0.623562868365327	1.3469420101992202	1.461300948270203	0.3999515707766839	0.250433333987947	1.2247643211401456	-0.8476629862848952	-0.8045649084059138	-0.7841442262145769	-0.29701651725428413	1.4612506268681982	-1.581612977335829	-0.03183923408232119	0.3738802890993832	-0.23723783733397086
DTXSID3021069	6.235587735975926	-1.8493345000157304	8.707530371930313	5.285931515001245	1.6306044409956666	3.3331720400746736	0.8247081982707009	-1.6692776652596966	-1.747884160971696	2.3176384223703037	-0.9811640157570648	-0.18577645906592596	0.7589710485950316	0.17358814527443825	0.6769280856418542	0.11599267436558018	0.30474433213951935	0.24802954820796733	1.2134373731265276	-0.039177537735381275	-1.5382634332304834	-0.6837304237725926	-1.9059275016721184	2.118449816063679	-0.9345280356422316	0.7912273830465868	0.5031036056607311	1.793840872772711	1.1395823450827105	-0.83118056610568	0.8167028674592652	-2.169747174987406	1.1213742651812886	-1.7408691515267793	3.6405469426357944	-2.5711836017357355	3.33106006245871	-1.8812618089835242	1.4562723532598194	1.2880796398901448	4.15949504170168	-0.6143069234448555	1.1529088255196256	-2.7481312825280217	2.5744723848979985	1.1463943726184456	1.7067466801370692	2.8140580442721532	-1.1948318893806202	1.8278217029747468	-0.38439270819663224	1.1210426855504219	-0.8145693481504908	-2.4756422426267557	1.3856014035549984	-0.41248583263134797	0.44652717574678663	-0.09219548505574182	-2.150722332267803	-0.3361293353004826	1.9848065778237647	0.9994088072880746	0.5348709317942137	1.836249223783114	0.16096209964196165	0.1444800699521006	0.5186413451127352	-0.29274380665229416	1.6952684977494707	-0.3422460923799149	-2.1308511082701873	1.2167247127782286	0.8128674897037985	0.4999902608499892	0.7456337858369362	-0.7735421584933754	0.6328316348589863	-1.2453919254686243	-0.4012531527175327	-0.03840792686821957	-1.6578139443043858	-0.19219901957341734	0.2669920786906195	-0.06466641471584221	0.39910742035962177	-0.2906005680220978	-0.6144882875360697	0.04733338523964547	0.29375866311125576	0.16091105831258554	-0.3159689801805326	0.7088639099877875	-0.2360683068507261	0.3118249261508998	-0.34054211012746727	-0.019417183286062872	0.1955320752803482	-0.23268360648256295	0.5016000969589572	0.37539204450520147
DTXSID6022557	-3.4265784173150298	-0.3282238651202127	-5.159814629143583	3.875872766295122	0.9380403541715557	-1.7466869399537015	8.734979188126129	-1.9933999318208981	-2.0663997123916826	-0.8366354742499665	0.8411291232681216	-2.2328092212345574	0.49277020053735454	-0.20100480337334486	-3.2694055242638913	-0.3245925855771921	-1.9337802574449827	-0.05861331356944926	2.228105091340346	-0.23791712557606343	1.1405658798823142	1.0720308675431036	-1.2535846410562208	0.11527785891494308	-1.177097985945607	0.4502025988018354	-0.26544274259835887	-0.5568267197646651	-0.8268711195450492	0.6393136132169946	-0.6696837213739006	1.466057995578462	0.1855396107681812	-0.05426806630508705	-1.0617658490131074	-0.38585136690028465	-0.3149783104351573	0.0785233820936133	0.3128027089904129	-0.4548520331853355	-0.712019755590441	-0.8011953679188307	0.2862764043141894	-0.6233214418311388	0.5841507638417609	-0.3544134964016857	0.6201726213914363	1.1595868947371533	-0.17228445121165012	-0.1682303206406467	-0.6677967991769703	0.35613887566559344	-0.9011117700358753	-0.1371325415422473	0.3664273979796298	0.0834363378274907	-0.39356840445812236	0.3570268134276999	-0.444378395565941	0.40924330448578256	0.11630881939580412	-0.37189900219717564	0.01457847484957678	0.4794260569029217	0.3980985801022621	-0.0621364221295458	0.223835121867307	-1.35334339408822	0.04776443087790192	0.4268137210019566	0.4022782566659546	-1.10159218067058	0.6416290578569194	-0.8098996901554364	-0.6068107742951494	0.5955585190851602	-0.41337435623804075	0.22092895155563097	-0.43991498776876553	-0.0024090900053366946	0.9051640084787899	-0.2674604920669468	-0.4388130785085942	-0.06809651477841132	0.17035092073975863	0.3367109431892187	0.007707593261657102	-0.16660040634618578	-0.13695604622669544	0.3537016387185288	-0.05465382812005508	0.43503357568700707	-0.48587329704601073	0.570469161603085	0.6716475472072898	0.6684583662706105	0.2047625621798931	-0.23566041016804376	0.961640358282145	0.0900463039957792
DTXSID4021761	-6.593667155671651	-3.9490323826032023	-0.6404018680976533	0.8129555911105327	-0.9176259156000203	-0.4574848027037893	-0.3056284269360773	-0.497810901800594	-0.34412567557438367	3.3856331422460006	-0.5425462831750342	-1.0444082057135018	-0.52591381117824	1.1629044635081347	-0.2933360581898019	-0.9230999169113374	0.12775917465853137	-0.012240033068268335	0.5796776646228651	-0.1643725372801988	-0.2722386212854005	0.2014041166449531	0.663006927726746	-0.26287199798060146	-0.2757012467706357	0.15713052099858343	-0.06271774746554028	-0.7083650376841897	-0.02231174353166965	-0.4602723463286208	0.3397022529809648	0.4332724048456395	-0.40861898227335464	0.45984618321594145	-0.16729975568718247	-0.9862358296824423	0.05062042607843582	0.29541747456885703	-0.23452301308935172	-0.15184333193224833	0.1340287888080523	-0.2499750961369109	-0.05363265756631558	0.010565436376334413	-0.6802122766906553	0.2553097613741948	0.034567278300396465	-0.15604531411345735	-0.057110755745822875	-0.05436092742767153	0.06198754032553725	-0.12305686298217638	-0.1253211949043835	-0.0084489529288031	-0.141517398043376	-0.029166026577162975	0.0737433835187834	0.156799026052517	-0.2830975099770189	-0.39091077059151025	0.24422103167694012	0.23026991673968442	0.18411416545847994	-0.44218402975565285	-0.13317229330418184	0.23436511359158188	-0.3930495513589754	-0.24317737545169815	-0.9926242817170416	0.17003943795702958	0.2232044743764272	-0.39553338896684276	0.8648934922301189	-0.5631721659167164	0.3688619427267043	0.30196517565640074	-0.551676886505812	-0.5457001246115718	0.098397871284866	0.012938016440905135	0.10757654690835415	-0.10953337602387286	0.8112004346051189	0.25510870295816274	-0.8498425916175921	-0.4828377627531068	-0.6897381446178449	-0.7157659296702792	0.07101552290996671	-0.5379834982720113	-0.19124231673238498	0.9817613826018162	0.6870962814676895	-0.2956820933480004	1.0833155040862055	-0.22460664335537378	-0.609523451464454	-0.2043635404370884	0.43116544835083137	-0.6070527115401493
DTXSID1048708	0.8088992727299388	4.829997689637999	0.48365517378695827	2.3324914158518717	-1.8072153172160559	-0.11443447066059051	0.8556206660562174	2.693016223778295	1.9177595068252573	-0.34338979941627795	1.2461619676551663	1.0880298666796804	-1.6986636049588724	1.8638747699199778	4.65960485542208	1.133285858108018	-0.28815665019411374	-0.5067143114763899	-4.812229681964709	-3.2714244743913685	0.1467042980351088	7.279441350365511	2.428631731125466	2.203802101146921	-3.467710507747296	0.5411981544741402	-0.18202144215255084	-2.316355379958866	-0.29886477282934937	-2.4421545376354206	0.9016319296136465	-0.11502827419418411	0.9544065706939859	-0.041561734090694	0.3540699042427516	-3.330088544508807	-5.336840085914306	3.66224108650807	-3.143461915960702	10.571591329987918	-0.09395876560005481	5.4446108209966395	3.639197533829253	-2.508823527169022	4.840438257810395	1.7099812312615652	4.338168740994503	0.6472030067616141	1.000401522023889	-3.0724618460095043	-0.09185034003069045	-1.9353011272814797	-9.40965514908383	6.439096597530949	9.051681332033917	4.06068865889906	0.5676787080216991	-6.1224786826633855	5.77178278948238	0.5473613591678789	-3.338241772904263	4.958663801616047	3.946444611934438	0.8063618977902953	-2.212633655751269	1.2849997546320011	1.7423138519575836	1.6426412504229673	-1.0330697220074423	-0.38219977231267344	-0.8097866253715729	-1.833517352850343	0.8379066144430767	-1.0174410761207688	-2.2364891933882864	1.3836199760654186	-0.4549491618911233	-0.9878752146221823	0.3840106108179483	-0.022123845446878797	-0.6474286680856377	-0.04950034387411622	0.11880808860028248	-0.16132196332593823	0.0017672836509367877	-0.5318845811052836	-0.56773607173477	-0.3533654098266852	0.8600971566694786	-0.1983234628488283	-0.22419197059921261	-0.3029936311787386	0.3015541575250726	-0.3348444435878044	-0.6408771371783054	-0.4098722681206203	-0.09308539940685845	-1.7985800733119903	-0.3645208814183511	-0.5065928745756051
DTXSID9026633	-3.9930363513800606	-2.4000892862234466	2.9979036923271605	-0.29318192528267634	-1.041319666986383	-0.2463596718938233	0.7675887098723176	-0.35953286106426185	0.8620422634675547	0.40269424633620515	0.2864805278964964	-0.152812635106087	0.36083075791663943	-0.610022821251196	0.6329528127374704	0.13283825090848844	-1.0845295592821014	0.03844642011070635	0.025683231208464666	0.35123411206729643	-0.27507169222161526	0.3516291422589455	-1.2358324893946946	-0.4444462938711283	-0.20237845677146282	-0.4012215482379807	0.31148212998971847	0.8531729437016967	0.21550273838895162	0.20515517136886285	0.5981354716497833	-0.4144741324088692	0.1152021245674295	-0.3959590590789426	-0.3250621540311394	-0.12697926959364314	-0.917656186780353	-0.4291540952750108	0.284956730717335	0.18758161619168717	-0.007776194654327367	0.26674152838054327	-0.36848800695304373	0.09794668048436772	0.2136281255869838	0.24384048173534817	0.25204738135868826	-0.010781330247258398	0.055354895849406734	-0.20819434632442171	-0.041067638378518526	-0.10530473180659308	0.015932483254495134	0.06263226497409974	0.15590992153406977	-0.46321761287519153	-0.19973742156648208	0.3282834542022443	-0.15360677490522565	0.06871892875851097	0.08024400107061595	-0.23812150674394508	-0.5244670364304904	0.10147828354209557	0.14954909290075344	0.04307187826098305	-0.0869940828365219	-0.11910542804111611	-0.4958620383016012	-0.7210726911575265	0.2528913555971523	0.05594788860887232	-0.054167412524657774	-0.032585105670169943	-0.5985325813380057	0.21109910195908485	0.014915038646351395	0.3846064787173573	0.3189447275891288	-0.038702513472945545	-0.1233497034212147	0.07986673949319578	0.0843166434794695	-0.39271464615457197	-0.09628731686030363	0.03891809043344854	0.045847970524401184	-0.6827727089017086	0.5535804401620112	-0.8258479063118652	-0.3071434044681078	-0.40089641839026124	-0.5127265199583664	-0.15276347424920797	0.6186406144134788	0.08271308637851013	0.2755157552168295	-0.20515794199070278	-0.33349922956793887	0.38526211017685424
DTXSID8041959	-4.621423586752754	-3.3120887251325195	-1.0585902725164804	-2.522469083148977	1.3815325937958831	2.0610119506479982	-0.6365765336286359	-1.2947659776185383	1.5776854834631602	-1.446947739091312	0.0029449218887950706	-0.41305892493817625	-0.2578075794980165	2.1507822582941496	-0.12363582149227165	0.0034054239310955022	-0.020749206143111994	-0.5629205125867531	0.648831763835116	-0.4793858493516822	0.11532309483651303	0.08227630756312015	0.5254539275599407	-0.10584469679482049	-0.0030176507726430227	-0.3215268770809543	-0.6304312736414476	0.5483352288751021	-0.11270090522082465	-0.18397838087027574	-0.2935839514125233	-0.04798130544275217	0.31137847488161635	-0.44000271957785686	-0.14050903947404259	-0.16231190039828425	-0.10598644731924273	-0.01318792859909109	0.15831125963728784	0.06208631830883906	-0.0008210144214411567	0.13667732044593814	-0.3148776748260517	-0.05149741324566326	-0.32006845709770376	0.08095984900958264	0.10284904885071468	0.0024637387622580007	0.030027393750637964	0.10559267772800927	0.04066357097912169	0.06466599428254564	0.09354957135114919	-0.08973026345787034	0.14783282420675678	0.00540129982748712	0.15171009573501276	0.14682988433421046	-0.1565249083498918	0.08790281608821791	0.18321871685693114	0.07306211040479509	0.14669286229916884	-0.06296207136062025	-0.03746240176556255	-0.33966984058251826	0.3943004065465047	-0.42143455312028355	0.1480978564317469	0.2078796185722776	0.03790792000291996	0.20914079159080126	-0.14609327697714347	0.03901438540813421	-1.4533193289959392	0.007199547405232806	-0.4117622623418035	0.2382824032933166	0.09399923789991153	-0.20592499427247302	0.19360289185286872	0.10926007554053434	0.06196878507844111	-0.13903690291150175	-0.18024818383814128	0.13869590182527494	0.0758367708737282	-0.6875570859870987	0.0979443563330504	-0.2206055602366943	0.19876594958461194	-0.30092968930695435	-0.24150056230233624	0.15899375074155922	0.03396892263758305	-0.2789226426408979	-0.1591889326937623	0.06028693511049577	-0.4374845824658689	-0.22924253691375446
DTXSID9034818	2.4292088696322494	1.188447384753184	-3.2744824924590437	-3.455056650197903e-05	0.25946237975175734	0.9602616973391533	5.605437725142823	1.426638402480452	-3.8394178261636633	-3.2044549847526835	0.22836021105072185	-0.4448682570518236	-0.6919135883653748	0.4379218334611462	-0.3884344756906519	-1.6023785795934844	-0.4108434448152796	0.3428940191939717	-0.8974321539987526	-0.17843778291463006	0.13148558871733076	-1.4703021833093737	0.022603688046394912	0.6749917013298932	0.30912677340361405	-0.8618254652137287	-0.41768971972798213	0.32600080727344927	0.31317814148831585	-0.44565386334574286	3.1837478823895884	-2.369673953841223	-0.3637640452458055	1.071677135923528	-3.2435088339560125	-3.216824143937555	4.181838054859061	3.178696584022713	0.8588119390162692	1.935747656335665	-0.5234944026023614	0.16634043790132877	-2.704321092050099	-2.383908687254661	-1.7767340125094595	4.744263474900573	3.9961491300599685	3.366350379405046	8.563981964861735	-0.4716720381258334	2.3628176547458923	-4.9376531773397	7.840758326952106	6.999979940626333	-3.4429134569660977	0.3701519384410958	-5.929770524373611	0.9364401398343731	2.41954131906559	-0.8263658221678913	-0.06574973498068627	-0.1451514482897635	-2.0384801039303126	1.1091457315764774	0.9547922536128081	2.406746571489379	2.378382730643544	1.3350168226391845	2.9890980637226354	-3.216685413728929	-3.4459209259186996	0.06815390669556028	0.8460260926407996	0.7435567850209771	-1.3015696064105	0.3422432391187028	0.4482716651109814	-0.6458627687119582	-1.1956823853550125	0.8783520348140152	-1.03114024114851	-0.16942232522195094	0.4346428215649551	0.08895913247401413	-0.02705462565290785	-0.14787528337705497	-1.059796220158042	-1.3165146153641742	0.31350593610356325	-1.2037269301786457	-0.2286718266367195	0.4583833324023162	-0.1500011649530011	0.8905575283487324	1.069454981215025	0.9575377459260479	-0.5559555945666946	-0.2005427673658635	-0.17638722905357482	-0.8764548093009206
DTXSID2020428	-5.982565970883737	-3.0206702319814234	-1.3054801640571063	-1.5678384640888057	0.3793373436635123	2.0107410220688937	-1.332954169333663	1.6036058014116032	-1.7626192563166168	-0.34082762620765156	2.5728886936148485	-1.2369265832865337	1.7608291948099242	-0.6041094428142274	0.7284267438951416	-1.306702974102631	0.752141039244794	-0.03304205030005037	-0.2596545636018019	0.02693264052060284	0.18677174617294603	0.24706684791868977	-0.0378696987495562	0.10000868001873871	0.0033144221667953597	0.2929712697646239	0.27584999655155346	-0.2749199438530515	-0.39702700944072716	0.2697530129931969	-0.5146933233706911	0.6503644644716907	0.2689413193982761	-0.12478968696906524	0.579999664930428	-0.7299590827583008	0.31463250627266787	-0.4355553796402633	0.6017885574315466	0.4110713767932233	-0.3572490581696271	0.4086758653490469	-0.6911091938841725	0.3349742158104648	0.0009088634835194443	-0.05941655813375703	0.17818798992304774	-0.6597007899218965	0.09897024441813293	0.12345879213959551	0.2617110300090277	-0.1946173474488514	0.37478336194016015	-0.11063619054885108	0.01902007705321179	-0.14630922700086316	0.37386357442949414	-0.3771786452881197	-0.1163529234247548	0.2073275316813319	-0.3622686198241997	-0.12807965464005086	-0.07155530647057223	0.16544682265087787	-0.14781864039091253	0.26681933416506026	-0.2155976327125455	-0.15844680305968914	-0.1988388752990707	0.4206173823667038	0.517872566745533	0.6058191669233948	0.07249909234229639	0.32855612539855805	-0.5152324939476198	-0.2236139729853091	-0.40724827447518175	-0.5311957195504334	-0.14199458943089177	-0.5258151414026843	0.2837221759491183	-0.4108089310445766	-0.31516291653417916	-0.5208090387186162	0.27550728366585414	0.13652746967226095	-0.45112259492363876	-0.3863560111279756	0.3411135386145349	0.3183253156955828	-0.7404017646924768	0.04152592671733079	0.16770501332897994	0.6041357695150271	-0.18796781983460398	0.6432984455665186	-0.3497791031008835	-0.08058072644182158	0.01924660479286495	0.007785336491885858
DTXSID0027513	-4.988397721334995	-3.249682497387263	-2.176102604684472	-2.243231103640587	0.34304419187458457	0.8977395516452871	-1.1928792534583301	-1.9066470105235125	-0.9199232868628233	-0.09189608441331344	-1.6232830259824287	-1.626446723927136	-2.7018509255824372	-1.860860928514923	0.573256772423281	0.3700757779549567	0.6111620370983152	-0.6347205591672479	0.19786335805863242	-0.24995546817016073	0.10285310445403369	-0.4954110652758353	0.5211784209843239	-0.09924220518078518	-0.13983240568362307	-0.5177645117866327	0.49633227938520913	-0.366438348478607	0.4130992535321716	0.22953307231416928	0.508413620735652	-0.24273133485419668	0.3482576301499191	-0.5917458927726694	0.14679533816139168	-0.25235268939689437	0.237228730319836	-0.18099571006694096	0.04015616780088598	0.4113617576833106	-0.12043811950349029	-0.3014183551834546	0.23164731370582484	0.20991716078736794	-0.21804028097216072	0.16634135745169393	-0.194999607906559	0.1872887855040127	0.22866353168613548	0.4368561334310013	0.09831826172237601	0.004835031766404063	0.25581735800053373	0.19023449901588188	0.2408770567286557	0.25488316191785837	0.3784408918682795	-0.1367406558137029	0.06503709115164569	0.30601405460564846	-0.17679388061596749	-0.07413636096882072	0.3258796573283904	0.4283504030399934	0.08685359915535106	-0.4701030270860712	0.007630463329638702	-0.384984484240469	-0.26236487937521114	0.10298174075954221	0.4465483529679618	-0.2676283866290204	0.0004944951620441369	-0.26322982715858084	-0.1721710898943007	0.17320374937123767	0.21232123618117454	-0.40230782087929984	0.18397885845640707	0.05123838389290281	0.42586842629502264	-0.27087217840568256	0.30451319822034384	-0.4118649973992399	0.5626649723486303	-0.37828112068423037	-0.7573477444022386	-0.08628623242177032	-0.3543144983079682	0.7524616094261255	-0.38518892378354236	0.2627548762695003	-0.43241011768344506	0.21753378039611662	0.2141394670842047	-0.3388963090595916	0.03502504953058106	0.26933743142468647	0.03353059595495207	-0.2834406490992097
DTXSID0037495	-3.1474181934247825	-0.8914481366047723	-4.018446468229521	1.1152530338116384	0.6359646798025408	-0.5657008280442577	5.115272320440994	0.7273821210915082	-0.8818873467070928	2.7947471916306585	-0.23065209591616592	-0.9206303107596651	0.28698569623105	2.3411008249623073	0.0340573355824265	-1.1732998971694348	-0.8488467712404723	-0.3056547118025458	-0.948389562228932	0.3974834951370836	-0.9222340621094505	0.603793366105358	-0.4551217104968442	-0.872143822831309	0.32516880301493545	-0.15044633923060688	0.3329780657038065	-1.5498176289368306	-0.1999687145867328	0.2354465909643961	-0.17116637521083278	0.03967375646973337	0.3579704743269014	-1.4666779377821655	-0.22744210841183177	0.17099014160142292	-0.37894384414089505	-0.5984145478647682	-0.10504586254595333	-0.28181001895862656	0.6726655295642148	2.506520423058588	-0.8725554487593031	0.2455403889544083	1.140580499066338	0.15631974287639752	-0.5278028911392615	-0.03331014591283469	-0.36780595315584896	0.2006539509101828	0.1246492817316842	0.18626056055280923	0.44764541441524786	0.647646781477888	-1.0716828456484	-0.19272707993765525	0.4870079557009407	0.7101540440947454	-0.19677006150290346	1.5780321124087215	-0.33626348531147143	0.6117776753969904	-0.6467376881895266	0.049077256255807396	-0.1254626553730942	0.2902586397882606	-1.0983952294011463	-0.8003666289935681	1.227399561510165	0.8721811897796605	0.1294040675470193	0.7897859866564746	-0.1623518936833008	1.9359337733675188	-0.9338333043468665	0.2111746112172175	-0.32127287170061625	0.13312573251643559	0.23783834374963048	-0.7210116242165666	0.45682771010047096	0.17308858635617227	-0.258342183292061	-0.45424606469057405	-0.11810360180261488	0.08520189262996258	0.24470764245781612	0.6466585250601223	0.7518442658074803	0.6390164352458001	-0.6808009916675627	-0.7169294960380476	0.21693911720220574	-0.5517782390824748	-0.0012601659087053286	-0.19233430266225468	-0.05335232657846759	-0.12453773493003545	-0.1165506469586244	0.17199284191022768
DTXSID0045599	18.515198369919688	-1.1102526695284671	-10.948312753910516	1.8035619602261044	7.8746066714666	-5.105381390290351	2.759419841331931	4.029903082629038	-6.121075504160235	1.1231380549153749	5.018490978876629	-2.943587435381205	2.4071209024544213	-0.8790031191647393	2.0474498309153364	-4.501882001837249	1.0849377364232062	-2.225019699699671	-3.1687407734879205	1.7421987537886576	-3.825467761917528	0.37090913409042275	5.410666796683698	-2.7709394716329205	3.2072209103996263	7.498719539815537	-2.1214054934089903	4.66103511053234	-6.2718407868778865	4.770210129842658	0.7362434909978223	-4.728658421994536	0.3945416581461536	3.9386352508941758	-3.052366664086166	-0.917256224743405	3.051070855505524	-15.474682005698856	0.6221707918616382	1.5256445022746885	-1.9816936312252684	-3.2861634905476413	3.5320103832055567	-0.4140096097259543	-9.725636905096694	29.16168724517455	8.802995290302992	-13.328644915320362	0.7207991489871401	15.1061660452355	-31.942868152184257	6.208278145096038	-17.789525257175217	-1.0844639720662612	-16.609257524035005	9.436099449206221	5.7478015334295005	10.361983558888348	23.2592784891359	0.906029107765323	-1.7648924117230784	-7.090605726400881	-1.1882032679085688	-1.4485639465683835	5.161921757129912	-7.307546907916465	6.387586284239281	4.655320133154304	1.1849074721711725	-3.100655263772456	0.517249232676212	3.768075739026001	6.429703840220119	1.1255043472887316	2.714519355944346	2.914433028342103	-0.2803329867184748	0.5224753527489823	-2.751475326678812	3.0412140421926153	0.9327944657639761	-1.2783663669270833	0.7768446170384693	-0.44978377181063905	-0.1675859042878183	-0.008795070150557171	3.0271381729782565	0.4830946153927121	-1.5365365182359347	0.8792301349694737	-2.452264997363877	-1.2341476825293773	2.028649129506377	-1.77509972469689	-0.15531600212714056	2.6142836470377318	0.24618742277385489	0.3558782175246254	-1.095517058808941	0.34080961188327746
DTXSID9037246	-3.3137760738703057	-2.901200139490988	-3.6514788830803804	1.1266260822301093	0.829913962235405	-1.066407427649306	1.3800882070484863	2.1179145598927156	-2.3156495026967634	6.132144287191464	0.23507872092109017	1.3236677216043475	3.3968723436322255	0.11096185809541373	-0.30394725688569824	9.033932163255566	3.612205670735352	-4.257742815059953	1.759304947273385	3.785732755719823	3.271076416530476	0.18584715324983417	2.0036108226153253	-1.6383494906817542	1.832112449527132	-3.329149527780021	2.7774881866901775	1.58582495967269	2.603314357240943	-1.7683331988467696	-2.7607449999024842	-0.10708770191278129	1.3755270301345326	1.7433213414919093	-0.4328364784708623	0.07569328446581193	0.2882876560398116	0.8741550788011491	0.04910673988698483	1.0447979009227364	-0.4416126583072452	0.9216804650641408	0.013558321814768801	1.7582168778215095	-1.3011171527814238	1.8454138062625864	1.827465002137001	0.2512628464108702	-0.7953320403624939	0.43691739775342203	-0.11923458266572301	1.8413609478056514	0.7181821334953705	-0.26256600250714185	1.1826264947272056	-0.4373316918355182	-1.3436926751259903	1.4141921716172114	0.9798223859327244	-1.7063639697188289	1.2021629456620424	1.194968584473385	1.4938588162665913	0.25725245429231713	-0.5118539428604196	1.7080210362113515	-0.6887453443938121	-2.09741236235836	-0.7408516777473492	-1.6442130476868102	0.9804581613762694	-0.5531017118904373	0.5114349303625322	-0.4375948412036738	-0.023986056363489102	-0.745203513128373	-0.4942999598118386	1.6086582023909404	0.5150559172161935	-0.25270700258562956	-0.5840134856471495	-0.1986930981312843	-0.562582337130964	-0.5296564888047591	-0.6036788488366676	-0.33068747680225735	-0.505684904247213	-1.0379962104262461	0.34522690469422523	-1.5930323788695535	-0.5592427344085273	0.39595574179804827	-0.8674483960646582	0.9375018238916702	0.10950942508515812	-1.000766283978652	0.5712783056846534	0.298281824445401	-0.5878772326398606	-0.10868658141163354
DTXSID5022643	-0.29559549604727364	-3.2028200306985606	-2.4635526417573175	1.9939790211442068	11.562660892619375	-2.9374034174913985	-1.75959865099933	9.027632373426695	9.22260270941801	-0.6200093224861971	-6.814274088801184	-3.3480893104696636	4.812692945694832	-5.953348161601922	-0.660179285970207	0.16889710194019644	-0.08537694492383907	0.23156533807420182	1.7103539405096975	1.2327943169359235	-6.26315908706658	-1.00508453146511	-6.243898998541799	-1.2355848480853162	-1.4645039549500907	-0.0540963488179793	-0.04175774700101561	-2.140652245228201	-1.9789700005884368	0.18541172818086538	-1.8398879433985824	0.6921485417774401	3.888771551650875	-0.285366027010101	-5.324887543109289	1.4982583155801228	7.5672134597506835	2.99412015296325	-2.416357744585854	2.3892140027459075	-1.2903493268764927	3.6889288250159797	4.316838715529286	-0.021410931478090298	-2.835059857549919	-0.6183594416857684	0.8783887831598397	-1.0296624631038038	-2.171111324136577	-1.5525165230277276	-0.3326603164363804	-0.4261193867868858	0.6998990596063372	-1.6285768647335361	-2.677523173730729	-0.463676576146007	1.418516942777156	-2.4369189436177128	-0.563929223270448	-0.6230138411725165	-0.7703216544478612	3.4500048530279352	0.6187747870263633	-0.890927949246392	2.4461121683396607	1.3392811178535904	-0.01610934752788762	-2.872930770261311	-3.65512703192723	0.535679962940699	-2.8933008687866493	2.982019943081201	-0.4356523604701388	-1.3724688083867773	-1.0125769537938416	4.481756506387149	3.0387730180620633	-1.7456836871177366	1.2648186025547308	1.3484394403396154	-0.667410025572649	1.5182209960706086	-1.0674159495377509	-0.8536024367030505	1.2680435130796004	0.7102578569185303	0.8985978848585227	-1.228636329480497	0.01764902421894655	0.50382711401971	0.35397224767103447	0.3953910295276553	0.5788406343329671	-0.8944389945105802	-0.6561020065903389	1.1649318447189827	0.17731661687395547	0.48335094308347676	0.13914877793596234	-0.18414530643992758
DTXSID0020072	-2.5696661427307266	4.737218483665169	-0.8786523852946663	1.3754390567240573	-2.6607010014788584	0.3959480125453384	-1.519144627830926	-0.31718263694055665	1.3913322372228456	2.572014797406522	1.148823059574182	-1.2651831631160508	-1.0282774858734256	0.2967394642097441	-1.2380027184223112	-0.322500142054705	-0.663241567740001	-0.5726581274335565	0.5151625112477627	0.5344885276508823	-0.9040058748174781	0.21194229706714998	-0.45155694643122773	-0.23771281658242124	-0.1715960883380936	1.0718392716600407	-0.157931660033193	0.35961230053205373	-0.3404395969199058	0.01870973041857401	-0.649868261947767	-0.25269240035499957	0.20266807740914902	0.185042931645351	0.5367805898195305	-0.4750472622902362	0.6584489011315018	0.03321861898366109	-0.06764503096050095	0.17700619912049456	0.5097591552509846	-0.11064751703645982	0.37783467418527755	-0.02967615958914108	0.07554257014061064	0.08360968878809107	-0.05262764006706448	-0.36809324570204854	0.028648760997820107	-0.4055562490919058	0.07876285317384941	-0.10053635851918984	0.20861549755430936	-0.16846931362271275	0.00370542829983831	-0.026994400055803974	0.13043734264894488	0.006480246142326916	0.29235249905709765	-0.37071017147480084	0.10166880396075731	0.26646320338488716	-0.5384719183153337	0.5476053201496266	0.2957981097493035	0.41426735923196994	-0.06431152494259017	0.13846714685015776	0.4673164441350096	0.5120133620892433	0.6346498816257348	-1.3311478135696886	0.4312787849061649	-0.21811944119901766	0.13914025632503757	0.4714663106399757	0.025231370787837205	0.5152857111240542	0.4866063168274846	-0.6139398304158837	0.28841424124839166	-0.05806278683478858	-0.16131930721145885	0.4021079517548494	-0.39258935840814063	0.3836198523972625	0.16146203183880348	-0.38836028689894564	-0.6369102803077296	-0.49144457253621354	0.5949590245349509	-0.3813746600747533	-0.1272313648053574	0.046163622427250244	0.03570544568243038	-0.025820288157748058	0.0797537003181186	0.7913467964360364	-0.8624674466990012	-0.3422199612311727
DTXSID2045315	8.146428054403934	5.023591798635369	-0.4055791789415773	0.5117960201067148	0.6916005733129135	-3.3010594228887142	-1.0241142899702333	0.20541053161132042	-0.8040281865824241	0.8220679537642203	6.738095640543835	-2.0515287135280866	1.7712656457384715	0.6085281748397591	4.955758213406114	-1.5462546616250061	-0.01546282403606107	1.7875878035078565	0.003679853346209454	-0.47237277934210753	-1.024503238600316	0.8070895891935436	0.2730507402200483	-0.4090580477183017	2.1879055180186278	-0.20548922688727894	0.9376796295086628	0.05939859166240354	-0.823501705588904	1.1772377927967546	-1.2186368688461118	1.33271809315455	1.093307323474879	0.06368620904227543	0.23463085347060825	-0.03486789507104548	-0.8564358681615837	-0.5998429531109063	1.2328844867933777	-0.7455111914616124	-1.0144006566564063	-0.02675838748950817	-1.4712277267805303	0.31140890001555754	0.7646086427442415	-0.3315915050495031	2.0694066622792593	0.15133412229707335	-0.11443395748197138	0.31028511662648073	-0.006877010298231751	-0.0346940233525088	1.0507171414584846	-0.5818828928244079	0.10939221353166012	-0.3375658501340745	-0.4904673375201668	-1.3413749178031018	-0.3849394803401867	1.0043735707369104	-1.0980532455222343	-1.3000921077565906	1.0111541167902125	-0.41847335278025233	0.2376196972176051	-1.3042864019810863	-0.32426729623364803	0.9868398317249532	-0.7007103774083223	0.7586960268067644	-2.0903443827771784	2.191005750976525	0.047521503152666004	-2.093482872777404	-0.38463139011155867	0.8626654572513835	-0.43278469327267427	-0.38336705129659554	0.07969245604528061	1.3082038038939856	-0.5794218556439582	0.28078943780330695	0.6641350275009624	-0.43777881955423853	-0.3803917382704458	-1.252929575873997	-0.9266290187443643	0.19707866906274876	1.2384613491676049	0.5548023967291208	-0.5967811676001405	1.6029055545869462	-0.9509377977351208	0.8274731833700777	-0.08172866788999113	-0.16079865067796267	-0.6828332676820993	-0.2582296437106416	-0.24878136273606452	0.0962094973748285
DTXSID8048941	1.9117668279643976	0.8876010455673629	0.5905667238001056	3.8167537841805927	-1.3459926065262167	0.7410722801713301	4.118516701651787	1.383491574487824	0.9483224549057656	-0.23626664114491056	0.5938065020349691	-0.4942501108707092	-0.65491578533623	-1.746758709378492	2.181871157778032	-0.5233976900520988	-2.564339777965837	-0.878619084386596	1.3886652351328101	2.8351488039126744	0.578927538570176	0.8963324503878124	0.31586569244018897	-0.6451029986015251	1.0913061363370282	1.1155681213198674	-0.550780418272529	0.8482008280472791	1.0544820819189775	-0.855066700691163	0.7023249987168756	0.1994304798633783	-0.7473793130044751	-0.9042282177684542	0.2988808619239385	0.3492615324473503	0.8932855662607672	0.0327002989429304	-0.7311710060935294	-1.0140794131759967	0.8093337577279619	0.4983376520761651	-1.070432521658895	0.7961763550796228	0.24782800250024872	0.8002257342646656	0.7887294876419018	-0.5438387185084871	0.5592891579252999	-0.6318799427835048	0.1033055722505754	-0.13335678699249356	-0.392665741426055	0.30237272599421616	0.4800342160329374	-1.9935619614007716	-1.2206061005717757	0.9972782933498482	-0.42395424389400027	0.298157524263954	-1.067424430600938	1.6233523921961588	-0.6056730234365878	-0.5682942005010216	-1.5509651976298382	-2.144347326390395	-0.24519131949094863	-0.5763123636658319	0.3374489999973608	-0.040808524414917634	1.8228572734572184	-0.22793522870264998	0.6309451380442149	-2.397740043452612	0.49010279736389917	0.6265262941322224	-0.32879108544250707	-1.1268060705097933	-1.1032608245248663	0.40204913852223484	-0.33128858792892113	0.6719744894896424	-1.3484107700745172	0.6253964009616604	1.229108023316051	-2.9618898132252043	1.4443404093172918	-0.12438307761336562	1.1432460360303047	-0.44296003630239744	2.202354712738133	-1.0869668663888716	0.9278214294702338	-1.0617855223283454	0.629589524405489	-1.392703840190654	-0.21720624723799536	-0.10576499308501579	1.2540838056576655	-0.2970857477666021
DTXSID4021892	-6.243456186841647	-0.5561102329857397	-0.0004445917030344608	1.4166669054744216	-0.1089871500171406	-0.14160188656369	1.6629721054531224	-1.2143083272408548	0.012450140111097496	-1.2831052799644838	0.44941083993735575	-0.1841313229805357	-0.16653034808306363	-0.445260263959875	-0.05462980711004511	0.14048372590811278	-0.5203736750988206	0.043425802018891575	-0.7961023155135504	0.7633013914932579	-1.4989954724898067	-0.5748552458834452	0.21072481560136747	-0.3422080656231974	1.3950581208878683	-1.7294206444755713	-0.7536958029805925	-0.22526061863672187	0.7869603161774845	-0.5341356302376931	1.0543424354594813	-0.6154087805441538	-0.21442659978780687	0.1594211542127234	0.5323605769021628	-0.14057464728369998	-0.025387298896554052	0.1435296003187371	-1.0598196530090076	0.4675190314370575	0.1955584027576109	-0.5524185297951452	0.6648307111040908	0.9230000874811908	-0.7221695708124751	0.014766476598572914	0.21713134933528544	-0.43692695187781844	0.41209851898951283	0.36934967899535465	0.12182155902652254	-0.5858719671473256	-0.1361850699885567	-0.4579907178674818	-0.27530085370328566	-0.3436345586780427	-0.0561329820365287	-0.6568748645790267	0.12984154468949646	-0.8635532220696277	-0.163150286394634	-0.32962449936039273	0.6228787567048555	-0.07461314340744461	-0.2641072985425344	0.3446709285383731	-0.16587827990225348	0.4916453254088616	-0.054653711071716904	-0.37131928274024023	0.013785364010223736	0.39109011821997647	-0.40004686679457174	0.48975706050835743	0.3797633096853652	-0.37006520516970326	-0.22460014461015004	-0.3833203500613614	-0.2554819555787661	-0.24870518634596087	0.10485780774530677	0.1964122194729657	-0.29483842665351684	-0.06125499057479796	0.29343076452361483	0.08532934933888162	-0.11713098089711599	-0.33851153668973866	-0.029761090359290376	0.008315654392399664	-0.1621042030460298	-0.25125208754407014	-0.40296442384041486	-0.4998693343341102	0.14993037640691548	-0.4378506686222802	0.06924393484418961	-0.1039598187777938	0.22433617518947596	-0.030650774341087577
DTXSID50229163	5.274366468081683	-0.6161241486383489	-4.456619812995955	-14.042337822930412	1.2820797196431313	14.584930727236351	2.148632290398351	-0.7197558029728867	6.430273993392144	0.5367081497856745	3.4560017233654854	-0.27745989742168625	4.225577496710678	5.35542450619323	-0.4706503737171671	1.6846769902543646	-2.9426884757385796	-0.9767222038418086	2.6702733420017997	-1.5850442415595936	-2.79056879558949	0.95169773455328	2.5038674530034384	-0.8980055339075339	-0.48826023946674424	0.6232863621286086	-1.0378136042586747	-0.03985266998988082	0.5347266804165979	-0.45078235362522423	-0.6033733677118059	-1.7196071189820683	0.10517784790739353	0.9642981332936226	0.10167814313931754	1.0182623983885226	0.6961838679357124	-0.2610379779692671	-0.45254424352023725	0.4461802950866104	0.6159852728955596	-0.6137945838287551	-0.34984395885696823	0.23063760693742008	-0.1658979552447373	0.45215719114404945	-0.3339032882858836	0.035008836067503275	-0.5191299958454971	-0.29113621015707136	-0.062033812144092364	0.02119771558645761	-0.1238544880866962	0.1990104245022107	0.21475432757722837	0.3647533398138735	0.6437952552465321	1.2989887588930686	-0.6271458547882431	-0.3042587966713911	0.3836744267562398	0.9407908794203889	-0.5308426696469959	0.17819374386027184	-0.3937811619869215	0.43428194094007955	0.4011473230433334	-0.005344773256397912	-0.07566181853182401	-1.1404118113213213	-1.1552856287170779	0.2082710915697605	-0.7467466253790978	-0.5652175167771314	0.17360856368882222	0.2518533070507418	-0.9445526674343285	-0.15972048256219054	1.7747662085037574	-2.391075030176441	0.38422817555495603	0.40697552581576124	-0.05046032992360198	0.3946375464494192	-0.8078848808002964	-1.1514612068093948	0.4978005486534491	-0.2886517453920745	-0.3106491421259358	0.11717367339278949	-0.14332782543963454	0.35731678507529524	-0.9202314238011631	-0.6299120335675179	-0.022197484668457244	-0.25306586120407776	-0.3612177553399594	-0.23683480812672394	-0.17723203304080556	-0.4268507869004252
DTXSID4023042	5.618762790016581	1.7564498404300084	-0.07438962240601064	-0.8096698057955972	0.6171473415830816	-0.13938902501711642	-1.0444451538056423	4.148580547623971	-1.896095373348179	-2.732951440164578	-0.5620064796721493	0.5762484237107284	-0.9489079611680685	3.6477295829068925	-1.3469238488947928	-1.0394570864038244	0.944361168170875	-0.7916856918285019	1.105633011419587	-0.8139707531997554	2.0524751657394793	-0.5326187214673409	-0.22156350688165719	0.759004741826033	-0.41694147005053867	-1.2849970516515437	-0.4792872974369728	-0.5788423355058019	0.2363496999032577	-0.5193990750027595	-0.21508158415338524	0.6454915224039964	0.8827293927800549	-0.23538250430282875	-1.6563031153759427	0.7093068941425881	-0.7035863210696903	-0.3114844617717804	-0.5477737533362528	-0.7083367154544342	-0.1860881406763101	-0.03811172637700574	-0.443308543866072	0.6242960905424905	-0.6722529068683964	-0.150598362210437	-0.13224212973341493	-0.7302269703940468	-0.4607130383746187	-0.30302524492632704	-0.30610367788820214	-0.43297719892747777	-0.4430574509199393	-0.2780906882980717	0.12337845134145414	-0.2750539586057046	-0.45000860882414423	0.23085661619862596	-0.5991192113454441	-0.37616772688441275	-0.12429772411434716	0.6852761600920255	0.6503559013142152	0.066078746975684	-1.0580393449034666	-2.000837642648271	0.3101804618098603	-0.3906617326487357	1.4497718558145907	-0.4358148608761109	-0.7574237187626224	-0.2613581814734975	0.6244690694901466	0.42136848912186664	0.5540484568911058	-0.20239160278322632	1.0861392913959722	-0.7994383059533695	-0.2762724851691628	-0.08798125300207102	-0.3623726678549526	0.6697546936062975	-0.29990613396811	0.6214880331234791	0.08160496229083221	0.4435295547969457	0.08921723252165868	-0.22253176762888416	0.5766823695292391	0.11141153040910783	1.2632088211995132	1.2005726984083178	-0.15943572597232403	-0.2102548687033454	0.32845912115618364	0.5707106928140573	-1.1603962353092798	-0.15135765793090883	-0.07173998259237899	-0.13135232963418583
DTXSID7047435	10.926615449102934	-3.8828034386854955	7.267317691583559	5.347549202332177	4.7480356109359985	5.751589999002119	-0.4790128695475062	-2.226944347597715	-1.351208935864158	0.9038495550473132	0.6975720230825952	-1.1056096457940576	-0.5253299789864775	1.1218128691556593	-1.7943641046009895	2.5573292074736282	-1.3466499463791477	1.4881253034065243	-2.953669430332458	0.8182312624364864	0.2608133029360023	-0.9494669326777132	-0.33674346466634336	1.1531950880572066	-1.4236095107353697	-0.13417279483538777	2.1141932029985773	0.6506578764977453	-0.29007848179996887	1.024318291911045	0.6145520597663073	-0.16911554163612402	0.226605658304342	-0.16701009442439188	-2.0458833950780644	-0.3448711393349663	-1.2661688130183264	0.054281312848432316	-0.6543905722341757	-1.4955199572804798	-0.8147789799781102	-0.6665186581757976	0.8549995082388505	0.6078267738554841	-0.1730311586073433	-0.6228616425105641	0.7765033453342071	-1.3323671132644046	0.1496415880219586	-0.3006367784528243	-0.026670486679227452	-0.8020730847546692	0.4000181142627894	-0.22840103498936828	-0.1317665500660895	0.18043340543346456	-1.2486007276138162	-0.8672366967391015	1.3255431353644938	0.7918531722687985	1.746946645747877	0.7461591855633468	-0.17965715653365003	1.788421296716069	0.3181176680186167	0.654456773802807	-1.0257895266850972	1.1482523531696458	-0.203733856182336	1.6292518372510045	2.0483620037044843	0.3143805287757523	0.1561856491563425	0.2659120050808653	0.4292263120579757	0.9234792139374297	0.5591189302043305	0.08223837629057461	-0.35780287316426734	0.05652461111532847	-0.7668393619718168	-0.1753703919331182	-0.5905420124480838	0.499428014569705	0.36762068992105706	0.26073653183917006	-0.32714864677952976	0.2353560467734152	-0.32697987597972544	0.07948331240342789	0.5240028610741816	0.3982195997142205	0.2564680949450255	0.2302519912758917	0.32472825361526186	-0.17568857713001076	0.26567115238224703	-0.01989268335936911	-0.1591300179914306	0.06509656938799704
DTXSID2032554	8.609013126375343	1.6657721689182947	-0.11083117548063055	-0.844975055823891	5.495318818689149	-1.1803847234959775	-0.9753050025170963	4.09655500776888	1.771899767332905	-1.8975032965977943	-2.895878157943536	0.9718112287975547	0.7235693524596933	1.176842714418477	-0.5949273663854475	-1.9744025300697978	0.2305435237333409	-0.7744033365414006	1.4378283296165781	-0.5184193019420329	-0.7973599420002193	-0.3479325528484824	-0.1368245814115065	0.13293618210579564	-0.07946276860136495	0.06508470353287707	-0.5755751989318353	-0.12060721694872295	-0.38498206297136744	-0.026136318322959966	0.759327311767927	0.14936657942383136	0.7900293385509214	-1.0295896931582156	0.3531771194687306	-0.47543482500837453	1.1366640611732415	0.44288179916503356	0.5010894545825552	0.6102217856981557	-0.8341359704219928	-0.5586881720583649	0.8442327519087455	-0.44839099476129857	0.6629971628457944	-0.47275277160258905	-0.16702453761573965	0.3922412014364594	-0.05682754569858125	0.014662027447048006	-0.023262210068189508	0.10160953450602274	0.1592835692278624	-0.6133864724677769	0.09320795510329284	0.14378807678415514	-0.013902934761412555	-0.44341714202945803	0.5801680237678918	0.6527492293148223	0.23080324543232858	-0.044060856623442904	-0.24069062199235747	-0.048863691879065106	0.7399348514071322	-0.3444581350380443	1.4493038553578173	0.14336610725078044	0.001061076951734615	-0.2675212869876116	1.428722992111852	-0.7316755300214588	-0.8536910300199761	-0.520939649488557	-0.38911050680876963	-0.9687979528200199	-0.8381197326146778	2.552930660849283	-0.9836396831391083	1.4424474308915909	-1.0192681166190278	-1.04788164057242	1.3483342338591968	-0.7270134498675156	-0.5085444039158235	-1.5480556902565392	1.403535926796158	0.6790078081212502	-1.3395378851653266	-0.07030274850779798	-1.8351686523727397	0.8548171371545825	-1.9865410460662873	2.0214313303798694	0.19265952181226215	0.3566074359110143	-1.3329364828034194	-0.4199724702215814	-0.32133345212767034	-0.06309766061199251
DTXSID8021517	-4.455177732554934	-3.0076677657303166	-2.3360476213051804	-1.0675719777584791	2.1113414757029325	-0.7695404007915497	-3.6084831789273077	-0.07279944366256143	-2.5784626816023497	-0.5482620048460353	5.583861525089576	-2.4465965907133174	2.3525630357617837	-0.7539458643398342	2.123214777022126	-1.4576084513437815	0.6062634604945586	0.6107410753700255	0.11188372267784673	0.764077459587976	0.15963041309930892	0.7567037389462947	-1.5982375364627333	-0.5065053734279394	1.2161378281737898	0.3643848745901682	-0.08055832389271213	0.026253139314897502	-0.2284545362925075	0.364688346599985	-0.08473109627142524	0.9305118905855532	0.010342773830877637	0.38223713363179246	0.3849355699358394	-0.9407217826296778	0.6560606750561461	-0.586524348418033	0.8883080774451231	0.48218078296903655	-0.673573350316088	-0.43864968643530605	-0.8691337476922032	0.2854783178118951	0.07727423312846006	0.13627244949207748	0.5899587833839961	-0.2805481985433585	0.16246278241896359	0.1591211743896844	-0.05820349548958803	-0.30061383246669887	0.03901704629219835	-0.25547836668290824	0.638448063397355	-0.5379093833793471	-0.01999357976780752	-1.3814079373686632	-0.37489394785434776	0.35112562815046783	-0.758962977434217	-0.9500777989210892	0.5297158163572837	1.1241353105981087	-0.053100552080065914	-0.34936541282341615	-0.4990700008374443	-0.22824141327620148	-0.5802951042715552	-0.2211774760902759	0.6706871432496628	0.029278089536537943	0.24935918622782108	-0.07707507285799232	-0.07398110389271417	0.5660302552800272	0.17419647914982922	-0.7897645873624473	-0.38238652766716946	-0.12239125461593874	0.5033449715374922	-0.31522682560105986	0.032115484320655835	-0.19064986131185044	0.46841334362260884	-0.1459103053323067	-0.5177292652935639	-0.20200449302677215	-0.31706267311601727	0.899051564425564	-0.2180110871647093	0.7488634435785751	-1.1148345790743517	0.2785556175886503	-0.05504594431380548	0.3665065300886978	-0.7159767633299486	0.16409543031438498	-0.09339403386401554	-0.05644533294665431
DTXSID6026115	-3.935442635677886	-0.10135893719794893	0.8139849849872209	1.5316277369799722	-1.2384525773773074	-0.3024526429320755	0.1897354791636228	-0.60630674700236	1.561893031427564	-0.011469248059253189	0.35645941073348386	-0.7325401096001648	-0.3284918048001675	-1.0095132527180648	0.48564451557865157	0.175216680875195	0.24077128582297197	-0.04087885852071775	0.15080853893006538	-0.24529910724720744	0.7215647762064084	0.10335685751532706	0.5503336102894573	-0.1855389954385263	0.48285032050419124	-0.3487602347648391	0.5174743306979563	0.31839895277057784	0.125605225430292	-0.017932830684350656	0.17735763804120175	0.005801464382310495	0.36047385993384606	-0.42352013322554627	-0.5376391321282132	-0.4267287581395075	-0.3385102753841525	0.03465851244344287	0.48162463827113017	0.1264526746137201	0.17429832524331176	0.39673020909248247	-0.18267855159774643	0.21320594551008987	-0.39302110418622477	0.3414837377106261	0.14452734818796276	-0.05389614871923431	-0.007388010643054104	0.30431042024529575	0.030396272783245547	0.18619156344313686	0.10651110142198872	0.17571780216510627	0.1583564102429857	-0.4636256736372903	0.3906255844107878	-0.05775288867431893	-0.42092555543537974	0.044807893078893025	0.3309325067870954	0.24292172357894437	-0.25513579344487874	-0.08129738290130613	0.09443407459212351	-0.22827949966107577	0.2404585234963774	-0.1540287486584086	-0.08487999581233652	-0.2806421668036638	0.014447133481801235	0.10136525142443803	-0.19581136225964357	0.040629084848027734	-0.5723157080785493	0.3111867528004368	0.3476295214125378	0.3528780748205011	0.13713068273444637	-0.2727005307725231	-0.17635393396382612	-0.36454566560589674	0.23447043561037564	0.36989902894337656	-0.023710645682609634	-0.21590504639386413	-0.09397799744734534	0.5852616428085586	0.7055375405239097	-0.10439603737862022	0.13511100176407922	-0.3249776436614059	-0.004444795344405897	-0.7044838313160806	-0.18754894215433976	-0.0547914685504292	-0.5151951939255386	-0.3794099557852056	0.7124042757162488	-0.09280574429293789
DTXSID7038810	-1.7445191955546697	-0.356511206930993	2.2747952944893575	-1.8343524283164567	-2.1284537191319	1.6994795949048498	0.32017497680140544	1.1073380868020182	-0.02569902271156577	1.0089832713340494	-0.4235543081998067	-0.5322227844497627	-0.12857171977113308	-1.3529495906025097	-0.18835910918401355	0.24079788004113853	0.37797464605894293	1.4903518837524083	-1.5056927980818153	-0.5760242750283825	1.2958353535314073	-1.2499870227395307	-0.9666922809931756	-1.7101773139059506	1.7200790047607868	-1.4897730438217474	-1.3291689440669296	-1.9447623916826249	-0.28699777641100355	-0.11117760255635499	-0.25418302160850165	-1.0120110538941147	0.6996604738614309	1.858022211823666	-2.3978481804962817	0.2789822253473531	0.2948566760246561	-0.0937100613077138	-0.5529988527097757	-0.9214254469392222	-0.5358679857310918	-1.1829637413667666	-0.6578751142192808	-1.9543977421768404	0.5545555009961755	0.13179402063260015	-0.6536871559580858	0.707460520525217	-0.17034646981715693	-0.36984706055807365	-0.5689103898188288	-0.22090206343962263	-0.7992742729542206	-0.27538016100260126	0.4219130882732813	0.2625609518300122	0.7669650230911254	-0.46516097858465977	0.8887570601605906	0.8640528737346637	1.1471309966588015	0.07935095015697123	1.6004308564538783	1.0213831012692298	0.044385039957855345	0.9764010539887761	-1.0783414244663685	-0.2251207392326275	2.1739611843086113	-0.28530134745075936	-0.2617522473961721	0.28907740437590457	0.43527453117284426	-1.2516862357368705	-0.348367412878053	0.4583939451509631	0.09433230727712477	0.5522925943364347	1.4382868911042588	-0.8755505138827613	1.4940392784373413	0.5145317736630032	0.9605461446554817	1.616863841824727	-1.1819908135227633	-0.9975573299916598	2.098480054728138	0.7505643035524312	-0.8908419875505691	0.09568058083273971	-0.6614802579193142	-0.33822690195991617	-0.5314108207270406	-0.6214376059694268	1.1778504480776624	0.29381359005949764	0.5210760175640838	0.6904478590336631	-0.11138483757067182	-0.1936053200888933
DTXSID6029254	-2.958815222002882	-2.808482224042836	2.142792538574052	-0.6175631017356045	0.9713938136179552	-0.5087348926068723	-1.1064720992785986	-0.46569981670923827	-1.174781251547677	0.4071018223452765	2.256959363295029	-1.0332589994396952	1.5797131707069245	-0.5758593732795385	2.1058214708810556	-0.7324307292012008	0.9314444415413686	0.8903897929414823	0.4264350822126814	-0.756122618739566	-0.151115928692096	-0.08311252633197348	0.45579474043464796	-0.4890163639456707	0.7835170270175701	0.19996609633683182	-0.14268709511396732	-0.9569142173723814	-0.16761764633932044	-0.14942940219906484	-0.45583715631100474	0.5547445152154111	0.35421304471472065	0.5500968107073239	0.06362215324738822	-0.21312087421458287	0.4187553354547029	0.16579492248844027	-0.3153826504659773	-0.16470961577746154	-0.03661269792697747	0.0339370227792096	-1.031201859965031	-0.5015279811624812	-0.37117959836688075	0.08532814100633224	0.02939638179621905	-0.6556131627673378	0.1586121776520396	-0.3303512925495872	0.045531505029451934	-0.3651192724527362	-0.030792864041573473	-0.19931883415203958	0.02217768694396929	-0.1053372858413739	0.3812845930887969	-0.23932428144587584	-0.1279379103066208	0.4036508154520537	-0.4022897654981334	-0.19952891583343543	0.4811218927284162	-0.4777164169677133	-0.3309863827105103	0.08926433013521483	-1.2222738369219273	0.21021504423945056	0.345020568965478	0.7348209584652442	0.3090702944319514	-0.022312748716161596	1.1386411180567289	-0.3749320922531582	-0.2710925261344802	0.04728754098886659	0.14271270516351997	-0.0642542233303861	0.18007500343961894	-0.3738618078791609	-0.05874175177005475	-0.6107698530416386	-0.2189567832921598	-0.17805638315241615	0.024883721211687627	0.3342806142739255	-0.2319853065961472	-0.5364907930133447	-0.5732795450392367	-0.13239209121762582	-0.05498571528032181	0.02146806249036626	0.4047217573525684	0.5208710838168289	-0.5071804345319525	-0.38402161212827496	0.14483641517684012	0.1592695884823969	0.09274259381966601	-0.4114817005368052
DTXSID1044809	-3.3336627937978287	-2.1716340824583176	3.00389729153162	-0.48144490411917884	-0.9549627297863077	-0.6945614897848524	0.1936773627688199	-0.9677335877456535	0.7207601367926614	0.5320255024368397	-0.06974143770197498	-0.18904887039945015	0.7309141710250002	-0.07510843024238267	0.3492404114479769	-0.07365657254440854	0.8438607886023716	0.7105347112274921	-0.12910074812126057	-1.3158885825244935	-0.11163562996716295	-0.616845157959797	1.2338302023094219	-0.045229873294184264	-0.07892508295851862	0.025645791854727592	0.0841153820142375	-0.47972566684898404	0.15507548563975704	-0.3183987366371936	-0.20808541309044576	0.29074113372145066	0.33294104871590274	-0.0432218609370205	-0.8897642948649673	-0.00034348927103719853	0.46203439829663817	-0.05637372890489552	-0.8279602270145424	-0.7867503108330246	0.5231476063570699	-0.10287076330416266	0.0004659003084347395	-0.1645265573756457	0.2782695303512341	-0.23073977716142474	-0.41369115471482054	-0.3895492771200421	0.05366133505082673	-0.1410085393033263	-0.01290177328637227	-0.46360076505886166	0.20093628558439824	-0.03455699842678976	-0.0826658863510938	0.003592091479898141	0.4485258559175134	0.038133912847582475	0.3868525178610295	0.6704218638764258	-0.3758314011737699	0.25397421291875	-0.020219044688369825	-0.04454828501586523	-0.8441242746119331	0.1874094446708706	0.35291848385494956	-0.2883316462419189	0.3735340073965743	0.15933398137317717	0.1688375204772228	-0.45834431575369056	0.5916440336289515	0.09333875847940862	0.5007310805350664	-0.4629022148619979	0.06872463199959664	-0.2202765308627274	-0.07329526101237184	-0.03501908104153057	-0.7348077827965109	-0.20024140040527338	-0.40216297243427707	-0.13054588241771123	-0.015923129099501932	0.4468099894270124	0.6030046588774337	-0.02734616628483146	0.06344103874935975	-0.21392236791529654	0.31858255923244044	-0.10688524420516912	-0.36151732567511285	-0.03896517524093876	0.07593987345776274	0.2418098563131424	-0.1597682970432067	-0.3847912950522512	-0.08069988905969123	0.3751186906792371
DTXSID6021163	23.95119483027318	-7.035716518581728	-4.301351465411917	2.795119579353089	-2.707946664764731	-2.6547809253300696	-3.1488224960775884	0.4132839152154555	-0.3871007625677736	-2.2481590039451675	4.111489349408664	0.278454332524597	0.37102882465017556	1.340792481567059	-2.212085479096884	-2.3104580264565984	2.1724373821493055	-1.5860646635367954	1.1173468809012743	-0.23978923578758346	-0.28159292141605585	0.37352302201102705	2.4822341545360875	0.2156387654614634	0.06365329430532465	-0.589112406645003	0.6228292683627283	-0.2683792903585655	-0.00875992289914565	-0.02574246495721223	-0.27723229610007655	1.8675259437188862	0.6880609685215687	0.6405296452298198	-3.0761493053063105	-2.044136058914702	0.16326508248684857	-0.8408400217238798	-1.3593960066767634	-1.23978853561116	0.4269012702443542	-1.6013823046055649	0.5376262812433777	1.5279636843078577	0.35609474252354617	-0.27845100691588276	1.0465634363435596	-1.1208128105042816	-0.49899397406220203	0.2818302185650148	-0.16496014878600262	-0.8989170787735701	0.21673161009117198	-0.007721431965751403	0.18562922799067821	0.615158207527991	0.8448586335272038	-1.7334860202897036	-0.4776626578476087	0.40378759743195347	-0.21163941933659058	-0.17947436871659325	0.49154558275947785	2.3292327905711114	-1.1932437350256395	0.10550650850109493	-0.032892944238496626	0.30615381549976994	-1.4763095862062554	-1.4354839422387078	-2.304513438367145	0.1696941139838102	-0.7161331831177371	0.7005677890199382	4.563671040948553	-2.3898912536146084	1.9663012594042792	-1.2160584608763563	1.625212622237009	-1.769878373432733	0.9392498447029619	-0.45844110550383055	-0.6795995133883381	-0.7633491927137188	-0.8103690652158629	0.06627245718317491	-0.2083805483473033	-0.3949248790595315	0.29673023124675885	-0.6731232112313043	0.49528256589245806	-0.07969411094294963	2.3934097994162458	-0.07147655387404488	-0.6009898841637503	-0.36861386452529293	-1.4526871254444762	0.19405833055668806	-1.4171564835777273	-0.9376683175713515
DTXSID3024239	2.9206772263395515	2.9931272329820864	-0.7379125515959155	-0.49417798489394216	-1.3849938932974553	0.6644691390976675	2.8899287011459784	1.8066066914127925	-2.1678786882792256	-2.004696582305686	-1.0029255567178774	0.45421311720045027	0.8282888469701174	1.2341540393075323	0.09852320176217462	-0.6244513540723216	0.5007935540078975	0.37112994518809983	-0.11202157170544745	-0.37432950007172705	-0.624191051190481	-0.9475280501090855	-0.8706939401522633	0.5124270928986986	-0.47421925052704866	-0.0712797924686779	-0.11660490838541553	-1.8646860549676787	0.46872019078467886	-0.28590847622746224	-0.14488072758033396	-0.6972146306572516	-0.42591728801741874	-0.12588299281080076	0.42307686364724467	0.15750950657087306	0.8983003614369821	0.21271831960959098	-0.4223440191132761	-0.4392223682201333	0.016685629354357655	0.5759521523372306	-0.7325501558205533	-0.9235470181063147	0.16643619629752215	0.29558817542454013	-1.1195264009303267	-0.47544909865242174	-0.1966014189246371	-0.17527704565004962	0.12285650025570165	-0.10057403451682369	-0.007745481494217521	0.06435345756739916	-0.45894150224273084	0.2294017379632032	0.6100533301882644	0.43594720684729626	0.526179771057896	1.075023201070298	-0.3355361587274611	0.6481263572771664	-0.22738487587279696	-0.057397551775350095	-0.2723251295473702	0.22003535752136452	-0.84458747819142	-0.6084314982079977	0.6241406387166597	1.0764487142331687	1.1771917929426672	-0.8495790533714477	0.4610400736753738	1.2405339575266068	0.5339531663974373	0.8462655310712672	0.6450465490223036	1.436642130774243	1.1021471610672224	-1.143340110044151	0.08276709361173182	0.3702444899497959	-0.2012155091165816	0.20206273082145257	0.14713818101256926	-0.022580875794803643	-0.4764017537279243	-0.299991544623174	0.07164585028839751	0.06301064244769011	0.2347782349853709	0.24037812753211696	0.1134217354711067	0.39350410840022926	-0.32567923933135434	-0.1440957462296792	-0.8898276140004864	-0.3380231049932582	-0.7508856650996601	0.2524445444686646
DTXSID6047286	15.146024058198734	0.5764494580413885	3.461886783942246	0.6585104843183585	4.179367044452392	-2.8575290121508434	-1.3197823145788896	1.3385973633611687	-2.731799222123976	-0.32868281005481836	0.152190825870523	-0.2627924167827003	0.9998127567158133	2.995392982757837	2.38505148515553	-1.323625946184792	0.574091696496478	0.4162857743709929	2.948141942442136	-1.1834119213533498	-0.10349327864601428	0.07012888180550314	-1.8351986001328455	0.6772411702939358	0.4381810303887695	0.02117580081990117	-0.37796798755913147	0.03692181269177083	-0.15815539479368482	0.10953187562437917	-0.9527302900564872	0.3808020712808262	0.23307185280337372	0.8244412155085423	2.4411228584549556	0.3576644622336474	0.5995607437167869	0.02202034211949421	1.8800397109667255	1.120030047487439	-1.4491031188340353	0.4963380421148577	-0.19384577035309586	1.6100263485815545	-0.9790322532828004	-0.05542404057745124	0.11308230078747707	-0.7408448081310812	0.03157818155941307	0.5210239579744588	0.30538553975984617	0.19874719142745176	0.07548143615232392	-0.5272371295682609	0.5948897725125257	-0.5346253358794115	-0.9294734109442524	-0.8578541090443043	0.181797972445527	-0.2009104650646324	0.09609494561799062	0.8950908648664501	-0.023248873814250837	-1.4347059202195618	0.38623484733820906	-1.2355997530349578	0.5689954817708008	0.1936806623508907	0.05904910352931842	-0.7957291957477639	-0.0798597433953518	0.098191154344611	-2.5169759703225973	1.3600024870071048	0.4092459832863785	-0.186587806167964	-0.9350120672616501	0.23699441608913802	-0.9298868824710964	-0.5855092386589301	0.03448911333763902	0.3344226677823439	0.1573624256767244	1.1167392579350492	0.508809951536023	-0.41140411800868093	0.1896619982895823	1.5508509368377121	0.21371594240544223	0.07923809815778374	-0.174280438397758	0.560933961740635	-0.4281861028051992	-1.7544822945769085	1.0102556899156896	-0.15472763182261676	0.3024954365090552	-0.4379541915519585	-1.1930932773375909	0.477857213838603
DTXSID2020501	3.7137343270491114	4.812253543262387	2.9776169624127804	0.2663627655478861	-0.49389257926487296	-0.7354999136740437	-1.0361891531644898	1.1997699744998374	0.7790869956130587	-0.8262052407146713	1.3814761293079825	-0.24511945839146043	-1.2858709395974253	0.3146231105216447	-0.1284278990726316	2.039477405728111	-1.2970238459061467	0.41809835825364494	-1.5941482496960673	-0.46194660038024526	-0.7660467663329859	-0.3957121526233714	1.0885816259716314	-0.7212687999762156	0.17146163331359893	1.7847434412535106	1.1919429775551829	-0.6570467688158874	-0.15570298776941335	-0.30509857752849734	-0.8172556440973042	0.8519748734574405	-0.12927128860184084	0.6782395997153834	0.7784536292130447	0.35472339788671936	-0.04359847366850173	0.18094363051642454	-1.0003374484154715	-0.7440462679816394	0.8473106645013213	0.1441529455937655	-0.2813088597684583	-1.0273129425807472	-0.5431239494643142	0.12229700287517827	-0.31034501124813835	0.23266146602339105	-0.4982748569696701	-0.31591136684812865	-0.15775399384631913	0.2833900507799808	0.32074752048615063	-0.12935568729534758	0.10395909321614263	-0.43312269942380016	0.7402933696777244	0.9765657899864588	-0.48918023951320594	-0.40858744321308915	-0.16654208110543664	0.10370110973100802	-0.81676299960407	-0.1529187899020765	0.0786039386405472	0.2269968030462671	0.2270310614828982	0.2800910131018321	0.6189365455559623	-0.36323601022114793	-0.9641352667110744	-0.8412889356069021	1.0247869666168166	-0.471528595375813	-0.4993577785906491	1.3419501138688072	-0.05362835069090141	0.6507923197904423	-0.10041776849423904	-0.3832341733489813	-0.7497090593486574	-0.35400718267887993	-0.6026605748819538	0.49509541514871547	0.07542460933784849	-0.32609810513093174	-0.5374495345211281	0.22440189030973604	-0.2530249027410516	-0.5397960285854476	-0.8261201894293752	0.3922536609210384	-0.5040999127242491	-0.5171609803002883	0.46085306488153877	-0.4817824877838098	0.7033566198909766	0.06952462538887043	-0.3415073340472199	0.12741569983554052
DTXSID6049222	4.443526137734283	-0.921541885671947	3.936539342675256	-6.85423875012909	-1.5214688980416593	-3.9854160854605083	1.7569040056360423	-0.5689723401481817	0.7225793119767018	0.62051385913293	-0.13772401353360766	1.3650944769403763	0.4994824980794128	-0.8240987389622324	0.2853022919292186	-0.9474216018233869	-1.0235193361544728	-0.4702966910145463	-0.49501105074555474	1.7646418091245883	1.7777722977355712	-0.2301762924590543	-0.9542506682450608	0.6095350133069912	-2.5107611718842455	0.6498691975120553	0.556634535595742	1.5825191624310109	-0.6846663714060729	0.004548980805730425	0.8511242643043618	-0.03351298223650981	-0.24280411937228327	0.7753369299786937	-0.12461556782565991	-0.03410827067201397	-0.5843799382373115	0.4321567809832961	-0.15769718091420964	0.9736801429402551	-0.8056617414290604	-0.41805243601233816	0.7792803454840559	-0.4023912674025835	0.13368313425522596	-0.6160088868404489	-0.019149453972794512	-0.1099368359919396	0.14136985835850094	-0.1904153427279752	0.03176798275734476	0.09430592477447797	0.32845846729724326	-0.6016757297880911	-0.8859635475813163	0.6924613260655924	0.18773986190539105	-0.36164568946774295	0.23222704673133868	-0.722577987925169	0.7639368444143984	-1.4805667026674152	0.7866543575150918	-0.38833521510776986	0.6086031124296805	0.4160221715324672	-0.26480554352423075	-0.16134387427096064	-0.09471771399414275	0.5830790982740337	-1.4321037738912779	-1.062671121184478	0.06279666508084104	1.8302777574291764	0.3187914943534675	0.6134108862892721	0.08700199985832635	0.05586208451399476	-0.7732654250664188	-0.9649568965691662	-1.863267779290448	-0.10569069636522001	0.3396128553676659	-1.1707851713656903	0.6258003655381764	-1.9400238636754221	0.5413919757379954	0.3790837049063085	0.9345912941228892	-0.9483650461793249	0.19582157000499953	-0.32931837573031164	-0.26683905499999655	0.5364897337951341	1.0378908964263642	-0.2512591568074728	-0.7433602897606247	0.3810355013692895	-0.08399514273135603	-0.9134925774764224
DTXSID6040668	15.633299770222477	-1.1660867519636895	-5.752020488056585	0.553101723793094	-2.1147637216640445	-5.964683015854994	8.995106083524313	1.9096044186985794	0.36582963826634185	1.9073892991037786	0.26122162195259674	1.592224252135348	-0.2824674335070331	3.3174662314532344	4.912462868520171	0.14281469965840365	-6.757343366680009	0.16893306419503867	-2.7458707926176396	5.101480901056391	0.483428856478243	-0.07178260298990473	-1.693600235667275	-1.8465118695568612	-0.6311302156263088	0.9127878140734789	-2.4182025865500787	-0.6598273181474518	1.131182508277767	-0.27419765402288054	1.7100711728772127	0.027381751766501514	-2.4806864510586735	-4.099640964379504	0.579554889995523	2.3524091404366176	2.6731008112617136	-0.22637021588920253	0.35353181925170285	-1.6556950677488977	0.3333959758493157	1.2956990541992894	-0.7847935940077753	1.65725252317708	3.3632210705634913	0.8091727639626559	0.9828998078929988	1.5066202832286884	0.4599543830507349	0.20578599941066525	0.1761777538237658	1.6930691095014363	-0.15123374539638607	0.8177223921670964	0.4275114128050262	-3.349348025244679	-1.0501145113241153	0.3421432795387856	0.12976406955996858	4.525579790866583	-2.0922130492075346	1.701736657863438	-2.041922497024791	1.5069497214569316	-2.5416481463550467	-1.8338458341333368	2.834954685879714	0.646498774285588	0.8157477463475543	0.9130579604418402	2.1381856348875785	1.5639085099679293	-0.060757320479182406	-2.2539165570333246	0.7858963319738833	0.807623728180222	0.5124299309738815	-2.032205464649616	-2.8818079329430795	1.831196995224421	2.591708277958644	0.07427899530068262	-2.7744262292326844	-1.51088297833398	3.5726477813670074	-5.58157491898036	2.4692657893219407	-0.8821957942896912	0.5745013576863789	-0.1745026226980224	-0.5335788844384914	-0.5067095962586627	0.9414972347940312	1.490905674574371	-0.41306567130899075	-1.1068836670419773	-0.27359540397966475	0.845126892999349	-0.33540449988091425	-0.14563607169876144
DTXSID6040246	5.513684671584956	4.153326367195218	0.1051789323394925	0.34970333394822684	1.1855340709395166	0.8931023884580418	-1.3322236649573864	-1.3878924810960527	-0.7533678471820471	-0.4942539272397798	2.85505983415791	-1.5676079506319476	0.15931850437919257	-0.3589761330441956	0.9067627871758448	-1.7718281564195404	2.2513985249312682	1.4412328377570225	-1.4909942225690545	-0.4406380094330905	2.2368104425376427	-1.0450852237563926	-1.0298744204055545	-0.004069670116535008	1.5523160824989473	1.0197505659682053	-0.04998586537410342	0.16569226420818386	-0.7656034443304677	-0.31558497598134383	-0.511097601521794	0.2181593210970049	-0.9104812310579566	0.9968526786778323	-3.817477272402135	-1.3914916756216862	2.1925781935076336	0.06193351791885478	0.8678407198797371	2.7664760044494527	1.347712327821919	-2.797955478519155	-0.2693262841742836	2.578526893124535	1.0338942130183835	-1.429999995187225	3.8545197103578617	-1.8171587423107893	1.7585084523954706	-0.7274175521360853	0.5932945497292879	2.8688968459607365	0.3758042594730739	-2.1678704412275147	2.1281757405120088	3.23131465741765	0.1251087491759152	1.0084566021653343	-1.7190178283884765	1.6794046995996148	-1.2350611371410172	-0.08173847108305841	-2.438390450803133	-2.562835451536274	-0.7424097062690697	-0.1013611925075175	0.9549199654417012	-0.39690007116875936	0.4071982589503711	-0.0023622285359015923	0.6911769033664639	-1.0976505347082686	-0.36844643638898333	0.5300362603090424	0.12022265971612237	-0.3487737619865222	0.9467081212048107	0.1787236470609219	0.16117300060607953	-0.1262333847060005	-1.2312338244030938	1.40278112921808	-1.0629531292024084	-0.22587175751135147	-0.36643482952533935	0.0025299888224054874	0.5409302861044692	-0.2669154661451146	-0.28172884907077383	0.383054434476715	1.1907286407650977	-0.1774480087866242	-1.0956809087019412	0.5846395903135291	0.5193120138544979	-0.09783531321551008	0.1098809684573091	-0.6533412698474911	-0.05655771303844416	0.0463604747150075
DTXSID8025337	-8.107443412126727	-3.6485322994198253	-1.428581788088414	1.2173088376727121	2.142091794309898	-0.3784237337792736	-1.2665950468769758	0.594111571389356	0.8965538632117048	1.5841619058927898	-1.3452750749747784	-1.1791296065507477	-0.2973360385883033	-0.359229435315581	-0.9388949242237232	-1.3698620065410487	0.3640092514598696	-0.7680599986586465	-0.13971214815148425	0.3108573021208636	-0.7922380758319266	-0.028599745473937458	0.6518895869375523	0.656818349665257	-1.4664688266037875	-0.24680526271229775	-0.6537966304799833	-0.7255628560811976	-0.7976370846637022	-0.23918518887322848	0.17756854903403116	0.10107744506677921	-1.7605222193000585	2.4611117300269068	0.7488166081800127	-1.8402384872366173	-1.795420299314129	-1.0393633010460153	1.7627464354341844	-0.4888712222613633	1.2843989427616798	-0.9747750026959374	-1.7926776202661239	0.9573974035346872	-1.0867745364357873	-0.3807684593192083	-0.931709019043615	0.6943681666129501	0.40382660081758187	1.367116011379089	0.7572823247167054	0.915041867502827	0.34819373739932113	0.7852394932542414	0.6298445239070255	0.4473728557738125	0.2847709654176112	0.9955869319929046	1.4347259382488196	-0.40365152649424885	0.2071531491002222	1.995641800061406	1.0400547207164645	-0.013219690677385371	-1.1167410091725312	1.172111872473385	-1.017314231907724	-0.9163706436062655	-0.6702421494747437	0.5330198403016395	-0.6060734924871047	1.818347887767731	-0.6756590311011036	0.04839749849766999	-0.29554333632538266	0.37335481890930583	0.41702384916237883	-0.043716230190212174	-0.33076909946908645	0.37458396001411604	0.109128070203293	-0.2839574323440024	-0.5380218208905104	-0.9754082237060525	0.561954290923151	-0.5641375267096786	0.8407263246928849	-0.2644274998431224	-0.6244340680566581	0.40059631788565186	-0.5391220248658275	-0.5103570235901954	-0.7479725354503062	-0.4858031901052212	-0.2794396651033581	-0.7387950696462817	-0.06840881454783719	-0.025605497382571753	-0.4015154731627944	-0.23955478049818987
DTXSID3042051	-1.4945242197622555	0.35665171263720463	-3.383305749017932	3.059796515517369	0.8317913846580898	-1.761668049941132	0.7081896941064112	0.37325820541131755	-0.4339938315872635	6.947300359069391	0.7202502119721329	0.8441672931202366	3.4602705422346913	0.1492403643323738	-0.5149346315615196	8.965362666001129	5.225875703136591	-3.4766898327077627	2.275158565079561	2.9634721853468893	3.9497048762115314	-0.026239756474010462	2.943814809844144	-1.2473245908127355	2.4228224615762066	-3.8695306096461213	2.8562253005130183	0.5890129825734101	2.455000527395044	-1.1601931171063278	-3.9373442265982006	-0.44150796863419334	0.6975971847872369	1.573731551530494	0.26961274310977856	0.7585772275384195	0.301475436472191	1.5663646625527528	0.3852951021019586	0.7555179373565377	-1.213330032353161	1.373004209851247	0.5660389208276873	1.7092254251307628	-0.5820492303174618	1.310830064864233	1.971976213170545	0.0623678284006349	-0.9936035592141691	1.031083783469702	0.1520955652944441	2.0410252727623703	1.18467139617551	-0.5066832899347887	0.5825738715262512	-0.22614036311872965	-1.4370308771101228	0.39918304101174545	1.830296359870268	-0.8608173019190474	1.2278727607070088	0.9347573804001481	2.0985725560840285	-0.5779955046240565	-0.014865202624547267	2.1267330541529748	-0.22191595179051318	-2.1695048514708306	0.1941440646326154	-1.1300590083831719	0.4163279189667047	0.1059405980159068	0.3645888428664107	0.21235665885587313	0.09140759203941917	-1.3475596852314857	-0.5905250075831577	1.391760251699406	-0.40197382422792105	0.4534749646054718	-0.586238698115232	0.3027331001638272	-0.13976411665034114	0.003129980136548085	0.11724293402266209	-0.4725494358663435	-0.71907953834308	-0.96223680391117	0.5801998384013007	-0.5013581095221644	-0.4738051780205243	0.6850445115632536	-0.35606233223922745	1.0420902094455926	-0.14465115561925834	-0.41568074721184917	0.12285235118062128	-0.2844207150914738	-0.3561272579492988	0.05214512717147681
DTXSID7048825	5.102495100590672	1.0212924137716684	-0.06312516689549696	-0.7646838845921918	1.7617175423695663	-3.5433637176753767	-1.6714453354060117	1.9744028487208625	-1.024737833553332	-2.617904381920061	-2.740295490816006	1.2002902325717928	-0.3626053556812252	4.8777101089610495	1.1251766411533748	0.7437405286297365	-1.1400863082639747	0.9154649401425171	0.8292846026018474	-0.5261385124375184	0.43942237443430465	-1.1511162657905076	-0.9750593105526012	1.0948901325028944	-0.21027134395707156	-0.6811090500605919	0.6948789358771374	0.2728685519430668	-0.4102855634323488	-0.15318023245061513	0.20090759519247767	-0.8053457075959093	1.8580281691204685	1.5560464526793	0.487303812936125	-1.3755647504143835	-0.08643719952313583	-0.49648425127210954	-0.23869168444439284	1.2139393637550655	-0.3102309649625056	-0.06630775947948776	0.32045950443279914	-1.2942694160430663	-0.5344607537131806	0.17275435206802703	-0.4931496666319064	-0.18027143558678177	0.360068757753582	-0.6110362823361072	-0.041036733734222994	-0.44492740163716465	-0.06285180731368283	-0.11314829405081868	1.0710554740633278	0.673098577316257	-0.0985654184769003	1.3153626801783573	0.26735275409563974	-0.502456135183144	-0.15097850205922658	-0.36500944150600423	0.019479386344158446	-0.9956597085127165	0.48130322216287674	0.36526276465627366	-0.42427868147796766	-1.0144865404122778	0.11239614578685626	0.5111930377550444	2.3955128427918346	-0.10335845887809035	-0.9900763516038811	-1.6088773582020741	0.8318831894301324	-0.7230983590569809	-0.3753759841188662	1.7187853175179915	-0.3287743789914878	0.9338512832210246	1.966871073277157	-0.06726320842461185	0.11874666217372644	0.5514938778825591	0.28980474842016923	0.7387236735209116	1.5123571001686915	0.506302422051403	-0.26701084873155495	0.5656500295318859	0.5242235145015853	-0.35237598578619317	0.7659465049065461	-0.645120923402975	0.15817583980999017	0.8004477349833474	-0.6422357682899833	-0.2852825035850332	-0.363671045527277	0.08913216218097858
DTXSID6046763	3.496001210250717	5.616917798676653	-0.7999046780320896	3.2181117792199587	-1.7116059161528219	1.2701967229720794	4.311737742908498	1.966651409347616	-1.0811051261785545	-1.874098255337291	0.6279099208175394	0.9313593405731824	-0.03820516528240674	-0.14117578732374395	1.0122988658045409	0.4603180614032539	0.4270431210416226	-0.7188811179120383	-2.0828739176707454	-0.8696522684922892	-1.553566899780369	3.0017755854356363	0.10477130901180286	0.39156635004034607	-0.3251237193349366	0.18034954107347392	-1.0591845834999203	-1.2375348366697074	0.8543381102797414	-1.0124858099965683	-0.22147477106904284	-0.3704818254634128	-0.4473533224334687	0.198734307586953	1.1962552987742023	-0.34783153606806555	1.186890726595834	0.6896760340838711	0.017088147244612165	0.0589956315874211	-1.4006265131682667	-0.43101017063881547	-0.13677460958366613	-0.7837814723293118	0.15379079553588182	0.08771767953798927	-0.11363179264476393	-0.49677938268219385	-0.08592404344101282	-0.1713173178240282	0.04352364799073651	0.5488343432879653	-0.19413840416574143	-0.5859136359511413	0.1554324954096152	-0.6323508402966184	-0.2933273074061317	-0.5261901484965513	0.8147781528609724	0.18164176006707147	0.44964007093587943	0.3272917369738679	-0.6079890280165704	-0.0026739698634493984	0.27556680749707546	0.8406290908046927	0.36192696347876624	-0.5370962021314334	1.0665455456755464	0.05129258441395134	0.8285232223175059	-0.864069351656693	0.15722965095903402	0.26845399836256834	0.4239884832423468	0.6865486753634352	0.6906432859249497	0.9045292308723911	1.2699768479947504	0.2644518161745904	-0.014243516314389698	0.7718308871457489	-0.4887809926722694	-1.0721552753927563	-0.06006153488090458	-0.8615787412683775	0.14782985512639626	1.255463587846245	0.9705446259849909	0.41568672904257575	0.21028088023996835	0.7152352792270563	-0.2063662690552294	-0.7584657693264187	-0.04786917150760385	-2.5593447681146797	-1.5288150709223398	2.418064342040479	0.995348422416672	1.9480387279419047
DTXSID0023036	4.664802776108112	3.401802701410339	4.217015432097327	-0.6044085153622305	-0.31575060948940753	-2.5400322206821713	-0.5406231253543501	-1.1391233033791786	-0.35865736877973636	-0.6056212595067784	-0.6108661712388829	0.48887698611169844	-0.15825257157106576	2.1819056506785914	-0.281444321829722	-0.2811579381129073	0.8510537791114539	-0.2792201750309379	0.8082348482438652	-1.3256979401508855	-0.6930696471066916	-1.2024320691491934	0.8161727450246388	0.8085710943208535	-0.008638846434813795	-1.840932527919506	-0.026390196567259397	-0.09740523719133586	-0.4762471043978398	0.7445709464435967	-0.9066479613262143	1.0407542564121413	3.033654756267173	1.0310740498227626	-1.3836969840956024	-0.5968477409252295	1.1189620385287609	-2.368702663610499	-0.36281917426897276	-1.3788246378049145	-0.00526835464597661	-0.8091168719580186	0.42884792181860876	0.7459464769061309	-0.240805788259555	-1.1427253872962038	-0.8505063993330313	-0.7829377601083366	-0.24719263507171194	-0.15774340580752064	0.020230551055374288	-1.2664569056396349	0.23493092601926135	-0.1589198039304033	0.9881757295378442	0.8329095875853181	0.1317542399566493	-0.38570079824010656	1.2967189453001593	0.17208189590958223	-0.6913586728412444	1.5315996240747471	-0.3824728639994437	0.5724981807502314	-1.5053014112695202	-0.39401882118954473	1.9346129427176844	-0.6867076051881483	0.7053569786513972	-0.25798227500951526	-0.22317970283499258	-0.9951283501411272	-0.46665990785652484	1.037152698026476	1.7838139680612963	-1.400440035270076	-0.2637153827717766	-0.7232066387767289	0.26839439878444854	0.003783536110333199	0.02856141953987617	1.8171138640882218	-0.3037388189157863	-0.2177807354758505	-0.046331829292354826	-0.19041128386841116	-0.18611133804640942	-0.8471471286011336	-0.08246098659180516	0.17231726096442906	0.27017417506077807	0.3342584093971203	-0.1390114067218956	-0.07442395219724736	0.23752296601967451	-0.1531140264645166	-0.30060084406861304	-0.29264886704371196	-0.19473774444351305	-0.29376111921196635
DTXSID0044573	0.19100335334059285	-2.3767799348891754	4.904441088907235	-0.12098198709001937	0.7547658587089187	-0.22029077055772217	0.2817700017813828	-0.27355912125128684	-0.029143763623349386	-0.17972025013325774	-0.7170155424381647	0.07272114522327883	-0.13882446460213485	0.4417237547067853	0.30519855926262524	-0.7964665736329657	0.7175656872135131	-0.13325285592678462	1.1671848325019567	-0.863576346247566	0.01192583165560141	0.11584078337241324	0.5768919490299654	-0.39274077109883276	0.5141074384176066	0.011927018930843915	-0.19850779996527032	-0.4324172201684288	0.24440664912607626	-0.7231646208746751	-0.12606457479026903	0.0878049770634531	-0.09204580790126231	-0.1515787780477496	-0.13177135966876313	-0.262685781693462	-0.3582173513999639	0.602895669271227	-0.7388420709927099	-0.6697194085023026	0.453456455434005	0.38375132173560467	-0.4967787027063518	-0.23504857182514996	-0.26720239542639174	0.2674241701289994	0.1406951396339143	-0.3048656029654136	0.04381145322056718	-0.4781206822447225	0.009674288014193594	-0.16158700766536363	-0.0670558384827167	-0.09444962751842378	-0.3685083941598968	-0.35712444342736593	-0.10237749702194113	0.4464183674503329	-0.19290029102557224	-0.019564987533218912	-0.27000213739419354	0.09211222434397162	0.2492952315937672	-1.0640174381265033	-0.12429086159082184	-0.5122227202917841	-0.9787734046930745	0.17609584459370692	0.008869832192167103	0.23019092230930052	0.05356863109014165	-0.2031113170432337	1.4017014016693956	-0.38011886700022807	-0.9845215830427722	0.25293097837976203	-0.5235086410559844	-0.023273864558039085	0.15485309142127665	0.4078507534568876	-0.055925488162989916	-0.18379133840185385	0.9161496214549407	-0.11738046536896901	-0.34794995176152144	0.17941975894200277	-0.1377970533796814	-0.6184840130407845	-0.17058686536640322	0.12334612013596648	0.8206067240056707	0.1700641296202748	-0.211270170610045	0.33508322993916095	-0.4632973416589483	-0.12133679372419609	0.2665405920172904	0.12280444767101226	-0.1487239388198093	0.18583165456627287
DTXSID6026537	-0.5413903092445786	-6.283511006897983	-3.7671937537992757	1.4745882349496502	-1.029151901336634	-0.7870483423102607	-1.9429616951626312	-0.4344968682204817	0.09855558020248839	-1.4270732223401115	0.5004161335623183	-0.20637759361607177	-0.03116643633398298	0.7794689957286541	-2.2940008990477603	0.22182996252744588	0.7383368553096459	-0.5934011555667728	-1.3701943789977127	-0.7299693229744312	0.5989610886945406	-0.26332279451790264	0.32154544042241806	-0.5618412084483456	-1.2904936733601733	-0.8994690898565252	-1.2446224320188726	1.1781948431390863	-0.22183041635957862	-0.892521996668102	-1.8623680226505894	-0.283474449590504	0.3141061033146241	-1.452630951469051	-0.5198769380386093	-1.0859433955790152	-0.5160469217901102	0.7039821758590018	0.8311848506120929	-1.0067044447030122	0.6391224544246285	0.5408643879016789	-0.19555033920399745	0.17219728325170897	0.7164238434497412	1.0554991449826743	0.7582716313678487	-0.48799571639726264	-0.40759098746296635	-0.1307392190356581	0.136863987602754	0.07657453037148024	0.3673032847950774	0.24609917115174199	-0.550551959062791	-0.5973197912083418	0.8626866192539906	-0.7797688883435161	-0.35991572216140394	1.198345185080709	-0.13217989632794022	-0.24742995646151608	-0.4515466593840484	-0.07558641604342235	-0.7092960641516289	1.7543637383680237	0.3366769800616752	0.8232335086610044	-0.6961743977056496	-0.13494127695193275	-0.9273549493200373	0.34522089538075884	-0.22045790241215685	0.4589172576489119	0.7623466589602648	0.0009811982525801115	-0.5989948339918033	0.2744826421391681	-0.07668066204347558	0.26445539806796464	1.0244765842885448	0.46721122634050755	0.07445036503681159	0.09031877138390268	-0.15419729526735199	-0.2754908786937916	0.9599477237881491	0.975851367704948	0.26546569170643536	0.19448445653838772	-0.5877663449098695	-0.0413327334179067	0.6797851651921029	0.2822705552034577	-0.019351009300898052	1.0887235124101422	-0.778929626275941	-0.4361770011732588	-0.8929737646252383	0.47875197912408984
DTXSID2045781	5.210607759484661	4.674488730732448	1.6797314894277253	-2.444809524156616	-3.9621521437787353	-2.9099022641340224	-0.3737823978280365	-0.9159210146260045	1.3733852224095195	-0.03239127448718124	-0.15922544775847086	-0.4804934821089041	-1.6548458401609654	-0.8726968052249314	3.4301456209288577	1.3564453415872677	-2.2318256770951	-0.2861320155435525	0.05533247722854482	0.5412279190650955	0.7696432758495348	-1.389592660224984	0.3156983980092816	1.2116739051929066	-3.284023256709224	-0.9602599187198465	0.5474739613654679	1.0675455632019768	-1.338673318680811	-1.1606759487330556	-0.6914982584944076	1.4144184684702283	2.6758007730662023	2.2043989959447017	-0.33732538973680487	-2.029800284549744	-0.5189466228314995	-0.0475236389175559	-0.7307797681917436	0.21953274294345307	-0.18093348281452973	0.28312365492467534	1.4403483583744245	-1.8334745733361641	-0.29946467819865563	0.5069443166325003	-1.530982765432937	0.5445502385179014	0.5705595502295655	0.3830368995218243	-0.10296804984811352	-0.1826830709930343	0.736991183355237	0.03314291674790837	-0.5941911796548819	2.3435040999367693	1.4596788938173946	0.7985838892746813	-0.6056874502528926	0.05816380996736233	-0.4225750388027408	-1.2682984454177892	0.9405252296467023	-1.4326466355470675	0.5261913518592662	0.15200108088278436	-0.8706159836994383	-1.180330491831745	-0.2327923627940016	1.1974911774491703	0.6145496353834753	-0.5529202994097225	-1.0279285837198682	0.9677611630858471	-0.5041860162976994	-0.12303448611950381	0.16903629580671398	0.43805557479883417	-1.068348839642521	-0.9815147300639142	-1.0778207975611929	0.041721043377050834	0.6199712114709447	0.08239827660509459	0.45979078274745966	-1.3720382197623204	0.7935427932809146	0.5782889912437907	-0.5690770038034881	0.4309153519089627	-0.07624035218781894	-0.3164537835611323	0.64390551657648	0.3735458589355327	-0.044137495299617246	-0.07998556975694147	0.421754990012699	-0.31352264363539406	0.940656536966814	0.746141518266379
DTXSID2044391	-4.2059446540442105	1.0869397815795734	0.4513394582797696	1.2975778184447453	-2.218227850675802	0.20893214499245982	-2.737132620108465	-2.846330049464363	-0.261761147490232	-0.9426803618342291	-3.456955152707841	-0.6314616765982791	4.072602947287039	-0.0109468171534304	0.4108336865990783	-0.25420177983988756	-1.0608276711019793	0.5084536783542459	-0.2761365228090815	0.196881194887285	0.37265706699739337	0.7182520640097867	0.5762202988614096	-0.2843155442725361	0.7353496558086343	0.46753892520574186	0.30592875327159014	-0.03572190496320061	-0.12755217728080667	0.044293324561135335	-0.4743066492431868	-0.5641805230535594	-0.6705811181193672	-0.041107590728831384	-0.21522066485580651	0.2508040557371853	-0.8401496863033723	0.06318655858951179	-0.3653009099891005	-0.018918734123852286	-0.21950622023479666	0.27993200249622696	-0.21504627960430361	-0.0932457183268825	0.3619005005800816	-0.45842024100368023	0.09679617397599287	-0.43117183057503833	-0.134558254648114	0.2660709247846839	0.04933420263826655	-0.3197085096271406	0.4419290782530361	0.06086342472988027	-0.5713963365689548	0.2847929044339286	0.1675123744253731	0.13558984252181003	0.06114564241769964	0.41771719558560905	-0.2830227875161576	-0.17096484917744695	0.6834796017364684	0.3599035119313822	0.09107555106991855	-0.244937971609715	0.10226646458462246	-0.8539913073600855	0.20186505817436756	0.21061893422652408	-0.5130207686809392	0.17609503218497413	0.5248774616007678	-0.6165773972027583	-0.2602716863242519	0.06971561064467027	0.36355160801752523	0.13897206283775382	-0.011149858854963841	-0.16861648669830057	0.061769303059091146	-0.8064281308680469	-0.18619932214193985	0.14691393632871164	0.1555333516100194	-0.1377386645468843	-0.707383554190879	0.18529778765956906	0.0579668202246506	0.28182875160663967	-0.3874963484612125	0.7942141633661369	0.0980282583156735	0.2622873729204721	0.16760693653161488	-0.012141451125669443	0.2446271881842719	-0.07983133658290208	-0.08423401614162879	0.2350245722939019
DTXSID5057751	2.266409443097162	4.4039803187590865	1.9682473961570943	1.2314318257242927	-2.707491060834438	-1.911119204323419	1.4016494966163637	0.17141986237579987	4.2561038543127925	-0.031207605365063708	1.3213428477777316	-0.03159325616034893	-1.0190896606999817	-0.6145528515153152	4.212813933172381	-0.3728955201843157	-2.659449658935244	-0.17818395467461043	-0.6969901043413804	4.18056448506753	2.9961705964537604	-0.6951022360869841	1.6855625239963088	1.094586646062038	-0.8814986318046936	-0.6663531424584027	-1.187092678731491	-0.38115863728638455	-1.3511196857171177	0.5357017017078812	0.1869018411679811	-0.4540240595338971	-0.46073845505895916	-0.8061269738651019	-0.11194948012093685	0.6547358272514028	0.7469222756870758	-0.9745470197057466	-0.3203208796175299	-2.154053673344937	0.5635147989293703	0.7998825231672299	-1.195833557707198	0.7496375881541517	0.42096530922106024	-0.3093586862285247	1.406493173083558	-0.4308362870736709	-0.3375390574988517	-0.1242130130763583	0.05226302389519397	0.5124850809675306	-0.03744817741291494	0.13048346143280642	0.06757304101332233	-1.5729003573913503	-0.3099706253847284	0.09678194149435128	-0.6772109866472391	1.478392044399976	-0.6434194712434307	1.5835054045710983	-0.8455275149222534	0.5182414412904882	-0.8332911964884822	-0.8793063377821448	0.8004969835842033	1.0653431683077885	-0.0745315076018764	-1.3052923585292797	-0.1602140460854596	1.3765159146801786	0.5883940326542981	-2.755285098183269	-1.5409491436429636	0.7541637794343754	-0.23473806883157228	0.24065946444072012	0.8641014067870743	1.5465870414117726	1.1019699790843116	-0.16249600238664738	-0.18972982115484313	1.3702453371272398	0.21140130324933912	0.4778303703010114	-1.78164960810921	-0.23830012391770455	0.3672359244895024	0.08322793596187468	-0.9379095241593309	0.2720576731975708	0.5541023637441049	0.17579191723545623	-0.26587750903860796	0.3671880533499972	0.44347709217109516	0.008872231673921866	-0.8446229038380934	0.2768325229965951
DTXSID4026842	-1.6081736981970236	-1.8429316780274385	3.498355247783782	-3.2081460961574404	0.22738452607611523	-2.877563088082766	-0.3755534723796024	-0.13373503155432112	0.15883580197900782	-0.8771937011080938	-0.147889754886192	0.7176843865512077	0.366828634816142	0.4432763081256455	-1.7561639690695732	-0.7625353478184216	-0.3651153229985072	-1.0651372564969022	0.7789867532318301	0.2316345280084838	0.2105935931070652	0.39521644373868653	-0.4070888712011666	-0.039802677950695385	-0.4016262743475721	-0.1529826204001534	0.614885725400516	0.7996910875348449	0.10670047340544125	0.7560909743614189	0.5446794897625413	-0.8754128098846915	0.7073417525148538	-0.17215448497456676	0.26748038329157514	0.24253407808688046	-0.5780148637903827	-0.29000342575067994	0.667211676126001	0.6295646561207398	-0.2878374066712184	0.4899721791704418	-0.38912487239316557	0.5111907172638472	-0.6153320579177703	-0.1993534108658963	0.2739730100003809	-0.6962100220440024	-0.09497110203877357	-0.6477282285001218	0.22194566028819668	-0.02882443624541105	-0.3412948311616516	0.2011387925076654	0.4159998877416556	-0.7749449183978503	-0.0841849055507588	0.22509185294978523	0.31519031194492586	-0.5904014172826669	0.45033001955551205	0.29770323365253754	-0.4662003021123969	-0.7755307501861468	0.1816218875376638	0.3633479244038067	0.13129168144164696	0.03492823424377427	0.9643721064928455	-0.1403319769321108	-0.06158944474605345	0.016600075949980354	0.36837819137037275	-0.18324931541884323	-0.5846217246694833	-0.29087083711417544	0.12106851712355599	-0.27546006648297944	0.04942874636074405	0.0033838148784701714	0.19590295886634485	-0.07509424744615849	0.20005866894204738	-0.1027851321302119	0.0416062222728221	-0.01140709383632979	0.09314712591381652	-0.13153262176598457	-0.26240715304994533	0.3620763894954412	0.6695005810191971	0.5204912075591132	0.19109990084657769	-0.1747476107567711	0.24140839653066842	-0.018206829794340563	0.14589816215531884	0.18264956595199625	-0.16029793264341008	0.2329498798717909
DTXSID8049048	2.8293727011690843	3.770168938443731	1.456296126525748	3.3682896752471603	-3.8571794247633133	0.486247603241891	0.6368546624803664	1.395507946420886	1.9452288895780476	-1.5523934089815594	-0.35714556771068473	0.3218251685875073	-0.18487975114912839	0.7314071947009745	4.132021603563419	-0.06753689425702977	-2.263839253193767	0.2281292012284305	0.5483451065952422	2.4391395035184438	1.316054470759924	-0.312771117131522	0.9115018356691683	1.7811640648211902	-0.6884871148228673	-0.5798482940578678	0.6325734975502162	-0.022033446460347602	-1.2734987692665332	-0.4686946543400102	0.08929711986994156	-1.6778022935653727	0.293028784318687	-0.11498051126343557	0.606800423949153	-2.0231999490637027	-0.021151620384704185	-0.5894693750816645	0.4995870691138763	0.3504626804341049	0.08806604441641216	0.632743794200341	0.2554685354946504	-1.0526151689060979	0.6181906265484327	0.05194433884946415	0.33478805747251533	0.5606924464653067	-0.02529627232384629	0.1753510153449139	0.06509692598985371	0.03716763630362783	0.3917369966396304	0.05654350726737677	0.11424914408404399	-0.07533790124726758	0.2719126819083814	0.2151299374038329	0.5441021192833183	0.6745849472852434	-0.20947635078178103	-0.5879649972287013	-0.6153223652685442	-1.1591318350292454	0.7571115097556369	1.0506538780650427	-0.12307227548002357	-1.3130097066026944	-1.8909131110095594	-0.22115532951399047	2.167643532353634	1.0689574400368282	-1.7464138278134398	-1.7816514398218404	0.2356215140109601	-0.05853850471965726	-0.9371049935775961	-0.2470085165476438	2.1028664761305973	1.1830058340780605	0.5293088037850908	0.5255879812903317	1.5322258368851371	0.24784285293199224	-1.119979723487781	3.274016966385019	-1.2304318277771888	1.287029077007114	-0.4360066920968828	0.9553404935982931	-0.33884780615111515	1.4842811865489791	-1.0956478918969434	-0.8812210479156398	-1.66733275134145	0.3343983640574418	-1.1436298427321767	-0.11197290673080319	1.3354924327057653	-0.03634315314424087
DTXSID7046045	0.24233186376957067	0.0579027072567276	-2.7337429146476513	1.0680307349966889	2.019575044256144	-1.4834301129085739	-3.7563448764816436	-1.155118200454848	-2.1282056555661475	-1.0177931023811044	-1.5579999739686865	-1.9991563734361892	5.805472996386591	-0.6402136697948673	1.6670272766882541	-1.2696172939220993	-0.6674844241544673	0.28020872014360315	-0.775704623589312	0.29926545359361223	0.5443775278469556	0.8703849978656686	0.5811055390728301	-0.44210718181395214	0.9288938863052763	0.7295569320801645	0.694023594818686	-0.1379117618940044	-0.5963386188409429	0.0375867589373008	-0.6976385462330162	0.2667858035114446	0.025904812308897886	0.2143013386607487	0.10067792638444553	-0.9413073923490102	-0.92207212366596	-0.3269952858512684	0.38421000099351305	0.13758038753995608	0.2979168019946691	0.7865619757775013	-0.7777733428789253	0.7766223385544381	-0.009462821134069483	0.0683072417053456	0.3253525428854981	-0.6715005801081502	0.013729591822601438	0.3831603211209909	0.15457194941503613	-0.2955918441897506	0.43298544044625914	0.27389512843589864	-0.004759460823046355	-0.398864974737828	0.6163484852767226	-0.11677503293286412	-0.7017782867962477	0.0915329426982386	-0.11673175712701615	-0.06442694109017288	-0.43912655179340787	0.7353161083950723	0.026883097879439485	-0.7058358202333538	-0.6551559416974088	0.1191014682902153	0.17440881067214123	-0.4485853661285935	-0.06269023960515403	0.05326005399046898	0.2678921217311679	0.3727083890551095	-0.6105894581040825	0.06350472105212741	-0.10100994532091453	-0.2697605940850796	0.3476041345484362	-0.9550027618462955	-0.09932138485029679	-0.4731530203168599	0.7307363224735987	0.34509585794275627	-0.3943054953465297	0.174889983787469	-0.04359328593597613	-0.1226092643175063	-0.05011197137661279	-0.1462594686609585	0.12226780946503436	-0.5685796023877484	0.29943667794252593	0.4983415292694148	-0.007738634194114214	0.14835972879893325	-0.009946404634601029	-0.16530373027644998	0.33620750331338606	-0.03417884194040953
DTXSID3059971	-3.3788151388828243	-2.0938095157926506	-1.8804934712231616	-6.510957945934064	0.2613676616922216	6.834083027075598	0.2539074958990177	-1.9078642126356895	4.466743336583182	0.28695061566425706	1.3916303019686027	-0.6052249289200178	1.5653822718227124	2.284326818366477	0.11301396099924561	1.3055460682161755	-1.5896736423692992	-0.1931911793601356	1.3331248194181622	-0.30357136661959033	-1.112564599175258	0.7621548791561316	-0.11165432662094057	-0.5589505656694483	0.4497277729279134	-0.1655326863840281	-0.5074096643777859	-0.04719030760057207	0.41831681034579504	-0.19402730482773395	0.059910412511290874	-0.4517098543569265	-0.19371985337341588	-0.05175550463819822	0.3931533493605572	0.37491703384506747	0.3911109162142697	-0.2535686770098114	0.24068537569566767	0.33454195000537207	0.1574516783109655	-0.09115375090064466	-0.057874575481863935	-0.2524499677393988	0.09316008769470664	0.3401424959269721	-0.46712185545224516	0.38422258002021403	0.16857700969012648	0.2625191810014517	-0.013268833450210014	0.011157293151047522	-0.1354428916214578	0.022849095003792022	0.4474488776175997	0.009270015550434281	0.07229135115569277	0.2927063982450289	-0.1406554437172818	0.36162040195281525	-0.42769781958452463	0.07008984553760352	-0.19774526518365873	-0.47986413295544206	-0.2728280590249261	0.11892781159468903	0.5858956339293219	-0.2449975936198477	-0.3926685849565537	-0.21357669265388807	0.14191068555622435	0.07417910600604341	-0.3981680415155392	0.2461107564863954	-0.349361811312945	-0.240955893816296	-0.04439201894146317	-0.3914607010968704	-0.2839628082327756	0.21830841284497876	-0.14054393055703632	-0.7878354054308953	-0.42033420197773136	-0.6529051177160183	-0.15356723515869086	0.6621801841138965	0.20759889864289455	0.07055739923889871	0.15188828796403464	-0.35306968128011834	0.4711227212367264	-0.22809836454831503	-0.31497201404264813	0.18556263296615302	0.04894272950905602	-0.3859329168508713	0.684424939303419	0.07520545090451149	-0.22344172594754733	-0.15252782526996178
DTXSID8031865	4.484987172335738	-1.968415611199865	-6.625307717301735	-13.942480379061251	4.914084269555365	12.551368924879743	-0.11761182131858415	-5.726912145156606	8.877218773705197	-0.8998531209038781	7.4644859432846005	-2.3691047991442202	5.832168964655361	7.544465796268336	1.5630753022490125	1.7192925368197323	-2.652416627290546	-0.08668052716118332	3.61137338880371	-0.9641805263743871	-3.054768645767335	1.971570657096529	1.4687259981237193	-0.29681618214426836	0.1716403140764017	0.10776030486758112	-0.7359456361785027	-1.1009862170109952	0.4475803716101847	0.02974643439806192	-0.035934979752275865	-1.2134977691211513	-0.6664925959175381	0.7109605264529628	-0.6014477551149053	0.24326201658757188	0.3116122507063034	0.44948138114127417	0.5760520990531253	0.6707376046933142	0.47354526698012384	0.2402620200320395	-1.0648342482312034	0.4282030454466584	-0.18592288318086228	0.9261722616618714	-0.38548426406852887	-0.2441747027714631	-0.42166926552145095	0.3990672367695744	-0.002355851747925345	0.18248064509915463	-0.30339884655118793	0.19487217877596055	0.5075666195013083	0.21388601902805937	0.6736043514973077	0.8113011922953385	-1.4766658705714608	0.5660930699575916	-0.21244221799203764	0.7668936673860718	-0.6501707696303568	-0.37683910079125627	-0.06152819463791205	-0.737929520794462	-0.1596929540192396	-0.4572891779485434	-0.007473606789459537	-1.1597130613070357	-0.6263100905335354	-0.048140484248013524	-0.3010491099973063	0.7749933713659417	0.36147584503714564	-0.13085339383615693	0.5802543812126538	0.27396619676277556	0.41007388755019875	-0.6845591374947523	0.035222784463417735	0.8099947074668272	-0.18672014549594484	0.8819068313699502	-0.6423867107539648	-0.10151545487652236	-0.10365061216253804	-0.9809625653307972	0.6755890678502922	-0.5052421370162719	0.021546881457390227	0.648318102347247	0.010959623338782093	0.0621506079269801	0.3228543018990104	0.7181613108585143	-0.2757633879640092	-0.08014859031376469	0.5345460117266959	0.21551273903630175
DTXSID2044765	-2.9438920883443904	0.9693499312231916	0.7221020216825648	0.7115132959907385	0.26362874204294784	-0.8015327095907633	-1.4886742380335838	-0.22874248863807536	0.5461211499723314	-1.7879719572948776	0.2974609459454179	-0.15452542891252588	-1.1062844228865396	0.8765338187408137	-0.5814598686258188	0.16167705252332862	0.4845092403485149	-0.35393607649096187	0.050345039489153795	-0.762336375525328	0.14508170519967012	-0.3505497811089119	1.172508420466731	0.23675813339867952	0.022017089437000557	0.44213940552875586	-0.34062948195059706	0.09214975023083577	-0.2066618710048939	-0.32140312706050134	-0.5276559882880711	-0.2452801598332815	-0.6611593050554373	-0.4155812465444095	0.22011274577741627	-0.6416393761391905	0.2715055053881731	0.24902149522880648	0.10775083810198832	0.45385279549461754	-0.23838620653927847	0.4178836870177573	0.026781328989240384	0.3453816313223432	-0.39460519217041684	-0.19916351663815635	0.1283834881097055	-0.5685753583746961	-0.034492903688852286	0.12743846329210634	0.23887347458682043	0.11066671447783094	0.26671465043668885	-0.29442845456601097	-0.179310671454593	-0.5203044266953215	0.1108362619400104	-0.16799048914125797	0.20849164281006832	-0.22075228200998023	0.5101283454086145	0.2945817128593955	-0.3042011934179897	0.39214793535685377	0.3217368380664686	0.03744434365237199	0.40387598956596377	-0.8421874415652466	0.39722279994057785	0.2045069410339452	0.2629822448887868	-0.37863660832261076	0.3814380122580773	0.4338923784401548	-0.7346250508406545	0.16577300524583963	-0.2983722411385229	0.6321905844723928	0.17297198396264737	-0.0817322854199485	0.4487758374910485	0.31969689095659376	0.20381235783946022	-0.21619522078103684	-0.21421071041505046	-0.020357194113242664	-0.12535142629626103	-0.6133705319762345	-0.24081984487721975	0.20169948257832587	0.5481280842052538	-0.14631324381794106	0.15775086898972224	0.05262839874823053	0.12974822183748197	-0.13739112900350461	0.5204891616979865	0.3741520788880092	0.07587737183819224	-0.01271323978925319
DTXSID2029668	-6.356678009782958	-3.8248803975317656	-2.119859812538804	-0.3376515374385127	-0.6513366032871251	-0.2907936159683091	-0.9030830057893121	-0.8081477497068857	-0.25175291414979717	0.9846302158799872	0.09246806355706944	0.043466494123694965	-0.2568340345129029	-0.9211546109869337	0.5731691924016539	0.8415244450384293	-1.2074263222277812	-0.6166870429128847	-0.33008518052798674	1.871891132264505	0.9245155843074482	-0.3351631474967148	-1.122442751850514	1.4355248719868257	-1.1253511063825636	-0.8852074369658371	-0.9593413147723395	0.6666696981626604	-0.66308867074933	-0.5191545941250137	-0.24406438291721244	0.6558497943805743	0.2862832879270539	0.7918435003304819	0.4396624692206292	-0.5791864930885019	-0.025237014328583964	-0.4604067900292245	-0.7781480823382476	0.1709179267785464	-0.6780779990330263	-0.2708731034087722	0.47342494681160663	-0.6681938010418217	0.30531154113066433	-0.11663177430532977	-0.567540409356621	-0.21645673171775773	-0.08330661944320633	0.0818350209468977	-0.05561588720873666	-0.14976620366571763	0.30459474269285636	-0.42323766695284837	-1.2328122788188334	0.787675481869896	0.12387765450073795	-0.3777644287050217	-0.09681346178636817	-0.3689632182730898	-0.2077272829334996	-1.126629552901912	1.2605509834755155	0.16518660018661513	0.1986373506082221	0.4635537872891762	-0.8179201994381738	-0.4635960692722014	-0.4172146164665723	0.09276058261169924	-0.5034751241601647	-1.1102553214128363	1.01700213623851	2.6993349006237004	-0.7027669538200838	-0.040128090432122336	0.0842302080853288	-0.86632614279159	-0.6655567217740462	-0.6763012838245631	-0.666905577045169	-0.052062736169113465	0.06807627770995554	-1.8840671986030972	-0.6910015548051643	-2.548224431800114	0.2679753612326293	0.8131438807028789	0.5079266385182533	1.1123028859485287	0.7997404557990188	-0.2058877251281996	0.11300195036173459	-0.5922933347797201	-0.0028924599854636707	-0.7318613687535837	-0.8165787646250602	-0.28391309964871175	0.14767110033237701	-0.5422161891037001
DTXSID8023632	-2.024493087520977	-5.436039033148587	-4.089645613054279	-0.9898365136590517	0.97972243050567	-0.9773605134028979	-4.189737342059475	-0.3681976409740009	-2.599561691793009	0.08212668048130244	6.048346504003006	-2.5874853542542366	3.080765245053429	-1.1386944283657954	1.098598944402524	-0.6380619091727641	0.5818930944556469	1.101727896933408	-0.8560439136451679	0.44134209425238813	0.10619499939065884	0.3701233334080121	-1.845393932514414	-0.8414375416991668	0.2449648123274327	0.0828036482621485	-0.19380926110885366	0.3297457338905185	-0.2893841482385394	0.23540327177030204	-0.8112120952960247	0.8280147411474075	0.0553983008442814	0.7834400601449594	0.29772281652349153	-1.0037412235006364	0.9536390485592705	-0.11159536535968309	0.9343747658015172	-0.19166461279634528	-0.8606440904344833	-0.4970662403762813	-0.8247351838722029	-0.07731737134467294	0.32498426838318256	0.3389726422029314	0.644703544208644	-0.4935293914321787	0.2832835751673019	-0.012261861305952505	0.002855196845483713	-0.15240933366298923	-0.0002470324675156178	-0.34080345607780255	0.6348632972429059	-0.38403065215644167	0.10495253991990643	-1.382145900371997	-0.25767519498386743	0.58132894891922	-0.9298856598166827	-0.9806864964125599	0.6777069935647153	0.7968137542043081	-0.18825262754999328	0.33358645151888777	-0.3511194004301734	0.41284696075285254	-0.09315554974709636	-0.11272901090898203	0.7576647858724764	-0.027624207959710545	0.6951624152168098	-0.43513372120536403	-0.46251577130574284	-0.21521118523962512	-0.13175755525090535	-0.5452458685995125	-0.15702552567949848	0.31102501368901986	1.1219097882061373	-0.03152391570931664	-0.04611861300373104	-0.3891921003816804	0.3364469669095193	0.1642282404378994	0.7786725232321974	-0.10493708554033845	0.22403085313981255	0.6756321048093018	-0.7276694038363603	0.280819516155962	-0.4165355375352224	0.25058883909298135	0.16814301963974115	1.0835180659683483	-0.9947123620633137	-0.3725710354415667	-0.3684285455862482	0.2785778350764104
DTXSID7037555	9.930374602501766	7.450099566782317	-2.0388966392539194	-1.1252123676226728	-0.5038821592893964	1.6982150716499356	-1.696409602780286	-0.7224122530484877	0.5176773713210995	-1.4979573567789675	-0.6541436875980995	1.7802464429610185	1.6823985117040203	4.501410081404529	-0.04922742688695573	3.944180710567535	4.924356010791039	-2.091715747795873	2.6668741389235935	0.6619189484097314	-0.811183316255992	-1.5558381815275055	-0.35836451500292327	1.2950773085057217	-1.105589082739716	0.2587600266682351	-0.4235159450546639	-1.826720805881126	-0.7551662251696324	0.8159569136806045	-0.03840310500420962	-0.7564595165978741	0.25324498156228	-0.6367119472960516	0.6116971067734881	-0.387098218806683	0.42983449671331536	0.13946219262829634	-0.8755201611737057	-0.6798735755562101	1.1285749198889536	0.6472886348967343	-0.9565628953768119	0.24495947995974918	0.6679671871834069	-1.3387699185845214	-0.5545925489650025	0.272378082728921	-0.4937735980127413	0.08685684545992498	-0.0011982785661753942	-0.38767943635686675	-0.11403746531840257	-0.009364553340795112	-1.7155478711511951	1.3018944084230055	0.63930128670045	0.4983061838532339	0.6987312305590287	0.9795870380952005	-0.9382317637697786	-0.6981205461043868	-0.024459731120959668	-0.7079877368064463	-0.6539415741057459	-1.1086401309288934	-0.901130859699872	0.6962800036276756	-1.454068706770245	0.8478424988097719	-0.6186247221299751	0.23864304605153702	-0.6426059868316647	-0.6007077411148831	-1.3981090163762224	-0.4957278889122527	-0.8736606782320823	-1.5448162294298187	-0.17365687988630438	-0.775574354324096	-0.11168962091785942	-0.14683654158340792	0.7156406171861908	0.005642797326557277	0.09060743858237354	-0.251308085814509	0.17819828614307945	0.15815200842470784	-0.4259129561596606	0.05979901292655568	-0.9302525700773129	-1.2248301798961978	-0.15554645342177392	-0.13323762213259696	-0.7362041739565406	-0.44434441160475463	0.13459275369347065	0.15055114888040033	-0.21140870339224296	-0.6817734056913183
DTXSID9020322	0.7054762985140911	1.1210512530610601	-2.647530666115817	-0.6381746520155687	4.225625212124137	-0.14228107282792068	0.7222477777026267	2.9853529991043306	2.986442076248585	0.8461995621716238	-2.5275578285934635	-1.090815569069767	1.4721255089124992	-1.678814511792707	0.009125972613279998	-1.070928046007703	2.484837349103449	1.5356195868318734	-1.0154293760500266	-1.8800947597315538	2.2561278580807143	-1.7915073729810695	-0.9210661569697889	1.4907928300020643	0.31053878656684	-0.20500425249295087	0.47419955029108873	1.2611271193580995	0.4014863060750462	-0.19551988086811836	0.1467854153829323	-0.29926648133596745	-0.3912755715889717	-0.725531219323401	-0.37111483405394774	-0.7510370690154801	-1.385566073436396	0.014868721910103367	-0.007813786817809915	-0.651512099530905	0.24660738447472247	-0.4072673797477632	0.005484659873785161	-0.6479991691814193	-0.2506456098646201	0.38074793566521775	-0.31881675709344987	1.0754474371471616	0.15234920577834293	-0.06257095834469881	-0.1948935721551727	0.27141114208242845	0.5625489183469307	0.24421345546553644	1.043773652355518	-1.574539991131112	0.19027992973931923	-0.8147898497539361	0.8003408287934152	-0.9669144243287053	-0.5465879348519057	-2.639770502128236	-0.6657453464246954	0.5331840914830794	-0.14330374987132236	-1.2694735762590046	0.9705934877654396	0.45386694036903014	0.3757235832456289	-0.07698663036131656	1.2301288099158205	-1.3075835618220206	0.7548041379294762	0.04192774771544754	0.000950283772261067	0.36787128344536907	0.5838357683372919	0.3905677081029922	0.15419684208440182	-1.0646281212981086	-0.25915252803340816	0.9474547977291014	-0.2008477556697886	0.5639090712713404	-0.15132383480213615	-0.0885450960989979	-1.5202104199595856	-0.7911488532207683	0.42602062208962344	0.22851084322647913	0.37431657166161114	0.8177333315379858	0.6831727251416461	-1.5219660160658592	-0.3497981678219754	0.8589681679474369	-0.028754683483089925	-0.1272205366836708	-0.09969830661249757	-0.05181835250365941
DTXSID0020440	-1.5083909777331836	0.26090557717390817	-1.0285013715686209	-0.25079366071382814	-0.470316115019821	1.7003600096078721	-1.6442790964634975	2.074793493978739	-2.6665150813380145	-1.2600674211629828	1.9804311327047028	-0.6584016136225759	2.2922103698725915	0.5783937871963133	0.9740585286784363	-1.9813736696071356	1.7691223547097656	0.5631844202732113	0.38318635930740574	-0.393640176264242	0.8213725860354971	-0.6788004936324163	0.2821347483899366	1.2879719279151824	-0.2953331408258362	-0.11982158937643216	0.8998949162105335	-1.2422395628881309	-0.09596840500110632	0.2999127318473688	0.373990067943871	0.1466263979238813	0.44337406491037923	0.14314480950713376	-0.1032360231964234	-0.8441940898583628	0.49449776844251137	0.16301883565210742	0.27091959453815495	-0.5876492772983491	-0.3698434575040645	0.33176257391833935	-0.811577832588544	-0.5004311598799848	-0.11825858687122999	0.2585336527099888	0.37747720619012687	-0.32671139655879294	-0.12673683277838185	-0.15700965451058932	0.013993086754677574	0.004443166386388892	0.018925001555645447	-0.2273309809239095	0.16691764588027863	-0.3054217040162494	0.6302296574017824	-0.8142776962496474	-0.2864813747400172	0.598329156254892	-0.11057149455265321	-0.5161840017527678	0.06917100651074204	-0.6297684583432935	0.027810565440878916	0.11544203951682193	-0.8337634855076717	0.20754561420330583	-0.24903691847127699	0.2181982297448995	0.8319926148446951	-0.19703040255896073	0.5347601137053112	-0.2159724217372619	-0.4110955287360399	0.8420413630283401	-0.04041754214752145	0.5721659200712663	-0.17971564243547786	0.484746195012421	0.47170524952961457	0.594889657775734	0.12338066192438686	0.32732869274693327	-0.11538283212877821	0.19504094228380303	0.13035891095184884	-0.322150292381777	0.21582149531578926	0.22161462856627515	0.5045428795492688	-0.2791261949510576	-0.9306079429941717	0.5487887806562103	0.21710898869161685	0.6061860990989733	-0.46576186036569456	-0.21915765853371183	0.17259303268062268	-0.013700611216351948
DTXSID5045469	0.8871780542857404	2.1479785345750777	-0.20601587384955372	1.319218692088532	2.1117127060880403	-0.0360617499637484	-1.40875143890307	1.5286383080216135	-1.898240236577241	-2.202478186730749	3.2919518975217215	-1.078956953093135	0.7425230873392551	0.3480676959626202	0.029250025839565316	-1.3068496143541086	0.6240686879990289	0.4042876929431402	-1.1842825708711746	0.6078546975268273	-0.24642772578510258	-0.67315920469253	0.9620965436099255	-0.3346654344052006	0.4290670898632818	2.6902806807682027	0.8474561854255711	1.30368893985026	-0.09895726184564832	-0.7076275269372475	-0.4247417513530309	-0.9074715258329805	1.3530943520357634	4.271872583825252	0.7961841951172853	2.5131285273460207	0.9356741335032289	1.5249683263848668	-1.2458207270675496	0.8868115079782767	4.636129560835321	-1.0445497526944896	-2.678532515395393	3.6717489441555116	-0.802015447681208	0.8760638945978239	-1.1676035774202036	0.5370941945326518	-1.6259092847681573	-2.6395063694656082	-0.2564505558320774	-0.44600745787542984	-1.985259456889402	2.6914903231543885	-1.59435843015878	-0.3018760371364243	-0.8589775545108239	-2.477229653660604	-2.022752294497189	3.4221002875910815	1.9649332112956572	-1.194433792348621	1.5918456168815753	0.23518416162275324	1.7148665967811672	-1.252336183519424	-0.41861171726905294	-1.2021994101356368	-0.670808130199672	-0.07518818086879557	0.31295956255265206	-0.20299026915159793	1.057399673503081	0.8654914669212145	0.45527962162602525	-0.5179349058394077	0.22140606835261376	-0.45729469530035005	-0.24732246767511737	0.754685609362778	0.3730419701181237	-0.14372482711654597	-0.29196793556564055	0.21136227439937955	0.4436163828246376	0.9009527937605329	-0.3119807883121137	0.6532772235749631	0.7076278838489141	-0.21091761449612167	0.11090605410052472	-0.33613265348115673	0.25626146469284566	0.13946025124427663	0.33957483927810445	0.19552164988332343	-0.02095480632509107	0.0002616667018812122	0.4295626748669604	0.27174439617327906
DTXSID4048985	6.949219699354313	0.8880885372035342	5.9242823852458635	4.241122760906197	0.027409194288006998	1.8357138725450561	-1.1786135227492334	-3.263930401837285	-1.8309683386343933	0.05862972650904391	-4.2337219029101245	-0.7075723706206658	3.6016773768902883	0.5992167775470876	1.2522906999911778	-1.7666778743683607	-0.8476687722721891	-0.14251970690969587	0.9793791077588383	-0.6157885227534933	0.24479755951428897	0.7756760495937955	0.08459311234653079	0.13848317298858115	1.0297089370611183	0.10316016096212957	-1.0376266425449263	0.4165004490204395	-0.26123918073470037	-0.5560626271006723	-0.7944381053676727	-0.4304587555065504	-0.7035943724057794	-0.441404413150735	0.4228856593821879	-0.27411497611168073	-1.4666470973221435	0.752157503603306	0.5148637046313709	0.6673957172694829	-0.4088404435397853	0.8421281039563536	-0.04581147814314076	0.7592039441602415	-0.41927727423440286	0.05632777873387985	0.526093006838045	-0.48016316199179865	0.07920595988618347	0.0874057326382479	0.16445739663676412	-0.07260811194133167	0.4345119549331881	-0.17014371236846193	-0.4187615293238767	-0.5028916350136503	-0.489211656920733	-0.20665516177396076	-0.06540121642179036	-0.3803134166446185	0.5152546088595226	0.33888487992280725	-0.27798079555492905	-0.44676410476986844	0.9750671682996852	-1.4204078020406248	0.12256206499332738	-0.5122949064213423	-0.3371599304627918	-0.8780543187102089	-0.2355430247286432	-0.2633034051130623	-0.7787126688199736	0.3349331317722233	-0.99424203677445	0.6609912634894907	0.0008802892006558986	1.12464255937773	0.19148803686322757	-0.11067767722118114	0.8140816477203578	-0.21844491371645955	0.5138302594456243	-0.06000199224544971	-0.11263081792122988	-0.1617145868841508	-0.37573894435368516	-0.3915992972027091	0.4358848629870196	0.5299735481358598	1.1201961138620886	-0.00662228245161975	-0.6298857682389877	-0.21579390625193667	0.12963421610047993	0.028883074691308894	0.45936418653290567	0.10136388493082538	0.5380453273704798	0.9489899335529526
DTXSID2040656	-2.2196176912055616	-2.351258669993843	-1.915966550831064	0.7176736895350514	6.724903530377418	-1.0065531653513666	-0.9112740791207579	5.617669962636597	4.4194500018383955	2.2320388784404335	-3.872988198629729	-2.3713679773496965	2.321661776533474	-2.126528844074608	-0.560556096887221	-1.4113113749619655	0.720854831857212	0.020386627664380798	0.7331753801852288	-0.8492952218445701	-3.00255938358047	-0.9805112710055396	-0.25787542828486554	0.7373789080641899	-2.601179133263918	-0.07383774210002621	-0.6518569661393663	-0.9029439899575196	-0.8917627163412871	-0.5676438516112361	-0.8812151498095101	0.25593040437418035	-1.7986604477080792	3.0110347428325506	-0.10899033358574638	-1.5013310555280344	-1.629227812886787	-0.0071534267983098705	0.9089104806055834	-1.5131650108576125	1.0763349164109663	-1.49101624539997	-1.3008032895919923	0.21101526942758897	-1.3533101399256418	-0.4066126631319776	-0.5701142051485407	0.8735052093267304	0.44339801551278335	0.7907655119643197	0.6759642020780434	1.1932705343723151	0.6444412725165395	0.4435531858222015	1.1931806041332225	0.15553088612510338	0.0638307261421704	0.9030184061258099	1.8930933512923636	-0.6304962311748994	-0.2586573996161179	0.5810658953157811	0.5585387858633104	-0.6276199595956876	-1.4770570413711994	0.6697905933588343	-0.8717088364561708	0.042536174321641196	0.30416832799031296	0.9111245398980009	-0.36029816627120664	-0.03577957626642775	0.8322109242067107	-0.09760214508151724	0.16449131270703965	-0.3020379826652227	-0.2197382754365653	0.6341226156808786	-1.0007061464796738	-0.028852009809720476	0.2248617684699533	-0.5540968762961583	-0.39165124678716534	-0.3818960676816562	0.5507979370846333	0.03168296012426092	-0.6812241642174938	0.004163219802539683	-0.04854407574716789	-0.3860978153592559	-0.07156405965453708	-0.32933285191175454	-0.18590881197474998	0.8722462935254711	0.44882993163350104	-0.9917711558276121	0.47954669800087574	0.03047929158725191	-0.585879401559961	0.5404571339034883
DTXSID7041675	0.8271834112361371	-3.3813372234769097	5.214535072809034	2.04218990825509	0.5507854152851891	1.6513382286734153	0.2545253270285889	-0.6646620073915673	0.24768959320321962	0.10651786603448542	-0.4518870691967013	-0.23469962760997046	-0.5968885992271978	-0.3986546016344409	0.43019965879838057	-0.8927585118812441	0.345918055410376	-0.5705148027700521	1.327540795105749	-0.28895743199071405	-0.11348279124955213	0.5231954361054704	-0.2820093590946317	-0.3201532021465509	0.8468151961954447	-0.61822459572001	-0.653694235210277	0.29668865985734405	0.10254296997161189	-0.09944439038585218	-0.26032190613903744	-0.23865472044803226	0.21804924406099008	-0.5321537464650963	0.09109018421113785	0.14756033955171197	-0.801633150341637	-0.48604734277971423	-0.05493962806986191	0.8265117068723603	0.010345336059270804	0.32352857066327706	-0.8600664908026607	-0.044226859542625487	-0.47548422265480644	-0.18702629461609732	0.008761731118350534	-0.03654944827315758	0.43905858858953895	-0.06724923870957095	0.07298883661950273	-0.4740373448050406	0.14256507102219365	-0.11558993880603095	0.03341753666155803	-0.18945799679956912	-0.7019002494459975	0.332027247773593	0.16867900732651336	-0.6446940523474729	-0.2156430713033566	-0.08946051568006477	0.5068062646447261	-0.7196096670958675	0.24634071195079202	-1.3321837606428524	-0.6307793870902565	-1.3113721036392838	-0.019129461677297108	0.12979965077912478	0.47416780473927705	0.07850352462169749	-0.1916948576071736	0.2379257189295114	-1.5393499647654982	0.6223799497948116	-0.6171122140819089	0.3751002552132674	0.4128330917953879	-0.2587015888305768	-0.02742687278393309	0.5405870192090648	1.2682850852169114	0.0006461757405198547	0.21144282208581314	-0.2468966297787042	0.2437026081532705	-0.7582750836086901	-0.8766072806706949	-0.12656008639313857	-0.014416589316650607	-0.47021906700871086	1.7904933111213304	0.6987509008764056	0.022800998297596027	-0.49517870650664103	0.28308521976494294	-0.25042854870718273	-0.7321770274864183	0.40351780678209315
DTXSID7023196	42.82817712083536	-11.543091109479347	1.497559641128162	5.73016704674643	-4.819252918664719	-0.1575669932511251	-1.1761061288358396	0.04625643268240552	0.1244825568623961	-1.5205400923796966	-0.2613087797640234	1.5993287505894678	-1.7914767303475718	2.020099826201555	-1.1395468000285705	-0.7922853523961022	1.4240118378625073	-0.5196242043675185	1.8384445707296193	-3.1210728773081864	-0.10256732100529527	-0.5888499947142654	-0.13738074988005008	-0.4095496568061456	0.37861273788944855	-2.0798825646428245	-3.5514547671135266	0.3372842292512714	0.006147394067117562	-1.3005819951084299	-2.869456000145165	-1.2314871533732674	-0.3512762945348673	-0.42804868279339686	-0.7096666929795131	-0.6976409197947587	-0.18789313935496943	1.4741538462710673	0.4019091969603486	-0.21654305589397188	-0.2919272407021369	-0.7376061187287908	0.6913292940905581	0.032320436954067014	-0.24050045590333707	0.3470302450843123	-0.019326891227148982	-0.03316101744872026	0.19545686086763953	0.1167149977299209	0.11229601534068215	0.34822854302055906	0.41144556914154085	-0.7978177477555024	-0.5793002933148551	-0.8691767866796994	0.49680086848025606	-1.229382878021974	0.8802611281266413	0.7234944852727753	0.5306077389879535	0.07444178277302456	0.09632595961707964	-2.4084499553972405	0.42608208522153757	0.33522909260089356	-0.06867879280354186	1.6956788085666779	-1.3375982297888265	-1.0447700921086787	-0.9748161984385825	-0.16066527495803534	0.18057049571947192	-0.6936648976771722	-0.017938212137058148	-1.1457804013723123	1.7489889202114204	-0.4833144729454569	1.2023547172064109	-1.2917887312431389	0.574168357750363	-3.5821598265903902	1.019055922270816	-1.1754570054104596	-1.058843994699816	0.17485286510143358	-0.43026280856077337	0.05786562957622142	1.440370040784452	0.032344068816063345	-1.5446752398145056	-2.4597321915625443	-2.2633799369989105	-0.9735684852530506	-1.9801593860694537	-0.36935958722075	-0.779614833093604	-0.35638503993850124	0.11352213257118449	-0.4867319438817814
DTXSID3025045	-0.11406233851730167	-2.152547546829565	-0.5247774911570341	-2.618824563772014	1.0313634754729548	-2.460331538771294	-2.097611111240918	0.3685040865603457	-0.5044261549933823	-2.467051728636727	-0.6156189366133031	-0.12477606803199649	-2.3608565454474384	2.0033322728973566	-0.7302947539585901	0.31608655243239603	-0.48833937856512877	-1.0066271035060506	0.36720606408205586	-0.3404829504269197	0.17097323592663716	0.33626129961656526	-0.6222082782085889	-0.8800026930376853	0.7411949544522786	-0.5861261444637472	-0.875681722571124	1.063626565473854	-0.22685696857208082	-0.7810742069600053	-1.154773799747365	0.9333510037154514	0.5161647715140828	-0.2355003414924703	-0.15185743928469783	-0.5886451945114326	-0.2574450983515038	-0.37784205933524206	0.2901443588148729	-0.4891926671112334	0.02212840773704076	-0.661747660828381	0.5013544831420886	0.14075470086723652	-0.2249771315531896	-0.20270221620661566	-0.18559858062727702	0.43536356094289397	0.17990632687991392	0.42414144319854613	-0.09934657606714135	0.0057500959248636485	0.5117234109514414	-0.3370289426004272	0.3535105759623859	0.18608233096422921	-0.0888764078238481	-0.19089395139686688	0.4005425553859065	0.049026632299629266	-0.4304212314540406	0.22693909282142896	0.47323315977451824	0.9434407690694717	-0.0756051488276995	-1.0928433597668223	1.0687850756783908	-0.4700552115918529	0.42297771925224636	0.020459228215457315	0.2548058946241103	0.3672606983743746	0.08039575034365232	-0.03990622642051986	-2.3314523130325195	0.27744584252184423	-0.35518527717075665	-0.21175063546955808	0.18070974526877773	0.3123797694910903	-0.15610362572528744	0.4421817462318843	1.2770333203576296	0.23954173481417856	-0.5103586227679402	-0.20261811862528292	-0.23932267704819116	-0.6485426421844592	-0.035435944848808056	-0.1903745530127888	-0.6495372181911978	-0.2402763333264413	0.14928577357674955	0.3454435724543081	-0.6163711153268084	-0.326549837970077	-0.016027526587010343	0.5661689126080007	0.43703073733963016	-0.4632983415347459
DTXSID2037712	3.7400148998600424	8.021657341763364	-2.0277073504526806	2.636445164751575	-5.248457115782557	0.32431309740744996	-8.116167258621495	-7.135169913576197	-2.4783498798351378	-1.9626561886904041	-9.767078319280497	-1.2790592447403373	11.62202856266586	-0.5117673868454498	0.8631786042971549	-0.3957175403481658	-4.661680465286151	0.0378647915758158	-1.471625676140671	1.4570442698625525	0.46235609128267535	2.5258401389706524	0.1598131090482731	-1.9394210917273558	2.40351079562957	1.4545897745243574	-0.03405859509302372	-0.14826734856594892	-0.49391350012496804	-1.0078236814991386	-1.361627617710005	0.12861232297804373	-1.3753297699260116	0.8677565962986512	-0.6922683430210707	-0.5009436605210915	-2.506847098085799	-0.2115756602334683	-1.1335387653519173	0.024414668360181798	0.5424902874267833	0.2777449284274259	0.3983296833572732	0.5929591722237946	0.400389114661298	-0.3935648520638155	-0.09682600586010832	-0.5477742433054713	-0.5868474968116012	0.39338871881904436	-0.24647652494310526	-1.0374892320871738	0.779521186982319	0.1694351497093249	-0.3475688417389847	0.03192482434577008	0.2925185051214478	0.3159552771486322	-0.5475791497816861	-0.5395084273128463	-0.08052053093493172	0.36010963940664154	-0.3834624073879135	2.0607984838154287	0.3589169099278082	-1.475789263817619	-0.019417190899517555	-0.6049245460763484	0.2479670007888836	-1.7929517018529695	-0.6771188698397168	-1.3568161692986633	1.2093053413846107	0.03120493841157884	-0.039872635453642336	0.17513836430655652	1.2916570171598523	-1.2346056232245475	-0.37903086907740285	-0.14369917419314684	-0.4511620072504978	-1.3302156373216099	0.09478690129556581	-0.09198979915118638	0.6678600034800068	0.9812741774131739	0.1844894909610681	0.2061875991155755	-0.4496841892610335	-0.7802375066861494	-1.2005631475157001	-0.9756975543224338	0.3055586835551618	-0.09152062723886278	0.2067617553635083	-0.5613918201399967	0.6795124844280498	0.05801906189820095	0.14903990351298457	0.7176839274202708
DTXSID8040779	6.019318918432897	1.8956802424587953	4.269613257877369	-4.664099697236218	0.6587004040569975	-4.485852799826804	-1.42269945453226	0.3947708906158497	0.08596461603017264	-1.7746003330099571	0.1976301288763508	0.7311051901982525	-0.12037089641334589	1.1218752836060317	-3.0698870450637603	-0.8865081963509145	0.38218365396102033	-1.600325164236365	0.9470389052528128	-0.03177235214276562	0.4749429882675974	0.6588120663950571	-0.22590860078341055	-0.3270784198559063	-0.7708345653299628	0.25100101648400713	-0.7695098566354408	0.4560184810302199	0.4620063290810753	-0.45671565988298735	-0.48889023134853277	-0.3714616611814286	-0.5459310107938141	-0.8139341031788566	-0.12821785143750136	0.7340086220160489	-0.14631331313315876	0.5152693081748587	-0.06418217441358179	0.38932178779024584	0.12201869396731481	-0.4322718441680968	0.05964197196754636	-0.08587787076628821	-0.04311339006108079	-0.0685867677290858	-0.12402895931695508	0.38378852369368743	0.023117950909881706	0.18785807045667968	-0.19207804046014576	0.22712112750919933	0.11339457555852037	-0.3313039180452006	-0.057858076983296834	0.3398492720962121	-0.3604557607896721	0.19807312879284292	-0.024866825766557094	-0.361944092554935	-0.17690471121899923	-0.09258324965055056	0.5018968100016993	0.2657143108498092	-0.045281966144393955	-0.9258574833847425	0.555675591789359	-0.05133698040633239	0.3217603830169946	0.022308849368578784	0.9663384870544751	0.03411883316870658	-0.19602714272657	0.11735887178535859	-1.4929653065581239	-0.3445631645325183	0.39321084484278906	-1.1069996081894478	-0.19609529995321245	-0.22400527508864782	-0.680277662806936	0.01426237248561138	-0.5718461959714531	-0.42153701454387865	0.2591431297331734	0.27222114599827985	0.915638850086834	0.5794074136323122	0.4082331837221023	-0.5365314094994086	-1.08763395941464	0.31874192264599444	0.014607133983944027	0.1514861372482777	-0.08026801119053456	0.4418264193583412	-0.9528905825419428	-0.005309527858215291	-0.0018044533832752888	-0.3644049448363425
DTXSID6025690	3.2157673508716087	0.055904220812134024	-0.05153717994790088	0.20063426475429072	5.656012529788881	0.5429203463479924	-1.9083643999051823	-2.2862835523108678	-0.891449174892284	0.6158948093082168	0.9335503968592005	9.678254759009226	-1.0798205622162063	-1.9359209408401297	-0.5287598750891304	0.496681030994551	-2.5376641885968985	0.5356899949156735	-1.1323764903925195	0.589016537663073	-0.030948836445614462	0.08509478762353931	-0.46883671048635356	-1.0702230029156143	1.0430362854783573	-0.10082904305105227	0.5227462672496966	-1.9248441370203926	0.010941187154041835	0.700105673141358	-0.5394692007648554	0.07378221494678514	0.6792660633054367	1.1664026032913493	0.3260529700239975	1.2794124935484357	0.5462361160592175	0.40590804494321353	-1.0527851479387718	-0.4314125893078275	0.687736278962639	-0.5887075785408266	-0.5327077683038773	-2.0808338331149048	-0.11843144036601565	0.3467796721187822	-0.4061552391485001	0.23784210186177207	-0.11914272952849034	-0.47969047204904214	-0.3292406004489262	-0.13578273081852216	-0.3812795607468867	-0.1490182930111339	0.11610269293310319	0.6924421727408356	0.18617018547484074	0.6792090252439699	-0.281517882671985	-0.04751968804485933	-0.5565557952695194	-0.34542420497855786	0.3311963087498434	-0.3672769198769588	-0.16174721610768403	0.17953936739651669	-0.7020756463301675	0.705995066553933	0.53217662371398	0.37585977541273763	-0.09028670898022832	-0.06804032430384134	1.1278780296566961	-0.4666356595302638	0.06736170225189304	-1.0325916819086987	0.41711156653718967	0.12212807493299953	1.5655051504774968	-0.018501759806462573	-0.3307573847744868	0.4356916625685616	-0.9254532419329143	-1.7097404563744443	0.6891024087638481	-0.9002828057272899	-2.2296422246756378	0.08056002864264938	-2.5467383148720297	-2.458973636029963	0.7180238858504847	-1.1628588258363999	0.62931625507584	-0.5811170127241041	-0.2909753012097636	1.4146872752555735	-0.3799941012765594	-0.645419625824741	0.4736598082331314	0.9789915500022915
DTXSID4049379	0.8440352173441444	-0.9976802441576068	-1.1864862375505518	-0.6045152923752536	2.759777004296604	1.8562701152456986	0.9989316016673018	1.760816673822494	-2.5140554327164515	-3.3191800568868253	0.2303346801642624	0.20007630946256294	-0.501822434736589	1.297211738124759	-2.806506210594462	0.007833004324466928	-0.8277318842550488	-1.1955823124066067	-2.1021122284424556	1.483259285195125	-0.3394820587915349	-0.7965416699924943	1.565165358561442	-0.41192604690915857	0.39328767861382896	-1.5484358828119242	-0.00471491626172049	-0.7701614471664509	0.33088246351440015	-0.30098535781577673	0.45420759766916924	0.20290075771506166	0.39537290592466184	0.31117534543579367	0.17671882973109485	-0.5195424194232008	0.4206219320379803	0.7406680580638298	-0.8155759395351192	-0.520181589478519	-0.17820506486354973	-0.762563181925982	0.5227780722456424	-1.172333927278076	-0.38235604009696966	-0.07452745647093945	-0.3776368057454107	0.6102269325657395	0.32707215625135766	0.6155321566293213	0.0757062848416261	0.39777637760742063	-0.17299493024318435	-0.5277498189060804	0.22356926596010926	0.07122706470523754	1.3799917889474869	-0.5565762171244176	0.37928100934062514	-0.3725974504674444	-0.04279439197997798	-0.8810811867694162	0.6093737085018389	-1.2971215703351593	0.09474613379431883	0.8249936889625967	0.7951428968200597	-0.0748840588530605	1.8870897951989272	0.278614462121959	-0.19328807146890248	0.6109392050350904	0.16178418633006197	-0.1968344947366771	-1.9959188656738869	-0.49959055744166597	-0.2848141228489415	-0.03416274513312542	-0.4757647015580126	0.13433423738499334	-0.138800969882798	0.8613702062232261	-0.431040987912586	0.6114252336310203	0.03100589349537212	-0.028319528942162792	0.10793386312901328	-0.5118742752375505	0.13293118335966655	-0.38315943719696977	-1.2697072122206046	-0.408500044615577	-0.3610966448999525	0.34636003184136327	0.6624484589039275	0.3747404006470123	-0.08499588667134819	-0.22532669760135357	0.10246844016694032	-0.6775253808287205
DTXSID8048862	13.069951084067512	-3.6741911474321656	-1.6703052481816807	-2.90607320839603	-0.7584004667858258	-5.92150928592111	-2.2632212193079653	0.4648216878276256	-2.931408537163668	3.3009120785571784	6.70273315998873	-2.235919611151093	5.690066195861583	-1.191622084352302	0.9298375709949361	1.352362810066427	0.5697855091258786	2.185780745317847	-1.2271177745506818	-2.343554019212192	-0.5883428849840262	-0.6870958542341424	0.6810720978279541	-0.1473262399833605	-0.22488902030898825	-0.8938046674062917	0.584714622284097	-0.33435593514612666	0.15724031696819527	-0.13641367007518868	-1.4941580726314045	1.7804933639811094	1.4242986814632879	1.2553491995384578	-1.8616564539543647	-1.3420849183918755	1.4571896223283884	-0.9412715002579546	-1.133394523281817	-3.4340401050308347	0.5509532339447704	-0.16605120375206442	-0.6313230394653695	0.1396444416421297	0.6200476239572178	0.3411526025173959	-0.08723036469220684	-0.7317669839201919	0.07512618090237307	-0.1423353085476875	-0.24711972932038836	-1.1010977499939327	0.3890052553377224	0.06121544691091983	0.5949072602678926	0.06559585594427844	0.7202587725099103	-0.8984594241138432	-0.709309573212759	1.6253864370288653	-2.1104983269387594	-0.30745111875623304	0.10460272549472162	0.5878091100197518	-1.886660815639712	-0.5627487151331273	-0.26628591998397805	0.9197512187214146	-0.23060667675074367	-0.005423242359315791	-0.3908982572382251	-0.6596871601102375	2.027560479992184	-0.04504556253467778	1.152606265410816	0.03680498323832422	-1.3016364742371545	-0.41466999937576265	-0.49068786157893096	0.5127928318093616	0.566287227352766	1.007871456689362	-0.3317083680410524	-0.12192874952481597	-0.5090365656935415	-0.07824968935927176	0.43724144625700606	-1.5378514957913112	0.09725682555826762	1.710722709597072	0.02032618898648439	0.49053138566414534	-0.5024865891947926	-0.9015458688357152	0.7902659192468484	1.142466490598863	-0.9906838808054442	-1.7497473657314293	-0.0060313898959226545	0.8209076368053008
DTXSID4048727	3.3775538964897307	-0.9010620305549253	2.5958732092622525	-1.7422802180687798	-3.978938922347548	0.07630760210796932	3.9800649092092955	5.681620520649305	2.1970058864510538	0.5711298796282113	-1.0188946525947118	0.9602864554616943	-0.22939282919516696	-1.7146935333251907	7.2155359078781816	-0.9728947040960169	-6.381531745968533	-2.2865638553644954	-1.5619830615229906	7.536638160941556	5.558650479917107	0.8647087158381875	2.976671119712934	1.4397807429686822	-0.8405485937998884	-3.92335026567968	-4.053657156943689	0.8060584692708191	-3.4259259691221935	6.444744277209498	-0.012312052161837011	1.0231146599669592	-5.565526012951769	-1.6623045237755543	1.7912662647451874	-0.08384591774405552	5.371175214257813	0.09958466002669698	-1.2412853912301014	-2.0150979935373114	2.7784971792481006	-0.4200427759243952	-1.460279105246324	0.20220935286221178	1.5736215249419085	-0.6133643882337674	0.9997819314663584	-0.20381609485553712	-0.1560004470825658	-0.8958697554383571	-0.10384313184698525	0.15532337167261318	-1.1509651437788206	-0.7526876311636448	0.7041289202929343	-3.983676256815156	-2.090032249041485	0.07856322983036194	0.8446095636695554	1.4105934569874756	-0.4556012380141626	4.222937466265574	-3.7502185107260906	0.7540224411451425	-0.7848739473457053	-2.2437957735890772	1.7441135589943937	1.6363569236941995	-5.479803658480767	-2.7303168511627476	2.328426459469651	1.877904434956713	4.139772963167463	-1.9512334515409981	-1.5332732346645295	-5.204646134720315	1.0929156847041288	-2.1925478836003065	1.4937522159190657	0.8789123669997798	1.7347151074623615	2.1172212842475395	-2.6144461243492536	3.9863309812309056	1.9823117775416883	2.40600122012178	-0.4198235165484518	0.5419679637518511	-1.1316238854743177	0.24688551450238683	-1.1412047308320932	0.4829673723432578	-0.3778164717309238	0.32508346023759344	-0.30731414919707034	1.316617016037126	0.7581599881075666	1.0104500020215188	-0.30785310943863503	-0.5140766882384097
DTXSID2028016	-2.21452248513381	-3.014766395466729	-0.40169207632260767	-1.8736662819296643	-0.47694853382366637	-2.2057151894229348	-0.5072902394735839	0.557832336460318	-0.18486769524575986	-1.5123809170136586	-0.7486093484958437	0.008277573364698674	-2.139345201393717	2.070708879200217	3.1869280101750443	0.9716790437100952	-2.3209414517386335	-0.8188167352747121	-0.31012121109841595	0.6307493226428735	0.9034926608587398	-0.9675098780975362	0.6607145817418327	1.2733407498502347	-2.8331934073099125	-0.49576002942979547	-0.1914072285905326	1.296467741878998	-1.3893255617733231	-1.3018622212579707	-1.357855653751175	0.7506379654296181	1.1845405933271194	1.3609822076525628	0.09137714447799918	-1.7794592440359773	-1.4473715493122943	-0.044611052405275874	-0.9917764096205602	1.5699170278904382	-0.940067882770143	0.17278064368823573	1.523023820936546	-1.1778336134038543	0.141532446144165	-0.21797164338327246	-0.5135137741743849	0.23499282719038334	0.24167314535346396	0.1761223807201288	-0.14851667519227754	-0.31683237942640546	0.951887500403242	-0.5934415059561292	-0.8687983755053298	1.449429836550868	0.31934540010135204	0.737221550603705	-0.45895041185843766	-0.5372923354700394	0.4878185057212282	-2.121136117475289	0.7888813788957351	-0.07121759156254445	1.1231707331285188	0.1442538529688314	-0.45093406675420894	-2.0503766840743394	-0.1618832685914651	0.40634917814237453	0.2500374409530086	-0.24130903178912586	-0.5901250012237057	1.4902425093866094	-0.5293628940684207	-0.22573425614461912	-0.20666936998226162	-0.4129453126344176	-1.5522941083971546	-0.7359988708157446	-0.4246590496004504	0.4950352294539507	0.40494036356042024	-0.9551242861170619	-0.12234873978086806	-1.9341545997894107	0.9151352706642084	-0.6567271933135078	-0.05233558300969289	0.11362652623860738	0.3954906771126266	0.521628759261384	-0.3937565977175114	0.19646942087535213	-0.19438119619660643	0.13288610373051601	0.22211808976321085	0.1528023881352556	0.13297108719037412	0.005708211739670249
DTXSID4022521	8.309603571637158	2.7850916191872743	5.3348387483864	-6.160813968324083	0.1703169734394405	-5.254442768028461	-1.0033563881740255	1.2107615719603215	-0.26834315754878024	-1.7542449693748325	0.4986510783633189	1.3125091203324217	0.7747074673123366	0.9178933842078721	-3.8452644183321474	-1.1133268131391985	0.24390491940489278	-1.9611022263619855	1.0347139619302361	-0.002654944785351791	0.4337968811676817	0.5524778296153599	-0.285847936281021	0.17375954031101556	-1.3712906850381366	-0.5401208242776647	-0.7429407294074556	-0.3913529806740807	0.6384921877971139	0.010951503505174926	0.25675283740269383	-0.9440804763520152	-0.40286302975251237	-0.6767500351919112	-0.9821207444167991	0.73871366325278	-0.7116526038038871	0.5495781352642908	-0.019113433670959943	0.1637313689408343	-0.4001540048446858	-0.09555340863411275	-0.5729488919239665	-0.4625201157549513	0.08978009296945381	0.16617488405601682	-0.00839722073938492	0.7242763253810273	-0.4176139991711673	0.20559239452374733	-0.39561989188882624	0.18650169579953974	-0.32201892340837696	-0.17751064764585656	-0.02380072902678704	0.29157605804854625	-0.18841053517508258	0.09112502622356783	-0.4148520276208361	0.021875853684761127	0.780160282833192	-0.2662945649410639	0.573054581865228	0.32463295310390855	0.36600035890106913	-1.2037635161432203	-0.047461356232914365	-0.23607489216057526	0.8016820493478348	-0.17687164267914862	0.5436865624299295	0.4215181645099833	-0.1829631023948612	0.15368223774661718	-1.3891516310363894	0.25030588300725615	0.27862622764587475	-0.8600013206277786	-0.32896166127490506	-0.13206019482296422	-0.10802253861840216	0.9689944879581267	-0.48817304695315705	0.23253214379452905	-0.8376723736326186	-0.5916631974715806	0.6608904969365003	0.1363689648877231	-0.11237012800686323	-0.5153671315509872	-0.99566841573789	0.8845060039446642	-1.2511719212521224	-0.34350654287220206	0.14286306728434503	0.26281870276324437	-0.8020609005993395	0.07786333631551502	-0.9978212617170487	-0.6758513414490525
DTXSID9057898	-2.6349264365374134	0.3985643213466641	-2.306681509132589	-1.7758532977419328	-0.7944624595413189	3.763327365736982	0.354772854520664	0.3838758537159656	0.8735046001750478	2.9556851284540815	0.5602197743515286	-0.6890538974228895	-0.3972497285078152	1.9067118205050928	-0.52266501354898	-0.8227788549244933	-0.9671209620699031	-1.088977946333413	0.6803526725848653	-0.7281525437444498	-0.8309604764894956	0.2184095249927967	1.8295743391290822	-1.1767470309860832	0.20874691660036546	1.1981317714393864	-0.9108081194769821	1.811648781664194	-0.445265554057108	-0.47602234578357283	-0.26757457831724757	0.013390805509597224	1.1166879246216082	0.1220926108305165	0.7842824116017072	0.8729827858372751	0.6982270341976706	-0.9970320009686243	-0.22920756536654055	-1.216308679283311	1.1094370848614927	3.004379121249276	0.5827947454200986	-0.5609367994253573	-2.3034694917082326	-3.399724128691412	2.1442407473302496	1.2427174549543454	0.8026479752743406	1.113828188964601	0.09523004740574013	1.4772058642869559	-0.6931091167527037	1.0461023099919304	-0.26075740011155435	1.5845703564117286	-0.573698783611727	-0.5583963940866029	-0.3321004748008507	-0.4277889348935593	0.27798440948866276	-0.5901450128232282	-0.22419072001615784	0.3777359676075062	0.7467633799111878	0.06893592073907799	0.16570500902018476	0.8406846338824483	0.09137420784910279	-0.3293715886394964	0.5306957135489021	-0.7473052906982744	0.09764653128708128	-0.844743576393785	0.5486540700153422	0.7760208822926562	0.8831164700013499	-0.06795086775971579	0.8784635899111807	-1.3761025892499974	0.11519210598071608	-0.6851514800228063	-0.3539971413542151	0.1953247107629867	-0.23115756798680145	-0.14785866577967255	0.4970315398625533	0.8630087967546599	-1.003149077630576	-0.06009965322387209	0.5159174367176695	-0.45188716729426104	-1.643351681802957	0.06917760880198841	-0.11625754370560318	-0.4662187384139644	-0.2634761942639942	-0.05959855810578247	-0.8352636562688966	-0.25572548010239704
DTXSID1045798	16.659351135740067	8.540011873401202	-1.3746923548596461	0.01893045739692214	-3.451330614585094	-5.1408098682489705	-4.780256650642215	-3.7910793870429313	-2.86750861504058	-0.1826570195291506	-1.0713000069855352	-0.4331937532424206	7.7332029418300126	-0.4375624822926858	1.1802278043621943	-0.5140749192351908	-0.8642585539473555	0.773139657969634	-0.529694660730386	-1.3885290246010602	0.47635843215374646	0.2227035543085032	1.6798819024251146	0.2719088092056787	-0.4888106855958382	1.138596754973093	0.44853056381985645	0.8226911345396934	0.6266517952718689	-1.3418774530236035	0.04389597987997983	0.6597588032257612	-0.8058176843807299	-1.4963286801901015	-0.4018920624238073	0.32607569173903855	-0.3204919873282169	1.6006112040484162	-0.7147235428794998	-0.894741996634558	0.7429731406945009	0.38997073664229	1.7468791699811927	0.7579318364275814	-0.7742826489258828	0.46918147339077504	-0.3514969966520058	1.453126653025636	-0.4313047721380266	0.8430666728968219	0.21336621281228438	1.2337758013170963	0.7452025179145519	0.7908904652188078	0.057690890905495486	-0.06647506341128795	0.3146809072426136	1.2104005199532752	-0.3796418125308736	-0.550879031395025	1.0580353798106286	1.7176604764131027	-1.3039752639569324	-1.0875325893820789	-0.07525707587999658	-0.8887273542781818	1.6982958026503618	0.02173556317074707	-1.7447854649675638	0.5951478356111034	-0.5585451175907503	-0.7909782921761932	-0.16323214022769406	-0.40771729074897706	0.92592466345622	0.10581658032861392	-1.2670385473086985	-1.9926043212673004	-0.39202158688400307	-0.011179003921367208	-1.2031970830148015	0.11847372309716171	0.6038381793906648	-0.6942548892230183	-0.06274153715251508	-1.1474067048672358	1.0891188746751497	2.0676104778907956	-0.3608133685190071	-0.24881406887233082	-1.555827064165699	0.011926045361780529	0.6188614994196692	-1.5110064442750695	-0.12593619138696574	-1.0036494759158903	0.28765570961836584	-0.3182149977690992	-0.7649724835375359	-0.15534903034673642
DTXSID7034042	11.81855594981245	2.004237793452505	11.50102107064198	-12.405255891547158	-3.0298789452490262	-8.828690737231952	3.0848382205617098	-1.2566748505707965	1.3341609534661207	2.6209051512576034	0.564635635473959	1.8891414948426886	3.2562369062260186	-4.3688265617690645	-2.8795249319152725	-2.134033277927337	-1.5293571934618782	-2.4988260546749954	0.09671060739880992	2.9664711769342684	0.9373814805873396	0.14065071972103377	0.18893838358836257	1.7348713021912294	-4.1462530916614275	0.08809470615517594	1.892397876797395	0.869843857803292	-0.319377732492185	1.7761495488248884	1.9774908672897056	-1.7073796318435643	0.6047831987022545	0.7662255232527833	0.2242899586692653	1.2513081935923551	-1.49884816686647	0.43517510169445706	-0.8872689860876427	0.9948306969895794	-0.24663921872004219	0.002872058781981034	0.5669714732881141	-0.6805959743553402	0.20305436655197442	-0.5858763394207762	0.059897074120884145	-0.7833044699252695	0.10339671685169886	-0.7442463417930851	0.08529867025841872	-0.3753938460745674	0.28006962645957356	-0.028514560143873074	-1.364101377471787	1.6416832284055949	0.07191232863244078	0.053480213091874625	0.20371567141137178	-0.8037776859866739	0.8995816333331983	-1.7148581062302	0.356717298929481	-0.9140184885002391	1.0585734899587147	1.0716175119521643	-2.073960059460745	1.1653339017541302	0.01589894532656116	0.8823558659756054	-0.9737905435662354	-1.1821245925100392	0.5715557896818492	2.0913587604292965	1.0343673331397172	0.5521906065575142	0.5712268302333846	1.3366641062135034	-0.2817588272629608	-1.6924586403888853	-0.6588247138214187	0.6633122377019814	-0.20829625500132387	-0.9410915265281888	0.5233862093887094	-1.3877894832396516	0.7348642763656318	-1.9946606410130514	0.22532178412085338	0.08853423160063244	0.24223050994809056	-1.1182859247769066	0.10875120675145451	-0.06683848806753342	1.4006455734133245	-0.4772650674913602	-0.37459756783003456	-0.6469200344607178	1.225864230956959	0.4410050693884085
DTXSID1046843	8.71805175893323	-0.10691332060186301	5.8733824673268975	5.136661094884752	-3.356226279386914	2.2330020013215925	-0.14502572481917292	-3.3083248432474055	-0.45202179207828963	-0.23984087681742575	-5.276465725434591	-0.06522221895510441	3.9412070812279567	0.051222328179944654	3.593235193462136	-2.702669416347596	-0.135940071541423	-0.4082690339289753	3.1735248439088872	0.1086747488889335	-0.017800064254790922	1.1213252598472103	-0.8703448152525175	0.2899238801051596	2.4745583927093575	-1.1435909761509755	-0.7851648604285814	-0.6754318922929586	-0.1084552605658057	0.5659121766691866	-0.1824768162914799	-0.1436172148257912	-0.7492281667129975	0.9216679579043514	0.5018737092701	1.0248043285977315	-1.1046691102980601	0.612955607469903	0.5137770197990686	1.5215933420001286	-1.4514520033646845	1.073392292667319	-0.14242692278188962	1.4212436829309614	-1.652726387573436	0.3600071184023725	-1.4849538501963961	0.3530194474775064	-0.7948647241328256	-0.28682578017878596	0.11875767078991974	0.6520862695076323	0.15736899112939706	1.9097333303293846	-0.08917149952527306	1.838774620498656	2.0665111486799552	1.3127825874777002	-1.6623671365410606	-0.6722045592999618	-1.0997124732373038	-1.4549165840956502	-0.30437543814064183	2.7148348285144848	0.0701680279215564	2.185291808909329	0.7036595236034913	0.9994079400116527	-0.07241611775558315	1.8438224485323886	0.004533777129875918	-0.60837637027679	1.8871938672108977	-0.36615606299019066	0.2853494109089408	0.8126850917873956	-0.7966179655933178	0.6844387348472656	-0.6606007264511996	0.6768604450193407	-1.4953203353064086	1.1837226202996791	-0.09000285834602736	1.216429678095196	0.46468558258841824	0.6233499369972013	-0.34847147364650777	0.29005829899663776	0.1720900844778875	-0.4110951026200026	-0.16469688747067565	-0.2841748061997639	-1.3603081230847618	0.019877733883514995	-0.5411657715626049	-0.2782223302978862	-0.39267447666759764	0.24283317227975185	1.1533580150397398	-0.18981204606412083
DTXSID5041308	-0.4470415940514147	3.944991694665254	0.2662059900747932	0.09241438826554667	-2.9329937425892147	1.5751781753649619	-1.6579448379321406	2.1577243949904488	0.5604633278704522	0.07956870099762621	1.3438239609951914	0.09422611168531728	-0.06476616152962392	-0.44212079605898913	-0.6038133010615359	0.7252944393458327	-0.22400585203099613	0.5849763499563707	-0.8766545547468952	-0.8304397623038788	0.2832657438002087	-0.6316950316395908	-0.3893999785326089	0.35096226488984217	-0.31093832362547874	0.10460287498089615	-0.3105077931676837	-1.3341993753263224	0.311758921433201	-0.7074933560386961	-0.3807307122990805	-0.2309282386265885	-1.3474736656372028	-0.6258007642779662	0.5137641275369829	0.3436131165781729	-0.2842938183559574	0.42828051463321415	0.09225171857311319	0.28858915374045324	-0.1841465903804723	0.167599511121549	0.356446566260722	0.22602389954906463	0.020951244830558123	0.03798156083932713	-0.3792022098931234	-0.2892065499487525	-0.15048205406579884	0.19314850479017093	0.04339946878737185	0.07419375083176319	0.19047567642657445	-0.3380846148656709	-0.21944316752905457	-0.6670493041707998	0.143162016260987	-0.45565623283846557	0.1856980611649492	0.27168822806934	0.12196906259897117	-0.09522107211480321	-0.48856091622867887	0.5312817911026324	0.2266899746661425	0.22689968587843143	0.3806180220798877	0.16739038346588464	0.543773181273526	-0.6434535242195734	0.3360232280086348	-0.5520519560444763	0.44558281035308817	0.8650580048401276	0.6369046441561773	0.6942185026782689	1.290131439576318	0.22452772728309936	-0.11025780276250463	0.798595639887622	0.1925812261704755	0.08969725579236949	0.4870994642376909	-0.08221208229478276	-0.15839636888025102	0.5194544827666181	0.19314526443762842	-0.337592603708053	-0.5128248554667263	-0.23286399672975944	0.5816423790554596	0.2919318777841202	0.11085285847914635	-0.018321212138247774	0.5970327347183624	-0.20866112402567366	-0.09031627478717237	-0.2044683695214767	-0.11530362061693515	0.3144742845360563
DTXSID9049033	10.628822358228474	-0.8733508544823316	1.7278916001605262	2.066643828229133	-0.02192709801417178	0.03792618519586866	-1.5272040768440247	-1.588089369276195	-2.150408141843036	0.49801959650924277	2.414940290036296	-1.7343267023802669	-0.3252712161869664	-1.9016618345175942	2.248682280848701	-1.2494513107493674	1.3519843628397092	-0.3921415848154248	1.1279220072775586	-0.6875024552746142	-0.27652454995456116	-0.6507048436545609	0.33313157798920456	1.5159146239290628	-2.1044831085226727	-0.2774949870583877	0.27359545261308227	0.1594871081810365	1.1603245185657112	-0.30708148062371715	0.7153839666843744	-1.1094790908340035	-1.068121054279897	-2.122948284018053	-0.25046824252100774	1.8090031115640361	-0.7285031914445821	0.8228286725249848	-0.7399876820724305	0.7421374799033463	0.23316187504664418	0.03265869529670026	1.6431817555660067	0.8583226388009528	-0.7045335266849209	-0.10605504476527983	-0.5852042334306622	0.5770047168876419	-0.027727938902903225	0.4296562425949963	0.3829302887610772	0.7629098997737401	0.24264580175964331	0.5722765085712739	-0.1728223160462167	0.1408921611517325	-0.5513431853888268	0.8656899501249227	0.27501728470880826	0.06738798870330866	0.8566440834809619	0.880099865938807	-0.8934539301235425	-0.4098391628040966	0.3459550841626199	-0.5265428276033313	0.6553979074630516	-0.5011155446700204	-0.7061081886898167	-0.3127457457134068	-0.6027315429630152	-1.3720787421174827	-0.36517013538390825	0.20082791607814432	2.0173060182127855	-0.09263012972437143	0.9439891740248402	-0.15168044962134136	0.3265786503993059	-0.3975837394211747	0.4910041567826986	-0.44582180066834415	0.03736536938676048	-0.595566850472255	-0.27662012722760887	0.37119515501019074	0.12309643461395298	-0.12859237926342995	-0.6689162649570386	-0.6576809260672257	-0.08751777124234325	0.627777721726083	0.27089851415790767	-0.21850210809149917	-0.3880676321609714	-0.505845007338866	-0.33075060301575865	0.022824983792141054	-1.1920318103686414	-0.007807426656214017
DTXSID4047884	-3.1569039932143776	-0.8667603527588367	-1.3792278470316546	0.6562034190795183	-0.14694537191625043	-0.8720175262157086	5.579576407511623	-2.297397288309755	-2.0685991065985196	-1.9322956830871034	-0.8508609085400985	2.012411029456537	0.8554057263830877	-0.012965768019759795	1.7768746379954832	4.193302026528144	7.368485202114664	-4.712112649970366	-0.579025849857119	2.5457535155971978	-4.345199267403393	-3.1093403287248638	-2.1134407520927865	-1.0308462946359307	-0.5229001131615951	4.326288579400608	-3.554910463651354	-0.6697254424322806	-7.412762165732891	5.500037206922938	-1.0175871200570457	1.2075201861107812	0.7761351073016315	-1.2233814247078187	0.981276977957944	-1.5663484111032766	-5.104266635951788	0.6589863685711179	1.155300423911009	-2.091655248643749	-2.533863227697672	-2.2686012402566833	3.758191495036471	2.1178089161181584	1.5746452545721075	0.3304259996039543	-0.8536252559790568	1.8019519933141508	1.5741590716220577	2.030103142866247	-0.2105046628667518	-2.645503400986614	2.9588653672270997	2.1836173509779266	3.5102269781107545	1.571675743895786	0.052612821755253225	-1.8212558843843034	-5.262214649079773	0.22406813299287764	-0.33998729016145557	2.2843244401653378	3.261610745273797	-4.3644672498334725	3.1957755758691766	-1.522961080476203	3.9416583647375933	-0.7246209553555948	1.9240959630999253	-4.734924217209785	3.7930634912404457	6.014475429579445	6.800843760205394	1.1045343079669339	3.624433701392592	3.4975269159404596	-2.7315420887635056	0.8688772730151285	1.3134393866762442	-2.533411828198247	-0.9318512634900442	-1.0514420944991256	-0.7799353620365072	0.12508379218531412	-0.2708048851243025	0.3084972092576003	1.1061156940898713	0.5084370759986931	0.21293158208442042	-0.104812361744326	-0.1682630080360772	0.05149216228309727	0.3550850971998824	-0.16952785865180253	-0.03366107411169757	0.13760506713855486	-0.06769145266209702	0.426331819117092	-0.6777968914895077	0.07240653050455861
DTXSID4032372	6.777127892571414	4.696110799013079	-2.4455616114648415	1.5464353469612124	-2.8990626998662115	0.43383854833718627	3.127980722116335	2.1979678805734735	-1.9205390517282446	-4.22707585184846	-1.667950071609956	0.8087159416173647	0.2800829222435972	2.4898259318127045	0.04274784412549488	-1.2735345828906022	1.837086595040796	0.24051047954375213	0.8513616077679562	0.11993410825726535	-0.7977765276487436	-0.731562475479841	-1.1277615942629828	1.3928089619831687	-0.2134787148650845	-0.1832439290864821	1.3556609310431607	-2.2580889649205096	1.0010209183579948	-0.28859406667883636	1.2881988439490846	0.2305184090745819	-0.612878486857747	-0.18689433018884297	-0.2552073157835874	-0.7375217231659271	0.7251323874524681	-0.4133250832899251	-1.1111085048658107	-1.380128161432017	0.1728766361964367	1.0776055316013124	-0.9674542610493687	-0.4040452318028714	-0.1272660207963508	0.585407559627654	-0.2087263758329333	-0.10332270349958032	-0.6887246740404115	-0.06602432562883451	-0.40806089108495097	-0.10364926221185618	-0.3393349332050635	-0.06462596708151616	-0.5969768919001923	0.09071266523632802	-0.09546832542792372	0.5094786794938635	-1.0424186600720537	0.9544223469397911	-0.6539720712465928	0.5035308563994539	0.09424520189446885	-0.3578754760384311	-0.5305992042352664	-0.6907516239433847	-1.6252462189210748	-0.7447089135979931	-1.6593918103897225	-0.5614426533613148	1.0695721254827015	-0.6844584405203669	0.5537850480109201	0.760988156993758	0.48932492842836434	0.9156087242959631	-0.6684816565454145	0.4952599637688096	0.03724775691350694	-0.17863298865779537	-0.23055901223802022	0.38271678347857724	-0.005130745893895653	0.06151661782492076	0.6698869488441902	-0.3365060333651025	-1.0197373383186197	0.6890471843131342	1.2098978539851002	0.708932539900035	-0.47633500337705476	-0.5406516726898535	-2.05335200275593	-0.8693993199065413	0.11866327492146017	-0.6045495394085232	0.4826592735831128	0.06996549923379088	0.6174800759986863	0.647889236332697
DTXSID9037741	-2.014629912963823	3.7547466526746636	1.4306713293758389	1.5691163733480082	-0.08674008896682436	-0.09989668905591359	-2.2384038161779647	-0.7250191895264969	1.7608258727231536	-1.0937619994789503	1.3967879775814507	-0.43452229999549596	-1.1126083478111026	-0.3367879835163463	-1.0118419345331746	1.3646168224459674	-0.24948715158184095	0.20210158403278689	-1.2733156243195607	0.17435231832647854	-0.2875981442848208	-0.30124908855696064	0.41247143902738526	-0.2125842186179377	0.6302330818494767	0.5848728618080458	0.27182241212898917	-1.051191524769792	-0.21997043940765607	0.002771979088990354	-1.1001835462963674	0.011727055850772716	-0.8572313453591841	0.3467762921962664	1.3115611643508587	0.20556313533028248	0.032407872257181204	0.3831588640654897	-0.12700549943827574	0.4377089354243552	-0.3448031714248471	-0.21094766964122935	0.3057883323416895	-0.27864395681819454	-0.29541594817177524	-0.09557274758410542	0.027642097897426863	-0.3157434388736106	-0.28254318976711884	0.04111945374696995	0.12733227660259755	0.15797544325811652	0.17559865655734935	-0.4924732328402491	0.07865005376914985	-0.2648254312215341	-0.3200277056518791	-0.15138158248890898	0.31803340574598715	-0.6539478725103631	0.39964950549810363	0.034467584471588666	-0.32511879924047865	0.45881762894757194	0.6603146148193371	0.7406563328893092	0.22080899688885006	0.45103905009083345	0.5986626163438242	-0.20071151647540222	0.17543926409123373	-0.8772283903678307	0.6322239566846821	0.7728373300982027	0.38325594442447763	0.20317918687684294	0.49919332208887185	0.17600271056576758	-0.08629189998135428	0.7409985912055072	1.1187971538522443	0.37462566523610524	0.15679789993191154	-0.4708580997319915	0.031110475123161088	0.10608405993256967	0.3122438690707335	0.015206722818870097	-0.05110261754462121	-0.16187847876431466	-0.2640788451528511	0.0958056704109528	0.5620235318214136	-0.25118574796593085	0.40238244399418216	-0.3597664919358466	-0.17455527846682434	0.13932059946238992	0.40182068431911694	-0.47760970364123095
DTXSID6046501	3.9938664378482627	3.456133846568564	-2.0258378390211766	-1.491808169397481	1.343470091832986	-0.08411827139025083	-1.0165194787330258	0.8309854207751696	-1.2716166236412438	-0.24454610545857366	2.2459156175750823	-1.421809277236147	0.4713190648295863	-0.5903648893250081	0.7436056249665074	-1.6115167493098084	2.8278021371695456	1.270501288246854	-1.6934560302390467	-0.2542206605747102	3.0075592075900874	-0.425581559671185	-1.359217748602562	0.7974419055542554	1.0037737336053247	1.0363515848726708	1.1390937119368238	-0.6150775821228557	-0.3251624793497093	-0.31913485285831034	-0.7976467059398237	0.4874370472319051	-0.5218693509687957	-0.5249432003310854	-0.3165943170757424	-0.8301431944237063	0.1806747864770642	-0.3019713477706847	0.6127300300239439	0.6159451596526594	0.7709893052246363	1.5674178544647657	-0.7287693050471222	1.0274071472391173	-0.8107777971596069	0.31121842391029325	-0.4252787586330873	-0.27141669407429625	-0.14996672171190578	0.19116419563044623	0.003856190696820586	-0.3479063735144001	0.23154591879384104	0.1977752548548531	-0.5269622872501739	-1.0723789691896877	0.722552751217108	-0.8186388432431368	-0.8222294366327443	-0.8852056813287571	-0.5430863821481304	-0.15782196945753227	0.4296831664982874	0.6400170899446229	-0.28345565333966694	-1.3153366156125208	-0.6360313359320721	0.3325533129972568	-0.4408385494391667	-0.4636136546702902	0.1127061239257205	0.9058008683092246	-0.417055492980748	0.35519877914934783	0.5033454035499003	0.41242509390580323	0.6290906626476108	-0.26857409780181013	0.07774733591101936	-0.6242516688279088	0.02133046348575937	-0.030559796234008542	-0.4610989743198729	0.6262382798338137	-0.16283988861787588	0.1549731606617326	-0.4798705290399862	0.10343640927747197	0.2415073083968549	-0.7162531278234976	0.24400062318367377	0.0916947570255125	-0.2515649325782906	-0.35573959375190567	0.31461871969869126	-0.2698550930735645	0.04384340518317707	-0.6180023041444332	-0.1257871420344516	0.3504036156575274
DTXSID7057735	-1.3348047450580725	-1.430714381272947	-1.4538886582699944	2.83458119301051	1.7571170876417088	-1.7628822850379393	2.2522283336473534	2.0164953899136786	1.3834238809405932	-1.7864174093192249	-0.48097511256573583	0.28219773571510615	-0.07079835327672326	0.4154896030639935	2.541591802822699	0.26586983992988106	-1.1528218087851954	0.2727077257088203	-0.7323531147922684	0.45048496081250367	-0.5028846967600439	0.5349997736406942	2.016273645040401	-0.9808031267472106	2.23523155421561	0.1388669711033728	1.8436285731678737	0.708212766196834	0.8933163317978116	-2.1233511430517544	2.2173450616042207	-0.5796015304823747	-0.9176541592709281	-1.225410175796237	-1.4513364493529148	1.8756679998915027	0.7673695278926513	-0.3938097971017564	8.185326183809696	0.6471048970450174	0.5885072313209757	-0.6019968736007653	2.7887791496509156	-0.3886411608544066	1.7370988267104317	-1.4089902526886608	-1.4646926274638805	0.3882063959126252	-0.9884340033146142	-1.2308712318364108	-0.39831474410657774	-2.6573156571324468	0.9992828283873951	0.9526450027058284	-1.5004904118291273	3.7870991332707282	1.1960868964771336	0.3515813145171543	0.20084215041031972	-1.6787921971944724	5.573835516979947	-1.1402974798411016	1.6905394384057053	-1.3009027490490146	-5.43641209657261	-1.4078163800620302	-0.676649781114328	1.6222575128271859	-1.8742848558715441	-1.8972050029394434	1.1300193634502458	-2.0411095449800647	1.9527650974884616	0.02623193083338201	-0.9904104331007184	0.458521391152792	0.6437488825610042	0.31117918984855547	-0.07768115844721356	0.10286905572813156	0.7919962388968312	0.21624755568486378	-0.595363874385841	0.03519718687571701	-0.07113851265232841	0.452281616341676	1.0527689929528332	-0.39654950994838173	0.1510855770838249	0.798429707375044	-0.0026165606818035073	0.28861660074385104	1.595236683234991	-0.6477879234414141	-0.6985001024303759	1.969711237360823	0.22789867387333435	0.3648347753625262	-0.14641007796502256	-0.5019544789539127
DTXSID7040150	3.5471507717606223	-2.008856020214423	-5.890874294462427	-12.816516478125406	3.434582915174464	11.685434792015108	0.9999980940212156	-5.565653573294765	8.562579343249704	0.0078025275665163886	3.133746200098343	-1.1756262754813025	3.020951431121362	5.841327900421642	-0.12794070132586155	2.1896343929442015	-1.8252642420813616	0.11320313145957445	2.6874271989562994	-0.9148207414346025	-1.8013896962580596	1.3204917376781231	1.261727883757599	-0.5544964200432246	0.7062468703328777	0.2761961000960105	-0.9389104950798202	-0.8456441525472165	0.5368074417593783	-0.4816861414150391	0.6501062878712255	-1.22342129048776	-1.0380736068421799	0.3070142995028519	-0.16937065271374974	0.14390458555077099	0.7958799597385579	0.3927816564152913	0.23803907213197983	0.597012511487758	0.6636179940514656	0.3479753973890402	-0.3320269961489883	-0.03428254163131731	-0.2661197160843879	0.5309979531783525	-0.6228863651110078	0.008824064818161602	-0.20673070176375646	0.38611188459889495	0.07111820803318053	0.20719191401216283	-0.558999623441368	0.20041594209426508	0.11672918988021258	0.3183610923075088	0.5688660795292646	0.7160169063779604	-0.8374169407863501	0.23989488537721534	0.033039624142839986	0.9930726121387246	-0.18298676491246432	-0.5898726361341083	-0.19317303939461028	-0.1634458941643831	0.2989866105753272	-0.7157882344238803	0.011449388157429206	-0.8679140611006814	-0.7079958111376553	0.03545084455474404	-0.5908030152786194	0.4140111725836172	0.23802874513813138	-0.3954862518940766	0.0774263594613039	0.3534412773470523	0.8099412749827508	0.05807927178976453	0.24936356815496658	0.3295934389713704	0.5514008371234171	0.692792972762713	0.07392830998473364	0.2971227526129433	-0.5006661029811923	0.48740433858133886	0.7443601186923883	0.40579438837815596	1.2868107137439895	-0.7596762888730014	0.8190046152460863	0.1335947458338864	0.4818625454295409	-0.6085915149206867	0.09731867074570597	0.28842229420861787	0.1909556478094774	-0.052333326729409366
DTXSID1045372	9.483656053664854	4.582927212272765	0.879286666087827	-1.6580475032012332	-2.540891151808458	-3.798877985312008	-1.4086345953414878	1.7427060511996646	-2.2506352813973343	-2.8041267541142	-2.8762875840543924	1.4731434831841874	-0.5957345523476861	6.715500183572591	1.920453304682351	0.6200494203151716	-0.9023888317564294	0.47045082036187025	2.6201691053697242	-1.1434687213422794	-0.15658078693043148	-1.3229546353337942	-2.3147291661624987	2.0384876292280496	-1.396996658052859	-1.0450757923974698	2.1909920523548663	1.4976658199232131	0.015078717480385523	0.3368907712515267	-0.3960605391148571	-0.9027014885046895	4.09786628883377	2.3723734362635804	0.1139069301120831	-0.5964853702975295	0.31633450883911163	-2.1752778635005607	-0.04838934724169146	0.2687924779277996	-0.11428268781428678	0.34107098733404506	0.4335805697244921	-0.299511010804013	-1.6927125071289832	0.07819993807607668	-0.8043889769955279	-0.3571780987040323	-0.30935390639735755	-1.6663735973392706	-0.11585675283819338	-0.5822647387898104	-0.490781886950721	0.3984553538939174	1.9282966831894723	-0.24782637433376273	0.32997284275398364	1.8352294357180683	0.5286426366743788	-1.2361738811965648	-0.6062054332296745	0.6014037064617975	-0.5100716360427455	-3.247286060148813	-0.5419269285327335	1.0314090260278224	0.06527167883622231	-0.5395982962894943	0.533462967739946	-0.5517380281767439	1.829532389909695	-0.8518116888486961	-0.737793353191412	-2.2953863987112166	0.6461443389285122	-0.8793201674898287	-0.17045912103278574	-1.9960748397845576	-1.0395794453807183	-0.08203171502927717	0.7893833765255417	0.010979049857675637	-0.9727270882335095	0.6746596652718198	1.1503278087956892	0.5852612799236611	1.866242147504745	2.0074430745726333	-1.1567665398911284	1.0218060166040432	-0.8928275393515015	0.08061890778259354	-0.3885157720935561	-1.2909900581655176	1.3512840864108027	0.1402066741534085	-1.0271704816963838	-0.7297547045473012	-0.5643511195194973	0.514045719399656
DTXSID9046023	-0.9856087976878072	0.9776249891962032	-3.0683781837506876	1.341706072462109	0.41699472371703067	0.6165557077511579	2.0495016594677735	-1.5212483698493824	-0.2759290952955797	-0.6319162139338453	-0.6541677202621294	-1.4181900830338272	-1.1439160572196025	0.3131076751862108	-1.0792894814368597	-1.4860475141443084	2.39012600867632	0.8774371368264607	-1.9239953033707988	0.3910440164224287	1.5536508214282252	-0.44329298795922284	-1.3830921808578387	0.9569698590673148	0.420890539222533	0.8145932912350526	0.9827930089237963	0.47576217281150135	-0.069808576968711	-0.18152775683413144	-0.46820618826488103	-0.5565620923363882	-1.1156540998372415	-0.5014438724751378	-0.6765414585870864	-0.7965734771888133	0.3996631530660715	0.18070589306590304	0.5682072385960836	0.25456878466194904	0.5270280763435099	1.491056761453042	-0.627648953479718	0.47832044101953813	-0.2867679320826563	0.25630567988847613	-0.49485930138312706	-0.06883029810347527	0.2165455426968025	0.01840882642689861	0.20826678827822862	-0.07826611912923906	0.08181089602829472	0.6121969167264134	-1.1233679181924259	-0.6562540403085989	0.4233885463194435	-0.03836836218614792	-0.03499713931255404	-0.6351503716835849	-0.8505428251679736	-0.07643564744640051	1.0236388800715917	-0.06103196522141996	-0.4354652477102021	-0.7762622840947085	-0.40571381393227973	-0.8930612213963939	-0.802935029402858	0.8016189980797621	0.21236589358725805	1.233498613765945	0.12315432012775356	-0.8072409648405018	0.3634967143283081	-0.5486921161531269	0.007489584386676775	-0.23038755988854	0.7781019445706303	-0.48401064867280763	0.24286570858174278	-0.21352307690015485	-0.7839740513748901	-0.29524003930193254	-1.2550380678134125	-0.7482757366529095	-0.9117661588483603	0.25350727740075435	1.0144654005740728	-0.13979887089065424	0.2017807174694473	1.392037659712642	-0.09099885242048171	0.7325807882415679	0.31437386437060033	0.3547672324673634	0.7074325203685293	-0.11449733806447651	0.18528100536949407	0.24978449831877664
DTXSID8048658	2.2387374566814535	2.6738827960201017	-2.7710877508072396	0.6342634025257072	2.6685985088127637	-1.3480285426684595	-4.129271922792614	-0.4898801155000066	-2.382701277080655	1.4069992645452447	2.534792047525226	-2.7707081381611527	-2.228336333320209	0.90876781976848	0.12340224001184122	-0.41705171121523865	-0.7595582405718202	-0.6614336314059893	0.4775253817250136	1.216555585172488	-0.23725521459243887	0.16550031362023299	1.718113308339789	-0.2599970714426219	-0.56346321096149	0.18367144471343969	1.4219601082719124	-1.6876344602354483	-0.15229554311203242	1.4325184695423656	0.9131229413912981	-0.6625073204772143	0.3140869002066619	-0.33874466267955766	0.16368245061655226	0.3856257152883636	0.20437646228491424	0.25821590346992196	0.0582851834896287	0.8858068081019473	-0.4737417645219168	-0.20323987148454142	-0.5823332962952388	0.5546622203834124	-0.14457719954041204	0.09157846576884304	0.94014067020227	0.10244434194100564	-0.16882293585652952	0.6248488640714223	-0.12137168125085834	0.22450772396220092	0.20071915284598418	-0.05417239517267015	-0.16698174964644172	0.4561390817309927	-0.0835460324124605	-0.44005436896863537	-1.5259986520804658	-0.032762720770211244	-0.5591661213873931	-1.1158492332008247	1.1220650149329914	0.4020267483827554	0.36494399640914904	-1.2584119974752792	-1.0949822031029632	0.2167530054914123	-0.8621770539300297	0.31767675507517734	-0.6572922778243981	-0.10396096052515398	0.33675851085200587	-1.6461026369997975	0.8343255288715699	-0.21683622976122482	0.8218679800629158	-0.34680603532793625	0.6625121595110066	-0.09569239354717897	0.9807588651689947	-0.6271694693013474	0.2818547850881466	-0.7926079555868591	-0.152730474506582	-0.009574387806482645	0.49641652917468476	0.2510134407230349	-0.12212223581161785	-0.39161381816085117	-0.6774803929219696	1.0976942704618458	0.9218673996142865	-0.2174918628699285	-0.17725383789436072	-0.428417140296276	0.475563137054267	-0.3881154002462481	-0.11319821000867379	0.569049235406139
DTXSID9047201	-0.19122800790812716	0.0031691925933829425	0.1617895119658964	0.5552525240243228	1.3199071694215616	-1.1092699321850916	-2.7903263264152223	-0.22553758944416338	-1.6075020211172646	-2.985154116354276	-2.0583076187287213	0.7671436777304991	0.01603030898409008	3.3762252987892296	-1.1542586220796465	0.02259899437353741	0.16167100404358595	-0.5317930918271022	1.2674801521540104	0.21639009644942914	0.48901982236171615	-0.7003240283027147	0.14529425514216865	0.8464194302322612	-0.4995295593137824	-1.1520840824611611	0.4782856154336606	0.3085641614489197	-0.08503654474865331	0.4924690621801823	0.6450066910501322	-0.6301913448260961	1.814472761907723	0.7909194020735818	0.02365356943360615	-0.7444414467567236	2.5165106244183035	-1.8659037515379848	0.8597463436168984	-0.20285901528103756	-1.8229824817442322	0.48146952323255854	0.0647537156481961	1.5473648328096878	1.3287465055114622	0.12792018199895563	-2.0984549767758987	1.3754643141534018	0.7659707188205969	-1.360581715709736	-0.22631918029544967	1.2294623200120351	-2.070675354878618	0.145069472291392	0.7356193024721215	-0.27429048786667276	-2.0058935555373805	1.35088256978142	0.1776262472101837	-0.6414788756982064	-1.0624940691374483	0.11752721674806485	0.7526372582503572	-1.6134499647685734	0.8983150658239433	0.24074555804572426	-1.6746382627812193	1.1958900707711158	-0.40838170190555784	0.12226378107122218	0.12245258659342756	-0.32616124372001126	-0.2164301645930361	-0.3579793945137608	-0.1570331490802575	0.8373196557130397	-0.4718027180254656	0.7929259978707891	-0.08261200333511169	-0.20902243387232028	0.9126911389998629	0.3055631476829862	-0.27194498263750305	0.5498220065354557	0.35446113601841234	0.3616321742207668	0.49049851438037156	0.19739654912367527	-0.2718958102235892	-0.20211114571380395	0.28879663532053224	-0.10547617335517727	0.6781933665697196	-0.4054483322630936	0.05613211776826124	-0.12575545833718438	-0.7054524438565142	-0.17682572534163393	-0.12625523604441835	-0.14036989548123793
DTXSID9057763	5.110487097369883	-0.1243875162858171	-0.09373643371478423	1.3581616842518351	-3.5173581024450358	-2.363998045701112	-0.1323398190766255	0.20719000912203206	0.6184263455504394	-0.8186568648230977	-1.8417266386765043	0.10571010423841226	0.8236644173906281	2.6599736878434665	2.500052502431592	1.1721774757114245	0.3229160168398293	2.56007722836237	1.320266574016121	-0.9061906057086988	0.7879849637853846	-1.337030864870949	1.3410178317897925	1.0870508550629332	-0.046940409664944505	0.004784473097157645	2.4737640168563537	-1.431219143770273	0.7174780371402859	-0.7873899333564389	0.03574875528075025	-2.3247055273753827	-1.0231826014047682	-3.3522009743467778	0.5525675847343348	1.5676801985789734	2.951576665049953	2.1569191784994644	2.455145085149274	-6.435725127320796	1.9232738261427171	-1.5778927263673452	-0.962864630457941	1.29123608063413	-0.18030051125113028	0.40232254040450666	1.0145845636246766	-0.7064150128284976	-2.253671564926302	-1.2918197392563258	-1.4286019062403246	-3.916404084563202	-0.9891096805361453	0.8859074821086314	3.9510326718599447	4.786295933337541	-0.31615555650772476	-1.1934080996944496	2.2777035078814003	-2.905930751793246	-4.4082849346473845	-1.7538780046139957	-1.246777377557727	-1.22664236257525	4.547502146659096	1.795589879836485	-2.783996184435572	-3.5935117188525796	0.005230756553946558	1.7409843733138741	-0.8064684561963077	1.4932408468084062	0.2634350577249668	-1.379498931627875	-0.08244680313303332	0.05257475227471044	-0.4297917352135306	1.24942567890416	-0.534358780233455	0.31954829603296253	-0.31531194926661293	-1.168642146544801	1.1160845113815565	0.5264922363108249	-1.0552845912808708	-1.3115817547673456	0.11018271170857637	0.5699394052024668	1.228689835707003	-0.039806586341753505	0.2929340781994028	-0.003263089934723067	-0.8396636985146833	0.10884737901031526	0.2741794864773585	0.4803340377069506	-0.11586258569294594	-0.47898607749113126	1.0385940707279013	-0.09670602086870406
DTXSID5046190	-1.897297909226008	2.5732743645734226	-4.522357040327785	2.6219908524110846	0.4020204777204621	-1.764516488523958	4.003694919721526	-0.7870123748404152	0.714163837153649	2.523175171657011	0.6918474251689902	-1.459639622598709	-0.7283688505940389	2.0497099277102007	-0.4864371700742899	-1.0151454643385445	-0.47781386940801956	0.012355624807919704	-0.8711732878409133	0.7330216474076765	-1.068460684224542	0.8401718527475011	-0.6919916873773344	-0.4497450840951364	0.3548371702193332	0.014502859773605397	0.9487052025955425	-0.5236323352650742	0.018589840751022484	0.7417824072945388	-0.9665626381520002	-0.5299103221758112	-0.40025248651973233	-1.7234337347612312	-0.07695679074962235	0.6707230246407446	-0.8804281670906252	-0.7604238879260777	-0.42776747708650936	-0.4307939856348209	0.2448170136824919	1.9168077756114474	-0.33000141506701236	0.387223659834766	1.75714031934384	-0.3723881639337369	0.16024058937563565	-0.14470401092507082	-0.3898604949059436	-0.01034555537997462	0.04660938022018606	0.1476689181297731	0.7581231262702506	0.33138629948702136	-1.323970442035623	-0.17176389588150276	-0.1392427434359209	0.4333917223773487	0.1648558143309618	1.5661005850884666	-0.9046520259414782	-0.34535278546148834	-0.07993704113969612	0.41827923512654436	0.17878580945927974	0.39128105978366684	-0.7678070718564957	-0.9352490114795805	1.2646213387315985	0.44429297436423176	-0.42148694515190027	0.6499606405541252	0.6538337637360557	1.0296790520717176	-1.2002974786323348	0.3902663941579658	-0.18410956453562055	0.026959701917160836	0.009706521451689048	-0.28497070470178304	0.3619566227679245	-0.0540816029246974	-0.3537849095723203	-0.6187057570992707	0.5396764396138594	-0.11918983828351484	-0.4401110636632076	0.21580152686438703	0.5543423735083373	1.1086196188009292	-0.6400552868084998	-0.16776662569191872	-0.48551549679598716	0.33797523166299565	0.2608119585198785	0.04466232602052873	-0.14100558308815936	0.1731343750898261	0.0032952719272189776	-0.17254450653749545
DTXSID0048765	10.472097275695779	-4.190924930313125	6.844401499373222	4.98090688709952	4.309871729269313	5.439116303453882	-0.4908024144807217	-1.5075043396984238	-1.2676931861872796	0.7501054716770394	0.36476784855868527	-0.9580016036291779	-0.5303921939117638	1.5956422543143447	-1.4393616095225983	2.301909301641674	-1.5303353457959519	1.6834502580051869	-2.2228739117761402	0.6650560816891322	0.3203927381573837	-0.6152441490906342	-0.8996184651252634	0.7581706940096383	-1.0232690937257292	0.7082887039701342	1.8968337036320548	0.2739417978225447	0.0340199385182977	0.5620913462606205	1.0363176030470616	-0.32965475555302615	-0.7993317920032492	-0.40657476810439946	-0.9839941696623115	-0.052298165834679375	-1.3934163580041936	1.2839632926617728	-0.5784873131238029	-1.4055615137075141	-0.7352881969828757	-0.2123608836409268	0.6092899068106532	0.37157769853807804	-0.3600067623112038	0.15745626622289455	1.0720276168691503	-0.9267078666039003	0.08844343709925823	-0.4554267054964008	-0.025846776402762797	-0.30739532364333866	0.19770873904210645	-0.24155459533203738	-0.3434356953268321	-0.49255678150127036	-1.454497546253729	-0.5973324342673981	0.8262718673917684	0.633386612902853	1.9026026768952606	0.5253918939329544	-0.1318745211465696	0.8269699335815763	0.7433257935116295	0.2620705052999074	-1.69283087136629	1.5521182977547714	-0.7085437236281772	2.0687364836090123	2.1712261798313723	0.34344188322272984	0.43501837973641083	-0.05457014750444627	0.010564820050300764	1.8992035422739693	-0.11773761568709615	-0.03671702277820793	-0.9318539665415817	0.06129152490301336	-1.317463520772291	-0.6909511097416872	-0.23912175951082873	0.6377590267178859	0.6960589538325557	-0.07743641132827705	-0.6737121175827767	0.6034413129156945	-0.7839225626845027	0.7398236560061949	0.8282320193786928	1.368272912558204	-0.5224074775862891	0.01752848723474731	0.5079525988864081	0.00646498126015361	0.586771946852194	0.03582011443431998	0.013564838752178258	0.9120547402993617
DTXSID0044943	-2.3614002426290064	-3.2854990425303923	0.3272561333349325	0.19884020772196576	-1.7583727615018847	-2.2985551591396516	2.34023532197843	1.8725093524384038	1.0581047366272462	-0.9144209997772071	-0.4799472067623521	1.1593696136327536	-1.160373152258326	2.26273891421062	5.0142219496117155	0.6241862129635326	-2.6909565469393533	1.1773085189612322	-0.7882838480286215	-0.18650875772675626	0.6273758162129855	-0.519834874457623	0.4435471403696741	-0.8443978458648869	0.7843122011470776	2.9390186189870255	1.0273163332218074	3.545275525026227	2.7196017612900514	-0.4252234222180474	0.6281903101329548	0.3829504464470236	3.3547830475622478	1.1030304814546197	-3.635104274289594	-0.8304694558057579	-3.2950270047482126	3.436655934601077	0.24818051939099167	4.469712331751874	-0.12988916977273776	-0.1114749147383866	-3.3511206500944244	-1.0528399393617578	1.6254899460797083	-0.16872500850876368	-5.740586864542744	2.542450208630799	-3.0733462066415385	9.359686395413544	-1.6553767701480877	-1.3895968559638814	-0.1369543285997933	-4.32033774557861	-1.9577174579330316	3.343150430270817	-4.097007389945555	-3.4800778278504665	-1.1831042169775057	-1.632124328442442	-2.3749314339153536	3.1114210876626514	-5.048510291755055	-0.7634311780217892	-0.04949011177813191	4.0669565285430425	-0.24590486609920476	0.8150203152644571	0.007434254296168195	-0.7883507560094066	1.9230560197500866	0.7721553446477392	0.3841592369316337	-3.680080517852242	-0.6698888348708351	-0.30425917055619145	0.1242154017517905	-0.7670587719737333	-1.9433193243178897	-1.482682859111578	1.5307300165856363	2.0005109582839964	1.1557776685025658	-1.5469619121808862	0.14573932534473585	1.1288944869280482	-0.9659020617412988	-0.12211079023270766	0.207631232100496	-0.027608424735749804	0.845834777796172	-0.12833068013081775	0.09779450017260519	0.8197485039295092	0.17515902828035723	-0.6636028808983325	-0.17533051617807438	-0.07912828063552883	-0.48342563909102587	0.07696373785736585
DTXSID6022056	-5.612927418528981	0.9847595144586611	0.17483017325286998	-0.3316593810253744	-1.8333346647031408	2.5601033430064444	-1.1171731151327708	2.0696890037996876	-0.27941464282627776	-0.38431091236855114	0.3773195079240917	0.17045915296315475	0.062040901418431084	-0.5916949192956681	-0.9775610685114232	0.07238170546431562	-0.015606133392095885	-0.16486182465344776	-0.30253974022138663	0.10521779722003063	0.5909728350224412	-0.2834186107415541	-0.4107171603280476	0.34007830129081323	-0.15617442803391537	-0.7154207937628295	-0.1900491501406537	-0.9427076046900115	0.3507423921348105	-0.16632814561887452	0.7520443040465248	0.09630169395514684	-0.23993429971441604	-0.5688225577279058	-0.2032905912835074	0.1293687763660131	-0.19793746156243303	-0.07338023273366125	0.10780520849428199	0.36657188084822534	-0.44218542532104665	-0.009481974852470891	-0.24493402642036538	0.1360704417739132	-0.07059244361343466	0.2828985539772764	-0.04405448561034126	0.046739996267120026	-0.12681045689375162	0.30247782481808577	-0.1158067679756411	-0.02468529819828584	-0.18006178590804486	-0.02225757660763409	-0.06829457970085082	-0.19270438577684282	0.0323087736038974	-0.2836005270802217	-0.4394105660030077	0.1158355746333733	0.20428970344168276	-0.23304350286210215	0.32482529966099427	0.4147715678223939	-0.0855131254464607	-0.2001549268306113	-0.10851106006206875	-0.09084903685681062	-0.3276645261688453	-0.29688505212396027	0.44897906282804695	0.37806618545594567	0.07150763489362234	0.2601360272148011	0.2878817206399507	-0.033218019346432155	0.6169409284471591	-0.6872502231611989	0.02510423312989977	0.2609952204999118	0.3437967285667798	-0.17191811745614904	0.32533028693037624	-0.47338698198683987	-0.14213526744243382	-0.021971669679448056	-0.0782818362451669	-0.012719225718277124	-0.08792327294333456	0.31114261692366346	-0.08653711935680966	-0.0393735192102164	-0.44583787104421346	-0.32175160601008596	-0.032925261581946176	-0.39467684265290104	0.06058160524680934	0.004331808852829118	-0.020912050437934933	-0.10953746695354533
DTXSID0052596	-4.4815494116762356	0.4931844844516205	-0.7068048310280107	1.4788553171941687	-1.4290929181292553	0.16375513843888911	-1.0745847554312922	-1.0194737702847627	-0.6559686591192052	-1.0108835462587755	-0.8222203869770763	1.5657569257914379	0.9461465547910258	2.5402489807546647	1.1605894567119739	3.2894742434091593	3.6268430858679435	-1.9673690010733806	1.800931779530997	1.9612924483900713	-0.6138670773391722	-1.650442020074463	-2.583919170655178	0.7955236307375033	-0.9180012011167406	0.10854536487889627	-0.2450085953960211	-0.16415132394164336	-0.9499685093914096	1.1614882034804936	1.4243742192716358	-0.32125854634078693	1.2897461951847624	0.1343485104525183	0.1351850533318354	-0.3235143652751544	-0.43360100741949115	-0.0004146974989549787	0.19616318774445424	0.49419201999272994	0.6482213535835931	-0.06508249496655412	-0.8704968541948511	0.5696909298229705	-0.14524911525498227	-1.221039321776159	-0.5378571718666761	-0.42286131624447354	-0.1360500223165843	-0.8409009369082943	0.08560718532065482	-0.5343679428683377	-0.9268242261406987	0.18395820500197335	-0.2277471678555363	-0.009138826221105813	0.32008613426876564	0.4530007465036719	1.191965156670088	-0.3269341387172662	0.14187963177992116	-0.43549083285915474	-1.116324554975245	-0.2093687696099857	-0.5554842465838434	-0.5841339176295474	-0.028935797826958407	0.8522514206575443	-0.2634815269691981	-0.28965294672902536	-0.558575325092538	-0.8931474758346498	-1.0144322390392746	-0.9063383021792889	-0.12790366035198367	-0.5541227706413385	0.7419757577878114	-1.0096504923106733	-0.2365424501864748	-0.2713336948379277	-0.2636479159808502	-0.21406362944710516	-0.30247922424383217	0.1698668993346618	0.528403318227885	0.29384258847165057	0.5597552977557484	0.6236572144060746	-0.08790736974853175	-0.018843959737412378	-0.14255916688164755	-0.5247301197034918	0.0563516576485467	-0.20225074736401102	0.3050658584424223	-0.07148495566157077	-0.2020202387291362	-0.17303000986534164	0.3290193451722022	0.16193221073237077
DTXSID0045701	13.270533471584352	1.9121557223593442	-6.039397342339998	2.244355814043324	3.844489005536628	1.2016294093830282	4.85757428012553	-2.4175093098588407	-1.7534215868616065	-0.44489733912088647	2.916698993085194	-0.6378044397216034	-0.045248574606596786	0.4923941339449289	2.760242958738266	-2.596262892515743	-1.3471769222121652	-0.37021159333312775	-0.7302010150664417	3.8606458813006777	-0.2840739676972943	-0.6394392533271931	-0.26504359044372494	0.5407753163469093	1.701334726917269	-1.9852871040301308	-2.8622345353125174	0.6581606037235583	1.6852926188394146	-1.7735847181275781	2.615406375553111	-0.6753094519227775	-1.602117033441688	-1.3407632939430933	0.5770620368343278	-0.5216939085146177	1.723933392297219	0.9376677734532217	-2.1331831951915694	-0.3937509502000703	0.9120903906162436	-1.0025287907273244	2.7344367961793377	1.2534696093268518	-0.7795151776535076	0.08255449015888808	-0.6641980230970411	0.9181295464181314	1.421881292121076	0.5794775861500211	0.7579133575978768	0.7294945172500776	-0.5690752647895582	0.0015128342858174955	0.07868369194947858	-0.9700416598219966	0.05819575300439268	0.3350533397356531	1.1727388811552681	-0.18884813385214672	-0.38515164226212234	2.024594592618186	-0.5213906335594407	-1.741276283083955	-0.51580311766476	-0.02891679826032598	1.3507551763328929	0.1492903160321575	0.7414699500206381	0.9012170491780944	1.2342436852034198	0.4119970173087402	-0.04337718077463137	-1.9165086633888644	0.47267706157359807	-0.6029631683829997	-0.17256975756290316	-0.5511417400798179	-1.8490207838833561	0.8466819571818041	0.9185103976105593	-0.5796211626998267	-0.8669212950298236	0.8427318692978294	0.6590325454876199	-3.889027526698563	-0.9473006885001146	-0.9281949103180266	-0.7473248887839453	-0.5400065327733328	-0.8638456240539555	-0.7288221883483282	0.6719993646446857	1.3174751424754385	0.6985175261496919	1.4701553992642362	-0.3808203123249289	2.091576922167536	-0.5339179620733496	-2.9423436096531503
DTXSID6020933	-4.139626039997004	-0.8818390243756488	-3.0051898860911903	3.053819308775668	3.4774927328665086	-1.8568144117550447	2.062165749874626	0.41263662118421507	-0.5070124208632937	1.33703622275177	-0.7867627892866869	-0.36946143044817925	-0.05623555890421478	-0.07334155851794472	-1.565557207851881	-0.8982997616106537	0.38852921952016906	-0.550774031180001	-0.06183270694187846	1.2254344503043477	-0.14184162177944462	-0.15083447669921846	1.4503156020200243	0.0404644299413447	0.8837415149438508	-1.2392091546672277	0.18990430586449425	1.4514734146150168	1.6788211121039691	-1.3751463789622604	1.3449914805242718	-1.5331693058008464	-1.9972917475831422	-0.241796843159339	1.1387264474788201	-2.3632843617210737	0.6012447282127418	-1.235545431405547	-3.0266737092411167	0.21457682582942275	-2.33740490547302	-0.6971083242305153	0.583196578683103	0.017599715227008723	-2.3123101478612447	-0.3769045748548443	-1.5519539089056167	-1.0884791437435934	0.40741089695232485	0.5233485982741591	-0.04274349436360284	-3.5306564809315533	-1.8962404614224206	0.38545599786692775	1.1097360785356185	1.4569872337759129	-0.25009988301204783	-0.07960303753968344	-2.480223027958411	1.0983503615672239	1.8478294223453167	-0.8591044475163333	-1.131932103200846	-1.3668503860685761	-0.3047231135446443	-0.40782242775041677	0.5427360366373938	0.8253281236228242	-0.14800230493504768	0.17401995125185626	-1.3645753757250965	0.6526679676219764	-1.0058553293879984	-0.15231450962678386	-0.4249208057326612	-0.13005169281545842	-0.05837062214873206	-0.060865158665832836	-0.22203331619785688	-0.6820814245867838	-0.3484037172717422	0.05605567337959872	-0.48649599609793903	-0.04443056720701008	0.17320521811280162	0.33467505491278976	0.5113134219813879	0.15971151160812294	-0.5367339643789445	-0.10556867018539368	-0.7955161025939361	-0.06641455063416903	-0.11215852628999247	-0.108701836382088	-0.2986918232402144	-0.01989908361223285	0.19199669960335727	-0.16207773892259528	0.17029321653062823	0.11302880040842903
DTXSID0021628	-6.548787356842167	-3.876577837829242	0.42328222726063347	0.7298236447761738	2.879863308962435	0.6263438315042708	-2.0217577421734445	-0.3097251394874705	-0.6951171504872506	-1.5831838428640244	-0.3055102037538253	-0.26911917837445204	-0.8206369455552471	0.4555694144600849	-1.960245744873148	1.0632554853207774	-0.9726513879566998	-0.559376850453255	-1.9993438249339266	1.1378074887393002	0.5133546141419971	-0.31708136771120116	1.9947704250096279	-0.8686441109858	0.4466267334194207	0.33871246598586285	0.8016296713633069	-0.10369152578044287	-0.5333651740932874	0.44749662530616185	0.6210174255354113	0.974055191454906	0.8131345603386901	0.4759785085582467	0.3157931378460798	-0.8124564474988574	2.0700710935224125	-0.7684676292295938	0.6513719192022858	0.08294277397216979	-1.7322117036738716	0.11099023529997638	0.2106007812521102	0.44318906483317994	2.212082948364457	0.09574275637805706	-1.9010305249797608	2.1007974902882998	0.8713941414717459	-0.7478634600811606	-0.1458360091981567	1.7646173790684057	-1.5681943033511632	0.11186670069985004	0.559502496922807	-0.5327619810848335	-1.2279303470060527	1.2696061988482452	0.19985947832738554	-0.68638847953785	-0.21551934511499707	-0.8574578237475096	0.3085336575269894	-0.8232293613087923	1.4244179978802816	0.9515560837106668	-0.8408589477224042	0.8709877146736653	0.2089104105716146	0.2522494950595009	-0.8290039712587963	0.5032976242080143	0.12410667420922523	-0.6741591843228307	-0.24006626439143097	0.663411005343757	-0.45108300494699916	0.2699592635632757	-0.04575422575409563	-0.3181497178319584	0.014029427139266547	0.23872599219207674	-0.11493407474339327	0.5542244785994238	0.3322503651310633	-0.1843898943421733	-0.14899306474174864	-0.5542494563399234	0.5227740872910743	-0.06038650542764927	-0.561816547420959	-0.7214683953577578	-0.03355583416336836	-0.45512863007693966	0.018466036152039966	-0.22934283471929223	-0.716614465271486	-0.6563015489610948	-0.4857684997045475	-0.018999706805946794
DTXSID7020689	-4.4601631529132355	-0.6723492015614383	-0.19471301070476665	-5.084619514160338	-3.079659139687698	6.614994354299804	0.07257869296870761	6.157589780254606	-1.0041106838143918	0.7831187848434668	0.6177065207611295	0.17885348684278587	1.572236244695941	-1.382969257537486	-2.2282300808237	-0.2305795934568426	-1.2206292250783473	-0.9185881866414283	-0.46361580085385334	0.4495850094487388	-0.17005123985697068	0.8073874768547454	-1.3059586143127475	-0.48617938812238326	-0.2770833567905964	-0.149477285153746	0.10170746526854647	-0.8190349324049513	-0.06778536273162612	-0.222313991705541	-1.1018861711254897	0.8092987719322217	-0.10729905816824613	-0.263890097773439	1.6559901525065797	-0.17552589097786117	-0.15943747838777803	-0.6852200018952119	0.31023779299475385	0.19188879559765276	-0.06605724060459954	0.29969135918028	0.0938561765004138	0.2392697059454236	0.47814286128249556	-0.06586781881520201	-0.7399303901418914	-0.7741565991663357	0.32414612329575493	0.03444250605529362	0.4445017329615457	-0.4224001718520465	0.6085713486205406	-0.12333018311330997	-0.30040476281185785	0.33333516121580997	-0.08471220296250419	0.5238458664266784	0.46609877780702086	-0.10710419567109382	-1.321439520611996	0.5609375409068507	-0.5850925314707056	-0.1768349446703479	-0.4178124204648437	0.5138838057097738	0.295496846133935	0.4268534989899213	-0.19908954521697597	0.6778415967313802	0.7256770689530665	1.0919026918558874	0.43144581262183346	0.9335713093624203	-0.020141308958171008	-0.7692910157342631	-0.47407806916905565	-0.6308842077494369	-0.11976255855547815	0.2215605874850205	0.40069395167734606	-1.1775912627133853	0.010637677025804653	-1.3032419245028923	0.3883946206833118	0.8619525951115421	-1.0779134641731187	-0.753149536475079	1.4329664866223484	0.10032212321575547	-0.4650374268503087	0.36158220284206316	1.6931669590372218	1.2629478240243308	-1.0905302835093067	1.377394309502279	0.1710045068562	-0.38590316933889957	0.8736597660685059	0.5233332101835751
DTXSID3048522	20.23614464246063	8.395745859992456	-1.3524835476680963	-3.3816345148431814	1.5711992680289253	-3.613538773063686	1.4075771923182965	2.3536030651072064	2.9878701968151717	0.2550199961392146	2.9702934309299045	0.5122817391043745	-0.5224106905034006	4.149306705789769	7.274271578594382	0.6076160512331914	-2.8081831438274163	2.257533381064496	-2.7425051277548773	-0.2740284890316874	1.8341951420286429	-1.6926998036153904	1.4657019906182156	-0.36108874474761543	0.9274582827195171	1.4960082693977492	-1.650525794626249	-1.3084261977060911	-1.5047327322198008	-1.657513663768475	-1.7157879126067723	0.5822562301250013	-1.292454047489936	1.0550801229757403	-2.808452681138148	-2.605516298044811	0.7170847558106658	-0.5486883864557874	-1.3234929134011697	4.828796347410085	1.1499196386565735	-2.0183607593013915	0.6270043778729876	0.7763886772250035	2.049263542050368	-1.4914317738763412	3.68206236556486	-0.3639784898250766	1.505318802540894	-0.9185700469199137	0.19335887766478266	2.748771558725146	0.9075546082227317	-1.8934599260719414	2.485430155045239	3.5289241515068555	0.021050252626808964	3.6819583379997973	-2.88292225458079	2.2712068772367755	-0.6079976057217845	-1.5933721250772213	-3.664895235706102	-2.0731709708129578	0.4969839655220839	0.24888397419970856	0.9337086791084566	-1.3119869183436743	0.5453452771826591	0.2021799052111152	3.474917530746611	1.453640172852235	-1.6791054753149521	-3.072752288854688	1.050313636637853	-0.5526571384271094	0.6904713701643369	-0.9081685518180664	-3.368741382118425	1.0023662824336534	2.395762903825028	0.006762247357250423	-1.2042171539914537	0.5315625858667632	2.9751423128149757	-2.794295387277476	0.574702849060258	-1.4003424686661774	-2.4099363468196295	2.1110699793129597	-1.7122875117332985	0.32487090557465365	0.7299005759231459	-0.7798626365131421	-0.33983559799818985	-1.5934130724352922	-1.375347403797799	-0.4215699236335054	-1.2019843417122813	0.036383529665314024
DTXSID6023280	0.12127590056174672	-3.040051737391255	-1.9342362127861117	2.1517901299640654	11.606254548016658	-3.013262090600788	-1.1861531242314265	9.072653645483156	8.923155707509046	-1.309765018738647	-6.805891659038127	-2.780172958590673	4.578245772786821	-5.178075054475763	0.1098399771387562	-0.39797146187998506	-0.2606779891846257	0.27808818415121844	1.256587396466063	1.11159486713959	-6.826573499470567	-1.2338836625781018	-5.818593238046716	-1.0262646404415257	-1.7882581134546118	0.27235072487039497	-0.08178863618060966	-2.1609784198683237	-2.268423869421743	0.23305218811055145	-1.517608896057579	0.6473697070681674	3.8024190487967515	-0.4730970691728878	-5.5646321650352615	1.223004857683109	7.423270035229959	2.9951118380813	-2.297692122048555	2.6581055954790602	-1.4191970427777438	3.6938988608295	4.096294416992483	-0.018435930500827133	-2.8372036752095813	-0.8174159922551957	1.0950916414229823	-0.9857526118624259	-2.2401458887038905	-1.7268044254809267	-0.2957935241498757	-0.3512081341893815	0.7568576958411185	-1.7582451955041776	-2.6849387111834218	-0.6745748199562677	1.4838947326976373	-2.326705905860226	-0.47976384193229277	-0.7968859199816889	-0.37995493282737564	3.359581952295919	0.23395680397474342	-0.9086781554257682	2.633097085127126	1.3941474280407637	0.154340065631287	-2.897204377530616	-3.894754954757147	0.5614900541267831	-3.09894339944525	2.9667579711254604	-0.4887038521369558	-1.6984669547656506	-1.014568726370681	4.508817917069509	2.94132637961878	-1.4798926033547808	1.6144627514926189	1.5839960355699283	-0.799219985995733	1.7355228135130898	-1.0351060885640724	-1.3992994375932537	1.039526347561897	0.6546661035546263	0.8952600349232124	-1.358539664312088	0.0792615701583438	0.06614307458408529	0.02057634821585	0.42404232615092025	0.4201762702245929	-0.3516320028201602	-0.5766795810440142	0.7952491565884143	0.26067600073822733	0.5081744125568434	-0.049776811260686456	0.05124158052610161
DTXSID7021362	-3.12228075070762	-0.02178369773892836	-1.337233252168616	-0.08210833926237174	0.37292347352186506	0.8725925688381995	0.010738435018782504	-1.6217247155287533	0.5830732743636474	0.6236991490030147	-0.9057575494191608	-1.0708617661650364	-1.0654522950965046	-0.1627703168710153	-0.7247007978774048	-1.4792151343993292	2.779403692301779	0.6736345440197522	-1.9488944354731943	0.1315427782324431	1.985110390327775	-0.5209441056621116	-1.6223226373617663	0.8423679327955645	0.6629297981538914	0.4393197672042771	0.4715736240920548	-0.447917582872057	-0.3947446879048469	-0.27653652165740283	-1.1817285857268405	0.2543593309606016	-0.23324510255898898	-0.28919126717487864	-0.02040325300007144	-0.2928089085980449	-0.17307566384804024	-0.21073152724338354	0.16228839003479667	0.47412131110675987	0.9436401952277919	1.0221106813789111	-0.24928726719397745	0.5749639962555894	-0.88770222792115	0.3047363809137946	-0.6278177632535944	0.03901464842349554	-0.18197438816360798	-0.09933925235495522	-0.041773320098915954	-0.5023139297708757	0.09183372034478135	0.318732179021921	-0.7097562712614414	-0.34347646930574727	0.10525695880229415	-0.1588837584712436	-0.3082964778816039	-1.384558885101854	-0.35827754641193504	0.16592500659425188	0.7439869838916389	0.49698559358598726	-0.3066681859003179	-0.7804493575795637	-0.41904073193044605	0.7434505317186408	-0.8801659567068469	-0.08758452457867644	0.42618965544004045	0.8815141395921318	-0.5087893162514405	0.35251410373383596	0.6091224120623281	-0.48148278812847956	0.11954657855731925	-1.0911653993564812	0.02075672231934813	-0.4269579137143741	0.3715202979510384	0.2239807406698192	-0.8731217780083796	-0.07018148681894183	-0.700004731220632	-0.12590087080358464	-0.3915240673684141	-0.00868623376356183	0.38173719956148766	-0.8380316972430202	-0.5210082226255915	0.700621667064823	-0.14374008207268296	0.05493685232219457	0.13548309429749353	-0.22162212946657878	-0.10902675614922366	-0.05026625742819883	0.049306016680176284	-0.1273735098694667
DTXSID2021105	-1.2576948467125066	1.5014579177477516	-1.918103718821669	-2.89492553974924	-1.3626118259796551	5.614269549297327	-0.8116328108486353	5.028914587501612	-2.8923077805470565	0.3086411045055896	0.6496945244852091	5.286699664362231	0.4378175364738308	-2.748139941251416	-1.6654416329277308	-1.1463284677037988	-0.8966332098163022	-1.2629725151164688	0.08864162704347432	0.05422244305141401	0.2464034376698737	0.0672285760760204	-0.68416075318933	0.1676011265228293	-1.3926189990894122	-1.3613204135094676	-0.2285441303188281	-2.2421440444902316	0.34619217043607464	-0.3872794714326677	-0.9011049446113162	0.6454357400951175	-0.24393890707162572	-0.20426881102943464	-0.06547069568123036	0.24171715709301153	-0.1531332448385812	0.19031830569191888	0.5044995662937808	-0.3611975637411478	-1.354611098531588	0.04708525578664962	0.07484692135024501	-0.8803527016105288	0.7049888135184297	-0.058843010775119955	-0.7988282667956528	0.0027017238491958565	-0.10988116364500056	0.4245602051310982	-0.07546495786558399	0.16064705446626787	-0.3212081559582899	-0.2238050324009956	-0.31500340371090724	0.5480692664875685	0.45902465095227735	-0.7016629568581491	0.37449487790057223	1.0505328128488558	0.36733614360055517	-0.37616225346568277	0.3705124311669462	-0.3176797490878891	0.2229564980274759	0.5202226612436197	0.09654779327133312	-0.1060023081024967	1.9690222886148832	0.07927822351367295	0.4910790613800117	1.0328752622710953	0.19132252852734077	0.729609400016824	-0.5456001779353474	-0.9389535919005253	1.0506377247719532	-0.9661290645318753	0.32622555666275854	0.7808092274794757	0.3691651812583088	1.1902686741541801	0.3647543610070438	-0.1839880616450405	-0.00664771141492313	-0.2913089760843869	-1.4862557565714745	0.2667385809038282	-1.2136863128177005	-1.44899872946997	0.2761424884351026	-0.3063496931566401	-0.021044518628420758	-0.46897519247152053	-0.0687382736095795	-0.4708031725878123	0.3841185615103071	-0.06709638113176576	0.48022960617524096	0.07102890720291702
DTXSID6047446	7.892542348656883	4.224214715956908	-1.8948390823623162	2.0482432799542414	-0.8254607054792535	-0.5408517895211593	0.4313128766159865	4.436838465336678	-0.26669041506516666	-2.4884720352440124	-2.6878479361516767	1.1088744332945142	0.10160965842193712	2.2497989499645508	3.304849812261552	0.4210073391774734	-1.727931747234276	0.6322816816116101	0.04923187519141843	0.9238052203928091	-0.8627143260832318	0.7829093922841724	0.04703045989772612	-0.04495610776811767	2.4485775909243435	1.120978880480845	3.6785475544186927	-1.3458485184854299	0.2577843376366687	-0.9980165176000415	1.3772325293839498	-1.8045062719714984	1.683175864306923	-3.5317704767485134	0.13279002429416523	-1.6085771974505652	1.6947077349587774	-1.5041282144170016	5.737700715731447	-0.04317775778053585	1.023605244158633	-2.2871415460049773	-0.020137958368315202	-0.16222103269523258	-0.5940148872914527	-1.8197615926965145	-1.6774588915484818	0.6780548285334898	-0.22850711428974652	-0.3257393832872825	0.14369248173231342	-1.4369275106086394	0.2121111383041105	0.6377787668391209	-0.9915120601931456	3.046840169438008	0.8350917937629599	1.5576874546539414	0.9597141813830966	-0.2878398014350771	3.5089827952919217	0.41403783229982805	3.7947813723438366	-1.4051097361572433	-2.113900383039832	1.3022308575380666	0.14286342469642743	2.383559020441412	-3.2296622250886693	-0.7388511805421151	2.218347311826112	-3.2493192091735357	0.5032689447945022	-0.04763414618842553	-0.6920776373392201	1.066630258284366	-0.7332196137910498	2.0379281489221994	0.768549831444709	0.07334617826296877	2.2146081816725642	0.6181862484448829	-0.42928175913427497	0.11895905451804466	-0.7785469303294115	0.17489376294021547	1.603467329720631	0.3940212801277065	0.4480318400888386	-0.22231390083780317	0.09413556782650566	-1.1330182897455874	0.4073323912776516	-1.3385550566466227	-0.849265340548258	1.931038062603304	-0.09380576209418018	0.6858736192900905	-0.0371824458510419	-0.48527279162135556
DTXSID9052682	-1.2393139239764572	5.6161461921735425	2.1882046525201533	1.2442359565448702	-2.552800980113958	0.5793042177210221	-1.0886187658874684	-1.9968593744904382	2.4641849808730543	0.04794438107220436	1.693733082262914	-0.7105911893499616	-0.6565832252412133	-3.106710498533899	-0.7060558128229514	0.6310748128210218	-0.5187262622619534	-0.3516218650471067	-0.09870496762208604	-0.014609340057204148	-0.04869162231066446	-0.053450594628456215	-1.5350080935222319	-0.8507657100972245	0.09394771678780936	-0.7425480525075656	-0.983099522501782	1.0387599947685004	-0.39074841055702864	-0.23819973399323324	-0.3791140927251267	1.7812873565282652	1.4164226234288806	0.6353122659492965	0.14531397345322716	-0.2020671620710269	-0.1364453214406086	0.9781509897838118	1.2098009853136173	-0.6610604611372876	-0.6735126299097376	0.1831292609639299	-0.760383797640744	0.038476817113978705	-0.7372969422838758	1.3294498743705805	0.3507712053840087	-0.2945937088909308	0.3495943921725029	-0.01758096608775799	0.21526706872071039	0.2593810146336834	-0.2787301858394199	0.1751754054874014	0.40325295001076733	0.29203004854744985	-0.3020291034748736	0.10612425143624914	-0.34145849431642616	-0.6115361785519449	0.4167322259753736	1.1604790716010387	0.2738055661759666	-0.8020597418235912	-0.11791748246288884	-0.9429445099017869	-0.06931645231797204	1.0609885607217764	0.39274801938676296	1.5049880540760754	0.16339442802210222	0.6282763337368361	-0.7565291403035427	-0.02585693065970445	0.14793004818038666	-0.7446439943009043	-0.5539147286973262	0.004538431196326431	0.5698824807000117	-0.020782231770926616	0.3478885152379025	1.2016993637928934	-0.24934342373763718	-0.3725770223694439	-0.24115435679983113	-0.5965796385761355	-0.3945197314862447	-0.2695132783913389	0.5707657966903338	0.5459426023945685	0.2320071454731414	0.0991686466657961	-0.33212940465610413	-0.06464655432716722	-0.413519647455892	-0.06453767852329992	0.12377544967351421	-0.08213286842285121	0.6394037837360833	-0.20760411597014927
DTXSID2047307	6.967858654977547	6.894840812892578	-2.1121250861070755	2.8809537887739163	-0.4267766705162394	-2.7083880593785805	2.421596822364977	-1.241589233012425	-2.8814148017724386	-3.7112382433548436	2.4817663058497197	-0.9771125613294342	1.0294515495940224	1.5546958480050914	1.6936328723456098	-0.8322784941896573	0.584976214880256	1.2800571250554402	1.29276269894456	-0.7957946192499976	-1.3280340794332954	-1.3342593790996418	-0.881868899321303	1.0677725039858106	0.6369709858157613	1.5237199369737355	-0.6313061983505384	-1.1555340903137343	-0.39381403079886235	-0.17277120729326512	1.0459822434937502	-0.8226597873783726	-0.33811212285601333	2.1588797179843273	0.13365293907009934	-3.0987640523861	7.0019262156883055	3.4259231011740563	2.3279535440913213	2.08205551242901	-1.4287165464493607	0.5675933967037449	-3.51788820075797	-2.7775256368856276	-1.6980064473079026	5.161589882737272	3.4918448461867997	2.570563167018715	7.805804355137852	-0.2160684592054385	2.4867426719607413	-5.036775415168213	8.045458653184058	6.830830770621517	-3.3901164788346096	1.3175974865172162	-6.738759669910527	0.29899091970878733	2.776493225688305	0.46245060986773223	-0.27763219061737215	1.2437565812774498	-2.00175090989161	1.4426290178356527	0.6872495097848587	2.588835066985889	2.04462792437066	1.1770610666989556	1.9216580354096675	-1.6446980519465215	-1.8444243219625616	-1.0466682891673258	-0.18037156937838572	2.5878768653390996	0.953692003519521	0.12074664696875453	-0.47319923308744144	-0.9952034707691029	-1.1679835257596134	-0.6959242929029614	-1.2555626099165602	0.6165815078857659	0.46812330825806936	0.44580548286865934	0.6621248839548655	-0.4879311677075045	-0.5941493480614498	-0.3103661559256137	-0.9692078866229991	-0.154309484758611	-0.6764924543836337	0.7759359195852503	-0.03250210619566428	-1.0667189670205626	-0.4696662194681548	-1.4694811759873125	-0.3710059990944335	-0.04613444979126567	-0.8711710579551792	-0.08037981409312249
DTXSID5052460	-1.7890484088729433	5.510018291794009	-1.897609091162851	3.840675016370134	-1.4633482775320374	-1.1455454661762694	3.8785290343856804	-2.031417619000299	0.6092738287299968	-2.969580596319996	1.6898045041927878	-1.951011880343561	0.1850172804528843	-2.006240474168576	-2.0828271961395095	2.4480079731717024	-1.5433266162705428	1.2424409746087148	3.435265792565067	-1.2901403621243541	1.3519503084178943	1.0529397833651084	-1.4395286242209906	0.8531710394121573	-1.1861250632322589	1.7481662647362102	-0.051239493927906436	0.15334781509861778	-0.894179731134148	0.6171937775575759	-1.6737734625679885	-0.07969821512448336	-1.2598850529130747	0.18766455751190103	0.637000890267861	0.04678248547226903	0.20945506993566493	0.13327507447869605	1.190593677728078	-0.30312749083631757	-0.9026267246603136	-0.8574100649507619	0.3308114790807671	-0.30697992781252026	0.9446767344604429	-1.1485074105100144	0.370473454206608	0.33369370194788217	-0.057770802264294055	0.5466603615635296	-0.08164358179511774	0.13689214394093588	-0.28522885215028676	-0.46574464577038677	-0.3689776332055212	0.23816773604819239	-0.09754304162444549	-0.02474195519289763	0.9864880467628411	1.1374682469517532	-0.5006277500223723	-0.0995805540949285	0.7849626147234977	-0.36665640741485256	0.2745491383220504	0.7272245324302431	0.7066846032039427	-1.5613488284453536	-0.17857190478901797	1.2203010066111548	-0.24864799064150064	-0.1418390346906298	0.38253713150059687	-1.8035417280491801	0.5244369244223082	-0.7259301774825088	-0.3094620335846823	-0.8301026268723659	0.24845392278468603	-0.6412795877740165	-1.1344624168090973	-0.2829858542181693	0.4512899921762083	0.9864704614327652	-1.0550638617767538	0.251222735268897	-0.32459717833033164	-0.6213081596681338	-0.40404986410242333	-0.7041568009371626	0.4972923171968983	0.5916524608796994	0.7368714476190126	0.7707794960179178	-0.07165164210253096	0.35067371373986383	-0.1319250497233282	-0.17438061261251375	-0.4489894054326451	-0.12706435145180411
DTXSID7027413	-3.7598718537670943	-4.969941822662139	-3.0050970306983498	-2.7528719903278653	-0.18335077822680865	0.40992184823086564	-1.1696245509263143	-1.5664500233229792	-1.170617381131391	0.31382383572013717	-1.6039339140096271	-1.3597052518662816	-2.499647172156131	-1.3368597792224688	0.8577829091702008	0.48143782726747875	0.4260026643924317	-0.10891044945535235	0.04153688356712802	-0.5168156537868448	0.4328247475035126	-0.6811828220594317	-0.06285994654061679	-0.12332155872076145	-1.1283398823949706	0.038783274771961807	0.3819802062927743	0.36409138697189813	0.3453467094037383	-0.17078888725652444	0.4764480407354355	-0.11763782821506165	0.04320709518628961	-0.6537832035227018	0.21197385021740014	0.13774170477531045	-0.022272836206696556	0.515694673151686	0.28613666402328314	0.34372458727591976	-0.2927090331489613	-0.2693555699834757	0.26644903630394606	0.4012053970617825	-0.13174959927881325	0.13366502627160295	0.08787253059829284	-0.23087309964465827	0.24206528202931407	0.3169603440606835	0.17563555950721285	0.05265006080326336	0.2697645071777079	-0.08980472699130553	0.07498865240431235	0.19098178321311493	0.28606413861351265	-0.22792688552978135	0.14710354158756442	0.4023208684983782	0.027384545809454687	-0.08199538815619183	0.40058518950142075	0.22073442370349858	-0.20215583047263314	-0.3426890775674506	0.3503484613921858	-0.18746792084652486	0.29533911400968466	0.17394428051079708	-0.004933615216816945	-0.26899704805302904	-0.44609742625561605	-0.4283804988087357	0.2141662485048511	0.00670293421232844	0.12386087705005983	-0.0655772456722564	-0.03857530727500391	-0.02461992207440931	-0.2354621619584078	0.32708406950688773	-0.25778523343683757	0.16748904890071706	0.7897809214787593	0.2141479471848561	-0.07928377761773807	-0.2178041948330537	0.02840136865083896	-0.42388192215935067	-0.5626192550360641	-0.14330948476335706	0.07380101374110913	0.1170240693069205	0.6859535099104028	-0.06471385247077527	-0.6775148617084402	-0.02720868643101453	-0.49938906500589286	-0.25606595413090993
DTXSID1026031	2.20478506175282	-1.807955823089659	1.966638951736827	-6.861602305148858	0.2459476560471651	-2.6505990229747076	0.4596818480802826	-1.667997470513771	-0.6636480233769324	0.9217201106910896	-1.5260786539965108	-0.8034839111715774	-1.121473512287466	-2.991542833120489	-1.2743423164613106	-0.6111530513675091	0.6661037763824718	-1.225645042176716	0.055505069365649994	0.42470844081751213	-0.06625749423712185	0.49971620764887886	-0.031957801549449945	-0.14846688231894686	-0.9595223453354444	0.9703943768409873	1.8170357101624737	-0.7022534720023724	0.5703790814032671	0.6813158062281764	0.5807427202140206	-1.2743871790603227	-0.3839572644096057	-0.9083899786898225	0.8221737520464568	0.3143871848267026	-0.05983004643734762	0.2838532050624728	0.48689706558399676	1.2253145418812952	0.4395775257294365	0.8464344257407012	-0.06342124116382167	0.7415613253821435	0.07331032091040432	0.13270533251602606	-0.15470194017304623	-0.3594883790350967	0.21917361673760472	0.3274507831007281	0.4592842516858205	0.0271230912233821	0.48073794566812555	0.43870076841639716	-0.3341792619602286	0.32029721465214556	0.43304517300213125	0.30721240831553187	0.26419832336266075	0.3381187879034364	-0.027481342980719626	0.4294620550563947	-0.29127352116508604	-0.11472525838528987	0.28370383298636664	0.055713674968901	-0.6291899041018262	0.013233707702927379	0.3247626514303047	0.635650637626316	0.5951309941191489	0.3376332535251322	-0.4910334759296575	0.36846057546520444	0.504746062128392	0.0015108576600519734	0.11010685337299539	-0.38871745473561936	0.2217442531960964	-0.26916378464117185	0.3609566732836131	-0.22014331405138704	0.13589774014182948	0.12104438633361934	0.30007589784842403	-0.10166033504550538	-0.41142253285559405	0.5892427647379799	0.3184204629799997	-0.12886824442918396	-0.6203957510094481	-0.2803487190945323	-0.14470522529169633	0.10440265754616698	0.6308886040556215	0.7522804338513829	-0.20607114706741025	0.5997657181737841	-0.3048233881663731	-0.20010795349182953
DTXSID3049045	16.010785383275913	1.1413965551520153	0.01153539478104956	-0.38424905687497213	2.2528431118173513	-5.017635997058654	-0.8868297711995241	3.565269086088995	-1.9435814229602844	4.663406120646016	-4.058778538803468	0.345843658265848	1.0526023616846714	5.013553869118151	-0.16997046085683276	-0.2766558186519335	-0.2663900604831292	0.7978612255759784	1.4923401598189572	-1.8386191374195506	-1.8765059132307162	-1.3897250547471145	-0.870171346502224	1.9641109800332894	-2.234327062451108	-0.8795376756532313	0.04688217237696689	-1.7617289450909515	-0.7215779758485777	0.1949999608399092	-0.8714805637939237	-0.9913912161092002	-0.4051106101959923	5.149333506479907	1.7712508419740571	-0.8147053420823195	-0.30796631312904443	-2.2144288580352143	1.7757567547588313	-0.8101011957616238	1.3405702626624607	-1.4950439357976026	-1.8720395808321926	1.7099595047249738	-3.379210675092661	-0.5003042461024371	-2.07431139034753	0.06901523356256478	0.31427126208723166	0.5928441297931568	1.0614594991537947	0.690678497139044	-0.10075021402427052	1.004408976858821	1.776294445772287	0.27341667059317176	0.362614843308706	1.832385422657497	2.058015104549246	-1.325545894682312	-0.5271795684233515	3.641260279612967	0.7066053299830326	-2.436434894148386	-1.9779606815896882	1.3617256044135637	-1.318349077038527	0.6861645183372235	-0.6715713022887415	1.397234839159487	-1.4068087033376062	0.31453215669383194	-0.009970199888063358	-0.27652645732727416	2.417489839362963	0.9955242267025151	0.26466858478284566	-0.26126408600701834	0.2613224477578308	-0.8582722625785135	1.2603049407042035	-1.496076300126777	0.014911232808021887	-0.5285210533162189	-0.6738019064456235	-0.7076040367591249	0.5541893940095134	0.10557698846843758	-2.5707365457213487	-0.07680591067788	-1.4551238538620894	0.6329683959677412	1.7430107352361397	-0.6635674464959894	1.0117109456469238	-0.9178452325649525	-1.0083078621436785	-0.5244675813444495	-0.8002571313848647	-1.9496806746471702
DTXSID9025087	9.17543719333982	7.001429052830227	-3.3530538792086757	1.8995040766814606	0.41065365056137804	-3.4188476954436404	8.605503380073786	0.06430735612853289	-1.4781885784663547	-3.451762864807788	2.360031239443979	-0.18879474787004638	-0.28038001611883434	-1.914011132480865	-0.5704274290127337	3.1859646103135564	-4.073336299392975	0.7710797466870518	0.7898210383262309	-2.1089842645639374	0.3633757072527655	0.6639504829168387	-0.5607938823612301	-0.15882132323319836	-1.299564426837005	-0.08235287233324586	0.014557735586716476	-0.9782087355854493	-1.3198681855956462	-0.90825113782246	-1.9020714777383747	2.2642467168303484	1.328435228665486	1.5384101575294669	-0.15246178116010167	-2.26002124476191	-2.174603370639561	-0.7384602358570322	0.034805288213882055	0.5317694093576619	-0.532405890634923	0.49328608185820577	0.2798725222510357	-1.004971941185411	-0.2531802659966838	-0.10467234012120968	-0.19403918007591917	0.7943891888065576	-0.4476681210199434	-0.028164623166546023	-0.524892616266376	-0.36499467867415647	-0.3246658493680269	-0.027574694496396726	0.2964998142708647	0.6754212594406662	0.35903681941967425	2.106075184575004	-1.249776460615548	-0.19642008515182197	0.5164543642818409	0.2814160317777944	-1.109662894409095	-0.14319026240155966	1.2793038753829913	0.236343769876844	-0.790985571285898	-1.20636165718463	0.16611295412140084	-0.7714365761242625	0.9219670562246428	1.088236693065305	-0.4231869654775833	-1.372888722206513	-0.44820702126636536	-0.33278111930320237	0.15607583046555545	0.43504375461156564	-0.15445100327321296	1.5212838967089215	0.8800790900619545	0.003693319704640832	0.8658422586273843	0.3276463559863332	-0.5371913538346003	0.012772505594182398	-0.4491072121968313	-0.13473274929998116	0.3372100916023838	-0.41318651073998575	-0.7860826613967117	-0.5375324190421708	0.8582003185021854	-0.9751825525803368	-0.18732187838592207	-0.30787307416614856	-0.04561951459409666	-0.9044558500857881	-0.6108119483651885	-0.4852464615290535
DTXSID3021936	-5.018947043033162	-1.588840512841339	0.6115432969278292	-0.5106909537213533	-0.9478992017335152	-0.10518821171483128	0.3845923782893144	-1.2016284847787453	-0.7910583556995433	1.097301837757737	0.04640827557842722	2.8209978177172874	2.7356649486468565	1.3484293828826026	1.3891382884699321	6.887696526522132	5.708426448065976	-4.53405750436338	1.9145920345060115	4.163354264591019	-2.082452116184064	-1.698819123074471	-3.5999778249246477	-1.0785267705591874	-0.0049155606790136815	1.7295869985843837	-2.194981281561461	-0.9501587850644813	-1.8045401759080604	1.0109210726319011	1.6610223485027102	0.12433306550114488	-0.03715878193780373	-0.8998192507425138	0.9627875221073242	-1.233078221784642	-0.9998123658371372	1.7391207954024637	0.003472683892300493	1.1622055042268304	1.6164687855952964	-0.8228276282760315	-1.2337505775560826	0.18155102100440715	1.538912044583252	-2.3532428621153345	-1.0155951831100716	0.3157893750977183	0.5319714100038635	-0.7875710196356107	0.34176156119590256	-0.6298091557830673	-0.8870135272222075	0.08687411413126507	-1.1534229218180028	0.412704378971196	0.4257177597321406	0.4814945306156978	3.0322042407340195	0.11318970961253505	0.18475350918955605	-1.838424086184763	-2.2851328245197977	1.2478091246857035	-0.19207113727098069	-1.3438323753088952	0.2590065326315224	1.4789722486188084	-0.3585691226085733	1.1701666396964527	-0.9441762303287288	-0.8555039282353821	-1.5298671182766945	-1.5769646873487608	-0.493141519939238	0.32126095413874556	1.096918540490553	-0.8753816955173083	-0.31557886336361246	0.6389115263412026	0.13051044171476975	-0.7483956534576682	0.7492652858638964	0.11132974837007097	-0.04531155641502276	-0.22838616571533427	0.2661600830284187	0.1625194101574279	0.02990819599679591	0.40112272905964347	0.6956955982023111	0.6546723039979156	-0.3196219812674098	-0.4014799663079855	0.2999286932654921	0.5411557326724621	-0.5514190752881775	-0.10635652190539582	0.3425202214514851	0.30907814508713194
DTXSID4020587	-5.125452867614861	-3.009098933001919	0.358433984105545	-0.8434186569779258	0.6032356153686199	0.4076244634849686	-0.5405780779680129	0.7839488727109418	-0.6994000278093675	-1.3991480374789056	-0.8159201104676812	0.14764360793145007	-0.5945416850230975	1.1723044310657182	-0.16250823468567718	-0.2642806202911955	0.27856789282069483	-0.5324113367269895	0.32025152466623186	-0.6970836205939089	0.4692205202079525	-0.30906804373162305	1.302051474796198	0.0034746232964438266	-0.24076240341115504	-0.18126624439043842	-0.3527841171873125	0.5082557860704907	-0.2998563112519443	-0.11321009168619102	0.008252189513056358	0.3476180814511287	0.6437218007431965	-0.4447368069072118	-0.17443920398072335	-0.31406873525686446	0.14552878143703826	0.06738396260269562	0.17256224533919792	0.05420251727125628	-0.21749976934119367	0.34606147012816635	-0.4312182572119354	0.09993720531882916	-0.5370961033015152	-0.03475234977870389	0.2314754808774065	-0.07687998413355973	0.054940485258505554	0.21183257669979777	0.045538575949093475	0.15880626417982063	0.1335326564261209	-0.0988627414478901	0.06156019010422705	0.14286359316090128	0.2256076990937352	0.09945619546425037	-0.4148969541223801	0.07983302904022042	0.16352789707553878	0.16607694589351252	0.3587646451733818	-0.128845383503656	-0.15163769493240992	-0.5008101097996247	0.4449145963472464	-0.5220576963405417	-0.13824496809869236	0.6636852605858659	-0.16027640486994507	0.5493384796606298	-0.46446198533977706	-0.13849425088587122	-1.4150857819740912	-0.03868406890455502	-0.9464974545270453	0.6801905416997281	-0.26888514067011227	-0.19362283708986022	0.023050219170086705	-0.36959351893294223	-0.48003107534420925	-0.26282814644783853	0.09824877225577267	0.09204336210178742	-0.14370756370768228	-0.16774305409841295	-0.0333702526147459	0.05324466334519143	0.04619861391437854	0.38027547611506196	0.40522545061110155	-0.31679003802376926	0.3787932467950628	-0.162727254772332	0.7620707275637034	0.6140448920631898	-0.1383198761900933	-0.12592978465597068
DTXSID3020043	-1.5205859626832028	-3.998083094314415	-6.032392003080966	3.612194773934398	10.83487624365046	-3.079645395877999	-1.1447523625955478	7.494477871909726	7.879168377502876	2.2665682429704015	-5.557599145196447	-3.4372693035109023	3.928460226325304	-3.745545513737319	-0.7826390920362937	-1.2416515084190134	1.0445814013128902	-0.12669830320537015	1.8753603809393504	-0.8956531450221151	-3.0514388342787178	-1.5182540470909345	-0.02254655549383945	1.2061024474114568	-2.9102984175990945	-1.1641430014407008	-0.29809297585832506	0.786953303178077	-0.08922188510045467	-0.0412689668920883	0.33464260293293924	-0.08149437886427943	-1.7225941804700755	3.059555312779422	-0.748213716639377	-2.1797675948099324	-2.4774774074985526	-0.06910109148714935	0.9639774978498011	-2.195962734791975	0.21770654576740045	-3.0732754956433617	-1.1953018398894704	-0.43421498321409957	-0.9930499601498307	0.07953264072149624	0.4112889719807817	2.1874511757974373	0.5108125569717974	1.3095760797727676	0.3728497997980232	1.9944364028985224	0.7472297649297494	0.5834902364937005	2.8964840071490565	-0.47980207243025175	-0.6016460846976303	0.20115773302394904	2.209377170272172	-0.9306879995619878	0.030204061173675273	-1.93191288213516	0.12734634979932813	-0.18616981023574833	-1.487457991361434	0.043960809497452694	0.004418661294401668	-0.11189119261325943	0.5390444337683483	0.7632057148872387	0.6000409285964646	-1.6292963833044194	1.3395439977009775	-0.31757649392488774	0.007316584860797754	-0.6338714801647327	-0.4622882437025752	0.006939577650133596	-0.8694908422249334	-1.3077599978653722	0.9035337864729068	0.5168553113369265	0.07720112771327012	0.0795297431632072	0.88620201641579	-0.6076449726215465	-1.2295891793906562	0.8219565307777961	1.0762599935499895	0.5339539456885066	-0.4487178956878514	-0.5338829470754339	-0.21099522162073192	-2.0156119679865205	-0.042657103344175495	-0.37595166724463336	-0.1277660207854828	-0.31504751892488175	-0.5007271353136461	0.3567691830537029
DTXSID6044690	0.09434049218107811	4.094886792693937	0.967010165353851	0.8346291093013846	-3.1627091374638687	-0.7974703465324724	-1.8568938552960013	-1.5828054009752308	1.2334698790492267	-0.9213609965323015	-0.8103414143015994	-0.05833863869765819	0.1811189277357904	0.7529829991866893	0.5739048051053104	0.6003170577953201	0.6596862521062181	0.9775672839292233	0.7119790494042073	-0.42714972372453586	-0.9354122337095915	-0.8797470909389934	-1.457290378371524	0.6929359897052536	0.8216150306360632	-0.8200431349377661	0.3595522382309123	-1.138874852338317	-0.06464573790243883	0.45115687679079475	-0.8912190117549117	-0.08146167684567437	1.0626295731888407	1.0247127007273953	1.9622575780257387	0.13740083351625124	0.6977868399165411	-0.4787543153846973	0.21873848352468847	-0.7990995764084896	0.12820730441665004	-0.32439190360593034	0.453728542475593	-0.7113483137352571	-0.44575399085049555	0.3198164384437882	-0.26423375740124916	0.31549504759789004	-0.18373533716156226	-0.038523976348711554	-0.12126124351799492	-0.21626291107530765	0.32430908373712536	-0.4408807479833722	0.43320610860861497	0.6796743677302653	-0.35175252930684636	-0.5074814583801848	0.5920861223791671	0.2797854332116446	-0.6184054044811411	0.5265784430584148	-0.19439174263027958	-0.17084397062493142	0.20664177848653323	0.3103436860207416	0.027143706359589383	1.118507967459815	-1.2520502506255082	-0.3450850782158858	1.4726854202825272	-0.5551126064471286	-1.0324996127408153	1.004972031645312	-0.3177508742162537	1.051457028207443	-0.876850635511568	0.9435415946062219	-0.19925530126910754	0.48779948883620766	0.44958896070250093	1.2964571034272714	0.2084753349225035	0.4516122054844062	0.41382705795413466	-0.3390154869977858	-0.38149913891594117	0.012030809780778676	0.050111057737835425	0.1038336333695432	0.031048830624401832	-0.3529452355136459	-0.652607253453107	0.2537571199899261	-0.18562026864277142	-0.1831050977215166	0.7762964658333995	0.3394683445426537	1.207365730597339	-0.08077080820252223
DTXSID1020275	-1.6311355291173895	4.3859657547751185	-1.4648730165426622	1.6700613160345592	-2.87307796601277	0.6979895798012632	-2.0353428636900857	0.3186935688439882	0.1280716728642415	1.753948541341005	-0.4327217055322572	-0.5306710915116077	0.012154255641829955	2.174866538366411	-0.8922369381924753	-0.9175710902459138	0.082255085485128	0.30688101745703683	0.997694355621081	0.5493547674652154	-0.3145854187280684	-0.14902193600514932	-0.9468383974941882	0.7836111468944599	0.1511886724439722	-0.455033199724927	0.37569590356254545	-1.3563232543784953	0.009259828291255635	0.614214156730819	0.3790686799995079	-0.8759730883891311	0.3800765356591684	-0.06392462024648365	0.3121851744256377	-0.40418594858769735	0.7320057316361052	-0.6034838449236571	0.02775506884006708	-0.2079517030806929	0.4131810461861561	-0.08596603913105229	0.5450941041218719	-0.3986257377877488	0.21588551252291419	0.06418130466809807	-0.29249641133831533	0.5398043262472403	-0.31959024664758995	-0.043143292953552265	-0.29171055214358077	-0.22866294806075765	0.10445109310521913	-0.1640192078330247	0.075551930100456	0.10704573390311065	0.2323765531615041	-0.6418074519977628	0.135965221246345	0.4644701090352298	-0.4744355918908991	-0.24613078126967472	-0.32708435645374795	0.015089072883619279	0.24057639777947357	0.41577642733779335	-0.2804809402950238	0.22845760726662862	-1.4875754315395937	-0.7640752646964565	1.5982747958595267	-0.9100726682151581	-0.25286853266073284	0.2448165805910002	-0.26376787747958497	0.35338991553742594	-0.303127885828342	-0.13586980088999176	-0.13150139372405895	0.03886849814446347	-0.3741584317009036	-0.07997509090646814	0.3533521426804844	-0.014003702174963231	-0.019216955277470922	0.7098587898290231	0.6384352392369491	0.22136776828575147	-0.18533844982541556	-0.6748116708096229	0.32444884188500306	-1.2668985099586616	-0.3972310395587716	0.12971287727974187	-0.4335058618513708	-0.2623011206531544	0.1371903142419063	0.08311658013096132	0.37659993385883167	0.33944870412544326
DTXSID5021170	4.640142377618432	2.5255967592072106	-4.441570613745881	1.9510862401844822	3.0289175773418564	-0.9000554260664008	2.4228055354662943	-0.06507780686147009	1.5352204856247154	-1.3234556133685216	0.10016330360951277	0.19980933810543122	-0.5771306869897056	-0.5697163248217088	0.17675186467351953	-0.4477333528269941	0.22679412194467757	1.1794126683485604	-3.1404588974711336	-0.0008519585812576597	1.6479410734181772	-1.374210623251079	0.14142291814781818	0.5509346951652436	1.2936147672053957	-0.9425998977100624	0.321146424297682	1.9519934454473533	0.27370099986795704	-1.4846935135301003	1.4827496914124172	-0.7911881197414384	0.6753393479833919	-0.11544652104732032	-0.47782942395126526	-2.2820166328368168	-1.928275132643606	0.12866197481447048	-1.5538007242793606	1.4865299869642834	1.378819853857027	0.5573738774068657	1.0480327383191648	-0.34564719223382756	-0.1595323107343261	0.39758040302482256	-0.4323932736237821	-0.054758433069082034	0.8240287493827952	-0.5778240469655812	-0.15392732502468764	-1.104670003351285	-0.13899164921338433	0.14233611779162003	-0.5430658570339604	-0.7498736070141632	0.641160754635595	0.43477944662019163	-0.49473847988767955	-2.069287763752385	-0.7353803433235946	-2.183810676185461	0.31469253715714746	-0.015610171228298744	0.38392501462170775	-0.11148507967228806	-0.6454195944866058	-0.045545973388493755	0.4097823001696592	-0.9697612869116091	1.7120813816233253	1.1865572514012626	-0.8265711457550834	-2.0954095425372716	0.8520056641673929	-1.909021125391445	0.9549887098393023	1.3395842171393093	-0.2349792774432024	0.8605066288790576	-0.1455802235874843	0.08385790026632241	-0.7714536303173403	0.06707986284309683	-0.025625800538870112	0.3785192561253658	1.4833064835095235	-0.8320406988365652	-0.9078127666450515	0.3706403347246369	0.5308874258592877	0.08794866730099776	0.3534207465252436	-0.0867955165347201	-1.2214589658557466	1.5528746699009173	-0.3309980921561717	0.486634981754607	0.3241389777036393	-0.5978250665135912
DTXSID7048950	9.795571880090735	3.2566464475582055	-0.9469191542903854	2.6879673399839317	-4.2415308169490356	-1.2577310617239772	-1.949002170726685	-0.31793045140949044	-3.233025237532661	-3.1658331716589565	-5.681257460961686	0.832838329608596	1.0893022869099827	8.355722619203174	1.9879788082889631	-0.14848731042002766	-0.2123627337008736	1.5817531443409314	4.251271288718324	1.0362450809219188	0.04200152593954642	-1.2201708193417138	-7.980035620259999	3.5214335448995646	-0.5566928495269672	-1.652029680136246	4.479318406703188	0.07978447431124125	-0.13468179695804322	3.390804206329813	1.417267481243051	-3.8834383242982087	4.443331524086859	2.8803336251473883	1.9760361004050349	-1.3127101156086398	2.7941984562006783	-2.9285199006535545	3.400991710333241	-0.37345615074412897	-0.3037555468061202	1.8219066093504772	-0.6494129332380304	1.1198231273899566	-1.9151768675459573	0.36606629312113775	-1.2694620942859238	-1.4591290726758357	-0.5907637775313388	-1.4768271651820857	1.0455965224476738	-0.3446652936011854	-1.0226490436384443	1.064595235290158	2.4519637848496347	-1.295559058250849	0.6756766797572008	0.5206649672245525	2.820855200695913	0.4502800344229513	-1.2260986724437657	3.511254593540172	-1.5002138173199324	-5.132633101238218	-0.7149951696464526	2.3156742910119044	-0.5533882973464588	0.10869746980760651	0.029306432484156344	1.9264518637313202	1.4817810064211863	-2.572507437731395	-0.6730584974835256	0.6008775907388426	3.138337287891079	0.03643716144020871	-1.4520584855251308	-0.0650817280316984	-0.8640589375873283	-1.1803935781424375	2.5458619296052314	-0.5105615082521316	0.006755226729441117	1.049942720717969	-0.6047290932898173	0.335673234502749	2.1606988184936955	2.6001429115240056	-0.34291888608776877	-0.9617064595457048	0.21378824041988925	-0.26515542247378115	0.4835824973892402	-0.5890613143311297	-0.8856434252403612	2.199404000401503	-2.563098728857296	0.3312637396575284	-0.6969450326903224	-0.04006772758103293
DTXSID9046495	8.552462927789158	2.4945583777691294	-4.116813206352802	0.42723070912636907	4.0178482757942815	-2.807401806254869	3.1107310362726452	-0.3633405125221547	-2.3284710131423645	1.3132890986152048	0.7565034079878331	8.650651576615155	-1.196037619229866	-0.618627238073378	1.9596895883031347	0.5692217214968769	-3.215968786939907	1.0331024089616483	-0.6165024525917426	-1.2280047296076082	-1.2620168532771616	0.162323573939255	0.5184123902363676	-0.7325363596128095	0.726650292162148	0.31178773936150145	0.9585054179991083	0.3261245213540195	0.9083972262803162	-0.696781538810597	-0.05929142645094606	-0.25807084915917117	0.025183960283164802	-0.4598719469369216	0.43823149428244856	0.25918703009715904	0.06799170507145907	-0.08375140090530919	-0.5472943576694248	0.08505644353401848	0.32464649958033315	0.025373731588261915	-0.13391270825098678	0.8249913808230775	-0.5962243462941731	0.38360658714487844	0.5306154932790328	0.18575871149923884	0.07203493848890236	0.05402244571829725	-0.22184099652678965	0.10187453072302873	0.1952751866695526	-0.07765451300446342	0.1296185520099245	-0.9559327091486586	-0.6499090076137487	0.5095580398251148	-0.8701601335213355	-0.28354022547181923	-0.42600809620472474	-0.12599545509245605	-0.608350625384982	0.8456685294820037	-0.37752232184120504	-0.9526647368964493	0.23157366986034955	0.25437979213460854	-1.0889669360401326	-0.6668552536088103	-0.5129396597077649	-0.30495218477557706	-0.23784795424187746	-0.3471475775576151	0.3992467866577776	1.768230367321152	0.1790028888864638	0.8108136482205955	0.8609278712005038	0.1827382893618473	-0.8793747944622782	-0.05402596793617055	0.3175816224296476	-0.42411794700911815	-0.12032145896752948	-0.7296723504379232	0.8731401644697773	0.2087549041361395	0.9877886175790669	0.8228025267105341	-0.15364145066605706	1.064918692304467	0.2663968394747094	-0.3022861690866788	0.2305299032223747	-1.8193150917308323	0.9459581356890936	0.2984786358649675	-0.799243194473666	-1.389049808937818
DTXSID4021426	-7.250958379315587	-3.43706745784514	-2.881332134581164	1.4932484637248453	3.5652101223071186	-1.17984795162152	-1.9946447954301207	2.1926229892085334	3.5214229987426466	4.273361323394204	-2.4447926173460366	-2.571503331209372	0.8196107479437936	-1.1275290831655786	-1.8064247310418111	-2.569045884287572	0.3428427677505896	-0.6878712572845601	0.5958532881040977	0.18132883421022403	-2.552383736995952	-0.5946502962560936	-0.19746835877576874	1.3791870846821273	-3.426433367612401	-1.1565750084985886	-1.8536620493267364	-0.5715511507026004	-0.7870949586298623	-0.46866142124159815	0.3943737667552383	-0.018722577701709094	-3.9633379156175454	5.639949996028385	0.4663121899948446	-3.104980232038036	-4.304741772866358	-1.560718803884261	2.9665039703865363	-2.1692983542059476	2.0964976862667872	-4.185748019205796	-2.9225402317312494	0.5131817014466119	-2.139778580938132	-0.5161265748463632	-1.197784799371393	2.9581429381729576	0.9026210695743496	2.3002851783193257	0.9660046021265587	2.443309975731584	0.857590863218099	1.1753040907057881	2.8725127067437013	0.36235125695588954	-0.18569713443268546	1.0862898851353375	3.6294260861463106	-1.3738516921123198	-0.34673431004398436	1.3847631120094546	1.7264396642895272	0.12999658221881638	-2.387866476983661	1.4107945334337766	-1.0848586793690818	-1.4170954390131747	-1.2853578639578103	0.7381416689579698	-0.879899950805774	1.4827052006768096	0.06355368092505374	-0.7166154701122923	-0.3621165912128065	1.7574881878419053	2.2130838191273052	-0.9415929295882202	-0.4266959807978865	0.5482478737145873	0.12257796685141353	0.5224402889699014	-1.3453770564909524	-1.5865508009794211	2.3956558567969917	-0.4175781796191525	-0.10375234032367965	-0.5618151419500295	-0.05119171919175934	0.7723445185913541	-0.2066534517319163	-0.587384545297995	-1.0596335292860632	-1.3065160194357024	-1.0234414330683614	-0.7091669735108207	0.24883377756783284	0.3043609668276432	-0.9526799483359718	0.5168785947983131
DTXSID8047472	-5.7707381080531	-2.6374005779926724	1.7779973196065164	-0.9667009025261373	-1.0904917553353501	-1.0417937516923936	0.5889332238218349	-0.24658131872279299	0.6538197032519777	0.06439308353044897	2.9199590889740975e-05	0.022809637650743165	0.35102371698712675	-0.01940916962236418	0.8005317450433536	0.39527756327468233	-0.7854416339786349	0.27763300993747453	-0.27071428758338106	-0.16480167471269236	-0.2151143518829968	-0.07001467600523595	-0.4640105588575577	-0.3969848986288898	-0.23428253113075828	-0.42041213940087857	0.24940730125358407	0.5487925228736181	-0.006937981241462237	0.19656955681133814	0.40075788391772876	0.018805140253738157	0.5889061887671911	-0.14624834822667956	-0.5803650293619916	-0.04565374808804612	-0.5586067663097308	-0.3701507696781579	0.04199890035984098	-0.13343559999324994	0.026319126926032752	0.18802320363260497	-0.5877701665578267	-0.2413809704484731	0.01907771933732284	0.22400228851576925	0.15055416487080836	0.019479822923509242	0.03804515433015562	-0.20317967066000267	-0.07827870849382176	-0.13655086540669092	0.06729988850122	0.039478910422209426	0.21011272119495175	-0.10947911347607388	0.04776128780612194	0.41068995777953615	-0.18804229034237868	0.22208998061288	0.18043863232758883	-0.028673832157631914	-0.27947210082751567	0.09404293490111391	-0.13778154137151427	-0.02085860022789601	-0.031431590580189704	-0.13582500970405964	-0.20192247676805572	0.11386195427631131	0.15701749603627516	0.3246731895066083	-0.052858443793877836	-0.15655793156019326	-0.6234336711815534	0.2519659410845396	-0.32316712107896406	0.6633198176158334	0.2105865588619208	-0.1636288061505424	-0.1134955203752304	0.18952351522340377	-0.4610716994169458	-0.3647023263319428	-0.10315379304530557	-0.08297020175400936	-0.0718568948128595	-0.7388244659442027	0.35373796661131557	-0.7188726978798281	-0.6027169971445058	-0.3030590459387652	-0.26007680471447975	-0.08495061936086255	0.5636771615332149	-0.09417405208353684	0.41379643659580023	-0.1286687080782481	0.210900199531554	-0.07237787344140732
DTXSID8023137	5.906972792484002	3.510349515375533	0.254462224740235	0.48447307738160844	-3.096757744065076	-2.234409595906631	1.2544775569453963	3.313845364267063	1.295018060099028	-0.5078169693570718	1.0979681674369182	1.5468693338521247	-0.9441749597417002	0.6736143673025873	3.723094708011007	1.282815557315368	-2.0958042721219012	1.1841107845326135	-0.9875204253883314	-0.703053911495408	-0.460784646536844	0.9651292374742839	0.6682450718459544	-1.4615749235934772	1.3045782563183297	1.7158966255118433	2.4327719233206984	-1.085188968689925	0.3624511001275479	-3.0052666671190122	0.8165597618766011	0.7229762690366826	-0.03345200207058119	-4.345373442890958	-1.6775154113050892	-0.9340365132924066	-0.09631407142288474	0.3582559516951024	5.332686228193424	-0.4231269247268076	0.43297479547073997	-1.674993483438097	0.2874560600997189	0.6321036624028957	-0.8830146863298541	-2.050603819518489	-1.6308790803870954	0.24847242931172647	-0.46339197209194793	-0.2725554487899551	0.006002990933301558	-1.203976524439306	-0.06221131488845886	0.2909498582829129	-1.796586425186585	2.220698179723397	0.9463725414071599	1.4910479075339116	0.05141891765045521	-0.8415529103291588	4.710279877552765	0.22899921396876807	4.002547204221795	-1.5128498964167976	-2.428696138812898	0.07696165347907705	1.0567789723179375	2.2349617956272168	-0.7753674658875961	-1.4094103518031815	-0.5099595213246564	-2.5188076642058563	1.4442166722279262	0.12833455282933515	-0.9440693982258879	1.1465275813643832	0.608107340997124	0.1574802399822643	-0.42271839493696045	1.2017657199929328	0.2599273547675905	1.4535670800343465	-0.797508526582772	0.6680744797235232	0.858545138842849	0.517075962235627	-0.6058864821175959	0.2065744102589977	0.5149809569444387	-0.2647385722690989	-0.18832126552322914	0.0851968781546155	1.1104643464240296	-0.5548735025653211	-0.5323778851193144	0.017532060403010842	0.17636334817513266	-0.16149607570785027	-0.16125173317574668	-0.21215319485042866
DTXSID5027229	-6.86483302848924	-2.7781105108804534	0.15826094930320891	-1.496814079182006	-1.6581325856114808	0.3065017870480306	-0.5494404919378493	1.0129773360882706	0.1981054614706083	0.4759264953809945	0.04689052750578669	-0.33060077640277735	-0.45346470509804687	-0.2521118869431582	0.6468859405506441	1.5644285483980296	-2.034628938684817	-0.07479551966628867	-0.22314274524929914	0.22182534312827318	-1.0548803599321008	0.3217361192086266	-1.4290601719262646	-0.6054265500134649	0.46247292054647593	0.2169205871151134	-0.2683511316732907	1.0306178018739838	0.15268069242552249	-0.12419322778987836	-0.5150521930496861	-0.07327772494400756	0.2587792802613865	0.14297477679148204	0.6107527063925002	0.4970335534708918	-0.3126640345693472	-0.9341253287154486	-0.37815943273452146	0.2537262908732104	-0.023286495412310173	-0.5169328559974571	-0.15324397947854254	-0.059670511998284756	0.2952509551818838	0.034766615780194146	0.06790603420373079	-0.15467327296551378	0.14589116104174046	-0.38622543486298533	-0.10882521369457424	-0.41571176930036646	0.31954462737468997	-0.25086969907671686	0.2656065753122921	-0.16082182520567914	-0.6041364720992052	0.5514820773515047	0.41343819335628945	0.0038491983556615214	-0.3253110450720289	-0.06947041390009899	-0.20422255334198897	0.9483823892052687	-0.18965390573781477	0.42435102709324624	-0.006897483414083153	-0.18832878316780546	-0.18860111116494602	-0.11265891170956321	0.5896119914669019	-0.11135045165158168	0.24948092184555445	-0.11323312203538562	-0.1454919690061881	0.41890826160201705	-0.1622037283152244	0.05801150786918772	0.22310622040894776	-0.5633795885538679	0.2008223050317844	-0.12056063088212492	-0.9386405850926427	-0.6989681187983753	-0.4927294100011304	-0.2048077727127853	0.19021811642346226	-1.2499489798286594	-0.10572683318549334	-0.8345647917924732	-0.605875726711837	-0.24377513734763281	-1.2434866071493547	-0.8611538883231328	0.8807152300411656	-0.3336320828935804	0.8100987825719905	0.36509240725468955	-0.180583686950889	-0.5667069210792522
DTXSID2036827	-0.403827798632333	4.305470844881685	-5.264683878234086	2.9616512589044444	-2.959777617913591	-1.882496781422805	-1.1623435494363121	-0.7423774267188304	0.8904810439507064	11.580797154206163	1.0251176467868603	-2.2965737519401968	-2.062552450780486	5.779294391356521	-3.6731576870966975	-4.444962719180166	-1.689365828147077	-1.2494482406968357	2.4579013612324743	2.3082125577573027	-0.9671927151003324	1.5007661297023462	-1.5244090030176234	-1.2903949798679748	-0.5701605087741396	0.6914503325397148	-1.3165238939853485	-1.4234855171719907	-1.2285132526264364	0.9897075610635753	0.14350882905401519	0.8996699931118949	0.6687693975668922	0.18298122147448057	-0.8716710668127676	-0.3492060963231005	0.8698308469778955	1.0926588796087193	-0.14145121393686147	0.33737280559817495	-0.11238242113059568	-0.40072671597441856	1.4145044446205024	-0.5120792399495089	1.3214096088546823	-0.12170211428991458	0.04930318911360898	0.6384627934163363	-0.2717189139160995	-0.5004859518401921	-0.5105870114913486	-0.06494046168959233	-0.19920509520934196	-0.48081796339516447	-0.390115471317463	0.9331454158876188	-0.5359772045025029	-0.7522476005356212	-0.22025909708685343	-0.2406968151839104	0.6668919463080889	-0.3638693153029044	0.036725557416855716	0.3761221086216233	0.9311444709191337	-0.7797766078955963	-0.06039912271206068	-0.16881698201993625	0.7455220708714679	1.1802773886223241	0.42556823139942135	-1.6980056538153792	-0.15383207917006703	-0.32881678132616166	0.8952890537879602	-0.40868391977346485	-0.7327063023026248	0.1533114279768389	-1.0657218915293525	-0.42366461748549583	-0.09302155432762363	-0.2777542994747715	-0.7155214612712101	0.7917987372137248	0.7316668711948171	1.1549394364355103	-0.020950840482639375	0.057766340948762165	-0.30961488178284724	-1.0405148289928199	0.08935285602095312	0.01669836303576547	-0.27076736301124976	0.3057629223549035	-0.5835358154430151	0.44860723898753296	0.39726238938962766	0.553382168712557	-0.7105739895423506	0.4829360782744311
DTXSID1044435	1.0847574003211922	1.0793833896601954	-0.5827382295244201	-0.33390919790702517	-0.3874303135067532	-1.9515381424269995	0.029305089348910594	1.5055687270607327	-0.5322893976555374	1.8806361015412008	-0.269514178435576	-0.30010540021320486	-1.4273757198543482	3.7323874670139108	0.6169394097037927	-0.5970900709808519	-1.3379480978253129	-0.19401960268686708	-0.13434911807501468	-0.5954419043920641	-0.17714150877023874	-0.14074108693886103	1.1149318220255802	-0.132522467931871	-0.5438880341954808	0.3827729452836765	-0.5316965756235871	0.33463474397570697	-0.5200257449686907	-1.2436646168481116	-1.1530116186895412	0.4929446257624421	1.5026593262201862	-0.12319435500952945	-0.8577136194671006	-0.4350892523397232	-0.81996209792917	0.07183090701686093	-1.1429252984623797	1.2617757491061379	0.8974083384323421	-0.008677659287414432	0.6595658516592108	-1.007232335442953	-0.0232165867000821	0.44783953881124855	-0.12275666773424779	0.8797749395881901	0.2963886629665016	-0.42110418290908463	-0.5206353736914202	-0.22424780015811546	0.5080586794488156	0.006957160378845489	-0.010423464355918798	0.894485542673567	0.1321827066869291	1.4230697788973454	-1.086722103887902	-0.7711975334418198	-0.07962553443696498	-1.0348683377875816	0.1814118772836014	0.4837193524145502	0.19212173064625576	-0.7682976295439382	-0.1479836009500302	-0.9780957248011395	-0.37082245531045377	0.08601312833591666	1.8779136410038768	0.8197732414503344	-1.3193106682374764	-1.7313895910307824	-0.6347583538964172	-0.10049517046734129	0.18373334970669444	-0.5534301081938781	0.4060573192317061	-0.3529993239253021	0.44650055819530093	0.12550335326275253	-0.43061527709690306	0.19665769229106222	0.38428298090951646	0.5526452403814457	0.4242504048994879	0.3622085097588667	-0.6350025066734272	0.7772086306660642	0.42106004030782446	0.1804723709075152	-0.242177541284734	0.4322149966716396	0.4643755240961036	0.19300622198494888	0.01527507124991667	0.3025196050492162	0.24666517186922027	0.28895391787327573
DTXSID4025082	9.515340828505662	3.167115574648067	6.162923183712785	-6.9653857073995225	0.07203715699144068	-5.9064586748239885	-0.7758380961463012	1.1547804127717103	-0.20811881580880726	-1.6040155922468984	0.6206890961771298	1.5098313662339253	1.1554099122309398	0.5728073225716688	-4.35693675037255	-1.3468771633125978	0.2877692278137749	-2.1903253677360386	1.0456785953453431	0.12435847343643797	0.38988449129279107	0.641188757771014	-0.1585796684308605	0.27047746160855607	-1.6191223354403759	-0.43211863204362544	-0.5270758620122802	-0.3776844905389546	0.6932561715678319	0.20432382748395464	0.4376910212462913	-1.1831730399127942	-0.46437980547989927	-0.7503300166842233	-0.9242415966372086	0.7836972294968323	-0.8101055672393842	0.5876457533386	-0.019875921263589676	0.29540573734949904	-0.3873670470832333	-0.01811400743740308	-0.5881693903724328	-0.43273098271743476	0.1002533398698462	0.10712637042850125	0.08257351638958471	0.6670029618466495	-0.43890403411509893	0.13304946458749387	-0.3693100687361576	0.19486742031391538	-0.3358307546404263	-0.14307282410934768	-0.08200389122423173	0.3193103891629144	-0.1918543468342626	0.12258593837537872	-0.404315391266191	-0.08656248030493865	0.9002449875599134	-0.3427492275818612	0.46121817310774543	0.2617275014471622	0.4796640969789822	-1.0654629713839898	-0.1671672081031715	-0.141046439414241	0.7989364454630562	-0.1675845338645413	0.5767902892294424	0.4288705998762798	-0.15234011800683453	0.14952836982364606	-1.3235207646978713	0.24737384773265034	0.2794425903480404	-0.8585481692592278	-0.3184486276299703	-0.1726319876494204	-0.005337046484257136	1.0412506254303509	-0.5307651609096542	0.18748882963577265	-0.7807698182166403	-0.6346205970984469	0.6319481384217691	0.02259427067213309	-0.10408262402095224	-0.49982888720367263	-1.0297280767530654	0.858722030139886	-1.2553883719681893	-0.3520050325566461	0.1981676173282811	0.2543674733283162	-0.8172919343496683	0.13542712148449035	-0.9974533486492342	-0.7657083480106921
DTXSID9044661	4.175078250527881	5.587219042125551	0.3232551263756614	2.3603212251147756	-3.0048471903012515	-1.2186431109227605	1.8667826172215058	-3.1998751292997154	-1.1576053013144973	-1.670172161391088	-3.0360678500438674	-0.8762081257191624	4.44105253159983	-0.8166356797062512	0.934510356919479	-0.23369624496089397	-1.7200167651073992	0.08254183445843465	-0.4429033159869999	-0.37884934994527486	-1.82698949386212	0.3637332089928645	0.45554595278433674	-1.7140521537744624	0.6345345140576113	1.3663486814719537	-0.39446588419354633	0.34436738070859546	0.24544722136813577	-1.2387225280681105	-1.1847707792443496	0.4444775905891775	-0.12204008155468794	0.5646073094359536	-0.4773026989362155	-0.6159711464464149	0.2161977956977226	0.4952098181339364	-1.173574299208577	-1.3600917685173382	0.5981364818386341	0.5071279163662987	-1.0963809471005472	-1.1185348894910443	0.27864975023104055	0.6226963643231181	-0.7771784528576318	-0.7096085173778	0.0919697989865018	-0.7212257740379553	-0.05990120494575564	-0.04206379057261173	0.040524308041498786	0.2766666190362973	-0.25625216333585626	-0.16295924581627239	0.6061730648654841	1.389155310964837	0.029862156618280573	0.3198555402007981	-0.5220823189579157	1.026655057833059	-0.5114555293387926	-0.02828989229397855	-0.4992747307890831	-0.34808211110332826	-0.7035948292692488	-0.8912173927402699	1.3186646664964978	0.681712421155254	0.6572958261170837	-1.5764817706551384	1.5804714463059424	-0.5535412660421355	-0.8906228900912478	0.3860780543584075	0.3794568279961763	0.8494278208066266	1.7762843973955682	-1.5068853550100785	-1.0241720194749173	-0.0806479614913196	-0.9551702942835408	-0.25723184720526454	0.23409491387770937	-0.33165866585058645	0.040808709795435924	0.6517062672937518	0.012224646115853121	0.6137049426290784	0.05955572948090215	0.19636128950240778	-0.26787346977991466	0.3539097457825311	-0.058476104689328665	-0.8351333050328885	1.157303436783884	-0.03456887390966052	0.08677930323934865	0.5857494337145601
DTXSID0044735	1.5389042915345474	-1.412269654277469	-4.627338138888139	-4.5159281096319654	0.6493795891981452	1.4130448312798618	-2.122308604845342	-3.092108422446279	-1.6070915021183405	0.13314049163823907	-2.6558702300089325	-3.1717467524941374	-5.324000894749567	-3.4480796331081773	1.1981482140101947	0.47991358987015753	1.2107619458008203	-0.8441386971793228	0.6418876634033267	-0.5062191549426855	0.37012712596004116	-0.6845707202267101	-0.05405059842766022	-0.4119429185646796	-0.4010432529358937	-0.1407470457837422	0.8573031426707663	-0.7305737821981694	0.8391628960193519	0.019590222023901947	0.1745463305177693	-0.7582840874556369	-0.129437585363855	-0.7808313357145904	0.6292506221941937	0.11744359099117463	0.3314111246060009	0.19388040339386808	0.27570599717715505	0.5828559963494956	0.1135720131750491	-0.639224510771836	0.9291720487542133	0.2070226179650484	0.03454756918525696	0.302287942678534	-0.6253899272184162	0.40954200771754373	0.504138635350534	0.6154186188575429	0.08506081579939147	0.20001092281390806	0.49564374337006945	0.0607838017499512	0.3953648775660713	0.24308489818979737	0.48727315603853805	-0.37743713231205983	0.4365209830107011	0.5819604891252289	-0.6908164212122793	0.017593322303701173	0.15038489704959562	0.4790538920080886	0.28790083117303705	-1.013278217371688	0.19022814696269477	-0.23802378767010549	0.15128613751021144	-0.832019520917176	0.8986296305194321	-0.9517092334369439	-0.35276680065297933	-0.4666654127562742	-0.14182783386767828	0.30326098308687804	1.2656972308314773	-0.6162896083836477	0.39971619595801827	0.6116356680604162	-0.5246127596273236	-0.059323415078941864	0.3762533035890097	0.043211968420056895	1.2268436843968331	0.11198880384789278	-0.7857604199743169	0.6550902303352049	0.09176449320553953	0.6286362954751494	0.194565728357556	0.07570837814418703	-0.8446876071586897	1.0415351282879084	0.9227610411970877	0.3264449699773478	0.2337155215548375	0.2902461728871757	0.5396865812225877	0.12999852635881443
DTXSID7045368	-0.3793734626301796	0.34412938754631084	-0.5645948674150087	0.5041309264477597	1.345856843400568	-2.1421425710071142	-0.7658856236340422	0.8109961285562379	0.7413074748923997	-0.42777919626018834	-1.6118593870387194	-0.25073659745709187	0.7057673587436569	0.5720155170560471	0.3206808524842092	0.28650616761034037	0.8067487188315531	0.5435315599014287	0.1891424165778096	-0.2991757347497482	0.5428485129492617	-1.0128801924137754	0.35679759390712934	0.9522293797880677	-0.8791232213367108	2.3412853424347686	-1.1303803348612007	-0.5295836718300971	5.20184907316456	2.5137567978957267	-1.2540305141302168	0.29220584272135847	0.39928386486687234	0.2675603740437433	0.2061509803615454	-1.6408161018460345	-0.15946899984523666	-0.2590526190625368	0.8522701140645336	0.10826858664107672	-0.01101909682796954	0.8181968585818244	0.6516395185393576	0.5313638332044335	-0.28906679890223763	-0.10850496052021741	-0.4929695599575373	-0.20532452174417404	0.09331654988503944	0.7857125471473786	0.252758403899372	0.0060642630481709614	0.4143108787922191	-0.0561477576522339	-0.2585673831509565	0.7895846790181278	0.3712674288238292	-0.21925383245407107	0.11841197708213855	-0.04544750694065351	0.09630854440916803	-0.2054352508960648	-0.2226986472681874	-0.8484104189331987	0.2967872943744605	0.4688326790613777	-0.1500883416830225	-0.4659008942505069	0.07720095087120012	0.5498229205350313	0.2304826099105155	-0.839141772808441	-0.9244699800335345	2.7646490773351453	-0.4249266134372492	-0.3036360222645078	-2.354019546605905	-0.9106970914671144	3.412767227261172	2.2554894878410363	-0.5268588357142714	-2.3588007287745643	-1.614685009527721	2.9998757119333432	0.4298727099697738	-0.8804519085133062	1.1189078082302188	0.06084949296778522	-0.3025100690629558	-0.6631777979324334	-0.8464593243275397	-0.6618862965479466	0.13846245748603397	-0.40115271195454255	-0.016859118983430565	-0.058352144637648824	-0.4383053188001658	-0.47499374570469943	0.5882753754863271	-0.33651834454171176
DTXSID6024466	-4.113735876658913	-0.23529000528307703	-2.340291583342028	1.2111060220003844	0.4764937171563241	-0.5338231717254488	-2.161351088061594	-0.8025780097454106	-0.9333733837717676	2.027883119185986	3.030967518883711	-1.7203135185419056	0.48581705406194686	0.8955064728666492	0.29920412488744225	-2.659927736622821	0.755942970654212	-0.08479731050966703	0.24015129288805023	0.8550101787644447	0.5784832321759409	0.15719412525807394	-0.4253086930255594	0.42186519512025433	-0.2877730760495844	-0.4893963055493108	-0.42780449000685433	0.1583900759912757	-0.060690113090560924	0.26840546410963995	0.471525562539098	0.27307725124980203	0.32361581241493526	-1.2757325366484882	-0.924703641345544	1.2240313684852682	-0.679311552965026	0.2882553010212156	-1.0441788619337946	-0.025820957860413225	0.5292993508467935	-0.2582374021392235	1.505397767170739	-0.3349908566669904	-0.18042443790079452	-0.10431823822594855	-0.3609552560538753	1.114628708190227	-0.3057014534379059	-0.2738418933797044	-0.060198199322675096	0.596858876805035	0.09924427534604582	0.5002389589635939	0.015013398614836687	0.5218233137088694	-0.5366649854720498	0.9755151706473738	0.14292615492872615	-0.28098030701972493	1.1086421736911116	0.8092612930139326	-0.5255913499763547	0.026881927749456094	0.46414721128079006	0.044965572769432	0.2920022846276714	-0.2746316794423917	-0.5811935037017202	0.21605959618950515	-0.24187123810419597	-0.3402903424135878	0.021951104182544343	-0.2912265337776803	0.24984768511935634	-0.11644559917626952	-0.6803758647647158	-0.17395007719276684	-0.0517129245220431	-0.09743924722298151	0.317868173526734	-0.3719053204002135	0.2527812985587926	-0.2871513971518212	0.17350091481560748	0.09853003283744523	-0.011034479713641647	-0.010767422068762947	0.029149793118102823	-0.02330592529988864	-0.08004028704132019	-0.3951428399579361	-0.2831930898367246	-0.23925128486365438	0.023008035507311266	-0.3317703544687979	0.10383577327280216	-0.04452311902114292	0.005705428684163187	0.20064365967250725
DTXSID5044526	-0.1017690693099668	0.4749354127158241	-0.3285428580810041	1.2489459865739327	3.1209742959174793	-1.0387632950676475	-2.0946017772395678	1.0585779996507565	0.1703123620971774	-0.7092295567435546	-1.48268618850099	-0.4866192201499015	-0.2597071454407762	2.07516866650618	-0.664667331749417	0.8309470088898521	-0.4127564964000287	0.4764343379257866	-0.8294331837006018	0.728421721273276	0.6285253580547691	-0.49101766305896316	0.08500832939191164	0.2851146163398145	0.14247073110399003	0.6371797016277639	1.5289990526397885	-1.0084133882649666	-0.2544949379696967	0.9003684706872003	0.6686243102247307	0.23356107864485415	0.7960910122517462	0.11084057614566395	1.0690774836376251	1.177732841708743	0.27432610702090915	-0.03267491890160728	-0.03298241653422558	-0.3416752617066757	1.001412217764979	0.4704983386555834	-0.4442932328313547	-0.7669456331089518	0.06435890164810722	0.42526187956523565	-0.2684851009257998	0.604373251934278	-0.17877339273404255	0.3649822494336182	-0.044864629707192176	0.29928285177455366	0.08887690311938085	0.3460194926981612	0.1335478363279976	0.14043549476840395	0.7258643852411236	0.28549025943543144	-0.3552350349313093	0.6566012949231826	-0.5656486760570275	-0.1666744889362398	-0.08134513346521212	-0.62307695525119	-0.45198126700235386	-0.11559488464207705	-0.020123681200536696	0.24960595244828596	-0.04349378791461004	0.2664241751859443	-0.19940040338028023	0.24217533382018938	-0.8947643005384329	0.7544259427843414	-0.12428634304957739	0.22234320527094298	-0.928309180116898	0.6169334788562706	-0.23315454774397415	-1.2242815527200377	-0.9362430739529475	0.020105053470597458	-0.19743867028641363	0.9134214694061134	0.18166388564883737	0.5734343162587585	0.39100997319719083	-0.3412044831633147	-0.38109391027348993	-0.42873016591187885	0.5546448194529852	-1.4449304232645255	-0.27800848834732694	0.3695088479394605	-0.27280337744980604	0.1406549114264489	0.32891374648398924	-0.042668637480663796	0.5353554166374114	-0.02242148615157722
DTXSID7044718	9.809105626886204	6.846490112952325	-4.363338158407859	-2.0454185234876485	-1.4003210352081998	-0.22619934342228154	-1.737012799358316	-4.143779672167706	-1.92899088182075	-0.32962149921115647	-3.957460892732295	0.1721030046559565	-2.812099157389324	2.7451890623491226	3.030040194655914	0.6086915213710189	1.5320660961088628	-1.8029826891926404	2.053172231109201	-0.8077707377711866	-2.103675605432987	-1.475640978349759	-2.7209754630346157	0.5445566475195	-3.9169800695595662	-0.05261548897821336	0.6736829846522737	0.4694281252040119	1.4504092032062157	0.6123249494723157	2.3964755107051197	3.970845151655083	1.4932936977582882	-0.49688216616312164	-1.1128292114378862	5.293007233210602	1.7676036444511793	-4.9305232911089405	-0.45774566497278113	1.7490356942378258	-0.0890800982900517	-1.3265861651796174	-2.6629625150644567	-1.325922298102657	-3.532152956437587	-0.9042444683338522	0.44206531760098805	-0.3996091210751214	1.1574191892928578	-1.7367484891400102	-0.6562930909044072	-0.6730210670231995	-3.3474129948232494	-0.6938403449336212	2.4956101508230146	-3.244481185728664	-2.0077109832683004	-0.9306808801719507	0.3701637652856505	-0.6779323219018372	1.0883394919724152	-1.4273856287947448	-0.5341399672667506	-2.1143862371383357	-3.4283074884531706	5.010296346722321	-1.2561245048451488	0.09562796006254841	-1.2034402485848439	-2.5372250302221	0.8154100066168456	3.57534867062033	0.27912116129320635	2.164105096155527	-0.16825858987887687	-0.2810272157542654	-0.8581701453839499	0.44180592950242253	-1.2976056614477336	0.42182481434687213	0.10633933296432536	0.03129289255638606	-0.1527255432488668	0.943135030221716	-0.5501022590847842	-0.2877183604394671	-0.2584809158734779	0.37657302118105695	0.5004388258473242	0.37792959250355046	0.7335967647502132	1.1839165765615534	0.23930871060578537	-0.8553801146900798	-0.16795025688750592	0.16275019103912566	-0.4565689971463102	-0.7725125162074793	0.25700845800062083	0.3789531483024029
DTXSID6023367	-5.417930925704641	-1.524559168101107	-1.090170261660305	1.9949685130865233	-0.113132713811533	-0.47136762552357075	1.6513957650292264	-0.8972103441880256	-0.69530936471686	-1.5331112226940204	0.42863938325803613	-0.08903032556270096	-0.04054642110745446	0.07533631547719599	-0.16264929916248858	-0.09544569033117674	0.00018476868674700839	0.15350418176117217	-1.0013621507839576	0.20360626168385232	-1.0591094547898083	-0.885989336966239	1.155454268508684	0.29721353364925845	0.15960251299592465	-1.1756464994475444	-0.2511023846869101	0.12747225672434004	0.8887987314365267	-0.8119932793179874	1.6125245779255235	-0.8769403795156071	-0.564256199749494	-0.4639050060101388	-0.20380090722024685	-0.4794689686307616	0.048615660654745325	0.5192046243524661	-0.9379337918695031	0.5001202309699958	0.44321328677787397	0.0297710678594284	0.5648656856800212	1.2616600681049708	-0.8780507144758243	-0.05884820395469974	0.2500654066864303	-0.5894934323260224	0.4034660026221392	0.5060895952939319	0.18496319264081915	-0.29312966465781	-0.16858041925778183	-0.26218736979147167	-0.5797196980734569	-0.6794343136933203	0.6289784874047315	-0.5463950083906363	-0.3751218330753657	-0.6557447987772926	-0.09308455291213871	-0.4495509105229775	0.482176016730829	-0.281510323593138	-0.45701291201264443	0.24795427376779913	0.11934760052530637	0.013545462864477867	0.08546642479631147	-0.5247369130828458	-0.3685423793824139	0.29163375400227753	-0.2911692499810079	0.09907600108604508	-0.04165974185766955	-0.3593565969243818	0.07035470957382108	-0.019033321792572666	-0.21070600928145694	-0.4755791888756641	-0.37903176709339464	-0.2458205745546682	-0.4192400753792239	0.2639520445175063	0.16481761153299132	0.30642864183064583	0.22358986474697667	0.37522888816699795	-0.01127705354833065	-0.45120337414494566	-0.01816719789652935	-0.4623449955469301	0.22293876874543012	-0.11530174483764002	-0.28566232936218156	-0.2731304104756424	-0.046244586348528585	-0.20331273032729222	-0.2720038865733665	0.22283176653980344
DTXSID2020260	12.047606362928835	-3.9372885823877453	8.849523739245988	4.555569960607748	1.0824779398839388	2.7718054672539423	0.37803364208783324	-1.9209133105924239	-2.3854530015796094	4.1832894374774	2.2407049563197443	-1.0310993165957278	2.2234478055628113	-1.3929069303967792	2.998761572065221	-1.097522287620432	0.831503691092879	1.3717687582811755	1.8673650706135199	-1.4495359061698139	-0.4383345338651628	0.15772689945588494	-2.8850871714910995	0.8461571305392513	-0.8591122711109611	-0.2960285278506787	-1.7347821402749974	0.6081473515108391	0.5676385544892285	-0.9222324610406542	-0.18829883974952014	-0.2785329916912012	-1.2346759302303711	-0.404785036162089	0.5545704083006376	0.8785559452867523	-0.33646209408098565	0.7665267473051711	0.8736027134811747	0.8163239498407546	-0.7625694259750289	0.705629054238214	-0.6691971493262886	0.7428722302345604	-0.3933137600226966	0.4122061956218219	-0.058087846849420664	-0.4982062597128177	0.5596511103769907	-0.0733311680949865	-0.0028098482431145105	-0.03471641876343059	-0.31677779194120803	-0.1632621177696901	-0.6337381454479806	-0.3662555008386434	-0.5251065813941509	-0.7720234862865051	-0.44180484396899034	0.6501463739357991	-0.6976508548140107	-0.6210338790627931	0.7337172838901479	-1.5659221117891688	0.23538277253825368	-0.937620090924882	-0.8351277239291428	0.11251739842168684	-0.7207973049598027	-1.144566157554351	0.04435706292875652	-0.10481511013474297	-1.123299543176815	0.43326989495734003	-0.22386584674540094	0.198262857585245	0.8458147008103853	0.6964420561411804	-0.24449263042346878	-0.44010837733277336	0.834654391688994	-0.9217614221378777	-0.7373810062813799	-0.14185079949831142	0.1777286599778254	0.5431694482216805	-0.6133351874392422	-0.3007845326345589	-1.0802459112677203	0.49876182040316297	-0.17552839304838525	0.2807971144012918	-0.3300110436032441	-0.01250503495476328	0.2081917249473676	-0.34890963291906507	-0.10160666368482128	0.09088247812772482	-0.6072400465048391	-0.21254053934852069
DTXSID2022549	2.2862508838382913	1.8357818510676318	-1.5473968695228848	-1.1929550252189358	2.097202221684004	2.22225382884361	-1.0643680292444822	4.5501352292130735	-2.316000052585656	0.9781815921648379	1.508488355591097	-1.1411975699194918	1.3766132336002328	-1.0440926963472168	1.842808742983666	-1.4013989151901698	0.6483121765882589	0.04049466514889991	-0.5982339996968982	-1.1276123233748951	0.8707038999315981	-0.7155092636909841	0.7394772042930439	0.09050799114478006	0.2967984046333692	-0.6762571478831739	-1.1143148255468593	0.2988753365062733	-0.6526789954225802	0.6419434473209322	-0.9744058831407202	0.027039196190047594	0.5352177007535024	-1.0397793481568431	0.4121112827338596	1.9449929456590593	-0.48172033095999983	-0.26104328213380756	-0.7926170858491842	-0.4726724833979102	0.48696810222854847	0.42238669620716623	1.3160842878045371	0.047495656487708045	0.21453782123612244	-0.5470497224479941	-0.8514876598663833	1.1968825076319762	-0.01187546369512721	0.20037077464661107	0.41029027474870694	0.6934898301412071	0.7688431189598347	0.5743211293245215	0.4047940488375704	0.39909924413916475	-0.1099745655536228	1.0648161752228749	1.1234008812262188	0.6319490230381811	0.5547012168189352	1.0498227130154976	-1.2322329125067872	-0.7611133159694632	0.31608899565934007	0.44941130906563287	0.8219226168891294	0.4761890261934304	-0.4727868070141825	1.554738219769827	-1.3595680478534635	0.33639267077570484	-0.9537856364521367	1.205540107162058	0.5501232644133869	-0.6389437780605153	-2.4703926615300955	0.3691456430984052	-1.8306871964480642	-0.278539456692768	-0.5628492957574077	-2.347191477536813	-1.0292413425690863	-1.541192699803419	0.3594092801666603	1.6271221935091928	0.1450293934394323	-1.579895457441019	-0.7973388180607317	0.39299299156954737	0.9235435838133176	0.31089970376860204	0.2509339429529992	-1.5472023856914054	2.6886154270742817	0.4576729577882636	0.6810282417205639	1.0903057452175748	-0.3884196134100455	-0.4495011365283499
DTXSID6020438	-7.159263064702848	-2.520908146531472	0.2161070664488551	-2.069167978267851	-1.8648351308255564	2.640625701593115	-0.23392656219146057	2.4319744231607765	-0.4689492762883289	0.5973140131710732	-0.061802026566441695	0.07104512007105379	0.19636059983240062	-0.22977810743781552	-0.3784771275243559	0.40417214843740673	-1.2670392022843706	-0.26456363747210304	-0.012320045952762348	0.3325280198449508	-0.3754328053297277	0.3071535711917973	-0.7151713466844206	-0.6419300451618359	0.27679308180422757	0.8816493579806995	0.1557873308080889	1.2927237635249547	0.37798559301341644	-0.5498794198632401	-0.15849444550606476	0.28429150638405737	0.37185194614385814	-0.06585935698500996	1.1425920474728175	0.5576251204685392	0.29669819049271506	-0.5645133396319452	-0.19770211530235418	0.4004011868996363	0.2662332222609124	-0.8880296374125413	0.0938687348669779	0.3174253722860452	-0.12334276029574473	0.19637070760251385	0.37560197163257864	-0.11562258682598509	0.2864310052016537	-0.3648178561091137	0.003252978350567493	-0.21485632203480964	0.2694028694491365	-0.07945482401395332	0.17027411627513875	-0.16331422768464574	-0.509431868445416	0.28765349607152274	0.1152921482242778	-0.5719364868618331	-0.5842668140878897	-0.024658093571928257	0.26735547435008544	0.9560943516579291	-0.6594102006796068	0.23820617869930436	0.5133656173335849	0.11856254125746692	-0.6276712114683611	0.1825062034307529	0.3608392224628113	0.14883619994688604	-0.1381135846488167	-0.8573597097934209	0.053510307661970735	1.1360045902501827	-0.3698328215987709	-0.044444361152596895	0.9634174824186628	-0.8446092445419946	0.7045845571499332	-0.42805541096709926	0.20531958386361343	-0.1750632793809194	-0.14055314413919592	-0.6855626621736699	0.13143457672163983	0.24348227913433432	-0.4407533262188749	0.38180462332973075	0.07512201808980622	0.3482370133716414	-0.9215866706928897	-0.10609227083047496	-0.13302798831545704	0.055043100204153365	-0.027765004737383376	-0.01433519927279038	0.05126310927022828	-0.021655366616499895
DTXSID4058655	3.983600801077375	7.064555410013921	-1.9156083794119179	1.0031959711204717	-2.70705539068398	0.347589688346818	-3.8528813112147087	-3.5625588342861616	-0.21069776875431287	-2.304367948115229	-4.402441598827401	-1.0000114000832934	2.5942692296407572	-0.029170781535234624	-0.3162857190027845	-0.9502425115664632	1.1532242139887912	1.3602919197188006	-2.0444556564050007	0.45583995515953596	1.9929287738259955	-0.04491867699292413	-1.8068486768364846	0.229920661944165	1.7242326678672886	1.4317619555959493	1.3295595596814436	-0.9469037497407511	-0.7275342075584238	0.005345369830724145	-1.1488844829736968	-1.5095000758588042	-2.056078633974715	0.7998951488854448	-2.155684260878281	-0.6880880570576593	0.2197597866332911	-0.7747123002148071	-0.1405184244769912	2.422311495807913	2.280591643149446	-1.2447408401363165	0.11712389684126466	3.0296326710043724	1.1853742832404983	-2.012141034816156	3.599105094209714	-2.0995057611435675	0.6987683403111133	-0.46229567940845695	0.5402504810152027	2.3801226474011608	1.0628802823541694	-1.6440308974612603	0.35750550843866413	4.0808139146994815	0.1694015467969011	2.1094633099795166	-2.0125143307593603	2.130432966097859	-1.8417855964762688	0.3670845695667957	-2.0370464692074255	-2.1664191004000757	-0.09444637781050398	0.4568564666889498	-0.3421700574775187	-0.23576259704630323	-0.4044728306912231	-1.0537069966034986	-0.11438466373701633	-0.21904509569548136	0.007646371394134959	1.1034062232446737	-0.9716758409485434	0.3846473277702467	0.13265438629341855	0.10847982082405874	-0.30690589651708916	-0.7248051864687503	-0.6209720171770493	0.4972870595639353	0.44699729324606313	1.1514978893234116	-0.189486670372841	-0.5103198316612503	-1.1054997775134996	-0.08264770650020534	-0.5745585888667487	0.686511493463435	-0.5328193883014444	0.028186177192821252	-0.4021607023047033	-0.2676218221542351	-0.42928342951726317	-0.8064181350109927	0.6411551073462598	-0.1177203556870054	0.10891353704475634	0.618351415940674
DTXSID7046831	-1.057168815108139	-5.658337834942342	-4.671223847783755	-3.179907351340219	3.1192332133470355	-1.119060313635903	-5.0295107488154445	-1.0580126912326175	-4.981713204121339	-0.14174716406993443	3.379536861881276	-4.633500471064244	-1.3792191994100977	-2.7654188265104684	4.333683096089777	-0.257433873434096	-0.24217715179632734	-1.0224900054869952	1.6546342501397597	-0.20668646183842668	-1.2635856925102953	-0.053092947487624685	0.9542003568131383	-0.4084981523989809	-0.9225833550473164	0.2530546448235909	1.3764555853982214	-1.240213830651266	0.20715550430583735	0.8024411066340905	0.21748952958107706	-0.34960563621585916	0.8731215986536258	0.0426599491717742	1.322515248815606	-0.15621885344292785	0.09040868644917696	0.4336460060673498	0.5704039437172616	0.2529080533588411	-0.4908415924659394	-0.028597494175936884	-0.9216053791557188	0.6679023432232547	0.1046103189597543	0.5397119655540091	0.415713269904914	-0.7122615919397979	0.3029356917535371	0.44759478647691203	0.23125887226975086	-0.19891200243447751	0.5562835416404979	-0.03691372219862202	0.4942206434660956	-0.15178897781051873	0.3151249942815502	-0.964490009576093	-0.5370350058034673	1.204715597622112	-1.1504507060107974	-0.9019485486008444	0.2937690148339948	0.10141024620797666	0.16543821932015748	-1.1946507541831661	-1.6432290465574353	0.6998730160156241	0.4242856036450028	0.3251272044959038	0.27092189377701703	-0.9182492941817921	0.4450230300316804	-0.775311192383761	0.43851462542696185	0.4572665548808594	1.0403067420510546	-0.02986248512073144	-0.3551670362607265	0.14169483132762567	0.31519017101552105	0.3990693305458636	-0.34293072151835996	0.04931951643314239	-0.2556588498701997	0.6318981709276014	1.0808480199659045	-0.9233598497395077	-0.6843486370325585	-0.29259406875831	-0.3450437803659699	1.2010524161637708	-0.1701014521719061	-0.2842329221293946	-0.8536775783103308	0.10444936598970925	-0.026129850988836214	-0.7363074950019562	-0.028808758906054353	1.042128218004339
DTXSID5024471	-2.498846525857269	0.22987598582311194	-4.138375092347824	1.6683572839698733	-0.07168007990206662	1.377212969886818	-2.3529253816308158	-2.5557832384655663	-2.514890600677678	2.334452492308483	-3.3947145753611023	4.193035950077023	3.3206796773424734	0.07101594742251548	-0.025365071795505355	-2.7168585385811173	-1.9797263826236817	-0.9899441627371082	0.4417587118595906	0.27011417646150176	-0.0036835881973919303	1.1126046162369936	1.3602528870201216	-0.38561497391887944	-0.2862365911447076	0.34598695974154653	0.22682763828058344	-0.553693742934434	-0.5177781386567156	-0.03670968458608504	-0.7357064156453469	0.5869512434753592	0.25811787963731153	-0.0386318460394247	-0.5691078201361075	-0.5276296716776773	-0.6217192757006627	0.43951012819088736	-0.13320163631458723	-0.031094174412822036	-0.5201113553205735	0.3852877210202121	0.5641869193235992	-0.21348108323049053	0.5888817731743174	-0.5240627710521489	-0.007678865192502161	-0.2779916037200277	-0.36484030469476114	0.16815438970809446	-0.08111338741191595	-0.14979844401468526	0.3275263903378384	-0.02643291096706272	-0.5097310624913255	0.5182780359525472	0.4951090216712605	-0.30189045885213717	-0.06511166575870943	0.2976910362272116	0.6909266721717575	-0.2612002118546818	-0.15401130084420314	0.15533745202902807	0.5967033151605996	-0.03227163661494363	0.45518905277450317	-0.642137684736001	1.287183901800685	0.05253767339014422	-0.1888890055199528	-0.22376595767113439	0.17299021653063956	-0.18269762964874045	-0.951057017435175	-0.769904495411707	0.08157390300184594	-0.09792356192504385	-0.29318517765142876	0.1342478416128318	-0.24117874806441245	0.28573365089562147	-0.505148197913433	-0.29430478614156524	0.5632845631017925	-0.4742009220966437	-0.9686906108975597	0.7258440960766658	-1.4628419034047653	-1.4889028719171238	-0.8453772879856706	-0.5940785107765224	0.2148207864470447	-0.752047253163415	-0.5125576552359169	0.19733718144131443	0.027129515019359667	-0.08462020360602375	0.23011853925327316	0.3806620043053398
DTXSID00192353	8.228309129202774	-1.618034516747887	-7.8618552813486495	-17.10993262551247	5.166501945842239	15.166378455646605	1.656889304192595	-7.170531831341062	11.72248901351903	-0.12085829576846802	4.928157765247835	-0.35942340447166343	4.829456999635607	8.665463111534898	0.04722786997139308	2.9860202857154508	-3.089843606625726	0.10845405615107936	3.9719326662037338	-2.0506148049784874	-2.6290557394530962	1.672549130515354	2.7342980163793356	-0.5206859062495913	0.4479418319742489	0.29548095258176393	-1.4220658551361585	-0.8544433544281687	0.6215019362277419	-0.49521294787109904	1.6378514971737075	-1.523709445583183	-0.8897951369460927	0.6207836738993184	-0.3921763087160523	0.058688508111398786	0.44536824863885127	0.8595201368566935	0.17172414876915382	0.8817208960202471	0.6270083476679648	0.274548038935408	-0.4682194653580743	0.430526726934089	-0.389770990529464	0.741993392143647	-0.9238184154243306	-0.43546838120226905	-0.731458917613647	0.4302772331084686	0.0737534323486498	0.14967404850669033	-0.46311331800849753	0.29482763813754354	0.06854699875669483	0.5768261288442198	0.8849238311309656	1.454990244601803	-1.4067906723851036	0.3373754415846938	0.42907403412999284	1.681155196844365	-0.7562209054086484	-0.6974659101532728	0.11636083417984576	-0.5002788461716705	0.3314460693605537	-0.6781191555868448	-0.25087338159899975	-1.466174331742802	-1.066689233903373	-0.044722782800636754	-0.7657809027029671	0.4299636400681832	1.1101352665924913	-1.0495386916932545	0.22243729298044768	1.2369738495721365	0.8527838282045366	-0.2500421354414253	-0.9944409421596238	0.7543243277802824	0.6989393278099361	0.9502146590289318	-0.3283665991484678	-0.9062641920812436	-0.3277877488614989	-0.6540552989949887	0.6925839079461751	0.3883314083550211	-0.7042516803136022	0.013699314746271453	1.1244959967203643	-1.4022457064839702	0.17377470817507676	0.5090364902847406	-0.6121115217919894	0.25560221941958056	0.13582720824690353	-0.3198776728886136
DTXSID8032627	3.3193209550764777	-0.3364193307548339	4.785534821704956	-2.3370665582147074	0.2500638019439487	-2.7254518535493917	0.051926061227483056	-0.04877077862303304	-0.5873839794184248	-0.6973121723375689	-0.8117207142553987	0.4603808071591609	-0.449894893437453	2.1798772637438284	-0.03605151382078301	-0.24066495890383283	0.7741827793747644	-0.09279604529362855	0.7890981459311426	-1.7396300784297734	-0.22498076181468632	-0.7370276722091762	1.055064638533513	0.18487891201717555	0.2515491079069962	-0.9085131424273813	-0.04976502503818583	-0.28652627547165177	0.019994327921891958	0.0971918696150076	-0.6008069794464169	0.49158896633325805	1.2756706427012472	0.5072329819907813	-1.2952025499711346	-0.07638328369075299	0.49917427484500615	-1.2246129849392964	-0.8741726183687147	-0.7545287275072049	0.021383912455285783	-0.4088852126159976	0.06482138640921667	0.6113831317550218	-0.4993408988387708	-0.8222237319280153	-0.5993013518515704	-0.8316311509988795	-0.14217659436311897	-0.38412777150725924	0.05908760619728389	-0.850260693464946	0.10424868775333954	-0.03063262930211903	0.5207369688905499	-0.24500204749604862	0.20609414608756801	0.1463312333209839	0.8189242945300566	-0.006954724852433334	-0.304327471326814	0.872626645409307	-0.1129381134028898	-0.1811692300358294	-1.0674030149325835	-0.28153235836652835	0.7852067108082615	-0.6310297006633621	0.9383478681321925	0.041947834255056875	-0.45998610286792496	-0.6658019821285341	1.1920991039212947	0.030865942547656715	0.9152022437433764	-0.994220130473235	0.12568560515552848	-1.2230062082785444	0.060133119513350215	-0.2952630460592237	-0.2990729414886642	-0.2616588557390362	0.19017710002185376	-0.5332727970654879	-0.15251691599050668	0.1617443834381544	0.15002468859999502	-0.8433980891942876	-0.4010747550887628	0.35501771598283427	-0.30834430609782426	0.11008070037871244	0.0024380362921997676	-0.33408088734272967	0.02445274721490922	-0.19842651531767985	-0.2453896662624082	-0.5356844225267995	-0.3380579755183961	0.3835415558912078
DTXSID6020692	-0.38266729305713776	-5.547866867263828	-1.2836671754550575	1.9336737610134767	-3.7112210172956344	-0.6008721432421262	2.307735769549755	1.9932966042508662	4.250436526962636	-2.419206182478987	0.7255794869682972	1.5337788402230115	-1.2040524489046056	-2.81579145333689	1.7266725992143928	-0.6981718109938276	-2.1395039292329003	-1.5337781367169903	1.0757786526294983	4.470706243264392	-0.34166060111731517	3.0021312044293107	-2.430718241512399	-2.592944338829186	3.260297388280309	0.5602748544639756	1.0129214653652567	0.4808170233740215	0.41312399504770764	0.43579078816961664	1.2539142015556088	0.988207004113488	0.38750794306807596	-0.3904084166381644	-0.5091393521851746	1.2189373591265742	-1.216896638822461	-2.4721562168523787	-0.7276394784861383	1.7696717527153523	-0.0012112330314138658	-0.7190699649625717	-1.9614861954958882	-1.670457921281358	0.633475756682384	-0.7206790439784079	-0.3419112279646168	0.17512462487333424	0.4533810451198969	-0.12985614439545487	-0.40034423430455707	-1.660421064861438	-0.41261401660468916	-0.5686361025867092	1.0952423839404544	0.38630463011435495	-2.3861984153463003	0.9489564268760758	0.7517447277598595	-0.971525613569461	0.07956914775888325	0.02951612319983909	0.970833352251973	0.49043678792075673	-0.2431892383704879	-1.8145834193117463	-1.2063613811631604	-2.5887347711201283	1.5268878981596365	0.989533050531962	0.723509955634145	0.07535265925702672	-1.2546526718203612	0.5535366765436789	0.9888123374931479	1.0569198592919475	-0.148600197011824	1.4298166069896687	-0.10636044324011651	0.5833787228772085	-1.7987434528155444	2.1240338838073782	-0.8354031329592011	0.8915723060574935	2.2275752577438954	0.6966264677818124	-0.11089321452776421	-0.06050597760715908	0.12490666781442034	-2.0370792545043455	-0.49544631259759253	-0.46143953073618943	1.9972599000084827	-1.2309186086789432	2.200157377521254	-3.028037671850624	-0.6765351592048662	-0.8318132277041884	0.6501618805365147	-0.45854085241445275
DTXSID8041373	0.23790634448621817	-2.752562843320295	3.002209701847929	-0.6687301664778743	2.161710444521504	-1.7703529870105976	-1.1446540818021367	0.12112851555300017	0.04441208530760594	-3.2140116993392347	-0.5442046429845433	0.3726248265230805	-1.51413491108487	0.7888635914200058	-2.08519520941328	-1.673969086230289	0.7930431549137528	-3.4460219052063885	2.238015298712049	0.27419944843961547	0.5260083674528138	1.3649695880298274	2.367110900342762	-1.4670320111699133	0.5217566763734764	-0.8775387837334924	-1.9225338723138945	1.5733493466910908	-0.1476407825284717	-1.048794309067706	-2.4295160036915893	0.09070814363094425	1.0247063406709558	-2.186308960212657	-0.9830693614445624	-1.6548618356181124	-1.3435491920508809	0.14496704764909038	0.22933918501270198	-0.9040070907083846	0.9750456817641814	-0.06634143098503495	-0.646705996248212	-0.5522831434160099	1.194183716724951	0.9410208232640499	0.9815226296531633	-0.9093462642026543	-0.6413467996155954	-0.5300111962853503	-0.0549917278341886	-0.6661260015049864	0.4783149682194446	0.22957518275987973	-0.4557393061995155	-0.3920553578569498	0.7071786425101831	-1.2308041831388474	-0.018216434870059587	1.6104010501458603	-0.0015906671570370724	-0.6520933601395724	-0.7633634780999533	-0.6886824008193315	-0.8321213978900718	2.3423854087740708	-0.8416506234438367	0.02621916975476425	-0.9467416831978102	0.12697625267894175	-1.4967780256519765	-0.1493213082772784	-0.2691901108123275	0.34513809609650287	2.7909370819716357	0.48309790399263947	0.3721794341007547	0.6475525403115056	-0.35663705018851527	0.13414312533028058	0.15267292069604949	0.3882996509682382	-0.7111652369420365	0.8103786555882987	0.3842035003526821	-0.3320890204119093	-0.38869937292710965	1.0023170047829282	-0.281118975193827	-0.3269443299412567	0.03685704848161738	-0.03971828998656158	0.7852585713592114	-0.590054219115957	-0.05464857515678202	-0.6285488666447623	1.1319398738298296	0.27563057800590435	-0.5401495616871579	-0.34659816372529356
DTXSID7034250	2.248615599135584	2.207769582249539	-0.5558510307214035	-3.6031288821553624	-1.504738201649533	2.9423127325382903	0.13638802204674488	4.07629412975727	-3.4977842381966124	-0.3902731225707032	-1.7120411877852832	1.743459532908823	-1.3899559995715132	-0.5844502454098421	-1.9293694667367371	0.2940079139135138	3.345967601287016	8.760522667015408	1.7842910419209255	4.494581452921728	-0.823940568702949	2.362095957207955	3.653187549498875	0.3195967590882452	-1.3307392206726252	-0.8095802997746256	-1.9890813087240915	0.2585873749303359	-0.6976059385420611	-0.31192552920845956	0.3487031497211448	1.6914169672947634	0.5725855354960991	-0.9258393743954899	-1.218487052465539	-0.27598712292349337	-0.2247892197678255	0.5669424560052134	0.7887980467255963	1.1051398647975166	-0.37563152976604935	0.4290686047526182	-0.4239936866089512	0.44983165274257086	-0.5173455420195399	0.3981757300033744	-0.11969873712541532	0.07763658910069048	0.14516043974611928	0.3328254488049453	0.2089991828220801	0.5935442761438864	-0.20922907031941845	0.20967164729653498	0.4245209816626527	-0.5898152401162867	0.6426619405566957	-0.25974428756969764	-0.6030519960795336	-0.7441278382066239	1.2257461844940283	-0.038550954612303526	-0.6240996810460855	-0.2158803933766914	0.034382715300676006	-0.5147236361605935	0.8796452770975912	-0.1331669271044523	0.6697135162262989	0.6654564089411438	-0.2167605859764771	0.3648193178340119	-0.2989094495922689	0.7132348634857456	0.454226205842197	-0.2074131702981994	0.8576686538041955	0.045201859790614154	0.14106589829905364	-0.06325215771686844	0.4928398172051093	0.039241836261033544	0.03863738090078646	-0.6467528303643343	-0.05001268185360969	0.15784883659778592	0.18442128813294792	-0.4267518756820791	-0.025421545725935687	0.09162434409682721	0.05145294423886936	-0.5050232572549863	0.19256875944146223	0.1645490352542817	0.13681205774529656	-0.09620847848454589	-0.3643426666577435	-0.6411096220009838	-0.27505078622339896	0.18898315030608315
DTXSID9021138	-5.141621863317876	0.6396171037586685	-2.5258913080962597	1.3708856478599887	-1.5847632071095286	-0.48513666032055286	-1.2914541269465407	-0.5856829173209606	1.0011556821208298	5.802400464926548	0.7962182035753697	-1.3856770363942328	-1.4082622363153077	2.2837074374965374	-2.0071727521185645	-1.8167276128503054	-1.2492001989321884	-0.5736927159594712	0.7014364706210818	1.4886833544561704	-0.3722329357331311	0.9982757345836816	-0.8897384396708587	-1.0201896173544815	0.40724265144989896	-0.3290680802336092	-0.5123208698682992	-0.7994340581438555	-0.3705119722608588	0.5599346158965351	0.44041031883980536	0.2994894467332002	0.5015447811883075	-0.24192973516409125	-0.7365435815732514	0.10460938217268195	-0.14258999606318146	-0.02353235518589782	-0.22128849479846266	0.4804739028809014	0.18085822771888266	-0.45649524503544253	0.7211212899679417	0.12312286520932128	0.5547503981291937	0.04687721490407582	0.24170041394186959	0.5931438980823723	-0.17880890108968187	-0.16166078100284187	-0.4436646579749515	-0.2066986599607771	-0.07050161383680817	-0.11083350798634374	-0.1274557128204054	0.16248678331846061	-0.4423463590823791	-0.3833266860220342	-0.5221707702459749	-0.3640400278216522	0.07554143441505771	-0.5263163975757034	0.20685713745854611	0.7192222644484939	0.3010916931256053	-0.4848462219900209	-0.21616678338855913	0.2837881506796982	-0.5318795196566598	-0.44747689949962083	0.44618937977910267	-0.36316254599672637	0.13739341238848335	-0.40252809746103185	0.035415574246754816	-0.5536433703715765	0.06441996072425721	-1.2205771909586602	-0.17009806580664968	0.022587294046821103	-0.16217592993096777	-0.7398838001066094	0.22130760941522723	-0.5438122140307452	0.1819761663016793	0.663979391278149	0.4066872289545567	0.3294167871009423	0.06996163588323868	-0.44486368010678246	-0.3011676276114218	-0.693464831944004	-0.31357514416870436	0.014181444739107003	-0.5315100602330002	-0.25373934470830345	0.2671407183755764	0.06552916855680462	0.2517607540582477	0.30901304108865413
DTXSID5023794	9.118378124833438	-3.4595944305584894	9.045997050838235	5.537906143614944	1.7726845120139243	3.8285683746700925	0.6007069985318207	-1.7566288232332286	-1.1438228908556929	3.0325306482698413	-0.21507909681635098	-0.5234819864104479	-0.07671109178274237	-0.1074571479068142	0.4752727352019069	0.7694840955763379	-0.6692307450922864	0.8354998384438163	0.1444267397556653	-0.261288105853827	-0.13678403522229765	0.01602337798252893	-1.9320666002970688	0.37111586972705496	-0.36666310227072235	0.23305034198181748	-0.5592925766027707	0.319156385201544	0.6067775439208429	-0.537633382319089	0.4047481835118411	0.14591821241656275	-1.1745146764496717	-0.5728367689527618	0.6476323504766334	0.9752418138758049	-0.002092776347118566	0.8589891744777066	0.5858538363647322	0.472764502391325	-0.4128120490531562	0.12004842873838775	0.07921061587804812	-0.31499620921434646	0.020750968136433436	0.31408346783273805	-0.469946193662388	0.6484391641380118	0.26305575715624224	0.37930550565297744	-0.047984025592802855	0.4753681161785895	-0.2119247734867832	0.03561817395901975	-0.17863843753885578	-0.4203374071057051	-0.061200282410395004	-0.3127032637995515	0.09823931054017712	0.41423947561572916	-0.5058314473059524	-0.6251976800464252	0.2800273860143501	-1.5670048585320897	0.1798331205145474	-0.2812444595496038	0.8651870036094145	-0.7534838814288205	-0.5775561208992042	-1.0988710340674643	-0.3196253362232968	-0.5036337077062953	-1.102826166350343	0.4256759820759226	0.10107752583391971	0.04471466004499199	0.40590607661372063	-0.029192686842664677	-0.6244197363685952	-0.2677017499395141	0.269221340073484	-0.572518181404743	-0.5679752499275816	-0.0795393875314361	0.16089963610702396	-0.025802263022812636	-0.09022507546282493	0.4363530884410111	-0.5345450026577626	0.4410490256865584	-0.6256112674168723	0.35441593593061466	-0.6644218634919902	-0.39433500010310574	0.15960713286498537	0.10153557004020236	-0.4745632593737983	-0.21016481958176578	-0.8708915395592569	0.14782456401002442
DTXSID5032020	10.866743608757233	-3.4639498755921028	-8.532065803236465	2.4991008848926364	-0.17718186239103353	-3.529739696594605	5.815389476816559	-1.0245964333789337	-4.315253680778752	1.191956799776586	2.5298449388450894	-2.266392438173786	0.34689537798050574	0.8018382037333563	-0.9281828464559296	-2.7675872060995332	-0.09194425886402968	-0.26748688381578273	-0.6258226905358636	0.6748390921582752	-2.415490204677694	-0.15793810761787905	-0.10180334462141333	-0.867906445539672	-1.3836066595962726	0.2128065617699241	0.4551689946426366	-0.7701973455981134	-0.4165920001795537	0.323081151595652	-0.6385429054493025	1.6760272422460376	-0.16106718849288126	0.8754374138608935	-0.19015436849752732	-2.095256948768155	0.6441818723063698	1.0322845406020353	0.7213228110220395	-1.330916072341253	-2.064041111262727	-0.06910424053829407	-0.3402514962244104	-0.6021786541884752	0.47267058219235897	0.37652234402197493	1.0641296538836953	0.3028291131461187	-0.12026844884217303	-0.3080173424036352	-0.49964582903975624	0.7953579639520435	-0.993668951294023	-0.3150199652648352	0.02928703773100477	0.18929051581600748	-0.682111604591356	0.07527832635580926	-1.2945954254364982	1.1960555275623395	0.07427016546516968	-0.15974388525815772	-0.028179812664891803	0.11879014182708275	0.41244192159927934	0.023626848849410565	-0.6039808835303399	-1.9318843479604881	-0.2630845438082597	-0.14334148996702506	-0.00891447528425834	-1.8438231890073566	1.283361433681056	-2.0042195164435075	-0.4441708048023567	0.09361281720506008	-1.0725298888580383	1.049344165326506	0.00034263452407262235	-0.1735430512124873	0.30480044535818535	-0.5537930297463834	-0.3432662459284688	-0.18849867311195254	0.19528343855221716	-0.21754388522116205	-0.49697775676500006	-0.5192075780452815	-0.13700316484158748	0.479225148656543	0.15661323915453543	1.332030715241546	-0.28756658539230523	-0.15401962224352153	1.5249340393238409	0.44269369589589214	2.1041131051591084	0.1505058416757367	2.2155473816223155	0.09926517682533151
DTXSID9020372	-0.02602670053211912	5.073111041533969	0.7931217081463432	-1.1677438325166218	-3.4210996108695726	4.52329835750723	-0.4877541598627448	4.877954868288141	-0.597239140544712	0.030669156439759777	1.1247501570991199	0.4455823830235968	0.3577876353881691	-0.675956052603641	-1.0217546290212456	-0.07329866710383286	0.08021111796329825	-0.454973638503987	-0.20578359250553216	-1.1248380708559635	-0.4153834056356036	-0.4655096336873487	1.3725331732688772	0.3305314093915221	-0.49896431779454	1.1659112085647245	0.23583659031306875	-0.6417002554683139	0.3810515262655203	-1.0319415839752284	-1.210588808053985	0.18387432025630163	-0.8160694849988057	-0.14331428347164737	1.2455969622853995	0.1690373277632206	0.2591058319761816	-0.05577314363598877	-0.7725965733750292	0.018678087539581136	0.0026069113901306443	-0.2829855190107015	0.4370574963387892	0.33968007273286044	-0.13922950825064745	-0.1563646770035202	-0.01507508761960052	-0.6877684085993037	-0.25486963241912747	-0.3697442676250197	0.11081299673502185	-0.11749001161219447	0.4992120142913461	-0.37568530254667004	-0.43720669149074065	-0.5744833946771273	0.05128655093330076	0.05680306097590463	0.2442578176081486	-0.5860585638683807	0.020410346728903014	0.08576719930769115	-0.5108643385418389	0.4518989660227695	-0.07086119567535762	0.7719548445741362	0.255175695384521	0.3714208587005812	0.291664566612361	-0.44116688031649876	0.2836813924050921	-0.5708366261923025	1.0037041683583028	-0.22701460148001334	0.3257307140876513	1.0123778377471344	0.2931240148708587	-0.32826001643852165	0.7474673320834073	-0.35221706485328336	0.5911205789892575	0.014938875058340101	0.7474501969076315	-0.1694498013176331	-0.21447818295322638	-0.5620226168220928	0.24766924689452752	0.04889266896656929	-0.6357747410045334	0.5975097003787626	-0.16115048406241833	0.24928129199233065	-0.9186050511513039	-0.4837330675265237	0.17425590592687795	-0.22048764396890674	-0.05460207107199801	-0.40025128008427335	0.22531367192376986	0.3114725898603271
DTXSID4046783	9.111986728391049	2.4662397237878144	1.8751036293613887	4.403239925313104	-1.9278240583165658	-0.3516416593959576	2.371065335397587	3.267216101489058	5.938677432214576	-1.9002490543913957	0.13652731346981284	-0.14674625313391557	-1.729610535811953	-2.213146801289278	5.704383287368253	-2.0826654491785006	-3.2389186040429045	-2.293497219807908	1.0087822725415942	6.522833805198819	3.1891292249683083	0.016104337861560576	3.7455714396366275	1.0966344113435318	0.6611766723225816	1.5641852255105064	-3.524554703119988	-1.8244261288355321	0.12262576257244372	0.6195432566937435	-0.7684525752596778	-0.5580887270415171	-1.9855458075333354	-1.8598873266244225	1.5054619947776173	1.2551801088603343	3.2304277525699163	-1.7220891636533089	-0.7688062668828154	-1.2119466967647974	0.958921341194103	0.3241939792171546	-1.4020941265191642	1.2347311032308659	0.06944002224385502	-0.47074671722085487	0.9903165926071905	-0.5027212963382315	0.39773438192323407	-0.2695799694934567	0.20670019638710238	0.5205799228226052	-0.6385532123012763	0.32877201824403846	1.5632639333568863	-3.304028913757624	-0.9901256775544185	0.8634535667806791	-0.5808147967083888	2.105152932451812	-0.7421197351122871	4.083717120704523	-2.6139745874770295	1.4061266058177109	-1.9083056443256041	-2.4366078901677097	2.7169169670230793	0.9238312371747277	1.278171300903511	-1.840848366771093	4.594151651560681	0.9983608944605147	0.17019372103491176	-5.24176551141561	-1.0916588470586408	0.20072042032733112	1.2087687848478084	-1.865244490611734	-4.269850116031345	0.43377670808704183	2.7876634901975375	-1.3312160661216172	-3.73938154079961	3.2188501000468595	3.1482041556191587	-8.57766747046244	0.4911008748314991	-1.792221412761271	1.1958746043777944	-1.9546358189850093	0.9647927715871251	-1.8735692465483669	3.478822636118906	0.369793798931258	0.2892613762217027	-1.8652022104566974	0.011672625211672174	1.2139612897446652	0.669593246808789	-0.9207099331974057
DTXSID3021431	-6.537101840692942	-3.073532016125002	0.37957719172659904	0.13357487957320305	1.1454020104693226	-0.3729467828312427	-0.8983870249605346	-0.5928864303666107	-0.269103853092831	-1.4636863612560742	-0.5994126604378814	0.10208863623893447	-0.9065796406303551	0.6713633440076384	-0.1863810118495809	-0.304874403824756	0.4741225305523338	-0.7237750698689046	0.2645302855471136	-0.5022038048172883	0.4024575655618179	-0.26751805655091426	1.4761641023678087	-0.03049098772535757	0.08999208233186298	-0.47724302726192	-0.49400692502251536	0.3715050581168723	-0.22981297851389465	-0.12819806998813993	-0.018636055903984428	0.22691217078079623	0.6051762608793048	-0.48898820390463704	-0.24634660581191684	-0.5902970901124786	0.15576043408826185	-0.05136741716840828	0.11440858341002219	0.16280312056639612	-0.2551263101129979	0.12234397029859306	-0.21946197656651517	0.1916888137277111	-0.4843814625021214	-0.17725999464726452	0.11638180897496253	-0.16798462065421446	-0.09218657213353515	0.2787129984778764	0.10348866421991479	0.026009213540903034	0.14987086957151077	-0.02274539759113945	-0.017410375674691243	0.02322500284048199	0.41013672772095777	-0.10421261166395632	-0.029588180668887153	0.007082645811727706	0.4584176834897817	0.1594109320008443	0.37135875837911747	0.03975272375568588	-0.005324488190013985	-0.08044886081902275	0.33968353237860477	-0.5354019966374096	0.09610037418758191	0.40172618198615995	-0.019320429781497003	0.36344780728772325	-0.04548751833232098	-0.03872107832070681	-1.3780237873575614	-0.2754191830790936	-0.6142963406770814	0.029756688663711055	0.022909285447658034	-0.40302239203059553	0.13971766642745564	-0.20950907827776283	0.2452083198597815	-0.2135315961666872	-0.09807631592524958	-0.21192393405662854	0.09356904378825859	-0.26287336081099344	-0.24688518764964368	0.15466856543060703	-0.22250472009504463	-0.11927215662439276	0.07812388927297667	-0.6554507098907513	-0.3922134330555342	-0.9175221543886101	-0.4421617142496288	-0.13926886905911043	-0.47473754327198026	-0.22596487794959935
DTXSID8035423	-3.4112902770853992	3.1356080410130622	1.9027065024395005	0.804239776478269	-2.015534478033083	0.41856958470008954	-0.9101063985369009	-1.7418838272306019	2.107928780692337	0.1183519313747107	1.098507435883496	-0.5606235291477686	-0.43365533013840746	-2.172792448274133	-0.29564430110864565	0.4424989153795588	-0.20069901104976792	-0.04315686310484069	-0.21588153517418526	-0.01884289878157113	-0.17454979409444416	-0.16436091410587744	-1.2406206663532429	-0.6732991222737246	0.560631175334023	-0.9673290013424516	-0.7919473689211209	0.2291603977704064	-0.2825422047737853	-0.08657495271541957	-0.5959383003022015	1.324172672873451	1.3348819912882275	0.643704370023051	0.4290978401118859	0.3075170765757396	-0.33070932655786683	0.5265035391665894	0.6759602040995852	-0.5170997607758606	-0.31931581764555894	-0.08813251697423664	-0.4702107087045458	-0.1093908018909933	-0.5891510298651836	0.9314299999870612	0.25366607744405156	-0.12644605410717802	0.1340822885661912	-0.04963366129261718	0.036991639355964764	0.017293012919411772	-0.12697234797430315	-0.011247393265512613	0.36949642596959176	0.38361759835482045	-0.4032751410630369	0.004202872356821861	-0.3089098934571463	-0.4655984766089468	0.1893402461936235	0.7587107007286228	0.29143258891064916	-0.2925656328220909	-0.07483427448561397	-0.6938995878629339	-0.04929614427067872	1.3025059836088404	0.15340464059618858	0.5768283173311047	0.12683098517256036	0.5424660524489532	-0.7050769646880858	0.20389146354554644	0.021972449124734995	-0.364975707730531	-0.21899021452739648	0.005847781021689668	0.30098199315333496	0.3168060559751153	0.27048661573016947	0.9108985407963472	-0.15102871337129303	-0.10604308886730636	-0.06822950579463122	-0.3336427741704935	-0.31643216560722887	-0.06890332500847317	0.5812476447501949	0.39357882972680724	0.22205640840803317	0.15482496924714909	-0.37808224990264183	-0.09874623877120844	-0.14694292383637392	-0.15094664974382435	0.03232396563917631	-0.13378889495791907	0.27366664338037816	-0.07657513639799766
DTXSID7023518	1.8237520949615966	4.853503561925483	1.027049556646551	1.4885281910382375	-2.548280239474813	-0.9080852536835561	0.8829177094807751	1.0630856819280923	2.5269698481721923	0.47887916904247235	1.5181734794110224	-0.00871157539596969	-1.2571422440260092	0.7971489822892308	2.8919056457550427	0.8180648118255839	-1.907303547851311	1.127178772576393	-0.47224672239867616	-0.5518769028887365	-0.32740080754165396	0.3325517130134612	0.38960935664541	-0.28052125498492364	-0.1961510546288771	-0.3601036939681679	1.2443073777954754	1.1345752011996941	-0.5454025360720155	0.005002514735537193	-0.6432115944235914	-0.26014400268972077	1.0470933647205425	-0.23741424363982286	-1.105087812534548	-0.1765468736654697	-2.7601896172942872	-0.4325217373931427	-0.5604837587366196	0.06112093038156683	0.1373265978828233	1.2015820116104816	-0.05294902411937513	-0.8817240904291195	1.4478759184014485	-0.310456910243822	0.8283372849279353	0.3655910997074243	0.02600234098134239	-0.3718440924779908	-0.11335524699195351	-0.3705102036291945	0.8611216163071623	0.2658002093848949	-0.8254864805750525	0.6469945672044313	0.14755655462853923	1.2389179376933708	-0.24239263092712257	0.9451840154141021	-0.6787971320434326	-1.7533661844057655	0.679046243947577	-1.0591981990052177	0.5569264344755411	0.06781221638509344	-0.8742505504536748	-0.8486289325979998	0.347875881069284	0.7236317054878254	-0.9444899262629525	2.8362226265864394	-0.5232038773296088	-2.8703800009792224	-0.14956492186953096	-0.4288334130196598	-0.15261409338096193	0.2140884581392147	-0.5692777445719363	1.263445688412073	0.05173721810365448	-0.6764217596968612	0.21791597479431796	0.17389863077126383	0.4628669959924959	0.4104607869926417	-0.6336983932896318	-0.5884182291462041	0.5920370834236791	0.5838804362355242	0.7353058827137017	0.6972830953685003	-0.7701282303815136	0.054800800333835054	0.011892071930004603	-0.1450877651839279	-0.8665696490591158	-0.06392615357217882	0.1711935274957916	0.24124677266985733
DTXSID5046485	5.242884488975141	2.1950602846290397	-4.097491049665913	0.6082127588284234	1.2669549858489801	-0.5668117073528051	7.270698354281668	-2.9240486725024413	-0.24330733634151602	-3.6404248987910304	0.8215679151202213	0.036950215523331394	0.3325233046710148	0.343992086358813	0.20531462752904733	-0.5000820002036579	0.5535262728140635	0.13928748264887506	-1.9606771459674097	0.02571608517996881	-1.9764260345621334	-0.7246770719477655	-1.1802339357835914	0.35588318405939734	-0.5209910754146512	-0.7073970019892587	0.29548901038466135	0.38234998803014464	1.2288432226237225	-0.9793755655461241	-0.689264384625638	0.1558029589406291	-0.7928952921967165	-1.318515321832918	-0.6676071790778518	-0.3488328017175938	-0.5573637189115613	-0.050577481955652114	-0.5494721908502436	-0.9391453085542121	-0.09949178057479152	0.1614315233366796	-0.2507893185588261	-0.5612128985350081	0.2824935835905778	0.37686540733035423	-0.3524209103304814	0.444411657862597	0.041852449288847925	-0.4860673772281545	-0.43066416605968716	0.6102540007824622	-0.19811911835472987	-0.14712553011027604	0.06427114751234415	-0.44875365908188636	0.15557442313622238	0.7967848614118848	-0.42042425407665374	0.5800914170691238	-0.6471645662558738	-0.6716339011145924	-0.9103211078817771	0.5335610919428954	-0.1286951722939484	-0.22136335369130816	0.04572401198044009	-0.36874630875980585	0.4338513835469169	-1.68128970461856	0.8768029738252312	-1.3004236332330876	1.2779041670224285	0.5988206880496381	-1.9444098688008502	1.1264222956453618	1.5953663054385612	0.03671287616846771	0.8658840242832744	0.6755524797869102	-1.1289279017922058	0.566590448221676	-0.8812461588844908	-1.556975780451939	1.0360044738373257	-0.7226939603013375	-1.504546966720171	0.5780385862766586	0.597219133715393	0.6377736197631582	-0.87714035355287	0.6679348453794242	-1.6626240379212882	2.0154183967539723	1.3394067809628298	-1.0916528830863732	-0.2963884297263646	-0.16657746032199358	0.3192659582092622	-0.931564426067352
DTXSID5025150	-4.976440461967849	-3.2820661880127937	-0.9463122061000261	-1.9873240611834566	-0.08790900572000204	0.44827290540733356	-0.4909310610674378	0.25656419452525764	-1.0831555429691275	-0.04046482937474886	-1.4886297371416783	0.49765199702276225	-1.805432461838848	-0.8536908660013477	-0.47802384971300926	1.3625135479947483	2.269151165444247	9.286809858240682	1.884073617604282	4.942965559051182	-1.8102137658787367	3.416046032043344	2.500678672242035	-0.9190478862085668	-0.11432442873396334	-0.3394111068404716	-1.71573716195585	1.6803151687704603	-0.7570602220194897	-0.18656150178004083	-0.1686362390631626	1.0195585395940767	0.7086364227962478	-0.8396856758626762	-0.4515324036638919	-0.8384739313837609	-0.8229336420155015	-0.10625670077285297	0.9544887109670521	0.9481642384072165	0.40343505988533823	0.5413648049884119	-0.2859158111927773	0.46781535619618114	-0.15800221462122216	0.39494643756490094	0.06013483351631764	0.44200148513088	0.15698802821288868	0.019410341107117243	0.17832064740727593	0.4465831808907208	-0.058040560664335786	0.36258786669181065	0.7040210173037375	-1.1608500868201852	0.38724905918814384	0.04112188193522303	-0.20793558683586869	-0.5797339123564312	0.6669350138364267	-0.09019167251480764	-1.1741115041592958	0.15367016480265644	0.29249675093021316	0.16629012820672306	0.9309332245615958	-0.15408229571542853	0.3113095401295581	-0.13211779037452462	0.04455884960790846	0.044808683806321165	-0.045424956424940176	0.7665834795929919	-0.8856419368326988	0.3028975451748034	0.2411674949173008	-0.33702654105216806	-0.16352447129804568	0.18273035804490725	0.09582508498285175	-0.2786852865015932	0.3612974155413627	-0.7182236422357516	-0.4235109327185336	-0.2152516830693437	0.31361894746719965	-0.15478354035285463	-0.23603493972588782	-0.3539653243039236	0.4076391633861599	0.21577797760462203	-0.2255414791136126	0.199669315860749	-0.06112058765043722	0.311239483801712	-0.16929316967945385	0.126044355423542	-0.20229737574680137	-0.14728387214712002
DTXSID5041643	-1.4610831466441696	-1.0791998396457483	-2.1196697403115015	-1.649925063523929	1.451624982455697	0.5397805054602292	-2.06075583868532	-1.9412056696992843	-0.7945373391067794	-1.0945570779378564	-1.2988660816494344	-1.3784601160799759	-2.73649775848473	-1.8221794014900417	-0.3258927893750814	0.25598003337145264	0.63523796876021	-1.0404242446408716	-0.2878014915381428	-0.2996572793364398	0.5143411424584979	-0.66978565672122	1.9029662534238978	-0.25855349294903873	-0.6606447069462558	-0.15841019029179274	0.5715708361167114	0.06121437094023718	0.16741957738396848	-0.16470245481304494	0.4279975532103999	-0.08309938952137294	0.305811026680074	-0.4241280803423503	-0.10797168493095054	-0.896918439063654	1.7723177190869188	-0.8376973957199102	0.7338824045326595	0.47620642131122976	-1.7213079806639777	0.25798166293339003	0.8740646662924921	1.922379134076156	2.128413163809391	0.16603724808287854	-2.0385623932381955	1.7167036020757087	1.1927727696394534	-0.5772498618274321	-0.09366111492873404	1.5927638859791822	-1.3191552360393237	0.15030377981911341	0.21736705645590418	-0.32674637289816716	-1.5707571448601738	1.032541976388244	0.11313776313886473	-0.4423661962234612	-0.5561007132640436	-0.4900775082159799	0.39995443979658596	-0.2565196703275723	1.4946772801123906	-0.22696631470794434	-1.262768845568577	1.0432890111856694	0.10791017056836054	-0.3477463498091977	-0.20552289390544384	-0.1367970670142993	-0.2505307506438965	-0.5188979971988557	-0.036594969534387456	1.0406539788620344	0.6667855777469819	0.30520836728414086	0.31302354230234686	0.23319207894405877	0.29013775547054194	0.27468032998124525	0.2913581323859023	0.34882688412497176	0.8560707367642079	0.005297154228851235	-0.5248099182291026	0.11374049168144611	0.11070373335205178	0.22281346737730653	-0.17699765940809217	-0.2128139341437446	-0.1838766547379943	0.19644852726457737	0.6712007738380599	-0.06686048382838802	-0.5124444386782749	-0.191613939649023	0.19093143742265622	-0.07362449066396372
DTXSID2021159	-2.600682376119701	-0.6597225662449004	-0.32727239887943965	0.751816796582807	1.4733561240000044	-0.22015448596867226	-2.9560837554845882	0.1465668031077578	0.6808784042067108	-3.906272544957184	0.03776783906405011	-0.5980044850508478	-2.425945763029442	1.3383296533539841	-2.4931331224572904	-0.9562668764091061	0.31479525309493617	-2.933962700135405	1.4491358943490062	0.9652376366213594	1.3105263094870152	1.400368987197297	-0.5949688768071456	-1.470537629964374	0.7600343775125937	-1.5959565474245099	-3.1294800783749444	2.0711559252996348	-0.029213807116411156	-1.266133492334362	-2.5070381785400357	-0.07028575569867504	0.6021486364251583	-2.312072957040259	-1.0838318962469804	-0.9331524284201761	-1.8361279416795622	0.22207062604679356	0.6086374900384433	-0.6804905001923433	0.9168311952104962	-0.5877299808793305	-0.7083028578919639	-0.6982705088820913	1.0543423502157416	1.8188671586312197	1.0335636452276162	-0.08763158693156291	-0.6105840617610302	-0.4817201086440367	-0.41946129978076185	-0.36894001732206316	0.172282822915731	0.21928655222058224	-0.24223267867203382	-0.5435913186383835	0.11497697568158394	-1.0912602019957665	-0.7028474089855328	1.1614781510426668	-0.42080959545695795	-0.9855903968310429	-0.13031354012291727	0.041486460737840174	-0.7957287946672578	1.4775699397946263	-0.9147716058906752	0.4780528284219316	-2.0384487072327566	-0.4605782917902204	-0.8827580419737581	-0.11281490585275018	-0.6577753512905468	0.4187449207645933	2.2813927553964817	0.8930665401842841	0.8585991153746616	-0.3587877494352689	-0.2744886132593034	-0.24277096503957998	0.2624577670488461	0.12330601217234712	-0.9397826059717008	0.17511227380070657	0.6746082601640524	-0.37613137372546024	-0.2779166587954256	1.3024553658620788	-0.12212499144976244	0.23152203788901352	-0.8598399074688626	0.054232250526530044	0.3029380792971433	0.33458851238586584	0.3435266342475478	0.3070901260238481	0.12585702106189148	0.03883542415117315	0.17598756470066704	-0.09382970889454875
DTXSID0046779	15.47447702241234	1.7809864535703661	-3.4730736136434563	0.6140649944618778	0.13095097733243583	-2.71518243520497	1.1122886767843143	1.1788479642610243	2.3113280216669487	1.7818740302566234	-1.4175035175575201	-0.786576166681483	-1.9603639097710526	2.193932810807032	0.6204737251467298	-1.6474594307464383	2.2150077761884313	0.41382442176354634	-0.4106142525600898	-1.7555237889877038	1.8811957966055368	-0.4171834914674381	-0.320228582874305	0.8925343496924795	0.8254284920399338	-1.3232872596686114	2.147223910938845	1.3842721040381876	-1.1973807180778122	3.92160155923455	-3.3913383987906616	1.7144995426734666	-2.848380106627636	-0.6523714127783453	0.042931877063084024	0.9954879762017066	0.4502517769026808	1.0549068838505955	-0.7422093825227369	-1.130015453179051	2.1683042251122293	-0.0971390032499765	-0.7657961687674422	-0.017319342734117615	2.9456855416772294	-0.060026599514397525	-1.3913163555682917	-2.685378107111034	6.596668412257502	1.6896654841243433	1.596966637921855	0.20274912995427072	-3.930337124476831	1.2441360327783757	-3.4687705211139286	0.919452853091512	3.438661289286195	-2.022413431014886	-2.3256195689519163	-4.228707921886222	3.283920750130059	1.4560402317980774	-0.36044697511862456	0.8553371633900974	0.8542555009880489	0.8663979766221579	-0.10561291439027733	-1.0110046010400593	2.7278714823619548	-0.4814673431439112	0.6869829251345652	-1.9193291527213017	-3.0848939251302885	-0.6565588442834144	1.4903026983858778	3.0115757186120424	-0.6389628360222694	-0.6050978513636124	-0.19960450168397545	0.11493982386404332	0.7074638533836854	-1.0857510328987279	0.6089257752203149	-1.5695316820095462	-0.7020393102878718	0.24098459234702116	-1.6367357318947846	-1.9142956185707782	0.427273463172157	-1.9281605008985043	-2.5074234603424936	0.023492554985081918	0.24391731531461097	-2.2784507514370587	-1.1094284107899324	-1.8474854617183458	-0.7591689202914728	-0.12831012766120875	0.3090012634269804	0.06197558219454027
DTXSID8047056	12.753153906519904	3.5790253968696333	14.228275143285696	-13.113101990868897	-2.6843083797717555	-10.508493300365625	3.851827065575341	-1.2335830897103763	1.8101642112363217	2.5823883014899196	1.6459160578450156	2.7054895109571815	5.718595818206567	-5.263560142262978	-6.621230256091394	-2.8773241905292735	-0.16459209124788576	-2.6562240946657605	-0.18293422416246763	1.918409605624602	-0.6679631235558203	1.3086932436975398	0.6230448046878183	0.7926871570215694	-2.9529648767593564	1.0349796249282788	2.932892334611861	0.4528202612425572	0.8465934505613605	2.6487994569511497	2.7406124222102104	-3.116249739402555	-0.39620466276693106	-0.9407898188083487	0.10756005182594368	1.0970657409730689	-1.6651800242786847	0.23038273656658134	-0.21376001863113517	1.3604323234396913	0.5218033267432522	0.8321880872871427	-0.5619956481127134	-0.19610032448753137	0.327134904930645	-0.4715722386775568	0.9390578993603179	-0.7693793248815471	-0.09000612412371643	-1.2719555365034134	0.19585726093231218	-0.2014666413939332	-0.20378356762769848	0.5812375293397465	-0.5809141662483062	0.47811199708524066	-0.10871803894655936	0.6989173863494279	0.24536940857373737	-1.0932360413292133	1.368879454318514	-0.950260786547727	-1.4511068807227971	-0.5688891666106859	1.2061623038965001	1.703832727724531	-1.8047887716204603	1.4371499266030388	-0.02258084245992162	0.2507647845639557	0.8156342204126515	0.24294500304585354	0.5068461703374785	-0.1251197724872737	0.7175369060737754	0.21445564645608192	0.14249444347025605	0.9475197415223778	0.8154363944743858	-0.573025697848308	1.2451070862342752	1.3181151679522836	-0.6489501065252888	-0.4975753192447915	0.858501326590714	-0.11328149194411809	-0.6625999945887996	-2.254695561892804	0.22303123525326754	0.39850204605237755	-0.5874486356480696	-1.1105089619702622	0.0443770233510805	0.10688210238448574	1.3470492841077062	-0.3212000961270486	-0.1049187519465794	0.29315028084303246	1.0033533990313537	-0.6319110730274873
DTXSID8049381	-3.261199180415899	-1.7571440965201315	0.8781021389214015	-0.02761025122294469	-1.1369951124912796	0.17905361477916773	2.1090903476225273	1.360625405454962	-0.19155638685651977	-0.2702906242646326	-0.22453144794029659	0.16668482852165542	-0.25914347887826333	0.027611309144704475	2.027349776527445	0.2570695120263923	-1.0428835722496872	-0.08122818498344794	-0.2958149719919414	-0.34353657414903493	-0.8420377486187206	0.044466464808452164	0.8481099519157403	-0.7305221632391976	0.47839559343640975	0.43686117583565387	0.6790874065995642	0.8646577989125952	0.2846072173444907	-0.5622672421951446	-0.029656743108748707	0.3781031953274624	0.896304824143912	-0.28296810760432256	-0.35656923898385307	0.11858326506044012	-0.29045831946769063	-0.469579657811846	-0.5659553606838141	-0.4890556645045236	0.7895727313047609	-0.35064190380423105	-0.5188267739796313	-0.1381487830216197	-0.25073659026113776	0.3040362702467566	0.34126288567001883	0.06319493563022298	0.010578604448983462	-0.4981752049035756	-0.10241823743756706	-0.11533176796506106	0.21371001130611306	0.1857555247681247	0.1998547941343522	-0.3808755469441463	0.09593750120803031	0.73345397378117	-0.31730731645669397	-0.08428863960330796	-0.3666483575807928	-0.022968409569935577	-0.22742050253295812	0.33098825283166944	-0.5853350270153646	-0.10793555262710428	-0.11853051839212096	0.4264994957206574	-0.35449453001971726	0.39745846555020037	-0.39302410325071174	-0.2194277507330934	0.5918038318540458	-1.1397772079583366	-0.1404866869506879	1.1114875982330228	0.023111002680359444	0.5513451724880887	0.890890603821533	-0.5244055777405796	-0.3511043576622358	-0.6647997135802669	-0.041295970646287115	-0.28863752576547036	-0.6307315606619658	-0.20247447603929195	0.4074496359729615	0.34517388694279033	-0.23491988087742824	-0.4493165809085985	0.2528065655233046	0.6125705906412132	-0.6965446079771634	-0.8028229507301802	0.481029984741471	-0.8673167915051123	-0.43910298866006914	0.5046324451507108	0.04044274622351594	-0.17269703367579392
DTXSID0045412	3.5056897654736043	0.06687177282008157	-7.512306981094046	2.5301156029764993	-0.8010987692906656	-0.9316523680803571	-5.34843209926916	-4.420347366450397	-4.793677717129466	2.18450975676613	-11.91291372045365	-1.5680835896079008	13.25225720208318	-0.5750207508284029	-0.2747561359465153	-1.1813205945297447	-4.312743397666023	-0.9224917317152044	-1.1879652772404246	1.4162528691756504	1.3496839247499488	3.140594067592063	2.5600734915199737	-2.047041178322381	1.9898584026912884	1.9984498510713276	1.9250335472204074	2.43330938204312	0.18369505455752763	-1.9721150835920154	-2.332973561107871	-0.38366875762154307	-1.8644847931815447	1.1283078625658283	1.0916166428368883	-3.290046031501462	-2.0380127745956442	-1.117859525326305	-2.506143935884554	-1.2288398503733187	-1.8004510352898837	0.28072720437985016	0.1664148431190154	0.03921966919677861	-1.113520613998278	-0.38136062067480186	-1.2318781701818589	-1.7730359823716457	-0.4580507276510219	0.4358359470394967	0.33620131539491055	-3.7311599538701787	-0.2613281175821612	1.2360195226023394	1.27736352097404	1.7898456803568357	0.3553427494223044	1.2692129101937937	-2.335109863096753	1.4576585492218803	1.9717858059196678	0.5558155483888836	-2.439703592971769	-0.1286414466264589	0.18155157787467988	-1.3257995328387397	0.9079957309155076	0.8254910173036852	0.9699599087736592	0.24653921911827406	-2.9266969415063957	-0.3256338960397784	0.8556122999519321	-0.8461605137374991	-0.7067230851544573	1.1721274745996022	-0.04734753712883405	-0.46097717202399574	-0.028622788176426092	-0.20307564096709177	0.2761245462033768	0.017585259872368152	0.8636152105237109	1.0784164241715473	-0.9716976991968617	-0.09139749405537745	0.9466889150154082	0.13155616902497688	0.2481217767396033	-0.5386268463951438	-1.0586850423495875	0.043048728355391704	0.5445864173787919	-0.8639110338872453	0.4963691495497707	0.7954637248081935	-1.4255897391651084	-0.19527689817038854	-0.3766645557939273	-0.7894846383750403
DTXSID5048182	-1.3341323885411576	0.6887640636369429	3.775800970220052	1.7036598736596635	1.0210483381640476	0.7101346854781765	-1.170281085534396	-0.5573689156978379	0.7408451945322104	-0.46713092939666434	0.8045704232305793	-0.3763858810738237	-0.5992103988320315	0.004546378593490192	-1.3011449784729663	0.9068173525389175	-0.6598240721297033	0.04867029466020459	-1.2339624021600357	0.9888654442645463	0.2028350652012228	0.03356913934882393	0.12983837089786227	-0.08644754293468421	0.23462421949984155	1.150948963909551	1.1451991306596034	-0.62062369169712	0.09632658706481982	0.36856408723345224	0.4451469341383974	-0.14097655592201663	-0.9191955106518371	-0.14331856974054044	0.9778371770939591	0.335297577768796	0.05199014103672098	0.49943584522893447	0.09750133277024117	0.5337311936020132	0.039673205934251485	0.08949047349342697	-0.05397528544439931	-0.895396351541048	-0.15998838476623467	0.10008966802911136	-0.040973799491778796	0.36817591351495693	-0.24592866756708648	0.12205935217728202	0.07495920752209055	0.5562863021874827	-0.045867414343566254	-0.03930034673256373	0.21427196154575343	-0.6663491674557347	0.39034658415560847	0.028045419965452352	0.0018723125568075381	-0.3497415835651361	0.16355844841845438	-0.5696024558389177	-0.5337708046989464	-0.40184356108136954	0.5296820981178942	0.7994525486025943	0.5349682298666874	-0.39766551964752195	0.1013572895080129	-0.5492157443718021	-0.0891552020836796	-0.7765552788246034	0.3747984128310594	0.25212218350372223	-0.10381845728710626	0.6367078871088873	0.3187092983256716	0.1152326777001102	-0.3058215293867793	0.1743947021928631	0.2166783636657876	0.048053343870906116	-0.05651976594813662	0.11143099402265667	0.2810995739180226	0.02165372815701515	-0.2340788887347075	0.07623215865138372	-0.13165524690647767	0.027988636292654735	-0.39593894835997867	0.12336898274570592	-0.06577301434528027	0.20376782286777825	0.3633811890234866	0.23221553078400237	-0.24135135940216323	-0.16956507955985306	-0.4241051585942435	0.07373821379998988
DTXSID5021253	-0.9356427605797561	-0.5166132746089114	-2.645176923063962	-0.6332407861693715	1.7463345418035772	0.8570301050782952	-1.0540317052870558	-1.0462959075053095	0.6517979656504526	-1.2106879669683066	-1.6738027016542134	-1.9922696217238878	-2.8547413747258688	-2.2812114388431035	0.5256706076733836	-0.8429610171174157	1.4023850834169536	-0.90412522461222	-0.44552155477230454	0.2551047411496911	1.0272615140913801	-0.6498640680207907	-0.18323402364672062	0.33347502058311257	-0.4976990670354652	0.1397817072774566	0.9417882678065844	0.5975117125273515	0.025353289116582932	0.15452758500790764	0.23106461445150744	-0.37164196737229355	-0.017432731044026158	-0.7157254844332159	-0.1517149003359375	-0.5585944093824873	-0.5045210200314918	-0.05597314754927011	0.5254792791585214	0.4948903860703528	0.3011338186403346	0.25561686039225606	-0.0986579253365828	0.1554660203244503	-0.2860939570379981	0.2773098956272784	-0.5261785076959961	0.2870995726511846	0.23601388655377284	0.09211933758577062	0.09035491219521331	-0.08014218910551328	-0.10079681577493863	0.542819662552964	-0.0824657062084942	-0.46290257797604756	0.2935275512934941	-0.41555719522394235	0.1693073718206679	-0.7793218771354591	-0.3409639630052396	-0.6814298415672387	0.3221447115617698	0.4065570016272574	0.09324290361574393	-1.0825802939731934	0.03675598199787433	0.289972019527217	0.09842897349056783	0.08641789605734451	0.3616393177766497	-0.21337207468753192	-0.3821223625631507	-0.7051174002780864	0.4658885193818277	-0.7020111867310895	0.5988349352180939	0.3604646767956821	0.3756422147550635	-0.33154560105170733	0.319289191327431	0.15667312409227435	-0.4680536374539946	-0.35144606492834435	-0.5306251420595728	0.17105710810039457	0.35726272722019764	-0.5540236286377697	-0.4905218783969014	-0.9504094120249388	-0.09267988814284384	1.119218321220451	-0.1195267503700252	-0.050371003755200316	-0.7747368090188567	-1.1511395896798167	0.3924839795490415	-0.23853932339831357	1.227033638939779	0.381224391280294
DTXSID9023049	4.859651126047791	4.831589956236051	2.02666654723021	1.4205347851987682	-0.15034022217271023	-2.84258130053055	1.1759782129467966	1.7526041133526664	4.3786287319839055	-0.22006022357931068	0.2737964306419121	-0.013866993455772861	-1.053214125712857	0.19289241157477843	4.66349460422327	-0.1567397548841022	-2.6678095228327905	0.14072873862578242	-0.9445704946474953	3.5745595825241305	2.331220317309591	-0.6982872717093126	2.5174037287182585	0.9350191110521883	-0.13257458288167565	0.5698096213852506	-1.4523869299124466	-1.465653073252124	-1.3604497598420615	0.05480257895504179	-0.4356263184572904	-0.8905294232349403	-1.956371308437894	-1.2360539891336113	1.108928989472692	0.5401706169366005	1.6293695156750332	-0.671424180339458	-0.014548547376474206	-1.1492866984412844	0.4309144303486535	0.6202039602234023	-0.865646515408076	1.180459658557342	0.8200262463141285	-0.6577741019267177	0.8887675221183049	-0.25387310234129296	-0.05367405929949401	0.5213099870234721	0.37303868391501505	0.7980018528018372	0.255560532088995	-0.053173431778785564	0.02041650209386933	-2.052079929110258	-0.33079881769284963	-0.010660900563031327	0.24087933011672266	1.6474645752486141	-0.645955214952836	1.688854143499528	-1.1625701700543525	0.5930793618238636	-0.7932772604477646	-0.45463680805678197	1.3701018248957295	0.721476949103822	0.09417900334571544	-0.5847170764746231	0.47028589116293656	1.0560952406699489	0.48473351252724206	-2.024637215545521	-0.5961449834718204	0.2256487283983652	-0.4500641396364924	-0.9696722436682863	0.8993460313505526	1.217627567288862	0.838614028879066	-0.9880828651593834	0.596694703222159	0.7073191297095007	-0.5543266423343611	0.39730179925416764	-0.8408189676927181	1.095117770478401	-0.38681585310182687	-0.05018046978200874	-1.3648484042385545	0.8057634225683892	1.1345744561767113	0.4312355440292159	-0.5776081759324035	0.32649493943110086	0.4067179832985674	0.19066621911824191	-0.9208460846173945	0.1599924611627887
DTXSID1020352	-3.4602454095537247	0.11064439427248877	-2.043869613160072	1.0373527779787393	0.24887965704908274	-0.7764027521506542	-0.23260169889765792	-1.1953474909694033	0.5567043912131207	0.9903568185735673	0.4698042028208153	0.7081870033062295	-0.619642141379455	0.044954541014432484	1.3817496376124465	1.2410130883279031	-1.0523745941250942	-0.1944784773906067	-0.8437877643889968	1.8411391809040298	0.5016309784018161	-0.3621708842363291	0.39241148594273073	1.410119460636142	-2.1759134986824455	-0.3889909174924625	0.6121902272992817	2.677952407718995	0.5241815762525458	-1.1014766663890574	-0.34949514539924226	-0.0363261724396938	-1.5951146743982034	-0.844331042935794	0.49476152548007624	0.7628148370290789	-0.5790754516874248	-4.04550799347062	-3.15625321378017	1.137004596901287	-4.235504660472756	-1.8392847793826785	-3.871989040682372	0.20446932523142802	0.6691479609850914	-0.41619835162025093	2.58577110030516	4.8671030395968025	-1.4675134697932175	-3.898116823299917	-0.9869091194203409	1.0118002711862215	2.5064552196359715	-0.0654454883203337	-4.961538603679353	3.131945698351274	5.049177963436431	-3.6278551544284823	-0.18722790998117503	-2.1448547406483867	-1.0895259241563982	2.6694473355242194	1.0130391182074685	-1.2468126303043077	1.545086615193779	-0.917500077354415	-1.9412525428360072	0.6041380419223064	0.1461183252964107	0.028502611135422247	-0.5056804896394225	-0.9442193831917443	0.7700646512140923	1.8444175485988807	0.3963225724566649	-0.7702407596351132	0.7263373308147107	-0.3651967618570523	-0.5940735568531824	-0.23992803712330477	-0.9286829509331682	-0.7760390413989032	0.7634986240874839	-0.5399247769584252	-1.0051944401954518	-1.543528591779335	0.7773150363357562	0.9392121560891599	0.7580170525920645	1.014927184255687	2.360931104575855	-0.13186453845588952	0.8844755882942741	0.108133150116751	0.03496428555487871	-0.4045205794886324	-0.017243462846805314	-0.22481939794038078	0.29845173287050136	-0.07206778456255739
DTXSID0049074	32.956852339650275	1.1960392797228707	-2.2636822003613046	8.003894389806144	0.971117668144913	-3.034262994150464	4.699909053477425	3.259491565006563	1.4003019126062102	-0.11339319610745002	-0.07629839717093471	1.1157530049152808	-1.1552760331574903	3.2026199972355105	2.0785329344373786	1.269999499410862	-5.668129558815075	1.3518732267160145	4.583331925067484	-0.14250554768325283	2.965561033377636	0.6714124680429376	1.1981732105696197	1.5458889512406933	-0.14892911147876306	-0.20475258580841213	-2.2905605087233054	-0.9373512885023252	-1.934684389455746	1.509988063834981	1.4897689208865783	-2.3961075213939695	-3.1641182503048197	3.1662569698987917	-0.5880690481166192	-2.6556655490421397	-2.155297811965271	-2.1755126346852536	1.9301043400664621	2.144918653423106	-1.3386622761839504	-0.39639712507721986	-0.3838054662925552	4.360420225014266	-3.1495761747114535	-2.0842421630759467	-1.1005952170342572	-0.17535437395112305	-0.3138532202508719	-0.19153301309940968	1.0560387344229818	0.3862341289341713	-0.016211287565038167	2.2552815910516117	1.8151092013614536	-0.7561435502865941	0.5001408297690362	2.137666693891387	1.8853484721331921	-1.5218922333552412	1.9491871225823876	2.611444074228746	-1.1127049462309562	4.057961346436388	-0.44475489129693907	3.5786980733519305	-0.27018843235803625	0.6232622103676205	-0.5320610202801133	5.507120811569582	3.4001796256152637	4.0708596266103845	1.2319741702401263	-4.296514674784033	3.249125235285468	1.4733053161036176	-0.7914570948341516	-2.156993163283225	-2.628055454154554	2.949337794917008	-2.6611697799748057	0.32988908996382277	0.16599428738738606	0.6720937118321667	4.571329011449566	-4.130795895976007	-0.24317254335538652	1.500336046384714	-1.834585283225491	3.12288421917084	2.1000131135419093	2.680096366045871	1.9050242382545026	-1.392553192778665	0.12422455697443749	-2.533976645598677	-0.6125448888637589	-0.42392823081818626	-0.47557802807765914	2.020176587906696
DTXSID9044534	-1.9242224897503228	0.0029270394252279438	0.6796040732926532	0.8193243847080327	2.2436781479683927	-0.12609909162258606	-2.9704606937595073	-0.26889511962712487	-0.8128735002655046	-2.06647936852208	-0.5949676917750334	-0.08428910399145603	-1.0135208514998815	1.6156220864553728	-2.043552460138153	1.068223090191523	-1.0036843184502213	-0.5166498438214001	-0.593156092054777	1.5954157948624925	0.5589304113919933	-0.08262204565483337	0.06949835059434989	-0.4210726179186723	0.5105118890379122	-0.10876412985276898	0.5731920201518409	-0.6043110959276412	-0.03149771636332494	0.6558480281232808	0.8969850760002942	-0.012358684319311166	0.780532532495223	0.1808913922898069	0.6723560306484717	0.13263963574747809	0.7712335201216765	-0.15147982429752774	-0.10995874017806492	-0.39974516208746225	0.5232760709660048	-0.30881431868339587	-0.41297683489702486	-1.169590802856255	-0.3788038051424378	0.547883010270709	-0.10425286377245546	0.8216221370276554	-0.37610603761277045	0.1533523629329713	-0.21737309058666512	0.20854034442937205	-0.23123141042221979	0.17440880250678678	0.49740721397665455	0.23851681947029554	0.5210613075745469	0.09758123606728628	-0.47786033216046736	-0.016166198714146422	-0.505772557220871	-0.2503508205331927	0.30365397009303813	-0.36279073933850564	-0.15793911360103075	0.0838100270307306	0.07788926889278777	0.028688836020763865	-1.0977383103276404	-0.19283464090508956	0.3404886368405426	-0.14065342855273483	-0.18192918015384105	-0.20268638463472827	-0.7078163114822349	-0.009096864017581993	-1.0610967688051485	0.00807805576991382	0.17699436460681603	-0.3274902592387984	-0.12547248561489724	0.3193750643474488	0.1540338973832729	-0.11851372869366897	0.2201444060192887	0.1417711893096478	0.3809477294566032	-0.6663185154646829	-0.08982666474152405	0.13507524564891052	0.30307804094127294	-0.4189631898130061	-0.37864888932968427	-0.7272823394198942	-0.050600663390004255	-0.6564767790854806	-0.3630636830231838	-0.5317586604549513	0.09519329993419215	0.4355883567736533
DTXSID3024077	-4.9377279572835695	-2.578511311061203	0.6277892072618174	-1.6394686801235057	-2.41039432073048	1.5076164550837987	0.8601536648796461	1.8416604390494715	0.9985644912454389	0.32369794875965274	-0.023237109017206974	0.4149146640296779	-0.07246666726839439	-0.9356239163829281	1.1790799806084618	1.1811149244848287	-0.6386431343611394	-0.5465701332682155	-1.0354574607800322	0.28390305014359046	-0.15849088042511514	0.7622959360151647	-0.8373593804908542	-3.0926033773603576	2.1488388677433323	3.0480267937368115	-1.4247043834961521	1.6736646743959345	-2.919946564350581	2.5603244019036078	2.2816091467928192	-2.0101195556153786	-0.9759570349985195	-0.29034717465612253	-1.0204968740439289	1.1529791253833854	-1.0862561506968047	-3.563981370410982	0.3554100319864177	-1.0735775300132935	-0.3444174623540985	0.18676705598674337	2.5474023027109642	-0.16754705039847478	-1.2327620204038783	3.4052872848336917	0.4257126198196207	0.9131863868135408	0.1780828701574748	0.5507729573596306	-0.4610735609304761	0.2401272225877145	0.34120201627668684	0.2883367917007831	1.364925462979563	-1.0665009554362523	-1.3900653596691277	-1.1734226553503426	-2.152057364189767	-0.2877539651503181	-0.6447166498319389	0.8114775207267884	1.1644348707695014	0.29710614819422076	-1.0951291829198508	2.2115374400915155	-2.256777533703665	-0.5681220183246302	-1.0082538066020565	2.1295655112236207	-1.1571587439267836	-3.1366327203779947	-3.342553618040159	-0.022484693524469898	-1.7312592392508839	-2.3936987141375727	1.856674041450281	-0.7098680791150077	-1.0927456343921245	2.428289011142896	0.9890644011286327	0.6391700942282789	1.4959672824097132	0.13785713587344753	-0.37623392645613385	0.17472990000986258	-1.1992597021446838	-1.1677028684062407	0.5592172910349205	-0.4094203443653093	0.46297554167358584	0.24949280911034152	-0.16544146494083398	0.19874892395857907	-0.9481346511005666	-0.400193413336091	-0.08942810422291968	-0.43257033969583847	0.1436593078187367	-0.03410115866801265
DTXSID7023938	5.142803218116748	0.4190866179331372	1.0295720902953924	-3.0138195098275933	2.2563569805671717	-3.3231533957657873	-2.676692379173582	0.8218999141220505	-0.5968043890050583	-3.394529021311378	-0.23816584834715018	0.16553992836827913	-1.819307974277708	3.0705917781958085	-2.5045198692930697	-0.5461966918090879	0.3919539963429605	-1.5936192306220414	0.7105242554205196	-0.36601594738665666	0.9707679248797519	0.3710869091343405	-0.3673445075663339	-0.5464594678602828	0.008265189711644163	-0.23443870467355876	-1.7498011129535544	0.957544364012567	-0.10423432300230838	-0.8967098918250602	-1.7679772059284329	0.11632148052893237	-0.4071093772580318	-0.5914968404184253	-0.21833654738687788	-0.03425842468270616	-0.028536440195568672	0.3476455873481508	-0.028876832051040604	-0.1864683548677328	-0.16082048159555412	-0.6706383524800186	0.2801739836730394	-0.1516105340237956	-0.019731293979780483	-0.19318464080247846	-0.04175508342306488	0.3365888703288036	0.0390984432016595	0.23356629768338258	-0.12813966720447437	0.23621050459233833	0.4414086577620868	-0.6938064617491363	0.17620557524567607	0.15755666488300094	-0.5186226881778871	-0.027241760290584983	0.4296156437034167	-0.3319550075349361	-0.18678090295471686	0.15382794194286417	0.6279409676967651	0.6780411484912297	0.12389170128014194	-1.1966412159523174	1.0702371734887033	-0.46170452103133275	0.7855771426167518	0.18193802330620354	0.8023492917722814	-0.10356467860708596	0.17325578808538428	0.21414891113079956	-2.5631994846411796	-0.008496797456660762	-0.2950662789651616	-0.37281560467919417	-0.21444765062557217	0.3467669649206937	0.11680482327423503	0.6155191130844385	0.037787751974270416	-0.3091061124087779	-0.14722551784590707	0.3051781736362983	0.9119670417903228	-0.4746702464876046	0.6503917647316872	-0.27548716864881856	-0.7255537202802161	0.17075845098225487	-0.24125868112043009	0.1184407925650501	0.4020366670715034	0.8407891732616666	-1.4378722514146967	-0.3773516257295733	-0.14569859355486145	-0.22050413204462702
DTXSID6049012	-4.015773786349699	-4.28660138766823	-0.9876874644840622	-1.9183276164533012	-2.4294898223031645	-1.4533685251839854	-0.4328271664385957	0.31611947628781867	0.23573206942376715	0.3374314339553829	-0.3042471153925356	-0.2717445076352109	-1.4144218894345821	0.4197517272758009	3.6725264254953593	1.6603413600691685	-3.1469430636615234	-0.0683213826008114	-0.6522900497079772	0.9523050862116329	0.7841656687672018	-0.9865124581045622	-0.6034549046832469	1.091128194536948	-3.410073627604052	-0.583518187030684	0.2492638514947068	1.3608188384733053	-1.1294336316791713	-1.3327396278567059	-0.684444658458723	0.851944477631045	1.5789100509477527	1.4969726937525325	0.2439682170296163	-1.1208743843019133	-1.783790428788945	0.23015394668915015	-0.7912671658994829	1.3785765142305744	-0.6317734815132523	0.2566412971240305	1.4349250127960915	-1.231532920413874	0.30555506781023983	0.16951358826523386	-0.6380875270641855	0.17789229943913892	0.42544952991509344	0.09290949898907512	-0.1789527794603426	-0.34624170712659985	0.7376388717958623	-0.3949986380458747	-0.8762111970324019	1.5767439704133428	0.4271319589823737	0.8844076001712844	-0.7204742802066044	-0.1627200567500231	-0.0035644443683044463	-2.1767746318512025	0.8694838442539331	-0.46867989925469206	0.6743251193593606	0.32373670761839013	-0.7170340470239179	-1.285302796347938	-0.03108660398668447	0.25104700413247233	0.08568041328193837	-0.0998536501872558	-0.8909097841746317	1.224772083089947	0.1859491741947686	-0.33362301836487607	0.5509617990332627	-0.30617625617347743	-1.7883854807448079	-0.4543629018792654	-0.9775569705383639	0.022559441865038863	-0.26228561157393	-0.6068334980838735	-0.033437700176172175	-1.3283390510834754	1.3740566780490957	0.024867040551638887	0.25390781823592234	-0.7277544947360028	0.6799036969518765	0.38067701412775873	-0.10251359092442043	0.1661819691447839	-0.2670374073556338	0.2160970361701179	0.264945743751385	-0.004697876256188166	-0.14295041613048498	0.12765775073205227
DTXSID6023868	9.625738000965827	5.635960144658402	-1.7983532175761268	-2.988860263764954	1.5336959742615095	1.948807134763752	2.854933625093164	-1.2591712445669518	3.4111625208339236	1.6249845042492916	1.2965662449724178	0.7416004873397075	1.8301763921139076	2.337935509147898	1.1474230410018789	4.37793177232053	2.618674922270877	-2.576916307996724	-0.3242876749849106	-0.47203236257812947	1.387378594843221	3.8938535049687424	2.221970700294087	0.08618804564473496	-0.7257562638153741	-2.9920877882824684	0.33432472124278223	0.7258826690861937	3.572964235720611	-2.769216669709537	2.1432886450909328	2.204025035200103	-1.652734893363904	2.7424639436585747	-3.2515324541781796	2.263593329523889	0.8362299603242035	-2.3980277230693603	2.662567120276603	0.670569329804163	1.6582969645517234	2.6035160426718185	-0.8959483580918403	-1.1377920992093242	-0.22803573807089145	1.3482789317080786	0.12661495885808247	-1.2400857670619667	-0.03125500567869574	-0.039644228948453306	-0.78600127923706	-1.7587390298311982	1.0268154776117195	-2.5464935685816106	1.5255966493166928	-1.023268081066481	0.21029303437648192	1.9114892529939946	-2.069859134206075	1.2379952388462117	-1.6141620012376645	3.3568467046086594	3.379816106930165	-0.13246155919212813	4.691675443221043	0.5212727379288647	3.2374856871443223	-0.07171341090871422	-0.8866322699414427	1.654348093884228	-0.20031443113208433	-1.988035007373755	-1.170251772622012	0.6117355498606192	2.3432687677711037	0.9141957842239534	-0.861614988967748	-1.1916711946167817	-0.06352838211141612	-1.389546317201449	0.4046089311854196	-0.19611746854632953	-0.9028819863451213	-0.28962483421829466	-0.07389212856794092	-0.0008804343497797257	-1.5033996201649982	0.38902733361985864	0.3802473257182479	-0.47793612351796344	0.027902628622728187	0.552462564544127	-0.5699588665786243	1.0627178543894837	-1.018276276381369	-2.3282646198426997	-1.3296767644637073	3.176306135581516	-0.8976553811803797	2.1768275720311276
DTXSID6057790	-4.265564594299804	-3.6725864821053524	-2.5173164224201967	-1.0190809767144864	1.6549760253724684	0.21282970646396618	-0.9875872341804296	-0.7298489152903228	-4.5532131231105355	0.08859535654358859	0.8208481879151069	0.884384526223951	0.852880005339354	-0.11643682139777886	4.463894391696909	5.0196442946298925	6.731154680496542	-5.556818752177722	1.4491466810974802	2.220016088404246	-3.3607592667384325	-3.012239850901083	0.14365077939063597	-1.890502459545091	-0.9091186779256434	6.6558958059841435	-3.712498991686393	0.03820734918191685	-8.246265318503948	6.89727820402498	2.444886468955128	-2.1584122341624288	0.2984873017942799	-2.0242152742368065	-0.4983379357683724	-0.9218851500039438	-4.14621896506876	-0.789849137233049	0.5335880119764937	-1.6389638055201727	-1.7552617440617806	-1.9393662680555763	4.6047043411773245	2.362431275959289	1.0242536349538558	2.334940221454047	-1.3821985742575935	1.7052853483369639	2.2576101976925407	2.357368633226167	-0.06429400153626891	-2.4702319282902847	3.614828567866421	2.525170114939955	4.213907258787176	0.9450982658923912	0.9744692806279235	-3.2276356012090592	-6.3487708059940475	-0.013006548029753736	-1.3239569237206248	1.5549380263264898	4.137056103142803	-5.069562578803751	2.394367689670558	-1.197483158723538	1.8419452711139137	-0.3441093615356056	2.1827256688150536	-2.8003062519234674	4.066396694443779	4.150713258094179	5.014204785309039	0.8931370564465427	2.8473750725648292	2.5621725903478048	-0.8680618513010633	1.4517555466095757	1.2904674118635666	-1.3483251559064517	0.543823407344413	0.24038316529384235	-1.5380385766819895	-0.6012020587100838	0.0503588653324731	0.4310881408145992	1.0992522085938108	0.0999546149101817	-0.29766341003261443	0.4842231792210751	-0.2814753285000868	0.9979689663173942	0.1882950402749985	-0.08597629994412807	-0.10851176442140159	-0.6759598523295633	0.16909698672278417	-0.04039165184007048	-0.15397586699127044	0.12560924432989412
DTXSID1027639	-2.9943518966711693	-3.723340672111693	0.1319919944017862	-1.7740244826641431	-1.9673917115830188	-1.752824463123326	-0.547577998629345	0.4846225048054699	-0.2658833071841787	0.02213374349587339	-0.5628662763871309	0.5709685218192041	-0.4021225500516141	1.6953137261023796	0.5798897640117746	0.5453101690959273	-0.5123956821081658	0.8707368617983329	0.19719446934130763	-0.6387101926269423	0.35975022528364375	-0.33851532831141007	-1.2169100451961408	0.16814836923044477	-0.27841076681025817	0.5118225667506241	0.1932607930293822	0.5390691696758937	0.21648687962966112	-0.6704401847187013	0.6128299713108444	0.7022021709384605	-0.3215880231429591	-0.1703908338652462	-0.01989118428958608	0.5531731491619567	0.11141165690938183	0.7971433320960738	0.43985350586530836	0.1874358455283392	-0.33610840853675256	-0.29752455694595853	0.293486235976118	0.2595237198263436	-0.22193781362588272	0.13885158136315037	0.030095405302827578	-0.025486833761824212	0.25983652603223395	0.36304013974376803	0.042701952117269695	0.19876550429642634	0.17475836399166567	-0.2572836424004536	0.09281578504676236	-0.14268171663954174	-0.15953325404622132	-0.2775190038062131	0.10337461015732424	0.28087027161912037	0.042488117394528534	0.11118812363604949	0.4580558349623882	0.2645385587825234	-0.49447439240885743	-0.6597535147452291	1.07996904686847	-0.41462428346285884	0.16967260830301115	0.6097873954987408	-0.17375779607895367	0.1711051422218189	-0.7123422816827982	-0.04277303825754188	0.43593937676931993	0.8535622599281462	0.16068246989261348	0.8766104161685413	-0.3984906113276116	0.22549984821220193	-0.14852439403001316	0.14141909225556437	-0.22943806642813128	0.7423478419065072	0.11911672589014613	0.09689809177652903	-0.2533273656806756	0.5012424878929401	0.21208183660877178	-0.4067637717870468	-0.49086370372580534	-0.29898607362164925	-0.01418827874201075	0.20308721566161403	-0.30686686503036226	0.11455771319051918	-0.16805629399288366	-0.17913075660742794	0.36383486105260343	-0.06625213548962681
DTXSID6037697	-3.6873756685996373	0.46202539820404515	0.23851006908205213	1.6211119627188049	1.6571901816755572	-0.6999512212717031	-0.35276332679722283	0.02277455949713166	1.7896598310339675	0.6669847561918171	-0.6859194540307227	-0.5219183223532396	0.2337549323127615	0.1763357415542181	0.5396876748193062	-0.016381695619186232	0.7396880683568314	0.3633348590987369	-0.4691898270780257	-0.9056373682492996	-0.22475218059196342	-0.5927946610562882	0.8105665178892575	0.14757481005469905	0.8008719282113588	-0.27304610518176825	-0.12315574829426668	-0.9915342374457938	-0.4653411370839348	0.34730907528386723	-1.3088026581504044	0.30854993678789067	0.46093680537182957	-0.05860346762403056	1.543726369179964	0.9229230730106027	-0.31681246661986273	0.3384966399695756	0.3582824506095963	0.3769031204729515	-0.18258118216917246	0.4507926991761135	-0.15473141917657254	0.5186247308909545	0.06161616641957996	0.20575362339669329	0.43728413940023486	-0.2601597782864406	-0.049737466191609965	0.34818634538465243	0.2870339546271747	0.09971761352647678	0.4818490366537101	-0.1783619420650839	-0.06784279112402009	-0.04366900898073402	-0.5143737822906461	-0.17788606812694358	0.21864473079025942	-0.011658646547350196	0.49332926736378335	0.3164136168293343	-0.1631611613636776	-0.023533294924172086	0.1572358726168467	-0.08463333314579675	0.12178828371426052	1.083639019190072	0.5347660234217383	0.7285644521402151	-0.09190498706481802	0.5862668492374431	-0.9309333455774366	1.5654917549046585	0.4215143585911911	-0.24136430447548446	-0.8750023431501709	-0.09796537984356739	-0.2868779715946953	-0.17297520008544526	0.6587547073835476	0.6670374869771396	0.1675413290186325	-0.1994119988263154	-0.2685550410232315	-0.24336934285434983	0.5748944225837208	0.07622044530811338	-0.08170967747371835	0.3657075797390526	0.2824932585900686	-0.16254283846846806	-0.13636497722305102	-0.04540649476453397	0.04955352994952896	0.2794233633541414	0.06664344770957047	0.1867736651253847	0.14799259846870344	-0.61393160516304
DTXSID2048664	11.46707881200536	-0.8213180308755875	11.479897371187256	3.7812515806071705	3.029721174213555	2.0839969310202844	1.2875037613175062	-1.0866242174477776	-2.5339633637244066	1.8061813575213028	-1.5247207794245898	0.41540800050547194	0.709680028204084	0.8218149711371275	0.14360877190625485	-0.5921140160182731	0.6836910145709634	-0.6670825264362038	2.8336411084284823	-0.43884082992631596	-1.3973199056519414	-0.17730016749872274	-1.889291268510086	2.029792020657632	-0.4540154519794649	0.19265959794482715	-0.6185335287056698	2.2357272092453284	1.3051504485513425	-1.2343073033019774	0.1272155920755003	-2.7773197115212658	0.5401435513633345	-1.9063013341514805	3.6744837676372453	-3.0921179702931476	3.7232404079111356	-1.6306752031778045	1.6799111341666868	1.9358358338066104	3.252104976209348	-0.695323781576467	1.1901468302453206	-2.272157186115056	2.4757738536224214	0.9957260205941804	1.975651454700422	2.738714209410766	-0.8021866011710225	2.050699007274381	-0.2172409561697608	1.2618937553766352	-0.7068250995363945	-2.850446585902708	1.396997742965817	-0.20804543044729149	-0.41889799058897836	-0.28144342538753103	-1.758940627429457	-0.6009233642565577	2.335415222026854	1.1979322952669	1.2883827855334895	1.6301119349209048	0.826834760595369	-0.26168175566813223	0.14920415901660924	-0.5462503265213751	1.969600973327153	0.8018485018391749	-1.4636318425780226	1.5003329247230588	0.9213999844037978	0.27076328540754063	-0.31377323264006196	-0.5622289965200858	0.3155846859285831	-0.48080031508711935	-0.7735363216785108	0.8247530301100399	0.4738741274543764	-1.2799393485287867	0.4531006427228333	-0.8714377136133287	0.022894465715097467	-0.33835842903900615	0.4139599548161195	0.8722970758565047	0.47561837654816685	0.447069280130059	-0.6843237265579551	0.9350898912780533	0.009278198865646394	-0.8699197205013002	0.18096692806647138	0.12524356018848556	-0.1776130794109723	-0.395776560142338	0.004056107674463727	0.015446620616031572
DTXSID9022528	-2.6596951454950135	0.19513382308674795	-0.7356560037756336	0.9559186566647869	-0.6079500790515205	-0.2669733737929266	-3.1253381905833244	-2.329160293229778	-1.5715093244192118	-2.074994498027438	-3.978606330316191	-0.3855512505944714	3.3450370477243774	1.2632858643233371	0.11093234230797427	-1.2461394104365637	-0.9043736714453694	-0.638122720554444	-0.10692597144210735	0.2871331931481696	1.0743934626060951	0.5864702124783189	0.4433648634820274	-0.12453582553897524	0.2982517008423667	0.2331723524063957	-0.2985572114037646	0.6646887546994681	-0.3199217868464892	-0.5009098068691806	-0.3247995822193899	0.215226349825679	0.011839930766448598	-0.34712139835835426	-0.5956336981370719	-0.1298949845757486	-1.1957121557067294	0.23194637972730378	-0.18179952621916243	-0.16315894530306163	0.18497968077836321	0.3318331212892984	-0.06041768819312908	0.27829136549549377	-0.10923723418567018	-0.03906251876053954	0.27318866648342566	-0.29666447992134265	-0.21607232071835838	0.10267917780343003	-0.047076929261881714	-0.2183345736600256	0.38633000699177694	0.04949649714183837	-0.17428484117830015	-0.003763672599808202	0.16283398967727777	0.07545906860585584	-0.3305585187263242	-0.15890266112218637	0.2594587350033664	0.12127934424090756	0.028526440642684173	0.6622760563503578	0.075168264622874	-1.0702930617859234	0.38571871742985314	-0.4761142446273233	0.33428985849734505	-0.3365801120053997	-0.24305113018974692	-0.2279717168058391	-0.03322757708158964	0.11320256323651426	-1.139535844818922	0.5888696100001163	0.04647141468273218	0.6052076511291586	-0.1957098531287946	-0.06673810627485802	0.04511719502175939	0.28978405647686994	-0.1312098653116581	0.34087872724473506	0.2560947393940522	0.3915581794563296	-0.09630087945205079	-0.8320519637297352	0.07471797898095187	0.0012459747443606189	0.2381729048818549	-0.16555140707635727	-0.45745081709180735	0.17550693935424552	0.3564035618745179	-0.010878966317750453	-0.5960320769582034	-0.47610638957915963	0.1953557748626049	0.3514902686408425
DTXSID7032559	8.448468686730084	5.051441043383575	0.17448520731692177	0.3268957982660139	0.22438224895346554	3.447400139237782	-1.4843714534117456	-1.4180106035079918	0.3454779655870686	-1.9457157255337594	-0.3623792821360388	1.8904833056611305	1.9815863818482398	4.2015983770800025	-0.22185473458576932	3.8818480354252545	4.755660623029816	-1.9800489845883795	2.4740604422956847	1.1655084939451432	-1.765558262956311	-1.447814982998322	-0.7732669442920022	1.6719258051770098	-1.315709870668401	0.1796995642932537	-0.618981443852512	-1.555328314396284	-1.0400351809204342	1.04343357374953	0.10012801458800587	-1.2151855430378113	0.173167192095981	-0.11443188156476232	0.48588366527975735	-1.0722950767407085	0.5233495769396991	-0.774537237354138	-0.7308677599520074	-0.07165440876662853	1.0631976227916344	0.48016713409075856	-1.080406634156522	0.49989517100922526	0.30526171346630127	-1.9241684147578682	-0.8312379783013188	-0.334893242708983	-0.3813793463621227	-0.08215894682986061	0.07580831317909822	-0.9242789109278587	-0.2832983435042063	-0.07316192552642062	-1.6968804472906316	1.7255891605835754	0.3659564734538535	0.5585515910308615	0.804927306583675	0.5628629852885748	-1.150875020696768	-0.29499424446168	-0.24189390255557214	0.14900921316912247	-0.6540617885807113	-0.9186575337267304	-0.663700387292796	0.10453118693529152	-2.158723708634792	-0.02990847455961051	-0.5946003915063494	0.03438613464829049	-1.1915522930325888	-0.320661295821079	-0.9500378589844163	-0.9007715281615719	-0.8663555455304234	-0.6878193401549496	0.5640207663538426	-0.6140515143611639	0.6671867138300932	-0.14285369581716106	0.6036581600156001	-0.19070051075108616	-0.2009482735819557	-0.16068260466917367	-1.070871025610821	0.3301110361984924	0.04997544581738029	0.02473326561782222	-0.4891463473822501	-0.599038581334285	0.8969756295015849	0.6473079556339435	-0.7633606640818218	-0.40159062235936466	0.5153528574689819	0.8007914445259339	-0.39345872182036373	-0.930595062438473
DTXSID2020686	-1.1370015355103584	-0.87645340608419	0.12181283984114784	-4.758080969086392	-4.052166445899454	8.874551819156453	1.0396801886664007	7.949956761497607	-2.1936843712983567	1.5404363319662073	0.631105124224734	0.45181273927128246	1.1534074456072518	-1.1933359892339224	-1.5502343034845978	-0.6052308026188257	-1.9674023067744804	-1.2780103456373662	0.3250407289407733	0.37610768707191133	-1.0673525046795234	0.661946820010561	-1.2533773751734056	-1.0265834974849666	-0.816546900585386	2.702758572248547	-0.12197899389268561	3.475581084332249	0.38743796264123503	-1.5155874431332286	-2.9261169907908458	0.46144285527191636	1.0461418849651358	1.2835092405938286	2.9422636846714796	2.3253793962620155	0.27898248318210933	-1.1801430003555786	-1.2570748943168017	0.22480182867079143	0.949477759831612	-2.2832607587762404	0.9096874595340142	0.34076507148419743	-0.03562446538085091	-0.41442674898571286	0.22027717374351624	-1.339229358884095	0.3974884130648801	-1.7026057008544424	-0.04533256186936714	-0.8725916919767956	0.7955726701043799	-0.5129620808127723	-0.32709101594935697	0.397224820883122	-1.0289184390191548	1.098654750029526	0.8822046009765789	-1.8830141156102387	-1.4567359996723017	0.3732562794283003	0.41463904680179264	1.9052049699250697	-1.247732780947148	1.0448802979900196	0.7513202472511505	1.3878558545691084	0.5145744121696525	-1.0580619787925787	-0.11982552952855081	-0.18233864041578682	-0.44128916245222605	-2.1633985767112915	-0.3737189240180943	1.6428579529546943	0.05077977642301554	0.5507594069801365	2.9711847361258776	-3.5408743068624045	0.2853539119078602	-0.6134572073071197	-0.5134672144600833	1.3401230400741604	0.3232433862395823	-0.6871870204118836	1.0248740845172977	0.9545126966089709	0.030994233785881124	0.07119963314439728	0.22316398533333717	-0.3944066032813193	-1.7768455933422798	0.06045592914685365	-0.5296973618631559	0.6669675029049817	-1.068034491819588	-0.6620294747647189	-0.45463047976599213	0.6288737556861038
DTXSID7045316	0.020374071403939174	1.0380077405658177	1.5597415543932707	2.1881620784013465	-0.9656469064954283	0.030596692603925845	2.0576059398014643	0.6954894742684165	0.9879343695144988	0.3680177329623598	-0.23680769203133065	-0.12221918525002927	-0.17835715060768692	-0.6062290638715562	2.6237080671751083	0.5089703132955441	2.1419961146475317	-1.392152360263055	-1.9742087717242662	-1.534506527682764	0.7159067088261585	6.36068623669145	1.8693619210787027	0.7268606672118516	-0.8086770311638907	0.5118815326312506	0.9497246386447857	0.2083692472199307	1.0329013352067213	-1.1400890967141382	0.9425047777275046	-2.155146580990353	2.589926768737753	0.8592858992485288	0.13075458468210235	0.08291562587942362	-0.7500155863773844	0.8728783688492779	2.037857376339662	-1.347329364852099	-0.22147801721748994	-2.8063443796993313	1.7026913168189433	-2.4410184733422793	-2.6071110060252414	-0.5188290488627278	-0.12031945753487466	-1.5559401399667305	1.0992793049642946	-2.711166800488618	0.6957220798088348	2.451817504833663	-1.134896762807163	-0.051391620573989764	-2.213944454020529	-1.0890452434591134	-1.0026530848826722	-1.287294731766001	-2.0890840983374	-0.4474668888672154	-2.105306478654429	0.937766238535056	-2.2277178830069237	0.6995976136498513	0.3010557258115083	-1.247246040705704	-0.10031582622647901	0.44002942784611154	0.5161848519246264	-0.09415158588289689	-0.8131731538981875	1.4316062146531583	0.13146290149829332	0.3354228134923522	0.28155900841687603	0.9312777446220469	-0.8622463554891019	0.5154421592395888	0.3523765774906648	-0.239395353664732	0.012919925836187757	0.5018759976068937	-0.06098897331896118	0.49721378588833576	0.1104104206101669	0.07572460158424381	0.4703210358119298	0.42466512702444736	0.4282603372504295	-0.25838168177544196	1.0550887810774672	-0.5577499214896215	-0.7491347611841497	-0.45661187238647877	0.681654457305742	-0.7875489025850887	-0.18605919293079817	0.5775429772080692	0.11914019962929853	0.668235888128104
DTXSID0047292	0.5954610857552022	-1.2264506257272336	-0.21052495381253652	2.129148784146096	1.171492718514427	-0.4734080102793177	5.136746208209226	-0.4267646878268652	-1.9143527005307845	0.9930461279475623	0.36478579034332914	-1.394037340261694	0.8018938178777835	-0.9636826423869386	-1.4703788789877033	0.5283329647479363	-1.6453958719539352	0.5866929599316875	2.991656381923318	-1.4158563723913582	1.8612630752345276	1.1205415275998905	0.35364729258052885	0.3632450925801619	-0.5555607670734133	1.4622179100043422	0.011525602158496288	-0.5609514817530566	-0.3437600583639099	-0.23598403884275	-0.6374281143924028	-0.5759867604456484	-0.19442052890625341	0.3474330847710595	-0.2606553930385443	0.41651686843934527	-0.0730628613337129	-0.5633928413035514	-0.571007032137357	0.7556167081442332	1.417239781300915	-0.5906742031663145	0.42318535853116696	-0.11783142828805752	-0.5218262843323732	-0.6351049793009862	-0.30593881652309673	0.28485087125190217	0.1937843402731828	-0.3589384852965003	-0.1658835220270238	-0.2399376938965214	0.01728602971926677	-0.2810909332472488	0.20795217784843867	-0.37895005880324006	0.6419903229898763	0.2734950334398976	0.17154711143389648	-0.7946711377981028	-0.3229146516395032	-0.10695125389903432	-0.4312951116440714	-0.1879410348212657	0.27686405789447865	0.10178594052652205	-0.1574883878084552	0.7552207548980376	-0.10584569517157974	-0.8448163095700829	0.3540579096650264	-0.28856212909837003	0.10621700108591627	-0.11597006208036865	-0.8304681373005279	1.3780804117210155	0.7391906341979236	0.8441640169785883	1.0053030426015295	0.42591573986877185	0.5014509757053403	-0.0903635811313027	-0.06054471895886496	0.38766399062444223	-0.3875177102938249	-0.02464903382868575	-0.38406410151087017	0.9594441011978806	0.7150014258341262	-0.6276881725746108	0.587009073253892	0.3631331621411022	0.09740046674565994	0.7843241844203995	1.6548255521739728	0.16480304255341496	0.11594542894711903	0.03516810106158573	-0.7193452889989972	-0.028500771315325947
DTXSID00442840	-0.79826991480742	-3.1444288205597566	-3.255255442683072	-6.449846285513283	1.1602335050732595	4.856999616112321	0.16194138220479767	-2.153325323143795	2.822066398456979	-0.7387969323718702	0.2273552105908204	0.23734323110199093	-0.028952568270585413	1.66160107456458	0.03276354609114548	1.0441406497195593	-0.3194911493415472	0.304044706712275	0.7731921858405465	-0.3915828621459475	-0.1538751725420078	0.24634707328611488	0.0766272447439059	-0.4972278201866458	0.41578388867878646	1.0195395102795666	0.09860803721289753	1.2284082042263398	0.23989654125034518	-0.565725121522093	0.0747816203983683	-0.042837084746867815	-0.12372054903788814	0.1992106708328136	0.6752885389472049	-0.017625814897166678	0.9535123572069687	-0.18976766284143748	0.09815132145987458	0.607886408423898	-0.018797746712171774	-0.27167886145246073	0.1431734685433422	0.1417431220423925	-0.38582184668158503	-0.06340172552253726	0.1316328033577469	-0.2556869212881842	0.10948706689625386	-0.035107229832753356	0.0724614936544664	-0.06357069899415199	-0.11213103848311702	-0.14169179940928595	0.0950836887409586	-0.01332432280898609	0.15060248878211635	-0.117630540148179	-0.045441905776075396	-0.21976700130234858	0.2040653530108502	0.3218929741911466	0.5423225411281819	0.13430175961452975	-0.43721779706371106	0.26799683390143425	0.6075578799519964	-0.5060071174191858	0.2588601238650341	-0.10554468156912267	-0.6204933245692913	0.46478333144245126	-0.7629235629145862	-0.8067861347834742	-0.6767891582604026	0.2741983729151086	-0.7236534737162326	0.4007730437440096	0.6235862014251871	-0.2718064453343696	0.3423155009246302	-0.5319266280506146	0.29308826996020376	0.37687397775749276	0.8073533124592112	0.09724506574313539	-0.4350019829014438	1.5197975475301244	-0.11609423641584796	0.16594370384061558	0.8139421550809788	-1.9019263473543564	-0.8337572089599384	-0.15023271206332314	0.019807651461365493	-1.4488595341072303	0.561289027596012	0.7849042254992782	-0.9430594662976951	-0.8947512450289041
DTXSID8021309	2.5753471126373824	3.955028919087452	-1.5634394752587804	2.912472377289475	0.7156861171916169	-0.158789547830596	-0.30189980191264787	3.595177213068724	2.2337665716061927	-1.0710650836803908	0.309552425639113	0.8699984862072474	-1.1667433188468923	1.9354058573335033	3.2926665465613856	0.6744171388599933	0.896287894078446	-0.2036602495859474	-5.312537126751574	-3.4993106910582807	0.47228525924015313	6.947670989616395	1.712005258071407	2.922313604178795	-4.215478328652638	0.9957656207397105	-0.3811126212911091	-2.778517114073593	-0.22613039175826855	-2.5028033915216183	1.4792351097704441	-0.13904648005596737	0.519426517420945	0.0031755831758383734	0.8158887913160239	-2.8712448003018953	-5.735503031529131	3.8787834020248346	-4.0983486900391055	10.196277570737067	0.46252516479212996	5.988850515701947	2.8911595960865424	-2.1472263678565437	5.114431133335516	2.1301025784879686	4.534553994771392	-0.055707913297319604	0.9023795776661087	-3.446964677263575	-0.2254429352304892	-2.3834886229980237	-9.723283889139028	6.517579321784709	8.333126457567111	4.34457084269936	-0.11033177926920006	-5.304910171285146	4.78610009916885	0.5746438538655679	-3.931768617933275	5.107647861599127	4.419997585705013	1.0688874408939584	-2.6873582596497183	0.5059905332622137	0.43563640071553794	2.1708601968257817	-1.2939801547736178	-0.49828178716695726	-0.7014307525714946	-1.8964653761840835	1.2369635976203635	-0.6287841656661812	-1.105561039181961	0.4555166025927069	-1.1755053440215935	-0.7498418972621109	0.043709523456983174	-0.11284065379692491	-0.41260819827507167	-0.1432706917615748	-0.2919987972358862	-0.2703013766168385	-0.4041934570749116	-0.43018082740168107	-0.17257172471514898	-0.6392732230311016	0.6814175930937318	0.5825300932966189	0.011428935556037969	0.13803740086491184	-0.35030962547750394	-0.4230160585789672	-0.39632505306258403	1.273212053014705	0.21731343802328595	-0.9663515405804128	-0.9518564563931715	-0.5266010610413279
DTXSID9021215	-4.611990038485049	-1.5716646273596262	-2.705795618685985	2.327875166727685	3.2145251821635563	-1.5039707997505238	1.9844430524143315	0.2710943449457087	0.3684888753254362	0.31958399944633276	-0.6173439529405004	-0.29963927898818943	0.14104939601248373	-0.29543772909989024	-1.0065222510850997	-1.8771549364389615	-0.21079835753313583	-0.5842722861764261	-0.339918171204151	0.5109651652764323	-1.4407634392313753	-0.17351816128426928	0.83023797813707	0.6325073124021428	-1.3893207718791407	-0.4694665767099514	-0.672195749351057	-0.08749527253591267	-0.233349533930178	-0.6189353174547463	1.0729212403264636	-0.11450140427955253	-2.018123490217559	2.32473891849066	0.6119784742212542	-1.9867865505690203	-2.3279337420993924	-0.8717164386001794	1.282542970716596	-0.9394530324350683	1.1574619683096592	-1.3657321605843966	-1.7699969307176349	0.38227840345653397	-0.9526865753594853	-0.33359030443487636	-0.9673310350947888	0.48087437884063516	0.27403919816408046	0.7462411223996266	0.5097430774423196	0.8313981266096163	0.02650905142669833	0.6233558725682634	0.7213040014771164	0.140269236732226	0.07453795156644062	1.131081948062993	1.2270069864108377	-0.4484673403121191	-0.004607416802895975	1.5405931675648936	0.5176412058071427	0.2714496276903736	-0.9814323394977054	1.075421371418192	-1.055276325245478	-0.9432778233010891	-0.5329239027129382	-0.7825248231155589	-0.381494802448257	0.7712883705933474	-0.03854587744875121	-0.4128157602398398	-0.48082969373597784	0.7308426602218939	1.408076459342939	1.487059697152104	0.42141595132399595	1.323416384506291	-1.0854923688103169	0.39759732966839617	-0.6771302596458939	-1.3996211201922741	1.117739575938824	-0.6841569398560334	0.589641510418415	-0.4297944717293777	-0.35651088007913684	0.8863314154523138	-0.09078570947131762	0.04908457284258005	-0.42333245280523485	-0.2907390851054407	-0.10603193076713112	-1.1425715624949733	-0.3978600424652726	-0.24308693329958334	0.11636666211049726	-0.4030264267221386
DTXSID7021493	0.3998942931711824	-0.9650645010410781	4.588056872253313	0.49246312960257554	3.0400407695794898	0.6940409344303787	-1.8547845095507756	-0.2929961403279462	-0.2657910108315025	-0.23416567795374843	0.40266541105050124	-0.7014639032987823	-1.0174709641724835	0.4758789678442851	-2.1125672571138145	2.16263164780965	-1.653071362402607	0.26974566190779703	-2.4130044906553887	1.5733571795673742	-0.004838570328092907	-0.15870701184377284	0.17307026460199024	-1.2920282919535366	1.2951474351189254	0.3107700741899828	0.9782291380657254	-1.7242250308222835	-0.3252964306298273	0.8361968132566096	-0.23580980434693133	1.0521138797904372	0.48988347631352436	1.08276894893721	0.1805868548991486	0.3493449022195136	0.9034761980573661	-0.8025677083061951	-1.0299987017339098	-0.5682554264708934	0.2722127687044949	-1.182931100597307	0.0783008353188501	-1.7405579430298006	0.4940602129885724	-0.5834906656249772	-1.0461601645426832	0.10920544847213721	-0.06731344684941268	0.006374152007474146	-0.10434784472307213	-0.48446154090436877	-0.028623299911833235	-0.06829762833502191	0.6305496415973889	0.622258881705809	0.3384716781366272	0.06322000867398811	0.946929098624012	0.343382031206508	-0.9239640658206109	-0.044573323208843094	0.04918704185709727	0.8885976719636284	-0.4439268836442074	0.7852043364961874	0.7960170179672064	-0.95994455787811	1.0640696987828764	0.22837468956435672	-0.4545143038523509	-1.0093967951212472	1.1309705763453677	0.6779041587196263	1.809375292863194	-0.34540481545161517	0.4136876380719619	0.7280707857347459	0.2483809090668609	0.2311128846371299	1.139663637713788	0.2638120492797179	-0.0857359150925586	-0.037114740544646904	0.13471989729266623	0.2503088843184969	-0.43138207260126055	-1.46590790007727	-0.024796559757422617	-0.09433784003176837	0.7055777927522279	0.42297918087915864	0.2905453846991396	0.17022314989081222	-0.18107992121007077	0.0056012064383323835	0.10790077773505513	0.14362067581582735	0.06870490055403235	-0.41159098739212097
DTXSID1020439	-4.643752041805953	1.0279878652474432	-1.029587982214282	0.47076324526539237	-2.6394121457245263	2.7589852299099826	-2.3998718228930183	-0.13181209537929345	-2.217054363520405	-0.9156820411736106	-3.5701956866863265	-0.027058393233348167	4.434550313389649	-0.5417613922070396	-0.13740988023100686	-1.1568683755936833	-1.2238785957246203	-0.551617181347444	-0.5736063418632978	0.4027407639710158	0.8609987929780626	0.46212635795669843	0.6223527939453319	0.09955866539457055	0.04130037611222084	-0.10263238913584341	0.22004335667070146	-0.5203124371665477	-0.12887869981845124	-0.3283604182229575	0.20648693180432848	0.2204462435212158	-0.11055231235861619	-0.4106491114318165	-0.39841611895281803	-0.328769919170799	-1.2263511198465251	0.18649778959471586	0.1384121464184271	0.07114833768101078	-0.4015490575591299	0.44062171389308713	-0.07264410437822723	0.11821364323108102	0.185696250516102	-0.060262481496282064	0.0032217252528272916	-0.31550847537207366	-0.28348782675129724	0.30101919401290095	0.03979492483306085	-0.17233862020627483	0.23194161330969382	0.1703247863466256	-0.23283991232977438	-0.13041525283466332	0.5808642814846812	-0.2433542298225365	-0.20631595404859276	0.17613643410149726	0.565982825815207	-0.13709839141320707	-0.19893375067094618	0.4026765676885908	0.2627420961164049	-0.29455458075036967	0.20201614810070725	-0.3383549089452798	0.5577610480278262	-0.3590896309483878	-0.08515889124987804	0.11634826882224926	0.1959077851078057	0.17137995019070956	-0.31797212324431917	0.20313020340087853	0.7458597269876328	-0.09873083532097589	-0.10760964509577758	0.2508156378384983	0.07030536979669824	0.12551308377374099	0.3463133609040941	0.16718988058749906	-0.07504727083650453	0.1500222374645002	-0.252981599854393	-0.4050082818447849	-0.07291985924665971	0.009464968421168611	-0.07503051842082471	-0.24624486262474718	-0.2086667362988013	0.02201282938064281	-0.16208851778323663	-0.5158126747675296	-0.07732961987082458	-0.18254831480804243	0.08244365663974448	-0.0012489406916453673
DTXSID8046799	-4.775490094363189	-0.8701718953486102	-2.9141667314780295	2.316557646527933	0.23655021542811824	0.42497666900922415	2.5515980795149633	-0.7053117995619044	-2.4790597264744476	-1.9526564661546515	-0.7888454100121269	-0.49269135313493634	2.61165936961253	-1.3682920872995035	-1.4191180070675313	0.7552314563825222	-2.1591984167513716	0.4320438521852696	2.492607037663573	-1.1494883525432091	2.115657857185028	0.44065721014758874	1.2530831354794978	0.785316484312871	0.033041238733524235	-0.3805373626360433	-0.2692100421878316	-0.9169302401520452	-0.1449330923809208	-0.28871389778022083	1.5073762814587572	-0.8642318612515543	0.23560161370148242	0.08712656618775685	0.12775803960427062	-0.6874759661822031	-0.3528970918319874	-0.38061076671450444	-1.1077884313293151	0.5015315505983948	1.310725255998655	-0.6819618633804474	1.5145923071074683	0.7379337245262595	-0.534850635513086	-1.0360947045109246	-0.44455317933736715	0.11236298301120644	0.18022254770337676	0.5214710360820171	0.08597790696511654	-0.826775042018551	0.03132289249415407	-0.33675074887153844	-0.33142326398373395	-0.4169254339836757	1.6129715140080692	-0.8812032843842854	0.6762069714171598	-0.750699668642454	-0.29525555563684613	-0.622096030977876	0.028959864514123457	-0.75660708972522	0.2422550078325104	0.706864566103007	0.18384909967803797	1.0299450836015334	0.1687913122213804	-0.1894159858930008	0.11285892300981144	0.5258646611262323	-0.37123151401891347	0.5613187563892352	-0.3813005421224742	0.185835846661034	-0.07587691926362139	0.3337566756741763	-0.5637280110930236	0.07392786878169663	-0.09478486507224317	0.3281939477017787	0.6624104832658673	0.9363622974639599	-0.12515602382417002	-0.1690895516648921	-0.031512610051260596	-0.26758861987241667	-0.8132963909745119	-0.45554698852076014	-0.6514085075804793	-0.19859587273318446	0.1795913502221558	0.07267011693028694	-1.0641445567100034	0.22059198983446954	-0.3240934477944073	0.5151471290744258	-0.37083238581212763	-0.26840282184467856
DTXSID4044585	5.550221761915589	1.758075854998162	-6.099694472103253	2.9844836247023854	8.90895999768347	-1.721908497308758	-0.5893885390862985	1.9301666336256946	2.233219772728524	-1.8075583231798993	-3.0825221259532842	5.603725856810073	-0.5792878553867654	-4.560703281822487	1.4002553090863785	-0.5155047339565575	-0.6123082033745403	-2.256222809135443	1.4196810217713511	1.14348456275976	-4.642652302052933	-1.6942349730508797	0.8893843030536449	0.13561848758929865	-2.3572186439838254	-2.6234050312844412	0.21664684501256615	1.880440862686308	2.0489482265059573	-1.0161265447671441	3.849917569568324	1.3345691399892816	-3.067646537805264	5.511688506471843	-3.5070808611399826	3.1182180794993726	1.4882435332263833	-1.6680937193963619	5.957820638314383	0.8208817736492088	1.479185174458057	2.268093345906926	1.9598230319113763	-3.4769071817406787	2.4692984217915748	1.0055205462901395	0.4726435355192441	-0.8133038525313087	0.16086066675039595	-1.595141060494513	-0.9343076417707499	-3.1623717828902556	1.962175939308012	-2.3768342929118607	1.931184013563284	0.33085631245753944	0.9800419043031569	-0.17454082089377188	-0.8512960953574393	0.52227794179206	-0.5880787663365536	-0.4919039653788862	-0.3176308129687896	0.024539417148717782	2.37498736086284	-1.8605938939423576	1.7271396704562065	1.7931294284506691	-0.7633578371905321	2.952385530631137	1.3638350378777315	-3.365829852501183	0.11500657580044475	-1.8185226100392637	1.8993759539225308	0.5104397796885674	-1.630468339999771	-0.395487234187439	-0.05784620730221609	-1.9243827268756306	2.5656046300256707	-1.249812918584537	1.2902879418592936	0.925678098329698	-1.3863263957921028	0.8088768248475148	0.7086518887877459	0.47150663284295263	1.214546000159728	0.07498913161969732	-0.24213675031812654	0.8164554709876222	0.29542096769135834	1.1878389146644972	0.11806508439462736	-2.406383838630157	1.7343762272686076	-0.12021474835884861	-1.235953985621394	1.709767493255301
DTXSID1044720	-5.5775648204608785	-0.6695806429744628	-1.548516689941703	2.4329050987193965	-0.2259129945666663	-0.5207756339231459	2.384798179079503	-1.3958033171119413	-0.3141178272314817	1.3807468970893002	0.18071914243369694	-0.9131692533358992	-0.4545210688993803	1.472741387386412	-0.4379494178427166	-1.7297792216139007	0.02507111510257345	-0.2623974596210973	-0.49510843500454366	0.5196783349469387	-1.5935455903774365	-0.6124750462175219	1.1272738954795454	-0.10528966354849054	0.9027478542064635	-1.5039377479538223	-0.8267812759498219	-0.6483749082417746	0.3126400340215149	-0.14212015042097212	0.6592753017857047	-0.4138369995612331	0.14850798502428675	-0.1860550985454061	0.08469968620832614	-0.3093532107746235	0.05159017569615501	0.47708284564448306	-1.1366091659648276	0.39189647961734164	0.14014002466685585	-0.38128872489766924	0.9737145002227173	0.636256013036915	-0.4522336051812668	-0.21101084698797906	0.30742065489861703	-0.060627320590801316	0.35815445028311926	0.24010544066419054	0.029340900979123542	-0.33319351854830936	0.06336851890703958	-0.5346097625884212	-0.41226633113037325	-0.20498798772933505	0.15494994896722558	-0.7773678075899089	0.10867665296197097	-0.8288748478833459	0.19915919779067373	-0.6402495729629634	0.34682089630853336	-0.2919123343157456	0.14669095278956878	0.24566291081387617	0.11930295786161134	0.265246443747803	0.29709600422034166	0.07352532524526649	0.1265079423729061	0.02554489265273116	-0.41541866886127593	0.3434398317855088	-0.2649432214573189	-0.16558501740669843	-0.484302745022263	-0.2655952091973125	-0.6031279431017703	-0.4895016957309305	0.10692740410847919	0.3183205318872833	-0.6696749246617718	0.0301379910643215	0.43409382983531897	-0.09958408416698594	-0.24989712617475762	-0.28944765433795866	-0.19085112024967557	0.0756319788576828	-0.6654752429730566	0.18050004625780583	-0.5547007286892579	0.2987604303911997	0.1792400883072397	0.23629756336210972	0.37900553510926455	0.11860051564313151	0.27979246183539297	0.052388937252153926
DTXSID3022871	8.045407795072174	-0.5808571267340471	-0.974809662937496	1.098301813744079	0.9681952394018198	4.0631256811727265	3.408337696440123	-0.16203149205777923	0.6261806800588001	2.914991763548338	-1.9484264914984974	-1.9099366620222238	-1.4656885278668814	-1.292153712935248	0.3570943584412484	-3.179844832653964	5.5346307065006135	0.4071178236230941	-0.8997407282250318	-0.6420628483637573	3.6437297652202547	0.72213337540788	-2.0593304140353217	0.8872964998585874	1.8276381389780259	2.309774728623069	3.3286006004807516	0.13838340836895902	0.17211767499611083	-1.5789160937814175	-2.075020444717185	1.620792136690416	-1.225323439330806	-1.3305754531894205	-0.7061440793184919	-2.0351126913426505	-0.7857044265765744	-0.9441493400195713	-0.598597389175956	-1.1066922722723058	2.4175987145507754	3.369141820233052	-0.17534566383894984	1.2441614197375064	0.4219695140601285	-0.1541123947618198	-1.2433580908294364	0.2045307079658736	-0.20769827561989673	-0.3841597346294731	0.1836881397451472	-1.3266486907832606	0.5405452425844475	0.9346993216014007	-1.8124415151348017	-1.7860156428801597	-0.03862321941164131	-0.38006481219231036	0.6292871568350268	-1.4655208080158006	-1.9814956139069213	-0.1329099696695776	0.8834672121636143	-1.4171722665773243	-0.9920496505525402	-2.0198160956966844	-1.2239502331715522	-0.9762366698204449	0.47535716177001036	0.749826679982671	-0.34053841108867966	0.9360850040177223	0.714686366276403	0.7363311477551847	1.4824194681317908	0.26187001880279176	-1.7349129160383117	-2.539552934542815	-2.402289586985323	1.025234898122152	-0.19614382659739124	1.8758079379805843	0.3425947892005215	1.2545325205251527	-0.9534311857880665	-0.5732129527245772	0.3710376709317362	0.19084040260839302	-0.608622298327151	-1.2849253090088713	-0.3376207141146442	1.094014203534969	-0.3852777450310916	-1.1365873507572775	-0.26705823543930535	-0.30002868030962615	-0.1291410847297078	0.2795884677709475	0.7167122771334311	-0.673882511568099
DTXSID8027036	-4.9011802236831485	-4.18878207222946	-0.22622133866143643	-0.5320977857069465	-1.7187403014745781	-0.4124364046328837	-1.175947000013035	-0.37061836066050047	0.10667188885173587	0.7217786372104934	-0.01623291883718488	-0.011012640948104616	0.18076677264970797	-0.17175233789073246	-0.23608213268029665	1.0253787540295098	-0.45300107263254896	0.7503169785554552	-0.6082457807341464	-0.18389065312170425	0.12225225673897845	-0.3496799672975858	-1.284706912619003	-0.4083877102305251	-0.8780247163335937	-0.1888096598156146	-0.23729910473275584	0.20726621601349118	0.3874322196658018	-0.5803692879183948	0.31281300471680845	0.1588897488752811	-0.19024503452513258	-0.3310936154184884	0.1145185141816909	0.7792280791551424	-0.18070137823335042	0.45774997076921126	-0.020904576704340566	-0.014403871986171173	0.07556289131922941	-0.20941155877769457	-0.09093147153656032	0.15120575200564806	-0.10423105640759185	0.3815449781712548	0.038477204770753434	-0.30027047983072286	0.1443348213432627	-0.04222341592581135	-0.06952134053278401	-0.15400484480602336	-0.16926870650580844	-0.03221429244561352	-0.21876524088774413	0.07496438690257073	-0.1827057522330381	0.047763964253013054	-0.31901245831606934	0.2571982504507104	-0.44148735031895037	-0.19289476731026528	0.5727479186770119	0.37052603182413196	-0.7256771444769747	-0.09755615359178198	0.08346597016490453	0.3894599728477739	-0.12705907923591697	0.06877260881079236	0.11574453054702034	0.08488797673059942	0.09309921348290628	0.054835530141459914	0.5031043105753322	-0.3155410516955038	0.3376859409696122	-0.12850474224887434	0.2904598160467185	-0.13191044804622323	-0.04135678043258297	0.08429168095957952	-0.07169418481633427	-0.2126393067747847	0.19986466313694382	0.5143033161290131	0.4878921264934933	-0.4214034577999995	-0.3201456912275727	-0.6926904689605774	-0.12712701050460337	-0.050247647153387476	0.918403697815804	0.4150478865080173	-0.5105237881755914	-0.3269568847722581	-0.1548012958358834	0.06485114049379923	-0.18433577200446	-0.1522112994997693
DTXSID5020865	-0.2493578296492268	4.438824001786936	-1.9531722734023278	0.886852561366914	-2.8569351074446603	0.9554996055514596	-0.8216467169001386	2.3377178721472505	-0.015603501123248546	5.695673735968707	0.975073128282379	-0.7702242193118753	-0.9100554338240473	2.8947755010683376	-2.275411617345093	-2.8146319474626997	-0.32930654443098833	-0.4805050470154484	0.8131005756657553	0.48879314250951017	0.2393634776967846	0.3629823819777713	-0.40565490403831306	-0.05281236671629359	-0.48979523992766694	0.10601194122324611	-0.8410086805253867	-2.114557826131844	-0.4692724011400285	0.11844848835637765	-0.18052987373355345	0.7334145131977939	-0.2963864092837986	-0.2828823351082891	-0.4986103848876242	0.49148423755895715	-0.12641307062405882	0.8347606337678343	-0.14640150729158197	0.4552892605318888	-0.47232108915838883	-0.07158411978083819	0.824114340453791	-0.2886787614283204	0.6316293062190087	-0.24076081991649861	-0.20236161272556594	0.21453191205109218	-0.32862997308180697	-0.03924874900789086	-0.37954744943595503	0.061268767595686224	-0.0065577567482673505	-0.5557652998549429	-0.47741369087213853	0.19032129927398617	-0.20723007151706985	-0.6698094357275703	-0.28021188280594045	0.015601687470595803	0.5939754928364386	-0.3296787522729251	0.017540237298253217	0.33004118160876994	0.6785114141207157	-0.5730433772524546	0.22729813469878105	-0.09504555826244353	0.9661018035611074	-0.28682610003337644	0.20601077991938263	-0.6086411342097608	-0.0864977513888773	0.3378404749854793	0.359226806708406	0.11129725794567985	0.9193798868212828	0.17747860111316147	-0.8484645824883388	0.38268343393580484	-0.2737817725674407	-0.3234681661534623	-0.3934798991241578	0.6823709902791294	0.423637675523482	0.8693684217190195	-0.10829507175979439	0.5221172127192684	0.2042331379847721	-0.5801132278951027	0.16759533951637437	0.017427654021587302	-0.423787516699135	0.17704763869985168	0.11908501599060926	0.32839818877926974	0.36723479002781884	-0.19918553400651726	-0.14209753598795	0.6211110389140299
DTXSID0040757	5.285883900173755	1.161112853503628	1.9040391960625034	1.9296692231259491	3.7371021958208197	-1.1498567881552835	-0.013486541707515686	3.904414867001165	3.03259243724869	-0.6004440762308433	-2.7028837725771826	-0.14241709412970277	1.5448475604752623	-1.4141004035883629	1.0244391107775466	-0.7762018689328022	1.014009089618685	-0.07992767150433133	1.198135337922389	-0.49145773075918	-1.1799931128273884	0.005036928675155904	-0.0950060736817194	-0.42774320004458355	0.5086841723853637	2.5360124696615154	0.21933716564832262	-0.31136990460873687	-1.791266254060581	1.0820868902677063	0.5279388588335803	-1.5418409574699994	-0.42762255747863764	-0.24670070499371585	0.032915050294515316	0.5453117062457855	0.4249497945438712	-0.9338613690900739	-0.25676090645499616	-0.3188386486684896	0.1337775688829084	1.0878542735180299	1.7743206168548815	0.03207531687138698	-0.5752522180156959	1.4620376951923866	-0.41608998489314564	-0.7359778462143293	-0.1320420506811242	-0.038101331256510766	-0.022689372540265346	-0.16707401018537843	0.277146283195143	-0.1363623961311133	-0.2069833157241566	-0.44861438579235824	-0.40097063849336895	-0.1721723643572672	-1.0403801917920146	0.19811264568054449	-0.2241567539486503	1.3266956929029183	0.08640502813701777	-0.9519494039903813	-0.1964161985317515	1.3562801905281967	-1.6787947610381728	0.2236192937891815	0.20688999846445866	0.2122096559711223	0.4560730345024153	-2.6635070689544644	-1.8002662531820024	0.5530288838903572	-0.7134971028030307	-2.2672016610509833	0.22788252819046617	2.438425335672738	-1.492960442213643	1.4321651653938425	-0.48586709621627927	-0.6728122327646208	1.1456896994769414	1.2261810445205696	-0.921095548899086	-0.060570998044922775	0.12529050784258156	0.423673394633972	-0.4674487201875816	-1.04783814928272	0.2210114877982294	-0.22516937883342514	-0.7854835870337499	1.8361045178123059	0.3208628589433866	-0.43674388908630246	-0.39358439757018027	-0.8682509493826832	-0.01000003411820209	-0.021377917526609683
DTXSID7025138	-3.856338996919068	0.5893120916723046	-0.5510690609926983	1.1635449059943246	-0.24590069429094188	-0.2982339369016564	-0.18947920009334626	-0.31376280703273557	0.7892502491284148	0.4016262107942466	0.5015374097790479	0.8698372786081758	-0.7686805521879745	1.5896775050849752	1.4788939020535214	1.300140549833182	-0.8809738016448004	0.27748463569071913	-0.9355066687314735	-0.29019810164455484	-1.2175136581768435	-0.14873293654876707	-0.10433800905451046	-0.47258610146247537	-0.4967534990580721	0.06461712804583257	0.4398865816875773	1.9030780833360754	1.1245296503774693	-0.8742213146143245	-0.07046052979106703	0.14602478969795418	-1.9121715816765912	-1.5162042824169926	0.27327202750782936	0.9544281736010111	-0.4874879276214161	-4.097749250251898	-2.3817819605102875	1.3393088213620952	-3.798519493084326	-2.0316179314243934	-4.159739258166819	0.8074475173114413	0.6327937206034773	-0.018689251961043426	3.003831203569266	5.576083308760487	-1.4782079629664642	-4.067441654445277	-0.9764373503436623	1.0729545407897552	2.250686451316925	0.1217815563294906	-3.173773221783398	1.6171713456792356	4.6023817286694655	-3.40354642167214	0.43469808216966227	-2.0049333714200377	-0.376863608028035	3.811277138464902	-1.1565174992544613	-0.36568955219502564	1.4529889250119976	-1.2221064988018362	-0.7025155338931124	0.8552522650152059	0.2220922282595321	-0.21693489852641787	0.7672632451819994	-0.4623916362038775	-0.04807189057714122	0.5054513303261462	1.0424085947151704	-0.04993456886388844	0.09825363393998893	-0.02424649316612524	-0.8204850458277432	0.46440003888918124	0.421718440374336	-0.6661854420098413	0.44600282031349625	0.11837283501935104	-0.24172430500939499	0.6863384468009326	0.5564432795281357	-0.8363904668695085	-0.33707709782037176	-0.12099028438962868	0.729388471722228	-0.5782339156112462	-0.5664561163362701	0.31217842547866675	-0.1515157366623251	0.41337733452090686	0.5124997471703651	0.2625168634816056	0.360610834444961	0.04640963410707929
DTXSID1040114	-4.705105024366077	-2.170568160979915	0.6560134101073628	0.20942256031791817	1.8169911345619552	-1.0185957393834044	-0.1666284636582058	0.5488353635820488	1.1435878497496441	0.1427677450472349	-1.0887220443790946	-0.7951569685275951	0.464381691249626	-0.46543094479790154	0.4264790305561202	0.5721821007661794	0.21952033424582768	0.38741094510750856	-0.4240651791466152	-0.6345273573818813	0.2361738053178911	-0.41961524860636634	0.4891941912855928	-0.28750242523721664	0.4401076854559257	-0.45963589047670345	-0.10234547468778521	-0.5743785089820074	-0.08359175805387416	0.055777356764700116	-0.507808433489953	-0.0771621047551336	0.2462820659096154	-0.05114688829531	0.1603347238458742	0.13597716609594257	0.0509715872161859	-0.3521331220148965	-0.2748138192772361	-0.08171890665723068	0.34424956372219395	0.32043692876008395	-0.44225209361537554	0.09074387683531394	-0.02946779567925037	0.16398454227602155	-0.497781183131617	-0.4131523356130404	0.18778788376040467	0.26933450887934945	0.15647462149695374	-0.29602958280361374	0.1568033644756251	0.2570864830703433	-0.09296470430538716	0.1456043881594293	0.2904609941772172	0.390695878607273	0.12762647469770422	0.49762502981142226	-0.0914615052321254	0.3814079280558746	0.06794999755094444	0.1528530176909823	-0.4121658498635368	0.18256001215519327	-0.4387725617328762	-0.030137788475554	0.4054521415546267	0.7220276441714559	0.3841061499841993	0.20137390756688836	0.12698026857162273	0.9228723773564071	0.019398289954677243	-0.40855154160263013	-0.5869428448003614	0.3784568394658838	0.3515253423413199	-1.2761720220857533	0.32777583262225457	-0.6182485351291487	0.37770157872237464	0.027945554905494437	-0.3648482922098008	0.19685206771815486	0.2785263920338089	-0.6956796064863603	-0.5137192478532047	0.1085629028209067	0.024297096358646464	-0.3862619610946787	0.45843285000007444	-0.4524733789111062	0.4439537421417685	-0.11227140634736804	-0.12223186327447126	-0.4032017650840629	0.25420527340800275	-0.019098434981347747
DTXSID3041085	7.104281816768685	0.9169327423395796	-3.3858804474116697	2.413755658021092	0.5581405614796554	-1.994725240495512	2.8462164906384033	1.2004444260064588	-0.9585930457020181	-3.067668646704595	2.2102063284879265	-0.40123492918509	0.390113929954997	2.413949993851907	6.140132129587117	-1.1138441971432538	-2.1840422305066167	0.8761828600148833	-1.264345712979899	1.3626801591584254	-1.404708062621415	0.7723337268086148	-0.03924033614262754	-0.8265328514384216	2.030287558495456	0.13154384756586124	2.210555891927492	-0.5973966487503195	0.748883165867254	-2.806370933522282	1.3289553015335855	-1.1399168158454436	0.982602999810247	-4.449989389063816	-1.6730025932897623	-0.8360605175302009	-0.6262200679210548	0.5505833021797345	2.9283674414921044	0.9337792362665944	1.6574040728127253	-1.728422413638078	2.4723802482636112	-0.7538737009709393	-0.20046430107053462	-1.6438280858999041	-2.17665664965461	1.900684039635011	0.5308535941965978	-0.8258030674602573	0.3787874746008989	-1.0757866750208365	0.10801691920744791	1.0640222751388995	-1.7587544239057926	3.2627406138411548	0.6349615047049905	3.4761778232457075	1.4364248555556598	-1.1692111202205615	4.680794997120975	-0.19230700689796915	3.5827771666821215	-2.9968862691519425	-1.623720769284306	1.4831566483173588	-0.24521364829248943	0.3747599888433811	-1.192367420430675	0.8712075929386873	1.6099206707411888	-1.726813318799408	0.5283604741183529	-0.29670964971295494	0.6237672811765752	0.1565473024850655	-0.8618111280901947	-0.18580343262621205	-1.2158638259413135	0.1251381491068253	2.5268607220559627	1.289412159175559	-1.5351845350773334	0.40316371137896323	1.1418169057016108	0.718679936250531	-0.07944642570335236	-1.5704926782494621	-0.6165859775428041	0.7561546875949935	1.5112707543333308	0.2603741210480537	-1.428930646034507	0.5766596182010968	-0.6192099866978897	3.0390910768807133	0.766054446961824	1.4460583852705324	0.01007665123318352	-0.3424640395308276
DTXSID3024100	2.720073339211271	-0.24248645018699505	-0.6889463494401064	-1.850512072266955	2.60093431007772	-2.1696950162214224	-3.163482928560602	0.6167564721051942	-0.7135699579486203	-3.7817979496036833	-0.3398179952378833	-0.31284323649049267	-2.496444228267287	3.01008225467183	-2.0672025708293145	-0.4050129107155297	0.2603617156198947	-1.4739989657651156	0.3675371927377682	0.06156834301622457	1.3241497357085255	0.18001018589555226	-0.8503786395241674	-0.47837516434029953	0.03532864828700507	-0.9164925418414965	-1.7412450040930203	1.2488488257984602	-0.3284594806632279	-0.7791439667709313	-1.5983663134548063	0.2882836748361036	0.4401900618353153	-0.38435500722002897	-0.7343095267830556	0.1482122797571142	-0.6776188107390583	0.02846459428534016	-0.20867348049329806	-0.5606712374629123	0.2467827493262831	-0.5938242877382153	-0.032655013279868444	-0.010722307893147714	-0.31946814375127647	0.017843983297596	0.2227389122913757	0.08696693202805389	0.01625138571126162	-0.014162815698706558	-0.2552266974824596	-0.04217668015300951	0.29721709520254413	-0.5696641215819828	0.1402536899315897	0.38408481985907983	-0.5635556811003943	0.1868668885353278	-0.14399025068210025	-0.45941424790328733	-0.3794913791025485	0.1725431721298198	0.9153148258694005	0.9182793422451093	-0.17018711426299793	-1.624954433670976	0.3871137741052558	0.052460368917369056	0.6660831177108809	-0.2157865449615512	0.395349809073127	0.1590593879805797	0.2238126165549113	-0.09788713809751967	-2.7015676709890144	-0.21621141376123848	-0.07154270890685917	-0.03477870596756441	0.3408568110000556	0.19369288645270508	0.10676469244168783	0.8160509363649328	0.13260125020888922	-0.11084996771107981	-0.3496405548586317	0.8551229912562259	0.9727176154830115	-1.3113553293312958	0.877115599987227	-0.7317162481434286	-0.01635084798457723	-0.7505141282413851	0.02331231484713943	0.300880737033417	0.5285899776853258	0.4950981725154891	-1.2892846776639877	-0.15771872270932588	-0.03622889582810299	-0.2346332341779248
DTXSID2041418	-4.751242572508023	-3.1329557495226408	0.8846415535421228	-0.5876940303179737	0.9468155299922135	-0.49902690698117397	-1.5606357296942615	-0.44442339709001477	-1.088374711133008	-0.02280685078738087	2.416109551571659	-0.9942067675432616	1.4901826165874115	-0.3579625159801337	1.615846855536019	-0.7242229796171856	0.7101234333999167	0.6750124401341991	0.3347432690357948	-0.2421157749715333	-0.02916421547423178	0.09914221356178832	-0.05939111224543285	-0.2968331154468298	0.5460279303381408	0.4586850565947385	-0.23315973894445546	-0.358881968825638	-0.17392126488427054	0.06887590502663105	-0.3954690996307901	0.24464716785442941	-0.1108803190997746	0.3308614861076356	0.43302422223592135	-0.07652214583309801	0.6078537984014961	0.028016367413946957	0.29484443303515356	0.5521248902159419	-0.46404727547507724	-0.12430408127451732	-0.6457908162747492	-0.2614778040009701	-0.0897410924303991	-0.12201808701502702	0.06537675247769216	-0.5701137242450028	0.16580106695403657	-0.050611983293007416	0.07431855238978541	-0.20229568130499131	0.036783126864455284	-0.31918953025752805	0.15237434161341734	-0.2575766330902795	0.19288113236328738	-0.6493938012347725	0.18061434192747922	0.4104654766216635	-0.14323048863396382	-0.32108481247636345	0.2885350485185779	0.10849218285582618	-0.0786407190215952	0.34601409691376245	-0.3870702469075139	-0.2800446188782194	0.2465870821185289	0.19438271165045537	0.6060170120865578	-0.020201149400940935	0.19688694148096142	0.04866053895435795	-0.26193812902088887	-0.13258930381776005	0.2768455843243443	-0.01781739560049235	0.030116258681393844	-0.5218106400861341	-0.2483084298086153	-0.4073342485724814	-0.5447526923019397	-0.047068529119280854	0.2858906532712791	0.3675367163109862	0.0703454719647358	-0.13690073385726603	-0.3485912046164421	-0.18071705845036773	-0.1882200386811334	-0.1804158735016211	0.12522165123466433	0.25257919756456215	-0.11992405977875373	-0.11623505297977901	0.036395518944644024	-0.02008184266191795	-0.006857347028330287	-0.09775872388072113
DTXSID9040001	-2.1361853301991283	-0.5282227705275292	-1.3638403356939817	-0.046711694551197315	1.7080187348570823	-1.079980248307196	-3.0371621094511774	-0.2976694915599816	-1.2539188930898895	-2.4510088696305656	2.7225972107856746	-1.126645020001424	0.11880274072750904	1.0384789687268015	0.6580834302636926	-1.8112456157762653	1.060014569336617	-0.3315116271923857	0.3446119481620187	0.3017245104119972	1.1949728011996725	-0.14373745559418263	-1.5132909198944196	0.8422056652300364	-0.5525650780636129	-0.9192496941172809	-0.3199786286031317	1.4439408951055444	0.02478011457662921	0.08545830764078148	-0.2567036719852587	-0.007635974391588943	0.8644120316309795	-0.9250692569755815	-0.6562648521749901	1.574924019345083	-1.3452406285308445	-0.31283824200499294	-0.5500783424768291	-0.2945974209184357	0.32619666874651543	-0.002061756320400428	1.0581666740819269	0.03538522556398311	-0.9424827394524533	-0.26829793612845454	-0.6001581583530666	0.3499679028984611	-0.3724755887852012	-0.7508488796657982	0.1328863469264401	0.5533538214276928	-0.18778862939286162	0.5459805493927534	0.5534753764862257	-0.16272722932675282	-0.6056695612978584	1.4680463353399	0.6302228922580565	-0.6888012762087328	0.9247767238793924	1.4968542719105058	-0.7267932609226918	-0.6718265663447915	0.14010393486126704	0.08957929184158216	0.639305998894212	-0.19591054233559443	0.8482054326343278	-0.37882910382539414	-0.6241564493518793	-0.4294497334419944	0.42352208283597986	-0.1302235719435374	-0.5337990295747552	-0.46291144461080613	0.027456464446838934	-0.6364367308947834	0.016024501402585427	0.0472533364768266	0.0044946276344088815	0.13612748673391267	0.14206034240281176	-0.030557243313780194	0.09975497430312028	0.2521770862777907	0.18695562227670845	-0.11598128349090381	-0.03059098908487281	0.10736246784223673	0.23898244027712515	0.10992586674195985	0.2064080663685831	0.10859657834096523	0.5167191683680116	-0.07542328441794015	-0.34055940581911	0.026279637916481968	-0.14428851052740221	0.013845386322925193
DTXSID6021907	-7.047348942964296	-2.3546081455562393	-0.8860591627846668	0.4469256750816209	-0.7624530947654498	0.8444653233572532	-0.08331658786420681	-1.5449600303234095	-0.9640949362914497	0.5803417749975588	-0.1860882060281597	2.540042945458171	2.216641112941599	1.0751820250503787	1.394592067930453	6.8533179523738825	6.144999469686045	-4.77871050582152	1.818619494471039	4.315651036721184	-1.8867038656400006	-1.9537269625311589	-3.3213976031217785	-0.8750906864705309	-0.5327564862287555	1.1759006589600038	-2.2635526126074375	-0.7452154482358001	-2.0747342595292237	1.0896449170380245	1.602659421007454	0.5531774263199276	0.7276546112426071	-0.6591691530892011	0.5360871889368091	-1.361201127569155	-1.1550325194892972	1.3865292035129497	-0.24403129173274588	0.8438415275328449	1.566382760421107	-0.7178820589628183	-1.4187051983277907	0.1383744252824657	1.357495058744225	-2.3692472442088173	-1.020816149819903	0.09212409968722625	0.43674493853695445	-0.827995910291844	0.23100557993018087	-0.7587643787717494	-1.0366541342300153	0.13904939663333116	-1.3362434441313398	0.9166996135971566	0.5593593576460042	0.7246194061051733	2.593574509070671	0.0427824897192032	0.19672906039338064	-1.7322328910278155	-1.8709625663444318	1.236778017211046	-0.39579358972780154	-1.4442436276323496	-0.14812431781951782	1.508661763359961	-0.2431029860552375	0.9185028538168178	-1.1107516747273463	-0.5841308015268646	-1.5224989435822434	-1.6972197000038547	-1.080900809655363	-0.468319002709241	1.000122651258102	-1.0465903270993329	-0.016644888398439618	0.21134755063703511	0.1671770417842084	-0.4038781414898411	0.5067414022831688	0.15146136211454805	0.15693404042017328	-0.1788304653980795	0.08901581852949211	-0.16038704252540503	0.15330732274210368	0.2759019109699405	0.025913353467915283	-0.1194327023522269	0.011875457642808845	-0.27875157033233855	0.029559123844634414	0.002815147385601119	-0.09344652068691445	0.055061115827444905	0.5777153019479798	-0.07985774396911192
DTXSID6051566	5.108262756422902	10.007264616481699	1.3287959095278974	-0.06332332982170824	-4.070206519123231	-0.1241047264277447	-2.4899041073650965	-1.1024009549742746	2.9264934301986614	-0.2669394415382635	2.1690131662640795	-1.4958798727408118	-2.5940148936418006	-4.329777592737599	-0.1793483795774005	1.600689685562066	0.16715182889878574	-0.3499788842265642	-0.6399442684316818	-0.7946212145786928	0.18066858406373212	-0.6628821053403179	-0.3251522881551628	-0.6535468598823775	-0.855149266343838	-0.8923156246223048	0.5569870038707314	0.13491753549050772	-0.24121087091446103	-0.2320621049061317	-0.0341268312525623	1.0309842117166363	1.1494588839403517	0.7245558708449779	-0.8973223550814762	-0.8964819542766751	-0.941736137467131	-0.6567315054783387	0.18399543797052922	-1.3728423049308969	0.47266415343191875	0.8066363977436252	-0.0019461494528325034	0.46761645165938664	-1.0008722580575409	0.33684851647223174	-0.23996456717261122	0.3869232513575342	-0.3403961321682067	0.3770266344360369	-0.361777799928505	0.2719876541416491	-0.19032024450114476	0.30893533895497344	-0.022296771876224347	0.5260243543367352	0.9048619545094216	0.20467923595425802	-1.5147125725623098	0.056502278798566445	-0.34061638083179047	0.7004827444435736	0.1061989299404923	0.13397865715245258	0.1325966081539366	-0.5970222725727078	-0.4462579437496435	0.9476116997382711	0.29904679663830025	-1.5724088418051365	-1.427886069256992	0.1619199286874316	-0.3269174603168534	-0.5249883575481338	-2.158463268231543	0.9502380666917747	-0.11847154973716824	0.8779220997113195	-0.8564326645350396	0.288886839776119	0.22303225700582352	-1.2111192400938486	0.6346833556310189	1.158592429329862	0.8733750446307373	-0.3480788473610006	-0.5392266424487471	1.6210089991004544	-0.623384689253698	0.03341954453754921	-2.0222226425025154	0.3869198481776782	0.7306909142810517	-0.7171728484907891	0.3766635935626042	-0.1370801335633255	1.4416669666949926	0.23035131821207455	0.9524005649031416	1.1842933285534796
DTXSID2045864	4.663135698456296	3.2499411705232495	-1.6178500777960114	1.3771346434615526	-2.478769365500816	-1.2461939161906972	5.215967476419011	2.3756704720572404	-0.28207477439483297	-0.12447124164695675	-0.12389775928496623	0.6407998586364625	-0.6365802653296853	1.1796701571546822	3.834937634683557	0.5493668880905969	-2.13890067041135	0.32890376694761664	-0.3935930573264542	-0.2607424714395634	-1.0475049464473056	-0.9182999691967257	1.431188530107646	-0.9620715984917017	2.058947151123998	4.347764850394209	1.0300415555678046	4.650245864372179	3.4223494380722905	-0.3348118958552509	-0.839443559862805	0.0146962633695411	3.907500316438711	0.9040353773455412	-1.6879547096159817	1.4298517620865292	-0.8408171591323809	3.521039754663553	0.1937904653824065	2.81834440393536	0.7204908826277392	-1.231760373767568	-3.752795673078315	-0.4699826269054089	1.3967360552539014	-0.22827461309932717	-5.552343701673891	2.054658692695452	-2.999970469620592	9.122968319823855	-1.4020487974425269	-0.6367477131637992	0.22346078452084076	-4.565050927533292	-1.78263973246116	2.7395042768259374	-4.281187092875777	-4.149534399809039	-0.0709364147630605	-1.6088761419669828	-3.426696757352847	4.46053501364889	-4.945290732829418	-0.35076461691216315	-1.216743008558956	4.1691557657111655	0.4622020858823822	2.825309105142769	1.456986895883824	0.3425206443028032	0.7884645058587543	-1.4522008434130318	1.4822432196543898	-3.35297168491486	-1.630336119990726	1.8618878899357534	0.8945773267385665	0.30406504335960177	0.05795520206193058	-3.076195025396045	0.7296491524700159	1.926582087745837	-0.07970933248779279	-1.4845447128245803	-0.9836073034899335	0.329656616235751	0.7562975862768326	1.9626332667291484	-0.2224019371704185	-0.12403228016357108	1.3813544185137219	-0.3365669750552018	0.26694424026636127	0.7339095097062496	0.03537612738864123	-1.383119064263795	-0.25947483824428885	0.7171992346198132	-1.9266259758729936	-1.4427249016231318
DTXSID6041210	-4.188328829269165	-1.1184252537375288	4.066149820230288	0.19340053531046636	-0.5998715820537283	0.17401925476247046	0.27292773888051614	-1.2650079154323421	0.8108667339225565	0.6506108579321409	0.22866545925934423	-0.4127134190227641	0.3157345292715472	-0.8499187944703916	-0.27848565048139556	-0.2167985352639734	0.5409455425993388	-0.05164434033983128	-0.15499760068774446	-0.29817113940325474	-0.18878416021248365	-0.2665637386306583	0.7513166890821544	0.02925667805233552	-0.24962135229539115	-0.8503182778572773	0.37594546397891226	-0.024874495006037372	0.027085008101498432	0.20765788030081228	0.3219440361818569	0.6961044582736045	1.2630029192780747	-0.012016432723904522	-1.6050425626763885	-0.5126716214579301	0.17752901851960742	-1.3504120299573632	-0.49577967559490654	-0.558570982020357	0.32368244098601767	-0.30502682508553697	-0.0498813349174902	0.2680077608898923	0.20130257600734813	-0.574194255048266	-0.4206555451741913	-0.4299399769545614	0.05149975436468971	0.11772263045464922	-0.08409919489009694	-0.778959871659648	0.04759318537629055	0.1709747303743539	0.13707638434261146	0.6524349225820008	0.27698745978517747	-0.10768689084289632	0.1415067743245988	0.5354885779139599	-0.6118700200361927	0.41512127216545713	0.14993837239002122	0.9409952050603899	-1.0119083794112722	-0.11788780105163411	0.7440731212468039	-0.9029277345351402	0.17774087832210198	-0.4087001928604684	-0.14480917659600262	-0.19808752599301926	-0.10005606852681978	0.38711508891255375	0.7701025721220369	-0.6266190067257992	0.329858424504085	0.046179736920198805	0.2949650907384064	0.0018929708516619403	0.32316788669063296	0.12562611151514877	-0.07375869471210372	0.0017717230303578183	0.0002111072659683962	0.030210227324271956	-0.3054264708461305	0.03878223057969318	0.3134964170457945	-0.2426976159892886	0.14431591437852773	0.09939089142727851	0.015549048935443717	0.1915374317220233	-0.39995955141482487	0.0013768929432021477	-0.03609412572964263	0.18016498610525872	-0.025122752298768182	-0.32994785960707546
DTXSID4026557	-1.2706319804981931	-0.2162425548502948	-1.4477859143532281	0.29784080425897047	-2.1942011068810197	-0.20729338677895798	-0.5720463745375897	1.5030631645798957	-0.33093529473338934	0.9369148546117626	0.4936533207176031	0.5709812337091936	-0.08142836608323946	1.433335524973935	0.6022143002464672	0.7024260752532168	-0.687718353041226	1.0355265265039382	-1.143301136115962	-0.9738567133429731	0.2656255212346692	-0.872807303728221	-0.11484758298127798	0.3398614973424835	-0.9787864793742609	0.2624038171663432	0.26490591847516903	-0.26952815551055753	0.24594991546909453	-0.531208852627036	0.6779236828770797	0.041150859956318064	-0.7227032063653254	-1.3286312897476984	-0.004333629175517911	0.6867850659729721	-0.4206148983316354	0.6587525468685782	0.3237355212339155	0.2371905823116764	-0.14799898395788155	0.3450630519883829	0.1462044862649727	0.6721908759994636	0.23016589739783247	0.1856175518820743	0.45921390073375024	0.006698871912758129	-0.08032437598367548	0.2043196739919993	0.06645325575235712	0.29912506636821473	0.2844304859987502	-0.13548804875241005	-0.28030305081659285	-0.7826005121245219	-0.015352271904907249	-0.4787120551706465	-0.1960319606746411	0.5021731356592574	0.15198260804143185	-0.526222260409184	-0.2006900941718212	0.5264762378687732	-0.2714279479185789	-0.30386949102638783	0.7877249406806054	0.16786847402069482	0.11742625956294633	0.2657933643453133	-0.5584484527469706	0.039117005741874364	-0.19396590190447136	0.33526731651465685	0.7735217081014989	1.077254342351926	0.358702563683905	0.660274847303836	-0.0951243672021885	0.7081701428534971	0.3003755935091913	0.5973989526627126	0.3564045994624758	-0.418173656491169	0.26069106083162813	0.29851937759694486	0.6468813457029413	-0.27722258036414305	-0.7186705778920107	-0.17649682090356858	0.40423624772072986	0.09439520199318228	0.33979307496308886	0.519066443998286	0.012696551793883761	-0.3102104327926259	-0.16454068378232314	0.07039360845597437	-0.0509543465982784	0.21781097884999479
DTXSID6045537	10.959468152068581	-4.1271968479498335	2.782300996604297	8.893484460796904	-5.438551225887571	1.1201993477098928	3.8719135401822298	2.3075479114818154	7.264831717748653	-0.9091329912721402	0.6182010365176238	0.6569803759137357	-1.6065626175980852	-2.1993528886712856	8.860922827850738	-3.306813139085541	-4.184093106080648	-2.422900625596448	2.456193734388432	8.739519394390983	4.8287867728748	0.39602189600576804	4.003050897407325	2.101266570539929	0.8851322559413747	-0.03891895140302067	-4.584321964735049	-3.3402704477506386	0.31612730519318055	1.9827701171142946	0.400001631395928	-1.5775386469454793	-3.1821445175225254	-2.3868546125433356	1.726394553079144	2.418854449313695	2.1848136903319206	-1.7138323020713173	-1.5743861150288267	1.1339160469638934	-0.023982432350966174	3.1775953420906533	-2.389329069620782	3.1057421820837847	-0.5652657480701461	-0.17898756771136698	0.8884116178027379	0.14727366318799015	-0.22633092417254955	-1.0970582733415881	0.38014062109858043	0.7848793532864842	-0.8571280048204896	3.0250606566313984	1.1723523235587388	-2.3894756948242244	0.3919039839744598	3.516368299504937	-4.065774593089217	1.8936656239986038	-2.912918476360666	1.312803269371648	-2.467385317863306	4.231702834769715	-2.5401263361980333	-1.1899348632353122	2.6462060719604814	0.3067206352603937	0.7037107528709371	0.39284909970464166	5.533927950515057	3.5719641415553993	2.4555403795269166	-8.98119187236401	0.8752579741479893	0.4037193709388761	-0.7434301887424359	-4.0477441704382295	-8.10175881526856	3.360668942589128	3.0975505471380296	0.8040896854190238	-3.5393153798002075	5.642068286113547	5.774437804331053	-11.104393892665682	0.7237078075654042	-3.6314215188289145	0.5092931358141826	-0.9734727642554373	3.449239006544411	-0.865435313130967	5.116412168709354	1.138713970574155	-0.40512456024476434	-1.4362429612700758	-0.42568064661815747	1.5479135012734095	-2.8565483712179187	0.11422859109471897
DTXSID6040111	-4.902526296773833	-2.9979560540626	1.3420504925596222	-0.600238033547917	0.8096488721860015	-0.8701789814905765	-0.797782929431245	-0.07078448436592037	-0.1940332044123878	-1.1511689222599057	-0.7277035731661989	0.09704629827512798	-0.6254143155034293	1.3608630754567121	-0.07355084495609825	-0.06919687021403298	0.130785454127352	-0.15973945584032526	0.4099086843723676	-0.5828810454223504	0.3678691372370771	-0.16541699683205074	0.6482028754476545	-0.24171935239430464	0.44113732053656945	0.018299535246264716	-0.6465062403901193	0.06530996538250662	-0.05528299216360193	-0.254745516942615	-0.11724357089855114	-0.07036134979638667	-0.04368842202465093	-0.44528478925206516	0.07133367552228337	-0.03767788221434114	0.29080298697732865	0.2838151235527861	0.03894519264977716	0.3220722220030764	-0.1750368314744755	0.036347233761387	-0.2574697348697216	-0.015471346464124453	-0.3140578228478074	-0.019329670266530468	0.06298507621713652	-0.14448015653000934	0.09289071680394415	0.1470427785157052	0.08225838115451099	0.03822263430786938	0.15130901569340763	-0.19436037357175087	0.043165585485993134	-0.1889627696619393	0.014117788530637915	-0.0817860391190011	0.1343774569783802	0.1701890721598132	0.19340332511699687	0.15508534647851743	0.32250485571700044	0.14954361523646773	-0.05704485326204815	-0.299468333906047	0.3562800252324312	-0.6489330236996042	0.11183892098303357	0.6237022080853916	0.2621625741326946	0.11834677652689234	-0.059160264607886225	0.08589313309857416	-0.7796915811687243	0.24308291483444572	-0.4329727724667044	0.5588211269506413	0.005045423238319253	-0.2617490912540309	0.11882713701759962	-0.29130878707869595	-0.00264260988183323	-0.09781970871462212	-0.09722652676974844	0.026284791363848106	0.11247969925803987	-0.3036968717288638	-0.18546328785597582	0.10335996962963857	0.44749519921978553	0.24607075147982319	-0.07577222509663828	-0.3741426484793951	0.05761217485678251	-0.13537393147286428	0.0723750349333251	0.011104781578354034	-0.1899665106236892	0.26923696055005475
DTXSID8029232	7.322069932387436	-5.737374725903727	-9.006726961273337	-9.777911117729722	3.245773448440998	0.3232474829513384	-3.6236618990217018	-2.6473966847650945	-7.254032706280929	2.6423241665645056	-5.624527993688628	-6.522977378567478	-10.698924562751214	-7.395069102112379	4.468372118305182	2.9417084972582206	-2.062324519884477	-2.769256075653754	3.0586644541374834	-0.7272285017833153	-1.6735862500602279	-0.8394997316849606	2.5539799900381825	-0.9753090689815418	-1.8916054501774116	-0.5991121814058489	2.7733442617944406	-3.1298971930532242	1.5469166245718482	0.8219144724757783	1.1691943658037713	-3.4004349937145393	0.8128857088644377	-1.2386195764613412	2.1819952595914747	1.1246171596083392	-0.5689730700823483	0.9182981721687464	-0.4862169592169536	0.41088749920983775	0.5369772336224805	-0.4284018244788395	0.7659345039957733	0.4119484787178985	0.3071514222637082	1.0072632295303094	-0.920218032253008	0.3045421663990752	0.8414698569533592	1.0013767503415654	0.6126980248567084	0.13908760950241297	1.2154287748841903	0.5267259900864377	0.2685021429286724	1.0533172426671633	0.7075018530699976	0.17488534174184714	0.5576541195081912	1.698961402244837	-1.8459774662639261	0.1799419597755028	-0.06374819214848404	-0.005089081502490826	0.6296498407365605	-2.318817991040609	-2.2671258460636063	0.9205209028899303	1.3167232834556	0.2786029997515691	0.7543130661807407	-2.389310658395857	0.301230295385809	-1.5096610772823988	1.0447892299571166	0.8938917278773815	2.1341100718782657	0.7423434121595304	1.403404045149943	1.6803004494103648	0.8786223521103759	1.19495243498122	0.06743174932599384	-0.4564504069113986	0.49059764210558776	1.254682671885056	0.5076009004129997	0.039792586972605126	-0.6972585593795967	0.17428053423667025	0.925827919626255	1.406701010455443	2.624854106721408	0.2205724888556073	0.8042191525720304	0.037570589963875384	0.7384099717343764	-0.1109470110414727	2.014971270901727	0.9511903734067193
DTXSID0027561	-0.8362766599448678	-2.7252666303070257	0.06881097451021119	-2.752338229285324	1.3239046075927463	-1.8444163587110785	-1.4532086952923793	2.018479282287809	-1.3727219220745308	-2.2102435382570955	-0.9879256010964059	1.2145547189880568	-1.542530415236916	3.71954741576957	-0.33088788042691386	0.373466439856178	-1.0528565870394342	-1.1820394013439266	1.118449208383305	-0.3709199607620207	0.597101833685828	0.34606035294251364	-1.8741852929491392	-1.2221321675968382	0.6566704821959308	0.9699368388596246	-1.029526289195211	2.247283819347317	-1.7768342372616919	1.4963785572730648	0.8034412074410738	-0.9945998698852034	0.854873544997633	0.42903601846131345	-0.07516795683729337	1.017561871602889	-0.9599930999414362	-2.3245521540865046	1.1120234527788013	-0.3218233036638375	-1.0688003496343281	0.7236588276220545	1.075514647748611	1.0861399013167068	-1.882476186864439	1.2598212896545955	0.1307654457987497	-0.7707069156267196	-0.20076536201815295	-0.5979681732498434	-0.01710400973741638	0.09971782488168317	-0.4308664238635445	0.13553008657774995	1.4289213731332429	-1.6596058614836424	-1.1254420277099793	-0.24571260926342306	-0.6523807310328258	-1.0030068575378028	-0.06709295502369408	1.58742515124725	0.4466030423004466	-1.1485868779473751	-0.6549625734218945	0.5439717737628338	-0.35257816151332744	-0.6610976248730356	1.8436860555357286	0.5776945024655921	-1.7979951821653575	-1.7678256201534066	-1.4246793738570316	-0.018910015915971162	-1.6598139764769044	-1.6406184571383242	0.8885257938574181	-0.4957820234764713	-1.2587457385940461	1.6405989400917262	0.5996430280659492	0.6294249695434073	0.6152371650424505	0.7552267053660187	0.043321186507758964	0.16157749228765453	-0.7245540786994321	-0.3342346974333469	-0.33197418381181	0.7343176953112198	1.5867403121936967	1.5619425729472536	0.3136952175315243	-0.4670783351940695	0.22235838419954115	-0.4033545088344399	0.3902230018293544	-0.2798981957681057	-0.6870813728125353	0.5814940048771485
DTXSID0045389	-1.2829966510474353	3.8234957522148276	-0.28523734280266716	1.2531230827476856	-0.5770514760293688	-0.6777556066879606	-3.202849408479147	-0.7440753447029352	0.20075175620292166	-1.1246479319533762	3.6900887720115794	-1.5571261702858314	0.7075782724030212	-0.6336645864904201	1.0496449587396333	0.00648188191246645	0.846083941870141	0.6806761661066167	0.417095123968018	-0.1430226977943547	-0.34637569604886753	-0.0820391936884851	-0.6461489674985978	0.16670387707400222	0.2699667576856601	1.4577424900122633	-0.07583467735116445	-0.2667506431291787	-0.36329083243682764	-0.11852289915982948	-0.7886386323619505	-0.15093130984952352	-0.9492836779529737	0.5673371741746511	0.904187545931384	-1.1589066369619032	1.1695519611904832	0.32822728962505576	0.6550603342175175	0.621022967953991	-0.3298578247668365	0.285119942718044	-0.4277745772768405	-0.057267306602427695	-0.08584491602575042	-0.08393136503094004	-0.08618416035356001	-1.0566966744233859	0.09993783943714735	0.01725081101591414	0.28740377489079777	-0.07785054557420562	0.10966899493832202	-0.5774267239040903	0.1466976883094158	-0.576375257714233	0.3616854289699099	-0.7346276861919313	0.4217125570953376	0.1317558854249926	0.14923892221241683	0.18615164196088843	-0.44832039684656033	0.3662290203516466	0.3581966448993838	0.4688032674171063	-0.30444957540586165	-0.5088590129436141	0.738542724424691	0.2864778485602124	0.8735735824032601	-1.156022717541788	0.47733304718323194	0.4418103439095352	0.30445824691422485	0.07593613240840245	0.44828577652923723	0.525602819168425	0.03884176901842435	-0.3390845475318208	-0.1460613158862099	0.15445129174539143	-0.531874053920167	0.5161456900898294	0.07428963406106495	0.565843973836267	0.08630752282081132	0.027359971930480842	-0.09786097339134964	-0.6391879869885932	0.5040149771325522	-0.5406483411340849	0.410796291939384	0.4142409855380889	-0.29105228052441434	0.15530691453852913	0.07638022651367334	0.537576093864071	-0.8672547073963661	-0.2318690475146138
DTXSID6032358	-0.994548287006763	-2.4570027167653974	-3.7574121088827535	1.4363233007054765	7.341749310726216	-2.710370038219715	0.2798206790800373	4.083078392255611	3.221308796644663	0.6354338921277329	-3.74327830110909	0.4035694637718207	3.9013279529593765	-1.0770613174143082	1.3284769567922265	3.9268837413557725	3.67628153044425	-1.7598276145756893	0.7086425860986381	0.48897783755176144	-3.0463653074746415	-2.46007197459294	-2.1274638576992246	0.007361677663043261	-1.7100560527897337	-0.10433088839042375	-1.4236962604347885	0.4541848343712782	-1.0744318820938383	0.17325424156874	0.820007291076823	1.305815628244823	0.5954799184867727	-0.25729568195458413	-1.3301187439234543	-1.2193965243678635	0.8318551662579771	-1.2944046421259816	-0.3375056046664632	1.0630447321587437	0.3264906827369262	-2.782321724861095	-0.14037610108378482	-1.5141671821158365	2.067761041725096	-1.6549580603276026	1.210793292973302	-2.663999408140133	-3.9560635908344057	3.38027444473745	0.791544953948358	1.171454218801519	-0.2616290170857212	6.4880065008629515	-1.1233398149845097	-1.4102865352053442	0.12203930646015086	1.0269091144894789	1.3451488550216881	-1.0950888624873172	-0.14846477584830772	-2.256709550569645	-1.786822829547033	-0.44356882588864316	1.396450616773112	-2.1906162602480967	-0.3630712334331122	2.1757528173835587	0.30411035518015794	0.691656860547876	0.3081384137335102	-1.3070305243403857	-0.9455011540818005	-0.6306855661003482	-1.283337160359293	-0.7836226733068263	-1.658867331107264	1.0059211759268996	-0.5355007588688218	-0.9194202172171109	0.12692052708607315	0.1832393227154187	1.0122186028948708	0.8049341884747485	-0.5305633549060766	-0.9166473547525508	-1.2412345348014828	0.49721450298377734	0.38508484134637844	0.139729582430176	-0.1262260595415633	-0.09265748892216516	0.19073517119316052	0.7668116250943102	0.616265688743559	0.13668472878346927	0.8980413791812822	0.06417610393943816	0.26360364757312615	0.3153890462611688
DTXSID8046115	12.639790807545442	-3.5798944107709176	1.6792400863531505	-4.051574978467481	-1.4797443347035284	-1.822049613399943	4.5586223040675335	0.8430667508068656	2.4009857571664917	0.4512308072771356	-2.0172067486385505	1.4490557822667804	-3.01644247367042	0.021709627683641083	8.530417436883912	-1.904348288052596	-2.822602297737869	-0.584603574968318	-0.8573338620160931	7.100151365011023	6.124667788230735	-0.651509042864297	-1.2537774375377684	2.409515570704601	-3.2375151117205183	1.3391847511596295	-1.4904112916728283	0.641640274797011	-3.6312351112322525	-1.8659200674519547	-1.2867618859476153	2.8071158846337902	-0.8100608908570532	2.6083816587164823	0.576587655743324	-0.742634410755639	1.0053235848261155	-0.6692401612715847	-2.130303065323944	-1.4397646832726703	-0.20459863218401375	1.1461617749976836	-0.01486526876441423	0.49872010257095606	0.5082540318801251	-1.1827087124043434	-0.11960936003071065	-1.3086600497529253	-0.05123336769764277	-0.1764436716121255	0.32650891945877175	-0.6530827044516404	0.7890837449521214	-1.2532124607598338	-2.29998467672224	0.11203672906988082	-0.8150121720239522	0.42433353932005835	-0.08641641463689394	-0.16932332487222618	-0.3983162414415475	1.0939943575375863	1.8001655587861234	-1.756886219398917	-0.9196929130112987	-1.9240159932835272	-1.8043849437676274	-0.7896370864256675	0.401427145929227	1.230131447060703	-3.195732807929442	-0.9836186406126841	1.3900042146600433	3.4472573907914583	0.3517411380004967	0.9539551426516987	-3.163195826280144	-2.3304499033897046	-2.568700292097035	-0.0943146067686678	-2.871132516566422	0.9682645015553428	1.2544557129071015	0.029052805258955223	0.13486188013755543	-3.291851138733048	-0.4731345791459252	1.1726838726024216	1.3635153969964076	-1.6269636474208555	-1.1212850610944967	-1.5875416816914307	0.5823598403349219	0.9363161276256439	1.0332204901082132	0.45515692763117965	-1.05936865017201	0.9062645932312718	-2.2442063135319894	-1.9498554869159617
DTXSID6046266	7.383186253590672	2.2216526706670767	-0.10756530693469327	3.145233232551054	2.3628582272751597	-0.8192260679688798	4.350816640030141	1.3371499446555326	0.17348690216239135	-4.0260457292355465	-0.6695135825573119	-0.01738887077378853	-0.4606514912840703	0.2834645573458051	0.18661851953663539	-1.1379589800693557	-0.08742352221316609	-0.6795880883116014	0.2999309246185681	-0.21549548408448793	-1.0342528631910213	-0.1636133783907464	0.38405174353310106	-0.2001951565298633	0.5391476804870208	0.002142630992986135	-1.4280471809169006	0.10898157094312244	-0.3378510495793416	-0.16136425977670818	-1.1492465581919211	0.5185921428448389	-0.4074605505543821	-0.3993113017250091	0.6473723213387438	-0.5244357048732035	-0.196516040667282	0.37029258605864246	0.7343742751926382	-0.35928844605237215	-1.349569982822551	-0.7773845736018279	-0.4274863728150124	-1.0127914168738217	0.6210091427219094	-0.12345502727261055	0.06587944254907735	0.23834350291482648	-0.1532485440876511	0.06149543640744806	-0.3478870316552866	0.2362565446363262	-0.5932200059445883	-0.44958633720552993	0.3473945781993629	0.11457370626823968	-1.0406875316903605	0.577104928852776	0.3245399923763549	1.2072765174237072	0.29831592235452437	0.5775317911501913	-0.3675234870132141	0.33732446533195526	0.2917737756915916	-0.05744688530570538	0.6875065036279033	-1.8918859590948118	0.27559092803668084	0.2520654868963735	0.9634020064798637	-1.7305142578765653	-0.2575639871747776	-0.7166620870955889	-0.18246099323899445	-0.9484083254808301	-0.07284096841074396	1.5331573023626774	0.028944798969874848	-0.9502003347411939	-1.7166678278741305	-1.6393159542353666	-0.8061846063755922	-0.792328500363141	-0.46006255138585084	1.1618062668906153	1.5287384781057443	-0.8888005018518428	-0.6722120866286433	-0.4153846695007893	0.724249237160371	0.41204198302270545	0.5157530766711182	-1.4480866284817644	0.6656468844894475	0.35920073903979216	-1.0967065502474198	-0.4385086221499054	2.497148088233262	0.11050393983710552
DTXSID7021152	-2.8928339863721204	4.655985915639455	-0.5457845113233462	2.043748015701231	-3.328831113170721	0.45796770329756875	-3.963455832029391	-3.020327168312378	0.16061302594592156	-1.3677090408344694	-2.816818498279046	-0.9442785537545262	3.745457162376375	-0.4650256444049134	-0.22568504507273346	0.4177232143068448	-1.4130840859812737	0.026980737154526844	-0.10929153628980297	0.839042386354734	-0.10498554668673969	0.7290013618741712	-1.0809197514160152	-0.3360281462633421	0.5520642403138772	1.072290751376019	-0.004586735979839119	0.2485841462654378	-0.11679549205797149	-0.4113447935826718	-0.2559765567870998	-0.37488691980077915	-0.9949733857308277	0.368368673465865	0.1798881033644482	-0.893960173069712	-0.15918935142729568	0.16989822863194531	-0.021314086842285654	0.1543779697453051	0.1298296518232019	0.2933510498234562	-0.02550556904572303	0.04234945540034585	0.24779137585261463	0.13684146786321863	-0.13991013788991244	-0.6052738323820199	-0.09624709055999099	0.09261334610546418	0.12259798528949865	-0.35576905943738657	0.13304532249716944	-0.05578800645425281	-0.04460459401361816	-0.1928172234130733	0.11854711646779259	0.020976145088778545	0.1668062270109789	-0.13484447006268763	0.15736173672950288	0.4038454803815051	-0.4118018035654656	0.8599602255494674	0.20040875041285502	-0.19343323967920747	-0.033129603628957824	-0.6757670288418287	0.2366175135883892	0.09845766985904059	0.5171375255379496	-1.2286200069041835	0.6079436197772987	0.36916011989835606	0.5382215021126479	0.19971376267401236	0.19873674935295305	0.0340335697530795	-0.1006881086399558	-0.16073835594330213	0.19788917397475655	0.049580541199759166	-0.2138485088697368	0.22585124452017202	0.04061710369090527	0.4403300203199899	-0.07742843881349874	-0.2927748484522152	-0.17824508208321924	-0.3429996783246386	0.13873053063573215	-0.4359479213178053	0.14093094069832546	0.3010627397770987	-0.2774243212000439	0.18740172077731962	0.1191538559168872	0.5990593030156232	-0.497551534360403	-0.13150985607818963
DTXSID2023145	22.88549366904946	11.937929995762255	2.46261035932275	-2.7395933687969154	-1.0218557150656433	-1.5219998159112664	1.7411959323070132	-2.3085247323051648	0.6584821098199378	1.200669582187736	0.4755292393282529	-1.2264058649207032	-4.500527801753608	-2.1945505923036412	1.5652866882536225	0.6156969962436689	0.2036783401090771	-0.48846225323325804	-1.0988149594069396	-1.8266306050624532	0.21405615507842013	-0.9333623207292172	2.5243197688531622	-1.2446410578064044	-0.10272650086328608	0.30366174522329475	1.1064599023418353	0.3600176556862266	-0.14986131078178863	-0.08694061197485757	1.3737387365194533	2.2627191308163512	1.2143454022672133	-1.1180025024994884	-3.705039226889492	-2.7169983318720887	1.8439889149283044	-1.319046151311934	0.7825768871248764	-0.5041909625508626	-0.10651790885592205	-0.3457758081476885	0.5234245851929332	2.283648487394742	0.3007378968851911	-0.7768493208948716	-0.28788039394668585	0.14298406127279473	0.4912366930578485	1.380267738595684	0.5358602271749876	-0.16811756403605263	0.7146013916912108	0.5929285612663637	0.7026746562210673	0.4390745429162245	1.1281310955187436	-0.8027650238097959	0.9842788269776471	0.9204489893531649	-0.3486173170076194	1.8874989859625737	-0.38786275822470323	1.4341683101470326	-1.576752926705048	-1.8869478498023864	2.772067070650978	-2.5345636455830443	0.6358810453786734	2.6931825545797223	-2.0051479623337296	-0.5935463185877577	-1.1564808940179028	-0.15721585294242188	4.400805796202721	0.210776430298548	-0.10817567653848179	0.1331490019653785	0.673638501066655	-0.001907232943236334	1.0355107524800997	-0.4256625710920464	1.3870599019259782	-1.2109410691856628	0.7915853649724519	-1.3807029523564953	-0.7797009299559218	0.9857668613583472	-0.1411254004495465	0.27125917267886807	-0.15181335623119654	1.1544414614049578	-0.6446458554888533	-0.5278939116967947	0.49479009814842945	-0.0285368412683738	-1.2436223820262529	0.9636462110831755	0.5916250209619033	-0.1968436700124854
DTXSID5026091	-4.972226224867828	-1.143210685197954	-0.13150351107027988	-4.753213418814791	-1.5949322309180536	5.133700060033232	0.2659903311761314	2.0971138068806807	1.1615717339913527	0.2339056935306244	0.7313367246618896	-0.5393858086263422	0.902826317261994	-1.1158178475579679	-0.9223626758745568	0.3158286873096998	-1.1309808533225376	-0.5164699873489235	-0.18593512547591404	0.05136855628839296	-0.2827839969945773	0.6127351236966557	-0.7230170121342961	-0.6830224713772158	0.06038507992205946	-0.6549197440701303	0.02397016795057632	0.44899690475285114	0.10360620338538355	-0.014286948005497119	-0.8537468172611332	0.6156134359366827	0.7024249664717379	-0.19174969226445363	0.4320553666192578	-0.11220400323726844	-0.3146317633929893	-0.6514410484300864	0.1404421852299329	-0.36516340160438865	0.042013314523519744	-0.2848923352197853	-0.13626885256323173	-0.2672376982544711	-0.022600921104772114	0.20608606104418556	-0.3852904026586614	0.14738884249588993	0.4014091991580887	-0.029960385158264376	0.04767465936095224	-0.20120972782683813	0.20632269363212896	-0.012481750726321447	0.5921607947643343	0.34110580300973453	0.09449251822821024	0.44923569149258036	-0.08502765283172008	0.07987007852469409	-1.1584384194684962	-0.07663433963178375	-0.0570404135078938	-0.26631750767921425	-0.3787171740636312	-0.0743461413164192	0.5390867640453204	0.4243747912045163	-0.19773378528611177	0.522124230401713	0.24165146170023946	0.4604711987316244	0.3373453381404962	-0.10087518252005641	-1.0190644368712944	0.0459414115720052	-0.2248033617950548	-0.2994965880141636	-0.6476164065960496	0.4676076114111902	-0.07885504039467531	-1.6079346569117774	-0.6179879955299733	-0.9816069513298159	0.40536010807699957	0.8151389175586018	-0.7448442030807586	-0.3906777782701729	0.18058293173286455	-0.31474033839373927	-0.0029128275116688225	1.1390623760225052	0.5306049129800001	0.9102768416371455	0.4500322431170214	0.6564982758906331	0.6083274360970441	0.9465804419141237	-0.10375497214797699	-0.5511432407163552
DTXSID4020668	-5.234934988610972	-4.161151238986524	-0.655642518474996	-0.475206706270792	-0.5905415513454128	0.6278164172907823	-0.25646121137378036	-0.2495695463274623	0.7496326757669612	-0.9504998758085693	-0.6560114418696814	0.0856863923119521	-1.201944841444514	-0.16807901540140113	0.6594800119730977	-0.05742407045940771	0.1065457172098607	0.08594640645751132	0.44816500421075545	0.4593551261878297	0.5422574780244	0.3394243308007699	-0.37698504301807434	-0.7946103162232506	0.8547839938577212	0.4424242761250866	0.11355631225449818	0.30366864434208957	-0.047930722536737205	0.04878277099519834	0.8426212497694349	0.26554348032946096	-0.13924582895049367	0.08272179682649017	-0.18450678112319796	-0.21834074288254207	0.20304860152116272	0.03611543321429796	0.4133599264870539	0.7432847795681607	-0.41732424701788706	0.07696586482761951	-0.3571899150960875	-0.046404837220239824	-0.1879631466376834	-0.06417137483552543	0.3275107540937625	-0.14595428859010015	0.040624163849024564	0.19780615708848043	0.02809586146815407	-0.09241034735944395	-0.16406223634051537	-0.17513191664213565	0.2206140237892912	-0.18961469486288857	-0.17728699515275004	-0.1756490221653783	-0.06607423514287	0.07190295728759015	0.6723742688103587	0.298940106603271	0.3289939102010181	0.34969565287195237	0.08183755172109003	-0.3186384891110693	0.20851730546823935	-0.8501447491244459	0.01819388475640653	0.22347577801042218	-0.35244090858527466	0.4027613438648359	-0.6726717578066517	-0.19541698383880357	0.1622813816438069	0.09664019072217245	-0.4256058092706858	0.8312781069218504	-0.16358356827651307	0.07645312269761914	-0.17537958607211887	-0.6030299957264774	-0.2904322668460936	0.3841262014269663	0.482676377704275	-0.029796319074515933	-0.8085206538424683	0.6429767025951747	0.6881101422249879	-0.3906189787287013	0.5185746832611391	-0.15852827957923765	-0.5349860991623682	-0.6341566475896357	0.09187840738023338	-0.18182092913346068	0.1905444778180844	0.37744665522943216	-0.5025172801057181	-0.1801343307451787
DTXSID9030258	-5.663129690483238	-3.981759617123718	1.469158493182	0.7422845396949854	-1.1777436461919675	0.16368628135321897	0.532391664504464	-0.33080115160405194	0.9411288597182291	-0.9389214303017497	-0.6755125452484306	0.08143381564816946	-0.28250539040477135	0.20831791364768543	0.9655221742975998	-0.9399064574771687	0.752923786740011	-0.13156767944328215	0.7285424868473462	-0.15637292282785412	0.39881930587407405	-0.059229312691187384	1.0211316144036875	-0.07356138088568998	0.37837889917247564	0.22660043655783127	0.6015135906012307	0.01532470917652441	0.1316304175575749	0.011944615334854906	0.8585630665052925	0.2303552789279724	0.1882605477661107	-0.32192818828719605	-0.49884440080607306	-0.2226248116840045	0.04247901624946456	0.30182669959855013	-0.10574936220510417	0.07770044376322516	-0.03967604887462695	0.0852155852463959	-0.384381712719128	0.018569339955520483	-0.18691372812186122	0.16704171846399157	0.4677504114811257	-0.1307075952600299	-0.054036899343281736	0.03114203777135641	0.08643489392450705	-0.0075860140706989895	0.005766085086089898	0.008082607641751702	0.06987752036426106	-0.3743152559732964	0.11953434760238638	-0.04744050120066087	-0.0970898448642434	0.09963145917281696	0.6018665292981162	0.02942589623727219	0.08620026469394278	-0.44446872306235363	-0.20837067665891335	-0.005620665672311357	-0.016946265195151737	-0.35043969006370884	-0.3037052205106079	0.5716301050034481	0.04373130005669304	0.048262105163622004	0.13161978892863774	-0.37850405326955944	0.16611645583657375	0.053294451578528	-0.36617400908529973	0.050615903816636755	-0.06493874953114076	-0.30295203369471313	-0.21957923089240117	-0.3610734818076231	0.14096671173804412	-0.08101245759320377	0.06407277743835472	0.012975213664083673	0.08269253966396505	-0.24974204890702056	0.16652940279212441	-0.11330600973863617	-0.23042649474597848	-0.2068987528711394	-0.9473625288468921	-0.6809759775197791	0.05230954974708185	-0.046338566063452116	-0.49898614065904145	-0.284439890237826	0.295504128653987	0.1806154532031347
DTXSID6023020	-0.29541114423615666	0.29995813521755915	-1.7037618859774684	2.7511145888315656	5.759957133038453	-2.1932129182758784	-0.9218907391359432	4.972357654443974	6.030915897227245	-1.3270771248195639	-2.775840438121311	-1.3100875671206578	1.5326159712071177	-2.083138746988444	1.464294324498822	0.13371172198271253	-0.10180255064313537	0.5652997303083949	0.4192001473426569	-0.8481850415722012	-2.114389744498934	-1.1182611167165997	-0.02227286812244385	0.5250779904169637	-1.2854530984125327	0.3618418510875792	0.34334549406771053	0.17045478716719412	-0.2885952236796314	-0.9703656226027337	-0.14840493667012325	0.13474567700963064	0.4302163926069091	0.3412712800244988	-0.7891607133125449	-1.3257066884500464	-1.2440264876935414	0.6924627695952725	-1.3315030345848513	1.038028439647489	-0.1500366518361041	0.02444865876642889	0.7112368795636531	-1.397192341765422	0.07380127647413925	0.3079018689757323	0.3574509252243777	0.2998176307446802	0.1300536939036273	-0.5315922847203864	-0.2728526101690145	-0.10302445935681584	0.2879183798005703	-0.0644559148979592	0.5348240624581299	0.054416620179342304	-0.21383305409363754	1.081047909906533	-0.33900469087789414	-0.7039860591714002	0.41783616718320477	-2.5190134338797545	-0.783337695216174	0.06997429863438755	0.5133335582761307	-0.11867686474424333	-0.45245363222264845	-0.575827345884248	0.7327390311473831	-0.4562981412839422	2.528747543515287	-1.0392386766907726	0.12934824019130348	-1.0352294680855658	1.0104344062501833	-1.9266720212020836	-0.3576691929728972	0.6210485451543541	-0.8093788823025708	-0.18260479423266573	1.0676902261806431	-0.22245880426031317	0.6288599316764776	0.7505345793640542	0.35293415322227073	0.2788212425664517	-1.1453782670865968	0.6892873816008646	-0.034912745244599294	0.729641798351585	0.4455191068421619	0.15801570687256836	-0.5316339340107724	0.22259375050765431	0.2619438865974727	-0.5233606118900337	-0.033429149792977585	0.0005927480771928708	-0.003024475521089539	0.8182901272317055
DTXSID0038831	-3.546571229816332	-3.324968849029424	-0.8491183498066858	-0.21669755552497785	0.5732627721001987	-1.1787165939645963	-0.565740485835878	-0.3794824662646648	-1.3957633483429714	-1.5001432229651523	-0.9657435802547595	1.887621662830392	0.06034400403057023	3.1716062703582906	0.9811643665530997	3.1175789434971484	3.0621019732691503	-2.7532985660606952	1.5953863744466201	1.2867839845268292	-0.6184834038545569	-1.4120993409634208	-1.0582339628534783	-0.06425603788211683	-0.5116644973929809	0.2981389795578762	-0.7356109280470962	0.5101036834117556	-1.4617561954492937	0.8820185916697725	0.8525652201432751	0.28001856126536095	1.5401958049110642	-0.23682915677448776	0.17696006930997252	-1.0615071728276393	-0.7735743470848989	0.2876647847301594	0.6005038206353951	0.5860463355199422	0.2995860476133242	0.20635330485737466	-0.9267957837537847	0.8134929788312867	-0.33436091805270846	-1.5024500997061991	-0.23080668200320664	-0.47519849905701134	0.06585512434450061	-0.7211166954576509	0.33249478897645524	-0.19386181167262503	-0.6155975454635146	0.10154627804729954	-0.16784997318333855	-0.32879450190630793	0.5050911397265431	0.4471333214766185	1.4052991007173574	-0.45422097800164407	0.7203196536509772	-0.24150388084823185	-1.3418128786396812	-0.1945637495583402	-0.17232128312197464	-0.8912993939559773	0.5886543936857961	0.3494620640901328	0.7271829380194907	0.3960517497470032	-1.2874836458036645	-0.13037919792139002	-0.7814290468854991	-1.195265605385272	-1.6155539468058495	-0.3048309994137139	0.048983660336236176	-0.43174785479865874	0.08687262129081683	0.03979682703617971	0.08913894129328659	0.10022193464708717	0.7054740983592693	0.19517103723218854	-0.019122378616869985	-0.49046239558716004	-0.1958234403737815	-0.11073133887924305	-0.31554493753050955	0.48967794816998067	0.23843550411622275	0.17862233146774834	0.3899517147067038	-0.14256200706067676	0.3544440257252673	-0.26035298226260534	0.7657727384752778	0.3450556861188602	0.38808953437216803	0.056623297721418074
DTXSID3037044	8.069500187628842	-1.3965250523101853	-4.239540219670705	3.3697996590724846	3.124675451771592	-1.6011069369092805	-2.3666547562234883	1.7453274585265992	-1.2316363250430797	-0.41155777439324387	-1.5790596879971106	-2.686583182944869	6.886866499310463	-1.6434018651650162	2.525475354606548	-4.4965941946637376	1.0298393016122331	-1.5742928819552642	-1.4527533429190203	1.0661543975515508	-0.9737599017631551	2.2183400701155125	4.169297628341591	-3.2717828388970744	2.187944776386574	8.057733842561065	-1.0903625058098247	0.48146783712190405	-7.385937306351501	5.238788556179077	-0.3062999570970103	-3.8544313967033044	-0.6364147130826542	2.419656443392711	-1.6255682945676415	-1.0503008366073472	-1.2941447027417512	-16.068497199625146	2.2799276626394467	0.5241517684331949	0.7085156255196128	1.843061346262549	2.9587889547550366	2.3008371304210486	-11.589008892710634	30.553423812674417	7.067707048311732	-9.314560585314267	4.004964709143161	10.697673088581608	-32.874122236061545	4.799123723301096	-17.305217947401204	-5.955534442846435	-17.771241299332008	11.114218766185385	4.043611335368609	8.680147577806125	21.799474136456055	3.0462503752855494	0.9019688482005962	-5.12436992643975	-3.8180204899601993	-1.517677340392893	3.449498403266279	-6.2965154656497955	7.697868600342508	1.9079094611922434	1.609827208746078	-2.5023383742196095	-0.12472445867138732	3.8572569626799345	5.838687529628085	1.1074402482233916	2.2143361420956453	2.7274359636024	-1.3192771814328343	-0.5157574473205547	-0.8876569870438227	-0.003350341063758459	-0.34667429337689143	-0.6250229160513713	0.15386533649333467	-0.26227033766926366	0.5900242687526532	0.6928821124338561	0.40479396752549335	-0.1287668751599547	-0.271935442434189	0.4518776432313264	-0.26563980019487926	-0.7312398566695059	0.33372601994435436	-0.30297047559967843	0.31136878056022665	0.6308578409124799	0.04537731347193578	-0.17929571438631278	-0.09316360929600427	0.03929422293081704
DTXSID0067428	-2.351654756712638	4.357385057299206	-0.042408689454471245	1.9233370162867218	-2.7803776127181226	0.049611390438922036	-3.5658040543251546	-2.8650587162038055	0.545908415697607	-1.2935149054913406	-2.509852475958267	-0.8088062400707341	3.4096511962003353	-0.36157493909936883	0.2005744468157393	0.1635186917262615	-1.1585419206342424	0.5029794072324645	-0.5542886751372992	0.2455972185039906	0.18593985641529584	0.852229205522246	0.37921856415814637	-0.13316903125134738	0.8232078058756185	0.9081515982537879	0.5970441584661168	0.022931780713959512	-0.15350377775062052	-0.13946271864581938	-0.7877302420992582	-0.6882448440525761	-1.3448083293316258	-0.045734155489882605	0.1171153218147176	-0.10251943979376421	-1.1445626020955586	0.026419667471163498	-0.1849020094989697	0.2232844433238448	-0.16821003900317255	0.424897799231588	0.15026975155276637	0.38592431501787094	0.2793433229735598	-0.6382051581445756	0.25190538181223837	-0.6376953192053655	-0.2690262147042311	0.32888720519998893	0.1082300917581773	-0.2597689565547574	0.6041135120016635	-0.12529429956554006	-0.6465627962163053	-0.1653260967945211	0.0830276783715856	-0.028544564548558575	0.08246525018230168	0.05436043104752182	-0.1620773833908311	-0.13496195072250228	0.19596110338144682	0.6918989885162534	0.4603074646001358	-0.10783441912230188	0.2503236349669574	-0.7214895914613659	0.2806870211830683	-0.6212208893718062	-0.6830003982049966	-0.17318024680415212	0.7647511907731442	-0.4412157488077197	-0.22943031460522495	0.3225524694194199	0.7721895619050316	0.038018570270490486	-0.11882358421112135	0.3905487952270478	0.062051979431699905	-0.7090489467207687	0.2842944875352301	0.3343290523168588	-0.03874206292470282	-0.02182806870269791	-0.7342949631308632	0.44377253370257747	0.31874393979710314	-0.08489778090372806	-0.24006465440000616	0.40013894565424885	0.20169577432145555	0.22982252768127662	0.15151288753588835	-0.09275686760176599	0.21731948389938072	0.006442795379011474	-0.17501001685127499	0.16636244875146927
DTXSID6045824	24505.9892857892	7779.599146010284	-25297.22603093434	1259.6434965657322	25980.568388291947	-4447.10730454995	-13266.884633626596	5407.711677291322	46592.22601829298	36153.897569823006	-12226.63415374477	25176.28156925892	6352.921501306837	-33304.12282237845	-27155.19979775582	5807.11366990734	23454.011330958656	48381.39978620025	-5160.848503159615	-102350.1459761346	90808.15258402342	-54091.3358385028	47826.67194800023	-15253.519455817841	102041.2070298244	-3476.84623037324	-136957.35160144957	85720.46214074548	-30831.433713772378	7852.98258327767	299403.0467121517	91015.33791671021	147077.72386633523	-13665.338495751435	245654.57753429207	-31172.909554601454	-41488.870912031314	33420.58523777857	-27078.148532093448	-6561.867626979113	-70974.79460103171	-40740.15196703116	-14190.679478365846	15390.096894516102	89451.87267327735	-15069.443112350787	39884.55182398446	-107753.78141843856	-44237.27305905666	-59341.34378391722	1149.2007968626417	26326.50746062939	68056.57284102472	-1594.9164256360457	-66328.16326029017	73002.87714315191	23692.871384979208	108482.65292432984	52166.6374987126	59189.79954482595	11670.872365937157	63268.49119429314	4546.454705475703	12512.280674610904	-16033.827712728342	110844.9272448758	-57697.87201547261	-174591.91797852507	-53316.24586116465	-20366.72185604214	5456.5200307355335	11643.508655158357	62419.997533585876	47991.66043986836	-69025.06727939712	146287.87988143598	58242.86823395278	-182857.21374700931	-34511.32354171959	-33079.78014602045	161460.13021846313	22746.695713694866	-107958.26584449496	36288.597043252375	-69726.06916207052	87352.44397784668	12654.476513094009	26076.541351388434	77797.93992021901	-198039.63976013238	-8386.554235798265	87211.61070125274	-41233.47635090925	112696.42623391427	33594.67347366991	-70831.28724095543	14850.082236299284	-58413.200761757515	33997.66316569534	84915.67345841971
DTXSID1027502	-3.7931290019679236	-1.0020269376171413	-0.7880547925881112	2.029834453311791	1.295115530693934	-1.2664415453921256	4.389882928558494	-1.419550603904511	-0.5435035037636878	-1.3963600795608622	0.43889894256172324	-0.418486061849816	0.8931746139698856	-1.1279383219226258	-0.7409222820526121	1.6459378814860663	-1.6409097793440444	1.1714297195306762	2.4073065736149006	-2.2193732653127216	1.901982358631832	0.33442054613235167	0.9451830906390913	0.06826763973863142	0.5044085284943198	0.5215978989771027	-0.6960397898338343	-1.6191811045283113	-0.6662848021329671	0.23646363385715727	-0.10892239598076138	-0.13530755212284606	0.37046762672692096	0.19291595961451366	0.4800304412393288	0.5986339569990116	-0.15330807729510754	-0.4439164810352028	-0.7736772265798534	0.5972906902056595	0.7870193033274578	-0.6247872997762715	0.309878111931349	-0.39110185205464354	-0.30972708805172505	-0.7679062580498439	-0.39828494315193835	0.19407332888683657	-0.13309599483143764	-0.19638202868097007	-0.1453691441697687	-0.5469369648464629	0.0734273580894024	-0.4249474793649606	0.12724343914793249	-0.2365224890598028	0.521387767827166	-0.00883519079776118	0.5747380457742527	-0.40919521725098207	0.0253050140164736	-0.15195890427440156	-0.42223432984319803	0.045916020553268454	0.36650730309569307	0.22941653376781482	-0.3005736405863398	1.2008995441020711	-0.12362544555117869	0.01594400943076657	0.516837914249272	-0.03518953528475924	0.2707946735852353	0.7556220961815159	0.016706798336653454	0.22393688337237194	0.44537170968233947	0.3950460183770239	0.6444082776007498	0.3543970261064155	0.06808961254054635	0.4221530998013931	0.3272259347461443	-0.8282234197111807	0.12917201933308908	-0.4282544169227407	-0.013244746919184614	-0.2553483221192126	-0.016153539904048317	0.3995580500826894	-0.5354620234052004	0.2795570253639568	0.4227271944603203	0.2130938982659958	-0.4773259118368508	-0.5882245179292755	0.15188660833565912	0.12206916498062712	-0.11370502359131791	0.09758613010328579
DTXSID0021460	5.127353517779744	1.391931383437691	0.2712555773181659	2.3512630782669515	0.5321186256252208	-0.002725916583018451	-5.180546837009289	-3.8352600957916647	-3.8712399945256863	-3.5717914084841293	-7.762032556194912	-0.7003617034398152	7.096046663576049	2.3021380821499875	-0.9244090753072127	-1.4095219541382895	-3.646058002477694	-1.7449912695736476	-0.9633657229822525	1.6839590316964064	1.249706278599465	1.9954856287896872	2.0713954394646237	-1.7316551906241127	2.1937640619558647	1.2901372170058594	-0.5056421814276646	0.1850253465907093	-0.60740698325206	-0.5013845300481306	-0.9460748169987637	0.40296633553310796	0.12269231735204358	-1.0417302365957748	-0.5208397455420024	-0.7397968940556587	-1.6799399547854916	0.8307909740637824	0.008967103271141051	-0.41314256261333937	1.1020537930039835	0.09997020845585355	-0.45200249368472745	-1.0818675068878758	0.8148662407652523	0.7843142512872894	0.3109513742655376	0.35360228276816996	-0.5618773170461377	0.1549105964841148	-0.08171583576493735	-0.11162548564851447	0.6217385965867366	0.6329265720911688	0.10752630593035364	-0.6120635870452013	1.424623749368196	-0.27785060384677507	-0.41504605890020024	0.6696805608411684	-0.10140920913651777	-0.4651399645021574	-1.195164257520152	0.1713456196350068	-0.1884601992733329	-0.18807853912955436	0.700767859611299	-1.022351294199413	-0.6388271930167574	0.05377265235796906	-1.5150220307607758	-0.9878004158274982	0.04434155597097764	-0.03179915290357153	1.8497473257824355	1.3828895384678557	0.765939418790335	0.203798595365391	-0.2786108339004419	-0.7919506201330998	-0.8437700929111287	-0.3831151112268725	-0.8118552123270981	0.48071169353007615	0.3504937801923281	-0.3932072559566508	-1.1570074913267359	-0.1383854341109165	-0.5875730517627231	0.39224975761033576	0.6836975123103292	1.100593064943241	-0.6707711907893575	0.8755482689428844	-0.015633959895906886	0.4137615452719721	0.930414183253197	0.13934224279418944	0.28698084253873823	0.9582275609317267
DTXSID3020097	2.7404177241939074	1.0357272439647938	0.7931891436629077	-2.1136204424496396	-1.75679297118668	0.261416433314906	-0.27709032131522	0.9644932000906614	-0.647821738152977	-0.6298419223817697	-1.25472511030233	0.3458169568891259	-0.5492019581819241	0.9759160783145441	0.894594226520843	0.08046894970692792	1.1122977495087056	0.8688401081869386	0.825231079576389	-1.5438842939439057	-0.4442646986680749	-0.7682834476839486	1.3124974291265745	0.0400067986584683	0.27391242106245256	1.1845384338496134	1.064267649939168	-0.6802037418033926	-0.023053960840295585	-0.5103978416508893	-0.4634565315776177	0.12726533114881652	0.21794950384783954	0.9918205700199642	0.47525725705795663	-0.5516094544772354	0.8115563746589293	0.11980082757055639	-1.1244561839715224	-0.8530103291203617	0.6916791843541398	0.2055298036824412	0.05888306420444667	-0.3348351350122602	-0.5745225451812866	-0.16695358704571353	-0.006683140157888949	-0.7486883279525008	-0.08835779258078506	-0.6430245735807066	0.0630195192023902	-0.4391696367431392	0.38698630429489744	-0.3530655902168507	-0.3160626683950795	-0.010646173831085008	0.38443633758696316	0.49185822208744845	0.15650201153459609	-0.1425348516611001	-0.14879081713630515	0.6630011821712442	-0.17206564038165353	-0.5720676155189731	-0.2629151923771851	0.06647349153241387	-0.7932427267516973	0.20764807382383044	-0.19457813130385077	0.2196057620349267	-0.05369262830574569	-0.5646941459959374	1.0254615550004054	-0.9331164578003368	-0.21004773035094407	0.7110717265132818	-1.2099986888494259	1.0558889231104682	0.7111280329018264	-0.21100728464103619	-0.42481837992460686	-0.026381347558780518	0.4495261937095155	0.5440583367723335	0.2571526135406937	-0.13721727791444321	-0.5328766005260694	0.09763113793890754	0.42420947296579553	-0.3828721679960899	0.5642564969813821	-1.5880921881095742	-0.33717697601817953	0.28534593624277876	-0.618236188202307	-0.6129034277515513	1.145936545523913	0.16646640473144597	0.3091926737649725	0.09241296706286553
DTXSID8047713	-1.6799419008287846	0.3161346117408281	0.3105341065120184	0.37679777007712495	-0.21891126899663654	-1.1927967808069193	-2.0048409443181505	0.02649713250541363	-0.3482312952376871	-2.34147230886018	-1.0320516306526282	0.24936037827185936	-0.8426834648918964	2.7700386235251053	-0.22354656768669046	-0.0545902351070451	0.4763677464160137	0.016433912199508825	1.1525597461921206	-0.5902092876528617	0.1582565991139776	-0.4984387761753149	-0.4680505814757874	0.7376555453405587	0.1420415486672743	-0.340585939605626	0.37172582853006675	-0.08897238667101352	-0.05345672242446235	0.45167266036155207	-0.12205715776199427	-0.7848219081642013	0.6229776886784542	0.2854453048398963	0.5648459147778649	-0.18587951444329742	0.37738028293332004	-0.6551015222731605	0.42495841183533456	0.2941454945701538	-0.23773041490096217	0.3954867616617885	-0.11440946348152659	0.373244395204749	-0.9301894499475515	-0.22629636572381456	-0.15443738235594073	-0.5879277039468959	-0.2406476186048388	-0.36912991219670077	0.11570226477260162	-0.08213277808778159	-0.1540894066461353	-0.11381160631028077	0.4569818434092616	-0.7790680513667619	0.04372990945709162	0.01633718394773996	0.35539766314996407	-0.2863552488241335	0.01642860996274049	0.6659780108297595	-0.36346284548361196	-0.5745645204088683	0.055168628264138056	0.10608737902966696	0.2695275920562421	-0.4346969944970894	0.18801658168022312	-0.5502620277833391	0.4031455435547843	-0.6289568355091719	0.2674839522133868	0.19014353068025852	-0.7226956917001233	0.015689801364563834	-0.08378673288545105	-0.004286293019109175	0.003960178654526169	-0.20169952994190038	0.0034312075066158048	-0.2147119899090348	0.24262320542664864	0.06873982591472319	0.08319705024432708	0.039191432524315034	0.08595960505426013	0.36790975219137345	-0.26052292503345464	0.22718930987796068	0.7386940277552961	-0.025357665325463546	0.15265113283377899	0.09940811360499194	-0.2664139938268662	-0.031225461429841138	0.6318555896107563	0.17781163422623827	0.041639710990754024	0.49717397244664163
DTXSID1048172	15.089678826583974	4.358157233683399	-3.8749973919704037	1.5429593863113016	7.330519853032937	-4.650590028583826	2.4638117637650656	4.896646931655394	-1.0332285711809064	-3.7515658227518975	3.7853066427661957	-0.2849599805828557	3.5695490811492587	-1.7043013583874789	3.9320090116180517	-3.152131405403387	-1.7993955272258162	-0.1676357348732596	0.0030411098446546454	3.7564498685377026	-1.0087844871706961	-0.8447913269656571	0.0992382636392295	-0.5377427155550265	1.1354102344897015	2.279483412686338	-1.6591633888358617	2.774003319794186	-1.3633772259570314	-1.0423040985649803	2.2236272842498197	-0.4263080915469407	1.7872563956158047	4.090602715696064	1.046207390535445	0.47328672686297685	3.8670107632778277	1.0353808885811868	-0.6491863341179529	1.0445166717630407	3.087707427907	-2.212805604582326	-3.5437391182924114	2.966204416780164	-0.1349412458776151	0.5616017760577495	-0.8659230107247804	-0.05100467804540423	-1.3904297545473256	-2.826938517419556	-0.3969081767729841	-0.6391789848775129	-2.731773042493247	2.0142318346162367	-0.7181275330670455	-0.7579401733554609	-1.71699339431782	-3.190745697742461	-1.776485145074979	3.8721846966613023	2.101735444029674	-0.702522873762423	1.0334044147878592	1.2435137457144962	1.9164437360835367	-1.7190089046857064	0.10406511710580302	-1.7117575690868423	-1.8647749143054717	-0.5673126646272095	2.104627819194465	-1.7082198734874312	0.5180047256953687	-0.7978370023218582	1.7018099977806322	-1.92085848402363	-0.8769273814945815	3.2038830289822746	2.3655178061908253	2.4531877943976967	-0.9193715782898318	-0.3032881443732816	0.5037179719146098	-1.2223482196638875	-0.6778524542713336	1.9133802127501653	-0.95782113482824	1.8288375561211465	-0.8322853668867114	1.8398462401224214	-3.6427549494603055	2.2656647593708366	-0.533955276209264	0.127681328730095	0.13963363826630604	-0.2154290006024906	-1.0743993028287058	-1.0579771753198846	-1.314931695167845	0.406555792863219
DTXSID1048833	-0.2969077676500084	1.246190972409237	-1.3157659465402873	1.145869192193402	0.8993295017855278	0.5384213379084973	2.378101577511178	-1.108857319653297	-0.6245071727888803	-1.9494024602857463	0.09001535618532873	0.03416493039052318	-1.0484447843899067	-0.11816424389718619	0.47706156029142294	-0.7282810254425329	-0.05387447423727134	0.15011395870262442	-0.9184944792715601	0.30822473156172825	-0.7300179480073132	-0.6410004737170303	0.10413975903143269	-0.019907554552531334	0.7858083895783384	-0.6133268595153064	-0.09059476169633693	0.15352707943134913	0.45303998755169084	-0.9348381591120783	1.4807795399546224	-0.030696518131292313	-0.3180665357453281	0.14872228586749997	0.24500296978032987	-0.7403453780913023	-0.1691542088242877	1.0708816520392401	-0.46914579693850705	0.35397782547075846	0.2833173387802071	0.3607430314667111	0.3438374345283562	1.678849110129917	-1.0112993565209727	0.41391261035022764	0.692278388059195	-0.7309421592885016	0.5726330182434713	0.1542281412987247	0.4221027963609009	-0.2592040996764359	-0.18701133129849148	-0.33238402856063787	-0.6075903717163261	-0.899989662332719	0.22465164416691621	-0.28195932215636627	-0.21325308576193522	-1.139457397166755	0.2713780657641088	0.3154930254478012	0.19585619106428276	-1.15200245173898	-0.2881501514467743	-0.45826231534206396	-0.663134394765064	0.5573078244281563	0.08720260453356546	0.40456137387016805	-0.8943859920231968	0.7746282598706008	-0.36589576959772085	0.237122824141924	0.8116369120294722	-0.08642294468602235	-0.8981831100156324	-0.08824489222469278	-0.1888395782084695	-0.20614705728960686	-0.6330535449709708	0.5042257779365555	0.11224592149830623	0.324247685432704	-0.23622304361698485	-0.06275434411204515	-0.852616585819586	-0.6359039572719999	0.323841135469379	-0.6763940266590889	1.395051031210743	-0.6396908631520016	-1.401981589700124	0.6123829714186891	0.14402799955922263	0.11057247387230534	0.4792163648221085	0.5733492175269175	0.015659136267536403	-0.6242487806028533
DTXSID0073118	-0.9005882002712038	-2.3672866878592025	-3.01998355475181	-7.686567750153307	1.0698347128292345	7.193840058959454	0.3442217036773204	-3.1936655535962575	5.916441317675151	-0.4960098104001618	2.0443439248215185	-0.5682764348179402	1.8813426720474948	4.393543573569116	0.4583959770575647	1.5026835416744937	-1.58617732087043	0.19617584504765645	1.8078409687293309	-0.7941987959676391	-1.323963590993483	0.7002090008075124	0.17150338036917226	-0.1713750672447516	0.22544250552285586	-0.006336200875599796	-0.3497478402461478	-0.2954336030368304	0.3397699894157033	-0.21020046476638032	0.10126133360499716	-0.7167571136529889	-0.3092144372540903	0.23228759254378917	-0.026293402989803615	0.5239938207168915	0.10668125690764245	0.19756143192144424	0.18573506862690836	0.36340515344242824	0.3369511441243569	0.1589348215303316	-0.2819827739300474	-0.19953096579583895	-0.27461314571400874	0.4201356372770164	-0.40510230448985296	0.14252590160649958	0.013211739522555251	0.1853181491896116	0.03077530468309287	0.12178890410356236	-0.176895484837408	0.02183616249856154	0.3225440020155629	0.01797136193286097	0.238518749943701	0.5414733594783903	-0.43939819467299485	0.27570636794125747	-0.031024170780800355	0.4091446895540326	-0.286834475366665	-0.5319419700208927	-0.15939714363906826	-0.3388558605197524	0.3909372052509519	-0.27696616023698095	0.13565111082479925	-0.28202251463516925	-0.307100105538017	0.03796450131530035	-0.3808506428261963	0.2794959115330612	-0.41599645085494596	0.23704399479132232	0.35322280356389535	0.46572519099432835	0.1663687680483811	0.01764326925879531	0.06597704158102188	-0.24417677998644116	-0.13561769224259715	0.1972588024403245	-0.3579969606761799	0.4698091929786868	-0.14278565017119677	0.10650453354627447	0.5152538873708258	-0.7210712765610675	0.6581142214257787	-0.687070342611244	-0.2636250878954336	0.6379014412842494	-0.3579356011066997	-0.27984890786714384	0.3759111436039622	0.02401528520268449	-0.07245123924592944	-0.33414595634489364
DTXSID4046234	-0.652957871509705	3.779064221600963	-0.90254673806474	2.0263923878881336	0.27068432136033627	-1.0245835587946692	-2.6307531643384183	0.2743767694438714	2.290357059498253	0.7248807866928126	-0.4457770949415535	-1.4703787679414897	-0.21008903728343167	0.6674300040222627	-1.1189965089554195	-1.1890460445895863	1.0305178870951488	0.06003574607151199	0.37246523326500786	-0.23252151558107295	-1.0077021045080572	-0.4752125765316009	0.0517734353575999	1.5162071938196653	-1.5895099896351093	-0.06010150672645098	-0.36894758696269925	-1.1943531101774678	-0.4822800516266391	-0.2746397364503713	-0.35512460816749225	-0.6642967787394108	-2.4979616495251715	2.8714908649954256	0.7365737507285676	-1.6653853707501642	-1.7303417589945156	-0.9661319219768837	1.3757421672868626	-1.032260435059959	1.7346421695650205	-1.4370895526845253	-1.4419084623492937	0.3128378341544636	-1.315842792665915	-0.2898168375208797	-1.0217277250992969	0.9013695570100125	0.2852326337846652	1.0416131347753737	0.49841937748114934	0.97141413740795	0.33880361398312264	0.35341535598339197	0.9194408158648747	0.17376049034650817	0.1287313098035968	0.7578663297301481	1.3794130137998257	-0.6457993819058141	-0.2979691353055396	1.7603266394570583	0.5290232528966093	0.1465545236659571	-0.8816605570046847	0.9425987842493375	-0.8422970103309879	-0.5602424848397948	-1.0890690949079629	-0.6981589553736677	0.08237556800746472	0.26669115497666585	-0.15343371641023168	-0.004564991033669182	-0.4948464713674289	1.508085078008336	1.3780523247546825	0.8642497194045191	-0.17465028746612501	1.0414971217518274	-0.21106969819141888	0.08552691229216766	-0.5736254017133174	-0.4881889479674488	0.8097221836142346	0.07827038375705955	0.8547986527859364	0.10594229184939322	-0.39463360317221063	-0.08344361441602176	0.282480792169536	-0.7360684592991736	-0.5022786735198952	0.8438144781659613	-0.15412057638864304	0.21597458061193187	-0.15112685909007656	-0.00732031858274375	0.22304083469916788	0.05311569570932715
DTXSID4045424	3.602521377391219	0.5206169918322249	-3.0712359847011523	2.4148530406856015	2.3173068042265883	-2.303552372591333	5.710637071313339	-0.4885485466332244	-2.2164981130761463	-2.8773300397760297	2.9288358213590038	-1.148425128632587	1.002645597364819	0.4815404150119469	2.770939376516891	-2.514349854466614	-0.6165663434671406	0.24401955360230518	-1.7464499733271763	1.5364096937047207	-1.937111772117947	0.1124213498802232	-0.7280270554340172	-0.7571585937921075	2.11852739322996	-0.9783803730567854	-0.4552092167676176	-0.1302503243768877	0.949136530122567	-0.7149158551560245	1.2277181212236319	-0.6537790465078662	-0.5534461226947479	-1.869701655924812	-0.09273485983948537	1.0581484104819363	-0.5075963083974115	0.5020936486494414	-1.2987617971100835	0.15380811935512148	1.2380843516950957	0.5628569888217027	1.050134555154479	0.3663722085846047	0.06758699477895588	0.29854877938248964	-0.7602262221267185	1.2002706413946391	0.5572108318399984	0.2781292689231396	0.5557051757968714	0.6859752875571334	0.2422119820158112	0.5762174688906195	-0.3228745845341956	-0.7403099814666071	-0.25602906868781183	1.2412856841968143	1.197974534696351	0.08896614697569977	0.24066578983998957	1.4074616101750936	-1.09788667855633	-0.8268996401283603	-0.08491464209602681	0.07599986204184754	0.011234687443289443	-0.6349261851874765	0.4288995408017331	1.5717321576838408	-0.20307327094858144	0.603266129571078	-0.5661228750068691	1.1954462469633955	0.6262007341570641	0.41266910831756853	-0.5290849839889046	0.12861464445385323	0.8341231472171401	-0.5689931729232208	-0.5280056278492635	0.1064412710395316	0.12407430173569327	-0.8710993284519722	-0.3289356909604631	-0.4546018411226596	-0.051365271010513254	0.7278979495370554	0.5874344124581945	0.17960716640241228	0.5610109669160591	0.588976430970791	-0.5943308766530914	0.9044790021828654	-0.20685753286674252	0.5779947019451815	0.3974232085654248	0.43045544265979935	0.5655725281263947	0.4906733287123247
DTXSID8046951	1.645017288584683	5.151957951308444	2.624038047747044	0.827781567685614	-2.196480868029869	-0.21436014475580034	0.26847311270716734	0.2342720034717911	1.4444214319099704	1.1123903744480712	1.5430999124166993	-0.9339631220565929	-0.05153488129274572	-1.8439772164857946	-0.07875549954306357	0.6357255537558049	-0.7585575165790567	-0.2680528834813475	0.10738430793619146	-0.5578909001165049	0.2641457071872609	0.003308756865038844	0.07331799795068748	-0.10086931054732197	-0.5562155833085902	0.20212241977654016	0.5037833383796144	1.670202564708319	0.11698476081944234	-0.4249836206572982	-0.23585640615438558	0.27664356377524013	0.9415305571554976	-0.069002674843756	-0.5699384807261229	-0.17190401434429947	-0.43659505855392405	-0.0007004423194520978	0.3567291175950646	-0.5186215199012594	0.7525790610831452	0.6101881324747411	-0.3227873179199026	0.466363623399287	-0.6727557867972048	0.7618070032070239	0.14117308065694542	-0.2718401237525661	0.24385739636069512	-0.12511301250573076	0.11676005593330788	0.24429166659411763	0.14951288894568998	0.3692949455530569	0.19320359863828285	-0.31232137916093744	0.41547305944176915	0.6066986276228944	-0.7293074975873239	-0.3931163509000021	-0.17029661245166905	0.6847726899613533	-0.5514228275149894	-0.2152426391244462	-0.2761074026416114	-0.6506575574935235	0.15745358621285604	0.23864165676772456	0.3652243606239024	0.054700371120794	-0.2429996821720565	-0.2813612134589335	-0.26752904939968747	-0.4392435772698961	-0.6854869763852555	1.0304527934360144	0.3868867747015287	1.2171138866629763	0.7608287530477954	-0.6347352861230571	0.020571226406255524	0.036776335460432914	-0.4067509279697626	0.5353106951021647	-0.5005211446426258	-0.17245752309609974	-0.04416180445343917	0.17423348689749277	0.2639117974738448	-0.3211006713189927	0.8233417956284474	-0.16404350546804075	-0.08172249203945545	-0.2958398646109314	0.9488692899132378	0.42921797787491933	0.0770175857215492	-0.007929156764817195	0.440422425757252	-0.32484486583974576
DTXSID1042077	-1.3827402667287485	1.3593457920339502	-0.32127167062300366	0.9553051874797479	2.6745745404251675	-1.9723929379683869	-0.35634552288851296	2.7443119547246275	3.6892337703932547	0.8154032731585175	-1.27320910670515	-1.1191542154915988	1.2980300904055664	-0.02390585005404619	1.118859914885022	0.48856140874274734	-0.34424215545969034	0.9239479011736768	-0.2544005739277895	-1.1959587015097497	-1.0146860284032486	-1.2012020350950654	-0.2776805108469623	0.45291349882989046	-0.6885068570025169	-0.7825111453314488	0.11352013867122829	0.43569902260194665	0.2620523284554445	0.4389521629424889	0.2764560339475513	-0.35936923777907953	-0.03939351945074075	-0.267352309175819	-0.8521605986559274	0.4223399301696172	-1.5326498950203558	-0.14898945494985377	-0.24796335400253358	-0.43868124465863045	-0.0949440920481359	-0.7688018852414069	-0.4810622988289129	-0.17808705037928474	0.06769215073796458	0.396232233751515	0.9200446503678011	1.1392309923560078	0.14319818925790645	0.19588663336472184	-0.14830148668939416	0.671909260840644	0.5508228893880158	0.08651283491113057	1.2909457295330893	-0.9061159307576503	-0.4123973526114696	-0.08236548529554533	0.2763372780542944	-0.11728310489981841	-0.16179695855836249	-2.327438393496524	-0.7945276272276851	0.48164542389036136	-0.4106963401493652	-1.0609966129605775	0.4287743184413564	0.43093262849533825	0.3681803896477217	0.7766599706161379	0.035869946542195004	-1.1607252075898935	0.9418473844662153	0.5279058095587982	-0.12590183619362538	0.6289295010077117	-0.1375652751633553	-0.5068462274585268	0.32915888885232647	-1.6019104382813887	0.8359280713101223	0.10893640319519032	0.21341029028370215	-0.447397153993516	0.09759406043880837	0.676674727589952	-1.091395390001133	-0.33374164763416586	0.5273153848317553	-0.5830361052139548	0.2574213201794828	-0.6094750923112985	0.6607263646382205	-0.40480574815068077	-0.39833784130725874	0.2347313228103363	0.5265627661296404	0.3808334306826027	-0.2793276551082407	0.21602809357825012
DTXSID4020452	2.9234741474421475	-6.401965795292014	6.038218347879483	6.165515440961489	-2.9278383255253466	4.89455154340074	1.3778825344038768	0.5466605402825481	1.8159801541545837	-0.9633246086654529	-1.226268251430238	-0.4963437934354255	-2.5721379024641733	-0.7736379807502867	3.2715881186995683	-3.1191258476021293	2.2877630170372414	-1.3898990866211571	7.63223549751412	0.8059509772584785	-1.106005844362582	3.4362773695279003	-2.750592323394898	-0.14842437942414793	2.5796619254088626	3.8944770228435734	5.412491656999187	1.150133060932404	2.383129119845591	-2.838509020474641	2.856941651864588	4.869798494352961	-3.6589485834753726	1.618076960595494	-0.06624077011413035	-1.7263428752098722	-1.9645953494914619	3.065348461968091	-3.1115145659872123	-4.035586854567795	-0.28584775049384276	0.42088616789041544	1.6005406794958026	1.3410277697614226	1.8777441665741137	1.6664090952690382	2.4194113397802104	-0.42206693708861887	0.021169646856606817	-0.8345566141601608	-0.00937666130809823	0.5653457211038236	-0.08950763002844841	0.12422799989692246	-0.639409989673832	-0.9318127188368087	-1.7008968129547004	0.1746543713169584	0.3573917620058463	-0.05590322863099524	-0.12250378136994529	-0.5511286883810463	1.269212635789191	-1.9859336852445153	0.9304564907006971	-1.064229402094787	-2.89201830526396	0.36647234463487893	0.1094987384229469	-0.645909064238546	-0.6448842365855536	0.696506209065539	0.77997998821441	0.12781328359308694	0.526503191207911	-1.5895337295411818	-1.4096206903245037	-2.372096675773359	-1.733251881304846	1.6534083595873683	1.1674861130384742	1.5182141358296926	-0.3652685701652601	-0.733866901379766	-0.8197766964610846	0.016295930710914452	1.653118679070712	-0.21632698185320026	0.06580942392524969	0.8130520451686687	0.9242651793470898	-0.48018221312056253	-0.5533849232978708	-1.5802279132358332	0.20242941701513742	0.16149064228232052	-0.3683411504494536	0.41594745523527116	0.41009136047022404	-0.3149673900804452
DTXSID7044762	4.393035645290762	-2.6914376468776697	3.9878775038575918	-0.7998222932527216	-2.1698118698889783	0.045944331852769756	1.3248318416572822	1.2336067593990172	0.21390593417843312	-0.04658765527907724	-1.39562688323277	0.508835119112465	-1.1292013258403273	1.0856101924787782	2.253731381351395	-1.3227722453420212	1.0476968234872739	0.9250980977509643	2.6366881155160073	-0.7051244495126248	0.3313538460853782	0.4377538081913296	-0.8870322556036301	-0.8526204570209917	2.229920232084429	1.705383940291092	1.9160244242686004	-1.0243684942072202	0.9731253401725523	-1.1407729711855576	2.022495298375199	1.3133423803179702	-2.428393553593447	1.12160991320182	-0.8111069315165302	-0.6271040887284264	-0.07663554923979463	1.9175340494717765	-1.3713388610577806	-1.6475947693320623	-0.30140105844042353	-0.4105504903099411	1.0622295107194977	0.37772656099704244	0.9595241754694906	0.8447920181444329	0.8495550459846632	0.3898287129530244	-0.2433994848787962	-0.18565268690320758	-0.08238580649225756	0.6076863521058969	-0.02673262880802164	0.0026185273940131436	-0.012876942995424908	-0.959134534881735	0.001289640467732092	-0.5389014792433829	0.5438893335194879	0.4773079338092449	0.9879456208034003	-0.17972990236997896	0.22901597507280935	0.31248809169585534	0.6206536958098325	-0.12252153864301106	-0.7329553821405815	0.37909376092174485	-0.5922679281490463	-0.4471819100759127	-0.80539261869529	0.4345858988145009	0.1233335206093726	-0.008898740716340168	1.2900952529079606	-0.061128938562418654	-0.6469431398221664	-0.36430385281780986	0.3823784271105125	-0.051260737040111935	0.5790145600347177	0.07195660390092337	0.8174942054243418	-0.2989621106412837	-0.21048586165986527	-0.2372617292931092	0.31956745441087864	-0.46173747292567646	-0.4045305679752838	0.9917355279680665	0.8913213148709884	0.11410180402474511	-0.5629447005774725	-0.576464085581843	0.8541176867583057	0.35885311741259507	-0.20975926737463588	-0.20919238844249913	-0.47556694425814594	0.910244081696991
DTXSID5048506	7.3574183692126205	2.7876633576704886	-0.1610710522192193	0.3492671198893549	2.887586184629714	-0.047375924791348105	3.9400573335900773	1.5338405866302098	-0.7995049595557314	-0.4890584487771291	-1.0124224235996147	-0.027683818937074958	0.05954423538763571	-0.12369900864771935	-0.649372314663402	-1.5534337151351474	1.3259249588242876	0.7879133170137391	-2.4162130095002587	0.3395560789760924	1.8496360354294146	-0.9485003248041671	-1.5532941787854642	0.05828071823605065	1.0982589391612818	0.10305892598410019	0.8540931280899055	-0.3559580804153129	0.009974031267299933	-0.44160933008318826	0.014673596993223646	-0.7931921974350301	-1.7126190740028429	-0.1031783240163833	-2.9937274459585943	-0.3333476665019457	0.2874996162239434	0.14541250788911292	0.29686790652216233	2.6834444373811577	1.4650287812679206	-1.736355295552916	-0.3033725843427493	2.570775998550756	1.455172091030327	-1.3891482749826567	3.9181523702928045	-1.3828066336233715	1.3855670174749202	-0.6463097719739184	0.5468510694567987	3.4105054042205634	0.20747491188129577	-1.710528175422566	1.373185063136459	3.283520509263084	-0.33288013396203425	2.0919748035388683	-2.1889717858333246	2.0328165511922176	-1.1141932873066196	-0.6213662896053814	-2.3466563766103627	-2.918334760738992	-0.2128050530355744	0.3230168453839188	-0.031206942108353883	0.3356961589243916	1.3072585626766782	-0.22449476128857015	-0.22648940781317364	-0.43104544560400093	0.04875095654909368	1.3316337424352847	-1.029036181258896	0.8253675440715585	0.8371011826994798	1.3155509700555201	-0.35506109021912374	0.5958584656819372	0.2706034502192674	0.45615731978129326	0.011314570881635165	0.0460221757285598	-0.23626745427421608	-0.07222154444309734	0.5779948438446226	0.8648966793446013	-0.27579653196150183	0.6484846590950585	0.13690287783045524	0.252650801163137	0.17176670050276652	-0.18635989528156	0.4514393297301088	-0.8301228656154972	-0.5689103987999117	-0.7481575705723424	-0.8673988541791934	-0.5023795109236642
DTXSID7049219	-1.6430085311503557	-1.274066523108711	-1.9639420953474003	-0.8914593820075645	0.1754960262287942	-0.7996859989082937	4.633895411779799	-1.8538254193713843	-1.0614090758134391	-2.2683472169775922	-1.1724384519683868	-0.7478908663159864	-1.1742924257771434	-0.2998956234877822	0.18799605518296864	-0.9303374417530539	1.6909402410867027	0.3872075504822073	-1.6021446634565708	-0.2643089755454202	-1.016782299732712	-0.5985819459320376	-1.248090933008926	0.35993011618609017	0.3506660970388615	-0.2834004479870148	0.015693120745004084	-0.7296424786846786	-0.35050230242781494	-0.02188306697107474	-1.939483858206327	2.342633573231785	0.07367099357575853	0.22327632268665656	1.4602072442764409	0.03501001969250705	-0.6014448342625106	0.2775761322635049	1.030386473864234	-0.2296434851872119	-1.5949642672932078	-0.5131011319627677	0.15455303713635313	0.24555646777116188	-0.24477556687523871	-0.06367645948969336	0.8780151665305546	0.041207051209328785	-0.4617705442909817	0.38096162641469206	-0.20136646258028804	0.10314986275562045	-0.13977509105020203	-0.3544321609359949	0.0013158599097180738	0.34448673321478757	-1.228398868242643	0.1188346172553652	-0.35111782544955117	0.5822094581431347	0.39086110211498865	0.7044972136178737	0.3151948224254324	1.042979105283267	0.08264646901634169	-0.0268796804550485	0.7177811905967697	-1.0718283478648867	-0.6220597533607782	-0.459745624412639	-0.401224350382551	-0.16419719813280423	-0.45612091061213944	-0.1223209151387178	0.4231178694548071	0.17619963549853465	-0.5017668372888482	-0.7334005507143246	-0.6413421839920075	-0.3621837984459479	-0.8548455108214736	-0.48863789275615555	0.6872660536619973	0.8613509002209131	0.12036552270618336	-0.13326078063789043	-0.6741885441880211	-0.2416252457954624	0.248890818224724	-0.12474346448202064	-0.17744099598738758	-0.40550010179768414	-0.19565461603993264	0.18280772374710885	0.23939952488672436	0.673035858589993	-0.4995722192737285	-0.03887402255822536	-0.3885646340130019	0.035927223336468486
DTXSID2020894	1.3151638266659944	4.564265526030914	0.14799764435931653	1.3932761648189174	-0.14720256511274318	-1.3952658959438173	-1.356642763667558	1.1007334296201816	1.400445502101803	0.6474957015094475	1.6619396237427466	0.23312784646523463	-1.8534665360767035	2.8296263434394247	1.4804362667986646	2.337685408379905	-3.196270714914797	0.8956978530575135	-1.6612728037247722	0.08296505688595789	-0.9893426678368357	-0.041968689133034476	-0.5316666256618471	-1.1998610099894973	1.3523321924176617	0.45333863028732163	0.5244484722829788	-0.5359400281555637	-0.22822676974287087	0.5354827094527674	-0.18105982101261942	-0.43356395697127076	-1.0571216058143662	-0.44605373229782047	0.6501022600025882	0.48976315562047473	-0.7128089303031623	-0.5788145621827219	-0.0750498461761838	0.6686531806934429	-0.19336505581529934	-0.21933106530220697	0.43280737595344054	0.34251671634469494	0.875373215122517	-0.22888477668920232	0.6707352444562814	0.6941356444542178	-0.3361581806917913	-0.0725820329228695	0.09599207533172138	0.1198915890522135	0.7349597818885035	-0.42187823755001763	0.5067596062519764	-1.5551913323787931	-0.6811014349224714	-0.3137112964704687	0.8394297133495363	0.10284461321903823	0.307267877079212	-0.8327416984461317	-1.386795029922537	1.162616019603387	0.8201461802312173	0.2938055396281389	0.5275417127495815	0.11932274646594025	-0.20803589718144017	0.1476568939652256	-0.9217238915747783	-0.7323632485838247	0.9689036219804523	0.6418898268145252	1.0737269202792952	1.7962865823346845	-0.14486693375506454	0.5274567216549204	-0.4320735357648415	1.0852035184250193	0.8274037933993785	-0.3307460965416243	0.8935687813566855	-2.1390940296786396	-0.17400867477774168	0.27413715948571993	1.114089037376076	-2.1402223659769386	-0.9928610681278897	-1.1272123556037579	0.3013139028812012	-0.4643072413971393	-1.0009335077736914	-0.1183200611781792	0.7664371055867925	-0.3546191829778126	-0.031069959586164746	-0.003116191338987212	0.11355109893175683	-0.009918711555904831
DTXSID7026863	-3.4344132859538576	-4.675154465739937	-0.5532886439880532	-0.8767592361986696	-2.2293065992750596	-0.8106301675538817	-1.1970342400997638	0.2187854189650434	0.004709802174417428	0.24786192597443935	-0.2729043820001238	0.2317911585801086	0.09990818286829797	0.8538835518021832	-0.1394036233177002	0.5901050816387884	0.23683011011813276	1.1048284936967	0.14777324569790093	-0.7607423563429085	0.2349950589729274	-0.39884118448965444	-1.2809763047539124	-0.14905474659992404	-0.7952720634818755	0.5219441626795764	0.1050563212699671	0.049652998414407325	0.526206020794066	-1.087169716972399	0.5642456822312663	0.8769773118271099	-0.5505058751294437	0.1406657487783949	-0.12716000948704212	0.5942172660712819	-0.0756993838093313	1.1506905938074898	-0.8155906461493269	-1.000127352045079	0.22800825607343195	-0.06261603814971288	-0.05283689622041256	0.1401207143393121	0.09899940924757704	0.5183853636925806	0.30473183174675533	-0.5792828383073566	0.002516747058850075	-0.34671824128023454	-0.1263201438344984	-0.3072441967333169	-0.19283895615561375	-0.2741317086650147	-0.5048468782070832	-0.1444232985255889	-0.4655254135903972	0.1900059893302041	-0.4375566301458094	0.2745985158078631	-0.4883817753846227	0.0029625567751870494	0.8667405436279138	-0.3121537884411891	-1.0484304121230459	-0.575458566674848	-0.341356522454824	0.45536222735771126	0.014183240952978592	0.2913355464153983	-0.2946960118682587	-0.14984063259779198	0.7734459124894951	-0.36372136779445463	0.9825152978120871	-0.07592948655322038	-0.5217980620823734	-0.30085169225273595	-0.7292911398407966	0.5299105010507922	-0.4770963783717506	0.2435368948642357	-0.3143747045266799	0.35408608236340955	0.32906294082535104	0.6529505152878352	0.4674672843950865	-0.05838884640649188	0.4104007243148989	-0.2720983040865874	0.21962881395019515	-0.3416281447939186	-0.759279568960198	-0.27693008720344514	-0.25959057294970556	0.1459840819243082	-0.331047878064362	-0.21914292742107672	-0.033328212155231116	0.2393646680671737
DTXSID8025599	-5.34243315500268	-1.7480171902015393	-0.7798934451814518	-0.09218594698928492	-1.4230078148244845	1.3427818154518112	1.925141060976459	-0.08368030762137106	-2.8771264105924073	1.2864455245576845	-0.5972687923505464	6.084347794363215	3.327158428442379	1.3031471030344015	3.94001598596995	11.270875433175046	12.588804556668835	-9.57359015637336	1.1089728292591616	4.955551446961321	-6.171988632313642	-5.068467433316114	-3.1181021362352745	-4.820685193620733	-0.03447515360941565	13.389573786130999	-9.252684207895081	1.2594838044750172	-16.390397845308236	12.225235069158572	3.518280275362479	-3.9158004287805004	-1.1157584227127442	-3.4542134567570626	-1.4679994722811562	-1.4883626445976215	-8.639960424201142	-1.8271886044346815	0.3103774272650225	-4.3781240074683945	-2.555618806473717	-4.398792660861865	10.818423494236365	3.571907792544345	2.9383516128049876	4.196118444530188	-3.8320694461656695	4.109464354098181	4.356709409006705	3.8642563038632747	-0.4209943472037482	-5.09631135843397	6.719664617052524	4.812456253201774	7.943731764537563	1.5593509591175947	1.2578603106111548	-5.577194881799267	-11.103502910344117	-0.90357111634986	-2.5568938207134018	4.052103455869116	7.706304250053831	-10.343351522152883	4.52453390833322	-0.6522322840127596	5.2775158685043495	-0.5166318148085458	4.652102263413716	-6.793516125231312	8.413782102626476	8.716237614118622	10.697449581769082	2.7440174089658993	5.275935504556937	4.245309749014246	-2.2743928593723255	1.7098168751736433	2.624429119067575	-1.6417482425680725	-0.44319589072169735	0.01969754233942621	-2.0233665980553943	-1.0678845588444763	0.06519379843109355	1.0774707948328615	1.816792994257221	1.3624573697239284	0.7080698743818589	0.7050813490090143	0.5968012964530628	0.5459112231129556	0.15041961458913514	0.41799174527964533	-0.08441071426509204	-0.9957083681700836	-0.09756488038297309	0.4123873818891065	-0.03347937353666793	-0.5308678853284531
DTXSID8049333	2.280179355837417	0.5086972476436052	3.0638747598558522	-4.318345977657856	-0.8606296331579828	-3.852613037229582	5.277523680377187	-2.4217794389636706	-0.297929892182643	-1.1349804154912597	-0.1856499857377983	-0.6547228609719663	0.7163696044474238	-3.09653514846741	-1.8657387224154605	-1.5317457487867239	0.4688794756816809	-1.4221384511214523	-0.8443186074250002	0.8160771011041191	-1.9497067225972238	0.07113441762816718	-0.73859408879764	0.5688454565813719	-1.5294360103996547	-0.6707512211491944	1.7129017547012904	-0.8861209577103495	0.08639658802142743	1.333273041648822	-0.9261875499532812	0.7161076995682262	0.872961715987138	0.11005587465596375	1.9435447243998274	0.7754430607287958	-1.892542886121009	0.3854360583370915	1.0641537268686103	-0.0783136271937791	-1.0563398196449139	0.18167186109018088	-0.102085252361549	0.3880733878963641	-0.19906153610007438	0.21001847169114107	1.1958128063977647	-0.1514690595821022	-0.5061028216510135	0.05019827309912802	-0.170443684698188	0.08752565071055292	-0.2306652509023277	0.2161647716121473	-0.21050216010461337	0.7987796234144001	-1.258513512486013	0.6441357243155286	-0.912913903985023	0.5684108397973833	0.24605432169273456	0.37785814526141537	-0.38770332074392394	0.43126693115377	0.6133562905614297	0.24913286161860537	-0.5291013755078045	0.1404654955093767	-0.5454841450974374	-0.7103467667384408	-0.2677622829001402	-0.16847098915430866	-0.3209703334267442	-0.14409680219234652	0.4191303072189872	0.24900609247983732	0.25250362675006116	0.07150817047699178	-0.6208203804546338	-0.45995895034500295	-0.20185009995366138	-0.3379371691025869	0.3593377568975819	0.9816063015319537	-0.35849916164462003	0.14346556403367403	0.10400940500408679	-1.0484463477926993	0.07484442662928312	-0.838573343069819	0.13240937965733857	0.09418979342513875	-0.01828325265121601	-0.33667554465507343	-0.05038162186301032	0.9983250053971653	0.6145505823158909	0.13665627749838585	0.31486522080528817	0.42350744227485576
DTXSID0044785	0.7935513548010925	0.4404641960785042	-2.6328507432989317	0.5820619707388066	3.4960475673417424	0.29404603263528106	0.41187937649653167	-0.029819187588557644	1.3786550361195142	-0.10020339845994114	-1.0710480339167188	1.1910813195516357	-0.5888222967633979	0.19790592650827987	0.7247283812447405	-1.0242446946316524	2.1938391495530505	-0.47341198952761293	-0.3796023353672869	-0.3907988129197963	1.0459554086520366	-0.5525230247494212	1.6014602942658398	0.08660253729371249	0.1706875029893319	-0.7003152963298772	-0.7196360067354068	1.4003083512417602	1.1915709445892413	-1.356085088311313	4.133673281007471	2.134110303476862	-2.230770886465933	1.5387778011069204	-1.3403792970345128	2.108114409515516	-1.6769740490159242	-2.1749308845711184	2.7513391964177383	1.2366048036661141	2.100435445378492	1.8089799718696484	-1.0605441800773445	-2.664396331882947	1.0564168816353658	-0.3664614011323025	-0.07332314586143497	-2.449800419289255	0.26153157113440706	-1.6032210199625923	-0.6757676108524983	-2.946750683370463	0.8523913908993648	-2.9178015465682936	0.22111679883503413	-1.3004323129571644	0.3688800776317031	1.493361500558333	-1.440061562488285	1.6315377999648186	-1.5539641898109444	1.6535577002843669	2.303049229508102	0.6759893672696748	6.327718700922408	0.7030364026369733	2.764995116335104	2.200552124070735	-0.035415395194232605	0.8609593131872479	0.06660867933363282	-1.989313587755288	-1.1494337218824935	-0.9290925142937874	0.8890240298521337	0.03912255664628403	0.09485284441138253	0.9929895441811162	0.3738722736134075	-0.0019037905991111132	-0.9386143421753174	-0.502318224726398	0.2279060531744456	0.29100001645129003	0.2807572431323347	0.16255239628141296	0.4766251540698726	0.030654874394558447	0.002994659107265655	1.0037955158075922	0.5464544456865335	-0.9086990367833964	0.37918259759729916	-0.03402009201167751	-0.865630340002911	0.6446834200442418	-0.050614760218497076	0.7458813444149871	-0.33681791022836516	0.04650431643279498
DTXSID1045324	8.640033984405285	4.721487935343958	-1.85288800618657	0.824873335565039	2.3144404022919476	-2.6068503055709766	-0.17486091596656392	4.032410590790292	4.402892897530268	0.49178546068733514	-0.6986157198396438	-0.2557964311761909	-0.5487512591907269	1.197848227807862	3.128245053753866	0.5245942514633453	-2.20249336902287	0.11352249636985973	0.5553032704193495	3.6572003640845976	2.9602921652980294	-0.5860001861291897	3.010124610806285	1.6157575334304817	-0.3628276473487504	0.5454575642043891	-0.5441387221609237	0.20478125239775666	-0.6978444823936036	0.42991875832154536	-1.2326645311511162	-1.4528028172484801	-1.8934536207674921	-0.8676062742208859	1.4791201665295355	2.231128927748583	1.6086291278782578	-0.9609728992122969	-1.2581479732213003	-2.0400118848979494	0.16668782242816477	-0.25753491129924777	-0.5075201340485034	1.0018203968205026	1.6327910170485358	-0.8995093593275874	1.8920620822863696	-0.5827257958009529	0.25279590511008754	0.21796161054499968	0.19186718826614013	0.5714326145131124	0.3161831212813967	-0.3424165010318646	-0.13549023481794775	-1.447213988800585	-1.4895495965621108	-0.07992732266972473	0.3098603383530392	1.755999908028236	-1.4175927283279213	0.5471385180253698	0.3164009175848178	0.5013538944940997	-1.448635764245796	-0.5257678452667027	1.072435574478312	0.9286882649418815	0.6979109617479159	-0.4241062276313944	0.2620012773985764	1.4671975144474778	1.0626702440509241	-3.305596755257681	-0.6898668017776675	-0.3092492647651697	-1.4123970337393033	-1.151087087078497	1.0031178566500316	1.125714292904312	1.272289118102623	-0.34097109614155385	-0.3599371888776677	0.75886805296006	-0.33094313120645424	0.48498399228136546	-0.4990980443151661	0.17236532374992483	-0.45767512500034047	0.7480114958734443	-0.3592429087737924	-0.3309266194197115	-0.11172696474749877	0.4292725733610116	0.5519467518203938	0.714400567173675	1.0133130365744878	0.4017129363403964	-0.0045794409586217425	-1.7262807227431436
DTXSID8046537	-3.419533120796613	-2.634765682934096	-1.4518648916773462	-2.850234388511864	-0.5719549372463063	2.0188191777035356	-1.0578718242512715	0.1555281576037545	-0.7595813464567849	0.0955176270723334	-0.6246250480668963	-0.9995600654500935	-1.6932455319331767	-1.986713225652588	0.2687273622951662	0.42437531359495334	-0.05596772009927298	0.03259787548849504	-0.27816292243871704	-0.8596551153140248	0.3124552012285433	-0.5175464269409081	-0.1704479290425314	-0.9107916287697952	0.5048409128522582	-0.34140653125249143	-0.6516858747115087	-0.026875889816698778	-0.4370349562904254	0.6743185863074403	0.3519352313381229	-1.6219727115667955	-0.0018482398413798358	0.6214240075038356	-0.6998648436083831	-0.5159056097906985	-0.29076606409752837	-0.23978157313280477	0.061435500629507145	0.13966880847096372	-0.15777811673318812	0.11934337836680475	-0.2278282513954958	-0.16172735411919803	0.4839343356952641	-0.35492260793741154	0.1900052621034442	0.28924795584446034	-0.35519281435998434	-0.33597888951005583	-0.05218088233565258	-0.1552284990211319	-0.023338585655906085	-0.17983913943428723	0.2380528120573602	-0.5476826859460422	0.29047123426809207	0.09162992028899039	0.48793912642483084	-0.2315911466934912	0.8527872471566571	0.13830889122319784	-0.466195600536538	0.7332589154636932	0.4943203739754466	0.15964269353686217	0.019596910929277584	-0.26856237380206704	-0.3122930375977932	-0.9018368935447788	-0.8058755958979311	0.21485525281522402	-0.452066188693324	-0.46050008855924707	-0.6925361341732424	-0.22891157832643627	-2.130747713442069	-0.3004734259089015	-0.7334366143295801	-0.09848277421248981	-0.5176170424591086	-0.6738684770429986	-2.005716909141492	-1.04750624176733	0.24877757894334962	0.7402026745434368	-0.6811571752010706	0.22532484286676424	0.6303204398366342	0.4156264157759489	0.8207270319200632	0.18380290398240498	-0.1748801834062761	0.30940861017863575	0.32682504379885985	0.06872280675909516	-0.38879845648289174	0.7008099196594822	-0.29711748369574154	-1.2608413070952735
DTXSID2048797	7.506436429039321	-1.9159138057298526	6.058320860592643	-2.267451185338852	-0.2822991249225242	-1.7920165602360179	1.1194816454785887	-0.14750270372420993	-0.2280353756759711	0.9445887548011472	-1.2039577033999658	0.22377981983514336	-1.3580096708136358	0.5839569473865011	3.395139894841197	-0.06022105181024331	-2.103924979725637	-0.5786876789363898	0.9324583258528705	1.0299088115944919	1.1814520445726997	-0.46086457385416846	-0.9674978954877677	1.079786204355387	-2.5935909661102903	-0.666274052089273	-0.7214354564890046	1.158192433879333	-0.9444269823531481	-1.625169567491406	-1.0598932642405081	0.4658122370523253	0.9061996320281935	1.4553894575641702	0.34619743371238965	-0.5194412274170036	-1.5714153616422284	0.3316715324496489	-0.9562596545531773	1.6427216735239276	-0.5205441231364817	0.12427035032778151	1.5611065715388146	-1.6152521245703046	0.2575611382567832	0.05060236867342049	-1.143115220718238	0.3511634669090318	0.6653063914198643	0.005905722606407885	-0.2783371385365491	-0.3476984356226094	0.6201715425254132	-0.46938078668225797	-1.116657163891582	1.78739030957278	-0.021485181443721555	0.6411967633308847	-0.3661697942469649	-0.2840821328776346	-0.23790156134598875	-2.0561125716966253	1.2533673117524817	-1.0318038577127036	1.1004965777032087	-0.37748030444130903	-1.0577507459737034	-1.525962209585129	-0.1815010615318912	-0.3582462300484743	0.5387838520913556	-0.2824450401873743	-1.3307572194821313	1.6256438469610381	-0.6837547867412862	-0.11874492114892406	0.7551758131600627	0.49749372250112545	-0.9491267391659024	-0.5467369901898003	-0.7922907087870636	0.27093526752069286	0.7375957782448324	-0.021778339792121838	0.6232075249799355	-0.8848277916770133	0.7170893733235426	-0.05142200334892836	-0.40726039962090677	0.6709224353047767	1.18897880534894	-0.08062778305127821	0.2904162511275813	0.6844652859156176	0.5450568597386509	0.13505486913800874	0.46634839630971836	-0.368793469709245	0.11453376935570389	1.0848766124133693
DTXSID1022978	-1.9845895669247509	0.4104683726672475	-1.0050067366491346	0.303292959309587	-2.292508310511475	-0.4526797700623668	-1.66840285681932	-2.3588410494141754	-0.7813749360185276	-0.7311184712017395	-3.8164418682988432	-0.3761336901166622	3.004003944716872	0.5100312022007614	3.385635595154091	0.17405824003616935	-3.1218173291120843	-0.32080550094592625	-0.4089023233843818	1.4215686518872561	1.118573752720989	-0.029503531269839	0.6862213668727366	0.6007405312512525	-1.4000328318222492	0.179988791650695	0.3842152545830537	0.7186440705950162	-1.0924247727863585	-0.6303285827088521	-0.6107721368751365	0.5035877050645755	0.22615053821585526	1.1245685747880827	-0.1733827594783652	-0.5513120426866245	-1.1838101224636872	0.09322703691109534	-0.6886368343899307	0.284139543428783	-0.7812459540088487	0.16765120245010723	0.6959628551711939	-0.3497459623834599	0.02456165544069224	-0.4216175483911421	-0.42690503004035163	-0.2899573988554843	-0.10123487179811641	0.40746023354506883	-0.07484597511911206	-0.20127622383267105	0.7547643995221346	-0.4892779441467063	-0.9188037919685403	0.6411368411883135	0.45596082828663553	-0.14750690749462936	-0.4228477632444444	-0.1057245525660812	0.3235976696104313	-1.0274436672606955	0.6251550714585845	0.08168750869230382	0.5674458919245433	-0.4281118793932314	-0.2545203747950912	-0.8473537190489041	0.20920727216690402	0.11944741831750305	-1.6964658618838768	-1.7332704021219814	0.5935281480167194	2.2553966072806335	-0.5309054032803547	0.875631507997213	0.5519582615231038	0.44681802429743467	-1.244095164966054	-0.969763215541874	-1.802051106142341	-0.6132382017194168	-0.21401098898370668	-1.1146532115355727	-0.22584541981713366	-1.6690077827008103	1.0801044365901822	0.7757958584957709	0.31990021330762136	-1.0164491406309901	0.26173736057711444	0.16678010259797033	0.07080816546299439	0.11908901473508368	0.21796809915395307	-0.6167505238571578	0.6653416063913771	-0.10980413183964412	0.5190597432952855	0.16486592021323457
DTXSID3025203	20.690632786201242	14.57588019181548	-8.203707410888812	-1.5600636887208514	-1.2277594241265355	0.33156578682315224	-1.666543251010664	-6.215723804556436	-1.9187243249979737	6.98748966177747	-2.673823031077762	-3.2231413429786406	-7.2015919095726515	-0.12055618898786447	1.3197865130778066	-0.7686154647788069	1.2397111068902849	-3.452515364805599	1.8272281097962204	-0.9391154146094289	-2.9280181373779195	-1.1445760798954103	0.34772444116393314	-2.051939193452567	-4.2747449519470155	2.1338162022174165	-1.8867035958750005	-0.7488813919426723	0.7643824901890068	-0.5773047577167746	0.9810209948684456	5.362494408993456	-0.020970193893338863	-1.710912209919394	-1.4315918011224857	4.213971607254555	3.3400586205085414	-1.3002938328204439	-0.5844835131344995	2.630984665699105	-0.3298383826427707	-2.336612530079371	-1.9503035150512256	-1.7937743228634806	-2.3192468237603032	0.05266928136542106	0.8392915496284771	0.45330002175645634	2.1203196634197807	-0.7513585865244882	-0.4771515702810329	0.2651202468096321	-2.518722128935986	-1.322349799171725	1.5343127858856345	-1.9454902021193812	-1.8848300455790457	-1.3470756324965703	0.10561677888881987	-1.1239519311691415	2.21783887535269	-1.5922630863371214	-0.1641606302255015	-0.8700999519077834	-2.6257628333550485	3.1103948316313867	-1.3900690820137287	-0.07091786979310342	-0.8314701861307401	1.0461173992542327	1.8158005334195775	2.9410635282447526	0.22656275923636443	1.1796732961551555	1.0122170383921008	-1.2716103989857572	-1.1134959267932696	-0.23544889621987455	0.6591117714523134	-0.9635021207560271	-0.5772883861684956	0.8378455510240697	-0.22605599829852238	-0.2624040329331316	-1.0257114182917009	-0.6681818007056753	-0.0427533250441896	-0.5580201023762236	0.4337181495719799	-0.6164671995188474	0.7178562995260899	1.0124502060652905	0.7622815637663256	0.6007379146066516	-0.8213802515248257	0.40457007908074094	0.4172755682415916	0.46608070004117136	-0.45960612802310113	-0.3914498772761712
DTXSID2045600	10.846296118756237	-0.8633294682851695	-2.8837018238354153	-0.06358455227824568	3.8602051942787923	-5.241302835149529	-1.9500414017328813	1.5358724794600425	-1.7117397380185395	1.5940099811772253	4.616236489141934	-2.2819010976901075	3.115372328023323	0.07922018595099391	3.3423913935893297	-2.0274749781037458	0.17392434774508184	0.3008942346655029	0.4105225726184182	1.8877061163476838	1.2330854001096399	0.16023269101062232	1.5056454919229212	1.1810586944035728	-0.12882510872194178	1.3528779524807564	-0.8651479819294594	-1.7165990207260389	-1.6267116039917708	-0.1725789424046046	-0.9715997789064771	0.7271554139636786	-1.4948497485404257	1.108667225406129	1.7463250718733971	-0.8480204826129486	2.276222702638357	-0.02061397442286076	0.5455823004238308	0.04889611565074801	-0.6558063438337168	0.44783676836430325	-1.4605608005255981	0.6730252766144532	-0.29419349769884895	0.17706625437433487	0.6639242953536467	-0.9889946879858582	-0.1321314964245176	0.5965843140978951	0.11415589494713144	0.28626045498883645	-0.12416224561971102	-0.6036989969487562	0.15474665993097383	-0.5911914538786529	-0.5796801853591684	-1.1781831674012253	-0.9949989102884291	0.24290391368253403	-0.14216586957497038	0.6518430812247498	-0.09482012166076126	0.463078334929582	0.0073873919112723	-0.6480288601520495	-0.6001801158591806	-0.0692862780940923	-0.7236683241593814	-0.39603049384174094	0.3590927289647412	-0.20089176598416714	-0.8399164729610458	1.0165814526574992	0.7694656609402166	0.5501050706921708	-1.634472897106496	0.6061867185197388	1.576776576273886	-0.09934343295814431	0.64072658048934	0.5517294684658	-0.2694332273848457	0.8891851858258987	-1.003939224115285	2.511135141815495	-2.3052319721581287	1.8757104018825208	-0.8677995211294787	1.9285112363468528	-1.1054891442403514	3.0094111432503703	-0.6494150163237801	-1.9037953604113464	2.0964793776484267	1.3801431219241926	1.1917813270558155	0.2897746907358023	0.27882838920111885	0.0317075435932831
DTXSID0047614	-2.2479523762283593	-1.1591107211926075	2.5760062847681	-0.8454667152261348	0.6708219869826788	-1.422523253861892	-0.39309140242477386	-0.548867099683636	0.34776880798593723	-0.1258564686034742	-0.24670985800524334	0.4295510804038591	-0.021842134098770734	0.4068167670315157	-0.499834754244865	-0.10562052614171885	0.35500195094286346	0.12430479401446816	0.038164621393979296	-0.9749532039571532	0.022498553301495673	-0.35043658051754484	1.319892666232393	0.03777408643843379	0.5026217689606907	-0.24604893782821885	-0.10107776820554554	0.0061308749042535025	-0.11755992318579825	0.09705156783343301	0.6381792861265558	0.8350909176335013	1.008464652020669	0.1415614648044468	-0.63691324172706	-0.6115392824803122	0.7119413461362409	-1.0338562889662695	-0.4887985143911212	-0.40588330425669	0.035609685444013064	-0.39797887737253923	0.17070498303496798	0.08693289546767129	0.3404301061153022	-0.5778660555688115	-0.653862338384505	-0.2779882295515275	0.04278156911823625	0.20943061596021834	-0.0812375200694297	-0.6519466648224442	0.2165956823601971	-0.07679101129161127	0.2049470222650212	0.4383288642129734	0.20190476706486835	-0.13121165794692213	0.32768333804241784	0.6424332122087912	-0.4025613497014921	0.5843536630987097	-0.01495539884789454	0.9383445347084839	-0.5462111395358417	-0.235731839066093	1.1121796439430682	-1.0894788036986298	0.02403946869050937	-0.3315139160306992	0.21754014212308007	-0.16595534728906314	-0.3821776328269953	0.2238365742524431	0.455695183862641	-0.5404184922617897	-0.23363849103346085	1.1096386769372932	-0.033815526206325525	0.3350917626647922	-0.4881159292090992	-0.05601871351934155	-0.03129147507484064	0.005060019508960141	-0.12951175199327955	-0.5797033944521472	-0.14907719778883544	-0.07782689474303756	-0.16762843798504393	0.7527196776306732	-0.25831133950510465	0.2261714031331984	-0.43874030779674533	-0.6777882821074414	-0.21738757317441781	0.6066240038663888	0.4893756268436943	0.11076520863090367	0.17510193554469078	-0.009871279837194364
DTXSID8046581	1.017977219403851	-5.5119240754646475	5.098274457373809	4.944153126846269	0.5998382775448557	4.193020839094207	-0.49121291827554725	-0.4967253211784471	0.5309236213031441	0.7767917110760586	0.09552581636919204	-0.7244842340810631	-0.9882657242267616	-1.1310752895716008	0.19553266693690582	-0.2000346074728211	-0.21759936522445159	-0.4519383301810032	0.9622639079006189	1.1710434343496638	-0.6701675770482869	1.3949526122231002	-0.9886902415978885	-0.2516645787121918	1.4130187842190012	1.5243705957019125	1.5414816123897244	-0.020275872877682462	0.7950954497637793	-0.04601871085745849	0.9373483200669045	0.7541855689602069	-0.7938997367585787	-0.8221391923875722	1.5201900279928773	0.9354779310649451	-1.084313690283854	-0.45256990490198057	-0.7907321844803267	0.948010475379184	0.6591544920818262	0.48506094262506644	-1.0232598267030641	-0.7336352539983187	0.2926604829468812	-0.2066425041278403	0.19049135454698485	0.8064002326077487	0.38296140008166735	0.05923582595641202	-0.043919448146283145	-0.5384762001192955	0.2560887408703091	-0.24387527773946	0.29345724544000684	-1.0469622865503903	-1.3155837127576964	0.6439357384344072	0.07930161110630787	-1.293117825747268	-0.9624560236232604	-1.2494278063921214	0.30451274736245465	-1.956476258264819	0.10241501466001994	-1.7166061756642033	-0.6215579679819043	-2.4969387558816503	-0.24086360863976958	-0.7271317048572659	0.40216138179046695	-0.8489499035302074	-0.10186518750432365	0.37535395575842523	-0.603516245902863	1.5164091081679527	-1.4682243468866376	-1.547295738030429	-1.6848842919335134	1.0807024913870282	-2.022018246023816	2.308906358108328	1.0742990340201257	0.8539794793393697	1.070365532458676	-0.448907054496095	1.1719781786638246	0.17603350181794616	-1.4390431114339768	-0.48595944963983917	-0.833350869016998	-0.8784007692248503	1.4341437963786303	0.5873553372781581	1.6417920954668976	-0.32639251074731557	0.612043088519126	-0.6564928024488008	-3.2158598364466515	0.8929029666142595
DTXSID0051574	-5.520035101033513	-2.3389313021597355	2.337548141147	-2.275872665268825	-1.1507753141574804	-0.02185280076293095	0.4802069675435805	-0.08804817564689886	0.5080132350209691	0.35256746408688927	-0.08513062147830068	0.020720082541059434	0.7711326917975011	-0.6713205541475024	-0.5609433339954051	-0.02352410808131664	-0.07651107845418778	-0.47450315011725186	0.010156665830072015	-0.5712836251253416	-0.0668443473708772	0.08632006117867404	0.5219790137994236	-1.162337077065648	0.12717529599119853	0.3532352621044688	-0.6274344414856972	1.4428891835525555	-0.17856431128107303	-0.07596425833163943	1.1823364012390352	-0.2945201265819211	0.19297398033069127	-0.069459546119259	0.3071858241679439	0.33223666193446205	0.16904878777465027	-0.8723407596864553	0.3767447442235548	-1.4478860430332459	0.5732205223455333	3.8315221099330867	-0.24099848923302306	-1.0294916278185993	-2.1184628564617345	-3.389794162116652	2.0444450948212896	1.0922163236968085	0.9905443762010632	1.4683409630584545	0.28230007202893814	1.4703029525948272	-1.1200064072020677	1.1141155181779852	-0.1832737722474962	1.4799599330069944	-0.6075134757288464	-0.7221255911345551	-0.03478468839554513	0.33436051802082234	0.3692374054546913	-0.6805628622995646	-0.2513960819522502	-0.23359231691324414	0.8335055526826073	0.3945199165797609	-0.2559356967219919	0.3213687237403672	-0.13560470437542083	-0.05227085426288477	1.1319751724952327	-0.1989949051159176	0.2180603643171941	0.05521148265882467	0.9262565451536847	-0.16714485964725354	0.7445364420804778	-0.11671970490204235	0.18766891145401385	-0.2551832518093428	-0.043719198476348475	0.13824127643306475	-0.3341773366321742	-0.1550680996454036	0.028822194457141907	0.03639629449223987	0.15512722761322023	-0.07714982018577633	0.0411751378533746	-0.051706144944246454	-0.30931642010240007	-0.36165385417321577	-0.16545672084883728	0.2462359302398121	0.2711545696204124	0.4054839355969495	-0.1318817567416837	-0.17242451646462964	0.17903037888165418	0.157213482158189
DTXSID5048895	14.116486670813112	7.929221968058462	-1.5190696560776888	0.6120403747408834	0.8076847666779166	-7.821895589470564	5.990140803334299	0.304742574009916	-2.7733451652736876	-1.441394268226563	8.596873637202998	-3.4190610581315704	3.640095514335373	-2.3518355353071585	2.8920405726221037	3.8515535653064807	-6.1318143544643675	3.565454706692947	4.596938473643564	-4.016612582038383	3.788432656529689	2.257364456220652	0.5776905303082549	-0.4081434688822497	-0.05363858600953329	1.9586850039756725	-0.7272634226127259	0.020835238161703903	-2.5072354000001447	-1.0320441620022833	-1.9569239953771436	1.7692067571749563	1.7497536357021422	2.243832406750513	-2.2849405325973033	-2.9701049574784433	-0.6600526651477958	-1.0794639513328013	-0.0879356239611144	2.3545454948886015	1.2569328585956465	-0.9478687874100707	1.0154561002684614	-1.5533628458994315	0.5853148100785922	-0.8784904314881072	-0.6315895160109263	2.09766608267353	1.1241265173841908	0.6138012086693053	-0.3641161737784471	-1.2224710075967198	0.8838677747459162	0.0006003235310213137	0.9539128240444478	0.8075671048008826	2.71925448436245	0.4974060844915317	0.09917746766835488	-0.5826722582857248	-1.1234160139697527	-2.929918311089642	0.6485096124335638	-1.3467895920641646	0.726420118943547	-0.5005745497924423	-0.6428215379946172	-1.0461211768516774	-1.4060753563472121	2.0788382495132782	1.8867986824934677	4.418267251527927	-1.8256688568762403	-3.765696721115717	1.258714795578094	-1.0068665149354332	-0.2688705580354449	-3.166934163390254	0.45498173947656045	0.5492297614903071	0.7394256541769509	0.33225223473363086	2.0988313225142443	0.7110567910684666	0.497720598036973	-0.28439596883165597	-1.8633645073899041	0.05449890557678006	-0.5022594296796791	2.8386717217883106	-1.0726332991237628	1.8041262012443153	0.16339129530043062	1.532351979257281	0.15157561574647674	-0.3987739882336644	-1.7620395860149694	-1.3088982090331458	-1.1566039473151528	1.6257361590866592
DTXSID1044774	2.8806102307194763	-2.1839875367919666	2.8097576521541097	-2.2463686739139557	0.9878451703167247	-2.3550822390125155	-1.8374394155353195	1.1602663469057188	0.5366659639743839	-2.7137695559497264	-0.32138830110901945	0.24424803774460588	-1.5380759625611957	0.9122390290689331	-2.324862834097275	-1.0753241156818862	-0.9715386325998945	-2.9722245271582497	1.9153761839254428	1.1251528792678067	0.5923222554584191	1.9060043192811316	-0.07405008687768189	-1.993406488646246	2.2273157270975696	-0.9927199367445406	-2.6246339274192048	1.1900277296787223	-0.027559008907665054	-1.0097348977158225	-2.483529792404109	-0.8468217712449434	0.5015230839865797	-2.331556307454954	0.14392025575785697	-1.1157657207822083	-1.551754954229708	0.21580099372559813	0.9766914299824503	-0.004722107586560574	1.286164986955986	-0.5072605688015578	-0.3740123148612732	-1.0725569940725956	1.3477010794910462	1.4592392300759944	0.602339914129475	-0.08805736791516915	-0.18469920242677793	-0.5022852661523458	-0.12060112325314273	-0.24791453443166028	0.44474026085940405	0.0625099107815964	-0.010203168279644886	-1.1526027115135604	0.3925544788371406	-1.15420933604343	0.33893127378722243	1.3799757257952852	-0.4774790425147065	-0.7821602106812012	-1.2421697608315234	-0.4389328849858265	-0.2896034264310014	2.1554706488154936	-0.8312843407977363	0.5147485467514233	-1.616257213412128	-0.5227846558082988	-0.4053693022425881	-0.12403173592230636	-0.13556208649797627	0.3525105283344708	2.0885439372031507	1.2776878806153558	1.6041597558114158	0.5358303492072394	0.6260627565463032	0.38153445394763374	-0.2176905282341262	-0.3546827674568256	0.0714815635492377	0.41807257042962337	-0.2097071475788534	-0.22515601695571683	-0.9176787447558415	1.1050554261002552	0.0193136187408525	-0.13477661851730638	1.0796642941754582	-0.27293188570083204	0.7665420655149086	1.1247666415366933	-0.5402422710763156	0.11321024241847308	1.998294358483452	0.13741075671980982	0.26855206481115734	0.5481624017502783
DTXSID4032954	-5.202281419662431	-4.231072546581539	-0.9461391668072874	-0.6436082845163956	0.5320269475098427	-0.32720688525255587	-1.9247334926810438	-0.694370492585673	-1.1329659566150765	-0.09911762260245835	2.5984817367316557	-1.3584952908629397	1.7015921070685491	-0.6958337182595972	0.9593970488789261	-0.6645551714243965	0.6911873059036423	0.647148806207568	-0.46014445783692187	0.07725209597617348	0.47912368168247493	-0.12057595340744222	-0.5117539787467196	-0.31805809465734336	0.24853165579681996	-0.16966235991321746	-0.11257013685375432	0.17329108260423007	-0.18058663014187384	0.3245189358207359	-0.08184934306472191	0.33747691113173145	0.3941710248380484	0.1705124362200675	-0.03020191203084254	-0.4625098361072575	0.46918277956509713	-0.17562630047852765	0.3325968354941867	0.06214314200185505	-0.39620004751399673	-0.19684107871699819	-0.6809904588021187	-0.1831110121687848	0.026887925849000002	0.16656642372754335	0.42727838352190417	-0.3669436377170395	0.17514308097113135	-0.08310599301048736	0.01781422650315018	-0.1640487262303122	0.030031601593569993	-0.1294726551461332	0.31328366070947905	-0.24861767603245785	0.21770029267193008	-0.6376299714754422	-0.08094000684104241	0.3322075773041513	-0.22089530982460456	-0.5155243190074897	0.38362325597857816	0.32136661248521026	-0.20412747656657793	0.3591387590247169	-0.3785662085530518	-0.007983745661097472	-0.20765430012762767	0.2006652131934291	0.62418578480727	0.11917667976939904	0.41259166855858764	-0.2331416294880379	-0.4842927009815016	-0.06981827953454228	-0.14873018304299734	-0.14860074077937463	0.10901514923328998	-0.3506872296216493	0.5097902206452917	-0.19042731797603946	-0.1994854981848435	-0.43729975074470095	0.3753892192306822	0.0858343750439499	0.3765749551034201	-0.6457437039346189	-0.01832610001936093	0.3385511430318592	-0.31317940089505064	-0.21736624806412636	-0.41390485859558296	0.17888573740693006	0.3735418465679246	0.4958458648992839	-0.5510900116580458	-0.4728590614965968	-0.2701225340889557	0.2646851283397234
DTXSID6026878	-4.549757421619673	-3.9883393433511514	-1.0475729724382232	-1.337510640068592	-2.0817385922223686	-0.19979620994115518	-0.5622011190770676	0.7815773764269446	-0.2990498010933286	0.8818634993866763	-0.04536890979723988	0.33984012794282703	0.2773665277616036	0.3161534980256584	0.3712971683153836	1.5666736758873077	-0.5149466569033592	0.5089319355974785	-1.0907419730926544	-0.7107256311526942	-0.17296198034037455	-0.19691999800433263	-0.7075127045882741	-1.090020460870108	-0.25307590750609604	1.896251539469845	-0.7951747692180386	1.2155725111738407	-1.15011550508104	0.5416205431853526	1.2248641390977058	-0.9206746925509759	-0.9742825128831923	-0.6708185648053911	-0.3246337100620063	1.1511158168184574	-0.41106239349356277	-1.0103786706531581	0.3339218915639766	-0.5750993096128146	-0.16266836381723793	0.11606761639943468	1.5430263989647153	0.3750005357912596	-0.5967984649115967	1.8975261696778327	0.2690806087153576	0.22274422174866607	0.19716764000225273	0.42831837834360365	-0.22167133594965296	0.25628938807927	0.26490550088443154	0.0076964002044634236	0.3855163069006089	-0.6540654903205644	-0.657361550433329	-0.6809373240684011	-1.310598718393461	0.12355041620030982	-0.6089950823444074	0.22085065488759079	0.7893220805541987	0.2837366265982867	-1.1476106745773116	1.0057231386690377	-0.4380504542507305	-0.10212290646980024	-0.5311989233988922	0.8897542227429803	-0.5098423173924796	-1.6014050933187818	-1.9696409989397967	0.02121961554810098	-0.5541950646688388	-1.515067711140904	1.0736300079539565	-0.614982624785486	-0.6203699145242939	1.3848952885729542	-0.05566446134151164	0.9543082829355641	0.257201940817507	0.07567046658660671	-0.3179768387938292	0.39557863957258727	0.34416306182115974	-0.23562682992630773	0.2085431900882715	-0.7249346659629301	-0.07363966052251716	-0.21861807585930398	0.7137677671766529	0.40845462062589105	-0.6396330129526178	-0.2829091819035961	-0.049804277421356964	-0.3952448445642216	-0.1792510778487939	0.11395628996716492
DTXSID9047912	-0.4749906311979845	-0.8794021027606846	-1.0902959906740577	-1.4814250199725003	0.11622264953112467	-1.3382503345921979	5.05103222579963	-1.8891546893226934	-0.9844037315055566	-2.161549427320331	-1.0359205370664548	-0.6155734660447092	-0.732821792696556	-0.5567314243294924	-0.07012750575708511	-1.290327035617051	1.791686778717461	0.30033407951780117	-1.6413847853603352	-0.2356433808275519	-0.9386949869534744	-0.5727622232719591	-1.0817863292005327	0.5075783259146882	0.12573174719318067	-0.2733147243760848	0.31104408179162174	-0.6834756799877945	-0.3478337744469054	0.10054892701884728	-1.7262010438177446	2.226801033104679	0.33059319097243556	0.15300406100867606	1.2786066584512623	0.0807085022287409	-0.8293608965576666	0.35674933523945906	1.086023925957175	-0.3140731853393681	-1.365226091788596	-0.327649874585377	-0.0009910617995417218	0.19487701061510582	-0.34447096274573286	-0.00609778427102272	0.9615852276281976	0.05167815156035879	-0.4417523131368689	0.28345394873777185	-0.20100225952445386	0.16013401433935695	-0.1821276173661004	-0.25570127004641985	-0.009065159179856733	0.36544339808139237	-1.086232151940498	0.24381209809142693	-0.5513550648262034	0.5207965342593895	0.3837459829102043	0.7008725150466711	0.20871057369856613	0.8419828312894883	0.07789449614527534	-0.12580140184362276	0.5989203091385237	-0.8463175029034475	-0.5407418547609834	-0.47250450685457945	-0.5068774698556486	-0.052344736982269505	-0.4829352166152094	-0.28488863877706627	0.20141821501151225	0.3589300999150236	-0.33143518730819993	-0.46261110305296604	-0.5190751743205578	-0.2707451217212006	-0.9424967955044816	-0.4762618597913907	0.6634959455678211	1.0477266313809894	0.025272636013916824	-0.08413607483628359	-0.7604770155957832	-0.09000225217844701	0.43352014064853067	-0.24871405573355423	0.10440148612051381	-0.3886028697718328	-0.02990184295377718	0.5321745316370796	0.16799386956946524	0.8599013715303451	-0.4849593372933938	0.004527798416316028	-0.3719646337402662	0.02428488343600977
DTXSID2022674	4.285043950077929	-0.0107856101018525	1.8023629454655103	0.6138903195768384	-2.2311328290625867	-2.0976860892539015	0.4146079791379642	-0.3406302363099648	0.1893943895812122	0.47380722658316715	-0.7932521029778077	0.3153417736348157	0.6876652229684481	1.4385528480263885	1.3500777856424044	0.5892910145656065	0.6583247740770711	1.32992539818503	0.8757678943485402	-1.7162852748358315	0.04477605158487193	-0.6708976351873396	0.1759963211896532	0.5922348263745763	-0.2874694119278824	0.2842488455416739	1.3849410584264448	0.04329428739753705	0.5680415905474063	-0.5389820290454701	0.22378166854764056	-0.13685301249696286	-0.23111106160357142	-0.21598160985952722	0.13595505270820432	-0.4853539229297046	0.46451731153859194	0.3789727246582274	0.13561997708604662	-0.8521205656113818	0.4737171561187697	0.4741641504186894	0.37827781325322557	0.10541026162748801	-0.4005706159430044	0.41473128123586217	-0.11198409859191477	0.3757718159959966	0.017671329751151203	0.26709245356822997	0.010802899782278762	0.3259205541229244	0.3558488363404469	0.03667980222165925	0.09051242693700265	-0.5951647206076167	0.43405619543907864	-0.20050526379105788	-0.18879411960178924	0.4896390529047265	-0.36928595976683815	0.07867070795024249	-0.48900407154798603	-0.873440262094632	-0.17412689577450038	-0.3596719751499983	0.46961557365153905	0.015477611216989368	-1.150291423588016	-0.2493564431480546	0.3691651297310756	-0.6062056748502828	-0.11661451058991615	0.1528946890478951	-0.6374005247610178	1.4317393314119076	-0.6497963378668828	0.6663943723880843	-0.12722548327002736	0.26069291121620625	-0.5666761775503192	0.3634228053018928	1.061937648342285	0.618631083072489	0.12720664580849989	-0.27259318450059067	-0.08434754337902518	0.749015434855956	-0.227386830307504	-0.058364328429218085	-0.0788839791370709	-0.4801843922794983	0.14315508564535614	0.23180024824987058	-0.017839480321337205	0.13240487539285076	0.30135192550340073	-0.1900420506306652	0.45282930885235156	-0.005666284494006644
DTXSID7044760	-5.197363248149437	-2.295608072938844	0.43599753748752157	-2.2447393616900726	-1.515395072322951	2.6797995098409526	-1.1043489879677173	0.8032085103936594	-1.0972926791050248	1.0105746267923508	-0.9752159894525823	-0.4404707639587274	-1.3803403119691586	-2.9870063087934975	0.06988898287407885	0.48562212339904126	0.00619015576577179	0.019342828713970212	-0.04019336242467385	-0.08585993496559594	0.1294919490301132	-0.7160698274057605	-1.6584802736947617	-0.5803658948570843	0.9324129345651957	-0.9843621478942465	-0.9041231588202673	-0.7666914466282381	-0.22019039165488571	0.5035548149207598	-0.1371771319674028	-1.474077355948636	0.30680845131836393	0.6367536882628825	0.5034312755703311	0.11587433631541288	-0.37893108862740454	-0.443264865646525	-0.23076646286409683	0.10231148109604711	-0.2859059078088766	-0.2331512054672006	0.03332215646662245	-0.7379374967593673	0.5385587410062932	-0.3657416143665477	-0.026602969110901365	0.5535191533253578	-0.07916975305081012	-0.3547402339637935	-0.15740531799514162	-0.4964433374059178	-0.14245571632045237	-0.5081782345372796	0.2311860353872082	-0.05807970136893013	-0.267888270979122	-0.24310744319072922	0.7793483885013519	-0.2570639748813195	0.32155681981595247	-0.4543837489118278	0.03204195163152041	0.7318788588539703	0.27630320121125196	0.1345544367385723	-0.3625017293807123	0.34969701529939323	-0.06692264202839322	-0.6051044076296975	-0.41306688414907633	0.01316232344111289	-0.24032119261579032	-0.07831756931691893	-0.5719068780182308	0.05361985857031571	-1.5716243630522855	-0.9444631028188636	-1.1005605545247537	0.4924275560850783	0.3839859885020641	-0.8997611447944175	-2.3284867766003385	-1.7929442177379584	0.18244652774817557	1.094191542101235	-1.2570623340998066	0.13676789556200447	-0.1641439864528849	0.5977030538664097	1.269773883672339	-0.18371026300864285	-0.25208557592478026	1.8217661463312727	-1.1724292026537326	-0.6770481265789857	-0.2921091605243184	0.4632717086614096	-0.4209239129620112	-2.4355535902383565
DTXSID2021577	-5.701122960810512	-2.840849969280467	0.10805891177971942	-1.211321176237608	0.4671652602937391	3.062451339912651	-0.8305175034290404	2.389704430911733	-1.351408473460345	-0.37900987634162714	-0.06782805720468878	-0.15924884839844058	-0.5712321054948987	0.38776297764091955	-1.3435922083667233	0.8119934255026755	-1.5384979691003773	-0.6005658535760654	-1.2842409719184618	1.212705648862411	-0.0004491928291924791	0.029364291902839897	0.4464639594778586	-0.6607870650461106	-0.17066936366925334	1.677858447099133	1.2715274372545675	0.930079051851834	-0.1307630838604384	0.0182824896234157	-0.3879567946415946	0.8900930065987556	0.8514952248988698	0.5286732016881821	1.605869837216903	1.0179344969381672	0.4045149928708496	0.002820135627995306	-0.25002913322527015	0.039096399391474	0.4352900049516806	-0.8661106183896561	0.07327902292057453	-0.9653754456257484	-0.19046068668002797	0.04114382735670185	0.1307584180595297	0.06149544675101071	-0.005436544402967723	-0.35413996044887003	0.01957138032963307	0.23221847526097128	0.3083648949624701	-0.05523173247646485	0.3360418174778155	0.1049390093420394	0.399703177113578	0.49150229394732453	0.17359473676941872	-0.6342028172120804	-0.31336333628760454	-0.29256351382607215	-0.003828561292370549	0.16606090302205753	-0.3863356724265604	0.8949448750786384	0.9400402444141808	0.16376582055087638	0.5443842707315019	0.05858324193263087	-0.3942912248453449	-0.002539410126141872	-0.2008819580253196	-1.0801345281198553	-0.42027882368375785	0.6378768590915698	-0.29808185937276904	0.4833269705096442	0.7714426567277715	-1.164787852858085	-0.07636920538936035	0.29154063957482895	-0.6537843271576315	0.768437378881091	0.18015895002439394	-0.33150293622581856	0.3600461810927517	-0.07496000878401321	0.07184200614437213	-0.2444860913149821	-0.4081887552250582	-0.47370746660013147	-0.5837004862928903	-0.14213097010524844	-0.04659049435740682	-0.16035140047906146	-0.19338504271838625	-0.31169268870836275	-0.107855691063287	-0.17278672424157748
DTXSID5026544	-3.792370713817836	1.243541897323715	-3.0300524190163887	3.569711460631588	1.110215471277512	-0.9138335779343068	4.146155498013042	-1.2266229466822347	-0.8824192415585641	-2.297326046388087	0.9897607649722568	-0.544747304458058	0.324520215960628	-1.574458075840745	-1.6606873403482225	2.046163056876968	-1.9027017775452464	1.046458658118998	2.997764215112732	-1.3389146789632003	2.3682451626326766	0.8784338565499125	-0.37036574851142795	0.49364441813343124	-0.9050578347754249	1.0275430620649089	-0.30074023236319397	-0.002028593662463874	-0.2587273893373099	0.08524563916454865	0.7618993843850975	-0.1494995275257145	-0.4118628044217754	-0.28120229706108846	-0.5553838572578031	0.5493277680787273	-0.09372660706328678	-0.2925053108195001	-0.4980990198293087	0.3690562106779753	0.13741549684251428	-0.036209613205969805	-0.42312974076839854	-0.08516508569611342	0.17513010786342575	-0.6440107859886964	-0.2243859282050353	-0.49558670061780624	-0.02085751964922134	-0.033709001619984975	-0.16740645664084594	-0.3624995692743899	-0.26351481860028314	-0.22867819061982805	-0.5340827650085385	0.06202280116550776	0.3383968330410933	0.3323534704799229	-0.04251582641118414	0.15146371123614025	-0.5073681178185361	-0.1138369870604051	0.7599634361141812	-0.2671671532857083	-0.10353732275046264	-0.27308856799151265	-0.50963455696872	-0.20487021583917972	0.1936259946244458	0.3197107660308416	-0.037441666055647874	0.7455811740770325	-0.02860888622117506	-0.40082248499457473	0.1328413985139457	-0.6907497309777682	0.24176145889152914	0.8702715777478286	0.6912984627684237	0.1568037622377391	-0.4345384597477689	0.3819224177501712	-1.0873821616972374	-0.46304064372288145	0.3500746872623185	-0.39757527770840745	-0.6306892786558493	0.5439264979222219	1.0205301112365222	0.6560961986337355	-0.38478820154068266	0.407973189937619	-0.07622426427333232	-0.4490483614975708	0.19380539284242942	-0.7483417626260281	0.48384765158525334	0.06389414200188163	-0.29854470328157545	-0.062094174149637055
DTXSID6051695	1.3856541514809544	-4.534574109658724	-3.4457643921031527	-8.359252194097635	-2.0262099862570424	-1.743548310541151	-3.3687509563170788	0.22632296028579565	-3.884236100961422	5.230477839909938	-0.7315896978075834	-1.980385910733764	-2.2907905747502606	-4.941583065394396	-1.7935725210330224	5.106796423565632	-3.618275449177859	-2.6701446816152123	0.2549873927188951	-0.3307333565173054	-4.791318821572623	0.41409852304059314	-0.24459731784588548	12.984447246873561	6.706920626623338	1.4230068523519974	-2.5201911822668097	-0.3181575534594283	-0.7721382447191804	-0.447523803363719	-0.5802075922745824	-1.0942174776335032	0.2663001951864338	0.4905038934636709	-1.4197468843995609	1.1462901895597164	-1.150367767477049	0.2855682302204207	-0.1463577766378819	-0.8676334187332814	-0.0529100926180829	0.3469857979548003	-0.535512842942452	-0.5476207203258796	0.6294402248221866	0.0064084705193203865	0.09980710530575466	0.7391827776283293	-0.4545984912930305	-0.4051200695156211	-0.2861952908487742	-0.1705831650139581	-0.06109040534818882	-0.27012142315802706	0.16274478344514193	0.07310894421463542	-0.36179653981501425	0.19160713068357313	0.3824580286765307	-0.23795407638121485	0.2529517361692464	-0.28026102649682705	-0.38631980724710036	0.6848735032131417	0.3331287681520843	-0.8475085337799735	-0.2843285482543371	0.7017727695307064	-0.1829371191879241	-0.4792200043451707	-0.6498621151232039	-0.4370696653311293	-0.1366034494719363	-0.12594902359031268	0.16761107999714825	1.0926889724271245	-0.9147713767710444	-1.2393980500772779	-3.0952258168802236	1.9889525527920253	-0.3662453753500363	1.1786529091756386	-8.054739228830606	-0.15182940352255234	-9.851405530100987	0.16631642672238434	-3.1213684804495014	0.26591402717202633	-2.894447212491381	5.90038299518121	-0.30843433500234224	-4.581677562651884	1.9940846863651658	1.2675158302373988	0.5548031304517761	-0.6922544728976158	-1.0819514781793782	0.10679197462765308	0.9962913311561712	0.39596936417029815
DTXSID2044347	-3.398936942113714	0.062491601903235806	0.5367088853645163	1.4890159248352137	0.6624808666367047	0.20507173257882022	-2.305896090140836	-0.31052156204759374	-0.5917318597880346	-1.8117476160298776	-0.7208363305169367	-0.04670550141873624	-0.7132502195321447	2.361152744985615	-0.9949199217774208	1.0114892338600596	-0.6293609135443557	0.36705730379062745	-0.5435123671920875	1.2198568827838312	0.5814845316827765	-0.6508243900659979	-0.8153182434777839	0.5579970142020081	-0.060100170385318924	-0.15699259747868952	1.7557653107579585	-0.45747395608535146	0.011137920205443514	1.2708650431171145	1.3283884107182633	-0.2194522048239735	1.42531943966366	0.7773601426145497	0.33696268892776776	0.8717960373755426	0.4617673608744877	-0.5948967542663083	0.16391751785176475	-0.0715538140658874	0.24735773304400624	-0.09098047879344574	-0.5302417572840072	-0.7725388264728753	-0.8865532900996581	0.3455022106206718	-0.14293906017776203	0.2991051107098483	-0.47175705921771094	-0.37194573157503624	-0.16654656683106167	0.16188128061947604	-0.6110409944860652	0.2970848330258624	0.9254171746570946	-0.44357513169112095	0.5552796983875017	0.3642433072436531	-0.370452232046082	-0.4698516555369184	-0.22246477617894714	-0.028933598159073506	-0.1323224760868009	-1.1738745278745957	-0.4849409502464733	0.4991033462394501	0.20540221692370267	0.1555870483698546	-0.37395840565447164	-0.764735437586403	-0.0713554236255486	-0.5427175068101513	-0.03367756760819285	-0.48859768361820904	0.29881768455753505	-0.4896293592881218	0.059819338527663635	-0.9584450707683032	-0.03257847051831725	-0.6010165046625667	-0.6768232284825936	0.051555695283454016	-0.7739698314367099	-0.05835656307419633	0.48975414811250173	0.35797926584947	0.6327108318396051	0.3638559038307812	-0.07124868266852478	-0.08943574802510933	-0.3882431658716269	-0.760879663342493	-0.05691747696274697	0.014085278293684448	0.30179189802324585	-0.1741984393112762	0.01943831051633662	-0.3806290424274537	0.21324307163129522	0.28973121344200264
DTXSID2020890	-4.79280707434507	-1.2487322663654956	-2.395485758230405	3.14404036828403	1.8887059830215627	-0.5897231284068882	5.639716973891486	-0.8731946485568686	-1.7636194150735225	-1.5436908700133478	0.8053927102732648	-0.9788703310916901	1.6391571590351608	-2.626833361603522	-2.6502693801004353	3.210453671790461	-3.0972305723115086	1.5594742068084089	5.439617973259661	-3.482058446068234	5.2147740625455326	1.299594569330482	0.8845310100512147	0.6685733866934341	-0.1306287572429891	1.011345524943169	-0.841514768223375	-1.9467178222057357	-1.6159726810528507	0.7516890263150316	-0.12419955124528206	0.453718499683223	1.2111696397345406	0.6899463791606182	-0.1925930867407077	0.8769466435337699	-0.08324403899864463	-1.1703958506953223	-0.8357543581404427	0.9552752283361006	1.6332139251694666	-1.326831779574546	0.9438549041950183	-0.002071371435646221	-0.5679523504607564	-1.4551352014902368	-0.26521349520157544	0.8860278324574021	-0.1074899355527097	0.059364359985235454	-0.37427608290091174	-0.8912449873414259	0.009183837088115722	-0.6502647455322567	0.6089527195651938	-0.012347894501282632	1.0745476117152786	-0.4623032136973483	0.5289804463549008	-1.0610286731999001	-0.040524450950474716	-0.3852389080851668	-0.06822808744190086	-0.3342174066198219	0.40926680705951596	-0.14793248765632314	-0.09430926620359484	2.5256555181677234	-0.663158142127235	0.2046031762924654	-0.03047003226105388	1.078724192498011	-0.4655185163416001	0.7716208202651906	0.050065729266611604	0.22920889976301723	-0.30558360405027957	-0.08020728413365945	-0.2541121357612715	1.1314078110817345	0.8637460186410787	0.3332292764345395	0.2628912776983173	-0.5682892761020286	0.27307964969790033	-0.14782195999672776	-0.040755335188449045	0.06556351183440777	0.2509571691025108	0.23314911172099437	-0.7820963025473456	-0.011208517581803103	-0.21717146334572376	-0.03130451866889848	0.07253660723886922	-0.3250766170002734	0.2127270687342896	0.37552493962872635	-0.5699507951350791	0.013640668207872039
DTXSID6061022	-2.1651532781064553	-3.891028632000109	-2.2094737278074303	-3.626589201952654	2.568442936421109	3.252132754753765	-1.9554278459328733	-1.2795460921323036	3.423714389457995	-3.725469149665568	0.900567463452637	-1.0455185878225592	-1.154037164024725	2.7870758945276557	-1.987104603130299	-0.4272732585299483	-0.8302249530223575	-3.332638703373268	2.3806071348329363	0.8203535517657127	0.052499662829894725	2.1805230321940683	0.24987423754206883	-2.182871050240835	1.5670350008934635	-1.6807801362507506	-3.2464640243904026	1.7969083704367668	-0.09088478850907296	-0.9669600320135513	-2.859733345208528	-0.475443989700544	0.6885708646416459	-2.1221403990054823	-0.8047356798931319	-1.4664859486189	-1.7028234189479745	-0.03996119654754705	0.8786929080105025	-0.5504818190348507	0.992729680464812	-0.5689709802703966	-0.80162205457371	-0.8412291218047009	1.3293571082626214	1.7341754776702574	0.7528575983646195	0.019242466737755065	-0.6208985516158413	-0.29010255593252954	-0.22408725395420756	-0.35623578242470677	0.37204979215094935	0.2812448282462928	0.14021154540071673	-0.6251267992958778	0.495601443866988	-0.8538488003202153	-0.26866747548197245	1.4629457321523038	-0.17615496757293572	-0.6549907335150326	-0.8067961175791422	-0.19415422838075555	-0.42107748429110364	1.9862813623270716	-0.6615030243119594	0.12076350757737413	-1.7411917410195734	-0.4706467159588186	-0.9636890208946952	0.027801813784730966	-0.4248338117845353	0.5989730367261168	1.884376593845206	0.802637349746822	0.5754941209891414	-0.2850002815340737	-0.027307597735460334	-0.2695741703897464	0.2788654406826425	0.29182460333773047	-0.23206785396487947	0.49676257037325666	0.10355793293015722	-0.7469353001474853	-0.6414396492404708	0.4363110817158028	0.008826637893691227	0.15044035241520923	-0.7203057390076923	0.28852892857024687	0.35222116972323986	0.1331795147449075	0.29163146888387603	0.43524497107203713	0.4003765325559226	0.07756861077340961	-0.4369813989873403	-0.07053657017884761
DTXSID6057613	3.044288880565853	5.548146822733862	0.20001075279519168	1.7725754959361577	-2.4651672226143164	-1.8374911663879945	0.993515370957031	-0.8265383538389643	-0.4600862634127966	-2.5958555812773714	-0.2156688934818766	0.2530628760775747	-0.19578023073157094	2.202641619954707	0.717421633045345	0.1528200282106245	-0.9269404438593934	0.5852628785234438	0.828879754458518	0.19847008340333935	-1.4017125022940775	-1.0841856834687404	-1.7746962194947618	0.6129305574477052	1.0396566325833003	-2.0579633767766525	1.0067302487857546	0.7059883140332671	0.5307255296676326	0.39270917009804734	0.9590696877237073	-1.2646834023407796	1.8104576903462155	1.7287272665263222	0.665314272793489	-0.9735094675492783	0.8799848034489075	-0.5008261982947648	0.8477833255086957	0.015735556521375833	-0.5417240682499879	-0.13982679371613882	0.6465140661024467	1.0750387323898842	-1.8959342393617291	-0.11295166502319905	-0.45442451800713385	-0.8891096010153869	0.41778982227896355	-0.3229235682163729	0.6069302490413242	-0.10727609983500934	-0.6258247002137249	-0.20775679811840098	1.3799424764851673	-1.666144437734335	0.700818759725388	-0.4316357820276823	1.5374024823395789	-1.4107410976733599	-0.16397753043874097	1.1443388147388274	-0.612598196534667	-3.1638490210519072	-0.27010491928784375	1.3276865650512697	0.8321112084094143	0.6690762158159216	1.5305169200004862	-0.03730703143292656	0.18772711934976205	-0.9819889647905653	-0.06026864928907075	-0.4659129100150944	0.25168151628378027	-0.6884596587589509	0.3990191039770351	-0.9420790498420325	-0.5164914519339554	0.0950172839574678	-0.5282561930193038	-0.2066999279057488	-0.3359410065272126	0.5157674904082084	-0.04222372524392693	0.214684375688252	1.3162088886669747	2.1837476879900684	0.34926731808456846	-0.8811969679639571	-0.4155862021604451	-0.3968034224218922	0.7595375313500171	0.21974859527422647	-0.3495173173846431	0.4370545671376559	-0.4907849292392482	-0.9097493382461412	-0.35503893688085275	0.257149689532071
DTXSID5027227	-6.996305985851095	-1.7360219733274025	2.1243688393728184	0.19396248088872392	-0.3876892739764367	0.09468026884773076	-0.038961390021212225	-0.9389698343662776	0.41033657874253493	-0.22782754678659542	-0.044678931590874986	-0.3070549778237076	0.02254170800769534	-0.23419125073792235	-0.026932914467908253	0.0818053583522109	0.7365347588495488	-0.05326619094867118	-0.3149971997866413	-0.691932558270984	-0.32396308324303913	-0.5698455512302039	1.6542307845724558	0.4762233657158691	-0.17824157810388416	0.00453372457885214	0.4929205258316037	0.23147668240065986	0.0288726099926551	0.06367538220334495	-0.05825695019404389	0.3423302694111945	0.7206405891402464	-0.19745735000691444	-0.8905323436435904	-0.3794162815990845	0.5881631041104713	-1.0391413396669469	-0.6017459571860346	-0.14896638567989873	0.1267544162412456	-0.32554440310537264	0.18587633356120412	0.4198896131305745	0.1246574656727649	-0.7009380837306214	-0.16844529686226462	-0.5319278996270764	-0.03373843251762583	0.12068157172586541	0.02104232499443811	-0.5830496476969832	0.3236271307635093	0.03585262811101616	0.020988964630945833	0.27688951840166515	0.3030250968120489	-0.19689555003886955	0.4366079794677352	0.3671607703024603	-0.1055314788595345	0.2633161229711756	0.05227159947567503	1.206356970766481	-0.7832463836120397	0.41533213176942335	0.9028430717691788	-1.1071808938530716	0.30171733753434793	-0.05412768124559133	0.050709186659859906	-0.3541891015365368	-0.01536442164402669	0.22414124956654355	0.6092990789205999	-0.21296550459917502	0.014146724742056735	0.00406202734187091	0.2040218540987513	-0.4996558275197719	0.45595563325338023	0.18177883074349538	-0.41904517526140267	-0.010192484756105335	-0.16955059716311624	-0.33322853937903885	0.19187479967970655	0.200932469543454	-0.30801110465900156	0.21212619114314388	-0.253386545838087	-0.12850890218613387	-0.45264860363188475	-0.3676701411111923	-0.2128811826895099	-0.23556787057401124	-0.04093266123001826	0.14549720839317842	-0.13779751084024977	-0.25437812013831784
DTXSID1048629	10.046341646293117	-0.03126253571056811	-1.1630527713269854	1.5678755311771946	4.303524842069027	-3.8326204962789023	-0.40078884465230946	2.428034748150156	0.18109074175867743	-1.7535744374806324	1.6605488034274432	-0.24537180005977577	0.9674591887510591	0.5249973773322844	1.5708135947693467	-0.9148010169971237	1.112979721084873	0.24389063524578894	0.7500812276657439	-0.017827910305191645	0.9053818237774302	0.5417503676816638	1.1925650452784997	-0.652619574766842	2.5067874099547973	0.9195680548599379	-0.054116735475904613	0.4298653686043028	0.7644814915939561	-0.7958516138532291	-1.0588954460778084	-0.7243765678309242	-2.315933823875649	-0.360172015178396	1.9611781174241725	-1.5630150202483433	0.9506135705754294	-1.4799636591693204	-1.6030865189697026	0.7593967109845854	-3.083949141264219	-0.5114824400404174	-1.302244798693497	-1.0830568149692816	-1.6712992134865379	-0.24574842731021065	-1.2728178307382827	-1.0243344333599074	0.07939239397279542	0.3278902457656637	-0.16260261393070402	-3.054045946606611	-1.334327635256054	-0.22031263216842564	2.058559868642736	1.1239414630684093	-1.2656922871040366	0.05374049867683664	-2.212386007026824	2.1168855493914203	2.216858103457947	-0.11908855556242859	-1.866018427959385	-0.3148849119785931	0.3177687278039564	-1.792774622180539	0.6419622215945869	0.5474915741315429	0.006261025190287976	0.5708665626017031	-0.8165681232497729	0.5560328111537776	-1.3883318289054956	0.3416327688742239	-0.2147808365412265	0.9426961500734058	0.661191016838361	1.300793136620501	0.6765877632798968	-0.49559027124125987	-0.5153561751625202	0.3432265381713183	-1.0136965006648446	-0.5145574570515228	0.4498611263044219	-0.015735502193825694	0.21991858540324502	0.15833772323832906	0.5415577017248085	0.560218489475504	0.5772884677782715	1.3717890729172038	-1.2959138479028056	-0.6593220489225445	0.6684821955243981	0.2774109247881089	0.5938976866093586	0.34939556972550334	1.040944180300764	0.6941128748881396
DTXSID4045183	-2.655879786612535	3.4376129497642305	-0.4500477807173139	2.5295727600937905	-0.015315494677710569	-0.5364110515153571	0.9722592747977911	-1.4003639299717223	0.654536892345773	-1.692714015826067	0.9429064156335144	0.1228751098644381	-0.6045375436511278	-0.3648974458749652	0.07313498104196611	0.7183876095839205	-0.4680480783000293	0.7601871782888415	-0.42675385311113356	0.36800533828284426	-1.6109818100573394	-0.5928295386681547	0.5257148609638818	0.04734905066099777	1.5952995085377695	-0.9401612821485926	-0.5268734381560062	-0.1888838771191962	0.7690903855058278	-0.4717510403736994	0.769102582115806	-1.659216882524433	-1.0525472944415144	0.19118827389947662	1.4383017545745664	-0.22349067704386505	0.20595516835709674	0.337176851966034	-1.0298389520593993	0.5516821670348104	-0.04474145699515399	-0.5211067169998933	0.8008551545108884	0.7320046725695012	-0.25615425655903895	-0.4784989611880519	0.046172082262335254	-0.986223476024903	0.37087981196759356	0.3702419148385616	0.3422011336709906	-0.7294426845836292	0.18984558754340086	-0.7806511282725412	-0.7831088624459188	-0.26864911856874873	-0.05574940541700799	-0.6690711231375065	0.8008358382171575	-0.5005173416784803	-0.5214334974108289	-0.32509892548436037	0.6677851779443064	-0.28402682526767176	0.10402822069242286	0.7666063872954744	-0.14658601825962495	0.182450252023251	0.2370158923750164	-0.1553592840076677	0.05780478875356987	0.13452280311680884	0.041084537418750296	-0.15645048724680194	0.8748849026013918	-0.7987362119973852	0.20668629673315927	0.37470159025300703	0.2993479328418645	0.16136614985257053	-0.7515285423698693	0.3701080404960613	-0.07857083440061861	0.03697127620196563	-0.20588451958732787	-0.3654179645698148	-0.21234376402463473	-0.4344929583804195	-0.05047330735950696	-0.10775832952910608	-0.12840125770759234	0.3837764821882154	0.42633325388043797	-0.2960324989288787	-0.06374282648209767	0.15854554635028711	0.03196675245846547	0.16646646574196314	-0.39564787893603814	-0.333884729859377
DTXSID7038818	-1.7433265047335667	-2.418454159845797	3.1760157922971337	-0.8289006879792199	0.11525720736060711	-1.4297013837817774	-0.18280596431986784	0.03650502020411665	-0.30329798504988137	-0.8166872306719822	-1.0154023334863533	0.3962277698332925	0.16468520396318603	1.855795255972219	0.5347804104836974	-0.26199366369873467	0.32248581518112546	0.302889383362684	0.4282958155396149	-1.6370945085767077	-0.08583632762864671	-0.6839980975989367	1.3436629703525762	0.013810525165740538	0.18190790664593529	-0.1454487529041778	0.2693735612409613	-0.08618727161401772	-0.03853381215887175	-0.21418328467802628	0.2876957372005685	0.406983834022226	0.9797598478630061	0.41902908657976323	-0.46725665329906235	-0.27262051609762666	1.6555075156944508	-1.0812438384759753	0.5323561387363573	-0.018425987138223934	-1.590483447229026	0.5962151373966482	0.11261961889764477	1.861471290214582	1.6531991349233341	-0.0018634187122468866	-2.1775777382543606	1.4104296330701218	1.0271438280333647	-1.4061791307037959	-0.12265372157499112	1.372932714463754	-1.7360418009273522	0.1471369945326124	0.4919239505731502	-1.4738460797762374	-1.6937683972313367	1.608618391117856	0.3285028144532987	-0.7380658628423514	-0.5254726377003736	-0.011615717566402265	-0.033921058592629894	-1.7538364844593455	0.7455769848684188	-0.04425598429689731	-1.1556848516506626	1.1418563673118471	0.44506389857942613	0.032846372118230875	-0.7589721559703744	0.08344020880102851	0.7093514818240129	-0.6655495964543374	0.348968119698656	0.7295310981396445	0.6119825355370517	-0.9007519319373076	-0.08645999288961503	-0.3992193483241379	-1.045093078247538	-0.6317505977886863	0.05171773430341624	0.26359325516241155	-0.021569528009446105	-0.046868510234669765	-0.17508546712690132	0.45358061181802084	-0.3003109989263695	0.15201339655714843	-0.1715163495504967	0.34405476958664427	0.20823157002929799	0.5491994674875352	-0.21124781829718986	0.4091260411677019	0.13650724209413295	-0.17619944798831114	-0.03798498601242538	0.3732419014231594
DTXSID8023927	-2.2208751387842556	4.847667708195244	0.18372287563091416	1.1479561821389759	-3.0076822320146426	0.8943011760206333	-2.314396579243028	-0.21756553952242538	1.149716912914132	-1.3707497110041036	-0.2148161663134143	-0.4769197223370783	-0.020689995566394552	0.06181176196244235	0.1358592980320457	0.8676668547289861	0.43475205852012533	0.8539196309392456	0.6520689149822995	-0.1920687078592269	-0.5326557460443927	-0.2873013697890328	-0.6722202255973571	0.989949024912347	0.29426654051910267	-0.010660317325190693	0.9142210715764576	-0.20464158048927233	0.07124669243347975	0.6825159887361261	-0.7405352272030064	-1.6260517337232672	-0.450587627039145	0.13123811715089165	1.3809404342882359	-0.322582117746356	0.6503476354824705	-0.964914670486634	0.17559973982366264	-0.545363343141167	0.04033147740977451	0.16999077400597487	0.5082302470755221	-0.39067833381519707	0.35888776100702124	-0.6618127719997416	-0.3940103908381403	-0.1531228605798929	-0.18231519744524977	0.13784402116074704	0.1296118310585647	-0.26947408341039014	0.6153199284331381	-0.24092383949952617	-0.2111156605396067	0.19641397836323773	0.31339183095977674	-0.5060210615775143	1.1725754449254056	1.028021367017698	-1.1431158486441302	-0.21568604009655043	-0.08814402617390836	-0.3411589836159587	0.34795283145431904	1.448609777583572	0.13182284999912025	-0.23554625703783028	-1.0795649114009191	-0.367026004268077	0.9558043813359822	-0.5009723011161026	0.05245999937523193	0.054347806988507046	-0.6399642762895521	0.3060804294642465	-0.5522585629290593	0.6369247349090531	-0.4550469251735615	0.33051990454708835	-0.32544724617125326	-0.5056772693996329	0.07711693600020997	0.15270926792197212	0.023611866158588585	0.5174676709240025	-0.2625532554150743	-0.1741180421707252	0.028948239117305107	-0.2685316136901733	0.2053388045123539	-0.260612082752558	-0.005304867432507629	-0.19443731438247114	0.2861053088565441	-0.2772587861022853	0.0549103171815395	0.28153607828362304	0.12635717275532168	-0.04258182981541152
DTXSID3020095	-0.2568066595842234	3.1388722733304113	1.248277869704633	2.0507211424347793	1.930408977497332	0.9112647891451675	-3.5687943609255894	0.28455537374775136	0.38640180017457765	-1.504960661247071	1.3402465291162933	-0.49609448312819043	-1.5674909920094007	0.3654546064709285	-2.803033896745559	2.0051363023240905	-1.8830508728703192	-0.16340528997812767	-1.4344832650223596	2.426725322038376	0.7778508416859066	0.4888341276908454	-1.4200908278664466	-0.627840586517085	0.504085443827798	0.23258617770143833	0.751813694678538	-0.5866229633865709	0.3254301183825108	0.0957261460131043	1.4418192991318248	0.3308647404661094	-0.37335454523432127	0.07120471799438732	0.05088890348416229	0.548106009606563	-0.005768916163013621	0.19158777171634125	-0.11781323363984456	0.4658224492878659	0.1748451911698474	-0.5603975525444975	-0.44819089236710213	-0.24193419783783268	-0.3815217413329562	0.8916505172666686	0.36146387748535524	0.6833621785309153	-0.09351918188670907	0.25201095769456905	-0.3743809824140231	0.370074133103921	-0.7730258600102125	0.033873165114169206	0.31120928620003363	0.0906265788756679	-0.7380207117027968	0.4220069048949521	-1.4932678500715617	-0.9176403295547731	-0.5776719046416479	-0.31442840641258646	1.0073436231572384	0.6214762218654067	-0.19349741591886857	-0.9439661081230948	-0.5111775216213773	0.29096015587469604	-0.9173496204727967	-0.4353343266430597	-0.10180814527088777	-0.2521142020619987	0.25220924118267884	-0.42088115705722695	0.8692795454779462	-0.06488088833719831	0.7046814154509521	-0.4411534899882874	0.33982378949911396	0.7743573892429849	1.5223499681721953	-0.7239664237791361	0.11602637313437403	-1.1369294524370108	-0.08425375776585617	0.22597830700115712	0.9803402310395817	1.347201481977973	0.44189745872633407	-0.2616274946037647	0.3041830901142013	0.14226448325112157	0.470949069753227	-0.4029130585325785	0.10329912144913729	-0.1497389936829124	-0.09681516092577275	0.38334718280069674	1.1616300963847104	-0.3263760705133829
DTXSID9024809	-6.6140931883946115	-3.6791944939693186	-0.07243639435915195	-0.5238530138174831	-1.3172843736117144	1.0628889038862628	-0.12831972229504154	0.9502703273872556	-0.5790491679343299	0.43440186103546535	-0.3000620279676931	0.1180169609662022	0.3701211167271583	0.34118897259264125	0.10919093530090197	0.24385807978642915	-0.3188586047071552	0.24581400072946638	-0.38855693587382434	-0.58227576797622	-0.01020290248923794	-0.46608039536243945	0.5691679066727435	0.14740219334857776	-0.48017114742445505	0.5619208780935592	0.25305491880885644	0.7398618154773449	0.24830712162256294	-0.3902605159126142	0.41133203439644567	-0.011840519996487938	0.19952404567732926	-0.675594704493131	0.44212998343934173	0.21568353941660093	0.24729269341553756	0.08326252136099634	0.05455799829895262	0.3202672615624435	0.15306240069052568	-0.1066645527801383	-0.1408199529796499	0.4980139170133728	-0.33102791094383754	0.2341471397270073	0.5198610046485345	-0.15483405161319802	0.14592239568725135	-0.08335293070060476	0.10952427196582051	0.07141411411145634	0.22510046334503692	0.018256152099257267	-0.010599337539601388	-0.35966186118575805	0.04935297244247514	0.07464262532520659	-0.24709231818958857	-0.16380476349409365	-0.010655188883287434	-0.12651224025107793	0.02924361388489308	0.40442738877920603	-0.5454937326125928	0.14348778654881061	0.6075052949945523	-0.04589465348311498	-0.6288500798618707	0.3666837858178577	0.07993137028850407	0.14977575219065795	-0.2790075046325732	-0.5448955165711161	0.046143153502208246	0.834417048471123	-0.498171771739982	0.2875306661102595	0.5706762366842542	-0.5457920947518196	0.48573696609268463	-0.03984172182741098	0.019619033558564637	-0.3014383927401066	-0.17362372920841065	-0.5268996724449869	0.3139669803098587	0.010490381523234364	-0.5255163973783915	0.2503095273841378	0.08216449274735367	0.3750826009393794	-0.21727528597389067	-0.013789667818155799	0.10434777885071873	-0.03585664236358756	-0.08843845746128558	-0.1656050396561504	-0.23322638444966132	0.20649249615359988
DTXSID5021916	-4.80661384843037	-2.702353928051606	2.8460238110411913	-0.4768788033134096	1.0213264497417731	-0.40396777714795407	-0.6592705683795943	-0.49176087333868623	-0.022565298787371898	-0.5839367265265054	-0.21210850955540808	-0.28367106729656544	-0.010835838251468353	0.44147583593208195	-1.2564431651236347	0.39435214091924525	-0.4773180038095109	-0.03151140994778659	-1.2490466023911377	0.6472254237361298	0.25073619794538865	-0.20840668028413345	0.8369326455445735	-0.31591766608474986	0.1410871009416341	0.7744071288526606	0.9881867789481094	-0.6785531102672747	-0.052638157170566836	0.7744043433149711	0.9372457963654189	0.22454540887131028	0.2884590464040235	-0.16641794571115692	0.5395064684855619	0.6042848249210181	0.27355963577736747	0.4550842783008753	0.02475168487945932	0.12961452423575284	0.3496085612860037	-0.10453950045538894	-0.4964944394011919	-1.236136107851523	-0.12230881786918943	0.2927360504770356	-0.05218414796423897	0.7243862271035255	-0.15170720407899185	0.10112466588562682	-0.04333653344119225	0.4787533131468159	-0.04667539332624123	0.2069624060082523	0.32649012936013566	-0.31527650618934877	0.8152497708714255	0.20475307550312513	-0.16959342291880786	0.0157607786753193	0.1038005085743623	-0.5285206232724974	-0.27875674426335006	-0.5352488665322286	-0.046952344246161216	0.45710884243289107	0.5556566468428378	-0.3089107001061973	-0.3240333438628659	0.1635650715706638	0.02944751295651374	0.025967283825251878	0.0002618500022841937	-0.21452556618468535	-0.3457892709213813	0.10662358634392778	-0.2115789931526673	-0.40134121260385097	0.02371214459718709	-0.842448532936925	-0.9276083055614817	-0.030459534711670518	-0.3239366485586499	0.08038855559586133	0.18227667517263482	-0.2632030733707865	-0.15489528503638364	-0.307427369007853	-0.07726744791239053	0.2026353539875987	-0.3607299492553955	0.033354839007371684	-0.3594270976707326	0.35939145890568436	-0.20340535914500843	0.24570127066978772	0.14005349599450928	-0.11673390252619524	0.05990733798318096	0.3442208206993784
DTXSID1048887	-0.9686165428134035	0.6333393580673644	-0.6218707168745489	0.7357630212015712	-2.536704998599459	-0.5949354525618525	-1.1906524658780966	0.4152823903278768	-1.2935125582144822	0.4451353767146279	-1.8937963031964362	-0.20712232707369252	-0.2514747857953594	3.6091615941169635	0.9032360502821175	-0.7028302051463494	0.07183599817767275	0.39797908125311143	1.888095178872731	-0.7073758811842253	-0.6457027826781735	-0.7822861696343355	-1.1848716617266901	1.6830325383027578	-0.4784358016839047	-0.22260006207137367	1.5502482322419062	0.36619590833917404	-0.11439600115859885	1.0755620159578962	-0.3856937789929866	-1.5047658998436817	2.0962188107731725	1.487518717103219	1.1064559368358868	0.2964748750453652	0.5338011559470951	-1.694768035781557	0.706577788782054	0.10313587598828007	0.17797362439764808	0.032158020774086436	0.2533304130100799	0.46264739187145126	-1.5644268465208453	-0.45791178522774106	-0.6897503959810926	-0.9786929807656035	-0.29521987695963986	-1.2032571048879612	0.2447830647345312	-0.35268272270060413	-0.2385733032058191	0.15625755920422665	1.1243923578404016	-1.0969880624515982	0.48166687953642756	0.3615714097562619	1.2028556355835658	-0.6972669197858269	-0.2779960936738584	1.1283245786107894	-1.1975125427083146	-1.8292220941193391	-0.26032014147514965	1.468078982998642	0.3874412784765131	0.34913564429641936	0.33367068947706796	-1.251897721708227	0.6360505965352615	-1.7037738457392955	0.28331237586162644	-0.5586045647666603	0.08886075798033378	0.10692053929756011	0.7908265392861867	-0.6859858096493769	0.4501639655827348	-0.9862803732225294	-0.8990279774470021	-0.34521381144385455	-0.31367139039517605	0.7486962446686198	-0.5215659960049358	0.22798893578946092	0.49506302075324865	0.5701949104718974	-0.6423663088088478	-0.5752330026246598	0.5703181901397433	-0.18865433639225992	0.42127351685279846	0.27252834455156594	0.904590375902843	-0.10287678132858011	0.056399852168778915	-0.04039110503676706	0.18459018929554943	-0.05157457248865997
DTXSID3020833	-6.212932058002615	-2.9924072386493834	1.2193032948151663	-1.0935694252129091	-1.31637852474661	-0.2821043672087219	-0.8843751088989913	-0.2086065660303638	0.5717559261413843	-0.21730601185809992	-0.5331280568862075	-0.07959191545466512	-0.5210717556109088	0.8725017597087591	0.366570179932205	0.6125548512867109	-0.6352442219834561	0.5096940037314105	0.34912323336855106	-0.15754349077875832	0.10587693076413947	-0.23942212232755883	-1.6692187004635657	-0.5332664140411405	0.6602820206459903	-0.7938431420735654	-0.07416684696769159	0.052315376729480986	0.10065311672130048	0.49215245676503266	0.14851720711632022	-0.11205072920165456	0.7285796032629104	0.5806741708979108	0.1401016097753707	0.5797151495728521	-0.05194574187840626	-0.7435274354158367	0.08137420423257741	0.39119327012375	-0.5005422339804669	-0.331495442041518	-0.2266186651716449	0.23354724525383852	-0.5309950126153836	-0.05406034839193943	-0.26521829176891376	-0.6811017724561887	0.029369649732463664	-0.5329406769010179	0.0980776665994918	-0.4556334516612236	-0.30680672648213364	0.03039873972732421	0.6117292972442303	-0.6556005600016465	-0.2514185773880655	0.18907345532209963	0.6763173627489618	-0.25098155786750015	0.034383770458851416	0.4592524156023526	0.03700202356976027	-0.2722429967000022	-0.39807369521889957	0.46070571198288524	0.014235920849991427	-0.18260661830862737	0.532661364112423	0.02565090252974738	0.1984080436201425	-0.2707222127611986	0.7890614866935125	-0.014508929958107859	0.6518127210088741	-0.5864006775761145	0.44192208519231946	-0.9110857411765578	0.23115261219789576	-0.6988566888767505	0.07900744546984521	-0.7972715728253987	0.1887815859761729	-0.5409117536936165	0.3792277038523505	0.17153468879465333	0.0344349671071792	-0.7909575039201802	-0.5216685329500647	0.29551085140942474	-0.26510397849272205	-0.11695775401014012	-0.05665995026867066	-0.22607890244087853	0.28885587081264785	-0.10944981106082433	0.1387652271562546	-0.31328241621380737	0.01769444167857968	0.5021581322173075
DTXSID3046247	-0.6939638575251035	4.774758918502584	-0.06705107198195022	2.288751012088977	-2.1000524929103346	-0.3649448483475546	-2.8663595203758008	-2.5687855028409547	0.1712899763168139	-1.3770471202786212	-2.8770239724442668	-0.256256716297851	3.1559225631589634	0.41499389504871614	1.4166581965810225	0.5887699099488716	-0.18856535957727755	0.13185167060642544	-2.1108175871010957	-0.7919818117606977	0.21513459372501778	4.151571755317394	0.8149892699652121	0.4747714987852182	-0.0030118394641280924	1.0089149890295006	-0.1298586417597194	-0.5817030901842657	0.06719997952639976	-0.3080626877336607	-0.5349388295157553	-1.1752084243276233	-1.0542764272686351	0.6423460605671846	0.34444161371629656	0.19103197117731033	-0.5363378964635991	0.3326019642395367	-0.6791063997311363	0.10902503299042025	-0.6008167073073816	-0.019366957651341755	0.3669393491405401	0.22701863407879766	0.13111292277540443	-0.9527039661299127	0.34516121022575685	-0.993159841283044	-0.258307804274933	0.13704056776477624	0.17855232696383377	-0.27378799724189595	0.5618340141901957	-0.31314308708356464	-0.5417696837650624	-0.12850218335351107	0.05663009979137499	-0.4014427988409312	0.4933669989860815	0.04414713761929957	-0.008927302388710881	-0.16545886854721023	0.12156954367652617	0.569690469670556	0.4405173661287879	0.2561995836657522	0.23588313928364582	-0.7722138517879773	0.7395993034638914	-0.3518722115629797	-0.9209518149211215	-0.4597331333613163	0.9846282433059651	-0.5574678875301949	0.2887379623111542	0.5221189215281368	0.6564743281466371	0.6007976614012334	0.16524493620330277	0.19587703850767116	-0.1556546883084526	-0.6124703216319846	0.059717482116950424	0.12751977434054215	-0.011878667019737024	0.1700228988329995	-0.8671785505670185	-0.37123296076162465	0.2140250280965032	-0.4599635210604184	-0.11614185846175096	0.3805718309075084	0.7768633106272748	0.23640633624044596	0.4428957460456764	-1.3952260845158326	-1.3229248465972343	2.6443141415824685	0.18184431765242218	2.212137908958768
DTXSID1045534	14.53876205395787	-5.228675021809702	5.932198499045737	6.09023793548803	3.7038551417880594	5.9400550583457	-0.5732432484424523	-1.8737386147261814	-1.0442332126152374	-0.04122466371567257	0.6593857246486561	-1.0652878418836094	-1.301586872624521	1.5825488365579055	-1.9344366858042485	2.313941136029942	-1.2778705884595323	1.23188372753692	-2.6820231792518556	1.0820473231382104	0.2505953671762497	-0.8810125329925375	-0.27847517327493654	1.1883763268970386	-1.1689857229829987	-0.34108210172554015	2.3981830993353843	0.7437944202463405	-0.5219302460150492	1.3210598235288062	0.6025167955072707	-0.0691413721171236	0.5328276933688567	0.27583971136203334	-2.3492034815551155	-0.6384513229601765	-1.2753682042358718	0.035833524193352534	-0.449947324305891	-1.3429127578132918	-1.1021902380962463	-0.9448155556875323	0.9512578393161529	0.6388304757262684	-0.3587205781586444	-0.7544919080055061	1.0240680298167544	-1.4650694277617795	0.2252003540525773	-0.18398218049174542	0.05984566775341133	-0.7829192937579775	0.4764098271708673	-0.43317669804298375	0.032322965401683085	0.3116471787701643	-1.3291419848797157	-1.0114658150576894	1.5500628673191013	0.6021111776221482	2.136542390482923	1.0156137278111361	-0.05254734536683757	1.7992580050819775	0.4859715916390533	0.5326364741547379	-0.9985283951561917	1.092121533573695	-0.045112019653754276	1.7588493942860772	1.9717824212540678	0.5306678813069654	0.03131318644910285	-0.13354300580254164	0.4166008320785636	0.5615534702748743	0.726914329530709	0.34045235373184735	0.015719629226540875	-0.17346389520717115	-0.4086498176426009	-0.415355870850949	-0.4260994575696204	0.5355612449923642	0.08233851160532073	0.2706247934793435	-0.34565046591307064	0.16607668215325844	0.639092584042266	-0.28882342431830843	0.11997009869268517	-0.6328843419437465	0.03489599444682393	-0.0763617360497688	-0.11432947388452794	-0.07473500292573707	0.09801884092418289	0.16453715646107947	0.9462297138751381	-0.2995643341591703
DTXSID0027143	-2.938258690680505	0.06833380185469096	-1.274750467067402	-1.49588995691565	1.6046380878388724	2.5398859807871386	0.39785915713931996	-1.7995610556217705	2.4330204738774945	-1.3099527931826844	0.09653636486990577	-0.10365529925506162	-0.6113548679098689	1.6674353233647266	1.2456734502314664	0.3692539935758046	2.3508900327067517	-1.7033028961759564	-3.3543609503987013	-1.7827974445606574	0.518998733970494	8.208060082579793	-1.1557894804047661	1.5984438810984343	-2.466986952819778	0.26164914357511976	-1.9560577328076971	-1.095407147275682	0.6879177779393295	-0.8638304850282772	1.0401977788156043	-0.6388475061027367	1.9300024264331481	1.3561570069505258	0.5905818619577309	1.3440045294938123	1.8213430137503366	-0.6820382911609926	-1.3262666508372145	-1.621612654228513	-0.45136667034124783	1.0221770533000045	-1.1092811496140411	2.7803013762508115	1.4236451171808824	0.12335225528099601	0.45188094033526904	0.2530136396623391	0.7241460367527649	2.8008141962143864	-0.008328800075461934	-0.9485052544554481	1.957574579120282	-0.6366511984588578	0.7951422955873494	-0.2770143456964683	1.8474992452191898	0.6951280646670832	-0.04780203191033667	-0.7330893753928639	2.581529819335134	-1.1824673694346575	-0.6878296026286252	-1.0327135583705866	0.8453918782989787	0.6660655043559706	0.9367237354043555	-0.2407124020514405	-0.531858610726338	0.21519190355657808	-0.19126966423912392	-0.4300274284017537	-0.09777691041194078	-0.5796115280350437	-0.6855529310002697	-0.17117911954202433	0.270091539764617	0.6625346047827141	-0.15884463516385153	0.0027225964886608773	0.2123227013685055	-0.03804459717556419	-0.03816977893537408	0.22893220656822794	0.3450768046688658	0.17572422629250078	0.09353119758840016	0.44659673408234113	-0.20174744575974513	0.09862819806785011	0.5092493132153824	-0.7781707570765483	-0.20553611424948956	-0.10600625441108935	-0.5538838494849481	-0.7394901198676805	0.5063727805811088	-1.3582097538083997	-0.2624060988611919	-0.6862363327848459
DTXSID9024772	-4.281888858277939	0.07279198099558956	-0.9783440215701722	0.23125080805286694	0.24616092121763536	0.9974303668169244	-2.183933223551477	0.5541243858864985	-1.4103036806037228	-0.9552175798511483	2.9375833631617274	-1.0384975090894282	1.2073184563895545	-0.6576621474573773	0.8263763994216367	-1.648784865677147	1.194294979290076	0.18848480357445013	-0.2875922663236036	0.31219238638144264	1.004228757121267	-0.33751979875271854	-0.5451079530890931	0.9545684227696327	-0.3496190760215835	-0.7219480151619513	-0.30429870314384316	0.10188483227867838	0.3272092059704583	-0.1496698739518858	0.4949195259077613	0.11710258108425396	-0.016520250218375977	-1.365308556776353	-0.6369731324011026	1.3673744833344035	-0.8064623595841415	0.1991141816733544	-0.8548585362714214	-0.11397301441088938	0.38979562202430873	-0.1651108911465132	1.0915972165205516	-0.4190162426900691	-0.3777031429019111	0.03547528901612422	-0.6034629700560888	0.9173901596570841	-0.21872800754287286	-0.0820760221754689	0.06048110798345748	0.6369259812123054	0.054847587416988836	0.5113253312826502	0.10999371182505857	0.2916768683067407	-0.33774627545763647	1.0375613420457308	0.284403126406076	-0.0331635137900976	0.9910568802264861	0.9425627013270577	-0.5205704864517212	-0.09955950010053381	0.2292221761890244	0.17308186816948187	0.3327028621537089	-0.28552209737422013	-0.46495968660488485	0.02006893980155232	-0.08188424036771992	0.024255325608443123	0.023065073627795096	0.005947401613903438	0.2733776819922498	0.0008679387085651906	-0.11710309183467545	-0.15525050154497755	0.1755988597609843	0.14964535898505713	0.1861513317436372	-0.12491467109182165	0.3343379916157665	-0.2610952671372825	-0.13621688795624606	-0.0005264576281464667	-0.019656622344969236	-0.07289818905171715	0.15681250234061778	0.09162848620065264	0.21284873862417816	-0.3579873376825364	-0.289388849512881	-0.1697554578628846	0.18321553061955598	-0.3338381638803179	-0.004685102857208952	-0.10621194905701833	-0.04031089269259201	0.0006531078061619731
DTXSID8023636	12.342284415325535	13.216650589890037	-1.6567709976331693	4.103893890447024	-1.274970587497014	-3.7047545305025937	6.321836056079996	-3.576664268958277	-1.6958472504396696	-4.20142780761465	3.9297494176126277	-1.8179667504025359	0.8982831549970024	-1.4685023418083498	1.033026672585955	-0.8241225058374585	0.7346601608015593	0.9033668227867121	0.470120702939184	-0.3632739555097087	-3.4862993662767394	-0.6128806728408557	-2.2204507455488955	0.3400409130882065	-0.3016962150236482	-0.002046005966128815	-1.888418008243834	0.7470734084143721	-0.27922853816039955	-0.014786711613569323	-3.017134991883831	2.3590382090176294	-0.5439884805884228	-0.20685390802029993	2.1775414750807425	0.09832485386756862	0.9178749015515812	2.2889408683912897	2.309607627895454	-1.8159983436965719	-3.460403960095203	-1.5072031355220115	0.31265477162611366	-1.4192336853824765	0.5124452036046127	0.35956034644047097	0.45492616344553205	1.8885944096040375	-0.3791047712273875	0.8963806439837312	0.020115667733119416	2.002214038259196	-0.7981031381642055	-0.15434646466979332	0.4059277820808879	1.218687660727063	-2.1768251898307645	1.842909790707143	0.8085685721736234	1.6289018793825698	1.1463764880134362	2.6673148998077343	0.050312086709911025	-1.4093082663544125	0.3133741630031535	0.2427945560600744	2.217497908704446	-3.3794875301717595	-1.6687838334204388	2.706088806328027	-0.13376476345909835	-1.413435455775512	-0.5277197252106488	-3.294844397451999	1.906652403571661	-2.037905147660546	-1.8077056254973858	-2.316129418028806	0.9065208684430546	-1.7878666346153114	-3.844791177660119	-0.36576919655945833	0.25771255816341426	0.19193491606242158	-1.8767513877268296	-1.0676983019077062	0.44047902126070876	0.1636346624136541	-0.08908624450027897	-1.1116803345350017	0.532257281571392	1.5360310663256587	1.5780953527724988	-0.40880974060319275	-0.7461115270223921	-0.24297983959949804	-0.36804934566668257	-1.4694141985878832	-1.9108067604208356	-0.5219013567239014
DTXSID9022574	6.047585325076985	-1.5648909647637408	9.675853709336735	4.190135960570844	-0.11774070920720484	2.926542421481424	2.1695356790988116	-2.3089010419039933	0.09466107181628805	3.0422541523139315	-0.019530608739100497	-0.5588793852258067	0.7207775146504245	-1.6655635582347434	1.2968873764641953	-1.2081652432428238	0.9593232783767627	0.29053971756679814	1.0997262422193286	-0.9780869317595343	-0.36857452923987755	-0.06516155916955825	-0.8050108291092011	1.2084059499638973	-1.0027741614708618	-0.438309387097067	-0.44205676246169945	1.5820468240538896	0.3909429880087767	-0.4254072408808171	-0.10211515671639361	-0.6785744484895809	-0.13115900849656797	-0.6317359961928758	-0.6720300943452076	0.29149378651130886	-0.7743015370953469	-0.5014913500038196	0.2084372499238938	0.38643827005722187	0.07014923523146531	0.2968641343294245	0.285502938905043	0.8937510666440588	0.12130289308540428	-0.38321615756023075	-0.02272123881426233	-0.592676260481244	0.3154185954181781	-0.21968310129334787	0.01104770164128103	-0.44605821677805735	0.1099797205898253	-0.0226110500484015	-0.5605142520461591	-0.2582449312105444	-0.2612819627644155	-0.3190011974751654	0.4119196968834013	0.1460788271051124	-0.1735002864186229	-0.09463091557257203	-0.1493398858676685	-0.6432966975410693	-0.10605726848816617	-0.0074371810219772275	0.23638792342066386	-0.5076860198804568	-0.39160186792210633	-1.984920211727382	0.06618044638508065	-0.4222105047116498	-1.0588350354742584	0.26226295619667955	-0.27408168874281413	-0.5482704213830142	0.8242699422623507	0.09261498602554202	0.6532613005522429	-0.6628097120431915	0.10487391888825216	0.11735310222977875	-0.25626342496355053	-0.10720138058650941	-0.24085821649356745	0.3944721264974948	0.42530156146526493	-0.15339310927366745	0.14852678191249535	-0.3248100387848816	-0.09889597352596119	-1.5830671493650132	-0.6483234861853974	0.06263467114526074	0.36295291938957003	-0.04342821316992587	-0.4655960568093443	-0.13242752060030843	0.08312022658525904	-0.15541847264694741
DTXSID9021685	-2.539372644636293	-2.5213508317848956	2.8950356956450904	1.5436912134616425	3.504309552884054	1.1283584149515944	-1.5153679848041313	-0.30006214447008156	-0.8122286385097915	-0.9585705369765143	-0.049291482516712545	-0.5076850985435033	-0.9936272780666461	1.0227462738714415	-1.7698420971399167	1.4089734331206376	-1.146265776858649	0.09348601823397841	-2.238939272605821	1.4627133368337648	0.5601860791844051	-0.3562585009129685	1.0099138279038955	-0.7115192725864119	0.7526593835312068	0.5300444856995649	1.2612859984415195	-1.0645545828025935	-0.3795739795922473	0.9413979906704298	0.6802280133015913	0.7610338073931796	0.6356575061184322	0.499512478476945	0.18802337872759245	0.15318540865231614	0.741223247761504	-0.09616191558186422	-0.34810587294994044	-0.17976394505690943	0.13886275514598687	-0.5659523096032089	-0.34635153812973163	-1.464583590202582	0.02641119998427014	-0.10424970089930785	-0.23671910438878824	0.5048824361090664	-0.16765425565041894	0.14511229616441335	-0.051464142737455025	0.17877957433333697	-0.14532840842384043	0.05923469655479293	0.6186226681063774	0.12897837458135292	0.6594294881708481	0.07965592329317658	0.08073164401251934	1.74652434733407e-05	-0.13093821777412695	-0.3585192372842933	0.028709586162923437	0.03344565536304866	-0.15210197182909338	0.5947537976279239	0.7641965080524283	-0.7049472294782102	0.30201481668460073	0.23876462568597884	-0.6443170636673156	-0.3744673174900674	0.3469544897559494	-0.11363635929839268	0.6785731270024324	-0.15187761026441426	-0.28249950632366794	0.5225981651349219	0.09110866348096038	-0.015796390748676625	0.6151601132614052	0.12811785227814912	-0.25111724882249326	-0.10533654502487842	0.11982059581047383	-0.08537060137862013	0.06604697700613406	-0.5900190414498423	0.2520161566124831	-0.03138447292137851	0.3582214842343809	0.06841546431876137	-0.11646252355565138	-0.15173300740391243	0.22155799764803435	0.022489991935674646	-0.07178114578101318	-0.12196741999052012	-0.185040555015338	-0.11140380885527226
DTXSID3044756	-2.9831241032889175	-2.1831299569965705	3.7901921977762774	1.0263815812508248	0.8219160389055645	0.15883691565055116	0.018924838441665686	-1.0226883783235896	-0.03524287590145906	-0.22107042650338435	-0.5782355812591199	-0.16005332171342268	0.25022272113926186	0.21675538587702195	0.1109594729156826	-0.38173762138640466	0.7686820387952268	-0.17579412038908415	-0.2322069716499725	-1.228100644093976	-0.13185586688036868	-0.6701858665531472	2.369916787570518	-0.02863784428143001	-0.3808081593048219	-0.4817390890250469	-0.26569478771473637	-0.024691234973400932	-0.21102073482483982	-0.30209539439174066	0.17859973811005836	0.8301199506719469	0.9007946072055035	-0.09959250589565802	-1.1271183056406207	-0.935957858518747	1.8701090383981767	-1.489392927175866	0.36460194291930204	-0.12413598759831476	-1.515096892557676	0.3962729810223678	0.25616563785261104	1.739076960680159	2.2131353421045494	-0.26505114884238484	-2.257324446798544	1.6456173028906427	1.0662151989043593	-0.7357971588924098	-0.24220108908811117	1.186060532830994	-1.467038676635174	0.1788558891944368	0.02465673863181089	-0.20075581998928912	-1.5497803534014083	1.1686087246757406	0.04280039120334902	-0.08865784899164388	-0.7228415259224554	-0.250141221155254	0.3569484727690735	-0.22639747415142458	0.73298006903567	-0.1685937400761312	-0.7446926706333316	0.40843285095078585	-0.18747855328584848	-0.05485163799231737	-0.7070188691781404	0.30600874449597404	-0.3703841146790166	0.0732934234537988	0.3075930649967921	0.7488402254924522	0.21742522184135588	0.4255798025300862	0.20464618102583307	-0.6653106324994104	-0.07040110648973139	-0.041230975515711525	0.012375310387242674	0.4703670062316506	0.1536660060776078	-0.31083156618061436	-0.6918563797593408	-0.04249318255430703	-0.21961971200958405	-0.03533654768283334	-0.28620295382410355	0.5214092021255656	0.3041148209198354	0.3688107490761345	-0.3721227587852078	0.16036747362008968	-0.1532006082743489	0.19732007198429322	-0.15269375276168953	-0.15745133855896776
DTXSID2049052	7.731752812394547	4.462381511831127	-1.137108046397819	0.1756260528870216	-0.3587625867848896	-1.467304369978073	1.1917286555175826	6.18591237480774	1.0241782358925722	1.5714443661584439	-0.22054465451659985	0.49915661706090925	-1.1494965360937195	0.1309951085481919	2.623194443342476	-0.3120699865790076	-2.327166930894495	-0.42563478289093337	-0.8692638323350698	-0.3763579416931816	-2.403268004691406	1.3217959079855148	2.6297362438928515	-0.9338411440082327	0.24522892513690356	2.807753277200244	2.0274346460511854	-1.179699921565712	-0.4748608974443861	-3.3542172224362146	-0.6779300648479736	0.4644306089871002	-1.228604118055138	-1.1631495270452439	0.12935266619949445	-1.9915290617321924	-1.4363507026232238	-1.3488007298726659	6.30428320869488	-0.9744290006625906	2.580315299655421	-3.4161404036661933	-1.1816869880728291	1.4436666807121492	-2.1014121546644917	-2.6244689432921535	-2.5455072083054477	0.9002074533684435	0.10825173618683477	0.4281582729524534	0.733204193694269	-0.3787223735646462	0.7091347216342978	1.0239867724422764	-1.048709848816765	2.8423028408557447	1.0592645262879594	3.029517338848226	1.7799002323175044	-1.965388993155745	4.226159722911466	2.401470753772309	4.60366825801651	-1.2177768720783095	-3.5706672982533023	1.5582037731093417	-0.18159168370878032	2.0477290157716075	-1.3507778667450905	-1.1760400522683911	-1.0024621032636998	-1.2703281189174347	1.0731953600148922	-0.7286367538319726	-1.4353689035418336	2.1686490310067583	1.4293831910041366	0.2968441150519475	0.7996171317644194	0.5978787428278425	0.12710462717952445	1.032459578511514	-1.2901716267952816	-0.043822448590171016	0.5676581331462524	-0.3351540227928853	0.5268616721856869	-0.0015621463805863352	-0.7925618751315427	0.23289235223926102	0.0982051143034734	-0.4374022811634236	-0.1329094059869579	-0.9665039828658923	0.001296892238489637	-0.3488630714874575	1.0443689538186738	0.6050995487912021	-0.460778239756594	-0.581327996001011
DTXSID7022704	0.9848509870698089	0.17346449492285926	0.286916128775658	0.5451826262887713	-2.4449466860914977	-0.580601863805813	0.20293442518579188	0.8099098737033675	-0.23376848812653464	0.4217875885845835	-1.1356188480194556	0.21012941570343477	1.3615427519850514	1.2812541071943915	1.8244903425209593	0.858381648867938	0.4119096414522697	1.933688358650621	-0.27393023147803097	-1.8655897198470286	0.8892212441167928	-2.1653249046491254	1.425423010197785	0.7732885483927615	-0.737671402264962	-0.6719719888981154	0.30933914590190903	-2.4256087251774883	0.36310668611341557	-1.616600295914577	-0.24070398941811333	-0.5003662943664829	-0.11730566171039457	-3.5434252087327884	0.6248975689857507	1.8542377230658795	2.3368765280505155	2.5814462279273678	2.4517774185913996	-5.792279413344607	2.0872306003347574	-1.2810379066666997	-1.303449931032121	1.6392159911680195	-1.2800955832115304	1.3165430643439884	0.5845545252383187	-0.8051497223192366	-2.4074050811757837	-1.610344739047126	-1.6648242243199831	-3.9761728453171243	-1.537115651474862	0.9228036119371663	4.349168113998357	4.435995778044443	-0.19696793747862432	-1.0384799587106461	1.0682750563357766	-4.032115797539707	-3.20306683695672	-1.0921245991369433	-2.366824232242676	-0.24838664269799662	4.474631263195906	0.898167679703409	-2.780641213663541	-2.4987813208374297	0.6590319739329702	0.7718085930885109	-0.340333975141912	1.1256680676254054	-0.5765686449521441	0.9414430366611661	-0.21412470216560084	0.09303779152669812	0.1389902527494682	0.6411695552679688	-0.6327553495493099	-0.4059333845054546	-0.5610180440183458	-0.19208232293748254	0.42240328280481115	0.09481942876170606	-0.3772179363530041	-1.0584095054276248	0.11498772054870073	-0.0021366067828437	0.16947028171175355	0.27428630615639743	0.7735360321877712	-0.38832812678352663	-0.5070434699288207	0.5681526063791129	0.07266719755865883	0.06858439544705346	0.5906109435087723	0.08038482258577861	0.9217615568658027	-0.06438653347020824
DTXSID8024993	-3.021854262766115	-0.7168401649502155	-4.414224247698021	0.4137708706828583	1.700665453982153	0.9057761128591731	4.432536713896522	1.041450513116215	-2.6400168193986517	-2.1108329307205493	0.735098910892406	-0.9318194592887564	0.1007149854165213	-2.0688867446679526	-1.7951878898337938	1.7630678396456925	-2.549107782771579	0.2180874869650723	1.9778713386407805	-0.8619259847121526	1.8354764062581264	1.2431066730234415	-1.0743651011571302	-0.3808377764939679	-0.19798754821973544	0.5007137114914578	-0.2655356782535498	-0.6038034237981978	-0.03907255598111088	-0.11527999795702354	-0.5542028244854458	-0.203850806680201	-0.18997178823210592	-0.5162013783033444	-0.013697318979218418	0.28926437496231366	-0.40690236491797194	-1.4996854969810025	-0.9272492923411101	0.2571938607645587	1.039164951863545	-1.0347889673943118	0.42004979157803557	0.029992220821745255	0.29579441593081157	-0.6205378832333243	-0.39372957607222553	0.6473050287535353	-0.0178022163903126	-0.358797483582982	-0.24755160499430787	-0.6123165578129657	0.12663763773190073	-0.2075572106303225	0.3155172353483587	-0.4421366917579192	0.3780922134417221	0.2397036243335323	0.5041143570195163	-0.5602443933881913	-0.9022809023928873	-0.5160827428947399	-0.4864497803775221	0.9779343271807461	0.0023033419097330224	-0.06862824027089216	-0.15623146057008652	1.069109222426057	-0.3725622266064807	-0.6321978013035414	0.7203146253145848	-0.0271901495569514	0.7697038542843707	0.4093810241944853	-0.5783750220118529	0.9055411788761952	0.32450388102076905	-0.9045972714575787	0.989149172971902	0.61719386997854	0.49177699841315314	0.17676842772267565	0.3397606074186305	-1.676065713601551	0.5886368970647189	-0.10535367906448936	-0.725703362265861	-0.12095822619959012	0.4278182907699068	0.5099885081868022	-0.09597287441891966	0.4454722116468883	-0.7993411666196809	0.8838115782070664	0.31759285243726154	-0.6625148923529265	-1.254859134961647	-0.35499555995358056	-0.0759215194253182	-0.19509984983748155
DTXSID7045364	7.26443056432634	4.805775517017465	-0.3157278526113841	3.747801848054118	1.807576489840615	-2.1355344947664485	5.87133185304092	-0.6603003474393492	1.0965491183135336	-3.0310540248998254	1.2043582111299085	-0.970489969700814	-0.8154559078770782	-0.40066279328318644	1.361572298329819	2.1302239106893857	-4.89643476969267	0.7814711529743442	1.671355149863316	3.573317414531234	5.016514580574216	0.19136576288729246	2.2755520142689356	1.5898432483295912	-1.2836730021464147	2.0461248202777735	-1.097502187080555	-2.175748133172674	-1.8999100732850471	1.0058683503920935	-1.1918235568615794	-0.3458469035851287	-2.3636649075712377	-0.551253087697226	1.605087410198092	2.0253134656944543	2.102661198905927	0.006790262809823085	0.20910336182327427	-1.494906214609317	-0.20082193872778378	-1.3541746729878588	-0.05527123021066539	-0.41987194887872864	1.1157398207836924	-1.288635403708964	1.2318460380721696	1.1766154197778367	-0.5385596251604958	0.6097941479078206	-0.2678498522829101	1.1099405030754554	-0.5208857991804613	-0.499146723706165	0.42046715858347405	-1.6095519227543833	-0.21920459315820043	-0.020351939222339865	0.42599053883771193	1.7977755515276463	-0.8298346703002349	0.8720764392467389	-0.6107884366470534	-0.27882842297484167	-0.682513133785306	0.22897115335155918	2.42211376438771	-0.37313101771409185	-0.9075878473378535	-1.0118119278155528	0.3652008083476628	0.4109365961459107	0.4527697150744487	-3.9051153254587714	0.2679020846361276	-0.44931580394561543	-0.32574233962024907	-2.4997462511254342	0.9215575047230702	0.5700330405406652	-0.9851561536831553	0.10342759806276325	-0.5219462062537981	1.229343022623296	-0.2923624977552223	0.8495006774825001	-0.926204192864866	-0.9083471475753301	-0.7279668006070424	-0.5691047110804066	-0.8459325048293866	0.8281275980289189	0.5348217472495135	0.31487678358332555	0.8740493433832544	0.3482085656932565	-0.007132707921329744	-1.2531797109281921	-0.031884148010509664	0.16955791867127812
DTXSID3022829	27.738588501535393	-7.2565092785846	0.2019117712058455	0.40519049708393856	-2.0409323671863837	-3.65819411027921	-1.5544810385798997	2.0180973049185638	-0.5310962623557507	-3.5054771579685804	-0.2989293115002566	2.8345728800576677	-1.5614794231897455	5.523339140736952	-0.3331300668876874	1.83006008065719	-1.6111316317695026	0.6489078437427168	-1.0739375887182612	-1.9012419372271194	0.30436858196883915	-1.8496333826162485	0.06652007135794583	-0.4105150245702191	-0.18224440588907143	-2.131005453499076	-1.3133936845910679	-1.0743772496136035	-1.198637911577392	0.5211900748638635	-2.2619595703641484	-0.9409693731798036	2.844009571619375	2.2504874574851366	-0.880019983774748	0.20793107770521868	-1.5666107434453649	-0.08872545755007209	-1.0499245382423121	1.2329117454975078	-0.1029197725569559	-0.23171223653592712	-0.4655072457657781	-1.8042538673469886	-1.5925566410493552	0.4086375973342346	-0.6808237827346448	-1.0329558588202843	-0.802469402622505	-1.877505673228441	-0.058094194956534694	-0.7920631027869584	-0.49074064415523594	0.1615637835795844	0.6664643624275113	-0.7893747292407447	1.4968818666420456	1.4746198237995662	0.02490076341932733	-1.0833393156808349	1.6128504981712817	-0.22495914178362983	-1.0969921848373967	-2.7357495168056185	0.09357289997291159	2.0808324138451013	-1.5643298624898838	1.229305462433591	0.31358500364742586	-0.34519222649848536	-1.5360637721526662	0.6212809072937032	1.101044484344334	-1.7182607614248668	3.918781569710517	-2.506478323820814	2.21261405518629	-1.9220959756156697	1.306098644880157	-2.709962758419829	0.2572778321595842	-2.4133354803600304	-0.5790301908782287	-0.6199947292619301	0.7051239337982212	0.8206018785168214	-2.374909004628907	-2.6140802673045775	-0.41547166662882906	1.097448384565486	-0.7682575434366293	-1.4323198062578333	-0.2983213223288168	-0.19596850400231997	-1.2356437985749562	-1.103135839527175	-0.5806159504726689	-0.7799743506302556	-0.4173389999711601	-0.45190702251795445
DTXSID7047936	0.9483931010746581	1.1817424312483693	0.1114517555469705	-4.837882820326084	0.10563160197279929	1.7012405109395312	2.8450230670910566	-2.9241704889447098	1.7656901519923223	-0.7683870201162512	0.5967818262058199	-0.5350910217462085	0.36430574300326024	-1.4958970160620175	-1.478620722468496	-0.5758651894441039	-0.05996889655566042	-0.5072278892376264	-1.0517696903339033	1.1453732181276357	-1.1049266318169975	-0.5888087316484383	1.085358244995209	-0.517614737537682	1.3626214591842802	-2.231689895694794	0.12852155523649061	-0.3985912392762487	1.0232528768554925	-0.08553422905819592	1.3387801586496386	-0.5474915660232097	0.36621984012070985	0.008648761154679368	0.3074278371364989	-0.44946315517394764	0.550515419942798	0.38566474870832346	-0.6300383874919464	0.17640258887387597	0.13459165315051538	-1.3769453848879183	1.0452722457297854	0.5176736962589675	-0.6557722045334712	0.21867645081334727	0.4775644802183782	0.43954361568762895	0.734265384191984	0.683959929923133	0.20905275233973397	-0.07494156042776434	-0.3251133927468974	-0.2547090362783993	0.29331504646748296	0.05762340246392948	0.43706443619628704	-1.351370797562362	0.3391185885955504	-0.7835379490809479	-0.34500946469829824	-0.801633860497567	1.2530453928134422	-0.6034465924718108	-0.41273063846891056	0.7450956887460043	0.39277143100912115	0.7371811665519417	0.3223773489990329	0.31122847061092357	-0.4995100688338789	0.5283683068260988	-0.30816319129605	-0.4912713337952197	-0.3192536595306203	0.3617565245134527	-0.7839165460242218	-0.4008093874813341	-0.571976528264885	0.48668833655367166	1.4134708213525229	-0.8111371542245793	0.9484327905760787	0.22862449142032587	1.2854326363017408	0.9038563058469092	-0.1460059110083917	1.0190199160759714	-1.209906743102695	1.311614875292632	0.8128645029104098	-0.3474386358533018	-0.21551328234506323	1.0025544162218885	0.4806968864864101	-0.5424897341005611	-0.9366558947199484	0.8111269053653387	-0.006495380314468263	-1.0733299343956577
DTXSID3032624	1.8636620902080057	-0.05305816030854126	5.487014113270376	-1.153400640836567	0.4277219549739203	-1.5046613022018718	0.4314779694602447	-1.007078648173352	-1.2617624831401912	0.06802366028207006	-1.2354227872162142	0.5266007451149424	0.8796592460015885	0.603322124387481	-0.23566152610733615	-0.3228877687120573	1.899114428934814	-0.7333588472481397	1.4899389444392237	-1.1180625764143575	-1.5698372104756833	-1.155164732866876	0.25818250915868174	2.0542525470349413	-0.8986820782091782	-0.27740655580086476	0.2604675525155191	1.6403134532634065	0.7966976539328576	-1.0992491594537595	-0.6400804209013842	-1.4521305354559189	2.3293223288411666	-1.0302801815693676	2.044346201695259	-3.575325758506128	3.7946957871598226	-2.7572048254578445	-0.10100064883986515	-0.1673040574691569	4.281362581910565	-1.0987120669330375	1.0882645296415934	-2.4882922748733156	2.420170980045937	0.48712101752542253	1.8435844381938895	1.770423377186228	-1.2411616983323985	1.5286403876457029	-0.31444394115427216	0.22431395413372784	-0.3707913264918675	-2.7099129576587027	1.4597373977709054	0.729050507317005	0.31820946765691793	0.170493424068182	-1.8085207180242198	-0.311276523480705	1.9636519572127837	1.7649180529353286	1.24805510656923	3.162612144542529	-0.577586667526583	0.07327233910390916	-0.16228848114997774	0.04200962949882	3.0924743271164306	1.7640512301825766	-2.0394876365144645	1.3027727831968938	2.9413110754809235	0.2147062956420556	0.5469397119214842	-0.839381747529339	-0.08742910374698254	-0.6474514038040547	-0.5363062309298732	0.9978686830581136	0.007062165252691093	0.30048920611641466	0.4568169305886287	-0.11860787597311966	-0.1776979742163778	0.06303369598843657	-0.3903917147335358	-1.2193588498745564	0.1155025650694892	0.11946953593618921	-0.9917004175443075	0.547358847116033	0.7904215356092292	0.033231752016853786	-0.22590565688547523	-0.22575325930140674	-0.310558606789163	-0.435783804916313	0.04837351282502193	-0.5734852277324657
DTXSID6025305	-3.9890770633081125	-4.140589443312312	0.05588160523546723	-0.13903976852135216	0.5173433310362732	-0.8373792289470335	-1.0727052613089245	-0.02995197026608007	-0.6526703390896701	-1.196340946749834	-0.7908259731257108	0.1975770955220804	-0.5359572236365178	1.5163432764882365	-0.1631565988470044	-0.18585300200289243	0.7155726872582853	0.03302433904401431	0.3682964859646879	-0.9302575827072485	0.5551218143885083	-0.5162641931832823	0.8775559872899034	0.09229852047843656	-0.5982494968462395	0.10485282840963678	-0.4448348631978581	0.20504959455772356	0.004199094227437403	-0.6540770994579438	0.03346462918365091	0.3318557475375259	0.15357293214664777	-0.35318309268499415	-0.30973625966218016	0.18514478211686247	0.006767901692188928	0.7914320734510847	-0.45247767206157763	-0.39936935999059203	0.11747972323954901	0.2783762672962054	-0.4043043359079141	0.13718895137941847	-0.38439398399038727	0.15126715289365017	0.33886940825188044	-0.5472029153825512	-0.051426114110632075	-0.12306169359904569	-0.012993573512619755	-0.09549191931922332	-0.007197015027252001	-0.22696132347672274	-0.3823635339905093	-0.00252633224041579	0.03125307766768949	0.17630285881922986	-0.44976962841962903	0.13830410171473126	0.08348182953410867	0.12881870350420116	0.6838422050763785	-0.311874160712287	-0.5571199397128076	-0.5916101674542426	-0.1441929766603785	-0.04702072494568419	0.26467201416584024	0.4429964574175632	-0.23422708443564594	0.16603379203251786	0.22894177191542917	-0.2990919016901035	-0.629391537229286	-0.34938461343737	-0.6411240548271341	0.2619455613089621	-0.15613919156954467	-0.1865568648582765	-0.42945098424788414	0.16233303707791322	-0.4123288804320743	0.1382448682261705	0.0042027016800907846	0.500796698577597	0.6704881389406331	-0.35243831450404217	0.17073727422537432	-0.3735299179403695	0.4914828828738484	-0.3235550730636796	-0.007921549366540518	-0.4403784513682243	-0.06932324184269896	-0.3540408181032356	-0.14624819074972578	-0.0779371116005154	-0.4095755316298986	0.2050998274225998
DTXSID8048999	2.601211965497732	2.976435559353871	-2.160554137950282	0.12799764086359686	2.2339115299303707	0.6356818811755678	-0.3689783941260749	2.669855077580061	-0.6530816788487426	-2.6062602165361803	-0.7063989211460885	0.595534081482588	-0.030809608270053142	1.8748810467707002	-1.6876157994910346	-1.1251976613981318	0.31657007068526877	-1.1148445750175493	-0.12118404640240697	0.4381854184620826	-0.42021297710884314	-0.7662958418714758	1.041547579077744	0.7895068751129061	-0.4770388532527942	-1.3918353139398205	-0.257874065605956	1.106300127744424	0.26620711632549093	-0.08732610030685314	1.363918002944622	-0.002903038775719204	-0.7341982907732313	2.564192482381116	0.16132111860982282	2.119691229096475	0.48907560286387824	-1.0525925046509426	2.7893060872748165	0.10389263853180859	0.41972958606216204	1.9186985874659939	2.373164659816681	-0.22671980862953967	2.362582451919458	0.6255442862876799	0.12194599082690186	-0.029318751729068022	-1.0856721027933813	-0.8614160715347486	-0.3872942328203549	-1.5962332841070221	1.5095801609779462	0.33113110834797793	-0.23293974962917438	1.8563728476196595	0.5256867552796697	-0.8653000420776401	-0.5148307124970094	-0.7021245681865343	0.3926784751861025	-0.6807962073839734	-2.510006753306237	-0.11292165392794873	-3.3958283494207033	-2.455975675331891	-1.564718755979672	0.27699263068900276	-1.2852873628824755	-0.32297209104383306	0.7495412162274379	1.1048496377381494	0.32984094122803975	0.07709983333384568	-0.6752727141750272	0.07271614522617213	-1.1538105826869005	0.7020058201526925	0.02915116457593351	0.19989616873119068	0.38595669344524675	-0.8050592251916238	1.0417390191916436	-1.0885191273923793	-0.3752838780462084	0.46758000626372886	1.1909383463961971	-0.5458572723864545	-0.1297961852711117	0.14411437640329036	-1.1105925907608496	-0.3726290156220876	0.8680830059949234	0.22258721771613096	-0.4997011065498346	0.8461070149390728	-0.5475658574914455	0.02389786619057796	0.07175951922940091	0.15090044089073956
DTXSID1022922	1.096640882131193	0.1676266634889574	-4.373353900089877	-2.8185201831772724	0.42922283842668757	3.26309419367237	1.2092750033351587	0.6822780642242919	-0.7136781973341269	2.2222611801108507	-1.6779658581085195	-1.6457710214521688	-1.415191367530562	-0.8251895859502637	-1.7948590603852927	-3.513419060104514	4.407355410688731	0.7020022832626376	-3.6877247136255176	0.22307664482075448	4.009060683153805	-0.23965635632210186	-3.409359660254697	1.0720461589535195	1.016120448269554	1.4657643101894138	1.003195115980929	-0.8147362413099742	-0.8089996837091837	-1.0644134969806296	-2.8187969739061693	0.5076613702270444	-1.3126259799679967	-0.8674795033392653	-0.036170286646446725	-1.9069909614084788	-0.09510061569746162	-0.6680656551397447	1.0039716154109577	0.2374696582273199	1.6194786670836403	2.1517442156504236	0.36708028327919495	0.3979183229213233	-0.4178236787792616	-0.14314578038452097	-2.592835388818593	0.49367687310055713	-0.1422366866904986	-0.022477562768814612	0.19097929216945997	-0.7114574756161628	0.4044693525263831	0.797553398913022	-1.3539814650723703	-1.181159538673585	1.4288663482897577	-0.8393951975138805	1.1487441119048016	-1.387173617390638	-1.0240893889413836	0.14362734923111342	0.5066390286359235	0.3075070877494697	-0.08195949643199163	-0.2260831779313302	0.09977101567949613	0.318913721470866	0.1856086644280288	0.03196644187232426	0.9963852028861443	1.56073412861674	-0.25176089683691105	0.6878532455269629	0.1403571979544575	-0.4796194359269889	0.6562628629659757	-1.7447223339475169	-0.3649789774929592	-0.1891146657332047	-0.21930012582996591	0.05893895880229064	-0.3013174048941602	0.9068980183063906	-1.8645075464327754	-0.04981499749626828	-1.112421173905724	-0.33245925431757917	0.011554769409796165	-1.7858359633154006	-0.6123951707826923	1.7670749446974112	-0.22897946323088114	0.4060593014560934	0.212389046059671	-0.28629721533546215	-0.5358540447627168	-0.3359793332482971	0.1794915203108396	-0.054115945055187895
DTXSID0044860	-5.547320610334453	-0.5558893823222395	-1.6254770157633807	2.3033296464714037	-0.3688717182059758	-0.5187813226674811	2.2006928804801134	-1.3371584421035747	-0.1749114853382045	1.3554926459504772	0.29858229653208146	-0.9407188072962485	-0.5009988539723124	1.3541491112263693	-0.5646161953843956	-1.5869409762297337	-0.08935216483327335	-0.2628233415018092	-0.5063457054668958	0.6223079868746156	-1.6260337078509062	-0.5194552389765708	0.8853142769154867	-0.21145954093434471	0.938122290603068	-1.4658259301420544	-0.8231741924539894	-0.6604887288529702	0.3314518457038297	-0.1761159088426734	0.6004921051800125	-0.41023407503491116	0.07003897281810641	-0.13401605335976094	0.15482370996560918	-0.28933597531602845	0.005652131899022546	0.4931178040240032	-1.1463388495606253	0.39503307840448787	0.1297892336387976	-0.3966390946614479	0.970248239078192	0.5944795887148834	-0.44451757335601544	-0.1931600662493962	0.25842288369612615	-0.07491403168165903	0.37063096048123095	0.22504095149620723	0.02379175205975229	-0.33558245774581485	0.042016521080334907	-0.539618540090304	-0.4243667781857645	-0.19011017202185995	0.09934290949004491	-0.7401173535832198	0.11682236345664443	-0.8518140561360096	0.12951293072401684	-0.6315589127617052	0.3884117373887175	-0.26154850327167656	0.17079790993612443	0.22833670421473434	0.060935702281368756	0.3043093245944953	0.37834796560149775	0.09214885830279439	0.16612942701611216	0.006507303676617424	-0.32792894910760095	0.36580278886150697	-0.3076739940440825	-0.1384365121327561	-0.4057678760989993	-0.2816473760979006	-0.6059835476259454	-0.42512411944505346	0.1862769880609057	0.28281198145664116	-0.6264655917671882	0.0605151920920062	0.441139283320869	-0.10592540662630912	-0.32610942967127815	-0.19855963793420942	-0.1687611910608305	0.063524189783494	-0.7171462754802582	0.25092552409787205	-0.47152423893180306	0.36589140238303725	0.020015819123995058	0.25361383625688727	0.42015359891814996	0.2032966005112027	0.31234520829142554	-0.025159013832875714
DTXSID4048777	3.9227203622492373	0.4505719799074593	0.6349829387116416	-2.139768085866393	-0.5427867602503508	-3.925586118052558	-0.04705615242020319	0.5228264957123001	0.7280706708416194	0.9964735131500128	-0.6548406452392491	-0.43704883891030494	-1.3047752064797424	1.9774866618787288	3.133479215404189	1.384694010804082	-1.8097068892005135	-0.16552427234861633	0.2166702395976725	-0.33523520186375527	2.1747886116866093	-1.022674642124236	1.655415625287966	1.1099261031886747	-1.7988958026392114	-0.5467016133583869	0.05700806430754888	0.8815759598358061	-0.9223019688084682	-1.4824854250464132	-1.7988044094577313	0.5214813492095853	1.3127438409290848	0.7625828498208749	0.05024106693898195	-0.6468093053532411	-0.9455501895795064	0.44043070566495074	-1.1108120015815686	1.1261097088944267	-0.15371374187078893	0.2559013190461844	2.0038485721527435	-1.2628607635165419	0.3782768145264538	0.16963049413174072	-0.8788740687594291	0.893470330385906	0.44915494122395144	0.5976441971274385	-0.153929318912029	0.07443170868965884	1.2552591431452773	-0.30807762011632933	-0.7716461943393895	1.1823710239690266	0.682271931758825	0.29387649563409723	-0.2865705608724167	0.016624258496006752	-0.06625139096528412	-2.1512514201175947	0.9250885724238659	-0.6706616590450166	0.7147116928013921	-0.14655448822598235	-0.1000189181096869	-1.6011976399843564	0.23481692927340378	0.8912095897105488	0.5715020859249003	-0.3076047357649723	-0.8354072263788257	1.897864178099466	-0.7407620050623667	0.5688551076008285	0.37199247483873404	-0.7862069553512511	-1.6130739731842076	-1.0247463339567466	-1.0933711386257197	0.21164320631970288	0.734205671972491	-0.44444210335509493	0.4632344699262535	-1.5375727033243565	1.9366215390071664	0.21093179956970387	-0.8661469542294836	1.3279382944305635	1.1400196200483457	-0.04246906941133028	0.3065002232332488	0.1681820542233484	0.14351320799523198	0.8374864714014872	-0.5051832603501265	-0.6408320795561236	1.2847488374185596	0.28652578736379214
DTXSID8049044	2.5977938035621078	2.0255541791474303	-3.4926155348204335	0.6191261676886645	3.588246314402624	-0.9717892600756116	2.4188826721528423	-0.24805691394363766	1.3965410380358243	0.8937672477809203	-1.044339760480403	-0.048281084425176604	-0.10810335730139245	-0.11184973061348608	-0.0979940920569807	-1.0473032025029152	1.5093626936636046	1.128377613612957	-1.8329468120878118	-0.42782784716184896	2.3547518202093274	-0.9269819899777165	-0.40143531297272544	0.3207591618469296	2.119093067705512	-0.24568502990024976	1.0654966085457613	0.6666556868835839	-0.13556094280250708	0.21837265323581045	0.09637868038953865	0.1146401399468518	0.8175214512338104	-0.6010493939696918	0.7039116391836366	0.28976765321843934	-0.9456194365691184	-0.06469649811583657	0.07744700555059959	-0.09749967882390315	0.9197552068154294	1.1639183763724685	-0.07852710266982194	0.3181206929593254	0.285480304837856	0.3988054712685567	-0.08008676367984789	0.04970170255832572	-0.08912331147158463	-0.3899320645166765	0.04599187152171622	-0.33942285675754763	0.29838403221422277	0.5115317652535507	-0.4357313933785901	-1.0397865764492695	-0.09306756803144338	-0.4858437951711359	0.05435581495747717	-0.5518966214225556	-0.5993627942433357	-0.6175985241573162	0.04457110095748882	0.3496577057137983	-0.06611280351161716	-0.9711984921333666	-0.2888648150344332	1.218131961568588	0.4695411619586215	0.03322861124241058	-0.229563146773278	0.794278152079831	-0.2036645442300519	0.38318977545740296	0.14331035896897865	0.25926692428276354	0.048880346801954334	1.9511567969036543	0.06885596590209314	0.6077650009651643	-0.045554968502153646	0.22280712740365344	0.20658200443081748	-0.22029264112731567	-0.14104354744378347	-0.2743940210158142	0.8039007166111288	-0.744947220969903	-0.6162790986749184	0.7027166594171959	1.1267811516636939	-0.17448982756663667	0.1782033453641472	-0.2563580951329957	-1.122763083598388	0.35541361999303356	0.10552543599312073	-0.11447062059743077	0.33718069118526167	-0.5654626522054956
DTXSID7022049	-3.960405271263771	0.8742799335610194	0.8194052708873245	1.3011799860649085	-2.1503183599332925	0.49067821830394504	-2.2791874289104306	-3.754905344139099	-0.20306380206765315	-0.2206245122802827	-3.75325835345545	-0.4072235205827413	4.2261031581505355	-0.46059521171572154	0.8661041066986586	-0.37889438489002836	-1.0604247531086497	0.3302653674173841	-0.6219414767337456	0.02524262909018731	-0.581912678545006	0.3202250145510706	-0.031033296701672153	-0.8254606302793788	2.022455517909112	-0.2735203657344089	-0.8857937027179524	-1.092480521303637	-0.5200839449108586	-0.05974616050404951	-1.9930779611066334	0.6359891820124767	0.3534036826178129	0.9050897400645056	1.7175583158695256	0.8926395874247539	-0.8913445260527172	0.6636587882983696	-0.053658478798074796	0.20794151765722102	-0.6238635861088568	-0.5081705565493708	0.2140597891275058	-0.25473268983783165	-0.06702798393685479	0.12364775653141429	0.338794122527551	-0.34772755902018454	-0.22539874100458118	0.024098399219351297	0.03521504593313452	-0.4350752076631069	0.5368106844650131	-0.5272817793535847	0.1823633070988364	0.4174174070430241	-0.8918692816705821	-0.3069920113929219	0.4820887169459732	-0.6271062013375375	0.5178172836337891	0.39087714300242865	-0.0029875622900976777	0.5821453796441161	0.5168384657748302	-0.42394868164533944	0.3225363612525961	1.2033207815942417	0.17341715484458733	0.003961819916846838	0.23067672463044578	-0.16621808487336098	-0.4893928247098472	1.0018170568870908	0.7418241435386034	-0.2102780798024665	0.05420397113732815	-0.6152482472211224	-0.1995353208157413	0.5019229208737481	0.4342052369243206	1.2232348541761044	-0.3927809033107537	-0.35221139314497985	0.2930419841726408	-0.340084964325286	-0.12541032546509345	-0.25842423380128665	0.4493197549991338	0.3767976628210368	-0.14571799919913614	0.5934058748558405	-0.3959455886144825	-0.09595061863798066	0.034018614080815766	-0.27280401838523255	0.282212082318356	0.1882809265095618	0.17333387958978158	-0.22779332064884025
DTXSID5047031	1.6226860079966936	7.603051421910731	2.0733554702113923	0.0010559313047944978	-2.6661240157344275	-1.5724209693605424	-1.3533172269986296	-0.7194663917125599	3.0731014412872883	-0.3961224619584758	2.485073151602396	-0.2737060576155527	-1.2835140442825808	-2.320333005018777	-0.3554692408515187	1.5416474817063055	-0.5843752291680828	0.2708207138301289	-0.8680108121258667	-0.19563891644502876	-0.3222336045430357	0.28992007190550056	-0.7048967173919487	-0.9591995416790721	0.7027097642759171	-0.31300391981235814	0.32174296266585645	-0.13249247381756837	0.05341541514529277	-0.6996454660597433	-0.1898218255063998	1.2407123858118092	0.28817885902708024	0.2270403486332851	-0.5981882565114628	-1.1422487086647912	-0.6176697494513922	-0.496078102837377	0.18506445043555564	-0.5179627389184318	0.5015733021838301	0.39945345758251455	-0.3834403589649376	0.2388832520720651	-1.0465514565226859	0.329201192748759	-0.29067880638647675	0.0985847548773695	-0.15714576625359658	0.3152718097482746	-0.14368898526277002	0.09769496234042672	-0.05910637690601673	0.10487878689047893	0.21894338097213908	-0.14927258297050652	0.5618078732121223	0.4004389998437878	-1.1081479427201997	-0.413880571519408	-0.2963137218360628	0.7394359742790407	-0.09693437578240709	0.37379441990095874	0.13049500370335296	-0.7226994808013889	-0.0993427216979451	0.624748900193177	0.19853553777350705	-0.9363563421298405	-0.6940842525482894	0.11626985985474049	0.6438305094504009	-0.43246812566801024	-1.4944916319994601	1.060581643536484	0.7423522732374881	0.4301045092287377	0.12938837945830878	1.0196977913462029	0.05857203402327585	-1.484995515090626	1.2646189510658297	0.6242741412316999	-0.009547915597971655	-0.3037955531983053	-1.1209200492822693	2.2186944128370465	0.46649995256045357	-0.3819487617414837	-0.6748913921657292	0.11364125032953236	0.9793284247062085	-0.26523836673800844	-0.7273338077067416	-0.9615976740727257	-0.15769531707470785	-0.3260132832945378	-0.6080951087846561	0.2701222142524927
DTXSID4020292	-7.5313481389514685	-3.48279856731743	-0.1583121362928129	-0.2596068988655197	0.1083126529310841	1.3300951142943571	-0.8099519170369771	0.864602487996757	-0.8085901760607044	-0.9563815700550035	-0.6985407851385644	-0.03884664151273544	-0.07531757355449617	0.3554280134183211	-0.4946545200427853	-0.26611844906899174	0.13719696861951722	-0.7810228588998552	-0.28114210094912834	-0.5603332363965189	-0.04695618083138537	-0.4741375859763694	2.1059043715755474	0.1016430494096953	-0.6808589622235891	0.4295074693030623	-0.07460103746206055	1.045386100528359	-0.2201973460899502	-0.43910181046152574	0.02912023455169025	0.7516356580810819	0.7244818264213023	-0.17755323707529172	0.21608460570484272	-0.551940735765425	1.8050030353018915	-1.194033775885907	0.4727992194946403	0.34821668997955474	-1.703273806857232	0.246133767931986	0.4576522744421253	1.923675814089924	2.1420376131456185	-0.09984095888148578	-1.6773613518079065	1.4137505824302772	1.0541128908946973	-0.9493280442736401	-0.14983320231806802	1.3862908199758373	-1.2581551527965047	0.01052442665896227	-0.10558576707226308	-0.42813030803400165	-1.8718799579757974	1.3417571398478705	0.07197645877547588	-0.7326552758486364	-0.36506717886539264	-0.4859898544631324	0.43647258190357524	-0.04108502219255955	0.940982748633761	0.299874398463177	-0.8472125800786904	0.7818021907142447	-0.22712839917196143	0.10209699356906643	-0.4369296554101614	0.6011461365374665	-0.5375708666159994	-0.5253032303989221	-0.3130469501073118	1.1254866193410233	-0.3066811782549124	0.34489310789062644	0.3603472049059485	-1.2841293890133056	0.015486763114985903	0.21786438891938728	-0.33122239488894856	0.6080553449950847	0.26263037949342855	-0.5506713285112502	-0.24481568242700635	-0.22105228466562288	-0.1545394748287804	0.21078214924787855	-0.6624848931110165	-0.2819350438929952	-0.33505923285295885	-0.22219545221554976	-0.12682320096359465	-0.14612706042567203	-0.270688396954904	-0.13290848868755628	-0.1362951427894983	1.5888517734391276e-05
DTXSID0025571	-4.168905974383517	0.7564469493536194	-1.6042344346321553	1.789301754883502	-3.0419472008204798	0.9402787064081563	-4.758395216543647	-4.760522189719591	-2.6143441151919316	-1.1995741719133004	-7.327952684105757	-0.6508439147895896	8.15401717555953	-0.27848166777551225	0.7481583065271953	-0.9390435763980538	-3.0618373931556535	-0.3756924328867298	-0.702411096146073	1.337484264327766	0.5240706533108157	1.6860188918955044	0.13449100046538895	-1.0640240569996033	1.3806074563155308	0.6106629010104219	0.2866056481699942	0.30168544377294304	-0.33344275690338865	-0.44966575648508617	-0.18171783665219401	0.1848805793139035	-0.2625513529220304	0.2361197547078937	-0.47624628338866615	-0.490100216276418	-1.8556497967144054	0.01260728027307819	-0.38048138444007973	0.018961255045122524	0.1436199162664334	0.3180867582202944	0.04419248925176518	0.3397447746827232	0.3018357847175112	-0.10487113867753066	0.2392765785878746	-0.3854066586189597	-0.3210980807787419	0.21136055906158913	-0.030860529845240747	-0.6193856014243956	0.45571546794741885	0.34902930456416603	-0.20597329255868949	0.05371594402260532	0.27304174610680165	0.14638617568705808	-0.3384859710752197	-0.2418815915522799	0.17661980874972902	0.036141057246439325	-0.15741971429284618	1.1747387539304903	0.19294745426557408	-0.9415347887087977	0.0604772359445591	-0.48268980678839263	0.11108119971319748	-0.5444184682102697	-0.4466812155897389	-0.4552510918408434	0.5731042411321563	-0.07826511103767295	-0.23138261405020855	0.3576590864176213	0.4150182733782803	-0.39965756438366196	-0.19909549469281299	-0.04087388077024317	0.19942693601092956	-0.43853689445567906	0.19567131719089587	-0.03142390527928457	0.33049814883135004	0.21491086302175746	-0.4305467003741842	-0.32919522397263395	-0.25139025014843397	-0.005015270009021103	-0.4483171854407712	-0.3118686458416144	-0.08763409833192191	0.19318730649165144	-0.4767055594631585	-0.4604204452609241	0.013242510849676247	-0.0717121633322445	0.327707204766999	0.15852640876368201
DTXSID1046398	-1.4631350817627544	-1.3810774385746922	-3.178885575837409	1.6310549572020174	4.6680346692379695	-0.9613852255244119	1.703547518507257	-0.6768902913508418	-0.44075844921010415	-1.0476837873929856	-0.5154115248203488	2.3418797258463986	0.05600633578627821	-0.6940873403242223	0.09990652340603703	-0.29235156534114537	1.679417074287905	-1.8178755631910055	-0.7604442681139225	0.59116092002747	-0.9867456413236971	-0.6667989684695103	2.64204367879193	0.05941204432952293	-0.931685793062496	-2.3664585910676097	0.03355311628557607	1.9756288065590495	1.8846749312549118	-1.7450788365805838	2.1060022274424086	1.9850566998411414	-3.8607620149169333	5.014566109366404	-2.1439765377124536	4.063050861909823	-0.1184238494596444	-2.737339996769	5.931064424114083	0.8819087111216708	2.2544304129352577	4.023409111255349	1.7781363158461418	-2.803819771415529	2.876223907639395	0.39975113198729534	-0.2851607975768703	-2.0213889540371888	-0.4202800145514309	-1.9552438428631216	-0.7327456015525352	-3.864494129107969	2.280783804514457	-2.261986176155615	0.3316502633154926	0.5988232856261593	1.7045563737428688	0.43535799734101943	-1.2331569176394424	0.8739148449382065	-0.4833931855545218	1.1744330904469098	-0.14705469138542762	-0.38881340236878503	2.816489541501076	-0.4209614031940141	1.2230375882710989	1.9101610443838795	0.22936217843662451	1.6233649817233733	0.24941746500329956	-0.7182894033602536	-0.0021698658659240052	-0.07131228273481033	-0.4297018101714722	1.1042007696651908	-1.3316575938892494	-1.1882491190617985	0.2322522562655065	-0.7452784677808327	1.926459733485275	-0.30347928701742516	0.7581349251545746	0.17085172234242355	-0.5528142935526658	0.06577257532036312	-0.42804286667996855	0.41542855173765747	-0.6891446429758024	-0.8155203914620242	0.49420225168396165	-0.36731597646776054	0.6827759166456713	-0.3109907106129954	0.5623719522265505	-0.5081740266640801	-0.21069758093511676	-0.30779842334030066	0.1584644517045223	-0.14696384312896615
DTXSID3046110	0.5840598269215246	3.791718728412024	-2.508038928337707	0.48515268593626415	-0.13307566441112062	-0.41327973563509446	0.11292391634679262	-1.0139316434673264	1.5125715413349246	2.6614428597538695	-0.010304235025135436	-1.6900641581357334	-1.757975651560664	0.8075893131948528	-0.9579505155233922	-1.4501568120724044	2.0689516813024764	0.7105741033836565	-1.6550745080654117	-0.05637487575155336	2.155220053652953	-0.17274010866290726	-1.073279068564236	0.3892548232578031	1.004868042841821	1.0458238126597474	1.0203183340941102	-0.5801426953262658	-0.4768769520397434	-0.09753694836072482	-1.4358029469406168	-0.15116842202626848	-0.7802948171341723	-0.8358663803415095	-0.4071386703088089	-0.7353501361026356	-0.20850801862403862	-0.21805777810497792	-0.03237318342655368	0.5295609104128892	1.1974875995110967	1.5083815520214225	0.41419002295542945	0.879102563245846	-0.385636317395611	-0.025569775085778682	-0.6456393079068319	0.031321683900395775	-0.30835128749379676	-0.12141906619690085	0.015977782893805824	-0.350969586206275	0.47761971609403997	0.28073817348820135	-0.8228526891033142	-0.9910088595144191	0.45918252101823553	-0.3719970156387636	-0.10582528660359264	-1.1862994540152962	-0.21967070892192153	-0.07563686237469518	-0.15648456328422852	0.8110274847350226	0.2575228692512453	-0.6190106977071598	-0.2251254142610561	0.22667790838273588	-0.07763552412826571	-0.2466750931622846	0.18565279071283955	-0.03250380034030165	0.23164801712490105	0.5574788464177367	0.37151972622529444	0.3701147725251834	0.26079744214040607	-0.3520568388217506	-0.23935654370384585	-0.5875667423443963	0.4125408627090973	-0.3105589867811889	-0.20989776921309877	0.33674152039837957	-0.3427912978181012	0.28930258627489486	-0.2846228609717231	-0.22801138392373127	-0.056434714369954904	-0.9201537091385228	-0.07598897884500837	0.08447927620823309	-0.009510133201077464	-0.3070483514692055	0.11187009458728268	-0.07682965622917837	-0.027108082671403983	-0.22327886499554206	0.10667355180592517	0.30318212930478283
DTXSID0045595	16.932625066196774	-0.9869561008941226	-10.75078942199569	0.5279709068390858	7.960621796113081	-4.793079080321165	1.1246616378189855	0.5601939190523099	-7.68700756070775	-4.705897080577384	-1.05882424276651	-4.502966979366214	3.4036334460518414	-3.32121876488735	7.403168053127622	-2.182013134148965	-2.437791421665282	-2.8255413238404765	1.2415540124983924	0.19696264508398736	-4.532493903590148	2.0134579155376153	2.9982060361562275	-4.811809011354862	0.9324937700633273	6.87618350030105	0.8264867555149804	-0.5176180261641196	-5.286961584923018	5.4492168276661275	1.72619042371681	-5.237847230006497	-0.29811323197800754	-0.12544762009228708	0.6805777189617616	-3.4075403009584035	-1.5860812587748911	-17.75187646560344	-1.1770476156222576	-0.5131628824488171	0.9079217960639234	6.735076300676756	-3.850590767545897	-0.277515386141394	-8.982783963475487	31.42688207008342	-2.6928232771764344	-22.78462544955998	4.767726617792839	5.100932780514445	-41.50666757567826	19.100693028201924	-5.758183663237573	-3.8918545140279113	-10.034380579851597	16.663305093146707	-1.705253169519947	0.685356527037633	21.429920801970066	-0.6752914562076711	5.096724576943153	-6.008418441740434	-1.8418286960727706	-2.3007014099349075	3.7612658448465566	-8.074203071078353	11.403189548987543	3.476213638427894	1.9092303583518682	-3.814769230901264	-2.5633553909982183	4.218685340324426	5.795598057824551	-1.2222992849712817	3.7020233346254483	1.906724157020564	0.5821937001700714	-1.4061187588539352	-3.5574261401201523	2.4309675883581554	-1.1705084889050665	-1.3802576510652869	1.5842140824456816	-0.031570174712263546	0.7651362014311901	0.6078617259935856	2.8291757966125277	-0.24234224341578836	-1.3281435761006801	0.14430070854335547	-2.7299976787685667	-0.28012885200614224	0.8850927364953397	-2.517535655333263	-1.6780621760196819	1.3733647113168581	-0.27989157420844085	-1.323245749430892	-0.4646627032069618	0.3505492959376775
DTXSID3044754	-2.600747938718395	-1.9038923374093086	2.5758592036053227	-1.6469053176583868	0.6368906035579808	-1.9932233428107424	-0.3718439448694348	-0.21076307898776317	-0.22372234943437647	-1.1427201801176021	-0.49311291618247044	0.489107412711692	0.018368039457140477	0.7770420528962224	-1.0533989304376061	-0.42159757699358447	0.4488403904916601	-0.6891932338736373	0.44124852535632364	-0.5166420512200135	0.1242478156306309	-0.06310685289484971	1.4428592119263162	0.05596955499763898	-0.15561022066565472	0.03500060471733788	-0.0282529126406943	0.0156428436101359	0.1051486615790206	-0.0503725390514682	0.2964492083410751	-0.1738381370141479	0.11351852463786932	-0.6143517830737146	-0.16921988557861342	-0.2630519746954298	0.3252274302288561	0.1944037627972665	0.09452486479468135	0.3659855029340066	-0.10893021604968481	0.18295843262561873	-0.27864105134348766	0.08237509744989414	-0.3959625989065788	-0.022104333224050365	0.1774791894514579	0.02921840338903517	0.015313620672959485	0.24045709577828497	0.04853966390871969	0.16276506163798427	0.07564860724950756	-0.014082388804656308	-0.05094567194163205	0.0016680366320315071	0.20505769135542404	-0.020683305475541744	-0.2420813557227133	-0.018386335504627777	0.28341281069341057	0.05816500494983756	0.2400159996754023	0.0510282421496487	-0.03714254422723424	-0.2855120480162021	0.37569565715977177	-0.589252037900062	-0.1606028560873763	0.48087219191230834	0.3339155164433307	0.33970704989170053	-0.11673918177647907	-0.0958904017338606	-1.0590064599476041	0.03673087026796101	-0.5394059970885017	0.17050244385172605	0.19744563725551825	-0.2676544830950719	0.22411580631492464	-0.10698280496354165	0.18892350094800006	-0.2664171025412026	-0.12557990081981885	-0.4459309744882602	0.019528859607289804	0.33807196946049706	-0.24452124310046452	0.38852423807087205	-0.21056662094178186	0.2923650916292337	0.26217485440354155	-0.10112137705213964	-0.3985211239238347	-0.18342558241725979	0.41667498393239	0.24119254601136705	0.16707474386446627	0.0903801194424948
DTXSID8022955	7.027569773947638	7.668241469171004	0.695636264893024	0.5365952887984806	-2.272624490561394	-0.4771992308813647	3.533052849284754	-0.3474397742108143	0.25485987482323597	0.01225326855770525	1.0304016912703065	-0.7726799749063612	-2.130149022154351	-2.4556039676137	1.140297255624891	-0.15108144276308388	-0.05502586105934472	-1.0782900993853424	-1.0078019191844103	-0.8771020707746434	-1.9676388749808391	-0.6332066791922866	3.470493335418591	-1.1792906162022627	-0.24091174811979724	1.7649439639260447	0.8723237070704211	3.974900333202452	-2.014230727028364	2.9627150442510772	0.27101404340010576	-2.318603396701	2.152049648594962	0.31518409757588034	-2.2767678598819714	1.231879392552518	0.40056481195157895	-0.23823942089916572	0.26793164125709684	-2.287738114980264	-2.6723401329069967	0.398128266780634	0.1514836747578885	-0.14904676281822468	0.7048913479593277	0.13941341044294692	-0.005227454135269042	-1.3183189968764382	0.033035012373086335	1.9526380077859975	0.6662452755005802	0.00501970128380095	1.1046233478340224	0.16409932576276595	1.6290764821550037	0.7280892242369932	2.2050328040493734	1.550278396382676	0.8335595875479392	1.6924489191417542	-2.4318921530614714	1.3471600003970632	2.4244872912713813	0.9877100552111968	-1.2627819332672185	-0.38962465363389054	-0.750546633439248	-0.2940265577200292	-0.7495549450822068	1.1716558109316095	-2.800323879513352	0.6504557348046062	-2.2682735198405113	1.2896391279441068	1.0842363042391618	-2.781070888904768	1.091725322972714	-0.23962519069393481	-1.5219811562857801	2.5297889596021474	0.033801764645380684	0.038421000465373896	2.6352770269655923	0.7342047207717182	-0.7764970834291495	-1.0587625474649014	-1.4887790596738815	-1.167784269353734	-0.09152692646311636	0.3244081896102806	-0.9623081354783066	1.536460272432725	0.7562923526714767	-0.7882628095510547	-1.6456516529904393	0.5094407695027307	0.8554095272905204	0.04281570144629335	0.3050135906092735	1.0136754909796328
DTXSID4047121	-3.7819275058576025	1.2264889521353541	-0.2921637572226234	2.8193270400971526	0.4587546953786504	0.34169305766728164	-0.4738799543581558	-1.0296259974071358	0.3061789975476181	-2.6607413794410326	0.6044766920150184	-0.43325085414411774	-0.6511581059568718	0.19365511171327215	-1.4705706808298262	0.16789083882958883	0.41328584372795046	-0.35108303887313175	-0.5432057992770161	0.1590926617642793	-0.25232532173079836	-0.8161341192180238	2.5655377862825444	0.19686891189303118	0.09206323466448667	-0.44082949889880907	-0.24881026279182478	1.840000394719106	0.33961030732840464	-0.5651827496085697	0.756546391979696	-0.20000830018183313	-2.0084251679016925	3.0085925803916997	-0.6070661422774799	1.6626768590276944	3.0409664121917457	-0.6149057118935489	3.8757283544062315	0.6124087176908669	-2.3194125291372774	2.1505047494406484	3.1459011923832487	0.911063071923769	4.6966538706724705	0.36681453734874064	-1.7714487072769438	1.3767254943217748	0.4996131680981717	-1.554954945255915	-0.2841616501251764	0.4048560450893542	-0.14284426220981097	0.24095401112388157	-0.2951815102145235	0.8865780624352289	-1.2098710853049612	-0.2225349452305997	0.6877068738616271	-1.0397957355050014	0.4986864265024151	-1.3289696277270024	-1.4473803023511618	-1.2222623229320781	-1.7950201528997067	-1.3174144550262827	-2.3568442696135636	-0.13756088413519985	0.00601884458892421	0.7052728357055019	-0.08606980859765977	1.2991648398812372	0.8677431580392599	-1.2947070934425637	0.2539888517831259	1.0751286395763402	0.3358466855477337	0.65745210769084	0.2612118792754714	0.08938869712708232	0.6811844217739307	-0.6075461141191523	0.16496891281248124	0.16044690827143698	-0.4936869395470232	-0.1627634917842931	0.2182067843039173	0.2416366211895059	0.5427137024676907	0.3695419651766928	-0.07509733689984212	0.6050718356062456	0.38628126202222446	0.13214694869607696	0.5621645658510477	0.5037548579335192	-0.11365471003669184	-0.20352412946090287	0.059541407654254995	0.05474072730616341
DTXSID3046112	0.2584539809643406	1.6671220438240704	-0.7017159554294344	3.958642430781404	4.396053463515406	0.4949186079891785	1.6328120946964464	-0.7401166281409497	-1.7607478463938835	-3.344567047779788	1.5217972947131466	-0.056749782852943256	-1.0020437910453714	0.005251337678305546	-3.2659610694683265	1.7722934107623158	-4.2339945844621445	-0.2866400808505525	-2.774594377700477	4.396329814825699	-2.1238790975546435	-0.09333700566087925	-0.9349037809079601	-1.6294179873679486	2.5535149778013744	-0.7254225042505906	0.35333165099060077	0.10429939999968793	1.3415877988964426	-0.45357260495435453	4.944469734385394	-0.5650375394259861	-0.07056717367619679	0.8725655205118652	2.20118580836808	-1.0092148352757024	0.4453943586483499	1.000085683467697	-1.7291848859034111	-0.18374100199055862	1.6842110167726836	-0.960468055798222	0.7690811278355147	-1.0041673843970944	-0.6621142439897136	0.7718249917145699	-0.8116016653174608	0.35613524092697746	0.574378319523839	0.45686084453411546	0.053495776403882006	-0.41876047041089187	-0.9947949963248744	-0.24008391354905373	-0.10652181497436033	-0.7850576382210768	1.4938526887295798	-0.2518112663891501	-0.08913338054669719	-1.275574459615177	-1.4856396133767045	-0.8440360269165588	0.2526262785008304	-1.6334696787260483	-0.34762741721402585	0.7081487605455483	0.04975384853449599	-0.08128009487519819	0.5399541953673945	-0.8051957957463411	-0.30939365091542725	-0.12150563689851075	-0.5499581824516929	-0.34267421673045156	0.5268822133765269	-0.7370909149680765	-0.6071016147994965	0.8041387492026542	-0.23612440122618567	-0.8420910375622249	-2.8445796185933943	0.9995397539162687	-0.725612415524564	1.4600701265632197	0.5114164899634976	-0.49398010413252963	-0.9292934973509761	-0.937042993263194	-0.4533820414742925	0.2271843683242485	-0.01740435082689158	0.21590266761127963	-0.1033363550552952	-0.05534835494669223	-1.7527390841079544	1.0426076405788989	0.18616025778001657	0.7497255409656489	0.7431349904504205	-0.2257623932519235
DTXSID1032648	1.741748387723511	2.2672303978574813	-1.1365015089626531	-4.191757185520901	-2.0053163811824377	3.9126709337814902	0.3755957020582813	5.1478940286842025	-3.6444788190080115	-0.19709785958311699	-1.1497260603983082	1.929212047298795	-1.2397257415400529	-1.7276056431991185	-2.0653765845644356	0.164794540875217	2.450161321100386	8.042318451123082	1.5623062250013093	4.734293501569027	-1.0735231170096637	2.736731762887037	3.6059628518347506	-0.013117043564581156	-1.5114850913206177	-1.100707002671246	-1.6605041576757318	0.5838734240897455	-0.887712788268096	-0.19653146450239295	0.1093302465964671	1.7532733989193265	0.8142154438799529	-1.0629791135454394	-0.8113174724023909	-1.133569054760045	-0.8506350292894204	0.3605657126748341	1.4979296977538687	0.872854078615375	-0.7317601736888529	0.6869475664124985	-0.16750914642780854	0.4877148048974597	-0.2311164337216089	0.25129516589381307	-0.15516114977559914	0.1566325655943865	0.034448474996716695	0.34899513069175164	0.4150841967863037	0.7511369910653236	-0.04404114422393607	0.34792637855907244	0.6132155038682409	-0.9334178533455169	1.018163645409327	-0.48129592676497646	-0.10759491108958749	-0.5660865923548031	1.5207501552355205	-0.16184027950259236	-1.427620724997384	-0.505401385527555	0.6756004390595706	0.15164052105210693	1.190176347578353	0.11088372585650323	1.2199175583334487	0.5489691715140105	-0.4290568374754658	0.49591373376888415	-0.004055681572406824	0.898081354145678	-0.1650652637441739	0.025931840136131014	0.8329679736184876	0.11894308392199929	-0.015346979669116308	0.7168537176476609	0.6549727717768877	0.45260897228143154	1.1108934317282355	-0.606847403682649	-0.6124365641059635	-0.17953796719534132	-0.21884821642184227	-1.1736322361219271	-0.15682318239968973	-0.22237828233807866	0.2238342831053525	-0.04502402111393523	-0.013966777808824191	-0.003407528965869635	-0.1021161069992131	-0.4644003594715827	-0.5940667104067698	-0.5376250158085393	-0.6195333545205093	-0.3408028970146497
DTXSID4047046	-2.9049910317205976	-2.6909365819795252	2.571890684378298	-1.1372215448633018	0.6584405990674778	-1.2154885598276588	-0.4493660336369354	-0.07021550878002818	-0.2548930249246729	-0.9239413905114672	-0.8074274702493317	0.29874357640847	-0.4605701084473057	1.1024730768409012	-0.03737485396206895	-0.2841297865732753	0.661193181973599	-0.3192730034669462	0.942248144587432	-0.9159422267032166	0.018138118336185442	-0.008344291837923332	0.9659686776146773	-0.2624988402683233	0.06613127877364453	0.4179871125189174	-0.38196168450712276	-0.13534399050048856	0.09734565771743772	-0.6904758223481126	-0.5742687012800358	0.2828218936489361	-0.32169663767791995	-0.1704234378509495	0.14165763615948437	0.012225878035320298	0.28788498126201945	0.6855271034443321	-0.3568383237701514	-0.10598277938567291	-0.13687843092858037	0.034628230665669744	-0.1616921125873333	-0.26791545124115884	-0.1599874334949592	-0.09514703810014105	-0.07932443124060108	-0.35448295170936933	0.04019749818342371	-0.03066123436996637	0.08802721888597932	-0.009333912804656622	0.1470046614738671	-0.30223021020401664	-0.22185328760800882	-0.05572685100021931	0.003954987074402743	0.08536901657973772	0.27932856874069045	0.1942003571612665	0.08784882542819715	0.16956188990292745	0.3910082728886507	-0.5097373758545777	-0.140904919948917	-0.15202208084702012	0.06400237211398824	-0.4033196589760702	0.6338072463224141	0.7508166586808671	0.27266462198158786	-0.08105013207724837	0.5677539018785136	-0.04651298356451255	-0.7816634957917535	-0.24445166481238484	-0.4098761730998109	0.005581790942366286	-0.2811122808056295	0.036227625988470895	-0.33224632596079384	-0.06345174749761665	-0.14560190896990222	0.028086750576882136	-0.130250800559542	0.22406537867914625	0.31909565538379714	-0.03901450636415716	-0.11874364092495043	-0.2635447328436071	-0.2160397342677915	0.00022253207598133473	0.1353644751335049	-0.2615019105388042	-0.4469830551461297	-0.3037972410449789	-0.015288295705819145	0.05960758508430788	-0.019101931371012147	-0.23447913302989898
DTXSID4027656	-1.4988208159467091	-2.366276279503138	2.5073777564934523	-2.1744249419577524	0.41993467382685645	-0.6973299014498168	0.1813987133754589	0.7398456795710389	-0.6294766577485174	-0.6507969460905281	-0.72459386384957	0.44210914092727566	-0.0870500379966716	1.25225699353893	-0.15008995442432602	-0.23830110493527465	0.4386705913947051	-0.6501255577417844	0.8937632421829077	-1.4481040602374864	0.04927904586479849	-0.007957766350339901	1.3084875758425774	-1.1510471766976937	0.19142011798022388	0.6576240582673037	-1.1349977505451307	1.2281185671334118	-0.300091424161641	-0.9785435652803653	0.4130144932772228	0.36665769045982455	0.027721451065026555	0.09742291254181076	0.26665902268240443	0.18070039882675082	0.3327737879988198	-0.2479665353782187	-0.04284921144395853	-2.031637668738318	0.6370504669870871	3.984527545231415	-0.2747911344593899	-1.1217690726020553	-2.3752202044640893	-3.4604964339331747	1.9359424973593975	0.9333757253412712	0.9109234068991878	1.4721056882266386	0.2627050549692645	1.551341653561061	-1.0422004222091725	0.8368776395187922	-0.439593622221749	1.5925910328604405	-0.6817502283952249	-0.5388182104330856	-0.18813882016648822	0.3687475749803436	0.23585578695005788	-0.32336187960650287	0.16388475798248542	-0.7266363163778394	0.7093751410879541	-0.468684942925038	-0.32361998975491046	0.19820790919875433	0.5342081988361181	0.4194488374366714	0.5992072627763444	-0.2523932978723286	0.6267802739683096	-0.053602987476131465	0.33610344331268793	-0.021029434177233866	0.34901324085909496	0.2733070262459953	-0.22048198019919008	0.2604103214449072	-0.2458748559624183	0.33646447122447315	-0.36108056197016103	0.30882559303876234	-0.17888038269765993	0.19600066157656904	0.04508459922704547	0.18664944420132465	0.06295404749835323	-0.19577237784820006	0.011563939760305338	0.08328202318100372	0.16432204564685624	0.181388202693753	-0.19597351694466328	0.14901427023690214	-0.08115631621807516	-0.025254262476926373	-0.024242006581828138	-0.15445053258115407
DTXSID9045217	-1.713524959222674	2.1577593839840086	-2.1211372012675245	-0.37255574974001116	0.20712621097599002	1.4555938214947493	3.810823603028341	-2.591379770851244	1.5461157504985463	-2.761174649274627	1.0354027321596317	-0.34364007715879136	0.3885150411761225	0.6275598689121781	-0.28071940312831656	-0.07542628972124747	-0.0781749296040641	0.1288681303823085	0.16696201303112515	0.4728647860982118	-1.080632286192353	-0.06795907060775473	-0.7139734964643162	0.9377479550505564	-0.7900789536012969	-0.05676319818029357	0.5901972652689705	0.42927540213575754	0.14943361470424454	0.3080296204567308	-0.23129477442089383	-0.006450687926128847	-0.5432032525315285	-0.5032109530140744	0.40776788841096406	0.13223044570042722	-0.7903929292624144	0.3050643609781808	0.8912810900147641	-0.4584333606489001	-1.0890257033680908	-0.021573166849273864	-0.3403382043144607	-0.003582890027125002	0.3204848429738236	-0.12991060664417217	0.8853570169633742	-0.025843406811581565	-0.5021662805807205	0.15802649791070672	-0.27214845921455305	0.2938527402772812	-0.5829422275809639	0.035381072619277074	-0.4270466970925455	0.19037920415503207	-0.6926726150980763	0.4913151104093074	-0.7572643665986112	1.022593747501041	-0.00020761114195154713	-0.07442357785194616	0.3354577056898195	0.22439827277672025	-0.07154686917519211	0.20306921968263103	0.22943808643129956	-1.6188771805880202	-0.5654180721939652	-0.6216287834309301	-0.761552745369348	-0.6184878409527297	0.20761104252124257	-1.4919553561310495	0.04948022000791883	-0.031202413829078172	0.4838932006650803	0.2622820394358361	0.3202041052274515	-0.3730306050967427	-0.9991629640363493	-0.5929255414273323	0.2981224839088879	0.7028909350917568	-0.4443509027903775	0.8194483772834544	-0.22237429552426086	-0.5137644932256218	-0.2601992578909922	-0.6849577424520861	1.372456412977146	-0.5661302926552347	0.4159023166205954	0.16689335922510998	-0.22971887151359371	-0.7982873509673942	-0.8450727575490914	-1.0971494133851851	-0.3860676169257315	-0.1745624497397159
DTXSID5027356	2.3568843446178813	-2.3253969815158007	-0.7716908352158777	-4.124455282002107	-2.553595708893215	-3.0567645995689516	-0.9354190830625684	2.2917534085156257	-1.6719078045232139	-0.8605221835826093	-1.5776324064192433	1.580567547487208	-2.1313094036443734	5.310391298748564	1.1950658349553906	0.7539366249399414	-1.457040253265552	1.5539758572410964	1.3153584172554889	-0.7077644697751244	0.9766710666916174	-0.8410857306238347	-4.476793859030006	0.4654442191164797	0.3042546591223488	-0.654884655680131	1.2889974845233316	1.1456209553863705	-0.12639484146671548	0.8739427147213764	1.865791146567477	0.4599952637773418	1.5349188450788995	1.9031067518952514	-0.5979414722882679	1.1235449526347143	-0.4118943366925782	-1.1625647362557552	1.3378938503830788	0.994266111178225	-1.6092504437929038	-0.25456019993962964	-0.011472619112870992	1.9223717451491888	-1.8923171597005874	-0.44402827478589757	0.10319669710596803	-1.167580414587361	-0.2797010808841434	-0.975708863847896	0.15084018788213532	-0.22397680175108586	-1.0088522774796354	0.002942331671449728	1.5923023399419864	-1.931440011125681	-0.8909689064686158	0.21703919656741485	0.5655772855464628	-1.7062530175754627	0.8683919818954192	1.529606084802437	-0.010435055479272365	-0.9597403567572131	-0.9022854715974458	-0.9689169479086844	1.2090618454115454	-0.639324420073439	1.5754842064683072	-0.5525911354272203	-2.3513171170668614	-0.22488588862716397	0.042513059544842836	-0.8804105915451259	2.564983590985559	0.0905548443940761	0.483957154049896	-1.3157635467829674	-0.5247449119768167	0.016232027099238048	0.32517052651281125	-0.31124365770860485	0.26164446166946276	0.6376394477338411	1.2312639720745375	-0.4671230832451881	-1.2918281813580466	1.6276732497457067	-0.4423524270918914	1.2750623768717515	-0.8054549903078039	0.4735729858014551	0.9051106014630714	0.36326950929707985	0.6463768530990462	0.18631294302083048	0.5672239481280001	0.13028399368491503	0.29304280104726194	0.20151973325853345
DTXSID5030030	0.16542306945988644	-2.467621631926151	-4.34590515522804	-8.91233104776266	2.181409165250038	8.263172341613929	0.44635384572692877	-3.9787116862158505	5.860219470533662	0.1562422696836434	1.7443219389873308	-0.9493464294843497	1.6872545835379587	3.58059025808217	-0.15692302593470228	1.4909411456022743	-0.9644896884874241	0.36007596268967307	1.5943880773947743	-0.5275672727320964	-0.8407883265898437	0.8357959213377885	0.38545730721443827	-0.558558231873084	0.9006003891405394	0.32069864165892237	-0.7173994711062984	-0.5021466095111429	0.35560916906541645	-0.43909972853132495	0.5563669659840109	-0.7942151848511236	-0.7955233684294454	0.1491071855887473	0.15049976361915599	0.04210786049161283	0.7109048272201259	0.14527849251265726	0.1911210625476534	0.46472295050814943	0.4913007362072669	0.2754230794222534	-0.24451834993348637	-0.2979741325685196	-0.20682614404839647	0.3038234035916546	-0.42261430525072113	0.016411042857559288	0.016510512617956448	0.1987722105840919	0.06026522188537232	0.07337313825757094	-0.48036887230158526	0.06407967497972578	0.08800712623300103	0.11026461309219796	0.33580840733791695	0.3169464658429388	-0.43328795265026077	0.1635551164757473	-0.07910203443521709	0.5709193340442523	0.05533197888231109	-0.3697134711345803	-0.21171842977610394	0.04237229527526308	0.21957175547728056	-0.5946649556634633	0.03246760260624099	-0.544788227677235	-0.33767809013787375	0.03350372560414683	-0.41005905486893507	0.1546719154900613	-0.11163280288199719	-0.19383676422827278	0.03816521865790279	0.30147913055224757	0.6956076590083158	0.2957782787999373	0.2978758240538742	-0.029870620337603192	0.4877671280853028	0.36207622309469306	0.2521369782583989	0.5022603312329716	-0.484221226553126	0.7445915028595306	0.5762463411307825	0.4747424158738649	1.5752357830787789	-1.0257118711094475	0.6641089761118287	0.5260901266073684	0.27963425665119135	-0.6966532627748245	0.2731818769708176	0.39992803865410514	-0.039901383474596264	-0.15186158478769124
DTXSID8023551	10.384405105355505	-0.07313005364530903	1.1460883245502937	1.5137559486972605	4.193338501571084	-2.6957410791139003	-0.660549690658686	1.5447688729508853	0.03596741247650411	-1.6211250577810787	1.5798384359230737	-1.109521827655182	0.8144144138518247	0.39021751302016927	2.991350900120084	-1.3180655418447007	0.332167801409072	-0.24224982101716663	0.5517458949188371	1.478210266792629	1.55387557124483	-0.20191634069142406	1.5065050952292947	0.6758052200064637	-0.10095779125403596	0.41469910489655337	-1.3287304334895471	-0.9883174032804475	-1.4296270504514463	-0.503283081660504	-1.7144612199071516	-0.17400779374613412	-1.18187529383922	0.1718014904996723	1.4790979309915009	0.12822210515147084	1.1702163822951799	-0.036272535907209934	0.11073952414516758	0.11887820025259697	-0.2907003976299738	0.5623483587475914	-1.2123746579490908	0.6844342131001022	-0.18120173135163226	-0.15411239284948236	0.5244503413292084	-1.1101969964133391	0.02123924194822954	0.39806260308474745	0.12103903387244559	0.1800053732908701	0.08162400254370683	-0.7682168687372671	-0.11189432454523227	-0.6632834707500046	-0.8446780563300614	-0.459189847019998	-0.33930853006323575	0.1152577248097475	0.043934333855354064	0.8143525484090174	-0.17341965021035763	0.24681341503325166	0.055156671506834204	-0.8562625592511958	-0.5595788582051731	0.19732926622274638	0.19808077941142824	-0.9301280595002975	0.5795538024984673	0.02826660947274928	-0.7474588375099739	1.021492147554556	-0.7309492590833674	-0.7120222138709195	-0.9910599183277168	0.19136191918100465	2.5481812014595295	-0.512919052499152	-0.19665929908505841	0.48169694656993545	0.08993764449760146	0.24623529451669343	-0.9518361735321088	3.690366284454113	-0.7265995048376505	1.374467424633888	-0.19271646353083585	0.5508729559395388	-1.0754621760063117	0.7343275098343386	-0.432332902505301	-1.2157836909212736	0.32899986469981524	0.7388098889235741	1.2590331223649014	0.26985810599313714	-0.08777986536456688	0.07749180586969809
DTXSID7025134	-3.75384521870903	0.5139078024690583	-0.32031989073895173	1.2041051970154724	1.382380648968634	0.4793906316178195	-0.9927022111731705	-2.1605737988058404	0.4536698303045876	0.23609780516926465	0.3305158986127788	4.675335203332567	-0.625987303392456	-1.1389274537467182	0.5605450509215699	-0.04215723053748106	-0.21902323505778662	0.6912242728002174	0.19527125437388662	-0.3383633435737964	-0.553461853374016	-0.1284331194630996	0.0246589132725118	0.22927625753266778	0.7888133251953172	-0.8205248199877662	-0.10233186848164277	-0.8731964373023805	0.10651860302848673	0.43476779998232185	-1.0686398396620405	-0.3145388630047984	0.34087296879536677	0.340187780021067	0.9062176220600406	1.44896474615346	-0.07996374543899029	0.2859350499406727	-0.15294940938078866	0.24209334133916482	-0.5350787317989846	-0.5448953544242623	-0.23983135613232892	-0.18225857388155098	-0.08062987563095662	-0.055052310190551894	0.6408579594118055	-0.3327721002295406	-0.05500595362971278	0.12224121820401417	-0.09987498825521997	-0.2527109783852022	0.17301325981538807	-0.5311702841018332	-0.3886883181245162	0.8120556554571755	-0.9989056320744947	-0.06466244015947485	-0.1314771308052023	-0.15380902119009304	-0.26273831170855994	-0.2697499945913108	1.203268908314933	-0.039441320196223956	-0.0945932028598555	-0.23976156222514497	-0.2300303000702782	0.9136038964208972	-0.5767423478050092	0.12633389351078345	-0.04275128541969647	1.0204481776437122	-0.3467558547536	-0.5378907892748426	0.5636554943051172	-1.47789285557845	0.20115348098162622	-1.0575714331270616	0.9823227173957233	0.46992693924314793	-0.15970415775829044	0.9048690415472896	-0.675178629801121	-1.316090378488447	-0.08832260695095413	-1.1040008054368862	-0.90511055126662	0.9077339417946304	-0.21844184361445929	-1.0859380150215374	-0.02224023868818834	0.14689129353888136	0.4148192129303707	-0.5477741578673485	-0.09698260302247992	0.3313085453605133	-0.054918454438673936	-0.08606269996404776	-0.06130340490165016	-0.00564705521154583
DTXSID4047337	15.71893650935301	11.267620102167827	-3.7766986390452923	3.1796938351303528	1.4961063995535213	-4.407738832501247	1.309469116391524	0.6120804029156602	-1.4414873212861956	-3.5828315012414245	1.30178314696875	-0.8899525727724972	-1.2852756513025216	0.519440071108291	4.912582082902204	0.7451342248477264	-1.8382085981366851	0.23131709731341524	0.8651608978815792	0.11736905225968218	-3.1148759393031566	-0.11361228378806752	-0.38178301358033806	-0.6259995637019085	0.55204668115887	1.5564555640905688	1.2681766232055585	-1.673656925552099	0.6292922504677027	-1.2879334330060002	1.2563642590443274	-0.17310497688162035	-0.32330782990302387	-5.0930905597589335	1.2638285606657575	-0.23971839744953652	1.453391205174621	0.850504434836945	5.341822552478257	-0.11994614105060747	-1.103082652274392	-2.9542055508629814	0.9625008865584107	-0.22748668360868707	-0.2518727568173548	-1.4277622902088425	-1.8122929458969514	1.8135067479424043	-0.666259996894209	0.020050724908699236	0.18705743232714808	-0.1455050074297892	-0.6523639238119429	0.8151565338683379	-1.0246474226867723	3.4409601016249063	-1.310077098312054	3.019564451303274	1.0187563460611115	0.18783611372624318	5.413240635820877	1.8263412906289647	3.06239023835976	-1.076013623340951	-1.6196986187144287	0.2036462163099467	0.9799025815096106	-0.1976787276699646	-3.096190398472894	1.5045755197331887	1.1645630763065413	-5.7180565674530905	1.0605351384217292	-0.01662992173610643	2.7193318040431946	0.4435735620767345	-1.6701971148466805	0.6984072767770659	0.09629040820928875	-1.2702410459003755	1.0352091014738516	1.238988383319745	-0.5628654009120015	-1.0573803076886048	0.48176174902625585	-0.2725229204659331	0.7872021074363924	-2.3576294775653226	-2.9298072802736574	0.6741967339070098	0.31572017140061714	1.5833693688152748	1.5954516036135056	-1.427360912680726	-1.4861217084823355	1.131253059560049	1.401281337465239	0.5904981492371425	-0.7057292466612044	-0.018373312704746993
DTXSID8022666	-4.543734643852588	-3.90134930743817	-1.0567416066479758	-1.2206661219155799	0.27623273811447807	-1.568328400448184	-1.7187264897347867	0.5401555585574269	-0.9946763835946777	-1.1915861712377347	2.1898940840372627	-0.5960523630083449	0.16057143112916653	1.2563682697342844	4.211410488936836	0.0644168184780597	-1.8619217038843165	0.18672631494496653	-0.48675078763822105	1.5976672864737276	1.2970195655041838	-0.6268198662686321	-0.6786864834774927	0.8959826994304428	-2.6656906194779175	0.0008973485399587962	-0.13487193576144152	1.1774874520641887	-1.5410603793782012	-0.7882037844574545	-0.34875942504711505	1.1920519722988778	1.4301056528737934	1.9511707750689	-0.02414615318516357	-1.3711474568425988	-1.1111099334508774	-0.25564006258244626	-0.8233980263739935	2.0416065944969106	-1.0843033716830177	0.15679257662362991	0.34550177965160067	-1.191192105045663	0.22620824329802566	-0.0288521908728714	-0.03368008809133494	-0.17863878399739472	0.33732076145620343	-0.1374835409467901	-0.3323842649576212	-0.5459258199218233	0.38268251073066034	-0.6752563164788224	-0.8017357143590395	1.44023571701511	0.15859102471747855	0.3975473444384597	-1.2464858607459908	-0.5568909585767192	0.1557286502146675	-2.642881129507925	1.5187163420471987	-0.051151616718730475	0.6379491033539793	0.1588186806699105	-1.683346986822044	-1.6734618805797874	-0.5226540048956397	0.193974189367999	0.2841559212748639	0.19640012506942983	-0.9480272020765791	1.029711742141826	0.3249495965660667	-0.7690640310346449	0.25186551236985927	-0.8803121873174358	-1.5417700892591457	-1.2868230819154265	-0.6727909721866118	-0.049851208788349054	-0.5810822792658757	-0.9480633927913137	0.5855331368642657	-1.3410003415064848	1.2143909453614294	-0.0683808958206185	0.2990731126492146	-0.266354706004874	0.5280330324427704	0.0051322029897247325	-0.7112691206866123	0.16511530079094336	-0.11365478412527044	0.05993271179944836	0.32051205067380417	0.3505088361577832	-0.21696120685463088	-0.25107511303277186
DTXSID1026112	-0.4788143299053506	2.9157770406050516	-0.21250695220459068	2.5973043992293303	-0.9554375640641972	0.16717537244411101	2.716018106548089	-0.337627344785228	-0.24215248989351326	2.3007360184771	1.0057436130214228	-1.1673929199186575	-0.8174843490201887	0.5145728076348289	-0.544690751646668	-1.9581596730214763	-1.2343426592064168	-0.40494547891343885	0.17816430425399268	0.7775152358518148	-1.8344208657362306	0.2124288183636442	1.1984624040942833	-0.47894464025889344	1.0836443196681818	-0.22419991574870612	-0.61507371595732	0.8138395494039645	0.2233369286724626	-0.27248787702030164	0.1598183620834442	-1.0853787669869783	-0.1480564825626602	-0.14582133224763572	0.7989617943815742	-0.06831729516915919	0.07709991211234375	1.022365028117511	-0.2398571712012835	0.7274226875356941	0.03385780934930241	-0.4625350303447559	1.1118743377921578	1.0170054157479214	-0.10160941191529846	-0.4045317488173819	0.5734204660387648	-0.6876875695117919	0.8174675005364169	0.16244219887513245	0.4590893395645732	-0.1137730492779382	0.4677691323334657	-0.5912580092974073	-0.7156411185442091	-0.6248979968346207	0.1556056820769529	-0.6925038332419089	0.942133667052252	-0.9271197664158518	-0.13491815630888931	-0.31213184055227117	0.3017374002340702	-1.0772395243150072	0.32773934390099185	0.4610068101832279	0.56042965468905	0.15828433346356338	0.745682637080202	0.3222029244490298	-0.32766783790481535	0.4161332916176957	-0.6569524562056415	-1.1454813853625911	0.007627922474243565	-0.6135675148980173	0.05758052130299115	0.1767138541908209	0.8833335523102904	-0.8277567735009769	-1.129038579644116	0.13587519352530633	-0.21685874866087163	0.6365599805781877	-0.6688093934183683	-0.18485136974670874	0.04632504930759754	0.1094202447770284	1.0071093687211279	-0.5869503622508818	1.217726279500334	0.017498457267512327	-0.6742156373776927	0.2995739747302772	0.1293536272254033	0.3079412246609043	0.30150227359374754	-0.38324868778464527	-0.056529311956421135	0.5422929874570012
DTXSID2041256	-4.692878373764401	-3.877564560821927	0.15422735647493602	-1.1748268693080253	-1.9544286407317961	-1.0456225896311615	-1.1351251243784841	-0.3266160360017997	0.4177252830161356	1.1851226180732997	0.32468412313098205	-0.14103917934327323	0.45345375393427517	-0.5583204412064703	-0.4468382332981556	1.1032131787588602	-1.1179449983840473	0.5872851149307441	-0.5658684607009773	-0.15022674543294828	-0.2881148843112497	0.10544920047347997	-1.2326451744445603	-0.6040246021885484	-0.11200233356068044	0.1286683662845186	-0.044660089683343104	0.3917710117083301	0.566093645802634	-0.5132784001300424	0.4379704468686513	-0.32119381371807654	-0.46617245684511893	-0.7668087217872435	0.4973308434420466	0.37328111317123336	-0.011226792550360524	0.3366820348514066	0.5116218781045939	0.14583900400057861	0.28132454011382035	-0.20916928557859746	0.2692620250984263	0.3286020514837744	0.3569376365495208	0.41189037582644783	0.02584322027216319	0.21418647566965826	0.2716721361447116	0.14076841247702812	0.029124299168091804	0.04160042871385751	0.11455183749822648	0.01801597784450894	0.12163035381178142	-0.5739292383984879	-0.052928919033306404	-0.28372580256749297	0.19472457318484312	0.4300557842751437	-0.5103643190597761	-0.30381313434809964	-0.17153103189918845	0.3407861226765122	-0.4553913024604224	0.2419315264048709	0.78494502388106	0.32206827486286915	-0.4746567445797032	-0.32066411514488485	0.6872013896805592	0.06110063662097232	-0.16491348157882943	-0.018114441300751162	0.21715390737606272	0.025657713745463714	0.20111472332212502	-0.6116094807168253	0.13153830687898396	0.5496003140138086	-0.4676641927693606	0.030509308214256178	0.37864221876238896	-0.4837842480553104	-0.3665268128008767	0.22851767084950297	0.9949992287255349	0.14651997887438484	-0.15565206259459027	-0.31570410977859154	0.32188658952441407	0.03162005387923067	0.09116258095819942	0.04869195520572118	-0.1659167163409735	0.023685076073484322	-0.12932775650809344	-0.26068363274442674	0.027561995804761104	0.5041691753379939
DTXSID9020580	-2.1734771507843305	0.38548213195819864	-2.536774093622818	2.192666420828117	2.9844906517774876	-1.624119482626055	-1.6115922030907164	2.3600260433614144	3.001852917699699	2.2661182678793996	-2.911594787987975	-1.6875043349162724	1.4913619762121513	1.184817068856549	-0.19579330481819707	-1.5463508484943917	1.1543663287543027	0.5746889535285361	1.053199013039553	-0.8222774543433582	-1.181862476312879	-1.4297651189745568	0.07901513006566582	2.093307886556674	-2.4113885835467017	-0.931621920832117	-0.19813719083693912	-0.28098654979241944	-0.10089140758955079	0.25490586165230616	0.7628954416644865	-0.594093173344871	-1.6631521047651523	2.6266810009110975	-0.1772503944730925	-0.9361995644256443	-2.2928721649481663	-0.7481908724131573	1.351096090487464	-1.5435969832830465	1.3252990483014297	-2.3151073250122853	-1.5710511218746568	0.18524380195517387	-1.1511333020435932	0.09479106721260462	0.018664096465429224	2.2276759296245277	0.43624977468356874	1.3707473334399884	0.34801061309361503	1.6576088699010938	0.7573450897382276	0.6585285047962147	2.0171989714976153	-0.08995523667279468	-0.14741632802268365	0.13552739110461187	1.739103353330389	-0.39233178043692185	-0.5331297071776883	-0.5117581002138517	0.7160543567672983	-0.09450712729493786	-1.722267510023253	-0.07639581210173557	-0.321256436142871	-0.49223393308599594	-1.1406095348170384	0.779431671172504	-0.1116528826568442	0.013780598534150866	-0.2500001757447594	0.004479772553261825	-0.18381630372197888	1.5610133371973476	0.7010265676440076	-0.3131411428153584	-0.1998062000819174	-0.9099692830375246	0.16084301561456443	0.6172255526256986	-0.8321630811332064	-0.4330532927569358	1.5976695053999774	0.45163731445619226	-0.03781690734356225	0.051652898085552804	0.12437968751128493	0.13341815518690398	0.5043612201058649	-1.546598368946332	-0.2829705115986033	-0.5453449866961705	-0.9342386196818814	0.3366386730794735	0.2679640968549312	0.3472371289348127	-0.17902767831517633	0.4695739433279559
DTXSID4023701	5.435551705601035	0.775665550013293	4.553265684100366	-1.606558155994019	-2.35478861228478	-1.7466179761233056	0.9919455642382324	-0.8041028161562375	1.2539748354378415	1.262483550689378	0.160502786900057	-0.009038066826240837	-0.5362832268040828	-0.6708610752558353	3.11966909322591	0.09171802210019521	-0.9055062648076018	0.4576585409081568	0.12900313006719505	0.25709183304852135	1.3330801628807059	-0.9634050542074087	-0.20703316748092998	1.052395943489782	-2.1066428510586044	-0.02213895375149374	-0.01784276201416724	0.5014981795340171	-0.6821085921097927	-1.2038497469647909	-0.3281721273915337	0.8209286106448759	0.2791171947182683	1.0273688290750893	-0.37336901492274327	0.18113276804565154	-0.6304572027383079	0.8384421499321417	-0.8149179384425259	-0.3733368127360262	-0.16381815484823084	-0.0703698075198496	0.7711452106406631	-0.6558012168804328	-0.14865431611734037	-0.1290325781079317	-0.8447894838974768	-0.1144111290332106	0.17137816028205355	0.1536635727396724	-0.14247982900258935	0.08722209604854225	0.48369142906903434	-0.6078449307677916	-1.1791407206406974	0.6517293936958235	0.4650453195021811	-0.1018948216014432	-0.3152344351124718	0.0012113764727740587	-0.23499222293909253	-0.9091390371574981	1.1500426359168943	-1.2205578693211392	0.06532707205477678	-0.4554214014367944	-0.5685192540704972	0.21771487798372996	0.40431377751378633	0.15670782567743907	-1.6441767244061463	-1.7116914270935815	0.6547215209487124	1.9348618953355519	-0.5066287849104139	0.876464979507438	1.1137557141989036	0.42401624396489057	-0.9814632846453245	-0.5570257563676787	-2.4113748121673186	-0.5663015236391522	0.2830319404672889	-0.399328208297564	-0.08463905121197036	-1.1903255804444195	1.499015145125266	1.6858785896538737	0.415370771004367	-0.8643590111084587	0.08162439715448505	-0.18527060454637997	0.6684832056918981	0.6204726393333163	0.2159065785031944	-0.15269698284645572	-0.30083641436509323	-0.8250176142575614	-0.028515504504246537	0.7689223387092898
DTXSID7029160	6.502517020784626	-1.6618631688801462	5.068902689965767	-6.3507736191450626	-1.2617808590607784	-6.013944073398412	-0.0841423489109349	-0.17660108912361408	-0.010877576705247196	0.5409169919564828	0.6706864725137168	1.4847430940146722	2.3487916306266516	-1.5270355706046925	-4.330647637080126	-0.9843235845761821	0.07534352646637257	-1.5205981660089893	0.17213321269511922	0.035700094263598756	-0.5082079288821835	0.5598370870145578	0.8788816962434416	0.15431989427335396	-2.229357350301986	1.087964071770014	1.2794811915727733	0.40912368088416945	0.6813272374696001	0.30046345032147986	0.9493874283183891	-1.3826610182935983	-0.7924552354433579	-1.0253304513889017	0.812904473869782	0.15735944413639752	-0.5928539048981714	1.0220138266391894	0.06459808259500269	0.24104696324533686	0.38683492252384544	0.7648702600458152	0.08455059306648974	0.40316666774548426	0.19782914668229207	-0.07039185740864141	0.7200601383683278	-0.5175181150832237	-0.06498242404110495	-0.5112733622933096	0.1947693545184256	0.16970558487459503	0.005827218425737949	0.09816456772936859	-0.6603879767201534	-0.1955782398215512	-0.020986492075948472	0.14593914333809468	-0.07363636628016726	-0.3028254903516296	0.31371193822769333	-0.5023619928203414	-0.6704666969000075	-0.5273315992186739	0.3538794738211821	0.621436487061372	-0.29604714453762415	0.8282232788602581	0.13689055408951847	-0.08882523703517237	0.41434608349090396	0.12815634195666903	0.5577350728203306	-0.16842075533493492	-0.4554764392985489	-0.17176580634003838	-0.6510350240721037	-0.06011885709861822	0.04223150004740156	0.5039201873014755	0.2115881916314682	0.992991878303294	0.3602090292175645	-0.3041293998708543	0.035057464716388737	-0.15114359826987683	0.48098391536642543	-0.6143233800158324	0.014190907529400314	0.07458250586092983	0.5471159600018682	0.08088756114330406	0.09815734759347544	0.007801337927465203	-0.2905797728440107	-0.16356897371941675	0.45228165003598386	0.5422946957301737	0.2630275908219848	-0.04126896717417635
DTXSID9047964	-2.219128600137562	-0.09444907516153057	-1.7013356292293917	1.4541292482732677	0.11663932564088438	-1.3530463924368223	5.658834288710399	-2.7760759219120805	-2.2334091410030434	-1.2490911773637698	-0.38800962932077904	2.515168517065019	2.1566060795189235	0.4478628544686671	1.9034368684446048	5.956094925601883	6.715683844356603	-4.695668661121902	0.22902958952615443	4.002790543660083	-3.8763466958511805	-2.3701857255574628	-3.1930516930214083	-0.3600437428343155	-0.3373793208217612	0.7418457238011761	-1.8556359030163552	-1.7022557905783895	-2.608296824828769	1.3880029878855333	-0.7831720453191228	2.3830929810524086	1.173649982823087	-0.23873548431204705	1.972155463097696	-1.775514080235741	-1.8814497579226952	1.698598248599778	0.8715177437163836	0.24829690676960164	0.15463965599792054	-0.9025593492359585	-1.4921628693829854	0.43435447827068613	1.2468097879296949	-2.2154944832053576	-0.11790575568686987	0.16057749871091112	-0.17381909203410678	-0.6207047018703403	0.18631674164327916	-0.5709058042379976	-1.0884119070538638	0.025069349674258626	-1.244760874931135	0.9480265419635632	-0.4499007378348907	0.966154958330534	2.2650019813309674	0.5957251211801166	0.6945144288158864	-0.8063054187422347	-2.4409924486365058	1.6996067333311213	-0.03498066168303763	-1.3150145663617296	0.3275134926792861	0.8453250720363406	-0.7332941537769989	0.6833223447485075	-1.8608550883622106	-0.8171620554712895	-1.5719397599688243	-1.8570573783594801	-0.6259139934561359	-0.1358611254419373	0.0989930669910867	-1.2006451514039815	-0.3062444864004852	0.01855456222358598	-0.5847036890091795	-0.4708305487779203	1.4226248684294134	0.7618712103400683	-0.7662067330292635	-0.388185294445629	-0.04394683863890227	-0.5999350038762196	-0.40552130499669836	-0.029497094636881136	0.8206935354635512	0.27289879837575315	0.17951383210493344	-0.2032362900000886	-0.004787629880702639	0.6619707456332478	-0.1361164418582477	-0.18955617661656105	0.2652130515532562	0.31003832489201527
DTXSID1044853	-1.1492732578052887	-1.3486117871615495	-4.93173398455765	-4.642658064905071	-0.04415612942518981	2.2274268992007697	1.9489650485539096	0.32035278589945587	-5.113245181796889	1.2357705079634513	-2.3089683275468302	-4.152326015615137	-5.351103213743045	-5.622513160588053	2.5338038680264754	2.3931940618991687	-3.294679688720969	-3.668605266167229	1.997041610538762	0.4507920081361576	-3.9601797452951617	0.022246757457108367	0.5279801016250054	-1.620265852692498	-1.3864381740419822	-0.7162244761627795	1.4277586613297948	0.22253446981146016	1.6500948664001218	0.3581620181142076	-0.5456644761785087	-1.825498156280662	2.190761038468205	-0.4252501180724478	2.325307299840369	2.0091043605853365	-0.7632106047264932	-1.0736523992919333	-1.227392220416178	-0.3692818362364845	0.9949723585731365	-0.22740758089591795	-0.2411597870260197	-0.1637014830965597	-0.011596644786144531	0.6164496364019363	-0.7435778063641568	-0.10582266008608679	0.43515223534770864	-0.05249176541260551	-0.03858970790830634	-0.18576710761120233	0.804188828882653	0.7846026664094699	0.317051563559643	1.0455941231468098	-0.2441138953892152	1.5019582214590865	-0.0808394363326844	0.9545970425118836	-2.284546637786885	0.21775223272411973	-0.14049861765085203	1.2649123262156066	-0.10268427122384706	-1.0157542096666918	-1.6201707510448267	0.768077498780588	1.2421619247485864	-0.4367666975192532	0.6694629165924151	-1.7663819490466541	0.22277517899581933	-1.0188989466742633	-0.6224886596700581	1.6039887348527515	2.503490395133601	1.2585807735861716	1.863686462427708	-0.6407736300270124	1.3304419666725054	0.2308438279472838	-2.0313457624941353	-0.3720932763822801	-0.2694994388396621	-0.25415300066129454	0.6883542889946065	0.7510202162513961	-0.0933680607784627	0.5627791942526791	-0.3281788925551467	1.9872288951981447	-0.2784522632429171	-1.5531737195391766	-0.6634467123185981	-1.3953399352381954	0.4222736013038775	-0.927665821637332	-0.0669559328059161	0.5038486910032564
DTXSID4020400	-0.11310645096753887	4.002644316472277	-3.657878817040982	2.8537476162243425	1.0686326242914794	-1.6043360100905644	-1.7172349800594713	0.990687720000899	1.5949913086320409	6.362517359448156	0.3519358231515597	-1.041632100750285	-0.9612924134694552	3.5250065682341822	-2.035958099649717	-1.8158540943849721	-1.032995600165671	-0.03820242132300866	0.8078268500116979	0.762056090925183	0.45989080593548487	0.3764360168504603	0.062184344266470765	-0.30387274519668656	0.35932213200978974	-0.456675885926632	-0.4255528223598539	-0.9278195431825226	-0.288953383833634	0.7547393248395924	1.623899932555691	0.3338018394992657	0.8144819143231228	-0.6017907153141557	-0.844623480131541	0.8284315886644391	-0.6105748645497961	0.09172805770117416	-0.6663523529645318	0.4374156449039882	0.5400128522487785	-0.19811618677687132	0.23148411347897044	0.5550438987788029	0.44711447688363526	0.4347358843238057	0.7850289090524218	0.6214549101377397	-0.25771880023752564	-0.10433932368479254	-0.6027390998881649	-0.1703803910733432	-0.23685181896232727	0.036994903359022356	-0.23730656049691226	0.1290531213403271	-0.846323613913223	-0.14152441340870012	-1.6989873454998088	-0.42405855024426764	-0.05445447961755817	-0.7744346282809358	0.39816740026919584	0.9225860491704678	-0.034312780479560594	-1.694405872399065	-0.590811442667243	0.7509542496030316	-0.8918604953888214	-0.35337549167126076	-0.11767000669537421	-0.32370727926927617	-0.2026341164545383	-0.4152193430928179	0.784734525794215	-0.20978914060516457	-0.1772504988849384	0.06555591930494105	-0.19965465829057297	-0.08693717090664219	-0.18294560382355804	-1.080613765321298	0.26757368981116186	-0.7075921682001285	0.1387378165750902	0.5747559174512771	1.027334244699863	0.24745285418468269	-0.8017481148603712	0.22571312556563292	0.37958538030707156	-0.5670670842989474	0.103636143992893	-0.019544628212752862	-0.38809895824583324	0.6978953282759526	0.48383500691665693	0.3001790202076304	0.3511887077584574	0.1572154689286496
DTXSID0051732	-3.6201962515899413	0.7230662065870206	0.8474944439170324	2.054660714506617	-1.8838903011292438	0.7625059757974684	-1.882120300681216	-3.4574670397423084	-0.6549679547641291	-0.7775890719985702	-3.7621168348753145	-0.8208569156594641	3.9607667382030143	-0.36878050592525097	0.5876797944039605	-1.333220055059223	-0.7548321807975106	-0.04928350506677425	-0.45295537848289064	0.29356189995044096	0.18025362676601667	0.560988501207918	0.49795058529717995	-0.24032450810446973	1.0516905215755672	0.14415279118222316	0.05323125089595228	0.03370699688108372	-0.4373617580788473	0.08136300244478463	-0.6322236734049582	0.340519606600381	0.11858483418761276	0.2544890210479407	0.6098888727826333	-0.03727677638445952	-1.2185590651343716	0.5438244375344008	0.4384927891384039	0.3837085459249492	-0.4572926901940396	0.22855116359316033	0.12035646491027707	0.5242376678119965	-0.1588451633136098	0.11919282400215321	0.8565275899003675	-0.5747548188442609	-0.2467551452326002	0.13999791052980645	0.10600961302356042	-0.24992361890861603	0.4702817957097902	-0.157716714653974	0.0012496840462172041	-0.21859718787535914	-0.42996121385613845	-0.36301714161195586	-0.1856205965549143	-0.5948048400924953	0.837086439955718	0.2967780947424346	-0.3754302563542156	0.4597417991061615	0.5979524129343142	-0.602926696189861	0.5363430477824438	0.3361921612379914	-0.32450322549762145	-0.8713305615214751	-0.23437592272066432	0.023104588805019977	-0.8184642615622774	0.3107046376301029	0.24873684684639677	-0.0948138163905949	-0.1619010885948913	0.15295415160553433	-0.029883845637862172	0.2517927781359793	0.10626323224088612	0.7724299557532275	0.1892442090210798	0.24660063418376235	0.2745935682260615	-0.20413244194798993	0.1851854248446969	0.06208002282864972	1.3148731354246828	0.13610456356942346	0.4501494708972463	-0.4527060108757866	-0.7721271478255628	-0.4365887050094127	0.1324288673327689	0.08354616679359696	0.2176441785543562	-0.25876029225606606	0.13364487301354638	0.9416385471907243
DTXSID5052591	0.059529738773064146	-2.6299895262825688	-0.1918666101373506	-2.5189882448690786	1.3790360342212746	-2.107941730975778	-2.0997240643914847	0.2740758223750121	-0.8372501547183743	-2.618141440409565	-0.989843269445069	-0.05431007960967931	-1.9955602668382373	2.532089085950786	-1.3215319464446416	0.07237548208185722	0.047152518991814656	-0.9947859837853743	0.5732768683264704	-0.06917384189226382	0.6695453975914063	0.1699618485186002	-0.8373609160494163	-0.668889240919975	0.41275368995809425	-0.839967094481034	-1.282038877395644	0.9744005173931052	-0.11411004836626329	-0.5159848158117326	-0.9163922161635603	0.7560659831747589	0.4565760787824662	-0.0015382665063148212	-0.5160908074137778	0.025211771486374983	0.12874453155651475	-0.13486237383651964	-0.07241611293797194	-0.30034967745534763	-0.22695755419326455	-0.8385903864320461	0.13108520553019767	-0.03522981546655674	-0.23525655007164709	-0.019358325799399455	0.03438685371035642	0.28265259749051536	0.18330047324706938	0.3387254893633332	-0.20357607699799757	-0.050006883626592946	0.24570820603962787	-0.4210812532680162	0.31126264155481165	0.4725654849369407	-0.4345683219158032	-0.08401138233409207	0.07080110730775048	-0.04879477396107833	-0.3467546430281437	0.16288763866566539	1.093772070565605	0.7960304400507892	-0.2963811008582555	-1.2710246094231104	0.6778899889111483	-0.47496495087045265	0.11127636872790471	0.2243420028636846	0.38026007919611515	0.397072227065992	-0.05082958416940214	-0.1838422560978168	-1.7687793203072366	-0.4009382927039974	-0.4637823515572292	-0.23756190994697526	0.037704248193216085	-0.12388934148097651	0.1405124943310148	0.09014926143765388	0.2859504063700875	-0.04942897688400393	-0.14613243854768238	0.19578351095379548	0.48741346497541144	-0.6631750680597844	0.515382535173355	-0.21439663776471954	-0.8165740948225555	-0.6789080639656274	-0.3616676976864226	-0.33444835210341484	0.07611365751343976	0.21351376260009902	-0.31336103206626603	0.09720081962720753	-0.02572134234876941	-0.07551090816262938
DTXSID6057829	-2.097129051609642	-0.6928250024363912	-0.36345688661735714	0.7837553759888839	0.1536667981768476	-0.5793425685041654	-1.8358796662871326	-0.42277496250435453	0.2521598865823114	-1.9027713607399617	0.08757597595813084	-0.32817361678370705	-0.7995640147512106	1.3289058179780338	-0.9753120325134449	0.08641444276916259	1.2176000981305655	0.09787378052001111	-0.34047858625842764	-0.7584378003752339	0.7278680662237511	-0.6397310446753062	0.69540378550708	0.48353994117463805	-0.6858358019492842	-0.009864993968122286	-0.05488484000985792	0.04697173527174373	0.07626993112973873	-0.5427668932775644	-0.21235134611931855	-0.024340674919282816	-0.15843340242600815	-0.35988435005220387	-0.8068264955125537	0.05242478117624972	-0.21067678539090673	0.6141678138970966	-0.669743332182698	-0.3948506335800334	0.3792844029503059	0.2875439790014364	-0.461359951038108	0.23351416191473512	-0.5370784959317652	0.3116729186337886	0.5910577078412169	-0.360600589086597	-0.1273852608932716	-0.15810943800398283	-0.1499681646882196	0.04725589788750506	-0.029954899874645776	-0.24892703403006583	-0.3041603980664256	-0.13370619303881728	-0.14313209435221314	0.3502284177567483	-0.9919944813584346	-0.3631612701212645	-0.06623578211286735	-0.032709875544419134	0.6210136219187178	0.11852024994836355	-0.407042002061164	-0.84168192001924	-0.3945415898485618	0.23192943695050122	-0.08401072741438499	-0.1023910431716797	-0.05296075108293593	-0.2272918204161551	0.8148271732534477	-0.39654020465051193	-0.7780353165127329	-0.21443029662075797	-0.07099706678557491	-0.1834588068202994	-0.018907934093264946	0.36358650672593984	0.38894729485546886	0.1306212515983013	-0.39618702858448207	-0.374427956533983	-0.2262824108540092	0.5334037258622056	1.002614739900108	0.27886717097833824	0.5145181632287379	-0.32565317786115483	0.06872143547631325	-0.44028816023116896	0.13605422570525738	0.19531586125122105	0.22352005133904101	0.4701832336548722	-0.1269309251570684	0.3162387775462693	-0.32108088125497863	-0.15479446596471774
DTXSID1044776	-4.665411701955053	-2.571564497925466	-0.3971052146324186	0.3159395262524362	0.9630530094256433	-0.5108751640557613	-0.15516785916331374	-1.0415829778618324	-1.1297514940437365	-1.318724477666123	-0.7187589455774887	1.3689563590079692	0.24723668938550006	1.8795075071820977	0.8870293175037436	2.830814195568886	3.9714034942431993	-3.03037420698774	1.0141132840090268	1.1121952491337108	-0.6745643709152741	-1.4536172431814385	0.3212005273702033	-0.09716414071596925	-0.6441248480016855	0.5156425987018157	-1.3525716450588485	0.12148843945403172	-1.3769387765385082	0.33154532923110575	0.23985836524149962	0.5258327455453737	0.7048692697931784	-0.8785047870842289	-0.1111596567242711	-1.376782362515933	-0.46564433702238084	0.8239478727590674	0.059527044315700176	0.3049220790264869	0.5673600533093196	-0.15989978356326678	-0.6916957918454936	0.30262944506370104	0.23997230318100413	-1.4880643648283425	-0.3228189770002617	0.02949463008969193	0.10448909871636951	-0.13631956988908273	0.2603052153407315	-0.14220796774669853	-0.1440498541973343	-0.012892010713528253	-0.6625303400203593	0.4120491174570194	0.8016699381557371	0.2051793362467537	1.3543940631043918	0.03139956248621921	0.6492682138203344	-0.8006620805690585	-0.9874295948944477	0.5827075099468353	-0.049276346250892514	-0.8941698424275301	0.6729088596915718	0.23741151984278794	0.17131190753451533	0.9172156971154412	-0.785720861719452	-0.2017946236456435	-0.8705353662572571	-0.9102104423107111	-1.9274072702520226	-0.14781105446931647	-0.17002535901414187	-0.27509272975505566	-0.009199288626796174	-0.22366216512168224	0.08036150509315229	0.15474062076778786	0.5903708869055694	0.08308262768969388	-0.1168196072056752	-0.4780944515144236	0.11064578056927402	-0.4303425925004146	-0.268268536101327	0.20590396116156073	-0.6373394612233709	0.07627614674747711	0.28581528954131774	-0.24843475062767834	0.01624556569238487	-0.3191151746710417	-0.5016980981622481	0.04600797877117689	-0.004046881565186814	-0.21994303692402523
DTXSID8057726	-0.5346072818189253	1.4343799499692989	-1.1139011468580913	0.9744480817213547	3.3678468911243886	-2.5018649739549526	-0.7435862688454373	2.7361652604615982	2.227092041934642	-0.8043882191973356	-0.719317514665814	-0.3119017323488722	-0.6647815856015632	1.281384909842596	1.9596621651186548	0.9936495295383182	-1.8654119220049217	0.7523709430833581	-1.7602422151221857	-0.043761169204506865	-1.0982120448246862	-0.05560285231738588	0.05273206076526067	0.1381301758203701	-0.6428688853878064	0.5219160790469409	0.8877654906889416	-0.1327336873888806	-0.8751350150080512	-0.2433481219767806	-0.9065929222063379	-0.7200976609486454	-0.007923114021180443	-0.1367768700387751	0.7497717747193285	-0.6659583330221217	-2.2134508544456915	-0.7960189553198526	-0.22128288879991045	1.8205145652207677	0.4824074360002949	1.3295435847199886	-0.1319848884365475	0.09628638378422971	1.187614349919332	-0.16283025756047512	0.10193655642484654	-0.13949455745734	0.41403054286095525	0.08680119694534541	0.23483491736305484	-0.46557702777435217	0.7103509341411136	0.3168182590737528	-0.7328288192849434	0.4991863715866893	-0.0776861501096305	1.7535808968102582	-0.14410793743722117	0.2739701085340323	-0.2166290377392928	-1.1537484236056168	-0.35659682856738806	0.17871371913733797	0.5462691134132305	0.4523544276467051	-1.1867145203139393	-0.7059783771368883	0.2352010683061669	0.35848882016055184	0.7316389076949414	2.2875085219003424	-1.1431562798306454	-0.5692933756797767	0.8394957009136834	-1.5518512838163092	-0.8133353271946132	-0.32369796929358535	0.4479361163796765	0.029771919513212338	1.0364569481110788	-0.29754776241958475	1.439394562155559	-0.22714952143553505	-0.9402233326662669	0.6139272364777517	0.19081159157306274	-0.6934997740004993	-0.39531256851264673	-0.1863795796319743	0.8187940705558163	-0.32332154636371385	0.06323731235337927	0.9785352395309957	0.2458586797434941	-0.08794967066167086	0.4030200273091191	0.3891850248792833	-0.0945431121044182	-0.08654866047291215
DTXSID3029283	0.2525731858960765	-3.637372330816039	-2.8216763467057504	-3.9566249303949257	3.353999812197601	-2.402742188535111	-5.786355672707852	1.724112265991408	-5.580176561349917	-0.15000051194137937	7.2770574782695086	-3.885554179041521	2.1337391037985567	-1.7311333181742958	3.795606985356044	-0.9607946232201873	-0.8646309248655363	-0.41752493235969956	0.617329560306381	0.813844512024053	-1.4889815909626158	1.2431156994959687	-0.995654121614163	0.44434314260691904	2.8316001537597155	0.749432794529784	-0.6433237926436747	-0.5970659230645645	-0.7753479931200741	0.766370152007255	-0.567056567520193	1.4017962906447634	0.8191270646647025	0.7891787038793839	1.1431179033382082	-0.7534808564264043	1.1727982612536167	-0.8540303775485126	1.4445798346735863	0.5141505196369125	-0.9333708247659765	-0.8272222556372913	-1.4759321176730926	-0.05212074535927014	0.7225473372559555	0.08874324510662716	0.3133870848280293	-0.2943780976617483	0.5383303274971538	0.42266233787504254	0.03306866768554963	-0.3343368307323871	0.4394648201779539	-0.4864421066462947	1.1307948698489538	-0.7207975942944123	0.003425809888466394	-1.8581727149960128	0.16581420004269848	0.9287874048712815	-1.505254126192137	-1.2280695728902957	0.3309175126153223	0.8619083989624282	0.034105244754064526	-0.5295959214153289	-0.9087735821861107	0.25002957560191524	-0.4814652803867508	0.28318296354348543	1.1467362301593518	0.19827623122392926	0.28516777125217896	-0.4755169855108223	-0.4210979581463987	0.0920815775947275	0.6254616179641543	-0.8276024596161149	-0.2744359680873765	-0.09725829977698632	-0.377459188858711	-0.39605415768391966	-0.31564622434813755	-0.38666019239211036	-1.1243285225603317	0.5333950838139946	0.47689446651787126	-0.8422004037792874	-0.5166716877542449	1.1789489999661384	-0.7566054352052539	-0.1992413389279623	-0.25924991723820157	0.12227230164958797	-0.7905309149324531	0.26702922402649665	-0.15236097791121947	-0.8390588923917646	0.25512267001451155	1.6105034917227616
DTXSID0045252	13.879655576744373	-2.194708926956354	-3.515443771878664	4.503235888035115	4.090264245201945	2.0324131045440628	-4.297324852382801	0.38439308810977046	-2.670077588298766	1.4002476135352158	-2.7056762557836485	0.14921344563463507	4.366580804189413	0.6312863045299474	-2.325849664456065	1.3130980582415952	-5.041812299452263	-0.023631853229961506	-5.008217344339345	0.8973532488105709	-0.7316132561491837	-0.06882795097556636	2.2151106136249523	-0.41626298948810914	-3.455839123628148	1.9084848289060774	0.6648295272339513	-0.1295008631424602	-1.6936012386460189	-1.2599738232589779	-0.6715593561048121	0.882093223946774	-0.9501491260439794	3.6196371774467933	2.1348908203457087	-2.524797264265356	-3.847060487558292	0.28714121385238445	1.0745966583009194	-0.5790800960728376	2.221186485849431	-0.4933136621652409	-0.8741251838928965	-1.3949685146464625	-0.5598928311430625	0.14186852695090457	-1.3622822831395123	1.3464634705932597	-0.3303976094973117	0.599113597928023	0.512825161874324	1.0763607952805516	0.669474710830094	1.2522323245836708	0.4353322281863334	0.7419846358300749	2.289836022498622	2.535553546100824	0.4541134802785098	-1.0622588260414916	0.16955728749942245	0.5489060948347438	-0.6211752578591838	-1.1334765827793618	-0.1932873020687327	2.3428667255266094	-0.22082123568819767	-0.6834279310815856	0.1211343662089707	-1.6170311536483304	-1.412043069797395	2.086059638151541	-1.4051404928494218	-1.7951416361691805	0.24400654840210054	-0.6967044591508135	0.44200654390319233	0.054582136770968424	-0.02885817533307325	0.5753574880220594	-0.9851468281877592	1.504176792496367	-0.25244380474073075	-0.019616770106578557	1.2052201116767665	-0.6206102227094711	1.0435603243724043	-1.6769263664177372	-1.5982739188291661	0.7402258410340409	-0.0830894760829334	-0.08438804070017217	-1.0840897707945265	-0.9986216281241389	-0.2809612305554189	-0.4945695030200033	-1.299583898779216	-0.0963068179216444	-0.8655572392987327	-0.08691659136734506
DTXSID1047784	8.154065140485628	5.317136609053125	0.3960763079725324	1.7929567994992497	-0.6714115447841061	-1.369579367248293	1.1736819100331892	0.8895698024635713	0.9956731739587424	-2.668099878395389	-0.1351639071899772	0.4194683238511475	-1.4191744908271557	0.7496096522466387	2.23137869500779	-0.21837811122287465	-2.404589765672903	-1.2711010174913915	0.5629359078748903	4.633522384725411	2.6404362843165154	-1.1474593569847549	2.4226108455598983	1.3670956157139063	-1.1296070456255791	0.7298899951971832	-2.4398185073850756	0.5698157053726937	-0.9509808411206102	-0.39269155360115693	-0.2370885736039318	-1.5402657083590032	-1.2581277806964437	-0.19811266833372942	1.056779079770655	0.36145014282160626	3.966989201946668	0.18474399031051816	-0.24851932525703482	-1.3314543008006468	0.052181886427805045	-0.305687394192111	-0.7705044522444288	0.5206098335737374	0.37770367533388866	0.01015853051966986	1.0783913134941596	-0.612937816726236	0.44672193987273684	-0.12035201333410056	0.3830687981876586	0.7120916376964965	-0.31944161926804854	-0.3202876299614854	0.2540167125929294	-1.1269645579624328	-0.5462914779662965	0.05477855590886756	0.40689577809848715	0.8881555758190024	-0.6032062983246566	2.0519512472303147	-0.3558194006788346	0.22150939698404376	-1.4340190128709267	-0.7504406096841986	1.094544262299472	-0.09849289418994052	-0.20791208719850415	0.7731207055908875	2.053037988572711	0.12038726188327582	0.489530563748007	-3.032889188682441	-0.29782874946045496	-0.5807213292219103	-0.9421992985926351	-0.5439749280691694	2.2829606749833737	0.17937057533234374	1.3079402910068623	0.9514409098188146	-1.3875326507928323	0.1572739523818074	-0.5095755638510411	-0.026099092017915066	-0.4940575799417272	-0.7416118765243606	-0.39770698701959306	0.15919718268764466	-0.313408893286539	0.5524975764137532	0.38414495070998095	0.36968718479523754	0.38143392805021126	0.7424922009142401	1.199576036626702	0.7949352788402395	-0.9110281829220178	-0.9176714076625138
DTXSID3022320	-0.14278381563528927	7.932883569188584	1.8762281641097291	0.7561023029494575	-3.108922880403982	-0.6424137981994977	-1.9766710316780998	-1.2413743598289515	3.284563913415235	-0.41959176240966234	2.7040422902558467	-0.8262905570523794	-1.0441472204665807	-2.7718957474154515	-1.214591324270826	1.0468335188688653	-0.1967526479955882	-0.381918641502804	-0.4132634346741502	-0.0664314235931636	0.022018950876047827	0.08833915467814189	-0.675667576100525	-0.42433081769804165	-0.5582537340546766	-0.3347305562370736	0.08553571794750044	0.7302361422257085	-0.09070561025171288	-0.5134886294838118	0.08133891791746778	1.3456135957662532	0.6332243482983021	0.3725963108799441	-0.9327484898279856	-0.9697602151694303	-0.405313430476876	-0.19083614011748537	0.3199293421977594	-0.869777560344366	0.3572526353319262	0.6724178622863684	-0.4895302372812328	0.3098475538292074	-0.8611040921944422	0.6308585590928588	-0.15399017344541846	-0.18271050023887395	-0.07425188838473676	0.20182096349255202	0.010733138105514213	0.14967545880679403	-0.2642637067580906	0.32470278395338964	0.09011566030022866	0.21304849093903044	0.5874478442514198	0.3704933118832483	-1.1230258555910648	-0.342545238102131	-0.18307882854533822	0.8389379530791501	0.045794559941235345	-0.024480664487723073	-0.18494518106727645	-0.6152377349953495	-0.02730057776828811	0.28670933475958754	0.6219370531055611	-0.11564811161408281	-0.5323680473267232	-0.013501091525343933	0.24338394198366628	-0.2186096901566475	-1.0838268036499543	0.4612255965397963	0.2539687194492389	0.6326542071114324	-0.14649660232395167	0.45519374225933795	0.4559779059022869	-0.501630961559538	0.2786180211367721	0.6558429091438188	0.027190027934531378	-0.05473875174305743	-0.8938391373480247	0.891011139611762	-0.04457271821896766	-0.02680897484120057	-0.7348763734186146	0.11807709184453045	0.48806858371012346	-0.12421929734439696	0.13690347191927002	-0.12683035421729438	-0.049884293038099055	-0.021649003548362713	-0.32509046103749323	-0.05771664383120324
DTXSID8034087	-3.2750392864181066	0.8167586151259628	-1.2139988992114858	1.2306774998965717	-2.4522810682516956	0.6693771863559886	-2.6091959547988424	-1.6874528085395575	-1.7157925217160863	1.114881737890932	-3.70711668420479	-1.0710476462741045	3.649154354416242	0.5784819089982532	0.0008999811068479855	-1.0246919573885105	-1.3629153632415614	-0.30342536889684757	-0.23577911324607626	0.32522396322422065	0.005037826468693817	0.8174330015722827	0.7806877628784887	-0.11428903158286041	0.43344247043767836	1.1505890047017922	0.11693880561052931	0.24851028878382853	-0.23296974696645517	-0.5672506074646199	-0.6177592472959695	0.047437170722280896	-0.2570922201657549	0.4496556640653417	0.0339788081559588	-0.07004288092191469	-0.7024501231335296	-0.05996439508233226	-0.45296600302263645	0.3031681570951671	0.5309772797654659	-0.059615585534419056	0.16838751210437805	0.3253970107536689	-0.4035309512860829	-0.07289224355580558	0.10350240644950782	-0.42349423728234764	-0.10737608957250117	-0.012064517679368267	-0.04541678956174555	-0.3281737536324589	0.4434347916234737	0.049004933017279186	-0.1896609174317648	-0.02524969633348253	0.13308769600225637	0.30590138055500743	-0.41048848691259693	-0.6169419165607798	0.049983672953018345	0.31647358003779913	-0.12941351614254828	0.9169938793790605	0.03913912618132329	-0.46261459875924343	0.22539930840072678	-0.35362865102691027	-0.267829055928391	-0.7528433425033316	-0.08986291904178247	-0.6309094957415581	0.16382127956992584	-0.45381089607745045	-0.1993316253726604	0.9109952762532384	0.5466028285832316	0.2763301996140631	0.2957773191883226	-0.42857385596726527	0.051964788291671754	-0.5051981812142259	-0.36994169401083127	0.6683467951918189	-0.46695184052224925	-0.03579342279088269	-0.40295113015233225	0.22930985758426564	0.0965845753539929	-0.21455156758975077	0.2511731025240033	0.10391834933377146	-0.1373283329946038	-0.038882113779784455	0.9311211213527592	0.07909101503521945	0.21980337383925758	0.11835377529090946	0.1315645015466962	-0.13513010502188796
DTXSID6020197	23.719751452606204	1.596786886180559	-2.6491010544476215	5.023394001901548	6.672341557328663	-2.9220157346473674	6.661369236990926	5.868804357379075	2.8294909330350295	-1.7181548493332972	-1.1395009222401102	1.1047266920804213	0.9390220209163274	-2.5379421928400974	2.4145064577624185	1.675318689333522	-3.974069391738552	1.1984511567646707	2.0639253077754134	-2.563628704066421	1.9019602841807104	2.6142128066383807	1.6731724435247304	-1.7235664279230865	2.485899541633481	3.014648522728179	-0.3676478192101925	-1.6873549904628602	-1.6683251379641466	-2.4917211159947095	1.2314953548785086	0.1066931767482907	1.0236452448940412	-2.4957602612840004	-0.3036258580722453	-2.6054049866771276	-0.46520392618279466	-1.0764084010058337	4.8147493569897355	2.8024770026804604	1.543030342325689	-0.7966344019394663	-0.3299319931278999	-0.16820319848522125	0.04195139135862899	-2.5109063250310015	-3.274006738269673	-0.3013617062796886	0.19158683620517716	-0.33228699079244434	0.21488343348235808	-2.8330727405044707	-0.5000783571183345	0.7927642337342165	-2.1247890840344663	3.418405271559942	1.3899542747790312	3.7376977017612494	0.3123425849861989	-1.1726450352268094	5.061924494661413	1.0807650119837096	3.129783956877055	-2.2821619748678925	-1.1954657990621045	0.04316653396248436	-1.1554604903429573	1.4828440490965265	-1.106736706892263	-0.32917374750060546	1.925363469978878	-0.18019123679316496	-1.3791602358390733	1.0290300436350797	1.937703033102233	-3.9931956729871327	-1.2067264676941771	1.5101981822902388	0.2619237022976041	-1.0918030388302968	-0.14889548184282114	-1.0382701796297147	-0.9912680226176056	-0.15971726864042093	-0.31935006811826877	0.033662253031076846	-1.433949374640453	-1.0564982754093155	0.26046953871234224	2.695457524848589	0.389860598609297	0.5657315096376576	0.7895222876510194	-2.8295770892054715	-0.9569543438213248	2.977593116185932	0.2752979352917166	1.9387504787467846	-0.019725388196717757	-1.1800688323170179
DTXSID5022982	7.786318804891382	-0.0795089442593882	-0.7031290006153225	0.4717044796990085	3.94462314982964	-3.6560576444447643	-0.9975909064591816	1.993017832600331	0.1957010495108946	-2.2695833266756242	1.6223478179365751	-0.7885714160907829	1.0223323914348441	1.117916750342753	2.6086120098821906	-1.2243139310615658	0.3099021458373843	0.004399039848764067	0.02125936829886447	1.5687961933193302	1.9509550584332878	-0.48616674126767917	1.6602847769231182	0.6307615207362653	-0.004068172347221614	0.5050014247107303	-1.1784631662652107	-1.2011917154856175	-1.6107976744999757	-0.31245007131677033	-1.311124366581572	0.12933714996917886	-0.941806996438323	0.3848928317913704	1.2761287812083844	0.03180722413389291	1.3877510930638128	-0.024485773457489802	-0.06553104445813415	-0.1705407266325515	-0.2208399644220995	0.5411544455622266	-1.4052784267827112	0.5207903059378985	-0.2867306414125713	-0.055864123630864786	0.7216181768020243	-1.0718752250953765	-0.11366728170804566	0.30926287194789615	0.06982478893414826	0.14051172998753814	-0.009290946422243491	-0.7449306593484721	0.012619273693553862	-0.5876568494322306	-0.850697025407359	-0.4499376224240075	-0.5937405039859059	0.09625804825322047	0.18033822645318143	0.9560339636891362	-0.05944204938181164	0.6841282415833597	-0.13848500539165323	-1.0396047818674652	-0.49649183649606105	0.1408209315428949	0.13994238866844033	-0.3222822590285145	0.1758357302338334	0.1682983233150068	-0.686027222350532	1.031573216667396	-0.2856763588399727	0.014343440015873595	-1.6311050443311568	0.9334924105093777	2.276323891724776	-0.2874158728819373	0.26659165566561815	0.7435814727584139	0.012379061669584147	0.5167457151868631	-0.6764779191788461	3.44348146873234	-1.3654364982260854	1.1717927767753427	-0.29743557434185025	1.0971483053776787	-0.4718925349685622	1.4597924664519648	-0.7830057494793822	-1.1081808854300839	0.6359178059148163	1.0621538677463411	1.233375331115171	0.24926765556288769	0.058449416769011116	0.15391049821928138
DTXSID9022522	2.2500221316033295	0.7532930045461399	1.5358694637927366	-1.3701959192970976	1.2318356028406088	-1.647792396904625	-2.40184372285804	0.5033913306394588	-0.23794831454796336	-2.1749292949787025	-0.33464857767681505	-0.0449699532325621	-1.639779287260181	2.412824802175322	-1.137682861017169	0.12893212754652386	0.5188899380328841	-0.43730687540977575	0.4974335598971435	-0.4383168883723216	0.6868871843534496	-0.08154434630423872	-1.2554881889012985	-0.18821614721419236	0.07557382256758319	-0.40710744060699305	-1.7773976772835962	-0.14572540911125192	0.02118169728918417	-0.9228251983984969	-1.5470960886172365	0.23809343568074376	-0.5014835709151692	-0.06431583907395942	-0.11643556343874217	1.0932167425329524	-0.3612241795355402	0.2395117982482826	-0.802715409243243	-0.09936108787754017	0.1415533640552539	-0.58982421372288	-0.17860026162348142	-0.3725870059883816	-0.46781406876122894	-0.019932965368892035	-0.34668318317307556	-0.26916332611677085	0.022050483717683596	-0.1508664418876869	-0.2551875391802155	-0.2995618168937391	0.07725362746682335	-0.5863381520882069	-0.22313847650619897	0.5097269562392837	-0.7648754568287303	0.3254082439892191	-0.035396746544051616	-0.25370715553242146	-0.5543992579928232	0.2096356066167409	1.0357403585771416	0.85960462586586	-0.2965495077919119	-1.3727758835073554	-0.21804949179336228	-0.10249454409638858	0.6945009791971657	0.2535050634285546	0.45051192097077336	-0.3083929593145419	0.6059599291206897	0.6284613902146984	-0.9791918872251977	0.18581906897851366	0.6239183343141634	0.2253832648934371	0.13905207875554293	-0.2876887906423351	0.2500382408872692	0.23828085396488208	-0.529654816475576	-0.05882669145720014	0.03426680636008756	0.8896834850123723	-0.19155196756038184	-1.3901662673758504	-0.18542369045429855	-0.4736279829857485	-0.07259704532840489	0.0897346695183961	0.6268001514646437	0.8734684003473674	0.02248255854630616	0.181252637981207	-0.70379282415834	0.30023623673144967	0.1529876430291622	-0.7079698303735916
DTXSID3047922	5.01849338045587	-3.0525272986970955	-4.979101294771416	-8.890795838325472	0.8573221620785578	4.338496680805628	2.4794009350140542	-2.977735560231075	3.703453810692531	-0.9422295751177209	-0.31504303983852483	-0.12505636340327267	-0.34304794264399213	2.277782858784359	2.4135158925380376	0.9306631502166146	0.148905733143485	1.6194267344875672	-3.544474647057646	1.0855165293929911	4.1035854124119435	-1.5168299827444733	-2.5020429308728893	1.7741344339499008	-0.6135274085636416	0.8366143084534378	0.9094834681221415	3.102751825468681	-1.4299703125253147	-2.0141262065204706	-2.2440782270688038	0.9348419973680552	0.1832478132353336	1.0714207957909991	-0.5924778459440734	-2.8272944491480527	-0.06085596666337383	-0.2195888037607817	-0.44138934257785567	1.352298566273665	0.10292437615212768	0.7367656490985529	1.7220992939891928	-2.523962441632722	0.13852225122785028	-0.17725213322676975	-1.8663787231781588	1.4532912420138238	0.8674515296606929	-0.5007832835742841	-0.2343573009629805	-0.47701418935358353	0.2962556854458113	-0.048174245806939665	-0.835986880262454	0.1359453776426028	0.9492439692577536	-0.5533851484495702	0.6385973192371143	-2.2332582033438695	-0.9012006214843993	-3.589255959071481	2.0608125007984333	-0.46370967454322803	0.46642388937729234	0.47404403354343927	0.3536670958622143	-1.3454748071906868	0.0989000107087268	1.2348789429444087	0.32757461911292407	0.4319549098520789	-0.3476537629916568	-0.5015863270894296	0.11248602790019256	-0.7874353564061353	0.55294040258686	-0.05961124791304126	-1.723075003737195	1.0498284919487106	1.06680060231788	0.015590151224226668	-1.2048883265119994	-1.467716646134463	-0.326911636542785	-0.749370419191598	2.2802047424825487	0.9625561070285146	-0.11061837414013521	-0.692052832717734	1.490589702735024	0.24820340077560973	0.08140792255995925	0.8077874332753423	-0.6414705755011261	-1.4413872237538548	0.9986727182674653	-0.17702737491209652	-0.596877968835159	0.46479428362821623
DTXSID4025903	-3.9618450547387756	1.3476157394670352	-2.365498663205699	3.114009665352525	0.9595797208300281	-0.40933083482684474	3.5630641761412813	-1.3782617394625776	-0.41341196255851065	-2.152312498500059	1.085780987325512	-0.8194816026921247	0.19082329390022934	-1.5497930284156731	-1.4908853520407086	1.843917781721961	-1.590370313545567	0.7240242584734773	2.613547492640588	-1.7727855205890644	2.5617579193621536	0.6297065629409371	-0.047125697492482334	0.41696696304795944	-0.5973864821789742	1.188155548971424	-0.5138970023351344	-0.1196384886701988	-0.397670417882445	-0.1696707467652042	0.7684084830650925	0.12569305655552737	-0.3450517110328646	-0.23954304363133824	-0.6012335240224227	-0.02362799360967258	0.024306667660871042	-0.21932032116975056	-0.315454990715867	0.6751233164181168	0.5514005026291203	-0.15400896916087048	0.09713247598104928	0.2458328192276442	-0.3223844027661744	-0.45939746123399733	-0.2356584365531898	-0.06249248859985	0.009901997474603646	-0.015969786867094462	-0.0980978377915423	-0.32947928419643946	-0.2280564448066044	-0.1614255856460089	0.05863425164570001	-0.5671612525277914	0.6236833817705297	0.04694464350768007	0.05872185452473673	-0.4286412176604877	0.12257294360913071	-0.061382218006271555	-0.24656609372655006	0.09023059426706852	0.11975054983572893	-0.22389325301242183	-0.11543257201311564	0.1697904028335172	-0.013797016675853284	0.2239112648668945	0.41868083796971023	-0.16897588726460358	0.12950400874829426	0.4003854588495159	0.35669344078161935	-0.05077280883808221	0.334565045725098	0.25166012424259193	0.2507012103797108	0.12765137127434664	-0.027571230580011163	0.3539276454298692	-0.4140611439168204	-0.7448203908900696	0.1538804013435212	-0.28334511298643134	0.009376690353982623	-0.0005781253240330855	0.16873520127161723	0.3470061527565298	-0.6599037024632827	-0.024714516217947985	-0.23317351722155105	-0.05624320349596869	-0.18704002408312076	-0.12206986861241681	-0.05947416321472946	0.30245817496637617	-0.21950550576324157	-0.09614819971624719
DTXSID6022846	-1.1228084269068135	1.1862366460853144	-1.7782226407555768	1.4388718591064849	-1.044087187394176	0.9378257069655657	1.457557667203937	3.4875844269004244	-0.46911761748517816	1.434897041514057	-0.028258300084936867	0.7317008593005393	1.1694636434054728	0.9130937188718061	0.9753733729769577	2.431868269915808	2.154992352077874	-1.0749399430428803	-0.7164142147690613	-0.018787156495744688	3.1085277830484226	3.6703074936872766	1.2118702179409109	0.80455429846823	-0.39831289658562524	-2.0295074882333917	1.6390232823795146	-0.060813273377650884	1.935147727858077	-0.6865515730705642	-0.338492030867254	-0.8113256250122982	0.6312794885767008	0.22855463403001375	-0.7156305541090188	1.7416535967435225	0.1181235789049248	0.8556634515814489	0.30755150167733364	-0.03635403329034719	-1.3998440416931768	0.5656827016289778	0.11662951155523232	0.2028728098034714	0.29561082445753684	0.7739110121686359	1.3240587813233438	0.30882207945573986	-0.44719452707543933	0.845814903261788	-0.18484047140867288	1.310271534638931	0.47742344370818807	-0.26733483991273266	0.425788614309095	-0.2714254035304413	-0.580702554161402	-0.5095210998997103	0.24790813570166767	0.6677698275750596	0.31691491566491414	-0.21133111539876662	1.8543467901301103	-0.7344329988925575	-0.331226418655017	0.6878374702677429	0.2368677775989674	-1.487235720380447	0.9467542446902532	-0.15281222263163954	-0.23597393508317166	0.8147146446375849	-0.07753482067455257	-0.32887920935676407	0.2957119957167829	-0.03600991160667732	0.8558992047781917	1.2537233265637115	-0.10111594963536293	0.4549166431709397	-1.164468775826774	0.2032604116253808	-0.7044576832491194	0.2695640428909816	-0.016377303227692295	0.2707434379063952	0.012423105240948995	0.35082194594212984	0.9216655758081298	-0.9352789517011637	-0.14012844536231822	0.5791582630570224	0.21755939403557253	1.258775242424286	-0.5179050976506338	-0.9013079292772777	-2.0040217391163972	3.524841443044226	0.32185330418225994	2.112698071756377
DTXSID1025300	4.708608260225379	5.67984029464746	1.5715928687712333	-1.7759143351388054	-2.472092948302165	-0.7629727749519484	-1.8115954213924683	-0.5197546046257284	-0.5417543772149632	-1.0797913861190815	-2.2068299304819363	0.7358941524943241	-1.0139490259813502	-0.06403097442161543	-1.2938545222955884	1.6323814919881097	4.4258612673941835	10.280502527542646	3.710181413243397	4.636599310171453	-2.448191644302684	2.9967435054837734	2.5735407060260975	1.0470700085277593	-1.116564792871706	0.049917489727886774	-0.5160373823921435	0.5490289648708997	-0.12249835881373063	0.5656149955978113	-0.4939462384605845	-0.818722382806429	-0.6189438159782544	-0.46739031549348714	0.30325546456867575	0.13236047235642548	0.3744060756442112	-0.4151268499630274	-0.10761085068753067	-0.11699276714721554	0.23221220433740797	0.570318596243989	-0.22814956441575288	-0.21691010298026414	0.5410705999299372	-0.4205239757207942	-0.1796221830997681	0.13825420369491975	-0.24106561504296703	0.17480511164891624	0.031383608000238844	0.13585951824074533	0.2112618677693532	0.10256004220348326	-0.6361019530783304	0.33854774708124513	0.10200330164377751	-0.026131153770532184	0.2573920887994497	0.6444141942963064	-1.008951924440904	-0.5765234019169819	0.5951655170256794	-0.9963041936841942	0.04989224725932537	0.7438805733323796	-0.0972303758201107	-0.6502822480948274	-0.8968344413124417	0.29944695026955503	0.17537001430511837	0.029429258656041356	0.3246652339118011	-0.2712014289008859	-0.013349555527427845	-0.11685447585639595	-0.4904599912521322	-0.3183743414566743	-0.5647296002501463	-0.028668098366994712	0.12040935183983137	-0.1675085912782971	-0.23421627210330806	0.1084771073215209	0.11554289922142699	-0.6010242595372276	-0.41385389040726833	0.6435406591375322	-0.2415369803901632	0.3893704563592457	-1.0757293916285495	1.067422241310714	-0.1049002042663291	-0.013591274729084793	-0.06898543244177492	0.06028751866231947	0.016092285856365424	-0.045040831898414804	-0.16779913022423187	-0.002941035640013687
DTXSID7024376	-1.637132730417869	-1.1068230842810982	2.351869575853034	-1.7135490685806487	1.0747879467176358	-1.576591312866343	0.9528199734834606	1.9344564412953296	0.8578890477843134	0.5269724274861763	-0.7984100931167246	0.7321680866906387	0.8967483576977268	-0.1619348100227256	1.2605409348220997	0.488249514669089	-0.5794355754849149	0.510047073504353	-0.7829771899769603	-1.20992119666347	-0.609022282121867	-0.10177533412188243	0.7106717148064623	-1.3286561951918505	1.218254608079826	1.7950282698889322	-0.9401601864158715	0.5562817706548494	-1.4215121599147054	0.9156418220836761	0.874546508771771	-1.0944147832685283	-0.5111429703764824	-0.3983720991645866	-0.27004423592508986	0.7259216161060391	-0.4848559150561071	-1.399639009533631	0.05305622638710211	-0.4897747853511442	-0.10358786339698157	-0.5507452562439158	1.1184192711559633	-0.6272505739592666	-0.2101164488449802	1.7876384153068112	-0.4707755641282804	0.506760138003566	0.41454638547598743	0.25296237721709847	-0.206198819121524	0.2135274271654559	0.4210424872007487	-0.024281166040375536	0.9100644229465041	-0.7510016434753141	-0.4092363204224916	-0.23414937455493773	-0.5887852806806263	0.16238783660472716	-0.5410089980405202	0.33509912882639536	0.17062309127918526	-0.0931726979692459	-0.7290729811388158	1.0666015494919303	-0.5844927809886599	-0.07168354160364218	-0.01275465046978893	1.2942510463161818	0.33876156173436334	-1.844273717290415	-1.435624187236808	-0.2231010435384315	-1.346989655856659	-1.6355426728027356	1.1577278761715255	0.193338200756517	-0.020131682777295268	1.2607703733572233	-1.015506557354708	-0.04859206441629856	0.7493202398915749	-0.3668031046843441	-0.8705025605198959	0.12075877789455293	0.24158743757087867	0.17187377434138174	-0.3735865329455676	-0.31093349655143865	-0.35230556597642354	0.2518376900431001	0.8312148721199445	0.9983133805462417	-0.6940277220618198	0.18703219854412437	0.07386898503461697	-0.29316752860525475	0.48655896313216535	-0.3390594535520448
DTXSID6047367	16.170018020332385	8.476543054756275	1.2096847785472575	-0.734821168433633	-0.4128945542236986	-5.0578291691586195	2.2082100539402654	2.8224714902384345	3.224783686084986	0.41759689038390857	-0.3135077169215881	1.5729450625689256	-2.5884377688324895	2.931384781462303	5.9600221379160345	1.1797771614177528	-3.102766039673176	2.0974805573856017	-3.287910485438331	-0.05231860451017208	2.3182784198459623	-2.0235948440800247	0.971223477483358	-0.704502242980627	0.6142034428455434	1.2294544452226612	-1.4722495172617946	-1.045804968419123	-1.232655052897856	-1.8619098110858956	-1.2428953478104698	0.19104002420917665	-1.417170298754684	0.7018432220875827	-2.9208666435452884	-2.1636719983508286	0.13954005165733063	-0.3080441438621786	-1.6134821663095404	4.774767167575123	1.4321147731576318	-2.044242795656295	1.1703187522337961	0.8912664283248775	2.1834957144618503	-1.4668151874582689	3.554197038095638	-0.22994252309852384	1.5119925064338486	-1.0503648836520398	0.17737575474767447	2.826858863411888	0.8886827866840159	-1.753332164879935	2.1969202809526123	3.5355307886516902	-0.22175761784520404	4.143486246575579	-2.527963690265782	2.1312322920520357	-0.4098957098227395	-1.2788094042362432	-3.6992247602591353	-1.9656799227568147	0.5222496854352885	0.424213092378834	1.124022873317714	-1.2315927909451634	0.6157570072523462	0.09539972018268227	3.5471366404201183	1.461598021618226	-1.7254166471238785	-3.0440790671301516	1.3162943415793074	-0.6530493485589091	0.7430400426170286	-0.7212163206979381	-3.316998181499011	1.2304093633918514	2.2086707242654375	-0.1424682051301017	-0.9227995562361133	0.5991405252525265	2.9881837976259025	-2.8016571686203404	0.8542836970052998	-1.2079639557899555	-2.2753593683376736	1.7086780265069244	-1.4452231001986873	0.48580155477734505	0.757467982676832	-1.307968879663377	-0.2647728153673038	-1.4905074424692184	-1.1520792660882	-0.19759592094146983	-0.8731823049854847	-0.003967150405866354
DTXSID4023549	7.027120844370751	0.19596414343616692	0.9654227195744856	6.35444809126616	-3.278219842380212	-0.7431080241996529	4.545076166062521	0.9629021932521454	3.0885572306834073	-2.5460622055939255	-0.12904428622938088	0.6942854162718408	-0.49798678712742994	-0.07771685310395673	5.907505334775869	-2.1162210984889733	-3.4629014535222122	-1.149565022852114	1.154133329315541	6.52982889780596	2.4562517985341867	-1.2316009062429893	2.6785978771370704	1.8489670185615488	0.5935728785731285	-0.1967608375021944	-3.7384853507820965	-1.4307947806385282	0.9526413451111104	0.5554922827723485	1.2469796815806549	-2.155127023150939	-1.6238754433719664	-1.1797210563973966	1.432094574534	1.0155033041116344	4.234469586221218	-1.2930167909181	-1.1509604800622921	-1.3328071652305444	0.8674543312358354	0.6126559816179635	-0.760604105114041	2.4035733659360856	-0.9571877548348985	-0.48002272793948175	0.780305337746867	-1.3173157213964868	0.6906160507857255	-0.600861740643664	0.6164327583651434	-0.03307218685248891	-1.3162758352065371	0.342052122154031	1.441266609129962	-4.476267181150743	-0.28411218247186754	0.06754377926472455	0.2401572229685077	1.5906675929877272	-1.0277402195116119	4.214157752834384	-2.3131690098745366	-0.8028708418047416	-2.6959687109772923	-1.4500454246129866	2.5504350940744884	0.8313100311129329	1.4281019209639236	-1.461395194379268	4.24970077577198	0.7993495808692475	0.18555815218309035	-5.111298205932722	0.2185605145564923	-0.5475602458537495	0.8173170685190227	-3.091789746657666	-4.952662255258666	-0.3915341536801303	1.8759826279105047	-0.7151158418963774	-4.518907768824761	3.487448390261887	3.4832208954442656	-8.15704071181073	0.932392625652102	-2.5213211777586735	0.29296559123515575	-1.8054369617093988	1.7659890204732605	-2.0338362934280854	3.682370246539079	0.7929672642839872	-0.2407761837626157	-1.321034924240958	-0.21538542808973246	0.8591246738091821	-0.112299637596028	-0.664963104937348
DTXSID5023243	0.13417516561461945	3.7476313425848806	-0.8023035799402997	1.7272549777878812	0.3888453724815816	-0.8570221765161498	-2.040185473890352	-0.8087500495481439	0.3820381897187276	0.8617679404201086	3.3618013302668204	-1.2967829380292688	0.9753017254736416	0.7377236610257373	1.7044322312758338	-0.9665039685559268	1.46750971872699	1.2454349640767461	0.08650736357219796	-0.4332183345797031	0.7454107370425813	-0.4263279546745943	-0.019253028006326875	0.9190203489588249	0.5744741498400867	-0.6733921283137072	-0.1494335868472407	-0.089414243361645	0.19541597326119786	0.5469737361839188	-1.156512640643976	-0.4043705272860183	-0.16443039529313408	-1.4160123047929087	0.18450932330774933	3.3110289335392356	-1.0756823684872039	0.48918487021006984	-1.263111545162403	-0.23735041353607683	0.21960089909564862	-0.15707522752202627	1.3626049544075112	-0.3785611068435612	0.4486434846844591	-0.44157148460324946	0.06138965330305193	0.7809862388738567	-0.3304723734421289	-0.08387853732069636	0.1412970118330059	0.6606500900957772	0.7339619480742293	0.1243161952302757	-0.44706946253933344	0.5031017215287912	-1.131225075025597	0.7691424728854401	0.933324309905244	0.40275172204393317	0.4833321099305672	0.47547658861489117	0.14870102228935722	-0.30583692134705687	0.27578651538734805	0.12066459296340225	0.4074569410935004	0.20186340532059371	0.2005136884013441	0.8221556924635914	-1.0958890378442627	0.4648249415381962	0.10680807989143416	0.11297140256576513	0.7359768464219313	-0.09965020855853036	-0.060172816626873966	-0.26737440968934334	0.03987259335840071	-0.042840886396690835	-0.013807421460281325	0.11515478818879572	-0.18307314390797583	-0.37736113016889095	0.4186822997315278	0.05972756948421757	0.3270754222475139	-0.3464267246456165	0.05204165953776014	0.39575258071640174	0.41499177722450686	-0.5815211666109409	0.05556763222661065	0.33542348055949606	0.009235007503500824	0.1305852395382195	-0.01692143866755234	0.025489349119739546	0.012993787821958173	-0.4023053502637657
DTXSID5046015	3.657877110784843	-5.08400312862863	-7.3363650770739985	3.7266483573194584	0.6318005393772208	-2.6606003400831124	2.6279416801895747	-0.2740570370568861	0.5405643308689935	2.6946173192986604	-0.06641409363560331	-0.6550194307149676	0.5790514517731543	0.8434782390944652	-3.341453327556621	-2.6460557309315726	0.054388814423033026	-0.3459705891927397	-0.9105395407786754	0.25484613602674694	-2.0630122646945894	-0.4729833576879104	0.8471857846000804	0.39716092483629756	-3.1014383913544044	-0.3433552300656984	-0.6873629860358377	-0.9492805548186748	-0.9975144958648112	-0.023558753645362862	-0.5086479122842125	0.8070822676082685	-1.7798578460384524	2.72832519220302	0.9034493263726018	-1.9712900647878493	-2.306609103252574	0.12008178707317714	1.9524061478283155	-1.7802569338112735	0.07574917208339417	-1.7723076007989427	-1.175723182079098	-0.07902550685536065	-0.44238077970787465	-0.41371899053315814	-0.12720500581838617	1.0263091227134267	-0.17667855019272224	0.6943468667935024	0.06661555246262169	1.361320872752478	-0.552573927081123	0.38141810340642557	0.5156454227465069	0.7401783674163293	-0.6193083561249767	1.0902389177238885	0.4594813420137957	0.38296694429759337	0.3681817367278605	1.6247413895726939	0.7121532402758048	0.46238083655947887	-0.6837372665201017	1.6136412569599572	-0.34748501555855305	-1.3504348097438879	-0.48680737716225225	-0.9227086167934094	-0.7996195211045909	-0.18155987349125208	0.1656517295067135	-1.8509905844004364	-0.5942584491726592	-0.0619267853604981	0.8881659495565188	1.5923125734167962	-0.019269196283746383	0.9966361284080058	-0.8957483398983888	-0.59139692119442	-0.26901223317679995	-0.6478714426249654	0.8220151629860204	0.2923138545957105	1.781209990116621	-0.5805582837795978	-1.3754935359683649	0.11528841243646971	0.24130881344864452	-0.21947606588143198	0.4254890105805529	-0.3662206654862323	-0.5162711260342356	0.329623402341458	0.19312345758209468	-0.43632754937302465	0.8742096028659226	0.09274464201374191
DTXSID0032572	4.636002047147675	-1.3432701913167155	6.096845627705986	2.3746541975246696	2.92655876947559	1.343332520269276	-0.4560385266516024	-0.39827990165870886	-2.2246161672230693	-0.27303691636013033	-1.461206075223235	0.11153179353567975	-0.7025082026194264	1.627356974593848	0.019315795058288388	0.32802063164685813	1.1009494162623432	-0.5287902679015701	1.499562909880347	-0.309315606949082	-1.690785054099602	-0.9323613007548746	0.31712819093371436	1.1278837493193372	-0.5461156135479952	1.1742718231621507	1.190690386695612	0.8705189963898536	0.7517371019530171	-1.44125499058196	-0.5896908262859717	-0.4480975029089788	2.080464778919505	-0.08801300312915443	3.1766266070939326	-2.9999262778567948	3.539158833487785	-1.8333151358942514	-1.0311559430374462	-1.0425284540006121	4.831021681533629	-0.9938601757755741	0.9104935138941437	-3.398871929215137	2.366884942543123	0.7823110350960382	1.8655770987823515	1.5722573584448691	-1.681311663582422	0.9553848273903031	-0.41370111341620436	0.20679054999368954	-0.6282059759541896	-2.7530413604851054	1.0596733776300469	0.6219525981456931	0.34631012389268573	0.7023926853741811	-2.143413529067036	-0.5652538022214143	1.6306112280936722	1.6183562137447427	1.381147527278363	2.0639460492589357	-0.6086248040844404	0.06166726074251155	-0.961634777352512	0.3034449822607147	3.6541217469844667	1.2400181017342335	-3.1880466275732373	0.6839896310705014	3.6925797553446227	-0.18550944478947476	1.0085003667447088	-0.7089126941988426	-0.7280177846693131	-0.3890608352657614	-0.654019678508548	0.649308413819894	-0.8270358308987541	0.8629839791396386	0.834979326174801	1.0728305327290226	0.33184950731538604	0.19936989656520016	-0.4901922579949876	-1.7850391958238163	-0.0006107120448211566	-0.13581218829926112	0.007043133898109705	0.4588625846508651	-0.09290129972066122	-0.6927421887707133	-0.317235598222374	-0.9184743676469397	-0.024487756454205832	-0.20919027088403888	-0.28177974325301036	-0.12580663850825077
DTXSID4034609	5.781270558390614	2.152590786323358	-6.272704821891783	-3.8844404325861612	0.050865385889370736	6.873202212089592	4.532267562525591	-1.070360026953	0.7469355662571917	0.5327370289351413	0.9220027050064733	1.051338281590089	2.697638112321683	4.111761772823108	-0.8675484294341866	2.0609126423227115	3.5855562832724144	-2.572155528551982	0.9838617209735543	1.876287720121051	-1.6191219469388929	-1.5037538283373975	-0.9847890297327505	-0.014686356849998965	-0.5853625752731748	0.49018576589182544	-1.0898838969588072	-1.584196257518351	-1.0340059401713009	0.4215439047561732	0.8443418302601572	0.34393655766380243	0.05792311570721972	-0.303882372138881	-0.5577882477085586	-1.8126360229862815	0.37974853373147877	1.467193854478795	-0.42870326637525247	-0.5811355612396099	0.24593131255135567	0.33144909414650003	-0.8144141716387039	-1.3843259226769298	1.3116344918900291	-1.1636517233048238	-0.6156814486663061	0.39780437695463994	0.15895465661788122	-0.8644927314511928	-0.0682234916288211	0.17599601939011536	-1.0249328920246072	-0.15291570227386578	-0.7776730349756095	0.5035243976316613	0.7159934547432696	0.35328342119611084	1.1025200115622913	0.5158535788802854	0.669042964579836	-1.1441726968278125	-1.3169141919023437	-0.41634314325672733	0.18073418466463959	-0.4422667791109269	-0.46230717286718387	0.21715885151940717	1.160616275987528	1.2755067764689334	-0.6871612535250861	-0.8894905452797284	0.3526006155291003	-1.271028413157443	-1.427986850341295	0.20700319298925943	0.27968652094376534	0.6395437057574737	-0.051285966024895574	1.4048148209022286	1.1528783572967871	0.13419634100115843	0.0622563913757227	-0.26306595867612903	0.4930507136836728	0.10762158585131694	-0.18291777553542785	1.0230050976416498	0.8904101142675956	1.0438785830758812	0.7453601023368975	-0.992506109674603	-0.7135956171559051	1.3044624681168508	0.26767804291876285	-0.20267587960555222	1.094617690515606	0.27758565488672304	-0.6339565710023815	-0.025312907373170025
DTXSID0023955	7.0889446992015905	2.475241084832434	-6.276464737210511	-1.2215127177331822	6.208872279599281	-1.9898719034816752	2.6329250537074427	2.9603139346856673	1.2441861000244112	-1.539133298712131	-3.574589900769184	-0.6558358161910582	0.6310359694694313	0.49116612766881307	-0.7979677338552136	-1.9213191979414368	2.182884681304698	0.1988101972168305	-0.7649532271926254	-0.8522728098579698	1.4052510367856	-1.3228330717201473	-2.6307378393777414	1.3457810467280196	-0.32060715512175114	-1.0671105546946733	1.0901559539844496	1.8212554411035144	0.16823167394885424	0.354619505230185	-0.3603674351140078	-0.3914016000540355	1.2962484985733371	-0.6585340465628142	-0.06889607091161236	-0.9244894112907245	-1.7008164094655258	-1.618891280162298	0.28575476696653396	-1.447811057270937	0.42010923425605023	1.0717352968918408	-0.4923832767695236	0.15598232258532985	-0.15866286179424216	0.1127106235455256	-0.7950907543989228	0.484882127565075	-0.41681684762400445	-0.5349919774758995	-0.0037245316238910344	-7.869875588643475e-05	0.4350855961297645	0.7855717354627516	0.8134391488640142	-1.3019810429042424	0.43658280257001875	-0.026740351108863865	1.180329786205489	-0.4607855614472158	-1.2673601249713597	-1.527006832415453	-0.8788272509977584	-0.3851527752654192	-0.5900457912749089	-0.8435551469075764	0.24607231611369748	0.39373878151764197	1.8376456756628226	-0.1816696145183792	1.0025587422431632	-0.8173566972123445	0.6823889113526049	1.0663277121304153	-1.4202076602425198	-0.6592642704092941	-0.28356290127599015	-0.62461932820133	0.3646571715609163	-1.7141663472040154	-0.19384527552654623	1.7478547184135198	0.022640300058274346	0.33577211371066024	0.4045846262098723	-0.10735529965820632	-1.4376909171638403	-0.8685521043021712	0.3393415431437201	0.47253874009178887	-1.20262057793576	0.039080615364113135	0.9396741524049849	-1.7071894977122837	-0.6053330460683617	0.07033931962032057	-0.6093346162620076	0.012595221311750535	-0.2777967122980006	-0.35673634448694214
DTXSID6034764	7.798337115568688	1.8559273988467497	-8.114366745341178	-0.2295551546645701	7.765468401355097	-4.120908445854791	5.59503557240026	2.7717628135812222	1.7832352972498247	-1.8873454295610712	-4.007092405803975	-0.10108259141725433	2.072564722759405	1.5426297267509013	0.8535496787620964	-1.1699075761576525	-0.5321504881090537	1.0035463275675798	-0.9350584361457681	0.4955137566949713	-0.9778527388088883	-1.4276893635615602	-4.730162691923975	1.0393483421828202	0.800608200145819	-2.1175297769243566	1.9384078145295147	2.6300986141363993	0.5677215269222383	0.8457473906251823	2.4328717715458	-1.9845021949360169	1.9939684145759382	0.8042186951065492	1.116583583794685	-1.5585128547037959	-2.0794720744124873	-2.713012389314078	-0.034306895571512105	-1.328424044174874	1.073074606697449	1.5384653751970165	-0.28241351646757185	1.1050923196771538	-0.5591707596856963	-0.275631774186465	-1.2122504819814532	-0.46951437946848157	-0.04564452522514335	-0.9108744361735532	0.43058728977892735	-0.7235750049380901	-0.1970386553232348	1.0297175889020802	1.0058767314248618	-2.1990066440631395	0.5276215384694284	0.3515160852490261	2.0618706678278893	-1.0266195990199611	-1.9785387456936119	-1.0872846558260152	-1.6311198259548227	-1.924954022068399	-0.7738356888572546	0.619613083212946	-0.5259956737636546	1.1032015351869886	2.7091121038012327	-0.482119524803157	0.28436419122735324	-1.2211390376415658	0.3247093923148619	1.326501174987022	0.14188368485518177	-1.1646604250328811	-0.6875905836810496	0.8077932299166164	-0.19662611316795753	-1.5344624941405431	-0.035761159442943564	1.4196807360390606	-0.07833203563250299	1.079816082348849	-0.1466773221288644	0.1803944018971034	-0.9045001779902718	-0.1719623680830946	0.33089585761423834	-0.1437895086628535	-1.425731491242924	-0.06275234930778159	1.8850787201428292	-2.5256051780942923	-0.9801449878698715	0.4109368267978426	-0.776232976701068	-0.2574168134463217	-0.5493234845945547	-0.4845289799482623
DTXSID4034601	3.6436820830882266	0.9468402518958574	4.175695596649859	0.04414889322840432	-2.259804209048954	-1.8671139746967238	1.9410583128693495	0.7636918651672667	1.833177340520168	-0.24802537324889623	-0.2490220876034188	0.6545046941996245	-0.7430457937199884	0.558371926253459	2.9970979235875626	-0.5641599791888022	-0.047231921367027425	1.2881679011411213	-0.01387313643247271	-0.9112904939055751	1.1179140152910447	-0.9045038958690103	0.8163446092555177	-0.8899239840083918	1.9338060085165933	2.4831506557315306	0.25249469295295685	1.481506137323708	2.996064559811868	0.19525296321725896	0.7575577756120762	0.9529332148950768	3.117412594289245	1.513196700424159	-3.9792607346793094	0.6000591107086994	-1.9971626347811036	3.9127680297493392	-0.49176823473448306	2.140855589393191	0.3714876003045672	-0.31082288344667935	-4.546660777431958	-0.7557822237784545	0.5718135125557312	-0.15728568455727346	-6.032223657279712	1.7924884244232742	-3.3680189627044266	9.253755701676646	-1.6499060959899758	-1.358367843199172	-0.6864151215803548	-4.371566783487242	-2.3924246007037357	3.3953873042224214	-4.020575197547752	-4.026294867642319	-1.482604857576373	-1.3063130796073361	-3.090843849135642	4.783365530647605	-3.9576366252381705	-1.282986555241631	-0.8746051944914567	2.860390025743732	-1.1159543598953285	2.606597480912778	0.6916081903205735	0.02461312040131681	-0.18515092748390363	-0.5610873948383364	2.7486598079718196	-2.879482411026649	-1.0215594646107324	0.9415833766877689	0.4261053320795349	0.8227403136971472	-1.5788645416486062	-2.0732878572565374	1.4596413677117148	0.18491690211277345	1.2973086628159622	-1.0512559546533204	-0.05000257773858242	0.967961176640615	-2.1440564055633775	0.1986879773230968	0.1597218034359425	0.5086020288928466	1.1655292739391216	0.4545849118543277	0.4245309082925276	1.0380349887923135	-0.25691708616409725	-0.6405195747888579	0.09326215230703305	-0.40072484629686284	-0.7246325228823659	0.7715487207820277
DTXSID5020029	-8.072493096189621	-2.3983194484878188	0.0228214665814473	0.940421739915403	-0.2081920086114469	0.6722206075200774	0.07314428249759872	-1.3768955402562888	-0.48545205102493283	-0.0557642765445901	-0.2242900926915329	1.302315330187949	1.0140567366322215	0.544887025192453	0.9442705961926081	3.199085263886969	3.6533342272665656	-2.4941162016116847	0.6633420670719055	1.7382772970192286	-0.7668451132756421	-1.4624702042047557	-0.2996308777371473	0.04726574054804208	-0.5038428427133002	0.2914894235593199	-0.8439952379431029	-0.296221072938731	-1.1685826264075057	0.709013515540363	1.2071321298897184	0.47475889976821556	0.8801437775728763	-0.6315886752384645	-0.4273681433102886	-1.1929451605505061	-0.44131594023691784	0.3673680624767797	-0.22326748061841165	0.43241085514098654	0.6678256352842346	-0.2760579848378298	-0.7982021844672491	0.40520981713459275	0.4617258224856506	-1.4535444441198395	-0.40110343405780946	-0.126617574117363	0.07982214616012134	-0.23272519134046538	0.18505823396496712	-0.5058365179852156	-0.40680127214902	0.20221977177884776	-0.6695506417176444	0.5376106018986607	0.6576105268874771	0.2545172211770169	1.229353915935668	0.041681631539144316	0.4890363744471903	-0.8091226121164984	-0.8964620155876855	0.8879175840080712	-0.39824023405607234	-0.6324065930630518	0.25127264708926395	0.3232725733016391	-0.2508774650535612	0.7031184724381355	-0.8240768159368884	-0.24235879379736538	-0.8235973510272286	-0.8091377169240065	-0.44268983320872435	-0.33964665480296485	0.22637110075083788	-0.5688352535064425	-0.014064917907814702	-0.12100012818002927	0.4457673076647556	-0.14573476475094624	0.2358118319994877	-0.17679490944344775	0.07756920027249181	-0.3812372056334342	-0.06296915362573488	-0.1324042531361822	-0.14639999533186537	0.39089722077209593	-0.39135880077835966	-0.08830893145629136	0.027121143258820167	-0.39622926490354565	-0.1808450110801057	-0.5404132562573816	-0.5665319439289538	-0.13033269818827878	-0.01818342251254177	-0.39562617195346417
DTXSID0033334	27.455223874535736	-9.594121794302929	8.404996669495002	9.094978552983399	-5.303653313229485	4.829053842598038	1.619872077304115	-1.9053103608569948	1.7198235127206802	2.4375418877406263	-0.7023041119927139	0.33816395384674797	-0.5105922330639873	-2.2187659980068974	3.44487502870074	-1.901153992467255	1.7251277027901626	-0.7223057505098576	5.241532378030097	-1.6519657709331914	-0.42386126935158014	0.5797463686582168	-3.2992705857413105	0.994022334074093	2.2941142228606983	-4.928247819362936	-3.9611387426232403	-0.412774642255846	0.447596057656593	2.069298837480032	-0.053679376808051855	-0.6917589946544053	-2.971667900031896	0.9837085856786096	0.337752288952244	3.892489401704542	-0.7986480479335323	0.5168888475022826	1.467044182986679	5.814921697533005	-4.470751630272485	2.9078995155210636	-0.8263562359721265	5.516075288076916	-4.909664124560216	0.8672444048468319	-4.974698908455679	1.3387731392424538	-1.231334821482486	-0.47943130726375194	0.3091802407721174	2.7325560783324905	-0.20106214795461014	5.73433706558703	-0.29413947223418074	5.04071351217036	6.142359833137125	4.507372543070553	-6.076007975946978	-2.5307659337585466	-4.2165680076086	-5.420726363069303	0.2398864166365039	9.6826753929935	-1.1138302369000088	7.284348732508928	2.731404910861496	2.1691766117783864	0.6930058704177221	5.149540279514649	0.04489951201952025	0.4288310172808349	6.288878517206903	-1.6444804961503359	-0.28123851812368184	-0.377638698848144	-2.354916434575746	0.18603565974444236	-0.41426936422430677	2.0374358375684354	-3.919471063653839	3.519723783957092	-0.000173823174999915	1.6252501812815798	0.9292633935493646	1.4400808901695608	1.1645830388593765	1.250659604069805	-0.10583624915814611	-0.24914188181625302	-1.4749619194975776	-1.9472700176361364	-0.30774733150499267	0.20884431653023014	-0.037763337643975194	-0.10286118082053958	0.7712908166796941	0.13790855107967903	-0.06965888814082609	-0.11873603095883253
DTXSID7025556	-5.067180527687989	-2.7150703938593757	-0.6664799225795687	-2.888546382534388	-1.0485449240795954	3.5300066641830226	0.21010388231540997	1.0589556098028972	0.6479627259951927	-0.48767983098776374	0.07086451046046671	0.16469843700513195	0.595535502921453	1.6915198664764095	-0.054857834066328916	0.09982676954111752	-0.4692906670700405	-0.059880417538509194	0.4515176549853565	-0.6276305294836939	-0.05295172266125268	-0.24828466100835467	0.047274377967822315	0.32952018630552043	-0.11326764451190083	-0.48758093929250523	0.7850415210569861	0.2963928360560285	-0.04150164913541132	0.4751535327984176	0.09452384589914249	-0.12474884107940842	0.8753147341146769	0.15758954938709474	0.3069962261797584	-0.2041491022402638	0.015030741469969133	-0.601495405761694	0.7064968076035452	0.4361326788511034	-0.5937227780233423	0.24608766887176758	-0.23176496732657234	0.3470466462804491	-0.7364384271613292	-0.15523765350953211	0.010057698103791627	-0.5912814176909733	0.08525695099229623	-0.3655879262476207	0.36255856075680004	0.08527218052262248	-0.11710499262047512	0.0655055682006742	0.7404547832610017	-0.8353449194364461	0.2367628978784512	0.2419585608238846	0.34260573752757884	-0.5498896902046366	0.18927334367038268	0.39101592005502717	-0.6571399427001997	-1.105614250865795	-0.18942420391391734	0.6393585387512171	0.7607393775875246	-0.10206772392099227	0.5404613850461834	0.19023745888558655	-0.1639991122161977	0.03682369401257214	0.552500851874496	-0.3979257425195094	-0.33694273061125785	-0.34463419405113743	0.137527475135703	-0.561813578090987	0.08064271252498864	0.2511249969748272	0.5118374557532848	-0.7628925266599293	0.12491686115925328	-0.8438048671018532	0.07635183550116663	0.14002457628098963	-0.045565415124664214	0.34714755430080096	0.18516723874374663	0.31677451929313877	-0.13640960946223232	0.06854091642735859	0.9213840633746616	0.7680287300364514	-0.03855491815344984	0.2936414545554398	0.33918742416928227	-0.23367184285537976	-0.027114190662944383	0.10706101175969854
DTXSID7045863	7.833596112442666	4.191062410308619	-0.10722080832601406	0.7954857585472253	-0.31064681477737727	-2.305090216120685	-1.0842301801662313	1.4205911484580032	0.5977243886280997	-0.8040557423292911	6.948040315082769	-1.992285116104144	1.7487898047810138	-1.9929164435143079	5.841501603940398	-2.568726073807451	-1.8526897878003383	-0.5141833672313783	-0.537184108518967	4.801754394197668	3.2188530553197836	-0.08850921409085631	1.5006412078777571	0.7490502151869692	-0.007467948007379245	0.10145498772765746	-1.9648237393037151	-0.4648173443121516	-1.94651759723296	0.6672487861764584	0.22165210091673557	0.7110258630099178	-0.3889104051669025	0.13401536309736878	-0.1349712889618051	-1.2640767584411159	2.078807597973501	-1.19888780162437	0.6508075381571388	-1.486556927213502	-0.026851269257034894	0.3148320753335187	-1.9931609332962243	1.1998260472483997	-0.3754780349203787	0.11655156112266625	1.8375082303676424	-0.843154074803646	-0.22786712439223086	-0.11551064590972773	0.1072736720935241	0.25914276006429904	-0.4161510971529822	-0.09282390254354417	1.1789175368715359	-2.2185817336782434	-0.07900330366673058	-1.2138651503992093	-1.24492910404574	0.7640008241482326	-0.438088894541934	1.39924593853416	-1.344270909935739	1.1729370631025917	-0.8132734583863575	-1.2504210080566074	0.2147619714985964	1.0588129808373832	-1.0490609603353525	-1.2629054076589468	0.786137494965069	0.30402228110092533	0.5466866637763771	-2.174611014702946	-0.3426647522211788	0.7858520108177036	-0.5758589338443499	-0.7581011130369235	0.6625037662722584	0.6151460698122141	1.5796059512523875	0.10228640383402315	-0.4968334379781537	0.6743580072680729	0.44231995865105755	0.5599798011896938	-2.0796271590154443	-1.3980821080811683	-0.2577763332145573	0.7016602430718109	-1.1649488768115053	0.9803816653383065	0.09575376137408775	-0.17080690940030357	0.34821344061836	0.7391044963328607	-0.8773668385749027	0.27087051276329877	-0.11378134854014381	0.004604796400958888
DTXSID9029691	-0.6005988654471764	-3.9867670478768247	-5.749879203383854	-4.369864841500076	0.665639975931386	-0.3789634756683097	0.3491318256231115	-1.607616880606847	0.10971459254433413	1.722094616893417	-1.6256428969509453	-1.9549520762558388	-2.1178532524512175	-1.973049044793065	0.6541284487955126	0.0477491253738525	-0.4217079922633722	-0.303055652803254	-2.442476032871547	3.646094468372297	3.5220307339919783	-0.019586800762594257	-2.585846843340217	1.7228222615007003	-0.8529334838356413	0.6374013950881043	-0.5359854006951797	0.924784748327482	-1.9053371496143483	-1.2287421199666562	-1.9417189350133508	1.0790197552811138	0.009873292856929668	1.5855075800000389	1.2120185128140089	-1.7841725069719205	0.9491158021325512	-1.1198553688887338	-0.9869995890621407	0.5659070175044626	0.34547439043612	0.7825479458430821	1.1569573264993447	-0.002072751760983897	0.3085936772720879	-0.09379151520092395	-1.7646473417190152	-0.5992723118840139	0.18780346123616629	0.5483469498933865	0.2452964458093646	-0.3169889915886997	1.2729184536647526	-0.28937546063771874	-2.6917164092192376	1.4684968346930034	1.0870007265282418	-0.24295336510501372	-0.21240574338855892	-0.49618590555912573	-1.1401664165329528	-0.49672941520891717	2.439401858431915	0.2428936049009412	0.13569357302797502	0.6949459648948767	-1.8651183388783075	-1.1868388909288048	-0.8393864498272788	0.6532424015049128	-1.335806297279024	-1.4756453564536574	1.0637446125318248	5.841698436067509	-0.8199256004321186	0.22886644385311938	-0.5484778727598165	-2.351514481442678	-0.4260160222106211	-2.4735228820168236	-2.082488069015223	-1.3790722966287932	2.4000202908735715	-1.782962872943569	-1.219097278230921	-4.646697686455391	0.27971201819733627	3.3702679229176766	1.9326659436532263	2.672345666340285	2.51585253832729	-1.174348178015559	-0.25168050063841046	-0.4240706271554834	2.3145848266441438	0.7949151282440325	-1.4928713416301054	1.1507013446942111	-0.7499436750846223	-0.5744902615545262
DTXSID9021689	-2.947923844678617	-1.0352925894246945	4.9545823609474375	-4.45802699287128	-1.6944895794978667	-2.4529680081158967	0.08656354514513992	-0.7953599778001553	1.5396965563330867	0.7191470627629428	0.6757336422483388	0.25257277785676013	1.5534153663813715	-2.3821852764596416	-2.5341876299051056	-0.43744975751930754	-0.48095896290615037	-0.7456349990558445	0.04518604830589922	1.168583533278968	-0.20032239096556667	0.8554674413755892	-1.2707794773388386	-0.47276832018992876	-0.36454748309647883	0.17669674635195634	0.7955663426687981	0.14667677487450778	0.5219635843603851	0.6772300447922627	0.8500064095070323	-0.8542595482236318	-0.20922932854973916	-0.18335544774831175	0.31978972757950547	0.566123920302382	-0.656830471612451	0.06469746163255415	0.029374321376608135	0.4887105514120999	0.19039652496159934	-0.007988142094261604	-0.2671258338036631	-0.28311245894708476	0.2123108804765268	0.14140073664681974	0.1773177167472188	-0.3009338695004805	0.14361741108583678	-0.4543077693667047	0.028317499506474633	-0.21495886449935322	-0.23477175320040364	0.2005776748895028	-0.06844200360720203	0.10071375340953591	-0.30968300785908714	0.22821636633182127	0.1517107154634783	-0.15979765010862065	-0.0825998832899801	-0.30390572047348174	-0.07501313811940413	0.173932091418017	0.17991044743644896	0.5716428277786868	-0.6447144542688832	0.3992237390819511	0.12074459560233754	0.08786206304296994	0.7662018598593179	0.065707206604212	0.5060760456961637	0.031673079122423356	0.14231324932806616	0.06541065234419241	0.4714452587353211	0.09828429015574067	0.2585281537933473	-0.03870478707537122	0.5104226400664702	-0.1906968919311851	0.0812979816562423	-0.03673564511286097	0.1652963769394178	0.1795097713626177	-0.2382692188597536	-0.4643362574561876	0.11804928233986187	-0.0019881422915378924	0.1941820993522147	-0.11172383918673945	-0.08307759275283456	0.28067204060202566	-0.2180963671276206	0.33963714709125836	0.06730531288237905	0.4300190743084731	0.4190350359598654	-0.09579745273938695
DTXSID1049279	-2.5753725006384776	-0.08978523440224741	-1.2940882509679505	-1.8602757741236144	-0.32281672254266314	1.4073500825007457	1.8019882269290861	-2.3684685627875575	1.2901676345542048	-1.2096644534333831	0.5532242802633323	-0.8654137509167483	-0.3410327781718963	-0.47548894833705274	-0.5964002133166934	0.28162088426430726	-0.4177525242352141	-0.12173361674751572	-1.2307991869322836	0.8866267379430931	-1.4395934694582757	-0.6590045015620165	0.4711146956074042	-0.0942625771286714	1.7288849684676713	-2.1107812075771806	-0.26806340726719174	-0.27194917757957177	0.8064503431453987	-0.42553679652422044	0.5328568162500259	-0.03375189986440655	0.02122704944884842	0.3212090073249159	0.6034949314000247	-0.44561556085019244	0.6067166888482044	0.3258235425555612	-0.6812931690900037	0.21308334077614577	-0.09562738655723285	-1.4499803990415372	1.3280086020658688	0.5277267249316157	-0.5116547079838181	0.11970209457489318	0.2191564384594475	0.255199249800239	0.8168574070645678	0.8425535698595013	0.20903682798571988	-0.1136544949035775	-0.01828461502262593	-0.48218990593553374	0.23815793686972905	-0.13164502164747552	0.10629357711209379	-1.2657956799993633	0.6255033243422324	-0.5710791467066629	-0.5508941329193137	-0.6668584023507828	1.14864588585856	-0.2764065974739594	-0.27125744054996526	0.652091528925337	0.5379320824515105	0.3932165409481657	0.31527035415505505	0.35413199251136906	-0.12895898851642024	0.2787686187882643	0.07354603417884809	-0.02301160794101428	-0.15165185504499173	0.13628725787453877	-0.14738200105474888	-0.37658167644749924	-0.8285119623802225	0.4899412263849579	1.2263834915807768	-0.6748925133397808	0.7163980430716117	0.3436033855581324	0.305239741609537	0.390029720837225	0.34113332353335934	0.7313622929293474	-0.8998214844684259	0.8255376443685855	-0.23666490333927842	-0.5792083213846545	-0.48832979787228936	0.3839044867949574	0.3743264573150291	0.18351206099574507	-0.1075710402269695	0.6857084266548761	0.10788798187167165	-0.2879175432916715
DTXSID1046429	10.265300876004204	2.411993995969993	1.0784306865617634	-1.2992877000401966	2.5256899359994622	-3.584633428726142	-2.0315051692130646	1.4294973903624975	-0.9490258438336314	-3.3541133084225963	-0.6435132661689293	0.023997653092006844	-1.9085022145266164	4.09550629845639	-2.0979843001338945	-0.053684108792548584	0.9152788817348599	-0.9395207209988768	0.7702097859487849	-0.898908112292153	1.6940213844597911	-0.396732477676769	0.4548213021474401	-0.43012276363328206	0.6551465661339353	-1.366007221111091	-2.486650631161806	-0.13792596024638368	0.07307809400492173	-0.6834966099613635	-1.0502279955478282	0.49885697859035383	0.2936560496254553	-0.3152427663690304	-1.9546926827692508	0.43764888055783185	0.5859193987534559	-0.41449928165263056	-1.2909138432505816	-0.5227804200969814	0.32045773490131496	-1.0170022897476287	-0.30304774925403855	0.3527697920780606	-0.57002378574174	0.002923996117215695	-0.20344824275395906	0.01384479232261789	-0.10645288246187513	0.3620049329598307	-0.4600914902390682	-0.623756103491049	0.07158494465063721	-0.4905555225200549	0.019514792101864863	0.6866415456425821	-0.7148199700675475	0.19163199433400224	-0.6438149848823196	-0.36010437545197327	-0.5519078608150929	0.7070838413188836	1.3970681679871484	1.7893798861530876	-1.1805231561662528	-2.836725389635435	0.4686910022958807	-0.9941183512373152	-0.4931002131316951	0.40568303676302625	0.12034225341929712	-0.1968745079433935	0.18291398756005905	0.651279289563074	-0.0006510481354679155	-0.4260483771144032	-0.29129709858593955	-0.5344520968550481	0.6683872085483049	-1.7009949844145436	-0.16350757963177226	0.15350567246199695	-0.2679764867095983	-0.518190461979056	0.222104151953257	0.23723550335826538	0.10328946510974184	-1.7630137107482777	0.43804096151703137	0.35248357882809755	0.5742591357338642	0.43311938539231853	-0.34056240866373	-0.48797522971396434	0.43650221038171233	0.6308226430726865	-1.3246900798574763	-0.38736926872816557	-0.16119698893164497	0.31231822380094676
DTXSID1033163	2.7321281737734333	3.2688121585096783	-4.666533026480686	0.8987593251905465	2.5141127168208306	0.26188924338134767	-3.8075617656365552	-5.0088732118534045	-2.353980244749486	0.019868580937243877	0.7915542268757386	6.029996571391995	3.156868734363324	-1.9386399802696255	2.9375487435827674	-2.3769135449189127	-0.9243068589069152	-0.8198416309078552	0.010537855131407248	0.19081548749919502	-0.7189048685913632	0.8166845038114985	-1.0091972711819188	-0.09267032006965774	-1.3983561600515515	0.49686550194828255	-0.07085046859882864	0.8399875351552283	0.6309186848820322	-0.4560569084843545	0.08161742663078336	2.256235098253647	-0.5438983938732325	-1.4722114048792971	-1.8945697316939643	2.7339730995902993	-0.4503517195436392	-1.530808863617347	-1.7041647926210193	-0.17824536136997202	1.2584615351892963	-0.37688551205547627	0.05668376030427186	-1.526825314679379	-1.360195671516539	-0.7160175556651384	-0.2695613439779005	0.9141494554586923	0.6265017290448548	-0.5337098268647477	-0.23926071222133297	0.3733765850817654	-1.1789773536867223	0.379113107191434	0.7372585389685281	-1.1825688833898973	-1.1927103851975558	0.7290139920763709	0.6337776708831994	-0.027535962278681603	1.3563551206201945	-0.20787472448336622	-1.2964592744035288	-0.1798522190328629	-1.127068740710537	2.9608829051509753	-0.1482531843246596	-0.9771664009319927	-0.9044135196158838	-0.6055882746163839	-0.15497920727393535	1.5381924092112667	0.717861475958906	1.322269326939026	-0.6622365836832511	0.6940556729530929	-1.1065936505048393	1.2281613389886086	-0.9991506916826668	0.0637729985705755	0.48088954709646353	-0.5580082048816432	0.9817560392103886	1.557046091915835	-1.2831358797630892	0.4038648521023449	0.45571628684965243	-1.3036862994150924	1.5650814357737677	0.7175106041803604	0.33747396809304697	0.7650868266191629	0.4798484573578049	-0.32783225442932085	-0.39166133061749453	-0.5828878313347186	-0.027911306080325677	-0.2076026941040388	-0.04645159406268426	0.07164856462664473
DTXSID2057813	1.2013944042662377	1.490914189528774	-1.01257842755443	1.7646686670751568	2.079874759000604	-1.6559047908579474	1.4137784216248686	5.128416334659325	3.359625387839262	-0.38134005513609637	-1.278190209378871	0.05000145811663171	0.5568434236831904	1.3192237893273286	4.023172485564636	0.4108772594986078	-1.835936314717003	1.1015851791684776	-1.0555540406695545	-1.3424921500458253	-1.8514003668087105	-1.17168191490749	0.916048479745352	0.44779592257929823	-0.823006653821077	0.10153255972611265	0.4665056490246222	0.1908599625675459	-0.1798346656214666	-0.6721501289451193	-0.18158012698685108	-0.45452406466580275	-0.25199847180132234	-0.5230510271465568	-0.8950537464317321	-1.2902832660350265	-2.430566776762193	-0.19793355706352506	-0.20991087689851307	1.6040715131630785	-0.43852275044953704	-0.4253432733885059	0.2004435254336573	-1.2360753414806822	0.8029524092523423	0.18415683311605946	0.6148295524898595	1.7572026452212752	0.33066458915056923	0.15869330874464033	-0.14830384534575508	0.5375320875278222	1.0208693525120716	-0.1071006843655276	1.519658715572078	-0.9614603232576504	-0.04225371331434405	0.5795777067902182	0.7032164173795592	-0.294328491784212	0.8428560080965347	-3.479226819838064	-1.8890695084814693	0.3298212752479681	0.6890604154391591	-0.12440083047000644	0.7428793515448839	-1.1435034624652847	0.4655570302041284	0.6182706547798739	1.8338571285456944	-0.15897756105748434	-0.5599163882835329	-0.5289454011924434	0.7010558085525372	-0.08262509981155627	0.29227330093970366	-1.1528776173425936	0.2983572952941976	-0.39351794312900334	0.8764854499764454	0.937255757471905	0.5305037789102485	-0.7419324643656727	0.3255205591829522	1.0464116008401654	-0.8579690488181395	-0.04174917732867679	0.37440788016825244	-0.45967470996852944	0.4124575204057375	-0.28242922322429165	0.2783078327903095	-0.4850426842572297	0.04311333183839905	-0.41255825669482576	0.19200341036641969	0.5113998728412682	-0.09800130505227878	0.3774654530916409
DTXSID3029362	11.717890304446145	1.4014665992802557	3.833679507219122	-7.217606306942759	-3.34474974578311	-1.6979348686631803	1.3169574846170147	5.085592377378823	-2.939629075017506	2.551151446474853	-1.667737576998534	1.4562278392989836	-1.2353910315366545	1.1374869793267917	2.139787718519045	1.734818648114857	-1.6949879819666354	2.97023629599744	-1.222140969185869	-3.0830178890290725	0.18442265867201532	-1.4397731673927054	-0.4312447192999312	-2.4208429923515453	3.358367156244609	0.6072150903466327	-2.0169644512554146	-2.118603098675694	-0.6537180901146891	0.3478789233141949	0.6534687422329218	-2.5447191078184908	-2.6274672733788007	1.2297183651701284	-1.246684050705564	-0.1901521785775004	1.1785089741786354	0.18596290401860627	0.1071304729845588	0.9045940532308804	-1.307893989482427	-0.9551247154132275	0.4716582387340791	-0.18099290226790407	0.8414236686155959	-0.8083692454262152	-0.30477300684601843	1.5849413176095757	-0.24723513235646086	0.27401293941425625	-0.09441972347321326	0.053402763180197335	0.45329203057076417	-0.7433808837606457	0.8552399316724465	-1.9096036750189447	0.16406139287724536	-1.0876352407445347	2.166195296415286	0.31486252551754257	2.186294562917529	-0.06448734781051182	-0.9184984198161313	1.5343645336631677	0.895866096997956	0.1627915543427138	0.6492870172538218	-1.2311636945408984	-1.5272240188269213	0.4520435421816814	-1.444078121787049	-0.027592624232518237	-0.4517704584173268	-0.36171672247273273	2.62669263399645	1.3457492835258442	-3.1477784666351147	-0.44121916811971185	-0.1409969863109512	-0.5084356668629214	-0.3524209251264613	-0.6010116945491502	1.0868876395643805	-1.6083704567314607	-0.2197763696665652	-1.2271089770834709	-0.031999519041914636	-1.0844960605225307	-1.1500295556478581	0.6232071001749424	-1.2312330434215817	0.47705808614184997	0.37941254836915966	-1.0529703656480194	1.6290489329665134	0.2576571286113175	1.2802122627485317	0.5589545490156163	0.01945548458589094	0.668168824200282
DTXSID5049233	0.652362487858213	-1.2285993243629918	-2.5095720971663225	-3.1125538853632237	1.1866740673566394	1.876630169230987	5.282184950774398	-3.3518591955476777	0.5181632983975134	-2.3718990532311115	-0.6248100527834358	-0.26193672322275713	-0.11497560517412861	-0.17423760719683418	-0.07729342958943539	-0.39923337671847425	1.5404749096351524	0.4855524113595493	-1.2957694154183337	-0.5371045282020822	-0.8242187950399568	-0.8489233756174662	-0.5164032849756097	0.4155827113455077	0.9714459833683241	-1.1301418591450412	-0.13015683610012027	-0.22411142957554478	-0.179696174813585	0.13743323254850306	-1.3392338777392534	2.2462072091797403	0.9283714893401075	0.4744179271867203	1.2785027016762882	-0.23119547077541575	-0.36625879957897833	0.26494851139577286	0.8186585342684092	-0.6990956048537605	-1.7940560150585505	-1.119216601138417	0.07856208820600907	-0.8031240294946898	-0.35779053677069145	0.06485117861613394	0.946028413003425	0.4284145730025506	-0.30223800181405663	0.14542094711866235	-0.3986622079119351	0.16164635079356326	-0.46939169510220685	-0.3372303810234789	0.5114222747684708	0.5804251600093476	-1.173671478879714	0.07059815888269606	-0.5577843515851135	0.44988170859770205	0.26236376919838966	0.2025388296026646	0.5655542935295248	0.6076241072760701	0.17029148366767752	0.12577079523364834	0.773336754277929	-0.6477937928160197	-0.6952555456926358	-0.3585152999051142	-0.2551672650125657	-0.4083762936001433	0.12515858594724677	-1.3408306183310998	-0.37451663593642476	-0.03047666174721366	-0.10235288907021317	0.17184808484701927	-0.2937552822394312	0.6785834456019196	-0.3329682052468375	-0.8355596214375339	0.8117608909039506	0.10078467724886671	0.1429895074223648	-0.2784859910097518	0.07119387523243134	0.16591940996735363	-0.09121783003052777	0.7200817748827562	-0.3329160929853321	-0.8974269072729767	0.4313561658497976	0.43486642498559	-0.4840864310560531	0.7031601669531733	-0.33314957403303064	-0.11946681820448557	-0.6616241764125456	-0.19453845608755876
DTXSID3046326	7.860423197064119	0.4793675844951865	3.8459439205923127	2.8871161124123303	-0.12906158694861372	-2.059401009630422	2.4762135858869425	2.336528648639363	3.5072641823176127	-1.502832771033445	-0.5716708207029563	0.5397001968113962	-0.8812220560734858	0.6227132578385793	5.234199743992706	-1.3201572509450084	-1.8062252822281153	-0.45756769979890166	0.5803414752687154	2.203749591252958	1.5096997386106248	-0.03703618416073917	1.0014623272578864	1.1735601677822278	0.3785801451400943	-0.30332688676320824	-0.8929822609176304	-0.5952328474579456	-1.6571793367638512	-0.23319580127838965	-0.16738237906328005	-0.9367923228215337	-1.8494480133347426	0.3566668496300929	0.5719699565007765	-0.26969499996008445	-0.8037974194410364	-0.04716246084467706	0.09652665924076466	3.408539464730415	-0.8080829539030929	2.033246942885691	-0.24096690364814838	1.581902770841758	-0.9613745120948403	0.23684273567243663	-1.2638626823209878	0.02611046363318186	-0.4819459531450406	-0.23265092174904423	0.2729944262092091	0.9006992392463351	0.2872115281745882	1.773434612942011	0.06919399265663519	0.8589956832758171	1.9762124582272254	2.591890256809475	-2.1184296436992462	-1.229746346579869	-0.21802507740019797	-1.8312834700562082	-1.8828730225624566	3.9483220637418013	0.43739992771297737	3.2177969134967186	0.7645408024355665	-0.3613275652846044	0.21997696989057217	0.8962325925594904	1.4447002499551056	0.76576865935533	0.6808655702245062	-0.8380986839436851	1.1945098271241146	-0.34067841987000375	-1.4020460498969662	0.7745523695521412	1.9571759233007429	1.7087779302466988	-0.9703137090369258	1.7629171337152436	0.7215856511917648	1.2790997353242806	-0.44281916627695495	4.937112972100497	-0.7808726546382971	1.3853335339671173	0.006308443731070656	0.4920121620059632	0.15124824790503583	0.2587408784281562	-1.7038863203647283	-0.8919365176167737	0.7604541934542064	1.0955528034739104	0.05052184099663478	-0.4807605951087377	-0.2533572174399512	0.970479383195195
DTXSID8034588	6.59507717673165	7.266687312454261	-2.8658295070633115	3.653063060983587	3.0251318551653945	-2.220626807931258	-3.321480118363951	3.2916789801313606	4.4505008337007785	-2.3034315148810074	-2.5010203715866197	-0.5611485056270257	0.16037997279119687	0.9401665760736923	-1.1144056733646186	0.13207739349081496	1.7520467318840487	0.4105808301189139	2.243329873733899	1.0021092729742802	-0.4344969607855588	0.40932331565319796	-0.9204130449594006	0.7347857919428468	0.9284311088773698	0.09519088324422266	1.1915073321760463	0.8977230309806661	0.7300985584688284	-0.056759828989233777	-1.3188536780704063	-2.494262332517064	-1.4849862653166488	-1.0004321094316861	1.1193291179835494	-0.7272857988689689	0.9739129197206144	-1.9695452273783223	-2.6256086668228247	-0.8577725767339182	-1.8618882418599845	-0.014842947881989763	-0.6381494967246404	-1.1007193782932396	-0.2193505649559216	-0.18461387064634166	-0.4698542426042845	-1.5297056185014841	-0.8680763317139701	-0.2926741926773141	-0.2626721877946742	-3.8624176226920395	-1.0347917774026953	0.3729734540842087	-0.1957740816632732	2.1687198231673137	-0.8952734884451299	0.15255268762489882	-2.4072639424635813	3.578708265989702	0.43776069330838435	-0.6241522292924352	-0.41956826089208604	-1.4959259584952729	-0.9040345916713316	0.6394737066871742	-1.0174309996252613	1.3600772105061336	-2.782887081862284	0.048165576242798845	-2.1027300330776124	1.05362161607201	-0.8056397490982624	-1.3340885422437767	2.3900449582787555	-0.11855311018935634	-0.42787123021601225	1.2177700954258242	0.12642151605295224	-0.40946635814491467	-0.29379977431021576	-0.9475906815875874	0.19474896170206632	0.38540261586971075	-0.24877810163809136	-0.8662317956977699	0.4745851756840897	1.833967558022636	-0.25903829552424246	-0.02506493778261644	-1.3971695860064324	-0.9068998052367108	-1.488929591859459	2.762688235715594	0.17263012512169426	-0.20085539517859005	0.32259265193327374	-0.48709756298073725	-0.2436140654255516	0.7866422836650856
DTXSID1052585	-1.4114379514660635	5.0290828903069364	0.6574074136413585	2.088335561511953	-2.088929344987845	-0.13583168531508394	1.1532689533270346	-1.4266258155614762	1.6886545296329414	-0.9890002376655489	1.7201592492436633	-0.9314156663856332	-0.9329765629037351	-1.9545005426042805	-0.16256096932141204	0.7170945752742981	-1.3631509397568178	0.4745809467736356	-0.0775769096866881	0.39971475556361036	-0.6495185743095861	0.3372262278154443	-0.7829959770430407	-0.7528581415311602	0.6698226423982808	-0.5831576438547241	-0.06376633600350406	1.7570082068000368	0.019281590556930905	0.2407321298837106	0.2746647429123407	-0.15625373303143736	0.06898066983352627	0.05566905910103546	-0.14526151587608954	-0.13173441938017577	-0.26220899356031896	0.7830984353501439	1.3902131878670183	-0.6401983483626439	-1.0183454453157523	0.18261628683411657	-0.758720941736087	0.3446557388126962	0.20640139456781997	0.36959146368252094	0.681358227995501	-0.363302214158873	0.4786394132210162	0.347382050420992	0.45365976907553174	0.26927780524556294	0.15922854452984983	0.3341108395143994	-0.39796737146979067	-0.011950297659674845	-0.060123202695252176	-0.05208980888652404	0.40106972819052655	0.48735441886122016	-0.4523145939933827	0.1682851318463243	1.091889656124878	-1.0364963888008534	-0.18884336926371986	-0.4760508543566065	0.05419706145261799	-0.38258900438337773	-0.2435200946772334	1.6946190508517505	-0.9541488162599093	1.641437782147196	0.035153640142763794	-1.9703210940480484	0.213776394359054	-0.8781824838058419	-0.3810447224426509	-0.05913322070877605	1.523602767175027	-0.09562921689566613	-0.7127329922098193	-0.0022782117738058623	0.9289055194926945	-0.3897292578983756	-1.0857620110817514	-1.1406602778335446	-0.9868633838437528	-0.1578150746225138	1.3165159387858918	0.772449412388387	0.7308906829366729	1.2649276915534748	0.1889913794119778	0.20691893180901336	-0.44169033116679396	-0.6049699633204504	-0.24769395467368685	-0.6450426357192431	-0.07306256381126076	0.2800151028343274
DTXSID9026718	-5.0847550418794585	-3.1643963390563012	-0.3040848017231282	0.47715578911187756	1.0940165703646754	-0.2870199090856798	-0.39434362442708215	-0.7248778306758555	-1.2241360523078055	-1.2251859767414348	-0.8580784898196467	1.5595635449084204	0.5608805144361001	2.2552210465584612	0.7036850513279101	2.8796798259477407	3.826530349271788	-2.6931563250972643	1.2333491858128254	1.3682289192002928	-0.43326537772703944	-1.436434616332143	-0.07598343495454714	-0.1117955156824887	-0.5268900240699239	0.565731077088617	-1.5186500524473086	-0.15158236635726158	-1.3498733505951304	0.4258178900396847	0.6838891379470449	0.28954020577419215	0.7383545494296635	-0.6929800794909469	-0.06300723826161114	-0.9220378271078473	-0.41896580329993743	0.9812178759665785	-0.10347352443713081	0.5127700244872689	0.6855046129200536	-0.012384628695814208	-1.0834819661167496	0.1651205269979093	0.16870140179794926	-1.29425340329723	-0.2207343260583282	-0.14779922701795278	0.1524481767026286	-0.3152395471412844	0.16140961260917824	-0.2380022966592809	-0.408457995074082	-0.08368999689100166	-0.7829831260722603	0.4618318531660721	0.5191665302084689	0.37900292063114127	0.9879685266542814	-0.01068515416818839	0.556445138747585	-0.6705541745081214	-0.6874045909974367	0.4812187778320559	-0.23746576259981428	-1.1819300179699566	0.14486100450853637	0.28634806406285473	-0.024440131105958766	0.8333051266492737	-0.7538111897013903	0.0348386429956907	-1.0800874362046116	-0.9878173351157158	-1.6974794017271266	-0.2797423321179369	-0.15606341677874103	0.10150059164266034	0.14170199228114708	-0.3042541716838378	-0.03749211033097355	-0.02808818035074392	0.05672839440008548	0.13721917284316715	0.006794409452909315	-0.13798593539518167	0.18946061004024922	-0.2106352121576634	0.12466413305581184	0.0925457364215093	0.3056344822345513	-0.17151018195711457	0.2290944864149016	-0.2573588401341063	0.14788356237824432	-0.14964026201579272	0.18018271328823585	0.1453049365418252	0.08939624331385736	0.03108337463620387
DTXSID1027504	-3.204535794521535	-2.2768636281071313	0.4717267637853637	-0.43970018386488846	0.29075293784546585	-1.9249794734239551	-0.14868718783559187	0.7403367975972701	-0.21940049165302009	-1.4809780384874904	-0.5555722407814623	0.17932020870328289	-1.0007922095612931	2.6064741679008656	1.6540739930779276	0.8563933703786287	-1.061995663895673	0.23363321471341159	-0.5837810677024584	-1.0352209857144354	-0.10726144024893185	-0.478224441290317	0.6962780718817222	-0.0749755978711177	-0.41595844277151933	-0.31638647916596757	-0.37165634625165145	0.3950756652729488	-0.3906252277827635	-1.0457922802214292	-0.927701797651231	0.1504397301813995	0.6866516907592537	0.01270830057046434	-0.5887335796594974	-1.4364110334826365	-1.0634663035358471	-0.2035211004001831	-0.6827589734399018	1.3422376278857844	0.04943809270316408	0.39573818583602177	0.3399334174685561	-0.8880404475050283	0.03523886689046176	0.28980088196722287	-0.11840585200741406	0.4842758902121234	0.22308045603735008	-0.1225870830010312	-0.19528619279665682	-0.3706916072546591	0.5082217096986241	-0.03604138301245896	0.16284917130912197	0.43047190280060443	0.17454834855706614	1.2526789272389203	-0.48397007972937295	-0.35640304485317936	0.4046363652559391	-0.9863276891191977	-0.23039009088585669	0.4119340766701963	0.5209290771977699	-0.15746709041486928	-0.049235706451145285	-1.7614143185033166	-0.5216772364390446	0.1505940140096892	1.8083471666103346	1.1325793574433827	-0.9173915517441332	-0.8364697707538036	-0.35673016919202627	-0.41574421538622575	-0.5114561554907389	-0.44493068663591795	-0.18140122220557794	0.07348235852879258	0.9700143454265683	0.5660051281653496	0.10020028309174497	-0.2934571593356121	0.3321216625137557	-0.01359544598084934	-0.1898858829736172	-1.1025371180277832	-0.30756488894222195	0.7004051448968186	0.06763526042626057	0.37208297697256426	-0.4109518280333069	0.06863077561148434	0.18914506617465907	0.1934604922011084	-0.0529851759591351	0.1514771419630185	-0.05236578828322501	0.016055278280322438
DTXSID7030060	-6.923657458203617	-2.539298859096746	0.6044605810418716	-2.115472092665055	-1.83237166399852	2.970514194792957	-0.3803675954529323	1.9880523579373741	-0.284466590917939	0.5603547252130768	-0.19651311976669553	-0.11693399168465492	0.476854354442807	-0.6073062403146131	-0.7309522464066419	0.21970145843275218	-0.644294449063297	-0.2631405584198416	-0.0608151611765726	0.15427608738910267	-0.30735516758134696	0.035358961011678854	-0.3461086897335407	-0.7147979499774066	0.20575314394908836	0.3033933438409681	-0.39790759169081924	0.7815037589744681	0.29272721186055395	-0.2967309303026611	-0.4969238173218187	0.22077672173643886	0.8885398404798627	0.23748981596190777	0.8829510734217175	0.9087413308979384	0.469330016903516	-0.8350435273097124	-0.7884653644481839	0.25051048173490986	0.40929575845837446	-1.0342423174206952	-0.1603375260075294	-0.10045552417936107	-0.15734221564563128	0.1232308552995678	0.05321927351261517	-0.3136823495906088	0.2868073459617841	-0.519918309526867	-0.11840041410467834	-0.5097346621350859	0.18051562680653566	-0.12607452576272837	0.01800597716665454	0.27735275069845355	-0.33158166668892447	0.5552731045849516	0.11854938910176654	-0.5141253112589659	-0.7221099119799925	0.10564668880987306	0.6039640947387735	0.8055189462141653	-0.8779794390753679	0.418530693836224	-0.10024024977088554	0.25133399806526846	-0.5756163173759082	0.015768869388867568	0.7333678893790482	0.25252003002461565	0.15762998581145732	-0.8153978338283855	-0.28295239780049813	0.18038341974510136	-0.1927934725051659	-0.5865451000265512	1.2971566414681388	-1.734472173729997	0.2198209099711345	-0.7930009054536509	-0.34561179792699637	-0.49163817522386966	0.1797116281686427	-0.4150174800743992	0.4164599082554535	-0.2762448638296375	-0.20630086066437658	0.2552648157149753	-0.20767511874574995	-0.30727411483720707	-0.9246608794732454	-0.05523964103702329	-0.1486678387807098	0.024307580807623373	0.16241223106431446	-0.2546020514525122	0.030290982070624264	0.08649352414667558
DTXSID6048628	4.980544892133893	4.906126185602327	0.7380351796650518	1.6758580654082011	-3.015856903445938	-2.2909087079772026	2.5070440152115143	2.3443692894831205	3.5259144585354116	0.22131810864003126	1.638078249500753	0.6201133775632758	-1.441818969983417	0.6771605647014987	5.272220191004071	0.911746726895691	-3.786522220440055	1.2769913112367919	-1.6173724403780654	0.5437389743472251	-0.5513430189199052	1.7264600901062042	0.6118091551323249	-1.5765696355917336	1.5942674188812378	0.4583599467701448	2.970385515747592	0.697375728965473	-0.6538125672833192	-1.045860408955724	0.31108447671150075	-1.070919059042614	1.763718193722035	-4.415802396660112	-2.350525976334514	-0.5305873136348234	-2.724396664874583	-1.1425757598915192	5.0390288055696235	0.6701889814146886	0.5153169580430425	-1.024378392058978	0.1713494565999374	-0.463089003802866	1.0111511697853535	-2.612929648585311	-0.507570776180528	0.7183359312932797	-0.2115666856058206	-0.9143719158067135	-0.041877291420483805	-1.8519592430748792	0.7222546960297679	0.9351371253390737	-2.3919502041176672	3.3162281535846687	0.6783788760904073	2.473733495590467	0.49305447578794503	-0.17626756330593152	4.089822776106482	-1.9560746946150465	4.683866670978873	-1.7406554021419025	-1.4077844671401827	0.9013959670673181	-0.2834337628270668	1.0868974957275566	-1.388976638636622	-0.7465821971526735	-0.6627138782755015	0.5570629925978494	0.3274334242120879	-2.252464449649819	-0.9446742964328142	-0.21249843761463283	0.2338422221960879	0.2732106181595951	0.07480853918567748	0.7245101819320329	1.3559058592041724	1.0415137925860658	-0.5585467056611405	0.3574193194843728	1.3470084658204178	0.8640441474918419	-1.364926052959435	-2.7414915552529653	0.690988072639382	1.5166575736106738	1.3719530626097758	0.22734285098828566	0.20944838981398345	0.10724427215258682	-0.24905687675805857	0.947001719726265	-0.637742721458914	0.04318939463325906	0.06563315059818634	0.3851661258233555
DTXSID8029315	1.4186954704656383	2.0423577697783526	4.143476048074523	-0.7867675054003	-2.902531797049296	-0.9904451061830634	-1.527371658087774	-2.7045916305988786	0.10228101459561192	0.2246580978874804	-3.5895429551374334	-0.664103164689428	4.666956997558042	-0.7426644035270104	0.8927947907421097	-0.6472657514539607	-1.0413602745820008	0.7007643688719227	-0.25742814719530366	-0.6900482657064467	0.2960223453907861	0.5526288276967668	0.6443743935861902	-1.6270336392656513	1.6194139218635306	-0.0060125017926250055	-0.394756924831823	-1.3860927552801336	-0.251647404407205	-0.5963665108048058	-0.9973437575084002	0.8179460002031357	0.6342608961943623	0.8876841904153696	-1.081572786855373	-0.003407752529948661	-0.6702469577739446	0.5085381289884221	-1.1502879943834672	-1.1790662539119197	0.8034525111101046	0.14939453907126854	-0.6265108313383274	-1.1246832581862958	-0.18055118463039718	0.281245787706145	-0.8832195360851738	-0.11586406898487424	0.031311250930787356	-0.17122386828038247	-0.15754701906704768	-0.49860850826820546	0.15236349665261106	0.25991497391757273	-0.033408249463126774	0.5048373581754955	0.765254819065296	0.8875267480729506	-0.28272808818433975	0.3501180496683788	-0.546045363761117	0.7346081133353589	0.3834177087868652	-0.31058160628263626	-0.3100818809022801	-1.0704920688537825	-0.5993574762484889	0.1586675932928539	1.0085136830864552	0.8921053185438114	-0.26581507081913985	-0.4704964232573972	1.518970369449249	-0.4137691509097332	-0.6557618149054052	0.45448191837778446	0.767888223769222	0.5296975502765412	0.15617277086521855	-0.3318921390714181	-0.44287541635143274	-1.7731697766281969	0.09161850078790014	0.4467963049671163	0.36082897924826124	0.3917584920571851	-0.6037419987868459	0.5431471588989728	-0.1039376506271497	0.012064497082876692	-0.16662367150776833	0.6222840672033748	0.5657491211058602	0.8156304536497873	-0.8732846122686068	0.2575458704635647	0.3080821714811018	-0.3905766971003441	-0.04947076137090241	0.9064737582316472
DTXSID3044382	-4.255955230712818	-1.752614618122274	-0.8658539617672891	1.688161603506872	-0.473772784176853	0.07383725323432803	2.980534556810754	-0.04287071930990404	-1.38778504458944	-0.6560223804131926	-0.1913669789592632	0.042145493891654034	-0.13718705841283899	0.6355529662842218	0.5165072686013292	-1.267175448031694	0.6770619181115433	0.18312523514670614	-1.1986624440971356	-0.5430746987097563	-1.074744209123292	-1.1902697200399686	1.7242507463672623	-0.19151057974540006	-0.1127778738788012	1.5653209042863567	-0.05045163785597451	2.9832763210054973	0.005976605680985823	0.15695985388870007	-0.6873975552490031	-2.2002535483492336	1.0124466161915124	0.2916557257923622	-0.7453387893794877	1.7095869008284803	1.0008313740879764	2.8150536710960132	-0.40142933670872305	0.010939937291936626	-1.6205543009716596	-0.34185329861082825	-1.5186681442641992	-0.894601573721465	-0.2699093322399878	-0.43135650414264765	0.39177982236350434	-1.067859078797136	-0.041828785656324745	0.48128660171957327	0.3660497139044119	0.33280199020568224	-0.08968767659141369	-0.6637048694706061	1.905398767104266	-0.5290986768255362	2.167719941675888	2.5217204851291912	0.9077367491514771	-0.5413884848025735	-0.38487053096197965	0.09151635588089152	1.1469633492994038	1.5688395633111545	-0.3906958837082153	-1.1297510453479875	-0.2273360616976445	1.5456787724209702	-1.4370501755035843	-1.6992598907508358	-0.09720962795520993	0.7173552210141944	-0.6030099173330968	1.9147122586905585	0.7957933721865904	0.3027933595300515	0.43732268767559374	-1.0002703372953055	-0.3170056944087545	0.8095203043134654	0.010780694644220636	0.1364253860816989	1.0813152837153643	0.14689071408678844	0.0031468095149315626	-0.13186467010068914	0.17476064417273443	0.10392179755356849	-0.4010660131496293	-0.396370890922721	0.059917039125884086	-0.15397100981916662	0.38049367198846806	-0.0313971791038819	-0.49849427635119425	-0.558021549012942	-0.3119772985924423	-0.11376291274889175	-0.09287497061205341	0.04880312744995904
DTXSID2020844	-5.734871857819761	-2.8030015833718145	0.3757141029004033	-0.33845600576196855	0.6597854636678651	-0.6685429267261326	-1.0482404254028528	-0.2957852061696845	-0.24253515294913017	-1.6350886331095476	-0.7443584415535879	-0.04834754992604713	-1.0885668725589708	1.6376932839601124	-0.14546669729365178	-0.2828477773993961	0.19305874490694575	-0.540630628699848	0.45603322118032424	-0.39534142974164654	0.5599799500951206	-0.3124786865490235	-0.2107415590962102	0.032223623008826	-0.0018651773933341179	-0.9646060910708434	-0.19389282471359856	0.7459386448428635	-0.1651096675279623	0.3148955665884862	0.021716087188470116	0.15595201669431877	1.2488447893909032	-0.03946244373557088	-0.4407730250135586	-0.04980527477817666	-0.24888155771712078	-0.7061307128109089	0.3331404818140429	0.09266150863316201	-0.4378636596506756	0.10940465083740046	-0.41029048297171206	0.5371959250086062	-0.8504219584432993	-0.11454535207579958	0.05602268308714696	-0.4360612944553934	-0.16715401395933663	-0.31573343859892333	0.06586277089205791	-0.1396403408984736	-0.2553413208514761	0.14681654311681971	0.5521194197301524	-0.5136275087396684	0.0507744202706761	0.220251487810021	0.060385880672257045	-0.4391733129277442	0.29685682561190535	0.4415081663266144	0.1629116310734922	-0.37637818496164843	-0.2754058587411618	-0.20696883692335002	0.4385251729162563	-0.3683305970776486	0.65509951285887	0.024864219476317388	-0.2775746964206338	-0.0001980505231168622	0.36831355864993004	-0.14988365171099075	-0.7912957640172873	-0.4696623546319906	-0.1321772042405251	-0.7863965802017098	-0.02964338410959555	-0.4153273638177071	0.2634367682649682	-0.1790528908365928	0.19170024835794364	-0.3258930110359398	0.16594308518624779	-0.22354956452559363	0.01040732771548702	-0.33930192002484927	-0.6006781729084313	0.6664285766906689	-0.3651485347722429	0.6239514989823542	0.12695228960938265	-0.21054808388065935	0.28321941724828226	-0.26237565762881876	-0.32830180785612134	-0.08686313217876686	-0.43750329297422136	0.1090688960035158
DTXSID3025548	3.813206171386718	4.511228616343028	1.2630788507388035	1.9052466091448501	-2.9739504109268053	0.274666250187638	2.025622709998115	1.6428925081672723	3.050893807676419	0.5905572073485359	1.0590531962086949	0.16743648430421548	-1.484061219431701	-0.3923388999746137	3.847464994417596	-0.6615111458152478	-2.026593140046169	-0.2825110341524965	0.08552217051654121	2.4422360797946365	1.221627795621949	0.3193718251280322	1.7842742110242331	0.43185792272977624	-0.2963233613685982	0.14758142572803712	0.7336749701226069	1.571023980097825	-1.416580219760412	0.47483648835046405	-0.36145324932805223	-0.7075668602203505	0.20160552476103374	-0.6986664600766216	-0.07792432392946307	1.5407191328386631	-0.7894652133751029	-0.8842064779445991	-0.31708893370831304	-1.5231347212151325	0.23131828214979958	0.2815869719251973	-0.819489185017744	0.22727785572473477	1.3264605998168695	-0.941169382972516	1.7535216665906392	-0.3480990552203214	-0.2826096652652345	-0.30260150432470967	0.0779499031231691	0.16832396879032194	0.7348391955307544	-0.19052359246273443	-0.7541604921088282	-0.509440886408995	-0.7155915911375843	-0.08280524851423922	0.6076928281395024	0.976125735481963	-0.7554634401836808	-0.30420218786963876	0.517226734833969	-0.6233670828498812	-0.26421048860106144	0.1020534931946339	-0.11309451813141404	0.49454120809098945	0.23583975000608295	0.3330652523435776	-2.420233212756706	1.4477405813505018	0.2682011481108486	-2.236663169065405	-0.8024074174466833	0.5022206713002384	-0.8268246283171218	0.8143871831105046	2.630083499974028	1.079870161085418	-0.7372883360120313	0.16594226746830307	0.4489976552683685	-0.08337053930711928	-1.1271584613989747	3.4912856278080273	-1.2861395438501775	0.1833457210827281	-0.3665801689648061	0.384698178727067	-1.2109232216200576	1.1047178960499202	-1.1880165361958834	-0.5450164357339672	0.11607087700160748	-0.03578110231721193	-0.21674071367160594	0.18650500028629585	0.2627322214226506	-0.5940964631111426
DTXSID5037028	3.694645545675576	-0.386683251475443	6.062954484924123	-7.751597463658459	-2.6768048876206234	-5.299241163741399	1.3979593155820884	-0.33531878712404656	0.975920244827864	1.2182590321098314	0.6085101688328528	0.8815160153654436	1.2683192785984272	-2.4569319776222445	-0.6031978632047541	-0.608698574350361	-2.4067408307182854	-1.936801971839569	0.22699406797319582	2.599101226501384	0.5627998275418079	0.1709183933634288	-0.8240951275178579	1.2917732908698272	-3.7815224516754986	-0.10545287659312412	1.60983437020155	1.2734504448571777	-0.4763526197710152	0.9785343783844969	1.040380234014827	-0.8943967327504309	0.5666846265465801	0.9897556818868444	0.43523116988791205	0.500084345552189	-1.7221635224290002	0.22027869893240393	-0.33704055142588246	0.8612412156549242	-0.6500821188817828	0.10591368810124675	0.6182711816128817	-0.3944450160699981	0.2449011992071925	-0.397327594368674	0.11740821230339607	-0.48884134290890086	0.02110096727455262	-0.3421926547171289	0.03679996828049083	-0.16454090983715072	0.38846607202198546	-0.29333207890775337	-1.0543824753847069	1.1035506347049246	-0.1389867009650216	0.11808317254670762	-0.16912038637030208	-0.5492027855852721	0.5211144905601638	-1.6252716505651417	0.254187192862812	-0.5127918592814171	1.0037295127156096	0.5283249996200118	-1.2865645461702135	0.5200156686218906	0.06706502631779719	0.3810998833154453	-1.3005614653785618	-1.1883249798711937	0.5033081419055087	2.192688882848945	0.33064766845521315	0.6369342392848542	0.6695903812661799	0.8819172935693298	-1.144572538532645	-0.9723470162338738	-1.1110043680004515	0.10902997793286522	-0.45011063649296756	-1.1172511733628492	-0.3667563523904109	-1.6949260896596579	1.03464859790545	-0.8230664846147437	0.9206289794853902	-1.5046875360830696	0.2222295929262058	-0.13326987335638005	-0.2294052975444131	0.03414309392382851	0.3507257172420054	0.15334504566639723	0.2980917698972225	0.15618022652668567	0.354053944981535	-0.2999259161782405
DTXSID2020929	-4.863467315924541	-1.097764531956226	-2.0234441044497795	2.7436268745927395	2.8844767368746385	-1.1936055806662982	1.2788304538173623	0.575360680937631	0.21775134058425233	0.1210264127255066	-0.5430987102170944	-0.7870673907054959	0.15834148559326516	0.43757046635905145	-1.0649675192162156	-1.8164337713586296	-0.046949101184596435	-0.5315795042408146	-0.7573675418714039	0.9784846393671393	-1.8801170488476564	-0.523306951832721	1.3034968354068968	0.8380523595554382	-0.9994378222361102	-1.2057048762513451	-0.8879255145777271	-0.8379660807878941	0.08385919255024986	-1.032487234452789	1.6206031357765105	-0.870649557334129	-2.482944277960829	2.538401979106695	0.3775169277938876	-1.9209583017936598	-1.851618106165839	-0.5524990403716837	0.5629544060918625	-0.34055093770512057	2.0295865707364564	-1.2296515415263989	-1.1667055247123472	1.8324263606178546	-1.787638017683078	-0.3543434831181977	-0.8159444769251271	0.42374357738598334	0.7908638916236649	1.5785476784500951	0.7918552320141563	0.5927469575995957	-0.0026527667422925408	0.4806148691380537	0.1709777508957535	-0.03867672972178829	0.543287322191904	0.5771982043845907	1.0427583043492044	-1.2654260746085786	-0.2299482377291887	1.6095588925657422	1.415266082952317	-0.4879859456723584	-1.5607039331725552	0.9996147005163001	-1.233164923109868	-0.5605804722295797	-0.5247958179372859	-0.0834217445095004	-1.1523532187908796	1.838688922537135	-0.97164195180216	0.1154172676389581	0.14635670419313848	0.5064034601129896	0.7134646694847262	0.2996921559193054	-0.3462570254990354	0.20956784315168714	-0.45533508437210485	-0.1409491095351289	-0.8413039240535496	-0.41541533924153823	0.762370995616999	-0.012598498804737176	0.8177618806202961	0.12095791823320566	-0.6381030621210083	-0.0862605684008949	0.04784574758920355	-0.5110939342607266	-0.5088314041748916	0.020591678221574174	0.0005447000518072185	-0.3060896255002363	-0.14459431633603356	-0.19063209311765336	0.09397024049426053	0.05184756036465673
DTXSID9024015	-1.073773558153797	5.206360302881587	0.34972891997541083	-0.006390849178784623	-3.41773176288543	1.7816891004702011	-2.0382614482412307	0.8851908753885036	0.6832265644628043	-0.8778989403651166	-0.19211951931333102	-0.3575556526813565	0.10760773242373595	-0.5560114664973542	0.08390323002587757	0.8609476527743721	-0.12207661600326762	0.40505924283535094	0.3553373375644154	-0.2863326319408713	-0.5619908541686293	-0.293022425701021	-1.0408408868030976	0.3484696715018086	0.6201796628850277	-0.30297561163473014	0.399289733489548	-0.3335962042060025	-0.004542547012144808	0.37734252528424944	-0.6263551733046452	-0.7760781642839514	0.2169838939560748	0.320222941727734	1.2960773843284807	-0.7074163719311772	0.7911494716080784	-1.146218485570943	0.24103420620240373	-0.6750445029853156	0.4405983840163928	0.06807621417465633	0.6089182999405943	-0.42284280694414295	0.01697730968996603	-0.22009006930055364	-0.7667172287214111	0.3152895301095808	-0.09864313190317724	0.08016413672905398	0.025587697693567356	-0.23910121497583225	0.46710491395194786	-0.11613220230010117	0.48297491243522395	-0.03532174526813356	0.5128245957278234	-0.4585844614753942	0.9288551043729033	0.7416500116762234	-1.1202926566426492	0.11804431000858195	-0.8203014126561506	-0.23528104549770967	0.26268888278310715	1.1414004958117514	0.2821695342794963	0.3487294516492891	-1.3137115224673048	-0.5296852510664252	1.320799932846275	-0.9666608394650615	-0.15080137990994158	0.7653822502861087	-0.8111907882083298	0.6132113673489282	-0.6672167319478945	0.46445675864633545	-1.0471960104881763	0.5749027828205473	-0.5452209530353215	-1.1262194851238048	-0.10905269654417081	-0.33880766976395554	0.29631979048073165	1.1878349843338547	0.054881623554744505	-0.15658182351900274	-0.3169868301818587	-0.3760203900832156	0.45816596484356203	-0.4890725196725103	-0.040017614150876055	-0.4688039752236296	0.42669491415627564	-0.19726669252579845	0.10031770907446147	0.6062712383357334	0.1554675257960632	-0.06657193896208717
DTXSID5042320	-6.270567826109791	-3.923450573920646	-2.0603952320924526	-1.8085074683447881	0.3839561668856378	0.5071978751644013	-1.6390661155802257	-1.6142809081222451	-2.374915150401568	0.8133505007197096	-1.7015524031689049	-1.7536425616547646	-3.193261616285425	-2.6158749665056864	1.338508939277397	1.2112939952038133	-0.5304252688759884	-1.8967594005027835	1.2616279542953526	-0.10203418710343554	-1.4248768194070967	-0.2673970109294665	0.9834521073990793	0.6852935621672602	-0.9266389379399295	-0.6559116087919786	0.645397934648003	-0.4369562333870224	0.744722192852876	0.3661338846059257	0.4332416943991058	-0.8718119413058906	0.6581012096525628	-0.7310230377828801	0.6171016307124232	0.5457081465520082	-0.22319395387668334	-0.29331193901930164	-0.1389861600394167	0.5712881783940386	-0.23861130686909185	-0.1635734163172077	-0.06791231840676508	0.28401473237902847	-0.01431368536840347	0.22462208626602204	-0.08759817142581848	0.010002451223634997	0.029365951216574947	0.4379499130378562	0.19686582612988515	-0.03683187687192036	0.4262325609604891	0.3229996721689928	0.06809419860388631	0.3449304044456563	0.1258900280755835	0.10029394331298032	0.15793181605666542	0.45893000394951866	-0.15053086136960298	-0.16046384105869307	0.04816941037713873	0.4041563108525005	0.16838226738107417	-0.3903919747030787	-0.4080892176473312	-0.13035781014544268	0.20616834693099953	0.029481576038930188	0.5043454810780212	-0.4497734040286548	-0.05457780894660878	-0.2939860006651943	-0.13128450144496584	0.28139138858378526	0.453169830936297	-0.32117258836503226	0.07001373088121521	0.011081584819880058	1.0261904992426298	0.4588502954682259	-1.0771387696053178	-0.6112064725754661	-0.7010471238962148	-0.4412533291644327	-0.010796742141467546	-0.13929512049223658	-0.753022972193464	0.3950919621166868	-1.078276524882149	0.22965575653925902	-0.1865892147638448	-0.4872489869537898	-0.8994550129160694	-0.8951263815206734	-0.5279565945352733	-0.7929682405821621	0.001504917280665576	-0.18127501793266956
DTXSID1023102	0.29869076033502995	0.19975306525326753	0.21640140245515088	2.3816749766946965	4.295170553030264	-1.6627190433068324	-0.635964185141599	3.682404089793737	4.456996609186306	-1.3645131912800819	-1.9993113649351761	-1.1865679911830345	0.4354866524493455	-1.676179106224538	1.4802773780989658	-0.4777164548794782	-0.3357578655768594	-0.25675921492461895	0.2460525453496255	1.8818458180353628	0.36305009178626624	-0.3758308674409589	0.6463315246213247	0.18240847841139599	-0.1348300327260685	1.451881556903137	-0.7900145627358497	-2.2553159935160103	-0.5905908373287583	-0.1505935263875659	-0.9639972550550465	-0.2674741595271767	-1.240825751098936	-0.6756475617620852	0.7211949763245968	0.22373953423552703	2.1543306756370253	0.46296818480945795	-0.5562345237411486	-0.20160846004302133	0.5178881399203906	1.8074326255706041	-0.08991914017549633	1.3636704442342593	-0.04407435843605564	-0.22662690037282834	0.07459722678612979	-1.511881290263167	-0.21124040081496695	-0.16594175948344425	0.4294015912691693	-0.052254904827065296	-0.27987575023642075	0.1472357804790549	-0.7583535527540947	-1.2252589896389519	0.04128085787799806	0.6535863061985703	-0.5897778454289981	1.1995097258703908	0.12031182548832287	2.507210003708084	-0.958857197796141	0.34176273238146615	-0.6294959281769239	-0.1962983720689892	0.05784756834646544	0.9758931500270681	1.099391336878508	-0.6431182304936867	1.487572950847911	0.21010783578892078	0.5429600091412482	-0.7345010689660753	0.6788646081721643	-1.3813232749256443	-0.9027284689654711	0.573886530437573	-2.586570224437069	0.1650845546396735	1.5823904995883715	-2.0905910779505286	-0.2752738523216094	1.643575875476825	0.08073762199822034	-3.0429621714264585	0.46942940968834623	0.07267519528127143	0.02825580002540599	-1.0043865532380531	0.5848705192630306	-0.5985166649885979	-0.05129368412573031	1.4089319625814518	0.8018222167495079	-0.9708424736988222	-0.08081737469427776	-0.19922304775777447	-0.29859677460446	0.3795818349795276
DTXSID3047974	2.1018725764406496	3.8319391644432166	-4.225427011914907	3.305175040825586	-3.379915966218703	1.2403137164827076	-9.132411708855695	-9.047167517990982	-5.967183238831791	-2.7946975330989976	-14.012626793810398	-1.1860268186288758	16.24595682147299	-0.018480339088100903	0.8033249388826909	-1.48721204065732	-7.173169864692026	-1.119112581041012	-2.5006562324746384	3.1464888965472095	1.231361201917537	3.605544446931452	1.6511575419928781	-2.60862316135779	2.8213960484305263	1.8889115155710607	1.2802125207728245	0.9743283420471676	-1.1713531102717363	-0.6966183654745597	-1.174124620091656	0.5214846877131232	-0.4464363796304953	1.0500501319986344	-0.8534772606790445	-1.6218142916091431	-3.187072076805159	0.41673537320088744	-0.33585392149424764	-0.5225248001451134	0.05040653285860152	0.338602907775285	0.5901397233895306	0.04263144318686066	0.9981470718309764	-0.5726294537551274	0.36716097096383304	-0.32015029336177214	-0.6056673586185796	0.5614499285783582	0.1761481201312755	-0.597024530007139	1.1230874387477598	0.6252632398961102	0.17782270267056122	0.08072438077936825	1.0910753249522531	0.13233034543194871	0.13217560179345594	-0.4955885423033857	0.5785079217065423	0.05010835087764893	-0.8124847358922948	1.3845554342390054	0.9989844158588969	-0.8302348597252318	0.9241393830674586	-0.744667278177226	1.5962822913133432	-0.5445456254928829	-1.5350758028554825	-1.3268151451679273	1.382861280139223	-0.7844450810327541	-0.8508170765663288	0.7521430605637147	0.6979204525928043	0.07929678685316544	-0.8597568770959595	1.1055066741247053	0.8961284011418226	-0.7529447244828786	0.5630810620892364	0.3022429693624356	0.09208767715015015	0.7473828828123016	0.8709154737032333	-0.0642021709934647	-0.017731154358063054	-0.8681356192178519	-1.0883081971959243	-0.6479946137609829	0.3450486285124374	-0.4822422822875486	0.3372705164883344	-0.5028982582073721	-1.078306989718642	-0.8732540992758282	0.12696345077556792	0.20140980965418734
DTXSID4024800	-5.434115160648967	0.7011481556473529	-0.9504563855676722	1.316753469825624	-2.136176661149764	1.8161470933016612	-2.6513751159889107	-1.4727518175531351	-1.6673666177656072	-1.1516078686716853	-3.6370062115899415	-0.26022174435214823	4.1399238034760515	-0.17995350975510302	0.07457717950384979	-0.815932182560784	-0.9873520430680975	-0.31849076008921784	-0.5828154540746529	0.3698163902244405	0.7379776055632542	0.39956461665101056	0.8771333876069097	0.14025751782035567	0.18219878443540868	0.03847094564511136	0.29984141994466057	-0.2274459417544975	-0.113122423960717	-0.2116356839467985	0.4176648826969523	0.050289972596356335	-0.08306927799230975	-0.37776373750024117	-0.6189495295952845	-0.34270942357256323	-1.0283328694070448	0.038832051324778016	-0.1130387985037169	0.2506253390473533	-0.16343283278828122	0.44045551869885974	-0.22131994877141611	0.36299145709280917	-0.07983479465321076	-0.00694497823308634	0.26250469436658447	-0.2914590285200021	-0.28913185091310617	0.29957771056276883	-0.0216061400817004	-0.21848866942438477	0.19616979628044354	0.2008727709789638	-0.23044863473840158	-0.12512492710231224	0.4305721263907694	-0.050756690987554996	-0.5816835887529499	-0.11035274659353395	0.5057418108630667	-0.11372957541391088	-0.014937670994756359	0.5851120622912145	0.073119780440817	-0.4923866406683142	0.035275570599675045	-0.4290578245251375	-0.09385335907180123	-0.4205679538314511	-0.13273236364491064	0.03274650738944358	0.17067732437908636	-0.04739125075982012	-0.2694197990606639	0.07581415499937348	0.411589115408479	-0.40991769096433606	-0.06315978161041408	-0.10019941329636321	0.15597576770048022	-0.18956360104924327	0.01640024106589271	-0.21160295945292246	0.060542305605322845	0.06481218400498881	-0.07566568281840667	-0.05694006877538376	-0.040609331356177905	0.06507919505953033	-0.4107454681743664	-0.4358720572841533	-0.1431145651734066	-0.036127941272389	-0.16035075894531622	-0.47936877124177196	0.05717394702757741	-0.053113043229004606	0.07198667335418621	-0.017035292597349296
DTXSID9021348	-7.356638090493885	-3.076028746643847	-1.4837268791820306	0.4133260840579878	-1.2595435990173045	0.5050987265932684	-0.799244952109927	0.03968197933366256	-0.5538483518169665	3.588569629895444	-0.27924804382080226	-1.392863693709639	-0.6826230751022377	-0.27768729555042954	-0.8390472230748501	-0.24885882138800156	-0.7627389806387214	-0.8945376762812947	-0.3466846222808676	-0.3447463757540523	-0.27345996836100733	1.3356029424579392	0.15801451909313485	-0.291001499244419	0.06026882500572519	-2.505906970796444	-0.3702283362747746	1.0309586814395721	-0.8725807128961378	3.05074246237426	-0.20869000501859392	1.704149884079282	-1.1713958059962595	0.27519575949368	0.018021081479582163	-1.5638627316593885	0.7819718267808088	0.3377808955149043	-0.08922034351654284	0.2648005650765336	1.105754692157302	-0.49206871375150313	-0.05252178179959388	-0.5817924202094361	-0.4046138600270213	-0.06804913339495544	-0.6632662087606896	0.3349566538448444	0.08063695148725568	0.011857097495469218	-0.10174809321820057	-0.391671757517134	-0.3154469494293871	-0.1771937783624151	-0.047502506516039114	0.28526156886060394	-0.12259003644388643	0.20074881216720433	0.2577422075658988	-0.5235684516908472	0.1025118917152733	0.7155012391347118	-0.03522156873785107	-0.5256491640528207	0.6687903435760576	-0.41898595392880744	-0.23545406901026994	-0.22069264622191392	-2.532852277016375	0.08461097593009026	-0.061442445530378115	0.4804651695205719	1.9539750932106044	0.45548958995565114	-1.0986202110522043	-2.0534116253766475	1.0705803928937332	0.0840197704849187	-0.39375335849802234	-0.24929949950233102	0.9200222632317493	0.1037938428808936	-0.45875737032091785	1.9010882216877114	-0.027223969085665753	0.010776377275424982	-0.010965224381812038	0.7159920324131354	-0.4458632166608817	-0.31415693588354926	-0.06349556442293212	1.0863971456612873	-0.20548397316790648	-0.48935150088306145	1.61331395462352	-0.45337939765124863	-0.8278742018984965	0.19770693922722146	0.0846494929263696	-1.4155058268742162
DTXSID0037023	0.32106128441229165	-1.3093460000771682	-9.557742374893632	0.8284699991277213	-0.01033049814469375	-1.6291485647401056	2.8909714611175232	-1.2460178930438754	-0.9990392160357693	11.48146093033561	0.5222711189377411	-2.5168147868916932	-1.8536869245927	4.824422729909756	-4.291524404724417	-4.145375857127453	-1.9012704635718904	-1.6286274463798982	0.6637603071183973	2.852497565356259	-1.6832411236517069	1.9129556643636474	-0.23689423347766184	-2.179387038450999	0.6828950070140938	-0.1396171043057291	-0.7641970244935478	-1.787074637756739	-1.203145392199395	0.9987425619053752	-0.023577859598449505	0.8118595620524002	0.935799106674594	-0.013009556673537615	-0.8601020939582562	-1.234869676999968	0.6724722673696668	0.11186430384155689	-0.4696946794678176	-0.04327339689261952	-0.028628310279751084	0.7227305949175657	1.2128605936670052	-0.7952059183074778	1.511131035831922	-0.6658618428272256	-0.1020390686997251	0.3355866745488684	-0.35029456108798634	-0.48478197781135024	-0.33413111157788966	-0.043017538261107664	-0.0915624394560752	0.04719136993420212	-0.9259727486723655	1.0279801388426755	-0.07796125105408987	-0.3939356684157427	-0.10203744941826284	0.126113855731145	0.3412268690542301	-0.22675732570120669	-0.03599858905881964	0.4220917317593385	1.112748248639476	0.569053439464437	-0.8495704387300927	-0.5236646700163814	1.4548581978042217	0.5625882432599697	0.3202432862317191	-0.6443485687002132	0.7513921143729442	-0.29800066113068713	-1.0387273712369023	-1.1367559251821235	-0.8971603407842119	0.3049599131346019	0.11471071994010935	0.730437104201763	1.3888802111465794	-0.34757684578219983	0.26908210877977445	-0.25641369859206947	0.6956203464180507	0.6192034543084894	-0.3771712605755203	1.3476139482724276	1.3029372340024366	0.7208616684376886	-0.480935428845013	-1.4856462892316264	1.3015584194722989	-0.3363774138952588	-0.43040620359485743	-0.9536730817353399	0.694637770064808	0.061885956622892944	-0.057701900834890754	0.5813237345671048
DTXSID6041133	1.765781931785484	1.4869147442599788	-0.7965650954045379	0.12530365042343367	4.05479403244729	-3.4348744657531154	-0.8909669852630473	2.554263374020474	2.2308782049389935	1.2837054899125624	-1.0398543148773476	-0.7227718671888337	1.032516603148211	-0.20478753722688012	-0.46390205771179843	1.062139331824585	-0.35420373311666703	0.5123380576982068	-0.3521311697917184	0.06409884669716415	0.39754612137802653	-0.07081352210082112	0.44057841256155106	0.19508593377385353	-0.09470866609342322	2.610105812705625	-0.8781497397408962	-0.48200672596884814	5.39609348000338	2.8370984362122624	-1.5624716993805092	-0.39074747740156857	-0.6006670734306312	-0.6127752945250027	0.8809723502256089	-0.6176581684012044	-0.9594101845325383	-0.4516049152426631	1.0984726940015084	0.5898311665136201	0.06810010308638534	1.1981913124208363	0.5003035671961086	1.472435073126389	0.8742916699558305	-0.28660208048263763	-0.04039653346560406	-0.04052347822974723	0.3443486113669855	1.2966180744410416	0.4917670626157925	0.1610139793136491	0.7448959300329433	0.2523069723992123	-0.7801497041230222	0.44367495071106344	-0.20474353591776134	-0.11687832870703849	0.2734391910407474	0.41492343636346934	-0.5249857852396577	-0.7935973667541488	0.1343446483975581	-0.6724916067725875	0.22698325977727227	0.3329503674253988	-0.24331825080291872	-0.27897377131754225	0.5147574472780728	1.095524824372429	-0.6967746550872814	0.5412091359698691	-0.7243546965810012	2.7475950364225477	0.20937141721213717	-0.8297530572321142	-2.5937806700978996	-2.0619210315906193	3.5018716173028523	2.4823490151219847	-0.2538898340343225	-3.2627357648292157	-0.5254271745572877	2.3265552695194582	-0.5365919928038217	-1.244461211116893	1.473620533019396	0.19350916291874815	-0.6727007005763144	0.03674024620796439	-0.1603455289833107	0.4101622008260897	0.22550347762439454	-0.431575387559632	0.3594337849873697	0.4451865152442093	-0.2437093557252113	-0.4144620619805359	0.39450475000326746	-0.4725623779007641
DTXSID1046687	5.207357379272709	2.687096565330173	-4.218098283575359	3.132511286885723	0.47370673117299256	-2.872184114111275	9.838267173127782	-1.181675297995106	-4.3388095400062205	-5.544709000052503	-0.845562102932562	-0.3161796033064635	0.9393697446232382	2.4269828627882917	-0.9393783168274378	0.8533121875382301	-2.5006351451568114	1.4839862400812465	3.116486962926094	-0.20469928710948382	-0.6940984627973774	-0.5536337606450811	-3.1778633430663317	0.825356670410119	1.1501401553331838	-1.8785095249397186	0.15812633373429238	-1.1237880147664971	0.3527652734939743	0.08586235049718961	1.377387823495752	-0.8027029773944563	0.9953166668122989	2.601809317626479	0.9254337898422665	-0.2631592920906952	0.4478392070554773	-0.23929859339541637	-0.721798817766479	-0.1504244469052526	0.1178810841023893	-1.0479991377875912	1.4403598420709363	1.7725938327610933	-2.0645423737931297	-0.9485639712274138	-0.008230113582002943	-0.5229771097145252	0.3977823802320568	-0.22467273377871705	0.10070172196657325	-0.872226131069547	-1.7172221780192918	-0.7848507313922741	0.6083906638743138	-1.458752562483899	0.15957323425523245	-0.24961326869376424	1.159429269047854	-1.6492577003980795	-0.9146134570675292	0.9442182057739941	0.6312267258734087	-3.2984908057267153	-0.8131019826117399	0.9582921718781219	-0.3004015548084518	0.46395852503168045	1.3353236986097354	0.24740445283231774	-1.0472929561128423	-0.9140916831763932	-0.12436896094682792	-0.3767234528366059	1.921327021430678	-0.5405200493353736	-0.6173470785888001	-1.5297539473012838	-1.7238999054231	-0.8007014913822106	-0.5347286622703016	-0.546432285688607	-0.5876543022532572	2.0253369613751726	0.19918614973379808	1.2714894175831273	0.5725211350473915	1.3726792269467927	-0.6824704097884345	-1.2193836168621282	0.5165987638421407	-0.2738067729993929	0.6258357403380803	0.30213687274254936	-0.15259238241986064	1.1699786200032751	-0.09003319517601173	-0.18193944082577093	0.2085730315771116	0.14460610581852418
DTXSID2041125	-7.363529311285453	-4.0278980853724065	-1.8927484949581177	-2.808075760381287	-0.7574316681005944	0.9271543117995102	-2.5111654365999634	-1.354616154094541	-1.2298556792664388	1.097840069990452	-1.4942651888112843	-2.6749261981306107	-3.384668352430275	-3.208463398516755	0.9728277940585047	1.6001032121770538	-1.7131652496331329	-1.6333979470560738	1.2050518291777248	0.5552945688910165	-0.838169345724355	-0.10374264596070089	-0.35715652601510806	-0.0961377874229109	-0.47745203733977465	-1.3583218337060605	0.6408823275273999	-0.7535010710895078	0.6651125595177928	0.6190594505519823	0.7021647443173736	-0.8491379077639086	0.9786422397311668	-0.4793568357273213	1.07261617803809	0.4685703129811303	-0.5516884519744092	-0.2065078015125655	0.027933934329330903	0.5612037660157069	-0.2373124923731293	-0.39413183717800154	0.40201195304406767	0.41983796584693783	0.06281276150130374	0.4325395330745311	-0.43305574888202714	0.07023160276936682	0.3470316765270748	0.6905563667049183	0.12165370940506183	-0.18571537524647871	0.4459096023858559	0.2784511284023049	0.26145614278617735	0.5887676556883791	-0.0841946362495721	0.1394754825440158	0.1809074904239722	0.7217871589222549	-0.7734046443031682	-0.14501479809126303	0.3311031097844874	0.3393226131106522	0.19113172205226803	-0.5233234515955729	-0.6708293767208126	0.13772497812599183	-0.07029056464228506	0.23674790337054363	0.7792286592889724	-0.4816805279537702	0.13800717357195683	0.0032001544661008977	0.35974553432661766	0.11327230013897534	1.1389405525110008	-0.42494666230998585	-0.5373913030916588	0.03042887004703587	0.8582095434229937	-0.6241942866482637	-0.5393674117633172	-0.5366014960180704	-0.22824812785270127	0.10506675127350691	0.28725140355458423	-0.9901388601633891	-0.3690940638661197	-0.18465191605372766	-0.8311669566316476	0.5529809659337587	-0.4737583092823242	-1.0855058589084385	-0.4914200629149593	-0.4478632291884415	0.5866384766444825	-0.28088755433091467	0.36509202272910507	0.16062052100546767
DTXSID7052573	-2.0912672438875024	1.1526001374189623	-2.6588782553961243	0.499736583597428	1.0993877673894847	1.9467080498163662	-0.3679743032617527	0.09117382173669203	-0.8509834932730873	3.7403536504429264	0.8095010100242745	6.526315180698534	-1.2410500862198033	-0.8843579319978231	0.01682881223330963	-2.255564385977054	-1.7518245705171736	-0.39654051910720267	0.5172905093609067	-0.47176031319709016	-0.1381634679831715	0.3632866189422298	0.3963146787794693	-0.3221691898755136	0.04614805928467932	-0.478896808516735	0.09567718486578562	-0.5440861267469842	-0.4481654639180674	0.6594236657938674	-0.425226344709273	0.21443044750421933	0.9187620881057394	0.004988735967272901	-0.8802074580819087	-0.42142207712289015	0.16904153379727935	0.09936778391283664	-0.0637909534464556	-0.5115037604247861	0.3330518754878829	0.2584539048504287	0.28248504398337426	0.13340491387899103	-0.2689538859539938	-0.05873570276005456	0.16893129826078712	0.48637475622842924	0.1155675447794116	0.17871580559916728	-0.15610945979278193	0.14413033858415397	0.07437399190311697	0.16275798412295395	0.2411927148084295	-0.03906372865141079	0.16498545581035146	-0.21779179720620048	-0.38623348311961186	0.008323729794127967	-0.11272093931009124	-0.35579623066784244	-0.319863210247322	0.06266787603794442	0.059475490949311455	-0.35555563212887237	0.40820474690992226	0.042604210528104515	-0.6770667711110943	0.5611211803575522	-0.5424465228908165	-0.35541356834709975	-0.43825224906561794	-0.14528703358758566	-0.18216554901133142	0.650224824334291	-0.6548115515065195	0.3006629894127024	-1.362216812494846	-0.2734687574129313	-0.11016017817233892	-1.6812613927011026	-0.2480661022703733	0.42503422149484454	0.0812603679388745	1.2864957219355442	0.3275922393208794	-0.8903998484372946	0.9372057529429875	1.1575581092591192	0.1357285060428144	1.2821568386500803	0.01269104715935789	-0.029573412615069797	0.9853808484013711	-0.2749102871004765	0.4794491832931196	0.5114119507495208	-0.3570657493338005	0.10496141940352802
DTXSID2046541	-1.2126774147102328	-2.313908900939152	1.2759689414823736	0.889882728913135	1.0508441532005242	-0.8752352441083798	0.6070353973834436	2.667086466953928	0.9893606383803012	1.4567961832820633	-1.325482052563753	-0.45926651002873736	0.2897849646364281	-0.1346215878611641	-0.09500138010642666	-2.37861090078426	0.4806018969422376	-0.6102195880361505	0.18740628023529352	-0.3248173058046277	-1.0138487441562811	0.11332969536212727	2.061062858290298	0.23277216644995835	-1.0734622991302714	1.0313880962977091	0.09187311547292701	-1.1687162195756047	-0.8586008782265278	0.02379462398804744	0.2231124083788696	-1.1967775036620532	-2.785453387566367	2.5490808869124018	0.40299812609409874	-1.731795870385358	-1.9926016405023566	-0.5324577804933956	1.6148835086440192	-0.3814857614668324	1.5493964064582635	-0.621228733700096	-1.8968333034883236	0.8677573973146562	-0.8139425265644904	-0.5777814808841357	-0.4544078979419684	0.8515821307125265	0.23981484192487135	0.95078608569694	0.8522921479444102	1.0634771675802686	0.46786847421996286	0.5975403826741573	0.8167607092374738	-0.6048490118934561	0.2545793801349506	1.043652597727533	1.691291072231806	-0.5733431066736498	0.833568171090526	1.7610910304854854	-0.21205492292730427	-0.5992997395096015	-0.6804953497216081	1.3785825668118536	-1.0892802884132782	-0.6692261644549073	-0.9782891442615026	0.49300565641799815	-1.1279059819597173	1.1452402261910464	-0.33279254052835766	-0.2161135878002492	0.6409673009574219	0.6586644675142239	0.015583823223901842	0.20670961907760055	-0.47971581445610983	0.7593624751701619	-0.8931902917144164	-0.49022305106030223	-0.6968431667358913	-1.5467715666590585	0.0753980692292485	-0.04890396909076698	1.3653358887980123	-0.6433292665769369	-0.2870388734024859	-0.627160407518827	0.2972118320683087	0.2812823909582951	-0.7200594831230852	-0.35884233057415393	0.3633951818064704	0.4388083448730336	0.2915128733737206	0.44444642569972453	-0.03896981224577271	0.049674651661277124
DTXSID2049216	-2.598590703068967	-2.1739663936469213	-1.580350121306794	-3.9893966396606095	-2.857835805338779	1.6768609254563849	-0.5334875371652557	3.4930192485674483	-0.9607622186841349	2.0081610293981247	0.5815662592976983	-1.3962243626669109	-0.3485374675486272	-1.8778534242363425	1.8571440904204315	1.4538621979817452	-4.328792854291465	-1.1645893334890245	0.019630602169503776	2.4531538002729145	1.5614666178591174	-0.8314923725980597	-1.4716373311894075	1.9544227846449616	-2.015961231066329	-2.1133443288456557	-1.4290850091998462	0.11969282803649227	-2.069883902869919	0.45737673184988603	-1.42359854780825	-1.801024411763791	0.8248261088455526	3.5890438084849166	-0.18839884639403276	-1.3986651683424804	-1.6971744984929926	-0.8958353506823173	-1.5836210652887366	-0.10503136897408695	-1.4368239821100524	0.3819720656462037	0.7593064728165175	-1.4741929341068256	0.6787358404778547	-0.5903447426425683	-0.9969082044647923	0.02370862527987965	-0.6236407874311478	-0.42747250487883065	-0.4073765149704778	-0.7573396285392431	0.7155550874393488	-1.0983783254927726	-1.5779205600137882	0.6988456252104442	0.28750238564347635	0.32329841159979644	-0.49341764881965294	-1.104673329969538	0.6849632966782863	-1.9550077215783332	0.38083830362561316	0.30545222226464613	1.651427235680199	0.37114865933804264	-1.972896929158791	-0.7622028220708411	-1.1198568909596844	-1.3771655804094913	-2.8751156542220646	-2.5685285849455988	1.913031044868166	5.051319974263577	-1.2889382697973735	0.635466801959392	-1.8216461590574058	-0.696203714167786	-3.0154887118871962	-1.93924727967633	-3.2505010246555455	-1.8857515720273037	-2.9459311779667257	-4.337070810144187	-2.984816461101112	-3.5849056447884977	0.6292566669128277	-0.05238871802636048	2.9735829787729897	-0.32921484037597204	4.1361620669068975	1.3369030421293413	0.1317698216430825	0.869444154521094	-1.2404837273769487	0.7312641306638433	-0.1569332902818903	-0.8658396966402956	-0.7080914543918414	-1.5592579612899837
DTXSID2022595	2.961138749148318	2.924889154316646	-3.6111072595698	2.621381816063489	1.3904827225169085	-1.2923237356630206	1.7655012603908513	-1.201182176056817	-2.31890838369032	0.20417428265927998	3.372367612277237	-2.3262049632135025	0.25759782729182046	0.5314253107347473	-0.09494815169106716	-3.0930514079041123	0.023576456856126495	-0.5345152243842848	-0.40824323360320075	1.2801529696456242	-1.2478272812798146	-0.10010689620807274	-0.29879770932308464	-0.3289077219270483	0.05724320582427014	-0.6576823124153648	-1.4302183863786009	0.055663068413029475	0.3764159156611431	-0.7904690975762773	1.0124925785049883	-0.32112586497735773	-0.34352919610295685	-0.6793263004852858	-0.6188654098045603	0.7897309688548804	0.47524016528536933	1.4411770934451726	-1.528050978030649	0.02024098978749914	1.102988814410145	0.8120430489609635	1.7227435840990326	0.5786684567738903	-0.3425521130990391	0.27419450685535923	-1.2816267837998592	0.35308233040668635	0.7070790968339797	0.12205363344012635	0.6653834890590008	0.41012811919744835	-0.05534469466312787	0.6883177374793409	-1.0570979425383944	0.379527284369324	0.4044524928940176	1.1846356481498042	0.9667694609802199	-0.25204824882347004	0.5061927559713268	1.884617657978879	-0.477521698680733	-1.5633968157641738	-0.2117875396731508	0.1288966559458179	-0.43066319753904575	-1.1597710977681703	1.3377093299397889	2.332492658689366	0.11333003555899941	0.1781128708403597	-0.3769314922733678	0.9817329825628163	0.7445422607616984	-1.1844394098567717	-1.1072961685268563	0.2508872720919069	0.3860826068787205	-1.9728997086240603	-0.12739666555824344	0.008868721419626358	-0.626782236886085	0.10568343177161624	-0.3248962415268824	-0.015163859996227123	-0.2644078211193389	-0.5803213499680681	-0.2967923680487421	-0.26636054280043503	0.03412717663715329	-0.38756097820502344	-0.04627420098587646	0.7617667356145803	-0.31185346621198534	1.1304824291581588	1.5204349762977176	0.4228142397402046	0.9272094440748325	0.545850694056493
DTXSID4022652	3.90294569791109	5.809299647913946	-0.4132541215589819	2.2241139598106536	-1.2355925502009648	1.7238236552273924	-1.5528125342756158	-0.911492667699999	-2.436336411083848	-2.585498820741793	-3.1549633596407296	-0.27312202893725107	3.271039350437638	0.3768584318277519	-0.7433354048269313	-0.4256407183090073	-1.5547592938425259	-0.29200333685804886	-1.1380924939369823	0.40821132529997933	0.04608814104789234	-0.26398242593481075	2.416076060131495	-0.4655344561475267	0.9744665064030726	0.02387573181951878	-0.3675268479094203	0.996171720059732	-0.14388406881864968	-0.19349719678259863	0.38280925118697645	0.7123539254492931	-1.699352150154672	3.426984500838491	0.22718108314569177	2.720989050603743	0.790717393947248	0.667511218674029	3.167745543117006	-0.008158513368623341	-0.7889339365013367	1.8818915743623044	2.5918690113861356	-0.7832760420781212	2.0413833561888777	0.3456764447331054	0.24006967864593187	0.12184822485069714	-0.8511435644228904	-0.34325714805743474	-0.16386299528923426	-1.0121377866295065	1.6372164903184054	0.31539829889426224	-0.13283129310798494	1.8377399476521015	0.947937564964614	-1.3047702598607387	-0.0856319806517758	-0.7379433537459374	1.0146243256857777	-0.632804029849534	-1.907055182160635	-0.8208304916934349	-2.901365867486241	-2.612999997514394	-0.43159287386627343	-0.7696452976116005	-0.48000291201143275	1.148468093619354	-1.0361444437358733	1.0462872018417297	0.2391541659466566	-0.8737023512243924	0.5765128123351879	0.7362678142753268	-0.5761104005631961	0.8581807722583756	-0.8669370822513761	0.27343146433716603	0.12474142543446518	-1.7629242760679893	-0.34715389008085024	-0.4414730359646713	0.1692504638529816	0.11925357245079447	-0.554074671431072	-0.17633419111594437	-0.05060421730858433	0.8950616778729379	0.565100925919356	2.4102534576366303	0.2915797443642145	-0.5736400346539169	1.652751906153941	0.009629490443851588	0.8947866095713862	0.3834050264943775	-0.19812010101592348	0.5255705892780128
DTXSID7024110	9.95860398265669	7.389124962284124	-1.9738956387717583	-1.138348499783622	-0.5361365293442472	1.7418416380932125	-1.6761964915936087	-0.6188560825977066	0.5319466441333933	-1.53440324556191	-0.7187689536275993	1.7563823373198906	1.6160185045664552	4.510128909985295	0.08464521279427195	3.8740427549589094	5.10713866773723	-2.080656396043391	2.933636368459316	0.5637812321603386	-0.9095144288875138	-1.4601908918995057	-0.22692133857977684	1.2135623000502067	-1.0579611449109858	0.5297059829476498	-0.14721027480985446	-1.9239538527552975	-0.6488316405849959	0.5567690738690054	-0.0029198362346982668	-0.5025780933202357	0.1121481123270477	-0.5243482596446555	0.5861024970979679	-0.5507902024274334	0.35994239043694143	0.3589291355303001	-1.23577134766737	-1.1281072117603685	1.2906917178846191	0.7313784630217776	-0.9709233335187882	0.23260634009466674	0.7866511127598139	-1.250600752565187	-0.41302419506692417	0.1620872609141983	-0.5586778416898904	-0.09282005291246101	-0.01923984614313586	-0.46936202974288804	-0.13812784316981275	-0.04598702676497721	-1.8504742782776882	1.2011768008485009	0.5253466339049259	0.6258397323812481	0.6292595436930368	0.9611866532194155	-1.0550469308363795	-0.7049899031456582	0.021517960442153046	-1.0486016702706442	-0.7824208809200501	-1.1671559333718944	-1.2563991630127813	0.8434062450324731	-1.4046559304028086	0.9229938831773508	-0.7206203849874142	0.08683159589607775	-0.09835676547070056	-0.8101612172008475	-1.2300742363418484	-0.5292948374390386	-1.1995683810152897	-1.8704537914209671	-0.45930754525788525	-0.376953021946463	-0.2343114462860648	0.05682116529807326	0.8437549385852458	0.029845620385680397	0.0442103609377039	-0.19915893880074137	0.338570371148657	0.16629409174037005	-0.3588125287484195	0.05485313030774588	-0.8554438030150676	-1.2545206390864323	-0.46642920455525483	-0.30169030466001673	-0.7537798014060368	-0.45483245203465544	0.1737899317937098	0.21430926852388305	-0.1267718110817911	-0.7102773339693761
DTXSID7057604	5.785074822062032	3.8885330138884724	-1.68008691752055	0.15799332036634992	1.1268272831734703	-2.171078855264725	-1.6428837619555596	1.3233993555777377	2.0211266021629832	1.9997231612918849	0.10958261995731909	-1.0198290188626862	-0.9052925045497494	0.31587345225773805	-0.7423155007315893	0.23062837531109812	0.6296958338695119	0.6775706379335394	-0.542581950576984	-1.1237786148922908	-1.4360983572502906	-0.2725483350642685	0.9940132159383265	0.4305085389750123	-0.8588582399944835	1.2812646628943969	-0.7754294106398515	-2.0206096864182097	-0.7864115935307653	-1.2983873386379952	-1.237501187608339	-0.033201120812251045	-4.118313227265622	3.3048527492957223	1.2430391070200957	-2.4871915179365973	-1.4312413106677135	-0.715915096510339	0.7724863974786538	-0.8463901268151827	1.5462702177231418	-0.4924355289962013	-1.3052966674476574	0.7737579824606814	-1.1905879136881128	-0.813419187994999	-1.287242166113047	-0.19434232418582428	0.035813864491725	0.996336320661876	0.8175361378830106	0.6714898293883068	0.5504996090663198	0.0924274698044764	0.05458974378152353	-0.17342679663225166	0.07321313791071	1.1618205856893606	1.6666327027415564	-0.8641138510379511	0.3406690418438842	2.675859831294854	0.09174569220198779	0.24917400731713057	-0.6615074054055956	1.4523045795667455	-1.330068506488476	-1.0138883500836005	-0.0684253043142574	-0.4547812495887854	-0.9641113360751385	0.5073103153220998	0.8340475593302277	0.4873144865080703	0.5368311638203477	0.8392518790914053	0.4894332062059391	0.847368089996308	0.07039173046626808	1.4565444076483878	-0.11653604887475023	0.18583698274275823	0.010922715868003663	-0.7829913179258541	0.9487101241319806	-0.24013893328586647	0.003117707537048859	0.053666990398937124	0.11003348561669365	0.3681782522644913	0.13558809500711627	-1.398193492252194	0.4269056700229197	-0.47232597527342024	0.9103224059064644	-0.8087303913169287	0.6202894927930476	-0.11211742389913575	-0.11214123275078679	0.38497789212267647
DTXSID2048826	0.7762857624074306	1.941504871702031	-3.712642040527215	2.037829169022413	3.532085734453746	-0.4768976178059516	3.0360644447227316	-3.5578760791306614	-1.1258542641035507	-0.9949831570750421	1.1434830814924333	9.112063350712365	-0.5867678840481989	-2.458516742685239	0.623758480789817	-0.978684947559344	-1.7342180785930486	0.1932233860995966	-0.4270721593602689	0.09783465333188437	-2.133803852109652	0.17227372940039068	-1.9281925278108905	0.10808609014688764	0.06417220110153682	-0.5371155981137641	0.5103080349419905	-1.3763107646100272	0.08301299297568898	0.4075926653948647	-1.7191350341006206	0.38584406220381146	0.04293276555654565	0.3493084339663146	0.5391221115796911	-0.06998497339035303	-0.13301093271035444	0.2448935385542347	0.5732720118573692	-0.9281127367030224	-0.13104611190998386	0.2807984669687919	-0.6770073842240842	-0.022408777460126976	0.07331296839154108	0.6964200001345731	0.8505538289667602	0.3894969836762193	-0.39052406736227124	0.08919959570749364	-0.39766698978456216	0.29503227723225695	-0.6938868824255005	0.16468175066355054	-0.12943245312358126	0.01773317753795262	-1.2144327200671563	0.6708648847580088	-0.9372646338187767	0.6837589366336514	-0.2935999263054812	0.5780164621351206	-0.32830808896723324	0.9324300567058248	-0.36254421970438944	-0.22479675142766217	-0.4234966226752914	-0.9652872443465915	-1.095967293826728	-0.16145398115332085	0.020510114712171828	-0.9374936371713989	-0.028587434565426614	0.00959333908507256	0.43424035725708465	0.6540048534517556	-0.4528007425566416	-0.44155484365707676	0.21610123605809348	-0.749229380390941	0.2952521263995431	-0.10393848401397676	0.5460343687360513	0.5585306369190572	-0.8125983872541678	0.6794110289064775	0.18147320429216818	-0.626533722124892	-0.2917720741844162	0.2250396051854668	1.5295740586664457	0.32898378327327416	0.4206471954943877	0.11385691048570894	0.25249538792834986	0.16178327108736437	-0.00518118081673724	-0.21367952491761494	0.36493955177450915	0.15956312281676865
DTXSID5051575	-5.955645480495333	-2.6198937264846385	1.6895489899862028	-0.6687461416118702	-0.702817041669645	-0.8135861866957479	0.253056226797681	-0.7889328084316808	0.2480030473738036	-0.5545548877570681	-0.5050091931793189	0.29765537288041205	0.0018569880878334195	0.30805098816474336	0.28863003951662153	-0.476326864388455	0.8161686305772476	-0.03247015037261137	0.19311898320722043	-0.7116962147528911	0.27206480764167057	-0.4809862903614402	1.103775566219734	0.5091729120346162	-0.45008130223398307	0.01883344712675802	0.34201937635441576	0.26924212326995817	-0.025138420304221303	0.0038210229617071587	0.3859276474925978	0.331518971235935	0.36393793204541997	-0.25024005408601385	-0.4659739394449116	-0.04970634755099143	0.1917724293159346	0.25374486151143577	0.11452871006896613	0.2219988489790342	-0.3244202375862435	0.027847436896105228	-0.09872352943304878	0.03384918548975705	-0.39265735775302046	-0.15679519063599784	0.06821014775019921	-0.23128738226699308	0.005999386242044453	0.2344824526382389	0.12354288399777412	0.08577815696436586	0.1486681055971313	-0.013820922730496763	-0.0312870057592112	0.0537954698106749	0.4780821209307233	-0.13101434488052996	0.07103565674850577	0.10759208827846505	0.5746502381718734	0.06642413307060044	0.22357281801342097	-0.19027072638747114	-0.18383374194956736	0.16841270204778397	0.5240831455386606	-0.4979821563430763	0.20303497007631252	0.5248939463757475	0.03950337842978295	0.18780405189205937	-0.2612549013455121	-0.10468120071758051	-0.4860322790326529	-0.05550524144105394	-0.0787360092502706	0.26506798161285816	-0.07888861594477312	-0.5756586330209937	-0.17178398948840903	-0.1246527924299487	-0.28802366380004407	0.2307969282713109	0.12314539795094032	-0.13482131131530567	-0.03246582871289285	0.22704891647271166	-0.04511803569521575	-0.1257893400836278	-1.0826485895182676	-0.653615630420959	0.052244872104300934	-0.10787990018855895	-0.3000560078657252	-0.3119920087217938	-0.44685354601512434	-0.33451493982778563	0.062262263612425435	-0.19103429682868994
DTXSID1022180	-2.1607524325379637	-3.3132018444096434	3.9456164289394424	0.9658407412184419	-0.8828018234672679	0.6963240292320504	0.3686357100156283	-1.2564868257359336	0.3623304741731884	1.2823786909068993	-0.3507408116847911	-0.07550093934333554	0.6034079390520247	-0.5934671711346646	0.5538506702173486	-0.02995059203685634	0.5892383992615082	0.6174103336534438	0.17348229814508329	-0.8813028365501206	0.023945233807726292	-0.3756234543520605	-0.6765805541577613	0.19375751869431448	-0.4941241670576052	-0.3973200235161414	-0.5932299590356236	-0.045171302025960945	0.30910747430152746	-0.3942838460545435	0.013354944967377123	-0.04410716144646254	-0.07498351857402298	-0.3141903520130402	-0.04503870066729719	0.6734181678837753	-0.1429017972555835	0.328192436051185	-0.06306088684583933	0.10079035998012285	-0.01952359933470547	0.21424408640079362	-0.4477479531595337	-0.20841964527795404	-0.3420285997058621	0.25054146920424925	-0.24408951816334326	-0.1340760949215363	0.21701070563561545	-0.09116883183860068	-0.02203635648931683	-0.031110227255873597	-0.183636447230869	0.028892508819802293	-0.22385809780086433	0.029516961343374296	0.06385781810434943	0.11736525700349033	-0.22544088797647494	0.3460146987726117	-0.24287189740093154	-0.11409763576518975	0.4326075934494526	-0.5578153684207772	-0.2373371645270767	-0.10609385684524159	-0.1484716209418565	0.07061304477194805	-0.07069639839786852	0.07140483723133481	0.13994404954257292	-0.023033564217952357	-0.004162847281866582	0.20720669566583655	-0.3853542077550502	0.15532438969678006	0.4391611529465126	0.3981101340155321	-0.030095153977845318	-0.24616342033837404	0.23255911817871733	-0.6228642887027354	-0.43608781054315743	-0.03071759324960105	0.03327490657380617	0.30152638881012395	-0.40075004468360653	-0.17775300899338622	-0.6020877416807088	-0.0066949746963772165	-0.1874829379369523	0.3433740436816143	0.19826109107205905	0.5420043543293492	-0.06863863709095035	-0.023480063497398767	-0.029935667172585195	0.09263422268496913	-0.6837792099712489	-0.33327988966339855
DTXSID1026908	-3.3113860907137878	-3.1522288871739828	1.5873474102020457	-1.8291797386475035	-1.5620058670070673	-1.8887662443636104	0.017414172514096705	-0.205485664667893	0.13874019930667808	0.2441778067930796	-0.18235991233323806	0.45264992776905566	0.5153262862378003	0.36544083850585246	-0.2071386062783541	-0.04954973316850946	-0.051010536626825594	0.3507095972103617	-0.10942679769240686	-0.5266472647761847	0.16844685560206915	-0.2737071935670929	-0.014789599584484697	0.3459027546268385	-0.6974176853671568	0.5021293484946839	0.5835080403602512	0.40654961063220496	0.23096683187930217	-0.15863864434657335	0.6708265485458077	-0.16096860147806563	-0.2079935274733186	-0.5508757510865433	-0.01774559357864383	0.35993566592818843	-0.12557708625989	0.6925714754508779	0.4074960103929684	0.35624404186351666	-0.06435666933913041	0.10560790464337451	0.03323838117157517	0.22540452553635656	-0.17952060228898536	0.07607789180044625	0.24260593829405702	-0.18253649400681582	0.16333696218480998	0.09609880319206371	0.1362020136403696	0.19500203360307844	0.15270107636428443	-0.050124180064955885	-0.04100817229613435	-0.29399147728723296	0.1599848178218823	-0.14677024850240913	0.051871146753846575	0.12335003784375742	0.28382150430906605	-0.13083794077467126	-0.06839894530182901	-0.04138923492599557	-0.21002575730625894	0.031416758843860006	0.6432767299137582	-0.07743741284829546	0.08079190624599546	0.3682641297598605	0.12007050675010507	0.10681787587620985	-0.34669769359027797	-0.11887424783987087	0.06489456866237221	0.4247167337375214	0.1781841027406494	0.5195403067124219	0.022263178640123924	0.02311905796649408	-0.1686557109531866	0.23946473554340708	-0.15398021310159263	0.23813378810424085	-0.07513727687259057	0.08041568502728066	0.17949551850159587	0.1816036883767579	0.12461520185986463	-0.3943649342692265	-0.21018652170383623	-0.35534373096845057	0.24712326881179092	0.3624765258677142	-0.20133558864941525	0.1196254612674488	-0.1720378844923929	-0.07361185253289346	0.24964444369952402	-0.02566852866131277
DTXSID4042416	3.441359260761242	-1.3724228324318735	2.7942379496025476	-7.709543878273594	0.11441724375110811	-3.30034546059157	0.6521692852434748	-1.704099433015113	-0.5685006878459364	1.0855837158138115	-1.370759737613201	-0.6258112906835278	-0.7456515883985055	-3.3629003204048944	-1.8157496085001203	-0.8200022224802728	0.6616450709205882	-1.446117228809587	0.06606785415230759	0.6032788582428176	-0.12238714839808648	0.6277713404708258	-0.030744110806067537	-0.07566158907097705	-1.1628980335558794	1.0810726736376262	2.0334575548750267	-0.6908608840502031	0.6389213938353216	0.8633701259236403	0.7414067763344434	-1.521937745771918	-0.47175775595380287	-0.958095151277618	0.8982702621895733	0.38949401777935216	-0.1839679812794055	0.3179541702583961	0.48899315542778227	1.3467965214189734	0.47760510514378035	0.9064979093736076	-0.05960080645452636	0.7567522845869176	0.1107815470099168	0.08434478484846326	-0.08078918061585946	-0.41115106759355385	0.2045734845027423	0.2412829170898742	0.476530213744212	0.024016082516622295	0.46035073033315305	0.4720504163397279	-0.3855393816978605	0.34085498525483	0.3976132763816681	0.3385027111511237	0.28659388151604037	0.23344796222204323	0.050096532374064376	0.35127580610420284	-0.40740921331548113	-0.1444083087742182	0.40030387249433674	0.17652602257778466	-0.757234069675621	0.13356069819510108	0.3355227134300528	0.6034529561546559	0.642064991378162	0.33236396771968235	-0.4462901583495609	0.37909294134874644	0.5901321083905187	0.013615757203987324	0.16251151868132974	-0.377167922224889	0.23358214798879096	-0.260553165818976	0.4519088659811718	-0.15305453918097242	0.10613899525872336	0.10160085626364623	0.33943668396155435	-0.10547120733530778	-0.4443240182523892	0.4925039125330056	0.3495204959350657	-0.11721302582688155	-0.5832300760653953	-0.3122074699293202	-0.15522834495715385	0.13131677661969685	0.6677920937700467	0.7735480648241522	-0.21234757550488334	0.6750288021289349	-0.28008478901538375	-0.27509631698182724
DTXSID7048582	16.54123899558507	-0.26458749575752444	-6.420557282024553	1.3771297746172149	8.727770356391307	-3.5542388457398397	2.178765521916407	7.98694747251118	-1.6281192777426627	1.4528382286113681	-2.1814048404604116	-0.7544838281102643	-0.5969697856696515	2.5116567827269307	-2.1497305527780193	-5.897238052777667	1.0648378259103641	-3.9556384128187863	-0.3177179415960115	0.2662428193704138	-3.1071555269111966	0.896321745829239	6.279695662119348	-3.455847983158742	0.49154138854650625	8.67080028349519	-3.780642985286452	4.712308802674099	-7.6300085801135085	4.610526265159482	-0.9444959299865355	-5.531324026453245	-0.4564090403449386	5.315106257277506	-1.6322174362912953	-0.5498376861067423	-0.9642116117879492	-14.589595238068448	2.0884960884041597	-1.064584281164523	0.218303704829821	-1.8295470837945336	1.240954375772751	1.0424379486282875	-12.187151238759862	29.15847336406238	5.879305771812665	-8.987769875377566	4.697673240655574	11.682253738764771	-32.29674258029229	5.919521569867383	-17.19854602471319	-6.539158715386206	-14.89391036691598	12.091287849859617	5.0575889626843145	12.597281236176794	25.093039120766036	1.7060814460590266	-0.46317864245025986	-3.139801562568838	-1.031411888663754	0.5860747936518815	1.8868791788005614	-7.230612517534222	7.621977802520566	2.1572950268502042	0.6806610031612071	-3.083781487513304	-0.3499232621803347	5.4881169473550315	5.415478537259901	1.411132186702017	2.132271114030468	2.974169445524437	-0.643480659390942	0.6360885571403366	-0.9600086263947969	2.391724049260597	-0.7545837008417332	-0.3008969403748771	0.8271429798888985	-1.5671378562707161	1.1653915565977007	-0.456207880569919	2.1736279334856454	-1.194857059795482	-2.122306533141112	1.325781677266853	-0.6057023613206279	-1.1406297474198464	0.20148839124089615	-1.3551331881141329	-1.8814623455367523	0.5298029741960619	0.31022411489831586	0.6324290826618405	-1.0679915191288678	-0.8269419774977204
DTXSID2047357	9.009558649468437	7.3462764213641245	-0.9883447693645039	1.5622812513044462	-0.018355687532449545	-0.4896915488900441	4.61346646045057	4.789162307251301	0.10053296654158231	-0.5311658185863147	-0.6199620084219853	0.9267672209990638	1.3274752056475778	-0.35847967197406905	0.9647695747101781	-0.1557680526082717	-1.057095540076	-0.6350268097149395	0.3616116856888189	2.0200633126939844	1.2110986170520879	-0.7951737751296489	1.405341736726345	0.29349045841067267	0.4025599860083163	0.3844957565505756	-1.4747221035526399	-0.24889675525068783	1.6047218415943525	-1.1425658831119223	0.31191111882470857	-1.4546230679419183	-3.368803038283344	-1.1779671291151543	1.7758139147830958	-2.309006724686713	3.35377044322158	-1.1059273400536076	-1.5016306265554409	-0.9901519864047668	-3.026782916991785	-0.2941586120945556	-1.2018923251007356	-1.2528897256706695	-0.9020574315874248	0.23450003393129443	-2.1134184099905493	-0.5632171547130153	0.2076044318885739	0.504860742216464	0.19799967574375732	-2.152598242550514	-2.0528353246761673	0.5420247495330595	2.594861141559707	0.16900657057616747	-0.13680948640938773	0.668534355969367	-1.820586857354367	3.639045241992415	1.866554441167282	1.2644305076216118	-3.4516077730152523	-1.0938076714334302	-0.8886367038078874	-1.1378285698890591	2.2272061288409897	0.7648585011922824	-0.09510208609558302	1.279680960440438	1.191469890848457	-0.17880738338970553	-0.23120410368295355	-1.3280172584490764	0.7892989123804631	0.08876696683755875	1.1619367561486178	-0.8752519993081593	-0.6603766985633737	0.024415761104331028	-0.2974220351360142	0.06921496574891142	-1.7821516725522146	-0.39281245258773617	0.8356750384374035	-2.6750125786071086	1.232610841454531	-0.6784051682188253	0.7717619556733955	-0.4293274073111403	-0.10743616717110137	0.5637119263010328	1.5207207349505045	0.2010588149204724	0.22436867348869408	-0.20141272648691722	-0.8358646947790282	0.1314624267433128	-1.780158244367199	-0.22154911852947962
DTXSID3046160	-0.12230954825317636	4.156788751661397	0.9602651135341541	0.8747241133567666	-0.8582425036115614	-1.0798959343385417	-2.2868314879138136	-0.39569362442988326	1.0865480475768776	-1.916048955219043	0.5308152121442888	-0.3226016858862569	-1.2417249378178248	0.9314986041658874	-0.653608988450452	0.5679538190454996	0.4422734781980468	-0.12739810657573675	0.6697306176799541	-0.49290499012877176	0.05515044547509704	-0.32492011887669203	-0.39409252656361393	0.13924156249596892	-0.04074082581414215	0.833986290795995	-0.7352058821670976	0.11685806015090709	-0.2517143680405165	-0.5684961831225248	-0.7176705401543066	-0.15591118155563533	-0.7522945171223216	0.11484349420001956	0.49915905834756047	-0.8676073010284059	0.7946848092331228	0.5816526548926139	0.27307212512248163	0.19501691976135493	-0.05037088966193679	0.34003681987970646	-0.1147576152773378	-0.06797102197142774	-0.335859690804936	0.014434140008286647	-0.276450289674261	-0.6646449464887264	0.034253391896157524	0.12139878253568659	0.2246133426770639	0.07872566244474563	0.11242747021948914	-0.4942274329340322	-0.034545412041195905	-0.1885983838233567	0.13491447867771283	-0.06468624725873985	0.3578294997623594	-0.07199879136280737	0.3680487215155954	0.771067226940346	-0.19120264514174556	0.24296270942270853	0.2805401836096379	-0.27802247910832983	0.27881917362637865	-0.726137321687428	0.8379580586528577	0.711361886339674	0.42740709281096245	-0.9076853726484957	0.20218411324213825	0.5295373185706134	-0.3189129811916674	0.3523171498873489	-0.18041838735927623	1.2417865380866826	-0.045175082855982596	-0.12635628745612132	0.13760981536264358	0.27526377001977953	-0.2099218911834474	0.7280456022052526	-0.11130950080242395	0.3580306283510679	-0.13743425747694982	-0.23216317472752251	0.05122404530092529	-0.5171660009344934	0.845096352748477	-0.1362872531485452	0.43179907293215464	0.02089642193353002	-0.21481725233173227	0.11828227681991223	-0.011985816284775973	0.439807642993915	-1.0730299218311168	-0.10397275105121642
DTXSID7027043	-5.758912031600306	-4.434095979057449	-1.9955709527803325	-2.2427203154895405	1.6557529913379918	0.006916202325891377	-2.9754503335042717	-1.1143217952822446	-3.237505105899012	0.19762231165598676	0.6518576745649056	-3.3421953594339073	-2.0117597912916025	-2.4469098333265213	2.926596488616088	0.042735524132849166	-0.24075130505857026	-1.302106131323556	1.5172561841562193	-0.05501567573355331	-0.8104331970125005	-0.2538614280118796	1.2471723797647432	-0.2720344048233911	-0.5483970518191374	-0.5869525962054228	0.9122109223218142	-1.0291075108365915	0.34854055169211373	0.9163612639802651	0.5705362368681947	-0.6989756152955262	1.0181401049939858	-0.4657537639776521	0.8378589848971569	-0.073250043345173	0.12490330490236692	-0.11299340266301595	0.46347817073648256	0.7501559188852287	-0.5811798374928261	-0.1265388698486955	-0.5439302063211885	0.39675861936670287	-0.07662223558303692	0.3076806763879589	0.10592066451461048	-0.230998112334195	0.26973517879992875	0.656920988628459	0.22799037921286666	-0.0913852174805108	0.49795092730695345	0.13254459613482025	0.4982937849215079	0.09644449925662907	0.35096508376217833	-0.539054681280312	-0.06607780279600793	0.8468791921259563	-0.367562934084587	-0.49271908643118717	0.1578707553810978	0.2298589970201617	0.20032116612187226	-0.5510934766520941	-0.80264269541522	-0.14907396737119116	0.061397447084578984	0.4241135829306518	0.7669545753982548	-0.44055650749044645	-0.08636922716019219	-0.4503100845771677	-0.01925180034929214	0.24709261112360356	0.6550439963283948	-0.2428791553928016	0.0052740839925077615	-0.4663503353737138	0.6046644757270091	-0.035179010197861973	-0.5039293565685358	-0.5077250349027428	0.02416299032735682	0.06565077686884382	0.6051564427455568	-0.7519856145152434	-0.5003378347980918	-0.04077325935641002	-0.9083372995226885	0.7004717335352679	-0.06917432723104772	-0.2954905847625444	-0.8585321466493165	-0.3578007413814828	-0.10960156362821322	-1.081929094264689	0.06904541920548558	0.6323721756710726
DTXSID3023502	12.05648743120468	-3.7229544065247047	6.512648381707405	5.312667281153292	5.366324796000132	3.092274672352153	-1.1859276376708123	-0.8188182426197728	-2.201561552740448	0.3856630962931366	0.21128827439585013	-0.6333826252308697	-1.2294125914939276	1.4206337014589363	-1.498951810455161	1.499776440178845	-1.1447710446329984	0.2856069118678157	-1.802402504959572	0.332411216590146	0.0906619232901056	-0.16122917148632177	-0.16603684089375986	0.08122128848010952	-0.28074927963125623	0.3877773323247555	0.5137986072144918	-0.0786344814191464	-0.37108195491377644	0.039065917288377154	-0.18784484125704046	0.26941154512539567	-0.04342343822847295	-0.3250774898522205	0.12273299617834388	-0.33557989983883646	-0.04942300124484359	-0.19240557100401515	0.2569711026382872	-0.0927362020233235	0.28384477277907005	0.49689481577107425	-0.025220754705980272	0.22507862675877896	0.13969045453544682	-0.42131648797015564	-0.28353102419802784	0.0014635898045150158	-0.05046481876413748	0.33053535320589655	0.11016134821871507	0.03989510273430676	0.16515639928301698	0.014942206781133177	-0.2934686908721204	-0.11052480211719184	0.31199352113532053	-0.0634013176021554	0.1442170402723475	0.24333467911411175	-0.6513826308690445	0.13328928540864854	-0.12204023429861119	-0.2836246193632416	-0.14064973380586723	-0.24912330668507124	0.8616402541398439	-1.010405528680243	0.2304215254979106	-1.0983799164669124	-1.2088349213009486	-0.08814842351232166	-0.5646257600234206	0.6686969200943496	0.09388294430029097	-0.6781709347318481	-0.34161651266412785	0.24085913313367727	0.3554828759151698	0.058227026282263214	1.175164196276197	0.45274757919315245	0.38139083656118045	-0.29173819231549175	-0.815424451310624	-0.005591294080057826	0.29303978372121137	-0.23370697576720983	0.46042877862033454	-0.32334816088047597	0.7540940683965484	-0.4218967587523731	0.22227971706359603	-0.1849712944134087	-0.3097385349146344	0.21225277789498898	-0.12495879644252716	0.7652054563837942	-0.466256476687076	-0.49801191141268275
DTXSID6028022	-1.6599326884266274	4.830021596954198	0.46275734721706385	0.9995733168351175	-2.8821472862337583	0.7803707052506473	-1.9110047538800656	-0.2941757992947199	1.1068317522889453	-1.4226881201219244	-0.22352832536266495	-0.3781550501534874	0.14434998475896593	0.20267005160860402	0.12753473270300686	0.5551057563888143	0.7111030594747113	0.7582683656532626	0.6814481432014674	-0.4271600369611015	-0.5279431120760424	-0.37564377071597926	0.037831923112572316	1.1605541440528424	0.029955682784315214	0.09623048277181205	1.1277603341357898	-0.20048574497113308	-0.03824988147037116	0.7471355614900261	-0.6851403088452667	-1.594996453579502	-0.2971574781097609	0.0926463814418722	1.228948269138228	-0.5809968814462289	0.6453146856586073	-0.8087903455354851	0.27251691687913454	-0.4903397638542597	0.015039003354755342	0.3619022909429305	0.3584452582889281	-0.3026088011388267	0.11738050160523168	-0.6779069852283308	-0.27071435671227023	-0.23480288683317965	-0.2136651853530536	0.1677531171118356	0.20301063398524602	-0.1428259813789829	0.639912518312584	-0.20754736570136978	-0.2357200955673981	0.1901135464589545	0.5312198434802223	-0.39241345576263637	0.9492436730846807	0.8645163300349422	-0.9182747807623948	-0.1271226475236454	-0.1777991239821899	-0.5769870903767081	0.425100968837966	1.3442011472532998	0.19684886769955548	-0.2303546327064945	-1.0766379338590208	-0.2251152845195306	0.7020731014576422	-0.40762895553037565	0.022036530905966998	-0.15744238661814214	-0.8402199909218265	0.3434554021965378	-0.6629658346295413	0.8388457574612559	-0.2932208292505908	0.20878961832365014	-0.2809159973474814	-0.5136699390663406	0.1790317878567137	0.2805803604841031	-0.04915767652135649	0.26698091759031606	-0.4036747825519753	0.0595369702734892	0.21192941298307555	-0.3983731473184785	0.03373248973840345	-0.18091950440171106	0.3207472007079125	-0.056839903985897625	0.05267497407888894	-0.25875708004111136	0.14812418885687212	0.23001997511787897	-0.06892950734629631	-0.0022717561231892893
DTXSID4026212	-3.8036759890655887	1.3831793190318118	-1.3494132874230158	-0.7299329101499222	-3.259677823121419	3.6601951120880982	-2.38088846606879	1.3916938907162142	-2.8034744275150603	-0.7031426056509595	-3.4160787600401434	0.27332945210444426	4.493850295698005	-1.0684089390602451	-0.4814968764072938	-1.198109436412659	-1.8082309107570076	-0.8463458143159688	-0.6374047114939794	0.7132326049403737	0.8882568398308008	0.6627042950466638	0.03139019833604208	-0.18357007923729898	-0.029861035608458417	-0.2670565374182841	0.15885000935685548	-0.8268190861613148	-0.08867499599161639	-0.5164270085481265	0.03222391834366059	0.44093642041544523	-0.20830009643660102	-0.395312529297576	-0.09700857752616245	-0.2696208784313891	-1.5332402784701893	0.3090631054071197	0.37766212707790575	0.024583780656322277	-0.7103212169946075	0.22013846931585773	0.1461110157072275	-0.04144542040819273	0.38503848749929687	-0.15984026095012777	-0.25517025390661763	-0.3460682577351297	-0.26278846802663125	0.33644876832915827	0.09250029498576252	-0.16445529568293452	0.20655999786713525	0.11488490231781366	-0.22647635167419153	-0.0717006337535263	0.6248593184982253	-0.39634243467158364	0.1824713203499258	0.32617084756637754	0.5456869730199547	-0.2438503779518997	-0.21091019464402502	0.39135976918739657	0.40267359238978534	-0.1033113417508036	0.20748086187365997	-0.10767863585496242	1.2008306415971157	-0.2569226070598019	-0.12200913724689451	0.16542918796512338	0.4425530420168659	0.27117752400352624	-0.12398333549021895	0.1696200902832689	1.2924869938727777	-0.2797711161264401	-0.05471466637567237	0.49326225695392795	-0.042976355268317806	0.23822866717266	0.891422477660217	0.4053385243253341	-0.25379425289776236	0.290239869108468	-0.34189090944713646	-0.6799206304859271	-0.18343473038837438	-0.4013265032137521	0.006628204573806624	-0.10466265950171738	0.12787994563155114	0.14337416323698235	-0.6403911074961586	-0.9103895422079719	-0.365310224263146	-0.0775902340394889	-0.002056873503727399	-0.311097005455299
DTXSID4045345	1.3883360680616144	-2.9598438499216537	-0.9756393243120165	-2.700659692835744	-2.3229029595666364	-1.739819742046826	0.5741730109428776	2.3207619149999132	-1.2974503073528572	3.022365129341907	-0.21729152812448513	-0.25514191889726395	0.780845693838586	-0.7830803163941191	0.46077454795422307	2.752561568178691	-2.041588723035024	0.42498822668986536	-0.4019500218922649	-1.2973167919649629	-0.4712323202639973	-0.19075113895434861	0.45391257733483914	-0.188680631135936	-0.029512422652614043	1.0757366083443562	0.6366806266358397	1.5892556392055468	0.9560498187464703	-1.2547087887124684	-1.3569547018992618	-0.4623055563079968	0.22267471721074727	-0.6760719671290029	1.0846975307965017	1.6567495508479142	0.3115512165078874	0.21194833952904163	-0.35328577017848933	-0.27735457596098945	0.9940969107317865	-0.6431031341365653	0.7058542429954129	0.518610494022419	-0.21037776046967693	0.4757011340884823	-0.23874926499570104	-0.10354690964727468	0.4453898541661806	-0.012713348873273063	0.053567192726241435	0.14815380041253803	0.7389968660262811	0.20041850297249372	0.1547633331156457	-0.46348521938517995	0.1266719702779357	0.40196570194807274	0.19101468234559077	0.1466736453818636	-1.0225134957964759	-0.16788118565065044	-0.21420735990966314	0.6783303024884765	-1.0126462584264309	0.26258361057290536	0.8401345005023917	0.9933475712315085	0.17029983390540418	0.27111645052560046	0.3660733658972417	-0.6222544791174518	0.12987233675882295	-0.4822373164073955	0.28850139170214467	1.2667483829694095	0.8770200512381772	-0.12671296392738582	1.2125628953675975	-1.329059295661392	-0.6357476779983363	0.012066985315769913	-0.4222443409669192	0.412932826606952	-1.183763175867971	-0.032279687106510004	1.373260093933691	0.18757394779142278	-1.2028063724115297	-0.1261496694564187	0.346836775841888	-0.20082885512224774	0.9640350595941718	-1.0794261917162156	0.35453108379695775	-0.7444004251271709	-0.44698791504688606	-0.11632463250602945	0.18040771930285837	-0.728289186010271
DTXSID0047537	9.299910945436304	0.6624399152637512	8.10083733607687	-8.38753562984638	0.809626590348934	-7.310870586414541	-0.06284625348468596	0.7585954605384155	-0.40802925999893247	-0.2799070417319896	0.1121084193041447	1.9703178586285577	1.5577778849048962	0.014943507962153622	-4.384314373972405	-1.214822804849063	-0.6474986217563754	-2.251896266769989	1.4831473805812987	0.3056736834057583	-0.3215187415397172	1.410589371899056	0.6357972068544288	-0.5497967830998978	-0.20755927660886658	1.0433047382729463	-0.027217061644106224	0.13401364369818294	0.7053132048066864	0.18370841903160787	0.44445949874468593	-1.4338342989911745	-1.0054997318739156	-1.0489719292294974	0.976244439764378	0.4053194580072422	0.23400981591020759	0.8051623443161873	0.4950561378958775	1.2897027697078407	-0.014923357295658815	-0.053556993491492365	0.18591942680751908	-0.006405882974569899	0.20248691099414692	-0.35861670842399024	-0.0075447291548549275	0.35917367679938583	0.20507964883980354	0.1896025193143384	0.13991077716724515	0.37906649805470854	0.20791349551050647	-0.17485834879613701	0.003987064041602591	-0.09391475157883518	-0.2535563387686038	-0.08992061875252247	0.6767493995569509	-0.30123875017286955	0.2630429219188151	-0.16599484797772263	-0.25794924863425667	-0.25014937791572867	0.6756446669175674	-0.15544437536193104	0.5808045675368843	-0.15333103022681202	0.2512327674913036	0.5426840759168665	1.1004212695824163	0.3659309991168127	-0.2983349201681026	0.05015276254294242	-1.077210784413792	0.11721629991787237	-0.15466236297614455	-0.3916776030868472	-0.29213939851213366	0.34631159387401417	-0.2700255101324182	-0.35746608968772864	-0.0329335159992157	-0.4393136280423417	-0.2065302038868492	-0.29267872132880873	0.555568327806679	0.8500074324419987	0.22147337299668401	0.13089284985540386	0.25072580454285615	0.7426927808720795	-0.12292108603079953	-0.6161304059698336	-0.5172111794617618	-0.058565770159702005	-0.05675451896736579	0.13427327833687838	-0.19600839331845232	-0.029932807443985198
DTXSID2027830	-2.4550475932505815	1.4664030416670841	-2.4821301563963027	1.8529444912525166	0.16559759174047814	0.9688609021753787	3.4001523590112783	0.19651084100391825	-1.2205935370180747	-1.9232635122676947	0.3481721278574478	0.25364002673329283	-0.21334955812525308	-0.3336423224994596	-0.25636751085692366	0.023797894928976864	-0.4326757956851788	-0.3277473769224552	-0.29205005977448273	-0.21310753288885154	-1.093229507565436	-0.31657742734002037	0.2148051368485233	-0.16653580081426178	-0.5735199876347769	0.8361531704488551	-0.1845312668132829	1.1835989211852262	0.6146302619705186	-0.7710456085207171	0.666345035686154	0.21392529923471013	0.02763594565749051	-0.46873968409617106	0.33140760945996944	0.004066363298070485	0.3617241648720867	-0.04102794062437944	-0.5681878050436802	0.051647457548211616	-0.1212747507601786	0.455926348656258	-1.008881759903863	-0.16447814016702922	-0.16065406770710886	0.45237478762182554	-0.08062377889684515	-0.9286507388608052	0.06391671153664269	-0.5974569892965895	-0.07943257078001739	0.1179841185721976	-0.19217562302167354	0.07816156380203425	-0.4623065329451022	-0.2836574942388653	-0.13231671255386557	1.0473714927459628	-0.656366156204641	-0.11164340031025582	-0.34392505251558353	0.4974852852238538	-0.1686449680318534	0.5312581728310972	-0.4342248860658535	-0.15136391709695293	-0.4297023872580003	-0.9165871981018645	0.2584861555975486	-0.3865931546153894	0.7942603727284291	-0.5585383950818035	0.1325386848003681	-0.521482481198253	-0.6113804668958946	-0.05465670752288684	0.533059464700728	1.5037301569481005	1.771812528975168	-0.978029805584056	-0.5922049727094395	0.3420146312162433	-1.4760032372513585	-0.85945275345531	0.3145092235641345	-0.986426515657432	0.09206144099440487	1.0008193887380732	0.7031224255434123	1.144750192874	-0.08978040090634752	0.008978653288515178	-0.4417109374858648	-0.6299127766431895	-0.17604799250569947	-0.5481527893144974	0.9198549248129424	0.10043891406795516	0.1256730588273251	-0.062406693047760545
DTXSID4041230	-3.741113337420536	-1.3191761336114471	-3.5256543819666133	1.3323846482522284	-0.1116881575110385	-1.263575920879669	3.6889026352144434	-1.3355319739598324	-1.0741908493427936	0.8264088656881955	-0.8938549171885439	-0.5397348550349734	0.04373189694184446	2.9984596820415788	0.05610944877200863	-1.2038345124264924	-0.9187538533858881	-0.3355830167458412	0.6012871639477545	0.9011081754109214	-1.8809306887549682	0.1493061505912179	-1.9151961598421028	-0.26389719820763013	0.030052844978102254	-0.9855255835586006	0.3948109220088539	-0.6297845762032122	-0.11617907846863676	0.967526190677294	0.3578402132076436	-0.35429347268091305	1.5877887338033816	0.1007921469251071	0.48897648442680713	0.11065320588678249	-0.2018648766811822	-1.023413725707314	0.14283146739698607	-0.4550626594048583	-0.15332174485567335	1.3284890809415175	-0.8013014091994153	-0.25485391100228	-0.048435828358761306	0.004429861074277053	-0.3486913746812885	-0.5030566217597507	-0.4903936791920039	-0.8192854878007201	-0.059424780267954766	-0.10442685704938563	-0.41865658231838954	0.3358282631375501	0.023252946363436038	-0.08055238293350282	-0.21780125423925492	0.7401547643172787	0.08727000554840322	0.3333383286246518	-0.2656024960479739	0.7385011047172574	-0.642594462504118	-0.727010202839975	0.016996543967559497	0.5812561384419594	-0.8990312849034252	-0.08111547718681775	0.8212631937755546	-0.268193021118003	0.5201202166586071	-0.5813877258865974	-0.062762044105327	0.7760763223503633	-0.5317055850502272	-0.4227226477103939	-0.13011228092035051	0.13108863735330126	0.40114898190175435	-0.16479392024288156	0.4353919501761111	0.9478002827059281	-0.9336519263051963	-0.47285838857304735	0.5188440399583336	-0.10440491727860116	-0.19821183613312357	0.9364097042255922	0.9705086965717767	0.7280882962710009	-0.5114234472034282	0.2300883693761916	0.48493743439172404	-0.4424184394890597	-0.1297540671669183	-1.1721982629326198	0.2973888929305733	-0.12738821078158252	0.009551141647837057	0.256260073919026
DTXSID3047920	5.132334248093582	-1.922479870793451	-2.985406201171379	-9.741926315513354	1.3981065079765953	4.418914278933654	3.072002720055678	-3.4061653242127417	3.852901714770232	-1.0116924379476793	-0.36439854418645423	-0.025001110906769652	0.06239203517996709	1.5576548603188565	1.3540934529903583	-0.045520234039932196	0.9618992881223571	1.0756310962017492	-2.8025178503052053	1.6193220671427202	4.250062607874551	-1.2049758317870791	-2.5962997518711295	1.5504960633913707	0.25569925558430484	0.6141984228364935	0.910797320226697	2.853552590180148	-1.2299436597934463	-0.7633714666542809	-1.4374807255045918	0.7035812180406799	-0.21994396523064727	0.8267933959127278	-0.8160064368835541	-1.731510947799085	0.7644009939275499	-0.49232789589255477	-0.08740519728660184	0.17055445362309551	-0.1791183440560766	0.2246337522199168	0.810321735473447	-1.8062589352049714	-0.21201371100911917	-0.5212213763413589	-1.569430431389433	1.0850519779119556	0.551618284883905	-0.41081688735746136	-0.11397009408690223	-0.27747875217680373	0.06540449738346248	-0.17521196006749432	-0.7313345053645407	-0.39228579860490465	0.6286477399882368	-1.427318187338165	1.0712552454823419	-2.057805539637238	-0.7979040117931249	-2.5534208802214433	2.2194707444763835	-0.35401051622095275	0.0905297612465451	0.008747463360197662	0.4434548459374556	-0.31132209155935076	0.15537938657586325	1.7155285740876454	-1.3122743372805439	-0.5968216058710214	0.8875339500728995	0.39332802543087175	-0.3365958491238879	0.12500040647002528	0.34628811565966694	0.9196167500875777	-1.1725145466064277	0.3775769344044147	0.5118968988810488	-0.40182141179131187	-1.2911530815967727	-1.9762858690401885	-0.8303742775678216	-1.1994460842062242	2.0289200553863616	0.6437669215636391	0.2782641719891871	-1.5342548315695757	0.6134207078883785	-0.0017714753754147652	0.12637143347936924	0.5556496909337623	-0.2952261012814739	-1.7964518224009751	1.0706314683095692	-0.4023627046142348	-0.41896683156271114	0.2453239588525885
DTXSID2045361	4.720160021449913	3.046773610757133	0.11825226258492023	2.3787143339572854	1.4816192314755325	-1.7093458553044214	3.200212777750986	0.9661000591183561	0.7627459610732934	-1.8471017683823927	0.9734087858552951	0.4680591511788896	-1.337489362907471	1.9987865592996652	2.7410359455330475	1.3116658336670015	-3.2338462046028127	0.7131451126591278	-3.069193445371714	1.6788155947045138	-1.8323055000328465	0.7714137163740675	1.5324666139890524	-1.9576396863217291	3.536374911806033	0.81815847473704	2.609044101165204	-1.4787662326121365	0.932685076042862	-1.8526840173643575	1.9943418342514785	-0.7456734233659593	-0.06544318429761146	-4.556918766158271	-0.7794825336034429	-0.22845341605927522	0.5534977129086257	-0.09523886153204393	4.195030125502427	0.33463518811441145	1.3862979726175224	-2.690077459781267	0.9788934905124377	0.017217578626545455	-0.5322801068467911	-2.0908778391529985	-1.4989856154742631	1.635333512322161	0.0877130335591168	0.02599922020839936	0.006060298021067168	-1.1063679039892536	-0.029084206019674066	0.23163281674926853	-1.331810829543436	1.4608528443819357	1.4860179462429037	0.8982226762728283	0.8134116248249552	-1.3607778707125315	3.9149754948980307	-1.371843587100027	3.784601019049388	-1.8889347321678207	-2.3013225255206806	1.0878006823791815	1.536623979137561	1.9516612096786803	-1.2391540040338742	-1.6908706267881455	-0.13943854755903184	-2.5473722167576063	1.2254459859093547	0.4839425029796327	-1.3510323630200336	1.1066672667935575	0.29976745889880385	-0.9282328224496996	-0.6126556333222901	0.11395182835866925	-0.24505328145822142	1.3020898499579334	-1.5787266298673948	-0.2465572711452528	1.233254889685494	0.47870774413977535	-0.22211952803545254	-1.265344428610521	-0.5904635580131417	0.4369001518702532	-0.09982254573964185	-0.2902433597712276	-0.5186900306891193	0.8954477516450542	0.08166578568854063	1.514800759005875	0.765768756377174	0.013764431421428568	0.2657072387843782	0.20015703863330223
DTXSID8041034	9.260128423432393	4.492953633895731	-3.4350213578534228	1.2823089885858787	-2.094995877961944	-1.8721584381164897	4.528591931373669	2.0438898935627225	-1.1667256826052783	-1.8004764231555825	-1.7100492095719162	1.825955289082199	-0.37303151375520816	4.855531158545304	3.095591614804677	-0.8208194546999473	-1.2950395461659783	0.7472120149785512	0.9363475578474567	0.25039699150138195	1.0241376477683688	-1.2828028894077619	-1.1614750295008427	0.6741435633621561	0.784561435706582	1.9139463500021798	2.212132045880326	3.5938791341997107	3.7471577650446943	1.2801117404438784	2.0468143895533792	-0.03902836063364262	3.713899048957653	0.3384070156119212	-3.3358167684549085	0.49881448626929065	-0.9363322315751151	3.095482854645079	1.42700818596748	2.4254959806388765	-1.3939080297265147	-0.2602396113568229	-3.7641704592308605	-0.0292706846255153	1.53991229536404	-0.14018691488798807	-5.483646774764643	2.667201828586348	-3.3923965232765005	9.402549516128664	-1.3907260947999365	-0.34008552625273547	-0.7256738699593542	-4.214903399439875	-1.2206141927031269	2.277828905583279	-4.274838497901855	-5.050522415017813	-0.00371267643678609	-0.6094992262685284	-3.051064435690995	4.0149688618323	-4.906749167828268	-2.335896016047533	-0.9330384132062376	3.8467831264390764	0.5945425116928469	1.3883346756778563	0.7440665152992809	0.6597299071550315	0.8648496389816449	-1.4013604577473195	1.5585793917293738	-2.259050224864791	-0.7400114838861578	1.460787152956619	-0.24874530898926026	-0.261989018905822	-2.3383863946558567	-1.8798194019035739	1.6126147361054306	2.202261945441845	0.6094813172918438	-2.5702097369210066	1.033381129794033	0.34821192705813536	-0.40622139974386673	0.5211817741388323	-0.7844138341746473	0.8978484617314186	0.22356011703489728	-0.24703116459326976	-0.8706771572407803	1.3395324020552004	0.5874049280640757	-0.7201660666145275	-0.7204955314430554	-0.25001312819123184	-0.10104820847399096	-0.9038660003395192
DTXSID0045547	1.9219627330305582	1.8304389723382566	-2.4465372693161798	1.1215326610265146	-0.2052083036263696	-1.4002474739694775	6.1892439464562266	-1.0839834780719564	-1.9290030245404188	0.9140488878611076	0.18318986937168963	-1.4544194326640902	-1.0391594312717984	1.160107156101523	-0.004993585720029896	-1.3353642685067013	-1.0869392914926879	-0.6616975440990817	-1.6753156141068406	0.7761467700204205	-3.2657549065492675	-1.0508065911183395	1.8681606811619516	-0.37064273304966594	1.7996043351309068	-1.722684045222017	-0.03614323685942156	-0.9184758737864152	0.5948795274722875	-0.2543988531447642	-0.3597556491002808	-0.4390231738668568	0.8463634095629817	0.42466831505917185	0.9865369991901245	-0.09305254513392802	0.24303038053255413	0.7668863954970974	-1.2657531117641387	0.17287477439866208	0.0920170897633053	-1.190660201690133	1.3088026826990253	0.22923481020410752	-0.8058552325301456	-0.11975766113753825	0.5517208700933832	0.2609265091226142	0.7853248917412741	0.2111595367949633	0.15029976760098185	0.13986990822431056	0.44667581606080825	-0.6951568422671128	0.21922328312987702	-0.17259950545246716	-0.13627674966792563	-0.462605839919721	0.4428293408875169	-1.1400817205576526	-0.46499515405672764	-0.7585072751061855	0.15327385323700993	-0.1443595825771915	0.41223789509268977	0.29477591500018946	0.1588236600881275	1.2196639259355717	0.7553450899674337	0.591250744275685	-0.076475900543693	-0.8714830294289494	0.4827874938348553	-0.5221202071448577	-0.2686799915350667	1.3770621151673923	0.8902705013689902	0.8567545234052405	0.14420374335896757	0.522627718015431	1.2989198996943248	-0.36255798169812803	-0.3391569024296967	-0.26422652621202486	-0.583335952372019	-0.6204295341720686	0.8503116774413131	1.0615861370082074	0.6223725102327873	-0.05339711746477885	-0.5604687784371006	1.0782980588752324	-0.12832514365751962	0.5971722569906892	0.3915225419462711	0.6413922664492986	0.5047961449460883	-0.009455338386287919	-0.5104991163131921	0.4189676710901329
DTXSID4029143	-6.411066011813337	-2.631689904745004	2.818062897087964	-0.9443273870039809	-0.8924446944959	-0.14193143775874958	-0.011469215524064824	-0.8905892866549135	0.8259175871137638	0.3323440198947428	-0.24954687082728452	-0.1446469587410164	0.3550129266125591	-0.8161737764924301	0.004427529451825572	0.06416475158600528	0.22211113858012765	0.18375766200904642	-0.028654433675421982	-0.22888931825454617	0.054923230754925056	-0.11353243234389125	-0.14075389434903282	-0.3679453047842935	0.16616119576953273	-0.3843517540704377	-0.19571107014373118	-0.1571945305937999	0.10175222479389372	0.017821674758658583	0.15457316732280202	0.13216062563722172	0.41476023147389346	-0.05020690631667761	-0.17757272511767921	0.18227194748208894	0.025146315404126665	-0.06903911905479763	-0.15805666394458145	0.047879077985851205	-0.028283690384940118	-0.09820863372868611	-0.49433540647402807	-0.46448932170732593	-0.23974214261223398	0.1443968612989846	-0.1747765432064239	-0.08699267676669309	0.15974057397343663	-0.08489762767723065	0.002878009969593935	-0.13465901182561388	-0.1130160866273979	0.0612438680006014	0.05719970113225604	0.14957767726001447	0.1808782168764046	0.2048398749571612	0.03308540572036042	0.19941084225807035	-0.07428611878929689	0.043445539157025384	0.3926007731277975	-0.1470610536143257	-0.2736672959269088	0.21244972727667435	-0.22769175726755161	-0.1192247426402543	0.07379886507347803	0.5933143153861721	0.42671824073962916	0.1767273231357889	0.36989494020468777	-0.06609881822700148	-0.47489902542034534	-0.009842656770779853	0.10993375040100078	-0.008198477242372602	0.21239844651773787	-0.4225323235182577	0.16684829415887978	-0.5869188857190493	-0.11901641742823367	-0.2081258492699266	0.052752883966625704	-0.004649364507537771	-0.32577652738141455	-0.23391475055133543	-0.341109247111328	-0.045820372702650006	-0.5514622804206659	0.03576532056253953	0.31947303688421813	0.3791987619441412	-0.37280837519619364	-0.11370257649872548	0.0010086653928723347	0.00649353342357952	-0.0018916572715227307	-0.293149306326881
DTXSID1049433	-2.4991671283868833	0.6217041377496165	-1.3720086258233912	2.8593082746847007	1.8491859827400852	-1.240552218627013	-0.0822534048743892	1.3799560719464088	2.5653087692496612	0.4674713723213154	-0.4113451112744831	-0.4125493473060938	-0.5685386309940531	-0.06579626992608174	0.48028116664705695	0.466631322375667	0.33419369339839916	0.1422106066889848	0.2609464837773995	0.7760643992232065	0.5098239459573264	0.7768386863130744	1.02700857708441	-0.24988692715680194	1.3149980280511508	0.7169254465646685	1.6724803085403497	0.8200893814037779	0.8888429755043282	-0.2965431533806118	-0.9907401009928293	-1.775202289631554	-2.6152429023904764	-0.8558927762332841	1.7527656169357968	-0.6916631490674361	0.1866825784936183	-1.7297957168548852	-1.4150335316331812	0.5124030575627838	-2.6088252336144255	0.32590350658639566	-0.4967661323216497	-0.306726097207158	-0.7081955320279083	-0.7078347250062689	-1.2212839873413899	-1.0214152538074488	-0.0108541500052578	0.6841047318052262	0.3230786764673786	-2.9094231415295084	-0.9536621055646778	0.5682325372584369	1.0484929077577985	1.3328053194157161	-0.7425656337186897	0.2742994061336177	-1.3755740094852884	2.8894938501075926	1.746410034805923	-0.34314113499261434	-1.4762132068788143	-1.0434140570159085	-0.008318357088095217	-0.2760290598925297	0.8154745555510199	0.3330858798641496	0.584912580498878	1.2266660560908667	-2.242975109986565	1.588195696435984	-1.0068806155144028	0.3083852625081521	-0.03077013019691381	0.4946755796675057	0.42750584216538345	0.09155777087235681	0.4329686425795358	-0.3110400717621963	0.02179139426734019	-0.1440331734977231	0.2926287920400965	-0.08160220827367318	-0.2551904042235298	0.533382788240203	0.6388183598232187	0.3982628904159629	0.18573054350927953	-0.34423701825137276	0.5875120586393746	0.041393413188054805	-0.4620546694940545	0.27373930559824133	0.04307599792955574	-0.0860857162494125	0.054252939044284305	0.014765222416000716	0.4072164429500668	0.45507046306448834
DTXSID6020515	-6.813676461634404	-3.164042092089113	-0.4302884531982407	0.11005908913577496	1.6186916047189113	-0.7576040984449297	-0.4217897268487021	1.0653610572538628	0.7390731224716427	-0.6112673858886354	-0.8364622323136344	-0.15257443458078304	-0.05235149020937284	0.19154062223020682	0.5565551884010094	0.48454783800254553	-0.8948297300648731	0.022104154987274707	-0.6576685221796006	0.3232208447148945	-0.5036942181978966	0.10902154285102159	-0.6200281289852557	-0.42399859369813975	-0.05892624977394799	-0.05973608752880705	0.18903737855546138	0.22089075491216284	-0.1424842901151048	0.07941788924884625	0.5705306387220019	0.014768983820580027	0.04289117908656921	-0.3284380051199353	0.15067708110260666	-0.3933819717612618	-0.4278964189049946	-0.6162699321601308	0.374702055211779	0.5362852230461354	0.000329372988438608	0.27200650864133513	-0.6937805194257763	0.5839308685383733	0.15757721756286594	0.19805846488688586	0.1878139860852327	0.018329946592499313	0.10961804864341972	0.27019855361675266	0.08078712272465911	-0.07989132188835664	-0.008345643092963395	0.13521447145933793	0.07124466820082112	-0.22718100505530614	-0.18485333658520686	0.5435874748938494	-0.27535690033742516	0.05125454525036308	0.14801311450418025	0.0736040739120546	-0.17041945085848959	0.4004191986021915	-0.2579767538879098	-0.08801397243443142	-0.22697139865775492	-0.055150198201095874	-0.5987172387433594	0.186279196570256	0.15846147203077413	0.6436606294529815	-0.34214842907868237	0.33183853779756345	0.02367797025376343	-0.61278706487007	-1.014124183722685	-0.5772118518079573	0.2725777309360626	-0.48995253350001644	0.10962206597760459	-0.3646441283248378	0.4395711723797181	-0.8722007936265185	-0.8334402900811336	-0.18866764703534594	0.4022473490772339	-0.004904791500619876	0.09840424975778689	-0.8937376529463837	-0.7447992566640578	-0.28295235110038497	-0.16083394837196038	-0.14768363768321527	0.13868001924869552	-0.43237168172602647	0.27658099248431994	0.18122857057758382	-0.14943811224459583	-0.5379259827496367
DTXSID7040788	-2.151591804369235	0.9602386676683953	0.22677984270360083	1.0054161121774021	-2.6402488202686802	-0.26324323105011116	-2.7198653892356903	-2.674690327995589	-1.2437043614488008	-1.492037809221031	-4.61815552544147	-0.2128080733374234	4.28163957275209	1.5843855266608564	1.1676574173681085	-0.5796549728334346	-1.1990351557903487	0.5375783641926364	0.33482892214601034	0.005427501475254521	0.38528895002967	0.1802255664174825	-0.4975375016152561	0.05541964755103742	0.6946079939067477	-0.27298397222481713	0.8441764024088421	-0.0988955262535607	-0.24437717280634547	0.4823328776118903	0.03752569748856436	-0.5048042022960796	1.1774847644443496	0.7547688642725774	-0.35774475552414586	-0.07889522362794758	-0.6303768434856163	-0.6872973844105781	0.08420638646419185	-0.14102645539862038	0.07442972732651576	0.3933717851833368	-0.32676940725896386	0.09026852985165089	-0.6903234687714528	-0.1452114442241638	-0.33168792195141	-0.5136556280003334	-0.2932528381664576	-0.3889392685272944	0.020021173675017507	-0.46044278498913604	-0.09523779563472075	0.3430828304065834	0.5272433673456941	-0.397529828724348	0.5582203738114986	0.377180584825305	0.11772006769733784	-0.17351591350357565	-0.0805484243095924	0.6243255782347593	-0.33247134686455093	-0.5360845289809182	-0.20495865034662394	-0.15024131722242426	0.02988312722665161	-0.20265612152660953	0.3544192286729338	-0.35128491211073376	-0.08583908806406988	-0.8209084263301581	0.5411615449445007	-0.26744486155055813	-0.2068925841391606	0.027299725499393836	0.5883361893212831	-0.4303441205681252	-0.010724784874130262	-0.6379698544551917	-0.39418355585889925	-0.8760832705906083	-0.11055317462905682	0.13479024544557874	0.3887616349221881	0.32836089369952703	0.07104106202611353	0.5575117656378868	-0.47457192015660526	-0.20283904638000017	-0.1895284829349745	-0.11759693115197868	0.5145117952776228	0.6155544780619991	-0.40601216828874803	-0.07914133568138385	0.308534234951837	0.06559167292167821	0.04758648994005604	0.41044156043303215
DTXSID4046812	4.887715275832995	0.035203849416839114	0.6176702322901297	-1.7097720963419392	1.8656839209696208	5.165864020262456	0.019149410107422295	-0.21434254255250432	-0.14662013928827666	-1.3551606013613031	0.2515482178580884	0.610372704645229	-0.022643708442169307	1.1588980946807577	-1.5689116899454576	-0.3111484760549731	1.3231142330621852	-0.9287593240545093	-0.05311992642823563	-0.25198096004688647	0.25528853248009087	-0.5374929609644997	0.2976788633762007	1.1038342369216576	-0.6524487814926991	-1.5744248036157662	-0.10523799713739537	0.036689741306890566	-0.028192732337101626	-0.14841031567567867	-1.8116966938429142	0.5862450467883291	0.5093414329770639	0.1838004422586795	-0.5123967998608847	-0.4342528479622611	0.0351391168368088	-0.02504914654370061	-0.0307616343192585	0.05493448534804412	-0.9098668102955801	-0.911933448960685	0.3041105177457247	0.016465475100036337	-0.40497529257747383	-0.19549956267241417	0.4265213209233974	-0.06474421112436046	0.23907201729251973	0.005379690513277914	0.06251016300868309	0.12427367018112137	0.2148676942735202	-0.6493205445376344	0.37681565154359137	0.8040099246308019	-0.2517557909263075	-0.1841670759199644	0.007898584566381673	-0.5921476495757677	0.03672721845907299	-0.3465884593653709	0.44250117446325027	-0.07337654879032456	0.1697434086288059	-0.3469647349672432	0.3335826354476695	0.47285897223354567	0.2647967626092718	0.16088493863850994	0.04818074555176771	0.04339275259355699	0.9685414371315764	-0.016454712155452092	-1.169803623271298	-0.45143790947019435	0.18490362744467218	-0.32286430832831214	-0.08814215405473272	1.1461569813284724	1.7449926295269147	-0.14634001335359018	0.10200032360151415	-1.2365246210494276	-0.15877483422138225	0.23307925239591673	-0.6465168504454915	-0.7422300622486564	0.020954240528421545	-0.4296358172322378	-1.096953127643508	-1.0194822366297527	-0.09627627781773614	1.6445556190806867	0.6032023307684787	0.7549895921565843	-1.0299106190683704	0.4779694350058355	-0.5768329539632644	-2.388498380982036
DTXSID6027923	-9.531384146930993	-2.8337033958659057	0.05777415580709913	-1.7214965331164989	-1.7351171406781847	0.8384488491206815	-2.5219646080128753	-0.48569662350534154	1.4242238969021317	0.6889958601265469	0.5098286162602836	-0.8173395733684804	-0.7258223616738514	-2.0068227008783444	-1.2671376612546477	1.4011006371897259	-1.8979556309556793	-0.2184106541955874	0.09710220794890662	1.6443867774303464	-0.1546910682104702	1.1057398072848734	-3.8168556727143437	-1.6230252927711184	1.3938325211701852	-0.786033053183048	-0.8577397082638855	0.23791074284807032	0.46756166275834327	-0.10695863064815467	0.4397508169232256	0.1715424631709	-0.047706490852904744	0.2200018002563631	0.7153537543994242	0.3338954744078394	-0.28602712963944704	-0.7835223339304825	0.015922857967681465	0.2541097568729166	-0.10795710139153374	-0.8316776870604767	0.22298218164132952	-0.12233987815809635	0.6582057902524263	0.24390136929560402	-0.4790537839331387	0.22319667541792756	0.28715083817658166	0.018230210384478987	-0.20972917790032766	-0.5201027284892527	-0.2399994599829452	-0.0613671751561189	0.2510920776296068	0.1297352402877719	-0.8001902297847923	-0.00658495074328166	0.5734577884822533	0.18716703297739765	-0.9535652825599787	-0.09021007066906545	0.7756049529074583	0.9583820164822099	-0.22076291028483627	0.17333987814214177	-0.28924566070255847	-0.027099439659798642	-0.12200385323071174	-0.4269646591399765	1.0718572303369192	0.24675204651415653	0.2975753643971841	0.32444941463540794	0.12493073372688732	-0.17863569151486697	0.4244383882664722	-1.2481562175389147	-0.5196129159104248	0.4330341777659352	0.5307660742632839	-0.8235531879711757	0.08969971856542609	-0.4178207594400279	0.24546930201505018	0.12724536387750576	-0.33978061094381956	-0.3488309124240776	0.2322615603323774	0.22046480216245937	-0.05353628420765719	-0.04438009787543114	-1.3935364448030982	-0.7476705205562089	-0.5673845596238029	-0.5505815815416236	0.07436235932483799	0.20006809024243755	0.41643472559375205	-0.5524120676711117
DTXSID9024063	-4.651243457057135	0.9582340155113188	0.21109152065295686	1.5767400520126476	-2.1588996058533994	0.5224572272520528	-2.639872136425795	-3.4981109838893505	-0.14941244182102723	-0.6129758541585884	-3.6151157375103438	-0.552556447180504	3.9989155866026795	-0.2714635466012728	0.7562681594702291	-0.16073004750448325	-1.0748581987352046	0.5202405661965659	-0.35458201245039095	0.18638808425067635	-0.35887092090281203	0.6095843514643848	0.24171806809927054	-0.47522652464672294	1.59129602800064	0.0441629790590631	-0.2611270554851843	-0.4519673922850813	-0.364880122781309	0.16534076698352923	-1.6927963654643965	-0.1619906880428289	-0.3254207732525056	0.4624767294752044	1.3359741403809995	0.8319723896479646	-0.9350161804727802	0.36131049835362394	-0.03570967816507671	0.13075674554541614	-0.7728902656219768	-0.2813506235551363	0.18994684857667674	-0.12623959900975198	0.4396112357367578	-0.42683382894967214	0.40830820582476823	-0.4780128392369054	-0.19536977196336497	0.24569398186599328	0.11586220819493445	-0.4055498664061183	0.7090225202975735	-0.40552704414897395	-0.35177704191998765	0.48744984151314896	-0.636838863228599	-0.3002677647288372	0.6762707216313566	0.008605708066880997	0.033125663546530286	-0.0668119500657905	0.5662002276337413	0.40530340457880215	0.4613804739787586	-0.08235688081894711	0.3869885074279169	0.2611996604630134	0.13503941314855286	0.09366079700956549	-0.2730933442102778	0.36419572311954895	-0.13651945398823023	0.017356472893482404	0.3969262145137962	-0.46034648456715493	0.0764304829037042	-0.5681190902142089	-0.07955467751265703	0.41304680164123336	0.12945779334537852	0.5876526307279798	-0.222676553258063	-0.1495245473818599	0.06296465806276824	-0.4910793266431169	-0.48701892834746013	-0.1482211654856487	0.5452736663196693	0.42148385206847233	-0.34984788078772466	0.9272110465997457	-0.25952666059716084	-0.06790283477425853	0.2281157855003627	-0.3128349389301998	0.25202988616502525	0.0016277730247646256	-0.08260370728602023	-0.1335712001690841
DTXSID6022006	-3.5884213156738385	-2.631340469555219	2.2655940342692777	-1.8061006794649603	0.6086137712960811	-1.6701503037422072	-0.456265373851903	-0.18324168900959376	-0.06908031982750668	-0.9530651639749813	-0.433908064798923	0.4082809860460024	-0.061771261465436864	0.541334265108115	-0.9365729951462844	-0.5562343845768936	0.08870596608033336	-0.6854276757465775	0.4249078862851781	-0.13461514144512995	0.368127964217221	0.1111872247367471	0.6970382357702999	-0.19770954183559164	-0.0759201945646567	0.03197661449500586	-0.14443961593870489	0.3366143761926964	0.006027085364012514	0.011378089355477284	0.2573396100666769	-0.27412060164822444	0.13896885914830315	-0.5424226222932167	0.02985421688183592	-0.11293421835814119	-0.06338189480373246	0.319587078305997	0.2248535211036662	0.380552597294398	-0.11161549535428501	0.14843918206243362	-0.28889771395078595	0.05170078651738868	-0.298709511422504	-0.013603649079550455	0.25612707459555606	-0.2166839235997481	0.051200121819994386	0.019524600682822295	0.11956477191029972	0.06752086914484709	0.0832275025234122	-0.05062176074129374	-0.029605896372342497	-0.11654811868471236	0.08837700787519646	-0.0265334171078897	0.037019657180287054	-0.0591415311267207	0.3535084025472401	0.04348056279406738	0.1400784791932923	-0.042052192385808485	0.07523450132847291	-0.11105374988652751	0.19201245214339074	-0.30713459572231727	0.11671675232811143	0.4711250720144705	0.2516092129035617	0.2983401625201753	-0.050367934589595494	-0.07888410485434849	-0.9463277195078068	0.07368538770201154	-0.40243459275267	0.4554519502073699	0.24760779730491606	-0.22195639000385947	0.133615515362987	0.024549886426704543	0.2683145516269102	-0.06376383928326934	-0.08627511748824834	-0.044806598900481096	0.07654121549800605	-0.3862358043111224	0.038411402141706734	-0.015594830211837595	0.3606378994632265	-0.022792238083308165	0.07731050272758083	-0.18803042709544418	-0.2250375548024	-0.22147101223856672	-0.15862960802208825	-0.043604570178928825	-0.034805754358070956	0.08455047561334245
DTXSID2048581	19.420743611406447	-0.9442079950159016	-3.8530046007482235	4.919439966436582	7.76569662944421	-2.3080081813023865	-3.532761588622203	0.9966644274680596	-1.7037289060294458	2.975518529165856	-4.035743328012425	-0.324229780450253	4.192968293120889	3.408153843167244	-0.8794933902178583	2.8227253960083507	-5.859208136937402	0.9554632045325646	-4.901835709867142	0.8899566482023884	-0.19996780251405824	-0.052048500205222205	1.7197631815959873	-1.1839004778201234	-2.4106337859958096	0.8068095856585454	1.1884511209168789	-0.8570072550680189	-1.8063687733856983	-0.25134346114724454	-0.4272114660653419	1.0213946691353692	-0.6506959769214518	3.7034366967039554	0.9227963274595075	-1.709474901642374	-4.1334258722722454	-0.43233276725736586	0.4984947219972685	-0.5282563401559501	2.22176710209858	-0.15267567608886415	-1.4053404561369613	-0.8593205048113425	0.29206997335693324	0.20212239886674122	-1.007329551605169	1.6920002859099132	-0.24045208412287733	1.208547761916173	0.4113805318619462	0.8295078873043311	0.8315985849946113	1.406005232789386	0.5646262477116709	1.0209810331043483	1.3909387328407905	2.8937966869030736	0.09516088381245441	-0.4143941727514738	-0.08003694809645812	0.4211180576656155	-0.09346119538183519	-0.6135891238918141	-0.7938342678657262	0.9725554818324292	-0.992897365667596	-1.0676738563200374	0.16229219917864435	-0.1172931625786357	-2.3046999329560607	2.7752040000767675	-1.4632688891865229	-0.7319142809573047	1.8156092837840412	-1.2700420204111216	-0.5803481414364796	-0.027977236582600908	-0.6812628484613504	-0.29887353373919795	-0.2292965592432695	0.8453072217209031	-0.5634088347926052	-0.9725341414492095	1.6383827610600612	-0.1731989207297321	2.276088538504985	-2.287396357238328	-1.2994661909052196	-0.06826862551876499	-0.8305194587980351	-1.7300038833402223	-0.24928756688437004	-1.3220191385162918	-0.4625738738129407	0.21647951933615583	-0.72669314970803	-0.005278439593436353	-0.4632586121391468	-0.6738442397427121
DTXSID0023747	0.14041366855554915	-2.404782824464742	-3.4061809494629833	2.667254980715231	-0.35996184236677015	-1.3483251681607746	3.0868623109099596	-0.7130300567173078	-0.5779764165337767	0.658441018981056	-0.0016033680613991154	-0.3668500508205492	-0.6948938107838636	1.8927574948486512	-0.24344961378723845	-1.934858922837831	0.0952884249213391	-0.4204943752289726	0.14331819278309774	0.4102818799333599	-0.8640174160852874	-0.07303633146395432	1.0058303843080436	-0.03811867305708987	-0.5503005460646936	-0.01734216204482115	0.2601144263872118	-0.49227123524282485	0.16525653799793277	0.11126060802011474	0.65948858004551	-0.36518843837881	0.027204359191808476	-0.8191312257815718	-0.7703019887571648	0.11969780975735175	-0.15597887896280135	0.2968523689870948	-0.3893369259906089	0.13423204407726244	0.15175327738162342	0.6051248524146459	-0.13225716659029813	-0.11155810147700541	0.16607493054143854	-0.04599398753872428	0.16075691801988334	-0.06271874456300823	-0.22075741328011853	-0.2379875114558982	-0.17800683553768876	0.12701128870532402	-0.12596612939031848	0.0029689902065613625	-0.43434138027570307	-0.10379653096015974	0.20077466246405837	0.11561088654632228	-0.6164196908086905	0.3209184707309055	0.36163653303460624	-0.26717750690770076	-0.43044218649750077	0.2482999389465516	0.07599235637404515	-0.2733177042153791	-0.16422301226695155	-0.41801123407363855	0.3745282535378807	-0.5502719547578293	0.2113287823825436	-0.568581211941541	-0.040441498653742816	0.0044397929732171776	-0.573416416428921	-0.06273665324256911	0.6936935620745412	0.9842028867258351	0.7170686928411631	-0.2576987002947507	-0.5196632988554803	-0.005131399996379656	-0.8122299716791828	-0.4733690866927109	0.49561649651838224	0.3558122336605692	-0.11935210634173979	0.36135774367364737	0.7142551235177756	-0.2380991364129264	0.0771777064161802	-0.12339727306606384	-0.027673913958625226	0.08563160343274115	0.01748613739202878	-0.7346750188371661	0.21697599441056353	-0.1906088427551595	0.45402254075854415	0.40960285590712614
DTXSID4045131	0.23887724053169787	0.7434709652057936	0.9576777065330283	3.141589637734927	-1.3929106029822689	-0.8957271093724549	1.1665092473617007	-0.10628831188263409	1.2210158027283007	-0.38405813457640625	-0.9061719590726558	0.031030749013085737	0.24502853675954303	0.8627606514290589	2.980746131962664	0.9071819661286818	2.3800338738357585	-0.47303493611098096	-1.0938952326032274	-1.2663399696140536	0.8119329041139461	6.462936053147764	0.8307228655954497	1.4812950040277844	-1.0128655219060803	0.0585159601625553	1.5051490073257607	0.04803099374842954	1.2407660095808104	-0.4200110751742468	1.3668769718648799	-3.637767546939656	1.7266240687697723	0.46466637107195324	0.07148727906717968	-0.11937892887342581	-0.18628237213717416	0.219613000070582	2.687046602156162	-1.332535529289078	-0.6909486126726219	-2.629603961128486	1.9561635147653438	-3.0706893220988767	-1.7285547616280599	-1.1921872508082052	-0.8506779952663598	-0.9633030560518634	1.196557641752253	-2.032167032707957	0.7190817419926032	2.5785380708740995	-0.9671073057847542	-0.06574037658470758	-2.4160785651465093	-0.7295168525689347	-0.5921633132621983	-1.824258376479207	-1.163729459616376	0.9754761983475656	-2.877632927307607	0.34551362866850144	-1.84714278765175	0.288929551257248	0.5204660071325734	-0.5993129696460225	0.4307412791635862	-1.0490542886932572	-0.11152082096210744	-0.20822697173927462	0.015397017513369197	1.7630175890712534	-0.37754086112934115	0.4125509059141389	-0.7257427332734225	0.6289961205289017	-0.8570689706499292	0.6745590833851264	0.1883177028306088	-0.17967006610535943	-0.7566588930392267	0.3369987472635142	0.15664675507500161	0.6702198847796524	0.3112851336870702	0.08468647664238814	-0.02204924437642917	0.7302664173099659	0.3399595389050856	-0.508023989123436	0.10863827623816971	-0.5827860727121038	0.14319954770778803	0.6671305868551287	0.582304902198314	-0.49060519097218086	0.13730312623614094	0.24110574223598835	0.1725256381060701	0.8060263484339439
DTXSID0020943	-2.9034101929185296	-0.1903706320584358	-3.3578383629691064	1.677121115550036	1.269757076978671	-0.3581425943916588	-1.1690479385744188	-2.0825294396167093	-0.7292714258910284	2.482190145740444	-0.15732037760100454	6.833306717337661	-1.2394420280963208	1.0740899476681554	0.3381623413171247	-2.549562563896925	-1.1865968590393243	-0.2856166763323791	1.7035962453985842	-0.10733421461235415	-0.27856090994595617	0.10541399918775948	-0.5553127180756781	0.7982956505287591	-0.8951609637878306	-0.49620909163209714	1.4831330556639442	-0.1117236789925602	-0.3234696026772573	1.291747418648353	-0.015343272350205793	-0.6170326305038643	1.5475017719161803	0.4892909943710038	-0.5273061843608042	-0.5665473831383603	0.22550855675715847	-0.3752444821017512	0.3795131513372618	-0.31015665149283916	-0.09421889912446788	0.5196859812911937	0.30608030814172554	0.41047647316743896	-0.746432433756432	-0.26694020685724584	0.17407016320626742	-0.3788433358867124	-0.22868373540161896	-0.45404841391966505	0.01810778255702553	0.030736638790108788	-0.34203307434714564	0.28878311922206945	0.41047112316727774	-0.46804057538908334	0.1730302022528496	-0.13668665679319197	0.2243628978039775	-0.3030573279972542	0.36017897912178787	0.06758600495715018	-0.6385662477571363	-0.8367495171851274	0.08326703717502301	0.580372152281317	0.1987066447841036	-0.269569009904656	0.27165432377315696	0.05114720402420873	-0.1286389617398946	-1.151729764987648	-0.07024869362334711	-0.22681184371430502	-0.001639499827944871	0.2932122771774449	-0.3558480143127244	-0.0717065342869423	-0.7304192990836724	-0.9451102819318712	0.33587162944114557	-0.11729326840213933	0.30268960826099434	1.2808035383520888	0.21214133977572835	0.5773838954423384	0.7232572574981263	-0.651304684898963	0.46987143646441676	0.9013887287729485	-0.688061031276087	0.46801386160868397	0.16500311985055902	0.3993777679309969	0.0328755784173295	-0.715093159232522	0.21845230745263133	0.04659365313108223	0.0103397763497176	0.02566435832744631
DTXSID0048925	6.574168110141063	4.008934840108167	3.23302380996362	3.1085392239336866	-3.6345317617926214	1.1008248104002232	0.2287636122831367	-1.0037344264961332	1.247846504305253	-0.2866038101369334	-3.28205514823332	-0.39771799908009214	3.1162991368906203	-1.6597478054420978	4.640927698686024	-1.8206200300785544	-3.254915730804361	-1.1512261951171843	-0.15578252379997676	3.8772215291809604	2.855698408082871	0.17940770853982235	3.4264102471855806	0.6356458467411399	0.2849706240726991	1.276897444757705	-1.6581540783941318	-0.11330555363489728	-1.473497933212131	-0.5065244172978222	-1.0113806323812022	-0.0796627957608633	-0.577605177272734	-0.3356956950601192	0.6815188022875408	0.25896136828468075	1.0095340580244219	-0.8632340804785679	-0.9952244403798924	-0.8589811989515719	0.9595318876059317	0.6883586431067816	-1.2314993250135549	0.9913110030418637	-0.4965039489331225	-0.5657686347113502	1.0248110797216312	-0.9530412509257606	0.07271258268623947	-0.21837738985252939	0.17588395447468122	-0.10132924839332158	0.347176101404	-0.014418072344848196	0.44049801270871597	-1.7246929950006418	-0.5105446543097735	0.6576201852465561	-0.45695653105085104	-0.14369009135602714	-0.2718289354850992	2.439136160734659	-1.1696874746802302	0.6044930247091432	-0.729303959959003	-2.067818449209288	0.9496436264311124	-0.42829144450085854	0.46171376515785767	-1.054169708885504	0.6923230491239308	-0.17922150387871177	0.055416401885462756	-2.4434508853926773	-1.215669173869194	1.6123032959052406	-0.537468933205423	0.2454620933956269	0.8314047926776376	0.39087729039279506	0.9281824338338843	-0.09192555147704727	-0.7112063915015306	1.8095914826757848	0.701457356199494	0.08369156508695617	-0.9004183617476025	0.7762785218833264	-0.6231260206645265	0.0041394879943279	-0.8675845821615242	0.01152544881416936	1.3981242816076052	-0.5219655991193568	0.12658250325168635	-0.06817544587917007	1.0153829629397448	0.18857789078636047	-0.7478924690761231	0.27881125187086003
DTXSID0048844	5.976220495259648	-0.0035325384921315274	-2.330804911707015	-2.1623849764999927	0.14166858948611194	1.0399341845790722	3.098914730520083	0.6011470461881797	0.6130090860716657	0.28217808722471893	-1.9599813195532911	-0.6512363932382377	-1.8848343765627775	0.7935261372729379	1.755354356282492	-2.948963549689402	3.532197247437165	1.393176788464305	-3.648129656480178	-0.6210906048817082	3.697415010818951	-0.6257792000001429	-1.6399489737114479	0.8987438362093035	1.3123390817449339	2.3287382327650668	1.9414748401925561	-0.4701184744675978	-1.104295480085671	-1.737949869387838	-2.5125500420942153	0.1921168559864872	-0.7226246789821801	-0.6235461180017544	-0.6879032177525288	-3.007656835563721	-1.062114955233786	-0.38056684223687515	0.0924144815937278	1.6266471274829328	2.2298940676466423	2.9852916238338594	0.5866261597990038	-0.2315664384383715	-0.22410724823116956	0.10598663124551709	-2.089185332201811	0.7910011228860476	-0.05109537518510227	-0.4531726273634517	0.1791496101143421	-0.9283089117991007	0.773502227098417	0.9283407936615311	-1.2515198909302125	-1.238906291428224	1.6406763361066832	0.48405647374389593	0.6592964561221758	-1.914599949781226	-0.21746764763149887	-0.762728373700036	-0.3339448785897054	-0.27986528748094414	0.45299825049769366	-0.09219739456131362	-0.5751180327238491	-0.7019272563817164	-0.37372986693275667	0.28537758899791543	1.8098784861212538	2.3248434261967916	-1.2914919238179408	-0.7267597606308313	1.471765046836213	-0.8801312393628415	0.23231568089196533	-1.7554658041880289	-0.3980164289381951	-0.0896859999977015	0.24094582925244235	0.255533146335406	-0.045379568566398354	0.8382513031524177	-1.081783241536443	0.4909185819303611	-0.6385446351271329	-0.652997654629701	-0.04198687138831892	-1.2119083760606866	0.1408533722585893	1.2553405391143293	-1.0719609991578292	-0.30698938807437576	-0.009864327213922197	-0.3995596688457277	-0.9293557412441343	-0.65051195683007	0.2731880277727247	0.7513545005456045
DTXSID3032620	6.970480906827431	3.5907092711933783	-5.846722476476202	-2.9812472372496406	6.822222863750979	4.081429785639315	-1.0524509393572732	4.671506726051868	6.592142965140535	-0.013939309546425917	-2.4222945729543177	-0.6618915246834867	4.135275989665159	0.2032887012062368	-0.42936310956832674	0.24671190477571403	0.3312499124032923	0.2160508766435295	1.8534324723453925	-1.7987555659513013	-1.883110038507097	-1.496756387586502	0.029874236393232206	1.6014440867700384	-1.5756197383907884	-1.319279171442886	0.07326839453755662	-0.3377496049418407	0.1695440805088199	0.15986636618184671	-0.24960826425642432	-0.26259603551396954	1.1170651442124206	-0.34840779486677237	-0.3730637827342476	-0.009239452887634532	0.5136554012043241	0.3525366657998267	0.18506725376009592	-0.7992818929726755	-0.910269356654876	-0.7435420839399123	0.8583379014116325	-0.9706240391503661	0.2881349184436171	0.18053079233600314	-0.047672231118989036	1.393902251934289	-0.1432061666859894	0.3621802282217428	-0.170080399718389	0.8109366600271399	0.30139708960936273	-0.23347162983608488	1.1640378512329763	-0.024991789117743395	0.5483270893454867	-0.7139320846409465	0.5534017639188927	0.6840817630601651	0.03025447600588695	-1.9079042993310045	-0.7787788857079748	-0.9593495045091285	-0.09418555874041525	-0.21262603922409742	1.309119143569092	0.9465935444982748	0.9812765332382589	-0.12761266766254437	1.39403657703701	-1.4322442179262296	0.10139050532343767	0.504589055129508	-1.2058103696514368	-0.9623904398056571	-0.6902088243290612	0.11124012906448204	-0.9144132752720152	-0.32001636075783524	-0.22409680295937645	0.12485718178102784	0.8122041436800899	-0.03297259932238608	-0.31490624945860446	-0.3970633443451865	-0.6404094149043177	1.1034989385431566	-0.797257792618631	-0.3502072226997251	-0.8501237779235863	-1.432305606203809	-0.942779016516293	1.6835264478129197	-0.10633048994190315	-0.8767972950234603	-0.23073235559726477	-0.38526374557093845	-0.2420798043690053	-1.1294298650113077
DTXSID3020465	1.7229206502483858	5.781473891962195	0.32693596590165935	1.545943454182	-3.9418531767531806	-0.05316098357931295	-5.118813645653061	-5.066219165006478	-1.3354406297596935	-0.7776730137051038	-6.236109425294273	-1.1702095356002449	8.127798469112498	-0.6622306818096706	0.27772877164075055	-0.5176035089594521	-3.1860007926026124	-0.01293466278631124	-0.8747291136077867	0.7749127800195822	0.18364118026132686	1.6739109816939883	0.30167094153447105	-1.443894132066178	1.5689473998814687	1.0554423863874005	-0.14963883876869444	0.14073757609982906	-0.38627798415075626	-0.6885632025366876	-0.856922826446805	0.37769605343510887	-0.40139409181620855	0.6823598006455412	-1.2822892775423669	-0.4733683508881582	-1.1224188246999611	-0.281200492270946	-0.6793837157861385	-0.31586529463511503	0.5867617480470151	0.03944551667118682	0.13746195450135656	0.2410499926731364	0.6197687239548589	-0.2785775895947855	-0.5476486332620656	-0.521598071095181	0.005379674416327527	0.24415040002834762	-0.029693377756820943	-0.8649706634682877	0.5446406826099373	0.2228472047706017	0.04716694513525372	0.09367611304934756	0.4622585498165756	0.25231994180259987	0.18276060111081321	-0.01113564320094384	-0.3862544176619941	0.6941855042397764	-0.5226381136459399	1.38104960363746	-0.32865355281210246	-1.185374054665185	0.5754753103918214	-0.9856115952135952	0.6831672689078817	-0.6417213699578097	-0.024575294689538188	-1.199308393482932	0.6898462627205283	0.14075297316964983	0.5926115799500968	-0.4246350518854075	1.1634884598789028	-0.7720099552750427	0.20675113729722708	-0.18010903438832399	-0.9180540194071051	-0.45594326416690484	-0.5059225792192268	-0.101940652102137	-0.038539101883898315	0.9105148647429493	0.2783376058467215	-0.08544159615561366	0.052860520544481863	-0.7223663155426012	0.20397690037120048	-0.5711976494768602	0.02873702326818217	0.7099209443007948	0.16477861336184765	0.2505413182601757	0.7238641625761771	0.05064304286353394	0.16612290318702583	0.3631084484586612
DTXSID6045828	4.417416199399197	-0.21159589346969812	1.4752772581048719	0.7857015994559823	-0.7876813777447293	-0.7092416334751149	0.814041521190728	1.731234132445447	1.584734460331859	-1.533457417517323	-0.28391790837520187	0.0372233512093262	-0.8457937229362784	0.7149293237589025	3.1951261493408207	-0.6818945897528169	-1.2559924042547272	-0.6995119095269419	-0.019453144120179056	2.9275361075473896	2.8338093751237134	-1.1688753432782144	3.4731880325603135	0.9564169832096777	-0.8697762987878371	0.6364108672871359	-1.7301231061608933	-1.1943741626181579	-0.7730229555725399	-1.196180652929631	-0.946005225953288	-0.2859833319267695	-0.8864389236844255	-0.27374417232483805	0.2473926312435623	0.44581423686241234	1.9623994148271127	0.3124144890921252	-2.2697995606832455	-2.9897963464943063	1.5530368517096849	0.36334947999894623	-1.1971654769340299	0.5216361630774519	-0.22629607180118627	0.36987772999267493	1.3799593854099124	-0.9721460342092644	-0.2705193677360782	-1.0543893117327459	-0.10188811016227846	0.24392111180161105	-0.33793800673339824	-0.22533873670895935	-0.0020350112877666267	-1.921042601747625	-0.6256533857564259	0.9837378609402841	-1.1485600115716506	0.5608549402405621	-0.9763432963915509	1.9674252036537685	-0.7183205948518907	-0.009134351707753173	-1.6800654802505304	-1.1698870715575147	-0.33688258725376274	1.8537960786431316	-0.15897322245121207	-1.0286481673505967	1.090625448464198	-0.32653254515899777	2.638207464499255	-3.1529073555386162	-1.0952762102064177	0.13524976482751497	-0.9611774713903545	-1.4760339408364418	0.9216764460979003	1.343609815175039	0.9376543306820005	-0.1382198822700071	-0.8660105120844946	0.49193499842013827	-0.6165419901080589	0.9908325628409046	0.33365253219662255	-0.04395859495583007	0.11822525682917442	-0.015502933161194358	0.20962366492378068	0.3612889161971591	-0.48885884366809124	-0.4814904418306224	-0.347416931933187	0.800194505839856	0.7951181386797289	0.7716384883779138	-0.9312643966932397	0.01785889698391826
DTXSID0057629	14.534988879033335	-4.914669982742037	-6.700500561953207	-0.22904476435227744	10.639562753924453	-7.314962392504846	-2.1848149503330863	5.681000731626991	-0.28138769408654213	1.5153516313810451	2.627122862203026	-3.115720488956456	5.006328913417902	-0.8458462588993922	2.790513648824824	-1.456523566975291	-0.7460404946109715	0.07792071436012327	-0.5339110205789275	2.025531954622157	1.01379940741848	0.6511423251306836	0.577693525649365	-0.33460754201310033	-1.0702968125999617	0.9801346082241699	-0.5906340872645895	-1.2433548258235623	-2.1801547925997995	-0.06433940556290563	-1.6170598395797482	0.6814573039377804	-0.775275324515651	1.200226621687805	2.3292866570891935	-1.3372908776439074	1.5672198122661456	-1.1592496653830748	1.214079097868917	-0.8352666163748113	0.5684724467973001	1.4793540912818202	-2.184938918631517	1.5578236806237105	0.8315407879687206	0.3909941701642848	-0.24828854527372834	-0.9732059971016457	0.41129348606590505	1.2036610311134373	0.446892288468188	0.17260939483900425	-0.15097857197840261	0.2812106985186666	-0.044020747764793984	-0.18725829720352577	0.04841141362627955	-0.07281875664471257	-0.8869928752165237	1.4304327338687897	-0.9747606177932652	1.3224175016795272	-0.5842632632631016	0.19696103679589894	-0.8862259242908717	-0.6002774698781295	-1.4560652879314504	0.9168839818647786	0.4914329826948213	0.04907050335685784	0.2614521092364094	1.308142952762852	-1.6345875129937946	2.3385688176048918	-0.0708176780999684	-1.4503496279846833	-4.001681209517621	-0.11211719325120394	2.1552068757492275	-2.013521948345191	0.02668911399577404	-0.04487866263320219	1.7465365999912668	1.524546429177954	-2.528286366921487	3.0704083878036585	-1.2975892977881618	1.81084714710458	-1.2492446441143614	0.8079187399271808	-1.265966099028622	2.0458178921337318	-0.041385701464926	-1.6355861006891808	1.8870777446685063	1.6788048414997532	0.8733588277865453	0.03935912089446475	1.0640892644477833	-1.106671869201399
DTXSID7046673	29.018286139256208	0.8617822945110242	-11.580185383540444	4.972997061490532	17.35274892103057	-10.835677383798437	3.0349286500516923	12.175698374565403	0.6793776195080776	4.89722863455651	-0.8360889002493878	-3.944310328135582	6.821310208572806	-2.8766880679311497	-2.02958916058683	5.211984336726915	-0.8992827021511692	-1.8650988278807485	3.071778413438112	0.14982484084965952	3.0226038974039926	2.2813463680070396	2.6221438762327023	-1.3529646961287851	-0.1456867475504622	0.08725345303653972	1.0842441197246435	-2.4414076297292384	-1.670018496055673	-0.031790228231360074	-3.584753381587742	-0.9004770894926083	-2.183078571856721	4.796927424413609	2.030543519582518	-2.634060190013697	-1.941725424315637	-2.133967212675413	3.1299530626536187	-0.14509875629521746	3.1745736094751296	1.7035038598027576	-3.2023300296299877	4.194923356396515	-0.37657470495892786	0.1852078582811451	-1.335291427018965	0.9866546140783046	0.7160029004676189	3.5893240127443633	1.4141239610866514	1.863725210462887	0.8012717737606708	1.48629407020316	0.7833363284063031	0.33699518561795894	0.5692176468024276	2.984678328633845	1.6927402026155824	-0.24667425429996928	-0.04575854792119184	4.2191618741095285	0.3187274819634379	-1.207097499181714	-1.6798302495265676	0.559759704017993	-3.704590516109656	0.25185779151157167	0.23602766412508427	1.818892047615735	-1.6197768764431375	4.287763186580857	-2.422526139661118	3.4618002776748877	1.5756562856576195	-2.1668543484476306	-4.252484845103846	0.8827891447401092	0.7597538982208856	-3.3914172058079557	-0.310430288768794	-1.6504373244671764	2.3424875345295955	0.4082558185601541	-3.4327780834156045	-1.0321111262060134	-0.2920360508640167	-0.19169064655465146	-0.2260685269930117	-0.8774015476132168	0.5970721003723606	1.5369174168002646	1.0867682858219234	-1.100542235828295	2.5633706573544304	0.39715536067674456	1.158946842309334	0.4542679491816195	1.8052944587363982	-1.7673569602336627
DTXSID8041951	-2.1350437555805457	0.6996516262979275	0.8080323887433927	-0.1757840881697037	-0.054147452980902726	0.3547721638090443	-1.2527278362886423	0.8945104946016832	0.1445522791485343	-1.7325808834284067	0.026945509345792283	-0.05747892688413754	-1.0150399580813685	0.7856816646495045	-0.4454265662245248	-0.043965027439035874	0.773520874669398	-0.4514675997777416	0.4029347480542105	-1.061239712438278	0.1730570640720472	-0.3048368901426168	1.5681790008736038	0.10662870558802462	-0.2628960928741016	0.43269379495231974	-0.08526069289720999	-0.13991715142425423	-0.19842922461035742	-0.5345134878896971	-0.7488012364180588	0.2245634172434529	-0.342130890105466	-0.17002170392316568	0.09934282385137731	-0.4512752094119634	-0.021521607498042526	0.370636473179414	-0.4650807616454866	-0.2437338335055193	-0.020353874740023207	0.5494768494430692	-0.09724182342926976	0.1810855471445735	-0.444093271805036	-0.19479307499181	0.1215099402912875	-0.604574117263359	-0.1895339416484467	-0.04373505925941933	0.08949616360065939	0.016235992515106788	0.25239139367601404	-0.32286739587923785	-0.33848974053395525	-0.1430148675753469	0.09983296419419467	0.20141228641986997	-0.25089893249381096	-0.16822714404759662	0.12405196411133601	0.26885335717064074	0.02283696587871146	-0.21372084838389083	0.07939560271128723	-0.21836897731893914	-0.026490380189865975	-0.24942865710966736	0.4207783405478519	0.19397048440398537	-0.18693562306927217	-0.2363854248337431	0.6504695997548285	0.1049377247994843	-1.055259684958498	-0.09622877475676263	-0.6259699610154763	0.41990963832455874	-0.5286373281729857	0.3157323289011023	0.0831291175516976	-0.21969622197017188	-0.2733072288316525	-0.20938146096265076	0.14121199182863586	0.46071027963400657	0.023145699598851696	-0.14920732290590605	0.10084962318884019	-0.06222021052927579	0.04758762055869905	0.0750245654229242	0.4163858253368046	-0.4369194906924644	0.19384599917574616	-0.21841531514949336	0.6546986003685915	0.5734084832230922	0.1474945049407072	-0.10263879419895625
DTXSID0045707	0.6039858367175984	2.2188242967516865	-0.9732224661229538	0.7246783018899956	0.3087994973862406	-1.2022702330078854	2.894490294054083	0.2584484407587011	-1.064839096124882	-3.681596076921662	0.08279184625785711	-0.33146250823861984	-1.2506345469969458	1.5164300363235401	-0.5875745269344884	-0.7032745370781176	0.5630452861004525	-0.6664924440636859	0.1593707548168617	-0.5361469434070859	-1.04190229600146	-0.5041367988325101	-0.47581044021024366	0.7715445983085866	-1.100927161522071	0.5314025846311287	0.4309342193036025	0.5560597390830655	0.030541434404481555	-0.34890636532428554	-2.035200251068474	0.7591413543436872	0.06595910141496433	0.16634848074594188	0.8064126057152793	0.7852983568860398	-1.1913471007326817	-0.052298261002472875	-0.16831855114088387	-0.7510907517806212	-0.8495092800077266	-0.08258408641770544	-0.10892417975403745	0.43916546143524593	-0.5778527496977728	-0.32728698701396575	0.6732946653210256	-0.9402642419717321	-0.8114212430762417	-0.984563944084094	-0.36545563745013315	0.06793070182140262	-0.6288356991745416	-0.2151930066135165	-0.09968118434747104	-0.5800724277869587	-1.1968184480156132	1.1735975623670893	-0.5256078701028345	-0.11630399018667079	-0.032727830383184046	0.668335416196523	-0.22860967862944137	0.34811244778241884	-0.28091426792507873	0.26430084865628195	0.14576312743195352	-1.232755777980101	1.3536718769057619	-1.381907312270812	-0.5276314557582109	-2.1642119025271707	1.4932336632185323	-0.9714605276664019	-0.484470953241624	0.2948954013440434	0.9174690881635263	-0.33424709268005454	-0.20442954599976496	-0.7923525050310598	-0.659908855264861	-0.45242544788409356	-0.5116956814744821	0.7724261643704511	0.04015046652299956	1.0756658612557786	0.7487190046387677	-0.48288052392871167	-1.3835803634603847	-0.15050744681361827	0.7745326953684065	0.25256751279893536	0.3360376130553033	-0.5149542633752129	1.029474863006156	-0.0027239099247717	-0.339959524705721	-0.25855159632534364	0.5728035567587475	-0.006095450969919462
DTXSID1046425	-0.8091389404298728	0.2152943766955676	-5.25083779774095	0.9550786190114876	4.632467094456965	-1.1684350476734893	-0.3842606497995199	1.4012700051339677	3.649714085928439	5.384044330702819	-2.5798012284976646	-2.227877013094133	0.11393070496568226	-0.2388071958130417	-1.9686473125110375	-3.8585101823385424	2.1623812857553086	0.34482256561651853	-0.2997130563147487	-0.4085626807226571	0.7680849693154322	-0.9901964124863023	-0.8742063307071936	1.4629039251418365	-1.2785091850258337	-0.19863786396674263	-0.6272228687828272	0.745954562878336	-0.6684215017505232	-0.07171219142156562	0.35086620820199566	0.11729043071619163	-1.9355263097893858	2.340913278618835	-0.2882325755588945	-2.447910533084409	-3.002574787310956	-0.7309471782075453	1.32862309412204	-1.3304403751558138	1.512940421582372	-2.199350137828654	-0.925154106338934	-0.05242987803028818	-1.0827500104440317	-0.22201676614432306	-0.8357963173278461	2.1771635530321305	0.29820067982581316	0.6356340353486506	0.1801189401376121	1.0488350726059152	0.7295663233258564	0.7454133050982449	1.643923861670588	-0.7195321903330143	-0.06123051372306861	-0.22664616266743226	2.0758600873715958	-2.0135372156985927	-0.4580570986856379	-1.0439918202962004	0.539161153620191	0.6588213011181125	-0.8572694942469381	-0.40376448184797237	0.012928750275663148	-0.17087148911427252	-0.7105004696165353	-0.14061583910255054	0.2060142629663809	-0.2659311755501855	0.38318720667905726	-1.0167426590647266	0.020934686181363554	0.6122224336321851	1.279094852897636	0.15465739857703123	-0.2034672232014575	-0.09726439400712172	-0.4678999307465542	0.9548447156236409	-0.9284329153475107	-0.45219195922008115	1.286226548685306	-0.29724768600346346	-0.8255408579188438	-1.1378609121525982	-0.008493826737964939	0.3979186092013589	-0.28799618808034066	0.28689667743066266	-0.2711486652336006	-1.5927493007105031	-1.1142689877094756	0.2736923536978155	0.04766456989673432	-0.03132763405872477	-0.4632086073539649	0.5204411208509685
DTXSID0022016	-1.944458663154357	-4.060380244315278	-0.04001621423430826	1.9068004718744342	-2.7411637385263377	-0.956786930047595	2.216386911381306	3.74537412758149	4.4250413096323715	-1.5303065568772907	0.6842750893634997	0.7998599591495148	-1.2555965784566683	-1.9961439778848946	6.0326324809962495	1.115075614252392	-5.277459238844954	-0.14525243566535986	-1.047075729301832	3.551256555419239	-1.8072489121220363	5.7469621875758286	-0.9722032219928881	-5.155307500807488	6.633191270589498	2.8664841337619964	5.529185401308919	-1.7965183129001574	0.7350271542537624	-4.0531778525688535	2.4621715063104803	-0.938085857615361	1.8517004739010543	-11.652441941996722	-3.0547628575081234	-1.1990872635181644	0.15615189883740102	-2.134342463211889	15.476133293415463	1.0047156391544567	1.3331140281654439	-6.3113045144606	-0.19022430268603432	0.8507062299937327	-0.9705717677387931	-6.3668923765053655	-4.005086237173566	0.7486867820898474	-0.47686203507160485	-1.9131310825874384	0.06707691419939295	-5.455209681047354	-0.7503321577307935	1.8703557289063357	-4.653913969524783	8.083032534321738	0.24484217135626532	4.491967325949098	1.7879295531777766	-3.2216320669834997	12.798607975601621	-0.33692445792911074	13.438704115349056	-3.0924728683291267	-6.563035530276573	1.0125857512860417	0.33271068032160184	4.53858764071888	-4.4519604648538325	-3.589624042126883	1.5060174466063783	-6.876853580351197	3.907706034962727	1.5852018730785657	-2.2708217363453973	0.5264301675328182	-0.4985102174340397	-1.263386073227636	-0.8155852686616502	0.0366298035357674	3.3026497647305244	4.073704742437546	-2.912623104942794	0.7728593847165641	2.6237200780877674	0.9704992832387846	-1.2895724795970527	-4.740799501758329	0.4903118512060979	2.4991490046114277	2.288986790608452	-0.32282461509567245	1.6027822442756254	-1.4892153806618544	-1.911234788295604	4.054787181196957	1.9136039029842824	0.7027503509949867	-1.0914089711058281	0.8745051414013804
DTXSID0021751	-6.297039630932451	-4.016609676497082	-1.6258468944268942	-2.103688048738879	-0.6947102397813447	2.5534485256739385	-0.7283141411230407	-1.4605256886882736	2.1264900592487326	0.10928828877723426	0.5514010348282432	-0.3781986465844114	0.6397643179469952	0.7617006595523887	-0.2430048011561915	0.9195915491958985	-0.6004549652329156	0.23702278948589167	0.07294145198354683	-0.19872279679767324	-0.36292640047437724	0.046751073534492094	-0.4395976540052138	-0.2601663848304871	-0.36332822708447415	-0.11715879362111413	-0.1227673487781106	0.31747704254414433	0.2560659412874178	-0.1961634155477144	0.40004339881210105	-0.10176831998038867	-0.06179750858107746	-0.35676220978770024	0.33490991620223803	0.008474734780512867	0.08131237315899822	-0.09189453658978212	0.230919859027073	0.10685578551396208	-0.0053885366733954655	0.13972337722748798	-0.1414477976177781	0.012993476174798943	0.001181875527082524	0.29439726878090705	0.09991436074431888	0.06289180866129204	0.09781369254768216	0.05948697005873698	0.0036277242064490073	0.011638518733840504	-0.16514464596510778	0.0034374428982236814	0.05007481046911733	-0.12238821270696744	0.016677644645764718	0.034819612799850706	-0.2626533239182909	0.2838296104914589	-0.14071434044904024	-0.14265981230937128	0.044946568436496435	0.015752428368604	-0.32435924532444316	0.2666559149246835	0.3465427124515655	-0.18163297815522506	-0.31819906853006996	-0.17326278109686613	0.1943792379305428	0.1736126860627962	-0.17053337914819497	0.05996400133296433	-0.47315032775413124	-0.05265438223976154	-0.36232674659594316	-0.1653772953495675	0.016968985507964187	0.07653152124178707	0.29537318247495903	-0.03078387014458015	0.0797075462198021	-0.40711572942707486	0.07260336017381407	0.04390095459456246	0.12129319607015143	-0.0916470680669829	-0.19128997332257397	-0.1266803878370113	0.1756024290050509	-0.21539781575884795	-0.21961176102692742	0.3400199113873482	-0.15710867057588238	-0.3451256759542544	0.5418739519176005	0.17426110545988127	-0.15326423829924268	-0.09276790822160505
DTXSID8020880	-1.0670352596066563	-1.0385239518568485	-0.9011418598377424	1.829899800837422	0.8629837680236614	-1.9329092134849444	3.1056380266714267	-0.45380597901364655	-1.2646331962179718	-1.18704370293409	0.4578155157263202	1.6650157676091428	0.47107887300297613	1.37239589998087	1.0984894427282157	0.8818123262816502	-0.5377087455595331	0.6011570234600435	-1.4369068011821837	-0.09014182345349994	-2.188481771748923	-0.8496268065215477	1.3742083131205556	-0.1622423204121474	-0.6031962454824109	-0.4813319604792698	0.30101439907282024	1.8886398760455434	2.289550924893866	-2.475587976521507	1.6774926993706032	-0.45538995142901856	-2.678312997854319	-1.4837002560343333	-0.07752942045304934	0.06774764033037733	0.02837363865462274	-2.94418557796826	-3.8221655107846866	0.9918720020565773	-3.0071691252977186	-2.0332144085822037	-3.814368677416047	1.6095910598080834	-0.5311246621887223	0.11246017716945773	2.847884420849691	4.875170983595669	-1.0234564350297206	-3.823520241552585	-0.8755626613396318	0.7435338871952466	1.6689576608133743	-0.14272776152375358	-3.878991971017798	1.4509349648432845	5.317590609186687	-3.4228029574882024	-0.2921818487780609	-2.8824726906793576	-0.8014236502078955	3.800493021546569	-0.344398806485847	-1.7161749357464968	0.5834519765304376	-1.28824397780621	-1.1145640819267557	1.234858683730712	0.41261892362144775	-0.45887889223786726	0.3396598812133989	-0.40376285534397505	-0.16113156026405198	-0.07289073173054916	1.4924176864243441	-0.5644628807955747	-0.19993928460562857	-0.11404864139970412	-0.9633026041942735	0.4148166284319512	-0.5478548621775732	-0.4094612473690851	-0.3007180420555866	1.0691713579778612	-0.18972429805050536	0.9023746817293954	0.44561695923320177	0.6288334803045226	0.06851465449642893	-0.552373057383585	0.8632541820567942	0.09143565317894552	0.19149626667341763	-0.2173822790565662	0.2162103588121813	-0.0488202083721299	0.18336493123207087	-0.24614751636308177	0.12655045229715495	0.1236269091430725
DTXSID6040795	0.7610984358141075	-0.3882344390894222	-3.5410356740657707	-2.6912858670203708	0.24814778467594514	0.6047673107799748	-0.9685581937989362	-1.3503336480648103	-1.524596765806094	1.3593557535533853	-1.3441659323881285	-1.541231051593783	-2.684550778742103	-2.6241318340837774	0.1568147783176213	0.33229770938202574	0.898749339914462	-0.45516525558117055	-0.7755608267827622	-0.1475574979074752	0.5604479655632668	-0.7613287618012297	0.13893267811896118	1.6016844648635913	0.717724749295255	-0.0011772097582022386	0.75736126220702	-0.33091017081480395	0.03216253538174342	-0.20457134517713302	-0.9226874808153712	-0.06634501597069337	0.27814197982632893	-0.2984786582378583	0.7522319168786715	-0.3773851909350007	-0.02986541883269726	0.1301834326491583	0.22318631295855937	0.3218920951081154	0.32559127132544674	0.34862240933222904	0.39167668260870625	0.05425452855907351	-0.691226396339899	0.3966522746806272	-0.7675022258773094	0.003651021832421026	0.10214301823571192	-0.013832620210901382	0.14302214726946783	-0.359949167231939	0.2931430560242832	0.22465316085976436	-0.23479708793031237	-0.2888372177097443	0.26116549337304545	-0.538879114538546	0.2079845107088533	-1.123315255664743	-0.6485301805022138	-0.2736748439637002	0.21881249602991817	0.16867592852381558	0.14910256118872273	-0.8674866499073228	-0.0033302686025654736	0.9340920187641513	-0.48349094911787754	-0.19248348464555362	0.5613490012671	-0.025256851126954756	-0.042583790707765315	-0.3786187793019621	0.5073364923107245	-0.5196525636221102	0.8156253526442506	-0.0582786593453407	0.5061691408373955	0.6363800592692672	-0.14936488080500374	0.7804693421881873	-1.1028120708041913	-0.617580784375562	-1.1473623171005143	-0.12762659449481797	-0.37199237613053787	-0.5601807060742374	-0.18398670753545934	-0.14576079735368885	0.7987810280595209	0.4852446083840831	0.948286299778126	-0.24942651143490857	-0.029162277379869872	-1.3637991088775632	1.1906366041542937	-0.35259270611703136	0.8137664522872754	0.7938478469233908
DTXSID3042423	23.986751758944656	-6.307710178283159	-3.796306142008988	-3.6588446506096894	8.21708275296098	-5.647580036092351	-6.143663923611788	4.642018149296356	-2.1986592147803314	-9.364070603809028	-0.7983322301883602	1.9004838272961775	-5.326185525244742	8.152347002665225	-5.48870512965584	-0.19413235739072818	-1.7350087801149585	-3.869545222533477	1.4798980091128366	-0.26805389883754815	0.7307721369428771	2.0920626145142633	2.0391557183951594	-4.189492431751794	5.671045579504662	-1.6422283216563163	-4.331697484093402	-0.4468903517737117	-2.1410905863013596	-0.9274883532506146	-5.005996630327508	-0.9179661439286939	1.0201937697652124	0.8528351976097358	0.9025735526159046	-4.1526394933051405	1.3744394149325583	-0.6595664054241264	1.1017739572868994	0.09204636198202747	-0.08682945638703639	-0.476788791432564	0.1382541840301729	-0.061390124901622475	-0.4122772557040509	-0.9766192014403364	-0.3597299303666046	0.6374401550522472	-0.019952195639513292	0.8601583818896246	0.5680233542703201	0.3778704778804052	1.304006060745027	-1.4677303809356745	0.6753037983052297	-0.7660010468027552	0.011626366973359503	-0.23455865814509952	2.1997016452495375	-0.895076484278638	0.3520591298837189	2.786453091957331	0.2683340884207838	0.5652097245507359	1.6670846936358406	-1.4586971964617674	0.8613099621341074	-0.49871267851560436	1.2054078003634094	0.7194238909106069	0.8082588678820541	2.412764562775788	1.5649579679997463	-0.24261639966681248	-8.106017562327091	-1.2993346581171654	-3.266009237113566	-0.8364139186155399	2.363804366953841	1.1207661618402154	1.1033065564000246	-1.6722319231252771	5.476287871449354	-1.503473936381433	-3.703850746974763	-0.5558491830469103	0.9046616815650379	-0.0531630768416002	3.455777195089002	0.2685717119598001	2.553152302891525	-1.3969771284135433	-0.443272105649378	-1.3656783455947736	-2.935975858468864	0.5766332991228539	-1.1811882258859705	-0.36937612712866075	-0.06128606693247306	0.06209529371743736
DTXSID1020194	-6.961021520524196	-4.125149007619766	-2.1085222705278026	-0.7336160407879524	-1.3648843892038045	0.30544421826254914	-2.045150120119771	-0.6714433032428391	0.004506859574461755	1.1950711599162744	0.2119618142107261	-0.6493383580756282	-0.11782390989591729	-1.4565775352874024	-1.0351348793320176	0.9363308229785086	-0.5770025595692531	-0.057553821775176005	-0.300140211222557	0.49188372104255085	0.1745007037851456	0.2834415970401795	-1.5698358844731077	-0.454022682994668	0.297807802456391	-0.535968396332497	-0.6305983378260153	0.36091337168812115	0.3126320719845322	-0.26472046654643466	0.3344139418007393	0.20398545134619706	-0.15203747415275123	-0.16138085687014125	0.3184296234562961	-0.13798086133199955	0.08365837418751543	-0.23933179496523818	0.12308389567785732	-0.022121447177889816	-0.09423890425772427	-0.2789659382013333	0.2545935477750125	0.04391355227954473	0.3489330617164996	0.20574273145701794	-0.18303461903794496	-0.0576618029183786	0.001145310002518846	0.20198495381482862	-0.018900454438941672	-0.12473512622884672	-0.09495853946758716	0.18414351801534468	-0.12521586045471467	-0.04945792910545204	-0.1384301761856485	-0.22892790771038224	0.2012351455022819	0.15414048827854981	-0.3441823509640854	-0.03082427500299829	0.48846191409432177	0.6047940792084884	-0.2480822033825261	0.38304044801365855	0.11131549782473525	-0.13642460005710985	-0.3064539704269829	-0.3104195213359125	0.5539198573830605	0.22617404878382316	0.21222351728459915	0.260527726283119	-0.11093308203951847	-0.4179619932107705	-0.1852670140391381	-0.9820801802081351	-0.11850511552850027	0.1012750135203753	0.43269466591033345	-0.19244896807029882	0.29670886889371495	-0.3635884657370759	0.3946181967383161	-0.18571404821633425	-0.20056697021112363	0.052758683757175	0.12788959705124037	0.872760276669578	-0.00486882246250701	-0.1726730754476734	-0.228231553824835	-0.6982535198077273	-0.19997240480996892	-0.30253222115735307	-0.6768074442196557	-0.14845384366689746	0.15471873307883172	-0.2905289880783727
DTXSID7045653	3.3298288761235564	5.557404958634468	0.37889814242704606	0.8511715991334893	0.12565602267554352	-2.2164276751903462	0.03095647071885941	2.513772835198116	1.440538902354573	0.4925134865097846	0.28536346257630524	-0.016276647304372775	-0.2873598535872732	0.5851914686825722	1.3575789162546028	1.7799494696539797	-0.13399714989070935	0.42928378207802426	-0.8777012407950173	-1.757612447132089	-0.8302689373443366	-0.26579298929211626	1.6785934373982527	-0.6671851961873528	-0.0649979376084798	2.534780177712726	-0.05330452299152332	1.5111293916146544	-1.6085050714965738	1.1764972907264264	-0.8328992085720274	-1.5369219905634213	-1.1491724451717067	-0.39962055706244876	-0.19848949640482472	1.288038265308439	-0.3378182895393939	-2.0703723471185502	-0.1347637206441615	-0.47615901045203624	-0.28087445961891644	0.48145952186842406	1.3479232608136704	0.9799179087202672	0.0976085117633197	1.1938901825049966	0.3507007305927588	-0.03543374805676272	-0.048464124673553384	0.7530007054603067	0.007742115097833426	0.2861425303707677	1.1872816489607585	-0.05738521334403023	-0.09262385674822848	-0.6432360544220731	-0.5192827257584044	-0.198671766341073	-0.79783725151745	0.22917875690885448	-0.440055856364083	0.4914018058950902	0.5473669436015313	0.1947713023071692	-0.870024011012143	1.2897948430974893	-0.47301987768247256	-0.6828000865910523	0.2357143325614482	1.3626556573578952	-1.3224776293544394	-0.9882039088406771	-1.9239098323834092	-0.0973561015986184	-1.1113125099320091	-1.8050648070640594	0.04687869650874644	-0.6715772162019978	-0.31069067479375545	-0.19254670381998684	-0.3090178416706882	0.2987533580764765	0.0464610754177496	-0.08723060692704408	-0.9046711667044178	-0.4256713211381589	0.5764401269401546	0.08561455406492306	-0.19378954056624384	-0.844528309937511	-1.4127285564223877	-0.6197113029156168	-0.2355373541888141	-0.3189383362217449	0.7316338186340778	-0.051251180527741996	0.46549293374648026	-0.4663510717631035	-0.4592846017367171	-0.7661275454354916
DTXSID0047745	-5.342226594550988	0.3454034711117665	-1.1829494563620322	1.2029144782986263	-1.5015314976645258	1.4553162654147789	-2.705283083742323	-3.385158448866332	-0.44058794691368713	-1.1936145275071603	-3.3337315070843556	-0.6485578847748198	3.9457370347498135	-0.23403796731883902	-0.03893725199896044	-0.3946542442959423	-1.0978389641238468	-0.04567662830663643	-0.5923385107536822	1.04213036226101	0.7071256018937793	0.7583698637346938	0.39421056428715184	0.1346397136971803	0.49991949927133833	-0.09669032904742172	0.9084793719592144	0.7213244989426909	-0.16491681378463358	0.2909328675766762	-0.3682395902132835	-0.5919885651548801	-0.17804578029993898	-0.026130993495757985	-0.5435989620999342	-0.12590222572677237	-1.0834667861795324	-0.004182207159502597	-0.014386540232387985	-0.022880277971179808	-0.47544590238092505	-0.00691176890798874	0.011034673598221393	0.10249764830056657	0.46318193428029286	-0.4027575217149495	0.6604351344742507	-0.3839299942862006	-0.06669233214064127	0.2581414659270727	0.12429128388806136	-0.17916959299389015	0.49131005119013094	0.04830668073999931	-0.27061993432202364	0.3474775514264086	0.10668010448171587	-0.058053887034674075	0.12753834966755306	0.09484631563764323	0.001843551024254303	-0.5179301588275483	0.6811111122960817	0.2802264975581529	0.2625957887796279	0.06587598171287619	0.13871638802390412	-0.40456906618199595	0.25558374655337174	0.08659808069611706	-0.579708079241866	0.31049528619545413	0.6648767268855413	-1.0734025512121514	-0.48145507885330646	-0.14325160523745045	0.32756719600852824	0.002333629315500138	-0.04360193373260385	0.6544617063969747	0.9464170258041467	-0.299374269911595	-0.0506412233683216	-0.1463536516984571	-0.2041263698949787	-0.0387301769268591	-0.08653381595980664	-0.08772776849306597	0.6013646192685363	-0.04069601199393408	-0.6920011518495489	-0.23604967288531384	-0.300265195064124	0.20299131450919738	0.5611843599937614	0.026710848779927097	-0.7347538845535957	-0.49723869790747005	-0.26586456188083335	-0.5174275785143014
DTXSID10382147	0.9731341997746519	-3.6406556337401477	-4.4543662719753865	-7.357100629749335	0.46784878543539604	7.167326332098502	-0.007921466520362075	-3.119242853736338	5.86689906475073	0.13177362747393132	2.791727159698093	-0.47072349089165194	2.7784456952894194	4.418271639849403	0.03570524361634809	1.9456240454285783	-1.6262690628425767	0.69723257381294	1.2940971564230606	-1.3622886910295409	-1.5684936617480145	0.42191058799640363	0.459872097690598	-0.05666669418868908	-0.9143507589555533	0.37325920964099246	-0.2444442918790179	-0.3798100872380126	0.5683287565714149	-0.8185943623971896	0.23771475087867316	-0.7838076884094408	-0.8398231811535211	-0.017223761747995378	-0.09126640258590671	0.5341454817158932	-0.1696565817020918	1.0255718656496566	-0.12165769977956488	-0.3560909490538165	0.714059333923798	0.49989887438188596	-0.24009670672717803	0.25344365976156163	-0.08732559311963767	0.7118464967973654	-0.10568446066388741	-0.2739382201379557	-0.22629366412725796	-0.11743343928449379	0.04622076275061477	0.07263747679629748	-0.2769541239312012	0.05154289693551511	-0.16810227564738614	-0.23327302350296247	0.27428881840386976	0.7068809513205255	-0.8765344734977751	0.369770054622624	-0.1907448030897053	0.33988763546052514	-0.40293701252830016	-0.7451897970303463	-0.5357949607608178	-0.3015879415753036	0.15951885146336237	0.45492370653435926	0.1715716349408649	-0.5252426276585889	-0.8573184267322359	-0.2180328998557726	0.21198235776232927	0.19593462937768946	0.38551755398355286	0.10601664913684399	-0.07383948308024814	0.2111208119115118	-0.03624367730761466	0.48615137628104815	-0.20999998481944257	0.5511684751180361	0.04310734690437443	0.31523908031080344	-0.4538440499512862	0.5985590919328023	0.42279291737073893	-0.21968939818679972	0.42036720805402267	-0.7632588287410977	1.1084721194470564	-0.04717984626029163	0.05170284561785097	0.5299870370023356	-0.3810699710500091	-0.15490695087763964	-0.2810900429060257	-0.18277613500254808	-0.2942337356402523	0.03691153783380087
DTXSID5020152	-5.484519081266484	-0.37819053865462793	-0.11196624725942708	0.918745483126787	-1.5674687951695947	0.05071856658011662	-1.5695577898577737	-0.7950122095990331	1.105098588030172	-0.42514319352374874	0.6516712343767201	-0.44014275361746913	-0.5531356895862832	-0.5707618218106181	-0.457574305139845	0.6207884659590396	0.4197978590421909	0.24624720129353736	-0.46095638758092766	-0.46939138353289633	0.029222968149712182	-0.34771727019870524	-0.08662385851478793	0.2085163602410118	-0.5273845286487673	0.3211684694892044	0.032785743089975075	-0.038352797312903385	0.12804367362142868	-0.32217445218162866	-0.27655335217845617	-0.09447983687750297	-0.7936424912990082	-0.313827391459196	0.34921110834756036	-0.016781053821721265	-0.06346554682087258	0.3271131326060711	0.048534639389745865	0.34177878514399834	-0.19801341739292513	0.26843116738817424	0.20844502573035764	0.3777080435206166	-0.16847064711527734	-0.06716701165639385	0.0218704160450643	-0.6014514116858846	-0.11363071677099598	0.10651310826143567	0.11140449815247869	-0.000270351773954931	0.1364410904257639	-0.15876110423269735	-0.2946700958171035	-0.3544789077112291	0.06409538770152359	-0.18212414155002996	0.005458848216252596	0.024317032842639925	0.2096322192163318	0.010032902072724502	-0.09413593671416592	0.4876290274725674	0.12429416731353644	0.3706708409217436	0.32725437959703707	-0.18697508742170144	0.33473600582679963	-0.4071059542850541	0.13076571729996225	-0.41292882856473245	0.27917968926931663	0.4736584433366742	0.01352865186188018	-0.026237150901595778	0.3650061084094171	0.23869479781714714	-0.26653640245465043	0.07630479635671883	0.33536518564483514	-0.1322478899901824	-0.08216211427286184	0.09065676863081054	0.22684140554666715	0.21163932738661156	0.10210765539463944	0.11791283965755482	-0.019653066141354182	-0.1011673410874343	-0.1701278896045301	-0.23482351145190977	0.08947618158302093	-0.29266726311368585	-0.23363922742998175	-0.22032670933438353	-0.14352350612729642	-0.04883426574601346	-0.2704389251424115	0.128699761753427
DTXSID6040371	0.10550089979074162	0.2731712964499804	-3.1222250772099485	-1.7523188873979687	0.7381518281791745	0.0352396217623592	0.10336768476463988	-1.2029764070300455	-0.8865246606408527	0.6508310077808379	-1.3575247545676778	-1.0058781249315192	-3.2597792725824104	0.029235796495220154	1.9601599159115926	0.6763209885915359	0.027011717590631267	-0.4232815331844308	-0.8672945645556169	-0.21770014708063634	-0.6221414870772215	-0.13205341771697085	-0.23519337987004743	-0.2947335838020342	-0.6114111397907156	0.17386791959931916	0.983985899529403	-0.40901519589945523	0.32285090836689145	0.2152837556224804	0.19086464293543615	-0.11804808856127065	-0.07563062890237014	-1.1127397433972093	-0.052582301416476074	0.5470764895665124	-0.2560147533109542	-0.9344908992405825	-0.03647476778562035	0.892968791649756	0.3517358176322864	0.4924211123777449	-0.44951119130933964	1.115266334308797	0.15707897112056335	0.2526195102585183	0.3015339376276068	0.07792211036366317	-0.1637566321273965	0.3909109609799501	0.23164780442725033	-0.05953273175756386	0.6230670144714339	0.36312713923351797	-0.2694821998515341	-0.31200371554152395	0.01147052973467487	0.29195578989944126	-0.25402624785158134	0.43317582064225113	-0.31346193290145025	0.14613226407637533	-0.07250362654244781	0.7576076289522812	-0.21798636582986372	-0.5851068855562518	-0.4499434752913839	-0.18156708627593998	-0.5938579028776355	0.22600458520731853	-0.47132509935288325	0.4759615921132209	-0.21620531762115178	0.33445679570810233	0.4800535809335991	0.4632709907962459	-0.19171812099419305	-0.8630230323913572	0.3731631725831541	-0.36400927130677213	0.46221545973825073	-0.40097323296533827	0.39032866471699007	-1.0962253215722115	0.07194121311489514	-0.019909294833395822	0.09789573807505583	0.000849823635441175	-0.3222264973775621	-0.38924179374973694	-1.0341875443833546	-0.8591656716992072	-0.7654174923975438	0.1771902036356791	0.5103358918398421	-0.06719916446372289	-0.5204969207045554	0.6534530548169886	-0.719489735619074	-0.368994420234715
DTXSID5027069	-5.993931238480116	-3.707836739816671	1.3941593176976328	0.13976921689156116	-1.0161143459485333	-0.12712918851424101	-0.1692737085210266	-0.4797104457590026	0.22676887298772966	0.34583925127712434	-0.38939731101782876	0.004014901533022924	0.3618913274369848	0.2465758110505209	0.4037618718416396	0.264172464794043	0.5193161957825271	0.6698409483004513	-0.03589733780088915	-0.9158659598381073	-0.02875217445698814	-0.43444631765689107	0.377961347654831	-0.004838113395245734	-0.2978878372884508	0.29492965160523377	0.17932844011519916	-0.24679252723851855	0.325734429118434	-0.5346100190921197	0.38685730384018235	0.2393875845016832	-0.32874567723159454	-0.3806218794596853	-0.03266120919195246	-0.02187861620349939	0.1656933940962906	0.6025008407942901	-0.3356495382433245	-0.25525609438488	0.05495746646310344	0.2098481356401208	-0.37795486337942674	-0.027224607482027336	-0.17511042613310301	0.33740690455236566	0.2480797185539107	-0.1918505918158218	0.03190908305571388	-0.12114183516435087	0.05032935737183474	0.010411607438956917	-0.05611028369179305	-0.02344403838711006	-0.20176303202289103	-0.3249069878361464	0.024921564909897678	0.13135575943841465	-0.2741906666634261	0.22891523178056034	-0.04877403972103145	-0.0922781126846515	0.2561894241939292	-0.35467081861321864	-0.45600733579419667	0.005987114893375363	-0.08967421332083908	-0.08915843828660852	-0.2711278276635601	0.6752462553693227	0.10352070080445072	-0.11990316112332515	0.6642163431799724	-0.15713693031942924	0.2019554235028824	0.30107682089853416	-0.505202613281582	-0.11554424907223591	-0.24016906005635014	0.239174257065208	0.24312160395207089	-0.0876134587195185	0.029547557830303356	-0.33621511752551697	-0.051485103965205836	-0.12639806401362447	0.05006520197157189	-0.012514218998363075	-0.4875928288712389	0.18315914504562242	-0.14775710474241885	0.5871398488169659	0.04495606835647562	0.17957396817476623	-0.20631738876835592	0.06662581224514932	0.009923251532989815	0.10956344759840236	-0.13639333879968368	-0.13260409210206742
DTXSID1025485	-0.49194917925691095	4.680783698930898	-0.09723056029359063	1.2583094174352938	-1.5054294052936534	-1.1277568507875912	-0.4968676518521936	-0.25687238687244496	2.844971906110942	2.8109393286318123	1.3526830711169813	-0.790989608075285	-0.2618896329208984	0.6310026292781642	0.8196998954770071	1.3287425132611963	-0.6456186857710734	1.103374605135972	0.08359877721253484	-0.9025090685999293	0.8033615961974174	0.1379194903278603	0.3547677454146382	-0.5341952670026053	1.3951029176183853	-0.86822416129399	0.8607558155542931	0.2882407560294191	0.2915732971184882	0.6159659499631978	-0.4877656070974366	-0.18955375759416487	0.5963762011876195	-1.1157673057358677	-0.3838615913651524	1.4986393253526933	-0.8137626646920566	-0.3935092769095196	0.022390483173027262	-0.7204118549518311	0.4476822103864176	0.5670302288297848	0.12090633261045625	0.3992642160686907	0.9739658001507993	0.013003447094755205	0.6049672327784825	0.6193637900774376	-0.062031652019902773	0.4547875823317952	0.02629279053819006	0.2526254818791002	0.7911121349517025	0.33759830143416986	-0.2441850499949879	-0.5606641409927583	0.1340299443544965	-0.5336506979925953	0.12024206042772173	1.3279418921067403	-0.953929533415323	-0.7629963810873674	0.5581766232324021	-0.1416001828262372	-0.27543379947298036	-0.3710281649613323	0.3533100286201041	0.27690030200901705	0.5936521904439028	0.7096700311070587	-1.3438239000743728	1.1470529488441021	0.3540833140566351	-0.21396826270620856	-0.9222301614694496	1.2592168161019728	0.30080071349362353	-0.006931823786428002	-0.45981285095165575	0.16063034719903352	-0.34110144731297043	-1.2517355703203419	0.818475923498928	0.03452100312248648	0.4060525367158423	0.1622905156274981	0.5527201282166297	0.010278786275774906	-0.7318102153569539	0.8159791011974337	0.9112434755226801	-0.603605585783714	-0.1362432744263057	0.19863013591462647	-0.5342018442582556	0.41999569671371667	-0.6179890920676031	-0.36063638794274755	0.06084234411389763	-0.06215671881071862
DTXSID9044794	-0.20837985854006774	-0.30897484425130056	-1.8652689566292082	3.0363832393143593	1.5903143151670411	-1.3822372405780416	-0.2161730445833625	1.3143511389869644	2.17039171707463	0.564842525024523	-0.6221610489988003	-0.15229288480660497	-0.40002125992670395	0.3297580080322196	0.6434431730206859	0.460637860894171	1.0396204050802633	0.5671242777412817	0.34621035286260254	0.2257216338258583	0.7305818311750022	0.3480597711681523	0.8787059560014262	0.12340013818105312	0.14528754206634845	0.9615122405309928	1.6478054401968483	0.9056885950010576	0.9464544690576506	-0.8385964331488468	-1.0972343195576595	-1.247192779020244	-2.6457578618303095	-0.5830719369496046	1.4676701933777911	-0.07783612381739945	-0.027210227403988593	-1.1057312200651404	-2.0764960313327543	-0.20621345115661008	-2.4194977494389116	0.5191420885337331	-0.6427560590398721	-0.3411019807753982	-0.7596623418475645	-0.6278343363097723	-1.1074991986822713	-1.4814170479841418	-0.11620692683308956	0.3495799551938291	0.16849776940184782	-3.0874363568045786	-1.1553896282032954	0.4030365111860203	0.5363711369605608	1.7249105055016007	-0.8973303997710341	0.5629588516896554	-1.8577764593008468	2.9780349581855448	1.563552028897677	-0.3253885312304684	-0.9113823802204635	-1.557079984323889	-0.5487404933687594	-0.6459386102005447	0.26889928858227496	0.8001184855230783	1.056782188167049	1.2632864508571375	-2.83239088485712	1.5300586044801927	-0.7861495153422253	0.167387542496318	0.3297138739330581	0.041657424160015284	0.30784448395780906	0.19857241504892212	-0.053432712892753746	-0.23759011318553067	-0.3833547578174642	0.38338547965487896	-0.6489200624684607	0.37127311583406836	0.09372820584052453	1.179835652040663	0.9573301265379893	0.20316973422747064	0.2175626436173464	-0.933666688513823	0.4526123530620617	-0.30596019640950195	-0.3564976850018096	0.3167491627732436	0.21348291471013278	-0.23345640390463368	0.0942250573087842	0.20406305155882143	0.2170740687888907	0.02578153739378427
DTXSID4048858	6.180948041350046	-1.4548858589743756	-3.864930150594513	0.9980795166804612	0.7275164404228083	-2.520939396756296	0.34795183371450034	2.1159879338963696	-3.194499362213716	-1.0520974202080358	6.233361737456204	-1.5750358620948564	2.987893856667195	-0.03458623205485796	5.010092561092106	-0.06082588122363774	1.1870787626903934	-0.08248027397314985	-4.761806965426724	-1.5338182665371765	-0.7358372835162411	5.504494540738364	1.8436301742162242	-0.02674451340498266	-0.852176135127536	1.5077828859831686	0.19147132319248505	2.738644629999079	0.20394198137440772	-2.0803483393078315	-0.5183159516576227	-2.8003475450147124	4.831814935286511	5.745656284897424	-0.37051043799198496	-0.7161236456624696	0.5484895614462568	1.4758207728960198	1.852578797323059	0.6568674288587016	3.0804669056767127	-4.561755977108644	-0.3902427021836158	-0.29819231607026214	-2.302962486131325	0.13409588725191965	-1.8521270132215837	0.2832296179366848	0.4299264378214709	-4.999890668752546	0.4698734387933299	1.8354583677097562	-2.7891205476181207	2.7459611750196355	-2.4330597000312246	-0.8913669850631326	-0.7245778140888756	-4.234797934769689	-3.1789794090265198	3.7064350093948195	-0.2978186259814035	-2.3531217149603596	-1.0470117480905976	1.375854502226349	2.826790440376836	-1.18221758102756	0.4213096479234036	-2.5501861168575535	-0.5844418397455086	0.6159457934858332	1.9024534752194646	2.5413967638540877	0.6379733596103055	-0.5794804173476642	0.2815285235155916	-1.122273662530971	-0.7664917975560824	-1.5102096364423507	-0.38567822318209216	1.6163117158479654	1.6569120582531913	0.21250894757332653	0.09191566862454383	-0.5626457109509563	0.5284703305874726	0.8614278318668561	0.28688266968822546	-0.0806851959052756	0.24001309973517856	0.9684901933345909	-0.4519497038761346	-0.15124602406368606	0.1962533753344514	1.1066456407350533	0.5692049631289184	0.373655570257478	-1.4123802140670632	-0.03862774782120554	-1.2398646624550944	1.397361538542677
DTXSID1020198	-7.094374772080422	-2.3307869898431135	0.278377810652336	-2.421296357782649	-1.7438285122290174	3.6593663290157727	-0.10224057175726986	2.347158415954096	-0.297345836573181	0.19076457130149047	0.08046762933896363	-0.11454113858205577	0.6502872887799531	-0.9706254501477889	-0.8469401064357103	0.06670884325958845	-0.45189111639773805	-0.4588719228109734	-0.2756331876477443	-0.09703808514846964	0.07620564596689224	-0.003720634320325173	0.25839159369069575	-0.2013955934196588	-0.14395529526765086	-0.4295123450944621	0.024075176661425175	0.09878764800930498	-0.0874927613756659	0.12139772064237968	-0.11257896936387381	0.47199549361891924	0.5472786204625825	-0.23759425800656284	0.45480614278726117	-0.3474022388499908	0.04296577846693047	-0.3597110057304824	0.13810633594203134	0.09459478361447003	-0.3522998581288382	-0.045077191344011176	-0.2247524325608938	-0.15073381266109728	-0.10200164545365402	-0.06474928962510071	-0.04139110546807379	-0.24622623201338198	0.28772707125439345	0.0369959260202004	0.2051897600963005	-0.05150826630725164	0.2309202845443498	-0.11100103662608977	0.2145556274993379	0.18985779512572606	0.17238086199673625	0.22183664591965604	0.11332973493450663	-0.06256589479941031	-0.39354264263964595	-0.027665921413077593	-0.03183198407490165	-0.28915172111406645	-0.20602551857468204	0.46914569765371994	0.30259522473356404	0.02642164555812661	-0.24801826953361758	0.7553303312890696	0.38990186894710094	0.48048352020214774	0.3253116439018093	-0.14444228261940742	-0.6684193171159746	-0.28865732799386085	-0.4302098906521024	-0.07528086876578412	-0.377812935950727	0.1894007407443104	0.3962510518721341	-1.1294186073178096	-0.5902695688849645	-1.0583524260897097	0.20851966419463794	0.3858270018229805	-0.34063847282724286	-0.49484156251949424	0.5159975510274986	-0.02566286140246267	-0.48005949447817176	0.32071850919428935	0.860248508777035	0.24703448969453545	0.0912267429023739	0.4143228773421237	0.35119461233743793	0.13818404110432025	-0.021596929648057088	-0.23490256735319426
DTXSID6046896	7.505304111946418	3.84615104483449	-6.095228611839757	0.43152432189660805	0.8048975341345004	-0.9787213900436827	-6.853454809857254	-2.991148974477148	-5.400522221123056	-0.24651602643650405	1.0797226957956219	-5.066891582614494	2.503549447346494	-2.0435335117228077	2.3021800789646054	-1.0490241662246609	0.43984526017920117	1.0475500357320353	1.2295809100607713	0.8344124079407242	1.4367076063441933	0.17362461704446333	-1.8378681987957577	-0.6310989272168916	0.30272925001974355	-1.282972564300202	0.07072021892817774	-0.534367487222208	0.2330076690486734	1.7792157446498773	1.2617351789464997	-6.969699841555517	-0.9642541717897343	3.0260918503924543	-2.052918047005661	-0.34515204505618574	-2.294794578417361	1.5294938271704621	-3.9579535880874728	-6.344573418508764	0.20125225732865093	1.5054669614203586	-0.4409523279233387	-2.254925531267632	6.506855382176104	-1.7699941256929979	3.285098685215144	3.394362410513236	-7.234430900416201	-4.044325299439287	-1.2074974703003203	-1.2971920392859684	-4.598593074216234	0.9533874252927468	-5.66501281271034	1.6283970395450367	-6.122650842512538	6.183427797806232	-2.6685215151221753	-8.028541186583453	-0.6268833117931131	1.2581140497480992	2.1106349528395	-3.047697051301312	-4.836204236242739	4.308695156688691	12.797112162951537	-1.183913561878006	-3.822785347969264	5.274913042723325	2.6065363445972793	3.0781153931676526	-1.9316209565143279	3.122401216585192	0.09798148011177989	0.17259914275085872	3.379235693359492	0.7724084512196463	0.7822260383556123	0.47960726696595857	0.3474183980999474	-2.861485380956425	1.9990802139800292	0.21374421853670492	-2.2614088142675586	-1.6714848780102225	-1.0562513874130453	1.0264331592830893	0.06893759959088559	0.3726501759672302	-0.6983883549492844	-1.6109495499858246	1.3253166640255694	-1.1827297200270555	2.2149490838239	-0.5978212023297693	1.0224142909045637	1.5666796742497306	-1.2578632199936484	-0.42575816406732214
DTXSID2045785	6.048050342138118	2.6857144281799585	-0.3609076126028126	2.728858378161494	0.6952215823608741	-0.9163975832414426	-2.2151414529643825	0.07636089065706544	-0.5528498648481888	-0.674061450228774	6.961974216536239	-2.8292654324226727	1.9897264012046996	-2.4019509503825023	2.60973800593923	-2.0828593018687425	1.3075910821533328	0.10456954886558381	0.9153309018251834	0.41703942699472835	0.7092634929558689	1.2498023957967825	0.17545080422651044	-0.18054371033246927	1.773100192061297	0.40342463700465747	0.7287639744536348	0.2593048191913489	-0.303125692295733	0.4216194738297743	-0.1540920359271671	1.2833689989964094	0.6803316489303569	0.05508167385916166	-0.5498656438103016	-1.4642110678279372	-0.1105639447417203	-0.6368209166228321	1.1370124388248586	0.717442671045319	-0.15963027052268094	0.5713559885500773	-1.7416141355147305	0.5241527712394296	-0.9329210192541748	0.2740867857038474	0.9584877783138276	-0.5228300738277616	0.2794730002439787	0.35343483943297527	0.03030209008474727	-0.43256447695196026	0.12494693725664541	-0.1311246147791394	0.7587810848455998	-0.6921140899086701	-0.0792537381814297	-0.994948624756349	-1.1567840201918647	-0.45221129460264264	-0.45790602068984043	-0.16153664875335702	0.44690955544267885	-0.09498526467274156	0.09945400881164919	-2.1807226098568697	-0.9476061008235991	-1.115550914147221	0.08463366713415428	0.35933675772444235	-0.06206116326908692	0.06084190900707636	-0.5358056035936247	-0.24524501213193367	-0.23267275873493037	1.6750428014766143	0.009580535453633453	0.754115533534856	-0.4244312384955556	-0.2727914211616531	0.07394984766234546	0.005088798467110293	0.2948337305464742	0.7957040210289321	0.8049520624643627	-0.7071483776670816	-0.34638891764643326	0.9476216748349823	0.25030083798971925	0.45187354830536475	0.2256547723444127	0.551225190634951	0.8593262009493101	-0.48882462040567065	0.049251330734697264	0.17730334901029385	-1.537334358461298	-0.714817072760466	1.5865466159929262	0.5150543774107558
DTXSID9024568	-4.007686427132027	-0.013285646093843652	-1.3624160460942953	-0.4189529792442438	0.14133129057006924	1.1038026731065467	-1.2878652326816593	-1.247688827567574	1.122016169756876	-0.17578543628820675	0.07133096651523226	0.29120413609420587	-0.7639371965892527	-0.8568982584876474	-0.7759854915655298	0.049453243731865694	0.8486212068530782	0.5828765626089308	-0.23572214585079027	-0.2578973021038369	1.314302361651938	-0.24814646579659094	-0.3722522835680416	0.13343373932052774	0.6115950872230548	0.2603980920671369	-0.3080306915168686	0.3814245053383636	0.047742030689110204	-0.26412917072718206	1.5487304092476273	0.07898261267160625	-0.020614709773378027	-0.0353689602235613	0.2427281503746233	-0.19992430196848962	-0.20408278117319223	-0.0596822805067516	-0.1942835583576019	0.46196942366108745	0.13948195827816734	0.1557579071019195	-0.07843810066087714	0.016968998326886867	-0.28191461546669344	-0.038863629897930664	-0.037120483854221654	-0.7374822288948535	-0.19320618972732684	-0.19555676143238396	-0.1209102006232255	-0.3851540209447272	-0.2102966099468502	-0.10227946389583269	-0.3687331724320427	-0.07153607792619758	-0.029253472529828968	0.05528501524827944	-0.5109130718533819	-0.271318758006605	0.07053214322074537	0.2460312825240628	0.2636029398597349	0.5893968773385608	0.08378540504108928	-0.05541090132901175	-0.31807009926137364	-0.08247975248021457	-0.36861017991066664	-1.209618715310857	0.34746939101293706	-0.11733313415577494	-0.08002332547960089	-0.31897344493490537	0.12994243268947966	-0.7918339690036634	0.6805647111700682	0.8556411978338615	0.383299166926276	0.5496113173126828	-0.9113490170646531	-0.29302387400711744	0.11052481032457208	-0.0009154016251557018	0.4726832816434997	-0.0992019989248763	-0.09806954770226758	0.43532836817278786	0.4470309924647034	0.861417421335988	-0.1060654371641101	-1.222381804733046	0.472551420985787	-0.6299110120816834	-0.3497057925621028	0.3631114801625048	-0.19135015758460225	0.5581438173970884	-0.27241991663732174	-0.47054860802008214
DTXSID6044856	3.062158282751184	-1.650074201863549	0.24479513720733487	-2.9499964551781583	1.1061863218355479	-2.5915917209213757	0.06085118844687563	3.042070707262344	-0.18594077095887548	0.743051894174852	-2.231008713840753	-0.2304939987490885	0.12616402670267546	2.296762607730028	1.4406454739707584	1.183240850246193	-0.36557430720204653	1.955858699131875	0.4729184938310984	-2.3835187715123216	1.0994395703349096	-0.7162066225838137	-0.9032163635881464	0.04462002307706748	1.915099394175289	-2.707507680919988	0.7850900756935982	0.9521261559623013	-0.08429476574768598	3.7846567000198634	-0.8766441028763912	0.9637919227644819	-2.8400789467852565	-0.2819726897962922	-0.0319649104886237	2.0418022283533497	0.8916244637044125	1.4815918310081388	-0.8190030431280757	-1.534334319965098	1.4943919638446224	-1.8968518705067747	-1.395099257672782	-0.7358411711728078	3.5308471302160402	0.9358244265413648	-0.6726068684843656	-1.8347798232516326	7.123588633047604	1.9539736136993446	1.2613951380720119	0.4189603232277237	-4.447403107517978	1.0969386699503998	-2.2529216759494615	0.7866693814669297	2.7225819662798245	-1.881516735206278	-2.6886827121365293	-2.873658769871593	2.95892274699996	1.2008704575474776	0.2058671530821995	1.5023882036749927	-0.01655982441501634	0.2899624965716953	0.0016668982624831953	-1.9818600566940794	1.1400164109040098	-0.5460577516215913	1.1174935923950313	-1.733643132039706	-3.116316214232897	-1.2204239928796226	1.774983348433093	4.553064871559097	-1.7847458267422622	-1.0907561907361552	0.22367466162077476	0.8614601285469738	0.0986396951314622	-0.670196941348804	1.9265254544574206	-1.9291322124371357	-0.4205382192083481	-0.9118865174250097	-1.1199507241340172	-0.8267576799229834	-0.05101819265286696	0.5481247366997993	-0.3078082856831844	0.6567804511353501	0.15048376509249012	-0.8408643923223476	-0.4479891029998849	-0.054661091955897204	0.18283373014243748	0.33390759287386584	-0.024725885198769636	0.9850994581454952
DTXSID7023481	8.730403486738206	3.622892479712198	2.6680686611610556	2.5331655892847884	-0.749217997958248	-1.4940806101785373	1.7896461956411132	1.3580707846902502	2.568231572226386	0.8608052398746804	0.6609255735842617	0.6091534370446166	-1.1973095741098425	1.2714709001241415	3.837357694619917	-0.107772981880869	-3.5693949990354934	-0.020470218667931733	-1.7407382418416317	4.631128241543142	3.404275888541686	-0.8307822809451927	3.1477980678664	0.5794011555331317	-0.5585595534889655	0.5302298668565879	-0.9218719770037057	-0.9263975407094868	-1.4162355374202198	0.902365454182631	0.7768023579710799	-0.37283622586683557	-0.754436188026284	-1.3821005893551546	0.42881151665663486	2.084095957607533	1.9140459049394452	-0.08717531185655761	-0.0631935593188015	-1.808735033116999	0.5011832080185373	0.1794281674727131	-0.9349852683895205	-0.4073188619606333	1.221761950393579	-0.32961560547946667	1.2977932781416892	0.8951553252011435	-0.39941149384862035	0.2550166752185597	-0.017852323779523737	1.3023375988058108	0.013982878328717868	0.06321090342070475	0.4337293301086555	-1.967396322933631	0.18907098639491507	-0.3712522357727345	-0.004304697018352604	1.8767644322994952	-0.617232104527855	0.7639848553946497	-0.9291466303612121	-0.6681410804268684	-1.116707468486835	-0.27579842215366357	2.2261614045267644	0.8850191131068115	-0.19653454975098536	-0.604215270543078	-0.379635374447563	1.3774986146355461	-0.35609876694176773	-2.88410414954319	-0.6305902017630832	-0.17088141712588492	-0.566255977419652	-1.1624560975449383	0.4666946013900071	1.145464799686575	-0.5365493328460346	0.1118266917454931	-1.4209308597889396	0.2669549526749549	0.8859834384283369	0.9790361507663697	-0.08204846853383185	0.006532511263506433	0.003161394377240039	0.14573731503093681	-1.7095756830268543	-0.0598351103007411	0.4800429171924449	0.07861197582764903	-0.17357893782122386	0.12089909805530229	-0.4029926777866524	-0.46314003589766106	0.14527221680978286	0.11594528578776128
DTXSID3022667	12.009067814314502	-4.878626387957201	5.794164176834726	5.547284375104539	4.4020999278224116	5.610346266856832	-0.9688403532614637	-2.2576534983022314	-1.4894479451418932	0.8479231668974547	0.9413582300217391	-0.8483312838429332	-0.10118355107807535	1.4294388845190245	-2.4019161641877953	2.904871548159593	-1.2955847048994722	1.8185722617067916	-3.393258025066785	0.6547074672615383	0.342086469188249	-1.1991950682863812	-0.5081623193640913	1.3380832672417213	-2.180061463189862	-0.17625017800452747	2.1286212749008397	0.888344533995438	-0.2067710862103064	0.9406772010724914	1.13721611317751	-0.13952586088610197	0.27442839966937255	-0.32912263443895684	-2.2953537769307237	-0.3533523229368863	-1.2319582437237415	0.1319820413203637	-0.6183136641570502	-1.6245050768515679	-0.7219405484774626	-0.5216434842965672	0.7110637758242905	0.9155502701944604	-0.2562609677001471	-0.40671583881232615	1.0763925003335388	-1.1602083956936016	0.07470433874959445	-0.26763805794850076	-0.1696714582724323	-0.7107544156548956	0.19156853107860009	-0.1990759679015222	-0.258438052221676	0.20674248604971732	-1.3052249522022714	-0.829207619143499	0.62321308791991	0.7357848448337545	1.6456968493191237	0.668770465893851	0.06756705165984284	1.9441584170596595	-0.009477055837324746	0.2806258537778402	-0.983168539163995	1.3168274328276453	-0.807738173929523	1.3129554362216407	1.7739230860033481	0.633261318679661	-0.1658217554085557	0.07594991026480621	0.4477313169992604	0.7838417956914598	0.13801099689928453	-0.3347043899935551	-0.41861020260640996	0.12181100203151328	-0.8263330886103077	0.024252857670703138	-0.747991022621928	0.2917378930556742	0.5058526401742643	0.04534474413262787	-0.3065585914966948	0.7939351363081273	-0.3225077483311209	0.20819977093427733	0.43825069414154644	0.626141258522614	0.21382560636894352	0.43515255566942757	0.34839448555929164	0.018503454868405635	0.6623912220510287	0.3925114748506526	-0.23902820354011342	-0.08192418006912615
DTXSID9044378	-1.1826445196437216	-2.0869983765700177	2.2570558111440593	-0.8441906531736227	0.6868754351092361	-1.2858552457471415	0.27117149415469943	-0.483126345335382	-1.0617190875279596	-0.584406417752614	-0.7037265788169441	1.8769784410154886	1.2571968374696556	1.9415243228269297	0.5029452300952338	2.61227270708632	4.083045295252829	-2.6042005144517164	1.6765726061606945	1.0316213587612906	-0.8111202412918582	-1.1748940186190364	-0.14105135475289157	-0.17421412564015024	-0.48668139914331277	1.0971253539253307	-1.2001730810003974	-0.6152748162980589	-1.0868548702297207	0.04031968337650509	0.44808719927629254	0.3519792919171403	0.27204320639063156	-0.4790742164513895	0.09181907023770847	-0.816016790647105	-0.47114767997709317	1.4293441433682128	-0.4977340159467427	0.05488527012291326	0.9921518802373582	0.07971554075363707	-1.071630758337903	-0.17576916865661812	0.34593476346411606	-1.2319610076802026	-0.37325797136754396	-0.18689732028897402	0.18622676897227614	-0.6072732058712648	0.1698978185335863	-0.24534349055549834	-0.435255804161268	-0.14005189537471377	-0.9479327123128815	0.34209907912887094	0.43644116025093743	0.594978063089027	1.1243799795514495	0.02483671617259091	0.259531316701727	-0.6350717655293642	-0.8430211795148883	-0.1512758095080271	-0.2586641643382241	-1.213797950342811	-0.20562931557177846	0.6262511495613071	0.3591295770519822	1.034603024647183	-0.7203269467987531	-0.2519743105068478	-0.3016705112352964	-1.0998066928797852	-1.521682577912845	0.03697634647597457	-0.04377069610382964	0.02540483473667435	-0.1334286928419138	0.3950933232090478	-0.20761457756853996	0.0038468067243788147	0.13966714888067958	0.3506438632547626	-0.21069533291251355	-0.03380922321869273	-0.03253531069879006	0.11123839733641022	0.1462369294288971	0.10331988524324094	0.4490653218584271	0.18961824702550442	0.2533808864463155	0.23333499777550876	-0.24865963283918666	0.1935965444113077	0.24081572161141276	0.1800276572175225	0.3292444718777278	-0.13669295317523714
DTXSID0021709	-4.930310532992087	0.10777005090362447	-1.0901249609956787	1.8783860572459565	1.7259495365862856	-0.5958408009511406	-1.9546983686494397	0.7787057384559334	1.58769221534206	1.1861935689241174	-0.5672219915922407	-1.1205412757864701	-0.34000014678688545	0.13069348531598574	-1.3687771138807543	-1.0703464925237018	0.3851522037866885	-0.37270266718161366	-0.233385760928831	0.4653471945528236	-0.6506232952747547	-0.06894262540156691	0.22086235249745	0.892167229122457	-1.6415863288598302	-0.03695260992154017	-0.5175065224423936	-1.1552803049552998	-0.5052964407646464	-0.48107710163730466	0.3459864184834538	-0.19315230836312552	-2.3631658266146465	2.4979502546713173	0.44804836877185883	-1.2096047972367368	-1.9616906007038444	-0.8524756490808143	1.4289156746983132	-0.37049487349558524	1.6924996844012712	-1.0687332646368757	-1.8562391268335374	1.1403452918272268	-1.3253281866009763	-0.056640753604393496	-0.8153855501410505	0.6678645830355041	0.30983878135513304	1.2611897448652722	0.5605168499812158	0.8811172750166197	0.1367208989067823	0.7139541154302032	0.5096319362157777	0.35164767622174775	-0.08225903132180001	1.1249917792954873	0.7126870117937542	-0.78532293948354	-0.11928186790121552	1.955365848629104	1.1420233972824305	0.34626736835559735	-1.3617412791589667	0.53501558584794	-1.3280647211290424	-0.5378341544960447	-1.120618720753931	-0.1509607405408527	-0.5876436574152764	1.4202958582053147	-0.5492080561525899	0.08127223348422968	0.38976411172909664	0.5157687411427343	1.184934028639191	-0.09226271681484621	0.07286258534654669	0.5547186079900023	0.004229343500998275	-0.251411124593364	-0.5469180223243647	-1.0756917407090463	0.5849277428188584	-0.05575067441817554	1.1350248326389782	0.20365285109956557	-0.4838349300446985	0.09447079302725128	-0.06906852940354158	-0.58787709077156	-0.3809416145382106	0.010233969136372267	-0.09059840602764634	-0.3089719276909675	0.04263283685513388	0.07067798915886105	0.11723789470378185	0.028155201998741344
DTXSID6020274	10.699988751822222	-1.3418270867917355	8.857923927162531	3.9604069988985184	5.395557030572961	4.054317516790583	-0.42941462317986145	0.5793948851453371	-2.8603394686283945	0.36730385189715403	-0.25376876225205364	-0.5926214830444941	-1.4511587236050365	1.154374000305131	-1.4108271131577292	0.961352934156175	-1.463741184904513	-0.4848145483737545	-0.8091001901938972	0.8415883998714129	0.24449434367867898	0.1271828625336513	0.3874046321473123	-0.3424402205291223	0.8167451504519418	-0.31661095162947334	0.3952767572493466	-0.3391208583757169	-0.2135698778031784	0.23951578233543921	0.03535233042778775	0.7668054073286862	0.6020270521898672	0.027692599472454466	-0.2070505099368247	-0.37742544424855834	0.36174626416644096	-0.38722586054894803	0.21936337928950175	-0.12636202167796007	-0.10825616373521124	-0.4833316794075249	-0.022369864204192992	-0.6794531465022676	0.10867031297576919	-0.41542687773022174	-0.4273508496856451	0.544395223786229	0.2544332362252957	0.39597267870248	-0.0024040605762730453	0.1470473605010317	0.049944458449801145	-0.06399188276466153	0.4533188264495338	0.20531275280951292	0.22608209930401554	-0.17706907156602064	0.4012540890102441	0.05767285464517453	-0.8291564495327772	-0.1258032393451319	0.06974851194021009	-0.6289321591396679	-0.07750595015682969	-0.4314401244014989	1.2100681066721681	-1.1132362850491633	0.1454585845095318	-0.5701796998375228	-0.6907857325837989	-0.20770580403780217	-0.3079232653411632	-0.1508797013965431	0.02431307665951907	-0.7055412609909905	0.19189874198607448	0.5055778694254806	0.4305551708274882	0.6173681994761931	1.2694231825344193	-0.2760180445898786	0.24210408195900626	-0.7572105958408921	-0.664648698636948	0.03478476813937466	0.4647105768065249	-0.0260319171364571	0.9974956983833434	-0.19767344692579678	0.6699938958938442	-0.1902271419706388	0.41276907370726323	-0.26820654197670674	-0.6453390190190988	0.07462188619735054	-0.1547481079116765	0.06657774505839609	0.39629472953541023	-0.27655788602195364
DTXSID2020349	-4.291864742757397	0.29962343813838505	-0.9149187600290489	1.9098988934765275	-1.5682090613743518	-0.5736526637876842	-0.669701597129576	-1.039922686319276	0.22725061655482517	2.0291675935037343	-0.7751103291168299	-0.3855165161746866	-0.5394754791441214	2.989721102503394	0.23508254098743392	-1.3737587497504533	0.19777382287077572	0.14880306317710754	1.1436645986284866	-0.25755079427929184	-0.5056412311570903	-0.4791074739003978	-0.18597917601884112	0.6157059364652255	0.04004170251171298	-0.6120078194637367	0.44872536553524256	-0.5646456858502508	-0.5031685034478934	1.0970003551831171	-0.3148108742420858	-0.40212514757163775	1.4817684669358908	0.46525265131244536	0.5778971935582795	0.16357653049306994	0.23052422677191678	-0.4097337124749406	0.539884295453687	0.2854286275916702	-0.4959184753432302	0.07006668500189375	0.4289848257447735	0.2152575107597685	-0.47290039281484525	-0.2963898684535291	0.07634167771067338	-0.3011134408314886	-0.40156302284076906	-0.5657817294402792	0.06201817326042699	-0.131132746490574	-0.013359504487595745	-0.16963533269578715	0.5306048764525989	-0.44997534478684253	-0.03859660097705429	-0.3777532973750421	0.6405938942773325	-0.4264047353352963	0.5868708631042211	0.29881469671996436	-0.6852892447863735	-0.9353189859530436	0.33844790326139196	0.7074665751702522	0.43024327695849207	0.45606644893870035	0.2327650379742233	-0.29231997854597913	0.4151940487267454	-0.8432713767795103	-0.24812380756564442	0.14026874188882416	0.14365614461665438	-0.48621304033009416	-0.23188267390439826	-0.7627162890913235	-0.31085470565294726	-0.21134923799310185	-0.2108105062987758	0.4276701066793335	-0.20878810933208636	-0.20561285963181788	0.3161129203787766	0.10609318134640729	0.5091007084712386	0.24465610294378856	-0.3003145360064701	-0.10085823685906373	-0.32815273614558826	-0.2401579398939388	-0.02340849117888974	0.029071408163318206	0.05317906107203244	-0.2735327471482689	0.11183701678603335	-0.09458714515591123	0.17729936703153487	0.17118274105719314
DTXSID1037515	0.8702979508429164	1.3519430595088573	0.3292953582748257	-1.1449270266369986	-1.1723932828073507	0.543621990509458	0.5156930758437654	1.2005153115599274	-0.6234736073870611	-0.03225803155158761	-1.1221139255302912	-0.13824621024296493	0.4597577556627561	0.16624869928720307	0.6429838173480545	-0.1775440320980921	1.3975043512352499	1.1338405565895735	0.173056811933843	-1.1508750083834796	1.0794571342024724	-0.8069774050909388	0.3500313617776202	0.41202619443086524	0.26214783744841513	-0.22083906250760502	0.836644385489172	-0.9369302454189816	0.20493010127976288	-0.13951155999522555	-0.20258449679898854	-0.39333147808254143	0.14929806694571374	0.024981856451190342	-0.4638265595183177	-0.534962388494974	0.14157996296862943	0.15226615565074236	-0.3880262140661787	-0.8625897464516444	0.4047766653255583	0.4585243707380743	-0.25910571870717475	-0.576509445794817	-0.3091569450493573	0.26784406214868917	-0.23263126312200666	-0.09649313199870578	-0.10982389951884576	-0.23457407064834196	-0.039241014007528496	-0.15190218085606838	0.14847566772300766	-0.09365543546863728	0.07858413642143064	-0.20266530164257843	0.6457828701937343	0.1581504555580023	-0.11011922285123671	0.34222444863434	-0.00216560347779125	0.16527092155097597	-0.2966065102964981	-0.6067319446685371	-0.0829982104362102	-0.1708196712925734	-0.5368534321452955	0.1188604505416465	-0.2520686775948753	0.1035742524315789	0.38651691064312677	-0.4330145268444156	0.6398860446248599	-0.018569994641401737	-0.35707603666423915	0.8821255157107768	-0.485999853295943	0.6348368740553275	0.1366190837385465	0.10636627734000968	-0.5899553684605112	0.230957197765647	0.18633865084210163	0.4117160922585255	0.3892098824638396	0.06855984992287463	-0.6372841603534644	-0.19850576149392926	0.5131193118417343	-0.33044055860117894	0.845182148558049	-0.49188413312536844	0.18445972980501651	0.6422766841113462	0.3941109069535778	0.37330121805427335	-0.20411484120147202	0.0476945825910603	0.05572512980065388	-0.5348176442329514
DTXSID7047560	-1.3858878436260864	-1.44473923594318	3.460560889070575	-2.0517447656475425	0.5719264510663563	-2.258944602121073	-0.16832585081344487	-0.1057327107239427	-0.22092866426750182	-0.7251904849840954	-0.35660000578498974	0.4534438616390724	0.04657619027792698	0.7793246945334737	-0.7578935432030236	-0.26201757661619934	0.23036940724287644	-0.6290242517511853	0.6295064986730036	-0.7796322298266397	-0.09115367138814615	0.08922129105284485	1.4032070236602519	-0.059996143698306845	0.13733594784823555	0.13919934889955637	-0.17916398991169674	0.11511799336349267	0.18731948181665303	-0.34298286486996765	-0.029581319939388322	0.12204792518245888	0.1474462169397269	-0.6475095857671295	-0.3230756812331861	-0.32009381796817227	0.6157433375756538	0.05720924352997346	0.20234683748206916	0.18841905542667237	-0.024969978424497715	-0.058151234520480606	0.034850673198423075	0.11203528835166346	-0.06479745264678141	-0.25479019416160165	-0.21786324914026148	0.18552850953443498	0.11755198161121659	0.4821757119858525	0.06586971853117804	0.1233335269554427	0.2499539225605348	-0.07520643767455482	0.16419766930481292	-0.02443877994246073	0.34032438777923396	-0.20543834776029699	0.2024864093738666	0.3518437667729855	-0.04651439861515358	0.21354895628286122	0.11861329664043387	0.10965200367119378	-0.2805950192139288	-0.31502177727815867	1.1182561865803429	-0.8200598654231283	0.23262246661255276	0.39977041706358185	0.3411137031286804	0.19366019202816837	-0.36431842361998623	-0.016700615207990023	-0.8234126126111073	-0.08876095097229954	-0.15534963481350791	-0.12361363040815158	-0.21853191210139503	0.13446603219302114	-0.39749454561785946	-0.40453564440639433	-0.12195703963035161	-0.08674572266514229	-0.37190159537845724	-0.21700377794014536	0.38611258178438307	1.1338137689501733	0.033388031329880656	0.025039457683329474	-0.22281341006017003	0.4339650834102483	0.1149120492861651	-0.3729578696310252	-0.529348426990418	-0.052335825661207314	0.002814659698722053	-0.06311012793473515	-0.23979106676553605	0.18517046248105526
DTXSID0020650	-1.4602916430199697	0.36087425468549017	-4.694648406253771	1.835048702811165	-2.506709046942677	0.996646914833719	-7.730706044031712	-6.809706434580397	-5.849677119048104	-2.1658603404864087	-8.008929229411315	-2.1215611310597318	13.934393517932529	-0.44142495287202627	1.9759793923838305	-2.6486472806997523	-4.0612459127697855	-0.36514077059031036	-1.5092379268907568	2.5213792724983937	1.2396294582233678	2.8128584531317466	-0.015695390362689462	-1.5185877530102558	2.2708744996262094	0.6966249145963003	0.3074947236452472	1.353895462447469	-0.5660455526510242	-0.6954369885148975	-1.2629693228119099	0.3572963427920078	-0.5944402334396793	0.08572924635390836	-1.3069743402202465	-0.2928275499527164	-2.736391174912218	0.4954267159671528	-1.1380410170924897	-0.5837919738168138	0.0640965568171828	-0.2876028237531292	1.7540896417815073	-0.6043464074850783	0.7817067678524018	-0.6784940342654333	-0.37520322606583245	0.5680421047264619	-0.4445740303263202	0.2823544656124711	0.3176235959267304	0.06500236942961507	1.0337228737109256	0.8327842416446986	0.3831026946416645	0.5574339145564648	0.05287018288956479	1.156124894958037	1.1647850831012565	-0.3087712591063464	1.2238314553907197	1.1582142227910064	-0.8765439665774588	1.0246160436352738	1.009018215981635	-0.08924292382204356	1.1227794766968298	-1.2172408458798407	1.043036415749128	0.38903795358185306	-1.0565507847213202	-1.0637985804532248	1.437854555647248	-0.8357093497661582	-0.25079784506526703	0.29590554629796534	-0.15940551927972496	-0.39259345047838157	-0.8659048684639442	0.98952165561953	1.3243884198029783	-1.0442555423308946	0.4453339044328393	0.029161293868807486	-0.039175318588094955	0.24053325811431714	0.8180931517024049	0.7738158200914281	0.7495575528712305	-0.4070161491559364	-1.6045571442655584	-0.5499388050256002	0.40541111259805956	-0.46263157202204436	-0.23838584965371465	0.3395605137584638	-1.130356847740234	-0.5540056620154036	-0.4520747591517077	-0.005405334008256028
DTXSID8041080	0.6304454487468636	0.5020720737502841	-2.0802405101240606	1.2968301670654965	1.6062475809460006	-1.19381935627392	3.5479590782517403	0.655739519474687	-2.0934805225796116	-1.0337249137883218	0.2766335823220855	3.241415242859453	0.570005581940949	0.6080920456649108	0.5949248880993128	0.4045068783504111	-0.61503169419969	0.6277469584269482	-1.1437361520665559	-0.3980021710522545	-0.8954576394591277	-0.9597305115844569	1.1601263893516789	0.24245029989400474	0.8347878846431623	-1.6097257727088907	-0.028459944258750647	-0.49549703439214193	1.3333915329042132	-0.9549060311902664	1.416183751741842	-0.732890745977698	-0.8931503496414519	-0.3719201659598153	-0.4946249832280457	-0.7152957420054958	0.38688306485779295	0.07128851758296496	-1.3433536692465287	0.2917498227443733	0.05021065338078232	-0.21946997941801472	0.3214410872444209	0.46831683041742606	-0.6243249835483782	0.06771940414136493	0.013922436395628	-0.12149965909904478	0.3415892403633202	0.5102499069405372	0.0017896631577267183	-0.242481185716861	-0.08611494519348645	-0.48482492974550845	-0.3108011832133221	-0.6349664143989114	0.3786648578753944	-0.2885242412638327	-0.447331885615113	-0.5137637180467963	-0.184413104659071	-0.5828884897694975	0.24477519365122435	-0.08992722093549858	-0.22711267235949925	-0.14645272471416498	0.051797021466266996	-0.4271011704660131	-0.1110894094617049	-0.12611000522056398	0.07806662672139814	0.044485445065159696	0.3200848593858252	0.14791427833365103	0.020232156301928633	0.3985931326564786	0.004421980838772323	0.523261227664088	0.09588654093831812	0.17126232731494578	0.15450668685574	0.29200828326987954	-0.5478940304948386	-0.7439417970478311	0.14429541033387325	-1.236740590550305	-0.8213892030509632	0.8238460240672095	-0.8401023329652957	-0.5079706051075622	-0.7390944870141255	0.4916406928105954	0.3822263391575833	-0.7577782193604593	0.7497707063106922	1.0730548992679865	-0.06100474635817378	-0.007045776405221521	0.13857238875076439	-0.44916436379578023
DTXSID4046866	22.40758291880703	-6.501111002596723	-2.6476954024574444	-0.2770124816628646	-3.6919688994507935	-4.414960453146339	-4.123339261485475	-1.3622920179771416	-0.464046782277559	1.0514425818069708	2.233913755733312	1.5178283820069047	2.4591239837982917	-0.04836929120038662	-5.004285580194772	2.4440533559057167	1.7037719809786889	0.9348398429257593	-2.081068078182439	-4.4017812566481	-1.3605587429796009	-2.0453444185986354	3.1043009980265692	0.487978593831342	-5.159496253795271	0.027391398921140286	-1.1142813305125048	-0.22829365565542895	1.0715150606094914	-2.9035288101494703	-1.3581403060134174	1.0697436230453052	0.025728326628725852	-1.4701998723049923	-2.589717608903643	-0.508469261964861	0.3392997023103873	0.9795908034983998	-3.328236410578943	-4.684083159261084	2.7292428880501007	0.22121312285105274	0.5627304915469652	1.7511388839298765	1.6139491098446714	0.3419783926700874	0.08079748757472022	-2.1942507825988944	-0.8754626120233416	-1.1642756106838226	-0.5716760411087625	-1.7956221101709393	-0.20673941833627094	-0.008462323727410698	-2.2468490393418032	0.35868577993397077	0.7928335841833948	-0.24789620781749913	-1.6442432452611047	2.2617616270789425	-2.885182578440734	-0.03963035006173114	0.25594275850696546	-0.05005586876214784	-4.242059088315381	0.289027000589705	-0.13137719224827596	2.3688311461856264	-0.8070074613436561	-1.9197983339101201	-2.9678114708432517	-1.741400374687459	2.4940987318710346	0.24292039128860005	6.022877449789117	-3.303755425419624	-0.39629580245290774	-3.020545261916084	-0.8940407624029906	1.7150647194967243	-1.4465621540466678	1.701789848899959	-1.3594524917448332	-0.8101600196138435	-0.37142719478177166	1.2952886548988891	1.6877908487735391	0.6178393699194534	-0.7652217000164206	-0.3139806145499105	1.99708893674996	1.145015953263588	-0.6564602182133599	-0.5719737846765518	-1.4508052274891432	-0.9995601141810013	1.0148179161165243	1.1822264223291064	-1.9946072182178445	-0.0328547459438603
DTXSID5027142	-3.3815296206047414	0.6660287087391614	-0.787193978015529	-2.595504225702473	-1.0620620183032172	4.752498402993404	-0.2629288537619817	0.997346913174934	1.157681705866266	-0.4975741665883059	0.6872081850554224	0.1606521008826062	0.5298260976367873	0.485599831395395	-0.3113226329471393	-0.13357246178502377	-0.012354813648358063	-0.38246762770036646	0.44779266444090415	-0.504096534531131	0.2871993617620915	-0.13820597569989715	0.23646080690335114	0.5071213809493447	-0.44070298234063127	-0.33531178248599164	-0.2763496169214191	-0.75042208082912	0.21442483635181467	-0.44911775787981956	0.002133606996368543	0.22777921155000377	-0.19718356185885597	-0.4820748638352309	0.08244932047167515	0.26335056801208284	-0.07610888374499802	0.30099913104888437	0.4640270082740583	0.28334874089370843	-0.5272869211103682	0.1453640382407868	0.08483896205990794	-0.23917134105557789	0.059239730679977336	0.01785881501831359	-0.4828282290442713	0.027289356991359225	-0.05429364693695961	0.3870895304729548	0.015102709293416049	0.17847183842710893	-0.04575940303985353	-0.12909864221516223	-0.030917845726063913	-0.10687822988498467	0.47580673943306556	-0.31446855333650453	0.048852006278133374	0.4498568366139196	0.40181295233024794	-0.08896399977463343	-0.0713597612327357	-0.3953837320762693	0.08339923466686813	0.10672037503748026	0.572230825469137	-0.1779581793403318	0.7932601390979618	-0.277126973066444	0.20961752922892907	0.26613920894983084	-0.3307213859835425	0.40831077531960047	-0.45148512688865333	-0.22135862677859264	1.0388102783570856	-0.19510470532191132	-0.23510304297012236	0.3666510599971303	-0.41692432146810865	-0.07822907266318867	-0.0612294150533559	0.16610239630259496	-0.19178613461496447	0.4298845545440891	0.1450154557336786	0.4642197817698461	0.16464447615938216	-0.4542840903771096	0.1259849183037174	-0.7063413379686111	-0.47758208300696936	0.12456925254340498	-0.49734180437846176	-0.8205597639619235	-0.06698614692581248	-0.4245514437033753	-0.4240135150369496	-0.23222145322833737
DTXSID0021597	-4.931380267204471	-2.6009706088422706	2.6009602263600917	-1.3821125902120162	0.2630878562958293	-1.3560740733747776	-0.45446511015025226	-0.7204130552698006	0.4066563020379169	-0.6898749802321353	-0.28450836464660817	0.0822039295627277	0.713924730809768	-0.40130965466596474	-1.0928757997578413	-0.44406436125350107	0.13949009057412204	-0.6636386717399285	-0.3124851136963873	-0.41861415947476804	-0.1555622448030403	-0.0576596588205061	1.9205416631034395	-0.14861542425219065	-0.3161183454673119	0.3010030162544293	0.182741370739618	0.37206116416716556	-0.01552604136024057	-0.0031625237683082985	0.4977813004736277	-0.07292844330889828	0.19598993149770308	-0.4767964714299113	-0.08157748538647573	-0.6129998726317166	1.5874658211207584	-0.8224234259730538	0.8517421379386538	0.5567199477491938	-1.5711081728445186	0.4931869246526768	0.36799281236265396	1.6396142070968343	2.4103502146525875	-0.025619401881203974	-1.84054854560768	1.7741531334602076	1.136949533335707	-0.8512814916542153	-0.11967992550735673	1.5399012743448048	-1.4014164827199607	0.1155993128055884	0.052494164092775	-0.79410571048184	-1.6803620587379517	1.1444102939549934	0.301886348950953	-0.4434048851296988	-0.3138034326472383	-0.7155796871372945	-0.01363020141790282	-0.5726565710832273	1.3120426788244086	0.47953612515703814	-1.0005712175259045	0.9335016470799973	-0.27250461472999804	-0.02500431776230274	0.07168160906910141	0.46759125456805906	-0.2529039017462316	-0.23741912564630663	-0.3041227674892382	0.7551949966748227	0.25911694218865	-0.19939073484239647	0.14205437053715297	-0.6109879039477076	-0.6832954416112692	0.003000670848585615	0.021453151385546862	0.2931827507429337	-0.037015198002837264	-0.15168710199983484	0.06753853782401495	0.03256333551962201	0.07178185265914167	-0.1741757247893892	-0.28590488794726787	-0.2734945566386343	-0.011196361280141608	0.20009632728680482	-0.20080137077248972	0.28491161277174293	-0.1814649927778783	0.09029592455090475	0.11519615667094586	0.14628907753164294
DTXSID1026241	2.3710205383696596	0.8389490525323201	2.5225301482763416	1.941760758459582	-0.628185575533434	0.4844060618821227	-2.4608437771149303	-2.7485759352896246	-1.1698379004564357	-1.3901444406780608	-4.169522803996463	-0.8135977043214262	3.584734708108485	0.8217595888335159	0.8485766357107927	-1.1913830140404802	-0.04119093725049606	0.055749321352134326	0.8288012310180547	-0.5881337829250773	0.25127898186826686	0.8370849208555454	1.1153954224623643	-0.11572853207330935	0.6902871889069969	0.3834294660225308	0.11854309072092924	-0.08792915553445989	0.02929181278309127	-0.7718918402878784	-1.1635127342649487	-0.31148664619468325	-0.4548533821635937	-0.1568752110277313	-0.5822682301197016	0.17500664735775698	-1.461808324275506	0.38480942256328715	-1.1665793669604125	-1.1403296030516679	0.543529645742478	0.5428921585413142	-0.4339809873029461	-0.24486521848073983	0.3678443137044214	-0.2841463830832817	0.23872629080893099	-0.39510103747752595	-0.12284536377218026	-0.21273247300114242	-0.12563194274453462	-0.4102665027942407	0.4693259858079777	-0.10259626044226332	-0.9718921269038503	0.224203679352974	0.03537093237185929	0.6623633096460363	-0.27734871193199817	0.29868689524781633	-0.8593474930969062	-0.24174010491693562	0.7926102613849835	-0.7904444327573797	-0.15704756258779706	-1.0112730041691458	-0.8530603190359783	-0.2831986866115395	0.2230613330486026	-0.37819116707365014	-0.382919810677144	0.03979106073640648	1.5857801778571443	-1.1689436463140537	-1.686305302005404	-0.306847049207297	0.1382079383212982	-0.8539696713539052	0.15409560033009254	0.29651082759708935	-0.8870805239523073	-0.17954812318678237	0.1927891835088574	0.017642592156953865	-0.4994573693825089	0.20408803438607487	-0.14857828879358934	-0.3783951032239149	0.2257002105828996	-0.1323347414561045	-0.14877149446751553	0.23880794026623559	-0.11068250114044635	1.0710523826335334	0.09530005506229403	0.13189309423573276	0.6470124246136516	0.22528238352950325	0.052607688417001176	0.07881097137624143
DTXSID1040243	2.1137715199913933	4.734125113635255	1.9679040699038146	0.4334493769051698	-2.583343239313456	2.172628870318083	0.41821639837313873	3.218299566354534	-0.3201144349202606	0.9563592513712739	0.8920201230938112	-0.0208248159357596	0.5083438971905808	-0.8125704289105071	-0.15033321208490164	0.07774489227442252	-0.14677055251627552	-0.2133899185183141	0.1205173494096348	-1.1366437055069152	0.6541729051722805	-0.5281059825361298	0.7972961771637623	0.649926332085778	-0.780844422111925	-0.0630390898172267	0.24854959426425266	-0.18567824049420856	0.40443986874187005	-0.5733262961374601	-0.36024826768793183	-0.007280502594820462	0.09935800254949345	-0.5968685598929941	-0.01487298773056597	0.40547218529071893	-0.43681219559412493	0.18216827424218582	0.07042769129248617	-0.08087845075533553	0.0510618121613751	0.47432609369958456	-0.048553195244851376	0.33653139511938224	-0.4829372071918699	0.36329294412323526	-0.10872343248544981	-0.15177886687863104	-0.1660228155309098	0.1427146499887562	-0.007955765750247491	0.3156271593766846	0.2114240339909153	0.0514705404969946	-0.1203274302331819	-0.3904416656161643	0.419122017155364	0.1133729334486501	-0.6236832341432479	-0.0047326722937727	0.18719279661773713	0.14673642858213878	-0.42007022195321997	-0.11719950708010046	0.028478064322886205	-0.2870036332102723	0.3527262309683427	0.23203176010062054	0.40244972960681086	-0.44433680920275265	-0.15997452324290448	-0.245118592417805	-0.2608875011767392	0.19283353016137256	-0.2458609350985031	1.3693373438428458	1.0027974820873793	0.8770082208337141	0.15964391873922903	-0.3968917911742975	0.22303139628581864	-0.2883802654829325	-0.14627158943936003	0.5528836777846311	-0.2650958395077623	-0.2895775221257584	-0.0538768052127812	0.4004929825330946	-0.07713168860684205	-0.00273702974689261	0.45489550916475446	0.5890354222309085	-0.6030023690786747	-1.0200706508426554	0.9530110285616947	0.03834650650230868	-0.3397415804614792	-0.42316534812339934	0.06499688461977998	-0.08430943273003272
DTXSID5045590	12.038184010469676	-1.7048961720556375	-7.678780181990764	0.8290493953893028	6.445075201568514	-3.2818242145660355	7.4641645589684575	5.489826961728456	-6.281534738403448	-2.491897866685664	0.007051166216782816	0.21100902878368458	1.5984170767001056	-1.3626936242979801	6.633759972122921	2.2847955277797194	2.554214436139526	-4.818162434987808	0.35424066903675394	0.7929863154695124	-5.633445944604022	-0.07969731102727332	1.7907467237080372	-6.031432943060329	0.8767741457489913	11.323813643817886	-2.5840116677323883	1.84317348544788	-9.080634226592723	7.923998415805085	3.388548338764686	-7.343931663286255	-1.0500645165310851	-0.9080657261902302	0.1986984370698281	-1.5212888269808813	-1.796282202435146	-20.240081770010953	-1.7799631880149902	-0.9743325940064912	1.729951253179706	5.863182025504196	-1.3844337559441748	-0.24153895258753644	-10.036955225884585	33.52422514249751	-2.9172232641733604	-22.01014351111875	4.965676455492236	4.321871991238746	-41.93097880225244	19.341912670305824	-6.024853626028121	-3.7612464587789756	-10.071422308140665	16.244585383983853	-2.985008968108746	0.5948137336026893	20.81133934583369	-2.026286216877302	5.112406347005837	-5.55047639079068	-1.4193314187670714	-1.3613056098126388	1.8208036345006757	-5.628268490519256	10.246548785503224	3.707130213176051	0.7712927026147157	-1.1635361193750535	-4.576563862966785	1.2012312000240295	0.7109584521874315	-2.086547852681535	1.566884495070746	-0.10918839696457444	1.6918580747924847	-1.76430416624219	-3.519911813866049	2.8228743309372746	-0.4463785373967	-0.2818502341698957	2.3576580455800675	1.0973873601778767	0.46898730560696744	-0.7092785704591431	1.431258213173372	-0.40431318226209045	-1.703541522918893	0.8483387773700287	-1.2790603459783443	0.38471292656036604	0.10604619041562183	-2.0565029483109663	-1.675559491762797	1.388988094533866	-0.7206649867983086	-1.096914334033929	-1.0366201752844695	-0.6754138347155885
DTXSID6044696	12.356442517269613	-4.539500304805125	-1.9181982978499086	-1.436841109633702	0.7381159724687472	-5.4586043379037585	0.06168602230072926	3.6370792061195814	-0.4845845733086617	-3.643651206761668	-0.7027447646365799	2.2162767497412545	-3.1757162328467814	3.757169301827436	1.923673819764933	0.9245417528182891	-3.7731841156648884	-1.3703390575237244	0.9023824629635923	1.1378883085927818	-0.3306088999956579	1.6536094178602905	-0.3801048687955937	-3.1861327427570685	2.1953218465826407	0.4625802802130989	-0.7143760958983455	1.031627505814108	-0.009698796178329553	-1.5027448046738503	-0.08243187243160727	0.5772312877977133	-0.4636376902145354	-1.4371270571725334	0.12826761194314382	-0.5816035289597323	-0.26885411140233195	-0.35955826184567513	1.0821537881240042	0.6955283346225086	-0.08522172675447169	-1.0517803025442225	0.21334337056706001	0.04421876323509488	0.19240424439293208	-0.2034260529059363	-0.08129073815324032	1.3782724124805381	0.18631751687579098	0.8585905932973437	-0.19743483760909902	0.4300147120520537	0.42879430984504874	-0.6211401844547109	0.804396498397308	-0.558395879176737	-0.8658034544726716	-0.18753692538871347	0.6484831001713679	0.08036048266565624	0.16221618213106306	0.20692323958498374	-0.15647951009969033	1.2312926818789578	0.1433642311353798	-1.843660252653318	1.5353601102464542	-0.6460919753286131	-0.014557886114675204	0.629341026113699	-0.08910762760424261	0.6131316879932047	-0.9980357717738755	-0.20858469195549742	-1.3539341449443534	0.8556491515156015	-0.21169474852370468	0.570125664793714	1.3907789527595344	0.807575561144093	-1.0113619828421794	0.897269133311922	2.037023072497044	-0.8242797190501776	-0.4026831187336894	-0.01898540626889095	0.15054471942837652	-0.09561847525138349	-0.1672556648735863	-1.6939237661823747	0.08617105066271694	1.3396582400841917	1.3718771351407268	-0.9596691681080256	-0.527407646450141	-3.1074829140365408	-0.08064704296486007	0.8145330436867794	1.7472972417380757	-1.0738479695867582
DTXSID6032645	4.193879749534499	2.5994674155691913	-4.940769658433976	-2.5370491700018007	1.5316026388556712	2.903920550691824	5.542347876766258	0.300940617085852	-0.8750577810937332	-0.8836347204312873	-0.6510890816428034	-0.16701422935398813	0.22402053696490026	0.4731702425069145	0.17400427828016735	-1.4113397064434954	1.548118071454795	0.0650937975373783	-1.6021852364069877	-0.06577462656869112	0.9149300143253464	-0.5436757284700738	-1.6588531736524486	0.5296099456259126	0.12107889968936288	0.45762973486374847	0.8245106613557301	-0.0932883799872307	0.255855908947073	-0.7459241623130245	-1.533698307228404	0.15695750782522222	-0.11661704329863794	-1.420878329868383	0.601254359272789	0.05874696709875699	-0.26774883284551076	-0.06019478096754239	0.3878867077556678	-0.3529789663469117	0.5493296639304142	1.89015134662856	-0.5176412836073297	-0.29656466131240444	0.5253807183421436	0.2971034499966154	-1.1224185059757394	0.08206826021827543	-0.18647904570055057	-0.28876143718489067	0.10592249518004643	0.09065642747535	0.18525084560410426	0.30973741182065984	-0.7553881728478073	-0.6180972102569282	0.5833275302645511	0.009862332892944248	0.4942514828166019	0.11779039101392969	-0.5600432500278408	-0.06405667444380748	-0.2749027000464791	-0.12968464391697956	-0.23119003104237518	-0.37922174051061025	-0.0724203990597974	0.2636977536079504	1.7791431972884475	0.3019675643451159	0.445671844394808	0.6008933748209017	-0.6445687404116401	1.1046580612776025	-0.4623805698867779	0.20656066317678842	0.966259497824891	0.3640051940755637	0.5856274507873231	-0.0717542361704977	-0.552762372874877	1.7709261745637832	-1.5758978117895521	0.010764218128604695	0.014192230226956792	0.04380330148242064	0.009132867586836875	0.14089957705356304	0.5922563331247945	-0.8143435675916607	0.4743398475972237	0.1593447951449125	-0.5105998159470139	0.2951537108947351	-0.10353436196174771	-1.5385496302568116	-0.09081775048849475	-0.1796247828037031	-0.7038684262165057	-0.8447995928328714
DTXSID3041376	3.8458871946894506	-1.0837553300660323	6.167659969988662	-4.28689650464073	-2.24082867652355	-4.208411238679559	2.672500638430354	0.6979517723006516	1.7066400623783726	0.0542760705985589	-0.12341754997598735	1.5556537657154716	1.2209448965033316	-0.9977828900278733	0.07945366405213412	-1.7725121657360512	-0.31236188158058986	-0.29089187312904163	0.6354540614828742	0.8063227986142466	0.7609939478798939	0.2600781764989789	0.458004160381071	-0.7708478077027879	0.4978784135211167	3.609136270599529	1.9273936412788075	2.420578459794427	3.7238735203504905	1.0209228894096893	2.17560242194286	-0.41625227892932154	2.0936011462560913	0.9095720425142334	-3.098836677032264	0.8550753402302946	-2.508566928557765	4.2022711011979705	-0.5061291177704147	2.679250300054908	0.2712372190968138	-0.14358190455002362	-4.193737985529266	-0.3788716576394002	1.5921691652910366	-0.31299529873779314	-5.103452274459647	1.3775878929341692	-3.4814240292401535	8.664867972056413	-1.5066225859009286	-1.464248649447072	-0.8183658885868222	-4.237820457066226	-2.773192761300836	3.1659954446586407	-4.755152862087995	-4.15723982433649	-0.9961126822754877	-1.6310864380260541	-2.7421321822454727	3.9089995420562578	-4.525117584020325	-1.516996874068367	-0.5059471363096275	4.086031627954732	-1.7353862862691434	2.8480905607552134	0.41785114344062035	-0.24502846617249813	0.574769457353825	-0.6832390576230581	3.0210388740540743	-2.8987482218899365	-0.028061719302228977	0.2674891263104285	-0.34543657446151	-0.18602869957424034	-2.003624777696631	-1.6844106888557826	1.726326200883058	1.6226062515820572	1.2228368446091036	-1.5752676082971164	0.3863016026658558	1.0105201807046875	-1.2053126468927593	-0.7864558977313693	0.38765430576688703	0.5689477329680861	1.3294214338599093	0.0073878782193901715	-0.8401158537846647	0.19753184184523565	0.4652074657623782	-0.4179578022571399	0.09261313264463647	0.16113247152639765	-0.06294577167474487	0.43192682143006444
DTXSID0052629	-4.529218477530286	0.226813279029887	1.1065751909081845	0.9538566712507195	-0.13387276036722667	-0.21463651975667059	-1.716375098464827	-0.5432847467753568	1.0787413033858813	-1.4418238190262074	0.2501702737713361	-0.45656255547548535	-0.6052832240375295	0.014387505262371737	-0.3961244250531873	0.3082240102195384	0.5818917165873371	-0.15397728180657555	-0.3790342527988155	-0.9766072566279773	-0.2577312707741593	-0.39800045607660123	2.049605270786954	-0.10934614380085905	-0.11052031926614363	0.6803502178991507	0.10318145587331658	-0.2557012686368357	-0.12158050306004514	-0.6655549574898092	-0.4169485974216754	0.3317937324968551	-0.6402093609251326	-0.04686771648160348	0.07617431413598459	-0.9308740024274056	1.5351343391089818	-0.6724193885135531	0.05890845216450252	0.05776289755657566	-1.5273675439555103	0.6679393374079357	0.6448422712949066	1.7931201958567395	2.3207841441264008	-0.12563523659576248	-1.9643551374705592	1.2031629381927225	0.8572228735207912	-1.0054403841515038	-0.12236100645832246	1.344366052105541	-1.2902987266248456	-0.17269809247582765	-0.32191313333157384	-0.9753013363376257	-1.904541013535247	1.2752036714239545	0.2710260490200352	-0.5926587435966245	-0.4061420198093698	-0.469596981706169	-0.008118829528415136	-0.3778060019792133	1.3894193398908556	0.44024336680008314	-1.4752922052870667	0.9200808861550398	0.23865577107956346	-0.26151693781017105	-0.27036312550781744	-0.3492752300607015	0.8635673421812277	0.10384774205528968	0.1422909734761401	0.8940075493329428	0.31164850851048825	-0.11971461731414255	-0.22762680290283335	-0.1389898675412817	-0.2025159638245621	0.15081726466019937	0.24199820669722585	0.3786815010305291	0.176144559406147	0.15661845526220422	-0.11511015595775867	-0.2407208288869404	-0.09230142348782497	-0.1439043587708161	-0.3739480227241849	-0.33097242631242124	0.010770856301669412	-0.08802470258343371	-0.1665463629898532	-0.0315811296828231	-0.08153749851626028	0.224223577968455	0.250436258988473	0.013256837454491901
DTXSID5048211	-3.123298058163906	0.2352297246073344	0.8713776071522193	0.5132445515026015	0.3308568155639008	-0.5401389369791864	-1.3545956514503157	-0.43955135333262896	0.2767278334110083	-1.5814178480186425	-0.3001038171066057	-0.13661607482486607	-0.965953349769518	1.4627886190172261	-0.3094118035510511	-0.22793100204580274	0.8956250585506474	-0.12819540537199078	0.16370425725898363	-0.566059185678963	0.44190055533889266	-0.5282991764922227	0.16664784657623077	0.30676496152118327	0.12887170398098477	-0.36474522391290504	-0.9076828853782077	-0.29214390056471523	-0.07937405932212506	-0.32727254983272713	-0.7665712131865526	0.26756980961323595	0.05788329047851403	-0.20818373338678522	0.18994676182216866	0.7470553088053429	-0.10991766607006531	0.4550177038502305	-0.20369409582416462	0.21892865054887864	-0.18827487406930982	-0.2401814562347577	-0.16929429912490995	0.0644926142685241	-0.5301765953820987	0.18184466151980191	0.2699491156713895	-0.17756030840765652	-0.11513621877259947	0.08864888329239244	-0.11536624433345077	-0.025223096313726007	0.13565977840114815	-0.44615753164191324	-0.048396346886769	0.20667289555582619	-0.5550299653917825	-0.02581850021445336	-0.3109869777027875	-0.4032866739042221	0.21553231863543276	0.15990819019341615	0.5616455827095833	0.4574019738903053	-0.1118208230554363	-0.8635879140555783	0.2349815315336097	0.2014194967610362	-0.07140039418794583	0.048622345912532054	0.31423763669043225	-0.029686932634756566	-0.39917771859697815	0.4923713702907349	-0.3268049159634471	-0.06783655442886449	0.04850750110488239	-0.048186366169730405	-0.004769337057094427	-0.14935088648728714	0.19040423632698372	0.6199396661025066	-0.6080054859432837	-0.25267688572137026	0.17671640347710277	0.13992332503345364	0.29796328782310777	-0.24312543137962772	0.3321753301559741	0.03367188957766511	-0.10418499060774426	0.13081588310595638	-0.16038724267869517	0.015534818966791632	0.30471716503931756	0.07385146531243326	-0.33887956986035445	-0.024067209890639315	0.061577959014916035	-0.07955776788076975
DTXSID4042418	2.824413677503821	-1.5882046449913143	2.380389405194702	-7.287835683960958	0.17832365456704294	-2.975142583389511	0.5538590194122442	-1.6847907884251012	-0.6139711373704211	1.0044946406235682	-1.446810462024225	-0.7157354737918517	-0.933810170932466	-3.1782017949080674	-1.546081048070184	-0.7139953093150132	0.6611459586493574	-1.334748337138223	0.060566731429731756	0.5163575739465461	-0.09473254948225396	0.5656122729825428	-0.03811900487623079	-0.11391371242191442	-1.0585109597783535	1.0258513695051665	1.924783980777827	-0.6970119968572837	0.6052252227700231	0.7716582662064382	0.6599063178151553	-1.3984515215363535	-0.4289606931501875	-0.9318920371537124	0.86121615748345	0.3536951412349166	-0.12319527279766537	0.3007173027201828	0.48781370102987914	1.2854237052392754	0.45996505806964344	0.8754361536851856	-0.06101503579025367	0.7480149419585354	0.09324523541577773	0.10921592108454646	-0.11870977837202251	-0.3850447092539752	0.21240378668040732	0.28345671096997804	0.46742892210552706	0.024903402904726382	0.4701727133585085	0.4551608674124227	-0.35946344102612426	0.330279816013431	0.41370613822922586	0.32312497635395876	0.27610064917770555	0.28602386821219605	0.008925199076330386	0.3904460909034657	-0.3493501007035577	-0.12815068262884566	0.3418844721020707	0.11523757973152497	-0.6940350200580827	0.07475814742731514	0.3309455734176582	0.6179438330085983	0.619636511083905	0.33441301130665296	-0.46766551434829196	0.3744227519603097	0.5480889765146209	0.008555217508320041	0.13887077552165	-0.3822826813694573	0.2282093078174837	-0.2628058875984069	0.40576476202936146	-0.1871436452361793	0.12196618247088375	0.1124340769773471	0.31940320326669497	-0.10156435634702769	-0.427946945992052	0.5412129600899866	0.3351533523456508	-0.12396606512098143	-0.5980662461260781	-0.2960783144769894	-0.15002614594949354	0.12012201833396903	0.6485768656763223	0.764789240558876	-0.20853839777392844	0.6382206369066638	-0.2913244745395214	-0.23695074339621272
DTXSID1046348	-1.9808091014920546	-4.495957208847659	-3.810603764767884	-1.4295577292374826	1.4196521205181176	-0.4852833769891423	-1.9877061040331334	0.06795615097068924	-3.4028179129452987	1.4210123960092542	1.2124382239441738	-0.9493422172477715	-0.15254388919371492	-0.785359991771321	-0.5601478712817938	-0.5896591949215282	3.699095700628519	9.123966888322233	2.348811862745002	4.956646089825773	-1.7236616266908547	3.5606029552091063	3.3771898943802388	-0.3355348285996233	-1.0339632578965967	-0.03214049623965691	-2.0745494595839364	1.2224759126238418	-1.3308153704604293	-0.009983194296891443	-0.6647820639942943	1.7285655920201144	0.7745548821894263	0.025179966676869014	-0.32708593173461287	-1.6082376502689506	-0.16984480314357278	-0.06279688803958741	1.0821914404410922	0.6965481452441592	-0.011539386232685935	0.606823226619918	-0.5892572975992136	0.3701626395018928	-0.4443684632759881	0.2092369792032576	0.09904482973754024	-0.19572910155993098	-0.021930963825720823	0.02352892589512	0.20642375285875908	0.35369161753810074	-0.23088902587294813	0.2613426469186478	0.3595838055896098	-0.6430416590684722	0.7778813202128194	-0.6385706718308353	-0.6362605516980725	-0.5851126152386088	0.6450176258353988	-0.1735612437392998	-0.6645417701415869	0.029587232836132085	0.34204861193380576	0.4561820006884548	0.3399095764339976	-0.2554760398212836	0.4465159424419313	-0.3647404517320274	0.06900986960844854	-0.03816664202212548	-0.06256581073859575	0.7217853886560951	-1.1692012665508933	-0.1344236115229655	-0.03180677660051806	-0.25802233358286875	-0.20986978031768666	-0.5475290222945629	0.3714947817024713	0.23484194650683016	0.00786150741004173	0.1716547324579588	-0.08136602491584291	-0.27119835923553015	-0.3749961006120534	-0.3183620772305343	-0.3281664995300854	0.4960837883636733	0.029953662427118107	0.468516567196111	0.4206878059125647	-0.011675598904521647	0.7662291334258448	0.2729761716661354	-0.7069138494426878	0.023906992593919124	0.49295866066661015	-0.320818154929684
DTXSID4044793	-2.371590164223759	-4.636170320507542	-3.0174571722418473	-3.2759503164259076	-0.49781214278099745	1.631514137959601	-0.5707008939791487	-0.1538865813745756	-1.8813651491770003	0.4575677945144771	-1.683879377927531	-1.1402242663012743	-2.2974939000890164	-1.2022349459062094	0.9851029144012834	0.20542589889035767	0.5351717133540899	-0.3324006372634146	0.2879310557560646	-0.9608244841797581	0.07107316387242274	-0.7308013545655584	0.9561727356981962	-0.1445394454263044	-1.343112304040475	0.8067294050615981	0.8269751997266537	0.6471734290222181	0.45475687046911256	-0.6204509779318761	0.04455051184531966	0.07179445789114047	0.14131027650716915	-0.46165274846069604	0.5152417591186842	0.1605257774800396	0.11694384586663718	0.6490963744068196	-0.29242206445362734	-0.07294508783776406	0.0715242065563276	-0.40830330009810517	0.3413822001828812	0.5816636011411803	-0.23526120481331564	0.16666549770533556	0.34770448474566584	-0.5208000460056889	0.17200177903600697	-0.08180357700369875	0.2232758856419811	-0.03315319724948875	0.4585759546644652	-0.08965670129760411	-0.12029803549828602	0.07986173108919531	0.27804454418448393	0.09807310665666777	0.07200764965564053	0.010461521991889648	-0.11114120331273601	-0.018723954223728533	0.3210662165742577	0.01576741106183497	-0.4722474156680139	-0.23833322280849165	0.16192633489079458	0.2678192826205685	0.24703980664096378	0.31883990886734664	-0.2902769029774822	-0.4685703516500167	0.08790658991727776	-1.1283889619910807	0.37924176886939936	0.2829382200404149	-0.33821514480843207	-0.2426562843873382	0.4214381014588189	-0.3165799202544284	-0.21198428475459571	0.45271215942101745	0.0384472563577547	0.20592774233264727	0.5850961610865859	-0.07048914300235139	0.2773273699592896	-0.12740503494286273	-0.13617776338367837	-0.23222358718424413	-0.5282359354026933	-0.1038983273857786	-0.26593846354417056	-0.11069750817611368	0.5158435817765201	-0.17618776503962422	-0.8258595285431745	-0.12786819574753855	-0.4353196342052711	-0.17587246774671583
DTXSID4044870	0.23248331723829652	-1.2825959647667007	1.2360234976190052	-2.499826129018825	1.3720102241183234	-2.2645317370304507	-1.8845977509641954	0.8164852559129493	-0.7945229884763653	-1.9753569314933013	-0.8360263360446836	0.06819045580405757	-1.4514176597332815	2.715394069744036	-1.3109299538254964	0.01091876811258041	-0.16486190220904443	-0.6177241506305436	0.6379350641604918	-0.16578114554390447	0.7636092820718409	0.18996088484465187	-1.1284661771230449	-0.7319794818933184	0.8762941885989467	-0.7359168407861337	-1.6108768920938419	0.06377074434430265	0.21412383914747912	-0.7190201161964572	-0.3591139926541635	0.7275249718191599	0.015262368157175165	-0.3459321205930602	-0.4716223293093105	0.36242859938430066	0.21741282406755474	0.01555700823247741	-0.3798441856262507	-0.24543421456958298	0.07727464043586724	-0.7423372655628014	-0.18274255853011548	-0.031159508882993663	-0.3491751919428083	0.32863724786466864	-0.1518958776179659	0.4769588638283999	0.14223886674169778	0.3395624832956299	-0.2953138919159622	-0.18282716707110225	0.08017684405263784	-0.2468962200456502	0.2164156593974458	0.43022945462218587	-0.6602209630950123	0.06412599664552956	-0.3437182372656581	-0.00285850152288994	-0.6670313372851612	0.23287880611041722	1.2598433037637822	1.1060837928383507	-0.4929420144214326	-1.986546027892279	0.5128386717142764	-0.6373976606557903	-0.3164734464522195	0.7080767564640372	0.30110221930758685	0.24541247222347454	-0.0225477786877062	0.23099217158802043	-0.7924977782567205	0.7658924035922073	-0.4586348253232567	0.3170214375200042	-0.11758783102085449	-0.0501127710290978	0.6838205222147996	-0.24159247947561102	0.39480464496479284	-0.00817139272392284	0.06999940451831511	-0.18090516443499624	-0.4230901214850102	-0.6006404628795752	-0.17969615184710877	0.8325600053831436	0.22809763399530816	1.2869359552423303	-0.4474271277804787	-0.12499988937096623	-0.05098146597757422	0.45286637263155216	-0.5641048717463943	-0.042292826406334194	-0.21042890101981185	0.434032724643488
DTXSID7046417	-1.965336530918068	1.7486876312076765	0.2294774143898999	1.1758520631012197	1.301982469270979	-0.6546196943565197	0.15663246825351115	2.061244697958831	1.0317712786299187	-0.4071788538457941	-0.3895325853789516	-0.5796044746040131	0.1561947289788923	0.17224417420905658	1.386405054553026	0.7223498727964532	-0.2075709076890297	0.49781406619629626	-1.1338324965921913	-1.4794625623254865	0.3661669996012242	-0.8573628538192577	1.9379195831006122	0.7669739642666633	-0.6504416907307443	0.340283749159084	0.4657797839565707	-0.09117715448997453	-0.5596108573739262	-0.8543659858338305	-0.9210813114456379	-0.1927774824107314	0.5148256636457911	-0.033667851068279415	-0.006685634069758313	-1.3780522949072356	-0.9433347535433195	0.1478367413521289	-0.2867643256529992	1.5080931707885479	0.6339277724114605	1.4575324914312537	0.21045187883043961	-0.1771462033757523	-0.16973085751218936	0.39785844754986155	-0.3477325069556048	-0.1204210252968464	0.43957531660843735	0.2023881461400972	0.26104582668872706	-0.15057373563873638	0.5095328969157177	0.4359757635340198	-0.061009799101169125	0.1495297925855905	0.8890929744547359	1.3243574031494318	-0.6427048611882716	-0.3013801447888623	0.42611326496637864	-0.5842988162586401	-0.850266521682987	-0.4086336168605793	0.3817274093148401	0.37687380389887215	-0.42528203606562326	-1.0577924273944521	0.09703519279555903	0.5753344220671542	1.482912274862999	1.0530176356582417	-1.2649910485312343	-0.10571796685943445	0.6433628655335794	-0.8041119817265401	-0.35536333990168234	-0.18989563951607813	-0.521173357142533	-0.3009663841040378	0.69153866673234	-0.5421768687572306	-0.042833674746509696	0.25401270111216495	-0.18844937874048212	0.9575462703015908	0.13052305727541302	-0.19180009207589777	-0.5423228894955233	0.796122669358191	1.5589528330433733	-0.014422425765336703	0.5055766886445141	-0.010155359925808502	0.8732090147379932	0.6816603787769903	-0.29383307067500913	0.23778711053229296	-0.2848207990215963	-0.2705829899767337
DTXSID9045762	3.190873199858891	7.140200163305454	-0.5109586302384672	1.9153226213437236	-1.4345181049438736	-0.80634202888056	0.43854102348812557	0.7244975927402879	1.1296863675272424	3.323328274619082	1.7221076249561158	0.5186451500104808	0.7502136982809334	-0.2067991596842767	0.7467448260551773	5.111186101918188	1.833985014283652	-1.9589456563649863	0.3368750949061866	0.2829070780343025	1.4921866362086094	-0.5546951843821906	2.5214944706510782	-0.9974831768451858	1.2194416334710811	-1.0580158818271521	1.552118262257655	1.2797513210899683	0.9602403717108015	-0.7348761479660418	-2.326295000846155	0.656407416964667	1.0239233618887518	0.20648581779396633	0.20571759109935525	0.5316411558196277	0.18144957931211705	0.9807494425898523	0.48430766535245967	0.5790380446882599	-0.6031941197795351	1.016923663649064	0.11522358440589331	1.6007866869153855	-0.5336533583594802	1.0595908064067439	1.7451234880275772	0.16874164584789583	-0.4665716861113132	0.41856395524325407	0.3111927937960359	1.53333165563095	1.1024317858230483	-0.150883448286165	0.652576358735644	-1.1403260031229465	-0.6008356008089504	0.22477880263373223	0.8618456341089936	-0.8457797876078865	1.1580580599819508	0.7056450334741066	0.13741182885583866	-0.06748896166501778	0.051512918493515705	0.7268029472704427	0.5627745831856188	-0.6645780152816839	0.5698660189992898	0.6024145620504473	-0.38605596897957745	-0.27281820941536317	0.15386725738162052	0.12348047639912751	-0.06969560097143679	0.5277898258036453	-0.49428009950820717	1.064479812744788	-0.023932144470459295	-0.3368239891198128	0.04425536932653185	-0.1848287870539648	-0.008349854291431787	-0.9454404168719047	0.13867753149821932	-0.45026422423013857	0.7489230250074235	-0.44640621288654453	-0.8938823052848531	-0.10373730864457995	-0.32937236536812536	-0.406256196458072	-1.1506005142723241	0.6027461361405744	-0.6255326769994869	-0.10610769495312644	0.3893040226016161	0.38063699025455533	-0.806601315727401	0.25567388854128614
DTXSID0020733	4.380444280938115	-3.3687120527800243	-4.476832971598665	2.306382004805104	10.6185982048114	-4.662912146998803	0.3445407901632349	9.99774294876362	5.7027754937024415	-1.9487255868001432	-4.810604761041241	-1.0469400597439553	0.6883105053653333	-2.9372144441390047	4.3433707123829475	1.328106974314856	-3.71363437537492	-0.20718578603507604	-0.48783600442824043	2.6089136446779246	-3.4868349835967845	3.620747670188985	-2.2837016022859893	-4.063972743832269	2.7406059884796603	3.40603882111346	4.165881897686941	-2.877696329454292	-0.8596963422203098	-3.8855895943695513	-0.2138187101318143	0.3532337806235299	1.7138116202176048	-7.793342352573652	-1.748645290823261	-0.5024826694410208	2.0766741927986367	-0.24134031468782952	10.191790601646625	0.7559571081452992	1.4248627945096883	-1.471934393203427	0.5371695675800624	2.1332308020630255	-0.6365170543332579	-4.4384589962644085	-3.7708340363925625	-1.6547006866767946	-0.5609481410151231	-1.1593430027321887	0.48628832302645286	-3.9047498725366476	-0.770900155944288	1.3948414568891323	-5.254800290772189	6.56999245951964	0.9141181225157288	4.297853739452418	0.13699689658412753	-0.8992149257601256	8.605802229531559	2.2074150582692074	9.161199465875068	-2.51391324072714	-4.906700289848659	1.1432931115950158	-0.9157700273668784	4.892174332564828	-0.6988982303850653	-2.742579483697653	0.6875447455594415	-3.9557712803449663	1.5548917250859258	2.333965352617748	-0.3652344895582479	-3.541155264429706	-2.5028893710274955	2.256265614716401	-1.9756669208614306	-0.33120062890708185	2.3156013469699253	0.11894028050688206	-1.4523673508350112	2.1529855930453747	-0.47227302568184826	0.4845321098916999	0.06915088354231505	-0.9432777332514777	0.024806529150838603	-0.47627138586257034	1.1004811616014865	-0.720175466028951	-0.6388620170184769	1.157096153983731	0.998533693342463	0.08345269381936839	1.6141901168993287	-0.4269121226386298	-0.8889328443546297	0.62342686447055
DTXSID4022816	19.414202054589424	14.430778697313627	-9.273954015111201	-1.73071050449773	-1.2952230269516074	0.4520537393542964	-2.454237027371395	-5.534955919274411	-1.96939710910957	6.297366256296764	-2.2888184456369727	-3.3948166235078907	-7.520457304946875	-0.16351079213775727	0.5142113733830125	-0.5313609762503506	0.9642438368157296	-3.7475111218655552	1.8519680093450135	-0.2812392380180526	-2.2881100735184754	-0.7212972910203242	0.0036269547944011763	-1.8613332533074889	-5.278508545628487	2.642118396749207	-1.0554959743238317	0.08401340663955417	1.0989666104359228	-0.7065675623919396	2.3731239954804417	4.947060065217689	-0.6481775314463133	-2.254013797958595	-2.737116424246951	3.507850722045985	3.191487465734528	-1.793732608706813	-0.789969677873502	2.6980390183725453	0.0868628570051229	-1.8398599802773408	-2.1867129097522064	-1.4294693890940096	-2.295978924291779	-0.006702628451562095	0.7730236961600979	0.36989072311975324	2.1373802785056357	-0.7104442558140978	-0.5578890840699835	0.2986456657009416	-2.8331594607432047	-0.8913462953565289	1.2593805818491368	-2.221721050300886	-1.38465874525485	-1.013534319327079	-0.5832340988950787	-0.8973041321116787	1.8708872036519753	-1.8634831674709567	-0.004956273871188712	-0.5322175958172589	-2.9149525522235358	3.043624183299319	-1.814861933739339	-1.1811511516974529	-0.9286555506988079	0.6983972882476832	1.5864799655738608	2.7761448310897037	0.9636112347362297	0.568376121290257	0.5021660312857434	-1.0071572690621813	-0.838424103115268	-0.006295318745142878	0.6526374597521859	-1.2984417932925025	-0.4377964999436601	-0.2755325756746092	-0.0032379129137893813	-0.047685028169012565	-0.9851541804521121	-0.2788853665937895	-0.1953866245969717	-0.25880889159142206	0.07708400237440764	-0.9125662910068303	0.5540894014143236	0.5542267870490629	1.092185741577218	0.7634403982352549	-1.0755743426538353	0.5216247481677195	0.48891148235506965	0.7786116267475596	-0.4291057437194216	-0.41345649795446904
DTXSID7048744	-3.185628708946268	-1.2507156194697266	0.2924721348745119	-3.293340571386497	-2.2211413405230696	2.431171251196326	1.2498202564595935	4.838126919228182	-1.396901397273708	1.2259800756856403	0.045336840572632375	1.0038822452558764	0.4762594903972768	0.7277172177148844	0.7133563082662603	0.9163655042518798	-2.6787441782649317	0.2700746706597034	-0.4547681727323423	0.07129673682473946	-0.885056145949265	0.41804157893721705	-0.5223080205324031	-1.062136111824116	0.883049182460507	1.8195148507539987	0.5712108849951727	1.731817878457537	0.5036272387354338	-1.2114026917417005	-0.40905685265374614	0.20067006552317848	0.2102089081989069	-0.27004345779326955	1.47471595302317	0.6636500509025967	0.4620165472181756	-0.7402374718223662	-0.14237777292124368	0.6133031669912514	0.6326572941032003	-1.375188595477097	0.3367524967781388	0.42759585936471883	-0.18454786292206402	0.13010481403629567	0.34108816893472743	0.20048723923816988	0.4842854590044763	-0.50946617990505	-0.0028810501567173115	-0.13272688574022742	0.5952376490871171	-0.23505130184411108	0.44905462719205474	-0.6529666460521582	-0.6116720339978802	0.48549518279688825	0.37777942506792844	-0.9838868028245322	-0.7800261618656158	-0.023006396011362156	-0.21856479147210492	1.3011363594702021	-0.8624574115942365	0.10881129529706472	1.0922623753680256	0.4528658828876052	-0.9618607839483677	0.2348713379726589	0.24195777631740026	0.07671548546430673	-0.2910092577229019	-1.5384937381510713	0.2828017231193242	2.236004575404767	-0.2749784403126349	0.09068137289969781	2.030772348572691	-0.6827023626615678	0.30459120476413143	-0.19544826017821498	0.6747920401352212	-0.5065959514417596	-0.48381354853885844	-1.0143122238609008	0.3152352111790867	1.114776235779284	-0.4855315922031379	0.11041699399396755	0.3395879826914848	0.5360385191703276	-0.49142447337874917	0.4966901904785825	-0.13550131018171496	-0.541499679627099	-0.033497640429713774	-0.1269519528229875	0.5937029266673798	-0.2359301338995189
DTXSID6040115	-5.1074438650163225	-1.2595578978630686	-1.5281329590529247	-0.2770114213870847	-1.6188030730054748	2.1863928271085897	2.984354737802576	2.275288089228224	-1.8851507315958802	-0.40737353424533074	0.09020810696811124	-0.38430017251473214	0.03042982827610823	-1.360347449146762	-0.7800767011323774	0.391309735055464	-1.329798388505953	-0.9718944113722664	-0.9998757745245483	-0.36602309065692334	-1.3821154056193492	-0.03740773865569022	0.08605492396169079	-3.1876963024300418	0.9855671771761747	1.111799019347638	-1.5964046469402444	4.0712606825820155	-0.04035952736698377	-1.159404684941619	0.004290985721448824	-0.373381928044474	0.9652438879248387	1.1520162101011857	1.292840490003853	1.2584054504000137	0.8773319228874445	-2.4026554035153076	-0.5937522602152504	-3.5930998776497662	1.6208877988293535	6.120568872858845	-0.16398385296080656	-2.064061106847346	-3.902681704593016	-6.454270258850365	3.886811802977856	1.9687070427665498	1.8117179385960196	2.0294018782778975	0.18241507147578756	2.8478742372606516	-2.0363114585866433	2.1347824995692037	-0.3422680065972761	3.0309595982977373	-1.875746416856762	-0.6736034522055967	0.004016427277503133	-0.10161087477957224	-0.4729888321745708	-0.95322443324893	0.14777721805690847	1.2028751404039757	1.0932297820435124	0.598413616352153	-0.9009297754939712	1.0356656421157115	0.5059466279363445	-1.1226877237049755	1.8178031300830875	-1.123227584164942	1.1813738541920282	-0.8736889369172816	1.4003815520994334	1.171584711142321	1.7925297263815023	0.46419356441306464	1.7455789200511431	-1.4278450881540408	0.9075493854593731	-0.2243908669022464	-1.1881851172257762	0.09481248550891207	0.20155742918004357	-0.7570752380715706	0.711517802506886	1.7152814467870132	-0.11259803716711742	1.0092671978267274	0.29018899426006756	0.48069124546438824	-2.1860435120130846	-0.25532144613840574	0.7677983165866575	0.47341783794402176	-0.7566654417046675	0.0880842874030992	-0.43812200347170466	-0.7492428718114884
DTXSID4042090	2.684182029701611	-1.8574398250542508	3.4702834221183707	-4.736110520088605	-2.2224916626312265	-4.759467096487678	0.8537527697967033	0.08352085917992062	0.25480585501277014	1.5893426168593696	0.6737286246238529	1.3792310368751706	2.035174466292319	-1.1073744608856662	-1.7774653330765975	0.30148291999995996	-1.2225527948960488	0.15237683239924993	-0.7553344378789845	0.32391122236309305	-0.2607198401124918	0.2327326157504691	-0.9467072944799043	-0.10664110254689974	-1.554628023943794	0.8060798112586016	1.0801733814386083	0.5805449346266287	0.6724388565238935	-0.005450684699942125	1.3757746108109161	-0.8498165993994542	-0.7304361799229514	-0.9229829792359642	0.20392190897479812	0.7411365272668833	-0.6046803686407172	0.7006210750643266	0.31198610204186367	0.41602992516548	0.21149944129245948	0.29078167847951975	-0.05355639947956659	0.263288043001933	0.15079375528314298	0.18882383629905097	0.35133635528988844	-0.290765499066855	0.1380196062909545	-0.3208470049915289	0.0467317787652888	0.040168129715819734	-0.0992274863548556	0.09488189133269428	-0.23588011569511802	-0.15625832776179344	-0.20944371139256449	0.13639219103630257	-0.1292922953290138	-0.004870246595466923	0.14490806675290918	-0.42768707222749397	-0.38461996086939076	0.17430256912387643	-0.12920293271159622	0.26371661328243196	0.13526875662988527	0.643034779257752	-0.0006548700055321604	0.15797730068372084	0.11931385883024533	0.10161749057485009	-0.25961102515531553	-0.07042009363606462	0.8350986691154983	0.6228122997200322	0.08878585276062331	0.9311783387460328	0.3394015138004879	0.5028799607032199	0.23730991221998626	0.9660924904036757	-0.22459072560481946	-0.08988983527624812	0.38743274228436	0.1680509556769644	0.08012236709265465	-0.2708984931141488	-0.048863107846485	-0.34634493808648814	0.2078178186656092	0.13822806825711653	0.6593556631051962	0.20665232253539384	0.4682924029031486	-0.5625998814469019	-0.024874674782856526	0.06714186839373504	0.4868406337903994	-0.062498751534126464
DTXSID2032683	-0.5485853642013727	-2.3670293204579864	-0.9100203614686326	-3.261334877220768	0.8518223366024634	-0.9360669428832409	-0.8890223481814927	0.3885327399404147	-1.7259240244545366	-1.6761979810428238	-1.8869603453777173	1.032887767223358	-2.8562774527536856	0.6202083617762179	-1.1804828313121216	0.7443176271327157	2.4925016473229986	8.313065410965507	2.3659720472078547	4.783951314907452	-1.5781918477719574	3.222973653072383	2.2011722917457943	-0.6568813871018607	-0.5490190787127767	-1.1128149939394105	-1.6430438837813455	2.6572387872861256	-1.1548347330482216	0.3873785194009281	-0.4878693456178323	1.2983070294845922	1.9561748617989583	-0.3649847227560884	-1.0026920146232954	-1.031642768075569	-1.1477225205941908	-1.1330086296681214	1.2456649674531528	0.6588589445686448	-0.020832038592313775	0.6398965019668941	-0.14209017002137259	1.2292849210374677	-0.6757390038902504	-0.2312132882069725	-0.0015257708202755034	-0.20622974513442252	-0.1339530302329763	-0.4486025791775644	0.22885078389282798	0.13535389300320005	-0.21931209062023807	0.4575837929767754	1.1836670865365913	-1.4499693266616347	0.34361301537078237	0.05237866282994951	0.2118137396639593	-1.0711665400781087	0.9533368882390499	0.5020786268166967	-1.4743125969790813	-0.14441829213230442	0.22195194252292233	-0.06985418195715556	1.4944489650545538	-0.34782577150329264	1.4142798595774195	-0.7482119711147452	-0.9491202128825392	-0.08522532208666371	0.10252714827982043	0.7949450050627653	-1.1321541111253943	-0.31896396356027723	0.027025236482435634	-0.6849831616946845	-0.3427834728843169	0.15430371725411143	0.22629624006881016	0.3376325549126786	0.7671590338575628	-0.3854736750404977	-0.10871693886696937	-0.357604583091676	-0.16772088181488137	-0.9075985770793309	-0.4299195838424395	0.23223485319855153	0.4349904198993606	0.3569458007114276	-0.5947733430881609	-0.05898751744794965	0.1604700556608156	-0.07474268699434151	-0.23410848963491696	-0.033293400031628353	-0.5251616353477492	0.07411673433331514
DTXSID3027405	-6.231787868240648	-1.5430070714206665	0.6361113142363528	-1.9031064436428844	-1.6978136414197602	2.437027749929447	-0.20588684901646398	2.319059244547344	-0.5790978994421473	0.4859128485100951	0.2085899611962315	0.08931538050227614	0.19927762448676023	-0.2763391449797686	-0.740472467204115	0.44753310029320315	-0.9753494908471405	-0.4781765175426423	-0.1858389402355851	0.1620105507542808	-0.6467261745659191	0.1467209749486029	0.06532924458627065	-0.16490572007593704	0.008403177278355484	0.8793779036734904	0.5392770213280771	1.2424405511560275	0.33411819534917986	-0.43516562343181214	-0.2636447012376029	0.4330386942304111	0.45771536432677207	-0.09209102177448869	0.6484176686795766	0.1563074552463842	0.5196537297906547	-1.1610424334642946	-0.4575489725220664	0.24180867964263858	0.25944860880708304	-0.9517509771282041	0.47397760272621425	0.7193433819422678	0.12436084905443598	-0.3662469852654449	0.20064725464272207	-0.40682360603521683	0.17760702530452524	-0.21960079766858243	0.02490762840838507	-0.5193200807737508	0.4430575993740377	-0.06802317120300164	0.1291688978974367	0.03695308179757423	-0.45112877467615137	0.0625278165603298	0.3877584763903459	-0.4155130514513687	-0.6826616535600587	0.10545746868651647	0.06802655166285254	1.6415586266247137	-0.8729754346944606	0.3258640798070998	1.0354179638426677	-0.41139747961026324	-0.3704112707001998	-0.09767531985808617	0.10735921107859318	-0.1620375454575644	-0.14151187727504572	-0.4623326931996929	0.8254226663888944	0.8464971965423128	-0.2607081038499222	-0.0904637315917535	0.7911617321776785	-0.5912034493675634	1.0375001683571223	-0.03087907372215329	0.06694991601087309	-0.17303126726968393	-0.2121831369771818	-0.7465522456402659	-0.0003163103133217598	0.3467791152506451	-0.36534766323660106	0.5249977644025637	0.14331981367800975	0.37950668140852517	-0.9985018302922455	-0.2922684711189822	-0.34943286086549535	-0.10464597122097657	0.004698890533939532	0.2160588633996417	0.04198955622099677	-0.3068205808569704
DTXSID6048595	1.7004873059200993	1.22069785543793	-0.7073427770728584	-0.7606939481226277	-0.6938743503060634	-0.9414575723266035	0.49823589713745337	2.8961529293170183	-1.279243174404747	1.8311316279673877	-0.3378240342871878	0.12193565025240975	-0.9503050826422832	3.8116321996647913	0.4104503582886395	-1.106145752244984	-1.08836619899182	-0.3202291805474377	-0.1817484750420358	-0.8998761355102065	0.08181876237206108	-0.3637980881114468	1.545298296065289	0.18150388416147167	-0.9444821351510797	0.31707520774571873	-0.5882534753960463	-0.06344612395493125	-0.5918236134085899	-1.2889520688153113	-1.1417826114775154	0.6325542607371217	1.4586810582737368	-0.27427701467005855	-0.8635129050992829	-0.5722074020941964	-0.8253129757007582	0.3075817635039949	-0.9653669078606062	1.2198226412650648	0.49621261853381726	0.1320635975844636	0.6100569727182487	-1.1786791199836761	0.051217223001635045	0.3447344935443336	-0.21267138034716596	0.8615084858283942	0.21443698083608534	-0.3447369791567821	-0.4577408740443913	-0.08804900862107627	0.4934353541711801	-0.05075684795801202	-0.08981321683424874	0.8776971626980532	0.3624167833725175	1.2572331532019099	-0.9714454416050248	-0.6011122115824797	0.2551425060449905	-1.0675973082963013	0.12442655690956772	0.2292634172028122	0.33583436015681856	-0.6397253100320004	0.03148286345973714	-1.1149440999047358	0.048045598329447	0.3722000176290395	1.7795499810067004	0.9865688797037824	-1.37636734185137	-1.597549996351232	-0.6772439824303084	0.01582486857792032	0.2229957339485123	-0.4049954430299453	0.24845649027924255	-0.2512858983014386	0.4712531538642635	0.3545121439941887	-0.3650144448236862	0.3852450100034154	0.3702897049018161	0.37158490247386	0.16945407838396268	0.3873036858250564	-0.6871421997417139	0.9008421187379559	0.39264112546206986	0.5451126852222858	-0.26923561128181456	0.5110919778280666	0.4475670383984016	0.2471622006025853	-0.11601576537582345	0.29117427439432786	0.062108841848112904	0.1397175043358307
DTXSID0047878	0.9699594790957171	-0.6720299510088851	-0.9248710568097832	2.5067901342564505	-2.3759283344472064	0.21989428492449126	0.4337170975021013	0.6656890106201961	0.0398806457083157	-1.3063520865101077	-1.4059891134690818	-0.0511950932650257	-0.13107050656650482	1.479689710578958	2.4842982262114863	0.2850015431664741	-0.6479238528076691	0.363784921130002	0.08696494425492532	-0.13025547021142495	-0.7613701195028665	-0.0742754854360983	0.5979077804683711	0.5704179264694658	-0.1061295166384079	0.9585641884151004	1.9572945227303538	0.20798512831282004	-0.14748616604875545	-0.7910985048818013	-1.2777540230021245	-1.3723204757977379	1.1686785836101923	0.5009302600565189	0.8624237850424152	-1.9464672782273864	0.08863739337020317	-0.27457192818774934	-0.08756911426830705	1.0239910511397587	1.1446771059217031	0.829109642077895	0.8455416947407419	-1.1318841059588434	0.42239174940693064	0.4897991661241787	-0.2943686181755738	0.21956434330298244	0.2150880081105199	-0.4373243350456556	0.1871027261218927	-0.2796027144524528	0.8033408512538458	0.2323040963194685	0.18832642876295708	0.2625533738087464	0.8289820401267978	1.1038030787523385	0.5933723645182272	0.36074095685125757	-0.42932166300941715	-0.36988498289311755	-1.0610016842122176	-1.0771658040969525	0.5963769260889404	1.802744514191575	-0.5481955832272077	-0.7169085166474345	-0.7947558186404972	0.23834095157493373	2.8882140471691145	0.19343026733435817	-1.2596356963378952	-1.1710120898669958	0.42033788775037545	-0.29673049514409644	-0.5247700912575054	0.10710406339651299	0.015789635062537354	0.3521710679584401	0.9835776027314733	-0.012338168284004587	0.05826986393841878	0.3369590079864401	-0.5252238952371696	0.7165987581101564	1.917130036875	1.163683851292958	0.4844809809359082	-0.6421539450776734	1.0421422216359069	-0.9892774849326309	-1.360243038457325	-0.927505922246784	-0.39313719765977806	0.5450209218621037	-1.4384002130037463	0.2575879127707772	0.706061272837528	-0.14800300609496553
DTXSID1046055	0.43840930784388077	1.3625474118511542	1.385251775914042	-0.10561666654107152	-0.41354567094393674	-1.654473818319314	-1.314045654076933	-0.17622203178491733	-0.4611657804856413	-1.8993534887793775	-1.0294119978809346	0.2779267156891256	-0.7088255868240492	2.6770426560840477	0.10994881629900943	-0.17564640481358912	0.602019328209296	-0.07923453589863773	1.1744136393144908	-0.9202511172515561	0.2040521615002618	-0.6276191448183126	-0.6329243874263161	0.8460081634708505	-0.2543768583453979	-0.4879163399928366	0.01558070931206177	0.4829202433914083	-0.0472538982788905	0.21547839962135765	-0.25034785350634453	-0.31910722461854585	0.8278158141559173	0.2594456210975156	0.030350591596203964	-0.09883802757493451	0.5387743830675095	-0.5977985711213727	0.4842369616489658	-0.04733637690617603	-0.31398029457403753	0.15746522840413735	-0.15521527487670445	0.28285105106147385	-0.9108737018338908	-0.13511965663876419	-0.319404943677656	-0.36475904838914186	-0.1044171323465034	-0.2780572912458701	0.14913559670241708	-0.04721706810969637	-0.12286358243122396	-0.05135509262563368	0.6336082224579452	-0.5864406143963663	0.1902206792293045	0.02738600015601171	0.5342613083281859	-0.22779127552018477	0.004634077526777051	0.6740427776676318	-0.26465159640096486	-0.8727501414078177	-0.2408983364215882	-0.07066821029738833	0.6270067669373112	-0.4809237416533919	0.33211391396809414	0.1566378779692609	0.37611856759440315	-0.7008556418175113	0.13250999512646086	0.13215727361961638	-0.48378221599509125	-0.08244263613725805	-0.15728636142534208	-0.3618786408753992	-0.1758480969050987	-0.3977426807057076	-0.22617887757681207	0.13687255209209687	-0.24713104740431036	-0.10732753032013868	-0.02271543239222755	0.10545672332612378	0.1125352934345809	-0.19456734314360202	-0.6349976826510384	0.11501502530573242	-0.21272140097437672	0.09116033920236959	0.20653420174258147	0.37267739808441563	0.22559575847356822	0.1066942687740372	-0.1682866531195705	-0.03098993220091685	-0.23980483779291875	-0.09045384449125676
DTXSID4020666	-5.793183192274997	-5.341890756754278	-0.5036287906839412	1.370946323475239	-1.8486772313692683	-0.010264894885650338	0.04152484188020701	-0.23299214724162096	0.8421677815089735	-1.4540763789249689	-0.7986410914851468	0.13846783999613757	-0.8294874292556735	0.562760206282662	1.3877789355676637	-0.9862087659706928	1.1541843133063447	-0.29097266717736764	1.6014577668424628	-0.2653820182257582	0.13514917520309852	0.14683212057675435	0.7829448337272805	-0.0628940892752315	0.08666034243330492	1.1956972511703363	2.3815043527400133	0.3879179581501889	0.540878627514524	-0.5999988260781632	1.3341936737474387	1.8165603051773505	-0.6042542458198605	0.3607499409982355	-0.39458539445597823	-0.6120007769982645	-0.1645744156907028	1.2251465968217559	-0.6432683295972808	-1.3679100142671985	-0.3021681812087785	0.05214541032459607	0.8723577480923943	0.5277177208068212	0.318785646331145	0.6176714408220474	0.8364707387223339	0.026974737198664896	-0.17694359931029457	0.15629767099599892	0.07699159749015914	0.9068179224181878	0.11044641589354962	0.313739972275061	0.08726356010708558	-0.007664488635943079	0.8055826663500318	-0.25779939410748715	-0.07553893266637185	0.5946620996091803	0.7890912952492787	-0.21730556824617528	0.06601370006992541	0.509839044488719	0.3791482576341843	0.7420001388998322	0.30895256328033815	0.5409946392477711	0.04656951245951426	-0.27278037875745836	-0.3531972928552576	0.9100234423677798	-0.8243301073098597	0.39923112200438604	-0.6617321186930645	-1.1781547834996	0.13370003393306573	0.030331022806510836	0.5614957230866946	-0.8900018360143211	0.4082703843426988	0.10896840957976521	-0.7343329793239906	-0.5244054505906142	-0.17709059381421968	-0.007260620301513541	0.6829696767366832	-0.4971126515926659	-0.5520565447873514	-0.1174606063637222	-0.09198225276906465	0.20343103663439954	0.9381371644473339	-0.05086791536516645	0.3852475411333686	-0.16078546401294314	-0.03145707571901643	-0.003662436988046616	-0.7192859413677543	0.030704299663617783
DTXSID7041962	-1.5863828142478842	-1.8636068062021547	1.6290696228400525	-2.79238510499076	-1.530462014056782	-0.5624151828103229	-0.24394644825460976	0.7943636037902555	-0.049727703421831256	0.6930687255191899	-0.667226922370342	0.036062768490169546	-0.5745086104034829	0.5779211316323036	0.732798896887303	0.8409986906010838	-0.660082908759752	1.6197580622348784	-0.48411173028490145	-0.6061803722889318	0.4241506138775017	-0.4221118873533729	-1.3519234684519483	-1.1565632799448937	1.758516054532725	0.01652725800129081	-0.7046029462956191	-1.1656129119417884	0.10170594059850278	-0.18716447195893657	0.5724555896586603	-0.588624782737524	-1.027173294078656	0.2833247932710443	-0.30499575286354697	0.191868544287031	0.3495639731595799	0.3345645274878268	0.005264789656717212	0.4491810930366897	-0.30053979814768983	-0.7072802182950776	-0.027243488435497967	-0.3405365581917892	0.2313247985756471	0.16152841941613977	-0.17233014664180105	0.3664288675484408	0.12228460495190983	0.050165888761384246	-0.06696200556508147	-0.1352701793731524	0.007014111790301298	-0.26199857093043305	0.25256873901860044	-0.6959085255020248	-0.1936461047202707	-0.43290143812106385	0.7325843902507745	0.26328841814341347	0.420240386454268	0.042575443697224144	0.2603943604206267	0.9916839654825895	-0.017927040041754518	-0.23422808648469748	-0.0016059407690266546	-0.5825324657717534	-0.3853610161607202	0.4146575808036226	0.0772665098540314	-0.012004906264569687	0.2833066131112575	-0.12381135023937427	1.1334209553048862	1.002223689630033	-0.35497326338593205	0.2250883845050266	0.6741843088295654	-0.19052517447417405	0.3338942389284097	-0.21518327975925494	1.2852910105387008	-0.028828749661049258	0.00894659114294717	-0.40091444089860573	-0.2495510281907385	-0.24874571067145634	-0.47430702248908124	0.5297592181555018	0.381234393951294	0.03471746034807008	0.05971654418724588	0.26640864290860045	0.10101710355437821	0.2220510522057283	0.22211304251888747	0.16135041515420234	0.2957801062907696	0.5834197364186225
DTXSID1046550	7.539278882655858	1.6780695725578176	-3.299368629327045	-0.36363945589862673	-2.2064528591891186	-0.7653120320350532	2.7325844352271567	0.011676311700489482	-5.433167695513279	-0.9196466663000128	-2.632695432932244	0.947714394168174	3.984147324902582	-0.4111811876908771	-0.6172427194339999	-0.06214438267025536	-3.290753661200519	-0.17071794256794687	-1.7071663675271835	1.2598439824708216	-3.7611799713486262	-0.733559401383543	0.2514465231873654	-1.020907958137057	1.893574075720854	-1.5367981101530592	-1.4161389805660785	0.5747588780920492	1.5762382054163733	-1.5543305695967256	1.162331610480052	-1.7367588461687906	0.3069678227632577	1.091715791879846	2.5870150478830714	0.7288963896426244	0.48214294549345466	0.7791561738433338	-2.366167433383717	-0.02372738126735481	1.5649584459031474	-1.2364325866562864	1.7129104513804854	1.904133522956122	-1.5581859933403723	0.10700734420495008	0.24960028348822194	-0.39875029649106036	0.847002387265721	0.3087177283297521	0.1494735762990241	-0.8782075196413487	0.011486287147406472	-0.5081764621595222	-0.6293043797238489	-0.0725794687248589	0.20469345604404504	-0.4424097449408166	-0.08939330822167359	-1.8260812432832048	-1.8176177884781008	-0.2690959388741549	1.0554637706862304	-0.4889412436565077	-0.8789099274897034	-0.07564636766134906	0.11031138192415547	2.3772499184122293	-0.773320221308336	-0.32668638321895693	-1.074517327858667	0.11713521275639037	-1.6114032190918892	0.0959202504705976	1.2211168511647876	0.6543979783743241	-0.8444926088391467	0.6735350893864898	-0.2474506180492759	-1.187546772237151	-0.6210233037980232	-0.48272995633019933	-1.4266074815249437	1.2071995317858972	-0.0933808862619586	-0.16687855907328644	-0.1788130592603323	0.7254868328793209	-0.8829282432595519	-0.8738730606989258	1.87508462343441	1.6661978493659668	-0.47385246179133395	-1.46322247070966	-0.3602656608485719	-0.633520599469902	0.7078813930518346	1.254143535446167	-2.3961898951856986	-0.42315621906917195
DTXSID8027585	4.822972328130433	-1.7283513648003863	-0.4185666602098053	1.8052526731819596	-5.354716478649006	-1.6056399579782155	0.4841508811346047	1.980923873028674	2.9383645516475885	-3.350012945637047	-1.5176295574738428	1.2449888571205279	-2.680683551326449	3.349398723973197	4.225722160782872	-2.616619433747429	1.163140137458678	-0.6073175360719971	6.050527837894528	0.9957267702462627	-0.47781869387215836	2.067300129037524	-1.5218667050154409	-0.8551958120009863	3.8697918781695098	3.4520237823540354	6.781049594303827	-0.5032320824710821	1.7215673287407842	-1.3181091308368498	3.4821172922781396	5.065644507984967	-2.323964710352416	2.539325330861376	-0.5016509727404799	-1.3306535474193195	-0.26566116571985504	2.2959127976068934	-2.448700279112203	-4.446431610398094	-0.21758047694527127	-1.0465400635981854	3.5314622819475736	0.6613828174635543	2.0852745688161973	1.5865081536467731	1.3583523899090295	1.614978664640119	-0.481426944059491	0.354363134055735	-0.18480450027591322	2.3319058381165583	0.48582170476923686	0.6424332019474371	0.9577391934697371	0.03932490316958658	1.1960403108633586	-0.9143334197308343	1.1133035738335995	1.623444062795598	0.7714604515373849	-0.39986453442220055	-0.0828436494049595	1.9128589034145962	1.8361236339369222	1.142376405305196	0.12435709686014308	2.2061668006572037	-0.3091136986506334	-1.1743941539674603	-0.7128919589318313	2.0692777819875596	-2.0591170270870687	1.7671388643051387	-0.7822042187737739	-1.399724673819336	1.311387242920759	-0.09945600843852485	1.0432032110605332	-1.0216646767535564	1.3084250395785362	-0.40921414577151094	-1.389541458617604	-1.381358945015665	-0.5273923429802824	0.24190319209541308	0.7858233737430954	-0.6746635831815548	-1.0740575389135394	0.46921339224528424	1.1365791312475255	0.578601205247704	1.1612310156094308	0.7340714692998147	0.36673779453873895	0.19413401500737337	-0.2978588910894375	-0.027262253937081166	-0.8268589150274869	-0.06782031913525513
DTXSID4047410	1.5436582704023085	2.7981633605379743	3.278272929974093	-0.42020030760365407	-0.020649348932813172	-1.726579957302358	-0.8099139501998938	-0.68983414347113	0.7647044232816493	-1.3573555623325138	0.3731825698914344	-0.2635147063843094	-0.7178188121090343	0.5240059100928075	-0.6956332682300642	-0.0010660746352857322	1.2884264080704138	-0.30109600198209396	0.056805712756101946	-1.5130130376284645	-0.18420181045728914	-0.615107289287254	2.115068914761328	0.05225739722481714	0.020048959507195062	-0.15940972485634416	-0.37518775818751804	-0.2792014708806928	-0.0478229891952706	-0.5016269985255111	-0.8258866673517217	0.6413230555838741	0.15803942919114145	-0.03817598455203559	-1.230239391932099	-0.8597548871127516	0.7149279694323283	-0.4801943258394537	-1.011425083501728	-0.8948313146320673	0.3243160542664714	-0.14807234378892126	0.10960022812103337	0.2775289903846072	-0.08239023339412666	-0.40453191844451936	-0.30815413573871836	-0.43467622192293826	-0.10973306087558589	0.11070476053489366	0.002163135471661631	-0.5094296118047763	0.3616336408725372	-0.19486379066671927	-0.10588165230905372	0.08852118797821924	0.3763694549778022	-0.0118701451507327	0.22903981907534465	0.10976230998931447	-0.17711091543787938	0.5409539338134332	-0.01711466248835075	0.479545577612955	-0.6786857638817974	-0.3117530580069094	0.5365613281804759	-0.7969397345802229	0.24029943665621464	0.1394294019318624	0.18800383829064896	-0.6095520009492746	0.9872246619791192	0.2169306674346139	-0.10444315848481843	-0.7011168004031315	-0.487062664975214	-0.6600438094503406	0.17817362963623914	-0.22108150178588154	-0.2495410985646294	0.26713653058861897	0.23636384002023958	-0.5352420696328416	-0.20715346262486506	0.06664650739176294	0.3495763227644407	-0.7000177755088455	-0.19336224893800805	0.2630617012187416	-0.4553626465376367	-0.36665183323563727	-0.20210764929944888	-0.1978367568575994	0.14356036012312806	-0.004242323866821536	-0.01937056468270711	-0.22061560322065585	-0.07275966137020731	0.30660231516262737
DTXSID5027518	0.7092406563865635	-1.3596927391893916	3.4495038596386656	-4.610347001399585	-1.7562189401348802	-2.4126459427960123	0.29781568903533373	0.26091651048360487	0.3050991343513134	1.2140827632734312	-0.1905858127806805	0.22952185226867175	0.0692048798237303	-0.5270027736837312	0.34039377544695526	0.7136602057514958	-0.944922325964882	0.6605628347593238	0.037093945491273775	-0.8000606834355747	-0.5806848223910801	0.33907045969784644	-0.31328470883402026	-1.1308562276862923	1.3811075423713446	0.522728061963773	-0.052176905901233896	-0.30502991622771314	0.2958956275000089	-0.22660696317336584	0.11060431463228877	-0.5850473614851159	-0.5861829361964777	-0.04559930969043506	-0.10511575388061774	0.03806196398999548	0.5061016412527077	0.26150367113116335	0.5224380868172933	0.557417838575022	0.07658022704086825	-0.7515167863755474	0.33899566029960554	-0.4167350138289497	0.506867825967259	-0.055041447535967424	-0.47001449319711025	0.9197977821849568	0.3369727490423824	0.3470779936568076	0.026271147954372787	0.21034364852773557	0.37997554372152337	-0.17025609299496466	0.5843491130525071	-0.7504133487585812	0.24875469793883662	-0.1924054170958032	1.0362461049832412	0.1853357612054921	0.051315637239675256	0.014194867609604542	-0.44951358332618735	0.16250089286857175	-0.007636831390536635	0.04563798750600926	0.9762436254595017	-0.24743862623180693	-0.3904032523771895	0.15257829542086124	0.7080399335178756	0.1494762210038017	-0.04655177679557362	-0.5112536631125483	-0.20851501047818857	0.10569823270135502	0.06529508806072788	-1.3415904307628364	0.2944340557773493	0.27265648295300265	-1.503145855679822	-0.7872845271348019	0.3320222686559994	-0.6643557468932642	-0.5742458313172696	-0.1802065771473925	0.5097028545183432	1.665795272408905	0.3167004669115738	-0.34013404704650846	-0.886363935337752	-0.43168763433891555	0.543322019999076	0.8228677770301136	-0.8550018053774907	0.29998717762813637	-0.1474874950617402	-0.25508510680676794	0.22325354365285044	0.009302759224029391
DTXSID2021232	15.657730134874702	6.0243764819687184	-9.11799909753683	-5.291371317200482	0.16978190817349745	2.60262617457272	-3.9562686548074195	-7.892589116821354	-4.80150844715521	0.16863883954842138	-7.629145175646697	-4.480599774511224	-4.369561319439919	-5.707503396146488	3.137882706725756	0.23552015541680985	0.18805233929570087	-2.9149889784643785	0.41080575960148336	-1.032648446445223	-0.061340084139831504	-0.5756690299601801	1.562460957590399	-1.9489277052296181	-2.478023844946539	1.9168396301523267	0.9560131839480847	0.9419668866318283	1.1272801845007716	-0.8736599366426305	0.5494834575904073	1.7655617115211126	-0.38990199652542623	-1.733807939101823	-0.779639178275615	1.0259361844988049	1.0892057090474079	-0.2730451766234423	0.4124073350118516	1.5202709313077083	-0.1610996606842322	-1.3154840075695946	-0.30248863932871	-0.19656990542695651	-1.1138718977762598	0.26737342734610986	0.017590275803002355	0.12035145563602768	1.73217037639036	0.29749752108104355	0.34547983955451156	0.5199354993483225	-0.3465479283315487	0.06180412633327903	1.2420514442372748	-1.4217612073067312	0.569635291601701	-0.740656546671441	0.9474920627097433	-0.029278628791141986	0.6821099560255424	-0.48714765636869367	-0.51785732236185	-0.27622068526153104	-1.0258444483482225	0.8706250455834598	-0.004313867466667391	-1.0671077684205308	0.6645235020924413	0.2183002036097348	1.0875623934854428	0.6351035140813569	0.49388337645036057	-0.7680599161703432	-0.5057296459005035	0.2756324147284205	0.7585748981139389	-0.1079273367854585	1.3195014189907577	-0.10961735514076275	-0.5256525386856015	0.17321855120565754	1.0731437926766105	0.0206783711081963	0.29448054579734817	-0.6094259413611015	-0.6274789822932966	-0.02105163081873051	-0.14241100018128128	0.4781698731378512	0.6268837192833562	0.3468279759560324	-0.608362975223137	1.3384251896042842	0.8061005486311975	0.5848100448718925	-0.2418028100757226	0.054158960082404756	0.6435503744068525	-0.22721585355832108
DTXSID2049212	-2.990574361389021	-0.5650925571618607	0.8830927704827166	-0.01752060255637551	-0.45982250755514675	-0.7544545733940797	2.791787138643573	-2.155022319436405	-0.3665169933327688	-1.0825193581015464	-0.09401597981773879	-0.90191414767184	-0.3720503857580556	-1.1208082023120212	0.4514331118636123	-0.3668184872133244	-0.00915265859541702	-0.3729420275368308	-1.3243658874583326	0.30653443073983266	-1.6264967510743171	-1.3019100455918624	1.6609839806143412	0.18295088112908856	1.1149295430028188	-2.5272129343272884	0.30913134321961805	-0.5649162751200807	0.5201320281147979	0.035656441737964124	0.5789628076595724	-0.2545729084557515	1.3200747580336307	0.478278791117149	0.5998433636359813	-0.2998712478909738	-0.246696570672845	0.705023790920026	-0.5032243707975138	0.045930917208199105	0.011957373707577726	-0.8151113178898973	0.8175443427786806	0.6389601796371354	-1.246803631309178	0.24050154380371727	0.684652262321522	0.019471687477121115	0.7173850164839458	0.645284636766582	0.32215116743504507	-0.06926500953077952	0.22603573258512136	-0.3653958647487913	0.29572803497911837	0.03664175720178042	0.25643703759380815	-0.7479968326126856	0.09807844035308075	-0.9221746840533772	-0.09319398528596304	-0.4319638614114363	0.5649099233813056	-0.8069214008044066	0.09523190679115247	0.15494676229562004	0.11983829826979715	1.5163396910765752	0.17529292603085805	0.618866275006852	-0.4016173296859549	0.44966934157570737	-0.3346600363608677	-0.27890776109757887	-0.12348061429966409	0.42693565361660674	0.14206423780367336	0.3991571849659205	-0.34827224585460753	0.4400362681624732	1.0279077165633876	0.11227577467003717	0.30411426969189503	0.2761518200808884	-0.5217862069884321	-0.5293122846779256	0.6544986720886266	0.11644890803160451	0.35339672001665523	-0.2482824635216664	-0.6877323923400257	0.37295262578300226	0.04366226737040787	0.3803413561075845	-0.028758573751924248	0.9391901457167429	0.2054407448059925	-0.1593635417178608	-0.023047924256704773	0.4778971577841756
DTXSID4057845	-3.3496724776526516	1.5943076980385515	-0.2736280879731942	2.3067841080497695	-0.2472901788620801	0.39659540625045553	0.09024495195182101	-1.2538127951761857	0.1288800926357264	-1.5410449593866846	0.2872058651768418	-0.1357727306870298	-0.7396053189579113	0.027745948900068707	-0.4667484797366709	-0.0009063939685190256	0.3660432563456125	0.3045626912066672	0.1351015085727131	0.22706158733930198	0.05974562683311464	-0.529954161749298	0.33624833346839206	0.6024631733930613	-0.07174544279056476	-0.3125930991235468	-0.0661195062713602	0.3804956056322093	0.1835887793812198	0.1329491148321845	0.46070459495225374	-0.36753639288207635	-0.19066658340350112	0.2989387040929254	0.14792172472693066	0.8725176483994708	0.4403487467702623	0.9196155669738453	0.33134313498703677	0.36100913112756905	-0.8527144198615609	-0.09254047515955967	-0.18009611581722715	0.37960631925568816	-0.08830631432383268	0.17132221135003367	0.6908006801313232	-0.4643903658740103	0.20276254972973962	0.20493309861291323	0.2155875878075353	0.007448615375292373	-0.05977347297553599	-0.14140169723667376	-0.4964645421030696	0.3833084549904038	-0.4056519536169798	-0.281505725451937	-0.049385002907190695	-0.02171865361487845	0.07689931929406381	-0.09268352626949741	1.129258257659757	-0.3902317281889464	-0.3186737467626608	-0.47463303893100006	-0.0760451329652276	-0.31071156336368627	-0.16865516992904392	0.8858979444047862	-0.286720244391185	0.6916691738774352	-0.42762476130102867	-0.5542298039680206	0.9704070441768267	-0.7251472117098756	0.004488095925601817	0.3195221965207026	0.4272559283233925	0.011445227248612848	0.3177128653337188	0.3978373176161378	-0.6571120433528221	-0.39916096952011004	-0.14739597790984965	-0.515467376636758	-0.18724046544151815	-0.007412224932113737	0.7193153660084396	0.33625123457294576	0.4477652116044206	0.47632594010873963	-0.42338843509557655	0.03150594489758369	0.3681260702088068	0.09793460097418381	0.22865238245714065	-0.2040434510453606	0.1538452577888135	-0.18310162716284434
DTXSID7048900	2.5758180434986215	2.8994353704277174	0.8417003988004713	1.2704036806170174	-1.169652556144843	-1.7326738695330521	4.411716379903604	0.377353501290172	-1.2898912225578478	-1.0516217589701917	0.009624771618903592	-0.4622798295815492	1.0300747984997998	0.36794171229771205	0.3511736290605435	1.7587602626280097	-2.8220037958303488	1.5267208715046172	3.256111327627482	-2.4575569059495166	1.986537150471717	0.08779117838181999	-0.34494641747931243	0.23954966931656424	0.33649788935624303	0.5761419555345717	0.13883829724963032	-0.027667566864145295	-0.6921212635077898	0.4655588797171185	0.18452826871562303	-0.3816283383843787	2.027148708192633	1.0612925475988624	-0.7383703446638327	0.5711166905702636	0.6414842402106269	-1.1236263697995146	0.14439884599601413	-0.03910712105114891	1.4516531021230477	-0.6299381947817083	0.019938889400642014	0.23445505150790244	-1.2870189705421424	-0.30376308039244937	-0.6065625641599517	0.36539417022053994	0.2093214929356375	-0.7118673682834675	-0.01287557815416616	-0.47439692931793337	-0.2262343091120616	0.2422318735008013	1.2593625519326168	-1.0948418286748705	1.300916370030019	0.29726206916645975	0.7936501583610968	-0.6911920127000654	-0.31442862931725357	0.7282226297683315	-0.8269458971356396	-1.2848399461923847	-0.5798102646262254	-0.1608050315291214	0.22561801663997927	1.3161673059920262	-0.2235358988053066	0.7451334903833222	-0.1889629997392386	-0.2042617714287719	-0.020995833626207265	-0.6248086872989048	0.35830005809898824	1.233448721499091	0.006318996639909066	0.26524617537489287	1.2827241367829945	-0.977087351211396	-0.569457028713821	-0.6309995611424549	0.5079180257256736	0.02411738764519446	-0.3906961765893744	0.10253922113896005	0.17507235231290377	0.20624940795080848	-0.7518527295721	0.09398522060956009	1.1384507024235302	0.09819320838860006	-0.15919763044948776	0.6473287392395561	0.525460142295154	-0.6472984055236627	0.09118559863118872	-0.38585787119822124	-0.07878386102343773	1.1353767982462872
DTXSID9049405	-2.2869674437553247	-0.27996649684005936	-5.664451287119566	3.598145149700437	0.7470641851525832	-2.1601712158715496	8.75756170949427	-1.650563642930485	-2.4790587939573867	-1.1126030010647108	-0.20713983603456312	-1.8698950112212194	0.8472567013490163	1.7610298781022196	-2.33725097914101	-0.3828213167840599	-2.2320477553640647	0.0731055937744647	3.0579262973809014	-0.35376263859329415	0.8174791659075399	1.1551180838568262	-2.5165980810784125	0.5795843493367152	-1.4669739384281808	0.6561419527631603	0.6739686468262268	-1.0912870198992	-1.248497977871908	1.3333989585258146	-0.4011493666208178	0.719229219025447	1.2347695983062612	0.4103116811442211	-0.15720413433973868	-0.2523689166313976	-0.2501197395521439	-0.9038199674094064	1.0441452460182197	-0.3818931361636478	-0.17657694915914962	0.9788275353431326	-0.2583477581393344	0.30667737546473506	0.12039146252673384	-0.5482269317730497	-0.005834814021332631	0.28345716076966093	-0.6716342299131823	-0.4182460982702859	-0.2426369838283231	0.08116425011874104	-0.9681055979236227	0.47060509481747714	0.12931944214058289	-0.2692909012422468	0.09820191493717535	0.9322824347238728	-0.0450412960177323	0.741697816040357	-0.06910460102795579	1.139655966562672	-0.7222713054613616	-0.8135375068027639	0.10252370775695598	0.6248417298130918	-0.4200120161184272	-1.300893598321524	0.6827405297478949	0.6539368056827564	-0.02658523401970131	-0.8439051165441678	-0.010193637008868495	0.31124006240411306	0.011103337135638857	0.11544276332793345	-0.8432023365084619	-0.1215114388720565	-0.5543720925560774	-0.9009889033471045	0.8794774571265396	-0.19300475416098486	-0.20504136552584876	0.7177949960361002	-0.20268918177093784	0.6017098881719986	0.1123555161089459	0.49374807815856453	-0.3044975845333436	0.1641618587296891	-0.09383628071347173	0.11441831987400179	0.3951499757872147	-0.10497559131178258	0.09208982222151126	0.5814365955059686	-0.07004548757650067	-0.28124541974001677	0.41011415531512974	0.5255498841558202
DTXSID4047965	0.0017417602762946995	-1.2408803797404429	-2.967947024380128	-3.0910645558460677	1.0965593268698388	1.8811226422327918	5.102508895787149	-3.202705637607604	0.5291401072111265	-2.7556430625688573	-0.6716885940828583	-0.9782476047927908	-0.3087703273924647	0.18871763716506	-0.3062510370392064	-0.30935309865992355	1.7431172808375976	0.2722619099709752	-1.639413405175195	-0.16528336379285413	-1.1485254743857305	-0.5648985368198829	-0.8123510099139377	0.5079693585898295	0.5977626229125721	-0.5681960545135026	0.25578570165189357	-0.7111201097801093	-0.22775085758695907	0.1322301252978075	-2.18947342687866	1.968927060946258	0.09051948430944995	0.3152127559908335	1.42310687264838	-0.13526017916882802	-0.06546345193125108	0.10898107677668292	0.9694648780018	-0.36335443135019463	-1.654436529251411	-0.5041968370391787	0.1776474355615898	-0.1756274282302416	-0.13489119502575023	-0.031106060728707023	0.8843868777517109	0.21582684315045159	-0.33491429761065583	0.4272873353741144	-0.19556830445704	0.23523978609006405	-0.26163491085657864	-0.26001131547879724	0.1723318374410037	0.47474591927093324	-1.1644486726542964	0.07663383293665384	-0.3173842215855218	0.656068758912117	0.26985334147459444	0.5390839102207309	0.44351844775790455	0.7424043279596362	0.0839325821733971	0.5381454561524802	0.675503090734149	-1.094619029295824	-0.4474131186580615	-0.2009117406985891	-0.2510408010228013	-0.1732017293189814	-0.08233437313747136	-0.367892807767312	-0.0586515618365648	-0.0991166493932319	-0.5281271559130776	-0.6052364701301179	-0.5628159319466629	0.13935288088317016	0.3607294818076136	-0.7404192207853246	0.7204422396013727	0.3622973706995503	0.042716022928132875	0.13770209804358935	0.19098569258152015	0.33667888656792305	0.2575457033257892	0.3212186197882523	-0.22628803933186722	-1.272726128762032	0.005684887140856571	0.31048653331708226	0.26007749396888824	0.7023040065099765	-0.14315616934618602	-0.09161130253392157	-0.532404554116713	0.18219461684843855
DTXSID4057685	-0.9814931476028843	0.46339211265510266	-0.27621954010233474	1.442740509169927	1.0778656854303237	0.5858414733989058	-0.32316797529586766	1.5972334797099035	1.8181973917013814	-0.6521717906313055	-0.5246602275958756	-0.5759553347308953	-0.46097597769559373	0.37581412016140087	0.3576466508699082	-0.7341528742690445	0.7507572871972621	-0.5864488545429641	0.418238848808904	-1.0873627156927883	0.6850573044072402	-0.1107365028827071	1.7737401187131037	-0.3904032350108127	0.9292795445412726	-0.6820674619789237	-0.8799643633916453	0.5477146495429408	-0.39022814225142616	0.028327976806858543	-1.6715419034004884	-0.24270214290311548	0.5561818514045588	-1.2582392535505555	-0.3010502815941022	-0.3349510044296185	-0.956449755314255	0.1165210026981326	0.4914957092286051	-0.1664824525969901	0.3553171192451378	0.057405843062824494	-0.2523334257110409	-0.41691486631149904	0.7085052052565196	0.4838064169686544	0.5293906353612134	-0.16933171630869032	-0.05028851032783566	-0.07317652284626262	0.14433774299621238	0.011813846312946854	0.5219669424736401	0.12548463437786953	0.13843045562653702	-0.9279923984888642	0.7407694471613075	-0.8830902438653517	0.4165821669788777	1.0833781831805718	0.3744385649196208	-0.7077999497219852	-0.9929339819966407	-0.614566862431745	-0.15706911931173692	1.4974921033168218	0.03230561102045962	0.393389516975203	-0.2067534924476681	0.48982397322784565	-0.8237875956057945	-0.08818917391293575	-0.3239393153915365	0.6212216051670368	1.1481470508192249	0.6585602764673743	0.20344589770249336	0.7074238394257321	-0.4253659431893326	-0.6075858803997595	-0.4007978626840053	-1.1895181648646695	-0.47482921648671983	-0.16574805154065111	0.4599970998824802	0.3001116456266441	-0.09340386975766002	0.39968037101595716	-0.49019742064060134	0.02124230510061221	0.3653203473041534	-0.9534668839414989	0.2759786319399599	0.8617555657761855	0.19716376176473777	0.36979393594054455	0.3095157745579958	0.03501906510701709	0.6452026392543213	-0.4807167222418902
DTXSID3035266	1.2140321810611925	-0.5875588257424741	5.337031943810232	-4.430460018533224	0.23651869073106643	-3.782702064682948	0.133828884538409	-0.4348177540746445	0.16903210904848814	-0.22089791412950338	0.2126895798488138	0.8631736551719086	1.0080316401904448	-0.6484347549557945	-2.5725756840066647	-0.891137804086394	-0.0072634880361656115	-1.3962290608985666	0.4308700235713907	0.25220213225986476	-0.11105055248843301	0.4820466741845455	0.9463749584470923	0.039520292567195525	-0.5631947746410584	0.0826515596224874	0.5702082917959583	0.5152180402579681	0.26060642414305324	0.469800983941942	0.6821802713867432	-0.45700223129770584	0.32062917307009425	-0.623469053651636	-0.3628288799940113	-0.2298099920503534	-0.059736324396772074	-0.3542957972511632	0.06658362831716139	0.2608183457015357	0.16339809835659203	0.02335844218807388	0.0740129974306316	0.4056074257255047	0.16657520673260562	-0.4993430774765288	0.1847229394544708	-0.30037406799628746	0.022203978499734305	0.010159189834568975	0.0898265411037642	-0.27721697122804295	0.16137253172569405	0.09093963659459767	0.005840410593795458	0.20217723214219213	0.056173506623531	-0.19947825083487494	0.3283281560764745	0.031236340579634588	0.11556900915468794	0.03040878843712171	-0.2506341754992974	0.45424097639602823	-0.1130512016592385	0.10826931376796176	0.5438182134280592	-0.3938526996277278	0.1563008991604677	-0.027765678737580124	0.23249144490539925	0.21084794965358683	-0.2064328336960337	0.12408209368639109	-0.12154823331218981	-0.22070061689310436	-0.2694646991502207	0.19842799779480483	0.0767444962584899	0.1551765804733229	0.21060948802593069	0.3526934896933613	0.13846395300688835	-0.07066404794241507	-0.12999412905538657	-0.04960691441057478	0.11517663026601532	-0.3475012675050964	0.23527373913419977	0.04313285660767453	0.5114007568260398	-0.11707247710788198	-0.28377887931274637	-0.5088792228213536	-0.10423810920423895	-0.17986905021227254	-0.14238743600425316	0.04359410768299723	-0.02943689540263108	0.02874916761426271
DTXSID6023733	-3.478448775708988	-2.63056274762696	1.6787251741139215	-1.0946572145916784	0.8072668925476764	-0.9539699074837159	-1.402680053227315	-0.3593930244330599	-0.9896705307214728	0.14887644589080684	2.5224875022925297	-0.9219225774162334	1.7234453854380685	-0.4310871737062659	1.5048975268619678	-0.7479400570935965	0.6668225422472459	0.6991745626457306	0.42204833049596274	-0.3216749483422461	-0.17405798011716922	0.23174609953330366	-0.05863716606317704	-0.3223487906043065	0.6370759379675404	0.6872240360316328	-0.19209560931796973	-0.48377188290644946	-0.07041790574997715	-0.03183843144635925	-0.5379546552322882	0.07396676049997403	-0.34031037586050933	0.28037039573767164	0.5220780172982569	0.035308885549568104	0.7031306782213461	0.14292405967517843	0.34854224710730974	0.6437843824330151	-0.3891489668445169	-0.17862521852273539	-0.5332812196422035	-0.36245899081241345	0.03728264918696994	-0.15359634864646088	-0.09844240816252578	-0.4596910599488864	0.23138699432782026	-0.008582620088739244	0.08009729099324558	-0.1181746600904079	0.07869180724774413	-0.3610877934299177	0.18760364724327244	-0.37244015495994864	0.22621281871351892	-0.6503504911340717	0.33803626393177866	0.45913180246521806	-0.25517745848222784	-0.3342320921044241	0.15752595103199396	0.02186152367883222	-0.049333662928216906	0.38891212965925737	-0.22047389422779293	-0.2698285019259723	0.37050425569912665	0.11254373071573445	0.8181839082550336	-0.13248700080740416	0.22624026945482922	0.06648140634710015	-0.29479622467975575	-0.15946657262937247	0.5981526451941038	-0.23550338725078448	0.0287747792820719	-0.37256218894647797	-0.5696724448410987	-0.5158595024643459	-0.6239510461469527	-0.05241024248211774	0.1396171805207133	0.4378372021706674	0.23786116562457665	0.34182369332170515	-0.2364571061706808	-0.3223224954263891	-0.22706791043687344	-0.12937357212606354	0.2494883034655201	0.4919039785795726	-0.3240080272599199	0.07872170463196619	0.10365852971452041	-0.030866479703837685	0.07033030053665525	-0.07773649421172821
DTXSID6025854	-5.712941255654661	-1.5498348754549944	0.24652913112122793	-2.830044964606413	-2.1496239240151667	4.463002165717377	0.03573702474069697	4.412860089506488	-1.1785774710486139	0.45568138240082523	0.19993034912788504	0.5912602591840367	0.9640939384052998	-0.4635053651770775	-0.823575183194494	-0.07102906023268042	-1.1739518728067257	-0.4772192249206783	0.01486827064976191	-0.34737828356946515	-0.07315234549177585	0.11774456004592396	-0.2041178952035218	-0.23186516043300862	-0.10735175740026247	-0.39834896457322727	-0.14800864033817726	-0.07415278143454722	-0.00216347310258591	0.1675205127893771	0.16378056207214725	0.2370821198227797	0.22321251161109001	-0.16047260602083654	0.7813764457149558	-0.20467077021475835	-0.3270235939123007	-0.39508078347658365	0.18459362880470473	0.2343495406120984	-0.47339547395983783	-0.026710763789918344	-0.11755931322512539	0.035825201243060024	0.11728833173723967	-0.0004449411169743038	-0.04898321597210337	-0.25695881508249624	0.11020206966754574	-0.12284349308328026	0.1876513582935392	-0.24906610188173497	0.35552937413515234	-0.1486201343935504	0.21989242016055074	-0.19420847356408902	-0.1256999085890295	0.3219682445789098	0.048804621124879786	-0.15532240533255448	-0.38043671276773366	-0.05883556824264066	-0.7308662647407337	-0.01711770041306995	0.007978892192376751	0.10623075740869102	0.4585671052053672	0.13494067393055512	-0.9192103044506592	0.3066235890238244	0.2777575522978632	0.4459142497326856	0.30065198225775297	0.09466929660496973	0.04145239045249971	-0.15929548110120403	-0.6347437988302792	0.23928163475698494	-0.520062258363836	0.4086188663328498	-0.26627981925032906	-1.201752841633466	-0.5786976813538895	-1.6073805501433323	-0.08017698815066909	0.14603236734055058	-0.7562814382753754	-1.3550772111366873	0.7231188086670651	-0.05566630910807995	-0.1307346466692684	0.9734470645142589	0.548381378839016	0.35008926315230143	-0.6113902211227144	1.2156546264523118	0.2848300937766893	-0.1970083940870498	-0.06546064133528164	0.05511097015609221
DTXSID5043895	5.170767406709712	6.477239331311184	0.4283275312856437	3.521573027737802	-2.230047087842186	-2.3698015540189665	2.846060716942007	-3.1114867895524334	-0.60539730735813	-1.612306767195076	-1.834461496585829	-0.9750070164672293	4.817611221665281	-1.7431052228909216	0.1451584443322289	0.8204143230555189	-3.743116483055599	0.6901636820347637	2.141756423543223	-1.6761052022660576	2.2333566811241465	1.5680649857926081	1.7131754176775447	-0.7980101438843697	0.9777690878000644	1.576582116657779	-0.2801946630560244	-0.13977562951533848	-1.072179619013848	-0.36120492674012206	-0.04485907382437258	0.5159362296163867	0.1558560999155402	0.33979520429594934	-1.2802997177642839	-0.6959726094531488	-0.4430755773026915	0.1287792898719854	0.56350392191479	0.5253996893585878	0.982580986517329	-0.2489570826257184	0.4057639703471639	0.5619996923559105	-0.3484170109361169	-0.37483615989651403	0.07203274300925518	0.7501636603541377	0.03229269282923306	0.500829780227735	0.040640695401724894	-0.15479548606171803	0.29913540708051845	-0.04424176385446213	0.6912875475602831	-0.9417526362879179	1.2706172194734213	-0.360096179710947	0.253352900043261	-0.8919144581416542	0.8418631587161919	0.4448861279878519	-1.2124918784956553	-0.39361789800941854	0.27927124493808453	-0.9326517701499526	1.1300334947480697	0.6989196329151293	-0.35369319603682514	0.3834713564068209	-0.5297300865937333	0.18966076368769605	-0.7079444134385415	-0.014689775576795303	0.36177887578232143	0.532318369373062	-0.10416865414346214	-0.5189791066610908	0.4340093484566735	0.26673268924319654	-0.9372727392194751	0.3377999713292146	0.539217301299806	-0.37920765450623595	-0.24341850903215576	-0.09126751707112492	0.2680503895596261	0.7432958124818271	0.5000381048252645	-0.5911523820615642	-0.2851079762530525	0.003084706935580102	-0.12961294206367227	0.3807047686716725	0.5440998838977797	-0.7362743702313924	0.035677222819565015	-0.35559727774436495	0.1896506388964836	0.6962313759437159
DTXSID3048659	-2.1523983778002904	0.3384504892009562	1.4506333432439296	1.5603323178774204	-1.435024625722222	0.49704484238527297	1.0761435229491108	0.9238025983240185	0.5993013214927353	0.23873497531403656	0.00046822459059009435	-0.2519592715687903	0.3177464711206877	-0.21947581076364803	1.0512801955188296	-0.30221092833125957	0.5210391722954247	0.2491238485477504	0.09484096641964693	-1.054724725504046	0.9596200922504171	-0.4402393436194521	1.6217009588101619	0.2667969701261732	0.291511443933539	-0.3796162426485994	0.35990598999455437	-0.40051735502359553	0.12314869647694136	-0.16447899224110893	0.12395486030439329	-0.19852267839359156	0.2451513880655142	-0.7923845929406854	-0.7206691770668181	-0.25169927696931393	-0.10305739575166203	0.33667193048527655	0.5166003793787902	0.1477582839389961	0.01252017723510061	0.4429553784239429	-0.21213525448463572	-0.03309468182920466	-0.29532693985279124	0.3057933328551092	-0.0661125909122948	0.16390220845646883	-0.02277418218750004	0.40645323608937556	0.06138427401401544	0.36129942663696435	0.20230748776367158	0.09631636879845942	0.16194992338814973	-0.632304738919346	0.7163305876470741	-0.22325029719095035	-0.2228346102669353	0.3271317320833472	0.6309938239365982	0.12116535294316505	-0.49203341484003843	-0.48241728882734847	0.062012413342423925	-0.12802795452600277	0.5709785548752152	-0.239823015001315	-9.920277288336728e-05	0.08221096111265422	0.21181704504193635	0.09714645131781037	-0.35903100000811083	0.13350028051389184	-0.40699504162937916	0.40407400183020276	0.5469106398714223	0.31327627234750005	0.3094496988277161	-0.33731134866351714	-0.5541272232770817	-0.14474952137890829	0.12892001826700453	0.04217141049781284	-0.21105505365799646	-0.17766340366363026	0.2611542779482226	0.49346924182496404	0.38736819832755287	-0.06506709281065712	0.10113610916956989	-0.09196243565852447	0.1030946102085617	-0.4061082540425784	0.2146561092769784	-9.025643179592052e-05	-0.5646400555875417	-0.6486983830549439	0.8790172245494392	0.007146682610013315
DTXSID1045453	12.095816800916705	-2.8047890966940483	0.6746338637518701	0.24665676848956494	3.3064600764591736	-1.6498690259822635	2.2637324239363243	5.474327795471707	0.4408867984901559	-3.086004715524863	-1.460030031462227	0.9838725042675319	-0.7619139609183415	0.613601261102061	3.652458422884378	-2.5311386866286636	0.9922546689871062	-3.7042061091632674	-2.174713690126261	1.8961112857367899	0.5515941306128601	4.529691386788408	5.367550138860498	-2.536159622374764	1.5489433789492462	6.8404479071960065	-4.295246695524973	1.0556617776438393	-7.557190205079284	4.224148756147756	-0.004533328238545587	-4.976751469094938	0.16904002180122096	2.2222938202022453	-0.8357812585245163	0.64331000035916	1.2534203485933526	-16.139922040767804	0.8039318229298095	0.16972249686843632	0.20711058744164096	-0.45877242305525573	3.3078713652983014	1.4283390465200798	-11.526374314011813	29.865496893750798	7.490980388642786	-9.231977860803006	4.073586019446406	10.24662650345378	-33.06462139450924	5.016210993857596	-17.35187886195705	-7.086246990352023	-17.226088407202774	10.855730892387083	2.4898851519626817	8.532968525639992	23.3486309134203	2.6567653352841236	0.7454056182942249	-4.554513100769334	-3.0936170937285374	-1.1128308674864875	2.8417653850159796	-5.916004442748227	8.808317494084378	1.845411953759511	1.5442434199885822	-2.0118125012729293	0.5029483172869714	3.8637142819618635	6.166988813181583	-0.3859635061276147	1.737788216933121	1.8902081665372492	-1.815931939089462	-0.5190912924023257	2.377487833162548	0.8516301306209586	-1.2040851492103797	-0.27371513759767674	-0.3338322722187028	-2.346539539143099	-0.4670231461552073	4.268788562753001	1.4259236648634381	0.17796057807286864	-0.6885390789282305	0.7449548262382887	-2.5520012117873807	-0.649994226706311	0.2423836702428382	-2.166368036930343	-1.445239452018018	-0.11255703674317813	-1.5791584806966252	2.9742966960019404	-1.4740807146006996	1.7681066857041832
DTXSID9048722	19.45027861049627	4.605082486607517	-3.690314983245713	0.325622969795326	5.44289011678286	-5.999663431585286	5.156223873150806	0.04511806382283991	-4.568963697382489	-7.854021514418018	2.219975708827922	0.8961027424014312	-2.536964023786529	2.0331423847359034	-3.4736672211186956	-0.6189248486508805	-3.829332971187301	-3.010050026032178	-1.6733025765592981	3.355364702279632	-4.436350754994704	-0.501861211900935	-0.7125573154341975	-2.1514586668496145	2.4821620287921227	-6.121881315455356	-4.421225998276569	2.5979514259999994	2.980608726228908	-4.144363330015544	3.0552920198443574	-2.251561934934327	-1.5004579388197161	-0.5224759475657266	0.38980814407939307	-2.1647713319988493	-1.2791372972364061	0.03518499591210039	-4.224937930154562	-0.6505451753461174	2.2656639679400166	-1.6839420372329694	3.580940907551054	3.9638029359915934	-2.1908462071361647	-0.6938908228648135	-0.23207526869820314	-0.5334082164542555	1.7874541093465304	1.2694765432621495	0.15143753585186684	-1.573825971493944	-0.49284335876162627	-1.5790742944870841	-1.6968281933624825	-0.9151147769359856	0.6426934291754288	-1.7611733150239177	0.4264409697370653	-3.0027422284227088	-2.627404062224458	-1.2389618700328764	2.0978208291195743	-0.9736565336501748	-1.0360307341286734	-0.7633405657124781	-0.1674362806167056	1.1075530576859458	1.9121555667455115	-2.62184195670902	-1.2056620661097592	1.3405917413093205	-0.6777154488125677	1.0413035573879676	-3.81146024780211	-0.03845853461185809	-1.196007963489142	-0.20681656666280065	-0.7518532666396089	-0.5476021211738437	-0.9364421698787907	1.6679847154028045	1.1186054285575975	1.566352344519393	0.8586919640167414	0.986853469733898	-1.1177861757426584	-3.4858892093785525	-1.5098802622826912	-1.3844133750292917	-0.29075915371053185	-0.027014930688021417	-0.29928212707637875	0.06445095220637324	0.9018525571601751	-1.0215475938770575	-0.767355786135323	-0.8402447979690025	0.5529609116610756	0.1286097450637367
DTXSID3021938	-3.9291824071769463	-1.333518470557674	3.4731034317133758	-3.422137162589369	-1.492081119910538	-0.5774862246156862	0.5532630310889392	0.21552524714085877	0.716183326875922	0.4422956347815346	0.3146209781086384	0.2673934020462241	1.2038080491644536	-1.6417861903860034	-1.3671421485421527	-0.45597007819716495	-0.31866852809336355	-0.6023172249997801	-0.14648186481689834	0.30088866090914235	-0.04273893771905815	0.3106155452156842	0.13815782386219044	-0.11529030777333729	-0.49975712045588083	0.10435257796092813	0.7367092035208102	0.4292035368206126	0.14592439757459197	0.574288523858071	0.7360380453880814	-0.5146365046309097	0.24545022984240675	-0.39655996164799034	0.06618758505867052	0.10504161791370926	-0.4696453411529448	-0.0016501825679855959	0.24273312361657057	0.318390006933159	0.0645735988332188	0.25884519031028547	-0.3166900939196499	0.021741310127719377	-0.1088487368807833	0.036459435440104	0.3157598929663464	-0.19700265226795224	0.12077920431813463	-0.22133283761051403	0.13618986599628022	-0.01770494347960676	0.009349812546359288	0.18972527055370195	0.08737919442854737	-0.05251542116374325	0.13691391926565963	0.15406683344568933	-0.05546588451704768	-0.12018048460219438	0.10619708669118123	-0.2514492072176842	-0.30345236396237935	-0.20355716652310313	0.08943351374336907	0.4533456694499221	-0.08990194283321785	0.3092961862994738	-0.2396569783960678	0.369680882393488	0.21611689863329706	0.26475476607755943	0.06317227693896978	-0.16701903866142123	-0.23907694538336768	0.10404672287130817	-0.18119618147970531	0.29028594403832975	-0.039073745769964	0.009721780912512018	0.1887410102612039	-0.40656617169982856	-0.19057663374014966	-0.3879456146981424	0.06401238048862155	0.26420245896475564	-0.2522410784376894	-0.5434535814817556	0.06985577760655488	-0.07773265123992104	0.000147676391701362	0.07120537499739235	0.3001404062824156	0.07589045699815464	0.33143321106971135	0.20063325681816968	0.239907998730123	0.4864647703940481	0.22762409255975646	-0.158064544168994
DTXSID8026193	-4.786452723727879	1.2578893170610086	0.007152427668205248	-1.1931234673219562	-2.379221915829831	3.5036179971179258	-0.9361239168276783	3.516588087662244	-1.006436592161179	-0.42891804414503465	0.27796176434173897	0.5339232079669967	0.38267260150636767	-0.6589135717628101	-1.4570764954323105	-0.414061353719139	0.12724107536761603	-0.42922219494115077	-0.07221912611611656	0.22686490386205382	0.9284591901315623	-0.26774222029442135	-0.8830927512863013	0.537653877191249	-0.7931893596127114	-0.7801207540564179	-0.3321335453781981	-1.1789367165296059	0.39147823963079237	-0.36486715819176424	0.6820756028983025	0.5210274207002398	-0.2955120727363818	-0.4664975403063384	-0.214862718078308	0.4967577176494939	-0.31008745884954386	0.2476840236108437	0.21905100515280715	0.21582333034163673	-0.8419647341639142	-0.03503384257687133	-0.21961816368319467	-0.17238556727871765	0.13167472920148418	0.2509847056058981	-0.29426253295556826	-0.043550401519469546	-0.15632847485469117	0.3507802782188045	-0.17563096977487233	0.029182056259368372	-0.34249919703518467	-0.12295608962904613	-0.2125318441361826	0.1298218756307021	0.012915879161681876	-0.3763023087150183	-0.4121457172909127	0.3730524389261728	0.24584108931278095	-0.2435958295498212	0.6269969042923808	0.22390265418325206	-0.10901481371144835	-0.324583817624526	-0.012840499208582457	-0.13833201589283797	0.4132205573498188	-0.21903111006562656	0.36025197455801966	0.5461132723279635	-0.19598486172974916	0.4605354052833861	0.37376539169565604	-0.21832122048912178	1.0076185406838278	-0.42910833082890193	-0.30150537349984663	0.3742942577414835	0.13444419229970225	0.11346574129622149	-0.05651116881462622	0.15167079648851398	0.05450430947514114	0.18789800626050504	-0.19999274969142572	0.22211049835169247	0.10300441113056061	0.11669097628608076	-0.1701200908546286	0.13973994457383931	-0.4704914695607516	-0.2872286111442212	-0.12773302377524579	-0.29392973759727686	0.023596998867143955	0.037297673863844624	-0.07267973047708944	-0.2445214647837401
DTXSID2023434	9.0918958155534	-4.411774159461717	-7.264260029087426	-4.563950765799263	7.187238135491662	-6.20174620912259	-6.130324290230239	2.706044163751411	-8.555380377387724	-0.2354601839425981	14.197268768970508	-2.370544628440719	6.255422491000835	-0.7303244807507067	7.499643523955808	-1.761839035591974	-1.5613994638690087	2.4543566462142814	0.6212962969925776	1.908334992833375	-0.7859677981498596	2.279756944958077	-2.5326467498265535	-2.781818585659872	1.9765010222626338	2.70175677097431	0.3824768885892793	0.6729311186274048	-1.2447591109706277	-0.05407963107108386	-0.49097157704350564	2.6851477596262585	-0.1985015403543464	2.0714402852520672	1.4871528794605302	-2.6527955265324916	1.9671538431146354	-1.0281686420224156	2.386177851745647	1.2563727298888865	-2.3016904318620397	-0.5272970261066283	-2.1147141393189104	0.461673017860651	0.23321768860750616	-0.5610887927214241	1.086674021274564	-1.9254581238194715	0.25834711087946327	-0.0072581347648406755	0.004986998726582142	-0.8140560599719504	-0.06109557468362811	-1.3866419464821529	1.085592372242625	-0.7437235492151313	0.04804907656791272	-3.1259317176117705	-0.495052296017042	0.9248554288180745	-0.924527038985909	-1.3653969983336705	0.7567897675306712	1.4259771363064824	-0.07318898986356749	-0.046923653987953035	-1.7357123441859803	-0.029212836514347106	0.6284050889882552	-0.6126822826190005	0.08779518687736076	0.8846545658181822	-0.6619522182294538	-1.0810537768148314	0.00871450208162772	-0.06498462446645316	-0.5859506377352829	0.2862742479970724	0.5036180898360372	0.10749436888839567	-1.0868455995183863	1.2504661391504	-0.6161516692500519	0.31564952191563617	2.1423926500997488	0.7362173669007098	-0.7519135178850587	0.7364530465805581	0.05750879471879255	-0.9803755252938295	-0.7878828802001252	-0.9414039309171492	0.6177182541476058	-1.0765560399570515	0.8452638487285883	-3.3227863587678113	0.3842615173297555	0.07808712579977808	0.9707003922106084	-0.812188856656298
DTXSID3030056	1.1014462914289327	5.930861447619205	0.5356248450155052	-1.427311414281301	-3.9854453108432666	3.410018914474789	-1.0876479942098587	2.7363758694192106	-0.4924558017320891	-0.3915332070686209	-0.5321865207220392	0.03677943219950231	0.3383285696182939	-1.3236687684057775	0.20381274649160058	0.4585408717741596	-0.2943730350028307	-0.17284803368814827	0.42367967571184206	-0.8234294148923367	-0.43040806325656067	-0.4197106389427845	-0.14698169163774993	0.06340658634058954	0.27025133149923397	-0.7698826327947048	0.0199731054806195	0.10373777184955066	-0.3125771776801962	0.5190804618570116	-0.7078253574944601	-0.12259854686812062	1.1475629368745524	0.38294654181763876	1.0716993220514657	-0.8373648601710503	1.0400606322924726	-1.3614417553530254	0.5310210396699437	-1.1637753879564163	0.21346845387681085	0.10573695966013368	0.6455047663879288	-0.4407698533150195	-0.021788964983280524	-0.37946308290811553	-0.9770035066573761	0.7380433876722436	-0.06963916413952541	0.3448110267822868	0.03688609223417706	-0.09045208818798789	0.5768698418099121	0.01339108736584108	0.7770754269607291	0.33853187249567923	1.0304817728214297	-0.5207526239057699	0.8802811319907284	0.992488837566096	-1.2561235349787925	0.16069184786235652	-0.8516599561707677	-0.980592990734522	0.11021938659025339	1.1324621840604072	0.9184989537364695	0.6461800011979187	-1.6338024155671804	-0.1252117489265869	0.7741808617802931	-0.46361041795194563	-0.9246805289989447	0.6009397998965388	-1.3139515769811412	0.007507111434491953	-1.4390534232280883	0.229038435413825	-1.9339066021346247	0.5927369207527372	-1.4927911773536018	-2.0801306610055774	-0.8248159375078303	-0.7965806251156877	0.7091432384097075	1.681527749910471	-0.0034367777666273213	-0.10256521728291604	-0.3176176054925274	-0.33679382967632665	-0.05151722553835428	-0.011456749040612415	0.17129634861099383	-1.312780874537609	1.2422113098746	-0.3947945384962629	0.06268684924755893	0.7161583795933751	-0.20228953199544336	-0.17455668605351735
DTXSID6042157	-1.55795179533188	1.327641607174693	-1.8722265991604274	0.8763481699097091	3.402902929563194	-0.8745871625656021	0.08127549338597591	4.151087473803793	3.1290922314097234	0.25133985306890455	-1.7937968215547373	-0.836370467488282	1.1615126808529146	-0.058909972682695905	2.0148674383424465	0.0689947043780869	-0.4774738902637727	0.9922487830907449	-0.8621772454934871	-0.49810890152221665	0.13324213658598802	-2.54512573663107	0.2462951954656015	1.495300143642097	-1.8857740418006534	3.2375613545170254	-3.2787858174917552	0.6551749583686265	10.185257082945235	5.667373108170029	-1.2660704479307094	1.2331466355012588	1.6999634834021538	0.15455115423000967	-1.8754834571331047	-2.329733246571372	-3.354884955834073	-0.46143871471496073	1.320420347954329	-0.2942748897204317	-0.5149630766776593	-0.028839013793539356	0.9262782539811193	0.6571243714161634	-0.20510508123384918	-0.06003767242571563	1.149578915636204	1.3653630341786505	0.31647343098881464	0.7703130421941655	-0.01537294193874408	0.7016071551387812	1.0814800078616669	-0.18694761809259872	0.9935176529114839	0.2772088771060214	-0.33639324737346776	-0.8515854014706652	0.1557376225506688	-1.3190554873959768	0.22437161798021527	-3.7617152253671287	-1.0472245011898569	-0.8802863595433978	0.5362496054953358	-0.867644774591508	0.21305699751450288	0.03295279315369529	0.47899698832204385	1.226678290142565	-1.4490055269871296	-2.0215119267448936	-0.07994129327502121	3.9373399707211307	-1.1079393915882558	0.22293424581071222	-3.139448546969783	-2.9023072674321444	7.184015317845137	5.170857764947853	-0.298382610648836	-4.251215849709446	-3.502717523660778	4.3294956045422754	1.2584991998743627	-0.6488855541915058	0.4836520335224731	-1.7633789249071254	0.2506228184957111	-1.0161618354984892	-0.1589159879231477	-0.8579266971066611	0.257653453648553	-0.143939640490182	-0.5725480761000549	0.01794718152156988	0.3507521744319891	0.2813892392832288	0.1849165288901262	0.22246065828197434
DTXSID1020015	-3.728209290393232	0.8997504215138925	-1.6604930912770342	1.9713583594275506	2.45333780775864	-1.6214602994430998	-0.6571329372863703	1.0792389336332529	2.0780758201009646	1.76108202704318	-0.43009240107402236	-0.8120274293320953	-0.009769877673196852	-0.30050215296667854	-0.4240721297473586	1.0845729492801808	0.5069552832072072	0.36626202468711067	0.3380713293388576	0.19291315522242208	1.0244949422441034	0.5495421430742902	1.0195878893387695	-0.0997036378429509	0.9514152967328127	0.18305107786108635	1.5594763819888662	1.075662737078916	0.9186341180178876	-0.3713408291910694	-1.420608437023815	-1.6428540845399118	-2.1595406106323334	-0.5132278065172824	1.8518379490387045	-0.6670786779628453	0.18340090943836712	-1.6492058929571751	-1.5737434797252978	-0.03381547673764806	-2.480300496593322	0.4899256875770984	-0.2706287005529842	-0.14684634855995213	-0.9176754481659275	-0.5704817578257875	-1.3582494342294227	-1.2469144449960636	0.02498950284255232	0.6771487392885123	0.3550651503995244	-2.963956335060892	-0.9135804552470023	0.6749854472628368	0.93048556085561	1.5877319131075212	-0.4815789150366844	0.3503618676131726	-1.5470821447441152	2.8669124997556974	1.470703902743288	-0.22954498547283134	-1.258942554967533	-1.319957434168412	-0.2100799413163158	-0.21721022619252753	0.6518576584958057	0.5969504693061636	0.7707272166401393	1.0675943080184485	-2.3134052204873914	1.7109470504816342	-0.7890496033462847	0.4702916860082518	-0.5025108021406501	0.3848951333883551	0.09129788184231805	-0.15469616853861679	0.2641523561513471	-0.5987447432492418	0.05390163063064787	0.0983596822639866	0.37131063077611376	0.4090586277575527	-0.198497040662143	0.43713661114600866	0.5649042981506635	-0.03680694638113861	0.21126688559710918	-0.10938612052451174	0.8005214990163617	-0.5252026855254143	-0.052714242621828396	0.16543543667119145	0.08610585331856944	0.029661080218133264	-0.0003563538320942337	-0.2711592786730548	0.32926277461402104	-0.05299969235708359
DTXSID7046881	7.629030690673786	0.20857339846820716	3.4289809393023103	0.6018000979328345	2.284536652304008	1.2234229996207067	-0.5101409659968802	-1.8571300891349156	-0.6342167204029425	1.3296812355078436	2.1264741868831245	-0.7399178544016399	1.0914814498531413	-0.7391439567505201	2.269891258075816	-1.4851479936752423	1.9124268594185763	1.9058768095841394	0.76018326809095	-1.9869716058993911	0.9168476754095635	-0.39494163841165414	0.18104212224430302	-0.09834288308345107	1.7706178385336149	0.808617887688008	-1.6808237336455312	-0.6391450182789514	-0.45053724475888857	-0.2831986869834828	-0.20240075654763384	0.06771808557364987	-0.42185016689737403	0.5718420167841447	1.1612926814170277	-0.08086061576722857	0.6107689254589288	0.7842918289814156	0.3983403663543995	1.1314135333080444	-0.6962407934392599	0.12349254753079862	-0.45099303696378384	-0.2699641841526057	-0.36467515982295357	-0.30477271617488394	-0.24031597392342977	-1.1473792946759185	0.12298859409708528	-0.21610975693809234	0.0511491835126629	-0.3439321626154486	0.10068092703096904	-0.7596399382869193	-0.28546290176716455	-0.34731002811040584	-0.024846339636178712	-0.7227921868814818	0.2599576689489704	0.09618943229688928	0.22595182070884018	0.3941082922407752	0.19403000428530795	-0.465771782024085	0.6611975847355821	-0.1797848648264402	-0.42145755442770255	-0.12454621818914917	0.07616191701412238	-0.948488949888322	0.7037302264954146	-0.36966412792797226	-0.7425284626383104	-0.07147855081568356	0.2672473308588924	-1.1061874027687202	1.0507408750224994	1.2168295530165416	0.5446160334149636	-0.35095326614521777	-1.5019564908459946	-0.7766865474471218	-0.5572832832231132	-0.032746658424251396	0.8335327335871258	-0.11049119246740188	0.2772540849551599	0.8717784443959609	0.5861778711926259	0.830073523503153	-0.06718945124275659	-0.9439100759866864	0.36610542902489734	-0.7281115196317499	-0.05445704566761621	0.7397335639841435	0.17484523527187545	0.4030374629686912	-0.3651631618302409	0.3226359770129921
DTXSID1051939	-3.4508499799695755	0.7564622337281026	0.537630608977924	0.046454051013207175	0.4835885494754183	2.7449068688418055	-1.6369581892533076	1.709517957746066	-0.49370178462549913	-1.2812979970405685	0.7772798818761366	-0.10671400393335226	-0.3194956959452144	0.3029729089460597	-2.492866303867266	1.0438480566168782	-0.6730623936761233	-0.4257336959752285	-1.7190467498997777	1.1803396289202228	0.5417171095435132	-0.2979387626137933	0.9768486534891557	0.1424898978790855	-0.42348203567763026	0.5323405711777174	1.4302732950075712	-0.8432596556450216	-0.08652251185268832	0.5281526057681144	0.5341688737412764	0.5736800864707924	0.02200184388588465	0.1262131782600862	0.5027684932540035	0.24148681197765606	0.3107379377464044	0.32830554385439864	-0.14537517637455302	0.1766655009709593	-0.04728411464627242	-0.1212291912464414	-0.3103199941264702	-0.9343415942477618	-0.4325362037093698	0.2350779134832644	0.10441087065809347	0.20998037504678965	-0.24881409460907775	0.1773285647434717	0.019104672290627747	0.4828408953155647	-0.07690388242788285	0.013859999275659873	0.26491134092267676	0.0635022766978946	0.5246144714106376	0.34331172071681815	-0.7076471549842014	-0.6755289994136868	-0.07284032946070892	-0.4608698597107432	-0.05123513444725296	-0.34159435925022474	-0.04240748550526453	0.44696690892992996	0.4427510129789473	0.07588013673475709	-0.20258107231111394	0.11241732935000229	-0.26289190191881906	-0.030752960868598696	0.4903970506468934	-0.34840401173504865	0.0037185133918264408	-0.27781215390313707	-0.033019970619979085	-0.18587484690071127	-0.07578960523627394	0.11654633673107272	0.5245167930879683	-0.18612100462319853	-0.6373878053477728	-0.5857491748525603	0.41372282214066586	0.22622483831481122	-0.026830954887776464	0.20348384378176532	0.7297183037097941	0.0653707828795627	-1.0017418591682525	-0.2839538378524615	0.9039632698832425	0.32462396729368076	-0.23098684429254548	0.23426456019494823	-0.06113549090600035	-0.3117035694209995	0.31186091053100695	-0.09698036412309137
DTXSID6029171	-6.81002879771329	-2.239859139339202	2.3205020198590884	-0.15734818382056823	-0.7025740910721098	0.5672541579564139	-0.3907380585361784	-1.086708853800886	0.9068085003718912	0.1389764990852118	0.22515170797451065	-0.4860097819766918	0.01630779639636229	-1.1798282008434722	-0.5762345434514201	-0.04575684161436385	-0.12432714188068693	-0.3405913316283318	0.05345973111326811	0.5389669221179479	0.006474077437996087	0.2480743784743961	-0.5653760633008095	-0.27683439194111237	-0.12864242182888588	-0.4902297271905387	0.4034403892701125	0.641534145854229	0.25088494713141096	0.18969594168027357	0.6763843878409354	0.2630589425387236	0.4976996521990072	-0.2963311834372728	-0.5719553079387388	-0.3909318710517292	-0.12421197631047043	-0.8803106463538085	0.05337971845580605	-0.08763906579384305	0.05438007436722335	-0.15813187004316026	0.12923700481800782	0.447112322460224	0.39897091964992615	-0.16778320042675987	0.04193395114441799	-0.2796853529500657	0.049649054712532954	0.07450542733962506	-0.031952958114126025	-0.45506998995653497	-0.018201006825552906	0.15787385117977557	0.11469886741345625	0.1022533555163371	-0.1004787152544764	-0.25451047721165526	0.12644345602589707	0.3694043860113348	-0.3639198300163671	0.03158702872404193	0.03664666568223527	0.8111724947195327	-0.48361705118587694	0.17252446340313568	0.5182360678000196	-0.642293765793565	-0.16226169701309193	-0.6605122027690541	0.19479852623078492	-0.024543253287986018	-0.23951846475988411	0.2662762190797193	0.4197901545405811	-0.420182058682032	0.016690965087677923	-0.10445801677924053	-0.025721400271259062	0.1729856992115483	0.337694637890748	0.07772865585123984	0.23616356562752802	-0.058462720160837464	0.20784021478839002	0.06346448896760347	0.05231450670955826	-0.16908158515031196	0.3072621110510418	-0.06574971904064471	0.22865372248496144	-0.20895980644852394	-0.7869148419650365	-0.5216670773474573	0.03264845789369036	0.021119163644049765	-0.043327822693311535	0.051627823311447746	0.006949732785107282	0.2027224506105984
DTXSID7028013	-0.4066024198240483	-0.28501051040158776	-2.942170154974712	2.2813123787941088	7.56546396938333	-0.6620681166287253	-1.7020581364974632	1.4889694466806895	2.7346681706387685	-0.6562822733407666	-0.8550377936885061	7.459362442892698	-0.240923004329562	-3.4702699493366214	0.8286438804784048	-1.3191837087112035	-2.1934934962502526	-0.2211207840640633	0.9357274674195685	-0.031104389427655383	-1.429830744882497	0.3658115314943222	-0.794089856040035	-0.45380457578274114	-0.12210443459458206	0.31410002254621755	0.007002543100251014	0.38914600524690923	-0.4779982688958514	-0.14208275378057558	0.5919450649570128	0.10610595933586846	0.6883672773512425	-0.0008182046525702036	-0.3175779271371761	-0.6244110208795937	0.41751891726275836	0.5339573094800372	0.00519753292817064	0.2866927513875317	-0.23414309126017807	-0.041704554139507855	0.404639927968447	-0.09694096805522902	-0.09165032882220722	-0.24167786091456772	-0.09675485410883997	-0.7826533387257641	-0.0009161222461502741	-0.3068233990097199	-0.09882996967463535	-0.37296630086497684	-0.485995211251699	-0.16846262611966212	-0.2607079791724913	-0.07751556726518885	-0.3677387396069217	0.2660871444742789	-0.16380024598417536	-0.045693604707624805	0.3700534900861091	0.25545780746589	-0.3471700586538308	0.4748978058131844	0.25632617554489334	0.1023696409719951	0.3426398291703159	0.3202554104679544	0.0773822330573349	-0.9018748522054092	0.5758877538834741	-0.9676189221379493	-0.5915815612475873	-0.7337157793922624	0.7345579046272568	-1.5891796829533922	-0.417199469816037	2.7224849268852007	-0.6455476637189019	0.475264061349738	-1.1755789271535741	-1.2025148987500565	0.9852538498791392	0.4631765862459905	-1.1101148211799758	-0.43321706548898653	1.8056796232993229	-0.24084076806128213	0.23439714488732502	0.5013421932718742	-1.6121284105573939	0.8691485233771875	-0.5781908944282298	1.395655921606873	0.30473085509690717	-1.6047385911985899	-0.6421692888810057	-0.5909100999599529	0.5762169199601654	-0.174779650587211
DTXSID3045300	3.4100203796942874	1.5790547971830495	1.5596084175225924	-1.604060803089569	-0.2944195605232747	-3.7261213951414245	0.251063703080868	0.26346671493069784	-0.06335893616229879	2.2762450038077624	-0.06526126500738307	0.18248779061034215	-0.5707502165621292	3.0704774136649027	-0.9072126015815176	-1.3338468839452793	-0.5486275873125686	-0.3650376010116935	0.5491340211249331	-0.10919918413777024	0.14027597803579292	0.20785006978267132	0.3080821809738158	-0.5234015589250457	-0.20441920746442893	-0.11223024835168881	-0.7097217446907832	-0.17789164293453158	-0.10964010692151262	-0.10484196038413975	0.2729586041725408	0.27488808421224836	0.28562156454827736	-0.723078365857889	-1.2051084194826434	0.410974660230631	0.08631720501420126	0.23520631991863147	-0.3184806235054084	0.0768266701345675	0.24362737638703183	-0.37291155946676857	0.05749771007884222	-0.11257030244495587	0.05596285589298253	0.12560486856910028	0.054659094019576554	0.7326690125571612	-0.057741400956449876	0.052792282052840464	-0.3888513099220008	0.10189656390554865	0.14618184275728577	-0.21003480336878189	0.03112359581305942	0.22055925314158917	-0.18788038528370063	0.07157090125449313	-0.5164971641169525	-0.197917244551387	0.16606933253845566	-0.17434325846262552	0.23751713392435156	0.29423289798079993	-0.16221117981317218	-1.1915647354107017	0.41741585752482546	-0.06817999735778103	-0.5033054184273289	0.2804959499688008	0.3524940345789483	-0.08917456577309144	-0.40802348668808575	-0.35249410844090473	-0.6267256227628625	0.14386497160032935	-0.2795208362569318	-0.1847441388245335	0.26186715537250066	-0.30889104141150764	-0.5546094055833841	0.17703451242543952	-0.2785545488387856	-0.5580833139362061	0.3681011124832834	0.3115815079461101	0.5013609665036431	0.0742955509048308	0.03583375672439471	-0.2811826007693565	-1.0503251217269356	-0.16871748236359765	0.14383342476019859	0.03131307290806118	0.7338780272274449	-0.25478175515642704	-0.2444856128325571	-0.5870964634909778	0.5224630605502893	0.4573795246527602
DTXSID6032647	-1.4071037378430358	2.6983416580488013	-1.2381915443930995	1.7273120505102553	-1.4757594848916578	1.5792544657004235	4.1311889239336494	1.0117826309965148	-2.8350097578108495	-0.739581924289379	0.020582576309203716	3.1240179909094614	1.2070362413949551	0.40654440731077257	1.8174629897059178	4.7415463389148815	7.5141872739741	-5.280412977494123	-0.4379672552226324	2.084219943672937	-3.8295760179297136	-3.273876776993709	0.5031720198425499	-3.1961605975447545	-0.7140335378593471	10.209083451734433	-5.040213735152082	5.340004696810141	-9.765095498863424	7.943901802623351	1.5209119929140804	-5.6167973531668425	-0.7377366337257796	-1.103790560667954	-2.895431919721056	1.3654792410866903	-3.2984450261178226	0.3343616964376693	-0.34841280959210663	-3.2276411951539434	-3.9061299570462023	-2.2108796554509564	5.051711530033275	0.73544078074447	1.1840297841292398	2.965575066600573	-1.477348704468086	0.736550339908	2.217279855221316	2.6759524052817207	0.0771548966189134	-1.938747443180709	3.4888159604269235	1.9859020961718357	5.774221902109581	0.4471872383665773	2.3815732694694702	-0.6136122020590903	-5.4442743743464055	-0.8159900859793867	-2.1995123413437	2.608911826289444	6.424388310353166	-4.3754085078593405	1.3895786433854165	-0.060272601459229164	0.855315462187268	-0.21494413874491408	1.3167265192929312	-3.2472203240454958	3.077631235578793	3.8542918773482917	3.611453374831621	2.3074563109891786	2.3325878825517408	-0.05286497096331186	-0.3024733199766415	-0.1588057282628742	0.408665294376986	0.3082662078873121	0.22708311787926672	0.4403866933689911	-0.21563989012419418	0.06360307146545756	0.09928155540521319	0.3415451055641325	0.21109369680921694	-0.014175270786515306	0.3576156765611051	0.24521579856208872	-0.3683376890153696	0.1335068242327494	0.23213064935211877	0.041207921865982294	-0.052314961385415526	-0.5407055776983385	-0.042069082383071575	-0.2972060642496935	0.1735534867082995	-0.4094459116501519
DTXSID9023548	2.1306411776651504	-0.2765118570238832	-3.2626002125559403	0.29266027238600467	2.440764308532173	0.516963143820765	1.0872768533393244	1.6649381858087442	0.739101406605135	1.8471746665833655	-1.761656705053656	-0.9859129501087539	-0.15831390894422384	-0.47049424487826846	-0.3861052433016698	-1.9392787454181435	2.622944199327954	0.24034298088948403	-0.8219259813848595	-0.6070889588323982	3.1103126641182937	-0.25671153534266505	-0.4113927172746924	0.7385616267647566	0.3277021839325391	0.7335770316251707	1.2177794536475635	0.014642385827079383	-0.12361322201440034	-0.5523284597796114	-0.8366988130869342	0.4938630568049242	-0.24653026256015428	-0.8601460174004674	0.16127066622643166	-0.3629054798861786	-0.8442579195472556	0.20162437449111154	0.053255155105872753	-0.46262243184342244	0.9891188984394393	1.5981985476482097	-0.05661468416959389	0.21716684919956672	0.12339076153123033	0.28082394032823	-0.9750136663383793	-0.26424160292288706	-0.11636179347867256	-0.10745609382282661	0.115520697726026	-0.3117274959356828	0.15158629453026065	0.6500894168083676	-0.9804222957457871	-0.6343420034260078	0.49480831258127334	-0.12791772656137165	0.1181867788145497	-0.16220560231277634	-0.5358599125496053	-0.13913181247971043	0.2937183615100754	-0.4498162031790495	-0.2314851668301689	-0.5934438488199271	-0.5132297660714248	0.4557313681751673	1.1389379597486422	0.6572785656876566	0.13709175464555098	0.5296762619388877	0.07315214086702354	0.6121723308526449	0.4696497194138813	-0.2589080841248763	0.08982711232389819	0.7167575744822516	-0.7431480037390307	-0.5081281627561492	-0.3828589593125244	0.06861782348021081	-0.3695909735502391	1.0088792053605937	-0.7053776840241994	-0.01771153663615409	0.27212422507486883	-0.8123005776213719	-0.6232032477198142	-0.5386620584417896	0.2251839128246544	0.9334860384721714	0.024288842058681634	-0.8999704142452586	-0.18975205823082908	0.40595065921791673	-0.6723774629377751	0.00449771376643021	1.19493672329079	-0.8458179685477136
DTXSID7023980	4.4271152592985485	2.651489337067874	-6.165320577469746	-0.10113535224879279	5.154291379016295	-0.9348063363978905	4.187812170676328	2.160907396533759	1.6954146957261202	-0.6586814081205562	-3.2397843620609827	-0.6896379512823065	1.7020357367246384	-0.05929144181482579	0.2195762474093218	-1.207880736727842	1.9014133877189152	1.1019943784268473	-0.6713158675452577	-1.0250135253301105	0.3909092137210059	-1.6753567588592813	-2.795152609778994	1.4024981801467138	0.19708552781896604	-1.1603476372991246	1.0871892979417366	1.0263293768765134	0.40873031609905336	0.6326590828341456	0.16688092276313501	-0.48521157878707083	1.2396409850842331	-0.2535955710776556	0.4946587188077717	-0.26007667476384017	-1.675813922545356	-1.3743845296704917	0.053862890877405485	-1.423027346572771	0.07321990100434346	1.0808171452311064	-0.9397365928459308	-0.7683818418932551	-0.19405597564522525	0.22076312290588815	-0.6481204160337221	0.40526389878613867	-0.38103161348557896	-0.8400218497480172	-0.18820088155744336	0.12688988848330243	0.024346971948924757	0.6050312026852891	0.9568742943913493	-1.3698358710308705	-0.10685665622803528	0.03126979748871505	0.9606755434686436	-0.5033851020530685	-1.204761901513903	-1.74760795355252	-0.9967167791583428	-0.4715941843972336	-0.38009502536943424	-0.604771340298141	-0.13310334625259101	0.7050479318121756	1.7609262866616417	-0.5584198304342786	1.117125730393046	-1.2820486486738296	0.5638336600311903	0.9576445838512424	-0.6027539912620812	-0.5440068347289174	0.5164693595081209	0.2727780901324795	0.5692131236136685	-0.9967372905821223	-0.045028029277222166	2.131875049515208	-1.173476255732767	0.13422530340926486	0.6750103235137465	-0.16745970761821857	-1.501790681836452	0.24462885137877038	1.1694427027882373	0.9685589801167943	-0.18251834594388422	0.3516845091201393	1.3934524668634274	-1.745814197599686	-0.8734718990457468	-0.533607477498196	0.6787388498007719	0.1742832133087791	-0.1290930693242123	-0.1639444840020127
DTXSID4020826	-3.457295177294721	0.7367596532640776	-2.6325439789124836	2.1732833927602773	-3.244403398861674	0.7119897504274982	-4.850941142130905	-4.860064990218697	-3.395958403486037	-2.2235613605993847	-8.170565964040973	-0.6500028052021393	8.342966070168854	1.495534064124705	0.8762213178284812	-0.9728079005662768	-2.968225129707843	-0.013763182920225119	-0.10928172555232658	1.7148853415727383	0.9015799873804992	1.3591965197517477	-0.13164819121479998	0.06678835080503401	0.9041178980234502	-0.06560217133362882	2.0762588504711443	1.1964002407137384	-0.5196399240744299	0.876070556112199	-0.3231263240432742	-1.2043301588560873	0.7646221899861795	0.9981446828267836	-0.5707651896354969	-0.5385750733170818	-1.6525028904851242	-0.600060993538221	0.33764221001479233	-0.2987696445409719	-0.7368648299769615	0.39493878985275604	-0.013718211635620077	0.29763257577776564	0.19516263047464913	-0.8172109773140032	0.58346501528632	-1.0941717609866621	-0.3698574945995923	-0.1365988873449653	0.35149898440421845	-0.5121564884060784	0.4813586504986304	0.41913398638028315	0.25052137722533907	0.010328333336966755	0.4256891730084608	0.12559386801504763	0.7347251775364548	-0.11852514349754784	0.014981883626574946	0.04261741763172964	0.1905571674874275	-0.4444417633654723	0.3211385738258377	0.4677832415217321	0.25621452171268577	-0.6232671307811604	1.1081264435083071	0.05263095574734682	-0.9746697487317623	-0.5003548177421637	1.1394195292159235	-1.6014061195833444	-0.20080863899109536	-0.2783335622043134	0.4771392191395181	0.038991424829506786	-0.2563293840065562	0.5984315470692159	1.2988466182824896	-0.45293126553541735	-0.026630226627624962	0.3460761592437876	-0.12598034842888842	0.29535027148843324	0.7459203032588002	0.367779091256525	0.6562735050814966	-0.37529413493802644	-1.0062585513961304	-0.36463269702199963	0.8364346033877142	-0.11150872794960268	0.31879359524579143	0.09545167675586154	-0.9035585242086782	-0.7353015108554984	-0.43353144892890794	-0.0024244599449005652
DTXSID8027329	-4.024659994637433	-1.2185106750737869	4.202031052139864	-2.6872378652928752	-1.0688762940374625	-1.7246551263061491	0.46268432885594557	-0.9546473665835944	0.9095317163266691	0.3466323244570418	0.26744727898068615	0.23126766882977287	1.1638068622329272	-1.4927167827537107	-1.5602503222868893	-0.5683776548884879	0.2665062204946923	-0.6286670433345969	-0.07077702252902011	0.26024430879243027	-0.2283517083316725	0.13290245559935807	0.5540109021640991	0.11171071021681034	-0.6271299912480389	0.28879181346164445	0.8378861907636467	0.45596638842601	0.31166831156915936	0.522880413358602	0.5847376694688231	-0.5031471101401687	0.34974589551891316	-0.23102416954188748	-0.20720365110654757	0.2895573528222925	-0.09543595769191102	-0.3266571681824216	-0.2886406658061384	0.27209596315730444	0.21814015660713024	-0.08665562380217517	-0.15172116355605178	0.10733674405879437	0.004572892459851645	-0.18885524020498046	0.26110677316064457	-0.47156016845829574	0.014604440136711085	-0.3190099335195272	0.04666260811440019	-0.33917697416439413	0.03242314966167577	0.1989892379942614	-0.10623350945186993	0.18824414591040306	0.05065723569415831	0.0782956460028553	0.15099675388497175	-0.10032076097516145	0.16165913187162487	-0.10132347896820709	-0.04607238439092266	0.4922860149690705	-0.21489016184454598	0.6269708301583972	-0.04011744475086286	-0.11842989479213012	0.08544274281970139	0.0784683060488496	0.35328001049667984	-0.04783011160248589	0.10764250984252927	-0.11739707143230299	0.24054476911406852	0.09115010893916786	0.009629501351936496	0.28409364272991505	0.47721920674133195	-0.647645959102642	0.5678122340707406	0.16309268138095084	-0.14106206919353115	0.08342513188258792	0.06299366984929246	-0.24540736613876393	0.08198261846185922	-0.3317749970779773	-0.23509008239409274	0.23405876294880795	-0.10402816858676961	-0.2884286311414315	-0.47850139431585165	-0.2222863036198925	0.057039969560108914	0.013079443493075374	-0.12506036587350686	0.1354745843828954	0.19386829480478374	-0.06480231250045089
DTXSID8021563	-3.3883274625471707	1.4419992553908993	-2.411747520418739	0.32455142943775483	-4.017326162544243	2.930351455676613	-4.525750192774302	-1.9423393496410484	-3.7629230168284784	-1.118100161116271	-7.149287712636356	-0.377177999075491	8.512459662613718	-0.8512103354399454	0.2315732004465726	-1.4252240604338315	-3.446229096694489	-0.8472689972645817	-0.8038189669735262	1.3440376148876323	0.7257388812067901	1.8103255325807184	0.025495938468927924	-1.0135318579537524	1.0080369652979377	0.43741769688313714	0.27911769194573904	-0.29114897125312117	-0.31446488834057956	-0.7392840340244264	-0.5255831299109253	0.4610895432940996	-0.43415165756166246	0.010966296967421105	-0.17099184884327578	-0.5885619660838615	-2.1834334827529585	0.21800124628889528	0.11215954506939227	-0.10748586541276106	-0.383396321205077	0.31005060990342304	0.342632311071357	0.013260593550609545	0.7286066772460464	-0.31036868207370977	-0.25875986499786224	-0.41766788901354834	-0.31394670739456915	0.39849981098603937	0.07681631180545889	-0.4697334398203121	0.5434790749565065	0.26807956474583583	-0.22906079482202357	-0.023916431354516626	0.6489817916572769	-0.2027861967608507	0.26483692072146103	0.25948773764129224	0.31924263972415456	-0.07674648291956583	-0.41201141898573	0.920891433141323	0.507763576242625	-0.4949025680039208	0.40367777730835724	-0.5109032086988324	1.2947293798067494	-0.5725220639425361	-0.2706273677954976	-0.2488415682135793	0.6778400361578661	0.16043043021109568	-0.4494640939625556	0.29408557842664024	1.2280254086873172	-0.4444183219690393	-0.3394167307151935	0.49349431004449734	-0.21711803010703798	-0.11003106533330156	0.6859122572844805	0.5262864195480831	-0.059068764771087974	0.38983124983774514	-0.3338626906883495	-0.3979878669400548	-0.1021130977403382	-0.41344024707865046	-0.25689304864545126	-0.15982591999750162	0.11441586197362759	0.28063360200413523	-0.794391281383061	-0.6660353807149217	-0.10875749303279562	-0.008531466535987263	0.21269632131182575	-0.04905086154987423
DTXSID7026520	0.1435574366553376	2.526540651784849	-3.8979962916749216	1.6001837573187392	-0.9622746709255722	0.9733486967560422	-2.490778986241064	-3.4230277884504487	-0.9984161159738988	2.472571381632695	-3.590282747997488	-0.259073781713899	2.9651295124199715	0.931820103403753	-0.6006875804308576	-1.8941515045921478	-1.458919758698569	0.018112508819850805	0.07402327036336616	0.19991487315371653	1.4254587727938666	0.8478285872591967	0.6841260343471653	-0.8494258899408303	1.1715120626539073	1.1797984262673453	-0.685187395950375	0.6174456550706039	-0.6187096385990671	-0.3067260855171016	1.7383142380190226	0.632123753579585	0.04511251333920778	-0.2299369966688239	-0.4380608790548654	-1.1462482562077576	-0.339278792395222	0.8304011569645527	0.24035783182970788	0.48794936229926805	-0.20858768041970457	0.4578534770285582	0.18418250638793401	0.34832699788768023	0.08365330938021144	0.07021366857083684	0.2921772481409171	-0.42982431957277256	-0.19468773310709644	-0.02512410109600641	0.03033248875770142	-0.1890559548345837	0.06453522302214415	0.21310009606032562	-0.34062841012577577	-0.28585874480263895	0.3651629442559572	-0.19992572317227442	-0.5111994051057653	-0.43026598839400143	0.7616658638706633	0.3747555822787437	-0.24474913140437546	0.3902110595193712	0.5062726020675029	-0.8729341732319207	0.2670618473387455	-0.7634762705899111	-0.2889136985434251	0.08671499356555325	-0.11505567815279352	-0.6132063887541481	-0.13927896155677233	-0.8598390584497614	0.6057722339468962	-0.5262396954136417	-0.09091415844417808	0.7666856091384375	0.22613517885251302	0.12561986057636576	-1.0422577866683054	-0.4199430920801123	0.43320357100489687	-0.2786655593973552	0.38213525969021994	-0.4150385028780388	-0.21575539544801603	0.04551138157995009	-0.27524735905854414	1.1406987817759273	0.20424809742917494	-0.5288038831913656	0.10436556200898506	-0.6006336100930484	-0.36400378221655866	0.416100378388922	-0.040008067182389834	0.44890457352175805	-0.26500611661887236	0.07701677169007703
DTXSID7045108	20.668893674639186	3.436916046254835	0.33139643958037784	7.305867011946292	1.1031394650073163	-1.9347319224854893	2.099803427868523	2.2205989835319406	1.439891502211216	-3.075982304162546	4.938844028049304	-0.9147412019100571	0.7170664428938368	-1.2536883252041995	7.757651487104321	-6.045095901358799	-0.4472140478337021	-1.643498469494515	2.57288442628252	6.876229324648937	2.6905887694060673	0.49650216473130776	0.1515235196947335	2.038472593446029	2.086966635684076	-1.970338636366627	-4.040869497070426	-1.4430284481073559	0.436058016688727	2.110694403441148	1.8175160552396403	-0.45631590784752335	-2.0532670384711045	-2.690589564272525	0.03719246648320684	5.237415729748625	0.525956394884149	-0.6431886865401318	-1.848510565373419	0.8551219291667659	-0.24151036848091936	0.8286321859638726	0.1766819309777123	2.345072847360617	-1.6521778105342066	-0.16753466468561434	-1.0935837246129818	2.2891952777117774	-1.0116853199191003	-0.3069115695053245	0.4461053187723827	2.250466531377904	-0.7544596419920164	3.3167061747755846	0.7636256700632643	1.2995349372703588	-0.6125311432848904	4.497617645872864	-2.2456494291746933	0.3539695237141439	-0.17803064842156754	2.9592878766056825	-1.5743955583560745	3.7743784117178425	-1.5940843454914149	-0.1975515327616212	2.3348355038505377	0.9182353396831192	-0.8492927208902186	2.986893203618053	0.311414513524818	1.9022746716642223	1.40101252970131	-4.3389769595644285	3.2113860822802414	-0.2152974376729702	-2.2243353726174058	-1.2589435089069978	-2.725225422776025	0.7641536000220235	1.1660288682962694	0.29928498995235064	-1.3837581944178465	2.28379874728741	2.6167166109231363	-6.163491421515738	-0.5072883200639119	-1.0963572328883755	1.3475647968394988	-0.9625461671362441	0.33436784863674623	-0.37915978805772704	2.3919172329644223	-0.7312247851433351	0.2586926946918545	-2.4240945336259028	-0.7564315533124416	0.7912137957568158	-1.0799617743038459	-0.4487893849546691
DTXSID5026097	-2.126049240309993	1.134742016834855	-1.829556298647383	-1.665346715451859	-0.3384520887374921	4.5776091265628365	-0.5302827193584643	3.6457143062933772	-2.409223663534469	0.23570275741409671	0.45568462311136415	5.586716096169269	0.1778392136252247	-2.2766382576911277	-0.9383225160051122	-1.2594507199058829	-0.6157445291047211	-0.9394591072968013	0.14537597983985004	-0.45292634424232864	0.46899378387885954	-0.1284444054740717	0.17286807035004484	0.45578495783302203	-1.1309602511841683	-0.9394862896138259	-0.07379742813289071	-1.620728733309395	0.2799689215066246	-0.3911746273444051	-0.30119777029645095	0.5912424184870853	-0.03477704859423705	-0.3959287627980735	0.05854221748980927	0.03848358374703484	-0.16437732257315885	0.324259137361621	0.4334393948875335	-0.10533276623731133	-1.1882703868077886	0.08793855517691322	0.0799402254830939	-0.6134381441432122	0.42650012823054717	-0.11111950418922098	-0.6069216623462964	-0.2261385164420933	-0.17277961209906947	0.37564063632569067	-0.01148168719693256	0.11686615125196162	-0.1502675709914777	-0.20446170763577468	-0.325610290143008	0.35762686507150804	0.5048383071885834	-0.5593037476004737	0.20790036771397025	0.8477474088317145	0.46960885828708687	-0.32977557559620874	0.17499080700352834	-0.3394225618432477	0.28660492083795935	0.4767959441651211	0.2745585959518248	-0.14049394438740606	1.53646046122192	0.05429452381204014	0.44919290556613656	0.7003958979940155	0.10704640160962577	0.38452327175054823	-0.3709970977244104	-0.9676561042572357	1.0744422958087667	-0.3310795063893577	0.2822541426077017	0.7796294736463457	-0.1679215220323415	0.9139682922935669	0.25687530793971775	-0.37938112766423765	-0.09174017085557844	-0.6386635725940973	-1.0724836731762992	0.33872801267808644	-1.3869366772869103	-1.3059747613708912	-0.26192669814578956	-0.2687895586021725	0.22052298287952532	-0.925452347166218	-0.3712485713782494	-0.03019556658588749	-0.1257514274699835	-0.06432041480466211	0.11499572144547451	-0.07587379152140135
DTXSID3045857	5.149083583965554	0.4123762295719885	-4.353972560896055	-2.365322512180281	0.8897786492630024	2.1367879943646346	3.54551979384665	0.9573239860334141	-0.12676440289027233	2.343861203669542	-2.2365515369035043	-1.05760701849208	-0.9098394253700088	-0.051365396471664715	0.17233996589419942	-2.103231239125548	4.919645707739546	0.5283290225553385	-3.2647616752224202	-1.1052201920081217	4.395151651106192	-0.4239174201948423	-0.7691317026694154	-0.143268920780279	1.6930607034881253	3.433514300517377	1.5204896173671263	0.8376272979314652	-2.008778408732123	0.38414984509245487	-1.4004601037681086	-0.4626770117860736	-1.0558777481490995	-1.3792789600272637	-1.0764949251427758	-0.7847101511708036	-0.27235978029297997	-2.142593641278325	0.2946713042189841	-0.9502958062276328	1.8165321325642156	3.1273801599978746	1.471789983676305	0.9750420960450452	-1.0940517220192694	1.7213249315818129	-1.399705928042341	0.7290306042425556	-0.37821703327437106	0.22198904648185563	0.014619769601031446	-0.27322587436209855	0.7864332450431023	1.2827774366745919	-1.1482681832087014	-1.7427046728094115	0.8169147114360255	-1.1087081056877677	-0.7432886916458055	-1.4002036019789992	-1.1475476251491115	0.5392201586704405	1.2715955283219118	-0.18188279235510343	-1.1170764040803245	0.4160076113641946	-1.445901461087607	-0.06318792946758778	-0.11128001198719188	2.088374275143618	-0.9483545133441227	-0.017917767540337394	-1.9477054155709848	0.5856070197202049	-0.3841704867681401	-1.2510920773481757	0.24854645807394338	-1.5807336563040173	-1.111872440021742	-0.3919431708632264	0.8051267967061275	0.9652574076692113	0.019294151713056363	1.2020285496911742	-1.1144056323287985	-0.7563624594780369	-0.7668052157900982	-0.6826713134386719	-0.3941900950045436	-0.9197231892949301	-0.7018060519789684	1.2385100736282566	-0.48624141270831045	-0.982186208659477	-0.7912344380618421	-0.645263711010324	-0.4902592835303494	-0.4756969374207821	0.9354107736554367	-0.4315066087855082
DTXSID6022555	5.18156390495102	4.042548127212993	0.752067576359005	1.5965998052984562	-0.020591074468947965	-2.94603789683538	2.936656671410976	-0.3918405293197237	0.36755371807089177	-1.6904915388710784	3.992519814703164	-0.8484200540355564	1.1069516314702619	-0.7394552893908728	4.061218598787728	-1.8997984911330552	-0.8026872347889001	4.242988493970939e-05	-0.8683119037566356	2.5074195635215153	0.1880435662579609	-0.6556373321183204	1.687133570495833	0.288907292980259	0.9189384184203924	-0.7046944506246634	-1.3180722501943332	0.021516043914764204	-0.7974603632124957	-1.2325914335780557	0.20375171893946004	0.18606341583744287	-0.6334143638061517	0.3928989908131528	0.1816512958910216	-0.8450208168701039	1.4196197657909349	0.40990926668136135	-0.3178703546409599	-0.5236095311421661	0.2828976005181778	-0.4920373423652267	-0.22101612751245076	0.6444098454915465	-0.5503425351437711	-0.08652957622421567	0.47233652203371107	-0.5040756707253183	0.5923813968591826	0.5645065757056577	0.2861802434403312	0.06084978923311171	-0.04709250967781908	-0.9340804878383105	0.42247386123161795	-1.3681124185851676	0.25872417220444033	-1.3422633836622115	0.3914495905681046	-0.699508680628036	-0.18144277245079948	0.3047282599820127	-0.3822955420113916	-0.5812758718381744	-0.46147743438227956	-0.20035634246843842	0.7558276471878939	0.4077388678723849	0.667556923838412	-0.2981379617753703	0.15128059633876356	-0.26190541312202104	-0.728848926695915	0.19521509906074686	-0.321642211011863	0.2957450471959427	-0.1952973467496498	-0.07123118487296234	1.996430926863356	0.6015782088103385	-1.4344459574397137	1.4809383805222212	-0.6084057609140809	0.5545310028773973	-0.6307389537688711	3.6919082280450133	-1.2137826082208327	1.3784319546805062	-0.4527443321620037	0.05534679970803157	-1.790748041386649	1.3667470995151907	-0.5719533030984513	0.5758304800490571	0.5339230014862499	1.3358873929269126	-0.23374071299274798	-0.5474182076032402	-0.16101740400516365	-0.12464303072251877
DTXSID5044996	-2.992743429555311	-3.0960159687418134	4.285401353391583	1.3792157805496479	1.5569803218956333	1.1743962232462943	-0.19337292953928092	-0.586295464172506	-0.2239806251793387	0.12305891303079669	-0.503086644930972	-0.2800997273680871	-0.47251067589908524	0.24896968746001358	-0.08061596282027761	0.49859893142982026	-0.353242501013602	0.25301874034978206	-0.6503868408077006	0.3081794467170662	0.11324099945019968	-0.12750352511049504	0.5975565153481968	-0.5842108170497461	0.5528634039243541	0.6242885451549463	0.7404351045267902	-0.8851459640613252	0.034314224519761405	0.15815134810721657	0.7426373914774835	0.785601949172367	0.22886276849357473	0.04127553895495746	0.546599713147366	0.27064571245828495	0.12121864557650024	0.5415610967616273	-0.33841058055394074	-0.31953124597447186	0.27603074532071836	0.07130133326957515	-0.6430072419092847	-1.2626243884065937	-0.3376977988748883	0.3665465448773955	-0.1674294150627986	0.5827579493746682	-0.15357135775534064	-0.031706265919804	-0.046311836469776366	0.3064308024930937	-0.19771948146895862	0.15809625694033097	0.14809343054660426	-0.2703722641944915	0.6866322956669109	0.38012660174426216	-0.29161940577348694	0.03831374190467162	-0.08562995372921595	-0.41462882514514304	0.06189057176683593	-1.2298824831888024	-0.08472487448983715	0.25090485835222204	-0.05634635258880046	-0.24875855154270574	-0.21758969256369162	0.26625020820554435	-0.37113916763219573	-0.11394722440386083	0.5730212715328341	-0.33202944216655766	-0.43473770526672617	0.3253400797330156	-0.5687836547920745	-0.4501213809320137	-0.22994819963524366	-0.44815587416260744	-0.645825248602783	-0.20348056266815145	0.11039472526398571	0.10899496734238524	0.24892752940195106	-0.36976437160892867	-0.7401234855746723	-0.44699298650199415	-0.5319077927957614	0.25194886292839064	-0.4640570706559915	0.382183446508199	-0.347857318819666	0.2868406863813588	-0.3121100888653711	-0.3506551838077381	0.14800890432357375	-0.01672344911035031	-0.45264367428254104	-0.04966134759754614
DTXSID8023216	6.626280145970911	4.844797180043054	-2.545717055411281	0.062307790308256644	-2.6705986787570666	2.4492239498034682	-3.8483727009179063	0.505753886411203	-5.45671311037398	0.8304724302501313	-2.600742512307585	-1.214423401329297	5.935080310650516	0.19304542115640394	1.7378349949156733	-1.9410383202850976	-0.444788560532707	0.0774411099597385	0.6569448568034028	-0.5419110198860477	-0.04487912317363981	0.09987432691328382	1.2993222650764569	0.016152433464443904	0.6451469324479598	-0.11484526857712321	-0.33515952021287937	-0.5047199623874881	-1.2382829572342737	0.9005950678599591	-1.147463264806857	0.09089452090242522	1.3056072798801053	1.7661352428369694	0.6079080802179687	-1.5462394350642998	1.1931298924583245	-1.0818482181136264	0.34060646144892764	-1.0180905804752653	-0.087717502582066	0.3016571935234715	-0.03440526019788244	-0.3711057312400125	-0.3365832138375555	-0.5497584064744504	-0.3927878579993539	0.1443775873777562	-0.24340913602724545	0.34917643758366557	0.0008611154467992287	-0.45405342353057093	0.698409004522264	-0.1658245100403483	0.7391566761045617	0.7786473225215207	1.3308385879298585	-0.9448030020342947	0.0768538374272132	0.7412160721090101	-0.8833262606922457	0.12404590852551986	-0.5188607674057492	-0.7878610605100388	0.33645741582070327	0.3011664157097146	0.14097213286970928	0.37580873810304344	-2.1045191052498757	-0.17347138304228177	0.1296210245930887	-0.6959856661840499	-1.058390023495312	0.006799458002985334	-0.9320127911039373	-0.13326742174519765	-1.9790538224407601	0.8397691433794066	-2.0608134131332445	0.010454385887784991	-1.1764310028020621	-2.1336242916412784	-1.9854674298333141	-0.4808119036916968	0.7895114320027504	1.8290285539629643	-0.4153869576724961	-0.8622781669895035	-0.07470403662961776	-0.35678456133799913	0.044015278518730945	0.04507935517747575	0.3049370659181755	-1.8075012236974384	3.0832583521487504	-0.014316894902938568	0.5671636945533861	0.6099059311018821	-0.3117822980173923	-0.05144890476301779
DTXSID5052250	1.1941540361138634	-2.8323375462075933	5.162220110538876	2.0492647576945937	0.5026395253317485	1.5462127800536016	0.44351665477142216	-0.8397695290927435	0.18210941980681292	-0.17703604026461428	-0.5074254415053653	-0.4017717584606652	-0.6940061173779024	-0.23852484717177402	0.38752502694394136	-1.075885166777968	0.8412265457279119	-0.6579117353181597	1.151493081374917	-0.4959409522280471	-0.01205825614776295	0.30785346766098803	-0.14842670260128585	-0.018090227448936284	0.5284755300584095	-0.7909973895737709	-0.5857165094600442	0.37572298246126445	0.1329577791154683	-0.09972201622286248	-0.28475224337777244	0.059631760724410066	0.2901626161252715	-0.635148788912783	-0.30557870689297495	0.06593328625212382	-0.8242145383193077	-0.5939913554003327	-0.20694053136582788	0.5807288681469341	-0.015291917546719151	0.27619050263219797	-0.8707323393174032	0.03951633494686193	-0.5851093653270991	-0.15866498129469572	0.0751509930996754	0.090207862763028	0.37250324449165767	0.02096076486094747	0.018874785747070133	-0.4630125516440279	0.18375706836924452	-0.04175344771881727	0.04057333627627485	-0.0012078103696890774	-0.6662870302603152	0.35886448573992114	-0.06358641523685789	-0.6725839375852714	-0.2222310632596117	-0.16364067128578488	0.6512467366938558	-0.49569574359944324	0.15566991157254925	-1.5993030473716279	-0.47668720824194444	-1.4495787237773985	-0.13188676033670715	0.3060126953984469	0.3367602013297209	-0.0022699022292570533	-0.1551401381139893	0.28241274256071214	-1.4906753802824801	0.8938816267412536	-0.7383861355295345	0.3859275737760921	0.22799829108911182	-0.3740320972196116	0.38678810937605806	0.6809999433379743	1.2499355409163537	0.049749975456849255	0.3460797860581559	-0.5493577956927904	-0.0459631454889689	-0.9036898853071609	-1.1171916739267476	0.24592613046435755	-0.6884910264102433	-0.03915389682614346	1.690783423898618	0.8046405093425715	0.2122187472259442	-0.2114348521073901	-0.04309032299761908	-0.1877980678910497	-0.826405713691146	0.32193701257788215
DTXSID4057716	4.658556576973372	-2.4498212367318666	1.1239456950866904	-2.105124553716999	4.453562524091586	-3.7446282975548186	-1.599828018882824	2.0241027375524707	-1.6939853533010218	-0.6433900165014366	1.2678367793985994	-0.7024584822171279	1.7578109908481403	0.6758113551272793	0.9850810533068194	-0.801755372115724	0.9688482206867745	0.1434306092635927	1.321270235716322	-1.0908154174424107	-0.09657492474191302	0.45102394617406866	0.9815378134766471	-0.5593201380187975	0.47255869718005084	1.1161791516535688	0.08470288473705678	-0.796253756462651	-0.09019120290491082	-0.8478560640303778	-1.041097251002894	0.7978225450473867	-0.2351268809804401	0.4842643364594378	0.643117164304049	-0.33124553305224586	0.5206465176751328	0.6856893786619195	-0.28956003801591557	-0.5999784163556693	0.31525818402620176	0.5859591923028002	-0.9120624797783431	0.06578755781583817	-0.0024585998058394686	0.14135343862653402	-0.11679603129453311	-0.7191007905862786	0.21295669970589176	0.0749259103145	0.1270741294247289	-0.12311884954419197	0.08364343232759502	-0.23945710935498776	-0.29062357691730634	-0.11098274410331618	0.16688188745613988	0.10295356465800852	-0.32953181517322166	0.5783289682107633	-0.6663051333388236	0.22550183168066545	0.4844338100051165	-0.9395280977944446	-0.5636037098611241	-0.7804592137717374	-1.1765999683080706	0.3590967778239251	1.097818764995634	0.8696022326787334	0.13120536414043357	0.2927501861580022	0.7151506756468862	0.10100005171365978	-0.7224632805317228	-0.4869164433434778	-1.0214468673853965	-0.327173579582934	-0.43724937365169064	-0.288352471173828	-0.862358773156005	-0.3937674170087844	0.07072140035762255	0.6491237556395915	-0.6444457679888003	0.4846878000531974	0.5497784317076758	0.8043478536596083	-0.04206644759688853	-0.3683139692785818	0.4130868511654829	-0.04702531540968326	0.2835050702007161	-0.35789957596256117	-0.5137688916124488	-0.18620671618289894	0.3325227521702637	0.05774991796258599	0.37532297121148833	-0.4530537075555271
DTXSID9023679	0.5703932069496119	1.3840705583791149	-3.2672222170278347	2.6035222379757106	-0.5363626533964053	0.10924519103527458	5.111030885932301	1.9633303880160216	-0.7545720261367796	0.6648638594999898	0.15086877964240378	0.41645081129347566	0.9747630570070238	0.583994847594038	1.7197472893732546	2.1785520096548714	1.488019122312333	-1.7126061521018878	-0.9799739742717783	-0.2566030470698112	1.7351785776196638	3.6713852164657266	1.1688097752806552	-0.28227289346467704	-0.25955530001443666	-1.3404042163987864	0.899753433833601	1.0884057970136118	1.8113644217875025	-1.2470510852252228	-0.22484908822967842	-0.2031183849036713	0.6355760353096235	0.4107067259596794	-0.7694437435272019	0.7453494534257108	0.7106351490592975	1.251536219285065	0.720310678203655	-0.31066719605130594	-1.3588176658927418	1.2151373762171176	-0.035174579366218185	-0.16531805259175084	0.23946596638108894	1.1049972289049563	0.8345179930997688	0.2638508362221661	-0.17306430455943986	0.4612251736461877	0.010000764237885179	1.7698906943310728	0.24034871465555338	-0.0561229302111998	0.9266252086335085	-1.0895259854447792	-0.18829179492148868	-0.18672765914286488	0.8104969763918157	0.6480671781429729	0.7724211486584001	0.45169779097911517	0.29455897915611035	-1.2134406155102315	-0.16492367339409655	1.1360332132807138	0.4845881172851247	-2.087561961050157	1.7072980698718543	0.06522099094080223	0.4843777813783316	-0.4751041530467897	-0.17102187557066792	0.62758256037855	-0.4379948030071779	-0.045611511609868406	0.5691544231579877	1.9715493467758753	-0.005757538081301085	0.13901089074260084	-2.034397788181051	0.7529936581011447	-1.6013203971457601	-0.40120654798508965	0.380711928847686	0.5392407718927174	0.35686359212090607	0.19859738587673806	1.3180048927806134	-0.7508682624086398	0.16555710766235487	-0.06940379846512755	0.1134950002572257	1.1782703259718286	-0.369528930817194	-1.4260379455123273	-1.6707705815600982	3.5167073832425904	0.9768148711234801	2.154597386994985
DTXSID8026060	-1.0073865795648869	0.3473749652713771	-3.384265048703876	0.21992280157170013	2.921593037291235	-0.5087074374716688	0.21483570352143785	-0.14455769939806773	1.5802535073565833	2.9319261777293653	-1.1469343162597752	-0.8965030660899617	-0.9165157062862955	0.3964955439453675	-0.9960703915330594	-2.2937680569096908	1.6098024000117834	0.5911417914056748	-1.1512247775239708	-0.21109639124305482	2.4074181984633083	-0.20685716375559193	-0.7323981369284022	0.17294711144905406	1.3319663990461155	0.681957120208978	0.31896097177453975	0.49023344918272654	-0.632326434794798	0.07688178416180437	-0.057721371107374714	0.12787560828567307	0.15296077072198191	-0.6877567363327961	0.157034952571081	-1.0981153324094075	-0.5447387959464459	-0.2536710638037373	0.13041391946581488	0.2818962842239873	0.8392616517240793	0.7321652326480607	0.31384340013743645	0.1790481667561615	0.11448982538205336	-0.06683482699138393	-0.7776988195706905	0.10503695426548328	-0.0948178658952342	-0.37408723437704156	-0.06316562722492547	-0.5464775391780307	0.22936015418677877	0.2898474232772536	-0.4081388069636383	-0.8289296449265589	0.3193387342770694	-0.3434220204884829	0.21152963064747432	-0.9752189006214685	-0.18808800560182476	-0.432303444998618	-0.22759453950178807	0.6027468418788129	0.4367680568131139	-0.5951817388014331	0.10006977929035922	0.502087338118378	-0.048315902302095204	-0.3824370229649578	0.6297398627099119	-0.07912378775161458	-0.09061391003243587	-0.22518739868267307	0.1146130685390612	-0.4833900719110831	-0.23262236050245388	0.910897348832095	-0.12162124695952284	-0.03255418461431401	-0.7339296835562799	-0.21779062675502156	0.16273381607502185	0.10563864639938102	-0.6130753891290452	-0.304731771780128	0.11344807099178997	-0.8204354443995255	-0.5744899405806664	-0.11357958040506867	-0.166992152736677	0.67664794965816	-0.09783324927331437	-0.5633489202736566	-0.43169034741057694	0.437381048634901	-0.3545525422623248	-0.30027306349809946	0.09188309162343128	-0.21256696155869634
DTXSID7041629	7.901659236442848	11.433895647265256	-1.1933955141438473	1.6612556720739617	1.8029399661526637	-2.384693880406428	-3.6036853484759113	3.102056400883143	4.1495962880313	1.0338034910662495	1.1725735315054142	0.2674540888872325	-0.7227497816322932	-0.8366894830477508	-1.059072168447319	2.16606290045237	-0.6497917656114309	0.9245457684177266	0.28324955177908073	-1.2657155095471375	0.47118401363671486	-0.11889732591167602	1.0063150422541056	0.10329997396461524	0.18204243710448378	0.33700290799096644	0.12252689974400353	0.8753621206877739	0.01912184266404314	0.8111332220044282	-0.06985287600993385	-1.2764982931620594	-1.647671821008073	-0.27575723378028455	1.4827041039252657	1.5275386651927927	-1.1721087377367805	-0.7332501024802007	-0.6342834281950644	0.004046292732241413	-0.9776710732974702	0.004925499882727242	0.34344377670340576	0.8473753727406813	1.4825668428585188	-1.1535215128288738	0.5562918190188918	-0.6742532773368943	-0.4114576730232827	0.5564324341486111	0.05343077408955154	-0.25810603432660467	0.640900813666667	-0.351709584792755	-1.0264276784451554	0.07434668413270203	-1.0390007695072492	-0.12084641767169241	0.3710364770435013	0.7410114498035164	-0.6884117844809862	-1.0893217076755883	0.7314576146850391	0.48978707105890673	0.4058302622975772	0.38964100302221194	0.030464481711495663	0.14847773440330142	0.3401597716022693	-0.4071325435363011	-1.4082694019939848	0.417802285946306	0.4304675985826371	-0.30456019539755125	0.9191421636470188	-1.4257306042828517	-0.7193597140669188	0.723232112142818	-0.7905250341779423	0.23853503857385383	-0.8388400170090793	-1.2056453818891328	0.5247156813390449	-0.9248571697120946	0.04256632617817473	-0.36641770721004163	0.7488767210313091	-1.1663236602923612	-1.4671166578716106	0.7662300801389444	-1.7388620052626957	0.5264845348910382	1.1553202337289534	-1.642161328965414	0.6608265905646099	0.5806780943626128	-0.03402982973021457	-0.08994242462359252	-0.2686605217896201	-1.1852883829490712
DTXSID4025111	-6.333093690006772	-2.5299756898714496	2.7359047311795037	-1.2552377563671866	-1.1624445642546886	0.007123234919561486	-0.33159136107199066	-0.7805558647624914	1.0695726152401563	0.49542600823978	-0.15314713228356924	-0.2732735363160255	0.25065545574864756	-0.8954211595269352	-0.1493019948187215	0.4144278582423637	-0.18313240062852137	0.26731850282131964	0.01621463510105332	0.022493972511574194	0.03443642207517049	0.055396578911926286	-0.8959145682376173	-0.9054660383622083	0.46048341632232204	-0.6786695703763305	-0.5063936775634511	-0.3563803740131291	0.16977691445407114	-0.04631641956607401	0.0880667893719221	0.4384101378245227	0.5014453758660059	0.22370251980122766	-0.1902979720954113	0.2965849522681227	0.07402156865295972	-0.16113670992887338	-0.3113363477501461	-0.14549594403433655	-0.02104499043035905	-0.3377077381904375	-0.5453724464790867	-0.6416882783114052	-0.20170376779560237	0.31476478209739034	-0.3762003746415617	-0.015616626143318315	0.18716297330763487	-0.08768367720406729	-0.08686429075643223	-0.2699966642700989	-0.23309579993094653	0.10013643442235193	0.11922693384022218	0.413374636802131	-0.002715400185109819	0.3086770305822512	-0.0306601853666994	0.2862153198025307	-0.3988234112563834	0.1647509548118063	0.7218851798272131	0.057553343000153696	-0.40343517679691676	-0.017087128847993304	-0.3965651519547067	-0.07988994348573147	0.051248258702858825	0.7662944883848247	0.4363574192614279	0.1990999975778567	0.5260996044573267	0.021384520509714927	-0.23913143532433506	0.006821053956808695	0.10334703283294522	0.04997861237371421	0.19808995345368988	-0.47961111003047596	0.41538233973913685	-0.873229543349626	0.03619432373703274	-0.18708089669101205	0.27656830930977727	-0.033642932813610395	-0.5725981934854183	-0.3416695110674527	-0.4220984879839436	0.15732170930173806	-0.5341267177051771	0.48506387412794993	0.28310890768414654	0.24454514547431155	-0.4695365489944122	-0.037295424436857384	-0.004117476264696857	0.04845439337955028	0.012327232818041853	-0.1648431457334083
DTXSID8040436	6.744017096875888	-2.819498952822247	-7.4084090551666195	2.994173136367542	-0.3783850640314468	-0.6719331972795075	7.54141282515177	-1.048336278245966	-2.099007529853899	-1.7567831936071596	-0.9432088196590982	-0.3563608395956093	-2.19531387517964	-0.7249305659043908	-2.868693841547311	-1.647588794360386	2.9601723239813547	7.989633970755647	1.4534798716073494	6.691517360477239	-3.5786929836402583	3.6521544776112758	2.53282226090963	-1.0369048935357676	-0.7714264272696283	-0.4214118327964714	-1.3158831233113617	1.236556636641599	-0.9175906292793891	0.26104026422647564	-0.9757604240355311	2.2486865018686704	0.7140243589711346	-0.6295222566248138	-1.401986257459639	-1.7142298064438697	-0.8831786797497431	0.8344009813832681	0.8142379715338023	-0.5813536504523676	-1.0795539422339337	0.6481695392918639	-0.7202905868401511	-0.7830476999350772	0.6726923296034301	0.5919486087758749	0.8484380527737878	0.6084978650839086	-0.15845927335545587	-0.6408999640043371	-0.3473467373751772	1.0749244931623276	-1.2516200674188198	0.3033829521968178	0.4303510702536528	-0.5552412916794736	-0.6301431562911377	0.846494145453177	-0.9965899582373846	0.2991861750666403	1.0920555006402028	0.14096352189714892	-1.0420620943628958	-0.0630949936951314	0.6830244274331742	0.3063461597088866	0.08902211850099653	-2.0139873186113206	1.5462944422866505	0.15994560056632673	0.23266393820573442	-1.8270175613534347	1.2908994866438055	-0.7418599818573055	-1.347769406902089	-0.15345496254890117	0.2737248396759515	0.9897360865776044	0.004544823546937504	-0.028301070220131796	0.595111450267595	-0.7345824563782717	-0.8657926550471926	-0.6940007268746683	-0.07990421078920742	0.43762481561509464	0.14237080580847208	-0.27307554195932965	0.2586743801086217	0.5457707605202279	1.1359889311024012	0.3533043367011913	-1.0721363205526253	-0.19867691516595562	0.7265642668927242	0.6213191231142245	0.14836846409086188	-0.010166334841779968	2.167770546951698	-0.3436310502276482
DTXSID1046132	4.138970941510023	-3.1141713821806407	-5.474166696135732	-2.8181683024159794	1.8635428618360466	0.2951538555661411	0.3687874000589321	-2.006016045867623	-4.025583811232335	0.2761938052100427	-1.74624114242791	-3.061861956159816	-4.186445708001155	-3.773674487098053	0.6716382359648334	0.8161267604627473	-0.4114077356271587	-0.8048006470967878	-0.1293323205839826	0.18702664223726725	-0.9230545789190411	-1.0990376674913283	2.370753003123731	-0.9984947229790573	0.2699033132325572	-1.4769342853250116	1.2267988855256506	-1.2585894492669483	1.306621136721866	-0.597396709064164	1.6901043409552619	-2.076176915186164	-0.3291285701460799	0.12408559129443748	0.4952796058526414	-1.1737049863073719	0.4245858245093937	1.324343885263931	-1.5547576496809543	-0.5781228653800424	0.6970957579963816	-0.5825372524927546	1.4009741873891095	0.8565803368289611	-0.1708784862793631	0.39624774287177855	0.20525335010224177	-0.15094642063690167	0.8468140179672028	0.5837337467821172	0.5610921450878065	0.05587395004500087	0.2664928752554078	-0.08791632769098102	-0.32895804745367074	-0.2658082081583982	0.9529995507197914	-0.6698994030808044	0.5155292068927287	-0.27593956726352165	-1.0405170897275033	-0.41519422011350243	0.7141345533931236	-1.192029052838776	0.055922163475787504	0.17459137001611677	-1.3797733612239056	1.057792703737379	1.032484346278619	0.1651509366247783	-0.34810152755915447	-1.1508094704898395	1.4530431914485349	-1.4623718110045165	0.3238855159637911	-0.042635668184204924	-0.04228812210308274	0.19181937697225318	-0.005623947183621582	1.8948306312164482	1.7265774988459361	0.06325679615991385	0.950069503979852	-0.08519079737958499	0.40163488882868453	0.8581753287564241	1.5501161975484563	0.9352464545665534	0.16598384399547503	0.5933240644129838	0.6819510693051873	-0.08540387432788137	1.2352722944496166	-0.6522380266487484	1.195751855356348	0.8658143672870878	-0.6295803243158262	-0.41645225103967126	0.7355459102806274	0.4243519495471027
DTXSID6022218	-4.5620034253872515	-2.433687061966745	1.0515812497534696	-0.6949965891492208	0.7293367298221393	-0.5888618011341786	-1.0198637582301706	-0.2912301543626799	-0.29058569657765065	-1.3205302259840868	-0.8138853515680613	-0.2012278474175555	-0.8045623524197596	1.1910744155056585	-0.40307131103266625	-0.17028683466719743	0.5441130368733764	-0.27924877028874084	0.1603979489723906	-0.3959832753995774	0.5659470494927005	-0.34654166705655703	0.39188093047426825	-0.21610337696009999	0.3089919847747914	-0.796886384182592	-0.9174502431946239	-0.13292919549510526	0.027559257908753857	-0.16617438846910154	-0.11112013628845109	0.22233058166890665	0.5085683868187887	-0.2988008309605674	-0.6532360894392898	0.2651095165993237	0.16309385690573822	-0.08440431391552185	-0.4557916095393879	0.0012353733053890798	0.06721227578191467	-0.38007266491079444	-0.4501453233459081	-0.0929533840845175	-0.46557541048579537	0.17459797229869317	-0.01869542738197432	-0.016417903111902894	0.05166370100701068	0.12443720056380733	-0.13749715370244217	-0.23764665340970212	0.026936909178239123	-0.073856417145356	0.03610550144765261	0.30676178732933534	-0.014474457000596358	0.17713871476397533	-0.3263656603898646	-0.02835477784032686	-0.10129145515583116	0.0834087774557596	0.845922807174872	0.45398832982002346	-0.47168932712342515	-0.7863933115670168	-0.056417448246562245	-0.3000330410064327	-0.3654877847341598	0.45711673359008154	0.39179777868620286	0.2379395885771029	0.1996406343325796	-0.08142234002182568	-0.6938596276724729	-0.35581090111181785	-0.14905197291946584	-0.28493755090473577	0.49219357441941486	-0.8667966994788853	0.03040425760465209	-0.39455670130078857	0.015300730230797898	-0.4691037376606047	-0.001784893348476385	0.10565743950851508	0.23991802695701742	-0.7631804205847381	-0.10560766710982096	0.14950137151991036	-0.3077869111819761	-0.18385182897945634	0.08553451178894411	-0.0642350719159867	-0.16517012215506016	-0.17633940421880165	-0.40811814270372976	-0.22889234430694524	-0.22331604612420924	0.25263666304121557
DTXSID0047799	5.766064334567743	-1.413500564910269	5.648917727063531	-6.964599130820252	-2.9671098250609433	-6.059568059635802	0.7477524126028231	-0.4076485543699147	0.5017834048635679	1.5035094152548223	0.8625659155873596	1.6043653415171037	2.9151996941823173	-2.1537813046703356	-3.881581534486656	-0.986080021929353	0.03883745272834054	-0.9202266547373443	-0.10189407345673364	0.2351046081159978	-0.4541465694972569	0.3857256915492865	0.07360714156423032	0.6028187521821757	-2.566161934933216	1.2841314317053414	2.0519664130131936	0.4565543843057717	0.8239608181368857	0.5788620003602504	1.6650235408123966	-1.3050145492616094	-0.8972898051535709	-0.7850436172622244	0.560657161410241	0.5847968182912326	-0.8529640326418729	1.1532814354037577	0.02563014561285857	0.3681398589669584	0.3011482626364814	0.6390566865727997	0.15369174652749804	0.4883570057138135	0.17461312207734486	-0.03386538414755641	0.8412452157868812	-0.6836054122112684	-0.04438610431709806	-0.6027903943448523	0.2200054295259531	0.08941198149165738	-0.042904814867148304	0.1857901871901854	-0.6467700570549297	-0.15389655656041024	-0.09545894993811563	0.13865297065697554	-0.06801737830875115	-0.3976234657857891	0.5167811057402537	-0.6382895945682571	-0.687910502719264	-0.49587651174392916	0.24369683914507195	0.7971049293588576	-0.43358384371149533	1.0387046332779062	0.05179335331283241	0.1044211089421583	0.16369936427810802	-0.009751403420559307	0.49674424792468025	-0.23118462500408357	0.808344479910275	0.20219190012716806	-0.17890682015050224	0.17960183572060398	-0.12146171764715896	0.4001161765021835	0.4294939194444111	0.9927688544554627	0.032055356944224934	-0.0007590013199846856	0.29966937510091607	-0.028181832118251697	0.11167977536720015	-0.7021125850716812	0.13145777856433247	-0.09599561923845878	-0.058603652962023266	-0.4119630259614278	-0.06881514305021239	0.1541107497159453	-0.09550389194855496	-0.003413938638193851	-0.017662960541548322	0.4028992399389398	0.4073650292204477	-0.32617344486367633
DTXSID4046151	2.4291565843309666	6.034022864754914	-2.208555158707994	2.006368755753452	-0.32528143201776405	-0.5543318869144682	0.41967249721025424	0.369544019612607	-1.8897502306771685	-2.501402657257808	3.4380302643626854	-0.8680762289696363	1.3952232089059196	0.5955587497370453	1.1442676380480552	-0.25280713292803597	0.5375623458659033	0.9201626732711848	0.3810962649255238	0.38324661031222207	-0.968318113031123	-0.423614294659855	-0.9076204592614294	0.6197866804650648	-0.0813915557395314	0.9222126812331208	-0.09299874719728936	-0.17117935932349929	0.2488157267329161	-0.07470187633092207	0.4374665367761122	-0.7166224340174127	-1.3579982277611462	-0.035262112825337144	0.33807709759694954	-0.9461649489196814	1.4248536119873425	0.4536579333101714	0.63616661904374	0.19668778963819292	-0.7831270793502153	0.40238040464603	-1.2497089667724817	-0.17546224102651656	0.2508539175411285	-0.0047463854437134224	0.17602713067907194	-0.9325507392787099	0.04262901384263947	0.1979532788920644	0.1923564398680357	0.059145043333281966	-0.19327104556130345	-0.43083669293959936	-0.23007445124974552	-0.3264715891873688	0.26907720677336605	-0.5708857457572363	-0.026439829980634995	0.7768734332988037	-0.24807003326043892	-0.303634203831986	0.31773516799761536	0.12309628046065185	-0.1748994132111684	-0.10462880060659553	-0.6742596750860531	-1.0901128039598964	-0.11350379934788057	0.8770555479695031	0.34991107823928286	-0.6385504249902159	0.4284969667480643	-0.43555069512424116	1.2391914636062573	-0.10821887053180808	0.49683960224344004	0.42865350890010795	0.9898290781523025	-0.5635257419481051	-0.8589799624460049	0.4491351070822065	-0.6638151597670721	-0.025405355834274945	-0.10465799768690591	0.031059848442889636	-0.40349937775253686	0.027773052585336598	0.5733473948185486	-0.15495274862680505	0.6559385403394865	0.5445738834790034	0.6258156988294555	0.3351101533298701	0.11540639471582255	-0.7769379668256895	-0.5087795711437995	0.018378566670652366	-2.0403566788247485	-0.055266247127197826
DTXSID90285748	-4.001458017642708	-2.9775507217132455	-1.2232348575025611	-3.6599952364769055	2.6594841541452885	4.6871826379250185	-0.832731128493839	-1.7906870347489832	2.9378454778395486	-0.7194868441364125	1.0874401465586478	-0.7597765582371465	0.3277976038751476	2.4055615796197323	-0.960513614223241	1.716834120123735	-1.909641646212167	-0.15724019842134385	-0.6701583130162895	0.9773791727967635	-0.5678353773014916	0.6459915691242823	0.1031811186633914	-0.8218485819566264	0.557161440219561	0.7745207686146998	0.7538798728550491	-1.02011664778875	-0.08875452491750306	0.4447189294923133	0.4458560220920505	0.12736132090302152	0.08583078943196053	0.1415101382843104	0.9667549443297434	0.49917615904979545	0.21407487315606424	0.09876454886695592	0.20157034043306613	0.2054747020349219	0.6982342039792476	0.4304123273932363	-0.5652534677471595	-0.801434777804931	-0.1038359773260805	0.5145915996745362	-0.47686962163585017	0.5071730977223574	-0.32189559034981274	0.2917087245586866	0.08890140380315589	0.2776963746651635	-0.10046289616930142	0.36087519163839454	0.2333332467527451	-0.05845803534113946	0.8385241068845904	0.6616123194146915	-0.4063227197455258	0.2417951435661424	-0.16522957738394295	0.1842638576485976	-0.4153687022123074	-0.5929713351821567	-0.12433138186132917	0.40700516567488965	0.273799485774567	-0.27509697697573177	0.08322813669775365	-0.010778935853682912	-0.5751591001312948	0.3709791087513541	-0.23648188183553762	0.49824458791080406	-0.12292218358141505	-0.02724516443643548	-0.48657999482080794	-0.40646413658757785	0.009825079028884303	-0.6549117299878662	-0.31707152204431044	-0.006824443386302318	0.0709956143605828	0.3280125401825128	-0.18933380403215677	0.020931531101476	-0.4772336888242778	-0.4244141226611788	0.09245086976873734	-0.2545141030996936	0.04762914941956498	-0.3008443624300557	-0.41522983605466035	0.10937513473556917	-0.41429151547108867	-0.3184568461351874	-0.025405343823048706	-0.070246549238446	-0.37768762484499685	-0.01140194383528797
DTXSID4046571	-2.8079773129720196	0.14507115369067894	-0.49434230900231957	-0.5317943110801364	0.18754308039621065	0.7119717635498694	-0.6125079117098471	-1.4645552350994568	1.150312458855494	-0.00044645927293811586	-0.20523557042295978	0.2647394022454243	-0.5568118590989584	-0.582195081105383	-0.273470667293487	-0.326822514273346	1.2270748414092765	0.8985345099770757	-0.3353942668619522	-0.8497048347171731	1.0899897347490246	-0.5158614245368659	0.2532952400404269	0.101662828147508	1.1251013149359814	0.2961046604331806	-0.5392629300035167	-0.1282494649388613	-0.1557970996848363	-0.2011815419926761	0.8176867811139057	0.21577903517240254	0.15132559105404797	0.15969598879836505	0.8302548826591358	0.040663704959328556	-0.07857137893098148	0.33217142879115846	-0.019989603029389486	0.5487011056602518	-0.02654722204765925	0.011803375925736938	-0.0008653296292614343	-0.16999028104087324	-0.38312373417782075	-0.06558437567409553	0.028448925764390554	-0.7642296504031105	-0.14704000063801625	-0.18775453164149905	-0.029864521162760036	-0.30641982012969077	0.029545381965049317	-0.351341484573969	-0.2173658388981181	-0.14767434732579454	-0.13629612792582968	-0.08702207804199828	-0.16638051427421774	-0.37790967813886134	0.35338153481536083	0.44515038878115487	0.00842588684363268	0.3334923376953951	0.3034765334755489	-0.012697721027523813	0.012227650245405092	0.3052146351024738	-0.2764890400899483	-1.0763592708228713	0.4709256049907427	-0.07443141002535314	-0.3885122643152814	-0.15386264587667223	0.25348503756580626	-0.8387288743762025	0.6698719532603726	0.9336153624302603	0.5186762620477015	0.6443782122754503	-1.2902149704978867	0.056419203670193256	0.09757469784381743	0.09822161399584471	0.3666236147820156	-0.24551922818719396	0.14689469668025837	0.5862541524206609	0.9274374171997185	0.7778640480744616	0.2075970670018746	-1.0833953923135087	0.5024521713551614	-0.4734552182926376	-0.30463164384071734	0.5947948685871537	-0.04664080112570497	0.3621832475791134	-0.5095311633714777	-0.13220608850680746
DTXSID9044667	-2.206020272065757	-1.9028271423668917	1.8842809110852896	-1.5549754676487664	-1.2297932514638277	-1.8762053859436105	0.9130853601317074	0.19203061320162862	1.0479283729086986	2.1899370696565135	-0.2587827572819175	-0.7810542542087404	0.8380327198997131	-0.6791706474338849	1.2777694949456377	2.115368368561854	-1.4497956846333762	1.3333150545945958	-0.07524745663076601	-0.6955173530092222	0.7519160315498707	-0.006064890609056372	-1.0230910088076732	-1.7603839719837664	1.918759034347941	-1.4564392158652701	-0.2031545082242168	-0.38540957099547846	0.6171942872473971	-0.32607286583789347	-0.4803083670992708	0.0685861959467346	0.9340253803896859	0.05215568537417207	-0.6004324959681908	0.7119581880607968	-0.020732588281085474	-0.2647457762386952	-0.3664985557823261	-0.90723520843104	0.8039291727607568	-0.5354917071494996	-0.21296715156365642	-0.7362070968208813	-0.13570243405346938	0.8310419414754742	-0.8975753406055577	0.5459491337013265	0.4193947715930306	0.17443439677493874	-0.1995561770692127	-0.27033416113323955	0.11897646548184304	0.3762126995015608	0.6231692088477282	-0.0775967412620458	0.29034598388702987	0.3445373594042466	0.07926682990888714	0.6983084645224755	-0.980914073211033	0.19107591848690827	0.30334994432419515	0.08787927676394977	-0.8382258410381596	-0.4664232025393263	-0.2907013618908619	0.47500404975859356	-0.1828928978629191	0.7177046883278896	0.6617218164416635	0.06845488985925534	0.6807842212179802	0.13258744869557204	-0.17611693961600763	0.7709571432867169	0.6243377919268754	-0.10754605203486604	0.8071005216051743	-0.9848893296618089	-0.6953710652394621	-0.9730594997716193	0.6694322493101055	0.007096692559193649	-0.03170088172412422	0.20720335587720784	0.2631357453365901	-0.5473362578893314	-0.20843448843302284	0.05634990277864017	0.5936350132529562	0.002375081828549437	1.0427393168881416	-0.33941430321264277	-0.013054768482833276	-0.07030860968551553	-0.5646241026441988	-0.8598564673824979	0.937057661974033	0.048539751905681196
DTXSID0049317	1.4943528889474433	0.6286460695856995	6.875131035439174	-7.410235810643604	-2.2857769723439563	-3.050838804839396	1.2406830113431226	0.2631989826107047	1.0201363001665804	1.2683703156409196	0.9171124192137959	0.9385909529115587	2.61982827180014	-3.6445442836420407	-3.8424890239820253	-1.1613994432213355	-0.4481724521520686	-1.7585781177329982	0.018262653310645433	1.110938398308876	-0.3814185490382962	0.9708450654685905	-0.0018851166705203528	-0.08371557064143346	-1.4074457137104635	0.41303656100005903	1.455629093520024	0.6498585028491977	0.408808762039012	1.346138720729234	1.2783808618562407	-1.2803558817294123	0.010161433586912788	-0.4197106708664489	0.4068368446413321	0.3470263649211044	-0.8286383657618143	-0.03068029984869767	0.244571657134271	0.6469062517593251	0.08661088515312972	0.4402119464317021	-0.23988868308596142	0.0347782969556464	0.13447738413845164	-0.16480731387867312	0.4903988111280459	-0.32673083725727203	0.05466960789708482	-0.4836474760214685	0.17582126110174817	-0.05707832093272529	-0.09243995124139151	0.3595077304986304	-0.05895287165622296	0.26313659579119353	-0.010667474357033285	0.2760304681810504	0.030445764300203265	-0.43057700534520277	0.28865854748969494	-0.512710415967038	-0.6484517796389833	-0.3428884078420147	0.5485919517449009	0.9804287412816518	-0.5361782282243093	0.7780619929414908	-0.24838757054637728	0.26606796004226974	0.37102570224612585	0.33294983735547184	0.1253141616952814	-0.09344646293646768	0.016341980714138282	-0.18918723900622872	-0.2757117997970968	0.18205524154329816	-0.3019124740037738	0.07791849803302686	0.5135442973543348	-0.3605706643803263	-0.5220792599031617	-0.5678128171273162	0.41334593482233145	0.31307980292278564	-0.47183619744269606	-0.9077850598377486	0.1672581712173732	0.1267901772725357	-0.3015087120979578	0.06754739980345574	0.24876185060199524	-0.30681453441056245	0.7268481924310781	0.2708645441603626	0.3764285644042542	0.9119433196876006	0.23689677617975988	-0.4731511800921319
DTXSID6049301	-2.909561036416797	-0.880128950766445	3.974053773547233	-4.229681214422223	-1.7551766007949159	-0.7064085337267128	0.6490909282071065	0.41682457247658994	0.6804379625436824	0.6313761994529095	0.35964579461896756	0.27739412186116874	1.3502420092466703	-2.185058584794992	-1.801169315208482	-0.5376887620252511	-0.30856247781692575	-0.860248562057765	-0.08652095727427557	0.3591807856478244	-0.1078575722192139	0.41710988313631053	0.1364793479620559	-0.19573643056304615	-0.6750420998506135	0.07972502899972385	0.7436588214899976	0.5216985123464597	0.12160535612816332	0.7217056154993433	0.6874948193583467	-0.5254029522239159	0.344025769472873	-0.28489248824297486	0.10079010444125397	0.13594568135338087	-0.46682305162639165	-0.07935508377152257	0.21706405257419986	0.2374349771158786	0.04807462837167209	0.31722330473174676	-0.31220248811205725	-0.05552655641217399	-0.04555699279283053	-0.012215066657418672	0.2476981172805417	-0.19164119187530942	0.1181339613321906	-0.2372799684130857	0.12656644586657456	-0.03261486210600055	0.0028326584902608754	0.22085607883188701	0.09536391181779554	0.1227023950774155	0.16409737162285293	0.20720952937995404	-0.05765337052014783	-0.08686853626952422	0.04119318635405907	-0.23322479726871562	-0.3132507889807139	-0.29004045195437533	0.14867528074815572	0.5330683913122856	-0.12120280721930797	0.38160412903944396	-0.20210091254581108	0.384266172344398	0.2037592147003798	0.3213756068963169	-0.008838731780707711	-0.13248212495231715	-0.35804503684285505	-0.09879246648942133	-0.3167815399229675	0.31851614518927995	-0.2889186285700523	0.06293505642584976	0.13702911155374603	-0.5829977321611218	-0.5174707949596671	-0.43650264834332664	0.20060727061408834	0.4048392974111367	-0.3527506493149254	-0.5655659057890537	0.1483693454862652	0.0014572844660500725	-0.1687768046124052	0.14825041273681622	0.34448108909986297	-0.1608674510198748	0.609265400518671	0.31042837367339055	0.4368170960997192	0.6924423170373083	0.17442470167196628	-0.231429171781405
DTXSID4040719	-0.9552602532865611	0.5204586590266544	0.8830601479130483	1.6552240017973185	3.581932056224518	-0.7379596725195665	-1.1676371909665908	0.31724564396254973	1.1690271261292045	0.18330845494387113	-0.6047368450803746	-0.6825599710048874	-0.4105380301773712	0.6797636644359213	-0.3248133614933279	0.773397394410873	-0.2558646977781808	0.3353018033889691	-1.6511803215919059	-0.0038980266351240317	-0.14424292261819016	-0.599681124780612	1.2067625031092324	-0.3843427650327364	1.0986808387740366	0.552387945145056	0.6002856056052508	-1.6972300602734445	-0.7482819251732866	0.7659830329092909	-1.365018759126554	0.8608926851986274	0.7752810828697	0.38580123798560334	2.385988355697563	1.6292604092275365	-0.2213034892941385	0.7222202413069314	0.21820250737136518	0.031219723985922303	0.3033249064285974	0.22111959769972292	-0.18748301816317328	-0.8374866944065367	0.07968639205239074	0.24240870813299337	-0.0311219615954001	0.2433261638664171	-0.21705143333790766	0.29820238377531044	0.21011940360536138	0.40238702379424257	0.47455394121646766	-0.14335740729600505	0.19453360358550964	-0.006291671559110339	0.21790460101996723	0.06337737177875119	0.35435006636223726	0.006868885313531381	0.28005292976975144	0.033463406540918596	-0.554438941688733	-0.6511603286254579	0.24062004071475965	0.293393316846209	0.4964902549121756	1.2617737603438324	1.1549596664331547	0.4653727268212956	-0.47013255032830437	0.4190420807800545	-0.8463066702650467	1.4441009099294984	0.15651594615336656	-0.3687469721691349	-0.6280296699386044	-0.04238088127522591	-0.1681594701966785	-0.5524727527773764	-0.7146949509517585	1.0703481018188856	-0.15911688681604994	0.4660487984112312	-0.08439782483429896	0.011248773084080375	0.34345808203579725	-0.5583569269849423	-0.002873888666901584	-0.058470832859443	0.4666703651337399	-0.5184518416921786	-0.0031267577598663968	0.3548648713185203	-0.13929524402674137	0.01159868480932313	0.3140259418661086	-0.050071484541226854	0.2401056138779012	-0.35410407934980176
DTXSID8024311	-5.621322912611556	-4.354665938125304	-2.3802568425220296	-2.0100768652285694	1.5903924291282427	0.41171428443704144	-2.3640673313736085	-1.0078030097353652	-2.204064827761204	-0.5317186303420428	1.3378610391856463	-2.509377094768604	-0.8614201156304301	-1.1481021969426783	2.2326812428593676	-0.42764914688193273	0.25981989492242097	-0.8814973664551092	0.9767950611934397	0.028309344030238708	-0.5345089139097501	-0.14154922018701313	0.8177807562608573	0.27846165477918866	-0.7546975830688315	-0.10193323269954908	0.9081845306141443	-0.19756097593143337	0.06971223909229446	0.6257367669245235	0.267215122082074	-0.015317400092161227	0.7251732565715922	-0.27976293347689457	0.5493390916173945	-0.35467646971386807	0.11175297563099809	-0.13316251178937916	0.6089391331148872	0.5603523474191122	-0.7086689449317445	-0.08949953802628961	-0.4431595819977356	0.42097980443002747	-0.05456876149962982	0.1776580519353979	0.3679836943045075	-0.2770923184686086	0.18018086097713215	0.4407011283594264	0.14462872607525062	-0.012465860406479302	0.33773272878355454	-0.05544959855317611	0.3967476461271605	0.07419450989609047	0.24368354608136514	-0.5925152606381036	-0.2743014394990986	0.5890287337558665	-0.14401026302101574	-0.6008691862375599	0.16744842341438826	0.271796858688571	0.13448593391843883	-0.3802340982202476	-0.34358055002547844	-0.25445398771485117	0.014812559548900574	0.18787693399104724	0.4321995046922009	-0.15430614965444608	-0.28699414304270104	-0.36833229866680706	-0.3757720684773176	0.22563294195529413	0.15597785138040565	-0.08297318870320032	-0.23020801779571703	-0.40667643919453594	0.36892808494285456	0.29822979057842836	-0.4496970929263854	-0.15911032593163818	0.14544287452107682	-0.14534988256040937	0.196002391949073	-0.6452949219490404	-0.47683896387709385	-0.05775592586491676	-1.1844260335240167	0.23277883483630757	-0.39616004310701497	0.1130643069191582	-0.2362618206264029	-0.09879035297259678	0.21892228937650654	-0.3384430928825381	0.25259678107434397	0.22961846690420162
DTXSID0037576	-1.8213464520023799	1.0544526454094618	-2.1470329564040287	0.9410455711895679	3.463292111471793	-0.6670525144159871	-0.12905621824576574	4.620563889186485	2.5519985535236223	0.11403417391746572	-1.9920903621184864	-0.5211975764990042	1.427815637135155	0.47516156162812284	1.4934665140497314	-0.13840114911337303	-0.3355164726256707	1.0019285043185366	-0.715514316107527	-0.1258315456414373	0.5002487980731952	-2.6378943290056984	-0.2129451209273083	1.8364623439216272	-2.1737745946985867	2.9433425437609144	-3.327148889457524	0.12323495398862246	10.48512794311788	5.589626725603549	-0.5157140993642038	1.283595231283799	1.544943311420671	-0.018566010898041104	-2.1835865886755146	-2.072749103345251	-3.3688210571773265	-0.2898346718482253	1.2321996638561161	-0.13713447349495428	-0.7238254420689108	-0.11743268228768332	0.6444618210730738	0.6919512908766389	-0.2182154081179606	0.2640334702250064	1.3102371774666304	1.4015861241059424	0.22844441993290948	0.8311621883776599	-0.15771333737554133	0.6779652720789294	0.766134880531165	-0.15379123756346041	0.8256944975999699	0.39035177221852413	-0.5803204021575554	-0.9096864603421827	-0.3353139579708198	-1.3239526315698797	0.4025136393977839	-3.8645720398648495	-0.5504882088318493	-0.6468296660792326	0.3443329709174744	-1.3433243618729296	-0.1486427169278406	-0.11468055732095235	0.2723716505928277	1.172858896167996	-1.31468792442864	-1.7493209687525293	-0.16375577008834274	3.879517293858407	-0.5033681660290423	0.28108018889961106	-2.928250947622598	-3.07043026675769	7.598787837943969	5.013075499039812	0.17912510924967057	-3.6802948388445516	-3.173933524772227	4.5060600959939725	1.169296162514854	-1.1100926382264855	0.4686889226475791	-1.7277199363215239	0.1899661193776926	-0.7492704948754408	-0.16046600736767608	-0.8782265752712426	-0.16175913048366589	-0.15905845100718927	-0.8387912772544419	-0.055097158395781595	0.3752137150930263	0.028179609581397844	0.23310474689866598	0.417733983445765
DTXSID4044402	-2.6710065307829427	-3.2104420318491877	1.398725383773408	-0.48983897250560093	2.5377266024038123	-0.3209724828513845	-2.1768320629677893	-0.08624046799095024	-0.6032163764730273	-1.7681862876956496	-0.6236305498164911	-0.20549747933139667	-1.0547246961764973	1.2900595294596682	-1.9147325567163231	0.7919221652781474	-0.6437815247298802	-0.33020635984840924	-0.9787051154307105	0.798644531348645	0.4661381014883517	-0.16580016138740897	0.6298983267931721	-1.0140011429931175	0.7179383690206493	0.03162466457811298	-0.17756535338472124	-0.8479309724608839	-0.32545070086046	0.5420368710366387	0.14747237599251606	0.497803910154872	0.8368033539613644	0.32651867934872536	0.5689104797264017	0.5865887201428478	0.4653786031622583	0.006800703824971426	-0.47118244141837407	-0.2462828177161417	0.4502421967224353	-0.31799601841128344	-0.5761647359599202	-1.4769568276085625	-0.2598537579903415	0.2535154102887236	-0.36320998414651046	0.47304821226364585	-0.15158904818904878	-0.04521562884715661	-0.23466737177231323	0.036352410953400936	-0.15513043657862624	-0.03189131316988171	0.21459407989806287	0.203800087188892	0.6040231138707405	0.35419085641203873	-0.2420152163756711	0.037929723450612636	-0.2542036831701191	-0.09638880263270092	0.3231506525292141	-0.22684491895228398	-0.23827165812267093	-0.02183773843797063	0.03174309497244034	-0.27718697883258625	-0.16981483551024715	-0.22420215984047423	0.20178587172060436	0.43742336716855773	0.1600869592968445	-0.15361386127052568	-1.3196181956101276	-0.7529143919599148	-0.7075599838277136	-0.3380707238565275	0.6774205708375124	-1.184529838979361	-1.1990974330044084	0.09274161338646035	-0.10234645677752513	-0.07364051882091824	0.3568214487110285	0.042481481731270684	-0.2997392364940991	-1.312644789328304	0.08822992357677774	0.26261205545667793	0.3539163839464691	-0.7507047679855112	-0.3663715362557643	0.1827422885616574	-0.29045910795492724	-0.4016508233103941	1.011676297518286	-0.16505371184796588	0.4290142962043012	0.6888120045129602
DTXSID0022692	3.8711929245115297	4.7929102522424945	-1.024605193324857	3.137033254789057	-1.630825300276323	1.9856775887160032	6.451352915385606	2.6860096099148008	-2.0934000452144446	-2.4005665736354214	0.2968125455210585	0.6459348240592947	-0.020012525451801377	-0.8422451496976873	1.0279741215928997	-0.4331059267302386	0.264405374216988	-1.1545752054093592	-2.7470624609419456	-0.8876324625216606	-2.4811952183853	2.2598121397341475	1.433554010733518	-0.4056980072509293	0.07685821925387418	1.2147532935471756	-0.9483859967417589	2.0192023218178226	0.7992130926530601	-1.395118612834113	-0.8408955301888095	-1.6671474147772354	2.2958064039610355	4.21920884556261	1.4609949466149135	1.862940136283572	1.8546535170557024	1.491309189028149	-0.8419342024279701	0.4745543713854728	3.11990230388116	-2.117047024898405	-1.901462817297222	2.5599728416815544	-0.4344815699259132	0.5627766364427347	-1.603400845951907	1.0767452356151104	-1.210382328209724	-2.704832860177551	-0.19190159145271235	0.32466432236891885	-1.9390492942901532	2.4584588797986693	-0.8018346239921689	-0.41852535870049123	-0.9425612144079507	-2.75208425662372	-0.178089371748306	3.7637404809071366	2.414986386511008	-0.8941209194505176	0.6019087767912086	-0.21397740372548382	2.1748215724540585	0.07979391866868088	1.3577288502412812	-1.7950076032202829	0.007437804137397605	0.2543544710437073	1.1659349879980405	-0.6500666506374695	0.5001393379615884	0.3826471142529352	-0.6076581055719328	-0.22999268217927996	0.28213348647668235	0.41443818026768875	0.9123676579532517	1.0986008784888617	-0.1769841125042173	0.0336277190982973	-0.7763276154169029	-1.3403130874706246	0.2779438691699232	-0.5260040739644292	-0.3568790049146371	1.7212028345740897	1.768163746546127	0.378878018459542	-0.35265669928863086	0.7426581865324162	0.5482817658487701	-0.5212343667645208	0.05225042422274659	-2.40351921560032	-0.9661859168389035	2.7401739742061406	1.1726355812279847	1.9307329037931282
DTXSID3048607	3.054552358617848	4.134388791664685	-1.4070879745592166	1.8807434091045723	-1.7631341659715065	2.827358991207309	6.0650922797777085	4.049708963304091	-3.5332214968620264	-2.0287136657889584	0.030003969981511558	2.6309465734367437	1.7888535970103254	0.4967431728832051	0.8222147457017943	2.8103042238999807	4.305010034719764	-3.0717530845800916	-0.9745526218021481	1.1321695131620721	-2.1370125702778764	-1.80807062616784	1.0031305608700154	-1.2910246331094994	-0.013734433616249021	4.420745082479114	-1.9881716015766038	-0.13612528185579398	-3.6323432270648452	2.714178585135641	1.3914334837394584	-1.4463942590175975	-0.791820139593385	-0.9222564382826075	-1.1067659140286703	1.0805512214722277	-1.2498950089660583	-2.2845105276910767	-0.38404646183471386	-0.6840244454876339	-0.379025841091937	-1.0321526537191004	1.4880961658946916	0.5216061194838743	-0.8683153775131552	2.2915380644730967	0.6662716112515067	0.8392632175801215	-0.5219961734811562	-0.035745984792111475	-0.9263719173114904	0.27802024497736616	-0.6434743244140666	0.179406403817983	0.13201311202302174	-0.5515605424760844	-1.4510033404234486	-0.06373066861898376	-2.536146876400848	-0.4294778729861221	-0.068118001677935	0.3895601591093983	0.3655031755245671	2.093278019209774	-2.0046862780605323	0.9914148240712015	-2.0439463739462007	-1.2535939237969511	-1.6289974826435356	1.2787411865065037	-2.067010827788392	-4.707243994689407	-3.8429932539012035	-2.443582168496502	-1.2947816402490906	-2.422568784667235	3.2526918695638005	-2.1138162075700575	0.3944662061824769	0.12148732000186051	-0.3522797336595226	-0.11470551279987316	1.0723651661405615	0.5757337457418102	-1.0042350428243128	-0.189022050150194	0.1080036660640495	0.1833590472792286	-1.083579580470341	-0.35582951699855486	1.5760364622986742	0.6833709860577387	-0.2904623185379569	-0.003270538636707781	-0.4335759513659545	0.044404026198857575	0.09330743002971859	-0.2836181337715076	0.4577299111787923	-0.5481783816182245
DTXSID9020875	-4.381450986082076	-4.170918043145354	-3.2313440466798764	-0.9826641336729292	0.805164804635627	-0.6943192011182917	-0.4379982199342963	-0.25951977556370615	-0.49500992970183805	3.5622929292028997	-0.9289837434484666	-0.4818943038800872	-0.3769561122700606	-0.9950725030012368	-1.40902540245104	1.365123410851585	0.38024011215646575	0.14445087930243092	0.43261688572539064	0.7292049365725949	1.1052196820390912	0.7592216503421803	0.05253131767509582	0.05104332188573426	1.7957027176653948	0.13957468290650188	0.2810107348219552	1.3662821141347805	1.1059000917606785	-1.3573462261822167	-0.20533136211955955	-0.4760676144534187	-1.9388544451993184	0.20602549831567077	1.1979768036546923	-2.2531171582761926	1.3536109707013204	-1.755711655170884	-1.6190185034587348	-0.17769367097604927	-2.676663361589541	-0.06544810637647235	-0.2526274278583963	-0.9952572203651405	-2.016426490023302	-0.13988133586359436	-1.64077905043239	-0.9361475646747854	-0.008580752339220158	0.32613169467192493	0.0036415503309061305	-3.187150273116667	-1.8400458910405733	0.6556053054024517	1.4725456346578987	1.6943504512364067	-0.3717782188404649	0.09817530146805853	-2.1518537089783543	1.9877815122380385	1.9569797071788078	0.2739624245287034	-1.0855442678589977	-1.2592059591828537	-0.521939561240132	0.019940835567460853	0.6618204826972643	0.16683865677592583	-0.7038960420343388	0.39626607451985624	-1.3042439388234501	1.3354355564812415	-0.7870398103205946	-0.20673484722769317	-0.7380637376597461	0.16989591670406803	-0.30370401180958834	-0.9342452909060263	0.6884328947161552	-0.03058910355379003	-0.09940596414764752	0.2022057261027187	0.4112469009369392	-0.1431892164808536	0.9423683403298899	0.1804687001096424	-0.26583965215710326	0.670220699580105	0.8932452757104425	0.05719767734244873	0.7301754269858844	-0.9852132877811571	0.4809884584543923	-0.3927262003080243	0.4593041235443524	-0.9132431569412829	0.1883616714497656	-0.2739854310864478	-0.09500561415197964	-0.04468091509634293
DTXSID4027236	-2.3188017061766337	0.013616122485019647	-1.9810457826217915	1.016545903586145	3.034058697170304	0.7254739693565904	-1.3268877821285232	-2.8682106410764834	0.00387432127481129	0.33202068856630845	1.2003410077742243	8.703090797479534	-0.8138706037886033	-2.148314545508313	0.8781089668837968	-0.4870231603500055	-1.1101312018548446	0.4399281861913737	0.3616369091934981	-0.17308956095555822	-0.8958239406231268	0.4201096573264556	-0.4310790120703483	0.11916267772687168	0.15474989952640497	-0.5131310394426545	0.5277672026569238	-0.7858482716327799	0.1675095750800803	0.46461244899050447	-1.9966767870431679	-0.8322531271065341	-0.37938246978865936	0.36350296855825365	-0.054799722139452264	0.9540951930779104	0.28894361028300886	0.1800437174753451	0.006020748083050199	-0.2531639703865677	-0.24767322230515448	0.08467017731673283	-0.17259216262844784	-0.29979288005621807	0.2466561824691721	-0.2706841554307626	0.6338711102355069	-0.1540488037362761	0.06930467430798508	0.09056751208177498	0.007383746676554311	0.017150906188883326	0.07410280363206212	-0.3547106163934184	-0.46418337258853865	0.536659293152639	-0.5844428682515695	-0.22731952064947802	0.21991357332635034	0.2874013967499173	-0.23331884984864934	-0.3449172606012196	0.9514513124792368	-0.3617674657968657	-0.0721445484911135	0.1703261799591176	-0.05277032175153177	0.16886323136343417	0.41380744576378614	0.5257081484058099	-0.6539600388309785	1.1570656075325405	-0.003061056706791107	-0.3417370475645442	-0.5333341128084927	-0.5181567078664151	-0.49655458861291607	-0.8243559271906209	0.8765169036710707	0.7951411724280185	0.9737950190279525	1.0997635503767436	-0.9341441971632648	-1.1871067512756726	0.29262870272275	-1.022071254565023	-2.8771790689936045	1.7311860262279672	-1.2345160020199937	-2.416879478305734	1.9772161921312525	-0.07037191574649201	-0.3239346986457193	-0.3350233753451058	0.7964919394890592	0.6021689849302196	-0.5572341133926585	-0.8881052782330578	0.3294185675081906	0.8927843741657132
DTXSID0048896	3.3396564895984002	2.1514074858229457	-2.740057409694633	1.340727254201098	1.873622181356597	-3.760813174992471	1.4779294029518417	0.39242007091928727	-2.95729462374589	-1.6831591847546234	7.243015181211394	-3.0324091127270614	3.089281789917311	-0.690929341601362	3.109264200527183	0.7825811262561015	-2.5138516314468533	2.1641429628752555	2.211955055567027	-1.925351602987261	2.038786579327948	1.1865301506424992	0.0002517499987050438	0.39453067083529486	-0.05516766740904565	1.2895351203628815	0.22737335122262697	0.3103843479560339	-1.5775067414316895	-0.05109345136732664	-0.9556021878892921	0.8507366888401481	1.020933670912299	1.1906316533918384	-1.143228007580871	-2.0953082752054204	-0.7394671719119621	-0.7355464774218483	0.6027879764282106	1.4804605355944744	0.4934730846138262	0.028154606619210647	-0.18322569914035777	-0.306033331994663	0.11173937771431731	-0.37912677871755046	0.5818185788494776	0.6305135803681767	0.48021934387452336	0.12362621404122853	-0.13682923068677993	-0.675656691286314	0.5619084480889565	-0.13840854067604855	0.7354755779504889	-0.32910685630858744	1.433777060421363	-0.2908907059331467	-0.6081912093198321	-0.28126499136299227	-0.540141170673884	-2.0676265992108487	-0.14145030948261905	-0.17585145788535586	0.6250910727633842	-0.5883472159336747	-0.6687880326885088	-0.5383628789257306	-1.007968283417185	0.4331728637147925	0.7348977809618134	2.208590285812153	-0.896583240703908	-1.9492831046493637	0.3260586982596985	0.30692947330045384	-0.021030925906700425	-0.9978364428132205	-0.10504876507265107	0.46970396652109897	0.5388667780778548	0.32025575323111677	0.610978253285838	0.4378754922709412	-0.13522986889382785	-0.09564158458780062	-1.1791730110270002	-0.5441189581807852	0.1923710226125611	0.9952345531715311	0.4755138207373344	1.2059013074338074	-0.7992609233275212	1.3787218627370847	0.299098858285172	0.6691391202253913	-0.8898608123369149	-0.2719163207479094	-0.9966579330468929	0.6997921733042243
DTXSID0046197	2.8181820888722617	4.782097701767211	-1.093800449723654	0.4395043225803123	-3.0440660478799564	-0.9814320877451285	-1.3405013855810834	1.366809115369142	0.34244557397635295	1.6444346729551091	-1.0433326577455342	-0.1523502193389422	0.3756167574286559	2.469760748601399	1.3547796528240632	1.740262613980069	-0.4951065152942104	1.0681096811692314	0.6589270645342036	-1.7244650596971038	0.4513210967347142	0.27733591934601565	-0.7200237684684676	0.6459043119134925	1.1990553678765064	-2.188782454079869	1.202739766472219	0.8042584364878793	-0.18710544730251555	3.5718925551193874	-0.8320300151144839	0.5595831524347559	-1.4804561943191188	-0.48970580804359776	1.2621635383850611	0.05518714460529491	1.7261759150076057	0.1663439801874533	-0.32535767127808707	-0.3587747899172863	1.3739124248253547	-0.14599044973617048	0.919316760013084	-0.6577360581305635	0.8985429179678508	-0.11124022576931508	-0.5303908662151696	0.6988331443026945	-0.07800565993449779	0.12293747999972982	-0.007752822979415543	-0.27898970641026194	0.6623603146554036	-0.46237724701601174	0.10187180034830878	-0.532785816484692	-0.36570316368193695	-0.8890261096599169	1.6986108372645643	1.094275451939782	-0.7713116552462335	0.2186244605776447	-0.7893524023153154	-0.5037810708101592	0.5003266665677443	-0.1852350232808897	0.40385170427677247	-0.17263175424563598	-2.331985820800541	0.8298104412493812	0.5308996316874645	-0.3918069613725689	1.5233520538385008	2.0855396699344024	-0.5393042060793125	-0.06815558115506959	0.44493784334042724	1.626835000272388	-1.1724593096573952	-0.6026051670269014	0.7739307801862715	0.7848638734678186	-0.27604494881713637	2.016872810872053	1.7778816777648365	0.9726669176678339	1.8115929345736033	0.24132404374325916	-1.7961734656217345	0.2820369352032351	0.8497459426173113	-1.6615460868041563	-1.3175673527106475	-0.11496562893974946	0.1454656482795644	0.6512408300665059	-0.9938184161604987	-0.32339393216134954	1.05203147998804	-0.39265893773492794
DTXSID6048888	0.39837923276302356	0.9858742828920793	0.19073473740547733	0.05489895988018933	-2.7658253212949737	-1.0376149802714574	-0.884190284028359	0.29497856153111573	-1.134732469312233	0.8128007415566184	-1.971782484239759	-0.266724244615629	-0.10102674508534654	3.418759190969975	0.9405239027270003	-0.8316672207961878	-0.015276270501311383	0.553258204966735	1.8499249197746623	-0.7798772504865494	-0.9155494840188882	-0.703767800385296	-1.4426073501881906	1.2925928129242208	0.19223432813164054	-0.46856792887620524	1.2337541231548883	-0.06861224508783544	-0.19265550679261886	1.092426382511788	-0.9332714797074751	-1.1633884370056709	2.4646259052517845	1.8402989840835764	1.616564135740691	0.6367473719038756	0.539640228344649	-1.4807782455640492	0.8874742456647872	0.07257165674955368	0.10168576602956839	-0.3117709521575957	0.3101058174458587	0.22694781685904578	-1.5918765523025515	-0.3183753369540231	-0.7318822875133564	-0.8062930850729901	-0.21046593861188956	-1.1643407730912887	0.21250772094140033	-0.34521834600202783	-0.16456319551971582	-0.009611890702621036	1.3521313572400113	-0.9672369187624169	0.20000953799885046	0.3288330756951314	1.3475902199414682	-0.8454321263349024	-0.33815094776651305	1.3392567613361595	-1.1562939490716129	-1.9405832741850124	-0.18738364400945806	1.226107105314146	0.5640546595736746	0.9457622051396376	0.29414910384101906	-1.2711545043506824	0.8003002255700721	-1.4790324848815362	-0.02359073531675468	-0.4972877783576664	0.21866955416541878	-0.09466072868705651	0.9532621701798506	-1.0109364024109035	0.5888620387156474	-0.7210692077079344	-1.2789724647038694	-0.19306487936019665	-0.23143977895814424	0.8247536535358421	-0.6308078982097355	0.09587563549783108	0.6409664501289452	1.0623428596585007	-0.014234050851138215	-0.6604546311498328	0.7762754548040836	0.009611756949366522	0.43731473505553603	0.4334255691562404	0.5749033521486682	0.02930975859279554	0.2301503354967122	-0.12702959664593735	-0.0009740549616630061	0.1319441229080749
DTXSID6049224	-1.5312568580419033	5.929569778645756	1.195192776017279	0.9028815720692543	-2.742930651145825	1.6118406118257331	-1.2389379859930287	-0.36237118196339974	1.8799189609952247	-0.3732208506940811	1.822133929645733	-0.7838925858565349	-0.8777963176637377	-3.0741731390152514	-0.7233989073033644	0.6866126912523978	-0.7374677983857998	-0.5578635729352097	-0.1986641496329383	-0.19165315631663157	0.5607754386057506	0.03517431821873065	-0.9523298721873813	-0.6986958973275352	-0.52492036566009	-0.24906793959669116	-0.4868237028222498	1.774589385986982	-0.27716897063397195	-0.30085025167347645	0.5314322121090828	1.2655006653259355	0.8924255913083159	0.0030573031801771544	-0.9477614875357235	-0.985940452209594	0.033847178348932964	0.3571088960813155	1.128962812210636	-0.7410775052116053	-0.2438018931856415	0.748246565376937	-0.7291623676136196	0.35985650446799994	-0.5450312924788242	0.9735598067836527	0.049363339457770924	-0.11916249263715198	0.3784732392609372	0.12411969417865032	0.23492061764476627	0.3683702135166073	-0.24736700646290893	0.544001503138513	0.361385851156648	-0.2663697497934015	0.6091768239279667	0.17254241421677988	-0.5044963937335577	-0.08804462863220124	0.13698956876011206	0.8451875825612158	-0.16558502443033474	-0.7837265701949034	-0.2595929631064457	-0.5923172420133548	0.17807812735851894	0.001771647291307529	0.1795832533019077	1.1990216402820957	-0.1384326701168583	0.4073495568449385	-0.33091295118563935	-0.43768410672136066	-0.6041084295860957	-0.38077809970666615	-0.6456872766524567	0.3671557879258908	0.007319209997331536	-0.17858795300446995	-0.25072670879728315	-0.4181598003066557	-0.32672546463754193	-0.47770403983873755	-0.13314114306138686	0.19471320107783446	-0.3403453160814533	-0.3698830271733056	-0.011101171823475236	0.3721056677288284	0.3892578227699252	-0.16763542302927817	-0.3362110260551873	-0.33354530756721035	0.37257671921172636	0.10458633373106391	0.17544226132657026	-0.032486216998109274	0.21465182022352333	0.15173282104515748
DTXSID9041813	-3.5919119291081683	-3.289740027857857	3.0701517878503117	0.6300524933109968	-0.9576251236885374	0.4475767494975662	0.17605638385032268	-0.8676157279061276	0.3614719722072177	1.1058888437097225	-0.16962734671409807	-0.04604922989148165	0.5817802465826828	-0.5026663044498798	0.19670973238764375	-0.06651849023982914	0.12031240860554387	0.45292659898011	0.009245082914372444	-0.24768347676403435	0.15172534459069645	-0.14737765495493424	-0.9050632105125294	0.13804378654318775	-0.4041259249919586	-0.21608583471431392	-0.1326242819407261	0.32545334167156803	0.3655771636091705	-0.20846656258504268	0.6225078006590442	-0.2533862567430729	-0.2749000544401777	-0.58957215711113	0.0802539666600717	0.32847880442247507	-0.29648636944975765	0.18357243465675815	0.21718341333340366	0.29608568463939267	-0.012082371081106474	0.22860693154252232	-0.28259501321724373	0.16030254087310675	-0.15187941595180587	0.3138672346029075	0.20255746935423516	-0.08659609891656891	0.15989769021157588	-0.06437692992915715	0.021206181218218594	-0.009459796102643308	-0.12868050520727814	0.06065249337407498	-0.12116271858073832	-0.3325145897122402	-0.1644549213094076	-0.07203423534577823	-0.24939321019679436	0.13341191802863006	-0.09512603854290527	-0.2597254726610154	0.10271374676940766	-0.1470980197525651	-0.1525653830449741	-0.041113253354957385	0.044644669345915676	-0.05684649271130549	-0.5867677159374673	-0.24282882027474162	0.205094420031914	0.019794973756349244	-0.15273343226132477	0.19128539875865552	-0.1145510628786523	0.4287588708322534	0.02297448227679898	0.3549273494493051	0.1081482415298073	0.09083840656627852	0.42858909338691553	-0.023762022174276986	0.16854393538403697	-0.18514286571896477	0.09350672589584975	0.08465991771106857	-0.2608508119718531	-0.39216307233568165	-0.4002669795618242	0.1181342062946961	0.17423011602458222	0.19514862032173735	0.03555321394914161	0.4723423042245393	0.2375737841770669	0.17276357762798744	-0.055357092739737664	-0.08891847180576844	-0.5325475296027776	0.11700573174946047
DTXSID3027403	2.2318252861069925	-0.3055259527042439	5.112024575030433	-5.3841947622918775	-2.060897901575762	0.9455063194858555	0.6907460125438057	1.3766529251697992	-0.5842258125231994	1.3113688253043847	-0.31730574569264663	-0.7319332921319559	-0.1627107116846879	-3.585502565850947	0.13055028695986423	-0.4355156257296925	-0.5108401157715855	0.46984066025651566	0.23658173887360034	-1.0332975980931236	0.6616653352909997	-0.7787305230675207	-1.5422625087213981	-2.5790599263729876	0.44158270790780074	-1.3229090127377168	-1.3373870169979807	-1.687937576705096	-0.46531959054409966	1.5843546673469984	1.0189008657971927	-4.8277511205607935	-0.610250244482273	2.1098819483317213	-2.9558583134857064	0.15612836964115084	-1.7989710584089578	0.2276395097312618	-0.10728258695243946	-0.5438123230609342	-0.6918533626347639	0.4305948852866065	-1.1947104933558497	-1.1325014214510716	1.3456227251330646	-0.29803121117632103	0.4125270609227999	1.0400059918481348	-1.2460836009052259	-1.2354690842008533	-0.6811187280047853	-0.3872109389429554	-1.2395382629967326	-0.1582523173204355	0.16127182355466865	-0.9525336262393379	0.3514458110380137	0.15050575719666207	0.7018644325568422	0.08036349869848738	2.91417213112806	-0.09694266160085666	-0.6956970919947512	1.2713031674870678	1.1798726559155264	0.7309675842355331	-1.546124280960534	-0.30375963888263025	0.9091086858173387	-2.7674716661104646	-2.131409688269848	0.2067685291113046	-0.8096774196619783	-1.0465318750145696	-0.26449302965164445	0.08219327352107174	-3.8767633657688134	-0.021943097343338797	-0.08180711153617998	-2.0953130481055076	0.024526121876684487	1.098024439464013	-2.1312819697351744	0.09294720009985673	0.00019030077785581464	-0.10166836578661982	1.2225433434866573	-0.2943195415737888	-0.4789147740841335	-0.6784975703162476	0.5788051004909306	1.5649426886235285	-0.24291350962408034	0.8903022474244668	-1.0327643716891992	0.51165445356676	-0.3859381785787837	-0.19331953370284927	0.8377993372888514	-0.26431954784070344
DTXSID7046914	11.374738791407292	2.7833725102299223	-1.9779482423820987	0.1400386147279649	3.098483999889578	-1.7977653056417846	0.3920008195994881	5.551060834357892	-2.7842531672792843	-2.463487232540039	1.8126214731245622	-0.2315461389586913	0.5368659859072409	0.4279019121974995	1.3624205448996218	-0.6033697025101363	0.44173034261676736	-0.6072045811543756	-1.0496586758181965	-1.096011427435845	-1.4487795398154306	-0.9018677023324224	3.4401604744204386	-1.7029266149114999	1.4071795953896848	4.873834225228603	-0.7907149571912876	3.1244160864812365	-1.7900405096538472	0.08993661748306482	-2.1954288504543125	-2.3642784990808403	1.1550547838093945	4.3201683939725655	1.8323363794555263	3.3361681761776816	1.2332141054443502	-0.7056671495696946	-1.323624241190107	1.177712329756068	3.9256498640876947	-1.7418966213711662	-0.9500511970034775	4.438425312171372	-1.921964410902331	1.9466168836511288	-0.8982286747026555	0.33161355050671637	-1.3463173213276076	-2.233157074214344	-0.323197989744521	-0.23727127294105177	-0.9928301913962594	2.2818486210597433	-0.8819068191715568	-0.44798645300413475	-1.908222010727982	-2.892845165501888	-2.4869070674409604	2.6434033523299316	2.234069133753564	-0.15578547244500227	1.9877635453808862	1.3443828522641905	1.4027040440147598	-0.12014658019166773	-0.7492651440462645	-1.3318791369411849	-0.34565989884306103	1.1654332343068956	-0.18361857122048827	-1.7615300596064802	-1.6980019475276744	0.7650582688311304	-1.1293459388577853	-1.514187931749014	0.21628504336033125	0.26884427491163876	0.574982656436296	-0.3072176764119412	1.1817384867443654	0.37007357611718544	0.09547648471266436	0.7801464187161955	-0.12236417167360787	-0.3204024309728095	-0.6529220495050395	0.5164432586864898	0.14410128349538084	-0.0991197920970535	0.08310712275491021	0.3274703843023082	-0.042128616090170976	-1.4667461925456413	0.938092943576961	-1.114269358823112	1.1366802740199466	0.4816226119356772	0.14585263469630608	-0.6063701267172801
DTXSID2046888	4.422614418636493	2.6828789961764117	-1.8002447834224473	-0.1331866836647364	0.37472410887337976	-0.40994874725768626	4.652232690035721	2.4200441328792954	-3.6310025110045396	-0.7087098191646155	2.891409033923857	-0.3094651127037304	1.2921452990392588	1.4115002097753244	2.6503118268408574	-1.1927095453834937	-1.0748013632935471	0.7766269772899335	-0.8282938957212677	-1.0502701802603707	-2.2206412562225393	-0.3252397118227732	0.6384907278544287	-0.5979306551946713	0.9092973828817672	1.6690681856037861	0.05629356599900673	0.29671615603135004	-0.4388037547005437	-0.22074562087561891	-1.8793098532126167	1.9284318887634584	0.0865329954212924	-0.03780841203772767	2.5344512950292915	0.18142504753312474	0.36030260150206633	0.6205030894416637	1.6060271431721185	0.6402143327726383	-1.8714523133009997	-1.0694709609771118	-0.41061220344265653	0.7016647695218665	-0.24791605339601108	0.14632384524529973	1.8990694465354125	0.21155549068695534	-0.08685787447162743	-0.057907360551457905	0.00612414118847947	0.6628091435525725	0.31537044537045056	-0.5885515081364375	0.6376772374556855	-1.2458075637457178	-1.4078167361588723	-0.3242963429034082	-0.21681716451312702	-0.12289533604098193	0.3936606134407219	0.033130323665133576	-0.6712230229499553	1.0479194813394388	0.058546303758446064	-0.2151896591189268	1.2593960327364393	-0.708764673192226	-1.2201870657672882	0.6045702344300038	-0.4409841829216524	-0.628952609900299	-0.5232771275551843	-1.6770410202368695	0.9448441919168022	1.8709800346973386	-0.5730247510681539	-0.24204061942166818	1.086301877003355	-1.2053599808687971	-0.7603677327609916	-0.32590636839819453	0.6223456254717946	-0.6536107264752696	-0.4068857788067257	-0.746796494316208	0.9652290782006815	0.12897755205214928	-0.9115768427824015	0.0026449898203352138	1.3826320124490403	0.6528436655707137	-0.3548831281052725	0.31783503456220463	-0.6258120157902628	-0.24747101161516444	0.022705440223706443	-0.5943536821899145	0.17686645006661247	0.06781902294986714
DTXSID0048210	-1.8432585399340704	3.928433081291017	-0.14041967861244353	1.1764820610572253	-0.7726798620409688	-0.4217452934198742	-3.217563538577556	-0.6029047187641865	0.9838100504684059	-2.3514650031212816	0.12307737871156797	-0.5493755315966503	-1.1268422581194377	0.9862992688717052	-1.1923387847527036	0.714443784975638	0.6332035102670506	-0.015597913775398884	0.7141877862620507	0.2989415647026384	0.18662240232039812	-0.019938554083068275	-0.7698745473842076	0.759325299955908	-0.3146603623799172	-0.23379353306417616	0.02384557819898222	0.129266614111691	0.3079425102176082	0.1335319294792521	-0.49319426111595777	-1.1045296072048847	-0.7982127211377853	-0.3406722915808087	0.44417396214888644	0.3423045230154584	0.0929382269132303	-0.5282015335997209	-0.31804081621092256	-0.2333734276608393	-0.10660462536628935	-0.01857314856404372	0.011465671201111883	0.10925143270959153	0.08880411573026012	-0.2631340490338217	0.1397111227795951	-0.26902780746099575	-0.29539123452320537	0.20131640009177088	-0.13617912891790793	-0.24983043010150657	0.2042637619591552	-0.27488072932275187	-0.58124245131936	0.511734697352038	-0.47025873365283405	-0.10533813750676388	-0.04788271197952517	0.37191348045997635	-0.9274284435185012	-0.2776730710350085	1.030901489331392	0.47171078838360386	-0.05803611352823239	-0.0354835104393135	-0.2132035184590603	-0.4761578498908308	-0.808565405067643	-0.4542622382424126	0.4955136483752745	-0.08729277625468683	0.16018159168469592	-0.13083128552567205	-0.5635847785076977	-0.1447592294348483	-0.26281898673856763	-0.050208296198383295	-0.023004011020694628	-0.04891056892089941	0.3956163992274615	0.1503466064163261	-0.0532380722519833	-0.03722821341906623	0.09410342885547733	0.09240776756969189	-0.06212478521444901	-0.3065024254192407	0.0688736785961505	0.1142977739569512	-0.36015782810076846	0.32528676584259186	-0.09665774901048113	-0.3474360620157621	0.39107570394769786	-0.15329268734391918	-0.28369796820430676	0.05591164450835693	0.07143529791251908	0.07382351457023326
DTXSID3045649	-5.951274773496843	-4.325092739753208	-1.4064089095665047	0.4503350043656484	0.9257860761735368	-0.4937871375567194	-1.7009883589266972	-0.671215597362134	-1.5562171601048267	1.23867419925951	2.336968794189462	-1.4643469618925569	1.288763363995336	0.03414326506991436	0.8940800453020336	-1.5513227411353976	0.9107336746584141	0.22730466515312997	0.3403384747719862	-0.04023432429879196	0.03695171916117302	0.09692024973775656	0.7557824999274673	-0.06806404426293391	-0.08442147257354606	0.1535777898584023	-0.12784089718391195	-0.3286794485587835	-0.46883102464280185	0.29211110208653945	0.0412713628700877	0.48673710821312954	0.3325279031842588	0.5365525193000874	0.08790714294110173	-1.0414820351499527	0.555907771536882	-0.2097389683764627	0.4312201597288458	0.33888680900963425	-0.4419279731854196	0.02600455135729847	-0.6702156923579822	-0.05377603022979126	-0.4851840518340577	-0.03521734559176579	0.2533939746651938	-0.5198948044208952	-0.0006619345538357738	0.004335475260505222	0.06867584984909188	-0.1634152141608245	-0.08243477000259182	-0.14135203505055735	0.08050660892058092	-0.05874063531441378	0.4584484316117409	-0.6032096058455516	-0.33458908315129693	0.07042686617813665	0.20944929874016324	-0.1603922804364847	0.25567646646934933	-0.038836829736985434	0.02715483529037679	0.4164581744868269	-0.5064436714420208	-0.36862999573033817	-0.4899698234835896	-0.12190037891570844	0.4253815075406781	0.1568254542226053	0.10610047666779261	-0.3032739600597486	-0.6428301470007174	-0.18054318148048454	-0.4016579047384948	-0.1328806723837246	0.22892835015314614	-0.6942211345497026	-0.017116707527942934	-0.15429948143118394	-0.044685162559613724	0.1342494721005923	0.02388323760544202	-0.2546615700098694	-0.5718763809331688	-0.4591364520348099	-0.05496476308624509	0.05165220433747137	-0.22752267399745577	0.15385639897991557	0.16069042673829909	-0.006490270999342873	0.5546561485827257	-0.28463750823456085	-0.07217476570583452	-0.17281511908657796	0.24825905516037045	-0.2577965724583626
DTXSID5023740	7.265637723063981	2.205915672756098	2.480862151935253	3.577246391557781	-0.8451727495167314	-1.5914619351379882	3.9534779234555595	0.41414508351458806	1.7998099429743437	-2.4398187925192105	0.3122111356486825	-0.11642212158968643	-1.39619039005783	0.11271959663010407	2.7475772584648115	-1.8186749139875564	-1.4586792710599148	-0.8746241530469743	0.960177736689848	2.069200798999304	1.2165148813595423	0.21124397645632553	1.7538458980555902	-0.33221405802717124	0.9144965433771134	0.1612910037780861	-2.183716114080994	0.34894212237209965	-0.03387548293712909	-0.09859485105473673	-0.031729687937045406	-0.823833026175744	-0.8812440390544496	-0.9818211060004611	-0.6628442929855918	0.06867120615676892	1.3380379363166535	0.5760256758294896	0.8765737862543969	-0.6874597320231339	-0.21797119503114915	0.3375510868301	-0.8563973690965375	0.1983538159641187	0.3765186658727577	-0.026836251089133793	0.3338392806013192	-0.1253232658998133	0.37534893938694774	0.10112062582610809	0.30661101327924334	0.6503937786597668	-0.24715256997315377	0.15106202857624262	0.22122763558525224	-1.446813635079173	0.22586708544863435	0.08307514590040102	0.4245231010944179	1.5987273670021966	-0.055996544226306816	1.6958132095777787	-0.6688086846084043	-0.5707641357125133	-0.6864479720764222	-1.2384829234760548	1.5691213879417025	-0.5524988158754519	0.6639734285795514	0.4997009480471281	1.0549110885012507	1.0439692391048698	-0.20514683126488334	-2.7264361924274367	-0.6685647385745745	-0.7417378353979855	0.7995350436259857	-0.10983594292816194	-0.3369711567356399	-0.4557010024378428	-0.6741356286996502	-0.8247515507346634	-1.5736840424982628	0.7003106614952541	0.40708597614121567	-3.0181627989603252	-0.2956383876839243	-0.9843422474804837	1.838761669017626	-0.722021109922028	1.2237932806456333	0.5199450789087989	0.6095544377744884	0.37270662108894065	-0.1915493487225468	-0.7243054076509509	-0.8673887194167388	-0.13583897235569892	0.8662963324126671	0.011112300376199575
DTXSID9048986	1.4097821613075323	-4.477997366912178	-4.335585916024738	-5.573512494753872	3.8109069982103456	-0.3647126169621191	-4.963223820057615	-0.6922590176889731	-6.170796529459587	-0.17986638604615862	2.457419875718168	-5.84612592219611	-3.014102752455053	-4.050621911188513	5.0477519709729055	-0.1919420015861484	0.20603042835720015	-1.5724763952026333	2.4611514959475325	-0.9816606073188145	-1.8570749244410407	-0.13570991766446935	2.0545617916084087	-0.3632899379415131	-0.01558617284603945	0.4775973616862579	1.183343688117023	-2.0680368845978245	-0.041314485902729334	1.5045499774309914	-0.36046308146373324	-1.956494994375228	0.41813465674449596	0.6688045208885185	1.0254390546406782	-0.6178445072232545	0.0671427297996733	0.2720665635428469	0.37693700883571074	0.5009508870051338	-0.7671892799263901	0.3422972430476099	-1.1630928415111068	0.346388976998139	0.4157684569848361	0.0016433919908972494	0.5142675527877753	-0.5246978122032697	-0.06506206666822574	0.3391860005673092	0.18757610950714215	-0.34015048847440016	0.697551594693458	-0.32090449519423214	0.6920576526349173	-0.5464509523050186	0.37368186558492733	-0.8606869202069511	-0.09810744154291333	0.9020920256888966	-0.2548026523299615	-0.637214017371899	-0.4323764308212069	0.5561687964651211	0.9709399736336928	-1.3132311712207425	-1.5939083955101037	-0.1272534474863171	0.6561147070614047	-0.5946162744057021	-0.19208750668263644	-1.293181821842766	0.20370971677811667	-1.0103345580971521	-0.09739222866735486	0.5064757827035067	-0.4490009877969638	0.051575613344986455	-0.8366167222029902	0.13090874461894417	0.18672915582756391	0.2972404549257631	-2.2866415509935387	-0.29904751422630316	-0.3564979236287785	1.0998364170952555	0.4914210519160835	-0.14739509328532086	-0.13938557479982466	0.2180338569376413	0.4904262460323767	1.3818926095803001	0.13066445825573314	0.3738652852446964	-1.1116823474811806	0.2894601942618735	0.04248795163628568	-0.7893556327965222	-0.46453069740634034	0.649713679526198
DTXSID8020709	-2.687006587984053	-0.031661632789145897	-3.092738268288741	1.075650060187063	1.0606460088513283	-0.5560019513394783	-1.6764078322412896	0.42130418780911194	-1.7429160435982889	3.4299586364646477	2.4160748277080986	-1.6660304452502088	0.5431091613401204	-0.08827739526824918	-0.11790640810498693	-1.8906714207508917	1.1860873991067808	-0.4737762013007803	0.4456017030947369	1.084036174259191	1.3043624009177002	0.4546814707005346	0.284573616787156	0.40005095946806224	0.26050606557278805	-0.019185333286865943	0.6185303129793933	2.088980364046009	1.090037182107433	-0.6918465422942418	-0.7727763055427798	-0.6322963282518435	-0.9570459331420417	-1.286076245229265	0.8197809299537064	0.4860908349769139	0.20721326030358567	-1.462198610073892	-3.1034437297472923	-0.3014335974453014	-1.6889662859536074	-0.7274841134861254	1.5227319752255848	-1.0532783999666187	-1.9028723346273966	-0.347289337050615	-1.7585096123663844	0.45793848185865527	-0.2285746317498389	-0.24674774198546195	-0.05160232853555412	-2.3855384717120796	-1.123837428941403	1.2538120973233569	1.5435254037186463	2.119196696137386	-1.0790007141501483	1.3528721063078244	-1.715205907377173	1.6504569082414051	2.559252943751363	0.5633083625783627	-2.0079398802396367	-1.0066405575714683	-0.0057445376223771	-0.2782759505492845	1.0902423919179411	0.7724336878531378	-0.6983385575345442	1.0794992923874733	-2.009442621341081	0.5941520166489339	-0.6791075840626665	-0.6234607638090394	-0.4479937234591342	1.1550808898661769	-0.09489676047821036	-0.6221726324472134	0.4071701010300314	-0.7777585651634107	0.5879115844854838	-0.26999122355186483	-0.13943926913451965	-0.3328925940206046	0.14230432692415462	0.4016380303220943	0.862122510807366	0.20924063242729404	-0.5751574439040998	0.15127268901961002	0.3584922752725043	-0.9080129674919144	-0.9884233918853845	-0.027179141913932423	-0.37027419924035165	-0.41920885252543527	0.5311238037516807	0.25107369789946266	-0.3009846055630749	0.3967922543399526
DTXSID10379254	-0.9979408532328754	-3.4177773325198904	-2.3063329813229956	-5.081209789229213	-0.11099190234338877	5.827116852711497	0.6612030629817655	-2.1548980862402844	5.510716546215732	-1.6442520403342125	1.3346787639675173	-0.20657814211821365	0.7353056129283794	3.4581726824323558	1.213671512638245	0.1852231944798419	-0.6391868869220708	-0.5276287433216211	3.1757750266504696	-0.039051698995715	-1.1239478714147721	1.2958736734821643	0.31780267054128397	-0.5028419074496054	1.006185656705558	1.0622165647866042	1.9019469184554127	-0.24643409017337178	0.8181866328415214	-0.549743773230221	1.2490020093949843	1.0556366762605325	-1.0638018631401287	1.0051616554560288	-0.4195167307052667	-0.17399828838507245	-0.22566376494903662	1.071277377413487	-0.7789617138327356	-1.1340037459000205	0.08057763994662658	-0.08968261558701503	0.7063942651924138	0.2983371170830031	0.2645952447792446	0.9148190501389761	0.39661792319369954	0.25608351792161294	-0.2721217789638149	0.12933287017561748	0.027441397472624585	0.781275281911754	-0.1803301055059116	0.41116695523289504	0.41593002746672786	0.16421448184677362	0.6217199007570354	0.265278265108432	-0.3678390603466198	0.49551661751256754	0.5597624761190937	0.12144933901372118	-0.16209133284154886	0.29919056372056674	0.5089368876524368	0.28155650830545587	-0.02335074272714921	0.6936985232830091	0.09440564213625567	-0.5627990922427477	-0.8085944596471482	0.7750333079534704	-0.719035305259933	0.6386510550840099	-0.22821915972231288	-0.880632580487697	0.5839319645837104	0.11875806771127208	0.7236556470814883	-0.6863937795730473	0.7635021356042856	-0.31334024736941735	-0.49439732218486454	-0.4105407676050964	-0.6170514004174925	0.3989063789850666	0.17780199167117564	-0.5646856536114193	-0.18038364540695026	-0.3365446294285067	0.8007996613712097	-0.01411485938066909	0.6238678924035024	0.20222900134483332	0.04763454606206618	-0.40400005182247417	-0.15263568456477244	-0.005242640559747125	-0.8052936639757268	-0.17737994748494515
DTXSID0023292	-2.407550671558657	0.6969362291342989	0.5015645117621735	1.2003910662426558	-1.8050654104954555	-1.6105775312440576	-0.38507138804327895	0.17925953637392245	0.6702939730477864	-0.7690701328346555	-0.6906353633927125	-0.19700103901781862	0.002555089391134054	2.195415504010365	2.116263570796519	1.0441487894975054	-0.12828911651662067	1.3549301160594056	0.8773399848520965	-1.284653574577786	0.23585763822530673	-0.6807369139074474	0.10347448863238116	1.3108126573881709	-0.7562896595816568	-0.29055286742468817	1.9358878220937423	0.4346875923439336	-0.02184656721901729	-0.053604814734762155	-0.8219722050896667	-1.2359038879390654	1.1458456975860059	0.8583861162958565	0.1101150810802062	-0.8492765208498378	-1.2058097292274703	-0.4754147647042781	-0.4663600293771264	0.6347741995617009	0.06306549276388167	1.2465577249370126	0.44726662914012394	-0.5711636976675404	-0.133776294644482	-0.06712348281288581	-0.12034705535686982	-0.5690584960964616	-0.06842761451213933	-0.6980425595868952	0.07831007911207666	-0.5300864931464758	0.3043816218814406	0.2679043481568185	-0.005151776710672145	-0.0778099183436412	0.47224982692618805	1.309014505942149	0.018947287964084895	-0.07505151022491041	-0.1644366405251126	-0.7798821834712383	-0.31015836452779444	-1.7676084306983237	0.3783418777455834	1.0775228272496586	-0.7103593440704161	-1.2254807738308302	0.1744963100648516	-0.44416412587632775	1.165960682074568	0.773620259328517	-0.1879914219308378	-1.6693365443873742	0.5648484579800841	-0.8454440503657012	0.08689533785351047	-0.9893591507800472	-0.6968481588740296	0.24751958319374395	0.15813750126859014	0.15884539175998222	-0.05515352844787628	1.0183835232171796	0.4325740490194073	0.25996930134331203	-0.18039680449823647	0.05226638273483116	0.10051124080276325	0.8272411484927161	1.0148180474779442	0.2939392856255983	-0.17433927948869327	-0.2899067170106901	0.325225652073213	0.5130520772329833	-0.2558128859694429	-0.3764007666665598	-0.18737266208125872	0.1019290277696077
DTXSID9041362	-4.131392830888471	0.09466648673239389	-0.3595115601791651	0.2318395307669123	-1.8349847222410796	2.1788837874589357	-0.7667386147161603	2.1407901739890005	-0.9587857998526731	-0.2920231287705577	0.1705145424906687	0.34236758505183035	0.4112365940438017	0.02426603291092662	-0.8337381204487494	-0.321407344019228	0.5882819297701637	0.16913894888842262	-0.5660532405307184	-0.6279937144111515	0.8334002562582762	-0.8223536888363578	0.37680768497767436	0.9122947325233035	-0.9180035619928573	-0.45692236148260207	-0.07644570121299966	-1.052118446729561	0.29138526748617094	-0.30701871506790146	0.7938838743894495	0.05011048860501887	-0.26030327608911963	-0.8600981192060204	-0.3121602275596656	0.25688784995772285	-0.18658829129483212	0.556239146947273	0.23257256620001956	0.30723068661898356	-0.3383100794504758	0.3838578566332317	-0.3587507866193222	0.2970887131431382	-0.31502968322666514	0.33696869494935455	0.13905646276276074	-0.17289147781736647	-0.14260525175906225	0.2975674950476753	-0.03393828040719833	0.17976889703406543	-0.1366490426665166	-0.022865894018923485	-0.2757801175454599	-0.33070900374919243	0.32140662674733755	-0.2710133097995778	-0.7717946894878834	0.1701732373820916	0.38550364604886544	-0.19684272010246112	0.19036785010313892	0.15668588746140674	-0.1716293827140357	-0.4349833679852485	0.1571315610452758	0.027665811130249622	-0.17692603382290148	-0.2148225945231763	0.049575222651549594	0.3612858470687508	-0.13130578656711844	0.1988412083527965	0.34091914568223974	0.13261197749877454	0.7230482945090052	0.01819567948352881	0.11259550376664078	0.22297989083328426	0.13116687733185067	0.010185514991601502	0.11101885044794098	-0.09376429058903199	-0.21386623798144985	0.037233281483014566	0.05118929797873179	0.22613840544514965	0.09849087060607817	0.12976710083823254	0.559768334555313	0.15676751067913616	-0.05021837712358235	0.054753250672396406	-0.17028173246727885	-0.10798305659607849	0.001996366017355488	-0.1600179644315062	-0.48358030392518847	0.2706973739781147
DTXSID9048982	35.72138450930201	-5.370353163349194	3.5693269837734554	3.4786415782870925	-5.951115840884044	-1.9183218414714962	0.6648762833975396	1.988986570536761	1.3884792439558937	-3.9963479890301223	-0.45589609326176506	2.7755873427568165	-1.9769589102265435	3.656782899867856	0.06008030519874149	-2.1306389879874	1.5617670874236849	-1.273585005493603	3.4984007326082587	-1.2931243414773455	0.157220430563403	-0.6205490599271495	0.03607180038139571	1.4972065233049265	2.626258600681713	-3.525724017845265	-0.29478169318157577	-1.593130418462049	-0.16675365561186647	2.7087968063945045	0.9890290108863589	-0.6915744899320876	1.2994535099619184	2.0967953680241638	-1.605915660794636	1.0622527029633715	0.22806544253955116	-2.164360539017664	0.1401551679281029	3.485350597160955	-2.3513956746870135	0.2213987430349311	-0.46630027427983045	3.214649227601178	-3.884124161640543	-1.354946129712255	-1.5657363554599835	-0.7028371828725108	-0.8988944659200779	-0.47619092372500427	0.3770152912845904	0.11464340729744968	-0.6736875449669164	1.5611044521773094	1.228048125578694	0.7054309319568248	1.6045870578898083	1.5457492658108913	-1.3888972037958751	-2.877078036959653	-0.1360052342486867	0.022996156536356192	-0.037921570452368714	2.757179481805666	-0.7413265523304453	1.1753355160586059	1.5299063637228016	-0.29687286281447867	1.2402121372572277	1.895463404402937	-2.0746661893111686	-0.35887884052922836	3.356589720399187	-1.1000326532891225	2.9170421914216167	-0.5535587073060263	0.9546382564705663	-0.608967734596694	0.26304531942134457	-0.45038747141032315	0.07355327395687472	-1.8769362913358025	0.9812983857925035	-0.005657441678718426	0.21257632115313685	-0.08481567135453091	-1.7746900780982853	0.32779082783182556	0.7504274589900838	0.8804145348231327	-0.615516077207594	-0.47412239143801665	-1.2150569041389478	-1.0729939545320009	-1.1313664802654517	-0.19798766951999774	-0.6005900815322313	0.16412141007719017	0.4716763120553569	-0.28280501875693914
DTXSID8045359	4.230212334238079	4.02753841460749	3.374692240345094	1.621139754031205	-3.1228389615430787	0.2437051160482459	1.9208179924880207	1.7631941757351275	3.068613213721068	-0.17915437401629355	0.785241162895027	0.07772227261080276	-0.9288967624964292	-1.8098540189374939	4.004774413234637	-0.9232545445750787	-2.3497283530832274	-1.150629693319143	-0.2726434862063393	4.004189519415345	2.887099026310613	-0.7208007598166754	2.5378179663976574	0.9974297817023399	-0.919792451984335	0.20524448203786322	-1.5796391493376845	-0.13733421759600478	-1.2200352951630722	-0.19003215444913235	0.133424024542582	-0.38737477930099784	-0.36551360522941356	-0.32163627909607706	0.13549095501902192	0.45699614093848717	1.254950980183162	-0.7817298917504106	-0.9258086712968502	-1.9627670036930593	1.1118437772393082	0.48495991756997686	-1.0820558941980893	0.9733150562158638	-0.4076790680791902	0.09825645847911917	1.4411484434266297	-0.6834834684968254	-0.36065693108587366	-0.6900686563141251	-0.019834491798580583	0.32420689051640034	-0.3606908276998305	0.138179651959709	0.3607313462650294	-1.857381433529396	-0.4452795068236432	0.4452586633627189	-0.9641816133310098	0.41832375094907864	-0.22116282817647898	2.05505166976282	-1.4221046935405113	0.3960523395138417	-1.105011755558966	-0.6945788182955835	0.261796995265736	1.6645879873264111	-0.6590399273295499	-1.4806527851503601	0.46504911023615103	0.2056892894614396	0.6744319232820009	-2.585710080826749	-0.5451140734881332	0.6824354704707545	-0.6053068732307704	-0.449898033779758	0.8473677356357479	0.7449126557054756	1.2778793484760356	-0.35000578282264283	-0.9857430059819684	0.7090761551671355	-0.025605107289182128	0.8289735382970312	-1.0522253859039252	-0.6066563211099835	-0.183185306802938	-0.10313972258637147	-0.7699286209927703	0.1519875710978905	-0.15813958853101792	-1.1077724590346574	0.2531493346400018	0.014546133636156696	0.1318518971317144	0.6466393340020063	0.1629864456328427	-0.4801813071259074
DTXSID8048781	7.499600699822135	2.316199676721791	1.0727016242238496	-0.5309093230776064	-4.509207611667844	-2.4898058050386287	0.9490656171121276	0.8891405759046647	4.218571555116007	-1.5421364210726247	0.1428787416575441	-0.31361905655202243	-3.2855419682371925	-0.922829054456872	6.679018502631553	-0.45103842683428297	-3.5690979285053346	-1.7581700401597633	-0.034111394185173914	5.527442604315495	4.158322447767229	-1.3612671084678933	2.360596071941373	2.509385421937305	-3.718526798060841	-0.06662296111076682	-0.4809872871623624	-0.8213574345398351	-2.473221222925273	-1.1790312837629102	-0.9382232362977506	0.781506523285722	0.24665565470636733	1.6187264398353374	0.88074121972176	-1.4062651526748684	0.15789058354742985	-0.0507798179111783	-1.501036155570119	-0.20473078080947854	0.19915979963986127	1.1385192267760222	1.0362152306080303	-0.0330919129498329	-0.07390809550973965	-0.0691956178769366	0.11964394947421317	-0.7068631027343704	-0.15163497257520542	0.27381106532719757	0.116164707593699	0.23155255222923082	0.5310609499173244	-0.21010328108309054	-0.9060063453268316	0.057497070232572875	0.256795956051185	0.8282684095322523	-1.2837307314906632	0.36839386879693065	0.0744286361406217	0.622010921380742	-0.4430211071347718	-0.24962894384969317	0.23066450835647695	-0.4750584597853457	-0.5894941084401846	-0.27135295018042166	0.08469616477907559	-1.0607567912081586	0.7093273996603785	0.02076687573305546	0.08387459483141319	-0.1873139389363798	0.0016132019139444309	-0.09249744045696134	0.5337559480517141	-1.1629289940017677	-1.3177549583925754	0.3934029362747268	0.7248485756341687	-0.595349961311913	0.5087960698970561	1.564173197898911	0.39619822145280215	-0.6736234094981515	-0.6649879710914689	0.7935763953639458	0.4336544448732683	0.10632623799816467	-0.6940253248017093	0.14862437482832727	0.04125584431693389	-0.6795796239945148	-1.363436369687393	1.2295935942585892	0.2753528442790838	0.42393675368126343	-0.041083011219365285	0.4546312312504668
DTXSID9044409	-4.571818366586784	-1.530762748982965	1.9163015402203132	-3.395919347772141	-2.158369783829765	1.469332844646562	0.25464888077794984	2.343119335595276	-0.2096430999419366	1.040481452579222	0.22074299738345954	0.30796227567866746	0.8046002927867143	-0.8843215530796007	-0.8583115719921414	0.08384417903755319	-1.3105092233125364	-0.5578160932717775	0.10271091668515198	0.3449840548104537	-0.7079555098854299	0.6443069602475062	-0.48222614700132854	-0.6666464099669863	0.24831718078595275	1.2213667226222857	0.42265455482169856	1.3783784131909185	0.5206593650998016	-0.4666424068461756	-0.3806498025143416	-0.23841462023067814	0.11330529809908793	-0.1943228096423448	1.3351483962507245	0.7134749045459703	0.2924480393622796	-0.48278213606430187	0.03368394882021025	0.6117356610553318	0.4319312673059271	-0.9730475109034489	0.4125682262265797	0.21504126576833887	0.2118630497950842	0.006599777271891167	0.20559841125188932	0.05217350746492275	0.36036758182296197	-0.36812794242704117	0.046159404488412	-0.1307594734714711	0.4234527385660374	-0.11053634446607817	0.24506342616388535	-0.39257209738220533	-0.35011202723697815	0.14980980935629218	0.6018552831302775	-0.5591069676189124	-0.5548416998939933	-0.1891971017300784	-0.23876930449827954	0.6709331480268202	-0.4520653284253195	0.6848944139551033	0.8122364143970325	0.3818356879807065	-0.4990468952627296	-0.25071268255624957	0.805723467037225	0.061233189406432235	-0.23111167572884628	-0.8894596465427141	-0.1847283738407085	0.7101041120645006	0.043257932786794996	-0.7009892498415145	1.044883021106969	-0.6743091476637527	-0.17491742760060475	-0.38522001783447524	0.15923040985599068	-0.3339324138007124	-0.3843885711936682	-0.4293105716142089	0.8310804108994636	0.7064914885530711	-0.14700646037311021	-0.031015372104928978	-0.08788069113879515	-0.22876711259933208	-0.8833541029943872	0.07469934723597835	-0.24648419284943143	0.12211366498847187	-0.1440747928333126	-0.2134831694737679	0.25106562553467365	0.02174902638036954
DTXSID0024559	-0.20213842546938793	4.661351335463106	-3.496720662930347	1.7369441018668093	-1.7700946903653372	0.24577699586264307	-0.5437879389047278	-0.6994519351749774	0.2896705790378798	6.113501383489747	0.3000094506617081	-1.028531453579677	-1.7333602195443503	3.2379793667573185	-0.8750246510472928	-1.8428961022168797	-0.27797561748492483	-1.6714681738539943	0.5773035396558213	0.31020825532236995	-1.8088960216200118	0.4095625009313111	0.5518677777156564	-0.7103165463710772	-1.8236053198169784	1.7236850536734398	-0.7277383773836023	-0.1366505064135736	-0.009969732302399099	-0.16885359307057593	0.038934401461518615	2.6970413573142706	-0.10053885663639749	-0.913854972070112	-1.151755423843179	2.7783021783560393	0.8070886227230392	-1.5607270905605395	-1.381544296473466	1.4474437132376203	0.5183512714755083	-0.9256001104901489	-0.5860514986892145	-0.8337791969073618	-0.8629275529100033	-0.7997958841531874	0.7745568734117619	-0.005995932775088642	0.5148570347315045	-1.0270165958274096	-0.6406331946208532	-0.28356131358268155	-1.0928089192399058	-0.7411191165106447	0.15616578134005116	-1.2857102390986528	-1.2857985825366833	-0.5998319198169356	-0.4518258878650812	-0.7322498967240296	0.9891831169717471	-1.5537284429223739	-0.12167968436676857	0.7463670888149276	-1.1262798940646777	2.4737658847270847	-0.6255367392012708	-0.231688693017881	-0.13693631310941096	-0.7376582039670304	0.28821936626953043	1.4499788248747865	0.6910423290437524	0.6551437445531773	-0.7092839708783456	0.6014922317528573	-0.49350069576858946	1.1272268164973578	-0.5934969207793321	-0.46346367792449666	0.6710888727083196	-1.014205768020483	-0.5315962249506408	0.6590626004756184	-0.8511102784448735	0.2149409431902187	0.14746115212755337	0.34392040865640133	-0.09258759166326584	-0.2957484891109788	0.5163389223292868	0.49514227062732813	-0.3025082067434121	-0.6491851368530629	-0.37230233619107894	0.2659703328970141	0.29577132820426333	0.3948803908132249	-0.05658287060303756	0.07927352249072904
DTXSID0027771	2.519077971960908	5.272284476724005	1.9875496137896267	-0.36212648553670634	-1.6489227601041052	-2.557429885951875	0.304770114714415	-0.46137154293335725	2.857975868001338	3.0060384094757047	1.4222756302370927	-0.20198709773894535	0.5538371443991664	-0.09398590110870987	-0.1380429474141003	0.5625844414532356	-0.0794613679566565	0.4970932988807973	0.41610498420701447	-0.894145233919271	0.681005609379841	0.23155373697539267	1.382638638659285	-0.3458911625739085	0.4381770405944221	-0.43922719625326617	1.6683167578546652	0.37305615995416874	0.4379465542234907	0.845150628041692	0.09473476835772394	-0.33305584426745	0.43892288467353097	-1.1736579303080619	-0.4709901540692957	1.194166307904315	-0.986043389989194	-0.08026532878974456	-0.38476047387058393	-0.9620155310958036	0.44810594992637576	0.9468301622470908	-0.008998670648788171	0.6132529578988055	0.9394115772482055	-0.023407796120446793	1.0943348655481184	0.2447677190317904	-0.2770411337402066	0.14088873366542926	0.12183715746958644	0.2268908886192632	0.705524862011936	0.45095278711402287	-0.5879301825157782	-0.5146366306322525	0.15854501695897905	-0.33588844646561283	-0.12785315319964427	1.031865841301638	-0.5515389233735019	-0.9008025354924343	0.4027093074345394	-0.7856298959959733	-0.17445104397295802	-0.0555768147545045	-0.26685641158916745	0.5743935669029192	0.5050939536737263	0.9728556473294412	-1.6440807941558926	1.053884588510531	0.9463269940840623	-0.5165304641387437	-0.5663936574645352	1.0490408495779795	-0.4402824974132021	-0.21207732041667607	-0.6021631536870089	0.1842833604013049	-0.0013700621195122534	-0.7723492072293558	1.0778311446814102	-0.08416418007355532	0.698970745568052	-0.05482417211659776	0.4644231536587612	-0.5649142014678347	-0.8160847222416439	0.9786547917467524	0.4334594344553294	-0.7019996189644675	-0.3949434468779935	-0.3287435688986112	-0.34997171815209677	0.1568305825401293	-0.715710718630652	-0.37687409875546085	0.07167916422341548	-0.23543591475230435
DTXSID5048970	21.118244385392966	7.170975473721082	6.51903340808343	-5.353226156732643	-0.5429693919002085	-6.552568037854064	5.139930596635208	1.5061520886464126	2.5588262952305	0.995825966863522	-0.4527848575725749	2.2222788391103694	-0.2008677195166934	0.5644658909610931	2.4186305659583236	-3.1743934156043436	-1.1049394675879995	-1.280215827057192	-1.130081762687848	4.046583760076526	4.323310091913335	-0.028497878925633383	2.2852196441713732	0.9346834107380975	-0.8573375808591542	1.471231018585452	-0.6503543937394207	-0.10892483188897069	-1.193924441455726	0.8589183303990403	-0.009430626482748644	-2.034638377492584	-2.228395159054561	-2.759836163121533	0.13168715107128268	0.8577273961338698	1.7277318837104387	-0.8469459039782556	0.3365965318059095	-0.010032209415252473	0.6387837348971661	1.480205986448395	-0.8109594105092349	1.4767299506599214	1.262350241884075	-1.16800312727763	0.9046678427149617	0.7559893310014517	-0.41114312535833053	0.14134333880251027	0.20488806061349488	0.7335842843754188	0.44584957256139146	0.19110827629091973	-0.5929502691425315	-2.454370433151017	-0.280280072448559	-0.4915089451637794	0.8160645759234756	0.45192664205393607	-0.27583354726996645	0.8216570001442114	-0.9755649961472098	-0.09199304421114787	-0.5723965938616326	-0.8805997456159045	1.6882667318613538	0.7574437364870175	-1.0305887249024281	-0.03330793514336415	0.6010297717045638	2.489442205042327	-0.8586026581413093	-2.47216136413048	-0.27150716336855707	-0.9508628387167561	-1.1248758591083547	-2.870547374742462	0.3115191503300913	0.25829432341892467	-0.12026830398688633	-0.29637705944782833	-1.7853882119842623	-1.1383133591649222	0.6231874754586276	0.15234418502806482	-0.025702204145393825	0.07544938847837138	0.1374207977953442	-1.1641423083279483	-3.4199650533095762	0.9704244802361255	-0.1417093710599343	-0.98612445790095	-0.39620702728970314	-0.6849246949426748	-0.06432301879780154	0.19858560998252608	-0.2738278564923453	-0.703502873407383
DTXSID6020432	-0.7841881096706075	4.840172892073695	-2.567598496069475	1.1714378517415882	-3.2038375089233515	1.2771388728090802	-1.0865589079471765	2.015776948566127	-0.33490204813083635	5.413743407478176	0.6828979996194817	-0.8172648243656525	-0.5127531786954832	2.848209156867388	-2.619226511228515	-2.5565520543276428	-0.5881369602656384	-0.6873911244027643	1.3585923304649383	1.2075848705910484	0.0752888904967048	0.3620235934949917	-1.4488573530560531	0.006359487827008801	-0.8725567454652696	0.08991605598792492	-0.9461617119662388	-1.5377572645353108	-0.41658380112836874	0.2177231331367628	0.5545043445273539	0.5522501379572047	0.22596278921951937	-0.13650517425593542	-0.6299633266479945	0.009653666642499843	0.5966549766243318	0.9134026758375399	0.18148135349983036	0.21157996766778234	-0.2905932843787592	-0.15495713417320978	0.36396732465886383	-0.5817557312618119	0.7515820399433016	0.27063427175220967	-0.2625198876909814	0.3280766275722893	-0.11724019836850169	-0.09102165013497746	-0.34089597945363254	0.04879476974601191	-0.3811862089489672	-0.3815870519746973	-0.22806377947719444	0.5177270418599834	-0.09605942652387647	-0.5252691109194745	-0.35369959435612375	0.12675173831446981	0.468401841520382	-0.15576849494691994	0.2023675496067589	0.0673152114779462	0.2774985924120917	-0.7979852262097251	-0.13796649416190218	-0.09676866376119257	0.5978680686860516	0.7568648685764181	0.6938758409056316	-0.7622412477885319	-0.26684779533006225	0.0345503041143943	0.913118746873711	-0.3566022485813944	0.40730033907798663	-0.08038081053578809	-0.3984901055882603	-0.10669151195340167	-0.48747521219414824	0.1695658450029516	-0.6613502403203182	0.6291690706146164	0.07872174130924359	0.9357035509594355	0.14831383386840072	0.18386153269213107	0.03587818890834018	-0.8726740116270882	0.5621573319147651	-0.09976092500856217	-0.12032131344730611	0.5928540120745285	-0.40022892794911574	0.4157095057462282	0.25918651374280033	0.44269869704925846	-0.8443385695116095	0.07387019602715506
DTXSID0020232	-0.8037436785777496	0.031605057569116364	-3.068313829413938	2.300108245897018	2.5144201334036405	-1.150226889562334	6.92915476415777	-1.7917456044639561	-2.296713909980126	-3.2555569070972337	0.07837494828917758	-0.019785075592609277	-0.7754078513876539	-0.7197953844843992	-0.44423060543869847	0.0635564132178324	-1.2615339189799393	0.043350495603013274	-1.2155492164986546	0.9739865493814007	-2.0560194358701263	0.14040631672544854	-1.8585162022798152	-0.7372680204695163	0.7094954631056616	-1.0851110050811763	-0.2832937184672543	0.032122387373969274	0.371776815918392	-0.017841356374429143	-0.26979213213516035	1.2444687142013098	-0.0828071615813115	0.5723232718585666	1.1581724307085262	-0.4003134824238651	-0.8802724934659889	0.5394843528991159	0.8587615970173413	-0.04216919912921292	-2.3457420536042424	-0.5806315564580582	-1.0172885620471888	-0.2501400674845066	-0.2184527759043693	0.7366118198565804	1.1820747989286382	-0.18924331815166046	-0.3093100584029771	-0.29145136230902013	-0.3339368796098332	0.15215989648906603	-0.9718371332850338	-0.2115740747515976	0.3596505808553517	-0.21321380525889558	-1.9771303329571575	0.9337926923842265	-1.0822431352052606	0.1579039195271625	0.2966187910263298	0.5841231996762628	0.008172163946137548	0.7500845429006646	0.44052009484848514	-0.4004212894755951	-0.5205994098794909	-1.2099017568027075	-0.8752804434881734	-0.7713705064559833	0.2958125426587583	-0.7948855815501643	0.7146688308025728	-1.098979739491425	0.6253318811818789	-0.32403637104310823	0.20905542352360218	0.7995038738411953	0.6425319563349672	0.8334391337184163	-0.3316002792999254	-0.28811352324321626	-0.2357001010508645	-1.0841600721745968	-0.7829726731533593	-0.46030939456710945	0.31516189703424896	-0.3634518187124503	1.1299776018613383	-0.4976598237462715	0.9740363596791536	0.4691859460868907	0.3263221144778165	-0.8760216302408983	-0.5236938247106712	-0.08131886400078438	0.13857179295553193	-0.3883728696906564	-0.42472577350742835	-1.0956270182622918
DTXSID6041680	1.7512738929206513	-0.5795258816231522	2.2363188588072878	-2.221807802828002	-3.7803151244542854	10.164573329375761	1.895755887410658	7.964355341894611	-2.6193197752449917	0.8782278245060436	0.26081036457206314	0.43533438813766884	1.2085423488561693	-1.7180042376546762	-1.049840223622171	-1.6750370267473844	0.21323554750021306	-1.5759464852510052	1.1495897051466857	-0.887588857034438	-0.8089228101575183	0.39967817842222697	1.7087521892643114	0.058969331622125414	-1.0745173540781854	1.4057809678537811	1.7004946715763132	0.8214828709711758	0.2572560992974103	-0.8949080360388505	-1.0819369154313452	1.608690264503213	0.48494491128355033	0.10390347066753391	0.9465007645130283	-0.4036993324433876	-0.428019949021962	-0.8946774553964854	-1.4903279500048008	-0.8416654469542416	0.31916324679882024	-0.0008719466676942196	0.022955187749631324	0.5856133743573461	0.3574967798083496	-0.8536680555528027	0.5098009942188579	-1.2459156286117308	0.37324546557402105	-0.9733034294671714	0.27321760634882225	-0.9830705080265782	0.8216553463742433	-0.43340185253913655	-0.41939589756771256	0.1564862817178978	-0.9954549077686141	0.9504675111398527	0.3114865058036491	-1.4040985113571898	-1.4345640177518655	-0.005368554867333691	-0.2194665756672991	-0.9729907621280401	-1.003998975734605	-0.5541314014593	-0.03973687362524296	-0.5049908666182376	0.17468690376742366	0.576912629433523	-0.5116374626242977	-0.2524664308270873	0.9700571815328334	-0.9712205734435044	0.4992908110850164	0.45100704627105487	-2.1968617605178147	-0.23325369427795803	-0.4367768313154154	0.6390273391244866	0.301157121335702	0.8360555272116027	0.3084363142238167	-0.5197890424170388	1.1348175956149142	-0.1261811387491606	0.5752549882695412	0.005580212801819102	0.5244550747977724	0.16195622693330894	-0.3377670168619085	0.41021290968800805	1.4321256795352648	0.5390595404736448	-0.1800396534156457	0.7489819919579197	0.7878010774380639	0.05561893421767907	0.610595734516208	0.4338932491357463
DTXSID2020713	2.0532136527877807	-0.5729338576031524	-5.030490587164572	-1.2614006783123681	1.2120823007433015	1.9990356169166243	2.400145621710293	-0.2528508354863907	0.43605712343871006	2.066340668789954	-2.025145788885939	-1.8174057843533657	-1.3633759123310467	-0.6512716735576907	-0.36097702298229517	-2.478486813936881	4.276717185892031	0.568995868004691	-2.93461078823847	-0.130810036332841	4.729458913815478	-0.2249640549975902	-1.9959059063331648	0.8038198990069612	1.3350308227480172	1.2806109245498838	2.0278862065423287	0.289094461082228	-0.6567402978456005	-0.47513531044611396	-2.376577200256726	0.25459466859990876	-0.43412330177685393	-1.558846023042005	-0.3184872207487858	-1.3069114674513176	-0.2812422692251868	-0.759949441524973	1.0767751487941488	0.20071009755153066	1.773374209911209	2.9776655414744653	0.2209319767151765	0.8506413725806548	-0.1922356571168909	0.016259990312874513	-1.8093556805275954	0.5054452886420581	-0.22266429210920613	0.1861152680876822	0.29649258802933487	-0.3741349138793404	0.5886831855757225	1.158941957401931	-1.398904687701	-1.3696579748894278	1.4278242931558076	-0.8539050069330189	0.8044150702479014	-0.9183437205706715	-0.8498054488113311	-0.041323733223876294	0.4166683335643438	0.03129459147381212	-0.22256566008956083	-0.4246643287635296	0.05458190036095725	0.08585209102169301	0.563625945067537	0.7243224617798407	0.17382449833612648	1.8315752792650846	-0.8415273047592721	1.0397001315896794	0.022146182841202015	-0.2945695262924909	0.06352856720752742	-1.0134188002962898	-0.5839887031646516	-1.2908253019175824	0.1411448506467685	0.28585833815864	-0.7042829170554791	0.9536747425786711	-0.9990377168602123	-0.2324696082583216	-0.2564620246048055	-0.5337593626574652	-0.26694029423548177	-1.3834365973874279	-0.4976957767345293	0.805258422471036	-0.11166350841551531	-0.7924702251328528	-0.4427956007327242	-0.4791727440840168	-0.40273286040186584	-0.0809986897274726	1.1889480263246142	-0.45692897785031233
DTXSID6045292	4.997275828072619	4.012883201351811	2.0931653429288946	0.7239049212436274	-1.3881229568733602	-1.775135128762197	0.016277198703972397	1.8788360331705127	2.9939011406653964	-1.7428431288990645	0.47943375535815874	0.12808961640384944	-2.026466874117416	0.4329868970380903	4.185889969601945	0.3445441077300362	-2.4476584084699984	-0.9569986613901857	-0.2325200054475598	2.8554907711095736	2.246485588481502	-0.8913780896935408	4.005989882052166	1.0726028239218932	-1.1198504970796546	1.6072768679566927	-2.0193335479303274	-0.9894625624022308	-1.3692971652840995	-2.0191693431732944	-2.8042725122688394	-0.5804954651683776	-1.451721387428477	0.04144788310099553	1.7304416091646866	-0.7336046631126718	1.5019546622357454	-0.1443425169018509	-1.895902929016003	-0.11436356040411441	0.9496722997996039	0.7060302128812925	0.5548718835407197	-0.29639221148014155	0.2419253587288737	-0.3711638351630493	0.18218602387775176	-0.9610143424782746	-0.00032542851744730137	-0.6293345925147137	0.06557854072384615	0.1120513365938077	0.3701351738289942	-0.44671459907308664	-0.03595344930107286	-1.304960215855898	-0.1848938335718701	1.2427232674660773	-0.010586067779549882	0.29818098268722865	-0.23232377168403082	1.3316403080313417	-1.6984560731702585	0.6009844808419984	-0.12821362274243808	0.6178085984821206	0.5632526109190243	-0.45436428151797226	0.9582339027872785	-1.9114552728491712	3.5483032566791937	0.3214738627858947	0.43458298958238334	-2.6339785782103955	-1.1324846331652716	-0.7882409416941693	0.13742879991396814	-1.6636051438008919	0.5543187625679338	1.2673858063893975	1.4790318002406857	0.44601796074094185	-0.8359745346407723	1.5247530903656032	0.6425369149485525	1.3531004070793298	-0.37184862908088545	0.20516554770372805	-0.8559585702752047	0.7512133308274563	-0.22978128784462923	-0.07774021568733896	0.3522816826865813	-0.6625743282229443	-0.3627083616553662	0.18189807997646687	1.099541530409064	0.8545763330129701	-0.3051390474286804	-0.09511353003677632
DTXSID3047687	11.255178789636561	-8.65362819810439	-9.331238561043936	-0.7537630289101491	-1.6738400673854703	-2.5419322535017437	-5.067305093900119	0.060641883777941524	-1.7289019354440303	-1.3427064440942373	0.7587941429764636	-1.036935506027471	-1.9066192129728747	-0.02307156010566307	-3.7058164002793412	1.5647444451890105	-0.5685816721967858	-2.4264689022540935	-0.9552687992804472	-1.3751235950115714	-0.0760455823002707	0.062481406223105655	0.4527593655389342	-1.105074702577393	-1.7723363201681246	-2.057957904815618	-3.327001325257498	2.3903318868757104	-0.0684144999378357	-1.7433450831746717	-3.8583356120577155	-0.5210273242569771	0.7415097595808263	-2.3686937773000003	-0.6576820663211912	-1.41946163241648	-1.4921885921415732	1.129034351226171	1.0663983394603977	-2.3491299677238007	1.4311772698821794	-0.2664231483063844	0.30002410746575764	-0.4476849870594362	1.7444916080479271	2.0145772274563516	0.8922828482219486	-0.3491868823144682	-0.6182678671908012	-0.45705022725222694	-0.12298542587322493	0.01802698105567798	0.7336539699348152	0.34854526449348583	-0.6089798585060513	-0.8529165677664333	1.1989380698839356	-1.4908918287591915	-0.3694020601574713	2.1474634770011543	-1.0787113960629948	-0.8823032702991802	-1.1490445509819636	0.059511284710053215	-1.0270895619170284	2.2769058253542322	0.48221125915303037	1.9158622584612195	-1.492970983030818	-1.1322276609318367	-1.7526590599289162	-0.19555159446375453	-0.04108385841060583	0.26600181550030816	1.754887611738924	0.17036560639981915	0.08239226196374855	0.4635168567509219	0.17428502988165787	0.9041325406178425	0.34891458044479373	1.3858661450276966	-0.6140842245630499	0.13932090253083732	-0.5462821786169049	-0.3365211003812655	0.5369341773621353	0.6755619748697085	-0.22697025761411158	0.8047068879044861	0.05679852397718603	0.5057267283175175	1.8017048628395216	0.6894389259431579	0.3675856027135704	1.044869115126526	-0.0735116496039914	-0.31987229095351416	-0.6552239797710555	1.03891741640413
DTXSID1044647	-3.0541628499737694	1.525126827477768	1.3965192871647618	0.7998398544087808	-1.3282346457459637	0.45332354869674407	0.2606216280396889	0.3292219104698367	-0.6207111474161299	-0.06729361380794602	-0.49974958198357133	0.44880320469425883	0.2960512955218952	0.1327232665517507	1.2329363762375458	0.5679764720067	0.5133938868869604	-0.007204574021053164	0.8757316559616101	-0.6327713750693493	-1.6741311487009094	-1.1341253032989682	-0.8317245528564351	2.098505092086211	-1.0487926463326933	1.0826555564831277	0.5865818959236769	2.319937220791511	0.7679364433141596	-1.1891343432364543	-0.5358756437241234	-2.1703073620735527	1.6829946307294303	-1.151306348805813	3.5271775516023816	-2.5586845610193643	3.119172418444959	-2.2453518962675156	0.4730768316656171	1.147461279406052	4.2580000832315035	-0.577429517469571	0.835479801687994	-2.2902675101086403	1.7945582526906103	0.9847133362385546	2.1977059476334584	1.4599643044487276	-1.3261859818739214	1.2223001646306875	-0.29597361073449235	0.6443941909699922	-0.3848096388028081	-2.7771499970850058	1.2737816336085717	0.016421328733823147	0.17605184812147845	0.6487597754218559	-2.4427264664398454	-0.9515208954506915	2.6216789448842106	1.681675527372184	0.7693805361744694	3.4562224181096757	0.13185593695037476	0.37336551951387037	-0.6323807863183444	0.6552345747037169	2.985156087594443	1.1177267935684743	-2.1509160481289955	1.326384939110255	2.0115930297550446	-0.05002921874914029	0.1983715208859993	0.4262853180587835	0.6444654260531972	0.7111892082483456	0.04950511148109247	-0.10106487130474374	-0.6653953912332079	-0.2957352979182003	-0.4538393244032377	0.46076531464463955	0.2784442659618612	0.06026785985177554	-0.6291799169044661	-0.37724667242202403	0.11666977382099775	-0.44195738364614073	-0.38687973030335343	0.21605011359697687	0.4176410181965341	-0.4164978239850197	0.6696430878603447	-0.9188525693634664	0.36901012908987996	-0.13310753734969	0.0033713745169322903	-0.22012717317422217
DTXSID5025811	3.0984391967940876	0.04115191310598726	6.556557179854316	-5.645211255278547	-0.005168086500620532	-4.980141978442023	0.35132610003545744	-0.4865972230643378	0.23891705832339064	-0.15707368615921719	0.3519475653188276	1.2339005110381414	1.4409942210557223	-0.6302745589758953	-3.241609380764304	-1.1984578110184227	-0.2853107003105021	-1.8127921591370861	0.8042524253557949	0.4330548651370888	-0.22878219751545611	0.6121473592662521	0.27350386403343646	0.3307427221479676	-0.9879438475633024	-0.1617071529188672	1.2868069450029829	1.0114332333994736	0.31752278326747874	1.2632732405624172	1.0501782867163116	-1.0210674652552194	1.0093925066302607	-0.3296852540879767	-0.2131803901935977	0.04826589158085293	-0.46473325773757734	-0.9876836556560386	0.49888470440041244	0.5194722066969496	-0.06978073233780718	0.40740224785323376	-0.0552656560601313	0.934952715696265	-0.2136741497730628	-0.721544092207553	0.2557560898512852	-0.7656755637551342	-0.15274490031488536	-0.6012585292604706	0.2097134873825921	-0.35438416525559174	-0.22635358682343776	0.35500165422855434	0.4502018863074233	-0.4387466320385308	-0.005966085655366695	0.014431510189637497	0.5811344171888855	-0.4847837226492142	0.3605681682255837	0.2836584391418393	-0.8623555777051756	-0.3777723327100546	-0.02521841218879267	0.6224980338355504	0.547331192097298	-0.12433357573229341	0.8893754929556315	-0.5665673070697449	-0.1341277945690215	-0.008351822483822073	0.08882920928188204	-0.019919424320870988	0.20105623698201552	-0.6523022184172533	0.04289415277958171	-0.5696849622031203	-0.1652367239051528	0.22369223416310283	0.2424675641261122	0.26629338082404175	-0.013067817600393291	-0.20416737284932882	0.042488309087330284	-0.10757012431115183	0.19071818142789826	-0.21361805000347747	-0.15095065826333814	0.493762090905646	0.6301551582276206	0.3465963141819853	-0.2839554494331415	-0.7103607549170383	0.5379022071663234	-0.11802362015249412	0.09134117829680852	0.10833441542993487	-0.24954872852469104	0.22204868153611845
DTXSID5046512	-5.461184869785424	-4.859532835257198	-1.2883426628349868	-0.4851466089654676	-1.7183606314314417	0.5521833641192619	-0.406690878697075	0.3386648769870473	-0.3279935914786797	0.4907453289218478	-0.13331206732546802	0.0683416124827302	0.3310765239085208	0.37253832818947097	0.12274877468024348	0.7893381358035573	-0.01809464090126018	0.3338748697218329	-0.36224444530591504	-1.4497277944893898	-0.033357799257151405	-0.5197165139596686	0.5145342760142673	-1.1174790255453253	-0.7953640278823332	0.6490973305051835	-0.7397234596156222	1.630270779255413	-0.07130341600405733	-1.0735133185325605	1.1425715653806263	0.47241220866878963	-0.21251054905189554	-0.20468708199804628	0.3779158324461083	0.12975461414460124	0.25588796891119286	-0.13235756443325086	0.16900217889460445	-2.2802438950972115	0.5854213347944511	4.00979729100687	-0.026112325209447257	-0.52185321765846	-2.1253520263409347	-3.132468859250975	2.3010517800527146	0.8458575756773129	0.8228609008783662	1.491800818389983	0.28689014730146367	1.5264759513384052	-1.144841905869739	1.0051067207658686	-0.547070051572823	1.2831541757163807	-0.6395717551715536	-0.7716478480838921	-0.4740502438497673	0.555436557494948	0.16254835315906574	-0.6781110080175969	0.03362956094041692	-0.37031346197343507	0.27671114178424955	0.08322081499213105	-0.013556574643093825	0.626431867211704	-0.1529599468586928	-0.0013961147830063418	0.3439557441159521	-0.3830537748661442	0.49743015179994104	-0.08911420497496131	1.520151359834414	-0.19178540298427832	0.06356044254836894	-0.29761753370473193	-0.3218133435933311	0.28195481914308074	-0.18013662886297438	0.6602396796821189	-0.11280128641430275	-0.017838813023264257	0.13230981891916851	0.1133023010014535	0.6182773675640862	0.0036556622103559905	-0.19543387272748908	-0.19087605212486355	-0.19794653743701543	0.1610972215925082	0.0070103556252838276	-0.09179758034244703	0.07664929253020858	0.09511686568050254	-0.5817154574629986	-0.319928482857836	-0.4165815758216892	0.26608377233157693
DTXSID9047883	3.5667044234650533	2.1724645744332163	3.4121773285482093	-3.154716742156427	-1.3487529423298585	-3.410623537895045	-2.217873355073049	-2.428151988108343	-1.1192906132729075	-1.2439621422538543	-3.36056786332181	0.4690014949796754	5.057697198237491	-0.28822324527740434	-2.2520972460056705	-1.8831816862987294	-0.9976604077950724	-1.5465436218789992	0.13391402352849474	0.8862637142768891	0.619077790233909	1.2700399578297235	0.5426153758718293	-0.2835422086810796	-0.6049826235569683	0.7936702425766673	0.5317654760322326	0.6327850717643099	0.14630085823820851	0.10730823309146183	0.26389776728927006	-0.6908210790778704	-0.500529941929176	-0.5662527270118478	-0.23187780839296335	0.17585948356991804	-1.3516935304384916	0.42724355913621553	-0.13498862933535555	0.4141012487807744	0.21304448338111545	0.38675896332483106	-0.03577984475893838	0.2728435757887123	0.09461635971932444	-0.19399145110424956	0.45550783544136186	-0.2972013375379177	-0.22030727670215183	-0.06143451114804962	0.003409920930615314	-0.14049356917691055	0.28062352238790944	0.16303365798561267	-0.3144728798211244	0.1622172304416301	0.039186278298587826	0.19351941183620913	-0.2392102607136634	-0.49705075607794896	0.4302318819313609	-0.20347248896012407	-0.28972845573858474	0.42554799023697065	0.4022852836631727	-0.5262159835336327	0.08635676624758067	-0.11487752914973713	0.2607393573820745	-0.2970961039789296	0.18433526546412185	-0.20165224727175754	0.09585190123510896	0.026740845555119488	-0.7904183149722751	0.2881448762153348	0.2103210278721447	0.005256040309972233	-0.17381728682968053	-0.20398006755086082	0.11893530151095338	0.22148588651583778	-0.20263726182725386	0.006874348735325323	0.5540220147791968	0.20972776004183316	0.1504735071483713	-0.5474516828260032	0.16342714803739217	-0.18447545322196876	-0.36238597089164865	-0.03480204549476716	-0.24804249861427716	0.0833090975542401	0.309284386593695	0.18599891539454777	-0.4718877696636279	-0.07197862920352793	0.21547924833040166	0.04651953334405403
DTXSID4023123	9.378489435191023	-0.011786671509203976	1.1295582755234244	-1.2289732551942056	-1.8219924133920842	-3.0301460307452994	2.72460566005543	1.2520219556651737	2.2438933314561162	-0.018937223349234825	-0.14366495691147188	1.2806405871423774	-1.526736545492974	0.29759996487837964	6.680118983233081	0.8870805620337596	-2.8692992833705033	1.3280415749880385	-2.4824071308906097	1.1284272507838657	1.7336596811117346	0.19615823341728778	0.3731376590845653	-0.1320154645112987	-1.4677785903270326	2.0043408810092127	2.0311493128851947	-0.4877800259489875	-1.328753777837648	-4.869262482121936	-0.5252933444934287	0.546007559807886	0.1839589472959533	-5.9926197176376865	-1.2902055536388797	-1.1930336235844807	0.7483535871444028	1.7510802722023457	7.194314568734444	-3.049326805187766	2.1410846376592136	-2.084235217098774	0.19896124054792852	1.930400167858473	-1.0645991030671123	-1.6533079776706174	-1.436743038938887	-0.761915838749523	-2.5093721363365646	-2.129509570541455	-1.5356062512784685	-5.874961045670403	-1.124261860943531	1.2601514985281743	1.1136529694443256	8.206256767490922	0.8625686762273103	1.6066193315230357	0.979676668399553	-6.262013654373543	2.060250118317276	-2.5636402726330103	2.551588429412636	-1.815803038599414	3.6319619633134264	2.071937390979106	-3.281852722842579	-2.881491618711895	-0.16000524943068098	-1.2290567033980366	-1.4736450576203102	-0.5786081980403789	-0.21127142530376566	2.6644139912932903	-1.257710029755955	-1.2343709026314804	0.22496974725133873	-1.4989768823949594	-2.6442707404439347	-0.5445154747297709	-0.6952785250746275	-0.11219297617497508	-0.15128118835253862	-0.04314521804392734	0.8149639279724651	-2.0098586174306905	-0.6642197477504953	0.7305344165710135	1.5974954839180786	0.6887719060391236	0.8908698122195458	-1.4618309885284788	-0.8653716982975763	0.4478926144866694	0.19613748727976552	1.7691438143578038	-0.19873002432299672	0.6430857333141353	-2.0224881436735953	-0.28397355553432735
DTXSID1027479	0.006917926911510563	4.849776099041503	-2.365715429648683	3.7320024872771214	-2.5649046407053677	-0.14361851191245573	1.0387754766136224	-3.5666799749957967	-1.3159249709868175	-2.214531618450273	-2.94002359536448	-0.835611973633581	4.01301517488776	-0.565458391557468	0.6548176558829248	0.060226455872006965	-1.9942342353775404	-0.19616222355634874	-0.7367407418573733	0.3917102359134782	-2.0093511693186583	0.4202551179754426	-0.4211633581374021	-1.1158603985514333	0.672628598172786	1.3219177476994326	-0.5203324283404069	0.9588018845013733	0.18674498370629408	-0.919669237359678	-1.232298659033304	0.132880049123373	-0.5351500078994496	0.31733964299134876	0.7345686302818483	-0.31108271344058613	0.07072023909141141	0.30253457758204216	-0.34103544631590266	-0.3559492823338938	-0.14222000569005935	0.2591113660805832	-0.6059740656259212	-0.4524009503775067	0.39776449439928957	0.5010279245517092	-0.14900245525391947	-0.7384835280176595	-0.005493712668738809	-0.48305037260751593	0.010592050739480349	0.05276250843479101	0.17119348777883234	-0.020381748414529256	-0.11859554404223631	-0.3917854583700233	-0.19167481369884118	0.6555180029272274	0.30486429686782657	-0.10238637766575116	-0.030263484475985498	0.7257837058471474	-0.7368789221148743	0.8297520724425155	-0.03961354790512284	-0.039568929108567956	-0.024767531169243975	-0.8265387806501936	0.7243351251049048	-0.1303644951116009	0.9067391177730322	-1.3815346036090363	0.3199065389004229	0.2020961009298603	-0.3457564383188386	0.29337624722193795	0.16032098810083614	0.5046065908266029	1.5018018853396966	-1.083487345991936	-0.44786775125577255	1.197676231698694	-1.2005129975356381	-0.534143500850446	0.19772896507516816	-0.6445096366867095	0.15538854641267844	0.43023758177280597	0.25694433445743403	0.8677948449825066	0.28007617084679953	0.10680619311775837	-0.89749055724794	-0.06350354728533604	0.4658148990449216	-0.9406894617670173	1.123330797331276	0.3447212436986831	0.21195158060537522	0.042040565743459844
DTXSID4046490	1.316067711051081	0.15717024770142438	-2.5485574898166425	1.6697083356278697	0.18076683698864246	-1.5813002683896642	-2.764338153957678	-1.2723264281802602	-1.8615847239058478	-0.9774491593564234	-5.1614599772822105	0.06857476661765186	4.902385733130867	1.756823528688819	0.8219238194249014	-0.05783211951660989	-1.4413694579589513	0.5461087989784558	-0.029605385410165865	-0.42374642990348077	0.9342162454580094	-0.4156292271129243	0.6365215785090655	0.6981895993116116	-0.36183971435290824	-0.10589717173853522	1.5733464868446831	1.285874762084376	-0.19149456597675057	0.21348066603944196	0.391753730692249	-0.3900705458586847	1.6688787169830188	0.7542402103956193	-0.27439623066115565	-0.18730566812668753	-0.8048151774070397	-0.5852446321499931	0.028790639104373114	-0.5178331168268427	0.07485467752385067	0.10441513996099876	-0.02506950438299893	0.6180401620755	-0.5146954010840152	-0.2769414407956172	0.025047193123162195	-1.0902919318068844	-0.18380823335827845	-0.2935715079704055	0.11948899952759438	-0.43091130431639035	0.07516879370395023	0.35494012357628874	0.6291107081274199	-0.11531407010379206	0.42417600634615416	0.46244626056798543	-0.029280427069780658	-0.24826829963536387	-0.035023277772330455	0.5170805944636	-0.4048319968246465	-0.11679215079599423	-0.5415532682357187	-0.10077769771480717	0.5975922657190165	0.18990603564007708	1.2123296196128905	-0.41832858192683603	-0.48778655199264614	-1.2340855330385263	0.16134358634564272	-0.7025156813093659	0.5207693591167346	-0.23444120962195425	0.4071496246683136	1.2883192529542353	0.12756294074092683	-0.1613822503529352	0.2759096422785041	0.10243117561430976	-0.2669107172730443	0.7020404241578987	-0.2627297655245295	0.15199811488261009	1.7943138182807403	0.8127211900616516	-0.4916580682835636	-0.5146161429278484	-0.43035722541774374	-0.4030592140708951	1.4299134734972863	-0.5990747712063376	0.20799798404015207	0.31679219238857415	-0.6878838026460662	-0.3590503997150301	-0.3165451351649139	-0.6745825387113841
DTXSID9046780	10.351911817324236	7.005935846884377	0.9566539531628417	2.8376324574265532	-1.3181428620222377	-2.0008036543141996	-0.0630011975515425	2.3277171814592794	3.2462046814068843	0.8952303236029048	-0.5735231381025673	-0.6559045445416863	-1.5329579188706133	-0.12021420173205316	2.4624769198634797	-1.5016088439486415	-0.6075784487187971	-1.0724713125603325	0.27420147360668395	1.549222857395639	-0.41793806111519916	-0.4151590922844994	3.104226133907259	1.3649429028236697	-1.7418397221480293	1.5842195320262433	-0.6758233346614264	-1.07786896268154	-1.9822622970823576	-1.2337135115759448	-1.7739729068475374	-0.7490400320409173	-3.182988968997316	3.017333318344698	2.2187024584343993	-1.9309323684040445	-0.11910862714594442	-1.3941983741898372	1.5604831502692982	-0.7943384888742232	1.9338777387566355	-1.5208511891134886	-1.1797710438043425	1.0818576071988324	-1.3055959604660055	-1.0845800644392274	-0.907356270889349	0.5196961894669102	0.08637692522632144	1.4201891444481922	0.8428783281419256	1.4573363009538478	0.991276446136149	-0.05263376350709608	0.8377562585981161	-0.5973976076911581	0.14175342166384225	0.6570409443109516	2.394048893891014	-0.8660381499676227	0.20169458594923	3.1561025985942956	-0.6265668053808437	0.10280192043331776	-0.7460021428884253	1.848670911800964	0.0942411127716109	-0.5138931795946029	-0.9693362211484797	-0.8998705542386426	-0.28179070343812546	-0.0195162350182568	-0.8328322802055813	-0.10229774731428744	-0.3963628836246964	1.5016524968529281	0.67717668982731	0.5393856001399512	2.760660493673556	0.5928850248893197	-0.9498383289481388	0.13978147435089958	0.35631840227368844	-0.4145786255844683	-0.4676771480207922	2.879809098693585	0.431600126873049	2.1244435452278454	-1.5958296944783654	-0.4450221192083493	-2.8112649458773906	0.02693250601252051	-0.7033547413808865	-1.2191269617963727	-0.41912432928749993	-0.2589307598077134	0.30239696843513403	0.08495978424876371	0.09241544377741216	-0.390461825440765
DTXSID2047565	3.3643038496958004	-1.0474024287519519	-4.051160100048999	-12.880800860013034	2.2157696605058903	11.933954048893385	1.3349854256482445	-3.7634368112758954	8.34720107318619	-0.08788613322177156	3.7365154636134195	-0.6217020420441768	3.7212936421698606	5.87958614944311	0.21522322192111665	2.444382530551026	-3.121023007363983	-0.6205340854354089	2.9042288179891744	-1.274974283866368	-2.7384911777931555	1.458747099023663	2.0769596658739355	-0.6798601722668338	-0.10232265806001516	0.008016905344623406	-0.6654018505269955	-0.6398873082926696	0.5779593748294027	-0.21080402856422756	0.2480495777359764	-1.3505358501507367	-0.6828356951342395	0.10246088595132145	-0.22382271276100676	0.25366206251359774	0.5026423797198276	0.3465379396462879	0.45523367916923807	0.7129989758432456	0.2770457398121267	0.08782166433223805	-0.20717884842381767	0.36676832171620816	-0.15180962092610537	0.6043924592756854	-0.694949161968629	0.4510727958073978	-0.25868406471491195	0.6235179354415802	0.1232666108621266	0.4317896466224449	-0.14062136003584616	0.2628203039387329	0.5348145732166564	0.16271927721595866	0.6798643815106786	0.9966232027885661	-0.7789766298537266	0.3116504496460162	0.044541725148308	0.7368861122487077	-0.8634031738247218	-0.9401189581616317	-0.04789234285096183	-0.17599922294316134	0.8424696984158544	-0.30142448577308656	-0.5525356312225148	-0.41527915595842796	-0.6364947046988892	0.05727852213018068	-0.5811502592397481	0.5339272336750153	0.20860002493367583	-0.5445226195286894	-0.17385838344555246	-0.5734161794985045	-0.024260468498495332	-0.1941429915753825	-0.3707800943064793	-0.3462938477513183	-0.1089430796593026	-0.5213872775779835	-0.5543337976387166	0.08567015258782552	0.05149694714852145	-0.1752308929621807	0.3372908830537265	-0.6857428584011118	-0.5425186133846244	0.712067628969235	0.46943870243015656	-0.3773486128163076	0.1358371727821859	-0.24412403665477833	0.210576616811677	0.10451645945538884	0.110468232917182	-0.4038141619655036
DTXSID0043896	3.8480514486185475	4.130759163971117	-2.7810591901466033	3.3348724873697084	-4.457643440710769	1.3822007425224367	-5.352555213195737	-5.188883775260907	-4.455524993646227	-1.4817868165358974	-10.996681283944902	-1.0421030797162776	12.544595048419902	0.2550630239677065	1.9655426029514096	-1.3472004814013536	-4.454964953837274	-0.38904072595461964	-0.8582774121017276	1.1115766252308092	1.4993352717678738	2.4508371045080994	2.1480438748240833	-1.5534298364297563	2.2881954843722436	1.3784892549777055	1.1912784882814462	-0.024987405929195	-0.3268009378701322	-1.114172246969575	-0.9199167464510465	0.12171818204772723	-0.9473540441194056	0.23935197585515225	-1.3579763652020624	-1.1170308328061653	-2.438649658797458	0.8888436927818834	-0.5242797878417196	-0.31056729749556256	0.08947308935063902	0.6378702832811465	0.23334891457944915	0.3539616522279986	0.602618744483817	-0.0875201573019899	0.4268633230560381	-0.3833033969700392	-0.45444874834037163	0.6315034304202569	0.04669498380463833	-0.34655368608675835	0.9037331726828145	0.3598445171088632	-0.0820954995167072	-0.3477348235953637	0.7014645906554031	0.14632571142585868	-0.4453531821314598	-0.16260791685344833	0.5758496744345688	0.11799802776912646	-0.5534349560986156	0.6490749714086492	0.48387660256083437	-1.406138909756431	0.3672183342903492	-0.801937130330725	0.9713905248136836	-0.16506384031838134	-0.9832077402551531	-1.2305461850526813	1.3037385239032164	-0.5817818281545917	0.261368097665675	0.646053267161699	1.101450070753581	-0.4286687335721366	-0.7685928055141916	0.6086952520602716	0.2971532691284328	-0.7199469383340316	0.06331901938038419	0.19123407990495758	-0.05999254130121643	0.549086442717676	1.154217386085214	0.7729641111095965	0.33914143953868414	-0.9038537565113389	-0.8633485792493775	-0.27046925805993205	0.3475602661480743	-1.008402041445011	0.40179075755814686	-0.05956696460314047	-0.49810369587060477	-0.27984027569644393	0.5590509283439593	-0.07688890853669697
DTXSID3029231	-5.55513389571628	-4.397435487259889	-0.45911607790154596	-0.08562491189069674	-1.42910748922687	-0.3248381949235149	-0.9946204779041043	-0.42470075188797446	-0.048066890672700834	0.8558167846418853	0.009936005269718974	-0.02483146735215666	0.13872222126139572	-0.15050279509835068	0.031763924362393864	1.1097197686008464	-0.6490056220052602	0.6975081031914774	-0.7921298169538857	-0.3734092504219866	-0.09876348876344798	-0.38093490355985565	-0.5743859785663585	-0.3222635464948256	-0.5279937046064043	-0.19487060287164934	-0.0024594620135998508	0.23160900038414015	0.3675651521243988	-0.47828876977087176	0.5634621446253008	-0.07271860568332586	-0.1687176298006336	-0.6900656559332866	0.19891350873075067	0.19396046442094259	-0.14537932364886597	0.3066721175008134	0.24763233594407036	0.11170259307952683	0.1376624909000794	-0.061429578151182516	-0.1087886809027643	0.4554640549390027	-0.21942926172064464	0.4277418627386128	0.29670528584730227	-0.08385844919520208	0.12778536244737387	0.06262834117933452	0.059816747676391245	-0.002961214077627576	-0.016821554102326174	0.09161019291448994	-0.054019355892515435	-0.34349801005816233	0.01620439375771695	-0.08684860035561569	-0.32191503254641896	0.1654397319390874	-0.25235595461518806	-0.27242847454712954	0.1306096055974346	0.35165332284245304	-0.5425294286647089	0.04357718106125394	0.2704043798428283	0.37244038223824877	-0.6614931745773373	0.11364383159229191	0.1116036759075102	0.13332241673346978	0.19116618880038574	-0.1160567832055041	0.3867039760256923	0.0752127682763649	-0.026584043163793557	-0.31767040875380814	0.4974383245159616	0.14163887326688482	0.2293755238560877	0.11653139731307381	0.6445710775566497	-0.6332894300503357	-0.2881708856654201	0.05101902990079549	0.40353895670805356	-0.5451377096357697	-0.6200512978110146	-0.348441366018642	0.042810282308509674	0.1721574217386805	0.8990952619273771	0.3342736118275506	-0.43681248207208206	-0.47341618889503806	-0.20254847763962217	0.05594815557126769	-0.23965507315807918	-0.1050803220790028
DTXSID1025431	-2.1000358223896183	4.510362273849575	-1.7895419642791603	2.4243030074818903	-2.1894204702286437	0.034320202692112625	-3.2351216642961145	-2.5656966057974766	0.6256347469144341	0.37590627796163484	-2.6131877265214536	-0.8485773008846924	3.480123067110638	0.711885659997206	0.606526352372358	0.4260500083341898	-1.6522752511732486	0.5800017260146284	-0.44539882713607576	0.20890903810365213	0.5664420494330483	0.9206807187148076	0.7670040097493115	-0.3203478626912583	1.2420312904076158	0.4434685586522659	0.9999910983014303	0.2960789452245562	0.007491093788864131	0.35763432537750434	-0.610178601159722	-0.836507916784669	-0.8202641974296391	-0.8331841044199519	-0.0892406826738822	0.8744459416710821	-1.4648890153586827	-0.19175449226867697	-0.3012015133586778	0.1828514592892509	-0.011178913524065606	0.5613587574756778	0.29227474913445983	0.7692054433608464	0.982308148207487	-0.5443625350918868	0.8241882821434241	-0.23957241841705212	-0.31700964085704825	0.3839451872428534	0.08890330593720201	-0.16343290197322843	0.8745697558027664	0.10945120904985729	-0.675581597520014	-0.523133545166289	-0.08527097948440956	-0.3874228655707842	0.15100409773047113	0.5419230682131055	-0.35788179058642255	-0.811869488855628	0.30873501076816956	0.7246910934904192	0.19779850833552648	-0.2326269889338605	0.17810815166547989	-0.43905876656059745	0.3708181197393484	-0.12536616092250374	-1.118634508273081	0.27968897779974533	0.8118629523815717	-0.25166292702360904	-0.1709794508991969	0.4045364217686241	0.6353725802817423	-0.6969803638588711	-0.2624501013851393	0.029738404774190392	-0.09996205071338712	-0.7681217116076579	0.4495077544983329	-0.3475048475088913	0.32467390476157115	0.3615887766659505	0.4113388741465368	-0.2747187451194997	-0.475298349604702	0.21037441894030973	0.17740611498862158	-0.8191348443498419	0.032689381489288814	0.3223039154530237	-0.42151212685981654	-0.137064741170826	-0.04854943027911854	0.2452814418839698	0.09004813011256915	-0.27576759640099385
DTXSID3042130	-0.34502282650033644	3.5197122032606134	0.35249994565544174	-1.5097112696405754	-1.8400046844492979	1.504479823120241	-2.1682793314734057	-0.8611747806279132	1.1554022752260031	-0.6160867832947419	0.6374934818689094	-2.201786977326246	-3.1440563051115156	-3.3137982858625703	0.7657470404844646	1.1281983175132364	0.11856061413028128	0.3976653206263064	0.062073587915505234	-0.8704991674770711	0.3509185065651001	-0.5817999549878932	-1.2697300581912585	-1.7174497980741001	0.736012262977417	-0.8950957329438521	-0.46899785571248975	-0.6798518000725419	-0.33623933943690154	0.5574030607773527	0.17022328322965308	-1.8659946467043815	-0.09436692754800123	1.3598314731686574	-1.4880769976852413	-0.7028873870639941	-1.2425000118470473	-0.06243530901589862	0.0667807592164362	-0.4882272788491186	0.10215593072139276	0.5242540449650965	-0.5291396522299845	0.08968024394357817	-0.06290145175896501	-0.07104841595995653	0.4451316934857453	0.484384893366025	-0.7536720580546389	-0.22762376162641917	-0.4387450241473025	-0.23093700350593319	-0.429693861776255	-0.1558789839572274	0.1700184502687591	-0.6300675772275625	0.19796319705877066	0.10923928190741147	-0.48518032231405445	-0.4529120224126497	1.1492900743469485	0.5666601176977026	-0.2069766261990141	1.5220599119784024	0.6536961509425081	-0.7963445711156245	-0.5941896221419447	-0.08108316604245364	0.2703171992265399	-2.5304593345497404	-2.002788719706929	-0.01605619727093651	-0.5040435216886879	-0.9613191739753973	-1.2006571655752702	0.7826294311446947	-2.1814622487327657	0.3499741040265643	-0.7069501456981191	-0.37368667201319083	0.2451833444394116	-0.7740572448111924	-1.31255608296568	0.5720393514397293	0.7784381286496288	0.5707301473692776	-0.1748127475074373	2.1647160781554105	0.5794320723388742	0.013323708715566991	0.9270817133514166	0.6337635298759191	0.2343067423197225	0.7969924322753303	-1.6476336866649057	0.10137050551848911	-0.7326850099870507	-0.3033616951426375	-0.1890984404635112	0.08512604578874489
DTXSID2045076	14.519325032809583	-1.9567003097603155	-3.021887777889538	4.132476378643244	4.246088415896532	1.9863006599330564	-4.136763012843117	0.35106229349255724	-2.7114816075229586	1.3204050084688779	-2.8320828064472225	0.15961223120049467	4.356039467315362	0.5045453741059653	-2.16054904329938	1.247991323946677	-4.973167796404392	0.019502168585893088	-4.984761792911954	0.9299304008829873	-0.5592203492197283	-0.07524038627276429	2.1044306386517913	-0.48036497595576133	-3.17035790247599	1.826479869549129	0.6249573047442187	-0.1482553495639167	-1.744204820087866	-1.1598111027477453	-0.6932585926551169	0.8815523330019283	-0.8965344074122608	3.7387242753882903	2.066226989588762	-2.573564199148485	-3.862770717725071	0.2088489324595329	1.018117953115144	-0.5442775310703243	2.1978065172441337	-0.5187659541444024	-0.8803029891786862	-1.4383555478832968	-0.5563429614284348	0.09008766455964028	-1.3608419585795652	1.3018346527908284	-0.33040616736721207	0.5699517772055406	0.48982924299999203	1.012384285709371	0.6947282627481588	1.2614271080081436	0.4252433221356478	0.7098668997677707	2.2760165842194016	2.5346723890281115	0.5182224027508023	-1.10504093726027	0.2667287636905534	0.5977580334380469	-0.6186612520379746	-1.0864250061083631	-0.1294815159405887	2.3323885238031266	-0.37708686663970725	-0.7328803793453076	0.08255986442494047	-1.6042593134190215	-1.4296090751646846	2.1718979328558223	-1.294710230868285	-1.8115465037552594	0.2569604446718925	-0.7176399200738507	0.4613316335742043	0.12403931403960355	0.06800221979757085	0.4156717916630524	-0.9950364882165667	1.353455016194939	-0.14635116395795603	0.0022319876131247315	1.2942224200524093	-0.6592199508238873	0.9151371134989009	-1.8581246569694032	-1.501532674351286	0.8144480901593939	-0.02406258191433702	-0.39557549963777083	-1.2187334809768673	-1.0786155135499234	-0.3211528651739702	-0.44019133486214784	-1.1867707910970626	-0.20303163255816759	-0.9213360705874791	0.10384244384544909
DTXSID3027320	-3.211712489138434	-0.4674936571057124	-2.989179905664352	-0.2970083331306376	1.853312984100534	0.801876048153653	-2.451398241578844	-2.9511980323310887	-1.2841876682726046	0.6475423658281745	-0.5900256485884545	5.571030951215496	-2.4887189598497588	-3.3845407021067153	1.5477826412726463	-0.04911466829273858	-1.5833790762641802	-0.8744426013304047	1.5651066276562564	-0.19725242761781514	-1.0432111046316637	0.14071155837846952	0.026639039294723683	0.09020088687094702	-0.8742491803690982	-0.325665863336343	1.6235099979165775	-0.4768100733480725	0.754615059409481	0.49789057391506436	-0.3549707702855067	-1.4800514678325527	0.5755158773377029	-0.12083835571607941	0.4459002607590469	-0.30063243611057533	0.4277079345738341	-0.08959682981628553	-0.011106760883821563	-0.1871866679986965	0.5381796504989517	-0.051145511172488424	0.2910842476591928	0.20278877490420988	-0.3245975883260497	0.3694423157645245	-0.20464663484595522	0.08633446626381032	0.17417490794705676	0.48168573724572283	0.05273317304979821	0.06199686219194764	0.25677145882396907	0.3984658044928725	0.2904385199464655	0.09931206903315576	0.20079773278189555	0.02234168707355195	0.15304574080830957	0.49795247884009136	-0.712895884476496	-0.1428817258202586	-0.2238610561868446	0.27853379289726804	-0.01978349252649662	0.06050774412425131	-0.21367717063835195	-0.11408032100023227	-0.5409112889146099	-0.028443357500050486	0.8460111934412878	-1.2703708898068022	-0.23896467956043163	-0.20448573424036823	0.08734082549845765	0.7945704975581086	0.3529384528930649	-0.06487289873568194	-0.09448409710826386	-0.7122707283360911	0.5575279469118518	-0.09133958221111972	0.25763054316087225	0.9384031808285151	-0.4043129942529528	0.39941757965206215	1.4885806049504686	-0.25850046572211505	0.6591109871475579	0.41271154765759116	-0.8144823138500843	0.884673387498895	-0.02473659157838486	-0.13075724499414468	-0.7657832045904799	-0.7894537512454646	-0.10944301523324708	-0.22577441561513725	-0.21199944597798145	-0.11538779324675776
DTXSID9044241	-4.180154972599662	-3.1468130949249837	1.4153827839919098	-0.507410451910153	1.1093971639234654	-0.7470423134349627	-1.0637967529060968	-0.40111672991822966	-1.2992686191757523	-0.22646572245671867	2.269677147675789	-0.836332755356573	1.744896336060493	-0.20683688416791446	1.698069786083894	-1.2099689402172953	1.3420626896014263	0.5780986558157744	0.6453455841339871	-0.5970258936602751	-0.043409824047128884	0.04977315388201121	0.9236732750174794	0.022637459618473313	0.13769147860318326	0.8217648091608498	0.40822186610601874	-0.45823361912778793	-0.05498775226758731	-0.1392583171479966	-0.09562317246754337	0.4163069076043316	-0.015149330159043017	0.20532806250631547	0.07213618741208737	-0.2880386147315343	0.5131704556979206	0.4560495475800258	0.024479567835330802	0.18019594859402985	-0.21609780985448135	0.192322344917057	-0.8700782572549134	-0.2117491702822028	-0.19825482270159522	0.012055625648465055	0.3531229828296198	-0.6207835793593488	0.08296068060084484	-0.16283981321816532	0.06689522889366047	-0.09226501814386366	-0.021757836560368133	-0.26271980201462436	-0.03897449944958259	-0.3423407153184879	0.3377524285795869	-0.4029508385966853	-0.2752303221071611	0.28745894089999297	-0.10337120257800646	-0.37482988289140284	0.32783858890437023	-0.5501399371876895	-0.2646224406819783	0.13168509115086638	-0.7137673484518792	-0.06552216967981622	0.2182699504904114	0.36072210699376756	0.40715435348827783	-0.020789033708456132	0.5962402079633166	-0.4340011243283127	-0.37328016202955755	-0.2758788349135963	0.09078601370814278	-0.4659900337622169	-0.13593210821231255	-0.2264302831117785	-0.5968814367420178	-0.2802493352274523	-0.619807838000131	-0.05803308611658891	0.08376864632208796	0.3209015922033169	0.37186934203006294	0.5214220110745186	-0.07751137129065	-0.34273205813825713	-0.3008945036899561	-0.20207762056829356	0.11408035276770731	0.3778106061052194	-0.4457682534346208	-0.04959762969088625	0.10193150910947303	0.18923173127565468	0.035387106411314824	-0.3529241425774013
DTXSID4020117	2.6123892912498774	-4.9367353285426425	-6.736740381162613	2.683359820227381	-1.5764472702195185	-1.5515297348147736	3.2105960840390506	-1.615680666777912	-0.14476236332352793	0.9069482226485969	0.8419390981784901	-0.38090667755057595	0.20790352262192224	1.4782545063186054	-1.1719951335296523	-0.7075007892322798	-0.2761276459260708	-0.09759288020931255	-1.028336985890419	-0.15096583859882126	-1.6737243058403086	-0.26859344838575655	0.23798547590950253	-0.7172990327157134	-1.4659026845867968	-0.15723565371605588	-0.30131433893916193	-0.0410867472170592	0.16413797026354646	-0.14933145339353135	0.1546605491147052	-0.12266056803377313	-0.18602053804585145	-0.8548520376228114	-0.5911164035706682	-0.421507108330141	0.14754701685662958	0.20246627542082218	-0.3059237161021221	-0.8155792500448551	-0.12112785271423213	0.8742586599978027	-0.19135689074105425	-0.6471480150224244	0.6362008764890509	-0.04133707664010324	-0.1107884733967714	0.12026346480121534	-0.2385937880967007	-0.3195802579592341	-0.2362276826379218	0.4614464282108359	-0.2709542186291269	0.013889820427561669	-0.5109439855876506	-0.13938541532238466	0.34992233262644545	0.2206929998396322	-0.45052637469434176	0.8474387605109079	-0.009106810373258539	-0.29494788857550097	-0.547940682072157	0.15952526510040602	0.1083218732636436	0.5387555079748273	0.17530850011935098	-0.25681393356658455	0.6563393384551199	-0.7564548908693658	0.2922628546334825	-0.7804764160088912	0.3415552271313808	0.11245521520222004	-1.5089732077727156	-0.5481968402629631	0.20154421004493422	0.677032979738853	0.65988021954145	0.24445479563823502	-0.11924733715813857	0.45707079604136	-0.8130188346730972	-0.9865111026893981	0.5726680665990046	-0.047799246647391	0.14793040749929023	0.9250434989078656	1.025510409625882	0.5031246876145886	-0.7459636364575123	0.2986253978175294	-0.002156837013704203	-0.07990179320180511	-0.024382042722043813	-0.8000461187256755	0.2337209375486109	-0.29491271087162896	0.1333141823402171	0.4116875628146932
DTXSID5034698	2.7718438530779443	1.3620248859938378	2.711734811649055	-1.124498464730736	-0.4777390993688796	-0.7719426368978841	-0.34866709292050846	0.8240040961094327	-1.307732702133835	-1.3466401580061653	-1.4230281800558766	0.642945198472158	0.37720390618247646	2.105855646379133	-0.3514482544929654	-0.8525653132669981	1.5027880172824712	-0.030376034927850373	0.870024377914558	-1.1037405736074184	0.25739047043655827	-0.8823080294858002	0.8061690642427561	0.955416546167001	-0.07312893971125331	-0.5608697858568836	0.051749319166359574	-1.148922759012286	0.1368976802237672	-0.19965688657909483	-0.40181670431757494	0.02038758531309275	0.5366309314453795	-0.001780168628815566	0.22543513508687493	0.10097941879716217	0.5273543194472097	0.5880003446576793	-0.2560298770566477	-0.5971131495252081	-0.07711817366033176	-0.10229560649712517	-0.2982814650237186	-0.5545866018468737	-0.5189168798865784	0.3196958375739113	0.21338554301639673	0.25163948803525277	-0.07517577005774628	0.03601508727356847	-0.0701472936826815	0.18019065777064008	0.19501401436073185	-0.40856988268834593	0.1299947901680598	0.3446299444142211	-0.08623275314753677	-0.08243264407000636	-0.14221923519766724	0.020341576596065704	-0.03954017267410129	0.10659684122308617	0.39937372273519556	-0.8273054558724701	-0.0972288875293497	-0.6303506063556936	-0.118133044565014	0.5376358103465969	-0.5312654684469902	0.7736391395889531	0.809186341462627	-0.09203538110814463	0.044511382396859395	-0.058683328812341874	-0.5566038931016412	0.46701915654001275	-0.5677721618505659	0.2081354868361691	-0.120695403910728	0.6514342646601299	0.5336221507288204	0.853376025435139	-0.08532053167024667	-0.20068806372283166	-0.3642898239183416	-0.15677872354083774	0.5255345017550112	0.10707281882667885	0.38313595848545207	-0.07835034307267488	-0.29413930687086204	0.037520333351934186	-0.14901039800198415	0.2693614011538164	-0.04239590207077422	0.34535164918860234	-0.04856057715394411	0.03371798331100345	0.11102293047518538	-0.4299007787681888
DTXSID1057616	-0.3093223953554745	-3.299819265902645	1.666831994633598	2.3983658758541906	4.702334872842446	-0.5057383385690181	0.13603223512834156	3.4458587818830755	3.953139073120261	-0.21609889508980137	-2.6655833051451876	-1.1611641662219738	0.6878446207946122	-2.4337933157033738	1.9624751609338666	-1.1699312388793472	-1.4022139265503564	-1.2451143153858444	1.7751488831200806	3.1891140861107936	0.4341093463729936	0.6629677981085377	-1.5093885459403258	-0.14143747722958114	0.9089518507800124	-0.5762601218880505	-1.8192048026563001	-1.3791575143751413	-0.3633425317089078	0.9962332321567764	0.06992281720108155	-0.39554165300747435	-1.435555181819837	-0.71430665568961	1.0617340708175105	1.293330683326926	1.8094597382951267	0.019462375066959796	0.8573832472828292	1.8141325871170932	-0.8763508364797241	2.352561404658445	-0.24750471428469212	3.261549171692062	-1.229351537001819	0.4628295791071292	-1.3465063591420672	-0.4588519719577417	-0.5110397619225169	-0.19253614457355603	0.49791302960960543	1.0168050523339336	-0.493162668057155	2.506710598739604	-0.2761253774613649	0.5538592490835638	2.1083079391072572	1.9365013368381425	-2.708750304822986	0.5783650317272416	-1.6907999255322423	0.39513806386753675	-1.0875548248028364	4.35215550546824	-1.1580347491956866	2.4969606121065953	1.5067306436198882	1.8338090015788735	0.5613133630571394	0.8683201802745986	1.873517635608869	1.0359319600663333	1.8786201119521568	-1.475847044106612	0.39703693575184024	-1.4544552592671502	-1.9666357729696768	0.3189653969540071	-2.3268711920012124	1.1918266020632318	0.08999701336201377	-0.46125204903876327	0.2464432317923078	2.1136531042372173	0.1188952286020499	-2.7942415013513218	0.838233578104474	0.45865120320084873	0.19458880041335022	-1.0047303158618162	1.0392901062592257	-0.7245657372363339	-0.37748943965377496	1.6965296658075948	0.9710354777352224	-0.769415991046875	0.08498313177407207	-0.19008592648983905	-0.34735827437280103	0.6163943851079259
DTXSID1030319	-0.7290358861419234	4.743976918379894	-0.7077586664599764	3.1789139609516828	-1.7661263772589793	-0.5386111852489284	1.9416424071744491	-1.4352233526947618	1.0655414415845996	2.0590101197855986	1.5053301453855041	-1.2408964205911737	-1.1815853554833446	0.09753164179328355	-0.38544472088240017	-1.0821015943342343	-1.3893037184955472	-0.035541001378995525	0.11040436372981825	0.21475305297278724	-0.8107490161204846	0.21271475155982872	0.3567946803495655	-0.8836824184584298	0.556207790273121	-0.3142156666683377	-0.4858535755725986	0.9655188600070925	-0.4800463255793762	0.3389234457339801	0.42419728428907627	0.26736100836392773	0.5673539977953086	-0.12260830479393957	-0.6444369601374569	-0.6777734437026259	0.04786203813837342	1.2282009728729002	1.3009481298867054	-0.24263370265261341	-0.772634612726181	0.2886590254363716	-0.3289754035717324	0.42221519683938763	0.029452080211402238	0.5096209234397503	0.7372227334172142	-0.05498116872512198	0.3195661453435466	0.08876669732062623	0.3689393767935624	0.4053574953090902	0.1393299698077165	0.2703818657513947	-0.11661844796035767	-0.4236910507407428	0.19237027162996806	-0.3034754416962817	0.17110124388202647	-0.060632617254117185	0.5153331246016685	0.23075121350447897	0.05213625318337692	-0.9777864603598242	0.1919016394245807	-0.5951799343718265	0.2566877228663689	-0.200253111614341	-0.1641215161366979	1.7347282832576816	-0.5412928371855253	0.6248227777800435	-0.11642570213128482	-1.3931931445100068	0.2564410181097934	-0.5622613805335096	-0.6602571418724974	0.01209288636191707	1.2253831421234775	-0.3993407229189837	-0.7186684001905771	0.14683344806415632	0.8040681368571072	-0.6648811120841623	-0.9015805256014047	-0.6982858235795224	-0.3201168139400288	-0.3458801239705304	0.8520900530425602	0.4275892476122588	0.8916712352286897	0.5411905686711466	0.05732804981790314	0.27561908730933027	-0.4999860684465668	-0.49336740365744497	-0.21072987292486148	-0.5907957854349517	0.1514006670041617	0.5285764522207999
DTXSID9021342	2.0238047489406714	5.393368798500193	-2.0266246735921816	-1.0722950795330042	-5.234446645390859	4.866337611142638	-4.1978006838401685	1.2325462562561236	-4.95352783172189	-0.97534631770576	-6.911220819171655	0.5687886745555198	9.155822409910414	-1.1926478009740094	-0.47357198520900223	-2.09253776747222	-3.3620689185788692	-1.0424530180283686	-1.0017976095971264	0.8591782303804968	1.4536875450003066	1.4627649747188547	0.20214631817495904	-0.6806981317215908	0.4095024614856004	0.38443539679881683	-0.04964865393221334	-1.15786439292166	-0.2826039803311206	-0.8941389329155002	-0.25258918547373166	0.6650871143821895	-0.747505618035899	-0.28216558637811384	-0.30565427497493997	-0.24683955479489855	-2.2066676171039536	0.5370611332161702	0.28418681210477437	-0.2097499069532578	-0.7985674455149783	0.5379331472121194	0.21762890339359578	-0.14528294137697875	0.8122186862186652	-0.2859777072290018	-0.5075905942889287	-0.18127392276216062	-0.4286561678783993	0.5417299887046931	-0.00504640191596221	-0.19687033284837543	0.4083535850369769	0.19189959817707417	-0.2879366752215639	-0.05995626271568417	0.8941366196380861	-0.43478416785638585	0.08791686875605577	0.4982375713128215	0.54236518001597	-0.1181514467593836	-0.48631971794330037	0.5069892005946153	0.6471585158410689	-0.7700761250274566	0.5418000380985636	-0.3910137184239295	1.6051036160535659	-0.506347275755343	-0.5077425310577384	-0.05386410013440719	0.35742385269605614	0.5332596185577301	-0.11473791156679958	0.6096172527500134	1.6435268169535353	-0.12793715018770593	-0.7262315275446181	0.9878085399409718	-0.33752823094067674	5.597227030584285e-06	0.6127774140417921	0.6943242015384086	0.05886142048396959	0.5314392153830321	-0.6922426329923157	-0.44518851427685985	-0.4329074993404555	-0.21474397828637556	0.13261228786707008	0.770396264542312	-0.11005713508063929	0.0944115765296906	0.02804490091601203	-0.5058516970769446	0.09951950200155416	0.027733331945459058	-0.0715526713662273	-0.017957027121343748
DTXSID5041516	-4.175353355709155	-1.2222973188474835	-1.1261905848160805	1.4310375911183215	0.11386314651412512	-0.23393026164754732	0.32477944023888383	-1.6191862751878656	-1.236402958460203	-1.532718991408406	-2.0357256759853795	-0.10888135641391425	1.4239815801620377	0.47092478371417473	0.25078372117860426	-0.9682567115220214	0.31443059460589007	0.1320249395563182	-0.7978300923116766	0.37514076117712003	-0.11481970213291043	-0.18544624827094502	0.46699233664943296	0.5099496813620719	0.3281648909498959	0.03867351898474128	0.7790792396757605	-0.8713375010292572	-0.13217749723082614	0.08228726306020136	0.24256062783363908	-0.4992694801726207	0.3694556224444704	0.03660393807324142	0.7809629258389001	-0.06408801621154907	0.01139806198284258	0.1676668504975408	0.2855557587206926	0.37166691756882014	0.5602438392257193	1.1627844818096595	-0.14094516784963276	1.0458956947084246	-0.2955465710263787	0.23843722176493376	0.15034100204615827	-0.4446327307207868	-0.369826855273825	0.2831923955248264	0.3585431023746352	-0.3073592306782435	0.3349057287618543	0.4432426151055516	-0.7057186895418655	0.13851353337138242	0.4243477210663029	0.13307689376801832	-0.25937250777239435	0.1747722006011592	0.09648492765283403	0.7875009010804227	-0.14988557485900572	-0.004901316499838192	-0.270390409615814	-0.043721924650498734	-0.48954241917935837	0.11279191641384279	-0.5506720108408159	0.3569242180782397	-0.04451998075478339	0.6321273768601883	-0.7587689717290396	1.2583196765661482	0.4191048493373892	0.2973358145196691	-0.7463727031419122	0.2423897587464216	0.04651748932395116	-0.5384106381629338	0.5485536421341685	0.01980408745876441	0.4873274027865897	0.32940477193699724	-0.30152237924550407	-0.41974154871819325	-0.1571996360548168	0.5739083344765794	0.2594222609211482	-0.16428359724430056	0.26173113331815406	-0.08191983308658943	-0.0704996821336292	-0.27503043917813325	-0.7528006093395043	0.11021709667353696	-0.6276246607550007	0.22928215398461738	-0.684105223736034	-0.022312033648956967
DTXSID0047662	4.03426225656059	1.3226535563322404	0.4830643794376846	0.2297542149183545	3.4563345632862115	-2.9292367716153596	-0.7157814893841776	2.4340975971399867	2.4237769721860554	0.2216268736747033	-1.7472343835872206	-1.4615284544189397	1.085321463963154	0.327951944578956	0.584724386973663	1.2528119238693194	1.144882199727759	1.0974643232159114	0.5645643410543404	-2.6669536570712165	0.0006368895064200954	-0.59300700692941	0.01911036527146573	0.6377257476780785	0.9529762247424693	-2.833432542462996	1.042565619203955	0.24885793389195837	-0.33356544499001234	3.6905144095422044	-4.087125901001814	1.4334720024392966	-2.2588199209444677	0.5402343070225473	1.662346653186707	2.9164593561524685	0.030282171292027	1.3349865952010538	-2.0148136396439824	-2.501353602268545	2.347447542750869	-1.0683269569225011	-1.6403939321832943	-1.016911227708965	3.3893565877239245	0.838632064434766	-1.2880194387256207	-3.467056871105367	7.077709188661004	1.3973144552789782	1.4515072153487876	-0.15103084114321244	-4.276923965699396	0.995543863401943	-3.036216930445359	1.785866770659327	2.4551760758819112	-0.6879807313833967	-2.7696637513936015	-3.073314019831216	2.039668753504965	1.802409408016884	-0.13971004437113013	0.40172778351884614	-0.10578496516941115	1.0555090959759856	-1.5884490666324664	-0.07350243203818617	3.077548635015127	-0.8394699622892824	1.8748438604481463	-2.312961493631984	-1.8572309505697076	0.4241099444768789	0.9896588228614154	2.4573441262140774	-0.9647381297087348	-1.493775211475431	0.04841964178748042	0.29442959860043355	-0.34464349853808063	-0.5492664039146629	0.6726998040078732	-1.6892662348613123	-0.9872382802933544	0.5528821279055047	-0.551147310720585	-1.6870996902146471	0.6186381173907002	-0.6612900752707249	-0.19164398802940633	-0.3690467593682937	0.9473057356723017	-0.6523237451138707	-0.6455105848586792	-0.08373542034268303	0.33521352550342726	0.36793161537801095	0.4526192839959082	-0.1668334943292159
DTXSID9027364	-2.545333429456298	-1.6024305040396791	2.360718764154476	-1.6164066498030938	1.320268063788978	-2.493198442085663	0.5026050551361938	1.133127947367468	1.0587443649152142	-0.20105564858573174	-0.4433195436107473	0.20757764334302356	0.9322460371750196	-0.23482632891121305	-0.021677810726399165	0.025663315726422747	-0.9002323262827588	-0.06494975999714361	-0.6889142626040038	0.09854430004754341	-0.7835185918464359	0.21412618701142178	-0.09859834322427342	-0.29537917487941845	-0.2137139953036909	0.4520434663049322	0.653802456063033	-0.1121059000172417	-0.03725505072419572	0.34966958342907856	0.3925144110876554	-0.8047556169195663	-0.3980187484886906	-0.4597262692379564	0.4035842194470737	-0.12389952996467239	-0.6323723825193373	-0.2292767079076831	0.3865912611498406	0.7498287877586937	0.2141609668664154	0.4318991524309223	-0.5823877032255528	0.39965724093604416	0.20298654778694084	0.01762475445978399	0.15233919383002872	-0.14359280540480607	0.16507677969464374	0.011093174798256035	0.23215790687735205	-0.014765822985882778	0.13233257824357428	0.1459973466174741	0.027990217472118235	-0.47516449850966813	-0.04050558191612497	0.5497282835464112	0.13081211012059954	-0.009146356615478348	0.29789234211950716	-0.07558036406835315	-0.8179504286353625	0.17081007925438565	0.11834037495591336	0.30666363071812014	-0.2637020528729928	0.24948718340306344	-0.1597639118302911	0.3489792075949687	0.29456007504928905	0.26071074484505496	0.017094495829612467	0.39040402534014546	0.2265136469445926	-0.17394156746514	-0.5086987989874219	0.029396523479230403	0.4884835416793701	-0.39803728456760534	0.052987784889227674	-0.385015428559857	0.5473338328722225	-0.7766881126837992	-1.0068138688037418	-0.0014954062801611685	0.4399011677239531	-0.23852388720721404	0.07752158949589341	-1.0835994821266028	-0.12054688536079704	-0.11712098763047805	0.14459421290991525	0.32730432722718333	0.14259362840924644	-0.07350878378403111	0.25435887265603335	0.274155252205087	0.04489539929206811	-0.3218038133167542
DTXSID4023202	2.209053657925357	5.72083499828998	-2.263516069178935	2.624807664730501	-1.0499099648835108	-0.9981666227771432	3.347837751296074	-2.0342718024833952	-0.7707980699679707	-1.4149826333530018	1.1624764032654518	2.4905303377791004	2.020111728783174	1.6825089875346182	1.378679280444697	6.982040046654867	6.52140711516658	-4.3682290579165475	0.9306449400076346	4.288315461535743	-3.005079720045396	-2.332416584030367	-4.189795815842553	-0.6732095616309961	-1.0480141378604562	1.2832680927378728	-2.402039806608406	-1.1563555703486421	-1.3903192082049234	0.3018063816493585	1.250844270224085	0.7454252673706585	-0.47777075625468535	-0.8916196505077495	-0.14441051996941834	-1.0221096555727058	-1.4644053319378418	1.2313140710574255	-1.1650685876971498	0.09714927214318021	1.897150650569922	-0.22422249880754336	-1.8270432312013654	-0.17490140462830184	1.2992307656395712	-2.1451866067227217	-1.3908455415079393	8.739135528584948e-05	0.09415004703142378	-1.1216408249021534	-0.2523915951411864	-0.5592822791154508	-1.3837461144717171	-0.027498334169258065	-1.6718929567215413	0.8094392030140268	0.1757894031986382	1.4456709541437147	1.603906807791583	0.08496098002506737	-0.4264779975982147	-1.6021066115508613	-2.256023446462858	1.8628513830828628	-0.6107379454120306	-2.0851953065140596	-0.5835791828451798	1.2567689855809845	-0.1401320663094291	-0.8271298111832887	-1.0039267254585358	-1.749206924484624	-1.1141036049075612	-1.0728594552399022	-1.3445652908482024	0.12773575291097392	2.22543521254032	-0.3344115408050012	0.49326665519608565	0.4943341702021877	-0.5993790815905901	0.035112100017670754	-0.599605555166598	-0.20719630831108288	1.1745472297491883	0.09390047006026399	-0.20172121777252733	0.9698002959087753	1.1166437962253213	0.5581637205666138	-0.41726285743393	0.16718961587726808	0.09531898004997257	0.024739110260542332	1.4655271485694297	-0.4365714710070125	0.10399291774455052	-0.5413070681420346	1.0043789222545145	0.6813231175673586
DTXSID5046017	12.200796218983696	3.7467380619037938	-2.748437646855808	-1.8581099592604235	0.743086252659598	-5.5594492105649564	-4.466327569093275	1.668307434354028	-4.468237493020797	-3.8500845517962934	3.3819468533194312	-0.5271111010393003	1.972918647069816	6.141561033890696	4.023787344938081	-0.9054019168777953	-0.1393603712733777	1.1272656977797189	2.186394272806082	-0.3340750723191732	-0.1034857132224276	-0.4449191518228969	-3.943830347981011	1.8205422847367223	-0.8018543261808113	-0.5933498141650823	2.603687860525994	0.768225838664487	-0.9296272931781661	1.1069377407227419	-1.2038800599867683	-0.06749122805121535	3.5246799692755033	3.1499620051906234	0.6738203498573033	-2.779714379042866	0.2796098883286333	-2.7427648808814267	1.121875904213666	0.4126141398781054	-1.1593463013787217	1.3403927270642406	-0.5118079555247639	0.24396843024903384	-1.4748883853512302	-0.20985225568552318	-0.25969385736855183	-1.3768206975455528	-0.6209995807404969	-1.6269843045255221	0.18912995035575225	-0.9851467051305722	-0.38960946999252144	0.11242933387283428	2.058656008761741	-0.7842885340401569	0.500748157023007	0.5914893100012046	0.38754894051626937	-0.735107613613725	-0.6749912345989857	0.25413243993647877	-0.9658163488557295	-2.6545599371617308	0.22726715999416425	1.2265829735878504	-1.0997441062703766	-0.9169078008662338	1.061083832669567	-0.5141896861433044	1.5049592889378023	-0.717311762859272	0.06621562818862213	-1.1327962102349194	0.7210694372154807	-0.28511220007118604	-0.9509171019979055	-1.7406041997632797	-2.0872051090671437	0.39408664205928456	2.1282352133927662	0.7137211010220925	-0.331361221016049	0.9696430715436112	1.5390356545256287	0.2574504517417103	0.00776522121382305	0.5190812016844469	-1.2162530263973157	1.3241102177191553	-1.2150786072436928	1.1059081532640156	-0.7689282216388884	-0.5888872637805426	1.151930297185841	0.9929613843636559	-1.7849840242649495	-0.5765065326347242	-0.9643447111574917	0.33319522796727147
DTXSID5048893	-0.39622511072735533	0.4728435057280275	-0.0477596608176582	1.5154842567618125	-2.0443803443523456	-0.17228630868950592	0.4788231277940298	0.8605643715530812	-0.1528659446001814	-0.7738844600384144	-1.6414829707772327	-0.5801749495548889	0.35888858336055046	1.6617805018904754	2.20607463737702	0.4949424148513302	-0.08679568374113701	0.5718137309281425	0.5280423105045203	-0.5232398371097009	0.12713090305913188	-0.3848044539288862	0.4212111686362799	1.038062714462094	-0.0843304229660836	0.3982798010920961	2.326787669772187	0.1841955133823268	-0.03901410426771963	-0.5684042636286057	-1.21369809416182	-1.0847877377844122	1.7541540411589895	0.8625009630020983	0.4498967697389851	-1.640890787971302	-0.10709262088548671	-0.2805566738459162	-0.48551759262917216	0.4186253509590247	1.3999827836183079	1.1311745694228752	0.5857281368177718	-1.1051219465824997	-0.015075934184596386	0.7971199841413951	-0.23371045522084058	0.2414978084756354	0.19684097313119292	-0.33981348167122677	0.11506380996773605	-0.2802484040415786	0.8195877814649032	0.49433089807906844	0.23688846929808274	0.5414792824985726	0.8762485545613103	1.3331779808999644	-0.08510971956720725	0.27228675349156034	-0.6135236388094893	-0.2931437087580325	-0.6429639041513101	-1.1018384446532083	0.3590112004148137	1.1194710350897625	-0.9927542022790835	-0.6906015028064694	-0.7605279330022963	0.6245339741483711	2.545868990629859	0.3653231654647313	-1.1166861148795182	-1.0574854874015842	0.12420783964218685	0.7205643713959872	-0.6368407314580342	0.7522900179479028	-0.4908872755531044	0.02584000215315636	1.6575787575325323	-0.2214957591197025	-0.07867094341772901	1.345595398480584	-0.42587089863490135	0.5736327469970609	1.3119834661909138	1.006935638256438	0.4965022797360257	0.02518312826355616	1.2943646555846673	-0.8698464534225513	-1.1672584230697545	-1.0393899161009856	-0.15739738978221382	1.5036173448780354	-1.470485855639878	0.03997897989720593	0.18993001160114134	-0.3229584613025224
DTXSID1046714	6.862963904539311	0.8643573914861098	-3.887172024172416	0.900542783304022	2.3878671694075435	0.14258009182406473	3.1179257789882815	0.23331364651035402	-0.48506509241891527	-2.837150828668051	3.3515215583337086	-0.7032169102068486	0.12306837206650503	2.8598695987369394	5.031719311337781	0.0034640642450117203	-2.6959956171113886	1.5998588867118062	-3.2011818829182475	1.2662894962940985	-1.5625111191082164	0.3678271063359373	-0.3121986656128513	-0.10264998152912429	1.049375899375265	-0.16193435454407817	2.65314153260516	0.4518187526894314	0.33645021057455937	-2.4121512124440505	0.7329549620921578	-0.7458956206723476	1.0619613814384141	-5.000618344318429	-2.758603772255782	-0.9102884889231454	-2.4752287612844195	0.8355195042008141	3.0507663848435644	0.41172896337303744	0.36776776543030776	-2.4660380318489548	3.5878163830530063	0.9406443325977549	-0.7090341960890958	-2.001228796895462	-0.9114316828531235	0.6296971841712653	0.702661338665437	-0.8662390758484384	0.39462300556620356	-1.7252446869832194	0.8478682609793631	0.49409419983200403	-1.8282480260652145	3.2023303024863172	-1.204649884211554	2.5077595782713726	2.402013422511156	-1.1430744038726517	7.491080254094199	0.9812784184715168	3.1695079092982703	-0.022875000259050992	-0.9424444356097592	1.3730059859995014	-1.0438490649057979	2.5527728106627015	-1.381875343104253	2.7559923461462508	4.32522665375953	0.19302132264138105	-0.103606818784274	0.20856042702259958	-0.26758251984096004	1.4045630992318463	-0.38692354168659154	-1.8816435090763557	-1.7745590632602142	0.15806761389576035	-0.5066261216126899	1.355303646820921	-1.835276446580173	1.1246648020925023	1.86517257289684	0.1964393396904802	-1.6153324712097872	-0.37095192964476253	-0.938061569633933	1.2676933926321052	1.6408032430016166	1.3617500100515023	-1.2446913485325555	1.7276807223682278	-0.3891238000706848	2.6556423775647344	1.8614250834326458	1.3505250406445164	-0.19861462966478374	-0.12892260002715822
DTXSID7046754	11.857636881506807	-1.2042406200637255	11.652007537862781	2.861706118233755	3.1367917447020055	1.5525487135537541	1.2820584963078718	-1.1955737546354621	-1.364499759694043	1.8600587020110997	-0.5794798969873923	0.026445209855821678	-0.1725742079476508	-0.13357640950272934	-0.3678976642613295	-0.7636480243387935	-0.09837221969553794	-0.6876562472746468	1.3908578136279157	-0.3691074775817854	-0.27559642949814067	0.4965017386555489	-0.304531483987157	0.09695536269646958	0.028806471288162643	-0.5951412352996647	-0.8104271816253773	0.47043330341380585	0.24904810578987666	-0.16187831829573227	0.11257022169204013	-0.35075384214147565	-0.29946658323505065	-0.5581509028599144	-0.056501879810820235	-0.2850042293523191	-0.1311119258915463	-0.14967671164503268	0.47793619586062863	0.5937125280486731	-0.5302819343183072	0.16912229153694738	-0.04117566880482122	0.3088957526543847	-0.11418833305877527	-0.2703212625910146	-0.21916677308682378	0.19907357898384262	0.3747277195324927	0.19740587144756658	0.07504038145073784	0.04155110680345307	-0.08094523555519516	-0.03973372409263938	-0.17387863166265619	0.013906463381596948	-0.3649284852111452	-0.26330348292140987	0.3701683996231358	0.0498884456053285	-0.14065147635931008	-0.051418873213166	0.18303203378756153	-1.0769064378097326	0.5222918371209994	-0.5879637894764058	0.2793326512554977	-0.9038132711315832	-0.4989115435131502	-0.6640534741576337	-0.0026124230226586115	-0.06460605665249959	-0.7725862091472748	0.26171339484213907	-0.7498302430163588	-0.2503291900804514	-0.11427334147245208	0.5158718850662136	0.33863972263109393	-0.026658079264790805	1.3760706569403507	-0.6173811076329546	0.658492798212979	-0.8262380753094603	-0.3179461584044275	-0.3663775714745034	-0.22400703988363557	-0.2972333956607027	-0.12278707567394527	0.4270267834526503	0.12815374109432434	0.13936537340809887	-0.27146993353568544	-0.5199824633364207	-0.09227795277438795	-0.44333381273466205	0.04475127986210117	0.18606766919134302	0.2782811641468249	-0.3641389215389062
DTXSID7044895	-1.5015507982143623	0.5405240065277906	-0.023490313295529124	0.5938052729784303	-0.9054102466009306	-0.30343290566228187	-3.197953928864047	-2.531975031146188	-1.060711720170639	-1.8518817748105778	-3.852412773678684	-0.6068000573553691	3.517961679788693	0.819014387820822	0.04359218701327103	-0.9487530409724837	-0.9639070223801125	-0.41997391768427667	-0.31888137299616004	0.043685162408097465	0.7606326915499906	0.5299583900482594	0.38413810492473677	-0.5621155592884408	0.8665375098847271	0.03153848368340186	-0.7385465622637857	0.15761769490837146	-0.3817668512965419	-0.37406588533131563	-1.0258828025001006	-0.023307448361404325	-0.08728353738857438	-0.04301387497242272	-0.3037387561046562	-0.10749895485785074	-0.9976341245878393	-0.017656405793433354	-0.512550493550283	-0.34586203825391404	0.26394407497085526	0.14353338957833375	0.05377684154221288	-0.13020622385877959	0.09725533228691577	-0.1618049766835745	-0.1066883896453413	-0.3909786814530446	-0.17085024746572972	-0.09134764662231364	-0.03039734626286988	-0.46547942070281845	0.4827249470669908	-0.023183835768186063	-0.15579381584088173	-0.025371554588568705	0.21511140076790217	0.07103808124663627	0.24435140004800096	0.03444432040975943	0.07870880609379059	0.20677557237234448	-0.17588660767978456	0.7473463213642149	0.188797120763702	-0.5658838536770587	0.1711285856459045	-0.419051718312907	0.49210952327628454	-0.3420508189072028	0.16660664219281743	-0.4665375011171056	0.5521994512397058	0.3787757880403184	-1.2095279811402175	0.41388634546726993	0.05200742628407494	0.5519337156801987	0.07857296510585357	-0.3709005174020277	-0.01841794013687023	0.018084305023788803	0.14232980861097175	0.05868208955238629	0.28078190671345393	0.49580501711932795	-0.1496226388948038	-1.6506587190791393	-0.20222725114699616	0.27023965453870447	0.43716113202613555	-0.32637359148986744	-0.5666287999255312	0.2820245172900074	0.46818427937279095	0.08288774784153714	-0.34925797132047803	-0.6183304503358412	0.3918928801794913	0.807998224338605
DTXSID4023175	0.01913638146565424	0.12106112392123142	-2.176493251409614	1.691868164197802	-3.042593227134985	-0.4643050438354422	-3.875635474827897	-4.464970638486239	-2.8173708450793677	-0.4822959068194813	-7.286661759510351	-0.6681408544653344	9.074358626738398	0.3806955669825988	0.8141258773836859	-0.07477464150885645	-2.930282514006353	0.42861970490520757	-1.0965022042752266	0.34731669419526473	1.1603628212297452	1.2040748033000117	1.181807344686223	-1.0935442516091098	1.0424936800912283	0.9276541619857641	1.027408801615035	0.20620762189926714	-0.015710694482283575	-0.8172267087294909	-0.4921547696743982	-0.003537995412051766	-0.7953886558988472	0.22988594831352221	-0.9056874898347489	-0.6106150246823951	-1.481115059982876	0.9671875436688315	-0.8557233396025948	-0.699221410597202	0.16377139628442355	0.5563516630887447	0.013954370718502593	0.2656455740683834	0.20101109348555937	0.18572800316876023	0.4804773669511346	-0.6163238916944673	-0.29253480997950293	0.18071242590003184	0.11174549850257684	-0.3159044580184711	0.5555720530191216	0.369482427585785	-0.18405921952951307	-0.2530528370668593	0.36926270287212865	0.31416949354332246	-0.5016865442618919	-0.12616421270393785	0.18070908516985182	-0.004877923569060072	-0.055913460194260294	0.5089651346765615	0.009263732460109367	-0.8119522570342124	-0.06436072636016617	-0.302559032214926	0.6194839876591428	0.5521959729044633	-0.9023308559520942	-1.1208709091421523	1.6214451872233415	-0.3596018410692637	0.45691580319074	1.0280891064759052	0.10964398751874241	0.34179567841214636	-0.7234093242084506	0.47582745626516276	1.2453393446752539	-0.42179859067851294	0.06356370542768282	0.16420126873048704	0.2280608405925068	0.3520170338964405	0.6481821700282462	0.04435059062013165	-0.08340734024603184	-0.015611227388538712	-0.24249680881676972	0.29647336169004157	0.5077626209416521	-0.7343666703851716	0.38705137859055255	0.2433728536362762	-0.8353861383560021	-0.4539646459903408	-0.15663755114235964	-0.09985869400268851
DTXSID4025402	-6.742438448320856	-2.278725075345308	2.4495842252764075	-0.7001515482151991	-0.5779898932723607	-0.40379237384100686	0.269515963641658	-0.9590559270958592	0.49790498034227954	-0.14253441900662675	-0.1783184459689041	-0.014284615895793572	0.42843095381721596	-0.6339965783757379	-0.37460541942821124	-0.35026755086907757	0.6573876611450847	-0.2821374401862775	-0.1445340399930433	-0.3614514660025381	-0.05494286831166654	-0.37400951454127734	1.3432944237915514	0.2686356884734751	-0.4941255680520803	0.08555264100484551	0.5038159983367783	0.38730259671318484	0.07168980956237785	0.2461820539722	0.3379158135957059	-0.014683023827084208	0.6365331448797309	-0.2575273610451098	-0.458785299712776	-0.06302906752898796	0.2171412393696367	-0.3668375928023485	-0.3326048607912114	0.12061173684530312	0.034680112162046375	-0.04854853238953772	-0.24919198253882163	0.14372770949478456	-0.23443956494871537	-0.20961896123563822	0.20025650564215003	-0.4187859753338068	-0.03542274312800088	-0.0951121727151226	0.062409534962177826	-0.24347410354942722	0.10486350820846943	0.15027234199355827	-0.07221398300723295	0.1891174909646756	0.3082079379639018	0.06665878547032353	0.014654324317986097	0.020165894305379	0.29750151296082533	0.04929513975983665	0.1598905017516876	0.4277358642762738	-0.37717010247758964	0.4642404434525601	0.20272931093995183	-0.4724328058460162	0.05344628245416002	0.34089961482263476	0.12682460013239258	-0.007124774065058572	0.02364463818006726	-0.175382271409849	-0.07327163932018095	0.02034051790660803	-0.2575287693736666	0.22529939644283378	0.4239196480742294	-0.8677138888054773	0.5142140486980882	0.02891609408768758	-0.21281181843972216	-0.012771294225638875	0.042994101579727974	-0.4396746412150092	0.07838843882085025	-0.12244395494878427	-0.4440922573762443	0.26612607220417706	-0.5427479232649618	-0.17590015063916947	-0.27987288576489944	-0.30159077277577545	-0.04747077052983092	-0.2644342339765235	-0.1821624196820533	0.0031839622703801686	-0.1021707549747102	-0.15469741268103115
DTXSID0023084	7.59037350016115	0.06515074511335232	-1.67794567340089	1.5851118621628917	1.206016665572752	-3.4767030234980045	4.7891475539574895	2.756413821937752	-1.5460140778237823	1.0553881997769847	-1.298817145103188	0.6197560810733177	-0.09488515819016423	3.2865939256967214	0.6104536822757883	-1.9665190266809962	-0.3100693208050642	0.30156162444460793	-0.7907613667424048	-0.5579023820843317	-1.7955486626143766	-0.3562912524137386	1.4947040722385658	-0.5288804874643698	0.6278524349358531	0.5004656874243815	0.10304583340529334	-1.5489859226676006	-0.029333681561003983	0.020887961831397316	0.7124849196971649	-0.0025363703261637688	-0.4410398231415899	-0.7265609194151872	-0.8615363104399695	-0.041887836140084025	0.2990936296362414	0.1985963254975513	-0.48566200000922677	0.22714294117753994	0.13281437004378724	0.16934270304519872	-0.4962130382983263	0.6083453448829886	0.3487392673298412	0.012032851008683636	0.4275315784968499	0.9407635768779485	-0.15910489648242443	0.2265253177770355	-0.2637104653793248	0.24712085275210474	0.03954929292823253	-0.1767547084251686	0.09137718828878905	-0.5548159887013528	-0.451934415652732	0.4889783366929566	-0.8263183055416891	-0.1497866035743769	0.34778958749152433	-0.1880669797077712	-0.6895361076422486	0.4132181375853306	-0.3838908783730216	-1.4674829329417363	0.199412284011088	0.1345825648772105	-1.4611697060569175	0.30735407246035346	-0.46935265278041305	-0.2862027086077943	-0.4506980158236217	0.23865964848260227	1.5045079943009338	-0.27540679711902316	-1.197025771170108	-1.1156107127261752	0.14692206424244417	0.042114604374322226	-1.060674244804622	-0.5648828099125704	-0.41976297778694177	-2.1523714874754396	-0.5407173429500876	-0.3982741766007266	0.2461293766919807	1.606792527170546	0.7790747132860117	-0.39347386829992753	-0.6024421043701529	1.7491300480068233	-0.19687880783172568	0.18971827018895726	0.4253890367628612	-0.3101839519437782	0.6286859698383156	0.6258871689635479	-0.1820659059988352	-0.23652665346515195
DTXSID5048897	1.089580955234128	3.081680341942625	1.259242171187601	0.6374210062651214	-1.1738539088817272	-1.8036480126130452	4.620643715905075	-0.019939800347433104	-0.051813487249725156	-0.5236932839062481	1.3704295923891274	-1.0309888000858374	0.9209789833661609	-1.8049632294956817	-0.6359433202465867	1.626731687168971	-2.673010788598501	1.1846061269716786	2.3743508589190006	-1.8876305427557918	2.158775863036409	0.6878553293533968	0.6229552243616004	0.05487994186732056	-0.26580677745707293	1.0879182733762316	0.13375618500778913	0.6631195024765888	-0.8515553011271723	0.32101666915209914	-0.1671273667350196	-0.33639994071812523	0.8684753953992302	0.3203014261165061	-1.0239169214686972	0.8365848420569105	-0.33892905827249703	-0.5087046119651187	-0.17190811740632478	-0.16555556347795963	1.4340687938246224	-0.6103862848569196	0.03495626011921258	0.11436573087603641	-0.2488189749337143	-0.616218247451742	0.11074471526732872	0.287273392787389	0.35655549811995363	-0.23526719054855966	-0.00951707588330983	-0.34792816431868256	0.37371108122480856	0.05492600105938513	0.08276978031333079	-0.2626900273554028	1.0287295092905453	0.25055554322999046	0.49053627857509596	-0.3515241402359928	-0.4260983410335277	-0.1151908164479977	0.023359259929020944	-0.4589556831823521	-0.2846838063881467	-0.3368301174520377	0.03187035722236329	1.0893359400222555	-0.2290826845845171	0.9603591709474849	-0.8676139913494771	1.0409790317184235	0.03513356227288431	-1.2340114463697345	-0.2356605381390201	0.9504444156429461	0.05056900843656903	0.9526036244175738	1.7900773313268912	-0.5155387493558687	-0.2437213201344234	0.2124338287003422	0.708779256468335	0.3792506188448602	-0.7618183836312442	-0.09410779669832478	-0.6064793547489733	-0.7160890998563585	0.28975795563384904	-0.028799667545792832	0.6038761035876231	-0.07359453362227479	0.0668862566027345	0.9594023552796322	0.868783582781502	-0.5349208868934129	0.1036956786220348	-0.3849993599714053	0.006178973837910437	0.5809978990448765
DTXSID3024940	-6.345235158796528	-1.7036386912025139	-0.12594659574861483	-1.0903622484029054	-1.2370540275503625	2.7656765850920753	0.519690936266483	0.7444683692077502	-0.7048241890950268	0.3375424848042665	-0.010002616604969998	1.0935124932425748	1.4513252646810983	-0.1913330555882099	0.6485856554894947	3.372988133745811	2.9791979674946085	-2.6554273571807183	0.5033603528062878	1.6231901934859174	-0.8701645397348649	-1.199573407553383	-0.6543582261446373	-0.4957606413566238	-0.40490790579342006	0.35930362430476376	-0.9606837170273087	-0.15658830059386508	-1.3874353368430803	0.7808214005783872	0.3790501156431385	0.44856647332746913	0.999874885208907	-0.33974083591588433	0.2991586833960497	-1.0849733770892758	-0.6056502701919901	0.5338104823672657	0.028082783647824745	0.21045992957125803	0.668067010429277	-0.06808202779798254	-0.8955596054130274	-0.10506337686410067	0.4447701886673735	-1.362705075388625	-0.5635110082667262	-0.03937926883208236	0.34716470868355725	-0.3847917157164858	0.30316528015428673	-0.25646852883785654	-0.26407740114617806	0.09637960822888231	-0.3916538831213472	0.5702076996179786	0.7469354088580294	0.5614929366825886	1.330448059871854	0.06633692782756892	-0.040836949502287306	-0.8362293526086927	-1.1883017704515584	0.155775916151041	-0.09734459492164045	-0.38075916574429125	0.23246979967691184	0.9318531223629258	-0.005529793534135634	1.196548065071699	-0.8552237639848531	-0.1098119167937651	-0.6343359696787506	-0.9844273382353101	-1.3117530291506798	-0.21752676578132008	0.09944057722393287	0.07652102266673814	-0.6709966653388819	0.4813282964748081	0.29708147780501665	-1.3236398581240516	-0.5213589103089415	-0.5141067430183677	0.09257777739611539	0.45992551075540145	-0.13820954590427612	-0.22703789738104552	0.33098286197659177	0.015765207535542232	-0.04785107949150945	0.5854757612807292	0.9250465987193888	-0.19120034167081168	0.6781119522542037	0.39876608020828586	0.28923095635778295	0.6466122977654949	-0.1795224018830319	-0.4631664113327207
DTXSID0044494	-0.08091732314744345	3.838365430953224	0.9284280593665537	0.3751232898047508	-0.5421011636849817	-1.2854632363843248	-2.534696417611592	0.12728024211219494	1.3612126501237247	-1.9437713889571584	0.9708375703457879	-0.1780036363818673	-1.8469558655932632	0.8774587937978932	-0.7872612059775286	0.7062691558385951	0.38590479884361445	-0.010487693587201188	0.008834317473328777	-0.6660217728661333	0.20864047669094868	-0.13012688398647443	0.04495637834572559	0.052816847745076466	0.3210219794303592	0.8959008734606242	-0.42874693099770217	-0.35611317667210957	-0.13040622675652652	-0.6605659535567314	-1.0707068654304648	-0.09365429682581752	-1.5909368664983543	-0.09305795771310733	0.7231364873374259	-0.344446275700383	-0.0659397756337326	0.40110777076952875	-0.09888209794367561	0.715926106326723	-0.327296784043532	0.2873671295938648	0.369228168760369	0.5233589453840141	-0.49519692598516035	-0.44483327694531716	0.027546268902736374	-0.8219145388046071	-0.21420078008392984	0.18605538862890617	0.13030982658158513	0.023483513834485617	0.3510949894552579	-0.6656628513463361	-0.34791046053949526	-0.5718632300185609	-0.326227218529261	-0.2118549920306108	0.18528145352359027	-0.456659109961287	0.41634438993059214	0.4084745803019895	-0.16691096975095346	0.90868648406432	0.6232591445545794	-0.1763636645053613	0.3700252597100657	-0.6622327522612373	0.8006744298310289	-0.5012825038303137	-0.0814242308223503	-0.733927018208967	0.5791418800553244	0.7844218006896013	-0.40919526192520767	0.7079221987140156	0.4019933491803724	0.9598820654164436	-0.4169933081668909	0.41827414350452025	0.6623361525433307	-0.22629850564897325	0.2924565894978141	0.4917532469391696	0.19725539992081134	0.2687832925494926	-0.40750920584384104	0.14278297610087146	0.18439436473297505	-0.2652765576527057	0.3526134268927402	-0.11645559458975525	0.26398058337809643	-0.3942426800966388	-0.08947646444224867	-0.16423389809358116	0.1773424209563486	0.18805486205495014	-0.37963896421513915	0.13368648245565687
DTXSID5021122	1.3407255171417924	-0.11168895070147969	-3.0764439597932522	2.9618787759618077	11.41718093955701	-2.9982404748393283	-2.4062178240058416	9.100786819893921	9.548944784748214	-1.540127592519604	-6.2090242899030565	-3.4909353101400042	4.379853558217789	-5.746752590630138	-1.1632369589552793	0.3103509823243427	0.3944482501607219	0.3367567791586822	1.2217510465161439	1.3075800635172283	-5.766205482590965	-1.3511422962394986	-5.677308645912609	-0.607124362583056	-1.7439319564057407	0.016473072279524895	0.43471778902606184	-2.3001912021924125	-2.0333779944690056	0.2615950350382154	-1.6152923030817197	0.4932150110453399	3.799864792209291	-0.3002886795561736	-5.965395110239617	1.4048218134339827	7.446103914618025	3.1441947635067238	-2.6053983998215586	2.602716160961458	-1.193760447176463	3.8844200056292237	4.154129309139072	0.3332995136213674	-3.2276694317658987	-0.5679794663730574	1.2994213459607202	-1.223939454877004	-2.3135626162171223	-1.4664596638985141	-0.4104009747865102	-0.31176274178000746	0.6482726772505342	-1.7182152174512075	-2.77390018021202	-0.5131229477751273	1.378236888123196	-2.2724019846935333	-1.3146080941333884	-1.195707033397247	-0.5237082090034427	3.4663821443496436	0.7792061314431797	-0.6321697066310705	2.4347352822387114	0.9681533868079316	-0.27615450750601545	-2.7050554370501714	-3.7961132143829204	0.18799451696061326	-3.152595982546367	2.8420900669508784	-0.2602567554487494	-1.7025285419385063	-0.8894434632833288	4.356236034265952	3.5314874513167416	-1.7296984528060242	1.4255699311063412	1.5165501175000653	-0.2248282513499999	1.3587444046838353	-1.3792481518516713	-0.9793828008358344	1.1908952248702036	0.9490608215081161	1.5644338801385282	-0.29323580313133896	0.7410786429619625	0.14458672216771512	0.1337216851960793	-0.34186256797134423	1.0283503065514301	-0.9190730243006042	-0.5808977743613117	1.4086248073292886	0.10667915889451506	0.40376624773449127	-0.1922856042000475	-0.09559864167137466
DTXSID8029604	-4.529697031248057	0.9213476750527033	-0.8401521299258091	1.3918184694334876	-1.2785306400141228	0.7463932280070223	-0.7268804117804367	-1.4990747785399148	-0.37337417297690817	0.15245975153818422	0.37943603418898597	2.5371660914769105	2.0260576450690455	1.3631965159436379	1.0607999509836714	7.076568644330257	6.436862002355961	-4.528208651106098	1.719227122927195	4.266209592977593	-1.7665502972493192	-2.1076432696566165	-3.6116236742431695	-0.639814948221406	-0.673397056060925	1.311312189249321	-2.2634592186126845	-1.1382783407904289	-1.9463974388167404	0.947830342220118	1.6057015586162	0.544732134144622	0.23646235212178568	-0.5524380544921539	0.4358716824220988	-1.136049234720225	-1.118405636375331	1.4309472592968913	-0.47423231240038244	0.8611849464381272	1.690975443403214	-0.6350245977340218	-1.368648520367229	0.2716524994331001	1.2109382398332678	-2.221618160516366	-1.0032350364613627	0.10987162348790917	0.2858994986458226	-0.8249186918577401	0.06668854525497997	-0.7392142919824655	-1.179573647257798	0.07316787142171804	-1.4819750327166934	0.8764587839020888	0.28863180443902803	0.7632356176963669	2.0978871718008265	-0.1706268478779449	0.07294027206585005	-1.653562054484579	-1.8169531911589516	1.5708474965116712	-0.4174840104705072	-1.8544736414780498	-0.2580209530715128	1.5462773254513822	-0.5717371523788262	0.392179506538764	-1.1773076420395854	-0.8542116304069427	-1.526300157371435	-1.4258914306233794	-0.7326814809107847	-0.21616304265899455	1.2324060547460411	-0.8996922824434667	-0.0799640719216425	0.34670244672230843	0.360373103872697	-0.44317627975792306	0.4392943915888539	0.14074527820421304	0.48595886569281155	-0.10978626237376785	-0.058399132319656676	0.26804962622064094	0.1468936586801996	0.5320654048784951	0.24908319166829992	0.08593534480643346	-0.1762719280054953	-0.1156118922563579	0.267468291157615	0.2958075944610443	0.27788742837520164	0.12491263965660898	0.9336726576679151	0.22402868896655784
DTXSID6044199	7.411124280881713	4.224204352159337	6.286207356058153	-5.6715840068806465	-3.3869382850529335	-3.1726628855124313	0.8184371990158271	-1.5809004517988514	-0.8436333718031569	1.2132928034628911	-3.27239104275408	1.5740272889532494	6.7989536715066565	-1.7685037404127295	-1.0036818753928045	-0.8964368185852197	-0.3439783442153381	-1.3304709969880038	-1.464155842723118	-0.7221090441378006	-0.7837056383094737	0.9789701892623582	2.3356883898830456	-2.363973650748533	1.1188726026501408	4.220620364463544	-0.8725649705327555	0.7231958910414694	-3.1699838317770017	3.2714764158153	1.3223161659622258	-2.9734823493782394	-1.694148116655663	0.00845207935369912	-0.3189314108197567	1.3429869306538367	-1.5479330923345593	-2.5040216270254794	-0.1576309862825778	-0.5874387013693487	-0.5593526343876258	0.8746795100045599	2.8327329383876867	-0.025747435993752097	-1.389304617491072	2.708905624731994	0.6425967686361708	0.14137778496696174	-0.21769659019064705	0.37075631717989765	-0.14946789692500792	0.21757991460425263	0.9974305178520613	0.27703193727855635	0.783912342257973	-0.7333905050629986	-0.8576812601160855	-1.051652447854227	-1.8771534025828949	-1.0849674847854187	0.5120055043115034	0.911698968882027	0.07968044346840984	-0.23463451687187836	0.021408874385053164	2.5503181955679146	-2.2500806339304242	0.018048724173343723	-0.5846952942877435	2.1621074067100414	-1.373226909854888	-3.70423915247608	-3.020443070986341	0.4292966344629555	-1.4364642825267442	-2.600331562237719	1.73013928607148	-0.6837309406163128	-1.2729328422432642	2.004758140236189	1.0872421673886046	1.2375513383199004	0.9797905892010312	0.06987579258137801	0.2421252903534809	-0.3559027557280081	-1.4016120036929645	-1.4790260588413373	0.6398182031297085	0.13305379477720208	-0.3682610909480706	0.009330771705514508	0.12155419740026566	0.15467072401378473	-0.4471757416957843	-0.4198223798360225	0.19647338703871137	-0.9239368872010515	-0.5394163618543105	0.26091591921538126
DTXSID1046922	9.564497051276675	-1.6238356828712854	9.361385221742225	4.698748739399731	1.3549670633965925	2.6872825813348205	1.831678198343822	-1.7860607250011358	-2.527417479826231	2.6707123255078478	-1.4967366293392592	0.493007523822178	0.7111978564682356	0.3593755886031707	1.6064188388300442	-0.6191091622785141	1.5315268224230068	-0.5651103627914024	2.7690896808570526	-1.3845847464048164	-1.9974830697255577	-0.6425681621339581	-2.576229125663671	2.3199491013383122	-1.2742412544643376	-0.885850859206894	-1.7557168247440647	3.25377571090714	1.5832488287804625	-2.259383761019863	-0.39343829361059035	-1.4403623387419	0.43659634923076174	-1.7473078957725403	1.9417789958479579	-3.2446014498778832	4.6386551909878655	-4.39202924819301	1.4320122780290605	2.5287249328599004	3.261913959487999	-3.186051891559821	1.8214596821500446	-3.268563630249675	4.150739846869267	0.19645378927455326	3.138921730895112	-0.9988873069488857	-5.030810200161022	5.5962859956114634	0.4396812382513844	1.894736568123477	-0.7523316595376508	3.529062078445112	0.05670538163076836	-1.5241299823968941	-0.6117642570391424	0.18703803996074075	-1.5565574022363422	-1.444652565873846	1.740431028903438	1.2739076921384669	1.2310118818057536	0.8694940869959709	2.094956990741479	-1.1340052594545122	-0.5459454811895785	0.5054040709087131	2.1154323510321045	0.18072346904253803	-1.293471618922158	1.4920402173037248	0.3792762317805687	0.35312639033912463	-0.7447749227597704	-0.6792584211962505	0.12323542736695392	-0.48712198658902367	-0.7228858871140269	0.7359359767978975	-0.5203653194650935	-0.25806179328400564	0.29152213425238555	-0.24880261965760622	-0.0447008359653336	0.2183585355858518	0.29095271819801494	0.11328553414732258	0.6894388266799122	-0.023374684844026376	-0.3081139277584907	0.26403637070173513	0.1063884427768079	-0.32517873121695495	-0.0491238343207437	-0.004904907192697433	-0.2742368546254894	-0.48666224505315614	0.1580195893713356	0.1954720049851156
DTXSID6048674	3.8693660110672448	3.7856330829678315	-3.7004242621861967	2.777525542851418	-2.2869768518020805	-2.6744596013637776	-1.759718803038059	0.2927242939923539	-1.2671081340419146	6.237169018659631	-1.1226264574077007	0.833386206700293	1.4090799453400256	3.944712742162598	-0.35931321141989647	4.243171890365496	4.602015020930056	-3.3142944391541738	1.7498498046770166	2.1098784889706743	1.053083279350948	5.530791742473343	-0.2777965848083411	0.27156574006930007	-0.46699624386369215	-0.5520086794792897	0.8961927124685984	-2.042850198532904	1.4502762804282576	-1.2901451656892602	2.218881278840392	-3.959767344638279	3.0241979165144266	1.9055198793235817	-0.44121574707453803	-1.4377564272564922	0.23599576532349542	1.1684781336862597	4.247078452770748	-1.2595663710780047	-0.3697945525490703	-6.271432272355032	4.117619966476793	-4.88799987709372	-4.722390705534624	-1.7582075835501336	-2.5831391128493566	-1.4905946244250163	1.8519020998455848	-4.485904505552112	0.8973919716400376	4.472485415892685	-3.1183644173801883	-0.23174395290893332	-5.205060108987658	-0.28116889633536724	-2.0945716937610412	-2.5591974137345206	-3.4073002404814883	-0.6580215585175027	-4.910424782449849	1.5665136151213683	-3.538181849163218	2.8500595816881957	0.544435434696878	-3.109516269742371	-0.7695682423981135	-0.8788405345487807	-2.427024197570778	-0.6303402722242389	0.8725781563501778	2.1466046403200028	-0.3786619414985704	1.713905321451059	1.300278205359267	-0.5232010275464091	-2.6656843789788276	-1.7864525268835052	-1.1181890906191359	-1.1191106209856516	0.23792910105798437	-0.609259230206057	0.333274497748557	0.55511562476913	1.119004886933602	0.5789836668510054	-0.03906087140992464	0.7052945753080581	-1.1572838145683415	-0.535847594575568	-0.5968311473674124	-1.5853359542091356	-0.9685854907968579	-0.6155271533536555	0.3043119982955304	0.3686862735831234	4.201203670416227	-6.255183032348373	-0.8490662832277418	-2.9780681487251885
DTXSID7049348	-3.2728336574485777	-1.0811695754627635	3.8884060915424214	-3.932368961703646	-1.60684744862798	-0.910251115555523	0.5935678039197775	0.2175228366090978	0.8043547056223291	0.5542578173320858	0.42606332771657535	0.34263337893284845	1.3793478232553975	-1.8782823370780783	-1.6862189140640838	-0.5103261664287768	-0.3974038404289635	-0.7149998733336241	-0.13339869406901797	0.4605996772624841	-0.09255854527697495	0.4302829512286671	-0.019789004621194838	-0.1451409655631851	-0.5551979012077481	0.14950682942331633	0.8276584657185131	0.4423612950278249	0.20080838444174617	0.6511251858331367	0.8007429630255375	-0.623666347971447	0.17660980570856577	-0.3893545935474278	0.1337810598315078	0.16599561721255554	-0.5434006041195801	-0.004088626985345455	0.24408405492097174	0.3658632915811052	0.0931375275438923	0.2517146081731841	-0.2931985536857325	0.015327904916304974	-0.05735493712879185	0.027342330501774686	0.33122928917980254	-0.2085637305299177	0.12224642217020763	-0.2706690169599854	0.1335327491142731	-0.0356787935446974	-0.011517763868690328	0.2053400072334312	0.07430191413607835	-0.03486438380449736	0.07774351179327578	0.1675013185186511	-0.02772553680082496	-0.16419062339196627	0.09368501250685693	-0.2905858570498677	-0.34816342904977815	-0.17979389294311787	0.1438278145924344	0.5016104867167476	-0.16479798790242398	0.3902573231270689	-0.23546458786765384	0.3206345933440809	0.2604414362706491	0.2567527338573711	0.10184528444310992	-0.14945969105273785	-0.16916420285789624	0.10542914015160729	-0.13153529494304314	0.2724062922994348	-0.03576038270309529	0.05204530413314802	0.23275861504531728	-0.38656165174515644	-0.1739246469413396	-0.3890994843227887	0.08557486587608441	0.28551589193577037	-0.27220870344472015	-0.587381575933243	0.09042678110188117	-0.0718421575556895	0.04181597810913386	0.062066065962688904	0.28199527458389023	0.08724536051013694	0.3346657971831073	0.22476080545350272	0.2429612571378498	0.5321287809648109	0.25515972433553097	-0.17971244622943977
DTXSID7023067	2.0637171622489174	3.7656979291753374	-0.37232463904592344	-0.8484657297471536	-1.4091545200937625	0.9840510056083821	-0.6171969038990983	-1.2504216534260597	2.745460638601488	-0.6169667964606577	0.5253511606162228	-0.36357109711293745	0.606929024596585	1.923563091382615	1.0223284356630236	1.2209019496008409	0.4138506829799073	0.8149902274362948	1.205842901747071	-1.4731081759267886	-0.27488145950135995	-0.42899712311861943	0.6532086276233418	0.8890405055129518	0.02211295439473144	0.5278264303623859	1.1221767673355179	-0.5293503372757611	0.48179062968345615	-0.38490781926343953	-0.4758329844694301	-0.8185758338441621	-0.6889458285687322	-0.05773059500542286	0.5231581095526667	-0.29036437702895596	0.37239481666896557	0.057997879585666816	-0.28780099383638724	-0.4496477830516057	0.5536693145398532	0.6498007460912031	0.44107526853271084	-0.056221015590943266	-0.2444799265914599	0.13227928099351519	-0.3149631451124862	-0.023884527144320915	-0.23424671109871095	0.07287380317936598	0.01803455061448583	0.12537508223849558	0.3641992518724608	-0.19012377355265225	-0.012939928903161948	-0.6279784324064209	0.37371514180378296	0.063035564315647	0.04662200807175949	0.3071509910843179	-0.1281446004427574	0.1791240928130511	-0.9942773016451485	-0.749053351206077	0.10132501539539633	0.32112736083664867	0.07551248670969592	-0.07094816375855675	-0.36303991739323316	-0.6721153480024425	0.6276195834933773	-1.122617961967298	0.4085587411030034	0.6279314523331951	-0.5453154995695655	1.0815233557859627	-0.006962708780893925	0.3968743357721414	-0.535659742949242	0.2952100375442336	-0.4180648705505259	0.2437362237088213	-0.05195774510417383	0.26454478088644157	-0.026780097275251956	0.31202086270511403	0.3366017809301398	0.3847231163328731	0.13328530425218835	-0.7430971830618929	0.35020145281595194	-1.1914196169960163	-0.5078570397949679	-0.02361399863214261	-0.08551343611057007	-0.319978265741087	0.3587733016779662	-0.41977009643463614	0.5684423361362027	-0.38492821484685763
DTXSID6047103	5.8884170149696375	-0.5361035518367149	4.450878120120736	-9.358118844366087	-0.11270113898853344	-4.604251801541621	1.0774925507917572	-1.7976787690387115	-0.4168139555624934	1.396318670593367	-1.0894720823077308	-0.2524202231009723	0.011958336801198887	-4.083051039484266	-2.8754262688046883	-1.269323881293825	0.7054577738045457	-1.9037638599432616	0.08869281591012462	0.9141693656134873	-0.22601864671248822	0.8472313017235938	0.09789814901406457	0.11325307063652298	-1.6148697765664217	1.3035559606971665	2.4759002230017337	-0.6624898595256018	0.7638750149212322	1.23949870065319	1.0824397047243974	-2.0151813951701736	-0.627149858217082	-1.083167491697472	1.0299974739098932	0.5103160103494362	-0.4119807399175258	0.39201262909130113	0.4952052029157709	1.6008505739737264	0.53237355769986	1.0486569460626658	-0.06326519161625009	0.8061534844658391	0.16285071789307573	-0.02519782171709764	0.08537840761506711	-0.5210785220317738	0.16598334908369106	0.08277561320884214	0.5197883902859465	0.030610290009055068	0.42650121822511505	0.542048672049396	-0.49624474845798466	0.3847357305508799	0.35753355454927943	0.3976090609055474	0.31795467918208503	0.01945536367588848	0.24890171695095173	0.19353210002844357	-0.6424461581508082	-0.23089098828288793	0.6359756791416212	0.43364871798506777	-0.9998286148940725	0.3508715188850454	0.3459162465413463	0.5672010916017957	0.7169710799514855	0.3311566563643836	-0.37412203537429645	0.38885080324886323	0.7468180258065427	0.02408833374529375	0.2262630136091402	-0.3591276871216973	0.25028966501632943	-0.28003787271333175	0.6437585642018503	-0.00867184540186815	0.028580002955207386	0.04502952155012463	0.42555157611857936	-0.14556383005480303	-0.5070765230293456	0.2932539039073228	0.3942555865811261	-0.08261770333431469	-0.5665220964888251	-0.3784767270511921	-0.17336831408543252	0.15334122575931775	0.7555471827350647	0.7875369251251155	-0.23537014052505634	0.8125612433526027	-0.2503963368642026	-0.4374851487179335
DTXSID2046389	3.367976875968784	0.09358940517268752	-2.9607134577190286	-0.06391689629407996	4.595825914219564	-3.1372829951360086	-2.915247909668419	1.3612084123520571	-1.5325316994754923	0.45155107140451634	5.16371252992488	-1.566463102874068	2.8693762314251443	0.17286953541603697	3.4460882642339192	-0.7650377648655099	0.4038570890089105	1.804812704808641	0.09683467575275595	-0.14047256300442704	-0.47491505462527084	0.4445402350112519	-0.37366398207376694	-0.5842249890858016	1.5055172686525171	0.864389950759616	0.045330703798458716	-0.6506649442696061	-1.0319633224617117	0.60088059361699	-2.203899891104338	0.8655374618973956	0.07526047686257924	1.0088424932684938	2.3391193772353747	0.6170702890882727	0.2926085930708744	-0.006146389937586349	1.159312069004902	0.5104641755185048	-1.2807011541292745	0.1297722026912393	-0.9499034279095667	0.34733734999773963	0.7058261033606447	-0.5479098258381707	0.8555281045050488	-1.2229022118519293	0.08561595984009931	0.3346338793055108	0.2782890847423725	-0.3230977978241898	0.6306303022947457	-0.9396489558361786	-0.1526708867655963	0.16155034955639663	-0.6931004288124671	-1.416061934694734	0.43225196841504704	0.8088819938049697	-0.4757367043268634	-0.4723718793210125	0.86591857393645	0.1872526191930594	0.10980870036469682	-0.022652029684869252	-0.648058681564223	0.9522637671442233	1.2078476801166445	0.5583246859091092	-0.5703200668934941	1.4804284021670622	-1.0980337220525906	0.4683162206237038	0.3744270361817412	-0.7357298176652228	-0.7483986602525659	0.1581919008380697	-0.025466781355698867	-0.04319786007751291	-0.38895854736221114	1.0910801691821597	-0.49945081431995436	0.4859691693928614	0.42787537696205924	0.1076889085321114	-0.0549943137348796	0.4853594036596695	0.5508739385619984	-0.10123261350707552	0.24316758040313657	-0.046103212334977474	0.27236351671502385	0.010989522071218488	0.584567606999598	-0.5842312177050288	0.2624177706865622	0.05173623985950425	0.19803510254161108	-0.8195506401953153
DTXSID5046988	-5.1057965134744805	-4.246180372433437	-1.9488191732252258	-0.11808853949817394	0.8005981751803906	0.29685364294065314	-1.1616575277720294	0.2692786990263957	-2.022621604595141	1.2980620178822115	2.2677997858063565	-1.4100221162367075	1.2308753232979757	0.49741844382718675	1.304538041750785	-1.2525563282757766	0.8196049577387855	-0.04077555435934416	0.564369960846268	-0.9237554055725418	-0.29398686746219166	0.1568071973775845	1.660381983890895	-1.2096727173182682	0.22324592971806564	0.8479348325190732	-0.6365092822503641	0.8113224145119858	-0.7472643084555376	-0.39904134646289957	0.6916874991254813	0.7643882562393053	0.19076676195323233	0.8620936142221097	0.39361699764451313	-1.1613815734054622	0.7599899566302691	-0.8393660007061674	0.44863716404734316	-1.8334965397457066	0.2899878733484741	3.899682544942934	-0.5783750802846761	-0.827239931637173	-2.5493821887728543	-3.4492972299060245	2.340707259603559	0.637686520828522	0.7875766614462235	1.4745365097416563	0.3120271658440392	1.3642251229948557	-1.1520565839591443	0.8801947550150893	-0.2473201994006192	1.3435181594458725	-0.2942286638827461	-1.2538023916197858	-0.5748595769978828	0.25976753589551344	0.3429386913151787	-0.720360901852542	-0.030592652521953975	-0.5036063194166938	0.8300698296543243	0.30996350388653765	-0.9888692136182131	0.21666499288173463	-0.5076423007638994	-0.2648487275928655	0.7702126905737987	-0.3681931056068082	0.8448313651299502	-0.45835823158526234	0.8159138536320876	-0.25476214999794844	0.052149007122427815	-0.6276381355851116	0.061219228664834376	-0.22599616698992112	-0.21410806536660607	0.3670322233777638	0.10761091266616833	0.16304871242043426	-0.17078487184997643	-0.27720915068025836	-0.30065313582314807	-0.1384877174937305	-0.021637793251964556	-0.10097520387950071	-0.33414420628661984	0.1728990899012592	0.17592600494234223	0.07732228475674688	0.5872673916512442	-0.07757125964343721	-0.19067645735519748	-0.08010435902270686	0.32132043534453053	-0.29309270596458986
DTXSID2047648	-2.5221093249178996	0.4227648184724802	1.2117951510191114	0.040038157975091575	0.26659358180166665	-1.111257205718776	-1.1613083590260627	-0.44423015423827883	0.5149325304573479	-1.5074228963800889	0.043434022920913154	0.01697842152536986	-1.0423266240019269	0.7280535213716772	-0.33385929480714327	-0.14712619336657068	0.5083235709092038	-0.3286581851840984	0.09872680089559938	-0.7099761535016574	0.1923374329430914	-0.29097052719517597	1.0139925762430393	-0.01382441415575481	0.363029536202225	-0.04191380998297087	-0.45095832857832224	-0.04776467986370033	-0.26870339883210004	-0.2760821210285858	-0.6876158051422548	0.2775439819218759	0.04874310665781892	-0.21882458798309784	0.532703490118321	-0.23933816077258133	-0.06067650588167397	0.41120570048830507	0.3241361151118324	0.3406207784649793	-0.3369674086569236	0.1537161875479209	0.014285891651823044	0.3579781596235815	-0.6278843278540572	-0.05957558241739508	0.346245969405116	-0.3457960383081488	-0.13792602150216693	0.24703431583335533	0.12514458550025676	0.13312900095293256	0.3220320071008868	-0.3654102006572801	0.00566062082825506	-0.22511971706796516	-0.10824339341758019	-0.2529466589144513	-0.06462677281330667	-0.37839185338631814	0.5961299291665586	0.37964240296799456	-0.0014213211202832277	0.18314998869649432	0.34374393505748213	-0.33466390260626044	0.5548006616078652	0.047580912784638295	0.1661211443936236	-0.09031144115975206	-0.04562048234107737	0.19405191024002985	-0.34787425386247484	0.27835528929246894	-0.8875227965373199	0.11702164431920672	-0.3522976296814363	0.421713047837267	-0.005244658870830006	0.2703021613133195	0.1768578253357106	0.3564959243145088	0.3514102451562597	0.13349938795358596	-0.061139638762177435	-0.1825115894310253	0.08359515804591347	0.17533569426048087	0.513933249066244	0.0014991167329371018	0.23555684949545777	-0.04259996138732963	0.06485387777279843	-0.518359286431082	-0.18483669679778225	-0.437444942194783	-0.025077349285029565	-0.1722767219039905	-0.34373496973326556	0.21366880042045228
DTXSID8046610	7.028289413986314	-0.5949619681373683	3.2217262537168003	4.6246219571365135	-1.2565398804409666	-0.132001110897721	3.85834971613113	3.153216418980503	5.499327751449868	-0.8387334234742847	-0.48902388089178517	0.36804687936895886	-0.5392216332688148	-2.4047712346343038	6.051267657672545	-3.250838375808076	-3.778775575872499	-2.01084302730903	0.7272004851220035	6.896463732297708	3.733638379804998	-0.11156185178034501	3.564145091800782	0.980108490865917	1.407348475811528	0.8963185260831622	-3.8415449565414708	-1.5994507781329526	-0.07383809823267144	1.3254227954308357	0.7691344194748347	-0.9503638512350517	-0.9433844890198317	-1.9339727783841436	1.957503652303744	1.6046002600107447	2.5534067704701884	-1.6358620703347653	-0.5192028946816537	-1.0985850136877826	1.0545859483550732	0.053747627805617045	-1.7114419152404012	1.2423763096004985	0.26174523098420915	-0.07781056064079207	1.634946087249695	-0.3677384525013644	0.3027077516502518	-0.6919224041205354	0.16116398639833335	0.2749187710542199	-0.718605769890125	0.49270442651909824	1.745837512498899	-3.5585648325730284	-1.528089102723304	0.8224545659604741	-0.7638558756989764	1.7999088187432366	-0.5499147211757874	3.8203215368884247	-2.866811741985644	1.380364947177336	-1.7645867260456016	-2.663096501055267	2.419372132975926	1.8739944810106512	-0.18791220836253794	-2.0674825904467315	4.472407077449973	1.2411278477431018	-0.45223647969070796	-5.526966379315388	0.02592030336959739	0.21295109194403844	0.7694118443786337	-1.2806554233730438	-3.7502087119085683	0.6236571921956502	2.439401096181965	-0.6106381581457623	-2.981920010281935	2.813043980414288	2.8676525312785373	-8.994212174206522	1.0861125339818767	-3.0620486472465163	1.3762912835150272	-1.1612414766880685	1.9706413516961319	-1.342384739498714	3.0466296935486628	-0.029376155919091627	0.5461307488324489	-1.1008030552035484	-0.6262704930329402	0.9489199782069407	0.043039388722917106	-0.31541881439312464
DTXSID5023033	0.5113207436754877	2.1159854955606754	-0.4524283240759788	1.2331240641974126	0.6422634944000386	-1.9571496539195261	2.855038793840088	-0.7584029608068996	-0.5080173981896895	-3.6933343596333774	0.1973401816838441	-0.3471224015100087	-0.9411265859600356	1.454575538205456	-0.723465459049444	-0.5548040490582792	0.9906828828118216	-0.11728203521653859	-0.36535992094709613	-0.5120187209138201	-0.6178436786569222	-0.6444675345054197	-0.25179853841375477	0.6360153190184289	-0.9023461213918135	0.1345772977263237	-0.4985321435413423	-0.46923778661346616	-0.013830799061817063	-0.44053068599124995	-1.631953395115024	0.7648651623171133	-1.074459824644007	-0.4010735212915711	0.272535334850563	0.43597796148583234	-0.8098709737929213	0.6161859254886877	-0.05424156946949901	-0.42232932676681256	-1.0797810221306667	-0.1927375884974935	-0.11030194899363183	-0.12403516562828257	-0.14876033509369976	-0.1920976942944092	0.4984834536191451	-0.20223553382338239	-0.671211067605193	-0.020072859264642803	-0.48043276602830165	0.2674912408296719	-0.45444364570223156	-0.4228875985980738	-0.4393234785583297	0.1402933201638677	-1.0806801822733774	0.6067563226391292	-0.803732028446224	0.6128380593443106	0.18472208885761307	0.2706031180182281	0.24740077207968852	1.2300393024763345	0.02150709704221605	-0.2905103086080449	0.3349566567882155	-1.8821088676048379	0.2935262010200247	-0.8585347730183523	-0.0005288264133347796	-1.658759770355394	0.5887040721437253	-0.18064664759115096	-0.5439352822926047	0.47736564936198245	0.6445792025972148	0.6528000019962799	-0.34782101371861823	-0.8363213092878189	-0.4839695673176294	-0.5207909168521436	-0.4822242074108764	0.6189692025109184	0.35099570382889533	1.1384960969747562	0.3190209494215325	-0.7944076671884043	-0.8237457088635055	-0.48345654334604615	0.2990321566839277	-0.05204695722429119	0.7391855400570161	-0.23650649981617855	0.5701865510121921	0.16942823059620535	-0.5846100492352444	-0.5590430151808379	0.854023507303828	0.14030511508047386
DTXSID1032278	32.81582590424476	1.7328421322463676	0.6617179858623153	6.971909668745805	3.3538764155196406	-3.6629040321725874	3.8813323605079564	4.333993929941642	0.05598661273727378	-6.05177125787276	-0.7999429759172384	1.4838637982569118	-2.4387096650029205	5.493081750793152	0.9664691042365957	0.7343755962997331	-5.365302488927143	-0.36121146511358043	5.4925516714906815	0.9587060146788544	4.426583273065949	1.340505881922907	-1.9088071417373587	0.7850976728146931	1.445017201208234	-0.8989493635387324	-1.7580255080031277	-0.11795710381727034	-1.7501802717518462	3.444703367200387	1.0846658934533255	-2.362644932302041	-0.5117258911011969	-0.09511279170352847	-1.1366573897665666	0.4567213371421936	-0.42129846440612534	-2.559606932199495	1.4504535954827753	1.7158470028482362	-2.8973430836482885	1.7421545613293186	-0.6927649822170704	6.213763976228252	-2.7985719718532915	-1.8293339887385924	0.22112409240299047	-1.8078754388968026	-1.1144077723098116	-1.2845891412304953	0.7703390874047729	-0.3243996922181318	-0.5632424592898672	1.8711444931691932	1.150003241778686	-1.8368994107153132	-0.5313065502355401	1.2456553568664057	0.7222677277838635	-0.8191816553001386	1.6947674714320944	3.0243854807576502	-1.488361261822714	4.123496654232231	-0.26061999009212866	0.9346878933609898	0.3135107388691807	2.146270729187932	1.7547342894258908	6.766443103350533	1.7504585111410267	2.8429007299861415	2.3561399397917713	-1.6042780591096935	1.7105941156616833	1.9428407864248634	-3.4480728372964196	-1.962674822784078	-2.921176630912857	0.517477537666823	-0.6685387783097333	-0.11739548775543332	0.8811811662043258	1.5525230373894492	2.6781089778435807	-4.0720067796515425	-1.3676093426782576	0.9444821928202312	-1.5915079375641266	2.209943910517058	1.5508936755460925	4.504889474501246	0.8941493114240527	-1.681957709971485	1.2746431140489618	-1.753818519151594	-0.3818259494540731	-0.379783586504982	-0.3356737574501672	2.3831767481454724
DTXSID7020053	-1.5767062912503407	0.4329236725509433	-2.1780458974958017	1.846998881770743	1.2351978781272146	-1.5868434834279175	-0.6379721717735843	0.8671811670820033	0.405639204880541	2.78876913423623	-1.6217967353184617	-0.6290803901444859	0.09614631937101123	3.393038651221193	-0.1680363032757125	-1.5159029939568236	0.2930756577272725	0.24637678816898226	0.769418439912399	-0.04306446514866553	0.42481291810075766	-0.3508167442642296	0.4651380769538722	0.6423922534325556	-0.3210985039814256	-0.056883595947614704	0.6546457881508587	-0.893824580903137	-0.4273301330960558	0.8357406675238479	0.6754142305190874	-0.1572692342851148	0.87585369917357	-0.48012017179102345	-0.08960235548327339	0.3923088723663093	0.16674514689208336	0.044950399046204605	0.016935443059689085	0.08315579974058945	0.45226922660711705	0.6959313082187132	-0.09637047596461125	0.42100701396305446	0.16923434479244956	0.18332365946302082	0.3210363338632346	0.24028118759708456	-0.104640848845039	0.2167809839860881	-0.004473361472353557	0.09563253061466435	0.1613707233443407	0.25367160089450586	-0.27106152552134566	0.26376566077130975	0.09953359921294729	-0.09119931669409913	-0.5033872667321682	0.5252932352380313	0.032471176315063445	-0.09163502096007425	0.15492203794599418	-0.17691250382367538	-0.1749883214299593	-0.599955483875129	-0.3863068266751562	0.14173523130218424	-0.2805468458772877	1.134453380057245	-0.0709407967758084	0.046154019223478115	-0.8144951854846224	0.6288087731058893	0.1784768887939639	0.563837917949429	-1.2530824239182707	0.9825421399903722	-0.4100412982229103	-1.0354564884714923	0.5095672726551285	-0.5106758533001629	0.22211562134438004	0.4035105438327056	0.09265197464805178	0.42345267609038656	0.440665629531071	0.06741008548635466	-0.7305830538647793	-0.2414449136748177	0.5651835650393093	-0.7211468978145555	-0.10344539984589353	0.3468076798266557	-0.36627613930169667	0.3781666787506011	0.029636528683989284	0.21763714326242756	0.3066191277973556	-0.14237866446700342
DTXSID0041141	10.169915390865686	-3.8101834832726422	0.6379735131812566	1.8144255084899168	2.0786977928164263	-0.8139337582037568	0.652394225079813	5.8972596733912335	3.2695229501173886	-2.6925882130773435	-3.8777982670970426	-0.2200838681292242	-0.21869563698020764	1.4338320610727884	2.7410666245445503	-2.4667810436946387	1.3088142232988433	-1.321843766413414	5.903759043187605	-1.2361153249386445	-1.2156678272304688	0.8549385234684174	-1.6327457547446447	0.62385365588218	2.5629951584405832	-2.510785477586373	4.628856739489652	1.795898781399186	-0.2292358166253558	4.7798525392223485	-0.7550672411820304	4.652167596922059	-1.7921713538249495	2.374703783451552	-0.06973810882310152	2.141678764585065	1.1007079552896732	1.3998067586586282	-1.6190116161235966	-2.206609820030623	-0.06816556258340208	-0.2741211921421843	1.1199280251360073	2.7120998891046977	1.9910865268014655	1.201622176455852	-1.9362805963278478	-2.577323601388719	5.986827649858157	0.9458083083332577	1.657400708163114	2.329211705461677	-4.504999707119536	4.04773931996451	-2.144949224223409	3.506116190490448	6.762098326276845	0.1392535245284212	-4.582514723225611	-3.6326777264395784	2.168951480740391	0.8195279471891871	-0.868278666194135	5.818874689012962	0.7712071517760458	5.4150354821989435	1.496491601516042	1.3097517862962054	3.112715542006084	-1.5828835354024868	0.530331613552561	0.1802853097348174	-2.6885079699482097	-0.6865013967833822	-0.4343889728434554	-0.09929205028329553	-1.2617969126539015	-0.4277493803981242	1.5650131782364392	-0.5518410599439111	-0.4626993285002155	-1.1215777298586702	0.38690555588706144	-2.045939037094918	-1.2867933302768075	-0.9810222826031801	-0.7090975358243811	-0.524781930902924	-0.7537970143730758	0.6006631836028605	-0.2853282839657047	0.5158823159020736	0.44861783416213413	1.9858461536320553	0.6580075268904841	-0.9895920078766092	0.998791986540982	-0.6058459500327361	-1.1792835480902575	1.776781210717249
DTXSID7044849	-5.500855856766694	-1.7153077906593817	-4.650457107697949	3.457110798578792	1.43024417532432	-1.1508597604837465	7.010578596033277	-0.5092202366033933	-1.8871583984948144	1.106793568867675	0.8109516467043641	-2.0307373226657064	1.4758935323906488	-1.0884577775788866	-3.551058403129835	2.0199650870854744	-3.42497484368423	0.8226986617324418	5.505379262966865	-2.475866903476079	4.52520001007989	2.3668751390912792	-0.1755761408244659	0.05895839686776284	-0.9705518529107704	1.868492421182348	-0.4940712457323831	-2.523087667525634	-1.9435822709766302	0.887343091608214	-0.5854041925777148	0.6737350980800071	0.6703717624998401	0.03812888209035407	-0.899401433042592	0.37767398432664784	0.09190404734594979	-1.5772234713091757	-0.7545865792844152	0.8296314266294476	2.1116251753156625	0.33195700245405135	0.7168727023975563	0.3851399218308276	0.10301549251080215	-1.5872250984335852	-0.7499498132131692	0.8182438836019765	-0.35047405565742634	0.19568758766570593	-0.3584844172073712	-0.7399470961278176	0.03133562679981129	-0.11922231437581253	-0.17672976876926455	0.09612350622380214	1.422790342756647	-0.04842595560395924	0.2524352820320919	-0.26967811102943356	-0.1712185585165193	0.12442244205448354	-0.2796182278089557	-0.28726859746545486	0.39269647253765233	0.08660925410294323	-0.5863810697255107	1.427753631435817	0.027436645862268173	0.7726484920025046	-0.34328252381633173	1.4708492945297906	-0.6998821913584655	1.7779883561371201	-0.4483125337938044	0.24482141007798777	-1.3474429198376967	-0.4815632648675418	-0.7329823957387495	0.11660545423725076	1.3899098509143215	-0.1310523415645031	0.02574715307808082	0.05144575702799953	0.5365272151870224	0.3589220918617207	-0.8710548922541252	0.8711703706544007	0.47255942412407403	0.2826608612868581	-1.0912880957059863	-0.20231161014714508	-0.5873649190351576	-0.18811230545665203	0.21550799755764588	-0.7400339716706374	0.6181014448424481	0.40448500757412764	-0.6480949152043574	0.7565036254481501
DTXSID4045216	-0.27499419611385517	2.1124548196150577	-4.32542876784022	3.134112319660517	-3.9805849964435858	1.7267161335195313	-5.415652712857831	-7.910997133174081	-5.853000293254216	-0.9706204334364305	-10.685674857410415	1.6359772763600304	15.31855520552451	1.3368450835788255	2.2372933071642858	5.316044395913763	1.6004614699478255	-5.313908880458371	0.12845546682210043	5.881408863112723	-1.3176531443760686	0.44530346229206635	-1.4526055082741633	-2.4676809146998604	1.5251008527161134	2.350408998415744	-1.3618127504408448	-0.05940729583703733	-3.0417620496390723	0.6258413076252051	0.2029947261816869	0.7821419546463483	0.49588594432781324	0.4613816443717959	-0.9420637992019074	-3.3301224722820013	-2.9414925191284227	1.4828352756718146	-0.5419531569698652	0.08751649692168241	1.5315039786455982	-0.41070950834577014	-0.9345547397304719	0.19520329733719696	2.387668854192708	-2.974351888285799	-0.7496963710557845	-0.26613712991750693	0.18749508194694228	-0.44627640425892523	0.4644228117942613	-1.2837404321978665	-0.04746204273262287	0.5858874476390757	-1.122709443376363	0.9646718302256897	1.390423527352702	0.7269998077649225	3.035278618113027	-0.24213817270605614	0.5820464254569764	-1.3650167021461086	-2.8196421334562523	2.3459917172980953	0.1811343191648944	-2.09406742022611	0.7616208940904503	0.5067740605461979	0.940729300151631	0.8870200725247874	-2.0254675435518537	-1.6512021112081319	-0.2191469802724669	-2.4324429396904983	-1.4022750056897764	-0.19085156600137398	1.1883891479116202	-1.044691413054341	-0.2908446261019595	1.1850872469203295	1.1005366342541898	-0.5639929744210345	0.860000988014315	0.1169791504646244	-0.1452982155052995	0.003286596926483094	0.8899521040780424	0.24014713470281845	0.723785525727847	0.06978974582027547	-0.6576839917610194	-0.5712987435233995	0.4934703588413884	0.2681131970212313	0.09899615892189886	0.9721103724997806	-0.27531176718060124	-0.46058334200101503	0.5292660710084018	0.3043742979460348
DTXSID4020373	0.019522740712259908	5.302821847687115	0.6828429351575176	-1.62709473733217	-3.601784541443384	4.429320078503365	-0.8299598787745406	4.846624483371769	-0.41490229568862064	0.3027680247448452	1.3080722737951183	0.3807701527875817	0.3412476920031962	-0.8999852571343102	-1.3145959194959023	0.2705315528989992	-0.525444246468183	-0.43806951634516755	-0.45434478776092296	-0.6711364629199722	-0.38839001750471	-0.31318781745903707	0.4079158714220272	0.05206659598841631	-0.1873472586538446	0.7692648416268144	-0.23792036627988683	-0.5279180829783664	0.3688987731589604	-0.8258189747777649	-1.2963069015253255	0.0323870847358325	-0.7122032486420816	-0.09807792675375337	1.4218888105223317	0.49785549352757613	0.30904513384450544	-0.44794451156766646	-0.44016122384389955	0.39858028153989744	-0.06297931192375701	-0.6119545966256529	0.5545666377281377	0.252267364509167	-0.08622634476355112	-0.170528967407861	-0.2902063486710801	-0.4542594353588363	-0.11811067275132459	-0.2085318074053604	0.05494111522514028	-0.1535330683796112	0.49301766189072704	-0.35986901609672167	-0.18964059491499385	-0.4222344910817559	-0.037301384571036836	-0.09602236853182239	0.44794218852519335	-0.49413064942788626	-0.14713440340303563	0.10508941295746577	-0.4751763161458034	1.0039393248781137	0.0013604482798949794	0.7466289963391899	0.539235596184096	0.317031169852738	0.17310912736200476	-0.6981805044978907	0.5329663724606035	-0.41334941356572585	0.4810330531048367	0.04796484097225983	0.28014830102995225	1.0556032337772518	0.6820487530834186	-0.14669365686921182	0.9917833189323997	-0.5853682605417638	0.6286689918406602	-0.2632576108484365	0.7043245764590662	-0.19417965815643062	-0.13213555386172618	-0.4822866551899246	0.12251053220077376	-0.05734832692367985	-0.7037128896127925	0.5904267424018772	-0.051933559994518805	0.26145848603920946	-0.7625571644053313	-0.3636809543982203	0.29467055394581565	-0.17062023931509596	-0.07722163361436161	-0.5356053551461964	0.14511304005689288	0.48447745377892704
DTXSID6029707	-6.598759470586642	-2.386179762209918	-0.7533175729714088	-1.873041780088923	-1.0065530693366869	2.0211344081515152	-0.7014331621265893	0.8128146643778226	-0.044285102351793365	0.2209111637363772	0.1599334636417151	-0.2370543956712313	-0.5303727612587044	-0.7254571650901014	0.07744713358709254	0.8217224472530739	-1.1784464028573058	-0.2642200567510148	-0.28298337226369086	-0.022689822189761115	-0.23085265525093845	0.15567133450050422	-0.7028390456599201	-0.814432923001213	0.9138740103818994	-0.8083216902954341	-0.4709211899611012	0.15470558176279647	-0.14932733454096817	0.3683105743341271	0.5689114434822717	-0.17571673546930183	0.5411811181830616	0.10242060600622806	0.010197262740222658	-0.5534666250156512	-0.3493953583894991	-0.7608035388394129	0.305366307152965	0.2173816957357633	-0.154358728109192	0.07326519070101348	-0.16772502736257788	0.126718590273414	-0.08704552753379127	-0.11222926408895056	0.04399451328578788	0.3207124747807827	-0.026557579842585853	0.10130253059007213	0.06199889147636368	-0.19940771876900834	0.09655651882803151	0.12081958706372987	0.4211897051498098	-0.40050596403930705	0.1608661235712635	0.15223255117005785	0.11029652086233963	-0.09001433213861222	0.08275205602172608	-0.06273872325225321	-0.34673712482583224	0.36129403125889253	0.24517592377022654	0.08361487338770285	0.027103179052734384	0.03665321403776489	-0.8365825148325078	-0.04750304346585504	-0.29211513190875954	0.41515588050809066	0.1943093959255523	-0.041717517778433126	-0.3422230678381776	0.09321641747454372	-0.5217080842745008	-0.6387105157117602	-0.5479791023870633	0.3686293733049596	-0.0875569507335485	-1.3837464699877078	-0.05943119467333602	-1.2814088676682978	-0.49635397545322363	-0.07621207000471862	-0.7989658664152309	-0.7932190718219093	0.6616511474853464	-0.190492760621683	0.4556928437341118	0.09185074138975861	-0.554243549848636	-0.377319227595548	-0.43257768641447397	-0.47049198363536887	-0.18721190107910488	0.22116045209860508	-1.0209340237509452	-0.8254997065638083
DTXSID8029286	19.91029428933169	6.7002594667903335	-0.26145763891702994	2.018388363914314	-10.71556311587591	-3.8355821614130323	-2.3481799265398524	1.1517258964297739	4.146472769363199	-5.920929034850689	-2.537089500949732	1.55176566753663	-3.1520750246105753	2.5551954095222555	3.9836870317476967	-2.5701193739222377	2.3551977796204846	-1.562451354709331	9.65861000867725	1.26890296157377	-1.729724959196586	2.2045865222574057	-2.266208053300776	-0.3250240057700263	4.108092033577958	3.0431820190592904	9.968924874183395	-1.2267711462215685	2.3595375347671332	-1.2876762264356088	4.616161325355687	6.893671750084509	-0.7067223460297425	4.962744822573045	0.14192449803742638	-4.078662457939925	1.1214230566937202	1.1241136688334898	-3.2470870581724576	-8.213364928611865	0.6754944234398116	-1.1346315581918198	5.15227400246374	0.2673643002106066	1.4941740633493863	2.4118218706719237	0.49558129581251226	2.9782106569223052	-0.9650365153922533	0.8193638467180064	-0.5390649178710095	3.0229487327071167	0.44780042374909	1.3252047127684667	1.654565141552057	2.0663197681541363	3.0755656988602684	-0.936403521834701	0.8923804984187852	2.584681672440307	-0.4159806573088167	0.6235066142698742	-0.32922161367823477	1.2609914126369905	2.354909309806738	2.1931975725273696	-0.5577398048128037	3.7365013434204926	-2.459792986802986	-2.8815544849204167	0.6533033915875011	2.2866850520266553	-3.416195079608176	2.100379632555157	-3.5374278793706235	-1.6215178838098074	0.029213747882503884	0.1834180589469663	1.5778377016145417	-1.9669137781491675	1.9721387027140271	-0.46230633222716677	-0.5818772848660158	-0.7959696792496116	-0.44658879625442727	-0.9441841339277361	-0.3069580586613347	-0.5584798505081141	-2.1958609122572867	0.5212164634820964	-0.6528967413424764	0.32616542363573164	1.8159681640808634	0.06899363181933546	0.12222788216065299	-1.244690682886159	1.1498229991076354	-0.2580051177169575	0.15152182901537883	-0.009945299371964237
DTXSID3026562	-1.6035826564057178	0.6291826042193298	0.27466460002346643	1.7662126906636322	3.4954733125285147	-0.7230367126726137	-1.6041468496820568	0.5685780787709869	1.2935301741071725	-0.16407368400973676	-0.40654581785739646	-0.8354336847049043	-0.6289394750688716	0.7286087236462396	-0.5852984107996463	1.015431051292943	-0.3818649437273508	0.4986733984603881	-1.4176298694853544	0.32373066480024837	0.10894116894844345	-0.25955560774585207	1.2196026810253469	-0.09766502501786313	0.664840654597423	0.7942636287426116	1.2155275549171805	-1.0123753267119284	-0.5990227687288441	1.0469385123940096	-0.995943958806177	0.06749729639602696	0.13436564703787032	0.012191005471437038	2.0036007359019647	1.6023712319543542	-0.36546510203145494	0.36625816528367	0.19776240466847486	-0.09542140844436202	0.1702606427176359	0.44016795457088337	-0.23893626272020715	-0.6990894183945086	0.5822217173927614	-0.274104917057739	0.07592418463082705	0.050640616400402086	-0.1931862352081085	0.4518833250329473	0.2785942949486711	0.3643692441932276	0.6044733205032218	-0.0027597113417151854	-0.3539053097885629	0.11102259040450219	0.39770137746192513	0.09128766723201505	0.513007360961651	0.6131614273668072	-0.2376246375856779	-0.4186707658164162	0.05685690633240273	-0.7615120277787594	0.18031870961631702	0.614598792175007	0.42621601407223475	0.3918377369296301	1.1056624538041713	0.5279680712104875	-1.0277568755965474	0.9652275425615507	-0.44436300817769764	0.4688609935512945	-0.10330845928903731	-0.5762053594043213	-0.6466174234881145	0.12754404529645497	-0.004995616858033432	-0.6368439463999181	-0.8700524913673419	0.500850901368849	0.09097000604195571	0.725250184464228	-0.271415960662864	-0.10548391356759204	-0.14803921643474635	-0.7007626425260939	0.09404887875445317	0.03483273606668783	0.3843817479293878	-0.2236290987850545	0.08283468773260694	0.3492749890098195	0.11192310869213488	-0.04366305605878386	0.28437652193692403	-0.2301804327359562	0.03810488985888761	-0.23145495799202845
DTXSID9041653	-0.73509055457532	0.28644998567138513	-1.678580011916887	1.5494586255603688	-1.3512099479108703	-0.05444470814312249	-4.691358333025386	-5.03481198224768	-3.211333395929509	-2.499941094831352	-8.012592898360168	-0.35630027907727707	7.7052619712686194	1.6546370446832261	1.055073459809411	-1.7375033591742524	-2.789204389178083	-0.8082990946499823	-0.30223355033408816	0.5441201851994437	0.6644878679058822	1.2447559639055314	0.3497927670119979	-0.8211213168320178	1.4081775531145915	-0.08375248490790015	-0.041729182220926725	0.7130044167990542	-0.8602320314141159	5.260042275174713e-05	-1.340463842042849	0.13383562285048659	1.2534994946091713	0.5397166703424109	-0.02205912499543733	0.00030760250026877793	-2.3512911921909287	-0.18567164393160793	0.14470204363968836	-0.19912122626029138	-0.12084945691369628	0.5305085219071562	-0.14332450138044622	0.5764074474432586	-0.41614158530940487	-0.2872186059902156	0.33328070053543785	-0.7218903327841828	-0.4770924489101847	-0.43619422687864007	0.08999189006317665	-0.5244988683839068	0.36781852266568527	0.26535891460292094	0.3930351310455575	-0.34518325782518144	0.15725664023330466	0.3662884077590688	0.08871182250079962	-0.8210882808960072	0.49158234917365995	0.6130801086933891	-0.6305251710545916	0.1119619465275265	0.3351544009932784	-1.131903563786291	0.48996599810010133	0.18935996803635263	1.3692274380461296	-0.6355392737326697	-0.9221148525909985	-0.5886660230098588	0.5039415512071532	0.0233723814262828	-0.9818374571899353	-0.043621788150853706	0.5048460707802388	-0.7865987986730818	-0.10693541956433636	0.05184407269862696	-0.04262939388988853	0.533231595100258	0.07672041275132431	-0.056989965909935936	0.22657937056931615	0.0758789329341759	-0.24342642927219293	-0.8230734974305796	-0.6452280786367208	0.29653364976639035	0.22184082420336046	0.7452409437574099	0.0962086229031598	0.6072315899535987	0.41405247877844853	-0.2846204055826479	0.2298365930914068	0.24244551805450845	0.157011475333156	0.12533619867872212
DTXSID6024123	4.718324831018383	2.6628178918820207	-2.847230717893529	-1.8893048901713831	-0.19648832196553428	1.5723164733212098	0.8740578809911664	-0.6290140434225776	-0.7300883694369517	-4.193140833469602	-1.5200380820600428	0.10037255456225522	0.9809963851363401	4.057405209412697	-0.30737242471670323	-1.1128289470878505	0.3391078383335703	-0.4476385888623025	1.419018302032709	0.42230638398141246	-1.2553213477488023	-0.7926590110503147	-1.2046258378682817	1.5176809557067628	0.3115959845014727	-2.1792190027689267	1.0625677314636086	-0.2668189142210539	0.6581974282643022	0.22393836714885265	0.8906379834245487	-1.856332110636785	1.514913708192191	0.6738108445560302	0.824236960573899	-1.6059822042146363	0.6730942189930693	-1.1190877169827516	-0.44373544347954086	-1.4661140987574235	0.9888099126155253	0.7366494235501778	0.5290589536332043	0.44101556236209855	-1.0323261716101761	-0.01829925991327459	-0.683525013789046	-0.33454561267006383	0.027225836397720273	-0.276500557053105	0.3265230581209591	-0.520598592062127	-0.15731992605335385	0.01870861307731407	0.24656707874507997	-0.41804814834292325	1.2114651715838167	-0.189297598807179	0.947384808805375	0.062354310858711855	-1.2069193958774824	0.6194042580470278	-0.42513292575773165	-2.688884768183439	-0.25438264674460964	1.0357571829750274	-0.5164288848329203	0.4797323000566614	0.2668243600897662	-0.1958839673486661	0.8062632331314585	-0.5707119504207218	0.07424856180554512	0.6010878062724428	-1.7083890614001354	0.7186330003592013	-1.4254978098458395	0.5569901451087516	-0.7756605118242486	0.027016678702144196	0.4092458919673122	0.7912348185069986	0.7090811246200827	1.364858197128057	-0.20696809018029017	0.3900861929365068	-0.05444768877389498	-0.43743492301838105	-0.29634224783861135	-0.39147772223795807	0.4795892707304421	-0.8527057541062126	-1.05887376587524	0.5183386282198215	-0.27805100548001965	0.35255013422231	-0.6965694810136371	-0.3182951014473771	-0.2353534883797764	0.061166903439936395
DTXSID9051581	-2.6280789566255014	-0.8444430949309049	4.302840319732926	-4.422392035523813	-1.7068919945150847	-1.2439184314388112	0.6498070108479183	0.20983954868384158	0.8766893233278096	0.6592165633448519	0.5247734739652563	0.4255086392267115	1.5566805539610389	-2.1053444642078163	-1.9952970676734463	-0.5771470601898752	-0.4541787921719684	-0.8345704034133098	-0.1194807406345014	0.5999779169816059	-0.13837333142301897	0.5341072424599549	-0.1237613298897988	-0.15760963002859227	-0.6292266152229608	0.1945742432724187	0.9212650529431567	0.45742512040787425	0.2501997876794158	0.7330882159260704	0.874052890638143	-0.7316483664556314	0.11698840902058472	-0.39263540366680194	0.19228589488818498	0.21420524954173592	-0.6078230278793165	-0.0038641907912956483	0.2459487837650582	0.41780387841526917	0.11178220008084766	0.25376372789174917	-0.27514134613155883	0.01671207187817839	-0.01576657252151222	0.012855882426846713	0.3540755863647902	-0.2228363742914641	0.11941164129408566	-0.31409685215380645	0.13459445592617572	-0.04837681247285636	-0.029773367267295157	0.22245638774671728	0.057578828446595696	-0.015524283328704487	0.03182686585729396	0.1797545311890759	-0.005615522058790978	-0.21057913737694725	0.09992965730173968	-0.32994378102705907	-0.39300540540035206	-0.16863454515185342	0.19871187417214245	0.5568091826123078	-0.23336686966016096	0.46108675689229217	-0.23607578154629366	0.28537135887671666	0.29742636761019364	0.2533373492193781	0.1328126927657843	-0.13643298493866324	-0.10576816158629393	0.1004998440585837	-0.09996107822550356	0.2516959477650037	-0.03532268994149748	0.07755229231941402	0.2815658613346292	-0.3628279338298545	-0.16436419229126534	-0.39856016044949644	0.11162841071103302	0.2920944441687221	-0.29157785957529425	-0.6345208566019069	0.10340163026782628	-0.06078063979794944	0.057012379944005154	0.05224259625996035	0.2642224382217719	0.08378085839028597	0.34330990970784725	0.23524170451448384	0.24123249062639093	0.571622265300275	0.27467088751947527	-0.20770601916668507
DTXSID9045506	0.2807499243705689	2.864866738563593	-1.8294767387309132	1.1073070384004036	1.048686625100258	-1.0975731620911777	2.6602116565926024	-0.08047563480736483	-2.249461022241933	-2.4216078976623314	3.406720111274459	-1.5311562392969282	0.8724575724679661	-0.26105375250063345	1.2365475375218764	-1.0192144566550947	0.6841755252230131	0.41685697730357685	-0.9142096767146514	-0.3451155393002977	-1.4270050695594418	-0.2905070264074875	0.4219066371044688	0.5158812846344938	0.2127614408060843	1.217205495255035	0.33206971136948293	-0.019619521145015993	-0.09287750398756588	-0.14710401283349825	-1.531675790138161	0.8212772214438389	-0.6458841255424267	-0.17741826882293354	0.7780229137359436	-0.3110303626523235	0.04277789229612443	0.06487442285422855	0.6609774618469706	0.28806643161624607	-0.8978864557148092	-0.6000274417014028	-0.4693268389375434	0.48608359039314014	-0.24593347787218145	-0.10023588483242246	1.1134731007705576	-0.2265871775046468	-0.3525076374869471	0.0055040788956624434	-0.2816803590062167	0.25843230575669274	-0.1586191347616281	-0.32736992354418404	0.20480626508393374	-0.8594954273796098	-0.602780905381556	-0.026042239930070522	-0.8648331497730548	0.26889030003389824	-0.12883407994927343	-0.20830182359686902	-0.34668629807332463	1.6104467130987463	-0.1252677557842849	0.17600067243867715	0.252224878052469	-1.4952450989460033	-0.7475858121833003	-1.0319397701136859	0.26065989472627227	-1.7409532727685857	0.8129333632714648	-1.24190512363764	0.22149410946760373	0.7064523502081975	1.1143003716673827	-0.7716470187688425	0.592603021914538	-1.2429012583802004	-1.1364197073863336	-1.1814901936592852	-0.1568943169370124	-0.0420149767986227	-0.6153119818161773	0.7653492234735279	0.8826214567333805	0.06098141035233626	-1.1272547144403786	-0.4475780090412115	0.8303813388308547	-0.40336271213189706	0.36871963721785267	0.09803584721207984	0.45382414674297084	0.20497553439709446	-0.5768446116006277	-0.21878875107846757	-0.09277307525324208	-0.12246827870623857
DTXSID5024687	-2.365815446396216	1.1447593799976707	-0.47040045283225007	1.1396845819727337	-3.0840007804767056	0.6294197745738355	-4.277940456259373	-5.003211168954531	-2.2234448161005917	-1.076405470409847	-7.207012527117645	-1.040622258260068	8.288741466693214	-0.4724093443959813	0.7352522835727436	-0.7491952733203241	-3.049653976714085	-0.12005972027908333	-1.1715755136134898	1.091817328675343	0.7649277165185573	1.5342640320112335	0.6404669771395125	-1.510112008748762	1.7633306664324564	0.37079453983530875	0.3094273851524341	0.06686150163599634	-0.5434030289523736	-0.3403539908541737	-0.9322752972125542	0.19320075282338064	0.03777436679847263	0.7458312143277721	-0.9954538119935049	-0.6808471530275936	-1.5444005604967042	0.23959729947569933	-0.4983786278076951	-0.24210138958453242	0.028110690217145372	0.11370199140460441	-0.08937783777050139	-0.2731849058019817	0.2362736174262048	-0.18629234032715392	0.02422164788780345	-0.48492858098914865	-0.11710562160248489	0.2148651976763279	0.07445592502463792	-0.5223265883169002	0.5665474480362425	0.2890818237736435	0.10607652826005637	0.2743785647379369	0.5718434190328979	0.30086149427164777	0.02084160630345744	-0.13149402293614892	0.17058092645417486	0.2255293280458048	0.05723834879926229	0.8169258917817381	0.30734048537866365	-0.5436999311725383	0.06423642496459502	-0.45408136816644745	1.0424009247206296	0.2878310792904889	-0.4750913075639295	-0.6873432772020462	1.2291085034728977	-0.5352500240352094	-0.5117406628176338	0.26631894469453427	0.7956578916292778	0.3943540233034684	-0.17105405094923168	0.18385334792147018	0.9515873422709747	-1.1892191417165094	0.003511396319052552	0.11311065048695013	0.10396250821837405	0.5865530797834864	0.4887057410711125	0.16172250977068336	0.2901571299319488	-0.5062228079462732	-0.876555633089593	-0.5121043787285144	0.663239235404577	0.004545440087987194	-0.19916832183352517	0.15528162095595735	-0.41594941228643934	-0.41521058870148325	-0.3242152286730944	0.30427059890625435
DTXSID0026838	1.9986696098220071	-0.6365898081954161	5.826372363425461	-5.25640656970378	-0.010381303120917377	-4.129408784091188	0.07637952496445707	-0.32614712112243804	0.39037139415078353	-0.17153715896737992	0.13266171654141945	0.9316152440621974	1.288408327795313	-0.9506793534183939	-3.0210575653238267	-1.0063128248803113	-0.03564635559536834	-1.386492849855732	0.5351358220741866	0.42268375547617715	-0.05884770345789276	0.6181095337643334	0.43769399994056885	-0.2877041942186398	-0.4983444625876492	0.32703504052907195	0.2440965216676229	-0.0016970968121908098	0.3581385015011025	0.636107275106474	0.42376685983228296	-1.2345298370203448	-0.4132536794629263	-0.4992514778664597	0.5004776825528534	0.40867173946745244	-0.25522308191083193	0.3726489748777177	-0.04293079079577936	0.7598446001631715	0.03158311871232189	0.13860924989435022	-0.17977213776562614	-0.08066541969807613	-0.03970379426648085	-0.19603173150332728	0.22726013640691137	-0.45465275424623264	0.03862138683364616	-0.320648711239145	0.16727443274563678	-0.1088317106198273	0.03406717687083952	0.028276231043086093	-0.2036298350779095	0.054359171670368606	-0.12349140388168582	0.07846833255580102	0.3834286675758643	-0.26541008254086407	0.3966866869771022	-0.1798953220593795	-0.20213147097683448	-0.013147646880481853	0.46801370035951445	0.4301837672033559	-0.37871582333521986	0.1436942850635996	0.23771508514205938	0.4116058076950797	0.6645103518039431	0.09271969604227606	0.3642996309796358	0.13455690615303395	-0.33376266746332767	-0.0889406708880355	-0.09891033795743766	0.41472608356068114	0.34439648558718633	-0.41575556612712444	0.427452588301958	-0.10068075904962033	0.17681371205744362	-0.2678635705233719	0.14665932093548048	0.11324544515871295	0.07797598914796353	-1.0503293042246933	-0.017773715451668046	0.13492868708141625	0.5010799103987279	-0.11990420644920115	-0.03398789801607696	-0.4069201511529253	0.003031088469475942	-0.12779733910924393	-0.13039931508186695	0.07388397683430438	0.015761510987447963	0.2152712625676909
DTXSID6048171	11.213169608160685	11.188619027351423	-2.302724915763615	1.6535003592338409	2.0970306255057745	0.575311634480782	0.36594310651587286	1.2818960722161723	3.8822520142685115	-1.3178401415435375	-0.3442564092294003	-0.5294400317135448	0.8229317853542414	-0.20647591010222963	-0.7589051763101925	0.6125148332805297	1.255789807439696	-0.10136444486016431	-0.03351653302854979	-1.5246954814923628	-2.1424392086206185	-2.6728953575600687	1.0596713879075337	1.3741085424442008	-0.9037532821070356	-1.226133191586359	-1.05674137275633	0.9720503310421149	0.8554974128123832	-0.45705897344728263	0.15346687920009952	0.734869547558344	-2.2230285970520383	2.9383820928973483	-0.047330228724239136	1.2830162918192893	1.743768436039035	0.9276913124699939	3.615769385199691	0.07629073679963769	-1.683793744132967	0.16833377669328564	2.787258577411953	-0.7500967079360105	1.9406489943430247	1.4212244108739027	0.9185050186372088	1.6094012584856838	-0.4710567173375063	-0.05181718487752376	-0.13344397850047915	0.24277630943418602	1.6910486918308345	-0.170253618772668	1.722752653518136	0.8090828058016689	0.49538965012934827	-2.1655031132253177	0.9908313973203506	-1.3763810138233852	1.9147906382959117	-2.5893855965870967	-3.3153304663944607	-0.6641551590876487	-3.169725834222292	-2.8063685023578673	0.0775183576015962	-0.1201062393665442	0.0694843265420092	2.5718935166000745	1.2700256772023086	-1.290643013758544	1.6869366625689628	0.6623906707097577	1.1597011168858238	0.9865610949976714	-0.9209723991581704	-1.8888064351881064	0.03564788023109964	-1.506817394343514	1.9783959407034812	0.46480186596153356	1.252851869149399	-1.2707026496132805	-0.02618663375383267	-0.8659882042125465	-1.473341950408226	-0.22665371063801218	-1.1177715700020097	0.5993519623295706	-1.0851324643925366	0.37035970548762737	-0.21495891294095618	-0.2611391043223085	0.16631718693879383	0.21332756283799417	0.35386478182684744	0.9982094322266056	-1.514422308354556	-0.9220726573940558
DTXSID2046834	3.3629684208143478	1.6139913765272982	5.083756127867186	-4.790274081903413	-1.3742384358483644	-4.06505979470223	3.509651682982669	-2.3150605200109493	0.328827476618127	-0.0494459115835063	0.7973280674400937	-0.050084936307795855	1.4828849444549868	-3.264833465217315	-2.5054752419983384	-1.1791962043423219	-0.46901003638536154	-1.4753030375676544	-1.2519982263577758	1.6112969216168018	-1.9333724613269263	-0.4202927388193497	0.807520869780663	0.10037619058891178	0.25979723683755285	-2.1439542647676473	1.2561991710922287	-0.3704633267977256	0.9497628948428226	0.9513947977718473	1.4624446792277348	-1.3620260277603757	0.8871375960254411	0.4085372113113706	1.0913230761206836	0.18342658538002402	-0.9476382091547967	0.7089070662190461	-0.5318623864941814	0.5215719557639452	0.2341882183545765	-0.7074590593197194	0.8645685478964354	0.7029143382474611	-0.9462060405772138	0.1268695996379921	1.0621111968483676	-0.23252313280801956	0.6848721498438336	0.13263575915044004	0.35319070685904635	-0.23951746377175634	0.041805762892633096	-0.18742588951747982	0.09688856166347336	0.22160067254818952	-0.1556263980839911	-0.6127077095977228	0.2301201275660081	-1.4105758624463332	0.057035521638393774	-0.81487207017717	0.10657459687125266	-0.7840980455838722	0.5818387318641396	0.7229377431165556	-0.6689239436804586	2.2482411563054208	0.09097093323775225	0.33859984987360314	-0.1305115821242512	0.46927034056564393	-0.058562813963845696	-0.21289324269860516	0.5245341711081292	0.48100153514106075	0.28990122633366505	0.4664377018335376	-0.228727616576429	0.5372403340673801	1.5885538862630622	0.4570353342690081	0.4407435546325898	0.21580840576619345	-0.18531904905410457	-0.44491566446082886	0.42408812261252743	-0.7843368229720905	0.49066907045801855	-0.18221400861608278	-0.3342738241735788	0.18711427576607614	-0.21091489232268337	0.3118798007410633	0.3337523276616469	1.0924549749284407	0.18750009930537961	0.13632500654343704	0.18549347947209377	0.31987186891795594
DTXSID4047674	-3.646152195901646	-3.78287055890177	-0.37821324433796627	0.9731250049625901	0.4102753069603073	-0.2559817501289353	-1.0281321557405168	-0.15554791383296282	0.2089679842936601	-2.106295323897571	-0.6881943038235852	-0.4480653657670907	-1.0774511438771295	1.0515519778911089	-0.7618301202450107	-0.834817490703521	1.0576586077972867	-1.1598908170220394	0.30302261904594335	-0.2985440327853775	0.5805512793342535	0.3207732740438357	0.8021324061693382	-0.7059911463220392	0.3313262879026479	-0.6419463692169212	-1.0616109852820548	0.28913497694350554	-0.06722628174361125	-0.7445468890839662	-1.275807614100135	-0.01883633336249945	0.5261528571294961	-1.4144113485080125	-0.6582911832816746	-0.760568221749054	-0.7685011059488829	0.2548957737977428	-0.0016847833737014585	-0.6826147642018731	1.0676020931028491	0.44569803977679545	-0.7117907052134854	0.0072369044485342295	0.45391075452629215	1.0974022744813485	0.644146226978565	-0.3760191439197863	-0.4190670303102251	-0.28244538001795855	-0.03936777428978603	-0.31254433237244267	0.2880826214632641	0.31571141173374273	-0.5575092039601399	-0.5003318918182676	0.5306253989079756	-0.2694674563928342	-0.5836358169380869	0.9364896492199034	-0.24356200973205236	-0.15018295716451424	-0.22919751568262958	-0.33946589897353735	-0.7979783009534	0.8785658489006501	-0.8814928083453156	0.34527728078744807	-1.2747884776306517	0.16750623579681953	-0.5700351714968384	0.26031104121077847	0.15550906049218616	0.3680787838326591	1.228115949131638	0.18831365705963843	-0.31867597298750966	-0.48160928722120216	0.07990351368380506	-0.5204942055272485	0.09901531615061757	-0.09935686811977197	0.07635012078342451	-0.028763835884919153	-0.1048017285700836	-0.29398061645298246	0.12519306821137435	0.3683230881442628	-0.1387449513860182	0.17079001550655	-0.3125810724618628	-0.12590959818942968	-0.09290434294296043	0.16290185792014542	-0.10680115545444256	0.38295239439387474	0.15687012332694764	0.13683849055951292	-0.18758783651591865	0.3731728171245302
DTXSID5024978	-3.654156331585568	0.2709551115491076	-1.0462748488154636	-0.2882081049333726	-0.04981204406272775	1.9500793379208683	-1.684545687468725	1.8383455985288408	-2.125273089660393	-0.9162146635069213	2.890089344153434	-0.7285897388752032	1.564270394794679	-0.8481314903932341	0.7596920686760972	-2.2003661655742315	1.3081383518465586	-0.06343878119756434	-0.3290237272350857	0.06593115397924622	1.2104442102653394	-0.49880161861855526	-0.09326723872792483	1.2176406134634068	-0.7514455877340147	-0.7688103143133108	-0.23504406513242576	-0.22374114770452516	0.22491116349714216	-0.21095216440262432	0.3401858151732799	0.2161251470700688	0.017020743481454728	-1.5457245895866667	-0.5264891506585367	1.2458755033704618	-0.9809226471727542	0.45645191890851283	-0.5985183598132633	-0.21299297568639677	0.08219235776169477	0.022687288294874267	1.1404460452102554	-0.6055871813029281	-0.27102072859094944	-0.09552723315426023	-0.7594396843567032	0.8058655287177611	-0.2591862712532996	-0.055800219809362055	0.1791570656902586	0.7785689020947418	0.12522429418657233	0.48986374064035804	0.031401245275747044	0.25889828818466604	-0.010614902284130706	0.8762992053588171	0.5661406950430284	0.19242068664212836	1.2911015837346127	0.911265409683565	-0.7604919758945007	-0.431302140027359	0.46547674318438514	0.43811972595790316	0.5121336574194236	-0.2973939053291228	0.2439611698775449	0.25397072539603727	-0.14676369656015031	0.11066480228003017	0.04459479136099818	0.1675930339459341	0.09322988613404015	0.15166506595783788	0.14390869457333716	0.25484858675020616	0.1535487372498741	0.34711003780639577	0.1784590642246784	0.25796706555590615	0.5531938533012597	0.0905522690464671	-0.27871073171788674	-0.04980778765031094	-0.21890513344122026	-0.35016557094871487	0.08048612060596601	0.02301815589008405	0.375461870175877	-0.13696566188545356	-0.16600651320502566	-0.02693502943516485	0.12864251041726887	-0.41831904023701594	-0.14115509684978014	-0.17439910050277532	-0.10984611361293596	-0.12280611711165419
DTXSID1044198	11.625903213081042	-2.6146554412797745	1.9106222850025427	0.20948214179080965	4.170057345339064	-3.685591374127806	0.07583192842348987	1.9316247971665281	-0.77323350187645	1.079778198904296	0.9660093450780087	-1.2307738419653271	1.5159077391584765	1.1450284457777455	2.659136028634329	-1.769347191727146	-0.23254986835815272	-0.27192587383917816	1.0009858396240505	1.5609833770009083	1.341822604179165	0.16132425454510965	1.5759361634539444	0.29579120330095005	0.15314996446985993	0.14225919701318457	-2.0490338212403776	-1.6139704722658776	-1.3494557004189929	-0.565356458304584	-1.6558955213494513	-0.4063314515533898	-1.2188402552658923	0.5033393387759533	0.8357637557709819	0.09597427352045296	1.7594591564376636	-0.2521059572173754	-0.33783841588015895	-0.0905259972993446	0.10570245836052573	-0.04113720211355947	-1.193418944733474	-0.09945066027385943	-0.06504144646813861	-0.16971550203001473	-0.4435425536599046	-0.7591217553204487	0.2694797826627068	0.37150794889219985	0.0646364369813769	-0.07881590575057631	-0.06712853991602545	-0.552235799301398	-0.0013826877190829053	-0.36349573413427416	-0.42848904757056	-0.22717509567164912	0.13939507591655118	0.4865974533791008	-0.4414589568470605	0.8614981113401688	0.08155369653985874	-0.11364883156971622	-0.2834979427672841	-0.657924197754243	-0.8163647665867947	-0.22153814314146927	-0.12486805413272623	-0.3151947499850666	1.0920662474543539	-0.30251541116050834	-0.005218881046718609	0.7665550911730795	-0.5089945539270042	-0.8918290556964102	-0.7289066976642613	-0.21069067615779014	2.9692775173554957	-1.205736008340543	-0.7635919909593254	-0.4197403068050626	0.18521371042012896	0.08153349112291022	-1.5332066956253037	3.905743332783099	-1.1378594075183028	0.5455459610622155	-0.7053409978171346	0.5370422684973256	-1.1119547415776092	1.1394539846038643	0.18925647851815916	-0.8308882734138306	0.7019719791229424	0.7664876769208486	0.5711722576374517	-0.32385937450841135	0.29816090387152333	0.07677559319785729
DTXSID8052198	-2.9361485623066246	-1.949905112746809	3.6151013524091145	-1.980308424093209	-1.4306227921466796	-1.103864170206614	0.13556629070536866	-0.4245163669449152	0.7789263259865369	0.9405369889654389	-0.28082679533938465	0.21182296177063034	0.17922265525070485	-0.18788154880639518	0.6367918964229469	0.5682537794708956	-0.46976323820867616	0.6925145075517033	0.08224755799919685	-0.47360025362053304	-0.2358632572439967	0.07207315554149153	-0.9966623626095228	-0.7595478212855125	1.1143556970174304	-0.4413529427779742	-0.38056325437493316	-0.2830505967273037	0.19135612617647502	-0.3174711704773251	-0.1178264923575085	0.32021502085193204	0.2884180561942996	0.23586228985729585	-0.08105782612278026	0.3695175272553793	0.16346734096883384	-0.12475595302624239	0.0017266953751429437	-0.00430022719856836	0.14281067144732004	-0.6312177666671206	-0.1360623550240877	-0.6023245520170881	-0.18866842645779439	0.1696711905058378	-0.5410431046796946	0.38060820657228905	0.3607186062163936	0.07398546611793878	-0.03856586095214056	-0.15151207000033232	0.0833999008813861	-0.040705368281520674	0.39337725016375114	-0.07051348295210659	0.09900578377517154	0.01328179209566624	0.48306429736267076	0.24768273219695702	-0.4046931774626644	0.13120615722477133	0.2770155575492302	-0.11956025638130069	-0.34384290046058386	-0.11848415317080101	0.17429631896002432	0.12283987490664143	-0.2017638894645821	0.5609818563845752	0.5595461284015164	0.2313758030194126	0.3667945417326029	-0.10234572644300945	-0.3410085755781204	0.34315616117258685	0.4591513335371643	-0.33138909157401575	0.3936923300062175	0.07540302209120776	-0.3629020990545414	-0.7850069106258742	0.46930940697608775	-0.32508307838428496	-0.3697298531543622	0.13160883660272904	-0.44428874079321673	-0.06363032467675638	-0.29675386216270827	-0.21537754731762568	-0.578523752966664	-0.34546684832769836	0.45243515146596086	0.8803043890138049	-0.7346672443400424	-0.1840887605008718	-0.12786783702380655	-0.23328968794292212	0.37896422982967204	-0.49157964483922995
DTXSID3037250	2.6021843570130323	3.846552628678844	-4.1710617099202585	0.4335991228317585	2.2757453548262783	0.34643460199131854	-1.2951733058557686	-2.5545587133409033	0.010916468285348103	0.11582012396764632	-1.1726318674599279	6.604350226435239	-1.0150961638459588	-0.3565326703167096	0.4443656818939603	-1.3804581201447854	1.3145233184711345	1.4712429953844939	-0.12560824276354923	0.1990747191761635	2.1010674412049872	-0.12492017387726918	-2.056563488873548	1.7598228401553475	0.43350211753760587	0.38662640198716525	2.9279816253053297	0.06982441655358021	-0.02398763755778864	0.85223758424394	-1.3456814584288603	-1.5658111083331825	0.2509735782553175	-0.16784630522705557	-0.16313204665171807	-0.3577614232296056	0.7437478017009074	-0.7695873608516917	0.15158901022781435	-0.7238072228600648	1.3702264630610956	1.5114467984580022	0.056307408093416896	0.2736227898114434	-0.09513714703202211	-0.22867803549811178	-0.4376323467902249	0.17564098832126218	-0.06799534098722672	0.2771803600309585	0.03033076827807988	-0.3511227997100323	0.372749134376133	0.4770119218145489	-0.9041802291444402	0.02564375383689276	0.4015803101232379	-0.47331426833224	0.4793478515918089	0.13320565322643632	-1.7921559063414725	-0.5140482230457615	1.2167338977301951	-0.2924823762829893	-0.6476366115500546	0.04226330982873118	-0.5080479925032354	-0.04192803886651825	-1.1010992968254867	0.6666604170478181	0.20883395896500123	0.6787182919517952	-0.7933562854490881	-0.34647055121631615	0.1775050549723557	0.19763892017763865	-0.5686424776752467	0.14306071676771961	-0.5677631285677667	-1.0891072663594454	0.22658139566986907	-0.24008084881155403	-0.538974880184535	1.7766236330880507	-0.555043817107567	0.9736478144157509	1.348938306135608	-0.22918848858809387	1.4405060250407642	-0.6446943305566487	-0.5290548730755888	-0.35599961480890396	0.30671747754675704	0.28311107369339517	-0.5383681606199199	-0.7236914841029989	0.08140652565205778	0.14377050270959707	-0.14835273976504887	-0.6507521933477396
DTXSID4059881	-1.656799135340131	-2.814031670314629	-2.917160175191209	-6.308092894870188	2.2207963659990786	5.330015043275604	-0.5449109481181414	-2.4781878939220845	4.213921034911433	-1.6952570467264922	1.3097535909802742	-0.6438528725710889	0.6974467681263947	4.70618031869406	-0.15240698740677144	0.8998584790586677	-1.3613240497687573	-0.6977395365010611	1.9338641978338629	-0.583093170780484	-0.800539532268148	0.685300809309058	-0.2668277102449562	-0.18850044156523196	0.0424413272868869	-0.6623348440767493	-0.4647870886522901	0.531176913550856	0.1096073248173044	0.09518326703338943	-0.2873178856535515	-0.5963720451408349	0.6335479608351201	0.17644918755975367	-0.10278421591001675	0.2711018050534095	-0.30117189807601225	-0.4602021337645315	0.6079176756617322	0.25023785221474215	-0.06971480447860079	0.318985372953613	-0.42491509908725184	0.45393281432906507	-0.677077023872179	0.1862108951743853	-0.28274245969031664	-0.3826996345414816	-0.20738332755329542	-0.2747025547797347	0.10704403320926645	0.0389863811698009	-0.4162222652303592	0.1676916626051717	0.6897152001523892	-0.485413985356153	0.09028925843626037	0.6610092895604129	-0.165954181591022	-0.22105570869773458	0.06767226395435028	0.7800420521255164	-0.3614733977415555	-0.834282041715237	-0.16605383499071522	-0.24152622364510254	0.5962666918924115	-0.3812088516242763	1.085029235993865	-0.5889757289778442	-0.5590521936967265	-0.12960769719196363	0.16018104915428855	0.16669159734506722	-0.8534880616427154	-0.48020369354279757	0.2408219005021043	-0.5194692993416992	0.07980632982212672	-0.06896480749184562	0.23293554013159823	0.1915746402913452	0.20840226899668407	0.12712044724048627	-0.22764075577920725	0.13702875136449522	0.09417558521975793	-0.2756382855303189	-0.1072887403404239	0.15615523485110697	0.4575679122722332	0.4542631167219844	0.1968316780025775	0.18333177791670924	0.26445937847629086	-0.08867792944310421	0.05110602672199332	0.14643151469013632	-0.2683817241352686	0.0745110640840321
DTXSID1032482	2.7255309292591505	0.27708507093589146	0.2375785635989574	-1.5147509858433736	-0.41665850795066145	-0.927295119966376	3.397816166993861	0.9027003831979956	-2.217140003948964	-1.5997251761836375	-1.45777579078271	0.46036041185875104	-0.14592452827481747	0.7406758698733078	0.6948889641044699	-0.3388576031974561	0.609296850635955	1.2536641578100303	-0.42516380548389415	-0.4191199183753533	-0.4244848256766389	-0.7824744884379432	-0.5748960865280929	-0.482850320282222	1.0118028556628833	-0.20352409588529027	0.14277672428236735	-1.031809359914034	0.28686955333992353	-0.2328621107132072	-0.014932774458016941	-0.21712950135471495	-0.3626445070997019	0.6956470469169361	-0.4330351283253616	-0.4449506088921286	0.6150472974342168	0.1995025657837135	-0.9472335292875431	-0.7179271292859818	-0.0774611249410926	-0.09940539203402242	-0.39050092700026856	-0.9122457548230872	-0.07949213782912835	-0.1739695906496291	-0.33782340755204954	-0.4050748122933565	0.02973031559451835	-0.5372934517850645	-0.07455857137379357	-0.4269926978573255	-0.04784265661982981	-0.383358928609573	0.025456638152086843	-0.0286555898336849	0.1559283314128378	0.39940620347670097	0.4465735299741091	0.3699160356804103	-0.2572616549967461	0.1784418200203722	0.11477333078788665	-0.10334512460593191	-0.25086770448765083	-0.08279028530283628	-0.9268012636181392	-0.3389900191692039	-0.007740590232911553	0.3872677252891736	0.03262121427443263	-0.6978292373702588	1.217677664475133	-0.3714204885344759	0.24987173759962433	0.5339379125979239	-0.5406781603158182	1.2665174857881267	0.323656354624936	0.051798820625173	-0.5926180334698885	-0.8271667817513507	-0.39809678579348406	-0.2614312043368922	0.9713009318406126	0.3249322221856114	-0.5829048858319876	0.212164064025088	1.3901321259929809	-0.42341570332577977	0.3846362346530211	-0.6766437660798967	0.3294182175441669	0.43261676181875136	-0.28325581155847224	-0.5150770841297434	-0.4228403255151285	-0.4442076309544869	-0.6841049009136497	0.3208771394201289
DTXSID0032601	2.8805483310478235	1.5134931277505175	0.5381683341704421	2.301777013605227	-0.6431127890658935	0.5732715273477982	4.207449936411831	-0.11438378820167787	-0.8467481882707529	-1.4865524304776057	0.22585888346054506	-0.0835996964976568	0.4248368905916603	0.11180428147310943	0.5295863431459613	-0.6300907072941316	1.408060989436741	0.6253829946083211	-0.4525645227001727	-0.9042347188338716	-1.1581811155680388	-0.6049265109652233	-0.5309205064004607	0.560495026764218	-0.6801699597633495	0.24736003364402662	0.38488658015801847	-0.7159195405626423	0.9747277830902945	-1.146672452241813	0.0345012981088447	0.3351998880938508	-1.5591686091675543	-0.670797543756522	-0.38062341180029535	-0.15634437372775054	-0.7268316654526351	0.4321518682402419	-1.2667187178011379	-1.1684585546035502	0.1495789957845678	1.152130241241741	-0.7868344541868414	-0.3539353172426606	0.10701718699434064	0.33698462582921485	0.08163256141400574	-0.6275318083583155	-0.25370295395068765	-0.7024734832824164	-0.30528553681903137	0.06009197835582618	-0.2847885381639877	-0.1848590888513234	-0.806367252305065	-0.7780886723557358	-0.3503987080181593	0.686044555959386	-0.8751459060296836	0.4327590614292209	-0.41052086219402123	-0.2787610368252878	-0.4154246827629489	-0.34706354031181813	-0.11125376273545191	-0.39087816375942497	-1.2689352740870916	-0.3821537840391512	0.10927854952805642	-1.395368693613513	0.18212413249391451	-1.0323098232575585	1.6710962600525963	0.4266285314037276	-0.5516444554577953	0.7685145200529845	0.4823633234849057	0.569289032063689	0.1494640714247332	0.9679566751472279	-0.42806716677380124	0.7591301028132786	-0.36512442476315277	-0.39502605044370925	0.5279218252298091	0.038779238810294187	-0.7459918729175988	0.09576831686017002	0.6905578089120183	0.774427062060631	0.2818378720454704	0.1205380258178727	-0.7905813764664067	0.4238541327592633	1.1277943775379444	-0.49443789799786303	0.923379243851461	0.07072273392685252	-0.27460747146159753	0.41731918225312514
DTXSID5027352	-2.966084534539453	-1.1190684575987833	4.048077977272956	-4.190828864808639	-1.7707335323397968	-0.9895541140391635	0.6464952483232258	0.6043233631560077	0.5196868652874924	0.7956981136419252	0.4114551496272947	0.5401143741760421	1.5478834328991207	-1.7462772042390742	-2.0012094133682106	-0.6535235952962165	-0.49183861170853377	-0.9074470471301166	0.03275208236482875	0.6547607110128408	-0.35907372271893523	0.5738337957017898	-0.08704375687337561	-0.15347713717835748	-0.612085494527126	0.78619154563142	0.9462116377485152	0.8463947829027723	0.4529743098662892	0.38668983961618386	0.5191377092193112	-0.7679277911364034	0.04098812838166098	-0.342507087198827	0.6840656499127014	0.5476093631342778	-0.2833125946307539	-0.10632780622928037	0.023756366933184257	0.6480538083742488	0.2578325731674482	-0.213584345324847	-0.05493040810075765	0.10754149379592438	0.03260254921063944	-0.006118978901724609	0.4526528684916452	-0.3163283378460671	0.15220719356165976	-0.48953360536149865	0.1130796846878235	-0.12191404237786792	0.09643446464481444	0.12959527103872498	-0.040652363811041044	-0.11355374061810775	-0.17715657110134592	0.2123844428165888	0.21036852876554077	-0.5108044134033247	0.06247150677301968	-0.3144357763829012	-0.3035181937853735	0.24539318272609348	-0.003060439340164883	0.763067155486795	-0.045878943213555366	0.42905281587325167	-0.23144135501217636	0.04864161789176325	0.5754991511389544	0.10565987522929286	0.08987282071685761	-0.48788119079368525	-0.004317699565244881	0.405225813950528	0.018441607646039956	0.003116795731512753	0.7304841065341177	-0.5715558921867849	0.41610432357790883	-0.0324446297823475	0.0710200142273545	-0.18630742204747605	-0.01886230425040635	-0.2513842167779902	0.17445159125184276	-0.20921580522928307	-0.07673081910829103	0.0927296575254322	-0.026608642475688744	-0.2761946900550262	-0.4216440119763006	0.10281704721541278	-0.05041288965757057	0.1292870599923445	-0.11918912761178099	0.09678074449930048	0.29885688396012955	-0.09220615289270252
DTXSID3045691	-0.8625077745343167	2.397573416430074	0.2952794772322938	2.0430770363365416	-0.25737957721801347	-0.8528444286577529	6.005090130939689	-0.927640705729601	-0.7066746856449422	-1.6036981525036424	0.9062360355445911	-1.1250522182708362	0.9204071385534648	-1.665578950279821	-1.1169516761619993	0.9404814464844535	-0.8883778985510881	0.8380090153550034	2.5210963337308097	-2.2806411478682267	1.4066694733256409	0.24612309606887028	0.42433339360079575	0.6907418644802348	-0.5642670243450104	0.9396419236151698	-0.1235973712426249	-1.4422737182011136	-0.9302370037757756	-0.04856205319739101	-2.000271849222291	1.681126722139466	1.063883226744392	0.7453383293353084	0.30760371472400994	1.2615455302513425	-1.027242664892666	0.04811787786346771	-0.5607327180840329	-0.7919804251186265	0.7541820524832061	-1.1746428056953915	0.2600633891874823	-0.13861486296406295	-0.7067053784305184	-0.39495252183314944	0.7245778690900729	0.6183677204506065	-0.6034218810461816	-0.37421276509058343	-0.6674778894878126	-0.24239412428599263	-0.4275835412959485	-0.37805531164833867	0.1703548619139962	0.3102204674356396	-0.33299548313719596	0.6929833813888013	-0.8798395709314029	-0.37435432230949406	-0.18900333564918823	0.27199305958306413	0.19236734471076464	0.27345088130072337	-0.22438240358536618	-0.4462531075252378	-0.1143624526029406	1.1550643189485672	-0.3841868398192946	-0.3602074403859617	-0.8100892393704848	-0.7719326094230866	0.36250043836740253	-0.9191208728413759	0.1659088396305683	1.2261522161546003	0.285581643060149	-0.23346324224673928	-0.04247284816722724	-0.2806229272223899	-0.20181833301450633	-0.4975649352918804	0.2776111682706734	1.0966789688810572	-0.43369297910648513	0.8079033158500327	0.22329648456721404	-0.03959074979982704	-0.9786059888561867	-0.5656228493127531	0.8343225051195399	0.10059323209256453	0.030028730999000726	0.06464820394120399	0.35117000190952613	-0.03873644445540181	-0.5811546512336475	-0.3332842729114327	0.30562879087768013	0.06833562090908817
DTXSID4024985	-1.9006760845097588	-2.32408740036935	-2.0071509941106083	0.14872129702578527	5.533109507915136	0.6210316968841209	0.21639694129625978	6.415859771847707	4.304332139354069	-1.04135946422762	-3.293873794752433	-0.5578322119989437	2.314711391771049	-2.619961057708448	0.3481487613124435	-1.2359994219602966	-0.38678576041464946	-0.2878469760820563	0.1121587138464621	0.005931422233074871	-2.4622400946702103	-0.818539714640104	-1.185303767352877	-0.26671511435982753	-0.4864342902418742	-0.5530994947321771	-0.7682964139816657	0.4225850376838055	-0.24979464734900192	0.3085685972902992	1.1313081149447615	0.5328794851461588	0.5063223424190527	-0.587620656284131	-0.6241285126210266	-0.5401927284004402	-0.104879864992128	-0.22156950473259523	0.010791834255182825	0.05127725187029301	-0.8761107846806401	-1.2093449931989357	-0.07973624043322435	-0.7596452962085413	0.13925823479331265	-0.16210139473957005	0.5192886961275627	0.7287456498555284	0.16674138593599241	-0.2075270822880726	-0.08391893806650663	0.21186045712960247	0.17056665284340986	-0.15017812750037773	1.1187269538567282	-0.5122813621253451	-0.3785503177346369	-0.20588734800302816	0.6893836882648116	-0.25059712385820093	0.13178039827535748	-1.8703025018928112	-0.8768463499726284	0.4811299984225518	-0.044104068254317425	-0.33680508771458134	0.9423001703204333	0.5991429035409661	-0.4114770597323389	0.14442859561462065	1.2293670966066779	-1.2756489786510257	0.5411347477489881	-0.40878937947852945	0.3220953400192758	-1.4815017227751643	-1.0294268330546719	0.6910850440938807	0.2204364757799747	-0.6299518358577555	-0.035919451822303834	-0.9597199961125299	1.2674955615057801	-1.139498724616783	-0.14624074323424227	-0.3862558010608897	-1.6793076810478893	-0.21017486823234263	0.4477141350254209	0.3560591342565898	-0.7642677833539057	0.5156732730271446	-0.5281810727588894	0.9297949470562132	0.22874049931498786	-1.0229375620162513	-0.6675630176757749	-0.8109801820443453	-0.2179187225106851	1.4329206787371398
DTXSID6023440	8.610075624055792	-3.0753638695528944	1.710886430291951	0.5459212351103663	4.548535912444834	-2.6219431112228953	-0.08118732037375012	1.9275055590384003	-0.46451925146000667	-1.0968948916174033	1.1147203672979629	-0.92281254196472	1.534373113507589	0.5452189327519378	2.999706485912561	-1.579745834115004	-0.11846675394831689	-0.28034314246949416	0.8843002233390553	1.8349359814785724	1.7741895066684656	0.17250571234576603	1.027002830395964	0.3827591184837058	-0.08439892313031559	0.3774621459533446	-1.3276940943879112	-0.6962805817619763	-1.2018955435152925	-0.5279136764763785	-1.0706702220583912	-0.5172094882751754	-1.0177656293028652	-0.09768391365845619	0.8702891252393384	0.18411113708222376	1.3298101211607054	-0.16386303126177026	0.10104178870218038	0.02154949057816814	0.050545634720916645	0.4411135997267474	-1.3986013344913022	0.23504666382037084	0.22762239172154883	-0.07012652721068102	0.12291950950385228	-0.7124191646911799	0.2804641594416846	0.3305152860554768	0.05939861429267398	0.19593960090611134	-0.11943653222002434	-0.5081392288230074	-0.0027356305054818887	-0.7055607735001088	-0.5218616618285082	-0.2569019847724457	-0.16394165593192145	0.5927810394524043	-0.44117128073043543	0.591019973058443	-0.006208639759891162	-0.028630476084917176	-0.3072213225656453	-0.8406694717540824	-0.6203792175860979	-0.2136909565574945	0.2060584711661466	-0.5832715441354578	0.9195439830696553	0.09537733417281295	-0.5152955441152832	0.6626914170288523	-1.101402366518653	-0.7640318152651804	-0.7438428834508399	-0.05994587598636375	2.695273561424542	-0.7282773327462846	-0.7261460748706359	-0.1478030349240387	-0.04816046766302542	0.08358039643537149	-1.1308559598568766	3.942079283436221	-0.6475055495676875	1.544170702345126	-0.4209830504929381	0.4531867199611541	-0.8480602100419868	0.8733714088596289	-0.4650315705707684	-0.582151870904502	-0.032292310685163715	1.0881914890810698	1.0673486358570352	0.25159869409851104	0.17992193031729597	-0.048484433505965825
DTXSID9052846	2.523245766399862	-0.7877764447958017	-2.058652110742715	-0.8448290812903105	2.4152693815779727	-0.07385959406482491	1.8763605911321912	1.6697666803018176	-0.18699042191109452	-0.5077460278978962	-1.5306313502131594	0.9158271166305604	-0.5969816620950116	1.7268186052392003	0.774415296854895	-1.5816769368300512	0.4326906100143416	0.8845780762909197	-0.9403685360589198	-1.1997623869119771	-0.1686140646392607	-1.68396983604483	0.8213252898976201	-0.2763680831143608	1.2514063213199855	1.715485176319929	0.4986006911468925	2.616427292522234	-0.5748542807878918	-0.3052657552365518	0.18906686693404895	-1.0067671074799964	2.898158431200903	4.537547141509796	1.6675952105278822	2.5699934118899956	-0.022980739569221	1.156966854493173	-0.6386459712256828	1.0275100370627823	3.9193548900254815	-1.2278793071259553	-1.9557129343564448	3.9459635398139175	-0.6878472282571001	0.10771740287401281	-1.1698769957147648	-0.13187961100286455	-1.4076676398464334	-3.3386493117108444	0.21883934537632715	-0.5627271611650652	-1.7805364158855295	2.6236756072392025	-1.0808185186243429	-0.8507771969782089	-1.238765062277111	-2.1327223758827887	-0.09484122259570961	3.110936629871688	2.950836669918367	-0.39021463799143336	0.6309976569917108	-0.8227740070660835	2.187792450186717	-0.43816036200243885	0.6747051345417806	-0.5671978653709383	0.9068263146916788	0.2771729529149541	-0.2589642430464117	-0.1412096512598649	0.9221203427823194	0.3384880189706846	0.9322118638622133	-1.595437380232287	-0.09932184623717472	0.6282553717164224	0.14788433921484528	1.9739003884334507	-0.17978615991541302	0.3424160516295658	1.1242360424721203	-0.01995529146458372	0.18642088738460816	0.031812282734175745	0.13066237153415183	0.25000765824724824	0.7421924362807221	0.776832722634277	-0.2200290060686281	-1.2270429777749505	1.061990027774729	0.18584507408984266	0.3367748834768073	0.8603054975838977	0.03364939767451535	0.4743866135985077	-0.24071781359364694	-0.3809257349616483
DTXSID5052832	1.2164023799377381	5.8885968030186895	-0.37019067048840754	-3.5117333801019535	-4.818739537000496	7.147321932678208	-0.29477032662290864	8.785635663803673	-3.8722132421495736	-0.14069458766728665	0.19579993825840433	1.8485284308995977	1.6323755624403873	-1.4170325800644366	-2.6412431282207978	-1.3369724663346165	-0.3599207841357801	-1.4328410378790915	0.42860665301559575	0.2845172977035225	1.39872533961851	-0.6662486489575009	-1.4012425853487174	0.9814177076517825	-2.1063860789906914	-1.2322810493790366	-0.8658749884910212	-2.3457663242484497	0.4517353201391507	-0.7799603985859507	1.0715896543658814	1.1355766156885525	-0.22972758650040676	-0.7754324105907259	0.15857281182386154	-0.14155312140652146	0.19973230111108686	1.0132024071080854	1.2648014889854233	-0.22973696700469304	-1.9195142749921832	-0.02996891691625208	-0.3132228724707581	-0.8320184693227861	0.6396205627534689	0.5066402129959457	-1.040790586508903	0.02868977420940968	-0.12503898045229472	0.705796718685807	0.0706458914921367	0.37499683877448137	-0.5991719999611882	-0.18098166371661306	-0.1143943228727804	0.4214628778739444	0.808626147003256	-0.9927556054884039	0.24630008855504068	1.1767891108446056	0.8514304049009822	-0.12812910676391712	0.3396673667358576	-0.7251366277942605	0.08828078631171944	-0.17259319372404922	0.300194551392636	-0.08457993427461989	1.6638942293841334	1.2400367820329044	0.7156357272378623	0.7045984672765223	-0.38099714516648286	0.8154465497272912	1.3817088109609466	-0.3401635817291651	1.4791399539294146	-0.20947846900560935	-0.012910843207630869	0.5902928597371052	-0.2088437261208462	1.3820333483468732	0.915353319329002	0.9026470512843281	-0.5256482266701202	0.04055385297767608	-0.49746354421548983	-0.9189734100618714	-0.5158981486535438	-0.2755211709664926	0.3292109777108162	0.8358276674601995	-0.1372696199022062	-0.27597247796955165	-0.5265218532294482	-0.7947494230314452	-0.5449738226254413	-0.07528636939225776	-1.2647855163124277	-0.5384103874180826
DTXSID6023999	-1.5363552504213223	-1.1023743540020519	-4.431211221459233	2.3374655443060557	0.7357867004753732	-1.4767690521602588	5.095199565436072	-0.6254893211660474	-0.11654298940150255	5.974964987753887	0.16570505321286255	-1.8276774856483033	-0.4349028654882403	3.290493690289531	-0.9562771068767718	-2.2285617326627656	-1.6195400413665082	-0.8453805611810487	0.026320344401513377	1.6362462930553872	-1.5427024151354276	1.7990483603602845	-1.6885807890595113	-1.6384949544731622	0.3717165259181145	0.2890324840823459	0.459896878127079	-1.1597325045455829	-0.21301884668626977	0.49163095103673565	-0.1386708544721108	0.13090191105191792	0.1357960151381897	-1.4811677411124464	-0.18466596138862398	0.12982474143736306	-0.5229125379023528	-0.493397549638037	-0.02257417425868813	-0.06236235761343004	0.8251215317235653	2.496642503451046	-0.3039223174359497	0.49131082439807966	1.6313103954461212	0.2178041787145154	-0.2966742212319895	0.2523378420835023	-0.38688408766691573	0.06575601818391524	-0.027145245707167656	0.21111112092671022	0.37972363326787084	0.726651445399605	-1.2087316698400392	-0.0901698361487922	-0.1415793967900993	0.6350308790592403	-0.4722560171950398	1.3346046880746418	-0.6583569096785687	0.35873307555058404	-0.648781768175502	0.2839228135317418	0.25841210183136354	-0.07558842261391115	-1.1181181587559472	-0.8469306742023355	0.9753786248567246	0.42453318845641536	0.20090301276951258	0.30428737210206747	-0.3210337612188845	1.862177429101016	-1.0491513765404423	0.11876689058360668	-0.5419459476223775	-0.013541937541293235	-0.07157013877679021	-0.6098494588124358	0.6204769004177142	-0.25676540486051835	0.08187115073935662	-0.22230990896397607	0.22498944349600197	0.2895619211193279	0.3381873462019368	1.5066141127468937	0.8117635162103336	0.5438308207338431	-0.8243623673562035	-0.5441681629554034	0.16686516372926588	-0.5814652248989158	-0.3028410502968926	0.3594268127926514	0.17525150783840293	0.13236058279070778	-0.5458560441380836	0.8670706891111503
DTXSID8020759	-3.6478125557536742	-2.1526623983435313	3.27009720445153	0.8267504768731373	1.302260177976752	0.6357588274731496	-0.4868445973534557	-0.7199498400822145	-0.06405956449571167	-0.050294881888463816	-0.21720607868800587	-0.43380148877065416	-0.30119930478302365	0.11647253978560233	-0.45564184057997537	0.3716533303014546	-0.13763432723026842	0.0775216654976185	-0.7440627217525292	0.17241189072350335	0.24871381644646814	-0.34157564537070967	0.8660835679613855	-0.34513631464973965	0.35908483492003745	-0.3454866695093487	0.2504917763655852	-0.513364452423225	-0.13011669512389212	0.3498103031536532	0.3427949822943562	0.37943881228395404	0.7802066386943427	0.04762162073733734	-0.6166582637805652	-0.12311643505131802	0.4523749834318889	-0.5054153401662903	-0.31701476853893373	-0.07674568031596085	0.05736223837015486	-0.36268265313176556	-0.27044692727636893	-0.38097944773242115	0.01855353189617863	-0.22443165205562993	-0.2708396325535964	0.0014844588765387705	0.09610425061563879	0.1330993121047104	-0.03243477097205927	-0.22309672922400664	-0.057046205546547886	0.01984207760051085	0.282989131344858	0.32435390130316144	0.2995425761963762	0.025901442558352646	0.1126051358960714	0.25429811056526547	-0.19770632701001137	0.06162108217573357	0.27625548514475146	0.3091273042682625	-0.4201463896939261	0.1559986395902378	0.3948692661425476	-0.633090368534421	0.15267974877490526	0.19856818799767664	-0.06077462461065078	-0.17575768970791011	0.10612729155515487	0.029414370216256463	0.39185697437617784	-0.39203433817690175	0.09312277043427891	0.3195995064456788	0.2796683618889477	-0.12046877432397281	0.6222937760540561	-0.3283951865759227	-0.17187745529246634	-0.41693948072603504	-0.05854811117570468	0.005030109754666966	0.3115831436958049	-0.20086986321991895	0.11076707839708683	-0.24710393276658454	0.20294919886689386	0.0776452224779884	0.09695993708565873	-0.1320929221326959	0.13888323438269148	-0.11224888494543198	0.015473352676572889	0.0005146080939679845	-0.018962296456326126	-0.20127690602527232
DTXSID1020483	-2.719795579673923	0.641223276778421	-2.344059892301948	0.9041606875771862	-2.398602333607614	-0.2678017828655794	-1.3903959640750223	0.6149046061789671	-1.364815152375636	1.2299880980849496	-1.7834527151985244	-0.0010097078851068675	-0.4825260573273322	4.638721062221811	-0.10835876713439901	-1.4054919100925136	-0.4665902592751314	-0.09270372452007493	2.1954878486136304	0.48961866478140814	-0.31362935104260214	-0.4520275949347661	-1.912502662942424	1.513770046471426	-0.9138753326491087	-0.4632977831341933	1.8110983643283403	0.649257774121213	-0.14914333892587514	1.5784866908286668	0.7483194354250408	-1.0746557275419681	2.8795378162629057	0.9700954365517328	0.4414453979296551	0.7944867490061723	0.3044013155658092	-1.5871099866744747	0.5293793736896353	0.16670807196679124	-0.0021372965525336567	0.11873014678218902	0.14023847937327966	0.6787535696607608	-1.2208662304250284	-0.2530774780763564	-0.006378412346252263	-0.6773423981134744	-0.45656138076919006	-1.3450621653405215	-0.06505721124477967	-0.3383376612314591	-0.5890597938479123	0.31074182297407493	0.9409623397636274	-0.6430410414884912	-0.026752468667842536	0.3296870145453259	0.26275062051757103	-0.8023753426056744	-0.307170501928904	0.6056100249615687	-0.47770281791868724	-1.4198493097657636	-0.4634191788726858	0.6335461981250765	-0.005768669387640993	0.486674652542089	0.25831236313644074	-0.7401330120125984	0.20659705570384437	-1.3691734241864166	-0.08659444189867292	-0.8543687438172033	0.3288290128174269	-0.047754649531143466	0.3154266424993732	-0.8224294728062947	0.034071033190334346	-1.0854995033857207	-0.2309039001554486	-0.32698004429411354	-0.7169259846952734	0.4371051872139962	0.3225425831988727	0.371024499401564	0.6373759364858536	1.1085728337593048	-0.9930334247673168	-0.21493631934925558	0.275523774776481	-0.19871682902767648	-0.0546002120268231	0.29982381391248636	-0.045310147369130874	-0.16907856506717855	0.47901644848649794	0.6278233584086507	0.07344979491163785	-0.032091462141176794
DTXSID0033382	17.57345521770236	-0.3081664682042385	-3.5749865910030665	3.9029002125751724	0.5413950981290061	0.9923253216719274	-6.599417728979117	-3.4603214760735885	-5.37991999463769	-1.9994585188485647	-7.2494810913663645	-0.07638692743742558	6.783552897614891	2.6401561471896904	-2.069182659596811	-0.2986356269069132	-5.543738822238226	-1.026138103281171	-2.9904374819498423	2.747820774205656	0.9748648208030677	1.2881394742046863	1.5030748659203208	-1.4266553473712709	0.32307113720638914	2.095491552547297	2.5191980475824383	0.137160403433461	-1.6795973164356297	1.0884856957179194	-0.43175530082310765	0.32454972020333916	1.7608524858570644	2.0523037308965986	1.1198273246442607	-0.68049307824381	-1.205645448949238	0.31720247741633234	0.405510432642662	-0.6093056596869101	0.409913054578369	0.21704031516515257	0.23180930858816975	-0.4726483701596141	-0.9678402565240496	-0.3833930590325035	-0.22550974804734583	-0.3494998706286208	-1.081424515936767	-0.32755864916484917	0.47607027270662045	0.22832776814502254	0.25235940344969837	0.7710396108745543	0.5169655016666603	-0.19215206909222443	2.091743393009516	0.8043208908394511	0.3428198326135857	-1.2740648648675583	0.8139559205884838	0.974924266916172	-1.1588703042300594	-1.5086330965413839	0.7100408264490422	0.8492897886764321	0.6715110241968384	0.8352550012357781	1.5264428227478166	-0.17546497228327887	-2.655270946079525	-1.2088381563427946	0.7399440909200586	-1.2738595429999806	0.07436909506247713	-0.07630417443213935	0.028992815944384364	-0.09482782894714423	0.721815271971963	-1.7541702107983486	0.011989586430145714	-0.9844508832478729	1.0327398914891806	0.8705550664355169	-0.3062578456502188	0.02592221929045846	-0.022498670715168128	-0.7999301695479185	-0.152410414311745	-1.27681766025771	-0.4881778894558633	-0.6926376869688032	0.08414951132393718	-1.451083176190149	0.3138837947285102	-1.314211930920368	-2.6443770400519173	-0.8707117226436017	0.3390226038912543	-0.3169026833914109
DTXSID9049376	-2.7685348493368727	-0.06486231306056739	-4.267700823596174	3.219153880112261	0.5431061066658563	-1.3680521552375455	7.523439390106699	-1.870050528296241	-1.7934418157072367	-0.606568237530959	0.2239838083277741	-1.4273797547257603	-0.4793614120373727	1.1350288225474625	-1.4287896436157905	-1.8061019215310987	-0.5448071557513026	-0.5289912885668472	-1.0550863587323773	1.213709836279149	-2.2210452513508705	0.05569579517095255	-1.281473032138437	-0.39450785425004076	-0.23866993654406385	-0.7730009676570141	-0.19619600280903426	-0.04321596126814754	-0.03297336610649889	0.3737105302643671	-0.7816917858607368	1.3910504159185408	0.05332923867540155	-0.13735471958962917	-0.2057045360505396	-0.6141423359806613	-0.4697001659817379	0.6941698642053066	0.7003536783669624	-0.6005541584448862	-1.9875159864581884	-0.3600998878889225	-0.497803375702754	-0.6500515996458748	0.48060815022454045	0.4574260044911898	1.0850013966366074	0.5121706380128043	-0.21324486296741554	-0.2793832792096337	-0.4954420691507448	0.6525479020550934	-0.8321794813168857	-0.10754817493537959	0.22742283882331607	0.011788766477902314	-1.4108247299495538	0.6632825294120527	-0.8590795156996375	0.5647575176557533	0.36125867243278587	-0.08095562626574664	-0.0467541811875202	0.7074850941681624	0.35370378172111044	-0.07645545178216798	0.03618756448880198	-1.9816614621522735	-0.2260831577712811	-0.00021371743698834106	0.5612097290979429	-1.399992715958723	0.8066160782367378	-1.1209098888859923	-0.4061414862158824	0.007356918595624637	-0.16465552902994882	0.10313730450973989	0.037577413186287496	-0.12336499269203909	0.10222087318612362	-0.27931372813375777	-0.8292076207078698	-0.7618095923822333	-0.2067040302561187	0.02749908971736969	0.3184557131626529	-0.12111722370927655	0.6096852989645218	0.056939099255281476	0.174607756027253	0.4562619423955384	-0.08027011415502816	0.21333450624836467	0.35905840978596787	0.3500076762760017	0.3423063422523799	-0.24106129477639746	0.6508443921031718	-0.44741566468453364
DTXSID1048960	6.7725662571117375	1.5289053277997984	-4.020292766510377	-2.2915282867258027	4.311438177956942	0.3683191709351079	-2.0075372460854375	5.95521802910724	-1.9587373470472087	2.7735263258042906	0.8054841283725576	-1.655428792911024	1.4751158262098945	-1.0157091798870128	1.275554754741499	-0.650359701591062	-0.32775873855094845	-0.17148146379096196	-0.5898692225345129	-0.7696564292031925	0.7892591829890011	-0.21131645639852364	-0.3345665440943526	0.16553539981872542	0.5928300234683046	-0.2804261790338563	-1.2992409945900139	0.2022721076133651	-0.7676452388364362	0.6299742565353287	-1.722673517632669	0.20792371642075277	-0.00887460391117076	-0.8730934507710364	1.4844744003975918	2.6887214301282887	-0.6915349801187265	-0.2325561515606853	-0.8200768116240501	-0.49258133079461236	0.5104738386340446	0.598303728905242	1.6746979818782846	0.44841578102070107	1.0873926550669735	-0.50717706098135	-1.140218163037061	0.9946400609346651	0.07725565940550955	0.4328129452977489	0.5796666718381549	0.6455142236656641	0.936968377487962	0.7235897679825102	0.037775568621803465	0.5972403826438711	-0.6033836819091043	1.1350085866083512	1.613599122038325	1.1279762891440914	0.0489604484057194	1.1312922121067936	-1.0642400117971957	-0.5736711196680523	0.24886360423095258	0.4502478605830139	0.5625912566104271	0.6808534403875309	0.491146446297503	2.3141845886502104	-1.7176902138259948	0.3801993164250551	-0.9672847553406834	2.5736385313816115	1.4340115041363	-0.8376725203441567	-2.9236123734945707	0.5822271943519692	-2.458270197111305	-0.6870032155445644	-0.05896984989010194	-2.5211554389997892	-0.7054915168859749	-1.0831024739145876	-0.07945260292042015	1.8618289657604474	0.3930614419051185	-2.180340715135255	-1.7098105164668977	0.7135146015449325	1.4831344727583908	0.10558527291050489	0.5071656694611144	-2.116437132637033	3.139707266302861	0.890779261821425	0.6847431703941863	1.5360259918459698	-0.2864421932236358	-0.761429963318854
DTXSID9057715	5.245816531869584	3.264908702759699	-0.49268446612629835	2.682447687962215	-0.08343381979919191	1.3127015782585827	0.6123987076798253	4.683156924104311	1.0607357835334275	-0.9328343302691269	-0.2662265815089459	0.27900810375578117	-0.6297081054801491	0.6654869819938544	1.164718372824631	-0.4385785457496588	0.26657704775597557	0.05462829550824684	0.12978721763793824	-0.599428928757721	0.6625098649265081	-0.10526641815716169	1.5085232872071879	0.21976627814384816	0.9097926462678627	0.7489329833961416	1.1677666976870804	-1.691780228766977	0.07465695533471836	-0.5334266340162224	0.12777426577429798	0.2834180604881609	-1.19339073841629	-0.80101172606927	-0.025371632880142582	-0.40503080040082673	-0.585584763367224	0.7623406507343689	-0.07516450368309441	0.14580529388444766	-0.2684479951998178	0.9048097775596212	-0.3594971733374404	0.5942416615694395	0.31950176681504244	0.13561052276578245	0.5574615477790456	-0.5422962546840642	-0.1891296776832841	0.309943792482964	0.3154041883787659	0.20363224499373575	0.21836258590814295	-0.18867084143952956	-0.4316578900461822	-1.0641476575640214	-0.21463146016967655	-0.1197091483031813	0.07514978367079046	0.33421309895382634	0.8619887730107684	0.1966492023954573	-0.39860491144558535	-0.6173128318414948	0.19368113669973228	-0.3419666554275888	-0.6714573535782221	0.02911378518830119	1.1630937439955624	1.314239351126624	-0.610213985825461	0.011152837479367465	0.8917622864611825	0.5477636444994999	1.5261125827815971	0.5326720088162562	-0.10007054685554918	0.5538390075304338	-0.3255915156988309	0.5383594865164257	0.8797817150928354	-0.4986908540653805	1.210456320777395	-0.3026431186339757	-0.7059454549494151	0.2602228879273296	0.7363012879811215	0.22405851999995582	0.1446299245541022	-0.29500644601750975	0.8137110479154416	-0.4309941604550595	-0.6642409494484778	-1.1543102644424863	-0.10886238668049346	-0.2687402358457323	-0.6223595821033531	0.17818236682554098	1.57726766574452	-0.34682072349144744
DTXSID6023369	2.944075070804433	4.169226121336764	-2.3476492614175335	3.1930701390875194	3.9014229247081817	-1.115012179463985	-0.7624581426625278	1.1805970185709345	1.9703748378138828	-0.5404418698106392	0.7345153812414232	7.6225389850586565	-2.5311708184445254	0.3715096809936435	4.4171947777119955	0.30039103247401217	-1.1321296807407033	-0.6188418804976252	-4.495656390803381	-2.9339507339443642	-0.36239258423234794	7.7104195732605865	1.396288806471226	2.4532251796681996	-3.91635184696608	0.984546946002805	0.31527451731042966	-2.66897211469492	-0.34764638098525324	-1.9301421841135669	0.4583026639294005	-0.5396648006538569	0.6498751276467327	0.5958616715738969	0.5423768821961898	-3.13781588882094	-5.105242231571714	3.5705859198149783	-3.793006489074702	10.44577604098121	0.5456200277809111	5.968739186181673	3.1543371969653253	-1.9752740813074499	4.612266726405524	1.8896819685477098	4.58830614457059	0.15171417725457015	1.313285843240819	-3.0087147686645195	-0.15841902063603513	-2.10821885922777	-9.829110714698427	6.706499680347175	8.665427409157232	4.5568508546545266	-0.30282733971678033	-5.427895708795671	5.132708657161438	0.41057282588645105	-3.918275652957954	5.110124564473375	4.377970088501331	1.4719146235402607	-2.6796118065815424	0.7414799539782402	0.7057303413708269	1.390380355783557	-1.3137268540775886	0.09368117502411301	-0.9930824896564546	-2.054841527608826	0.4645936163631355	-0.36106777083735125	-1.2442312740288581	1.2620501202350247	-1.4855121774474738	-0.3060240407122932	-0.03070061892446549	-1.3744950319178213	0.6767099797157646	-0.6354681967830597	0.009609389273323521	0.9863901528913358	-0.3005858127223131	0.08450395215105676	-0.06399922028324773	-1.2580275788029642	1.6308955585075782	1.0873157407713399	-0.12323214037035707	0.4537441964775176	0.12407940664746389	-0.018255558410210714	-0.00917157797654516	-0.27473260184035886	1.4146076199515962	-0.8634558442455756	-0.31266157141392376	-0.4686672182162591
DTXSID4046020	-2.3402586493253357	-1.9836795739514814	-1.8680420626573897	2.17845330015568	0.8285520334207955	-0.8403464138183095	0.510969958452392	-1.7293086354206146	-2.1964684024426666	-2.2373984940900082	-1.577668903610602	0.3411700770415309	2.1750774154427854	0.8656665585072084	-0.4987521809759591	-0.41955930684980863	-0.6933976370114284	-0.007421706574816957	-1.2767814676343923	0.42313636709308267	-1.0612261899662545	-0.965396058962084	1.8603092550133973	0.026259740559672604	0.4153436435247578	-1.271407957002279	-0.5457691596266402	0.05366972332273477	0.5071691022885972	-1.0366037765471094	1.10426104257107	-0.40088223912448584	0.21946860977708404	0.2483862324043609	0.48952857829265634	-0.7958933847375318	1.6939537117766519	0.010734459485149013	-0.3157767619553933	0.036115324780144446	-1.2027052544417063	0.31304493112042026	1.1708062951018658	2.3702885815113506	1.547020338333759	0.07058011040333735	-1.776551270299807	1.1658504279743847	1.3900118064897027	-0.5647923250979334	-0.00881419385909909	1.097233257973237	-1.690384949891649	-0.2568665515362161	-0.46053986689057586	-0.4931632634582448	-1.59747594570928	0.6887550577956354	0.031963238341418364	-1.0858699320452583	-0.9260965439294505	-0.677192901506906	0.9613938723561979	-1.1180531442609514	0.8964849290806046	0.21804125215635153	-1.1929609707660658	1.809619870653341	0.3069652390473562	0.08401594321053689	-0.8916291154548234	0.46365504270087665	-0.9528225185272603	0.23513548703682505	0.481243866696839	1.0523872118678272	-0.07169139973387317	1.393301883444987	-0.46297815341342236	-0.2654450438389942	-0.019436604857848778	0.6011815923457894	-0.7852938561351357	1.450499906079947	0.46386901435922057	0.2395793625546705	-0.08841165608232515	0.3520414962149008	0.1597210783745164	-0.6620374424596831	0.9016786984282416	0.28890634120548125	0.4278218857965918	-0.23070509213844032	-0.2999340117995192	-0.10819583804742122	-0.6235691121018431	-0.04592157280462613	-0.7138367850666213	0.013409139201978488
DTXSID7020681	-4.805240694244618	-2.3820089072020436	2.2471788838774427	-1.5513758794526795	-1.2164837082000388	-1.5570175237281463	0.12621259162150136	-0.7832815902423934	0.6093297701995801	2.0305909880648847	0.05853079262370133	-0.42048994541179674	0.6867263975295735	-0.4249480628542326	-1.2589527827283744	-0.9469994063921784	0.007319907707511854	-0.3288709335709104	0.22370256386888102	0.3412123777931176	-0.10503480926428951	0.4077513394037074	-0.037221216689425754	-0.013932597478662856	-0.4816000814933888	0.1890524746715706	0.34284567850598907	-0.08792889099565285	0.11285663578020276	0.22352359616900047	0.4860558893013906	-0.43505550249852304	-0.15281060553768844	0.007755733956156458	-0.06297202332030298	-0.05647361890751359	-0.30330745624048483	0.17284056106897527	0.19707785773898132	0.35819806693228323	0.19448927741178565	-0.018689501411811277	-0.14106514612678345	-0.18707146557708942	-0.23119737549793115	0.11267012811692872	0.03271243647360211	-0.17136149041078103	0.10049133224190661	-0.17037937697853076	0.05725772848900509	-0.05733720892423746	-0.08362990677020105	0.0710442105005377	-0.040940804844836594	-0.013207266927289792	0.08057596336543735	0.08319850874370145	0.004661933300189816	-0.2022527497205507	0.22198274339265658	-0.01484954654467858	-0.15234567656055298	-0.1763780237799003	0.09155258437084278	0.4455783413992842	-0.11861279747134053	-0.03295699893676929	-0.28992577891899873	-0.11791888396301264	0.6120721926343983	-0.06121578479232455	0.1218458297508369	-0.17738913293928407	-0.16200004405154433	0.1580101906030846	0.2166351252349806	0.12572711332593856	0.2981225958167415	-0.08214293620093331	-0.04133356570381156	0.07624667038249937	0.04448092513605577	0.3134208725995333	-0.44183207038200334	-0.021838351319559763	-0.3144974838429724	-0.3367520196459286	0.36174114086651304	-0.4417147144463324	0.06385918026221207	0.08839649237405262	0.42266854355126593	0.31454660445435084	0.6430574023314569	0.32093723280650255	-0.18264977422830275	-0.029554185311910987	0.6113239502576541	-0.2647656344918151
DTXSID5046855	32.20426700347591	-6.648853608217183	-0.370868660585117	0.133801600035785	1.7764350502766184	-4.788307849334121	-2.859482328501496	3.6936224392542405	-1.4922312632515278	-7.844824755337185	-1.428056500336232	2.8259564425010724	-3.6077589936674443	7.151442058782979	-1.7383138155534914	-0.3144411921458679	-0.22132094959129642	-2.1953753672112892	1.7159590873825916	-1.4810466874530737	0.21743395763512827	-0.344362007323542	3.5201605061343915	-1.355373861188345	2.045131928504442	-1.5826106396233683	-0.6391176571612216	-0.8021677582143762	-1.1917385013019839	-1.0184303901927068	-2.224750771181263	1.4336951944546357	2.3841563566994717	3.08595478278888	-2.1328758702447903	-3.1599116325187695	0.34706387169843056	-0.5776529196002833	-2.1006297884289227	-0.877061220926483	-1.4419173682190232	-0.44003298704018107	1.2598704118921755	0.2621678635950503	2.0094398569624534	0.7368125058514465	-1.424634037070173	1.2852334006226236	0.45145105001322017	-2.3235557840452596	-0.46246227347487506	1.152653184140456	-1.47634635126833	-0.1164809645673575	0.46992972380417775	-0.12582440996045138	-0.8455873587620999	2.3013643920595848	0.008497791827765592	-1.296952595581278	0.8621872873119796	-0.5869345521401109	0.10495081049584233	-1.304192455731627	2.221873089727892	1.119640279321825	-3.7875051869732044	2.5497991490876655	-0.4578551551121031	-0.6541674209455293	-1.4222677671260764	2.498090397635328	0.7562146074388537	-1.9800720570950854	1.3808349675595015	-2.7242558902121874	1.2473261141295906	-1.1009982751153948	2.429715017699574	-1.9191104469679539	1.9240816076325558	-2.0534218513391056	0.24219989775554754	-1.177174571420917	-0.9528564766049915	0.5939294784170979	-1.263133632359955	-2.6820960200723336	1.1051789902544709	1.1362136249095558	1.2848669272377762	-2.2663868648123504	0.13848619248590144	-0.5586434161160118	-1.1958474646439299	-0.5705687649426815	0.02789908877551777	-0.1896335997448889	0.047270486917171464	-0.39762229011686406
DTXSID8025703	-3.1603334721071135	3.5939896969209535	0.28021608223884525	1.26139211266199	-1.8894185107771975	1.2284917247731562	-0.4290097516591517	0.18190725085567166	0.9383251862099697	-0.8765695636563448	0.17227915729470075	-0.10038717659394653	-0.837788592307226	-0.7447997718003324	2.1095300096383394	1.653400308011229	0.7407787608600491	-2.115281449897184	-3.7370437566132804	-4.109897011933929	0.0980553063686697	9.141381878930675	1.126877147519831	1.2732434987227674	-2.2273510537301373	-4.586624338239643	-1.555750441712716	5.505887409243246	-2.0075318127993684	9.935511568073096	1.5324502099598658	4.586073781625738	-6.091297383731997	-0.8517634959031696	-0.23611578436808175	-4.365106157868779	5.692265758490543	5.000117402826973	-0.8406463471146071	1.519471460065592	2.964108757474321	0.1607946650837558	0.025863095246768893	0.08783258208298218	-5.315528184952026	-0.6287014951539326	-1.3491946310575027	2.347857163755792	-8.93203182265011	-3.166155502367196	-2.1814982589429417	0.044479210497287584	2.059075012761567	-1.846167912517078	-0.3790256332186832	0.703958613033424	-2.596667396882561	1.9901401214707024	1.5571422839576992	2.9690725768092188	-0.6635139052897755	-1.5044045350367907	2.5422377064069437	-1.880518229257432	-2.281288642242057	0.5061853238465761	-1.7269060444739286	1.763058259133339	7.2585130104621545	-2.569845183023321	2.4446418278039306	-0.3978030756445611	-4.211635250783127	-0.5543912944465905	2.370805461547062	3.2146609381563613	-0.7308170536842425	-1.1532441808159828	0.8817505064667206	-0.1898772246899912	-0.3566677310580306	-1.2884058605074427	0.5987143233809067	-1.8903448134437033	-0.9700481145057747	-0.04719138100169199	-0.05748098596395162	-0.6170474433168043	0.3473450020885593	0.13612169661996618	0.5746522857198579	-0.44810665685050194	0.6389226677982611	0.07301607201523333	-0.32757741096209086	0.40895281216880264	0.8630439360129448	-0.4277191903911361	-0.14595808853128375	-0.14298004683183643
DTXSID3021487	-0.43908672609490307	-1.0810544731958003	-3.5264457029207903	-0.5497879068250263	3.1912838020418075	-1.1253569369370564	-5.205062635676918	-0.6655597676221355	-3.676590994511229	-1.703530832181637	8.602184003125865	-3.2913108606640082	3.619388834624544	-1.4336953474947622	3.463015960916278	-3.9060024148339485	2.338050873641734	0.8635995508767519	-0.12513135878218415	1.1743471412710118	1.3140293525062132	0.3314748128620069	-2.7171697203340446	1.0123629772043272	0.09440196714652685	-0.8607257122654853	-1.262449070899865	1.5615501555489897	0.7152805675210611	-0.610550277484955	-0.4685365265674468	0.4523156052652733	-0.454658375988086	-2.7601715785151835	-0.828051912744547	3.818378382804147	-1.6025051030718096	0.6127378092329421	-2.601592894890321	-0.9637561449191313	1.429577393091673	-1.2246757606413934	4.177922272479455	-1.8575162309900732	-0.2710051014968156	-0.44142113839356606	-2.421668283578412	3.165008793318712	-0.3186662344614333	-0.4801420215976689	0.3008572704762381	1.9228114664147213	0.41217435207740827	1.3811371174137328	0.6535158751345272	1.2396387749982547	-1.5114488665302668	3.389716292078035	2.3721909485770913	0.027725600542852478	1.9794489223302194	3.246378401353424	-1.811936175263833	-0.6544986677608156	0.8448250002312103	1.1112739868111934	1.5807430836918908	-0.9488175690140775	-0.5403587372735775	0.7660279619015616	-0.43334481600814156	-0.6006918065193397	0.2997616249316322	-0.16816191655407134	0.7189220554918531	-0.2893628415915376	-1.2330834835461164	-0.7322318262952378	-0.029111056897864987	0.4348343533691494	-0.19381275697848221	-0.6320978133919152	0.8496334341968098	-0.25879190165395255	-0.1683740214974482	-0.2862717669721133	0.13915792805500576	0.8645732226323247	0.4886304096208325	-0.12041387781889949	-0.11970961793897456	-0.1388031524857268	-0.14331751588958924	-0.2991228246263425	-0.22852949386173338	-0.08417335593428041	0.03556291496576489	0.1358715700796936	-0.07817096269715974	-0.044974759055665774
DTXSID9048724	-1.1670932442839097	0.4346761258651631	1.576047613158275	0.10187150876528317	0.38351242243787714	-0.9066615034636758	-1.879889224925072	-0.43399728921338476	-0.38196295603816527	-0.23061101943882667	3.0839768336848503	-1.060579636871112	1.3359990256182368	-0.25067680577771145	1.431904311313611	-0.7262410924561531	1.1874063530633079	1.0560750758927484	0.06991966124371554	-0.6806819222962411	0.14952735299641007	-0.21282339284209922	0.12510847589980156	0.00391670764248851	0.5712286063164969	0.480288087378684	-0.338123921901891	-0.9262917400781093	-0.3156376808501821	0.018135848619389265	-0.6706242523097472	0.2700368340313791	-0.23880737031690308	0.6019955510654695	0.10104852298014654	-0.01533706942366002	0.4975429769022262	0.13506701221011017	-0.014290842364154606	0.43483904741914237	-0.21445012839146252	0.09455655419796014	-0.7503719856107623	-0.2500297231613374	-0.44240572019969665	-0.10154423875943161	-0.025832598783965783	-0.7411441554197956	0.03184398378365433	-0.11424475139844742	-0.003183283934841169	-0.25381085080526805	0.029005972645239592	-0.4138345645795716	0.01400399919655051	-0.2573066544205239	0.2475358546358831	-0.4886685634546895	-0.22725020131091955	0.14487907149648968	-0.08652890445593547	-0.04432309889498516	0.24986962254245	0.22044925092666584	0.014092144010402407	-0.0903260436185938	-0.612255614160147	-0.05862899764734824	0.33760517729273504	-0.09524380129769179	0.2788593775798827	-0.23505003302778635	0.3989094210315399	0.17147871884460042	-0.19865415608267328	0.21631653954325017	0.6781514682290667	0.5173418746218559	0.09376495096688485	-0.4558615064436387	-0.13826233159248513	-0.6826050957073007	-0.6471275785360641	0.21811004625130598	0.39913914573315235	0.5453137186418592	-0.3713709339298158	0.16621820250260466	-0.03720928051002745	-0.060971403519402875	0.13280102776632546	-0.2915665113411288	0.20380066341516542	0.5333488960519202	-0.05005794411057628	0.09821709691318647	0.07480010594626253	-0.17033705857740786	-0.04210415492142885	0.11645652475781096
DTXSID6027551	2.9605744224633663	-1.3675497099359737	-2.998537267190572	-3.3020090535740287	2.1318244376465474	-1.1601551133643733	-2.814893409370351	-0.9987863586765825	-1.5377078785175329	-2.6610634253067125	-1.9123179361600073	-1.3402513181340037	-4.560941523428409	1.555014977183305	0.20916820251081106	-0.3054992683924681	0.2717963178229114	-1.6689130945524933	1.6445372436225874	-0.7945290787252248	0.8480459631498966	-0.20752424931894076	-1.4928833849327081	-0.3290612349062542	-0.4345336370214921	-1.0354326393057482	-0.11128885778739471	1.4726213072419247	0.08324873393077571	0.11867521207381625	-1.171031222616972	-0.2804216969484159	1.5989693055705076	-0.14682928056455505	0.30603685582308743	0.3207005172148937	-0.48753173718045645	-0.9097627242670983	1.2173780730907975	0.09500033962983216	-0.6220684031911323	-0.22356610827625573	0.5502823373183476	0.9403732410728219	-0.8216720305124473	-0.3644949371654856	-0.7121210240177965	-0.36140046224130057	-0.05643897675151528	-0.45211056982184133	0.17710255859153082	0.1524394099070379	-0.1274012364066012	0.04640472617927569	1.2965301582472193	-1.0782163555544446	0.14879363356287797	0.08657514108551521	1.1998173872693274	-0.47568553277008957	-0.230305311669352	0.9450975099588766	-0.39739212611356467	-1.118825017679329	-0.03253874538531924	-0.5615077006533958	1.448229616898606	-0.2000231116205773	2.4999519505854875	-1.2598583902363185	-0.041240927488371076	-0.9508608027967498	0.23144579319932854	-0.3249081424246162	-1.7465529820511922	-0.9913412892218618	1.1686910453211805	-2.344544755560747	-0.3355125533307536	0.43747667948439667	-1.2249702072381148	0.3049271929014418	0.22987336922292584	-0.03342500716026574	0.7816744492947164	0.2951595726675785	0.46051494935621107	0.6006408848123297	-0.598993905694247	0.6782895391434531	-0.2594144129772592	1.1685486667973166	-0.1345069391381524	0.4398297096459297	1.3459162460290643	0.24192273098380562	-0.8115407275204132	-0.21763423847681174	-0.19148071881186876	0.2898820501305541
DTXSID7045522	3.883123448602032	3.9988199862918057	-2.6698104097486124	-0.3325205858434253	1.1010166633071221	0.18033831928159896	-2.806402469890968	3.2756366499742637	-2.094620946006824	-0.7092493035388253	3.095305327966805	-0.5970573849951304	0.8295020881076711	2.340726154703054	-0.33869911269845393	-1.054757752842382	1.1282063162561518	0.6635257986781316	0.6091543680572027	-0.09870024958339176	1.8697560724547628	0.040587083116869115	0.4565631479791521	1.0045853087148917	-0.13627067511705052	-0.5150175151760579	0.4623480376878383	-0.2878884565020429	-0.11692118032019566	0.8765384745201158	-0.40646281408679347	-0.2611063725291877	-0.16904034693419065	-0.8151194242167545	-0.45470187947031554	1.4784803761857719	-0.4103515449396167	0.147937233052056	0.34079412120645697	-0.02262565223802617	-1.2768784958362458	0.369353871771159	-0.9869632679094039	0.32113274166325756	0.8735014577671015	-0.6135963739076945	1.4448023584111631	-0.39450078698316554	-0.15619203268762216	0.6284252171046221	-0.11271276121784421	0.2200759107825887	0.4570072143083288	-0.5376158022894698	-0.9533597613393376	0.34226072635795796	-0.41120240568740696	-1.0486639216476796	-0.7433371727473557	1.156222601597139	-0.8677379377238447	-1.412193673448238	2.4466233984970858	0.010611274983769164	-0.21521492139983406	-1.2469870656815971	-0.41320480161052947	-0.5121294454860685	0.5652431057311651	0.6892393588495794	-1.5375996141983936	2.25762348297413	0.07587633910023447	-1.3894056218656774	-0.7301247331812883	-0.2672131468057153	0.5937120392597454	-0.043233290002514885	0.027141969936863863	0.20168915893999728	0.05844286577921452	-0.1902193981627366	-0.29676921182347615	0.3885854462547809	0.2035295056486454	0.04138229243546266	0.016011655020022646	0.27913047427496207	0.900714793860353	0.5366102377033438	0.5636793230053074	0.11404348993498441	0.01792628231091525	0.5675943692436005	0.10532003095416617	0.6785074500568914	-0.029398522051279942	0.0034679095461987567	-0.9235902556903224	-0.342193782944275
DTXSID4047094	-1.440975641604167	-0.0813223396805788	0.7326621770610714	0.6607739211360895	2.46940161572671	-0.5310261984718427	-2.70901805020268	0.09225494833857355	-0.45732663107078597	-2.4572007431021285	0.12039396209468721	-0.0008840799759893749	-1.6031748872185787	1.7281399819576793	-2.2802911856103556	1.1893139694046555	-0.5788452388686584	-0.5156746226216301	-1.1016350048579262	1.017967389884741	0.7211127132193066	-0.21288455528020073	0.908768827346358	-0.37172925473955476	-0.025214502501792732	0.5211282602256968	0.558699827168023	-0.5208810206411333	-0.18344286377797808	0.2722323282281439	0.5596038876755907	0.5605704968504406	0.1906398058660716	0.12125763262935806	0.22567683954021897	0.4065216947828018	0.37870923661611533	0.41099513994222303	-0.28431565612970033	0.06708158880762846	0.15386118090488937	-0.09039900397792631	-0.5144390992783016	-0.8542058501982918	-0.667302725573031	0.311901405971973	0.1505315480176519	0.4413356439135748	-0.3736318210631633	0.2666174211113033	-0.2046862325676451	0.44772621170767135	-0.25170070727994137	-0.04395853770317361	0.1747587374316329	0.15142327065598798	0.37571847436030115	0.3083980459059539	-0.9715881152084854	-0.4681808071452903	0.04477295890521415	-0.21242677220227427	0.5368579497614361	-0.025159644106390825	-0.12981665218539307	-0.36942435803626394	0.2715419189498588	-0.3280886199573848	-0.1200252740135039	-0.1132215181638731	-0.4381989447267911	0.1026538162004543	0.019363574116251104	-0.29182427497323393	-0.7669106004261839	-0.23731250760850858	-0.46876100292377315	-0.07774494936535423	0.05155044285115989	-0.38110024141660304	-0.040230986012791875	0.19096194663454438	-0.3915023854209268	0.0073059250075929285	0.3312117528186821	0.0022662706126818292	0.07113555129986411	0.11457371084893335	0.1520796508583982	0.001451888572752705	-0.46133006268381965	-0.2651335424045173	0.22975898986046758	-0.3594442668384578	-0.05938520471944726	-0.4144806242496885	0.37812794324183957	0.13678135560679505	0.09192240154581524	-0.03679784270797748
DTXSID0024002	5.843818843946558	4.597422513723696	2.284469697603112	2.3498582742051792	-0.5483569439529704	0.05598613264967326	-1.6787486712954145	-1.4342548287717802	-0.3882324449459893	-1.425739810764104	-1.1404295506477653	1.311027761935812	0.7979231589178826	2.315083446030505	0.9407067343067503	3.7039671183309593	4.586660723006709	-1.652406644246216	2.4121225834698268	1.415179526861885	-1.3727077213521979	-1.2263612527981214	-2.086589535789519	0.552594945157843	-0.3600873374933298	0.3757834327999913	-0.6112803411030755	-1.605334576613361	-1.0334089701696956	0.6146065471325877	-0.3901290630992155	-0.91583378414273	0.1737672570033025	0.18088918795695813	0.9872315436498488	-0.8696550144733097	-0.16953242130649782	0.1491898727560635	-0.8112504085625714	-0.7999171565200948	1.4308134802980093	0.6645210126713672	-1.2705633125432776	-0.15674712646792782	0.2730732107566409	-1.3946238184526427	-0.8819291615555714	-0.37422206852155476	-0.24005728636608326	-0.49726550746536424	0.11001013654386967	-0.7871472173396625	-0.2569252405139197	0.03377425670042604	-1.744919338719419	1.4637655138033876	0.37945498970516445	0.8243877907003828	1.1378586005644755	0.7966464681821187	-1.3662195699028457	-0.27388853801686625	-0.0025714790084856963	-0.4854277477817637	-0.2576624165869035	-0.8506598468871696	-1.6828874005898797	0.7815592839504606	-1.0944110344790974	0.7211201556112377	-0.4869622278459466	-0.2309611773888818	-0.20296161282205313	-0.7606114083040416	-1.5968942516395501	0.12745157598440005	-0.7447232243438348	0.38806995707576	0.2877681060658527	-0.27685730298593364	0.7086330358201671	-0.3363422721705433	1.1407100940329875	0.825604696414184	-0.24651106509938117	-0.10633868783402631	-0.7919460758880701	-0.1284245912849872	-0.4595393971153934	-0.12405904098160943	-0.18032001259105773	0.15894600102236203	1.0127712337466488	0.16274006326037196	-0.46717968206039606	-0.19845691751724437	0.2854060238482794	0.7454099146619363	-0.22234034075367018	-0.2459054270684985
DTXSID5045962	7.400177540342849	-6.622013954906558	2.880058209439895	5.324809933558998	-2.9482851097042113	2.6224146125712293	1.7627552906459818	0.11586073592220769	2.78486102264121	-1.6355505187592727	-0.42413266844248815	-0.13647524732902566	-1.045148815727495	-1.3615169162779295	1.521409461866969	-2.345091525780902	1.656671759299839	-1.1844912815707045	1.6910289639295901	1.2817276272359026	0.31237682190221017	1.3711429880363306	-0.5645137538696005	0.16123852715980233	3.835713880877263	-1.3449883149682227	-0.1482210369867013	-1.2636176823901637	0.03116306254194765	1.6986075864888357	-0.12348260657769258	-0.7802579395259228	-0.9818683241809876	0.02680047117114482	-0.2817748606496765	1.0945214707354545	-0.16818686124422277	-0.780979536895232	0.5272495461217048	3.4896593347172193	-1.2770804503122855	0.7723786472836737	-1.26114782350553	1.3150700920946499	-1.6692022356335068	0.025193744469955537	-1.184059593160103	0.8039202886634933	-0.09099670260203221	0.1357464480108891	0.44743531018915617	0.561230158536045	0.3320386597185753	1.7577607901032068	0.812729443357149	1.0605128721810015	1.4728135700676674	1.593226242147473	-1.1962407407660496	-1.486608809534473	-0.7396350522595956	-1.6117803918986262	-0.12264640825880696	3.4563014723895593	0.12667271172134892	2.1130115016083564	0.42671331241672866	-0.3531509410125704	0.4481563724007567	3.434587286533074	0.7899798453090435	0.14209248084599416	2.6026506058913506	-0.37915962775508644	0.7303331778168017	0.9686218823980346	-0.3892500687944201	0.24617174471286798	-0.0726229840796105	1.2519948478681258	-0.10149432962184936	0.2545338532059341	0.3298402130781579	-0.004646743191902322	-0.6936875977511133	0.37377745613247737	0.45438554110686635	0.42356094158002716	0.8917593258821479	-0.49914949917545903	-0.40367514856234243	-0.6644816998226794	-0.38314057714941496	0.2885771959567536	0.3312540415048081	1.5435955948656082	-1.7681022587747852	-0.3317018738637796	-0.08666571103592628	-0.6272816353371005
DTXSID8044412	-1.8393257976027677	0.41885327332078737	-0.9688837280663044	2.9266931613076155	1.7916276801729663	-1.0722007807131744	-0.002734517085560246	1.271309826596624	2.5120769514797954	0.45679651640588503	-0.6439324516098582	-0.3979228518411578	-0.7408882584708818	-0.11975155310590568	0.7988061595748571	0.295819162310892	1.0106647644547275	0.13331810794212523	0.7080532836608638	0.4475083332875708	0.3889835517678897	0.7221478491300157	1.0859654732992836	-0.11350013041704378	0.8523241567984163	1.0242456774660036	1.7138539981802872	0.73035137472118	0.86372426259977	-0.6975341362727342	-1.5461336029602581	-1.2554559910945589	-2.7501708540701455	-0.40241962384638486	1.7839431324231008	-0.4616865799041161	0.03809085002443248	-1.3751317517847441	-2.0082830887834926	-0.03226162522364295	-2.6363719229492317	0.38601019763628885	-0.4944573838564179	-0.5942880467283297	-0.6362080773344667	-0.8617803369774604	-1.3166952232520877	-1.504692272934064	-0.0890385382792701	0.3814860112876903	0.2967108956939588	-3.104660281107133	-1.000510447812822	0.3594422124827144	0.6820455931251017	1.6343203949090739	-0.8633738312706385	0.48919713242677154	-1.24655678514486	2.953832991293483	1.689158979951399	-0.26690792065588786	-1.1847021237796007	-1.610516695056226	-0.1502062779484966	-0.15986287348998493	0.2835839947578521	0.5004678624103603	1.377797862638428	1.3919892051907048	-2.4586950583295883	1.3469068754099347	-0.41745825688422317	0.29796304533484796	0.014075894902083804	0.07258930294669796	0.38233356969880095	0.04064464748475356	-0.05472720940780839	-0.20439048764665255	-0.2580268964709287	0.21240340452575365	-0.284900529130869	0.3613356308131293	-0.09799503621582402	0.9704354064073732	0.6835369871249942	0.08672803035261269	0.22593943066146518	-0.8014022030393938	0.14200754552605008	-0.39124529851008333	-0.4363697548775076	0.23490022126759866	-0.02908553185177886	-0.3242519719313284	0.0376841786319359	0.1760483893735218	0.4828369968150921	-0.12136998727807699
DTXSID7020263	1.5725154706117563	1.70180770978331	-0.13244218668688937	-1.5990249618824057	-0.2753556215287112	0.3463531712674454	-0.26829389894268124	3.037254658873083	-2.053288459885854	1.0724433360123988	2.997216033990659	-0.16448610233729835	1.3383295680012097	1.3142917371907368	2.5164340269932874	-0.7328090074377464	-0.7267986014149386	0.8036498732068641	-0.3728692977377432	-0.9523230831102611	-0.8297721996157849	-0.12380125259432213	1.3490336360406943	-0.44103478953800396	1.1886147505537097	1.7685016473686277	0.4774517490243297	0.2899167322379175	-0.22597540395740712	-0.2744643389312123	-0.9576655123424759	0.5086013233039263	0.2402223254087551	-0.20082581052074425	1.7132236685576836	0.42737712299222147	0.7511236787369762	-0.23149520151485053	0.4434817516370377	1.0415455158623113	-0.07081478396412352	-0.7042307265897672	-0.023797815041026085	0.778931662106887	-0.19825910833322521	-0.1603082929177493	1.0237728686019765	-0.10904252031113819	0.17728090171589517	-0.13117793499240088	0.19789965243148658	0.11893137672734061	0.9673437513876706	-0.5456325025181473	0.45104514072560514	-1.1008257713130893	-0.26756591364063537	-0.772651598282256	0.26714280049431394	-0.5729023522806762	-0.14210625287476394	-0.42537097298193416	-0.5207284775477882	0.9223944099313104	-0.1224390677715893	-0.04170542913237829	0.8631184156235673	0.6940374454733006	-0.6301739201380986	0.2756155440636282	-0.16944168842078325	0.13116142222752966	-0.5248183847027322	-0.808542776378322	0.3026451819421658	1.9209625900557763	-0.15089131718083904	0.08528256698294327	1.1370814560709779	-0.45471087212420996	0.15601047572590487	-0.030442306849119437	0.4967797036540492	-0.6581142902282039	0.100900181180753	-0.7315782803122143	0.8329235249393705	0.9015231983841037	-0.4976380316034563	0.3817178105711556	0.36769010121512535	0.13543252264160444	-0.6531658216531765	0.48543212019577564	-0.2324106764463271	-0.2704454501418623	0.001536174833111009	-0.2399792856802118	-0.05315743927271693	0.36523695777467513
DTXSID1021879	-7.891381894500776	-2.982611410083337	0.35464383193097987	0.6157413977228289	-0.3524620365452219	0.5337644829868586	0.24229273518821484	-1.1545514970638928	-0.4412290753313236	0.053254056545865104	-0.46147795574334327	1.3284282336335405	1.176209746878579	0.8942662967461524	1.1612847935609056	3.2456355038892846	3.5794704292058905	-2.2393267883139725	0.8336210199792323	1.5596301632107534	-0.7939650768909248	-1.4262816106537846	-0.530531344376934	-0.1779827285814813	-0.36956360531760973	0.7334812473741162	-1.0625610501994	-0.4717618820728829	-1.0864291709333325	0.6365990595943245	1.0425653037235467	0.17823270240986752	0.2608542150071477	-0.7019744939935307	0.21390859920856445	-0.9616422807051229	-0.33202129161684624	0.8918291930053598	-0.1172838649295335	0.7341487222527446	0.4883075874263513	-0.18058672196473102	-0.9511366316837676	0.166651744590004	0.39448582347632255	-1.2533863633860256	-0.28194124141603616	-0.12773171445626513	0.16301558010843997	-0.332558109789067	0.284815968580471	-0.2756548777642412	-0.4141872776020428	0.07093870978295475	-0.6835562190516912	0.24238121322413367	0.5232009737881675	0.2991911098643	1.3485721605695946	0.052348724404783845	0.6306339217222173	-0.8973090059009547	-0.9860205477355038	0.5433290469537273	-0.1407138737489799	-0.43272134465275763	0.10159606271426948	0.3091793729834796	-0.26006800319926127	1.1297078334989679	-0.5744743519394991	-0.374798884824083	-0.6604634088799727	-0.8320823911006332	-0.493813308706755	0.04331811238228476	0.07204875619920657	-0.2670393163586434	-0.06357175976318008	-0.31283227843623634	0.47894467225428566	-0.4166503375240374	0.24443591791193167	-0.1995016778773962	0.15583547121945648	-0.41669021996799305	-0.03875737701695419	-0.34843449224554085	-0.38189765100585493	0.37209857408986885	-0.33238868556438655	0.2778632980641611	0.051815942347132486	-0.3969577370463223	0.2128195674987427	-0.11268403916854955	-0.3895396045279723	-0.11558323106463053	-0.11768326013116685	-0.014959869340073291
DTXSID9020407	2.0005323590708173	0.4676899603596992	-0.1229115306800336	-1.1280150982786057	-0.18840973543528303	-1.0042157836916936	3.474330254510379	0.8458533920264965	-2.0107854655549953	-1.1137065947918356	-1.4476406840941138	0.7265482057061149	0.08578349487145226	1.3136724178756456	1.0814628067810712	0.007028202393626564	0.012585416090660896	1.3713169706903858	-0.7899682421978642	-0.4769239888799656	-1.0343710413122396	-0.697683591432767	-0.6998620458174715	-0.5314589182428698	1.6414870402365842	0.024061122967770642	-0.22698357638457245	-1.712838811607969	0.023628421871887025	0.0385363391587514	-0.22137172348066303	-0.7289890319984887	-0.5957001675486995	0.29821422585881424	0.9680152490642208	-0.10277116084763399	0.7619763623919034	-0.008140895663352472	-0.163335791061809	0.2656334073447225	-0.0953249074395104	0.3996519287641523	-0.3704094228919525	-0.282228917012633	-0.13785348882808854	-0.15096601791078576	-0.3769704449359967	-0.24579078219629932	-0.10718825067679029	-0.13068623659475995	0.17319413975457806	-0.30170642682259796	0.29549627190065836	-0.3248227601990714	-0.07558116310434256	-0.27192144272794977	-0.07131687619471046	0.16142905535660546	0.7344428260193598	0.31032728025947365	0.030146358291730575	0.6199605111874397	-0.5110018427572529	0.2880140617792487	0.06696340842793626	0.06576213117977851	-0.529073792636412	-0.17447459066075494	-0.7069249221694087	0.49005788293325225	0.2949288257936154	-0.1751172565796178	-0.12253209149924095	0.9398804758962571	0.8446985126258802	0.766300465849969	-0.9208292256675062	0.8928378042046784	0.6799848165736905	-0.1850604346507067	-0.23029837096122674	-0.09434856652362558	0.07586613066385164	-0.7015869310440948	0.5791022111022844	-0.31112277212981004	-0.9514119145891781	0.2871656616070039	1.158557178753102	0.08326882968785851	0.49784497565868485	-0.09447597098112896	0.5509826332236872	0.29749155438805214	-0.3852039233939958	-0.6890097547889056	-0.28134777512214604	-0.33536734071699126	-0.5743029658983932	0.33667245439992216
DTXSID5040758	5.502305904550735	4.128544680716195	1.5834152869819877	0.8659638472120722	2.448954992358892	-1.7048537393227372	-2.074329613667834	0.43303632274228576	0.8292457758705434	0.9388115455953945	2.8345415651873966	-1.420540868216471	1.4273435932129919	-0.8387275684626302	1.480002450292728	-1.3954987536627914	0.7812302320443842	0.9791011678054091	0.08580074328811195	-0.7280370339756879	1.2655423315483239	-0.43654707725592024	-0.24305072030058608	0.09510685094324353	0.709299389629326	-0.9535818687213429	-0.9429463942357665	0.06658601575660193	0.1325943781275488	-0.023813232256300318	0.25545712579064467	0.25158106187857837	0.6274738565446926	-0.9706985138340877	-0.5519862319333613	1.9122229615598025	-1.223854859459955	0.2375308201150733	-1.3105891660926334	-0.6034725407210993	1.0567979136461372	-0.2539263663822775	0.9500060040056685	-0.6524708480344081	-0.1685024056807302	0.20991738971192384	-0.9364180461854497	0.9169347051966271	-0.020334597448880495	-0.2120731945269818	-0.017680523839849294	0.45672483379737094	0.1421003858854921	0.6055178120792348	0.20395562299252223	0.4570643289760868	-0.4732768852421375	1.5295518365793832	0.22369786928366153	0.19422089862918035	0.41258892624111965	1.2624297140766818	-0.6179228320625475	-0.31767949931110734	0.1430098745669503	-0.5863976113196835	0.1255330538163334	0.35609449810084115	0.14103264982995734	0.21023577354754783	-0.3914616875020251	-0.35764383775241926	0.10703314001125984	0.03198017875430343	0.3300614501195133	-0.04999880286708871	-0.022533875137519848	1.4822394266838037	0.5216295732668209	-0.4026903387776641	-0.458196332196325	-1.2721371270465367	0.8168827466267627	-0.12470401985316126	0.11457840553396298	0.11005516903282168	0.7095821207733607	-0.25649692328073814	-0.43450229816691016	0.27015850177856654	0.5115182645984686	-0.5286737594844468	0.5549815119602802	-0.16160591227290486	-0.1809595179038948	0.6832173722394034	-0.01782489212277213	-0.5284167624825924	0.28076265006260726	0.6460759492676856
DTXSID7030307	-4.795254093622528	1.0298070095604823	-1.2591725873056365	0.19016025215519355	-1.9016247830197373	2.0627122382055503	-0.7556301921702415	2.2193734097083153	-0.5631240016806757	2.7549315850516614	0.41634098079919785	-0.2385946129350241	-0.21535566619567256	1.0829419111114866	-1.6418839946229211	-1.3155443704908738	-0.5259632329666565	-0.4165852646577468	0.09877586409794545	0.5463279355292858	0.4246586898139621	0.07942385524308437	-0.2464186389567529	0.020258522576827902	-0.08257112639698815	-0.7073368332940851	-0.3698522878099085	-1.4554447876584717	-0.008128368018289478	0.20432617823832322	0.8948397294618212	0.2393859005572767	0.16895804231429976	-0.6919565875269073	-0.5348230300133987	0.0534969567687382	-0.21255682182491797	0.1482240558495896	0.06224392646865813	0.4406606532212239	-0.3716796977861012	-0.05448409772225494	0.04643647337386135	0.051505948032380046	0.17759099704697207	0.2193267312002456	0.10056895557351998	0.3723785455604308	-0.18433941421598574	0.14941712713491276	-0.2389571050562818	0.018520882551673702	-0.16568747480917084	-0.04419695820483434	-0.1365238966301811	-0.06858680006893747	-0.022579889604392566	-0.42707889966689855	-0.5926258251834922	0.0076597587398904935	0.36689209666304745	-0.43903911053018657	0.24749451234921338	0.4071370311367702	0.1855546202335594	-0.46865546843049144	-0.17719707891915185	0.007611275873281323	-0.3064663929978591	-0.011341701050857344	0.3439504052027775	0.20313471696824173	0.0992343067214112	-0.017427909351049445	0.3228610189663209	0.10190270120180851	0.42069040102723193	-0.6559361316351842	-0.06886987600537427	0.2803307526169707	0.39738849138612087	-0.3200233350268455	0.45249505781276245	-0.4549372017256622	-0.1318925170970903	0.06220806009659322	-0.18473872574081812	0.011529680887152971	-0.15421533363703308	0.21915461585490312	0.18068221755797953	0.2139483130703631	-0.4172049291378565	-0.021748346300098875	-0.241006941594942	-0.2491159804748228	0.2214108930712133	0.1064877020256858	-0.030262944346564243	0.0624652171192727
DTXSID7044712	-2.8331391989940617	0.17703357896835537	0.524171151646519	-0.8141349731995201	-2.0170763819440705	-1.2030436979209929	-1.4394891117965978	0.38885402229966826	0.5961044481103309	-1.0827674268326495	0.07201253632917393	0.3002128391277716	-1.2745001124181208	2.0095943395311444	0.055348184884047795	0.3301623481853322	-0.669389897803903	0.4673495190371215	0.6972549280744889	-0.19477574286765836	0.43688993420304295	-0.27109462720296584	-2.8123453016124462	0.32895028796905285	0.39350332821184125	-0.9280553410750101	1.0215644009835407	0.5521746823292087	-0.027705039103849072	0.8304223268119573	0.7605894301436327	0.17704940686210288	1.5093024326991478	1.080801287685281	-0.14909124158117004	0.4104030457274168	-0.8190035302990695	-1.0810275854134948	0.9144004040370964	0.5626763673842837	-0.6136694365369026	0.3499182717813906	-0.3754338346014073	1.2761919128612984	-1.619084386718167	-0.0753821363820503	0.0346238932784176	-1.0711050834615505	-0.22616280704740796	-0.8204007161399784	0.16373831471277095	-0.20616913993222974	-0.6864413344025544	0.2351678032837893	1.0925837548455881	-1.548338747076383	-0.26172873920200856	0.42844915676414513	-0.007079540027380088	-1.22305326606088	0.32445099193256416	1.1284092384278621	-0.46546093518828663	-0.8518565289215094	-0.25046999807197723	-0.3834392066581475	0.3249449228773799	0.13480843514104401	1.1933011021157756	-1.020440143919942	-1.126515061537775	-0.29236123791579655	0.8176894753793478	-0.42490851354031633	0.6531156495364464	-0.006221962972408011	1.264891291163159	-0.9173411140592147	-0.15662038572485695	0.226152096743616	0.2274346118057857	-1.1180328152229069	0.5423511648794712	0.3403535777883002	0.2396050772984687	-0.13074836034592952	-0.889015306305191	0.9783293487336283	0.057911853566826994	0.604075525213489	0.4279578909434078	0.3270159839089864	0.11188451525155858	0.20701429146539954	-0.06700710782608607	0.23284487665938886	0.36697584958512763	-0.19753928800239637	-0.4409615977948939	0.5652258240047924
DTXSID0047408	-1.9342700272213902	-1.9403424770642226	3.219429087151998	-0.8243372228432067	0.7080877140438955	-1.4605022659525924	-0.2669287774341253	-0.1773970866997512	-0.3158493524542275	-0.7360934659698267	-0.6499417751623856	0.3514771292492394	-0.4101907325884099	1.6445807269805415	0.1005880273224067	-0.3579720747775981	0.3393012897327479	-0.28173866306836765	0.9644002039811064	-1.0945359588558925	0.03984196691368571	-0.2936307076412095	0.6721350066350147	0.03510341309831436	0.18258967362551207	-0.6277626406142853	0.16341484445432308	0.268287324380184	-0.06816623908884235	-0.006079343372960712	-0.015309238878408755	0.5448510042299779	1.4787515039498955	0.26619009580003233	-0.8417385940725955	-0.29429924807925495	0.10362096964486957	-0.8132328982842155	-0.1731563134211996	-0.6656646553847622	0.02199669338823537	0.24745986993130356	-0.3660306078598744	0.5000432157843682	-0.5853818951151651	-0.38350149155877283	-0.2292813941396918	-0.6513476654086632	-0.12731783122931417	-0.46706572451060446	0.07793804448075747	-0.43633172727398795	-0.20689984624875507	0.12354736388840623	0.5022697226775806	-0.4699006987872721	0.19306131560930087	0.23323944527954849	0.2867069807564178	0.0012453680351325143	-0.17706351651950591	0.8330715681189923	-0.07586224590056147	-0.7998955828795213	-0.772012632692619	-0.304630902465513	0.5358688239642164	-0.46535994021449867	1.0843518753670247	0.029304205037457787	-0.6435530423531873	-0.20558286115384392	0.6719935879849743	-0.2132508013420315	-0.14133144408169485	-0.4530319260137511	-0.27230160320909796	-0.5220964630472515	-0.3538382289730763	0.43971989486662794	-0.15888101879207606	-0.13755102990010373	0.048029631494710054	-0.012034193283664825	-0.22739391452256333	0.0006453260235062469	-0.031522416965910884	0.18596276463439101	-0.39072723528909986	0.49610088899331606	0.6524828593406633	0.8740337421724962	-0.0954023959740302	-0.33578456670141993	0.08805756511960684	-0.22605661263387333	0.15738587204325077	-0.12767225679525357	-0.329384517590755	0.15184577712956518
DTXSID7025217	2.75119222814371	-1.8670993222475534	4.685543442158117	-2.4666686202865207	1.8292855908520789	-3.0645253008017828	-0.8259650900911365	0.07372642200954568	0.31521248753424785	-2.845778880989193	-0.19254995838259523	0.7049477996591123	-0.7657304143401436	-0.0018624039007821322	-3.208975144388654	-2.029400870799548	0.6709118635105832	-3.855425758243274	2.271260625917136	0.7189953974922509	0.41011661027832313	1.6969362833321406	2.1309255893935233	-1.493509489149707	0.1578742287412977	-0.671109865186406	-1.5187198076595305	1.6040791758281279	0.021811326044182254	-0.7108764298333713	-2.1259303968893843	-0.38389182678509953	0.8194501039120354	-2.2452799862967328	-0.7798724547070929	-1.472713110032295	-1.6025950367875141	0.1974984427863529	0.23696493794163281	-0.6808144264022106	1.0617803566554498	-0.0017527763318952293	-0.6241453072426071	-0.546736736553162	1.3107009553133355	0.8787534342316397	1.1061475762424857	-1.0029399633379346	-0.6486420991017365	-0.7168669200163293	-0.03248198965856629	-0.6963949213150591	0.4199218236864442	0.2879591873066527	-0.544414155028621	-0.3459547757607181	0.5806399667109594	-1.1682113213157523	0.04861986361659724	1.4177427858725582	0.06599714435498631	-0.8027109492282598	-0.9679776427320201	-0.7160963115897993	-0.6251010484084937	2.582710353563579	-1.1107247441844363	0.2892939217564852	-0.9212141861711804	0.035335471066132634	-1.3572689423374293	-0.1643830776179031	-0.15273953430060927	0.3753479033969322	2.9930448501906906	0.5000119551682107	0.5065899728151021	0.6488475734995355	-0.30602311428106094	0.17953524846133917	0.3277421177112931	0.499455519353648	-0.6848108512371476	0.7787816599564534	0.5162184296308193	-0.3075698704008135	-0.43795756735827285	0.795801140595248	-0.1842596786460196	-0.3611838770640262	0.16466471049739226	-0.05580440464197805	0.7479940219191661	-0.5316010176028593	0.007558108845213639	-0.5228879835308982	1.1484180445819634	0.44490727812854924	-0.45234830197597203	-0.4733274956330865
DTXSID70379295	0.2638292565259119	-4.475880928895239	-5.760056890444637	-5.520698477644089	0.07510457095424768	5.098651120877609	-0.9268923730380666	-2.56459687109451	4.472695926414674	1.3646282007064858	2.039889403043801	0.006182888046424812	2.30646267919203	2.109591253393087	-1.0302949127857521	1.922715453361313	-1.4608925633458474	0.9096178248387711	0.022770568626452777	-1.129710550295662	-0.6029957521924174	0.4316159404928694	-1.089331534183097	-0.35824502798052243	-0.3872304694397177	-0.11802310796333838	-0.8718051033139786	-0.03033015655557981	0.438072739983024	-0.6878900386725753	0.31846753670003025	-0.3186761769500677	-0.2555714880203327	-0.0679088923747179	0.9137470093517412	0.17503799491732971	-0.14389146145407783	0.24098605148883342	0.02515521755499854	-0.25465098612273723	0.5518538023599578	0.3961649790226156	-0.11364576367446813	0.11866911944316333	0.2735926404889384	0.8709147501623302	-0.7671942792249807	-0.48705327287046724	-0.3174530080115568	0.024113960302076454	0.030399228349401057	-0.3742212629381337	-0.025971823488423893	0.28316501429499785	-0.3810365553060231	0.0578608875951694	0.18396455729427727	0.7105810696638266	-0.6881219194674134	0.678607017845953	-0.7585943687486595	0.6960262458556284	-0.301577922521031	0.1198882497686494	-0.4111364840423965	0.004672629555971355	0.21130945351233313	0.44463547594178593	-0.3893344630919127	-0.8028489476776023	0.20647173383799902	0.11028303101550752	0.06058766173628976	0.6606250922454971	0.26404034434654644	-0.7914731165979894	-0.17133353562408063	0.45277873040953664	0.2521300995571936	0.23098526636181402	-0.5776476465470307	0.032600374305029316	0.5804451201596322	-0.2830588664527544	-0.4776088274965222	-0.5592080321930984	0.3682207827324435	-0.4245600822680707	-0.23649321810194499	0.7316189912466826	-0.6286812014147767	0.2742595484501923	0.4664003913738323	-0.22088044881267788	-1.0629349657061544	1.5903635882922393	-0.8156588904387911	-0.003988125426813783	-0.814607978115857	0.035177177243145535
DTXSID9025085	-5.48129418080799	-2.475894103923867	1.5816844690913408	-1.3556666899656022	-1.2171656681057752	-0.7513045188782127	-0.12425984482798398	-0.10387035227367607	1.039824014808227	0.9467237080442188	-0.049973385921608424	-0.5598861571171975	0.5186335733688214	-0.8099424301732258	-0.02132103288546205	1.3337118570163684	-0.8324518607752158	0.6718797341292331	-0.03350935018009559	-0.05922527816838056	0.4382078278119616	0.15443990726053158	-1.2493866539074754	-1.1372245114113022	1.0523073115721944	-0.7667831408551382	-0.1342083419498679	-0.3545846946898213	0.5122707701829339	-0.1439081242864267	0.15523852176326436	0.11455719895996037	0.3424032979308387	-0.02752511173872715	-0.17103811629847518	0.3760042302613453	-0.02300045002933192	-0.09799282069340075	-0.28321585279803	-0.2923859187594033	0.23036480323850253	-0.2542798120432634	-0.47040206279653957	-0.49241670925575476	-0.2071775237995375	0.6163309090119242	-0.406321354351127	0.1643909734662656	0.26528674530006785	0.05886573190432107	-0.11378754921667701	-0.16128469243584967	-0.1685344482687377	0.23284055459269462	0.2690311717192664	0.03792473804808551	-0.06709985446575534	0.3598828545293577	-0.1975564208013953	0.345933264829786	-0.6657621871401569	0.1166313915549433	0.6073590828176144	0.28243947767008226	-0.5249256347999122	-0.3134486174184648	-0.4330282582939469	-0.020626940500592487	-0.09758303445126844	0.7897255152238283	0.5285031378065954	0.07941689885555478	0.6787734409581873	0.10535060198594598	-0.05083620947395512	0.7309345582793879	0.3262859358270366	0.04134264414869704	0.23906247059134011	-0.5645643245095944	0.4018475001164766	-0.9954624436198716	0.2965601897651247	0.031196768691075693	0.1242001177426155	-0.20001755139175004	-0.4335624558729157	-0.011727512724835668	-0.22805061788453102	0.3850156181963564	0.24593822965746953	0.7818574512628704	0.45724680256788836	-0.14983927803655145	-0.4229348247873549	0.21657850784456317	-0.11340184896835284	-0.002560138946531948	0.3393461076531849	-0.12359002212113511
DTXSID6046979	0.6568854612519442	4.756291383461544	-0.8162668218658297	1.4594861714437606	0.2565597528569355	1.6370652829842611	-0.8350284289693048	3.7175738348228875	1.1957940997532044	-0.5599323097432155	-0.013181647390710196	0.28016892752536443	-0.5845149876193996	0.8432684111574151	-0.42075925291639626	-0.9277520880315078	0.3830093887974149	0.22097423807532807	0.2723195191210067	0.4304661451308777	0.4873984818971174	0.3018428239692527	0.02783702939229665	0.899322891054271	-0.5502793550765466	0.3077826894862943	0.5642967409839149	-0.8285125643850562	-0.07028782138573837	0.6301506203045912	-0.13028662035877364	-0.5710558709841019	-1.1901778324140697	-1.0715700340800656	0.4397240152571711	1.9690750332157851	-0.9064272200949176	0.13258071873538688	0.4075028261270362	0.5422775224323197	-1.140247721602934	0.682456589258458	-0.5346364225731013	0.3364542881758912	1.6000709895274217	-0.8967479833822303	0.5229234199045784	-0.6340900058501346	-0.0976425522411586	0.6345279817809334	0.15088412023966313	0.06261126586181841	0.32436511974216375	-0.29936919588089766	-1.4759562310356364	0.5315114324871382	-0.5681031923284506	-0.3419453287953797	0.3452047785033706	1.5945084948469346	-0.4612454296627544	-0.7157383181579166	1.6898303649555948	-0.3340574727603408	0.026225312454158278	-0.2765229976606692	-0.07964292647072231	-0.5921250218330422	1.4776908747110178	0.8521607151822352	-1.5251395679294921	2.0858787189162875	-0.698576553166355	-0.34759833183615885	0.7799981304439043	-1.1686257701312415	0.49889648003923776	0.5678092988516515	-0.0791307474945757	0.14735174064426101	-0.4325009943932191	-0.7151210932173196	-0.1273801979921689	0.4939669795625078	-0.12986152522036923	0.31118100054195097	-0.1615945991113388	0.7455304282869808	0.6138375745121749	-0.15261999343085383	0.34260236858255017	0.33675434243841584	-0.5212625566681592	0.3104760277244685	-0.0225803453212333	-0.1418858787447001	0.1265927711035914	-0.001205734882916297	-0.15495381111578588	0.1471378992806211
DTXSID4026137	0.5545107464829188	4.977059859560555	-1.8708465213913363	0.5792757893395589	-4.29569863193743	3.0302399765021204	-4.781233903452395	-1.3985881211555187	-3.6459173765843245	-1.411542025891353	-6.8875733558815275	-0.03429218720238624	8.649425561744003	-0.4570275479183758	-0.09154060414970105	-1.487698687757972	-3.0653981568843816	-0.357633039877271	-1.1661437615557597	1.0934541891259928	1.3556454822508373	1.3927385624787925	-0.041975621072316525	-0.5882993770100047	0.9029738409342869	0.5566315530253882	0.138260538738375	-0.5516953221730944	-0.2724391401199745	-0.5695476595019756	0.18081000255242502	0.1800490219194763	-0.618622191582507	-0.04008538391025135	-0.766899102875766	0.0481273516955114	-2.174704755414742	0.19074374734635002	-0.31916795063489645	-0.04303494860137817	0.02303343671332694	0.562873411258409	-0.12468965178964506	0.26458670711004084	0.3332522468229249	-0.05465992691756965	0.07732634822170503	-0.2573688348166942	-0.40327752603507133	0.2596262710127525	-0.1832817218941409	-0.47730015606484305	0.2930072671954001	0.2679380314797319	-0.28071938614196457	-0.11183502450671726	0.39701022995405727	-0.00589461537621896	-0.7094643465219956	-0.09189884855114579	0.20807424780674286	-0.07161094988661036	-0.2152644029425077	1.046421667513828	0.23899031698189047	-1.3634875312568602	-0.07182036295384511	-0.24683120405350228	0.3248420312486646	-0.914200733261354	-0.6665687980293609	-0.2592064034413496	0.373313671750346	0.17214554818255617	0.13288351424128692	0.6914994313651789	1.215073729432741	-0.09989381493349873	-0.4523708833150377	0.5269214634942407	-0.1588090846690823	-0.487005944627348	0.01805024933092577	0.2265817090790498	0.23886623114631161	0.816072662703522	-0.4806629335477232	-0.3403865167467501	-0.1593948638796797	-0.1402211546354692	0.5549421570462872	0.11086177282170255	-0.19164443555541208	0.3138626576452043	0.3505532088183105	-0.14035919868062774	0.4073654557399098	0.24352939031288665	0.0977435047658785	0.25893942323344615
DTXSID9057634	0.6722318548544708	0.3066043882459204	0.5178642032260556	0.38959983727532094	1.7055021797812908	-0.5334516284876784	-2.443656552777523	-0.5880265044080772	-2.3993047994321346	-2.023652650171042	1.6943131026258285	-0.794301010538326	1.6108638750342295	0.9769646936250238	0.8128575542908467	-1.8731650559434068	2.7989299396895304	-0.11706041542934516	1.422580397752907	-0.048458728242193314	-0.04262556455560475	-1.1742215998892667	-1.6819376100052563	2.5935773367348025	-1.2278557028124386	-0.35326536394376423	-0.4042043905675653	2.124605788596988	1.0520852700941434	-1.2474234060676777	-0.2896533214338782	-2.0327262405678908	1.6811464959379516	-2.036088157731954	2.1539730488792865	-1.3172418650359319	2.5194611173323342	-1.4569297080659067	-0.9931692701017627	-0.06644812106842332	4.925436167188649	-1.030741974674787	1.871114664571856	-3.188142128899901	1.8347738017242592	1.2355019838867636	1.7384750201895558	2.75304908832105	-1.5403161379531616	0.9629802947044468	-0.3906965942494233	1.2309112217579565	-0.6656103619680473	-2.283263531909208	1.285314567453131	0.8415101284689919	-0.6169081961427868	1.801150464749029	-2.229443612385698	-1.010598056678739	3.018310698469477	2.5692821438531652	1.0728083190961102	2.563045684406175	0.00954231678960733	-0.16389660440487627	-1.02032179796897	0.6677929165117603	2.3609119359740056	1.7179995577898142	-2.0851549221572174	1.3301197447218456	2.923852477430313	-0.26668361024120263	0.25939349903491504	-0.8220026825689585	-0.29938393739353897	-0.6847578084638993	-0.17556290401042554	0.37247829953066763	-0.46345343038487796	-0.1279034660315616	0.2957677748178333	-0.20024221099280992	0.3509499714313417	0.5529270529147482	0.3452118698530522	-0.9578746663011706	0.7600750349300741	-0.09239920248751647	-0.36864235440354226	-0.149857779193126	0.5118372311424033	0.01210334682711513	0.31690459699035234	0.16554346751326252	-0.34343223466722805	-0.5325912048471275	0.2081399129848595	0.29852461698305816
DTXSID7041627	-2.4861827148432396	0.8002427714652545	-1.4767757142455347	2.0292518759894773	1.575228253186849	-1.4663275196024816	-0.7375696225364259	0.7121928494836086	1.2736360400053792	2.7300630933018053	-0.4311850255326688	-0.7206339314372858	-0.09226470614108084	1.556901389964138	-0.6567162066070122	-0.6569170267128029	-0.03581385910751379	0.5666466822287151	0.6335709309060914	-0.33265667535523585	0.44260275595384047	-0.17791615534352817	1.1064194787712902	0.3123134089659835	0.01560808682626843	-0.1902411113492238	-0.012793391106903133	-0.376202989886896	-0.13099142827731167	0.5970778351236958	0.42069172992720955	-0.6849197574690524	-0.013321722561422248	-0.38926091682852154	0.024313824337938023	0.6919177414525589	-0.4372900514275432	0.2083955127049809	-0.5099355211946879	0.12118092786871	-0.14395687107138924	-0.08065806332499594	-0.09473688457267992	-0.0655103686672255	0.3719481856631794	-0.272771639821386	0.20490230548401778	-0.3980359516734302	-0.041657425759060264	0.044838027674676866	-0.11976518016423901	-0.21682401089657444	0.12819311788790907	-0.08525851950854456	-0.6022662420631886	0.41292021765215864	-0.3026265106336093	0.1540259519998868	-0.3957919682598523	0.28662370129247633	-0.16570302828624422	-0.5920843113454503	0.6531886944955009	0.14650593848946059	0.07153691450937402	-0.3241374491436908	-0.36877804643805107	-0.04071226105209447	-0.03647088845730512	0.2640490148009684	-0.08370625323731694	-0.0002567773426629757	0.20962881796385963	-0.7498778634478325	0.4093047023989528	-0.7201796993086261	-0.023955161208128985	0.9679182086167213	0.41313651006746666	-0.5869969030886757	-0.4980843433171533	-0.6184737437763868	0.014982068848242673	-0.01200950904389673	-0.3350121268527151	-0.09125550993700238	0.17074918043931533	-0.371196686884333	-0.2330233083774369	0.26506222747882685	8.363307955131146e-05	0.5186392496785978	0.8855837993436444	-0.30807578996788737	0.26177226243497814	0.2749413137041788	0.06963441604006208	-0.21453052857253713	0.17572921471010236	-0.1798040347510639
DTXSID4049030	-3.3283249558180525	-5.290836524317162	-3.290386287710089	-3.258797831527789	-0.6646011770725438	-0.7445754602652028	-1.831783645686955	-1.1104039769163283	-2.121797249803468	1.6123516395675435	-1.5981402965507434	-2.1374952155609606	-2.562745735240168	-2.078040585354221	0.6159546791695549	1.5290013603105017	-0.43433151884149157	-1.02438459476534	0.6817510013230461	-0.562755625286939	-1.2317354469447106	-0.22797609619255416	0.7684181810226438	2.424175138194537	0.33820818891343724	0.25980180450273854	0.7137621208635097	-0.19482150795749947	0.37141817811194316	-0.15842787633839742	0.30196000206176227	-0.10803697973454791	0.24982398912992718	-0.2542261481323212	0.062477128520444195	-0.2471911008905211	-0.3428111428200388	0.3313695790590267	-0.182932409262002	-0.36975632172336487	0.011501222886519277	0.14243265810606828	0.08605164101083164	0.23507415217400948	0.043175466258164596	0.43693649136916807	0.2494748960464303	-0.14400084602242225	0.0608094813780742	0.1486302547851513	0.12780377812070304	-0.03169127844820013	0.38026490035660904	0.11612795694362636	-0.047896510708504494	-0.07502973718809285	0.1012386619624704	0.14533416613032935	-0.1286346202830653	0.3504799695983527	-0.19675435213480344	-0.046004290602057615	-0.12765365470410686	-0.05967291049479896	-0.030125010651157066	-0.4776304450878191	-0.39886824460715853	-0.08374605250287877	-0.3034094936473252	0.030344500790344377	0.2574689059778534	-0.42631482724870556	0.66729198438262	-0.5777305184892588	0.005812214896534498	0.3243648020133662	-0.2505891918139933	-0.5123670158524279	-0.4137457527274984	0.5995515403478814	-0.23127089040891347	0.6245466586253471	-0.8685089394190403	0.013703113025276173	-2.1128778758404514	-0.5540671050901442	-0.4628975387751923	-0.4623768218927121	-0.29993357260321185	0.9752445728282212	-0.4579696934188998	-1.0248589525531804	0.16577737103331514	-0.08737458631702229	0.3786888554094221	0.37704093795898225	0.46884084200768117	-0.13327261185327355	0.3932717840071991	0.8172759443772862
DTXSID2026525	-3.557808984022437	1.2180640705117967	0.7183396215948284	0.8991481609770424	-2.359615836241685	0.14205660078031646	-2.750715463007053	-2.902963605111324	-0.11079180899828613	-0.8451468717275029	-3.4308906641322348	-0.7589329984513599	3.933412693328085	-0.339559602328445	0.45196696940067205	-0.11458394407912476	-1.18041854384214	0.5298303488887982	-0.3605787296602586	0.19303118617204063	0.3200763706336068	0.75828154916237	0.4610812113143009	-0.6019229024262924	0.948708010830954	0.2784430091371146	0.1724755201486777	-0.1529508357082027	-0.21412985239550883	0.059014798496301764	-0.7410856473902969	-0.42728327594064547	-0.4725780207799536	0.1633144992163224	-0.25881161458300356	0.1925645344047206	-0.8969387915952752	-0.0008340873200735607	-0.42486198097751404	-0.12082917264982937	-0.19434288218439444	0.1806257742829544	-0.23455209594909784	-0.21183965250230363	0.331175863037748	-0.4892974926857583	-0.045072715823068626	-0.5117653350869125	-0.09920088759699144	0.24218734132990888	0.04161326861378186	-0.4218494371002001	0.4638578667654002	0.053110288290917414	-0.5538484574408881	0.40845860858256244	0.24557071795292582	0.21691503861548486	0.142844344861271	0.4317689713918941	-0.35216084276385096	-0.0633843544359069	0.746801175903045	0.38209023325548186	0.09814246710740097	-0.22483356880198055	-0.038387811687071255	-0.7419671482896398	0.38012434506597736	0.25196898794718103	-0.5434517058077674	0.22349856065356752	0.7664581049315602	-0.680370753216909	-0.3571521014806613	-0.1606109436750243	0.504070884596444	0.10897518530647311	0.2021120727268309	-0.3345002925408265	-0.03102078739100993	-0.995544572962526	0.02073183393902996	0.20720493306532953	0.14196385317603522	-0.08560500944396235	-0.7603140478826589	0.019340330934627694	0.1426329506156026	0.10978802944029822	-0.49928581426943724	0.5695605404232217	0.37728330961990925	0.3104229327058421	-0.12905318327312576	-0.12268431706449799	0.31649826516885315	-0.08202774504785941	-0.20964933259493812	0.30464473756706045
DTXSID0047032	1.7278745157474305	-2.4521367184623926	8.372598493297767	3.80867554286398	-0.8611370263104235	2.8747800941451245	1.658674052813802	-1.5992182706493303	0.9419981808521821	1.881162174923922	-0.4277517162767918	-0.34972590202199644	0.08533483172377423	-1.5006967720139583	1.615709725709575	-1.5650792903697004	1.3520848367396028	-0.4713646711924032	2.379297940485525	-0.46069355347498936	-0.27952725589925376	0.4802273796141008	-0.9491247988640078	0.5494353442642717	1.0412982121143817	-2.0276826722055503	-1.0486885243653241	0.06412240078631452	0.20656837931729174	0.9156350026222794	0.359184416548684	0.30088857473662683	-0.32781553382098544	0.21682405436818916	-0.7118338502024493	1.1761635159676322	-0.6302999743785689	-1.1184340394348629	0.04263811284924964	2.0944443107859985	-1.3059098604127963	1.0698883670061357	-0.9569813322041325	1.8287279043905345	-1.6020884406155953	-0.14501123241975983	-1.6984918766237762	0.31221455293298256	-0.2738770643041738	-0.2780852588651833	0.029313345341781108	0.11032957385396214	-0.053824650542515715	1.9806734641404407	0.08322570755817221	1.9536073808055832	1.572746166378688	1.6751321511930062	-2.058545103057037	-1.146065943977723	-1.825281334591427	-1.8453677311739238	0.32536738738931903	3.3990205321932763	-0.8339584484584011	1.6986478475674085	0.8822546492294866	-0.8180331608594903	0.11069142274693113	1.567180728978782	0.05776746102602896	-0.029340332540610164	1.7032355385193276	-0.07865922892163836	0.08444429664361458	0.3975389591252422	-1.5365262660327719	0.20768113185008313	-0.4328143998173967	1.0082640070473652	-1.314538656474565	2.390440296468293	0.1733200612446515	0.8919178392699613	0.8280474228447763	0.21453823742013925	0.19879030672784742	0.37162706598721507	-0.5729971876607519	-0.13055340764393952	-0.6395999557035421	-0.6435436887844088	1.0038941871101266	0.8989697047359388	0.7315865268931377	0.011369785810309212	0.3831368381328687	-0.18850044224122597	-0.7876931708231067	-0.11049055430109539
DTXSID9021053	-4.611178699324819	0.7698850242572505	-0.7144825750320524	1.1742690345809401	-0.16041852186048816	-0.33694990798324137	-0.22693587969718884	-0.8719399551699524	0.9306400522543786	-0.12423040329466153	0.4364675093081344	0.6949606184492884	-0.9787423842330587	0.8329145169515738	0.9882907424558135	0.9558981942618462	0.12692479603663176	0.2077346196708485	-0.6954854727911033	-0.03185709732428772	-0.8771259823712183	-0.009684607768223122	0.1421553228162032	0.06137910744684368	-1.1340760607675062	0.28326631352109366	0.8211773889144706	2.4802660310167317	1.175071243997309	-0.782303604354352	-0.6185373595498392	-0.10195200679990847	-2.3370226252889568	-1.6706309510973474	0.4317480636326869	1.2199023483526905	-0.6016810450839021	-3.9520917732826626	-2.375339145308706	1.1433088927975377	-4.349205554301106	-2.044017129251054	-4.068689550682942	0.7067590347597751	0.9179356197845943	-0.641393369055017	3.0182873914995985	5.012963917284686	-1.5028645411573982	-3.9085803455976262	-0.8322398711634391	1.015257576781475	2.4435060812480405	0.024216290289436657	-3.798098715016899	2.320634675534543	4.663319180004576	-3.4770912050832385	0.8468488871649247	-1.6317540083537498	-0.6550976453475665	3.551734364887792	-0.17650922954865433	-0.7573641201008193	1.5164553223503996	-0.7839552866310149	-0.5632718007744004	0.5069896230667725	0.914994233670518	0.08929723606995309	0.34438371852416766	-0.005682614876010338	-0.011719344709989893	-0.22899405147583346	0.8668585417070831	-0.7994686158543083	0.2803372043247523	-0.10526515262554	-0.7845386488955917	0.4186683080247719	0.22125855502766228	-0.4728416335153496	0.1777905381868951	0.808565357003422	-0.027201997967259202	0.4604413882574011	0.0008143555545337597	-0.572817196749386	0.15924227454533657	0.045903485423719415	-0.1797204006146681	-0.059798735808120805	-0.1908878312884802	0.24633738978931938	0.07070324561270773	0.22079857740737238	-0.28400351833197335	-0.11459817309425636	-0.0876688997199195	-0.21270476597871765
DTXSID1023607	3.1398178032207293	2.3587999907217445	-5.674833074205501	0.09428994472624218	0.43024069058383063	-1.5704905779555451	2.840504511315467	-1.4095524816082527	-0.5727388723451174	1.7617067352319977	-1.7573276260263575	0.124873332986892	-0.6614769884488979	3.861170476899333	-0.09561836962174153	-2.3287202069128945	0.28491918570386476	0.6249754323286665	0.5171666790897574	0.6653741425382187	1.5052865141828258	-0.4218729373808576	-3.378475549939505	0.9173812541293781	1.0206452013057878	-0.7333663440487578	2.4673219336014984	1.2405447672778536	-0.3719892347347634	1.6575964025188408	1.075832369407286	-1.1983768212244328	2.6940417870874867	0.33877667765032177	0.4251736221048787	-0.8500687737514577	-0.5496092053377688	-1.988678593320079	0.7799982384483536	-0.551870539838274	0.5182770351069724	1.9873960421694223	0.037529476537890655	0.33308286692406686	-0.4896391314449762	-0.4299078127456386	-1.0413941753042781	-0.8056129156098389	-0.8214186479634208	-1.7723442438645418	0.1448356929858991	-0.7444923468082589	-0.39290891577236886	0.8734253920294731	0.388927426726334	-1.6356764648047872	0.5607180518079231	-0.04828860126832563	1.2272213662070266	-0.7342828899088523	-0.744995678076857	0.4805490907703389	-1.1404390892605534	-1.5683027044851308	0.2438189196352991	0.8426038133891354	-0.4008908606401271	0.4317580092274746	1.47206337102352	-0.9025032388247997	0.17439149381106114	-1.1580773236244628	0.5130141102898189	-0.32183654955435953	0.024584952941021147	-0.08084446998117788	0.4202514367099893	1.4543961276947284	-0.27704061984543177	0.5252454742563537	-0.07496167190522471	0.6286708128937241	-0.4833007450510164	0.36747811846930467	0.5933228567855495	0.10548097641227203	0.4973080504420066	-0.25309233711362833	-0.6341028182169403	0.4002336414345979	-0.10097525317409121	0.16968713202390373	0.870540635546927	-1.0749101487858805	-0.8522141031554507	-0.5827733964958919	-0.767968059131097	-0.6422547945663071	-0.134267330641703	-0.02149732605092507
DTXSID50218052	-1.0692990766432082	-2.622764746288594	-3.011391758306956	-7.159551212535329	3.9204008985268426	6.10959626313197	-0.9225774265987706	-2.5001063472857954	4.761020808016223	-1.0665214651366426	2.0999395803904006	-0.6872267877515345	1.5389363666873257	3.443478179704942	-0.8025209574137371	1.4232253721535217	-2.1661913712165823	-0.6748257419913527	1.5526250742332326	0.20188253659639155	-1.3779051834002074	1.3908668113866869	0.20985435668103286	-0.9387884032775233	0.5415117661273792	-0.12229495996816424	-0.8548689800551335	-0.3366362084059757	0.19865641807973225	-0.14293830238103947	0.13591119432474943	-0.6202921870465874	-0.2814993358070346	0.24088196336167747	0.3210763241997258	0.16851197439630436	0.16976434046213734	-0.13982120892563374	0.28567902582306504	0.3080954386393388	0.2556762925029198	0.07678912352736987	-0.3253254450638792	-0.05373484347196392	0.42808087711655074	0.3730084157482449	-0.505037470864286	0.2375282610319514	-0.05039310037559245	0.1842717150410158	-0.06004748445788682	0.006189432821372299	-0.4672852358126646	0.03272888270095984	0.2744301944450293	0.17317165606612064	-0.09640399973155331	0.6339148005096032	-0.4656542174336686	0.30762601788399163	-0.17435154617744827	0.5223200295123489	-0.13573698948931348	-0.007771310937823563	0.09613506532193132	-0.2745974873504246	0.13073445118491847	-0.33154204655757324	0.3348933206133935	-0.76522061859897	-0.2780653802725507	0.2651304349243498	-0.3789105713991491	0.5338799397526961	-0.3792108494244565	-0.5596315185870363	-0.19912385983282568	0.30525888995022743	0.15517255798042873	0.5054362765139395	-0.08597545273747824	0.18757400457119364	0.22513884099874742	0.1390076131127962	-0.5424655574272972	0.4013840035158887	0.061995437674118095	-0.21818762541492076	0.24549065537613504	-0.3136186837679813	1.4595721152732566	-0.025203635839079724	-0.2003308818750087	-0.022031765656508464	0.039530695612223214	-0.4006911251594921	0.28097306366108005	0.252555204545701	0.04496766902621958	-0.4378949348890418
DTXSID4034576	-2.7562867374111732	0.7407941573652801	-0.2944784044812738	1.2830312022015975	-0.12154745777364988	1.7383849239935552	-3.121030672453461	-1.4361361053987942	-1.9782769091146168	-1.4898983175333684	-3.4025099424526255	-0.4661844348677112	3.540826411291011	0.506873188075092	-0.7716212897365248	0.2069646463961671	-2.3118097495162235	-0.36462784544678883	-1.8688348746381642	1.4325374978401286	0.8536474730153527	0.5124004471207619	1.22957573758696	-0.5910133898281971	0.45350805303444647	1.0274049240338043	1.3484851435088332	-0.12834535310611783	-0.5230814092931613	0.3513250752797869	0.4930128900192176	0.7477000458119236	0.3775133270590432	0.2937508122716897	0.08971029724366661	0.07567858538355066	-0.7301689477454391	0.36419591417554653	-0.12226038413455957	-0.2892299945879492	0.3275420035396892	0.2887387291741686	-0.24517868987998215	-0.8181981768291757	-0.1901552601519809	0.11268126555448428	0.11852134339464407	0.3873693144091069	-0.41137236339130373	0.26616740926195886	-0.03371808662745722	0.25108330796932715	0.21564707300793512	0.33560512433708634	0.3265563874742832	0.013538259253087716	0.9803298051581107	0.3042225285032017	-0.6646497569796003	-0.29209087834032593	0.12460509410178819	-0.33467208604667137	-0.3725560268979862	-0.1389869855541052	0.1308042167711507	-0.18132385143181548	0.7386796216937727	-0.2090740011708837	0.12247282511072105	-0.14474263997227857	-1.056186771549555	-0.21060989920545783	-0.01914653982234155	-0.37547918990348483	-0.4485457527421656	0.45150883659928215	-0.2528696568161958	0.3772579107306772	-0.6832178379927338	0.07067990169126392	-0.3209531423353497	-0.25551508871448214	-0.7820382998986718	0.20300990194725807	0.5518895963363986	0.4352649006033565	-0.32872190598126616	-0.282788887870997	0.15746899363469447	-0.07024639274339549	-0.4020627440886909	0.009153617218989543	0.10348316818482345	-0.0838459112847592	0.5554310310208284	-0.166778184204383	0.05320042683560788	-0.15735061354066043	0.07250315243052466	0.10960966607231551
DTXSID0047167	-6.812842623499312	-3.3975492488590207	-0.6113581556653187	0.45364758652084675	1.9308421084797949	-0.7210367325449228	-0.3813939183670878	0.8734877467216376	0.7801548123161461	-0.026006575354501626	-1.0485324159718743	-0.5869921636685502	0.29039060236269126	-0.3114070781487589	0.32483071175763206	0.5971921013751949	-0.3213307135958519	0.032716992975272925	-0.33259966572140076	-0.05956626305314073	0.24828483828805933	-0.0939359389172905	0.13815193696996134	-0.24632820707984712	0.07290014709653564	-0.3285774161437248	0.404624817290389	0.1483254048143449	-0.01745697445361272	0.13031024484598272	0.31571580238697816	-0.10348780539269332	0.3124602648020851	-0.38967770313988515	0.2124884602660492	-0.27493603738238026	-0.3291445125632696	-0.3648449827680971	0.29526382981900934	0.2768312232589502	0.1581198066759014	0.46674964235477445	-0.5638846320542116	0.6118118394384213	-0.11274758615994883	0.3224532594869283	0.11828816379097706	-0.13390334818272703	0.14057621001378945	0.38070658964703236	0.17090276901866186	-0.013437258786791658	0.0377513243270205	0.3331339820032805	0.04095957273858422	-0.16613039619019362	0.10839396788811936	0.41547026462589853	-0.3499871661637505	0.15873388746440897	0.1393934869840267	0.1274902818672201	-0.06725144323291773	0.12020354835896654	-0.32410548738932504	-0.032889294401163546	-0.3325072640640396	0.03957715353045046	-0.2836624655613646	0.4817227740781724	0.13435495766339708	0.5373928455592201	-0.2036437186254987	0.5258009914907279	-0.08703829120084133	-0.33619006029960447	-0.919700316574773	-0.3102110762670478	0.22035512516547912	-0.9241391925364227	0.30920476176971806	-0.45720581849554054	0.6257230288536214	-0.30857238765773	-0.6834730658582907	-0.21819103467173326	0.33018791125356683	-0.248362862015355	-0.22390937103906272	-0.39718805762007103	-0.15637605443368782	-0.23088167730950473	0.2668680274617582	-0.45016331564788775	0.10455759434473569	-0.24006321305591893	-0.09962535603779595	-0.06788634849465978	-0.025404419198322432	-0.6463112618414486
DTXSID3027615	1.6901501974341457	-1.4046602970292386	-0.344759502671132	-6.241589798574759	-1.910677106450473	3.6738690563523893	0.49969592548889136	5.0313495471257506	-3.365175436850239	0.43022738830533386	-2.2124861907798112	1.5020346302873124	-1.716442951011344	-0.7265704228121592	-1.1135412448969044	0.65291096012161	2.642212980851287	8.662757434062641	3.216728973439504	4.667361971299599	-2.44244539018955	3.4789543384367376	2.9334545293986354	-1.1156294754920528	-1.0749327621391447	1.989242341040444	-1.0265686756778958	2.4451964074654264	-0.22152935124889878	-1.8608873283273937	-1.651325860103097	2.4778124736604514	0.923959996770049	0.6257903903198483	0.5893944554867825	1.036664116014496	-0.3992432614333212	0.36993204002214464	-1.5783678882198	-0.30017797759341497	1.3895181091891737	-0.5726602678658762	0.1836429387343179	0.5045813866982829	-0.23935225173785102	0.2605854481699348	0.22101621681850697	-1.206241405276361	0.21817785582099278	-1.4221403090305293	-0.007790276965515064	-0.5321125214621694	0.18806568101303595	-0.14692172402589276	-0.23179488788934177	-0.20487478618335025	-0.5134470524677903	1.1610286294024874	-0.22457779180949217	-1.5647637348665036	-0.40463995755327886	0.3193272174995819	-0.011887692294681196	-0.07191205351752832	-1.1897304140912737	-0.11916076243672764	-0.32705771446822224	1.2733305012436387	1.4508542095008514	0.13582187341756802	-0.7322133962105728	-0.4160773883819127	1.0746801191449442	-1.0906911968480326	0.6322700477123337	0.30891794194639927	-0.15804004957163037	-0.22301279955143816	0.7628863092423854	-1.0855935971737298	-0.37650808131776575	0.1428772597509903	-0.5755951953925735	0.667666560959619	0.2325813212451721	0.3909675741565863	1.1387238395640231	-0.230982495821847	0.08902499810458293	-0.611250347572375	0.38982230606195933	-1.3845684328688448	-1.5509004524985084	-0.6355021296582785	-0.4729558870867646	-0.584080944066001	-0.22075850855244247	-0.41425936153793985	0.30065067457573424	0.08108343902801407
DTXSID00379925	6.0077122001661944	-1.0750814323589988	-6.418436441967323	-16.028083738807176	5.352444663332229	15.119157349230159	1.1716771928923557	-5.692511243932116	11.221415295857152	-0.8860277084876851	5.2185941938933915	-0.8092141196960382	4.921620696711356	8.445339095770104	-0.2124319393981981	2.9527661308046955	-3.9503973910641195	-0.9361346632052311	4.069632476060786	-1.4309852359198585	-3.373170720566284	2.0921024068876393	2.6777599348225385	-0.5529969051610301	-0.032162272272047696	-0.3661221252767863	-1.293527222500766	-0.8441559933344792	0.5671272235791122	-0.18113644832189715	0.6396584440670621	-1.34618817897532	-0.34804703032621825	0.5890685259634506	-0.36029742882698795	0.3247074227944936	0.18940922235882654	0.38292420773221697	0.22226245525279406	0.4835780949984839	0.5770377712794313	0.29628339319367375	-0.6248507996655069	0.45228438034054697	-0.07544344316712698	0.9229717253727883	-0.9790098620875288	0.009217019749038423	-0.6113137132868827	0.5235748278908585	-0.005912363273400556	0.17461778832847033	-0.40940033976862883	0.372134547089137	0.3584310214301751	0.7378551063142548	0.6582100263729584	1.677422708008835	-1.5514897150680604	0.5005768016911585	0.019394259735831466	1.466670578179002	-0.8726170178612122	-0.8539638950647781	0.08480670152090262	-0.7134143050869738	0.39841424260097397	-0.4203383358183128	-0.162458783020503	-1.2658556506898735	-1.0392636051370008	0.21913028102699864	-0.755763755698781	0.8029973043661405	0.35241035381695274	-0.9956997178816169	-0.08598236338382245	0.9480100254608976	0.23842267035747977	-0.22966904326140922	-0.5769039001605692	0.4864873639118183	0.0763834871731722	0.548583604454131	-0.8558085607501255	-0.3931479177956164	0.054051463054126225	-1.2146749175281903	0.49427288714230566	-0.2735575595225695	-0.4107867951424238	0.7404807414974451	0.41986955290787054	-1.2938246430003273	0.3842989368523319	0.41439409227765994	-0.0312764557473639	-0.010354352779925066	0.2988040199875583	-0.059452776076791156
DTXSID7027201	-6.151008153931132	-3.5156835710304093	0.49324544097857564	-0.20662058275866876	0.9114844077933751	-0.6640265123624465	-0.9783094072947461	-0.08363423621562124	-0.42609653906361755	-1.6206622490780669	-0.8185231709939406	0.2565403433473185	-0.8659068611009685	1.77093974362376	-0.12430000855215242	-0.27315615698464635	0.02230013790934483	-0.47638125832956874	0.6549849962262019	-0.3528460073982665	0.5344944855100388	-0.2638046795583127	0.12988823081403778	0.07314108905926192	-0.07914308067625965	-0.5723604902233873	0.02744477511500975	0.7224308189523664	-0.17580410890702564	0.3528644706229976	0.299769692786733	-0.1555932183514992	1.0690169745070166	-0.11051935416397805	-0.10228018302495968	-0.0796873703652118	-0.19978208055937785	-0.44108695889032823	0.5130801049360485	0.4221385810676203	-0.5105266264036515	0.4021921411552283	-0.546883954984001	0.6149667577888716	-0.9202151952979447	-0.12303962404670869	0.2595414057189002	-0.6610369873874758	-0.15733360660977488	-0.38525798832297503	0.16671314468578244	-0.023824397398367204	-0.32682917914124743	0.10402531043905523	0.4565843327763801	-0.7353572120091183	0.033666947473076275	0.20596087492996165	0.005601633397724024	-0.4643270869036158	0.49462624218509255	0.4828212936901176	0.009353251930546343	-0.6271093037067176	-0.17557805745430208	-0.019591248827469602	0.2951653307972444	-0.41333930882670405	0.6960285354550604	0.04605529782487288	-0.3518343895988962	0.09388008493630977	0.2572421089662231	-0.2594675177715383	-0.7455427117308755	-0.4949905809850179	-0.23419785327880188	-0.45079645908936194	0.07478796838718253	-0.3393038962525551	0.1659699439818626	-0.21930716133351622	0.1326739606386043	-0.27825754342719156	0.0645038945348941	-0.1261419879296196	0.15235102733270295	-0.059269723446798976	-0.4876080554021277	0.39195568792426194	0.2711590232194256	0.49016710944665354	0.35342829313105123	-0.33492904145716024	0.19612499733380087	-0.37221089133761787	0.14845585027223276	0.051144691495718944	-0.472073205069538	0.2092265158313683
DTXSID1044697	-2.9768678320838644	-2.5368477309676205	3.3134583723089164	0.25552446430491926	-1.3471129215232063	-0.12070287739605509	0.3678260215533826	-1.144298452781011	-0.4084524868042195	0.7485329700235762	-1.1028179725023122	0.3719037229235761	1.7650087283198153	-0.10981416402169658	0.6357387502713415	-0.2816861718398119	1.8976204817946025	0.40001989712313507	1.612834715159375	-1.2944745229980463	-1.5754526084511418	-1.107758106702447	-0.7038182449131012	1.9855721034570235	-1.3213995869739796	0.8310942032254693	0.6532475237277042	1.331170871673116	1.2030429653370482	-1.4526648054118205	0.11077945730597745	-2.0304204956270864	1.354332302175446	-1.2124667798941626	3.173714295203181	-2.7067814590215535	3.311159725141934	-1.200656654356358	0.07292890221351651	-0.04537235913239773	4.6386274445578435	-0.29150754606995755	0.6820788407312409	-2.7748198643938475	2.4382203841951626	1.4626978146703622	2.186782628477859	1.805210738517061	-1.2779817237200142	1.0335708337187686	-0.34379445153029753	0.6800697469472026	-0.771428301905969	-2.6188817689639006	0.9645935666016761	-0.12299285187999377	0.30803289544185253	0.5497229773128482	-2.505289824645566	-0.26848983548895	2.107825225669958	1.3936204804494237	1.0852436942278751	1.8322951674388863	-0.37150447709541135	0.32048988847739923	-1.2433387569966852	1.0831341354368749	2.684371114109681	1.5077101844582306	-1.7700115049277332	1.3838742967347915	3.0407501307218183	-0.1972277875713312	0.4143700691873703	-0.5887779837324403	-0.07304291291489286	-0.995429773911658	-0.8684294266227849	0.8900915095393963	-1.4522075361681643	-0.110223944120247	0.04587064396379393	0.13358992894373542	0.18951952677905667	0.3699369690417606	0.029473800553709874	-0.31752501760363144	0.03814742407318301	0.0574690246756523	-0.21993571779237156	0.6284916095396725	0.11621259034299458	0.2860913510354362	-0.15416855151580444	0.061235066553517244	0.37464924674168454	-0.19416802817176956	0.43156434119321707	0.11856612344525502
DTXSID9020827	2.060057877697226	5.15118625837319	-0.14642185474875133	-1.3645171289809217	-4.125689497664256	2.027995458733815	-1.9071709294730346	3.0293172402188016	-0.4443909636592729	-1.4461950187125756	-0.5499928933744537	0.6179472720575971	0.4209360473584811	2.326473641221677	-0.3058185157623169	0.15727176257762868	-0.2236950091453749	0.14536658177135223	1.4725472227024432	-0.47204617051203335	-0.415650522419829	-0.5545354709205633	-2.474102833798643	1.5582195385952324	-0.922180204106495	-0.5282061792560043	1.6365865756408906	-0.3603747733477308	-0.05137085470338042	1.0061032186301568	-0.832581290058329	-0.940658127434353	1.0787660893980247	1.1472245811939865	1.7474743882801658	0.1103421566682645	0.3383400236888195	-1.894283381724705	0.853390542625387	0.060715022393672526	-0.5114386699638248	0.6331717911780365	0.5197404966833393	0.7493229779388829	-0.8719939866989433	-0.7145921594954396	-1.1403655392806358	-1.4239822415310197	-0.48243960168213906	-0.9087165981595537	0.4222088212605398	-0.4918413403155608	-0.08371428680868635	-0.049851119593684885	0.7663336195411873	-0.8813216594172819	0.20338639724593088	0.2817210656669763	1.483284313904863	-0.48119223589652155	-0.6827398592138993	1.3051354208762107	-1.5522672774298385	-1.8503315623906018	-0.1820402000243258	1.6643307917021735	0.5544538397142408	0.35500736305485125	0.8241682845863202	-1.056691035017238	0.6694224571420907	-1.3039453674631276	0.5107000655107885	0.9121316547236266	0.5499741629360683	-0.7879005125166682	0.38442092342384687	-1.1343858350607396	-0.6665780652440524	-0.2549334056457524	-0.30417786993332224	-0.4060505853830263	-0.35178169585757557	-0.2714241397068618	0.9728018952723114	0.9279789194863168	0.1001876930835455	0.37165551554062093	-0.21892544596136596	-0.2005106109752776	-0.9607557686954832	-0.3078935943052856	1.3851400424762692	0.5349157608444715	-0.09370029997844485	0.33498625888768613	0.041811741500247405	-0.5419822867738242	0.7791902455918142	0.6602433195608295
DTXSID7044768	-0.5489371588916814	0.2949530242931637	-3.879988198945251	2.8648666523576307	2.706407067582596	-0.460300113575472	8.605989371751845	-0.9266280542248924	-2.9926822325326463	-3.3313569159302285	0.607015796062474	-0.9889259965719951	0.39372142127527116	-2.017222823697996	-1.982409755912196	1.6092388756097915	-2.576346385261806	0.701609650590456	1.696714288111034	-1.0455284122179085	1.2977394717784059	0.8484800126100677	-1.0590543123131897	-0.23259813224757414	0.12047432200114157	-0.054662973830069295	-0.4176606957670851	-0.7041737192993875	-0.648958207479193	0.40971988284472777	-0.6620081257994467	1.2186041740749611	0.38415340428219735	0.7463094590619898	0.24318144534287006	-0.30256383270775894	-0.49728958195071227	-0.19023992966218034	0.4692490224279559	-0.09019132563904005	-0.9714653151551579	-0.9449141330209455	-0.3019457664748531	-0.5079508535943408	-0.14470182630903664	-0.183873084753564	0.6255393225901309	0.6677392389223143	-0.11854653625131228	-0.1519236204792062	-0.4495460845772387	-0.025300384880627073	-0.8212006008909826	-0.30409248187955606	0.7738718758604959	-0.20119964881943878	-0.6829042409416278	0.6562074526578989	-0.49849448018507553	0.12521883805380377	-0.10783509454020825	0.28961674580436636	-0.19651703211836402	0.20567404612696452	0.5508522225337423	-0.2071350424769109	-0.1352963392156487	-0.44548796104091537	-0.6395795324294586	-0.022144767573981785	0.18020359955397466	-0.4834838760621049	0.6427536818064102	-0.9376351954775486	-0.05244429652078858	0.3045440729505477	-0.1490686744043156	1.1655317849481377	-0.09619775232798825	1.315695240401425	0.3967276063218303	-0.9829500246919332	-0.3150013511784428	-0.8856375617874269	-0.6190955430712105	0.2456409825995123	0.3694725663455429	-0.2842096196844597	0.5893898435729068	-0.2429259874482658	0.9907529986069691	0.5781724515296552	0.3020045450389289	-0.4171539857405384	0.5117515563378391	0.7820410860509295	0.36233212760319833	-0.14167271972604872	-0.3072093272481259	-0.5389927418097984
DTXSID0020446	-1.7430444710613209	1.442354478379468	-1.9143843925347845	0.4676004412177145	2.364236862357321	0.6121136958285749	-0.16922389886715347	5.610707704881607	1.6428965732393186	0.4225510706305611	-1.6463926414681824	-0.40092145475989965	1.7836883374966175	0.34108103273904933	0.41119666772024965	-0.28194518431114296	-0.11908298066665246	0.4590950200938402	-0.17763432384393268	-0.9443363214418729	-0.2682642112338017	-1.4308551841580868	-0.3298472605941948	1.3155095390666103	-1.6063475796529323	-1.231276744033115	0.17778115980331188	-0.020671754548501807	0.465533325082205	0.30674827708639074	1.181602592249206	-0.022397570362599296	0.05811000561046208	-0.7723522035353141	-1.1658217372086022	0.6689070210246967	-1.7523098094326657	0.10625970959135152	0.09912297032544405	-0.29332979553721555	-0.6387560281936301	-0.6695503979272531	-0.7052981814378918	-0.02801380249340256	0.1421662573993331	0.5692903656533547	1.1181200829106013	1.2841191857406957	0.031638882752954546	0.4704312965745157	-0.27520582907316654	0.8567845307440786	0.27200848922175486	0.07617825395978228	1.1294378981110575	-0.8073670795822778	-0.3986958670643458	-0.3633800970257204	-0.33282261538052044	0.00625980780123151	0.11819756977402032	-2.645046073325499	-0.3931099324294496	0.3552140225801733	-0.5822013501159858	-1.5705527545143119	0.44827065936259947	0.40238620516119933	0.2695151215697955	0.612199512598963	-0.07077550789160433	-0.4545394468716339	0.35556999778324355	0.4744113233865005	0.2223940307260595	0.34628443968505496	0.24270102734758187	-0.9679763723036232	0.19282498236342777	-1.3191104874651929	0.6467275724594225	0.6334856643694311	0.07506434149700694	-0.3141021518358592	-0.11602047735485964	0.63193747167313	-0.9988318629650319	-0.008987778229121684	0.8118172091001916	-0.6223147628271987	0.43284703799184093	-0.5810413529353023	0.37281426253959493	-0.4795801214471917	-0.4591239943547596	0.1370518377176247	0.6479947255994842	0.5836820054902805	-0.49384034769697494	-0.09266608452717151
DTXSID3027039	3.301430382407624	-7.1991123552892615	-4.576466474917739	-1.751960660872232	-4.483202767758322	-2.605420213118149	-2.538871582787807	0.41551165749746144	-0.7713133232122662	1.8955916192763618	0.9925585852517943	1.2992605472751748	0.5738804738447013	0.3878093606754278	-1.0238986469295073	2.3942674696792263	-1.2533127245325124	1.7505097099437503	-1.547272928522364	-1.0393198594301694	0.16112434208759924	-0.8784167069989988	-3.7032261527813604	-0.26959841962398257	-3.752515573569751	0.488058745041373	-0.5899143020183217	2.1043043530713366	0.4066397507949031	-1.888497965506233	-0.006627475722208888	1.135605654908152	-1.1145607459339262	-0.2009077971360442	0.7021475644292247	1.1639950515939879	-0.4747617268181116	1.5611013694792693	0.752972955495022	-0.8869043535951716	-0.4366892057663784	-0.2182723113716718	1.2173458523514538	1.0443394128535475	0.3674168098026116	0.11620934729868719	0.11727601111715596	-0.7448981718635048	-0.041737778249962505	0.08494326570485006	-0.022347404991144078	-0.0397491180077045	-0.06228841591664927	-0.45229590225088145	-0.7464032144089329	0.10955325087124823	-0.33758775519635176	-0.7480345372045328	-0.05169171940547958	0.721851250432616	-0.41167628780169985	-0.2282210963535037	0.6624272727748796	0.6232338769206177	-1.205145084653686	-0.008522446367177404	1.755053084736251	1.1955489279434615	0.8815721111613932	-0.6421659741930269	-1.4318509586226231	0.3279206273435198	-1.1525396309013107	0.37039056852800184	1.1762598071428902	-0.38651235821314717	-0.38008042972907885	0.38357341876033574	-1.0854401415617405	0.9110221499462957	-0.7673983189212289	1.7047346791205227	-0.46732974137299155	1.059731117683564	1.1201748517833439	1.1545372538008467	0.63785225307216	-0.14128384686953743	-0.10458931631010286	-1.6439462201079564	-0.9136715477022412	-0.5158984817500768	1.1262128108542413	0.06470716752946717	-0.6074135891790345	-0.8229651434448109	-1.524929388417698	-0.502710743941661	-0.9066762206767379	-0.6197251684930835
DTXSID80371164	6.670952071548872	-2.8317309640478303	-8.056133547712024	-13.485163351895682	2.6564181485110017	13.30050337960395	0.5369538722091018	-5.306550211252625	10.135340689161307	-0.7921110556324905	3.8787551138892544	-0.25837410654586085	3.5326933975540555	8.10867458669554	0.2108580097965709	3.104771492438531	-2.3098880271703486	0.270533451039209	3.6037220155908996	-2.0235441899206474	-2.9540981181355943	1.2175974670582101	1.8983845259878342	-0.1966866398892489	-0.09933235271082418	0.523900252372351	-0.15651249045884164	-1.0637874388044566	0.7058625708176044	-0.8717587707635686	0.08550189333758644	-0.9605305402568397	-0.9343100718292384	0.8510199161011424	0.07747018783119386	0.07603780302374068	0.5968235040419274	0.7301623140095451	-0.6471969405814556	-0.46099873187673535	0.720871836352705	0.9764559635954336	-0.5765171812650075	-0.1739945287949868	-0.6841204444386584	0.8813856114981957	-0.5082132823515783	-0.10474007929097705	-0.3563300568741641	-0.026024199502579903	0.07051424404718287	0.04246185056482082	-0.5684334145068808	0.09659766476295073	0.07795439220952452	0.09257860487646641	0.4353787893332987	1.294370275962959	-1.4559358533817792	0.20123617146287448	-0.017019984389727277	0.8932445368901729	-0.4925491756172303	-2.1405414590026925	-0.35678836314327617	-0.7170245190206521	-0.2507258219530571	0.16122767373757546	0.025209855785336563	-0.4024772169337714	-1.2859726424429458	-0.08030064655272266	0.40015377206702	0.08105504611251896	-0.49290902056439934	-0.11479817083770254	-1.0508527826060943	0.15798747466915805	0.024220789474063153	0.9912055893529085	0.42575338337665913	0.24108533849741143	0.2977057872424832	-0.1909298545287578	-0.571431700584492	0.46251899381940964	-0.6129704298583901	0.1746512301246979	0.7015748814020228	-0.49821378125545146	1.4189848503200218	-1.2509198309722993	-0.8151146145409943	0.5173919703484888	-0.9848006542298811	-1.7297325097382525	1.2844456927640284	-0.004245317365732132	-0.23738740447106352	-0.8803116174204706
DTXSID3046118	3.6212174822727436	4.3349535681039395	-1.8845403842653718	0.4586732486261331	3.9929848261064245	-1.3833778736330056	-0.17001189118910134	1.2506740369230422	4.404285604817974	0.5172889319592797	-1.9754424513071602	-1.551426299640425	0.655248436122545	-1.8664611661027843	-0.0019524679103650139	-0.2465747736995867	3.1219961383005	1.9263428646134777	-1.1813682500788727	-2.346514481659815	1.5529967306550272	-2.066211304207687	-0.7630432924502835	1.4593358615577934	0.7433600845350326	0.06211236906106317	0.09353990071540108	0.669506632863847	0.24705482695296885	-0.20901318100169866	-1.1650913146594115	-0.29741250528415	-0.8518493348448912	-0.03960870063685776	0.3974271723653634	-0.3421645263739065	-1.2416065885708085	0.19309646622134174	-0.5369879157004256	-0.3551915608906204	0.1595951228011619	-0.5809371056003039	0.1711601873111743	-0.47653114096309407	-0.679463730843743	0.22338692730142615	-0.20004872935040677	0.5450952665123008	-0.01662201706709559	-0.14394418839846126	-0.20632766386014312	0.08345415358349476	0.7126917406427797	-0.2036100989016397	0.8518966218914046	-1.3305217904504845	-0.3990141778951979	-0.669380986683195	0.7618568253148968	-1.6352092806602636	-0.46137441388867595	-2.2963454376234864	-0.5593533801632528	0.9405349289535618	0.06539535656046898	-1.2661472418697135	0.6938864249828103	0.9593966348519073	0.42396126944130985	-0.386543452336927	1.241115519114328	-1.845333905890597	1.0087945150960758	0.4755465859273015	0.5752928899453881	-0.12474743160801152	0.793680500104543	0.059904320617037585	0.1553775972072205	-1.3366518196599118	0.06116632266556787	0.9482464084809052	-0.7307301019563113	0.3805797207652962	0.12863839094823717	-0.06575727029799026	-1.414935195038957	-0.5028405962612713	0.749026417108851	0.053709973216308264	-0.3035743459195525	0.5205035421423033	1.156422061009661	-1.8222820927312358	-0.46509505090198594	0.7567596740296677	0.35992106516061073	0.18491845375126614	-0.27564998988783934	-0.11555338914328306
DTXSID0047450	-4.17365989268068	1.0471810721628003	-2.474315053744751	3.2683570894537235	-0.1497692265449751	0.39454073663643985	5.038318586534109	0.14707197687389675	-1.5610788720942286	-2.017709460835691	0.9110816461405475	-0.7945169101280595	0.9931727047020871	-1.440212884287511	-1.471928752122026	1.419748327853084	-1.6983223090413464	0.46101565345155004	2.5768879495107906	-1.743768006454575	2.003212148865329	0.49959932584310823	0.270245671761695	0.4142859807216975	-1.137720730475894	1.069089425739345	-0.42977489319236223	-0.4764635875674747	-0.3332194983946049	-0.28443306797411577	0.21804421158707785	0.32529189456242313	-0.15730479040066933	-0.39701452598766684	-0.912829091442721	0.08160478299218783	0.26281320090642013	-0.13224728953879655	-0.1198421898845406	0.39703684623333313	0.39500573727310395	-0.0037906128501849923	-0.3052410247316097	-0.12008899354646452	-0.16883278484361572	-0.2501550578076038	-0.3406154792253615	0.044206662822203355	0.034826923451392204	-0.017040835108072718	-0.15633985852436727	0.0847509399431021	-0.3110927042987677	-0.10208353439707733	0.08364029537362738	-0.6576634345169808	0.8653590547222099	0.07428302046062153	0.010844604470699135	-0.16501224558481062	0.23944308558704727	0.015141637841078198	-0.2563387473084769	-0.30557731004594174	-0.09023376995183793	-0.04737099722465518	0.0028447879845209284	0.037943543892530816	0.2922282190010302	0.24011180236225144	0.4354094216591521	0.2910682538116355	-0.19946528317647372	0.34196519171097123	-0.36595402269095484	0.04673515857103589	0.14476194103078527	0.024717738550803774	0.8102002705069378	-0.35126330335592154	-0.18588864197282096	0.7187735521207708	-0.6509149230380233	-0.46231247041217993	0.08194972920710467	-0.1298732585882041	-0.008542033378564478	0.7786230960647621	0.6694456221564079	0.433576900673709	0.0546500648755308	-0.26308401379413915	-0.5900919079421757	0.086235350744996	0.22470703193317887	-1.084087113999188	0.5980906625946605	-0.025870572752478796	0.08608172292401929	0.22408327723400692
DTXSID9023621	17.606998975443283	6.022821836517687	-6.607358218125327	-4.946416826345122	-1.495920689782898	4.741191419661107	-4.997707654067905	-3.247821707914553	-6.525384531881146	-2.1680642982944867	-10.036698242139867	-3.0603343163637997	2.062861726847145	-3.8712563339937787	2.0703575806207404	-1.4833939790436654	-2.3610849676021517	-3.155963895541187	-0.0661198096127936	-0.8903847817646855	1.5550894808515743	1.0318240524141291	3.5556886402856116	-3.05848572303938	1.7288453907106356	-0.6806467708221474	-0.8413124643905187	0.6938793954154046	-0.5460693971592524	-0.6578812544309414	-2.470700463890382	-0.20118825385469213	1.2539451163507025	-1.4972141771392473	-0.581767948798896	-2.1004410562465736	-1.7697467446724107	0.07301235511710816	0.8545338315177251	-0.8681109443874272	0.6743322608969406	-0.39784440093675083	1.0996859046113387	0.3492013483927889	0.6292969338270807	0.37130934335494997	-0.14527648153498887	1.0019568244978445	-0.10255858625480764	0.9531062780573683	0.18039678556708838	0.047264124308909417	1.7886664697872627	0.7055163458731928	0.8590314973984268	-0.010162084178377634	2.3750156718042446	-1.052578972300002	0.37493800989545994	1.1300268339723452	-0.6794060108618516	-0.1017825538033374	-1.5324978874403425	-0.180572060434988	0.4775036229012302	-0.6816101431878555	1.1421928888135826	0.5624561926102665	-1.1753993880897133	-0.40585409596377126	-1.6385121780913774	-1.0342312633350763	-0.7027347148087757	-1.0750448360635183	0.09864795329537746	0.9664394347650364	0.706331791135544	-0.9090051632309143	-0.8717045129570938	0.8562859145206546	-1.7761785914285875	-2.634078292190943	0.3664703420134713	-1.141829937199991	1.9864201289872603	0.8750297846625222	-0.9275911921753368	0.6045989683589812	-0.7368053193103501	0.4667683997471339	-0.7554894688589041	1.029598268260942	0.6343152122854812	-0.03280660135786567	2.8229832398071766	0.013633664545553006	0.17004042280807327	0.3620685871490818	0.002433708458851349	0.8122362865089262
DTXSID5041774	-2.7865997413028727	0.842153854591911	0.8207873948772937	1.6543209549621345	-2.0297878331660093	1.912172753512317	-1.9043084954983418	-1.6428618164577695	-1.494872168818844	-0.5794484554544542	-3.7770071998975268	-0.47620356005647213	4.166172161658052	0.0024798906949274	0.7215320329720186	-1.258044790264895	-1.034256732159482	-0.09229499613482205	-0.10260323924402497	-0.007855171147947397	0.5580561729386956	0.7958755336829895	0.7030053299356691	-0.2680089343001108	0.7940371450149382	0.5205167465937072	0.07152912357517589	-0.11835686665323376	-0.04702923404842854	-0.4685344228445458	-0.0760656838646965	-0.06879823751985195	-0.5627583420271991	-0.4572676854388502	-0.3942898529483663	-0.48918312983344525	-0.7313946768326272	0.39966781886998165	0.5261811039579286	0.5249607611647414	-0.17140002223712072	0.3065368666690707	0.12234535422750623	0.2786794176641639	0.33941325901224656	-0.015413021661259761	0.03829197730218184	0.0779401402278027	-0.05805558699494168	0.49835758743466935	0.021767474652854432	0.05335999394337791	0.3874656005580317	0.019104324230121324	0.020707303445203187	-0.6648451782428972	0.4842291412420574	-0.32517072373891975	-0.05826249883464084	0.1387057677683823	0.42083282630147495	0.010748926992269979	-0.4907478409942209	0.190105391614644	0.3521874510292171	-0.597055091076692	0.8951758872997986	-0.7207466400402732	-0.11895599111002271	-0.9501390151514572	0.20627736190087623	-0.15989219833079552	-0.33604515245688016	-0.06288140984980425	-0.46676799351881043	-0.2082346194211546	0.7589256582891398	-0.6712790394870762	-0.04089859232925305	0.1804814759678766	-1.0045416944165395	-0.5239604435659053	0.25960821193208683	-0.06851558911038122	-0.17291693416378753	0.11363355706394467	0.635075850154033	1.169630064335909	0.6264360770242655	-0.39595006418678563	0.027015931122680123	-0.5018625244731588	-0.5306686121477757	0.03757245985413644	-0.17702530600103877	0.2755178498467584	0.21315741830032353	-0.29337733006122174	0.047028235524157885	0.7593907046440346
DTXSID4024858	-5.438328319430116	1.032337493133238	-0.8132833888401653	1.4343101128552822	-2.265333210876769	0.740032197231673	-3.2103104450706597	-2.293545590356785	-0.8084657739097993	-1.3895508442065696	-3.3564306150543333	-0.552036335501234	3.8942791237929506	-0.0014010676067497038	0.06652907030205198	-0.08174597486626757	-1.2090272801012356	0.18349544494571277	-0.213066966977357	0.7026971822219427	0.38578553543218363	0.7872465150863219	0.140591832369412	0.06105244906148163	0.32066197586534123	-0.11367700042407161	0.48895068588686036	-0.07407967793426846	0.0699089461550406	0.14091311394214662	0.13524728616297785	-0.7524830999542611	-0.5559584149987781	-0.05234218235787414	-0.749206072928633	0.2313445133400403	-1.296474121389488	-0.14827135459591984	-0.22627556718295663	0.008161672722148341	-0.4673242402786428	0.29683079081214964	-0.420500627100041	0.09981953543328301	0.4712818854954969	-0.26751265788241274	0.4104788919578909	-0.25402487308544996	-0.39731094773191244	0.39590015657901473	-0.146760786191301	-0.3975814747256397	0.17541682696781363	0.11933288582048053	-0.5837554414490949	0.20180299616075553	0.05594189977393086	-0.005406121072470955	-0.4410787207033659	0.42982042670872234	0.10775761417283508	-0.4255268923680985	0.8768731789935919	0.7140758084948833	0.09181624927369586	-0.5320431274536468	-0.24062469324251362	-0.8370432743750118	-0.018218901977586327	-0.5895089489247533	-0.626819866453077	0.6090675354057002	0.3524612767959405	-0.8124863147293181	-0.2191834409927735	-0.2887616191625376	0.4373097482011965	-0.6483038423144111	0.11735521122518383	-0.05836983832178195	-0.05862689770780163	-0.1321477587973038	-0.05892282961390909	0.2288061485948718	-0.559176193856141	-0.37641393790110006	-0.24707905673194475	0.2421971329858863	0.23078039626833605	-0.15006108289655243	-0.6187476231789488	0.19357742022609326	-0.41809555015905925	-0.06322911097272711	-0.08574445677725352	-0.38125651033052915	0.3406007261998295	0.02785350478593747	-0.4974833460155963	-0.09996497902860292
DTXSID9048809	6.123427546591589	4.0023810971282785	6.484447933200017	-3.383446622128733	0.8486248100248246	-4.989998086945856	0.8085076401548726	0.18403471248224038	1.8329789259283946	0.9404841253588673	0.4912856124638913	0.13374572359123182	2.0543528530180533	-2.3180557498954952	-2.2828645867736723	-0.15638611746413297	0.8783162746136184	-0.9173350545370864	-0.03082731950599419	-0.7525728132185538	-0.726585706617688	0.07130169104436886	2.233231170976343	0.4883897271001577	-1.2182448212181025	0.510614889015899	1.858506462290166	-0.33082389208996393	0.4772555878481243	0.29808344766003364	0.2473207773211305	0.07449239472883987	0.10720870007108281	-0.4146632624883937	-0.6785692481794058	-0.660262231484139	0.14404723040542405	-1.0042529711259893	-0.7173209598747912	-0.6209965047266557	0.8341130779706312	0.6386130922442275	0.1951161235777094	1.1284190996961938	0.5317326219898751	-0.7486689495758846	-0.3535609515802565	-0.7281258792612872	-0.07119084077614239	0.36931448883951057	0.19508761361007662	-0.5629289034603948	0.34153129274575367	0.4196895502981747	-0.29705565670750506	0.45772909067899725	0.4519417051878444	0.20386982179741783	0.1608903476426632	0.5155427425224787	-0.3729618806288486	0.48523836379201174	-0.7897992582880582	0.4046190014546442	-0.820511799746339	0.42290040120749983	0.3506455445251171	-0.29425865554837277	0.7904668342318717	-0.11504644777029034	-0.1447433331786101	-0.33537373584005886	0.17156928246702244	1.0013287843835732	1.4075485357233022	-0.6870864566990219	-0.5351721248274584	-0.3729708550533941	-0.6503364184480498	-0.03318595423675829	0.32169499072758007	-0.05454366199077283	0.09821644750178055	0.25099188161224856	-0.39076168249232546	-0.05736772754114595	0.5052476704050888	0.7329113966329307	-0.0035419438845988686	-0.19511664297844625	-0.29229319238540236	0.007385832691302857	-0.16437953739681124	-1.3333201162931454	0.4417143737264721	0.005163406908810511	-0.08953662313353217	-0.08126922177028781	0.02941117323060665	-0.4191633328668842
DTXSID8047341	16.401734646756115	8.460154754662703	1.4088296924758332	1.5669476027437506	1.7693635042086366	-3.888764095716411	2.7920138322530708	8.517309509813899	6.952047705239578	-0.262496318637687	-1.5739366240172743	0.6971893172008137	0.6698841762872619	-1.2623014082524429	8.06343881440024	-0.4766500278319906	-5.08138735023336	-0.8812643364848168	-0.3609832177637436	6.150399476472679	4.509770011680514	-2.9270359759999756	4.620440760001238	2.7639829778180696	-2.8126527751366517	-0.2643351591382807	-4.9667936454595125	-2.3353042745029664	-1.7375554265850173	-0.7755346209510813	0.05805857822750626	-0.945715574966672	-4.158479003674179	-1.3138627802885183	1.670418623366889	0.1731112922889702	3.2768181109031858	-0.6656788379093631	-0.7442119781332255	-2.7703380668592232	-0.8264922191930221	-1.1980477849021978	-0.940855733710468	1.2067566361619078	0.8973368364218408	-0.5524755217340658	1.4401737464678963	0.42552925851734874	-0.3494504560208431	0.9023910189423294	0.03409122938141798	2.0055293782305785	-0.1585943899373091	-0.6038371925846989	2.158222296585879	-4.298936913238243	-1.245469800321552	-0.6295702952675354	0.5351669411575145	1.764521535142535	0.03742791716287821	1.3907396594285055	-3.785912796990797	1.5416306381933045	-1.7012854434321771	-1.3779468013210985	3.689595409621746	1.5962550520856658	0.09255490667071528	-2.523285256714423	3.4707672827422837	-1.2708057057651796	1.3221773009261415	-2.701964481203825	0.04930884707420439	-1.0353680777492242	-0.5359733302037257	-3.7232731952424394	1.1841546980850615	0.4286652558077322	1.4265889908671407	0.574511617001939	-0.6142137256516003	1.0189205083426123	0.24778018827890505	1.1234395312899046	-2.0139950740825516	0.7366869933956554	-0.19138548317345305	-0.6142147918235272	-4.6878668815880875	0.7499069341618281	2.4866854033363124	-3.067909407988367	-0.9833255417924067	0.163409675895293	1.1307235957980037	0.21100736010376742	-1.8584397142828872	-0.33452823132286513
DTXSID5044994	0.7836831748403563	3.215176539423795	2.1475142135265215	2.4926464080110713	2.1895679641084205	0.5416737170205416	-2.5532469052298357	-0.10022688240903936	0.3054212074838903	-1.4115673546485095	0.9591501209340504	-0.5072782346572331	-1.3673282613705962	0.8216645357120933	-1.8999637196503756	1.3908617673582173	-1.1739893182204015	0.12900588341941815	-1.5467970654372194	1.319172077441366	0.5299866032511324	-0.043276861681872614	0.08397610111301329	-0.3980816637719551	0.8842017778805145	0.42283388927469756	0.5381335080143083	-1.1051669926600474	-0.04763640876949539	0.2183099620841943	0.47764618470835024	0.35767801907913227	-0.2675214222995562	0.14993850030350303	0.7232717108276292	0.5259725149340962	0.24800101284296255	0.6976701074227915	0.13751923601897167	0.5545015913826699	-0.15545253317724742	-0.4794730228383996	-0.2596685601003896	-0.3741726982789064	-0.4914304047406673	0.651772003394697	0.4319159188039772	0.5231044889931807	-0.12551359214746258	0.2892946617607688	-0.13909460456865622	0.5235943841293866	-0.35219278739792514	-0.2403736314018478	0.40474603938233206	-0.135457364008651	-0.5850562164010058	0.13223042575027194	-0.8587635143525381	-0.9438757853299924	0.05612684469669028	-0.08766820548178429	0.44562633665637535	0.16176303092476071	0.2396046288285487	-0.54290725186241	0.14842314401982895	0.46109184113153523	-0.5500761774280449	-0.08089227684084682	-0.08163674834981464	-0.3368714152602037	-0.12965124061992192	-0.08914875727203725	0.8551772826982335	0.07285928450610864	0.4541897887061515	0.07106528333347102	0.2881787908703479	0.8017136403823061	1.2634534645035966	-0.21423475227401018	0.07249725805141541	-0.9555301032559362	-0.1678348210062855	-0.06517084418781346	1.144188233458602	1.1933912279146943	0.7534660383902492	-0.161307828047525	0.5891739499857144	0.3443104349263054	0.3140314923885299	-0.49745541446470565	0.4197412438020646	-0.025100061781992446	-0.11356009726289161	0.006565539838316646	0.9056042541077298	0.07059975736987135
DTXSID9041570	-6.754870932415923	-3.462767952023263	-1.5320841147446849	0.5791730461088346	1.7971936887625612	0.6542016254790712	-0.6451137450056275	1.795999009714476	0.5313992536035769	1.6111779888259565	-1.334458576604326	-0.9546424941483393	0.1455715789044688	0.08893849913139755	-0.8391641382289489	-1.6139935310665219	0.3160488701914396	-0.7536882179429306	-0.18469506364629232	-0.05116057122930531	-1.0443139054709738	-0.1607595243048524	1.3658372028337857	0.6434950147918701	-1.8482005810527105	0.4643530093363247	-0.3670263115573488	-0.17742295997171798	-0.8254195948394045	-0.46140833982009793	-0.3663838834047594	0.13680888711447547	-1.4925766214688696	2.6115133350090587	1.1322484844520808	-1.5496305424527512	-1.6305316656074507	-1.1183478948157657	1.5672527132429273	-0.5487164922415937	1.5951294295850906	-1.22342204620585	-1.739703332260279	0.946450961980172	-1.2412540063771036	-0.4089200103256425	-0.7340270906113445	0.5716560599994821	0.49248915725108033	1.0285769035154302	0.7591769851961659	0.9375754582980713	0.5327218980564788	0.6869145346770312	0.6242979194325051	0.434160840620193	0.2951842601098802	1.2112910371820667	1.3943095059529476	-0.7056645031910977	0.037961075675758967	2.051328241153715	0.8538958304650168	0.09417028932524803	-1.3417326662887932	1.2902957138715343	-0.7706260255896507	-0.703847203279034	-0.6992271573766974	0.4413925316670145	-0.682728315624641	1.731316473938256	-0.7797002800756934	-0.4703864630941731	-0.574709568108809	0.8238871300390674	0.29439563310663314	0.3805890358474742	0.44811461786288825	-0.18193611886273786	-0.05495417916265499	-0.09598029300348018	-0.5019129414715384	-0.7590734911065556	0.5123399128376309	-0.7860267491406691	1.0525013569179489	-0.11086547375553879	-0.8155990605847779	0.24725260637668905	-0.29649393505246524	-0.4174761011200038	-0.7538889981196166	0.007664952676748836	-0.013629409498951162	-0.33308441488470003	0.3421142351985701	0.16370502109109028	-0.1926275350032764	-0.14734636474483365
DTXSID2048878	1.1546324239296109	1.2288821269580668	0.0268730746935575	-0.42004728166677163	-3.099919442142648	-0.6813050176681968	-0.3571485317415453	2.0007654699026873	-2.234444838025439	0.9194983684854834	-2.2989809698477095	0.38885776432940067	0.10934740227132425	3.812507553744996	1.2086618013457129	-0.5369544071310715	0.3671010389264418	0.1838790368003558	1.626036572150514	-1.2078911575107125	-0.849462232776664	-0.712039965411732	-0.8119493752682858	0.7932429461575007	-0.3109186303502161	1.9943962956231545	0.8829771519387436	1.5611653462255386	-1.4287515606161119	1.9545949850505429	-0.07664452473761463	-2.3414185113634525	1.870945212487354	1.6325417885225373	0.5991822822897906	1.580820406138513	0.6097014246097309	-3.1574424727419808	0.4236093789764982	-0.510203311850666	0.1633666657115374	-0.3868385285656234	1.6896265511509194	0.3992189423130237	-2.1234925715498307	1.3249123185619855	-0.6053446465677591	-0.48802718633148484	-0.22234117276383708	-1.0588208570922537	-0.15731279130197776	-0.09833651792954368	0.09058099877490762	0.16763911453940686	1.6249414325029312	-1.2681081723965575	-0.1945683420391886	0.05761860180741336	-0.08272981863189773	-1.1107121450392303	-0.853484630895013	1.7255817052221682	-0.19291243447940457	-1.718941331275318	-1.2801038998512237	2.1985351770993016	-0.3776096557827796	0.09438273170745254	0.06478015220044343	-0.3527812668939963	0.13593685810474562	-3.2239429376901954	-1.8568787097809667	-1.040657584517591	-1.0824215922424179	-1.0830036555486857	1.6615653199014757	-1.3027425715306726	0.08744599414091005	-0.5468870491982781	-1.058752284071898	0.21380300789693382	-0.635996447946717	1.3381873832879017	-0.5738338567168859	-0.08632388124891456	0.5182175856450955	1.5056766638161505	-0.5574270750199274	-0.7178425286191137	0.18888134026684714	-0.03518332046262664	-0.11574083611484073	0.5944171558711435	0.5823642994556286	0.24541510156895285	0.2602200472059699	-0.2467095175298047	0.03861679760735228	-0.3411644264963472
DTXSID2027200	-3.33648785604028	2.6953681254737205	-1.248208529868879	1.9018647955158805	-0.5300809179135417	-0.9442579055733138	3.0192361506030707	-1.1035980643991856	-0.44103552220966635	-2.37817949711114	1.4294325583387217	-0.4684124313028384	0.003654378345507062	-0.7592522786531485	-0.8851527018233928	0.8026472921645057	-2.3274824119462543	-0.049478057954916395	-0.8847204114849218	2.6885105538052243	-3.0559543768752375	-0.2564521992561172	-1.7912390784661611	-1.0593621948012482	2.376081528208127	-2.4514840957710344	-1.2643730775603728	0.5037222926859305	1.836151707731144	-1.3869442330136665	2.960183631817096	-1.8879795876882561	-1.1124192432331481	0.5151551678718826	0.3659742874549267	-1.3648469269164576	0.6479348614049036	0.03824663892503599	-1.8567093684285183	0.35476694376374734	1.3116967932668178	-0.9745154781729173	1.2933919205809803	1.4618480722122988	-0.6869915380476664	0.24807891657884634	-0.3324782290322325	-0.5301347770700043	1.214451189487599	0.5933359145029558	0.24336531318293328	-1.1074830367154045	-0.68306498140433	-0.5808386267425005	-0.35564029114364754	-0.8865508155740256	0.3975643429206159	-0.9749949248205171	0.5122205573786032	-1.1762822652512528	-1.271980259844573	-0.47010704935178277	0.8091352431249388	-0.33284622470418695	-0.8070404828668892	0.48342706298921256	-0.6646081266339098	0.21790078734771076	0.15944734598169982	-0.3755050887656861	0.30786663833495587	-0.019900032746142327	-0.11190637646712132	0.37230606664058274	1.005217670225147	-0.3958265170065005	-0.18720416144772023	-0.304833651097531	-0.16790390287820287	-0.5182370715927483	-0.6666835794134107	-0.16334289807538727	-0.19258839428274763	0.6994579418327217	-0.008129948787851844	0.9180842593453774	-0.15566195657877008	-0.6546031288682079	-0.3236643827066326	-0.8321817966754528	1.0310766160769516	-0.688235440972292	-0.23178714069015213	0.010779330913164489	-0.13319691400352454	0.056732249648199014	0.16260428811149258	0.30282460196167793	-0.25171452693082585	0.0772020452757555
DTXSID1020358	62.60466115924766	-38.23364745644802	-29.355970164195334	19.806268115580053	-30.777800831922693	-0.3291098992176524	-6.554849201822713	3.5896001641445476	17.82733766863393	-10.923371071972626	6.917021040521375	3.7381114300604286	0.4308782097976832	-8.024657428594017	-6.503637617451557	-2.6454910430264054	3.3722594549998317	-3.62649816442486	-1.847039756921132	3.11362842289503	-2.3664040942968905	2.172514125289942	4.752429355173123	-0.7529964250064637	5.336750460004786	0.7301213023438503	2.7674056827999243	-3.54227309748236	-0.3632951427602848	4.6814539021076085	0.3775712131345723	-1.5649405592315375	2.7271579301952	-1.0734017200117245	0.09146162380234948	2.681432574186521	0.4445024347399547	-4.970516601843511	-2.120362738845769	3.9853894804556984	2.6478262825623515	-0.1286657113296101	-3.719709874443325	-3.106735643148175	0.019790552092132215	-2.4950252737545897	0.12137029766695578	2.8565464072746516	1.4475881180042351	1.5176044602968535	-0.17509640291065007	-2.2979660072052224	0.6095344293521191	-1.5271670239034631	3.056539028155995	-1.0344685104338909	-2.9730168750921373	0.27498870705398315	1.3220707847203303	-2.728746842051712	0.813892617521721	0.06052424012336706	0.632613947880132	-1.172424775585973	0.3421729604210191	-5.574568838784459	-0.3357992090223609	-3.9875797556823365	1.4983075935165495	2.2983163635037194	1.3797877581803386	-0.21397208369496443	-2.342703780388073	1.636694227456121	-0.08062872340223004	1.8716269581219036	-0.6951371224891186	0.4319022713708216	-1.2358534972109523	1.1574025974374402	-2.5543701687106113	1.2203940797537436	0.5395189214396355	-0.012836968960880699	0.7111455360772144	-0.4287220227997727	1.023199209848513	-0.2621920030768788	-1.771538254459216	-0.060199824203385474	0.6314176112992085	0.32118368625275373	1.4757552368198945	0.44728899927061416	0.9153888096289959	-0.18622334365193755	0.8583393597801531	-0.19743939135391714	-1.3466201405709766	-0.10697595002502097
DTXSID3024736	-3.173300996600866	-2.38591904005986	2.9436016387179076	1.3420238552910566	-0.7100174896725334	0.25550593836312463	0.2730704510044168	-1.1232508362883702	0.4046829482823908	0.5511611280390006	-0.27278947405317344	-0.25647225766707177	0.2465598888433079	0.09506419915258456	0.8041738495678672	-0.29700625997153707	1.3820948734064291	0.5701708726150099	0.2730186720733416	-1.596080943711763	-0.23225833404679738	-0.6902548012034005	1.6630993617186196	0.3278489926857507	-0.5595257133485789	0.24624720012305915	0.4028733952381247	-0.46178195499291513	0.28357925520004146	-0.7376353824135115	-0.037332708215054744	0.6749866925269544	0.06058449691439204	-0.1684515776170651	-0.9442276204873605	-0.308206168752074	0.3144230300094877	0.20559142916122225	-1.0658260412917446	-1.0786861256073412	0.464469952208347	0.17291285973521645	0.015251959739272439	0.1845294380442076	0.22543091393773454	-0.18063792608569298	-0.11935566182277993	-0.6180876269134279	-0.0993955079431507	-0.19953058088033543	-0.008220245062296213	-0.47867912358113596	0.12766940263114798	-0.09064615074295933	-0.4054580921354048	-0.03568568814204602	0.28287288957808376	0.06389850762027718	0.04362662901711422	0.5628759599055424	-0.3597571002657426	0.18750163060608224	0.10356974069713594	-0.4503414965943418	-0.9079247191692728	0.007340201742103178	0.1670303801393446	-0.3420625544041841	0.30262715430102954	-0.0037331584004542456	-0.22762771448449304	-0.7207755440108348	0.8661558602706871	0.05476614726681691	0.7905777327169147	-0.5039306392831677	-0.3447853979551737	-0.33705480116351194	-0.5107410220737842	0.4618167895270782	-0.3295255147592389	0.36292946126357883	-0.2809402218337655	-0.04692945195242457	-0.024882512669017972	0.3017579444351467	0.608282020375986	0.012469275674077124	-0.10266630493909072	-0.12829224935669573	0.12036247951842259	0.16865715683822016	-0.6209594299962947	-0.30710311545567387	0.04741926172879051	-0.09289619399552396	-0.2008062776359064	-0.1060485645575299	-0.14372182257966323	-0.0001313783285348579
DTXSID5046481	10.608556987397902	4.969710937203864	5.1532394520581395	5.306886434182978	-2.059114224068737	2.1351817964783244	-1.7599192613937658	-2.024182272685021	0.25725235591445794	0.12342711982128332	2.966433750092131	-1.396085471141511	0.9425420953908924	-1.9614125231657582	1.9606317378306992	-2.5982023870387043	1.3077562327016483	-0.5469857796784102	3.148187946662409	0.9835216688731047	-0.12796368967618818	0.6574554406085447	-3.7664535985134635	1.6429990811082755	0.15135262294362176	-0.602561598856582	0.017219370103930633	2.5005559186187134	0.5166419336754873	0.9095950638912834	1.2930315233299168	-0.54664294660811	1.135404777823463	-0.967627737830283	-0.040718309754428424	0.990133468111905	-0.613705827349379	-1.8153251660626248	-0.0024207100437815816	1.0018929472795817	0.4699235914916607	0.6429620306571854	-0.19289084876439222	0.009703677121920669	-0.8577138891008778	-0.2668749160313298	-0.8367988963485933	1.039482078752442	0.5705926352094659	-0.4602280477744369	0.3892255680001794	-0.21359939413967904	-0.14816391875424192	0.5200514150279371	1.4101194887106867	-0.47094081574498997	-1.5988327875505266	1.6972479302529557	1.347349874659736	-1.8294157022666235	0.539058893977881	1.5267873190326253	-0.9909616188790861	-3.036880154604265	0.3278932452157545	-1.5181429793820425	-0.24017892815646713	-2.8479276743309603	-0.8323389616044881	0.19492547642404526	1.0139649572582792	-1.5611051294384133	-1.5184803065290573	0.32642877613839466	0.1492224962040035	0.5661072826934379	-2.087071940052713	-1.0089470141079073	-0.37336081457880815	-0.47034669065357443	-1.635355034241846	2.3600072845053144	0.9162535513330583	0.4279152130595713	0.9931973565460634	-0.3671128286713053	1.5072129124302491	-0.46124866247327867	-1.8349010407838677	-0.8382199122454025	-0.759580787861456	-2.260517344582996	2.206723337900911	0.6654018536797534	2.7645529759024825	-0.40540669030795307	0.4503919223826758	-1.2110086646873928	-4.237193753553121	1.1228864661829485
DTXSID5037236	0.7938459738047401	-7.382204805469564	-4.377572782838876	1.2156490495060528	-3.8135937789854064	0.013417817316483675	-1.3900982357997456	0.1253993959968425	-0.03395720206854239	2.000644992258611	0.402601695498536	-0.33390013650327777	0.38893023293574364	-0.30123795878293186	-1.6160867238414938	0.22977536948518382	0.13137794990175083	0.17384041571694253	-0.7703603007571173	-0.8736519476818885	-0.6221694097396514	-0.4518802007451303	0.4956590745575535	-0.1826750739393349	-1.925849252140044	0.6305414170022918	0.042475714607948384	0.6091201919053743	0.16714713799334724	-0.8408271672151045	-0.5569079105141448	0.22756179052976397	0.006424147282866672	0.2796990816295108	0.44509881488450725	-0.06906290593665884	0.3732251995582966	0.6523234583118586	-0.2799846924248861	-0.9067073997985995	0.4253093265114758	-0.16161830552011613	0.3380358209517267	0.1914730011262267	-0.23551164073185438	0.3769492065794061	0.23042415115109532	-0.46850667579887456	-0.011678749054905369	-0.35955165825976954	0.03391995844048343	0.03866922789798475	-0.05640260782241912	-0.05290613623204397	-0.425912843956496	-0.06487273923959466	0.257482641789196	0.09189903611015943	-0.38500813438648335	0.056178871415560876	-0.30859094272098625	0.11146091873073359	0.19932708791053777	-0.2022470166008582	-0.6257617660515238	0.7113454289480869	0.3778006327869822	0.985308936281498	-0.20249611578658047	-0.4488448776522135	-0.20028630067954425	-0.36232654587233654	0.5437250187700815	-0.8187949645793611	-0.1417018540882205	-0.35763168632468034	-0.4740307754709592	-0.14798575666856056	0.4368438653685014	-0.12399843917737062	0.057044720242998226	-0.011220588572770356	0.1533752925531691	0.2987546093236848	-0.6867895992909246	-0.04255120037296318	0.45307360103118305	0.009855497627892866	0.008263540418681391	-0.11030489179037509	0.3276835237040825	0.580906252471694	-0.46918552740299885	-0.5052995625698294	0.3932586533475238	0.12587931217169407	-0.28571093727943275	0.22675012317589066	0.012554726400849005	-0.23235163097873496
DTXSID4048806	4.594108193365581	1.0155955456649837	0.3034582746768803	0.9751738670366938	1.9734233798221181	-4.150417431912593	2.014907691744245	3.315012896709184	4.592288395742785	0.43414637083607405	-2.900657211397465	-0.6536047221255552	2.0734987425692974	-0.39379210753331706	4.641623374686344	-0.38518139045017274	-1.6812891888139982	0.3756469736299785	0.77160049142856	2.9735249547282563	2.7195330241674225	-2.071687074598593	1.7011799443551547	2.2615967049863754	-1.6287751633742622	-0.8027617811479554	-1.1209427574082638	-0.21959095473825638	-0.526144994723132	0.3160803563984682	0.5251782785019032	-1.1206088114558654	-0.854959111410862	-0.47539577464234534	0.31781665657170277	0.15247596689671267	1.554188442346466	-0.46055538626995857	-0.34608279859973284	-2.5441429226470857	0.3937868380856922	-0.44504582852698016	-0.7350018995087522	0.13479432015915366	-0.11617738948952812	0.37551628794710745	1.1565205026294445	0.6620896785313496	0.10894943970392447	0.3614832618296458	0.0017814695740458097	1.2442828883001196	0.15875610114964714	0.19057311843416025	1.9251518583512597	-2.1035279029034424	-0.3716514847209499	-0.4776534099091569	0.29708969719163414	1.2742751560593966	-0.5915040860368768	-0.0040159124056327765	-1.9879306908436025	0.23673550792775147	-1.4289477173067309	-1.214673157392513	1.6365083449687217	0.9207549630996459	-0.28457945184193245	-0.4403302504756299	2.156806376068539	-1.1559016022880726	0.38060275015463085	-1.0724547643013997	-0.7648359747206774	1.1407345871372958	-1.2776392092817495	-0.3653366321146894	0.785673665881533	-0.919870666821943	1.6087622270352078	1.199742021536401	-0.5085725427333373	2.178480320090201	0.738639793396883	1.0376890036856243	-2.6513727283368245	0.017267215856155413	0.7467657689277243	0.08533942943829427	-0.14818925665704824	-0.4260672850382235	1.3367053735804268	-1.763513595802532	-0.16263260980626637	0.5151407501395975	0.6384497913329193	-0.05146671194679667	-0.13664445077598888	0.06835946342835786
DTXSID3048863	5.687565317635793	-0.49599734269052176	7.64404339900622	4.227827271500081	1.6869541378286181	2.1816702522995355	0.9177092429411348	-1.3418594904457568	-0.6150248880463192	1.6850883554715104	0.3497945325543153	-0.6978706795765051	0.04478327399184135	0.10594715778274261	0.27959808607073033	-0.1878727877362212	0.23955904545487278	0.3820669470191152	-0.2433092250016481	-0.7498666128819155	-0.2355091526830968	-0.4332974448934201	0.9049283683222978	0.7726428825254992	-0.42257183007558197	0.011700777881649848	0.48250041733580035	0.5499238770144178	0.1549156464431538	-0.23631986654867998	0.20694635108333892	0.32713250072805405	0.510778515278888	-0.41595350315839097	-1.3323018925658117	-0.48251945647499805	0.34426481132275955	-1.0185606458156533	-0.1129499297372406	-0.22099509008912596	0.3742731396018764	-0.2359971868461387	0.5111531942839804	0.7998545899942875	0.4342313717038896	-0.7836589466535131	-0.2879183381355372	-0.2890560044343982	0.19064201064736844	0.2284499093035844	-0.03632085566584868	-0.47526561975653486	0.19598163449171777	-0.010900575501746078	-0.020054213945914206	0.10192754660727937	0.07387382929254399	-0.47016029206461357	0.41114672565380184	0.4960610902410097	-0.7152086603221063	0.319961140441916	-0.19096539865122353	0.6677018631649626	-0.7899915694248926	-0.35003915186478074	1.6469735644091468	-1.4710488008577112	0.16586013061740476	-1.3372092188304034	-0.6863887242284732	-0.8537082870026892	-1.024870386496875	0.3912318539379163	1.3725348970937588	-0.09067293128521722	0.6760682383039727	0.9002909187013569	0.2770118757284245	0.2905574134407359	0.951088618245869	0.14856180675327588	-0.2675402245147703	0.04266415589361797	-0.4620419028755528	-0.20809300633449349	0.6551130864548352	1.026832511178338	0.518508679953055	-0.25338907342086414	1.28710077008533	0.39698586495214094	-0.7438953253618488	-0.3273463765957224	0.24417970204401185	0.5111998480656413	-0.35347691938741066	0.2920888898987932	0.3111673952386674	-0.08437543445669639
DTXSID9021390	-5.942692879759431	-2.0739885628297197	0.10510591269475547	-2.525599482630096	-2.112421956373515	3.85291762391262	0.4256643042548766	3.818907536479886	-1.2390484857385882	0.6453922888696442	-0.1267714417825663	0.30730212727116196	0.5038723692093803	0.038052832964505665	-0.3142761255592532	-0.028446232169872063	-1.1243792156421575	-0.4654629225407082	-0.0069845916151989925	-0.033590054274195764	-0.48294333222547353	0.08876040259885336	0.11175350860350307	-0.400425148612232	-0.20035090476434644	1.485058612268726	0.36494101980722166	1.7224014738530564	0.3310880713678487	-0.7631487773910302	-0.7183667287887192	0.26610319792751486	0.6252330562702929	0.04726541551923578	1.4720944219890277	0.9180573864532987	0.4084501048536271	-0.5639036821040214	-0.4361304392469947	0.4232772231983151	0.5013865379226078	-1.0431645860460013	0.19701287778869495	0.42129686033807434	-0.3175152258036034	0.0517332251077381	0.4838054455448781	-0.4100213669208304	0.291262055821873	-0.6399253476677929	0.05295970640683088	-0.22414543156411196	0.48586099438282276	-0.12625856064903174	0.04567343559186888	-0.11064469004199581	-0.41538738112671514	0.5085642801374783	0.13474540922478906	-0.9160486600778858	-0.5980169239618999	0.0563422478405139	0.14481177678507884	1.057093140863161	-0.8132452865105256	0.3801312792336291	0.6882323641154107	0.37859594990795564	-0.4334798242021444	0.16177925517057068	0.11357482853639479	0.07034420008575314	-0.2700282064862737	-1.2715308565195493	-0.028199075675793155	1.4674126653746569	-0.3427714789236429	0.39062202067560226	1.557637511429437	-1.5330794127093204	0.6743177642902007	-0.37981236951612335	-0.015714902506274334	0.10934886210362828	-0.14732213976540873	-0.8145056041179505	0.3968910677805759	0.39763113362788355	-0.4761603281961557	0.2938474300421855	0.20244894869727462	0.33416073824540937	-0.9050439017736415	0.048930422374032986	-0.17640936683230102	0.1415275151969611	-0.17979006093059602	-0.1503491602030564	-0.020725016540666184	0.05603892763289715
DTXSID8046036	12.262423189441641	-1.7892962549534512	10.515663870565293	4.616225239581912	5.36256132010993	2.9632545696662884	-0.153147632935241	-0.6419263271332453	-2.1802829188200668	1.1328212786024205	-0.822402355259341	-0.5453523380858097	-1.6258872899027423	1.5609680387155505	-0.21651521267355522	0.9032059639157944	-1.121630533834301	-0.027347541748065644	0.12802625529112963	0.29802680809220883	-0.11837190251110907	0.3120773061705126	-0.6864482279415005	-0.43978114916919403	1.0990837704954561	0.2685035900136682	-0.7502252980584713	-0.4653912487200837	-0.1022985707895607	-0.20282526452040056	-0.7179198670956906	0.35582161583446775	-0.6649456608873795	0.24301841561470744	1.1196535136421413	0.5949714367849974	0.38188271373081945	0.47967594576892947	0.31651490159673534	0.42323841552010505	-0.4219548921815773	-0.31533937366239095	0.016234702185851872	-1.3417924688980174	-0.025560782669147603	-0.13881864748256662	-0.7599096518832655	0.8300344809195973	0.28077589521459445	0.30348804704008814	-0.02531376853017748	0.4554989433067055	-0.021454891276073144	-0.3686326837462762	0.19687171179049573	-0.10609753612533128	-0.02230401114004518	-0.1714632851117775	0.7541667285933711	0.14185691738139655	-0.3873856369246339	-0.32365742482981585	0.17705377861331048	-1.5775047043042003	0.720119997900567	-0.193195464210005	0.7534076951298881	-1.0598532434775816	0.26005879409426136	-0.6246719030327124	-0.20451198597013578	-0.38475774445253663	-0.5675795362592466	0.3103858933185404	-0.9693695622114471	-0.1544956422915284	0.038948899696528066	0.7179744168661695	-0.11300291542530949	0.0016913634225930007	0.5523230036124868	-0.395448772878984	-0.22925013095093885	-0.27003772020860595	-0.29867579968761915	0.06334925669688257	-0.08743162072746535	-0.573614913034113	-0.1096913283069669	0.057262586903305344	-0.1810681028721318	-0.28278285677607296	-0.07389763161103796	-0.24205362610752296	0.2633350132538854	-0.23878848024717136	0.2677792322923509	0.0017126630338459834	0.2565178373562455	-0.33365960676356027
DTXSID9057844	13.103952062509846	8.134115988845046	3.6718206664580513	-0.4073902783142143	0.8036296209344989	-3.027194806714144	0.35193508802801143	1.219436352083138	-1.8384317482405383	-1.667943297240787	-0.16823018281120483	1.6829075543895522	-0.38453982710828716	2.5338029413106815	-1.1981505520775995	0.0024416517088781554	-0.45325636845272754	-0.358746671929677	1.2041298689009028	-1.3784180254006149	-0.5769774121447835	-1.0647810471269512	1.3826759030039613	0.17339855826812567	0.1908711410797221	-1.4146723098248244	-0.8781011384420128	-0.40292275446958303	0.14963606246678143	-0.0701000723511469	0.9481606676841734	0.7825180635223179	2.0420174947435155	0.7895971617283165	-1.3325119310703673	-0.7869928382131472	1.938115056358095	-1.8438502427359904	-0.45728127118761275	-0.9473901747375861	-0.27201638679838286	-0.48282044991725576	0.10548582661615488	0.8981371393063123	-0.17032395364376296	-0.7296440038002785	-1.4745427379157319	-0.6068311999559737	-0.23942246247074803	0.07291364933357825	-0.12613888398883433	-1.0650767351624089	-0.30943531299841764	-0.047914405643635506	0.6733189135286969	0.4272568403568571	0.3814689597227496	-0.09483322706922892	0.592078339236446	0.5029175371120448	-0.7845013111411867	1.7526335468899146	-0.2656739094594769	0.07083231023781082	-1.6056395205581553	-0.9604736183208239	1.5452026321098586	-1.458812572985203	0.3137985824570185	-0.5963629543251687	0.17759698882213157	-0.864182658242819	-0.6007660471735493	0.5360419517290141	1.8643862594439162	-1.813257585525532	-0.053382401044283725	-0.04022496758062982	0.6113668414961069	-0.16296952104585466	-1.5663888452435093	0.3313126282332763	-0.23207764814984908	-0.944054880351698	0.16559690769619123	-0.354850972191118	0.5315406141823604	-0.06630397477217381	-0.6578380201637861	0.632072254481056	0.09601039433781078	0.4991713445276052	0.04154272403662062	-1.600750236496345	0.2368496769175628	-0.8941495217583325	0.49805658099320804	-1.0353126181058818	-0.15325304225047995	0.6347255899843179
DTXSID4048775	4.549131972350279	4.458712775772395	-0.11455699451752153	1.121867333096865	1.218654391812401	-1.3007266530531723	2.8745634786458916	1.7045092545670097	-0.39657570285706034	1.6508574811073506	-0.3094462028476735	-0.5849924939287912	-0.4087975992275438	0.9220661316442997	0.8371012074159069	-0.8279494700505373	-0.591752045096365	0.24928134770358476	-0.9322450711024302	-0.5418322033421846	-3.522815357022324	-0.7096197440602078	2.5827541098423152	-0.04151909788950064	1.916917242597979	0.01668819037379616	-0.6567061305814542	-0.9193424996004513	0.13817594774555692	-0.7843289813446908	-1.9809399713347209	-0.5663599116837756	0.11504685255102555	0.9693195789698642	2.9659507241298413	1.6751083388988304	-0.13341112350901796	0.400960155193303	-1.6860624482624267	0.22283062436412096	0.873197700211149	-1.0938916784201536	0.8654252286538084	1.1539309637718476	-0.5535460619191576	-0.5230211799880091	0.6082857137002199	-0.907384603710503	0.5574964644049186	0.06550485398592282	0.4104310625362593	-0.6202214771784896	0.9800331345588957	-0.9913484883770036	-0.895225126482185	0.13591174322369165	-0.7324391786777789	-0.01926285421831796	0.9037909835317601	-1.2961747732932078	-0.8295344683864513	0.07535074698037288	0.7316802132576709	-0.603493524252905	-0.3381306632358044	0.42524683878322067	-0.21319735933906384	2.375042427294185	0.598714864442879	0.34083431044499946	-0.9394916528153896	0.7707612295326162	-0.6051371813445732	-0.4185272919791983	1.1021101641690185	-0.14847392880301835	-0.4285954346169196	-0.336725740230345	1.0256055528215333	-0.5594224191425939	-0.6376415630139057	0.5168966913046583	-0.18422056907597903	0.613770278063889	-1.6197051862343115	-0.40683947507967877	0.48590455451698134	0.3417434990575334	0.2541066986514203	-0.5117850695887468	0.7416771611738995	0.6827599440178513	-0.3404287645280825	-0.08998239131758548	1.5108041020967662	-0.3519078995086577	0.457058746188822	0.2354521901097829	-0.3908485922391377	-0.48633774602944013
DTXSID6024624	6.365453869001843	2.442492651360684	0.7967473340913772	1.2930389349506164	-5.706205431142402	-1.6879814162393025	-1.2840005585459082	0.4316808043069012	2.6792882803698586	-3.3761981765174442	-1.3272023751343478	0.40197973912650237	-1.6172393118355144	1.5977942035091601	2.2321561452739145	-1.351739733457522	1.550436331959812	-0.19980327230268147	4.615938307020804	0.42949176455390775	-0.7629004808800303	0.9436512995909493	-1.3940989607276595	-0.1774172638281112	2.4400574555342476	1.871552949897868	5.067055882196917	-1.1227946376333313	1.1496687781730228	-0.6420612776825271	1.7510608717023657	2.9610639308627165	-0.9823599123220637	2.6419311227464974	0.2262617754466877	-1.6719665996408162	0.4375572539713143	0.8994777325628165	-1.807285845214725	-3.849288673733776	0.4062811228924438	-0.5550342432893702	2.5665860150837565	-0.19280662926635556	0.8004538197241895	1.146266418519131	0.13856744759052	1.026547170900639	-0.42183074559215705	0.12745883379356165	-0.21646956593431627	1.3580882971169956	0.3074177858278688	0.49026281741600103	0.7162801102037519	0.7080911892483838	1.3760852919204214	-0.45299313256840823	0.7889605855380705	1.3396201939064718	-0.15517340659234452	0.3169379824006114	-0.34480524661958156	1.0195433446357818	1.3649583452718044	1.2523441565329088	-0.4211341180149611	1.7267973712122004	-0.8110050024227107	-1.4384623360509794	0.6299094798201228	0.6795391184203537	-1.1631053912108846	1.4096974103591067	-1.5045087580401977	-0.6507789033159316	0.6250351359699359	0.8357835156833113	1.179467244177204	-1.0834228026438213	1.026910473522213	-0.3113459558923531	-0.2702932864018327	-0.19582437615133896	-0.25542708116801954	0.031191968777024563	-0.15194826383590254	-0.5503157813463071	-0.9211930323900149	0.12082912303828709	0.557186934426411	-0.06717428268217344	1.2382168688458464	0.8372541120392055	-0.17937452767800216	-0.025097651262668257	0.8401505391021439	0.14870806892485977	0.3339369989802416	0.31551136539690633
DTXSID5022857	10.521723438799446	-4.134326011109141	6.878767004513639	6.136249394551875	5.6835035686908615	4.0462352132201245	-1.4445328731684757	-0.9145194045754845	-2.3338408438795133	0.7718372763790102	0.22406049501472058	-0.9530319849222486	-1.2961096511135097	1.0759218585450179	-1.6360398320084537	2.36665050162323	-2.320700827941433	0.7237433586220792	-2.707437914191021	1.4314831069739031	0.12914460589755072	-0.22608946992776327	-0.35560777507004776	-0.29440241695084424	-0.03540697753432148	1.4135094242447377	1.4908990075340722	-0.6909821869885026	-0.17927353017714515	0.5989064238403955	0.8745000674513534	0.45414145399049477	-0.40000328944615143	-0.06206812837527225	1.6412107940223322	0.8210923647663464	-0.07293546426283798	1.0684928246143994	0.5272603511604936	0.05113633216989937	0.3358590781608061	0.23343241480543064	-0.27866761659469885	-1.7142239868319773	-0.18019027098219614	0.4299726243915431	-0.2401677432845237	1.2393257385179457	-0.08050592804715488	0.16156961377306758	-0.05834674839485886	1.053549201294149	-0.2776959033303901	0.17771297360879532	0.22346846572376247	-0.5824375825012742	0.9044916606226677	0.1672846826940181	-0.36376431748246824	-0.03206724251519053	-0.4435723006730752	-1.0378006070984003	-0.5070461741275074	-1.705771602072718	0.5654889286416867	0.2960175512053073	0.8830098861617436	-0.4277739145229009	-0.11786903161519034	-1.1903389985426693	-1.2019591453008953	-0.4300703772235341	-0.4772261517946511	-0.2050760857834341	-0.3595543826150923	0.24026718467958852	-0.029668635360216092	0.5920851255541012	0.18131225268914064	-0.1897101564109017	0.04190370987996204	0.38987241540178036	-0.08585426553489481	0.10462491444237705	-0.108260791861406	-0.35912624191973463	-0.36665418580117937	-0.5420623768127545	-0.22786773061724966	0.04776411121523582	0.41449088896324776	0.028173340704932135	0.05259596086849531	0.4760085496975325	0.048035658269512053	-0.008193703952886973	0.8297544692367593	0.6841241030701654	0.20275358504866786	-0.021189833538170805
DTXSID7021150	-1.592767155424674	0.1405498546087763	-0.17804979347233763	-1.0774631335702443	0.5706698780243681	1.01670472130556	-1.6585667261676464	-0.6003367996474082	-0.20504996703585499	-1.4265935090545998	-0.4538293900655054	-1.713898588508261	-2.640707824485749	-1.2445641200948934	0.7764177472744664	0.10536531803910015	1.0328487349307596	0.19900596229216577	-0.07760412087205254	-1.3841070809734441	0.3358769835464441	-0.9600893300210332	0.9285535158224817	-0.6619673102506968	0.3835587668016402	0.023596362522192434	-0.4669452558571807	-0.9767010411628024	-0.6047050387694388	0.7753505404565224	-0.2841387278498418	-2.2047228056623434	-0.7700104016743198	0.6860209276147038	-0.5430709380686857	-0.6593465474594096	-0.5545919720726293	0.3213239757784774	-0.08004433509366085	0.4113821223283573	-0.3291197123335568	0.5830738855805415	-0.3662212252443888	0.11841087881601878	0.12549575902137364	-0.5618113571722932	0.49027217219877123	-0.19607326567040498	-0.6029761462559627	-0.2883960758835168	-0.01717650431682396	-0.12013585029123314	0.04601181514106109	-0.43234692653892204	-0.11505235209524561	-0.9619548683084229	0.21662014726536297	-0.008466493979801492	0.30567874586949373	-0.5300488709548219	1.705418875602437	0.339890442189827	-0.7472580132022351	1.1880936506275168	1.0722425982983033	-0.12918812362054005	-0.2456998109685426	-0.6668349144146121	0.429920811960692	-1.5810026587059247	-1.3055155181942848	-0.44397513769012914	-0.11629076282034038	-0.3089366446501882	-0.7542536693854986	0.34983771677167985	-1.993502389898583	0.8627752428367829	-0.21276627694067207	-0.6320951140507068	0.28047200067937206	-0.08233372390127774	-1.1867257364436248	0.02627376879960457	0.43044908733606796	0.5394324021603273	-0.18603577233564805	0.43134700060937187	0.5299892484444871	0.1562016887744009	1.4549809858757903	0.023268840194964394	0.19378121187321964	0.9451847871154613	-0.981713161443811	0.15091282251391464	-0.6091127792674449	-0.3119617890368712	-0.5997618767757141	-0.1318236845510348
DTXSID7057654	2.888205227247474	0.7893458231603435	0.6980937220900202	0.40586852330885487	0.4092146518311309	-3.021134221589075	-0.43631196778451964	1.2989322145143816	0.2746957275500869	-0.06355450223318898	-1.4250383934880912	0.043987604685109705	0.9168953867728605	1.8825557900184917	0.9749307848591967	0.6746961304767876	-0.024717266018148547	1.1960666917549205	0.16575825271600753	-1.4868839799193734	0.16197541821411732	-1.0518937876886594	-0.14190642961919137	0.7848948103699825	-0.3319063985223529	-0.20031544852238714	1.1803312477365904	-0.46300972467590573	0.07267622814100058	0.3509291553018512	0.23749764870571077	-0.9971417364189041	0.6842483430497802	-0.0328384265394309	0.483683225779833	0.0504320826634588	0.1983703286878781	-0.4630672399204865	0.6870893913584039	-0.04883765538157277	0.45820921815582677	0.9903269478314203	-0.345493000594812	0.9550540413244784	-0.8886977666824982	0.20284598517441807	-0.4308090814047097	-0.37177602131898385	-0.036721896997404836	-0.0071236431911386585	0.3067023428558238	0.13449686407790726	-0.048761190793348605	0.4487522339940682	0.4854264666222352	-0.928491224541827	0.618198300541181	0.4287506274089895	0.010507125705188533	0.16542377994350543	-0.12312293516510393	0.7930717330750356	-0.9327746292989693	-1.0264832121781036	-0.4938456583260059	0.07964188279577694	0.2727119169576149	0.4350386788203284	0.20470589406416634	0.1746434516761786	-0.09594269432143737	-0.46789695936970144	-0.23411465407373921	0.558143007028822	0.5197663068990768	0.47695547111225634	-0.4046609993518264	0.29565181494204296	0.14947982079935046	-0.7290828823178476	-0.0016901206294541926	-0.587999763165299	0.722715285970689	0.2512306946255145	-0.41306156515996895	-0.040322440735333955	0.5476167746444449	0.8729445139404907	-0.8591370776763626	-0.10792183131853797	0.47448344471923076	0.499598011813373	1.1502364876851578	0.09479054903501553	0.3230532367773876	0.1257653227664858	0.039241027961290524	-0.48384189126164967	0.037261123400689856	0.4168668874923289
DTXSID8045193	9.183586584901736	3.1563176235092456	0.4816869168755637	3.1337827217373295	0.2355440265188907	-2.3502327201548847	8.191601808507327	-0.5885870011305536	1.2557107312523752	-1.9808978013634913	-0.10859126172618543	1.0928614944893364	-0.6873128736333112	-0.025642687143729557	5.2109847534289235	-1.6257797474406168	-2.9863045446138834	-0.3166328030545284	-0.6538395409819378	3.922204876984543	1.1947626001260365	-0.9346126315765615	2.6743541629048115	0.2045403413744368	1.7595966075125726	-0.16217995297255058	-2.8941497093159976	-1.3099190843334476	-0.425769493411325	-0.8936551010253879	0.024669861707502565	-0.5837939283837423	-1.589802971299736	-0.9104319343538926	1.7534771139991363	0.16411827892548697	2.942580246863168	0.8665376565657364	0.5194304487492027	-0.579611914302112	-0.5322824455528613	-0.6446544411387688	-0.4444056480542115	0.24639359614588593	0.6539417534897641	0.41026272078277004	0.6113748544483473	0.2143242703249007	0.227440205787957	0.07407876182806455	0.2183495307326555	1.0808022134568325	-0.1695485921414225	-0.5556943042136092	1.1067066831442052	-2.8431045305562845	-0.7987791272139767	-0.37509412403239023	0.8309880452369779	0.9064857587641901	0.16902338694217253	2.0747646849940917	-2.395565775221709	0.016913350682706114	-0.6243074189557997	-0.8092775633904519	2.1849402245653815	0.7098553151199635	-0.7384419232486383	-1.4521795634209702	2.9131960957927863	-0.286590697998208	-0.147528922026566	-1.646485890950604	0.12642682736346011	-0.6404715405134002	0.7458880288306539	-1.69940770637351	1.9966225172895569	1.8925038893921828	-1.5910010391213856	0.711453789103557	-0.9501504934696114	-1.443584873319724	-0.04247220933474543	-0.6083020319895419	0.10383889919822792	1.7590235857668721	1.4797687464193263	0.48138309094941184	-0.9945604711760878	0.8397224069977716	-0.24823666837735087	-0.09453699968681789	-0.9846748354174082	-0.07849075088106852	-0.024935011726312052	-0.691624907928417	-0.16556405101247867	-0.20386594287745632
DTXSID7047643	-3.5725860369576816	-3.417420671334442	2.9420225675029186	0.2674796498692529	-0.969167606561324	0.4468848865641748	0.003872832700602839	-1.0576615917243757	0.647933803090549	0.7336223984570777	-0.12541862233042053	-0.20983457509577516	0.5263327237609342	-0.8157406748499376	-0.07356291426096866	-0.3343444245709882	0.41346022698507195	0.26004797257087214	0.2773317641871788	-0.21078102737520252	0.12312585007443445	-0.058881810758858545	-0.6514426405272323	0.08692735222418073	-0.6614370273047048	0.15833235144265018	0.16412915689927016	0.30292228767856366	0.426910789693657	-0.2873855966471866	0.4990685304935565	-0.22079211091764725	-0.45855778064169583	-0.41129086005675436	0.11106487280979324	0.3532535451158515	-0.46409158935230455	0.47246564758377424	-0.3147398942074421	-0.149441913570852	0.17585059748331122	0.3770409037212973	-0.21290478634283644	0.17978677438118595	0.07587038405263315	0.29688409931527676	0.3122452698419692	-0.5431776945392626	0.0570081200564399	-0.3913534194081075	0.03374920335936159	-0.18567550438289201	-0.13964572413526682	-0.0014198070962708755	-0.3885435284163826	-0.3279541614257067	-0.23459977356843043	0.12293470650800081	-0.19883635322604706	0.16250170024768418	-0.14787711747945123	-0.257360290218302	0.1042445674216287	-0.4604599937499063	-0.19689736561510277	0.13147478868711254	-0.501135444709645	0.16394056603249782	-0.14632163079555008	-0.3485640020503341	0.12960840981731742	-0.3412519555450093	0.48172663865789667	0.0688974968684421	0.14791593052024016	-0.009919310071518991	-0.08567436182922486	0.22570609909921804	-0.13341499809617874	0.13925573688725687	0.14800300465356217	0.1616388899285952	0.04501285900606225	0.05452802399269807	0.22647151826211326	0.5091410305973036	0.18397798294965217	-0.8243741109212398	-0.18670734351552165	-0.09764462691679474	0.4455241567056161	-0.22182023006972376	-0.545206660233343	-0.11997393537505757	0.5293370627464095	0.12922306820034207	-0.02725047964538085	-0.07802277385513794	-0.5303203262430315	0.40829917697823137
DTXSID4047177	-3.3423776779981598	4.337409385845709	1.413143101551861	0.9742648811166331	-2.506634045597016	0.0032692067419448534	-1.4561732055562882	-1.6857407071038149	2.2431740799634348	-0.4524375161193824	1.1938977798956507	-0.6636763802935983	-0.27922840015442063	-1.753071881334318	-0.5658593440911088	0.7248672448310332	0.04541300679936717	-0.11129934042646418	0.11013705393216609	0.26253495016339523	-0.413527512413621	-0.18626413872332703	-1.2705217272902953	-0.1869632451201788	-0.02313176777529523	-0.4053176989372529	-0.15288229624172817	0.2722595333117393	-0.1793124200455389	-0.09975170290695413	-0.13227083778149	0.6141341396697068	0.9933806498572936	0.5293858237213904	0.23966867499767253	-0.7083115851871012	0.1535013706122206	0.14694952809558529	0.5617142444421317	-0.5848402783608976	0.24735212745244486	0.20060095839111894	-0.510782452525411	-0.26168351621569114	-0.5039511061463827	0.7176941753151022	-0.06681595801473623	-0.15395946059135532	0.02979184521982032	0.015730310191222174	0.0696352214363379	0.012435710004415236	-0.21947047213872647	0.03313405677871303	0.3384309542796103	0.422254286202528	0.20987148932036584	0.14000377008320625	-0.38477526922013733	-0.19334854722642225	0.011406483518470125	0.7210810560995526	0.018720610530413826	-0.1442866110514179	-0.06863898748208203	-0.34018089348791986	-0.1787602302633613	0.7665553547288072	0.23312117187700956	0.5879660542496076	0.24939260990890108	-0.18218679791580394	-0.21059306446234874	0.07444903423544444	-0.25030759430697297	0.1371858658927393	-0.14783059410593516	0.4509720751500712	0.18846663281905804	0.2749765287159713	0.31557312455067044	0.4897920531071785	0.06003869085557895	0.5757385239541575	-0.21596579717258949	-0.12291687675540165	-0.4624112485948387	0.33519588577488635	0.23674836506859312	-0.24655338186886672	0.11481079842554498	0.13972990573926847	0.4290343901875276	0.2364020589631616	-0.5795635130131527	-0.08482741967159971	-0.22878883641342476	0.5043282912172444	-0.7841397470750655	-0.5196677217917135
DTXSID0046147	1.3761887370989754	-2.578434385556818	1.0005813345647507	1.4121977292804295	1.7088908322554948	-2.543165151294446	2.538260916719598	2.875302521909525	1.7766656021020046	0.6448754710063529	-0.9220624930339512	-0.13606391576878724	0.8421722937302366	-0.27176035872224547	3.361020906541812	0.8881720663008582	-2.0418856982437066	0.7010376520958043	-0.4367322014443458	0.35319390695244507	0.21578203300307028	1.6930855591041538	0.21201079703192635	-1.49156423420648	2.1395439610375946	1.1951645366710049	2.792005750154025	-0.4394679563266017	0.544286328430445	-1.6949603434697362	0.8387463080704742	-1.09768023387468	0.21249874576894576	-4.824174443173252	-0.9092034634312404	-0.42188995680243446	-0.3463378694019205	-0.34893560305877985	5.756137868852762	0.47184965857284306	0.9161993118114682	-1.1830910322000041	-0.1584161004122397	0.9242339458691512	-0.31869973722430656	-1.7015032668981886	-1.532007787721778	0.24886149716017902	0.048296238671197984	-0.10243435978422238	0.2199671648435557	-1.2493594412924922	-0.0647203799432573	0.9532847625708372	-1.6335049819761365	2.001220005717902	0.5360021875462785	1.8456664052357812	0.21264457130964942	-0.6071400595840732	4.390672420258441	-0.03645520457501099	3.6900996915857593	-1.3621510456473265	-2.3054785511234757	0.3297409578773178	0.27230575174778027	1.8417383134137806	-1.416443932141866	-1.3467424308841809	0.552939283229725	-2.2766970775123148	0.8230121028863394	1.309198077293635	-1.0531091188197705	0.6022858122337376	-0.017538385763513537	0.0575939467964833	0.16813536422479128	-0.7883804282690513	0.8468441594840986	1.057457507685263	-0.6131349064157998	0.7068550203722764	0.17352857815513734	0.4181987706334356	-0.10293967237665727	-0.6660963326841581	0.5203691807642922	0.3810310692431972	1.4391085238743166	-0.03676590472085317	1.1331316770828461	-0.5800402027728921	0.05023043183314487	1.7778707056391032	0.46798303928250773	0.07597512869895369	-0.22214866122196628	-0.2705863862215305
DTXSID1034214	10.34650066389999	-0.5780857044796212	9.91122155190465	2.7192042521460285	-1.0264509411262919	0.780692158386302	1.732406546504004	-2.0930083096826144	0.05974543985015344	3.5479747500005296	0.38406270906974005	0.24366340612734064	1.519330617236795	-0.8763363795649977	0.25333096726950655	-0.13456078578370742	1.298215612352712	1.0089555908614345	0.281849077211516	-1.98281108309888	-0.583171499864667	-0.9193315142397308	-0.35588472648605124	1.1469269796637067	-1.5008543865237998	-1.4218071029595423	-0.7721859071452735	-0.21605177653908145	0.5513280182945732	-0.6416671886836666	0.29460525059854176	0.9554105141004103	0.5684849672750409	-0.16575593373491895	-2.070307742863538	0.2914932988005886	0.1688504171783806	-1.0766988309821266	-0.9424919595617866	-0.9369778784766618	0.2646227325685607	0.061435350432684055	-0.10321837511992733	0.7622225427398497	-0.20648697431863264	-0.5154900751168403	-0.8992603524527659	-0.3863221310319556	0.11947169834311526	0.21822448668331143	-0.27065664536452744	-0.9385318679960382	-0.2632308769223718	0.20403970882167655	-0.47317476806699205	1.0860816890225444	-0.058849192430788476	-0.13797862934758862	-0.5775302489957478	0.8335280165988013	-1.251435652407186	0.4069442839184105	0.8491783321537097	0.35059959824763837	-1.3826232631698332	-1.254978516394958	0.793610165809921	-0.8140201160876751	-0.33197903596718104	-0.8786053433719173	-1.136315532807236	-0.5200355360792487	-0.6372560028138861	1.0510202714469563	1.4881889220818014	0.12509591772717318	0.6670329346902645	0.8930755457781987	-0.3427427416397273	0.1375561875042561	1.3511037215919761	-0.46808339237710617	-0.5398421120787693	0.3427170743879008	0.2361048620595832	0.10689281098364008	-1.6097529724171233	0.3278997337701042	-0.9680425503975274	0.7597992730711787	-0.12240166232853474	1.5357589955185476	0.143309921127022	0.43160269128753	-0.039743128289489706	0.006202332644025298	-0.2620787946345226	0.2723168581893117	-1.7807865569013424	-0.5498743451557992
DTXSID5045461	5.990703073348309	0.31595588468112756	-0.5664981830009881	0.19604412530196086	2.6465031914546966	-2.1462522236869814	-1.0529289595295688	2.334382626905995	-0.8786448574014251	0.7119514897003666	-1.681862572035119	-0.1977330540758029	0.7892838669129445	2.1360534203882318	-0.822313339360241	1.9961479164037639	-0.8702543491364122	0.6515534170811244	-1.0427447303314865	-0.4256384104254598	0.2718051522860161	-0.9149385832637975	1.8439534822127452	0.1033921956668547	-0.1332172972174158	1.2876900004370029	2.234855264711868	-0.9881782168962786	0.2779733499490502	0.4111522019507488	0.1485284194562384	-0.01897793719069992	0.7688864791829965	-0.05844535252463267	1.4770240834192996	1.3317388828305323	1.0073968200839882	0.32973535833245443	-0.8576709140606775	-1.0349196633088833	1.4325630383981391	0.38793615128852776	-0.31566546936507445	-0.6648929313759818	-0.16537877150943328	0.8031361015282973	-0.10024782276289003	0.6875639927106869	-0.11570169811832515	0.17884795589410285	0.038638096786845495	0.5719281334920814	0.3133624745757508	0.568053010965085	0.11052971437008521	-0.0246032830166922	0.8261238289700081	0.7489793367621824	-0.59254899442509	0.5557651814996603	-1.0173637492574539	-0.25356631066529	-0.14659873196600967	-0.9133663639917818	-0.8689427966991473	0.09588862724819518	-0.17680471857309046	0.763763622201994	-0.2854108409110421	1.3401437441569326	-0.32329700789624977	-0.4095543707450209	0.16737298998916736	0.23346742435240744	0.43403650337657096	1.2652178128739187	-1.5342279141376503	0.6260015014834605	0.1719826525233239	-1.5849586103760152	0.08828958828605186	-0.00927179580829883	0.1268802832340744	0.478612774727582	-0.20126276653758274	-0.24847550020391146	0.84302269590551	-0.3195545878608926	-1.5653938413200494	0.46671057511010183	0.643043587876113	-0.1627961902749564	-0.13141458677987705	-0.451053083071474	0.32176063247717657	0.09199901116028025	0.4694491586184121	0.1707792703232997	0.6440892265886478	-0.4742800919109322
DTXSID4045765	-0.5586518269877518	-3.727984210347212	-3.610842434918978	-1.7849773408288838	1.268807552717465	0.6450815999522196	-1.0687097515039934	-0.18922197554833506	-1.9844535610970422	3.5072053154237475	2.257749936391229	-2.213202428341532	1.1010166379867294	0.8555076424723975	0.5425239970185444	-2.0379348247321603	0.7660380967759368	0.010066109885543897	0.541004145041696	-0.4861809980655773	-0.2669105335912732	0.3408546569570054	1.0713814006593039	0.8425608591237262	-0.11321107843557551	1.0176281891052708	0.28753112075848297	0.27359872082634173	-0.247334942871689	-0.4693202123230485	-0.9724163313952693	0.6381169606550174	0.4436031521877711	0.9770734615411925	0.36039147582413883	-0.8928683775518195	0.20283356081708329	0.0642950818164625	-0.3363633498050249	-0.3471040513513739	0.3352642630596617	-0.765915491644349	-0.1783658103672681	-0.210719596127371	-0.647151569289682	0.2932017559939216	0.16773395131287627	-0.6736405091890888	0.11128634737143629	-0.5722449420648603	-0.00898646179521693	-0.35865229800017484	0.3404702326519618	-0.2287666566910231	0.165332421494122	0.11048670426773399	0.2957558735723498	0.03301811414115428	-0.47086229975596766	-0.43962243488442176	-0.5116340939343165	-0.23389287623614866	0.05814580573808076	-0.10990220315958009	-0.12406414151544415	0.20074101966305732	-0.558407190526683	0.437909986457937	-0.4780814509717876	-0.3078852632463862	0.7369532179783703	-0.8142723281304577	1.1240686972081342	-1.4827856316685288	-0.44382415419954363	0.5519609828745631	0.3024658825411099	0.27246764321294875	0.5163986408033662	-0.1447727084770588	-0.4271285694697921	-0.04069149568772561	-0.2918091537758801	0.49082466598556534	-1.4128492343580716	-0.5794235348932633	-0.043519431919773886	-0.8738820523813574	-0.30350490836564703	-0.2101062173195216	-0.6619335958662084	0.4914728003927361	0.21570878661526807	0.20799539656788482	1.7865204639999481	1.1835837518065828	-0.766797305590271	0.391393654826743	0.06952471792395638	-1.1439481281574186
DTXSID7020922	-0.9800359229360722	2.4360948427315066	-2.7752973252629154	0.9738871496747624	-0.22916275338439124	0.8076955058716214	-1.0605170219961908	-1.3204314281960896	0.8637978211959149	2.508825221331899	0.31959622763197604	-0.2114230764855046	-1.3856797977285484	0.5210168224493033	-1.6423698076176854	-1.1777856190950757	0.5299761200284981	0.15184129637055813	0.33372472376618767	-0.1464419253243597	1.2555748194317446	-0.07633370709090126	0.20784942711978005	-0.10249913952528246	0.05106911917507014	0.7207200624871266	-0.6236665642444346	0.3138474690303531	-0.34919428788765744	-0.0826912649394418	1.8752732163222712	0.43977392499946155	0.18854495108269242	-0.2521707326966761	-0.4331648013414964	-0.559536512409765	0.2881991288411939	0.7397164975918789	0.12475293121215467	0.6567840253516392	-0.2146060592858849	0.34798483162938504	-0.06073207608590006	0.13215532872563474	-0.2409681883769037	0.20069650246782855	0.23887299381684513	-0.563972145089502	-0.09539037345695259	-0.23782662692306306	-0.10835660588481744	-0.025537746060181273	-0.36883274243190733	-0.03686077942275416	-0.5123589323926006	-0.06380995408899809	0.033376273548569715	-0.007115091632327995	-0.8437021748577389	-0.5758463908741136	0.5798766984528142	0.302739430119389	0.2228051843003071	0.158425996285473	0.20196794865235615	-0.5188096776947383	-0.30143936551642353	-0.399128873649689	-0.321730295078193	-0.12003950655189234	0.42244697848455276	-0.3406270904906994	-0.17295350323498548	-0.8343936973742568	0.48659536726687697	-1.354096814336928	0.2560901618716601	0.49694195429850146	0.6934025027319257	-0.1507576629755108	-1.1134992051507195	-0.1556926073622488	-0.10165916187876711	-0.42508043725454836	0.37264988697555057	-0.2501992035112654	0.12055100488898748	0.5708720217104349	0.2095300743270322	0.7660582371071873	-0.17994598893533995	-1.2108096523508534	0.7326330343558644	-0.15504718476214754	-0.7554727654084211	0.5824520377241531	0.5206664743360505	0.929584443264406	0.04464288612478757	-0.351504721015751
DTXSID6049270	1.537567205439931	1.9864306546021027	-1.416824739571963	-0.2611171570173327	0.024983987280798828	-0.8189660903220112	4.243479314729025	-3.018373322685441	-0.01396452018802368	-2.5897813959947458	-0.7558867405476641	-0.863204756159143	-1.1879134241199125	-0.9074138424996668	-0.08107372277858954	-0.9645061476985636	2.3807757474947437	0.5096634981062637	-1.9093427296329595	-0.5865088302583608	-1.2407304160782378	-0.9588357275484233	-0.8797273070150488	0.5875876846161422	0.5311195278784614	-0.5066858108619118	-0.19854806712996328	-1.3777874035374655	-0.500126287706942	0.14988823945267998	-2.7166811274818503	2.2505057330208476	0.3940903212587242	0.5851686687266966	1.8422175271355488	0.6871492284432335	-0.7144214473285327	0.32139745701317224	0.7800058495711588	-0.29482390166242395	-1.3465144297388798	-0.5329246898881906	0.1354437734303735	0.10765970878000271	-0.49190767122879003	0.04952083244838417	0.8985456652929018	0.033809858718516585	-0.5577807464329725	0.19064307235355382	-0.37078596718191775	0.07034688542585216	-0.1593841228654948	-0.5437148337772767	-0.054308081938618115	0.6017739631641469	-1.4340210662333572	0.1986391515262038	-0.6182012256142039	0.2122065697774848	0.3506756673747504	0.8765247444702956	0.24551978616168663	0.941387795430814	0.20532411235890752	-0.2179897162191703	0.36253284776755507	-0.1832711128204957	-0.7204535512471015	-1.1918738882020314	-0.19060861829638717	-0.25613880822361174	-0.6708991479230865	0.23438642250959232	0.2921892330409963	-0.29963075382975984	-0.058989778126788774	-1.0315058904406442	-0.2858042913911301	-0.28952214306411644	-1.1118180889412983	0.08311560919370002	0.3604607678027697	0.7224610376384796	0.13837011531019414	0.0053642188823509115	-0.46588643830659776	-0.11389051406941414	0.3117657549006153	-0.12526549375009305	0.10383121890154304	-0.6712069659416064	-0.2698965318322946	0.5342507155948438	0.6045004377486152	0.5996999628276819	0.41944067615977765	0.35913170601622685	0.04889823272298554	-0.026153879955105156
DTXSID0041274	-1.9877981332603547	1.5084332456335496	-1.6175263192740144	1.7310270526773206	4.599420286485776	-0.9018531407550228	-2.0268399442552196	2.6704169233378514	3.875502756185558	-1.2479368475272363	-1.3813810951433338	-0.14940881803914485	-0.23795544744493655	-1.33264787707097	-0.37377763141816733	-0.5300308573684549	-0.4262344736360188	0.049317460774506924	0.3943905838657639	0.8546894552557983	-0.9175323331159856	0.17857401082813942	-1.1067676187635513	-0.06812998215507486	0.2186486520066375	0.1359451765819786	0.0536291285833328	0.5572792707657171	-0.37819719055462253	0.39092884142583095	1.3932551238479758	-0.07603667234051334	0.3767129094137427	-0.6904160395162325	0.010150874200514531	0.7709033010909623	-0.21798408434219402	-0.07161392894364199	-0.16040086798118802	0.7735861030470375	-0.4948058293609263	-0.25424271947047294	0.2834834291752009	0.212465596911956	0.716410208494271	-0.6097913965341026	0.5163941199062275	-0.7570604548694447	-0.14986496471152552	-0.28677350093711407	-0.14429091764161303	-0.6244665846270534	-0.12600045229788626	-0.3000582832779943	-0.8253540637711806	0.2962164709619653	-0.776650172739985	0.04100258774534591	-0.3597680464585201	0.33613830229559777	-0.33165441914609833	-0.3915858022473203	0.8588707024178521	0.8365837618625672	0.2441288306895393	-0.37019931409768636	0.04184400237756038	0.46501667922468115	-0.21302311227893184	-1.113543143842796	-0.04135241021743541	0.19190268853178244	-0.15941343494490576	-1.4247018356834766	0.9721029440233018	-2.1069798869711187	0.0563783586428063	2.285602051240138	-0.18569913516453815	1.31772292284332	-1.0667848169540286	-1.4468500943698426	1.0637896859559717	-0.5045634341227127	-0.775971337003156	-0.9113427850083908	0.7472471398932187	0.20013030768699597	-0.6907063107090925	0.10831993986577267	-1.011674323466532	0.335846053187221	-0.9388068703918682	1.9000278131163706	-0.0013547490611789965	-0.526590550765539	-0.5547431169941794	-0.24598495321042854	-0.15297265238042002	0.16899568962630482
DTXSID2023727	20.881300335985067	8.617503744042427	-2.9065951908314367	4.742839342727951	-9.9316211589802	-1.1385089138185984	-4.070928781475234	-2.2862541672608145	-2.7126808362242065	-5.1448559244421155	-10.670192459820898	0.7723865576607635	7.447976882962444	4.398392138286427	6.6977488557364735	-1.1034739644653027	-6.007827066694934	-1.5292009986763533	2.4135668770880905	4.242752306935652	0.33845521501010617	1.285968273238504	-0.6359713461616593	2.385907204004969	0.6770899204076108	-0.43753390462679026	4.89285386149426	0.8999633066766045	-1.8842739925133003	1.161214343779521	-1.1510707780191085	-1.8903202199306284	5.9926963949777665	4.560489392767949	0.9112694818754835	-4.234095692974248	-1.72481178544127	-4.32861671875582	-1.1682998259333286	3.6438093573381036	0.35957458941235915	1.2739272940057769	0.5984563649433975	-2.8267361367902115	-0.6304523549181057	-1.059382754503145	-1.0845046510664786	0.8453166239397794	0.18540108982427644	-0.5935668651831214	0.11757658855441132	-2.4299555382050815	1.5081233149407585	0.26208043979225626	2.0801990949961504	2.2062139050489598	0.23431124215338214	2.8315593920506785	0.9771599123611927	-2.7086196236564755	-0.9119395217845901	-1.431064446138186	-0.0930616241520769	-3.850779114543063	1.9424709286395772	-0.23975254348324673	-2.0906356886018935	-5.4342276293130825	-0.6969672647691508	2.0701788503170033	2.8071929260156385	-2.5361759972170637	-2.667789123534432	-0.38260294529123623	2.4375265349629087	2.378225766448455	-2.1067702231728225	0.3825051023514456	-4.303763463794875	0.4372567989068473	1.3849547167039233	0.63753677288461	0.6315547617573393	1.401730986314324	1.8249869753655792	-1.665935958788228	4.8975903004452865	3.125698743390302	-1.477385365815201	-1.602491982361769	-0.2653096984545899	-0.4555527827564072	2.397400101916303	-2.089072683670544	1.50133555748696	-0.06794909033831045	-2.986130885396026	-2.1535684980910923	-3.213442524791476	1.444888611991429
DTXSID4027076	8.362833200895754	-2.7381110699713713	0.44726248041129824	-6.686752961339657	-1.7855876582862773	-5.303219736440206	0.7088950160779832	0.057778704168168354	-1.0308498194743407	2.190204367229923	0.044254614846021875	1.7731561729191019	1.4108334199582016	-0.3203195898252999	-1.8972535733890226	0.9720913706452732	-0.731430903742179	0.6569676260961169	-1.0412712310258405	-0.45873699696807196	0.02220045387959972	-0.11464320479355856	-0.513065359128691	0.21012436684964492	-1.6074208362161357	1.5530359135953746	0.7029875765974668	0.7087109257028881	0.7637308604285681	-0.7018390743568417	1.70828015585357	-0.35779925676476637	-1.4563756173059177	-1.2224954474269518	0.2767396037871124	0.47843226503726255	0.2875863833552171	1.171643448312202	0.5169794138463459	0.6144317970668023	0.024311246437607566	0.3605482453738583	0.26053424238337103	0.5746614229818765	-0.15274022793080874	-0.0029486716566646397	0.32411932563604295	-0.21881800735825252	0.18859001753712512	0.14320897645601652	0.13196958593570135	0.28746789328143546	-0.0959911700391528	-0.0206479246141321	-0.3495210202403122	-0.1015544741650757	0.006595304301784495	-0.17074510885291475	-0.2797200433580721	-0.026907078483638797	0.3000213762540872	-0.2738911012837592	-0.02006479863558806	0.2331714114470669	-0.33177926404866137	-0.1390768572626399	0.8589537716041682	0.2606630933819341	-0.17946191053479302	0.41027648787494175	-0.4311434237929708	0.1474670595796521	-0.7982291393943773	-0.2830462648888987	1.4196176728108798	0.5384834747154253	-0.29440146490802593	0.7335859358489555	0.22691499816325392	0.9559919547659544	-0.00717102767169994	1.0827280886319515	-0.23790087019305414	0.03947952434729819	0.7193678485682881	-0.12909806116297495	-0.44976148982070085	0.8934623642012302	0.07111470273750656	0.23569442186036546	0.1266942195534569	-0.09921890023049564	1.4391138649720618	-0.02632278869981539	0.858438029923679	-1.204129297992892	-0.3813055231065481	0.23444782538658251	-0.44587673649835935	-0.2723829467158658
DTXSID7043952	2.5763090801959185	5.708974426813949	-2.5171497163392416	1.2521937656151074	-2.6237267356614415	2.1488475554702258	5.076432873607205	3.367217401957258	-3.974228989779586	-3.2385362520511287	-0.5256095230164914	0.1277110459583925	2.475391246550768	-0.5240466047744308	-2.783136442965264	0.7845657149436276	-0.3775780530198558	0.26827638675772164	2.9742475139701354	-1.8571974811265475	2.408671628362772	-0.03182819104828719	-0.7572943624787225	1.3908174077730704	-2.06943956217718	1.820042819996049	-0.43501203433913593	-1.672006016537607	-1.9993691600988044	1.7579352586295915	0.5266486599094679	-0.055653224620330816	-0.329832355296566	0.02063082525115848	-0.47574549844932895	0.4694428344004932	0.25367685509397875	-1.4191992960609634	0.9619190885920001	-1.1488556459333432	-1.2194880336800606	-0.7652594763628044	1.5954261457816068	-0.6840674583002229	-0.5957709308556339	1.5120175227816373	0.10418873498015337	1.4416555463475493	-0.5381026406132386	0.7590006464339485	-0.7944653613885562	0.5409598496994228	-0.6421181526460558	-0.1950961728030946	0.792207915679932	0.06590491334143485	-0.19344549823939605	-0.8442425890068791	-1.518711984063373	0.7459321244966386	-0.369526175405309	0.5097911488834804	0.8699735098878653	-0.6913872113808066	-0.5256537185980752	1.1550603058119124	-0.7459294402484395	-1.0246017660485054	-1.599686226012531	1.4060594965705346	0.6448719925942654	-2.25818326759173	-2.1457205620674538	-0.1699159842191681	-0.5603328785822409	-0.9726640763624831	0.5451686212142293	-0.6981654028300289	-1.220443412248543	0.5488463139586144	0.1423350841635257	0.7119322964821733	0.7319859292130724	1.1434899023919654	-0.34720733637353446	0.6820176503715861	-0.004209485097463164	-0.3791058174561796	-0.7799971949413839	-0.8050986139034172	0.32720283582133153	-0.27929579527000714	-0.0358180526132683	0.5568765261452204	-0.7175844161074284	0.49382037312965305	0.0913732340003992	-0.35105224141871244	0.6396240721177492	-0.19940736530026704
DTXSID4021973	-3.6396457160764473	0.17749989812414954	-3.0166957574513975	1.2626169851318314	1.4762865932048965	1.1782727393773544	-0.6760688375432762	-0.7960729998810372	-0.7525501130260195	3.1273116791855844	0.7751503557929793	6.739474349887933	-1.1867192935043012	-0.5208517436091453	-0.3441772602036821	-2.6385351586529024	-1.0260192791347276	-0.5864006101730516	0.7376670028132362	-0.21985425528738015	0.00897067019889072	0.2669052811682321	0.6488428147037067	0.3286148055768153	-0.8131029392302962	-0.21844226543334358	0.4736511183381316	-0.85864802656821	-0.25788294170200565	0.44915590596436794	-0.31413909907002097	0.07535447928611229	0.3686055259240924	-0.22892968752341916	-0.9233206948553008	-0.4652460378067165	0.041853132570613655	0.5600700311696902	-0.0506455376977656	-0.12493653058407439	-0.15538973766979403	0.3038488256867501	0.298174684419951	0.08937124881355592	-0.16498379573293828	-0.12514060554119125	0.25248975224446835	-0.014494426138481474	-0.07360966056940611	0.18747734276359995	-0.10340890429805072	0.2000155310579166	-0.07053747945718732	0.04440710023760094	-0.2205578036739852	-0.028978068427163335	0.15749943053727378	-0.3603007786927767	-0.2749854710148836	-0.03300290034099971	0.6155670246586583	-0.45147231629331425	-0.11980571698651324	0.13527228917336862	0.22823186586596084	0.00834927124536155	0.1814293050684659	-0.3968050921829126	0.23987048534897268	0.3878628281166014	-0.15388392023404224	-0.463699242243082	-0.15034648658038047	-0.029938683899753495	-0.06768555822015421	0.3130879301470517	-0.003750629922855944	0.08826712702547439	-0.639391138837664	-0.6871560695975227	0.33000113215168936	-0.20133803924814533	0.28250479326425676	1.0968921707655237	-0.11224607314501425	0.6149543766924254	0.656405307839495	-0.8156917675254556	0.9020781160294901	0.8032178577140698	-0.7589500448802379	0.4287466626326075	-0.01436574937596322	0.26004083981621107	-0.01846850552116005	-0.7660453258356932	0.14449821236575786	0.021128800612676177	-0.2006133475265319	-0.1398444384029403
DTXSID0045836	-0.7447971780205754	-0.23997367015887025	-4.815833788845215	1.7898727624746242	6.834880996336301	-0.04589804059661635	-2.634756473455972	-1.6021275673783768	0.6970943212255221	2.9142590548294995	0.7775259200063496	12.976122013795754	-1.439774298577559	-3.2306367478565248	0.19516297628404763	-2.8121997836129493	-2.3232104933218554	0.023211375051654954	0.7516629265594705	-0.4573656713744131	-1.5293810105913048	1.005660745592671	-1.0923081445636251	0.4676663159211075	-1.1735413783680064	0.22587964395492247	0.056881385764204026	-1.553033067794467	-0.43297063365727967	-0.47902716228611636	-2.1084573638853716	-0.5782552462938735	-2.544294995449538	3.4964326390581073	0.1248171898413315	-1.6798708645433407	-1.4051209710865626	-0.34858576659307317	1.3151325690258429	-1.498495511449832	2.2396532770048947	-1.2552271754928885	-1.2871711402793418	0.4782145753948609	-1.1296716477632056	-0.31323543768285245	-1.358014204569016	0.9017762138996079	0.8749035856901654	1.5098105430591944	0.4880527385361033	1.0534210980135923	0.12420519792359114	0.625715105891192	0.8073814280927682	0.03261453860337429	-0.3007953871070368	1.0097465357965496	1.8063408023897594	-0.3658476318109842	-0.768423277680947	1.8111560384646794	0.70010847423242	0.4547045350854376	-1.5240239011417875	0.9099961965993183	-0.7282066336660626	-1.1031029090539783	-0.3522425324241973	0.20404053449433626	-0.4558942725017442	0.4970318676396137	-0.6226321668046514	0.25813825819367514	0.1952685604238174	1.3009738558167958	1.5186315191498936	-0.291675121894162	-1.0966218382169688	-0.15974679156032445	-0.7682687207081682	-0.8575078791295798	-0.33386499721474766	1.4465633806935632	-0.12976913872327459	1.2241823776676446	2.890052129574908	-0.4118460500087141	2.0864663035574096	1.5430580815478951	-0.6440506701948489	0.6882626782534247	-0.2555485503685227	1.3727844698777878	-0.13467332922381084	-0.3208584645831123	0.4383074432470651	0.31676928721927483	-0.109434324881816	-0.23659842563392475
DTXSID2027175	-3.2917687485157185	0.21658154346326924	2.393315007130486	2.1100828984204556	1.16211739609287	0.8060639242303557	-1.132528485490489	-0.827124390829367	0.5554495617158912	-0.8004067203409809	0.48314866106667137	-0.6017343661789346	-0.9611056565898553	0.24714298076338267	-0.9185483809063923	0.7543807429969492	-0.5963866497638852	0.05461974139091995	-1.424115874261232	0.6893641358340511	0.14376483676133167	-0.18206482818504294	0.8756171098243754	-0.30916271441821597	0.7118347385450386	0.8714599306426729	0.9233326929075222	-0.71360388441653	-0.2009135651359629	0.47405501618487483	0.07041848076944729	0.3500341113518897	-0.2058663352271582	-0.0007840837946179541	1.2500061235913962	0.1953136482750495	0.26908641280905904	0.7643839090607627	0.5445069922613034	0.4772572663729297	-0.23501299438957113	-0.16968486537231733	0.07213942920898644	-0.8165722318925461	-0.23340731229943223	0.21222399562177133	0.2005776424885066	0.46308029015697144	-0.259851783568825	0.3169857341037008	0.12419111437019219	0.6439467401074817	0.14307533584225804	-0.15841518928297912	0.46939442565211176	-0.6295782503469313	0.3877437615460271	-0.23459691958560258	0.14897183708707135	-0.4303589010105855	0.502039536169458	-0.2977728369295285	-0.5494072799388073	-0.5231639622259956	0.5422145964924928	0.702481241390721	1.0974173651442003	-0.03704399881870758	-0.03298708321351438	-0.3546443859500318	-0.10277260470864141	-0.36125923233650004	-0.3191654401697162	0.10207524797277406	0.07853951454343105	0.044817125372350046	-0.10194410383515168	-0.30552370674740026	-0.2360412165541524	0.18511229395264925	-0.23573204577478304	0.4498446862100774	-0.043481988401093484	-0.04851432492500523	0.15066506327432014	-0.3709340667570562	0.4133576555420642	0.522607890012848	0.7398825037973263	0.010525890059417772	-0.23395635894135555	0.01912581958051493	-0.5033011184435784	-0.3816799297275238	0.026150567373589246	0.02731723761863586	-0.358187826062245	-0.40590137997390735	0.06974579913844632	0.35272268648348193
DTXSID8024991	-7.52716025895622	-1.5185220623797078	0.07619739917368475	-1.3535328641003181	-1.603892664409124	2.073632638674819	-0.8523399359316991	1.5464548064771042	-0.14676312688833973	0.330227972183136	0.3385800411323227	-0.025534241483961002	0.027067488791183914	-1.1333269186088888	-1.0832646769467416	0.03138292952715075	-0.7270533865177383	-0.6494822633984452	-0.14555075682572663	0.5676844229977654	-0.07981304335805832	0.34105269530979243	-0.6226805192327562	-0.13771365195752652	0.2139907878017274	-0.4745847461133076	-0.03226797353859017	-0.008128346889942444	0.13300206272504062	0.03258071493415225	0.3379620085670286	0.32094471653894246	0.07345393782761217	-0.3090423091326337	0.4813610343841283	-0.19217542405363436	-0.21062368922200564	-0.4214964768001575	0.2466203545277943	0.3190536757220136	-0.19365119110076004	-0.25134792443321613	0.18915979217554332	0.22029029560156857	0.08373307902583572	-0.018878955190280513	-0.07497603748828255	-0.10948572412294193	0.11401536087274357	0.12089570590754865	0.13206931798623942	-0.16925233183779642	0.12738062688595436	0.003015640787284494	0.12203061148285926	-0.07162276439953597	-0.08583679651401205	-0.12992166847504827	0.1981568791316068	-0.1418617635172119	-0.2852507028643034	-0.15995467967049468	-0.10081236185127498	0.312767705175985	-0.010768819608826533	0.1961116966499233	0.3193168876077429	0.12599800424963278	-0.4552322424900086	-0.06392864467459221	0.4215966296639189	0.22263638422452628	0.22829636022898658	0.24477714127924188	0.020187472373867813	-0.13468059802980384	0.09897283045937971	-0.5324036591478327	-0.17141584947663926	0.5024297769164171	0.28686071561121906	-0.5337748069563607	0.3487642230140643	-0.6683444463674523	0.014156571491530314	0.25972325861798057	-0.7449729530629702	-0.5267472116069002	0.2684095081763839	0.41944783965766036	0.07512881383401553	-0.029703455740844764	-0.009281577482576336	0.04288837598385149	-0.4698912700721831	-0.3986752550580405	-0.5123745979589541	-0.14262810189817918	0.2936537109616647	-0.35215592780716387
DTXSID3045435	5.8824268062141805	6.8175900435189645	1.431510340085252	1.3663136254740484	-0.6261021659101643	-3.202505737201347	2.8468241959805294	-0.2546606627624222	1.045354653044725	-1.4382837295860724	1.29063619276064	0.7088450748162791	-1.0776601615388275	0.05895889370233898	2.036725828188158	1.638906400213844	-1.3352407884823798	1.3865663705810372	-0.5204274882202508	-1.1439648222721988	-1.5477366609462917	-0.17014990261768248	0.5237758181381048	-0.6126374753213698	0.24147908628582385	0.299075853789	0.13757435244036467	-0.20094618793791658	0.16580429446456088	-1.576491123916644	-0.9511661390208507	-0.10940311624265738	-0.3150293047861487	0.910148070090806	-0.10498928055336167	-1.9411242364916212	-0.996475614269176	0.11106059041444487	-1.3827081815379811	0.5414787821789953	-0.008221587467133137	0.8671569960184847	-0.059941830581965144	-1.3516145803643766	0.21423081836288269	0.014571399878752833	-0.8265271801829664	-0.518281333553668	-0.03110327876832358	-0.4734570399636536	-0.10559766654457052	-0.7459565847850083	0.2977468673124869	-0.155122869246463	-0.5277174157757046	0.55631533451403	0.5210789405446286	1.9393808624090383	-0.44906053790261335	0.1394331109886449	-0.28784553630493964	-0.4649316111902075	-0.21681471766551275	-0.6456068038573975	0.7251552778181576	0.32581262688030765	-1.2281162302423567	-1.4521831987346074	0.34899885579098694	-0.38012117058726996	1.0821433158553357	0.6027687982496729	0.5716379951387903	-1.9235884354464676	0.4527008665882656	-0.8726134840996284	0.599323066653319	0.526063554157701	0.2759286413354547	1.0681670406832313	-0.9923394572980124	-0.812434900393537	0.0813432142360308	0.11472290140123206	0.482637302735841	-0.22562767810327553	-1.0686381231440578	0.45225365200065765	0.662245534272824	0.2549642978368829	-0.16059198192359067	0.8933671713490712	0.4109084312918186	-0.884288244356256	-0.24957166065791261	-0.9437624158698161	-0.5565609553614931	-0.6759855919111102	-1.757462915107684	0.039093511870602116
DTXSID5021598	-2.2887264157116287	-3.143492567039331	-0.620296690407774	-1.9648564641848236	2.2412445863395916	-1.7000577278965168	-3.421529551849267	0.3480557468960765	-2.8208879978781907	0.02298939569215322	5.48704494607258	-1.7509417128582248	3.00566211209931	-0.7495513185207316	1.901806810395042	-1.2443458692177833	0.0443312465849727	0.8317356603742097	0.6134265930486176	0.7352701296034345	-0.016461854719229764	0.8733354586112332	-1.1808761755137411	-0.8477201296144306	1.3032859066953708	0.856841616024183	0.05864952791890137	-0.5013725539795	-0.10180254836492345	0.408046675922669	0.33621891948683963	0.470643988909751	-0.15848819898891173	0.5198080387070634	0.8856344994163682	-0.5138117910027046	0.9493081020024472	-0.1392354045580226	0.8760398349137372	0.8562601339307186	-0.5809173683444844	-0.12888570880063463	-1.1331262998843425	0.16644370676803907	-0.05418321671301462	0.21714838709841905	0.5896279143753701	-0.6007058794936869	0.27027125673859165	0.011799531022314768	0.033349940058777505	-0.2857531125134958	-0.10670786640644318	-0.27456443071799436	0.48403115195970914	-0.5322715662689748	-0.05389058622093281	-1.3224871974164207	-0.4292000841390461	0.4967894163833947	-0.7303721801540931	-0.7275731017842845	0.5007967571509956	0.6881792185507943	-0.08722496972236538	-0.23890499959253203	-0.9224408228279717	-0.13018578510444978	-0.36238997516957683	0.08697514686470377	0.6875504017685397	0.24342585214777707	0.020524049809832922	-0.23554209410416233	0.2701611083857475	0.5864132773595535	0.13215036791856402	0.15172126506124925	-0.06463537273360324	-0.17349497803573224	0.3486395740011878	-0.6951494551548844	-0.15135927703435775	-0.012374039193923072	0.49085963079125217	0.1507632829853546	-0.2534118730843455	0.19883351801090365	-0.3625917847698959	0.5598476553155836	0.9317658496585898	0.6386535812892964	-0.6225155080618643	-0.18499566107142806	-0.09047063140221324	0.052725888194581697	0.3023845650610644	0.15386388520857747	0.06405548337451075	0.5189370769833446
DTXSID1020510	1.008180473691201	7.928495024980305	2.499951973508024	2.0213942193005607	-2.8928171344881006	0.7016522093068494	-0.9956753601366167	-2.42855036180922	2.6081028269334414	0.01179070960197943	2.018791849902461	-0.7597857612628737	-0.8657650590650934	-3.7628683006653074	-0.7537618593647326	0.6056956632238155	-0.5631649345504779	-0.6500493616545663	0.0899818851303794	-0.323631386702008	0.16432372486401825	-0.19580890441981108	-1.2449123545964282	-0.931878493035318	-0.4327464376728193	-0.6558733438118987	-1.3281730949725492	1.8476086598787516	-0.5526270647928627	-0.3153569908197856	-0.06515746812493553	2.222328889414434	1.673284119856523	0.6175687477253134	-0.3652422716334164	-0.6909338017439945	0.27034951112553873	1.379036251109976	1.7116789363334697	-0.8958992394406868	-1.0453585722093859	0.4813839375430825	-1.0635813442786881	0.2781151484025623	-0.8971653668967737	1.70434211141091	0.4962782709137122	-0.3641210968051338	0.465688898459962	0.06532643740715079	0.3782173654338242	0.497266517602445	-0.4018445630755813	0.39461813043508914	0.46571949620251185	0.1921812186844737	-0.025296665046633273	0.0904002832976353	-0.4443290565824805	-0.685102962235123	0.8503744398051822	1.5383961039347822	0.1883870175827446	-1.4224960620922744	-0.2431929556120977	-1.1114676095250076	0.15726625365112454	0.80895194987295	0.3739305342692801	2.327577500468918	0.09166287090475014	0.7840655339773475	-1.1351475456317897	-0.2895948199808494	0.2908405019459003	-1.2249512865988261	-1.2415501302327066	0.03129717661956988	0.8021999426849162	-0.584123029904952	0.16683085339206014	1.5775366741377925	-0.3988927865973721	-0.6419903427400313	-0.299013724799264	-0.8725252851642925	-0.2653237167190362	-0.7182258054410678	0.39669161029143174	0.8224956806310713	0.061191101943291	-0.15563695760516744	-0.6785326712528029	-0.47118199663673344	-0.10308121761663296	-0.11159418732215667	0.11327688585032049	-0.48001632171907793	0.7581359440185033	0.07009404784673638
DTXSID3035214	-4.5041597064801335	-2.6956183370851226	2.0570891113153755	-0.7231190755332477	-1.1497682903449493	-0.9105215012196323	0.18341570001065943	-0.6658448592473141	0.2677020597095193	0.13384770093115536	-0.1315441760577678	0.12962646637406777	0.7150972547405976	-0.4494068798625724	-0.327631165212372	-0.272969898152393	0.8804682468219299	0.06824141964002295	-0.017247110865408075	-0.8688018717623576	-0.15760915669009415	-0.42595435024167794	1.335151274879793	0.2746606605282196	-0.9683633856118788	0.5958066032526296	0.6171367057690333	0.2092386137840543	0.366751846018601	-0.41166121656271815	0.220275264944303	-0.0026338838676529448	0.08912267561342381	-0.33508175578882077	-0.22174823678912295	0.2422470928726993	0.14872431227955693	0.5459925678048144	-0.5399671813057185	-0.2943343806926421	0.34190711845335703	0.16107409838260242	-0.2156571970861242	0.08758719788126339	-0.1958931739519085	0.15073571896693572	0.2812545146530825	-0.4398874247562431	-0.062056476553982214	-0.24129111940589787	0.03352379449757654	-0.05419967005171684	0.02939126188951945	0.07355299243869842	-0.3720017767026733	-0.09755114832904851	0.3202150833358655	0.2630317842122853	-0.3125394229246023	0.026401567839089406	0.07121417104066566	-0.08536192042622186	0.23364523692494757	-0.30758365144586236	-0.5522415305764382	0.3087300446609651	-0.05274931647686696	0.17924201506138898	0.14158434571344106	0.2667822770581375	0.07529621433142339	-0.16843502087073464	0.4934719128334724	-0.5181560045768189	-0.11127899307065565	-0.13967355879692192	-0.185053686590055	-0.26470588505595405	0.18504486508254386	-0.432283502294697	-0.2048912406851196	0.05948915109544895	-0.27803793585009834	0.06374637838989945	-0.07712232865585847	-0.09137454334525222	0.7755783770542013	0.49339599926723554	-0.2654285670092851	-0.05624066796815569	-0.49975898489604187	-0.16644798105108685	-0.10506114896105137	-0.1657067569128602	-0.3489460769146844	-0.14092745369722512	-0.268220784077067	-0.09278537760982931	-0.1854256336560543	0.04017477378562587
DTXSID3044384	-2.208884921182364	-2.848919342263583	4.742684533035844	1.566738881450466	1.6105155056183813	1.1525464894853938	-0.12559652266079724	-0.6056481399971855	-0.3952970360669303	0.3504121780708569	-0.5160216787136053	-0.09178007897704529	-0.2688833198960256	0.5192342240713367	-0.20910345731300445	0.6140526494234034	-0.40346785745717356	0.4023231161692317	-0.7558913718378881	0.34598011237745413	0.15287092332719404	-0.18156513540853988	-0.04877666367174068	-0.3106844358264438	0.5326328065354196	0.428101411357239	0.36763937112534906	-0.8682707030677178	0.06252178393837574	0.26982505988197175	0.742523749282804	0.6312608944186029	0.08901698276976126	-0.002104543369846981	0.6927163806320185	0.6561429745031276	0.2706032174678725	0.388796453907904	-0.005781739139898113	0.1466460970287607	0.09706247232118481	-0.011154280603432607	-0.6810374822821973	-1.3032453624749796	-0.4977853699859746	0.37630041869141806	-0.3119953133457478	0.8001707135668689	-0.056637540536933026	0.13304463049676352	-0.08113091337956466	0.41154660460231196	-0.2701897761780053	0.16889124487016946	0.26835351702938703	-0.19197220160567408	0.5597778046882416	0.20905731862094418	-0.36202360617462614	0.0767778528422128	-0.12609767426149798	-0.4322899369408394	0.13029943874887343	-0.902892818657118	0.020359592797639315	0.023546529077608087	0.3028836421849328	-0.41020843967357057	-0.44669582171155336	0.22110338785400885	-0.3330586936673186	0.03933054019919478	-0.04829956682111821	0.010681369658699919	-0.3804301835803441	0.7325660942000856	-0.22865417656857953	0.11196060870109115	-0.21534251791325243	-0.4991193312412958	-0.2710612154075555	-0.5029927204379024	-0.192089251805722	0.1804054202025315	0.2369676405049656	-0.416722024059922	-1.3314993572469302	-0.26232084911465736	-0.72466478633182	0.5510317921849592	-0.274622273908197	0.8183057378021429	-0.26546755792142923	0.6411718866302191	-0.2687990278429061	-0.11920482108450964	0.21905531493424912	0.08519107551130697	-0.5311824038043162	-0.22831882243258603
DTXSID0045961	-2.4191683187780364	0.9888340005023731	-0.8515085920766827	1.244638345427129	-2.4603753292303803	1.0204864341759543	-2.3193788326092437	-1.296157294579184	-1.9807333337300057	1.207641142867284	-3.8708451893182563	-1.1739799724087538	3.542030979008113	0.49481019619009514	0.43793539911561297	-1.1321998187601443	-1.1026527371221346	-0.27199743645768815	-0.09633014385586645	-0.18590628986339416	-0.3247479086487993	0.709859326574926	1.6687453414880968	-0.23815889232109896	0.6146116926590499	1.611441998360265	0.3489786494055522	0.008062120182454403	-0.16495835170258083	-0.8595218095199755	-1.0869776820760377	0.01775277291502517	-0.26379494261618414	0.5797836332648899	0.23409713016260528	-0.052581236909059956	-0.6689984316667943	0.15309006037367134	-1.0342024581092648	-0.06670836085158263	0.9295359915601399	-0.10072522405046656	0.19888690982342008	0.27457016484558805	-0.43759502091731983	-0.11341390339707877	0.1509440998067317	-0.6620052433556645	-0.11760828065368023	-0.3239197509746002	0.014990674419455804	-0.435228602678083	0.603080061314017	-0.009012590332468325	-0.32778776736690135	-0.22145647371204463	0.24339005576579467	0.569295440418287	-0.2517652739882	-0.7228964182230825	-0.12357014029754833	0.31788167989246546	-0.27466030293484095	0.5429777439680903	-0.0860644232455121	-0.249233432220294	-0.20338723336364675	0.05912071075255632	-0.10877672762464172	-0.6016273714346982	-0.1247488436707574	-1.0221207162835402	1.0224384627603091	-0.8624820380184356	-0.10432584990362975	0.8758246898363882	0.5644241525506383	-0.15438689621433577	0.44837182958841515	-0.4856450674216203	-0.3698879213970556	-0.7669494198365575	-0.25113561255392447	0.5241936112997166	-0.8180858940991234	0.16367929511856905	0.08338595829494393	0.0832854063842489	0.0074878170327185335	-0.46330577758449265	0.5773250011322496	-0.0009412899116674429	-0.27058288423591764	-0.15028709128928308	0.8401976123874464	-0.04905210622711727	0.14746718117631324	0.2296192806069262	-0.038016152695051944	-0.17499877428567717
DTXSID1044724	0.7207716649180802	-4.0634148492998	-2.927831498429765	-8.268650911731024	0.8951910076123089	-6.398651413377586	-5.344148273280274	2.373014824997778	-5.746581017264954	1.557522802357001	2.2790733741745526	-2.021699745476083	-1.2373578931037752	-3.241173632840633	-1.781342288558632	4.014518134756626	-3.792358404728697	-3.816970350886928	-0.3259573401646691	0.644967462865226	-5.516363612533547	1.7407816102989546	0.47813615419658595	12.876623553324345	6.834824000927122	2.7529584973346317	-1.4052556001201302	1.169453063368956	-0.7160990035711587	0.031137799923171103	0.35967754359739523	0.7762566832889625	-0.09192511219993325	-1.148644900235156	-0.8554134033908753	1.3241831575358034	-0.5564280305707009	-0.548094083039615	0.7170854172269545	-0.05462976070411884	-0.25937495365634794	0.08709923239687646	-0.7414948585671224	0.18000998529259013	0.4995647758101041	-0.37045022441208253	0.39653679312003676	1.1078476111577489	0.5384384062689883	0.6039109607032811	0.06248428454359759	0.41815506903693	0.5356925993118884	-0.04808733121987698	1.1914735390968805	-0.7511158792076624	-1.0299822360390083	-0.3667254121997533	0.7194484817585411	0.463699567291207	0.28807513532316376	-0.5094805579498265	-0.7054096877064164	1.2574960937411015	0.7946013471378862	-1.806640841598779	-0.008871263307631673	-0.11665632114378512	-0.3840236072265603	0.46207702401379047	-0.26130356614566114	0.12339833390605444	-0.1951879550992793	-1.2994656114537952	0.13548918062731574	2.08922047366638	-0.9364346889315497	-0.5224513461602542	-3.1560564044014536	3.0636936112455446	0.003993725864071603	2.5175322730290772	-6.7386649614675385	1.550699270499217	-13.195862693910586	-0.7455046774052736	-1.9788580545366208	0.6156131711112645	-3.5533104774329365	7.194198810944902	-2.188532440713139	-6.285420120997785	1.05817806762386	0.28675626691274353	-0.6087792671010009	-0.9763436531753558	-0.5785000757686547	-1.2777858262679904	1.3770057281424777	3.9881586343063296
DTXSID6041682	9.910590837565675	8.372617477499697	-2.65822805271506	-0.5910632619621163	-4.062356151745623	4.948201091354839	-3.8048863537350823	-1.5436796186791915	-3.5025041039071323	-1.4422686541403127	-7.609501027672278	0.25055346829835123	7.31736774543315	-1.5068375693311684	0.27286299874004943	-1.5306822438807866	-2.145703692638443	-0.35003179504449144	-1.1771026238639855	-0.16198613654962948	2.352750487970295	0.921375175590202	1.148971626308934	-1.3213878970458703	1.8753517230053676	0.2872064557591021	-0.9790109771746823	0.7526496624121346	-0.852258574892433	-0.25619779491491523	0.9673990237705881	1.3899274446756946	0.7597797763657957	0.6942274575962801	-1.1098162391325896	-0.562806807970764	-1.269245572901189	-0.4568157782402103	-0.5324319815047078	-0.5595982967534404	0.08862287600741123	0.4584992361774406	-0.12548206973742415	0.3174422189031088	-0.21753364405320524	-0.2899830440529506	0.09121791824859107	0.052847387437679236	-0.4508965326693788	0.42468360070517086	-0.39905547132768093	-0.6413400565411703	0.3613795033610295	0.29609658616465934	0.11737233958478627	0.7224606215746723	0.609159765746175	0.17502750287297478	-1.5085210106074551	-0.18994914062802737	-0.30831865161566185	0.5335204912469662	0.11125811301451369	0.7641075525718021	0.07358166997770317	-2.072574073081817	0.6050439905532368	-0.09891626416656142	-1.3965067748360651	-0.8857131413580304	-1.6726923117373058	-0.07276009658760263	-0.9733306286019929	-0.8133009099664436	0.18978682858098972	-0.5524476056479232	-0.30341047028088863	1.173924426573134	-1.844910638358381	0.6544077965455133	-1.6106326910863018	-3.3100340895050566	-1.462386451656689	-0.8841785411913212	1.8562984116432923	1.0759867172080313	-0.5819720952207033	0.32592877329412046	0.183408312184059	1.269379117491078	-0.9417749274787707	0.336942323495984	0.047106057021417645	-2.273827379023031	2.21248391552531	1.0515933956040646	0.5085260484324908	1.1034873934314913	-0.6094589644699533	0.7385615438238602
DTXSID3048815	6.696153073371456	-0.24309257836397782	-3.985262858248276	-4.0595904520652315	2.116979565903275	2.551793386137374	3.120148914037837	-2.113529065458015	2.6593074689712606	1.9486656208107043	-1.668285469289096	-1.6372466413072657	-0.32954909484081435	1.2221293218139897	-0.45836232748833927	-2.167978614158076	4.741671729966017	1.1543006545755776	-1.9607226380744562	-0.8921675625418962	4.356779093420059	-0.08063685842152109	-1.6734001675970411	0.7759320160279434	1.6689368012221673	2.266931658917703	1.9791149441899691	-0.19717818073757815	-0.25661232634373765	-0.737643197292488	-2.1726151917388576	0.04458279645014362	-1.3897586231273376	-1.3186537583205251	-0.19371007904627643	-1.0251692197154296	0.4513753382293356	-0.05494078773804941	0.32863392002687103	0.17500779118042525	2.0272784407120685	3.135566154063727	-0.017812487694137603	0.676848102209871	-0.3802863071484007	0.19173877074273582	-1.7334893514499596	0.49340517518972987	-0.2504855881288086	0.0003043171544536833	0.2708412699306704	-0.3660752124470325	0.3617420320691853	1.0828980774182195	-1.558150944350826	-1.4497788357427923	1.0718473930676649	-0.4756424460505796	0.44976948340608447	-1.0606529564285676	-0.9740922706330677	0.13141060364564477	0.7165487667389309	-0.5363877855185734	-0.47702838084286653	-0.8736785443085123	-0.24740850687123842	-0.11805843599870477	0.2917171409484744	1.5120094892336777	-0.17744701118080666	1.3791254424789907	-0.3848877984529472	0.9085173797132191	0.8031045532985367	0.27101880739886813	-0.4961928228946001	-0.9341024286736805	-1.32404094621381	-1.246810625570424	0.4991328918317002	-0.6668039063348906	-1.2450672596280132	0.8800897017528719	-0.46928711718524474	-0.2232495075020469	-0.5064164499191892	0.6095662608972318	-0.27555162030626223	-0.7951257776460982	-0.007601687107509672	1.386988988926659	-0.9160110546348238	-0.8518081389680956	-0.6728915195496139	-0.12505984188461838	-0.37924728045228756	-0.0749873609809893	0.4626411660441807	-0.17957799979341107
DTXSID7027461	-5.6951293626147645	-2.8579545070495613	-3.3497177789142696	1.1345195976206222	0.5776293167953956	-1.0448492711987938	0.6906049408896064	1.1666003303377586	-1.0816028049026547	5.366086143089665	-1.3460497342429114	-1.478787630329267	-0.2975908343892258	-1.7280129013170342	-1.833086111419003	1.0023967908815816	0.8145181665857055	-0.9384211864319774	-0.07770241765721547	0.5644549031495236	2.0136992901415405	2.014750959791364	0.05884770043835485	-0.46433127195435214	1.402539146989525	-2.5172665184935035	1.8156887947746558	3.90278287742598	1.6772917897697783	1.2836237352921005	-2.154578140496557	-0.23119597461936314	-4.987698533762503	-0.3944228309124967	2.351537381703521	-4.171955027966472	2.155208876736691	-2.6411747839932187	-3.68871607835366	-0.5325482263856697	-3.9819219450318686	-0.9768675525658748	-0.10729360710878508	-2.280099987086671	-3.3056003856659957	-0.2771097933553499	-3.695591183318244	-0.725354406863655	0.14090586392824023	0.36981008163892704	-0.18679087553278248	-6.30143738836007	-3.0898764526179314	1.155919207656608	3.19773082931378	3.2133461370297227	-1.2875531249219092	0.6579102440385023	-3.5572512362057336	3.709573250597037	3.4991248263163546	-0.014899678264728012	-3.4035737822075944	-2.6863825198791966	0.112676238223699	-1.5817408295347661	1.5312472968057695	1.2995769911140997	-2.8722405032491243	1.463678211198521	-2.920116712453819	2.0894667991882305	0.8043140259827114	0.6803755171023829	-2.0838534483980435	-0.2688607441032447	2.103393208234993	-1.4218800465880324	0.0414027286184597	-0.568204199654474	1.0746482433405713	1.4370475516088566	-0.8503544595376786	1.2812543825374225	0.8127991628220365	0.6525221346063903	1.082140722452242	0.9660826346839443	-0.24224981962851944	0.11308676579669812	0.08881133597465338	0.2067812845942673	-1.3025079719093946	0.7328396731369548	0.8027416959109179	-0.02407961785102426	-0.8790308236028097	-0.32006310806056576	0.42119230856772566	-0.3134758366212064
DTXSID5047875	-1.4426179574858988	0.62038444643782	-1.5917858732552619	-3.381565044245437	0.18561768526148703	2.948601887961987	1.9868127046349333	-2.7097910205997335	1.739711964719316	-1.048695063329993	0.39959040141389335	-1.0445917322162475	-0.46249564957229333	-0.7821325877685277	-0.7329114965539313	0.07534248235810342	-0.10816986739480626	-0.044899913278485214	-1.0093939518137605	0.9161923932395596	-1.2185301775027386	-0.6698659146585522	0.571470238075524	-0.5715611724261591	2.0180715676833088	-2.101941945900558	-0.4541230480488964	-0.6943013853389759	0.9806304901603216	-0.48191869932567566	0.5753046225790944	-0.40817361376335837	-0.14347575195501946	0.19397865636476894	0.6244613653333205	-0.295487738786747	0.876067559955696	0.34906150979682304	-0.7849584750032541	0.2506711359264061	-0.026539404562172488	-1.6407473385330336	1.3137665383197807	0.3461703173391239	-0.38977261893218446	0.11170748195718068	0.10214693448406119	0.41085073406697736	0.7943028426320401	0.7989487038073357	0.16689492047337992	-0.15889992623978422	-0.20067554241180233	-0.5381190576828545	0.3077087535344248	-0.06386605748174676	0.19183205915723178	-1.4694845979321236	0.7715329899222316	-0.5608633594287599	-0.576696933331516	-0.7065292333319935	1.3799541789124516	-0.2524879331747225	-0.43599539576047847	0.7584023538797707	0.63943184970358	0.31929476390018685	0.5865247723458625	0.16120599198771923	-0.13481673966614013	0.20424559262612743	-0.20485496661153874	-0.10951576687293178	-0.20188061011871433	0.18938220256337177	-0.5149508247776171	-0.6256738091172762	-0.8169077032387274	0.6047928637628627	1.2398340829703258	-0.8680002079924148	0.5443088356038709	0.19271444935089269	1.1814790226185912	1.1287670065577255	0.06225210677920432	1.224899461719555	-1.2098421222079685	1.3308205641637647	0.7872843952023555	-0.4466008795787993	-0.3489918072280493	1.012622453906472	0.4593996922162758	-0.42605217945547963	-0.689489179488266	0.8775871437528802	0.09903964996384614	-1.0492473668934665
DTXSID8046660	11.686065245954438	1.5267352169833817	-9.528830689332132	1.051027552112527	8.293300445812255	-5.540393059136879	3.5687409270498462	-1.0676425530179021	-6.5267322322644565	0.4187191902614774	4.264054594878353	-6.255120603018655	0.41161497003948705	-3.750547903940938	0.21940222281598615	1.1966637972995864	-4.066527932946668	-0.09321570661460128	7.844168327869465	-3.3128740847615816	3.3429637948626243	1.7460165687747464	1.6793131705441973	-0.5941577468584257	-1.405269234219255	1.452789196188973	-0.40166904436609324	-3.5247551043243526	-1.7455607716096821	1.8920462601924954	0.20529921148237532	0.5391967888356541	2.1202564737995195	1.3743975519997371	1.5760668059984275	0.8625139863630263	0.2037308147408524	-0.324661681282062	0.016595202670838863	1.318280341706689	0.9217998559217984	-0.9508857887417407	0.09086606976044233	1.013923181052638	0.03259954793372815	-0.5528975106449802	-0.2410542270742115	0.27796220724201565	0.10666379416898318	0.7670016445776836	-0.2613144385254077	-0.9032324320320458	0.3913416775285687	-0.46176932769142415	0.7115841706037985	0.4354449699942416	0.8403219255973581	-1.0353008033187268	-0.6362002002956731	0.00030148393531428334	-0.9273671279634073	-0.4500964593072148	-0.28225731598603404	-0.057846478137014865	0.9199919442603977	-2.6290754638437805	-1.9171137948946504	2.9826210225425402	0.20988085313115615	0.5660370142497484	0.38278030235516214	0.0824126475763357	-1.4779505240321102	0.8739133376892433	1.5155168809295163	-0.25473628359303413	0.3227671307001715	0.9344482204651555	0.008856976584525908	-0.24592017783712802	0.3054533935320585	1.2657612245455514	-0.02020982533124933	0.15331737830574435	0.1926037979109957	-0.28880802787319215	1.159167388665571	-0.2462976955871058	0.04310013334122551	0.4459108029279803	-1.6806137397896663	1.8347504531506744	0.06125954002359564	-1.0765374980079996	-0.845604619427405	0.8195922465798211	1.1769280217188034	-0.5615775337100406	-0.4421555525133133	1.6320539707206787
DTXSID4044745	-2.040959168684752	-3.315427748717304	3.1769946167209975	1.0636095761004525	3.3465952193260247	2.002012040914898	-2.383503147345991	-0.2892466084225417	-0.6334944604743357	-0.6962730964000053	-0.05645579147843581	-0.7219685389993298	-1.4604027367745613	0.5844915140862891	-2.4125899497178205	2.3176616821952396	-2.118865868093577	0.2648763204013114	-2.4055191155134628	2.9361334363761933	0.7047832740675464	0.23014098422298107	-1.6703685892803917	-1.569005605820695	1.104044793129063	0.5954999855288049	1.0094540902015712	-1.075475267075953	-0.1727709323116375	0.9767862329434007	0.7000469924337265	1.1586670691919383	0.4384030444177068	1.2902817280235812	1.061398342155298	1.6698594089527754	0.31099823666804227	0.42447477246522775	-0.46202058252937217	-0.24081532170359493	0.2849176732059591	-1.017968306445357	-0.6245028214391359	-2.7322982730292633	-0.02499070262811104	0.5382788959919379	-0.4877777589422701	1.05479238719305	-0.21775442752041452	-0.03906330595337481	-0.37453204998066775	0.2899111291816427	-0.5345771309905416	0.039266490857602684	0.6905058255195715	0.35034899659978397	0.45654622357680497	0.4536377682760711	-0.22957830991718375	-0.2215588344751702	-0.5715642979676845	-0.8314958151232161	0.6843878941919291	-0.6523358538318581	-0.1609784892869329	0.5408166234591372	0.041947088850689034	0.024834832174401206	0.16480718789718354	-0.3540460566234938	-0.4843883945960306	-0.019141432527309717	0.32630010702150625	-0.4313593827964418	0.05510894251112608	-0.6410866928933954	-0.01058825140477355	-0.5115235845118608	-0.02580655961593191	-0.7626363219852191	-0.7968433713529661	0.017675770312714303	-0.8536735542403977	0.49785127901373105	0.7293248448379633	0.5903436484698823	-0.015757320717418883	-0.8889742307292594	0.39667427856154003	-0.3990368870163803	-0.8631897548776761	-1.1862648422361692	-0.1324926897620094	0.08459122793326977	0.04300398562185075	-0.043382388351224044	-0.06405287862509303	-0.4096982530690171	-0.5506969419698948	0.11544663014116632
DTXSID8029602	6.7717824823528066	5.872527956106557	4.125577442732885	0.031171805049907787	-4.246389555667658	-1.4410325433603326	-3.143423401774206	-5.713352377822927	-1.1038531367288604	0.49213349576890714	-7.070507242079263	-0.5568350535029436	9.032954279876218	-1.011694265049888	1.6667376903882256	-1.07947048799905	-2.6870939331676946	0.5871979766751604	-0.9414703640335561	-0.6000275642457388	-0.16789202054438293	1.0070318923437553	1.2709140233802656	-2.3289050139769527	3.0466538847852656	-0.35133868145518565	-1.3456251238967174	-1.8922430073065848	-0.8441945719893671	-0.5194493783146918	-2.525084468338188	1.1909078148403156	1.1649772919629622	1.4990824935715825	-0.09996843770174837	0.41864365380357665	-1.2695312422178198	0.6404947594317401	-0.7505716970587505	-0.8720572652290676	0.3584776190542257	-0.2997714649827434	-0.1940459681130738	-1.0248285429734487	-0.2575448595941284	0.1406069988078055	-0.8454634937507222	0.14065775868539432	-0.19366256564039214	0.25880244947443215	-0.13541224609611013	-0.6310381580161545	0.6985908949052291	0.05754337149931641	0.3191830131099989	0.9817716829854303	0.5972445678264873	0.49982612449435637	0.05082137678768947	-0.1640391982570091	-0.034784857837124025	1.1028114218534408	0.015586475524018964	0.17220066386181063	0.22561312191748484	-1.5424266368540929	0.31089016265263597	1.0395738055969252	0.8880909549218623	0.5225637546079132	-0.477555117160443	-0.4222803752713304	0.3602858470661912	0.20015048941832986	-0.35402072306563226	0.25582642311167425	0.9406155915087442	-0.11356437399581883	0.23536108040431816	-0.32323210633799415	-0.623694311060314	-1.1058633913047409	0.02264721150658499	0.1420730968911382	0.5481931376215037	-0.06953288089224983	-0.5669897599321745	0.5726324213110128	-0.06911337905595351	0.06827165409968936	-0.8816004117053053	1.0189468707067018	0.7483065109906951	0.5100728561915652	-0.5446249491623785	-0.31960896922808735	0.21751099580026606	-0.8536385384436451	-0.24682877727414246	1.054619256738146
DTXSID5023748	3.323217799717513	4.733037896048904	-2.7652412995220175	3.6456296563703896	1.910121193981631	-1.8325009249352067	5.395697267083359	-0.5622888042094655	-0.9067985118805282	-2.069360158296446	-0.2869434347165647	0.9983515133436578	1.3113029193464203	2.30419781797188	1.6242164849103233	3.157510448521649	2.5187035205168593	-2.0778709391279206	-0.25698586178419025	2.3026940811874734	-3.068015598687505	-1.8109808494157482	-1.789069469761648	-0.5677550347782878	-0.15213289626652943	1.003069064210353	-1.3694281660573504	-0.285292711097315	-0.7940052000869973	0.23340583134579876	1.496399341075321	-0.25824035439250015	-0.45504678582916647	-0.8177867623506707	-0.09790473049206269	-1.4927061627352525	0.31403830688697476	1.0608269445198082	0.041521787743694714	0.20883409876550393	0.9214580839548571	0.4423770635267735	-1.80017163890428	0.050398326470725334	1.2744559152036832	-0.6672462344542153	-0.6032529645088339	0.1327062870323898	0.5261050052070347	-0.41772654881090004	0.3623377913359831	0.06593379705098938	-0.7465421232389545	0.2760870617533029	-0.6098532541984444	-0.17913629580645907	0.4333341309448035	0.9686433445784145	1.464869016021649	0.6679132514707716	0.07818989362132127	-0.652812355900397	-1.7896671629093341	0.5332650065650484	-0.6087417016838598	-1.1399837951815734	-0.4615347169029081	-0.0937415477987587	0.1958638572126451	2.0481157618165162	-0.23030158752813745	-1.266156441003231	-0.4421404714011305	-0.18196896785837194	0.23963688804378655	0.09237803628953181	-0.05820516144906598	0.49066455603605597	1.1203001426321815	-0.43777979306804693	-0.01448060852715976	0.02239405846529414	0.04384605019012027	-1.3678337611379512	-0.2604884745361274	-0.16675691761468242	0.7445941935233089	0.08424354882517507	0.12573198763498505	0.35340402560649253	0.29678531619613446	0.2253982239647343	0.3468726531877846	0.9754010862982525	0.5361045562482153	-0.23322889817848258	-0.2171752377506018	0.1390196319209089	-0.3421282643903211	0.008881811703748613
DTXSID6029121	-0.8611331141806017	8.093036084135917	1.1730859190729255	1.0356745124615636	-3.833995070451365	-0.2905734694581219	-2.5571119975264325	-1.796637670437008	2.971995300424292	-0.7137421133963706	1.943540363491801	-1.0008437014112759	-0.4471729171877841	-2.43719144128637	-1.2697475232501874	1.5137272842680711	-0.5094370306561699	-0.3459737323318155	0.5831432709249126	0.8979232672161941	-0.5890985854233179	0.11734550464564189	-2.6603568091116405	-0.41334795523532764	-0.5001250953863146	0.09777596417932981	-0.11259886098714932	1.0699213929349554	-0.07122467931449543	-0.3135832190978935	0.4734382020303976	0.47205331031503767	0.7556143032492372	0.6969847374909623	-0.11091029556503386	-1.91361852843232	0.8645867912935161	-0.0991443987615254	0.8456382088378559	-0.9797304241951402	0.6562000085857987	0.40258361002707266	-0.7068669284133039	-0.3987515124790382	-0.30324174651078556	0.9974413516082916	-0.5021222831276164	-0.11138517929154926	0.19349321062036484	0.05544279607865723	0.14148847966154143	0.04743906636630085	-0.5055264482140425	0.231732914766437	0.5202042239407333	0.4333662063996412	0.7018594714722015	0.3183708121831747	-0.33659811823423386	0.08889336055723565	-0.2910657481276269	1.0786123097417972	-0.207749342855664	-0.21076387096799515	-0.23137805904010425	-0.3025970893101246	-0.39389639860453013	0.21809501651946983	0.32031797706938414	1.110373765091392	0.562501449157459	-0.808558805972119	0.19099528090523396	-0.20743671435877317	-0.20398673494837297	0.2491069902821921	-0.4250128102091529	0.6898462625159021	0.2890123168855141	0.03490871506095295	0.13977292975538805	0.18612723642973858	0.2861990007637262	1.0159164243956003	-0.41716182557278847	0.11024524455152662	-0.5482333870372972	0.19732111355085746	-0.2122094863021519	-0.7123115228600543	0.2644895945116699	-0.062223165342500435	0.7880085622920395	0.36317026141153935	-0.7938809429247077	0.08168481331625685	-0.3978491857278991	0.8524418594005421	-1.725659234881008	-0.652915562891241
DTXSID5046566	-1.215708950773268	-1.4049960020392243	3.614831880271834	-2.8014841203002967	0.36999811425087986	-2.8147411568517082	-0.23793077058875087	-0.135034657263899	-0.11841981546173029	-0.7925562877699183	-0.2309061726488683	0.7290570189023913	0.20723051461773886	0.7533426867906198	-1.4287105491993235	-0.6164643658012899	-0.18056877430911533	-1.0839520898629682	0.8110975184622985	-0.22554607459514403	-0.12826189863035045	0.20621181528379906	0.4248801983527883	0.06521486538261072	-0.33209328647041586	0.10593293729777907	0.6188165674365277	1.0429446960503634	0.16488235254406206	0.5271767112370109	0.17422796462683848	-0.657932921566152	0.9081921817855012	-0.13263280625310744	0.11195229120288691	0.19925815005099748	-0.012979674118986147	-0.735886208716703	0.4156182270689085	0.5437364450580537	-0.18134089689172503	0.10716335119889821	-0.04469619032029971	0.7457193085517118	-0.47210175620024525	-0.5183739061069816	0.11817034063374043	-0.6420758132104505	-0.11287504026702645	-0.5032166189449635	0.17556101104772076	-0.18441243991780595	-0.10495501215105703	0.14919954738856026	0.4779808163230648	-0.6906012479833481	0.015782861813749393	0.06231995964398454	0.6167809961988183	-0.49150517783240183	0.33201885963225125	0.43038703311131155	-0.46034515409157517	-0.30284309887009364	-0.16775068681842017	0.5058199107720698	0.7784563678293771	-0.35713301651278534	0.973469062601834	-0.37154754073153107	-0.04748523137256995	-0.16419688209760613	0.07326903066588178	-0.24677637151198187	-0.3483882652595414	-0.370299745307667	0.033389694725981585	-0.653389118525468	0.1443468872103397	-0.30899104352814294	0.013165144808079225	0.027931495705430864	0.009402133556681552	-0.07832894112585764	-0.09835001695717924	-0.3388996909035226	0.6179597102042049	0.4505774911102132	-0.5155858579166029	0.47355253057171715	0.3243810898800137	0.4764668834137254	-0.28656144265688843	-0.6225324108349913	0.2932433418592931	-0.18002111157771475	0.041060691985103155	0.026577764981985753	-0.30651670787013263	0.21357814038494502
DTXSID9045558	16.352518972908666	4.810087170098608	-4.519224505079687	-2.64379422493176	0.4542163691484931	-2.1237436786727453	4.437323124250864	2.3866437470679585	2.1452766076670278	1.5017806611312317	-0.7765497119095928	2.4986770278976422	-2.8266277470861714	2.378129753288537	5.925018787077014	0.5547381494529748	-1.7646614564657876	3.0499529834886685	-3.3393891621355687	-1.2609050862368798	2.13212899882666	1.2205483325578037	-0.3328887102657423	-1.630535776424086	4.373370451101527	2.8680096737235763	1.997245333135572	0.930680314443304	-0.8680578869636076	-2.773586938258198	1.502031581727167	0.24864297556196763	0.7759659493170055	-4.9072287128675205	-1.507925280950828	-2.3872467591162	-1.0619096745720655	-1.3289842448361204	5.242100567419826	2.1487666859165504	1.1260299377619227	-0.5920161014361507	0.718803118680658	-0.3680389922443266	0.7862278010468919	-2.824042500868841	-2.303475963640483	1.2594161763727998	-0.407855708276438	-0.635507515150618	-0.18780287537473284	-2.332928954579855	0.795256813924003	0.7049047997375052	-2.5860405592299616	2.1771911395082655	1.0138444404198061	2.251607108098327	0.7608131677559207	-1.442408249617763	3.881751207982395	-1.2578520900133836	4.421101685661635	-0.8967749442728647	-1.4822431284206579	-0.0417515910838918	0.9097288493520453	0.4161226355276749	-2.853629444958659	-1.4901140708218377	0.6101946212684001	0.29590787778699684	-0.846572757455799	-2.1588738453952825	0.8464886410248268	-2.016256466080787	0.4756811765838579	-0.6126376988050335	-0.33613888777084716	1.4420108070190643	-1.8485762401708266	0.4289012552721909	-1.4100983987790885	-0.9675807871260302	1.1890005131296855	-0.366958719010784	-0.5072717745889161	-0.3379140915405729	0.7427507050367292	1.8398711810823303	-1.3849817674425222	-0.28655971011134196	1.0640224796762072	-1.5954250139950625	-1.2508285263586476	1.7861274849363673	-0.7068012221213728	1.3086474925057823	-1.3643373000682943	-0.7433805538110831
DTXSID9025297	-1.923318737035629	-1.8709791202852413	3.1019494677268917	-1.4084746779757042	0.5988431610710105	-1.6082852572747883	0.07257189871505637	-0.2709928784279982	-0.2258380911178236	-0.9831688218669025	-0.6861340590303088	0.25447339090838106	-0.19956974891454435	0.9541333326835042	-0.2337414042479011	-0.7422043873678783	1.0385692151067842	-0.4309437156718829	0.5738157600920276	-0.9775907182639647	0.23167785464959958	-0.18670437791621813	1.1681845691283879	0.12848393189166135	-0.13090538210608318	0.08204621298609176	-0.095515765915451	0.02998747590954973	0.09694730564948373	-0.5204240654362507	-0.16978781560218428	0.38682968650259664	0.0741443741460517	-0.398253615027057	-0.48199712607583733	-0.2547930722016024	0.015414199159037516	0.47045099515403105	-0.38849690526273917	-0.42627541969625915	0.10786221607878804	0.12780313289827752	-0.33770635830749984	-0.12028789632028275	-0.37550842370110904	0.05732113122095901	0.1584385824793934	-0.06361474914239053	-0.020640605036168134	-0.03491009668741987	0.025606428815353865	0.04656531774088882	0.1311990074134796	-0.08116402703377737	-0.12646826203150205	-0.041447447546746174	0.16794541235865248	0.18947594095883513	-0.18012213714473457	0.0065535465365946085	0.10417789136695772	0.06129033092244186	0.3415181537738007	-0.4062980079400661	-0.2104909873029919	-0.538403646469892	0.07042931931496348	-0.2501150775910143	0.18777407851103786	0.7782051807450047	0.0030416880156880466	-0.0009675406523263155	0.6454715832601563	-0.23671634990779658	-0.9360834955116677	0.33119797672034595	-0.5563191474211863	0.037468227724800705	-0.19755167225820774	0.1406345694509433	0.11175246731105028	0.10075077974332	0.2012358944198705	-0.0007947016511181219	-0.24515605401117216	-0.1792924626535715	-0.1745481866469624	-0.20402915069625321	-0.2564790091086882	0.23799688479923897	-0.44461538298836945	0.43681534612661604	0.03269233310541044	0.22037161788927576	-0.3401510086088619	0.03647367892749612	-0.4322711758546167	0.01643493434682533	-0.09155958259293068	-0.2833723907386679
DTXSID6037728	0.9523727750196651	3.8601808285592796	-3.212416341472886	2.8992085340296474	-2.194249357657045	1.1100577211470797	-7.540189195636615	-6.656852810890794	-4.04636883247503	-2.83460406644179	-10.164197274507726	-1.0158454727372237	12.105872070050038	0.4501499588452362	-0.36385294666729745	-0.7329649565344626	-5.01963588884943	-0.5672355860372855	-2.6032839044724914	2.8141587944158903	1.3210426013454397	2.73302396801413	0.7488151866077729	-1.746381848160388	1.9385494528522476	1.6545095467611468	1.2715886575024098	0.1311001915223195	-0.9274902979719579	-0.4536885629115325	-0.7570829984752185	0.2527607601700537	-0.5878412577811567	0.9415810249737606	-1.0603409438821545	-0.944204144299984	-2.3320181366941775	0.3288816046165895	-0.5359225875419014	-0.05612130866975173	0.2819730833076558	0.6438325850159913	-0.13947672221561672	0.31446630425154104	0.5307769797744639	-0.19006548628235423	0.4110958577291618	-0.4156608840735638	-0.6530495595785727	0.5507767480117307	0.06334286569350933	-0.5021108535149713	0.6555201631676382	0.48875834891249276	-0.173793589705988	0.2695401720645428	0.601340733748671	0.5679822568049689	-0.7259837963928786	-0.685902780934433	0.3409108346753897	0.3856983963951108	-0.0019663921581132664	1.3825800917327649	0.4094537040584511	-1.0248587785114867	0.01568588539635467	-0.5339764482834626	0.9773641658091021	-0.23320447322633525	-1.3486290750102512	-0.6755796897940062	1.0642786818502914	-0.3674236906724816	-0.13517914343292997	0.17400549729514989	0.5384732262555947	-0.5971024378570452	-0.7223800748024947	0.5585051481228044	1.3078987586825033	-1.0477747588620614	-0.1698044105130458	0.019592834416015826	-0.08425988242478634	0.8119179194320281	1.041631635929795	1.250955407295082	0.5705400957824468	-0.9436600170060885	-1.555361595331988	-0.7801353534147605	0.6663338694435743	-0.33757616939514684	0.2456174840665633	0.4128839628933614	-1.106711631361694	-0.18481413221930496	-0.2830086328297866	-0.2939885219755101
DTXSID9045182	7.797194965118696	3.9802893242962982	0.5380896615858952	3.5362992294701585	2.525833891400214	-1.4816381880259715	5.132051396968008	-0.5264808193995971	0.6464242980935299	-2.5619867350374395	0.5603110438173111	0.649254725711066	-1.417549794818811	0.7110417455082543	3.107865305788813	0.0765426386724046	-3.8910371484729995	-0.38664347199458843	-2.295536947793368	5.547237016186204	1.1715337450843875	-1.5470319700747106	2.8056644978390803	0.4363816586622437	1.3669234248564104	-0.7909895202290963	-2.342641802676644	-1.7932871182671108	-0.12132861337302167	-0.7497308776055805	1.6266038934417395	-0.68698418523325	-1.6403457214095785	-0.1182742869558812	2.0436275809329913	0.6262276301670702	2.752064598127116	0.5214591999156397	-1.5950660953253841	-1.1030028390094084	0.7460578757465165	-0.845884256411062	0.045535370711153406	0.25527057369636036	-0.3330489648057489	0.2681979874875842	0.47340755563686826	0.2580216347092776	0.2071892178677318	0.3087998429909008	0.06357439843720575	0.5270139458923103	-0.5856874804201972	-0.6181876298762722	0.6133721208288504	-2.274080865847149	0.020950742729141575	-0.4220635154671121	-0.0796032573644338	0.03245686914414386	-0.7163948789568617	1.201671149265393	-1.3323640006080704	-0.3689225580534938	-1.0892571332774668	-0.3715046375256389	1.5886571394147686	1.0060695115205738	-0.3257258706067101	-1.923652240825093	1.5716746786918574	-0.02134885865775013	-0.013536116621062556	-1.51809518034473	0.11846582621756707	-0.27936702750429127	-0.1237857540272509	-1.2564076110231452	0.69584069697062	1.1282806332008364	-0.7010856520401786	1.1008522983685047	-1.6716212406467863	0.20314388734328206	0.6681600057048022	-0.0061316801937218125	-1.1146160084452479	-0.4416007888697925	-0.4283805522047963	0.37166316697437984	-1.8481684047322156	0.5810845217907283	-0.09978077440739708	-0.13448009612825132	0.20168403442385843	0.45559223025049744	0.7392203122958071	-0.0799737333586992	0.065762173804965	-0.6327734528540947
DTXSID1046263	8.268378283203496	3.1118167161896135	7.046178434874119	-0.6782769847642943	-3.302709549735645	-2.096224715738229	-0.13746960943410863	-4.12201446647834	-0.4855812933422213	0.6681131336729903	-4.730715152944765	0.4803771263201412	6.001548712380165	-1.007549090781041	0.9951374966178997	-1.6970259137031336	-0.020286788281795975	0.13728376076656956	0.564966169488163	-0.7936138650441875	-0.8563276842305863	0.31765741155623656	1.1816394629379714	-0.44138732391970675	1.492517712388907	-0.4097355242025391	-0.5115294695224816	-1.444588726033033	-0.27870801761784214	0.2584453794765726	-1.5790302218320016	-0.3217922490098084	0.817800293663862	1.0107324833870213	0.9972025525117225	0.4077329231221086	0.10473590052484946	0.1288940182987418	-0.1295729043481446	-0.1979284340390977	-0.041561897587538275	-0.3521907230649169	0.1493671453014395	-1.1451095148212205	-0.13816152053994035	-0.17204602483339512	-0.6470123182879614	0.2586190813068946	-0.09287881611872681	0.0269763643603896	0.021539556683821647	-0.3311079884563524	0.46095062024480526	-0.14539454904091142	0.2593915239615077	0.6278639575813266	0.3934622975827355	-0.18153655577964092	0.9588105881816295	0.18017906467912131	0.14881431803564407	0.5534225477291381	-0.4461074009325513	-1.0824774638280457	0.48723126617894374	0.2335723467567454	0.22176948051885628	1.0018498090197725	-0.3880819797158467	0.2351467751654892	0.8381887621830384	-0.35829050414679003	-0.40473580059504805	0.5091552753350986	-0.1666514541862717	-0.29871657598277407	0.13653304186753626	-0.4221962156475869	0.14547441808593736	-0.3959000094732782	-0.7036365453216675	-0.2619900525793219	-0.31807403503576975	-0.34834552809432007	0.22657881318482231	-0.12470833801993601	-0.3843336023427477	-0.05106694173387994	0.019264101760673117	-0.10833689418951631	-1.2092539789860186	-0.04251071953043614	-0.08500611502480414	0.44769793214681824	-0.9596495642268619	-0.6054607267026499	0.06783325375180363	-0.497998936651261	0.7456732710381634	-0.31293909890688854
DTXSID0033469	30.97327031377127	-5.398754156154565	-13.861806391101679	4.168909063090358	-10.619152385547983	-2.279405168423005	-11.41912313123954	-9.644471040624563	-4.820397715961395	-4.326307845202794	-12.821304246968616	0.39038021512386123	17.12046986682743	1.0750476408132015	-2.323683537194018	-0.6084110734608114	-5.441789402587663	0.038123603628723725	-4.631309150369984	-0.3276575787552335	1.3176304974372475	1.2685360524349345	2.6186930028682345	-2.299276676824795	0.45854995770525964	0.8221305437707385	-0.02597120434922795	1.4250199806440877	-1.7728110720025223	-0.737742291564234	-2.8857160319589377	-0.06085435009945786	-0.03350533206103312	1.8827083370140603	-1.7852071021069378	-2.694855608922401	-1.6833984549511098	1.5033047765440146	-0.2762030917646594	-1.8002972396849934	-0.37034165599125046	0.40544597815826355	1.045790923034278	0.29871756047523707	0.424893039332894	-0.6352327169432234	0.6293957264431684	-0.5641635839369183	-0.2546561797372195	0.6246759397603064	0.43168651054703283	0.10966805530238333	1.3956064274083122	-0.02256874821183441	0.13452505666588427	0.03832924664283179	2.0197539777611677	-0.3019973618081184	0.2714214644975976	-0.22845851787869284	1.1243390928698997	0.8321292533153218	-0.7290827763383309	0.6758410651864125	1.0501299918977005	-0.8266995148907796	2.067409985891019	0.8204344930020153	1.8993178938261799	-0.14594498520388396	-2.200576436982734	-1.1803423565533335	2.1462074196183707	-1.6551528032239853	-2.4041528946591395	-0.47193235843629555	0.06500782491325008	1.1065419564945362	-0.08336730441260731	1.2006309386090845	2.690456424484116	-1.8125521504334372	0.8852938480332992	-0.45957664835996465	-0.7387526756952207	0.6401919376878664	0.9520531325216156	-0.6825803199754863	1.3443886243497387	-0.1907093644521434	-1.42063593345058	-1.406639331852235	-1.557764446181597	-0.5830312158879195	0.20382583370907117	1.0598934082225446	-0.7337021552782922	-0.7672697260625366	-0.9070904436307696	-0.12514880549073146
DTXSID0029559	4.75660585007944	-6.049593002367736	-8.255023646326933	2.6062652950768936	8.451304864027136	-4.186329017355415	-1.1880734600099359	7.45150675822664	6.739947805073313	-0.02272484778371093	-4.483186450027135	-1.4329053702783623	4.555281688201555	-3.307938102021622	-0.597694282173934	0.6063802467601057	0.07944450327362482	1.2605991651610486	-0.6832434570471692	-1.5460163416781885	-4.087939917744463	-2.205138490306353	-1.9902893498528673	0.44204033678471133	-3.8748925280135347	-0.28557643189120985	-0.25875729393572244	1.9315926846392346	0.4685697294597239	-0.5553045238103321	0.9164147637726751	0.5202815800774401	-0.5344927341488543	-0.43853936856307785	-0.8926454214509433	-1.1417435444387405	-0.6192512821844913	0.657809052065109	-0.21006981690190202	-1.9151924854396571	-1.1194655456370843	-1.4266739369402752	0.051964480627229026	-0.8548145437681408	0.714002227808474	0.563623645999643	1.399616248942251	1.4262043730946363	0.21459611657639655	-0.12065519444094583	-0.3807832849305955	1.1617494197296698	0.16052296367588123	-0.26896766343050205	1.7196782699686977	-0.9238159914914927	-0.855142984060653	-0.4061430831871889	0.37919394786439686	0.17065092563078665	-0.44946222764105886	-3.889398080158383	-1.2139074762589026	0.5393209351403728	-0.9042049724989475	-0.8242796788899723	1.805124160166865	1.0485696757240166	0.7522767370584668	-0.3258842791592719	1.2565452637377859	-2.584680452637943	1.081132486498706	-0.19315282288041724	-0.2489670625951291	-1.8641011734477457	-2.9267591670488007	0.37866654964753504	-0.16168394871330777	-0.7925137964819189	1.0644576403756705	1.675591353706848	0.8367276645633237	-0.1492017970054223	0.31071834387637265	-0.591220593230835	-2.285859555928688	1.7029109549760868	1.3371599521265758	0.39475905285726964	-0.7298614693645031	0.8126749041460325	-0.09614608264179736	-0.48542018796696296	0.8552449200542246	-0.6877954458281679	1.4338686554142752	0.22610442281292964	-0.19815693723515695	1.5430081195551906
DTXSID8046167	1.0477395747300813	1.1160116471729746	4.25099541921401	0.775565361839973	-1.7704185204194243	-0.5983381632696029	1.39333258458598	-0.39094374969341306	3.0378627140386634	-0.1859949115796133	0.7870018179647692	0.011774468295768985	-0.040651952922086156	-1.6875936012026704	1.6488586350306662	-1.0480797785982858	-1.1054517676211528	-0.5253177669978057	-0.09729712758190746	3.2256715705912233	2.0469429482088044	0.05764658649599652	0.05792742715984955	0.5630792252921668	-0.5930544479004279	-0.34272069812639133	-0.1259529267688867	0.19363381755974726	-0.9806385866571543	-0.0621033931697082	0.8394273727054161	-0.6051460049237729	-0.4462415110249677	-0.19573218453890714	-0.27292581617644046	0.14812354249031504	-0.13822451045856152	-0.39246998969261804	-0.14215672155917694	-0.44690637709445286	0.513768901385091	0.49949448040773176	-0.843595276186461	0.2218746448225463	-0.07090973577669253	0.11783528961241253	0.7237343779652937	-0.6571284962593735	-0.1789248961026018	-0.27176890455870883	-0.06297955390106733	0.02364009055966497	-0.3653276920647836	-0.1215536691349386	0.014537421010224339	-0.7732856208410557	-0.6035073196011553	0.02709569071085175	-0.5141749635967645	-0.23801857606841587	0.22432991675978503	0.6425169645888327	-0.5447146942039128	0.25366591960370377	-0.008567402102869718	-0.25426939679699734	-0.42502389480416963	0.255515649204611	-0.3627405168589649	-1.5621871829966159	-0.10257802554345852	-0.23362681288251183	-0.14594902506568694	-0.02302432009254096	-0.48989388004373996	0.51426350393883	-0.15161985831352448	1.2455066318488064	2.7592002777325346	0.8469552564546763	0.1604818735384281	0.6461841500909594	0.6996370517825548	0.534195114703986	-0.33389100048072073	3.9914685673885097	-1.533801846570819	0.7463596013125764	-0.01582285589211503	0.3661931789808087	-0.6496555356344793	0.2429405336484744	-0.5563330106350773	-0.49091036335018523	0.426656816836353	0.824821403230904	0.4992648418896699	-0.3404781279682566	-0.2687014792886024	0.8394067942236626
DTXSID6023656	5.633122510123365	4.563044899619262	2.523199428663126	1.3337133722212742	-3.0337568818166742	-0.6548458154795571	3.4091309218366757	2.2059933742786617	3.2570295909127323	0.7619315680964074	0.7429764502011857	0.7221135987224425	-0.8979784823576868	-0.5194908998942878	5.1678268729310535	-1.2512545080135122	-2.308374835306065	-1.038745799784515	-0.6617861888361167	3.512165865238622	2.6554640368267277	-0.5293410511928844	3.6213314443977387	0.031992278505370286	-0.6786239363098779	1.843581758982685	-1.6501860422063368	1.1652691052737405	-2.935507000585392	1.9483993493029585	0.5352149696694082	-1.766714479793313	-0.9018268738754468	-1.1474914743709919	-0.4318922736188692	1.7598959425500926	0.5056494293571034	-2.2954975330465093	-0.7463430566654345	-2.824717935589166	0.21879035387933116	0.7020711322376736	0.5398744187287433	1.138771720804986	0.4999098159278031	1.043397097446565	2.2368613486063746	-0.4598656004772303	-0.5208160512697165	-0.4254543437097285	-0.026822626526534443	0.6392111022713769	0.5745410256927919	0.16183185250927928	0.2735470721834393	-2.3664789850915633	-0.9935791555156246	-0.6312354164297473	-1.0243045440833112	1.2894738128815033	-0.5377838809146428	1.7732074773843467	-0.48313343030381467	-0.040019378983005796	-1.4452020756355834	0.9121328113714023	-0.2955996030065716	0.9712984771993038	-0.06293665843050125	0.265851778983548	-1.296425912495405	-0.41980395492592393	-0.9469991804258847	-3.1299888240575156	-1.785161145377435	-0.9665430503362079	-0.3294293640198483	-0.5555776885054311	0.12320460590090533	1.6443629951888132	0.9965433820400615	0.5248589003315894	-0.1435750318051025	1.0084490048533123	0.5015920906031678	0.6521462011387263	-1.0870541643937022	-1.7437359879368601	-0.031192313704530707	0.1560363787830527	-0.8269431184099332	-0.2667141497935703	-1.0915918810577796	-0.7621892225740508	-0.26661428774222107	0.005036634692793475	-0.458769848604893	-0.13519993776788586	-0.15786294069066314	-0.05231608208797216
DTXSID2040733	3.3879089347371516	7.1215030790011955	1.1490030673313045	-1.2998702985255681	-2.9279804127917615	2.123166617645945	-2.3464494042563446	0.265845823405275	1.3289115991252292	-0.14333396707632776	1.5940000060328874	-2.271540278498661	-3.397599399517368	-4.341272247656792	1.2813014960264657	1.7315423632651896	-0.7177326017721323	0.2012146168980904	0.21313182256834382	-1.5157078834377766	0.12787267562778112	-0.811289851428622	-1.5473168112683093	-2.5692584473485454	0.130501288802597	-1.2217303652932423	-0.8876716865305674	-0.6186363384928691	-0.5926644335775507	0.900081180103833	-0.04283078696028533	-3.4355217028724097	-0.5407507909868431	2.2564702383408664	-2.559430906184749	-0.7838108870361491	-2.0598056092996813	-0.3530983619196726	-0.09745728279043853	-1.1616099367367074	-0.2096328273887789	0.9444906347986245	-0.7137094777534445	0.0033615864372458777	0.465689413323746	-0.2522458587133615	0.6280489488220452	0.9190935433472798	-1.5335450260255175	-0.7418732231853618	-0.6971192404764105	-0.29008145933585056	-0.82465791677223	-0.148351044243382	0.15176915389029647	-0.9358492919732231	0.14808718879927402	0.42035151730212383	-0.3827217508814909	-0.6660310818635977	2.1126999409923632	0.5906535142038044	-0.9548088627421522	1.8787828794493822	1.080275731563559	-0.18683803342443323	-0.8844080558158007	-0.08145211395347529	0.5467033148048805	-3.6612407276300614	-3.1525437635016815	-0.326077083199226	-0.812590103105031	-0.9691164704485571	-1.3592923018724674	0.9548845376000042	-4.2336126627080635	0.3606851511232768	-1.3335515031362613	-1.1484060626191113	0.6359725157430449	0.11318641588671584	-2.6572088047141786	-0.030560798100631087	0.9743367727721819	0.3780022104046019	0.556648221368963	1.5431300053960892	-0.24079196382353102	-0.4635578757125117	-0.09731452546197575	2.0383640224387545	0.3909603300643637	0.6777841100362202	-1.5531824254055138	0.16088659889169776	-1.3315450744347943	-0.816678685926493	0.8833424260042725	-0.18958103825481484
DTXSID6022004	-6.590643646120585	-2.330422004548005	0.6025555594718843	-2.094061568817179	-1.8299883245373452	2.4724750134956275	-0.028767677236376417	2.4554666020678053	-0.5436239652156193	0.6636430996315162	-0.11725742777905258	0.12210717416601173	0.3239728858288506	-0.12936268661964548	-0.26139664883708735	0.27167430023647937	-1.1265843867444323	-0.20637754568232067	0.008874188370267589	0.12485978342125949	-0.38026642238900005	0.22877887683209602	-0.4331600551077885	-0.5020464535138776	0.30554769490790307	0.9782163340894057	0.15668901243463126	1.222230543422843	0.3796761966974974	-0.5632396486135478	-0.19675824330349923	0.15698710056296963	0.3348264206920041	-0.1440285446435346	1.109340797270212	0.6098730020372365	0.3729231995102924	-0.5039906575255053	-0.18039203092842993	0.44621452075259904	0.32889462173908923	-0.8525200210201095	0.12071500478180758	0.29110336400371106	-0.1017942091266298	0.14943425926187656	0.33317582129162177	-0.05425397308451057	0.3101518665944758	-0.3423660522298574	0.013694183677088198	-0.16162004108214734	0.3249353257539765	-0.10559419518878908	0.18809471572539177	-0.25802511843221393	-0.4101272862771267	0.259543733072431	0.18832896292428614	-0.5354961853244714	-0.5402331755642236	-0.03815810522415393	0.1486875556183469	0.8426718474731739	-0.6482282257292077	0.26336600178790404	0.625234367108197	0.10394826312127801	-0.6133244315260286	0.1360795627470923	0.4222592152197602	0.11884020756077428	-0.22430073494331973	-0.878917365890781	-0.013795494697569131	1.1472514980529909	-0.290754656414317	-0.082234145843205	0.9517692409491355	-0.8401603539459429	0.4701395532811626	-0.45993897496208797	0.06331533892375144	-0.1924025831280268	-0.22534272610809697	-0.64128500912178	0.28793318156772185	0.4120463327894109	-0.3921972942073422	0.32769208193799343	0.10757233033874414	0.2731847296637636	-0.94413012785707	-0.02120904017570285	-0.08334297548083071	0.12587901933906237	-0.014402783185415931	-0.12450644681451067	0.06073664747405754	0.06792533288432814
DTXSID2047274	6.920563911658201	0.9662757022473933	-4.05713279534236	-1.095629497854735	0.7068431846094932	0.461439250300986	1.4293938863390132	-0.329159487665492	-1.738853933602145	-1.2420452123530428	2.561945495836334	-1.2015696042118265	2.257163991976403	2.446110176497051	1.2930779520633842	-0.7533367432144661	1.3737958397729915	0.9264634234888607	0.28330171264734033	-0.9038810113734902	-0.9495146529895354	-0.9554004442089412	1.5696307627528139	0.1053361763318604	-0.034412330265667423	2.1141719746639636	1.4888606311881967	2.516449274234503	0.5467967730755218	0.09931855712922409	-0.5152973430288653	-2.1808766767537455	0.6619777245887134	1.1418017967942107	-1.185859299052706	0.4046336603285451	2.3335144744861425	2.559024587548697	-1.156895189751854	-1.4709160956200806	-1.1690288965942204	0.10736650163543927	-1.992445353061338	-1.2504137525070183	-0.2732241925821238	0.11255159955511479	0.5749301228592326	-0.9722132332001938	-0.08970606882811116	0.32970020936777994	0.17062887800865567	0.35264149894463503	-0.2671604943260481	-0.578527569308001	2.13034834392411	-0.5946104433372982	2.4265571193136495	2.445223816378499	-0.057239002007903855	0.04745119823683357	-1.6159106482944765	-0.2563806283692352	1.4070198442377724	0.6963992089315317	-0.7723934308549911	-1.4862227475431686	-1.6734363872102431	1.3873816196700173	-2.152696504332832	-1.384227194944072	0.19784634387235145	-0.22793054029175897	0.9960734025068692	1.2025291074302318	0.5768631289441873	1.4928935750626704	-0.5399609885883921	-0.5842331948394963	-1.1227096439328053	1.3741686049771449	1.3569104997040706	-0.26836034993616587	1.2541420049142036	0.38202297204441216	0.30705756113414984	-0.030422616465350712	0.4144333811591784	0.630839050931507	-0.5948999170298715	0.17282096060801463	0.12915637926665596	-0.6761730512669547	-0.632592842728747	-0.5339766875450582	-0.06043068909543975	-0.014087055156818684	0.21244592208382362	-0.17723517914583062	0.23788635156956944	-0.08310868041988485
DTXSID2032348	6.324923009166468	6.096670890247071	2.5949908570849045	3.36521826201363	4.06154235557717	2.4174235562505073	-4.546883710686183	1.5484931759117555	-0.4518073845691023	-2.805479548774499	2.2064865841311123	-0.32665379517958426	-2.176822215265434	1.7782732831054522	-4.936833189044344	3.4263382359694003	-2.094111432143815	0.15079019799817311	-4.175242363455666	3.1137620642755888	1.0286387279865188	-0.3842725527484427	0.90001403604684	-0.6392939496048717	0.12315981420010068	2.3474120347560654	2.876020504200722	-2.835503313459995	-0.2528263652345257	0.9337572460493596	1.4233438032931272	1.6949892529269768	-0.6863970386473274	1.2827869217768224	1.2588494896609568	1.0955414007698963	0.5542543558584263	1.3857992598458402	-0.9361395396112929	-0.6523277528520324	0.5355099118298832	-0.39359356549598734	-0.7979960271663495	-3.0612774219925116	-0.5845455032824511	0.846015529791809	0.015731773382527153	1.4589963841063198	-1.1959935307995333	0.1472874275864557	-0.4454569670281292	1.2082517011265625	-0.7484918688130344	-0.06899588511445108	0.48298985944221895	-0.23933613863449765	1.1356135573136035	0.7301273897770701	-1.634371721866877	-1.1841786554831508	-0.033509327286139	-0.9438223943071864	-0.04178914346699011	-1.2096660917452682	0.12847306102690068	0.5796402076141299	0.30730386758427775	0.1523206077125457	0.1330996173393708	-0.8899919606052781	-1.5741002391915448	-0.805447523554643	1.1984426724158181	-0.5997260076924628	0.7834363210439943	0.14870881594395405	-0.25158643892031574	-1.0112996424223377	-0.6344069548243125	0.2255729286438028	-0.4629152429577436	0.9621851231438888	-0.777887833294582	0.4555214075525254	0.7910205017821829	-0.12682897461487236	-0.262597826523761	0.3859561589743381	0.5285228793962173	-0.002160622569713289	-1.571431906249454	-0.29526398811448584	-0.12666910558042674	-0.186618395818601	0.5101099627554471	0.24141811384718084	-0.231166219729689	-0.37522789170628673	0.3642758279577265	-0.07388188624867763
DTXSID3035341	-1.1771250599585759	-1.9726596525570197	-1.9504170137239207	-0.24823768278565794	5.2939990305518565	0.5632148872286445	0.2289525695445457	6.208207985318522	4.332912455927912	-1.3881403701627544	-3.6194987546446065	-0.7302883235262351	1.757388899990746	-2.8670394287151497	0.6828258035466207	-1.3170082446079971	0.06386119132593998	-0.3503629610008037	0.3739761393567598	-0.10304750925599408	-2.1328129542137386	-0.9743862437374965	-1.5901495186422654	-0.27669341685086746	-1.269914040948707	-0.5260147703798855	-1.1078463216398415	1.029140404740812	-0.5480549926217844	0.27074991960672645	0.6924147121243084	1.065759982451429	1.1311805800046097	0.13804316930387747	-1.128209341169637	0.43782131626697746	-0.29532282760638356	-0.0013107009929904548	-0.23518003564641773	-0.39814491754572656	-0.9282117108397004	-1.182275323190264	-0.16220776503914056	-1.0974350841819092	0.007983163385456318	-0.400742565238341	0.2502932842482586	0.5769766721772807	0.15345231076131083	-0.23886040648532908	-0.30768710375846864	0.13787005811267164	-0.06959659735148734	-0.273510039671139	1.0380379685316197	0.32378696816133523	-0.33332624985569026	0.018141644741524403	0.4378649879890733	0.06512101411334162	-0.0743294231469819	-1.7741970121519086	-0.05514336688116935	0.1773621924563276	-0.34953053707526854	-0.668411108789276	0.8197254204823504	0.7728521176230839	0.5898650532064078	0.18241637872881145	0.4087590115832285	-1.2443572624048966	-0.25676421414937367	-0.44442677469899394	-0.003958075587781346	-2.1473029899213927	-0.760512596016752	1.2847577069492329	-0.9767566068647885	-1.050685288249192	-1.0895247476393555	-1.655044906680647	-0.8193566625440799	-0.1645332504084008	0.412032180691563	0.8454031671655746	-1.2259517210369784	0.33106732355926716	0.6639885799091645	-0.8057636978431125	-1.1062022085384757	0.32384687923054417	-0.29749907936526754	0.3245973436320018	1.0526179868290477	-1.065145183760034	-0.22092001328563002	0.19106794794609433	-0.7624310658736679	0.8417860214847477
DTXSID4046656	5.457150360347495	-2.109604020504619	-1.9503259122807899	-5.0763429931826245	0.806744892566589	-0.8000037073687983	0.018386767943924503	5.218418554188396	-3.2118950350341273	0.39427962105751485	-1.256655583976886	0.43343979242567593	-0.6010363260825727	2.633558747848951	-0.8113880208871859	2.657784845786815	-2.475309427097045	-1.4780460482024347	1.0569612595028648	-1.974229802108521	0.0461465997306816	0.3851726917682437	1.231183198355095	-3.00345461372904	1.794832400232074	1.0081935879648771	-2.583996833551139	4.059430617471911	-0.20195254498070378	-1.9118878624992912	-0.029249759322631647	0.29994975027520243	0.9554597772067651	0.3673796428238275	1.5930284211302272	1.374548527501893	1.1967677945061275	-2.224485796860366	-0.12919004239715295	-3.840566287463259	1.8291899826711755	6.745534196744318	0.24617255171058514	-1.3881203447093304	-4.9185414648395165	-6.468002751424497	3.783281683046957	2.7097499834948895	2.073780065575267	3.264779797964535	0.19666859315621865	3.067333965699944	-1.729658237391029	2.003367834890639	-0.1766706755333671	3.3350946698179733	-2.109072998004714	-0.9170037108390314	-0.7540382636973302	0.16079841477034723	-0.6881019503999282	-0.6125503063906269	0.4599234707408023	0.9361337442879728	0.9459585249388328	-1.587779413940379	-0.16530162269326754	0.858728773059448	-0.43761701000424374	0.10343763071302221	1.2468073429082438	-0.41749820357221995	0.16020752211434353	-0.22660181716753103	1.2596007560483058	1.5124745696801856	0.7731230522570971	0.36358739312199573	1.1724087370340173	-1.3765003835612846	0.2843957826136485	0.45732725068689145	-0.31566890087233035	0.6221118975955805	-0.8318961007943161	-0.7646344406087766	-0.0008574394384676409	0.2076363957959317	-0.8018271436253813	1.1129788791512232	1.223806432067061	0.5692446853432193	-0.08922826758038543	-1.3340856961078755	0.889178158305691	-0.06980273042393978	0.396206284790762	0.3690586393941522	0.4695851735522328	-0.6001101622325531
DTXSID7046126	0.3349847243180123	0.5215532698857955	-1.38140839241009	2.5871284090800617	5.680314956178043	-2.365174189753652	-0.8796848900439964	4.986293344784926	6.131483300932563	-1.3184434583323026	-2.596958675445842	-1.2962901473116855	1.5684905367919155	-2.1698415437119887	1.5065892395772593	0.29830112594590635	-0.4169261188987344	0.6074636745343992	0.12790194117638135	-0.9150558335921203	-2.127582338974336	-1.1788091539063452	-0.24411367274240878	0.4683952966365614	-1.2104702932125215	0.20163889649860423	0.058120830395536484	0.24478776341686875	-0.4678138441729377	-0.6813812194556939	-0.4764812732809445	-0.24248492209734462	0.3898296931651869	0.32545002855872185	-0.5791078825295896	-1.3437246912978846	-1.2544606936689955	0.4972729366019377	-0.886171714821126	1.565014226242448	-0.427295866892886	0.022501649775569135	0.8154532974279673	-1.3824827777881776	0.03833183936555453	0.0866965326105661	0.17634070966512963	0.3494263902947446	0.1801184711653882	-0.38121532482287895	-0.2033670135255509	-0.013342124542186676	0.42329639820726245	-0.10518059098718562	0.6839205323930577	-0.038053459554107646	-0.07662192322386908	0.9583596552498791	-0.04052195712513103	-0.6757149878541959	0.6672367268638818	-2.472641677335809	-1.1167827767010878	0.4192027483717277	0.8848189403021743	0.09364160704454072	-0.008524771741081294	-0.7934800633579411	0.8708484446102613	-0.5770860811903162	2.5764250661161006	-0.9663666488013483	-0.23780700115070985	-0.7221718798620497	0.7624988446827674	-1.7978100025392725	-0.011830743036216335	1.089709008656977	-0.6455394717369667	-0.5153333865765962	1.1742254735443323	-0.5599384339682211	0.5687943222995469	0.7404713740341307	0.3239595010735076	0.12424890735477422	-1.3870406155218906	0.5706471132329877	0.020590639777403063	0.4952259826879666	0.3872723007483603	0.27486031736768507	-0.3414411323451614	0.3914921975155226	0.06495142078787584	-0.3670872426914192	0.06916836613141585	-0.09658278488605267	-0.3962362793550418	0.8989099206921014
DTXSID0057671	4.758844768633781	2.2006575397440145	-0.38989826566449814	1.0665074519752502	0.7090492929404937	0.9458049010534652	4.109060849941003	-2.3997686399052807	-0.634674932465707	-0.4701993713024355	-0.9558101230218474	-1.1836079377156883	0.20706751696526138	1.1112498688041244	-0.7325611895326346	-2.477619843439465	2.7193574191135066	1.25278654138957	-0.781658124253926	-0.12670684680585884	1.9982972657971094	-1.2170773958004486	-2.225259229135974	2.0908258272884677	0.8895762869554994	1.1669649410212566	0.4448568041109593	-0.7288103772975705	-0.24810408037241927	-0.4038571295546888	0.5938491007047574	-1.636503209113628	-0.08603281602945366	0.601099729702739	-1.8951968817565648	-2.973459370181556	5.430801545620336	2.811939156208639	1.9219389576556059	2.081265363398938	0.7550668869939324	1.056042711419991	-3.253559744828084	-3.3286618691113095	-1.7900369985545743	5.405850142867624	2.583583377281354	4.1675971429989795	8.170646748655372	-0.7252842342062437	2.113106617691607	-5.025660201882747	7.837614788971841	7.587697592996434	-3.6471421657597984	0.9314879054786922	-6.348287014600531	1.114680028002333	2.4276373954017814	-0.984549433613817	-1.145923953781773	0.418167768624888	-1.4986639538154853	1.2846077458152212	0.5263666922062656	1.8662094755198224	2.2126404721980943	2.119782260376524	1.4994785979165055	-2.60557555695265	-1.4851632803762447	-0.22299210473275274	0.34755086986215206	1.3561460146822184	-0.49404737675022514	0.2999064432475819	1.1353797902110432	-1.989998651414055	-0.8726479064008482	0.6036028653262787	-0.7660097647811285	-0.27815377186818613	0.1600132303669221	0.22064804556364623	-0.9093049099307455	-0.24141145715900672	-0.5233256475478877	0.25597210216486194	-0.6364846034485488	-1.2805518373204199	-0.16524595034055528	1.7819927795159425	-0.16602984808843335	1.133787471791851	0.6588502378662502	0.21465676361377528	-0.5915162730490805	-0.2702919161861444	-0.8565164136431358	-0.21850340201599358
DTXSID9034868	7.135949873978454	2.4920262087574763	-6.730144951737114	-2.267912857406116	6.239625666555624	-0.0022734536608744116	4.781533320237742	-0.3517800204121979	3.9655968241916955	-0.5687863210798692	-2.690595364730723	-0.8134424222197925	2.092518843968561	1.0012493840607652	0.7349338873216001	-0.7847764063183575	1.5917412788740466	1.2757086310015446	-0.36839415614405685	-1.5008694632192339	-0.30684002501029184	-1.5923919987194393	-2.111940258280807	1.1508234509125026	0.7944958953089221	-1.096175652623373	0.8620050071161002	1.148206606283548	0.2311385203098411	0.7524404924654697	-0.28083652858872904	-0.5432452180897979	1.545384313702469	0.05174623589235189	1.0456132209867899	-0.19942373752440806	-1.5066813867734021	-1.199345670291598	0.20769299245391565	-1.277185396674815	0.1402925292045784	0.9757866107137242	-0.86610907144263	-0.6586413170571996	-0.59050905804372	0.27779988616115714	-0.43274787323529	0.4609024941151846	-0.395055556776769	-0.8381613620075143	-0.05226153874464899	0.16355630408357383	0.1698369355045771	0.5390853169170023	1.2286391617048071	-1.3432987240220413	-0.21200412859653076	0.10180191125034854	0.9966655006526648	-0.9092745931275934	-0.889499996907886	-1.479781017209116	-1.2687466496128688	-0.8779545705323699	-0.2434936805052894	-0.6420247196127947	0.15143712602961673	1.3421885833289138	1.4879595495306694	-0.3770601651851532	0.7323710080723019	-1.2041918967468046	0.14694730516408483	0.8801178777627134	-0.574436436547277	-0.5528941257930486	0.06728241062994247	0.1517570352814093	0.7381354129229761	-0.9473026837699827	-0.013960735396931332	2.2002999674697628	-0.9943987516460585	-0.09261050627310433	0.6350722203696902	-0.2900912771065001	-1.4843832503853782	0.48295390378821595	1.5511196153758826	0.8504652761509247	-0.015511743380469822	-0.04850222172004635	1.2912338693852805	-1.7553328219792461	-1.231601035415935	-1.20313507899093	0.3608981407977587	-0.26101672665530773	-0.8081802589451815	-0.21498390746936705
DTXSID2023725	3.897537086794705	-0.07193783296303635	-1.6326585154908104	1.6771721209499346	-0.26019607480820595	-3.1362943086774897	-0.12034612492637872	2.2712178060313213	0.4376845291416315	-1.3648363116734075	-3.5934980640153187	0.6233651247082608	1.2242484903325932	4.182064240525156	3.193542295482454	-0.15124959206073174	-1.608764315950414	0.6762771221628207	3.018949712068839	1.8694495238884385	2.49067131909065	-1.0411908616762213	-2.432813328747621	2.3421273241136986	-0.06825997943628584	-1.2629563348770156	2.3871620189927882	0.09154288969520616	0.4212122837157362	2.156986415101481	1.3418662623329503	-2.349189581129403	2.6241370135468913	1.0723116856660895	1.5463681689518707	0.3003997132138155	1.2623175316517976	-2.2905910063779276	1.1874121261484714	-1.6213626354422843	0.19121873664330963	1.2013759000845239	-0.5618453604187973	1.267464373759133	-1.121295181656203	0.19415252580401715	-0.3257231759458981	-1.3465786060006426	-0.4680991288789756	-1.4544315498637563	0.4820076130958254	-0.0021866140713025103	-1.1270108305729418	1.0160036132856627	2.2751829935036487	-2.7471446960714596	0.041638304656920526	0.9054027393703222	0.873935796542152	0.7853321442927491	-0.9593148197626673	2.789771276078337	-2.3187411599193952	-3.027880945249231	-1.327645601842888	0.8667041655484512	0.5596678189306207	1.525141247095866	1.2725104824712277	-1.1016310569017702	1.9475264544350008	-1.4577408852914955	0.9354016958056872	-1.761891484435668	0.9672786182415458	-0.29725365398222353	0.2681213926528479	-1.1503310410279697	-2.4054043720375726	0.3526204752604036	1.1882577187276577	-0.3732777628319962	-0.930389785096755	1.8780190925364801	0.7504074149093687	-2.597980201373408	1.9185712554474401	0.5313556333525935	-0.18209382528791632	-0.23605287811848885	0.8814025390158488	-0.16098229860262603	1.9262496317268918	-0.7416957411140984	0.34185060882917584	1.1237105010250361	-1.239068607405199	-0.1050191746363585	0.302879527135941	-0.9472617675429015
DTXSID7034961	-0.04541753225840258	0.6780556264949493	-1.3373522213984432	2.4932185994161986	-0.6373691353357457	0.5112573146411751	5.528058660945585	2.090140511505421	-1.891054033231065	-1.514619050544273	-0.42151343269577624	2.0048375138753416	1.4231724853653802	1.4186861544617895	3.5055488346130264	3.653106784495271	5.3728239578276735	-4.0824120653838145	-3.4075564251302453	0.9986253094517312	-2.0057463024313464	4.889940580185918	1.2415160545259587	-0.4053237366635334	0.11103409967069426	1.438337364201505	-1.644924480883291	-1.2326143605189976	-0.9304585628883282	0.3526232484100367	3.3681357377214884	-4.150023114646515	0.8687613739757567	-0.09441250004096256	-0.9154293460741739	-1.159301046676797	-0.7698699992966032	-0.24682752017885312	1.044989793370463	-0.5810676364785609	0.26173813803247753	-3.3815738809789546	2.6509124551128402	-1.8329796113064942	-2.3563397137600375	-0.5800837425127897	-1.270003706135481	-0.731028805118998	1.7058965409061768	-1.8359891155850503	0.8297928493241972	2.208999416343482	-1.3465913789914272	-0.19192261513220749	-2.72817506408096	-1.5186769521211134	-0.33889493573540547	-1.9411158484494655	-1.2749288912254324	-0.8033375263422035	-2.4373079153969424	0.09456972306688338	-2.394162885017455	1.3316293219753055	-0.5031433956242258	-0.2981078871657905	-1.0057666757594423	-0.25701066579433934	0.28762514287411656	1.9219067190457426	-1.5035000998997774	0.04418746806460028	-2.006997438572143	0.244852659435005	-1.1359466210669593	-1.4240373022799953	0.6941154418693792	-1.8159987735148135	-0.44938605621898386	0.30025149168783377	0.5460928690212915	0.1272988378510552	0.5338818862300628	-0.05137011662202356	-0.48703934444784786	-0.14322735634135128	0.03686899717258807	0.5873882211386791	0.13820852111796655	-0.3727493077032694	-1.171909155851062	0.010230347775891895	0.011685724533834001	0.7565409450151627	0.15239590300626707	0.39730218531612754	-0.4217400034873202	0.47562362174682665	-0.4367525673594266	0.5337408324452252
DTXSID2020557	5.03044870082654	4.8991230273265405	-7.759606668459294	3.1221017472680708	-3.734736403545006	1.8108735408335908	-6.55339726549098	-10.021218916867424	-6.48296464956919	-3.9988651840656577	-13.764173768677404	-2.131203683584313	15.450678314291933	-1.7835498242901986	0.22760154225913123	-1.8783809397377143	-7.575701528155662	-1.6160550847550657	-2.523823140132379	3.515634223441002	0.8438528878802078	4.054066888364687	-0.6529667817491746	-3.876436472255621	2.9897397425818752	1.9179399752212736	-0.06477405432145061	2.4028071192945326	-1.0458060801628544	-1.2934519841456524	-1.2937139273314406	0.40025794310774965	-0.8168852337915673	1.8696418328368605	-1.6302144238448824	-2.3193284004726045	-1.8155530673774942	1.4329888060429916	0.6978391998473245	-0.4020281592098503	-0.4566851430912545	0.8946756758432596	0.09583156446596629	1.0121233823889813	1.6949912632071997	0.3960743486653534	0.0038518460793591186	-0.5262637526792017	0.14760937246458392	0.7262176836047979	0.9236089370898968	-0.7082689910198922	1.0617039690992622	1.2555149571576105	0.0348879952645649	-0.032597451625691685	1.3707489022741381	0.42496598785695805	1.1475177982673543	-0.13007872995981237	0.607387813277875	1.367517632678414	-0.6539980601911081	0.9197244685299938	0.2129391482038099	-1.4638162772829864	0.3476758984152655	-1.9042895121427807	2.532033211549139	2.5655038769686387	-0.7591726949206211	-0.8502488369665464	1.6173391865289313	-0.20616395920150452	0.5347452340907908	-0.5667330202567528	-0.29194324347195494	-1.6007718836671159	-0.5539243609579829	-0.2509411561330945	1.0517288896688952	-0.8037406283601065	-0.021977688402471645	-0.7704191306980589	-0.7606219265718863	0.21852383756425495	1.0492483765881107	-0.32188683590225575	-0.04203753211646225	-0.7563171538112823	-1.9380315100565748	-0.3493966023462463	-0.6770328993103558	0.2606433777885038	0.1264522884975082	1.8521112907036996	-2.128378028061858	-0.5257160289153897	-1.618714094071419	-0.6728464920702779
DTXSID3026148	-1.1982867819510101	-3.2888710103570697	5.607048573353021	3.1557176139634153	1.8760544288600352	2.330633924163923	0.24613327985162772	-0.8625087703089571	-0.49046278738676935	0.5810827017623387	-0.52779887951116	-0.26814468926647167	-0.5155147604426115	0.4185440821713744	0.18917353713381754	0.39771060716187	-0.26125659135974466	0.37165759483599603	-0.3555674165408644	0.41677040755952005	0.043556807018207945	0.008868466610225093	-0.4797960138788726	-0.13192887104815787	0.23356412399095583	0.4813672254038337	0.5022141470116962	-0.41182534779353824	0.10687791884709798	0.14385100691092584	0.6966151227625994	0.6022929580958364	-0.24966071413819949	-0.03411640530062341	0.6889425556391896	0.5371189229415889	-0.09167883871807053	0.49474771477126844	0.25172269335014574	0.256014559089517	-0.15043650480881762	0.19552493099441134	-0.6537635266864271	-1.069209415336615	-0.5370660980467792	0.4078757593461173	-0.1368681431720778	0.6983515250007816	-0.0703786356790319	0.1198821088783139	-0.051768405707829174	0.4700995316139048	-0.31185067439465186	0.1969566888689533	0.12122213781636795	-0.2636596943916549	0.31932754946857805	0.13757452349480453	-0.4677409356383245	-0.03177996284984452	-0.006450728956308483	-0.5246000109678224	0.14049120853723343	-1.0532006724834735	0.2693981782256974	-0.12836657521983458	0.2449560186452536	-0.5584276376041558	-0.5554191098501372	-0.14006253845293992	-0.46223217713903136	-0.021607162261168752	-0.30782461835357866	0.08633339443813234	-0.6061008791793271	0.7174913656036305	-0.29041939893441887	0.2900289610527734	-0.11155353361742204	-0.5080873582118235	-0.01586141613535	-0.2603221058298444	0.15594042033511063	0.32455733122898706	0.26704231721837257	-0.4792007327701466	-1.3469582774302225	-0.10179927491065605	-0.791411592766527	0.544135133864961	-0.5721370895725371	0.6374948908595819	0.05205839781936617	0.6954048188637051	-0.28992320283970835	-0.08880115713308473	0.18937585717915076	0.31331473433930623	-0.5636747534351142	-0.2729439168546655
DTXSID8020337	14.907985037125243	7.055940547136786	-2.337276740683067	-1.9515620876126043	0.12100264460672704	-4.653684365231208	-5.028512789014819	1.681753256560317	-3.436524513757574	-0.9543148825510995	9.674096684860812	-1.8778555547018174	4.0724440826528046	-0.19775327194035938	4.613698643087686	-0.18703609562446707	0.462929090636642	1.9223121672784302	-0.2392043993617773	-1.6240710796479352	-0.823342761304738	-0.2179912508050237	0.8528670434465937	-0.1235718999727014	-0.2904061369751392	1.759228582160129	-0.05862026748923297	-0.45499280093573774	-1.2254631392355673	-0.9935673562560764	-2.5681189620907876	1.9900230345517014	0.20320209302102385	2.084472200479884	0.6547413296321707	-3.579529887605402	1.9816149836069703	-0.20834721314413915	0.6652776257378721	1.1168076134593572	-1.381209434317132	0.27131398907246357	-0.26566945556691546	-1.1803423320256303	-0.10477225659378182	-0.15398373572707882	-0.5344134080282443	-0.5908686773518764	0.26904840927154966	0.36417880503382505	0.12228663852719067	-0.30701716098706294	0.6704891726017678	-0.7040166351916073	0.6643251709516699	0.3499120813886205	1.495518337992268	-1.0182551488060863	-0.14530593149750562	0.28295448039590904	-0.4801335676370863	-1.1725696896872857	-0.1684521626307643	-0.29441414199305993	0.5497724692651236	1.092207915779759	-0.5024361430597212	-1.4616010797220196	0.19361966243424114	0.6859346142627796	2.6175732332945354	0.23066581356470292	-0.6412105092861345	-0.9279689546789041	-0.17803410555753846	-0.7443434015984478	-0.3431491175245273	-1.0252682922632539	-0.8061309070711025	-0.4040179541300595	0.3893344044972918	0.2795654564012947	-0.5894133501488177	0.2602053960673576	1.9232883092797324	0.4225771712696965	-0.15755793677114646	0.9582487598166829	-1.1818901149095742	1.2400496260016443	-2.5257586300159813	-0.19421001258802245	0.9587028309370709	0.04377736929769476	0.07623884205693662	-0.1271502351540565	-1.0214503700080628	-0.8451335030192614	-0.0884136955370806	0.3125009144938873
DTXSID1026536	-0.15992948765986373	1.770469919292045	-3.2554567273279242	0.9508537688788128	1.21633129310389	0.453447446286371	0.4162346786673985	-2.196521457287299	-0.5644795026877232	-3.254485148663766	1.0961568442525351	-1.327813936711633	-2.7910704485351925	-2.2932961967457866	-1.400285816862174	-0.24297818597936766	-0.2596370066443494	-1.435537856484063	0.040499513074585214	1.4168168147819418	-0.6385717901204238	-0.08555751603579399	-1.3506954708232801	-1.174367882257857	0.13364827549678496	-1.4395812922750724	-1.6716099685897499	3.7828474644957106	1.3965665731758758	-1.6615359541493306	1.1598486337956657	0.7824736658136184	-3.2191064119593507	5.9518505909578625	-0.8782309207559744	4.698743904266337	1.7226861196980194	0.06784789031505384	6.357220440739219	0.14902684251547907	-0.20980152304337102	2.7400062344699947	5.631397323406233	-1.4704944167817844	4.784914514227801	1.805091187948867	-0.8128634015691726	0.47695483250792947	-1.0778338085089867	-1.9198359567428018	-0.5709486036921072	-2.636399489259968	2.3302066080794246	0.7990419265391855	0.24373954862954103	2.937936745824478	1.5618066759435294	-2.290890868263522	0.9391497787214443	-1.358094172704994	1.596034353646241	-0.9945969930918999	-4.646779248883693	-0.5965045639090367	-6.465399941856542	-4.504986310740966	-2.4607924420809835	-0.9844084609122601	0.8259676838689799	0.3885548792992504	1.9506175108160948	0.8095320652104857	1.6413677024613762	-0.47274560915997604	-0.3209352542244842	0.8940761735083349	0.949797873663687	-0.8437993365743064	0.1283859211367911	0.18815072881020106	-0.19198832442500507	-0.7449535829472018	0.3246951698138555	-0.6956669543590398	-0.2545459671784076	0.17069629683234466	0.3391496672947533	-0.5386980336796315	-0.4477258876881845	-0.2285139937150209	-0.48124299576762636	1.259078255575411	-0.742409495499633	0.704146643681262	0.3686120117380633	0.8024093942545297	-1.5006830680895382	0.04025868516221098	0.10858379701622915	-0.6823761626958029
DTXSID3034612	5.874032153308631	3.0378336220838515	-1.7511927512794807	-1.778519917806203	0.24916593889534347	0.15653573053981426	0.6957434149184829	-1.5199707543909835	-0.4328521551792852	-4.020527716523711	-1.6656676948317342	0.09908591087339765	0.9694329896180731	4.602141984793721	-0.4021853639934265	-0.29712246760218736	0.6931248993282312	0.09809973752737841	1.4448329726167684	0.30024609587532103	-1.583574671482497	-0.648034997499872	-0.48824644345446355	1.1177675584413018	0.8276036053931685	-1.407457819064476	0.35626903468099097	-0.8332382587127449	1.1556681090859227	-0.447540154661944	1.1433351464683794	-1.8368722977038563	0.05244480789428454	0.28679308937939546	0.5503251294608724	-1.344613658376856	1.8166757130962454	-0.39896460996433447	-1.2514872526982224	-0.9466800736809762	1.307038699261666	-0.03848948626503981	0.5883689028170838	0.27242624238629154	-0.7772556368801247	0.27676877674152695	-0.5227845386987733	0.5154665413791963	0.21923611819881952	0.5891676927640986	0.04775550460043327	-0.4363544638748645	0.07949189201047956	-0.28368736193716015	-0.14019587871828398	0.27171879710040125	0.7580679263187482	-0.2748187766635513	0.23198380993330675	0.1844093865508081	-1.6149307212459978	0.16679239634055176	0.6595811670454549	-1.5329941911728024	-0.6827380724022597	0.10776540374414476	-0.5183148094886701	0.01540492485171591	-1.742549984958273	0.4594600194147267	1.4428383898712935	-0.4862099183760344	-0.4759339488941473	0.47477444225543103	-0.9584836034950697	0.6902234658223492	-1.9610787452169973	-0.11641104985152427	-0.8788765507939488	-0.594839812064287	0.15746242801867547	-0.16259438801969364	0.017698280702680497	0.5192035642009801	-0.07705212459449502	0.31082559823616	0.6777339829691976	0.8498252950706277	0.11652725553482787	-0.8348660962180722	-0.7166901884364371	-1.1308610761524225	-1.1108880857394563	0.07105992525253145	-0.9360143017217261	0.5163154916983467	-0.9064465216935228	-0.14746379257965783	-0.3957979872631632	-0.10485102554152033
DTXSID8027400	-4.449701244806385	-3.279325100954399	-0.17489873974614936	-1.8160581117558787	-1.5401239902072512	-1.3097622011192451	-1.1036833891790356	0.625688516707628	0.23635051432590767	-0.8074116016040261	-0.5355366195412065	1.0219554923275964	-1.026553682737573	2.7415896767023886	0.4298670860045535	0.38032044497459805	-1.760629919335667	0.6353924981250378	1.0280896067109713	-0.24334017013354542	0.3986029249068751	-0.18984686660352207	-3.6196415349937547	-0.06200447066309454	1.0396868310348115	-1.4812111104436836	1.4615526433821653	1.3374261748660474	-0.020384847561345863	1.5423212787463265	1.49402667026295	-0.5372910217617018	2.4962901103080095	1.3459928698096557	0.5111661568362612	0.19134830965186542	-1.1784226063413383	-1.994776333461434	1.3843294868100013	0.7860784008897546	-1.0238136288763557	0.10496570970845973	-0.31439264811294915	1.5639237812835387	-1.6284158977423597	-0.23508250854383406	-0.032570436835915394	-1.5622786862987228	-0.3449475706524845	-1.5962516330623895	0.39309042945515243	-0.5534467080729716	-0.8569703704986318	0.4619434473427597	1.7499579501138987	-2.573821151195489	-0.39131145321308136	0.5167042052800968	0.9892490565025113	-1.5540204621729325	0.42220832670162056	1.3384727098913278	-1.3544607324605982	-1.4600069394940325	-0.2220795939156748	0.6932397661901492	0.5227200006648763	0.2859526985273339	1.371085478046812	-1.4225236322408417	-0.7247271712173498	-0.5909538994513773	1.6303485793448875	-0.8641065914753631	1.1146847552177501	-0.8721055052458763	1.2948132244258168	-1.8982681606547256	0.5451355507073349	0.3169958727495033	-0.23639365439921511	-0.7976090072852393	1.6975846717927583	-0.7160660034061738	0.019117099282063604	-0.6904024101364926	-0.40112407897996905	-0.15923868266250318	-0.8428390311845942	1.476970174676923	-0.03521668255664238	0.5931714670840815	0.518620250759151	0.1327581798060643	-0.19458817545970947	0.7663133283016003	0.16812110038620848	-0.15379473592208495	-0.05447708208204134	0.4880179564614219
DTXSID1026457	-2.4032312758685617	-0.9078437930417373	-0.3420802575708513	-0.46782691643649377	-0.7816177010466026	0.6327449128311348	0.6008544719776879	-2.5648444056652635	-0.9792420425429945	1.0763142492997761	-0.6824668995215899	2.641921389430524	2.683636426681809	1.8576195507197044	2.232571551671396	7.76034602822127	6.461537544374361	-4.685621347271379	1.063429215789075	4.153673440241739	-2.6790503851012204	-2.2733884460439966	-4.206398896614748	-1.9659717275915185	-1.1129302609912683	1.4078962696408777	-3.0982206088797475	-1.1498680129010443	-1.598477396080523	0.725143784958667	1.776657947687181	2.4637399614397646	0.12118042543618521	-0.623400300204721	-1.0006526924882542	1.0519189775597686	-0.23867392214794853	-0.2777553071414713	-1.426777707231215	1.4476304123245483	1.955803449134294	-1.7744335796113508	-3.0325851477043764	-1.8097413498682617	0.454687459972919	-2.8620959891556876	-0.9368841676684707	0.02137594884328941	1.4275059849917402	-1.6515718623693345	-0.16927389466914866	-1.268341661546822	-2.4548411035902835	-0.5011221846682321	-0.4907730527254773	-0.3847133811278245	-0.571648395612727	0.47187139567700265	2.9624611851119047	0.00982305560727046	0.5798803305600844	-2.860773024827156	-1.7263072713829049	1.1534428485025625	-1.9791712008475217	1.2922930472929055	-1.3606640860892083	1.5183868674606327	-0.5414870223435138	0.7343806493242193	-0.43685893565075196	1.5058278759028298	-0.1099623316741039	-0.8372928830200843	-1.220293140335043	-0.7466325557167378	0.9269581636581996	0.20826599421911005	-0.0013450492405304214	0.8233326676705044	0.8961795169747314	-1.2826538104953193	0.46735006906589005	0.04134978787896157	-1.055568090996491	0.38375691957199237	1.0589619406479178	-0.42568671425661225	1.6396871404308606	-0.25556168933131196	0.5705512460140346	-0.03665462288761007	1.2195037184684374	-0.3818885335116085	-0.1377514978452661	1.3940746851851484	-0.6492654982614252	-0.7364720180979302	0.3760083618329137	0.487740171800332
DTXSID9025661	-5.520213711730825	1.097965026602443	1.5025002885407968	0.7386763756278347	-1.3303870113465963	0.10582109129496123	-0.9704120226892655	-0.985460607335713	1.5051937212194184	-0.4073298127574351	0.7140377654113158	-0.5351090219641339	-0.49504277285444487	-0.7961920656102983	-0.27948708963854707	0.42244406050813266	0.36613120775681274	0.061081752021169625	-0.2536049099630151	-0.44903088750613696	-0.007461301496435049	-0.3187268874143639	0.44538778415569974	-0.07567805842512605	-0.09152834455559815	-0.04614482264519966	-0.03386076141502855	-0.07930533814562563	-0.05991836624617329	-0.1269113201709252	-0.15605698037636892	0.3682084013493554	0.046665240893278837	0.03635260779590905	-0.5560124640087711	-0.36711130780874107	0.2694099810529785	-0.16571974768604994	-0.16374141556807428	-0.05042551911696551	-0.12536748414325272	0.04930758069682571	-0.1075774616672544	0.058640230744895876	-0.19241051491862057	-0.07182773292909261	-0.3064251975745917	-0.4620685872223332	0.0194964927321957	0.11357239226422011	0.10301732784639625	-0.19088476411617697	0.06775780959004639	0.02171237504406997	-0.010778988015270701	0.056997367412539746	0.27747176414641844	0.006697733174140394	0.1514699231969492	0.0864069364490515	0.1121319111205514	0.3798354410427949	0.04192646842926926	0.43106298242355173	-0.21173096994542498	0.14476572502137475	0.284728446748367	-0.5972131998938008	0.46987322717751034	0.34584261573534986	0.23876700096452944	-0.3846127701999226	0.35136189604858853	0.35461134956533136	0.1137149458123698	-0.1876318580647956	0.18227689177354092	0.18880077265215117	0.11798594346389588	-0.2828226579593774	0.3831576971701832	-0.07027630105679504	-0.1525900894354239	-0.09910839785223312	0.1003745995650362	-0.010990428670257606	-0.24179144136649888	-0.08966023089468957	-0.20494059384246724	0.15018255051055607	-0.3953804800185789	-0.034820295957595636	0.1333536368180754	0.027034360406979534	-0.16107964503784625	-0.14271752184055078	-0.03557943566128971	0.015731944677838006	0.0880838855512744	-0.2014263818893895
DTXSID9047124	-2.92347589023186	-2.367329458864533	2.6877438230153556	-2.3094381755019167	0.4882263960235329	-2.000351249100221	-0.416408945551534	-0.17468862617624148	0.03232335236413752	-0.8433569468001136	-0.31534072034461547	0.4749716556209703	0.11860202341359283	0.31521357615014906	-1.249215940739069	-0.6103915805725585	0.0016602811918112253	-0.7813586744033216	0.43544217600472934	0.02485163945121227	0.32268054501063126	0.23582766886058024	0.515946347655669	-0.23156204553002446	-0.12116582428669273	0.08681900638214173	-0.050298021315344915	0.3440244530091542	0.06170446398259399	0.08367263101982166	0.3145072443063656	-0.3947638863373623	0.06401920089635928	-0.5336113556812575	0.09769660012877282	-0.03777449733415043	-0.14697771272144894	0.32870983644132123	0.22892289599463722	0.4251315251408812	-0.07210945396039976	0.14373016250044002	-0.2687399140708998	0.037874199350761646	-0.24546986808046847	-0.016479434781109158	0.2698087723584298	-0.23298302952637817	0.05806704718243878	-0.0374057035293832	0.11703043520084115	0.04818492760296084	0.06226088420026209	-0.037645631493428366	-0.043520242417651116	-0.10833571150917891	0.025470958416209635	-0.01126231246180447	0.06665294898290179	-0.10142508136272772	0.3284372476946447	0.005944551740032837	0.09116429393000636	-0.020984971306220915	0.1265471869683428	-0.06815773930768199	0.11766621665236125	-0.21939894344745722	0.1347676816954678	0.4187339697187054	0.30289056524040525	0.2847207825886189	-0.00860275967559801	-0.06035127837777206	-0.8774884418813164	0.08995255363869344	-0.3297060242092692	0.46046902847345167	0.2613111296459384	-0.16835602504246622	0.16853336591087192	0.05018090810678818	0.28654685671587815	-0.04924742358969482	-0.07556129664212687	-0.008524714080928468	0.05873894963601059	-0.42485208506017047	0.07846257609783563	-0.02296746681604739	0.4440599558641036	-0.03181520125158514	0.06204428131952676	-0.14899986354367023	-0.22721473843382728	-0.16879198119850958	-0.1462131947828541	0.010186993708235914	0.016047821127808313	0.07032727492078114
DTXSID10370988	-2.2472565963797866	-2.0666214238147993	-2.414634521545483	-5.7766313741785735	0.4294014389651847	5.533028040756376	0.0657467689524521	-2.3873946298647413	4.426667025027593	-0.5051351011702956	1.4097153856606934	-0.337296311369027	1.0859002691181938	3.1712855612805875	0.19324953617125373	1.2696351191876831	-1.1002840595209116	0.033707389549044696	1.2827421462508017	-0.6041783606767791	-0.9875691734169704	0.38612607524373815	0.1205007143981768	-0.1223469273460299	0.09028767969439193	0.07942116276344066	-0.20186277368224556	0.1585502951181461	0.2877573839808771	-0.28613777963186804	0.03537581873608919	-0.21270189032419468	0.05823147045478714	0.3263449197176651	0.056968355384075756	0.4451449742882548	0.29244915984468184	-0.14435340558865956	-0.11349797168742412	0.20470276035531043	0.22750975739137008	-0.049169653079774035	-0.19433700717643004	-0.13739616990847975	-0.4515620263502738	0.2885552521672224	-0.2453122163818553	0.07966815490874855	-0.009617505811704457	0.11159192660220174	-0.028839664444876737	-0.018097567697801586	-0.16148257011841696	0.06059377327354536	0.21160727824176692	0.2283985941041853	0.11063775727919478	0.43190589290157916	-0.4814157405771304	0.046517206934591715	-0.05816465442951129	0.31863691336034866	0.18711610139951493	-0.059295354805459236	-0.31696178853442425	-0.29825402188188954	0.36161321527534374	-0.3064086756959858	0.11075281837162533	-0.006138446131112602	-0.43951983730756283	0.04176025508308853	-0.3428301878206738	-0.008940598844353663	-0.45834818131168653	0.5496877348787603	0.035046328714462865	0.5511892765185439	0.2309530293450024	-0.3045495737901064	0.7314503402244511	-0.3718445177965811	-0.09451290118467498	0.2611579938770835	-0.1232243832696646	0.024408595954135723	-0.37400183618315214	0.47999467257621675	-0.04352146130029075	-0.13156886460062261	0.23200068445329722	-0.5044810176018802	-0.5817078263237677	0.2948302681717088	-0.5386033538284197	-0.6765091947463018	0.2785516887396242	0.16533947532095086	-0.33649756121404134	-0.5731053830281367
DTXSID6041688	3.1409095142318466	0.2966868609850455	-1.2304554870649358	-1.4420328064422467	0.8354051993999557	-2.0839080926130014	5.005268864915599	-0.7215611910606584	-0.6543046311427431	0.3404044252608414	-1.2968758313246125	-0.006899211282253488	0.7772812112597897	2.0966838992674477	2.037106171877138	0.2773578868952834	-0.31775075078181636	1.2336056009010166	-1.0013913177613827	-0.6451756127718461	-0.9329557875779582	-0.19941521318699282	-0.6872851279223521	-0.8119065773522132	1.8187739015215272	0.058341468565518965	0.49733300936390423	-1.2407533312977312	0.1686851909182467	0.2074832892979583	0.06318786653771377	-0.9659574781953846	-0.037535226381633695	-0.8348885307880287	0.658130930118971	0.02025402636857409	0.3370931157769288	-0.4284808785889522	0.2984504179857198	-0.011277521520697517	0.8796257210625965	1.5120084819189896	-0.793638290277235	-0.019725431596674427	0.463920170550615	0.2529358082586269	-0.23702329247198592	0.4995078910655914	-0.15491200781852002	0.16572801956348715	0.24460744726285455	0.21973114379199268	0.5921458920999138	0.3008768934192697	-0.14096830089489473	-0.6989335626028053	0.2848306473108243	0.5028519133704108	0.4525183742259155	0.9439129278917803	-0.3847773951180185	0.6261802127167249	-1.0377049328855728	-0.09991550025501408	-0.038545438206420674	-0.007689798196253682	-0.4462073600788157	-0.11969964317515652	-0.6328421470167103	0.8223717454927394	0.33091516443354074	0.2611408524077323	-0.5380039885053489	1.4939564521105642	0.03849906948893137	1.2690140230529081	-0.6816683328129004	0.2778600881463291	0.7472115762413966	-0.07614904557039236	-0.07892580158488806	0.4405073117662106	0.37328787950243697	-0.8203447449029023	0.029829943073606726	-0.530946657183204	-0.12245873551680198	1.0126703749999244	1.2189781509959767	0.34991751702589396	0.3731348169500567	-0.2694825148162203	0.4156488610225871	0.27215484793093747	-0.06255769789543815	-0.11270436006953577	-0.7415836017776057	0.013615323059246344	-0.6870338113279988	-0.3162310347800871
DTXSID6032562	5.386680613073584	-2.7481801840000757	5.6516343724418405	3.2719022417401855	4.518263931062183	0.5950387331809384	1.3843557723789315	3.3116541853759096	3.406392390454917	-0.19572789546463054	-2.642884706310234	-0.5256833861662474	0.24863801321136378	-2.4509238455682034	2.764378387428807	-1.791039986734776	0.15430419629103043	-1.2249588112546612	2.430306791804075	2.6521122094195992	-1.1705659910812038	1.0953696972932092	-0.6008037894362551	0.33502534830418595	-0.9351052212192948	1.795507590289829	0.9995955092519107	-0.865160362167027	-0.9785114872960835	-1.908670071034855	0.1766540372805224	2.0005713037407915	-1.008074387085932	0.02750383384219084	0.07920312509723262	-0.4627459109974304	0.860524719184818	0.2609709712451532	-1.8137714333062487	-1.377901392214184	0.8018339256533537	1.5461454644709631	-0.9775209361969626	1.0932352251804596	0.7346300149740862	-0.42707997204312736	0.82197336304702	-1.6844526104055464	0.04214029655564409	-0.6914129622618022	0.21236867457048716	-1.1090724223882937	-0.3890395790122957	-0.387777338405343	-1.404243924153037	-0.3583864074389828	-2.0798534907387647	0.9935564340776187	-0.2271897044766212	-0.1728204688512725	-0.9792691243882401	1.5738210498612195	0.7089679527626999	-1.9680515805726908	-1.203122708114342	-1.7427153700227977	-2.201193052970754	-0.5708011853980172	0.7594916879227264	0.3346954940814823	-0.4106117044645424	-0.513568224220026	1.1302603260857595	0.01542957703149545	2.081432424605122	-1.24884649085933	-3.8599402449851454	-0.08166148868936143	-0.4770840166731916	3.2863555815672925	0.296294294287926	1.184347370010438	1.9478030751046966	0.5782290836953089	-1.9691546641373905	2.8712523740639972	-0.10940906665443495	2.4012121306391845	-1.470310512964357	-0.4657690536720453	-1.930691985013066	1.0339954666567863	-1.3920811932821213	0.853962772562879	-0.0477936892525644	-0.7634274745963143	0.6720662289081174	0.3600427530594738	0.2902019737226686	-0.8588310639796664
DTXSID3052228	0.8271834112361366	-3.3813372234769097	5.214535072809033	2.04218990825509	0.550785415285189	1.6513382286734155	0.25452532702858865	-0.6646620073915673	0.24768959320321962	0.1065178660344853	-0.4518870691967013	-0.23469962760997043	-0.596888599227198	-0.3986546016344408	0.43019965879838057	-0.8927585118812439	0.34591805541037596	-0.5705148027700522	1.327540795105749	-0.28895743199071405	-0.11348279124955218	0.5231954361054704	-0.28200935909463176	-0.3201532021465508	0.846815196195445	-0.61822459572001	-0.6536942352102769	0.2966886598573443	0.10254296997161187	-0.09944439038585223	-0.2603219061390375	-0.2386547204480321	0.21804924406099008	-0.5321537464650963	0.09109018421113796	0.14756033955171197	-0.801633150341637	-0.48604734277971434	-0.05493962806986186	0.8265117068723603	0.01034533605927072	0.32352857066327706	-0.8600664908026607	-0.044226859542625487	-0.47548422265480644	-0.18702629461609727	0.008761731118350562	-0.03654944827315758	0.43905858858953895	-0.06724923870957104	0.07298883661950274	-0.4740373448050406	0.1425650710221937	-0.11558993880603098	0.033417536661558056	-0.18945799679956912	-0.7019002494459976	0.33202724777359294	0.1686790073265133	-0.6446940523474729	-0.2156430713033566	-0.08946051568006477	0.5068062646447261	-0.7196096670958675	0.24634071195079196	-1.3321837606428524	-0.6307793870902564	-1.311372103639284	-0.019129461677297108	0.12979965077912473	0.47416780473927717	0.07850352462169749	-0.19169485760717367	0.2379257189295114	-1.5393499647654982	0.6223799497948117	-0.6171122140819089	0.3751002552132674	0.4128330917953878	-0.25870158883057665	-0.027426872783933062	0.5405870192090649	1.2682850852169116	0.0006461757405199102	0.21144282208581314	-0.2468966297787042	0.24370260815327038	-0.7582750836086899	-0.8766072806706952	-0.1265600863931385	-0.014416589316650496	-0.4702190670087109	1.7904933111213304	0.6987509008764056	0.022800998297596027	-0.49517870650664103	0.28308521976494294	-0.2504285487071825	-0.7321770274864183	0.4035178067820929
DTXSID0045703	1.5994584447960294	3.7911393448971045	-1.7373338937405078	4.1884793511577145	5.143755657680605	-0.6264900324044631	-2.433556974867727	2.7426466161256253	3.963193951365266	1.494371405779639	-1.0943372356115981	-1.8285657935632937	-0.6216389171056554	1.1085543633089936	-1.7432241617701993	-0.9312324384736296	-0.46778115998372755	0.3991519193409013	-0.48478277013475873	1.3969116397436099	-1.3398742262256496	-0.39424028061973043	0.6582928674214096	1.374127920765592	-1.8933638422085322	0.33772604404693746	0.7715083187095647	-0.5346576050140979	-0.44139019443670546	1.290883560257426	0.7766463678784459	-0.7656085238990203	-2.8129957296866808	2.331435033774478	0.47422056130789525	0.6036171432795341	-3.083889949121657	-0.24016140409591963	1.4292194768768849	-1.1315116233069666	0.5715799770787077	-2.4973107418694043	-2.028170682751595	-0.6933769457674586	-0.014385715774875355	-0.724318171699061	0.7718502171399795	2.1677421677385333	0.19973595976229624	1.4761087734117293	0.42552376696913774	2.0295500344953634	0.8678614377934841	0.4250751259529142	1.1753094064230933	0.2119380614477089	-0.44311643560375946	0.28676807417778827	2.0237689062025854	-0.10308930858545243	-0.9824328927012722	-1.5695548906277899	1.910579326731886	-0.6556400610723934	-1.2185461434161171	0.30451511503652473	-0.044719302708834785	-0.993375028194252	0.05782266238609027	1.1308713633474041	-2.437267999443929	1.4293377118697848	0.2698705988680504	-1.9014946593661575	0.581814808955121	0.354711129618945	1.3920532763993692	-0.31133908250116343	0.3431475658271767	-0.22955437913054877	-0.31659936352997153	0.27919012574675245	-1.1086935605938535	-0.5317035194368909	1.5673380827650154	0.11695095411555041	-0.9553111632414585	0.04794869394630831	1.278023738856752	0.3492005247881266	0.5379311383484924	-0.27239772173763416	-0.5202816357986771	-0.3909585401841584	-0.741733565684784	-0.2327398148935545	0.16517425011368617	-0.017073418358256234	-0.3174971223090419	1.0802552193079675
DTXSID8049252	0.19773036781009742	-0.18626855022329997	-0.10179480039313389	-3.4099464496969754	0.1302682542581321	-0.3994537951781485	5.139374302212433	-3.067253745804747	0.880346168905934	-1.608039553590593	-0.20914875567470345	-0.5218544870766969	0.5350144485419746	-1.154082552911535	-1.0405871780433198	-1.2519906650825297	0.8872838871298333	-0.49781128901576466	-1.0087783751819341	0.2705541275756599	-1.5409881291174625	-0.19434441064770208	-0.42645262405022294	0.5760456141274725	-0.39662866199691266	-0.9192209535848256	0.5527300304263033	-0.8333939965139753	-0.15454644675659698	0.6220517804358509	-1.3847454690148746	1.9162880320106854	0.8816611009498083	0.056880588302865805	1.5536322978031092	0.48744233878640664	-0.8156834818938377	0.27752491728249407	1.0841951809752721	-0.41032512565718127	-1.2731950603996078	-0.41733462106068936	-0.03970329089552756	0.19976482504382245	-0.1319930400873151	0.3444744122403748	1.0019621784024224	0.3084957784370873	-0.483345094683927	0.40971677243526056	-0.2758184305079725	0.22643986238653502	-0.41913364120868796	0.03199414439468779	-0.032316698259873794	0.7536189757607993	-1.0738265066042232	0.07769502617908215	-0.8466664220442912	0.8111385711554084	0.20065392458296824	0.4940359219872859	0.46060266730976435	0.41671072509974044	-0.08502631463119524	0.17297201466498288	0.3203500827778764	-0.5632630733869163	-0.6236260820660797	-0.47494947308751995	-0.5699704570670517	0.19940797990311107	-0.6541895797570156	-0.16886233230405903	-0.05118639219444365	-0.026231377365090267	-0.6177384823472525	-0.6073455964700539	-0.7442487633716649	-0.5387559897801638	-0.3585641109791359	-0.6235222741985923	0.8053382691478231	1.0750946702402184	0.19705422180125698	0.5632316585993795	-0.2514895288915611	-0.012444702887170145	-0.9972952724769598	0.340667726026467	0.5747561821635472	-0.5949655117165862	-0.28860583274287915	-0.052698269414667445	0.1928650270723169	-0.10728530841525595	-0.05143625915752553	0.5161034256557261	0.14451094282968116	-0.33990947424482315
DTXSID8023054	7.290313952062403	0.14119283521118936	-3.453276055902431	-2.6858979250605652	1.5764876104277186	2.2620863541390466	0.939127767977009	-0.6567480949002752	4.7869909739690595	-0.5432087768251864	-1.0030732887815839	-0.26500260214459803	2.42901957552961	2.99477293355072	2.7320228971166203	1.149601109026377	-1.6531868647032186	0.1336234089543112	2.5517614753580795	0.8683088696944693	1.063779905004738	-0.44147904865436854	2.221212157373605	1.2742037174776606	0.20601704262674062	-0.13407009700119607	0.5015882605053263	-0.5226655236320714	0.6544961731082677	0.3878082921792585	0.3297241681779163	-1.8194114536537143	0.17596615377989525	-0.22832876577172326	1.2791239109597956	-0.5525973724242866	2.146531494683842	-0.5489596457025769	0.08198922669081063	-1.8265671885719963	0.9485813455868841	0.3402968724456141	0.12837128708428525	-0.4201301301484483	0.2280644864495928	0.4209152630018839	-0.23314143590526656	0.5527483073723487	0.11829532728025328	0.2422027417035401	0.14978075896565446	0.6948709323991143	-0.1391665931958497	0.3469159129319679	1.2657201265817457	-0.9922232391160646	0.6452322537803448	0.3449567190779767	-0.059054620072551134	1.935529947317588	-0.9744929457305878	1.2091883790375983	-1.7885588561610057	-1.4200596715204363	-0.7440806380256476	0.313536882451444	1.0989131545068527	1.1999948764274317	-0.42368830005239266	-0.6709888005768176	2.7496585030505516	-0.6896388267741924	0.06845050325806717	-1.9729248840510591	-1.401210474692805	0.1437022380446661	-0.27916400371552336	0.18150385941055652	-1.897707763421805	0.8993987757070084	0.7107460061165366	-0.4212644033536195	-0.927088252328956	1.1459423023947823	0.050570976464654006	-2.4843879782960414	2.1797587251980337	0.30299195821309555	0.7468469766495961	-1.657623275488181	0.426056966372337	-2.222142058100248	1.3332907740825617	-0.3897016507785548	-0.5078913968842497	-0.266560517060568	-0.15653272057539294	0.33648376308313366	0.5098843777736856	-2.1031359706965076
DTXSID2046593	11.03989391711408	8.433146517792121	13.414229455109362	-4.608247282362301	-1.4054501799629482	-4.820752111077605	1.5030210971038136	-2.4369426110762427	1.7030723325379338	3.228247066332948	3.3442936724638423	-0.5860498389018034	1.9822424771690357	-3.0581123941272934	-3.4130681789677357	1.0267700494851888	0.6992848683718689	-0.8142620967505473	-1.9457965845611982	-1.5884473803747947	-2.8327915257291405	-1.0116374050597512	5.424644360888991	0.6332774803261118	-0.7412007567429763	-3.3361859882764526	2.860894400226519	-0.46467884717313795	-0.23928210816356815	0.835269456353614	0.12136353048963694	5.38306450364777	6.846500922855176	1.1305947124706763	-8.731658902174798	-4.168094126954726	2.414134681200951	-8.80860558843159	-3.4944656652993284	-5.460084731015067	2.520467804019069	-2.4768300817283366	2.050559491818295	2.434279736440188	2.6515424681060296	-4.677485326178618	-3.23596824876864	-1.4583184292298284	-0.03509071159476705	1.327975570358065	-0.6291215274423029	-4.54318152872652	1.1112815135878789	0.7800007279768707	1.2403556957588973	4.443436083079972	1.5123483065334355	-1.1402214165115379	1.9502429052853967	3.34124243546332	-4.727210039062576	3.093278657312901	-0.3915818779445919	6.85574227608441	-6.098212476203123	-1.1326475566401926	5.876959264878785	-4.793446641783826	2.389584758287119	-2.381774844309244	-2.4655905588445695	-1.4921160939437934	-0.5101289587214394	2.2723908939651487	6.682729226373887	-2.823338771809342	1.3731648625347337	-0.44237931285165566	-0.051061199945693886	2.5517354889117083	0.9898247015193802	1.9863134540496787	-0.3289731921991944	1.2121690373248608	-1.0953780089892635	-0.34753363098660395	-1.5111159741686424	1.79726265450604	1.6098846040932289	-0.531213657749993	1.669268182344075	1.9022232553997538	0.08666737740454411	-0.37855595846100193	-2.111700296823528	0.20118251009558083	0.4946698092126769	0.7722079082208593	-0.7005552164414272	-1.096367112000955
DTXSID5020314	-0.29453369582147043	5.072762502727207	0.5199286225298575	-1.5195464811119488	-3.304401801214655	4.447917036425522	-0.6226092979244436	5.565479158648312	-1.5758892769872737	-0.2845106484909496	0.6755594761446054	1.0895454777578484	0.5472058704406697	-0.8379670978799039	-1.4418352746032932	-0.5604302738000968	0.16211355223647922	-0.37023979417279457	-0.47103263625422487	-0.5840814990353903	1.0777717160513436	-0.6551596277377775	0.018245774911074628	0.6947922636055246	-0.7822832053738555	-0.6102044478946782	-0.5153870336741986	-1.7821214471380546	0.2791575018264641	-0.42675291242411423	0.482288169837543	0.33722373491792	-0.8481820277080405	-0.7393379263237204	-0.09842059445257875	0.31575815233008786	-0.18217587122068024	0.3213656013115558	0.36331139321052053	0.24162022895612728	-1.1087193547587266	0.14760161985915982	-0.02847131901405351	-0.03987597644059209	0.144939690578375	0.023770885289282027	-0.3820923375628208	0.029326747171972097	-0.3015582546305892	0.47064125445880384	-0.05904432727383617	0.18896722015433337	-0.11702017340313366	-0.23191544450419496	-0.18811511749860862	-0.3637419773011899	0.34174481790220684	-0.7423050125290807	-0.08080190590667662	0.4074614916673815	0.6408683352565417	-0.2844478293167401	-0.02919351943896861	0.02590029413307622	0.212432882454237	0.027875115093828003	0.3467958249036169	-0.052802860756655905	0.3683214967545808	-0.2495694931680732	0.22928703027831662	0.3927358547353585	-0.11204205983962864	0.7898631766665536	0.6452965986856005	0.1155453098652627	0.9721075266617971	-0.36716060057947725	-0.40931639226418687	0.6782437336921316	-0.023630182359837548	0.12546359165893017	0.4436123214537117	-0.19522572627983714	-0.012363847653665553	0.24058049353378025	-0.23989953825212207	-0.31801218969255113	-0.2640814326105661	0.33795509085116693	-0.03279528322118146	0.41783101078902085	-0.38620679584855744	-0.578330625415621	0.5622066587118677	-0.35107115388942434	-0.17237636621080227	-0.3158741474225453	-0.16104556697330982	0.12105225575208875
DTXSID8044416	-4.579847321232917	-5.406065376323081	-1.5875472749777808	-0.03823128344647101	-2.071427686289971	-0.6932784582525425	-1.2605062125579314	-0.3574601740012592	-0.17224079702230483	0.8386609238611851	0.12141439567766632	-0.011595192459814056	0.3089487617762359	-0.19545589306958408	-0.252140744282568	0.9429891616610697	-0.22465380326200476	0.7432441664214849	-0.6499049839179661	-0.8444923870727422	-0.054464177748261226	-0.5373779810286142	-0.3452353548397733	-0.13520974808990177	-1.4842632712605166	0.3304673145621898	0.20036063479143718	0.5642943526294256	0.43321177846518827	-0.9193282375150347	0.4417759186796095	0.30981536086696904	-0.39991356080554036	-0.6736346571657927	0.2220733561555698	0.13392626390229484	-0.15215002985223966	0.9324174188271872	0.006394331513931665	-0.6641607832666666	0.19325177814284394	0.29433873954762146	0.1285490264398735	0.5819894315454375	0.10640068825272304	0.45589275394278644	0.39217359117978556	-0.47354021440248684	-0.004610189133762425	-0.09579708875325876	0.08909966934355003	-0.009063799225962945	0.013808974599774431	0.001895745466130794	-0.4173675100733764	-0.36794935903586434	0.0980519770049723	-0.0935066562037129	-0.3527087600134964	0.4482112782891959	-0.2731151620830496	-0.22600040706115018	0.13793762860153377	-0.1403389951672425	-0.7588265232633454	0.1663288139184962	0.4034432958444753	0.550824590525821	-0.03171937439650786	-0.008047943436295195	-0.21200590547063322	-0.060156030348810396	0.2744458399417734	-0.21228497609598523	0.4316976155132706	-0.2301592119715007	-0.5373892241416097	-0.17125155833704186	-0.22103910739729712	0.516686697820967	-0.2219559573400165	0.668902429424686	0.21907610095256225	-0.055472328581340276	0.01163747244389554	0.33189631389027724	0.9326812061327487	-0.3445563776257121	-0.24571473823640622	-0.38348705933883054	0.09427879997826318	0.016586475907149987	0.25372781540770156	-0.3392229502813121	-0.18652816419086038	-0.3610234484177552	-0.41998929610257413	-0.3143793083091857	-0.37760351655616325	0.40013731797822916
DTXSID4032378	5.4958149281699775	6.101913457763984	2.739637049633273	3.657737301600126	4.133558387995187	1.2275008971985437	-4.93840987746699	-0.02024973557764287	0.7766950138759751	-2.74802848188796	2.6259694835538316	-0.8550786471840978	-2.7183643976120218	1.273929231069671	-4.62785098764826	4.048736035340605	-2.4921056685609404	0.1896031043286001	-4.461809019064323	3.166445109265765	0.5538727168733667	-0.18807946125327743	0.5595282105980811	-1.0203062009003692	0.47490150013337656	2.739113717228824	2.7138231845186698	-2.2963674508138587	-0.5201363170721555	1.1202922524446755	0.34758819257494317	1.2481541311515105	-1.092270031834504	1.4383544744610766	2.0381624251353037	1.0073873929173156	0.622170030621674	1.1155980942255341	-0.5619879115877066	-0.16075569449025598	0.4081773227700788	-0.4725377688906142	-0.2637493563983072	-3.140787875130472	-0.4922066607824008	0.35539008072673606	-0.3664043294727892	1.2154144362000254	-1.0701439942185145	0.19091083853765414	-0.22727921772799672	1.2389954600904054	-0.3999172270394995	-0.1776802872676796	0.6249843844233149	-0.3175098280553643	1.2066821826949767	0.5586016699197915	-0.6422284876014468	-1.1039727609263528	0.01935031416090439	-0.8069940534443306	-0.5868020417874321	-0.6966299808155222	0.6924702504073252	1.4465889848924371	0.9036247347498583	-0.22003787770809574	0.921392301252396	-0.9840809303221962	-1.3479291711024366	-1.3425683396106411	1.0979194426741379	-0.003120098424869862	0.3164660173560384	0.4033868595505668	0.06528640421171791	-0.14872998106614788	-0.6519088694829509	-0.026667798934663586	-0.11635818546449861	0.8185816267759527	-0.8626227073455559	0.7398448093833536	0.9932781214493258	-0.049624508464752144	-0.44421646151655875	0.08002578816090127	0.23446690578499144	-0.23571921785111732	-1.7717818804381251	-0.25759439400100465	0.4529569635058451	-0.05544950504260536	0.5229855325153554	0.23171435994181622	-0.31378451633213955	-0.2932884977162678	0.3981453947911262	-0.12767480431119269
DTXSID9033979	14.154060170492203	-5.458833814977136	6.516323210337842	3.71478915981518	1.4610540879163199	2.9034813008174436	-0.8223315493641522	-2.901663494417608	-3.636871422490434	4.348972690379044	1.2352325776770032	-2.604176894390313	-0.0696186279341692	-2.6716773998704415	4.270970523379391	-0.04678809905844394	0.3422250129771807	0.4269036811804289	2.2974918250194185	-2.250444116913732	-1.3441133324003147	-0.3387656216328258	-1.6832707226068742	0.5549918337009356	-2.3179125083428014	-0.6390485009393345	-1.255521770922528	0.1738107175059789	0.908914081910648	-0.8953601029515351	-0.7371303719955966	-0.9208591378783944	-0.80531688606307	-0.9482309274845263	1.108117714444007	1.3672347683143031	-0.5477595574535294	1.146884224740706	0.982450532169532	0.8123373992087869	-0.6590524815148674	0.6231800227231826	-0.3218142272105161	1.0904678599839197	-0.258974906494363	0.5553401450954417	-0.5271140915810919	-0.4452168556983158	0.7379286097806715	0.4095387782039709	0.1483863381064554	0.179140342047448	0.20450132715542318	0.0002559456863905804	-0.5777468808563837	-0.058728763692216475	-0.05358667291932351	-0.653994746798507	-0.2887933073267482	1.322840217528075	-1.1727899388226442	-0.7415956086431266	0.5233137173989313	-1.7933667903381523	0.33066959414153974	-1.2378508398284866	-0.7719873605715226	0.6333588916558016	-0.0270220166827169	-1.0823072916863554	0.25735253948757264	-0.6885515214958511	-1.1817497786903512	0.22224119335533496	-0.3124955787101561	-0.40413686567343793	1.9869144693062022	0.2706464478687522	-0.0957961857433264	-0.5648154834471302	0.4074483603048997	-0.7569857298773204	-0.9100313605774282	-0.37083853964749597	-0.23710122113643345	0.9156326787981584	0.8134970857277711	-0.49108717339420055	-1.4603058171522045	-0.5948014810932576	-1.2516676250089933	0.6733220054746214	0.4615715249945466	-0.3172631106251513	-0.42730642180855455	-0.5977071221370966	0.011605573802685053	-0.199166267637818	-0.8370802764916958	0.02839618540842894
DTXSID6024834	-4.765179999159921	0.906602561197468	0.7800720721661456	0.9720455396492472	0.16924289513158522	-0.18121861460711872	-1.9052413028309152	-0.7709681574498901	0.9690362884339991	-1.4464169162723037	0.5355371421184106	-0.3028930605411901	-0.5558035441086088	-0.4806406115427229	-1.1750391372439692	0.46144540543469137	0.26564699786257717	-0.5144435709987412	-0.5076175171305494	-0.43085078055610176	-0.15002954829858114	-0.25407342427507423	1.7333002451942479	-0.040395912377784324	-0.3456439365971267	0.4237535542096793	-0.09998457641585418	0.4329894245665996	-0.17884351418084724	-0.4526376153047144	-0.06825978870078572	0.4861405151835569	-0.23348097678478136	-0.06980294055320889	-0.3047665728749765	-1.1310519994703945	1.985305390103315	-1.2266217876201229	0.5663395166177689	0.399005665330648	-1.8039177522974608	0.5627373374408056	0.694007650483632	2.0736835171752084	2.39869254445928	-0.2580886383000582	-2.143300879111774	1.163135314647149	1.0256133203986417	-0.715202752298264	-0.10247177245292248	1.2297286349329954	-1.417631670837073	-0.08133821063416097	-0.08779782584122008	-0.693504129336702	-1.8502076620958101	1.012893666941925	0.32576716417124785	-0.5223898764327413	-0.39532227100242917	-0.21878002915874065	0.05117801089884086	0.13572881764532557	1.1709018483663274	0.34888153772139924	-0.8064951784667301	0.33632987041266243	0.24037739777443037	-0.42033175484664526	-0.15513289839516153	-0.030312505042228023	-0.09636485242235632	0.3251154022383844	0.4192402307476461	0.2863867986260068	0.3157719782754523	-0.042808507963015996	0.011725364179044719	-0.29234768629859614	-0.28920052028768534	0.45307585156596136	-0.27416693597491654	0.32758694635808283	0.21554538744893775	0.08382489883041207	-0.3247018746121433	-0.07294606368697233	0.13862145567757508	-0.1242817190355839	-0.09635345710194851	-0.5634826730863655	-0.09121327801271184	-0.11950065148499758	-0.016490034272697608	-0.09774355654381867	0.24852224455920094	0.2613005330298814	0.07985154775699643	-0.1790224963421542
DTXSID4046078	3.8937529005693823	-0.08536949137935748	0.6683622116571236	0.5333705267572285	-0.6984564861347264	-2.3243266628767594	-1.0030533784893325	-0.589923324770711	-0.841599927117	-0.3282057518027109	-2.0452003400478587	0.5591193349146139	0.9955037293947038	2.4883650165416307	0.768437998134353	0.8886006563215586	0.6726501966455191	0.9880509875221635	1.3342475484574778	-1.723142478425353	-0.475650384406645	-1.1342164117956335	0.6267278860976835	0.3044763352348642	0.6859383694873702	-0.6011241550528942	-0.057722267019432165	-1.4977263128608824	0.2617512254031856	-0.11178890813016723	-1.0945861594704585	-0.9235131747665997	0.5513021356088201	0.20732216498483005	1.6242324092446652	-0.14638464677111954	1.3812421118494718	0.3157355363532468	-0.4308480517707307	-1.2307732395659665	0.47183500180229926	0.002694435902901294	0.20027976111706833	-0.7763162478054141	-0.31058312257692716	0.4840193246450471	-0.4255393328933979	0.29759081394495407	-0.17514766321652445	-0.11387623466541874	-0.003095143568474997	-0.08251008408378481	0.38722651568442235	-0.31219512076468836	0.13379642068072145	0.24796088192045743	0.08356160469724869	-0.18599005325438714	0.5946227777024202	0.6860568575387185	-0.7555449817945356	0.3734315949727123	-0.18250608330553922	-0.8818315331335234	-0.14295987857501866	0.0541115395070225	-0.24893340631662558	0.7565788728088257	-1.311755776064241	0.8623809904208068	1.45882426354315	-0.9962274597096958	0.14470739053531217	0.9235595931831075	-0.30849832320332715	0.914626334951204	-1.6875367891459772	0.6089300466596096	0.21483188529914365	-0.17398485995223884	0.16018719120040287	1.3741194815296303	0.6247583653230642	-0.2595253463434799	0.05202233038090991	-0.47965964638248754	0.13865519920735792	-0.9395048914303794	-0.9427569639406083	0.500419600954029	1.0346330404894217	0.5986467679580734	0.09703256236930008	-0.26233327939144735	-0.2944047203073693	-0.4488352716513877	0.31351685692517556	0.08356420735585213	1.03146463873189	-0.23322442794743486
DTXSID7049342	-2.3858926695165357	-1.3185528602087044	-0.5775389456476137	-0.8466435933614515	-0.20344233537965198	-1.2422348848072837	4.48920416231392	-2.298480864938545	-1.105598035551291	-1.8309731117189156	-1.0996811333696477	-1.513915224062401	-1.1215166560464118	-1.5607946212805375	0.5986082111519573	-0.6783986653372286	0.6764652283137113	-0.7203746398413949	-0.7561401125667969	-0.23664365449437172	-1.8712500234551765	-0.6894316067224654	0.11708056882260622	0.6200386709558007	-1.00795442991521	-1.0387883357364471	1.022676221687127	-1.184835870711154	-0.19948102240281163	0.6904510432274376	-1.6933107755989778	1.5113561824997908	1.1324594600720994	0.14276790915856477	1.8408427952015458	0.42569439465512837	-1.2435201106749703	0.397965544836062	1.0489609898423748	-0.31457443771129967	-1.3707570092292907	-0.020988548996444735	0.04505086512759136	0.4269447770764219	-0.4135677712900308	0.27854641151076326	0.8267803183587977	0.021149856434182754	-0.4477883448695249	0.5933643091499269	-0.14147049869750644	0.2310231962452276	0.04213487451747344	0.06118479820615229	-0.050558375748238425	0.7180457948295216	-0.9679717609585463	0.48542615761295743	-0.8830319736508332	1.0365593684765215	0.07423963580976514	0.641942745336908	-0.04559662397358563	0.4403992971662834	0.3075190262764829	-0.15451434439698147	0.06384517534939087	-0.48226489257030725	-0.5833669846718637	-0.3648741546343529	-0.39306954217907997	-0.3593874567069751	-0.4276542034474338	-0.08361750269125505	0.1354127258339928	0.0943276626427529	0.2037458771469451	-0.10865025322691028	-0.8185263446059258	-0.6252934501438878	-0.538532273027463	-0.7072082829198824	0.2880402913125089	0.8663589800411797	-0.5966745234668849	0.06827254059502356	0.39774116406283466	-0.5878608896250874	-0.21768622076008173	-0.9273906642113136	-0.4628358825791099	0.32779952130270784	0.24537631040998698	-0.5851117622115706	-0.2819493736000946	0.8623925776343524	0.7731423835836444	-0.0712854780348968	0.13225969614895441	0.6141439053172755
DTXSID3020122	2.4493479068095554	2.0443897311498973	-2.321606932905835	0.39023010846703926	-0.03711781795880626	0.15428874775523205	4.03945304416805	1.4297689766454003	-2.238785379903272	-1.7709219272249728	-0.2265816140168346	0.6280803968180718	-0.8096096119725187	-0.3809668779225413	0.5028340819032927	-0.20392595626451476	-0.43540571248245374	0.5686043731755207	-1.402692719319719	-0.7537873755787254	-0.2945200423653152	-0.7111314186665184	-0.6070885987931265	-0.5943770857904132	0.15047122775284033	0.5516009413038865	-0.18850683078936475	0.5049092336799655	-0.24448983552656078	0.021596993491191534	1.1617215697344019	-0.47119127560578683	-0.2840154605007822	-0.12182984369471601	-0.42492114102081846	-0.7040909466657017	-0.3153045215055525	-0.1718124806522468	-0.017522136772581992	0.15830789827601593	-0.1159714031668621	1.5154909009094102	-1.2463877515813682	0.3394956031024513	0.08296901032555211	0.14870975306740555	0.17765544427293278	-0.8292001114778506	-0.14826918189746402	-0.6039044303994326	0.056473794112604114	0.05578960814909423	0.05361538251389131	0.07049251819849875	-0.5318260907821369	-1.0106038303936669	0.16991976994639668	0.9688226868401225	-0.43934291778759604	-0.05317003748486336	0.5116131354400086	0.8360390427181214	-1.1931087079679925	0.4824031682343698	0.15658759024625785	-0.385644168333295	-0.9669427458281973	-0.8738481529373656	-0.39669005625862497	-0.6423097089749131	-0.38498189595135474	0.27461950842575467	-0.09549417503450364	0.04535961249719366	-0.266229372737843	-0.20374295267934173	-0.8266446812024929	1.8851739342348306	1.3339532853391538	-0.5845058035728379	-1.0030940581632508	0.22813625753615777	-0.9109958808242883	-1.2625329572281894	0.17164074737872143	-0.7262456471467006	-0.6193041385416135	-0.29431898924374716	1.7980253350948907	0.49763721486706747	0.36523233832201113	-0.9638445553577707	0.0345932311132451	-0.20615540606756114	0.005714992807021379	0.31719066745968627	1.3802840897436133	0.14675089938122587	-0.31979201083558456	0.3446717127918165
DTXSID1048176	306710.5236317339	97902.18631414864	-316965.19660582143	15753.196956180913	326064.7823811687	-55677.96558766733	-166420.52835666516	67822.51039800071	584587.3436617944	453313.09641191683	-153435.2052525239	315812.8946342443	79561.39155210665	-417833.13372398686	-340584.6483299149	72571.74185289748	294105.31547146535	607010.3447929694	-64736.857334762186	-1284039.9393445516	1139145.6946548107	-678575.1772616437	599975.4553059185	-191342.65728642032	1280203.5810207874	-43522.46628290832	-1718269.0248123943	1075407.237048467	-386858.03967941	98612.42124968958	3756361.0737896124	1141859.6560355418	1845169.589682168	-171524.30589372994	3081926.3865907844	-391031.0403212409	-520517.2436343441	419214.9317461731	-339701.3221615769	-82336.99690177864	-890435.2719098898	-511179.98555399623	-178081.24301188442	193073.9023383435	1122281.9737605536	-189104.53341490854	500381.51189599215	-1351852.0376326744	-554973.8052019265	-744497.00643285	14418.013696346849	330232.80652764137	853809.1286857771	-19999.65699580707	-832133.3246790522	915864.1869584381	297224.8048772231	1360950.2600420984	654456.7497110217	742621.511950149	146390.05039099025	793725.3140140679	56993.01413430425	157027.01792766943	-201164.94608384004	1390553.3021889536	-723855.3197642475	-2190329.5389834037	-668903.4296761412	-255423.03693354808	68441.5723817602	146075.31371126635	783112.907921274	602096.5013972154	-865960.5775934013	1835364.2599424785	730707.9444144523	-2294119.816543642	-432967.93936121464	-415019.0426323274	2025641.6932416416	285371.5031024782	-1354418.0242346853	455222.2766230445	-874780.1081727699	1095885.0188367278	158823.51382778055	327163.5288298087	975969.0550543901	-2484579.4719088613	-105284.3512946957	1094167.1818902986	-517303.4393777859	1413834.9474621406	421457.17392290547	-888630.0008090375	186335.87866239902	-732824.1006942225	426549.0481805713	1065341.7521559831
DTXSID2047858	12.017885353875085	5.279800394443592	0.17614255786151498	-1.169855049032826	-4.711496889317008	-3.7446788223355525	-0.6369448701337546	0.9980068470115013	-3.547041236112193	-2.1022888363609336	-4.336734579797406	3.4815234243216957	1.5929776724757256	9.23799689092642	4.509200661119463	4.460576616283911	1.4839051122062388	-0.8099185364924847	4.419256583945977	1.0458554734435308	-1.732060856680897	-2.8173056585671046	-6.527613135006463	2.587101162169556	-1.8432835324685228	-1.2608306888511551	3.4963965895527944	1.143817380625818	-1.4548673413096551	2.6848241494520275	0.12329956696303146	-2.063575348056005	6.629091562295831	4.193553341166973	1.1980640268123917	-1.6733699240078488	0.19227871466980145	-3.196964222138523	1.0659431067923306	0.4372342261477646	0.1702981674244551	0.7195891447306032	-0.21325569333321964	0.13971588630691983	-1.7093614819069776	-1.721313689209113	-2.035912941568682	-1.2176466738546978	-0.48520772478209195	-3.117451103037011	0.534078985595701	-1.2396339961517817	-1.356548116594225	0.8896325814270994	2.528111476774441	-0.6749456260685597	1.174795347123703	2.5263734505183475	3.582932797901229	-1.3569139044445626	-0.5498674392099373	1.02981393117214	-2.876371811453633	-5.32923886577444	-0.609353793197377	2.5276854984407975	-0.2051582942720009	0.9132880260149946	1.783029838744992	-0.014864672365744203	0.795308487022452	-2.2000311057544	-0.9237221665710957	-3.183037591702621	1.4328370167441435	-1.5888144094522023	0.4221198299966215	-3.055268571304237	-1.7142000190948572	0.2264889078718681	1.5028724272174603	-0.5864719831874107	-0.756581236135117	1.1638293225308605	1.0125963501052224	0.7879626683651378	2.7247365604915954	3.0339062020038057	-1.3887105498888743	0.08153019337176853	-1.7568145158988795	-0.40215499936819177	0.6124464607555812	-1.5560875890706214	1.4073878906389992	0.5469874761416507	-1.6195656680194424	-0.9768801113085837	-1.3232245252420523	-0.12105263461926039
DTXSID3023425	5.295707551930082	2.9006745563713907	-0.15144611057218768	3.1764874855567973	-2.8344917526937987	-0.5274179264620574	0.3594525013217017	-0.36507601880499735	1.5529474983576672	-1.524629897499842	-2.14068876457679	-0.08311994280573107	0.3617065440681922	2.090248921394309	3.304914889916549	-0.4238235724613729	-0.058076591593691176	0.41405586464467214	1.5276708118293023	2.163148902100673	1.7900930041195193	-0.7953409702465774	-0.03488031495325754	2.152980792066923	0.4263537778780306	-0.012172515773654049	1.0735403535223684	-1.5140734196171515	0.35408214389892567	0.9086814740825957	-0.21775233562843266	-2.2271066059941713	-0.23054981637001726	-0.44689100858300457	1.3217525417980716	-0.4969448531081701	2.4940208391882104	-0.8080155759316507	0.6736482730742008	-1.1060020178658097	0.9037004542143682	0.6430586717326695	0.33131691897149257	0.14984186856133044	-0.08435136613824154	0.31152184876310635	-0.06266526245427775	0.392582923131343	-0.1586853631997862	0.2607314983512508	0.3065155370211086	0.5429426628834588	0.2732299361874009	0.30120810069331433	0.8555813658135027	-1.0803318673600895	0.5523074636754812	-0.4413283210351636	0.6882871122430804	1.9999537965008547	-0.9072839997933614	1.7052255831594225	-1.6733754344333782	-0.5725442064376574	-0.44618552024362074	0.5855383996992586	0.8847022789516893	0.7523861716225732	-1.4129569830618276	-0.17377756058877566	3.2001688812449536	-0.7482745069311534	-0.48407272446312505	-0.7222220872215371	-0.31103558926474417	1.6423990846102534	-0.17671705327442983	0.4787924583889355	-1.8903228223539952	0.15822936450556005	2.080142560940082	-0.27302804657776564	-0.7744295582120081	1.5920164298444526	0.5895477489971829	-2.462858916890044	0.8327411990987179	-0.3568259584671576	0.5921795658409117	-1.605945335729909	0.40656731977991367	-1.8320078448045407	0.4198244534400029	0.16746821887097352	-0.4322273179904191	0.4642310765429691	-1.6452182826559425	0.41083071118341824	1.3057952236311396	-1.385757975446065
DTXSID5042324	4.660046654722665	4.302070832440526	-1.516353948746296	0.4592576906353823	1.5519705343213324	0.13233032894995594	-2.7113247611933113	-1.9871923818508768	-2.0813941766377213	-1.9304323167200625	-0.9158497082230872	-2.6196827464072454	-4.21810943129909	-1.6941214035100756	0.17369555433811737	1.9691339141073625	-0.9329726825266198	-0.9417161830449386	0.5606417147700707	0.5887396876297006	-1.0676454625252485	-0.8374192019634364	2.24446087231747	-0.08882894693039696	-1.5191153646355058	0.463219428518112	2.7121173047264837	-1.6086304089465262	0.9225231051211179	1.052742812144105	1.1205382829691846	-2.0468481513024015	-0.1920875982522146	-0.1916365135548362	1.307559358360511	0.7215572456236659	0.29000140802106456	1.0523365028199259	-0.4100642049994526	-0.29468369707775965	0.42149117399386005	0.24706900437907822	-0.11351852433803167	-0.3068233955060213	-0.12466890701517638	0.6005496510327645	-0.05435816326989909	0.11690096214198074	-0.24081748727763108	0.4366793310557929	0.35106322304978915	0.23548541664376435	0.46272367271919584	0.535810694324985	-0.3090798853939376	0.26265878056053005	1.0460720663679948	0.4096920005065098	-0.15171723725924252	0.6516719273966844	-0.8643201472067612	-0.47416797314815046	-0.14223827032353908	-1.1597632084891092	0.0525126882802943	-0.45914991767753266	-0.9659364521246808	-0.14525155788663693	-0.2165619430990507	0.5496525334944378	-0.04927319585376038	-1.1571047596285498	0.9871413337132564	-1.1619919717651608	1.163661893161299	-0.018209237460614074	0.3184928760004101	-0.36460429884708456	0.9193855479546786	-0.5160837711197813	-0.5352023143523216	0.9280532614226238	-0.068199043079129	-0.45894801563640775	0.0023531773517540713	-0.24959097139916825	-0.12907487483892788	-1.3146377865574972	-0.43964502048634424	-0.6757793467866593	-0.20493185310173684	1.1641836679779947	0.3829580309130631	0.4053125714293411	-0.9570370376519544	-0.4531406917880827	0.009831763612330515	-0.8586403168206754	0.22828305174405464	0.36329552506102314
DTXSID6044692	7.342711555677529	-2.1728352701053617	0.1089666580004819	3.90738330299024	-2.9718621009625927	-0.1858896412840928	1.0097189172469616	3.161283000628968	2.8806595191735065	-3.6194964179517557	0.0519106476129015	0.790680206878894	-2.487217177659488	0.8687470823497605	3.94622717669623	-1.4989494652672002	-1.9183364312291389	-1.6165746381255948	1.7056278656913848	2.2675244485233654	1.4455349863402223	0.21366970517544825	2.873025191536012	0.09551804810831392	1.3245713762312268	4.881224322305251	1.1375596162289014	2.5383375151878718	3.40312948516969	-0.19274579555158533	0.4146784557409532	0.5484809825093188	1.384668249084164	1.0312935247555615	-1.8215471817793794	-0.6033928932736146	-1.9113999026956727	3.62091813381615	-1.2964875163594671	3.475454139390533	0.2789024124456335	0.47368074923144887	-2.7601510453591334	0.45201118476083596	1.6572045408960308	-0.001693616156677945	-4.5671293351821465	2.0025398023406393	-3.136688560579767	9.095910746282502	-1.430550299203585	-0.6293473623241184	-0.28908983645837394	-3.7946043036246184	-1.8890624687083692	2.4762595765602424	-4.438944518798829	-3.38224809938295	-1.5774325970621934	-1.3088374683230135	-2.6959964945479467	4.480815354107997	-5.560044199565392	0.7650876079826338	0.47254400673778607	3.2841334459229756	-0.1376228510346588	1.2437947377175962	0.4917260880399721	-2.1513958226662915	3.3206811578287456	1.5467585952234524	-0.09500448299373138	-4.360146622468884	-1.560427172713847	-0.8717774431943628	0.5163251446381939	-1.1112263754072425	-2.7375989319393566	-2.7353536024515446	4.597184724873016	1.1165296697698284	-0.23594126603719076	-0.8558429676057092	0.9694906858929199	-2.4167303355654073	-0.4954950182041003	-1.6743388228635416	-0.9834732338297328	1.5924542185998263	3.9099523930354327	0.9400980395166487	2.159698389137931	0.37906981679872925	0.1499936650590796	-0.507118880048925	0.9115608755197979	1.153855504683314	-1.1019204460402328	1.0645885965178485
DTXSID4027367	-1.4523170587444347	-0.3096727813639829	5.881126852040011	-4.651248177040934	-1.4659521310243853	-3.066891413293384	0.7059750295117494	-0.9894564774339656	1.1985586774457762	0.7699415169953447	0.647212720430144	0.5640102842403119	1.8823423496577498	-2.382723314650293	-2.773458809371641	-0.8378518384574264	0.047781823020574606	-1.0899579159437336	-0.017408069883270694	0.7989267394435998	-0.4061074445083326	0.5361457208910958	0.16093774162377822	0.05569164180581552	-0.9281948233967625	0.4766872290692336	1.2119069065768635	0.5154272280268495	0.5074436780020165	0.8494471142141753	0.884308384178779	-0.9320337657007882	0.1185731805190792	-0.25058353841267067	0.024311815321381623	0.4802832169906984	-0.34745021074991844	-0.3199391080310814	-0.2836173634415391	0.47988471862862614	0.291127676421348	-0.07656744333973269	-0.09582430690905556	0.10952127826025346	0.16180151711039847	-0.24370641029906923	0.36350099356447235	-0.5330709039365316	0.007393827729707228	-0.49533272070130085	0.05318487570841381	-0.3883375586121807	-0.04058010154397668	0.2622182075678173	-0.17344319573012762	0.26343620262099393	-0.12865140033537492	0.13111945693001356	0.23589907510568647	-0.2843610901481102	0.19008947043440688	-0.2561098249347877	-0.22251301146377853	0.523727160967148	-0.007826172818997956	0.8547937492593086	-0.3155874237626011	0.15505475063266944	0.08008018469409908	-0.04386721321499435	0.5045846921569694	-0.059019987208302455	0.23362242218865378	-0.0774641728323796	0.48861554966848464	0.07857963090535122	0.12291479400280278	0.20802089873349833	0.4903427068294994	-0.5647283748357211	0.7569664256046287	0.2605107300446345	-0.10351205719874969	0.04631125311220986	0.16533807009790363	-0.2254967724838982	0.014066111688981949	-0.5324087083060887	-0.19006549269698828	0.25994160077206524	-0.049469184298283675	-0.32346468686946056	-0.533565109739987	-0.22775474064346618	0.10928921418349254	0.0735952759838889	-0.12116635259011174	0.29313273683575136	0.2671746014754667	-0.16652301595694669
DTXSID2052574	-2.41154398881925	3.5568351695512366	-2.151056612002365	2.225638627873513	-3.4220717950464836	1.217383582542818	-5.630104378121992	-4.786967123099846	-2.111589074077612	-1.747471061356317	-6.706919617429817	-0.9838740479665727	7.676399680136703	-0.5923531490580792	0.0811337614797828	-0.2963473366830834	-3.6524060424023275	-0.3148480825356782	-0.7642652402790628	1.679406418089817	0.7546803745158763	1.9317804814912418	-0.8207696576344522	-1.321275480330261	1.2727991610137688	1.03019446239659	0.11004706262499185	0.7720866064891665	-0.14496254728442184	-0.6794154020239729	0.3756679133381745	0.2855911604399333	-0.6700753302331134	0.17334375868563737	-0.8608564654492268	-0.43613940251914224	-1.6052486538850965	0.38404635099691714	-0.10805883461691596	0.27403711276320747	0.05741711283779921	0.34222815595989836	-0.33381816826565625	0.6455991176704677	0.11128366574128186	0.44309702042979443	0.376442995222205	-0.3447479126627982	-0.04550183991819955	0.2912646074895931	-0.05899972851437425	-0.4330953338089893	0.10832538480894238	0.47602607893505744	-0.1160463543704947	-0.16531573871928776	-0.016228293504522772	0.3655438407837184	-0.8475295738887924	-0.524508344045334	-0.02368418762654111	0.23233256171860775	0.17547812229415202	1.2147483387970361	-0.10810507163523024	-1.668683325359262	-0.21859166670654712	-0.7388253782224151	-0.2241251143779231	-0.0639840236644791	-0.26587507185037523	-0.5267245131848034	0.5979596424029286	-0.40767541767045956	0.5264120328629162	-0.06777466002301297	0.6704819941985894	-1.04078250364432	0.08961065417148956	-0.35478491934955814	0.020246852180251334	-0.7051866702637828	-0.16366735097756777	-0.5133041373441886	0.02548947242204185	0.37671748760321055	-0.006481414026198544	0.1511241338738527	-0.20347885170800065	-0.21041139324568095	0.0661365617713082	-0.25897930265761493	-0.09178084252580856	0.4240481916528196	-0.6113418591461575	-0.1333951398107536	0.7026939405418066	0.7382488425483967	0.3815650383984299	-0.052960561828372596
DTXSID2027886	5.528690742590144	6.094348566762028	0.9749986606405957	1.6341853298551123	-3.150484564579371	-1.6996816096361376	1.978665093049586	-3.2273861535428203	-1.0589406870516724	-1.4201446414171353	-2.9244150488204013	-0.7607759292082821	4.533714169442487	-0.9818483972344865	0.8046096329917999	0.0013426595073859782	-2.1388076057720595	0.1765887265914909	-0.7320339761071122	-0.31561700843531476	-1.8130784751181197	0.3762633873221622	0.14982087556529536	-2.085306609372384	0.9420649175940384	1.0471887017160089	-0.8076056596639313	0.2756376004202256	0.16636042819358163	-1.0186651721879496	-1.2850046440665974	0.25941846699791654	-0.01877315747204335	0.5966313268182344	-0.4603713753839723	-0.5175237309910615	0.4200397613970174	0.2713151305521808	-0.7880014104941998	-0.9068950366389609	0.4161347699809902	0.22611666478874395	-1.0287764513994466	-1.1586613983118172	0.17227764215870722	0.5233454765389564	-1.0500400946115	-0.4528938375502383	0.19677293343638913	-0.46841160687049693	-0.061058329896982656	0.020618933134364095	0.07567765592712264	0.31416329229814777	-0.020630128693804334	-0.0825965863569182	0.7434143641999863	1.2521064671354416	0.2102900095460162	0.3314314601035401	-0.47637782940950957	1.100438313684217	-0.5171750783046928	0.36781136674533244	-0.37649241247453563	-0.3541157564463043	-0.27138667496697755	-1.0061309434162982	1.1833056880402086	0.6977395097053457	0.7412606196260481	-1.3811842433759063	1.1375909168865055	-0.4133065911362952	-0.9516622420224671	0.40830770622206425	0.7087265309586797	0.9502460627898396	2.165249444027087	-1.9703051021116513	-1.0490952165154717	-0.5791638915561219	-0.717833639225448	-0.33303744305533467	0.3423718292838626	-0.5104510049658352	-0.1202667840861833	0.8347248782658074	-0.080042194308752	0.5675967794254545	-0.19394962179521472	0.3474246821141199	0.23272847774785874	0.5118288723635455	-0.3561508648032639	-0.8625435733943172	1.1093170745608838	-0.22052223926128145	-0.1474015887044799	0.803881087678165
DTXSID3025253	310814.5777062711	99204.33881899489	-321210.0432542801	15973.289566274172	330420.7940543228	-56427.3924525147	-168644.07406066355	68732.10869584174	592400.5144089395	459372.67055890965	-155484.31601629168	320032.9947898047	80627.85175002003	-423432.1039213112	-345146.6529180015	73548.31724590396	298041.5718139319	615130.269961781	-65595.8390312157	-1301234.8813826533	1154370.6506677	-687639.3773839362	607990.5138759691	-193912.97870527397	1297332.0198806566	-44095.411513931474	-1741241.6429879973	1089784.8027362002	-392030.39305897016	99923.82720419762	3806588.771829418	1157132.0622268345	1869852.2552402054	-173825.767301772	3123144.040649997	-396274.0666230625	-527483.152335205	424822.0669425897	-344235.52770569775	-83423.96431194797	-902338.546185335	-518017.07615553046	-180468.00947817732	195649.91565063188	1137284.7176191916	-191637.17055329424	507059.9728906228	-1369924.8019871584	-562393.4153785892	-754451.7344291875	14612.273195413372	334649.1298271758	865224.1390841062	-20264.846303438906	-843266.3581359067	928119.799832058	301211.95965517533	1379163.0415363605	663207.3434325752	752544.7875967995	148349.67904265088	804331.8440530567	57769.050073800005	159111.27716070818	-203847.43131058675	1409158.7126944321	-733532.0702738481	-2219630.7640401097	-677844.9438101368	-258846.38896411055	69343.42173850237	148018.82617390307	793583.4469460519	610159.3407658362	-877541.380782271	1859901.1469271204	740479.1983852343	-2324792.5380995083	-438758.54859194043	-420574.6189037249	2052744.1475935518	289190.90973942535	-1372530.6041120223	461305.9257260778	-886482.0807880549	1110539.8082845132	160949.6217897574	331533.6350332682	989028.2134703026	-2517807.3023405736	-106684.8086258189	1108793.458356307	-524226.79054373567	1432739.1980916387	427094.4342863912	-900510.8773471713	188825.9473238805	-742623.5333297257	432256.03473594366	1079589.5333207138
DTXSID0043765	23.45476111867511	-10.483355884292527	-0.22071796368546698	5.802848653492235	-2.7574937991148554	1.77628842550536	-1.6806215281993575	-1.9182733565898868	-0.4894862830955377	1.0537226311622863	0.9083739591556479	0.8091381275401383	0.06283690762935842	-0.15603057517725583	-0.9184442498061086	0.8025826303084247	0.2180199437897946	0.47392535112624956	-0.22962631746371798	-2.7213050066778686	0.22197589817959248	-0.9413256328938382	-1.8541169367170214	0.1641615485819792	-3.2724096600643344	-1.2239652101908267	-3.1521297127225556	2.529352840534997	0.37231511356835156	-1.8354387303431863	-1.626454878590447	-1.0617096004479525	-1.217617725172351	-2.129111112284234	-0.13668298387864472	-0.02560220235235849	-1.5803510258460145	1.9824591955258488	1.0750980415399034	-0.46051163978659	-0.2363268141270754	0.6022476715808868	0.4288447324090263	1.4606698642386382	0.05556758179963513	1.0032048538582954	0.6941347428149274	-0.9017866854173153	-0.18475303129467102	-0.31034218227428284	0.1027571758329762	0.19644345634801738	0.058175889262024966	0.04905406696859708	-1.4614422863852448	-0.8920097316456517	0.34567792426826716	-1.224074232057513	-0.4742758548484675	1.2014283896289124	0.11572983289819092	-0.8051624570358996	-0.0008694539959402082	-1.329567171252325	-0.21350394060182312	0.6997348205086085	0.02779447854423335	1.6828529362042612	-1.3702735985623478	-1.3458809426979894	-2.0926951716335176	-0.2888160754766143	-1.0234448961862814	0.45105640559196736	1.4762069763003136	-0.23635341129232484	0.5237831883349365	0.476178661556776	0.20722804459130167	-1.1230039494516297	0.947303805902404	-0.5705515669222367	0.3909855156846348	-0.3398087357922678	0.4193028254526806	0.003977951024140593	-0.254141172534548	-0.6715100135593123	-1.293842587315923	0.1720404912972078	-0.8271294686726715	-0.09419300932407496	-0.211502053655141	-0.7360227944983077	-0.4018895801017831	-0.824476300934311	-1.1211141175946993	0.20583587002135914	-1.5772092754416773	0.03179013461611604
DTXSID9021346	-6.6207441691188	-3.179261555938467	-2.4577336279453945	1.1525476436501496	-0.38240038827765616	-0.2968887425722061	0.2406624048857212	0.43358131524366705	-1.0251472178646597	4.265533745938973	-1.0170774532985654	-1.536705677710452	-0.4698271429145955	-0.5851715946707722	-1.0808516574459055	0.0695654945622879	0.5162634589973543	-1.012755391414432	-0.2518071765246961	-0.33468867255166684	0.875133958406688	1.3289265776751245	0.9019993554172892	0.04416134630490371	0.2791203678070983	-2.4657705660334313	0.7984428642981208	2.4895877388688357	0.29917130502420125	2.3166380110558213	-1.1884965451491127	0.6731152546070596	-3.1385048545998746	-0.23044116603880455	1.0414098564623424	-2.9540492701800325	1.517241002900107	-1.0210084075521613	-1.8877432368284695	-0.09538325750506695	-1.570071094650634	-0.6527121396251566	-0.09396524412025739	-1.3223519892327065	-1.8977373539886364	-0.2378490542607693	-1.997329939260945	-0.1852828294068363	0.009853323563219754	0.2647529462357858	-0.08344117853541873	-3.1791500250160816	-1.570631761963292	0.5225744151514529	1.4913833687196234	1.6672182518192935	-0.5659986812115038	0.3809559324186004	-1.6722201518318038	1.5533692176880256	2.1027550194353295	0.2380442784153064	-1.866399753971345	-1.6537782215085683	0.47254744802259774	-0.9215222188947173	0.8083085057648155	0.3683017833199652	-2.8846224866828623	0.9552063327942283	-1.5928821985895294	1.1583752303491222	1.3853986389911213	0.6106807314016478	-1.5812219112382884	-1.1935433116685157	1.417615700297508	-0.7149518693907372	-0.2077151837658521	-0.7931548977538071	1.1547774767974193	0.9553405493783207	-0.6523922330404394	1.487118717194825	0.3563271121662303	0.14565788199830004	0.715017580210667	0.6144254323246738	-0.5431487038033347	0.06352925171427798	-0.5305754157167231	0.6718467927973483	-0.6647280807939343	0.069732594052025	1.307194770519519	-0.06863221957501102	-1.0586526743333016	-0.08213789127133679	0.133749876827389	-0.8204904963552943
DTXSID7046178	1.1601576036832564	1.8834122862232459	-1.899484193268943	1.7424135045330262	1.0539352421325987	-1.2109993911367063	2.250798502485437	1.0379579697515078	-0.239375180198842	-1.4165275178337682	-1.1844061611873815	-0.25174188935134434	0.12480037102926053	2.2466884888361403	0.6524301240397934	-1.5603910120324884	0.5892905063615017	0.1371331905367496	0.5336202611074198	-0.642476184846424	-0.1878323970347547	-1.0950911033344783	-0.062270461621075274	0.4934588365565992	-0.44115453569882895	1.1353545993244698	0.9944885919573324	4.0502114892804	-0.19916272642094907	1.1305147180701258	-0.41770252259801716	-2.3893188159648773	1.7160216066371154	0.831998943164975	-1.2712357128284633	1.247518093168893	1.152380001991776	2.2579413298727657	0.668775407651505	-0.8049791644416052	-2.2891395296768313	0.5088825345784331	-1.6487039185339316	-1.3393612222729026	0.16151061284729976	-0.5644152266769675	-0.3547843357198682	-1.182675761006856	0.3145783276206955	0.2576738006699759	0.7058959339540942	0.6955144130695721	-0.5245050886351247	-0.2502589142353807	2.857026888430559	-1.1665271673113262	2.565811854979154	2.4671350681795703	2.206693934250605	0.3228234490178209	-0.5293662950501528	0.5290913175552757	0.44571185883560405	-0.5221718865885386	-0.2672727195733145	-0.7516016004856896	0.16909225342998782	0.5614155560292601	0.9406905881213431	-0.4741104889524445	0.16920565577349927	0.07930862771263872	-0.3450073471541016	2.454723537073958	-0.01067804289277807	0.2138101007655657	0.022130524374259285	0.139808626361154	-1.7743632120836768	1.2072994414765437	0.012112422320217399	-0.22417304055200943	0.49546116010585745	0.7271215864213343	0.4431481826209248	0.7980392162525386	0.14133390619876177	0.038620025234122383	-1.0014217173038158	-0.0656381241669783	0.7751460967201502	-0.6433863905650022	0.2752536879383	1.0280584529806804	0.018127663174888734	0.8072680496898962	-0.05135206127788644	-0.1428711991694026	1.0799937162251254	-0.47483525488907635
DTXSID4021393	-2.41748537438866	-4.620367462152686	-1.564292838314881	-2.085200435404282	-2.717829289286775	-1.916412846633705	-1.4817668117181089	0.7632280085203362	-0.487194252153995	0.31380362580890725	-0.3351785615429715	0.623120103360779	-0.5772443980768667	1.5937186437145223	-0.04648933429318388	1.1001887427435366	-1.046320828087826	0.9235994206978483	0.08382285780084293	-0.19076832431141627	0.4429154349563501	-0.21502437573472566	-2.7629242797813665	0.021157341552910113	-1.0132145711230123	0.5858177503477713	0.03483955056685564	1.005557269892295	0.38031012897277316	-0.9913613765506744	0.7380710654846505	1.0767136228100518	-0.6587033094344394	-0.07041284697147558	0.3191840411199658	0.9393123134658778	-0.0977743048037157	0.993625790993993	0.4936708603466481	-0.016644431238938977	-0.48128026845849425	-0.35682349739739616	0.5458189517773184	0.5072252683869767	-0.023135767017344183	0.25858091100600383	0.09231893977780509	-0.24799502753488925	0.23882512760035438	0.32966460037920914	-0.03848976411508516	0.1034322969763697	0.010884139624303677	-0.3308873601174618	-0.11342745695746798	0.11166574217268888	-0.6049720735711059	-0.35860363415403385	-0.0643903344823255	0.39470945472255786	-0.26503080944675333	0.06175377360725526	0.821665784112057	0.6368293498742852	-0.7057387157441704	-0.8576730907756228	1.1669740024898025	-0.2564507755508488	0.40632842681819126	0.3652333616924973	-0.48347532156296597	0.1733881173329788	-0.9865457689897414	0.19550330231676738	0.9968602032705098	0.8514396008712342	0.08398913433882946	1.2513052337383495	-0.8523104766835168	0.538083469746866	0.19005562345144228	0.5869940102920067	-0.46805756670827947	1.2144191049007778	0.537200820329159	0.3437608557109696	-0.33465119574853974	0.2687793782655948	0.21724855026730916	-0.5086849099985551	-0.3411552915921895	-0.08862806817113546	-0.1292738140685002	-0.1496898257959695	-0.1930317737710593	0.026236197490764113	-0.21096974000327673	-0.07089671981897101	0.23640434478985806	-0.06842757393216835
DTXSID0046191	2.6697422743049195	-1.559802826898887	1.5720301101397884	3.741587741668312	-1.820066584230177	-0.3261588704744317	1.3079405706569511	1.5552101449939937	4.675692362567974	-2.750217014173548	-0.11839881376906332	-0.048182049152606383	-1.8564261242829176	-0.8129958329810658	4.547378937468316	-2.3959637849075617	-2.386009197643873	-2.3071116136334466	1.3197110549288666	6.852534240173486	4.31186975649958	-0.0334058772213162	2.9636776148521933	1.240274198274953	0.4597051613944552	1.0093696820155817	-3.700425538741889	-2.0756963681501737	0.1295924389873186	0.7835437694638646	-0.3953000077001407	-0.7347496310567253	-2.449424198886062	-1.9529866189376008	1.2751380328091608	1.0573110733221824	2.987683264642586	-1.2344612780842168	-1.301430501709292	-1.853152704011047	0.7558641125677787	0.8679320003809935	-1.3240777871020781	1.3248127182771947	0.3031005050945078	-0.394169433066967	1.5123445976546792	-0.9735724673107076	0.0077234422951322525	-0.6814802504305232	0.20435887918778994	0.09684942383571056	-0.6852614851755684	0.22986911180595496	1.0457469134225434	-3.4131111647133396	-1.4557442260836617	0.5050455218235143	-0.569376001036297	2.242495433708382	-0.679297859591655	3.8319231774527034	-2.1750675865179283	1.3069961187765309	-1.8565546687148244	-2.5016107134765786	1.8236705457959377	0.5235422894783224	0.8272755376321833	-1.6631728277309088	4.559306417871697	1.0474631745300804	1.184442050061813	-4.6770346769586855	-0.9699072365876606	0.10395097680590856	0.09831460510529486	-2.2789792516969265	-5.166853964550815	1.1442550665928075	3.372642472459323	0.2440430875872166	-3.320442495750753	3.143258600672232	3.728731901325725	-8.223842890787807	0.3751466578182524	-4.373485225247996	1.2416748623461324	-1.2383668435946662	1.7588516178802702	-2.1532257696281363	3.149474265481277	0.2577084902242872	0.4687867828275725	-1.1589867954901578	-0.08578698369433337	1.1765651853038115	0.3722588862804659	-0.37461084403798073
DTXSID4041991	0.31661886725499433	-2.191574437433344	-1.16476253438416	-1.3536078999645764	4.722766737528821	-1.04765661377495	0.33265890915405205	5.699354465977234	0.408914436417893	-0.8902932509818982	-3.082274205328951	0.019162822805684463	0.1121357642943252	-0.7208793629819873	1.1699313038431294	-0.49439771059021775	-0.6695488696313212	0.34861970943105414	-1.377964979825636	-0.3715455531925206	-1.2274528588007347	-0.3197668891747442	-1.0806553683034208	-0.8318580805431108	-0.09411533312210833	1.2130567867812845	0.41312125558531326	-0.5820267913476465	-1.6545633118140384	0.1832257728338519	-0.1436678091412006	-0.08939069046788496	0.12185213781154353	-0.21946262535168387	-0.22000118624985213	-0.9622325326909752	0.5565522871033171	-0.07972512325030981	1.0476096326060997	1.1671345208038326	-0.012171832826114847	1.9951190190701615	-0.12748209722850748	1.510728234661146	0.19304731295536676	-0.608368869729295	0.0782243316130583	-0.6553386698942607	-0.15432140638791936	0.11017772311866292	0.5131365092497104	-0.10512351598332055	0.46866379702053407	0.017019901825903433	-0.7989339904802893	-0.6306878015140922	0.593218283058955	0.6113289615145963	0.0852334011058592	0.11675708342131659	1.174473935150668	1.4288939739477788	-1.1652114387913812	0.15401950209299836	0.35515997027795054	0.1739213545368349	-0.09116557641516333	0.18665100701550297	-0.2548163797403555	-0.04022338302091693	-0.9805084867391118	1.4057299581448857	-1.3302299449282176	0.6317987125525362	0.38724706075973236	-1.5444986011193356	-3.166719162082024	1.5273499267429882	-0.5242881875600975	-0.020572358375697517	-0.18250746171920074	-1.2881356270920479	1.3839109227087198	-0.42047314762695503	-1.5612549985618192	-0.8738153649295042	0.090179816870459	0.6578015041238445	0.5019409349049332	-1.5823877631284446	-0.9236583092053314	-0.8496696584258668	-0.4540983308072726	2.11679297614701	0.8183309961034947	-0.6080397636042576	0.4446074347991221	-0.5234788663321026	-0.6916560767346619	0.5636969925382551
DTXSID5020730	-3.5956139281156667	2.4726530493065058	-1.8442644571909492	3.1515713449135294	-1.5297429490530225	0.31332007901934417	-0.6842792815738995	-3.0861471928266075	-1.3865917691586065	-2.4563152480024173	-2.8026787056632965	-0.7514495959503322	3.715046966941865	-0.3661016204663116	0.09327819342007289	-0.2352788549383319	-2.1738332470824533	0.013893816097388172	-0.7434961116350892	1.2683374773089986	-0.9898391809939423	0.605490054126388	0.7207300968224155	-0.51215029199462	1.2358608457500555	-0.35417993815330473	-0.08781876449113725	0.9231790123893704	0.6040563584725793	-0.7135734324222324	1.1031319216966613	-1.223990328199256	-1.2484370344699607	-0.09971656201743039	-0.23633854791833628	-0.6751796176281178	-0.6149169102217691	0.5726678960583347	-0.7523354437302894	0.3252341087797104	-0.08853927992677992	0.1624011867917011	0.4345831907220592	1.0964760677474263	-0.09438905882892237	-0.33197772752372817	0.32291025742252677	-0.7933816506426715	0.5863058024599372	0.6613187150326689	0.3598605473755806	-0.44977943211557225	0.13905376259868535	-0.09840356898506429	-0.8924981459552651	-0.44714518275032317	0.4832093974995604	-0.40142341575114815	0.24281523102743088	-0.4106448270204807	-0.46248737603517365	-0.4268943255000178	0.880634960352769	-0.3536648421679943	-0.1703572525431471	-0.06952483550569012	0.03690541443749821	-1.028652978579361	0.4899894391953548	0.33683873922567414	-0.633072965386866	0.5126325705072335	0.17412378865514583	-0.7382532319348348	0.0471122917858314	-0.6483785951846319	0.020142780818518474	-0.3228525569136872	0.0771524403702278	-0.6430331334765172	-0.5091027697768368	-0.27304047369236834	-0.41281983209558476	0.17690255689838633	-0.1589576927612516	-0.10437246480774265	-0.6116408127665657	-0.10582974324507705	0.02528682062060483	-0.05315407201305236	0.05809719173077324	0.2936077971154749	-0.07281160882354644	0.4473422719346507	-0.07618195079255478	-0.024664045298497802	0.8438748954454236	0.26689418725768227	0.49531854369137457	-0.0029865469543384595
DTXSID4022527	-2.0900677816513897	0.3970185099576212	-0.3095897176775645	0.7704124330396579	-0.6850233064602176	-0.5019697707299847	-2.9636935992672067	-2.3067872926359363	-1.4505277026371977	-1.9928245180818982	-3.913975038286627	-0.37143491792965316	3.4568487691172125	1.2580120249773163	0.201898633427471	-1.2717162283931787	-0.8783423921391496	-0.5799813154862088	-0.09481371076038873	0.08994309833568273	0.9538761863370578	0.6015954455322765	0.607719928580272	-0.15139359374313544	0.36952062398037305	0.4565678861826772	-0.2695237789930148	0.5749322486703697	-0.3252112301804439	-0.5606674178855939	-0.5830293364906078	0.11568100728085456	-0.19859211244536787	-0.3735353837050513	-0.4111359214223024	-0.1708440439785976	-1.1219269749169953	0.3298617508370117	-0.13455499681365504	-0.12891720571925164	0.17080988017901683	0.3554030475870882	0.05806470696959462	0.1828314797938357	-0.022351610127406604	-0.1392521354640759	0.15383941015735192	-0.313620773744772	-0.18537923994909153	0.10414600668093785	0.01962533184405743	-0.15886283778484722	0.4889907017272087	-0.006399048991879306	-0.1605216182379446	-0.12888432963483673	0.23960336988413963	0.028489990954007054	-0.056624996875008424	-0.07830811638763113	0.27842127622571816	0.1398711897435854	-0.18073020143676158	0.5812383858400044	0.19786094358852757	-0.8727480762675127	0.5572682611157206	-0.5536915303187707	0.5843844196673416	-0.2693277594802514	-0.1398852284746012	-0.3882395345151098	0.06252720194787624	0.22325825105789862	-1.2096051550181537	0.7194915824045832	0.15352347054882148	0.7203975713198432	-0.2583395784374656	0.035789882074225766	-0.04007293251810739	0.27508586194567225	-0.1086295517421385	0.4081119459487895	0.2024978106672301	0.39790631720309244	-0.08604881813274695	-0.7535774515983741	0.031943239849078715	-0.0463683392642959	0.2734414163473376	-0.026140802260763298	-0.3839539339484873	0.29615300822564	0.34243060473360676	0.1193660936709068	-0.6006055179812253	-0.5011022261258219	0.1963816936601007	0.3798692162548135
DTXSID90891560	-2.5252875720472265	4.704421155300183	1.9033708799522977	0.7803935942196831	-2.2004239948610937	-0.254309022271895	-1.2736370469963467	-1.131185110747023	2.3542534591029156	-0.3742435342078258	1.793103003767063	-0.7563418587559482	-0.6520910373611083	-1.8747174686212869	-0.8190914468175389	0.601794996879618	0.06573072858266447	-0.19479687607365198	-0.35483107222752847	-0.267238524813654	0.04485818680300716	-0.13357795301370246	-0.08387866884371369	-0.20145483928127814	-0.42146240975938565	-0.19516265058089965	0.09435636274742754	0.510861330853274	-0.13438117523757653	-0.2642283578253311	0.07418195337286007	0.9280890464992866	0.58154034444149	0.21337252817049354	-1.0097978805242958	-0.7801628189808317	-0.05695999261952658	-0.18986458095780354	0.1729774196936496	-0.6068923902580763	0.21046471123164767	0.4557851146620227	-0.40313237338157437	0.2273236100600933	-0.5035879692301248	0.3116198934837159	-0.21467529620128306	-0.39223742010415835	0.05857858208397721	0.11172105244161462	0.10083136047937394	-0.04003009037212877	-0.12094407762308106	0.2509903474898754	0.09955152222657493	0.12253329912508337	0.5195932346805668	0.21250217420957873	-0.49476831602574983	-0.07822362526609292	-0.0876470363781106	0.71461413667889	-0.06258992508593768	0.17212073170343697	-0.32306993811900414	-0.36656571263473414	0.2061612845267541	-0.21989762719594907	0.6560232250068496	0.24832198940384678	-0.23285400800969724	-0.18473114056711953	0.23043402187295967	-0.005145800546329292	-0.3504604970409725	0.09221553079414518	0.2314019580955628	0.6056185485192631	0.10434457443152742	0.10985922799393423	0.32079558514347595	-0.1565302342332837	-0.03651593701636286	0.3561493933100406	-0.11121471993647966	0.03303760376580861	-0.6067308432090243	0.3012656500561763	0.05001872147671788	-0.003916116145453817	-0.06584030334221883	0.03807286083285016	0.2425582977209415	0.16367357637427488	0.004331386044736773	0.08360652433242635	0.07323622694340341	0.1024443954760017	-0.17426887551608863	-0.11559211554296511
DTXSID1049697	-0.8668222184056505	8.025758600016056	1.2365281874145089	1.091784610003076	-3.789106798000236	-0.28608504990208755	-2.371948613632742	-1.8593059923516837	2.913599857407822	-0.7028288868509865	1.9337248068501296	-0.9878317801023998	-0.38384937968857424	-2.52660425643927	-1.1852225573260717	1.3795189878642156	-0.4589374839056447	-0.40266327715160927	0.5931534094997617	0.84306935415763	-0.5087863611831266	0.08864340398390207	-2.490143817782022	-0.38436932001204543	-0.5966485723448095	-0.06195073923883837	-0.03516436432763478	1.1875595854638648	-0.10780135753482942	-0.31343754622907033	0.6286995305947872	0.642340960448274	1.132191674518049	0.665160166019001	-0.3548423167937539	-2.0110584217614464	0.7928965716524391	-0.10718158692111857	0.9426247557012489	-1.1532454686929536	0.7534058229689385	0.5015129670333193	-0.8423764407142152	-0.4047014792518723	-0.41675168218200653	1.08726393921746	-0.46882988678928617	0.009549818953367222	0.19450953686260367	0.09414098641056061	0.11815013841056703	0.11377183012719538	-0.5501904608016103	0.3363939139293868	0.5648120394150659	0.5159812878865393	0.8700787376649035	0.382130341034866	-0.5690133362241838	0.11072520796932434	-0.3117579375987018	1.1230572218753059	-0.14708326835361843	-0.37704876923874775	-0.32218056368605974	-0.47127668384640414	-0.36186077674760375	0.31510801842068714	0.3014422912337185	1.153774374214862	0.40725635567895796	-0.6102490118570737	0.035254321893016145	-0.4018662927377084	-0.5027165193702061	0.3019442500173259	-0.4665821347054522	0.7579108559021949	0.29983563206532016	0.06572555791635792	0.042085619234837994	0.10930417678478348	0.29662671144349056	1.129589953176518	-0.47695265502069145	0.029612231877082083	-0.5851576540962207	0.48212631463618627	-0.14109600768423852	-0.7325658702161562	0.22890184727757543	0.005416433842432578	0.8522568787584897	0.41473796146568015	-0.8915902505970003	0.06843786088457661	-0.44163981095169474	0.8235332818997729	-1.7808547984975502	-0.6581150727620163
DTXSID7048952	47.89843764456931	2.221091520047618	-18.82531580649587	4.839159284040942	29.925741360381235	-17.993813030496497	-3.4205502311562235	19.736440941394655	6.7690816918631365	9.400342461324934	-13.006312363834923	-6.682830191303673	9.66004470853479	-1.3582794880035547	-3.5735843483684806	-2.4004424327817024	-4.060690195055136	-2.5374588041442108	-2.845949658151477	1.9467796544937515	-1.5694761817734972	2.354562720722694	3.5841023255515827	0.1866761345448598	-5.260862328982007	1.4608484661070555	-1.667365335759392	-5.772532835807282	-6.0410580774524085	-1.7484644617250436	-5.419425782511509	-0.3502715956825394	-7.2986658666463295	10.71121755039873	6.1556636812628405	-6.822496010470075	-7.205929234887934	-5.421050446382485	5.742120079813104	-4.482239858559707	8.445570817497146	1.5009501346039453	-7.536655339914276	6.6184473321790795	-1.0316819327972675	-0.4705423273414415	-5.790534182426019	1.2973783549137838	1.8275104453483035	6.850311816117583	3.2126031708291984	3.0775065924567313	1.3785222699329445	3.842957707420082	0.5104735983187542	2.4903568111738004	0.899388761878148	7.633936014905126	2.5062565148770424	-0.2644718475647262	-1.146814653868329	11.402031930007734	-0.5833185749697827	-0.8730139701966376	-4.7920373803333804	0.5369302090963213	-6.601046415151091	1.4310632751659198	1.5201629733848667	1.2031577499823147	-3.864543885240659	7.937516513021865	-5.022950848348774	7.079617858874682	0.22282880119989926	-2.300518788726416	-5.90057257402896	-0.06000714971392537	2.4247636798937764	-3.7748778373117235	-1.631307858125629	-1.599843678729511	3.697702093769313	2.180800720515126	-6.179394274082791	2.0542477591288204	1.1355484259478208	3.274213118253786	-1.2797609094642897	-1.7490301073146666	-1.159858796092935	0.0028070248058535796	3.157215790028777	-3.0568495589854603	4.243039634395709	2.5275362749969443	1.8016056077383251	0.07738344574161737	2.930912649114549	-4.91187391859794
DTXSID6045959	24.466340049860072	8.727305102730977	11.206383417031072	-7.695557166768312	3.6823460766847926	-7.81321882168984	2.902129477184879	0.93859743312384	2.7446228872214626	4.086767972255393	-0.5959714689026333	1.2171720874405616	3.7129573294400324	-4.359877283348666	-5.463427261120619	-3.729587145915106	2.0726812159048746	-1.6155201817392868	-1.520887621807973	1.2957603682137724	1.9708379784376955	0.9148398653916515	-1.2928803169353988	0.37056422144488566	-1.2446662451165602	1.8944799239449526	3.00660760827957	-0.4765719988454396	0.20946088862557363	1.8038892907907187	1.471281372477671	-3.223186683508514	-2.3701476663596646	-1.3820892687557724	-1.1482820336620865	0.9186820019900626	-0.9825612503431627	-0.444632684721435	0.7857749983637894	4.677847723665397	3.032852383377193	0.3333556385661391	-0.3762341262068373	4.9170622364153145	1.9501814147467067	-1.6509995098215435	4.574707790960283	-1.7535182646524607	1.088948539207817	-0.5623771835133802	1.087971391199349	3.2020630844224818	0.5911840319451898	-0.5984188983752665	0.06793392549969768	3.403353941768138	-0.41588846267999313	2.629996433823316	-2.4246631063977473	1.2453816356718612	-0.5489190498745243	-0.5334248205401435	-3.7213690146123772	-3.759043725353001	0.5231056803663106	1.036316614178132	-1.6765941695588114	2.027236423530942	0.1230584299108719	-0.31060183279695225	-0.3005179256093102	0.9884879119858184	-1.2488760945086732	3.2014725434466462	0.2223413058468968	-0.1391817652914034	-0.8235708448723406	-0.9022086821031198	-0.5507983579291599	-1.7786924405445712	0.6786758766017833	0.15735596473114405	1.6192489098740943	-0.09150502392304148	0.09482648334520791	-0.2966665501311548	0.5362168324859566	-0.6099501758936763	-1.798442183976309	0.6836546511934088	-0.48404980286900623	-1.0434517089082622	-0.3607884076699046	-0.6014729326035643	0.299354685251237	-0.06927745780200639	-0.5752327402114574	-0.15711488316020078	-1.3991225986783118	-0.8124412971500539
DTXSID4021341	5.27890370014873	5.6662979227572965	2.505767312718532	0.383742713449302	-4.154753088882585	-0.32131614328280583	-3.5651946864957	-4.671973969673666	-1.6602969144719466	-0.030251815654600868	-7.170711887723246	-0.43983622853998755	8.574058917418435	-0.6515467390933014	1.761004487225319	-0.5682375449689949	-3.039582295714059	0.8185445223794215	-1.3457435026760503	-0.4347386941088391	-0.11759034240355096	1.0334802198496629	0.8928879964175082	-2.411900784876738	3.498614621387756	-0.07659252916444106	-1.3121102442679526	-1.776531556865532	-0.8338528664233483	-0.4448852380272176	-2.3009918678343806	0.8159242924248211	0.54373720336331	1.3395676647698034	0.13318769095399133	0.44128978002895175	-1.273040901837518	0.5019328281629812	-0.6968622661746297	-0.44268837643275516	0.15659252114558836	-0.44407417499218277	-0.08969232828634609	-0.658821272439395	-0.1991599660363536	-0.0013715220729350415	-0.493286378110521	0.16326021108650768	-0.20811851430013012	0.26636344919790006	-0.1291297337696306	-0.6845520575197264	0.724938461458979	-0.05363993588775603	0.37097617748961426	0.4894507359436403	0.23271856915132846	0.276604565178004	0.16534850622695013	-0.4148369292913669	0.014220562184119281	0.7850999047346873	-0.05833441374146391	0.6726115868858659	0.27601320637673515	-1.4329696549467774	0.231110058230169	0.975185621298234	0.20636743631031196	0.4214300538880873	-0.540689007067576	-0.47632884342713583	0.5459662846488428	0.2718193434971896	0.27227986022733897	0.2044275186897375	0.7212625874331288	-0.7592001160855587	0.1130674612125212	-0.1947435265570841	-0.5888465167945328	-1.2988053415112433	0.19603272115746925	-0.5538098012324014	0.40536239106905214	0.1188697301981126	-0.3542399619246306	0.2862659635486878	-0.14429208000285595	0.0857699893638953	-0.48316641392722287	0.9806603293127006	0.8443712932985649	0.484655747315318	-0.5750275014808042	-0.305690438089908	0.3074796635670592	-0.18246171372070435	-0.2994948393483352	0.7708613942646136
DTXSID2047195	-1.5304826993999707	-2.732340554220842	4.136242207806556	0.644259129863148	1.319927821915993	2.054638422069459	0.1627769605055522	0.42336434952319557	-0.49466231076977735	0.25719359504249056	-0.49609015586135585	-0.30333711215652764	-0.3954985781734917	0.6564593599233967	0.13189400413598215	0.8288328087654859	-0.40629261334375977	0.1765764533249401	-0.4845586619861459	-0.5383735965377487	-0.25088825978211626	-0.06334053858528421	1.0695087708247597	-1.7621999405581956	1.1270783786621343	1.3879197580584253	-0.010764886071651058	-0.10556871554052642	-0.1963773454980113	-0.4802318014584263	1.0712345639215668	0.7150603962909757	-0.3125838881166604	0.5175667546375534	1.1459376069971827	0.48632787609728817	0.3231200079282402	-0.08500073859907509	-0.6096887971927052	-2.384828618438601	1.0845071131443311	3.8295497824695173	-0.4652154274672843	-2.214625574259379	-2.2356496671153803	-3.1251982662072177	1.7527866093042994	1.5291203449653756	0.6682840283859879	1.2285418917875202	0.19404115627383337	1.6544541265727792	-1.2463908654719096	1.0516675192296288	-0.26908691829428655	1.0324702867432567	-0.2698014697419724	-0.2474149421726651	-0.20089073351237963	0.22645288836066113	-0.07516441473360576	-0.9882211317776037	-0.32810042754547586	-1.558407285879133	0.8212094567889728	0.32614697271752724	-0.8101942685762678	0.42676630645774016	-0.12803522051727056	-0.036459233240610046	0.2556950260388106	-0.9272931987013942	1.6852545018621459	-0.18500418448597616	1.346854737121917	0.2077385452545347	0.2106423383816713	-0.8597624008442304	-0.2920647830224163	-0.04546717508270955	-0.8358722503883506	0.20608135130827682	0.15311425581344074	0.05171003786889561	0.08694272639179244	-0.04782527486539002	-0.48248497731034307	-0.698921076413306	-0.43902838780749465	0.16372084016309646	-0.0362798326000348	0.2624364813236211	-0.5368194331143196	0.5345034384302831	-0.19049255941407883	0.06349474083458068	0.04261175592597285	-0.030469443942212182	-0.3097019899846914	0.09756624528602738
DTXSID6045535	16.589527533859975	-2.7164879617616267	7.151544621993675	3.539445993995394	6.779141144287715	3.889599268415998	-1.5104907115696946	1.3202029814051062	-3.7161580665261833	-0.5193675380791333	-0.03833248312859427	-0.09151542406235041	-2.070095880831262	2.2715291178277486	-2.530741577134195	1.8050045024396142	-1.7335173098195786	-0.7163675891211817	-1.4903175535310171	0.395025746806139	-0.24744410662604882	-0.007748549856638602	0.8026354739299725	-0.58816237859795	0.16154323028767711	0.24762626812243302	-0.08386908297600552	-0.0644083068105752	-0.5745560520715266	-0.13262042796387874	-1.3112258742914773	0.1250502544193061	0.2263093057105804	0.20054560729122448	0.5515366325911032	-0.42992026843488235	0.21954529899330272	-0.5458419207629671	-0.4285675663078622	0.209346831317139	0.051874486174755464	-0.24977150303792425	-0.09472267337720516	0.40119338907819063	-0.4395821013029324	-0.7583946946158433	-0.10362282364624563	-0.49907616740538946	-0.0824855529914875	0.0663704222469837	0.23764231302196756	-0.25184408892215576	0.39461378635965355	-0.23246105161797645	-0.3559906419690097	0.33702696208574523	-0.014362457055100386	0.314217455675786	0.3623743648318075	-0.6733948329058247	-0.6119540061846042	0.37201375466257	0.3817952987501758	0.22956873351034685	-0.1049134313619868	-0.23436660047564947	0.3070240308330493	-0.6563644196114483	0.3529183894935309	-0.33367800448801294	-1.366243257051788	0.0060383238792435755	0.4078071947469086	-0.03992684080613097	-0.06339304367748877	-0.9072785417603059	-0.6867656446636208	0.019918314029008417	1.6692009135630164	-0.8778308836513893	2.48089503636166	0.052613551597138396	1.2295663776103574	-0.9699723015783086	-1.2329390752679454	-0.30009255386131	0.48326977885983785	-1.1710199159689176	0.2528668109719293	-0.39483428993940195	0.026521411781604845	-0.8412523554228463	1.1252551657953964	-0.7671595238995826	-1.147410703394609	-0.7140922381766022	-0.6476796710471721	0.7782700304067653	-0.7152101097167829	-1.128621017410818
DTXSID2049000	1.0047336303992518	4.404516986289921	-0.9319525921995825	2.9576725276323708	0.9616357669629336	0.10000027024339388	-0.42242156409004006	3.3268724022880076	2.232167818046846	-0.5493704336380569	0.15035030085218934	0.16740095815909664	-1.0342666784134638	0.9913751206471054	2.500334529647042	0.745644395236199	1.3634967114904257	-0.8716095595112804	-4.254249343343623	-2.9063328122850316	0.6631890624182669	7.403021067454324	1.9921156982519452	2.486553146256836	-3.101753573567855	0.7470073195832003	-0.19596542198795566	-2.8836411817823966	-0.020216642370150563	-1.5206940691802182	1.0581863874774844	-0.42039000720749975	0.022959865155081444	-0.37808696556678945	1.1894933463937167	-1.666844813314961	-4.240651001909212	3.5181404061496093	-2.8098575656301485	9.368385713831486	0.04321719894866569	5.551857337210624	2.823395059239123	-1.2642196937143564	4.787695555382582	1.5582344747494674	4.374303164714232	-0.11762976847713946	0.9268953067048368	-2.614101339501994	0.06240198672046949	-1.6846863772109903	-9.731444906842617	6.397229335469102	8.639258688357952	3.808223618305505	0.01577105726784566	-6.863738010187371	5.86941189377928	1.1641598053729196	-3.9002667486492517	6.218648359796357	4.462061735313834	1.124527026000758	-3.0793939092351788	0.6978517995045481	1.597225258592435	2.6868719178898095	-0.426425867425887	-0.2002072374145823	-1.9984776426298134	-2.6326709105244723	1.503927289755013	0.9876054082139167	-2.56963736566702	1.398023834855267	-1.0651819921445609	-0.12270195443615671	0.6438088093159487	-1.1940197142557496	-0.9856580204383798	-0.39577887339100765	-0.23668071599143	0.010466800275801682	-0.8065890376456294	-0.6102886379211053	-0.19004491539918045	-0.061922048368353154	0.9486495875441024	-0.722585229273441	-0.19051190803824453	-0.797732991438333	0.6851703322657825	-0.492241196245951	-0.04611970738852071	-0.03450449067028802	1.2974850576216421	-1.2767323870291623	0.30065693308554503	-0.907360036762308
DTXSID2026941	5.041007130536748	-2.745596913567399	1.1717174508778134	-0.7594777477001353	-1.063894596125065	9.25053357690097	-0.6383768923091813	7.650764077111229	-1.9575577454963935	-2.481046511486659	0.32081300072323754	0.26660165515617135	-1.1143826500623313	-0.8024573064542924	-3.147496294302252	-2.3763854083078226	0.0430232588896935	-4.602431056920137	3.3869393973594497	0.34401520306137406	-0.6783413705563399	2.5578296875052846	1.563095921470862	-2.031447304856437	0.6383400331494858	0.32010235234159534	-1.2374090197758651	2.6097969797581895	-0.07285205603428917	-2.2553944400272137	-4.2475487578112014	1.7143535891041197	0.9704432143288976	-1.2867305764019366	0.7432533274742005	-2.3229880871033	-2.093050562926165	-0.6497360229641892	-0.9651609992159156	-1.9419558360602287	1.1393922117546942	-0.4753475851187206	-0.41049535073633003	-0.4187411263963768	1.9172616239537665	0.5637929144328375	1.4604714859166426	-1.7617884599332339	-0.24299718961939015	-1.7500761173205222	0.03792733607261597	-1.622489369172177	1.0323269990397164	-0.4367833435863273	-0.9376162337985526	-0.5490572899787522	-0.9824113637233175	-0.28407020352536644	0.6259565505819182	-0.11276325883808669	-1.5958296342804796	-0.5068218575531034	-0.7092083829159812	-1.7492817512223888	-1.3046230308928273	1.712669344168428	-1.7829642790085578	-0.05351996197817111	-0.9595838651476001	-0.028420924658300924	-1.4692901497970754	-0.16119571800872107	1.1599610659335249	-0.764375659841193	2.4350478727837137	0.6928697504028278	-2.0352632013726795	-0.748540336208674	-0.3169143448152451	0.910403862015256	0.23081187115370272	1.8209722088244533	0.6010221982021424	0.3012571625215295	1.0287530240343066	-0.9849903519198652	0.038641177291701675	1.0629220576111509	0.576063686367566	0.4080323876414313	-0.30266537520519304	-0.5770421441094156	1.682012757619594	0.48199435879511676	-1.0878836660049191	0.27066927285068293	1.867838920695602	0.29162888726256686	1.7016360307656886	0.036075056273619524
DTXSID2025896	-2.8258348323797	-0.14071750708739647	-0.6043014694008286	0.9212065531387836	-1.8081414186804055	0.2756198338785155	-1.134599995685517	-0.014261259421612996	0.2748062039131726	1.7164254523990454	0.5717551596279598	-0.7846675831750923	-0.3954026661042041	0.03630168577113263	-0.7454084460685515	0.04490580328726364	0.22450899463932739	0.08196993404656146	-0.4311669846802415	-0.7546678779321025	-0.43794821877131535	-0.3999397738530983	0.9025240140679531	0.4181157471724659	-0.8546425371756549	0.8063489286078198	-0.13891056245521752	-0.09279945259080816	0.03840099605156424	-0.5514250636122248	-0.9023261115804911	-0.38792213557276756	-0.4417009919542552	0.1256674583870641	0.48481271625940475	0.40406034833744686	0.05792815306558301	0.21331472531821666	-0.47379901412985737	0.2880090622102379	0.5297674776760651	-0.14814283859253816	0.22477609207537455	0.29591815094223567	-0.7397328395641655	-0.011610125212635172	-0.13014115128553463	-0.6653667477084365	-0.054551568140177614	-0.2606835716198851	0.07121168102385034	-0.08548589976902982	0.21636192321050307	-0.10738820133641487	-0.3544791981226447	-0.1251544152494797	0.20518769764040493	0.27613475534454374	-0.1983614825784572	-0.4838253560547397	-0.06754337990321987	0.19438514216290056	-0.09679828896345967	0.43535255049294325	-0.11441661872664179	0.4681917146028921	0.02280904919099927	0.38555542365115697	-0.012087451732520724	-0.5055439459899648	0.1445682338797444	-0.8422024687708283	0.5048269039019493	-0.18155497531899445	0.08085394490501463	0.4349319224493477	0.8314618658539011	0.24889395566402672	0.6532435619101121	-0.6634911371935933	0.10986162633210715	-0.4832630455543277	-0.32273002109564547	0.31875951810394737	-0.6739204544213327	0.23888025735937338	0.06693430794633551	-0.08129992662201531	-0.3355094925468528	-0.4680996678331659	0.37840857215462703	0.26590286909816185	0.4516937565386289	-0.11975734787077086	0.7845628883773141	-0.23677381139642428	-0.38194960412859863	0.19300818399575928	-0.17742451863921802	-0.4589552196446501
DTXSID3047558	5.506441148991701	-1.3826858050490172	-4.596972880886835	-12.44226382567536	3.949002508804575	10.036407524493352	0.5376574031500048	-4.832452656267542	8.355660644161295	-1.7632699695296234	3.627818015925176	-0.6310050931306108	2.932022517183376	7.513218616321857	-0.17560996378758512	2.055927652821138	-2.32200195111252	-0.8937436254443827	3.0965195029053834	-1.5316913337231217	-2.28588631843994	1.2445844342399033	2.102454159978272	-0.3923859846878706	-0.26851048228026175	-0.44823625562057573	-1.3587986591154828	-0.34210690233328156	0.3424810378115299	-0.4555148359628758	-0.3155860057799634	-0.9392330300728013	-0.3590405033271119	0.2072679998177964	-0.8496782332982225	0.14315195243656137	0.21741846664254355	0.4131196445522167	0.14588863865807183	0.2282992574081452	0.38013902911777847	0.07304290371037163	-0.3442429115732318	0.3706046767764468	-0.4344264754379399	0.49688722867574736	-0.5888236982200284	0.2135725187384661	-0.47978321144517494	0.5507009960452641	0.010811468540225142	0.2553988315736558	-0.12828665015772542	0.12839177060261225	0.31266642843208864	0.5086779064418465	0.6429279524040681	1.0021711390060828	-0.9454922583208409	0.25441023618419667	0.30249621441828195	1.0100953928280347	-0.34057546616270107	-0.5347255122693225	-0.09827344355892466	-0.8916191123486554	0.7416305985419783	-0.5343822217729124	0.1839958072329501	-0.49022925050599175	-0.9765751482511992	0.19338875222270926	-0.5104080993886985	0.609579054078532	-0.6783267265892428	-0.3224227097049399	-0.30503356633898016	0.012491573226823767	0.1698331379587795	-0.6154850622322177	-0.10849953868412356	0.4721668334042562	0.25128198586595324	0.4344289619922744	-0.5518682745227872	-0.18315997263464512	-0.0921959421611461	-0.7544656838416804	0.4148870932036794	-0.6102332079590502	-0.5753312074609102	0.23968958714692729	0.006376299498313096	-0.4287983152394276	-0.037698180909292535	-0.3677101789666271	-0.765454762361543	-0.3292671113039946	-0.24694170782040056	-0.2594312897677559
DTXSID2044632	-1.4711128553581683	-3.116612186231936	-2.1974415904501603	-4.163784210696491	-0.09165047316292897	1.1935603816525393	-0.6361769195409785	0.8669809060889233	-2.2687337607420877	0.15613746409425458	-2.796493676300423	0.5854113217478548	-3.362522655059032	-1.9813134123633656	-1.652353747915534	2.114699543618812	5.580340792013892	18.315740177121157	4.3335305322003865	9.779703042523323	-3.783403645769822	7.026630880310294	4.823940049330484	-1.6659857664176874	-0.3557928033548149	-0.16823357148108653	-3.422247989961982	2.696006147059911	-1.3749287838643631	-0.8218117221507705	-0.7338955145609338	2.4653264707320743	0.8895405300658336	-1.1049454104075016	-1.008695446212987	-1.440199316906389	-1.7697879378335064	0.2817778531402646	0.6735587061557577	0.3566108299387866	1.4654222895679025	1.2744442653032242	-0.46303660773175226	0.5707557362711645	0.17885510889015102	0.8505378905268757	0.03289803620431444	0.6549385813341629	0.11411739093228111	-0.5042439704568246	0.19234891002592822	0.7187799522986982	-0.3398896695585641	0.7364179636395435	0.7790767222798234	-2.018600138227939	0.40704042054703604	0.37915589513243614	-0.5131872557569308	-1.1961055606128939	0.6349012906396057	-0.1632134390637434	-1.9745337736716408	-0.3979221729800443	0.3630186685027871	0.12394165646864998	0.6745693630085202	0.37178434979092806	1.2771152991476087	-0.29332131684045903	-0.268543269936087	-0.6057825308115183	1.1260582248262907	1.3687019267000924	-1.0659042893405886	0.38463745718381376	0.32847437871601276	-1.1698332743231672	-0.9856715378064974	1.0226128255949345	0.47761667497525945	0.17417723824139905	0.7206561192509384	-0.7129132331011764	-0.6630219798400463	0.10365815061408125	0.8708354464791953	-0.30178272804958456	-0.31751828466844195	0.41114498273245903	1.147036656315111	0.5195327548731261	-0.8427964518113138	0.11323260608911456	-0.0661069136990537	0.9967959575999309	-0.5667006820242952	0.4619927818593667	0.2970168228676842	0.051013726312521455
DTXSID2046258	4.734989554021748	2.8769605353436476	0.6553558082660551	1.5354439457088125	-1.3119431576053047	-2.2359963945289127	-0.5029743841345169	1.242664045237769	3.1453190706053573	-2.4532137972294374	0.5092068407131065	-0.20620556264107864	-1.6472947994772302	1.4875804025420782	3.6701799558229995	0.23552448847083007	-1.7462880774250178	-0.2298632886522502	-1.1252754400640974	3.0994343040568206	3.2219064019351062	-1.15037816941837	1.9506672650387138	1.7151835504503974	-1.7318585071375838	0.810037233235113	-2.0063343448425743	-1.5907597774797475	-1.3566998513506328	-1.5855959105859683	-1.748957444651013	-0.6815309297486055	-1.8650421883126937	-0.34113877348275823	0.7083692599173412	-0.7584324733353631	0.7837577620660585	-0.014406419714804768	-1.769345926571517	-0.20218205024478206	1.1296405068062778	1.5881119214920367	-0.19068290000082502	0.3526123187130203	0.30296408652579143	0.2231270385444109	0.6987106818091724	-0.7864563417785728	-0.28037547435518956	-0.4339104030096286	-0.09715019211211852	0.06965248649908082	0.08752016261577418	-0.18937070022936794	-0.3915646507330717	-1.4716302470281086	-0.5757941991385469	1.4589913696770722	-1.2512496440991978	0.3569965713527196	-0.2569538897854739	1.3467823499517755	-1.4109185294095765	1.0125126577031822	-0.40505611493633376	-0.6357583240424147	-0.1529411889714262	-0.507711376645044	-0.2173052852154995	-1.961848867965795	3.049449007715208	0.9769811219465303	0.3365430212419222	-1.852427603073101	-0.21897746921072514	-0.8008236820798015	-0.2889827626881585	-2.2002565121450552	-0.21094318532106315	1.3904952070302385	2.2136721251329154	0.48889649986720246	-0.9344881636750095	1.2084130228158578	0.6203510851452634	1.3535802529249539	-0.7743759750778735	-0.000614298637963773	-0.00690614053726275	0.8798181372735819	-0.26482714983969946	0.23084645813694277	-0.079980504497972	-0.08956580292323496	-0.47803257279101397	1.9206348008149599	0.6230276791262703	1.0224408428010434	-1.0423217089270451	0.23811565466021828
DTXSID3024942	-3.7184824180153804	-2.350417083623886	-0.9264777970158175	-1.4840657095615193	-2.523236540922596	1.2561803437186532	-0.7512815380036891	1.898961698025391	-0.47722273610100757	0.7756082449653254	0.43222392333776605	-0.052292479051399395	0.3317426645123043	-0.8859330492671265	-0.47217764083245617	0.7669889864671754	-0.8892821807872983	0.40159149223322793	-1.0019543975440293	-0.4996670637584696	0.1672162390787242	-0.3237957399131163	-0.8302020068470927	-0.23416372055354776	-0.7458586579432817	-0.14114543880575917	-0.016420308451191912	0.44404999479233487	0.04606247993905066	-0.4065694263891059	0.08983671279423698	0.29096606458612234	0.18991832406597645	-0.4467120389284993	0.2934853631070375	0.37573481393007013	-0.43682345018938346	0.271812521621168	0.3709027998032704	-0.399269647368508	0.2745096294121921	0.26896396217787694	0.11904458532894299	0.25315215884650205	-0.06550862019052112	0.16367355731673722	-0.07532095191484053	-0.059941728259701295	0.1896593512712567	0.056731602732147855	0.04676049771869458	0.05984032956422086	0.11056095516430589	0.0490637235906952	0.047816899247571314	-0.09649084924841654	0.19802839448588513	-0.003833203871225454	-0.29311114518229986	0.372762760332829	-0.7540568600928244	-0.16737242000567046	-0.0772496922164556	0.14736517237875138	-0.43470229586852255	-0.17789829622173728	0.7077223236462206	0.6672736239130622	-0.013033821786787483	0.12145215438715387	-0.46121332084731903	0.1609123378937319	-0.23310669259931724	0.18404216108886112	-0.09959417879519616	0.31860921634208317	0.1365670988368599	0.6731454227139702	-0.7918717381341217	0.9588743914650947	-0.27625883587398464	-0.7793803599135729	-0.603392362755745	-0.20544795916303882	0.1326063550291547	1.096118154900852	-0.1649862754754108	-0.0033599648758779483	0.03304338268629404	-0.3157731968507856	0.982186776925081	1.0005645598560453	1.055215374891394	0.3428245905718595	0.23150194080198186	0.21826078565496704	0.15532545656133093	0.8441084019152619	-0.4313328355391582	-0.23783955829573122
DTXSID7041126	2.0874194310923397	-2.1633986049322593	-5.865903644676079	-2.0693718861197232	1.07672617012173	0.4565793416622019	-0.16043596441706887	-4.0035960148049465	-6.764379273339019	4.309751107327866	-2.1944341781791077	3.6455361144969367	0.9628625282222925	-1.2232077300371165	6.36663826744957	18.144935142156825	14.517937745374525	-12.926611143213194	5.225154254888972	9.389759858180902	-6.298086103045161	-5.261057523371167	-5.7107836579596185	-2.993662202385466	-1.9655210992253864	2.5369853225066974	-4.412841748483849	-2.687611048722477	-3.694919182289552	2.1053170867005053	2.0832320193047407	-1.2031916146919188	-0.42148748231356653	-2.499782995632482	1.9369842009188023	-3.312244767225582	-3.5066875876254837	0.9635420678507445	-2.875678885408411	2.611944481527767	0.3415955410668315	-4.22371887009594	-6.707923096761721	0.8190910751955035	4.709601691492477	-5.604006828629382	-0.7842886865309473	6.183852177757122	-0.5454941818328168	-5.73745680383933	-0.1099785700318429	-0.5809264562586887	0.2713013064122555	0.7401228502398617	-6.272084355707184	4.153981341169928	6.898368611348283	-1.7742972585358645	7.9215258461630995	-1.8146836875707861	-0.13948003277927187	0.49002013623753093	-6.754319614023676	2.1788139714902406	1.4416156661576138	-5.791054153972137	-1.0033854949197571	4.938591241490609	1.4390723446337144	1.0753941854629814	-2.2925952550180955	-3.2646537183877835	-3.745348671399293	-4.551042061423486	-1.5170191567393188	-0.8388824899060392	2.4337970348690265	-2.274733617767236	-0.2857188469404948	1.989459107577653	0.8229003626490898	-0.503955602185212	1.5315557891766023	1.5601127277309375	0.2982710334296063	0.9566419871684119	0.665197599583871	1.0828611879031136	0.16587744886430006	2.0447069383597154	2.9949735580912025	2.388390829106398	2.256955870747903	1.2087409369319404	-0.6316491408415539	1.751655300902067	-1.4902400028811287	-1.3372553843833435	2.4296858983835405	0.5145702822418613
DTXSID0042084	1.9800093228447393	1.6090900861118234	-2.427948338166631	1.3858401921461183	4.890975427646216	-2.7645424022206324	-0.744348425366803	3.9556723697114595	3.2687766606210498	0.3417872736872376	-2.9909598296912545	-1.492077233743065	2.269972431833774	1.241232294656207	1.3520464963145817	0.8229001348960977	-0.1491384875052823	1.3116134489809546	0.23155762744573608	-1.3295912497460984	-0.8895194487925243	-1.6999772224472942	-0.5009250459201455	1.1803808774197297	-0.7130520016238103	-1.552485019526448	0.42951950137050243	0.27558165818804436	0.5679367422885228	0.892026373175342	0.6241699490622566	-1.1521338216164765	0.3632094038437761	-0.31307473061279595	-0.8058856909116434	0.5879297531435944	-1.31604950312964	-0.6142017021094895	-0.4772867550093405	-0.9374903290890413	0.33274801757033395	-1.0933986421154815	-0.771686636676052	-0.32406155396259784	0.04432062489570165	0.7808111106865971	0.9254395816369879	1.5694395691715408	0.281321034474523	0.3228064374331063	-0.296361529626489	0.6031367245248871	0.3950787881204011	0.2981855107357621	1.623889637073951	-0.7258485732473179	-0.5179370594962169	0.05726482848125624	-0.011135643693898476	0.08142491436551405	-0.7132315527982904	-2.6907582712137126	-0.6783381134826492	0.4618774554827259	-0.8976545557188286	-1.4485479435319126	-0.06514641230337492	0.8539649166980723	-0.761579158563668	0.9072284321769346	0.7546176589548562	-1.4626346899824958	0.8125098421118955	0.6631608738645984	0.12243290512779996	0.6364298736044849	-0.8484343177618408	-0.6603107947484866	0.7180991329297757	-2.50839112138345	0.8133941113440536	0.1719564861163625	0.4590278062767198	-0.6767421937892927	-0.3342515615188034	0.8377342335360873	-0.520693416912095	-0.7447335817710988	0.21414214138053844	-0.6345444871070361	0.8953872208251309	-1.00155850667233	0.9022144427853109	-0.05201695964026484	-0.405721444896241	0.41261350825484705	0.19623304227144575	0.46740303070300876	0.2117965445735361	-0.2996260120563915
DTXSID3020964	-5.048744528468818	0.40803911617712385	-1.5642843561250837	1.2083547221978792	1.692482037771924	0.6745767416104088	-1.8052305869888348	-2.0507873400174805	0.5252703837869812	-0.005398801814747869	1.0148252796796033	6.684035525153874	-1.2292604064733472	-2.015269347728931	0.16650920452604007	-0.429997153042274	-0.948014420039356	0.3517918353777059	0.4327664622534149	-0.018864626064148952	-0.08705399403892619	0.4081087883263326	-0.3072571956878598	0.43946241288029514	-0.1552693138910428	-0.26173061798554537	0.9626258969867326	0.002756117461708045	0.3039548860764596	0.48837271215985706	-0.3518219395323644	-0.9652876926629502	-0.36111031861969656	-0.055900866836398784	-0.5532276077056458	0.1798252265775135	-0.10439376995899691	-0.06439037901043734	-0.22227961247457592	-0.14203056635722788	0.03949926259263671	0.0628281937521827	-0.18911718468837427	0.2883303016872885	-0.1312404909318777	-0.20243971155971763	0.46488225997739496	-0.27050757287363575	0.12135802142662204	0.3720603385696563	-0.07503564030993505	-0.04567094360276933	-0.016587557275704833	0.05808661469455711	-0.4454511757210479	0.07951087538305628	-0.3439887441326632	0.04105554873801142	-0.25441624752332653	0.11230897951359588	-0.5041371341516796	-0.5733940487681881	0.8475014949612789	0.38240844363403276	-0.311751178177781	0.013972968949559893	-0.18138007046847854	-0.5388783429187124	-0.7508632004151162	-0.05692282829013028	-0.30471850448734117	0.29894047019005193	0.14029143785221754	-0.7947262206439639	0.14561430075479298	-0.2274275142228699	0.26249869532874004	-0.6516810382521454	0.07544389262288217	-0.6303139573974835	0.10728112544337688	-0.5969777500827093	0.3086715075810425	0.7118812154650955	-0.4902617033720777	0.3095051330546112	0.49554493863845467	-0.4297853339230174	1.5989648570853117	1.0029070751178257	-0.7928478039278821	0.6069886054304298	0.23525113174631393	0.45040685588378115	0.0754115932693689	-0.6813601015324339	0.31341685523312934	0.10069855308028552	-0.1642229110902801	-0.31150923728324087
DTXSID7020138	-0.9759401929450096	5.2178266586947	-2.5255943698972816	1.1804420085670249	-3.0803688811788184	0.6396798474951243	-1.2758299079824746	0.7720524892555987	0.6824590577915122	6.256017008797997	1.1004289434402037	-1.8349557518602675	-1.5644360287630406	1.7800957971523954	-1.7423790772982108	-1.3329144504721264	-1.7473609845752025	-1.0488186849292416	1.0187893543902726	0.9173150154100146	-1.703409467196532	0.7961300047227889	-0.26648172026724126	-0.8529995409867428	0.3681399662946385	1.7659996589769988	-0.577639815580812	0.2926748835785641	-0.542316035989467	0.029281176137791423	-1.498281289114313	-0.2608101110154319	0.5882191739080084	0.23020353822212508	1.0402242166459583	0.0978339858910924	1.052208534506957	-0.041563869102086586	-0.38760217274252967	0.44476767181667276	0.9078408723480017	-0.8214669560917729	1.1337813011199205	-0.14821791678113355	0.555728597851314	-0.1318579672420767	-0.14920187406983154	-0.00016108228994709652	0.1500306470984787	-0.703441919919071	-0.06359064850343185	-0.1602946112156648	0.564417461066489	-0.3460637938164219	0.06253560555121761	0.014471011331099605	-0.09285023793386299	-0.0649282584686096	0.7532058742915737	-0.5663745888538169	-0.19817630292388214	0.06065387104764175	-0.7438975965435901	0.9236188198686687	0.42576227917891474	0.5438073549050529	0.1949233725556924	0.45700543491785744	0.5756796681451706	0.5104164153717737	1.0200889313793722	-1.8609651404803016	0.4520757647650362	-0.7134376210132467	0.17901163101847453	0.6198287760128873	0.24809562806489266	0.025363498429127402	0.8148809329312314	-1.0190434576778529	-0.21397262325083838	-0.5252368438299945	-0.364753673374412	0.3062993258594525	-0.7791172701191609	0.6150097916569809	0.8297607511571435	-0.16067944672599987	-1.0500861754555142	-0.754823196978193	0.9871654310453492	-0.39957732206618374	-0.633497939754057	0.011232015419196783	0.1886853240394394	0.004806265368884151	0.34562130509859734	0.9828059159766862	-1.0662452928521293	-0.249856781978825
DTXSID5044443	-0.18552849657265752	-1.6100712881338948	3.724222907349504	-4.937980846547481	-2.268979389501942	-2.8967572238197437	0.7741963003338358	-0.3863537362368469	1.1150189441671718	0.8806085212433384	-0.03843765471025401	0.22268201537956014	0.03466931190622452	-1.1504045249872072	1.3516664493819572	0.10402563534985	-2.1257095871633407	-0.45726036702485334	-0.13697573181598227	2.0303704563006306	1.2012550680074576	-0.38489891582577085	-1.3836454092385198	0.7339863920353276	-2.132648933847435	-0.5478742415876743	0.24984028519692542	0.8431146223757704	-0.8096451495447629	0.018594682843452368	0.2841684205430047	0.2980347155733643	0.8804379160652228	1.4263321395015927	-0.11527775438085042	0.6188243472873663	-1.0027646504379502	0.12862028638302805	-0.7638051145712718	0.03336620806837057	-0.46145132238611875	-0.4588612038935757	0.5026933538087575	-0.9519556801108408	0.09471651379708339	-0.12752093782731586	-0.547555884843193	-0.37998270292809055	0.21901009725696458	-0.24449610702035332	-0.1279469220991628	-0.3649578917385986	0.29575312124481695	-0.43473393260154	-0.9115910905030964	1.2155178260370034	-0.06596584108178137	0.016806969195536422	-0.03650098099488984	-0.11111109839499858	-0.09716275067296669	-1.097587392425513	1.195043561254924	-0.26206417230182627	0.21872447572296286	-0.05548246249818202	-1.100856689951666	0.2301874345077326	0.3220603662588837	0.7444302793583051	-1.287421455271418	-1.248163896250611	0.6088180488464843	2.1578040012319204	0.1869555582011434	0.7539538991970735	0.7403701700862401	1.2045992233679517	-0.4764262176445524	-1.1077341967303538	-1.3592692644286613	0.00133145251407884	0.09308442355230227	-0.607054441867135	-0.17511233361072065	-1.2563681399103204	0.7938843399388748	-0.5915113362837184	0.4769213594947632	-0.7138924414625192	0.5854104428357003	-0.4035887666335674	0.37195707998220373	0.5750419639699923	0.2816453719336479	-0.13421891218510845	-0.010173455886821035	-0.5044563394575535	0.8756820253160107	0.45871091629542415
DTXSID1020566	-6.033047726753657	-4.313440838576354	0.1965084611632639	0.4979429445103647	-1.8556953700243008	1.4628493898332298	0.7034708996228816	1.3856161104214553	0.259129832374606	-1.5440239312893642	-0.9873654951347155	0.512710272115401	-0.6985064478634546	0.9703160885482667	1.3061173897189047	-1.50808184321528	1.1003256713690044	-0.7024831013690195	2.1058672223364683	-0.0663959509579128	0.16704715340119874	0.3342570189557775	0.9257390010434138	-0.01236513513596083	0.2610780059636845	1.7902277418320913	2.3892955690089286	0.8081100117069078	0.594368459098829	-0.7234653607866504	1.1451220387340215	2.0535413829309324	-0.5397125033751644	0.6306350919397339	-0.041433605387084814	-0.3300783604099558	0.172001474237428	1.0184609701763139	-0.9216817038213196	-1.0501183288979026	-0.4224978958026528	-0.40588880104621156	0.8938402606219632	0.5663966185712602	0.19712263266248006	0.4967474938370839	0.9676595662093187	-0.0702067140552754	-0.1703516198181259	0.0036846107176467676	0.0769743457749317	0.8252731433786655	0.20863363084516134	0.20497893116360733	0.1235535498648086	0.10786085534942044	0.49370539533070557	-0.10282130791690725	0.010266410808684867	0.09484742006836833	0.8363269476044549	-0.10327480158704702	0.3065919668227894	0.7583305163911265	0.2651027867480016	0.6789827814967251	0.44831704469644684	0.3576546503226407	-0.059988391040143044	0.04768520905870612	-0.4710978024622716	0.9074915249559622	-1.0454414110633103	0.03533203235138998	-0.3663990165160024	-0.5992054300048059	-0.10569492980763262	0.18380075655864656	0.7187523427070943	-1.5199630770670092	0.8133900179672313	-0.199444510246169	-1.0501936597528516	-0.3443325700159483	0.02843695198117625	-0.41496606511367673	0.4563678090847141	-0.04788017177004738	-0.5274787920392424	0.25732023978443425	-0.3180103687103574	0.4703271957505235	0.2017813538732651	-0.3721783368932963	0.4178397868252619	0.014012929528294273	-0.4833675271657817	-0.2668098452682535	-0.8772115098890073	-0.08998568412840355
DTXSID7027388	6.794300802405298	-0.01565217126600913	5.715925020040186	-6.781003963584583	0.7804273400757094	-5.438019913687819	-0.6744761743691385	1.8276914877502852	-1.1758306754076602	-0.88491924254539	-0.1323701481087257	1.6741587008556793	0.8095351405552343	1.1357409150353794	-3.1961713915183902	-0.44111662513465943	-1.0266924522447094	-1.7551859679505741	1.4878099485658562	-0.08209445624579523	-0.16827783871001345	0.8779275167364563	-0.007792032317788533	-0.2691459386921087	0.11071079976993282	-0.24780208333892328	-0.7992396173407976	-0.8315009011207736	0.6536875528534869	-0.052429024710692086	0.562078192752502	-1.056374891998784	-0.5143772221968356	-0.611706834185498	-0.13656346020877652	0.3576171715241995	-0.11706557933761808	0.6834000318138963	0.4149355205632474	0.4955907575389017	-0.5038809578577264	0.06747849650390919	-0.4976677195757108	-0.43522327208492056	0.16729666739272137	0.15813428368366783	-0.15806025815013852	0.7545634688065631	-0.15084429564080476	0.40101412256717495	-0.16371191999164303	0.23316159566563785	-0.19610096341981906	-0.11649255309934695	0.19909075469233709	-0.11972170891271315	-0.13099693706868532	-0.22333041184109215	0.08595863257761306	0.4907813345883617	0.7099602280374492	-0.02382506615119778	0.3267595979330033	0.18446021272678298	0.6054365072671583	-1.1242312328310233	0.18013446457159307	-0.6363682916026113	0.8340762789728232	0.4131113279814056	0.4199907419158628	0.7299281415312646	-0.31547648465426564	0.07707003311681257	-1.0595501191989505	0.9072075781349894	-0.20986676997265918	0.28098726393944445	-0.37568295577894867	0.5399765028434882	0.2339962840679701	0.3855227694842797	0.14481720623293298	0.5478407398927507	-1.6287121263371729	-0.933132269351603	0.2081831611399684	0.43540400015233127	-0.46126588388222156	0.13854874682745955	0.7103334333136001	1.363961135040198	-1.2608347688548585	-1.1136253818604538	-0.41499289223007146	-0.2922264302318231	0.2902010916063239	0.10923478706791212	-1.1629853551427989	0.09184582082792817
DTXSID8027113	-3.0165501957318748	-3.8955777860297593	1.0840550544126781	-0.21107314449683226	-1.5641966087905836	-0.36974494934185786	-0.6835807387822335	-0.6818621885194892	0.351584477994719	0.8338943067895472	-0.09165485145383688	0.02260327658655835	0.3740890868625116	-0.14928442062799507	0.2823867298062253	0.8927217218120922	0.3191584622386791	1.0640016978929148	-0.473191211736501	-1.1763041940073897	-0.2231128162334319	-0.647882879890733	-0.36546408508400624	-0.3044500585644553	-0.7662461095688088	0.27490981665416125	-0.3024371205264367	-0.4648010283355688	0.2972131346495163	-0.8012216223901552	-0.5166883823314665	0.05492673142605659	-0.7339370094618852	-0.009772564229662517	0.3297553636633285	0.6509578110288309	-0.05478603524457946	0.8650011963021352	-0.6825950870706654	-0.44269314538809695	0.10445265086621595	0.01818542445691748	-0.10195063952111282	-0.17800184985658113	-0.09527168312516435	0.15144848037681302	-0.13534198827600227	-0.7400759514768632	0.032655456688483575	-0.41842329466493206	0.06302157240510645	-0.2805176126996092	-0.0423173069209544	-0.18639573382495153	-0.5042219707594515	-0.09679228574525821	-0.05241825691643441	0.17064242620286865	0.1487046980452586	0.3684735806532337	-0.29372513521523513	-0.08645949648794453	0.345211255085049	-0.20651914213561404	-0.5042646298232913	0.3530886044525837	-0.40772709176001226	0.4638889176798733	0.5133007284646274	0.5658406795975276	-0.05067568843765121	-0.5032974091549284	1.169609590077399	0.21264648421482085	0.709079528350718	-0.154985031675058	0.08067877969362017	0.10532622360623214	-0.03084544199941519	-0.020235927335865742	0.13218826480282028	0.09953387567079115	-0.09177851269470358	-0.16628224035262212	0.11909858155485903	0.6140014272884693	0.23107046318747018	-1.0516247555592086	-0.8160043217774183	-0.4812367696189015	-0.010391756491734691	0.22703745577759926	0.7899738290369925	0.39599883822854304	-0.38819169739635123	-0.3499214334281694	-0.18243830422870821	0.2504721809573907	-0.21911831506375593	-0.3967407533592184
DTXSID2046094	14.45234172363878	-4.609539772688043	7.674078929922749	6.145660828139497	2.7424212423759253	2.7989458316145983	0.0010919297218936121	0.8132501612628846	-0.5724428990689675	-2.3217991963101956	-1.5819248057183037	0.28626171663528793	-3.5810954563563504	2.0517019241890164	2.361987084400192	-2.493782682153221	-0.23879614901523144	-2.8507797977900924	6.08674633595431	0.8059731091201099	0.3970418066095976	2.050921918460622	-2.0744033876683092	-0.06617528833394797	3.8487608912176547	-2.359063645590204	-0.8327970653290444	0.6073419644511318	0.1530808676515144	1.3550443371920728	0.8881664639729923	0.772487636733891	-1.9716525865351777	1.2241736462703006	0.8012877980322918	1.1054979500034423	-1.12706946189721	0.5619998685849464	1.6564341875223785	3.3239489329705827	-3.7559712694767518	1.8650120426703884	0.5948746632742076	4.677108909467067	-3.294179961760389	0.7818354496453548	-2.5745251735666144	0.9490468724793453	-1.2959216252279286	-0.42835530475358063	0.44064099647951877	3.0094276967501212	-0.33231542994847485	4.134908655282453	0.7365198537305808	2.50792200853344	4.616393564695633	2.6985426294118295	-3.4297724586099774	-2.0347600978663065	-1.8447568735241737	-3.2065356440303923	-0.6254191416298813	7.077630941617678	0.6899420053981811	5.642382175630009	2.5894991174297184	1.775112921535795	1.559713044059445	2.2204153042091654	-0.742004283608454	1.247479081799185	3.500511782669545	-0.7864680593991884	-1.9991350342727974	-1.566869379505003	-0.8928895498861894	-0.187700790117594	0.7811223945493592	1.124830176550921	-1.624794807472577	1.96364523958142	0.21691121370776587	0.24311015181259513	-0.6136071663499592	0.8078920914075302	1.0988754121440973	0.6039339008699454	0.014932925375629225	0.20225675081948574	1.5203112988717964	0.08378289180926958	0.7177743511931108	-0.4092119618074242	0.10506136038611336	-0.5758920136978221	0.2819041868776164	0.41105868956052743	-0.17058238259546535	0.17631723823321255
DTXSID7032688	5.650480110600371	4.616935119951589	3.6815402579864713	1.972170530468765	-0.9640469048522174	-0.43731911157383074	-2.0698493549927637	-1.351380239726593	0.3897227180195197	-1.5359382612425205	-0.9492687459050354	-0.2501973668493401	-0.9026759506878269	0.9959492177606843	0.42357975824511934	0.38955439946870607	1.79538375185939	0.2773028144100346	2.186750295966004	-1.2392349600624146	-1.1705975622416103	-0.25374632837412153	0.7240115729043034	0.8394900558619721	-0.10306907538624775	-0.1201060663652062	0.7860559799971977	-0.5944956074938509	0.11478610258820496	-0.24232733534414688	-1.6637194836126974	-0.3251186911603116	-0.16505328491624888	0.7404604432242791	0.6353173078344306	-1.059084095710584	0.7340478294655244	-0.9304538618835905	-1.0533671026519165	-1.913669527405963	0.1830607840169179	0.27560575963236805	0.37545680578946294	-0.3293472435437909	0.20283593358083607	-0.996045551486065	-0.5260892678361849	-0.8661768571502424	-0.4047742196771094	-0.1092664740811188	0.06438989739859978	-0.8028685549485571	0.5974597215437722	-0.39578465980741007	-0.8475442999779322	0.9418096723506639	0.16917728238469493	-0.18515429450934584	1.0195481960918746	1.1305238788091416	-1.441378905385659	0.36718358475475543	0.5488062775928018	-0.963720078423658	-0.12472435702686802	0.7034939614577876	-0.5395197561814513	-0.6074209326618223	-0.22303527949724386	-0.3111522173167117	0.307425823211993	-0.7773394929763748	1.2381515832409498	-0.09223655039985103	-0.9396391967927313	-0.39949195351398425	-1.3312538608438442	0.5824352764041253	-0.22128792907826542	0.48837407018154694	-0.001731814644492436	0.5844854908814056	1.0920499430995996	0.8781680017476975	-0.22517791252540892	0.07301113171951064	-0.5164498367553975	-0.7329648119944896	-0.3363179488552718	-0.4768980872661557	-0.4007889295300293	-0.5603149584775374	0.3196936486275015	-0.545851654518635	-0.6652792425452455	-1.1717264837519175	0.39732148167391	0.29806600322909294	-0.3161842919162703	-0.35139747737392774
DTXSID7021867	-5.2380864819480335	0.96271964551903	-0.8687840591599069	0.9125240270808224	-1.562784546816503	0.8693344151412602	-0.6770255324436426	0.21845596243542817	0.7799144191596679	2.7040117996901563	0.6354259408373315	-0.8766842265877807	-0.8967934238443027	0.6474107430609698	-0.6874871627321136	-0.8914235896222005	-0.4254183669233239	-0.32607281686529155	0.03708699362662602	0.025061811308844766	-0.1926968750018444	0.1706473986420352	0.4680179520620982	-0.37300220971741077	0.22836446565865576	-0.06666918729777578	-0.2248465038473647	-0.4001695670138273	-0.4186842198945589	0.3318426921318083	-0.20985088331488988	0.11328598911733291	0.19619379854398658	-0.34003436842199625	-0.12422548433799735	-0.2932614773058679	-0.067683219133332	-0.07050927837368727	0.04078800573169888	0.27436999962737557	-0.03906289302797763	0.09480027457438957	0.5033604456553121	0.15023225431360385	0.13953702324956846	-0.2527390488096684	0.028651377210468638	0.132393164797793	-0.11948968574965524	0.0036973859154371624	-0.03223844766333613	-0.014824889521482703	0.29015221711575	-0.10086464996461707	0.005519920715629588	-0.20647494726750615	0.18257214277221184	-0.35068478768841477	0.07136484944937015	-0.05449406196457683	0.2406412107678851	-0.2438537615629053	-0.4049028148316347	0.23894567150286522	0.44974766801371346	0.2514539028018939	0.3200605443651555	0.03386407872803668	-0.07027413284046359	-0.04129540255926197	0.12145181299363067	-0.3739216589645074	0.14857400564587786	0.10196557014845486	-0.41017017279478096	-0.003340456273077779	-0.1384499622306722	-0.1601983868458198	-0.6351815429769667	0.2325875162989245	-0.06751866548427983	-0.9050566535538931	-0.10762941895380994	-0.5394223712936762	0.19312474690638717	0.6242013134093313	-0.049325868517183784	-0.14767058337007116	-0.15738768220824237	-0.07280091633284506	-0.04541549494035623	-0.06532046386374346	-0.06676044989985554	-0.2702749813540965	0.28568011863735265	-0.19098954159838694	0.0959041474673312	0.23919754185503211	-0.011062020488606645	0.029037558920507155
DTXSID1041978	9.028892604819568	5.9329326316567155	-5.511877961529682	-1.6604247850710945	6.628797179736014	2.694212915914185	-1.8716647677257716	2.928970017815784	6.744152898751216	-0.6365000604024623	-3.238409776073592	-0.5312761677861741	3.767584375495993	0.34059563514160196	0.15621865092121578	0.21150710753045776	0.9237383205281422	0.2632346622663674	2.6196066773591213	-1.761453714615575	-2.188297563670355	-1.5643666402736607	-0.5140506246635291	2.084519923487006	-1.6593369485752691	-1.0274863416676356	0.2975691389062212	0.013280809919527937	0.40108847914713364	0.06787569744359506	-0.25424441891148225	-0.08835154149034855	1.253874958575354	-0.5473572278159989	0.3094894270302764	-0.21721669384068135	1.1553548802434155	0.04163257484276253	0.3500303227704702	-0.9447545109313109	-0.6305406340211092	-0.9080369635863481	1.3931243686796622	-0.6911174581470875	0.2693021555412541	0.21307790684520925	-0.22194267321370612	1.7691210025528752	-0.2115808495273608	0.5025790627257587	-0.307032494512602	0.8043997324474298	0.41341886731300015	-0.2534974670932546	1.1665676899826767	0.1868075545084247	0.6102453229616952	-0.9083235562157128	0.657886299186661	0.9276156293836394	-0.49320228029435226	-1.8592405903740183	-0.9337675507970867	-1.08527596718089	-0.2587394833124142	-0.1986648380319531	1.6782536843949734	0.869811698454375	-0.12729916544727418	-0.6610121494207523	2.083124965844655	-1.881085588922175	-0.5460512285415301	0.8711501548707156	-1.3494256372165017	-0.8389567811156564	-1.1862752894820106	-0.29050139987717954	-1.3418287841986225	-0.792162242806629	-1.2709709059923666	0.1510762093746763	0.8177116683340794	0.16946517205242875	0.28582232224703824	-0.7207776127354303	-0.9600384359026956	1.301068924194887	-1.5746076915064038	-0.5068340876035042	-1.2163606254525374	-1.561753106563357	-1.9170496627240012	1.6076175190062338	-0.41749508343539554	-1.33085860145325	-0.06550756028762479	-0.37218534060162145	0.013667763159994732	-0.9466642163364475
DTXSID3026279	2.928735535692371	3.844074966192511	-0.3753730522538437	4.4455136278693335	2.557741217670425	0.15672541323071673	-2.42936473941222	0.8032411408095091	1.9669600669425722	0.06902048834456162	1.4303107695946014	-1.3804198044901905	-2.0071024358915475	1.453744264887371	-2.157631103013137	2.710046171730931	-2.28060691845479	0.3152242409200718	-2.2258115995001453	2.8757733292139145	1.0033970364568787	1.3399676191140761	0.3240532095530609	-0.9686904794904825	1.7678720264004102	1.6010765234945104	3.50602945693734	-1.359951448811556	-0.07933851393524284	1.9387539753428151	0.06762801300125462	-0.1254738123845011	-0.30842833158295124	-0.7126534770849676	1.5568218052497094	2.3428390477187206	-0.2899952196432245	-0.6125140566075178	0.19386465078022683	-0.5068183903398298	1.0108292533700054	0.8359531277552783	-0.06155456969788822	-0.8907547213147171	1.8501553138465532	-0.27704308274616113	0.0643580050902111	1.0392488224612895	-0.8436824558622927	0.9932912088365953	0.09415924991016604	0.4763296269454153	0.7229661326351551	0.7102160324821007	-0.7740299376393974	-0.04856761254765556	0.5881218388629711	-0.08634540249143134	0.33019149904457	1.7205407884484814	-1.8097157866281626	-0.7438741754897414	0.4272716060130372	-0.29778605899396376	-0.3840509371102511	0.6153537843292701	0.9764578384465661	-1.1416395626737137	0.5274984424335711	0.33087051476036294	-2.375331569144975	1.6275342521714278	-0.39828592786833983	0.5257465175449932	1.3632052171408453	0.06552939559335848	-0.4143864146627182	-0.9717539425228642	-0.409826071256092	-0.8296070027209853	-1.0589545411935402	0.17770405027839112	0.3606887220731718	0.9718127810780631	0.1687307547779278	-0.6973682804695106	-0.9558281083352925	-0.3102559275733958	0.14093407052877469	0.9566152124035496	0.7585778806025586	1.1004256784837048	-0.9935432321879836	-0.28819637937229103	-0.6026957135204958	0.8649411988013607	-0.689397495179583	0.10768724156910076	1.4280065036738119	-0.04088030157173671
DTXSID3044469	-4.489947506404058	-4.031803256279539	-2.2799226618783726	-1.1776401505602758	0.2105406104352353	0.2741456589547814	-0.19758178833890397	-1.1074955743778188	-0.454975476229565	1.6957517651800151	-0.8770947389185212	-0.7009977368586572	-1.015772828401538	0.5985635014444203	-0.005368602214229694	-0.4593980132045523	0.7450710091188556	0.3778581655437312	-0.07136258040835995	-0.32114157310889874	0.5695490350922112	-0.08888575032316252	0.4374387065906143	-0.27217849200218985	0.0696319046178381	0.45878013906650933	-0.12018968593391456	0.17323639120891218	-0.17646622635211232	-0.40309596561266053	0.49931383643641514	0.276864556310782	-0.3532609853979085	-0.006414356717450638	-0.11750329673716611	-0.9046145232272588	0.32418777760289025	0.1616739813586908	0.40208239032046356	0.3919601035560669	-0.00023868723026524783	0.08332259104230665	0.019215823173705605	0.07826671347617815	-0.659112602051646	-0.13156370751465377	0.11567669151098492	-0.2378581955565349	0.10765759360784054	0.15580328193322512	0.17326751705058066	0.0767574702362804	-0.02907980544013056	-0.06576939023403974	-0.04577330427434318	-0.09393639925878956	0.43143995329534757	-0.19872355087379023	-0.05782845300712618	-0.2607383864731381	0.4998875285471679	0.274983132196434	0.1486210551948538	-0.019190496075386167	0.0037002589236699896	0.22280383165059073	0.28424054186460573	-0.5956453698926686	-0.36978262798005507	-0.092471002927557	-0.036373032050902934	0.0564426330436868	-0.18499881804111676	-0.5111727823822909	-0.2504248460942693	0.04484260881493971	-0.3160399038852559	0.09957801493176738	0.5767950586730958	0.15736456127684983	-0.22714391472439138	0.07711592740045745	0.6664694620482726	0.44086917903586137	0.048262302050248736	-0.25458788059557796	-0.90576522555623	0.21556211137841824	0.6465051870704136	-0.2880682400000912	0.33205942340844397	-0.49127525498570196	1.0880333807145623	0.14205030291664972	1.1100425078028289	-0.4221452643366983	-0.42244662245592846	0.24351875835508216	-0.22891073814363597	-0.6690775997751348
DTXSID7024085	-5.114787922074948	-3.6013838237388214	-1.2178905122111128	-1.499129310038474	-0.36505616661918644	1.6080114021873342	-0.35014542085114403	1.1037708255907108	-1.045297907294632	0.640502599987461	-0.4921734192628693	-0.06870690382651697	-0.1976734425776439	-0.3690010167251269	-0.08196752032981008	0.019507165654891984	-0.13826584551509022	0.2188629838182103	-0.21838328461592774	-0.32442507575351837	0.49044653366367685	-0.1946633139324761	0.6124541655422384	-0.3316741697223301	-0.05756379235291381	0.6166144321042025	-0.08610697490439878	0.7747366457121736	-0.07319612552499442	-0.45979442979874086	0.041612804165241296	0.06764934517900582	0.2288942122356325	-0.136471111126186	0.5495027034858089	-0.0746442810282995	0.3554768065402574	-0.03544553484468004	-0.02005656288223702	0.2713978955781117	0.03829974092500599	-0.3089141157943129	0.10396316500718286	0.24963991363731378	-0.20008392393282717	-0.07671028470847499	0.29690012471988353	-0.29896347342108265	0.11628955424364364	-0.1388148907063164	0.161561250102086	-0.020975902540585522	0.1828955224617416	-0.1065390468581424	-0.1571824096419813	-0.0473617606237753	0.24207082948564343	-0.01494519904035799	0.1865417071857816	-0.34483943337490025	0.12160363702087831	0.11885155971802822	0.24120839338026823	0.3658868110606963	-0.4004759539282687	0.5286863428489165	0.34747438439058936	-0.10216588353490881	-0.11716008266411813	0.0958542363421289	0.01204867961920347	0.2313168086033481	-0.25753157371473573	-0.6382017568902496	-0.3915847355581063	0.14355908981418083	-0.7347659459882626	0.06699340154703969	0.8512509804857855	-0.7171253434157187	0.08997622002800162	-0.05985165817779813	0.13975991733457563	-0.09097212183187738	0.3836692698191535	-0.22326186563738035	0.11071719924115056	0.234021600701484	-0.2425473956730691	0.24740214309182892	0.2225785164314594	-0.4413519366970884	0.5674668531518668	-0.14610408807214276	0.554257885722795	-0.34112765027338715	-0.36952916551978715	0.16531858859801596	0.15333330933442343	-0.4229159294611533
DTXSID0047610	-4.510897568232369	0.42244087477985853	1.0063119544319845	0.8347708014708385	-0.05270756231764451	-0.41621336429792144	-1.5091561112930334	-0.8077350753116421	0.9955842870973947	-1.4435681386841053	0.1859279554641542	-0.40759942931366167	-0.4623608012193679	0.07957497904149279	-0.5527671169337681	0.1163252055030588	0.526315722316626	-0.11422228341822906	-0.7381682798167635	-0.8468590772231297	-0.2137566760959344	-0.5392120096077984	1.7911452634519316	0.07268730633808945	0.20318828024544336	0.2826555060670134	-0.21876948307878427	-0.2291401502266066	-0.304160676633969	-0.27426132107131995	-0.48467425840038625	0.378428055215616	-0.22551507092373552	-0.04590189771659261	0.5893051306656893	-0.6008668293462847	1.528580932316419	-0.7068059792648503	0.734801154365055	0.6082107795705428	-1.8707486789829997	0.5016268565932688	0.6727905353785091	1.9680297072061095	2.0644885289991075	-0.07268312401826685	-1.7113970275422485	1.3924472138343889	0.9171933571937173	-0.7513222863275066	-0.11357149881589672	1.4849283328952856	-1.207432328022077	-0.27470655883134526	-0.028224353665571446	-0.9169051049768221	-2.159112120706878	0.9461321178277673	0.20373834235792293	-0.8339485684970227	-0.09885273358845056	-0.3709342115961078	-0.058395537693426806	-0.02036480565477008	1.6390073303403954	0.18486639558885234	-0.8990811079754287	1.179433912573017	-0.16782487990806297	-0.5159320358122101	-0.2847887119526864	0.1521936951136184	-0.30140220212198726	0.37856918621153274	0.22439587861598692	1.059492130880221	0.3501802787431369	0.20261078896933984	-0.10957081351154618	-0.11700017568775749	-0.07702813856614518	0.4347007046847037	0.11547236906514288	0.5458456995337584	0.1683893610063423	-0.21098937392232933	-0.2944534082122072	0.0884093753279248	0.4667518274545903	0.05048848552411595	0.032863533857548914	-0.08851828599737374	-0.11135748884352131	-0.06382160976449232	-0.07182643733609452	0.1676961437469591	0.08667448784020931	0.15831293312203623	-0.11199135254433541	0.25563157535610115
DTXSID4040979	11.29092880676035	4.482463875336059	-5.070989916413507	2.88416490651825	1.2555620943291248	-3.937210112910596	8.074153671532006	4.25684715421599	0.047102415900523255	0.9429065022107946	-0.33677743209964517	1.6189030045435306	0.44723885847806466	2.4745767449914506	4.073351724373146	-0.1335640062278593	-2.659167801022419	1.3861486258511941	-2.356557125980584	-0.21583522921248224	-1.3615366729994856	-0.3590080427828275	2.4028092765884663	-2.045382367616573	1.735906171543658	1.2946532179560555	1.865443973176774	1.0137669423428355	0.67482509651783	-2.041773050020834	-0.07439994980542801	-2.1946877625888375	0.6058367967740416	-8.556110109630131	-0.8496225454972608	4.285795074114157	2.3686392194032626	4.253468643264807	7.596109503872177	-5.698554508898329	-1.048348207485657	-3.5556933978756273	-2.347378336213202	0.8833836493708505	1.2434408979938596	-2.166838252657604	-0.026772409917867508	-0.49630804394937983	-2.6904519418383144	-1.1178730953470644	-1.3552609210933313	-4.543940867372076	-1.6377582205619046	0.8912486284957362	4.222479946204257	6.854014029434334	0.9705345455862825	2.4261566303812985	3.457316346638511	-3.8406634327675024	0.10689013302810732	-2.741578837877804	3.6435894341533155	0.4865761554260981	2.6218549217648013	0.09205777600446956	-1.735984467466626	-0.13165505313048909	0.14127431506192387	-1.1176463376449648	-1.6633605381098264	0.88888585820576	0.04504731489083028	3.919952901852013	-0.7660895675816793	-0.047793941847850685	0.5172918169631037	-0.28676451026267175	-2.732295808680552	2.2589583317534245	0.8229650731966556	0.9524506375480334	0.0860388130800567	-1.1802790062063433	2.091023746955796	-1.5807858349648765	-0.4377478193470394	-1.0712070254328747	-0.9213213113500712	2.945241148457807	-0.5667205117418728	0.7759705189177549	0.0027547441312232323	0.5288303749013189	-1.308273861857002	1.2501642420780616	1.3112278104351731	0.7070174922630498	0.5086728947105251	-0.9624925164375527
DTXSID0040599	36.96622418306802	-3.0627178019400167	5.428556043199576	2.4857708288592386	6.354910022933846	-3.324193835151124	-2.1921755481118392	3.8339523256749017	-1.8078461306361413	-3.158424066952244	-1.081336426335133	2.582400010897146	-2.950438244302113	6.8590051643727605	-2.3363189894763305	1.7107457086221576	-3.659665920604561	-0.9545470660410648	-1.792829775718876	1.599116419022937	1.0727840271100155	-1.5611842318669058	1.9575987698466883	0.7088076491687926	0.9743993389986947	0.05447741113869422	-0.29165958825288013	-2.896825202391479	-1.113844253935896	2.908115307932906	0.6224768478225079	1.0878682574237886	2.671192239360465	1.0700583012506364	1.4841240511905207	1.4264329377495335	0.9530132694063899	-2.796671819664193	-1.0366717066203275	-0.48041520178242925	0.5501345168308384	-0.5130331761222442	-1.5308370564453395	-0.3034206086964029	-1.2107722548456759	-1.182321711362516	-1.1652685851517897	-1.3123092032239467	-1.4474925058111834	-1.3242566680229684	0.2079140333335747	-0.888417076654285	-0.8084356140577148	0.5521850049940483	1.9233655453804217	-2.4707405956045236	1.0718195225649396	1.1381536752075088	0.5758657509414937	-0.1233371502272827	-0.5283136865712661	2.4365449056055386	-3.003993411692985	-1.852780410361033	-1.9644693325084788	0.1088756634416677	2.3176936559802908	-0.6336716832805348	1.5767288723738284	-1.8609847056622546	-2.9379279115920127	-1.2573585484104595	1.353619508247015	-1.0803844031830694	6.782113283468738	-1.7700019292272526	1.1649566054800202	-2.0533905256002116	-1.604678140670428	-1.791770253308524	-0.4471253818700811	-0.20412409916321264	-1.6562205329327488	1.1582012409513465	1.5259930402064978	-4.895258361545247	-3.4577952351378602	-3.5030854067651593	-1.839777761909409	1.9686484100782622	-1.7663740130051324	1.2002178572040745	2.188815610704348	-0.3541859914436368	-0.5098225645579022	-0.3612334965977062	0.9518583431001528	0.678900343268523	-1.3641511073745596	-0.8440127328596928
DTXSID1047289	15.33586956002097	6.414894510889825	-5.061640681409306	2.305978301967022	1.061077445758579	-5.055172189453375	12.035337255213443	0.07151655859668545	-2.4242011163454	-4.990255378708831	-0.9099567081665954	0.4837436274192556	0.10168858966133199	1.5743291207396917	2.19049890664517	1.9251415852696632	-3.4334095879475024	2.36776733035129	0.43135527320128847	-0.35110366069426646	0.6818969035313316	0.8512578948025517	-2.359321475732002	-1.1987672232371667	2.529356536670865	2.0227684924280678	0.724370449091033	-1.5448072685854477	0.22174442774502592	-3.543858889729122	1.6178980930025402	-0.4840590288870017	-0.12322417446363441	-2.7911332848599346	-1.1962272131197087	-3.003320374874683	1.879606561883646	-0.25990653995185214	3.325209593913077	1.6345709848760912	1.9326357711564233	-1.2608462150783188	0.9114773421246344	-0.5205494268125542	-0.8482397061253124	-1.9470784214326016	-3.6012009445974513	1.0607352496989966	0.522795011938418	-0.5205580037423452	-0.13842278437920488	-2.65502075765408	-0.7688258348972784	0.4435569804430075	-2.295305348265835	2.9500363919685086	1.628613005219938	2.267826871694905	0.9258330935540485	-2.4052494206059927	3.2612715713134373	-0.5328938221104096	5.0484662966176055	-1.982939935220935	-2.3460302961067505	-0.11009587139798162	-0.6980926933645573	0.52698829709509	-2.0110010405705574	0.7358981258153906	2.7972478184999905	-1.2480038360333003	-1.0277929966558708	0.6045473504159459	2.036416590242324	-0.49868121853148795	-1.027682184311833	0.6790163341550087	-0.5671422025967617	-0.918916437932572	1.9204182790704367	2.308184566024963	-3.4303626848203064	0.8485294293255773	2.2661643727593472	-0.18662321412829214	-1.5282925375835896	-0.5055086483355617	0.4617513280505645	1.7682207874263363	-0.23605035893860848	2.0142199119169764	-0.3778937099743174	-1.4501851068689107	-0.9151761986003656	0.8338866805969908	1.2325797721444445	0.4217983172113094	-1.6294170926228315	1.1347302064388738
DTXSID2029874	4.8324019369959865	4.045002382850719	0.8821048803479841	0.0016623282797093987	1.013001863605897	-0.04274281647820783	-2.98465579660871	1.4369817932156623	-1.4709682323784148	-2.67732308827477	-0.7302323086120269	0.3420294364485879	-0.57964679635999	2.942554220291587	-2.1916091071514563	0.6395723899172612	0.3514310212450465	0.1931198515070216	-0.401097686269643	0.5165095201637311	1.2992416628499153	-0.9464486762770351	-0.19721228665567314	0.5530221300294893	0.27563683211515055	-1.3096592336765989	-0.44374909834284276	-1.4978591157216876	0.277297868982439	0.30543734991630966	0.8644132144217227	-0.3004634859699635	0.7049093252929898	0.22591378496300377	-0.934643940613062	0.826497139504943	0.9507162731155566	-0.3053190073760707	-0.9255320389230969	-0.3335247302974765	0.46788488028374214	-0.796618472091012	-0.7730161097132544	-0.5995285661753555	-0.7432823635621951	0.7707934358527762	0.07785091946021983	0.778605774889583	-0.19696121459700458	0.20975610549597024	-0.5822141822281098	-0.1250807252826737	-0.4390413511752886	-0.18093095312981824	0.3371357815102998	0.6477803578814304	-0.202667828107637	0.21776649772669193	-1.397473493190486	-0.3468920038531498	-0.6441445765728061	-0.10140805593833899	1.3545352034709055	0.35730390025009445	-0.8207753001703382	-1.396609047037935	-0.7695129412858359	0.5098871158577282	-2.0486373706025978	-0.1983588561199398	0.8401618754314776	0.06912419036494964	-0.02140176987882799	-0.4813395793850665	0.060087531988298415	-0.400185988811218	-0.03815469691178555	-0.5062330924236842	0.8843412719736544	-0.5210265463687549	0.3487814271445111	-0.5963004506617834	-0.22824803648872496	-1.2329744692758	-0.11508106528411118	0.7404710076060856	1.5943584097409154	-0.17333759954494832	0.44080667800802636	-0.22289146763640583	0.03823431417081418	-1.3754808935437277	-0.06984555090465538	-0.32542111540839286	0.7834372843623908	0.17188119826118592	-0.3016714501863175	-0.7062688548164603	0.17494580359058445	0.6945999836619577
DTXSID0027802	2.212166561443891	3.3352900489301325	-0.13401597005442914	0.19023652838978328	0.7579820801380508	-1.279568267923381	-3.448213106978288	0.455382969926009	0.45464720578916396	-3.448007034063127	0.36066005024335923	-0.36902885995065215	-1.9268933679163562	2.377371220130377	-1.9642620302675637	0.049712513835867986	1.218513098677788	-0.49627567920971183	0.3414850638350667	-0.3191138354785276	0.8517319272104349	-0.20636904515014431	-0.4626958428996256	0.3482974899070298	-0.25664183854455946	-0.21166849004345348	-0.915056558227676	-0.10578773615353426	0.20618092772154353	-0.9109555506365176	-0.597342045125229	0.17046462972869134	-0.43745981603945233	-0.281249235232916	-0.8065439470896433	0.46668959690709294	-0.5337310029626179	0.05911164008497805	-1.18530350057428	-0.5183747596516742	0.7294106871538895	-0.07982113369819475	-0.39254433027953217	0.28281874357351244	-0.5778956651066934	0.37152475784323724	0.42679727872407913	-0.12177076473596238	-0.28007758286366513	-0.2294400120884204	-0.5152685765120238	-0.24312444275092096	-0.1506705466488389	-0.5198065703911517	-0.45218923474002165	0.09657922063338806	-0.8287185857271766	0.5446262693256249	-1.3504139872135	-0.7651101431787481	-0.610505648129131	0.10825773989945552	0.9579784980444033	0.8749928403940611	-0.6144419334139821	-1.8676792059148364	-0.7256393539031989	0.17968629151979235	-0.5468740818519541	-1.088113917237944	0.42091250773811356	-0.21377694340746145	0.7989378220973283	-0.04157145424762717	-1.3616800633577595	-0.20431794514822543	0.0729133163692179	-1.0419765111405261	0.20170043538439955	0.052188352189917915	-0.2663624684128481	0.3794997162207324	-0.27139923172380365	-0.5040135493986994	-0.037634469687736316	0.7100225332708868	0.5591312166257199	-0.22958360459180283	0.5776219343677244	-0.17523241152761831	0.13234133648189506	-0.6688108920821018	-0.33743044727606575	0.6716773446551817	0.2755954192183822	0.5437482242624803	0.21078075693093368	0.47648563477929645	0.6546208779577204	0.05210493680614583
DTXSID3027249	-3.5985074835877877	-0.5051483558274272	-0.8366520064772058	0.6652301144991456	1.8656911356398527	-0.5486211906679149	-3.0096379896961585	-0.5895136209798558	-0.9401773439416806	-1.687598066636803	2.905731204391756	-0.997393573783964	1.0924383412928151	-0.4424712417822927	0.3458976799072765	-1.50765887221302	0.8834215325552157	-0.14949256739867764	-0.5052492155428403	0.28886768559152964	0.7955865022583727	-0.20779212092354032	0.5819830117279781	0.4664545806231063	-0.3361328248198467	-0.22918868141415416	-0.39280832606804433	0.7569701114223172	0.06527398606793791	-0.46933898590653883	0.42802634543297907	0.4815808217578614	0.1271486053795844	-1.134152820191779	-0.5123452743967245	0.629004489732414	0.8377041636908629	-0.7898777388012514	-0.33599575690017086	-0.11428247718930572	-0.9550327971562828	0.3539655294687369	1.7395968574020437	1.264931420419581	1.9667193212117549	-0.008407425269563066	-2.6266468289167633	2.5574178550426225	0.8341937865728081	-1.1395931177944387	-0.1252797780692439	2.0322915807335624	-1.4784419098413195	0.5958268706280636	0.11083568578580846	-0.15262288946946534	-2.4072463945883045	2.4058516487396857	0.47344560073713793	-0.6423377168182342	0.24174403025498334	0.6470841528007664	-0.3927629324056638	-0.5270615837987245	1.5516859138702273	0.2481261898466872	-0.9269284320566664	0.8050719881700931	-0.37555781847298075	-0.11348921959479591	-0.7362962160886944	0.12998083302766117	-0.20869458603982546	-0.02183959324540582	0.3001839284048579	1.2407430284319079	-0.20509191384745043	0.6474466581270222	0.11789471805429332	0.0052806555094829545	0.04538132959789253	0.17297914248962623	0.3381460656299294	0.5531163996922913	0.3159844183631834	-0.07941517028383352	-0.7565873435137445	-0.1784296793628879	0.08962254048193023	0.1342322826590917	0.6293953346322032	0.016937373264220155	-0.2286046329423291	0.02368329909842673	0.1932827587191418	-0.21253531095547956	-0.16242714120040538	-0.0894923130276661	0.23345124715090745	0.09565742772969521
DTXSID8047923	4.400588341114928	1.3320536579337283	4.884620028249293	-5.875855447485765	-1.0913310484934136	-5.195745524524447	5.712400745721914	-2.5303404794532836	0.049085011013384854	-0.86441105401112	0.2241835079921347	-0.13169047776301218	1.6501495800393355	-3.75072600909242	-3.101726560819095	-1.9787835692551268	0.5263369060165181	-1.8172382823755817	-0.8727587466835157	1.2142038380774363	-2.0255933424761445	0.4020412635779968	-0.8371302736868478	0.6290143854628326	-1.8522882764760678	-0.37405510945742826	2.0354890328884605	-0.7546845601030494	0.22235454963085435	1.6300748070634279	-0.5691913367921625	0.314695447967143	0.6130358391273032	0.01527969746639266	2.0081147181121968	0.8466840285634758	-2.070864336750778	0.4067339029595857	1.0724110978949446	0.15679410013907985	-1.03910914893639	0.29521203800924595	-0.15393545949933243	0.4069665566777541	-0.09840291461911743	0.08660723921993996	1.3885821859104421	-0.2500614116845784	-0.5725614755522442	-0.15742275658911903	-0.1566244350415076	0.06778256244308954	-0.3499561812345611	0.2634542140598229	-0.3245153672830111	0.8146862572211706	-1.362780079480205	0.6885943193768947	-0.8703015547619227	0.3045522270939461	0.4881701160535	0.22893054644643815	-0.5564642167353813	0.4048420841907602	0.8077089224873955	0.579361007944266	-0.7272309413376987	0.29189221449805514	-0.516577482564774	-0.7975837200484601	-0.16762614525826325	-0.09586275754713525	-0.26920890584011486	-0.14843798494397806	0.5703439510422228	0.2096782844792947	0.17561351339071798	-0.039972967710640135	-0.5631371941209269	-0.4895437237088416	0.008440581700751609	-0.11602083791849303	0.34737735707701506	0.9217194019504659	-0.20214709808382164	0.02465681978959639	-0.0012464406710756503	-1.1647926764070287	0.1210533536937956	-0.7302463888897738	0.09569919127043718	-0.01073883029081681	-0.1245695167972703	-0.30714216215234413	-0.0021983441462564823	0.9156749849067568	0.4798717955009058	0.22665897364299464	0.3359142309788843	0.20508045693413626
DTXSID4047886	1.4718603159101373	3.4897592183874817	-1.525361449072186	2.208261981356551	-1.5628792176844448	-0.5716302047935642	-4.6299984615560925	-2.1391092021511824	-2.458654154606214	-3.0992917714905244	-5.000418169395394	0.3632232521015855	3.8587302393716687	4.030884635405127	0.2559258622031444	-0.2522560237112767	-1.9946381515055165	0.41679587216324987	0.6188305729188147	1.324277017131109	0.8872926028175855	-0.04213828911391056	-2.0721193446762496	1.194512830603666	0.018850915362652564	-0.3324734535018635	2.371280265718457	0.3280539774681685	-0.1992140127910241	1.3600583994483322	1.3480259925884048	-0.9550389549030057	2.0798905966362256	1.338184664197358	0.17085313986609788	0.3794357951276714	-0.60661880220095	-1.3911422233935558	0.5709041804939242	-0.2747513054856011	0.05951420609012095	0.5638507012358612	-0.3233218181430354	0.482473774980986	-1.2571130521183775	-0.008987896880781852	-0.062416670838685	-0.5565104905587797	-0.6860804742954734	-0.9172085767575514	-0.04396624068972061	-0.3378789303353016	-0.7264530676280938	0.5211251575668181	1.1651134318393226	-0.8084680645082319	0.26699864413354907	0.46429852303730734	-0.14714963407562254	-0.7971522679518603	-0.2691704203398643	0.775737432673879	-0.6446090398993329	-1.4046034297380643	-0.34673897660907776	-0.02862992791909307	0.01719072541151329	0.2426917801114792	0.20942421509962345	-1.266901218221495	-0.49238977161386277	-1.4596423815858877	0.13559942289236945	-0.41518897680074285	0.5833397976537816	0.35532796692029195	0.5224228735475115	-0.2570767983719051	-0.4436181144218481	0.021197573806213208	0.14177396776805704	-0.12189124570885788	-0.3877936559749784	0.37921682051201083	0.6216816568824155	0.6426672833720778	0.5447901065358745	0.7047645678063054	-0.7465560942669628	-0.1705933787974653	0.7068491650156615	-0.08507597187261744	0.17834129540872384	0.2780860297733574	0.7646937053500316	-0.18520297909588804	0.12896221514765294	-0.1115060362316213	0.6024139075923965	0.3607790137172518
DTXSID9047918	1.9307456781064354	0.515856885394081	3.2150347453375034	-4.136512181110697	-0.8290606237594709	-3.871710220731449	5.321638680999012	-2.432579348003415	-0.12013890293711563	-1.2073179218598702	-0.06348493775793394	-0.5122036716568676	0.9045575806160184	-2.9760824173372233	-1.9983437209489985	-1.5752008130812662	0.5407738643855401	-1.333840176690824	-0.9162551806419912	0.85265843500161	-1.9001762392848238	0.14115911501943454	-0.879782174891622	0.5231052913895624	-1.4030883667163816	-0.5760104155566194	1.6157487358386677	-0.809558648189104	0.07741365587033652	1.2620913310120876	-0.9192700017481332	0.7681463351442314	0.7771026257095699	0.12144737220599121	1.8527487660826207	0.7383826935180252	-1.8640416739387444	0.3597383329001325	1.0631952831268245	-0.08864538042908277	-1.0670370511881035	0.19103324330064256	-0.1640641422169575	0.35295190808864263	-0.17185961102587954	0.18491301601170856	1.2271935335796262	-0.1555022140721462	-0.5346249759946167	-0.010573189202009779	-0.19396454756085782	0.0712427427063932	-0.3041334419830352	0.19141629502691934	-0.22375011859284016	0.748211599868833	-1.2958733960433804	0.6378375630633646	-0.90788406853806	0.5103703533493211	0.31329957628836547	0.3864150960454362	-0.35069295534223976	0.4729308678893225	0.5856253591324851	0.3100974331128666	-0.4902455132826711	0.08156232871879895	-0.49828696512942505	-0.7613215695304393	-0.2552629720890305	-0.10566388726975616	-0.342879911484806	-0.15745220831526982	0.3871811378626384	0.23878737611595185	0.15397499069054596	0.003334100755563675	-0.5711392954334055	-0.4618169029453551	-0.1985543745245641	-0.24724401621121955	0.37853991018585903	1.00067224523936	-0.32531819434196685	0.08569505207529128	0.056551034863940704	-0.9519456921448637	0.1012493439619597	-0.7693192534968912	0.15333488265622489	0.03387666928432892	-0.0895681172284712	-0.2589519476398937	-0.09316112662976765	0.9207966618430774	0.5043262763345876	0.09895434061835873	0.3166571143770426	0.3569392896958164
DTXSID1021956	7.224353126161799	2.282657799400026	5.159204069487457	-5.530680184713678	0.5169905125538798	-5.201359943139712	-1.1502901083454937	0.3966985094258074	0.1755075139238574	-1.6834787090810903	0.33873643103494366	1.0959822064610556	0.4707101972037833	0.9229069544325071	-3.9000051071873174	-1.2547553307583736	0.486233912212263	-1.7999900847464645	0.9327066061841081	0.273462708938265	0.645162574020017	0.704297374104707	-0.37264930187618844	-0.12142617628945707	-1.1543582657569667	0.2862148644906458	-0.565449868897877	0.5119946569007475	0.5134358578703957	-0.11250447941989611	0.10099561254249724	-0.54231226985567	-0.6232757729675069	-0.8193023835299944	-0.17666171763590863	0.7747327708079453	-0.2700494798953061	0.5442897462231278	-0.1586863218766215	0.46617392529197366	0.0461279865705958	-0.25699057022614263	-0.1305324317172944	0.008459812348774378	-0.13476210529171506	-0.011655620051875985	0.16726146362116595	0.27450065278622804	-0.07248506797227182	0.03393749847068733	-0.20309595627575353	0.18410436975738617	-0.052130230419932415	-0.24089473165750475	-0.16569694979144717	0.4296247645333087	-0.5498333332808819	0.25076118146002635	-0.2996551425153312	-0.5662983056465105	0.02420300066790832	-0.15111001871708493	0.5612690259668103	0.3048816621146102	0.053398121077318825	-1.002578362703794	0.25424115782004625	-0.021443181876661367	0.04688784682519676	0.17049796491020214	0.7370523045185173	0.10680317429664923	-0.226758476819852	0.18854163028404974	-1.128162513974947	0.006468772664422235	-0.01113525254627572	-0.6488599727831877	-0.3328105382631753	-0.26084944092595097	-0.02021723723437693	0.17560960756967278	-0.5878113988070103	-0.36164703035574036	0.579789763786281	0.057621936524005234	0.3727909296963336	0.16169444670873412	0.33803438550208603	-0.023294819436537953	-0.8551296552757204	0.6679500215302858	-0.34791888115138137	0.004776967176538037	0.25498975998709017	0.6055008446831096	-1.0001804114934771	0.042382070991561556	-0.03473269679916352	-0.33887313889344745
DTXSID2024086	5.201856221198649	-0.6912005149971607	1.8306177273335342	-6.008487998035299	-2.722820957541693	1.0557561908072046	0.9992974958203722	4.6868459433934655	-2.699283559334452	0.8681157863696404	-2.0920219196280834	0.7758906761107248	-1.2447931092871616	-0.34972063815875076	0.44361540962190205	-0.30969583880989504	0.3971545532179501	1.7049830294155985	-1.298339378525169	-1.4070896287626178	1.6692160779141942	-0.7879915908320887	-2.7437363068817193	-1.636905470846339	1.306176595460418	1.0040746592834415	-1.2244721850630025	-0.9025051237807744	-1.2680331883537574	0.4390300760056055	-0.1644772772771568	-0.47280463128124517	-1.4061117552824869	1.5024241563452116	-0.5556079490700658	0.40920306045981375	0.29893842737414195	0.11649160272504293	0.18499420463633437	0.4298620810821878	-0.6793484970718251	0.7618635806114827	-0.08520041409068986	0.4099495780382026	0.7485482868846316	-0.8304998688941828	-0.2626808198574372	-0.33180541729033836	-0.1805038591716023	-0.14786261351882918	0.06867883170697259	-0.35965261871621684	0.3841418305207226	-0.4752504846184785	-0.543591061439718	-0.36199630719183734	-0.08260024857586433	-0.12564775104625792	1.206880532805791	0.29533255773177214	1.1763959852019656	1.1310400069813085	-0.10249716269408579	0.9488378727574724	0.2310519662962135	-0.09541829556276106	-0.3604075787059812	-0.9203461519086069	-0.022514589377899234	0.42067980823485784	-1.9572640571519988	1.3550758502139844	-1.377554805428271	0.8681930848973594	1.5220510888732224	-0.1556735111985877	-3.2011514987127354	1.2920584617566047	-1.0324629233428948	-1.3956863688423782	0.012226408886532258	-0.7680697431696505	-0.5861636191044812	0.677512176892026	1.5300710541128626	0.07916539265498115	-1.0385889353728908	-0.5722345935673318	1.190863605564321	0.2770386924943408	-1.0080172150722444	-1.0167739789258625	0.34243478791626797	-0.5544281644544208	0.5077771010397769	1.9617319035277707	0.9780178855362822	0.24204589985731023	0.07184664585717972	1.5105930063042667
DTXSID6022474	9.671005739307933	-3.8358718501102915	7.596753177630746	5.958162955259556	3.4901409618709978	3.7067248475869317	-0.22663746813770294	-1.4344325928861354	-1.7743499677037167	2.063193031515438	-0.03315667669033327	-0.8425354446621766	-0.6554134890320459	0.3978413707299917	-0.20156800488694848	1.2955277282196975	-1.1430652308647422	0.7546189043027868	-1.1477030629023315	0.13394685811741297	-0.08670967790707165	-0.243073815676828	-0.8359720757768525	0.305328649241016	-0.6033488758853439	0.6405835372163471	0.41528450473301487	0.038741469627076974	0.12016543376254453	-0.19340503521720603	0.21170925107364738	0.10725301473612804	-0.6250802122842123	-0.37168889409850264	0.9233621757109584	0.7912290857941101	-0.2074431442735441	1.0068769079214257	0.6867591159271004	0.20235381366042943	0.00455825306053501	0.3402532409281664	-0.06243904030319362	-0.7236872678841455	-0.08994940039359314	0.2790438024936904	-0.28131019168679977	0.6322590057146156	0.264144513722497	0.18000921993329239	0.023572112372035228	0.7485256010009705	-0.16229520456960586	-0.012064501294411119	-0.03464684648753073	-0.3878884744089186	0.3685843771564254	-0.06644865282459296	-0.08425985676115921	0.2798476656559984	-0.47588389851258106	-0.6851897955008933	-0.16328571087075203	-1.6712072241372915	0.4120708064830435	-0.013870746949122133	0.8274356782330379	-0.3131165385308467	0.1394856010411306	-1.0954081084803233	-0.7284345760288679	-0.49944261165357545	-0.8153836199733088	0.031060761265838146	-0.33460717426903785	0.0479444864092702	0.5446273497386768	0.9616633916053812	-0.1084146575863014	0.3661494076002333	0.5846213481174815	0.055750357033627594	-0.49940133209610965	0.03031672922599642	-0.41202543041868445	0.1734000965745626	0.34343234704023534	0.016554223528295272	-0.13639044972095488	-0.36279534629001836	0.2420376314328253	0.05683705483022674	0.23704652506579985	0.22884300915874367	0.33280460753252056	0.045504362825077915	0.2863459146177302	0.43164629116902714	-0.0534836917798045	-0.38325649839471043
DTXSID5027641	0.5498582944824792	-2.0876083422155123	2.061932121524122	-2.6085973183756286	1.6856869836056931	-2.1915478790534464	-2.006518295608184	0.8597882928390408	-0.7673306765779262	-1.5025958543937095	-0.7981695436881027	0.3302048702649875	-1.1558915966117116	2.109245500728456	-1.305727304802886	0.330431156811427	-0.7243738198045339	-0.5751842172089229	0.9713399563115217	-0.26601968325280456	0.3024022604992138	0.32869080538903594	-0.5853144902093532	-1.151609798020581	1.3927243409877914	-0.3034536554632417	-1.8619625276415124	-0.43495882655744456	0.11688811610041501	-0.5346226873889288	-0.8096407424410955	-0.16386855596545966	-0.4657924664220336	-0.11290240679088615	0.6735783930261618	0.4451981367189672	0.4867350459838678	0.2634188888624445	-0.3444005373548348	0.2174374773689342	-0.02042447827038203	-0.4394830807306516	-0.054698283222798585	-0.1894094563151501	-0.16630026558932523	0.03525910785593109	-0.36459196657161347	-0.2111427990520183	0.18722911323550476	0.05623038881076372	0.00030631810041212	-0.3010922970895806	0.17636067176696815	-0.37937580491400735	0.049704309316066515	0.0258209463927003	-0.5351320420387685	-0.09961247424831018	0.5175621190936917	0.2528806813700262	-0.4253448272338381	0.42146228563246646	0.6691937220837999	0.6790906993784186	-0.01922908551766275	-0.9062673536263084	0.09298635844601036	-0.5098386819197206	0.30354188702604973	0.6375386954659338	0.531598019409432	0.07093487028042415	0.28573704092140806	0.4406015241917777	-0.6232411832780469	0.3210634046178207	-0.4319930268760401	0.9721635691154262	0.16871462073792784	-0.1958163495636885	0.3331346138063086	-0.6997245623462753	0.4794727522314379	-0.05780825119993505	-0.11753119366259776	0.4099285039967197	0.006696454451484699	-1.2924210980301674	-0.20314848260623855	0.4875788924536076	1.7400972954550276	0.5308130888000006	-0.38840536460787184	-1.0162311642988646	-0.0008876558002070563	-0.2329176035400633	0.03295672482009892	-0.34766087228736725	-0.2954465789474934	1.150921777142669
DTXSID7034545	6.184456865178353	4.236143400887449	-1.148551715851709	1.4578664487027115	-1.4974920478626794	-1.6595124761731939	-0.7682410668551702	3.9863373681516103	-0.10056939224261455	-2.9690731815687634	-2.2601246943473594	1.2493441762523172	-0.7053648628894212	5.028913494316107	2.2521876712057503	-0.31491852038415147	-0.8407739828016905	1.0157044245767402	1.0425869950119162	0.19315047661459261	1.1748999265307716	-1.6050246526932066	-2.196690910911488	1.624379162749607	0.45938097341889117	2.260774856401252	2.0617488498249594	2.185800708724674	2.9762958161546345	1.8503819600770106	1.8740970030241022	-0.8560799367202464	3.441241742292859	2.089734979545889	-2.3359025572841863	0.5412603936007879	-1.136311547763136	2.2290534138282276	1.4483885698260106	3.393392465263405	-1.086501582153192	0.07315326580977247	-4.217462311205785	0.9248860326135299	0.2637394898302853	-0.588055668935805	-5.894239483695622	1.0756768401828658	-3.692860393722471	9.074387024773449	-1.141033344469824	-1.1259263328359221	-1.2340866637004209	-4.25167561535633	-1.1995054348351313	2.196739971046673	-4.718146793606907	-4.44434962733039	-0.22652533427301835	-1.875514476909808	-2.840047158625056	5.346166743159484	-5.048422765744487	-2.1800127981122195	-0.8838781166489623	4.210829529650136	-0.09951992979619216	1.9178951761773668	1.0134284464927146	-0.33311413335419876	0.45366841411183256	-1.8234358680294795	1.7029979444427483	-1.874526886818305	1.3079263661294274	0.2529571938872228	-0.155462789232243	-0.0762465357512665	-2.584722887270487	-2.002289492975402	3.3105740337260032	1.2188642859501218	1.0546470805993766	-1.4351169175233662	-0.3770137003232722	1.0243584507379948	-0.292677454309093	1.0540345486028928	-0.7724599497284785	0.5435633436581007	0.7844714720335081	0.6958700502283733	0.37851257996074145	0.3346214285617454	1.6455433871361174	0.3391146220252693	0.01615302999147179	-0.09384965487709769	-1.0758228895271016	0.5696341820967669
DTXSID0045591	8.049781188203623	0.337578890842832	-3.208847314188722	-1.4869974527578456	3.062220848765736	-3.5557445403462347	-1.2958064468844064	1.0104435281835487	-2.6105536887154184	2.406285196462899	-1.5386672324555009	1.7709132731424988	1.1263393977155138	3.5839342255757267	-2.291276783456656	3.884328752723223	3.0962112426810884	-2.2809519912702916	2.6313507447906295	0.9295505082040207	3.4225240090788764	-0.057755967987288014	1.2976243034242414	-0.2704649104196366	1.4914299848505954	-1.763704155498956	-0.19285293888442184	0.6421783938092839	1.4811081510133475	-1.5154546496487475	-0.10375053677863949	0.08933401566919633	0.4323168512256202	0.5832208648865406	0.208150143899819	-0.6623919101894294	1.362027375550954	0.7727804449630042	-0.04077500363098496	0.3120445256379418	-0.15079985312176683	0.3836532924379964	0.1605419184030691	0.6725286002674816	-1.1565139685326682	1.0348301846532229	0.5051332351631007	0.4650531936793328	-0.6882362228500721	0.7727890247270985	-0.3154779590939977	0.8852478324424391	0.22701210694498253	-0.44396372886229424	0.427075325009401	0.3670997658168991	-0.8663809528866963	0.3430322015737204	-0.10891884997366934	-0.7166906802358212	0.16228646422834986	1.1865625893260554	1.6677508868241808	0.11211425512229822	-0.31683202578342096	-0.6109566781207867	0.14940900204021834	-1.8940164579887604	-1.8436782258713187	-0.9928522336631206	1.2892865922713341	-0.5013194425908252	-0.7722702732922769	-0.10749843344278466	-0.4791143897282425	-0.46052553300948684	-1.3607685815464858	1.8327786743918835	-0.347298660583536	0.44833814160106744	-1.2359829443594215	0.1384994545946413	0.048091623841038524	0.12831351674992172	0.173507430014777	-0.8338629167905158	-0.37323481428510635	0.05097618083976735	0.2061956795049718	0.8857204246529049	-0.2950320762749981	0.7843657204331235	0.3290075020519918	-0.9736555820697879	0.35539495855020764	0.5139687992796876	-0.7123021814169328	0.20916629668712147	-0.693146322723384	-0.04537151517566486
DTXSID6023490	2.9280906037724646	3.5124666913527878	2.8505931183295665	2.280646194627106	-2.5254392931639575	-0.20515844531537047	3.5501381809774486	0.6988384351217191	2.6317042508065476	-0.70145028177876	0.7991142300202478	-0.47397535100888605	-0.721231201207014	-1.5689879461535194	3.3441358827367313	-2.0834263565665103	-2.5288165545985963	-1.0461303407231355	-1.297759081144248	4.415457861438411	1.9864128072087421	-1.7333879455288688	2.5914593265889456	0.5841831593583289	-0.21776132925760786	0.34713789949180657	-2.1753308021697735	1.9393097459046948	-1.5011996601904776	-0.18089318789085673	-0.7654915010184258	-1.3789814322072858	1.7583481411275315	3.8550468775986024	1.379293073023996	2.5283274078093583	1.7118416311984983	0.9711451819674579	-0.6253436597895283	-0.689554951793713	4.245720339510613	-1.4613644875050165	-2.5641728301410702	4.560112882509513	-0.9177239756207161	0.8356467470975262	0.21881704025171833	0.314567786617024	-1.5153371772998385	-2.801380348144025	0.046018969477400404	0.10217161025519389	-2.0671914625744328	2.6540398835620382	-0.480049789164894	-1.770429819564902	-1.8987930889018547	-2.647537677983258	-1.396576791256224	3.6363869338744217	2.880917818395929	1.1358712861511666	-0.4338169450886512	0.6168188686632151	1.5988956188228762	-1.7076394787631763	1.9126131755084892	0.3645514284912985	-1.4490554786103313	-1.512571044655827	1.394231453673102	0.5063716681018304	0.2525073359974821	-1.1523890519932918	-0.07041706115593149	-0.8111409530624032	-0.6301897017318755	-0.6956971375991114	1.1832146490612931	2.0314935714221667	1.7662210732999275	1.4673884218285624	0.03204266455976981	1.0745601714518016	0.18969830777147728	0.48532819083727846	-1.6681433052938128	-1.054283108520288	2.0555827180324853	-0.1401922577877705	-0.5032723899269727	-0.3749958047544461	0.5864542808894108	-0.4678451195956146	0.02853580352133017	0.42060121836372977	0.4785055216831279	-0.0006485666360545053	-0.2958244800233272	0.48480058658242065
DTXSID4046737	9.278714653322487	3.768537844342754	-1.686539953862593	-1.9986224106112318	1.8495828068401696	-0.7094813857211772	-0.6538819341874427	0.5493745949318457	-1.9565538959532727	0.7082161827091259	1.1920184620354282	-1.3218087167103971	-1.2177919925861191	-1.0456264398896438	2.377445296142188	-1.4248137598495378	1.8147945488645236	0.4219197946212189	0.8132252351150168	-1.0548821740894823	2.1623699584957112	-0.46086882693324277	1.16508473355476	0.5390192815291854	0.22478610105600497	0.9859555028379999	1.91470227964796	-0.3379908626133275	0.5219935693477543	0.48451271546986885	0.826567647432718	-0.9144683464910022	-0.5818380048882041	-1.3328407690674282	0.46085111949929886	0.09607503034953896	-0.3059750615720863	0.4143967240712333	0.16141007112863973	0.7175835205753462	-0.37372072021082237	0.7056918705651308	-0.47750554136253776	0.39711682753367494	0.4335355289985087	-0.05011652923867553	0.027473618397331766	-0.18071296599914868	-0.21254473380392905	0.18857022520400868	-0.03721433793770004	-0.2744895833951828	0.5632911830583704	-0.006080051609093174	-0.7327124450936743	-0.8129802247566313	0.04831835990991307	-1.0480529585380374	-0.2182119817594451	0.16230537303620166	-0.9193597174857935	-1.4537774155489243	0.8836458280068137	-0.23701889869605078	0.34103193533725545	-1.5342437493658452	-0.5977509180459316	-0.000425144589220627	-0.3306617090234096	0.23833860266058063	-0.0500816477238115	0.22503364588460079	-0.05170128774349164	-1.7644067083792006	1.6160210048472854	-0.29596608683803366	1.3226324371564928	0.6912066559133903	-0.2821090829023157	0.2400748619025489	-1.0369507414465786	0.05987492362070881	-1.1503408551294636	-0.6787023532671677	0.27048171550779765	-0.7224526686552888	1.0493635489067945	-0.4158090564985772	-0.46848270242085477	-0.2413473477130079	-1.2891884219399374	2.1927304543033066	-0.34452542168622774	-1.887846990228109	-0.7228067926860249	-0.05148539151370881	0.2712299456230377	-0.5349664563438615	0.8686459092742774	0.3116771699613996
DTXSID2045280	2.0636415965340547	3.245396012582743	1.1857835657699343	2.2615415992255428	-2.703267694535025	-1.0742551665245732	-0.7271441284192194	-0.16433158637925815	3.5228826846441743	0.09968592169890014	1.2064083551483433	-0.8182624462839257	-0.46890973187201423	-1.1095037549880071	1.801241302288555	1.0660062385070512	-0.4849789766078869	0.494898878476644	-0.2239400703217837	0.9714517027707327	1.5549173554985705	-0.574366189455412	0.8319160475554154	0.5059374928232859	0.155534183862159	0.799374424517514	-1.1953717140540485	-1.3508806057065526	0.37568647582501646	-0.31216781144428885	-1.5191450313797976	-1.008233360102255	-2.2642149969104794	-0.6727053943533449	0.9854172315134356	0.6635051829333086	1.209366186578387	-0.06955244613430711	-0.4407252743213632	-0.393188786632385	0.44234985137279476	0.5166289280227236	0.3345145224747633	0.5277030595755423	0.12364254717060719	-0.17635186186107005	-0.1501844534811316	-0.6055040387763554	-0.13252493227884257	0.03300727331701256	0.06121558436146387	0.3570298890767896	0.06960777805192393	-0.17895504721594999	0.09435299799689209	-1.8145207794365046	-0.09175785494256924	-0.08196788235543336	0.05095692909377304	1.0800731319154568	-0.2660618921754633	1.424971712546381	-1.5305712577402975	0.9641864449156495	-0.35270578925080076	0.14573073493852193	1.128190793167088	0.4592991231596344	0.7086286716899933	-1.810934053470392	2.0638280738285286	-0.5705813389659118	0.9807906120534698	-0.5828321964992217	-0.4079350060502618	0.13530724656891266	1.6198526038007872	-0.9956468100277427	-1.8186404547578319	0.25800894242604616	0.8625453756109066	-0.6056035939638285	-1.594628762933416	1.1734614445505607	1.2773589002259957	-2.3030708843477936	0.35362242167107405	-0.5223480410984755	0.4267872000811405	-0.8145343051422617	0.29493712331180955	-0.9963795044900782	1.5422904523888827	0.13433838667155398	0.2671468929122981	0.19836849068447457	0.4102905348423522	0.5057932765691864	0.3666416762927507	-0.46422363325749044
DTXSID5041356	0.16846910186987565	0.12380069341035546	-1.8380649347059903	-1.897073031416427	0.25397799439173474	1.1143710709561352	-2.6311371160336465	1.7751631813712152	-4.296130480887658	-0.9858186660574197	0.6228125314909871	-1.5204358735814791	-0.041657782323788646	-0.18288198868445055	1.978757874315383	-0.9618829029312442	0.6189853377619542	-0.6213137635607444	1.44598309175376	-0.3895930366364125	0.0771436134357991	-0.8764538444521428	0.9586933113478959	1.1047889229292152	-1.34621442852349	-0.5420610958840316	1.1061026575211093	-1.76358683003222	0.34562077225085247	0.7172373077171831	1.1058555140859527	-0.49493501864105716	0.7916506562331073	-0.4669705026018561	0.5541818576915297	-0.006041789571982432	0.5741639735364968	0.08025451283985495	0.6246001168635437	0.3599638761796775	-0.6457272232295369	0.17615560523398277	-0.686562564194362	0.2056855929324987	-0.3346172943887451	0.4352375139156719	0.031222329150051967	-0.057051921395459844	-0.0066864252616321675	0.6748507349439743	0.051916807357986657	0.12163489468880048	0.2325533348056082	0.029706239655929403	0.30344377929583477	0.25738238914141254	0.634867471237522	-0.8816886355330962	-0.6565250346317185	1.0659487909313972	-0.3602257073526424	-0.539296846031153	0.28218791106173685	-0.1871178528870728	0.057964987045854524	-0.8578050497593277	-0.7083700263603495	0.0031696538288329785	-0.5406951443695949	0.3754666426034768	0.7982402552037906	-0.2692628169820236	-0.7389372123107616	-0.11608554234028577	0.38981222027978124	0.756230449890095	0.7236623220415888	0.6803920927516092	-0.029898219172982826	-0.2717742616180524	0.43908225685707464	0.4221306085910664	-0.17502212932097755	0.16735312456555415	0.01659113837417631	0.1429323612701931	0.4128678795240994	-0.3730333326171182	-0.6142744602891221	-0.22853251652960616	-0.3678719964769439	0.5148398632877444	-0.21470740210241637	-0.3265251911142882	-0.27251274274715775	-0.19458904144660027	0.2916899973295194	-0.3962771654093993	0.1379899122048102	0.5254410168226745
DTXSID9048510	7.551322254496106	5.782640005089695	-4.493701257085618	-1.7068310349081448	1.702728093777333	0.9433587919353643	0.2605020740848766	-2.783142755455128	-0.07166515793099536	-1.912240017411389	3.4651576065310974	-0.5592933883429146	1.9901985122628625	3.0606777375839536	1.212804142677051	-0.9182353930652577	-0.5071018019942511	0.022904627691304455	0.46780100476244757	1.2706540092185286	-1.6663973950145112	-0.46256445304839894	0.3452115904263737	1.1595191826001559	0.6357933688416755	-2.223036314941682	0.7902843165573212	0.532072601508489	1.3639896861391234	0.38512976925739933	2.6220657918987134	-1.9327086059003726	0.42376568642108087	-1.4201897927121583	-0.3938090621854592	0.3093082720751218	0.26615314304443954	-0.5684898501140089	-1.6254934303377613	-0.20501384266938102	1.3425234877126975	-0.32541350430637056	1.9615186771010873	0.6334362830926639	-0.6935715661776702	-0.030830147913902574	0.10020311657339727	1.7510041441077084	0.005527292410097999	0.4604910740967344	0.2753077196758645	0.7107392169660627	0.0940798021985237	0.4841426827363951	0.37931597525072386	-0.055340288425280736	0.27077988176375173	0.367920205149813	0.34488084806038427	-0.27793632835870663	-0.08398238196204137	0.2387706541038482	-0.5154808413997547	-1.4751985289174145	0.06301127670534991	0.8225082180056039	0.2124708525634536	0.3605773907767202	-1.6735846057609276	0.1947749289439686	-0.6499258675122239	-0.18863533604339505	-0.38534900231069	-0.513405182471619	-0.061962692110839386	0.6898584538866817	-1.3237536368517298	-0.03713767580060032	-0.344066384693375	0.40660524970181267	0.976290823214963	-0.8899067784390827	0.8367952430937384	-0.8053636513542316	0.09049088657700842	0.49635814468161327	1.4882575427016471	0.9269506691375006	-0.40168130471047114	-1.0843306960054888	-0.13115368796646334	-2.441036887266919	-0.5782916484982386	-0.47050226211201307	-0.7280933590388567	-0.9907625258084467	-0.4780865983562804	0.052623399940809154	-0.945066924516924	-0.4835226873940467
DTXSID9045689	12.778330860691371	4.177857764029027	3.221826762290677	0.3640750885630986	-1.5256010019823125	-2.2680947451309033	0.29990323610581715	0.5738854354005657	0.28933923924736266	0.36814195714300574	3.296369045514647	-0.14277620144940006	1.0038528038829173	-1.5980355118712533	4.422591885252391	-1.0550047386757202	-1.7695582190135744	-0.8308961794198678	0.6883626912358862	3.520218499297207	2.0978393373392406	-0.9763279518266506	2.530941006455992	1.4970436237801388	-1.9024705640155013	1.191284480749092	-1.6603758916862053	0.059243640252284534	-1.1253347082301293	-0.5051444950197512	-0.0818785360683628	0.3172717507411856	-0.4700231998368074	-0.16311326298785422	0.8630749125218649	-0.8312407920162426	3.606699943738445	-0.6543149843890168	0.08635428736815978	-1.5228299366040237	0.405586630206249	0.31370503568073377	-0.9322841165730439	1.5938625601006828	-0.41114796688405963	-0.3148002407366818	0.7244538633842311	-1.381230907711036	0.03477366880489984	0.13737993071237614	0.3684806844269195	0.39184416315393783	-0.22073045938345773	-0.06287546264282087	0.6380595943474847	-1.4021529700886828	0.42742883145820176	-0.6553368907537778	-0.5472808879875471	1.2057134692706812	-0.6344695245009763	2.3083276635231083	-1.2959220261750066	0.7271409288571882	-1.4581799918369898	-0.7100753519042968	1.4289085506375065	0.7037941172099759	0.045539496751962526	-0.9592757006117634	0.9167928865426822	-0.4393725248451399	-0.18085141495533744	-2.2910145983134425	0.27540113800686405	0.2126807310390802	-0.19117000704905007	-0.1143492582697682	1.2081331287213959	0.065855184656784	0.9823802632334624	-0.1454767675617343	-0.9402956248408298	1.927532494170763	0.16255263310172105	0.574897341601836	-1.2446683989152516	0.5007281622618337	-0.8584339794028332	-0.26945340272494395	-0.7937955544355002	0.3203603926672225	0.536058360372332	-1.2747170917896213	-0.6652589945422248	-0.5947164595578803	0.14595251252853172	0.5187973399632622	-2.9148146805847195	-0.3306850240888217
DTXSID1021790	-4.03986837347912	0.503602997635108	-2.3335674715708503	1.8192518036401222	0.1458632995016189	0.818158417953227	-3.0729415837496146	-3.9471503967429005	-1.2366825115333202	-0.7605512965185321	-2.9492279576364515	3.782900515938815	3.4839260318233207	-1.2130278159086998	0.6817479176541017	-0.7054952304051225	-1.9499414186537887	0.17015305023631214	-0.023395882696269833	0.8629109505096032	0.09753752675968975	1.253390752724498	0.7356124570704394	0.0944841533480883	0.28806687306431417	0.0840648136226332	1.332805019898967	0.569159720242436	-0.13738654810861725	0.6364425029278657	-1.1855326464204223	-1.3663209306078963	-0.7285492331416161	0.0040651845135255054	-0.5176921500173408	0.29701459348880693	-0.9701871635302065	-0.08288986341386381	-0.019886610367575427	-0.3180425914065491	-0.5786157999108307	0.36363487100795105	-0.08644558705984652	0.04932872344987722	0.8796554978805415	-0.9850146968261068	0.8248697488303854	-0.6672219029168829	-0.08406584559173311	0.39714290349755393	0.23329020922664262	-0.22013150851917745	0.6604897638103232	0.042641822579688494	-0.9554307714723876	0.6803415038267346	0.05882175705431352	-0.11094921311363276	0.4731765257345336	0.6775418517241516	-0.37862214255632387	-0.733879832324142	1.240180347097692	-0.16243831744427198	0.23875910460733593	0.3747770291838316	0.09033916620552665	-0.8735886406375231	0.5371589695567316	0.46508610289859653	-1.3988364024752191	1.2085003588741052	0.678238986258557	-1.6630585381530771	-0.7262996288805383	-0.6540708822040981	-0.1142815347925735	-0.1498765150764197	0.6646771017133583	0.5967521978715471	0.8056927484900451	0.13518614553140934	-0.163330526121966	-0.27957588508996273	-0.1730470238824828	-0.6980710740804491	-1.8216630565650758	0.45872494598603314	-0.06520588579964241	-1.2180217011911099	0.39380231215567557	0.17902372669696426	0.19992256682577156	-0.278936625916303	0.7685300511457901	-0.03882865166451868	-0.7378231392919613	-1.1017270820346559	-0.20821538815153107	0.48399291116204146
DTXSID1046136	0.9417759211746809	2.147869428857354	-3.498614919758693	1.04955420785478	-0.17761552382437967	2.198196227245379	0.28944527153313215	-2.5782943729700314	-2.711127296869533	-1.463489972066521	-3.746509769938565	0.21773508222293148	3.7443529652054752	-1.1560799745942698	-0.1453334255929867	-1.1001320822108573	-1.5750765624163812	-0.06496798127262843	-1.2250463941058782	0.5382669876324822	0.43178075880927036	-0.07476185194776237	1.4660952550499695	-0.7514024049761829	1.833936797712159	-0.43493472070911465	-0.8713647521493098	1.242467946573586	0.14604724706197802	-0.8267856595139675	2.512092280380404	-0.5421335972932403	0.005524028572384175	0.301738381786093	-0.18849028502106302	-1.3720067847203152	-0.34546258077554964	0.6346223651216182	-0.8461331406085714	0.3041803237023051	0.3081271745857288	0.29175861718172896	0.46580572808744347	0.8057917019767794	-0.5930431939950139	-0.1550476103400064	0.11532502423476187	-0.9916206100740858	0.5555528592511002	0.21579202467879496	0.308190721828892	-0.5927570670168124	-0.07024763345868898	-0.061408712011022375	-0.4627928643575281	-0.4820212944557254	0.9501806364195475	-0.31752377481924793	-0.11130609490461064	-0.9164259822798289	0.013384509290822294	0.11480327511316822	0.08820385527389425	-0.5330972353705735	0.03969216278021461	-0.12576238297106682	-0.09760505433745477	-0.26664962341101967	0.13435156960250194	-0.2081814911195724	-0.3818557137842121	0.0012600809113204377	-0.3396644074175975	-0.7049999919472212	0.09839544821565438	-1.247612214392908	-0.13877571269795227	1.2629093944415712	0.03803301174620105	0.07347445171672087	-1.454361315484944	-0.6097060690743651	-0.7217059242588736	-0.32834227089272877	0.45094599765551924	0.4327884170194403	-0.08415976971529482	-0.6519270488159921	0.07687963515951904	0.7278377106200998	0.4792694025732639	-1.1408153447317366	0.6318499986989533	-0.5804298970297905	0.7094355913961197	0.7288626240367815	0.6818921706643333	0.7994233559342164	0.06526943447262504	-0.3353576555476564
DTXSID9022657	9.677584867679233	0.07078849568075066	0.922096598294262	1.7632950017019002	1.1938802293000834	-3.0137125525387556	0.49004627993410144	3.123992903200455	0.03243241606698265	-2.946031679857367	-3.1355467334778218	1.214947616700388	-1.0333395148563935	4.776760686730845	3.7798790502138626	-0.6129675630191674	-2.0465064292734465	0.10832264816507281	2.323002845715299	1.9540962959895078	0.8778436149529354	-0.4079716623191924	-0.8252986027004436	0.6130930519554881	1.0322127897422948	0.04138890003612158	0.5431979151811306	-1.1376012796839299	-0.0399725025014899	0.6599084848896599	0.6339001483663551	-1.0952993406234472	0.43480488771578985	0.7761428100354528	0.9870402542878811	-0.7562542668609413	1.4424866523526831	-1.1233966221743414	0.09428246434274576	-1.5284164369159827	0.02968010554074612	0.7134646502626958	-0.9277570524000986	1.172028973560499	-0.7947642015967633	0.001940729230788816	0.4700629096653274	-1.2667520679771154	-0.31210547547858064	-1.4551714021812059	0.4495054524949931	-0.15051588102033822	-0.94098749331617	0.21845495682297872	1.3455682104781568	-2.567567407731356	-0.7234967405173891	0.9500872864989021	0.8637445960749418	0.48108541876353367	-0.4043752470539694	2.6914863992173417	-1.5604250084585918	-2.3890257954960856	-1.0614110750648431	-0.21812211254746527	-0.34120291930167757	1.2601161728703305	0.7306370334405691	0.30550170710266084	1.0086561797955313	-0.8828331096601996	2.0632690898690624	-2.4768475645120214	1.478543083077589	-0.3152667638558089	-1.3688345176452812	-1.2156828229598742	-1.7297165119362092	1.0622684167621634	2.0673462819421684	-0.5752488914684465	0.2941076644370575	0.39652163425681614	0.3147081261286059	-2.528494277023804	1.1501247775123846	-0.6663389871656484	0.3455143463086874	-0.7074217699425825	1.493271470372428	-0.20023637924142249	0.5986206980295954	-1.0698480014058396	0.22766779790181982	-1.305652423877887	-0.6290855191863154	0.352864719728371	1.3353962248883053	-0.15107982653118768
DTXSID9057719	12.261768219329408	8.796981404982642	-3.71295997668943	1.7759224093004653	0.6976262263942516	-3.985063298834621	-1.5985984790522778	-0.0863716712271306	-2.8360941290332473	-4.666146666562889	0.24477579951823009	-0.2832217880964555	1.7369412236924935	3.8967585996607057	1.2945969314325358	-0.484798042595333	1.0712703440372473	1.4699439099654985	2.74090820987578	-0.2694943741535528	-1.054333408927869	-1.6236589243825383	-2.677287318389108	2.6054757505916957	-0.6937470318415696	0.31769512122117377	0.8548904788280474	-1.2483888458757901	-0.24042427406925793	1.1041231994131553	2.270675508561865	-1.679859261721611	1.6583198799817134	2.674715853093035	-0.270235162298043	-3.141530361604952	7.119283790074614	0.7281904092085105	1.9679668876400163	1.3331033756356692	-0.5884219232976771	0.4440575330580056	-4.119652818121977	-2.856336733360105	-2.3274465956571357	5.1363910275245	3.1040650750335743	3.066425837013231	7.463506415580297	-0.6603011672873912	1.9336702572366138	-5.483559061274615	7.260250469173191	7.1463653858352885	-2.6354300471479206	2.0282582796730515	-6.631353789171573	1.0301903590681591	1.826590202599608	0.3702056064191794	-1.4858038341572974	1.3264596174852512	-1.7309517141985458	0.7229869338257244	-0.0643489185586478	2.45979694506911	1.2457244806047743	2.01842632485374	0.45188080072941494	-3.361762862831318	-1.0996566857693673	-1.327226333070265	-0.5530471080901213	1.9577563091825299	0.021644938830623354	-0.5258414126760215	-1.2978826188195038	-1.9017083703657454	-0.9845965474387447	-1.024161100508579	-1.2617988858206755	0.3458749852450097	0.6089849659557717	0.4367574962576028	0.9804043943531771	-0.16791025758991618	-0.45868758956145533	0.6344239187223935	-1.9272623925727546	-0.7000315728223621	-1.7137043510132095	-0.2782029214789616	0.16055940267686222	-0.5341860266484748	0.14722577280577673	-1.8468414067603198	0.40944238512639625	0.26382540667912996	-0.08490034769091091	-0.4597561941124948
DTXSID3052278	-4.294759634186924	0.19898760020038775	-1.2568177954849988	1.5003532938398887	1.446429160230475	0.4447761550879493	-1.4978945228858056	2.1544068293175203	0.7521941547723977	1.0707347355774244	-0.7459104574127963	-0.6949337754048384	0.14781966281813902	0.3730379661898387	-1.5558154464798228	-1.7323865225372743	0.8111206704886909	-0.4561003772050378	-0.18777611867903296	0.20189746456361535	-0.2280517736463907	-0.3506127515378341	0.4872193624455768	1.3633946786990927	-2.2058553064227593	-0.14602901970251975	-0.6457282438304599	-1.5011490306793882	-0.5760748076788427	-0.5542082545989176	0.41140758990219783	0.04239547949521248	-2.2645877815986863	2.427399758062969	0.26669719735160496	-1.0473720838992522	-2.0128797644980034	-0.5575274754720433	1.5245717948027677	-0.46888745976277824	1.3633260978621888	-0.9525742090286174	-1.968995402854514	0.905340773445533	-1.2633199321951474	-0.1283090770127041	-0.9200066111348238	0.6212224037869366	0.24450090677004413	1.3050442786423209	0.5448363555070219	0.9738925740060089	0.05297818886092466	0.6208377341896788	0.38470441270567923	0.4861256581006177	0.10065605200909823	1.0161987985866838	0.6886951051020039	-0.5934103198034346	0.16039998760484403	1.9390832396584354	1.2715978824616392	0.04784431138203408	-1.3664215213249422	0.46266717125341256	-1.2205004454740582	-0.618658545532471	-0.6342864111867427	0.013932642960430706	-0.7244725874075694	1.659262359199672	-0.8196474372571337	0.17526769422067645	0.3366266305959656	0.48958758122536067	1.3660828220452155	0.13271006677108022	-0.14367289109229614	0.5531926948230859	-0.24998041104244303	0.006517167308789831	-0.9069684923794172	-0.6897931361264097	0.6461544739844791	0.0007147100205961975	1.0180126868490256	0.33503520048593394	-0.33282900640696783	0.03508427455842334	-0.029253002803847416	-0.47879859767486116	-0.4900121760220455	0.15191838923244377	-0.0027773654658582465	-0.1807449261094175	-0.07606212447407738	-0.010781676970875294	-0.0500961170527878	-0.08479988746356842
DTXSID1020562	-4.191122764970412	-2.798280808052434	-1.7245962583511065	-4.582265036505294	0.5994549617236457	4.818047092892457	0.2415685244290008	-1.163944793893306	2.903776233270371	-0.6858624664665697	0.6109952410794819	0.2048020170537511	0.801793884018725	1.1820636051141071	-0.15350273867977257	0.5424369337250042	-0.31893007535836576	-0.028977488760635262	1.01668003843534	-0.675015595564423	-0.34701110870294744	0.39934970645425427	0.34090243649389396	0.013072386434125777	0.1959137838334048	0.20936538972454768	0.4572513609604256	0.5279391282937012	0.37230391081580083	-0.30137634295868815	0.5113988953392005	0.14116284784144156	0.11172062086658101	-0.11313663984331787	0.559104404086414	-0.5118279724451417	-0.08440722570313283	-0.08549551343217726	-0.22139158990912897	-0.18438814284226807	-0.011784050154809936	0.285900489534969	-0.20426183283445384	-0.0805376731382071	-0.16708717303268408	0.22862899111508672	0.08791625494752542	-0.2843565839094174	-0.014623614955007257	-0.1730435469632039	0.05834227496626265	-0.23891281979225512	-0.05555984906200442	-0.06178856417263863	0.13647413900028144	-0.15647587070121824	0.03001729032876342	0.3685748422481646	-0.4387247103052732	0.1175372601417442	-0.2076427679769434	0.007829176366414543	-0.1374491158180567	-0.6227375148407267	-0.1510939770442953	0.05212838236235984	0.04904485115137726	-0.07483042121983222	-0.1815117206167139	-0.049563941742316736	0.008509407110659808	0.10568456614848595	0.44273682055028696	-0.5165523876810458	-0.6434581119332896	-0.13857995950476495	-0.592153775912168	0.20026035839424344	-0.548926990457949	0.8454865252206855	-0.24456347788017765	-0.7060256664466515	-0.09169009869275282	-0.6112323047806499	-0.00023855316748028804	0.07204404391080968	-0.14919567153605898	0.0764438768328696	0.009303461655253104	0.028694885376199207	-0.0603156116602865	-0.4436015836372362	-0.6721048358295246	-0.11943036570746052	-0.5137663386801614	0.02767651985684251	0.6020209792023336	0.7000302096927075	-0.5602405502204937	-0.7880946151084597
DTXSID3038725	-0.10367976255359931	0.015259136449198121	5.958594859665026	-6.259303826001289	-2.0176542315957624	-2.5886019808170295	0.9792449131595621	0.11898761423613316	1.0717088244400395	1.0284292294293564	0.844136452792349	0.8080802247585103	2.2768071971392216	-2.954493978811638	-3.1759239949613294	-0.9223981095757984	-0.5457118318934993	-1.360711626775941	-0.0520936996090605	1.0405915837121098	-0.30184471628817305	0.8605153107764681	-0.21454006223192734	-0.10972706301385864	-1.0511875165051237	0.37931182994679297	1.3227522121309614	0.5394503302625763	0.4186235229314003	1.0885302659944298	1.214342928850679	-1.150940257983943	-0.07624649709654409	-0.4652100524674148	0.37030901805296346	0.3289839282845421	-0.8058147694905802	0.018021244884949376	0.2638436668631052	0.6497072165300909	0.12253546799091655	0.31544235886000493	-0.228549382739389	0.07191077007586763	0.09124064298493113	-0.07224887882251523	0.4907429948361188	-0.2955257212716442	0.08132372356420939	-0.4489629375425571	0.16188630876134025	-0.06336774830253458	-0.08680791515935207	0.30446859844908153	-0.028367973151188674	0.07225863984481797	-0.07235873637189566	0.21487406608321438	0.045297266452447985	-0.40494125069855613	0.23994601280397604	-0.4897641365736753	-0.5764863267941213	-0.19568690489865462	0.4261403679831141	0.8148840935433569	-0.4656946441556901	0.6849760811048579	-0.27133827056909987	0.21997201801889846	0.3935424440158125	0.26365829518468953	0.20620745377298522	-0.11356914333812422	0.11501791884740577	0.034172437672477726	-0.09269362069159934	0.15596962420155563	-0.04752610358984922	0.08287286557657957	0.5031279432044299	-0.23673484628079575	-0.1552345380803928	-0.48064533690821754	0.24238986602438195	0.23016106513217113	-0.36080046468425797	-0.8304688997118155	0.1044692161732805	0.02070081378410112	-0.04906052456874597	0.009717573509615343	0.2037234936224619	-0.02580383814374555	0.4081099885983942	0.1992906767551351	0.2017987216445428	0.6910494053467519	0.3090858877940726	-0.34378017809780625
DTXSID3048940	-3.9603393826081152	-4.710235551995175	-1.9665208196741966	-1.467954735825164	1.3424098150239738	-0.8337353553601509	-2.551874230712928	-0.8945639015987884	-2.785461341353585	0.1304796158564627	1.334619857636235	-2.3387493488136535	-0.6041119368460676	-1.2259509902133656	2.361640068030557	0.0192730999080914	-0.1415848722261018	-0.4234145295831085	0.5636331440528646	-0.46462606202977996	-0.5368486090555135	-0.42100232581920943	1.1441754919574083	0.0934791559622444	-0.7238224036801719	0.02133703501772675	0.7629322583412007	-0.47455516989959373	0.19542854297353965	0.5060471341910445	0.6345490771547709	-0.42339556000018663	0.5570210366902945	-0.6458276333250642	0.6200146470415725	-0.09941691069938213	0.24002096652840255	0.21929358489239364	0.6222303726102859	0.5520804448925345	-0.31032857755504645	0.16225927862097614	-0.6213516661410577	0.651744467209207	-0.19894934092911995	0.4066267208771953	0.4305007883359243	-0.254424284427035	0.23765153685403853	0.46867747945008464	0.20928207865402593	0.0881851802703216	0.38719132435408404	0.11479367183831922	0.34680049102292987	-0.2410676513934211	0.4057046058424007	-0.6207598213407559	-0.48330129430642116	0.7458416386647841	-0.34981647074141187	-0.5803303574354794	0.02562811825826137	0.22509408575322346	-0.016213541150071342	-0.5653645314495869	-0.359741873260664	0.06728468181610084	-0.2863680558826294	0.39242656730072917	0.31568388922625207	-0.27653653324425637	-0.25235858365415803	-0.4210949908136136	0.16787678191720434	0.4599065492630981	0.3516594609991296	0.2992621827049853	0.0990016029140792	-0.19445562537476035	0.494874267834439	0.1750286598562068	-0.17351109827433	-0.3556280815845291	-0.27196951348711884	0.019986006632136958	0.682606482114722	-0.648185892680943	-0.7968191544664268	0.02892786278518914	-0.33235725747712763	0.7374328131912276	0.16388144782286362	-0.27266054731164857	-0.14919903615113841	-0.11732791468905368	0.16549066197559265	-0.5195205889429328	-0.15537629843552575	0.8227783270939495
DTXSID9023914	-0.16554700247178852	-1.685340292617276	-1.097245211703928	-2.478779317230696	1.9917257171242766	-1.604152549627104	0.15477245868519862	2.045327537472924	-0.8461413894135857	-0.8217134851854502	-2.0355039070399945	1.101788706191107	-1.930466713146524	-0.08426335486189693	0.6253399253603453	1.8355462278430748	0.9563847575516158	9.232842446271125	0.5679655013908038	4.973991187155365	-2.509473043734988	3.0454681013029616	3.0318684492680785	-0.5985223754721499	-1.1365717920888982	-0.5507728758698858	-1.087264419571493	1.7211648542370552	-1.4493512387807643	-0.5057265918693493	-0.2875593453966579	1.1265880929799887	1.7392194997497963	-0.2156096176503328	-1.0091500888622535	-2.352846460648935	-2.3320816251226386	-0.945251989908928	0.3287230288137907	2.2948464624489104	0.9312375986068488	1.3474459575704565	-0.04686976697422272	0.4549860200148902	0.06358788545388763	0.48347497577040327	-0.029683207395617375	0.4394130522786901	0.3216174991352294	-0.16864362448302422	0.11523543738389716	-0.2571897701329026	0.1651291170308279	0.8413094020444136	0.621193444617019	-0.3355676129715141	0.5861234141631462	1.5688475601736498	-1.0115194040941031	-1.1521230552829804	1.027539949168945	-0.8267789505693457	-1.8340639151614315	0.49963514805061615	0.6585676501790739	0.09004642890094015	-0.101682132140426	-0.8382731119233781	-0.2129599742405352	-0.4131198407681678	0.7304859795772675	1.5472864127693582	-1.3467666891945476	0.19009769741379562	0.6359625160967388	-0.9714199724114769	-0.5283662947186517	-0.672424178547957	0.04380180214568262	0.14075425883179046	1.373772089849801	0.15209882526824695	1.3856361271196211	-0.6022817636426747	-0.6054203917252362	0.09670918410724853	-0.1627493623655189	-1.242254055880278	-0.430410777580634	-0.07771031797316731	1.1956576432933528	-0.2795522103270479	-0.6479534495477889	0.20687303953707156	-0.2344721377216207	-0.18905244321052522	-0.11392515453634347	0.1925405803390931	-0.5015848276262563	-0.1764003800951559
DTXSID8044969	4.977011146206856	-2.23354817179403	-6.109014001566238	-10.790359742159502	3.4718589699414704	8.788153319019619	-0.351004140234604	-4.0008826795501005	6.759409906924636	-2.3255478694491187	2.0795111717325234	-0.22755085557779622	1.0951989547459442	7.604596328769023	-0.11626696586949775	1.734929245932912	-1.45086836044969	-0.7354087270930746	3.3738339868994043	-1.66700106254168	-1.7306630050889333	0.8318705128904779	0.9513155488199537	-0.09457682907888924	0.2675550038928557	-0.576409267002995	-0.5595003855093352	-0.1526591152309769	0.21160910707553493	-0.0709278878573042	-0.36675956328304093	-0.653071713000085	0.37395703635754723	0.8455522836123137	-0.1805905935830634	0.06477634204978698	0.28394961068303576	-0.3605235021545505	0.03270145420746867	-0.11241701381108826	-0.05925379958033055	0.6353241577832031	-0.5045620253093642	0.26763920438467304	-1.1126161239338115	0.17654913785055823	-0.4971393642354004	-0.33028362323621185	-0.45977403446994364	-0.16356586101960693	0.14846921463095164	-0.00020562022417886075	-0.5678708176945966	0.14260954914234825	0.6970208549580726	-0.33650529350987196	0.31605821018751623	0.8485491474327326	-0.5027286375597415	-0.25268154837783413	0.3478721499121885	1.1610210522851112	-0.3517521531549677	-1.735610105634614	-0.16059816026167376	-0.6147835021813434	0.43364723954055834	-0.47949661004435506	1.157328033776707	-0.4838484974195647	-1.2419087925925516	-0.21098767202382407	0.4504210127536724	0.19386847976874805	-1.121113003875761	-0.6287019435897013	-0.46116655112848315	-0.7460981998714484	-0.16365365661483447	0.3969768861186689	0.4929649749932101	0.04726427301022399	0.4399475009425318	-0.06007369671576963	-0.24448311238447865	0.3545059532148937	-0.6680905469584097	0.13541757594780993	-0.02179710959092449	0.4523526883165321	0.8203845569432494	-0.6537427167489501	-0.4801473973874435	0.04601068743238301	-0.35226528893750825	-1.38725553428464	0.16584624733546877	0.17063105920765112	-0.7308747341204553	-0.9392075069809368
DTXSID8022610	5.851429168242091	3.748269167173904	1.0657601475922425	1.4064068237237641	-1.3450215248369497	-3.072058874458697	0.5407113238659557	0.7866826945863719	2.949036176168621	1.4950829481121712	0.5132342285768675	-0.23391211447831567	-2.1904670458333655	2.287318457605471	3.117505474226398	-1.7374763394506063	-2.200589042909091	-0.9480019601687595	0.4338422567979048	3.4722516525976315	2.9300097683008626	-0.5608979697983978	2.9475802031040583	0.48673135717138594	-0.3985947811917464	0.5062956150659003	-2.9667578037793683	-1.4841275429680165	-1.785093261168375	-0.4411724034278013	-1.2902557969276218	-0.11681313697541636	-1.5301501608671855	-0.6351686408577086	0.4969450883544947	-0.15508508715431205	2.327178156503605	0.06272160154239467	-0.3848057251775923	-1.1385534036075793	0.18678856791769854	0.19240632741184246	0.11740041620276542	0.6451196049811542	0.3180684808846332	-0.7377374661552608	0.5520501641269603	-0.3583366214366109	-0.3626101746086444	0.11055440914264393	0.009297851674291886	0.6834235415406755	0.14129656190331644	-0.6791665087516887	0.2616591795325673	-1.887307359619135	-0.30436297799622963	-0.5099785328755064	0.16832207875904326	0.8155436781572495	0.38566561674252364	2.1466828599140686	-1.5527753154055688	0.7975618502305082	-0.2589400810500098	-0.6975368880207711	1.931414213771441	0.2735138206994203	0.6092078400367088	-1.5214044957044084	1.3826820068830101	-0.21969951047299624	0.3205671085853186	-1.635249849339522	-1.7278084067237898	-0.11841034800164645	-0.42577901704217436	-0.7625652685424038	0.27935387829201697	1.043387180628479	0.3009102096918418	-0.016019586228437962	-0.6011517674164175	1.2874407344488734	0.5314707201248786	1.0660682615608224	-0.5228129081581344	0.6334431990724088	0.19039929419264354	-0.5350127718342916	-1.5531496404110088	-0.32661738491769116	0.9160708304088937	-0.5704009934470038	-0.45378432849684025	0.22815540746573773	0.5840395973888959	-0.15980631071907483	-0.7703256656267027	0.4508130376455174
DTXSID9025035	-0.2250885419426985	2.382081101410498	0.5705556305035119	1.3715057392986636	-0.4584165523065436	-0.6908774430984351	1.5977816097320388	-0.9891545199552069	0.5050798023650368	0.07966313042120599	0.38550207719532154	-0.15127926195298919	-0.9270541358472204	0.6696569693535949	1.7339261533689698	-0.04423888017852389	-0.7155193106733007	0.6551424862337657	-0.5987274833887017	-0.8906755701713055	-0.6163160122077942	-0.6328829607594446	0.6959223452268181	-0.6720862567225884	1.2849790128173726	-0.38491585265219874	-0.4914265199813573	-0.022739475503429467	-0.007776619466144274	-0.1998150806136267	0.12319360512648556	0.12168457955305173	0.4171146803843852	-0.3448977906501942	-0.11317154418852991	0.36222431038826036	0.23139794746810544	0.6718816846977196	0.6024787077595761	0.17764592033745566	-0.04034913052149413	-0.3017961592745352	0.0385558314462706	0.24182558242136912	0.08382506552227438	0.5127297858275442	0.277811004364161	0.7035591585569019	0.3106913124683313	0.12333390401555064	0.2579984224253638	0.221809411966867	0.40975058441570633	0.035380109575214695	0.4228371595381295	-0.8246144611189431	0.20916344347117174	-0.4243880999749116	0.6604838339299596	0.08157415037116045	0.30599705889001244	-0.02716738340516024	-0.5509815285546297	-0.2420542987252009	-0.17975775320664505	-0.647035646473348	0.684189977144025	0.2907629870252651	-0.18538532058909793	1.1714963979523114	0.16327182579178698	0.0243762463456942	-0.1636547377703748	0.09179506306894114	0.2815541275199994	0.6751040741229796	0.06915016399309293	-0.35522936495569346	0.7439429432507075	0.10700658843390776	-0.6253644583929364	0.30770993894416854	0.671977200053062	-1.423799536937533	-0.2419747405578416	-0.42509854226938193	0.5588313402031768	-0.48782692000666367	-0.5270937711243525	0.15547059994840848	0.4144661616838455	0.11072201812702014	-0.3751240831586799	1.2279409506107422	-0.30690070170408074	0.047456650031783496	-0.4966757776279472	-0.3205714513922239	0.5570584039958173	0.06109262586801114
DTXSID6020068	0.4591799743199988	2.981681682330808	-0.1362840487778931	3.241517708191378	2.2011175005368764	0.47725504652692496	-2.7565812319334797	0.20641993284340168	-0.14891892866733875	1.5311452324935049	1.12025192333584	-0.849494159036948	-1.8052484962819635	2.436698489731571	-2.9215294232397873	0.30531841446864494	-1.956991552506313	-0.37677963582412094	-0.9968231354971813	2.309312805331291	0.6808977151567617	0.49784042286095886	-0.27042975415970544	-0.5992613891255654	0.40698328716631593	0.28822565101350595	0.5623060212120163	-1.0332033941626177	-0.1681384546488716	0.5393657276062701	1.5374021179471293	0.4063705685928304	0.1286651399368991	-0.19811975785181585	-0.40157752369532745	0.3223935030496066	0.16021743131352084	0.5135608882420184	-0.10120065626257002	0.4915933079044383	0.16983424068661024	-0.40422590275592823	-0.14116577059442836	-0.2149500872302816	-0.18822383619131478	0.7203113233416799	0.6140473491152901	0.9599034726074019	-0.2319014364869312	0.13940012398757684	-0.4092452644155187	0.47305404084761754	-0.6154356101416805	0.021763546891058673	0.21384922063155834	0.0822133816538095	-0.5294202015875961	0.12352299032014144	-1.5556642294740597	-0.9383099532521249	-0.07230317912542703	-0.5112967195477589	0.6933431580502278	0.35701840520527683	0.12726641753692877	-1.0260561796220007	-0.23878689525021313	0.2343104482054732	-0.9238633443074233	-0.020657014835325806	-0.32068821175290146	-0.42036857963043184	-0.004406641182666134	-0.6591871067966245	0.7970968742131368	0.13576328839953183	0.17122837977231314	-0.0550007228399883	0.1533082637665873	0.611659428076863	1.4452757091762714	-0.716485094780352	0.13858357752443787	-1.0981201785910728	-0.07299657226578096	0.24077553394135964	1.0145333318161196	1.0567255088548577	0.24360078719383324	-0.2029667944756561	0.5696827683813085	0.2244514995891529	0.202312824969025	-0.44261822213868696	0.3807897740505194	-0.07634294675936866	-0.09580612140642206	0.12107484919853465	1.1164836217625889	0.1473318210654695
DTXSID4027072	-5.233760692886656	-0.022639136531340587	-1.3082541892052217	-0.5633733724192425	-1.0805008618128897	0.5094075144340209	-2.550826171113293	-1.7212473406986668	-0.34600511324690975	-0.37655491122431506	-0.9947251944249771	-1.6112354585835118	-1.9222785890422962	-1.9161070425225672	0.3925072415674875	1.0712755899114643	-0.2641637316382521	-0.6797070905897891	1.2412656964467053	0.631769430470332	-0.5947881630478565	-0.07987626005631933	-0.06597934902785979	0.4228624593749289	-1.1258585960049443	-0.4379370571411534	1.4763316641306672	0.021720891354380014	0.707429985349496	0.798017016432898	0.38155267803546516	-1.808631238993777	0.2895836963549325	-0.43018958792736395	0.8793272558038526	0.5789308510108465	-0.1607674607541879	-0.4555686338394106	-0.04664330540598105	0.1328800916917651	-0.025781728183475846	-0.07633061110656729	0.02299826628337818	0.2506563075862214	0.1756363116583864	-0.0025747913806024084	0.09330342994558977	-0.349195633785523	-0.06283794420290281	0.3214356122547344	0.09384523538053968	-0.22525160789817636	0.4068772312947819	0.25827822112065035	-0.3752623064556642	0.7228194983729654	-0.009736427849304166	0.09330194697339304	0.07698123096731631	0.7388108687774635	-0.9638428907244707	-0.3432088093868067	0.8062942478608499	0.1226504194707389	0.05377430175536552	0.12566791641752403	-0.7005283420691304	-0.02731219498035932	-0.540110667441599	-0.13982773856635855	0.39140122004276073	-0.16759256341001189	-0.012170216155512045	-0.91280598117715	0.12592089721944963	-0.0986464354243521	0.38585833909815004	0.06626236457228296	0.5883486404477642	-0.21969371105281438	0.630615953995125	0.2128653435073535	-0.1136042084408485	0.1202082023666884	-0.13203155103478634	-0.2277428775944628	0.0739424613527735	0.011945683077509707	-0.008701855704536621	-0.3232981156982434	-0.49787963111675587	0.5270111671324356	-0.017369485452218014	-0.4893610677058544	-0.6389432652528573	-0.62324145847038	-0.23713116936988268	-0.3829376327380635	-0.22797082810528366	-0.09916752419131195
DTXSID6048963	17.860851891314475	-14.291062845458768	-11.597305635700971	2.378569507203921	-7.158174548062228	-3.107752379747971	-5.163981817966278	-1.4918921222543242	1.0396136170503463	-0.35678207958326824	1.9177624139132925	1.1629366332426005	2.112058920309026	-0.06194338655102681	-4.408007171301947	3.065101590975675	0.2500325257019024	2.1270037100591224	-4.458069686302699	-3.7591314314352102	-0.8065025756523682	-2.748390069971478	1.158847339808162	-0.27923520544162506	-4.514191752961213	-0.2823299379769782	-0.964906987031904	0.7005659496656393	-0.29352906656873895	-0.9903159972762077	-1.0863068650059269	-0.11978423134708606	0.0019276062881081238	0.09233477388689548	0.38651018214005306	-0.6834461494666872	2.6757965538257333	0.46980978049428007	0.8802682154348539	-1.8779574370669998	-1.305146348199717	1.007660636734384	1.3628750530949296	2.013369272196249	2.4306054054302906	0.5123462032498475	-2.125807351902847	1.6644151425099722	1.156993617803306	-1.005745876974073	-0.21735814639026035	2.13530164490331	-1.6161289440110898	-0.18221596952701952	-0.6569765658430742	-0.8268329113745138	-0.7111939991386655	0.6947765652800044	-0.49322765633512183	0.7390618000915719	-1.174560507303519	-0.4870773420780558	0.05063213457791879	-0.7665781920737942	0.5976058536761926	0.8466799573347359	0.36979476287378826	3.5259679457689135	-0.21995307342928397	-1.4674887419731333	-1.2839850124277699	0.44716885243018406	-0.02211435857913158	-0.30033563109038414	-1.2207257281674404	-0.6748013801686397	-0.693427493935048	0.561843654925165	0.6176452762578727	0.2049200940054015	0.07694195508429652	0.19745704802509081	0.605503844414694	-0.1729412383879134	-0.08476082201637221	0.11932982783719444	0.38894360323526384	-0.21591714018844077	-0.09281300966293428	0.67486739993347	0.5603664216209354	0.2337471394450194	-0.7771380466308311	0.7184917824724334	-0.6984453590507319	0.6941026811011463	1.3283229310299636	0.7752138005475065	0.02102223301367126	0.3933199568975921
DTXSID8020965	-2.9004466307344905	0.8407587352210698	-3.795436702751177	3.3950741278543153	2.984174631597497	-0.42707352516207325	4.775867633648946	-2.8810913693086952	-1.4806066541247753	-1.928562031044104	1.43689841869437	5.714643889010015	-0.1944991445096734	-3.0841756184208093	-1.147012313570572	0.12926706829251258	-2.362089659068054	0.5695940158361651	3.144750907616817	-1.9731308559076823	1.9883170234719623	0.9467337328573416	-0.6976469244470608	0.9212102464928761	-1.5328460127688466	1.0937139989691071	0.1911438466310881	-0.6086179874942519	-0.8266251816234673	0.3852293897088997	-1.2461144244533056	1.0734940653035128	-0.09063722621724825	0.29229400572318315	-0.9049377612833361	-0.05965883428125575	-0.27371075194776784	0.4816237050408304	0.5497686448283069	-0.29663669255362934	-0.12073633331424513	-0.6296556253021708	0.26177273658572403	0.22334917248093747	-0.45646533570037007	-0.4065421621196279	0.66692462903974	0.6375378359652313	-0.12693875201288385	0.39707474420309896	-0.45829342066887335	0.25680571169448696	-0.83077091271414	-0.06294152149490566	0.2778720790292757	-0.3485543089632682	-0.1933639173912051	0.18921978965733574	-0.4689334367646786	0.08720812069444361	0.3438275322762593	-0.009167989302255626	-0.032915393962482525	0.323006492479046	-0.1047720807407864	-0.2382158414348062	0.5800421233747619	-1.0716715913264747	-0.5631382976532843	0.3757396753165608	-0.3430803265517679	-0.937133858086281	-0.2795052253798003	-0.5911999103729539	0.4888246063654509	0.5491380751002151	-0.12960180133014276	-0.5250297338113832	-0.7977934252740987	-1.3535971827708557	-0.3121642721977303	-0.6199576183758807	0.23001543517445266	1.6593884202071327	-0.5352651493787569	1.3029748424280696	1.1349767128896615	-1.097673293197779	0.37375842981131535	0.3326782687006771	0.08945486734128479	0.11293784956506105	0.18267236753475505	0.5483000670708569	0.1254930356076768	-0.05105656742867619	-0.16660334899744342	-0.30435458771581025	0.44391185203789246	0.02154351179011984
DTXSID8034580	2.2100829750093154	0.19356107477738832	-0.3434547259234185	-0.08101620336573002	-1.3604015921554997	0.24049634963739694	-0.3829557674645465	-0.8319676864152269	-0.29789247632395677	-1.5818706343767956	-2.474544617749272	-0.18351159525137273	-0.6062961609502915	2.172314854990857	1.5799214924560345	-0.5858371739415781	1.6994978298004157	1.1149191751187286	1.0238518254347302	-0.6834684632711858	0.3746931437690114	-0.6962644149543026	-0.21116490260831033	0.6364695002962316	0.8073708454811963	0.5497021576967938	0.9558851616566982	-1.3241690226300518	-0.05314013993487188	0.24966986924329165	0.6694624373877819	-1.0140111450929266	0.054953406438659765	0.28429487397123837	0.33316104061621676	-0.573692486320734	1.1860448718078753	-0.08246826616772562	-0.028146071463629192	-0.22871772688284972	0.8968936426057523	0.6423424979064357	-0.12650817922107596	-0.18073596104026388	-0.29045628140494095	0.06158648236559016	-0.22592649724992325	-0.1643776108286541	-0.1964183510644181	-0.0075685457532131606	0.14753468768542116	-0.21842646229526697	0.26285444354589976	0.012782995437350793	-0.2810255126067268	-0.02604716317934426	0.5876052354129419	-0.07504522752776084	0.45962987858994137	0.6782375107955787	-0.3176329960771512	0.8117347067082079	-0.11787299949349392	-0.6566238542809156	-0.22770319277589052	0.16590742983592954	-0.7651979135289796	-0.2719921527429225	-1.368882728298542	0.48087259888478495	0.7760828516164845	-0.49381257654109395	-0.40223413468730523	0.26074643401230146	0.6222190180147726	0.38956768130695835	-0.960860118575446	0.7428046239314863	0.4112229798340934	-0.7615318863393371	-0.33163620197807314	-0.24803115280265176	0.6287246185913279	0.5009739202916024	0.18999368162663505	0.4326396012880298	0.1738505451057891	0.4369134240917206	0.7004300224408833	-0.5195362505695519	0.6563368580229635	-1.86868988938893	-0.3403409945518047	-0.06094763949016001	-0.6193384921939381	0.026410140243856836	-0.514444982566536	0.3614472065020802	0.6103732057878088	0.32269937200640253
DTXSID9049031	8.944268842932221	3.0276929497642247	7.57900915333762	-0.823215368029099	-3.2826760852247547	-2.1312615708095994	-0.08714128223393067	-4.033598984130086	-0.5664520972982202	1.0561016174232218	-4.719541685635954	0.6724303481541491	6.109933769287767	-1.0563662613108449	1.0342381421622848	-1.6950386449778145	-0.12515229142249792	0.0786460364615507	0.7996315207369665	-0.7602865555605788	-0.7024187742137559	0.3977994314401019	1.0099279452888115	-0.5495608235416802	1.3415545103445203	-0.4717027990507825	-0.6114280999976099	-1.3400817258882123	-0.2318060733967201	0.191014671693437	-1.2952453936303259	-0.42802376011952	0.8692814798681636	0.9808515242229736	0.4098364553360514	0.26207613329810775	0.19802581999503868	-0.0306438141249066	-0.30408564530715165	-0.36933501027783144	0.24824480364682347	-0.28448358710918253	0.02456258726645797	-1.3093744565742904	-0.025938691281219298	-0.17864700304573908	-0.9490987330819158	0.3922886719388739	-0.043054824526245136	-0.02486033334781405	-0.02917864878143923	-0.3659680786320233	0.35351631912344433	-0.002246426852036975	0.2166061339464643	0.7017599585529225	0.7407883239290235	-0.005714621114775618	0.9138626722268911	0.39447758953282763	-0.06866894946473953	0.5359602911370335	-0.3955726643187602	-1.1983919348055214	0.32590320101680303	0.1230725919438627	0.07018772277881606	0.7426253371596192	-0.29712823806698785	0.34249828769581125	0.7792239789023849	-0.4624946325571847	-0.11132900650758681	0.36511933407254127	-0.43143922111501465	-0.2527687523201617	0.2817333566926166	-0.26675240379278164	0.26331241657150706	-0.5964743352472585	-0.8167310906462028	-0.7016490387444683	-0.3126199985330339	-0.37800360217122075	0.256743224434609	0.030400411359666576	-0.7066925241402463	-0.24514645268537905	-0.40960648407255923	-0.13994854238361107	-1.3270041526268819	-0.1807935054185434	-0.026045209449119432	0.636000715964487	-0.9393809724421538	-0.6126666793249129	-0.12188106811434567	-0.719205084487294	0.8488132496500752	-0.3824819474841039
DTXSID2034700	-1.1241569561549862	-0.502966789338384	-1.964409925121085	-0.6436997747455653	0.6848015486930262	0.498850442448688	-2.673987585725009	-0.12066396894768831	-3.359855868883004	-1.1654364675569435	0.5807436945645228	-1.827547540483716	-0.1875383485473535	-0.17660967681996997	2.4065830657051173	-0.8842434948294352	1.1094731284573351	-0.33030344839592135	1.2578370980009856	-0.49241696397137125	-0.36978836575118496	-1.0400262647948273	1.1418879219815277	1.0211997314125436	-0.8587013306624303	-0.7425839884456393	0.9505233453664428	-1.6240355374131492	0.04426924252781307	0.9747235820640217	0.435971165575212	-0.4253227932838415	1.3868752049933668	0.01371543555247944	0.9617290242671719	0.1704349894607161	0.5492918722560433	0.007402423002288567	0.5814781078614182	0.32928842686324267	-0.5352608026438924	-0.024998048139639455	-0.6678381539173717	0.12026037617176596	-0.4867394167538683	0.45673221742371833	0.33884570424021393	-0.038432833195998516	-0.044525819806862446	0.5002498537017406	-0.01687356847811128	0.02176552745129312	0.29670630227710104	-0.17883668452379387	0.4007316918589341	0.4157387608633511	0.26963836194091756	-0.8197069703636991	-0.6566137874198865	0.6118035770686187	-0.2731455666663715	-0.38808772171782996	0.2778790916171632	-0.16795319373679188	0.08675604894361912	-0.8205504322167619	-0.7681284362264409	0.6169852833720215	-0.968796677668099	-0.0007040591149382022	0.9159397743277296	-0.17507042827626323	-1.0605398513168585	-0.053911337285417214	0.08600760434449356	0.20093227325533597	0.31857899930696	0.08705584996196304	0.18319438873663516	-0.35835749355818325	0.1441236762694185	0.9800865714174116	-0.5128851347849321	-0.17156506731395818	0.11176013081025885	-0.030769797233562605	0.6416029590671727	-0.11053267291422561	-0.10583598006384647	-0.2339159434615406	-0.5134210396086214	0.10832716624976023	-0.2656481061197414	0.1040366548814313	-0.37873615840243496	-0.10949080114946527	0.633153326360256	-0.15206345286992912	0.45596570984541507	0.2592979429600335
DTXSID9048514	5.039291639906654	4.345120004745349	-2.274314511656826	-1.5085091625578202	0.7541053014493616	0.33845822569661715	-1.3400705212122792	0.20898783105890767	-0.9120672703068613	-1.4169064313795081	-2.421903624271597	-1.0081562966690327	-1.961733956127979	0.028289853520920814	0.6334776379205161	-0.9373839909976193	1.8452964667225005	-0.09696469416714755	0.0255964644573758	-0.7810861037530262	0.9636639061237702	-1.932816995159914	-0.7442122843516341	1.8617987291123177	-0.943073123359386	-0.619302149421812	1.225508518933126	-0.2921256245592424	-0.030066062932585888	0.6681243527581656	0.2125048250731159	-0.5079934018865597	1.2655354216098023	0.011486378815124558	0.39715229059043183	0.13858556036546035	-0.008396616632564077	-0.38448169281265815	0.7687674494939783	0.2139889711734538	0.03111619695552833	0.3540257967709866	-0.34680007166414456	0.3438641381502291	-1.1933640275799646	0.3899829788869343	-0.7538646291612829	0.019255954948859365	0.062273252373529354	-0.3435590607429603	0.14526558366762046	-0.13441072068622145	-0.3639570966101387	0.389073687750272	0.5079985536671869	-0.7480816090492918	0.30242418662487913	-0.3179721318754171	0.2869716922470561	-1.3448139583183796	-0.3568503529017409	-0.054103467159766286	-0.08735597547299785	-0.8975135796253697	-0.3309834973964543	-1.2485414185546415	0.11103862365436389	1.1287685478263885	0.04939372122253599	-0.05684652332403314	0.6149532625088386	-0.620159388844722	-0.5418528824192258	-0.5581155828169537	1.2630269956469276	-0.888467751563099	0.9004702529902465	-0.47979092216536695	0.6122753271591979	-0.24940128015085214	-0.2715804589855567	1.1738182036681113	-0.8562086771406618	-0.43653342029642134	-0.6608969863470467	0.22341167691961591	0.5731131243733186	-0.4113113315701108	-0.8223178002333974	-0.8114057315002391	0.34409658171774526	1.0384835400933987	0.42714379807085273	0.8749713554585831	-0.011810928322032234	-0.9415707015775654	1.1055648651944792	-0.47628228978871395	0.45279951238141847	0.5076028886476373
DTXSID1025148	-4.65189981558414	0.7583678115585076	0.26186550773258316	1.3947903249057008	-2.2016877697703334	0.6443993483140599	-2.686959223785817	-3.2735132777205744	-0.5154993791929522	-0.3913855831098414	-3.7359110676887046	-0.5079627611896835	4.038091343297773	-0.2586527458936372	0.649252475497148	-0.25803797380462606	-1.1752751322840373	0.2563850205125079	-0.5038336363985428	0.28275450813133457	-0.21412126421679858	0.45621814819287343	-0.2174031726524389	-0.6793272670919621	1.6981582376285598	-0.24068697647431864	-0.690436151791333	-0.7220761812851568	-0.2947182026853789	-0.170232648702641	-1.1483563199028062	0.5054941573780295	0.2206955190067887	0.5933640019324481	0.9137827842416721	0.6552823488407518	-0.8247424231058268	0.3213597291129184	-0.17758598276119877	0.222739107621562	-0.3473188916661536	-0.391124571479471	0.10511023507892742	-0.04018493438925038	-0.015869081215601124	0.14893141147146075	0.2732008479840282	-0.2187180943798128	-0.18589901530502229	0.14459095977309888	-0.07062747716611616	-0.46395276605533037	0.3988412885796154	-0.32535722491039315	0.10605116003652842	0.2824920980965014	-0.6337633477935217	-0.19677272567947468	0.10690321209681425	-0.4640609160695144	0.29142887278561364	0.25079678109183196	0.16225036676614585	0.731955415044455	0.18552848104423472	-0.5925627626868769	0.20650960030712065	0.6653628492367335	-0.1883558849472909	-0.32078650198017855	0.2592635924301904	-0.06716135216947247	-0.3757333006769496	0.5902376302804403	0.48751225475212456	-0.23326362193116407	0.12953050332989918	-0.8532400078010539	-0.21606343244120407	0.2366266244606661	0.131476698858323	0.552489748333561	-0.4603146015405598	-0.4102168809701588	0.2876310321293049	-0.11738304294354299	0.08659361582110285	-0.02157828112225297	0.4683373083676775	0.26264624681342874	-0.3204178969421646	0.04124795477425678	-0.5017999432012283	-0.17537370992182238	-0.01908848457438602	-0.2652852941630988	0.20575145604964837	-0.07010737225280254	0.21937739059786296	0.02535568168654844
DTXSID90977813	9.603714456254455	5.4710050845986915	-3.072503841226195	-0.7134513513427244	2.825165775418972	0.041119438517999124	0.8079532542900361	-0.23074119364853127	-0.6471275908849513	-1.8891240889400285	1.9342339466164804	-0.7394884246548726	2.9146871839161657	1.454230557827051	0.8552032830913929	-1.2131244691642404	1.194385392527936	0.39434102322222725	1.0119211255410492	-0.41742335994940877	-1.1113347606651558	-1.1026937887892028	0.5524662018842882	0.2652811634180866	0.4306243645191013	1.5589293469338616	-0.23900494337197742	2.8622795029861323	0.13810385291666866	0.6524309422911521	-0.15938776349971776	-2.156990901621779	1.7540992653550764	1.5531061859696806	0.08616038968807131	0.5826625546719556	3.0088204730695507	2.1956721806964845	-0.12411026818937465	-0.7213152260611904	-1.6464466415531127	-0.6767705612152853	-2.3405216566943086	-1.953070587599263	-0.13493077853919394	0.28674013871967036	-0.2647757700020833	-0.6510710201549881	0.19333789441410648	0.6927218234095536	0.12518922818666933	0.29394505382615554	-0.6171986413943169	-0.6376786873804995	2.7242057240836046	0.21609579985095428	2.320369075059809	2.391631260356639	0.4171016998657493	-0.014145984382035013	-1.3769333057222588	0.2849340896746891	1.2690248837654707	0.8963905460859883	-0.5821614658657056	-1.8010957683584985	-1.0789288251142146	1.6410844517818222	-2.3263447713565424	-1.1032387865327755	1.525615039430257	-0.1212908153591382	-0.9956601780848321	1.9557944521380772	0.730433119179011	0.17317799688793722	-0.41323865936011756	0.006078227766730748	-0.2894667985426508	0.14765536608917704	-0.11166216206023168	-0.0504655527915247	0.8013698300872162	0.367674556130322	0.1407793825550905	-0.5587865953882936	0.381790151262141	0.569533596182674	-1.1055298408113423	0.38421070728101314	-0.11430825125190826	-0.3419468125438997	-0.1437479035117648	-0.029274787565576225	-0.9846878571766061	0.3038497881468086	0.08639917014499675	-0.3224730321872022	-0.49927829117095135	-0.3248754770080455
DTXSID6020937	-6.2948188219132435	-3.8742266873949815	-2.1380201496573092	-1.2973402233734825	-0.09810905328135844	0.41540828066535807	-1.780210757188648	-1.341876376712429	-1.4856377548330029	0.556951189217855	-0.8694836100067821	-0.7539635783967527	-2.09087246656592	-1.9953922273843976	0.566512392330605	1.1434513549867864	-0.5671488226666224	-1.2210722515899413	0.6684259273944749	0.3177413197824645	-0.8872446788722776	-0.1140391520614182	-0.48732992954448995	0.1539543011374253	-0.5528535430559204	-0.9365103605039892	-0.029782155494062275	-0.30914826334749673	0.4929597352397267	0.16465543602626723	0.3768209765185315	-0.13634860391405973	0.419207874482955	-0.4087937950787106	0.5449701758115015	0.24105030083710435	-0.19919560590134539	-0.3072639664600495	-0.04880934516643179	0.3447067715399655	-0.3684737643732715	-0.29955568461618515	0.03788763279878528	0.12468659393044323	0.27334547467891646	0.19562828096806278	-0.14830080600369738	-0.016451055972918745	-0.03256721838744773	0.3221638441514052	0.12316486551744703	-0.12508567845282573	0.2186201808446821	0.12545182161073923	-0.06413462898940964	0.39014915375342873	-0.06319950473238747	-0.05387161358865108	0.24694258239745168	0.336956811604721	-0.23286614639605788	-0.14803852581345678	0.25046494043305745	0.4876599172144819	0.05296075534545282	-0.23921920198246646	-0.30659003329861484	0.007867284162240069	0.10597804806328896	0.017889160198597348	0.41647468956374994	-0.0997575973214344	0.08057557735733975	0.14298886994265028	-0.042590876528266874	-0.23782265720830342	0.22876163033441832	-0.5516036183146406	-0.08975466129430346	0.2431023892155318	0.9073238040051118	0.33935541009876363	-0.3870833044651575	-0.8304366740754021	0.11140087765945028	-0.4333395841932328	-0.33392493296715564	-0.3322831487997445	-0.29141516616573054	0.22733174996691438	-1.0377807127301588	0.1048833967538133	-0.3545192453143589	-0.6382259367492875	-0.7457382538906921	-0.6742324883046307	-0.6007490729328301	-0.5490057853902601	-0.0207634596748887	-0.3303428505982092
DTXSID1048590	14.054035617283713	-0.9474527844183331	-5.314317203555758	1.34741987445045	6.530490312578186	-2.484387487435787	3.1663252738981154	6.53235691843662	-2.641667444440275	-0.2779821387745398	-1.4915892744440487	0.327921950046735	-0.6142219286931989	2.005881508732989	-0.7560528847495195	-3.937180335253287	1.1707275363954455	-3.4178329976856414	-1.349187839712667	-0.026871126016807603	-2.6742139613679936	0.724723531866808	5.575874360935896	-4.371484336218684	2.016843259484704	8.170442785950419	-3.4215437444319083	5.397626750454106	-6.7460020150711015	4.487002747569918	-1.1385208677108571	-4.819133880494003	1.285392548732149	2.7884898479531697	-2.848360614572516	0.8989189079233382	2.1899754190742624	-16.227205539698613	0.4895787515537322	1.0950584348073182	-1.190482034371789	-2.5949640793118625	3.049803457954864	-1.3724120943931237	-9.562064838522163	29.042111130046905	8.130516876470585	-12.799140008021121	0.04558165983866795	14.220240471133149	-32.30613494915945	6.168564568657718	-17.578584873336737	-0.8482968641133243	-16.828326026572956	10.190772249282666	4.853435579756823	12.520874049259685	23.508694801488137	1.234592810426713	-0.8568140498302265	-5.184490400979268	-1.921713686165484	-0.7423012278021507	5.064595152146703	-8.459861428904658	7.266008241197087	4.087773322471849	1.0509424629460014	-3.5609250009894358	0.9545650587708017	4.6079664771784135	5.464135295854522	1.4001983780034601	0.5903632043706136	2.5803427984447262	-2.105299382815159	0.6609942126556031	-1.131359107650124	2.1706000354455726	-0.4977490600484932	-0.49740791803640166	1.1002434109856172	-0.8916372563209692	0.32152227429416547	-0.03376981785241534	1.987646724762386	-0.36215490010414053	-1.114402805732103	0.7553669658831529	-0.7746608458825559	-1.244297632556091	0.6751227387517946	-1.3647136933941801	-1.528833368051169	0.9995756741273776	1.3278994431858477	0.7802748986439384	-0.6546928381058256	-0.467588273575867
DTXSID5047665	-4.148289949459327	-0.705175243683944	0.970306581769493	0.5079137158021326	-0.7762349052309467	0.4690873187539514	1.7475654618903331	-0.1827497337325538	-0.13683117549389107	-1.5819928232143552	-0.16831705692548077	0.13527722304486783	-0.019917868716022392	0.5361001877768191	0.373694507883021	-0.22829198828307196	1.8259245792798735	-0.18811173342670318	-0.6522981600598458	-1.0650193175091445	-0.6054103433806044	-1.1523577708227755	2.2535999126530286	-0.404174775260049	0.4841606494717396	1.0924846597599311	-1.2047261411576162	1.2065229900085115	-1.025724459243387	0.6825980648612557	1.2635233573620006	-0.9507687323515096	-2.3470843328024906	2.9397481494017748	-0.9278594917128213	3.2410309656988723	0.8187049491729232	-1.3438981272759905	2.5680886643842116	-0.13104801238127106	-0.25807074612379266	2.107963649084128	4.072313146376737	-0.92485642652784	1.0782619554156276	1.8724439890733382	-0.19318393626942554	-0.08916708388174048	-0.8679966034004282	-0.5996920376443524	-0.5248696443481949	-1.124302566167343	1.5977561405642262	0.27052822637521967	0.16203278322677872	1.005833367194154	0.6108333103021943	-1.8204183007277743	-1.0083668241821837	-0.7342401303657772	1.1083145033514934	-0.147040753273096	-1.744132993653413	-0.4360724424337504	-3.67067522780887	-0.5422862317149952	-2.28930599671228	-1.1649455689375579	-0.12969478495917436	0.8886013104815436	-0.18546716328722104	-1.2472628096717153	-0.8085772705584163	0.12082397995361847	-1.3054080910426227	-0.671306403734894	1.3791854118392022	0.34288647531666205	-0.927623503751737	0.5716412775689174	0.36879475496387154	-0.6656842669782516	0.3207230269520094	0.5781686068825055	-0.006983524626557879	0.3144750872639659	-0.31055975447774803	-0.07317903415156884	0.13112400103136704	0.05497352691558426	-0.3753527954193495	0.17060901529137523	0.5270281302024631	0.2552309754000882	-0.5109878049490771	-0.02848999148940796	0.22291311091580457	-0.3554595868154313	-0.3343616947308166	0.5021692792926715
DTXSID7045441	1.4084122973628719	3.7686427273603886	1.3139178487779213	1.0569661650466349	-2.489282864825587	-0.5746684625774767	0.3163836148455397	1.0122216109142008	1.6842365230546328	-0.8216814850923968	1.1011552568797967	0.004056044991232277	-1.3953098122150691	-0.30137813678092595	2.085183921713282	0.6490630267706635	-0.9256525146118719	0.037662007297710666	-0.4661932956265027	-0.9281753138549796	-0.4356087656941468	-0.14158098462204377	1.4369859780806322	0.05879396945092164	-0.44378108736441174	0.7658649526279481	1.0532364660503442	0.7069623619161599	-0.34557669788628703	-1.5834767100661444	-1.0933282209736106	0.781678592253766	1.3999823458946772	0.5784153613010617	-0.4772019810526468	-1.5471211851037958	-1.6103315984825373	0.02558929680896737	-0.7836043762198831	0.8452336125135977	0.9908500397478708	0.8439314562041582	0.4091632335920988	-0.7062155798137075	-0.6340842409616284	0.43785489933776833	-0.061753256350119516	-0.08553554831172866	0.12453344373682572	-0.5095244582120523	-0.13243345492014863	-0.25759827694160464	0.4398717835167713	0.16877950902214775	-0.05300827637045238	0.35324352082750304	0.7615176610809727	1.693045085387918	-1.0662511293747792	-0.8464010340249922	0.20946427710609336	-0.3608639557160704	-0.5927685547842045	-0.45714379931867205	0.48210909032234156	0.1040373960759877	-0.5939094131544654	-0.45822211434305354	0.46014661791871414	-0.5701397751993265	0.9178424528964926	0.821372968218541	-0.6129449069916866	-1.8704040679720542	-0.514937809563587	0.2248906052908791	0.7824737391021028	0.23376829370366034	0.07270295888205612	0.5543116907125049	0.37007670114713886	-0.44662522271733235	0.1006833486720242	1.003723099683866	0.11071774228407655	0.30803829016708567	-0.41268533863440976	1.0735804172574777	0.28351274007655863	-0.029846627922112266	0.6633829260609461	-0.27835262930602106	-0.6567147353445841	-0.33677538842603455	-0.28559047422099443	-0.4838106092708658	-0.3831522541448358	0.2111832811686583	0.3852428078479653	-0.21374700396091284
DTXSID1037567	3.7204574646390838	0.7531323513754561	-0.9789874513976766	-0.9425579974184157	2.2533269624623675	-1.2924814488079872	0.1319718783358769	0.2993508872696644	1.2117851404424873	0.013993806870401452	-1.4975309882273824	0.8205272483277555	-0.7655141789307964	2.226828115205815	1.036419882828508	-0.6162982716173999	1.1245367502275885	1.7611274559191077	-0.1511562299647564	-1.7264904434088113	0.4241916887263896	-1.0256041304140988	0.3722248041068352	0.5052544905034455	1.2337959539477446	0.4468379244168245	0.3687785724197048	-0.5031708254511554	-0.8535626036944947	0.6802122530298745	-0.14095455425729636	0.13450935078020065	0.6738148806764737	0.9252916033674241	1.8184945246751887	1.0219892353827469	-0.6081287776820478	0.2659097968459341	0.17010811091249922	0.2880239546589976	-0.8745378046269132	0.4143243926957779	-0.32249497118327597	0.40559409337201097	-0.036244917913479606	-0.8277384752908908	0.5492315661077123	-1.6889004916730643	-0.20619703541860934	-0.6210358946340631	0.4510778302828459	-0.340001819127894	0.3138080165415805	-0.6011076859688083	-0.38266458007803056	-0.3025826276392996	-0.7999941561920315	0.27037588058513845	0.9575426331350189	-0.2830767870101521	0.45975854032244534	0.8184539998627194	0.23333820960350177	-1.1480526884927638	0.27309419083215497	0.2410562706363578	-0.13028620204621494	0.9094264189414216	1.583964189004222	0.3994682819921637	-1.2596452486130776	0.6388111538713641	0.04410852547785595	-0.6098966136198574	1.4974483078998382	-1.5539697764072462	-0.26435651219990236	0.9742762968445606	0.3745614977181668	1.0644855823978436	-0.6618420701981966	0.5199882873068654	0.5550440112912799	0.16450273560045608	0.0055915630333079535	-0.6174004301101046	0.2308473410217328	0.5095810108521667	0.9370862232682963	1.1242362881982748	-0.10073393071128547	-0.4103973588969217	0.7486601448682287	-0.07182340976344452	0.6031922563727721	0.9079562590101061	0.3751907175676259	0.4257306623889848	-0.6755039150317239	-0.25097711513142595
DTXSID1045796	0.8229642026304874	1.0602995090924912	1.4641490297401654	1.4106495991292534	-2.810643918727355	-0.27787983244298586	0.3043868955245634	-1.194394979604243	0.6889785389329564	-0.7848851637668292	-4.02417440439981	-0.11286890024634398	4.161558680681125	-0.11344391715065485	4.487878388577291	-1.956296176233591	-3.2046860597798537	-0.7367643050603039	-0.8463231396095274	4.2085170609054625	3.421429974195108	-0.4803542184677538	3.3700622721350992	1.2494962980020061	-0.5631249728342006	1.0017545426046355	-1.5585292756164255	-0.3155967940482214	-1.4776845475301223	-0.1839128627276591	-0.4128085711790771	-0.8252088829821851	-0.7492103130380838	-0.46205865597816437	0.34583544593283283	0.8456646623270924	1.1009765975408812	-0.39528914490753975	-1.1338146865235408	-1.4590217303481205	1.0109599427631708	0.5084364843497196	-0.8614120915192652	0.6851725135603419	0.013252826493609435	-0.27145119349717506	1.1220434746113588	-1.019522580635253	-0.2513231895052731	-0.5074695970429711	0.09243738153409886	0.1711529370577252	0.11539776035543411	0.1472017878687739	0.21809232779878737	-1.6965668386409976	-0.10232174118606531	0.3511119827219731	-0.4700930182313903	0.6854285376531655	0.0035548447102434957	1.9498698500997842	-1.5204248914141463	1.1604502872211637	-0.9652881859243213	-0.7610488268984879	0.9682809875392937	0.6820245210220933	0.04489866610217103	-1.3680499423840322	0.9452789460197338	-0.24581515718609506	0.48194778573015196	-2.1910611231545287	-0.8364651092240669	0.9802867532671762	0.01621279277965912	0.26168130591117383	1.2190665185070815	0.0764589843910168	1.1592208592569113	0.13041841950188393	-1.4713201717288487	1.4182680794680047	0.3384596004791891	1.0377728476340222	-1.0157038775772944	-0.7522808923466096	-0.5249817880403698	0.28960690783576204	-0.3412732590741797	-0.16938956107396974	0.010388051916190083	-0.01981801460486726	0.6130137974396066	0.5009463854584342	0.7480471060607984	0.3784603488459986	-0.33560701235456275	0.12534306983870233
DTXSID3027950	9.657023962791575	-1.4928283085980207	-0.5526519054613152	-5.647634710456174	1.3912847144512284	-5.2156101954242	-2.6388820230653205	1.8454011132133992	-2.1274237973303682	-3.3936270983095316	-1.377346426867256	0.9002008104247992	-3.830732922469439	4.574615507629508	-0.6382947334963507	0.5144390703252381	-0.7981461255828194	-1.190746930517971	0.965881796705313	-1.1136152627063807	0.29006415347520303	0.10098138030525322	-1.039871124002614	-1.0025140403126758	0.6958610997679319	-0.5482936592278002	-1.418203942159039	1.2748533030338383	-0.4233011466441761	-1.5142248245734038	-1.9568312041836022	1.8157140659367672	0.35587972735495677	0.08540010538281842	-0.04827171123059745	-0.5180261876339377	-0.20809833248483728	-0.16051273712072606	0.22365405689624027	-0.5873429616542275	-0.3423115011135469	-1.3801974649141437	1.2418829949826709	0.40234190550313814	-0.5915335598533686	-0.6935578472412479	-0.4484532418726697	0.42214582504493386	0.27704707037780274	0.7400234572949236	-0.06508193761974032	0.022281920206974018	0.996431557248624	-0.8467720216000182	0.3344499717433847	0.6271843955323073	-0.26633992696885894	-0.3741261896301876	0.9780752616235326	-0.16607328538108698	-0.34021883058384733	0.5567061745820066	0.8126090717728275	1.3556756648487795	-0.1382965814268263	-1.995298918464549	1.7494912901823274	-0.6874839187037232	1.0284622558632943	0.5299420337465061	-0.16569271106213443	0.5175797720536616	0.01609670630380542	-0.039292592261767345	-2.5656498382047004	0.7209262133931345	-0.41824504923575734	0.14124425341390484	0.3591402421244399	0.15498141046429406	-0.15297392492016662	1.0670856464127478	1.9827076992834767	0.7189738498585366	-0.3957216434366813	-0.3467044882789664	-0.9564337935061005	-1.621809000379542	-0.09798783516592441	-0.8035281855536727	-1.938149954830406	-0.9625688372592334	0.8184101532343315	0.7031981519180505	-1.2514487489544954	-0.9993019399704882	-0.329002940838437	0.3807873519597054	0.8580067545364002	-1.1642833810884832
DTXSID9042209	1.278205690160395	-0.12278789092478483	6.359725878160974	-5.729278973932899	-1.9112226078762684	-4.488752989694155	1.5364823867103332	-0.5367044255218925	1.3163375442965939	1.1178839200628867	0.7419939423516053	0.9059096988938378	2.229006090182609	-2.1206035041254294	-2.066298917826201	-0.5628350218619407	-0.9074749128974119	-0.716515922458937	-0.19817766634537604	0.8977562806609715	-0.43927889615878885	0.6897402723366324	-0.8611282817726584	-0.31448130824248616	-0.9314513739053932	0.07129426733803355	1.1016656824512085	0.5106354105922161	0.39627603424860103	0.9686603888155343	1.1247951491647632	-1.0395563143711455	0.09560936196688205	-0.24831300597306927	-0.24371695082716668	0.5491191170826917	-0.9788256508350212	-0.18139080964615584	-0.05934752948393216	0.28326101569597006	0.28180411468317573	0.21874946465423242	-0.4663279321911843	-0.3395829104893189	0.2883040356776248	0.08170332173021418	0.2777025645456607	-0.21432594637060634	0.05112668803439786	-0.6313889053655598	-0.035652250146279395	-0.24888182341294005	-0.08902047649751106	0.24086189131129218	-0.02260876838831544	0.13406984064751196	-0.1975384823890476	0.4841844337134587	0.06366908745127332	-0.18353736852062327	0.31246866498031	-0.3312990681472433	-0.6020690106863876	0.016253988661396053	0.2877379865094817	0.5051970480020382	-0.6903802721940347	0.558444043950028	-0.08833936892866232	0.03217253456808588	0.5122782025799977	0.24000314119859245	0.21843168391675447	-0.07655857540477685	0.02184937095869891	0.23072953555282832	0.023450948814458413	0.7635495108679862	0.5067804263295282	-0.12026719017308786	0.33679616614018726	0.5785761874704735	-0.30663473307148403	-0.27786356858205025	0.26177491097017686	0.09076100342821021	-0.3157681829709889	-1.236886638835355	0.3497497620811127	-0.23947387788397864	-0.3866762151740317	-0.6046148123062762	-0.16672757213754494	0.03852171283356332	0.7468635841193271	-0.06763619601910048	0.23175217393743602	0.0045396709913554465	0.7407683101509782	-0.08589133550306001
DTXSID7044681	10.340589517781549	2.5023767042518594	-3.2977136832490292	-2.5285810181636266	-0.5445917836497813	-2.1207601246046823	3.0382468593139955	2.3591258569960463	-3.447917045987083	2.290696481012771	-0.3830734773128857	0.24352277815477597	-0.45106757717996127	-1.0190583435373577	-1.1138424955533643	1.4029025502194195	1.7253959223237971	9.314299749500785	1.1395436804221715	3.7736607789852075	-2.4820344297654096	2.7949969557124654	4.370948630371773	-0.627140977719358	0.7239370266340933	-1.6248144011994672	-3.27741290648851	1.27514533300222	0.11796161251504944	-1.902069212903281	-0.01923241920860446	1.4865029392534461	-0.21149290552109465	-1.2276962401267915	-0.8950499611347071	-1.4854832141296814	0.2933946306017047	0.9447244581276538	-0.5955158026709942	-0.8129245553766912	0.7937400840613924	0.12250480288404163	1.0174257938747684	0.6865337851942257	0.34297916719730237	0.6787577493004492	-0.7531033669357239	0.7648906104609741	0.6984344564464435	0.833998622428582	0.5544823149405067	0.5280060693370846	0.17083675092913458	0.319050965679159	-0.12595871588283367	-1.7053915406225413	1.4593804915590791	-0.8367798533058007	0.7907072069232812	-0.6926991138316143	-0.049835487255819495	-0.2068600223224266	-0.8020180945098708	-1.4106618463840863	-0.5260935439281563	0.4453779466537517	1.484947153276404	0.017955760293266263	1.436906082393165	1.3532700963743758	0.0758055994027762	-0.09582432730946115	0.801958699497652	1.3939166975386401	-0.616868922963381	-0.10677056291301508	-0.5100786301323083	-1.6176513702385522	-0.23950526801868044	-0.38315290468361035	-0.872786187356339	0.9513969743934034	0.6192538380839707	-0.7805958494245605	-0.14441779595461038	-0.13250486748279783	0.6231953326836687	-0.5724556338062136	-1.4088453110711514	2.570838162281408	-0.15211274204060127	-0.6023520719707012	1.281149321170422	-0.013506646214232712	1.3506679750596364	0.9184414985722713	-2.586480372145228	-1.4584185656825717	1.5966669534143827	0.34071541915633297
DTXSID0042117	3.5966581740033226	-1.555705411003314	-0.7820934829797979	-2.8615966983817183	3.822240514598988	-1.357346721725025	0.18843635595442534	5.6188991651972495	0.5492022969715583	-1.027631909516597	-3.4069344769222707	-0.3003238016487818	-0.08138343550300109	0.29710955730124106	1.1656807164919811	-0.7323282459908174	0.12749248346811845	0.9349663945873933	-0.9663440279842672	-0.9562089360373416	-0.8080387088151614	-0.8101481425801381	-2.1555684470729592	-0.6063484663051909	-0.06150988270747279	0.9665075819466344	-0.5803396821683712	-0.5276970543532961	-1.409516363182851	-0.04574364366975243	-0.736276800077308	0.3004030990133824	-0.22960483078184613	0.14738538940240403	-0.8524272688487949	0.27645278206564056	0.716217025150423	0.3578799270614308	0.28329728438697355	0.6285768084619431	-0.2787212538844643	0.6978146728458885	0.1689299611704655	0.4785354202237827	0.34961189567809753	-0.7149718707404684	-0.26619150306388356	-0.41301014080946785	0.09878656545457201	-0.10869246543599823	0.1856321303769507	-0.20888631868908472	0.3690014943009336	-0.44724302763272045	-0.5327289714301787	-0.19168471530852954	0.14711475971533	0.3788970877744651	0.5939146825799978	0.19959704181800067	0.9003450935242024	0.9852739879482766	-0.35149555098264795	0.5593895404080927	0.0025349455495798754	-0.3739881195252581	0.3515404148002789	0.02515192162970208	0.3760676730566641	0.18143502424196117	-0.5352185383944909	0.6150768562131552	-1.0859062430242858	0.36735810128009405	0.6144141752196344	-1.2391187908753338	-2.266010372425245	1.765545085235487	-0.7548089909494091	-0.4037776299152078	-0.5360095223351334	-1.1278950647593549	0.27022375107996843	0.0635369078474157	-0.6078122439426742	-0.26716338068628614	0.0020732939708959764	0.23983825549824228	0.41871232361473415	-1.1845288278936654	-1.4656373745561688	-1.0019980339412	-0.7460793324491736	2.985945634715078	1.329886789748022	0.051127733538201436	-0.26953864553769946	-0.6909820510470629	-0.08779033712175027	0.6432064694681919
DTXSID3021065	-5.196355254503023	0.16652916413420163	0.32094245376740566	1.4260724944572656	-0.10105669113995133	0.39053899641295803	-0.4502563106814513	-1.3612039338900193	0.7977219293856356	-0.28778058000792	0.13355485056791708	0.6109406743109644	-0.3226780912114566	0.24530233391381082	0.48123321015528836	0.7444925085338003	0.7041925829773705	0.05411324639427255	-0.6858899488929631	-0.4435537171090255	-0.9299431836220409	-0.4741602386674934	0.4307998568580264	0.058019370197155994	-0.592601052148252	-0.1061458558494386	-0.0038811175319074568	1.3913285078680275	1.0867753528579134	-1.0912666066043277	-0.6697652802898677	0.5309163996774681	-1.5787104662753662	-1.0144064970213296	0.8189718245792089	1.0873414121062868	0.007664319885449957	-3.516495235609078	-2.42079109587797	1.2066246042452322	-3.959722038941688	-2.1582934524385946	-4.242904803127215	0.46582501025049566	-0.013186009618033016	0.14373847517946617	2.746840906156922	5.174568217898327	-1.4548258653394526	-3.982728143020144	-0.9900857541794402	1.0714962735997942	2.0091274649982775	0.0021647165010853123	-3.3054928669107735	2.3890584985370977	4.6114200359290045	-3.4000540231318666	0.1768569954521356	-2.4161437451517553	-0.25857342406606404	4.315327301036167	-0.5368253202860918	-0.7660778451702014	1.3480696477165053	-1.1940611814481041	-0.7895891976944355	1.25994078068717	0.419739533976391	-0.2748154030661777	1.3256758913820943	-0.4037029829591442	-0.5661498927529556	0.6883081894322932	0.9618425245752644	-0.8419414743852863	0.21700139951025377	-0.2133524337279848	-0.7295275800551901	0.30295338353610407	0.5920214157576451	-0.12723028996795038	-0.1392735730306139	0.8450572855000894	-0.08056660306327597	0.4536017430548842	0.17841143952927557	0.15350824415732067	0.18530236814536036	0.5982480285790694	0.5458630658823178	-0.0937801506133521	-0.11866320693572051	0.023398312953701587	-0.08240172119714174	0.39275415010903203	0.4607411667350234	0.16401549295437687	0.4398809620294002	-0.04363349545558824
DTXSID3048942	9.529612325612362	-1.8771959813184396	10.095328037680435	4.1933245200611635	3.498870632891305	2.7884943194397667	0.44884384535846905	-1.1461768550688025	-1.4330859483311973	1.5063319784124025	-0.644125651318105	-0.47108839480521836	-1.1901420785883365	0.2032105801446685	0.06910823511236858	-0.016950701696989076	-0.7033993946046839	-0.4074957793368508	0.7943701046504003	0.166408896729379	-0.36587656997984214	0.5314528765388912	-0.695526297687012	-0.18769790934280972	0.5066393569713434	-0.20998125451518415	-0.6266010419955778	0.16557848130406366	0.1362364559394267	-0.21643365831353384	0.015776656551006324	0.028133117150961773	-0.21710831770347916	-0.3724934098831985	0.5892185070923491	0.2702051863671483	-0.39687934720050827	0.06183542304184714	0.5279078609277289	0.4867941942885066	-0.049188582345055194	0.053710099113781364	-0.10545408564914036	-0.44010131415392173	-0.26550610264147834	0.0356240882965279	-0.4535857365209608	0.6215983296207043	0.1675018970336673	0.21110600149165018	-0.0608350183035179	0.22618295926724158	-0.10307486072810283	-0.013661286711356448	-0.09362445404689146	-0.30568611920118083	0.13132382154922378	-0.07235321967215104	0.16244801489188831	-0.045508461280803505	-0.3813275470058262	-0.3199445414463818	-0.05279126061738064	-1.4746184106073934	0.42308246331423377	-0.48138621707725515	0.3831026320661181	-0.6588863753583499	-0.6953929620598526	-1.522341396620703	-0.07860669373374606	-0.006814600790295411	-0.7461349166283794	0.09548683103336064	-1.3080580572186264	-0.6239099321323357	0.1765990976382819	-0.6207130749901758	0.6611432775248056	-0.7100713323937351	-0.5924022898974475	-0.2334706874485118	0.6396492806406618	-0.3759289787384105	-0.3666589315016556	-0.11761158418811724	-0.5198544089345432	-0.618948033046236	-0.09213970193652103	0.013895977241421865	-0.264096222197889	-0.7592069560840853	-0.08070305864850089	0.19632396537451963	-0.8025835149128285	-0.8174844491440646	0.30213592902650005	0.1570735660064306	0.4351508480317522	-0.11610003870607641
DTXSID0045383	2.726837549074034	1.4803203014612678	-1.3991794989072541	0.5151101841233409	0.452584792120646	-2.847158447592852	0.907883394138482	2.892677259448685	-0.16529209018657237	2.7369792729075084	-1.535633147638484	0.4837533211818264	0.3915753281788616	4.103233351562883	1.9970102632956315	-0.39934861749882067	-1.9042339014709306	1.062618260072374	0.5789356308086849	-1.2328712451753456	0.2904036513020352	-0.7920451609089926	0.4016136842763367	0.5034801932821784	-0.5563661807256198	-0.5959624923008472	0.8241651632881941	0.1197874866986534	-0.609046840501281	-0.08698659942422823	0.6476034391513229	-0.014729921481818726	2.5768990497875985	0.506756782853152	-0.3331787661496743	-1.123558618172037	-1.1218207888899059	-0.44770388436128455	-0.14279798450029177	0.9057440266167643	0.30913467332229905	0.646786151026992	0.4214119314181795	-0.9189227485469379	-0.34000946202751037	0.3950513187093046	-0.624329893707943	0.5440490843923256	0.15776662269394237	-0.6386219155409002	-0.2391956260449304	-0.2585983019718205	-0.0525416497611975	0.4814610140242623	0.8494756831511934	0.2306292777086563	0.5489263397444062	1.4668553062411709	-0.7002080473722503	-0.44446503885015864	0.07609444155419728	-0.7276247525775842	-0.9232028209019559	-1.310391147300144	0.33614921933379777	-0.10556059865732895	-0.09141898277192755	-0.5567607344088983	-0.13747421231006687	0.2788486380199253	1.5254352802661366	0.2246957415685483	-1.4239993291756292	-1.4165812720584596	0.7155026592393616	-0.35207153798530866	-0.26091597270164485	0.44356272476195513	-0.6315290542781707	0.2656156139602355	-0.15584916105966107	-0.43480222233028387	0.06567947881565672	0.3274779486239598	0.7078473406062074	0.5213101152526547	0.13204933508427766	0.6455910348401739	-1.292118941857583	1.1529855447184216	0.7046916727960804	1.2953479030544328	1.3076949690741695	0.07732984909445582	0.41543005241560815	0.5510801403907115	-0.25850997497555417	0.18087533238385864	0.4700833016173041	-0.22038284213630818
DTXSID8023719	10.42531137334729	3.753648307873433	-0.10718565470123333	3.7414053380847667	1.5614974430530162	-1.4236925150710098	-2.4088155961428956	1.617165096189049	1.3961015323329584	-1.628096941608835	-7.569977961882633	0.0002953773984427442	5.657616540813951	0.0021342566562258607	2.699523737525289	-1.0725954548361178	0.1901166945048293	0.13769713584083537	1.997997511846612	-1.0434015505363916	-1.9165188835011535	0.5137912597682356	1.2134740556833385	-1.1984690830783482	2.4322553286463062	3.1773561740875675	-0.036577370696948545	-1.5657582779459864	-2.070564508648397	0.7286963538883549	-0.757424476438802	-1.4836716989607002	-0.4679388754572881	0.6458693449796477	0.563725490146381	-0.33952281023984693	1.3438951990616723	-0.8760276249144124	-0.7460287043722352	-1.1369902030544008	0.3451861050994474	0.7358516162932238	2.3292868670711324	-0.746247163452737	0.1343587828269422	1.275658511531416	-1.0210609653890967	-0.13796152747183912	-0.39077865332424244	0.1743511618476044	-0.09964108987474056	-0.420498401098676	0.8056986170173617	-0.3606846026136488	-0.02419583055093594	-0.2591633370646171	0.10130066309937884	-0.4298060070324801	-0.051061038448820206	0.8141438787094083	-0.5105480581498334	1.814377459318097	-0.3739555127106954	-1.3322821945593084	-0.11380412945861415	1.3198764979021052	-1.184405431120736	-0.07806117413754328	-0.22849341196381093	0.6946002142861769	1.215909738204316	-3.5527954580835743	-1.461950996344779	0.6644935805334139	-0.5353535309557444	-2.5459470296974014	-0.6407750802197962	1.3271969856582662	-2.0517552818829325	1.3913776015093793	-1.5284552819581623	-0.8974068655904411	1.063505525836154	0.611201682375832	-0.8647272884842068	-0.5321893941667685	0.40917353181198013	0.8830482445658729	-1.0147883349747855	-0.8303519834890047	-0.5180884665056018	-0.09616114291809348	-2.044842085742432	1.3158340370903197	-0.24984339155986876	-0.6673073321029729	0.047312055834703194	-0.9743229608677543	1.6237593450751926	0.12336620396324688
DTXSID2046591	6.054380962923476	6.99313560999107	0.07995749016846485	0.835724866957959	-2.27378443932053	-0.1833073436722743	3.4817899917629394	-0.19297717301156309	0.2477253867101902	-0.0871226590052385	0.756561898505948	-0.7779052471127582	-2.189485790724551	-2.1584020715111696	1.5049191230693835	-0.3184794478058728	-0.08250825937854461	-0.875446970685791	-0.8806049394343841	-0.8537921117258601	-1.713456959704059	-0.6135859466889958	3.060701663508238	-1.2400896785059388	-0.02037247149565273	1.969820871693636	0.5421652024317101	3.8438233058304734	-2.0254902969064936	2.912484797118878	0.1899098553109805	-2.798518284347485	1.7094425599000094	0.2854908446064046	-1.6887480366585592	1.7106171960548067	0.20032997027844335	0.4733739660250521	0.45957105900244327	-1.9064854101182425	-2.733463546922228	0.5535306359004194	-0.06581366356697083	-0.484037442355487	0.48589280624746206	0.5293614889191401	0.13839806639236876	-1.1995117543409866	0.08033871665508287	1.7851918219991625	0.7016871841729231	0.31302285588619044	1.0343436837986237	0.09208341551946937	1.565611275275975	0.38381400508367847	2.1376456199865426	1.6947651964184394	0.7447784090417798	1.4728834146754195	-2.110919303015023	1.1550503836491344	2.4303116838506638	0.406585942324477	-0.8200082379012821	-0.35935202579383363	-1.2587100506224544	0.15869239831979964	-0.8862365133215805	1.3685460591447647	-2.5296369484307815	0.7240401151393862	-2.193861434983178	1.1270132705743041	0.5286173600635884	-2.4993107867700934	1.1298295418238422	-0.06512728459135073	-1.392554523590167	2.281575122639027	-0.19154829060068523	-0.1795676396282485	2.5875896574365536	0.681194226095549	-0.7509760021334575	-0.9030746417092445	-1.3697549959681796	-1.4126059581009667	-0.16095807588246194	0.34422802955781295	-0.8725542120451575	1.3289821206804298	0.7579895506644735	-0.5584615146608285	-1.426198082224587	0.5792959134603158	0.7736532024239303	-0.16419037849128176	0.43668733974296503	1.219358960951741
DTXSID3023508	4.712639054622847	4.347635345223536	2.695856315623831	-0.5610311105347857	-3.8440685534504233	-2.009540800753908	0.6304480433977981	-0.18797535315318378	3.744503583699859	-0.25043148730351766	1.002990162547502	-0.4688457264571395	-2.0031058598402294	-1.5090410597665271	4.751883050792035	0.10642173767212851	-2.7138194270190694	-0.7622347298525946	-0.6179976823293671	3.4404108757290164	3.082774262537482	-1.388714645921226	1.5100857580612035	1.7342937439748458	-3.3015538808750904	-0.8850804255210138	-0.20245652968106442	0.1803523239276442	-2.4640152735422864	-1.6578549672048364	-0.3468166129048096	1.277267978297294	1.5891152079047792	2.266572456163241	-0.717060409001647	-1.390016726566228	-1.0501712084870385	0.2789339664667022	-1.856056481152235	-0.3261084546005505	0.45771772361944146	0.5463231686152602	0.4601542703056382	-1.361726350213349	-0.4526040297584602	0.45767521889215973	-0.2616923455990497	-0.3580917593252788	0.07215348024632152	-0.2076493541169274	-0.21425520457574307	-0.2688319179559577	0.1873662837457464	-0.25338785602498776	-0.9845746395960644	1.3984323963563414	0.40603459228950933	1.012666308492626	-1.5218845015954747	-0.8272004177162156	0.025686616604688843	-0.8719706477621642	0.9462202778241131	-0.9536874128491261	0.32496614081904784	-0.4519394765890376	-1.9020657939279395	-0.3775957087355236	-0.020598446752984965	0.056719654672158185	-0.6815626865455857	-0.7132497704429672	0.08216750151597979	0.6962581788845333	0.2540418517209013	0.37516248556253495	0.139451201910096	0.43918381328580924	1.0380876968410755	0.2602726159765181	-0.42918010032891574	0.22083539294209079	1.3107077939740446	0.42138497468946734	-0.4495920056610393	2.505500400541038	-0.6773216635652063	1.2054734709212351	-0.7427942050420592	1.2822874804236422	0.14917283584685098	1.3312580205485418	-0.08978140173792608	-0.14684779058420838	-0.28336608418843956	0.9507535351657677	-0.15688659723196854	-0.4185153926930548	0.2581778925834007	0.9032559037665958
DTXSID8045779	-6.3596342631532075	-3.215572210545614	-0.6572762122307154	-1.3870305515387344	-1.3138296393777773	1.1244848207966045	0.09033809296280042	1.2126558139206218	-0.9052355399022662	2.2887028169155132	-0.4636157517464039	-0.6034503572253873	-0.32220252427693863	0.4522228401554036	-0.06942683548823517	0.3041615016539327	-0.9372514878506666	-0.6402523341978708	0.07220350247410426	-0.6685968279257422	-0.7270122978369878	0.1864626291206291	0.9093531715838701	-0.6812320220856084	0.6927282533270813	0.9570883524949796	-1.0272938468673827	1.7127871767255443	-0.33261384859442406	-0.7351704244363496	0.6187369404516762	0.18835822755313622	0.3736651754655808	0.29096799439701243	0.6809537271797708	0.24012860799199812	0.45594408897820593	-1.1436293335404808	0.24380831537101583	-1.4329294070639522	0.872740835080199	3.220924596498926	-0.008185284751970757	-0.79108891961186	-2.6484288953462114	-3.347302510831536	2.01589940640183	1.2921648283955403	1.0739079363852517	1.5031846224674237	0.24731268813560092	1.496318805471708	-0.9472268684200043	1.0512070476388997	-0.03295656013312927	1.5055558185365772	-0.730650369219085	-0.5321727762128267	-0.14872267112075596	-0.12962744663434916	0.09116989435983835	-0.4561391580052508	-0.08146250232043581	0.18772689024642183	0.5923933814786931	0.19657409513924898	-0.013658059042165849	0.3444300060227011	-0.7158724169620062	-0.05245143555710275	0.957671877171952	-0.49483446159186945	0.23040923646851139	-0.5827019164788171	1.082517394659731	0.736188399985001	0.7655171422460224	-0.3269214637272614	0.5510692891479845	-0.46491191557099903	0.024113029891611987	-0.07260741626058666	-0.38878589479641423	0.2122737311674533	-1.3747625681988158	-0.4801318209759134	-0.21132435462997068	0.1396582060977381	-0.5651831877114952	-0.020955097119981437	-0.14530763287648854	0.2742581560650357	0.15627107360506545	0.11527531565271504	0.9496197888877883	0.039196532804714704	-0.3672063051833161	0.0442561249688954	-0.020862206182828358	-0.3899144154586787
DTXSID7024245	2.246863737633976	0.6733592849542689	-0.9528261629599771	0.4910050501782808	3.6874387521405616	-0.274703248738226	-0.3073995419811733	-2.4203555224087188	-0.36697135802084824	2.1716669651365295	0.6263822342639278	9.200002106967347	-0.16903150776958217	-1.1973743481340133	1.3354100976641325	-0.16560465080998177	-1.1825944771227348	0.8509187058257092	0.3277528750507889	-1.1147021526548913	-0.32079013368318376	-0.11655046004397589	0.06943850130391296	-0.2910169989691539	0.9650234567103219	-0.7908852086455067	0.21415791395076422	-1.5965033347624018	0.36741038045159835	0.3348049733708361	-1.8895840013441827	-0.48637887087360787	0.3042324065893249	0.3876580341948198	-0.11947177640506415	1.689471006137645	0.5818621909113576	0.5399528903726177	-0.6410188754885903	-0.1447713774588871	0.25370345143457507	-0.10262214927577999	-0.14632856302437558	-0.6441223096535624	0.12435577160960509	0.29978065272690574	0.3836239967681916	0.0836174181205657	0.18575807839102504	-0.11161513465771836	-0.11476657639473767	0.0436330435770191	0.1006425338047158	-0.332056491991801	0.006812457165530986	0.3143115109823471	-0.6512228381404912	-0.057319398471502005	0.008070279375796076	0.28791793402452914	-0.2781228009675092	-0.27535788725670746	0.4842624689212698	-0.19670010138362212	-0.2638970585244546	-0.3313546381829827	-0.3368967695980055	0.7705017912645934	0.7451775387773294	1.1217688607364784	-0.0017116186471161092	0.27046605080396996	0.3910698706001966	0.36245050013253155	0.11612558246437864	-0.14939585616397988	0.2468598561351656	-0.10251215813887678	0.8408489249637311	0.4601526608844103	0.9758874420012418	0.5858598670428387	-1.292909658828868	-1.844193865606982	0.5967461163015025	-0.6663121167669791	-1.1979816617488581	1.285125968946723	-2.293977855078097	-2.3962705324603983	1.7669609361327785	-0.9926925612843348	0.4405013344767078	-0.5453341547499517	0.2725585537657367	1.8163676446700705	-0.31928411804542356	-0.4657258911390982	0.593321112357825	0.7432037026074173
DTXSID8026698	1.000275579583585	-2.9588112563018383	-0.5051701175129273	-0.7466809942954609	-3.3053850147909394	-1.3210195791442407	2.8495679791549096	3.8067634871506586	1.2140212430217776	-1.305782999824623	-1.0159047207271878	1.34883178622745	-2.4413661372035005	1.8955119344966127	5.308677156211863	-0.37262787350138815	-2.6364519318248134	1.0304593275045502	-0.5638722506791107	0.7267131385939328	1.5440403234516313	-0.3494183802833891	-0.8477995370875363	-2.130424202319504	3.500312765603482	6.05495631556397	0.8712329724885446	6.068791339242787	6.166786735936832	1.189413516014383	1.551118442035822	0.01800773484495798	4.158160079544068	1.7571306043635433	-6.007228088163386	1.1705272784984433	-4.095880402001568	6.7031426925337	1.2079493086333948	6.472247725529989	-0.7908679913916212	-1.855342250311617	-7.080207744736972	-0.22320640927557997	3.202503791067539	-1.289601047960756	-11.24049149462675	4.591476349986646	-6.625855219178791	19.146258834688005	-3.033810211884599	-2.2312539103899134	-0.7289922539341671	-9.082946521170074	-3.924681746985384	5.456587459248822	-9.27838911048014	-9.627827784748943	-0.6991498614341718	-2.7634857478234385	-5.775877724093139	7.843834369064564	-9.474565563926289	-0.603516539314447	-0.8143515002623191	7.673822081845408	0.26061007313588347	4.057369650635883	0.004956096314034502	-1.56980934414634	0.9814678734299621	-1.397081654033927	3.6057912994071737	-4.802195037036533	-1.1878660926269045	0.5445794027391756	0.16052033662708462	-1.7726967371292053	-3.9941973206500445	-3.70656909956641	1.9601772931618033	2.4722827120513013	2.524866450724495	-4.148800665984188	-0.6181817431071144	1.7978272703459248	-1.932244015842327	-0.7190285952056923	0.37147446964811426	-0.3883693283428586	1.0157789982599092	0.5188018799315838	0.1669301354675022	1.6474237404009466	0.5563772049809121	-0.484104424461454	-0.31968143486446	0.45250219138682396	-1.2077766079080092	0.21226678575091307
DTXSID4034150	6.0947419283552025	3.0303855112507314	1.883189595664686	1.189237778423904	-0.22032786401049523	0.016877755804094608	0.48938339441251477	1.524441656626722	1.8613987630854223	-0.7661864211783825	0.5884643414123055	0.6583117462310246	-0.6178559072075361	0.9784131138120609	2.6112377502434563	0.17584497490027848	-2.8498175407798705	-0.19405087591661221	-2.0313042429746693	4.400022993620819	3.7465305699290745	-1.5298728613713708	2.615813963860837	1.3916866481459673	-0.7650759533775081	0.8395837497029969	-1.2325560685914447	-2.294619114894335	-1.001746216797508	0.01841474310477067	0.5500904357640688	-0.1355505130684218	-1.8110134916140528	-0.9705747153943489	1.3880581496061661	0.9927567048882837	2.519094061222685	0.4502666328288301	-0.2878110721362973	-1.347194730430731	0.48942766889203193	0.024422086099034564	-0.484277485122664	-0.24830362347570956	0.10578294099861509	0.21363253033625806	0.6364324889101194	0.5100489945013306	-0.44634857811093415	0.22188294397151076	0.019658509506056784	1.2889387645468207	-0.2931869288830847	-0.12900918663439756	0.8260559044554675	-2.3506659110491572	0.3082888740014798	-0.3629170301392682	-0.36736611116792567	0.9824434462137615	0.05068077734294451	1.2742895444457905	-1.8982161786320129	0.1469533126553629	-0.7200605008134625	-0.24751758842526492	2.1436554497359714	0.7654457285915918	-0.4029242250659749	-1.5239048202409022	1.0218905226952277	-0.20330564705076354	0.30169984532113786	-1.4728532641250254	0.057984437320593024	1.0680438062702113	-0.08573106958320188	-0.8144055333920858	0.24880473573888418	1.3676977238245616	0.5831005950531872	0.6464574036288391	-0.7701157668873837	0.9202424232932479	0.583837310307885	0.495087544547175	-1.188624378043424	-0.45742070707018057	-0.7341958809053374	0.49295789387667827	-0.5842821700545848	0.7817571693563725	-0.4996701765693383	-0.12300394648714674	0.7447032221728277	0.5197303253831728	0.06453701191994314	-0.5572147379353455	-0.7052837438761483	0.30129621482950303
DTXSID3045776	-6.030730115272024	-1.4235010090368894	-1.4717739226177053	1.9226965887381713	0.4965105197590468	0.16794328022434732	4.563555950440754	-0.7295105455321997	-1.2022467305549314	-1.3406988966674678	0.3169150841196023	-0.7936145082787504	0.9389610923702124	-1.27186665823889	-0.9941218637611483	1.5063586470974877	-1.4602409483223036	0.40950481394326654	2.526009325805945	-1.7216121964028903	1.5744915059720537	0.34119932359498345	1.0537179089454713	0.4787148278062655	-0.3332141928394318	0.9427724458946555	-0.36076156755783456	-0.46557458081706854	-0.5818194867578346	0.10934248667804271	-0.613960743914818	0.150815632496794	0.7125767740566372	0.2660120778975204	0.3140549277242426	1.0872419783094576	0.039186989477937494	-0.633189340059021	-0.7685445335099379	0.6177747525605095	0.9383281144132705	-0.6344622557468542	0.31379849296796375	0.14293163798028113	-0.6058844900283896	-0.7723050085074705	0.12296624280522672	-0.0803942546810189	-0.12058521829984697	-0.22640969183381554	-0.18802433469157614	-0.46771432345369235	0.08617252792370012	-0.3198198970329016	0.13313528887561724	-0.022538290293221734	0.37972860357160315	-0.0016118406365574947	0.1960847400986369	-0.6985876805484295	0.12428505017281102	-0.17226110829621213	0.008966791907909057	0.283793745192267	-0.0630032871598935	0.3034205201782602	-0.11178533247872487	1.2454751628470686	-0.09905426403725914	-0.05660620551278197	-0.11074200398735093	0.2929750779144444	-0.4394196150863443	0.4173757664558851	0.05484904135088048	0.41117461472647565	-0.018175109929036506	0.08226545895368147	0.5388198889198716	-0.3969945492670532	0.5697687942107124	0.5383650257774145	-0.6274280794143218	-0.1297681320417839	0.16009473534790752	-0.0579965993600141	0.09421362555933835	0.15052303370804485	0.21652958477709605	0.21917321238713736	-0.11442486711388988	-0.23731469600982666	-0.5399967180238527	-0.5220195490799878	0.46129931899839427	-1.3981596332620472	0.19192393520509204	0.1855063569790184	-0.6031294651285789	-0.010317421487406593
DTXSID2025004	-4.539624428885315	1.3292134258812631	-1.293530734955117	0.31547564306023546	-2.7705091556017574	2.844164132738313	-2.8191820873043145	-0.05094123134090861	-2.112758959966306	-1.0229812814662458	-3.4730101820292276	-0.23711066787617915	4.240278969498008	-0.4915574095367187	-0.5008705899560112	-0.6627960733441033	-1.3636746417923093	-0.21243458674760468	-0.46099178367883603	0.9487943278556046	0.9185559189132673	0.7310008955566519	0.11529961018585892	0.13684844738114754	0.10785319942515281	-0.3049020294533977	0.4791645837257868	-0.30641280605082444	-0.03824406175121706	-0.025887930414140423	-0.2107280438917257	-0.3324067941037734	-0.4082371670578998	-0.17014716421575818	-0.41412362069334563	0.35696740723512543	-1.3223929932554008	0.1386833528600018	0.02402848581382662	-0.02618086077239104	-0.7680724892250713	0.06612201165944272	-0.11103284193496252	-0.1179193900353291	0.6668623503667608	-0.46071029394104557	0.17366550158276664	-0.5170012897435103	-0.16639558748798347	0.42471565556396784	0.03784023501826356	-0.276612176108502	0.34579974435288574	-0.007624010116929078	-0.5797567532783303	0.46098685916522886	0.20636073112618258	-0.19251390763035203	0.08882742329252624	0.4920025119640611	-0.051503039202554	-0.5205951899413761	0.8925546833241913	0.30724694249138285	0.13747115692234504	-0.12510354187642952	-0.01706626478131086	-0.44100976362918903	0.7527616300455996	-0.0679556512027813	-0.45123385640879643	0.7202064462898622	0.5015397240181239	-0.8191134598829208	-0.07552967056414134	-0.6307939546733677	1.1391354057532033	-0.36747140539496215	0.14607495584850835	0.4584474587604148	0.11802620349501258	-0.18380320218545115	0.04169071739461539	0.23035720329421572	-0.3875091187125977	0.2813917576109065	0.03442549540843422	-0.0529260351764921	0.7339631789972677	-0.37590657076217154	-0.4995208939946718	-0.18012938798982714	0.3443402532915685	0.03631753961096596	-0.00615094123916834	-0.3849766223906878	-0.23267087810341677	-0.29783790327291865	-0.3218534866303744	-0.22507270621041553
DTXSID1029203	-4.11370465426929	-1.8991999119430378	1.2396640490496025	-2.2537237192310893	-1.6655873034455795	0.8191593802142274	1.1909631865235564	2.1538555500518473	-0.6139108838504175	0.8299214347001518	-0.36207609594546847	0.15677711951338694	0.16816367191735437	0.07371277962716749	1.1898343097574675	0.6140996194854198	-1.330175420568707	0.14252710065501017	-0.3908652975996749	-0.6074560298976797	-0.8266062227220795	-0.03425979445171712	0.5817139451077498	-0.4010797247830477	0.5453823746500642	1.1016496805702973	0.23632363648227134	1.2281805322682213	0.15837558960152737	-0.7484547265321474	-0.8007516017006635	0.19701876208354163	0.7998128151102695	-0.21602994081251095	0.46737894396387686	0.7515348120069438	0.33600655052589185	-0.4747670639490484	-0.2999500659114151	0.10480200103018261	0.6156579151059914	-0.8641868348474945	-0.07914648329008399	-0.24842247062055756	-0.14827698586109517	0.07599844523781968	-0.0824526034293002	0.1468697410491017	0.3997314247097462	-0.35174125834453285	-0.03810960450397163	-0.022513002637994283	0.5542916190845402	-0.08129347489203216	0.32718938676030124	-0.20289983122604674	0.061087582151011614	0.5821584001874193	0.39269317770189016	-0.26585943994229877	-0.5030350152167062	0.07575962423159233	-0.09328708252436915	0.5684153177316215	-0.6961337606661985	0.26050084031368165	0.7165098737944554	0.23587424209987667	-0.09694645288237604	0.46555880937769645	0.5208596936485236	-0.04147480060703114	-0.12324114150224887	-1.1165479810264334	-0.7294111276703792	1.0530084397803556	0.23990992054884533	0.16528493519696988	1.5330485941518586	-0.9889629391404258	-0.43499440420701235	-0.18455251505243658	-0.3788785537495927	-0.1920585502175583	-0.7336423487218441	-0.3886761807968102	0.6810165752098726	0.8106250442012475	-0.5491565783306771	-0.11245464881012654	-0.5537403083949721	-0.24833031566394367	0.04030216587592487	0.3219385707889507	0.2780435338529552	-0.4329974473909302	0.1570454142232421	0.06568344939789757	0.38278515599593754	-0.22255395083969792
DTXSID7020348	-4.055089496533952	1.8678338862549333	-0.7582499694883892	1.9442856189917477	-0.609304032795199	0.41213577082110653	-0.355710560340148	-1.1718658498020362	0.5964615100345287	-1.5943937920668765	0.6929497431778939	-0.7293718328411757	-1.1423321774572341	-0.5635704796094454	-0.46692674414120827	0.219285777128395	0.0923241359440054	0.08329744420892733	0.041397879357988825	0.1668767054554852	-0.08851030420138352	-0.1273416821264623	0.1495189911404949	0.3331780155115569	-0.1271477933485398	-0.02815814322206254	0.12333810979577027	0.8361902821168565	0.35546522935342395	0.037774828135830614	0.5444646047309787	-0.859076049087889	-0.7814969416276547	-0.28710534403376814	-0.19862765074595956	0.15332970895079054	0.20598929362069995	0.3791794897778579	0.36953842929574304	0.30477441701274216	-0.4847512317863809	0.09315404303322794	-0.03398983552156785	0.5981648218964736	0.21693165249964533	0.03753695990759737	0.3866049509625133	-0.25086036720832927	0.18457792130252088	0.26327763290185413	0.2567105300839294	-0.014404430514754497	0.12440645699646699	0.11795494480009382	-0.50175428543431	-0.20343888393198062	0.06477776963089187	-0.23302653030287085	0.20374109866174647	0.20510552918396868	-0.13510619113230804	-0.29626220908726	0.5378113357173445	-0.08295006364060971	-0.1990535512169674	-0.17110185821834598	0.12427746785811429	-0.8961460439155015	-0.33255474069161567	0.4146938676544599	0.04890165155206189	0.3705608156757222	0.20461999100298514	-0.5916873620397501	0.2950505256381241	-0.5004625529250782	0.07894490366264366	-0.4281346291562352	0.5662205711123771	-0.21874812292405366	-0.10613217460408356	0.041253675743236046	0.0772166969252533	-0.677497715062087	-0.33221216936324527	-0.5850173272487561	-0.45896008369546726	-0.430535112115225	0.20807989606437893	0.43087908554397136	0.016862364803285956	0.456974957914155	-0.49448022854975193	0.3978312555573424	0.08323086067114814	0.13570808657014757	-0.12491418709848763	-0.17994132718369021	0.2793869001730421	-0.18708447212213153
DTXSID9049035	1.422873446973267	3.3997764673071766	-1.5934143681860307	0.6107062126012321	0.8312649380945418	0.50690408049039	-1.406386524664918	0.5472687157367803	-0.6666640959957871	0.6022358087869577	3.078841842503175	-0.6780273427177786	1.3948935272636123	0.9830217554030839	1.4799650061669185	-1.3058291560196769	1.5720888351029316	0.939664141575684	0.31991207451797254	-0.7906399576323192	0.9457374876870053	-0.5392363852609875	1.2249864941479467	1.138101507151849	0.10480537205581289	-0.19929690538477016	0.6675544682954694	-0.8425873926898811	-0.2847153797041085	0.8525930984592153	-0.8694191780089036	0.23521434376204234	0.48665194247449295	-0.5707204635714258	0.4804322359713202	1.5485917936750837	-0.4038244206556197	0.4747288870898289	0.3733681296972455	0.2853455941144287	-0.8605605407903986	0.47628615044880507	-0.5907594370889301	0.3633877602548057	0.35575160373987896	-0.26398332316888773	1.2153068925820514	-0.5724560192801645	-0.1926551596954065	0.2155252189954571	0.04321220477160639	0.16027512890282963	0.5365359190217688	-0.46966583368731873	-0.5534252974900488	0.008987624470871272	-0.11561876660372215	-1.086886691583608	-0.4305856769245101	0.7089605525918021	-0.07158403381608404	-1.031762714763578	0.9466151139123209	-0.25172064940325856	0.03039109680369464	-0.6063549717681638	-0.370675970282983	0.5455656271688569	0.7846478451671256	0.4573573229423211	-1.0024206536904738	1.2243002397069094	-0.29494744701904213	-0.060945895145624	-0.11776819301516081	0.13327112667498262	0.7694712141581772	0.11560323884836361	-0.03936370667718808	-0.1967590284217781	-0.3405192741586762	0.4989617326076668	-0.6082240732153174	0.21140681328755354	0.726013405128526	0.13510782021829487	-0.1725416734349843	-0.33412199037402623	-0.14456181216039282	0.348130394805627	0.7828660088753399	-0.6094488864009516	-0.3662344364250417	1.0008087469621458	-0.17318157021743535	-0.05145105026261711	0.09167770290581753	0.09582011741681931	-0.23653301741933305	-0.6556921451951648
DTXSID7029871	3.366929640340608	9.107847826755412	0.16670217622522326	1.4357319071578196	-2.525410546959036	-0.7849037165435633	2.4886874806994883	-0.1961112622034409	1.3333595366358375	-2.508636701685503	2.505525129119269	-0.3081286202280103	-0.8845938144177612	-1.9102262793035238	-1.0351226305312786	0.9214819770459705	0.05443171621686927	-0.02131431440415228	-1.2873530452533728	-0.5020985212079027	-1.388730647269212	-0.3985037924319241	-0.20693360098145225	-0.0016227485156483001	-0.5750509185712958	-0.2562960296519235	0.2738031416795389	-0.9694926795499236	0.1584455750170616	-0.6144539298679822	-1.2016171216650078	1.510520107999242	-1.0332595248112715	-0.23700290327709944	0.22853904426886307	-1.0960139622103042	-0.9290204951764737	-0.09540592252097606	0.5531187130080337	-0.6952781055565711	-1.2291010772823099	0.025138854596380426	0.07026127993366935	0.4003750308130722	-0.39327098041723874	-0.060628752513061684	0.3855344173210656	0.3001893934607095	-0.9789358682531288	0.5309300529181122	-0.46578982362039295	0.47492702313824825	-0.5512734296209078	-0.1100902818460671	-0.19239396822606117	-0.21161570060708565	-0.39329557496655837	0.31952419949533195	-1.3361701456675061	0.4372216743619604	0.24590302798598565	0.45073627743458733	-0.3052613599404128	1.2276864615889884	0.26116484898126757	0.3257948295142675	0.5311750794220093	-1.3324641989996215	-0.19357519636763626	-1.6731134075987828	-0.5230178245324467	-1.3520129861474177	1.0230646062015618	-0.5500973683695601	-0.5625403577776733	0.7137591193421517	0.8373057971467541	-0.7046361656496728	-0.49083793750548377	0.1353991962020487	-0.27136782162546813	-1.5275437234542637	1.3998877785515917	0.3361803994235605	0.1073219729465088	0.21185828174128166	-0.11786431230713479	1.1204746170969824	-1.2868233498638642	-0.40184378064840937	-1.3017666255098155	0.17291421504965457	1.4381913347091657	-1.0260675904346446	-0.13734192184789687	-0.7393365750561333	-0.5087350713360465	-0.6598898761659263	0.2953389885372494	0.14996297218278198
DTXSID9032614	3.8525546175949024	0.6146876409873373	-3.913407458507004	-2.9258139768374685	4.033500093740379	3.343100441785275	0.2192433794623859	-1.3389167038279586	0.3265276264844315	1.1740039798762432	1.3375153255800858	10.264877150424184	-0.22106338123190272	0.3967385574016535	1.2960417178167745	-0.08586147692170419	-2.553885856508407	0.49370903843284264	0.2856171181644312	-1.0131357776927628	-0.7043451941010228	0.19990869189893656	0.21452826427531999	-0.22552145504173857	0.23396104340342136	0.3891539171706287	0.6430236146537802	-0.06438373656720422	0.34907104396269634	-0.03918482619673484	-0.4621418071859656	-0.14227448166026313	0.2003318014097322	0.038192759020246485	0.045220701472608996	0.7965985152904979	0.5677825424210855	-0.11810646041716293	-0.6190520396727148	0.21314729990595538	0.13972960556694364	-0.21920438466733044	-0.0961813923666531	-0.2094416227427972	0.03512613090910085	-0.013233920180587931	0.5934547990163633	-0.05740975672171519	0.10527444371078055	-0.3351826611364145	-0.08739744181701366	-0.050754127939876305	0.14544436146611892	-0.23668620734216142	-0.07607588217411114	0.12987841070853334	-0.5629343741160805	0.2810814310279886	-0.29693102447366093	0.04235203188330281	-0.2261218991574707	-0.3528890052515417	0.23054364269333744	0.32559220868190053	-0.28588591748912456	-0.22686607383015836	0.08904523018511809	0.11937833219790052	0.2891693882969442	1.0640658387363469	-0.7300205656747691	0.3433112410188671	0.3669736528255077	-0.8764625587282021	-0.023973828064803995	0.6446320066281312	-0.25214467557598647	1.0395211482908306	1.1827893954883577	0.5616261483645605	1.2622171861457072	-0.0022857496938834963	-0.5498041004202919	-2.092088925115859	0.6842932451915891	-1.3789085280014604	-1.5877721648228427	1.58667989682197	-2.8971642525445973	-2.124790057063772	0.8748707019681242	-1.1587196891359974	-0.1901434462076307	-0.6573828130042043	-0.42592714223285866	1.2903427285807034	-0.3086438316620917	-0.14159102846403027	-0.21104200417362332	0.648759929446786
DTXSID6037649	19.58754268137836	-0.9480375813748748	-5.310347144052451	-4.361298510089867	13.585997309822746	-9.891648502980098	1.139065248129293	8.596516451676875	1.0990376436068503	3.5888373148777455	-5.249221428440566	1.0733049243622097	3.0028170932664713	1.8240301867930153	1.2359537306644302	1.6888605354572845	-3.8786608533397358	2.171280426741855	-3.3279664723955875	1.74424603901884	1.9632033678664362	-3.306418644010561	-0.9688256379462659	1.0284314359753934	-1.5329719041263046	13.5954517791323	-11.297110532204732	-2.6999535849251037	30.451242894620886	14.689554669113491	-2.805783817897878	4.215866421050516	2.511267582302254	1.067430540678949	-0.5672101537995187	-8.329528601481268	-4.787346466754059	-1.4579563966305296	4.244919089047327	1.4497653996454183	0.6452482323164396	3.116055624603261	2.202880182933357	3.7557714174307306	-0.4963421046679894	0.19047857091777018	-1.1294315949549651	0.7028421288603296	1.2601957012967873	2.9412930943107742	0.7124960119239656	-0.22502337825725957	1.005552827172931	0.3710690075248306	-1.4418009451235514	4.14875374428088	-0.9646044770150908	0.15363199499263064	-1.4514070226056652	-2.7834453635247405	-0.13314799250063453	-2.4195155201729133	-0.5947928421158345	-2.6657784222871985	1.7317477858395658	-1.3768150268926955	-2.9314275339219025	-0.7951068980864635	-0.5087647120678223	4.138789797974934	-3.534711177864491	-2.0300515631620115	-3.683692309774657	12.733540527792448	1.9797760901287358	-0.6349244028764806	-12.109017965615237	-5.328148668826829	22.601888406171113	18.31573823194813	-0.6073643556483889	-14.70271889635834	-7.225835282318745	14.256004400286333	0.23565150451277683	-6.796857713851943	3.958952923396515	-3.0593796630986967	-3.5708984383521996	0.6448977804264249	-0.9920995261700587	2.8785245002789708	0.5727278661033472	-1.4844550927484985	1.8277771593303809	-0.4546675510037336	-0.20381467096739328	-0.3490748619135758	2.0424318362184235	-0.2882685762656786
DTXSID7031531	3.318310219224662	7.982265771567071	1.2372791344356262	0.361593960894375	-2.9603196755527135	-2.242879557709612	-0.43587465410771403	0.10847691214794375	2.9568532836889108	1.4362244678959897	2.847450751616958	0.2307716321440523	-1.4475197200087961	-0.0965661488808126	1.601749531689589	1.534251599999033	-2.7689510935897594	0.1389859376657547	-1.121764695012447	-0.261274245246622	-0.8320250521872342	0.12841770248770185	-0.6100957350708336	-1.2971759015709812	0.07960511143624989	-1.3020543057359173	0.8652850595049677	0.7084017576630213	-0.34608289747374005	0.3069779269651462	0.6972129270429432	1.1405207109644613	1.7460864868783221	-0.3662962393001092	-1.4061405480755007	-0.5383730418636699	-2.0570094699901063	-1.1931819137378352	0.3988340587117655	-0.9098528672882293	0.638857039349537	0.7030107354773485	-0.5166872540511609	0.852664113181163	-0.2812095252894205	0.46200217843599184	0.8337273927608748	0.9966982945632503	-0.47951962202501425	0.054842908255097265	-0.1399891493827906	0.18085175953028618	0.34195305431148015	0.4505952386396967	0.5119641616914462	-0.5424302514376963	0.35418961529865706	0.39384884392823527	-1.2450370854132222	0.012825412328127388	-0.09076656616031908	-0.11042564798063759	-0.8489855938178663	0.35675719376080767	0.13598012702963433	-1.162326897103195	0.02835018078976837	1.3401328151072682	-0.25448552067565294	-0.16565163587125367	-2.244521533333142	0.7245428118582189	0.32806202758506847	-0.5838633318032385	-1.296843506201759	2.170430313763436	-0.1761636185038681	0.786403560743105	-0.23672610887122636	1.1793172165914283	0.4210213180068555	-0.9566290836403328	1.632393271388074	-0.8612556233247092	-0.16528639728984795	-0.36151113055895184	-0.3182647397073287	-0.41006025890097303	-0.5784674548924751	-1.3543550749255149	-1.0050696606783391	-0.16006049482067372	-0.08593491359603708	0.19315766051934555	-0.5601330933362628	-0.9217453501580278	-0.4013434236057061	-0.176090003327564	-0.5111739451134685	-0.1407329826112377
DTXSID3020887	-4.166177567770896	1.9889794021152707	0.24973204793422482	2.4324899031765606	-0.5750185148211248	-0.06135126716248283	1.963394436397623	-1.4886112496855348	0.40175894890274655	-1.4719503236087506	1.0153260643596944	-0.3392043541828326	-0.3871106954806228	-1.0041077896725614	0.15491034062135303	-0.07485816713632783	-0.4572377109484746	-0.15553986638776401	-0.6622839842602888	0.20027377421416606	-1.3169912262565657	-0.695227129952527	0.6896520191898682	-0.2987060042625296	0.8120820640960599	-1.2817775418529298	-0.8227987030326681	0.5142066671139207	0.4871369307581517	-0.7943555526190516	0.9461871628670725	-0.08748057229518369	0.018949480085544167	0.14636929319570466	0.14492575092788781	-0.7225800556245948	0.15513115505923947	0.8752133794217668	-0.34924204733974124	0.14702474003752863	-0.08133527387148011	-0.033101116603821694	0.4000138750682609	0.9349063244642453	-0.987745097600871	0.2852228398632909	0.1869198062678712	-0.6026391577413364	0.6061687906126279	0.43165100450864835	0.40001635448260925	-0.15592267681839145	-0.15296532097055807	-0.2846630264459709	-0.209888295693162	-0.5418244471721964	0.47289789641741864	-0.6052964792306379	0.20282720810411925	-0.861221165187277	0.24914268212590454	0.14372694106392342	0.31304348926160475	-0.9239352226426716	-0.17755233779898966	0.19559835405496315	0.2189570928361451	0.2632900683691088	0.7402927021364802	0.6389831014338957	-0.23167408089498812	0.3553926413504418	-0.6336439745484518	0.25615509784438156	0.031158845907622277	-0.3371518413858403	-0.4321947945357475	0.27909734434884115	-0.17880410607162134	-0.45681777003957785	-0.18738082238407275	0.5190840041029772	-0.5043132364824259	0.26617990363492444	0.01391684195145927	-0.11471939338358617	-0.2514572249923019	-0.1838128055105552	0.02441714200505007	-0.047058229226950105	0.084216744850321	-0.04403305959826751	-0.2752633212350446	-0.19065574792920698	0.006298955860883439	-0.1790712009647591	-0.05226865319784529	-0.18837785869695947	0.32804655883354883	-0.09673172055302133
DTXSID6048383	0.28212171316842066	-3.7808881604094173	0.9634132653823102	-1.802366879422617	-0.4982489943879955	-2.697126350883523	-0.9029581273424463	0.047841413358993334	-0.537516755694118	-0.35730195201192516	-0.1538324287855489	0.5499674145917673	0.4913552183551597	0.5883043334906813	-1.3710702243458208	-0.03984593580902767	0.27539348077863285	-0.2867579535753119	0.11754549829100586	-1.085132067609455	-0.2222211594553257	-0.17024817362999353	1.1454953498168763	-0.038087920740847166	-1.1545882737997315	0.6810316072117657	0.2608806828842919	0.24172434366017242	0.32773894388491415	-0.6802309603076322	0.022249333895133186	-0.25210381170770474	-0.42348606273468076	-0.8574072853089525	0.41180447133556375	-0.18532441289009238	0.05638498804049454	0.97635578398372	0.10287257613690624	-0.30887278954447245	0.2752144945713323	0.5251760211977329	0.08104944467725406	0.27798033931163835	0.008230841485825374	0.13596801204253176	0.3079437515972497	-0.22036528774003733	0.03099862793280938	-0.058500800960853166	0.12213942619940661	0.26726390470210515	0.16551889250738971	-0.1060798239930561	-0.3980763183490851	-0.41897907312519034	0.24659615764614232	-0.014108435431814486	-0.1443283526342522	0.2479065471704944	-0.05598117584279294	-0.11560346002740254	-0.20586041556878004	-0.4516771547832566	-0.2072583082231391	0.0019885171832045322	0.47186603147106937	0.18662199085351253	0.17756193949129237	0.04060108231883261	0.23994894288041696	0.09028456911103593	0.2999375448975262	-0.22807709879678256	-0.9995400345105495	-0.16585580071121087	-0.7033805769292544	-0.09763859244188916	-0.01570288531134308	0.5249964396742902	-0.4799280038227782	0.6081288598600477	0.3652033076998684	-0.16812732655062837	-0.30316961161085393	-0.06714369053715058	0.8034912056211148	0.20669598174679019	-0.04398797139908161	-0.10395386670031595	0.5073441620209792	0.2466443763462371	0.25970608035503895	0.13618176476489738	-0.5480149465972903	-0.11090493543852625	0.5263327607645762	0.2201101437130439	0.14816926838174707	0.3273977914489342
DTXSID0044313	-5.400081157953205	-3.3285256410339694	1.77281216709642	-0.1916337762863866	-1.0931752928365697	-0.39845476293580684	-0.08492349441363475	-0.6316097194925113	0.3365215978266871	0.6729248824580443	-0.2608739799302796	-0.015629684160531475	0.5247921203057224	0.013753105815293213	0.4214360231361401	0.33568680648138993	0.1482544733269839	0.6890360328771353	-0.2701744670721848	-0.8367145586712101	0.006143853284399059	-0.39914940912912567	0.09790678671453358	-0.09201878077088749	-0.03537213192823213	-0.0672579717280856	-0.21968449076301053	-0.08729214336623725	0.2492728288625166	-0.3526869784511614	0.233989086873922	-0.023020921939675913	0.0066511122781727	-0.48918077012313677	-0.06203982037463003	0.239055684743578	0.26400138692782743	0.29387988712849267	0.1444352182126675	0.08652387248967133	0.10022420565628748	-0.01163178444162707	-0.2580630005074736	-0.14607500881393093	-0.13576711972836614	0.2560682034455117	-0.08770290294503251	0.16368357782899814	0.193389295698543	0.11265659587865655	0.024204479938202683	0.08997449969818527	0.03143026039430197	0.011245218944051137	0.08428448709948985	-0.2944036946926058	0.26873204751755864	-0.049381433249747204	-0.01405727494758824	0.3733621208132532	-0.1199153180963674	-0.07282794321470894	0.10552402461190509	-0.15342728265344116	-0.412097503617282	0.07732538883272018	0.46445371456970097	-0.09114459332602352	-0.29489913368344534	0.3495079982473792	0.4045565739926485	0.12081681137735269	-0.051756163253886135	-0.04638652341206625	-0.2661282121544707	0.20792222449434147	0.03220521840522916	-0.11635374240290584	0.06579746191932372	-0.01679950977492319	-0.2712859465479932	-0.38262051159314864	-0.1451691427959623	-0.3609393261178574	-0.18717884737684937	-0.009282607263347686	0.25949095804268174	0.2866543812297318	-0.36619971859957723	-0.05410378713784089	-0.1653965997300891	0.3081396554627319	0.2891296053873499	0.46282989632307253	-0.19195017475840004	0.11509247738505209	-0.08696425442094954	-0.224494968850755	-0.15238324395078717	0.06574707474731553
DTXSID6049303	0.7741990461783078	4.817260860867884	-1.0340195428577155	1.2035165084687198	0.8963634717459037	-0.6535691562028813	-1.2260210356011207	-1.434092078021541	1.0537881142636907	1.0682887907072023	2.006309073612402	6.95801887480889	-1.7078063529876506	-1.2216940820772066	1.2337125310411612	0.23398378314372675	-2.416714612066074	0.29228833722289316	-0.002212312156716292	-0.7801324174167497	-0.9284881411885353	0.2828196765049743	-0.4111461109818074	-0.4775005703003695	0.1789352174464099	0.19511365669886882	0.4033254091519892	0.09844130247918328	0.08177570069485067	0.1463401183982601	-0.5848968942072023	-0.2663935000414058	-0.5318145919035998	-0.03260699168070153	-0.7163283415024204	-0.43671655243226803	0.20030577135664973	0.014065204296019908	0.07697599147123017	0.055074554759527126	0.06891241776806988	0.130297466385351	0.03733761314947455	0.5942994976883403	0.019203254915724888	0.18288974445380152	0.3873658389363952	0.14054973697532894	0.20078010093708426	0.2814957232415708	0.12070404799054922	0.1731734854268181	0.19362583511031659	-0.03351684673817963	0.3020472731435218	-1.0538637121620331	-0.28044348854107615	-0.07734889761561266	0.25233172471378124	-0.14091593407452843	0.14851481330073502	-0.2068509834955262	-0.8403263720972345	0.6029065039140706	-0.0630371509904365	-0.15026840400219912	0.45364397268302026	-0.5364085536023063	-0.439512263206355	0.5768817848248169	-0.16657424596523054	-0.7679070213422954	0.3980999729316049	0.1741528036091336	0.8469819573000985	0.5131499282957565	-0.03571128260788389	-0.6379276692921844	-0.21244561301372045	-0.5940834016067432	-0.16541281749005257	-0.3549692623738913	0.40621733509696734	-0.4378774743232073	-0.6251846484443464	0.6055990016365141	1.4357333513725699	-1.5816913392030292	0.6596119085689168	0.21498685154874694	-0.7187148784254777	-0.16286823122169383	-0.29090564252380724	0.6394473280441396	0.33245460959413003	-0.37136421284387044	0.5785108763004411	0.2586006580832008	-0.40795502442855597	-0.22476049371204154
DTXSID0021888	-6.153850875945402	-3.227763050890045	1.8839333217621177	0.2935903244176353	1.1876448289215864	0.28340286116307417	-0.9957932342603198	-0.519039411743634	-0.16040914360718603	-0.7032689943838769	-0.4034682614517548	-0.5042488772240475	-0.5327496174187384	0.659438525758432	-0.7032171749804825	0.6941414422913877	-0.4793475974640473	0.11355678170537292	-1.3155840544782726	0.46794580991896984	0.22078373190926479	-0.3879449447049695	0.981993831069022	-0.39684594930619804	0.35941989536113267	0.6485074867169306	0.708491746740712	-0.7379362816454875	-0.16090340359443	0.6427472923376544	0.6307082956690423	0.3705253724865811	0.32073247173204117	-0.11772431289685466	0.6119389793838844	0.5060153053721452	0.39522478144003936	0.31746795454396826	-0.07419632892442933	0.12125293033878966	0.25918516741970415	-0.22644857716115901	-0.40664894229016607	-1.2184982114638085	-0.1193808435892076	0.19501885835155955	-0.15862517639115797	0.66354860898572	-0.15239664839022957	0.1660120699338778	-0.026300192314665814	0.41614947186683904	0.04733130182734589	0.11207800876945655	0.33763855617668437	-0.3146665741526487	0.8570072438517543	0.17137628567277177	0.01456276402579742	0.08159559404580168	0.11683314261160713	-0.48195288519623686	-0.23097238328762276	-0.44141385523715515	-0.09087926211218281	0.5768247243577234	0.5880238453378214	-0.4345038353856057	-0.2676503662734925	0.16198377259813598	0.08312772054523733	-0.04719673956378592	0.10968543315936934	-0.16385002315299738	-0.38640804546284735	-0.12063639913799283	-0.23023753395625837	-0.6371780575325235	0.07963814988562182	-1.010472243392468	-1.01693323859048	-0.06286597721893636	-0.3139836690781563	-0.0823589379231974	0.1601113980257431	-0.2065023281124608	-0.005838489432929676	-0.5943246398144391	-0.22580952412157018	0.05639271456494777	-0.6243889363421479	-0.22480645725154164	-0.25639662223587834	0.2129255715042072	-0.18707803380027316	-0.07512952656530529	0.12956890308070626	-0.21916105759891563	-0.05168475351261512	0.2834794454557139
DTXSID80310730	1.1609791388438975	-2.3737645943280943	-5.796911324664523	-6.238313099829818	6.932999732284176	5.257106426351405	-1.3775095528931085	-1.0168475347401953	8.05409841523496	3.376907502970493	1.2073386218929518	-1.7822646791454475	2.8355775167428567	3.966615779082213	-2.001933966285766	-1.0422189625634373	-2.2008215161318345	-0.6331550628503056	2.3875876078474647	-0.29233476155021604	-3.241002201221719	1.2288858330945012	1.208490182498855	0.5821104571722754	-2.1376539439573112	-0.28612345249338333	-2.35986243767188	-1.4079514508643054	-0.8568434640433464	-0.928980363041317	0.8941558016500655	-0.8591901416016928	-4.336369454872285	6.28309347489173	1.4812978848267642	-2.729648553290015	-4.283452131102071	-1.0866265587812487	3.032185910479561	-1.5015272236920751	3.1561394709378403	-3.3334248388367778	-3.301431996298866	0.7711569735129596	-1.8097360677934222	-0.19061256538321023	-2.41541450238779	1.4461106874426934	0.6194881276147887	1.977051525284655	0.9926252633293634	1.6732515173673375	0.1567880672904097	1.1605490931310214	1.9245787846815443	0.9316799903314172	-0.058216304638864076	2.66056026071759	2.2222996976438805	-0.902741740553769	-0.44139545241435635	4.173778437311312	1.2056081984017684	-0.020367434634737242	-1.8282837918473813	1.2159390838689128	-1.7765928712931989	-1.1699744699850028	-1.1026034287893216	-1.2277178649098446	-1.5132042958963416	2.1045014038784227	-0.696462010759286	-0.7287090198259628	0.532265971377794	0.8836115385794832	2.926628652859212	2.450128492997845	0.13753251924567708	2.3807996397180857	-2.023379779709846	0.43109030534151804	-0.7575697539421248	-0.7986713207453968	0.7825787652429044	-0.9534862724171139	2.142922379914179	-1.2211365087922008	-0.7506934887521246	0.4533301143865233	0.4681984713890469	0.31825751849126954	-0.22499182475392548	-0.3687705684957591	-0.7895494965746521	1.102149551836716	0.32454870194737995	0.5850310709481488	0.01292137717526364	-0.029099131930932727
DTXSID1052587	-4.798257745492102	-3.3324351899444284	1.3754871570798466	-0.29384529447101065	0.7890761264723899	-0.6925249291136317	-0.773730033205188	-0.14920109764504655	-0.3016258672544832	-1.4052081285242568	-0.8969519075329453	0.23231610827102414	-0.9305508852781428	1.6555396638080453	0.30780525612943804	-0.31642569519335095	0.4399678078035992	-0.3748585262703699	1.0466325186759038	-0.7964032356199453	0.19627541515531385	-0.20511360181612626	0.2065317988296142	0.00037625098992121527	-0.131096803023746	-0.1589122165976778	0.08678539032800069	0.5002552307445359	-0.14698380885180914	-0.07854103504401642	-0.4327344366575545	0.11856732671587814	0.6924339456194019	0.27219189068296656	0.13152944598032554	0.01314245279675371	-0.2696305273235479	-0.10922647372694808	0.03419566224901887	-0.08788094206959016	-0.4343125672768525	0.42367560434496904	-0.3822407963916816	0.31857292524476954	-0.712084704354222	-0.27695966326273597	0.06970804290899767	-1.0075323430942134	-0.18942343398607767	-0.6768273112756917	0.2026380664205885	-0.17982675482137006	-0.2451358047329873	-0.09137978620631954	0.21119875231476617	-0.7314709488123046	-0.036441850646392375	0.31031885239216034	0.4183088076240765	-0.32938484199425766	0.36291565686275906	0.5402576123438096	-0.04886633566416522	-1.168051690996855	-0.17198683903228687	0.26325565050483024	-0.04159729290923465	-0.2154352537734185	1.409290976607973	0.1485853813809868	-0.3846612657003994	-0.2914865062932563	0.9998063360698468	-0.20104557593921568	-0.6696544586010721	-0.6970372713971562	-0.22567420472762817	-0.5492896883605243	-0.3094369085989949	0.02590801970410837	-0.16605137645987894	0.050929699292039964	-0.02666447225045911	-0.004156535889300706	0.010594740421941569	0.26365448294671606	0.25437279118007705	-0.3844901084052359	-0.5332739665559129	0.051336104021366256	0.11561326153755241	0.22506923404810253	0.3208747730520922	-0.30276173047943394	0.1271269148049757	-0.47302687763440093	0.13565186320627218	0.12739230653936073	-0.2889130092487216	-0.1512634155005701
DTXSID0051447	2.9566947196325533	5.270967608701049	-3.1362026706737214	2.100332673299158	-1.9225156390331322	-0.7056641216659437	2.047304588398895	0.9966152342355916	-1.3463468923965147	-1.4763037480383145	-0.8583339376070154	0.33627911184030207	0.1666811853273768	3.8158022196397967	0.48271377082431915	0.023802176180391373	-0.7682549834209291	0.5141467997223559	0.9039367745837884	-0.03936322498121383	-0.05252778994282085	-0.9211406310038304	-2.6571828108078104	1.1977012467465726	-0.12487106120711217	-1.392845057925721	1.9817619882570874	0.8434676228719687	0.5561599951640072	1.3721677805442367	0.7524363773757395	-1.0101948468160433	1.6245204884584266	0.07257727131473143	0.01635528971372526	0.1603964037486322	0.385165081491412	-1.2021192157130955	1.1621892898339943	-0.509542703749565	-1.2133975728735775	0.8270223563163703	-0.30522367497785396	0.42300606955613496	-0.2256232078762196	0.15720198478811767	0.02338997370535743	-0.3527161009288013	-0.2126993318248217	-0.9384326247596443	0.314503666888123	0.4081847223625121	-0.5238302399137016	0.4197133658130212	1.3630162372912638	-1.8394293259738024	0.03746687815236073	-0.07529411250166733	1.2681373791223616	0.32854004623876354	-0.24089601149956766	0.3051681973656404	-1.052973953127076	-1.9928711931435223	-0.27994352370431613	0.9538121435614697	0.4063293403129889	-0.5678242590624366	1.5175252245898831	0.6346842235870104	0.31499204002118214	-1.4709992661367768	1.0121776045484212	0.27171474650099636	0.33233248349072975	0.779527794086945	0.380469887981525	-0.4326978101599308	-0.5212598102806376	0.13694165434387184	0.6666028545192308	0.21834193682100747	-0.4692922419868809	-1.0117648342867964	0.8932815321878366	-0.038325713207843455	1.0978110793780793	0.4237314629914217	-0.8697794223048099	1.1146769442460904	0.3063688623398854	-0.044382899928049016	-0.4053240360725263	0.5958288139950038	0.4423306996903997	0.38476769175866343	-0.49033841752486934	-0.054815353031657535	0.2049279563040758	-0.46268691416313534
DTXSID0048890	0.5579448069930407	-0.7651828605495599	-1.5420799414157014	0.9214677375727948	-2.387170064143692	-1.0058398000775162	-0.6293474340047216	-0.803311707532732	-0.9229300921380075	-0.901864478761119	-3.125435742459243	-0.8811062613279623	-0.6238091795938722	2.6583804449882833	2.6852696479987195	-0.6803113447054357	-0.16779666962839385	-0.18540624922277443	1.7218599481075916	1.7546983322366805	1.1632658912078646	-0.9042795108101201	-1.2099496723894139	2.8231094298809976	-1.658949953037324	-0.7090889200514165	2.7426446822621298	-0.4798230370616561	-0.9513296949395692	0.9242177638639841	0.01964881742366885	-1.2981210527089047	2.1598643158464492	2.0045972626254422	1.18296587961619	-1.5787625302805903	1.009703578586755	-0.8788590333759676	0.40117122897727897	-0.5164990889456135	0.0959562333591748	1.0995840028362132	0.5920786554168909	-0.06381202217655542	-0.610102455650294	0.12739792619205398	-0.8406004982916718	-0.6146844494925467	-0.36336186615131744	0.04048156595461338	0.5254946606257916	-0.11030691636993861	0.5951831102653434	0.10695822109101587	-0.4930057600573981	0.5918148482002914	1.02967195401687	-0.16494479797946077	0.6084781161966571	0.49398371528188306	-0.8339587448259796	0.44189167209456837	0.3562028553421515	-2.5750703147654237	0.2162718470039408	1.3102296745713473	-1.3141885796242343	-0.056696645849613876	-0.8552276619918797	1.1707865712077716	-0.17028809994236263	-2.2963122912939617	0.404862561159345	2.700691343455832	0.4267555161069222	0.7551701145629164	-0.8735078235258811	0.28511329006327873	-1.291895252347003	-1.0476879582321692	-0.18156093480930438	-0.5623453903549983	1.091305195260044	-0.2319688465807199	-1.4320370052309228	-1.7361299842812914	2.4589288579477087	2.109065968411019	1.0022993721341478	-0.6597753227132488	0.7225797168929045	-0.5733523114984748	0.1669055636087579	-0.8570259620093643	-0.12671920911606963	1.27082644662462	-1.5770694336628197	-0.2942227959461976	0.5814523803571756	0.4146349210712655
DTXSID6021030	-2.0720700736985425	4.620681834238674	-0.810192798721819	1.1879999877362268	-1.0736893736780795	-0.3268386895730694	-1.2973717674736915	-1.0508387319934003	2.5554744003199956	0.4567675177194012	1.474538624861253	0.4184148434749922	-1.3919903725534442	0.7073026957898404	0.4775509913277907	1.6391025285800827	-0.19481327923561836	0.5497065761691179	-0.33880941075060794	0.1801525730370976	-1.2309534093967973	0.4737692948834559	-0.5635818146099956	-0.1748206673997135	-0.6531565156916175	0.625428057321414	0.691790047704857	2.360671744551987	1.214017425492399	-0.5269829102447903	-1.3892528909275785	-0.5182611791725477	-3.2799473133318493	-1.6317495933120922	1.2565945906874147	2.23546323759035	-0.7110221008390246	-4.1284712760854765	-2.598925668447382	0.9526230699008376	-4.627013614725119	-1.9517791638274602	-3.7244972228052315	0.5216504263239248	1.9192984404545643	-1.3397469776548725	2.9379237068075077	4.660649932506632	-1.5571488949362318	-3.843344178699165	-0.7834741396679894	0.8981611033571396	2.74584328414914	-0.20646335668335586	-4.518939875606452	2.5824717349410484	4.220321863373621	-3.7933403764123055	1.7007474082374445	-0.8598092155500897	-1.422691976606164	3.279391007878987	0.4996190046948192	-0.7406547378805027	1.725686003168476	-0.21692979376828392	-0.6542183983890868	0.24185488961934584	1.850394963885263	0.087229243936456	-0.19309872471250775	0.33178793957512276	0.34404796281977423	-0.2992260015012323	1.0008854452779012	-1.1410029930614893	0.7407164570255698	0.15888940534407797	-1.0264264876134637	0.8475609282787282	0.23251715104064985	-0.7703681789460733	0.22086531086943909	1.2888741502638992	0.30638049508663334	0.8463514792470423	-0.13247730218382842	-0.5410581248163908	0.22795471890186966	0.6208550929943668	0.11912801946348985	-0.13190740868350115	-0.1388800842311608	-0.008130903856348952	0.036614131914680915	0.04074536833578956	-0.1433375084041811	-0.3297280491876731	-0.22700566397076735	0.2533573532235189
DTXSID6046399	0.17886802230240018	-1.6500051010690493	-5.001583809427937	2.325991794709977	6.9437289827285165	-1.7912975189740525	0.36552412266036477	0.351469899327318	0.5066420189604847	0.6520915702664813	-0.9828047257610729	1.4889002180456612	0.13686820466284444	-0.49226099142717245	-0.9895823097758613	-1.1438216643886034	1.5271456383518924	-2.2215179927988826	0.010278538247908486	0.577267729287453	-2.2669093392807076	-0.5530045837459976	3.3389842481013723	0.3184068674155254	-2.2638891760123063	-2.6055334817887226	-1.336946856770007	1.6764826534231563	1.4025624977253213	-2.243514021672189	1.9544567087374587	1.9686568505442834	-6.212245185776147	8.24539067526783	-1.7519929636788099	2.4627282318611305	-1.6708967953044014	-3.2960272117508276	7.386778450984909	-0.1444821581781139	3.1589838932492893	1.7476367348303787	0.46382548635516274	-2.845447002491203	2.0591157106256763	-0.08074367878699797	-1.2177170461614064	-0.7168669571248789	0.05017497610881325	-0.8653106966627502	-0.3864659781420958	-2.7919866048499786	2.251268850224888	-1.9796381793096736	1.5598333959891106	0.9737472928120458	1.4746603265679095	1.0257750625059965	0.27306634373334776	0.14438578644172967	-0.4785722506394144	2.594802236281338	0.948921183812774	-0.3966874232325741	1.8988747698392823	0.2547641221843425	0.905060386504821	1.1597291005875878	-0.3817975043103805	1.2065799189471536	-0.38341853567982953	0.14740110617462604	-0.38147375883550055	-1.0163137363236088	-0.714694449770813	1.4187402755522847	-0.2808508270197089	-1.1647930827404274	-0.12003064903320351	0.5995436659124022	0.9040667778075455	-0.18852498993076605	-0.2726462307891326	-0.70846835458366	0.44376440061905753	-0.22292636487182768	0.7193998788455773	1.0439680853551583	-1.0815819103214934	-0.49902065919392935	0.58257053622963	-0.1963018747080545	0.3571741929606591	-0.3101102420131239	0.3869389134019727	-0.8865425455564764	0.14739348352407033	-0.23537286319612613	0.0785330931623252	-0.3147488438827022
DTXSID2022672	16.805804687594986	-3.3729318991372024	7.180245954100825	3.563126862246219	8.05953455449843	4.194796498686649	-1.7080821518727127	-0.5512660493107844	-2.650654023482702	-1.4571577227470125	0.3238222949149019	-0.4339991206276257	-1.8588074752178116	3.511752743810865	-3.539887821483947	2.605757513003189	-1.8698191199454925	0.4720044799421207	-2.718725883832964	1.2294619320185356	0.6997204911687513	-0.3627015251165611	-0.06916218754881925	0.2176911594478886	-0.32492278816098097	-0.5788857347936579	1.2078848268501916	0.32029185564762575	-0.7784413006366858	0.8875587044536165	-0.03502817930274366	-0.363253591037887	0.5000226222907114	-0.030230368030247177	-2.1605344182167934	-1.1574647519040853	-1.0823943620581484	-0.20341978489612236	-0.705237676864819	-1.2516707355941843	-0.7559592442934508	-0.5839428523120778	0.42063422171561843	1.1051715369126351	-0.5754533161232046	-0.7213269280233972	1.0127621883193478	-1.335848231630668	-0.001980024483416852	-0.06840611450801087	0.07326555316913004	-0.9109420110150133	0.5635329656599645	-0.4457683889864869	-0.20192891292927817	0.3755844889607193	-1.560417096159297	-0.5601835016116572	1.128064273553805	0.1991031094826103	1.7696383471776518	1.5042869831437335	0.4443289027513277	2.2576757352805683	0.3680735255642752	-0.3046844431222747	-1.5465950766439667	1.0614762700317675	-0.30831685741824166	2.3477778731755654	1.796541074838826	1.2763230495627444	0.4742745223961549	0.15116463460337803	-0.6781527704696823	0.624051732419331	-0.6150380019635613	-0.4853015865554929	0.23386068152167133	-0.010937013465109679	0.14354314073021227	-0.5743293523003428	0.6257140504799918	-0.07936212281076369	-0.3656651151900616	0.10771973730773035	-0.09026144973527023	0.39538111646765656	0.4120928306917438	-0.038837404299314135	0.6030998877181518	0.0996676852374098	0.8524598119380571	-0.2919668429942064	-0.4177497564271464	-0.2078970931041762	-0.3138094294967734	0.1038739413584297	-0.7907623962792004	-0.1905987956147459
DTXSID8044709	0.7538031411459758	0.1796885719210644	-1.306166359605076	1.1249949903242493	2.4531373782854424	-1.6438260676017278	-2.4557448744360335	1.342298288644543	-0.6859361747919246	-1.6812758004256452	-2.4601487025322952	0.15704727317882197	-0.13516216865116656	4.127849538194273	-0.3279112369783998	0.38721060208937175	-0.8557802011396064	0.3468201353460767	0.49071995175720556	0.946033621584125	0.6690737964795043	-0.7412293835726482	-1.973400503190446	1.2527743083817748	-0.6343664440466265	-0.1175560247282528	3.0553439021036195	-0.085448478137569	-0.39171021237420317	2.1625214503796197	1.252497134875585	-0.4033391255398955	2.7295531962269504	1.087678230286458	1.5886224206397337	1.212608236805956	-0.08247362825141383	-1.3211100938704665	1.0769614776804843	-0.4484108339331827	0.3256728656015285	1.0849874311332983	-0.5597594487710831	-0.048538094390248004	-0.8926417506778499	0.07132225355213757	-0.44469140367117954	-0.31543314947169815	-0.5729814102075415	-0.7400330899896033	0.22894059183042817	0.17408383924306256	-0.6582535679527715	0.7766084790286528	1.1169299619535722	-0.8822521718117237	0.7964751950940449	0.5826029926303216	0.3929217326832036	0.055714232983144395	-0.4374267770202413	0.651646757380076	-0.9678090479311708	-2.5178992709817627	-0.5153842509464193	0.7983776303592119	0.21054723328110755	0.463574389411764	1.3473303124216465	-0.3278525449512669	-0.8413502687094508	-0.5145596190394449	-0.5381103019803217	0.5751454703230374	0.2643724981587141	-0.05367014622503249	-0.6954371704372253	-0.012124116334469746	-0.7103401059946526	-1.1836698258268818	-0.7628631414690502	0.3212978492756026	-0.09342670383671411	1.4437015135994398	0.6162987667130817	0.3741055016668283	0.07293441245061479	0.038189001266358935	-1.157734903635049	0.07465883457058053	0.8712675903449654	-0.4768763943789172	0.04279891999398941	0.5796911716711649	-0.1427698869975	0.12302088801105433	0.3537929959924638	0.03890491769324615	0.4331629697195315	0.030027341407150486
DTXSID2023016	7.256142787123986	-1.8967759525095893	9.343551868928774	5.547442425216382	1.3646811465761837	3.880584689325908	1.1647672239464355	-1.7832775660111306	-1.6408250790556373	2.6749544270750443	-1.1086472681622266	-0.332921645909488	0.9752876430800834	-0.17084777646791482	1.303499110475861	-0.13792267291252736	0.6743715241934909	0.4484021458302922	1.9558309034277026	-0.446916934298231	-1.394455370155248	-0.6445674982907327	-3.0036750926328812	2.4388950654165464	-0.859793488845514	0.07423677048990981	-0.3449837133108623	2.2267471588945615	1.2049542415936503	-1.202010333584519	0.27175138932279913	-2.605114813952383	0.8158339133550221	-1.6643204901225361	3.439286175571372	-2.524514555922389	2.9678856064876853	-1.768314998884894	1.4183423045699666	1.4177000700511382	3.7647117433197437	-0.43702656989953653	1.0527465267141634	-2.2966610853487377	2.480961963555859	1.2506390798648446	1.9032128483831727	2.320726283711614	-0.8507974040548314	1.6207242549655392	-0.3379272397842604	0.9338586785150715	-0.8764427144882229	-2.6584008299639574	1.1360026487712869	-0.20109803606772308	-0.34575331223740013	-0.061011936683818595	-2.118993300860857	-0.36784604866929843	2.034899728685901	1.1644305191016142	1.1581633039049815	1.8856187579778307	0.46171592019655927	-0.19305722182928542	-0.4373652019488063	-0.030936677421358572	2.021654705040848	0.18312904280145673	-1.8195942801376745	1.3009747527876525	1.0471620321859576	0.5150068460386035	0.37097819797897735	-0.3855708958879309	0.9174057136602141	0.021189455719682906	-0.4589029368636563	0.4976628157483792	0.06255886594806283	-0.8102126766311707	0.1789459018643463	-0.2730734846575978	0.12044075790384909	0.1264260135590352	-0.21179702474046197	-0.05438112472198675	0.183602832886825	0.27219522118113115	-0.018710811312664916	0.5221768546354362	0.1660859005661346	0.05449205902581718	0.38397988267468247	0.2572784881571298	0.1965890404843644	-0.05842012676776402	0.5421758393951763	0.17536981568315224
DTXSID6040745	8.319423892558614	3.601903326448864	-1.4799248679924415	0.4161813458477956	-0.2143032628162365	-1.9946930282065287	-5.894162230381856	-2.1119835108083818	-5.162870551809352	-2.9485773963169626	-3.355523374000422	-0.4874391620649067	5.784466471487271	4.077550498050747	0.5275120784230536	-0.4056316379113652	-1.2183380842406513	1.0214910672716726	0.26497802830821265	1.9095097473053229	0.729248257124478	0.051232833308112395	-0.9807723275665751	0.6013258795404025	0.6296606432112611	1.1335032082522725	2.3174440423193796	-1.2695002378679774	-0.11790665845098666	1.1979085330770611	1.4848654503662073	0.14641792773540116	0.7060240947800733	1.4379631829794728	0.9458992098376937	-0.5437617870212988	1.8582688397919809	-0.16342504170602085	0.0931257379894806	-0.7316876224319772	0.11198812798184525	-0.4379085884651002	-0.47386050596627	-1.4639626284277574	-0.4763552935747744	0.4818615844116117	0.041317987254467003	1.0192522401520796	-0.4545243779214442	0.5338279943908355	-0.28467390338306275	0.17839276676893973	0.07245767277389259	0.07954094115640332	0.9567246353273059	0.8343872644635939	0.9077253196127212	-0.6579194407390255	-0.641040082562052	0.6175900929536956	-1.1975303461471365	-0.5035657961437348	0.5428374949281511	-0.35034425443098743	-0.2117021406690255	-0.4974131802553072	0.003940993613538914	-0.5714277317594836	-2.2911910553800285	0.5674191924347647	0.760465222460192	-1.310430656499022	-0.798831129808847	-0.4399189692576893	0.537714087549217	1.9779766440534823	-1.4052971302746686	1.3332441359129656	-0.934850782511354	-0.725207059292418	0.7370792432061599	0.09448270898326751	-0.6801953546676842	0.9851754330737886	1.3697817022935	-0.13746465212159895	-0.16749527386319987	0.3874976226725164	-0.421220244543823	-0.12401991703312222	-1.1806261470557997	-0.21099990575829036	-1.0017056992482596	-0.26369673126422305	-0.010905693476395606	0.2947579173352808	-0.24203142993896595	-0.2678280681558985	0.3810420108485707	0.31921223856119907
DTXSID3047136	-2.3829262227190284	-0.08361884408494577	-1.6395996735258758	-2.967514335557245	0.4978240000948736	4.764488872382307	-0.13005965789340695	-1.7147140946929955	2.2195061635468365	-0.35970979293918975	0.7651884531127758	-0.4013834172544687	0.12525240583257147	-0.1371069475216218	-1.076298973433374	0.5670257737716217	-0.01196975910253826	-0.4398557827748583	-0.8285280653798788	0.9344056735623144	0.19471023518642921	0.182515932678898	-1.9107586825977603	0.08637210386747922	0.4348740100149311	-1.4177103231698185	0.24840143291799371	0.11157669329195963	0.12570740816192416	0.1481272354986598	-1.523586016321995	0.43796882872894183	0.7207171483707862	0.3093531202516036	-0.3769241000026628	0.015910846380531214	0.08743740041050364	-0.15788608746032365	0.36347628389775216	-0.15503244924855947	-0.2979837133518702	-0.913441019053556	0.35376414718201393	-0.04021366517614638	0.30409678427479525	0.5925639200587359	0.059609741626932916	0.7164784454158382	0.3153019850345193	0.2147300451770339	0.0023094549626885468	0.17984911285476704	0.20065018224868253	-0.19860012397560703	0.894360052551556	0.698916333174488	-0.13479539484706626	0.02087797908042496	0.22462807056363215	0.0918761650615249	-0.43250411377012715	-0.1875794756302328	0.4456564552233198	0.11977073896230986	-0.009381238594435997	0.009716390440923471	0.23404079156085505	0.8954847186332047	0.25584380552933783	0.6038886244105249	0.3338976333069047	0.12612695374629668	0.471280764259243	0.31406299321280295	-0.33000877598681605	-0.003924083287191992	-0.0073753684528126496	-1.0231915071963484	-1.1406710431386664	1.3822221306383276	1.6199797831868294	-0.7730300794820419	-0.4761026180844825	-1.1011299341963976	-0.2354402671546946	0.3304303430421722	-0.0429506870805312	-0.091780533419198	-0.15086190641127736	-0.2719467187616797	-1.31102615061896	-0.29170920014827845	-1.9487604205546023	0.5530233737828959	1.993027633946474	1.523845114583713	-1.6847955336381712	0.5586846227327718	-0.2782971585239217	-2.224460236290625
DTXSID0047903	-5.448749110435681	-3.762727458972622	-1.636095985005561	-0.18337596138941395	-0.3481104088954091	-0.811619951392303	-0.20985589046931727	0.09873426542217108	-0.4356984968684508	1.092408443521096	-0.09416326800085782	0.43259447039022664	0.38108445648417416	-0.22473549387051395	0.3621541929853155	1.4913910354836584	-0.5658125104378067	0.09526601376670037	-0.06111551347681938	-0.5781117022877547	-0.3078589992823655	-0.0829857977136287	-0.1780277270744144	0.4919411878498378	0.20062489413334456	0.04582265264698054	-0.09731086253703358	1.1769989658859619	0.3300317067303782	-0.3209245368453854	-0.1221002225694311	0.2024121720371676	0.427516310507517	-0.13173897125479883	0.48857688732201415	0.08260956275494893	-0.15648750001992215	-0.6535673705151767	-0.40905568711924134	-0.05248190178742302	-0.028145560527246243	-0.175802924027267	-0.24252448365143342	-0.08310103525953845	0.17049964587286937	0.18371634522277744	0.210410583475017	-0.32907716396536063	-0.19439408803135466	-0.23513103435645694	-0.013845667230699502	-0.2754765834818643	0.3027040237500411	-0.06797479783836452	-0.0774867640367715	-0.20584213894541584	-0.223416140037614	0.31449771720216607	-0.013513219931031677	-0.03838407433524746	-0.003088068289563418	-0.01571161307776833	-0.22611567174433136	0.747768950474116	-0.23001162422952462	0.3162888129323889	0.10332050904460922	-0.22537913966967138	-0.24936362311701257	-0.310350029030873	0.47807080798524365	-0.06053648958007572	0.25819932259256184	-0.0986813694497973	-0.44842260019558533	0.2629364529376096	-0.4773225597982097	0.2521134463341312	0.3394493754992016	-0.4122294975191426	-0.02738647978068394	0.7379681197655444	-0.6844557600900761	-0.4056619480247741	-0.838894446978541	-1.2781427866945523	0.03168346886301357	-0.5025775828782089	-0.46484781122427304	0.4929232714605247	-1.1729520926241663	-0.6030076316988194	-0.1608156483494043	-1.1035487861488178	0.15758784865243	0.497475563337407	-0.4358893165408256	-0.10444265372800654	-0.3016722828230488	-0.7878085299305574
DTXSID4042094	-0.23059652447063783	-1.1645993843723785	5.069790881553391	0.5419161564896136	-0.60757270955842	-0.4678065327938303	0.9522820801187976	-1.4048074711650358	0.4927000253627483	1.2122886687107264	0.05649916797138288	-0.18693731916402173	1.0583047639367882	-0.037169864326690547	0.5579756008075586	-0.4705711900488655	1.14789945472392	0.7119090046587032	-0.2464335244310224	-1.6999597715898247	-0.12192534699381782	-0.9223857048398698	1.7819377587166878	0.4833483181678253	-0.3644768313232992	-0.4955481519776853	-0.051918056091037605	-0.3954194664958821	0.053886403572356315	-0.08534295063972801	-0.1560317739158508	0.256648717229876	0.9526833824553598	-0.27840946206129064	-1.6697972594349408	-0.12317419831077285	0.6543038676177237	-0.8278135581085639	-0.5413985615714559	-0.6051773803404815	0.619679700734328	-0.16525776750610363	0.15475026554197696	0.15073002851897488	0.32174176621163725	-0.684225530343292	-0.7617960029076514	-0.26179097512750027	0.12098997242075372	0.1705204464696393	-0.04966394723938577	-0.5661699167412745	0.3015523779117098	0.0487281302892733	0.09170746529376614	0.27289243918948575	0.7627776255789552	-0.23714273405187417	0.4785485605868217	0.9416190404893678	-0.5186606271539681	0.457689862888818	-0.2930362666818156	0.43881355097069646	-1.0774788666363506	-0.008692132120984257	1.3158285991846335	-0.828974114097825	0.31676163595332707	-0.49878702097929895	-0.049179319793813424	-0.4598400726175154	-0.4018829380443602	0.4789631964487622	0.7367245476187583	-0.5639625974252217	0.6390969457906382	0.17713626381204706	0.14119704167942257	-0.1544197056604894	-0.7474737647437631	-0.25142423611112363	-0.7664734795021898	-0.04710522789004994	-0.11613669959485261	0.3566437498453348	0.4122459644917611	0.4421244250120297	0.2859112115286392	-0.35609946995195063	0.5860863548186152	0.16875425671941088	-0.29910836801053253	0.2776827963880243	0.14046248982743462	0.4434376174717375	-0.23133520187368747	-0.46756375000336	-0.3300122237834185	0.3085828594181859
DTXSID5021411	-0.2104477823785326	-1.485706719025725	-1.5783285662736333	-5.9803995843145055	-1.7086429994522192	3.430306481504257	0.39476325744864127	4.94992042293866	-3.353750049605365	0.7106680869544117	-1.7163973549277962	1.527250986322621	-1.8917344117306794	-0.8145751328548032	-0.9978786790099267	1.270106705667203	1.1268915647246327	8.53985426128486	2.0914707109171866	5.2024036698057	-2.4127292856843816	3.5204217937405655	2.591101238279868	-1.1108557132602062	-0.7455009543328915	1.5580582182778697	-1.1298827076188769	3.318996490624577	-0.5995828810856553	-1.1436530863627925	-1.427849788615131	1.594840991528146	1.169481668853662	-0.26637544544484315	1.1129516006252635	0.5354375727796262	-0.4786429918008321	-0.4781043097208801	0.30585174658019193	1.248162810181755	0.9093323791548688	-0.6153364248097883	0.504244077964892	1.0194753345668954	-0.5027551165339378	-0.0137911438282939	0.2243702305418594	-0.5027775762376971	0.44897527088269823	-0.6990512386291936	0.25023280718790375	0.034749029054501564	0.5482097635449982	0.05407154287036301	0.48772978528200694	-0.594611269233244	-0.11852247470746453	0.46449764003186705	0.22110669111588696	-1.622748025924671	0.12491601573051384	0.1825591357174762	-0.935104738598113	1.173298185279737	-0.4254644154330113	0.3170795056502511	1.369733426870115	0.6376724041773046	1.0291828347331944	-0.0764672541445309	-0.5029652613054979	0.08507325162369196	-0.616034932598606	-0.5861014741443309	-0.18552749950517883	1.4442346826005754	0.3402036347500997	0.8422503210027339	1.6241859851776572	-1.202940234048771	0.5814296519242593	0.21261619295954418	0.2570567913483444	0.38101447774066016	-0.13413920203452168	-0.4683483209720662	0.42650021568984847	-0.08676088012006118	-0.5065513756660184	-0.5726656880679433	0.3958643077446067	-0.7481215300213717	-0.366749500567698	0.12951045917743967	-0.37225460410949324	-0.6575679022121204	-0.14453578602952302	-0.17615934087615961	0.213009164575327	-0.20524486323886726
DTXSID6020222	-4.828744522918642	-3.062065057820482	-1.0745449778172325	1.0362999787435505	3.7350510137511956	-1.9958912857376054	-0.11864974260701412	2.3720287665411925	2.945116739224774	2.5458034306325716	-2.568455926711668	-1.7950068435232454	1.8947557095734942	-0.47712755139135166	-0.2521346683077829	-1.4333740354048101	0.8702878149402646	0.16203411758411518	0.5747341072129811	-1.165035964456152	-1.4084354324757329	-1.126659082662143	1.1071309644962137	1.3617004530361025	-2.4287039941876714	-0.5824937093173923	-0.44467289313246555	0.00403524815080323	-0.06694490426556765	-0.19279032731998288	0.4013354713184044	-0.35520313940094206	-2.088568034175418	2.373160427847839	-0.21030757133386027	-1.6086231463033753	-2.4052044045523857	-0.32361658971291013	1.6234182989367345	-1.2611417497140442	0.9453262571673489	-2.287217250496975	-1.7732226861637983	0.10010020998129458	-1.3129475471385046	0.034480572256847655	-0.159239070802265	2.039497930887093	0.6425686719767447	1.468470878989548	0.5406915861165855	1.8781042166771287	0.7385100339697434	0.6998975476852484	2.1023995227151837	-0.3360806562415813	0.13607881874026573	0.42320000470767016	1.8682316028304204	-0.6566227049256455	0.010636188371539809	-0.38524157046535984	0.37070392049634127	-0.2583117471507188	-1.5186469972031542	0.3424244121087098	0.08278718490553261	-0.8760193433898266	-0.4801261721203062	1.0940615133186111	-0.0818707421495361	0.1388079153432739	0.15588237156543544	-0.2583721282537758	-0.499002191549983	1.2312213416443774	0.8207031331305821	-0.6687230660214654	0.054562574894302836	-0.911453487931688	0.12794819724458412	0.5921465642963651	-0.7054118558217435	-0.5456367822434993	1.0996295735456842	-0.2849769941584502	-0.45513153977014464	0.37192094581797114	0.3158051994242136	0.2843272919983452	-0.10103437778801916	-0.16544298932481333	0.3536826973026824	-0.967036980655758	-0.4853212831113699	0.21298593799844984	0.23657456117849598	0.1205757404497919	-0.4337932667378037	0.3652103535305924
DTXSID7040360	2.8376660081070524	3.707621073271028	0.49642176363610707	1.3477613030941882	-0.5619241449070784	-1.1150313706156352	-1.4696655583283587	0.18861704184488545	1.110793906139957	-2.6863182700947523	0.9308903240435952	0.04688838973424336	-1.7356097176459373	1.5045786229097378	-0.5996275235638014	0.5996859505587872	1.2341899289009304	-0.04554200179938941	-1.0115153841329658	-0.7586337471020626	0.11772143392668839	-0.5502427399934051	0.07613958380873904	0.05985794204644592	0.1892319125121254	0.23169468874787622	-0.8074874448028985	-0.3121394216324206	0.17885097086022853	-1.0205397462899113	-1.3380887892325755	0.6402041530606294	-2.124868410783088	0.21230045511239956	-0.9984868490921458	-0.3118172428927351	1.4797564254615658	-1.7066255747254875	-0.36017385912711986	1.7836311701299452	-0.5648138998518567	-2.6602800879205772	0.6050594767977084	-1.5857326142558446	1.143828506099968	-0.9548157631485638	1.5772918190879115	-3.5645017297260813	-4.314283409019914	3.76183851137382	0.7644602368590359	1.365404201377758	0.07425327465411635	5.616432493166145	-1.1390190966681097	-1.973564791846982	-0.6756530559568689	0.44292490120080785	0.24419233394121745	-1.7373012374828602	0.08093303805393683	-0.07033773467195377	-0.005907264349170074	-0.13072227742156062	2.462768613503875	-0.9803413894013698	-0.44438364379702644	0.4589382089647315	0.8288438465339125	0.23573309950473387	0.25551731882126233	-1.0522618034509132	0.6564565924418035	0.21015564223657457	-0.6517009537823624	1.3492164133544964	0.31008658157095387	1.4597402520459788	-0.5042434673545846	0.808325266913813	1.3445378780574666	-0.26613654500687545	-0.0910602146734591	0.15655168267673258	0.03117740084011762	0.4510663016813867	0.4026404324233032	0.4789964144197883	0.6009653275384468	-0.49663746611934245	0.21053419628048448	0.44227853921717897	0.3802265766714969	0.5830265871402467	0.22344933140047993	1.1571047376602626	-0.40517193134787466	0.42592296467201024	-0.1375501326963681	0.1317427933429206
DTXSID3046748	7.036793999225944	-3.0606874886593842	-8.544435597011683	4.223563381867992	0.9010431685474589	-2.6748863489668295	7.902032230733644	-2.23824049013537	-1.8123792600161408	-0.6050942375837992	1.4898301839044379	-1.005567660659049	0.5435194388423543	-1.0650680767297342	-3.834771534572172	0.9612813856347541	-2.320192335729068	0.6561847799208502	1.0318106368150406	-1.2984728034853361	0.8122744818898796	0.7337657447675889	0.10332044470200753	-0.7965345468797581	-1.4993764427245566	0.9980149654720734	-0.17084088163042851	-0.9315529287484244	-1.065103449135968	0.3078190576107499	-1.1898033823057568	0.9233585423928666	0.6843558726589518	0.2889658870313281	-0.4554521272018613	-0.6854792617397335	0.31412243358235353	-0.2153892910386569	-0.08194026107244168	-0.7015400727431934	-0.049230878615690955	-0.34306795326053574	0.4213826113469529	-0.19966336819360023	0.6892378428734721	-0.6913343633716731	0.0969322089164122	0.4567667311257564	-0.3755697375723832	-0.29471886839946115	-0.4665920589075532	-0.1414553851182187	-0.6499738969615584	-0.13260076101007	-0.18506777785987802	0.30597312486267864	0.2939861491401714	0.615921257047029	-0.26548291177235495	0.8347067123168261	-0.12306670257820483	0.6440551240697245	-0.338182257994907	0.6761322123989267	0.08064214351270663	0.6136654232488752	0.12604818876593055	-0.5005907084870389	0.7925535793918324	0.0345374556127843	0.1120662875942696	-0.918630561184919	0.7147445323431849	-0.8922603635351506	-0.412779539627423	-0.7334298599763185	-0.35261702800184824	0.7222457021126957	0.9458077714349081	-0.018691881551241313	0.5105816428534956	-0.5137291758516411	0.1949526760747033	-0.4959143635458098	-0.4031157260071385	0.14837836016098263	1.0632256792047405	0.5070733200984425	-0.4009199462391628	-0.21334074318728444	-0.17192412402194598	-0.1941763696542617	0.2843311201786553	-0.39511954422916556	-0.3599411142783012	0.5518282717876395	0.19531011485813027	-0.23635767034504876	0.1224908076948095	-0.07222713782233924
DTXSID4047414	-2.96290305144343	-1.4875354910792882	2.118372122743788	-0.4393646103787708	0.9138303233972243	-0.9840432475238826	-0.9690668356373696	-0.36412268075792803	-0.2793779809912088	-1.251109600729789	-0.3752239792276005	0.04739213686163046	-0.6679498538972324	1.1646472645477703	-0.7109732100869781	0.24460627372784638	0.7453500271200713	-0.3829220220757639	0.11432825906870289	-0.7698315747493867	-0.2478149619960513	-0.445026566210357	1.4176839962930248	0.3757349999742702	-0.12587252125368886	-0.13956187901135036	-0.18597614879336344	-0.1999540897157678	-0.11067561178045934	-0.14539541146950652	-0.6350405197670724	0.31800343696928673	0.06433590266457477	-0.1550310113799065	-0.5159602335179557	-0.43561582634005525	0.5587588424715236	-0.83195713948839	-0.6560369952521202	-0.016319445833447747	-0.1836613326652913	-0.21692991892235036	0.26321582578469715	0.37697623147192305	0.046267336077268406	-0.9110503862505027	-0.25905328463908783	-0.8113208333726956	-0.05537165277697263	0.18189566201488028	0.039152011773048646	-0.6399043828620882	0.3170575573490987	-0.31490150094828545	-0.1847965483922738	0.4009083508939541	-0.10794347991050694	-0.31635824759896186	0.5420512922321538	0.3665766304462355	-0.181827974852469	0.37311972131625987	0.19860820216259056	1.3044141004204093	-0.5235236341053998	-0.023267944499799808	0.7718772603996118	-1.4117051105873668	0.5831639797633049	0.01203685695001614	0.042858098455123325	-0.36191084658616274	0.27093822941604767	0.8113404116199452	0.363936350787856	-0.5016213094862827	-0.1872065166567118	0.44921707954379836	0.02993767868803488	-0.08600011361949161	0.7089836456424886	0.5512005528463	-0.20937436771222495	-0.0911940800721673	-0.11954521233338046	0.07513197487984893	-0.2798175031442814	-0.7731461401433312	-0.24864175691263046	0.05027957336116346	0.3111904271871733	-0.05683260232886813	0.28484779052225345	-0.15620217834995737	-0.32505097151935297	-0.3453724958791875	0.6635266964939769	0.697734883524896	0.13460044948093802	-0.43472497902304436
DTXSID8020678	6.09495738772284	2.891825463561555	-4.345860733308908	4.996233077065212	-5.143587128121038	2.212561747039074	-8.13876803829624	-9.827940915412215	-6.202779975378083	-2.59619079741157	-15.14421398568533	-1.5517910181517967	16.679282313854806	0.2261600401712725	1.7832849965647086	-1.9961549234786604	-6.723460122368962	-0.8150566879343706	-1.638045590672993	2.9347163984683444	1.289434760317866	3.5589864704934766	0.7000442907690739	-1.8911017597229725	2.501258165873463	1.5373252787807583	1.8033817909602003	1.1667493235528463	-1.015485089245457	-0.40490565857511335	-0.7405626930448412	-0.6123789930941804	-0.3807115349311661	0.6464146338174749	-1.0916034950951221	-2.4273450348004917	-2.9975946157295184	0.534640068652668	0.4128023043707802	-0.18145094721761587	0.09211238538653865	1.1508240557682978	0.35054654722539025	0.9919417705534428	0.7267996576072022	-0.11426448352758367	0.8710484275517233	-0.6848521025981784	-0.44083336295152215	0.6834582089136471	0.42993295036898543	-0.5398678355509376	1.2452703975113646	0.9621282377227435	-0.1043781251977614	0.16795567222377622	0.9513538357920135	0.1210249982227036	0.03474056080365528	-0.03209181429545562	0.35700028089028824	0.6537145944690039	-0.6409807311704391	0.9688473401181862	1.0201174065008651	-1.1871113180168023	0.19672543862810268	-1.0158453350577366	0.5766700412798397	0.4990528410098611	-1.236008590476507	-1.2613681862026411	0.7916598977182774	-0.7506327817431105	0.13453282787951487	0.992059096985989	0.10359522281062927	0.9065196937596209	-0.5996208404010152	0.4202707174348106	2.7690708565334687	-1.28121424595644	0.9185528639773843	0.07259357530463344	-0.37486574881073914	0.2610876322015341	1.2718737283069201	0.4922999193323517	0.39816858884876266	-0.9675275892968676	-1.0262846228081166	-0.5704691359273815	0.06465951155530161	-1.2510866842560981	-0.4285443218532751	0.3656549775395684	-1.3640086505407856	0.09061118122615738	1.0956725824330777	0.34842245381781983
DTXSID9047889	1.1166019848588444	-0.5681866381533788	-1.6124126022048582	-2.2927328245707117	0.4953476072084858	-1.3357587878505857	4.320364125466943	-1.3215341931745357	-1.9616135776431962	-2.139417601210522	-2.2964879802295286	0.49557177061462904	-2.2884604817266982	-1.1954474174718135	-0.650294549623376	0.35235458033976286	3.5890117071458	9.38908601179119	0.9487715408217017	4.444796050778	-3.141269013885273	2.67482054194833	1.7731032533243372	-0.05508310673407623	-0.295039501410577	-0.8449846632111536	-2.0565478162812942	0.3832906776531665	-1.2886430892878011	0.23683564309914293	-1.8723377035954554	3.161964894248506	1.5637782969017084	0.15470933916592564	1.2462718680885017	0.5382670957533325	-1.828745719681919	0.23046091934392113	1.0224318141262718	0.2533864586815972	-0.8095531552223695	0.10145391705232973	-0.3248259805180044	0.21867384605941967	-0.23693132975365488	0.26703936771916054	0.3842441929039694	0.029992811808326046	-0.5141790624501147	0.04215826065194026	-0.3042711313464981	0.14908816467701166	-0.3086159247912088	0.05597237602665515	0.2185411774944748	0.10320541087427959	-1.1403220041079767	0.6751168516143468	-0.9423117784951627	0.2792168131460481	0.5010749748158604	0.8427719547533474	-0.6177765024223357	0.9910854842750088	0.38688462898010667	-0.305739715369815	0.5385522200864387	-0.5524958987114514	0.3555068919182374	-0.8663254104134224	-0.48021807595878835	-0.47750744088552893	-0.5854448824970445	0.7213954326629758	0.1497056626491795	-0.37959518047492125	0.8265358196099775	0.5691236558116534	-0.8908431527380294	-0.5731982628429616	-1.2268831979915866	-0.596564474111217	-0.1079159647980552	0.7776070123960798	-0.546423653972792	0.1949818241345686	0.7687636243016963	-0.8563275156463805	-0.625248950059899	-0.3290968206243537	-0.4068398894060824	-0.354020364946762	0.3451935386382009	-0.6791377412509574	-0.5826501082240265	1.4795125299422018	0.2827109056536385	0.3312478094994468	-0.13626777300747178	0.3220521000626352
DTXSID6020939	-0.5964306445561264	-4.1987315647362715	-4.059498171536911	-2.182689440264228	3.7242061862552744	-2.4049148123264126	-4.712328461638007	0.8907268498310447	-4.274998713724002	-0.4354561837766374	8.56865176957499	-2.206150841699042	3.8469748265648773	-0.9471808163430205	3.7733726523477342	-1.5027819298422833	-0.152110285181008	1.356301014904198	0.6056022544117112	1.2689471921140618	-0.13624254541398975	1.3978569997907853	-2.0969961194409574	-1.4595817934057471	1.2695276496467043	1.3788492603703848	-0.06432530170375217	0.3317361599688727	-0.7493194428937283	0.16462248396375254	-0.46309463506852144	1.5868370729492913	0.01746293141295585	1.4472237832739692	1.0013929183707388	-1.3101616533467635	1.139933117675964	-0.5649077618151463	1.381867366363887	0.7212468488954625	-1.3420237563337223	-0.3002442523469099	-1.3418302156896045	0.015941931667077542	0.2708679666298946	-0.2547658069566322	0.5851354864884767	-1.2824099901117965	0.18253657910522594	-0.06643322033045199	-0.04036642195403386	-0.5980643670173038	-0.1351663956012146	-0.8326831388466575	0.5797210272465916	-0.3973874757776085	-0.036729138572326375	-1.9497404892943084	-0.24392681586886036	0.7026313114828181	-0.7424525861417255	-0.7987583015541276	0.7750741120616916	0.9112643136489654	-0.084076092976314	0.08722348962227457	-1.121080438268796	-0.20503891697661175	0.5699426652872684	-0.5696738533110804	0.42180212144591245	0.5174506493228915	-0.3192724563559809	-0.35570046110531606	-0.3994240328438954	-0.24209285907739864	-0.10638765536327713	0.04574773284228628	-0.20582393909849797	-0.08604476096460986	-0.5842271461997255	0.28913685396370364	-0.8311813223517438	0.5513312610086684	1.3149485520407682	0.6775333547619052	-0.38863714472943567	0.5728759038741223	0.3011125840718379	-0.25972875610710755	-0.07042501529051864	-0.5624742914802882	-0.3225549551030125	-0.39353795984451906	0.19757866383616113	-0.9787142097920565	0.15790687654506566	0.1440024028440501	0.39037298534827514	-0.3048043317325957
DTXSID2025135	-3.8229440727149533	0.18651433576479076	-0.1709394800023798	1.3329189391879983	1.5778920336696327	0.519692630212443	-0.6255763666042089	-2.276374658273865	0.2537983132572556	0.28271543331600757	0.22566856305115016	4.77923779963192	-0.5478190454414813	-1.142900515558243	0.7951799573234872	-0.40112653240840046	-0.04723831486535166	0.33805948259203944	-0.013781084556370135	-0.6981789948441144	-0.47936282170403155	-0.4383930213590292	0.44081708875238695	0.19006130941830948	0.6677954655024413	-0.7391725756738101	-0.30827177414368934	-1.0266125755656321	-0.007658743643368006	0.14045073426493898	-0.873540118307186	0.25434729371368053	0.7010650321552886	0.34673802674353443	0.7138748342743994	0.9023974984280756	0.07896741389804711	0.446245474077745	-0.11155803148469184	0.3302845934381704	-0.2864010333551808	-0.3644233359226746	-0.1829298046265273	-0.08779505295392948	-0.5471306645160241	0.30124934546611165	0.5109182119328184	-0.2443490983481624	-0.11053984257481064	0.001532426557879248	-0.09240649819648675	-0.1467064598021652	0.050238954713298985	-0.4475164580251529	0.03245476284566741	0.41603198558627025	-0.7011034691271958	-0.0962895067326994	-0.34980912875472303	-0.5256714446469629	0.3525312224012723	0.07693849327214175	0.36644581627361594	0.031624073807068935	-0.008610149459415892	-0.3023504567785936	-0.07483208426154292	1.113458318463567	-0.4196629253197824	0.006929474828287357	0.30717563005184134	0.3308041937800859	-0.5168379349264914	0.24760717141928582	0.42407114593513345	-0.9337001747879777	0.06178861298028472	-0.6858652790795025	0.6692196020502645	0.3882438202036753	0.09035350737287995	1.1021771653544818	-0.728342131223677	-1.3522662173472964	0.14240163224244187	-0.8916367175643661	-0.5600883093950493	0.7798253321497043	-0.6597026913853862	-1.1297968140780326	0.07034179297120638	-0.37396200430354604	0.16623491664842985	-0.7467448840727434	-0.10676318021066435	0.33782077609738154	-0.21881149311394685	-0.09906892188048462	0.1363573107011305	0.06052947270895539
DTXSID8048735	1.0064305167008993	-3.2290880730470843	-1.8004560198089572	0.1028831443250743	3.853800519330447	-1.0009832710223376	-0.2605875262666591	4.4155580278469255	-2.0643135169102944	-0.8222433769482421	1.0543899030227644	-0.731725641320485	1.439358249498586	-0.4359191339341879	2.7173689892594863	-0.8350766426448313	1.3102563900259148	-0.5824949839156818	-0.628594474904652	-0.6593830846945419	0.012777799356775612	0.7182902695180708	1.8686862356846152	-2.0426897445858345	1.1665528225140018	5.196811304606155	-0.18830681046687656	1.1295934536455503	-3.4334756146318557	2.064942116293783	-0.011946431608085702	-1.5867894350935619	-0.8835824456191431	0.07018149396337794	0.08784394277942731	1.1497586767143086	-0.40643636194708543	-2.8005789081715218	0.2733348475080352	-0.9454759636578479	0.046852806356166586	0.9823345075383038	1.9035829233089605	0.8328808117894034	-0.948338930551405	3.5060207167547115	0.31952343427367386	-0.49821829215944186	0.13197072462019	0.5819184682405864	-0.10837800867764134	0.3411196666892503	0.9365134591554967	0.1571982477674122	0.630200220874736	-1.025291326520145	-0.7964100209866002	-0.8437350601353948	-2.543895250252344	-0.046451526936051896	-0.8466968552560161	1.4646079716137352	1.1575329906112044	-0.2877030133972206	-1.489201633329396	1.909156629107442	-3.0538331729741715	-0.2549923480621189	0.9208935508534695	2.532296874217254	-1.2603999875626184	-2.7820809721319226	-3.7210908349782597	0.522935722293299	-2.224467476474782	-2.85570475416679	1.055769933982875	-0.059135330958589596	-1.0790789915297316	0.7970589093584364	0.11785774216446124	0.8807286098026774	0.569144414330237	1.8091809287387852	-1.03655587565648	0.35625347128631796	-0.12429232002713547	0.2691974837511842	0.20007683494526404	-0.9871974452159471	0.980688014622338	0.20159466308856613	-0.5116067040097737	-0.14262354336016878	-0.3337636468334362	0.35547197622444204	-0.11982642698880012	-0.14448833650715592	0.1671768674686387	-0.9740568571566506
DTXSID5024263	-6.335491195672973	-3.6743951458441098	-2.1939054531077278	-1.431315892160678	-0.4546377761851494	0.7677294108053255	-1.7070645818271155	-0.1420941608219548	-0.8074050990346845	0.7861971864162253	-0.5851809641253729	-0.6260227313824308	-0.9793189543519837	-1.6450878638681685	-1.6331427269321979	0.8481489308061276	1.1079077340158663	4.20216496237871	0.7673499877427165	2.9253981601934953	-0.528316386202072	1.9368260955278698	0.25615697621468775	-0.10309458438949297	0.2538568114937171	-0.7312563863343705	-1.7018933274934094	0.838805495555657	-0.28193666616067764	-0.27218238002282164	-0.037519462688402574	0.7752250620319048	0.3289987412115678	-0.5270214891775297	-0.0018293092795121227	-0.46869091159926657	-0.32243731726938574	-0.28884960055391146	0.25612809428257993	0.1638958034378801	0.11286218040578146	-0.03358653611643602	0.11510689719443812	0.11822572149951102	0.2974832956469844	0.28873096286953215	-0.25081013722054507	0.2694313017941024	0.0620368712996374	0.12567964208522908	0.07025212555232455	0.10287108261627485	-0.14139152080065007	0.30531524208643096	0.07092621002069863	-0.25842953102152144	0.15559278054132628	-0.11428481550848835	0.13320536722739446	-0.27718167247713515	-0.05250079933153676	-0.10645562713638995	-0.005546590743966306	0.4757404899599603	-0.0277943416537688	0.4347554237627429	0.4053391244549939	-0.11952349798939034	0.14735996498931697	-0.17727308773487815	0.6500693311460853	0.05582028200157855	0.26310711010132665	0.7954067785977439	-0.6600048824105721	-0.31945229144417464	0.037612370348285434	-1.0702730576041908	-0.21133154602331466	-0.10463048836262263	0.6711683565496177	-0.1840687010735456	0.3518692225123956	-0.6491246017184239	0.5117459530957089	-0.15304688730885058	-0.073704400195612	-0.33874386868869044	-0.1211969632661358	1.173689322175355	-0.0024032328387191383	0.12305232907819026	-0.18477710076611675	-0.30348553949639795	0.18528939566682234	0.14105637945485136	-1.2727140581709806	-0.1782319258675572	0.41161981716925955	-0.4476617363831538
DTXSID1029251	-4.0438037511629314	-3.130865151313493	-1.4604471395948764	-0.6333053695094348	2.161465426443416	-1.2111973852472933	-2.3763003091439425	-0.013292640484770944	-1.8133439529098576	-1.9105474207430884	2.265860833858592	-1.0806689070971178	0.2607173945206424	1.441676162772163	1.004655960328506	-1.2730095897225302	0.5469924351054819	-0.3280685101085331	0.5037146820257332	-0.13932147735919964	0.49166360250866203	0.1674795269512033	-0.6349449324266299	0.06346824982557595	0.4182617037978274	-0.3276571317532208	0.005570299528323634	1.0047508029300585	-0.39636595489586823	0.47203210105231896	-0.2829053773802942	0.37892381281812154	0.9721990155686064	0.07055563364986125	-0.014956656757764458	-0.8000767875025132	0.005718091185874169	-0.8405980341698902	1.091402259596021	0.350672731970507	-0.7702235643146562	0.08323292078651368	-0.5853187121596879	0.8283808025297004	-0.6543278990354319	-0.24012488217933053	0.47275670091976624	-0.5440902401438793	-0.13159123203858697	-0.24990247778108063	0.14216808948003776	-0.08160179813326397	-0.10269501599667417	-0.05789616223131156	0.862209446676922	-1.1105063546383516	0.14624081449328927	-0.6351483600374571	0.09264387793708959	-0.3480698639832607	0.0920509560847464	-0.08436564754957178	-0.10761214891210953	-0.08441863890539018	-0.00934544105892884	-0.14031391945200256	0.4791986742628753	-0.37187191619217624	0.5451592892414028	-0.40779787553033703	-0.13022481334788993	-0.09067914921229589	0.36523678404143073	-0.23474685654476668	-0.9731125662794595	-0.12020891951419697	-0.06084983009648683	-1.2421440151746959	-0.33708227472678687	-0.09628369001591987	0.12096731410243322	0.036685007437282945	0.31920875712864005	-0.25223741577207537	0.1391828270662251	-0.2924986057380011	-0.09177456881848414	-0.13612261429426162	-0.49366204425006743	0.8918481651369403	-0.20546390900361514	0.8918538249852936	-0.42611703604636053	0.10275422771597925	0.3457687473518354	0.16688027533404937	-0.775426365967359	0.027382577953466006	-0.51789970962144	0.030597300516733504
DTXSID3038696	-3.762368753536765	0.1363734174918266	0.3544645289879384	0.5688132224380328	0.3345782315837098	-0.4524326585949458	-1.6607307453736766	-0.17661020496116256	0.24603103053585992	-1.9207216008709869	-0.13390941916227966	-0.2268470894518883	-1.1552462542622877	1.4488874739834305	-0.5506132470888674	-0.1309509122648454	0.8156439247886134	-0.28373694269221406	0.18415134941330405	-0.403660051394416	0.7279055066406497	-0.3860739615451572	0.19537650903697595	0.4397884503182192	-0.3588695731093097	-0.06649902941623285	-0.5330459441984541	0.16448786829831313	0.03741248093127322	-0.38057249788641084	-0.19136674629548645	0.03394588696562002	-0.3189330744468909	-0.4982457930478975	-0.38220675491017275	0.29468327458110866	-0.11970914699251073	0.21879648967811133	-0.2633487205108535	0.23057637859482175	-0.05635233445127249	0.06182716153266377	-0.19634299580642656	0.272063684225296	-0.47303700849664804	0.06914096070174916	0.21632719512813975	-0.25091826294443426	-0.13413925674058141	0.12118306833486904	-0.10553968012055553	0.0026996881823770397	0.05668941709867348	-0.24018515821548314	-0.18864296305039557	0.0007345878463650535	-0.23271014209465152	0.04556833241014975	-0.48212069268089336	-0.21998176708559927	0.15852519586478903	0.03355986069341002	0.5098114230805155	0.5819209072876453	-0.1624799050596147	-0.7293924042064803	0.17065602444355008	-0.43464009830766037	-0.027529910083588148	-0.07665462683733189	0.17326754590059426	-0.16252098260312411	-0.07500612980468531	0.2735261251214932	-0.610501994144226	0.1359939301905895	0.04312828265225882	0.22340721321348053	-0.124580403682167	-0.3177626868197658	0.30220243016869364	0.11154583998005486	-0.4737458589367939	-0.11413321893032854	0.23069925000598807	0.2900978758427408	0.20877363251440229	-0.26774171626205623	0.04232779056693917	0.0013404043041808577	-0.20444299102691688	-0.09567665140624144	-0.16268435638495973	-0.1048485280573355	0.3453239177618143	0.06756648016772504	-0.37820062537522525	0.01099331812405443	0.061040514022835564	0.010458653355588226
DTXSID3037094	5.995975436648827	8.691852869201455	0.878357382496393	1.5502870876284416	-4.502002906970094	-2.4432723733415607	-2.8851243714356656	-2.431058791166809	0.3878101207919042	-1.0787217461562548	-2.5618384246115484	-0.2071388509977552	3.6461412326958365	0.8200395347114632	2.0272313739403462	1.1690839524599548	-2.6089846346561725	0.55243460428583	-0.6881203747965725	-0.8508168310373324	-0.7168484176850602	0.11217241469431008	0.8366991981976912	-0.20064709342729029	-0.5500793451179186	0.5581295022604575	0.5247697019403079	0.41910810513901686	-0.628901691484852	-1.1872553376889194	-1.1506592474629	0.39702870438166926	0.7031961940222731	1.1023568622263824	-0.9783436580093338	-2.465435985886923	-1.0530724799044842	-0.6058248434299741	-0.7042881743880841	0.507845497765354	0.46942178000866347	0.9344561877687839	0.6888290363926403	-0.7850322029920689	0.15408150096445408	0.19227745275021	-0.7830418003617301	0.2929662923897352	-0.019244493456477097	0.10159023023605133	-0.10702444612494103	-0.5986695821897164	0.7178159554275851	0.2538097211412959	0.22918443985149492	0.737538272399372	1.0836978440087994	1.3101416809785476	-0.4087338578761445	-0.2528765787415737	0.13483213920156914	-0.15671348193081777	-1.2031672894408607	0.09626593958278054	0.5386842212710239	0.016870617898843424	0.22840000202296099	-1.8192165953873807	-0.3658228350281394	-0.45302279747995894	1.7636949110099873	-0.06460416322900998	-1.0143108623787065	-0.7279800130162665	0.1637876360499434	-0.33671509505236463	-0.1880559604568686	-0.36081526749030013	-0.5082666394345197	0.14194503240795897	0.263338218113573	0.46021793156314844	-0.25176502063253503	0.2674285702379653	0.6468939163937326	0.3349823600486899	-0.2762633753487499	-0.21457467074011138	-0.4925083557389125	-0.14638202465888	-0.8323307090594909	-0.46228895567995837	-0.2393357781333566	-0.03428690234325227	0.5042164320507533	-0.09124632646612482	0.423967399182118	-0.16157809405642382	0.13821076354732006	0.07750043855095606
DTXSID3026697	8.9107743947383	-0.013628311950647976	7.717045012586488	-5.963038397304976	1.0489586743526365	-5.371419403365007	-0.18387475334796857	1.0617066017378893	-0.8474210184049668	-0.11352611738273342	-0.6631737124845134	1.641906752791284	0.496598689952957	1.2619536954253332	-2.0986697162040353	-0.48724366415892956	-0.040560526730179354	-1.180284988522854	2.2094000324037317	-0.9662158723013337	-0.5547803836407552	1.0589829210866442	0.5585652431319095	-0.9565056547816548	0.7071171769155518	0.9645780284658426	-0.741722693839384	-0.60725292297088	0.7730168244744382	-1.2368579613560644	-0.325765318069155	0.16004961931005188	-1.0709308315326045	-0.29453053414541686	0.5804362337636091	0.1367423450068799	0.7717302625911002	1.1182003672963703	-0.5744059901216833	-0.22200477942802813	0.1963895802635899	-0.21170932621134583	0.003709989704891469	-0.4193849293689529	0.12661537903803577	0.03206142001963485	-0.40034418155225515	0.4800379029368052	0.1749393658173796	0.10090897494454236	-0.04313930934397209	0.19189081210027806	0.0765365689856472	-0.36365408672945104	-0.12751698939038733	-0.09548919067437556	-0.3970322698573349	0.23467898375805013	0.358073875760287	0.11421565897192518	-0.5297855428602751	0.2423985457528213	0.5381268403038826	-1.0900699412970194	-0.10361738956626537	-1.0169244172589407	0.09802945312312508	-0.1270939016465888	0.3257816627545638	1.1149215244177435	0.5676052820788133	0.05973427513520074	0.889277544954721	-0.28628917360905204	-0.8377386563664588	0.24965713574847256	-0.7775247089774989	-0.9705403816566001	-1.0136459470486103	1.2139055148442324	-0.5478702944898496	-0.6762372185997325	0.12836452595580267	-0.32452446100417626	-0.46429562913650013	-0.1871516052866754	0.14543826947824956	1.2622015630028849	-0.1945051187054821	0.40179691885618835	-0.1314530225303889	1.3557672410935906	-0.4077830691081558	-0.6655641035850034	-1.0369882638385504	-0.26422193608707034	0.12280991047394811	-0.01214726820833025	-0.17117229452648525	-0.30324639877437504
DTXSID1044439	-3.807856558642473	-2.7557794052585343	0.5619136532021807	-0.1833353545272154	0.9067090138931634	-0.8914199197430451	-0.1675303680109014	-0.716962179552683	-1.0640924804525707	-1.0233006250831502	-0.7400559319413224	1.6768073046788345	0.8103315921910245	2.073542137509184	0.5538900509412128	2.871271241424121	3.780759116794355	-2.782989683750406	1.356141884895136	1.210443563147695	-0.693414237825952	-1.2732592835903531	0.10370297755004687	-0.21787245455647958	-0.5062897725615347	0.9033041637089448	-1.43660625879183	-0.22047824713198902	-1.258961786784065	0.3569941574612358	0.4277852387385329	0.14434443360866672	0.3889259777962921	-0.7607781883918093	0.20300755362400943	-0.9536370345601541	-0.2454598037110366	1.1241440220938232	0.017061065055318386	0.6331233137704585	0.6042497022164399	-0.050191757065875746	-0.8848925605277157	0.06848646535850272	0.34044759407805486	-1.4109152467980888	-0.38557213283695546	-0.08262013342685241	0.19456424581662476	-0.2481562756370847	0.23552335456677242	-0.1282575178290319	-0.29847124227558053	-0.13208676749691384	-0.7488987353367517	0.33868267214407116	0.5868607160936368	0.28797850247082957	1.3418002397075468	0.08503124558527406	0.5694700117534213	-0.6917408943540164	-0.9246860887773999	0.3533362888794608	-0.07967154461214286	-0.899298251737842	0.44119578295422457	0.18604815255763518	0.206269443060044	0.9099746941134159	-0.5238881110316496	-0.13208954055999592	-1.0304550583410488	-0.8785152148108244	-1.7372817329637922	-0.27776562218231715	-0.04628951621754576	-0.038215886186613555	0.013137549329645152	-0.18211531776476134	-0.21698965626184724	-0.0801619173596369	0.08075356695798894	0.125817782732925	-0.052214036983671046	-0.20954510774561444	0.3223797244501119	0.12205226011876395	0.06125197781402509	0.053595113685688145	0.06817140250351707	0.023975922582264657	0.29691228883198983	-0.2507776190616777	0.04376051306419217	-0.020448558372453098	0.1669929948933167	0.12451024527765456	0.12121166175092697	0.046688113913693104
DTXSID1024704	-3.9727930096467747	0.8837959715460929	2.6561237563779576	-0.3587636850947741	-1.6567484940647204	-0.24109051460821718	-0.5254080082985726	-1.2328716131888435	1.7772900564421898	0.19184677927601815	0.5256887053589311	-0.46271993677589174	-0.17500588379568488	-1.4223717742212751	-0.10562292677881227	0.2931782500373616	0.1685264011683872	0.21765844960716707	-0.3138671607740481	-0.2977755221547487	-0.07506994370991943	-0.26458992396392167	-0.30701579004627755	-0.6810798517721877	0.5868448651486199	-0.9935707835578848	-0.44180552197425854	-0.6498099682058931	-0.18284570752137708	0.018319651585371986	-0.5775166350301084	0.8456738299160776	1.1469987710179133	0.5326229836299714	-0.038664941299520465	0.27468624289924104	-0.33185844095805817	0.06562243546097522	-0.11672495767810137	-0.42986290063162574	0.07214788581721882	-0.13084131205378874	-0.4632433065486593	-0.4473334318118154	-0.627899951717866	0.41194064629831667	-0.18717060372029956	-0.137228940412271	-0.0069156468696184555	-0.034593837275030126	-0.08235007117131317	-0.19134117832271005	-0.06121673274113983	0.006360672044296109	0.1596599220336187	0.5894235440334107	0.05478021824613457	0.27616605900427565	-0.389046976660483	-0.1314752991204428	-0.09545133855721638	0.49983124664390416	0.5023591365338372	0.007574740567725221	-0.1287050952953866	-0.38934919789982747	-0.2953341284416343	0.8359910343408561	0.3170994066592266	0.34148904629953347	-0.018588089803310226	0.3110310270013146	0.1062684295736634	0.09190256984912737	-0.48218448994020013	0.0017028009603665955	0.293943874772602	0.3578568796826288	0.31309165588244503	-0.0729728306034175	0.40139108550654207	-0.33231455061595294	0.154285031681071	0.19390192943758722	0.22502884458966382	-0.1594424773187031	-0.5986699607063377	0.21342076362188736	0.2591346085608099	0.12716747796573644	-0.4192874472025802	0.28003019745762164	0.44140622358800213	0.10159853103425821	-0.5423701508648191	-0.2626868568657547	-0.028566667963177222	-0.1194434521272923	-0.04887427991372682	0.07183885331267859
DTXSID1020142	-1.7998055164228948	2.722011240043838	-4.918697861079991	2.516127280452137	-0.714700362137436	-1.455018118267612	3.3692569507477095	-1.2730988062774167	0.22889825385109577	4.008792613740259	0.8675820706476121	-1.8425017523441483	-0.777947273621492	2.6744112304889267	-1.8054955930657186	-1.4208391263989744	-1.613785308703684	-0.8527981821635869	-0.1390543659617904	1.940593671978998	-2.239300819016359	1.111972622229737	-2.025391455778856	-1.3181084687787408	0.16236999160548377	0.6411432516196127	-0.25110993732395404	-1.2045221608159613	-0.519474334254125	0.35907676701080976	-0.14784185783128306	-0.21954763801314067	-0.14748303298326335	-0.44103951436726857	-0.03013299628211783	-1.217648471757014	0.6229149817278415	-0.1604064383135678	-0.07229385702639972	-0.15707245118362942	0.47512035150702864	1.6551947589708687	-0.41811971995342606	-0.45087791315625747	1.1688565900000472	0.1029293514120821	-0.6122705469469638	-0.1741754461970308	-0.1920412390790615	-0.29689087745100673	0.04860850734875769	0.1269031232158524	-0.04072830790574603	0.22138225046301024	-0.7156530950281311	0.22124446459862213	0.07323338055952391	0.6828559768171004	0.11059778393060779	0.7167182001499417	-0.2098212219363701	0.6570538973194184	-0.8092655129234826	0.4013880987596158	0.501996757557617	0.5456199210660236	-1.2911359733070014	-0.8574627064286746	1.2318977601506944	1.2539074520352376	0.9231907548601014	-1.072422746842601	0.6955475769691825	1.070701473137198	-0.20697701394084891	-0.17501557333321113	-0.37114857994514044	0.6093144253634296	0.3765917085766263	-0.20054903374401145	1.139901283868848	0.18007746154577928	-0.5376261803235939	-0.3978252495789309	-0.324195991825122	0.39673627946642037	0.060739910910720785	0.8240926253623011	0.9889830810298685	-0.08849675372342487	-0.5046692484350125	-0.23643646251732234	0.775184356152799	-0.11298617795862659	-0.48513598146390735	-0.25453120742028124	0.17706225370579004	0.5821879886205389	-1.027654161147781	0.0689092887344154
DTXSID1022217	-1.1352920762209124	-0.06370643274109575	-1.0565934153194803	0.25669944522567223	-1.3563215629890106	-1.2854624264348913	-2.8099066380978144	0.08029861977156982	-1.5405817017799042	-3.0185056925339375	-2.5835263847501233	1.0341408904200622	0.47047378334757717	4.979441175181639	-0.2622860522892621	0.08695496656737438	-0.8666346569788304	0.34786331035885126	2.0382909966394487	0.8462140417162177	0.5768669596652811	-0.9367957087769277	-3.5206839739249327	1.6980027029925429	-0.6168435092671846	-1.7081134758311973	2.6861338156977244	1.2222711856498392	-0.04203077251346875	1.9145921414339144	1.482577329246125	-1.3406229204142877	3.418310535587066	2.190134268162248	0.5192195168873531	-0.4620707784560246	2.1725854573013033	-3.1270547286243016	2.1213260403591097	-0.2845059210279561	-2.491760869768212	0.6712947047037016	0.3635363514566214	2.058225127411584	0.8131738798707994	-0.15173179303084974	-2.3378737157239518	0.6645376771338463	0.6188329330704433	-2.4910600951201562	0.06142880396194788	1.1241802050645762	-2.7245573785285138	0.5013988494568066	2.114580804210162	-1.61382666387506	-2.1469249236104364	1.4506809989888205	1.4862973244957687	-1.1236910717472741	-1.1082147984232804	0.7654745213184485	-0.3377458634557678	-3.2592229658889837	0.836283529637857	1.5629194113378657	-1.1768702159015567	1.5349429664900323	1.0877849721197295	-0.4839770336289406	-0.28826012509095983	-1.4671445016409672	0.240117937506061	-0.6868056251318397	1.2264387286257683	1.2061597318052448	0.45007399158089006	0.3943504171049492	-0.919063849206754	0.4942877140741014	1.4140500391040118	0.17556755510360145	-0.3445378069427416	1.2451389529933	0.8328445776429709	0.4773496605442097	0.6207912185252312	1.2590376376051973	-0.4258243011900079	0.07723290210610925	0.5778753985670586	0.4025704332592538	0.3342296612295634	-0.01385020695014337	0.6509640204850737	0.7447078198454414	-1.011199570193105	-0.4181934841856308	-0.021546383085900338	0.10589885324632001
DTXSID0046353	7.8626159515966325	2.1447637050255333	-3.1089555373899174	3.1718989912452566	7.239783283124028	-5.276209980140066	3.2834966523690285	3.9394243578088477	1.1740100321661382	-0.028954144232979956	-1.096224614981371	-1.9943961255184788	2.0194025625198426	-1.287849069102028	-0.3055600601612258	4.035028056004478	-3.095479847126918	1.6865821316595757	1.6943484114763026	-2.4410136887606013	2.436978490514183	0.20990102884581446	0.9781011661979878	0.4453698882983732	-1.2223483161080746	3.1681744402612497	-1.6373326962664003	-1.2263793468570137	4.049277410790068	1.8464642750442728	-3.0114006990294726	-0.13523527103267408	-0.02580711421278942	1.1172509099739718	0.42343528485997667	-2.3373359722930798	-1.799153570448813	-0.6905195732321793	0.3731190799707061	1.8676551710073628	1.1871983207247667	1.5481995263917518	1.0980847057719696	1.1495194144197927	0.28266489557378943	-0.3115440236130346	-0.9463623377298102	0.1809008002608766	0.7962341356052608	1.2521611592962762	0.5294543944110428	-0.5906791389859658	0.678510250568312	0.5680400713824002	-0.6800966743338036	0.990789614217955	0.9941257020063355	1.4169231069615036	-0.04982779970593934	-0.6861465905816754	-0.12557916252373466	-1.0807776676671528	-0.5171988607145007	-1.4307619186760574	0.7357233472034257	0.2835101817060049	-1.6499422760614373	-0.2838989773382793	0.28515207817963634	2.007325920045656	0.3657290484563584	2.0062446372878457	-1.4273714971225349	2.790034996013339	1.7303772746464048	-1.837488407061394	-3.599099728566657	-2.751056612909683	3.95738335018507	1.576941722990288	1.3194982578349244	-2.7550478410419386	0.8294536243050634	3.0766030375521316	-1.2442164229141637	-1.1981125107567918	0.13052211557439397	-1.299512466590978	-1.190909122221621	0.675783772600151	0.5632539013986523	0.9062198925719832	1.0621602833768995	-0.20670762627396747	0.31962577206524045	0.21969845112014405	-0.4882932434509698	-0.36276758759771227	0.253582591401682	-1.050635917330176
DTXSID6047105	-3.9719220988965933	0.41246082431201964	-0.7199526995921446	1.8459420379034188	-2.2239303326294495	0.3898026978489658	-2.662050674664785	-3.034385832207105	-1.6591962410341774	-1.572590576644605	-4.660680416408614	-0.20059374718350262	4.256938567110644	1.666518477726957	0.9055952511103753	-0.6279177431990932	-0.9829538184777642	0.2469404237092848	0.09937102634181151	0.4258776327697206	0.4086735318602943	-0.03433591468337423	-0.364073003390524	0.5243717414900407	0.6670640484661473	-0.519916997322468	1.1141669733354924	0.15527649570966817	-0.37952153818631296	0.7228810225211709	-0.3389862234984761	-0.5052288551018144	1.2569726830744232	1.0001253875208165	0.18157983596949137	-0.05954308393529141	-0.5923742737743912	-0.33485073319451913	0.3989575453546907	0.04032182464156984	-0.6039571917559271	0.17023247824870366	-0.07933081024467739	0.1974107748307483	-0.6227020005377134	-0.16256449854582253	0.36761178698079516	-0.7578775157859401	-0.3361343845402325	-0.3763970263992968	0.21129936887679995	-0.28496834901156803	0.07935355262487524	0.06576078587612058	0.7331114296903163	-0.3049710200689727	0.009074884856752704	-0.01902669982527248	0.4730421435884642	-0.5962082252449871	0.48279174038033235	0.47635698303371704	-0.31946238256590825	-0.5933048397093279	0.17191117917931714	0.3608200285695331	0.2743718797308256	0.2805000533663485	0.6139875385351392	-0.05366876164254208	-0.06624801214743355	-0.8496200941954624	0.262417329337154	-0.21761168356303223	0.28748352360804225	-0.04738255756444567	0.20751039679013378	-0.08300058100157949	-0.4147134357886793	0.379150258493209	1.1135294719881654	0.22909987260969464	-0.5084082180584287	-0.05721720754051374	0.18644663485872762	0.2169255428474037	0.9275291942608478	0.5217186149547126	0.28429657683676446	-0.09842876775846046	-0.5256738202461888	-0.371821969338106	0.2860498650634762	-0.1623042996649442	0.33904090719789687	0.1727864023483365	-0.5196174856398514	-0.3753010696628485	-0.1779931116534118	-0.04851668500192627
DTXSID1022055	-4.988346024279633	-3.1012034650574924	1.2221721416977984	-0.8646215062292142	0.5354805770495011	-0.4414696913189457	-1.2569363553684791	-0.2981180283990707	0.155305307050045	-0.901961846793377	-0.6337598505879091	-0.17509110587955343	-0.7237575299787602	0.5561256296507024	-0.3328029075582507	0.24033796494018825	-0.16168569478049316	-0.21895418527949354	0.18207796162568982	-0.3084511541119328	0.21869682181976155	-0.11877885703773221	0.20601564740012263	-0.8427982414167426	0.886166954697058	-0.5981665841223389	-1.0866202767725264	-0.24440312559221436	-0.11415506907291817	-0.061779614869137196	-0.4808329667333976	-0.1215175639883397	0.2498228227358674	-0.13742899845939768	0.2705031792191514	-0.07303642244092805	0.25356542884538597	-0.19494484251009186	-0.277317248661804	0.13476898138694882	-0.09724445975785552	-0.26417684732659175	-0.20240144541804841	-0.2733569768583817	-0.15809217330228714	-0.04522554009351832	-0.20800234445368848	-0.2603032062059498	0.11845941603009731	-0.051286313510240565	0.03926101592618291	-0.30757556832733335	0.13678791769818016	-0.18656571593133137	0.032897644208003174	-0.008145914706066452	-0.003809513664859246	-0.002312781516797328	0.48709815721594335	0.19058707113264256	-0.031202002011687793	0.20030118081716697	0.3441368993185515	0.3105096298218601	-0.060298403172086984	0.12193868375683477	-0.14139102576627963	-0.39596539805596154	0.033189695477399375	0.41346941039028706	0.642718563147396	0.12152096344960868	0.5209261883634398	0.20112495598444274	-0.8911566144723916	-0.29312874809989303	-0.44893799424961073	0.11266886286823449	0.5230300481243932	-0.6885021024826355	0.17139298594942942	-0.4182994240834548	0.5023029746858455	-0.5467964048398103	0.04226756251662495	0.10342143717341094	0.08063674312641855	-1.4801958553865153	-0.329611251377026	0.22589766165829891	0.4705770147571302	-0.26292219016366486	-0.15805117654903897	-0.3657465702611604	-0.08452555166664853	-0.4951210809646948	0.187333435939634	-0.23315819404065566	0.04253898340169927	0.4815091976834778
DTXSID4024276	4.799030886256648	1.2677367683762244	3.5202314100811156	-0.07338714264370273	-1.6637176997685976	0.3247285101975319	-0.00219704571472253	-1.1075897272193207	-0.6117782240978352	-0.023970440385180276	-1.9818591346109746	0.07363350948043995	0.32760994510853836	0.1489793787341655	1.7059733592569084	-0.3494248195815743	2.4374235975769527	0.7105493651569014	2.8348202892976744	-1.6311318728971291	-1.9011403505627118	-1.0966891212286098	-0.5964885734450754	1.8212142004951843	-0.19523808036842374	1.0775082470133024	1.3581843866833914	0.6447748335182562	0.9877868900465301	-1.3919103502602994	-0.2689093911790695	-2.1304106255688504	1.5724474433961222	-0.28380651366409504	3.479876544115424	-3.904644714319634	3.660539535626028	-1.6570561750901618	-0.1656567525831947	-0.5625211832403139	4.977301515457819	0.06520247208488517	1.0865158229249061	-3.0784335388552946	2.31065651216494	1.1083174845129373	1.7878993166218418	1.6000314462089824	-1.3471225023945332	0.9357900632462948	-0.3073356655276126	0.41171037801246996	-0.4696827910367688	-2.8805210741508858	0.9621541548269235	-0.09911767858956438	0.657932336444057	0.6623584797321186	-2.0308167924483467	-0.23717370410141952	1.9752879317347154	2.017243750577717	0.5639122058226481	1.2373422404086647	0.15836112309002223	0.3100944402631992	-1.901681292527284	0.8627162125711895	2.577731015277624	0.6341529101218791	-1.5157993061090753	0.8953551626434781	3.4017267271329334	-0.5142622457410638	-0.5285169618570029	-0.47340435959085964	-0.571461103243286	-0.30578471596675305	-0.46978835686910086	1.1381491784825393	-2.283039986245415	-0.27454832445015076	1.0259228620584127	0.8472836893775625	0.4714244043345118	0.3769435736259905	-0.5477164124872742	0.09517216498936809	1.1439038143853517	-0.5707879422197429	0.27795583191403356	-1.4032470403485415	-0.11051000530364988	0.33230291568784665	-0.5928536359242137	-0.44882621406205736	1.571554162990584	-0.20069392488445317	0.288128924120183	0.7781713163605114
DTXSID70379730	-1.381282113764546	-2.539375012823199	-3.21992959435133	-7.450559381233848	3.0752780485362994	7.080975483320619	0.05175953026899584	-3.1697489503602285	5.332804467443357	-1.0111901714795684	2.021324829685483	-0.836124836130196	1.7983531043830798	3.8251158475671603	-0.22413842687267094	1.0806091142033176	-1.43381835284393	-0.3577560978024047	1.5036852713962923	-0.35058987189800933	-1.2751172791714631	0.9644684167919299	0.6822818974944098	-0.231602622268559	0.042769497814237126	-0.17914209518932625	-0.3848685892729525	-0.24078235412215973	0.3758988211822902	-0.13874444397210378	-0.16382258116766016	-0.7411141606144609	-0.3040808928277841	-0.055274332471811106	-0.18525310426238834	0.16991485510263893	0.06160302003864075	0.09375394259112389	0.1779809216437262	0.3261638667795763	0.20907977135762734	-0.0735878925265883	-0.32458919165254047	0.06079256682701301	0.060682287239413636	0.5494481881107112	-0.3092170492164793	0.23909538769783867	-0.066917124922019	0.15701017766082184	-0.019180463974491708	0.0659229963515343	-0.25023650886702453	0.04455258109428722	0.39921011406984225	0.12970747179898526	0.15917713746280257	0.6726532392718556	-0.5917022988421958	0.18956379751628388	0.03538275024659996	0.3268594493717264	-0.24814707258927968	-0.18531771841982322	-0.054752463812691575	-0.3950098326222259	0.38450641549304426	-0.332006860205907	0.08017969313800925	-0.4903336192741602	-0.19808570395713374	0.08347619747157761	-0.2263173709134613	0.3137531118201532	-0.4051859436319434	-0.07948164862556795	-0.23926362391375525	0.02544990756678066	0.17648034022919926	-0.008737558324301595	-0.023264824657513485	0.1942941159572878	-0.03598706571197268	-0.033178831666222874	-0.3512314558653589	0.10990087810844328	-0.14303431944820266	-0.4585749454973992	-0.013761296457167243	-0.437289724475261	0.5781206498879744	0.17606751638642423	-0.5192589470902874	0.6531975559323396	0.3161753996848401	0.004446877186448263	-0.13662507920572203	0.17157487390609988	0.01342567000806645	-0.5938540182869614
DTXSID5048180	-4.454882457600113	0.7296374357696517	0.32629543100525077	0.939971175472942	-1.3138359390064893	-0.6561174121920414	-0.20195083894702	-1.0985406512856895	1.260500692175649	2.72294334263128	0.503482538223888	-0.8903301341216077	-0.6000246369707583	0.8263492064975636	-0.6472082960544677	-1.3900423984772228	0.12951724251182264	-0.10766389512072964	0.06349436495668967	-0.06520354304268326	-0.2834804629799065	0.024564483326982935	0.7005738046904559	-0.29608562521647425	0.32467087583006915	-0.17351371055383877	-0.15834892080060634	-0.7485501822452898	-0.4878214817417318	0.41572748207803406	-0.37798661436803743	0.3542677014969998	0.6139500374422548	-0.07935935507619508	0.022814944827060042	-0.04260272483006129	-0.2000817995549921	0.37171136957080925	0.13154770364855467	0.27266792528057887	-0.08561014249900363	0.03153500396770325	0.2759316886380211	0.016627633594439518	-0.1446743117420442	-0.016483424859196513	0.3318009608935303	-0.00031505683073011325	-0.1539244246638672	-0.07772073566330731	-0.04252031198866514	0.027554430743135308	0.23369413056768334	-0.20471683436728275	-0.005270903998257895	-0.03504670703062627	-0.0248209260155868	-0.29571681008872724	-0.1587479500353991	-0.33647953120212115	0.5997767899582496	0.00996049282320116	-0.2531001361544553	0.08419743741174868	0.49204644994319535	-0.037618084445493284	0.21234479502586603	0.4723567386817077	0.0873677458627443	-0.060890738575444366	0.11805734317447299	-0.14227877166824074	-0.14529563621863253	-0.02019449520335467	-0.33029745504908486	-0.001632886306641995	-0.042964754807531445	0.045176033575841795	-0.05287334863918283	0.12585128104459053	0.0065289527936848385	-0.05579307360273484	0.17062217132758742	0.06290633627806297	0.07670281226052462	0.07058749729375705	0.05926436011876117	0.27921000567846105	0.4437706044153305	-0.20222342159171255	-0.031138352700433792	-0.18035394849851652	-0.041194467324748206	0.06342084881060388	-0.20874604658389645	-0.05620690858834862	0.1515267227887325	-0.12740273076393976	-0.12752305237225375	0.3788426030311554
DTXSID9020241	3.4576661748670023	2.013966137843271	1.1557777808576797	0.626970305835376	0.4770897119292663	-2.4211015114794883	-1.744243728841845	-1.4472587853053671	-1.6868884110184157	-0.7597244424945202	-5.356765242260947	-0.14090058731298194	5.483147961035883	1.675620532324411	0.47769897678613554	-0.3033816428424539	-0.9088295973079247	0.21554446804872204	0.083840208237195	-0.29810711905090354	0.41277423508938393	0.06668081671731603	0.7234574399459904	0.6418049514595998	0.3768864827009249	-0.27484815190473677	1.82529751847401	-0.13867135974526787	-0.07614924248950473	0.6023271384010022	0.14307811151473723	-0.3855075659021099	1.304699689390409	0.5645519314672398	-0.7309024038597794	-0.6208933569994994	-0.013800155697421414	-1.1294781275746286	0.2602319022623935	-0.2259409835540084	0.21271188947960715	0.6636985095979402	-0.40388410318096857	0.871660032050975	-0.466937402227648	-0.33065915654892364	-0.3073562332908849	-0.44048956122748417	-0.05859660994657136	0.33376800877153756	0.250019367009806	-0.28464036422931444	0.10872507843053716	0.6420792496504023	0.7774220653444666	-0.14200398990156207	0.6596159929798497	0.3956136094827331	0.03609095499495237	0.09850564573217548	-0.2704545380182662	0.904285896736124	-0.488519718886618	-0.49016837075042835	-0.6608319120865432	-0.32196355687809974	0.570926018371045	-0.46071764578107904	0.6297526171128683	0.37163501220753986	-0.4177485303092051	-0.6378098778493854	0.033194828065929154	0.20145435648564364	0.7991456799706246	-0.013584257342107187	-0.14086278037462333	-0.11536948083395661	-0.6037265381287656	-0.12365800693559319	1.0108974456875757	-1.1223549709215344	-0.11079265324938473	0.24512352694220765	-0.6447238213919444	-0.004974419787913764	0.9416346265962664	1.9685970710068328	-0.20068626593021446	-0.22693134998754871	-0.25417558484676006	0.3751988556378372	0.82676541430034	-0.4027285170180608	0.3409062569179849	0.6189720585331686	-0.289646920462638	-0.31866532004255715	-0.6012994246253828	-0.40600482105718544
DTXSID1045582	13.177466110498441	-5.178079668143947	-1.040883824184693	-0.7818973068442712	-1.753461772532208	-4.424517843737717	-2.1342467439400044	-0.5327105815828796	-2.9593009372288694	4.2805424564670576	3.9472909496302084	0.33232713447800455	3.556675177343563	0.28892640411035725	-1.0144974477138837	0.3080383340387261	0.5405960440794364	1.5442902840895787	-1.0373112006096266	-2.3549612467110523	-0.9233062330523168	-0.9704697237067568	0.40933893456631715	1.128926120026243	-3.8398338878766936	1.1075977693487655	-0.5274816585659285	0.16812882218046946	0.4589389538582788	-1.2679442578411355	-0.05699859799587968	0.4170123708356334	-1.5825493926177914	-0.4997089298466182	0.21438057972378854	0.015167311904610323	1.1075772489256495	1.1408204572094083	0.42747190720023176	-0.16996992519772697	-0.34560380871233554	0.16551883913531446	0.6091589981957725	1.6091335475562394	-0.1618074687061604	-0.3707301341001316	-0.06382664138647427	-0.9612597217284325	-0.14154978160519763	0.483185517899009	0.11841810862352282	-0.12606910080104078	0.013586105053587276	-0.29361810600807803	-0.7736837451596934	-0.03490562432532769	0.506516973522893	-1.3026099456019493	-0.6711287562209345	0.7847647245404814	-0.5761006069703566	-0.45953046202031433	0.276494260737232	0.3844912001029021	-1.075400654618345	0.037549676546952925	1.5250158661506734	0.45477557182335643	-0.2694183815617063	-0.8282419412464697	-1.1418785321695872	-0.6138991055844512	-0.7071354673120647	0.4760992899819819	2.156522584714635	-0.5183832357076551	0.0747102884856967	-0.3943816202690228	-0.9576993361159502	0.27117162482602786	-0.3511648701150343	0.48312316600003863	-0.8588830087069035	0.35870435215508883	0.1482489462778953	0.4456031444993037	0.3293502689159524	0.7804977893180369	-1.0400465455641785	-0.3958080378374063	-0.49835734210411364	1.632512200147525	1.3331598692250286	-0.5561384995377128	0.291410220874769	-0.694360221975867	-1.481514949655158	-0.32425773259442564	-2.1975747731561177	-0.19802382963950493
DTXSID5047087	-2.831976604977978	0.1444882018184409	-0.5976836663016099	0.6168733786018747	-0.3980623873871661	-1.1140587272575302	-2.1925126293823043	-0.16023932240425	-0.32619293157296525	-2.7991098803477823	-1.120367086987014	0.16966897422108906	-0.9677656885006496	3.3562578353176753	-0.2657993542421053	-0.3513238992584494	0.307552944162705	-0.04762478005122902	1.617344306960654	0.020794112330005096	0.6367340006367322	-0.39923878081577313	-1.781050444535267	1.4407442561820507	-0.8081421431749954	-1.1825847930892877	1.238828454953375	1.2791245010457368	-0.026512129386178074	1.327797187991174	0.31483307652637443	-1.3002966000875473	1.742746232771648	0.3665894493219614	0.07206539136113031	0.7581463990303796	-0.5662511318162302	-1.4979405415397953	0.8612103004471187	-0.1316240817875275	-0.6573154807482395	0.5589945558867865	-0.47177021444020684	0.847508567656965	-0.9618511197593171	-0.5101758447182806	0.18523785499628856	-0.9591126459111863	-0.4136800544145829	-0.8563962327684848	0.09507036914565589	-0.20176233107833824	-0.532693483517402	0.22833866402035566	0.5153246601703798	-0.7180023100073617	-0.22115978167075714	0.38343559320258197	0.3445478814151349	-0.3781638047232659	-0.4258652881773095	0.49015177541263233	0.2684276403893568	-1.5884417441856602	-0.3985036418604149	0.22466080178330702	0.27463222752224564	-0.26372029737131647	0.732428225305572	-0.8846783925382372	-0.5737827651739773	-0.01757125085283999	0.28094325064703113	-0.8952073043547187	-0.6178038308264722	-0.883418137215984	0.2887457378043226	-1.0749702826157823	0.07353214332190536	-0.19300383519829975	-0.2106241136681567	0.26384772430001113	-0.13833004649588612	0.15820090547877985	0.19348008553702747	-0.17250325615536233	-0.18881819162064764	0.22971517554391643	-0.25361121916427715	0.6792928491063089	0.18866360800647186	1.0237872468969431	0.21482014604651825	0.473593607916847	0.7563342523046174	0.07220501187914449	0.2558737212953843	0.010405478140593937	0.0843933205381104	0.24891217343695954
DTXSID8047769	-4.978892845664473	0.46501836629579435	2.1956335339299633	0.32928494745196235	-1.382105865813394	0.22700614365236296	-0.480213140785753	-1.6880435081634173	1.5850044298829506	0.5516902116448836	0.34495194784527583	-0.21589132859368843	-0.09431708692060099	-1.308357089977059	0.16007997939871316	0.18413947856801016	0.16378901238253574	0.15837163261745976	-0.16386173199298681	-0.13537434544054683	-0.3917497105568632	-0.3432015170584505	-0.7240613470792193	-0.5282695787507459	0.9374276290046856	-1.3508659179664964	-0.8160999814120339	-0.6035890206859015	-0.2464165682033173	0.11026161370336958	-0.8421462846097896	1.006049612341022	1.4617574418078179	0.6992333702614228	0.7041755657126212	0.7578790805699255	-0.40024701163397935	0.15385833975321928	0.12919383951437943	-0.3826910786036501	-0.11772718539459037	-0.4310103222383193	-0.2619063805407697	-0.31464618203566935	-0.4993595248577865	0.5589996833321039	0.16712742804834763	0.03164046973687961	-0.06823155166762655	-0.07305539814770709	-0.10987202987676797	-0.23098209531604066	0.012962481019937392	-0.2201384466164436	0.31784847810601885	0.6787462663858158	-0.48790597947167036	-0.0658734720394797	-0.21585629537198464	-0.36266978986533055	0.06704800237408233	0.43716648950777526	0.4392462177385911	-0.010441916396587632	-0.057799251118084545	-0.4934575003108079	-0.08225454204512507	1.556186169490965	-0.12235668088240399	0.02878205878909519	0.08627227913805087	0.5231562605986196	-0.6980584388855615	0.432281464860905	-0.025926436253030767	-0.21525060756188508	-0.10210530807271842	-0.11004104021383275	0.15221922580973735	0.42342500501484415	0.35707057178307666	0.752428866530173	-0.08909374079365537	-0.08767011075665525	0.15533405693443447	-0.30871656651316404	-0.42343042409907256	-0.12102910045295348	0.4394155435231913	0.3563906943124113	-0.1763121997496034	0.2496193890687249	-0.3180802580118067	-0.2570922044650579	0.03465690154990981	-0.42546026043196994	-0.20995352010819168	-0.2886158266576976	0.16950677095579392	-0.16668322049039588
DTXSID3065586	-0.16184978678997816	-2.1054687757522093	-2.387403243122729	-6.201416476496953	2.3370853007813905	5.200220527848564	-0.16301907963288242	-2.6831524153435513	4.2870300636908025	-1.5691876191802723	1.5656344526977701	-0.5680448206106493	1.0336015191216674	4.091255208306653	-0.4054923380756388	1.0779778267094915	-0.9618483223763283	-0.5826311335938841	1.1864087061341733	-0.7901162156504264	-0.8313969042523509	0.4790958392088399	1.1830327106752168	-0.30045836297812173	0.2834820658666919	-0.5769736347676591	-0.6936572397585925	0.11414442081886038	0.07369389555821998	-0.21277406244403774	-0.43940809150553145	-0.5260665064959202	0.10345180032966178	-0.05996614110908622	-0.5223278550843912	-0.3771387791212224	0.26179488958409664	-0.051741186872608	0.17058881186437433	0.04026081255313251	0.14889015420015184	-0.02738756626504405	-0.23727453205407875	-0.08289673323085088	-0.2961287177592883	0.2373624268869034	-0.09201713951692807	0.3547920743261962	-0.069441092936356	0.3197647104135817	0.02941642361805516	0.210802357297279	0.021485173252002786	-0.029419987912489405	0.4424985246064344	0.1020248794999529	0.32336181599966235	0.3742326571178244	-0.3715987700084429	0.06646913680588701	0.11504098895288953	0.3007726125416393	-0.06420073109393627	-0.18830539978401203	0.0010058010754319916	-0.3525491939666162	0.631301125002532	-0.4031697576445865	0.06478454784212952	0.02484742293002979	-0.22365096971156553	0.14035920761994017	0.0352581237543458	0.0022602294790254676	-1.3680811721881636	0.01366116646515986	-0.3911164142304892	0.07274794108244943	0.15886219852104222	0.2151780971292523	0.742000485317195	-0.03655318469062338	0.36664559067958297	-0.35249254348924003	-0.5931966983139698	-0.013178505257366451	0.384318237659818	-0.1262262328223843	0.3602152271196927	-0.22101245957876864	-0.09855954051938362	-0.21228887038445532	-0.06358689917593946	0.18865012361630823	-0.01998105523983084	-0.0586601087893731	-0.3083283862189833	-0.07487501849769591	-0.4430740111354882	-0.35818243418816864
DTXSID5025310	-2.0024050020156765	0.6555460399193334	-0.6554050294889664	-0.4324664725699949	0.5052114957611558	0.2192568059185929	0.7216258235683789	-0.944535520143943	0.889852500417741	-0.06238325019923585	-1.0367536711550664	-0.8910118230679789	-0.6131957276506114	0.11659361434171871	0.05385275571684702	-0.4458628466637518	2.5690477103152247	1.353690709826189	-1.9257335291800588	-0.3882538438506008	2.382726736240992	-0.7255727765665569	-1.4975564724109593	0.652665227253446	1.3131915347643544	0.4167117100602671	0.8336474021592637	-0.5106813192514811	-0.09681644460490807	-0.2896557458260648	-1.214048452894606	-0.061552448827065086	-0.25091452457640123	-0.5673525455981366	-0.12131755262537261	0.2204840255831413	-0.09008516192723312	-0.11283363797158652	0.0005769113578976419	0.47930629889263326	1.0562977924802177	1.1000774596748952	-0.3980668080929404	0.5462513810714497	-0.7624266469504011	0.5059983896236752	-0.5508624799619521	0.19217799872228486	-0.09630155904445196	0.009696642300600924	-0.05765085403516664	-0.3855794347026566	0.19688618648605236	0.2516946935726159	-0.5132442927392816	-0.6238343534451567	-0.0002310245156871367	-0.03251707184547225	-0.40200525364664014	-1.2209744796422266	-0.5236148138214485	0.0762775693497969	0.680371200954575	0.6232743189248967	-0.5133538607934054	-1.1755069740197848	-0.3560966851640404	0.6790698514355407	-0.7944844221552285	0.17491031233593185	0.4238031419868003	0.7798235360398621	-0.5164191995407416	0.6035386525148666	0.8582454996408203	-0.06078703843770537	0.22630671821241446	-1.021733443359995	0.12627772819231914	-0.7500981840091867	0.20880962025212405	0.25697095596575725	-1.0315529835316186	-0.16526617028986781	-0.40642333162084526	-0.10613893808987539	0.009434983488828626	0.3382883254695545	0.42539079192778484	-0.6775158774443576	-0.2312204918981091	0.5726572868694413	0.07339377553266335	0.06854987175564585	-0.012338364622735522	0.1482713742831241	0.10750546977636408	0.1289600732890957	0.31414063560034244	-0.3212440808395419
DTXSID7022415	-3.6563332888139253	2.947288469287321	1.9186633550959533	1.449621947470747	-1.648816896202606	0.41772098542396763	-0.438516862976022	-1.8826538019983958	1.8089107575548566	-0.19353394954293524	0.8834514980464447	-0.4339329052381494	-0.31593936377313747	-1.8099704497247837	-0.012336534851536183	0.0371424336023348	0.4055268072813848	-0.08671235580316854	-0.2574449984635067	-0.5243065274064918	-0.041969653828616046	-0.5412480560943288	0.014048873897965346	-0.14182306562627392	0.09624457781200188	-0.8080623138091145	-0.5394257484183896	0.20335912638719686	-0.4209057904813222	0.004590947748106679	-0.49399677644666573	1.2050774888989513	1.4480757658929782	0.38634665936194035	0.2069309301323255	0.09669847421153643	-0.25738582632062923	0.7406084276359647	0.721372753944623	-0.40531968817617453	-0.4276404623243677	0.23252795330081738	-0.6190530073447332	0.014378293231813596	-0.8454963734404074	0.8249264833371867	0.44172631171020216	-0.271404922848923	0.05252020055201761	0.007963176318931698	0.13993431947759205	0.17872895162863273	-0.05730751983454766	0.01488143266629075	0.25074970094664	0.31399451150996194	-0.09049245595736871	0.013200351124683117	-0.4768127205423169	-0.5456424180346128	0.5903750769792174	0.7457774131574798	0.1734782928058292	-0.5851473370848634	-0.01644030143143138	-0.5953391622773513	0.07229468926733452	1.130348592641879	0.21715153555176145	0.8394931618157029	-0.06322067579897266	0.5512171380066162	-0.8023254978694865	0.11455343399549309	-0.1683383182265346	-0.3435240578949771	-0.36077402210278015	0.22638439949083772	0.3390593718298271	0.07438900053767128	0.32987569278779977	1.0747891583748508	-0.32551712301715113	-0.11472509209755724	-0.1099644161801411	-0.5314233500007014	-0.3166989566282906	0.0321462500117043	0.5615311453497938	0.38841072048783204	0.009287665871782444	0.1579954528609768	-0.16018967692902952	-0.027156629317328377	-0.16112103822892024	-0.19775962672303465	0.002439885106076147	-0.10205411524709221	0.21498867296591248	-0.22211271208953365
DTXSID6024701	4.949539401157869	8.987403014420975	-0.6055138173141121	-1.1461646555366163	-3.5119267514197507	0.04123156697227654	-3.8409082258380405	-0.9049971665005032	-0.2830671755283575	-2.0507873455290833	-2.292840909095609	0.10414010811740056	-1.1218675472233226	0.0741711486607506	-1.932998580031182	2.6062603046560224	4.091355566132507	10.654315104829488	3.919647977633449	5.8046732081725585	-2.261679919505507	2.7805572113794588	1.474175950562317	1.466626090496615	-1.2330441917817578	-1.7930414553888077	-0.5995656081288033	-0.031020691597656032	0.04527589517877387	1.7655872065761302	0.49364371137459956	-2.2723311477477366	0.334317512087434	-0.21071074713281265	-0.4445276263292175	1.0138938021034007	0.27401673634761703	-1.5845054986377538	-0.2887278633139965	-0.6090509493181034	0.4245727390979502	0.27611997532960997	-1.0226887087973768	-0.6856093544201304	0.6994884416572117	-0.25213877995529826	-0.05559439745907961	0.6275220080379887	-0.5756842875049678	0.4596352882716073	-0.4533769510566013	-0.30070619823088385	-0.22625280622973046	0.4010190113638376	-0.9323156524025071	1.4028685916814676	-0.05931103926820585	0.030801780350964036	-0.5223710378554887	1.1595027103543496	-1.8877619710417761	-0.8918447713026706	2.1332557819742615	-0.3427063749392075	-0.5000773808295508	0.25951103191316505	-1.2191120975418328	-0.598064560881199	-2.4718633956884304	-0.5081423956038861	0.17713497149978152	0.9070809156820082	-0.2306437287111336	-1.1717889739656622	-0.07145361188429677	-0.986874995903509	-0.42895206780268547	-0.8647609302080692	0.887132442225144	-1.1586892276799108	0.1890903263441261	0.06125906131593998	-0.15026322806446252	0.1557968391633653	-0.28734740863465225	-0.49981209911139873	-0.005515746401177832	0.8393361478647328	-0.054695292888720874	0.4900791845362932	-0.8155576846204381	0.6245050305106224	0.6255254085159759	0.2891719543385178	-0.6654854399751284	-0.6376712085736534	-0.1532152500202694	-0.3962156839576426	-0.5048922442748557	0.4433312844771321
DTXSID8045802	5.014872709087549	0.9211639358169412	4.677330970932096	0.06533016484120563	-2.4831305801338894	-0.6589974418977307	2.2681080129342472	0.5893214866551025	2.8043685582657742	0.7975753119206449	0.44717999352476395	0.14427556101691588	0.29844268915564254	-1.8157260784434641	3.474543827500069	-1.4173272572643916	-1.8758095868849631	-0.7901965219138415	-0.1296313803822586	3.9851946640443052	2.984005775834113	-0.7309425412907238	1.7317485531106187	1.474745888832933	-1.5959107707982698	0.6744530660758734	-1.430986130173427	0.03156775770842496	-0.87105277992349	-0.4459836365547104	-0.08733246110418139	-0.6964255532798114	-0.9332743827547437	-0.6283379716845302	0.7645131413668724	0.9938224093521488	1.2463658228453784	-0.24978228961476445	-0.9825781573199697	-1.8439567314666834	1.2614661593347842	0.5611536281909127	-0.717667644060751	0.8210413152225852	0.06246780513273865	0.006581977599173826	1.1154811930745574	-1.0277229151852019	-0.12406803093793946	-0.8088130135337378	0.04391944611585909	0.38045185527656467	-0.2600997587613178	0.02805459715333395	0.024288398987407003	-1.9385518943425457	-0.5031919709735416	0.4139389976518523	-0.5775730035180954	0.650295331940371	-0.5235372054612581	1.8252946498551903	-1.4486578241254566	0.2223786568964034	-1.0665058206608056	-0.417023345278004	0.42936630379221835	1.5792206320932165	-0.017858529693752404	-2.120652419439504	1.0445995868436286	-0.12613627443427164	0.7842714470067036	-2.224489557295133	-0.9729331082106316	0.6609134922693146	0.1421182601894542	-0.1905189066488911	1.049039550463716	0.9465688243247106	0.9000359538222024	0.3847257320135424	-0.9410212379034638	1.681394404241021	0.24330189096070304	1.1891007737762354	-0.9190538687343648	-0.3032797941664238	-0.09026085898122417	-0.044398225149873544	-0.19467852803588878	-0.4237736765395855	-0.12679160531514677	-0.17633620338162154	0.4391339911729245	0.6433202292573995	0.4948864108732173	0.3029688221939076	-1.1669267076651972	0.05570045561922545
DTXSID0044236	16.31545462268956	5.351266037889227	1.4958843588776567	-2.559977794289369	-1.987932081191749	-4.804017077121792	-5.298449998117729	-3.702958963685202	-3.86265843672546	-2.4608385966198028	-8.795514193861257	0.6994363061759853	6.135469400942053	3.6433149559075417	0.9684745166205873	-0.5874579300018749	-2.9658919641064263	-0.09448376590252444	0.10162688174008853	-1.4002255128078964	-0.4643958298126463	0.748175699938931	1.59525202286418	-2.4266750933185635	3.7331777992152415	0.6213777483623689	-2.4837769125834424	-2.1902618264179363	-1.3399661991793899	-1.0921112820004228	-4.48693466428314	1.754257269229761	-0.39561282652963287	1.8351291150735674	2.7851358641097126	0.629040938295662	-0.6392686754732617	1.6152836381822957	-0.4883655510632706	0.45614569817189066	-1.424256416218852	-0.9876522508164762	1.1694732465264128	-0.00785217979423702	-0.6495752816019474	-0.7562902619153896	-0.2145750930816306	-0.7811725081655254	-0.2726485296853131	0.7908611831907464	0.1863651124506794	-0.517938455507108	1.6309517697017404	-1.3671323789665644	0.05900400981436379	1.0278739126084238	-1.1087948875747209	-0.40672191985943396	1.2852328602507874	-1.015036897983128	1.0079306888717996	1.6299533841951594	0.211994052470173	1.3109343533940054	1.2229386308182522	-2.291238384171971	1.4528208838652361	0.38404533289302123	1.3758057161997679	1.0064119831620577	-0.5318985583622617	-0.3487052876382431	-0.41630435028974533	1.4241344287832534	0.4053454353485221	0.18641472051505517	-0.3218160869691355	0.6937892949627589	-0.021319680226627002	0.0036231809242868286	0.5197731868084023	1.0909339351187533	0.714251172074241	0.3496773668681988	0.9475185083241496	-0.7646608917709885	-0.9394111677729554	-1.1198873682210786	0.6182533699268443	0.04705228510084433	-0.696284180107093	0.6230148120250362	0.5540235339906598	-0.941032878808899	-0.7376670400026807	-1.4655290355344441	1.872184868288177	-0.025960272395959626	-0.20336478223792173	0.6706217753044944
DTXSID3041299	-1.04994796431426	-2.879230037379322	3.3693071321068198	-0.6452421223494971	0.23530585492994413	-1.4116866525356622	0.08894308136172238	-0.034039668057952104	0.763467697898952	-1.9190540854042737	-0.5569466069469114	0.2848593603034507	-0.26270904563702935	0.24040632030167305	-0.8737649397327195	-1.6744039365943313	0.8159892418110253	-1.679996464367117	1.428921095957527	-0.006029739822454734	0.4899679629685597	0.6937564885855844	1.8203696737660924	-0.9734336371662909	0.6907465286344405	-0.24496580701491683	-0.6199548411009917	0.3567435798712733	0.07683162940754992	-0.3109824171532538	-0.7621793646800559	-0.5349747546623562	0.44911491041359153	-1.3436287510709621	-0.4788997298215185	-0.7435664414349364	-0.7093618503467866	0.5392399210223385	0.11354188932162318	-0.259458952267252	0.7450175599444154	0.17898744525951357	-0.6737558970664587	-0.6233760807828933	0.47218917418278294	0.8172125407547246	0.7099734842434333	-0.28675018942615044	-0.275093552309697	-0.4485832872543153	0.02231591789285685	-0.1419435390962871	0.20331167019776672	0.19908467451906667	-0.19048325306803407	-0.6766921554183499	0.5616256304350152	-0.46037822647012516	-0.0940165241597006	0.7443467397748214	0.35424929251558535	-0.4358957157391417	-0.6483539429209375	-0.9583826340399971	-0.2265222520070519	1.3040008808457957	-0.7905706424843436	0.247604023180654	-0.8620267243278168	0.3290543797902835	-0.28352476203803817	-0.023322435812675235	0.17840690998340283	-0.20199730408623665	0.9700585838571132	0.4653172872283851	0.14414409339552856	0.3613741187853312	0.2724540555855978	-0.28392941121135057	-0.28968461601770956	-0.33215097898375956	0.029349986394087587	0.08023450486502058	0.21876005628849773	-0.20021462067449286	0.00613881410210403	0.4196177047682598	-0.01152302171978008	-0.015240148948145458	0.3208222994440875	-0.10257345262203606	-0.0628448459090401	-0.0745446934557308	-0.058229704857163375	0.038465283684696296	0.6643607691800913	-0.1369608380958559	0.2243031957164056	0.47777689164139214
DTXSID2044470	-4.367656594787214	0.2944411399892011	1.5199763048973978	1.3892574377869251	1.0327933058579557	0.33370533962498017	-1.7147716097003127	-0.42246050751169983	0.5611820039061232	-1.2249083156935734	0.6399745649309919	-0.3888851410716139	-0.983351028007566	0.444208073714457	-1.2754492052646904	1.3189474745503988	-0.5735256714875331	0.1088494281932191	-1.6545665130224856	0.6891314565061625	0.2417778143660508	-0.3677021031789595	1.04388705555609	-0.24250047943714706	0.24606245059902349	1.0794742185903288	1.162252422124453	-0.9197080187829179	-0.13309141673618527	0.4448252352283175	0.23407816003155335	0.1411733329576822	-0.5748058655889869	0.05914818948544513	0.8151452073649897	0.1649495659484508	0.3843775301368843	0.5254966780614024	-0.12566501968816252	0.2920272021331621	-0.02758836599684741	-0.017345491038881118	-0.10605363958357622	-0.9859333735018312	-0.334510051735484	0.049995072830000785	-0.06793550382253827	0.22956488961861574	-0.35226186203979765	0.15665601034877075	0.11249228734574945	0.4959837343002901	0.036987796641534024	-0.0009145535486865047	0.25042019231144846	-0.4384741457284922	0.6668651019921678	0.05393113172132207	0.02302088171630383	-0.2600416326910491	0.35452536271448865	-0.4114369663731629	-0.3794086535720693	-0.1374410293551521	0.3596171608043925	0.9214105058168608	0.5597632631793128	-0.4020885284747368	0.3582099992504278	0.18528363233090792	-0.2537434118128845	-0.6773554272553178	0.6189784781248691	0.11950431226198312	0.11903969509884538	0.44944891651223906	-0.026972531277055768	0.19803808702277437	-0.2379760607600686	-0.15560993355559763	0.36036248237636603	0.012488062153590405	-0.12579656836643668	-0.018478062017196314	0.3073663085219409	-0.11561323972232737	-0.15504067254562323	-0.20926906159849773	-0.3194082357142366	0.1444411607018182	-0.5881082484254595	0.16126958650432197	0.12828964510009672	-0.16391485144566453	0.07890580177260659	-0.20688667605004207	-0.3070526178467791	-0.14104899702421564	0.003842193513098946	-0.0652430007491646
DTXSID4046494	4.6247797474893344e+17	1.4762604223760448e+17	-4.7801507648489837e+17	2.375286597561421e+16	4.9171883073127194e+17	-8.395986998562546e+16	-2.509887929222908e+17	1.0227116747017947e+17	8.816130680804785e+17	6.836524818135964e+17	-2.3140414567316813e+17	4.762814616452326e+17	1.1998588708580923e+17	-6.301484060608756e+17	-5.1366093051246976e+17	1.0944953959194973e+17	4.435641370285959e+17	9.154432639051935e+17	-9.762417057635443e+16	-1.9365134640005655e+18	1.717949630545072e+18	-1.023364395170775e+18	9.048184055062769e+17	-2.885787634428213e+17	1.9307027225195727e+18	-6.563211194434958e+16	-2.591343288677088e+18	1.621841087401095e+18	-5.834202639292849e+17	1.4871425499439574e+17	5.665025468090113e+18	1.7220617417190003e+18	2.7827411615074365e+18	-2.5868274868779798e+17	4.647912670648467e+18	-5.897305343364138e+17	-7.850078594717074e+17	6.322316115822057e+17	-5.123121827819379e+17	-1.24160984210313e+17	-1.3428780521828086e+18	-7.709184561444335e+17	-2.6857387156059574e+17	2.911671598378462e+17	1.692524395441513e+18	-2.8519007992317213e+17	7.546221402577422e+17	-2.038742912803551e+18	-8.369635145541967e+17	-1.1227867783980324e+18	2.1745303841700776e+16	4.980380207115209e+17	1.287640744656903e+18	-3.0160053400054292e+16	-1.2549570542404196e+18	1.3812338729330762e+18	4.482642412487198e+17	2.0524829822557514e+18	9.869943545633491e+17	1.1199530939907498e+18	2.2076187633288323e+17	1.1970177937947392e+18	8.596379831272866e+16	2.367968451948816e+17	-3.033655620243375e+17	2.0971306749788846e+18	-1.0916492482282684e+18	-3.303294294898464e+18	-1.0087771480363939e+18	-3.852182843501043e+17	1.0319178037918787e+17	2.202852138238574e+17	1.181024412379946e+18	9.080451499438516e+17	-1.305975410322508e+18	2.767942202004908e+18	1.1019968292195438e+18	-3.459792291772328e+18	-6.529669961305678e+17	-6.259015105794298e+17	3.0549192864880256e+18	4.303802245817997e+17	-2.0426197441724974e+18	6.86523689579568e+17	-1.3192748648577132e+18	1.65272357960696e+18	2.3953042377175914e+17	4.933985217512896e+17	1.471886610440083e+18	-3.747046761360811e+18	-1.587704582970384e+17	1.6501209086549123e+18	-7.801602839812337e+17	2.1322332077015685e+18	6.356102905194095e+17	-1.3401612284602263e+18	2.8101419974537386e+17	-1.1051858625124279e+18	6.432909633789637e+17	1.60666312951849e+18
DTXSID7047645	-2.783917270714142	0.032385816118757675	-0.5474585868331305	0.35588968512245145	-0.37932500076332176	-1.0200659010992097	-2.2534476608301466	-0.044361040267564864	-0.4581513576671987	-2.6162023587476684	-1.1289723808824668	0.19769551817727785	-1.0959095121265907	3.3281811586747083	-0.12215080385798088	-0.28384671876204337	0.1114448556115465	-0.25783848756886096	1.4722580632579736	0.011758948127938394	0.6709898247562234	-0.4648297484815955	-2.3025359062206507	1.071833122571599	-0.6026197242695777	-1.2396876543576894	0.7214338052981197	1.1373653970046254	0.009745423929688263	0.8668230421324293	0.3936087403860489	-0.6553974470977405	1.9863893456497674	0.5823732559446335	-0.15025365477029495	0.6208234785476783	-0.41758042123134503	-1.4411979805297763	0.7655928809026162	0.013711722755443878	-0.32559282590264255	0.34544311017739376	-0.3508201375171713	0.8954214309783908	-1.2841232197602366	-0.10630311060851741	-0.09480073690582072	-0.7773390839164647	-0.4140597334541937	-0.9359245689536682	-0.03101658337547582	-0.273960497009054	-0.7313329944872926	0.21177732680217987	1.0143865695533807	-1.0003597095752017	-0.20830872664944672	0.37539499603708704	0.1421122913650466	-0.7670553383530057	-0.1315064892113171	0.8004780977766247	-0.23465361738371843	-1.2636490659753152	-0.5533063322219575	-0.05353699118874125	0.3102021141030216	0.11783669105165061	0.7832021513381789	-1.2486466425253755	-0.0838996700597255	-0.6790701425563709	0.1039586831838736	-0.18216667774397344	-0.4278500894544687	-0.8085955983192485	0.5258274206413349	-1.4234055102031204	-0.2799402415902809	-0.29100560399731146	-0.44018574121792786	0.11351582470038339	-0.4633590091853975	-0.03358330609855471	0.4046410298758163	0.5028126635488342	0.6888089939985683	0.4303831345820327	-0.43534464556195285	0.16079981397950535	0.0767621770859831	0.046910892019645566	0.09338615918224108	0.11330847311197678	0.6226520679281309	0.009742687827262213	-0.12293507384009977	-0.02791604412486082	0.04143163410726489	0.2648371569661065
DTXSID4025749	-1.186031013263716	4.3437527796657935	-2.303956805591423	2.218244182308889	0.878713756343211	-0.17249834857959548	-1.7881417833741218	-1.4511885671171647	1.919123534195448	1.1250659018552223	1.4440118029308924	4.163232023718752	-0.9970100398381371	-0.16796072326984163	0.19104501243378752	0.6242813411517079	-0.4701531645972357	1.3565989859807415	0.6776800316984848	-0.32084495686638576	0.22516762562633455	0.5200124196960304	0.4531666497056142	0.7886181740865276	0.29839508255252756	-0.1952832841976975	1.512819463609359	0.3530097626775931	0.3834807107630199	1.3271768288588077	-0.9742791491508539	-1.942570018785674	-1.0367527850077414	-0.8825130781903683	0.297503302665884	2.1449105689272923	-0.6625218372904411	-0.42869359062889384	-0.35037391470346835	-0.25417581509001136	-0.6426690380796477	0.42406131953812937	0.01795750554907203	0.2291129798128202	1.6566465911544785	-1.1956667739652491	1.13815099393731	-0.5621862653812535	-0.14274641945382666	0.38674458749357904	0.07616774018575842	-0.11323092760382229	0.8476811200235317	-0.2579876255093938	-1.6673695421402568	0.523905653407164	-0.7417155940740172	-0.38616401920696836	0.5083158280680962	1.58510672390465	-1.421869491080864	-1.474855794653039	2.0463020369741716	-0.25853096041683526	-0.012327223860080871	0.43966465062865784	-0.14224600160405024	-0.7852303095251579	0.2542583253433521	0.47996163021743654	-1.6727116508404138	2.0615222031382836	0.6974381523685198	-1.7314324807471524	-0.28199974739767103	-0.9732126887805712	0.2191238395918228	-0.21274832487627526	0.7087144468090806	0.44598003444930673	-0.3353376910195177	-0.18625185704226552	-0.09994609628844603	-0.6505755644363681	0.18455206221963466	-1.0574680271231083	-1.5670188132491147	0.2571270848368557	-0.7025748204478944	-0.26930426547764486	0.6125022640623037	0.07041925662110257	0.18946016176437733	-0.10404376617083885	0.22166228381434736	0.9106871137355642	0.06343768441463704	-0.2514887490426455	-0.01992473512483034	0.16145017740944323
DTXSID1026089	-4.039347189110469	1.47044673807594	0.05209420187998873	-2.052763670078441	-2.844938729450908	4.360060094667373	-0.5563437094452414	4.802652368523247	-1.5898202349798551	-0.056587355704702066	0.3227417122285941	0.8986402278315508	0.7627998601464087	-1.0942185094637102	-1.694537640123564	-0.7631233102678256	-0.19258955902952005	-0.7535816923793743	-0.08150095067464952	0.18556580801503178	1.0284609859768994	-0.21778573017609734	-0.8504961775659822	0.4332234959472425	-0.8482527029379566	-0.9748815015920276	-0.4294287215683029	-1.4412046985360671	0.37244685626908375	-0.40774287828772965	0.7042420197793681	0.7127288372844064	-0.3084006634891091	-0.6374504522196014	0.040831090758282736	0.17791423225758032	-0.34910272222504785	0.31554428000167173	0.5702274293965185	0.07091766946073717	-1.2181315068833163	0.0016880581813171654	-0.08193350064505243	-0.3048752802889241	0.3602510532002664	0.221823847313817	-0.4781277367879774	0.06704306157983514	-0.1799450021734125	0.4455267489738145	-0.061838807197615385	0.14783062011977935	-0.2826398932878366	-0.07961752508346788	-0.14418557858233388	0.023583823583322665	0.24374720268300068	-0.6531344163667561	-0.01890058010818354	0.6481757074672511	0.4547354155039272	-0.26814096518141417	0.36252556179923245	-0.017615860338325986	0.16766164448851636	-0.03444221512814615	0.2703314884077249	-0.17551751762855292	0.7776493120515648	0.03108989974223205	0.36520322227771185	0.6855197633613761	-0.1808165540561849	0.6678745958412865	0.3365657444652643	0.10250000937804359	0.9111048115252963	-0.19369594264824386	-0.412754397846501	0.7561421208285847	0.3758639337498428	0.4183840010834288	0.5985350289258989	0.3076688608492354	-0.043815629660101496	-0.131089151148213	-0.6155429743087661	-0.236413242725593	-0.1738972946899148	0.48676557947570376	-0.0009545401459433564	0.6974642334306429	-0.7781953849094742	-0.4991136466946875	-0.055499404210443234	-0.44797876251387514	-0.22665346610855522	-0.2443423133255956	-0.13817466475769488	-0.19913225666932305
DTXSID9023415	23.927833796679707	-3.623787233895625	10.380950036207954	0.5841787536903302	-0.4598168560538154	-0.8855715498888926	4.2074220604233545	1.4682965594154103	2.075288965043534	1.1486838538885016	-2.2598481927260123	0.1765649532083921	-4.07304382005108	-0.04214245212129898	12.206170449652866	-1.6946165418602246	-8.80721460147235	-3.7552857276065352	1.7564843441771696	11.75628281719541	8.561216693237915	-2.197509252614146	1.7351568606949515	5.097812238119127	-7.006394703261993	-2.603296352120299	-5.5147446380304785	0.5578682090450161	-4.405857043316379	-2.360984151918828	-1.588137412039673	-0.8547818203203714	-0.1681173393570203	2.6749688223026333	2.0856023038114624	-1.5429762561275266	0.18328693575293292	0.08747530207378527	-3.1285855506994142	0.33972614538351514	-1.1140409996690412	0.9098390325165202	1.7310234482047855	-0.7145637553712858	0.6002566980429225	-0.11090112134382281	0.8360501848990651	-1.114919257423056	0.7060884508884006	-0.7241036306185265	-0.06913179287797522	-0.01940427599756261	0.06761456692320905	-0.8238981344800641	-1.76820833174819	0.26809382290047024	-1.719396902230673	1.2170883019172016	-1.5773937893702092	0.2705666383861959	-0.42209912374751785	-0.7138905020172004	0.6950593517633566	-1.560184281694845	0.9935645461393275	-1.374914624165735	-2.2573348784091785	-0.6685755245107442	-1.4642091583242485	-2.5559742379049246	2.4733469470249623	0.013472788417082947	-0.1675593464216118	-1.2405126788379974	-0.4444062453601987	-1.320627992851719	-0.1446110839246048	-2.109963929312268	-1.334530139963279	0.6891895131810833	3.5857593154993452	-0.16318270875112262	0.526344998615537	0.5632296283849395	0.4229623216962579	-0.9166393367868558	-0.04287302605546841	-2.572885007440958	0.024384101843099994	2.0563666548497763	1.7896797597544145	0.19516693565282608	-0.19346970684787662	-1.3629346002894314	-1.3399269660927233	1.3139210165891337	0.3840372964150645	0.33756915040801594	-1.267415576054929	0.8690109650561256
DTXSID8029230	-2.310396974932977	-3.834303015755367	-0.05496016956780559	-0.825479016070942	-2.115340602644986	-1.924365797500831	0.031192797872257823	0.6540672383315925	0.3193927358246717	1.3548908970222264	-0.2846630247290713	0.5274253535731737	0.4134784706624292	0.8276380445661617	2.5147230031064063	2.111854334442145	-2.4798343535304395	2.4487128101149427	-1.7683285294453193	-0.43075200522532975	1.315072038641527	-1.8642037544745547	-0.07955939144726355	-0.8488469072601099	-1.4604435675063052	-0.10636413169034999	-0.7819451183176659	-1.723594164038005	0.4541454656365835	-3.5623283312240126	0.7716680494059782	-0.5638053422981377	-1.790160093252911	-7.505639179078876	0.22742841186903004	3.448594324589823	3.8608231032353566	4.452774095684529	5.770073672950151	-9.457251235290626	3.50482343203471	-3.396328105796523	-2.490719531053499	4.341211223485423	-1.7097633667951189	1.8560911053239466	1.353615164553541	-1.7796395916627528	-4.381181562186961	-3.1247545953862232	-3.238162548436874	-8.116618930486121	-3.5543651876338536	2.0244928180622326	8.783234379125856	8.643123611049187	-1.173341125212559	-1.8800166205064532	2.4781572055850987	-8.790473035045501	-6.166659477581122	-2.5214314749143676	-4.239770764252766	1.5392716341920867	9.101034175859878	1.9305088208699905	-4.5694868185719	-6.481927391947995	2.3560046668526105	1.0641515889285276	-2.0137609375619516	2.970210592024434	-1.4604121135835926	0.8753758043564075	0.06480798408431114	-1.075134368375064	1.072222410515939	0.8508909719530109	-1.0193829521377298	-0.48884118865302595	-0.7219566078025066	-2.1003248571241393	0.7873461898633035	-0.5055695058208207	-0.4338266572440346	-1.530956534550758	0.04357464091008572	0.4117627575306836	0.4785702177777865	-0.22080171348461985	0.21069969977912925	-0.6503934461517059	-0.5047941624635274	0.8231331990618677	0.07217940756780099	-0.5848574122706325	-0.023463579630463506	-0.25782773440806994	0.2886476515128427	0.4428241697760337
DTXSID9047091	-2.5823174204981725	0.40583933542372247	1.3164880409280735	0.5128569619595994	0.2979303043900453	-0.6886664659016648	-1.5749083361953478	-0.12240438223971493	0.5503139819851248	-1.7398116242554937	0.018241878139948257	-0.1699009543495222	-1.0406885388919964	0.9929485467845498	-0.4902479474026552	0.08420168024945004	0.8706874542793474	-0.17469497254138325	0.382345818895093	-0.9109765658543992	0.05230700617884218	-0.29256329022289584	1.3179370880385453	0.039211123667416914	0.21983706110778112	0.45587656720076614	-0.17163728847138365	-0.6365143872555904	0.024273200575218236	-0.5212983466723663	-0.6623239232277234	-0.1877205990115241	-0.7450802733686831	-0.2392075553102723	0.21382754491817244	-0.3262262455745555	0.08424747954092981	0.43805555166750504	-0.6552544637832601	-0.003689585106316139	0.11114813952000037	0.37948770666856524	-0.12005178413129566	0.111565259751123	-0.4006263458519337	-0.07578084960963152	0.13270014774525757	-0.637681527268149	-0.18208221930695045	-0.1412722709399289	0.0863836009052458	-0.07083040821733783	0.18690780016666905	-0.31797218899995855	-0.4016970953007294	-0.4020307083963985	-0.055650831411320635	0.14235244097969366	-0.08435829332981269	-0.18470190686178217	0.16140860358280473	0.21469708800637197	0.012595103472391596	0.07108784662452283	0.1276964730389393	-0.12344022068319517	-0.3483161160106159	-0.3316319769702944	0.3072489603955201	0.058630715362497254	0.2605939935435897	-0.5169392267974794	1.1249306438554854	0.1915392756123675	-0.6834342508751684	0.08031407212877889	-0.25604973382166357	0.18539170729361032	0.04665761656619149	0.10148168503482644	0.3097584036294838	-0.09008277679459951	0.365963477074002	-0.258967700995432	-0.11322857320002072	0.18245496973919637	0.15588010536186622	-0.34721944968430235	-0.13212899175944254	0.13582874098207676	0.46073911010438623	-0.12192762018365742	0.04698012392273013	-0.2198520686387438	-0.21174162492895549	-0.23507172506501134	0.4264609296792782	0.23620634343374924	0.23165600278656276	0.24455603094456235
DTXSID1040794	0.6953385323781637	2.884698572442564	-3.4330077729785224	-0.4076406347220717	-2.2068097522073207	-1.071985314720779	-3.865984113001772	-2.2008939898984563	-0.8743481487857686	0.9973996199758594	-0.682752185095787	-2.559099600891047	-2.18343700461537	-2.1294164947907626	0.10977793344750925	2.473453946785054	-0.7494014305929894	-0.6767311453170719	1.5066534415108344	0.33292314641530485	-1.5610245138339092	-0.24456875153025975	-0.361925432803463	2.258794533450328	-0.8507711251476938	0.4948032433313753	1.0202402097824042	-0.01277364242331398	0.5788629731976322	0.2814810188389974	-0.41826318716075034	-2.16398019856336	-0.3399839184338657	-0.02313871601608475	1.3706283998281532	-0.17313740044209341	0.7492952014974517	0.08075930478609995	0.12195612653529436	-0.17932681727859995	0.2645199865222657	-0.02159620676870666	0.31270844444527546	-0.028002616988865647	0.3662198876800416	0.292200859474173	-0.4576994903224271	-0.5938524609089624	-0.024536179970909018	0.3885306056955911	0.30831993690115916	-0.10847174201133859	0.5504108363200937	0.1463756112901549	-0.4771589780114138	0.6795910415449227	0.32289055445221676	0.1044827558844634	0.5290571813842685	0.7463373631068567	-1.1903101377957597	0.10295088720131862	0.29597286917565757	-0.059088655358506104	0.08222331936399199	0.39917811801164793	-0.5597348456568492	-0.19369669756095104	-0.41873469570498034	0.6058736014105135	0.963133364838588	-1.3727769960110905	0.5303677965690521	-0.520745832272517	0.8458840874084745	-0.128914316591025	0.7342178716386587	0.14104635953109304	0.7351243434829938	-0.3139226310882405	0.09872588116990919	0.7260059635274556	-0.6795083436378074	0.4639321647803392	-1.8927280498687247	-0.3112604826518527	0.29823707964458007	-0.09335318482148479	-0.4677152501468227	-0.2236374293775335	0.13334709843943468	0.031071734846591332	1.5909676647187339	-0.4809446539265191	0.021919892893436287	-0.029450990969306957	-0.21352055100269157	0.4029819343139883	-0.9860023775579904	0.02573393937921189
DTXSID5039224	-8.306196138971064	-3.772531681402402	0.4169921176162652	0.22175489939932572	0.4066994826306648	0.22089083573152726	-1.2598972976336102	-0.6294974295620803	0.07330044846465299	-0.9087665983478824	-0.6206130475657035	-0.320264217982859	-0.17159753471447198	-0.08230028809291036	-0.43247498655922856	-0.08013533033766189	0.22048821753734227	-0.4749946688799987	-0.3996119611577173	-0.41364655018541996	0.13160087309015422	-0.3978812359185788	1.5959837300018611	-0.17430100911701712	-0.06859674249975667	-0.29689455902887757	-0.4320685260148057	0.38730641113437625	-0.25703019267733856	-0.13536540992038584	0.38403906906852925	0.5317597168040474	0.6159338517513042	-0.25015603655929036	-0.18307454127051687	-0.8474004903402089	1.6673807831228353	-1.2162468415366676	0.596956097375351	0.29546894964602827	-1.7694725090793348	0.3954430822616953	0.3093415956178734	1.642622093826841	2.3494461925474837	-0.036928612558584505	-1.9299137001010536	1.662697800358419	1.0647588020435914	-0.7855499342200395	-0.19037430591491158	1.3445961966683155	-1.4255153034273726	0.03649520618387323	0.011966896140609634	-0.5476440937502481	-1.760048777189134	1.1892759758614593	0.24410113035634454	-0.3833796843295037	-0.31952270428724006	-0.5255798123079101	0.39988880747447286	-0.32076971804211524	1.133665952892551	0.3471729553160296	-1.1637081518477088	0.6876067699388437	-0.32402836256796935	-0.014255827256305935	-0.06557273631320411	0.6277196496782534	-0.23998242952348928	-0.11370392106830134	-0.4509830216796971	0.6093693792913178	-0.12789936649357017	-0.19890581822880465	0.007012446458587305	-0.8115039372070479	-0.31928671639055234	0.04081861779835522	-0.13387050199761125	0.2311109191943178	0.2564653601256528	-0.24784453514114257	-0.28674089023890387	-0.5863914474173526	0.01993042836231961	0.12681011379158885	-0.5871976248033386	-0.4759343514697244	-0.2736768490989057	-0.1458422699720899	-0.11743476192423566	-0.18159408257915513	-0.26375572333902453	-0.2573741390989791	-0.10380997425871631	0.06140650739422506
DTXSID1045873	-2.186646095837063	-4.694476486317794	-1.5920249368910437	-1.3555888427176885	-0.6183823355962171	1.1225237567579192	-0.7735056871257517	-0.05191118290037677	-0.5905985543897188	-1.1187615864021183	-1.561950905763489	-0.8620438269590833	-2.5944051026800126	-1.2958837730263502	1.2063523844061768	-0.6401747548434139	0.4284461811543383	-1.0393307540069092	1.768120064292739	-0.03974637355172277	0.19098075634357517	0.4037626361902981	0.5796273625251748	-0.9956696033494882	0.8174133085451042	0.5338902964087177	1.5092759182840734	-0.08156731781192013	0.4050425565243793	0.17486966971760523	1.29814734529712	0.9580574137913692	-0.311621211988679	0.54831602296942	-0.2880223287950187	-0.16914212803236842	0.09413741146635356	0.6565996844672635	-0.6157703790143997	-0.8596527137655667	-0.24778728425364938	-0.4288167254724507	0.7588439969289063	0.2872012812598906	0.5578595508485368	0.6051993574894244	0.41197853390823724	0.44780548773397	0.05065784204301347	0.25919179408499365	0.09805413890285947	0.8960545101873776	0.16659563949692474	0.46945316338468446	0.3790019006311616	0.3450934685492375	0.9155066210121542	-0.17615511033466869	0.33973469858920685	0.5984082555854328	0.45484218332406157	-0.0018993982814635528	0.16860285685846876	1.078095181187139	0.7028474619426972	0.41984318648302077	-0.08565960485437511	0.5311963627017472	-0.12564211238683098	-0.36458166149196497	-0.06725455107158197	1.0564352872001788	-1.1218383068455309	0.2562940133140279	-0.7908302438604529	-1.783415107571971	0.31199734948947017	0.031202927323881326	1.4135302819218134	-1.4700588740666043	0.6457560700982986	-0.6462926050275867	-1.0680468911000927	-1.1717624739511456	0.13505826878370086	0.5358118420231863	0.21208478033886852	-0.8737955599431103	-0.6900134442252489	0.6666914178013233	0.5226540579934329	0.2924090284142581	1.4169214263675987	-0.23916072232292446	1.1816106675317197	-0.16898193543721715	0.051056427946108617	0.44847538171901136	-0.3902926363389193	0.038485410647635956
DTXSID0020604	-0.9999835379848087	-4.974776531096493	2.714730704535008	2.194659444012705	-2.8024681841860986	1.0368313291603226	0.8891598537128599	0.6899300247857455	1.9738061852726843	-2.077713954247706	-1.104755879897857	0.2694899648925751	-1.6160849953297762	0.5942556549248332	2.2987769135902556	-2.6768695900738306	1.8319413987262274	-0.9582933257470351	5.0234062170013924	0.8145069817286512	-0.042211695082312	1.8930552189450418	-1.199100577152026	-0.4007959667011198	2.0531188198633323	2.7601123235785856	4.544591929481374	0.1323006918031766	1.606864149855005	-1.5340916911049634	2.63184034925248	3.722929753320742	-2.385877383824666	1.7561417715143464	-0.5545341932292883	-0.9504569126472252	-0.839119826526535	2.5006156809729476	-2.289824145055509	-3.313033729905376	-0.24990030612853514	-0.2322224981537094	1.9506665785628288	0.805047328339693	1.373282395038618	1.4220349934115326	1.5062472570090257	0.03898134326322571	-0.36144857548049586	-0.28755292948399436	-0.06876564294398714	1.241102582273641	-0.0973480452641976	0.42817138595222254	0.00032942989313448163	-0.21822794396811993	0.20905780374744468	-0.2479062547525913	0.14196735331503166	0.6918263749668576	0.6989870966201039	-0.33812207855724474	0.42846131756935474	0.388808019816484	1.0512435369677504	0.5904402712737571	-0.991916391360814	1.4894763043447765	0.05593422690315518	-1.1245914201220004	-0.7532520915544324	1.1666211709144672	-0.3990930131005481	0.7924783876200675	0.10892502944405946	-1.8118897753542742	0.5496420205309197	-0.6205923777550516	0.09944125541080313	-0.3400833941993159	1.0782357010964907	-0.13164512263262787	-1.2078084752912346	-0.5793619913909583	-0.5662759107543222	0.5024654833535828	0.5971230628867883	-0.8199199506362345	-0.04886457501948127	0.5715143040093323	1.2028925474553043	0.40912846529227076	-0.2839000976702813	-0.709394411578592	0.7868860200381245	0.5098657312041188	-0.5791185883337893	-0.19168236787065623	-1.1191907966081163	0.30843986627701386
DTXSID0046725	0.9437158564937835	2.4357984409676026	-3.4714241998427124	1.5741675685802956	-1.2119083258843586	2.215290592295264	4.370624149282947	2.0477908937552374	-2.4690333785072274	-0.6785204388800936	-1.6664373073118925	-0.0775914976110661	2.0899621607459475	0.8306158563328415	-0.14751374195211248	-1.352173471338237	-0.5021605431292542	-0.6972913096839939	-0.5000241622715332	0.37612935169541584	-0.3003974792953455	0.31420240625991225	-0.16022458055403313	0.5356260492084323	-0.4381548118516192	0.36668677974680963	0.9498670933811737	-0.9714785636425787	0.009013398847904135	0.19232279409976252	-0.8001066594290871	0.7267153566251906	0.33988023359901864	-1.3042486329224316	0.934722136507395	1.0288041504573724	-0.9300393088751874	0.12701879432573443	0.8469467107663847	-0.23149384883456342	-0.5598216968127488	1.2552795186629209	-0.5022708635381412	0.6947519698467062	0.9183589026153746	0.22372080532376365	0.7656362812415926	0.20673135986839325	-0.9082072309948358	0.5072989628667466	-0.1898221669161467	0.49594733875088715	-0.07395026695894973	0.6218359058195545	-0.9646473197639442	-0.007844578175596521	-0.46374377645176146	0.5162164143282145	-0.9021088752922707	1.8560704858845618	-0.20438309366850158	0.5985930660734824	0.1952573849719578	0.5271681798296681	-0.35693861010959577	0.024005731305366058	-0.06366049135923091	-1.5969173819157871	0.3295291823444394	0.5779294492833867	-0.7395275458706048	0.055635939593434	-0.7341752532809132	0.4438323013007943	0.37791900442835835	0.7937952774028262	0.2415807653255402	-0.03720987416561791	-0.5374645011580049	-1.764261269981325	-0.1263595800767363	-1.4119488230246844	-0.07854690958211999	0.9574323139851715	-0.3561525277381882	0.6946806926704183	1.2973124653709294	0.8768018583478846	-1.2783087120057623	-0.11430396379958066	1.0586770438023447	-0.7323977810936455	-0.0950039935031736	-1.5881857505187242	-1.2133280235020423	0.25807320398956285	-1.208799859018526	0.3024188251524246	0.169661232748501	-0.5719726649289335
DTXSID5044576	5.055324143345408	-3.1172108364629247	-0.5937850840855813	-3.6955616420475352	4.481966703465425	-3.271106363812358	-3.5923097367570445	1.9376086421657641	-1.737744988309594	-4.2583651234633715	-0.99340480491328	0.6268542723456175	-2.7898074199507463	4.129391357435868	-2.3882253109972362	-0.1416113410635157	-0.6078846587199833	-1.6194368932439387	1.0066567595539109	-0.10292334535444517	1.0362015466455101	0.841541382369948	-0.9189318161790219	-1.632587836857701	1.1398239547934597	-0.5675442534298785	-2.769763438168551	0.6766036558762876	-0.7269129518272437	-1.1139047102755177	-2.2562197617029245	0.24876036176373814	0.31131758513514296	-0.04834665819645543	0.26147945288735974	-0.1407781989618855	-0.2023359652551857	0.07008736410504353	0.0024447786034468553	-0.20053565364754372	0.2620490796048322	-0.18798935611655931	-0.1024620460486778	0.2681376625068359	-0.190285230190194	-0.30088130357268067	-0.3212130543489791	-0.37593127149248334	-0.049716868070908464	0.16005031590121094	-0.040484709067154366	-0.40450686776519845	0.4863700004348897	-0.724797549070621	-0.2909411964805125	0.3388787072385185	-0.4938192982011912	0.1599405914404022	0.4532771546194437	-0.08865342704880529	-0.3806212056567313	1.1449660771924617	1.0672482066629674	0.9020568936532654	-0.15877291421266812	-1.7703086486912283	0.1600887564647612	-0.278700420169327	1.1217239616569392	0.14384482473945048	0.11277877255480746	1.2107672925720543	-0.13938857753025227	0.4584099081976224	-3.1424024092841245	-0.9316900970243746	-1.169072936327978	-0.14189571718700572	0.5884171328863214	-0.40065877919355863	-0.8371641661824952	0.286618819982059	0.9337279557367546	0.3201793145359892	-0.6288058733618941	0.9219874847520511	0.599736227708113	-1.0669288661511978	1.115869228614953	-0.8219317085662011	1.0951893055204958	-1.1274580546401987	0.3060389521934726	-0.5583394025312614	-0.8423942711751565	-0.2234952259693968	-0.8423736280412104	-0.13262491501093443	-0.5749721882740016	0.3080669093665704
DTXSID9021340	-7.7521722303427625	-3.1654029800944814	-0.2773126807509769	0.12200698748147056	-0.9931876747006386	0.7118383464785292	-0.3382948599315778	0.4805946592356665	-0.6724861176444126	1.6618121143674547	-0.6610635532346606	-0.5708810609233579	-0.2915404126338801	0.0694266384250196	-0.07233614162479224	-0.24362914548322862	-0.08954169871789115	-0.48185581649631615	-0.3761547001002655	-0.9982689541094698	0.05685688859706141	0.7560324363817715	0.8608432502826794	0.17590818628765956	-0.21519223710193278	-2.0730300946842184	-0.19931857537148065	1.0138600126415975	-0.7578399941639777	3.0568012345557767	0.2107075007215887	1.6140879903783558	-1.2525438363171904	-0.39095806776609987	-0.03336137036983936	-1.0313967987015606	0.8573060356208382	0.647394307573306	-0.3010826028028172	0.5621610425534834	0.9523525563331445	-0.17175613922489427	-0.46844439385424114	-0.4252160752531484	-0.40943111692663964	-0.09378538647964826	-0.3413634006597705	0.06321348238214057	0.015781660714793783	-0.052758332838848655	-0.060605051576594675	-0.3594990275172782	-0.274991667559945	-0.27130451982426984	-0.283449909414222	0.10080051570506954	-0.10377525242294035	0.2910584958409559	0.059948947715432396	-0.41709951635953463	0.39243390951542506	0.6096213459069892	-0.017254253736163544	-0.5078140817421419	0.390510831106365	-0.6986945854009844	-0.22158562346835253	-0.4652983066567555	-2.4427191895862426	0.5276150181844501	-0.17893222735523998	0.6496735114662944	1.7149598495931224	0.6203492854089679	-0.8615464679064547	-2.0969184169523842	0.8968970765362912	0.20133446176521036	-0.16127474311074866	-0.9685214160076819	0.5377296219123265	0.32472294195870244	-0.8347003022660022	1.5807278369074966	0.6580712060482371	-0.012740048938832831	0.08210968552885273	0.6804504808001436	-0.7591269357016105	-0.12224234232105351	-0.2392274914773284	0.7774308817693856	-0.3301900973380909	-0.043065892119665924	0.8920127976079228	-0.3914886102816025	-0.6183894509081665	0.16786996590349015	-0.16801838821947823	-0.9899217009597798
DTXSID7048871	-0.3472938498281237	0.8758473429659458	0.129019087813503	-1.9984686302672623	-0.3734483824726788	1.8376974855616393	0.7666724343368209	-0.029986004986936127	1.8939182118595117	0.13686165110656778	0.3744005746116719	-0.40650594037798654	0.49377693361463415	1.6778487818164365	1.5571689527171286	1.132049759165715	-0.4540283250878905	0.6297930590461728	-0.06275967475926876	-1.6259813560814123	0.22397926230771617	-0.6802153919166006	1.7991915751361403	0.8607640165736149	-0.47843918450818484	0.6741056245226796	0.4421474074125143	0.1292184461887238	0.03813224077723404	-1.1662584246432515	-1.2302854104937737	-0.5112385877463159	0.7328683458291216	0.1861525624660568	0.07886880433170093	-0.1289409391282497	-0.7433457246083105	0.34455812111424644	-1.0709278214128337	1.6414361673433522	0.8946362539742275	0.7657104784420973	0.467698811810069	-0.8078423172788556	-0.5611147704552447	0.5156460176307227	-0.30260876373173784	-0.0883149565165358	0.35642606848219005	-0.3237699533872685	-0.08986288241771104	-0.2283725156282488	0.4774581151189837	0.22246726228573666	-0.08119147096959078	0.3518145155050123	0.6064216804957613	1.5426083359909697	-0.9396625469015859	-0.6056062977537112	0.23018752146443827	-0.7583785997731627	-0.36723117803376826	-0.20856673828640274	0.283584538228976	0.15701424136809072	-0.4724166260089969	-0.957815214443629	0.11616295254980195	-0.11388767976410598	1.5105365481352855	0.615798949762753	-1.0143394732898505	-0.9878675251995819	0.27415745931660185	0.3084519242014015	1.085181472223856	0.30093491068166633	0.2301997572362237	-0.6772356227711414	0.8542637849513088	-0.48541974514746145	-0.7115979608747831	0.9334555472676163	0.36451788244166283	0.6729899297994534	-0.03487801486128523	0.30763628317532005	-0.3489492501436232	0.8643702899188063	1.9458116078661383	-0.5690153927856025	-0.4674369177944288	0.0598014473990508	0.06850317614528931	0.12931284955457772	-0.11749967587518179	-0.18371245921663698	-0.6085758762201431	-0.09722331184610902
DTXSID1044691	0.1507498715114343	4.86949812967622	1.2723242871168527	1.9478998903608102	-1.2347492477106798	0.8247586078015242	0.3585595177906224	-0.17347714708710277	0.5041106313464456	-0.8303930735167306	1.1152552768738717	-0.4357653853203087	-0.9550571212028914	-1.304549426512717	-0.2865960288888874	0.5197955854373077	-0.6568162391760197	-0.009257795377345104	-0.3075849999147539	-0.5085513673232906	-0.10530183221656429	-0.4182266689399933	0.6805438388154429	-0.8277977077733129	0.4262148977130319	0.6632684846377885	-0.6908765443560974	1.1660804660558972	0.07213410760774007	-0.5676895415026336	0.17875047124402288	-0.2501854761199953	-0.07116615109279459	0.42100357040853875	-0.43587610035418506	-0.1803962381942466	1.2016676712045753	0.8201819042986153	0.3683164260265625	0.3004728966158593	-0.15719795096764114	-0.0682052421336755	-0.2901181172497709	0.37137880929096606	-0.4689101069672091	0.623725050750414	0.07888728981462106	-0.15222804111922125	0.47563064844991276	-0.0965578232096112	0.336803442700532	0.20871955952507412	-0.10196646145958237	0.21153547170922543	0.23529453788709517	-0.6536474908137512	0.4323696796423272	0.08665809267748797	0.2863407026500842	-0.4546859393973992	0.3690645556956217	0.6044264862859001	-0.08423612623389874	-0.3428142821393242	-0.3990748255380485	-0.10094000705924323	0.15471930422825106	-0.4233967104648803	0.17502442064774795	1.4246927791195436	0.39785599557366524	-0.4388398953623877	0.15799701262909902	-0.6149173992319649	0.4684725520775179	-0.12761286078038045	-0.10974651033081112	0.058066496888148085	1.0604791870234713	-1.0231792962640298	0.023435502996669327	-0.6517794796508195	-0.3590836753357191	-1.1213055432985213	-0.464566543908916	-0.289982115334433	0.9381460045454673	0.12022882582890944	-0.4591558912566159	0.13811439193936392	0.43890421403317065	-0.08671800838404893	-0.4252984798001827	-0.20051140776252327	0.2890339739689792	0.24596276745038592	-0.009954231437984544	-0.21704416112010122	0.19135661980516466	0.028398801683333114
DTXSID7047067	-4.11422833057548	2.283744090712658	0.1266364472820422	2.4543548146917056	-0.7100592009771608	-0.12380978830053876	1.6564104727265956	-1.4356682643543102	0.613812252967448	-1.479852679055722	1.066165444940869	-0.4233827614011582	-0.4845020577205593	-0.8677875913396144	0.0472407088252971	0.19266918086549914	-0.561985238177019	0.21908198633277717	-0.45204443838352354	0.4275148696781634	-1.4290697966141614	-0.4606200050657467	0.4781950027585523	-0.1814572362946721	0.9597205043872566	-1.1735685536122953	-0.6639805080381816	0.6222222294048853	0.5523656396421471	-0.4604765817636106	0.5818360824681473	-0.8447013835412072	-0.6399048898176815	0.1094382771040715	0.5659775261784754	-0.19889905644705635	0.07725130231348663	0.7767161507697578	-0.39615868551219463	0.18080900096648111	-0.45107815848909316	-0.20831650215588984	0.513977440475688	0.8753836604927063	-0.41813050375039057	-0.2091714067558092	0.31416046153435895	-0.8439283164694179	0.6383144290217375	0.503939045523477	0.47964845164860465	-0.2845147728228665	0.08844209650802741	-0.4527242778089236	-0.6716947814303386	-0.3050733948772954	0.15653429689155013	-0.7105118076672312	0.7623429591745313	-0.46719441439350873	-0.18036280433911794	-0.22449594203655202	0.912344321057332	-0.9854815743013717	-0.08835332577242812	0.5559047524757093	0.1860714691573715	-0.06317513790977076	0.6816648061659856	0.7651762826983601	-0.5030972981330843	0.8288645393636784	-0.4076180887011051	-0.30789622145924467	0.3646892366237027	-0.8039029132015535	-0.39418176055055937	0.11759230960003082	0.10430048255084519	-0.40540312552565255	-0.3471774835097371	0.5489732576902326	-0.38848181371684415	0.2927975268928866	-0.1663607185607453	-0.30551775999393926	-0.6141133528517441	-0.5596325525523271	0.3435210052909131	0.09964382024057498	0.13475669706486462	0.4159218313474534	-0.24369133216090927	-0.12615855212244023	0.3008710361441815	-0.20776955608989683	0.007390389768089971	-0.35793496140919717	0.21477150453945265	-0.05085257297508522
DTXSID1023815	-5.307793001042065	-2.539675387701089	-0.785137262341136	-1.6037110470855922	0.3652090070876517	2.001536771953561	-1.2660073107449268	1.4918005114715684	-1.565506084439745	-0.24374607270704537	2.794916515012611	-1.1923851445184928	1.7155514580692666	-1.1428372268695377	1.0175365875977813	-0.8176555122997257	0.2874753095587537	0.1593710877838325	-0.24480115415027154	-0.20037712524918325	0.18034675491734262	0.06035885985320336	0.6645125881807258	-0.28190106879637117	0.3672785577107842	0.00569155579088433	0.183383817646196	0.09887305283626169	-0.6036246981274583	0.49896721727622234	-0.3654760542856254	0.4955844104201371	0.9231235390323701	0.3695387330451982	0.21870053915544338	-0.7911370830765443	0.34050228338279154	-0.394956657521062	0.5362970556409548	0.08508054029531824	-0.3796438860344492	0.2861064064243179	-0.8266943659264221	-0.18240832801518822	-0.2857548561871839	-0.1544560378048836	0.2509362269200133	-0.4371475503595852	0.20804028805665353	-0.011166286584298142	0.14615527128424452	-0.06693303605401092	0.16120359874130852	-0.14912486618217333	0.4591590469035308	-0.0638549109213261	0.5626878757535552	-0.3889908973510991	-0.2804638502442742	0.22340801358445017	-0.40957659675887165	-0.2981653272584002	0.06980008049875919	-0.17404223629162188	0.005566493115453038	0.2836284141737349	-0.2573355132813002	0.1282084133430932	-0.012147960014811512	0.5009667600333494	-0.0015408237282169702	0.43653845475559433	0.1103105392108606	-0.3316835439794587	-1.130005414355487	-0.08877945463767614	-0.36683138540646243	0.4234665903973295	-0.5879808975533019	0.147364468562521	0.09853059752534576	-1.2721388002516143	-1.0670870440503326	-0.589473187165376	0.2517372909969514	0.708965351971804	-0.2461331889502546	0.0255161705530084	0.3039623309149839	0.01641496458508805	0.18424556727229227	0.428100856897631	0.7285301770012858	0.17172456548763418	0.4947894015244728	0.33714680520105506	0.608641090078613	0.77612570183442	-0.32271512037073347	-0.4227415742675082
DTXSID6020278	-2.2690265913247667	0.23104860564473587	-3.134329264670474	0.7574652182676812	3.502708760871118	2.0017733478161492	-1.5015652544799982	-1.5845275142307143	-0.7162244227812945	0.7272228637675253	1.2207637587010771	11.689358177028899	-1.0887839708337885	-3.0517877295804747	0.7831103018436544	-1.3966670319794259	-1.5563009151691523	0.1440655851008958	0.607164611690028	-0.9516790205793343	-0.3119504671897532	0.43874541706640385	-0.48897137718043615	0.25978074810720647	-0.05500730222083998	-0.1380600690623382	0.5070220366972242	-0.8802380328776127	0.29930556112786916	-0.13836349768411707	-1.344830851730348	-0.24628431585337346	-0.17301033391909343	0.29177763572124543	-0.3640597469564038	-0.0924532823417604	0.36167156111299215	0.28474774866310504	-0.14278104946117115	-0.4030680179943739	0.13796479492621733	0.12084654988751667	0.17335152048545854	-0.5130752884821062	0.07324625923504383	-0.07983311799202214	-0.3410440469728483	-0.10068493925860393	0.22006063987502059	0.23602522289800618	-0.15653922446271507	0.06219568822551304	-0.09946230912798015	-0.19912106717762434	-0.08685322048564263	-0.10289668085537909	-0.05514106806375541	-0.1306395638314142	0.2034866282306358	0.44799329952448425	-0.27179483564910567	-0.22578926410433095	-0.06642595045176665	0.1476255100816899	-0.09061592470403226	0.23736481653251532	0.3315295518822747	-0.5236695866030493	0.6680289949303504	-0.21326794022314915	0.5308230641195395	-0.2814013713200511	0.024409769630335507	0.18353006841605174	-0.613763797829824	-0.1523697864750932	0.7177655026192645	-0.1944016571811043	-0.2788429557829062	0.11438075987908765	-0.4441987802115717	-0.03510153134938843	-0.4717020186832642	0.4850135494321387	-0.25053412052368257	0.12265353578216527	0.048170556550026625	0.6867411176595829	0.23225408867320604	-0.41156340725095814	-0.09286431656629207	0.024910690685899715	0.002432421518256562	0.11931180879754015	-0.06277571251367889	0.6623205336699856	0.3818717879444259	0.171887084673924	0.27554936585430134	0.1181263939989852
DTXSID7027338	-6.671342209540643	-1.931503169655054	0.8887247346476577	-0.6866706280634758	-0.9424155122369063	2.37277295059828	0.27391819521872823	1.7848695410281674	-0.9935019829034588	-0.019388882148127912	-0.27732182551390283	0.24850660943426417	0.44348544584533434	0.18438010029402738	-0.25362670832660034	-0.30097228439238105	0.261806394902217	-0.2838508890888984	-0.32705976565486955	-0.5577873998918953	-0.021946468777716437	-0.5771476719451124	1.726150591545728	0.5740526502096025	-0.4572125679910559	0.1773749983256884	0.5111199485690351	0.374249312288091	0.07493579945228027	-0.036382630623780846	0.296361121999191	0.3402461766361464	0.7970849194461199	-0.5449314908780037	-0.27834822045753527	-0.1319048825504445	0.4807044397202563	-0.8016714041872978	-0.3816667234763087	0.2977185415790456	0.09850060270995792	-0.3735408347696837	-0.028641164064099826	0.6134888043963065	-0.212666027064968	-0.4049056535318585	0.23289495532884574	-0.3825083329983613	0.0886419184735483	0.03522748972942121	0.07987974189958835	-0.3204580501225348	0.3640338460249221	-0.0005584573605293373	0.029157061690676913	0.08122499125665013	0.17141006062321446	0.05154738879199846	-0.035954025488085184	-0.2493746538285396	-0.13240214389304172	0.03817140357307017	-0.005343276018035855	0.8039119792945317	-0.8329794175887384	0.12260916079839106	0.7987192764921834	-0.49963770579670813	-0.6369409064721261	0.2135759013514449	0.0688226834054244	0.11852919685075351	-0.18326613823314616	-0.31883392437693936	0.474449420894381	-0.0011629890782631966	-0.22317311499228262	-0.38712211027851995	0.6368507219584476	-0.7053658393641682	0.3468441390305798	-0.20781892542680763	-0.3268674059892856	-0.7689378755161147	-0.05260906840564635	-0.36980418747946564	0.09135514398044904	0.14249742030881046	-0.015218232453615992	0.22056746443799466	-0.1301658452063459	0.010233036118708844	-0.10653674436469115	0.15945566929772736	-0.39239972317703464	-0.18344644492352682	-0.12351223046342505	-0.047022979246381186	-0.1075382037785688	-0.3374745095449393
DTXSID9046154	-1.0663159986824795	0.8026445016890341	0.6941237162574566	2.027600434638116	2.3381392365555422	0.10254014047224222	0.19631546160492117	0.19819513742342257	1.247674874333265	-0.4219283392637636	-0.5578485775316467	-0.7061251495023364	0.39905297507061216	0.002293352438957627	0.25272905517758615	-0.26752421644831487	0.7813935397686351	0.017173256234772276	0.050812211384402894	-0.3901439581073948	0.4847838330212531	-0.2946633258679348	0.4868831195125093	0.9876080920991925	-0.5242418942463638	0.15096791464577433	0.7970993909078513	0.26752129474881076	0.2940021011415003	-0.16289931663555748	0.3475595296739966	-0.32113747555932987	-0.2542540784781603	-0.8914703742410526	-0.1551076544034864	0.06002039680791322	-0.2826319466770656	0.15667824074530326	0.4918510562379561	0.4140048385243463	0.5197791781467241	0.8797375336122467	-0.429288352204658	0.9947280188538985	-0.2437693717171815	0.6592720854309491	0.22527715946041216	-0.07800479313905395	0.25049978725459693	0.4699753501625732	0.15928561105030267	0.3008961277555509	0.023151622275269314	0.3623266244933788	-0.08126922913963341	-0.4834474363280944	0.13319037548186177	0.2986148027452491	-0.9095109201589389	-0.037557872838775416	0.07569070011348143	0.05980888921014138	-0.441831409594988	-0.15341505309237305	-0.29158200901206377	-0.8390372993460279	-0.002826974190416227	-0.01578598193825459	-0.46427565063524673	-0.2963699298909424	0.31269331568454933	0.056699305513583244	-0.7574372632301926	0.779701442850943	-0.09649833366425876	-0.07238113600066881	-0.1392674251393514	0.11623553112408533	0.44248990680439176	-0.6530674309390011	-0.24888239740720472	-0.022972618577076505	0.3715073242614785	0.009190479540743115	-0.7285577658165299	0.17430195097473963	0.43992358968333417	0.486898373880252	-0.22233668081617178	-0.1545739581045614	0.8157023450820482	-0.5902481736494142	-0.13666132496493488	0.5052948949932949	1.0204650728033362	0.6180830366276426	0.20920748132155037	-0.021270446546012813	-0.1610464801500481	-0.05425517656672334
DTXSID2026608	-4.041076443479552	-3.2949500413086823	-1.976310083410364	-0.8080465998342209	2.366977493413021	-0.9155776299381411	-3.3110540543440394	-0.1998697440152686	-2.637909216861235	-0.7060196956610583	5.49341071972941	-2.116433830552111	2.5065144131467236	-0.7738419715719316	2.4879325218687454	-1.5904271096360316	0.9707693792948522	0.7422579373104732	0.16560883024679884	0.2819618163377954	0.20739828780785233	0.4036194475452411	-0.39212624820559877	-0.4050592180052222	0.8310913344305573	0.43862619490556654	-0.01851955549219926	-0.12248457358913606	-0.5292183806087845	0.3848919821201346	-0.34794140712298743	0.9563849324904281	0.42478714963950454	0.6500742344660299	0.2269649891828668	-0.8983687408726767	0.7227081315661061	-0.37923282670696346	0.733684363431726	0.3858360746526268	-0.7076913952524965	-0.18070548008181442	-1.030232534951482	0.07589472475866356	-0.15893314720309315	-0.09810658642961986	0.473093637813145	-0.7371226213719299	0.09194925557587122	0.04658375310529465	0.02468816008683558	-0.3693467511291536	0.05611218483023084	-0.3094784218206533	0.41282485737068475	-0.28343123627227595	0.37994448448823215	-1.2901246069332586	-0.3170400766858881	0.4195667433113226	-0.41307201646601016	-0.6981532431928317	0.5703598854623425	0.6677879932072787	-0.10787249010571608	-0.03278654869880715	-0.7179646812045628	-0.15374821175083628	0.10335151632123332	0.02030466841594261	0.40727894808778525	0.1861324097722055	0.19384591365320925	-0.1979888407627164	-0.4899778686637777	0.08486833811888132	0.15026806131033438	-0.23838622809186874	-0.0772130936135897	-0.5848694368884235	0.0668223904937734	-0.24384677770740942	-0.2900760927411345	0.1203180737791499	0.5960382059652276	0.1759274236077725	-0.27557526621957756	-0.14712345271475064	-0.30164519295630693	0.36574388676521635	-0.33633074648434763	-0.011024790008488074	-0.29788183232249904	0.22877890605395915	-0.26612092054344183	-0.18338172368607925	-0.5287904380824893	-0.012770246550351205	-0.0699468491446711	-0.08521663967263268
DTXSID7026156	-2.454685127290159	0.6669487691516551	-0.5798236367375704	0.38372964930008285	2.513053729451708	0.018841615654395606	0.7776777139777808	-0.8350141621880517	0.9301683113763044	-1.4397901400315238	-1.0968435661265925	0.10824214416732506	-1.5838001020871484	1.788957516039131	1.9501631467068488	0.3851936518354326	4.670994842009445	-2.8703371958887463	-7.620577564326731	-2.6051893407356497	1.0951938709820197	16.365465112589682	-4.018721976349935	2.526988494360414	-4.159835595338961	0.033782087362220596	-4.301004720560867	-2.9025741515641457	1.3164860979475959	-1.4466712069280605	1.7875052294153517	-0.9339912167816998	4.217928104000441	3.4489337955203636	1.5429883665850617	3.416978928183046	3.4342174991023793	-1.310868345525237	-3.1162381597484097	-3.6320129407409456	-0.8602871849287733	1.2196608970261351	-2.4252665907744353	5.339928616927762	3.1172427999721184	0.5492167759976218	1.2321442874628836	0.6442968190430648	1.5362168031347587	5.250732951970245	-0.2554050875261875	-2.206102007758747	3.7994631571283364	-1.507580724480832	1.64316765010644	-0.06571239493318681	2.5356423367937313	1.4273080866235888	-0.08792588917354963	-1.8615442206804418	4.446745114403479	-2.3625736055711144	-0.629611483515025	-1.2884688596723082	1.4455472982174116	0.6696144296604192	1.0225149690798856	0.4603298812248934	-1.7310793028044522	0.7297810215331758	0.057811269337708734	-0.6649029324671839	-0.08576385882235517	-1.2222919959420087	0.14587908808990327	-0.4701726110606763	0.3043254710761702	0.7079547879482262	0.01776047537482111	0.13475637285470737	0.5513389751878094	0.678773062524098	-0.18290173374724641	0.3318715227953327	0.6409736024133564	-0.11833666181777175	0.21322037693823503	0.5564746518686141	-0.08632948883330477	0.7298213334053218	1.0324025192968038	0.13501702346411099	0.24547525073344467	-0.2932427856421682	-0.413048384688424	0.039988695517108985	1.3391405984369815	-1.7791006802212648	0.3185292055581403	-1.2570020491885519
DTXSID8045519	1.5797411445072336	-1.106158292352299	1.7704630678276565	2.7348429527147196	0.051478504967949	-0.7648964446226988	7.548979176438548	0.14460896285126162	0.7289463256500746	-0.8205795855458364	0.1665752748210717	-0.48444890881246966	1.002923672716909	-1.822880679597216	2.8473152354354943	-0.22090556580393547	-3.6681385128241546	-0.12897059239278597	2.639107474927137	2.726982018879237	5.0251678575589445	0.022066639028472886	2.4888066383452756	1.5968265562700525	-1.3962058034223574	1.2834704248982247	-2.1156584339683793	-0.7784465027479329	-1.799182455662704	0.11806205313114669	-0.2417218568455205	-0.9238859578118037	-0.7065867415778609	-0.25556473300286875	0.3505555625027956	1.092405839284837	1.6524028211690924	-0.9743402893973513	-0.970977371071325	-0.8477321530637457	1.6339219947175057	0.044897435851577544	-0.43134216996055186	0.6825976114324146	-0.21250468143678247	-1.034777961832265	0.8473078363922818	-0.9140884269648418	-0.05654368804689802	-0.7699263750029756	-0.018698712298436514	-0.051314635955013455	-0.3880969363526209	-0.26378142909061375	0.393771894505546	-2.105281828910522	0.18833358845383605	0.015786210804037103	0.20002424526409945	0.46310693171984335	-0.04937134630253656	1.8019740014772223	-1.7026922764071033	0.24438905832528068	-0.6979718675158115	-0.12856406749702096	0.5921600293289069	1.6993906105485042	-0.01014572757631145	-1.8379307011712716	0.9727799670001438	0.49695108164506263	0.021667245490991926	-1.7116092579420903	-0.7251630326459322	0.5022135420611996	-0.1212076081374575	0.5148537642660503	1.829771057259593	0.49722923655291357	1.117525310659902	0.6228978382316891	-0.984533351995413	1.4956321640307895	0.37328832899235764	1.1894928780695695	-1.2360943033107537	-0.6254461079596744	0.8115356303320271	-0.06641002391622021	0.3891244365052233	-1.0149598892344314	-0.13544668384871625	-0.29516088885350267	0.255538047117023	-0.5609732208801673	0.6982240635675546	0.06264218405427255	-0.4330505670533333	0.5086895587654302
DTXSID1047152	-0.45709667863100656	-0.6807552679877875	3.7765497051135757	-1.494349904595884	0.46583064165858984	-1.9758300308680392	-0.365635953492509	-0.2693038195826119	0.048769045740739266	-0.34951128404892445	-0.22152402909860422	0.1102658662537849	-0.0449477071962193	1.0114432226076397	-0.6216116842740407	-0.08951759351641685	0.2378465625386772	-0.21149024492501634	0.23926497700346364	-0.9683769387439941	-0.21049612299213008	-0.2764800228680801	1.5171370175490673	-0.19052500038275522	0.5980591483353267	-0.477291365018057	-0.45557482793843196	-0.3732562119867868	-0.04346627698134943	-0.14516986302058385	-0.3055519187559679	0.41692466812699486	0.7791771871405496	-0.18412802875122058	-0.9935104695876894	-0.4389878182437342	0.7943806014721988	-0.882416600191491	-0.46429970949201416	-0.46436770488987317	0.38902262654791037	-0.3641405142688246	0.16382817273087893	0.0952433768573022	0.1524684104650181	-0.5507801863649542	-0.5999099355740932	-0.05241081245924234	0.13277912831659552	0.30213569630929693	-0.0478526071757178	-0.5120777943398332	0.3471476614408712	-0.09722620146626765	0.2564708156710463	0.3147447965859217	0.3148731331376204	-0.2366383709722251	0.49788730198560627	0.635524704852688	-0.5440672482418846	0.5732325665916735	0.013567792841582079	0.8468993875993845	-0.7536172870398125	-0.47471148453717577	1.1751474798561083	-1.0593315690245686	0.20133200780187996	-0.012922682587802088	0.23624106252756308	-0.10272975828528617	-0.15915427940953067	0.4142839033003567	-0.11592212134237245	-0.14524426007160052	-0.19349265480410238	0.37779319078143697	0.24369011068056826	0.11666412629845894	-0.15537547680414557	-0.04008416840784238	0.12589520942136986	-0.07058708876928554	-0.3313250052734312	-0.03251864699096175	-0.06042040685472049	-0.07562194778842546	0.052017461418612555	0.3044560233018311	0.7840486787430828	0.33980962365507994	-0.2282308464062875	-0.11650508961295819	-0.12385227941218074	0.026906559627798574	0.39717784378833987	-0.26878949881028147	0.19066815465881998	0.5615090806877218
DTXSID9029146	-4.808205885201144	-3.8630043050808203	0.15739704774221228	0.32520177277542456	-1.953051615154045	-1.1199879232015733	1.1796005693962346	1.1757804809202068	1.3269619692720254	-1.0248741188285015	-0.5856663663044059	0.5348870377079283	-1.2919495252003297	1.4775733977393772	3.815529383528372	0.20893869560231687	-1.8511567147769767	0.6334439250581811	-0.3884630908560657	0.08526120803832347	0.8860696622769605	-0.4457049176853066	0.22992258046832573	-0.6669577073016962	0.5914601449925816	2.8184602411252486	0.6857963437743843	3.431684727613134	2.814539561750555	-0.2636960134033379	0.5617495981059818	0.4890789683415596	3.2798353342839546	1.2044286008456129	-3.24530075333125	-0.6173503245611225	-3.035813101022929	3.547812202290987	0.15501216351742247	4.529530490486794	-0.2612562411005553	-0.23092608054494865	-3.209322642526894	-1.0049357490359403	1.709190173871026	-0.1499713726345164	-5.731207272045485	2.390613462088824	-3.079845491782059	9.447856373670213	-1.6279275531651787	-1.406182835936558	-0.2512266202823823	-4.260586393188823	-2.1461811712336565	3.6227271510006687	-4.1902614565889165	-3.701661958418601	-1.1357990822987214	-1.5822456529896676	-2.564283465226602	3.0743882519071737	-4.5598685983225815	-0.7350138653390549	-0.09504799623208014	4.275165910079252	-0.34896347126930427	0.6747626568318001	0.09216638580612178	-0.7958398610279921	2.2093685094437236	0.7070126089645499	0.45295014678863954	-3.454415509910544	-0.5973404852726489	-0.7849667016518074	0.1839597475643319	-1.2890882960776457	-2.3923012956775622	-1.8395867248681486	1.9634014464145264	1.595600019172027	1.1082267229156482	-1.268930283241119	0.387791887736723	1.1674011432130131	-0.8635878751151015	-0.14401046869803638	-0.048188242512519575	0.6023283843091112	0.7476465679858395	-0.018155509446704084	-0.3367698223911024	0.4888888960931121	-0.12083138054274722	-0.11690864544086368	-0.3787303567242367	0.010587581277637823	-0.8123248831907685	0.31802135603958026
DTXSID1044352	-3.7473521762753137	0.024574680915254884	0.3266645089542781	0.5231441291519642	0.24560009032299476	-0.8516219624605166	-1.7801563041033721	-0.12050016342919555	0.43320658418436514	-2.082273709527014	0.023421831782825163	0.024246141901707752	-1.514261980390932	1.5464434506640203	-0.32334094091233057	0.009178364519581875	0.3263640001949762	-0.4155274388426128	0.5459035126200892	-0.6169435106141747	0.44149645084965333	-0.28622313020207846	-0.060233363328319064	0.35658687187632143	-0.20651864229692665	-0.008720822543085961	0.062377433294622545	0.5589966991258444	-0.2892921125220306	0.10632711833480897	-0.5092882756339403	-0.16343918606701713	0.22474268657618166	0.11142288648570903	0.29019935274459135	-0.15912403360134486	-0.32580311860311795	-0.28380049948851016	0.48308059086399924	0.5475085041230144	-0.6414134100917406	0.6238495819123426	-0.08330624199038048	0.7849515131858127	-0.9012458330460962	-0.46456251062052595	0.06580794122256767	-1.0848087066617362	-0.30504769045485325	-0.3492203649580149	0.22402115388700727	-0.012358158334805877	-0.12848792227694208	-0.18051502434907432	0.2287218804679663	-0.921219110316886	-0.0399891534210655	0.053181941836398273	0.27952136037986414	-0.5943931794286238	0.6495424956899231	0.6628113119439728	-0.33058832314266395	-0.3501689779910537	0.281567846302816	0.17897586286349995	0.5088371947311762	-0.5404908925571549	1.4787517097430167	-0.5302713730609456	-0.5198235579541108	-0.4441794172704058	0.43164528373944017	0.27834884950546696	-0.7145973200615792	-0.24717775248868656	0.26534114428410716	0.09772426898619196	-0.4340094044404584	0.07701441117208507	0.32649833514724746	-0.10100107400335875	-0.06932307072261201	0.30045257189018915	0.2720214511055978	0.12729096248401817	-0.09143804878839526	0.2320479394345431	-0.22230892556033927	0.24179652672060212	0.28826313570721285	0.2792756082810692	0.28190578433505914	-0.4845839941029688	0.2871499978614257	-0.3145124016973678	0.21310654212830937	0.11040343530838737	-0.4703789198205419	0.16713963774444351
DTXSID8021513	-6.986880887362411	-3.3753487778484135	1.2293498169440493	0.05814585079566112	0.6058456658913608	-0.3012300492000586	-0.7878753168393179	-0.6041772788717308	0.06087716089297681	-1.0053060243042689	-0.6695762020199763	-0.13142028879066078	0.13291879427222028	0.4241628343398682	-0.28054417405549753	-0.17931693495543588	0.3637658529233935	-0.27327191525974964	-0.3820939727759757	-0.7970388083394433	0.027436408453760268	-0.47868939865161836	2.1469087917545524	-0.005758811094973317	-0.06751044369303247	0.16129763640652556	-0.20755315972320554	0.15745019076417197	-0.14784631144372362	-0.1756747001787241	0.38355429766024157	0.21945585760687478	0.21578969315397503	-0.4574102745211803	-0.13349695619763277	-0.7121888239723879	1.840792286682467	-0.8829710566981673	0.6590888415894566	0.524201826556521	-1.7095307795320855	0.4748101049691362	0.2905965734400786	1.6774671931164564	2.262124682770913	-0.031247995421144655	-1.8626994804826094	1.7462587446174063	1.1087786478865567	-0.7506909513366657	-0.13386732537842205	1.5186735026450306	-1.3713155173937406	0.017657913739552958	0.04411622049788088	-0.7904657812714526	-1.7015611562607402	1.1408419494553346	0.2277375071098798	-0.3625721839966944	-0.2655722732883736	-0.6099297316209692	0.20987302818093026	-0.4125791643217015	1.1880293562207769	0.2844390854798975	-0.9751341938489927	0.5925534910261644	-0.3836406982572637	0.201608000378541	-0.06452393133930105	0.41097598283300146	-0.2487937566594805	-0.1355181942858987	-0.1867731650804411	0.9217958090458147	0.033189935463839706	-0.036547131897119854	0.01066128986170189	-0.7867774637162946	-0.4412369608401179	-0.13293335357101496	-0.15241250448468868	0.20638762667667038	0.059040409665119066	-0.25928714932135116	-0.09933607981532183	-0.15581919628312157	-0.1776896233934551	0.03552424494818922	-0.303131356746431	-0.04905580860514397	-0.11072749459024199	0.06273925398531284	-0.019519175014261758	0.16757215836160344	-0.12219428383031343	0.022387402485784497	-0.13287511450217784	0.18106218095118154
DTXSID5046807	14.126330571541692	5.502276350289062	11.733154757440207	-1.961975485198884	-1.886210338469904	-3.183343886140765	1.2259777223553023	-2.79855249431011	1.399347063283096	3.9677288124025525	2.906118992123494	-0.5322266960755203	1.8845912929873505	-3.139052059055344	-2.333023671822065	0.9467946335737988	0.7283069147916479	-0.10447858374434928	-1.8564756016205366	-2.150458448934955	-2.1004070854216605	-1.3301133393884268	3.8611171207723363	0.206498351861691	-1.8928003911400442	-3.118100264679519	1.4647343212452324	-0.4773423973714663	-0.11728108398274223	0.15121224349220624	-0.3832419765632013	4.050307086559507	5.339008554823978	0.7970711914009267	-6.894950284197505	-2.75895454266322	1.52310302550967	-6.339158779013287	-2.78788688756656	-4.554788276435354	2.1235788797434525	-1.6619566493959732	1.5626306222953859	1.954535206566886	1.85116836617357	-3.5032851921768238	-2.916596714594223	-1.4881942658030738	-0.07275481499764555	0.8794237612987881	-0.5241174262911953	-3.548335069457644	0.6522962674419027	0.6620149626128169	0.4748241215078549	3.7746657781806854	1.4988885050237142	-0.6803238004588693	1.1792529127215925	2.8113980947406154	-3.9854927377510574	2.4727516780837524	-0.05787143067200375	4.78973604903073	-4.9211289552774335	-0.8982501666370764	4.4731853533315356	-3.0604802409009335	2.312822608974075	-2.2663443399932253	-2.4762365952818377	-1.4522998557599245	-0.38992275754334793	2.0419217246458055	5.242666803696504	-2.7396607175262337	1.6831721788496221	0.10041784145698665	0.2516037795674691	1.5662021675053464	0.8759949269825035	1.432995769221881	-0.26597998004761	1.0499626346355453	-0.33760952944194117	0.13558804029034086	-0.9656218334003812	0.9996273492354218	0.8768808448169543	-1.0731386712706608	1.1906432179562656	2.0645012326244263	0.920109430602161	-0.12037319871708582	-1.8012603529412816	-0.2626476777101893	-0.01952593743295689	0.6927125580799754	-1.2281439717626785	-1.006774506997038
DTXSID0052837	4.325679525687253	0.3089096616809506	-2.1692683543047417	-2.793851397452579	1.9938853874988274	-1.7602177396177974	-0.8033627326415327	-0.5186874034994824	-0.020369159889848887	-0.32751562432155906	-2.5441651314491223	-1.143278977395127	-2.9974082530064705	0.4145223597921879	1.2445035314424793	-0.07604000594785053	0.6943929943280273	0.296257186555733	0.20268494127184475	-1.100526911645765	-0.7344082390915071	-0.8681733818567603	0.5163708755627815	0.08601370400592281	0.17644717977157157	-0.14792748220332375	1.1737483046324577	-1.0139284230933894	-0.3614599188698353	1.336708862799534	-0.8709053780554014	-0.45097357968254775	0.6325943927222132	0.18020254887656184	2.064614255558148	0.9731969420161887	-0.22230078155748273	-0.34641382873852283	0.8872586915373909	0.8890593651403566	-1.1842150437606989	0.21772949529439448	0.07036472819304992	1.0228896687114861	-0.13141272441895377	-0.5524419502112063	0.3369104300050736	-0.7876200786514103	0.14832392471663808	0.1750946773061142	0.5414235596672137	0.07860457718008385	0.5784151283836265	-0.23143824146426537	0.15681804701426075	-0.0754084831538675	-0.5208176180444201	-0.048437438717453284	1.0183188652613435	0.14729988883254333	0.19983892437215844	0.6634575436493374	0.04890138937417468	-0.6741345682261084	0.49573043155890917	-0.28769263273316525	0.3879700090353887	0.3530066166288519	1.1206192575682297	0.35197194625670075	-0.8556209855456214	0.7826062860990719	-0.6925673297264406	-0.17491358439726223	0.8661867193460281	-0.8209671821728696	-0.5596791235104619	-0.27071256501061564	0.6684525493310024	0.26886508032398126	0.23057405274398407	0.5481521311326069	1.0792687610255944	-0.07896279279401827	0.5851159579784567	-1.0824391433157856	-1.063878799993323	0.36588665802379927	0.2643419627172391	1.1368453566798415	-0.0554944236771478	0.8364425467773735	-0.23096845752670686	0.8794519152254392	1.1204660733341982	0.07055547548979707	1.8586383316511497	0.3680216212534616	0.12349454805058702	0.5650352791042054
DTXSID0022935	-1.0737550271519027	1.6561208404142127	-5.188491310462907	3.217745141999076	-0.36914033314702743	-2.1601762311911124	3.0293851927076436	-0.15419980699075314	-0.2712987263370086	6.70771155849776	0.1319728300355641	-2.0856240918310864	-1.0528849204161552	0.4726864277113168	-2.967994249156816	-0.4597270166965908	0.019702714115977318	-0.8864599624733378	-0.022133734029585038	2.1096521697272412	0.8361423554342914	1.2611042869945377	-1.2167859608932372	-1.4812411973187545	1.4343884018816755	0.10155093393726325	1.4437907492356177	3.1992932539686745	2.1802081847319816	-1.3875814961613933	-1.975030718997038	-1.4630647754377546	-3.4837031108192558	-0.5767812297623217	1.7693721859725198	-2.833442879024935	1.7151544905229084	-2.6803879546990044	-3.8165090444981757	-0.6814011860558328	-5.478129744231452	-0.9104816538648911	0.24547842546191148	-2.148206622291152	-2.181709140347231	-0.14279130361685652	-2.638410064886067	-0.5813617839734775	0.20665722580400392	-0.11211003537761674	-0.22259054250859464	-5.49879787552467	-2.781510797709753	1.4039808490075136	3.1725618174781838	2.6939584752318044	-1.6373034785074354	0.33105720740850075	-3.491427210494053	4.014370011947162	3.357054782887003	-1.2292188374340733	-3.173432195045824	-1.6243526912424007	-0.13528611886467068	-0.8598433000854401	1.5353546215765606	0.8627946643837126	0.3487991666836181	2.6583632766959724	-2.483197085265184	0.6113498378338743	0.022186208136843067	-0.4960813586731439	-1.4946456770867975	2.538113788576068	1.1060324291220245	-1.400342085701514	0.20757341332467796	-0.44081747010299904	1.9920748724944708	0.3230435712670423	-0.7466136034094132	-1.4770919579734287	0.567403322947902	0.518746827176349	1.8081665456616358	0.6864722697210454	-0.12365975823565573	0.8228426178631959	-0.5310904974626676	-0.37861996414532695	-1.7227626216284493	1.5747110305544307	-1.311325258529744	0.8964121094397747	0.2776742299451889	0.2990348748659209	-0.32187911866319235	0.5359792706063682
DTXSID9041237	-4.186481429018048	-1.100352525281685	4.075097380900073	0.2208608582340614	-0.596240056832251	0.18799872994230213	0.2804750869172038	-1.2501090765795007	0.8203361617007997	0.6458741382024982	0.23624568943142832	-0.4279411723424824	0.3251776640329337	-0.8268344465333166	-0.25544807656057017	-0.23126038388628928	0.5491264929629083	-0.018923988119054613	-0.1710879961709261	-0.3074109765894789	-0.17564541159106614	-0.2764321370784356	0.7348187195308694	0.047956960002175954	-0.22932927400110417	-0.8384206803471791	0.38331887466775405	-0.04496920199872161	0.02132005061413892	0.20666071384801343	0.3096986839303474	0.668361693610928	1.2597041173382857	-0.011843548357919351	-1.6068754730446129	-0.4915191962121852	0.15183046499567981	-1.3388409035660453	-0.5002286621104283	-0.5579394734073697	0.35287179842135835	-0.2932305020260128	-0.057255422624034394	0.2548484872164062	0.20009220138289813	-0.57474765137551	-0.4220681838802885	-0.4372786292479078	0.05772981195953802	0.10016602299516597	-0.08534775568115512	-0.780262135366052	0.050082956221774756	0.16426894579173681	0.13445749146292532	0.6355741521149969	0.2766767448749037	-0.09801241067082167	0.1444125319452627	0.5330265457970944	-0.6206747661910978	0.4157021178785764	0.13307689819585336	0.9435348146980547	-1.008893000809064	-0.1273732290678097	0.7284687194465184	-0.8893823977129481	0.19989679024414317	-0.42461058565421256	-0.1423225861137773	-0.20919179107041672	-0.08838975936937657	0.3884656334258349	0.7610427124636696	-0.5929013823836345	0.37407132183726993	0.08538691277240319	0.30829351832050433	0.01807924978219032	0.30721838614936925	0.1256461908014925	-0.09209589051503078	0.022394019543874242	-0.020265068002716585	0.05933385516763482	-0.3024715146436316	0.042577912796543355	0.33851204615652214	-0.2666438946718795	0.22312863252754486	0.09335397343805295	0.02901558725156276	0.2564830485938175	-0.4008347824643965	0.039138033282735754	-0.022365582945587482	0.19628434707031434	-0.014079467096719077	-0.32776967240085436
DTXSID0046193	0.2760707514578012	-0.2893232172939808	1.8789241723302026	3.0297391695014158	-1.901937348520546	-1.0239543243930416	2.88161688305503	0.6492410738147942	3.5257783751474014	0.3865741659912242	0.024738628438358425	0.020675941942608703	-0.5331827739707241	0.2116835644509048	5.7338117065330545	-0.9640870047975737	-2.5419949983007792	-0.506253345871311	0.010322866794584686	3.6371462231603293	3.369513696448377	-0.8332410682699115	3.1783099100470125	1.2410133223483502	-1.0777629284656525	-0.3097549328763734	-0.7747828253885767	-0.5785778603528184	-1.4056459986911918	-0.7639105293736028	-0.16823262456243918	0.23056248689931574	0.4356374349967639	-0.23136846393300636	0.13827788022035922	-0.6956366666564346	-0.10873652815594534	0.5094318516796593	-1.1240476906964068	-1.1266082192163291	0.8089166702629355	1.3932790685513963	-0.428553296200102	0.08198749058082162	0.38383063970237996	0.8850860387675263	1.9228942885962128	-0.3954327994945298	-0.209781797019001	-0.7934648057794857	0.05571426598906137	0.20969953748880318	-0.14010299406471405	0.3722852405455924	0.2315897424815034	-1.4676174660205106	-0.6011399730837278	0.9922276009451388	-1.2874603672954918	0.5184672802859526	0.396418713441303	0.8145757021659582	-1.3799417182717009	-0.699278170991517	-0.438480158078304	-0.7346896453573402	-0.3256857940506447	0.7313474614417069	-0.3264737091929605	-0.4991984781138964	1.7930695929335732	1.6651053467730161	-0.2632701552882269	-3.016257789022283	0.6372734290491897	-0.2392964958703112	-1.244459767520743	-1.4246564907270458	-0.2868170712351054	1.8311627599989104	2.345474109793816	1.2742852708794994	-0.19634939710405183	1.3542397283209753	0.8062439894939205	0.7955473055011061	-0.7962894474543556	-0.9338921861911572	0.04126398021060725	1.3844154714605388	0.7594314333069135	0.27902769600562505	-0.7666360152839176	-0.9310652865589527	-1.1946549056459657	0.8984353610087652	-0.6813914077028884	0.5671774362815267	0.7666120343712721	-0.4360720259450262
DTXSID9023756	2.685903613437371	4.754396311006211	1.1681710995099623	1.3848474502098995	-2.926372978667239	0.027108801580684308	0.816889136280506	2.386431446521063	0.6508995465746383	-1.0097831579867653	1.047058132636481	0.4290083555792154	-0.6975569254489296	0.548064811195433	1.9789037757038512	0.5647644158351608	-1.27137560971121	0.3891680601999793	-0.95525559320445	-1.3705690254559317	0.02731878519805437	-0.6500783431702869	1.160970932075878	0.289066710639514	-0.6399960155967676	0.039443783216528076	0.2464758359621641	0.39716386202723214	-0.565750282964558	-0.9375582172447706	-0.13807347731585795	0.19117123126377902	0.7235866577323523	0.04648575010714772	-1.1459124370009213	-1.9493976912353423	-1.1218800608110004	0.14668923912992002	0.3052838618823151	1.417799643341333	-0.007642065974840958	1.0352555423673464	0.22909246009455522	-0.660015142391835	-0.15517878351823855	0.5476024849929926	-0.06005851071705389	0.5462494733544845	0.3283294212474162	-0.018634075175410946	0.03567154896234147	0.07778490390965667	0.3560405890301676	0.2012914510389315	0.3236662631482852	-0.3467874409307638	0.8897684009338978	0.986004545648736	-0.5527228556480489	-0.5071785239901972	0.9720687678994929	-0.6370837826871049	-1.2831638899918854	-0.542030788265775	0.7217587913055091	-0.011916147218229383	0.12868921861728896	-1.432005804829965	-0.5082148047746219	0.20280584738543037	1.46211263757759	1.2097245601971185	-1.3369917216392144	-1.1188781851523777	0.39472149371874665	-0.4849292476712316	0.21845731312177602	-0.3575285391503603	0.08285575359032413	0.30782160144415444	0.008593179913582084	0.16991835656443424	0.08800292729054815	-0.5801602027653154	-0.16787460280998112	0.22176871639889803	-0.21691724220891045	-0.47994702200210976	0.20337317613607897	0.23395723788346476	0.8325256389456573	-0.21941203317502647	-0.47944152140873353	0.41690881944741426	0.22494919642870248	0.33608231798453314	0.19150389599704515	0.2582300298064604	0.8638535576790133	0.010286275054793669
DTXSID40380797	3.8922222212456603	-2.861144950162175	-7.029910513517813	-10.00039660805924	0.8573752264378297	9.225121083855287	0.027103710836220464	-3.4709507744003325	6.821438447710014	-0.826381054874378	2.0606357184574096	-0.4997974170254053	1.572680451103579	5.606460011970634	-0.270263482607381	1.8978531574429427	-1.1332605909347482	0.5089949608535999	1.4208140433310494	-1.4738513450684203	-1.6087623886774842	0.4063507844051265	-0.1425449170395738	0.042027263664262175	0.11535094032069965	0.41462860972133053	-0.22001964040155705	0.3458417133294037	0.5273091254823081	-0.4794326578366002	-1.305536961578422	-0.9070201973897207	-0.19950658192069923	0.48074124497089604	0.6115376775937132	0.7221822259327378	0.6199721796747791	-0.29558138133264655	-0.3989446776684016	0.11500413552180787	0.5089554706779601	-0.31346985417813855	-0.161527377982126	-0.45938044076850293	-0.8471183408356039	0.5953828621133075	-0.46205683688770516	0.38350305638974014	0.1852506352878376	-0.20279119812614335	-0.005342378660423081	-0.0336633641357531	-0.02137250507258266	-0.0894944242648885	0.6525179573682419	-0.008761878669808841	0.19801165219755715	0.7397172397976176	-0.5256684316014537	-0.3159796792860788	-0.3123028796594054	0.22956358735382976	-0.17002842695948509	-0.4194114736603658	-0.36761761495099365	-0.6212250139347911	0.8447356323266207	0.18456806439848975	-0.0799061851419883	-0.23559689750546187	-0.20321463991576985	-0.15837762271996447	-0.1802332483206447	-0.2966960525003327	-1.6269182504727553	1.2594200679389786	-0.2930802830872862	0.19995524367059803	0.9942517258203479	-0.28583922667552797	0.8806042281085006	-0.5404775074396867	0.1128710138713841	-0.4751870318038591	-0.2771677707315084	0.0379006630588138	-0.9910248962953279	0.2915538145625341	-0.061565789455105636	-0.22231320004753946	1.1018142065407042	-1.2704827073268061	-1.6870590541222115	2.2908086138180654	-0.7076548116939663	-0.8050456141760562	0.6122471722980206	0.30555345996582745	-0.9414250883550395	-1.5490360782596182
DTXSID2032637	-0.3869712571623426	0.3469669379597762	-3.507792703340057	2.9574007959226627	5.319540148625218	-2.1868616681844517	4.379191545402706	2.1291186312186507	1.6537421662578313	-1.3502749692094083	-1.802872208177348	-0.49432446072408737	1.5585698279844509	-0.08489457970523835	1.91080885158153	-0.13314609036658026	2.540200755252492	-1.7413663486640918	-1.12496331348257	0.46907844254063685	-2.8103134140198582	-1.5806181061126283	2.5006154613544456	0.3886378661491606	-1.3894578985340102	-4.190283014391077	-0.89933475638246	2.587054161641912	4.037157291980744	-3.282522784062574	5.356419370298484	2.7520984701852207	-5.946789177843544	3.606043699496811	-4.54878219298429	3.3586097699924937	-3.0461379559158943	-4.398986591931764	4.62456373785773	1.179781688005639	4.134652290516779	2.1585392190425754	-1.0636585807927372	-4.354110533890202	0.9579868269673304	-0.2802632481002692	0.2037772087358298	-2.7326104645857185	1.3959360777883234	-1.8114361069386564	-1.2192582381495467	-4.8842942697537355	2.1726010382641547	-5.903761375516137	1.9751597980534121	-3.283677294725126	1.1501038204279705	2.180702654578428	-1.8000970126823852	2.041606130887683	-3.9314947353314147	0.8087030540539283	4.541195002095882	0.38090003855129834	11.385700045859263	1.718908284752606	6.306517189965624	4.159228213825627	0.13500409698147434	3.320242904484163	0.2700190111469685	-4.817491014986331	-0.9984979971997062	-0.3944689070073142	0.8998077505956481	1.767968323662538	-1.1077677518118119	-4.0164135966290395	-0.13667569214382105	-3.4799547662922974	1.5223817552844532	0.557338367485248	-0.6157118742892808	1.2586308144065301	0.16713534745479067	1.2216937849387608	-1.5787094966808206	0.35341210251811417	1.3921360289915323	-0.7006590817551451	0.47328787921616494	-0.17926724758463874	0.708624313324601	-0.42093623812947695	-0.3207561046144908	-0.7149251178237968	0.6262322506197582	0.35571949322497054	0.0021166433504551307	0.6631786174885105
DTXSID4021260	10.732204600697601	-1.6173060678247022	8.448802457993176	2.4588415660925818	-1.1440632176070402	0.37457051101611805	1.330051238532786	-2.1645208703668373	-0.05943883909138675	3.415160712486609	0.2769648614736685	0.21643214002661995	1.8530107267378406	-0.5895509951166396	0.042553644154003936	-0.46300936440189844	1.3119967920420734	1.1480168130995616	0.16453553417053	-1.9406216803513434	-0.11994956032597215	-1.0874944290554107	-0.1535817406737235	1.2519247013504946	-1.975209241440543	-1.0340319380085192	-0.9264964519657457	0.036786700101929	0.6191220352140041	-0.5174474879955624	0.4417160646931044	0.030376440504048658	0.15535055211635238	-0.5125001641235806	-1.8563761376330512	0.9471604059557304	0.14812895108411234	-0.4682688400583482	-0.8538155800055867	-0.5619240443707343	0.4750983291723602	0.16750200183279743	0.05165320673888105	0.892455567872464	0.06032750759085311	-0.31233683267030177	-0.7029528619246103	-0.4973940894847599	0.11816836929976084	0.09285004483678354	-0.2739542414074173	-0.766028611035078	-0.17780106077305927	0.12264868546287033	-0.6207848237821317	0.6605005762953446	0.024834143126153646	-0.1385104947908974	-0.5509317551245834	0.7837212711553998	-0.9398600015509594	0.1632891124070641	0.546951357669885	0.0639918980358477	-1.2858165956053422	-1.0107424640666536	0.7181981444011264	-0.39073066868073036	-0.6087146868651233	-1.5460178350938054	-0.647415496056448	-0.6172341763744871	-1.0285407852611943	0.9360493185547347	1.42955848745466	-0.7006256811724256	0.8326493914041867	0.4795347960936102	0.0740739328525297	-0.46754124969285965	0.10859335389212894	-0.16492414120753432	-0.9834024886210097	0.07157729620876485	0.4738079377991799	0.7427848655901759	-0.09557609225307778	-0.061582047362022795	-0.4225679134624079	0.21765288183285877	0.2328499848772463	0.3038761866876438	-0.24303110580382148	0.0009250523640580632	0.8430156418332964	0.21490241228634793	-0.32868244337502467	-0.5336473744518696	-1.7571871187441446	0.5745333265147602
DTXSID3044544	3.2763635380725153	6.111033845879001	-3.6411192697547277	3.0547244588488707	2.6815575753623477	-0.10005265822364595	-4.17423446950411	-3.125039193581864	0.2653762218970958	0.2621562082614002	-2.4023922171453327	6.533257200453066	3.1228251545328507	-2.4292199983590925	0.7809010189118682	-0.8438144576989055	-2.9074370216145424	-0.03856009930301217	0.08208361543895255	-0.6522438948219419	0.553319095531132	0.874958071809894	0.7161197867989514	-0.3466365864893576	0.3410133461373211	0.814620759183931	0.5329320173966942	0.8161828184177806	-0.23016094216754535	-0.18660667476010837	-0.5103326565789422	-0.02434720421446459	-0.26487258412501374	0.0581259245938992	-0.39429544855496024	-0.5317239611348179	-1.0220583988661471	0.6103674970948767	-0.10308209722157849	-0.3815846223696362	0.20398220875709705	0.6159663891643946	-0.04403125374588535	0.616692998530004	0.14594284601960555	0.18533202288498288	0.3372343123738888	-0.5846792692969213	0.14504473718461866	0.35343764413441653	0.13337040085543073	0.00905052711532331	0.20658181337740805	0.3441280688207775	-0.10323980462377294	-0.6092240240141003	0.02022985940865546	0.16492982349666152	-0.18770442244662108	-0.1374295115481401	0.19486549168142595	-0.03203446530572786	-0.6629235634218018	0.48888567130534444	0.004245489061991372	-0.655907632972136	0.22280376572634228	-0.3929782569832239	0.7799402880623914	0.36480082579239037	-0.2550731415128727	-1.0112772623660387	0.26952005542952295	0.14574560348965565	0.22428403844125233	-0.026280687699754605	0.16857222868379157	0.4601658425230177	-0.38168451483960325	-0.9051081173214721	-0.5166308195958152	-0.4165865326301126	0.4245690859117081	0.5896798868454555	-0.43070112149939627	0.7346773768764163	1.7806483129434674	-1.302422164020694	0.027218741207199967	0.9554684875036267	-0.532908644705438	-0.35571231669268477	0.5739954512713801	0.397249694385279	-0.21508894611760287	0.06924810616031614	0.38494875939157897	0.30076118841461347	0.3578508596502324	-0.6452212806314521
DTXSID3049338	7.810230171426941	-2.1591465066618296	-1.6564103025472057	-9.457415021996324	0.9558219223516786	4.041298125735494	4.622943200611433	-3.366458945579507	5.90121132935202	-1.1204013158905728	-0.8809293993938576	0.1733092877532375	0.04665480528628572	0.5446032936080841	3.8217071426650797	-1.8694015277297737	-0.2567444467760244	-0.04422120943956037	-2.782637696341102	6.459123074197733	7.8916342465696205	-1.94546412055818	-0.48186488620579676	2.999999862352884	-0.739597824663991	0.6016562593761299	-1.1719827979874946	1.875526189218938	-2.3869116126341487	-0.4522333824895928	-1.0847075565470385	-0.03240105813403857	-1.398521430628754	0.37567073560196906	0.03911388576477229	-1.0177604319059084	3.0073036119171825	-0.6906514042137567	-0.6941362487272206	-1.188085186809347	0.15465675206449406	0.3113738323238231	0.3622131152409237	-1.1641380892117799	0.09177038986989387	-0.7666387022808163	-0.6363455311178988	0.234001376494896	0.39848968942985535	-0.7131533324434094	0.0482243011823303	0.0755055141730619	-0.4775348381261377	-0.11402948056194931	-0.571581801984237	-1.772737014612417	0.07309617045574197	-1.8466322002899112	1.0971894316107922	-1.1657735649045202	-0.8839576465890155	-0.7787151429823423	1.3824017806351467	0.12568343699315465	-0.8251020210639805	-0.04979617583952169	1.0924982198034425	0.544750069770332	-0.015610723259765312	0.509597097175655	0.13378627760511672	-0.3581083975141776	1.2047943634255451	-1.236717733249156	-0.2395514544671322	-0.3683711509498172	-0.15425705938315665	0.06394340901603068	-0.30585410198279805	0.9096353112569264	1.9566862453918807	0.27530870833013754	-1.7388883741381032	-0.565855844649874	-0.0005640392063261623	-0.19909010305727862	0.9743790660567263	-0.34807940083416816	-0.16360162579349982	-0.4051030952161901	0.275543159775634	-0.3224572545780608	0.46112225535035745	0.18658384752897442	-0.4603258618945694	-1.2790445381945947	1.1117713651061847	-0.3830411498465563	-0.626981886149716	0.5897441119841406
DTXSID2047436	15.858875812748892	-5.083590506830427	5.948839989573586	4.861284879338556	3.2176192468135305	1.4757077273544037	-0.2558526702623201	-0.7569535221552549	-2.3859190995707955	4.531859366502201	1.5393948644461377	-1.5286771596682212	2.4059256694491657	-1.8720505002026278	3.034053143787365	0.12188019696781399	0.45238747120351896	1.2680563537812621	1.5192202757220281	-2.1228774587831993	-0.814855618025645	0.04845750979554872	-2.393308156083121	0.5355393943128354	-1.699322113284576	-0.23046241457989805	-1.5647043807390435	0.6661479607111086	0.5443012935098118	-1.3608003932771562	-1.1096974086107976	-0.056833847320733016	-1.2158925227475035	-0.5972338721239654	1.2055202157292502	0.8066063716566284	-0.3356400904373851	0.7665627934837974	1.1462568012907977	0.5106595413086171	-0.512711915273401	1.2117568535422027	-0.5830382556273097	1.3737442518467078	-0.21364031421926388	0.5147387520062595	-0.5616354171390212	-0.6675435448953316	0.7095695203799587	0.4840251231469836	0.17402664123171344	0.1626973637199524	-0.11117056311602601	0.10996399407264733	-0.8862823412528879	-0.02662641657543481	-0.13089410615877492	-0.41068309250079327	-0.5616404418913921	1.1946758691480044	-1.0567178442546858	-0.3091262518587191	0.5966138334886851	-1.7584032720574532	-0.0968171736128091	-0.8776088737200078	-0.7740118622784894	0.5395251799205232	0.07910084151669768	-0.9198226704786189	0.012070847404793857	0.24220981479203166	-1.5139252131313319	1.1020304586089018	-0.45678781060151175	-0.8705890257197014	0.3392651494554828	0.2822996627394534	-0.18324886968491846	-1.171159727148777	0.5811958159930207	-0.9210676485945016	-0.3543055299566535	0.11087305630243367	-0.4362172981089495	0.4926467338518668	0.2147209080996184	0.12854661137853568	-1.5287702890106671	-0.15257462043950576	-0.9558314136052871	0.16216400153258395	0.7610162051128173	-0.748241644275374	0.12029811089041563	-0.8773434240720835	0.28537531942520794	0.31537749451607194	-0.47251076945041776	-0.8397474527025518
DTXSID0046644	3.277060211212859	3.969715682577022	-3.3772747621223327	0.9636493881376912	0.45619583242177003	-1.7061284040493974	-0.6864058748459064	-1.1404102864388366	-2.3322965196757606	-2.5509436042594196	1.9113927151709353	-2.378044996670707	-1.373072253043508	-0.668364046991966	2.3179923408972374	0.17470285903909025	0.15085302431807462	-0.09763764357230882	1.182902330802536	0.027187489465059077	-1.6682474076778242	-0.1846380444232958	-0.2006797959162995	0.12564648600032835	-1.1283729268403806	1.1712678894413346	1.215207786381256	-0.25356813187987837	0.29612173444307244	0.3701896744830568	-0.6367471775287954	-1.0857524521858635	-0.950620061211059	0.20445551118662061	1.5171706181535933	-0.17981274923986917	1.01334689476338	0.22393530187689586	0.5395813153281884	0.2880442203392709	-0.9919948349596729	0.8282522451972466	-0.6473250234164208	0.47605021237369693	0.3842883226366129	-0.1675396735693075	-0.23432243357388036	-1.3469627701803342	-0.007118122842645625	0.4698338358567742	0.41876743723973375	0.04469130020764502	0.6033716744954402	-0.18538258547624237	-0.6487243380921514	0.17472275727921757	0.16602749983519227	-0.29790729850351483	0.5062203083176219	1.378295513248706	-0.8979171288501873	0.2596802416693922	0.3793687010188905	-0.09918204842415125	0.18388244469735465	0.1405033763575509	-0.886627944438454	-1.3090044985455385	0.7464190918172222	0.6517038841367251	0.40039055529226447	-0.6610472382615673	-0.24324487537006337	0.05367765796544043	0.3734687312915508	0.08105622625760583	0.2437985402930278	1.2445215101750995	0.3609950163576992	-1.0859440957926207	-0.0004861453569848022	0.500276739851315	-1.0904941299755202	0.47497665558850877	0.44573864832365406	-0.11106617643448105	-0.10045053836615794	0.4833622697081958	0.4415289291026492	-0.1714098804921981	-1.0413868149322567	0.6598564906691641	-0.21319845630902395	-0.7867552003333694	0.026764395415376025	-0.5101420735781488	0.22715294578157352	-0.532453467699721	-0.10770636392636415	0.3474595189966433
DTXSID7037680	4.664261878010736	1.3242242837665514	-3.188493372140513	2.2236082674996953	1.7178410994881435	-1.8655700878075967	2.8663552374616708	0.8500647274750913	-1.0641355164040254	-1.5526700889038985	2.8126050371209486	-0.8346380668267391	0.7397292491208689	1.1865736273956675	4.718178158842729	-1.0893524734392255	-1.3289415629788903	1.0308192564612995	-1.4153768887564329	0.7843941830602569	-0.7922994824829598	0.7352702824388655	0.18181170780704747	-1.0582450380322201	3.0932289469678054	-0.19239234506734823	1.3144758933205423	-0.7494060908650755	1.1088796618265047	-2.1905961355742316	1.6456068125362227	-0.7924956832494965	0.1696550727809567	-5.555582743690037	-1.0983479829902785	0.9793272373755294	-0.07753132881398105	0.8734945913669349	3.922018377172368	0.37935714036672186	1.2652013597105314	-2.0951994310768085	1.8860735332430645	1.1655959643232618	-1.056473258386321	-1.6419751403603786	-1.666365366791567	1.5118552651670503	0.31914726017379197	-0.08428459308121711	0.5442540607836883	-0.6605384562982	0.08172910271153801	0.9638318814308788	-1.8318543292186635	2.1171702254389597	0.11862024356015927	2.130064834360517	1.1908704100103322	-1.4059107976015652	4.975915136835186	0.922722855323021	3.781340896413756	-2.0948838548283377	-2.280157768352572	0.11259233552044674	0.8528165245469878	1.7147700486115918	-1.554328222885463	0.5498417093054335	-0.38514562696206855	-1.9114763303351647	0.735738147073784	1.290831261283274	0.357863533890574	0.9660179744897608	-0.6994955681738253	-0.5765655334108943	-0.29129646803776255	-0.9349583986769749	1.0387773050004687	1.2689680549630862	-1.0218009212831884	-0.016509714461886288	0.6115388962922839	-0.3583801992279635	-0.6630428089660901	-1.23228181180686	-0.2897487011170199	1.029801560265091	1.7413323932125444	0.5948925851901343	-0.381650445919806	0.6096755228143228	-0.8771910816765973	2.682431372565013	1.2007087364163902	1.0690158757433865	-0.03322308345307517	-0.18805097185406222
DTXSID20337466	-1.8494291234352518	-2.6648695580684505	-2.945342113593971	-6.600954923172808	2.7990689761190075	6.559408802828177	-0.38998905354506125	-3.0659972297156366	4.981289708079917	-1.3834105024990568	1.806910896899592	-0.7868348128442789	1.786372189981783	3.5670307621670214	-0.6913186806025933	1.2437487046808609	-1.3564606157025199	-0.3584162844869198	0.8210951748485872	-0.47892034411294004	-1.0830127539425363	0.6089696110252519	1.5948731631400637	-0.3922123260569326	0.038755488150276164	-0.25750412673977846	-0.33591641415508133	0.03320363577659802	0.19255939964571314	-0.39235659986682664	-0.3137263415472599	-0.36385398607539743	-0.05078992216716766	0.27545402592830354	-0.6003697657333888	-0.499362888314628	1.6615309168996055	-0.8094506390523549	0.6249410761840419	0.34647256805728815	-1.4114734054869993	0.17096985676469395	0.268404536931271	1.5994419138501605	2.2899348676825317	0.5261247258940103	-2.1942109248674213	1.7740166298401496	1.0259523238440504	-0.8179104477419527	-0.21622611307308537	1.4090578174638226	-1.6418505399667394	0.022274689800926402	0.49282273832575874	-0.3168518599142532	-1.7976101304284047	1.7962489034725493	-0.3096479801693182	-0.41002199270972917	-0.5687634532238613	-0.17714796773772032	0.1267184854641212	-0.5798842764880129	1.1456485575742155	-0.1821983197502371	-1.0082710965013686	0.9277949935312279	0.14261677385241944	-0.42654186857798204	-0.6074373396543372	0.339302513310392	-0.11666953813753204	-0.08856200125226894	-0.0764995966594797	0.9358755796443787	0.1975269939766778	0.3533769144242416	0.22636238959433527	-0.1748696047492967	0.13495412869916204	0.23854402559983767	-0.1678699943980991	0.5658526142525616	-0.13223965230271467	0.1766231331329813	-0.1939522978883651	-0.42151640808178953	0.483513520634546	-0.7030711253783672	0.16074554322681892	-0.19031041634781562	-0.2720217654853945	0.6326000284117399	0.38938929791169613	0.4934860549271877	-0.5240375656973376	-0.05658688455534572	-0.06490347509178772	-0.36790950962852526
DTXSID5023035	20.963167495638725	-1.9094130410207797	-4.916962217601532	4.784697681495722	-5.509195997425879	-0.45682238470364717	-4.621877386241945	-1.6723275838907539	-2.304322804802407	-6.086215830745776	-7.003347343593915	1.0368631146600253	2.8254531134973115	5.917231901333748	-0.06757911996763476	-1.757740344157122	-0.9063760196063104	-1.2189553226236456	2.950768841913335	1.991962399632	1.152298715042391	0.6777828972140255	-3.2900725985714194	1.0223914598925476	1.0638278765494449	-2.096423660560711	2.094879485925509	0.5536412526756433	-0.8403087887000168	1.8744880454898643	-0.8448484603940797	-2.3079604563330354	3.505096135518351	1.7534953203213557	-0.20934058984622506	-1.9446876919363516	-0.0671967242557763	-1.6088447012405234	1.9915026553658055	-0.597120210782103	-0.032336760870562135	0.6767638914385413	-0.4182594105134353	0.23731926804835737	-0.9008495511626087	0.5429680905948361	0.31187875533556525	-1.1593933631073912	-0.9066668717878024	-0.6695306645561374	0.5666226050544918	-0.4235716412908465	0.0007290737754949774	0.5758991568548268	1.162549044483973	-0.22617903726057084	0.8153677663096576	-0.5048710245110275	1.3732012215857565	0.6275303802464883	0.012396005424776967	2.0787817361819756	-0.7409080358465999	-2.969297321627523	-0.05505886309040569	2.0214906744083585	-1.142791780783445	0.7872183686122163	-0.640652983899379	0.8592507470267859	-0.5172509142347452	-1.1019542989830124	-0.5682394732449172	-0.20968973169173583	2.318233411024409	0.42614940869518575	0.05450031817798261	1.445148536426441	-0.15808256805805207	-0.8255134527594852	3.620549373878227	-1.6349863233214954	0.152642075158198	0.9864423658653149	-0.4299914706137448	0.3307367956658592	0.5946605878103066	1.868906151687782	1.3530816072610947	-1.133334788119591	-1.6741987711021646	-2.3203286272245585	-0.4971573792262307	-1.5711453652052025	-1.0182994098802212	1.0882401381453894	-2.1434986946471297	-0.14122875284818623	1.5762603323419064	-0.9341980567008717
DTXSID5046772	3.5848577334135903	3.812978017845531	2.245419280904381	1.9184923650913854	-2.102998782641783	-0.18714530634686963	0.8905708537999562	-1.4679609045959099	-1.3810016760588926	-1.071377823693249	-3.2209959905396737	-0.24444356344523277	4.0608483828335356	-0.05083084125926286	1.7227274367618306	-1.4769988259109539	-1.5191436595877466	0.5054017339271692	-1.4085358264582883	-0.6937600022419158	-0.6178274979976953	-0.33887996243706364	2.23385826803388	-1.0333995122877542	1.6282708484800312	2.2735922417904733	0.34034122625539515	2.6202241320091675	-0.214786677848529	-1.1577378415657886	-1.0659914730837736	-1.64376534426583	1.1632891785218906	3.570337862047036	0.016525296649065022	1.2622101233910765	-0.18552124342834234	1.4063006843488044	-0.6693416016141746	1.015912844818341	4.401587977633772	-1.057902706952927	-1.6211157746391713	3.717211300220284	-0.5838675974544267	0.22267377857054435	-1.5053920816672237	1.022866467429501	-1.3333306011041846	-2.3128965273000457	-0.02496669434347269	-0.3001542293988902	-1.1133616001734215	2.792281594803704	-1.1115459075813279	-0.9765815297669798	-0.1534767930284472	-2.484661035828636	-0.641678811168795	3.5046721665359386	2.998347256558221	-0.8362366668707703	0.010261129077636552	0.30478709040902663	2.7313991057103237	-1.1328309962083198	1.7048973890577155	-2.093181082791704	-0.45564386168596427	-0.4657768453850051	0.10602810177834898	-0.715565559962022	0.7790195452936449	0.3730498710405527	-0.7968845620282059	0.5155700903281085	0.5113466385209465	0.7624382362646848	0.15132079626922051	1.2615444628601964	-0.21166986104318475	-0.656709733115568	0.7868527899070852	0.2238545614663891	0.3136500230687871	0.15394920811638144	-0.7857730385977247	0.7253814183951401	1.073829024418493	-0.383287732241782	-0.025756215961515085	-0.42247788044615053	0.38949728630673036	0.16058249264010355	0.6176405661461268	-0.26816238276816345	0.2934924181380551	-0.7393956059897296	0.139945456700553	1.2019265225338434
DTXSID3046168	1.6575967779638412	0.09454712941265243	4.198816418284166	0.7321579975226279	-1.6924641764634383	-0.014492161932845544	3.8152827494464545	1.112231131943551	2.2863035884192726	-0.7253393265663508	0.2273709536815693	0.06859450248234021	0.13203238782175317	-1.8425305629430035	2.805393744805999	-2.3800811476645087	-2.2150117559023386	-1.0734351952878556	-0.7010279525812749	5.090465368525553	2.6075635670091897	-1.2500653137966886	1.7909022237641563	0.6551441148056513	-0.7202531833378234	1.2198786305393556	-1.654932114636441	2.1525529122391327	-0.8643157717273328	-0.34456710583116384	-0.12759195242690646	-2.546404018662457	0.42596155813641584	3.254862101734643	1.179237011537633	2.872599280727891	1.9226779987402103	0.7063611353602001	-1.2958859711629627	-0.42575948783685674	4.574905556390952	-1.1469205345885773	-2.3910204814134994	4.121230721974253	-0.1803616839563928	0.3333533314023118	-0.4819208774651357	0.09463731318280186	-1.4019905485835882	-3.0814074724044493	-0.02916661852211298	-0.05531139780685058	-2.303327711988456	2.836714141678659	-0.948971010777151	-1.9038047954313215	-1.6045930199234923	-2.557930257270094	-0.9405220118254524	4.475716546349679	2.3460488177393706	0.5228308765840799	-0.27474145147564977	0.7877248587951635	1.5288758999677008	-0.8094428142445725	1.415844529060336	-0.7342899119020476	-0.6594683206515185	-1.886258211531557	1.9263848216554598	-0.05189963786903237	1.0666965885275101	-0.9752702934589919	-0.6521086788077824	-0.42444324035503533	-0.00877674268551983	0.016589505497008623	0.8757047332985043	1.8106308640746216	1.746428246057339	0.4528688354460528	-0.25578759605501805	1.6046386879465109	1.0758892648213143	1.3994572331391744	-1.9092217176127833	-1.0422864062595665	0.8793853290898055	0.07580077442960255	-0.38766483006379365	-0.6078207509210525	0.5755557071311516	-0.18937521434552104	0.38900105964237996	0.6770205597865565	0.5961146421328544	-0.10871031554328969	-0.6987617269213147	0.9205313545925279
DTXSID0044737	3.61752037461703	-0.17944208786257643	-2.0538833621781523	0.4313810637512586	-0.7763205021094054	-1.4848980298967287	-0.006085284520178398	0.10967998088055822	-0.7110986057767273	-1.0210666012036396	-1.884192444738879	5.701457235293983	-1.1831044239371682	3.3638192692755418	3.55612763286123	-1.1351298315788847	-1.1883610414465609	0.9798545639450822	1.5451725488844592	0.4403224923713923	0.8631530543336764	-0.7831935227316369	-1.0794962594813367	0.48636645015662405	0.5753893240321023	2.6861382082902594	1.7560583105256897	2.1783011839300266	3.3083149541590053	1.2555718032345733	1.1690772353428898	-0.2942647960034557	2.924576960144253	1.3208666232869917	-3.0845573914524334	1.2701654046827158	-0.7137161954399394	3.617119589824434	0.4592162684485835	2.650140818478006	-0.30196391479968926	-0.7623968186424098	-3.54814126304318	-0.6254153353041654	1.455469456634055	-0.46920457902496066	-5.380586703886701	2.435788407191852	-3.3793796894032404	9.721239068360108	-1.5716732089782899	-0.9237134416884112	-0.47593853873936853	-4.584860704732164	-2.1380666312620544	3.8991398056019344	-4.691337227203034	-5.198332958412789	-0.42598695784909074	-0.45661685744529035	-3.4525979574367174	3.931492601479052	-3.6157762208944226	-1.118290229266441	-0.8937373805522422	3.5470371356448513	-0.1705475498955906	1.8013849668068649	-0.0426430343740326	0.7936523918439888	0.5816814961707928	-0.8998540736734211	0.8970470665755857	-2.234693513397991	-0.4951476702329358	1.414232376414046	-0.6952109837872352	1.1092871385271057	-2.310348515025675	-2.0439649714633217	2.7202439930688143	1.919437543677636	0.27087672090637677	-1.3994497662282162	0.956586262388135	0.9650267188529392	-1.6335663560100755	0.9673551042248334	-1.2586650882716441	-1.805642025231657	1.3836565241320669	-1.01379684656022	-0.32425973848017775	0.5600377279758085	-0.18253110568054803	0.23273008914187682	-0.7802753624811091	-0.08130362226219448	-0.09223382000874333	0.5909606844920916
DTXSID4044876	-0.04925893010882926	-5.103741600307952	-0.21429234821113963	-0.4458796438883566	-4.012847629471427	-1.3379750359718219	-0.07897807191705919	1.903622837365504	1.5339729292880337	-2.91026128547886	-1.4443860691697814	1.1107530169065514	-2.2724422137924134	2.789085543942632	2.1440049706712028	-1.688382295900241	0.8092712465881676	-0.4029275740614808	4.536139752868962	0.8590376472364415	0.31899020477354684	1.5251281554526765	-2.378580519052714	-0.8042834300598887	2.198437377001852	2.663976792660034	4.264098047128093	0.11090376590634216	1.3387818106030198	-1.3957922726281935	2.707784305393924	4.390006455096434	-2.1377474970317474	2.180986111755429	-0.35700240291625207	-0.4668851717114797	-0.1084504781831877	2.2500479306929155	-1.5727302819070512	-2.604274986878309	-0.8744736191259559	-1.0522994614839776	2.4307488927353527	0.6228815464422661	1.0499951855326355	1.203552091661792	0.958995819260544	0.6644838028232096	-0.12592140640135835	0.44030584071969525	-0.17176425776645418	1.5814722223521116	0.05283772164142636	0.22062959091761003	0.5371003801899338	0.3848387326184824	0.17974435881086254	-0.5835269856065464	0.3892241460713023	0.8343386016588213	0.7600663105906578	0.025598583494624245	0.8514159764233168	1.766802065821772	0.9431065100171496	-0.03906381662130241	0.46176777744823283	0.734794841949028	0.16410888479591526	-0.4299112422155358	-0.780400218213375	1.7257322440873464	-1.795123927071476	1.2373041301065815	0.2302099363274156	-0.9217797301334718	0.9063859876038108	0.5490095324649923	0.26349764578429824	-0.8428438353253435	1.4243742656713265	-0.3097406924831866	-1.3449086594913124	-0.032694172103039765	0.13645126910286126	-0.11506746339825785	-0.5701966957098654	-0.20344096466162337	-0.16664952814331527	0.5572685998959833	0.340009892999356	0.9451121013073606	0.30936839293319135	0.055963330928776464	0.3572193543996835	0.6190022470997043	0.23009593591357758	0.10939837492434493	-0.32615328247887976	-0.182593822751134
DTXSID7021576	-5.889522327094098	-2.9302196417358743	0.6752165162119736	-0.8635449244427199	0.8422442862541798	2.9071285594782155	-0.8790493452809861	1.5091917880977734	-0.8772140940365446	-0.657319131124915	0.026742301931182662	-0.227942271669969	-0.04532765428334639	0.13526369683348127	-1.8545739537707755	0.6640853775677424	-0.8625022325645495	-0.41243503720546437	-1.6026103009441939	1.057005796419299	0.48542626137983774	-0.22529790741348235	0.9126625566244234	-0.3412214268685304	0.06118627234377088	0.351877626553998	1.1240204712238135	-0.5372713711456272	-0.31647241000988396	0.7104957627928048	0.25793885330531124	0.7593888387074098	0.5708221894365831	0.23402790598641532	0.8307702857147585	0.010628181886338899	0.41413937211440044	0.22473039203570044	0.08383322037323598	-0.050837295316344844	-0.1485004929397332	-0.2360663199854687	-0.2902368208280978	-1.3520611296600686	-0.09204997855112809	0.08252198263649448	-0.056103447145998214	0.24496065771032288	-0.021583297802045008	0.05963958514010218	0.15797884930775252	0.4021466489702608	0.1217069528552385	-0.010923583144085244	0.48412345289068714	0.053392684250747446	0.758804624343668	0.22496055025728873	0.11173670640541358	-0.21775284645552329	-0.010007505185166783	-0.40002465630140577	-0.25779950742297286	-0.7169216786872329	0.07053411592904475	0.9460526735503744	0.6736010691273461	-0.10477596665492865	0.19379139843855273	0.5707474973559754	-0.07919169689477219	0.21620564350941537	0.41713001467103367	-0.40071622955545566	-0.532196296410558	-0.25769839986968146	-0.5372345571434942	0.24021863378367	-0.12999920205852722	0.006833196495714271	0.2215539956627398	-0.1544307987375549	-0.5223361580226439	-0.3323599210435763	0.3471204248292752	0.13525568391627585	-0.12952666917002775	-0.7007033938217736	0.7186353760697192	0.08344160671901946	-0.6098108406914051	-0.33466281008798326	0.4304327259568027	0.23658928987726047	0.025499660663492203	0.31676239665710265	-0.09802201918110492	-0.6529541645326842	-0.013488232305093826	0.1293651121513939
DTXSID2048612	4.806690939621739	4.749246325920668	-0.3808600760941968	0.36542485753984166	-1.3766159783978833	0.5205553765574986	1.1640389108135551	1.0577475792006494	1.177948253175598	0.5024028516861254	-0.31367471164340266	-0.3287617641920908	-2.265759264306361	1.3290940062085739	1.962970660870953	-0.22211433349514328	0.5648046133661893	1.8196465909310586	-1.6117372142142883	-0.2990235207523715	1.0696528582496037	-0.034294451651282594	-1.8865810718904386	-0.46110509987623977	1.717828289292935	1.5046320240273057	1.2154283807194317	0.32813036984341853	-0.5094006945462769	-0.021585742173521407	-1.4888227348989445	-1.129505487932559	-1.5837823809663922	-0.12213951427470983	-2.6120176183010706	1.471985149943431	-0.16362561157104527	-0.7022377211183636	-0.28378064265759856	2.3050941858864804	1.9497744853548096	-1.8308095147422907	-0.4179472977558358	2.834128739104642	2.43171181403342	-2.218884643743734	4.403700879595674	-1.588421927472309	1.0172257668637934	-0.8558492409884458	0.4583334267172589	2.6816110066340944	1.347393546799243	-1.937534901730273	0.07028385027787656	3.8119823457336346	-0.8683122988801361	2.494598660556591	-1.4538333262201575	2.903711706287206	-2.3800097614695406	-0.5214834077715865	-0.9612041945563505	-2.8918923513837274	-0.7351513134673356	0.1833203656514717	-0.24776933173873844	0.13311386342003914	0.5845948517161427	0.8482023597397909	-1.847228461010795	1.423755965302162	0.009190157138831293	-0.5304254538006531	-0.41756587812200574	0.24191127549715855	0.19766603804585162	-0.29130563343893007	-0.153015786652908	-0.561428522121756	-1.5274493706898125	0.07507885810315089	-0.7824963633059036	0.029164881534452392	-0.7620775579210528	-0.6738367241870898	-0.06210716102791022	0.29155845157821	-0.22711433481337073	0.15895991884446017	-0.8811631445928235	0.827831932812859	-1.2143129262488896	-0.4006787352713283	-0.4633218462779206	-1.0856480790386842	-0.11327521312959347	0.3336216385747688	0.04790050741244331	-0.6032189837325707
DTXSID1044221	21.727843385729447	4.714895974357462	-3.383843327980919	2.1784046132978254	3.6242804311290024	-5.948512267478261	2.998344194718365	3.8244998056197272	1.4283592599967325	0.3740246500888174	0.03511490426643398	0.7623665419827248	0.2221033669630475	-0.006196423833872652	2.988157139299665	3.7589021776466316	-2.4729863843734563	2.5187136734092	-3.0518751029338764	-1.520137267027098	-1.5535970639847188	-0.5153103718302293	2.991449869763637	-2.0360949008757574	2.2186658558064387	1.1475395041463987	0.17216203531519159	-3.401711057835855	0.9968272565778032	-5.000603133529345	0.509629608442784	-1.6969764508607372	-3.5949213310230337	-7.502158222647174	0.6137046268643884	-0.775407107252363	3.6108825984194075	2.080930994288316	6.791676045904095	-3.8494480685325585	2.510540513722703	-2.4802634365208753	-0.25629692623528016	4.860397119655795	-2.3157597331859314	-1.8822627924653306	-1.6699349071929557	-2.0402773865782935	-2.267803477126477	-0.7144623906461056	-0.852383567127662	-5.85184723177341	-1.9477407795647874	1.2343340156054303	1.360270015072881	6.179920367720833	0.7309941939531631	0.3093241508209708	1.7187705787020626	-6.0776358076501	1.6485532076060443	-0.23482160562248092	1.7869134459020175	-0.791635336982452	2.488752676649058	2.1980440577445615	-2.180635396360307	-1.435617268595327	0.5744560253281946	-0.9557163908454923	-1.9075308191468512	-1.0134736405853002	0.5614142610484856	3.1216613574706713	0.6847781721000554	-1.344547879959795	-1.2500662863428975	0.2273769989128402	-0.7611703967623191	-1.8139116245417395	1.1696504583132035	-1.438684278562544	0.6141428030831277	0.4368154592231901	0.43757884397515506	-0.9109625583057948	-1.8010823100416733	0.4144722135442941	-0.07003188621416197	1.6271374991377172	0.8072161145857253	-0.7157465700970563	1.7927103651004928	-2.5355711583761615	0.7921582701456595	-0.3573977093090936	0.302759784655964	-0.533123105457576	-1.066084154250472	0.17887677350765796
DTXSID1045744	4.655615034779256	2.991567111123096	1.7696925462795776	1.1335159493441687	-2.8895655158115368	-0.17241567853912745	1.141710629850289	1.2885838114728223	3.0595011135252617	0.09936047406726226	0.33734466643711963	0.5373287085994218	-0.17626766651116255	0.2651986401799756	4.733715389213124	-0.3695292373348221	-1.7443048639548613	0.5360467460806605	-0.7928069258680154	2.881089832233481	3.7098323540276468	-2.1400664220865497	2.7351699547357256	1.940172666785184	-1.920419949924885	0.5416611045601888	-2.357383599086493	-2.7879129315997218	-0.705955735284429	-2.335361378263577	-0.39189250072980614	-0.7833815972691531	-3.227368833034077	-4.5304890719496305	1.1784794948416473	2.124341851530364	4.064425373295592	2.3326330061475864	2.1476509199301126	-6.154860330056607	2.038978392616125	-1.2373076648440333	-1.4449182886769774	2.8771959785634618	-0.4326231863217457	0.6215955258393177	1.4220569474612588	-1.377670920410687	-2.56326023812943	-1.6631590863421208	-1.54191809636785	-3.33234693505416	-1.9026542776565694	0.5033833366610353	4.51998615561082	2.0672931814750983	-0.9871318139659964	-1.3796750435313228	1.217562717811517	-3.4393609881465763	-2.9816144863257525	0.4434306370852911	-3.946885137703031	0.8020985312381561	4.03840585791857	0.6574053795165634	-1.0657319903497673	-2.5064546952667452	1.1654620088289775	-1.579556742645055	0.6676947900663097	1.0812468758606062	0.1423476007607785	-0.6836029347471398	-0.4197378292196151	-0.3935838900071121	0.6711429373927428	-1.2690705785408702	-0.8095847738275641	1.596564800742799	0.18880923670732702	-0.38312750170766935	-0.666593996085076	0.6886497686335634	-0.08168557534400535	0.07650488297036061	-0.971991374312495	0.20744996574412297	-0.14283904972861386	0.1801851820572574	-0.7937026151381985	-0.32096495303796607	-1.1166625087147848	0.4394036893185199	0.4531387557521033	0.6441960262018793	0.6468118527267895	0.11459645889470096	-0.4515881221764292	-0.2903163678006228
DTXSID2057782	1.0444880795671436	2.593590179044883	-4.151835373135471	0.6361418877434813	1.5646251449506072	-0.9759465320260879	4.129092899050819	-1.825916536378834	0.6648126470174703	2.9206398707461747	-0.2847310813539405	-0.7784438034604091	-1.1643024253855259	0.7608857963848503	-0.5642053536532087	-2.794355458019985	1.3921344465538135	0.6390155964358215	-1.916249528280063	0.22788484876863146	1.6227658296010745	-0.1933464228955686	-1.506109132697852	-0.042136091924601916	2.031521304014265	-0.0896056833312196	0.44414169101748063	0.4174446001145202	-0.23471710087468997	0.1258584267430612	-0.4975996746466328	0.38207146592165736	0.6069811648536534	-1.1738983529312448	0.06502766893636926	-0.3688284603167174	-1.0939085151048897	-0.33582479654002123	-0.256813195845707	-0.2253133214409571	0.904132065621302	0.8764125218534464	0.3220258953233482	0.06428792351847314	0.46095379925497115	0.16532981510848183	-0.4250285509081938	0.3411339581919493	-0.3605974821082348	-0.7701299298710933	-0.212940790533068	-0.5759508916958621	0.494054844663275	0.22923903822669392	-0.46899816160669805	-0.9332745851630618	-0.07600912287398033	-0.3694806657668364	0.249288077408393	-0.7845947612995574	-0.5722786654248979	-0.6743091520300566	-0.3967333868484143	0.8945506378689329	0.39161020470368574	-0.8324058002725411	-0.06081478734490656	0.8065112315512473	0.06768341769868359	-0.6128649126577288	0.5418539671425019	-0.11004237827318462	0.2229651133400104	0.20472793841168016	-0.06748201756398445	0.43512444941124656	0.49580688149215835	0.7229279609376562	0.031819825168976905	0.6187521328935153	-0.781656120778858	0.7650555570141491	-0.47120497087619434	-0.6722943960566147	0.2562433631822771	-0.47839458143374197	-0.1730983525575667	-1.319661185853422	-0.0986236868289125	0.5464927821239927	-0.4135460481673622	0.7727807939251765	-0.703430169999268	-0.11194765846893034	-0.28968552840432327	0.2290328547207714	-0.9400280543345593	-0.30287662818931854	-0.05665875039420666	-0.3282891956779296
DTXSID6049220	-6.088020923052981	-1.133879540748681	-1.7347153715262436	2.5260850464552838	0.6614378946761277	0.030698228531647224	4.318266127787638	-0.5020806167279318	-1.4968686986252546	-1.915792385309424	0.3536267229431973	-0.9701105640857043	0.7733064811841196	-0.9937570164663152	-1.3309908395308425	1.3816317787466965	-1.1679178661243832	0.57824755843982	2.126986099494897	-1.6358386563098128	2.4179460374329262	0.2891331225968085	0.7358657729578807	0.7735265845730795	-0.5072201755011506	0.09104936584038352	-0.14453337880630687	-0.6115783379490846	-0.5374399141780551	0.44048054751226695	0.4348132120628233	0.06637382860755588	0.4561222287488689	-0.28194690374559506	-1.1733949935327888	0.17728855277585304	-0.03642877699928123	-0.8706153837506	-0.5854016363184223	0.4256098425104451	0.8791857114151921	-0.4090999370844786	0.09713594555603437	0.2488684798281852	-0.40292008869092527	-0.6630769820369795	0.14405174269812374	0.625853152757734	-0.06314756983591945	0.1542289535097874	-0.267712734861339	-0.24583174818754672	-0.060547957825549545	-0.11150473167226559	0.3379980474641	-0.2637123403478643	0.7709468423574531	-0.09646178357464164	-0.23325317825012593	-0.46578849121344756	-0.01743299164086552	-0.5895252067747611	0.026702252986691245	0.11923010315745938	-0.12086955211739127	-0.18959938564507736	-0.06769155758172385	0.6697500832616681	-0.8885415802193303	0.057577323714791004	-0.05828447610708867	0.4760171663350256	0.059465664102846365	0.2859479146688486	-0.35276214902353625	0.31801905230300637	-0.12518645148200802	-0.48499373350529823	-0.15802883128212583	0.22990555744856553	0.8056151456537046	-0.2998541932348361	-0.3471994499910932	-0.9708948393338334	0.28990544366857496	0.1131639182090444	-0.006753857361569973	0.19402644155318813	0.4265811956847661	0.34027561502712494	-0.8950052308059568	-0.2024296069490026	-0.3425229271205549	0.01866379296215862	0.6791521305335939	-0.544869157973947	-0.23261262669920307	0.10903491620742631	-0.4384136730047757	-0.02739959108023481
DTXSID1020807	-4.116311036180797	1.8851220010345704	-1.0517816151824433	1.9383640174759533	-1.413945741389995	1.7866892900772178	2.3441629209987584	0.9745244888002154	-0.9299427936547655	-1.1995164431958862	0.4317066758705273	-0.6535485447725419	-0.877889371795257	-0.5895204504150052	-0.30621615606338576	-0.8270615490542746	0.23696104442568083	-0.5381182150144889	-0.43765627171929944	-0.5147180036963452	-1.1278062585978457	-0.4872376185506522	1.4726289879250696	-1.3337385994312156	-0.1142203712212635	2.7490123192775644	-0.7580505491008688	5.782318428188643	-0.20861927859320145	-0.11086100622442731	-0.8786216539409827	-2.7117826628006805	0.5704184529784286	0.91648116094926	-0.4274839466738781	2.0926155021283637	1.6827507825619568	1.4892335229048703	-0.3518023023279311	-1.9279678421755522	-1.4024997260513414	3.03458281037869	-1.4427833006996555	-1.9556025499260297	-1.5552663037320396	-4.171155979837632	2.0170664715404656	-0.3643459691525927	1.050693611080373	1.8068835167909272	0.667402553669262	1.71142656014312	-1.0256798470884867	0.47003759650608684	1.1769103455692942	1.3026646098762638	1.3940015162280295	2.0144862508316352	1.62924965284836	0.045510941656957765	-0.8710943791352307	-0.3763350703508352	1.7557399632363035	1.4149433707738415	0.37625887143926817	-0.5569861493839752	-0.676704661261321	0.7182724806000499	-0.6440513012847094	-1.5214992858980774	0.6852871312137483	0.6210185982153138	0.14087779208288176	0.919554303181445	1.500877741605398	-0.1399850263351068	1.0734889527580604	-1.0349207857266431	0.2391681852041562	-0.4536358109078603	-0.21684674984330632	-0.1435987847171856	0.33836839620714537	0.6986920947152059	-0.09163641307094166	-0.5402025038038099	-0.2362850208306581	0.1395282163980214	-0.7232362261535569	0.2627963786893506	-0.057525929794668786	-0.01863177019854425	-1.155697047338705	0.009049081662578121	0.1926917887402558	0.19851711677363698	-0.13714621188347145	-0.05136309693674215	0.4047637718144513	-0.18716045864794031
DTXSID8020541	1.5881294708506226	3.496946622921488	-2.284705839762992	3.0552716936997406	5.225157112709836	-1.9737311688063393	-2.331211282344246	4.586334008322466	7.17894725180455	-0.9074587231316181	-1.6605517673330383	-2.122743465186855	1.506618225550999	-3.6762569588940543	-0.4946825721028296	1.1036544317843862	0.3757399496121973	0.4934778168943679	0.536035693886881	-0.4815861411080402	-1.5753354408942717	-0.8143802927764567	-1.172121549893941	0.12249213094246267	-0.1610943119605951	0.07864253594707661	0.18822875723026217	0.1221454165654929	0.0351109492281827	-0.05822053263016323	-0.7552078005603379	-0.40834512697568404	-0.7765993395061843	0.26014391511608953	-0.16798270202122578	-0.27899191547522223	-0.19665112348190103	0.36056634659305653	-0.46733882128261034	0.07468527585634996	-0.6655896476366829	-0.5324187922311704	0.6887420419537449	-0.42700168264369753	-0.1418907624486599	-0.18874368125275812	0.2682736559066914	-0.14106136233184136	-0.11086069078077593	0.05757917578355315	-0.09470687478909835	0.29981515917838386	0.30608845809059065	-0.43037454440087364	0.7471858027603138	-0.7122979031154738	-0.5986583598123312	-0.30579815225103274	0.5060982091115444	-0.43064885780940837	0.2197412270003281	-1.3701189592985783	-0.8034584128327198	0.9653458385309562	0.4260761494033984	-0.01639560309362292	0.4539025213832712	0.3273407022614254	1.5498114935433553	-0.775604535648806	1.213085694036186	-2.471220591530651	1.3328006801310004	0.6877422468125172	0.21387782487271456	-0.8621118763506797	0.21668642554631712	1.5795034412239897	-0.7392947885208486	-0.46796173070656055	1.0849629210906155	-0.8249395437965862	0.5544192896494251	0.7072241309873277	-0.10813481040298055	-0.05145123376416763	-0.8351105362358172	1.2579059253054141	0.4682819739366165	-0.28559884856338313	-0.4995733419709159	-0.2676026169184135	0.49363003736221334	-0.24150394410779438	0.49839709196707893	-0.14589383304501494	0.03991356815428463	-0.2478161205756874	-0.056420388393412686	0.29805744802670175
DTXSID0032497	-1.289187679492181	-0.2377771662932096	-3.037078516953264	-0.774975668510795	-0.12852354198242877	2.3746255921779595	1.1099538205915287	3.055865036734028	-4.19482817029173	-2.1117426039188527	2.2723194225941605	-0.9932504362713676	2.6055908894815443	0.07695876816900832	0.4027635874761994	-2.1053743437396037	0.6529526023385125	-0.16883432947021648	-0.8824476201482951	0.8188088462503013	-0.6227559506794805	-0.7198426354682536	0.08400276396264676	0.8283190070263662	0.21087584206837634	-1.6488661424802489	0.5282902023119068	-1.4523701659095383	0.2975248681064389	-0.08154868316023027	0.6616290894274648	-0.7525616818302903	0.3487172868201602	0.19120912123267025	0.3089127588182935	-1.3916790795277572	0.388509176094759	-0.07610315452675866	0.014870188340375188	-0.19947164974245754	-0.13363414001263235	0.4636931296385514	-0.05398900446816138	0.0417674095321949	-0.16841570234286138	-0.1927177827005123	-0.2662917736737642	-0.5572768535051431	0.49606617041865564	0.561664088351969	0.3853483472926006	-0.1574046460568399	0.12515958140632621	-0.36479937482571295	-0.23779975886473376	-0.23663621996717396	1.415577346320983	-1.2582864288820796	0.5329150767775263	0.5424378101750618	-0.5809463902391329	-0.6307675925251147	0.22856669841118954	-0.9766708618564054	0.11121753922942958	1.1614886163940639	-0.7292550948698161	0.11250732971177196	1.4058692656933507	0.3883358490106767	0.9111465083570311	0.6299532921521179	-0.08925290033749698	0.576594435725114	-1.1237501672744274	0.23317373808036554	0.5030389974219448	0.7405414330448714	-0.20844462470378444	0.10692694916203983	0.9487561168059518	0.834003426772395	-0.003800887573647852	1.0970797917206168	-0.6064598201253188	0.38018396297285506	0.3315481223716309	-0.13748066293095154	0.46719773523110064	-0.6387892602234263	-0.6178486814971662	-0.7059724080864357	0.20113615252984873	0.8265389334443097	-0.056362378563388896	1.0746845242607639	-0.24150907696840787	0.11536751709229254	0.16093751353508556	-0.4469592776204221
DTXSID7041708	9.661629501392342	7.330003763934707	-5.691419655536927	-0.8024287413476708	-2.1297144578605858	1.5834007811150008	-4.340240935963987	-8.546753524559184	-3.993766537956497	-0.1548963781406424	-9.272950148306661	-1.3724226691911086	5.365626354829274	-1.1153672007575086	3.419805680175228	-0.13954375083578444	-1.517358874462696	-2.788727985957761	-1.0502048168419311	-0.15029865872928785	-1.9206294426931094	0.6961351493746867	1.4172705395296834	-2.037990896065431	-2.071432907773918	1.7745970270086098	-0.21357866452375338	0.20330846998584154	0.7570522646991671	-1.170317156454361	-0.29695527552804524	4.629010272522947	-0.7527264452763067	-1.005961375734562	-2.2392506045504037	4.042245457680447	-0.3274844517976029	-3.052442138562557	-1.5634999229140398	1.654715274164967	0.10193296433377094	-1.4586114111693587	-2.2906813423316423	-2.158542095052173	-1.679595215090927	-1.1967585224870227	0.8566357823767011	-0.11846301643537366	1.2686421186344716	-0.619416683127795	-0.5910190672900429	-0.6625778545297571	-1.7952837152160495	-0.8334792839669922	1.4592031969687225	-2.5768866415449474	-1.1584793797042028	-1.094893037103586	0.34707733068717467	-0.21497754346976083	2.1057180981973573	-2.2707668160316126	-0.5847973910757155	0.5089033756752439	-2.1569723579936726	4.409121043307932	-1.0024672571706619	-0.6819781070703294	0.6554712772601078	-1.970114424954155	0.16306632533012586	3.815765572119445	1.5925959284590647	1.7318777467145943	-1.9265444340560358	0.5338719979556135	-0.04578021368966859	1.468727267420007	-1.0041497282703378	1.1766427273033073	1.0333553508273572	-0.1372843793257306	0.24448699790246728	1.1854722816894956	-2.015979338525748	-0.39924991574153396	0.5493759509186742	-0.07095861317566081	0.8642057013032125	-0.8144523598338793	-0.09749178385636272	0.7562595897874185	0.05919162864465108	-0.9855559994294849	-0.2816716049712379	0.25514651013484296	-0.6061650341253358	-0.5767618144285809	-0.5908766430905925	-0.35581499817937123
DTXSID7041914	-4.818473153689091	-3.6873162116806086	-1.1909925824231127	-0.43505367208072887	-1.6172385678336425	-1.411067073878869	-0.6995824305803796	0.27102039595449223	-0.5509707220455435	3.414696750188965	-0.5059106921895619	-0.6135205069424652	-0.8217595625315874	2.1367427623844186	-0.5140546917870301	-0.494106108898537	-0.8592904068106857	0.22977901987270122	0.6907208748449635	0.3739866367455288	0.009750904196993513	0.47412373547842457	-1.3028461395329254	-0.2387191109145031	-0.1260368383837034	0.26272930060230487	-0.21864871462794536	-0.24061881187824327	0.03763475356218342	-0.5622750584961653	0.7482404669716526	0.7290412109668428	-0.656155847076714	0.5900077239473825	-0.058212217631002094	-0.4514007530891173	0.047077806920452006	0.3485122298134978	0.41335246053201086	0.3278429909480244	-0.21894571364584176	-0.6311250334767682	0.25930917126439124	0.15209866624651552	-0.70798264757628	0.29958482651702545	-0.10602489460594436	0.18000044559939776	0.1328681061623767	0.3091617511458712	-0.03354637099627034	0.04375336021730646	-0.17211493592796887	-0.1248923126251294	0.11504613131298744	0.12753653866873269	-0.38807603407542124	-0.1296825832146455	-0.2724430405853267	-0.3865593725751161	0.09610467465049327	0.33241908902463696	0.5264351016436201	0.27350704389212327	-0.1648110698860099	-0.5058991716346903	0.4158274171349288	-0.6177485581918881	-0.9803153244993492	0.19207342183697682	0.050613867862661976	-0.13089603956070583	-0.24205196356789951	-0.2765883122771871	0.7861809378188017	1.1658780677892675	-0.12471064967915454	0.3631332529393006	-0.18107701371817528	0.29167653353484496	0.46320751818638073	-0.019228264491350882	0.58608090329177	0.9855929212666402	-0.6560380023054291	-0.5820920966025809	-1.4627596118739101	-0.027811819199461785	0.32698555655646666	-0.48251349357736606	-0.19368561277046045	1.260766510206611	0.6220188170260934	0.003675225259881238	0.9766699622228014	0.16904428325127388	-0.49825645587643347	-0.04410574831041214	0.8464586511786882	-0.7493073496426986
DTXSID8021193	-0.1900419793366298	2.490750478279898	0.7046716136929481	1.4528569038809414	-1.9844522359757897	-0.9246983650558656	-0.43781476391828134	-0.5112430852462685	1.5755033783509071	0.26065875229993485	1.130460140632083	-0.5497599212471056	0.22625263399482098	-0.795616777151731	0.17305878608068515	1.1424210479467765	0.23740449135165853	0.904724857879551	-0.26933894987221646	-1.4724002016772897	0.7216127249198521	-0.6162328787234257	0.3201102854452029	-0.05446650883149644	-0.5437664460856019	0.4069306379126748	0.38224281925515335	0.29455256850960077	0.3042595176585021	-0.8085934103974672	0.04268572668598762	0.3611259660703139	-0.26602582027039706	-0.3586627487520721	-0.6740021033689524	-0.2578734803242628	-0.03319155019763183	1.138726371632477	-0.06164233736623286	-0.8826273447006503	0.37202187474380394	0.8942829681883199	-0.5091543130388948	0.21349376952093962	-0.5747531514981896	0.8651457874051878	0.0689483854869251	-0.43795724835444355	0.10029892407326182	-0.0717323873146883	0.14629750392355784	0.30860258918434286	-0.061333489664911284	0.25315001858368447	-0.175736870788138	-0.6828730160055606	0.4368125958358429	0.38137449066579626	-0.6974542075429212	0.051288521276616726	0.00651943469676459	0.47058575932067664	-0.15307538919722008	-0.6906992492272563	-0.4694815557178392	-0.5836064579641289	-0.22850988233305958	0.15345467015343486	0.45324540077050823	0.9854495180289097	-0.21806765177797047	-0.4886043702904746	0.8124853755328233	-0.03728778316676298	0.11670128982561856	0.7552258409784279	-0.025379610496798388	0.5841606133148223	-0.056528663735570875	-0.09433517714883415	-0.051306462148977695	0.07254531037430592	-0.17496126501392512	0.18166681962497636	-0.11575243821979171	0.06827552454059889	0.05325889903161869	0.1991124477153764	-0.14059071563979714	0.2064928825597468	0.9166158723024673	0.42524098691314205	0.3257402005151038	-0.009241983119376518	0.0906014323353086	0.37790521626534707	-0.21945974082986114	-0.12002271820806941	0.30451146905932513	-0.14718853670855242
DTXSID0021599	-5.217579271513493	-1.9634226399390038	2.2313696123408153	-0.9796610967252798	-0.7311297202170913	-0.7661881518135902	0.8233859226683995	-1.2478500483835102	-0.043016410921446306	0.4766370347555366	-0.030404506599511927	1.5396952824427736	2.014778190169555	0.116954557463903	0.43055738560326656	2.7998108425215027	3.4083984653095745	-2.522682327067626	0.9014816157590828	1.8064985654226382	-0.9535707512726457	-1.0043474909504069	-0.6895969878949637	-0.22170587972226197	-0.5460310308202234	0.9559220230687752	-0.5645904676860185	-0.3152311486737469	-0.9202625132659608	0.7985273562014316	1.1700926041952235	-0.2555639768805798	0.3361444979121815	-0.8157080890881808	0.1941462238946972	-0.713747951605372	-0.6679180041658968	1.0635140346380734	0.15657947312513432	0.75734048620929	0.8578597954340479	-0.09022883317091789	-0.9231479562304827	0.04103364192721321	0.546652914872612	-1.2124909301458426	-0.2920431933884011	-0.004003888351708065	0.26834038603467525	-0.4628404130436947	0.28711819195960303	-0.1947162671560631	-0.4086857738747934	0.17548888854881367	-0.6309206068800514	0.13771498693874012	0.6485978968945426	0.32923333973242513	1.4173361280945564	0.015510097201096142	0.4973462016541052	-1.0151345015931341	-1.3411515273641417	0.22489547355842457	-0.0502735302138319	-0.3172879036231927	0.13737574385486293	0.7672743021081662	-0.07158564025360578	0.8226982658071779	-0.3498048026654912	-0.2793301034796397	-0.7707421556049122	-1.0306070169424326	-0.8069214135786562	0.03963570057893204	0.5710410935598774	-0.332121776311783	0.09446948880281013	-0.010205990261534733	-0.10486189835229098	-0.3622271020742901	0.2552784138827487	0.008859301468279759	-0.12161296943364959	-0.179590142621815	0.3103691231935471	0.16581481785867302	0.08592909939272478	-0.021558654800737563	0.050474785003630826	0.025611025537850458	0.14881710421391836	0.061921095273691926	0.021863952396554732	0.27866827697408303	-0.39222261622014243	-0.0463494765549043	0.20388558504481305	0.04052757126390554
DTXSID2033314	11.161777819338138	5.225210394357169	-6.187585910797351	1.305501712836012	1.7173801888547202	-3.9168321612644905	2.8913256991435787	6.481513515342322	-3.2860173385502973	12.613373718415028	1.444578342342345	3.7194630823182515	9.337446127821705	-0.175462470310398	-1.6611919117133556	20.11122968926172	8.562399505795048	-7.001804914018235	4.200631637144227	6.201305490593231	10.075218629944132	-0.11241119003404124	3.731211492843392	-3.0784591113275828	4.985955716884252	-8.346600096836953	6.357653274256072	1.062856425956683	6.695041987038818	-3.2790910110053133	-4.6318777313123585	-0.272445885631943	1.8578331563756953	1.5363514067101436	-1.5879302003451365	2.001465591831803	0.9128018999911921	2.791025558997736	0.26596699232262044	1.3496643698225854	-1.0347234835427486	3.119610253071528	0.4604011018388931	3.909377087063183	-1.2404132872442466	4.508173539772518	3.5717996856042147	1.8746693624016892	-1.708710082581786	2.3756414561847925	-0.47383895537738935	4.502491837590398	1.396675234098341	-0.1717951379104083	2.309677696812765	-1.578558981196085	-2.698609144917522	1.2637006651226252	1.2833810964621803	-1.6143797262864488	1.7734291289012192	1.618353237598297	3.5279252218068557	-0.31810807884603814	-1.505391945291932	1.6617730327794704	-1.1144030406695153	-4.057003209120582	-0.6106247773634872	-2.5878325763428522	1.7276846058758486	-0.09292091995899908	0.48352074497157277	1.4181991229614412	0.9571813876654938	-0.8604842505029907	-0.2780934657290307	1.9101682484570643	-1.2690754584156336	0.48707619735844615	-1.4647253224184527	-0.5952160463532462	-0.48466644564931627	-0.979968463856482	1.2716089274382065	-0.004954921887247469	0.5384201858270082	-0.32498007921293576	-0.17954420033159768	-0.5808414151041843	0.019615944309868585	-0.10357081068047043	-1.4571113819436	1.3584267271981487	-1.139447988411133	-0.07714147294791637	1.107140201223472	-0.29750070774929155	-0.45045236433431973	0.6652161078716657
DTXSID8044414	-3.5514537960784085	-0.18226361942708627	-2.453783109496046	0.8197612382579748	0.24919934948866687	0.4259326646461992	-1.5500882465946912	0.4114297144577977	-1.7577453668948264	1.9045140019338567	2.862448376286314	-1.3556557714208801	0.8447073432495258	0.8113334142844627	0.30977140005100645	-3.41053988838104	1.1860128941508816	-0.3880601423370717	0.27601645354081383	0.4783189675687215	0.8891509485039105	-0.13552050956467254	0.2669799051633495	0.9048587562579857	-1.0225884537287317	-0.4573183366939482	-0.33820906763253467	-0.07917458712989565	-0.22301528798581377	0.1916515609000857	0.23700316346231626	0.4812541648619001	0.40908245239704316	-1.4349007566776206	-0.8782726456296525	1.1961604562381107	-0.8431275073735339	0.6578839526545588	-0.8201144562982923	-0.15090641758998713	0.13592608456260716	0.008577329433390454	1.5482297145527626	-0.5594659976362661	-0.10836778855636701	-0.32130293744197913	-0.5218308013123706	0.8762338030880794	-0.3744424443448776	-0.2512078767814271	0.06433407354587657	0.7594040663040907	0.170906386448877	0.44050079138457715	-0.1526339384947483	0.6121857641331373	-0.14754185139996281	0.8236736109956541	0.41304785812800204	-0.016360035216950126	1.5297059535275606	0.7976651669550076	-0.6984951566879521	-0.42380185110725754	0.6857137916355956	0.33482415965957063	0.511770189182143	-0.357726425597734	0.3717561211336943	0.5022304936565276	-0.40488485337880403	-0.2550939902624566	-0.09491236704269668	-0.09591402735986239	-0.019981671651336682	-0.08642608929166892	-0.4130869176485533	0.4252755226787279	-0.21215072655207157	-0.044824468919779877	0.19832630799932938	0.10786708726355253	0.12372578488031845	0.26349458573595297	0.17349292954786844	0.14443542235140797	-0.16501932520725918	-0.2510555691552247	-0.0011787814538191284	-0.22031198992139378	-0.08930524232255027	-0.3050997614502277	-0.13724886344275378	-0.13225048636784797	0.03680424197616115	-0.44705397969361055	-0.07741064927064814	-0.15789994724430093	-0.1388129547588838	0.02139686943793046
DTXSID6046260	-3.2686074649258003	-4.268372812450839	-1.7918969544967733	1.4997983337401375	3.0691355983501345	-0.9404967954907734	-1.0298880206602474	1.0863976082042484	-0.26857539149913806	-1.0567264418376254	1.5482052202953753	-1.7022648381101138	1.7527940201815075	-0.574463973718995	1.6150777896161992	-1.3647300999392766	1.186955390814618	0.0014732422715371233	0.21418250818152068	0.1436340049693794	0.4666004021574974	0.25758846437299276	0.7490285591910688	-0.03811733897810872	0.4962986411557296	0.41564886371560217	0.6241253757013178	-0.2575588582515489	-0.2614665416829945	0.4972019820296924	0.015598123342753858	0.17198909465326667	0.1843028518241732	-0.2559411000718266	0.2462472337791266	-0.646773972106518	0.29683724308360765	-0.3613799447733952	0.7286459051537884	0.5006423577317082	-0.11595429864245728	0.6437478963421549	-1.156562130713406	0.404083346251433	-0.04350712284444259	0.26493284944321044	0.39338602340288154	-0.27963275721977626	0.13716114985816283	0.4657291343869841	0.17649333266201633	0.08055880247183236	0.009165792996637693	0.20730508221508095	0.24439351739236362	-0.360935258035142	0.29801746820671304	-0.339394527030218	-0.5980507006632304	0.5142337964587045	0.12146927156201398	-0.19231301213582713	-0.045608982304500806	0.21813691965759988	-0.10954231334865301	-0.20386774940682953	-0.49066303652752996	-0.30868784658221715	-0.062489708721539416	0.5052887309035645	0.3836367976671488	0.40648115030625637	-0.5302367588727411	0.5658801149865813	-0.22666601241346163	-0.036346555594216866	-0.6869316650625998	0.15663686859803544	0.02712928822694539	-1.2612412970622693	0.3340384552502401	-0.5972917733024353	0.10301014816674611	0.1734668564623598	-0.2717900200547202	-0.2423454775781458	-0.06520263241442734	0.23838310155522557	-0.26624891645481347	0.39084533277141903	0.08674681883286092	0.6583368130169042	-0.4255610538291182	-0.32737075029277063	0.4127114563872982	0.5769401774711723	-0.24371556263825983	0.15561458452517357	0.37610408230381026	-0.20938777676222198
DTXSID2048903	6.070488608668664	-0.7227302702947438	0.6492241704128324	2.2612171226991564	0.10511726920577334	-0.25967140113286724	-0.3782135048813385	2.666881888351685	0.9670130237815442	-3.6484459896859587	-0.19060684030050729	0.5802776501750743	-2.1295596009740367	1.8599595063870258	1.1931268503600712	-1.376942541446825	-1.2193304736548998	-2.153661640855632	1.5497260460076043	2.244972146567138	1.3445918171498705	0.3256283025885931	1.3525049334059525	0.4737564290835411	0.7291653293065595	0.3407312380487888	-1.4000495172035778	0.11634310519281706	0.007197341802249027	0.4399321536045931	-0.7856918118133193	-1.0493458654888406	0.27266867641981735	-0.8459869364337776	0.6108718726827453	1.1184973269904663	0.448154353641042	-1.683973718329211	-0.4581546316491082	0.5075597370154484	0.4851460963645954	0.41714251425532306	-1.2752306234218396	1.1473479686804828	-1.041837653152012	-0.5179889323084242	0.7736414518133871	-0.7004761112324214	-0.059997206929112465	-0.8622932005947715	0.02957153092217136	-0.27098858201524106	-0.3600218594041221	-0.09792571988350368	0.9631890812644213	-2.0177323765306894	-1.213793383737504	1.0157363332909104	-0.3853057933265855	-0.7224484482858181	-0.17447782853172736	1.822436892260667	-0.9116731854152879	0.28458946597021634	-0.7326285828968288	-2.0697167991376855	0.6188395320970584	-0.34677471936178006	0.9772213901120387	-1.1601701941288054	1.3102267834495946	0.12982248236540225	0.32545612339293506	-2.0393036646222904	-1.2693573765590036	0.3524118090286068	0.41130177026033155	-1.2222790103799444	-0.9045339344615577	-0.3109424540996201	0.5543082248440964	-0.039113668018711516	-1.2982361534529945	0.6466952133976758	0.853767420582567	-2.93437717821573	0.7062415996544086	-1.192973970468234	-0.08727554694147688	-0.6262814410038846	1.5950564008542056	0.03271870414189623	1.614706820429316	0.008751551101087923	0.7145779097125929	-0.8439863660539999	0.45242483482425105	0.7476980783816588	-0.12734672868870972	-0.07515606117235311
DTXSID1046974	-4.137476629317966	0.1209938694439657	-0.11490975628813539	0.6759379565311456	-1.8308296738737853	0.3727532054868987	-0.6772138454246823	0.7839504120227243	0.11788923124413567	-0.17451335490581182	0.3515541269358497	0.12627057318001592	-0.31522054248945264	-0.04517526220125513	0.3761753358298264	0.9568334958053999	0.5572604561739244	0.2954250082313752	-1.208827031555635	-1.1028538469278186	-0.14808065176948243	-0.6449144696501018	0.8444729654557492	-0.42737518889671194	-0.281338614508302	2.4288953160867384	-0.37653214928241024	1.1222133159066796	-1.29398047476604	0.7312762373040042	0.22025788422506182	-1.4308684362108361	-1.0113206139656892	-0.40150833506539385	-0.19096012815826738	1.1365142405547604	-0.3295670111326912	-1.2504112411596184	-0.34725916364920645	-0.20680328729563374	-0.014758223050429661	-0.011598843303400117	1.598741369559826	0.6680830086193736	-0.9939661688819666	1.690475415586657	0.4677861839134314	-0.35124386082066716	-0.11893322724383942	0.04830055220594732	-0.17577091717459098	0.13611302909073594	0.5762667138339892	-0.08102142845570327	0.16109819214045146	-0.8551085973548184	-0.5324046389423979	-0.5347212708409433	-1.2915880659565906	-0.5867152143445158	-0.13536480009510887	0.4154458433346977	0.5634786529723638	0.7699230199513335	-0.8305020568928667	1.3524688390455424	-0.7919191929370403	-0.13628654978033825	-0.26705865580995025	0.5150687722506223	-0.601370570466074	-2.0966577772906474	-1.4864033659219642	-0.09144494816602784	-0.8192981778253154	-0.8167597230891432	1.136293154151822	-0.13053823949180632	-0.1451528737662854	0.3652171239392826	0.5558383161622998	0.6262471565967438	0.17624149748628176	0.2875259637295024	-0.12894510582943197	0.04085615649119583	0.18776358892501058	-0.20620160070427335	-0.32522132164207146	-0.27168487576753564	0.08691746637391108	-0.3500908174059287	-0.2728259632454339	0.12494143489573105	-0.2021952196987568	-0.2383025942467979	-0.23955052011565675	-0.17973836432467924	-0.21453399179507718	-0.2027855107366287
DTXSID4022446	-1.084951423241134	4.822957631724656	-1.6203066821782128	2.258443196898572	-3.7248136123268942	0.3455234019249442	-5.870369671398221	-4.826282361745106	-1.2733316755009285	-1.733798220382624	-6.470715772920654	-1.1169710768977925	7.598025732965111	-0.05315544904894261	0.47090901278462505	-0.1243713550699496	-3.0404535142880285	0.6888178084520865	-0.6049677732736995	1.3710870743324342	0.3825871691709577	2.0847112997441695	0.04048614349816379	-0.668246969492747	1.681761786036427	1.1509676164027143	0.842566625833229	0.3253643787320309	-0.19221860317079897	-0.009683652218277987	-1.0565072286779391	-1.2539777074012213	-1.7095195856518814	0.11795391171590058	0.030751325948847393	0.48940574729327463	-2.1225185913833142	-0.1425987031171668	-0.49206356147374264	0.09218649149585965	-0.1839584788922012	0.24371489930555046	0.13417019793588408	0.39225172308005096	1.0479981320472347	-1.0338411576698778	0.4544371880355489	-0.7422378289048949	-0.27210727010659563	0.5123283924927358	0.019009380742937003	-0.6918324335207576	0.9336662758803191	-0.0232375897232694	-1.1067363673940118	0.37246873169270833	-0.14837092187867196	0.13055118467202192	0.15158597650901767	0.38075513776005027	-0.8874495697651892	-0.512715018453389	0.9993989214748489	1.0533517421873897	0.34497097663850035	-0.7075289187963317	0.03470335656438439	-1.0572486439486546	0.04123027245857643	-0.8018162499141473	-1.2326143155664195	0.3707128077158336	1.0352677141847748	-1.4280596080309036	0.01951859832272045	-0.31134668391205045	1.182285148167293	-0.7123128833211134	0.2527724735868517	0.3430725249230704	-0.5435836511959068	-1.0552433010788393	0.2602117134159693	0.3263550406886117	-0.2327286031538002	0.07412570212171336	-0.9059077188599909	0.2899303683407885	0.6908519420704099	-0.27942686578757303	-0.20335368257977093	0.6395857786925961	0.36579201929024646	0.5704090070493915	0.1734633033698681	-0.24670391464474067	0.6429123684062703	0.041111207402782846	-0.28409471472580594	0.28969909859424303
DTXSID2049268	-1.1247540363823536	-0.15765230902714153	-0.09714011504788941	-0.8701303291283667	3.89917083228825	2.971930286408537	-2.191826856119082	-1.1180440405389116	1.6632425197417506	-1.8597150189460847	1.4540476493843173	-0.5088925629560247	-0.7850871269357117	1.7889912648094484	-2.7703838600557034	2.0119316312535394	-1.8916059761630895	-0.3482563518315173	-2.6649092996410615	2.166411872563128	0.3773848193674661	0.19281295650088792	0.8231606466358311	-0.5872312465900027	0.04350005555664895	1.7058591946818673	2.131839082973882	-1.3334824052269871	-0.5493870469611756	1.0109202843289475	0.7842733988434767	0.7960417364962502	0.31394881778268624	0.5517232920583945	1.2618976886838358	0.7294898849076646	0.1915495986676763	0.5662378643199962	0.04804103517750029	-0.1835567762428848	0.8627042044825397	0.5209495715374478	-0.6394735628988233	-1.8372881798819864	-0.38086067684327407	0.49173593146229094	-0.4094248427127041	0.8024690779606055	-0.7552547065686039	0.221431625236002	0.030927265998897092	0.7538206797734176	-0.1909972663065779	0.4250024429795097	0.31231095378950346	-0.0756872913664931	1.5131264518416223	0.7371310155492429	-0.7220389189704806	-0.29762061591990163	0.15688241211690326	-0.17986290405742092	-0.6400977533695278	-1.1089450729102448	0.1543000525874466	0.8615875646000533	0.5322718288768039	0.0363417782055874	0.6281649045623899	-0.2517042172906688	-1.309848150950636	0.12204259012957337	-0.09434384642551878	0.2676456122916682	-0.41246946453986666	0.11195567523345197	-0.5569775158398202	-0.08616020018728165	-0.21855421339405137	-0.5481517392963935	-0.6007687724912987	0.7210389764720966	-0.3845949054854231	0.9090562566483604	0.2836453769981761	0.09180019736538916	-0.8063830126764087	-0.32166326554784874	0.35267993979181633	-0.19881121242937627	-0.5283647661437813	-0.7572904887903388	-0.3225472811939439	0.24235919728400998	-0.2596089970281717	-0.41426276283578883	-0.5776447697220225	-0.5777876002792658	-0.3047756118929189	-0.20497120270862002
DTXSID7044132	8.504790079757518	3.622956993176408	-4.077649529113242	1.7146400890735423	1.9339430159904294	-0.48012863248992305	2.411879553888796	-0.3801090414627471	-0.2734026165372669	-1.95606861700891	3.099858887821042	-0.7079552771384896	0.6013247160101369	0.8000166381456079	4.678964114534623	-0.8738641733438405	-1.0120547462784908	0.4384326781898287	-0.5398364924132448	0.659031106887092	-1.0763339657456998	0.7926854552769134	0.013257732787431102	-0.7620227035441745	2.2535239733127472	0.11214894128034449	1.5099881639317703	-0.23425181506542367	1.4874105425912847	-2.772022059622268	1.5734262180918583	-0.54552671387246	0.12693190666859516	-5.803963404586555	-1.4166119462283193	0.2637530746390892	0.4188505119104821	0.9427712124172485	3.6843227965810983	-0.39913363049732603	1.621014185973312	-2.1499290413999095	2.135304489267387	1.1211033970830426	-0.6571215628497823	-1.3860850190624954	-2.036721429784981	1.846274653428705	0.3606404063950911	-0.18655210790910948	0.5040733088164581	-0.5572034086121642	-0.06045316480545999	1.0371142485073546	-1.8377791565381238	2.3053983566963407	0.6935840856409358	2.3098740623372076	1.2805471711277456	-1.0055634068240382	4.614856987934492	0.8128289699838008	3.603937485208601	-2.896296333088465	-2.620231946430552	0.18448345329263668	0.7176495743505974	1.674718619451864	-1.286264831082835	0.8044611427506301	-0.00367448918037968	-2.558320694697381	1.4611434564216959	1.0904619759716472	-0.005186065310148866	0.6914959611962593	-0.8954149278196085	-1.6913925522948559	-0.7358867269323051	-0.910644147581006	0.20159917412359118	1.3212689065861092	-1.0665010169105196	-0.29278583600591407	0.5950064418668531	-0.31223101478723475	-0.8595892923522754	-1.7552717122391275	-1.6768881194683043	0.6587593799333528	1.132329314781454	0.3091070348382359	-1.6595728755125119	0.8729388185399911	-0.5355048610289956	2.283780733363666	0.8605889114163149	1.3805194435469053	-0.10808661398028246	-1.226981790577992
DTXSID8048949	14.534524701762757	2.3247118272798346	2.4995031175905194	2.375489495072879	0.9997692735936522	-1.4502943369108041	7.2232092885790635	1.0946181906998251	3.0116680283039705	-0.8650359745339151	-0.04989863820113176	0.08452548883571002	0.773879012569093	-1.467939513973631	3.204667833035575	-0.62554357421359	-1.99705864226609	-0.8383409015813721	-0.14600610211755352	2.1024045542748127	-1.0075234893090619	0.3499446696615217	1.4270879330692734	-0.6182508682025838	1.6838591249342623	0.27101231471145387	-0.8114627914332494	-1.975387384611496	0.9766021168425154	-0.11728058111559615	-1.0086260800283888	-0.7718315066978482	-0.9247464464151189	-1.7277226520262048	1.2717085487343844	0.9662578879230989	0.8217803954992623	-1.243038071466946	-0.768432742744888	0.11189615745785088	1.0317148314340074	0.9230566371413803	-1.7307059408021	0.8851029520739637	-0.09730096266759067	0.44049377899880193	-0.3698327774817471	0.13583430754852283	0.22576939230911278	0.17852530065935562	0.16825809348335732	0.17267892452009864	0.02907661230697812	0.5973288405090602	0.5155754922185446	-1.4078929144168553	-0.7097661757213721	1.702955202985504	-0.544981376075216	0.6760701686870982	-0.8569791823554598	1.8855793108403442	-1.4261410669855032	0.15330704927142494	-1.019103901402821	-1.7644133999070686	-0.1872979430029366	0.19254759216910786	0.22420533173867127	-0.08139523752835383	1.960800597756559	0.26366457431525286	-0.20304982145325193	-0.45829655699301575	-0.014930529398434976	1.2631104914530864	0.14993739495674402	-1.0416549912508246	-0.16039154420774784	-1.353558626562955	0.6777884291344574	-0.9570734943364773	-0.33717731539659246	0.030678441966963798	1.0559242332696779	-3.989786127914777	0.32467724987269786	0.5619228307882618	-0.21767441903132181	-0.1845487080515338	-0.5334891894998304	0.6577358059733185	1.8078890338101294	-0.7015696810613047	0.9173642476061759	-2.2848757846323107	-0.49657935871527953	-0.5142223768094711	-0.6076709895437427	0.03640967110961625
DTXSID5027146	-6.682094413937598	-2.560031477435883	1.4228728320158606	-1.6211393909849565	-1.3629489556483814	0.5230302187526396	0.11858701389030565	0.30251820351803743	0.5586327904687434	0.3327790269660953	-0.3076774602136161	-0.02085481119062276	0.20488075589164395	-0.35870652777215456	0.4660440027834399	0.8396138653462668	0.11503554635533415	0.07187561157502148	-0.6047172988600087	-0.49570132267806055	-0.11516343240475338	-0.015178004196066585	-0.2289502132722039	-1.324293157399246	0.784625425513008	1.4908972537349698	-0.9603721226037073	0.7136059499532921	-1.4722580780483356	1.2312509452875262	0.8368039224059596	-0.8873122844191639	-0.43574237707732993	-0.08266350502646418	-0.493669005734068	0.8029734670432201	-0.3157128640994249	-1.6709600576629386	-0.15076571129773736	-0.6326607875918628	-0.28119412281963124	0.15405382902551862	1.0943398558124504	-0.3676048666734052	-0.683463202661693	1.6930099857215193	0.01633966855857652	0.11837675057718876	0.18086018202766513	0.1739601122224342	-0.20544841031686628	0.0023236783405466512	0.25645125442046096	0.05472343887586598	0.5389652861848065	-0.32826637957184696	-0.58589233288781	-0.4411461508375371	-0.9487206551919625	0.08618416217535611	-0.37987343595366474	0.5043791386352086	0.8196219713612998	0.09637737952445606	-0.7285362607418102	1.3094929241425504	-1.1782662600934726	-0.5786403531553983	-0.203786117857727	1.4326580511891907	-0.166561622824297	-1.5992126966907974	-1.4482063099804507	0.1501503835720209	-1.2168291575212526	-1.3430683830252566	0.8053215066947875	-0.06205413287936461	-0.5780920891442203	0.869924812967039	0.5917825320133989	0.35475153374269686	0.1777101248281216	0.0981891922784618	-0.05316493517358284	0.14554724760512186	-0.6198896946406424	-0.9020734049951152	0.12216656316272606	-0.017407320717275517	-0.23871115330396037	-0.27529125200375304	0.06437468161387949	0.2289024564595196	-0.22405157908257034	-0.05815139018687146	0.32329486894049686	-0.34391837958925564	0.05118289148904764	0.11504157991271122
DTXSID3045223	1.555912705096073	1.5981514731843676	2.49531288860593	0.8204536071948857	-1.2683166288075207	-0.9421101120749502	2.3945444562971443	0.42236732400836574	1.209984556219357	1.2144711644097295	-0.4748234568027071	0.09392481857875021	0.16595078504257083	-0.5455030873391989	3.132349430941732	0.9337195246192287	1.9425307939230534	-0.8050151194987339	-2.460675109352136	-2.076459189940779	0.27578180368196686	5.919399989047175	1.7697277122087074	-0.04041907096423829	0.5227424810649526	-0.542069384310257	-0.35816826322873674	-1.1418310866997199	0.6251855108991322	-0.9436752965774131	-0.5368245887102213	-1.7070424027004754	3.7448993606131613	1.7221892287038227	0.5571496610509604	1.0861653960425612	-0.33556631188130137	0.8576956666985897	1.9787145492705742	-1.3834506216793554	-0.21720934428986613	-3.6876150465751945	1.5629848376100977	-3.4461468449344794	-2.8919404191757483	-0.4831253452401874	-0.919264103858224	-1.1354181398542882	1.2963246960240216	-2.5897672326354155	0.5909642821163686	2.3016368052550145	-0.9781665025887748	-0.289966201377152	-1.716678508748716	-0.2748979780221147	-0.9243643259715029	-1.1914283119846896	-1.5994306959310784	-0.4252948036458728	-2.298910353031046	1.3832196305770437	-1.8970692314576882	0.9196953554492933	0.2156556677984951	-1.5402787470677606	0.11587243001618507	1.352258358569057	0.8808649620908076	0.6180417964306092	-0.45680981381661134	1.7858474478159405	-0.1910977362887524	0.7461228591147663	0.20432633760587937	0.6277678325036984	-0.11740979993319314	0.4312229794832133	1.1187083037055787	-0.7273529212140772	-0.49771345442406584	0.2852046245844291	-0.36572543976577404	0.3885961486936741	-0.019986760220366558	0.0019176884357231731	0.12480961263117035	0.4087852210561015	0.33622999119380326	-0.3528871807271289	0.7905573722093472	-0.15987775992995862	0.3855064940677424	0.46027108728760696	0.1582194091589643	-0.8954048554826153	-0.11284149189255678	0.2731744397026414	-0.26684494426618754	0.49192710830662123
DTXSID2023309	1.763279009532619	-0.07575753508787811	-0.17370807791567489	0.12197180009644655	-2.4415368018168726	-2.6031057908857584	-0.6274118317982094	0.25392374489794045	0.06670262339033217	-0.3741594493251284	-0.8999937040320907	0.36214148230518334	0.3585069630975359	2.7124698113924053	1.055179264895946	1.135887691782212	0.3152411629401427	1.5805246576788454	0.6793907510490184	-1.8475624689544354	0.09648978722199768	-1.0962195009111695	-0.26288844420578666	0.8656839870105658	-0.11368106553127985	0.17337240244999216	1.584967388193719	-0.33436659705704813	0.39069212597694375	0.1269423362242591	0.14230699606689237	-0.7657828282373653	0.10106262111167108	0.28228339081677706	0.4509596868934389	-0.13916044375669265	0.4762896171714152	-0.171763035075903	0.04965087073860845	-0.39491851706995607	0.04402250318788592	0.5542736157581627	0.22541956285132617	0.5195941304067138	-0.8433375492326459	0.0675170478837393	-0.15267359577135847	-0.4841848150451785	-0.20170699534791783	-0.3967325951892236	0.14867383985172405	0.057527990665419804	0.03421261824506995	-0.02645164567964737	0.4323130598995542	-1.315032762774717	0.22436570697199384	0.09378240275629376	0.32662377649228863	-0.06382647829828351	-0.06065658721256619	0.5071007238900708	-0.8431021053856893	-1.0326198513541947	-0.29853457120102445	0.30797220851752255	0.2787144677136782	-0.07520111985233692	-0.16612103019190633	-0.19863428898252553	0.1616930403138817	-1.1527871900456472	0.9007884823788801	0.18493520558266424	0.5207880370918286	0.9147434204271042	-0.261597398952445	-0.23755283584747908	-0.23090808924390382	-0.07500164382089994	-0.1520754884955335	0.24871019561636126	0.5225427976173269	0.11796225236545392	0.2280680851773902	-0.31550189920472627	-0.034639770073802596	0.30892403122228407	-0.6099823571527953	0.4151718652044083	0.2965883961369466	0.09408803477421109	0.2628221462875623	0.16414582622713644	0.19775575312855595	0.1776761218104276	0.7490912120868243	0.09953231405371435	0.8319108347614241	-0.014921999888105117
DTXSID7044926	0.12717025247318767	-2.1444604401982157	3.1368658473618405	-0.32074358213910353	-1.3213793218479828	-2.0714540272837443	2.3885352184536637	0.26472876346072344	2.068640625930939	1.495060036410957	-0.48917371833276313	-0.5599540563628529	1.3037985153656133	-1.2339109312068346	2.2465569401886416	0.16666550853650092	-1.21604871438878	0.35313845249641834	0.21179452206890345	1.427656361921498	2.6423827486055904	-0.6053319518215037	1.258323211801392	-0.37266951359904776	0.7762863935208872	-1.1080087250795516	-1.0345148307131071	-1.1931778228274579	0.48459723415616396	0.6415881441168346	0.02395072511254292	-0.9360988328301616	0.3065154944565312	-0.6436387582343148	-0.484757939760161	1.0729684292866826	0.9655740877117972	-0.28054589795435997	-0.6882861732246166	-1.3998698526358768	0.9662823821522696	0.35592817044325914	-0.7796408484592325	-0.03743862562473243	-0.25910532911206	0.6619698829842586	-0.00509069480093237	-0.1708291165099664	0.1375857490338499	-0.2299976769586351	-0.02103913396024237	0.05580385027022208	-0.30533614797684694	0.7143092683489486	0.610047915854522	-1.1026036215816484	0.38149603528219905	0.48134087225376676	-0.6176827448904385	1.4529150680901393	-0.46510930271791034	1.39978554577283	-0.7838011642830982	0.2613311565935517	-1.181332659880468	-0.6732762634926509	0.11600127280079102	1.10260409708762	-0.03245765372647134	-0.09356747725826951	1.640158023465191	0.5158229706317264	0.786939594475089	-1.534066682675028	-0.24897341330679185	0.5281632734267134	0.7551330964573477	-0.11987768493105348	-0.6983974428328712	-1.3279111600473625	0.9311386891962589	-1.0866529720422748	-1.0008103801155803	1.3315448145476556	1.3480964922334058	-2.584206884778901	0.02167217897279972	-2.2692133861388126	0.47282395841086056	-0.0709471137128221	1.5171676615225513	-0.6300147534162667	1.5619938491095573	-0.4262049734142652	0.35339707166199996	0.011929627168010546	-0.6037220257681718	-0.47367996915669586	0.6196682862085658	0.17615437562447245
DTXSID2026997	-4.279032078566107	0.028784635702035783	-0.17620824419988834	1.2626135838594799	-0.10296789257413422	-0.3619172214929725	-2.2501154748494243	-0.3945158657798168	-0.15588680454243556	-2.052677681113248	-0.9412089317482187	0.2812592913575584	-0.15982421341949565	1.92215581764786	-0.32644936645972217	0.12441826676970603	0.1378665358977272	0.023808441834299823	0.5168238808039881	-0.16365993894242134	0.19323989314517004	-0.6265466771522392	0.18224014210396058	0.7523172189750807	-0.40975727272130863	-0.5891102931913677	0.6341461022285805	0.4141305147842309	0.012761834146917105	0.30444984100720224	0.9064707626528876	-0.3078380625822848	1.315560206549536	0.38361109014825356	-0.19599977123180584	-0.2962950064264835	1.7990764112355366	-1.9673799279996687	0.9034493145158385	0.26972132990571324	-1.5477936240490384	0.618623112325745	0.3016495110132092	2.133026822479724	1.5997525199638791	0.06653083913812102	-2.1176248203912142	1.424567412738225	0.7701495125897873	-1.2985879748245848	-0.31915717306932684	1.1681858726780412	-1.995357668942009	0.19942108720197374	0.5470401973249331	-1.0022536272904272	-1.908250818986399	1.3412677524044363	-0.04509890325470154	-0.7972373207627897	-0.7699079872497452	-0.0928345489472168	0.13373750504524826	-1.1208700571511496	0.7439221246826597	0.19467207897635072	-1.2975693198986644	1.2076024664206322	-0.5255939782972867	-1.1630228441901749	-0.08153065051333146	-0.055094173896851034	-0.48043321935822764	-0.2552365175552527	0.25097677354567943	0.34048384907268336	0.4568183678843165	-0.8169375129719139	0.059833264509013676	-0.5970246527824399	-0.9332172274359593	0.06029946197510221	-0.40653556411583053	0.2704663182802148	0.4835862062755962	0.3537025067655649	0.26695117864924467	0.6613185267188403	-0.14685651764653243	-0.2216039237499587	0.03392288118225178	-0.6828079457594269	0.04961059489658745	0.16207424776112286	0.11733117954327645	-0.22634811656228215	0.07802033722608061	-0.041956871424863526	0.4111219841930815	0.21177457676486372
DTXSID3022536	-1.0774898211519917	4.484640437299166	0.8353236602991578	1.2298244606728597	-2.938790005986472	-0.06791508618980897	-3.27896078840414	-2.869768325538577	0.5618496380296979	-1.003993286386632	-2.4928219713749105	-0.8014966811143553	3.638190176991211	-0.8158310527372016	0.12145996384651844	0.038928550476571504	-1.2906787783091096	0.3075095145430866	-0.8670957457554749	0.2325242751570833	0.4205955217355126	0.6054120302974093	-0.019159847431844658	-0.6536601563565844	0.8316035787395502	0.31578635315666287	0.1870694231931037	-0.36767321666561553	-0.2393467585132169	-0.3929435416218358	-0.42550940834173634	0.20964810300728393	-0.24344371635978632	0.3755378060129426	-0.6438637472837966	-0.2688032371478874	-1.261643992957064	-0.00024921757779913475	-0.5121018973713302	-0.180485588067626	0.46346218273417455	0.45826103088422493	-0.24595031097281866	0.13871220573948995	-0.4171072842758108	0.05846885628553938	-0.0511515785601033	-0.43417960125504246	-0.27069529288458405	0.04097966711269194	-0.11012500297762136	-0.37466295454482584	0.17156529295361184	0.14816073968843546	-0.19509404122260235	0.023145214971287076	0.31777368394766287	0.379879420797692	-0.7343074354514788	-0.32917402022580367	-0.049469240940392345	0.3739169405541306	-0.028747405504085593	0.8497240826079068	0.11906588589559174	-0.7967453481646235	-0.2983456194690118	-0.029892062585916288	0.3915894598253065	-0.5718919873673614	-0.5183340057503831	-0.542689681776893	0.7942945810491612	0.012779172891312413	-0.43972727111334625	0.7690775784291425	0.8841214178600413	0.5093820962328036	-0.014600544908573161	0.03470838491152873	0.3962895641680516	-0.9618772708863571	0.22281566311181294	0.3945292888220315	0.3273821099842338	0.38859685357685114	-0.5844753880571618	0.3792269888072353	-0.08414832647136625	-0.220521317033486	-0.17501360914870237	-0.05754369320362752	0.5380036316279688	0.3844838504045733	-0.20771983849627934	-0.06170748254708634	0.23594431542518562	0.14504594476036048	0.07098639872497772	0.34448591037971366
DTXSID9045132	7.32902297397589	2.6349799086041794	0.11540706745387969	2.859499233806973	1.5763636216316863	-3.3581666869749327	7.504884680300774	-0.47389339364652594	-0.5628072831792714	-1.4925562176769844	-1.1594138140296675	-0.7624182110763336	1.2421430815176153	0.14745571027885088	1.226899067674806	-0.3766303358223409	-1.3954378608980618	0.24696800552735773	0.6995057149691406	-0.10783833594071077	-2.8736011557697148	0.051572501360182176	-1.3876650178817844	-0.66241018382431	0.40682192336190226	-0.26799738938419676	0.6073519503945628	-1.2128811799133201	1.589519030845745	0.02461493434597442	0.4651658454098878	-2.3272609966887874	-1.0508710581143732	-3.2124017091722266	1.7220121685716159	-1.6029164440330588	0.43635765489599937	-1.8021340391305078	-3.4775878758025764	-0.9916304580205452	2.1996803626453443	5.251930582683346	-6.660665060700309	-3.5147839798085667	3.097914613504579	1.0865172324187975	-9.314081621925215	-11.780418322999264	1.0328655085049445	-5.605649694500072	-8.837985769075537	14.850217960632282	11.45117950327374	2.052887313534403	7.103318680775944	5.488654787847875	-5.868502859453097	-7.968221663493194	-0.03822595686521373	-4.081130989047101	4.877432473476213	-0.9166051673120349	1.7257249646029131	-0.4140885636314638	0.00852006857513005	-0.5803837461414233	4.5653278684262455	1.7610832340514833	-2.0388641141092076	-1.4220529660647134	-1.4053757951842238	1.3375974228810452	-2.1651662993406906	-0.5093733407421835	0.18961989142281258	0.6491802203739724	-0.3540287506576728	-0.9431761708445836	-1.3808370222964452	0.006175341364765687	-0.602239231395663	-1.408338746390148	1.9069201974796477	0.9830801561797287	-0.5266367482015765	0.07395410318228367	2.078732910802383	1.1496020640012412	-0.004170781841333418	-0.44838593329875454	1.2822328665705414	-1.2683890741245916	-1.4072189907113613	-0.11570801727209598	0.4419949666035913	1.3269371483631807	-0.7422294077063883	-0.7229551985828799	0.6425566438319139	0.5287011113527307
DTXSID50469320	3.784648614277594	-1.714568422153234	-6.631382371307085	-12.498686956354131	4.066903893238472	11.552700102436287	1.7525371307063924	-5.9392128843487475	8.828843460012239	1.0493200267401788	2.635853076963509	-1.3175188947866014	2.664357594125967	5.712480406966961	-0.49881606784214405	0.5435756857299421	-0.45683998289165584	0.6032981381915697	1.574592302324959	-1.0534809117891146	-0.12723284639772914	1.082037793263134	0.03152018825362105	0.20587193288221517	1.3292898283679806	0.5945649018544428	-0.4880118256106647	0.02065681242589412	0.3438736305463154	-0.636663757823306	0.1069368117430771	-0.9680522906110303	-0.8947129290157836	0.12713034702373563	-0.07204196248343214	-0.6434138614632927	0.04966254100192815	0.09686756447820223	0.11291366471209141	0.421722495179091	1.1995384440545107	0.30244979855850873	-0.08759494721294525	-0.4326173913252425	-0.5471034626646217	0.5610308244988409	-1.5578706702335685	0.31157608001983317	-0.24893297631058922	-0.18948262044467842	-0.14951208587059184	-0.41572391897247307	-0.3929957339789307	0.3770868660504668	0.008894670298425928	-0.24680841753015295	0.5909162131663772	0.5187347886191809	-0.5263999167831839	-0.77231032953604	-0.7260935492630068	0.2930016661307917	-0.09085266317745223	-0.18547029552774041	0.052244934187275036	-0.7044670582435467	0.4784780787546585	-0.2244923038163151	-0.503506896523291	-1.188311039580877	0.13571815265367582	-0.22040592938485334	-0.039144444295994785	-0.4286206311549521	0.3974436251329424	-0.38327241494592523	0.9637926168173017	0.9739000337283723	0.3785312554613857	0.4470206837502594	-0.5867298229507298	0.30555627841716304	-0.22699695017755728	0.5874124214986486	-0.9554393311606734	-0.3368782354016088	-0.39377715599017354	-0.9078009410306769	-0.08422854434538492	-0.36266268415622444	0.056737672415306736	1.3365798282310257	0.7657029377699477	0.01529624734745326	-0.2195877921138596	0.24637472754560652	0.0739120225878481	0.37384116939514395	0.2808823443791635	-0.37634987958984434
DTXSID1045083	7.948369578442031	8.315803799228192	-6.192140304456951	3.8121289391306457	2.7261843652009943	-2.1004159617175175	4.49367540713487	3.4652027117853725	0.9973623843238644	7.201368484829226	-0.0779632874739402	-2.1889552037574247	0.07575067133477899	1.6410529679947279	-1.1765912077329868	-1.7617024636919167	-3.60272161468035	-1.0355726504333906	0.507257467103394	0.8372998837977021	-4.681987536094375	-0.736048315529077	1.123655519348539	-1.7744364106378223	1.8208232307775487	-2.039587828314564	-2.5283297038243724	1.364106150466819	1.1456994173616402	-0.8483470352306768	0.8636238449506692	0.03477849944402388	0.875787994976385	0.34312781056322794	0.9031993718590116	0.8359739209521693	0.2935297530468012	1.6051401465292443	-1.8450370368749376	0.04159094489430896	0.22712694694655217	-2.5775441012574705	2.191037137722504	1.7849338531989067	-0.3670931605811431	0.7160028789715602	1.4231096969434371	1.3105957697471253	1.5634351989581434	0.7720963372362972	0.23639069009701108	0.4509058494438182	0.6249129151659915	-0.5849730121590978	0.7813835221069201	-1.0697677544196742	-0.6390247430063337	-1.7235630535644713	1.2052713686228655	-2.2016076432102483	-0.8826935159128388	-2.6654038977674066	0.5453844088765634	-1.0129468945926523	-0.8959079149389646	-1.1891071687550892	1.0842482682595251	1.8063899819780065	1.7930475800721204	2.9818987087583446	-0.35231920102718634	-0.8566846182389354	-0.7546027530031109	0.08947160174618082	1.2184767045500555	-0.1264568154321725	-1.5051491238264574	-2.0662838480769166	0.051207329024230266	-3.636671758689762	0.0738554611827093	0.4221686899206681	-0.7862466004254982	0.13812203924621874	0.2804991428686576	0.2924226358158943	-0.21154384380926927	-0.029632573595285663	-1.1558850367548008	0.1348236134765987	1.0515193730399308	-0.10874833102802375	-0.7738960655423406	-1.5565307159436286	-0.6059042404982212	0.47084746262294774	1.0888665699887787	0.706013769277383	-0.3754164992980509	-0.06602162294271041
DTXSID7045497	6.447789758386104	4.237951481649855	-3.9792638961434896	1.6591184387118205	-0.7040184096319396	-0.47731737848582906	0.7038264596787809	2.2104579893204255	-1.62104034101945	-0.656046283493237	1.0622571070954496	0.3722747564002045	-0.3993352537651494	2.0008343345388697	-1.3453101979393103	0.28427002142830715	-0.5411918505759674	-0.10023115827214173	-0.4002139030174335	-0.7141652144578616	-0.4537916527026169	-0.8785657568634591	1.74080076307734	0.3412399827558219	-0.891387318998492	-0.6553861459134039	-0.41365183260861027	1.4553377476927332	1.1701660520172765	-1.3292257300478425	0.9032154339073604	-0.5582616865925714	-0.37461920740161736	-1.4087379663219866	-0.29032569081768406	1.126052389201771	0.024614607429313616	1.0842700014272817	-1.2637315926253607	-0.6749927090290319	0.4614147580221901	0.12537328252561328	0.533444419453098	1.7891959713704269	0.04118253519301869	0.1951759974420349	1.1057942159182905	-0.2475360731029551	0.4602642136749494	0.5030412007861861	0.09017946965413559	0.14530876598701886	0.21084315349065058	-0.32142225679653935	-1.3277081991771897	-0.6408770033931686	0.16454006030307808	-0.4863639983491777	-0.6780049911327147	-0.1536061252551954	-1.1290537509431138	-0.9494185855090561	1.652445664640796	-0.9716304895995733	-1.378016316139346	-0.9177345156400432	0.351197604501181	0.37211861825707737	0.48352382173690833	0.7036702691516221	-1.4049842214793604	1.29272858884218	-0.18831482733158827	-1.0337310223844178	-0.392104645519598	-0.5207126428819498	-0.5572509330881869	-1.2602220451849973	0.153912276402983	-0.9241829677459622	-1.4008777088093716	0.5488954701974729	-0.6289860742814163	-0.22477588143457236	-0.010828627633464118	0.14659332355025587	1.3121722517616188	-0.12150117426398391	-0.7687757868122576	0.16811730860075771	0.6908680017801098	-0.34613512453832024	-0.6450335137774903	0.3147664863075126	0.0021054164804037833	0.12786061284602918	0.21026936528224033	0.25139561438640656	-0.19213091054508327	-0.4528087282956576
DTXSID6021404	-5.735297706058703	-2.6237355197962904	-0.5852695138074573	0.06510402817748188	-1.0226702237796828	-0.17350831316745374	0.9288266033775102	1.8671381292009452	-0.6263938236756391	0.48610337988924623	-0.2455075009255918	-0.012231044827598323	0.2165377159534781	0.5244946856291046	1.6045154893613047	1.8229164849279849	-1.6629523261829586	0.15196567810569547	-0.957484457255722	-1.321809826828236	-0.19175102754043297	0.6601900796290978	0.426041737151448	-0.2623201577923989	0.32703996989303297	-2.2101051738733237	0.7795246036863774	1.7039502194809022	-0.4267889962529257	3.121819787307379	-0.2891167817500024	0.8944076452213834	-1.7543134992585323	-0.7978926198073198	0.09548756993569263	-1.209484546885827	0.4334039435391208	0.4121072022605919	-0.04391982277163961	0.5589680466524543	0.6539048613835576	-0.05403245103524155	-0.2619144861704678	-0.19649660499952032	0.20601545541225288	-0.006688410786029608	0.08916219313451623	0.1856769826058495	-0.020560602010488937	-0.09607985541673025	0.04446269722864651	-0.20648647374394344	0.17489728489700845	-0.3869661990553744	0.1314888996276098	-0.9429674413590722	-0.44284804674921546	0.2806103133211793	0.4918117924912031	-0.29178205816360514	0.598052268165166	0.15591064069420715	-1.2221173669462102	-0.02121182625163198	0.7021217256822194	-0.4183875061570691	0.18677428070655325	-0.42830294398433544	-2.516351068124923	0.44814176136169337	-0.2509928425982031	0.35603154320289887	2.245142425534084	0.9144324651861898	-0.5535648363652799	-1.5092406057115255	0.6080637354826957	0.5220004162213007	0.07616888493294782	-0.6513813997101453	0.82673555638967	1.0748236962147837	-0.4108113456101179	0.6132321181977922	0.32068465349796726	-0.19132737758678686	1.0311796096200478	0.024237806702083333	-0.49920456819388603	-0.6715608846150258	-0.30693717106720375	0.12243722894466232	-0.465630028903789	-0.4044710325822934	0.7405585731645212	-0.2260422068119851	-0.49347880121334264	-0.13566293156836326	0.15674376431230908	-0.9777884180654457
DTXSID6022973	6.502023119823121	5.65539202615593	-0.824547960810277	3.7396851752665103	2.439022485115996	-1.9587702708776498	5.342365823122214	-1.1126502345076417	-0.45848628408259245	-2.982451235208959	1.762390070091069	-0.7561165391782626	-0.5495307035660117	-0.43708955550392925	-1.4942673144923369	2.8059478659988013	-3.274786396112506	1.4447659109529363	1.651848233838216	-0.606131883457299	1.9850128331845305	1.096965404582186	0.9616439561352943	0.12119472125898005	-0.06387124374192214	2.277280571820212	1.1552344960686602	-0.8920085076335038	-0.8620470639383664	0.8738575501256547	-0.7424612682794652	0.25564487108992545	-1.0162442025117842	-0.3302638744536328	0.46735285766850054	0.958111014212652	0.10055762575810731	0.34614827432819134	1.0924079891613552	0.038331692329683274	-0.4809352848918734	-1.354491114306457	0.3269380671894421	-1.0139075399265414	0.7246108030486994	-1.0230605481731732	0.4799985978261509	1.728952472359941	-0.3147673467797228	0.7667754389664617	-0.2510786296316494	0.7302294739800923	-0.20494488353209994	-0.3901726757833507	0.228673635354373	-0.3184404577345509	0.5640344516418163	0.11714421518212002	0.599847269902864	0.7192320228187505	-0.27183872814648335	-0.7123895372604431	0.11586419524665575	-1.1154072019922041	0.2674065579945156	0.592890302203266	1.7214853731345923	-1.235904218155173	-0.6546218347132953	0.585692273677196	-1.1883323386882145	0.17231247777987277	-0.08583316093937639	-2.3845453896735154	0.7523148054073896	-0.04400531732763246	-0.05340863551156923	-1.0497381368645495	0.7402597768297715	-0.07260340337967768	-2.3168773727247665	0.0012758480059991341	0.45218723653933995	0.033746664941938946	-0.7644211531346422	-0.02235148998252909	-0.34705550537006996	-0.6026458456044008	-0.4982108279813836	-0.9875896080157607	0.4447929818989549	0.931642297810348	0.06626807293804533	0.7010954758669106	1.5378258748369502	-0.6750640368927565	-0.7420107792306848	-1.6407583885200079	0.7427996712057636	0.0322388214996902
DTXSID2044002	2.9282345443774105	0.40055535190684294	-0.589683849632585	-2.451992724870888	-0.7328239133735125	-0.2530239914283077	0.35316378690510036	-0.6751039508590566	0.6447997976676969	1.2659242548128145	0.10690758225177491	0.7738303101093894	-0.09082959331498212	4.10648328186832	0.4677224109167166	0.08552608657681379	-0.1845210825530025	0.22424744249626472	0.728900692479011	-1.4099090464668371	-0.6583275937077628	-0.4586925592744496	-0.1691648271035675	0.6475942487994601	-0.722945303397831	-0.2068144027072591	-0.1634273656674835	0.019670754624533264	0.4746453830878274	-0.616084199662128	0.8376899749886959	1.033875323181112	-0.5568891967391619	0.41981114001996006	-1.0635348302970336	0.014488020526920602	1.7485229168739764	-2.362464612670255	0.6182710015893661	1.978894087063595	-0.5206441536117739	-2.39619793396056	0.5397299947121349	-0.7184117223366048	0.3171027687026821	-0.5728146322669095	1.1345635250792165	-3.034978361361586	-4.261182429187081	3.7542835391892764	0.7982644451093859	1.4745924437123925	-0.4606344600777189	6.359204034591028	-0.4493065854285125	-2.3671072222540785	-0.10661537197944883	0.7153537925126245	-0.2594872732137689	-1.9089691791755723	0.22618379449359816	0.41777904517537556	-0.5921892784570826	-2.1191178240588755	1.6723412008761265	-1.325232724881465	0.3315023427138437	0.5249975864504611	-0.29035315624154423	-0.29993636526365447	-0.32543895938633366	-0.35132264942900504	-0.747228966558555	-0.4412360345880255	0.14483063123523585	1.1370320920968526	0.025174898298417358	-0.13121599746168836	-0.422200267562877	0.5217312962875599	-0.23588169338359788	-0.14178370092415876	0.12267901787206272	0.19290357758907886	-0.13363729788232565	-0.42790952415197514	-0.7710367774664115	1.0594047657860155	-0.07331768456312891	-0.034542414283122755	0.29224697104446884	0.9061738063978588	0.06376943886824038	0.7508850432544838	0.7602125038026941	-0.18788066438232381	0.6459533329999697	-0.4337018767943175	0.14585435808289554	0.05863424896562156
DTXSID8045305	0.11743251373674925	-0.5707717182838902	-2.4090671577465246	-1.7065843344191947	2.4862914754538257	1.6537699680827267	-2.7077762674855754	-1.5140968977208362	-0.05332036740278467	-2.4374310707503306	2.528066437141516	-1.019628920007944	1.6143125529431206	2.1785803630949627	0.9866385691926823	-1.1919803485940212	0.9435174711634531	0.015173082279004204	1.1173580048433651	-0.23095816544865608	0.24180624221297578	-0.0293569677362512	0.016980565395359914	0.755973047350226	0.2696170537547479	-0.5749072500081801	-0.7422932358186954	0.28352298150162897	0.1779649235726001	-0.12781590019874875	-0.17523219588056538	-0.5373344469757212	0.2951804405283576	-1.1603666879400543	0.08279193172910403	0.6023980879103465	0.18102501937174953	-0.025937445451230823	-0.6382974767135325	-0.49255970215419936	0.7096746052291111	-0.01822197018776641	1.181655126139228	-0.8735399912802333	-0.4905037825048411	-0.05012140456323941	-0.9502611710415237	1.3902458108313827	-0.25893649408648545	-0.024430580669310937	0.09959655963520217	0.7504631307171666	0.14717818868003346	0.45461832584048123	0.38407508739013146	0.4569069750127471	-0.09035208236744405	1.1042432866753003	0.6446870353734694	0.3551025255639914	0.5477052234328189	1.3676419920975416	-0.7302715790648241	-0.6857908830549064	0.38871505993321914	0.22189804093202994	0.7003032883998298	-0.6552131714126339	-0.8818903749365183	0.3334952917786081	0.24873607459836136	-0.25456759441533944	-0.2973864426666554	0.12390906113402211	-1.2378907410634785	0.38353130515623296	-1.3976826190400158	0.3753854714583624	-0.022085595488727763	0.07919251955821018	0.03328574181254181	-0.323028016114776	0.6028039485944524	-0.15853549648467516	-0.24067307121353584	-0.21161826804214381	-0.020609454660471958	0.5317797445037693	-0.07369652346338364	0.09494950163500032	1.0460103138474743	-0.1085414131444851	-0.48495676531722826	0.021077094190248852	-0.6567721036986182	-0.5411271990470868	0.2976374818974756	0.14028333391900147	-0.3866766333605764	0.10812108323686884
DTXSID1021665	-0.40289239545804356	-0.9231153540489386	5.530636458248219	-4.809859046777858	-0.45863894566469776	-3.6826337197728725	-0.07235563835943531	-0.7395729279322265	0.9641412851693881	0.04991611524054793	0.432579339294005	0.6251398702410089	1.9756020996187829	-1.9529837853103744	-3.2252589144539527	-0.9031885450033369	-0.29586778898738386	-1.4235172893219121	-0.23650526495495966	0.5606786563079503	-0.45943099630187273	0.6835260854738612	1.0854332313049093	-0.2547906688017992	-0.7755662258064954	0.6478241006061389	0.8397482943033413	0.4468412804594206	0.3317845904957636	0.5552955147951825	0.984211408977439	-0.8708552848226603	-0.2360322143870714	-0.49292809705217044	0.3406575943197901	-0.21747715235243925	1.0913305189535392	-0.7931373498252144	0.8619178445459791	0.9128345655729682	-1.386098808120676	0.5101881313726551	0.4743152681331077	1.613652589168687	2.708387696622694	-0.10771473224779929	-1.6872205010355237	1.6608011288035087	1.1434527051645367	-1.1906165714174173	-0.11500196189525752	1.4409049464712973	-1.5286663261894367	0.21742206048521256	-0.06314135167727872	-0.6926870851820423	-2.021500574757619	1.2473773625973892	0.4697863825072062	-0.762962261360418	-0.324373206836018	-0.9847449192092526	-0.3438048223200343	-0.4943762679147147	1.6816039082927767	0.8453315368131317	-1.5028709918706862	1.4569118569121333	-0.2284909807413557	-0.2887444776910033	0.362526682506742	0.4228785242005391	-0.008868996926898305	-0.14689674433413966	0.1296203601056443	0.7906111479296546	0.5713171207247321	-0.26800516509123457	0.18238388027892793	-0.3906113498941127	-0.37955457288262257	0.1747604087858155	0.07681722431131585	0.27822873192462527	0.0969093560134982	-0.043797230357755686	-0.058995337444500674	-0.2954991605887291	0.22507976776215707	-0.1603626471629542	-0.011602436386520006	-0.34250207404939975	-0.1156912650580493	0.29923495976179665	-0.14165197316780692	0.46904591717671745	-0.15102983831236638	0.40201460532582844	0.3095554789092229	-0.026723837074998348
DTXSID7025849	-7.420816602589241	-2.4799518397128173	2.0183497776145694	-0.19804305789555093	-0.5056050888182946	-0.02087485501822192	0.12462095557172403	-0.8788518987117647	0.43780477587990924	-0.17903770105073502	-0.26648074141156947	-0.1545489160953268	0.21063778704718655	-0.3673708597774213	0.027339192651919586	-0.1948240403125024	0.6584046863138406	-0.08666088866344838	-0.14959046235545662	-0.5548233531853634	-0.05981816343955409	-0.45005803549419116	1.3579666141046263	0.23986701868922927	-0.2281412679503476	0.07171893362394002	0.3223496813673671	0.26828383693842883	0.05064805668584097	0.08824612782805524	0.15979262107009742	0.0723770549478175	0.6445541245672145	-0.2744258615394579	-0.4398373121647788	-0.07299681489800115	0.33299261891526183	-0.37996833352202153	-0.3302459969065885	0.12254628676916647	0.06119447884916426	-0.1191701228096186	-0.21305390789571624	0.07774731689770795	-0.20754477102894084	-0.2294306724088831	0.06201468080545419	-0.30412391607826283	0.011570611537157938	-0.0075334060955548916	0.04462407906821083	-0.2099431464111124	0.15659115192233272	0.08302201572883194	-0.01569858803186767	0.12788521246859588	0.3553948038104582	0.06196488537569751	0.10351023360391452	0.10278694468122736	0.20437931054334976	0.09080996951073339	0.19154203473163015	0.4299480252421553	-0.4356974429913018	0.4087237920312943	0.33485595516044936	-0.57143761203501	0.0991157510062941	0.3345659070675011	0.22425050718339712	-0.03074304329786079	0.00788585435295954	-0.16918419969355764	-0.2074600514340926	0.02654149422683727	-0.11814562930531207	0.039235980978450685	0.3515705900002171	-0.8220312188969758	0.2977431419226487	-0.14812803920084727	-0.34092162735500586	-0.06762830079136699	-0.04966584111941769	-0.4194691441038405	0.20858160220150504	0.1734555810985342	-0.41359164437029217	0.17515270741627606	-0.5596980336525325	-0.12013780851144769	-0.2674027562391058	-0.1951737419771778	-0.1449426867764814	-0.24659680927927796	-0.14790711802937914	-0.006797060425585901	-0.1748644267755407	-0.20350086502209597
DTXSID7044847	4.465334505845787	-1.3348591288118181	1.3614448383857043	-5.179469912813213	-0.7205985207886958	-0.0361328849525842	-0.49631364864364697	0.3364027109046059	-1.1662250439287927	0.6715825349914069	-1.7480740229931042	0.23196980266523473	-1.1340565943923104	-0.15767121996208594	-0.43577975370802724	0.4859322678776489	0.7141722215508868	1.8927086088372804	-0.3961895263847247	-0.2678270978037844	1.414305515555061	-0.8574861951072816	-1.4441278112573273	-1.3435085576030068	1.6585731783194686	-0.4561916749070187	-1.4989452020733665	-1.3685829572885884	-0.08021565876624463	0.04775899667487079	0.46006229470235854	-0.5281993022717608	-0.22579896803356797	1.4985590846699073	-1.2397354846054816	1.6011102532413692	0.994133416769936	0.3535321849492834	-1.0828692683955845	0.4597203055093155	0.16898521472445355	-1.2788121135240231	-0.3156513452925213	-0.7521442308877108	-0.20925843261120017	0.009749865148093255	-0.4292151727371938	-0.31437955739570383	0.3345588817021044	-0.33150328741376367	-0.3747703553969513	-0.6877516499584573	-0.4232400597425498	-0.4829220441038432	-0.05630374090034124	0.6763887083542699	-0.20836797292486484	0.04379800037779055	0.17024416519855348	-0.21316478283899587	-0.0573484816289291	0.42736071189664715	1.7093756187035942	0.755645070408516	-0.9166137602946839	-0.814266910031942	-1.2575904403346125	0.2060380279207026	-0.42704661112731407	-0.18921513919959165	-0.17982865248377336	0.44227890682501686	-0.11380319575727883	-1.0023619322086008	1.3608753607206294	-1.5213666999852231	-0.014306202699067483	-0.01210499073268964	1.4890028893352594	-1.4174577251464662	-0.9906067660346759	-1.447935056714677	-0.5299509324267815	-0.01683534682264998	1.3884837344941863	1.4700856060158043	0.536942574613642	0.2873002807181748	1.0483177288596306	-0.311549640195915	0.5673616745057853	-2.9844126525354273	1.2877703727317271	0.10348394716887017	0.5405617527917637	-0.25191733308862185	0.5191973726634005	-0.006097045739513205	0.23819375683971356	0.8560006437453195
DTXSID5021255	1.010901639074228	-1.0079961953367893	-1.2512271154189387	1.2970448336394342	-2.4290359730982924	-1.561078056872688	-1.729938104918781	-1.599409611869639	-0.843253780374705	0.6418346991977213	-2.740034239630492	-0.12917788520408008	3.699955668345007	0.8724991808245129	1.4562507370945599	1.0533518833816753	-1.060618108118224	1.7706158604482807	-0.9973581495816974	-1.1759479743828714	1.3668708445192606	-1.192629737419304	1.355778960403881	-0.0590854187674407	-0.9130831183847008	0.34921537479806686	0.049207504342213285	-1.3193080587970696	0.4837925347279924	-2.1461023365462437	0.13766109165592008	-0.6505695583594048	-1.4393666050838483	-3.9034934492882356	-0.06455691408326741	1.7547036720861595	1.6904612356605813	2.9833568826355363	2.057292272911203	-5.3636233550251795	2.2794685516234643	-1.0640331150759623	-1.169831729488782	2.581532881225667	-1.0653781031091787	1.1852082947949734	0.8804763115275107	-1.3283895619520776	-2.548360026926491	-1.5436601222834465	-1.597069719663648	-4.178846933922352	-1.5395241843483722	1.2504564505127402	3.913340238083705	4.003281422279046	-0.2217126868468454	-0.7827525172170952	0.6256665271370918	-4.358916572852428	-3.089327773692796	-1.2072519270584678	-2.2774317179051966	0.5538962622596648	4.336502021158309	0.549954535116561	-2.6109182848072243	-3.0987567553458373	0.7433446156232478	0.46203976147301706	-1.3537994474754014	0.6523329714888491	0.1134709153002376	0.7116790245607483	0.6143171976329396	-0.2113817685880771	0.33810271264143	0.3189112410016689	-0.9335521430048667	-0.7531212268854494	-0.4946920156529668	-1.223062335110946	0.3726894755475382	-0.019438977884268724	-0.047803803845207146	-0.5871363690867825	0.42031804444720905	-0.12057761449568197	-0.13804463493009153	0.1322186085837709	0.8394644286490103	-0.34206809088013085	-0.31488820305499	-0.377129902039629	0.09631886314182524	-0.2045456089126635	-0.4458375918848491	-0.4197872895224571	-0.31996513593119064	0.4389647397745319
DTXSID4048513	16.24657818564856	4.306828399373684	-4.282935644587458	-2.9048918638653274	1.6175694231724242	1.872120481174822	3.2128608134999617	-1.7597814837171244	4.098971649679091	-1.634819768349661	0.847246984477554	1.240619083507736	1.278236852282918	4.395806598939264	1.7494977497047337	0.3168247903952856	-1.5347143058040922	0.37182454183815955	-0.5568631782469706	-0.49515146855981285	-1.751341688812738	-1.4645598646942788	-0.0030608519924833363	0.7148255405133136	-1.3767446686928944	-0.963448814394225	-1.3187955817766712	0.09533228926301898	0.2864166367113433	-1.3054861336753487	1.2851292024347263	0.04581241773502886	0.7113437186799927	-0.13980810445671502	0.14170346508122594	0.007110643071792406	-0.39047037890361835	1.104526794886441	-1.2419110502302622	1.4084443474106028	0.6303016137889026	0.8061618556868072	0.5622176395560224	0.3198072119180513	0.10578141169646636	0.9485346088463289	0.11444679143568659	0.662825739680372	0.6677727789964677	0.3629835413008919	-0.02150782913107807	-0.35265311431312596	-0.3261266778368491	-0.041209100801534865	-0.4772772577000661	0.9069857828348658	0.33947211351102896	0.8282851962872368	-1.2026126219744333	-0.2849740022288885	0.4139447221345855	-1.1000927407131924	0.3992769286603912	-1.4891035358675961	-0.38629133107384245	-1.2295728900564462	-0.2339617702614885	0.17820025176285098	0.5067071593420058	1.7933450718610127	-0.4182542895640643	1.8436923664153497	-3.332329727385255	0.35270985463788124	2.266247762301308	-0.6270791779513948	-1.1301373512902175	0.6504514833097735	-1.3397877152669675	-0.8088761674397449	0.7840275895746759	0.287875408312452	-1.1528008891293966	0.46984170912222106	1.765420285808504	1.1005050540787673	-0.46806922302022075	-0.8737922216476085	-1.9045436093547876	0.441846765016661	1.4073238014382217	-0.41398524643684775	-2.830727864231655	0.9550202043853878	-0.3237785056471986	-0.4429979492019675	-0.6603165100844386	-0.30169068538470084	-2.4549697578009053	0.1858777333131454
DTXSID2048959	-1.048287421231621	-3.6722074901862944	-3.146656888097813	0.48291957993738804	5.9881371055140855	-2.674502678785074	-2.0649807616260962	2.3240388747412024	-0.10807357574343197	1.6669750716756342	0.8509065678702326	-2.4613532573541144	2.0867560443509334	-0.3898073883531084	0.24257997922823524	-2.0707857673806402	0.7004857639604583	-0.046503120307259956	-0.36925251302102796	0.05290518865673736	-0.8194150739837234	0.26314475134560117	0.5790195625734724	0.27342050320373057	-1.0710791904545691	0.3214799202260152	-0.32588224251949255	-1.162303356671931	-1.1301333879077262	-0.06959885263593363	-0.7257291923774816	0.17370684194713304	-1.875010489302814	2.9056749113526417	1.272307941619175	-2.219240033684058	-1.6499629057371377	-1.1878398140926156	2.247693048927879	-0.650958327463844	1.5975233821629642	-0.6918746359425942	-2.488719182121546	1.241335575815633	-0.9725789370623593	-0.137507721801779	-0.8654352012720131	0.37769136117908486	0.6593404566167876	1.4303187357512974	0.9106443543567838	0.8741590760927257	0.4717586885831504	0.8313131333286339	0.8331081659883444	0.10637128414533278	0.5248146149817079	0.7561084270426148	1.1507622246871776	-0.06841832587249767	-0.35330253150609936	1.8947262086911125	0.6323297417704775	0.0521503207963965	-1.275675173342392	0.8506458724654251	-1.7126634276783046	-0.28956364139722646	-0.4686478352548891	0.5704479966374602	-0.45516611921693595	1.9204073097179515	-0.5908264305735792	0.44497607728937216	-0.2623849366439913	0.41798004303164343	0.0239922316502872	0.0470723358804799	0.3301600821713246	-0.4099558662990184	-0.2402757879224769	-0.297202849867621	0.4149089744626934	-0.5208963094876503	-0.024403272425017126	-0.40276990096718895	0.9294194188480953	-0.4229738070616885	-0.7491547093650858	0.26503814103305723	0.22724091611781708	-0.3717023947001414	-0.25734411421428927	0.2294295849779865	0.13339591851884897	0.23300556987041277	-0.17178673108493828	-0.1045085266784726	0.13074205324259955	-0.11686942980265061
DTXSID9048192	-4.001391111685587	1.1430543368342623	2.0966844412558507	-0.4642191278967238	-1.5523119404946555	0.5550317697283321	-0.05274087708634991	0.15494987020423492	0.7659376527641306	-0.23183784364529797	0.4171693079644021	-0.04411734477605931	0.346552150265967	-0.9281752157998034	-0.41212913076881275	-0.5477055965652695	0.6267109271696473	0.005946541507123406	-0.47152783123050684	-0.49631801149164956	0.2040672245964353	-0.4865500378902868	0.6616125641842274	0.30808736244622476	0.011914920107140044	-0.4612907324265624	0.08097814025416741	-0.6758931581650628	-0.0909863453801167	0.18197478681270238	-0.12536381262400959	0.1314345012776586	0.340648541612481	-0.18832361794604496	0.26488167657281547	0.11862159924953095	-0.3983084362454764	0.2526525910428965	0.28422371421157383	0.17048354661159007	-0.24584065710542863	0.20332025383342217	-0.19430477566421372	0.022253061920217917	-0.38445499415042833	0.13524195945245054	0.24569414826126507	-0.2898528985745805	-0.11543531297492861	0.036108191035924254	0.08816545050906704	0.01713497278258968	0.15692994275619046	-0.12323430751164495	0.03991690612102983	-0.20036558172064683	0.1543308740125859	-0.24734393542281533	-0.1071879399847705	-0.14444916214305054	0.6108749645646777	0.09875613361412179	-0.2719420120388879	-0.06737200137588978	0.28405849458849247	0.1402611960281132	0.11722348291218405	0.5443787213225482	0.07147411982407594	-0.22661404032585739	0.17447333061971637	0.29765432888258836	-0.1930177006930763	0.26480005893819114	-0.1821795341634264	0.11655024991492152	0.2812841589970605	0.25453398118114384	0.20870038828014126	0.25694361087200507	0.07108778253086778	0.33269655150957406	0.3144920832185469	0.07613960069816994	-0.08483898835661635	-0.05644218045863064	-0.03760338515127681	-0.20739951585124033	0.4891851195527135	0.054344175830807	0.27405378631004595	-0.25362009544798275	-0.1986838563920588	-0.08919883896392485	0.19071759544903458	-0.13531253918631228	-0.011889239573189644	-0.29602273847977656	-0.1752898975353839	0.3029147468471329
DTXSID7040285	-3.8516837663033803	0.3421357870411222	-0.22496711341382994	2.1867911896399908	0.18813186044441163	0.8286743532667732	-3.614996402554509	-2.606177626540052	-1.4994554268410738	-1.7627212506035854	-3.484099521846737	-0.6425589264745063	3.410022573364511	0.6713534305774737	-0.9179160352437216	0.26279670792882204	-1.877951318937236	0.04593091836085831	-1.5627162432664459	1.7810140611670957	0.9051029459518145	0.6460785242397826	1.0861744060575356	-0.27055828010727845	0.44807349018991893	0.9594135851879497	1.5099837189556238	-0.13307139463306128	-0.37577584421209026	0.6992893873302372	0.34941631994656014	-0.03284069405860182	-0.07036947620773146	0.24502528215121255	0.12669187116795985	0.713236283552392	-0.8405534979974089	0.37166005302961597	-0.31346356101524114	-0.2514709230582184	0.036659966786990725	0.12269179428757822	-0.3744427330732087	-0.9972768763343346	0.2889042176222543	-0.25924730683413755	0.29988562312548595	0.059670272455168025	-0.43842225951178015	0.2944035475670675	-0.033518879599368626	0.08764011078920772	0.2725945142160365	0.23600444405532747	-0.2997890870789452	0.37359513371275754	0.7265638921009803	0.2841389823431312	-0.33017949585262635	0.08658905363266116	-0.14037792019885542	-0.6693708962079438	0.550166679973216	-0.22072115495389616	0.07911640146344667	0.10847118924295827	0.36779251794611506	-0.6033890753518882	0.22942767490656402	-0.1653268340650002	-1.150803192049223	0.33022290938059434	0.2890215034505255	-1.0809587436119676	-0.3015625730433614	-0.28977786796445054	0.09322417587105408	-0.009304278647456308	0.027388671814737902	-0.3068454136138508	-0.5236556095315706	0.07585764037460684	-0.6047550008539271	0.5158329784999316	0.2948792620692099	0.0037560000548126286	-0.4504656127432386	-0.3735860157386	0.5587010759116051	0.005834364701150686	-0.5881213259839404	-0.07058964644296441	-0.026840105150983038	0.14709349987531328	0.3009635088313925	-0.3294687829499764	-0.1777847151534353	-0.6662484860826597	-0.03932176383698767	0.21315336995086565
DTXSID0026339	9.670984801994006	2.999399520216493	8.078701005286394	-0.936706058485033	-3.2640944188042034	-2.1775357271393116	-0.10111972096392494	-3.8244491630023365	-0.6616888633885464	1.4726906620941118	-4.694829014519178	0.8937803161370278	6.1290114345741165	-0.9580678531836686	1.1663101125696556	-1.5276603871015277	-0.38848330668819564	0.10130327197869551	1.0160998917513147	-0.7561612902252105	-0.6645479879186875	0.523631397243348	0.817327052342749	-0.7538957808402468	1.4028686793239562	-0.3754101055641055	-0.7481516814873638	-1.369202883627466	-0.12699177365154288	0.049208437039604765	-1.088057370562124	-0.6803767199013581	0.6094446587620206	0.8895293849551438	0.0029953485416489897	0.10234070859105912	0.38819871247628546	-0.13423856849250487	-0.439265328304269	-0.3453616137697285	0.4568793338340406	-0.34439943514601196	0.03343059735412148	-1.4212474347804152	0.1434294750891249	-0.24689159284441606	-1.2846525991270776	0.5693362472611165	0.02375606424897187	-0.024290294371372454	-0.0460265188841119	-0.37190361955585965	0.292700772848717	0.07373500933115	0.20197456052672552	0.608239749436637	1.023672446979642	0.09383763025289552	1.0631400649915337	0.574564847107108	-0.2735441893036043	0.4569687963361467	-0.42186235094639163	-1.216078255907852	0.2250843242517383	0.12674676778653543	0.02152505796594792	0.41593535682537225	-0.2705523889994379	0.4711454473731821	0.831038345048948	-0.7182375944071234	0.3063976796023956	0.2739835592131741	-0.47212890635502036	-0.18276883893904075	0.526329127762687	-0.4041588999704591	0.3968549271326446	-0.7838139947314329	-0.9736968885717872	-1.2330085752529358	-0.14824570621011354	-0.5897638108484166	0.19939043206057258	0.14495823186115075	-0.90897432983132	-0.3549972820226225	-0.9335459724936386	-0.23255762698677185	-1.466514730563926	-0.2161307666653754	0.08928537168481349	0.8582081344295276	-1.0669300301750486	-0.665287206718369	-0.3738242987201173	-0.8779737921749153	0.962430533760917	-0.5159172030647673
DTXSID8049339	0.5165461636867194	0.219423337958315	6.372803122501697	-6.6942652517422045	-2.0806782686427545	-2.9236172606183075	1.0786178902874353	0.08999960906590809	1.1076009741541808	1.1120836341821496	0.9136366232746961	0.9085490333296468	2.4605241371460003	-3.1527228735676105	-3.4578255775097704	-1.0234546833941593	-0.5459840364823537	-1.4930707459723684	-0.03704356017363081	1.1305271404826194	-0.33697373838465283	0.9260534814340269	-0.18946433803549664	-0.07828656382107163	-1.1716341380265543	0.42818361515190745	1.428510507632063	0.5588698778385905	0.4549897491922146	1.1816625569790746	1.304522155468431	-1.2589575150138057	-0.11724686395162828	-0.493228975546095	0.40627980851722	0.3499482832099389	-0.8510310308248459	0.0285262016235085	0.26858296221375905	0.7119314857371718	0.12150317874364376	0.34138758192406105	-0.22259050429981697	0.09066005592711601	0.10818092795656682	-0.0980705123803549	0.5314301880704733	-0.317664525252738	0.06929808744188067	-0.4799119863940879	0.1721378421187544	-0.06203469462354131	-0.0976784667298016	0.325502592922068	-0.05319842563546311	0.09258114722118661	-0.08594876724411904	0.22364969519432504	0.05310683683016981	-0.4554125414073355	0.2906387985763667	-0.5299026582798559	-0.6261122802043816	-0.2133320541205882	0.4845223699201747	0.8832082268891871	-0.5207526046021589	0.7342178370881277	-0.28073793732563457	0.21298681719869816	0.4106557594605844	0.26793549795139615	0.21948133102484924	-0.11201478157150288	0.16284382009298753	0.0176505664871514	-0.09987058781750952	0.13746446117787423	-0.05050652824603534	0.07258797381769758	0.5594747235844695	-0.20083091223976982	-0.16210242589237264	-0.504344994400353	0.27472468134328804	0.20683707181553354	-0.3767787670977199	-0.8806378981605458	0.10208913889134744	0.042017038546699706	-0.08519871391714648	-0.0028229405998660855	0.19234826017885412	-0.0548659669221071	0.42915204977021765	0.18528259750769943	0.1896417074066172	0.7180739212907369	0.3124404329723642	-0.3820802325402194
DTXSID5037739	-2.0708179652554994	4.558228525021534	-1.712687925144598	2.2631151738799407	-2.4749019087356516	0.033260468489543574	-3.3676063594174916	-2.4692282157992618	0.6758825784716898	0.5843583946109496	-2.5837285415247653	-0.9657950370718804	3.435032549137076	0.5446116562483058	0.5300898237465698	0.5090969748241404	-1.7178513943660163	0.5414164944507256	-0.31335004499942287	0.26883207790703834	0.46192199193300804	1.0215234229195196	0.3709156006707455	-0.4732301065872668	1.3324517808227399	0.38671236293676714	0.8125655872899283	0.33123732055824207	0.017264254192344494	0.30767142379923934	-0.8649021269883665	-0.6930600275221013	-0.9088714484063696	-0.6610929638944367	0.08043486134009162	0.8920272749785312	-1.3942362133551478	-0.28387500269807503	-0.3230789481942376	0.032217314108077495	-0.08810441441807944	0.48594566053449745	0.4504220873720295	0.6487011417872038	1.1939602970222245	-0.5815772236534402	0.671089998413689	-0.2939642991608938	-0.3125787513890384	0.37179067705574176	0.08944564393572241	-0.2582322133286521	0.9305097362911671	0.05926188949089362	-0.6732743820775203	-0.4569991324547657	-0.17377530499384305	-0.48077394852033295	0.4187134644378749	0.699520882761859	-0.42668775552373195	-0.7394818706469499	0.26716567666752045	0.7976041073638864	0.23523474559755025	-0.07613262110908504	0.2871695217609971	-0.5167602350212304	0.5511422179048882	-0.22386290924057511	-0.9696667939831306	0.26502811909497936	0.7691054445326787	-0.07907098088712401	-0.1953728247508662	0.35460029085518435	0.4903102661595532	-0.5441724901283959	-0.4189448638319537	0.10451501119161544	-0.09180130100785001	-0.6626281352880832	0.40288590685758363	-0.20175826322852888	0.47494405574125415	0.40349201396120515	0.3733958360951388	-0.4970179502972117	-0.3938857676933204	0.39015707011448464	0.0799948226869744	-0.9432825220967685	-0.2011876102441021	0.07893945400894704	-0.2606787658344185	-0.05132798162599733	-0.08613734280710776	-0.05775144269348658	0.20026988937310017	0.019146449581900864
DTXSID7047772	2.9187821269261773	3.9918246969301343	1.9892710460168486	0.33167592928821416	-3.345123122394157	-1.0444796395254992	0.8981588131712896	1.2493023347188865	3.338968745098365	-0.5757196968680233	1.0604285380310718	-0.06572395302269454	-1.1341991934520512	-1.074261762051351	3.7256515445120546	-0.16396584134160505	-2.591573607970561	-0.9072559189754689	-0.3662670264978969	3.747566105204419	2.609084556122238	-0.8083547965293566	1.902029365523899	1.1087038708561587	-1.0381262747405728	0.28464321622796585	-1.4244715004505377	-0.27146354113633275	-1.0840987528527812	-0.5650798401086005	-0.5955592176513701	0.13369995906504192	-0.29588178240966706	-0.2602542938903773	0.6388094261891062	0.5123141851097215	1.5538750047392642	-0.7276342620012346	-0.48259495484912307	-1.813287216575596	1.0465131906154648	0.24625120121273952	-0.6215172062487748	0.7466851522835364	-0.49282304005645866	-0.00027158858464508025	0.6871086001037814	-0.4154920375518302	-0.15506643822976876	-0.1540270810550277	-0.005642910454083074	0.6932172246912324	-0.12242633359757084	0.04495905586155708	0.5624268079084809	-1.6123712198760438	-0.08279965117297095	0.4180640621149065	-0.7823892864743608	0.6742008837510698	-0.651826719939699	2.2553093110489892	-1.373179143710433	0.9116802180701863	-1.0733637302749897	-0.8034109973869681	1.2839962067678548	1.2866882792012482	0.2178716798926666	-1.799487312063999	0.9753342025907314	0.19902148573640777	0.397800300502501	-2.327570238433507	-1.787399645437621	1.1584155766837685	0.5532269122710145	-0.21335221923693926	0.8841348140324772	0.890530368854511	0.9028005708359179	-0.6136537700213152	-0.8576452238121158	1.7315216911936049	-0.15603535768039392	0.5011480138758586	-1.2457120890257642	1.1798117765372031	-0.04323982454467337	-0.4301547041114503	-1.2826298885270146	0.2813326858545422	0.44599037573254735	-0.10618172761193184	-0.6387478508231123	0.42953815890389463	0.7329609841683097	0.6180457719541143	-0.6053673994023997	-0.4081019502854889
DTXSID5024055	-5.057662809566988	-3.46430163093996	-0.9381861783155283	-2.165540054670999	-0.11000668627813615	0.4785098375863217	-0.6383420762921417	-0.719741429619796	0.40325364062526403	-0.13657300659967142	-0.5246815600447946	0.014387924168898758	-1.0885443967946824	-0.07660390672335254	0.45805192876558115	0.5944888899411601	-0.16182654742194622	0.5759316335029735	0.08242970609568931	0.03581163833137399	0.35850400854514836	0.2737391273079949	-1.0805792409200878	-1.049427684271399	0.7634130987015029	0.5285155209112419	-0.20445985149764223	0.5873650722687227	-0.029459778706195792	-0.37981591719120505	0.4212855373269645	0.34145527227871186	-0.33055672151003335	0.2066326581513601	0.2079950248645285	-0.2818294164091413	0.29428475022362893	0.019339132036821048	0.49965339926391483	0.5027505919470501	-0.22404742092160684	-0.032352247329568894	0.03508776364491319	-0.11119502752749068	0.006316092651882007	-0.18439092032008758	-0.014962804685688067	-0.13462872096546366	0.1978833913541945	0.10404746413471438	0.05246261591331267	-0.05527914697152771	-0.05770623676418085	-0.2655596024886483	0.15655270964596205	-0.2564837592982229	0.009212990773033178	-0.20491936493764545	0.32623712785215836	0.13003232444861076	0.17676888682275052	0.2663104221405563	0.2030155575218654	0.1915665348147206	-0.007855683547302005	0.047555329129876256	0.39978705233133066	-0.5676158202100985	0.18218708529296626	-0.2783195637243341	-0.06916133069634096	0.31837015746776276	-0.4620869170405018	-0.23307740416051015	-0.34009288643185165	-0.2694743255338626	-0.17182596026908933	0.17811896938270416	0.04557768957870966	0.5583279731600929	-0.7477044034566867	-0.33964950497615476	0.15013268546224948	0.29289148098413964	0.47908719329749044	0.18793851599565917	-0.38107420399266856	0.901814409696314	0.9489281637553942	-0.6817188120172855	0.47068122458142647	-1.0106960633585178	-0.006897682858979084	-0.12097527756588095	0.10967989013544414	-0.34624156095993835	0.33999054717199373	0.34024381634375683	-0.6203105861015265	-0.3311617985673949
DTXSID7027598	-1.9191805233623782	-1.981292245337092	1.7577858692799069	-2.8694014375078627	-1.3789529009457595	-0.8160744610466619	-0.7126908754855238	-0.10139533857327097	0.403987449689618	0.6592691592561148	-0.4321258973766452	-0.38589057704086027	-0.5396678056641047	-0.025367263549143346	0.38564131804531326	1.097319269782275	-0.6964046389736646	1.0982041856386324	-0.3739423319414403	-0.5109866421921854	-0.2957186466681263	-0.2155106810857071	-1.0713210850237578	-1.0759705239467598	1.7369603100273066	-0.32655093012643266	-0.8646130433470848	-1.1073997264137019	0.14137855908589958	0.02185135961658837	-0.503935490374409	-0.28072498092452874	-0.5571543260633385	0.46105640744588744	0.40283938431902905	0.5749467179434831	0.4295644007319718	-0.07798986061382966	-0.5507024299822288	0.2935578281772007	0.12039609702926508	-0.8824972483560115	0.15267715651445468	-0.475067564283	0.12823901265893353	0.04702965475779398	-0.5271084970163186	-0.29655253839866214	0.31541426267628414	-0.14301193063009054	0.09053769639836176	-0.5904364939682958	0.3755044302663789	-0.21973536843444308	0.18696768280448195	-0.31243119163303457	-0.209656717708818	-0.09804976213457	1.0650810992198119	0.2574731082226685	-0.31697247117009497	0.2006556062999797	0.04341320951272052	0.8373246021504903	-0.14228262811766837	0.07032839716913349	-0.2957653583422666	-0.10066985203682914	-0.2543377540775272	0.5291620438541963	0.7046509733440616	-0.2959274859722062	1.0987668904858972	0.2099364050137787	0.958138668592248	0.22024808667950072	0.36979697652999893	0.25185868121705896	0.9564952624891752	-0.5874004923217555	-0.058498398410020615	-0.9407330710715349	0.9686351828465619	-0.4354815009085008	-0.06526435116974914	0.3942964382486651	-0.28455463055096275	-1.6417568623361973	-0.11551052446492296	0.25539583338629407	0.6961669451564447	-1.0366339268456655	0.05141180432578845	0.08603070742409233	-0.051125795721618836	0.017817178317684892	-0.1083447003097427	-0.573155887913353	0.004086637206633446	1.1009258463741385
DTXSID2041200	2.3615743128651068	5.5584674420965685	-1.7970427761089882	2.7306018171212667	-2.387014933359162	-0.5463074505278409	-4.359582404645697	-3.8303323383027146	-2.3823989459042028	-2.0370240049249624	-7.199714145037917	0.25973265582731164	7.327454040471664	1.6057632960235937	2.716404010136103	0.7186933640665799	-1.3204556389019872	-0.09731947863620612	-3.4966941539300436	-0.20336376849049298	0.7331089135764536	8.87527038899564	0.441239903771505	0.6504223442818424	-0.342872010811021	1.0869017543540498	0.11399252262161867	-0.46416003341016954	0.6102843108511151	-0.6233239905306335	0.9145822850418338	-1.6507811864364463	-0.42044401627874	1.3389744407786566	-0.4130586095564877	1.0024353137826392	-1.3438400270104318	0.49643267138502345	-1.7163636036480707	-0.8349914814759772	-0.4988358819717341	-0.4751514557308741	0.05363869904711105	0.4396811888625922	0.5277738944491157	-1.0109168838490497	1.2784512996619675	-1.0290811740518884	-0.32323907117666234	0.06356124407294239	-0.1369703103164034	-0.705787364593048	0.37991288849380334	-0.10027634845824886	-0.9278723294432609	0.6043015719674207	-0.4559381748953302	-0.20775994224393712	-0.4565345110583634	0.09477316562871364	-1.071078336959546	-0.7438254969469198	1.5367773977319266	0.5066302601264147	-0.47949733850214366	-1.0714139913242775	-0.6401939812467428	-0.5862902454981866	0.01159078430712631	-0.30233685787555775	-2.290238192476272	0.3794276977721418	1.4587784229073137	-2.6062114679016966	1.2636662950258122	0.23901242298764283	0.5473290075641195	-0.3737978150996404	0.6044376927554721	0.5925057094617928	-1.0394128138810301	-0.8428136519126719	-0.1402904685462328	-0.25215093498767405	-0.3428018723190131	0.3951835877696166	-1.0475360309656179	-0.40151909786823176	0.788399989220897	-1.0437236771188436	0.08431579924199692	0.7963394439262226	1.2380463393712453	0.6117176242685074	0.539429007815903	-2.894100981165102	-2.268635769378449	5.809938747968044	0.654201206984824	3.993066499216842
DTXSID4046153	0.38833146587967116	-0.17332613314212494	-4.136316458719149	-2.0864696631598307	0.8837359415610373	2.2359834874188698	1.0304358968460476	-0.7399769444585479	-0.0887758367673341	2.1912267547761055	-1.7059613858067626	-1.9147424132800588	-1.7334048853851267	-0.6593002286663662	-1.3743565152365171	-3.2109292708795736	4.403545837596896	0.817526833894284	-3.5779275443222716	0.1870821108744939	3.788684685678299	-0.15427687452576708	-3.275055394947025	0.951829459738691	1.275550931225445	1.6702844907195409	1.0892947184806474	-0.39049184027197137	-0.7729891122715673	-1.0348299707552444	-2.789429320598084	0.40474584145099923	-1.3036703068116526	-0.8839755623305725	-0.03812489820714071	-1.9699068333828718	0.09438960780072161	-0.7843576693017726	0.950327242227067	0.32724873239259555	1.8728072483337463	2.141710082825231	0.4189498313280193	0.5987949814734168	-0.512873776958071	-0.09695573126735633	-2.4790789205185133	0.5890306047315813	-0.09218483153246128	0.003555874966621271	0.18699759945876426	-0.697240824151729	0.4843662722861225	0.858784159898433	-1.266092969278134	-1.278351190472071	1.3613490171846903	-0.7471566761070197	1.0817948758592146	-1.498959447950919	-1.1487237248120332	0.19278231172973345	0.4384377313406892	0.35865772883494523	-0.14701238229806568	-0.2713843942819101	0.20783317385217728	0.24110786740875864	-0.2399500204402037	-0.06815965474935164	1.055843144256123	1.400587338396757	-0.34424162544596526	0.6001564721328448	0.037621321410729436	-0.4486764002874656	0.39149095774910286	-1.8192235517868085	-0.4210894618298346	-0.2828110792456659	-0.2436173216174655	-0.1581666927511209	-0.454861164838588	0.6878747273773739	-1.809524909779138	-0.13261111378385215	-0.9219347849912096	-0.12454389314763935	-0.015858362081240248	-1.7312288128930726	-0.7495067886183564	1.729913987654864	-0.3994005920237411	0.24755986762112517	0.27220790481438845	-0.25587571401821685	-0.5179885956818234	-0.47460560054360756	0.23162209493183084	0.09219081484731476
DTXSID9046029	3.024518014497158	0.7543069894616596	-0.5540142050809865	0.5039625377413126	2.3144072430052094	3.8093252267678235	0.45548354573628264	0.44889038147169474	2.3525912720725195	-0.5191208227545355	-0.6368506686466612	0.3126628248072512	0.5812598520852394	1.0880667746754522	0.7992263192882435	-0.6985306067845302	0.6535409582553661	-0.97721935275106	1.8133918324377576	-0.7098109163965997	0.39993735734608943	0.07962634691827401	0.7794712257251637	0.6001252786929009	0.5718690332347524	-0.9786634086238557	-0.48612107975574564	1.0670142691965911	0.045609071701987546	-0.16675934949312277	-0.6227671697434379	-0.6461514864553468	1.0396976863799734	-1.702530019950466	0.4118509848529575	-0.7750790232174946	-1.0937324646420379	0.060198529652994326	1.022433076894523	-0.24216395048060074	0.6405082970142665	0.3166635045856037	-0.40671041742273323	-0.7277414102135574	0.8966695252701412	0.8659332226802974	0.4828354738425746	0.14872159941723728	-0.1768310366218496	-0.05354365168324098	0.06685759518652205	0.0014512801385296546	0.21890384746934666	0.29412932030593847	0.19564531735453905	-0.6887587556554242	0.78092667758717	-0.9586905773380244	-0.0399411899347713	1.332190869937191	0.3141501287044489	-1.022216380572039	-1.2202519171817563	-1.2153484095460894	0.0028147893697909707	1.0802101791825458	-0.14691727156783527	0.9061888127381542	-0.5072168535307043	0.2317742547532574	-0.5925254174561845	-0.15476340485763165	-0.8553555677324539	0.4134539071696058	0.8833480138994212	0.7171037301899215	0.7432529485327204	1.309859171105691	0.050788886838444354	0.28303642574951354	-0.45633919580530774	-0.3683323093612046	0.4083565250860578	0.13568437279854026	-0.2962956393304673	0.04945106422074158	0.1729962228011717	0.8422660897773414	-1.259976355806912	-0.3014883461127002	0.32280713934757865	-1.771101991603062	0.703426464681503	1.2361160963600226	-1.4006621497574578	-0.22995006416197844	-0.19551742943362224	0.42844056105633427	-1.3606210455048564	-1.3490373754740317
DTXSID5045122	0.1932554993714718	0.5281927543842684	0.6091176546826672	0.3719738492972958	-0.2737208473410538	-0.12100057326436803	-1.1281284057535772	1.3142799539502132	-0.4993044857479821	0.22872993742779743	-0.17539617780205063	-0.34370678505750757	-0.6822471411481436	1.858907062617329	-0.8311471161189431	-0.8150519735565959	0.9727252943802627	0.0778001176100226	0.307061284935549	-1.2970065136299676	0.1514693176111056	-0.46870838482187266	1.4883079932421024	0.13604583269110815	0.31586289635053644	0.07194112625605967	-0.7878753825161324	-1.7255806659042658	-0.21284679184026536	-0.5844057898007889	-0.8731762110864159	-0.08333842912454867	-0.7605331064390759	0.2399320680738352	0.05581349154091249	-0.6293941358815817	0.14597784875380965	0.4419429281150782	-0.633982916441427	-0.2149369400453772	0.16552110048825236	0.17065553088388066	-0.061062718188261714	-0.23778941506356385	-0.5320666292822123	-0.08913934750059466	-0.22358772408099326	-0.46826581992948463	-0.1825507207941778	-0.16478652758553167	0.014524696420674487	-0.17616913440524212	0.15303237479572898	-0.4570963542669339	-0.3902878948541736	-0.4058307209968976	0.17166081123688576	0.0057766565534112186	0.0015517381184268135	-0.1897689439112365	0.31752132782214865	0.42246521703274464	-0.14687193047411856	-0.11476914747041761	0.24416434024101344	-0.17754862381285902	-0.4174895134982371	-0.2658737885805947	-0.04015406605348181	-0.2809028931885572	0.34350604987146555	-0.39528101689284906	1.2107068828349232	0.12426176647951484	-0.5654882038634546	0.30494010079670875	-0.14315485289087948	0.21522424425780498	0.36960421666822096	0.12115376146053113	-0.2068188185007196	-0.08079249602012363	0.8390522711022982	0.1300745719502755	-0.6961946976210565	0.048809596635309066	-0.44247906628826	-0.9407770896315396	0.24112672989147524	0.03533003097061896	1.266545274035002	0.19110555638661933	0.15681530449681297	0.17795212837833077	0.6274756044986994	0.08225720572225426	0.46985170774564056	-0.11381263101305483	0.37581150773712274	0.43273277468043486
DTXSID2024585	-2.3836759832200345	4.562020016762657	0.09280511566685827	2.5734989298449795	-1.3702507081366844	0.21679314745274192	1.2187139906713738	-1.3708372859500453	0.9465512559654303	-1.6432753638666349	1.9398227151178513	-0.7121953878838541	-0.8642987819625032	-2.1727446025896446	-0.5714725249095444	0.4900708298726991	-1.320281666806546	-0.54723311394285	-0.43940301239738033	0.6371761373321461	-1.0061736368366356	-0.12985776589224576	-0.46302681930702355	-0.7484282334000028	0.24877079839750477	-0.8526945379891785	-0.8085903185396761	1.8216985169954005	0.6215638079024868	-1.1562309780245965	1.6439648322005815	0.24794041819105103	-0.2913769260253315	-0.025536537934021882	-0.6203259856637889	-1.52613197208338	0.3102498812246342	1.0027019838910083	0.21033064484074035	-0.10056864707028601	-0.1645854152068831	0.3239317316646472	0.19491213000065144	1.179896077177142	-0.8847865701448007	0.6941307002970444	0.0358262356810395	-0.6275233096286478	0.9085226764317319	0.5199401212454621	0.5051519491570606	0.07095613639450835	-0.42066600223724016	0.10585925565926292	-0.183291208326679	-0.8395117747459717	0.7597722385133268	-0.45544763111013725	0.0948569964153829	-0.6940527052004719	0.04545919942155372	0.4423830489569472	0.3157608496172289	-1.2041740271881447	-0.36266658873377705	-0.06199926625862069	0.19532965583936832	-0.4818481869282743	1.028744256151368	1.2133129788471058	-0.16385095250997764	0.35036062103054033	-0.4094212833804634	-0.21588700209673461	-0.15152951989772784	-0.5143687769853713	-0.5500447389210028	0.32686860850923516	-0.08742513180584932	-0.6907366866596204	-0.258409867487775	0.10535863253608097	-0.38358371823028325	0.21058115934410784	-0.17544903295994804	-0.08012776951180486	-0.2889234117186862	-0.0748503514271932	-0.12200106876825409	-0.016768631834770408	0.18169463998887328	-0.267137563669512	-0.392672621836649	-0.2437542420963335	-0.34554236817082523	0.05902940131552498	0.05239894158119283	-0.1095378985437065	0.8210315164861812	-0.0008113206167383149
DTXSID1025304	-1.611660959374342	-2.215916707725399	3.035282862404978	-1.3670899930901546	-1.2688061260765757	-2.128639610227514	0.8592681598370501	-0.343094312251828	0.07927778035595902	2.2588464786948754	-0.44550977665064817	0.025943006647553987	0.3590522557611268	0.8665733587919175	0.3098595781075489	-0.8785837173693273	0.3424922883720884	0.3252690589118873	0.5802363281878624	-0.8982724945534571	-0.35815398015165795	0.05899985948491872	0.9789815384055847	0.1295214321604738	0.0894068386244001	0.5192050079877425	0.47291855735630994	-0.40800156504986873	0.07323228120671145	-0.45093942287142885	0.19725239798736985	0.05039246416096925	-0.2599606198183801	0.15653083715875446	-0.3387915325536229	-0.43565257778506633	0.06427887533619404	0.5145762295214694	-0.028427087659663747	-0.09228599435011968	0.3440004080326677	-0.14474179135899032	0.059606241203789476	-0.19994388140008063	-0.3934838988033357	0.06291539284551798	-0.10822869354779881	0.11523891433972673	0.13115082257738916	-0.027090730767001987	0.11064401484639833	0.09521745796881731	0.1933147773605055	-0.08481820508534696	0.05858872236661334	-0.4302469995252452	0.3745277811893951	0.06367931028584073	0.2007813756636165	-0.1851347644268359	0.26425390596313586	0.1440007065609461	-0.3205776953562889	-0.8835548745366935	-0.10498853157907904	0.12983676473412012	0.17335376346943557	0.04619045488284232	-0.48234388922206933	0.22729431623037494	0.34834287789418594	-0.19813517872540617	0.5908051699861568	-0.5852514192928026	-0.1892865636752454	0.3821813963663631	0.01193656178896702	-0.5053711612954798	0.252049993307721	0.44523541148997403	-0.7780585911679884	0.0618577730391305	0.5533164941245691	0.10606311931245595	-0.9710401719007377	-0.10700322651878019	-0.2728124677755673	0.12982873703028056	0.29972400585263725	-0.633783949116687	-0.5574796026610103	-0.29019053869384354	0.6273527746654392	0.6887021330238242	0.1701938633122469	0.01249287233818521	-0.3289866074708508	-0.3826468352628812	0.784672888186772	-0.6355538983463591
DTXSID5034981	5.823427058326609	2.486685565294175	4.235189101473552	-4.642790593946155	-0.4290463525934738	-0.039549218737486735	-0.5051101595290682	0.16418541651237262	-0.39374767697507873	0.2825580285684241	-0.21509912645076776	-1.245493330040264	-1.4511523337743655	-3.3645890439920585	-0.02060850012837759	-0.29373762627979316	0.4902107782944352	0.24794565884428973	0.3136859097635648	-1.5323234639788859	0.7460356054870297	-1.0777822061214304	-0.08748849149104963	-2.446289245677496	0.1832943418129739	-0.82299670570429	-1.583005041889803	-2.0952343690772604	-0.42577563541628904	1.3662186376414536	0.8419857210700634	-4.982203867933302	-1.4119063385715995	1.6882909100242356	-2.7195495702544403	0.004457330522570193	-1.2054382301617	0.4971331244953847	-0.3690115903015256	-0.4639133046427796	-0.7063384931837974	0.5318817744618932	-1.1119304323013808	-0.9292918358892484	1.2622102552402503	-0.48283924572727976	0.4212665989753926	0.970742743138503	-1.4836256523764242	-1.0005900896769298	-0.6162712724575662	-0.19066239456879164	-1.2541004298063336	-0.23096168302601613	-0.15769145590254707	-0.9977344076667012	0.3745266612269564	-0.08720377884545617	0.7291460904555893	-0.17051734327111664	3.2669561243289897	0.09830529320318383	-0.49406005554548066	1.6238515904521285	1.2975458788057477	0.645698110207882	-1.308103192557952	-0.7554475609250629	1.3709633605658524	-2.858734897989609	-2.2159826042379094	-0.34060274098670545	-0.8818381064587089	-0.9195486878823398	-0.39837692684722975	0.3846196862346601	-4.261232112464771	0.23722910633330216	0.20625469655461456	-2.196681067038608	0.876629042233229	1.802860944113454	-1.8424624593523349	0.37776021408593347	0.8707662063915479	0.05205832846205212	1.3020823367544039	0.5076600979614326	-1.3557717512695655	0.5219002090331111	0.7685456633550797	1.7565537363037846	0.13537610726746793	0.7890241301864178	-0.6407831068033332	-0.4803398168766356	-1.5933354785992337	-0.6486083732143748	0.9680323017468853	-0.3173321543572588
DTXSID8022161	-1.9404966635906735	2.1297956476850133	-1.263567231609677	0.827768659461786	-2.477035158421805	3.210183219318831	-1.8288117424750001	-0.6357937635680786	-2.9100095166931848	-0.18297474336646422	-4.035383524068207	1.1346705282937402	5.074783749649474	0.6339888521458472	1.7137230749729342	2.7025839097405755	1.9722854016843108	-2.3853477807036123	0.28403528937486444	1.5470315421332101	-0.43905080225477466	-0.8982310797223256	-0.5003617485231305	-0.5849790076411736	0.32644977190146773	1.2821420844378422	-1.7055681371954519	-0.5015083395028621	-1.7322579080030065	0.5841829992748796	-0.3342836548474142	0.008379754255890312	-0.22782957928932568	-0.00824949381606724	0.5306273557496245	-0.3588630920035229	-1.1723914030341414	0.8340213987086891	-0.5774494291159095	0.4804748568901117	0.6397370660197836	0.06845331268596011	-0.3401171037829858	0.25768755123503934	0.878830709837461	-1.8477867943737556	-0.6218464318658228	-0.3821601532954707	0.010907985944692904	-0.3670996635381972	0.22493488312362353	-0.7135579962146561	0.15924250110315305	-0.14471236967401532	-0.7196874462703486	0.3694851393643202	0.5224127468237862	0.22207659329938553	1.6848665792334048	0.06258277187512773	0.2809592463371175	-0.8594174395859557	-1.6193151650360145	0.9379651045648331	0.25525628998361144	-0.907633943318567	0.433173493706529	0.6278469902074748	-0.08185880334831871	0.4826643828742318	-1.3557477197714491	-1.0572856556071613	-0.9400144943978037	-0.1095222170451393	-0.07956772453679728	-0.15311212178693243	0.25049679463668817	0.20869240654385487	-1.5900176015531382	0.2534010838386361	-0.5299735793094156	-1.447754988023766	-1.5801977378015344	-0.6042545121418592	0.9018625232426334	1.5756338656936035	-0.2641261646896516	-1.4208273054340255	-0.17398611554026186	0.15461257721720884	0.7155806425953207	0.31624715380914553	-0.06342367522590543	-0.9515687259056592	2.3079753716881495	0.32207222386174506	0.39377151642462604	0.6918033115109712	-0.010825443476993478	0.012345485405285064
DTXSID3034456	3.5990390115183617	-0.4934708989558157	3.8018266810884374	2.0957350842293443	-2.999551402361117	0.03037294045846434	1.1790418177885356	-0.3137008108426483	2.4075185235820404	-1.3431831155806138	0.06294126405311526	0.2567449564470295	-0.6772433177996455	-0.764660428414276	1.2421339414087662	-1.8867977947111092	1.5192399889681634	-0.3960064958428331	1.1682614193002674	-0.28973607786421174	0.2817174597775969	-0.00776227895726038	0.9679775915741214	0.13311980637317652	1.517575462172296	-0.31745338961057334	0.23586208608722997	-1.0184085599609745	-0.2158873816556183	0.4672177623431897	-0.1742616599034185	0.6283869471349693	1.0994617420933723	0.30435293204077435	-0.3792292487195331	0.9958554289147725	-0.5854299870328498	0.08674717507263312	-0.1509306840855712	0.8084444230909229	0.1429549873617129	0.014335102281319666	-1.0148697828213544	-0.49479087742471217	-1.051438959770699	-0.1770982867353	0.10349764889148626	-0.09570556418707432	0.15768852612278125	0.18028015794633123	0.059256413501960266	-0.38987364286976994	0.1794681899153177	-0.24440484532158518	0.43085949811698454	0.22901635782002958	-0.4294088480775561	0.2482395116548496	-0.06350276010486182	-0.8437320086208405	0.7007827167541043	0.6037072925040081	0.47372705795219466	-0.7056885490421558	0.10940700099050867	-1.7989576247615835	-0.2646623512276429	-0.4428776529741043	0.7969444041834929	1.1226990076652879	-0.33731670039005657	0.18353638253075846	-0.9440403826916451	0.17925690359013507	0.337439371745887	1.0014560317947085	0.6800935286732203	1.440568379647286	-0.040451433929209024	-0.4684482274369642	-0.5988969221993555	-0.20756560410911087	-0.14107819810554126	1.0794027240220614	0.47396732839173267	0.028526715581611017	-0.3609851219138571	0.37552548238601813	0.45891949795882	-0.6675692050847702	-0.03200665175498268	-0.16431133723200791	1.0079213529776316	0.0172838186112925	-0.44745510312559056	-0.21417739032507804	-0.8589534072106284	-0.7751395462658415	0.08292386972228509	0.30462548806773626
DTXSID0025816	-5.543484729891318	-3.6973643124690194	-2.57397870204173	-1.2042937817490915	1.7508804539197753	-0.4496256384776353	-3.7789892840527064	-0.018734037913675047	-2.5364583855506395	-0.38589112865738906	5.565274767195669	-2.71030510204649	2.3084570432919085	-1.2360875221478653	1.9164722456660688	-1.484452750272999	0.653751197538941	0.36964100383105386	0.28309901077427047	0.9778621882761686	0.07667951304939602	0.9149452000526409	-1.8858798067650262	-0.7190820661769357	1.0627128087222317	0.14260598083662615	-0.2541591209809969	0.1705502944649027	-0.3339695406568283	0.4193097324576774	-0.439579361886657	1.0700444178471855	0.20938560196315467	0.6295140049032092	0.43695941246181386	-1.0004467671081267	0.5638753626968809	-0.6653815373562532	0.897671210400139	0.3195548725790758	-0.8560296188066834	-0.47969844272644496	-0.854036871681702	0.04378300200225918	0.28791473631113845	0.07987666924481393	0.4386508850720337	-0.5037429428408013	0.13653431649982953	0.09333420126663922	-0.04849150475295231	-0.41031248973407647	0.049134796996795384	-0.2873302097882581	0.5604850131470506	-0.3306669813666973	-0.025750522898525068	-1.3214222953441936	-0.1297917320437906	0.4242305858114958	-0.7043625546806321	-0.8464564541900901	0.5784539260993592	1.0377221293185852	-0.015604773249152234	0.007710692342886935	-0.5997532728388866	-0.21577168330289198	-0.24428997602579827	-0.33215864856320415	0.9330178493651546	0.18061190820857873	0.318144956088695	-0.044925103649211255	-0.449160989531843	-0.08082898583597037	0.06930792917564846	-1.021249887244306	-0.278390707011467	-0.36560391044142637	0.30140054991947324	-0.052818186723714945	-0.10867714321713447	-0.12411592451112208	0.6377120684087272	-0.09003995432826459	-0.38096173448299137	-0.4837165361631585	0.12429012554958577	0.8201585632914755	-0.8343302859939418	0.11012066299272032	-0.9580037487955284	0.16090239013804106	-0.2958845981128433	0.3484562551624412	-0.7985515718140893	-0.1513097181219309	0.15227809514846835	0.044620513402545046
DTXSID7044398	0.3992528435694304	6.499197086954728	0.24014775912505387	1.217108072328981	-1.0856646211666314	-0.4147225448810703	-0.883717623586909	0.3971897125615232	1.7859259437523274	0.6709906601197732	1.4407027435248967	-0.22854425280683538	-1.0846779634515016	0.34449261135054715	0.5665608950003224	2.2747008082662425	0.7752130538327494	0.03362684972804344	-1.690243681226147	-1.412797599019276	-0.5918512301297603	3.529222456844185	1.7175372522058747	1.4108753274423045	-0.6541280905962754	0.6274161246782353	0.8947526540087101	0.6095854552424997	0.6143621521031336	0.40873515340663275	-1.0873819798969386	-1.4597850283810836	-0.44095472342329906	-0.037103514620436436	0.5513978700061698	1.2313963044162628	0.524471666976167	-1.40994836849915	-1.1020837956203045	-0.37114546419182753	-0.5511711973727151	-0.7219165365578034	1.192681877447653	1.1289096210773528	1.1672101967264195	-1.9471543861892133	0.7213851149939751	-1.1978976363016227	-0.16090724415892252	0.3128523028019766	0.2458845052018757	-0.588326683800893	1.1365922420562617	-0.4007709723253332	-0.8081230763437963	0.1715549126971555	-0.49858813679903363	-1.0776479965591474	1.4820404577461832	0.9529145406887344	-1.264091893698236	-0.7585109527359436	0.7124447511769001	1.3871096167935555	-0.5834957312012551	1.4067207880777512	1.140884052107457	-1.2218797743604672	0.7871168647207626	-0.3066809787892842	-1.5496009047482016	0.22330930782041378	0.7917523120066485	-0.7941961965191855	1.4743567764931873	0.06177212423497483	0.341161895891554	-0.011950784010440653	0.37852599877437937	0.05614157966840794	0.12227662929515012	-0.08567945125968668	-0.01679202388385295	-0.05310675714661738	-0.4817481970920102	-0.18625362871633167	-0.25987314700337133	-0.8042482578385287	-0.24732558345915856	0.13619940128391603	0.49479123048762047	0.16067452056032125	0.09978267266695187	-0.8073705550803248	0.9186109500513688	-1.5215810621463244	-1.4421435971202232	3.1026575222018398	-0.12626706797518922	1.3149752756407995
DTXSID0029210	-2.3722964969352422	-1.4975923639384123	2.3665779243248117	-2.8946678623744226	-2.007146788215181	2.5002424019318736	0.30005852591171644	2.980274121971292	-1.2129300926024322	0.4427927317321924	-0.1047322929188143	-0.5265489964465389	-0.11080398291026515	-1.2885816396703882	1.2082785060086088	0.1439864700601724	-1.0250210219821838	0.211023766435236	0.3068422798008011	-1.7062004613289075	-0.2578736155314652	-0.7778058103523652	-0.24121558804777102	-1.39096845855231	-0.028946231906412018	-1.0159158951122558	-0.7883654570956675	-1.1315121335163125	-0.58533782361902	1.227434420457163	-0.1552536362487739	-3.423593336172775	-0.05171320769426566	1.6121086774801596	-1.7749438921062546	-0.21405848540884156	-1.5328090123772729	-0.11214700467090845	0.056600391237644015	-0.144691724141215	-0.7012175621340739	0.6168887770198765	-0.8483432761412742	-0.6972265566198147	0.9062474634847191	-0.37527773005298204	0.33040216873827	0.7833473942329078	-0.8867879656662896	-0.772038251432804	-0.33185597589315685	-0.2708172294074363	-0.28007798797154815	-0.37064960413295933	0.426329604691303	-1.0979636455095634	0.35157383809150416	0.6502584210067708	0.42961581904948604	-0.0707806126111099	2.0193444192843275	-0.07939767218297189	-1.587427403442229	0.6659093840475083	1.056173427227824	0.4050403889372469	-0.44333670829206834	-0.404203042002313	0.04157196883242484	-1.9418725264849703	-1.572463248862055	0.1774632872851462	-0.38716557648114364	-0.39192760034818697	-0.8925965544061694	-0.05645043294547279	-3.1563587102677353	-0.23817710445474652	-1.2475102159001537	-1.2131632503033896	-1.1303172362995317	-0.48104463852841634	-3.4509443698761566	-1.5712625084018224	-1.209662764216903	0.06011775838130975	0.5937155372858929	-0.7870396981713494	0.8926969633426193	-2.0090916290779908	0.41296604456845487	1.5546795607213768	-0.27956123360190455	1.4973472735342357	-1.575246275263972	1.551675739968079	0.19117081155851273	-0.2559685475156056	-0.40896342518598855	-1.215448806773093
DTXSID2029169	3.947707426097923	-0.93703546744327	5.184560627100284	-4.291077437574727	-0.13650452964641588	-4.746697321168138	0.20620974220166313	-0.4804941114687486	-0.14922684317173152	-0.09943681240660818	0.14047425723904322	1.2327317291814988	1.299807276289311	0.20963379637559457	-2.228213840273967	-0.8112224636707451	0.012623571010186971	-1.1687291222792324	0.6914392504883833	-0.76804603653134	-0.28127625454900634	0.12450982533697484	1.0065666419635804	0.4722992683418531	-1.2349881560043356	0.17736294060396063	0.767008478988111	0.8233531145206648	0.3553599694763532	0.5451126039053706	0.4238343059479281	-1.0050482331851827	0.5996123410764187	-0.6402120755442429	0.029996468816119583	0.2530225688542185	0.01588124681792526	-0.2255560645438754	0.7233084240410146	0.5365857372848283	-0.08916651512752491	0.522730853931242	0.08658010862293357	0.8549274608410493	-0.34312671887568363	-0.5665476473823265	-0.06337273577179399	-0.49096473342072144	-0.083484674264337	-0.28531256236961	0.2560256104417077	0.10489655505722674	-0.09497067101692931	0.21774060923057043	0.3937491054103534	-0.7675052051408577	0.45574863524149467	-0.02602204855436891	0.5386000648595123	-0.19972098676128147	0.32735963067501456	0.2757856775012545	-0.8497081232950147	-0.9915507269650947	-0.09756872232536724	0.5745375661055515	1.1688742532027552	-0.025968635573630862	1.089370804102259	-0.47033131484767876	-0.07326901430523024	-0.1450511723564671	-0.12272512019820217	-0.10803749177148857	-0.3530392493764936	-0.8436718000158911	0.36623368958511526	-0.9464310514444247	-0.3605534634586666	0.1917922801353424	-0.6884250397438595	-0.15095884039089305	-0.4007031697060997	-0.26563493060342697	-0.16858663901046084	0.03325698874331819	0.9360448128772516	0.9020729736812236	-0.3326976632005327	0.136466401224004	0.14305593754642582	0.64953570615165	0.20523726024790126	-0.5767517660553441	0.2700948707359421	-0.14953454634053218	-0.011232904209421269	-0.13592068670750135	-0.6629455845744274	0.35126498851295673
DTXSID3045805	-0.42327346646045055	0.5088056017776115	0.3950125089365765	-0.09997506889617369	-2.0617597857051915	0.49199811127139764	0.39679541097706356	2.2089301444925122	-0.14659141856667754	1.0297952674257935	0.0633206635230985	-0.007027015505412299	0.7679906878967024	0.10006131415177981	1.3419835208752717	1.1342196085678544	-0.4516022349961156	1.3042893677739633	-0.9200931331218124	-1.6443631056898556	1.06960302030167	-1.6302868338074683	2.042778429853795	0.269584804415093	-0.7932865472784554	0.3214624296623655	0.18717484425275416	-1.3847695747627302	0.5302310615590562	-2.2093505910792692	-0.3534411071643816	-0.526039777150853	-0.6533708610322188	-4.014709853530779	0.14960963857535042	2.163949742933173	1.9051770578476077	2.5642384653258277	2.0547513721155255	-5.216832296542487	2.450003697896717	-1.4257949162566856	-1.382486957628898	2.266133827156653	-1.3877376216037758	1.1769047001998383	0.7564585112987927	-1.170431848304636	-2.3202265207101473	-1.7732157723252442	-1.5912282294379978	-3.9688423518968725	-1.4714285739316526	1.1243335954936788	4.178162626056565	3.8774799516765253	-0.11172649175726486	-0.593580187457574	0.7868405072334432	-4.604639539633027	-3.177493655133082	-1.242814652486828	-2.321833714481992	0.44724269291776936	4.27732933995159	0.9144522387507457	-2.74998678655635	-2.648113582348763	1.3695902270051545	0.7255799507590915	-1.1049121148483738	0.9680145115018204	0.2599485203917171	0.19654443439456987	-0.08203767366204578	0.3857937297284925	1.1330175189695761	0.2579925838755742	-0.19767346298672192	-0.838618836327478	-0.4775809763555799	-1.4787858786413994	0.3662051378207912	-0.04955759619662314	-0.880065063245834	-0.7986325373247516	0.45486923279535973	0.3523494434867486	-0.28746984662509734	0.19408382040434122	1.0110965246268182	-0.13946726956244326	-0.45887909380420006	0.06650800570381708	0.3712954545192689	-0.0809385275450871	-0.28126865354175135	0.0073432968604900725	-0.12680184913276166	-0.2332673528625557
DTXSID3045271	4.906405324026082	3.6212743422932565	0.09945840900104272	0.8526006300219787	0.9938656205168338	-4.282686380524211	3.1074892514682717	1.5272313510227935	0.27099264890149505	-1.245745301753788	-0.8160477440313348	0.2826455787595095	0.7390600074986788	1.7376190112932146	2.297857217975348	0.9944151363060852	-1.7237452398445294	1.5642201670396865	-0.47804892200998234	-0.8304280121046754	-1.0547735200520703	-0.7395500916143075	0.3723445869759353	0.19377474394059305	0.2377031091153238	-0.37439157242592525	0.20682954001696013	0.6304382588234929	0.6280546398041092	-1.719436287066726	0.613629539357721	-1.2109719211722991	-0.2165535162581225	0.11758708144326001	0.3587947964025031	-1.4579578651660117	-0.4060236379893761	0.7382618327349308	-0.997324841457641	0.9929859058333116	0.5302403527190866	0.39621578845009947	0.8563109953649837	-0.5569187828149124	0.2028489444959894	0.2796729777893162	-1.1252675075133296	0.1647405428465953	1.1668243004409335	0.7108643169678838	0.3142415887887659	-0.3679432102778395	0.4900460140486692	0.038876155467976334	-0.5221631796457898	0.4962169484522129	0.9468699431462564	1.1535146600935662	0.5002992978547496	0.10405559690792145	-0.9753777178995285	-0.9419980667382292	0.491512878592396	-1.6131010845868394	-0.08014208431001753	0.43405221008853345	-0.12579496688590722	-1.6080188103033621	0.4587584836056653	1.7502989741801465	2.0397628605848848	1.3429880965037635	-1.7936008423009495	-1.0713263610945563	0.9091506973822745	-0.8006487265922183	-0.3728115149476874	0.3832224128891486	-0.31176509603967956	-0.7178490346072597	-0.6629447729056991	0.1404105986418862	-0.32180397624453	1.1403547088238282	0.01842809286919177	-0.1302583250961822	-0.025046618583963006	0.8251536144786883	-0.558387965928525	0.492440056468554	-0.6611485642854167	1.3103119024263756	0.9579801531110778	0.4394430805386573	-0.1533142114027857	1.3428531816916875	-1.1336152320559332	-0.23759701374697173	0.48197137172065047	-0.8214156576309377
DTXSID9024691	-3.4488980448724034	-3.9857195066506153	1.4341862656305269	0.06661739585606997	-1.8757696198178915	-0.990122176911798	0.8450165293075774	0.17322554292705705	0.9614136648518442	-1.6972326923857473	-0.9719212289933317	0.6477610150511808	-0.6785607981488369	1.2791294425054804	1.5320666099317999	-1.5024475527992636	1.2157514694578146	-0.2781711648661199	2.0941337293738096	-0.31909674388141207	0.17893861387023502	0.3315505710095572	0.9116114909913396	-0.05147022493472076	0.7085260231355265	1.4096726281576717	2.6694846045109113	0.15783945439143202	0.5395660488356707	-0.44455573281531957	1.4809968234497999	1.7621485019210188	-0.7355964579130035	0.5903481952080872	-0.5607626472680274	-0.6685678160050843	0.019879476768563654	1.2825434592500948	-0.5601502777441106	-1.0913512889463197	-0.4109580009613217	-0.19767630803573014	0.9832559979935876	0.3686145220321341	0.24471874010298084	0.5151399709421702	0.737039106126273	0.2467659385451471	-0.11477079166359046	0.25372883336332747	0.11264617163930565	0.9911109425806289	0.2314352394844184	0.25370612052141284	0.295517634750569	-0.16499356977438	0.7913774598635811	-0.34202771431737017	0.2123531164439418	0.39167160219330766	1.0230063189708738	-0.09813266746488164	-0.07185415869089823	0.39321869553719274	0.5737093465612213	0.5317995334600019	0.5083915953195256	0.3140101965251848	-0.1173972437179426	-0.010805105526045161	-0.22978353239944752	0.9313335082228658	-0.8569748687889591	0.32079818008021793	-0.5737629856047806	-0.7918472119647441	0.2569069629694715	0.08020734028881248	0.7163084435529616	-0.8852270279518388	0.2579749977166069	-0.08707391795230496	-0.359709820212965	-0.4662782889401214	-0.2050180214518771	-0.21006739548893313	0.24635680261958554	-0.12579192986177082	-0.1933353100772088	0.038586550517582835	-0.31782177201918316	-0.07204487233985696	0.6723609061620475	0.27297141794672025	0.10596124177023868	0.14792533275178762	-0.1277979841321349	-0.20902342874291108	-0.1740982862447326	-0.031362999881189735
DTXSID7025639	-2.358922312326405	-0.5514600393623341	-1.9111084170832378	0.9619859207183742	3.0193738760340008	0.04068084163757007	-1.9655787691803135	-2.164647251026473	-1.307264600039816	-0.4863692496992021	3.107021773599411	3.7438527082358	0.9473396564208184	-1.7256440313347212	1.6748375233323913	-2.1515375375444026	0.8480826384846382	0.3364625735195134	-0.08690353023654288	-0.249986270544518	0.2906791498285578	-0.2854343592877137	-0.058040181680514724	0.847094547800141	-0.04015608746757755	-0.6766600706076226	-0.13735719364907142	-0.00031338368566787445	0.1317500751519172	0.12765866148141716	-0.5064834427117496	0.17066260462983224	0.4601630881022152	-0.8148517405673683	0.0003748034090911984	1.4433590527493139	-0.5802882236423896	0.4241279699816913	-0.9863411837762188	-0.313566939872558	0.3706796937464736	-0.11342204779922781	1.1198955777110087	-0.7125244857033156	-0.5327561428257308	-0.010453272718080957	-0.30698340340430263	0.6836047453426632	-0.2351693264885303	-0.3477634537079626	0.10076862171642378	0.6137602010652066	0.14053718308311353	0.32514660822147395	0.05551564542839813	0.6857292770065944	-0.7162458054170995	1.1730339977907285	0.37750588155356773	-0.2308751295902284	1.0801100747748738	1.1179785314299113	-0.6353918090450328	-0.36999180790254704	0.4831965827005546	0.3457610849430354	0.28699009005013565	0.16130441543220694	-0.2413267962489587	0.3796719102049544	-0.18189387626104483	0.049933568823075536	-0.05090303027989933	0.06057704089172932	-0.007694620988182741	-0.3009369127249296	-0.764438729465855	0.3542351867827953	0.5799003530519947	0.5258258271015893	0.5887463617533808	0.8593172040212508	-0.11708221839180417	-0.9259527579753573	0.21992465943983652	-1.1637238062673272	-1.30176714885243	0.44726627390883295	-0.9751770361621585	-0.7067627350703163	0.5136495126227272	-0.15506541474110197	-0.040024519378432113	-0.5812814727058492	0.09579019458851973	0.586323575021345	0.1037655700104134	0.004174446715614745	0.2564412152060758	0.2673244011571103
DTXSID9024641	-2.454948940190614	-1.415880837269221	0.6614725332100819	-2.8722677069237346	-2.4654232948868438	2.7276221724063565	0.46837434910376596	3.009353457688554	-0.41838495332345216	1.0950488572732537	0.37964825047084044	0.08595878981391344	0.49069590922508977	-0.8979229222908156	0.5237014462803363	0.7593805791721076	-1.4232338396960353	0.438752991888966	-0.8607587027990408	-0.8667657539400923	-0.10467161642453747	-0.12020706538934241	-0.1904630339625795	-0.8261909344685352	-0.07034594973056195	0.0295685764941109	0.14799358338636634	0.5633839668076593	-0.23312414891948008	-0.333072437679935	-0.2297498906609266	0.02259079642807162	0.378513350936474	-0.26964347217290907	0.21819406890696094	-0.03979439719807487	-0.5360996686455618	0.015712252744068643	0.6636113485043306	-0.22724403631538995	0.24989917288344757	0.15765336638100408	0.009742671227213487	0.15966807022017546	-0.18851509444656578	-0.028938028222944646	-0.10784346285071593	0.3070285517318436	0.3063461258481163	0.02384467206385852	0.12387077225351202	0.21830579707935532	0.2958344598466897	-0.024552698330698425	0.4507011934668019	-0.33891542227059207	0.43712684810969665	0.1636652625953612	-0.005042512630453329	0.11168372482730433	-0.6333852862613962	-0.14732332100673545	-0.5679058879605607	-0.32127996286173366	-0.24730815884479182	0.04021983632753491	0.8311154999489145	0.8273391543160799	-0.3404469186099494	0.3834702435097674	-0.6275508061648837	0.3713349343657745	-0.26831194069581504	-0.3397289822051926	-0.5538515878699797	0.3698868821640673	-0.27486200673303657	0.2148786476046767	-0.5606766960147741	0.9112382547910288	-0.7499399550433343	-1.2349098951681026	-0.38961532032091434	-0.85177624155068	-0.13160868686878416	1.0502647040057427	0.011195460919718911	0.06572156985479305	0.00982036889144117	-1.0806709038722253	0.22366609629178938	1.2377447783135955	2.0952547028209354	0.8016844787598238	0.358929043389162	0.290521684683028	0.8170605979557565	1.3305859190561915	0.02637965729284828	-0.6597322153295228
DTXSID9046607	-1.567347285207488	-4.057033903175238	-3.003913436546104	-4.642032547034926	-0.22016049234551735	1.9741461377466547	-0.09380582300568607	0.04817412059336418	-1.900818669195208	0.933242763228858	-1.8050362346730204	-1.5126590990539612	-2.4938958748034277	-0.9338680266976945	1.2992654468235756	1.0642595820228231	-0.06597981327345086	-0.7806820622684186	0.47253034813942496	-1.8779946435162838	-0.13426994240715853	-0.42826338103202577	1.1902726458578377	-2.167961111585142	0.5759434719106715	0.8370049375345644	-1.3942138691051629	2.2308474521834203	-0.3435532947418478	-1.0226362129383442	1.7184064468386986	0.011628091759862569	0.057566346490218044	0.3167298371012983	0.6961784625808326	0.17975800476619042	0.528408195099016	-1.2769026154016139	0.28567382602133773	-3.6086496929639154	1.1309340207371532	7.1546533332639655	0.2649445606777441	-1.5755921604393377	-4.3142048084384035	-6.677594380419088	3.846262307354019	2.345048079348075	1.899519963382233	3.251267257779649	0.5714938694562953	2.9783182292878942	-1.9684973720229852	2.0453188949694674	-0.3599637697579112	3.2027489169539063	-1.231772115416718	-1.4688507289340582	-0.1193756084042386	0.7068867947888381	0.24345455912182776	-1.0644766968128179	-0.059068273380072915	-0.3776723334663217	1.6233013368115279	-0.5580292362738989	-0.8449478075837767	0.8315705120510106	-0.07781651506885316	-0.128959462369447	1.0938240194423348	-1.2398894289808176	0.8870298311112684	-0.44858769065664295	3.0051073112085303	0.013852794043229743	1.4764350257882706	-0.8405540800128037	0.00842045205228569	0.24551979716845646	-0.3983522324763086	0.5615518912380708	-0.1881800012993689	0.06818588508648502	0.12508040315928545	-0.00101033707387397	-0.16368567574780277	0.05550033891969062	-0.021078684428790535	0.01837617635428794	-0.4615931264018144	-0.0876375709619774	-0.050384204387048416	0.308455188938962	1.068057986434459	0.6386654746546311	-0.9143423707828907	-0.07936443741404993	-0.23071651167748894	0.06642723257599739
DTXSID5046857	2.8180142981919487	3.182504254535842	-3.8953356884710306	0.036651686569641885	1.180971723925716	-0.03230498402918729	4.516637755919609	-0.8932934266271533	-0.04348552729692239	3.056898384250564	-0.7757642137552709	-0.5165987661612033	-0.9633212047566035	0.9841065396963972	-0.47392669710104873	-3.0259386258971963	1.7674451748234459	0.7470410099611658	-1.7329001464688132	-0.10942439480951069	1.7360451271458257	-0.5630242319635708	-1.7553485847665011	0.03188131018874377	1.9467119450528898	-0.5313063029378644	-0.26753684805005734	0.04156616380428219	-0.42926150738361313	0.1518102253090614	-1.0200279709216808	1.1493313421664555	1.3215004146964544	-0.6217295327427217	0.33533039343185683	0.7107194682341069	-0.9997225297292742	0.04586133680062992	-0.41399050872100834	-0.49113375737752	0.6484823311507163	0.6509218864950386	0.10969394684512637	-0.26423387135934234	0.21780832378141465	0.3060284821173394	-0.4646721307753369	0.41443142048558956	-0.3273922052431674	-0.7541955053964465	-0.3836656310889958	-0.617277608034497	0.4002009860514643	-0.013662338997797664	-0.40536147211224893	-0.14810911750723046	-0.49076839556129537	-0.2668799282118579	-0.09957266553781335	-0.8507055397975448	-0.7585167609802814	-0.4818158550866061	0.25820495151516326	0.5626158325066084	0.09810095611591381	-1.585503198318301	-0.03707552739539924	1.5255011990757243	0.05869697628555936	-0.18545062136926124	0.23175383435494964	0.31282176096119724	-0.724699054854633	0.4074111556019293	0.2644704307148917	-0.015051051944657154	0.34580266137983484	0.8691990984591882	-0.6252734337327347	0.5762579376927897	-1.2259223124688232	0.6390448492714411	-1.957039763192679	-0.5909863102488077	0.789464424026179	-0.05214711234625057	-0.23696048381022816	-0.9109707275157553	0.4229702469554777	0.5243773496055468	-0.46759116125535827	1.2979555247489494	-0.6354294349217048	-0.3483914486165455	0.17887271134994986	0.46988685365609206	-0.5887283909530313	0.02165902266741132	-0.2933896704402876	-0.4509907957055953
DTXSID2021442	4.633345759130141	-8.741942358601342	-5.198829855384467	1.2992522932516186	-3.685706285033658	-1.6356012289664916	-1.8603837311019937	-0.9689667930855693	-0.1523828818918975	2.3328235297756543	1.156815469744915	0.3133353130846184	1.9430292108416711	-0.8085527897080669	-1.3602405609718367	2.5533357221705204	-0.4463945986931399	1.9346697978568386	-2.0626643029893303	-2.240864072391128	0.27518853652284514	-1.4127810911230947	-1.1607107240841419	-0.008929778085353486	-3.824872126736243	-0.05919137441832992	-0.40212552739793983	1.5887802911917164	0.6322867721549579	-1.2983860600735857	-0.1886298799198496	-0.22826799723337476	-0.7925472762582594	-1.1063538774278174	0.4079240740255757	0.5485447918730325	-0.17556885606974226	1.3813110411525034	0.4486440001051612	-1.2065107981318777	0.1239878488452076	0.8109913287832567	0.6714046241549149	1.0914115478021995	0.20548560501598076	0.6383708857152158	0.06862898865809335	-0.5365844373833928	-0.08557121232588863	0.050329771193343746	0.0023196496985027947	0.27040877045254513	-0.09554532043917266	0.12272501142582451	-0.879425321491704	-0.4525754414929587	0.4866013840382034	-0.360739424408734	-0.8283232230024092	0.9800925632453286	-0.5107818131730029	-0.40188299977328695	0.04790694339994128	-0.0270854807345462	-0.9690514121560827	0.32542182036941697	1.1941692083620286	1.2447609025368633	-0.07842048283521909	-1.1604925077629198	-0.795913127905745	-0.07229259198231362	-0.5527158324834213	0.4910979184825966	-0.07547777021105406	-0.7044339251849452	-0.6523079561574447	-0.12219437699156781	-0.16048383554006576	-0.2546432794193583	-0.7212810050698802	1.0470251675415443	0.06701544361074734	0.19237167884536185	0.743015961091036	0.4093920259943383	1.0938659145157459	-0.05924667802284988	-0.6696904966307063	-0.07645647326869646	0.2567025613045634	0.31212295582091526	0.7364043807921273	-0.46578289084367297	0.15363837575993972	-0.28029174569325177	-0.5012952918371899	-0.24289101985511471	-1.1422168662671626	0.4395059346470309
DTXSID0040464	30.598213465080466	-1.3858986859434503	-0.48365348832098004	3.557601688129749	4.756774689403766	-1.1003812061701221	-4.984282511357493	1.7181285678383003	-0.005214865182730863	-4.2530403766007705	0.2623272255852212	0.08452498334822048	-1.2193309137681954	2.7846807450456654	-4.280373163961299	2.045078551158182	0.6892260809212506	-0.27639647359290614	-0.9189766553472527	-2.122307041476348	1.7182698221619108	-1.0396502831712824	0.32563705359733064	0.5016965500131523	-0.7309086762715383	-4.133121500534174	-0.6977027122233804	2.0314725821305126	-0.6711161779563314	3.9897998316576566	-3.099891311109717	1.169275252570207	-1.3874912511564665	-0.33368039300419	-0.31913985740405937	2.5447149611449595	-0.11321110828164871	1.1312450922079234	-2.3498262597837845	-2.3109442793762955	2.100974011288237	-1.538448901251064	-2.4643344470739303	-1.106231676452184	2.2200426825069175	0.6744962380859135	-0.37737329215633864	-2.1326076997524237	6.689452804590505	1.5060213766578234	0.8186406993345087	0.1183655034051061	-4.771909708346869	0.7106851431223248	-3.1042735179239096	1.9399131336979463	2.465032276012826	-0.47465033048523453	-4.45396816097002	-4.94850352498586	2.107998419339105	1.0612599890303198	1.6201125034760133	-0.06771582723626016	-0.24706635088604587	-1.390550539183307	-1.3064231639316932	-0.9999547072274905	1.35228540284869	-2.0260163112620293	0.8122114274388585	-1.5024194570715366	-2.209511141654123	-1.3999350240666955	-2.372945040506668	1.4095855787340488	-2.206342358229407	-3.3360409117993943	1.115518149622705	-0.8746228637533896	-0.5255604464264195	-0.09972908369978244	1.4586043799423534	-3.686862571147586	0.17948379744532791	-0.11396013494652252	0.6457179558645321	-2.5838010470666477	0.524279382645276	-0.42768174178073326	-2.399616274729645	-1.9812312980758984	1.7727646535386063	-0.5882045212189243	-1.427762406850096	-0.8577142224686858	-0.8859958200428097	-0.3833246637162032	-1.0423584079685833	0.6829885011923497
DTXSID0020737	-5.089013982958977	1.71860916896752	-0.8457831482256717	3.0489097774607936	-0.6681053420657749	-0.28898209358947435	2.4806359552121484	-1.3347253573047804	0.544790560411595	-1.6661137000617767	1.507372171314076	-1.5633839338329278	0.22320643014753416	-1.9314904123750452	-1.6463282106157173	1.8819755826726439	-1.7896479747365854	0.7978703507582768	2.9207684850550253	-1.4681926060604888	2.4289602361978977	0.8714211258439741	0.11951151357301476	0.47602295444219933	-0.5644365209861558	0.8321288351533832	-0.07633133700511747	0.21127724016075453	-0.6831053721120964	0.44372300476700244	0.07862781391226036	-0.43211100683144327	-0.34716415187423366	0.137800892547575	-0.6449059697484282	0.2602084763908578	-0.10133263040296127	-0.21644813167586083	0.22352271826777578	0.34895492351391455	0.4392433587223465	-0.2764033494869196	0.41052601574519065	0.5133926606427331	0.05740374772192143	-0.7812469376400051	0.17487890821843605	0.07139656437575853	0.10553201959454257	0.272562142389782	0.10842671344928445	-0.2820111245345882	0.11621345796078808	-0.04632931758408432	-0.17850645770489137	-0.3472041976895876	0.7564998514145782	-0.46530247963107496	0.6148661743510361	-0.0870641244133362	-0.07588775852591495	-0.3788790871808705	0.3267278459274839	-0.40478635292720827	0.12369545049990742	0.11088991176656866	0.19145665131627929	0.21534663153443107	-0.16999343375215872	0.6958364101700807	-0.5440430253354785	0.9301369958496899	0.03329173059739291	-0.2999315419402053	0.19718047368211244	-0.10732245055893803	-0.3238492015002127	-0.15164187858268174	0.24576072236297195	-0.021375261524361703	0.38854448011234044	0.14902678998578303	0.56885412083297	0.055566663703073886	-0.3532757941656592	-0.1739579862619675	-0.535313292629887	-0.4730345009200899	0.3085080268997687	0.34470209115208506	-0.05151573847883869	0.206392788871477	-0.38616202195171706	0.2521057321976594	0.11124120954063176	-0.28738545817794503	-0.02965588728864718	-0.09909667930701227	-0.05624394562062249	0.3857969154036356
DTXSID0040547	2.6757112019382174	-1.292753527034858	-0.4091200272018708	-0.17724492203520786	4.219570231091114	1.9977672657418215	-2.6498524443361715	-1.5506638298402726	-1.5155055914663242	-1.3185150745075487	-0.6797823063817968	-1.977564274519163	-3.8024038772783304	-1.005623909891293	-1.7462033742376737	1.7830528229990776	-1.0927172467339745	-0.6007244511794874	-2.42426211212757	1.8398280270637035	0.7658253025056512	-0.4999273244278272	1.61856072730066	-1.2005460607225913	0.08195178191824984	1.3917734144821245	2.8413686775843687	-1.4604602400745907	-0.0655250479295609	1.0566557875028748	1.1496770030306904	0.37325057747122964	0.4130460195715072	0.2623588552942369	1.1563058758610396	0.0598793536303154	0.3036701352597461	1.02622183099487	-0.1734151599723951	-0.5163579069455477	0.6629504194524621	-0.3886439076964956	-0.04464809565985873	-2.0433946007806263	-0.18043659024331757	0.6373492890265156	-0.09517120468257403	1.1651991145761489	-0.38304568308971065	0.09212453416127558	0.03302007683940836	0.9527596984850724	-0.031902389028372655	0.3192046409316765	0.6970908320270843	-0.24736724296282106	1.5363000787796592	0.36756842925446565	-0.2268373429341276	-0.3183958059518301	-0.14262447908121134	-0.742118068004279	-0.5342706029705552	-1.3040191469911289	0.42551656434746343	0.5836682622801652	0.2860254542106625	0.20653417681756214	0.31888084276395545	-0.40831900420242456	-0.7120728048309556	-0.9145443638120443	0.8217071880683903	-1.1992183704815391	-0.250281590135407	0.1282727155336828	-0.3503875998236891	-0.6847520418995509	0.35697602731939565	0.21384256980016195	-0.6833856476231409	0.9465757249434823	0.5051270591753414	0.11288436552502265	0.911199433694895	-0.27071921280274963	-0.31943173785480855	-0.4543207253822912	0.3370727646326053	0.26167324218021876	-0.4455937061736146	-0.29698803398369167	-0.5109017654606003	0.5212214844238049	0.504969479902378	-0.023248582055687816	-0.3827423632412644	-0.3133007713720518	0.7625046271911807	0.1520024943279361
DTXSID6045743	6.945202135500662	-3.1134739954360677	-7.3279236193583035	4.815501096359173	-1.5956093498828827	-2.125076923474654	5.7459824520843945	-0.7816356879591168	-0.8281817928055584	-0.5406520705188008	0.49938773313762286	0.13967702362803533	0.35809516111901085	1.6359544914754711	-0.16629461482606378	0.154605142175384	1.467658193649788	-1.675740249811502	-2.9631942584518844	0.7198334069847533	-1.528754624564122	2.2073362279257007	1.0464510352198786	-0.5660972156661852	-1.7958395120949862	-1.945702982157325	0.02899680413660736	1.0369547516483504	2.669592160316275	-2.085326870611916	3.8870622165956408	-0.37991943669012074	-1.8849582423666302	2.1132793104549568	-3.458184749912691	1.2332167967386833	-1.0691001355208283	-1.39668051994602	5.145046933940537	-0.5958958150673666	1.0043596533928416	-0.9272518713781929	0.21989340942584337	-5.390694472856524	-0.7722022573022115	-0.19132641052551752	-0.7132298527740933	-2.2388817954027496	1.6427080033482329	-3.778388531196641	-0.09375942103071475	0.26839421443694317	-0.9124255040623585	-2.6793335822827014	-1.785908970643034	-2.2765165867699952	-0.6019430565102111	0.5091968485508144	-3.534131675286619	1.937876633040421	-4.181424452764856	1.9813230029060687	0.5522860375454792	1.7223680805593329	6.074913769380205	-0.3972168924827199	2.7358429882959503	0.9739683879040334	-0.6449383418764695	2.1740898392417036	-0.15479473870053434	-0.7600047831552448	0.5326762205883572	0.25576361757135657	1.0298733935298776	1.0018189698381335	-1.3080998367158774	-1.4601484864052074	0.34441662318928234	-0.5750973757973086	2.1146617231088993	-0.09137809442780337	-0.9190891600678887	-1.6006299383035905	0.3220387047202708	-0.11930537355474446	0.2398643887530943	0.21302987727574837	0.6377460117872099	0.9574130481247517	0.024870366762485288	1.0545835879344951	-1.3975708976199954	1.1570932797437585	0.9029637008591482	0.4931713821163248	1.9278220584176327	-1.8866608970993048	-0.703302663068036	-1.251685198140625
DTXSID1048752	9.81470332947241	3.695425859595636	-3.781085240481672	2.112779686551806	-4.986062023655423	-1.3463860938406176	0.22956250957211904	4.429423840143355	-2.0504025418562	-2.0779587835999718	-3.666866039732735	0.6077109295638972	0.6584735145031766	5.128200917193788	1.6769308096729956	1.9448351486426838	-0.7466573826436018	-0.008358375143734142	2.6568686953905205	-0.015781514889952074	0.8508016249337677	1.4300155670903554	-4.645082993644101	2.105474251460326	1.4610058085099165	-5.720299141236861	6.051779456283036	3.9701195308753174	0.8117296196894792	7.945930758363675	-0.5918278696969107	-0.6053796849372595	-1.86227028889321	1.651201468791708	1.9958320980685107	-2.8503691741649484	3.0703005222531257	-3.0856529378020823	-1.4290752901296284	-0.9586679382272686	-1.3281176038009697	-0.39605742989486803	-0.7562509531645172	-1.664894742958868	-2.6097494735290465	-0.40915466214982765	-2.4072176169918045	-1.4697079138183362	-0.675691765582187	-2.3802800850322194	0.09422970929741392	-3.8430848808871856	-3.0254576216070133	0.3603558372846186	4.07269521181533	-0.8821900349588667	-2.0935977260489507	1.3528162672962947	0.8564824633277082	0.6378483107635099	1.1244766512048514	2.150011369285021	-4.069703067360411	-5.908571773053609	0.4067844369035617	-0.0640149000380917	-0.009818102812241861	1.1310117157667954	-2.719126293718779	0.8500546116279355	-1.3037790657760253	-1.786793826047876	5.426490869259743	0.8422104940338944	0.7422493045442546	-2.8451472314542086	3.3080017964299415	-0.6246822213558971	-1.199113865046015	-0.05361099584926512	3.435694256943292	2.231217147895968	-1.8808911065801688	2.9441636521385766	2.431362685049215	1.3416765737511986	4.129704638820481	3.770993733644513	-1.255832430119401	0.6360279196625708	0.16497092594743648	1.0663891767386628	-1.7396155136908988	-0.6548918503062141	2.1639834451943973	1.5672943021142371	-2.158556090369777	-0.5358236179270183	1.6258744648057029	0.015492594185476457
DTXSID6043917	-2.059795277963955	-6.593022595253334	-3.2619028257020575	0.7044891010905306	-1.7302494164316873	-0.9601950722367384	-2.500572787906522	-0.6219626561856654	-0.30997633322213775	0.04645014052611657	0.392795417573714	-0.05445441682737984	0.91258318919023	-0.1060250403278596	-1.9296910753390397	1.3267612971173122	-0.07382895185181278	0.6042845014528435	-1.984510041114956	-1.393546776210629	-0.2149672225147261	-1.1289849717355869	0.9289607594686662	-0.20481235768037057	-2.171959291783196	-0.14911590715018083	-0.4590192673737791	0.7784033940460127	-0.053220487058455945	-0.8408685761622379	-0.11895747329309966	0.3984162090355811	0.020195507764072168	-0.3105262744643843	0.0884570692564411	-0.6699884596162543	1.8149082417406717	-0.30348453963307037	0.8318801619832641	-0.6987203926682416	-1.5911206670708447	0.7023103990970212	0.7641361811923866	1.9492980277624683	2.5607116128116214	0.36933038734221013	-1.8195760993539571	1.442383958555742	1.0668746027658633	-0.9331241462006787	-0.17428044544366567	1.5737215101348236	-1.5306363887348962	0.03944486965071932	-0.37059234486840387	-0.69784653068408	-1.6072080071122654	0.9685235469356978	-0.19955621575394616	0.052899337079473224	-0.8867349451924482	-0.6962496058793635	0.2932506409166097	-0.2571087638970826	0.7042364909112133	0.5633039023890651	-0.46917450074818146	1.7698107157363172	-0.16169349764217367	-0.5789815304878478	-0.5785337321202255	0.4698329456941328	-0.15024328726412262	-0.15838279612948744	-0.27719798671414986	0.3004601031971608	-0.4605438387730668	0.30483451343086954	0.16881198449893972	0.013641850700426415	-0.06607572958143094	0.7870257155929891	0.2700736073914257	0.3409929325158565	0.16922589385266504	0.061268193915996146	0.5636054980820616	-0.25480943269389994	0.018188341461824232	0.17435900907862603	-0.011203161539664242	-0.052574479494045936	0.5392377814700312	0.3454362459831038	-0.3487147250312685	0.39004769605528955	-0.14235293329652757	-0.27238219651119633	-0.2632250347176068	0.7241161411621823
DTXSID8047844	2.774212332006119	0.8680273671314204	3.80593482634275	0.5296887517664663	-0.02669692019643309	-0.5950056208538268	1.5120015419026915	1.0792997369473438	1.8979292672262993	-0.3477767262393361	0.03995345052434544	-0.05778648567476988	-0.9364496270495603	-0.30976040996634713	3.1217995891840644	-0.06922040817272554	-2.9102585962902907	-0.7571311401006214	-1.6494080295782747	4.62803946500288	2.5788334516245435	-0.9465073368048614	3.4175902577759176	0.5587805545684712	-0.09903160175586344	1.291740712710345	-0.7046383968627763	-1.5191706990223492	-1.3684004754517352	0.024555902457773504	-0.7663893971717725	0.3547335403781594	-0.3309865422990742	0.175614617380761	2.011131364272451	1.3195150564357012	2.162355422252081	0.25188320820878324	-0.9340680578184829	-1.9833373755984325	1.0675834032619242	-0.34029444302336176	-0.7643557131215946	-0.7831491758360821	-0.1685883206590545	0.1027468599615866	0.8562286971484112	-0.11445719798225056	-0.3086093308022253	-0.481295055195068	0.10345025468324	0.8942722397915067	-0.0729860048356993	-0.1265743861299766	0.8435354986979066	-1.801015819403073	0.02493431128707188	0.42760258023292647	-0.08299500701321381	0.3933183407200908	-0.35476354737235055	1.6794999393393673	-1.5981005239325865	-0.2612264433970409	-0.906973058824323	0.22159050503793212	1.306433360033057	1.8187259480639462	0.336046407136303	-1.0464699947181475	0.9429275351149435	-0.12182270410470648	0.9717344592334429	-2.5208330460381325	-0.6594407313370187	0.42818094853877164	-0.2538990458256876	-1.041841407144781	1.0956725621144021	0.9844939013585997	0.36283945396943407	0.8868235555037765	-1.0435295060183662	1.4322618628921147	-0.13804870293302038	0.6294240595959065	-0.567431525810669	-0.09141914766568913	0.07932979654830316	-0.1162546694311222	-0.9826736217715268	0.037050729031029093	0.4052524757847476	-0.1063306951415679	-0.2943212420116145	0.11740068477823389	0.4034798012441221	0.2691168004988762	-0.6046211452246876	-0.5506075734068531
DTXSID8044753	-4.001635316067143	-2.147101285175952	3.0203463005202797	-0.17988359129176978	0.4963698543441396	-0.5984532022796817	-0.42005031125405856	-0.8117925095774858	0.2052639125484402	-0.3964341054792405	-0.4659292273982152	-0.18495081631247962	0.20725275336018978	0.08893850008993472	-0.06917688421669894	-0.11266530474097466	0.6320261428383218	-0.20781470166041643	-0.18933944339131034	-1.2406030760512887	-0.46844059784768993	-0.4675116497691694	2.604176643225233	-0.19831199709731712	0.01821031913205997	-0.06268963678875163	0.012303100398918194	-0.12566162063524167	-0.11933072395101796	-0.5248216303443297	-0.06729544929034875	0.9896932375534422	0.7304064645570975	0.04081235795034481	-0.9112810199833739	-1.0097157464112716	1.952464884387645	-1.3909089715937768	-0.0770764899322538	-0.5871381176972926	-1.2237642983120571	0.2402314256999814	0.49726333517462407	1.6456007953095866	2.560667150811553	-0.3087234203331519	-2.278960564953929	1.5402647629543327	1.077301998320986	-0.8910539964891192	-0.22353197167437255	1.0009312448800385	-1.2855797084604828	0.04548238715617373	0.01846388724203454	-0.4208529721171249	-1.5873820613879335	1.2136513819218713	0.43866290230262095	-0.02802403101564467	-0.9251813382662972	-0.2859412945029931	0.21024214943265773	-0.43891587299921786	0.5678320246184166	0.11062663561874832	-0.9574910882950425	0.6866267460467309	0.028299380946248027	-0.014008281618563616	-0.40066076133965367	0.11166141928793757	0.3810242665774637	-0.13546530072836285	0.3945658681359385	0.4474909835972678	0.07636944787513657	-0.3994719762226124	-0.05854722897035254	-0.16632870124235472	-0.7711152280576213	0.17441141342693717	0.05933149474396415	0.36651931817644084	-0.19948045715622995	0.042974783333048217	-0.13923901234738065	-0.2581305389559554	-0.02427206658351291	-0.19871219669278992	-0.18527609454119504	-0.18704908530151712	-0.12989352512500532	0.0904099239877108	-0.3742938851339708	-0.020761920300748093	-0.1395659676694468	-0.01996909614333264	0.07712775925242576	-0.11068096172154808
DTXSID3032628	5.490967377810552	4.887116642867622	0.465553139008688	2.102820795885159	3.8637746294875095	-3.0170182922458846	-0.8219989491841667	1.6673638248837614	1.9890140788599755	0.36494376612607926	-2.0171117770934894	0.8412572484856996	0.9668171582392802	1.3377446678809322	0.6426194452610435	0.7372877624005875	0.6972996982016092	1.481620071789027	0.7103999905534062	-1.262548340011571	0.14738227102564455	-1.267318399956457	-0.3421226474906386	0.6085907171603661	1.8804660409082619	-0.9992924839245947	-0.34213879522605123	-0.25006272774649946	0.7681501304055047	-0.23498988834429801	-1.1212650535010955	-1.3336145971501616	-0.5535987018587334	1.2570349239490812	3.376224171848356	0.050660778175105746	0.3498410930088034	-1.8196267272552495	-2.22661429747135	-0.19403938712187557	-2.8527379308451724	-1.232079539516588	-0.6758174213057995	-1.351738400103454	-2.194365676255648	-0.06898655678530521	-2.2072336122701643	-1.544684370701208	-0.176117908425596	-0.6595758026188004	-0.10683050900363898	-3.6815537721619127	-1.7721960996655017	-0.006661057247308756	2.383562790113967	1.6486553182712893	-1.6152817272115318	1.0125900659166855	-1.3443422225140256	1.3694690071990638	1.6841254996855173	0.5616076841095073	-2.217454933999879	-1.5739180488353692	-0.23783288375439976	-0.8075268102413761	0.4767506961674611	2.7182977021067103	0.18318260089878763	0.10735540759640225	-0.49608366666413883	-0.6772261508701528	-0.8184968644207677	0.8626637046806543	1.523317098607579	-0.4728357389257255	0.8425403724187508	0.5580331319531395	0.8923882826944921	-0.33379461831041973	-0.9702161683208351	1.060712004734659	-0.5460586205502006	-1.0384616668059623	-0.0017689088690679032	0.14069668102684324	1.4545181499922195	-0.5672209085427593	-0.8662238879208057	0.6441518046471028	-0.09647171908914211	0.716753818620725	0.537069750012293	0.3814820394015998	0.470152719280429	0.640123627882162	0.02977765243161127	-0.27699267078267054	0.6794441407178673	0.23663243162774095
DTXSID5026706	-1.1230917336319342	4.528477799270419	-0.3092364968325552	0.9892005737574068	-3.4666150931637536	-0.7841054879955753	-3.138767466595842	-0.8426522730890881	1.6314601250754792	-1.6681683321532663	-0.3498086033827048	-0.4295254816476577	-0.42025672192757807	1.0987594991736056	-0.06511004461261746	1.4659617547074673	0.2843964319837093	1.4601608443561838	1.2264536920250508	0.22914698074218515	-0.7261712005614849	-0.046398588386323575	-1.7306025374914447	1.1415230054946246	0.2220705778714836	0.22565385498034332	1.4657434892768573	-0.1332044503654117	0.3728397682196281	0.8524073302264017	-0.6668020681835009	-2.0816558065136785	-1.243136695901962	0.27946305320507153	1.815295385332997	0.2526413094625243	0.6637377639406604	-1.035833536780928	0.07842533744671451	-0.5604976881248579	-0.4029105894903165	-0.12947376783287076	0.7114863704320533	-0.4866897169960216	0.8680835274931415	-0.9439751397366971	-0.24529656508561648	-0.23368068722363483	-0.10241342586234804	0.28603019892941384	0.08086458314626462	-0.3055242487839537	0.7020080927869065	-0.4365360029637336	-0.7481599575758414	0.6522103915604214	-0.31722729190689364	-0.5831557071606486	1.4994714737901493	1.4729783888939947	-1.6696987097758673	-0.4757042693664138	0.8720686683514635	-0.07608307036929374	0.30953651797790716	1.365618750901828	0.0165190227726815	-0.9457549499918041	-1.1419951013390437	-0.28244601300443395	0.8474775741780007	0.023480626859288402	0.15063373811125463	-0.534873132760199	-0.3091055839366459	0.4654381285353867	-0.5733713668985422	0.8425352033493959	0.052680454064273526	0.3493592768976413	0.17382651217575207	0.19476761430516784	0.6342888448435876	0.7022634019767477	0.053617607196455315	-0.4776871128297486	-1.1243133929848896	-0.21044863393457663	0.15421449978711296	0.1692151425700205	-0.2892362022366143	0.3175971822806245	-0.36461495004627986	0.34395392925514817	0.15713248562426838	-0.12630953714305712	0.9075396281060889	0.2539798058359106	0.9524556151763919	0.0034915081012220238
DTXSID8046325	10.225301832069587	-0.6317562066129753	1.655733512340439	4.406158785059819	-1.8358069977229	2.347164276979372	-0.17851862364567753	-0.13699358031862438	-0.3988698116006393	-2.143104125818921	-4.442966399813272	0.2137501849716648	3.2011781463813582	0.480815927905809	3.858308711921679	-1.2212236326095018	-4.250714866701542	-1.5539733753508906	-0.3485640166618735	5.9450064100584035	3.657477221674079	0.2553004765089553	3.3073101207881033	0.5282984653749119	1.5657149927133862	0.09967549722124215	-0.6429223900379957	-1.1570406709080423	-1.6099865716318835	1.67729847233835	0.4164767847131545	-0.4299312689194594	-1.4554764697829772	0.5161012452642145	1.3124107652752537	0.5712142587955807	2.2706156472534182	-0.35060605865847816	-0.0826482922253804	0.574242598788293	-1.067480206576307	1.0010882009619821	-1.1722331230233891	1.2699911916772508	-1.5093552049810595	-0.23591573952627617	-0.30874068889972345	0.6133200679363107	-0.870011757955885	0.1074953590795578	0.42557814254522736	1.6186768621987633	0.12399666643772764	2.0650257326444703	1.4862937288969091	0.035100648521950766	2.3022014181689188	1.6514143021305125	-2.186168860800688	-0.6829658463170997	-1.602843251096064	-0.3808372549505286	-1.4041562482965142	3.757927254703501	-0.8349665414875377	2.112337754692014	2.94742147238579	0.14789265477382038	0.088474212731333	2.047899968396237	0.37961590753442265	-0.6420973622639472	2.691356633933143	-3.339347092677604	-0.09360382844761361	1.500276044479507	-2.8863920201736857	0.4139822092802358	-0.64311385140708	2.3445204363485246	0.5128635252355311	1.3889408995556514	-0.7834996090232857	2.020960325515729	1.4002371208303277	0.8393051622224127	0.6912076450194835	1.5843150883364474	0.011235918950217128	-0.36119708531351785	-1.811712684663842	0.11863558117966759	1.5219118625330088	-1.272906011227621	0.9203074162848095	0.7921673533553535	-0.06397983133775137	-0.004414052105286727	-2.56744224924745	0.48416273641713303
DTXSID4035209	-3.1821712229564953	-0.800622451792819	-5.770532336775542	4.891857476829311	3.6479418072317977	-1.9415914114658868	9.54112316811707	-2.0278645928409764	-2.5610120455368	-3.4402952842091388	1.9871035095586682	-2.0934393818201835	2.2119880606087516	-4.259016624676617	-4.86420306782326	5.163548730349396	-5.4093291588077	1.8686916261202304	8.516851326973274	-4.132840873238102	7.390407349150579	2.881622471989529	-0.10208760866133751	0.35707592374230834	-1.1613136501852988	2.6065184503048577	-0.9246566499178958	-1.729493679046736	-1.8834987410574402	0.5027360715866717	0.22305517574273995	0.30648016735393313	0.32486133535355	0.9458722534631666	-1.2805693316752027	0.3082204986147896	0.29446710317416397	-1.6240218399645039	-1.0455586334026263	1.0716467277578892	2.299378555678454	-1.3630982251901056	1.2631641607557196	-0.1216380140021121	-0.23725006927892967	-1.9795310036048177	-0.8797506029652888	1.0537751496283594	0.05918978749162291	-0.08971302170825932	-0.47441705022295355	-1.1614349137177518	-0.5370073554493061	-0.5625098163954065	0.6740612364747866	-0.42516975100227417	1.8476918076602113	-0.38090673530693225	0.9819983007834878	-1.0246715233043064	-0.21450044857947562	-0.3499516375961423	-0.30800532556597093	-0.4565175149401582	0.5415771669236245	-0.0031820843268128523	-0.340319973263356	2.0532028832639413	0.20618046709283175	0.42113815804713445	0.2184510791449717	0.99810879986942	-0.08088831113913544	0.9953535800848387	-0.12754745255055505	0.373566090722459	-0.6081059530032282	0.3038790709055669	0.17514741068060358	1.219028996368237	1.211296893856532	0.9064063904699937	0.31285154947046734	-0.40052608397519196	0.5185829887468998	-0.20747952896108837	-0.47045954905026227	0.36885622999587636	0.44976155598748774	0.39843910074722694	-0.5849357366494066	-0.1679139122881003	-0.7332524104902041	0.43191452215761933	0.023845004682840253	-0.6577818715393252	0.7416748706469536	0.3891837570793409	-0.20656318394447026	0.4536372521895723
DTXSID7047146	6.291769695312922	5.599172242097692	2.6665785307738727	-0.8535636318606158	-0.058924165472748036	-2.5900647193213135	-3.3786871277193664	-0.12138418189309426	-0.11235356004256082	-1.836990537994045	-0.6030302043786073	0.12491722335019644	-0.5438241390047805	1.788002744008275	-1.9482017124053175	0.7871056620998288	-0.38885192731579576	-0.6926413687658278	1.7390025731949181	-0.1989168175399379	-0.5539893090120359	0.09558996011695473	-0.20671282155190654	-0.6031795739259467	0.741206066194142	-0.423450836197563	-1.2635011240736045	-0.6074983497174454	0.14352676801502545	-0.17168684488041552	-0.6650451537009588	-0.6041430606922178	0.1892171487507981	0.2852525635972451	0.46426990038271865	-1.1105370973187498	2.1206021760087883	-0.9049013120792764	-0.23544411858898864	-0.7614863237501631	0.30082405350468994	-0.42032161347859576	0.1187326328782618	-0.3686441896656095	0.02608888415355872	0.01785476396620463	-1.1107312801629179	0.1449725456150487	0.01546946088247296	0.2767363789560556	0.016149389637582747	-0.4681784355585799	0.14070015025474422	-0.1799239524669733	0.3981409688524396	0.5793133433859301	0.07370846115603522	-0.2471888425055863	0.9241887517086351	0.7207468941155666	-1.2537638126519233	1.0369222850907127	0.11496698853194087	0.2897628073577636	-0.3880184153544822	-0.28957314398248557	0.40615474303930127	-0.9522155329334849	-0.9272544076859122	0.6329954939246534	1.8116865578425052	-1.149016446537063	-0.014115266875970905	0.8518342364986252	-0.27683229838092294	-0.19654138583251451	-1.47752844021451	0.3219223227072355	0.3916273046952336	-0.34750632456455083	0.12932308057857983	0.25283326283090024	0.5985772427392386	-0.4612495905104109	-0.15077578658283677	0.1217471959069537	0.4114971061144439	-0.7277001746520527	-0.697242862977333	0.1972423006955051	1.1220677484246633	0.5634103079068459	-0.06411018456399209	-0.8743504822417121	-0.38839530227113694	-0.37967187825905047	0.1512627769989062	-0.17466007587264445	-0.14040686647242293	0.6799895850053874
DTXSID6042151	-3.4458570557649626	0.8122411353166086	0.2745559472193226	0.49672958643863896	0.16215393802663527	-0.8702512074350561	-1.5471304373263077	-0.39701896629249134	0.45517427746202893	-2.0910353652791085	0.18603653955765254	-0.22492810705357516	-1.4624761252077703	1.2360063285661642	-0.5321541685158491	-0.07480539532964263	0.33551288512796196	-0.7039288157472076	0.3190611458051508	-0.5517534994820075	0.3775644146677527	-0.31088770655972553	-0.0007281390445530245	0.42790510891597966	-0.39761828538761707	-0.21843053300875995	0.025840121321364574	1.0369539740397762	-0.22290080516325367	0.1724366898656551	-0.3643809014803421	-0.16983080198828604	0.3654358105261623	-0.13048547517134207	-0.14009382679394733	-0.3871198243805805	-0.2396654589943758	-0.4514953376678105	0.5848042930863511	0.38928260686918503	-0.5726640507808695	0.46433160922683603	-0.12010993287202096	0.931260874711923	-0.8281854634812479	-0.2625919341854388	0.16705745763890786	-0.8528858757890583	-0.21020974375942458	-0.31748150025284805	0.27473509437310667	0.02578978082525203	-0.1118522785115989	-0.004066681471868866	0.4150278946099329	-1.0348421683523201	0.06545528716063582	0.056460182710510155	0.30230443509418464	-0.7233601860755663	0.6249168704897646	0.5201345082330189	-0.5076789711342617	-0.333019781848078	0.11027650294729881	0.1530886393497908	0.6578092355180084	-0.5353876647173168	1.0449002685995854	-0.2761769637703666	-0.23843912166382802	-0.5614703578476266	0.5913347178807357	0.13080299421540123	-0.5224205963731015	-0.5488588407820786	0.12111575703095918	-0.7430181503860366	-0.10304252924906906	-0.1649753932453912	0.22072591282994924	0.28435537611414063	0.0906348319538894	-0.34740680298556703	-0.05223289200017508	0.0020576052598026066	0.14907441096717283	-0.4705171093251991	-0.4828202686958658	0.4082650054885167	-0.13762968201472311	0.19493633149092135	0.15311702347745734	-0.1313295639918958	0.609444021977826	-0.07804705740254743	-0.15881048619262383	0.1304144989113701	-0.4555998654688168	-0.023995769799587542
DTXSID2022048	-0.9373732678137854	5.440359503418885	-0.6017107383096081	2.790028481624843	-1.6004255652737465	0.1118095998641361	-1.04117148347336	-1.3018288302611123	1.0015000835025727	-2.021524497366105	1.0476926644414049	-0.519116433055232	-0.9857664570728043	-0.4287232652718934	-0.9126729632260945	1.0333571120532865	-0.1239123841636343	0.2745921194482763	0.41605885811018545	0.4238877422371658	-0.44319361528920587	-0.36426093607621873	-0.5270781539397771	0.422991397877464	-0.2384692515638229	0.7326902937382648	0.06368740147610048	0.8050682290860643	0.2405782925964017	-0.08320730154437794	0.5229910257331234	-1.0179852390802033	-1.2077298305783415	0.3121454546650087	0.44697470921977794	-0.6056896456306047	1.4070682480423171	0.7902712891454159	0.6404667888118932	0.29018129196061354	-0.6850425736437962	0.17866231011228642	-0.0525995168534099	0.19830635473989439	0.27329044890322485	0.14882641481635084	0.15592242249000338	-0.5663202273225345	0.3742969170276941	0.215793620122241	0.47421364292020807	0.12081281458785745	-0.09966019628803556	-0.1084325212792104	-0.37875766740905153	-0.07458201987958968	0.09681116221478699	-0.3100850938730321	0.6937968243912466	0.291592468949641	-0.01159414681406683	0.1659149228372409	0.3711119658503626	-0.35505503745243444	-0.07460735638632289	0.22316385507208744	-0.03227585925660272	-1.2196249794218206	0.14340293923348413	1.6230850219071027	0.3787711163662339	-0.4261237740714488	0.43965728353242534	-0.432876414388312	1.1190123287777287	-0.2878792939658327	-0.2940007165565629	0.6558506837667668	0.5407121276602664	-0.1760915477605924	0.4511993332941646	0.21954794245455353	-0.07429668120143797	-0.2547549118718957	-0.46088587873892084	-0.5130646782244753	-0.38186103803345184	-0.4989717931080246	-0.1554240310927916	0.12290687855474453	0.7747352469691196	0.5402292933946645	-0.052398873148005475	0.44260559755159296	0.04406274291569262	0.31715455911951534	0.40579118794251023	0.42060070286883455	-0.5010581530704691	-0.3619130790951726
DTXSID2042220	2.403011027162472	4.782123777815117	-1.2649694682811767	1.0192713679588867	-0.9070036024508261	0.24756836499414858	1.9762577718430825	-0.017346705066465826	0.0490985793924656	-1.937329870376745	1.2058683449238228	0.25831695471022836	0.11816232798997722	-0.3602101083767157	-0.8369061194105344	-0.30255410196052296	0.458748545966179	0.21269539689777367	-1.282261365107743	0.05952563978272344	-0.21533840941677207	-0.6643675203637018	-0.5036732523653352	0.7696927376004262	-0.5073001431458466	-0.4825094721050212	0.5983947808780016	-0.6172141235081527	0.9752097861677322	-0.7478325794930604	1.0700974342215903	0.11780566741280589	-0.7098695669004107	-1.0831897962625527	-0.7309423745571159	-0.22076552904884855	-0.8031318275506493	0.10188882773336337	-0.7540112352902809	-0.6190335399816598	0.4428725698598948	0.47630566489343346	-0.4516549987981259	0.5126670110739858	-0.3198277213495375	0.7747813827037003	0.4553369843818599	0.11504686517655204	-0.3173036245529809	-0.3276393962857867	-0.38315856202341353	0.11617987401157062	-0.3887405147074582	0.07610044643471704	-0.3524670540792185	-0.6750024429620398	-0.13486055195767577	0.4498722684494922	-1.5354473635196906	-0.28147780663331484	-0.35213005385744955	-0.42384922133198766	-0.2971347374407441	0.4261477965652332	-0.42424578457536977	-0.9623676070340916	-0.8104307442731128	0.38138336848982746	-0.9911939822031322	-1.4081707187140173	0.10037912922219619	-0.5810921563971316	1.262029313007147	0.21028153756111445	0.023422748049804657	1.2072649848665116	0.7883768123447351	-0.4338921545308738	0.5038427473312926	0.9921549350200117	0.058473947574540774	0.4421263903417449	0.5421051248045342	-1.0994451621762835	0.36570033765643833	-0.3807223887865978	-1.0430708356850058	-0.09202271132129951	-0.05473346102857602	0.8144603746147304	0.5696328164441639	0.6354036400223417	-1.2305741078293497	0.8817277327106127	0.8348846305976958	-0.5993129805511785	0.005476490996456647	-0.11640679286431058	0.2997998680236895	-0.06793395454043773
DTXSID5044574	-3.63780465204281	-2.6253024005309396	3.4770852091421816	1.2334091501857927	0.8238280719438801	0.41907994190046927	-0.09682249405299706	-0.9258913423993258	-0.06424889609488718	-0.31027735744275503	-0.7055023889870171	-0.2402946252945325	-0.017093923186565378	0.10192675264826875	0.4049789113837216	-0.49311097518206504	1.1138984767271565	-0.32269783343397246	0.3282598035537435	-1.3931044369102186	-0.43715443430252865	-0.4051243161957832	2.748964353546538	-0.04622745878727586	-0.31102809588562413	0.1120043018730751	0.3181275341451635	0.007945611092254957	0.0044541660599979604	-0.8414995990595175	0.21101234864975618	1.2954511223280105	0.5950893762531481	-0.04104692231010153	-1.0035522652229902	-1.3824135881918187	1.7298262372432476	-1.1420395802771621	-0.21853816034563103	-0.8783540592918979	-1.2499048876307552	0.5514315199634178	0.3754011078295947	1.8560860841083355	2.5422397978546694	-0.18915700303797783	-1.9365147294770444	1.4270055608821701	0.9582809726020979	-1.016772524047127	-0.23197160870399514	1.0521186498384256	-1.4214884583401306	0.0466126240720729	-0.23317752420612806	-0.5403397572508747	-1.73822608702926	1.3084027706204868	0.07201493029233118	-0.13718552955361168	-0.8986834954509585	-0.3502879351632917	0.31007229025924804	-0.9972218852967383	0.536391360529167	-0.0589123789850087	-1.3011884190468401	0.6883778268081656	-0.12481710596102669	-0.12518371153732227	-0.7586030009357656	0.016441390251746787	0.6626065872904254	-0.3580341567754339	0.4739099228365158	0.4311943413579554	-0.37604780225489426	-0.6629471184350351	-0.4637111472899809	0.24843112115143368	-0.5505546788036773	0.4367536195972537	0.206816176403294	0.3692299658938346	-0.13437149302819623	-0.1519736701352446	-0.17782552389658018	-0.03448976913798538	0.04625317980059374	-0.19588437811928658	-0.2698298239201629	0.06887598046893341	-0.5627806102487343	-0.12187255698031652	-0.41092443134164625	-0.07144846391513099	-0.14547987697362216	0.2913340921946405	-0.014677554109946553	-0.45315350915162667
DTXSID2047646	-1.6692483154258881	1.2592001900436525	1.4541966241975612	0.27051099619825913	0.21906407839455655	-0.947957213363265	-1.2364012226043903	-0.2828861944345761	0.3488054562500819	-1.6034456360211282	0.04978628482231807	-0.15097910845726095	-1.1106572735042446	1.1514612241200393	-0.4978685315057628	0.096161308777298	0.8538414955018575	-0.2816093350394758	0.09054055854964367	-0.9149504759270143	0.2705071311451982	-0.43974561723040084	0.6669093455357251	0.33716266657686406	-0.1643973529736717	0.2969242880013717	-0.7004871912422089	0.05143198939383685	-0.07805093746019091	-0.4592314326292824	-0.7052677592903067	0.035564506902758905	-0.824117782480944	-0.37156438371832	-0.039471167017569496	-0.22320530066249888	0.31409657567771004	0.33916105024512716	-0.15126199079842897	0.3887558454698237	-0.36945140375424396	0.09473960378168915	-0.09900122959749554	0.21905665918149383	-0.49546031500340254	-0.12480928040474858	0.052052463716158376	-0.4654052368240916	-0.014313608587338083	0.15563014998233618	0.16067049537381636	0.05098204745512365	0.22765561806791004	-0.32745235299483194	-0.15342540270412114	-0.26958882909581117	-0.08215951837268985	-0.08080021992269883	0.12956006428630204	-0.2672470325464531	0.40305374851463843	0.20240179654892523	0.09460814061206697	0.44434928439867155	0.13757739370801184	-0.31666671344138314	0.37347636910967674	-0.8190688218099589	0.28755033090454585	0.6221140642856278	0.24570031195853267	-0.49555547563853136	0.49105720289455373	0.5157959694575909	-0.2961559527080763	0.21654030839127328	-0.15693852695232127	0.3344978241835872	-0.02880147773369647	-0.3274654324778369	0.6246628526487704	0.23146660648825224	-0.1424940336544884	-0.3183490316194575	-0.09482448212297545	-0.006630824250754684	-0.31772773500706614	-0.9124438350791257	-0.4540897124974132	0.2215469530616386	-0.27113197185906074	0.1838461073509625	0.21842249423819235	0.20269433130867082	0.23123407944566904	0.10304998414791047	-0.1816323147872807	0.27079188676930394	-0.2878366134412874	-0.3808314223122399
DTXSID5057703	17.576682716842004	6.592241210541895	-6.912478484358838	-2.6934071129720953	2.469340161488362	-3.286725196450709	6.620568960895648	0.9873526343594221	1.4455956006900474	2.334652448606747	-0.2961973066061081	2.728338012125511	-0.7734322740926233	2.800406826950594	2.90947444042293	1.7919824838844363	-2.02456261190693	1.5361374861208281	-1.8299635230807658	-0.39021778695195414	0.33144008924436763	1.5765857967496928	-0.541974923243274	-2.0678017766455663	3.8342120632760293	2.0498311252046335	1.8888028849045884	-0.6120379685097859	0.823575989171166	-2.5440032630488343	3.0806611523213903	1.4687277101401575	1.1834239849390467	-5.4651103592102865	-0.49283523785483796	0.5197289318821425	0.64697959145104	-1.8421376459383965	3.9136373504941333	-0.030643349098130504	1.632954216405245	-0.20721844235756048	-0.5582220908401759	1.087994656604253	0.32736503997453253	-1.7605071593778872	-1.7972478463038084	0.4600327629408349	-0.9381830811864861	-0.15494433492336893	-0.34327000000982866	-1.7155578483699907	0.04724038052278719	1.107822806069246	-3.0141717945774387	3.0741150052715387	0.024754500242314598	2.623756219308111	-1.1657537572235508	0.2176575879056368	2.9668112037530734	1.029493112613346	4.981686118859455	0.24074868807804933	-3.3004136219590623	-0.9912752681593436	-0.41787907814669156	1.0635378293234667	-1.7192088948065904	-1.0860211019270922	-0.7685382189185515	-1.4943628142276097	0.3838799014319497	1.7398849241516374	-0.06947292834844188	1.1065538483581527	0.03553343597699711	1.1672990731724444	0.33331229914393945	0.05413344024862785	0.3829673094643175	0.9297504003627685	-1.1827052256663972	-0.6112035348464484	2.4744766044624726	-1.7033872621910164	-1.318480758358907	1.1761896626915713	-0.8568424109054129	4.665691358502494	-1.7741712295430918	-1.3188461497236577	0.648439691115468	-2.0480612416222383	-0.7271062884277216	1.8568079042573538	0.11900488185723777	1.7531667126781492	-1.583794575683142	-1.8168296969798021
DTXSID0047456	0.6223774380065822	-4.628490580416719	3.3065902568685326	3.3384168336912716	1.9851824033428138	2.46916214273498	-1.7748427290532585	0.11671945571036757	0.20958307044855057	-2.628052990936223	-0.5431293650538196	-0.6001945171550823	-3.261975352021574	-0.28139245829651555	-0.7776671996363375	-1.3262010841638971	0.6756084314025528	-3.743717581749758	4.124292159428414	0.7753285089441442	-0.45849123603057584	2.773927894054259	0.23124068382500634	-1.863587072957802	1.4787545068165955	-0.29132593783974503	-1.4834824047974637	2.330248011016527	0.36559354213551404	-2.2650933891570886	-2.7959175197237247	1.357256578122743	0.09101394250854512	-1.9145807281110219	-0.3615431930053457	-2.146371071967847	-2.450049967573995	0.027019884215979416	-0.5684318609431177	-1.4849524276998587	1.017685086660881	0.07040779027689892	-0.8173522419094584	-0.20896703198991853	1.7373525586176395	1.0306691412125049	1.5004712994683789	-1.3209206053214118	-0.3745577337878026	-0.9881852069484907	-0.08541004727839593	-1.491783334065324	0.5032858463075174	-0.1364812591678507	-0.8133077408276075	-0.8429302333948406	-1.1193350037005971	-0.8732590427305328	0.288723088864232	0.9267548322780278	-1.0002752059880589	-0.8144894563825358	0.0009492480146096941	-1.954192445279604	-1.0059445618540561	0.9719658323772321	-2.4158994272303542	-0.9151106182777184	-0.7155187295507023	0.0685927537540727	-1.451259412948531	-0.6914124908511704	0.9202214038113503	0.14553210624887533	3.3207165887092844	0.5177241501067378	-1.014703175105961	-0.9019785069690491	-1.6732181438862828	1.9964961233290892	0.11130597451141726	2.195745703000433	0.4436776165146925	0.874025009934154	0.25333510085247163	-0.442068884786588	0.4457899642052775	0.8072228582642431	-0.5239330090371442	-0.6813374047960976	-0.32328322594383146	-1.0051313902581411	1.2035687093909004	-1.0503898293615754	-0.3873424400594323	-1.27316497859891	1.3628362847683941	0.8371120316551394	0.2723519428253435	-1.0983567374469347
DTXSID9047700	-4.3499481276529695	-2.4012639541845484	2.357101915845876	-0.7731511047532664	-1.0531098786636173	-1.1651089876074774	0.05749871444687358	-0.75479418138266	0.2965317392967184	0.5775027692701561	0.1121649832889962	0.022383184670040357	0.7826892614087606	-0.2313888935940201	-0.3040972082014961	0.20528366239001578	0.18497878268425139	0.20928574999067853	-0.29079275267455257	-0.8038114890307188	-0.2869913701417152	-0.3066994600034109	0.9568183817172115	0.3100646275229036	-0.38972676495020836	0.08373653993207562	0.45694987305237755	0.19488074447819212	0.3596599796456204	-0.15405957324061267	0.5415304079530716	0.05743645570966633	0.21985776445038266	-0.787083351269414	-0.6205993576293884	-0.2281367794914884	0.49585920535593786	-0.23630713779855758	0.18661533734013297	-0.041947178511257226	0.20418344963086282	-0.04065958027250431	0.16855652895475198	0.43074890779759245	0.269965632734425	-0.1863797040069445	-0.0986395892016134	0.094776425461505	0.13305613757685683	0.3737049877484112	0.04241252847357212	-0.08073561359697815	0.22914786137852391	0.10951119732957883	0.16360129954443178	-0.19472044707761715	0.4049252773854259	-0.35251571285096844	0.16813907651203874	0.6012817682324435	-0.24537413892862858	-0.012505270830449717	-0.23223413013578573	0.44168473560862864	-0.6941889603195806	0.15100708874248872	1.3012312484693696	-0.613830072419884	-0.21868296835787268	-0.10606796686315476	0.3099652785432934	-0.01826310016261465	-0.45994531656041115	0.08697151102196077	0.3609731361708529	-0.14462221920182144	0.04813700023736576	-0.39395999133483534	-0.199669991340404	0.3236963981589343	-0.3702652107401754	-0.017904265086212158	-0.2926128163407784	-0.2967382270059427	-0.35412919006774135	-0.15639307674973663	0.647123807096007	0.9424784308313385	0.0008712741850681674	0.006633654147775617	-0.051329856261110404	0.28851297998114556	-0.17772457999705926	-0.09586928720187082	-0.1979862124388236	0.21868070015463856	-0.052597966431001876	-0.14510139140374562	-0.12908750523251553	0.27364983571236423
DTXSID6020064	-3.1909794920984322	-0.0379900447369573	-3.697054904396868	2.1923674892639506	0.3062475863029903	0.445609067782234	-2.4964852744589505	-3.9328141025828116	-1.957621659062996	2.3750308420848234	-3.1129824613469355	3.526502412355272	3.0495597620321506	0.23763631317238215	0.208368451844114	-2.1176192800784	-2.3638647484314252	-0.8955905668274994	0.08104411086041947	0.7943647443200134	-0.24078922098382893	1.2180698660397595	1.3409926281396325	-0.7148304186836986	0.1904289384287954	0.17363600547214228	0.565185922161394	-0.2860793827675877	-0.5196222510675641	0.2610247986655781	-0.8447800310523226	0.06135354974860027	0.15304290096430354	0.019674740110146242	-1.1397974173704404	-0.7931287273068455	-0.4031238260741894	0.292053685346299	-0.10760004127055048	0.055267094743423624	-0.20200786917576594	0.3443990716262007	0.4245390602247191	0.1890652535302675	0.3083299331108149	-0.33541428020812947	0.56672076336103	-0.033377315823627546	-0.26056675308673866	0.1938513902753936	0.026948423815862113	-0.02576363064227683	0.35346653466637296	0.1514903697298259	-0.16859934022225254	0.226918528422033	0.38840973219825575	-0.3066101875248737	-0.16565221533855043	-0.1586639536230004	0.7826466320097524	-0.31309245319452256	-0.1435140297800119	0.2606926750525061	0.5102258937870904	-0.025614235318894004	0.30426205328046463	-0.4513127945246029	0.6665219399333903	0.4653798860256839	-0.5606275421745843	-0.2968071145187665	0.4720973664082711	-0.43849484877868705	-0.7619097363454967	-0.17192995369708983	-0.5403027896293796	-0.43753985438197596	-0.08070432446081334	0.2272258490238146	1.204226738078138	0.006605304455743068	-0.1918489945314126	-0.792514575810553	0.39226115455308275	-0.1977682805924063	-0.7656035337779076	0.7592664680214958	-1.1670554439154146	-1.5986750213317278	-0.2015377169983373	-0.810606444443739	0.0953725431777073	-0.7901590899260249	0.1487339700353747	-0.17865468697442136	-0.6635905678045628	-0.7274044212251106	0.04300289172195106	0.6469000500591982
DTXSID9026558	-0.7497757508782141	0.6129169889118363	-0.9574100868426081	1.6778964542366237	2.9836611482057767	-1.191738372284878	-2.3691452667212687	1.0850102957239436	0.25806240190386104	-1.300715992948563	-1.4838900025587056	-0.4102788295553508	-0.4218736747981118	2.7450575168353684	-0.80512970916562	0.7289876620111302	-0.396748084763688	0.7965379491644516	-0.03198842631759334	1.0729905195441156	0.7535730397026958	-0.2430403289591141	-0.3602529784922195	1.181213610476819	-0.539889285692378	0.27803417253127555	2.742184158170402	0.027851905915059007	-0.3383525097443964	2.1162620867743636	0.48434352586032375	-1.0454472190757684	1.1119819597966776	0.2783674956246819	1.377015141392123	2.117440607999644	-0.48223255523778735	-0.7006753247770744	0.53127697601885	-0.4747947249770645	0.006803642379820232	0.8520920568247109	-0.7261913086878397	-0.35556203183142104	0.3747996067590135	-0.6073578674013337	0.16059481544393422	-0.34732963172766995	-0.34803452470162805	0.04686343028930167	0.217780689959855	0.1860905485175329	0.05764307522006955	0.4357314283660962	-0.4007650487283522	0.24409620696431214	0.4816025434756141	0.48808825763880537	0.3061543951662598	0.9516380471934531	-1.0953150261119857	-0.4391408272630299	0.8810059518375397	-1.975700544720688	-0.4685599400890906	0.61148748629781	0.042261750890708244	-0.17549586831989294	0.9072691491492202	0.23668508475397937	-1.7196648881502934	1.390338706367365	-0.466867063857392	-0.9125022575543844	-0.0055629120670935535	-1.0836001038769578	-0.5814250466005293	-0.02422685404141272	0.09846030491029398	-1.080935394603403	-1.2869640050613236	0.08593965997543386	-0.23739376835107237	1.3998675486532173	-0.07125906338483942	-0.09431549499717956	-0.5921118492396326	-0.14612609483057878	0.1676834879695643	0.1172386476709861	0.5015506290346362	0.12649782191585032	0.286343027233509	0.7225437499403801	0.26055735146064446	0.07083953153570231	0.49371769512065156	-0.30972226037395323	-0.04065950218943379	-0.06357865054115532
DTXSID2023771	1.9432268286008467	-1.2405179351642626	-4.7334540093113455	3.741570618785764	-0.45835523133699546	-1.9912908826880777	7.682140579152981	-1.1996667636716105	-1.5634588860195728	-0.9226401437424522	0.19474483624651764	-0.9346667603732149	-0.38305087941140764	1.374074696764975	-1.3192049853272105	-2.309423190544015	-0.23549104808365712	-0.49803945941959304	-0.5556868445254547	1.2108015717416691	-1.7584523673090546	0.03839925969279615	-0.8972967829640672	-0.23160275388631585	-0.6879098676090476	-0.03713643154264398	0.19048001579723756	-0.06566638786860071	0.17961218965695164	0.049981267714666926	-0.46640020816661076	1.0163186644630915	-0.3038661030846554	-0.5553502153779865	-0.6119462740662737	-0.2994878667333883	-0.19264138521716806	1.0532337401380407	0.6047192627963399	-0.6376964934163105	-1.4799540423723767	-0.05331544639387823	-0.3353552631845119	-0.8216665335428318	0.6920791692171687	0.35075521001860444	0.66687128931165	0.389021888282403	-0.09865483137533633	-0.2563178936753878	-0.47321528294540455	0.7739795707486457	-0.893783210213809	-0.09749583062569943	0.021349781713400084	0.01167692580820729	-0.9296156757166848	0.6524730232297387	-0.7490322476343859	1.1142370200389238	0.23915248856347135	0.0064154742860750265	-0.184073237807215	0.4746409308303952	0.08592354798992906	-0.08151354898620736	0.3243094347317541	-2.308872293938412	0.6501411156826238	-0.007331519060548869	0.6537170540743211	-1.7529881563326408	0.5576249983800714	-1.1657822897761678	-0.46086549953776174	0.1109676869075836	0.6719814997289278	1.1928996502317228	0.2637637907880295	-0.33616255723635224	-0.5559889405121348	-0.7067803947782165	-1.332122611450655	-0.17636800277664907	0.15517362777104812	0.7824635064668168	0.3907037270799969	0.2090000128285161	0.4613633006913599	-0.2827989044313785	0.7691513729404411	0.2861700067059812	-0.0667706429612417	0.2978975355379776	0.5962438808960554	0.5150406940751029	0.2613074461450804	-0.5363056392904326	1.386019466976104	0.11040887823520398
DTXSID2042143	-1.5716264470115435	2.6787089742791537	0.5780828538557649	1.3259141652779267	-0.21969236266285005	-0.6562821540029807	-1.9849095133661336	-0.22578868561063795	0.8240834676164499	-2.185762563012643	0.5279370334867046	-0.20998625677716548	-1.7640059508933037	1.157980399984532	-0.3342226622919976	0.19858681403363762	0.15540138980475235	-0.38454642444108217	0.654441593876932	-0.9122329405512751	0.5190802413642452	-0.288178517725854	-0.2591076207079998	0.23238478742118684	-0.3187090300817375	0.49900434992876447	-0.27227365819402516	0.9763616963210526	-0.3580065724695799	-0.15353929319803045	-0.6585247593909491	-0.06990494458773902	-0.12632500493595109	0.08494462128154079	0.2082349740530368	-0.3765296359033227	0.04446139398725911	0.2700651870765877	0.9271032236230942	0.6030091052311807	-0.8860453360307722	0.7988365879514766	-0.18861668118044925	0.8203997370308541	-0.8600098082814094	-0.19983903342009607	-0.022233429665934813	-1.2158807975694206	-0.060865546073809805	-0.3293769628533918	0.40265303560797383	0.23221767453590686	-0.14761286265064164	-0.1748245940922125	0.28279682083462265	-1.2880844460385665	0.03985021167270766	0.05568611059557333	0.5705426281770305	-0.6576409318433265	0.8401472611508733	0.9961362744233687	-0.604202729566756	-0.752584641245263	0.2958635837558987	0.10590290960481889	0.7160494110963798	-0.8573476463593084	1.8103007806868363	0.1280289314727794	-0.19123819699588465	-0.6659045501057058	0.42040585736989433	0.266369680166415	-0.4390293714856812	-0.5649365891277913	0.29701857754563704	0.012733129995186908	-0.19432612208631503	-0.18279818525239666	-0.05666206048479272	0.15577988925639868	-0.3896225091267523	0.022802175726802338	0.015945364488234845	0.15472484178721846	0.20036107025152902	0.14207376588974277	-0.1684423628475011	0.18798198373428937	0.6516508712000625	0.14373970187569318	0.17117537980498046	-0.19647085004755208	0.29370704695566374	0.0687359372443165	0.4340720234038129	0.08589497826855338	-0.23139587903641737	0.22997483105327593
DTXSID3048782	19.645833792076388	6.151500181266686	-5.471173825973241	-5.671541572289905	3.5363729644490487	1.7166577706004105	-2.9626065254617147	10.724989939965553	-5.857468931236603	1.67806220004767	2.5326103741420654	-1.1399939610872407	1.3916314140012511	0.1998939524102992	3.5135366412682383	-1.6502840719782481	0.4437234027970102	0.3019989269077198	-0.4440839174090689	-2.4811221596710076	1.1820614805128564	-1.377624173761877	-0.07901831488956981	0.05632709971913621	0.020818349836597604	-0.1569475026156522	-2.339649041717735	0.8310239863862019	-1.4036940315467097	0.886218761295308	-2.8680144803716723	0.7384919139462902	-0.3826687594533372	-1.0039971866589588	2.0421129310195707	4.3992858026082615	-0.4191374743106181	-0.39380147834536056	-1.9311518987866696	-0.6475444448228634	0.04489153696610047	0.07692919416933554	3.9932583648092828	0.4940972137183199	0.7552593010758316	-1.9084532326618606	-1.9904462586538672	2.014441426265226	0.041129570459885884	0.6199077195039399	0.8375944881520319	1.3345617919900927	1.952795486498443	0.29190913797136425	0.5673300146528776	1.4253297294804637	-1.1578241028152592	1.7728896318082112	3.2788596665236316	1.1533673550653105	1.155561718001571	2.3901820792325026	-2.2895632215750616	-0.9086666126011941	0.8671609139729037	0.7571999875520617	2.1422039441092053	0.30817162777461904	-0.16582868408464932	3.1740495230222385	-3.0057539286975565	0.2539474104672436	-2.2629570076388865	3.0043166151682748	2.5195134095947744	-1.3714490083308006	-5.166591078418357	1.1746087160509877	-4.247991396744128	-0.6929375994052226	-0.826742885576472	-3.573084163292769	-2.2907798827157686	-2.3788584169667892	1.6482537423507226	3.264117949711722	-0.41259266035121117	-4.279774758832268	-1.803761600234754	0.024402626784854848	0.016786169855070143	-0.5538462608900536	0.329532867907315	-3.881802178055993	6.244252948818382	0.5140356780006863	2.880484074439314	2.930934265056329	0.07250345282805534	-1.724880450706272
DTXSID8046406	1.26883926515124	3.228053345655421	-3.216118635163887	1.942929258077142	2.1440298551926023	-1.1023030489936791	-4.479417043046956	-0.9047032937540621	-0.7908112684409155	-0.7599929696443595	0.3433046675807575	-1.170930875131002	4.439520811781876	-0.10843622567556001	1.0099350797458138	-1.4051773869818869	-0.13894996824656347	0.584610663210133	-0.4222265251961904	0.4301907885046801	1.266357216812431	0.16639701494533776	-0.04417843050081079	0.669362340233018	0.39854140819325706	-0.3225317680238138	0.16824313094272078	0.7277665964800556	0.22634235748682383	0.009331839037513216	1.065368562334099	-0.15556122412662754	0.23901835124830884	-1.3128379726987598	-0.34979959633862534	1.426237487653204	-1.7722094918990845	-0.04920360011917088	-1.2995948419187349	-0.40863318346526434	1.1081883937314392	0.025295324169254445	1.0424928302120224	-0.059687440214238746	-0.07192275166282364	0.17720145582372376	-0.21486761902803184	1.008444247395178	-0.3527264412305689	-0.11099136963042347	-0.05825144387252311	0.46764418343019215	0.12383565822637208	0.8522801208266853	0.0411521555368224	0.25136092583440783	-0.618843783293969	1.4575146005322166	-0.37771394651072693	-0.17117499608093795	0.4663008208362994	0.7865191466866419	-0.7403534863452889	0.36188949070899223	0.1300392805355761	-0.5803960291312229	0.04394382669934194	0.16891725587146122	-0.8482350605408251	-0.30955340525408276	-0.43131338925671225	-0.39697915193957245	0.20970448570973949	-0.07599932939360902	0.2968796557649743	0.1740732650830264	-0.5288562581039682	0.48258769015253805	0.21079793554659237	0.06751732207385765	-0.1516571746589209	-0.5875680539395988	0.94435273799373	-0.44223371606338835	-0.19373805787364984	-0.1573077948943245	0.6456252565506785	0.0754980864193357	-0.8837600006270334	0.37681666106863076	0.47462493912225034	-0.508230660962412	0.5318678750176351	0.1329637264193294	-0.5700650807231653	0.37548889876213026	0.3527722937975303	0.6635387417035565	0.35066761648233785	-0.5586183575718545
DTXSID6022399	2.791404473553248	5.269844988249637	-3.796739212880425	4.1587371026565	-2.826649696687375	1.5112039008277953	-2.7934581500812072	-5.856220496241518	-3.585656848440213	-3.4064998478736177	-6.34260503703821	-1.3088261315526217	7.010418796967564	-1.157822491872697	-0.6723937075582765	-1.3593506387357999	-3.9362004187478354	-1.3975145501566517	-0.5081357282349662	2.036746694683532	0.025798734435386675	1.3372071687752856	0.07275480656865038	-1.5360404823595846	1.08646211242851	0.4718137543534317	-0.8188041335980448	3.490924561818071	0.29236574665619475	-1.3694322583543386	1.8407411657424873	0.854885509990173	-2.08739408835283	3.522531877893304	-1.3985987593383724	0.91177298666696	0.2680361604188715	1.4081353756392583	3.9727051441610786	0.20403967365346648	-0.7014411504397491	2.1445232576402122	2.590732548229123	0.1451993802809479	2.4467490494354545	1.5841731955987135	0.404221957302615	-0.13998980432518238	-0.25234461970098676	-0.6181203791651247	0.09765066032979891	-1.2665943633196235	1.2139590113728005	1.1549964324589135	0.031196876776282547	0.9664519677788831	1.1595271342545663	-1.2336055770708056	0.1336341331878867	-1.1296732299628376	1.5513468788436187	0.017297849339257574	-2.647310620283535	-0.3584039074746504	-3.2389151021121134	-3.785013432715137	-0.9513693975866478	-2.140444877426421	0.10593115578598518	1.6982293465368505	0.3872244170933116	0.09122941438632809	0.9807980118012726	-0.8430700491556579	0.7658983069595031	0.7131563257761847	-0.31233606943602615	-0.07075585245016543	0.2675209156346941	-0.6133718889003033	0.6366568900065861	-0.46697243271875416	0.5093436227203897	-0.8597417228060488	-0.4703650740307534	-0.5915819782470896	-0.22305409929051262	-1.108354156553244	-0.6701248041424627	0.9471709946500905	0.7013023216271715	0.8521288243747328	-1.0111764313731408	0.7470127736072937	-0.39942679968475736	0.6418324954165252	0.620803948912536	0.39566822796492557	1.5448596885094688	0.17156088401269165
DTXSID7032638	5.569457135766097	6.244992265834978	-3.270596308118052	1.175598696810328	0.5656982707462274	-1.6251057710698809	1.6563255422989591	2.2274368324912426	-0.5074281837772463	-2.8763266006393766	-1.1228078801251375	0.7274359192811676	-0.3206360519283288	3.4673977137542353	0.7872888772338752	-0.24294105596833698	-0.2569749050031858	0.597284972561074	0.086399684352826	0.5518405382572341	-0.8198081332582006	-1.3896582611851918	-1.5783071073948678	1.656629095975835	-1.4367750513918687	1.7090650796433873	-0.6508009998878889	0.05610778619219491	5.392113007554662	3.377804238229331	-0.006750177546197969	-0.3267591638398481	0.7800158547150515	0.17542304476069598	-0.30513121296411944	-0.7055854159033161	-0.8840077034426085	-1.2773034881704854	0.9386576976494319	0.03893883121523307	-0.7058637203037289	0.9528448719672123	-0.30386424757706876	1.0787185534912762	0.011144448103830768	-0.455672006542409	0.23349152333126233	-0.5351061962057538	-0.3010996170872454	0.0635366577108465	0.16824675144458104	-0.06446469236601413	-0.021165862645387817	-0.0010764603158381627	-0.3482779783430288	0.13741764809780962	-0.29612549216700645	0.16242468384913333	0.08614864837798787	-0.17402050800771107	-0.20694984937855102	-0.5081683154336945	0.017554013092266094	-1.063934147658769	-0.14220599325896596	-0.023064746403362802	-0.5644694989263587	-0.6910711946435378	0.2854907132021404	0.2446483978043407	-1.2073657781259226	-0.5517741228277362	-0.2656516428610509	1.5844284295440767	0.5084860973109198	-0.5333416733126943	-1.5236497390090205	-1.565669775487922	4.562203462527534	2.4532249562175594	-0.6860052689378924	-1.9981354792006825	-1.4589778191247937	1.9649919031606695	0.4714481715662903	-1.0756710058644277	0.7827708727009203	-0.03996443740167261	-0.07714483521912642	-0.13012775571069177	-0.982474331143058	-0.3900982112816565	-0.28067239872038924	0.7262655050218563	-0.135512002604663	-0.8815863917320298	-0.5581785082774883	-0.5469624773871835	-0.8067737953992343	0.1037970851599076
DTXSID8046822	3.0173139921191843	1.0406250043717449	2.8726652254536433	2.0865676685282217	-0.5149856193012866	0.3841369386747206	-2.382011618410457	-2.9172019602533408	-1.3905130499769387	-1.176570204507546	-4.120536054645986	-0.5345850781301191	3.8866191346275616	0.9828468630031302	0.45361112478222754	-1.0793032016540023	-0.19639784502658925	0.10321209218930247	0.3797198942319021	-0.421589918689814	0.453208766859266	0.6056768058006193	0.5359372982481783	0.3311851459423076	0.43491403410462126	-0.13303315659793039	-0.4585348178181446	0.04815081099555788	-0.11271671936787458	-0.29030007963726584	-1.0549903804884322	-0.7182216971672386	-0.3521707686517304	-0.3331895740702009	-0.4594363318964223	0.6195417847155374	-1.3195603301042378	-0.01225662705654737	-0.5302802376541371	-0.20530303132039734	0.13541594072533417	0.4671946960359788	-0.5598287112291095	-0.21155468822930124	-0.03722212440537018	-0.39182816217569266	0.06315717976569166	-0.18736709031356003	-0.007311570457346807	0.09262203580266123	-0.11419794085293485	-0.23612750559878284	0.3892673259736983	-0.026699096553335112	-0.7802026776354889	0.4754204474745771	0.05238226942681378	0.42572574545037234	-0.3817632466343827	0.25496201806377017	-0.6478294036850933	-0.2511443053400341	0.858524539847648	-0.13951581213608016	0.10662156713976441	-1.138996039176762	-0.3028615465014579	-0.5942538892978452	-0.060654805890922286	-0.3640930340713575	-0.38281520761035015	0.3769763783721309	0.5109726392908152	-0.6451121440815035	-1.784000667234307	0.1692421263463565	0.6636426691487023	0.1383668636681385	0.49805271410824015	-0.27972857194866046	-0.10747699676320249	-0.6014533913848337	-0.19755163298169814	0.046398029877066	-0.39193235054016073	-0.010487350876794348	-1.113063864442804	-0.4661761410197961	-0.11551019833015314	0.23347183202032892	-0.1458512753475285	0.7349764201019389	0.3809142537474994	1.5624532956290529	0.14853452738856912	0.23061687918669213	0.6499738827993736	0.3219123548747223	-0.1798860164769463	-0.22170095299313325
DTXSID6057740	0.6051959643224416	0.19783292383249995	-1.8193796081208298	-0.2976069210552374	1.836694763270786	-1.1961795928883117	-1.4950124118444614	2.6294884415961537	-0.4417052437560934	-1.5743867206717015	-1.765315495456955	0.257607865534761	-0.21186416276103553	3.089774459179901	-0.01806859888846705	-1.0117035951387099	-0.23895281660039608	-0.6140021261250187	1.0261960345052477	-0.35303126241949045	0.9933676382785738	-0.5077819370098691	-1.5167927835931811	1.0518681269076684	-0.7388907330987664	-1.2265330919134956	1.3091818345115394	0.7081694953747393	-0.4882198599485079	1.161516158893739	-0.12411509327965387	-0.5415895213901283	2.4734169168677784	0.11172074771407561	0.6284025216879563	0.5426106828812625	-1.2048778500383748	-1.3425863370612783	1.3877398525736884	-0.30124850491464816	-0.2041974551274954	1.2286197223568387	-0.3658372488345682	1.1262075376931593	-0.7080344578837364	-0.25093604936402564	-0.1965514010963145	-0.9237239327944544	-0.29882862265958	-0.8105055989447524	0.41482611689937793	0.02209521323132757	-0.37011373535804104	0.5614439466784478	0.8194515936611215	-1.223203485222731	0.3282649846361219	0.35713013334062543	0.8005666342105416	-0.08055127572843901	0.06945419559061067	0.8684687831244021	-1.0026360038386277	-1.8643557050710113	-0.21394731435823583	0.3204231979911091	0.2238157959549781	0.653485412294122	2.4930719397724035	-0.16220121661627368	-0.7192618534936769	-0.09959646888913175	0.13435771433592306	0.7706000237090308	-0.8607177479253966	-0.19233586599042402	0.07230211149095785	-0.2878943780903194	-0.23597089315635433	-0.3564645582830625	0.014623690904084996	0.39582401908705106	1.0552158202939426	0.726696987326007	-0.22677663440152546	0.4461975256502671	0.4480073028175835	-0.586685840597853	-1.28305256840388	0.20327255662197827	1.3626888734305915	0.14536580153679823	0.46047199355656965	0.8890614966392002	0.23467545431679995	0.19755348959304628	-0.33238387301213734	0.05328895528401609	0.2322176356182681	-0.24130831434282277
DTXSID4020616	-0.9023461045808652	-4.133295272614729	3.8719254273048036	1.9854523079010125	-2.490746681720035	1.5506113946602664	0.809595766253526	-0.4313086386600635	2.406869793016021	-0.41006372112990347	-0.14268147305658718	-0.3474329663980692	-0.4332219133622707	-1.899011069411513	0.784870221042504	-1.5427949209613538	0.23850711612476294	-0.90379084501283	1.4739912523996894	1.1887912933670197	0.24619347318115434	1.0132450089492027	-0.6113040200217446	-0.466484097864311	1.737962000891047	-0.45282410581820715	0.01117304561278399	0.16141679551725618	0.19174281883465072	0.6851620581601758	0.6997711275042606	-0.028715950192866484	0.6904373591983695	-0.34164254132874144	-0.3975027392873713	0.8267380333510538	-0.638811387771732	-0.8930643795060206	-0.13536519735786764	1.0891433212770736	0.16154644509353092	-0.21636887353500295	-0.9015429057919974	-0.4519996418311828	-0.03179361267560205	-0.18893778681826162	0.012359915704146305	0.0846953219163875	0.4590204053979904	0.1094667291703821	-0.00963962373650319	-0.7958234786901492	0.07388322527341895	-0.05019969566731911	0.49919003267431694	0.0011836017442678314	-0.8181654221431314	0.12077550270893336	0.576199406077344	-0.3522365879804806	0.1419180064685024	0.04521678529014593	0.5610439762590593	-0.4457150048882653	-0.04804197227679827	-1.0993158666156562	-0.5832148127939498	-1.42860348251865	0.17915390809244633	0.5940841534126492	0.7272660465887248	0.15299066040914142	-0.8865544422877935	0.2233327428374686	0.11460213121620944	0.38445143416107785	0.134488954980705	0.4876912165795	-0.01996015266202667	-0.7688942096407813	-0.6228755378245958	-0.05517427201507245	-0.008032950590663274	0.293427345422725	0.6028582887037099	0.31391843032409744	0.43555078379155937	-0.8920985954557374	-0.12519531307104811	-0.4808060349956701	-0.18421739781298663	-0.9792076965701637	0.32608856604431247	-0.5754458776701307	0.5759612373270063	-0.2596607173849235	-0.7199006833832033	-0.9483292655178458	0.2729434420061503	0.7996472123296917
DTXSID7045079	13.032235367701835	-11.311147455345502	-11.746331476151253	-1.9904450523596764	-3.1297675472689854	-3.7135173470319707	-7.599988223427551	0.7368308329132621	-5.191281807428647	2.1352890292528	6.506798468535971	-2.1349774718577943	3.3816952764204675	-2.2629608180501126	-0.33333158341731933	2.237489305811987	-0.6281931830603231	1.721593574513833	-2.879839943302411	-3.0431524832502888	-1.7844837299799654	-1.5606525009203733	-0.8468458194635284	-0.5055444649048993	-4.843268971131326	0.5152825793262727	-1.1837552390607375	0.4531803867179066	-0.18858584002730028	-0.8295322360246742	-1.1980743734657628	0.5773818255093538	-0.22824861894619858	-0.15764561301814733	1.774340367275871	0.11683777448262642	1.0221308309172024	1.3515028030660439	1.1854021248265967	-1.9377434076045712	-0.20239687062187742	0.6911949927941402	-0.09218895228855817	0.9687768645254882	0.8820098634432917	0.7090512539195418	0.08514441019592398	-0.8214664602045414	0.12810232134270483	-0.00889305682774439	-0.019876930036286804	0.1835303774788938	0.08969202007219082	-0.21176205589653382	-0.6543888261653856	-0.4906244082089743	0.9363112372269851	-1.3586485332566163	-1.0430492882994984	1.916439093476931	-1.945549254674664	-0.9831916652037727	-0.09821946385975924	0.5142292050898633	-1.0663679107836406	0.01370882320931731	0.9169246349448269	2.3618517360773126	-0.10963202649198717	-1.461032514688392	-0.6420260712290836	0.1879436200122838	-0.3402526149528277	0.07632846040091107	-0.7050278343888661	-1.4866008195084095	-1.3913017517202575	-0.09286170324024948	-0.02697090011522703	0.14829983754510578	-0.9808970392706448	1.758073567861315	-0.5738045043380471	-0.3609506565532152	0.33649145028559646	0.9622743431283184	1.0982585652084695	-1.1818405830234882	-1.4165324968461455	1.33014894845295	0.548052252504968	1.6835184251247959	1.0787065744209452	1.1190998889892334	-1.1208120262458017	-0.2885940182506055	0.8885470515805743	-0.352152861823826	-0.16027284744584439	1.8976190762237795
DTXSID1021877	-7.201102533429037	-3.954143916062152	-0.4798724745862612	-0.5634919136633797	-1.4076494540349562	1.21842679304968	-0.311191683269093	0.8445394629869128	-0.4629792163514754	0.3145339326363808	-0.267453685762832	0.06803863424799562	0.19181511760367098	0.12714035904029988	0.04915006952695075	0.2536421865007723	-0.283046039376883	0.10428901494756315	-0.3177831644145977	-0.4067932541576202	0.005072823107845419	-0.37702006268544513	0.307831638913203	0.04651401570411535	-0.716990188735579	0.5412610144604086	0.20685258073407137	0.9671672881990543	0.1861372163571808	-0.4424775010043079	0.19628603552483162	0.21955783341324708	0.26596968767670204	-0.49330578269133574	0.48577677369439337	0.25904074221932194	0.1579863948816558	0.06598724772935184	0.054767677200126555	0.23022986134880033	0.01924406979519886	-0.18342150085163522	-0.05837005772746083	0.41511657605138286	-0.2500401763022836	0.14184125889024932	0.44616641841199794	-0.28773002362753486	0.1164377189330988	-0.10568506325497322	0.09115546292070269	0.013398127238483314	0.1913286782870455	-0.03914374413230355	-0.0739754982649767	-0.15856061653403392	0.010607901923516898	0.08569345183092973	-0.1467076971411574	-0.137730579174204	-0.0030280420496947053	-0.09534396921747665	0.1694652239029504	0.39551061951772826	-0.5523044476714528	0.27533412981791505	0.5976143674371228	-0.03760129010576736	-0.3054198051102357	0.28028401665846886	0.040481085760429095	0.1605789539145808	-0.3094800377544356	-0.48858197704740486	-0.10413980177178261	0.49254263890491495	-0.45260999901701415	0.21354357851912212	0.45956553721100746	-0.6433910033191427	0.3250345550539981	0.08100093693302239	-0.14411430685427404	-0.09834679146271814	0.009120740536087203	-0.3691476279592105	0.39751218828398965	-0.022648687319014194	-0.4358725241593823	-0.019347023521013685	-0.2578669743602275	0.10936814806776694	-0.12295180651220718	-0.10256393591083057	0.04244440430098847	-0.18293890218145295	-0.20046214765505524	-0.1417996525905775	-0.279282508870801	0.007081672030804359
DTXSID5023875	-5.4255808415769575	-4.119084040688314	-3.2371279819928684	-1.173816003168317	-0.29506179600674465	0.33606442577256845	-0.3873168839833991	-1.273129391997524	-0.2945818881771724	1.9114265618918236	-0.6921994094933709	-1.5241259170253618	-0.969183645879091	-0.915979868378927	-0.30864026278063617	-0.10221741428434938	-0.029324843007366673	-0.3058058911302669	-1.0408225919459115	2.0029824029742067	2.1419824057008197	-0.44844067197919724	-0.7840758055376637	1.5285280651216098	-0.5063808719207756	-0.7452545088870637	-0.5544898120983115	0.7793987565155273	-0.8076363329899644	-0.506054005054317	-0.5241739490547082	0.5824473929985144	0.12432741457151306	0.9847900485535829	-0.23450058707910468	-1.5630461745323954	0.4094249236139565	-0.3213753523804658	-0.5896210242417919	0.08470829271943812	-0.7191376717458579	-0.5883874646328296	0.7757629276820837	-0.8862229515524026	-0.23959766086417678	-0.16812277409828133	-0.5783811298390353	-0.07451629482340097	0.29040183429256755	0.1448379995011093	-0.05116297068149265	-0.010671235328244056	0.27476491098849887	-0.41506214281743836	-0.7410855609249404	0.7849686474962668	0.41482328238871297	-0.4949856079169983	-0.009068908902844378	-0.6803515047028622	-0.05234533792298028	-1.1254204637365457	1.5672502252034732	-0.060702519015439674	0.3701262875271141	0.8534179488304667	-0.6246854244446518	-0.7361637904467901	-0.6476086535711496	0.39564023685799926	-0.054343938040263544	-1.3755042843742546	1.44993771119215	1.8509998700178296	-0.9366030986249961	0.2597030285248916	0.14712410343578264	-0.9498159091815243	-0.5504037229886185	-0.38160384735626085	-0.3047419070750732	-0.8403172698309129	0.695259937559953	-1.591007454899249	-0.3628661098154315	-2.4321768633297514	0.335229614981736	0.9680920973007772	1.4333323720112936	1.071175156439299	0.868160810191416	-0.0737412937665891	0.29282943736268924	0.0679316099438852	1.611339784987287	0.1363057928366401	-1.2363884743545808	-0.17266058834624662	-0.06725890481734952	-0.8971118772549512
DTXSID9045508	10.091050080701025	3.893764642645191	2.3313224661317147	1.4158410023444445	-0.23646783270847993	0.07375894773461099	0.7065961600033704	0.017730304626269112	0.8255315139624319	0.13815755739670338	3.1033288160872234	0.7774502492798113	1.7225890367021333	0.01758073608984469	6.511317898758926	1.849911239410201	2.033654493170217	-2.4536151452848003	1.1040656665504633	5.154062617578885	1.762032004717877	-1.9632072957802422	1.1756478941432444	1.1569299995484608	-0.9643252645282185	2.089812442123614	-3.496443550850168	-1.4394521194487233	-2.3098319780588086	0.06009004847579339	-0.8882749555982286	-0.31613491143443984	-1.5313986198518987	-0.5795444267899317	1.7221604719970296	0.0175878879354399	2.1980924933778216	0.42741155166066563	-0.632952993216774	-0.14899975606703714	0.9515091945186855	-0.3108792888400317	-1.383737449243208	1.1071607948591917	0.5187286705262139	-1.7602448823125734	0.2901154170190881	-0.8970903251382062	0.0817848442089055	-0.6068909966050968	0.1745870088740002	0.21296841270353437	-0.487405176044485	-0.5924776967624698	-0.3267501865378214	-1.6405210308093765	0.005789848168700805	-0.21097788792716382	1.0501878100829085	0.7257020044681348	-0.1942716206631547	0.7329611694668859	-2.3536941706981933	1.265085651472906	-0.8176106543591173	-1.1251603865495736	0.8825255421554723	1.6573124130849688	-0.0942657504575039	-1.681193272250803	0.8780942272137905	-0.9040798499159244	-0.48712825388124087	-2.613406478818752	-1.2797380833314627	0.13274626491491545	1.247693948018629	-1.5884933610222134	0.846461195086784	0.01442179115263947	0.49474998285121996	-0.6912730631652191	-1.3973469018475202	1.138401011759761	0.851343358548131	0.8644107961981845	-0.6289371539000816	0.6254831775208258	-0.987547191936914	-0.04127363352937022	-1.480393657046805	-0.07178299656037916	-0.18761079262991529	-0.47332480281062994	0.7008119379119276	0.27874925771581543	0.6527574930023774	0.48755650058671457	-1.3621938411219816	-0.2564366221158608
DTXSID7021992	-0.24400743596902416	-0.7842252398575565	-3.2428001380853853	-0.7938166416555054	1.7244203758545784	0.564946346461584	-1.2424540446062888	-1.1061660582297792	0.4009109861614939	-0.7900927842624994	-1.687829778226259	-2.1515429433357465	-2.9177204229327893	-2.382259337035221	0.4487038687775541	-0.6799904974612387	1.2620967690382265	-0.9581235473030223	-0.4709097429760341	0.25666798936860974	0.9669506629730266	-0.6341632364263589	-0.17510111194021713	0.62274369820602	-0.4678768257754922	0.1334673976009754	0.8941359369107158	0.6048166038443632	0.015886816964332962	0.08082420526949309	0.15795211659443936	-0.33514079665440816	-0.009414650429687582	-0.6722520067792742	-0.124596135445555	-0.599109591849319	-0.5190701700586519	-0.020319442858177644	0.5048827056956839	0.4178284507968941	0.3463818706944155	0.24078922107152143	-0.014171382167737374	0.16445037455283326	-0.2768319619644015	0.3317144486613203	-0.5786039013219452	0.2751018506344163	0.21008599369617928	0.10850987621599711	0.09275776666468291	-0.07501684031433736	-0.07227842649364363	0.5768491677728365	-0.1474300556765863	-0.4227162744074914	0.32775941572745915	-0.3983142434221789	0.13407208610639765	-0.8066934901743682	-0.42743639533546357	-0.6660001797776822	0.3330488707215112	0.3989616403050393	0.07309916592255455	-1.073358577099079	0.03649796351458581	0.33139366975630485	0.04073758742727501	0.07194569270872563	0.35153715892437437	-0.2675945953483474	-0.30001452573352744	-0.66027194641222	0.4774290976091821	-0.7181452090007968	0.6972375422800636	0.32170160887972116	0.387887410331935	-0.30894137837917085	0.28281351582396946	0.1735075626758057	-0.47642067077602385	-0.33437537641366494	-0.780087488751168	0.09452644368635671	0.338018522348755	-0.5696037792207425	-0.5275535858326424	-0.8343326292865471	-0.03086916779502151	1.0661881275129874	0.13168256587439106	-0.17413713064222186	-0.5863308567731226	-1.12434662200819	0.375679701755254	-0.17841369276068086	1.22451069012333	0.42524588664572704
DTXSID3046322	21.2038135179399	2.9000448054694092	-1.1395972433220078	7.699623563125359	4.8823359783900875	-4.4608437137788615	6.39139843911994	5.572767545293469	5.607079184942562	-3.0889847510118935	-0.20479019567865314	-0.03179897108938161	0.11599102424192387	-2.892172324905764	5.3351252515865655	1.3478550500232298	-6.345621749876285	-0.1255500391800357	1.5993209638205916	2.455881034022094	4.1087031427808105	1.8630032934678689	3.0787329872687077	-0.15868524701152348	0.5257209587775815	2.667688543947192	-1.1885976973172028	-3.0330161144456813	-2.6215360300869257	-2.100506361445292	0.36734193574535284	-0.8978769819105628	-0.7226584854329049	-3.257853905689842	0.34413791229231894	-2.3800094595860943	0.7295961141435495	-1.3678969493978337	4.484295897789055	1.249952203477336	1.8273835480525855	-0.28605263919900603	-0.7530399238708857	1.5803447589828612	-0.03508208708856884	-2.447080198104008	-1.5686299674551158	-0.6716868739187853	-0.22272927268313847	-0.34817419403912336	0.43490110363674	-1.9483465583211605	-0.7360031876545816	1.0332011722268721	-1.8196299458732645	1.385425037075629	0.7287286734761508	3.477902397145151	-0.24341962614717996	-0.5854952248443132	5.134364859850213	2.4044351505690162	1.8053517281929357	-1.0775659757306109	-1.8105460414969687	-0.22498587667894557	-0.5673945643540159	2.5449587227734347	-1.2178775720910073	-1.6979831229316915	2.676151233250578	-0.09724401413875462	-0.11382610759608128	-0.34737965677182403	1.183436014404454	-2.4199626613090794	-1.8105802493406016	-0.2973690151447632	0.6164736483107804	-0.6870716775410161	3.6438822171921115	-0.5255592469805949	-0.25495845850575466	1.4117240021053137	-0.43601597864154734	0.3403351434693751	-2.4116284333618894	-1.5963593518810157	-0.47766233581233236	2.3933066479601086	-0.27777281016804223	1.4180035508546676	0.40971773977050724	-2.7967676147374236	-2.1425784046117977	2.9048303304077083	0.5668638972129104	1.6280653208822746	-0.5081714107412166	-0.37946163664420585
DTXSID0022519	10.308802331369716	2.0191594944683926	-9.49350582990523	2.463091307198136	7.338154582288975	-5.5375674777213835	4.609606883601447	0.4075584072692444	-4.720108447615456	1.0908545420639755	6.086458749090803	-3.513876133503113	3.387422313802108	-0.6617216647169384	-0.36186389955744885	-0.6084675652760951	-2.1892471045692847	0.5874604632520173	2.8757448612794225	-0.6517572757774261	2.002615388244702	1.6991317651182531	-0.23822145150448995	-1.129422148003133	-0.013440790019702088	0.7414731436092217	-0.37794791739520667	-0.42288835079711085	-1.0362272134190726	0.7870553252780583	-0.24015506320965802	1.454352215740972	0.9855377265456106	0.5701979903628249	-0.6704754154779182	-0.7862421964207991	0.6343343324471247	-0.7866575552641237	-0.06377460845458464	-0.23980753242462544	0.0954511427420364	0.1574862177135838	-0.8802270727718559	0.2595572609085434	0.7546603861217505	-0.26075128232581424	0.23938080368341336	-0.10272408013995035	0.12350583643927567	0.010077480349187184	-0.20002520194605952	-0.2885761998445033	-0.12860888829711026	-0.07044605879338761	0.33199972688293267	-0.13388168362706726	0.8064705605928656	-0.6819082766939498	-0.6160917569749567	0.5446042224325609	-0.8549110659709135	-0.8441792032353344	-0.0058537749592859865	0.18791578682022955	-0.004337425964528643	-0.8015973730970835	-1.6649793257453227	0.6761272592812108	1.2448106571518034	0.9101979469262609	0.3275166008015684	0.12858400276840837	0.46816955193602966	0.5703660133216474	-0.6483864405834733	-0.13387234182308583	-0.6581154165399846	0.7660026119028636	0.32326021510769753	-0.8378943324370198	0.6220235449545207	0.33562719407107233	-0.5228256932412417	-0.694073046548327	0.9402340838879887	-0.15559843319630812	0.570311824600877	-0.2631390254485834	0.047852585905127705	1.008616108624429	-1.4025500853005222	-0.3381278558832277	0.03831812680168587	-0.7379581497251421	0.7240453481906441	-0.1309702424393513	-0.6685745801672276	-0.6483645472047066	-0.0568448156423563	-0.37097442621663634
DTXSID0025315	-1.4547587412004883	4.565272794506991	1.3335332782387075	0.6235919345380796	-1.9641375862871253	-0.9268623845502423	-0.6444306485161099	-0.7513977163634784	2.4468986840137923	0.25187964403952456	1.504757130799786	-0.3595313397298501	-0.9921795577871496	-0.4925602352079515	0.7105794821080369	0.722785793395685	-0.4217432566156533	0.7036897595117402	-0.5222152715667475	-0.37462050847113193	-0.08683484183739072	0.04732654702474971	0.11708028675229173	-0.3118701025366263	0.4522900317459596	-0.4705008525313451	0.7144840305066831	0.28524622807445593	-0.10214517635610107	0.20868352260122158	-0.025186997258965022	0.2188238680769932	0.5057807065888958	-0.47802937317464705	-0.6489319290400047	0.17533962344344606	-0.8866332046830504	-0.43269794778510706	0.23956481160844523	-0.5676788645093838	0.23618836672772323	0.3589203276349101	-0.37421797877032364	0.1525359411955936	0.06689085474579229	-0.1544197224234136	0.3466040949615982	0.23672249809687146	-0.07630196416314862	0.28634472771053926	0.004831126335780187	0.1311252883741405	0.41553674039489624	0.15321706870004295	-0.2594656452733166	-0.030194666611751846	0.37643991078576655	0.019483244670644235	-0.30232550696878113	0.5431966108918904	-0.5892903673754792	-0.20807510734926096	0.5264780399680571	-0.07435267719008892	-0.05305892985734103	-0.38875740396401315	0.16144275179773052	0.26588380316196414	0.18769360518782507	0.12928015583699237	-1.2199849284859268	0.9982907862149835	0.31310381253673614	-1.0853517168498945	-1.2392703566896697	0.762946842231105	0.4498719817539511	0.49622584954347276	0.3083851369549829	0.703441981751334	-0.2118210041700996	-0.9697045910555863	0.9979167670173293	0.2211776350844109	-0.13625572512516138	-0.23106397568698248	-0.5339099620381134	0.8957361333087395	0.17333612278595253	-0.016595905608330703	-0.3410489626626689	0.14879047046398225	0.48411685576995095	0.5710487596675266	-0.4030306531842156	-0.3910403017203744	-0.27517426691583335	-0.2839135303396823	-0.26877184055700515	0.30301164483319953
DTXSID7037717	3.4428191759238085	3.9907318918678847	-3.528321799378315	-2.7679446590750816	-2.2703208154862264	5.468410694778179	-4.48792392851796	-6.13079629066488	1.4777498413708496	-1.8617344874659725	-5.645905208505867	-0.8666773491583338	9.390854175622028	2.155825532426627	0.8782457067924777	0.26626651888911246	-3.6659392033850704	0.21467994049501143	-0.1878742432804464	0.4257793717871487	0.08154706723406964	2.1253206808298644	-0.43960589795754373	-0.9147882353822644	1.8853115423940485	1.385553071458973	0.05917909150566293	-0.4515271686125645	-0.12065089578673624	-1.0312631394193572	-0.7841919091228413	-0.14197173471203584	-1.2095962224450207	0.18065468044864313	-0.040244194299062175	-0.2973439686042781	-1.3321617004692976	0.02291322848060403	-0.21920384286220826	0.09428391551575692	0.5722038623799897	1.0919119709632268	0.12236801973975395	0.27601480181058513	0.4742807958118324	0.08915895630036355	-0.548920187348563	0.05544128843589288	-0.3802092855331369	0.524434928876984	-0.056515403250655676	-0.41304820723292646	0.4744212857334551	0.4144709196362009	-0.2952349400094224	-0.18739987680718295	0.41796156231895787	0.47219344822931225	-0.4919237376665521	0.2265242814397569	-0.1495401705445527	0.7183140353451457	-0.6275489386299482	0.7593117098398836	0.11192464797805708	-1.1885151249648258	0.4620375591506154	-0.8696713352756301	0.5041811515663998	-0.62702884581419	-0.5834731152014271	-0.28667982579424006	0.11108892444552369	0.7907157879269873	-0.6031859514793867	1.1611044574060092	0.5608363037983467	-0.26892854335018246	-0.8954396238828348	0.4630402802939312	0.3709382325048796	-1.211827508773055	-0.09810096924260905	0.13094347489133296	0.225875025665139	0.41624704928245715	-0.6371052570280884	1.606227055895203	-0.14505786308677074	0.2037710402621933	0.08594112980298976	-0.34635627664931656	-1.0351119465411853	0.942398724337591	-0.9730653508445164	-0.06737605135950762	0.5579898422723096	-0.329823280156209	-0.3517608592329615	0.5408718504341242
DTXSID6024965	-5.975185326852586	-2.319856938088781	-0.44960517839578495	-1.8047488932503095	-0.06938535629628201	3.3115852826430507	-0.6502565238746765	2.7071202038292825	-0.8342013512566496	-0.2745619409975366	-0.03176602003986008	0.4619462663719091	0.4436323919996634	-0.6022645899885538	-1.3669082183008257	-0.29590425414117577	-0.3270021801417476	-0.6165667490755032	-0.21865209220706247	-0.07262014074977138	0.41004908507202076	0.048294139050715584	0.5508005262091393	-0.08221646096510135	0.05556724067370413	-0.314654846973806	-0.24004405213426971	0.17245100811458167	-0.1924166174882462	0.041799950083213376	0.17021043520446216	0.5687745856440173	0.471924199122767	-0.1518901307788602	0.8976260875839069	-0.5575002030183678	0.11845389311135128	-0.3379462403696513	0.13732634161293808	0.18761741291906345	-0.5411732778682719	-0.161789715940094	-0.01502412048963819	-0.1668901383933385	0.23319162001046503	-0.18196675789706035	-0.18268607590738342	-0.42939531784437185	0.17213967778096942	-0.04111654089631815	0.18669714374406338	-0.20450128946452664	0.22356864671484059	-0.23788021404614831	0.0811278025777733	0.15692675992590266	-0.022159647288442778	0.12496145550759488	0.21050478958711538	-0.12065674454755104	-0.19988136632400916	0.033191917078842864	-0.16392007081558005	-0.07375409910611212	0.12173854522235451	0.430178746662753	0.42971278737648105	0.042714708736379496	-0.19287787224198408	0.235597814182263	0.5752249815803105	0.4620395679099328	0.16443264439823993	-0.18752876251057882	-0.5739208733270962	-0.8276419291547144	-0.5114545482416559	0.5492566344824583	-0.14616363060208626	0.6158859414021168	-0.07684807491414491	-0.6726137394839031	-0.1355831982566952	-1.053616978302247	0.16333487134090052	0.08582825435260331	-0.013405803857180773	-0.6427201769176265	0.49105374777346034	0.5554671980403311	-0.5544931033591539	-0.10340117515458203	0.7008868491225303	-0.1437077659281896	-0.33596823074129	0.59702805832135	-0.09393587278748304	-0.29658304853507506	0.07926604985334866	-0.16249347972326345
DTXSID0057625	19.150197834349996	-0.5493616347884624	10.557135937915492	3.4620453590251583	4.9228117504912765	1.1574520722824804	-0.29510746198375865	-1.4878065896172585	-1.9381837304591352	1.6321394730825989	0.7183262818834418	-0.5430032815151168	-0.526500507053368	0.9473304060157524	-2.1513641247430346	1.4650554326247571	-0.6341240421272036	0.008928991591923013	-1.9831938561980142	-0.6420916368550249	-0.6926914987890245	-0.45702845673972586	1.5254506745219312	-0.10554019728200643	-0.460897447873658	-0.4027693507837338	0.3899237194187239	-0.3293461997641563	-0.31526417282937585	0.14819351848760298	-0.5925078132044675	1.41250484704975	1.120567953977268	-0.11414798266042532	-1.7707419932921626	-1.1481713326628717	1.167945961745105	-2.0498003539632457	-0.5969941438664055	-1.2613601486092587	0.5933476282184353	-0.49994026572534217	0.7214120527062957	0.5822680504847375	0.9528448724975255	-1.4767825886824886	-1.3403794065685462	0.3037814782510592	-0.0733639465639279	0.8838246968700881	-0.05529397833032799	-0.7750470761700047	0.5897914062499193	0.09970522951413763	0.1433560035382112	0.860066844151577	0.8479517904160458	-0.43023803415366624	0.9935067926506079	1.0286732330116417	-1.5182343487322478	0.6978331550407938	-0.28532768780302614	0.7545830853677634	-1.3788076715773037	-0.30615055075497677	2.6965638242343037	-2.054599070113907	0.2723192040481841	-1.468361073504161	-1.2507798993675785	-0.5309311708189705	-0.8912315151538568	1.2147217148465206	1.444765507097801	-1.7684215523115054	-0.41503996964901385	-1.117460051712208	0.1331091643685194	0.06052466745360523	0.6866939924893046	0.6097229407501412	0.25493255822515365	-0.7169738543249176	-0.6582564895973602	-0.4231928219155864	0.40599022513752686	0.06627879652010465	0.5216150351197358	-0.16107579850841688	-0.6123652636191496	0.10294040346821746	-0.3730847357132062	-0.7997541975784045	-0.1922974231619171	0.26797804153050353	-0.7123112765877457	-0.0308502016375862	-0.8247581319328489	-0.4686283219477896
DTXSID6042521	-0.16973628984576308	-0.49072671439462395	-4.114783115524728	1.9461440252730187	6.721561288287287	-0.1304112678491395	-2.0159509951956873	-1.439706343797405	0.4959986455784314	2.731291311868622	0.3450410101803283	11.023241182580048	-0.9480316283066664	-2.470203166908461	0.26061468607784355	-2.653099421762805	-1.5494879163875641	-0.0012576609548066535	0.5579136069088515	-0.5950993898055652	-1.31180587884649	0.5481752487271826	-0.37137013678674924	0.6688253083798672	-1.3353660689546087	0.10150836099211646	-0.29862410398946737	-1.554446874497597	-0.5786211757281635	-0.4812196636317532	-1.6803151059151138	-0.4209639870466315	-2.2188489628242176	3.3624330330162726	0.3745813092922672	-1.3224584719949224	-1.5351900792759128	-0.3687440189282528	1.2418335859350693	-1.247160773469606	2.0117612220436065	-1.134125502207121	-1.502054304055797	0.32203555839853854	-1.044105621123907	-0.3871917479026098	-1.2255462640622579	0.5880424386228899	0.6247122995718438	1.144766445993622	0.5431594245835872	0.8805028965169169	0.18267627242213233	0.4735715019053835	0.5442464364067368	0.4391632173958253	-0.15572730075112923	1.0907117417363459	1.6347133464339507	-0.32672478358131113	-0.4423146587513506	1.9269256368237118	0.7944134125536911	0.02221335324200499	-1.3301645609178634	0.9331833495290079	-1.014313300899062	-0.6628201164771005	0.05252906823537106	0.33998984133283877	-0.645858311561277	0.9821346669568567	-0.47052583304451845	0.13459586972719725	-0.04989807520964157	0.6309121517701741	1.3401522638871801	0.3566515453136789	-0.21522454409311353	0.5670188400953752	-0.6721905470828057	-0.017083266099729526	-0.9766770097645335	-0.21403797378997033	0.40514460896213267	0.05810696946119318	0.8779358190598383	0.23662121044487777	-0.421092432672203	-0.48443793586428185	0.2139565177085529	-0.2514976471211359	-0.1720830971904689	0.3385468787739416	-0.045916204508804695	0.614477366794187	-0.2741931462700755	-0.10101772660303558	0.06002691433919965	0.18022005606016833
DTXSID2039336	4.550913203330621	-1.0347862788685653	5.7674853096058	1.7362793125342395	3.2001640991359097	0.60649255816242	-0.6809886574779894	-0.5187615857351205	-1.1219530977779504	-0.5031527366855052	-0.2682566413105991	-0.3051395636282522	-1.3420179221822757	1.3729044645892694	-0.9224651154133746	0.6261767518246794	-0.007873977167953928	-0.30086897018327075	-0.7524586216577335	-0.15856408812670608	-0.22027093239974233	-0.5358447846124041	1.7848105337074278	-0.4154009468012403	0.17222555943023726	0.04059555661813274	0.3032861352856193	-0.7282005477731766	-0.3745604272785202	0.07595821823267086	-0.9623061202452893	1.1471412091338316	1.1618582134125008	0.7593239214794575	-0.5434410319135419	0.2818903242010741	0.6172841526065997	-0.8119139341090746	-1.0523620377825529	-0.7543374549158938	0.47489714484643236	-0.6935942852388377	0.02638085072822661	-0.9330907827426879	-0.2158414410720338	-0.8367552546772496	-0.8899455059971353	-0.2322558917273341	-0.17080282062188668	0.04382378972413909	-0.11673218180433219	-0.5019709939944285	0.22073632339052618	-0.09419807546822975	0.11786212979456176	0.9120836048657951	0.67308963057882	0.13722635320307755	0.4332670992852351	0.24004078045442906	-0.6774894058989992	0.33088699267772187	0.26285000967979666	0.5120920733886816	-0.6799433152978613	-0.053486557886036706	1.047167365475535	-1.038427272314435	1.1797635705114533	-0.46129718213661597	-0.8454616838660298	-0.6301176061876252	0.16777767298927365	0.319378132184571	-0.013578394929438685	-0.4219507953782441	0.25697193614761576	0.9156848222975434	0.7868880133935716	-0.8353163140989883	0.1455091587268549	0.48854277469437585	-0.08594520974381431	0.8382366588623915	-0.042406143182795036	0.05580996815316978	-0.35648555557455847	-0.7979555511325342	-0.1997106666247049	-0.3576524342059331	0.09540841725295698	-0.1532823494908447	0.46369225862547775	0.13588207373612288	-0.516396363165135	-0.5597701464517897	0.029399828609589403	0.07275319373357635	-0.623842206018758	-0.3204514299049457
DTXSID0034803	9.796311484540606	3.1491607436017506	-8.889346573309037	-3.5424167789080783	1.9523788324038112	1.9936373704612447	6.398870970950168	-3.611662859686796	0.8745219213790211	-3.0767264054237846	-2.116361905223751	1.1299241598708416	0.96665769901576	4.7167203558442035	0.6028353736374031	-1.1750692781509477	0.7653764669480059	1.0674941075308055	1.1589187098131026	-0.6441446241577049	0.42022146552698925	-0.8868482063312262	-3.8012702718816946	1.5634735148620427	0.8564372602638373	-0.5104553992949767	2.3648051989236696	2.757185290430477	0.576773615881721	0.9792527933219815	1.5910400513326306	-1.4615811382086117	2.5816426259818916	0.5050986493038891	1.4176771899697684	-1.487875487552587	0.3165530168613155	-2.3255171524709772	0.6822504319754294	-1.2054679856170558	0.06934687646704676	1.7220167235886619	-0.4061333541719779	-0.5908044461993607	-0.3749151549693754	-0.08013796030531971	-1.9262948642675182	-0.8392745256413275	-0.8269683098744897	-1.8781156888110113	0.06625728941049597	-0.7083192573720997	-0.5404316089487292	0.8484626929431007	0.6791395252580887	-1.4135720474966496	0.712372887119576	0.7052217719652324	1.4554972431068804	0.02733169959169184	-1.5090508133097764	0.8517217956224804	-1.359696793197841	-1.9604058722424784	-0.13031310186542794	1.088182364480649	0.10093010102080481	-0.6007604498184479	0.9465580274958548	-1.3172286642933284	1.5381636967691048	-1.8003524839968534	0.22015438343678634	-0.5399313003223027	-0.774036101718929	-0.4935433530763783	0.33659694390470646	2.0718170250032197	0.19758094384208505	0.07090533773963904	-1.7553670826936238	1.0867960840144129	-1.3498438773731818	-0.35624790211612906	1.0533074614088336	-1.429176074305072	0.5752088868117187	0.6903658351546481	-0.7170870173498181	1.5869885398398698	-2.518912351010228	0.12653220885465144	0.17120814508875226	-1.0337547479022573	-1.77396459664146	-0.07598197654920524	-0.756582232303861	0.18834155529465363	-0.3889751477930123	-1.4307983304255922
DTXSID0035160	-1.3408729220694369	-1.2724988694316808	4.874910084685331	0.942771003512609	1.5217927178736892	0.3588267669088269	0.18061991348923165	-0.9171271768182757	-0.277073050754331	0.12342025832882211	-0.1827076964642738	-0.211399961100436	0.05565386286448002	0.16410016586441403	-0.5048654426246112	0.0372353346202166	0.6602891328913489	0.06479087875064447	-0.6011735664117415	-0.23446485158868224	0.08426649056014675	-0.5828203028344552	1.744549551694978	0.10463609230583357	-0.12634964234229729	-0.49429245321263937	0.8479364247659626	-0.5875626720346037	-0.0920268679759803	0.2374279497395745	0.6483429693583654	1.0996725112557952	1.332314100876811	0.31253493283161493	-1.6682734880256451	-0.5570308751762163	0.4830621551731018	-0.9280560573091321	-1.0419123727841728	-1.0430166717242921	0.42550387908587856	-0.24805665396696105	-0.3891265334389871	-0.10612655152188705	0.04079338163329556	-0.4260078155772071	-0.13480388533724014	-0.2652173145493712	-0.0851352470084901	-0.029384584274727187	-0.15099315243284334	-0.6378771931562576	-0.14774461776521675	0.13637837088490054	0.1158875401935405	0.6873355684286577	0.3136045680270873	0.12884847872230434	-0.3159292983076786	0.3453990344571383	-0.49950847865201814	0.2745118850276588	0.41828086332845726	0.3246050147325846	-1.077135462449704	-0.2759241972802141	0.2500031521824267	-0.7085277991494674	0.06746197315873963	0.09164442734053337	-0.8054076649659017	-0.26248414975385753	0.4756852008638435	-0.11102103600177296	1.1576466840890065	-0.5671496778707478	-0.3668921696723987	0.26551100704919983	0.02097390966745375	0.4078986768557318	0.8222439970606263	0.14387119843116	-0.19412736431547756	-0.24701574674336121	-0.1336255896615158	0.0003664210225970892	0.006369229167101237	-0.17277292351574508	0.20431364055524376	-0.10555601665490111	0.40024470270971796	0.20428855935054713	-0.11278133476781545	-0.18951488910024877	0.061484640893901654	-0.12057910723094578	0.08842110263720965	0.22220105533718565	-0.04891885051869482	-0.5406190602238924
DTXSID2044509	-1.8783948672243447	0.27224666034635664	-2.6765371964866174	-1.5290324624732103	-0.529805043827277	3.605584461389511	1.0647148752605602	4.442079901808949	-4.294402669509311	-1.8928842719282808	3.1572802703732763	-0.748353183595184	2.313363855432236	-1.4020995647677814	-0.37152313236096274	-2.697253099487511	0.56019648162144	-0.5708764531337375	-1.206983380945144	1.0629909517344716	-0.03024311251138042	-0.6863089480143472	-0.5638924167456804	0.8056633702451373	-0.19558428536348288	-2.5226216200178566	-0.8304959616687426	-0.9521019408115382	1.0338706284149017	-0.9644808957443467	0.6320575386234465	-0.26118753079429957	-0.42875740659095607	-1.2392555009832429	-0.39075900867583946	0.85364300772904	-1.1111178651041453	0.7326456080983471	-1.4884066970209677	-0.4965127954853172	-0.05201269664733934	-0.6015263785665668	1.9328395886475098	-0.8161682498172538	-0.10574448618575902	-0.33633530728626976	-1.4010155571908174	0.7677573752496254	0.4101646665408176	0.30047808080044663	0.2773907954251833	0.5301568712984368	-0.10435380197273551	0.040426960899883554	-0.22869847403729487	0.27010127409301116	0.4184295045136841	0.32967373750005097	1.3188409334210929	0.09706515682231816	0.6268409507163203	0.29677331186029715	-0.1731901487654224	-1.0323881330054079	0.4232729809582388	1.057374938185373	0.4261266371851356	-0.18219413141430052	1.950435076052192	0.39503926643630893	0.17320139149097757	0.5406476652185228	0.41405322420573776	0.38464345104579634	-0.3672351909967164	-0.27846250696179026	0.9081894135645254	0.007501537971722066	-0.15869193184780564	0.6178607574457414	0.1888920999473241	0.5274733443769647	0.41862974172284684	0.7753952660714368	-0.5041813195421566	0.12633155439433874	-0.2683974429870543	-0.2991804600670856	0.25415695642434677	-0.44263783885341956	-0.24034690108242765	0.14898662637432655	0.2364799004357897	0.7639266855287817	-0.12963711856095209	0.3794157701789698	0.3757503668464109	0.365454205862563	0.16511261282057693	-0.5665952370556283
DTXSID1044481	3.2541522640939444	-1.362361410802873	1.5701733857016418	0.03468766078181438	2.8049996001004645	-1.6895113551302516	1.3845779005567427	4.461831236469642	2.0415139165848215	-0.6649645437837658	-1.2963371108886268	0.6138483430209226	0.28842778643883354	-1.1530524557578206	1.3816742763191097	-0.4707200136784998	-2.075760320783743	-0.4244575319512837	-0.5975441788604816	1.2443289369749178	-1.071555118118205	1.3473393881495817	-0.36929752828787527	-1.8835627652698461	2.4957892042977643	1.1067448603823888	0.13945640932664674	-0.831490214266194	-0.16000761967718238	0.1705443326228496	0.5693660670942704	-1.1498096285092518	-0.9856297419772779	-0.7194032969667452	0.7878072389638726	-0.21387798149017656	-0.14978232647662626	-0.959318917956329	1.0467022141661064	1.4858909547125112	0.6359877188677312	0.2096326131859426	-0.7464877356565295	0.3902123049143883	0.9006034934590502	-0.06187030521882773	-0.5095154311613909	0.7583787525600316	0.4398371269130128	0.5953814463672125	0.29309631280262655	0.04772990540969685	0.024181617661900894	0.21564501437785555	0.7286008738574591	-1.1494692683234018	-0.18166068292374707	0.5009460844172232	0.8393859063318742	0.39388009545646346	0.1623462839982326	0.33929075134821707	-1.4414374138614012	0.1813154860059365	0.19418039413622296	0.15374780913400338	0.06614824144557428	0.379932960825548	-0.45455739340543894	0.29321848180087184	0.44803984448722384	0.4944902066293768	-0.996174636266291	0.870542696467076	1.0878562764435404	-0.6322725417090909	-0.7011588418126894	-0.4866716361985994	0.5827557674504557	0.08792143803976943	-1.2382891281220565	-2.1175821478042716	1.0722566613792053	-1.4832438912168795	-1.8488529451707252	0.6477670042325765	0.62918731559961	1.0620149426649472	0.22983302031311345	-1.4325230379921472	1.1638798029978752	1.071316437638758	-0.3209511107006959	-0.40171329617380575	0.6107463946045857	-0.3849093338995386	-0.12565406804515264	0.06178385920408876	0.3954109122822287	0.08664848909883445
DTXSID2047149	-2.8839129030543376	-3.1432132165752416	3.4547153308753553	0.4233962385070322	-1.0098138071008833	0.4857958156682588	0.1104645339657324	-1.2250669621991013	0.6537395496404687	1.2630324164401738	-0.17276051197636566	-0.2437748205578968	0.49517785007532544	-0.8763002080167245	0.4748767197105009	0.043547533898895686	0.14358513146762392	0.4800909189020678	0.14509349100656221	-0.5067487309908654	-0.03760252770692055	-0.05734451303595637	-0.9446410361444149	-0.1776742674532552	-0.1424514576547413	-0.27778965167450853	-0.5403947004039864	0.2376963337660105	0.3697340219768471	-0.397110562692949	-0.09145987760395148	-0.19014440026861756	-0.1427323710855144	-0.3943189051055174	0.13128108588549192	0.6502503995488926	-0.11243591968924252	0.17965047277896548	0.16925417704140877	0.15265513560264873	0.1230309520871934	-0.03303090456225676	-0.09952068693381337	-0.19998092547478524	0.06979208664628896	0.19116594519509297	-0.3217503266957866	0.040357409538647374	0.2811188331516617	-0.014223203747161876	-0.030551515115819317	-0.05297590316295003	-0.04161969772355136	-0.026308383881993844	-0.031446863897616105	-0.20215601083745274	0.06376245741051581	-0.06916213610108517	0.18815771333281922	0.4305985771635967	-0.37422086805556165	-0.1817378976948574	0.1375266530753965	-0.41019119289731987	-0.23014849403658702	0.15261060665420156	0.22015316560943402	0.08604525067426508	-0.09362771837589778	-0.4514606928513194	0.5426029092615641	-0.07118290851761071	-0.19565460178039232	0.20258082264861726	-0.5468154564645745	-0.21087142437918027	0.5674901273486213	-0.16667315892444254	0.05443121426527164	-0.08546886255178346	-0.5680902261487805	-0.4341264124060319	-0.24640429685779044	-0.11872499259191796	-0.014694125769587587	0.53875969129548	0.4194745188935037	0.026702103995076262	-0.2994210286748987	-0.4213242654405285	-0.08395667897429411	-0.23103564084963446	0.057562535632883036	0.4112300177039485	0.14206299787658463	0.0674860929535443	-0.11455421746188686	-0.26977239019134597	-0.6305989220628432	0.19158007586428083
DTXSID0025078	-1.1701517339527883	1.8641911929075772	-2.889088645782725	2.7196685195855475	-2.119751426198125	0.9170131472016775	-3.2254131393655605	-5.638528012348659	-3.2471309627076446	-2.2545911346271104	-7.264494560479635	-0.7771472897322619	7.786998547395086	-0.36642401676642994	0.9386922713426344	-1.5756537690446273	-3.116380679521984	-0.5455741059440159	-0.9407136934838712	1.0628263548008263	0.23403658232663224	1.280574366983268	0.8505576367911634	-1.022566845454459	1.458111402733546	0.5836089966787191	-0.05289887398262457	0.7735818875156586	-0.4143792220000536	-0.5130407624393021	-0.04585432997073235	0.1969274523174582	0.003505148429947052	0.4098491290088387	-0.27630100932700785	-0.5135672617135265	-1.5693615516040897	0.9100218499670798	0.19625053680169324	0.07342668187897916	-0.16590287714289728	0.32182734308767225	0.07212902061186932	0.6795460596932584	0.08611563778686718	0.2544331657846722	0.5596790950557189	-0.2646315946134207	-0.08990838844985967	0.18644142361319416	0.2532013912309197	-0.41612641764264685	0.4694647315484967	0.4485574229781199	-0.07027758294445109	-0.14287940093062257	0.41233122408635065	-0.04879471048852393	-0.09317028026165375	-0.4959023583645084	0.6131443318191108	0.21471180087948533	-0.44125453936638126	0.6185330983801961	0.1986885457258801	-1.437069666563585	0.27620822703006237	-0.3966042767997393	0.2589327177651273	0.3635017644168388	-0.5313146112823026	-0.48843567915505787	0.20875159160513201	-0.011210352421257145	0.25666732236436635	0.4406011732688576	0.16656665230716022	-0.35938516567976503	0.08489929854181046	-0.16092537530370404	0.027790314756418667	0.3569532256899479	0.16336369837798437	-0.4156523766497022	0.02022900534304688	-0.3749976289585624	-0.5512725569683747	-0.8712401994298369	-0.3541616184685149	0.1375756773517273	0.3388925191765894	0.5158513308123219	-0.5520890003134633	0.7686231048050773	-0.39503701749245534	-0.152824361548266	-0.11131144970258759	0.22229632303274016	0.31666662765067055	-0.269535985241351
DTXSID0044288	9.19017224665967	1.7946718229744543	-4.091551684117337	0.7785416828073235	5.218544360282689	1.5421890705191514	-1.7532110257506741	-0.7509762538793188	1.466008918040752	1.3292023598354439	0.3433872262219647	0.3160819089659697	-2.4934226093488983	-0.3487291858737855	-2.606041837590975	1.6428777268954835	-1.127658726049084	0.22062041955835177	-2.4179241460795255	1.5652458629063424	3.0814638711987286	0.8779985154076269	0.5539882080701499	-1.956826021024123	2.7732479891278805	2.290586526396085	1.8491264418234654	-0.33198424320014824	-0.5532292388044704	0.6493229715837956	2.274721747885717	2.0002183844942603	1.2175454792926912	-0.05170093239572208	2.181270304043428	0.586265245331994	0.21161197829566966	-0.29450685173152547	0.2930696300733274	-0.4665669596559506	1.4840493469137925	0.8243440901261222	0.5756514646455901	-1.4888179581333105	1.3160064494015202	-0.13013006691128937	-1.0637337342762183	0.37545446628258783	-1.0889931431713131	0.3934121912867	-0.014735353846287763	0.07214315787477782	0.24628215597832734	0.6873538354976967	-0.38938656628517426	-0.18227697949001287	1.5332641067163795	-0.19135614908959347	0.30641595606792715	1.1464983697011542	-0.7880854498413432	0.6468965601201576	-0.8531927456946424	-0.22602067331195042	-0.0526691397349237	0.9568091539373957	1.2885358657936352	-0.5397726789163186	1.3699462323631548	-1.3674748923620035	-1.2329790705857384	0.5261513578025905	-1.3227452861021587	0.9645612639935228	0.8972506909846075	-1.4653952399786796	0.04904228851791234	0.8000285976882981	-0.34429116393835607	-0.05653195625893589	-3.9800007615318655	0.4447695109611548	0.8005527087564134	1.4859463187747348	1.5527722745286365	-0.7135683593910191	-0.00897670203954184	0.4000365070091324	-0.05796879787689207	2.0632951517775884	-0.24007924047645915	-2.245435477387853	0.017613566758699798	-2.176138554649983	-1.7252038231722677	1.360620135244041	-1.823909690377817	0.7248283702964261	0.8174429304249115	-0.8457953163900238
DTXSID5052884	-3.263518948704438	-5.135658461087561	-0.7561081594092873	-0.12069030277141729	-2.366853492631164	-0.8248185011849706	-1.1124866361921302	-0.29397652237257704	0.1252691190348027	0.7042706293276182	0.13788034726825293	0.032033748785964454	0.7224305142261437	-0.10311975351343415	-0.4855226090458288	0.7028091566955732	0.4446853886101058	0.9461561627363493	-0.3419033363139414	-1.2628611784550083	-0.2462374947987428	-0.5385667218458514	-0.1292138469948911	-0.10903216787063048	-1.4831052340105808	0.7666754828352277	0.2966382565548754	0.04732461997797525	0.5640216258005268	-1.1522963153694694	0.17695585115237664	0.40989355674160766	-0.8169797933221585	-0.36590788686448383	0.24041058877108823	0.12917061348174694	0.044795530404450966	1.2801185313923151	-0.5699635144408294	-1.1586953904490096	0.3202189749656536	0.4191583707338516	0.079283453970386	0.22559490118717365	0.30672483013560653	0.4980617240335772	0.29258149762613245	-0.596815374145848	-0.07035390144298709	-0.3697999389766867	0.027884172872505976	-0.07405292997019922	-0.08838409251195059	-0.11345684865529658	-0.654311783043475	-0.45922243726472134	-0.018398972835647478	0.10252127531063175	-0.33757651757903345	0.5254891634498122	-0.4512609757156826	-0.15807298884824814	0.20182672077787728	-0.5736482318842981	-0.8268869948901345	0.1719139200167271	0.009463269300383766	0.5771078939302734	0.15859636714339856	0.05664498589523105	-0.11447349661461173	-0.37353842701907203	0.9721767585900056	-0.22216733156547108	0.49034686914446207	-0.27743969844125776	-0.7977667234255883	-0.42526004210656604	-0.6050917641090676	0.7654486509861838	-0.44785113202819915	0.6200658224736869	0.034507220736434294	0.04041527356040264	0.11623846156943601	0.3430452497222057	0.8494361700765725	0.02869276991813556	-0.10878428273704453	-0.014262544374689146	0.2636785409846181	0.3095610847758863	-0.29850394941115727	-0.14732770142442442	-0.3417870686540608	0.1319056527025725	-0.05542935512209949	-0.1674516333281227	-0.10141546149992742	0.5541544922241969
DTXSID9047463	0.01738153945015771	-4.318185144655984	6.684596879809666	4.851661820584254	1.4927518873813042	4.108295870831981	0.4122262943574819	-0.6986242839028941	-0.13302544067009597	0.692169107437788	-0.4155488067700505	-0.6640557221896551	-1.0767762425518512	-0.8105649712924928	0.5031834865420044	-0.5351253016864798	0.21457876338961723	-0.40441766194265594	1.4941398229984757	0.8443655621390973	-0.6312318128002309	1.3408839348012027	-0.6521934887368462	-0.07123734153673607	0.631828912963553	1.9445895829303126	2.0983832307535186	0.49201508840073654	0.7316897331395645	-0.6370141747679591	1.2160439145660145	1.221499867254688	-1.1784454780279552	-0.34403404994028025	1.1398329858205924	-0.230731653960504	-1.096987376661578	0.7789288103500689	-0.7304769357713282	-0.4767012013180958	0.3749437722155585	0.7812032908201514	-0.690411403029171	-0.48024272757998887	0.3361095172362361	0.3876768107629911	0.9360018858728592	0.22143109330581442	0.05897070593155571	-0.5176984420469414	0.03929169756283891	-0.21688188397171315	-0.08140136460204929	-0.12301136414735077	-0.2943628003098072	-1.2996684861816126	-1.0720772288386031	0.4699710511691297	-0.14031133589100783	-0.8674276979137678	-0.5073793366822626	-0.9646871093524609	0.12144486803298798	-2.94274097753776	0.09148143874548444	-0.9663970588384156	-1.1952710649362606	-1.24947551343307	-0.4890092749132082	-0.380801321785462	-0.2703843715338084	-0.7058934825065697	1.0187221312307615	-0.602293049500115	-0.1088941063215845	0.6549954473585315	-2.210483393085947	-1.6889035472007037	-1.6678849775509508	1.6212890514025926	-1.0969216354847948	2.0535614262660213	1.2102989989067332	0.31220768550904016	0.2708182581263884	-0.40388973136218353	0.5231901136736086	-0.15454899933113275	-0.3476015905896642	0.09378381853238112	-0.2965178651112218	-1.003602827039426	-0.6796087344974532	-0.21154197398733451	0.21185631251654058	-0.38733672229145333	0.33259742453115276	0.09110437789951409	-0.0037062070462739374	-0.056692056525917064
DTXSID8024315	1.7642815271705183	2.945422316214497	-0.22781256704491518	1.0588916450760781	-0.6138391221738925	-0.5726767873049402	4.583406283080967	-0.22511495202337123	-1.116038996340364	-1.733566731891324	0.46873850491694125	1.7712331876404988	1.8164875182362257	0.9687732495289081	1.005886384063272	2.8573639258456125	3.940127035316111	-1.9051146777977155	0.26721770655777655	1.1633772837281828	-2.1621633846570663	-1.5413532362799645	-0.7168187881386644	-0.3009713432017978	-0.5390720447783659	1.1689532719158033	-0.7375115690328606	-1.4748073263058104	-0.42143972206855956	-0.25882620495372266	0.5683307223699152	0.2815778163925574	-0.9214243461342522	-0.8369968307365585	-0.06621002594107646	-1.098706023998292	-0.5968525550157466	1.1314641568371058	-0.9141871560952719	-0.257732917715605	0.7630503057280492	0.6314524016276124	-1.3099552104939385	-0.5465299441916952	0.8031991130134403	-1.22717718329805	-0.8631091337343071	-0.3100877146351211	-0.03003433922875511	-0.7656930700352692	-0.07728332896340848	-0.03928823911120772	-0.6639317312889916	-0.17085474743505139	-1.1408470483654114	-0.22505595825091607	0.5248863870608077	0.9110787902831863	0.901010546224521	0.5189585337897503	0.07172570578013136	-0.7864179608746915	-1.6978177615815901	0.3040222342523906	-0.08816579480196705	-0.6695881039350812	-0.5645522368729666	0.13028889498727825	0.5962109247765073	-0.4488496937547971	-0.3385407071289419	-1.1351208852781216	0.3181460644014569	-0.527996614187259	-1.2779762826969396	0.25767182029011326	1.2471501452404088	0.20936423840909554	0.37807544386330516	0.7344473762195759	-1.002482168226589	0.025362524454598846	-0.3346696241026265	-0.2785834615870335	0.6416285112234016	-0.1812847300871738	-0.2639938203246879	1.3501278304471669	1.063824332787399	0.5207029258681503	0.1533200280826441	0.3151713558303302	-0.12124255931533343	0.07739363115376177	0.6490894223654526	-0.6686050753395639	0.9919109028076067	-0.11138826858854622	0.33775097106643037	0.5145893151393965
DTXSID2057788	-5.681736468529906	0.6101203524164843	0.20636484477259637	0.09174299042706756	-1.802881330066683	2.301764164253472	-0.6061163970668162	1.7704322533761814	-0.23328731039461856	-0.315517683312795	0.2951381430882387	-0.07318634117706799	-0.30486369202390756	-0.6646303065271425	-0.36615699739471486	0.17222161722743023	0.08877378481917714	-0.42364014454402016	-0.32467155721784124	-0.9557636965670686	0.04616206711885786	-0.3964148265155129	0.8224301316947308	-0.8072651896301984	0.054478777690604184	0.5763631956798826	-0.8551811170070167	1.2308399339687086	-0.15584527187481173	-0.6863371127947598	0.008138185018113111	-0.025261931998185126	-0.04040905463406897	0.09503803343536515	0.7544539634845583	0.4439347404034931	0.35943059431017466	-0.9407138492017315	0.03018551956873114	-1.3385032389323928	0.3432812131561274	3.269368519833949	0.2081303687900877	-0.6351530952601798	-2.18500726955455	-3.424776597774875	1.8856878176030207	0.8142104618084609	0.7176134184889126	1.4527116286299395	0.23463320360842557	1.4218470252097215	-0.8565774938912091	0.8888738118410279	-0.3510493018447053	1.289638189204113	-0.6132130207600653	-0.8890877220971557	0.08713097012275642	0.026019827018964943	0.4397638317784048	-0.5369148725798557	-0.06979710037466436	0.5439352491364536	0.8253212942505855	0.4224380461507371	-0.0005984057125869801	0.337641721593271	0.3191992239309207	-0.5411807976822333	0.9466104270091837	-0.5057435177681029	0.4500555688730626	0.1038948452736107	1.0526468573095153	0.4409208870985223	1.073726604369911	-0.23833101928453346	0.32793325189504546	-0.7289531874422943	0.2871320973424448	-0.03769592144803704	-0.13805411837034742	0.16822277856942827	0.04980723659101855	-0.2963773281837103	0.20616756209397993	0.3446975197331426	-0.6834670638587423	0.26602410036932056	-0.19462380443846103	0.025956591973986313	-1.138297919543786	-0.2269375660432531	0.25560117563944906	0.03710020512305208	-0.5936016201291178	-0.0432789968184277	-0.1960253817997106	-0.3197264295720721
DTXSID1025483	-2.6294289866887866	0.3746339109208876	1.0469938170611015	0.2375160497717956	0.2689462231230667	-0.7785263410317703	-1.6729163252522605	-0.16917045844468867	0.5166408592321572	-1.7158081700381689	0.013191976865293824	-0.1801470613042509	-1.2899422772458924	1.0192286790692624	-0.3914172683563162	0.14593252960244346	0.6863982783748709	-0.14476561858126696	0.2145326633425305	-0.8392569747635821	0.3198688334902524	-0.3603030014602261	0.7279657033246303	0.06392487117397429	0.19642842640820493	0.32916747382850575	-0.6999961575330998	-0.336621913581723	-0.1944621134452075	-0.3870878908666159	-0.9936602213898581	-0.13129576291397393	-0.7309450524892843	-0.1300182179678636	0.37169420276001447	-0.04888412219202376	0.14055536645337216	0.367242275190172	-0.24699160617577717	0.4377932204009095	-0.2730401804135094	0.20496345247627223	0.060052977905149074	0.10431361193732577	-0.4177648340114031	-0.3567830144962183	-0.11103978658779436	-0.7756376527681481	-0.10490990308926772	0.07444738933091004	0.13429202235750282	-0.08924783929138291	0.3016508655857287	-0.4584331334605631	-0.29197349145961077	-0.21541623742992122	-0.016641573056825253	-0.11102994702932503	0.3076780322863736	-0.06816737572226851	0.39555686756402003	0.3451315056859388	0.09182020738650339	0.4618973073751724	0.32526909698712697	-0.0374792264840998	0.19906382086730687	-0.6285419735187336	0.8137759244924486	0.04779079417579094	0.13809304310486442	-0.3999660170693138	0.3894431849737275	0.561949418015324	-0.6807662979107436	0.10060687436911273	0.1168582005130281	0.942744933922928	-0.10410567144183477	-0.28931475332358547	0.28868232216018774	-0.24817320144335264	-0.12631568707726853	0.27772778042512525	0.1555425928789569	0.37604526656589427	-0.02365057432535757	-0.48871068522686617	0.05538368214216519	-0.13313779300789438	0.37532170306189017	-0.3350279747472832	0.15356640806095534	-0.4824341397009909	0.0035997670624326288	-0.26658018733598526	0.03120556698088637	-0.0811182941677678	-0.3069134939104261	0.3394763690722643
DTXSID7046463	2.2158541542654078	-1.0568342463327245	0.7675325622112863	-2.272006933331255	0.8064052622608119	-0.493165154435472	-0.929662148002707	2.1929674454315404	-1.2553307210390814	-2.553667679152974	-0.8768709954700482	0.36070815914231386	-1.1906526347108959	1.2008855945190176	-1.3217386488317489	-0.07408459169432495	1.3822712952339096	-1.7523758467925243	-0.5718165224553774	-0.547012940790814	0.5748969564361593	0.21915786167064852	0.49552517741906094	-2.2333563578012954	1.2201119187639602	2.079597894152853	-2.924098299855775	1.2447735610986732	-2.995151153547529	2.2785335523495696	-0.21818480687848807	-1.9949521381707336	-0.8804906562929363	-0.023911570758174027	-1.7175576825542094	1.698834646581041	-0.6599457705834488	-2.9469375876773873	-0.7201711675681921	-1.4432088575628281	-0.5136397948915893	-0.7410532467216887	2.662297691613678	-0.26286777629578706	-1.2953501484912746	3.4649956970881304	0.1049401448955765	0.21411872649005306	-0.051322230822929506	0.37705371316989816	-0.6203884794535197	0.018118647346729085	0.7127355987551489	-0.1869445225348389	0.966153849343728	-0.21101730518088754	-1.4939226512176398	-1.0111223000289231	-2.219426988340386	-0.5699373989357845	-0.985902208700999	1.2016143584402375	2.162139715828897	0.7135268680329669	-1.2943861827021697	0.9972049693691993	-2.2078242729326316	-0.6343484800558489	-0.21849422270527352	2.01843532066028	-0.5923143471256311	-3.2014630341119634	-2.6147716135704764	0.2977368819373533	-3.0635425966950787	-3.6734081598705557	1.6926179461620463	-0.6701469234181774	-0.9276661923035593	1.3906052480509343	0.7469902008488281	0.7544084024079585	0.671856868167686	0.27070800895431624	-0.2152301083132721	0.7443986517980257	-0.4945507248862802	-2.2303251427686854	0.8786044623925872	-0.10277994823690276	0.23440005723118967	-0.042827863608255114	-0.5081508832477605	0.07395289812322837	-0.544942419455416	0.7813313984402648	-1.0718458561146995	-0.7915116072489239	-0.2783392723263885	0.3528937517815752
DTXSID7025001	-4.616335350128586	1.0320859365846295	-1.1380714605586035	0.509916005913512	-2.7286621615096935	2.792125565796817	-2.5181743664297773	-0.12638170646275954	-2.2129219971222494	-1.0981786651404235	-3.6196945974217036	-0.07521802562753471	4.439696914005445	-0.4966937308685638	-0.3287785735694957	-1.1208659432117027	-1.0364438843979518	-0.5622331340422951	-0.541729996041372	0.4117643006722876	0.8017268439691906	0.44144991786152893	0.6145494185513715	0.16707922759282445	-0.1302836043071038	-0.06566555570448669	0.2621098244457491	-0.6119249960743989	-0.10740627668043032	-0.3278849433958223	0.14658054007990276	0.2508962614395688	-0.13306581589003422	-0.33624295801986614	-0.41614551999071636	-0.23876058396348546	-1.1751046303837789	0.16961418337064635	0.047816713846460863	0.07850241905025909	-0.42174219145639436	0.455606283934927	-0.10938305769462256	0.03212898488056498	0.17904141785614466	-0.0650746020334851	-0.02852771631938439	-0.3215661578060698	-0.27679856498376326	0.2969775524330913	-0.021522242086552908	-0.1607282929403386	0.15797305083951305	0.13602677087549003	-0.30442483572263423	0.000758377601446228	0.5240149102063091	-0.16545057575125444	-0.33942052470587397	0.17982579811171673	0.48552219307325795	-0.1456908471392565	-0.07132428917671643	0.44988226168732437	0.2115262896222626	-0.34954334538830817	0.10782452536086275	-0.4185938799933498	0.5741773868116445	-0.45453590660089865	-0.0014868835009474869	0.1279606879321373	0.19891023961416837	0.17386471269966647	-0.4258218332301363	0.015282540391403246	0.7900650612071841	-0.2107440872632701	-0.09408648748827086	0.13226734002517426	0.027752125266551818	0.13186134338786454	0.14011156027437166	0.17622430292030122	0.007706116128429578	0.1246585209421119	-0.2514888915342521	-0.15792062565267842	-0.03556303172763305	-0.014119382851544283	-0.26118283477658405	-0.2689010812361882	-0.08688075831867048	0.2326153840616766	-0.29171264547031195	-0.4083604582478636	0.36865756040766917	0.11920805525882905	0.28407933364270155	-0.07366161696720057
DTXSID7023227	7.762619263930125	7.190433207344067	-3.5628114104808337	3.4715699189264657	-1.5796022944101744	-3.597048786743561	11.695196622666579	-1.989030713917366	-3.141137561154158	-4.251942464644578	1.306461744195789	-1.4411565808722815	2.1056518803626125	-2.226432208238185	-2.2967000130178987	2.9353442314462406	-2.990916059867579	0.8315727732078219	2.83571152348854	-1.968122690563095	-1.712196501008509	0.05257756432417506	-2.4932628081226667	-0.5467065542932179	-1.9540182414376206	0.9609721532304413	-0.8143609305063565	-2.2176379664938106	0.8197315846332929	-0.6280952930872228	-0.3802179299501618	-0.39943221988070304	-1.3787229525328992	-2.3277213608521605	0.7334728630798861	-3.5766553800812715	2.1407973606251804	-1.2511647827688903	-3.1201972542148795	-1.9784602709921724	1.6757138294129474	3.86304063072442	-6.7888285088493046	-4.698719342031548	2.666996414105695	0.8818950088644724	-9.808512986973744	-10.767097140332666	0.7798959081673225	-5.3619124799334985	-9.37073805054755	15.161961865252836	10.137142627762147	1.6949978336428158	7.773398705564089	6.033795344262318	-4.869857840010621	-7.51885482711986	-0.6591906934144114	-3.9294291992592454	5.12084764456056	-0.3583329005489456	2.0579562743400337	-0.09143555455753796	-0.19397287163920057	-0.5647892113114075	5.203442635680472	0.5296480782911402	-2.1421972784018575	0.2502741857012848	-1.3096350049511578	-0.17375910710732526	-0.44805959814455343	-2.322938205251589	0.708446555190247	0.6788570376577936	-0.32513407190550125	-2.0579176208842362	-1.3800803786736064	-0.038964696817990606	-0.6062309793072452	-1.797840996973795	2.039231345032554	1.6252165413957085	-1.1475611697736632	-0.023125136720350867	1.5046921172506003	1.13392764771239	-1.7342949222140545	-1.001818157231018	0.6630910515539573	0.2743350202924452	0.6377403324589244	0.4927448181183762	-0.49279701046120583	1.2694995404773348	-0.622439516815908	-0.2693589144303293	-1.7943449445075832	0.05868191152197206
DTXSID2032344	0.44489632415653785	-1.1747837088373672	-0.07969997932187925	-4.873580118090676	-2.23677422366825	4.6738961021928915	0.844499853603121	5.7482253900757545	-2.6789689763455464	0.09441947199482625	-0.7255577274934915	0.8762492418927892	0.6135350797530669	0.23735949076530763	-1.0458807939795558	-0.7379248515737395	0.5074359140999166	0.1436259091431904	-0.24314670221494006	-0.9220296158395607	0.6007114351445795	-0.3650309936157785	0.36399350650494966	0.12474933169925552	-0.28427121437829345	0.41029655187661185	0.36319716583767414	-0.8351592949688116	-0.3348273978189622	-0.1680281612908583	-0.3181066434166693	0.7693526519756196	-0.48198356315326163	0.38227354111657896	0.3495723114833099	-0.48686541478162415	0.33833467813082224	0.2998760326144522	-0.12389463493736913	0.08486049893679874	-0.4789427744122836	0.384311826670403	-0.0650845991383847	0.21857956268466996	0.09246012050508016	-0.32592544010395685	0.17631723406720035	-0.8888403023855442	0.14087623151795317	-0.1323843041568438	0.34114949514827114	-0.23127260046248616	0.5209913441880384	-0.49676723444998544	-0.35990620630102577	-0.09599036888796858	-0.011050965705021487	0.23195426213782155	0.10804314620065604	-0.4408599112111241	0.0423084224530746	0.48066553870058476	-0.3370087359824256	-0.48140498482234695	-0.25790269092949747	-0.19079844516414343	0.09862322502180472	-0.009170339770938184	-0.4167227074322987	0.6965805835765746	-0.5529666118349899	1.0080980999992075	0.42539535466073536	-0.25727485897364893	0.4627225106659294	-0.6419268656154169	-1.5370088420280668	0.37427396968839827	-0.3057600660992437	0.44030337624154875	0.05816435255044344	-0.8541317676065624	-0.31465099576466715	-0.7389482860644252	0.7503119249685702	0.5400939191504692	-0.8000732073288794	-0.044182763359363136	2.2383559167501708	-0.005885403795086894	-0.20774665086467392	-1.054146431246502	1.169873021552163	0.7523734130938827	-0.6178447748376228	1.3910444019082662	0.5025191441231514	-0.625153268483004	0.09746099761425485	0.8585051358850243
DTXSID7025130	-3.6102378767477514	3.5634608341098817	1.049920435695034	0.07065695983357864	-2.5443758783443746	0.6054045843043112	-1.6159328542084463	-0.2036558047346382	1.8543281720545395	-0.6337639364572233	1.74195068917995	-0.6186149140690059	-0.5581915903137863	-2.2231903477148367	-0.7438855610834229	1.047086543654735	-0.8295389998101124	-0.35371381538934754	-0.04004633074561949	0.1537299430300236	0.07199626398643864	0.20414112959662267	-1.6526866199332533	-0.5670608558700617	-0.4126334744421388	-1.0167212003480608	-0.22233292183212935	0.09949860387363596	0.22012996052987266	-0.2864627921983877	0.4303925083678325	0.4627647778002131	0.48024279251578283	0.2436232509883155	-1.2164815457276195	-0.5761086086724203	-0.7353362555017886	0.10618316133760458	0.7425896347221368	-0.6970500515010571	-0.4733505730160526	0.4940827869319751	-0.8329658615784743	-0.32889343159121076	-0.07865483240690561	0.8978938283660515	-0.22971265392508664	0.28640529600059567	-0.15536381968000582	0.22745373143028838	-0.15782850287445144	0.12454376429279163	-0.5487278206322517	0.37404418438678433	0.28433400504344813	-0.24722007337714577	0.47539803593773183	0.011124742305742785	-0.581209928928129	0.5473854560231074	0.5378184089448285	0.3831394700633931	0.2044075499702609	0.08525315114763614	0.13769863635868243	-0.5819563764880729	-0.404275568220218	-0.22163606791186735	1.1528635349677487	-0.08872380604224961	-0.05345728303427646	0.46179309921516415	0.19425228671176892	-0.1899536631439156	-0.8489753246285191	0.23873222382753714	0.44423661947461146	-0.020997461495126893	0.06331989474889654	0.3104605075615158	0.20720354497867804	0.41682954037621806	0.35152853998346945	0.6815558528246914	-1.3039920510045722	-0.601322098382459	-0.012569114929671653	0.4115916107132767	-0.33130384084372966	-0.49331594718663085	-0.11202110633689975	0.24202034021105584	-1.0453843028553853	-0.35742291399105713	-0.5533356587042719	-0.2444015597987711	0.31057402846677373	0.24293078749704297	-0.7414545148975895	-0.415414288263036
DTXSID0046274	6.1010521382012035	3.3771020169728256	-5.738070689707342	2.927692895439629	-1.2472908934821632	-2.9305564564734468	0.2572056161530687	-0.8657792613224059	-2.487797690297049	4.729158280391292	3.211577795101832	-2.4256476261266977	0.2947838832951896	3.2242340910427374	-0.07030126342462283	-3.302978763629868	-0.5816457126589792	-0.10279114026291765	1.1425346254257334	0.36121376742174427	-1.89584008272319	0.04950228096946921	0.1703092886695653	-0.3356669019253175	0.09034758182635597	0.27902816405789566	-1.3369647104586793	0.058198844930099324	-0.18689237481486834	-0.5382097578825836	0.5966205504997832	0.7620377490644693	-0.33676870638196915	0.3843429691788295	-0.3081725731363895	-1.9404881563237095	1.959349207489906	1.7177544925517636	-0.2621295747345544	-0.5733091968474374	-0.46330378400011984	-0.34706084430912953	1.1400394156321052	0.5259759889507627	0.1612532644852945	0.23768740098111096	0.0937250452313042	-0.2109775256949814	0.6639823753198298	0.14620125758196797	0.29055881035539416	-0.05859005339353201	0.065518803511299	-0.5910385350773555	-0.3105341086880464	-0.6412116792451563	0.770963497055123	-1.6427081700399535	0.7136950341724988	-0.22531488249670048	-0.1690782385833294	-0.510202499304395	0.07925347015705515	-1.5890277014599397	0.021777218062316448	0.04927791497227651	0.2534580070690368	-0.48682405620524666	0.4836271277005179	2.0572983661616995	0.7551027457908203	-1.366607233613542	0.10575581827999149	-0.23012083800854083	0.5890041927816458	-0.3782795024515238	-1.7091494109205416	-0.3997057271363752	-0.9988516396953991	-1.3297602111945004	-1.137272238026705	0.793494970277923	-0.7974163902106293	0.2983433116674781	0.25461892306079464	0.2531091551181692	0.11759162362700883	-1.1800284703849107	-0.9717754962428182	0.05397972750238005	-0.45721891024392053	-0.028829264637200584	-1.0972937372264506	0.45676073741446455	0.24695675113212134	0.8861784107878365	-0.41590494708858683	-0.43607444153115	0.5413410464708243	0.7433221746173923
DTXSID5020156	-4.675376188904241	1.0313340851677464	0.22127800606693254	1.1470850073623038	-1.2864210675542027	0.6729328268904382	0.4423426992169058	-0.5986214829637947	-0.4836223368218434	-0.08864616266124536	0.28078194509419435	2.8292209300166347	1.2628207399374047	0.4022384516802336	1.8697063043570632	5.551118611244446	7.092927543521867	-4.6361555652561295	0.06207649302387915	1.9973456782139571	-2.9115167958666412	-3.03229213866741	-0.601410244499013	-1.8717618507170453	-0.2916381505226006	6.987198061124115	-4.245741176020883	0.35515431394680735	-8.376312562029486	6.264893547480665	1.5895712265693147	-2.365841212235856	-1.0357012330921198	-1.8945215439764762	-0.6945932617410259	-1.0862272037461758	-4.572255959331629	-0.8225628773284154	0.013969231974657983	-1.8395567308298097	-1.305434892286224	-1.7101588699195132	5.36111605073925	2.1308874800332847	1.0001902203153916	1.8932663816743807	-1.6190619497518721	1.4251897488351475	1.964566440429088	1.819074599462954	-0.046268305084331156	-2.5621825163310383	3.5294808588626854	2.308410077393588	3.7179233134888823	0.3561266634384424	0.8224514525899413	-2.833844530744779	-5.676927701321902	-0.8238702005593187	-0.6926989868445191	2.0667346606236876	3.4032452154243087	-4.934392746342135	2.668113060733356	0.008036656170459922	2.4628735939849147	-0.3232606025981762	2.4362837651737146	-3.6622785754565763	4.008379191316819	3.9271257170143854	5.853960125377921	1.6393549969518324	2.5902885125311226	2.4865620365456373	-0.9678753482151897	1.5043315007417684	1.5070781087582958	-0.9156770912637026	0.3692264778567402	0.022443449191349437	-0.7013402832478173	-0.5374166363426446	0.14038183493007955	0.6177941162160746	0.580496246834291	0.19170665646275428	0.32872879188530374	0.3479370180252432	0.5351095534389786	-0.14867551783433672	0.28009560323802196	0.2870425717723975	0.10174139112438352	-0.6639118587023014	-0.10137782209607864	0.20604865813186712	-0.1533522615190012	-0.22482916026184513
DTXSID8029733	-2.1607524325379632	-3.3132018444096434	3.945616428939443	0.9658407412184419	-0.8828018234672679	0.6963240292320504	0.3686357100156283	-1.2564868257359336	0.3623304741731884	1.2823786909068993	-0.3507408116847911	-0.07550093934333549	0.6034079390520247	-0.5934671711346646	0.5538506702173485	-0.02995059203685634	0.5892383992615082	0.6174103336534438	0.17348229814508329	-0.8813028365501206	0.023945233807726347	-0.37562345435206057	-0.6765805541577613	0.19375751869431443	-0.4941241670576052	-0.39732002351614143	-0.5932299590356235	-0.045171302025960945	0.30910747430152746	-0.3942838460545435	0.013354944967377123	-0.044107161446462595	-0.07498351857402298	-0.31419035201304013	-0.04503870066729722	0.6734181678837753	-0.1429017972555835	0.32819243605118503	-0.06306088684583933	0.10079035998012285	-0.01952359933470547	0.21424408640079362	-0.4477479531595338	-0.20841964527795404	-0.3420285997058621	0.25054146920424925	-0.24408951816334326	-0.1340760949215363	0.21701070563561545	-0.09116883183860064	-0.022036356489316844	-0.031110227255873597	-0.183636447230869	0.028892508819802293	-0.22385809780086433	0.029516961343374296	0.06385781810434946	0.11736525700349033	-0.22544088797647494	0.3460146987726117	-0.24287189740093154	-0.11409763576518975	0.4326075934494526	-0.5578153684207772	-0.23733716452707665	-0.10609385684524159	-0.1484716209418565	0.07061304477194805	-0.07069639839786847	0.07140483723133481	0.13994404954257286	-0.023033564217952357	-0.004162847281866582	0.20720669566583655	-0.3853542077550504	0.15532438969678003	0.4391611529465126	0.3981101340155321	-0.030095153977845318	-0.24616342033837404	0.23255911817871727	-0.6228642887027354	-0.43608781054315743	-0.030717593249601105	0.0332749065738062	0.30152638881012395	-0.40075004468360653	-0.17775300899338622	-0.6020877416807088	-0.0066949746963772165	-0.18748293793695228	0.3433740436816143	0.19826109107205905	0.5420043543293493	-0.0686386370909504	-0.023480063497398767	-0.029935667172585195	0.09263422268496913	-0.6837792099712489	-0.33327988966339855
DTXSID5051440	-0.40882021655767653	1.0607398494906422	-1.1952020674225503	1.6062392495407807	-2.2997502112805304	-1.14717829258638	0.8589958134311393	2.092027516464553	1.172844573257528	-0.18878904043618458	-0.6756992649655564	0.12015468491413843	-0.6088703410625596	2.105370601204715	4.052440472716004	0.894003431265352	-1.8720912918758212	1.1244003421931683	0.7191265193314513	0.057580162955481594	-0.5091965106529633	1.314156844958265	0.4626493822803188	-0.2558889472886009	1.790536085544669	0.9882278873330835	3.9862278760317404	0.7246563417582339	0.31507921967823216	-0.2658757967346075	-0.10503003046382477	-2.2788619466693882	1.698490107829833	-4.190748759506133	-0.34420644971465697	1.1784056790891904	-0.15215433851712534	-1.5086151190518942	5.803335177134371	-0.15311333036682165	0.23077550154649915	-1.9092939537484255	0.29329357776058573	0.7106965796107179	-0.010949619730946953	-3.085945970076404	-1.00310112616519	-0.11392402607785425	-0.3491595481525716	-0.7915299792609708	0.3097358499262756	-1.4573193249700112	0.501512926719628	0.7589072204798474	-1.8367610536211274	2.2745754340511786	0.6044432069872898	1.448742446750061	1.7162645317015888	-0.08986112618473303	3.291183903055402	-0.5799730866768925	4.800925620744216	-2.4112830229034206	-2.4930558925791724	1.6145391280719636	1.0241619763975556	1.7506534773026345	-0.9638686497078492	-1.1134054185715991	-0.6721105532694228	-1.7306420071919189	1.4651926147153385	-1.3490279095367426	-1.449774363640384	0.1559023308715938	0.8034093415597235	-0.8954767939932732	0.5007990684659015	-0.7166728007905975	-0.07790460222549297	0.8215668417105242	-1.2328801897671333	0.779936664358355	0.16664275247549842	-0.05247299359669599	-0.1133361395762934	-0.6177484023666635	0.1358020031534294	0.7820818886544172	0.8538223777611741	0.5423320890392473	0.7121063525257605	0.19027906216120863	-0.44851040356098604	1.4611095971221888	0.45632009591635503	0.31426467433248767	-0.628671207368329	-0.41200173666833095
DTXSID3045697	-0.906583160237204	-0.06863834172831774	-1.337350662076057	0.7698982398325932	2.847279012665949	-1.6830940601730418	-2.0080919607621435	1.0793888287680742	-0.01735812576493522	-0.7845161093370879	2.3691881935727768	-1.8756578959120902	1.3847526147094393	-0.47378520159174947	1.4008439722262322	-0.44999112162424937	1.2431225596786382	0.7460177072591788	-0.2839160932279084	-0.7427244721062142	0.10508923013560088	-0.03940547266876955	0.5127410762522134	0.09417275402872391	0.4849140988179191	1.0024253759105286	0.7692564949685756	-0.7173131795691005	-0.2764507196513035	-0.10333538315143007	-0.8254875972537861	0.2653563217346336	-0.6906193395237689	0.1452297348271586	0.6682622325425209	-0.9318028567944374	0.02912101053963673	0.013048263507300421	0.1134174414695707	0.00045732957956130083	0.1477552675856041	0.8097793963690233	-0.7449180476247981	0.6309748350577934	-0.11654453105913658	0.10185101325626049	0.3183086576690361	-0.8436921776168012	0.039644152580454506	0.11865234394368189	0.23035227108821724	-0.0754151081347306	0.2528993956011798	-0.10697311644040168	-0.1377533896063596	-0.770210131261987	0.21840670643353283	-0.16488079262702732	-0.40453254583037945	0.16666644407487083	-0.16259513599343714	-0.0781323351288097	-0.36859356693650036	0.1935079829305588	0.023480509490766802	-0.05843097087403497	-0.9576921157300862	0.13667304637881053	0.3707139703346649	0.06180647894793853	0.18092715921183058	-0.2860702773970432	0.8729493992893083	0.6511360283633215	-0.08901157445211533	0.3246620980335295	-0.5649008360173206	-0.08247081276629616	-0.18729592527903674	-0.4376630708066875	0.36097154209360777	-0.25489366407128705	0.6807319016933865	0.31011047873345166	-0.4290493486305168	0.0028918943413355418	-0.05975153388971862	0.07822654502182182	-0.17211210261836277	0.17730606906147717	0.362734441678374	0.017003228254035944	-0.08633599710739817	0.1637056405816718	0.2514730135637996	0.48550781064300946	0.051888832874704464	0.22225912208412446	0.2779542225212044	-0.28753852953453085
DTXSID9024855	-4.29709970491346	0.31733989323259865	-0.9564134271294906	1.864428704607981	-1.555071944641784	-0.6237719999884649	-0.6373621850626621	-0.9540882546412289	0.21112429465161187	1.9818288225931333	-0.7121891840032738	-0.3071116076021826	-0.55912834093568	2.9844672368694485	0.22155246785804478	-1.3128328602532688	0.07989518525907871	0.14068351588028646	1.0594430136090145	-0.21286855302409313	-0.5366890729123934	-0.45500554066012394	-0.11907725353884344	0.5764028229774687	0.07623126718861115	-0.5578478317554371	0.5642381682848168	-0.6007695215604375	-0.4920795312204169	1.0908923179917365	-0.22629536811846152	-0.4524209879354483	1.414696595066095	0.3979602587328648	0.6123742766865885	0.054080895862322974	0.1798041834507382	-0.3673203660563688	0.595137610681966	0.37472517066509387	-0.533152434705077	0.058233051907093686	0.42800249851705324	0.2888253798722613	-0.5515708665196472	-0.30490328570071146	0.14047776772588003	-0.28940582272356813	-0.4120631755678785	-0.5486859115341269	0.09655974649374895	-0.08555414927268959	-0.025566905689778863	-0.14716841386139048	0.5395380314561081	-0.5302680786953545	-0.03202609954869429	-0.3687510423953289	0.6192933332348644	-0.5250229215157447	0.6288492016079502	0.25427844495544244	-0.7100419887794204	-0.897124339465577	0.37816478249521807	0.7233763744466817	0.4055158712264218	0.4889057130770164	0.17699709915894196	-0.1843526423626055	0.3358115794503364	-0.8802237497685769	-0.10074537973995752	0.08584240324241182	0.23406508816779317	-0.3730304668198922	-0.1892463513407088	-0.8757509548704449	-0.2324379751815333	-0.19197701318563626	-0.0936822068690999	0.3625928376226831	0.0406091860711427	-0.29452358325817	0.23390883648687028	0.0003350614334917883	0.43013250585476537	0.309927944683204	-0.39076879193943725	-0.13947055590299673	-0.3310935631860035	-0.07130987211140594	0.18193761883889978	0.15738566268860926	-0.20751665458770163	-0.3706575162432684	0.014738624998670317	0.03692397655158977	0.1306349166028837	0.015377929563572755
DTXSID2025264	0.6675355467133275	0.8177984743335639	-0.11024444342411399	-0.4550142167572449	-0.7083054968448447	-2.0904521250073276	-1.701808845323587	0.20591191404857687	-0.7705284081832762	-2.389008960988806	-1.2250408071521528	0.43153531588059696	-1.3123901032951772	3.4158932346692508	0.1627455864027426	0.04370045132217794	0.19352397607556637	-0.11070268992536779	1.2003859468605014	-0.8357089670796148	0.20092378139540448	-0.6830005568813325	-0.6375225351764016	0.8369909949345115	-0.2538722402940577	-0.2986348469615532	0.3928441633129478	0.7728182451533147	-0.10132449895832005	0.296913393817472	0.06820020079916668	-0.2645334156472888	0.6716140467512289	0.2021546948611639	0.18858867077492042	-0.4247047755955033	0.5774067355574098	-0.6389816685726476	0.693785416077947	0.13657128932878396	-0.5562329121016526	0.0730490882408098	0.208430816962787	0.7353727713018186	-0.9172584072033144	-0.21201421858943853	-0.06023424122213882	-0.39577223341402773	-0.11931264033376912	-0.12434307731932832	0.22403460503816364	0.029886491187986496	0.05909388740942656	-0.1164168574839654	0.6800408563048085	-0.7516481416221451	0.08320032375415477	-0.18848371635436822	0.6539543570432457	-0.3458028183471949	0.2622864118311163	0.6579687265910539	-0.43372604240017376	-0.5182783628694108	-0.13185953635701386	-0.08211257519217911	0.9419123680271333	-0.7345765777730519	0.025943148831082466	0.08933075139639264	0.32083841743132374	-0.6761260532519198	-0.04171757422328038	0.07711639565974107	-0.23997599578123008	0.04979995578564101	-0.5406724364490348	-0.2887990270252323	-0.0038359866175489998	-0.4469800415768993	0.019649849012573915	0.5594600153508892	0.3850389367228871	-0.15844889497040626	0.09088493349015897	-0.21047629932859283	0.02539553598803959	-0.5987096001204704	-0.5824886795796694	0.21411799314148078	-0.4446180732896359	-0.38973565272290306	-0.11554036621169204	0.03722910211280539	0.3355888057995186	-0.12222857681041607	0.20276840665529974	0.04729971669737959	0.2844810142389506	0.07194001014019683
DTXSID7035010	4.096594597710476	4.4069729840189344	-1.0270810848583103	1.1539914385086936	1.269649728453897	-0.02487065545783179	-2.395066278053653	-1.6672554557108539	-1.3703672035839385	-2.1516497987010914	-0.31660832307111525	-1.817386142630076	-3.1406560796544754	-0.9646898828885151	-0.46245504859505837	1.770973208699801	-0.7622380195769531	-0.4563317528992301	-0.02491044057122819	0.6703203754973632	-0.8097842998255312	-0.688415805330848	1.7694306478896429	0.07047750585178023	-1.0103827632648275	0.721747679847891	2.2495694063549956	-1.176157697840125	0.6620373723630464	0.8127259669224033	1.0216316861613897	-1.5038023518193318	-0.39363794350181086	-0.01806333044527276	1.104544445456521	0.4646466771992998	0.45616872008666237	0.9272905797897202	-0.37665520220357296	-0.39607021628269345	0.38980277294939736	0.21643975717648276	-0.17734067504309808	-0.40033349302155186	-0.08036269656622767	0.47768212900757084	0.02998561111931185	0.12685927716588255	-0.2929476414385556	0.28242522536013004	0.2865930982395666	0.2315484936437529	0.3120738196775322	0.41435469917263773	-0.3856059968269448	0.12697552787105088	0.9782957911792979	0.3638514073347071	-0.15092136104884468	0.4322312948790992	-0.7601537631970187	-0.46441036832287824	-0.04802712780795569	-1.1338550432038192	-0.042789715605281504	-0.16536916519396347	-0.743523171313392	-0.2130323526059682	-0.4385748748685299	0.5152112672099277	-0.12187881751693018	-0.8561877874489323	1.0250362774782005	-1.069534962323309	0.9809363381169149	-0.17483167826513024	-0.01265954174817869	-0.5298506267359733	0.8329874908496532	-0.5174797662958645	-0.7112505651302621	0.8143494272921413	0.11793087574895113	-0.4479174820950277	-0.08885661093520007	-0.46299362366019886	-0.30006793174029883	-1.1825836714594662	-0.3642417976850999	-0.4392593309885091	-0.32755317623883207	0.7897324661015453	0.21959024408332065	0.3018676986221481	-0.6581390666249051	-0.39619894816243867	0.023591762275725132	-0.5599981835808964	0.1420284598672549	0.2509400785031753
DTXSID8027244	-6.215569002864446	-2.521449778513256	1.062088498480641	-1.3538256545532488	-1.38241393371032	2.6265536987970366	0.6617885760112917	2.256989133291432	-0.7961496716574066	0.255708206597134	-0.43530909268021667	0.18080550199155734	0.4499925190307522	0.18250171755120254	0.2696797211732328	-0.3287486153716521	-0.011337338451333357	-0.1995969449721303	0.1991825607452171	-0.7435348067726222	-0.4232608573697075	-0.2354367536587613	1.4380400867421677	-0.10197372853081696	-0.19388898138919233	1.3098315088392567	0.6009740504786494	0.8508856929358274	0.28424995972949674	-0.66697215663603	-0.4312056813710207	0.18259639494754407	0.31375289038920917	-0.1427013000964529	0.8198210953246037	0.2836225450329068	0.41941354994592084	-0.04370425935017631	-0.7020594596615015	0.035386138390354295	0.43106039928261414	-0.4555484374652556	-0.05429050099301118	0.27837596307143053	-0.2892165805567003	0.05838481566600288	0.5348964706393354	-0.48436103018338394	0.11428926252118592	-0.5695042532665566	0.13258449259635932	-0.14450856063412665	0.42075512804675125	-0.09975513861966308	-0.13017959638157545	-0.3526676914761638	-0.046933587149248245	0.4713168655172868	0.0674887860017116	-0.5872151783305453	-0.16321262860777008	-0.002913237566371805	-0.027605498509028572	0.15177655785242472	-0.6397255393291971	0.4859418859667078	0.19160991364537663	0.21702077667927533	-0.3709909797462757	0.47840749238100366	0.1368737039671186	-0.16270001318879157	0.500391732639893	-1.1338810668173906	-0.041260925273833224	0.8157357464291514	-0.6732713381338038	-0.14741403657909558	0.991703294092235	-1.0500981067583084	0.2591377295590815	-0.25881370678433174	0.10456034434504949	-0.2647406617769908	-0.24199711383217157	-0.6189909128006338	0.6193893139858597	0.14164811400728788	-0.4588004952960443	0.23718510398815282	-0.11213274362417218	0.08906937816352813	-0.7600999434840585	-0.14437117768840776	-0.13016390838525105	-0.015728298021998776	-0.14647825934816122	-0.1959937498725129	-0.03961253247744389	0.09421569378768253
DTXSID1042154	1.4170344249331168	4.202779941479406	-2.0722990951493894	1.0530464241790973	0.29559877925618433	-0.7289145514129003	-1.7401253213619983	-0.9529120291146128	-0.5904477831682453	0.0008168727215787206	3.0307950695948738	-0.6914070501666763	0.2561643242664419	1.5799334075896065	3.176296219691743	-0.47531360141350204	0.5998702609875923	-0.029827297257849567	-0.7364265541529172	-0.4109005791993557	-1.0369798332249227	-0.40637733429989337	-0.7284378036025518	0.11348611178341447	-1.458179877915443	0.7584840166971725	-0.49261738081210144	0.6569929118368865	0.6641449546547453	-0.4206885826805989	0.5245036384065046	2.165333498350551	-1.0745032555828575	-2.140378364557434	-1.457020919098156	3.9352241780129407	-0.49042136590763935	-1.7842489174878595	-1.8257163401932923	1.069883006412292	0.7431171123187668	-0.7640614655686018	-0.1296331594090799	-1.180973948221044	-1.0523140500132095	-0.7964558694973448	0.22847830112048695	0.9792796912161866	0.43615322280776414	-0.8988591668270497	-0.22717959700328555	0.4218245873355906	-0.8761417978017232	-0.22147496634051075	0.7220793681202176	-1.8372823994542031	-1.7791944000060185	0.6976030929077488	0.6662216202412411	-0.21465262196091806	1.7412811615828894	-0.5166572943105163	-1.3158445413299036	0.3096692797409643	-1.0197498031271668	2.8231762455812723	-0.18701658837383697	-0.6995430846477488	-0.852829385132333	-0.479050222828781	-0.42877965754162295	1.920171549862888	1.0551719667570902	1.3351368258294745	-0.029927443184996204	0.9650397359893564	-0.8979532749249657	1.1518653190323045	-0.5228617350609019	0.4000516310351667	0.5423563159448467	-0.6122198858499839	0.2870943278811238	-0.5196744285963014	-1.096003286202446	-0.11518593508509595	0.3528494812803247	-0.7309847460078782	0.2628099677930548	-0.7627089090185643	0.6512890783632146	0.028758408559907998	-0.11031809885533438	-0.12629292588790406	-0.44776396490667303	0.24710358927335246	0.14490737735383968	0.2384440089029865	-0.029433884808761038	-0.1519956754278571
DTXSID7021788	-1.7367038320187096	0.0038681349818914103	-3.4936454907835546	-0.32468312339382077	1.10298127550051	3.3649937274862083	-2.4624245391591857	-4.496799968225799	0.11558341624468163	-0.9185105882802017	-2.762753441462247	4.368413382742288	4.325656376073196	0.3884156213187796	0.9904580572370123	-0.6670497386710688	-1.9773859621049341	0.11076359324944227	0.20848625657703465	-0.3931923528989066	-0.09759884242007294	0.8991571627449347	0.7415329040586375	-0.09438779708093939	0.7816889858318264	0.5034842092511146	0.23261798740828044	-0.21318135201818877	-0.0712963258566101	-0.2678342545928978	-0.4253068682190822	-0.11068958764402383	-0.331892101914794	0.16999887659679158	-0.2612101754546132	-0.40752637691312177	-0.4127741708454212	0.10499842104916338	-0.23891393972047095	0.05341494411165796	0.031126479096812577	0.5632894704403146	-0.04728464942688194	-0.1282963722543223	0.04398508778016279	-0.12168705711078558	0.07121365854200885	-0.20550094294394575	-0.20501409742157278	0.159140500310542	-0.042944555648786034	-0.23086934813194093	0.16107895207990877	0.059811605155542576	-0.180256674365537	-0.022266523221907912	0.24451455084669746	0.1151919545670565	-0.403287588036309	0.15021834975111917	0.265783452809492	0.08236463312668849	-0.23699155860845889	0.30328956018979314	0.20633201754987632	-0.440039427776286	0.35778051631005775	-0.7606438412482556	0.2837504770499797	-0.21076205909313736	-0.40569587592820233	-0.11382746523652253	0.19965952451464647	-0.009566120108922644	-0.8002310497151184	0.2508865501145557	-0.059678454632590756	0.34469871993093754	-0.1398605506462614	0.4263039809660704	0.23826851017135958	-0.27969615346150445	-0.5067414034370636	-0.6476018922804206	0.392800826316351	-0.6537748364093174	-1.4998284667464747	1.167337184304758	-1.255919425451903	-0.7865752406870096	0.5940172555045896	-0.5415482203948196	-0.5270654945361728	-0.139590522888685	-0.46503467517257535	0.585882468199298	0.23198035805933437	-0.11728872185099495	-0.07018869378029725	0.5670577371269337
DTXSID5048928	16.2320607632216	1.9719159249261842	-3.284726395919423	-1.1320197120309952	3.803837363834431	-5.510799232345254	-1.2931020139000426	4.370277022457636	-2.72054349678125	-1.5903926163153117	8.065781479960288	-1.6356387182781753	3.192547872038522	1.0827375675052964	8.05829809504384	-2.7953105796584525	-2.0999261339048756	1.0694460102473902	-0.8330558777092233	3.606673990792643	1.4473231231619066	-1.164391589688353	2.521553970856737	0.21190705249727187	0.694665739122684	2.768332794625278	-1.4089281603663764	1.4449632161702606	-2.2133726851323265	0.45315156868415163	-2.216266365875744	-1.2030646628429025	0.26334411208897973	4.680123646505461	2.6571511452428775	1.7192864849725396	4.099952730726384	-0.19920469925094614	0.48607074189702504	0.26912408780487934	2.321990775278922	-1.5853828721542433	-3.357276783538315	5.294751051826172	0.10559251418554211	-0.9980650369862392	0.01623863448332108	-0.6924146086828742	-1.4424751781708987	-2.3048709473809312	0.4866329117490551	0.03903801451824703	-1.5971928609985464	2.165992674234021	-0.18529773539787078	-3.0281251081158422	-1.0553155774628795	-4.6589373192241235	0.09196422966223071	5.344892325904472	1.6683131387340664	-0.1789863278062683	0.29918103709479515	0.5766781398016516	1.3108904612015433	-0.3344755897085499	1.7543413410611464	-0.9222955982722644	0.49864673543281396	-0.22304500209957903	0.6834238594470908	0.7365946561493463	1.715021994619843	-1.8335804530835451	0.19900821715810807	-1.3586351430097603	-0.7417727579837101	-2.5317232506030787	0.25718916444189444	1.138558859198073	1.40903220406271	-0.7171562468471521	0.3664031786235666	0.5960047034895644	0.9671978726072717	0.5852793212355866	-1.1320315342935328	0.5282206200589856	-0.7461077849126276	0.9308886193471055	-3.2815288391730877	0.5923144199199629	1.578682240849456	-0.2459819563233147	0.021904051999990234	0.09018227852948231	-0.2663666855863244	-0.6894236914580706	-1.471562876902631	0.7927264152917752
DTXSID0047038	-3.361535471017949	0.563348518972408	-0.48126483657597335	1.5715092756516431	-2.15250980441054	0.09408818941759439	-2.4811732603484753	-3.091715047338592	-1.527332687496799	-1.7860435326384196	-4.675296076946731	-0.34036603274516325	4.259006861329525	1.7481924546943384	0.9072466236474599	-0.7838739115864631	-0.8413859347184783	0.365786074080761	-0.04048535242665423	0.22891222843884157	0.5076617010089746	-0.06267122462170857	-0.019452549331176995	0.5164109643060838	0.6874330283951678	-0.36493219266592425	1.2486330115830069	0.1237667753051541	-0.44245664464053963	0.7870599409843329	-0.3334303043841381	-0.5334394301899777	1.264383215139127	0.987129515491572	0.03484250333231084	-0.16489929181798674	-0.5883712877333703	-0.2842829490938835	0.4265384971186474	0.08357751319664364	-0.5196945638377197	0.2968929140214201	-0.1806968653442911	0.21714173761598154	-0.7598411670475783	-0.19401731324341503	0.390648879162016	-0.7855054277043446	-0.2966802618573921	-0.35524919699583246	0.22422042497961958	-0.22742062702850221	0.10581236333726132	0.08873382970476838	0.765956210104747	-0.4048966362058435	0.1575939350468911	0.05369824877029901	0.3443864250798484	-0.5849654486825313	0.523472891668758	0.5503690307168185	-0.37288406189390844	-0.6502729354960746	0.2274916744422561	0.2662548536800363	0.2933652627043045	0.17382947378743424	0.6481770305116596	-0.06547697810671914	-0.1984116768199316	-0.8359895737187618	0.2981984654321255	-0.3814029375140012	0.1461188179306976	0.022312712049851555	0.3087312118321009	0.1438710657725742	-0.3695493514260293	0.30354447260307876	0.9361735817279246	-0.1012119657017556	-0.45845204295065606	0.15727535283126365	0.128659571344778	0.2882354367798495	0.9977086289891985	0.7930722875202411	0.4717761921185285	-0.28563041000195405	-0.2760437106319043	-0.39204156077616953	0.38272693189262225	-0.1059800050768791	0.36456888495404915	0.32764548369395446	-0.24563438997413586	-0.20122245568302105	-0.47790723690762177	0.1476626914104471
DTXSID1025722	-2.9418801779807198	-0.30534381841434166	-0.6505330368331027	1.700162347721769	4.105275732743391	0.7561465145369662	-1.8357107161135118	-1.9221749148709493	-0.504193094327708	-0.3818786485966866	0.9237472418040441	6.854782812109528	-1.439648050977062	-1.2625267156313473	-0.676525610258755	-0.09644122225126404	-1.7258208235510304	-0.10549622319316206	-1.1220708638597852	0.6062710570816309	0.29449567700746776	-0.03128892457539635	0.9375068583797876	-0.05225975822350235	-0.06203465783973293	0.5250639978386817	1.689070443145929	-0.7768020261719093	-0.08537525611437503	0.7922623011040298	0.2158422756605314	0.0983491269824406	0.31879085714872174	0.2940095135666846	-0.1455395345936317	-0.08398771268117296	0.4623984607416061	0.5602965079644653	-0.19672101736718503	-0.3758380679905361	0.4689366417223552	0.0813229897903253	-0.3326176359999988	-0.9104480514942835	-0.6638824357819981	0.33554464758848446	0.1881663973340944	0.4922573021555711	-0.1561076673612678	0.30013601157055125	-0.05466794143226459	0.5825462502519572	-0.21900718755090706	0.3092403355248954	0.3931297110903858	-0.3207144498352173	0.6731637752011407	0.18736731754160563	-0.4820135682456847	-0.33498252538975654	0.17977521446654962	-0.5579016565095046	-0.2769387272219899	-0.2927063359433376	-0.06395651497419583	0.47157546060858857	0.4344654892611395	-0.3456142027362238	-0.3009006607570363	0.20575467466488576	-0.5204382120454201	-0.5465069395717578	0.09681281150025323	-0.28599815987893146	-0.001249003951741765	0.5607463813073216	-0.31144683286410235	0.019625753147148154	-0.31917826665948945	-0.8303910273397604	0.16168145231154393	0.001200628900078208	0.10994895776115089	0.9572260730872175	-0.03983339515518311	0.31548289643125854	0.6916459103935558	-0.9882740949269162	1.0526814827502242	1.1220671996892504	-0.8574928033312201	0.39893109566419893	-0.019295448371407672	0.22462221667506008	0.312240397131931	-0.649573714549656	-0.1346809736619371	-0.3894519167659888	-0.08800323973185249	-0.06141940387663135
DTXSID9020451	0.9697922969872261	-1.31689792505188	3.9301308226860505	-0.6302217320504104	-1.1188795082325156	0.14922639900040333	1.6743984624872565	1.2174009706642563	0.2634599531912492	2.4165082155981503	0.1111369958672698	-0.7015468949892598	1.7331472418584373	-1.9647268761180172	-0.3474336441058285	0.6329965927217168	-1.1190991904755891	-0.1884322404122858	0.009366644001139974	-0.1749281182433363	1.019094216766134	1.4699077104487872	-1.3549762024807144	0.034663530905782766	0.4858028064923326	-2.4778554686076073	1.1079243910628533	1.9501721044324516	0.3389660726065153	3.311443599525391	0.3620700434927815	0.05433539505269112	-1.974948619957215	-1.2200697584280684	0.298704883945257	-0.2413563347174507	-0.22203640710818823	0.6493795764257673	-0.09327081264180653	0.5068703000554206	1.490849154043299	0.35376533376137387	-0.12770996880430852	-0.13010374030566588	0.39361149399459416	0.4963211198287772	-0.07167604486750716	-0.05230465035760827	0.306793107361684	-0.29259601848703376	-0.03327698731461263	-0.25755832985665744	-0.1765323402291628	-0.018682432277056717	-0.16727390907871553	-0.9464709463190545	-0.8032732373401481	0.2903998576764691	0.10565222115952033	-0.34677289815814283	-0.2892583481176719	0.031363474951897514	-0.9546299262294016	-0.47493243401407137	0.7225724922069802	-0.8651639933005202	-0.6722648197852202	0.05375486525498121	-2.457062483004478	-0.8666606772609428	0.30835817280668465	0.05934357991076029	2.068643563100226	1.3445784630035218	-0.7578342618563627	-1.0278263910084968	1.9068194510529604	1.1374752411352875	0.45314687022543926	-0.6749752639756503	1.0289627661696432	0.9262290799966999	0.12084877618391078	2.049026425317315	0.9822907672875725	0.6061988049028837	0.7396320638333087	0.3091196095954504	-0.025121259270272988	0.43738827929211666	1.7600977528875712	-0.2927245057890814	-0.536926336352028	-0.12083778519599706	1.3933571133279194	1.0789513864400282	-0.7772874936033249	-0.6676661376052851	-0.13624076352675799	0.34948256087812346
DTXSID9037535	-0.05914817361302547	-1.4609035822957324	1.2123578199995326	-3.553616251371192	-1.5841987993661717	0.28520107111763376	1.0808333341879177	1.9050911371223154	-1.009845402431684	0.6273233116015337	-1.1095788508143707	0.6134202084348783	-0.45284339239436194	0.6516858530711546	1.3618001355130422	0.523508126278185	0.4546495710449162	0.893196766935391	-0.8365786249986987	-1.6423697695462638	0.3348583632480823	-0.5506743844668461	0.0013696227124697976	-1.463802797887046	1.118755517082428	2.30514572604794	-1.2431950389840625	0.7855042401507321	-1.8220660566397016	1.2128650893856168	0.8189538600955003	-1.4584872273316805	-1.4123270077938783	0.1733958915494674	-0.8752807563296386	0.7316082496965747	0.02975160710235702	-1.2908124373223329	0.1671051492483003	-0.2668959925567353	-0.630161367638894	0.0649088918484951	1.5578033143675976	-0.10766664090999035	-0.512483147581887	1.2170906365286502	0.14853265419552894	0.5231926434992088	0.11891394077452234	0.26182319511053237	-0.16198413047705926	0.2707482662383365	0.5593081836403999	-0.2944248839977653	0.7347145494251046	-0.9526091858214473	-0.43700480309897083	-0.8486762743070242	-0.39103267046789614	-0.06898568032337654	0.40124483531090444	0.4547003170170695	0.2429019243183601	0.24507975927709552	-0.3648162284149948	1.0943043097771716	-0.4151057552809051	-0.9365144939858744	-0.5996720264455774	1.1843538419575756	-1.0509141699661881	-1.7076138276250366	-2.208758480133012	-0.02608957905245983	-0.6248267728358806	-0.995430053569987	-0.17922115605946665	0.10495230398932513	-1.039672887385181	0.9897724131311593	-0.20990973452643685	0.3372872868283239	-0.05816682782965791	-0.028298488334137	0.3786759185015577	0.06734881491069153	-0.7676313788479957	-0.6324384515580185	0.5305422978146274	-0.27400425758522595	-0.33335407184828475	-0.3378849976908447	0.060329104185205595	0.34300164214060413	0.5995535921192936	0.48681087240219256	0.33656232214540155	-0.13143278571653727	-0.14594895149734363	0.042101244299931805
DTXSID4045898	4.040360414346054	3.5646792120173143	-4.332875770741081	-0.004754455664278838	5.715436397528649	-0.5202697648709044	-0.6922075429716138	-1.172020432837722	1.901293465255693	2.6282410483176544	-0.027714548335007517	6.974664823939585	-1.293013458262724	-2.3663227721662476	0.43149057562953813	-1.5220674527232505	-0.04646693768833078	0.9885264591901619	-0.9811774685915899	-0.895774234524065	2.8442785235448125	-0.037483133316776156	-0.8627086528130167	0.1826731561093804	1.7827031367253168	0.250485387948406	1.5429990879278739	0.8317722687530678	-0.1933119254012694	0.32689519881860774	-0.3498286039949001	-0.10692236952520805	0.5606109318373534	-0.7164087466674398	0.03315192174923803	-0.46007160318694196	-0.8561315001438041	-0.4152430687839608	0.022227676193101953	-0.391540367100454	1.456672314773502	1.2653294169012186	0.2070659135638027	0.8007801910562345	0.04496622906458604	0.2136970201805772	-0.22705416643299745	0.12579882832871928	0.05765896285550846	-0.05395609945984158	0.033530693642895945	-0.3861437894577473	0.29137238306296526	0.7003251241635513	-0.3537632506576518	-1.359395555956954	0.11638603553591598	-0.5166264057036518	0.1492670552561132	-0.5706239025559983	-0.7567597429716492	-0.6744899483528771	-0.2136980229725959	0.5922764812905997	-0.13336603199716904	-0.8064181061547827	-0.024902438422083156	0.7971500286746057	0.08757733248286335	-0.0009296871610437785	-0.45872021801682383	0.338660211220226	-0.20395860022470633	0.19218587497316245	0.368263088647299	0.6460329464328862	-0.15848366752442888	1.3085240747497031	-0.5088392627517797	-0.35022859403572854	-0.3663022928410568	-0.5276870556758301	1.1349188166064963	1.0412887536198818	-0.5117308770197525	0.4596398255598936	1.4550601838546886	-2.169616940332428	-0.36413669126175574	1.213567913008334	0.5756980645083023	0.05514372958942166	0.019576979456993854	-0.296284091791849	-0.7919818275923852	-0.18437953816045516	-0.0847820877265262	-0.24765919051134427	0.15822190255234803	-0.4838776561651496
DTXSID1020431	-5.435681100718273	1.1557932577562897	0.17626872594430945	-0.7329938072125051	-2.057986665172769	2.530261134732654	-1.377503466477464	2.0644132346222728	-0.021006752793530648	-0.17320069311697447	0.5587255289685537	0.07121172246314394	-0.0016154409785220545	-0.9417643548287201	-1.0766485754229325	0.29661550894423183	-0.408967877552904	-0.17668711748554664	-0.2792480930980358	0.4503766207232722	0.44647862896076035	0.03878800651045428	-1.0891279758674242	-0.0415157236983541	0.16753050051394222	-0.8597740757555626	-0.30657044779674547	-0.8090402723409809	0.4429507427488326	-0.2655756654530574	0.5866728992911964	0.12027834673682454	-0.17786460380785007	-0.4277369232580686	-0.16356300792240602	0.2952615170947273	-0.26948502916129186	-0.2516378690348618	0.1674813689580164	0.2980241326285683	-0.2616822432541094	-0.3108226884047134	-0.08692461755942729	0.034380924938481515	0.15844621677558604	0.33978497645542394	-0.2193853556710362	0.22994966806199452	-0.0430791654558144	0.3029078411371511	-0.2033092084188619	-0.12130783636648512	-0.18823481471509446	-0.044152799631795234	0.0612082245106249	-0.207872224208328	-0.06104964404529116	-0.3061260497891619	-0.28315015267491317	0.14843999413915726	-0.1069703980886375	-0.26691456082009635	0.3272686762491591	0.47465101681320004	-0.18963446393667527	-0.19988637699781284	-0.08433428965353047	0.18173897934070463	-0.4249540835417341	-0.7333653941485275	0.7279274951615007	0.4347237904161861	0.07622921809971109	0.1876153466399389	0.1632250948594337	-0.45533321788775816	0.9308761786717424	-1.3349533475144102	0.19593513732023815	0.4174496670007484	-0.27356259878297595	-0.25506298161803376	0.4604957955514716	-0.5990421488071604	-0.29775852874356473	0.2966093967427978	0.34705904539148724	0.17347337413738634	0.16411301376455845	-0.042839818945062544	-0.10914345669750126	-0.5463116145451101	-0.4232187920524727	-0.20165963398053907	-0.210210745515229	-0.4397566762152147	0.005337084948876351	-0.1272878845067735	0.10128294466519706	-0.07476471163864122
DTXSID1021291	-4.331505308257772	-4.158785553620219	-3.642636731085571	-4.171667087437446	0.4247589181175355	0.9394751703368134	-2.5338092298334494	-1.5882430088983048	-2.3962181889536955	1.2662788643642053	-2.227575283075004	-2.571325731627713	-4.596350892673326	-3.6725072774945535	1.0219053302265981	1.6633063089323383	-1.1024556851106957	-1.4455893201634524	1.314149600408309	0.4863429254704391	-0.6385822834899632	-0.09035209040752028	0.11355127089197452	-0.46765649408834264	0.12729246065628527	-0.8616552184724818	0.8203846374258911	-1.0599384535811627	0.8494938808111352	0.3478808029625554	1.0135801194798733	-1.0169469291066766	0.43454443780240365	-0.5534576992247688	1.1084726654674963	-0.012510794231265306	0.04329507928371082	-0.046458468560279374	0.19116386689681963	0.8680724981767998	-0.23977351390944543	-0.4349920869170761	0.4999815706749676	0.45842639223112486	-0.041005756488235325	0.35998158378637757	-0.4344055892578433	-0.18784096671542605	0.3250535991096885	0.7081912212944809	0.3012789790407395	-0.23874209572769514	0.40015721236323953	0.2716175183615397	0.2684999744111067	0.35114325367978183	0.11957499732512036	-0.23201224016251104	0.40889319483168834	0.5203928516158844	-0.49038382386945234	0.16565576781807773	0.3359042326999129	0.503506105976644	0.2221627544291604	-0.6050442776180351	-0.5764826137659951	-0.08715011937951063	0.09018105834621636	0.00817558451890862	0.6490185013835236	-0.3874677782737784	0.027493319017748586	-0.47882092682586114	0.6659832587799525	0.08232342587227356	0.7759949836869164	-0.3275980530187459	0.44581699295836735	0.6440828923974692	0.7028241721939322	-0.20476776496836074	0.41297325751645886	-0.4212267710572879	0.30652349669326173	0.0969466053784287	-0.5126309326295654	-0.08647098300701601	0.16305614697891418	0.5747289918247442	0.2927730806055281	-0.22732255274748892	0.1692248450654655	-0.5986915003118467	-0.7013424459161146	-1.1279264614724545	-0.1881507028586509	-0.7182576361430074	0.21214222500889604	0.29426934874081606
DTXSID7047306	5.997829332973263	3.8546843778829243	-1.3490130955790285	2.6870173801341495	1.1619203658917425	-1.0960014824645619	-4.090964574242433	-2.2758307702135174	-2.311036016575941	-0.4733012537901756	-2.912037260090996	-1.5882187441445657	6.631594896771571	1.6281593468504647	2.930195547286521	-1.7894616651223847	-0.17470816641732526	1.1521031899526122	0.9930011407592323	-0.2539098261285163	-0.33829417759222	0.4196175135318393	0.1844374598330601	0.10607036774791137	2.3395180694012927	0.07160128055868348	0.1579944051920992	-0.8978124498818026	-0.535022033747017	0.6817726277087551	-1.2250940985631456	-0.15141321220359677	0.8467481314565004	0.7488975810428783	1.6540930002770309	-0.37765839576949256	0.305168759227442	-0.03819481251709716	1.0218869392087098	-0.11099984347546916	-0.10558447878338172	-0.26052622276411597	-0.20730725755772492	-0.07252521071491785	0.38518809160410794	0.28279566856256877	0.6128534232634608	0.5375837812182498	-0.09495041409302031	0.5149033174591138	-0.05332345596323669	-0.10639555651560187	0.6389801115870982	-0.33010811816555535	0.8286137886704479	-0.2264342945670107	-0.0880406554426062	-1.210450911911307	0.16440229404797618	0.382960292835439	-0.4883148429979468	-0.26613350675483455	-0.4264987101351169	-0.08702643228310898	0.34724932571219363	-0.9407310009670505	0.3812614613051871	0.976664989758442	-1.5409137605158099	-0.5389077267196453	1.027566994493902	-0.5143358141051932	-1.4107117277463428	0.599315996695977	-0.17847985746271933	0.18850429948057726	-0.9635429882245784	-0.6126101279896493	-0.19571404966383313	-0.23243454101859337	-0.9857565906925417	0.4105593189515428	0.3700878859674945	-0.07221926485960364	0.09460898123614168	-0.05267171925654721	1.3278127891737044	1.251391728616447	0.1843924546032062	-0.15504202825460997	0.8301639088415794	-0.6284426316192281	-0.6244411107729667	0.6636881455364715	-0.8013769314554867	0.5316529179876467	-0.060286163350717764	-0.0266935912462809	0.2408448496059425	0.2946308184128097
DTXSID0046438	15.22415979746574	-4.831374594122106	0.6455675091977973	-1.5134774982687755	-0.910677840785214	-4.530959022112742	-1.5705602858278318	0.9092712231106873	-1.5841866859057174	-1.3779762910819526	2.3147675688051574	1.152314947719167	1.39235619098012	1.7300032108785934	0.5119603726507795	-1.8910268853044974	1.4472455899120038	-0.22811914247440954	2.1357824488164225	-1.0824514968845784	0.0015312531804265767	0.31178825528739706	0.46002364925261713	-0.22259735535364064	-0.15472958468292983	1.5969164468275532	0.6980744386573341	-0.6188028426846063	0.7388268116857178	-0.7057226675430568	0.7771685442679317	1.3194014582096123	-1.736908934345216	0.46171240315087525	0.08056072721193283	0.2718589191757147	1.0502756265544224	1.8748200414514868	-0.3015017818793644	-0.2771037119004479	-0.788343896657684	-0.5756653234417469	0.738254902211415	0.9430943342111698	-0.1047044976814989	0.3787891105353472	0.46680064800860294	0.14257592234427938	-0.1547225060261485	0.6151493378612249	0.028174059397640346	1.0043974208771032	0.054817766820057276	-0.08127427509556463	0.13829910482329869	0.10531554611716022	0.7888424881416765	-1.1548739660161864	-0.27573815646023186	0.6638683766578257	0.5621856121005707	-0.45988097589349597	0.6294617151279075	0.9197449596603011	0.49481072040904156	-0.3912524378422397	0.681114682560637	1.1224842599600293	-0.272094886778394	-0.02628426217754114	-0.5964648755383443	0.8902692967386133	-1.4966566408281947	0.7940693070395036	0.4828905917103723	-1.1480432930597353	1.0844278701127728	-0.23612292073042132	0.4657539173258058	-1.7879597100892644	0.33030048922560823	-1.4121047232202901	-1.322127585531534	-0.8700750760727887	0.10375675109828705	0.24387401254541494	0.002173542168553274	-0.31589309876565774	-1.0674490144250788	0.3791549104004507	-0.05443827084565557	1.9293695199250673	0.4870008174786722	-0.6675015924930663	-0.2718028795312808	-0.45691569305241037	-1.4333987968980684	-0.22388580539207564	-1.6707353544946604	-0.2457183473893254
DTXSID1025481	-7.606657019463686	-3.105922078513485	0.9436878135097431	-1.431189371929209	-1.1512525907678621	1.1972353215004374	-0.42066238886404805	0.05639737551241135	0.5707973879362848	0.2656840125803969	-0.26305742855193787	-0.37184373390011105	0.10359263296808655	-0.26485406178007176	-0.07568093515188064	0.7787496551910905	-0.3338708811818689	-0.022475594201730103	-0.06934884176740151	-0.6716870609877236	-0.06703352504515175	-0.0684562855825458	-0.11896374959420286	-1.71032609837789	0.8404904850409365	-0.021029512364347747	-1.4782716257596131	0.9000349584427507	-0.20481208020600297	-0.31492305696687034	0.7766501456584228	0.12186148418008846	0.11273313399611724	0.22225173793632344	0.5356547087406067	0.3577997797609689	0.5224349676881477	-1.109027168024738	-0.04969016556480399	-1.512701560246512	0.37480489988784016	3.4463368526284834	-0.29319792956014595	-1.240552789990194	-2.1218075020526967	-3.3632804147326967	1.687139181212565	1.0541628005231252	1.0327192209263498	1.5488367905794687	0.21491190787191772	1.2541269287859922	-1.1579734710664846	0.9534935878166084	-0.157982979815887	1.6727240567180863	-0.8281431083466028	-0.6126208044688691	0.15399054405973533	0.48257292356284737	0.03748267603687775	-0.4757377406922065	0.26554707744055794	0.13904226689159713	0.6410064152731415	0.3125818105627337	-0.5001293723622161	0.0029386048625476722	-0.12952533192932983	0.29333070654290627	1.3130667799781965	-0.33833900221651836	0.672501369506022	0.3322362891972963	1.2149149027652506	-0.2076385157865842	0.7132707298026619	-0.39223125596463254	0.06791109540659297	-0.5851859048693188	0.3165036341114528	-0.4214214604037087	-0.36240332791408125	-0.42904790457836117	0.28595022438797185	-0.06878896766529949	-0.10943128015828046	-0.49803353717832827	-0.2714231543829189	0.1740396758412038	-0.4694887030163282	0.15768382945757345	-0.25174584772564484	-0.018641834312240976	0.17477748530996215	0.2753828049039003	-0.0916650014456613	-0.17081283199321431	-0.14240498269979987	0.10606706316194495
DTXSID9046734	0.6476702873076723	0.17528812874976676	0.687823593389863	1.3170292995224482	-0.547540738659083	-0.16511427541105236	3.309023364476904	-0.5393379353445955	-0.763336257495802	3.5775323692655885	0.44606770581576366	-1.3783392610282137	-0.45842982968212986	0.29181885090040877	-0.616543651008587	-2.587931220875985	-1.5320699047130872	-0.6620288945077578	-0.0036400821350496115	1.2819175115187327	-2.1356199567383896	0.48470440975128626	0.27290792813274684	-0.78901246825804	2.1027490661491295	-0.907386134133318	-0.880040024890557	0.07284485485087505	0.2591746112042592	-0.29295543830911774	0.042083089153106046	-0.5879993574682854	0.5692794276917597	0.28049364510795655	1.3999741704066433	-0.008411868722352804	-0.4501066875476242	0.8018537298720527	-0.25600438173600526	0.8791982270343456	0.6353748406847126	-0.8878557987244303	1.5423217025707288	1.0463597672270437	-0.2891691954530102	0.06909496585101053	0.6219275019852536	-0.33785673241470626	0.6771789294538657	-0.06370727182213098	0.19164778308916447	-0.3501754052797423	0.40256449058469035	-0.6885960332740902	-0.17262731321879773	-0.778410642782058	-0.3551398967626227	-0.829815979991992	0.5553742811475791	-1.5032442428904034	-0.10451025289335933	-0.1127832036708725	-0.3812823218269781	-0.4856071781669728	0.5827211400570675	0.0010636272506759604	0.5607254653777766	1.3659741256413893	0.03813051856919825	-1.3079785379651339	0.10724753949198378	0.07324395387626505	-1.1929078066111118	-0.1892197498766472	0.08497876875483973	-0.20243767441858104	0.3674980794297107	0.21225578803074602	0.823354267692216	-0.11048150281161713	-0.9963273022827916	0.3701368819399671	0.5158805135782717	0.8890129419420774	-0.571868369549636	0.019228778216617403	0.5080480496527537	0.4536477461640286	1.735055509339951	-0.6799752456370657	2.052846511739236	-0.7194652412448911	-0.9814992075282192	-0.1708735904448628	0.11840515170658274	0.5978984052317393	0.3678830090400014	-0.3641664439867037	0.06786628669536085	1.399476476869617
DTXSID60892443	11.424437746494602	-1.730918359123499	-10.070983452189376	-21.791193532441277	6.536467675396	18.76911623632303	1.9014755582735465	-9.672469786640132	12.723739906121054	-0.5111861202197661	4.811846703211869	-3.023929024364357	3.792933864480618	9.378140703851342	0.7186438146957684	3.7891252659263084	-3.5281347375992724	-1.262397746159321	5.080442793241802	-1.6959288132701724	-3.933756747485821	1.815035208702969	3.865682469184105	-0.38850846613565276	-0.5496703635550623	-0.539368554584099	-0.38795958725619717	-1.833384903872775	1.2314326311490134	-0.012101499216756123	0.6203620863809364	-2.5879844389766378	-0.9338342711463424	0.37523982598591366	-1.0401308625007097	0.40603503716131145	0.8717847599600373	1.1027514866790036	0.32519049538919187	1.0146608899061087	0.7041648414088585	-0.09884633156972543	-0.30978946968673915	0.6830278525350607	-0.4146592979783963	1.2985389226150774	-0.923935334389617	0.2263721688851348	-0.40887269823337224	1.0694845734414247	0.2146579975778996	0.7189428302396639	-0.2739576123321976	0.5590232069985206	0.6841674662443333	1.1239437198142948	1.174643318792653	1.6444175092024247	-1.5414620508305523	0.5771420336568481	0.10332302063940091	1.604700619493976	-0.6051264440910181	-1.0800315633615887	0.07910159120567474	-0.9783684243177238	0.3298425528884148	-0.7712639284836141	0.13121002862600326	-0.9410447321838653	-1.1359056307017192	-0.5201637706133291	-0.5727597933316587	0.38508484284937455	1.1539571233195622	-0.5317078640411725	0.6882124050324533	0.47880664727444494	0.9692646586746893	-0.27585814544465936	1.1091189082524175	1.0793570745160597	0.5099336763974945	0.9474367689072026	-0.37835657898834624	-0.34495383594478857	0.22316781216444984	-0.6422534752216158	1.0053624254264075	-0.21722502660849174	-0.6758794641879885	0.4968909599782461	0.7975552034402629	-0.6803982512104464	1.5670686799379148	0.5177840254385384	-0.6472808477515386	-0.24497843155305918	0.6217751309305046	0.09150589641476728
DTXSID5026251	0.16803485760575643	7.295895116300368	1.4399399399502775	-0.028027538517374644	-3.212161158343986	0.25664463984005587	-2.3031420091612165	-0.4967693999839213	2.8838511957190356	-0.2873950509606544	2.2836005814447446	-1.049660801347021	-1.4973485138919163	-3.4551964722335047	-0.7202026008334735	1.407842346847477	-0.21024903635485254	-0.10289879586566376	-0.6998119714611729	-0.12612827758097697	0.3260761224112834	-0.021230699147934202	-1.2389007221179682	-0.8003680173992874	-0.23582528764509517	-0.5753923562610173	0.37418610976378397	0.34060968925298346	-0.061317067393458866	-0.26687264065709504	-0.04171924499597002	0.690021934376896	0.5978019081820932	0.4143767079889723	-0.7638203413524216	-0.5362091134907461	-0.9899776340569973	-0.5564621637947468	0.0733179340227239	-0.9419136103617192	0.5236656310422727	0.6740726554292531	-0.32360075542606603	0.2151475976135795	-0.6654973347447611	0.3788856746976984	-0.1833096587611691	0.04931398314598137	-0.24665364837751555	0.09150464574094881	-0.23678357092588712	0.0379895569355505	-0.19497173476734225	0.2864239098476506	0.05419116533077759	0.19229510281224046	0.4328854336263256	0.3064932403909631	-1.1234899975939046	-0.09573867724891219	-0.425928591722003	0.5490132360836721	0.15538162905763353	0.356897474263527	0.03252617818748775	-0.4425087491138238	-0.5016885614076464	0.7769353995817545	0.5229783001588483	-0.8937121099917822	-0.8021125247139791	0.17003719697707168	0.17449835132925445	-0.21984105311980767	-1.4953157660000054	0.8165615751752479	0.2917933996743669	0.6534785591545643	-0.6546502655776232	0.7927070827291273	0.5732465827044613	-1.0340337401059205	0.23668674656577054	0.6398271953968268	0.49966268698813054	0.16994677273601302	-0.6189325784196866	1.3707283039371236	-0.020105808188974412	-0.04266179952298181	-1.084152388312604	0.3763805588907876	0.7364716336001612	-0.40522624858433703	0.0040340713274824545	0.08034403775924809	0.2578195821601624	0.25550209865080015	0.2101376804801797	0.24724253430336546
DTXSID6048969	9.313429284130775	5.13848037378474	9.151510382053566	0.028366239099110183	2.9838749196360372	-1.6531206589560057	-1.1629237809467199	-0.5759084516980164	-0.21500857836249676	0.765960331366751	1.699227335109229	-0.3318919074081061	-0.20021169051721213	0.8565530968140987	-3.5630090852551133	2.1832737222526792	-1.7659133256523463	0.03276534056608702	-3.070429075616976	1.1838930579985827	-0.37105929394143583	-0.6324222063895483	3.137089066462092	-0.8588884223604862	0.704759332127491	0.20827053597530082	2.367716211314738	-2.1650477334328833	-0.10400397301125056	1.1838621756351773	1.311582085208606	2.540211937588683	2.3548777402587424	0.8454726935183261	-2.385430102935409	-0.3719488238345741	2.1587640764865945	-2.324143701177447	-1.5908663779056131	-1.9838188884736758	1.498914634434559	-1.6749663640266652	0.43856473880052904	-1.292696738824043	0.8289975928000747	-1.1132271391131672	-1.6658499741048376	1.1500715961493235	-0.39932403061755634	0.8828560771444397	-0.4227532024403557	-0.7270032902262686	0.15151342172803575	0.4443338372063535	1.327694210681127	1.342193873561917	1.5829512555489855	-0.11336578664056904	0.3881279052460452	0.8883775542324991	-1.9761564383852719	0.500654355580264	-0.4426656307374379	1.4702317611859512	-2.3159812907767208	-0.10474909915453663	3.380630271360669	-2.0205612908443533	0.36271417420601765	-0.8365933164443001	-1.3764211891834885	-1.250038476431096	-0.327360865784827	0.48814071769161615	3.4505635494222235	-0.6942392048149191	0.35103970906284054	-0.5849224777571356	-0.05033628505357593	0.4856471961527185	-0.4132960650215288	0.6229242158193958	-0.6488487347805857	0.1779145484191734	0.22364530147088924	-0.374683682087183	-0.1326193386483473	0.8156979144304902	0.7212742389083139	0.05334542559454368	0.20208448450878833	1.3574309891906293	-0.5978119202685394	-0.5541577049713581	-0.08979883851667213	0.2926222490562446	-0.4598032221877749	-1.131127336888587	-0.03292041691786605	0.5729026819668366
DTXSID0021381	-6.802483295321071	-2.314399326433424	0.45134986186777043	-2.7349713849449557	-1.9475680569486207	3.601522360644569	-0.3761584733187497	2.4853576065321166	-0.23551873855421238	0.3952199529162358	0.16169026460113317	-0.00014422459751849758	0.816102165341513	-0.9383733322072599	-1.190184070860139	0.058515543363918995	-0.6510667185292119	-0.4302942650542819	-0.17285981477982845	0.23801907353166177	0.12247334897894784	0.14542547144836224	-0.41920857884506957	-0.37937408637783526	-0.007113662100478181	-0.5360911059822364	-0.16371269517696865	-0.14105390191035463	0.07310622510951532	0.03302076842669692	-0.102265004647126	0.496835582973479	0.2972001434770595	-0.1890366433309806	0.6532966198601845	-0.15623354662375566	0.08536327707604648	-0.3822115874414297	0.022798843345143517	0.18271189494949122	-0.38759033928748426	-0.3275521935583739	-0.08090259835144825	-0.22202385555880882	0.10626654970105225	-0.008797855670107633	-0.17150227362999582	-0.34867461462606986	0.3291347920592097	-0.034552208285590455	0.1825825069142515	-0.21841096219338432	0.20780550191274622	-0.1832325220031923	0.13363028527861504	0.21319797966399734	-0.07003780992355269	0.16492745047834628	0.3411803102816806	-0.10692629486318529	-0.503644124279177	-0.017924631837107335	0.03635193186093994	-0.12675247002309364	-0.27453508857351333	0.5088424246234526	0.20252225559389006	0.04311542122228996	-0.25731391215902755	0.6125563261633661	0.7437414434014552	0.44858654253824987	0.5087018484828343	0.011116332557042233	-0.2944527826162481	-0.397440628167018	-0.2379393438544938	-0.24974690170152478	-0.03051717383950986	0.10020968596021768	0.5373230159872543	-0.8310680215576308	-0.20019409278232647	-1.0930339329620138	0.4226183596460168	0.33581433881375994	-0.3569416795218386	-0.8810234269220987	0.6558281150542375	0.09504365808601481	-0.4428937985760391	0.033026736050952535	0.6115975297192374	0.41023758094152124	-0.27599374606868243	0.38423069881161287	0.054418107772792455	-0.49462636669571275	0.3220820104231783	0.08085226690670869
DTXSID4059912	-2.3166925674287797	-1.8675929123863695	-1.8728310998110942	-7.019309909567508	0.37612092939942093	6.943117814205653	0.4621376369476899	-1.5333366845521423	4.354641040316685	0.04015588785861687	1.5861550180358168	-0.4394038507584962	1.6826264268329632	2.465644584328644	0.11624025520311848	1.2466670078430984	-1.614817826096943	-0.3550659439092314	1.4429254530243185	-0.5647647020374879	-1.2153542598322011	0.8008397252871354	0.5612955010690746	-0.561553277747504	-0.03258248512864624	0.14306504839761214	-0.34326058775158774	0.007898533700632355	0.31228330888307354	-0.22381524289821675	-0.009447747575782027	-0.511657489343312	-0.32305053078226353	-0.06283396399101678	0.269843714446743	0.2623768598021699	0.358392727398532	0.04134094024121764	0.3674576867628485	0.43885636710303555	-0.010225197825641071	-0.001125642890133437	-0.03641657106537852	-0.11387879997240029	0.05787353919350961	0.23608795280882588	-0.46368455957858545	0.3271269988462959	0.0759169967550089	0.3446469647719192	0.0625622768199405	0.21841372240325096	-0.07020134429642255	0.004967192628236738	0.38900966543251797	0.05041325322950868	0.2550664655016166	0.41811184026322273	-0.18126674078127103	0.2931460777120638	-0.21157973201321434	0.1694012911024738	-0.33863625487718285	-0.6110907953193602	-0.1354287189824187	0.14613027339605328	0.7688825690207791	-0.26739793783088395	-0.19209759342020488	-0.06128144176156792	-0.04265016524992851	0.03503051228282858	-0.46630114591211236	0.27830510767516753	-0.3812060661735366	-0.43616803896654255	-0.0818826016921495	-0.41699946900728935	-0.3895012554516854	0.1720539083269338	-0.3649700787416887	-0.6707790606298579	-0.5989774258098018	-0.6120737885153684	-0.08639021667333527	0.5755031787196233	0.16091052771442027	0.32391414004863145	0.2338136409172101	-0.618006972342943	-0.18780488399922077	0.2272188235747381	0.2563974220447005	0.13071380862210852	0.041343393492677065	-0.19159172697777577	0.579765930325198	0.3696857667140257	-0.11410124769628417	-0.5147541983470543
DTXSID3047893	7.34511124394113	3.6459053949281723	5.074024150158254	6.07066344165078	-3.7966530638503153	3.7454608812922165	-3.4577261251546134	-5.374437165822099	-1.235226672912038	0.38552571537572944	-6.622349561780973	-1.368842028818153	7.557035874553336	-1.9070822110631926	2.220268318890905	-2.0649528816550604	-1.9016588528758225	-0.3059396767936311	1.6721959459808435	0.6618774875536647	-0.3749588604112683	2.932017561355058	-1.0436989305819135	-0.6577825170651256	1.8240466969418738	2.1060191944406967	1.2598041431213858	1.0006275139374539	0.3076658926988083	-1.6815039353716599	-0.43683158973649316	0.8635293275716724	-2.0425803838624614	0.32824588144751504	-0.10418681963210033	-1.0911878233504715	-3.3777817336973035	0.39569685322858233	-1.486923529580416	-0.8701576407465211	0.6845369415973479	1.5296070318518655	-0.2530056137232988	0.8672131133831907	0.6352160505155281	-0.12522975714041515	1.001566319984688	-0.8887961787691421	-0.16734383157874425	-0.597036010421273	-0.014461759661429605	-1.2651351858425894	0.5670911992976306	-0.06354513255094044	-0.8770044779733184	-1.0332504844864678	-1.36559585324084	0.6179732799123987	-0.34337324091930316	-1.1014134946991898	-0.46083357252379076	-0.13871449162561844	-0.21581060129670646	-1.3451376228179572	0.5736163915109044	-2.403648881976239	-1.782850002784795	-1.2941384236252098	0.2939965499087891	-1.4058403616989206	-0.954569597060332	-1.6540194952299405	1.7994171935443524	-0.31023297465684735	-0.24758119643342508	1.6386504733752028	-1.1830328149563234	-0.7332244158078741	-2.1518868371126114	2.2963737305743126	-0.06018193306280408	1.098851281834713	1.402193764449162	0.7942136507123494	0.5718808974685725	0.4238979627482702	0.28715065565314024	-0.14431318987938305	-0.5753323201960171	-0.166329080556879	-0.17527232490486488	-1.1762854479938163	-0.43829440349670784	-0.2980364221022315	1.0696210572554947	-0.23828377607136986	0.5374229094814857	0.06973728108230057	-0.07345469624425212	0.5695584396366838
DTXSID7027049	-1.9224193405779437	-3.487229990062724	6.142650710511232	3.374417558239323	-0.7985112148750592	3.0195183882666177	0.9874255632907003	-1.294554594103382	1.011188969449095	1.2436525999274355	-0.26533655579829685	-0.6002175504572042	-0.2072587955296721	-1.526164210919457	1.0740950591965788	-1.1197354389401852	1.136424694359835	-0.28580875298783043	1.7489541539936024	-0.2220413034359367	-0.4972775108229616	0.6560354022346379	-0.24914373785986363	0.31715075967945494	0.3868028797158834	-0.0425139056274782	0.5880483815399634	0.4289470086256677	0.5029571107168214	-0.3549175483670421	0.5174868448095612	0.778058192134179	0.04388950835568285	-0.3954794442699719	-0.47920877748338764	-0.12514795218986088	-0.9196852107827423	-0.5975828069895541	-0.9576378888211701	-0.027147480581213967	0.10513288553298113	0.4531056547804075	-0.8035855705480524	0.1572489702102517	0.009060775095754241	-0.19937364176303746	0.2773557204936938	-0.3722272646025452	0.32924031166543305	-0.21759417978400541	0.0049110461809214615	-0.900579781598145	0.10662651756068042	-0.10240338062476122	-0.23741818251570249	-0.09362518722555942	-1.068343976232931	0.44355440653318506	0.018208689266055293	-0.572020460762995	-0.46011992757011855	-0.25414892758343094	0.7580923579419416	-1.2637476315968477	-0.30467822617006196	-1.2501666489605088	-1.1076731090151275	-1.6121815107586477	-0.12322212122362053	0.03643634754553408	0.30788359196306975	-0.4663837989328781	0.3905641742720024	0.16083583755537748	-0.34667930075062625	0.5103945803373923	-1.1412327287381863	-0.5353033709616153	-0.7553580015254496	0.5501895736496557	0.05723856840013371	1.3230507470222261	0.7793459292330481	0.24101657103078805	0.5510211982503502	-0.2923311851899208	0.3636604590108949	-0.2774776009557164	-0.7807328795582446	0.07530733055982883	-1.0836897771912533	-0.8551565773168579	0.7795975694203264	0.1474509022430527	0.7134872666587992	-0.381512677858267	0.05055890588569558	-0.33094028586163793	-1.136892732666632	0.05749278146654959
DTXSID0044490	-0.9760563280107624	-1.5149046853346637	-2.5499086972629246	-0.3754582227115675	1.50688793137439	0.6320081536067237	1.5544425925025185	0.017548688992468187	-1.028450847173183	-1.2630182409570816	-1.3391962432698743	-1.1619062868825705	-1.694796160801156	1.1326045892016388	-0.9035270827070477	-3.0564720842834405	2.3723360475635977	-0.4712177420771675	-1.9711326399295783	-0.29424485178884796	1.3736346911399708	-1.0866776699698104	-0.5659870446956334	0.2824419082406805	0.7083768801547604	1.7710307685870452	0.8183452469932831	3.5226688323360333	-0.5741095093269857	-0.7289605253607238	-2.447052910833044	-1.6705504772265973	2.197977782837443	3.360803132855115	0.47791963352787115	1.060168748188462	0.24522608234918294	0.18092344963001755	0.15358898664113785	0.8910825624651204	4.9663164050501	-0.1959311289566118	-1.5781370883085177	4.205693590195262	-1.3516607183857703	0.17813101653796556	-2.60609252241178	1.0911395953269172	-1.4710996630673796	-3.10425957751776	0.10629275807736333	-0.504888127353231	-1.6371598186462928	3.428261530311056	-1.2966637293282188	-1.5380230610257506	-0.05171442394950056	-2.615331583691735	0.17677970106676996	2.329217616506641	2.1071050642545397	-0.7284245559989257	0.7220784897777736	-0.4200280767712433	2.1784631535763554	-0.5582891001954207	1.5540344456640114	-1.5672243342800019	0.23901773781010693	-0.2653763885391159	0.8378593957626944	0.22527490321035018	0.8767831494672946	0.7393691011915631	-1.4724272603389796	-0.9435004599973307	0.14071020449795688	-1.5430187154139343	-0.27579416070775564	0.751834584478037	0.30513298090493707	0.3483637874641561	0.2595868624812153	0.29605542922592604	-0.7322673505897451	-0.1502019715450858	-0.9182188881941915	-0.37260029679525974	0.10666426132047543	-0.3368365900623244	-0.4499807588599082	1.501044150705286	0.3576443158493821	0.7112993931741242	0.6920519963316848	0.15800451601303567	-0.14475980682207681	-0.24844189009886275	0.28549033983105376	0.3288463142838422
DTXSID9047251	6.015968906671841	3.3866978467018587	-0.8941084592361052	0.4443029732856979	-2.223070633749197	-0.2753456170054295	0.6506629250871654	-0.2558498550889053	2.471702041563665	-0.5605704134873899	-0.7772225782070478	-0.1295295503459238	0.949532953453113	2.1014155860067176	2.7057713866675956	0.40618644230722256	-1.0353436689980096	0.1438576110121633	2.0859996532145897	0.9327719105026613	1.6731946023962325	-1.064950113543176	1.3092538714833237	1.9606127512583782	-0.32954692386871137	-0.24849314745086243	1.1060710706234336	-0.3803760190663369	0.7071134586156378	1.0334809315527367	-0.24057581976447395	-2.1363843064022117	0.9255420796657482	-0.23633361128993652	1.187926267937674	0.32928258731073184	1.780093685470029	-1.2761490158433602	0.08449553698847459	-1.1131916717153376	0.8975262651723862	0.6703513651498761	-0.0828088478267852	1.0918749153167235	-1.26527016140215	0.4514419023515842	0.07625473117913345	-0.5164139752389106	-0.4684352076128381	-0.5754417411665105	0.23542667521190294	0.4121785492317759	-0.19735083514764493	0.7274357286660743	1.148008845864606	-1.9382181931174873	0.7275196659477605	0.4123500195746907	-0.33106133117240877	0.7228462931377955	-0.5188470122723084	2.0069357378863217	-1.9655299601062708	-0.8463728505751635	-0.9345526683574251	0.17710878439517372	0.966832760269653	1.1300716611704733	-0.3386858802326648	-1.3546315272232285	1.7295069544644812	-0.9101790300553949	0.39823436321160793	-1.705052301395201	-0.6712014352372137	1.8296139261325108	0.46989040045443503	-0.2103509781776952	-1.030026619367848	-1.349058224713775	1.4551819940873407	-0.7076593884367222	-0.6736499324656676	2.1139291676531156	1.1557534141932788	-3.27823608236289	0.054898784810691666	-0.3615242855659202	-0.5568765035680544	-0.2530173258643274	1.643173909529846	-0.7441076391663956	0.5826227533887357	-0.5503466042972719	-0.08642529458908736	-0.7095873700526066	-0.6014223673611242	0.07525306047907528	0.11310218146110793	-0.9151457103954118
DTXSID2048955	11.595613225688888	-3.7147050011149902	6.628767616437292	4.681296359812842	4.354929643448456	7.00704304485712	-0.15214446480566754	-0.760753179589715	-2.033075856725453	0.9485877441543394	0.7687150903866796	-0.8272507256658925	-0.3589565807424892	1.3504724792182181	-1.8790422279053403	2.4637640667401413	-1.53253287780016	1.2151333053108215	-2.917284948876223	0.6427522319136243	0.04131128605381835	-0.9828187711718543	0.12496658683217024	1.2246360986039408	-1.891247103993754	0.48567820644717147	2.287596060330414	1.3289428855932257	-0.30787839972118886	0.7405101208585075	0.16584739981675617	0.019062434838726206	0.4203997383638723	-0.0691861174890565	-1.6049608257232266	-0.16609336229465319	-1.1211476883529332	-0.06889707824760666	-0.7800965870072906	-1.4132174039087182	-0.7639206682174742	-0.929578641556382	1.0508448976524294	0.8534092447765171	-0.28048621857591116	-0.797071476187998	0.935329760095853	-1.5336503357831517	0.14587101044162798	-0.4530962468869049	0.01184635259128381	-0.8069815976114459	0.6156483285073783	-0.3254750464241878	-0.21767221069583575	0.26624043644912104	-1.290841142576131	-0.717074180231299	1.372180186952916	0.4279445961411933	1.7152499372606	0.8162871169012843	-0.1800338922005897	2.026620364795506	0.13015828306838922	0.824266915272787	-0.7043762568227836	1.2692453234886976	-0.09521536240595355	1.6355978807724036	1.8191701795374164	0.3611636053211722	-0.06851033332068147	-0.15908873472788246	0.3634950642668532	1.2149529889856454	0.3733333674079013	0.12665582731318134	-0.01666724120124905	-0.4940636126772959	-0.6926833124061424	-0.07222407897187917	-0.7784295166916461	0.6926010297317692	0.4300684057442676	-0.06957188402768381	-0.15404977336411976	0.5837796693670159	-0.38001420045067047	0.005998044571810196	0.15542811692100655	0.41306079698871956	0.12332104705547797	0.1200672083742762	0.2596708665499028	-0.22132480351381845	0.11574540162871462	-0.0023889361036550038	-0.24086058778003053	-0.17054889719634025
DTXSID8057695	7.362576564641551	3.4121741673165267	-4.80292493984597	-0.029381296465147488	0.45271452647251775	-0.019337797877696388	0.7769388210409975	-1.2408083783834318	1.5357935369333755	-1.1999683941726265	1.8891751516119963	0.13154381974516588	-0.0920670330493371	2.6757269910069588	-1.0807273152699992	0.5816689177157732	-0.6693177649096327	0.3069654438687826	0.2696871051201304	-0.5261215979282269	-0.44475162850555994	-0.4100114301612379	1.3248858947526598	0.4019337029078212	-0.9046282251534584	-0.9229249567970179	-0.019003877412905767	1.888692565568028	0.9245424523766599	-0.6950181958863249	0.9357121676735402	-1.1697383975692297	-0.8551095297546405	-1.3592906579110131	-0.18827173539081454	0.8363228471391844	-0.5278667652197199	1.2316552033512664	-0.7914817937008367	-1.0341672299717146	-0.001267414764151454	0.7365329319166575	0.5944428865819585	1.592624746105494	0.49597535902668616	-0.3256087003943803	1.1958445438012235	-0.5791234139260979	0.40669394574049567	0.5702959905327417	0.3396295398865172	0.1282472743976486	0.2806347771931899	-0.27011367213274423	-1.7716392920693005	-0.3213507875043681	0.2253211389158947	-0.5787441170365076	-0.141959189265915	0.46692369146808893	-1.0997891124968397	-1.0886596287975996	1.8254253617969185	-1.8729296252213894	-0.8748818606897444	-0.5317832516678141	0.3414273921469628	-0.048611696209677153	1.0736302840566203	1.0652960595639298	-2.4376446096295274	1.9270913954241076	-0.01635354414143728	-1.2324513667257024	-0.8457661745935849	-0.7370109358794108	-0.9965878621174993	-0.15620507686022161	-0.1814538579254341	-0.18256061747618194	-1.0783406883682913	0.8558526899568627	-0.04757916481724784	0.3600451059360025	0.3063576621441052	0.08184278507418308	-0.14185399546514266	-0.9352868887900277	-0.12611615221819356	0.2128345392893132	1.1150403953341497	-0.27578639979786257	-0.5484228793666626	0.950982670313987	-0.47488545462410237	-0.41640238559994763	-0.09735804949146529	-0.5739781164956461	-0.4558013749271985	-0.3512041618266159
DTXSID8049385	1.7020877463699682	-1.8846560526799374	1.4622158782024497	-5.638105538438841	-1.298905465310343	1.2988749712426608	2.3653292760876488	-1.0893195771096402	4.501966552257085	0.2891487469012736	-0.47413230285161395	0.4505762444564141	-0.14916450865017997	-0.726598895118127	4.143860452836067	-1.7090277883248834	-2.9257272380923354	-1.2745452282596446	0.2111942993028066	6.470061271019424	5.037253049562812	-1.1803993711488965	1.4517696344334234	1.9031380264750133	-2.699339595937325	-0.6258817788947412	-2.409736964923231	-0.18117723147815146	-1.887451115914076	-0.06071138938659288	0.43204219290424817	-0.0928419207672483	-0.574752471707273	0.5434989192722445	0.7798023660961408	0.9041199020607411	2.1508452151781263	-0.13001963180902443	-1.0567560090542119	-1.1459190569757594	-0.49898960624051103	-0.7958402700932755	0.18189593643643773	-0.253780643821675	0.6293740559045353	-0.3496299208155549	0.4938070175146278	-0.6045316603223613	-0.048228527433619967	-0.13500182658752524	-0.005339335108094718	0.2864391561542075	-0.4844230884352608	-0.6021169282959897	-0.4994269622858749	-0.3351842335520052	-0.37716381718409436	-1.1055138536474847	0.015173494427317693	0.8868787428763196	0.02467377530020374	0.47051534618496255	0.8462583127495635	0.11579746652221358	-1.1274537962560542	0.11735800708256165	0.596132943942112	0.2845796064746773	0.16164485892140132	-0.6934512013171793	-0.25224245854614935	-0.6960191428587181	0.21816052371158107	0.4278623206669986	-0.3660004765919389	-0.016226030988463133	-1.0403160421356483	-0.8644272335382277	-0.3291949364935294	-0.35241986351581517	-0.0702495735347554	0.06899886881729869	-0.45267027532719645	0.36442858309246595	1.7981981328597147	0.5592933115914304	-0.5872654438455901	0.07811837991336153	-0.9346556651359087	1.1317683934465232	1.4453166433362163	-0.807239784628454	0.1981119675469532	0.7832274468206784	0.30399975964984627	-0.9509858359132106	-0.8081228418117726	0.6840984993133791	-0.1020904514650437	-1.3273557289006805
DTXSID8042478	1.742114771394022	2.1062213792123243	-1.1983920500648628	-3.4263084653560294	-0.5654737724030136	3.406333195508713	1.4858787700289007	1.4455791850746729	-0.0234293941061797	0.5847146945868762	0.11230318739996308	0.6245225440304573	-0.137845022353566	1.0210235600358164	0.8658643371861938	0.1886849759557391	-0.2308616152493657	0.12283681903682671	-0.6595043436821556	-0.9591318660675734	-0.2854831283240106	-0.5527453811863411	1.0324015843649015	-0.40997509794301756	0.3206768549347884	0.008767552521962487	-0.17578454552785772	-0.5211579915848039	-0.25791763262337836	0.21839405668400608	0.4173562218692294	-0.1664969566222957	-0.06363787339935163	-0.6125856783094076	0.10613933596520043	0.390317887346068	-0.28456082847221326	-0.23210524549361336	0.14227762322562137	0.6392610964906292	-0.1614388686186433	0.4061833768725124	-0.4102119413999695	0.15872115092677447	-0.13920145656171565	-0.31469068237502335	0.6034874321279293	0.052346834444042326	-0.15367639228574098	-0.08798335091821279	0.09918904501991074	0.19169358805432832	0.22780938631985556	-0.2563246332611663	-0.004274419972059941	-0.41174750379949865	-0.10127001440156531	0.10803865220070474	-0.2065324017921578	-0.5677642768888399	0.5019340383794926	-0.21176161566202092	-0.6518117252298673	0.045556564166788285	0.1787240957768776	-0.14229275023475838	0.1782799746880175	0.6706330633968928	-0.7685870856696371	-0.02732753288625332	-0.7456458574174055	0.44319610706829776	-0.4289581126747763	-0.0666533763965341	0.34282755611350185	-0.4524911425727658	-0.24545388793142373	-0.393375668118976	0.7634662073803176	0.4151443687028948	-0.17526893983675254	0.26325894714435105	-0.19388260854255268	-1.8728236338895485	0.5898001923618102	0.42694922627145476	0.061513763076261	-0.04650717252404857	1.0926663432102453	-0.17591639496541106	-0.016825250237644095	-0.9977847990396366	1.5336332348725297	0.7614834427262366	-0.23550001200350287	-0.9992850404999453	0.3272343814385714	0.2764296976515704	-0.03146718311146716	-0.2383004675735763
DTXSID0023325	2.770924216382862	2.616432557221277	0.616842957670605	3.6998297366447255	-1.8047752985897507	-1.6738715921486886	4.44202208367146	1.0496830238741803	2.0688347201240087	-1.604362963866949	1.3822967085318205	-0.1959610637755457	-1.3950692573636687	0.26732508020612067	4.678341160296647	-0.007697388574636603	-2.9903518672657823	0.08333320568377896	-1.4509808387660832	0.7020689470443124	-2.0940482332903825	1.3584399035162709	1.1729869388378311	-1.5718375329534424	2.095179393189013	-0.030810660094820093	2.0997097122777935	0.1403107821649097	0.521897970067733	-3.1082967297926967	1.3616098706521576	-0.37690042621346737	1.1019592994728729	-4.041021267809533	-2.1302242981346473	-2.6581111543518863	-1.7812093015902157	0.10287780601637683	4.054650904248961	1.0149949926915744	1.3072074213560794	-1.2614666495801605	1.2468602872352699	0.39087645017227296	-0.40818201514983443	-1.6810451063495504	-1.05312825551675	0.6750126766626923	0.3907283306178465	-0.5663543133441675	0.06611143632722237	-1.8903079901115036	0.021402786632748954	0.6639476631872222	-2.0779590689908876	2.2703542936939947	1.2088200142059164	2.103113045097563	0.04518129127901107	-1.629489480680137	4.31896851745668	-1.4419905296828224	4.039784145923786	-2.4594675957409318	-1.633871858763217	0.6630508242024078	-0.1028193592547288	0.978344464931715	-0.8270141295720113	-1.390676291528444	0.9096235491720395	-1.00198791577018	0.30158250135926024	-0.8522772181457917	-1.10233212619521	-0.08143634045960624	0.26182509418764155	-0.7923799473925188	-1.4208303607842774	0.5380644916624343	1.5151611014769772	0.8786502295478222	-1.1438773421540118	0.7938463857983281	1.2543781021121432	0.685922795921488	-0.5074645130306216	-0.8318539670896463	0.44955834714972864	1.1787893604782647	0.9576919572538812	0.10025293585252658	-0.9461602294955737	-0.23562882026607251	-1.7014958126277573	2.2035145895848367	-0.32368464869681496	0.5721617263409426	1.204452830231779	0.452497945394966
DTXSID7052284	-4.235939535042079	1.2101366066636077	0.7023946445379	-0.9397003131659408	-2.0820865461977545	2.5703514010769477	-0.5728845861598172	2.2458135401653196	0.07057100590430199	0.1379327440401931	0.5560681150920648	-0.09882525661704294	-0.1763047834088125	-0.3513624054621764	-0.6668932782448151	0.1504274233452631	-0.36168642224000624	-0.2626508877701737	-0.11698999900956998	-0.2716656453023574	-0.4368258499873135	0.06467790811104278	0.11296256062537231	-0.23273872788040104	0.29849244540035236	1.2235938096660135	0.1044896725721794	0.5745963387582018	0.2637238564108095	-0.5762009670728613	-0.9215639650523012	0.01789759473367449	-0.32577504311304395	0.06641388536180318	1.314342744515614	0.39162593595010936	0.4162236126401523	-0.3198759582908309	-0.3187140019678118	0.6746834639376398	0.27120030156906116	-0.6048580305056016	0.343005155625835	0.45157175356931434	-0.33839599623190786	-0.08392920626298306	0.1762334505717404	-0.4552195502438346	0.1024658227833616	-0.2980756830551319	0.09418816165002326	-0.12329341557973114	0.4646712615744657	-0.23216478697444967	-0.03206561736391762	-0.46801796414013436	-0.2867941551835168	0.20814714284700075	0.18910038850333755	-0.8143578173103463	-0.2731674164977374	0.1898108763054681	-0.18976460166428702	1.038620317787009	-0.12027545389265958	0.2949688511359964	0.5824016553510774	0.11138246488981239	-0.29622868096695837	-0.3876886591737435	0.23378224229140662	-0.3736224494572708	0.2203556943258006	-0.4638989014515647	0.05973615245481789	1.1233171129160984	0.22427706670400166	0.19560831450371657	0.8985546421854418	-0.7886755024302069	0.6363304305025873	-0.8235624051702651	0.28737322381070557	0.05470339567393695	-0.06541044917131492	-0.5867173054506928	-0.0012985036221508119	0.7681400964543933	-0.07491034922920364	0.4457048797568508	0.395994554728818	0.19805872357548027	-0.9039877898627258	-0.15290158023314135	-0.4049124264028114	0.14994776434469195	-0.11347579357135672	-0.2615361291517358	-0.32300561029436353	0.3339211221360554
DTXSID9046578	19.38618543898058	9.587605744811917	-10.271323569128931	-4.6412236609053705	0.22528500483942296	1.8396751508200302	-4.138695646757218	-7.5480905557636815	-4.398567026065871	1.548019854608419	-7.510315621959649	-4.379689457404907	-4.675347308167651	-4.411051918304792	3.352930521074398	0.5087102131449139	0.26270625859381586	-2.4711846509514346	0.9961640650166016	-1.222014307621745	0.6012994849922548	-0.6033430243321181	2.040518339297714	-1.5201243094317969	-2.718475141115987	1.5507114735799195	1.4216427170289185	1.2015148122188246	1.3810641459582826	-0.22707916887162605	0.9050922481646158	1.5192088585617185	-0.20302398596658372	-2.6152727341060555	-1.10919868091083	2.836516155354569	0.5165859512496528	-0.45627516363378806	-0.030846506814542093	1.3636996222564928	-0.15916288813040524	-0.9553733068696274	-0.4809662396165404	0.5033645208578501	-0.4937095783912771	0.067389271595165	0.8338687050777667	0.15460561191999628	1.4919078913484576	0.5520598184847152	0.20548148001638686	0.47736853492515025	-0.07421145707913938	0.20248147921375273	0.42450444568517776	-1.1064846800929256	0.17130575010401117	-0.8875249729080168	0.37257561258363475	0.6141294654681864	0.08849167319311949	-1.2270275640229653	0.6622036207194059	-0.39851994054858114	-1.6024408825354457	0.07149842330889353	-0.3303114431481635	-1.0202133376596054	0.4287903475305052	0.627358992674221	-0.2797317915065744	1.8509142942401313	0.19063727748834625	-1.2027440709508286	-0.030117153353057195	-0.019877334519841215	0.7928422919848143	-0.7015844024939227	1.320930030937048	-0.9554032795185434	-1.273744360842399	-0.09276088230760861	0.8371074947085136	-0.06628047530764543	1.0081798156090225	-0.43136279328515414	-0.4574729171332147	-0.6354622651808476	-0.620069005047922	0.7939835131757959	0.7718632847357653	-0.3697514706001836	-0.5898885832056634	1.238119455616169	0.5958529491060318	0.16692932670279315	-0.21166837417236242	0.028671212216647826	0.3746423129280258	-0.3433119623534546
DTXSID2060965	-2.3467488742749136	-2.6520767951590414	-3.860542973418933	-4.969969478519917	3.7148146860598983	5.232870954962411	-0.6752209704046247	-1.6151343342400521	5.877440457643781	1.5259615163399114	1.0250709013986266	-1.142072296023643	1.9025947789818778	3.0555709277448315	-0.8306967171787615	-0.10610381468557642	-1.415142211799328	-0.260337322728118	1.572056564339234	-0.32544943198012233	-1.8765618159552613	0.71338307572397	0.6952366197683598	0.31955629194172386	-0.9719749444410344	-0.1910202585953414	-1.2721971714720228	-0.7617555595161042	-0.3345720710082167	-0.5021406222495035	0.5501516356735958	-0.6269686549147222	-2.175334734668218	3.041644016996051	0.841733302601413	-1.231610601395113	-2.0659292794005535	-0.6051368000602959	1.5445259494374555	-0.5972361464177558	1.6265984433577385	-1.5290450609292834	-1.8538237685583532	0.19102974231858974	-1.0456233477890824	0.0401346263270184	-1.2702027372612572	0.7851007774419674	0.3702672199861461	1.0118113456986164	0.5112059812067027	0.8378580705134466	-0.03743285230029833	0.60351852282969	1.057756183198713	0.443375070861644	0.023572979449002537	1.4596184043589553	0.9406818749392559	-0.3648631508208245	-0.2203653719336544	2.038663926496999	0.6073344670351328	-0.22640911272843767	-1.0090589414368003	0.6308568076743443	-0.8106421844953492	-0.7254525993128663	-0.5748698068095575	-0.5081180254662481	-0.7571216367597263	1.0629398207158787	-0.4223440060351647	-0.3131747144105455	-0.06408497310758621	0.5521485867779071	1.4769848311667308	1.3615643755727727	0.11835563244318148	1.2051971181939727	-0.7202593460972831	-0.0019911215702895645	-0.49251973971731655	-0.6167817480783191	0.2999929874197418	-0.27532002067398004	1.034899916720183	-0.554852225968015	-0.43131877081275316	0.126015063657751	0.605003603387428	-0.1464920856067575	-0.22466887330388777	0.21850582687446563	-0.640642351903119	0.18050682151250885	0.42516536722605824	0.345526388185647	-0.1935129200405636	-0.1984612242284014
DTXSID4022783	8.186634878741277	-1.4956089704292508	-3.666713763336287	1.8743211752666173	6.362671422648352	-1.7925728534498064	0.40583653860839175	5.912988952385628	-1.6124755680469933	-3.204161872841955	1.8446439150199685	-1.132214318575691	1.4985557838674353	-1.0494560388884073	2.420938956007088	-3.6358245850298516	1.5263892839734081	-1.8248568877972784	-1.3099508781882667	-0.14957189337757554	-1.7335205381165264	0.4144540553743623	5.547601664961914	-3.5879016436869184	2.906504873940866	9.2401030923727	-1.4580534458049843	4.150169927780041	-6.814522356939737	4.166580750552114	-0.4595863704178362	-5.251972702592285	1.1236388952967642	5.304504948119919	0.35344186377881764	0.9267260375193092	0.2359834786445148	-14.555965818222235	2.0032430543337063	1.7801133386400882	4.0732954716340775	-0.4877329443978871	1.9258972201277647	5.795494996480794	-12.195216976424298	30.7105615777525	5.797098995979445	-8.18362225525836	3.0218559646041965	8.186699539387575	-32.89252579197368	4.9189512701675095	-18.924469058275164	-3.7418239199132026	-18.54520316495955	10.370525433757571	2.7453695436384202	5.486367195039366	21.831845233086664	6.787154242872355	3.2118338661850716	-6.825116929469152	-2.808170410372591	-1.3104865806362944	5.9525523513275544	-6.6902226301058425	9.76371888367678	0.16195412734451725	1.487861467463335	-2.0151709523817636	0.7855268096226125	3.654786263697167	6.447786598447723	1.3385707448813258	1.5584408611982423	2.474713760432509	-1.3868122151090578	0.7700798058278951	-1.121166477915385	2.38434695467503	-0.19846899718866307	-0.1472751705939722	1.1805238800901598	-0.6944395635172842	0.9173172635865097	0.19013791502382432	0.5683326976467628	-0.16033723202876	-0.24910740611707374	0.8371320411867356	0.10291242234674118	-0.4889567527691704	0.9527826976853202	-0.9188046155513291	-1.0522536722309042	0.05346588723829644	0.43467185839333644	0.1529621386465744	-0.8029310790603473	-0.01636338217241151
DTXSID5022510	-4.741549153495442	0.7964667884869759	-0.3976847981870378	1.519651508177768	-2.0466031886374494	1.7783954933620862	-2.24960176106661	-1.6419718772640912	-1.7868283659036395	-0.9496428501529087	-3.9378780693868705	-0.09158039991359812	4.418621141577908	0.2554789848142501	0.3846772669515559	-0.9333934759710272	-0.7098269535389067	-0.004108841328819369	-0.5581043466032825	0.09490339827823249	0.5449526325449984	0.1445024497092864	0.9223457866858027	0.15686947286257236	0.6357070932132612	-0.23246389273128315	-0.10923206389373201	-0.7390897032590965	-0.16770642297360416	-0.1705611579095806	0.020887499160585445	0.2828850658423351	0.2109821814145762	-0.11584174704675722	-0.20957400284046215	0.20965210873325615	-0.8710360072834873	0.33913273520316506	-0.10286849170441592	0.2768004822863645	-0.3103824847230456	0.15143623194728012	-0.3088885420891238	0.19894415554004224	-0.19645773963757665	0.19313183804144504	0.4225630040394676	-0.126553910178529	-0.2957944386706142	0.3111252196080038	-0.09200207716662408	-0.22033469658462063	0.20110708519901163	-0.007891060329354799	-0.09450397335793581	0.05837180787597203	0.026352482053259664	-0.1347818808693415	-0.6537880189979055	-0.30636803301066956	0.576112243679156	-0.012337491005708351	0.1725912935702967	0.4979730899270951	-0.0014609721468051072	-0.8499948691145592	0.13847615095611038	0.10972787157577125	-0.4447878880426136	-0.2790250014235853	-0.0404165021139222	0.22372284234592751	-0.3270515172728542	0.12053242403775387	0.18163213835779612	-0.11183294087673239	0.27816047264580795	-0.7242721698571544	-0.008806332939297671	-0.013742185322811216	-0.0008132865849957695	0.21889552481501315	-0.294375801287269	-0.42673692986161366	0.059314201974966556	-0.11799095046443994	0.11559692691477395	0.24982369426379056	0.25666253309561554	0.22539825001250702	-0.30476233744459325	-0.11896517585889076	-0.2439344297893904	0.04039763510412726	-0.06877528313365035	-0.2666637269312333	0.19354900713553386	-0.06490778587289599	0.022920855902706413	0.07307535150870906
DTXSID50379814	0.6831283294598254	-2.6804802539772266	-4.979083393581283	-8.354939626977956	1.8194174601799655	7.670870359191331	0.338056435379711	-3.6359176500074053	5.251562853536353	-0.0955284044516735	1.0213157508741024	-0.708667690990697	0.9359633412721967	3.439191884315445	-0.12385258107001443	1.2270207545510476	-0.2527638721276779	0.5691569389135293	1.2043929130111368	-0.7731339534636262	-0.3724651896373345	0.4737190116178239	0.1166323124771027	-0.4033134807280948	1.1089093698075918	0.34321202877296964	-0.6663486781516508	-0.3355172324528776	0.20933526451131693	-0.4015756409571976	0.21252768408744852	-0.5723503877613358	-0.6434127244432484	0.17838872644785958	0.33795031631640926	-0.06039139151808444	0.8982361965607791	-0.09081782558371677	0.06079279580798502	0.3235220304350242	0.3199002024726664	0.31029728420813085	-0.2641067221003303	-0.6970428612553584	-0.5251018863508051	0.15137393344842687	-0.4699597147427866	0.18434880200531029	0.1963460716352255	0.1275147738648944	0.09730679232866675	0.027124408066918057	-0.4160942380733461	-0.020393573849198085	0.2559951336872344	0.04818069673716373	0.35733052797210846	0.1559780221448682	-0.2372208222505551	0.018221630068121063	-0.020476612615619557	0.34611951392306717	0.15664400957744712	-0.622207212767339	-0.1435014655468792	-0.05256388690212142	0.35155005957159197	-0.5128251592700341	0.029321225104833464	-0.06557533710212676	-0.2211478477942678	0.008645166964560708	-0.3493692443344926	-0.02629644321032306	-0.832760078940953	0.15653841327096185	-0.1791752720122107	0.33457437919548777	0.7191171890364844	0.4837069294639005	0.5854444937572093	-0.42890476747460443	0.4949934275965008	-0.11766966524854203	0.39929571629715516	0.6104274805895293	-0.9960798077026127	0.8881701402448062	0.516734612718755	0.6242703965474142	1.7266700804810098	-1.6144061998325328	0.29458109267717336	1.3011056312457783	-0.056383429526603676	-1.1813014787426945	0.36678435164036816	0.3058233641502715	-0.5410137382718662	-0.6558852607520642
DTXSID0046145	0.47815230505969425	4.607419840216366	1.3607394515588496	0.06347967053803372	-2.2153625168700106	0.6024505847580796	-0.024844363648230176	1.8529499178181108	0.6541123934896398	0.3717626704056614	0.918744067299344	-0.44743415233467987	-0.1317858269211608	-0.9674413403752955	0.2940337886555568	0.7320186555338536	0.4233763377065953	0.2630783977034278	-0.19799013869906598	-1.5825775867313172	0.14426927076509785	-0.4658929720034027	1.6135218946509702	0.25266204549518634	0.34909539017930413	0.6340719031551055	0.7785681356664383	-0.4270550039572434	0.36026382445469274	-0.8568397456426382	-0.9587669686061336	0.1985681176789095	-0.07739291524334005	-0.25745307592184286	0.13761545118861984	-0.10412589218289883	-0.14408368738196034	0.2458782086435193	-0.5103927802635092	-0.45004526107250736	0.6799875302465332	0.39531114623358005	-0.01906501938017746	0.26029779964772737	-0.6706147624869533	0.23411945053440603	-0.045703494628765086	-0.3081930846162579	-0.10154512406966419	0.010161417306690393	0.04436675857192796	0.18427539706017868	0.46731484880136487	-0.0328762737896212	-0.1063650172423066	-0.7550966370343523	0.5799846097390184	0.3150035101637292	-0.46927838194934335	-0.2558244339317785	-0.08964877349531047	0.28674102042414096	-0.48895982115625775	-0.10191530249361301	-0.08109468373336032	-0.10703138863208367	-0.040329891513857845	0.4921879288237541	0.426330901221182	-0.3039032061580605	-0.10763394472804585	-0.5255044186067406	1.0353469607441126	-0.3026505327136781	-0.6388898642987157	1.3550730953591104	0.8449290421891731	0.12426347570891956	0.2582936978042385	0.027948066294658198	-0.2687680339074086	-0.6906773859653194	0.43876073630913276	0.6087369656150119	-0.6843971342121162	-0.20285647251376995	0.14457135004558827	1.0649056379554616	-0.0498604298143321	0.017857609329283153	0.5226681687888688	-0.018183201973724798	0.034543227985339854	-0.5777561545120643	0.14914419328300024	-0.07615372291487328	-0.04684213676805295	-0.10841334364051461	-0.31526290833920884	-0.18650811452910648
DTXSID0022565	-0.7879501363313783	-2.0449118112090576	0.5605119001612586	1.1925516523594053	1.4684456187341435	-0.38771351937423093	1.4541548394762527	2.780792370676167	0.1519186920578618	-0.1770905433313953	-1.5140851439886251	0.4570562791980238	0.6992171843370614	-0.3371966002508222	1.239204992187852	0.24224718804758416	0.17298935521277284	-0.018863112428931888	-0.10648470395558966	-1.5986222844024287	0.1492178233658456	0.5275484952963644	2.0900309461082163	-0.012432842634468892	0.7344822265392733	-1.5936237254554133	0.7317529488451331	1.0820808329513056	-0.2879048548244071	2.6593754635825846	0.39884298104514515	1.625083039255056	-1.105406084667415	-0.40800105545553217	0.05176629357853816	-0.6997352037891514	0.8551727028640547	0.6445881937741845	-1.1049886713211214	-0.004828904591719455	1.3544647593086108	-0.22663908647580333	-1.0169927801962828	-1.0006662513098175	-0.04443010896926986	0.17500302047689656	-0.2676956012799328	-0.1237064803527127	0.1395681017895242	-0.3381800422696793	-0.21048924923092516	-0.4911545592256266	-0.3767675404155532	-0.28032354668210135	-0.1579518723273323	-0.07431609233379198	-0.4976982977392855	0.8581424721609262	-0.29393556156188944	-0.22783363958172706	0.15051308655239556	0.5468599274548865	-0.21706715792449952	-0.5137838508317862	0.0988969500296318	-1.2305860301755207	-0.661665893926755	-0.0475756867369599	-1.7748623775329666	0.7500943480153868	-0.0814573263844582	0.31612181629493047	2.1321725113408956	0.17332969910398133	-0.4772229065296669	-2.0384510244981047	0.7433289818097345	1.9699399644298998	0.6150779337955445	-0.7364270048080739	0.3422123587583602	0.4563253069395952	-0.7041211902701041	1.5586334632355694	0.38852003642846084	-0.2767405935307125	1.019004425389321	1.6304083484236975	-1.1026853391984344	0.6063488590180989	0.10823608751121344	0.7943457911014407	-0.18397873373787288	-0.4181801605116717	0.32006507153835656	0.08612801255017771	-0.04294608349084143	0.32615351997617903	0.8025660621874016	-1.0998873207160567
DTXSID7034624	3.1077095059539728	3.202350914315496	-2.9898832731477953	-2.202143720594956	1.7053484021875478	3.716529419500385	2.2319595597589688	3.766031209916942	-0.0706580304677938	-1.5831948746824858	0.5689112910836344	0.7763755328502449	1.4202611003904304	0.1386556453108418	-0.8695807443344501	-0.514392766041122	-0.5832095116432326	-0.5105894336143764	0.04035061399177044	-0.27736430703658654	-0.19632260538163335	-0.8903379100890472	1.0342041003971734	0.8119095929383983	-0.3455453602947042	-1.6558899111580423	-0.7262542589895092	-0.8370727036332402	0.9301934317482025	-1.3001516961869954	1.4149321216419375	-0.15954847799151162	-0.4417722355826567	-0.20113541370315596	0.5606947926472975	0.115817275320689	-0.8340515548407015	0.9149382971836957	-0.788431879158638	0.052987956324314446	-0.23294738776229443	0.03944358480655653	0.5555364977080656	0.32072011275808116	-0.5221132479124913	-0.14841893363302225	-0.8317051511679988	-0.8797641825143946	0.4171432338710621	0.6609403538185753	0.1308083610052735	-0.24773569565256073	-0.4282860593024786	-0.44443879660393615	-0.6528389139156374	-0.04918779252787886	0.8027248603053889	-0.4015979130980817	-0.22635220133730866	-0.08441792395187102	0.08530524528678429	-0.3701671293876957	0.32066685252502103	-1.0657432086640597	-0.11342199010365554	-0.12674674320387172	-0.02150640872364106	0.4759931768618221	2.462089073336228	-0.5078998916134396	-0.4207909064651248	0.40851664539734706	-0.5412605790205783	0.7513740114360262	-0.17177634105709977	-0.49023031543883755	1.4795588218727769	1.7429508182769464	-0.47952508613557737	-0.017215991037576258	-1.162205165326324	0.09663186466737787	-0.2765490879502384	1.6988727906334207	-0.2017703722905239	0.70669219208496	-0.08263005749982119	0.08357085160308511	-0.19330496641430353	-0.946968316927854	0.4911349849484523	-0.5725220202766209	0.7290225081188076	-0.20633158949131628	-0.5889759585826057	-0.5608281776283663	-0.0665837701765692	-0.5204901844641496	-0.3908958741879065	-0.8058102083226981
DTXSID8047426	-3.1687620801539413	-1.870216557905243	3.8023966400752864	1.8575898769284154	1.8937201896573272	0.8303696596896	-0.3779701760225162	-0.7055266952138379	-0.36398138920312184	-0.3212959429430513	-0.25699769180308135	-0.45036557731469495	-0.6073299971584598	0.9876819765514411	-0.4243019101912088	0.6110073251006187	0.20580702494997438	0.27727568237780187	-1.1379243522158566	-0.05369940904598459	0.030643434230073395	-0.6184482244037554	2.1438060708579303	-0.10542317921306597	0.3785265009255786	0.7049010098407547	1.3067841266619797	-1.1297346592521373	-0.11716586924324088	0.30128236704642086	0.36018563414262705	1.0611325106536988	0.44648041422132967	0.24347267050281407	-0.45288439582674833	-0.26194377194838325	0.899840835082509	-0.1499294558909389	-0.8106968390578787	-0.6791937911697237	0.31564774540561086	-0.32920452216164914	-0.06925855217808034	-0.9489883419823938	0.18719778132770007	-0.3899708754619499	-0.3702657794240299	0.1448900745992245	-0.2401065429354226	0.1607798707384574	-0.00914731184328234	-0.10534843467879096	0.14994745179533886	0.006203420795406571	0.2978388441401479	0.042579228433906394	0.788650376929418	-0.021918292428619278	0.3218479902837933	0.36815722358939035	-0.22377458129187608	-0.08164636476816915	-0.20115703706424645	-0.1860380026917274	-0.5993301528740311	0.4903568479466451	1.0521014790320267	-1.1145440662029442	0.3805222268087734	0.1493159274266219	-0.5239479417095173	-0.744816070394232	0.5495743574510131	0.08270417718535064	0.9833087143340997	-0.23240893780205774	-0.4395458272060418	-0.10756686437280853	-0.39138703475834663	0.11988024633991255	-0.10304917858245934	0.46831286061423033	-0.41481288158242574	0.09278361764094806	0.11642266286165096	-0.21041269652192354	0.022375515007996255	-0.10226529698518982	0.1009004124115705	0.12887722774333377	-0.12903384414644853	0.30619495870473573	-0.5867259558013714	-0.19445394336559269	-0.0449606624456161	0.049280794533542144	-0.12847997400630506	-0.22757587950098532	-0.18357404272377983	-0.07556310764681255
DTXSID1020984	-2.7367199600081005	1.8007353695798995	-2.304207693623742	2.7429628868886446	2.4545137164903834	0.3151410299246676	1.1503972601315846	-2.186125960459473	-0.7579704023157557	-1.075146083640367	1.4359100263522169	6.815252044137589	-1.1305096912272743	-1.9797738965131615	0.4509921348192927	-0.9036862953809687	-1.7795637313984847	-0.06728765450054752	-0.136162728214452	0.2584340364709775	-1.2421151142392364	-0.14342553268825367	0.3164570401619726	-0.03162311161893472	0.4866535912580333	-0.9964440626963624	-0.03270383077654326	0.4193816342525004	0.9262901773000912	-0.7159830991528381	1.2130369884371113	-0.9378274880506149	-0.5070561026846429	0.04039973958251159	-1.0028108968226668	-0.9541526467005397	0.5274274529765064	0.8702382020060617	-0.7370875142194948	0.15727514784021074	0.5172118986372878	-0.028939167167760176	0.32695482954765265	1.1717462543112849	-1.101083957332458	0.34631037152532873	0.26070448583371464	-0.38029645389575456	0.8657683519527699	0.6576647691653723	0.19699483201895976	-0.05775501560967979	-0.47547641641575655	-0.07425557056440243	-0.25138816340930614	-0.9327664115987924	0.3657243363052582	-0.38841326928671016	-0.2333364861492323	-0.942940458567784	-0.18978346084638642	-0.31761672304131316	0.4120653978549267	-0.5250118371443682	-0.6966106407332701	-0.12107704540690993	-0.0030319767480327105	-0.49555010461013244	-0.12014382847116524	0.4190229378572233	-0.06994830432532677	-0.11212926007074174	-0.41309721560565177	-0.19452764316865886	0.4045311601781762	-0.2834990685902389	-0.0020724698949190446	-0.6160747674680409	-0.18357246410522157	-1.3887554125939618	-0.6179398781531636	-0.3642209911244492	-0.34238909696934844	0.7890587475170736	-0.4758544394502508	0.7344619576600228	1.0984690447161662	-0.3698282435826692	1.1599779495797435	0.46161451441013357	-0.30970561611325076	-0.057957383927577745	0.07705552198304678	0.6314811731117002	-0.1449842099882631	-0.34602950259106796	0.4192285535255029	0.09114560336353855	0.28861665407710335	-0.21583157376724538
DTXSID3042263	-1.7398850600849556	2.1190652367849214	0.031633076622788366	-3.7169677145519895	-3.7289858559581783	5.747608876550418	0.30954035952936604	7.586449590014003	-3.1692099502131588	0.41658417185137236	0.010123027686193808	1.5122437698879905	1.0076021318843666	-1.5457067786181926	-1.637134102115692	-0.7064162482199537	-0.13950885477956862	-1.3768127708724751	-0.5253252909506818	-0.24788169831747525	0.7428670938314895	-0.22323148110482202	-0.3801602635504573	-0.5963124310809997	-1.0089310522901995	0.9910552230108247	-1.1325526028123565	-0.661009338901744	-1.0539625367553465	0.5114048163936137	0.5132906585020092	-0.17879430486279346	-0.7252806005102005	-0.4507795072187976	-0.023532825015524825	1.2898007596998107	-0.6692937689973455	-1.081690053374525	0.3551437893616597	-0.5912394036257932	-1.6339230419169	-0.38929930843146665	1.5535560296963848	-0.3625502143048583	-0.09026409572775146	1.7702267237116842	-0.4932523439560803	0.015019449098727196	-0.22215059160375614	0.4480825565704621	-0.2663056544977372	0.29029488062094505	0.13260061900290768	-0.11247506155510358	0.17061605415875764	-0.10919019042491535	-0.26777099587148995	-1.1361463464051558	-0.8046832190152118	0.3838857683325766	0.1553303889283449	0.24304452308977795	1.0879689324443802	0.1586533446786434	-0.4798402546006566	1.3659164387955474	-0.7539924326716062	-0.23432428153731877	1.3169586005183225	1.019955267459577	-0.26661254811714347	-0.9797978402254486	-1.7245619955772098	0.42799907258604725	-0.49949386526079476	-1.317334370558404	2.1069501351890834	-0.5122015473560018	-0.45270081407885615	1.0442645678393494	0.5887489929607983	1.2856869758995264	1.0714007266958172	1.1028784165693293	-0.21365775540618695	-0.277195852043993	-0.7205072349697417	-0.7203989896730426	-0.4110599197886684	0.052521507759075554	-0.18291147671253416	0.7316062623977612	-0.9357069392471343	-0.527632145423566	-0.4366646474104618	-0.635016905564725	-0.2535317079577949	-0.2877699482157119	-0.37001300926914504	-0.5361319416194009
DTXSID2032502	10.596880443879307	2.2643366027509315	-8.243481104315796	-3.084604978425953	7.740672401751085	-1.3024626116929494	4.787884194153203	0.48507136186656846	3.5844779879682167	-0.8788937416034314	-2.679928719982299	-0.5084467799452903	1.301369404821189	2.944278104338419	0.6691534074609099	-0.6701426255214656	0.5083308977094563	0.5005347727747264	-0.7525032672554758	-1.1139505690057783	-0.19794301105507425	-1.034497586133363	-2.5436791735789934	0.4937249031161311	0.4766441109628684	-1.1979960613296217	0.9847072017217551	2.1176215079114256	-0.127362422612746	0.9275424885965572	-0.5105302723460495	-0.7504858300285698	1.7286730691268002	-0.5720079635244033	0.30709165182472353	-0.7918367751896928	-1.866054400135252	-1.9654564769555312	0.393518233746568	-1.5220043345525371	0.30902783288898744	1.4829353963668956	-0.9624571748434353	-0.24927382828561392	0.23210802774338438	0.09260162632372783	-0.18736772267430216	0.9884781345103152	-0.5530485260770747	-0.7458752303096589	0.02958325738977905	0.3428622649683649	0.5322512971773447	0.6923237280363194	1.1975753428431195	-1.5698863644083447	-0.1548938164335781	0.3294104001162196	1.2873232884115005	-0.4669835427270094	-1.0781878797527562	-1.5702338205319075	-1.4863785321102931	-0.6687279403249783	-0.17971481762578767	-0.6562660290357453	0.2631980854434219	0.8280515570419457	1.8011349232850882	0.2921905193352757	0.21827729150421382	-0.76943852057054	0.44955857530239907	1.108746385099298	-1.7598614403889696	-0.2881973368222874	-1.007575209897823	-0.10697591010741155	0.38670054435709217	-0.7677992670741677	0.775544009745326	2.332098623847051	-0.4856728768394745	-0.9714006164210912	0.3635528196080797	-0.2631801077590374	-0.7945622688118481	-0.36382502706613	1.108721584703067	0.4270241800352723	-1.0944496875873435	-0.38242466398111635	0.8421663925810751	-1.7177033515772404	-0.7040624991092176	-0.5877675626864683	-0.28067298082793585	0.10882926166284103	-0.9055564743746622	-0.8830068715075029
DTXSID1027188	-3.1940770129971874	-3.3198810092112825	0.13266976126709248	-1.5709804897238162	2.1383061382373474	-1.3027667595432257	-1.9382881601326765	0.23615607056269805	-0.07658218011809742	-1.8361820924193035	-0.4071956482491916	0.09018723196576081	-1.3544894480345284	1.056502494273699	-1.348849571788925	0.099021032429915	-0.7838124436170697	-0.9633286002100458	0.024047792554178982	0.2988210785482064	0.38456310276526445	0.6992788768252046	-0.4517555681753203	-1.4078767818409554	1.3949688768007096	-0.605176163689912	-1.2088868690223598	0.16727446078636382	-0.4315952214332758	-0.21682435103508022	-0.6875162022781008	-0.11963753302676279	0.517952623338373	-0.2878616663112929	0.403431575475782	-0.7772186128081777	-0.12397817809533171	-0.4300179847114616	0.305785034533295	0.06605689190168185	0.33854861042252843	0.30099286128907576	-0.40548974749170413	0.4086822743630336	-0.2432639235908588	0.08636711779998865	-0.05036119636605769	-0.14556817930256521	-0.04988425696436994	0.1315854389819161	0.170692578779452	-0.26618215805054773	0.25313756838475604	0.0012570433493987907	-0.03959374533491852	-0.23010890228816375	0.010681688277118594	0.12444159929037749	0.24277246984507359	0.014785573015746222	-0.19968945112228564	0.776355811840148	0.30102135983794237	0.4408754836212396	0.0383948383670153	-0.4271916078177228	-0.26410658328930453	-0.09987203635540091	-0.07981289579494423	0.33357311274535667	0.1395128874787291	0.9314151254579447	0.2833227333766418	0.4178996334370806	-1.819491595559064	-0.16960406245764487	-1.2147275151225065	-0.3702370597040258	0.55650638398566	-0.20483486926420535	0.2809650858380867	-0.4646421755863749	1.6612680045936552	-0.3200169230409545	-0.7907301489951346	0.025717615984585745	-0.1071325397334032	-0.8626043768883286	0.1620005661806212	0.18077514219847043	1.1721904542404156	-0.11941378546791946	-0.21550004983538945	-0.6297612470753489	-0.6031011096704164	-0.3333847775084343	-0.5977451978250675	0.016140578663656535	-0.5644447994980386	0.23792306017897769
DTXSID6047602	-2.5499807204908334	0.383542599826301	1.2119075739708225	0.43210767408450296	0.30222522632484805	-0.6258538945525495	-1.6748876368799381	-0.320346727474345	0.5339119689837049	-1.6788877248681435	0.022511072030499922	-0.1521829417854545	-1.2141920983309769	0.8619641161080457	-0.5460965118078663	0.2333280401772914	0.862752899959272	-0.23109955818115757	0.20956698357221323	-0.8597511463850112	0.04729910244184966	-0.3035025281538188	0.7793605713085371	0.11781004316575373	0.1242162427169019	0.32247846314867856	-0.5778543726699277	-0.49434411027946606	-0.17044524398428842	-0.3925821025509588	-1.1256700333817027	-0.11011695836181014	-0.7996147348703163	-0.08614717282892914	0.539501801092779	-0.17338883615518486	0.13622402827386648	0.2722578407229436	-0.24277175420124322	0.47358761673508815	-0.3097703386906326	0.2681035324750801	-0.010297661826172302	-0.004858117407823732	-0.5112740589906901	-0.3579390178941141	-0.12072893843092372	-0.7258414529409836	-0.10015510385841082	0.04233193179143627	0.13217647101659302	-0.024552918504292198	0.23889030090968164	-0.43331876635888283	-0.34413575689625275	-0.18770245262021037	-0.0470757082927313	-0.054572773397130674	0.22261574342092927	-0.13323335566491626	0.3102692791366156	0.3145913835301825	0.05429399151428271	0.42033294176691	0.42343797279715195	0.022960695446334962	0.05408243390969149	-0.6535121518069859	0.7212269053947914	0.025209617431027447	0.22609426531497478	-0.3848943287920426	0.6479941409291261	0.6414874877829159	-0.9328466726288086	0.15523488500770702	0.10801788122854022	0.8178731947454428	-0.00261669793490949	-0.1491271962468905	0.5703634226139164	-0.1654642725094916	0.08589777615669143	0.15387410435563906	0.010010376530543643	0.10085897498353527	-0.45567103168415907	-0.4206286128747155	-0.2060197689749916	0.015192772898528259	0.23358101118584854	-0.06089421210016952	0.49220033971424576	0.05785922977360296	-0.3887365702611194	-0.24452138800963252	0.5060744248936501	0.407200841769768	-0.051886110863999926	-0.13835686057139254
DTXSID7048580	9.557084983353072	-5.228571073318961	5.198834858673461	7.516781742594952	0.39200087512098886	3.443202684042102	2.8066985598566117	0.3290102808633548	2.1751493272617006	3.2669774764005397	-1.02717999360494	0.2365552906052143	0.8336582559076618	-0.7325911730043445	5.187950802063065	0.03880823935220352	2.255772709219935	-3.7316595159111405	3.4636706512804127	6.496572943170014	0.6919884381795931	-0.03830637965275935	-1.4119289105660977	1.5579147345064555	-1.019874531116927	1.7344324545026093	-2.8436432516946075	-1.3519800103809545	-1.5046258574196767	-0.17847092044012947	0.6043041306487117	-0.23134331924487223	-2.5024735908100486	-1.2509783953726077	2.052697705534861	0.32682035935941267	-0.22455487825263226	-0.17966892243828467	-1.2289609143862743	0.06682394803578454	1.813809746009576	1.031368372505033	-2.35852113813055	1.3018140236319615	1.2807106314765981	-1.7220554998024153	0.23569105092324993	-0.5572205199748331	0.7877717355619499	-0.5915196664451442	0.3332423838045181	-0.742159136909252	-0.7547656532713765	-0.21259555484061418	-0.7887805692840809	-1.6811143923507055	-2.327824059293836	1.213606139851411	1.0670908431717219	-0.23406468658702673	-1.1517483702202667	0.5119765208550784	-1.7022339051660507	-0.9810624680717549	-0.7955667606338516	-3.6122547725593406	-0.7820904969617444	-0.5979921749432863	-0.2857692955050617	-1.8216664731954255	1.3100694699553865	-0.9329495663170195	-1.1051444486036426	-1.5191419893977378	-1.1615498073520218	0.67433220079175	-1.2072380611501905	-1.9627516342063775	-0.8917379192284008	1.9721383160389832	0.010510032835432767	1.7761222276009725	0.821808553719573	2.638824286323196	0.22397294410105734	0.6346026255783225	0.38845502944649163	0.5805822773222369	-1.1113103328728444	-0.6696806176832145	-1.0283039955200102	-0.19615431183369195	2.5696953417301236	0.2525105851210154	2.4876946493795233	1.0909893321388513	0.95459543402307	-0.01875568646673592	-3.447181492609947	0.6209922905688469
DTXSID8044622	2.829943855216538	-2.209780885720027	0.8042856887973394	-4.029487662250749	0.06331562421552146	-2.2569956873153547	-1.4234321069625724	0.2325075736596563	-1.5387700256146246	-0.1896694246193283	-0.9489497441957518	-0.3365903009068623	-1.3456814237399448	-0.02823108457767245	-0.3261994409864356	1.0194795720966603	-0.06095778618044473	-1.0944711119482424	0.6163340987831902	-1.1489019397257296	-1.3263928022234797	-0.0593875525254479	1.611065972723856	0.6164235532176172	0.25616590891371105	1.13448355687594	0.03187036472886194	0.1812636098483356	0.6085941673363032	-0.9523399720798956	-1.1521209070287421	0.2734140819750292	0.2767317845618336	-0.1052681713178546	-0.1588280363831652	0.907800485867049	0.495097663046585	0.09999266578047618	-1.8002975847344473	-0.7495378934580075	1.0765796473317872	-0.8220135401050895	-0.14499657419644754	-0.07919949442689254	-0.012026560800257397	0.15697387249475456	-0.08475406568283946	-0.38918640767975715	0.1407962877206513	-0.3831846935912481	-0.11702395407996917	-0.4045543649655676	0.5138821966950682	-0.07619201014614001	-0.17777037212060257	0.14355786848806168	-0.3068075530582006	0.8406702151234626	0.04985048467094027	-0.09260370842541372	-1.0876755163388907	0.2378451628314343	0.6651437330678873	0.4206977294707587	-0.9618555236652884	-1.0316305423313048	-0.5550965582088981	0.2441659125757981	0.3132323678022613	0.7184597504051689	0.27615168529520423	-0.9340379106914328	1.739790846076842	-0.9948699648680024	0.15509474347222219	0.01800658608291049	0.17741435807846798	-1.0737199587257045	0.759896543194775	-0.3239810104826753	-0.09046349648806074	0.3879732330930702	-0.7090863629025355	-0.243006573024387	-1.854876697453495	-0.20975409134571624	0.8224707096304857	0.0908151428950349	-0.9026697590211828	0.5045694813819841	-0.3764880771399435	-0.217073246519673	-0.6189882269608767	-0.3787411648831134	-0.4541410156058575	0.04598997414076064	-0.053431440036691966	0.3112337293436893	-0.46738909027126596	0.16964694065000088
DTXSID4027604	3.9621422366411565	3.622285252469694	-1.3761888457473386	1.056621606729558	1.1589159508212448	-1.267164562155624	-4.246661161422085	-2.395114000480239	-2.287827463682381	-1.2409393023117379	-0.17927472032099598	-0.9387349930693555	4.564262396810739	0.9783738597333673	1.9739073120688064	-1.1468019776898832	-1.8903113836465382	0.5677112242298353	-1.818373705633369	1.1132714260646999	0.8907952593580437	0.5897703018373784	0.5023126429591768	-0.5809393775244575	1.0374189119290629	0.587446956833252	0.40500988200143434	0.18938350957642935	-0.25631384966602544	-0.10096211492184282	-0.03526417003823309	0.11753756181254454	-0.2239523292874765	-1.1818106318226855	-0.702835200033373	1.642840034497021	-1.602544845615478	0.378754175817858	-1.2636728877520558	-0.17387142973527148	0.8875173824990638	-0.4111736347215917	1.3551413260389447	-0.6364911124872467	0.13428987125240138	-0.2775600304088904	-0.41835997411566705	1.3781731855826385	-0.36846918056887834	-0.11919227159799145	0.08983961024777204	0.7031232403369492	0.570816091919622	0.5615231228650437	0.32209535209724544	0.009532152107566666	-0.14303300898210267	1.2771432119343582	0.6646982895641304	-0.27956875920469	0.9248861674009595	0.694558449744924	-1.056090731416386	0.20536977539423126	0.5101234724526263	-0.09058225724639103	0.6353155780286341	-0.01760583083300752	0.09750294301867904	0.43776244551813953	-1.088330464254451	-0.7560904041448421	0.7657981156798634	-0.35829039036710336	0.36221043571446426	0.6210448393873577	0.2535650197855721	-0.07159840271436214	0.49364644304028227	0.35904143486598267	-0.04790786574684153	-0.400111990497934	0.8576879305319901	-0.9430203198746389	0.12049275442037119	0.5997092395843225	1.0574048824757964	-0.39145881416809497	-0.6783096045450137	-0.8926413518840324	-0.05163378533394938	-0.9179906940500911	0.6253566066463845	0.5095803537455637	0.3346192011501769	-0.855638942958779	-0.24625770034040942	-0.06521530324573553	0.492264333832752	-0.07990326558864373
DTXSID6047789	-4.4781567245727585	-1.5180696411756955	-2.26796612052664	2.2260053497279024	0.29290836058271563	-0.6071513150002056	4.5938802893224535	-0.15499821901102914	-1.7244480634288837	0.3536858375316095	0.3393345775809462	-1.2218187853974123	0.6619256988830666	-0.12555715211119226	-1.192005852233894	0.9933401903594553	-1.6570891497023836	0.4667433290219345	2.838471613921857	-1.8099700540153139	1.6691294721654202	0.7072072388560099	1.336398540855319	0.5397885995935429	-0.6599461719332588	1.568701663022175	-0.16394494913193397	-0.5517852604135015	-0.5533736193852895	-0.2559160503270952	-0.21065483506456356	-0.021874875779207208	-0.014038883985956969	0.26635264533371167	-0.31236310126348	0.3105753928994118	0.20974247859745584	-0.5473390494600027	-0.5517743626556374	0.7544467609778227	1.2860386319300627	-0.5414262236837184	0.4517045672571395	0.2515789351733786	-0.8235575514027917	-0.8068923221768409	-0.18196032014932004	0.1666345667550116	-0.03638667421521304	-0.029993266677280337	-0.1771991493003326	-0.24763237057788776	0.0528165045414386	-0.2032055673298796	0.11152998554939339	-0.38388267696743683	0.8259396301429387	0.06585306812473063	-0.017876379499367177	-0.7294433767048578	0.07702705518235979	-0.06515403597814617	-0.25363910762786473	0.11917992464707056	-0.009878259851555313	0.16747862751430898	0.16519829551765491	0.5595393053087814	-0.49118866359093677	-0.38681623797456016	-0.14131222915919667	-0.02121191486851469	-0.2026206593302404	-0.06797778308184846	-0.17586944596356108	0.9785624188476605	0.26618625160586895	0.23457307388115073	0.6298956291596479	-0.28192224758912277	0.0883038493170261	-0.10636210316835482	-0.14120447562124547	0.4402328801527577	-0.48831890566098796	-0.1418320576608364	-0.2744998883092236	0.7701419487068931	0.4176737191352721	-0.332452684213031	0.08639668716892976	0.18959044058481925	0.12938765312650635	-0.14811086442031302	0.8394519036935658	-0.9898616506504465	0.03565492658380654	-0.01042535282202696	-0.4283122227616919	0.00432431675444449
DTXSID8029575	-1.7587455584095688	-2.800921956670062	2.7909495458199647	0.5489942502902436	-1.0749140896557603	-0.11645621913370013	0.24374601476140415	-0.5725967043067836	-0.007272111904101988	0.8385095341048853	-0.37772879119301017	0.2888609744099277	0.24464962738227022	0.6147220575679558	0.7284954301025589	-0.1612589316753642	0.3293043876758108	0.7228762494175673	0.292033718845563	-0.6974961649932437	0.26452977735308597	-0.34975776082370874	-0.9570029714576902	0.5114903015737196	-0.3122631843107891	-0.03485252302804502	-0.15594376660306744	0.3566332917598798	0.3767172724167974	-0.5173259334484742	0.5140518621857982	0.1113709906119055	-0.41490506418311307	-0.4471570982162914	-0.03321148062145795	0.5483970464006501	-0.08233813729337341	0.375140121383091	0.28566719132060386	0.29934840476744984	-0.0692575227740854	0.010917063873233024	0.10674279942891224	0.26069051873926813	-0.18033256077330448	0.13723032639373478	0.02154280405003192	0.009243856452149703	0.18410910705100694	0.17545332159635807	-0.0032220406436417057	0.05527953106681935	0.04617682807064222	-0.11949617522197602	-0.0908710551707476	-0.3428374102304703	-0.12524786753243256	-0.3112436065730105	-0.03874944919225246	0.2110708340087964	-0.04833575178662576	-0.1256638703106161	0.1711771395840869	-0.09276551651541588	-0.2588445803304617	-0.3728319089725298	0.6216243689737475	-0.2727419138902646	-0.39690576920581494	-0.36345053077656764	0.0399199203782908	-0.0010354319785051466	-0.5907142367491829	0.28871605414066187	-0.00967724998862751	0.6705539286265602	0.28431465204046147	0.582865351562597	-0.23912440615187253	0.21782833566942358	-0.047487472291886615	-0.014632279119313954	-0.08824765112355912	0.3045060070086621	0.12971172461980626	0.2188180670687857	-0.19783481432397065	0.15041904348802554	-0.1597109654405036	-0.05646835487259629	0.027093844577419854	-0.16481723072708027	-0.22300662590856501	0.4548427659833703	0.19046504286689714	0.22410075926887113	-0.3118579173176065	-0.38558981299766903	-0.42541500390397596	0.1231833313124476
DTXSID6045587	13.225279011055603	9.701663736819004	-3.3624389259000016	-0.32023380218842473	-0.7543951340257209	-3.0649501666151697	-8.181579804678561	-0.28551981143604277	-3.6816146325231114	-2.5712256916771783	3.462224095125756	-2.67672833221457	1.3627261977331695	0.9826832461638467	2.391499319505306	0.8027812407300915	1.3135272275332501	1.3380086782791085	2.77475219545216	0.04747265590900384	-1.669044257595562	-0.20031555494864112	-0.11152856059247335	2.3580261038576706	0.17666942519545795	0.6630962939946763	2.0666269270504696	-1.8329581341993486	0.23436227267829907	1.6474802477705797	0.07673522375491591	-2.033016063874824	-0.33911034383530747	1.2061344643379244	1.897754568424789	-0.866283082817678	2.3861727783947746	-1.433276341432786	-0.6584927626987607	-1.4686611171474826	0.0006675463114722606	-0.16575974618958664	-1.0032355666221457	-0.05398491206981515	0.4117036539939425	-0.2913328190045616	0.5727050539823869	-0.5137646818954713	-0.6153366141348535	0.25280074492062493	-0.2094280821086966	-0.7583396848107281	0.5677693183685772	-0.4948146689774339	-0.6561807468597952	1.003123311758849	-0.032019432534385404	-0.9587693572833248	-0.36638690672250845	1.4687620870565157	-3.2024897276534787	-1.1119020682291054	1.779593768394665	-0.8398214167380218	-0.4242271817516532	0.28024820206155876	-2.825039588427481	0.29735503712323036	-4.041274923231524	0.12701131373940017	1.2169356674754774	-0.8698612497222069	1.2618540232855933	-1.7401801789196676	0.8903001571051843	-0.29615910781107085	-1.695843540097894	-0.9792366789438824	0.0456053894385457	-0.662023680728633	-0.1440952532669366	0.03889706964708639	0.04727522852977095	-0.35062989673249284	-0.4743329672974713	0.1870154505686916	0.2735231049970665	-0.4713673929926564	-0.9804988930456092	0.28684395978796434	-1.2533813189019243	-0.08075953067062097	0.40091131490805837	-1.1228531867674583	0.12898062162964918	-1.1896047940042678	0.35682683337371734	0.301826554958568	0.03252042115105983	0.545179309109937
DTXSID9041607	-2.515595758872564	-0.8464667927343148	0.6373502513211495	2.4939402781677225	-0.4419353852551036	-1.296923022795153	3.6579253173226753	-0.1952577166170833	1.2287863211088452	-1.138827546619624	0.3944858962394526	-0.29316046652617667	0.4434231405928912	-0.6659338543890997	1.8180033008401457	-0.7059827572862628	-1.2514926886502928	-0.38585278409003565	-0.37886915505651836	2.463423641398339	0.7371224184851084	-0.8044586828296341	2.329374213976922	0.4545776180708439	0.8157560131129123	-1.1260545889284357	-1.087092957038773	-0.6383514113401095	1.0126251001192033	-0.1528257641739697	1.381170058638173	-1.6772630992897313	-1.196297058018658	-0.9489168802756364	0.21516770070337263	-0.21993948809262712	1.0754678918890437	0.02765525611672725	-1.1853875245645136	-0.4227057728884114	0.832798441608099	0.41058564137317927	0.36915001618060944	1.472017226537158	-0.6286373770890306	-0.014331112153855886	0.5142813661627335	-0.695988515940371	0.3749380911805898	0.27218080412447093	0.3345823167589917	-0.003918918824379392	-0.36652145322048546	0.10586961557764792	-0.0026678148880164084	-1.9794720181434777	0.5561446684549133	-0.458658453029761	-0.33313460841172066	0.45249170789028276	-0.23592799671545012	0.862786879544387	-0.8857426527232185	-0.043762734636837115	-0.8289110160255215	0.13019076200744054	0.7471751942065668	0.5640964860509519	0.3799234531869135	-1.0261479827007711	1.162211012250004	0.46418145350628076	0.2683071867494592	-1.242100901684963	-0.282288490047224	0.2706893110520163	0.43346348768952914	-0.30585459800254483	-1.767605990516247	-0.49677498013008503	1.028645130260559	-0.6168644449171865	-1.3340385829887091	1.628647262952938	1.296039617568354	-2.556609803370643	-0.24047657719654397	-1.433555519174548	0.4202325798296803	-0.4394620491116226	1.0765631584357114	-0.6678255037363021	0.8681062664181899	-0.3787388194596439	0.347476745081966	-0.026518699949940657	-0.3292227025239452	0.01895947496982718	0.34703536443817234	-0.09576493869865554
DTXSID3021803	-2.6563596786109342	-0.0653605255300277	1.4357067605533405	1.472433345460295	3.1050291656099045	0.5607802462097972	-2.840542052728918	-0.1844788332048102	-0.4291415314810388	-1.9078873061803625	0.5297205898561996	-0.42806187117779726	-1.611187005425562	0.9352851063059929	-2.8211583241560985	1.9381818317848722	-1.4412993681267496	-0.2219843398947218	-2.683576467084978	2.2509285127422705	0.7102102565098546	-0.27039024353528346	0.9019828947968478	-0.5734651936463365	0.010822381997967314	1.4542262965442287	1.991006324021205	-1.2679062689675982	-0.27117622911826395	0.9956614379481075	1.1805951523352545	1.02918982016006	0.2857746554644179	0.5018764562383174	1.0360592147642782	1.0493987717418316	0.3810494369238357	0.7031787161973212	-0.31674329622765435	-0.10606019261382221	0.5177616463043171	-0.20255664483080188	-0.5505677420734879	-2.0420953547298177	-0.50637593160952	0.47200833481343624	-0.1658966461024515	0.8999674380199688	-0.5951323138788961	0.19306286125907368	-0.20306980586716816	0.75155893952725	-0.34644862655359715	0.227811705964242	0.440989044997163	0.012118067180119277	1.149104640357305	0.48636719371370307	-0.8781947919168461	-0.4615314502415422	0.014038069143923651	-0.7199264776008053	-0.07622611998467345	-0.6610963556719338	-0.001619315695207422	0.5539040389577475	0.5460215947515852	-0.11097309915429747	0.16317841016306348	-0.3733890165172389	-0.8501827059845054	-0.23277866545843504	0.14057379473745898	-0.3365059552657026	-0.03518008709638615	-0.13279043751568786	-0.1270351815343794	-0.2376580106852713	-0.10210137637048221	-0.7047668385407466	-0.8919650071465322	0.5204001443092665	-0.7877049064646487	0.5712026746173167	0.6971194658511609	0.013270561391399077	-0.4148623591766198	-0.38332831808199447	0.12389758331037626	-0.1071905461505481	-0.7539700437142315	-0.44868069949051503	-0.033369501090408996	-0.040608952192043565	-0.12141031168015518	-0.51105337860094	0.1421228824099447	-0.27692986837072964	0.12837891024096482	0.05574173815465735
DTXSID5023615	0.9554915276095399	2.0574885943789756	-4.193775538885907	0.8215470647061899	0.9240803903848728	-0.17789453584101686	3.9925779588831367	-0.8837463997040379	0.06119880556709093	3.0820721959191264	-0.4303191940656106	-0.23471070793310445	-0.7312173110011213	0.5667902877058477	-0.8114324353387007	-2.6074069326538853	1.24557803821613	0.5371410300187021	-1.4954660639676018	0.03714644649828438	1.4038699671444883	-0.4008579049736072	-0.7131269335280864	-0.2597131874155329	1.5319911736357639	0.5627687326440638	0.5280400916315753	0.6668452773707841	-0.350760571159826	0.18321360437409961	-0.3189891791746101	0.14907095296285533	0.9788360514323918	-0.6023361578615811	0.4061160461909799	0.18238115462843954	-0.7054043823401577	-0.16860003676205484	-0.4990432786272761	-0.1068887017018107	0.9852720358979489	1.1717628371133149	-0.0332929825812253	-0.11725831773841024	0.2813035915655324	0.15586187145498023	-0.3006176980668168	-0.14526114528278986	-0.4789499441637775	-1.100994108063046	-0.28363468269746855	-0.49597522325486854	0.27915886821426833	0.31665294478003564	-0.8217393393193345	-0.7498258801374487	-0.12434020654935697	-0.13560533193345062	-0.14375320157194038	-0.913908703299739	-0.48622111966648657	-0.3542757456331328	-0.09237740916849503	0.778393470494134	0.22266911160310188	-0.6479704982632861	-0.47425661820415416	0.8328985274947376	0.29791877231672603	-0.6525998748742963	0.12625420365627446	0.1950092093766557	-0.2796327470478275	-0.20009398026083053	-0.2959848709177138	0.21816882876534252	0.14437744722072468	1.7733877525093429	0.4953759123184445	-0.013503646049432782	-0.6277833482915861	0.6561552958827986	-1.1388811232049165	-0.16481913431378278	0.4653033790260211	-0.47192244334169725	0.06972220748699393	-0.29822562100240435	-0.10201155325272301	0.8131870048216392	0.32168422620187054	0.5516325802985699	-0.3717885258823507	-0.8125353588608186	-0.7384588499736774	-0.1502233978814368	0.5123027991761625	0.20920908619531337	0.10017041152818543	-0.1896186409733108
DTXSID4021395	3.81422219940774	0.6775336726198645	-3.025523008969027	-2.543193269348746	4.335816579867968	2.014617142132512	-0.2291384293193688	-2.6145140164240974	0.9892551980275789	1.0473668942727141	1.2495679049864294	10.003042518881797	-0.2762811933513113	0.46458723694458465	1.2032943818059725	0.04029475540631819	-2.2686686867002446	0.9133865189400399	0.39350909159649977	-0.8091519669655161	-0.4013807922847257	0.23563299584337893	-0.6440438694037198	-0.2388478281758484	0.5833163636673211	-0.13243579793678678	0.3434663154049455	-0.9463179372133699	0.4660442580638291	0.15418924300350964	-0.017372526079349106	-0.286286138790436	-0.15048245366793575	0.057639311806487785	-0.44825176413636314	1.0356207741262948	0.4584318244645029	0.16279880552073964	-0.6858558279105879	0.17448984637753118	0.11477922394894392	-0.013775902912312185	-0.37381037668448014	-0.5679073706557287	0.1471373390292125	0.2016322140104853	0.33405254016174624	0.08829917458905631	0.13888699352652398	-0.20501593366806592	-0.21630705722789553	-0.07626579517399563	-0.17540732477479412	-0.2215397218784991	-0.08157434495155201	0.23005303878827274	-0.705231828916399	0.26396910994317585	-0.49281741517012806	0.43687372399565366	-0.3685964948039521	-0.3714463000224368	0.5191752518561326	0.17883894114475132	-0.24698931840356045	-0.6801256603338914	-0.3683162264414166	-0.06345510815325557	0.3391918494631905	1.0924948587657681	-0.4654209744470056	0.26033765806240283	0.5293864314116759	-0.37350915486684805	0.2781295639419846	0.3498042789345567	0.21894624878524438	1.1173452631894487	0.6862727094911916	1.0138202405523355	1.1266066692088155	-0.2491317239248102	-0.8761113343809833	-2.0703207932012315	0.8018144729169241	-0.8838990639701106	-1.7577190383368424	1.5493122986055214	-2.6867141543064936	-2.173310914265044	1.2563885076513739	-1.0029430692132433	-0.02029862101796758	-0.4452858343107612	-0.37159255115641704	1.6325148144751116	0.02166586293045105	0.003769285469280319	-0.11096409635137604	0.8928294516193629
DTXSID5045675	0.6048632197535224	-4.625129344185678	-1.8572307445554208	0.44442686647001767	1.3156487792484814	-0.7305957543989297	-0.5912848205853859	0.7339728327891495	-1.2079900711596396	0.5356951839557067	1.8394836333690856	-1.1286504595632016	1.4346088873862028	-0.6987536317217874	2.8940712020774266	-1.0927138123057774	0.008651138460426864	0.4906142193211661	0.7150256144412895	1.6408022247125889	2.5720520530891466	-0.2610224710785713	1.383630346383868	0.2710512307107487	0.22885010421032168	0.5246235940756657	-1.3733308813085197	-0.9047063738336862	-0.11502770610078497	0.28663651666350687	0.06606628073290459	-0.10545580880566806	-0.7426004151465466	-0.23529162160898326	0.6087984642773526	-0.06972464892881358	2.0639448390231743	-0.04330033289201863	0.1773302229007621	-0.5581445230204052	-0.25883837772767937	0.5430008581495861	-0.8212322063921793	0.5405843097072891	-0.07650154836266654	0.13643337493758276	0.6886881115707462	-0.6455513052190526	0.0017818742120096725	0.01659674615886138	0.13196102721570033	0.3094533905111781	-0.4489969036161936	0.09601698091878275	0.2666189090832722	-1.179358716560685	0.2641921733337275	-0.7282527887052519	-0.7891402856505431	1.3894635780106548	-0.20494173118732698	1.1209802719320234	-0.31818330774445464	0.5430166662792374	-0.8623299745734442	-0.4560606202524333	0.4089255084576959	0.21552062845665612	0.023333932740087254	-0.6941735474159869	1.4336074132745873	0.7744908793681858	-0.11662991787026417	-1.6411507919905657	-0.4681874413509886	-0.1203461654312143	-0.32611975184591346	-0.371165534255059	-1.5316732400912607	-0.52939995827936	1.2539495485117607	-0.47076541115548015	-1.7240891351843757	1.4746373025500614	2.009135356996319	-2.802328465086227	-0.6284374116062051	-0.7352605726110224	0.311193423804268	0.645380057532087	1.2311832437092616	-0.4814907627384972	1.3899602913045934	-0.45244029677237857	0.7697120429265265	-0.14554240291951295	0.04483683043420559	0.7873643677453604	0.5883812127677053	-0.6869660079768607
DTXSID8023422	13.756560876143695	-4.322807361000663	6.23709471991585	4.999616107408004	6.312787830272767	5.082245562720264	-1.2957779540449548	-1.670765727837697	-2.021780277350971	0.11804221820140876	0.5019821253342959	-0.833654481024963	-1.3678773120854637	2.01111117241338	-2.3417884745058655	2.485570594197834	-1.4754303407987568	0.8530626237714012	-2.887280646259488	0.7452648023803324	0.06900113394588418	-0.5668932810596179	-0.30157923887088794	0.8116253644916066	-1.4092747162890584	-0.21048409229082102	1.606406900721887	0.5614337383541073	-0.7113986943655894	0.7723888340698565	-0.010098075003648873	-0.044792351264536845	0.5148576418696443	-0.24546748158899537	-1.721429358305871	-0.7990037418443234	-1.5804269011096777	-0.3332790252891433	-0.5069181996974075	-1.48185561657049	-0.44501019450586193	-0.11040062145904532	0.6410266937881643	1.245444523703516	-0.41286041730536704	-0.7217013501727492	0.7155453529414929	-1.5290479924595797	-0.06233734870718743	-0.19892698930975347	0.07392998593798251	-0.9606556596168732	0.5926473075800978	-0.23494974464927862	-0.5474813035529262	0.31828104484242353	-1.1526761187498076	-0.6046421014606033	1.123058870259072	0.6653017818284971	1.6760868135973335	1.3842032846142125	-0.19863720720097056	1.9142351748515218	0.30716385946839675	0.21307896072198998	-1.4170389461666524	1.2787895081220286	-0.2508593608101394	1.4314599529713368	1.7328355758374008	1.1343202198057085	-0.022474890127430668	0.7047758309715907	-0.5292540409487855	0.5157077350807634	-0.24979845894069921	-0.6124001075866439	0.07052347358243165	-0.3337336983589956	-1.0407615747463055	0.1727383759600639	0.25958684550398775	0.5372607465264295	-0.20053343214557434	0.08718727543253958	-0.9477500836893432	-0.2559204942464823	-0.30170832552088445	-0.1714533638122371	0.5344745027787332	0.07796788988754068	0.6262250430555447	0.31050949127283534	-0.2659442080938223	-0.6503459041898402	0.33374841818050766	0.5239371631231396	-0.15048470980619266	-0.5562807711052035
DTXSID0041983	7.996759670500358	2.70522153770069	-3.7050890152616534	-2.7285704875238252	3.1826846651731464	1.8867989219955086	-2.475419904991737	-1.0366053478383006	-0.4630853934424206	-3.1764508000549387	-0.5125420722640524	5.2189629669614535	-0.4771603905276358	3.056727792048604	-0.49661783223319156	-0.7304958779579239	-0.1567098757059445	-0.9476733017994318	1.8477665483486678	-1.1834910543259742	-0.046286600927541534	-0.10357353194204373	0.4611248416998961	0.7608436327610789	-0.17284132317391773	-0.8437785818412518	-0.4415003139187068	-0.06289848305240059	-0.0787239493437623	-0.22368258625003995	-1.425207041231844	-0.54783471204037	0.8270059601218193	-0.09862761733500647	0.3844567845868328	-1.2723327357469496	1.2118018463577154	-0.4117682927794226	0.4856202040888518	-1.0446548572500467	0.008248262431530165	-0.09573783786241215	0.4191795317798742	-0.8036319725943432	-0.12936093065623291	-0.1983834227103775	-0.4744946810318096	0.7178934412474156	-0.2244197169000602	0.3481935617564714	-0.07322492318572772	0.2729107328609491	0.3940981026640238	-0.44307951935065054	0.38922316995311207	0.5532538214891528	0.6427322973634566	-0.37496135846449635	0.6051335251293422	0.7359218217348313	-0.41389276244224577	0.2517800387275649	-0.17313642439942614	-0.806318242033275	0.30908459953075057	0.062489829600517514	0.9811627491405226	-0.2723118389157254	-0.20432272295527654	0.0527737923921402	1.252003435592064	-0.23798983240131574	-0.4116392971758357	0.0914801265096597	-3.145209258005933	0.08532042994030155	-1.1931139432639146	0.4179240733496904	0.1234460656180388	0.6741514842468835	-0.19192263248951985	1.0303521800431998	0.475310783428515	-0.5309250120907149	-0.24493306993907973	-0.6153264991569556	-0.19499208738049187	0.5803784515777828	-1.1062963644591823	-1.8478068672141197	0.07412973568644102	-1.2171663827869883	-0.4336772902456092	-0.4907412330876879	-0.5085524724581422	0.3771809763523954	-1.178122252643651	-0.5323835263630262	-0.35935275719297627	0.04668392817540947
DTXSID0046064	-4.547074810859118	-3.813542653725232	-0.7002650799005266	0.2183167786800153	0.876085146620044	-0.5552140108480561	-1.7740683373311408	-0.5597697038787616	-1.6134832655985913	1.4516746383691284	2.317729854196941	-1.4497680461436067	1.350621317242336	0.14942994428679104	0.7952622888417309	-1.2810240085234061	0.9029455154646785	0.43843298049304136	0.39376682504364036	0.01991622903615835	-0.10811655442139499	0.16134971185077046	0.2378898903933354	-0.13856995466292543	-0.01960100898236928	0.08071271849598777	-0.272300671418893	-0.7069450641838342	-0.32708048889148533	0.15803318249511958	-0.1165088800779774	0.4275436063339309	0.1747093311539287	0.760801313529599	0.01991782232371917	-0.5512268969498282	0.5107838701865903	-0.16542772725688795	0.17009745054824293	0.40414449224053844	-0.3018337936921295	-0.1596652319815604	-0.8353314198363291	-0.22715140553643692	-0.6014113145546012	0.07446253801857357	0.13287293141377762	-0.5519886328359073	0.06061083556004044	-0.0866492750856792	-0.039706389880186675	-0.2743590427159977	-0.2305059330023378	-0.19203811063417306	0.013759456154334862	0.12172384043374473	0.2206403980490865	-0.4230810795149716	-0.553566540787112	-0.019439113153666386	-0.11589681959982283	-0.16734961480640928	0.5520839350832273	0.06036829464844775	-0.1664481518889326	0.11069667240186169	-0.8804403276175324	-0.16487566529307685	-0.5576811224541317	-0.14707795099656293	0.5223617595517831	0.12274908684379345	0.34775781450508	-0.3141296177569475	-0.32524115970972767	-0.34555972220754355	0.07693808460411154	-0.33747814390733877	0.4996841944613142	-0.7538656851143495	-0.05268855734705027	-0.3057121637295311	-0.210227724247622	0.0583214987756051	-0.12414902941165233	-0.0010306930611514793	-0.6145305278678602	-0.34461395926022825	-0.06055067838773385	-0.24093153584896632	-0.2698756135259979	0.0993134037517772	0.7564550018224646	0.5022851414353492	0.21377327438027194	-0.1673335665759887	0.21904293805749347	0.21278107471820268	0.4251276536576628	-0.5632852914444253
DTXSID5047825	44.72886802847677	-0.9121072909437329	-6.845125721993062	5.0886625442871605	4.903115219816445	-7.210544191025763	-1.4820605025980162	3.545430540824248	-7.475505756606954	-4.983670734185585	12.626877191668271	-2.7737952311427936	3.7961941848432708	4.620823702014349	4.574680310018575	-0.3141770442632968	-3.4600964934977068	2.108846098106545	3.2556894172279844	-1.9324712811779086	2.3775354973756273	1.871857012013602	-1.6268123238098287	-0.1861327084400679	1.9802232350759732	-1.1808277191397247	-0.07104816208041333	1.1367531491786091	-3.146297576300357	2.9253963680490522	-2.4209270207980578	-0.5270834626597114	2.3643964688135504	2.505883364903642	-2.323064895448314	-3.8863765383147326	-0.7414802167775439	-2.6744202043737744	2.878779583650698	2.729948990341101	-3.9413482008676346	0.8323106036192347	-0.9498752431385816	4.0179969470156225	-2.6625616479808327	-1.6508918377500024	0.722495179568732	-1.5814282979942884	-0.5342437487977733	-1.3980174263149026	0.614717931140797	-0.8855772128461852	0.5400990670051485	1.0091423949546918	2.534587163611233	-1.1156783348492787	1.4892717884199742	-0.6255341804676497	0.3952924969212216	-1.7062759817727995	0.6833718940919031	-1.268746844010053	-0.8744001554113432	3.531924136589468	1.062491048000867	2.7899015585438955	-1.072148122157846	1.9333647664677593	1.5722096557761327	6.578513515656303	2.7636009375927095	2.8479172804339776	3.0892868048952327	-3.081549933850728	0.12624911495081426	0.9524431944648963	-2.3009770871713267	-3.8638906607828343	-1.1996208740944572	1.7499529397182665	-1.170978450410364	1.0196805795738102	2.041939254299999	-0.09619075459631256	1.7382882885956292	-0.6089764924355136	0.8415380943246801	2.1485423237441132	-1.3549060136402031	3.2942183357760553	-0.5498620990889983	4.658806812989704	1.2613734109410504	-0.00953225146478194	0.8354844642218742	0.10062840324264717	-3.5053984405917338	-2.0734739375123343	-1.3604203614864363	2.7245494142561624
DTXSID3023554	20.855135671805712	3.7780340917197193	-0.6667858951418728	4.018494263113321	-0.9819988006703569	-4.130159303072621	2.2207397846785186	1.4573243473045205	-3.4904915534603043	-5.66600759260154	-3.2921291247855446	1.4787347040652337	-1.383512123035584	7.980027955272792	1.6315750334981152	0.2151658990635621	-4.805236911488303	-0.4615953401529492	8.357035769170354	0.6469013536953727	3.8862739104883333	-0.009949088357964604	-5.838576736525163	3.096155735134915	-1.1100098338931974	-2.117590032119699	0.8945823314618644	1.7569293658279355	-1.248612164126946	3.615942848215349	1.1683171626248285	-2.624434462698676	4.9702548502855555	2.88606757082848	0.7512170226724557	-0.4201546977836668	1.6544410489902828	-4.626927616364355	3.5914792117957592	-0.045034325458722636	-1.2636931130737277	0.9596833346834571	-0.18603520148447714	3.656332576147866	-3.5209426564528004	-1.3537508788499757	-0.4167742893944904	-1.943318472315704	-0.8251655502594681	-2.644961790494039	0.9338325183141222	-0.4277361241312633	-2.2364577806841583	0.872456165972792	3.8997404852321544	-4.642025188759984	0.43722062753747903	0.4572054236166244	2.989107906474172	-1.6277307349738164	0.2948587438831676	4.7293105102104835	-3.211332812781185	-6.077656484245046	-0.892243955642086	0.7378418412289244	1.6679648181974815	1.4891845641234487	2.139570628886061	-1.2196155535488675	0.33269346668983324	-1.0794239607997664	0.5606533128845622	-2.1718511192910444	1.0633209706591997	-1.879770940923483	-0.3502822022840144	-4.468345668845755	-1.7083300730557969	-0.7227530107884393	2.077686796543658	-0.12642650347354362	0.26594184645141383	0.48252926986875866	1.0245927962770098	-3.1771013750915147	0.4454605930132584	-0.6417703146849415	-0.8210669837823118	0.4028798175059271	0.03940647467559567	-0.1718157650930826	1.199598467253377	-0.43131663943509235	0.2157927242725937	-1.1935193992650344	-1.2493144863634262	-0.09004770086961017	0.4034401412685198	0.0566411448166755
DTXSID6047109	-2.3723602799972556	0.34622650314682396	0.8720701495415408	-0.18746369867642623	-1.8714888315439304	-0.9867230291741337	-1.1760258115522566	0.22426871834275589	0.6740867576499459	-1.225865429005891	0.15592459108218068	0.14244120587544076	-1.150029762498061	1.8575058045276558	0.2968526160755255	0.6281668562227224	-0.3831970621339799	0.501915897985226	0.4673687574994552	-0.6179997201059481	0.100046319592045	-0.5649861949573062	-1.337948278986588	0.4009219989319895	0.27440838934075806	-0.7374504611135294	1.7291846897476848	0.2429875414905207	0.029046780135474796	0.748583421721947	0.40480206098692423	-0.3299943016958693	1.2841562629130543	1.05088345237263	-0.30096682802707636	-0.058399634396071425	-0.745272099313797	-0.9323873414496451	0.37018470653775215	0.14790491529685526	-0.4802276031354804	0.4938008616469825	-0.345264955888895	1.172941197502775	-1.5431261087960497	-0.12050404014000288	0.26999889025681106	-1.2993276933447895	-0.3134748118544341	-1.0999984140344392	0.3077890391761938	-0.1775726010282541	-0.5622538353247885	0.24363061879936485	0.977055762685602	-1.7640809522934633	-0.10035650932312176	0.5838704322552544	0.20313849498175995	-1.3273879233151318	0.41106873218448436	0.8867757247762137	-0.7551847067030479	-1.3498674416020104	-0.23396505495899167	0.4424465506400583	-0.1860026817603118	0.4275122337832774	1.3938969193097066	-0.5936131411548983	-0.9046430489403174	-0.8243354679142973	2.0578699422847846	-0.8435524269188803	0.6798581753295198	-0.27865555867310954	0.9796977173210719	-1.4159134707977643	0.0982070742605155	0.5776430367221463	0.8929990903146543	-0.7718570386981736	0.9059147701858657	-0.5181201095290028	-0.17200340823384036	-0.039931736242404765	0.13965570028600185	0.5866242302226203	-0.2779356380832286	0.48994928171543495	-0.22125282056937684	-0.013231245078357167	0.6402079561383214	0.14272011818989813	0.16903852178445988	0.10461693322629181	0.3654846633943987	-0.01031477128308031	0.11415908148870701	0.22837090357551362
DTXSID3045225	0.8681177450505192	-4.163942500051346	-4.14537247539485	-5.651369494759917	0.600085362871253	3.04775309774388	-1.4935029008948766	0.13121646878457524	-3.2907595279697346	1.5822152040336428	-2.4529328788825313	-3.328795922151549	-3.995019031000443	-4.210300851504678	0.5776875308176261	0.9927876606574849	-0.2551007839892487	-1.1770060714406934	0.7593818673665989	-0.27499963824559465	0.014527740288049632	-0.18239516982147105	1.1521482552652351	-1.2375026153997029	-0.462381476494885	-0.32271778115208205	1.4931721568000291	-1.3936441485382036	0.4386133833723649	0.10693968720740378	0.008716737915987746	-0.7150731818290793	0.5017158231035663	0.1475529003253112	0.9045004103963074	-0.4063655553275006	0.2827417395016389	0.57605308191179	-0.5519109132522595	-0.902842652032272	0.29749624888504167	-0.08500679899185047	0.3336348627645416	-0.0517641140062209	0.4993895040615938	0.5693428689764245	-0.14205270338915693	0.029773724389189536	0.4786484404729221	0.27871192120816485	0.43981622262203107	0.1525562473224018	0.517709808949645	0.24180473028029467	0.01765111523101646	0.6497642410424969	0.43361305797709127	0.21784326537742255	0.36962706198569023	0.6652782808077877	-1.4075988828234487	0.22839744094175296	0.5090768252932921	-0.8782072812118731	-0.07026019620349776	-0.17008589552184258	-1.4065772953977935	0.8336167048830514	0.6121943695834579	0.978502049961768	0.09285384735495836	-0.8178360857246181	1.3364985145340103	-1.1669035098579041	0.14587032657664006	-0.3891153306761419	-0.5029642545613487	-0.2713029291461837	-0.26796012422200965	1.688664726446471	1.6488717633529186	-0.5614003996433272	0.43332752883362197	-0.7154954235819055	0.435802095853397	1.073060201238954	1.3085632194474337	0.7197925408994447	0.3902617157642971	0.6599485360815814	0.06797380771830781	0.6068446779116617	1.7015681824736006	-0.5886411794649508	1.2562526929063111	1.4108266598986112	0.026510662128097336	0.48215930580851235	0.8049272870094296	0.30237875259981584
DTXSID6021248	9.321981637447886	2.7649171947970115	-0.036086375398248154	4.495187491089718	-2.5192659205915695	-0.07045995248018631	-2.4222921857811825	-0.19341935552254244	-1.6904680502491158	-4.5231795438438285	-3.6884158984888895	0.5688876656239595	-0.25695694750135667	5.909214533225256	0.5414160613886109	0.01688255760807247	-0.6019484080661198	0.5308228476338167	2.5898285197528	1.930424945635659	0.08364845381388422	-0.8881695040644657	-2.538313309624063	2.1923326110628274	0.4494695861676909	-0.8503874856718856	4.104833300065718	-0.7771663741656539	0.0130324986358834	2.903264194542998	2.1363249673191778	-2.215486651620136	3.254569930901079	2.080723240184282	1.5120025699048871	-0.7511927735241893	2.159377219201431	-1.5755162635098134	1.8359433643988912	-0.7122276509376446	-0.16954868716011745	-0.26781720006929693	0.10890626166913517	-1.5988065191030767	-1.4469129332580737	0.2431494522931944	-0.6211525794414519	0.5912877854311197	-0.6284466706466124	-0.7788839634468574	0.15660226790061907	0.33686274447443604	-0.8750932439083032	0.4849939209165341	2.107884025963072	-0.3601859441475202	0.989804101114513	-0.3002438913478746	1.6563523286164243	0.411960680919308	-0.8893443658044283	0.9653858648067324	-0.8878051715579963	-3.5589574912944446	0.028643498919076815	1.8409183575799306	0.39857639325141553	-0.12086970527939132	-1.220623192953823	0.4984661848940995	1.3822850695670141	-2.303007254683851	-0.80277606452269	-0.7180059799840572	1.09946862080401	0.8367742350166145	-0.8021277848169954	1.135700373358494	-0.28007072633923474	-1.0340663478928178	0.6629872101781125	-0.28948711954900974	0.01633212480202839	0.7081938176233187	0.41971217842922703	-0.27890317587224434	0.9178164888879881	1.3738111333605072	-0.0957467114224508	-0.538264652198016	-0.00475088565071578	-0.2780402831220162	-0.5957436433467358	-0.3757338288580638	-1.7389137636899543	0.10610218569844676	-1.3109555977986267	0.2015633309078731	3.5348618969740073	0.1428209414068666
DTXSID5040679	1.5637980185109837	5.32385951719158	-0.26287050856728783	2.4094804406626227	-1.7946426701789768	-0.31987534421142566	-0.8264640317806294	-1.3789557523977547	-0.07604961435334272	-2.344988718365739	-0.2781253228166148	-0.1466368184912172	-0.3543665333668277	0.8274280876122837	-0.5221062311003873	0.4111332869833019	0.4979297366143394	0.30858505982830825	0.9792734811116042	0.09354581930992392	-0.3211541717929119	-1.0338687504707937	-0.6935436878558491	0.9023850284838186	-0.5986222528378491	0.4564916545053038	-0.05515350371538339	0.14462458070907902	0.26613486598940755	-0.101674503068576	0.9604208392025786	-0.7460778628184317	-0.2746805274577918	0.7678452906203208	0.2583274315942404	-0.6504089831818172	2.1326043365601555	0.796680914084114	0.3388354944445489	0.004714798675669554	-0.16611668321487819	0.0851466809177281	-0.1074650092495292	-0.2362746428290081	-0.30152309720493004	0.6092838399166234	-0.30720652556790273	-0.3615453060885439	0.3271735798625198	0.004850700965196575	0.3067607555511985	0.019393140608011984	-0.35805652738734944	-0.05864653175175461	0.07265928089231305	0.205711312390889	0.42170496679193614	-0.2122440531242784	0.4642549241641392	0.28841852063912454	0.04034768109255648	0.6331381996932656	0.013593071419593235	-0.5696350656664896	-0.40178334171398417	-0.04169851854910486	-0.33539237956057805	-0.8938571085108642	-0.2990006955462612	1.6861869265747602	1.3008246729290787	-1.3187332641564204	-0.09249423359761076	0.3317398249151449	1.2215147615531659	0.14627901647405245	-0.49942729358826393	1.3578096405776292	0.3635252650942608	-0.9811333450718744	0.23845229551747754	0.32848957598739476	-0.724480849353199	0.04450578993687382	0.04443773977244082	0.1111649403963153	0.25514275710596546	-0.6502416163434562	-0.5016945170572181	-0.42851845564472246	0.8857113785396087	-0.5503360055564123	-0.21382782727677707	0.4458934809569579	-0.21830514682644586	0.4179924072997584	0.3178133970018971	0.44918328133613544	-0.11624493061288631	-0.17556366777695254
DTXSID5044023	11.234087404511303	-1.820445542365591	11.355687781990838	3.675019390841312	-0.7144336040704248	2.0222735606347855	2.384227652293556	-2.5729660193301487	-0.02723238594870039	4.263633601505468	-0.21501111735480768	-0.06566674369425708	1.3717038341269003	-1.6190374329978012	1.425486743078779	-0.7800760191323982	1.1060155728155627	0.886185673091122	1.256738388396651	-1.9219361628574743	-0.5175740890654936	-0.2925477443043626	-1.277621242357993	0.8984833564089433	-1.2207786799567864	-0.7344621892074036	-1.578436163719329	0.6582170684798889	0.5553318775152933	-0.8021547258858485	-0.504130168158943	-0.7276893558526804	-0.8794421278143414	-0.5094434352699938	-0.38917518907682547	0.8291479731960193	-0.32606420645364903	0.29901679568968115	0.20319467856329157	0.3817277747948289	-0.30211717131106147	0.31205964117698626	0.1741123710518387	0.3590586668560123	0.04170763705665528	-0.15206499736615936	-0.6642821801849694	-0.2366856946673543	0.3864018190941887	-0.04991906591407886	-0.017657165809271794	-0.19667714638952066	-0.10530747310881386	-0.10674988999826522	-0.6719119018064161	-0.12398224469919171	-0.14361942395621446	-0.2790691408226901	0.45475068986752315	0.5077701759982189	-0.26140727165246674	-0.12720254516090573	0.1725207848427037	-1.5887074000453838	0.01630933785431204	-0.11036018356144289	0.15997609438529528	-0.14167865288777595	-0.45117026559399603	-1.355517752535301	0.15348730569194893	-0.42588276030963945	-0.9093259117059415	0.629317464825579	-0.12683298043711055	-0.9412251910970052	0.876699005602922	-0.2895431504043879	0.08160755169375006	-0.6569125155807461	-0.1846659983374946	-0.6681021591442432	-0.6773636349483789	-0.6141079200769822	0.07124773677435238	0.6196871210205986	0.131473259479508	-0.17128430886914386	-0.4204127293130477	-0.14582612012325322	-0.9976597395563263	-0.7629024847508938	-0.014934278292359167	0.15645663160507947	0.15774734145157804	-0.2547286294879628	-0.5717032057595782	-0.3844297494849102	-0.16355195999941596	-0.3612303744307279
DTXSID3046459	4.970935295984846	0.6000501717641761	0.942978653877746	0.683439039227996	1.6971494132825635	-0.6021942820751122	-2.291826527950525	0.5133655482487023	-3.2766838602419255	1.2564927560172907	1.42552603776043	-1.192795670738062	0.8690424216754512	1.6491455509605986	0.9659624004910788	-1.6392012942297591	0.723533255482351	-0.16676720073398024	1.8184945706250226	-0.23237757314420185	-0.5905861336504367	0.3097267690439513	0.23470101404572274	0.5087768358903761	0.48588807406952805	0.5152667188577726	-0.7668605637436321	-0.35159193798373956	-0.062405317770721704	-0.35139417626265035	-0.9750216281830301	0.010352082929238199	0.45196635095195015	0.5842203845270303	1.502201074584677	0.12563635064657602	1.1163732728829605	-0.23731914939589496	0.4259291915183555	0.6037210230401934	0.1715222983590282	-0.4503514506482413	-0.38201669066460286	0.1813256936450838	-0.9407247637632544	0.2070821984465388	0.18916187618067973	-0.09623474207597943	0.0965231714856821	0.12586830431690982	-0.15070908602938451	-0.10933101549665991	0.2123020863132527	-0.504021063091748	0.22482960107174663	0.20752048493907624	-0.30523469089170235	-0.6143292400579625	-0.5748676486983121	-0.30093030641706586	-0.7998209587870342	0.09440423649313083	0.5051450993816453	-0.11033737404023895	-0.06036190066472186	-0.698407299682332	-0.2756159106389713	0.4102402094112779	-1.5474486718223073	-1.0205588105146848	1.0835566945481165	-0.20086818314811253	-1.2048225851741614	-0.2879520848117645	-0.8641292618752286	0.5095731280487786	-0.09110475751335154	0.0388556957442634	0.5276049408329558	-0.47247393769857077	-0.46559012178291515	0.08872656159369628	-0.5605066904882692	0.5218324903882766	-0.6119250067022833	-0.024519883534072143	0.3883518732925559	0.8712769344673977	0.08086179815761009	-0.4317235793775621	0.7792127628628754	0.33752020008856704	0.017461744943790523	-0.41727458864521955	0.8083591660543447	-0.3443631539782775	0.3391433179984379	0.12209598187468865	-0.6953523076947056	-0.08442526326313074
DTXSID9057842	1.6860179040743661	0.22451074975741536	-2.942177344425443	-3.75296193506001	2.2206004614405783	3.393266293286197	0.24289034356248904	-0.38942539050455327	1.5611850498153768	-1.0571318419974487	-0.2337136087090196	0.018837243360115018	-0.319057761790156	2.847869361195528	0.08157309310060451	-0.6454638326792136	1.4961561992204453	0.19694164920740193	0.08589595317705764	-1.314066896278763	2.574045558692433	-0.5766571599748354	-0.11441977108310593	0.8291549390432663	0.9493477570392431	0.11184622617964508	0.5122362437686611	1.056347773250876	-0.21869673334330783	-0.18096434936035335	-0.8317590937744533	-0.4913628136096858	0.45215022910719693	-1.0287304070718855	-0.0782474897465381	-0.06543295145228255	-0.17832172164175006	-0.44611110803724763	0.9281621107968484	0.20100130749081677	0.2515043475276937	1.4538116609695477	0.15107411298797813	0.18440968887281176	-0.4448353906339639	-0.49526102022431684	-0.7717002733075772	0.1434579086293605	-0.2551231701449845	-0.4050004497670133	0.1265262633277595	0.07766453835348455	-0.15888745003317384	0.34005969267151537	0.07433577823509374	-1.8884879532229366	0.7289906983541848	-0.8205328571329713	0.8703952807944265	-0.7978037927437303	0.041765498685162404	-0.26223572240751925	-0.1470861314127168	-1.0100580869451483	-0.08276291718921265	-0.1149194400342511	1.199257286822038	-0.11860144473673129	1.8702241140239644	-0.29032021549157006	-0.4955264128192196	0.44219732344668256	-0.09310517610907447	-0.11190341078619838	-1.3510621341849234	-0.36311998409052704	0.9687047802174421	-0.6193038621693655	-0.45558919625293465	0.5237766145726689	-0.5015170682829371	0.33443897352696733	-0.641157800243733	-0.029733621185955954	0.031071743358110453	0.7904757403988254	0.9600459970820675	0.6320477664759002	-0.7508545904598813	0.060972813952016675	1.543107496189972	-0.16054845672740337	0.46185768213782813	0.20134413866758527	-0.8111586804573313	-1.3839197646507004	0.23189054311261498	-0.4675573953452832	-0.2130414121325706	0.09220087052462969
DTXSID5021419	-0.8791105433074131	0.8820821586378225	-2.6219554883173912	3.539034743651834	1.025793246287001	-1.6675190078081183	1.5793844995462618	-0.7454319866368384	-1.894470013579782	-0.10032728296834012	3.9636444709073113	-2.5722333560899573	1.6206126474387452	-0.6100514942183118	-0.3744165088883273	0.3001845893193215	-1.0378103641082248	1.438787141957423	3.2791392174852496	-1.956437909443036	2.085741362762074	1.0266022053201653	1.2704690605763567	0.536602228282372	-0.18992272331551038	1.8169739313494693	-0.2295442012262685	-0.9000154198204123	-1.162073316802701	0.4839464112967837	-0.5142352106791837	-0.365786594215068	-1.0105120840409032	0.811003619228726	-0.13023519013935905	-0.7189849287265953	0.7640165695445756	0.03614435999372148	0.694518065701256	0.9689195719056244	0.07706312450282732	-0.4029186706197866	0.18674063361977286	0.5273970301519852	-0.2940326612451713	-1.0756311460658556	0.2783928313758753	-0.20358242192481482	0.11900639142303142	0.35699534729327553	0.23466899707460215	-0.19602317964693336	0.20957693088300913	-0.45663845022087207	-0.07889245636271139	-0.8214322088035385	1.0522442634140012	-1.158413290460306	0.6112287865703397	-0.2746962613434188	0.08201758162063279	-0.5175089110710988	0.04493437184164153	-0.4833271956222214	0.47618514418505703	0.27568324546544704	0.008821445151014101	-0.06542765842543496	-0.6237406079001598	0.48457158422282764	-0.3301491577687146	0.5555827520949028	0.321456264204415	-0.5040921972953268	0.4006968751015858	0.11390206139064102	-0.18978290430814046	-0.45793128792345	0.571840887919721	-0.31743703811891966	-0.11428336062016753	-0.028281269046523137	0.838120346854402	0.2399055227732566	-0.7526850612611956	-0.4705094338513453	-0.9488666511385735	-0.1720564490015817	0.3952872237595607	0.09518003401992411	0.4048066427254979	0.9277081546728275	0.328279780738483	0.9026917586579053	0.3877835283855057	-0.07351431448473206	0.05465509190930693	-0.09198615020498756	-0.0022896806232053143	0.2603849613720911
DTXSID9048641	25.96372607406253	0.4855585276847929	-5.879979402664283	1.563365959340865	7.81747875481942	-2.366353816611805	0.2072796911711483	6.0027698570699775	2.245862305087956	-2.8890696890463166	-1.9300620846120402	-1.5617026834569727	-0.8810906486144812	-1.304913132777848	-0.46442732350217375	-6.42350962952185	5.854629412991117	-2.6554444933672086	-3.5556158374640123	0.9115247093636578	0.6744870339165647	1.5425954377728095	5.337826148864602	-5.47176170506591	5.767257626628462	12.690090814481938	-4.100756700912466	-0.34050864901168676	-13.149853912973514	8.455365030654692	-0.6649560690869123	-7.282235565767491	-1.7833923647261256	4.644657482840784	-4.913936669305287	-2.2915262353359642	0.17651118016211975	-30.257844174515704	4.191768572697434	4.400612109593201	2.8385875865742984	0.20604820020180997	5.746620433976487	6.176899534340901	-21.93218526445043	57.57308338096038	17.11628445467754	-19.475036016432348	9.0774516436786	20.459422522903314	-65.25198781128503	12.647506505221058	-34.963992489645925	-14.862120291919389	-34.805755232391675	27.113861826640587	6.830569495525179	20.348131345262463	43.8070253925235	7.1726889986840785	1.3109050321114846	-9.845712997094758	-9.181959321086286	-6.250662752955222	7.242997141266397	-13.11579393379812	17.766509551186243	4.846276978121689	3.292851431517905	-5.496565146560428	0.9328291027889308	9.999009994971209	12.618618432648708	2.981619635929222	5.073683277461899	4.545985283670273	-3.5326577212587607	-1.0918260091643655	-1.5903386390889875	1.268963510590991	-2.1240126490934625	-0.215418131601769	0.04184017763417225	-2.284475980486717	1.1490655289060643	0.4421427075455323	2.456915657256452	0.7128602342328061	0.6233384973030685	2.4527918777961575	-2.319000942043414	-2.571440724768599	2.287047168638069	-2.9552895843929257	-1.2172479309671111	0.7084010683066274	-0.7879261025585015	0.00814771202110308	-2.2776695870651307	-0.040834226431101225
DTXSID4041656	-1.7153343583573668	1.0349672774641476	-1.9586858527243287	0.005421592947108463	-1.0171436685235202	1.9800021417907439	-3.4125517959806966	-0.8973583429133327	-3.2483540122456507	-1.062518664426873	-0.9577771528574824	-1.463210517668249	5.415096949963349	-1.0625878198802008	1.893453122591062	-2.3645462361152374	-0.6734603658924523	-0.0439564764812903	-0.6699269628085315	0.4065137241436306	1.1405794433095047	0.5632892096906574	-0.13475645969518077	0.016676971534102147	0.4862507003667306	-0.2109176357897973	-0.4220965329538369	0.9263007445301776	-0.3455043566151607	-0.19123079155494094	-0.43680229783356805	0.5391828722356421	0.5040998622043912	-0.7999707604778483	-0.660374148122916	1.2116900757871465	-1.6714977594027094	0.08221848358512589	-0.9502568066211552	-0.7916090037785674	0.7617169307579886	0.1815717103730633	1.3192509078380263	-0.5202217321144209	-0.1360169972033719	-0.36443795262058515	-0.8089087555634801	0.9239230744044915	-0.1776046448039292	-0.0989568007218002	0.11969321873558593	0.3958170721773782	0.5578128896799487	0.7091385973987513	0.3132482133564343	0.5835495567004206	0.1037233994025931	1.256898374098582	0.5150429666849872	0.1729840084397043	0.5470714030975459	1.1680690793573931	-0.985646217169874	-0.16125249815569345	0.395640542062507	-0.24723786442860876	0.84255525710507	-0.22725803321619792	-0.02785285464250828	0.19064382536320562	-1.036681081390499	-0.23503009769825575	-0.1931622653552876	-0.029153015886360628	-0.4181335720680786	0.36739739618191325	-0.47478414311259737	0.7176339555453322	-1.0517754836283029	0.4458936795677656	-0.5674811954291997	-1.3688575827850733	-0.7083280322204631	-0.01759926824333634	0.38866838863101744	1.045004049151445	-0.49862850341275106	-0.38226665196429466	0.1523594477997748	-0.0783158377170015	0.82772395282296	0.3261467897481245	-0.07620099983320985	-0.2959086978734748	1.1383462611865753	0.01642833276017138	0.3277477321791512	0.4808693794141346	-0.2079672900695459	0.09789963573855268
DTXSID8026220	1.45587333242576	0.5703162696690992	0.9080374854695729	-0.029813384895468597	-0.5540458449461646	-0.8460356716170843	-2.4139319310030256	-0.0812619628810394	-1.6200345511335554	-1.8781638307459867	-2.4128435284364538	0.43786311104037795	0.34615245774105147	4.027973107576145	-0.7693519021373604	1.1833140855450002	-0.7708593102182044	1.211476940697378	0.32103539478218623	1.6643031786861782	0.6535186572853374	-0.8685541630093407	-2.222837459654789	0.7188210639843122	0.4058430402911412	0.1541799050653531	1.9657778559247143	-1.281434729396452	0.19749720517098573	1.2037589055130145	1.3233171226933116	-0.5060099398654168	0.8373644307528045	1.4020405063231596	1.2247311824105993	0.5063793414699262	2.0679560893458935	0.15294485987292242	-0.09061247459890753	-0.9996167527176204	0.24871131434166519	-0.8980697919771092	0.05297983992903704	-2.3749076551131365	-0.2661390059696722	0.5359305027755449	-0.6334246481655827	1.0277286298199393	-0.15156052251328847	0.06590456908298088	-0.13752248702093534	0.2678978544486661	-0.14572875487021675	-0.04275835190299783	0.9900008176443036	0.9579159788626302	0.4321564022110645	-0.19912351348457852	0.7031775932778335	0.8464457589955079	-1.136585868222484	-0.1501871749517045	0.6337244013542082	-0.9844985446191571	-0.24805203972363624	0.7078691406550605	0.15016887400581375	-0.17364525223786362	-1.220592620563238	1.4733505119605281	1.143937764634809	-1.372267058166691	-0.5674477386352695	-0.03627902447504205	0.8499855392023733	1.945775888151641	-1.1670348277864555	2.6414941769002973	-0.7917020967850437	-0.11048662288715945	1.2423621275802859	0.277102479406219	-0.737838287569978	1.2598933532177021	0.8573985137341247	0.5040538587854719	0.3568603062793562	-0.09068573103747297	0.1071040143986107	-0.521495774936592	-0.04603580422565777	-0.5388496996256193	-0.701853652535299	-0.3086912588441625	0.011359356407060107	0.5648287315083054	-1.1472601471834718	-0.5838042455416736	0.5012434963137676	-0.004332888543671015
DTXSID4049292	0.7839920783059282	-0.16521707265165872	-1.5760021468380367	-3.5897995787632273	0.4981446241942452	1.8986404486863206	3.039916340706745	-2.724707889873703	1.046684612190377	-1.958584523838678	0.44192390199369247	-0.7054196675253065	0.09989048689207942	-0.09340183559023085	-0.8448348840470099	0.20743537319686342	0.5763859201432475	0.1332485074705149	-1.9712005728942452	0.7003655276743769	-0.8501713881125676	-0.9292454976946843	0.7332369348286994	0.10849994089204579	1.902374846275798	-1.8736903289904379	0.31965905255863786	0.16804246791326996	0.7679179953584185	-0.39592110725198626	0.7011674251142449	-0.2621187126535456	0.02809068736723426	0.31760906553264817	-0.041606091546324345	-1.1391881810575846	0.7541888025090411	0.2767257923471378	-0.5913080852789095	0.09221695672241921	-0.026726303387714246	-1.0685375614421122	1.0994278529521027	0.24950795181179877	-0.8882644263122822	-0.08990508768139555	0.5538051155155953	0.20642039388706787	0.9422082786365867	0.6275898205030043	0.3259722683560044	0.03251075006764193	-0.022802248063316925	-0.3981522551861747	0.4244411933703137	-0.28543574317729614	0.4070743716638529	-1.0012476979215001	0.5184477633441591	-1.0120642959944286	-0.28308018003395413	-0.7171446643527103	0.8807613855163567	-0.5032652110266065	-0.08743877875992045	0.8664227963882839	0.4993634868450132	0.5342812587892481	0.34305545618571154	0.7472205296328679	-0.27921709787473165	0.34243175527453035	0.5267186459184041	-0.7786926811301964	-0.5340736645092362	0.49072520998066976	-0.07854104630130566	0.17391873059517382	-0.28110775466449445	1.1891835689468486	1.999544115313377	-0.728334285558044	0.9435589459917123	-0.10203875020289495	0.07085334299170319	-0.17179853440037055	0.47224945483172	1.0513943459573563	0.5755536383870612	0.6486856604984271	-0.6111191208160565	-1.169588284885715	0.11846403692048155	1.1923417099848626	0.38128165942090414	1.1075513163684447	-0.4136379559944885	0.0748010933158553	-0.6467501198139775	0.19763850480840212
DTXSID7031248	1.3422441428771805	1.5199981256729234	-3.217770662211869	0.5469797616562978	-0.8159651741045739	-0.1732118311940417	3.8398875818322837	-2.760755012371696	-0.7795308492051611	-1.21597444062952	-0.03593853829974039	-2.357360325926665	-2.2582256589202254	-2.972338957884602	0.8216951471402224	0.5256931481862195	-2.4458629562127547	-1.427881065032508	-1.0932660206466485	2.100686344557824	-3.3894430397476043	-0.6365302435954885	-0.5642726139337344	-0.46291550947664467	2.510078997125518	-3.4897486069072254	-0.03451624738733564	-0.2687311148322664	1.0376394863349585	-0.5747410757747293	2.6528287677708438	-0.9446606994312642	1.7087877015497053	1.0290324393743515	2.424694024278242	-1.8774870153743022	-0.2048505061076833	0.6589312261371602	-0.39594130785436144	0.20311669992516956	1.1219994197375294	-0.36864622082265047	1.7139849902848563	1.9755312089106436	-1.0317558429340277	0.8152948276882948	-0.2883616582183695	-0.5487737741977493	1.3112036422806876	1.6557662011240672	0.848512400072847	-0.7898450441979182	0.45161350803782363	-0.09530261338091775	-0.34821227803557236	0.08266871542671281	0.6372028998259787	-0.8383168518648844	0.6349680954952192	-0.47240115699908686	-1.646174731402067	0.7135798731980187	0.5808492019960277	-1.3307777868275203	0.07617749442954223	-0.038881494893246854	-0.7519169455012544	1.6545881128864717	0.3783542872420421	1.2500251593411853	-0.24353833735004002	0.6369943095509061	-1.1974036193583528	0.48673022162516677	1.3359984594212877	-0.5003429940724224	0.2902250474293088	1.1172186846277252	-1.082026070709116	0.2185970935214327	0.29772497402913733	-0.6340331841705206	0.9318782158349608	1.3772120295507007	-2.118507764784607	-0.8612811947597447	1.5692985834943094	0.235197995704518	0.4408943847037524	-0.5202961797907385	-1.629902050679649	0.5362904136101485	0.5752173373492313	-1.4161117008803947	-2.058359778928055	3.3691359027566046	-0.20246614761681084	0.8590454556030045	-0.4467392518714944	0.9897863830340426
DTXSID7057739	-0.0423246221368966	0.06291678039675673	-1.5799087283431559	0.5494302623472498	2.239433637365193	-2.192391962703161	-1.791247198941225	1.4518104560921565	0.21598152812195553	-1.6299128672345229	-1.7527523319068365	0.06930092283786189	-0.35524817506396783	3.709108118938995	0.09584679317225576	-0.5194024969676254	-0.27078650926523634	-0.18089913899114782	1.024784065304563	-0.2778098424997231	0.8534537860277928	-0.44386114103978624	-1.7279025626845916	0.922142233290937	-0.1747693521293676	-1.116635031820826	1.2663432350009993	0.8735622817322607	-0.3422283412603794	1.2711458557881805	0.35783071892787693	-0.7603122633001417	2.3033819122762225	0.1444101566140796	0.4243307559268977	0.49505625661052494	-0.8564447425936161	-1.542282099525431	1.1746198968525854	-0.10516201102403952	0.07618386567476634	1.1375164270162264	-0.5529764614960003	1.3981974965985204	-0.9126721657522704	-0.004755862758308936	0.10746183495437263	-0.6305798362047721	-0.288420732612451	-0.7718115780437502	0.2960931987384061	-0.017253399628128663	-0.48228771000418724	0.6289816178660917	0.9528059698362606	-1.3988248649022759	-0.022936895945512816	0.48455998882435386	0.31326833033170876	-0.3731568552391258	-0.14073324139698756	0.8850782234230492	-0.792288013725875	-1.5145181531130845	-0.43694493070849616	-0.1217377206700208	0.1412261799428864	0.49511177595466804	1.3411588591093255	-0.2317869260600006	-0.7213703999014162	-0.17055687474479672	0.06078610542064045	0.5937698915038587	-0.5188757891312671	0.07025977410938893	-0.4823844859688552	-0.6279176405185506	-0.28752191498789953	-0.4498810784127036	0.31761004419247885	-0.09970429869973914	0.9701302027970188	0.19197962790499826	-0.1306881576315956	0.15792869295994236	0.41552610076126356	-0.05732371794320839	-1.3038404529752734	0.7385930278195324	1.423383404653313	0.4745382338449421	0.10687649116664916	0.7922463905836414	0.37348860578914606	0.5655811019561965	-0.15286721410071222	0.15939425532418686	0.26214115899731594	-0.0021082370748641876
DTXSID1023364	14.90552217990895	5.1520176780886455	-4.749553456950913	-0.43408061438855133	5.35817098238399	-6.372437489668016	4.973595914066457	0.28697553656490493	-3.7641423158868026	-8.649306911984597	2.4886680767181564	0.8349341144940752	-2.4180312504084296	2.237351957816255	-4.018291527523632	-0.6850812413533907	-3.800694747478751	-3.030776922968988	-1.9436908807597915	3.757190043287269	-4.605430165029279	-0.20716843471937615	-0.44295945834962	-2.5030416544948833	3.4856147141425193	-6.151423874891449	-4.139136763235775	2.442390596938668	2.729108998213012	-3.750531182738073	3.083233281177451	-2.143769196907654	-1.1933804361427802	-0.06640492983111483	0.24940780136144652	-2.9460586901750574	-0.9744144276565642	-0.5635115222669425	-4.20522806454356	-0.8100490207248049	2.334004408112419	-1.9651281252158523	3.5310095260181575	3.5636247833162336	-1.9845389678010272	-0.7233872475810706	-0.11392137539207807	-0.17922801192890178	1.720527204503965	1.2055986069866218	0.1068480899203107	-1.668284160137506	-0.47786510562661466	-1.63904313779366	-1.315407742194201	-1.158123462997262	0.6442092863445374	-1.8603457668770418	0.6421873108505307	-3.171077699290283	-2.507652648786045	-1.0942948761723101	1.8433004878279757	-0.6006926475089087	-0.9532437209934008	-0.47910377137814486	-0.08133182317720589	0.8954857657545431	1.45496517798692	-2.614545905061812	-0.8502702121728234	1.6115640473851862	-0.33309304929434375	0.8366521884277865	-4.202498440105117	0.03195986553142535	-1.8702809822414734	-0.8766830698100201	-0.6418091116051865	-0.18509806056226483	-1.1349662840891714	1.678944473118899	1.6019392148908107	1.2312814074122835	0.5906995309180728	0.5539738639192192	-1.5468193468127942	-3.1021424374788307	-0.9805057936058433	-0.7773849387526011	-0.12061269855759202	-0.22683377267995103	-0.8796966145038131	0.5310036665461442	0.7037512807489591	-0.46940132370764237	-0.5397866374683365	-0.696977109415959	1.6159944189130342	-0.11210080446323539
DTXSID0047870	3.945817569993118	-0.8492765609231222	2.9240254021002143	-5.772614328187544	-0.7344752921319567	-2.1373830889307293	1.5114913250932733	0.15115834753717936	-0.025471391940582302	0.8833968638049027	-1.0746352563938608	0.6423407881185099	-0.2673150217592123	-0.9326412170473428	-0.2045593701263167	-0.45563047465436723	0.38628479283699163	0.9496614235586158	-1.3977015870404499	-0.007650982192796125	1.1201105160606284	-0.08125569045083608	-1.4622671201001285	-0.7894379911141125	0.5852790513050492	0.6954062741831787	0.14574260558873234	-0.029857834770221543	-0.4864984742925036	0.10080983412746011	0.42121786626795293	-0.28183740941764873	-0.08332527977039698	0.3535823947785958	-0.9828627984289381	0.3073693235660876	-0.05160307751781347	-0.12667492876128092	0.17069087405393799	0.3855388853970029	0.4693515316724383	0.251199186462685	-0.19679597471474078	0.4604399063616428	0.03352490606593252	-0.222093782190876	-0.1482883930237562	-0.002000939889407068	0.024812093606404174	-0.07257129053822622	0.02332308599407647	-0.3210965437953543	0.02385769021806357	0.00715808433029599	-0.2019534012457517	0.2695811743872347	0.3674835929802984	0.28718652357806385	0.25555082456018624	-0.022044330650578318	0.4005662655938668	0.6130112369963802	0.3982125874627142	0.3566098861571459	-0.45589998914180113	-0.05638540749454525	-0.5141702164410531	0.19274154449636452	-0.15122154758765866	0.42378841147376395	-0.9923440653807764	0.9510502846246074	-0.8688886639304183	-0.02149739431607065	0.8857366108054376	-0.3912872174147028	-1.1694935996110922	-0.5909575026545694	0.29719568740250957	-1.0602824468716294	-0.747330047127505	-0.48111134180002124	0.11584005323952228	0.20310792333040723	0.6222692347705336	0.4342120165370874	-0.4055185427808712	0.17020528924941097	0.22371292238431437	-0.6601422676354173	-1.2154252537194257	-1.5141054404627496	0.65062873469234	0.49335441545254216	1.2387634676036139	0.3129567602617545	-0.45323044670357626	0.907268942044216	-0.02895652242668062	-0.4291491890432511
DTXSID2044971	12.238430629813331	4.379645665010215	-0.35000566868354693	1.8805001745153465	-8.176804919302434	-2.6026803722056076	-2.273459970037405	0.8095050461217541	3.4082077687289423	-4.778811406065378	-1.9601210134436045	0.9958207182137543	-2.5563896177273477	2.292414747987547	2.8403926885355837	-1.7635798825842124	1.937740225232873	-0.9864617047362361	7.242323245133565	1.0439876025711772	-1.4280781320397824	1.6737704230090766	-2.028983937542894	-0.14053446008939413	3.182565660354947	2.856804199484818	7.443632574465817	-1.1426270652471406	1.8655549125394617	-0.9617872543518168	3.012401547353708	4.605966478636976	-1.6902184226316361	3.7420272478092333	0.7234909995994976	-2.779198824517219	0.9983027295984027	1.0042346598808205	-2.606402537369249	-5.619403513358887	0.18870516375782204	-0.9937188878302969	4.203490217667172	0.20283152414699257	1.4499626028568997	1.5885360293484923	0.3780632058485473	1.7681699204508265	-0.7568148509341844	0.46839796788919086	-0.3115486598217351	2.1197167602767317	0.4581514973895292	0.7057089941106629	1.0693654498960476	1.1968869638185922	1.8508716263910192	-0.9385467270039548	1.2740197538638438	1.9185310362599144	-0.1267076692133161	0.3082396566375226	-0.4781331628567693	1.4420678845703503	2.0585449848552417	2.181990732670254	-0.3700808072272235	2.3966142845125344	-1.7184542887282774	-2.356867613464416	0.9845323864978293	1.1084779049126587	-2.208251691878113	2.188146256768515	-1.928375191094613	-1.3935071439716744	0.16407642868276112	0.20843436675910038	1.1797897607528642	-1.5361246026596223	1.7374490975225376	0.022636848582704937	-0.5405785389086196	-0.7853763202824194	-0.18103406572343722	-0.39164372338501885	-0.04993436857068522	-1.0761477569150162	-1.737508504631582	0.4603651883755782	-0.23090694529124206	-0.0523403510788194	1.1482977926333084	0.035312974283032046	0.3831014494987671	-0.679169977086514	1.0214781318026667	-0.021702464942510127	0.4254796739313622	0.07937490572458253
DTXSID9021928	-3.99449164670973	-3.4449678873273224	0.4733877765913107	-0.930077971723567	0.5136194785852725	-1.3054442700961357	-0.8777456224694049	0.2491578764152999	-0.5294474264814751	-1.374165522104858	-0.9542919865016993	0.4199709333000054	-0.9975723880943683	2.052035385860783	0.09109361445744714	0.047904040466752534	-0.16661186280137658	-0.10177773741300476	0.4622819751339048	-0.5578180780248799	0.4519908210192791	-0.23510922732635267	0.40572232160326643	-0.21575010515514298	0.43975263271039633	-0.042766833716796224	-0.3527291340066854	0.3226450588086649	-0.11678246916859003	-0.2472921658431432	0.3390538997132466	0.2866119643830768	0.1352512757761404	-0.3713204157336284	-0.010642891154846783	-0.3174162736171191	0.25561633114661275	0.23397508334998915	0.2520910334041925	0.28229297874096776	-0.33196246669964524	-0.021805599729933983	-0.15483687831654305	0.24322584416781315	-0.5177425897996698	0.05596221787304511	0.2803101478993591	0.0041959035061202654	0.09845499066058849	0.27247227558488996	0.07773527790463312	0.1386852344944503	0.17414551876945955	-0.1658320391213856	0.12758341273824633	-0.19168805115460583	-0.06059397386877871	-0.17894635090708688	-0.0475976677502317	0.03262315401227358	0.31658881262560795	0.21157791750783275	0.3792162084710097	0.28436768311764565	-0.07184355072319494	-0.6414770018032131	0.5385442231945583	-0.7452293168542921	-0.2978644800162159	0.7245338657949655	-0.021241967589687775	0.36705193257295243	-0.270844783649716	-0.05748125847775002	-0.7475698942731284	0.6562540687224777	-0.8412222992603215	0.8181456648774088	0.12710758560451127	-0.15356386380232034	0.48284690508830813	0.012931666591307768	0.6092316499996638	-0.010901292714941264	-0.04447602717692597	-0.40966521807883916	-0.4607285535884627	-0.48538855167298395	-0.22244692782127348	0.3562586461090187	0.2617928462108534	0.1551178401727165	-0.23707867672761776	-0.27817893511497865	-0.07056301074710743	-0.28725661106025596	0.37172109384935004	0.14984100958359386	0.27723526308014157	0.11040961363357096
DTXSID5049287	-4.484973509134898	-0.05530547319031552	-1.9203004225859837	-0.9565296241754722	-1.2336592908459312	2.6951924332610675	2.725706086645697	2.952709008458669	-1.967639107879258	-1.1433832961381725	0.057542842627666645	-0.019327902503868417	0.3979454959325642	-1.400336486032996	-1.1584942841367534	-0.6888579618949843	-0.4542878274033665	-0.8283723033754099	-1.1510589756189922	0.6859279360447401	-0.49493243008536275	0.033861361145417136	-1.169755339167939	-0.17333669150343323	-0.15753235493188955	-1.3197415899599207	-0.19735905324886005	-1.1732847193046891	0.5414822224199208	-0.38034873633909627	0.04086813685516817	0.2872737525562909	-0.05533714856376095	-0.9146481272088897	-0.005075075743005059	-0.289987935493823	-0.5417694395156344	-0.5805787314396986	0.15197662810211307	-0.3562828469605392	-0.489198262259828	0.478761237587772	-0.42225346335973707	-0.30458097538558965	0.692678328427982	0.2769070630726401	-0.8231974060346611	0.09931056173250626	-0.08067869346204193	0.20436584979669975	-0.05748554359435163	-0.03759852685111542	-0.03734558559434255	0.18430778446363144	-0.22321175697232068	-0.025593745552810042	0.45734659462350585	0.07966447472799527	0.18008159604262203	1.0528922498625084	-0.2535142095108253	-0.11548807908020006	-0.2065809223968263	0.3096983057483413	-0.022447208022099662	0.32932853480934465	-0.390428518665658	-0.4201554552426639	0.7462077995022278	-0.47116596687974366	1.0676532308074818	0.5976729299669722	0.4027524114284352	0.9913437419141007	-0.852154331608858	-0.12085731592841668	0.7577329123725928	-0.7410531147455975	0.4675705104759012	0.34317414987528394	-0.01888313572170324	0.5179002722629036	0.45392463971681396	-0.6477360445224838	-0.221813415192085	-0.4071609611286354	-0.662907549002174	-0.5043932341574381	0.3257413124905729	0.6498709074165275	-0.7811122706616449	0.30619489837687325	-0.8159818601818165	-0.09517387585404061	0.4071936757316882	-0.8683471519667157	0.03308922398417625	-0.05778302159126184	0.1862016052799738	-0.3653758836904801
DTXSID2046755	22.152300385903654	-1.2896918074761319	-3.5299122986440943	4.521064498398633	-0.3927978242205795	-0.36228969155270724	-6.4369656243690265	-3.7162370066868604	-4.3795401408496595	-2.967263754410775	-7.257280068521158	0.32212217356271666	6.658573962721628	3.6907825218053976	-1.9205563059182749	-0.5711006922221833	-5.17274304069228	-0.6697136611567107	-2.7109984820843547	2.720736516674448	1.190990675928447	1.3328613967984928	1.526454036660825	-1.4536122830466796	1.4115858071986633	1.6393069045160835	2.798383800780894	-0.7605010081824097	-1.7659803894290897	1.5439940945633508	0.23412299321410424	0.12650667526580753	1.3395084535632995	2.1193129104380373	0.5547860202633268	-1.6550422319962794	-0.8359212059007174	0.29968682813741154	0.9715145182837883	-0.2422837660267092	-0.058946170578222025	0.18107013898688526	0.3948375460772623	-0.6887622951714009	-0.7687735367867863	-0.546700372259978	-0.2119643848674823	0.35684988787893746	-1.038695872095408	0.2300032784210447	0.5188972588871029	0.5746693290165228	0.2543224829605934	0.5134624302006254	0.9567318388217546	-0.6563281918776984	2.1600107178771255	0.28202077523295666	0.7109000904496298	-1.1474595883098986	1.4252407707605135	1.050877954035073	-1.5371747691642064	-1.7746273362965055	1.170887703801795	0.7613899405475528	1.1693881046083454	0.21245197616186123	1.0034245215627728	-0.21666280249282524	-2.2921727337610727	-0.9406223843062389	0.6659639447042092	-1.1852151728068465	-0.048402421418111796	-0.15653596566102346	-0.05058920147971916	-0.5319703557114916	0.34051280002370127	-0.972153869359169	0.05526644213848711	-1.4317953849858942	1.636112306201084	0.3158457786676072	-0.38430120392562533	-0.32253754205254576	-0.3770169301626318	-0.13459364178071506	0.8921344300419378	-1.2138314898082092	-1.1743150475283983	-1.0970755650161808	-0.3809141742670758	-1.1277747935987035	-0.04759726556179046	-0.5902696828043936	-2.3734629706757633	-1.1010269045269832	1.2734344649864389	-0.26134416584969133
DTXSID8032544	1.1637450247424588	-0.4280472839157993	0.01969499769528886	-0.8863186936305945	1.8215354098927896	-2.505325968731288	0.8347487855627166	0.2475224123932559	-1.0020421337154017	-3.4376852012230374	-0.014787530216684395	-0.22705937459061998	-1.000368152317617	2.42101480510626	-1.1562004826783778	-1.0395650213284182	-0.12388563867400122	-0.852314097764651	-0.17374664521040603	0.2568604516260858	-0.48954521850800387	-0.20648595958367807	-0.39876597710408684	-0.43003927299863276	0.9761820886315005	-1.310116129034415	-1.7658744172678553	0.6813660149941455	0.7064095952578244	-1.3516500423664717	-0.14182869225934452	-0.589284480630641	-0.7089025121204667	-0.5521852009742447	-0.07873356526031353	-0.19368971586366537	-0.2780610373932412	0.44325218072042577	-1.1274388594637283	-0.2727393266487895	0.6552522848826826	-0.6410444678055697	0.8378551545066307	0.39834984020324554	-0.43022071193135664	-0.14134091803297247	-0.30068215964509565	0.0645711322532527	0.6184340380140857	0.30019988371629297	0.017327126264240964	-0.24671978016006277	0.1765489128077667	-0.6810450367109531	-0.2240173158424462	-0.43876589687709333	0.03133315623882113	-0.3917146225894112	0.5747501213625843	-0.5352849420668331	-0.7892591773281884	-0.28490981999904125	0.6176540593614841	0.06897713880905088	-0.2194319062079401	-0.7873200455027072	0.6964191543181971	-0.3404861037769153	1.0613318602424275	-0.06770022895764506	0.4185164514594943	-0.05521570118837213	-0.048543629698030034	0.6579814940734316	-1.9321258977447897	0.7666360134469925	-0.07195475945094365	0.46755304670131237	-0.49012970735734646	-0.0788020229733004	-0.3656954171421688	0.573917928143132	-0.24501753177666077	0.6320410775300842	0.1473262198282538	0.3979904487606693	-0.34121472565970284	-1.054366153914117	0.012766771895797054	-0.02888515814339204	0.297570773985547	0.8471824854863282	-0.7074313125194537	1.0042109732618478	0.5213564851747817	1.1896285979203876	-0.8932952223038227	-0.3012900136470979	0.44181941867818336	0.1999689443217494
DTXSID8045569	5.503973276095948	0.10249168225909489	3.5240056353338156	2.454235889000905	-3.096979802066783	0.4473167828792569	2.152792878094564	1.4918327845965178	1.6613543760598573	0.09094504006689212	-0.8508085511162895	0.03427516987653546	-0.5984009885533452	0.18381317808196485	5.210106109898095	-1.6688876410518119	-2.694060861499532	-1.1640758587206392	0.8889087992332074	4.026569209698174	2.561755125837199	-0.9179703572394203	1.5784852546421315	2.7050060673730445	-1.807163256231137	-0.1628228315332968	-0.6432733152397344	0.6769667901652566	-1.4077744594880566	0.22467222926440364	-0.4143507558994791	-1.4803871696756064	1.593314582117201	0.4285978370705976	1.02033059140482	-0.0023882121189613688	0.23608389685440725	-2.0471479546971127	-0.9770763305796102	0.5727816405568137	1.1134942438601207	1.175890203878765	-0.6953160410457006	0.44070861760820623	-0.5871142660807803	-0.2353053637874768	0.9197344003632307	-0.8633543581897624	0.11269886854921872	-1.3541872330489348	0.07022813645916315	-0.5105137312367767	-0.1441518810064124	0.34675379041231597	0.9729310168387799	-1.638116745440517	-0.624311525501748	1.8212797323727317	-0.6072993359790824	-0.8736461896178539	-0.3253019364114453	1.170678658043731	-1.8367406172004381	-0.896430833436191	-0.44354942773784733	-0.46045863953611793	-0.035590565250885095	-0.7122439300434714	-0.48299824133530833	-2.546749414571852	2.7863927761621126	0.5315396449902222	-1.25256472545006	-3.2958292616576337	-0.2831268258875821	-0.13681136955560885	-0.3081456223961921	-1.4943746887024474	0.6471714027690003	0.20981635784717148	1.1613441652905148	0.9433729522384	-0.8008627220589941	2.1277739961452236	0.9927017158025542	0.9005246814843363	-0.18511369910707864	-0.32102772433305227	-0.8708056401700285	0.49296384936505894	0.23320141490905974	-0.8512876438894779	0.8646193544758138	-0.3696535686873753	0.937376793292028	0.7495045791699616	0.4676075880203767	0.1418386444159155	-2.2557831637820125	0.6402658877425771
DTXSID0040703	-2.543674186667899	0.37779060216213256	0.6893210563761087	-0.00769968796424831	0.16332947054642347	-0.565223935386327	-2.1122474692431488	-0.6476902702583313	-0.34398920446854364	-0.7292531302243871	2.9677986136141286	-1.4402564731650738	1.0523413808642224	-0.565626041899177	1.192185829990376	-1.1673597567615077	1.2862687720850892	0.755815472979705	-0.25797260080720497	-0.06619502823791291	0.6943814449481591	-0.31736880904938713	-0.68345853736868	0.2860168438945992	0.22665360876259133	-0.5457137665234933	-0.6408338881271493	-0.18839290632197134	0.22518337972302413	-0.20011117229200023	-0.23741851617003185	0.2194549369720515	-0.005845171713204328	-0.7843610236800792	-0.7250322149655077	1.5597384637615108	-0.506751987855452	0.2845817912496397	-1.3128855533375834	-0.279636270368821	0.6577848811724124	-0.35029835075349247	0.9489013081090135	-0.868154577410376	-0.5595778456074422	0.01379319283839106	-0.9628932519710369	0.8201839279880989	-0.09680457648728802	-0.2077115982623051	0.014577828119400971	0.4897110199138711	0.05388509751638754	0.4313489864132089	0.1458346521740226	0.5816204844189964	-0.3899203931360802	1.4322075246633166	0.37583045051503866	-0.03539968020379226	0.6290907593725588	1.2952783198209914	-0.24837837886788863	-0.03877448939792569	0.0877658736910192	0.039531766196102304	0.14253546840565845	-0.35184802823556016	-0.17079787092024296	0.48069235039183056	-0.07948910759002271	-0.3228688675447819	0.47865751924326033	-0.0368516897827783	0.22815121491024992	-0.020308069728478394	0.003960571278071938	0.1864530271934495	0.31064037641036585	-0.37718330386629856	0.14023951372090168	-0.9210375292532561	0.04158758636865725	-0.11978148665422483	0.1595123942978572	0.10016771465577237	-0.15258568520976515	0.33966167717230983	0.17025996005293492	-0.05842913921783627	-0.1073100619417927	-0.1042454120090972	0.3851839270013257	0.1936804898381713	-0.18767840110958678	0.07764768199832707	0.2520788671296231	0.030056680031239846	-0.12082187767715778	0.2989834942472786
DTXSID3021277	-5.359008981137503	-2.1248877280379013	0.18956828796032132	-0.10204111889542156	1.2343528390368783	-0.4852528773829911	-1.6507623197589314	-0.7549688080389726	-1.306884664588252	-0.6188655704579394	2.760884219555534	-1.2706236934037904	1.3140323133537317	-0.3649065648288779	0.8694288990184699	-0.9244884843787182	1.1705579247638598	0.16245637885037215	-0.2593428368052692	-0.09117644771641065	-0.017694904582841564	-0.16104890612074893	0.9825248413125499	0.5104493811217519	0.02267198329037034	0.018401438692241374	0.6120579526055401	0.06885696978793093	-0.16389825040812803	0.431586761551982	0.2577195939091773	0.6602227045696745	0.6088154027532287	-0.138705774685446	-0.9529683740705374	-0.9943965359979126	0.687536425659115	-1.1591389197470552	0.03851686305752413	0.15578592630598473	-0.28462295532362086	-0.30376748994846187	-0.3129565656685306	0.7096517714521328	0.16506440546880036	-0.6123969138143256	0.2947019826402466	-0.6115362046976225	-0.011014095155181714	0.2757589363873424	-0.013841823740318305	-0.6026610436650026	0.2151501931011357	-0.09615770559196497	0.27750380479806985	-0.014948079483521177	0.2838859669837294	-0.9105026278027016	-0.07319541878275589	0.3895033860133315	-0.3626454708705975	-0.3454893346505997	0.1552370154536764	1.3519519045110115	-0.7064010848063018	0.004902026491753855	0.4563765413913567	-0.9767962774367723	-0.30105242261257237	-0.4143630484850911	0.2331355034939944	-0.19965822256475532	0.018587662253488114	0.19311277303490054	0.7249564768787058	-0.5243238064757438	0.17198535527700193	-0.8231218953796182	0.0004872004985096388	-0.2375198079608156	0.29651669570575595	0.3239423998994964	-0.3566341993011098	-0.42008986363487916	0.08175427089991757	-0.09506094464941836	0.03396426388630464	0.005220956638332778	0.03523224869171194	0.21424167239168426	-0.31615877703841294	-0.1019011155136843	-0.47050357261049325	0.10291466843588311	-0.29827307399502867	-0.026299312098228275	-0.2746362925233079	0.25376910863309643	-0.1172677598678644	-0.39697642710494385
DTXSID80195822	-2.9189884163556687	-3.199860428688339	2.342798327701332	0.5334886133250818	1.130419573835426	0.3712844230879099	-1.0740734374922687	-0.7187838229001119	-1.1516647660088606	0.6284242207089886	2.357255165820302	-1.1248723222759465	1.4823527290377807	-0.6808683181050674	2.1362494194700083	-1.0244196142910047	0.6741975578429035	0.5692424278630941	0.8240080292530124	-0.19909210651705012	-0.09388413839594661	0.4022366901998387	-0.5782704973366085	-0.2153973840506407	0.61822429561384	0.3186876576920942	-0.3488852229614448	0.0533772038646753	0.011888881469414076	-0.14604345184567014	-0.33429190438967676	0.25166485663012006	-0.11890676429133708	0.054351603673086786	0.44400229670411834	-0.048579982339439665	0.4340669683370937	-0.04249537014825867	0.681207091590224	0.6753258398126424	-0.43120804796499135	-0.07480195818326181	-0.5296508009010444	-0.14500750752168523	0.04722136756938826	-0.0570509871846268	-0.014921576180758908	-0.2399281353018333	0.2930321163497405	0.12461458888541405	0.031741528284277086	-0.07685239772833656	0.04271234083353713	-0.29927594415544334	0.22024864551055182	-0.4305816038198688	0.1542842594257382	-0.782755380423656	0.169448113374607	0.48101266310911256	-0.3380375821485578	-0.4646592773439065	0.2073498820478502	-0.2925725477224863	-0.006529557276748894	0.1858252350321485	-0.11308928415523802	-0.31269760300752536	-0.02673089500054162	-0.4993201036365693	0.7794667955855441	0.05131417075524485	-0.31304759499799784	0.03078423679979114	-0.8294410859846189	-0.2262104096456823	0.5533918193073982	-0.42582263162241135	-0.0964810093673885	-0.26449838503123546	-0.7553350055177932	-0.5124477720140419	-0.4919052509096813	-0.024613753212517	0.15194097142051524	0.4451807445274888	0.34986554817286175	0.5310847296262112	-0.17563459783492885	-0.384909691094173	-0.33280201483169336	-0.39125442041445474	-0.1020794523074416	0.36503038370468843	-0.0013534910342869622	0.0025868707114734698	-0.011660048054909607	-0.17348814172947455	-0.46947962506879937	0.015168943462746462
DTXSID3045770	3.8360676012792134	0.019278108876434046	0.36532945823239954	2.002546745866525	-0.33834601051297725	-1.3750861654515805	2.1049061135538905	3.6077905106835537	3.857311452144966	-1.0112787692084493	-1.1782277354416633	-0.6557178008908197	-0.6589891197643402	0.08780854065691104	5.9065638894990435	-0.9875729725024556	-2.273395654773956	-1.1220398179730366	1.6205184010700884	2.897336481044292	3.401004378936453	-0.2474388855788921	2.2763742771536557	1.7313423286635605	1.3124496163535857	-3.097405721209243	-0.5061555537901332	1.4674461335743025	-1.3735908061923798	4.461981236778412	-2.0772223377154733	0.844108001865167	-3.4020144288548138	-0.8924914452797729	1.6717200255368958	3.129232373272107	2.023391237691981	0.5957073918428023	-0.44381888242261996	-1.4553556299011394	1.552387368990161	-0.4460834662608129	-1.9865717790739432	1.7987880147080582	1.9668765775925805	0.8678637204757997	-1.173703118711202	-2.201199308307316	6.394105293585199	1.3682773783563529	1.6159269421054074	2.165930376936799	-4.495730898427571	3.2997440511868454	-1.6893700837811567	0.7993824983613992	4.995279468221823	0.13984137024854876	-5.240875120250988	-3.2167767775755336	0.7616441541886239	1.2670252044850707	-2.1911434734724407	5.476147248811269	-1.2318135652988143	3.507719650440888	2.4817181007933002	0.6117313186602835	2.2071631634355304	-0.6294079521544507	2.7310031003582886	-1.6485089194551783	-0.18946695918623138	-4.014677601884705	-0.6407955367467073	4.291039832782344	-1.4287942530425386	-2.232140179660872	0.9528709110903517	2.902219297555485	-1.4810102615060736	0.5559288315659187	0.42480899850249876	0.03552510536856601	-0.7594083611620379	0.8222854621703862	-0.9487273027841046	0.8287296400654443	0.6924792887739043	-0.9006778481722183	-0.4852688693602363	0.6961993742368027	0.522542199172937	-0.4359185109775089	-1.7337633126919805	0.3487883418834182	0.4983979667603926	1.2515579567041364	-0.3645349152262457	-0.0654141559031685
DTXSID6021901	-5.57235792530476	-3.3015197898909125	0.9992879664119264	-0.44089516193349026	0.9050993503610862	-0.7187188743029357	-0.7539962641535934	-0.21967630195881574	-0.19477971887319123	-1.233317351359696	-0.7146764615423722	0.11641201584213315	-0.6839132942957677	1.1457473236689308	-0.03231905494995894	-0.2104107548410809	0.18875750734330737	-0.32119010437895873	0.33780849260649	-0.492203824034371	0.43086470347084116	-0.17730889742752654	0.8784998868926803	-0.22625567424443654	0.2689627193135056	-0.08935848645643454	-0.508463729392756	0.271879737579172	-0.14177931290040138	-0.1961337809578284	-0.04459882834577889	-0.0032261475232821207	0.20552209027293933	-0.4785604988045027	-0.02120843960709177	-0.23032804533827378	0.14992978959417114	0.21879378248019538	0.1308841018292773	0.2806805979779975	-0.1849883407484202	0.08206783950801538	-0.28622672224056284	0.03674572941686014	-0.3670387968581991	-0.04325183139845281	0.15549140949715826	-0.170909311384227	0.04913008275927724	0.1331279872740803	0.10153728244923341	0.06044455207143008	0.14519819545642043	-0.14170573216632784	0.0374599999105025	-0.16758689937929216	0.13638872320328702	-0.05987977610565592	0.07947528507348164	0.08147915977402745	0.32135096377583844	0.13633436695087153	0.27423950006582143	0.04791965954358187	-0.0292976014663553	-0.1955279004858198	0.32064059942805123	-0.5454191343038793	0.09334307528478857	0.548722139763135	0.17482620335781004	0.21987234025296773	-0.05022122864974182	-0.017071663335274642	-1.0329299402838295	0.06067710041260743	-0.49634247794394043	0.4095618326109191	0.1435859193964411	-0.3097911658241707	0.04041224225235967	-0.14857363355188383	0.16897740022890217	-0.1379409195052046	-0.11483858000480636	-0.01116980032744867	0.15273933713270582	-0.4018318324267544	-0.15462668642137098	-0.04161114390338487	0.2814372228702005	0.03354593690263455	0.0753246421931814	-0.3107000719189381	-0.06804753628604779	-0.3549363776493729	-0.0859242443774406	-0.038116598008169446	-0.25664980511566116	0.08124032402256723
DTXSID5021881	-6.843584623150696	-3.6749741323283236	-1.0360449740222215	-0.029048945262923658	-1.3992771339104684	-0.6050281094168038	-0.9693334144303895	-0.25296577488068284	-0.01226780740322839	3.689726241165313	-0.14711607684760813	-1.0790230618464327	-0.6034374188372514	0.8485445678601148	-0.8936417527660494	-0.2915863315233537	-1.023757388455037	-0.02218452042558126	0.40987625228459185	0.7526324936679112	-0.24642510343465512	0.7350157984892792	-1.2915228545646849	-0.7339115259639689	0.15760961963223058	-0.10238240827951928	-0.41553700023081314	-0.3364005680377622	0.09659363197948319	-0.3924853896456912	0.5385598356145482	0.4038089143993399	-0.4983925186504405	0.4953724643750226	0.09748898174334283	-0.6552127995404613	-0.0286478318428483	-0.07353606268631178	0.31781333020954644	0.2501821737800979	-0.005085869618027471	-0.6426928566805079	0.13007215487130971	0.013080078179143112	-0.47709729563524667	0.3746861242458933	-0.17778627905514235	0.2424698824644549	0.11818561892604236	0.162848392812958	-0.05853093613089039	-0.11239624796833066	-0.24974672564838088	0.009482998650495747	0.14996389206177163	0.06973123840903911	-0.32588321800261827	-0.03718110581183304	-0.19627277914950797	-0.3490053744267005	-0.14561134494985792	0.21054768178145997	0.3716942951128098	0.2905516499988422	-0.12344932145955298	-0.013397433744250621	0.049639024242554855	-0.3638847511256919	-1.165719163092439	-0.14315222663373062	0.4808548020341736	-0.14697699444261816	0.1968043652795046	-0.27738976930090076	0.4584398669644193	0.626937375971711	-0.12228088894030652	-0.41670092240859813	0.10551805143366111	0.2535007835752617	0.38512014889608603	-0.23654836649010708	0.8741847411498246	0.4055874868260038	-0.7986371208437998	-0.534626124416805	-1.054785637209812	-0.3051680164565645	0.1368589591527048	-0.43693976563682657	-0.052658759546098624	1.3058031396702512	0.6837526433395077	-0.08737956693538117	0.9474317262885257	0.03147194240875708	-0.46077763328776195	-0.03381195446050223	0.6596257195053722	-0.6205370078296669
DTXSID0044733	-1.8893660862628938	-0.9722763494142712	-3.505166964184227	-0.3032327646829576	4.0895869153354365	0.028374724862219942	-3.3160301366485543	-2.6708000160991103	-2.5038521083233896	-0.17629148537958889	2.4787135884294	4.795756483874592	-1.8304878602628392	-3.53322494940411	2.752321044077862	-1.5956565398317464	-0.8163860147361645	-0.8977768282859242	1.0885811467157485	-0.17051499813984503	-0.37360019117021487	0.024565956366441325	0.5578289565517371	0.42643857556185627	-1.0669662347889368	-0.689841302965814	1.0694875026185195	-0.25107297587187155	0.6281035542512068	0.427114222812629	-0.1278332739073249	-0.8718398046800181	0.33396937106692476	-1.2096861999799993	-0.2862292622993957	1.0034335041640494	-0.5376661945540872	0.5187948147544749	-0.8899240596393252	-0.20263891056222838	0.5951081347252323	-0.1104377529728749	1.427769872415256	-0.022913873830028006	-0.6397459729126176	0.08355422379541934	-0.701824147862069	0.9623510180954742	0.08490808965137288	0.48093056272097073	0.24851247589585224	0.8941587038711344	0.31777625887245986	0.8344689511880226	0.3357007332799327	0.39680470882819147	-0.34462546146357453	1.2017332386928494	0.48735456050883047	0.2048686491116631	0.6187679520812743	0.8663526360465371	-0.8307376970138596	-0.1386869411814058	0.44209944849091354	-0.007799157666157284	0.22509277619348025	-0.5067828447393353	-0.3483713690731452	0.6593921562046596	-0.3140019174849852	-1.0116115149320737	-0.04355103349583681	-0.2675969019474722	0.5787468459424718	0.4218244510188888	0.06628404158566026	0.01717454942712932	-0.20479244882986206	-0.46448718099497993	0.7279035391085561	-0.4115162977890985	0.8333924779124245	0.5883849313727627	-0.5311156822063132	0.3279270028995451	1.286405166648265	-0.6524508692332253	0.7641786637779971	0.6130396469431802	-0.9729277358162678	1.0146034820001504	0.4912008556567467	-0.31580972877649416	-0.5178787963402606	-1.0069454699621412	0.5881059047080217	-0.19231370153078425	-0.061945844248459545	0.13238109078250615
DTXSID4032532	5.743594004647976	1.8910874514365077	-3.144260778759871	-2.2874874522814324	1.8166131739631708	2.787779676484481	4.0624392084374925	0.5537892802754363	-1.6649937471045313	-2.9654508819355856	-0.10365414779234751	0.3862427736026676	0.1451273510495893	1.7418687200535072	-0.33630063140889416	-0.46305372948198453	0.06586703219072114	-1.1680916701105069	0.2336285850821421	-0.6680239935392998	-1.805264540299199	-0.5271493672593508	1.1065343885645964	-0.07438545042959277	-0.3464373169929538	-0.024665656256770294	-0.32948121302340877	0.19638160109709465	0.5749755146876641	-1.0195512251690408	-1.379354725747229	0.08520518831563202	0.4606682624708206	-0.5108174708089641	0.8364076397653913	-0.3070576005581111	0.40839699782584504	0.11062344003026071	-0.6572089432893737	-0.8667165089362004	0.08796611441284277	-0.01109194665040888	-0.560182335260526	-0.525823505457433	-0.019352199517751818	0.4219020859910855	0.17487039445684027	-0.11991623777807323	-0.054158955330230435	-0.6187474588377575	-0.07652126237919181	0.30902714845170437	0.17905314689518897	-0.38127739672255606	-0.000789685758159874	0.019850796890129533	-0.06348602819874495	0.8218213774301263	-0.18848655289928573	-0.19730397036308428	-0.1690628620178997	0.21834526832757475	-0.5580100739486855	-0.11899044243119256	-0.22563891034436098	-0.3140429330927178	-0.16508812710913287	0.3915297144049982	0.5452344400075997	-0.19226296427255954	0.7522559110671083	-0.4849970367955984	0.6100279300684178	-0.46514265144354333	-1.6630432617423723	0.3513147530087741	-0.1566641426115774	0.12414210797451121	1.8881747875468191	0.08647880413548967	-0.133737864697984	1.6638681482890578	-0.33411196558091333	-1.1906558877903313	-0.21346616113697492	-0.8723041424114176	0.3357294558123611	0.15588874826698979	0.789102703052824	0.3446967817385773	0.3258218856514616	-0.20413378251156802	-1.123879071730292	0.3220176426789908	0.3861725493369662	-1.397900506568411	0.19821399991967317	-0.2765391107405699	-0.6887748143670394	-0.5486087788943819
DTXSID9047910	-1.0962742220593897	-0.023208330715546364	-0.8886204797126951	0.45586396616207053	0.017818873940635686	-1.7300707430990945	6.235645623383245	-2.45415860620999	-1.5241857506620498	-1.774120579117633	-0.47960422821537835	1.338200443341696	1.2473772632726037	0.025209081162397996	1.5878909149824008	2.593962307933354	5.091110484834424	-3.493452873304289	-1.9937975068027163	1.0872361002026119	-2.8902269236343203	2.0720373064963513	-1.708244906500405	0.8567197712571748	-1.9484142292026936	0.28433161334746243	-1.2956456392618476	-0.9078780661127195	-1.1931787690811493	0.7212683638824554	-0.7222930153186313	1.9685669951851166	1.7650917183827917	0.6237322907655701	1.6144021485218825	-0.4676156699888118	-1.0332948864445377	1.0824870147286456	0.5932166889129121	-0.5506630536393556	-0.8070269182492964	-0.698879324306122	-0.9623923023045308	0.07293693509457286	0.3898603154675415	-1.2025720502981652	0.721415422314333	-0.10035503553643275	-0.3759881071528129	-0.442867828673598	-0.01599937552654045	-0.0016896999942313644	-0.8238811568973328	0.05560986950023465	-0.640405857533993	0.8607824768291304	-0.7035489695706336	0.5730035042725692	0.7709843570480173	0.5383166638885635	0.5765686371717202	-0.10177116222140173	-1.2157343282404485	0.987120240390108	-0.11675191449857379	-0.31696086573629056	0.3877751531809563	0.04376777361402635	-0.07705677400552058	0.198699165412304	-1.4711449390226576	-0.5082061169939375	-1.0819646898648712	-1.488279335695569	-0.523544942799327	0.1702595339932492	-0.26252963930035245	-0.33406589851562435	-0.06729528574346079	-0.6600848361792205	-0.603597052889823	0.07441940227568374	0.32494268499166495	0.9814470133203227	-0.8669026064413582	-0.4892854305450575	-0.0536035801789513	-0.5290101670748713	0.0009441883720950894	-0.36179671114658835	-0.11328509518962043	0.09017992867898637	0.34843226788487835	-0.04893387770112101	-0.2990124495454054	-0.24989378015180436	-1.6717653037831588	2.47513290204885	0.1938735543666476	2.2932280513253294
DTXSID9030048	2.2116784349805148	6.314640613440155	0.685225186392108	-1.8091851237240735	-4.10732849337508	4.294329126739771	-0.44881356898577834	3.5987542588632437	-1.1756718528850933	-0.0660678927721749	-0.7916130019335734	0.21068122971421113	0.48954006321669896	-1.5004737539003097	0.550354040373136	0.2103802343444484	-0.38217274930938944	-0.3456747420308316	0.4112004515795133	-1.2753857582869148	-0.3514806933069133	-0.5961890522102514	0.5852001275048988	-0.02203903238327576	0.3011522560955966	-1.1059354242390742	-0.20943564477840193	0.3018314895245376	-0.47647469380669205	0.6443716606710471	-0.6496534892170195	0.0768662006366235	1.7104511408815481	0.3033043609367223	0.8637577550487572	-0.9513930025699445	1.232928005732838	-1.5248531722409493	0.7181086526491287	-1.427107745821245	0.2280212116476103	0.1490934645590814	0.6517196820923182	-0.34980017325665375	-0.061734862541164816	-0.4013616000794096	-1.004976366957428	1.0562604508839362	-0.04650693509260871	0.4915904106573488	0.054205677266591715	-0.02339210658447002	0.7056883174511146	0.12220718556018574	1.002617473262364	0.3535964967202275	1.3776909507753292	-0.6396829099164083	0.8466199486717995	1.1435601748983926	-1.2926881324131312	0.15636876687360918	-1.033769059490237	-1.4051296793275765	0.0052134765808429274	1.099330183842122	1.3476008070359273	0.8460356438364749	-2.1130224751706135	0.0038205692919727535	0.5263629477295025	-0.16076923598423346	-1.4282642338234213	0.4551484805016578	-1.5446249048047043	-0.20284921649765603	-1.9673101517091687	0.129394617083083	-2.2623674544354446	0.6171652201579547	-2.0937004478846366	-2.56624677847222	-1.0369127503960804	-1.2010805745492368	0.775420125748737	1.9309558684836063	0.11209560647755269	-0.28267076869914926	-0.32989802789727374	-0.19332372967819417	-0.01976414700628609	0.09579516444030907	0.03977072014936483	-1.8385256619069692	1.9103240922662719	-0.47661692557527907	0.004382934025962074	0.5350891687750711	-0.3143975058719514	0.0654023623988487
DTXSID9034492	2.559361214280032	3.3839508795269584	-2.740082660441173	0.415767424564868	-0.3514133906194877	0.813891437340245	5.2702652214882075	-1.1327801265177373	-1.63689294644164	-1.9024054499452665	-0.15232175512946378	1.1269161145905733	1.5366445317312314	1.0446562159667825	1.0267719099465549	3.482047988999532	3.5502525959328266	-1.8327635150389412	-0.4493638232898784	1.8060487489439268	-2.4038645832160013	-1.8867510581198563	-2.2971369924852634	-0.34087327237949516	-0.15382560441787482	0.9178740459028336	-1.0925265902363146	-1.9294048634104783	-1.4609403412247222	0.6664865792778278	0.030376386669968315	0.283245463862865	-0.05696974246600394	-0.4421205372820751	1.0194152584568343	-1.6798878031548623	-0.5314730488887093	1.1002248718909329	0.9836053575700059	0.06588121051981864	0.12844262989406485	0.36369584070671895	-1.7116297202617996	-0.5289183289483285	0.8014470944764623	-0.9451974858489205	0.01813676940074361	0.4123148136677005	-0.27100267413307333	-0.4316088890565966	-0.03176007831986945	0.2706903697956966	-1.1484845860369213	-0.058485404115580085	-0.6863243349184199	0.23628515162037847	-0.1641653122604432	1.2186899013562387	0.7311348218440933	0.582108979860094	0.7628242355284325	0.04110562568833582	-1.9483106871744666	0.9915195066983502	0.17627880704570117	-0.458457338247365	-0.40445796478539614	-0.3772062521714875	-0.633570271620663	0.5929109143458761	-0.27697750311831665	-1.4596283310943245	-0.587794412212785	-1.2471189852453817	-0.0003170036533087762	-0.12547619633658966	0.4720861992136692	-0.5342690328795662	1.2868517202305456	-0.01820765597169437	-0.2095628686013741	0.5067736264954136	0.824795539556104	-0.13338004307820694	-0.9163893613246062	0.10898921631473835	0.3634849709985858	-0.006127691966465206	0.31310913976359034	-0.5433840962884725	1.299223128647041	-0.45836405749266546	1.9803263685833465	0.8229501294232182	0.04320742738461458	0.26785247177632066	0.27977223427895825	0.3716921899184553	-0.06037875455777662	-0.5784507993353577
DTXSID8057853	2.223487605424028	1.008873206453283	-0.9286825704568841	2.1168017921530056	1.8508314108887483	-0.1775010983137138	1.605876568376764	-1.2031228776072824	-1.5282510213416602	-2.297551846526875	2.6996719942582534	-1.1768228236869733	1.0611641515012329	-0.09052555314920362	2.106955191915149	-2.5050934914970573	1.1896894405400804	0.37757354587906805	-0.4652061081357931	0.3330981356283541	-0.7216341254465144	-0.6589025419809873	0.4466739380950256	0.32642477301538325	1.438027085759292	-1.0695902097895293	-0.9095478446701509	-0.6169490998765612	0.8634846498193423	-0.9653979797918028	0.7989055353137255	-0.4678326181188986	-0.27366451916736806	-1.012006165471151	-0.06248106798494826	1.113292639469698	-0.13131864756204892	1.3922649876572755	-1.8059048096231174	-0.055357634157373124	1.2196267572086557	-0.16569777552520146	1.4677323510912723	0.30275776995544745	-0.8010584841905503	0.4584223447222311	-0.5634972866968878	0.8264549216289946	0.5131165820652663	0.03329849625846111	0.4443050068243089	0.4959201158923	0.008570664341088967	0.16953812024022488	-0.29582441914378516	-0.24500989745416343	-0.1412692578422389	1.0386112984594043	0.7153137239121485	-0.7297174536079246	0.6054687340367122	1.3802296345212528	-0.5407478389851595	-1.5934534306884538	-0.17698869346698487	-0.12182364510695702	-0.09886426466225497	0.24692414523080722	-0.03366918774715499	1.28378183351663	-0.16057790300685076	0.14676217974951858	-0.18374828120791745	0.4394720966774629	1.2354516808525395	-0.25082693572394316	-0.7621167646186453	-0.5835644617706112	0.1629635515989951	-0.5854335853814555	-0.7558502045227982	0.10807172527641547	-0.23958524755623192	-0.32360305564434116	-0.4349104748437903	-0.3427376622138978	-0.16463849639879768	0.007595916542278255	-0.05022792534940908	-0.2242280179023653	0.9756962760642035	0.40026533314295565	-1.4050211261397185	0.724685653958154	0.2570285669842259	0.8568482919715421	0.5382649751100749	0.2736748569213164	0.37397043152713777	0.15361990695432803
DTXSID9045003	10.957470297306475	2.96669080713991	-2.47135752948747	-1.8331201473041077	0.06599486222801758	-3.0042657902664054	-1.2318420712670861	0.6030031626465596	-0.15158709603760065	-0.05061645450652011	-2.455379194135346	0.36411353941072905	-1.0648894108637816	1.8032276562493197	0.6905131904370153	0.34866619654360215	1.6512839210161816	1.2885843035370241	-0.3223452600048333	-1.7827241801608784	0.6141554487906612	-1.5373970676659043	0.1596910399968829	0.8926632221970048	-0.3382691675435306	0.3957821771212958	0.7294356660733305	-0.32156344109575186	-0.2644956590004076	-0.2323699523624919	0.019696133141411436	1.0972570993958897	0.5423246436394799	0.16245266464890923	0.5490063689325141	0.4898401134353019	0.6291853313940904	0.12696217513136493	-0.06746200479412941	-0.5834422577239828	0.4548291933532523	0.17193452292185152	0.4941937090990083	0.9178773457372966	-0.2571898778227205	0.11976091525070366	0.3833440118819445	0.31886491775747133	0.08833909958816641	0.5028548590701573	-0.10196901453733319	0.1796416147727782	0.40347933170613315	-0.3407621887373934	-0.18211983572356719	0.4397643471279719	0.021361819808127472	-0.21579184585122235	-0.44644260653532813	0.22847672128008653	-0.24854643024823664	0.29227699677188007	0.4328011694840363	-0.35617406622786624	-0.7681890018937485	-1.1645576231357093	0.15915891347162223	0.9455640270175202	-0.9404553729611307	0.1348953685791904	-0.636835229718887	0.5140958837204095	-1.3558644467618128	0.39358532800987295	0.4802727101535159	-0.19405954722125812	-1.79525672228165	-0.2341404565497723	-0.3784914264308577	-0.3937858677930624	-0.9390676415542715	0.5197277460849227	0.5113537026080563	0.32252963507215704	0.6929153990905199	0.07169354653561939	0.11464218603884867	0.23835955563023664	-0.33340845181004125	-0.3102528507034088	-0.5830727675548497	-2.3848909797336986	-0.43847999535499665	0.4674028730951603	0.8963674872517524	-0.39377461306893663	1.5147329540216437	1.1049737426197546	0.6212672334357164	-0.7611745139606791
DTXSID5044869	-1.9091311598364402	3.4671205082990006	1.237173032155767	0.9140899505137062	-1.1184863203989461	-1.197466592995837	1.746003575624558	-1.4293571892896633	1.194133406009253	-1.2505323846257526	1.4487202897161913	-0.5711218221982138	-0.29543460143679884	-1.3402383744141946	-0.16260828991971313	0.021183214080265873	-0.5045328863078905	0.22653277364538224	-1.1701614526003774	0.43248291201314454	-1.6942153850688986	-0.44980175363288316	0.05393946082828594	-0.5297203789400369	1.8718696024567996	-1.701818102795778	-0.5209386692064175	-0.3199818299768801	0.5864091825203752	-0.6808091977625838	0.3768091263940059	-0.019337119093921988	0.18104143430088654	0.5017679990048907	0.8869002885229261	-0.353588541275195	-0.5156943750623543	0.3003721306488378	-0.5683219538068328	0.05359423840061262	0.4975163189023175	-0.30724246816554424	0.7974936625503712	0.995370904226752	-1.049124263747262	0.13603495978761554	0.28416146487565574	-0.3664266845804629	0.4169285856219313	0.44749653655916827	0.136014123851893	-0.40331621009866825	0.07339842213115634	-0.549301941772087	-0.04370969572551951	-0.5185488808744492	0.03556833197359041	-0.7129385213841647	-0.08303299394373037	-1.0648401117063702	-0.22497993598690857	0.1329823239232083	0.13743999321939457	-0.25109977229334746	0.06965110672191345	0.0020077699769077387	0.22094574725942584	1.27847089349412	0.35841633499817926	-1.0825517658002852	-0.39600140497268943	0.6017058849220945	-0.7504112712198088	0.3910366430023134	-0.28212284429284895	0.3046884503835797	0.16166158086663188	0.2961702761937586	-0.4291639947618379	0.7458101609602583	-0.30143083708535323	0.16068836626016683	0.1869865137041297	0.9618793368264845	0.03740940121257127	0.04405531533924283	-0.25902625353851433	0.8298046659455378	1.0370003340150145	-0.2991070212232053	0.5431753094004421	-0.06871810301504999	-0.3002444852410142	-0.31422554643083717	0.023330540191777438	0.007642069557998139	0.32450096457619504	-0.2780059188455665	-0.1981954016336466	0.6289799489920709
DTXSID6024337	-0.5838052776957174	1.950846453999959	1.0131135193971337	-0.23701836420457087	0.7019018545082853	0.06904709255113847	0.32276788508716253	3.1622592715980615	0.5395077522738371	-0.1449362829967536	-0.39314675886475114	0.785758569840209	0.43633774896174027	0.20580492272871018	1.0414202063777458	0.37004073252448394	0.06640713845728943	0.5607699177917934	-1.1705314676901908	-1.6608647881131564	-0.31064156324130276	-0.69020283058076	1.3577539221722243	-0.6074855588762934	0.9371527929131062	1.88375391964865	-1.0757284212016587	-0.2935222260124045	-1.5713009809317107	0.9519179793394004	0.5734600272474474	-1.3092163360203444	-1.3680972493783143	-0.5148420057234643	0.058215500716165505	0.494532165282991	-0.5700242535406845	-1.2820413433724085	-0.0978073890727024	-0.14156144159187614	-0.5563578035712718	-0.2210508722615075	1.2566754994536848	-0.2537667280960286	-0.3993005681939006	1.5282583888670331	-0.30009791586218915	-0.04961455627243688	0.09704589078175758	0.26853470997035267	-0.09170514944185416	0.17495046318825083	0.5637882427908574	-0.2757160625497073	0.5814087616239558	-1.1000382928811883	-0.4371779939387347	-0.5622272527729936	-0.5563520350921977	-0.05444492629249478	0.10960394397763529	0.32691165577647746	-0.19735426842750028	0.26725549143054417	-0.20876784843275334	1.299291431259377	-0.7329623928049069	-0.2784423790757022	0.10839085023488294	0.945908194133409	0.10393654963471594	-2.20977586569082	-1.0894991676087988	0.3886966149993767	-0.7243673665023084	-1.3385435843749685	1.2532199057871978	0.6926791394793733	-0.1236588151391603	1.3074709439109176	-0.294371433120267	0.2894075341234088	1.0795254500720253	-0.36737567995222453	-0.7303266124688839	0.09381175865549546	-0.1016350491456331	-0.7722460675082949	-0.5379503832584602	0.015973326234881843	0.17780546421474175	0.17951240736800345	0.5169165095058588	0.5353427766239736	-0.07427270540526719	0.011068634467449174	0.05711599526590056	-0.34540464050470976	0.1679040703317538	-0.1677447554377
DTXSID9046998	-1.2382056652297113	-0.6099823419448355	4.859476928709827	-3.916488615334837	-1.9036918673036007	-1.5300453881487457	0.46514277231372136	0.40620180313244497	0.6290762753127926	1.094105490796987	-0.04413360229025466	0.19169298300578808	0.9613980305367895	-1.1897830826648734	-0.9599693136525511	-0.012840498646866583	-0.5998490392708518	0.29035806562856886	-0.13633430126964927	0.3429200078863077	0.1396444282018966	0.12478464289828578	-1.222077579518553	-0.7469627315975724	0.22825790987543546	0.17402456732367208	0.036041285930556104	0.39408759787994463	0.2281397661337494	0.3565226240132163	0.7572203366854218	-0.8959979062837236	0.2190563818587322	0.4072834534234051	-0.5632506195407868	1.0540272860697935	-0.2568798884033828	-0.29133333285801477	-0.46663292511180804	0.1397071719224085	0.5043630149104366	-0.366110057407847	-0.38174741894116815	-0.20608694725849655	0.13516161676698588	0.19164420100253884	0.21488265517648578	0.1137610911486907	0.11118351010116612	-0.5397465445468904	-0.3002272281885038	-0.3663155246237796	-0.25353207089357876	0.02027047807402404	0.11520396395104773	0.1313462358895772	-0.37502944952857603	0.38016776129267643	-0.16658526262046286	-0.1829745041498068	-0.072469237009826	-0.09326377351305062	0.3430445603632685	0.689217336519528	-0.42964194739167966	-0.03124473038802469	-0.5357086579225151	0.29996065348556217	-0.4870421112099167	-0.2646627170988714	0.08330557462219033	0.21801761061027486	-0.3169167294622887	-0.5817746969316785	0.4925117355471632	0.20907336901579468	-0.3489271762233725	0.20038435073371508	0.57199722245589	-0.8112233173960436	0.04984768958389076	-0.21576784791318906	-0.697409245421072	-0.08274194378184575	0.25799487657389164	0.23971566893155194	0.3546056590063652	-0.28700438521775956	-0.11089766521155155	-0.06162683114826064	-0.2166688394900841	-0.4391811323745303	-0.20703755287837028	0.024666206314503183	0.7308112581208209	0.4547943878338832	0.723319468109399	0.3681209193858883	0.6808273207982184	0.28009476271421907
DTXSID4048723	6.734744217578306	-0.41222948597825787	3.121300744977136	1.8546292934777155	-1.9269948233702925	-0.12518013551375898	2.3189021929311684	0.48908603838972414	2.0440188196282256	1.0344535837058813	-0.2363972699407689	-0.11351204089269422	-0.9190368649011234	-1.8935194086163396	3.5931373889558262	-1.365486431722154	-0.45306810551970667	3.5452713368048117	0.6572461752415275	6.435176289501506	2.2011447625331324	0.9260122028290497	3.5705199628282456	1.8713807776145837	-1.4610053355889974	-1.047517442752828	-3.1743369089958975	-0.17777620520405873	-2.009960388040751	-0.4143818345551097	-0.9429235540309968	0.23751196947534725	0.5249678597427971	-0.37786742818764574	0.40765339001184714	-0.7770637004295555	-0.4093634453885185	-0.6967604343538509	-0.880353031538146	0.5445974751321715	0.9317940030297429	1.3315268797832582	-0.7755773966855029	0.05487000037281232	0.025490975223210248	0.26581575293751863	1.0748729894743414	-0.14479949388093144	0.15904857708760536	-0.4967499461064434	0.10400028486501386	-0.09835009814745194	-0.14148593071534155	0.2337315511237826	0.5250629047765593	-1.3042664410467673	-0.7660168018519099	1.2759890143074404	-1.1984069008677913	-1.0886405959229772	0.43125307876580155	0.8360931039058362	-1.6939086081333354	-0.1739142700994848	0.08991676298332837	-1.226580002400984	0.24072241137504255	-0.49293780003013676	-0.4775174846995739	-2.054525504488181	2.7279840615139666	1.2740705802465901	-1.2277048732923572	-1.8327904295860296	-0.3918753141405049	-0.5724471709932735	-0.6582562076461488	-1.812814567672231	0.2636388499593839	1.288671901255363	1.9397820752464823	2.0056164133013246	-0.05023273419046153	1.5539172041076574	1.2584395866175861	0.6444739127082649	-0.9671389782819313	-0.8744410408130029	-0.10768409806054716	1.76454576534796	0.0023253459838788446	-0.4960404280024278	1.7899262405997205	0.2105290225053629	0.7515379866754749	1.388888959880019	-1.0181166187505686	-0.5529247180576823	-1.680686386208667	0.7486409752762048
DTXSID7046708	41.237791610241224	-2.017406499097992	1.6526415848654576	-21.027258374303464	-9.25223170140658	-20.447950966790483	1.140178948140727	10.143594390970152	-7.932045524018064	-1.576287298606464	-5.080232760470596	9.880215070625388	-3.0096992346487776	18.248303052483585	1.108334318646217	-0.4807950880119232	-1.8920189761131532	3.24782678279523	5.338100862145046	-3.0822427566093005	3.789136898700346	-2.1617442303975825	-8.549611116334844	5.799144794725993	-3.836902903626596	5.7426330947588395	2.483326251346763	2.6957510792233235	0.428705841761869	-2.646992955080325	6.009140905418373	6.477821294947812	-3.4081862173708175	2.1485070194343887	-0.27251299143759417	4.781339602824499	1.0242526623895465	5.956157278007077	1.2563652520391781	2.3498290268243083	-4.511812394995555	-2.021490162381264	3.2574176696041315	2.5616027802666923	-2.7573976493898313	-1.5515608619909709	0.6181775431554866	-0.33348149133792926	0.8229239730025274	2.7337709309484635	-0.014383651737653437	1.7830127135785445	0.9595739155106507	-2.7159276142195212	-0.27276304204611873	2.3265630193131903	-3.334987222359448	-1.4868571359665423	0.20414002900640937	-0.9699185292726047	2.8518492795535235	1.8082804682413889	4.4260481751176	1.3667019660166773	-1.158546663260168	-8.318396688969338	5.589793205065878	-4.087624948342839	2.4633095041044717	6.461443229191662	-5.971810368959438	1.349340093280033	-7.2505642380050155	0.547119356003955	7.583186046569684	9.680901361965114	-0.1495937957607291	10.616914333100649	-7.084714288782278	1.1927616324060766	3.053476838270892	2.2237960933088696	-5.3538223717564035	8.936859373203479	4.28004946448052	-1.3806774171624483	-8.67413999910925	3.0819220562979583	2.623961452220902	-0.3972489182856384	-5.4866122635573475	-1.0410976147161188	-3.481440696839513	-0.7992488002036563	0.2128328841472245	0.2354439273227798	-0.7831949241686904	-0.17592151774767034	2.2619268352262023	-4.19321127731218
DTXSID1047528	5.408349285916212	1.5528609845320887	3.91367678413047	-2.3404596506897413	1.2623968543461428	-3.4085433532747973	-1.637838685062975	0.8283623047815152	-0.4853036093165899	-1.766406260910375	-0.3214049562994025	0.9009397977156951	-0.9163181301323261	2.140473988051253	-1.7470943568291952	-0.045298369458267755	0.496801489318283	-0.7880149477005232	1.3383254890978278	-1.1550751689980625	0.030031687775357984	0.18890289975996544	0.9968922331640688	-0.3400612222616407	0.5220016329901528	0.6965349803425294	-0.9354936108604894	-0.7250549635392786	0.2692640744496716	-0.9065450457621261	-0.48604460135178074	0.14422470927893824	-1.199388741028778	-0.3444521391520372	0.6021803142696553	-0.3723576100278487	0.683274940213937	0.7545515472691426	-0.49278909967925855	0.14081324179208515	-0.12951255981296952	0.30429326151820696	-0.1231375251065122	0.20414912550708775	-0.5429191223159439	-0.031674377167818075	0.0400738368555466	-0.14048527309281011	-0.09265102512785611	0.20488745502654168	0.03596973297667309	0.18078318873828064	0.15004451665519158	-0.442415594837816	-0.3095961167751506	-0.2641508323124501	-0.3960276888412612	0.038133343720452476	-0.2257806755163656	-0.17166213962243815	-0.015841935158582	0.4873412871109339	0.40066016296752494	-0.007993888795033263	0.23746016504176853	-1.147062413313395	0.14166128651527055	-0.7448227557701188	0.10754268702020908	0.6427405269450001	0.03661208596000898	-0.137349429326861	0.6637579227658994	0.2827578371526909	-0.8597424108372894	0.921555951194809	-1.0033323718754399	0.7073309923868273	-0.6548287033169125	0.657001590180059	0.8105861054267622	-0.5003690388116174	0.5215571978477429	0.005520418427469116	-0.051674086732075436	-0.4859476492963868	-0.7045742229852846	0.29088178990607916	-0.35235017313673705	0.9538431242659606	0.7314982764276214	1.3991195794690312	-0.4124402008444884	-0.8805255365865411	-0.33842825431220813	-0.10952032592820415	0.6747434012459071	0.14619000399609264	-0.3199986028191027	0.44399467421218997
DTXSID0047088	-2.5616435689234813	-1.8464531585562205	3.9700617549883526	0.31241018056602027	0.5957428827926716	-0.2655149521785089	-0.026455080526239277	-1.0477024007449023	0.29974460543105336	-0.0715421951850248	-0.36254380429126054	-0.2057196341832912	0.4544656086427009	-0.1438842039285427	-0.3295032094320258	-0.6735534077765853	0.4894686767869568	-0.3086531381778216	-0.38267511878848476	-0.8490219488616702	0.0518335791863784	-0.5936450030129405	2.2854268153147834	-0.16850919912902845	-0.34547272837349263	-0.5861837674854662	-0.2591120953540216	0.027754850286093643	-0.3099508163349109	0.0013588177322601713	0.3859373308918801	0.5360702599144517	1.105898089978155	-0.05938594590520312	-1.2175708019018125	-0.8577062459875621	1.6432938557356844	-1.580617134585843	0.28226518078888724	-0.162154406194492	-1.3255344299751723	0.3799787501804863	0.27062454496593513	1.749342222225821	2.3187076260765846	-0.2580183413525727	-2.205445518953786	1.475355135992983	1.0609576658694355	-0.9255224207347426	-0.22557759088031096	1.0372591198651004	-1.455535918439578	0.20148054635145926	0.0323581889438362	-0.2205130490358034	-1.5285533550509878	1.2340853408776133	0.15881380307019716	-0.19074257073076928	-0.6597232655233934	-0.22489400824525171	0.17713236101701577	-0.18987382103051945	0.7769217253315517	-0.035832481239246455	-0.9591453767477978	0.6362681924937427	-0.1725345292957497	-0.2867448937436044	-0.6409667598890898	0.23851149758364537	-0.31211926625354225	0.06581627373297597	0.40178934515133186	0.6593666855002452	0.2372288425526415	0.6245384847274571	0.5490879237575278	-0.8374523201357794	-0.1729135426235666	0.2332274661866463	0.1968527211115461	0.5365688388265684	0.26644309603420924	-0.10063169628453542	-0.6139216676204128	-0.8055242102887074	0.06878162492925441	-0.10734753017589696	0.17592180977511118	0.06445266943869905	0.06625823754692993	0.2923694205757351	0.004711943826736852	0.1738401999161395	-0.3114247823052766	-0.223336463941581	0.020520363451966256	0.3121490620641771
DTXSID2048793	9.211921768815262	0.8557253498338604	-3.5567286285880413	-1.5262655831574028	4.318722930681544	-3.3475645302273516	3.403849838956021	3.3512337246671464	-3.2970199172871966	0.3394607335147213	-1.9855846226723222	0.19373208226324642	-1.2720904729154927	4.26835763731323	-0.34862561716105556	-1.675529496937462	-0.27495145302689666	-1.0463370334984274	-1.1464696176520126	-0.4516374881161847	-1.882745821001616	-0.25112838918374875	0.7633083504955966	-0.9414580677583597	0.6089283765092715	1.4713065994807975	-1.5030372290908012	0.03171015564418317	-1.7117372861685702	1.0939368532218587	-0.44615226207907066	0.2716194746411819	0.4447522326068588	-0.342270654531018	-0.5323216608455054	1.617786054540262	-0.03460772848694382	-1.8846522560407704	-1.0163965075881494	-0.8596230673080032	-0.02763494533522508	-0.8400009383624691	1.1676196011325735	0.4184585896863791	-0.3728705010998805	1.7040641092107052	-0.06872872896541356	0.7312468815760612	0.2520336811081708	0.2073264411189726	-0.4789653744089524	0.17523387573236363	0.6183233230580033	-0.16482631102795836	0.5001640595415406	0.43173232134853873	-1.1930400754029837	0.3214121955624302	-1.55445506108183	-0.5404432341228379	-0.7909193651173443	0.6460266912590562	0.8726710403315445	1.1929454743893073	-1.2366424478372204	-0.84714998708621	-0.8491007575194022	0.13453861424893504	-0.164459165072299	1.5664402108132953	-0.5180376943021135	-1.6199441358802216	-2.1237362587413986	0.24127999306678197	-1.0062961399408399	-1.2890953741912095	0.2826253957897031	-0.09974923932175915	0.6248538445239474	-0.1866615994214964	0.11063890727839103	0.5185554780946906	-0.014124459452186584	-0.571465244167875	-0.6249888563121226	-0.3543123601396108	-0.8896401937966927	-0.3522902528649192	0.26785730453381207	0.08697880486941043	-0.42382852557080225	0.33638670162586415	-0.9975825137273235	0.9105742771701064	0.43090973969324586	-0.7058718318845203	-0.16634289584630743	-0.14319122389047367	-0.14100626229642158	-0.708975024781879
DTXSID5020108	-2.1815772141339074	-0.1532376298774234	-1.4358298370832185	0.5248242358357214	1.6707805078199387	-0.8695735908957551	-3.371732413705701	-0.8793380998413441	-1.4113069980397417	-2.350668747316047	2.1284094004313863	-1.1484705278485188	0.8548287287387054	0.40820473765482906	0.5038716424515899	-1.406667705715734	1.1688502166081214	-0.0018316448090268205	0.7024815638420556	0.6236481885615777	0.5489554027579893	0.047360409563421205	-0.07929522944243467	0.8962546541055901	-0.14111669986435904	-0.9168207407098435	-0.03364445481904881	0.8274771487103028	0.13327779905215015	0.4751249868003438	-0.09810637975294872	-1.1206567182125526	0.3964994835286013	-1.297060688600486	0.002859361447029949	0.9578324825114897	-0.4576286171934708	-0.3915647744116852	-0.7650343212741583	-0.7180922144192168	0.5303225069882495	-0.10363987897141412	1.0504423110313155	-0.6616733071996783	-0.1427967321217206	-0.4395488881105722	-0.45774241623482964	0.9053385364820808	-0.2779915563560825	-0.08963602028402545	0.14476535089723416	0.5136012288456968	0.34918684278753903	0.5101291172911585	-0.20324509345240732	0.9164635591358248	-0.3029581736831362	1.1068023183091038	0.7891954963153733	0.49322220308080417	0.08129140462912689	0.8759719471093308	0.07988662791896085	-0.5966361863586732	0.34589191662359076	0.5844396412933314	0.10996393733318306	-0.5237390665218119	-1.1577431008575505	0.2708986270121325	-0.007863202532373926	0.4472455735848356	0.09222883000562483	-0.837230305502258	-1.1156772491856242	-0.4811228978640103	-1.3728038839229166	0.09540803377872653	0.7915648186316542	-0.08128104571671578	-0.03117009101501452	0.12807243273572513	1.008864265934114	-0.1491965456052803	-0.4714322772917696	-0.42733752514915924	-0.2252856535550321	-0.4660583482768742	0.2743850433636256	0.07934186639540845	0.5356752232497739	0.0848617491775656	0.24340159504776643	-0.15304831746700734	-0.18970028371293135	-0.7360907100881036	0.24338197091172606	0.12762972172197054	0.00040210607279302996	0.00479892919163673
DTXSID6047157	-0.574755184588739	-0.45702136426995815	2.5721862415343986	0.9191725286047638	1.1373178089971887	0.19512657205263134	1.3876183804339015	0.6315081079907594	-1.4057096398361568	-1.7250983874308672	-0.4324832491327203	0.3927084845215723	-0.36226496898814675	1.1667028727020659	-0.5029304004503461	0.2539604924086901	0.9618196496880689	-0.06217324639800594	-1.6638837037477168	-0.2773759813024447	-1.0118530812888467	-1.2410103039169138	3.0503911761217712	-0.9725927128949624	1.1547951791894802	2.383912317934192	-0.15661264066341204	0.4031398458654742	-0.9740339956431001	0.8039550869037242	0.9221137424291487	-0.3379541859024726	-1.814150361699332	3.6306557957034533	0.5406976770620251	4.433989964827727	1.1771384005902885	-0.6147368209047716	1.887037459189397	-0.5601579422383549	0.39999827668948024	1.1498773869299246	4.031309924666906	-1.9062745230788403	1.0820039361839866	2.4331152331524906	0.023329695551899506	0.5841068262398935	-1.1994871145110417	-1.0177611488982514	-0.725528649450681	-0.8761800080704703	1.6377661823237084	0.1599471710003686	0.4306006898732364	0.8949796128124	0.6396227790871833	-1.4238430006221727	-1.1891127456855506	-1.4625937413682293	0.8055456088491116	-0.4366536999860298	-1.7747919896629925	-0.9643853419019243	-4.032319460742034	-0.5194143505227096	-2.142176229868347	-0.11586891129474916	-0.3974515878487262	0.7106796175351755	-0.5539429124002119	-1.3615289810288354	-0.6495868160554944	-0.6089081300325939	-0.684123226324461	-0.3742786929796525	0.7629901240993413	-0.8517105332321658	-0.4901653273614586	0.054653380937444616	-0.7998289330564354	0.22701761107513488	0.18617826836160062	0.8120129217411951	-0.014417722311014562	-0.2831701875759288	-0.02425768831231556	0.12900374493415293	-0.17945334616839054	0.26571671150733206	-0.10149492317644718	0.6930383740924398	-0.6369843008236497	0.36724807825691286	-0.6631263488391035	-0.1048128878739927	0.37800375770324485	-0.15070433979741804	-0.13203061400566488	0.26791955640385123
DTXSID9051907	-2.7723881354898956	-0.6619964391358995	-0.06034991635266213	0.9260413472612357	-0.049250339472859825	-1.4058027028707196	2.7869596411873214	-0.5207295118721101	-1.1568025738780798	-1.8070506651176093	-1.1691115222160118	0.268478030890224	0.2622248244222431	1.7398677119756127	0.7095990854133343	-0.23462276381960007	-0.10135123012105052	0.5693263363316355	0.09898633010538327	0.22455177816807276	-0.894908297475136	-0.30298865958832527	-1.7375192873993481	0.3969714616164689	0.3290676905353898	-0.8218751065837019	0.8851826448678992	-0.353879607976345	0.44112752222279833	0.3604925824050759	0.5956342886359182	-0.6511515311052536	0.9390297451741382	0.1805746870946721	-0.002886332559588251	-0.013427011021197312	0.1864354121153435	-1.0900219623107161	0.17710516812710664	-0.04971114468354802	0.11018485662297249	0.795794374256641	-0.8759138032984134	0.25918331933888833	-0.6435140166847437	0.17744715905401445	-0.5517266512265137	-0.4364986520513403	-0.2069788761543517	-0.4857219293598125	0.03279045464359342	-0.25439128038468156	-0.4482514310480606	0.35051712916410505	0.3471507520739726	-0.5560755246554117	0.20649956946852568	0.7255585650977777	-0.010932509412092945	0.25565601403124977	-0.5965567748781214	0.7955237727159441	-0.2905531239687295	-0.7238286950145177	-0.6345122983530592	0.1912732454381145	-0.5605463690102365	-0.4246626106706894	0.04397604079483138	-0.36544630364922387	0.4079736914159497	-0.30581466939989077	0.3152774618601281	0.4341580420604728	-0.10868401245759762	0.1048761723987594	0.24172210262620167	-0.4307386095026464	0.33602718214589183	-0.38813971317987467	-0.2917285672616165	-0.5670529982177214	-0.464115547425213	-0.4638974972086694	0.20869350169068218	-0.09788340543479263	-0.4261191406703688	1.2584593090136578	0.19250298172696334	0.249547778354587	-0.28785208254665046	0.3670532527996953	0.2850482779340125	0.343519201581083	-0.027196648384393125	-0.4723406272676602	-0.03444310649333277	0.06897206669597235	-0.18942191535007988	-0.17478302854408123
DTXSID8024286	-6.8290528616461055	-4.289781970876472	0.2784366487475131	1.2744328858686134	-0.8792393256457605	0.008318695619001688	0.748304315624565	-0.2045544880602372	1.1106060079452338	-0.2267212564689776	-0.5197016965070256	-0.33724766896713637	0.03426985667035321	-0.4668254465909269	1.1366694941171656	0.06580844760766208	0.35917639207596325	-0.013723782769059086	0.5469707995750227	-0.12129198718006601	0.5690019466898476	0.09904368126212881	1.1693398955506045	-0.49867350690265205	0.632021411454092	-0.058410228228439984	0.9026507126737653	0.1524511605831026	0.3693243774486255	-0.07350167931008843	0.6056561712019203	0.11004674996974013	0.26141612909435524	-0.5338330089202983	-0.4847322059365341	-0.35932261003301547	-0.07025805624012543	0.0714827950337405	-0.1794592060340913	-0.1830978582194846	0.12685623233304782	0.17788783669433403	-0.4613103234368088	-0.018156468472474686	-0.14900990344839293	0.3967402839546821	0.41945792611427546	0.03833057742529036	-0.06754110344701246	0.11476056568347014	0.04491066297588337	0.024123608165961	0.00865664654138684	0.1958247902392358	0.16305477568891352	-0.4686369841425919	0.13825629988448587	0.10168174315494692	-0.2813005365230835	0.14727655393739394	0.39490813717403483	-0.10176484665368427	0.016403042925376952	-0.38253681145767704	-0.31082913461224004	0.09715685160386685	-0.26224929705523387	-0.23113662809724358	-0.4283121023772557	0.6289334254918102	0.2200567110830275	-0.003189279686472179	0.4618822258840828	-0.2189556476598487	-0.05350256189041311	0.1608292722903292	-0.4646227890070737	-0.4932409872181703	0.06031339009434487	-0.49819511007219786	-0.21522288446714394	-0.1962448442215557	0.3578236669497095	-0.26496601070942233	-0.01066693510565931	-0.2285719739327902	0.338132492141075	-0.21639925197084714	-0.13373064047709302	-0.02884241383971813	-0.2553902569747499	0.09988135726270612	-0.11020409355768647	-0.9951802305385116	0.13200673302907395	-0.2789970198616959	-0.6562893150281475	-0.20360687566142924	0.4188289280291069	-0.41958829279596654
DTXSID8045935	8.749156633500927	1.5886777562928034	-4.533389764180625	0.14005425219705234	2.3451435844143123	-2.163331686382949	3.047383764430191	0.818355647920687	-0.8862243342351511	-1.5609293581103432	2.6594276582710576	0.5355087703852477	-0.013060377311517782	1.8305369278382089	5.5466756097667025	-0.7727538236481651	-2.275824752269919	1.6613583776303884	-2.220093231789525	0.3401787729243102	-0.7139278539178842	0.5897012609890576	-0.023602914205413425	-1.1129527744941348	3.0667203730902255	0.401634170866772	0.47502793948009153	-0.1894125572732894	0.4617658792145895	-3.1906611447480038	2.2286405144772385	-0.06639761355493423	0.787745494169624	-4.669695285456611	-0.6580711101228675	-0.6423059748020068	-0.9404842287326904	0.702833858838127	3.1355778723150003	1.882323114350553	1.2133072604830977	-1.815890332680158	2.4919557769292413	-0.0986975062456205	-0.6996908124383389	-1.7728961855699321	-2.133674969069427	1.3587336773235008	0.40729967069199785	-0.644819014444418	0.3575895933427906	-1.457787986803466	0.14125953396775706	0.8614241418847073	-2.0425352626959965	3.0909456323381312	0.18020189978081844	3.3115426722036387	0.8909774662600668	-1.8796330417352909	5.2143600968616095	0.27433711166585273	3.698999383315424	-1.9582797426439666	-1.3949238568514735	0.5548497048310205	0.3035104232130143	0.44042822016312605	-1.8456086757697565	-0.006603552104294913	0.9922284038991109	-0.9554174129535739	-0.46192050896867903	-0.14444444332297646	1.5374026936515341	-0.6175921373235368	-0.6564697731133833	0.04324830692553335	-0.6254633058952958	0.34843314066464515	1.0302722541702827	1.4127562066157602	-0.9090048172760306	0.17976701906582418	1.537885564319733	-0.3463104323524543	-1.4245167215847316	-1.6555500811242934	-0.5345763986425283	2.693947266836733	1.7313474058579494	0.34010465171173465	-0.5503787201797803	-0.12965484653222817	-0.7788590013300829	3.134086401586006	0.91458771081595	1.8296576904145319	-1.2294825776270784	-0.2580586993210752
DTXSID4045559	1.3641539313917759	0.610062395309991	-3.3713933667129643	0.005546725272791416	-2.158562339055926	-0.0013587084690886875	-3.528456776778538	-4.879674964979573	-2.3416353477601306	0.1661681482364763	-7.780340615437138	-0.16419893245848843	8.574570319469185	-0.3939717771159529	1.2652623752801277	-0.3741143288719017	-2.636907898746274	0.6708644620163603	-0.6973484482799782	-0.33544727527446244	1.4064028097136627	1.5546745448869899	1.4195432724095258	-1.4433641423311798	2.6841928657502496	1.1909382378579663	0.05823307917292138	0.68810044604744	-0.3763558278520741	-1.031015760424616	-0.011256874758409847	0.5390319872398254	-0.12206207091153436	0.27532429631164024	-0.10186778929565135	-1.281474006190146	-1.2169449861435901	0.0822477421714433	-0.2581905633062276	-0.33329176662699866	0.25491853049565355	0.3479848383323835	0.4608184380210075	-0.36051015964024563	0.48628507260063336	-0.37642650150649165	-0.5988226507424264	-0.39492150033164036	-0.2862702235533705	0.42207080545323994	0.007427200995263257	-0.581717502749933	0.7477556965358614	0.27333678935886324	-0.1343345104959394	-0.1814521216245665	0.9391873467916136	0.05240080501583424	0.18162438076594578	0.21486081761671738	0.11023772136319293	0.556302547235668	-0.5855466548251193	0.8133345490648352	0.3371044588418555	-0.4985349226016413	0.8306194455075057	-0.9728067997805478	0.42331337623741117	-0.8529833340077101	0.07827286636397349	-0.6267982154142456	0.4639016848972223	-0.39700170461847584	-0.9098110329317511	-0.11638078602183292	0.55744635727142	0.24957264867845427	0.0812385685491286	0.3670032285502141	-1.9438645560192491	-0.43211772490012734	0.684378434656286	0.44040079593899256	0.4283335040795165	-0.5635584887773414	-0.2015891343046508	0.9448040557380236	-0.05736840512591513	1.1149804268706303	-1.2269903743817159	-0.8790628020440981	1.4337742737054477	-0.3976812712416438	-0.6540896400485381	0.427983675052654	-0.17762770220863033	0.10351029401310663	0.4099891107069188	-0.2847004207291832
DTXSID1044980	-3.219615019247111	-2.1791518238387453	0.34212058589125033	0.07681939689484879	-0.7692952220265044	-1.7982755223028675	1.9282197091159297	0.0002123898922628044	-0.6206561119082534	1.1492729280492542	-0.2767225638729695	1.4816251671291978	1.7949854807838739	1.7963911166116253	2.9494677497830826	4.454943995435646	2.117976400393887	-1.4645098831543513	0.8044033276230903	0.8621317101249896	-0.9358293043927709	-1.2638026048812983	-0.9592862880225305	-0.5592037418513475	-0.09056365736112633	0.554599677558076	-0.4862579848717939	0.2037826555396788	-0.8858352201110555	0.2484572423013296	0.74191339973573	0.1444373506146517	0.6043887982643844	-0.8781504642534866	-0.44785798255442744	-0.911103823529665	-0.7756816301265774	0.6876734060200778	0.2482023500528457	0.1374496206314655	0.9740449887268579	-0.015073104188043066	-0.9111026271716497	0.030056563523436053	0.6844877702911547	-0.9239133330147471	-0.5371874104449098	0.6176038982247533	0.30054084648643725	-0.1374531777498061	0.09739390464026114	-0.028851659822450245	-0.07764360592005631	0.10747279403217445	-0.20822004696367813	-0.23595488855913008	0.6654111071951674	0.5829521292074771	1.1757223260680183	0.38971604458336867	0.34492356981282485	-0.8778527749114979	-1.7879067452140545	0.32439303616913406	-0.34232928411364044	-1.0606829944970888	0.7322005734713452	0.48585995685414124	-0.38936355258062594	0.7013180041287591	-0.5972084439122193	-0.17908967564179892	-1.1752843688276182	-0.9458077733192655	-1.1614389935602711	0.7593248017011816	0.2660728620407946	-0.03448412713332172	0.006254612085858777	0.1815115619199363	-0.7964490940759303	0.2761316113347443	-0.1622497867581433	-0.09917557502036084	-0.4411330582491108	-0.48661822326066345	0.4557044211149525	0.34520887091267394	0.49134266968687645	-0.6499877569096836	-0.5462972275834475	0.023536608109104355	0.4547419534333265	-0.3529605252582887	0.785458389554842	0.1414953571499318	0.018490945176842917	-0.47211872387357817	0.7097242183600833	-0.43546998875970017
DTXSID2049135	-0.42099708435677025	2.3171404898341574	0.7487647198561156	2.6871000954498077	0.0207278328759022	-1.3301621336502207	5.632995741773578	-1.612551462778175	-0.10863470008875263	-1.9930272851882984	1.2771919128529223	-1.6400172518840428	0.42552665255388467	-1.7854702765643122	-1.3393115594216345	0.9656661526125608	-1.1239587499921777	1.0286410446847298	2.3482762381555835	-1.8884731638723178	2.0128709696480116	0.6922694153700313	-0.31913588480037197	0.5181827153056326	-0.4610863055606204	0.755529468978895	-0.0003431325265942899	-1.2774085370155186	-0.9279083009533525	0.30581081144975275	-1.0340360885101865	0.9706556089912722	-0.06646336364654912	0.0735268629312456	-0.4539694376549057	-0.06672313412284639	-1.1693078352429258	-0.21356244466629548	0.5446227422006064	0.14763203510767192	0.31391724941596805	-0.693608697403456	0.4404948221972822	0.3447788784579605	-0.42186038753630684	-0.6911138892681411	0.5780126518140586	0.7934691646926887	-0.4933390749952596	0.23955708452607616	-0.5529879606998269	0.015359222195326797	-0.4721406585146398	-0.28068065579118445	0.27231455135790955	-0.48510839377278947	0.09536223561342123	0.1998656668284186	-0.711502785728388	-0.02944959454823512	0.23045896855636372	0.160937637209633	-0.39799506616366526	0.5830981892986684	0.42306269738756386	-0.33427096825946734	0.4710646460255101	-0.2461745315593224	-0.758439567111744	-1.3098104180009533	-0.6259000123814683	-0.6423816757198351	0.15199405026941817	-0.6995579727136297	-0.25183257533960596	0.8014292118815606	0.6499912853657552	-0.2292063992865239	-0.06720460810378857	-0.21209766775062366	-0.5104343635833433	-1.3629942531710677	1.3213343032538614	1.0195573723523876	-0.288314017056865	0.8551666210980834	0.26489788089431215	0.40059755466434294	-0.18868971736167553	-1.1143359987996964	0.6963258885172381	-0.6919487801301775	0.6750877496536997	0.2599261326115495	-0.267373322842305	0.35387998374730506	-0.42408708737440376	-0.6616712884494155	0.18517674103678203	1.0579710215310802
DTXSID0037237	10.782478504998386	4.511481571195067	-2.126648917764007	-0.12035027517922144	5.880336453018774	-2.094413941758905	0.28629778396055183	4.4167607613641255	2.763785693803198	1.019138845375117	-3.8942927957659066	-0.4090679239270243	2.173050414503211	-0.6708202335424536	-0.027999484987054343	-0.8924283471897565	2.190349882271903	1.5089398160194205	0.8624701456905621	-2.329247942117016	2.463175011245294	-1.94118701847414	-1.7108629020392927	2.2912266301831083	-0.22755771712269873	-0.7265799822681567	1.0804326236756472	1.8924120607409567	0.9048888774899405	0.16968361549688032	1.373510828186594	-0.6890108777770836	0.4800137696417331	-0.4524027892301618	0.29788125024407863	-0.7720624110974192	-1.2203971745604618	-0.7585945547622739	0.5317269670142574	-0.5803021124169154	-0.11715855337058707	-0.3453252955473256	-0.023045573630411747	-0.000722897827893598	-0.7038982136518243	0.4880789081768866	-0.7853839374607373	1.0530023021365846	0.01555208567302279	0.02490120680239151	-0.27557168159507717	0.3723940733350216	0.012794964964283383	0.48785021368589393	1.6566977117031254	-1.8209242294204038	0.013587958674504975	-0.4046357146978002	0.4547407751121265	-1.265557849052292	-0.9424226596685408	-2.2560059226540283	-0.9400100664591015	-0.7618513997218639	-0.39965554819159	-1.5912874975877238	1.292596826653919	0.6274382522947566	0.062382896026356854	-1.1698888435220736	1.6462083332813813	-2.025393615315621	0.052910496747933786	-0.0922980412636614	0.37191752412701257	-0.6118587023364369	0.6224172244877931	-0.27389193600790124	-0.16597235973731767	-1.5060518699979826	-1.3086190879126323	0.47975151186769194	-0.05059358356237062	0.6343384056255498	0.0741449893497579	-0.6958477252580523	-0.5850507259996077	0.9604474140764342	-0.21961925978858943	0.49108379081809883	-1.0118015370654456	1.2694035716443064	1.4551131664069377	-2.6757248421675373	-0.27389688506334064	1.1018107395403522	0.08542469692651793	-0.49052483624572873	-0.6391581160131138	-0.09884723867628697
DTXSID30395037	1.1563592628485075	-2.7098567262119704	-4.647920683853484	-7.9869925577014955	0.2195184947119757	6.041180352572685	-0.2925119436432151	-2.7353543203679416	5.525580021039926	-0.7231035201147565	1.5675677460204571	0.16670418247730837	0.9867135425387363	3.9228290006761317	-0.34784760328184194	1.6110098843517864	-1.5878994058435953	0.17894413340501802	1.5853400693458195	-0.8036521578773315	-1.2115092514267072	0.6583756280804284	-0.8277371297145225	-0.06249689401254184	0.5042269721763043	0.05230559230656105	0.09373067001027226	0.614961494046035	0.1969987455040781	-7.82820408708781e-05	0.7002504920823206	-0.20847087687389332	0.12119404553442348	0.4792952045281264	1.041703535048384	-0.32489058274286325	-0.010262137010019528	-0.6320358671336735	0.39197398345873413	0.25857275267605645	0.10561607356274423	0.19991316447640928	0.18047502227340392	-0.2599510737097357	-0.2873699886141734	0.14999623301042006	-0.22342751401685582	0.31518633895597914	0.10681306954196813	0.11924445232403634	-0.005948688845577244	0.04861111613293509	-0.09617322037680322	-0.15774493773576206	0.45787820746205365	-0.11651128223627012	-0.023316923514773196	0.23705686448703614	-0.4020263795504946	0.17598652988294136	-0.26772875026012705	0.18823667960510895	-0.5801534486649149	-0.24236939316505113	0.2122996572390292	-0.24527474182437345	0.6413613940664162	-0.3166822497743535	-0.4639569429895208	-1.0034851971685907	-0.13194321314920052	0.2446719609956068	-0.47155074099167427	-0.20107335802981507	-1.3391703934549044	0.32171947197284106	-0.098073087905045	0.8388661572920644	-0.057601580579578024	0.9311598778193555	0.014187963741791612	-0.5843921962050604	0.6120856418837448	-0.22614863168129484	-0.3555069395478447	-0.16156228316916804	-0.9432307558568406	0.29981180901817905	0.4317784286980438	-0.12088136072916243	0.3157241846527593	-1.6038012739113012	-0.9876106311827768	0.8111284014666531	-1.0244786932256094	-0.12008268430635446	2.057276635082662	1.325758509744875	-0.0524896553959774	-1.1812062555041392
DTXSID2048587	-1.1118276317035505	-3.1067778071325183	-2.14493626867184	-1.7504241247105228	2.85684182079692	0.13590172303244116	-0.7222911696377986	2.4187726826893368	-1.2710403419226484	0.062482630856097565	1.6895291999251487	-1.6527501345408135	2.3154205682220903	0.09314627777317334	1.3852088348649623	0.012622352897318502	0.4562398409887871	0.1565083876849048	-0.3180120445292598	-1.6614445191467764	0.04775430009929713	-0.05831405805994425	0.8648562661867765	-2.5606536579795223	1.013064056049137	0.5504245399712675	-1.9653524504479611	1.9905834700861316	-1.0995102197654403	-0.4231790515772377	0.6283315085851725	0.4036695988974075	0.5847793835469285	0.9682390678990896	0.8347948018213662	0.10298746429232208	0.8496744378963654	-2.3025904621553894	0.7293738199164261	-3.5511124618963836	1.2747350964155317	7.73132383546918	-0.9664114700302822	-1.6712112055496156	-4.223171309287644	-6.7156580775125985	3.71503141617277	2.0101170205119514	1.9839272932970788	3.3393600266829306	0.4781457246665722	2.7580160633874415	-2.1790668225814733	2.135464321674824	-0.2946433332658317	3.1642186955866265	-1.1032100038072743	-1.5638158954409043	-0.6822792601085098	0.981498220613965	-0.06917306737258336	-1.1194349244481403	-0.16509627647359942	0.006550520801853417	1.3015485656158483	-0.26092344658743494	-1.4321406527923584	1.1118795218543234	-0.05830487781678664	-0.27502138211070204	1.668803614541972	-0.22840706339054018	0.41945542839016614	0.7592855160374188	2.0998282856911485	-0.873790417148553	0.9880224944665233	-0.7464632735164418	0.5394546107433307	-1.5363363078425905	-0.4304652778735436	-0.025292418341142736	-0.26203759340523775	0.06948925224647245	-0.2030414745609199	0.22751160184719071	0.33807716632636464	0.046997620824197846	0.0132894392961504	-0.027263891023681975	-0.33316082845846245	-0.44425881531166966	0.27604322594303854	0.7314509272098466	0.650608825583065	1.1267847966388815	-0.4340909264873318	-0.34038064831958625	0.26147949739546655	-0.029104713918960086
DTXSID1021821	-6.348045822811184	-3.321497736093406	0.6280085038760629	0.12703109886835834	-0.5773996152646959	-0.2508388349306125	0.11587844812604961	-0.9334639362093113	-0.20475768203568812	0.19876264755331463	-0.4844470968417084	0.2996073119416729	0.22741466193829823	0.17277178243981692	0.3637740280037143	0.24560241967186314	0.9001627487647689	0.020007995560476114	-0.46402949244084923	-0.870901654189647	-0.3515652322830406	-0.6075075749640948	0.5151867410626222	-0.04352479268486584	-0.695899845961872	-0.4536725959793301	-0.8155817655280001	0.335725532562593	0.46712293863567655	-0.7122933790183934	0.0713353273002956	1.1178527959183133	-0.5739644430520576	-0.15428855009780107	-1.1759043677676322	0.09282953841510344	1.8150297852005537	-2.0500256179385987	-0.20554448227632952	1.3993463292763502	-0.44441223182262934	-2.627021402908601	0.20742388385037744	-1.6766788538276032	1.4468576605283021	-0.5716696570531394	1.2570912706291557	-3.264239916992298	-4.160848882107093	3.845918368977405	0.7379458172178249	1.1678188895606028	-0.1706598973995929	6.316833603896247	-1.1290943128171533	-1.4617378176136622	0.025306261468475602	0.5560086627851549	0.08295501953734329	-0.9317097188796608	-0.1095250179213016	-0.2964029815220366	0.293586676409498	-1.2190993285790577	1.5186419415361045	-0.45909389460224265	-0.45534969742370823	0.5713228762503332	-0.1541950636006311	0.4906395033304667	0.6992623342357616	0.016864082615412942	-0.44599109704940787	-0.1585628902963023	-0.6509990907746657	-0.13862866848387173	-0.5863402550084599	-0.16172020032283727	-0.19324523410896952	-0.47937598150496574	-0.5122939810279615	0.016154024578052876	-0.6089199098670058	-0.21984992140438386	0.18980898203611035	0.13267149337511988	0.49471543320576467	-0.003488982891691946	-0.12359359442792786	-0.20504821795640873	-0.5243081287402791	-0.06895996599857233	0.15470347918809021	0.04249441247358629	0.0674533475350176	-0.05224223993965757	-0.01406641639550581	-0.08508213520668387	-0.05465219146808757	0.07281632318419075
DTXSID2027595	-0.8289246426958857	-2.5986800153528966	0.7891374910095866	-4.823773285702346	-0.04689954005380281	-1.0256650624137713	-0.2027120332531315	-1.5800753321609495	-0.7997116365594876	0.6011822319690682	-1.503670820858249	-1.1309114901002244	-1.7097374570572594	-2.039666768964544	0.07128551876536808	-0.07387502930558508	0.36693935275862766	-0.6970439748396189	0.5784449954634235	-0.23816522026989148	0.031883694574441325	-0.08590653231503298	0.366614743043783	-0.2699194655794014	-0.5788812982692707	0.40538256162653485	0.9430410437787989	-0.2512418722183123	0.7052909948522742	0.25215131521403217	0.6550574099503935	-0.9343026158697698	-0.3208634396057032	-0.8181022187823964	0.35611049107985526	0.3287464134318327	0.0779905705607241	0.5826967125444783	0.3356665351571537	0.8945125222901058	-0.09830137417630738	-0.28403335773172433	0.19266448647078355	0.12468422721205602	-0.036678974707274235	0.14577877635340328	-0.06808742395637787	0.117534124133315	0.36108020226831505	0.3070193791071065	0.20784133056798523	0.22254044933582562	0.2929734249910406	0.08810539207683667	0.2456156615791301	0.05291439114659916	0.29301136449520737	-0.09878900366068027	0.3453120821108461	0.26142608118637045	-0.006867436379736757	-0.23203688857262175	0.0018651189382958078	-0.010352439387478126	0.1987059682550742	-0.24222760132169466	0.17394714483960919	-0.18020823699128602	0.14299773913704725	0.3807605565190543	0.6772866999301383	-0.41935696383138465	-0.20878248009439984	-0.48406037855032147	0.28414456570742236	0.2061166141646004	0.68742601931296	-0.35798975171942665	0.17835758670934138	0.02940570550127315	-0.21417732775364634	-0.26748476753754036	-0.11580970604292129	-0.199116459197813	0.48182518558273735	-0.04745709054474029	0.014983924844257335	0.4802860824395081	0.034938336870288376	-0.22071840838317933	-0.4863084845732879	0.3178376988521781	0.028619675337440746	0.32300202647823895	0.36743320777017296	0.3324316095629669	-0.24405113413995208	0.29327701031548364	-0.0893880229713186	-0.18462785421245442
DTXSID9047540	-1.6502479749170371	4.0326422479895205	0.5976536502848675	3.1136533711679255	-2.748403917114883	1.0757104938162154	-2.937968004938538	-3.7303523765308917	-0.15417155447745087	-0.9267541487486166	-3.0699297293664056	-1.0792418790391753	3.7632539954790274	-0.7574062118203704	0.20417904823045913	-0.515453548043196	-1.3149763304356559	-0.3549608885294098	0.3297093516963243	0.6828341454265615	0.14067531389106203	0.830857383167611	-0.5052258879144041	-0.19569068420164434	0.12330486801945872	0.810260040831669	0.07604109235897459	1.1110945552287363	-0.3270805994907613	-0.27474059045516563	0.21681541274623248	-0.0518792656605333	-0.22396598074904184	0.11062819260744622	-0.3542909747579208	-1.4842681633424515	-0.36559611055076585	0.4020758010253232	0.6959221727937006	-0.023542774188267224	0.04358427208786245	0.6512798659838333	-0.2006916310568793	0.3436070494136933	0.0795327634205295	0.37987327326920867	0.20405690705677365	-0.48864888761385716	-0.017037141144708234	0.19391942446019242	0.2129468289644598	-0.11233226181548527	0.12100051899175623	0.19014049036720398	0.03802164193857513	-0.1876790017971508	0.4486051339363023	-0.05214102697010086	-0.10859862327030992	-0.07593472740098617	0.46834318583494794	0.627287928702495	-0.49695992954637985	0.05937510213898877	0.3182217171415203	-0.6455932863342073	0.28561662262436077	-0.76775780242326	0.018900834654892815	0.15392886162715547	0.09392594894795048	-0.8019414443828335	-0.29099166433151014	-0.07752751596802188	0.020687426849615168	-0.010890947727051748	-0.30772789752998336	0.5509895428056552	0.09941116374433147	-0.31622548456678656	0.05852698334028057	0.21827538773280916	0.09541035603591007	0.40289263534015085	-0.05481768853735657	0.03976662623241472	0.003924787644284594	-0.03816156116968731	0.31018808487662747	-0.3104175442145161	0.3587177027804888	-0.6224099437223812	-0.2316312993232379	-0.211333382521072	-0.20168671989810794	0.1485551543764724	-0.20958536385114337	0.28404211634211557	0.09999533521897995	0.25726397072180696
DTXSID2047804	31.58907989463075	8.205363023674574	-4.6439039583463595	2.888068520006432	6.975352334667737	-7.49132188505444	-1.1584458645172813	9.612108198965087	2.3882441792834865	-1.4452686600159061	6.00989061626019	-4.358247243962092	3.796304549288018	-5.777389938079047	5.997875283614364	-2.401928765742522	3.58548026012451	-2.1980459064819624	-2.7591426032913584	-0.7712865834997733	-2.857505606492535	2.5102355251234973	8.153208854010437	-6.592768196942143	5.1574772038612915	15.802327994182189	-2.0268144203464384	0.4541526469127488	-13.666182753471082	9.873635904036242	-2.70583155650769	-7.035605562768128	-2.4522666817741046	3.9487296958541953	-1.301363137059947	-1.665722874592835	-0.26115001435877827	-32.389783499179	4.509538607468281	1.2159716266970528	0.5394486812051297	3.3498027351774677	6.9449399024936955	5.169293317541904	-23.623502358729006	60.660251265495646	13.185259819061567	-18.591320505211776	8.263160568867837	22.47364547997226	-65.4634943242842	10.347832088560606	-33.97287063824722	-12.663640727243488	-35.12038945919253	21.64348579282271	7.75537718394104	16.94942478772694	44.86736922398317	6.487225206055217	1.3267602282109456	-10.09226874404661	-7.802095738645042	-3.12512254131356	7.011482239113213	-11.512890861429824	16.09545482538799	4.053232356006526	4.867156718490424	-3.4038149168927	-0.19759533791382264	7.165757072137046	12.585289748245343	3.7268615791634523	5.417658108433774	6.0564145442118305	-1.9987069076352242	-1.1702483838898516	-2.7335402156826194	-0.051934593544616235	0.19908730388424759	-1.970482388543784	0.9234267534832963	-0.8394789175319444	1.8550495487060168	0.7921133548085109	1.7709146291922941	0.7168642394895998	-1.8253271807854454	1.040622095145058	-3.046054013136532	-2.0127495790875494	2.5716815361840233	-3.689664790000704	-0.5930600690827914	-0.5249813910956694	-0.19763097713982236	-0.8152005568382708	-2.0765404743958378	-0.3133548691636453
DTXSID4046733	9.156600341133768	-1.838132048502132	-4.26781631586594	-2.175043563533325	4.813135987506865	-5.549262534394209	-2.0025485095339244	1.3422078548387666	-5.9049081563824775	-2.6148968074680368	8.732771494333115	-1.9436264622775914	3.991957007285615	1.430475840291299	4.305011910996372	-1.4377717896538234	-0.587282282495257	1.3728976597377696	-0.962116604940136	0.3502352786357244	-1.1269094054963351	0.092574801383104	0.25891956703989333	-0.8354929889808916	1.2654608939650585	-0.38695629201610504	-1.0864014442401866	0.30593939125232517	-0.3561863641214428	-1.5417435732203264	-0.6603198959166188	1.074602946912941	0.6388688659259937	1.5683321776519163	-0.19242101626238678	-2.859500498883767	0.6358644206284925	-0.026513379487556745	-0.651930832705002	1.338648359549324	-0.3313534712643854	-0.3438842847332831	-0.18848391506653434	-0.36705594989505314	-0.4103047131670969	0.09369736237918043	0.2192002482764172	-0.4806920527734846	0.9031547127213136	0.3109120370032693	-0.17143818800026084	-0.9309748551335844	0.13414630957408988	-0.7854249755653219	0.3383216567125062	0.05508733785634437	0.9962413474298674	-1.155177539035291	-0.9500122179712428	-0.39798751960503104	-1.1629965130361404	-2.152277749741152	1.2764479660790513	0.10676173822612847	-0.13037116639281063	-0.1523958041090221	-1.317538778810768	-0.9996831168987029	0.38354715605357037	-0.12920129249802614	1.7104736099210236	1.7074220394897062	-1.0873909394622956	-1.4216613067532953	-0.8024777056867586	-0.7815580317911857	-0.22765554674397517	-0.9317429644041256	-0.5703413786137606	-0.3881852233776356	0.2491293903902811	0.48961072126010946	-0.7492263525571713	0.8071627871153892	1.5376972175634798	0.8387610407342663	-0.052890561116960215	0.2520997378860375	-0.6496675457857053	1.2819790557103878	-0.49718476324361394	0.13394872725363224	0.1542357427763363	0.39864422094275415	0.23076753549414095	0.3703674206655063	-0.9931460579984879	-0.5679377715337033	0.11913977008162727	0.6635184288135628
DTXSID9022364	7.0430325323496055	-3.371431237636675	9.566469497305407	5.2398204010491	1.7196573178204666	3.8735927535231927	0.9967468070740961	-1.6789051345957842	-0.6433320516144242	2.787800646904133	-0.24201543794248445	-0.6554039088631459	-0.168448010274519	-0.7445770487533007	0.7309379227778313	0.06530590317271788	-0.7359475526664431	0.5569575718722712	0.3259447764722623	0.20281016912652844	-0.20566230928730989	0.40941215221667804	-2.1676696021009407	0.34281341635871604	-0.11417897696741638	0.3834963622498172	-0.23636374174615016	0.5784638947250234	0.42193204299607356	-0.2707456705188765	0.4894972357058783	-0.2828930853133017	-0.9859782534942321	-0.6494266992476017	1.0814699983644183	0.9909237510672322	-0.7966962699373834	0.7956935853901513	0.8786581957590894	0.6557482258706272	-0.11339833702111358	0.4269068358912065	-0.09100875356054279	-0.47601486316147357	-0.06537981583130704	0.4047570278506975	-0.2949067569160597	0.6263434593903151	0.2862036081392386	0.043962655130320515	-0.008237708175318955	0.4796713440176908	-0.20502722962951725	0.061617806860956914	-0.19701862883403048	-0.8111034528968925	0.009460064650656722	-0.14279612851014123	0.12841995639106923	0.12759602669929448	-0.29258794453634096	-0.7682298335356068	-0.2572007934077311	-1.96448943934395	0.6057778427491666	-0.10092511361285353	0.33356875589290635	-0.2687345503110228	-0.7116307502349507	-1.6541836480547234	-0.07441795239063854	-0.28041181165190315	-1.051839269758815	0.26390818951134926	-0.8668048898789307	0.12136792281217054	0.5730403638967525	-0.15060983374776105	-0.040792567113717676	-0.3968007429645698	-0.6608075627334388	-0.24866924980859245	-0.04961941127918099	0.06105629304548454	-0.06253418718287375	0.2375522610852163	-0.4686435159816938	-0.2953304259336391	-0.26707735789178616	0.08350623810185842	-0.12061255075194131	-0.5509793460502891	-0.5895623208396468	0.5146874801055188	-0.05599432593571159	-0.13536252636602428	-0.10079983569447426	-0.0794298149146559	-0.22214107592404234	0.11481504532863498
DTXSID3047633	3.705972027207236	0.22469400013365148	6.899163025724575	-5.820996461016217	0.02249401912641042	-4.926530774746273	0.43465398998608545	-0.4227786440604704	0.19403195865353587	0.1337662979582367	0.32023725300355693	1.174073916463152	1.6030088329746677	-0.9611875724114624	-3.356186972821719	-1.0804558614007005	1.2831863478775147e-05	-1.6348707880829156	0.5638967148870548	0.3492684950405987	-0.2630040463671238	0.6153698130774131	0.9540572601260395	0.14814329098681697	-0.7552971567184489	0.2731294379633829	0.6833144588881406	0.38934658796148375	0.4375042110892345	0.7140531334578074	0.9131168706719148	-0.8018565098985732	0.02549683718590549	-0.6839926858377363	-0.20322930810647888	0.004775700757781655	0.016670141186802007	-0.3021861991273508	-0.03426159316604152	0.46477523584879127	0.15567222739946288	0.044383856914355285	0.11054982924380195	0.4312283943818128	0.2605260506320857	-0.5618830311944844	0.23249997289272342	-0.30275212689911507	0.013992747850593477	-0.04647797138552556	0.09715474719745743	-0.30552332442203667	0.1514426798974577	0.10721625639296853	-0.04648747023491625	0.2626479567450811	-0.06951660598824445	-0.2190733778552298	0.40581817904254563	-0.01152937142178964	0.19662025530283003	-0.06903053351727524	-0.34722012606992086	0.4680805022928066	0.008391289173719176	0.21535055817707432	0.45047298960480486	-0.36902032275026203	0.04337474515844143	0.047004975803712365	0.35880237335735976	0.16803438742637308	-0.2579099758260231	0.2192943235642605	0.2613268928249286	-0.1328018498910982	-0.3667890556331513	0.25784090468649107	-0.0944903043055577	0.08875045488837756	0.4061668011270927	0.3007221712724051	-0.08759626176089616	-0.17054374628832009	0.020640873120555684	-0.10805290937476149	0.08263289955276812	-0.5150535286942381	0.12195169841962014	0.3034447074467476	0.4785104657361834	-0.011771513358097216	-0.5709442820733589	-0.8094900508327176	0.2424352057889228	-0.0925507312510579	-0.0750376981528286	0.03373091534496123	-0.03384377991672006	0.17747674746038555
DTXSID4040266	2.681129915677528	-2.8516325080662117	4.225582522867551	2.491810346270018	0.34825721375378177	2.124437784974033	1.6606424753825328	-0.4217557370548914	-1.753389137246645	0.5840310885915965	-0.881640390714708	2.877715825993367	1.0693916688423493	0.7655257696935734	2.7349468532217265	4.572210695894478	7.077175212826361	-5.333487806351842	1.9089978630778865	1.7014362643554424	-3.3296351403268645	-2.2826629188891157	-0.9193163194662697	-2.409866355587289	0.34538897968645305	6.313034038818341	-5.047470135613674	0.7592808097940178	-8.22510650284379	5.965931847703608	1.0981926737196197	-2.1956310548741738	-0.2941664688885014	-2.2417012930283886	-0.6421862424407335	-0.6675510477780774	-5.0235009950730065	-1.3156364404492245	0.03978559249549935	-1.5114964875347119	-1.1609900698487337	-1.6196872920428336	4.641247947350772	1.7322332462240286	0.9425627905763336	1.761033657786647	-1.9439006117694237	2.020359702758062	2.5887860694603875	1.8880078390712516	-0.1288685744658103	-2.8584358388188726	3.6200777217069438	2.2431541594595883	3.8774171534879676	0.7287186634365991	0.1280272394908571	-2.3825930238992408	-5.490117948033882	-1.0660648567155815	-1.4581727561700457	1.9930943538081904	4.120598609630399	-6.129114690887714	2.578437007167456	-1.6982867359498752	2.0826003097353585	-1.5882085576354115	2.5863102895014385	-3.332546954221942	4.5525917409902625	4.39963986086579	5.0140977319077376	1.5704395110062601	0.8269274900724835	2.6706171551541065	-1.7081868040594286	1.4950300125991758	1.8240055630623389	-1.1188396927755466	-0.45173575324139287	0.8616865958718413	0.06016579691537114	-0.398997765139384	0.28602474026342667	0.22058224803154972	1.296108361072187	0.14848822520030322	-0.5238610173775352	-0.019263922934013408	0.14433460237532242	-0.20291288444139355	2.2920902343493115	1.2012890756194714	0.1337815821676092	-0.8862538309138188	0.9019229152682093	0.2419925043257975	-0.5929571343482406	0.08149130318274453
DTXSID8044593	-0.24174415502379692	5.268926953831184	-0.3430504472940381	1.3561781051621387	-1.7801201168130991	-0.22890438725585838	0.9864332176922486	-1.7302874834472421	1.2354685812289765	-1.3442202757758843	1.7893527243258278	-1.5766657459370224	-1.6602508547622714	-2.115588011087855	-0.11461471759249611	1.0412353128016356	-1.1725717045139343	-0.3950822244937135	-1.1653025216285582	0.8831124417294709	-1.2158540780879563	-0.3593125041088499	0.24749933108243782	-0.28682918581823924	0.5235977312109878	-1.7567724598096404	0.7312496305468654	0.6407495684554925	0.5154226376539882	-0.34766698859896533	1.1911637143313503	-0.5038129844014616	0.36477110812921437	0.23098185069037885	-0.4066865988499394	-1.2134569712093883	-0.29496523155680526	0.3089256558888623	0.04379725021757935	-0.41872252280655653	0.31831354943041085	0.39729742727272627	0.38306129454596144	1.3577074828876	-0.8539116313034282	0.17785931700327867	0.30529383038760866	-0.25163828861802406	0.7916900891093404	1.1230691058214208	0.5711705628889956	0.11799236306784128	0.19626901407151154	0.2170515016291608	-0.48050893923608495	-0.08798024473541874	0.9409517284411664	-0.2938950566192667	-0.1427409883366376	-0.21573995095617954	-0.985510894791376	0.07884016266710389	1.0456897794983566	-1.185269305798761	-0.18525482179363897	0.062251410971313696	-0.2169661041440398	0.2643204402351135	0.6661876499889882	1.134418766865492	-1.377026298160228	1.0812478520527529	0.16701688877515952	-1.108924959960342	-0.5360929443872764	0.2525152724552214	0.20236490117684233	0.5718666781920504	-0.20573871557615217	0.32621118668231863	1.0699434619505934	-1.166954243315302	0.9762968165981393	0.8075217240321358	-1.2428620213781865	-0.4497543519705991	-0.0011765832325265995	0.8498204545675159	0.44738186207606845	-0.41725206661089975	-0.9373076416956957	0.4461142023010237	0.5080465628276029	0.0283970769314614	-0.16072306063757863	1.0482726257130353	-0.18088522644289842	-0.5351776041809759	-0.3550157420713642	0.6432130767799286
DTXSID8021519	-2.389297916174759	-3.5191076642712544	0.5684665048511278	-2.0267653002249104	-1.9765128980338287	-2.061314087154089	-0.375643618475731	0.4806321150629845	-0.27331808024784465	0.0748761881512452	-0.5426941438322945	0.6556481804680774	-0.22061250844216004	1.666278990211829	0.47804315003115894	0.43015873803878335	-0.42210562985872996	0.8099321208707705	0.2442280058768583	-0.7291317666640474	0.2937739608752138	-0.31361654751172	-0.9827131062434122	0.2525493736950585	-0.3511687539000118	0.6613970063655658	0.30123714327101464	0.48653161554739943	0.2634049961466701	-0.6538118822063568	0.6032999624219355	0.5656196743574871	-0.4205727330878587	-0.26428744372871893	0.019104543406711857	0.5771889241590304	0.15692916608395163	0.8885709072742384	0.49132821822307293	0.30023202914659813	-0.3281734037551284	-0.2695176335678952	0.3268163255456455	0.24361480529881238	-0.19324029596063616	0.08906959720903164	0.011368206861740894	0.01616887322330817	0.27225869180982426	0.39229301728257837	0.06350784093200501	0.2695530998113427	0.21092006703667174	-0.26591908953399546	0.08793780583214648	-0.19237555209572915	-0.10165518418710734	-0.28779335479304674	0.1656533951526258	0.27286308320514496	0.09448060088799044	0.0715013525927233	0.35770696950598	0.17535089569517884	-0.4374042818825483	-0.5843174079565332	1.1675718607661745	-0.42968265020403246	0.20654500712449755	0.61910888203484	-0.07638372961734424	0.1417827054005591	-0.7423775209884306	-0.050945670363403105	0.3940986651147952	0.8226100194347477	0.2572750864510926	0.7576071392965269	-0.4287022973390798	0.23526600587833998	-0.2833013059282383	0.11006517032656009	-0.3291835282124939	0.6931456957186133	0.07220340524049625	0.0691369403247871	-0.12052757983634785	0.7511306897820632	0.24963718954690686	-0.46565816867576465	-0.5734509128545257	-0.26679824180507805	0.037204478954038216	0.2762764428797568	-0.3685743286597574	0.17791591551611213	-0.15841824111743152	-0.14262804255543135	0.3633559179030867	-0.11838135547461452
DTXSID0027301	-3.9287668624687972	-3.3941964251511676	1.0970558163566069	0.6731829755183425	-1.356482172494226	0.08303149986703483	-0.36944854491182555	-0.5469727883570551	0.2499556525890758	4.107953940588804	-0.05256510180915279	-1.4561210088908538	-0.524219913022263	-0.04240267767771978	-0.7503780310365996	-1.1276816167035053	-0.37670147379915253	-0.36552114243537426	1.291663961474437	0.5736756770395246	-0.656818067095345	1.136133390476406	-0.7833711660978373	-0.7775323502048488	-0.0046411512853697726	0.3670973346297009	0.19266912835437738	-0.49519247727083754	0.40619670958947024	-0.805538660818631	0.2731852389005016	0.3111002761381992	-0.9128788071756325	0.5369943818320725	0.15787078975487914	-0.9472135082811969	-0.5247296141805167	0.3908022926364806	-0.3302634750635356	-0.45157316967999733	0.4942898760191432	-0.26536098303003	0.26596546032716345	0.08246818505888062	-0.1258794732093313	0.43800234774474217	-0.0493116302901385	-0.22980185381704296	0.029953731257862208	-0.2957141677576994	0.015116227966692432	-0.26361150770262126	-0.21161015118817425	-0.02739155340064337	-0.26864596227672205	-0.30871275002906684	-0.35259146661102136	0.27839084728838376	-0.14172017397199466	-0.43260149771180034	-0.4015566006139804	0.0759222939284774	0.027959898316487656	-0.8188513444088539	-0.029028236964652412	0.2202680649962899	-0.8368015861691745	0.19638759367282985	-0.878293907294578	-0.8663704577547772	0.552222503471531	-0.7927562544190638	1.4337090497092408	-0.6551366110348956	0.33037419841605065	-0.037127570658681615	-0.02869308412561055	-1.3230216683654712	-0.005563202717956574	0.7831804680660057	-0.4005656015778206	-0.09300895454280239	1.400120216669338	0.4846638143163602	-1.0336653266075104	0.016201934173963276	-0.2747103236770056	-0.38486538609400184	0.6976533928521328	-0.8915877593995448	0.25683128558574214	0.5823600379131447	0.13488467715798755	-0.389631747742488	0.9084364912289038	0.05484475483632532	-0.5785115997233136	-0.17336325344834105	0.3090285986149291	-0.2124643543393709
DTXSID8020628	-0.9436327696565666	0.5052487826953889	-2.466912282206171	-0.8838132390491449	3.821745127691702	0.7747429327077463	0.2186493448374203	1.5425403080248816	4.959429347720861	0.4033695237387108	-0.8509056341191206	-0.9566338076314632	1.7841798257639725	0.8640801102379518	1.3921559015790808	0.19700775106951857	-0.4864089773191625	0.4796364539095302	0.23646205021379396	-1.2749623370595253	-1.0167217945342648	-1.0132121167737203	0.26247103575330233	0.9262882325377247	-1.0192873028981628	-0.6235172521466007	0.3992666410324385	1.114594383068961	0.18534981279560897	0.41482997876040223	0.5840580617408707	-0.39417116105136984	0.17969915832734382	-0.5936575416161285	-0.7070811255594879	0.08619953100409208	-1.6566168871149807	-0.07013788140664368	0.34410989152993987	-0.34283416636609676	-0.14256253924045137	-0.4356472184086108	-0.2872884937675096	0.03577295070432256	0.07464193392691071	0.32559182690701854	1.0952781578644268	1.2503355613684535	0.11426767599977948	0.28680076708914204	-0.03172696430246272	0.9149101215698756	0.5825489647800077	0.17901008494387247	1.3511670838154868	-1.136491251451969	-0.0804188870453727	-0.24169069108948746	0.2738416673247631	-0.12509783137375438	0.2545058591696528	-2.378968431975548	-1.2728423052322566	-0.1206104966942195	-0.2162742484026916	-0.9043864306479337	0.9206802407161526	0.4581673370592149	0.5059939225604992	0.4489204139919573	-0.37149331607941155	-0.8915069667328089	0.393555652406999	0.4649877534783879	-0.8024525799401724	0.7086438457958877	-0.26591841128790117	-0.34639644057931646	0.1896884770085307	-1.1749361354018577	0.6199872842239017	0.5342645910820742	0.42600078733210756	-0.20844157887738787	-0.057229327108124776	0.709299642823986	-1.1962967079588602	-0.13291213923458797	0.780714161589449	-0.754387452933329	0.8658623896762905	-1.3597700646478343	0.0006775443981142211	-0.13790722097102034	-0.7748221080193295	-0.4017691094554932	0.2551470822642296	-0.05696318708272438	-0.7061175771800751	-0.06612629795030733
DTXSID7022411	8.5879633443346	6.216125304658877	4.914010840446528	-1.5337250501986117	-4.887197992993506	-1.9858363423907648	-3.4997104445024836	-5.110772453332161	-0.700087055756804	0.40798886092988695	-6.806435777952864	-0.9430196137967247	8.757684345996484	-1.6977659899923772	1.0612545086862506	-0.7430065576522025	-3.020139355792962	0.5610437639322655	-0.9709720612362223	-0.43986644329116237	0.4220034539922051	1.4120579548460443	0.7653152817160778	-3.0937746921819707	2.8531585876823446	-0.36476983368464355	-1.2589982946427083	-1.8146264375352708	-0.8088525334812382	-0.6367392658118537	-2.098529081665765	1.4381747421349795	1.1737074701603372	1.6779837139526588	-1.5665724808849923	-0.36579022890211266	-1.1656002417846694	0.195863289453564	-1.2233466130972186	-1.3293942840141009	0.7765770214792235	-0.03111775681277277	-0.6077000928618178	-1.4804487127595203	-0.2985460239670515	0.05836338393950321	-1.6885940719287111	0.028741879459541986	-0.021836688029867553	0.280312343978886	-0.24604617711489316	-0.7962648650220503	0.44179884746502884	0.48947279318258213	0.1705211485205058	1.212260599217943	1.4260635921527964	1.1314856254427044	-0.2830736493265965	0.3669087099763017	-0.622959326168937	1.3779232314647716	0.4706523165103927	0.28070372340644195	-0.01200638219216882	-1.7907782775780963	-0.2611798415609674	-0.007787140887916518	1.5576685644404	0.9445437879700549	-0.7673923587603472	-0.4913237977522366	1.6530637304106004	-0.3659667669191725	-1.2461488022371308	0.34357454787440783	1.4454081484855386	0.7280038509659841	0.4871592692146355	-1.0889555004993456	-0.563193618927149	-3.062314148548757	0.4950892935810125	0.7632750163010251	0.8290254780264834	0.21847197321845993	-1.4208705737118665	0.7753538499314825	-0.3121490642912874	-0.033414113812508556	-1.2270521656297613	0.7802061151594604	1.5127694341667983	0.8753748733035243	-1.5223678328512567	-0.13479637341994694	0.4939305504638061	-0.8766927154013247	-0.6834702610499046	1.5474878243787242
DTXSID4024515	-5.551607723844636	-3.765114649543645	-3.3297334420295064	-2.5741652161164787	-0.4191898206459552	0.8245420451856493	-0.9007145474971457	-1.2875770715367714	-0.22474019849484872	1.574899416376603	-0.8491941978268377	-1.633068960270374	-1.727380595862876	-2.1581674747441792	0.15592022960209087	0.6995444286921371	-0.734397866869988	-0.7188001401744104	-0.40168202745323944	2.425978450246331	1.285949242560227	-0.08884320320710691	-2.1258510009418803	1.9719308625853784	0.03231953543849544	-0.24795582581705905	-0.6961059046000242	1.161615030657096	-0.23103789372275735	-1.0270903030148761	-0.7781211660669113	0.49962094796556805	0.2945928571712664	0.6229705063373054	0.5735143219812494	-0.4632895121081986	0.15245576996012689	-0.6779744575684621	-0.9151371949261977	0.037706888137611964	-0.31285066039324533	-0.984423487722392	0.8988648278114213	-0.7220153475279889	0.17670979759363753	0.1829486600220994	-0.8022082532600231	-0.07801486904258312	0.2839604671875578	-0.13398073529142887	-0.1542722832006103	-0.3118962178347292	0.3444093134326681	-0.382132756653251	-0.8028701858134303	0.9933776199185879	0.04273201660267225	-0.3097620249344838	0.05717032831816944	-0.45379928571058736	-0.924250007101841	-1.1916257738200662	1.648815869467899	0.5192429452124017	-0.02512167246481591	0.4741731227223631	-0.7053038570441088	-0.21728889351084194	-0.402812627576965	-0.11836461728462182	0.4461971575302983	-1.6961349107356862	1.039915257121389	2.1586008193241417	-0.5690283331716909	0.6211388980230548	0.7573179385995598	-1.58665835998322	0.20668515435390564	-0.9012496425943283	-0.7531812419324424	-0.26077163540769127	1.3520132693683844	-1.7224226062877217	0.8549928034173119	-2.8141377083682784	0.2416191813790918	0.7357438310099462	0.9768286262593662	1.0579710010218406	0.6874261943424603	0.6145984883347603	-1.0384969622316245	0.23141488936156204	1.0521923703732459	0.3419784868787168	-1.3152530223389012	-0.06330343409316139	0.3287988915643549	-0.9687318931196364
DTXSID7046835	2.714010500422364	5.366373331045196	3.4852834424065877	0.436366282347476	-2.5174427947879314	-0.4188984381923439	0.5350909283562857	0.30825116458724117	1.5350378482213147	0.7867016689961852	1.6524642687218132	-0.5463333214704441	-0.5725992022116588	-1.3648080270514131	0.9091121924795676	0.560955404142891	-1.264410284415575	-0.06400839788631499	-0.422668548728328	-0.7529754028706929	-0.5413326300364495	-0.10108224164441172	0.21595383597581	-0.5700755214494343	-0.32483369774346743	-0.1766954066870546	0.1592215301784299	1.0850399938562996	-0.252085745549973	-0.4294548984084114	-0.4456679958700537	0.6730374376182293	1.4600778963708188	0.21742265787677914	-0.963028060680175	-0.41804212762444504	-0.7977512505477167	-0.4473833770828323	0.13141780332240238	-0.6482049851787133	0.7996615579315435	0.31330639764497936	-0.550057084673623	0.15136321120363597	-0.7961492856885725	0.478046537928643	-0.059789239377547106	-0.027192794966583823	0.07606611836890291	-0.21762335557747878	-0.04601988522622609	0.06287123827491334	0.22807157750412324	0.21764079228381417	0.2683202338437086	0.0027096209853861093	0.5854197674807858	0.9344855357675077	-0.774456327516158	-0.428116835880882	-0.17686725212515547	0.7672760655964909	-0.5308364522725189	-0.06769966063295782	-0.18256272584186203	-0.7476963332844697	0.12802195186932894	0.5518714230106591	0.2908247301735145	-0.1832270702352592	-0.6320396716915619	-0.06183248895711317	-0.0889450821105658	-0.8417303306620407	-1.2411213399274668	0.9991517241000232	0.5196709050261075	1.3211073432680673	1.0637926367079749	-0.4318418048059515	-0.1379792522923967	-0.48599407424250146	-0.05811981100945766	0.18595458437016868	-0.5834863600199909	-0.32192695973595176	-0.24677732209754472	0.4452670383169655	0.43464716077320215	-1.0159202344057798	-0.3122050165111197	-0.029040673480326643	0.21286493061579817	-0.028462158940170488	0.46981122564965383	-0.3330054655034653	0.0808256766484137	-0.11244781575121005	0.18347526211797296	-0.06421066464249198
DTXSID4020327	-0.09382744745344211	-3.925331569779648	-2.6588874281109987	-3.8741985104829233	3.4926985788952924	-2.7329560651876936	-5.859696431298531	1.156960482451158	-5.285392246302112	-0.4941580722533568	7.2093136630235275	-3.9372891579611973	1.9668730660957983	-1.486841651944072	3.7060386525531737	-1.0968522615191796	-0.4633459067339223	-0.17986569309305497	0.6658087870320246	0.8941727872635734	-1.4559820371627943	1.2505715907024308	-1.1905776399903591	0.3653777791857144	3.0767858632056537	0.764198358927726	-0.5784903703702609	-0.8087380734901876	-0.7906277022708186	0.8130124801805266	-0.6279851793551701	1.5621543352668534	0.7038076336376211	0.9351628399776655	1.3312045816590252	-1.0122642738669254	1.2410817507535183	-0.7846062592916174	1.5003200336054485	0.7737077832520478	-1.061665239134413	-0.8608198988440876	-1.429165131671976	0.07801499325454779	0.5368955310273716	0.04603878101407018	0.3765902080004927	-0.4419421542249555	0.57145381477254	0.5504164505911742	0.06143167457043632	-0.39812801575919005	0.5259737559710955	-0.5876964397470031	1.1075757995913373	-0.7981707061392842	-0.024838668159562132	-2.0035164163340804	0.11448607519665302	0.8489815110327763	-1.3464461797350817	-1.1260233674820688	0.41398783858141586	1.0392187645479236	0.2013046138950819	-0.7561811728504392	-0.9652200001818358	0.07179222916740766	-0.5219902879865466	0.10278253805056016	1.0649901695902637	0.21367479923960545	0.4271862234995757	-0.5064478326588022	-0.38145299021276474	0.216471345821485	0.8383947828586842	-0.7469030993963643	-0.23908630610091092	-0.008949505479098011	-0.28567573871030166	-0.6181717852754143	0.2016185874881576	0.07269335742059249	-1.3442291311829258	0.1635354075442384	0.1514923813472932	-0.5044216621243038	-0.16938761165759592	1.2471122592490596	-0.628163082862409	-0.7750743228835919	-0.4980686395252506	0.10747514690203591	-1.3806198611074694	0.40292521316522806	0.05122843416710387	-0.9908648247036282	-0.35265705322894314	2.004351072246096
DTXSID4047090	-3.8967093292854416	1.8232628347544433	-0.5302075447368115	2.5264247832987117	-0.024451946554987582	-0.4548394066643772	2.273234787466657	-1.1650953894599658	0.1445703241241666	-1.4213313995655499	0.6523631354579608	0.020540448656941473	-0.5011126306775081	-0.46515060355724197	0.10890803048537019	0.36065452184006463	-0.6318508633293308	0.3561316568463111	-0.08928470938385286	0.3826606148827125	-1.05057573559475	-0.016425554599704077	-0.10218077395421118	-0.22035370830977635	0.44878743401436944	-0.18553180587115725	-0.35264178465210055	0.44968740940598095	0.2806806553827838	-0.146360483320099	-0.04186204179321414	-0.33426607400342806	-0.5658533262835388	-0.11890586745792288	0.41152148493866464	0.3647892760918255	0.15757550622719046	0.5318318810646605	0.2696653213820625	0.16622435003556826	-1.0092004016964833	0.08590115806571248	-0.4891142405368992	0.05739470582676961	0.2231463365416704	0.003016245860232519	0.2401440532751805	-0.7720896789702717	0.0987392837034646	0.04870755343621556	0.20278373952419204	-0.02084175727141353	-0.03829515594058204	-0.2543195409086332	-0.44575516576876106	0.005280157780289966	-0.43480036769300295	0.02704738379378544	0.3761010959070026	0.25948351334777986	-0.017805564934749486	0.09354404041326166	0.6096254257644088	-0.2781634933513813	-0.15404952367799135	0.16339411654760813	-0.12723427075528354	-0.5399269314810723	0.20289941959647673	0.38573230497148214	-0.028825602907310954	0.4219178312799275	-0.09712763971232974	-0.36629523286956045	0.5483869320744803	-1.0741524245562728	0.07141335877293901	0.004560830147699362	0.9584532113281877	-0.053159488363036835	-0.8088862266539429	0.6244376292485222	-0.8184246014974536	-0.8333236868006149	-0.0012743421803214734	-0.2893912035622091	-0.3465412359079285	0.16096678457972707	1.2152919492029481	0.30013161103249575	0.39690939069772585	0.28031465741242284	-0.03993934325383369	-0.5326483919166963	0.47587731737177763	-1.4910170367121371	-0.0030757730578580764	-0.46579524995051247	0.08822816167388049	-0.29302503568294647
DTXSID6044858	-3.764576048718109	1.9633812606333638	-3.353115491388739	3.853430538629812	-0.2694516348898654	-1.5137633312945369	6.817046009055537	-2.062882280039984	-1.3657239544741921	-3.2251600688968147	1.0984743451018837	-1.9310248600551305	0.9354301183102205	-1.8506232049727733	-1.4634797931158152	3.1844555250830697	-3.1227593164866128	0.7306497356293306	3.2863241093879343	-1.2015574835120566	-0.08485552975211659	0.7800343602000357	-2.336842490610485	-0.4413163906290773	-1.3697945032641063	1.1443850372551758	-0.22829101026912463	-1.1542411599479179	0.8264298474851173	-0.3572371468725957	0.6348758504976877	-1.9609879995565553	-1.6277694166811416	-2.40731436631256	-0.1718440154255311	-2.671859521218341	1.2644216005927247	-2.402332895670564	-4.495051562973071	-1.019956847788048	3.0363310326581923	4.332314641029981	-6.427645320118144	-4.048232444161486	2.5931416180463622	0.39914515998615563	-9.996812105468084	-11.843835596000782	1.0105939853342716	-5.9884095084009505	-9.089867105228057	14.203293949077613	10.791151486498835	1.874613986229948	7.282394530670957	5.697054411316465	-4.658039739023119	-7.849734175492938	-0.025166204971733303	-4.853790894297113	4.891634646579343	-1.1240357145556379	2.2273205212527865	0.37705845175392305	-0.1639328294559953	-0.2677777130634115	4.119220965703054	1.4450057874121645	-1.6962828936265062	-0.39494800833268007	-1.43377695744263	0.7906578321944728	-0.1913374751604049	-1.1898386295888457	0.44883473686747016	0.6833679365606424	-0.2179661883268056	-1.4959960236196193	-1.2652139336572183	0.1217622322402073	0.784194628241731	-1.0404120214827957	1.6209868857203158	1.0826221743468467	-0.5948059793236902	0.2532347693129492	0.6798570186724651	-0.21323162998460787	-1.25002178032943	-0.35253686329185807	0.39669364279586494	-0.8059142353204692	-0.5440015193419292	0.8389737121777373	0.11190031622257708	1.0410128838260049	-0.413601396348431	0.5688248999111198	-0.12264881230384282	-0.22145243396719974
DTXSID0057700	-2.158347262163061	0.23828909595948264	0.9092074783796832	2.839852100379085	0.6193126366408783	1.2321989667215418	-3.0140738592781875	-2.564708702969672	-1.7720263037505555	-1.4062017844477757	-3.5797836028946777	-0.675315622454707	3.315983600083148	0.8886001216622628	-0.3848371056000435	0.10361299152313186	-2.228078914107871	-0.09508871773608685	-1.6358498973541822	1.3980450828592108	0.7756788937960069	0.6704672008238072	1.2536369923745507	-0.6336455711656639	1.0172328841001	1.3006728359094115	1.2896763218790623	-0.41602709444560626	-0.2560392014298601	0.2398536517796355	0.7594807539032737	0.20484302102416208	-0.20180946577115758	-0.14668450517925963	0.10846499329702461	-0.09194993186163614	-0.5569812758668008	0.6910349828366761	0.16190017693413675	0.3999613416117208	0.29161122493457614	0.16502124535282264	-0.2383546678209025	-0.600825539449043	-0.15328719958504966	0.2292608648953136	0.275122340916234	0.5637334429054817	-0.3139686544144378	0.4259567398154318	-0.0016406939434976734	0.43551065044787857	0.16338555474464833	0.28054114863225094	0.32250245519707965	-0.546637410204115	0.8744661647299292	0.15539478549891025	-0.572656273686756	-0.3951522391483502	0.2831695679177368	-0.4201339077631207	-0.42214584428585955	-0.12208183960720198	0.27621839043967017	-0.3040998197506726	0.810442214209908	-0.6029243301378029	-0.24435904498756977	-0.43356603556086704	-0.6405775497607972	-0.4943244131989662	0.06794258203406774	-0.5329406073103549	-0.10161917198378347	0.3297880489527726	0.29460616292592406	-0.42502711276986294	-0.10812714754722832	-0.2012223063319658	-0.4782583348214534	-0.4121214213937975	-0.10215671066201593	-0.06849283720667153	0.10745894822702906	-0.07679261691860544	0.30328106088260565	0.6286772496144649	0.3077149485815109	-0.29281715849543155	-0.14952096865127917	-0.11520939787074234	-0.2291072218337139	0.07471308747947461	-0.20768902651712773	-0.040520158080763646	-0.13302422203052836	-0.18937259771880013	0.05889729770449057	0.4227895436039289
DTXSID2048901	-1.5062777817456154	1.0546738836466152	2.331604934731405	0.5820886101858856	-1.6420246821510085	0.7147604826340836	-0.1266599078382276	-0.13061721091420334	0.7287288157307144	2.210850049893208	0.7187398977236125	-1.1046062807832608	-0.3760351023239086	-1.09542978182985	-0.6703173625741649	-0.8797633021192395	-0.09593780781477321	-0.5612178720372588	0.24662308420832502	0.097619315048703	-0.3054075212370275	0.36601242869865447	0.2233119915044375	0.08328226109273419	-0.3755696770061439	0.4429836366522553	0.28531432440379184	0.42474340956552725	0.06275473227617609	-0.3061020519016248	-0.36963510757258083	-0.20739874003779313	0.23957245301589014	0.07196528788858039	0.19087879490739965	-0.06743923193495549	-0.5890999544029507	-0.17152821541934943	0.042396542180988255	0.27193108192634186	0.7502992038592077	0.06284104029607404	0.05582255466609409	0.2894159051553115	-0.7283806484545631	0.12879280521686134	-0.03159262698821381	-0.33237648263318514	0.08621802432572015	-0.20183234265810782	0.04322850766319867	0.026895710063322517	0.14441953069889418	0.10874362964184368	-0.11030308418347526	-0.1360874154115658	0.24956041230746465	0.41787773453963795	-0.44100890976766355	-0.6465295791459023	-0.20800562110479884	0.24951184973657495	-0.2815160262594586	0.06668134952373009	0.16012081555487215	0.11686241405978283	-0.09320017406634637	0.3515796853968715	-0.11905322403117673	-1.1223600273749195	0.13545164728391257	-0.5031287082222118	0.1511065393928769	-0.5364737020229304	-0.9551530964042771	0.8164006482710657	1.0630132592781467	0.5008474146772055	0.8380354124886815	-0.33226815373455915	-0.005898926093478337	-0.6911427567659439	0.3809177816422995	0.8785762334566664	-0.6918240273791855	-0.006809880352686408	-0.3270545754176768	0.5746023605713952	0.3276047349288726	-0.6593726060994518	0.47013079771626254	0.1323305617092464	0.3599902784962535	0.15555825015930394	0.7475147843145232	0.1702240319884005	-0.19236617077930163	0.062213652842973415	-0.5373600022460348	-0.008679660615676528
DTXSID1021667	-4.95952514579736	-1.523008680281615	0.36131598463740755	-2.439986441848388	-0.40424292973721837	3.3869827368682213	-0.5151562570073481	2.42939066640044	-0.42106790124033644	-0.5573892324596224	-0.0017915466266962134	-0.2295420501745465	0.42265434989725326	-1.2378579459159713	-1.3174836037897997	0.33671926989821793	-0.7508685420735136	-0.7896955998941462	-0.9470338901288269	-0.3595244607980019	0.18406396213285595	-0.1209062893805767	1.6570545722662915	-0.8561353680667899	0.12773737066269839	-0.6042675918586418	-0.2529795551245119	0.5258408796470223	-0.5969407455625555	0.03807320855641921	-0.40041247417545633	0.779489511737527	1.254319961109753	0.3645943740391418	-0.13322035046255512	-1.1140789998005223	1.663991413564427	-1.463767851197543	0.6993378940193165	-0.24639919157485635	-1.7576092901643934	0.5523856666902778	0.2122825867609959	1.2749804806678193	2.1722148115500444	-0.12623527566964596	-2.1987101501346706	1.7359991431204393	1.3175974427800012	-0.8454449998675988	-0.10626307147771893	1.4096332416303647	-1.366899083176847	0.04770188174242986	0.5378700546422694	-0.09316100616600302	-1.5672970339684864	1.5566958856088267	0.029250943804972077	-0.45396923611235696	-1.1623100165769782	-0.3963087154501503	0.34108241942421935	-0.8340678775677927	1.2303851119110074	0.31766781445185494	-1.0534528781472072	1.4322345612640472	-0.06321476846769024	0.7200301833040496	-0.8198366436751222	0.8478531831448437	-0.03349455239082408	-0.41781133373209517	-0.884331448027484	0.5958201428791658	-0.44831438825913966	0.789957868561006	-1.025042825132597	0.49677371442032153	0.14296155162333996	-1.7843817274275213	-1.2361424423007716	-0.45783639272482624	0.30278898603229326	0.9125442630009888	-0.6025739856538429	-0.0776873775040782	0.7711508034234025	-0.20053949238733132	0.10002265411147171	0.8334770460280232	1.2327870601157185	-0.16377815925260136	0.8062560152322559	0.7346799015072794	0.6051165925647608	1.0151083332895807	-0.6169586658661259	-0.580398487602058
DTXSID0025363	-6.3822973555961005	-4.606624733453473	-1.948148744580674	0.05568500618402054	0.32587938853983406	-0.2886980462251014	-2.0810916996219047	-0.43519662695346184	-1.4022448504940432	-0.2534084157772749	2.5725746552651696	-1.329428666720736	1.3860976874437045	-0.42924879577198105	1.0437480242833581	-0.7340849918404188	0.8382417211367711	0.4843990245267411	-0.30286738542567276	-0.17463504905573118	0.15119684434775787	-0.1370357467992897	-0.11338371420402957	0.0013159323761020366	-0.3008825125474041	0.15796548718228112	0.08033839469611569	0.35258851471352187	-0.20576476381172257	0.15084697995100343	0.08137588233216175	0.5018811111077929	0.21655532416725207	-0.14767020667820738	0.17773657418712605	-0.7414545188536511	0.3643426633471835	-0.15271138916199656	0.6127972975478968	0.1551184862647479	-0.5004384609966829	0.10393365972432958	-0.5462774956758564	0.23043540533735557	-0.013932311919505617	0.07210110244189437	0.5389825971919141	-0.35648229608030824	0.037542949552378864	0.0784480864800486	0.04838480203279787	-0.05345279293706623	0.07050651529770884	-0.14404759874145734	0.1374073940108452	-0.3469154379880479	0.2928239703591509	-0.7423118946458743	-0.29798044549990726	0.3435408827375029	-0.05010105050122822	-0.5440913283391703	0.17422824698341974	0.4481835639443859	-0.1714602905544286	0.2656860493009302	0.03806496787686244	-0.24825368929709032	-0.3549939073123168	-0.14810938598810383	0.44157535589346736	0.2423550498841535	-0.050655892069298415	-0.1154232987153536	-0.6498271771866846	-0.0728744674745197	-0.48706913827566656	-0.4246204090706584	-0.06519912922175695	-0.37123358311520216	0.13289207710549808	0.28420388366717136	-0.11937445791967304	-0.27892293700307985	0.420320233225641	-0.27680889782907775	0.006930669517656638	-0.3073210278388683	-0.18611235253135863	0.4161907349083978	-0.6305462889545719	0.00975611487550445	-0.3076364968302154	0.3131952388624688	-0.017239671244139936	0.09721379925655091	-0.1574656503242088	-0.03754080517858727	-0.026238098867062278	0.04730317301243616
DTXSID2048589	3.552021953133469	7.2715548162792345	3.0754159995836927	-0.0871608176394465	-2.5620916933270435	-0.8251595292373594	0.1131847603174068	-0.051960056737034216	1.80658792966654	0.08500646191052039	1.7449799223826936	-0.22554482515232452	-0.8514181974477785	-2.27885466379103	0.28480981455065063	0.8748799451594143	-0.6399996614172204	-0.14932700795060957	-0.5955699643692243	-1.0765460991882232	-0.29680861589727103	-0.281458549328655	0.917256498819748	-0.8924422145125569	-0.12289223147668085	0.06104457405418975	-0.0830937589352801	0.8113762556099025	-0.32116684418885527	-0.5616347178633656	-0.5882185956266842	1.2696539242641647	1.5008724581865525	0.41126503232233524	-0.9813151056180779	-0.7759991232962083	-0.02467847305268524	-0.08141704194117928	0.09528638337612409	-0.7218744792569987	0.4466404945049492	0.4752937758072043	-0.936456341013875	0.025307778056412475	-1.3223130562741183	0.5946659224113879	-0.2259433422812354	-0.29069210201362056	0.12835364516879397	-0.08735411952161062	0.06883148305431785	0.1643355291365122	0.07850868678955725	0.3472442185280796	0.25273931366014835	0.08540254905223359	0.9980984244907546	0.9636745545618047	-0.955824743417074	-0.5143838565822957	0.11194697395462641	1.1672529089155035	-0.1819999669094484	-0.36384502423153187	-0.2230485592723394	-0.7115936243249541	-0.07256028178233052	0.5217963543982674	0.571953985949909	0.7313441962611676	-0.6859923603245247	0.16770110746914188	0.3383607534240872	-1.0644796703217223	-1.3709357473134984	0.6562925451639967	0.20393750571907085	1.2555807241703838	1.26723487532503	-0.8296770443188283	-0.21838496899389045	-1.114088392592998	0.14203500912743228	0.2625142285643496	-0.38606448580719516	-0.5804646586555373	-0.7723776147471492	0.8166165087742528	0.05677237076117058	-0.3831068995113138	-0.37758982123470003	-0.08927374217507553	0.46636005212143733	-0.2992485126836518	-0.1708127461220592	-0.8442282696485576	0.2661243284272661	-0.43471857530696123	-0.6711100905643921	0.20857480727803873
DTXSID7045493	9.727143893029234	1.899346773942807	-4.855824225231378	3.1587130789091282	-0.17832287744282005	-2.9703363254783044	4.247027114660263	4.4528383939471805	-0.9806709595573245	-0.3995451836812705	-2.6828548246523396	0.9413944961841215	-0.9739746582390568	6.741635739637451	3.2747955621572458	-1.7212578844641446	-3.3241596337160657	0.1275966274810498	1.4757941817339615	1.5186267960709594	-1.7348611602709125	1.3226186092646113	-2.2667473226366317	-0.7765607177837631	2.225291370511593	1.3524868320581647	3.743228849081749	-0.3712753579812306	0.26312142776925107	-0.10794286412519735	2.91500312811799	-0.9449706076988603	2.6523441949361577	-3.3384580641091373	-0.7102921528047269	-0.21331367044280852	0.8855696036740948	-1.460885603755919	5.672805609321391	0.05650870498932883	0.08952365319539438	-1.4148576152894707	-0.8260601090361542	0.7596358307801958	-0.6354020920773686	-1.733913114379109	-1.109891815593452	0.05776346486297765	-0.38208018930554155	-1.8961696360393767	0.1476007217481953	-1.308220106177183	-0.9784770191899771	1.1229808924561753	-0.5508219340641354	1.4693671100264427	-0.44247331470725576	2.5314724442493857	0.7668853003420674	-1.1127632105984433	3.885722118508859	0.7517254723104537	3.472081628920458	-2.681203907383478	-2.618950196562377	0.0749869134502992	-0.09480358554607175	1.4765286940703308	-0.8408046956819492	0.31556758929999484	0.36275134304027457	-4.1242503580295065	1.7722197247633307	-0.41071974406770373	1.0756848545439337	1.0315689473096277	-0.38521431606744816	0.9658487556574769	-0.09858293980842377	-0.2745954246569531	2.227066024146711	0.36296492386434487	-1.8242737901742747	-0.6340716515963836	0.5329639990230386	-0.2359632598474211	0.3274470781704836	0.388316255341359	-0.577217098378704	2.17278029395216	1.04360205174962	1.9424621665562851	-0.6762348353663584	-0.44012589904196864	-0.36763868535499616	2.6824598464570264	1.229043790779936	1.4823806383132396	-0.36402853573557553	0.14516814728763966
DTXSID7025633	-3.6436113163538386	0.01060534077839902	-2.196243645156694	1.9679260067499056	1.586376434166883	0.10520998853079915	-0.5145609522955356	-1.8863677241451022	-0.15761811715121418	2.944385681433149	0.3723094956929039	4.421299673041451	-0.9473798023423962	0.6506280734783753	-0.23578376620763875	-1.734273901036289	-0.4703768472287738	-0.1064425816176154	0.42962238916016804	-0.14396441054651887	-0.29787522306973413	-0.02738461435521757	0.7998535684946688	0.09426234129247493	0.06520009564527679	-0.4567894694724644	-0.10734743824485835	-1.044470964508032	-0.24986277567748633	0.5137867670823969	0.020623985426267998	0.2731148759064793	0.7186721208153195	-0.05708137928720503	-0.2803454233610641	0.2675600133706708	0.17071913530189767	0.44342239135835393	-0.2614492441237748	0.3899971991614227	-0.22225628638401634	-0.05481995294962192	0.007629810009442526	0.10598315745987544	-0.3149498266118456	0.15398530921243367	0.720626149601671	0.0035796754698713693	-0.2691846176527242	-0.09393803686555129	-0.20951022789311793	-0.06393513099738925	-0.07309082688633442	-0.22136188619492267	-0.21233425939019568	0.4026454101771722	-0.46782673848440903	-0.19067467595389853	-0.8463624873130317	-0.4831521559182838	0.5913219219912088	-0.24655639026086099	0.3454266818400854	0.1851713051204531	0.19589290353517622	-0.5145667460147817	-0.19525201770278666	0.4702481411776386	-0.5361135554091635	0.3393937069521114	-0.09415896085950785	0.09582374251856472	-0.2408811397835659	-0.23709200217979481	0.3036007786932605	-0.5356103893943996	-0.48392624550903884	-0.28528827179461813	0.3405029673174516	0.14499481138395587	0.5176043663695481	0.4383535311577064	-0.46270249992628987	-1.238179834394955	0.3813353433262339	-0.8501761839718377	-0.9735497824123676	0.7718734339011833	-1.1691543831585571	-0.9436302045821559	0.04768680982823705	-0.15112368474128432	0.04867038770813521	-0.7869807435285935	-0.17351959976462444	0.46237362147143085	-0.16458801410985138	0.00636356401951378	-0.0027434697389774176	0.36814558328883196
DTXSID5049237	1.0284300875364245	0.08428510472719056	2.2264026122017433	-3.410291909324773	-0.7046775027072576	-3.19055454185133	5.108609618687481	-2.385649378092153	-0.4072091196126939	-1.3206749725816656	-0.3470224297092203	-0.8346160062723429	0.3472867984695246	-2.6909552845214737	-1.297168904439272	-1.3531510809374634	0.5134983170237145	-1.1891058031158177	-0.866718258561315	0.603071661312302	-1.8799310165640826	-0.0848328171632257	-0.6758029220876532	0.5502504247734509	-1.3323138805267074	-0.769438861251308	1.5109356926380797	-0.9127758535238765	0.004596293743307101	1.15727563004474	-1.090962515309806	0.9401404060552262	0.9674313983682112	0.14664779369071146	1.8507225687601343	0.7050046386245907	-1.7787161461802703	0.3684550727393658	1.0607185191949324	-0.19378074501569653	-1.080977742254851	0.1464100919129037	-0.11429140739324437	0.37210928217563727	-0.25145860160158606	0.2504085925165928	1.1255135026790115	-0.1093626972482333	-0.4933046307647968	0.1312111351148412	-0.18332282436679412	0.09803697687406553	-0.20243396184023393	0.1826304363059002	-0.16589669413991392	0.7654152271274259	-1.20380045362057	0.6170325421264885	-0.9402758446570398	0.6676935979471923	0.18754050498003433	0.4558052999606963	-0.28914040794712237	0.44749625513716945	0.5060163311161516	0.12181400784117032	-0.40245067964314063	0.022580262028521543	-0.5399828194374531	-0.6755088704176366	-0.3245887561441357	-0.1689541632916241	-0.36900029204980367	-0.15458721410662501	0.3167087956370003	0.2582981292456347	0.22125524925621975	0.09609000617419441	-0.62860431284279	-0.4665668019221607	-0.3003336827650801	-0.39586449078699254	0.3600670067370118	1.0128088850710462	-0.41910901390083266	0.15646292087387914	0.13321214361673112	-0.9428650793714488	0.056800774546717385	-0.8493484395535756	0.13287039351520702	0.1123700025619746	0.0018377456124834843	-0.3260294586198852	-0.0895687965048302	0.9835030774691152	0.6193152173948531	0.06539059393839931	0.29556311794347107	0.4904538241829366
DTXSID1032640	3.3081849223590813	6.84961163219657	-1.308631832134546	2.2770603966162484	-3.381148286678238	-1.6723568384691483	-0.6605317906923831	-1.4754906889211707	-0.20347862414309487	-3.5576604417381947	-1.6912464229052069	-0.37945698424209595	0.42360748291363487	2.272632430948063	0.585704061379606	0.7158909212478644	0.8271904764795787	1.3333284071399272	1.1768918800008008	0.4370436761794777	-2.5769091410507934	-0.9072102099337123	-1.2710973600322102	1.6488844054839746	0.9214695260161786	-0.8153731554017175	1.7361649333508162	-1.081396526223419	1.1338344206333444	0.23842999957082947	0.40849280051211784	-3.0019760704988827	-1.0137438294213073	0.6689122224623302	2.2880956429398522	-1.6113358559307633	1.8567569911008037	-1.3204957913165933	-1.3008884858198302	-1.395246522079505	1.0345820413540245	0.19264234502593355	1.4522582047631756	0.22397097157197082	0.027186153764920687	-0.6400275237266563	-0.8059293952933028	-0.22661521882147373	0.003393680018443338	0.4363040961540679	0.30993173272111607	-0.8768118279634424	0.6800190732814458	-0.44547290490748914	-0.8246657246562583	0.240261340773997	0.7932302033909859	-0.9079130694208936	1.8696882835336164	1.1582653044722901	-2.3191916827037113	-0.1319132897213584	0.21273475312400586	-1.3573749650589144	-0.10392253437837903	2.2894137292131633	-0.7882953713615267	-0.37801529488069524	-1.9121527227189836	-0.10773723792526327	1.9192260214169876	-1.0520408979812887	0.08954626031323498	0.7570769288722112	-0.2823735238675887	1.0556371068309984	-2.313111068275293	0.6233274145331702	-0.9019683443243448	-0.5860561887996067	0.11076753799056126	0.4214676961683405	0.8346256035104882	1.1716358508865938	0.1646089557385626	-0.05289152991879561	-0.38508739876879094	-0.5306046904429913	-0.76921036137534	-0.5236736405280195	-1.0069703417975626	-0.8597965632714318	-0.9981171864246476	-0.267036063200822	-0.2571452165113088	0.08129548420883886	0.011288500946381392	0.31321083390891313	0.9561558415725714	0.13461208420684512
DTXSID4041070	5.222837864200938	0.15135795127926657	-0.7076497181089735	1.140211441956734	0.6012932104917335	-1.7364887314027233	-4.210763624354148	-1.8900584987690994	-3.8781067855418363	-3.205115190280994	-2.3590278577891883	-0.7208748351750107	4.723516058959878	3.007138239597394	1.5301036793735037	-2.6056019745501713	-0.43894408800928153	-0.9059565279611129	1.6453496566100867	-0.033325246789730104	0.4205929981805378	0.9575691970285871	0.897844476058838	-0.5041056902698287	1.555681502939065	-0.1040521048757991	-0.25718512711887953	0.30962572748150957	-0.7169991060757893	0.3054216107148258	-1.6081359320918134	-0.19139323306235595	1.3830704069418955	-0.15605446979309598	-0.25136250199009896	-1.8473903448893163	-0.4300703660823551	-0.8482853015170091	1.0032366871225382	-0.22459243351347608	0.010129238935051115	0.17641527143591973	-0.52350872601252	0.23156390248007275	0.1623804287957826	0.033745183485334895	0.4436976080322952	-0.9941515310993008	-0.5379531267364362	-0.5071317936342608	0.14690029991158807	-0.6556397491360939	0.4386568419303708	0.21467115009355495	0.6402744839823922	-1.0048176182829556	0.9359747409963811	-1.3180877659899464	0.4884644440555691	0.8905142969074954	-0.261239276873382	0.09621879992646612	-1.3112485495191268	-0.18629412045195695	-0.24617997393692895	0.7361731121770302	0.17532735306192315	-0.7491965621555302	-0.43061110206415176	-0.34583489308718507	-0.7646777394687625	-1.2173188906246004	-0.013270351739635766	0.32478548153475917	1.9305849865538869	1.1129553284269702	0.5320866354132755	0.4380123152946234	-0.04502595016212582	-0.5436258940528714	0.3001703251301132	-0.05758638450749053	0.08934238013186128	0.4963868474440417	0.7232353047432004	-0.7651489041351076	-1.0459797449968649	0.5894365903139851	-1.005848120922095	0.6341972534103939	0.6494543982113864	1.1076579893103415	0.0004647479429615959	0.717096615240975	-0.2690269842016503	0.21762281406179082	0.9410474831660877	0.1291912313258259	0.47923085258980685	0.7569074272076616
DTXSID8044464	1.921436629823187	2.9785857250026297	-1.4022269796875848	2.858243661137777	0.20445500358580024	1.472670288523521	-6.66304764470829	-4.694804814189783	-2.7619801958662142	-2.4268178096065864	-6.204227955508969	-1.001387932483797	7.022343230642654	-0.3793200204213234	-1.1678423406854608	0.15123826529847198	-4.924639792837398	-1.0070073930544479	-2.0988328237026597	3.1388664404410753	1.034590000585564	2.247230052647111	-0.005011445061582771	-1.7988014674297539	1.3085702989088586	1.3037398541869007	1.1291276905500995	0.5798234852972747	-0.6987742799098451	-0.2059528869789609	-0.1732687731379007	0.6138496408298946	-0.12125598676215503	0.6132776329234393	0.027927515063991666	-0.43199551443018475	-2.0477567296775447	0.36736752076072976	-0.07248524293204849	-0.27921652986500833	0.2024337268293867	0.055333334051322416	0.21080519554833507	-0.335089551749391	0.4899405992724616	0.02026907283776643	0.15681539362405544	-0.023319969264167822	-0.3722618004327434	0.18862809770074648	-0.0527904692933273	-0.1274731813747405	0.18837535922127696	0.358887910937733	0.10442070898610895	0.25322042957005064	0.3678483365093213	0.35157230125577765	-0.360290260235021	-0.5464206838428832	0.004968882806644105	-0.07079900964223403	-0.14433437242384814	0.6960424623784633	0.632766541542291	-0.6230041329007564	0.13827902451498908	-0.09215669823084845	1.1622372965310248	-0.6993248835792023	-0.9944447920591605	-0.8188373560172715	0.6515931450887998	-0.4003410937348798	-0.48410931273633934	0.0701115615487827	0.8362163198804604	0.3486166301404536	-0.1567080697004317	0.7544447274428104	0.7683962541784957	-0.2326846116789127	0.3128428989969199	0.024258921135551562	0.1505343513126781	0.7512012080127872	0.7713267411168168	-0.12870684640204347	0.0784416622823333	-0.980622344758495	0.032801515342372266	-0.599118867742109	0.3937091468063409	-0.42973164191736823	0.2820058485952125	-0.7997465315130594	-0.4860188567831286	-0.04799231551082474	1.248069951967317	-0.19461877480258852
DTXSID9049245	2.0800946421395583	10.312197888136527	1.8274536671186552	2.3363677262207636	-3.640264234509637	1.2436460643689833	-2.1634814055920164	-2.0063043492105654	3.0718450731851776	-0.4210445748106564	3.0387755543271573	-1.30713503358637	-1.623002001062475	-4.774439778961684	-1.5331918246130178	1.4374344702645665	-1.5697972287688515	-1.0493103074623034	0.3678992809853347	0.18293343298956508	0.6928559989909204	0.503643404092672	-2.4881205184755673	-1.2387032241129219	-1.2704506992385871	0.16824387029427504	-1.0991214727779284	3.6135311496845843	-0.26355501935799663	-0.8043453551640295	1.075367799101576	2.286209142303148	0.7815739898533917	0.08629559894848748	-1.4934820469665004	-1.9151982102772755	0.5316753019954276	1.264443621353127	2.2069669751186174	-0.9956831072605158	-1.029681190482338	1.02987675820777	-1.1920867474492887	0.7292768353309321	-0.635366869859555	1.953007066627909	0.25901616530823574	-0.44206611812929053	0.8337386965168754	0.2152489812842054	0.505395705468317	0.729170794343159	-0.6552329895898414	0.8812127350963634	0.3777803847339706	-0.4182380375458839	0.4797664417130075	0.2415280988566283	-0.45805303411783416	-0.27221295657845324	0.5555437697202726	1.7114008368085822	0.09951288254604075	-1.559060456722383	-0.4651583699888552	-1.1876861128705205	0.10213922411766958	-0.7146063005099564	0.6406634490246865	2.803059828949397	0.2532218376130907	0.5964271098068799	-0.594798905640927	-0.9183244579061233	-0.10168274255877316	-1.2557844184621962	-1.3536666051673831	0.14852895224535168	0.703867949283769	-1.0190420561308557	0.08065235488275511	0.5376032972309198	-0.29851976156563875	-0.7985717223168466	-0.48200732723932127	-0.6430476176502969	-0.14756887102268154	-0.7048927035632749	-0.036570693267617346	0.7700711543382895	0.10922413964486072	-0.7372725780606275	-0.9149455285492711	-0.7187326327172412	-0.3332078185545748	0.14479711443971727	0.18738566589996833	-0.4179400724266866	1.3910866264827393	0.2834224336652358
DTXSID7048168	4.182634162287115	3.8732634486530695	-0.5450940280210247	4.2841932763609645	1.5743634585459627	-1.1181381322726527	8.216887885623073	-0.8498140694280288	-1.4269593642513274	-2.8213218289763304	0.9610731433464739	-1.1339660534758853	0.14630190420231026	-1.7474458419688075	-0.8321050779631778	0.8228259195471228	-1.9175179901414376	0.5990887941072818	2.292015853388987	-1.600421087453888	0.4130270012928718	0.9124042925890797	0.6248729251951376	0.16897356931004534	0.5842404598452192	1.3762683053994529	-0.8340580203760557	-1.0138923269862192	-1.1841204174625357	0.15198213556117945	-2.833516724333588	0.5908079820259543	0.12626717127351636	0.5324073587459238	1.8005301532181095	1.4557238932110725	-0.45584748803198416	0.458343153763945	0.9066124635070543	0.5280329188065865	-0.3387717927251817	-1.0080433449958395	0.3110448916673229	0.4834130604593232	-0.011355042728877298	-0.8526566374886358	0.7006202735276215	0.28293501963614986	-0.24592005418575397	0.16424968991151845	-0.11610982896078935	-0.028622709054594152	-0.051714867441971214	-0.5839544863343759	-0.24419494196038105	0.034606492564704064	-0.6544401811822868	0.3356729833037252	0.5631510831319011	-0.017124796682438374	0.07393773591235771	0.6658491521436752	0.1488263966975863	-0.27020587159411674	0.2784207191823046	0.05015069295739705	0.37296208610069437	0.466200815451868	-0.20132299375818183	0.4776188017860531	-0.7699844524125091	0.37138016971101545	-0.7985552252841632	-0.736746205516305	0.9846344838531386	-0.3719682541911437	0.18035199894416518	-0.8146022650836532	1.033212299017729	-0.8932581381088245	-1.2197995387558016	-0.36044425672468966	0.2779147713351399	0.18894992788420517	-1.446013451063665	0.19988180840525768	0.4388896859394296	-0.09297338852388075	0.083756378097636	-0.8861202815348654	1.2206167918691744	0.4873630919693044	0.25394547471973766	-0.2783540847827248	0.036983773122619884	-0.8179850530399322	-0.7454668554955871	-0.5622756132439743	0.44614994680903325	-0.29587708070360996
DTXSID0021462	7.016978214311315	0.25983850593308383	3.2729828206993865	-7.981032770490907	-3.416403414432156	-2.8852065491421057	2.201101309479116	4.843559069566184	-3.0543045052252946	1.8554091209380292	-0.9476774881791282	0.8442778058740471	0.14354305004710746	-1.4088384323011143	0.5909009593693463	1.0725060561428215	-2.639685147449405	-0.8543759353689963	-1.6330042594490375	-2.4188213439277497	-1.3494859789285567	1.9101356394992297	0.8537525024253425	0.16031037995707462	1.268030697579792	-3.8508834194896573	0.4985930602585147	1.791075379684024	-1.4315345383559726	6.638886918600632	-0.22202936205792434	3.111489199795198	-3.2062088532789232	-0.9892391494604588	0.5724516773873582	-1.8083049271240372	1.3936168515814948	1.6126246549863168	-0.123854903298319	1.034062218785612	1.9241517051896815	-0.690183251255361	-0.3255206793747732	-1.0190404310882353	0.4274049901056649	-0.4141454015958575	-0.658816764672872	0.5656111169157091	0.4483177844920078	0.001206578212240969	0.04983235948794648	-0.5159368609998081	0.47846432005946704	-0.7153285682149846	-0.18344632177191292	-0.8419537977181014	-0.6259941532407581	0.45191451470073757	1.3569168211242495	-0.7417529391105367	0.5239600842821722	1.145793435769987	-1.8584167333914445	-0.3688300347735289	1.5722930618721505	-2.523910934320867	0.07629811952272807	-0.20524239327065474	-4.957549459896814	1.2369219916413778	-1.0932509932745054	1.5810289155864532	4.483188227058012	1.1227667398287962	-0.9069701826098167	-3.7165399786612503	2.0505384801166127	1.5632721574786963	0.9420626944112919	-1.020071218711188	0.5978670083814913	1.300794804962852	0.1327662108388284	3.0479649752715012	0.7268555803944866	-0.030294980404103774	0.023128483610508482	1.7262309423360116	-0.7906433492891369	0.9839738179866764	-0.045412832012569404	-0.6328967581312496	0.11280834131052765	1.0871003386328315	-0.9789714004352155	-0.3152221911103234	-0.4633416480099127	-0.7446554004693245	-0.07018750771186635	1.0903637221356703
DTXSID8023557	2.8926043081944313	-5.297142739785594	-6.386159699926269	3.464569824620617	0.9173690538084598	-2.3477120556827242	2.65253383284889	0.2017768768838881	0.6139015595645886	0.11978267534453839	-0.414896941570323	-0.4059424854041188	0.8867663726987499	-0.1303071769615433	-1.621548023649124	-1.4246259754734951	0.3461299405958048	0.0057347532673423145	-1.689095407210643	-0.35720954431956853	-2.1473222649398016	-0.5591223717047817	0.3851358571371853	0.2849860550482964	-2.6177370137091107	0.07197841564626128	-0.5979131976177464	-0.17540774744140053	-0.13124227148326623	-0.9915545723614498	-0.19975577245352008	-0.23233353247114952	-2.351465120717001	2.086945838783868	0.7822732966288278	-1.8539517303477129	-1.8514948848998176	-0.6686222832161469	1.2722037086916145	-1.6559963461353033	1.5057413570830944	-0.8517220418067758	-1.9962231849987497	0.18601064508522727	-0.5134079593508444	0.00893270867073968	-1.2548942788698458	0.5417984734652174	0.255520883533652	0.6912725258301538	0.49001117518746035	1.2300892682319642	0.1639431557721222	0.6609794860530552	0.40176705064015106	0.0482252843001859	0.3083345344023368	1.52964452808439	1.105260367743869	0.23243028037196847	-0.4918964118750082	1.9340985577433512	0.2573711673940316	0.2911435763879862	-1.3289948548438337	1.469261820522403	-0.6577167519251846	-0.6117199520126363	-0.288523221853751	-0.9590442212873634	-0.08696420639559696	0.7676752611662445	-0.09561444022434785	-0.1637995407876237	-1.138943072868298	0.2787899616523926	1.1499437515934108	1.2751725418779039	1.0408322423271827	0.7932452529433431	-1.1361701635987742	0.5035607062263706	-0.9460374405745946	-1.6094927932692784	0.8895383990686091	-0.9579735088635902	1.261743585660945	0.6293172208178925	0.04395424140616929	1.1833054555677174	-0.9490621214363639	0.4844795937665741	-0.8015957203153755	0.04874799405397637	-0.008085714194545146	0.04474726205750443	-0.16957371441932942	-0.017997378694260942	0.11432574276151033	0.018144802836881267
DTXSID3048869	5.920826504815391	4.046985891562249	-2.561995080409436	1.8822097583915625	1.8291265893167563	-2.1260883284919507	7.532197463780465	-0.08160330589560988	-2.4896365555004194	-2.517596122333534	0.3661610945158058	-0.0174036340673776	-0.7177977522878412	-0.46076009920189376	0.009718242782404804	0.9175241836481716	-1.1304409247379819	0.4858347054616018	-0.9773245811596076	-0.2791448269836522	-1.742070146587439	-0.22902424885232547	-0.3566709870874665	-0.6603370210340521	0.7922066170764251	0.12973343391754974	0.5047860132680233	0.0635389061312893	0.7931853719775623	-0.7959429424583977	-0.618128236349012	1.144161578534616	-0.43976864121330134	0.38363611027963535	0.8577682438322217	-0.4259194364531073	-0.4074572299262541	0.7354249094736325	-0.22793442602860634	-0.6883492584521269	-1.3277989968527215	-0.2597018839973705	-0.9604366039559376	0.030623673482259424	-0.5864388454188858	0.8784818730132573	1.070999031192131	-0.3091122606804361	-0.31587306927555775	-0.41608030801943857	-0.3709614281884525	0.28984903932119294	-0.6642287323324938	-0.10709962379079453	0.10384414354561883	-0.5586248602393004	-1.5447623840820692	1.5136852015523392	-1.5927730293599824	0.0122361102631078	-0.17440953183103555	0.8005489490425539	-0.11074442190429716	0.7498766850699545	-0.03205474407817845	-0.8196488292109744	-0.8087219795201814	-1.2879246930631245	-0.619903075859879	-0.33212819976640284	-0.12252430596809351	-1.6464631939487333	1.7101175326893416	-1.6429797799471864	0.694313047453324	1.275270951551127	0.3683905019385302	1.4593617032555644	0.8612350567895662	0.2697769194913921	-0.16111680625549368	-1.0523276897901797	-0.19998953578983325	-0.5183237433370912	-0.7176876984342593	-0.6871228823524944	0.2536622782708229	0.39999033894731845	0.29753445544395085	0.07415763076669832	1.3855193089394406	0.8702083517765385	0.3906162878042463	-1.631729158153627	0.29859366802571813	0.06698772860895541	0.18825355091485432	-0.4283475333933463	-0.39843970810825213	-1.0698562599894137
DTXSID5049231	-1.0769247485021267	-0.5233650824090392	-0.9709631336539247	-2.4860056666735937	0.25728468614554434	0.2672330043062057	4.8459800526447285	-2.9140438965294733	0.8052498939714657	-1.8186531484389548	-0.34191715798330863	-0.7427526372748148	0.11477935425850652	-0.6378624565269576	-0.45908696325339365	-0.9559518083702339	0.9282413003363517	-0.18641763449584364	-1.0330968259832443	0.00325129715046854	-1.5806151632154937	-0.3146117309717483	-0.39627918698635284	0.5745716404165301	-0.06352838131603489	-0.802677265339376	0.330904662982006	-1.0361920002019898	-0.19519299363659964	0.3646782714596748	-1.7583237981694135	1.9976116367088839	0.6554741634652719	0.06660589649917087	1.6632663795949616	0.46650592496938775	-0.6254304264000335	0.32822156564668226	1.0553555625979083	-0.3469724722910268	-1.3420159260712525	-0.5185389428300158	0.058381968950055305	0.12663154624984138	-0.08930778691610573	0.2890439786185286	0.8309411655157467	0.3370407429101948	-0.44588083784011184	0.5125746863225303	-0.2698353966166011	0.26552352978660915	-0.33926895215156594	-0.10378557321325987	-0.005916472682458681	0.6187322371203341	-1.09054371628041	0.039755044849431286	-0.6748019549881475	0.9005057832221902	0.11720106061308772	0.5437814500832124	0.49061670971526294	0.5176806632103726	-0.1127754853037576	0.15634097479218215	0.5086918265629011	-0.7905356346448533	-0.4975045084861191	-0.4523265621554451	-0.440456235684589	0.025404248404339042	-0.5561207835196136	-0.05712686699745511	-0.07134242748481781	-0.03719020055472019	-0.4234640821890113	-0.776863900753977	-0.7979440822437466	-0.4863548820167908	-0.5169297187286099	-0.7391316894209415	0.702458373370244	1.0179773823906413	0.06791953430326522	0.6097669821046333	-0.12622914333160531	0.3002449495371851	-1.0176992533393003	0.24423134871962052	0.5375007331752369	-0.5086119627657995	-0.1427650350437412	0.1336989742066879	0.004614529016805974	-0.04428689996065897	0.030788649600574224	0.59080723340125	0.12058998715520074	-0.4083690032829413
DTXSID6048961	8.964008706034729	4.644672856460507	-3.7795614985749095	3.3771819797665343	-4.894486645131551	0.6405974091453203	-1.8550359285983353	-1.7396927293753703	-2.7155731447240172	-2.4487296220348282	-7.41165432362369	0.41991613449622495	8.088759305359725	0.6459473048258068	5.423929283826741	-0.5701666625814602	-7.402054133360354	-0.6955949591691211	-1.8154156350903252	4.968092586602291	3.4459730454161424	-0.8013878199678732	3.9436924693422615	0.6540231819337797	-2.148778274640332	1.6996139449888314	-2.1569977501161652	-0.5012202886693352	-1.5092170705236203	-3.2296509765505	0.012267533327626867	-1.153174476211043	-1.527604539798402	-3.1194522039859462	0.6278255970928749	-0.17807396781377652	2.9946476640541198	2.8684344032703697	2.045750130603313	-4.647131750520652	2.1878221480353175	-0.6458508756950545	-1.2353948463447562	2.586614275677206	-0.20196129393053208	1.3187515256258686	1.6550153554468288	-1.3579136095195312	-2.0909795893598537	-1.757666285929011	-1.2635062681124019	-3.9345326375450678	-1.7364807601630903	1.7043046251857055	4.639831523782606	3.362346495180867	0.16141258259544863	0.19001428793472744	0.43490582864428	-4.3214400454355415	-2.5124225090029597	-0.04694519140186666	-4.078634355410864	1.3668502086053358	4.2605222789862705	-0.06975090083146042	-1.7791204924111073	-4.402169881069026	1.06154819927641	0.4047280859136135	1.619871515453213	1.718267209722178	-0.9535503101917544	-2.997400294126799	1.0285261795345668	-1.3300493578889545	0.3718608551128598	-1.7702586114671002	0.2651785099352605	-0.2226796105483861	1.5054549702962907	-0.7472045244828143	-0.5939489463166809	0.764203824726305	-0.18518805670094055	-0.27128636408017903	-0.7934609334936029	-0.6529696569578848	-1.423131246694136	0.6600027532303422	0.5047385759194933	0.43214275222423004	-0.7431622598258314	0.5253476273423047	-1.0195277523623878	0.6097171560432745	0.9411545210964448	1.5231215221694698	-1.699517359488056	-0.576246491241087
DTXSID5046019	3.77169710429553	-2.828454667655674	-5.815114000442537	4.309876505049353	-1.7343832517080828	-1.2221482669811186	7.0614143160051	-0.6430375711104194	-2.1941845183827686	-3.6196365036382585	1.4100776912923354	-0.6668579579737721	1.6592582079334437	-1.5396121594867707	-3.249729813734806	1.2423228833518192	-1.55039460903498	0.839804748539656	1.23655327582913	-1.4472931867705456	0.7269034245576511	-0.346104849087678	-0.1318946974253145	0.596820872799522	-1.8399213343697929	-0.15794981796075164	-0.7406399898661169	-0.639630144092078	-0.07913712972176619	-0.4230970073393611	0.49238130750829984	0.5078079316468684	-0.6017278413259807	0.09361843678711033	-0.14999791933175893	-0.06954113086304592	0.0006362316191896918	0.8126981265686982	-0.3409448387435638	-0.2316592814628267	0.10509470343433654	-0.7573249337919021	0.9849522920403221	0.7793568409479273	-0.5703575805955485	-0.4126232158578658	0.5865097719441587	0.4264768463246512	0.2883492738101462	0.4658208109320111	-0.3299018954480766	0.03289189097462466	-1.110930403308552	-0.4945224416573864	-0.3972156095548816	-0.4617990945576699	0.32198679083902215	-0.31956904784118667	-0.6790794148423037	-0.1741124047313169	-0.286940082233471	-0.2649025710362411	0.4439982860330246	-0.4339252816836338	-0.4832994882714269	0.13580881497897196	0.6642860776143076	-0.16579793781900026	-0.25533956362090215	-0.10388411874796968	-0.570298255309411	-0.09137917046027386	-0.325759788127085	-0.4031840366541176	0.23735779433331886	-0.37249288099618205	-0.413281935874414	-0.022174382220190157	-0.42596464179572874	-0.8572214435208315	-0.2203490640815434	-0.4795307009648329	-0.26865203725325654	0.690953933476143	0.15663928364726232	0.9045757509162197	-0.15635020529185395	-0.4695444301637495	-0.8288701300143895	-0.25486502650609555	0.8611472676053619	0.15200801760689944	0.11689484854357865	0.9064697422328322	-0.41602198056795703	1.0644318602357103	0.8997890391629824	0.06374856611769997	1.319170903246062	0.49468624436407915
DTXSID1024598	-0.23675854411686226	3.786087726621731	-1.0246421464796276	1.6506022823861308	-1.2705781629694268	-0.3803375303400597	-4.295512669979267	-2.7378148817774344	-0.2698242482421997	-2.7618113102647914	-3.004301769621477	-0.9201261880359877	2.811512931076558	0.6046083088359495	-0.5396472282476806	-0.4206070631142052	-0.5913293877879844	-0.2730294456108296	-0.36826746875888844	0.11120179276208123	0.4384165292296902	0.7568237118482333	0.9053002332976097	0.08046173254083619	0.4729563785732421	0.6109491445870904	0.20167253897879742	0.27399111743826704	-0.34445332653200406	-0.17341292806685085	-1.4488524563994858	-0.7872060881973124	-0.9641906525405158	-0.29954059211668527	0.06714406422295427	-0.10530561127846455	-1.3805360702935332	-0.0970270702366681	-0.3517938814962534	-0.06859157513358435	0.04627387966373734	0.4981367818281845	0.11243247914646395	0.29484942898793026	0.2160856991820472	-0.7138720295002506	0.3263658811783178	-0.6884737356163265	-0.2766551480800999	0.16745685128214255	0.043525785069241374	-0.24790273194941956	0.7321355003158976	-0.21903270991393733	-0.7917570025148322	0.038072526307292555	0.08700488700115362	0.11783869797966212	0.033547265078831046	-0.01810761877409888	-0.2769275907033911	-0.12562409105207484	0.19166093456899944	0.7919358668998807	0.5033502614778244	-0.44761624465723965	0.13418162390944033	-0.7237684371217883	0.48483019641797626	-0.9126745374897617	-0.3457979105657518	-0.05261514804342492	0.900798254341489	-0.3838228416921494	-1.5735428334245602	0.0008424285835415852	0.6078262509742274	0.08059240361329598	0.3844450398586813	0.12295246019306551	-0.10808477047895962	0.021399099861046416	0.3916655042323871	0.25184586030271544	-0.2466825313170197	0.03573214888309375	-0.5925091857584194	-0.5600627691591881	0.36873459471915676	-0.08486310653048966	0.10305624148303283	0.04753869422313895	0.23443382980918728	0.817204242691901	0.19161079697823352	0.05452913348943301	0.592270747059158	0.2044288253892781	0.2615868767169589	0.22780150796677984
DTXSID4048721	8.077677662224502	3.7197784664738225	-2.9614054037108803	1.499579207866898	1.4045960430197846	-3.2452292453754468	7.440685091691523	0.30869148653773815	-2.610700889051686	-2.728779857153576	0.5378434912024113	0.9403384892006006	-1.1278196290377138	0.6202451169161738	1.1991537626670723	1.770626391051559	-2.7074806270554386	1.0996315007891373	-2.3319958143823034	-0.6468777522845504	-2.48784060444419	-0.578127605066069	-0.2348594845527108	-0.7605850132286514	-0.09268733510898551	0.8278517689352163	-0.018702398987320776	0.11680492679066266	0.29361426614294067	-1.7963459655854481	-1.3939206440227014	0.974742527819216	-0.6119085673456175	0.4831545548389163	1.4486860393446197	-1.539944436617723	-0.8469464593895135	0.8432448865833795	-0.2933639627343148	1.459228290137258	-1.6657313920248973	-0.02344020295476132	-0.007811070938167263	-0.8842523995876368	-0.19154351429102176	0.7292656067616613	0.49085280878843157	0.0761262271959632	0.05519183074777747	-0.5262348235194554	-0.36668532886988064	0.10410909360384758	-0.35836886192376	-0.20027781374409812	0.12885672981346746	0.03773629377954765	-1.2664859643084163	2.2701659742985503	-1.284348873720752	-0.2170760105231348	0.2547579874976455	-0.20490287375502045	-0.5842471400523682	1.0462569228461274	0.8542390378565011	0.13952636538920676	-0.36747008496377004	-2.7534114619206993	-0.5420053321445666	-0.3009337608740438	1.661190755004982	-0.7431049832612094	0.034865290253639665	-2.2682226044279794	1.5249478178443692	0.5128491655482926	0.5526530897061285	1.3258161004695639	0.790038751637501	0.8697522106162564	0.8705062603794119	-0.6136948233779628	-0.15138235825247726	-0.7179115254969849	0.22518326525875076	-0.43092993491422027	-0.06051324567000429	0.31932317737936783	-0.7221922998534711	0.8237305776532604	1.6570373750251524	1.6034099711840886	0.4879202943356153	-1.1280001676212945	0.4182798985522153	-0.4107321568022884	0.3618529689796848	-0.20603867052343575	-0.7131844311312258	-0.7157542766947039
DTXSID3041954	-4.125308484691368	-2.3704672111745704	3.2210418945452814	-0.716621895035233	1.2129574280884468	-0.6622191246978892	-0.5656854352184111	-0.27179964817024627	-0.009181786219789512	-0.509369775430525	-0.1042089295610406	0.022238592527737577	0.053075625291361554	0.40818075723601754	-1.3613661104351997	0.5631822454048744	-0.7321673425326508	0.050677878598862906	-1.20204337520235	0.7285262869937811	0.1531886193472402	-0.04897477829370894	0.804252812077511	-0.5011169068033604	0.3997377576308034	1.0695192956532467	1.094364704155365	-0.8334173995502466	0.039454962839656334	0.6451985169433399	0.9301196588533484	0.13548867768448883	-0.061711546971534345	-0.16310355486278966	0.805125447024329	0.4959669410321195	0.41333149395662466	0.5703611542827715	0.08220268002255526	0.2727826135916807	0.2562110713466984	-0.06447302497492421	-0.399815938379213	-1.2033084959057072	-0.17635796318345534	0.25101632087144493	-0.11297955585778809	0.644280019408977	-0.1331405169026707	0.09079829051007693	0.030738130833393003	0.47277219571931883	-0.08286061102640253	0.1803425000337123	0.36088455513279644	-0.4254620134531247	0.7598615014009823	0.13871262706020157	-0.04549950250129205	0.02191362829016155	0.12901681385345812	-0.47092525212791875	-0.361618472448998	-0.5085916794801103	0.07836016127837185	0.5365221898481846	0.6169701141337256	-0.35975798336591375	-0.16626705094451633	0.33016950336944084	-0.03194318385969787	-0.08701269305803844	0.08721279028491592	-0.14240940124019896	-0.053594270719548746	0.4416329357059231	-0.2694752546206491	-0.08508671585138171	-0.009548131858606018	-0.5438858258057289	-0.7477379544940503	-0.1591903697185739	-0.09420647264559993	0.12812857321391805	0.2218054114693187	-0.35484773252927715	-0.4888638759432605	-0.15344303542367196	-0.2577419556742129	0.29757767444838557	0.04837109467416414	0.4645118128383654	-0.3226949547021272	0.31241670506089125	-0.2795835678588513	0.07855280144380178	0.1847470852526673	-0.08371278952269441	0.07191482887540274	0.37206426415657023
DTXSID3049388	1.349840751288151	-0.11964815633323662	-1.1612236445829358	-3.3572571507402107	0.639846383174402	1.8010273447064529	3.599246397449492	-3.01920736117604	0.9454351389121128	-1.7407685341841996	0.25931315036259	-0.4656664023910258	0.2971416060829991	0.0029872691420350177	-0.4322797318494749	-0.06437999805650282	0.7716244571400801	0.2478333859103625	-2.104473168985236	0.39221108274365757	-1.0212578119366982	-1.2531911649133667	1.2837418183914293	0.13512937672766936	2.2017658973679675	-2.2578547614930375	0.11961273821232109	-0.2292932876438683	0.5432903951729997	-0.2506662958033632	0.4131326478883538	-0.007266216806533043	0.6783525112596944	0.493940414698233	0.28570000286312147	-0.8951943736392224	0.6356369994698554	0.5775749302679972	-0.4638297685424341	0.04232426162812734	-0.1414076174320454	-1.1893207508904928	0.9436276547276726	0.20205428342924764	-1.246870310209678	0.06327367379569206	0.7996356408993627	0.2739931525577132	0.8873934234499571	0.5978057428673965	0.3643918986076335	0.08117479107786332	0.032968330273556445	-0.47582561328047424	0.5469973766046334	-0.10649607744319872	0.2953208398529629	-1.0214060401263834	0.4141790646458331	-1.3357733638988998	0.006780283941799086	-0.5964179043178965	0.9011035971823554	-0.7798361905638241	-0.024395890699455882	0.6131408783969765	0.49045998888083076	1.302709377933009	0.12986718687915322	1.0696164396795218	-0.4820003641146985	0.6006839799750273	0.1706802979993675	-0.7546448222129779	-0.36274314005156405	0.4876384027486838	-0.2767815397678904	0.05794332417351934	-0.00036826942750574294	1.2132246289559594	2.012975667231948	-0.21668419636666833	1.0870143957804952	-0.24754784296053753	-0.044165601809326854	-0.5263388376701023	0.34900483136522714	0.9794840105621639	0.7346637712214736	0.7371811161236792	-0.5258644104740635	-0.8306749567740526	0.32064532429236936	1.3610095929830015	0.19450302323746405	0.859675711978843	-0.596191121347023	0.0018698830647235509	-0.7464567052183666	0.031098322821823322
DTXSID8024529	-4.965205511247436	0.2109857579263339	-1.5266133125455075	1.9105023586756786	-1.5054408967892994	-0.5179930074647044	-0.9865910388039063	-0.6756291193985706	0.10192256954373446	1.6175070686032778	-0.5851980728117754	-0.37148217387878335	-0.7274318771325817	3.0114396156103425	-0.08788220762579538	-1.2356690074752186	0.02511295401654205	-0.01958364933989452	1.0798404442527427	0.025092590230705973	-0.1807790480852874	-0.3262285692309166	-0.11498390871709865	0.7568656632999593	-0.44292457104202315	-0.35726773600648054	0.9371815501306759	-0.15507630836174854	-0.34456442607842297	1.0552967310283974	0.512898912967766	-0.6676711590834522	1.1630192589996409	0.08696490681594563	-0.09087892333392603	-0.31695446511707287	0.1543241831099351	-0.6363947755489338	0.4884665655333479	0.40256876656500584	-0.3357497796384257	0.33277552799169446	0.31540429123239533	0.5197814562635444	-0.5482633758990938	-0.35548181618632135	0.1256283482398289	-0.30999604790010227	-0.42495576594356327	-0.5033113722896101	0.056433659949039816	-0.0702144343233706	-0.16099872580477625	0.08183308289675056	0.3992798185710668	-0.6759622163334815	0.2691249439064572	-0.23741758158104107	0.2720908229461593	-0.3981184402391945	0.5249048304422583	0.11074597605728856	-0.6423214791995812	-0.7678437347453121	0.22446528020077744	0.7022719002946844	0.24269461142856127	-0.0830901520928896	0.057197578959328046	-0.3596072694416968	0.19998562012708868	-0.9176095578943875	0.17043567410086405	-0.22279472815879747	-0.04116689777395373	-0.27048214360907014	-0.1435900652587066	-0.7742632718126333	-0.28374469363353927	-0.41684298712948487	-0.06046903073607774	-0.19831210949927472	0.08884348140219961	-0.23750419493113578	0.27890018597848226	0.17785826088018805	0.4030443690105437	0.38640579442070283	-0.6011482921500715	-0.2160124979662094	-0.46014814561565853	-0.3941704489676792	0.20293819677612862	0.0891357869211457	-0.22041071803150425	-0.4067429131238135	0.0033232919641060545	0.07781273971038258	0.11196161305487734	0.061265451892314075
DTXSID6021296	10.081447015144095	4.278894217245093	-2.527733379034685	0.49794490526370017	6.432477990862171	-3.5004044850450233	-3.742676962091671	2.764642745040122	1.31146845344779	-1.6532222352112482	2.054320492096902	0.10394780504051852	0.13276433306328306	0.9190652319273409	-0.5203799468235738	-1.1573740190478754	1.3199254689539397	0.26073080095794954	0.8576925277886336	0.9463653502121246	0.8825144956225537	0.7801984023329482	0.390792072843011	0.025559912926652002	0.8120998944778928	0.5687040399909186	0.26618836155815656	1.6883999868012634	0.44725336380617364	0.3914121269123107	-0.2610398289931209	-1.1763958509583334	-2.210983751399906	-0.1646347174381112	1.917405257394723	0.1592398717689589	-0.2570856742507197	-2.0996262085709585	-2.145090381229373	0.3978620459890907	-3.733017583782318	-1.046352493372239	-1.5515948862523696	-0.9745498225956447	-0.03300951006926612	-1.4243989570306714	-0.334163948182841	-1.4824593606855865	0.02673934679663382	0.2330229656522882	-0.2360384057211148	-3.477181410091261	-1.2126894958511352	-0.2837544708788097	0.6901198330379179	2.5519614486407454	-1.9466837587492951	0.06381715024216725	-2.0704677239020204	2.949685030691947	0.734634100501678	-1.6163978854285717	0.5666176316487063	-0.3231522672709426	-0.0680686074802568	-1.7171996673672079	-0.15885788441914772	0.7982371114338713	0.5679602141892255	0.8292184872853254	-2.4806994946892287	2.362862008740385	-0.6786774927474828	-1.852028442157523	-0.5926336502259395	-1.4115951661201291	0.5798602597933906	0.8745439883205053	0.77252817342433	0.06951207632391808	-0.9370545407615314	-0.47912833340727384	-0.5113988271046876	-0.9438541497997929	0.351972651816316	0.31329803661631805	1.136998392827854	-0.2916485307571554	-0.023612944935724436	0.2480115622307937	-1.5254451905272115	0.12208125719401519	-0.3517446475495435	1.116991457174507	-0.6347660872068325	1.0800807196576554	0.5001296131754275	0.5439647165643393	-0.5076341706375107	0.15917842693103318
DTXSID4041234	-2.653714073862219	-1.0221030111241318	0.6983588370911628	0.39193580069274225	-0.6752666671452529	0.16484812916333702	1.3542399456448313	-1.5283603331267854	-1.93602234153646	1.6400847315035616	-0.19068392969969888	4.456110549263065	3.9925419038468855	2.673932894627619	3.032773424472924	10.010162361491494	9.34794953387374	-6.598026685640314	3.110537656948153	5.440449702858366	-3.1723380469165745	-2.965201869598187	-4.235981077661094	-1.138418187313709	-0.38621770071258194	2.7261138136539373	-3.111176842519455	-1.6965546512019416	-2.887319495398168	1.1020696943399146	2.211009204767188	0.6770786403393426	0.12269712341472878	-1.0629420344952347	1.021076088309504	-2.143586305122818	-1.5464003919755742	2.915543556640062	-0.533320720382838	0.9224649054824242	2.673179617832022	-0.8553939495197374	-2.001048090025009	0.3121048016286967	2.028360315640345	-3.512518722783452	-1.406675524655391	0.27125280721757894	0.619639756270441	-1.3777018278765696	0.5194569738438426	-0.9201085440784381	-1.3430662637910513	0.13545199585619544	-2.008860630799287	0.6743327587383466	0.8525565201245255	0.9855284158231344	4.110607845335248	0.08004258524288584	0.29059710968237057	-2.581610681707345	-3.425562220544067	1.08779217539874	-0.45151609765610246	-2.3901038693331143	-0.08431922152877536	2.5608074532643257	-0.3282216173560496	1.9563810799889128	-2.2211957167448344	-1.4196836196881042	-1.7461929107247331	-2.685496847652462	-0.675199853220301	0.5760952653180527	1.2893787874344547	-1.1035995220717219	-0.5844684018494651	1.3152054143094052	0.1328366944845888	-0.7032404018335868	1.2267794025126022	0.44894838296159867	-0.26816247175464253	-0.30921720358848165	0.09014398537063467	0.06074396758278666	-0.04556009660613973	0.5382938010766984	1.0075349515701661	1.0084402129504098	-0.17280727451099542	-0.4424845580842355	0.35862686298040414	0.5971207470339511	-0.787421096455253	-0.2055000893489387	0.47159909827439983	0.1723472146071829
DTXSID5020368	1.3724836028257013	0.021788617055498862	-1.6038749037538518	-0.7598932471593787	2.61170790009491	0.19626488854194046	-3.9488738096115137	0.22155237399996444	-3.8961418973596715	-1.7875357443323507	0.9985251899640781	-1.962975920891498	-1.2860160629114257	0.8234344163595717	1.0852667296950333	0.46105971775979687	-0.7275725586899012	-0.7190737170355632	0.38236378776991625	0.9270731975605949	0.0328095730727234	-0.777747857782102	0.3668168187172207	0.4464671015938735	-0.9762423172405659	-0.27816086536499307	2.3774325555798197	-0.7587730742041084	-0.1911392583563481	1.9740773152944153	1.2840808922052338	0.20695818045966535	2.4158171329595217	0.9675284731139074	0.7822572182794765	0.4525111793167923	0.8237420577842088	-0.9683439822000881	0.602425944891462	-0.27196517801268744	-0.26599231465656265	-0.04370139644674662	-0.6845937604671166	-0.2345080617275173	-0.7537252435414722	0.1528582044274351	-0.17045075189798875	0.07772154095159228	-0.3866935783165498	0.12882358750364303	-0.01961389486646854	0.05933052560945323	-0.16258116160269614	0.3665941118262277	1.344285908599913	0.01606907426177213	0.9444692391532515	-0.3694825510616277	-0.4959748170683393	0.3648247497421793	-0.8435902621104409	-0.23284196975915697	-0.19541732494042197	-1.0584618014171616	-0.3566493066217072	-0.18174470698094167	0.15475387082980246	0.13312076951168297	0.020379323346319835	-0.4387468458694408	-0.6056773932768882	-0.8559297999309567	-0.6699564825282447	-0.48045294822285195	0.651537544176379	-0.11338936649594462	0.05410569343360855	-0.07283437208110037	-0.9710552268819533	-0.34312675363029355	-0.27068472071523275	0.14072099557417378	-1.3879630331760353	0.235968373773	0.919430548302382	0.6217706831821532	0.4175326005540229	-0.25233388161048015	-0.5599866252732367	0.18561805715552454	-0.6143909265414786	0.7197992410096312	-0.33568199983816904	-0.880140335388592	0.7831312664888079	-0.026211320029610696	0.11374446576860665	-0.6711221901148731	-0.05912899767499005	0.7603789944744291
DTXSID7045526	9.47675244412258	-4.1055637850298545	-2.59141219028776	2.853067496144877	4.350467508492874	-2.5270228457644683	0.8852933389655054	5.497608589129683	-0.6545169022595555	-1.3791341716371623	1.715111092981283	-1.0879432063225971	2.1684082043889856	-0.23567694846234816	5.418199448677975	-1.9483233166808176	0.4677820115454413	-0.6990677066467293	-1.7575201446461286	0.17506597273283117	-1.3894204576484936	1.0086719976330836	3.3669896136195026	-2.659146020286866	0.8855858972617151	7.720527402549851	-0.9042241750602742	0.8417227903704121	-6.839869205275731	4.0954382712964295	-0.00485111481631052	-4.053865760901693	-0.3737395142139818	1.7706674180953468	-1.5969052156989807	-0.6273054979920076	-1.908921828514639	-15.431980944806682	2.013412790848595	2.6528940781399966	0.5786826891203898	1.9860521911615716	3.2057259888211824	1.9819018296554902	-11.720393975838839	31.140848371120477	7.220564334929946	-8.959174777221117	4.439623320227267	10.534945791736636	-32.95705268303061	4.799205369714476	-17.38676720279316	-5.899757792075308	-17.672790009534634	11.421992475536253	3.624069243183997	9.755344316275556	21.105547837210406	2.9193747312179124	0.9330590797599422	-6.74419750342289	-3.5238535821656187	-1.7449090852380165	3.4495202610770495	-6.326063153006686	7.183989674812645	1.5133274045232443	1.3311780040844112	-1.3656626144705466	0.7526837188528059	5.136100972802801	4.397745747290362	0.22975584326607348	5.011915415634465	2.0937115743633488	-0.38012696980867294	-0.7370167448533472	-1.3470649254524998	0.3763282083815761	0.8520586302266204	-0.7436968362723436	-0.4461721704684981	-0.7047333078746799	0.8441706037365226	1.5771320615673932	1.2316862225267946	-0.4441296341366838	-1.0480310181220749	0.07120466996395437	0.36920669487150054	0.05055961909716048	0.5669679166620594	-1.10090620032255	-0.9565785369814317	-0.2118442027139485	-1.3668780065738002	0.44261767689415266	-1.4940221059658796	-0.7640586173743562
DTXSID0045202	2.789134955907571	1.1480303722134089	-2.9560738331500733	3.0673735392678907	3.6178221100565238	-2.148577275337556	3.0790642830570265	1.463389930588646	-0.09402205409050832	2.292582054452224	-1.1212818911149711	1.2896352757335554	2.4214239441396903	1.0236683401506828	2.7322359430969643	7.10202313260018	6.7464960321849405	-4.888995569429745	-0.5120188268359163	1.6790114735843598	0.6227554398160303	2.8550999230844796	1.137578972951718	-0.5067322030417103	-0.7489297127427723	-2.0200047423749803	0.32171708514966985	-0.01223401481214596	2.1938593721086743	-2.0320015309020163	1.0082850778100971	1.7116990098277298	-2.071071601228593	2.455631113907684	-1.551082181122961	1.0618183999769866	-0.8602411583444809	-1.34554395884278	2.4035665565404933	0.6520568895348302	2.482183425688873	2.881446258713149	-1.5243855668585886	-1.0151125197745445	0.9777208720911555	-0.02034659046971723	0.12265047327878001	-1.69635726836527	0.024606555490650894	-0.7627402970591831	-0.31815365509364735	-1.9298307486230373	1.0740716727844362	-2.5802326797548605	0.5345389235546327	-1.2378732505416565	0.35841790053153283	2.423064123713834	0.014431375711204267	1.3849343848698865	-1.2250151018738782	1.9699032976590722	1.8126111148709814	0.05832945798187832	5.510739030402054	1.3353883918580003	2.042070461951137	1.7099006560854206	-0.026608739140247202	2.272134894014337	-0.4230695174614797	-2.528473323171007	-0.6246848059744973	0.1624983597130575	0.961992506826885	0.8503053963562323	-1.6750975879077536	-1.587512276790992	-0.7385052445179756	-1.1707421726024196	1.0824318395090287	-0.2637573637327618	0.37311099872544756	0.20877185540351711	-0.8035912968148382	-0.24069005240197208	-0.2837030895079446	-0.4166819883405514	0.3152588275740126	-0.5990749377621281	-0.7445497582503319	1.1251770813799928	0.1414489057471216	-0.29895922980398165	0.41024293315985394	-1.107224639504292	-2.3913193343612003	3.522886489494525	0.4487716610174176	1.7467624479556263
DTXSID5045330	16.58971171154678	-0.23331865935932297	-4.725672512869696	2.676688989071922	-2.085125588495946	-2.466189654068457	-1.583776216424948	1.0850580059143429	-1.7146641695136473	-1.2390276056678402	-3.1660099396039905	0.9879846356243528	1.9360075108313086	3.321260177191958	-0.3492216730619113	1.0796884322283289	0.46374683187227683	0.8366721970836845	0.38204571071802157	-1.042896973236803	-0.39951441595456694	-1.687268707039827	-2.8958656539847576	1.1940004933594233	-2.1373881871755818	1.0849150481792502	1.5147934088093582	1.1273473983826152	-1.6916867342071717	2.674779774112609	0.5892239796093726	-3.0162159270019533	2.4223219161723684	1.4402531639731622	1.6999733872780525	0.1189481496003337	1.892963785513337	-2.5387375739622304	1.8266844597410656	-1.5125778742995777	0.1714196556768524	1.7524811983532764	0.9603319594513933	1.8069714357481057	-1.7426157377639617	2.5981094105786813	-0.43025025464721395	-0.9991565953459309	-0.2936035463998303	-0.357203006411708	0.5700737178853897	0.18382369745451926	-0.17534634592901915	0.8676732653466408	1.1395254463281923	-0.5099421858113561	0.21284745186826437	0.14468855887282503	-0.46604383455438936	0.2007973113877703	-0.9864006080585007	3.2379251912052815	-0.23651623212066158	-2.9524972563057648	-1.6043098961029436	2.0459357392698427	-1.2751278036583418	1.3553147303097064	-0.16968407459481888	2.1422045264906027	-0.2593965388591985	-2.491261666940214	-3.2852077610476167	1.0495235399686431	0.9135501280017599	-2.0808723986893454	-1.6638554986832628	0.3749323712360608	-0.24600088764798392	-0.9899352309744027	2.292063741662133	0.946678538640627	0.6714099924989178	1.232346643011898	-0.7976905840046393	-0.527804066401256	1.2115997803308776	1.0080972037896525	-0.4315790904190565	-0.09200617068798907	0.946694957700578	0.3579080708057375	-0.9463106632371171	-1.427784004777737	0.15236644129456015	1.1989864404080388	-1.1562157435030314	-0.18908247581365062	-0.9162312230514049	-0.12088158141403801
DTXSID5023295	0.09137408711322738	-0.18592747364016515	-3.3292697966526523	1.8044338554945363	-1.1834656111775637	-0.31873194371776675	-5.459392078852632	-4.863902199609169	-4.731773713412709	0.1660810296823627	-4.5900790306032375	-1.930044658998518	9.656707160927695	0.12471988583724658	1.529064543287727	-2.575144566249179	-2.3840012384034703	-0.1361178935223108	-0.7661974438681893	1.2698023403185237	0.7481928728055741	1.7963451993994606	1.4678606170924653	-1.086079064147087	1.359360996274743	1.0169738199485503	0.5534110596527152	-0.01623231882709609	-1.035828098276386	-0.05675035937139921	-0.7482792896505707	0.44075058535285555	-0.1290040116221041	1.226995396352588	-0.6530202638808658	-1.8640922940283517	-1.1394502903245813	0.20349994710526587	0.18818405143511674	0.09061623842852921	-0.36690110333594905	0.34004678374848946	-0.33451306395081554	0.21927099541347303	-0.1334627981259101	-0.33279477568700183	0.5853347827100479	-0.9004827317381939	-0.25543351523595975	0.2102426303805415	0.19414137736953188	-0.477042850108255	0.5591519379166432	0.16900526215961054	0.10516733258484673	-0.063311040641422	0.8548954353635898	-0.523165861279799	-0.3844605781903545	-0.35635811968251735	0.5228434341679826	-0.031144423705299722	-0.22972751951904843	0.7005797219338636	0.6777801204259825	-0.36206027588678946	-0.289453916576006	-0.5190115830779933	0.3821176446988225	-0.2900236086294337	-0.648282657785782	-0.6506033074803349	1.0182342808106255	-0.7908609282482677	-0.5635518008216212	0.5775082498097044	0.25687621414797085	0.5908198404657847	-0.10068213785169965	0.15027251560367064	1.0309541669334812	-0.6091288069542283	0.3779107304144448	0.5544782119809804	-0.04422965671851104	0.19956121759955686	-0.2286579991141764	-0.36111199682046013	0.31614872896071505	-0.324935678942323	-0.36131030794745456	-0.1409153084414605	0.5581301026106078	-0.13133728573325268	0.6255029898830762	-0.06147934804954272	-0.6220836998734515	-0.7132996079461188	-0.07320993524133275	0.15738538091240192
DTXSID0049365	-2.629079980327649	-3.610664898129998	3.3797688202384744	1.942638249908822	3.6983548793382752	1.4254658439341743	-1.3586474359023806	-0.3243580765327231	-0.9829432354944734	-0.9497677891446901	-0.4019111311613605	-0.505040982153886	-1.3162334023006341	0.9653691435448284	-1.351015272516097	1.0352724281183348	-1.176888450298669	-0.196867117485287	-1.659080586573831	1.5565384723164672	0.22876382108547802	0.06239809438976832	1.1386949000667337	-0.7312744263450133	0.3626904075159411	1.9263357641991252	1.9467304320082286	-1.0195786373848226	-0.16670256504784906	0.6294739910996465	1.0084630793111462	1.2144307973487862	0.10417455676759228	0.15418953745171107	1.6079026379831713	0.6852581569102726	0.2769066748469119	0.9783282844881355	-0.10892698295323186	-0.35986476006376483	0.5553866612805805	0.08109544562856084	-0.394510593809401	-2.1094872733846723	-0.05244687332742941	0.3626509085402547	-0.27420096130167554	1.0109882492726012	-0.43310171725517915	0.08881895160136882	-0.05395153831400704	0.7940277760523614	-0.11945914708548122	0.17807340299699614	0.3417316035893572	-0.5158711183620808	1.2846117648712443	0.36290744322203955	-0.21916390375943906	0.018496043107259105	-0.02886914690086655	-0.8200221422175973	-0.592501072442297	-1.6753868432149146	0.18536157067510603	0.7775084642255833	0.7675744268836336	-0.4346525719265535	0.19706670732110812	-0.509928977736294	-0.6689078186721159	-0.2807740304106234	0.14653073485701612	-0.3193904959441415	-0.6416640249868567	-0.024956968743060075	-0.6747492980163895	-0.5841004914922707	-0.47387271343408005	-0.539978875631868	-2.0442874959309294	0.722019173175093	-0.3092323513466188	0.874016928023775	0.5104791080961643	-0.2367131295009461	-0.6152102193919325	-0.6368000962547506	-0.08570442617322108	-0.04427865917924033	-0.33475954895062493	-0.18362389784562194	-0.8901061802336887	0.08109318298295308	-0.13744820796628848	-0.4141704610849706	0.4637436714661465	-0.23536167466392724	-0.3122553367404323	0.3872687849877433
DTXSID9048934	6.418601996344009	4.163078133871215	0.5738612833771257	1.4819441276128809	-0.784612490969998	-2.3095537783724787	0.7322495612758153	2.8970249530238017	3.814428191428077	0.16375660472607134	0.06567185284947177	0.15938535016284539	-0.9800639167350949	0.6751885127509617	5.2484451199634625	0.6160845847414945	-3.1236707264183776	0.6746011925927086	-1.4722021241369108	3.0325029212316497	2.360782775249201	-1.7390816840022554	3.890529390371609	1.2877017152726138	-1.532352266018476	2.012341083445858	-1.5805532339519037	-2.211864585575766	-1.0556748886102987	-1.8719278592725326	-1.24705874904224	-1.8373429185498045	-3.7957201803414886	-4.774187685621071	2.459807694842711	2.7816540264857768	3.902530686702974	1.7807905933302604	1.826334335442983	-5.716230351374631	2.2631750676069635	-1.1820471410081745	-1.5624810765023145	3.659881153185644	0.18526155771389266	-0.19443015177103537	1.8691278449959845	-1.9811074511895468	-2.465769541624725	-1.6026916716450619	-1.0767093318018917	-3.4134893571741594	-1.1983248323108113	0.6840410350107485	3.8364740134947684	2.1014310214786773	-1.3335387643669534	-0.8229260375651513	2.0341094880248907	-3.240236964853047	-3.688076689607734	0.23440524374634766	-3.5469098118450813	1.3903852288965932	3.9650088990679997	1.4355095721406543	-1.4135426393325279	-2.375755638410802	1.7074364309565215	-0.12504921640338126	-0.40776683211154474	1.447074441723655	0.7251289228956704	-1.463965498432956	0.24895997211995893	-0.5482135421934696	-0.022889308345047335	-1.1402627630430742	0.23165066386775726	0.46259004943692167	0.8973740414111355	-1.5598280588388804	0.3533902888562357	0.287158548045032	-1.0102699748812325	-0.21990660035896434	-0.1658388860417745	0.48725998703156265	-0.8947032445763207	0.0893051212636409	-1.0423617902547244	0.314605669657374	-0.07403891408158336	0.146326075233451	0.050134925934394343	0.12997794384967123	0.504353830476642	0.7634252234665279	-1.0586139286250356	-0.2423254979244184
DTXSID2023721	31.77576783205682	-6.344215415596924	2.1170835911653034	0.0764813198956093	2.6815317389539954	-3.6278571598275677	-2.178433493121881	4.250599304033087	-0.8346503688028271	-8.218497415029391	-1.3980795156519836	2.9725961730746184	-5.256572579802921	7.789739366333961	-0.9727336912178915	-0.45079698267791124	-1.32493387673072	-3.0253225320460957	3.036960783889115	0.5749475317334265	1.0212503687909664	0.7308532068036098	0.605175221389608	-2.0117253540847257	4.90780161137083	-3.0612364232258282	-1.8751909848125252	-1.184963869625962	-1.8090122519650649	0.8604973293376663	-3.2701528581702624	0.937091922271892	1.269442008636554	4.40021133703427	-0.9080838147701409	-1.429457261508272	-1.2952989466936453	0.6223417925376985	-1.3101999484768232	1.8115823021002577	-2.331337634310964	-0.811345973578576	0.5239427511763486	-1.1588386804160753	-2.1955392111548337	0.6026742446995466	-1.2851899638399356	0.20082579334213274	-1.2885107587985325	-1.4177136616973955	0.17666288047636447	1.0761313185446302	0.20876427902146177	1.4622242251133981	1.4228396672734247	2.1559842191815894	3.4896427740035385	2.3159247887692103	-0.7585593498831541	-2.1412021657341533	1.117977966607235	-1.8306397411970816	-0.3895149057643897	3.1004670395394633	1.7911487237357537	5.01077851582168	-0.6850071893246031	1.765989271046307	1.4947868777343685	2.514571335814378	-1.100714978497852	2.355375423509018	3.3021115900657643	-2.2111894910292853	0.37558843698237643	-2.756435081966903	0.33124032224674	0.2457529742906242	2.059231323018935	-0.8604516699545952	1.936492009958097	-1.004757245409898	-0.02980908458555917	-0.1975753704009414	-0.7719443065776355	1.325426262550735	-1.558573315691989	-3.0208002308479953	1.78600205286697	0.8078638547209187	0.4079639636810474	-2.7175311177779324	0.4898657779294941	-0.7452565313600127	-1.1124312123222093	-0.4811383864647795	-1.7327487079997343	-1.1512573871294487	-0.7512915998796005	-1.3782849565205653
DTXSID8047971	-0.45488373207093064	-1.2018505918410727	-1.838085164218584	-1.3732502858340296	0.747093092078083	-1.3052884831861775	5.188630305369417	-2.0775324922337908	-0.9689002798520236	-1.7996619639182523	-1.2360686865225943	-0.8690099093790159	-0.5983137243818132	-1.0923382060881057	-0.5710473475675002	-1.3841155025554117	2.2450325146202865	0.1621527497949638	-2.1781372355176614	-0.026439372993702807	-0.9645268357682801	-0.2146834968864084	-1.1093514359480983	0.48447610188513973	0.24216790892858195	-0.029147587003006306	0.6133968801865718	-1.303991319507427	-0.5576127734909628	0.0871304433287447	-2.318198678262736	2.1719073075060074	0.37504761981843965	0.09154356946296086	1.6652543309865302	-0.2735346406604466	-0.5632380974614456	-0.037263140999867606	1.222372049639906	-0.2716808610104842	-0.8718744726959826	0.683246503193756	-0.1966921588946069	0.7206386996466893	-0.23167212086459457	0.09132997755168233	0.5989087308430627	-0.28638224599702305	-0.60039055472456	0.5171773862601603	0.04096241333217698	-0.001020587946290873	0.028665654373321917	0.08745563707869121	-0.537836714941525	0.5360958211513277	-0.7090614213014685	0.5396965926971268	-0.5802759459399536	0.818552743769225	0.190163829698597	1.515292608460922	0.0810309615338856	0.6874559132842705	-0.0782431308143735	0.3024494266955202	0.10454845725129064	-0.8897127679799436	-0.45248497843077173	-0.3306294025991022	-0.3582442083935636	0.658584918679486	-0.7084542112175999	0.579004796747821	0.04627984326047524	-0.236678165348224	-1.052538900218609	-1.1215168811496854	-0.34176304812397623	-0.7281256613342726	-0.7005812337279186	-0.584404189840833	1.0732638233206007	1.1427617735973472	-0.35200911592933026	-0.21441117779836447	-0.7968067426450809	0.42678031795643234	0.5614588231300326	0.056557928167512164	-0.23181320993665244	-0.9331990010073431	0.08261674839507516	0.20418723631679667	0.2722440272371384	1.212259985600385	-0.6394403440575595	0.007244368898109673	-0.43299307002776344	0.1891526541343941
DTXSID7020710	-2.3654909074887005	4.793470129403021	-1.4735052313062265	1.6439807071594925	-1.7355889346356013	-1.2779446749778771	-1.880735748669975	-0.08800687408687277	3.2695849911868553	2.7371780859507355	1.3594524015874208	-1.3091398491866613	-0.971848970781468	0.1892943770928037	-0.6871119863589191	1.8429218774647942	0.11324064481304234	0.8831714893615606	0.7774081184150688	0.34283114963859646	0.9495563706018579	0.9257415250606328	-0.47618707977930785	-0.1585930194964431	1.202492452365502	0.06257490840784306	1.5079948435348127	1.5127351556301116	1.217964030736763	0.0008181708601628338	-2.0997431755774487	-2.002001160780621	-3.0337958902571875	-0.5303877344930538	1.9561402593840416	0.6981551989342767	-0.26101708567259363	-1.702737163134125	-1.9014660270794523	-0.35083138352970183	-2.9374909226094514	-0.24397301267749874	0.549001503375259	-0.4722061394751053	0.14294204156168258	-1.1169412293599883	-0.9651408842860113	-1.0082478703704676	-0.15815972858960733	0.6014960909018447	0.17980739493927048	-2.9621363607707023	-0.41699947925254327	0.24412485609510517	0.502487043174862	1.5870245716009472	-1.2242305525681425	-0.31503960964493855	-0.7119988398036443	3.3412072449344925	0.620162102492677	-1.1464199891248947	-0.4992366641961172	-0.8374866908651469	0.027788892497391613	-0.017206914504218632	1.114649612538442	0.2060464218361741	0.8529491905854554	0.6947823128934326	-2.8164589791757098	1.6409916544787608	-0.0017468571343086927	-0.1698197000406826	-0.331971519629364	0.8482438220689362	1.307861416541609	-0.6785528566580767	-0.3201197445163391	0.03731103838263175	-0.03407251492233566	0.18472383543683432	0.11488832426195816	0.5574808226946221	0.5032036883008498	0.5581400968349085	0.4779644976955854	-0.6670249394030505	0.32723201529302676	0.31529456049371307	0.21395092548478586	-0.35751969982130594	-0.5100084939770003	0.5192066551158984	-0.06540582461692312	0.8093198974816165	-0.24637440153479023	-0.106612144180561	0.2724008863629289	0.13979279387083243
DTXSID7025924	-2.946497477774287	-0.38795008699279737	-0.710142410394725	2.327101840605651	-0.12027663029984974	0.24902596740483235	-1.678217959490519	-0.6185380689527951	-0.4166864326977732	-2.558235571873997	-1.8192059217282723	-0.08184748828827546	0.15151781457778773	1.7470751931815651	-0.36422845622582695	-0.3078553155294995	0.5715897208262467	-0.2492790183518297	0.39668318833186855	0.6848243175623224	0.3343729853402401	-0.2890278978379973	0.503570737410343	0.8342536722913715	0.01314669165245177	-0.27788355486206945	1.332879504186337	-0.257102825532352	-0.06194675112613858	0.37440422586481975	0.8058716972639716	-0.7761277528330022	0.9677733143177097	0.14002840747377032	0.013952365665108659	-1.2899182778213683	2.6375501073402323	-1.5214268020487376	1.1511388471694495	0.02030701864000844	-1.107822733357252	0.9171535295026128	0.3122303385249231	1.6001881835846177	2.1779712551389596	0.45202977102603487	-1.9985272052783831	1.9146726181354297	0.8926924270688632	-0.6108762915802252	-0.10198022799672009	1.435933736943962	-1.4419139568578538	0.3380922643395618	0.20350843924831252	-0.11505414545944452	-1.6311355470869457	1.0666350818546684	0.13687671525981243	0.1531963427896053	-1.1294005988638365	0.02085456987913598	0.40199232422575704	-0.8728186613558053	1.0788203392051825	0.47265644623432423	-1.6820195943060974	0.9810338185544834	-1.4149597087342884	0.43765850562448716	0.7047133007082207	0.17992905756420954	-1.1180852505899184	0.16801628001302585	0.25129777095708794	1.3131709251232004	-0.6688857576043331	1.1452225392606266	-0.01735907385055644	-0.37975580814451065	0.9695036637830067	0.016713827512638325	0.014353351948366193	0.6451556159402826	-0.20134531739166206	0.23239632470258448	0.754089015104939	1.0114042522167919	0.6946618090969106	-0.7054896466640387	-0.12998791487486858	-1.0327768424534525	-0.3729481343514416	-0.501686606394414	-0.4257641347335157	0.7105531230849303	-1.1689375403964657	0.09801338308181337	0.8556679432294431	-0.07591949159003915
DTXSID2025216	-5.18188060377896	1.7300234493517537	1.1855239979432879	0.4697928450742065	-1.3427956770680296	-0.06295564111716034	-1.149667642624569	-0.9965925171394064	1.5752945388567752	-0.7458023201192807	0.7406532520759302	-0.5796009259312433	-0.7509693109338746	-0.7961653249511983	-0.20588559134781648	0.7344756990435998	0.4252664553936686	0.12209726101198305	-0.26776283899480674	-0.5213980268896105	-0.15284638137738216	-0.3956399242434904	0.39407270467763944	0.04507291321741993	0.040900136649726325	0.016354137196999845	-0.15580373959863592	-0.3180408376647153	-0.01938787323986923	-0.1319472719389853	-0.43143991624578165	0.07276469005250627	-0.47301843181150205	0.1881498244911494	-0.3045154897692881	-0.15626843026535245	0.24317786233331382	0.01723687951076256	-0.3669074384315141	0.05187392309755524	-0.25310421520603116	0.02272703683751014	-0.05215537920389876	-0.08661521090489005	-0.2539098679639913	-0.07050608261534702	-0.261255742913641	-0.5636539404302955	-0.1013622308865784	0.05688193120762443	0.10109911962102927	-0.2626145010553523	0.057848225712486934	-0.08049704001028547	-0.13973155080474753	-0.029226428507056944	0.09541480468692794	-0.02366449869774232	0.2498433068321518	-0.0743220758188966	0.33499097225715474	0.32237719241939533	0.10935904383550145	0.6327950883358624	-0.011463454524167836	0.22422386091428823	0.026378294596336095	-0.6502649885983628	0.5959571576737829	0.40848336640905436	0.19433042402139494	-0.5978873594096413	0.6870909313694671	0.48428571694188594	0.18851887536836112	0.03981009017825877	0.011390470754061981	0.3877493252679295	0.07401826398549693	-0.4409524416945276	0.7372003702592602	0.09255631467326277	-0.2984949499146043	-0.04319129439870782	0.16296071843312038	0.1700451953261206	-0.38376781154446665	-0.33698196283430637	-0.6726276964890581	0.5117628916440486	-0.4728466830887606	-0.1654878346877532	0.38483726879888214	0.19096322685111156	-0.20535832523492825	-0.3300903209414077	-0.2961551027630635	-0.027761709886997377	0.1566847484553761	-0.19154502648507638
DTXSID6046347	-3.997120155174896	-3.6528100714349425	-0.20474596515223556	0.29351536033089265	0.8344047779210214	-0.7571403347177444	-1.5166038673693165	-0.46899574150026896	-1.5957650833489214	1.5500984462537735	2.2643480565502987	-1.3718031644261781	1.5227946642997114	0.4751715023938056	0.9746588970701132	-1.3749503229460125	1.0477390782130866	0.6251146191582264	0.44021100200776575	-0.37117017697385474	-0.11468710893968381	0.01643584091433448	0.4323686827859284	-0.009501192003581556	0.10247313728993458	0.3605997550920336	-0.3843689561822755	-0.901586369308748	-0.3523353282496299	0.1355774567125048	-0.24716152536287622	0.36163799389762635	-0.1773189471751247	0.7113511301005775	0.25230126188067764	-0.6235413676565512	0.7384641976199438	-0.002522237728407864	0.1745238137841108	0.4324283588079704	-0.4450599337579107	-0.02596204864924951	-0.7555537962303486	-0.29754171867691187	-0.553793785429621	-0.020237148430985934	0.0585913181590903	-0.5697174042615653	0.0632639446056735	-0.07463355057707113	0.0458226239900826	-0.1981517807310813	-0.13088179416342857	-0.2588460187786705	0.011167343643574365	-0.0390531998825916	0.23935566512677128	-0.5460052416673815	-0.28034886005463666	0.1354030364566795	0.01869877145847429	-0.10847340701284708	0.372514989774273	0.018268002857810335	0.016081236276155476	0.2358344303196939	-0.6375151211692326	-0.47861868598481155	-0.3611212989146193	0.16848007620185174	0.4783684262612687	-0.08447432970632433	0.32239431641554783	-0.054019167372807174	-0.1756838813977726	0.2534188626996562	-0.16407137854965503	0.2943729670769252	0.11837786743335806	-0.6352736874301395	0.3024939897696408	-0.3530984605372975	-0.3191273012950108	0.23251529713910696	0.004023997752364116	-0.20531983114005511	-0.9690575868802214	-0.4329970173876111	-0.2988448880349531	0.21342881598465194	0.013998162557600247	0.7269885313825019	0.3699783655079229	0.3727314248701071	0.5603826060100091	0.11330126284431144	0.21586290534366165	0.11578377969396023	0.3614786343697444	-0.34376901117588776
DTXSID8024072	-0.2656815241662172	4.471653279514774	0.3963697405549286	1.183074968302813	0.1851425066131031	-1.7846139797677174	-1.8086318846935552	1.545379712251978	2.59000744385369	-1.3518680639387435	0.9002382148940987	-0.4262284957694479	-1.0477853465924314	0.41865661287935	1.025408863933854	1.7975177108347504	-1.2384148099158374	0.6860740933028964	-1.4844391221511077	-0.4146960921288537	-0.7839679036455562	-0.28751928545366734	-0.4298265259896553	0.22632164692725742	-0.7981461277296347	0.8318535905434838	0.27999138874226787	-0.6048182062144254	-0.4188299089533038	-1.1699139465952364	-1.3834676515736006	-0.3877067482816685	-0.894372476178382	0.5271287810308695	0.4981556102187268	-1.0489570450602435	-1.700737353651884	-0.21105386099498752	-0.8238858465983471	2.056879512283444	0.4060120877662533	0.9588044686458504	0.429292748011768	-0.1793936683926451	0.11986169134883719	0.11571791108735631	-0.4062486617056921	-0.4569378595055899	0.08830128047918523	-0.14339965934169108	-0.01763405343703735	-0.5237833380884669	0.3406366251664134	-0.09457311483439043	-0.40123833556947563	0.24762031569975965	-0.14204946662245144	1.6544034565307113	-0.5826998956613475	-0.7586762342745034	0.2995761050006952	-0.6824821991061726	-0.7592000861468766	0.8040840522936243	0.7719706398743943	0.5124226883746551	-1.064099663611064	-0.8792406039894373	0.36705763890377224	-0.7711241097612188	1.6201576834800828	0.44167106760216673	-0.48643844337939396	0.1452976161604596	1.1984681863333606	-0.9435866039696862	0.543619142843989	-0.5829523422007229	-0.33170859731141483	0.17060331158372935	1.3044066279527957	-0.298147605689032	0.20278418349088023	0.03644690483834817	-0.031085369402197766	1.0138670500082065	0.20930187118923094	0.012274813545790972	-0.28360387859911723	-0.495412335680415	0.06741875346012098	-0.3740339231749842	0.4178285620524843	0.13313093443091956	0.18600550024815019	0.06051585808994726	-0.003989217299346301	0.4405723114828389	-0.1628789822291656	-0.2513960575988071
DTXSID6040664	-1.6716793408018191	2.0956771781290398	1.0815042684640075	1.3512414052567003	1.5637048583789297	-1.3795401290041125	-0.5125266759766758	0.5113410740777109	1.8990246540099351	-0.12179363578104377	-0.4038811704649398	0.21089469148289144	-0.42582547588942515	1.3193301805796938	1.630893278065279	0.49962879290572154	-0.20264727003459473	1.243249499211425	-0.7770074540372005	-1.2795680358596864	-0.48077045296108567	-0.9424230444559581	1.7826078204232834	0.7858933376655568	0.006541034561293479	-0.06828273605821274	-0.025209479599310018	-0.380157968017056	-0.5537065392181619	-0.19046066244033935	-0.778155737012387	-0.33113980694928746	0.5329795908784924	0.2201891618046101	0.6371157466563335	-0.044516140020109486	-1.345670338916827	-0.16634998081320176	-1.0372222864900422	1.624617706295003	-0.2656491347102629	0.04985537203736986	0.44928808692735267	-0.8025836017605931	0.8853465459673819	-0.45029458622021745	0.18322378090427682	-0.3528909499262103	0.22475731708562716	-0.13886870222942033	-0.029465212031829575	-0.7887870458971519	0.7035075381273503	-0.2655522753146796	-0.4692134544414116	0.9390350671124751	-0.39616899469082617	0.8649601969348916	0.12220071558388881	0.06215601341397602	0.0070475708727249665	-1.4244833834718182	0.35055690711018356	0.3772653260144407	0.521866710721357	0.4169140382141961	-0.26906000100507615	-0.954194481567914	0.03665440320295163	0.09970589076978459	1.2300465508762863	1.3780370148330237	-1.122074299245139	-1.2047128414319672	1.6697548744201096	-1.8422685290772958	0.1824630431163116	0.040897093620494596	0.10108905004279346	0.5681071476140962	0.4280372624575157	0.27853497931873	0.12004381138971239	-0.29614768877183084	0.2767844251875585	0.2037553226130818	0.4400838314639414	-0.6364936543801414	-0.4988234621539652	1.3513808535483556	0.5156868129513112	0.2033816118002375	0.10555393203686016	0.231710066590468	-0.10184405245687451	0.517593631607434	-0.01455814546515374	0.24534460628117058	-0.40037909913625686	0.05215069468657565
DTXSID4027652	-5.863091388254018	-3.5761345376148186	-1.600717238682057	-1.27640068296742	1.4169680161918539	-0.2784870203121076	-2.5782434763840034	-0.9232933575927491	-2.543662009908938	-0.3818922334314472	1.3656747085098908	-2.4359260463587944	-1.0266124935969516	-1.6952377167567843	2.207137502838985	-0.3307662929549895	0.34150626682779867	-0.9861983464605466	0.9992925870247306	-0.07248875003066976	-0.519932834828282	-0.20553607802892881	1.082151572914984	0.1565737030938017	-0.5038086563163809	-0.3495667239404807	0.6112720492809302	-0.5019691424791672	0.035979567916458115	0.5963826223623357	0.28942726091257626	0.10608351420410825	0.8478955922227678	-0.11150459657769148	0.3724573399764514	-0.30366672187086075	0.30097930457330396	-0.1909998430899061	0.4302500491270123	0.45194227462361614	-0.6815949425596661	-0.09126213332180787	-0.4359667029240475	0.3293415215844716	-0.0670552376856962	0.06463373263293605	0.07508367802749899	-0.3341736776259296	0.08279070357805945	0.5797923611705473	0.13007072755025056	-0.11748840161030986	0.3411324642334421	0.05084116933406931	0.2942408618145761	0.22007967084377453	0.3783225460365816	-0.6427054985436909	-0.18506754178272633	0.6544778641711302	-0.17035080065862307	-0.4193993243523552	0.37577758315919074	0.3238027477658173	0.11027125675306902	-0.37225840734371785	-0.4073124231998405	-0.26562685771126576	0.187724664470072	0.29264211117514827	0.38723039205626075	-0.17150385875872506	-0.2334707381243952	-0.20713696639993076	-0.24158952818573554	-0.051646316516634365	0.3817682416636116	-0.08099951718820482	-0.3041497926167708	-0.4282611775275426	0.4592145355645812	0.05099228685430337	-0.5218878748485795	-0.0900741167161088	0.13533994043750688	-0.058857277059031085	0.3329427266193387	-0.2741547638341366	-0.43517944764922595	0.29680493117630213	-1.3946351349543975	0.2380829553659775	-0.08681345300526744	-0.5220339463504419	-0.6928023786249842	-0.4724172853348561	-0.26443639587809664	-0.7870359536273717	0.05024449184570411	0.40987932673396865
DTXSID6026325	-2.898584454354257	0.446123363886013	-1.1675286614525113	1.2780704101618303	1.1198402564015946	-1.0512948583553847	-1.4226653592380711	0.8543889491217441	0.8135782312209585	-0.4077100307437775	-1.4657996270326417	-0.2681596130128153	0.16436932321507525	1.8709933364333244	0.513495594943186	0.09841026751732093	0.08527751953164295	0.42644004212484876	0.50874282665032	-0.11843656924632134	0.4335068286835705	-0.4728463107971755	-0.8726860263983971	0.8663346280690382	-0.05867374691394815	-0.7178226810179863	1.3066693267576264	0.11620969399917146	-0.056571016386878364	0.9530102457942873	0.6244144665199891	-0.7340008120009882	1.463739313829178	0.006958404980268731	0.22842711151254258	0.6286592783595211	-0.3287559810952244	-1.1256475300288453	0.5949869063622634	0.18076770048298724	0.4104567205800098	0.759554251691366	-0.4531649818482751	0.9963714493235398	-0.3793383040553039	0.16213464644756007	0.07975615083806345	-0.28980316048943355	-0.11430477173298983	-0.14825375088022674	0.137976895435237	-0.11238597086797793	-0.21040475806797054	0.4844003242077663	0.4416531581505327	-0.7207493615343986	0.1203775882549149	0.28301761021927985	-0.08124845911778981	0.06767234611766783	-0.26818853434535206	0.37168512483080207	-0.322858290634972	-0.8409590570322231	-0.6202322995403116	0.02989339586371374	-0.30443686620028815	0.5659151569699589	0.1189906532960512	-0.2582188409540515	-0.043630094682706594	0.13005100675034315	-0.3478317787761193	0.48404624983215916	0.07155142551900416	-0.5534382896042214	-0.28055139823274533	-0.947613037796727	0.009921915448481316	-0.8184139368120675	-0.31219523297374957	-0.5744349487091447	0.39537318452168957	-0.16953819097128692	-0.27287525144720826	0.5614864928359645	1.2057521646230664	0.5863068988826642	-0.6298129828321769	-0.28118763925389045	0.4425856880803926	-1.2759851433781857	0.29948727563989663	0.4525652388843725	-0.25729833701748267	0.13530697559259153	0.05714512342616052	0.081630609428219	0.2848984612632135	-0.26434290727306475
DTXSID9023380	6.562607204137093	-2.100935774651428	8.97674600958699	5.864581391995138	1.4693705950355156	3.947338436076158	1.155295123308753	-1.786257603018273	-1.7340671566554768	2.57206709588846	-1.148738342252383	-0.2694098106290668	0.955522991187987	-0.014654987617447922	1.3575542454631335	-0.22508526982147137	0.7938481748538483	0.4018727772514362	1.986282611686885	-0.458487115781361	-1.4144337534740525	-0.6122847228022706	-2.887117197387929	2.648048665013987	-0.9029017796269698	0.26498816984954143	-0.22916476211450504	2.4187449425592273	1.2377380704602798	-1.2407056007091226	0.33066882745460957	-2.6480488227428824	0.6526843872786697	-1.8316635970901551	3.5830475699401574	-2.617692868304998	3.039825895976352	-1.7668523272763519	1.582650496496562	1.5688039235224027	3.7079337097033123	-0.407906055199828	1.1603438200695326	-2.1883036009488412	2.5521988318415927	1.196654847084019	2.0092713087501313	2.3937009850098057	-0.842038699267524	1.700149151893425	-0.30854264412260396	1.020931817750169	-0.8175457849133664	-2.7146486821806115	1.170653772630829	-0.4106766476602307	-0.36385143677902676	-0.20942731659381142	-2.04717067251197	-0.38965030413842977	2.1149819947246637	1.0669602090904502	1.012289146090315	1.8325596563907136	0.5207627999153386	-0.10699306661330124	-0.19881320391069646	-0.13597936309280556	1.8759963418779044	0.0023590692244173156	-1.734881728259737	1.2949584420091456	0.8816636322060573	0.5364464980456486	0.279413110585353	-0.3958218998926799	0.8611938922763263	-0.2085262356956174	-0.6248706830531091	0.7101998656230113	-0.13073709453245963	-0.7051087448538932	0.11700042915124714	-0.35065676976517857	0.010401376286302213	0.12186765630787007	-0.06815125535196234	0.18315688573817523	0.2864560849129601	0.22995990707088085	0.039921023269114585	0.3953946179638306	-0.06520560491331352	0.06074139551409592	0.46839069309661807	0.29591721892070516	0.16518591352379133	-0.075396669538687	0.46481784569338525	0.0614561286240918
DTXSID2045652	-0.362515251626395	-0.02468549433220443	-1.7854615163576197	2.1394790293315498	-1.1690165866411426	-1.4498915328456388	0.5359486949496198	-0.5247810728291283	-0.5057073911850438	3.606705539595204	0.06690940227912416	1.0021190216829756	1.4795114696051104	3.3007232288356394	0.40803319321901244	2.7690049190563792	3.581062358337908	-1.531433498993765	1.1387488800824612	0.9272900136770202	-0.48880483381879364	-1.6178984155470229	-0.011290843157959654	-0.1286040987338258	-0.9282569209367499	1.0861026879605065	-0.7541226871790467	-1.593773277355299	-0.939059367736798	0.36650453468870764	1.055456213842216	0.2391556414871986	-0.07032476931822843	-0.8836469059365623	-0.48761568779192693	-0.4974601259858114	-0.33736940503894985	1.860759377304857	-0.9673852189153991	0.044373080114990714	1.1562259457708572	0.23601976722915446	-0.6555523983825429	0.33041014698333804	0.3741895004681202	-0.8050751718331826	-0.07870111243021818	0.029966190195629877	-0.10504779177838813	-0.5899761538949583	-0.04201867763549728	-0.1559554271752659	-0.5227748867346853	0.06357135975851287	-1.1753215550643323	0.12159921490911041	0.2917031472043162	0.4712453211583428	0.17471747523878156	-0.14971073968337822	0.39935615827467996	-1.0461994406742898	-0.9805381869081908	0.34455407665303966	-0.3542195268117653	-1.5341733572546217	-0.42176005631947505	0.9213945426519775	-0.4902732240749504	1.1514767633908893	-1.0932952476415816	-1.1393990616390408	-0.0506675385981314	-0.8645060296684366	0.36628250053453854	0.7283037078651516	0.027347048845056877	-0.0933614469474662	-0.35271095362228544	-0.15862828488679043	0.41581178648402506	-0.21021807191598535	0.15785623417364084	0.07738350089813395	0.47491143668044583	-0.11042627737239341	0.051575136040458	0.17048840314828603	-0.43240330018556855	0.5297194466986634	0.6884640432875059	0.9292241937292282	0.36294125252989484	-0.2314106325003259	0.37453225955019015	0.411745726084894	0.009145470814418523	-0.025248415016270315	0.4399266621051047	0.20462811683511026
DTXSID6031461	-3.1619448906755907	-1.2540595619900126	-0.19899859192700864	-0.42162468078405313	-0.13294975704685788	-1.2597763224833323	4.616325702466151	-2.285284061462915	-0.6741767892990305	-2.0125945546641515	-0.7958092169905522	-1.165519022979999	-0.6473798660197142	-1.2557283587080623	0.28850912711734916	-0.7942351830900185	0.8608434122111174	-0.47996479459549574	-0.9532755363178498	-0.16640918820723521	-1.7419207023015262	-0.5357271650676448	-0.22011575951180007	0.5302038557546368	-0.6801905859412595	-0.8009550455844747	0.7826516273120689	-1.0165193567527673	-0.2337133768069494	0.5194035924140925	-1.6927949329275096	1.616172253249664	0.9049150088153534	0.1782486165005389	1.619227066681916	0.34219031457106863	-1.1873408423177605	0.33536285374209285	1.0374451411012575	-0.3432328886414762	-1.3741457062561284	0.011666478166455276	-0.11141408932810024	0.3290134597201451	-0.3518310789095679	0.20840322095328428	0.8990755540253307	0.009984644009164078	-0.5167236668284236	0.43058338224553255	-0.19974478310649615	0.18607976974871615	-0.1314053139624423	-0.009221719828324296	-0.08038560898542536	0.5849260821102714	-1.0510371406702514	0.4807108400643447	-0.8688257285535121	0.886990383339778	0.23149605783206226	0.6650086347850795	0.022349680668511538	0.539439323888793	0.24394186559428718	-0.011833251883626722	0.15824852512351176	-0.6082031370951374	-0.46755936322373454	-0.5023353086673973	-0.37326749011925753	-0.21586350354261385	-0.4795238890908582	-0.11381985944451378	0.04334017686020247	0.09380785854131614	-0.02997181451645973	-0.24382586466651038	-0.7116890098485205	-0.6067161144780243	-0.5635864119968704	-0.5161260471303012	0.2854645247948557	0.9048733616974906	-0.5293993839055317	-0.028500072866838005	0.2662902746483316	-0.3529986473680593	-0.12798384747235092	-0.7731354538717398	-0.3420407022016927	0.1884479780994711	0.09083784316923517	-0.35397291752853	-0.3582906140732946	0.7026183318010905	0.5131482980048755	-0.1389764472018061	0.12152543058048836	0.4381339938338613
DTXSID3046455	30.060514185043107	-0.054220816862434705	0.21709973761412305	3.2575634701049014	4.827028246737815	-5.030764964010272	5.682122107537899	2.417733301070173	-2.333127823712094	-7.6861176912715345	-0.41873878063487274	1.728131028258439	-1.7788470162301113	5.671638317873524	-1.2488963055338307	1.8010007854392278	-3.685410384682651	-0.4318536936261699	-2.826375228046313	1.6706222545870204	-3.229719148480319	-1.4145725078850169	0.6250673637763167	-1.5180076541041594	2.1907810210449696	-1.8697872978047174	-1.3727962422301212	-2.1240161397034782	-0.6662269217037021	0.3887382208083049	-1.1591217055521397	0.04220963393895956	1.1671276824169219	2.240668916812068	0.9572541380198654	-1.4917122896977153	-0.8324669562302219	0.7002170681312612	-1.3580054612233479	0.9138319154988132	-0.6778983212994989	-1.881671301697284	-0.5902159559016521	-3.2329185652055297	-0.7651001746273934	0.8239094441973072	0.1927881122118374	0.9956622731857219	-0.5748807171562237	-0.5775197065750575	-0.39881053642041947	-0.17489435139686657	-1.2209199078310407	-0.4104374731113935	1.1262030106449112	-0.43691287327391143	0.6452737246146586	1.487470651775293	-0.333685940208352	-1.0490696589300235	1.4596845499882192	-1.1687407476421117	-0.9909058793796401	-1.9904521968107651	0.43167851552256536	2.295952340807462	-1.0415538701708242	-1.094747271848312	-0.786273580415438	0.592675333497574	-1.065837675219941	-0.46987809189455004	0.30597104818094417	-2.3034057945753794	4.743375873539314	-1.4481137977201397	-0.005872078143221783	-1.3397773243128615	0.588058809511387	-3.1729590389708355	-0.31773083338277663	-1.7359160119894907	-0.7149423521146653	0.15766570278066908	0.2574876397579476	0.4799055750307752	-2.170260739547866	-2.829593207399515	-1.0800928558679985	0.44569250483691086	-0.466550043159166	-0.3076443307446643	0.07239530733623675	-0.68325445157491	-0.4403701687875602	-0.7983325444790237	-0.9464363804793205	-0.8458050746443895	-0.0922620585113156	-1.0038745052380635
DTXSID3032759	-1.3141685104904366	3.482303786666403	-3.3319275967169	2.661520643408594	-4.278371103011965	1.3578183485469977	-7.024290275654383	-7.320495046327579	-3.767195653277359	-2.0825521613117375	-10.564071970999773	-1.1701391910253236	11.972130173650317	-0.9424957667953594	0.8930150579093286	-1.3744410230450541	-5.184293846751575	-0.8946364029274679	-0.9526998781602485	2.020931347492963	0.8893026678148535	2.8463629648069007	0.042790833997472355	-1.8946020139756927	1.5665984785585612	1.6245739069874197	0.33331837918878293	1.4160526229094914	-0.6443179579437952	-0.8342060806988173	-0.3086462985950062	0.53015922353635	-0.5786492935815395	0.37652291102963614	-0.8172394406887268	-1.0452188582339526	-2.523479108100938	0.5409847760678439	0.03028459020877635	-0.09685951248683188	-0.058160110311342626	0.710828164453659	0.03261213699945422	0.6563998593463332	0.5334968033228111	0.037044940461466336	0.2924224376755833	-0.6629810797465846	-0.1962879902688972	0.33601196512206094	0.14649134098647082	-0.5949425344532043	0.5902415639663561	0.6857698029040304	-0.20361044217318217	-0.08013931959507696	0.5710656544813447	0.2678588754878565	-0.28343295432925214	-0.302106915791012	0.3431499256894716	0.3710357413225343	-0.4297440612219997	1.1372902878178586	0.37569353168697583	-1.4981437900157282	0.28944638600791917	-1.0632400296664346	0.8013580150909665	-0.06212896965464868	-0.7854964978763694	-0.8427144693547635	0.6635680148356448	-0.3329938473094182	-0.0956296284436238	0.16439034940002842	0.537116410056191	-0.40349912053142145	-0.29462449651161315	-0.29469124834037497	-0.1219054265440635	-0.359359395849083	0.04692076213950577	0.17193944447012618	0.22157315192181115	0.43173869491141825	-0.30629784637008967	-0.6262451107276716	-0.4922545442964411	-0.33042346050925286	-0.10090701433401496	-0.2764071889791223	-0.30997415139864587	0.18679177214662288	-0.41634565667879264	-0.48854190655710533	0.44675771953934884	0.41078343709017895	0.4595283385154785	0.0715030300004981
DTXSID6026901	3.3427799566491476	-0.37417515512832067	6.215275196901948	-7.5608544750889495	-2.6438070037112222	-5.31383823553355	1.4441663769518176	-0.3415734363996	1.1570656257555645	1.143550652684036	0.7331425060331258	1.0195385910853436	1.4597502692144102	-2.328324426666943	-0.72866212581536	-0.6571041461224543	-2.331776727731251	-1.8382537114499309	0.15007659468518603	2.63312671515952	0.6168259380415871	0.23797168596068588	-0.9701633257946269	1.2497881706374356	-3.6501603158761933	-0.007524331191421086	1.5158286697307986	1.3437542645498368	-0.48672815419395077	0.9070745000660567	1.0433283803982198	-0.8501153636657893	0.47020873154814863	1.0008700151749286	0.34491343198419594	0.46953397228967536	-1.7011979056669604	0.19791340960556394	-0.3395381386036032	0.851223722838342	-0.651351051076155	0.11852769635061063	0.5543408076179889	-0.43373783733397736	0.2715796240805173	-0.4224172520158402	0.14815591309343282	-0.4952813018641627	-0.005229772784109614	-0.4080513878055786	0.013046576030636614	-0.18137966894867114	0.3161581456995584	-0.3201270979327695	-1.0682929668201973	1.0479060595752387	-0.17648246358926234	0.11469933728278346	-0.1632100676971835	-0.6079747784274104	0.5848381840453147	-1.6164860842966686	0.2861174608639367	-0.47044060925810266	0.9765944920347003	0.5860821695733168	-1.252187421680774	0.4652914334839239	0.12097266018608654	0.3257608454981608	-1.2866580599628448	-1.1289217273595862	0.4853590134344847	2.1802227768065547	0.29568775697130795	0.6371667750964377	0.5856355300142267	0.8260109569329617	-1.0903788102143548	-0.9686482992049941	-1.1128810347285147	0.1993256353152146	-0.4350828979046193	-1.0919634691583406	-0.3384344758822209	-1.7432549007100226	0.9881378752461302	-0.7255994250737006	0.9555097700821277	-1.4438715859476137	0.2686607814531615	-0.19457676035093632	-0.29689135072661604	0.13197933233632397	0.3078938672384294	0.08764155209365315	0.19204330699780459	0.12356634600084968	0.35842653361080806	-0.36657227274874443
DTXSID3048819	6.108563383939871	0.49258573797458544	-3.9456262329740337	-0.6984581657388983	6.510988625220359	-2.0030887260355623	-2.2103606000270664	3.8570362395465385	0.08656494759319071	-0.09770464688348732	-0.9355917407651227	2.103980172184911	0.7373842681260793	2.5231856842312066	-0.7417634825135118	3.41591870960319	2.011862001573294	-3.02754730983158	1.3062154572506652	1.1403632818701948	0.7053219940482153	-0.9609479524426489	-0.49765331174979766	-1.2538634923394854	0.9071716451081685	-0.16332947479264856	-2.116627224455879	0.7638440109190343	-1.8442083229588642	0.3966305656760777	0.01803376627248475	0.75782029903801	1.537492623103856	-0.333048459604319	1.2879523527882168	-0.8740444535223769	-1.7709456188577617	0.9520027932234381	0.2972352706092447	-0.22728800361820237	0.5007763791947634	-0.5550563798255144	-0.49140694431693144	-0.2202071470583759	1.6436132077802004	-1.57683773436194	-0.329102354891242	-0.1213655195875008	0.4181337972760015	-0.23402328611457282	0.256683279168133	-0.18375429395914442	-0.05795623053211422	-0.3683006526031765	-0.3199385483793291	0.26482580538557904	-0.055697994989249246	0.11404629001314387	1.9847004883957569	0.5271002067465776	0.06701459199821452	-0.9844609318429864	-0.991456550854647	0.6319572365803843	0.4189531268445714	-1.4820958570600713	0.4730163619639401	1.6210423425369402	2.6258430049719035	0.9259601748455055	-1.1360424070190023	0.22771473467682338	-0.5619333116525982	-0.8562524698240696	-2.7842380939785007	-0.746744288863332	-0.056997137233886795	2.172388051217462	-0.3212768922500527	1.5748233360533792	-0.47009286092738556	-0.3522544822700662	1.8391174498549705	0.547158201699232	-0.9381822303774111	0.39585077563706556	2.3582569079276388	-0.5835304091833436	-0.27114002320684116	0.008865368570708139	1.4586037204363018	-1.1986705452498456	1.3230275956552122	-0.5529436012018145	-0.9468207722193029	1.388022854533177	-0.6628058425381121	0.26870241887174673	-0.2607417850346757	-1.4906898487217304
DTXSID1046215	3.317894867171303	-0.41230152601048936	-4.187787052633284	-1.3841466363608543	1.170323005128675	1.9418849846899973	2.618215121704483	-0.10595799812105218	0.47475889294376944	2.028879167954033	-2.1367402703592417	-1.7452046934694472	-1.0336806751671646	-0.39582589101762805	-0.423413811509517	-2.6955155897615044	4.828630351786806	0.8661400834978087	-2.6867162718016955	-0.4900286734594443	4.720067290527975	-0.32576202150041494	-1.7157897802851583	0.829736007780043	1.4230966680045631	1.5347016557724729	2.112165412018928	-0.23338009438312957	-0.4953839350145065	-0.6675240792333599	-2.2805588651288726	0.31133349619245676	-0.6604305673562864	-1.3501048936065558	-0.5380085978248494	-1.237585907055987	-0.18821182591419375	-0.4188021164587489	0.4247148093898158	-0.24382772670637193	2.033321568362835	3.064720974374286	-0.04534249872509124	0.6788479464943559	-0.19205105909085146	0.19578821796278567	-1.695051047873582	0.3727363454287607	-0.29703406303777247	-0.10494916216228817	0.22490482091135539	-0.49929904771210587	0.4474084817509868	1.1064959085518435	-1.5988702987058525	-1.4519016675795076	1.2944359280968236	-0.5877410697963225	0.538995242522835	-0.9751220384331586	-0.9948160036885614	0.00624087200047684	0.6087328988891646	-0.3569600035744845	-0.4691740047178332	-0.6627245360071966	-0.557496869799221	0.2867268267066406	0.4217175340218468	0.9132636099572486	0.1167305267991078	1.6435960371315215	-0.15297414549362107	0.7810028102678984	0.38375959602280424	-0.30147630176056595	-0.20334707687622305	-1.321428750665881	-0.7166819288494827	-1.187658409970214	-0.028662896432880284	0.11821796846372433	-0.7748154510888354	0.8946609634997009	-1.0042127316430753	-0.13457793984459854	-0.17033079678659288	-0.39887253077907747	-0.15340597211606494	-1.1813429874738985	-0.22028312120972196	0.9456513170140342	-0.46908186557066456	-0.7793885230125558	-0.4502112960726314	-0.13277282472912888	-0.3330129145827432	-0.08165380291620417	1.173508893869352	-0.21166305020252857
DTXSID3022162	-2.690665698366404	1.7848010991590315	-1.270500405717808	0.8811353861499591	-2.4094552938243083	2.7068316456425308	-1.7026170801639358	-1.1752246121157697	-2.5222458837859243	-0.3751459062003481	-3.7604851792566434	1.050133834795924	5.296942117801427	0.5326038578127958	1.5938561411324847	2.420411851066811	1.8244382187483954	-2.455044191831215	0.3394979292459278	1.9109231055148785	-0.14191429779641426	-0.6416446640972204	-0.8704622778992224	-0.5932292627492755	0.14313090230870765	0.8759168556800617	-1.2904770049979848	-0.16569865273726123	-1.5784030837832812	0.3585391376023597	0.3618734374697213	0.7021872303331854	0.6655561985344332	-0.14144325845618655	-0.22572752410982408	-0.5402831480765188	-1.5503043500470783	0.8053360261438873	-0.28937314943211095	-0.007496912809394553	1.0350117821459044	0.1847108520381156	-0.7173445028886856	0.20605876102747225	0.6049114089242557	-1.419263794659811	-0.5709455693339244	-0.04918739280128362	0.06841139770269329	-0.2700108805396247	0.07883987202778361	-0.5757185948246457	-0.11909215020917437	0.20807026020274344	-0.625439280115324	0.5937087867413149	0.7885130600541927	0.4500647932573108	0.910400995142291	0.12836236518773522	-0.005653847790891189	-0.7153786958408218	-1.2245704887229951	0.7108909992157955	-0.15314717459349794	-1.5804862664747277	0.4025277139294199	0.7989975786647014	0.04090608798247389	0.35779880030034983	-1.594866669553636	-0.4772675346825484	-1.1964435184183055	-0.7293853590682094	-0.8438774532640526	0.2694969977970898	0.6179255359790876	0.3825613561822034	-1.28213236712227	0.4185183478530014	-0.6513321246772662	-1.502436631650951	-1.0562464909193412	0.21204845064184444	0.6631782341745512	1.1965229801528259	-0.2999372600688457	-0.1630986183737486	0.18396113208399376	0.0025856324735281833	0.8242909922477136	0.4496860971702688	-0.011345289559533022	-0.39553032055666204	1.3208228193981657	0.2833043272357583	0.04353755442933451	0.36457245949773814	-0.0433088211134039	0.18562283585102576
DTXSID6041349	-1.535914378055256	0.4995741135717277	-0.8114458017604795	-0.4358355326762895	-0.7603913343421461	1.2721371079604362	-1.2430263332003721	2.419789577444182	-1.8552023535868625	-2.3985317578110528	-1.1163263797778624	0.541350524214763	-0.1613785871974863	2.6025715741906055	-0.7030426588638816	-1.0080558113347944	0.6526910924081287	-0.4451969271741449	0.6134499900050872	-0.4172807886370214	1.1346533374241392	-0.8871521685366275	-0.4733836736455288	1.4373890676884766	-0.7607167005671228	-1.1991839606199286	0.6146493379497757	-0.1133859614423706	-0.1272830430428692	0.5143040867162927	0.30706921897735756	-0.44824328651614204	1.3195401941479987	-0.12465608789570053	-0.22127288241827917	-0.2939148734511298	-0.18208955906153323	-0.5256263449758399	0.8331406108107495	-0.19872682588181123	-0.6348852089819349	0.4540869681732585	-0.3557999309882351	0.12599293796854685	-0.7693296942596669	-0.05288916054136679	0.0413535093258629	-0.29997980221897164	-0.2604490337939523	-0.2928659749750132	0.08907584944494697	0.1902460740218067	-0.2298895734519	-0.022701045080174106	0.622056814063883	-0.5901124701658824	0.37404947198814914	-0.17794911296485366	0.16006661180654075	-0.08437807603364741	0.34383076235132487	0.2996515980561274	-0.23350596292163972	-0.9527620628950104	0.06757681729551906	0.030778904617902763	0.38436769506468027	-0.11741301358541939	0.7103888112426449	-0.18678290381955798	0.25564452767575135	-0.1252475202143394	0.08948950487719186	-0.08003701449983751	-1.0050512314446767	0.2937392737528491	0.2526979186797477	0.20894610152422213	-0.10951934837821153	0.517460268275577	0.6250231669000347	0.6388702723028354	0.2952576220727602	0.23046161156892486	-0.2921813938702282	0.03595687383406858	0.3255447703643172	-0.04209020980170077	0.005294618366126918	0.18234593911594693	0.4521614093583065	0.14523442831167438	-0.012497644028375245	0.345278757640026	0.5188783971872356	0.38315072736337347	-0.16818148509686912	0.038959309789013574	-0.17070075692017403	-0.10012841742541936
DTXSID5026912	-2.101809312509306	-4.096097910749245	-0.9651306868159844	-2.125758050390796	-2.3480651489857074	-2.2768863432838407	-0.9857988877901156	1.2354969820104131	-0.8867544487521527	-0.5725675008534619	-0.920910274109344	1.068956477811818	-0.9952427701124611	3.4429995342825697	0.680313019716356	0.6505679260783311	-0.9386401025372709	0.9941286392814666	0.7482934496809135	-0.5224167612793856	0.6698203863507382	-0.513313356104997	-2.782315027833825	0.6508892433637732	-0.6600616755218149	0.2840953352361436	0.7395824436214429	1.111048007235217	0.18302475019349876	-0.2695230281188033	1.1716159995633435	0.8674769074478219	0.22489858774104807	0.4091888115467564	-0.002734414893856155	0.9674906455618323	-0.23687519443456767	0.3709606012027275	0.833039643889413	0.4537297944159782	-0.9402945089897702	-0.1354942710182481	0.2370743374478361	1.0203825784482035	-0.8720636737019087	-0.0011997699151183123	0.21283695873271768	-0.6319386766672758	0.08169725783590452	-0.07411412477402768	0.09968317096157453	0.1073548959717824	-0.256911565882111	-0.2063569921954179	0.4861241379257373	-0.6500059801150616	-0.6127656680087041	-0.13043627699010402	0.08275327162646923	-0.3278000314193004	0.3030891914987956	0.5452188468708935	0.437570587650234	-0.1469552655388926	-0.6849775963945512	-0.9061799951332566	1.2498696321191127	-0.534938047033208	0.8539076330524958	0.3455414931067893	-1.0241685670109135	0.026482604793992684	-0.6831389092730731	-0.14985000129807738	1.3345839173177882	0.8421724680165775	0.3666202187344681	0.6667228526321506	-0.8208429467860457	0.2757620728590454	0.30548092083913714	0.2612220846062408	-0.42969161032272785	1.0518047626228095	0.5399312915558075	-0.018782353887027956	-0.7483606080686462	0.6446697627264533	0.024229742052525868	0.0030505678755763494	-0.5015851901302173	0.09723558619415489	-0.07605103525209686	0.05362626843033117	0.0897682148491978	0.17951473859086386	0.10001235949849455	-0.02118203058046834	0.34223867477364156	-0.08946199788024253
DTXSID5034729	0.9618036449406427	3.059196362929974	0.06439614042974093	2.063751418026908	-0.5250483363775441	-0.10869541656111845	-2.3276146501237154	-0.5045836942869384	0.6115638265021243	-2.0526037376493154	0.43158542224128454	-0.6196745081492665	-1.2106621721536936	1.4569411016770981	-0.8699738796082246	0.41648077279169915	0.137064705803024	-0.05952569445222288	0.3499167689940098	-0.06432322188516817	0.4514573236237716	-0.14676146113838145	-2.3465328402893206	0.5510534229705945	-0.5305465936380327	0.2966272647342315	-0.05901786569453362	0.8842816350675747	-0.14695142487291196	-0.09641199436686534	-0.13898989723987665	-0.7185271651537248	-0.027036589017631566	-0.2165139559709055	0.1391104125378634	-0.7665884313948236	0.054766712009756455	-0.0479876257653254	1.1348598363420952	0.48083866413103893	0.06171894876668331	0.9935976994274716	-0.5200150949895657	1.2111638056111662	-0.6700943094096422	0.433951269308721	0.08603193197645168	-0.9013080963875579	-0.11538284579512217	-0.30303125818096416	0.2902095268752682	0.061009812257698415	-0.32636292349672924	0.07817118877277884	0.15738716406563635	-1.130372344288208	-0.1320827909550549	0.376418525636692	-0.03046903575549905	-0.6518219998315531	0.18162062789904015	1.228217643925278	-0.47591628917920253	-0.3598474197913043	-0.16389053192603845	-0.6027742464619746	0.005266485444106	-0.3803252608809057	0.5070437263997105	0.06174100005832804	0.12923527493128278	-0.6219225850367651	0.22331704245158812	0.4521756791844118	0.3003399449408512	-0.6018167880957389	0.040640102508304715	-1.0102885193185913	0.41132423454399614	-0.5257495382621453	0.27235093553876466	0.24385690534827964	0.29567332680034125	-0.24879194624061687	-0.4924792569611384	0.027016641684948217	0.5708370552116843	0.6272931398138776	0.12296813769595419	-0.07659470068876437	0.8307668336931037	0.11477074763865862	0.546021247732181	0.527801425267397	-0.4694491800090196	1.0355580728187894	-0.5008304625912547	0.7814963807285101	-0.6098423026533811	0.18793266830573982
DTXSID1044851	-0.2768476596007075	0.06257015565853061	-1.160005870214259	0.751377352357954	-0.8095338977704807	-1.3562496307382719	-2.25466961354135	-0.7178420982923459	0.098000435658961	-2.3073738472617733	-0.6561883986046291	-0.1957759280327405	-0.7265204368876886	1.8055925718912962	-0.3669107671724271	0.3910591026593186	1.1513046055189116	0.42724757901543575	0.47668482128116574	-1.0474632794223249	-0.19056042362197206	-0.5945797730578537	0.8947521329276965	0.8951675467586363	-0.6616887700597578	-0.0039044321609083502	0.7823018662134276	0.22338501740330988	0.08859638465288401	-0.05500202388179772	-0.5131332365813339	-0.7382064912835384	-0.10869500095622163	-0.40906597139586554	0.28300008540535904	-0.4466721113193537	0.221291527152575	-0.22072981831831542	-0.28617686903525325	-1.0857376746490022	0.2430440890516208	0.33439589287849997	0.12185708056391309	0.0751592339529379	0.027780065951316504	-0.3288945435439497	0.3168523477909973	-0.10050672637237179	-0.17605393475409775	0.10473202411158732	-0.021993025914296388	-0.027447323126053767	0.4781172248155679	-0.22570106541501092	-0.6214680902025649	0.24973860921083305	0.23145967110593782	-0.0809776930866458	0.01973414004138379	0.6938156162864679	-0.8768516378848603	-0.2608151360994688	0.6006541269937131	-0.31462180917974253	-0.20805822249630548	0.019561188139823174	0.05577981059307417	-0.31137790239735913	-0.8097798832153249	-0.1608540275951673	0.15345655437746003	0.19384237046376057	0.5222326637831	-0.7590704425345675	-1.5098880181329082	-0.005712840699412849	-1.1042120011615744	-0.01734252516885955	0.23651318835891744	0.2847454143367672	-0.24379558644676444	0.7077363264338804	0.777380827381757	0.08984795609098706	-0.4030157086412308	-0.4595465058335528	-0.1722687887703034	-0.31787707485495204	-0.07312920093872839	0.1469333717644974	-0.1262958685102324	0.18729250820397525	-0.06980423203941465	0.5316388262212765	-0.11030188187797708	-0.207689585504845	0.7979844215029177	0.6279060132083648	0.4884594006832727	-0.13530903866784424
DTXSID0046698	8.638685710379354	3.679574187489908	3.3010217012193657	2.248905090175024	-0.8614411040402877	-0.5294690900024643	0.2802831213543823	1.3113643134296074	0.35491123446588796	-1.4054115084875238	-1.4820958889463893	0.6920786115373562	-1.2068294910579143	2.851960216904615	3.6290527592756496	0.1759845502349017	-3.1379297375114192	-0.48581714332519055	0.5679699575183245	5.019384605801869	2.868558704152412	-1.2711853240889097	0.5121569586483412	1.9746527994574823	-0.6936513387843595	0.3173770554770592	0.9997681280681	-0.534331875213669	-1.1229697801693876	1.173231363292729	0.24172618197875606	-0.7961014054007687	1.260190727857049	1.510464167812726	1.994026502781067	0.6948552853187627	3.007546673276276	-1.4626975551874726	0.20325352015356885	-2.1002472054155303	0.3652636221090001	0.10024594887609425	-0.754934200027075	-0.11328858369329751	-1.1928136553594386	-0.20272232996538253	0.4779284510685649	-0.6271299811739929	-0.6358973637482327	-1.2375338965738971	0.25953163676991586	0.8108611772144969	-0.9410916981946766	0.1980606766687264	2.1238275865886846	-2.6788470213390565	0.19176776376069268	0.46640339481057486	0.6195560642403343	0.07634675166509436	-0.7201110063428271	2.584250147823213	-2.059729588490421	-2.519346346768223	-1.094218507466537	1.1043964391770238	1.5754379770964118	1.425210523102088	0.7725257926167634	-1.8669104951257658	0.8138896106173921	-1.3764782708571779	1.0596234903874344	-3.1643265136895833	-0.20416943723822634	0.21279552646236904	-0.3399727417216492	-1.3886551015411988	0.142384109300639	1.3890814999326424	1.150152841095848	0.0629780933352874	-1.3205474708022515	1.675575241721125	0.31807064564303034	0.7491886964961386	0.2058167444579891	1.6621227169488326	-0.3840976794274027	-0.19476359630802353	-1.3478855617576846	-0.09730192817262101	0.4079540941584778	-0.9684903462893986	0.33065560948506245	0.32219988896827434	-0.07383384172682464	-0.2726689530798968	-1.0116398441700527	-0.35856966542474766
DTXSID8045226	1.8842472632703111	2.7278372808117632	-2.5069140729211314	1.923950029594782	1.7094572615938826	-1.0400428734471654	0.6537727060432779	-1.9325391046461755	-2.857595099288377	-3.018881714522486	2.927893355166811	-2.608170806829542	-1.3683176047120504	-1.608333456434999	1.5195642505382985	-1.0211270771040317	0.06501868254797623	-1.0876428245760201	-0.0797294160773087	0.8502465297382963	-2.1732275447440936	-1.3295710540414054	2.210970570588528	0.008878214903215617	0.3951620242565805	-2.182989688796771	-0.586795398449683	0.9956065881564793	1.757967210076458	-0.9939083386275145	2.1952933567911	-1.3118307800721676	-2.1164509477860913	1.9625273992024983	-0.1701787171777598	2.8367236749321316	0.9430682236410449	0.7925559914359135	1.3652806055577975	0.7199150785191498	0.706853999342578	1.1966969257512174	4.908468941664622	-0.07686815313875466	1.2770961613933502	0.6193562256108504	-1.0286377522909238	0.7831723962596665	-0.13008708412749398	-0.21675484071604656	0.19717182523330481	-0.6078720445026493	1.4874053348031828	0.6164781555627761	0.01237133018398163	1.1804562961036293	0.9459323994935158	-0.6044047861516564	1.0595294917892193	-1.2312615870172958	1.509077283846529	0.3175472855574422	-3.112549270711893	-1.4484063236016727	-2.720104655589584	-1.5243364341963908	-0.9997050255280743	-0.9940540919374895	0.025211735335067667	0.3478226935117793	0.37368974695950546	-0.062059379577346155	0.7030679112142488	-0.4312892139424422	0.6123938168315504	0.47116990158038585	0.15067675037491626	0.3566269015703538	0.10108964673643402	-0.11704080037012411	0.434253888780635	-0.9234351862906942	0.725946259488405	-0.2403317768891337	-0.5592671808016834	0.06666566495248932	0.9966869680768484	0.12457619179593034	-0.3848367095819208	-0.314744713194306	-0.21905048501907018	0.530347370605296	0.4660536770227273	-0.38787268427402216	-0.04072310137371143	0.16333358016579408	1.3776357178037157	-0.4027844969746563	0.5569656945388709	0.9860297566948667
DTXSID1047071	-4.332785931177985	-0.27574536470571787	0.7513140654867272	1.0870183261148314	-1.3858731594616838	-0.26758427823393505	-0.6700256248461595	-1.1088528928024612	0.9762892635463208	0.05203124780797202	0.4074357383057952	-0.24568780449841737	-0.14909052423135427	-0.3443169362831452	0.24570713454114845	0.22731976379241892	0.5597336763727208	0.536663620199639	-0.6858697176810779	-0.9171191475939909	-0.06890946958531421	-0.7640332726751146	0.6358951187407593	0.2847792352185781	-0.12116491629877588	-0.18033991826448353	-0.06536964050723736	-0.3322798504481694	-0.14260072144155922	-0.11972867324409826	-0.3999786685396641	0.09039090727989336	0.16231249539319764	-0.2284053971291785	0.4459105251779599	0.15422739317402456	-0.23180283536272656	0.4984855037636615	0.2487178267252294	0.15473455493906962	-0.05525493233319898	0.23371197639244287	-0.020928115234017594	0.342917370524979	-0.49713207381313035	0.1805369534271308	0.3629887374831341	-0.3709510702806572	-0.10804559301396975	0.055939092167326676	0.11800209874868985	0.06254652103092971	0.25916446710227614	-0.2071055124616817	-0.054226793204002484	-0.2588004202303864	0.05579002014663944	-0.19404601257105286	-0.1980237635200966	-0.238477816512651	0.4663396337701774	0.15380195024914953	-0.25460337356884233	0.1266608254975937	0.09713238294413727	0.02666536330967721	0.4025053097760806	0.6429941497891565	-0.08527584176087197	-0.22309264104807922	-0.04177572507390981	-0.0011037930710504403	-0.2782612076188005	0.3241588391849727	0.0078582534317379	0.1186552472364813	0.05600105403616948	0.30805887668754695	0.18879272194160165	0.28257956671431733	0.216231337496305	0.5785260762331915	0.0784169890566364	-0.10775604595139839	-0.022608018803169087	-0.10911990195304014	0.12608627078667525	-0.05077003834880776	0.271113053493851	-0.04203481212122791	0.1327374972661899	-0.10647837011005147	0.21331457553480163	0.018937785406275488	0.04378190784591736	-0.25178981949763046	-0.08329716850763039	-0.23572413758264685	-0.18666036130730107	0.1498890063675723
DTXSID3039242	-6.7166692185788985	0.8273675518410237	0.39229889434746834	-0.3342631350307034	-1.9775896227805212	0.42767366334375123	-2.455571968449518	-0.6075756711563062	2.0926339010974475	-0.34471385770876156	1.1424019992527188	-0.7321071907302614	-0.9749763257335626	-1.526987247356523	-1.105075366740138	1.437996456479085	-0.8044113159107467	-0.04625067047367066	-0.17095636773728487	0.8519961603400185	-0.28336272916715377	0.5961195451896765	-2.280186628717474	-0.8143639670331698	0.5809406714382376	0.012949822009478711	-0.19936671151787178	0.021691365020308242	0.36196569651898014	-0.26826166323326767	-0.29978500845763906	0.018528335900809812	-1.0096446131229608	0.19635116723443277	0.7027274615676926	0.08682725163140292	-0.23119448119335956	-0.39495704085981886	-0.13627559593505634	0.3415066111069814	-0.23175269915206384	-0.3288786362667836	0.3838702329822741	0.12082344173824569	0.255986317888829	0.03181236927375179	-0.2798524950711335	-0.34107909601287545	-0.025438127280164598	0.02221879772247286	-0.06265464716897426	-0.33728401155735865	-0.046625166980557	-0.16759629059795117	-0.053456101859376555	-0.13859596788181244	-0.6300915497078282	-0.1371622118427755	0.3461290616255344	-0.020958292813350994	-0.41020159604904244	-0.014662692878267347	0.24540463990824768	1.0963370530645804	0.16425202223044857	0.4016321844385568	-0.14992722235416367	-0.18935116273555117	0.2248671452960532	-0.5996188860719134	0.6444654503275982	-0.43986189580002516	0.6724362480023431	0.6636839509731757	0.2785322381516304	0.02386684245928204	0.49848258024147224	-0.4096270063147811	-0.4372751212706097	0.4381101899153542	0.8588920264485339	-0.4576731213755292	0.2891054951511394	-0.14783097826650085	0.36684666267261246	0.26416203543452205	-0.3118171220899679	-0.09647147473039434	-0.1427417308479031	0.19070191053269128	-0.4374020709783847	-0.11611271606203484	-0.4447756606059274	-0.5992956673949662	-0.27795771823484144	-0.29348585961488804	0.08768787719042065	0.36218091021714194	0.34644795167914827	-0.21896150086425548
DTXSID1048839	8.635276798536639	6.958020783248643	-2.1956657934156016	2.1753575231682065	2.477510016182039	-2.3491608526334544	-4.826817790712328	1.4156081799481468	0.5275749895352904	-3.4929110454789156	-2.095558512310477	0.4858861506084173	-0.5252125247985094	3.4137232082868394	-1.8950884292487609	0.49636755345362543	0.3167820430934333	0.21801049720884874	2.368334637764555	0.9696934905776714	0.8966185934529454	0.2728334083145078	-0.7759779451930197	1.165195006001797	0.7249267389231662	-1.1799424566618824	0.4913969290016343	-0.23829289903909434	0.2024957777241865	1.3082150613692498	1.0051914920617062	-2.536186831719279	0.6546048854386137	-0.37090204824390743	1.2894489341417543	0.23133165495413482	0.44224589873275827	-1.465079417527936	-0.08786489933049066	-0.6799089377854748	0.47038683113421303	0.3169961807460476	-0.7870184324799844	0.2804690190246748	0.3927464529581274	-0.11029193407584248	0.5180607483450329	0.09040070390142446	-0.5227119987283572	0.5605889410839888	-0.24538250157911584	-0.5763954536390699	0.14505042425613474	0.02774493237087511	-1.0090913924397	1.3458372848527391	-0.7267607606353316	0.08610122300179071	-0.6216262259790264	1.2091681611538707	-2.2624261412976105	0.004359042367149524	2.1911720692750483	-0.19393728876284427	-0.4807454214608412	-1.0309104297630096	-1.4593276841741327	-0.03421210555369363	-2.922883548481644	0.14621434546954892	0.40108558433501	1.3395221873943723	-0.7873842782271332	-0.8528857504305252	-0.6568539647805419	-0.776500756403432	-2.1877377251643506	0.6445681892188718	0.8649445321032964	-0.7841024701679578	-0.25027042663192484	-0.6513329921048072	1.4797565522938236	-0.07989311529935454	-0.6101241344096968	-0.5270749695041971	0.3587841331530907	0.13514929214708687	0.09452763070668996	0.34603824195519645	0.9418450903533938	0.1643972273248748	0.40694402302800153	-0.832328552600556	-1.5016869791166882	0.10928510258410895	-0.414691198103705	0.329057474999927	0.04690056941823344	-0.041643343932446605
DTXSID1045950	-2.639908189964306	-3.223644530308997	0.6915714068300002	0.13920310474598427	0.9903740490841492	-1.0099716238264698	-1.1159717071121065	-0.41570643861068957	-1.9116382907236689	2.1142508968466442	2.1729970401713783	-1.2454192823921078	1.4770056102916895	0.5042306692573632	1.5636953528804887	-1.3184184973880186	0.7894678796687179	0.6899443658328066	0.563628082590835	-0.5136195195185282	-0.1356416676965729	0.058478978855699665	0.3846324515970405	-0.026408307947912383	0.2315568847606681	0.21288380850976643	-0.3602781017891962	-0.8069882659307502	-0.29490859624257565	-0.08263324688184616	-0.14422799039721979	0.5064885289958342	0.10043996566862479	0.6077159464695975	0.04354929264411752	-0.4819164636253671	0.5878273492084201	0.06165972242170836	0.35102895991435934	0.3604392530285412	-0.2107448265432559	-0.04269783384873199	-0.8390143705519043	-0.22881484469992924	-0.7379524979653934	0.10950065022350973	0.01621854323868735	-0.3290783992854175	0.15595003141506075	0.02242689512123074	0.038480404927561225	-0.11076393687792392	-0.08678149881475677	-0.15421247947616712	0.14805939405844482	-0.023625859713482203	0.381493319618326	-0.5176406298321088	-0.4385045796746234	0.16376965848816916	-0.11531475180854577	-0.10188306333860098	0.3709380020149392	-0.2388875835770205	-0.11511695565885498	-0.1120409995110816	-0.5458376513983447	-0.17564240010873464	-0.4059118583032282	0.28626283485895004	0.2808319827996216	0.09954776079496361	0.11485454725121123	-0.30280435321773785	-0.22848114323090185	0.5062886343820124	0.11280415662569589	0.3589233965327717	0.19081883254602233	-0.31786345179918757	0.13132531483466395	-0.4375940339794133	-0.25447172410339614	0.2882255882644748	-0.3476114580629495	-0.09851170005840654	-0.907596013149527	-0.21154912683957122	-0.3795655953857842	-0.1500834303628813	-0.04045686594674668	0.7439635906124494	0.8004657182223017	0.5020589598642885	0.43190589406012336	-0.14407212654783852	-0.04045542587724772	-0.008485053148501967	0.2533747138151939	-0.6380955174391564
DTXSID0042618	3.7869232475786876	-0.34454530576902265	2.7100382023726874	2.647450501262233	-1.4885268781382062	-0.6503955246204113	1.1315360421384748	0.5101395001029659	2.7513424764975136	-1.8373985874670362	0.16837592950875185	0.11592744867303101	-0.8956618475256982	-0.01923183979452105	2.2725221404164584	-1.5067827831188398	-0.8597278031089376	-1.1674198330333354	0.6746933395890071	2.0577514414223663	0.783878827875676	0.05363730050654076	1.3864867751774343	-0.026344175240542222	1.9763648589965728	-0.31038795642099065	-1.9885909570177336	-1.6781584985251328	-0.0814135138268798	0.6218478388379097	-1.1316201312138685	-0.40664176104594685	-0.2693851054981199	-0.8963514012761511	1.3144917061627273	1.1678382466316746	0.4920342021244344	-0.4529045226740568	-0.1932947669371781	0.2002544330436206	0.17585518429692934	-0.14935333538855658	-0.9275719711403533	0.2159947770612072	-0.2225489435760173	-0.02480614395281323	0.8562222456516787	0.2628141814551528	0.05878099699118176	-0.1165654602295832	0.06707156513915087	-0.06195093289521797	0.1363601492096165	-0.38558285889437505	1.0181648536935892	-1.4089758676552444	-1.4936337824312853	0.24380547670136277	0.10409589807631751	-0.15112761575815123	0.14374895500624219	1.371766932008957	-1.0345895522887008	0.5136416140170775	-0.1714852545602575	-2.0692464374245954	0.9097796989431934	0.5744577082759703	-0.11125447499010963	-0.198984569500777	1.9676792493518798	0.3203271693382253	-0.44943422642319547	-0.9487738046248938	-0.011237790911234813	0.7127335957595029	0.06651858539071961	-1.0577036720098343	-1.4750857391087724	0.5717391690069525	0.7547625177184402	0.9214757483883305	-0.8836475059399566	0.34053175040357225	0.9632451532005993	-3.3767883682785005	0.6350059016320853	-1.6075025128764857	0.8021936383653757	-0.5956822286769345	1.0307903538257261	0.5529869655228445	1.2717248307759563	0.12356110986630897	0.34397709823843514	-0.40235548330620324	-0.47885030250053845	0.046415812697594386	0.0397282235815141	0.2509804109403628
DTXSID8049204	-2.945931406463391	-0.43560499860249385	0.7523053638200767	-0.080409275065999	-0.5537430524685307	-0.7883636236061533	2.6863297462257933	-2.012876266175449	-0.2831871647332541	-1.1123251880685396	0.04771573593763489	-0.8335318641155561	-0.46207019781704417	-1.1462204031414496	0.4402236421811779	-0.19534555580501622	-0.2406229352645803	-0.3427015185553909	-1.4091641970952073	0.38664240873503625	-1.6860894715419286	-1.2270182052454426	1.5689275746143772	0.04573144723253047	1.2286695049222662	-2.455775833752315	0.3814865544984241	-0.6180125326283449	0.5380541681247228	-0.003149486765550751	0.6471622680157888	-0.30853793566010773	1.1977252011833253	0.4437710748927236	0.6744581836530283	-0.3823442655131401	-0.33522269594853327	0.7583740513663227	-0.4502627559055729	0.13627574137555795	-0.0037036857750817665	-0.84613352808086	0.8108804252831998	0.7161525912171602	-1.3450826394272606	0.2607397133340256	0.7158168421075588	0.04407000532250974	0.7093697335790486	0.6513436573756786	0.3521445262331964	-0.03456630562705726	0.20866246120436435	-0.3377909917864629	0.30780159047459155	-0.06669980557861296	0.23633579694547896	-0.7273565376259887	0.07658433408645095	-1.0403840093763865	-0.08687655978504917	-0.4678516612280225	0.5414199676515701	-0.7520983540563192	0.14766818169461426	0.11672765304886003	0.06327124044849179	1.615852741794875	0.0932254368992996	0.7139846339585267	-0.47897959121950173	0.4066873402097937	-0.1667322048085032	-0.3241887640107336	-0.039444291219329214	0.5917087564230185	0.19817399869817745	0.2609466572171947	-0.23882605276644708	0.46999551599152345	1.1229595620860517	0.00839707330306174	0.6479199237421978	0.19397066937184473	-0.6092693430972617	-0.6385233766833683	0.5140610067273487	0.17558715341581918	0.24323953819951014	-0.28372070282941136	-0.6774287779753986	0.5874243333829903	0.2695097427017371	0.526003925562365	-0.3725198464130193	0.8002593006227711	0.0854657045662791	-0.03824998926393958	-0.04367390585255216	0.3351006176625138
DTXSID3044203	6.249951472794524	3.5375307908986953	-1.1295695850572989	1.7620078917408326	3.822408879585599	-2.0099025796311425	1.9653012789857132	4.769252991608632	1.6974051521471851	-1.9288658668354692	-2.2893182368028286	-0.13970189726095888	0.9322956380687124	-1.1917347084550443	1.1077594962329798	-0.2692591692546872	-0.06272844143185731	-0.2935245683021852	0.19306390645255692	-0.3614821663971624	-3.3053931984970335	-0.4672350700037386	1.4578108573185917	-1.1570020843656141	2.2293653240715825	1.9550720505433166	-0.41278339078552023	-0.2951506453453576	-1.2226644829914315	0.08907969960692014	0.36695102828810455	-1.5133819440989487	-0.2773132321005144	0.37047831458355945	1.2167349848486242	0.2519786857426629	1.21180383002676	-0.7468524290034421	-1.3346087316647777	-0.22347264742627565	0.6355956864916579	0.11661432703398135	2.8635442476987993	0.9394852611013009	-1.3964223637885256	1.2757653319692137	-0.4014261801806884	-0.8743200694973273	0.3834431702283569	0.4508874326108651	0.1626100064003084	-0.4515794377060234	0.5893210975983022	-0.6500351589580796	-0.2173966607689701	-0.7495105721761633	-0.11759674510509717	-0.6768161127917302	-0.6529022431733146	-0.7759819034018286	-0.7126862504775074	1.439716450564777	0.4492139848780036	-0.9497077918569937	-0.5374877446305915	1.6244472309903268	-1.0209000864574518	0.9446249327341227	0.689679374876069	0.37666362793711955	0.058443562213484734	-2.2914031721362873	-2.299471427276506	0.27947106303469227	-0.508475865905207	-2.061732882655942	-0.056605807103841436	2.197977451842061	-1.5779554975431798	1.135882329403569	-1.0121753407307583	-0.955648512188738	0.9001634570581047	1.8205811413339683	-1.2618408921278386	-0.5468484708928059	0.34631622836424547	1.4702174184428176	-0.48855201995906633	-1.1062571478730017	0.37166135522488586	0.23723436791026725	-1.2716920075814904	0.9096659637151194	0.1696975460513456	-0.8012976957767227	0.015793423685136757	-0.7948196480276108	-0.1854851914787532	0.009362309600393097
DTXSID8024999	-3.696279901958765	0.6238485908149418	-1.649918593676173	0.005709770450861621	1.0672162697127212	2.692344506887377	-0.9081336124454569	0.6282569828743225	-1.0767936663307474	0.292743425125354	0.8062763853035209	7.351952700379172	-0.5129100302927275	-2.251997194859266	0.01598072297063576	-1.447664360473285	-0.889145280975173	-0.30837502510492915	0.2263053524123719	-0.5344206335554609	0.36074364165623723	-0.03568028035523699	-0.006366884273698866	0.6168817337672312	-0.6675906050680492	-0.4998219353965858	0.5126609414182783	-0.9219203766940839	0.19307137217168274	-0.007723967116185365	-0.31848762181589	-0.06810336324517258	-0.03934794204954467	-0.2240097895689436	-0.537269942550896	-0.2556479793074966	-0.1271439703203867	0.39804020338571905	0.1432588417007366	-0.24016137891912046	-0.25274365586958786	0.2713241591032707	-0.05337524629176735	-0.032429050498161666	-0.25761928533492395	0.0669908796335576	-0.06570869937505999	-0.15818594528949548	0.05119940496000138	0.35994444272828763	-0.015786865460855785	0.18025590046621548	-0.14799027335718518	0.04680455743378612	-0.07898883869343734	-0.25376314548254575	0.22476441710051012	-0.30169188556048054	-0.06795356463526442	0.22701533700031773	0.31502703201344495	-0.3147285775224648	-0.07265367701711804	0.12426505417727789	-0.024487679446293143	0.10456728950573403	0.1883114204390194	-0.3392887217471895	0.34173611241713026	0.08809919478536206	0.09720940953643753	-0.11460066736063597	-0.0883142676390394	0.300489387195714	0.04770454343846909	0.44074061813502896	0.6521574275042307	0.005278174639110144	-0.40957343583589084	-0.3085153199980416	0.2117807341719005	-0.008271895654343844	0.48404976456942844	1.132662530391994	-0.4392585397401844	0.574051955461933	0.6156013154937575	-0.8814211041131902	1.0810884166966062	0.9196570545253502	-0.35417704840089226	0.5032097676749356	-0.09349216168493273	0.32536971829769457	0.08154077197325395	-0.7245828513741955	0.06799821818005614	-0.003832993495274954	-0.14938529014616037	-0.3142307518529901
DTXSID1040617	2.198458877919029	3.868756812028626	-3.708025805582499	3.821691791159207	-0.19567081793611918	-1.705971818537984	7.185890250330091	-1.404247627620562	-2.7599240684653776	-4.718508431794115	-0.12296004911397808	-1.159229777769856	0.5770619559681224	0.8509354880441065	-1.158530020662367	1.3230173480745777	-1.7435510001413046	1.3951321700891557	3.1143082103685686	-1.0469724400964848	0.6951804349765054	-0.32983954938315485	-2.015368680231743	1.0465861445638545	-0.06685117591037341	0.21707051010335351	0.14515727377394705	-0.13981199764916652	-0.15658518883696118	0.0684039905126325	1.1147366901850697	-0.2584795152137738	0.10332155943652312	1.1098890099297851	-0.09705281102361096	-1.3987008581019849	0.9010738079259855	0.04843163852613399	0.17621081444648498	-0.27582300426858986	0.1703824009861559	-1.0077119438414182	0.73211438592729	0.8717135515202437	-0.9973322049774138	-0.38736725775667435	0.45978654836953425	0.35062710256063145	0.31864648248158806	-0.14095206374987523	-0.07712453469307774	-0.2370957480237055	-1.3308569905627556	-0.5093945297712678	0.8738144128826034	-1.4735658415183637	0.3929930193970264	-0.1403107725471757	0.5434851731107938	-0.7547637742495671	-0.13838155745357755	0.4094287067984111	-0.24456570847203993	-1.6843778597101227	-0.46946768168531533	0.3603375213146833	0.14754231675697488	-0.6572375199058906	-0.400310284535068	0.8240998967234995	-0.06415725203042112	-1.5490872450001927	0.4685520713186712	-1.2210359896333396	1.5089628205744212	0.16550131528019266	-1.1238443116198098	-1.2417625213594394	-0.6882604984517879	-0.8026267857440641	-1.0406404182483753	-0.34166277525631716	0.12284331323625568	0.8381046057326671	-0.39181962860771513	0.9480662472405617	0.6252328974245696	-0.2862855192023555	-1.182678294072086	-1.0201326697379955	1.481866369440165	-0.5511564202478473	0.037109166884071246	1.0438026851004698	0.24654437122153583	1.111900034480726	0.1511803429953005	0.4817108403191365	-0.24085064793999564	-0.030692447898956126
DTXSID7023487	6.724384209574401	3.3878043533463407	-3.315765915999416	4.198088577494223	4.229835947140987	-3.623640653379626	3.854477207927804	4.710349310886057	2.494911613915365	-1.2216005924923008	-0.40955579325176256	0.7085654380877204	-0.7339011410370794	2.780805244752662	4.608944108100236	0.5882459262764996	-3.8150821277221034	1.0855138378737907	-1.7280524849544674	1.3312635063622653	-1.40278635151451	1.308327576504734	0.7778501295245498	-1.2843896284592529	2.379302009522947	0.08908591187724778	2.1606334345478717	0.03874623837208718	0.5288870224449782	-2.4348864869985287	1.9993267775638426	-1.1124930794465449	0.8416056055816945	-4.536253383526783	-1.4176020754815144	-0.23281911260115512	-2.0495339300334168	-0.38803504688499435	3.733462921849925	1.844778651779898	0.9902692033461574	-1.3981170004796633	0.5529404913006994	0.5077457675641969	0.9546471124364441	-2.120548709489234	-0.8835397227278002	0.5915502144776311	0.700457808335655	-0.10637380801781166	-0.07811210137621084	-2.0402030042712673	-0.06091671626123447	0.5334353816442131	-2.5477295268987743	3.1359314019494113	0.04528243617633745	2.513663716661002	-0.2027732654079368	-0.7057740833593779	3.445306263388621	-2.227449261613931	5.522386174285695	-1.7569299842375135	-2.288490039773938	-0.06962213323605655	-0.432731914628076	1.0640969645977585	-0.06168811918114653	-0.5023801896750653	0.2881634385330402	0.33534528851035045	-0.8587443454666857	-0.7473382954057656	0.15471631289379056	-1.380041149611246	0.052029683097363916	0.40633981523318236	-1.1797508500314917	0.24931697681636383	1.132813621754091	0.18950838843411252	-2.1603308763962237	0.44329614695201713	1.2023106437748003	1.3394782637908447	0.8410272013993616	-0.175965345764492	-0.1185727920763826	1.009123167357621	1.2231568125265597	-0.05410420903960322	0.059720940983373785	0.3109611745510191	-1.035119837616699	2.7295181051797446	0.40849948542535336	1.0172855239242518	0.2630409972065957	-0.5885999419204148
DTXSID1046394	4.057509359758449	1.6165291944064732	0.25745310754526846	-0.30222136921897597	4.459192767554036	-1.0002083177621883	1.109801244624983	1.1422420389382606	4.039847952896588	1.4807833785413023	-2.3056136506432403	-1.4913790514084009	1.6336154900051985	-2.6436097109514463	-0.03409747792584365	-1.193737185042315	2.613199487574682	1.4395105067665004	-0.6317052566212156	-1.5986623524002737	1.5998752185508252	-1.3941087515593547	-1.3852304415271226	1.3237805792305262	0.6886544049136121	-0.2033138844027512	0.3431346878276862	1.384926368370349	0.5212828798586504	-0.08880305746871436	-0.5243651892359718	-0.6680488980064785	-0.2788543364110381	-0.5566733786208995	0.2559616260849854	-0.15605765252912795	-1.6764017003054579	0.1566089468542945	0.007739695986385719	-0.2652492833464633	0.4654753758994146	-0.6113698324027823	0.12452217898373272	-0.6422973465974855	-0.25212043290666786	0.4219379297433805	-0.24625731120319486	1.0312628036404607	0.2710507238036205	-0.1581924181720454	-0.2313133905490846	0.2570059153126299	0.5820839395613434	0.04458772755402436	1.0513586034222564	-1.4339928683229248	-0.3229217518582972	-0.5649342707714183	0.8296831096429541	-1.4799121360742953	-0.8350115215700893	-2.621986394210858	-0.6924535862739439	0.2823433105302052	-0.014495747448091971	-1.31385663437849	0.7824639501004318	1.188028044006548	0.19680384579732538	-0.8811008161425157	1.69139800731078	-1.5503086002060331	0.5321240628154544	0.10776604642218306	-0.203202622149168	-0.49698723029035313	1.2739038940132843	-0.6168294272416359	0.48931960256892976	-1.1776501399057429	-0.8607461593671826	0.971077861917591	-0.6277816373455029	0.316258091065146	-0.17591256709114253	0.1253241203400628	-0.8452439541443465	0.14798190295045466	1.2157202570670815	-0.4181196314221586	-0.0674245316177371	0.3604703852712459	1.142948934425139	-1.1321828096541704	-0.7313412006194782	1.1351483389639563	0.1913392437421473	0.056825571902008126	-0.6194592957883123	0.06769404300117676
DTXSID0022644	4.0924905813813615	3.7134319146252306	0.47384832005645516	-0.2084197731811737	-0.6831361865936914	-2.6890498961009563	-1.597030200859659	0.6338280676870517	0.9596567101009064	-1.962044926001251	0.6206902095132018	-0.0022562489651383666	-1.1344497627724244	1.9906172970152916	0.23853449051287667	1.4531826295504475	-0.14268102435473146	0.9372378868433461	-1.5716134652466593	-0.9993587159169599	0.5467722709121942	-0.6474854054409938	-0.23791783875970965	0.3303636561936976	-0.9272360610373882	0.1853309895293617	-0.1476729239960283	-0.5797526018947919	-0.21028579389997007	-1.5424438814979413	-1.0027809106111198	0.08786271054895167	0.10127448731751991	-0.089397305824452	-0.9672625351361487	-0.7451227452820253	-1.2075354392523265	0.023265320618185696	-1.181169381652572	1.4049682168490862	1.0359344818257148	1.0883094042166412	-0.10531536496434293	-0.3797526261401251	-0.46205937628436056	0.7358386558022351	-0.2741599934974735	0.22384462228191468	0.04491789998953955	-0.024111117893703512	-0.45623360143295505	-0.32874168633113554	0.2492032973834503	0.051945251573488706	-0.5738537090405748	0.6719862466143876	0.06412833919027874	1.8540403994129464	-1.9085239038302195	-0.7931813638341152	-0.2578529822400237	-0.37306313197131735	0.384887091473351	0.8376335609432879	-0.06651210153062005	-1.129636840461228	-1.0827496605618683	-1.0621472600937367	-0.679937193240196	-0.565510190929255	1.7045523150508781	1.3289400464329302	-0.807849280014862	-0.54111930854175	-0.10606463489625693	-0.6658001226104404	0.5590472370517121	-1.1558474751829175	0.30504203565990123	-0.05235561674173566	1.0459669571411225	0.06138119406022482	-0.15219365628433942	-0.04471930841197187	0.6255949124553918	0.6020212060035591	0.026661268666769513	1.1081236622686181	0.1123405713938875	0.639846800610597	-0.18069997926848436	-0.23361799585691365	0.8133761434926301	0.8509173786510922	-0.1125706877163059	0.8689353977888468	0.314837081074824	0.6596241177332767	-0.04553785594747759	0.25719811132412024
DTXSID3047924	-5.865153867362328	-4.067839177933915	-1.7365845248012672	0.062127724705111256	-0.3870725355183965	-0.5643342696841335	-0.49515896173002166	-0.5827334550377414	-0.7119259395129919	2.2117161678660775	-0.14375163638300997	0.2377685315677446	-0.060784184229132975	0.021969372172202087	-0.3949742937732628	0.05823166857668799	-0.16885473775100665	-0.3438026286917982	-0.011772642236214081	-0.17048085827909076	-0.6369893044647621	0.11508615881770218	0.14075929501990225	0.7033040156750375	-0.15997916564584322	0.2825274686445261	-0.4605149188836699	0.8660009330248488	-0.0023882525970107945	-0.38816420457586426	0.2232532361611281	0.5356914148095447	0.45964952147235594	0.2101806510794131	0.3215217194757047	-0.3495392536347211	-0.05645811993117383	-0.5125887982829137	-0.2341367425061687	0.01694532576771435	0.06419393636569394	-0.39219124436584024	-0.265730064248842	-0.1603596420439975	-0.20919510529203564	0.10631661495865179	0.16304105133591346	-0.26626285277406175	-0.20652640681657253	-0.29554560153043385	-0.006361809521873981	-0.24899412280843775	0.07346652999058703	-0.02174431738991195	-0.17491346826771398	0.10328709605980066	-0.042485812578660166	0.2446458356293898	-0.14579025682513796	-0.35371890870151984	0.10725667465622779	0.1573196569016673	0.024976304866709327	0.475366296914357	-0.14954899372505234	0.37115774734880813	0.07373341124227549	-0.12067514514383025	-0.5842397443710153	-0.4392958684413254	0.36971856436120965	-0.0493076590565828	0.14163071815140232	-0.6190396209233487	-0.5224826011663355	0.12493024608968961	-0.449747107306315	0.19474373835396178	0.5503412291302854	-0.09922862685825713	-0.0666655506705455	0.5623118199508725	-0.26753706509396463	-0.043181397989522655	-1.2871754456483167	-1.309020473313804	-0.4493408273889577	-0.204665926458525	-0.5117906699948666	0.4436141818894941	-1.1648334781545475	-0.11393539591287431	0.21091883817766868	-0.6181984228434334	0.4687451945488388	0.32860367502484283	-0.7711022619469581	-0.06683391573942975	-0.3493184856148346	-0.630739293008552
DTXSID8046614	-3.112264678656072	-2.8438369600091247	-2.904057284837346	-5.268254101224468	0.6647450519808156	5.523408381413826	-0.009469930570732699	-2.3730294132117513	4.369198924194924	-0.40351190704123213	1.0873055383465102	-0.1627065423678985	0.9332723868297473	2.6297866326224706	-0.09387228424387711	1.0888194425834739	-0.9878706775912746	0.39117497829617687	0.7382980064392873	-0.42974651105542566	-0.3252841317280609	0.318858417614215	-0.4849677696810809	-0.060422019598201454	0.6301895464525429	-0.20384190970779845	-0.04805969423661744	0.3251636757814794	0.2092165876231964	-0.038792916901374486	0.354021207710314	-0.3036556613569113	0.1700963403621939	0.23820125756673544	0.3583313994753071	-0.019870947285522165	0.015282390353770513	-0.15829093770285652	0.0735991761960285	0.2432886291114651	-0.06691198127077282	-0.195536874624113	-0.1784347253153532	-0.5440180348078145	-0.20491562597078655	0.3351641147833787	-0.13702868178304897	0.11025432850997892	0.1851495036974009	-0.06078980204700215	0.006062995590766475	-0.06380335275072732	-0.11062060745124387	-0.14250070490823083	0.5071934072958065	0.0052295046910600254	-0.08444413459809813	0.32974963853669903	-0.22008846945081606	0.08695359657215102	-0.15028081161468212	-0.034149025279527165	-0.060999439648597296	-0.24471932544782454	0.033445815008803115	-0.03742607080667674	0.3092140495964603	-0.11563374049581314	-0.059672640446084765	-0.03959711180500773	0.19985435141627222	-0.1047621639870034	0.11135235891029689	-0.3950177692866204	-0.7069397115225059	0.2454350979949547	0.15693081517881752	0.8948168705719923	0.03206772594580943	0.724988048653159	0.552853400590382	-0.6359149046364035	0.03157718483361603	-0.49881758134278986	-0.356981171334143	0.06769771005029658	0.13671276020797868	0.08592864597603699	0.16745462148651802	-0.17611975655578507	-0.060865894756474956	-0.837993978678993	-0.41183162637081194	0.6815829374146332	-0.4855883695288472	0.40772760064948044	0.3785725520197363	0.45279886885099846	-0.4987884266588052	-0.9254644886964959
DTXSID0022981	1.1117288496380298	-1.332608515455238	-2.2261120065838575	1.3527205913134825	-0.4152399122468091	-1.9748204865966852	4.291831155099211	0.5248108871919918	-0.700631203569176	-2.1869787543717227	-1.7264899417865212	0.8597216193108427	-1.0549370874822674	3.4496904060830067	3.44139151408949	-1.1348800164232882	-0.6715332636388568	0.7682645313491396	-0.09745094275308357	0.5369904912995982	-0.03662442626228696	-0.715176882821702	-0.5624216017173352	-0.09999958940178938	1.2474939984918825	2.649247372403862	1.1478225549282015	2.1210951508357896	3.3108703855269352	0.9099066808978981	1.4484786480901242	0.014269068277963835	2.694486952711989	0.5894795524335217	-2.4609901493776167	1.1548773756141797	-1.9109067626292584	3.3608596662974346	0.40937304045023715	3.105973015267249	-0.3176165050717036	0.1672385157649818	-4.295205626784358	0.002651227897795892	1.5008539795586386	-0.34320470253027446	-5.371810363796918	2.0044230692868372	-3.6332972758905813	9.582164908863636	-1.492566225822692	-1.0778930751573272	-0.3669085450978731	-4.384990262312749	-2.567447976024407	3.1998175010230403	-4.85330825227431	-4.520819901118701	-0.9485228197873263	-0.6401515334391128	-3.216143036223522	4.365362826174701	-4.4082510573844536	-0.5455317288620392	-0.6901336610345347	3.2793667732953633	-0.6708269149990614	1.7482516376476245	-0.03494233375818368	-0.3203850850227688	0.43879050920918267	-0.4093708048015906	0.9754238174729384	-1.4031790995559312	-0.5901653880360932	1.1446679769520178	-0.23546154307846168	0.7702238348826922	-1.9340074548561246	-2.050430878357153	1.7666188656117094	2.0149927291875924	0.5065844783360421	-1.7401236881005604	0.37315603066614533	0.6150235810990029	-1.2144037543307449	0.43000791194521454	0.8130283497019938	0.09780171862872972	0.7468126350989603	0.12057287590072861	-0.3601237668546492	0.9763694280852734	-0.37894663630113967	-0.5969557087785032	-0.03007721309072555	0.3755443166831383	-0.9205050069312497	0.02916759689195194
DTXSID4039233	-3.950626740706076	-2.4007261998382083	1.6565675469331702	-0.24919386698461496	0.9070141405880898	-0.8725066426915071	-0.7100335698191836	-0.14829946093899785	-0.44509341369521455	-1.2521202723918998	-0.8144873192413354	0.30184700219841637	-0.5263903402206486	1.4743989899099093	-0.2632928042248638	-0.017771380363513403	0.6515585177707924	-0.17781433868713742	0.3189789956132944	-0.8299713357395193	0.23359324034890763	-0.44775544876682544	1.1755626850832415	0.11003124332920802	0.1502470085100118	-0.21468497281250637	-0.5640046254459095	-0.35332913622064066	-0.04684974103047375	-0.24570486232155325	-0.06117874815032518	0.11917024164387516	0.0250885511486678	-0.3379261198965973	-0.125752902289413	-0.16646116715860365	0.44433250225181126	0.09646504257232115	-0.25808228885856777	0.27133990536512737	-0.2528098801795172	0.09459797292799513	-0.40892104939032187	-0.044813742121197715	-0.6026318233607126	-0.03419921400369593	0.06654454286010479	-0.15960282116106625	-0.007399869007289611	0.179584004302751	0.017103363912642295	-0.009106981948498896	0.037829000071404634	-0.14671810945079222	-0.1313335252153803	0.10597930308528578	0.022434299260157234	0.020833725688844843	-0.2537715632326817	0.01658567957134269	0.21401958039454588	0.18622818963752225	0.5600512976748254	0.2597170972395256	-0.13236140941036284	-0.4648450092642364	0.10534018942280808	-0.783704700713453	-0.14369099378657058	0.758101719284749	0.1335734672134089	0.2079454590362865	0.17212353956175358	0.17490888754979056	-0.7648113792746625	0.2881594772295447	-0.6394045268998438	0.5761498038226618	0.16116040994688544	-0.39737389643759014	0.7600130446252997	-0.15267360218237797	0.09884259000283724	-0.28625551781929454	-0.02292907430856688	-0.4079202919444894	-0.5380706344449835	-0.34461412778479533	-0.6309283868609332	0.5985157339158136	-0.07090408190718575	0.5287097006571652	0.39999734502470924	0.06718695436210331	-0.3180212387107128	-0.3158567942402734	0.5083694393288083	0.3708168529612756	0.07670885629909405	-0.19200140016073639
DTXSID7044473	-3.3481428556848347	0.16112931665732436	-1.3092472103488961	-0.9001521010272987	-0.15355703810612362	2.063182209432208	-0.7315913918946357	0.010284214722894579	0.4545321166525797	0.17096293607200128	0.0070127692013329255	0.6074660031419573	-0.32193270316354494	-0.9723211066534985	-0.6717071256596363	-0.48396077040354546	0.7350183600761246	0.45813784223672105	-0.3092215173488667	-0.5228635180900864	1.5313671807388118	-0.39653919900829654	-0.09322795008338791	0.26580410240344504	0.6420752044732267	0.06098725430417811	-0.4213160284190049	0.05318237860228321	-0.030070976975550185	-0.28097532427409544	1.5530533721897133	0.16967909400411876	0.07566671500960843	-0.2703529490625822	0.4109958013071238	-0.40471964431519336	-0.2760807163322819	0.04380520838628397	0.12281508105608596	0.2913533321176206	-0.057198966444881934	0.27249119457975446	0.012110862690524313	-0.13780987807725067	-0.09638645375589217	-0.07410251577052535	-0.18866982616109343	-0.633499939662135	-0.18993764523635795	-0.15800061527493126	-0.007389203572570946	-0.27658249413896957	-0.08310546739868085	-0.08266332259392149	-0.28835400598036415	-0.2788119026129405	0.28691616008483245	-0.2306481141451192	-0.11085088551234681	0.04145662149198442	0.3137958261392414	0.2239884764439162	-0.12766932124314037	0.2750413567466433	0.33240024723138856	0.17071317728280674	-0.02833467267843179	-0.06903982290957948	-0.030712042424914914	-1.0328557644010905	0.3474557582061905	0.01855810724905582	-0.16145333404121254	-0.12646750892892744	0.019345566318975913	-0.31770480683391816	0.6671710025298446	1.3407607560595274	0.32040876144577846	0.9302054900334001	-0.8921110922890391	0.0214268478311439	0.589285041082918	0.20774319820449694	0.2777553366343853	-0.2419796046066731	-0.3912587474995636	-0.16658149691819762	0.2562027933940691	1.171450297165093	0.504350539452823	-0.8527431238600142	0.042827681835424014	-0.6745031391917407	-0.0011604493945377038	0.333304508438075	-0.45249125334858736	0.13557550391287024	-0.3574053664294755	-0.254022456429271
DTXSID9023388	4.282885688202143	3.4142185737888804	-1.0139330995371	3.854341953673069	-2.005882147830228	-1.3822726067930864	5.038291121336824	3.022007463782353	2.4105103174628586	-0.01915553278065677	0.4358115723760905	0.3951645096017675	-0.9673677926440076	1.526098207124069	6.776773792062582	1.0129218104789428	-0.9604626174077501	-0.35208081114059564	-3.7125793165984002	-1.0779432452544515	-1.0182039999770962	7.291310692284604	2.644076665062527	-0.919627504556385	1.2723357126893806	1.5581999431914315	2.5619052884368037	2.2852862480946605	0.7828989383284202	-2.8270171713356143	-0.40222957635674644	-4.451085285314673	5.452756486541298	0.30910850676620993	-1.0011681134204422	2.1687157268023975	-1.4507298630622603	1.1638855827234542	6.5071291127725415	0.534678878087326	3.451132330248694	-6.416450526489872	0.7830822151012656	-0.1875765388620651	-1.2264885410774657	-2.910228107224143	-3.1058491918097375	1.3189993313700812	-0.13540010598918384	-5.28044137536773	0.44019136233053635	0.6212652441666074	-2.285212291655031	3.435682132342724	-5.589620711657909	2.7402800593082746	-1.31530853794414	-1.8778596268671233	-1.412695679726003	3.6010944278797825	3.956439194266395	-2.67901882919281	4.321845955139313	-0.9706109636848875	0.9184789038641509	-0.7157453056381292	1.532289512193054	-0.9458752039306763	-1.2634818048708312	-0.13961326363791426	0.5702342182788742	2.0719178197454786	0.9800310613659973	-0.41617093822315815	-1.0029490334655462	-1.5142095433934541	-0.15353685354206564	-2.3186546721389747	-0.7261298392839153	1.22276969513014	1.0745083836368965	1.388069215469196	-1.1772796522606652	0.23649342146980495	1.4874210647519714	0.5690939525090652	-0.9403378042095867	-1.1921705441471178	1.2861278598614931	1.552872445518013	0.42856893459750656	0.1375084910410731	0.202810210886019	1.0029138932475845	-1.2194600893398952	1.1309610789485178	-0.5521342943484228	0.5122114023114211	-0.5087157147482559	0.5722188766673532
DTXSID6035784	1.4316383115475564	-0.31210977724240196	5.067378868200135	-1.8987999213854878	0.5385327378861051	-2.183449366173822	0.160457704272109	-0.5349749053210187	-0.25537360434127326	-0.20670894671192216	-0.43381054015908027	0.31654577606240814	0.04245402385560965	0.8391941150306731	-0.6401751157584641	-0.2177289423874772	0.9563911016394346	-0.3217851839128672	0.16988922575571988	-1.2072220902711355	-0.20736544905094081	-0.4503857123740236	1.3287418724060518	0.23465991355271815	-0.0044083387184383	-0.5678671411755868	-0.5843704751027141	-0.2728932778059891	0.01633677674956649	-0.23188520091397724	-0.602803235937243	0.5640638971221704	0.4974341703514303	-0.16719079089761196	-1.1466717791871692	-0.23027211816764864	0.6711316351113341	-0.8434000090001719	-0.7288919842963906	-0.4098521349990834	0.06868904479684844	-0.5088837564231498	0.04692650247136709	0.06171638182796111	-0.08023666248779288	-0.70248524949258	-0.5562698243410653	-0.17415603402023083	0.06154349944516208	0.26104532964836275	-0.05392438322201893	-0.5569950047055404	0.29292474505767613	-0.1392454402195203	0.10477914492621535	0.5570120364030758	0.1788617072552771	-0.1516252857998005	0.4365388915587375	0.4141676527189579	-0.40331096317927634	0.3717699918629122	0.3287119895371234	0.7938349499051394	-0.7602537570084865	-0.4753279034926166	0.9600740762781284	-0.9874660414881691	0.2415990132004799	0.4203705088210956	0.007495347690885168	-0.239771303766488	0.24430377674961715	0.508851204649574	0.22279397143029295	-0.24290170892753093	-0.046928079213814415	-0.07249099128344634	0.0338602511675143	-0.13116926730785805	0.35254182624796415	0.015455059132762808	-0.1833621534667745	-0.295939129159272	-0.2686217373989455	-0.06335805097374658	-0.5273720685149192	-0.566010615501077	-0.371858076111878	0.22110780350448608	-0.5021816353695324	0.4431452397737341	0.2654603552925661	0.2350176630048936	-0.38737961325808307	-0.10229026872391306	-0.29456685078889683	-0.005854449786920299	-0.26518659527138244	-0.5218944243425481
DTXSID1021118	0.008038234960243881	3.8740697882260897	-4.625661485108796	2.181952813457339	-1.202000006556581	-0.06039759404404837	2.1412159134355524	-1.0297839433433285	-0.565185828498768	4.868678795172949	0.5211309428427321	-1.5536617806873938	-1.4071599233699041	2.9577936058872942	-1.095228057236676	-2.1582046721360864	-0.665477080076423	-1.788188650142332	-0.40033598226830325	1.1515888880509886	-3.1538817819573466	0.10596846852134392	0.5646389119494875	-0.974772378564589	-0.8879160661642338	0.4019947848715387	-0.9259588839710592	0.05541149237879996	0.6610064747337722	-0.6493489690757999	0.4716055067867657	1.8149552156666968	-0.3301848703347187	-0.672000048975947	-1.1028497835678646	2.229459228278375	0.7304635464190767	-1.4855627248454188	-2.451061513308807	1.2150909111514423	1.0584127435987276	-1.2587852729958808	0.16360547144644805	-0.701751940779646	-1.0160500356629285	-1.0213564236526433	0.5607241030421348	-0.1118993425864144	1.2553723341409808	-0.8999928870213494	-0.4988492874079031	-0.5558649795753453	-1.1493486281656047	-1.047601061245881	-0.03943248222974503	-1.5716313597600675	-0.8944561616367055	-0.9232700019010531	0.15119326725606438	-1.1441233170329455	0.28737553537969546	-2.0770663112257113	0.12453460766090313	0.17535941545983522	-1.189550222126162	3.1003757353731336	-0.7726418797591778	-0.12210750516355524	0.929069508429233	-0.7588139112316056	0.48856719516819097	1.558845747956598	0.9960583443548794	0.7077907439580208	-1.5779815599503493	0.6711681704244024	-0.3028690642136714	1.5369610951348616	-0.8708893255670792	-0.3418096232162886	0.89688908299367	-0.9056824569384434	-0.9703667244972012	1.1603378091230243	-0.9158650496850496	0.3968470635856194	0.13396542450893636	0.23654653853319274	0.0469189327825457	-0.5260835130811756	0.38743707575653547	0.47312409604497563	-0.26259659581574607	0.30049644957603683	-0.2743251972722993	1.2374341838138305	0.8163861814261735	0.6565897306837645	0.3584738485573008	-0.03873358309450885
DTXSID6048200	-3.0301765675712202	0.156191157246817	0.7655875734502174	0.7096764293381719	0.37260580826537365	-0.2563252129098288	-1.619768950043414	-1.5427176719301812	-0.33213647656397116	-0.19901608727689615	2.6385754980261478	-1.1431650633598096	1.3036218488994462	-0.5622484054663467	1.8137509223737764	-1.3242109862999702	1.5412491314575858	0.8832687939346627	-0.3142012882686562	-0.40513389113043763	-0.29297028836473415	-0.680364247427621	-0.6760330114527282	0.34006392972191135	1.291450115615253	-0.957035059651482	-1.4243480991585202	-0.95504387646447	-0.11184811881580362	-0.024449813555428704	-1.871044634877987	0.629804461991553	0.41629318377625024	-0.25621713794433	1.545780825547771	2.4928038342677623	-0.5303760678931723	0.9446489463289283	-0.8194356499401478	0.013110944527022887	-0.18406987082588228	-0.9974266821172781	1.432288492578178	-0.9704168034195921	-0.5184629011982839	0.07126710081921574	-0.4609920620369186	0.8294573899839219	-0.19980480119235547	-0.23622950338139803	0.15227655791414194	0.5294475332137346	0.4350755524663779	-0.259128888390083	0.43338682315528404	0.800391430125006	-1.5025287275842327	0.8154329388503505	1.2316311137147464	-0.6287645290443742	1.2284769771115245	1.4301029422302598	-0.48280535543090647	-0.19853506916179442	0.6304170257288264	0.2731123231412536	0.6925744872718823	1.1623236434697026	-0.233596157138666	0.5929369872364827	0.2918329888710064	-0.12728613633922786	-0.6672287387034245	0.9381397231957	1.1865641820214838	-0.4118410163103987	-0.4886973061322167	-0.6274037105182304	0.05400013476790521	0.5037883801364756	0.38024837310036874	1.2239648703779633	-0.33236834407490473	-0.5762533140112052	0.05224137245130115	-0.5957019794222012	0.10485568312454013	0.13970389843167724	0.7586158154490164	0.3319648425526789	0.016758460814525214	0.6141786019114011	-0.21488132575497135	-0.11643413606358316	0.09399947543229507	-0.14877878859457885	0.22978684356952284	0.15571843198542315	-0.0034717182291367898	-0.3323713432122492
DTXSID0040707	-3.2099619327737776	1.0620184228864011	1.1715180346943181	0.10959407363682205	-1.407351708965489	-1.3179977851749949	0.07673470800789622	-1.2327056673050663	1.3305856335077548	2.8848760058661798	0.599972979444707	-0.6634006841887262	-0.19365656719714255	0.45909618446434086	-1.1973969797820274	-1.6859523974408748	0.16659930194570263	-0.362657802676219	0.07656841184106006	0.1414098705658895	-0.26309541621197297	0.0949035463270059	0.7681336891710909	-0.25284805149959966	-0.02481171509842061	-0.16357104907676093	0.059324227191599806	-0.6230059743429158	-0.44815152902758687	0.680366045254201	-0.08966116390740586	0.15802070758508396	0.6360251392702241	-0.10241288086688329	0.02007950546792135	0.01086242714704921	-0.3367411466429556	0.3686529636302413	0.11118135833140423	0.31931594973525457	-0.07415266783527842	0.12229983300875348	0.224819052341324	0.10216008783566057	-0.16404624840705975	-0.020134218425591544	0.5190021788891941	-0.12041704892583101	-0.20068014997324307	-0.20354368707631912	-0.01924869914264113	-0.02300983228756047	0.1914089608100422	-0.1308465444955151	-0.07100995318097918	0.03360019130435618	-0.05740477627209809	-0.29200770163828366	-0.22512534542045481	-0.4467303974960773	0.7520165654632194	-0.06347840281477517	-0.3472045242943107	0.027326910357749926	0.5740376247106824	0.0856580915555394	0.0279243088785417	0.623500823989402	-0.02533499224504574	-0.0756612454565135	0.05159314514965641	-0.08772976299781626	-0.17286048126195117	-0.04006025208772758	-0.1706525928915782	-0.008241514391249646	-0.2362232066622467	0.23455318936134512	0.025426824172197916	0.014167423318934884	0.20149390488291002	0.13030269455966365	0.25882904215671115	0.06496074805073244	0.24039947316548482	0.056738534236209816	-0.021488555096131814	-0.18799535641018042	0.4247661292677212	-0.1257575714659332	0.027356440376092306	-0.2983936606545875	-0.172063185283649	-0.11729534124018132	0.06688971635356136	-0.08256335056194507	0.09453799709562456	-0.18930377958028322	-0.08517295344080837	0.4586164538527858
DTXSID0024399	-5.712003295267947	-4.467619982799709	0.5179065993045405	0.6856257515102995	0.9911957488516329	0.5201646627887017	-1.386597357096642	-0.6039213406975438	-0.2324077430286574	-0.518120377016137	-0.16940587836956927	-0.40925142214841687	-0.33870421039306803	0.23779725510279545	-1.228133714712172	0.8869432028815282	-0.3506119240720202	0.2435098667040271	-1.5597713182089432	0.5508466620351057	0.35197782023097607	-0.46054158581218246	0.8534189299348952	-0.524956214659105	-0.11611110715181941	0.6592723157658628	1.082621892920885	-0.5222879895241733	-0.12907807218214598	0.3498664318213061	0.6283361293439755	0.7300111761623023	0.4349557872102359	0.20799526819212913	0.5513945678429847	0.12232124207705584	0.30050849762694415	0.6314716107049122	-0.39688599609545566	-0.7408368725551415	0.36925874454839624	0.05317062679777028	-0.42450553677507263	-1.259547364238512	-0.015324548855288833	0.39652873430188335	0.12120190388076307	0.2569296628369824	-0.2205431940925962	-0.1993760914479338	-0.012230194045269887	0.2841517096284399	-0.10601141559760285	0.09742639279860102	0.14895805468475778	-0.2265395930876023	0.782363573009832	0.2903758339704407	-0.1990700306182954	0.11674763108263521	0.002087992923148995	-0.4034536072448698	-0.08380993543043781	-0.8976847061659979	-0.22268606255375284	0.7652419591142088	0.13694384846315244	0.09459779891753982	0.1107126702783489	0.15806924636355615	-0.27706233064403135	-0.06916396905978449	0.7234494526030817	-0.479030918360788	-0.40611053676561654	-0.2217804203809599	-0.941625666208609	-0.15048577738682223	-0.1818673442346003	-0.05705550440060963	-0.44462511905781954	0.4853712703408048	-0.17569771910836532	0.10416754241226035	0.26970112673963975	-0.04156322797675555	0.18179027645472143	-0.8687832483097255	0.09255242304174838	0.19763015720798915	-0.08790329253568312	-0.3510683120326386	-0.596816048844096	-0.12291559520475617	0.14230343052883557	-0.09511511465453087	0.026605167642306145	-0.5120891128063328	-0.13692765395941392	0.332544418733938
DTXSID7021156	1.8956067390988272	-1.025738230328641	-0.5219133943717162	-3.371232054570276	1.5985100245449333	-0.8578540516300432	0.34495244948560705	2.916560247484394	-1.1086886571136654	-0.4146395904016885	-2.212211056268028	1.6759150826638587	-1.4909668630617794	-0.25149851318786887	0.27025041088890034	1.5223629408719066	1.3348530550298388	9.569273716423957	1.0005250616814076	4.1087970701757515	-2.180356533701656	2.6418121023333376	3.644657370412335	-0.5576613142379815	-0.7875842206289279	-0.44582166607727264	-1.7992599492879449	1.5550753651730906	-1.3645143507251507	-0.693498013143294	-0.11902594478245335	1.5334758164079116	1.5712204290135579	-0.06817728596576428	-0.4571658715130412	-2.251395688360508	-1.8931990772040628	-0.5788027083911319	-0.08221958438097168	2.0354913952004545	0.4658425342525056	0.6961555683507384	0.256785982740766	-0.4561839985074029	0.202172948859236	0.269934127436687	-0.4626400103009387	0.2644779759427415	0.4553445979140928	-0.404912109580967	0.04696252484382245	-0.3424386650726671	0.18161110042673273	0.5226706113199859	0.6991574470389719	-0.11810106020042165	0.4719238486519823	1.2980251288275924	-0.5210776803148424	-0.9687626486683387	0.8685802236022668	-0.9579966055243273	-1.7599175408596215	0.4844937762094208	0.8626631466170636	0.2000998775172153	0.40583549796131474	-1.0935677439397857	0.11481088828533349	-0.21663815468523673	1.2997924586022263	0.9394587243397633	-1.087036520731299	-0.10253841133799481	0.7065643601975248	-0.8278370440478979	-0.2775877713653001	0.8147110537274486	-0.04529044596797885	0.5892885348025424	1.0099574798243842	0.10569766599705324	1.1875097852062115	-0.5063935276228702	0.2950481296919111	-0.12502676538513643	-0.6293852551183593	-1.5440799163806431	-1.0169417042439084	1.4537536575050396	1.090323273352514	0.4987858622592823	-0.17762157614905244	0.16581089454450834	-0.2632472023629353	0.3946182643694936	0.0691384886784238	0.13697741049112389	0.09458780373783934	0.20331224700068018
DTXSID7046548	1.1838526298818637	-1.702598441317486	-4.9323646389119045	-12.11053652469541	2.437595214266059	11.941289923474665	0.5637620439910416	-5.018082768751612	9.505555136500579	-0.31913463988478863	3.963071307170022	-1.1247950949835306	3.56529934439998	6.28156335390371	0.09523438793762255	2.70953119100185	-3.1466830661710956	-0.1978418308871457	2.894396191534622	-0.545605524304574	-2.5844573214226125	1.6359667980608197	0.2462851434676906	-0.5327058829079594	0.35264416493889555	-0.2457134604109309	-0.8034317988004153	-0.8287144736558946	0.7050673058548084	-0.2863865834446122	0.16129171097078004	-1.24483378784443	-0.6853616103301833	0.4143552336242527	-0.1238415204358593	0.8318195080345933	0.06661144785026073	0.19673974445519735	0.11026402624589349	0.4460727006788804	0.6519766323280475	0.13400003709593025	-0.47051895634746826	-0.10932902545836319	-0.12225914733217502	0.8729918766362058	-0.7381403275793929	0.21721648241727304	-0.16345818611101784	0.2619356106514236	-0.05816981800691569	0.08007677465423216	-0.46116793175082954	0.24557447495846238	0.38338273044342486	0.3334638418455543	0.16153880211936994	1.1054046093025596	-0.9531395557775821	0.4098765870195327	-0.34118746414128825	0.7288520002383713	-0.4240825658825736	-0.5533259903922628	-0.1986872177000146	-0.5267161178552577	0.09737922752730029	-0.2575720894363955	0.02665075089010739	-0.7445138380911958	-0.5012157694074741	-0.07012897799930612	-0.26322105408874696	0.7142081435204022	0.17486882363091516	-0.0009413862508416196	0.5064128173411668	0.34484370413097754	0.339665486481141	-0.014294375093549045	0.414800965276184	0.10841302117495029	0.019925783041217313	0.3102439566247741	-0.6805523226072127	0.3447355981676667	-0.13294114118004077	-0.423532126295514	0.4368241049148845	-0.603718531360392	0.8092777937869282	-0.019338200055605458	-0.06475599665638093	0.3825988697918451	-0.3159300561545086	-0.22193268472838568	0.40186310094255584	0.00863251479978524	0.21002723166907142	-0.061370245147000055
DTXSID2038813	-1.1540957707800417	0.2285766388135427	-4.418215995066268	2.7440218108190204	5.222257051334261	-3.0723026517020116	-0.9656781625604446	2.0401087723485962	1.3872949057389563	5.9829372688997955	-1.4914580599209342	-0.9493958893516316	-0.09658795388899664	-0.8403241227602761	-3.5311767897881285	-0.7896053822821162	0.7397369666464643	-0.5762957089555195	0.9010889400795825	1.5442996910765303	1.926430799108305	1.131206625337323	-0.2637102511743884	-0.577964956914788	1.2865806819318353	-0.029844548893334003	0.6918141568573248	2.499513244082112	1.8303425987004884	-1.5723572781724413	-0.5493534662994188	-1.5917019134871067	-3.5314048529563786	0.013444264417903256	2.9934038931216933	-3.650441357573154	0.9058695239188802	-3.0994926998294625	-3.981283896413794	-0.40792862260005014	-5.2252408309494935	-1.3075140133054652	0.18737525433590882	-2.0323967045053393	-2.953615531675719	-0.3742633823841831	-3.503839309140656	-1.3138520028027343	0.01915257068356328	0.0399632525282563	-0.42842367877301646	-6.516548603215241	-3.359028874986115	1.171916822991862	3.2127692686648475	3.540035685570478	-1.7124063699458474	0.7504689644208633	-4.412493744393951	3.5129171577170757	3.6925944846191197	-0.8123347597559515	-3.485503321950304	-1.5668783683555076	0.1669844561295162	-1.3321210565754953	1.2115564546780597	2.0425532234353176	-0.7543062198700263	0.4991115207819781	-1.8150309520708197	0.5195387099983179	-1.0969140670707715	-0.26890656924054285	-0.6585415899515307	0.5808706303547048	0.32754115441689496	-0.18776097093507838	0.17847739704917776	0.07925299393223668	-0.2042829149264055	0.30678354896427995	0.3019055470123636	-0.7086441246407363	-0.1648139709831948	0.453455911964954	0.9207514116231569	-0.11376743249950172	-0.6686421630556371	0.4932467120050814	-0.5290854425938871	0.4688693682415074	-0.6030395025375689	0.3638423286186377	-0.5200392756585783	0.7165499668988886	0.1886098734261281	-0.31738816928141295	0.30037896267820796	0.46527081036059403
DTXSID2044428	-2.196112803518623	-2.2157046744290025	0.22776047966087581	-2.5618046491286472	-1.4550300216269	0.5042526023716944	0.2083214345242083	1.6773198733855001	-0.7684612447020287	0.4157549921091768	-0.41127686517842804	0.21034549507463032	-0.48453679321336834	0.8973947505667886	1.02546810810582	0.9430949115646875	-1.0167296129481804	0.7972470653769	-0.47263759099062275	-1.112232234407013	0.09619521036367569	-0.31935399461778435	-0.2945543431379549	-1.8099493239844815	1.164278700538149	0.08847637650985897	-1.0102728715199032	0.9299680838520894	-0.3658728638648406	-0.33816132349243305	1.5648702464468904	-0.8115146802556384	-0.3422396224109191	0.3784121520934167	-0.43121517650220015	-0.09228582377991379	-0.009979633642306456	-0.9128033313485372	0.7531787156579133	-1.1325266202239244	0.3618625908456424	3.3898112453288443	-0.1075877695159011	-0.6804140112957769	-1.9535576708444509	-3.335965133313475	2.289797499412815	1.8293089981295547	0.808854787501408	1.7098850688655043	0.09508087052637096	1.5581696023049727	-1.0854997394280927	0.8295437582376067	0.1416346210839124	0.593190073041372	-0.6816967865100886	-0.9924027780299742	-0.07415014693074573	0.1244969956993413	0.9497444061206946	-0.7619848786391911	-0.5029884503861675	0.548872703174428	0.9333118617008016	-0.3423034555326634	-0.12826971648571237	0.20985246761730728	-1.0927196902308844	-0.9349861948241638	0.351639803194562	0.10285584551472823	0.0803092705440891	-0.521609770716463	1.568894337861367	0.0014384204048813736	0.39860089725307096	-1.1595304178097487	0.7716476767352662	-0.06033525158158241	-0.8226597577179042	0.2706386120534328	0.783530814926555	-0.6360929710426377	-0.7604808843637008	-0.4352425738633079	0.6651698460571763	0.37028270570717975	0.5137553378591658	-1.1047949916946767	-0.34811001157238336	-0.9349877454698987	0.09733132584287613	0.6574075586839403	-0.21445254070503228	0.42920601214613713	0.2680157908398208	0.1554613414029362	-0.28061949381369733	-0.08393484886738486
DTXSID8049206	-1.1611667566633166	-3.0300670098237363	0.4363055971002914	-3.4570397748466757	-1.6732425992320699	0.5382873001669872	1.501796923736114	-0.729173080081903	3.3813793462713715	-0.1457625973243583	-0.15694938547928883	0.5655081639719569	-0.4768687245899946	0.09183855855028752	3.583491115021025	-0.6957608131606865	-2.7096128555891945	-0.8189725167486576	-0.13171857814046778	4.639901281740901	3.336447067237175	-0.6634207042005816	0.29839273725149185	1.4950054852878782	-1.9923249861715817	-0.7416974143374062	-0.8442424233490221	0.8953567221051049	-2.037120371193303	-0.4978846315299074	0.5346356764384412	0.7034437615695366	0.14190725857198358	1.0188858091943518	0.3002288123266913	0.24447506592422827	0.6425093633812261	-0.008251977094526249	-0.537020466124986	-0.24691534232251927	-0.7498367899354346	-1.04756142041698	0.3787057904841186	-0.5312021626903268	0.33418436537061486	-0.2213356085995518	0.29459156697510397	-0.22847352113580197	0.01555731054212877	0.23693116907826206	-0.04785173936193104	0.13606969596179627	-0.01590316890318568	-0.7565279782362783	-0.6523760056127125	0.3601727081577775	-0.48777317269103515	-1.0637710800122522	0.17069309543836947	-0.15214604602946133	0.3172840018783604	-0.7781915712473291	1.4121117106405423	-0.12564592628595808	-0.3113851005589592	0.21863628219628659	-0.17392427515463713	-0.3604282458505493	-0.4517745553167421	0.38611080314279184	-1.666829777622527	-1.151247826104282	0.18885334258704747	2.1136040759072316	0.15364572424253437	0.4835183331716621	-0.8204382769698814	0.08841820195576013	1.3991662840321106	-0.5230513136310829	-1.277710044712593	0.3547983551328998	1.4127719353552097	-0.7241865977354095	-0.434182893507622	2.5075142464244093	-0.306282386106317	1.0278032682581224	-1.3266394133039001	0.8292037073304539	0.06166374162647874	0.1605135086107911	-0.6338594332074821	-0.01076892315904339	0.020022440756062816	-0.3372917185502357	-0.5760875758249218	0.24270642975026116	0.24160514079402245	-0.5645819644321081
DTXSID4024143	-1.9718833746777311	-1.6439908232811367	0.7481298583922894	-2.382048633736398	1.9020388029749262	-2.0614770414373407	1.010058488127525	-0.009110566876327669	0.40000982966542337	-0.9975411328998164	-1.3954566893624307	0.011066723851534713	-1.4998484919274133	0.9296997172030877	1.4519853867731694	0.5774700613193959	3.8673147962102696	-2.895676445889818	-7.581280218928264	-2.0502260159536783	0.9981624817548326	17.206115557481535	-5.489037926530345	1.95426582508182	-4.018907025259213	0.8442473407301453	-3.746899908372319	-2.0992969333507574	1.8472732098754165	-1.8787725617689486	1.6341902657960923	-1.225446635082407	3.2855331319223953	3.0962582562694427	1.641151955975296	2.8915391122136707	3.5261895450785032	-1.3997568267965674	-2.817227993505712	-3.4752882033849666	-0.8777993994476416	0.5913342831224083	-1.7935948924407683	5.221889224228664	3.845011788773425	0.40393868576263287	0.6721068201658571	1.0899052777394098	1.9363451695150105	5.320813144279482	-0.20789237064418234	-2.200385407878584	4.074701050746859	-1.5575030333834063	2.009064036392843	-0.29934176582326116	2.6430649956871717	1.3840523819468964	0.8951476560067501	-1.3958705962831244	3.891236112284217	-2.6658864156432895	-0.8986394092945258	-1.0065295010248005	1.5082597957601638	0.9734390425601194	1.78321399447467	-0.2625227240395807	-1.410864904349998	0.8504497507495173	0.945570296693477	-1.043260349533623	0.2908017346596116	-1.6208436139746036	-0.09545464472723655	0.14096057558799058	0.39293707379587495	0.13186861818005696	-0.4024235755707516	0.43657061600284713	-0.10062008719453346	0.1569326332761746	-0.0036861483934805812	0.4429721445074687	0.4943257404763153	-0.3850965001950696	0.18747766256396164	0.8252648553674953	-0.5102560588081737	0.28276466598683697	0.0006249388444372091	0.879388435993307	-0.19735620100822404	0.18821540887845226	-0.005768660226335048	0.8961339061637832	1.088254575871866	-1.574610804462011	0.5827926552442755	-1.509562249144474
DTXSID6057748	2.3911964801567636	4.483357348455239	2.7126418817666846	0.8469994576684422	-0.32224294111013774	-1.483494529832267	-1.4179404415915502	0.25188774316818047	1.4659159818414724	-1.0895308630930804	1.606161444585939	-0.2890686980650378	-1.256487368932299	0.55527214609882	-0.15981377252523368	2.101284071439433	-1.2751348467120318	0.7603452092767155	-1.8398094779115284	-0.15923309341273917	-0.346960280843148	-0.36462586843251615	0.2766981198853181	-0.6686755561809824	0.17429400733670872	1.1746752780830865	0.9452110208979863	-0.9013516766642193	-0.326558982152382	0.04059358328303158	-0.5053154641707016	0.6052502524983381	-0.5061528628283949	0.44956029433701644	0.47741629151892434	0.08634991657917651	-0.2145357802952465	0.13961290092006037	-0.21942494930075343	-0.25471551031137324	0.3743236235326697	0.3138675274736606	-0.1918816951612181	-1.1365765793992841	-0.3032710583634723	-0.022111553844991468	-0.5476570600610925	0.4648630505445356	-0.4745701977768135	0.09955288365501425	-0.14964465945815267	0.4217783036721159	0.2340739764077358	-0.23316431191440593	0.25324945867981996	-0.5015800747177986	0.8053739632373529	0.5321161662544471	-0.25739449754011123	-0.13341676295640928	0.18383357330757175	0.03686482831834035	-1.0240579589849264	-0.020650881655037086	0.42156285481928585	0.27135862226331847	0.7266147832099217	-0.2365341212545809	0.6757666640641895	-0.7533083092893279	-0.6427596562394498	-0.5731794322467	0.37585121287347356	0.23554021647864073	-0.7542522728050459	0.8680980646840715	0.2619642789190521	0.6831710286489454	-0.3539868738592018	-0.0006729767808865792	-0.9666109416359219	0.01814863928970119	-0.6128013793173298	0.407069822949304	0.3953416164659929	-0.11457113106360581	-0.6655444818414346	0.30121537797472225	0.2763902810281747	-0.9290551604655763	-1.2239137210196918	0.012430132058042527	0.23658094598250137	0.1155880097239172	0.29640911885864296	-0.24808588501731454	0.7255817147518018	-0.18797397062359478	0.021893841394319602	0.16151822886858458
DTXSID3041403	-3.4989988015470557	0.5548841232820806	-0.7925746109483292	0.39349195040653606	-2.4525604814065782	0.5213321438602342	-1.6286295818829322	1.060703893336015	-1.291810634017301	-2.0221572442548776	-1.7910188410777552	0.7787439902963315	0.28362774197279	3.2142334699512753	0.3600640341094354	-0.33965551876932537	0.19781852436366276	0.4341309510396153	1.716787075868504	0.042104853229750015	0.40353100567440947	-0.9228864827464909	-2.444516074426929	1.8955491772036819	-0.9605628002905948	-1.2858015848848834	1.8112724350816687	0.10364865446764793	0.2259181532074816	1.3358769483027186	1.3470693864822194	-1.1193317577405595	2.1112903180655027	0.7857737782233243	0.2826708594547824	0.3612434152762287	0.12718502638096357	-1.5231696914490052	1.0258529439142583	0.050581413061358084	-0.605224365342542	0.4496868135205383	-0.33774021164787743	0.574539931725395	-1.2558308347174907	-0.07819869559607456	-0.29703431567843125	-0.7115737097634465	-0.4855469464501673	-0.8642812483087052	0.05740317965584914	-0.2520293062777856	-0.8471836027119914	0.3241181644985411	1.0442571776933662	-0.9287275577584786	0.1889378927592945	0.09738510095357282	0.3594703969582021	-0.3146385732579905	-0.1139455302846114	0.6817735613327602	-0.4427146305939535	-1.7846460595152511	-0.5258427255692316	0.6808430039670205	0.045543069466214815	0.13325084850109356	0.1571694407242377	-0.9113662917557142	0.3661675097513056	-0.8177668854478749	-0.07393352678599127	-0.15513927660338286	0.5282350227848083	-0.4194406012756926	0.5019647863144171	-1.1582091058064181	-0.26618929980093176	-0.3854203698866885	-0.3132923951329712	0.09097982980646703	-0.22330660687107315	0.18745126044279428	0.40755251715356683	0.23132712683832884	0.4085307567436762	0.9350170926985245	-0.6215891252209508	-0.04091081946605969	-0.007121524246506347	-0.15045252005285578	0.23404730688249242	0.33894412534219237	-0.1798508034898077	-0.20132218414208672	0.20363167592773315	0.22148363325746656	0.24075348006588748	-0.010914689997854094
DTXSID2047068	-1.6548934777727435	-1.0699323707537585	3.067593253878153	-1.216907415796576	0.4972547390067983	-1.5781946504132105	-0.5454008909942104	-0.38843209771841397	0.13728078734724797	-0.4387058246557512	-0.1417668762376037	0.008590188483916609	-0.22703817400073376	0.7358291086383635	-0.616173039641611	-0.11707138025331054	0.10130842818864397	-0.32393210603484435	0.11803721697470405	-0.6754071668202025	-0.09497324976612796	-0.21480135696054448	1.2688096381704865	-0.28539147562003037	0.5509364454615027	-0.694473861071936	-0.3769991999857049	-0.11865812131364502	-0.13607358182163495	-0.07656486479744519	-0.21018273378689073	0.5116127186844254	1.0686967285372604	-0.13578160353378554	-1.0591708225634613	-0.5664604077990582	0.5130917491033191	-1.0131628205469223	-0.38184342030082974	-0.569741351900767	0.42638248969135534	-0.3488709350251217	0.1268139340041826	0.15563040832653244	0.12254196304805735	-0.5163385245571974	-0.4877751956027244	-0.12584283652025188	0.10477825929490699	0.22147119621424405	-0.05706785180331212	-0.5771827785550733	0.3027663170338339	-0.04293514730504201	0.25367547279998515	0.352148718966301	0.3175807413600566	-0.21608264880440503	0.42339608754255526	0.5460830410998798	-0.5268717282368119	0.560651066733057	0.03046055276291285	0.8733071771984107	-0.7500425698997325	-0.43578072396456724	1.0188685844402454	-0.8834347617117695	0.19292576494790378	-0.1770420276865165	0.11718359779938807	0.018990955217392063	-0.12386187775385914	0.3341420027696212	-0.29618434952098976	-0.24049101500659964	-0.2290676298800121	0.3706935452967666	0.38852395898269515	0.14672095579580718	-0.10773452199766319	0.14380961240364729	0.3617164433447399	-0.017241679912745892	-0.3349148041472892	0.02180127995880252	-0.10908849656384556	-0.3778359554262586	0.15814063719105043	0.1782253721120403	0.9184884828397373	0.09122169971919768	-0.21609737127372336	-0.06342892956935305	-0.20360222508970766	-0.15275531843721876	0.2685218216959748	-0.24538367821812948	0.23260296216293966	0.4058493405523331
DTXSID1027970	-0.5082416095699551	-2.2570745005153947	3.728771678749912	0.5800792853405224	0.5493139454016751	-0.6712776466121514	-0.021661320402799705	-1.0191878557920682	0.028645002131964095	0.10749522055759336	-0.43856941392038373	-0.10693291734041493	0.6863587822967095	0.41578194689689024	0.34924879597823394	-0.4544295129119623	0.9803945261364374	0.1614878634798972	-0.16935166971888185	-1.8999833745894175	-0.37709949946636806	-0.7001376509225771	3.005655018467361	0.077891832004528	-0.34397847910460666	0.3812967295779667	-0.15274660717999655	-0.0621656580213039	0.020260973404609313	-0.7538622676831983	-0.29764442120315665	0.3637232640420357	0.12765492673876297	-0.37891978833142304	-0.7349229251993395	-0.7996821957903327	2.1363431588925303	-1.023134065563852	0.1319797736498033	-0.2948633893142227	-1.0796777080159567	0.35513661662760354	0.8817926014691856	1.81184075671494	2.8831019171353325	-0.46005250762407895	-2.3765446317665866	1.59185589331263	1.1036561748923257	-0.8244817570084748	-0.17986376400652748	1.2042754072724073	-1.1149420402447043	-0.11038265613811639	-0.09186978733760488	-0.9219782153683348	-1.410350867354412	0.9822698663511783	0.7514451005144791	0.1382229028850117	-0.8488317021953531	-0.4170109534214574	-0.2987573741126355	-0.7352833007567234	0.6550387116630337	0.3708322620158431	-0.3964988147869933	0.6484066063305546	-0.013371319839833792	-0.720208184477667	-0.21566683765965175	-0.24544916773093425	-0.011503609204637472	0.05863263338617194	0.4849027068738057	0.14217833008568667	0.4559135070620499	-0.7112723685878788	-0.13163091324659537	-0.18117523707331662	-1.721102781213128	0.19246062066163366	-0.28558423179990805	0.19219020889113173	-0.12976485327709936	0.3620188988803411	0.8120469431393037	0.2124987706384088	0.25048510140965813	-0.691479095988095	0.17370129469226625	-0.37846995500886943	-0.39846114030390173	0.11460232182620109	0.13388915124630385	0.40667671994843657	-0.3220937537095635	-0.3703468826376223	-0.273022523171686	0.3779457798786602
DTXSID0051944	-5.875929481738188	-2.3589528391965495	-0.0996290421568977	0.4033574500850396	1.6638312394416372	-1.2245062369192863	-0.11369763682241142	1.1826584069078396	0.851365791156808	-0.8997058130908911	-0.7600708524827113	-0.0386100966455996	-0.19078789559529394	0.6118241932860718	1.5332934239260583	0.6829893181850463	-1.1727125597100894	0.1964980879345325	-1.198339368837887	-0.16471976424015977	-0.4058087815081649	-0.34376287132101574	0.38559677200745257	0.1405415794970752	-0.8795017644941387	-0.22884572762783428	0.36021760518025026	0.2053962565166483	-0.5288265787789478	-0.6734347199271798	-0.10497923981620925	0.15766058138973246	0.9704555119403272	0.2301383085506855	-0.3096290568263095	-1.438114785418801	-1.4697651796632687	-0.5040001696114536	-0.4246680435935076	1.6192652772018468	0.3571480523687421	0.8593416235576218	-0.09771710721857234	-0.3299756954665732	0.1439050984051498	0.4226487538085828	-0.08720812308946387	0.11238000968252314	0.26584352939508	-0.028612439554509216	-0.03472826686897747	-0.5092218180082412	0.17622831858626764	0.4264649849685189	-0.0646963447236611	0.6563917029652672	0.3255932601997194	1.6181334955307547	-0.8830596695512678	-0.37723862994458274	0.4308019625936193	-0.8425429479493459	-0.26077005497758327	0.1664118969765132	0.26429423758727566	0.2427269068469509	-0.8857433611095151	-0.9822050396295217	-0.45466731738098026	0.09046309379722507	1.441179874614922	1.6436314558638399	-1.3011658351867994	-0.6283710567168067	0.5740554407860681	-1.384302134027047	-0.7035781580699346	-0.7764360697609185	-0.038829080147583794	-0.2650938001588333	1.094415403960108	-0.11500012071457373	0.4429016146970626	-0.158925289179811	-0.18686291236547653	0.36034806452460716	0.10607920486129715	-0.3582240128520457	-0.3444485908086806	0.18215524134690347	0.07282360827180338	-0.29588293416879413	-0.1617087748592903	-0.0753228633087346	-0.05494363134024195	-0.2758423046255433	-0.2824546565073485	0.09680619814111271	-0.39191059693045804	-0.28812776185646793
DTXSID9044328	21.785277377059302	-4.047689524406258	-9.444122676420747	4.74965005454854	-7.352087219989662	-1.3096245306508634	-8.067551121680413	-5.723370957031958	-3.0056033388616936	-4.058690152008018	-8.11734507752781	0.7683373523863114	9.386832747017444	2.310051874806772	-1.963821795526997	0.39380878222228216	-3.277830131235635	0.3754465044577849	-2.3413704024720507	1.0767869358392907	0.043953569753251605	-0.04442557415936124	0.09833536627675919	-0.1600307219302555	-1.0406371972749138	0.4389901310044523	2.9595265229673187	-0.5216570579556017	-0.9760240721729698	1.5649065376306412	-0.2271263155504408	-1.2705408268745872	2.159066122370175	1.837321323986551	1.178216198564326	-1.2923690610913352	0.24671889985888595	-0.3812161587645099	0.6608701241860273	-2.004790211735472	0.676016556393997	1.0432140849033706	0.48514391572471216	-0.8348175771346581	-0.35496545978935207	-0.01973335295145993	-0.6916005141515768	0.08773410123923162	-0.9973958950647877	-0.18301180276004178	0.32227363464582304	0.19775400905843168	0.19167889053415033	0.8267814326827784	0.5262761656544842	0.17254114603859705	2.616977994451384	0.07913619373376031	0.6357803298905128	0.8447627016281718	-0.4348696908377311	0.9974943725571142	-1.4411376397876177	-2.042611185272038	0.2589379430291776	1.6790161947698312	0.8524250722386159	1.2952507054479574	0.07597775856976094	-0.6483053265990929	-0.6117728760002692	-1.464747997857555	0.3517853041887601	-0.2412541466665927	-1.0122259934204856	-0.3871811216698954	-1.1418765239781998	0.3519500586210192	-0.044454263291370255	-1.0283938712557965	0.5121990390557644	-0.4686021614414272	0.853035657607873	0.6227022075154179	0.24803222275500725	0.11633017437158	0.10734790669511578	-0.5045469293266488	-0.5935087349478759	-0.2598358785454333	-1.0538699374128966	-0.6821200680139569	-1.2910414143968918	-0.3934411050282011	-1.277047733476144	-0.27747567771499143	-0.6120482350686168	-0.040599253948214245	1.148212132772024	0.15742501018690658
DTXSID6023997	8.533156827194865	4.868517229888999	0.3694882087634058	0.2874874017831675	0.12761913878891423	3.578279838567613	-1.423732119851713	-1.1073420921556496	0.38828578402394875	-2.0550533918825846	-0.5562550802245385	1.8188909887377462	1.7824463604355414	4.227754862822296	0.1797631844579146	3.6714341685993785	5.304008593868389	-1.946870929330934	3.2743471309028527	0.871095345196964	-2.0605516008508764	-1.1608731141143227	-0.37893741502256334	1.4273807798104656	-1.172826057182209	0.9925374331314989	0.20993556688191334	-1.8470274550187973	-0.7210314271665251	0.26587005431473265	0.20657782089653937	-0.45354127320489573	-0.2501234156097166	0.22265918138942772	0.4090998362531961	-1.563371027602962	0.3136732581105761	-0.1161364086481276	-1.811621319433002	-1.4163553173791055	1.549548016778631	0.7324366184658889	-1.1234879485824505	0.4628357514139783	0.6613134901955228	-1.6596609166998666	-0.40653291660708385	-0.6657657081531507	-0.5760920773935716	-0.6211896419470189	0.021683610448216754	-1.1693266910859224	-0.3555694770584373	-0.1830293457989671	-2.101659668670111	1.423436337860062	0.024092515067281356	0.9411522366149039	0.5965122459856997	0.5076618306612192	-1.5013205218965657	-0.3156023155854941	-0.10396082786623471	-0.87283258722347	-1.0394997090236227	-1.0942049410557317	-1.7295052972315215	0.5459099111496851	-2.010485379532483	0.1955456785431249	-0.9005873800786687	-0.4210482158180889	0.4411953710503016	-0.949021724078973	-0.4459335188812944	-1.0014723737419289	-1.844078653880051	-1.6647320261283935	-0.29293122976090036	0.5818124827717346	0.29932123772548036	0.4681194248272829	0.9880011242127642	-0.11809204157371694	-0.3401395065159643	-0.004235163627872982	-0.5897547705940892	0.3545372861454806	0.25127672805110085	0.00989561776139418	-0.2647200461955166	-0.6881099589049876	-0.035672623898856955	0.14194990805168103	-0.8160875464303117	-0.43305474364906843	0.6329443917696991	0.9920658034563816	-0.13954804488900574	-1.0161068472726449
DTXSID6024967	-4.853585784402063	0.842237232151983	-1.307728486762928	0.5362296246389493	-1.745194024963836	2.059611738072927	-0.4635397432732579	2.087264779309237	-0.7677331442225953	2.3953820492848337	0.19589755707333265	-0.127152301362284	-0.18816278891555557	1.3857073435180496	-1.4920457589406186	-1.757685302656593	0.12231124421933326	-0.5147428273528193	0.28895619509915593	0.2743725086170621	0.6230993098867932	-0.15822636107117022	0.27125699747406035	0.4753641126693291	-0.7732834697091923	-0.49423156515794414	-0.27069793176607626	-1.2747823257876745	-0.1148531907589905	0.16241724429347756	0.7551167132324741	0.4215202203141394	0.20306449270344876	-0.645441477200342	-0.6969571143525778	0.22262287656007038	-0.18102759121972734	0.43803314681918337	0.04507785721999542	0.38012326802876784	-0.546785810461227	0.1343128906275337	0.03556701664522355	0.0004285221791516767	0.11226490802976578	0.08355884744901124	0.1264687089718861	0.12888678623616034	-0.26287590426217666	0.14327148736848727	-0.22193776500144002	0.0883560949004647	-0.17923746813334232	-0.10320874711525223	-0.3187197466474929	0.12919357361454006	0.09000501655036136	-0.4304052876644509	-0.6700633155656563	0.06881112612527812	0.6190177118203525	-0.4018589215185982	0.34925255151708345	0.16073609989833848	0.16512478785895063	-0.4536865420689932	-0.013826278056592556	-0.1437975452422089	0.14266202096506259	0.07640653699440308	0.12255276245970942	0.1815139301397866	-0.220651951387316	0.056404692897283136	0.18653702847755574	-0.09517340519466004	0.4229773428266878	-0.1957479375297984	-0.3249365015528792	0.04252998213357893	0.18363804997644753	-0.08216531796315432	-0.16238893756867123	-0.0024488801804760777	0.12479683223875068	0.2327151630965423	-0.10576598047072253	0.18372855134670985	-0.02913730724911124	0.01255403340335784	-0.09955842246848538	0.018547409297821116	-0.3725116925524524	-0.07951178009901509	-0.10779419805772893	-0.2067071711524523	0.13187660918658586	0.032768197439168645	-0.09199564473656179	0.02906218130561785
DTXSID1047942	6.6687849726101085	-2.380867174491419	-2.5808643647327796	-8.95751168202197	1.1056167554170353	4.593289190542197	4.1376529307064445	-3.3719424688805177	5.22253234780027	-1.3870855551201862	-0.6896488346587245	0.18910833184166442	-0.2378547699525719	1.0143456860494875	3.0303753808648684	-1.2253514954434788	0.38168182651831206	0.4483629095426415	-2.9140504555523448	4.61134599085622	6.4308198380126385	-1.4779715644629845	-1.3253511774894653	2.2547891204874184	0.11675894092937579	0.56346354265475	0.3145167393672652	2.5161803127674385	-2.3755305222878356	-0.8873734724554444	-0.8931761839536574	0.2625039235744992	-0.8671219823798375	0.685737955469431	-0.4714496621842522	-1.5184903654741981	1.7272708668615049	-0.4853952244873829	-0.2823823551447416	-0.22435122645967975	-0.004561255857444836	-0.041397624865053356	0.5252555520282799	-1.6057581942640422	-0.11707348696779107	-0.6711383750844238	-0.9161129096880118	0.7062534852182425	0.4240169835788463	-0.4201175286407493	-0.013146461336339286	-0.09437536637301946	-0.1876398955320938	-0.3083090783018066	-0.6942253974004791	-1.0381480163754477	0.10524874937714815	-1.9872054276767062	1.369395137571778	-2.2298399185861593	-0.534249591489288	-2.0759054022252545	2.100286725342048	-0.1535042374360239	-0.12840456004640727	0.18716173279912918	0.38985463774478896	-0.1457911630874094	-0.3094565682961616	1.390577501910071	-1.336120071469603	-0.9192107549837137	0.9151367935665412	0.34860524586476366	0.23810804773038838	0.218888498616337	-0.26488575654335883	0.8840756978425092	1.4896672931801402	0.8348037665350865	0.7804474056283378	0.44501500281556394	-0.06687164179884633	-1.7572788275580544	-1.383574053978676	2.4936114402688823	0.9310225425653655	1.0669270644647602	-0.8355697260732162	-0.20721012888265739	-0.045880793856000475	0.7364429916856103	-0.16484141560359167	0.10613428734176913	-0.6605810992798846	-1.2354202919975614	0.7681338577247367	-0.6423170801488984	-0.25242430041476194	0.5985356166777814
DTXSID3040722	-0.4829720242968897	-2.633192909728207	5.0715454549427115	0.3494269816728116	-1.1328883789996405	0.7529304741586836	0.29248225723966714	-1.3096360874774375	0.9730101445289839	1.709211557446577	0.2551792146041598	-0.326944959382018	0.7633338376100247	-1.7503496336727118	-0.23203340569773123	-0.44968709450387123	-0.19016903420206174	0.0821011955272369	0.42085135798214385	0.3797563955509736	-0.02055359072652313	0.5089816415449012	-2.085553646962799	0.01344631096436197	-0.40756453850480406	-0.05986759343650069	-0.17868477462319643	0.7530415715719849	0.5973877942110662	-0.2291137405758893	0.30398816115544325	-0.8299373100168085	-0.717839749926824	-0.6728602974814879	0.4845171673836486	0.7316977658248327	-0.7650491754920714	0.11083707947192036	0.403188971167561	0.5596639963538438	0.166923561547862	0.18111278412584805	0.15106215833682435	0.17755200428901133	0.3783036311553933	0.15879979276123765	-0.06938585801440761	-0.1752686948056416	0.3039690608237525	-0.18924293997653233	0.002563132668541379	-0.07678828570438935	-0.11103563086581934	-0.04062678696505616	-0.1930407656798354	-0.5230316728710928	-0.3761784536883637	-0.11903522640187253	0.22046249923403066	0.15839769592564862	-0.43322144641209415	-0.4579009964251159	-0.21864065506112546	-0.3291486876092854	0.14677207150397686	0.2720989345992697	2.4523378689346673e-06	0.16478720331078536	-0.22781831207250694	-1.473381057806145	0.6761913474560798	-0.35118140062125136	-0.24591966751100852	0.4240011289491059	-0.43585513362733685	-0.13621354817684087	1.0017503758493238	-0.09342361797551765	0.15124680229600804	0.27015162725048963	-0.35223093694225416	-0.05237696168028267	0.09828467111385761	0.06464612549920065	0.07817015017511629	0.8294059458415856	0.3478356440428257	-0.2266461317691928	0.08322611294347	-0.5738210352702182	0.4549628444583579	-0.6400408965334328	-0.26461974214532524	0.546381912078076	0.4635831774049717	0.3665265312222537	-0.020191982399322714	-0.17518928240322426	-0.9162158554933852	0.46249572761811253
DTXSID9047049	-1.7758889432787592	0.7546603702371738	5.300479493000776	-1.4053200154499017	-0.9743245689595966	-1.5089870305377595	0.40226595755442046	-1.2761141547122026	1.0853613535632276	0.9354502261203521	0.5711327342733509	-0.24710906307207653	0.6633291064899899	-0.7773515441632142	-0.5028572355884631	0.12259297255314489	0.49484535164583443	0.10228616855606193	-0.37043270549873347	-0.9063168516426215	-0.6442710180318215	-0.45547408450962884	1.781865151437566	-0.049189287912258975	0.16791778861737372	-0.9083447141251604	0.4076776215824158	-0.5019047065182333	0.03590467670487236	0.09056328930317861	-0.0934793598402711	1.2095639843927952	1.6693763722986883	0.2345546900020219	-2.359260953387455	-0.659128967354536	0.9398899220414411	-1.958031284269519	-0.9877167751630946	-1.2077255315828062	0.6379726953441848	-0.8337694772975799	0.4407456387645935	0.2117012469424338	0.6065274856236613	-1.0422904587619548	-1.1588689023648389	-0.30173285184837917	0.09911924442787526	0.3922824511953339	-0.15150149365914875	-1.1581806944586874	0.3666592495026423	0.16748873345145493	0.3764758939125439	1.0346648766053488	0.6396367713504301	-0.29723692214248154	0.7694351454308915	1.057682522247201	-1.0728948010790522	0.8152217822463044	0.03388554167160943	1.5333070230440433	-1.6203359369482544	-0.1196814762605594	1.6565917359452627	-1.3329070646978607	0.6269537722230436	-0.31929269584997333	-0.011339429421004353	-0.45889042165885907	-0.09644315295130959	0.6533777673709548	1.3625830995358938	-0.8295242227248767	0.5349148879470316	-0.15607749895722645	0.24520713854004503	0.18675699626270886	-0.18028257706412687	0.17698549156552867	-0.20167751576574422	0.16110658685327253	-0.19230075946942807	0.039217127758244444	-0.09238432691814855	0.507991182646223	0.20764805020714033	0.0005791114721530052	-0.07726262797886506	0.24362933389377672	0.033822556855902026	0.02165153656277852	-0.5804215605967418	0.017162466664469214	-0.11595386666311518	-0.4093272861810743	0.2286549246766645	0.06803052483439306
DTXSID9059919	3.42153732283102	-1.1618260925895239	-4.9688155440518695	-14.095465441792632	2.7434860654719038	13.622981680260878	1.3295026191384378	-4.859093747747022	9.606977925618883	-0.12325790582889062	4.030109193768202	-0.9570486543513296	4.267346246670591	7.136409499279893	0.01918601689562358	2.6795085664390688	-3.2557182585501834	-0.605363871302406	3.5380875098075513	-1.0162133884620743	-2.854053035501739	1.5873351618428626	1.3326044152876781	-0.35390785176772516	-0.12223097329966678	-0.27701186566249936	-0.894920973689173	-0.8482978713111917	0.8428723904945132	-0.19538884686185615	0.5820490440525324	-1.253687960225615	-0.7473893232890555	0.2935495856514093	-0.32004664397028504	0.7211075061057443	0.5257218832172953	0.3153017562450547	0.1950852166648926	0.5686764950048424	0.4470042645574613	0.2276584583068898	-0.43834574495971673	0.33052550312949874	-0.2064661393783072	0.959265213835234	-0.678175490985752	0.3017245610839642	-0.31080725369491324	0.569156154453982	-0.033395914088383424	0.25404635976149986	-0.42618621825974295	0.3576475385755672	0.44527261239502386	0.5149855126114233	0.31065841664594956	1.159683284348308	-1.3422578961460359	0.4960230463488163	-0.20085764454460647	0.9039967624929427	-0.4811111983525	-0.7370340181761759	-0.2686020644257979	-0.6932930044322989	0.5201313989412851	-0.5937371892775218	-0.5952531412567906	-0.5929278885102905	-0.900301244937112	0.08291393202524189	-0.8113385529585707	0.8145507236906903	0.7571496937307233	-0.1024037992456522	-0.22261545428761004	0.4381800769500751	-0.24823354126198352	-0.2367944468173047	0.46962449098699593	-0.12651514078667542	-0.47199842084323573	0.13455314918469058	-0.3663934989061436	0.09629088455086163	-0.33560126593247114	-0.6053713001485564	0.33903659329696295	-0.1102817502373099	0.3485665990308482	0.8830647499363071	-0.3130535824008903	-0.6601418875618678	0.5775724515142105	0.015214857906217322	0.5820493473052488	0.008531131553199506	0.12714511980742618	0.1995035318845303
DTXSID4022999	10.617163601975388	1.3788259721000187	8.42811515169419	4.181545569482561	0.05657718149457668	1.8783401589266215	-0.5120992687716763	-3.607190750299375	-1.809198620336648	0.8493807655826473	-4.111337302925541	-0.5030038690924165	3.961604294453798	-0.24842049883223405	0.9778379303197786	-2.252607097900992	-0.8420428473965142	-0.584697648728727	1.475697299079088	-0.29190343637681737	0.09429991521730992	1.1756219823698766	-0.33939375365720076	0.2523939539168954	0.6449556131834362	0.09265258570112057	-0.9439232067198944	0.8916967065522914	-0.04257768287726846	-0.5354856824829225	-0.5262062966803943	-0.6647265276694662	-0.9755313247496672	-0.6506862246733217	0.5460194068958892	-0.30990324123722374	-1.6999057904708357	0.6361545100511887	0.7520834894393003	0.9132528680432382	-0.5284540548841204	0.9545252672012695	0.11175942796678667	0.9987823693459454	-0.26873209495176725	0.008876484915450799	0.5845604092905486	-0.374039906998204	0.08793353052294438	0.13278205515649666	0.1745777536486448	0.006209769273706645	0.37142139398565654	-0.11341275212540099	-0.49282712099752296	-0.5874450109714261	-0.6317832944724359	-0.2815029376349403	-0.0821120921464192	-0.5180567521320866	0.5430242909528735	0.13820856093216688	-0.4479971073199036	-0.7848253291893813	1.2213517034929355	-1.3419648926814156	0.15025945191928042	-0.4853337239682989	-0.6551464069745522	-1.5571935976828897	-0.16873630808253548	-0.2976344529499629	-1.0657981955170388	0.422663754842292	-1.2179408381954975	0.4630773912545668	0.06533341286585906	0.762280529444629	0.1743695899242772	0.012523369508531525	0.7625028816376774	-0.09066927344983379	0.7865972624579642	-0.12351917564718498	0.0233207505520384	-0.18497113627932138	-0.42154634513010175	-0.2890871235670628	0.40146986468908324	0.4703116024747132	0.5952042699741072	-0.26838864778828436	-0.7069704786158183	-0.3021001799905429	0.3368434688681689	-0.07294073469253701	0.37834357293620474	-0.09636060898340411	0.020393267948650082	0.9683968426654381
DTXSID1049227	6.276033944551714	-0.2312806776577577	-4.389817591038224	-7.623820214830032	3.068049452411798	4.832628862704149	7.133467113692539	-5.612432980802358	2.6740392097714065	-2.7157613851161906	-0.9017323306779547	-0.5795676892066508	0.10512009993994834	0.12158257457142616	-0.5837783120956147	-1.1034463157255365	3.5510763203431557	1.439354767419125	-3.435267164093698	-0.3009978972625566	1.728379051538733	-1.332597310441305	-2.2436030113700833	0.9336812204844445	2.7713692461948325	-0.06672161721507543	0.7768727797475764	1.0185737515750917	-0.4438403355726375	-0.1823374136660292	-2.5877506450577163	1.9799731318729459	0.18693469154138706	0.023490433570988963	1.006915643907313	-1.3642839502438204	0.3526611181789397	-0.09727917231731185	1.0888432301565332	-0.6117254588029094	-0.9110983844222412	-0.39151367309656127	0.27118438822156365	-1.5851182291924333	-0.6009346631022662	-0.07871441631286419	-0.4339242585036193	1.491672049715374	0.010949560741411627	-0.36544004281707837	-0.46082059429137845	-0.13841686995100522	-0.6982999393116225	0.14823623778955766	0.3282335204638626	-0.6967371238707342	-0.7474944157771319	-0.9999224811908287	0.5192171961869088	-1.3106162016858112	-0.8818350421976164	-1.082109513685646	1.432536456971771	0.6109861768312375	0.1163886879106835	-0.21579584924884931	1.2688337556960931	-0.3083194564305475	-0.6764342580237519	0.3722912752262901	0.0723811370540223	-0.10297868303809157	0.4629863543406981	-2.6084496377819533	-0.04096630664663594	-0.3770675282850822	0.48006180749841293	0.5196504532467044	-0.5352156645819048	1.4059659216179996	0.8989270845172964	-0.7945892533254397	-0.5992873690364825	-0.43038956773855214	-0.7017075059092134	0.21341787122616276	1.0771085670236786	-0.0034866151092655968	-1.0240477107756452	-0.3323920673093411	0.1782518954129702	0.44755053781523624	0.5926601341253931	0.10988780540314573	-1.3593480762686452	-1.0252989848760423	1.2142375405447636	-0.3380494488238275	-0.48850279269443897	0.4360061448534822
DTXSID8022822	2.2409055835855276	0.753336286963374	-3.6247216192306335	2.4648184899134447	1.5833706552268085	-0.8305377522654119	1.5754885318902405	-0.9418262384051697	-2.735099046158347	-3.334688219988922	1.0867490217344555	-1.0953966069320287	1.4619682109765402	1.0702543632409993	1.7449338550395446	-1.9006330833846703	0.8210305599471664	0.5485678741823247	-0.35448394861939947	1.572500708333467	-0.19099360249693315	0.048794066038052336	-2.419545262518789	0.7403543706770218	0.6538623574231022	-0.1986495323259005	1.0071313163492341	-0.5311640538411196	0.11372149175692525	0.35302653810508183	0.21907243636789128	-0.8598201210591921	0.5024967241182731	-0.6828758015159779	0.5902853602316523	0.37828151995720477	0.6373836123962762	0.1632460660533988	0.04979146419128422	-0.46279083050930764	0.8664843781394005	1.491953377924189	0.2522954187226142	-0.356328745239266	-0.26724449861161576	0.6912483360861866	-0.9636528279504549	0.46749505263879004	-0.1810101584312579	-0.05080657873680914	0.6929782300670821	0.7111459838826905	0.2795411305469704	1.0236071281748864	-0.11436156024429778	0.6973442651781122	-0.242144963398115	1.7121556201082886	1.0712844047506163	0.9544771773454837	0.23889337413200082	2.8486003201579297	-0.9457373108445432	-1.088573548120091	0.10602011886293387	0.686041945758524	-0.942620556938588	-0.5886727372024655	-0.6497022955018952	2.34371084795554	0.7746258798678898	0.11092001931989226	-0.9369153520443054	1.3409077952609008	1.1399343798216541	0.44794645785038884	-1.9324706362192314	1.7213720874673581	0.7375187283047162	-0.44078673875813673	1.6758432686496756	0.24487351735467727	0.09988830725267307	-0.14447292555340527	-0.8082083704274461	-0.3574989393766116	0.4521392077241494	1.3758717148672392	1.756289874945832	-0.2810940774852405	0.6565963244899317	-0.5310406925586773	-0.38471270640695593	-0.8217690354463556	-0.4216263898813727	0.5633050478441894	-0.9553647324470583	0.12946106853028352	0.11836654635671662	0.061281560682946344
DTXSID1022687	20.29639078668359	1.6548047084605437	-0.8006999881759485	6.56964757434466	5.692201021627858	-3.0470552251652254	6.574233939063386	6.085202796237177	2.960474763665626	-2.351979229192181	-0.7258344115688518	0.2056729671524198	1.1713222710345683	-2.5394851903904985	2.7235467280364904	1.6600339866238623	-4.30678051161893	0.6895713254350231	2.0508782527680007	-2.0465458239323464	1.0831920395862513	2.7013186937163973	1.6058753577058105	-1.6870758309765965	1.7454569073623987	2.5469859566510964	0.19016224139230428	-2.0439482277368337	-1.5572325725808032	-2.1924994327970975	0.1483109278063245	-0.3942479163147571	0.9902782007885257	-2.6815829219535234	-0.9276361930083705	-2.1537958732887112	-0.756567498423387	-1.0960563085495358	4.924735632838772	2.665077180876846	1.6679987396538276	-0.7377475772388815	-0.5123680842693913	0.08015537481665862	0.05023720815924068	-2.24999589353475	-3.011498878436292	0.09790546918890429	0.2910863197948257	-0.2816799358879246	0.23199290320825056	-2.5601240421589115	-0.4387511665550906	0.9650689577312803	-1.9302011389260338	3.2517757378037553	1.4201198523494347	3.7754776667616916	0.3050634122653343	-1.1381236505474401	5.077252065977692	0.756670571169981	2.9877594349087957	-2.422154976457079	-1.3665136480367932	0.06409583155248921	-1.2885328656405421	1.7375781098337209	-0.9672040489042649	0.001417693588521145	1.9138200498169071	-0.07617415641643854	-1.185068660156305	1.353132222381519	1.4812687468020687	-3.4217410084428006	-1.2848666699658076	0.47675864383641614	0.22465047389112983	-1.7819080106954288	0.8069056267505376	-0.9578664098063157	-1.214962981559178	-0.29849622580892016	-0.6860614104735709	0.5753027583542958	-1.0008622844742137	-1.306817199179024	0.1637523538225716	1.5969309757179413	0.7331562992652237	0.9466522263095188	0.18511617452074705	-2.0639937699445645	-0.8438368669776222	2.4693717709103185	0.4846162558324515	1.4212280104073614	0.6510838633834456	-0.7102263806702139
DTXSID2023565	1.8319066905345318	3.1753198061202514	-2.1352733081499746	3.240577536835589	-0.08150732931299066	-3.3344943164788345	8.528249327870677	-0.791187300384773	-0.8968460508241867	-2.8951449845685735	1.5634806922951694	-1.0384071936661488	0.5552186186241869	-0.19746594024335404	0.9282375786973791	1.9902930876235951	-3.3254684326611943	1.1856302970427974	1.2343061407606681	-2.049167394166696	0.8315182237289949	0.3653983407336058	-0.1567541486160876	-0.02584000210631204	-1.1399774231785735	0.4442845889836044	-0.21829862830606403	0.3791432988744795	-0.6579756150348115	-1.0492799301058593	-0.2756038004383863	0.49548273019064853	0.7435095843479311	0.35657633456483795	-1.9886681737088647	-1.6015213832330053	-1.5313288307514987	-0.5595967015441067	-0.7171365955782166	0.9261829396376826	1.2186976201920017	0.6514219349500431	0.20333211473644205	-0.9699757971571326	0.04484553276040738	0.07595163276859682	-0.4446033231252269	0.9825061555210561	0.29458454904590275	-0.4206176032029265	-0.45905298253307514	-0.31607441856001467	0.006722872790541094	0.16040816863966523	0.46515131816338773	-0.35744397925496696	1.21686116460094	1.6392418574680094	-0.707663173386354	-0.576449814857218	0.19100212088366386	-1.0403582370518227	-1.3768249286566785	-0.26917610715998264	0.5105644683357228	-0.3408493641644589	-0.4982751480438882	-0.888087674691952	-0.477104397372198	-0.7363359276494165	1.4179132487943156	1.0681934534110085	-0.8769013516416001	-0.7099938681750982	-0.3877967308790555	-0.018780723750188997	0.3704935983883254	-0.26766353997558434	0.5640999042790596	0.41814711796847276	-0.3115909381426511	0.8735573059296229	-0.3372373703173021	-0.43091909221573543	0.5495631627700357	0.1890813487054363	-0.5723036847480811	0.017220623973829393	1.355134714974034	0.47121160914296756	0.21314494021339284	-0.17876445990732742	-0.71950566461104	0.8389460929565575	0.6898378983200526	-0.6676911256491821	0.105643760397929	-0.4686718078005025	-0.29435396462267566	0.7735976889200082
DTXSID1045110	4.220137129980721	5.07146120744238	2.1191191867369934	0.7039377549509289	-2.3810887444450435	-0.3697029097129635	1.9739341003835367	1.3110000096937493	1.308375768697683	1.315597210828132	0.8531623515877914	0.25464451375896147	-0.9644422378532421	0.34583100508982195	2.5501402088759955	-0.06192201749422438	-1.0471988310147944	0.38110823714874326	-0.2339225898006816	-1.1732039832348502	-0.8741132583225819	-0.024913559522463203	1.3926001794657639	-0.5940096159713886	0.4693096032231013	0.0023716405341461847	0.7247214010482954	0.9650018501444038	-0.47307034472103116	0.36319403993672306	-0.8026964604041172	0.5728545826561717	1.4659813543761622	-0.3566002043488564	-0.364541892260254	1.1071094601692109	-1.27636257921612	-0.3594593020423548	-0.1272432433105001	-0.9240499607262458	0.11222388455974945	0.2859119512015881	-0.5597706962561518	0.08001521140459841	0.388960432515784	-0.26065704317921395	1.0927570997743161	0.20844338056450887	-0.17987060482794587	-0.3258270821015916	-0.013236811880367577	0.0967268063274206	0.843605291475713	-0.06275173673380245	-0.24860985112068162	-0.09888363647716164	-0.13968923619273954	0.35699275896127874	0.02863408481448608	0.44150855615494783	-0.2320126303506663	-0.2431995243287358	0.17165982299573881	-0.7555896587170975	-0.05263372529336903	-0.4905796314696434	0.07924123765496888	1.0584104584035803	0.378197209450439	1.0479980550168513	-2.117142261348421	1.2440459313477499	-0.09344320931685524	-1.4867570679737303	-0.7169787810704028	0.8921749837010755	-0.46647408133621954	0.8973170088972481	0.22306481581662743	0.3027977680636965	-0.6196431811861389	-0.3667665280792612	-0.25498564332884577	-0.48193796040553283	-0.18969001530137353	-0.3182497230453663	0.09266987232884583	-0.161516692135726	0.36853590076979037	-0.4409767823267039	-0.3911207997063627	0.16855107194391494	-0.7109297278458946	-0.24611137173210007	0.16332894934653633	-0.8834249650714212	-0.1901124286134529	0.2520594096205636	0.27332008390352475	-0.5038267064425271
DTXSID5025570	-4.434208130892157	0.40149573227220503	-0.7074890339448157	1.6503659669195292	1.626062670568463	-0.7244367901555622	-1.2617510899653923	0.853294557429566	1.4692596738041348	-0.44152653035225775	-0.18804080093092987	-0.24089046958053462	0.06549514422236327	-0.21143630092921903	-0.046320255758640023	0.8581322011998079	-0.09738393938090573	0.36665185258576566	-0.05918670646410477	-0.5246053122406068	0.5032380451815409	-0.4289925155823378	0.42570369379661316	0.36075701138880323	-0.02653396721734637	-0.18182153805992116	0.23863975417759864	0.28477731822567964	0.22618813103006896	-0.075523311330579	0.8063071330794646	-0.3247287447374239	-0.16139042207331905	-0.2867817678405435	0.22503902566195919	-0.03379165885330275	-0.611267442935618	-0.11113957539193398	-0.1670624857872024	0.30912045248387826	0.041016365730815844	0.10662900191707822	-0.3053680318890356	0.38488987179718565	-0.2625809565106051	0.2803268375315965	0.15762043508972562	-0.3674361227675979	-0.06081069318781345	0.14214295350580186	-0.07138766199199864	-0.11163377561257286	-0.10388137411657315	0.048370142678146134	0.022852781211044098	-0.2971704356724377	-0.262057532948963	0.32570514809919876	-0.759480132585352	-0.20338500607484383	0.13090406342414243	-0.18266679986402481	-0.15774363531997185	0.5875063622736854	-0.056186450690642674	-0.36316892144443935	-0.20801182729096906	0.14277166408950337	-0.3619600670869624	-0.5420884860800018	0.3114147581507706	-0.3619935831667429	0.06677756027763036	0.17587388140423704	0.2637729067190593	-0.2409836047159883	0.03744549047391302	0.6669910425752188	0.10399125344584258	-0.17221848271093523	-0.12752265803327845	-0.2829164918127167	0.11137485482331282	-0.40850198402354065	-0.40155285578530664	-0.1791075261293819	0.5724781069457552	-0.04045078952758004	-0.3494766904552071	0.025772905312817212	-0.24409358753227572	-0.06651968777392894	0.5923202424168745	-0.6167300299465945	-0.015909080714420938	0.2082025984186619	0.03698433074198564	0.21114363752562404	0.35027839779504716	-0.8145403290122496
DTXSID2049058	1.6534066184520166	-3.0728081660747937	-1.915728688871154	-1.8132462478319575	-0.71021326359984	1.815069194123584	2.63525850403501	3.705820680120244	-1.8310020917897116	0.39796402600515196	-1.181213960395973	0.7487784547709992	-0.023001287810362432	0.3770926923799602	0.9718787549047897	-0.15776672616667164	0.3598049115150788	0.3922038655083461	-0.03799767733146863	-0.5005682054096373	0.7950664468508277	-0.03367049313976948	1.399306866123971	-0.6509019717097275	0.7729889374394232	1.795592239252005	1.5644594952685773	1.1837179098060315	0.6770218574448055	-1.1647008872939197	0.04829288465129428	0.42494940977043927	-0.3927896162174115	-0.4076332639239627	-0.09065008906801392	-0.6001775198945848	0.6339662450819856	0.16310554753265252	-0.796737351885598	-0.2963161839166725	0.30803238472250166	-0.44650296823774543	-0.10973708674116789	0.4028010540718809	-0.47098703620729004	0.30402545883785376	1.0715354293723824	-0.12871434017186478	0.10615440054574847	-0.4865835730760151	0.0890001190522445	0.05832632593307399	0.2926301094261252	-0.16530722507076	0.23889734046046315	-0.759402201710937	-0.264685412266177	0.4495427984789955	-0.35826996818552864	-0.9391731310772093	0.29715305962978195	-0.06617325964332225	0.06342445083950776	0.1638296101222446	-0.6518564882541377	-0.21737188599650073	0.13461659630942852	0.058782395460603536	-0.7587903807023897	0.8801110274015091	-0.6173172551628454	-0.2844731594739687	0.7145522473478603	-1.8351595268593723	0.7676473138242889	1.9241719251009521	-1.8170197850265781	0.06627629889072918	0.895578958969837	-0.13596381876625396	0.7239463576527724	0.10003960911986495	0.49050543136336205	-0.294187025413615	0.4806126724259306	-1.3265877295155573	-0.36593170316409795	0.964703411101737	0.2436854460208995	0.7454756508761161	0.33495936710871543	0.8259343202789576	-0.9528847118274513	-0.7599752579600582	1.3322415111597892	0.02608933509609211	-1.0522274530442908	0.08911342443653009	0.3590210638143858	-0.9102013435134392
DTXSID9045899	-0.5736029492686014	1.0600301317128737	0.45478406296884977	0.7324730596322676	1.1381833031825543	-2.2736216503010827	-1.4041086121744946	0.6702401140079024	1.2638840851815487	1.0606005195329433	-1.3850151218581948	-0.02927366580433608	1.0125755994393346	1.216397979690917	-1.3970916647198774	-1.9005421207967943	0.9981008921742319	0.3657436315372521	1.1808999438017866	-0.1526664308875007	-0.4896297240129576	-0.3729091445695377	0.8253944214582813	1.905784353154697	-2.1191497533320054	0.2332884963692323	0.15553650016527337	-0.6965832374308497	-0.2976606380808369	0.20512621280389035	1.0374709264590125	-1.326719231981628	-2.2604662901162857	2.6311944989935867	1.0680503192152428	-0.8194419779030183	-1.7290364320198885	-0.5080156415001638	1.4310275052211745	-0.7918097633558332	1.2269643065478797	-1.5274933779990663	-1.711057633280136	0.05598281348022647	-0.9162411510179721	-0.6758319938880774	-0.8000270084686584	0.5768272550122784	0.3333073949182908	1.0336161651139837	0.5488041925653305	0.870668606543738	0.3257018486058193	0.3918177376060036	0.316974222860836	0.9059452038275997	-0.04077736421661391	0.8973732711786544	1.4561825296436974	-0.09661429333041514	-0.5572360356878348	1.380542350357864	1.5369435683165096	-0.5609703759459488	-1.0647165086502977	0.9984620308944903	-0.949849567071167	-0.8526698652844512	-1.3681891302490228	0.14399962968890406	-0.27639152668337175	1.25902955356776	-0.7755244755412697	-1.266999561637257	0.20603106940188173	0.6677767894287527	1.2620903434860073	1.680061005477713	0.14513983130672828	0.8408217380637156	-1.2490596992678824	0.06677632275345952	-1.0397613091862097	-0.3623777942812619	0.8368751275213591	-0.6115371387984146	0.8743239762986137	0.24999970127791402	-0.20876450618727307	0.19077910669263762	-0.1540920428559094	0.2586829181828572	-0.04921888262715495	0.41806309665614483	-0.3948149867808191	0.48140156509649995	-0.041136650659135944	0.06581000606610353	0.1234057205250636	-0.23950744071611413
DTXSID2021860	-5.027988346676481	0.3998385878038327	0.2207816663506513	0.6587220760320813	0.08020563321209774	1.1128292142373182	-1.7606654819772565	0.917850740509092	-0.10253935421849594	-1.3433753870728973	0.12176661953973004	0.22058499224975706	-0.03380312976961681	0.12832965679526714	-1.2021911460038235	0.07921949495739487	0.10300338160692887	-0.35920694391483676	-0.5406713305305328	-0.17214552548159567	0.4484674605030647	-0.3935808242154129	1.386247912690731	0.1883470635340245	-0.28337654084506353	-0.2810051255744511	-0.2237334605295867	-0.393225159736191	0.0912223703264222	-0.4785155383746893	0.774448338909023	0.33876212619090973	0.07927859869348548	-0.43649487024100553	-0.4706919599374027	-0.4421452300188617	1.5408818919492981	-1.0268748096632074	0.535224428342061	0.4857147145707736	-1.6403877574940449	0.5027794120928974	0.23800318506935605	1.880832066729486	2.107946890967037	0.2666107889462535	-1.957704832503732	1.76175459870222	0.9143012115045697	-0.6803893897179845	-0.3726460894605003	1.3959261740268132	-1.7333373441658033	0.040660651230176335	-0.08260108202425649	-0.6343222015201917	-1.9246509863434174	1.153977978420378	-0.584513231391616	-0.5978229530257496	-0.4901106820276613	-0.5977347193250143	0.5622217579475394	-0.09933103460199687	1.0144382140658816	-0.34038526916310874	-1.3986749959474227	1.062896442173358	-0.5875017347260826	-0.6068587358182105	-0.16611548923632816	0.599550628192422	-0.33084858765009867	-0.029393572811148634	0.25098772026150473	0.7298732142024629	0.7012347337783198	-0.4239594137991474	0.2286604655323133	-0.18458606560405239	-0.39134753620023066	0.01712136579283829	-0.009842053797066543	0.05878584223420429	0.13093059947652697	0.09144972335147009	-0.2318741349754771	0.3304072642821544	0.09112355847998695	-0.020492564427611246	0.1149231034605821	-0.22204312363361084	-0.05176453061332396	0.08327807503271031	-0.07522265978292218	-0.26815017539580094	0.010315855568641482	0.07277223835788756	0.2132915872804613	-0.04205084372392108
DTXSID0049369	0.562921365324473	-2.5449891362121693	1.7691177868287422	-4.080743663923199	-1.812555971020421	-0.21751705381496678	2.1773702149127985	-0.7062656017051778	4.084330294740181	0.12416601654312179	-0.2927518197483536	0.5887580134350014	-0.007906991028400577	-0.37632923733912055	4.3188238357661275	-1.5189374894615941	-3.239819431447748	-1.277604536253455	-0.04724218284640499	6.4371493825614206	4.8360706886939315	-1.1761017693056348	1.2742740729731457	2.423507536250127	-2.9201631841821785	-0.6063912440573374	-2.2094831987276047	0.19459273766316268	-2.0692241204255972	-0.010674386006357638	0.35695544982937	0.2227850126990262	-0.42017523208207813	0.6743408577822787	0.7648717026833484	0.8139986666579859	1.8178979283769274	-0.13155212571755992	-0.9646490580267272	-1.185566672908223	-0.49305520654578916	-0.5863973501651122	0.18251323472124556	-0.10836744618292743	0.5128920849629977	-0.33890698040201206	0.601733852489409	-0.7745719521624856	-0.006734853653129	-0.13340517653536915	0.03175378949020331	0.32285410251108326	-0.29671644774343847	-0.5631858362075042	-0.5712350439367226	-0.44214812196587594	-0.4757495520303872	-0.8788303071231716	-0.11891614779075793	0.8719565306208057	0.010298825753828207	0.5114113390591362	0.5791002272243277	0.10493973784350331	-0.9604348682262319	-0.017354586835679447	0.4598005304509429	0.3953208568750345	-0.055514423763179645	-0.5397225356092533	-0.22818536936756698	-0.6483213476304452	0.5294269093542308	0.5238453393966807	-0.3322594397498594	0.015907499851647258	-0.5517067739574407	-0.5267195229697768	-0.31426475396159637	-0.4104240957671929	-0.1239553437287381	0.25941164137565637	-0.3239997981308688	0.5689705300317054	0.8603276019264173	-0.1011617458732752	-0.3080616766815595	-0.40647372574128504	-0.5611819881738026	0.5737129897663538	0.6229147301379947	-0.9591697061906221	0.08277749319536847	0.3115015883296951	0.2137265284627589	-0.2481246160634084	-0.19205759260690417	0.5323549408799508	-0.06217507160265705	-0.5585655065169018
DTXSID1027899	-1.8176469412886476	-0.08293897798837142	-1.753525427595596	-1.4345603615839553	-1.0004984388088756	0.16162376671522205	-0.5257525502725172	-0.7045918449603447	0.6368408715307528	-0.08874407497533122	0.08609343463177101	-0.7574589231853489	-0.6999549289938438	-1.0821244848569909	0.4625817385802319	-0.05917416031959651	-0.026079335778521028	-0.05379536968375374	-0.791604355645739	1.256236118324623	2.09974792403448	-0.8580184402276421	-0.6041772004511601	1.7159068770906793	-1.3738346381450675	-0.9156008002679004	-0.2735727076213615	-0.07602941643853853	-0.626442802972778	-0.4283509421545009	-0.027131251753900312	-0.12575450392888513	0.14232978245797315	0.8193302971337176	-0.8527401614174998	-0.7356730272130523	-0.6170431409152795	-0.07431945244647213	-0.4986412588839972	-0.12944420472807816	-0.5518069645874989	0.1795985547923733	0.20542600136026268	-0.9623478833521056	-0.0025546772195890943	0.16021937129775074	-0.5739187661422425	0.07930589706138122	-0.24839231488494587	0.0318438057164702	-0.33725122622550907	0.012061993718217453	-0.02322423860358426	-0.36482956827448676	-0.9818255366937536	0.2960530271416041	0.7997482644660472	-0.5380768575654683	-0.6785025537807768	-0.03746337871403574	0.6171950790585559	-1.1301170380720917	1.0259357763512746	0.07770359734591345	0.6086590197156531	-0.010797470285332645	-1.0817701850746217	-0.6164467281176599	0.24430074979131294	-1.0347964341652103	-0.7317077795291569	-1.1880495854065702	0.9427711101334615	2.319208939098444	-1.1745907198945817	0.6731852479709052	0.9682482640137426	-0.3280227653615291	-0.03383953135227191	-0.5563297475066079	-1.6066123234528833	0.5861111581666966	0.9129314446879103	-0.3661353548778886	-1.4232710792873462	-2.4612776775609433	0.4366607421826425	0.910936229964168	0.5246233021554728	0.40426433620804325	2.0622039569629917	-0.4388498216364495	-0.7793678587065401	0.4124153422072836	1.1560969493301843	-0.2931657727882455	0.10659445324648406	0.42142697426285264	-0.3923955803558484	-0.5015691511834235
DTXSID1046920	5.2250269775472	4.95845538736974	-1.1555737788993798	0.8889350504702687	3.6239590474487082	-2.1285166273368357	-0.9472960757701657	4.060035834663969	1.7878933472991458	2.4208939059511443	-0.8751049375303536	-0.39749153181725977	0.7961945790287547	0.0014555162204066632	-0.028463034759508395	1.7835336984913983	-0.894080400619607	0.554150396451569	-0.7853394311048428	-1.7589536812167952	1.3009527356325061	0.46894485819610787	1.0706616454723399	-0.285074684262598	1.298801828167411	-2.712980964508299	0.443753582558332	0.513000856720857	-0.4084154716037616	3.2384309753931046	0.07717643246433553	1.4719838710597974	-0.7553620810411023	-0.8002915910173348	0.3116343591917084	0.5120960937241162	0.15301255917338538	0.37142488150882197	-0.8205716389805018	0.07271338182460821	1.9841893466493046	0.41264833780455035	-0.7960878718339295	0.21929177830543214	0.34802431433828507	0.6166501161383091	-0.25326991556580086	0.1463924737835109	0.2050900942590934	0.32013055352260616	-0.13029993132552403	-0.4059534800999621	-0.1136829280283834	0.15296900917919962	-0.23953679027047423	-0.18452138675696722	-0.6107209106670284	0.7113671016690086	-0.7937450640398712	0.14725299261553662	-0.6058980647399079	0.5368074149220611	-0.12776276619626908	-0.15620967793436494	-0.21417533405971526	-2.1356709095818602	-0.9494035628775194	1.0670030029477293	-1.5289849593055556	0.8626067333023608	-0.7522929775687903	1.0639095118540873	1.7898850761443221	1.6290041873657863	-0.09024603569219644	-2.140328836932867	0.8289197902773882	1.4430598072128742	0.2673034922166168	-1.1812908266320752	0.5347241040064489	-0.6893919257549558	0.37104348991937447	1.2659686941033197	0.49110525921939874	0.6707990565795328	2.0973699903178855	1.065440347047407	-1.7511444874308606	0.616157946395588	1.2430793624154974	-0.8967744533433815	0.6892264390166424	-0.10703236071284572	0.003982876976471258	0.8925206980337951	-0.33880839773941934	-0.2737149127674938	0.5082884496320056	-0.8182865909562554
DTXSID7023190	3.951247999872738	2.8507884435393542	2.8782336735035225	3.257993259360005	-0.2517555173955233	0.27381679271476494	2.4748928966645347	1.6381772126584662	1.622863941740992	-1.2669078150388193	0.9747975342879882	-0.3914072732281666	-1.438709050338197	-0.2829583527407368	2.636471034067965	-0.7851530556149393	-3.8536097597238483	-1.144688753327646	-2.1412173505197583	5.3208352611845156	2.436735551940741	-1.4379582333467313	3.178539903727854	0.10886448560024356	-0.25575161317616735	1.9210695018356074	-1.0250626283963913	1.6889778684423813	-1.3153054397994752	-0.32822641576701933	0.009340936982075186	-1.3004922266916923	1.0137074622113929	3.5429940565496856	1.2678958675835421	2.3946760635094217	2.6271760829804176	1.3291033988577463	-0.6094765250852943	-0.7696621574575939	4.7202150427183245	-1.5860946833906435	-2.4817367387169194	3.1859690400265146	-0.46760225012274104	0.7663146636618805	-0.6887946289790562	1.4893272129928838	-1.5579337003187237	-2.406416120504692	0.0118724534177178	0.9152691607805393	-2.198652492889984	2.9413731271176755	-0.14042610159609417	-2.2381953337427976	-0.5605642907692224	-2.4078998957671516	-1.1185762956121195	4.152182622351229	2.3751761296796454	0.49679406071190174	-0.7500668954250793	-0.13641468538069842	1.479710871222899	-0.9973426659648558	2.905339703453235	-0.9018070979108316	-0.7500124262723353	-1.1961758264808098	1.2994544143559263	-0.1924894080805155	0.8728064908101781	-1.6508577203191923	-0.7780616421880889	-0.42521111536378575	-0.1853327483686828	-1.1216121346832195	0.6407845741136472	1.9153472328077017	0.7418848244435352	0.5529155495347846	-0.43463574553691037	1.1745254451721443	0.15420291461968408	0.624334029318765	-1.3673229047322382	0.02166558585763945	1.2197673093438222	-0.5158202031877468	-1.3609459062317575	0.029245528879642557	0.8185004083401993	-0.024172455036509246	-0.3379222869464826	0.596870318602392	-0.09167407997375991	-0.355246632753315	-0.1975580111520899	0.16680131757476507
DTXSID1048754	3.377108337737624	-0.94563826189226	-3.4265373350738346	-2.1297198437573215	1.5902589627667678	0.6436539236979877	-1.5452624845805187	0.38830541116107103	-0.09172588088811248	1.0537828074117543	-0.9757864509059253	-1.8536691598671082	-1.8024660132880936	-2.1178920244245383	0.7159264606212703	0.36769185269123617	0.8206438212533784	0.243149322643782	0.25276049626496444	-2.258267712060224	0.7152163805175833	-1.1546335817776172	1.2475630360314462	-1.3222328438562079	-0.7420904406614441	-0.11648002764823047	-0.17380040657216292	0.07915838484566112	-0.39465213916510217	0.7034756068829346	0.6706186309864998	-2.6104565099111516	-0.4774968974592887	0.6032628827407612	-1.493743637108569	-0.7003740775511684	-1.0353617117673652	0.49545321811688714	-0.1502763328565411	-0.8936564435660675	0.004623903916137141	0.992060118760081	-0.5676807726992869	0.31958877948172415	1.0654430184734367	-0.13784760811177846	1.1372046354692178	0.4371400602823429	-0.9666311615719132	-0.5286817924155776	-0.13783178505610927	0.15234035742058574	-0.33356898365435694	0.032959221242380286	-0.14728699233042103	-1.1506927622394143	0.3428472461213196	0.11996695607041083	-0.13701642821749382	-0.2858416340489354	1.8019540045972506	-0.012345605625854275	-0.7980773554753512	0.5666476015703635	0.44889533974685575	-0.22215537324181708	-0.12097849336473017	-0.02898574856793243	0.5812936691039741	-1.624886889748166	-2.346020007758998	-0.030055494021488792	-0.6525182846864164	-0.7467042723397574	-0.8518658097675658	-0.0012738957663669859	-4.457612511764695	-0.045101236573260844	-0.8848676510798326	-0.3618092086720745	0.039801471610386836	0.9095071291475666	-1.725400688564995	-0.5993123417411551	0.9092526505787709	0.6769058242565391	0.39737077648405	0.8824736000401012	-0.10685751639359532	0.8393886151559348	1.6247884824006167	0.6031233898632159	0.1548432805707865	0.9270461031289903	-0.280553478966324	0.09656511556996367	-1.4208451290898658	-0.03614004447114123	0.061992994548538426	-1.7439887615185254
DTXSID2045440	11.526881882437156	7.230685595724492	5.326842664124322	-2.6798117000748563	-5.552115854203234	-0.9527743805923795	-1.916385019172192	-2.328990793341769	-2.403677282317348	1.0792075820308273	-7.263281632647448	0.0827950814157928	8.921366049045893	-1.8521440128101325	2.2794666208963457	0.3799474209523536	-3.0105484882699076	0.2474086739655654	-2.3757568534920344	-1.794291512921838	-0.40463396378819516	1.0281202521694774	2.4425061395382284	-5.427553725867826	4.073900813476599	3.410778131942767	-2.8929434919605006	-0.047859892558143706	-3.6694149148829935	1.5627425260524133	-1.8320144009690962	-0.9309235494806901	0.49665257602005725	2.025538989230882	-2.139124232854256	1.4786257184416498	-1.2550846790160792	-3.058645560868647	-2.155795143849279	-2.6286467031882434	0.5448309501187726	-0.9420770046721397	2.40000359366727	-1.0991574675439022	-1.8934546097661362	3.3533505007436055	-1.2956764980896278	0.3767635578663488	-0.1618152312143284	0.2398001792252849	-0.6621125030526147	-0.7076725008948476	1.3064472845642332	0.7705324544912776	1.116313325386555	0.3918191810408065	0.40504644694257774	0.24680499358290947	-2.1321440881170735	-0.6088852333382906	-1.2713314138385827	2.404307159964537	1.9597352770902143	1.0243918612465848	-1.5451122156837411	0.8248134823390558	-2.603376036197957	-0.05792439483352952	0.7842886064579447	3.401461550271708	-2.4459977431081237	-4.10876955096447	-1.069049866259099	-1.1467075745184885	-2.5672407712642973	-1.3935629790847999	2.516019521232282	-0.14109233129751184	0.380686809391587	-1.1303478246669514	0.5369595829098671	-2.652693479480241	1.954192313487795	1.1738099408922285	0.4168676651877814	-0.6739817783535383	-1.8081617428572339	-0.5213492672723087	-1.7282663367971551	0.4265003134269758	-1.0752058121720647	1.5430328458638636	0.5552565968958024	0.4504112374000745	-2.243471488842863	-0.7231367359620662	-0.48561361201409264	-1.4798436150493142	-1.2964302048479615	1.4458564838470453
DTXSID6027131	-7.009772966583752	-2.1682351689062056	-2.623624987389524	2.558998410616235	0.9236114231614172	-0.7837568008680408	5.114252084532486	-1.6520382515511767	-0.898343729194886	-2.2297935980491808	0.4995090647326186	-0.9744635894064219	0.9738908385503755	-1.4601693884140947	-1.3787123457419896	1.4030034343785596	-1.3257974883392614	0.3611223789148057	2.3663002578700554	-1.302469068160582	1.797821648996096	0.7058923611175811	0.1875628998771914	0.37427363232338445	-0.8476074101124398	0.547594275469276	-0.003284910266133622	-0.43414051058774067	-0.38431732884999004	0.1966089499167317	0.2948627024704286	0.17206211016371736	0.10409562402135648	-0.42473338185808585	-0.7407740373236746	-0.1564477414078079	-0.2028738854962303	-1.0232122501447285	-0.5200862481846371	0.18904247049185566	0.692344673206375	0.07070653805943194	0.025505421481511074	-0.16811926652200354	-0.1145931675092537	-0.7358219032756154	-0.2587958234779596	0.25466058724529633	-0.1430063328659004	-0.07100344904152492	-0.29853641128024383	-0.1955566610808113	-0.2493876717528814	-0.06711977800547456	0.08123142894511992	-0.29158028227236177	0.7729310513175599	0.1129784519249911	-0.00043288699822587425	-0.025800660160003222	0.008198491127960889	-0.36530781482914326	-0.2967948839266096	0.10376766613499037	0.16741853899316964	0.39899833188186534	-0.20631615112681984	0.1523796276880752	-0.08482895362240254	-0.5731857670189825	0.27813486936631326	0.26892196539543595	0.029621569796557123	0.6519833270708929	-1.1043334937426972	0.2996396786102997	-0.23728215093919455	0.11434089471686874	0.20894881408892169	0.1543807803031362	0.4234149714102676	0.613338594060605	-0.31849778670547113	-0.4338428972953574	0.6872488643527598	-0.29306135876930467	-0.6723725929492288	0.27304645436870134	0.5846047646044085	0.6595798623962447	-0.7015840602491	-0.15924779415460227	-0.6671940831069464	0.033593498370230644	0.3805718587529079	-1.4070269980404548	0.5525017698006617	-0.003963588162491797	0.24430486987240946	0.2058460427644203
DTXSID7047697	1.0983700470579312	6.278584031222437	-1.392844314760128	2.5906389728844688	-1.1229400714677287	-0.792132456682435	-2.875992283314775	-0.7373099682963273	0.8610227531027989	0.5467558804599804	0.4910932716605046	-0.9475434949998064	-1.5688566894626859	2.3722666313248735	-1.9629248092553375	-0.6112708649766497	0.2760209910639378	-0.41925546316531503	1.2939609923510107	0.2877084044625385	0.14182962241724242	0.18176630579742284	-0.09621638469226748	0.4549637795760229	-0.7444240259854937	0.17446854587697716	-0.48620787313682906	0.1905149202094092	-0.1462399394623514	0.33247317683225386	-0.18846831502510655	-0.697193697536359	-0.5488035173769689	-0.5577260769554884	-0.2563807072092537	-0.19680174496458966	0.6903575609926417	0.21440521215209862	0.07304053618402476	-0.08743077333394556	-0.5110803595257873	0.13215697756649933	0.05732370074031731	0.21682634541940826	0.23692021972636831	-0.056652741685621344	0.39034482483811933	-0.006123037645416108	-0.23373205352023513	0.19769566456995746	-0.08670592110293256	0.0962041407282707	0.1272227798821716	-0.23028008852069617	-0.6281117784062914	0.3988432100562959	-0.33176315716383836	-0.2651338691165984	-0.19617572930138666	0.09680588269252323	-0.28991066922275716	-0.16077393253017294	0.8594478104811258	-0.08283429130750274	0.11207588420055363	-0.3825185970622732	0.03347157681474972	-0.8207860616155331	-0.852578963233624	0.6636954116425287	0.5791644174158966	-0.26286888096678096	-0.035073762172634554	-0.5897743534459123	-0.2857066889478144	-0.679740584276482	-0.9464095187148522	-0.5241979293086756	0.10739299059429844	-0.6373485370098825	0.05861633891190962	0.27533897541998253	-0.2641199189453851	-0.5614624840843958	0.002043589253025914	-0.11783218097209347	0.15535802979382385	-0.22844467448294908	-0.08861261486578494	0.1457598085220566	-0.534182938105179	0.35928213882170074	-0.19451912632384055	-0.1482912693676219	0.24032325131333504	0.1287054114493636	-0.06599075092275138	-0.032124884235060575	0.0993887990586297	0.24807286846375715
DTXSID2036588	1.4462572163065837	1.2198569613420327	3.0609944938881664	-2.1454364500316996	-2.608414926963283	-2.963397341233864	-0.2616654848721701	-1.1884924923207916	0.8016302000833851	0.023271524361701035	-0.0755979663391914	0.45347756334370753	1.488049765968572	-0.5689195461115295	-1.273498500765053	-0.5904742376162082	0.6936178056604584	0.10427728199627244	0.06179687346603815	-0.2938453365537984	-0.33371144022031723	-0.4462616043742765	-0.013211563831071992	0.7841996061403798	-1.0784538120984857	0.1683223430458125	1.1547431352799467	-0.18342387035823202	0.2048806205072677	0.6112343715564047	0.36839211113322007	-0.7865839360270434	0.2977306470881193	-0.12451810946286375	0.9920167546105573	0.23592292927626837	-0.04104516172651098	0.3228557837694282	0.4371462747828271	-0.001941746084995963	0.20502432880593316	0.365481892622711	0.18059905106298987	-0.026761711934316767	-0.30054058928664334	0.09253478987715986	0.30509403707327876	-0.22295882889999505	-0.08999092233004413	-0.16788195243433357	0.09895159207158497	0.07426549910817706	0.1975039003028516	-0.06064474361886569	-0.04825239213250136	0.1257275860956015	0.12205581334971068	-0.23545518596586307	0.11005449568221927	0.022559040173830952	0.15714559032194064	0.0067792552604927616	-0.5800547662726832	-0.37162129811806277	0.28298076579863485	0.5869137104762023	0.14638526133562557	0.8352719262003626	-0.5377153393811259	-0.3155054200151366	0.7167980037572752	-0.16886458393599313	-0.6958594791127501	0.3210612619832104	-0.15811746240413765	0.5373740779760123	-0.32231810444268433	0.9646684045728723	0.0283869401114266	0.16055633215389692	0.10610880823365051	0.9274786913128087	0.00945202782910205	0.47119174119258006	0.38681187820053275	-0.0638822055114274	0.1689559164173239	-0.02353190904307729	0.429938505083052	-0.32012831402017267	0.25798620433130354	-0.4420428479393205	-0.08775171788168566	0.2764259081215139	-0.066614021775593	0.06518266082715655	0.3218614688497601	0.12184855256062008	0.36592866356807735	0.17579492243590802
DTXSID8034089	1.4732022234465119	-1.4195137778457816	4.836737159734364	1.744107465880258	1.3458088145143052	0.5736043302482261	-0.23281240293130234	-1.135847303890733	-1.4380246392110239	1.1266690002970605	2.4902096158858176	-1.2896782333952126	1.7590139255574804	-0.2689439068325025	1.7399824221003433	-1.6437946406629644	1.5883807683481566	0.6383702129107391	0.5646397441077837	-0.5712255255316095	-0.07314869243395075	-0.13548236109780573	0.04786487885066182	0.638112545516556	-0.054475985622767356	-0.3242245443228717	-0.09070648101507409	-0.11343630679273818	-0.026568964471014787	0.230619297343117	0.12708476063817928	0.5266049098814513	0.36261435667090536	0.08308882082089095	-1.164816755870622	-0.4366469622668937	0.4175751773610525	-0.9762047855941435	-0.012025296505027106	0.14036619055106017	-0.2261381928488477	-0.14328548951645448	-0.6283425064468077	0.5188068066150766	-0.03579333726666364	-0.3686020668758076	0.13228197133529843	-0.5453037279721314	0.1320599300662438	0.041976903126190256	-0.09367957706211888	-0.652875204812104	-0.00970695964388083	-0.1166464499451156	0.12309970413542312	0.07756698872074379	-0.035979203050577876	-0.8065907805486849	-0.2998916879508708	0.4192834031034482	-0.5779241063307584	-0.27427854108591243	0.27764601103205855	0.5982840966036659	-0.5960538970232234	-0.6202864377489209	0.10387859563460534	-0.8453411363603609	-0.6742074277366302	-0.7884852448021578	0.05173341964821207	-0.36865691573653286	-0.3767368172845017	0.38119454091992244	0.8030690166989523	-0.13717973053499638	0.3670393230020615	0.023627283836377792	0.23144186816279316	-0.3843472817204423	0.5496670665546194	0.05197133559962527	-0.343648527184961	-0.21398316451928642	0.2108629720802422	0.0893530936724174	-0.5696839055173537	-0.3098322595363183	-0.08199693412527459	0.34953491347040483	0.00349033563391237	0.23128809690050106	-0.5325455981224753	0.5672912011259981	0.2829309447516296	0.45780983329177155	-0.29682225043949606	0.09718628386639153	-0.17897445931304556	-0.158683964008413
DTXSID0032314	-4.915865116485548	-3.9788115850220587	0.33040677146423614	0.8073998552547046	-0.8928674984228239	-0.42096871944130865	0.7549769807549491	0.08740113407063897	0.84635650234141	-0.31711519549043543	-0.7313704620042367	0.016747439334198068	-0.1565048634580238	0.13123886999142892	1.1883267443112842	0.11221718914207816	0.17437030569279802	0.22433630329050724	0.6594619010093312	-0.1325493331886336	0.9343713034462036	-0.033979812911187374	0.5469921967659488	-0.45866646095403935	0.6731851539669296	-0.2378095543437376	0.48218082663817513	0.12605768770815867	0.2459867843940509	-0.06290254780479419	0.3635032312686079	0.2140444377221732	0.45451676793846735	-0.273246403202541	-0.4950572390199708	0.17849387079522516	0.13636832732207393	0.12216486933267856	0.12693680946984787	0.21623871103796602	-0.1463921172871062	0.017398816504429662	-0.3260884835196295	-0.19044524388704936	-0.4097010758779794	0.22320436306395547	-0.04059346511349684	-0.09180404668578346	0.08822075540219831	0.3291089005579107	0.030569638620619906	0.008359108659063532	-0.011799524692688407	0.06302400616136769	0.2699705672923529	-0.05412048265578825	0.20990602975246572	-0.03659768574483829	-0.12198652499389735	0.3151060522980116	0.4380972518238184	0.21769225524426267	0.31451658709089425	-0.12492527444726599	-0.3127878940193353	-0.1612916326622439	0.2091349319972278	-0.506745620209522	0.1826398234855557	0.6899347033112532	0.145122541630191	0.21845739698388325	-0.39975658946127024	0.05279385048821627	-0.08043367248006565	0.26536639606934515	0.1429292892554097	0.630823032639514	0.17058158458559633	-0.8785715655897055	-0.33171945102341643	-0.49677136676256317	-0.2722072573862063	0.3728527841191275	0.4024383415203904	0.015505951139088963	-0.14385566067828284	0.09625738654404269	0.2035609464918764	-0.3555557433683309	-0.08012497206566122	-0.12543953462779123	0.11648649888205048	-0.8285618515508592	0.06443191682689185	-0.2836633565807546	-0.4978422369757749	-0.36075784429867236	0.5660238149561131	-0.3327438423363061
DTXSID1046924	-1.991464855132861	-3.487540094813427	0.07577624865877312	-2.3337803698715547	-0.3254484376903034	-2.264884120319945	-0.46841857878813004	0.7116101376337524	-0.5743103202521262	-1.2447444471152875	-0.773108880059762	0.5028835815571229	-1.9676617249936517	2.217197748248392	2.6984447155375606	0.49824096239755966	-2.56477197091641	-1.013044649264442	0.8907407355329986	1.0857011349853964	1.210054962648223	-0.6009930020943408	-0.9335402218293576	0.976288419317573	-2.375311045495062	-0.8007439888844532	0.04571862437621932	1.9217283034742847	-1.1573515248172341	-0.2254785538893028	-0.2704704320529202	0.6819964374584306	1.6112506297964961	1.4006151812717857	0.16019704705519144	-0.14711379327144578	-0.9442005074170914	-0.31740974496891267	0.31065584041256666	0.40743573606136213	-1.4407973404306338	0.012521055042093136	0.5858246356581488	0.16551513899590153	-0.6102416471253478	-0.5575603699735943	-0.3662856227527801	-0.5423009364687298	-0.09748087633819719	-0.06811170005474868	0.07283631584514375	0.02003179322939573	0.23773122198508068	-0.5941162067423992	-0.29028347985914066	0.17210532748108012	0.026087445628277223	-0.04209988448564406	0.07021373241449194	-0.4773496747304828	0.43099640423372854	-0.5985953783473287	0.7743595642915408	-1.088318197034199	0.3077530236757341	-0.2766497932232424	0.24755633073029373	-0.5674435219211241	1.1772530836096877	0.3004207601534244	-2.253338948393728	-1.238886500774795	0.25401967155688954	1.9740756007123923	-0.776248913432987	0.15877338185056403	0.3029571687060777	-0.02138410015946053	-1.5728550275183544	-0.806214049377643	-1.9698797553887404	-0.2744828993288929	-0.17903486631070692	-0.928122789351457	-0.632009490583752	-1.8438868880025552	1.4399278188965614	0.6291854669319769	0.37942971446789514	-1.2892382807730443	0.29355224481033876	0.8108907190674747	0.2530079529101014	-0.34926043199213963	0.11658261774961372	-0.502804050792058	0.22326220105047745	-0.2699362100566326	-0.41618165105266386	0.041483758644218646
DTXSID1049015	16.259144596445566	4.7429316083672965	-4.439316656464603	-1.4101458952814658	2.5673452538610255	-4.863729036534731	-2.070016031713203	4.914932626248585	-4.492621059313636	-0.13783219161009647	12.3530653596261	-2.5693853955922896	4.3039330572470424	0.6556943476576826	10.019300593128415	-2.651478893131318	-1.9501709697705194	1.8707703801994788	-1.4684243434341016	0.3906926912114749	-0.747530943074017	2.4180210062392398	0.8084419263479384	-1.6463225083307995	3.237516161230482	1.6957753635869217	2.284286822483091	-0.3966203505821101	-1.4064522224092793	-0.8104256014004323	-0.41754995420357155	1.7841263427454641	1.8481053431340113	-3.652856055472691	-1.8605834960520562	-3.2648346121087792	-0.1532159216662533	-1.8674911957726357	6.638357823205913	1.4418774711486828	-1.0970070290450946	-1.8563326689766335	-1.2759973717312587	0.14987704018161294	0.6456531100207401	-2.4253095453074627	0.31749163596615315	0.7221023611457141	-0.15530393991853492	-0.21574574502589317	-0.09125261333142862	-1.9640889203832625	0.8766574661392472	0.30157507189315974	-0.7589175553889528	2.167455785467888	1.359442167802453	-0.5268877057461208	-0.4227192245465762	0.07183408592840426	3.5975857237790922	-3.4196162400651797	4.601157626734713	-0.4739466003122088	-1.4264567322305446	0.06779768114202023	-0.6162678329602462	0.8035880118347937	-2.549825491730396	-0.5597137016180401	0.4631674762719299	-0.10726071196462174	0.5362135746637314	-1.8079513326258136	-0.47697222449270504	0.848735950693008	-0.02634799854415399	-1.956328080725746	-0.9108599899149641	0.06417299045723149	1.7789219729978132	1.207290713359794	-0.4431408732592848	-0.4371838250342395	2.0282567345103004	0.1478702494309379	-1.6043666040786557	-2.887914352309759	-1.1473447226714089	3.3646720392742706	-0.5830126768493867	1.5047169269118639	-1.0033980213192315	0.16494801341037832	0.0951299704883249	1.5143347195361836	-2.2273922219496467	-0.1791045072706772	-0.7544662536912714	0.722775783470977
DTXSID9046235	-0.8748959374287555	3.3828913193927006	-1.0605203689798743	1.9008079888765672	-2.1046517371903577	2.202789787195667	0.9309014752278015	-1.413274991844666	-2.356619971111158	-1.702313029923906	-3.1339366375955837	-0.7934147741688906	4.164201381758546	-0.8012703924485515	0.8732351962309534	-0.9112170470399981	-2.0729408310854662	-0.23302502559814947	-1.5545835028607597	0.16611495743928872	-0.9331509331875952	-0.0832871657977103	1.2085089186292692	-0.901594176825628	1.8967421295356253	-0.9190346262676048	-0.916939126754695	0.5058743593679373	0.04407020719272975	-0.7922869810707125	-0.056878586093650534	-0.1617359402129397	-0.025517140683327087	0.2939628493004901	0.03677818825131779	-0.8228128303781357	-0.4913252731172141	0.8795364941075484	-0.46460041565638566	-0.16517617467641219	0.027644600420513386	-0.03290532514127641	0.6009250619379126	0.6254522181722455	-0.5406695078065271	-0.029650511940128417	0.0544796423886882	-0.18450029584373687	0.7734046289847949	0.5377646539968078	0.4427255847150462	-0.16593188102198364	0.43390312983986007	-0.23650886484273	0.19544122849518625	-0.6180453480871491	0.7777617032178928	-0.4990013989944557	0.6026942144199314	-0.7554685497844584	-0.153788242350551	-0.07486839015663165	-0.24904672611071713	-0.8142107974620014	0.10708358300873104	-0.20029780935814856	0.8214240188416309	0.23440511375533213	0.7471737293395884	1.0582746469706286	-0.45536326039403685	-0.11066353964170426	-0.2952910229787722	0.17524038404457476	-0.2651112292571449	0.1223371830441333	-0.25322686106008185	0.23145646753722965	-1.099009694869112	0.1361004714189135	-0.45980712904843835	-0.7224769298331212	-1.308375183159045	-0.43638037693956216	0.009469949022778956	0.7014562862247624	-0.1195236204464021	-0.4394762817225606	0.09363417563826798	-0.07812621925572273	0.42453576267023047	0.9307382022490392	-0.04275534939875007	0.42078384398924595	1.0797199985742278	0.9679611964252797	0.2603868036240592	0.5237051064113708	0.06163284930681152	-0.1843743265387377
DTXSID6024046	1.2393541064769	0.6831112523018512	-2.3695875073694577	-1.996082860940267	1.8063744586628987	0.4730468410247687	-1.4443101431435699	-1.5171406527334939	-2.026808783527693	0.04048750866434996	-1.6621077914240374	7.870954379806563	-2.4344799097429943	-2.2920329979664102	-0.19521654056462254	0.08184377346431429	2.049887642528987	9.366543292221555	2.8526454098650866	4.802397506728188	-1.933183496595741	3.1938781386752506	2.067977373123074	-0.026206861459711624	-0.8270011129556166	-0.5905089648944792	-0.9686190844177066	0.9326873611016289	-0.6232208944179425	0.3080595567459557	-0.6318428817027291	0.4237113364793403	1.034463222242883	-0.11829249593124506	-0.95402916783371	-0.6001046288472991	-0.14842694936517345	-0.11917958966187348	0.2863730742959241	0.17773827852057952	0.9875071054503323	0.5363588813325291	-0.13108735975869495	0.24217808031756674	-0.5940788116384478	0.3494202458868251	-0.1978858406466227	0.10873573214287387	0.18275824390710396	-0.009712599102647247	-0.0202003769706842	0.18399146744858125	-0.23252117685079887	0.4413285695571534	0.5208113041312653	-0.4458467222315171	0.3357354093204142	0.015423101400058033	-0.22225104826325515	-0.43129388663926504	0.25371231306331105	-0.07869214336891837	-0.8978585416221951	0.1562994871998372	-0.08540709283407762	0.09432038079556905	0.25951786761593315	-0.08435656261725313	-0.07847357715290051	-0.1222871123116527	0.2292084439536354	-0.7194221452613113	-0.5319448782850446	0.8722199206935595	-0.19431545416568283	0.5475424827173265	0.14214275811422636	0.4954550182573725	-0.2715606816877961	-1.0545327428225404	0.23055727969058448	0.04755260583664018	0.2476524226151862	1.0281835974491598	0.04643955150055317	0.8908965671925715	1.1220796741723693	-1.3800013388191985	0.7646602566080185	0.464567464442154	-0.18005092979745616	-0.5505298572995526	0.010120724161228964	0.4094278730846751	0.026588645155993757	-0.7600962431432079	0.003318640804722172	-0.15458596904941854	0.18097391786760356	0.17091623138093986
DTXSID0033332	12.891751619998557	4.036542284954849	-7.806454442716535	0.17148698749487884	0.9321231455081309	-1.786728965140739	-12.093815905202362	-8.926570307354888	-8.7828523355756	-4.653105214957914	-8.555941306079458	-3.727760108015969	18.082868746052675	0.7833362720629764	2.342713705327914	-3.6435019891151326	-5.642301736681006	-1.4115422567410107	-2.1672216660520274	2.2600576515773594	1.2607983938075433	4.950918072133836	0.509054393471269	-3.9237148126680665	4.42320882692101	2.3893425051272614	-0.738069053634863	1.6530782120540652	-2.198674966108196	-0.9955626433239381	-4.27538766283581	1.4065825867372643	-0.3406798233485298	1.4806927117345767	-1.1064566065245653	-3.906080754426456	-1.5702328016917304	-0.293898548776247	1.0268530585460767	-0.5431361291666965	-0.23389833070818633	0.6150176125927073	-0.6121861064673924	1.0166584041780127	1.3992546204244563	-0.5219951900593864	0.37134814915009	-0.34833404584514305	-0.2046951583505518	1.2024402445460718	0.5079129332355015	-0.6563335303695754	2.0026256827253417	0.2264779064192463	0.7923566677133705	-0.4239609317567478	1.6041857644067894	-0.7773410186850996	0.5812908776504736	0.081844523806433	-0.45170798460123757	0.7145895060006764	-0.5477143067814072	1.8170098577993357	0.9484836140418903	-1.894596605006949	0.7522879944978297	-1.3427486175818455	1.7620513244089082	0.5708951228213535	-0.4284590538018953	-0.6031869819047979	1.6110342561638558	-0.3279422451156866	-2.889713764711021	-0.122039097256977	-0.5364532651578959	-2.7484012661788633	-1.1530876720034124	0.3592533667980391	0.6711022719738119	-1.0553898110730526	0.7402721612861817	-0.35134866817164245	-1.0824978644765133	0.44181560499421996	1.5679672937380247	0.31768771260773415	0.29350739709552487	-0.41463699546487726	-2.7699978933363765	0.1187576631522806	-0.9585595093890981	-0.2750566201785869	1.113014716704488	2.170400156386853	-2.6235868061699508	-0.41410267320522	-2.144442711886322	-0.2237381364506542
DTXSID2046919	3.882288044071763	7.761216668034537	-2.128717961311115	2.7618599681946	-1.0911603173699758	-0.8116550023157888	4.802193468937445	0.5667792182416636	-0.0631048316440087	-0.5864802477053362	2.2756306959433577	-0.05828760680014965	-0.19214731460326254	0.09159929807129102	0.03734352554237108	1.02536659693138	-1.914823719092032	0.0050260036828297635	-1.3099096402140955	0.12389301959956801	-2.09545636286403	-0.50137098314649	0.7679891569445491	-1.1221919295731169	1.7256512303497387	-1.1318943736178773	-0.5331185313026054	0.32202311924537186	1.4119310698928285	-1.1580251599889446	1.127131724963695	-0.5967609354857302	-1.256001809250408	-0.9626831224845379	-0.12249150913875181	-0.5150613565885244	0.4303153644231632	0.39485124144317274	-0.8001654704750343	0.20208534972541659	-0.0377276737412289	0.1969613010955303	0.6476742962932166	1.1541030864771529	0.17032043317644482	0.10583824330820892	0.1354965011994506	0.013229841119819103	0.48093004059645156	0.6930537006020556	0.2836716266045994	0.3149805071270488	0.09647423378687496	-0.19093565438109691	-0.2996008893356074	-1.7959213809359538	0.4716998071567506	-0.8317155213194691	0.5213177936490172	-0.11159896798282873	-0.34922420618164557	-0.5815024409255436	-0.17089499971547975	-0.38239826798962084	-0.29953052584814066	0.5480303562622821	0.4288560313635875	-0.5622102315195424	1.1800134250118102	0.3405153715201642	-0.3128371251375627	-0.15500549536716177	0.5905345920625681	0.5339627636337322	-0.1144623968572553	0.5811035730737071	0.5747200645808511	-0.5445491408649915	-0.10415596816074738	-0.1622938678933006	-0.3162181730067213	-0.6171920594074586	0.033774844575865416	-0.9977461237830677	0.357470886636071	0.019030582037415377	1.1754474249094635	0.9010109953100064	-0.42336274908374516	0.48824306378506477	-0.15465550565743622	-0.8477424933324802	-0.2503090165453871	-0.6992414025379668	-0.4065304511442189	-0.7088382940630138	-0.32795699545235696	-0.6689099620249344	-0.32079582284146646	-0.029419185324554765
DTXSID4026684	-1.1820826910216555	1.8302669470689656	3.277530322911439	-0.46713086799305753	-0.039776637271755406	-1.697797646205076	-0.9797052535218732	-0.8868707575342426	1.123362383322304	-0.8629126693289497	0.5851727009370923	0.07830966280418127	0.30768999455727625	-0.689081722481944	-1.4381918708909258	-0.02132733701752829	0.5320983986414217	-0.6148269177386791	-0.3331509859472771	-0.9156716254661316	-0.4011928304762143	-0.25074467969118613	2.6446670395149994	-0.06593642372872509	-0.5486998474579055	0.786247041975037	0.017420314235073724	0.19393134436568119	-0.09734692004994303	-0.30782445299151917	-0.2083974971206827	0.09671498155294762	-0.4166383319599738	-0.19483722637016854	-0.206551148823901	-1.030525053605406	2.2474297752505774	-0.9951257896734428	0.5927487669630792	0.5435284555170025	-1.7407467997316586	0.6004060107046866	0.7488505379973708	1.8748519728646424	2.4903105975896476	-0.4149785212654836	-2.287902812488364	1.273056873807223	1.07436067754373	-0.7209919339037654	-0.006289013257242028	1.3658123147664019	-1.2698669883883247	-0.10349763721249433	-0.05367498783142517	-0.7636011754434668	-1.5578911401049689	0.9942479911536026	0.6871051942112575	-0.43663267346717666	-0.19738248987076268	-0.23357713533129662	-0.35522568413614547	-0.32530378244371133	1.3282722282406287	0.7283910000278385	-0.5562136982504539	0.3678931284382143	0.37397043685837156	-0.22135788679587234	0.11952165069186903	-0.1550470400041187	-0.1552931088937532	0.3095948533651934	0.31371353392499157	0.2521304919020602	0.3276719954477999	-0.09759067265708922	0.05159862446436019	-0.49470653760737004	-0.7567211885875126	0.3167934293994472	-0.39642820628081243	0.2202464634193606	0.25550083983300026	0.01739944431827214	0.011212988740083607	0.07954258086924669	0.054051635370559355	-0.25715921344926157	-0.41653665696789244	-0.4477355806387245	0.01512348140000854	-0.11098316701216693	0.27664685307624676	0.12729046569958208	0.16250834978813952	-0.05718071631597216	0.021568733895611106	0.07624561207461039
DTXSID3044883	-4.5556606293238655	-2.6677309892573335	0.41225768253598566	-1.7249592475109559	-0.1741453798004931	0.7016315854005604	0.5137672521275354	0.37677254979678493	-0.2317691937946787	-0.18378266246550365	-0.8745904664538832	-0.20006928825428918	-0.3500249648411551	0.13058666667336127	0.3468641762362246	-0.43098765088709795	0.6046645609822333	0.3861229933852616	-0.9065863692933925	-0.47578263228639533	0.5007561184144557	-0.1707494807414067	-0.39709680261913677	-0.18667623517130474	0.2053904906985616	0.49561193792728114	0.3342656590722868	-0.40993517927427203	-0.20464460589793051	0.07333433495018186	-0.20502152042071733	-0.302847989918763	-0.22900525837301505	-0.418666755750665	0.036159680237246326	-0.1968974825135008	-0.03455808451465045	-0.11111448412011883	0.3430237593361498	0.6303608660446978	0.19175644787416898	0.6687010289503303	-0.3356518359232981	0.5747771596702287	-0.036579673787474905	0.017928837215078954	0.009960959884632638	-0.14380008793717342	0.032669636254010585	0.09990381973211723	0.28862436190983826	-0.056414992472445476	0.41351506721006365	0.0473431539680397	-0.14411455858953745	-0.3599427330311578	0.391097039994167	0.341647798599103	0.19594031899168465	0.15671428717506547	0.2413018975700175	0.40981460741938697	-0.38801262842042	0.1563875127421093	-0.07106488827893383	0.14909844870597838	-0.01680205368159484	-0.327339276031422	-0.29394314882058586	0.5831971953589546	0.03000767605965937	0.5504043224636714	-0.21852886116648235	0.542658334662097	0.08852366812891661	0.17306290282372833	-0.7465839368600338	-0.4930500556952863	-0.10879041227119617	-0.6535814216734662	-0.17974395251515926	-0.7823729836096508	-0.004480351031373507	-0.5134083086971303	-0.2832485133571533	-0.17583551307974374	-0.4039361358601074	-0.2959686359495145	0.3346388259457763	-0.6208875489369249	-0.409903268044664	-0.058763146704422405	-0.4518026377914862	0.5501229061355732	0.4889145570851331	1.0694030873439995	-0.3461996338629966	0.4555882639082263	-0.663378464917559	-0.37241076094929226
DTXSID90880131	1.0516650579693652	-1.9647301750633046	-2.7839659666963237	-7.258773046792635	2.8861002804099445	5.795659263752288	0.16998363765931637	-3.096745047687647	4.722441992136221	-1.8390315039532874	1.7737436852139805	-0.7696476868527035	1.2337560725784027	4.538966169609022	-0.41367216316529704	0.8627098263354177	-0.7813563145183385	-0.5842952120909742	1.24406836750373	-0.9559543211241195	-0.9061760629288336	0.521393618359878	1.4174619901599226	-0.07263798911865006	0.04715698263214831	-0.6422991370039126	-0.5143163398110837	0.16962999529001363	0.20778498606380252	-0.22845773367066777	-0.7922158487520711	-0.6692079403777369	0.012128442315703834	-0.18133012251067165	-0.8746428564868565	-0.4422351795122927	0.12822395822879062	0.09973124828368381	0.15508896413526826	0.03689064982253589	0.15900205321162722	-0.2941786901784843	-0.17001546698400571	0.12883587996097792	-0.2906451191805238	0.3962444412822432	-0.04649247613941055	0.41647859590028447	-0.11110190632518444	0.3080704859110752	0.019388978789359003	0.23281258137152522	0.14154158459981095	-0.06444031361001774	0.59953828355378	0.11105415361797308	0.41576375656296083	0.5057473064546592	-0.4457488036687204	-0.012664494124697523	0.1988108831846212	0.3066945877072615	-0.1877483798651792	-0.08898799476211726	-0.008800121935224375	-0.5824861530882309	0.8354204898753913	-0.39056946331801284	0.014972439236636388	-0.11915730951786564	-0.17685813813651638	0.08136589001416411	0.12692261210042383	-0.05988086868076415	-1.3502568605389016	0.17652477324043786	-0.5158357144793281	-0.21267524307533225	0.16603429297334532	0.017790479494237166	0.48565647087391345	0.16903715763221314	0.29083534661583654	-0.3215730179046792	-0.5393424538746595	-0.23548421789720766	0.23416061571428126	-0.4658562765468781	0.24832338028475645	-0.3722838125291555	-0.5046283347617955	0.19370723173941898	-0.42630774409630556	0.5732475974836768	0.4737526062024677	0.4728480517571912	-0.8014725407988211	-0.038741119695037435	-0.3219245028376527	-0.604992944715924
DTXSID2044769	-1.9573308429694942	0.6468855609690434	2.8604852825684968	0.12637065492662916	-0.31771886429954566	-0.7504386973587396	-1.031798565451336	-0.6180128839276688	1.063901196591719	-0.6570991718434839	0.1578627404449024	-0.34540500527237333	-0.18627865142676017	-0.2956236156415918	-0.21867846439378014	0.01692026824091823	0.5646188763968905	0.034989364349337714	-0.30240553258081776	-1.1325016400939594	-0.12681959939519458	-0.37006103695698994	1.6403387424552562	-0.4153973119882586	0.18785673336304626	0.04959522981096946	-0.17713396144855093	-0.4338936789675709	-0.18772007388527434	-0.7070645991216197	-0.27557912263354517	0.932372362317877	0.36822760742205146	0.3017570747353386	-0.4738028706245177	-0.7613954021344307	1.3950350558455835	-0.7352110875690604	0.044605544267058046	-0.5216104665306036	-1.0768982318276905	0.6478954427291842	0.16648292638708884	1.363234927656493	2.002033705823118	0.20405261077198614	-2.1833778472634453	1.5818615155522993	1.0162996259431845	-1.062458450411119	-0.2739008723933686	1.319086012470675	-1.4736042393701252	0.017531305157420282	-0.11787944184982385	-0.5919209072565799	-1.6617243661939258	1.5807123867489212	-0.21345340051002407	-0.48537382927730316	-0.8097338604613548	-0.1850225951396105	0.3171305942951537	-0.8257702168230304	1.087758223053073	-0.32311463866739154	-1.7120035306494463	1.4047119623012114	0.18007484458798909	-0.03610018294177098	-0.6133749349925282	0.15864407533218336	0.7177356696992028	-0.2995637478408451	-0.3799032964999135	1.2634495853815402	0.46311991337296143	0.3660029833017517	-0.03334291628979616	-0.0015435475980599856	-0.4869923995169986	-0.378188372416089	0.310430352349595	0.827489361852619	0.012963119178752465	0.14583426615295864	-0.723333937696068	0.10130213031290708	0.09413434439911034	-0.15830534391275472	0.003257315665063354	-0.042117018064265335	0.23855193703163732	0.48621998735738814	-0.4314865366827699	0.14933774468233463	-0.0428914108808497	-0.010232297059235604	0.011277978704371031	0.10732885784618043
DTXSID5048845	12.424832379259671	-3.0252679976167522	-8.737362577627648	0.08093730682161814	6.548322389958372	-2.963766594046046	6.574232796166022	4.091062836328701	-2.5546954164006297	-3.4565575256261267	1.787992244598172	-0.2381329631222451	2.5370287615492892	-0.029345997013850374	3.9970644396662687	-1.0747573574424065	-0.35767827956640386	-0.9642884336436911	-0.5323272189272128	-1.3334185129016507	-3.4990956242663174	1.1357308328259657	1.9914007558487092	-4.319115407635226	1.2558208804885749	8.69607378658954	-1.4050438158262588	1.7288692805378163	-6.65871718247633	5.6768442454258805	2.883105903076698	-5.825773190497239	-1.7548860237457464	-0.9690145800351381	-0.690360294957125	-2.6940180609271054	-0.6606981754209524	-19.178085097915183	-1.111284169694808	-1.0925738848817919	0.9326454482401942	6.71043378683577	-1.9505963484294973	-0.8913141717606867	-9.677088555876882	32.82508691619815	-3.129977069574041	-22.337201578781038	4.855961998679784	4.860964589881516	-41.81467282707931	19.67142449151348	-6.100078994754852	-4.0612351455499605	-9.943946215085976	16.07779606826208	-2.060862838941079	0.4847575635565272	20.737792311426823	-1.0259063514818256	5.234508077927755	-5.303462082044802	-1.158125000174591	-2.4005511671432487	2.467959831360366	-5.3988545265092025	12.225170668767918	2.2901820248296443	1.4905149298468015	-2.697955060068385	-2.681124945585737	3.4432400104107406	3.6755522703526244	-0.772051027258093	2.2743149389003023	-0.1610693613722986	0.7106130586987985	-0.8944240015865835	-3.856321225337478	3.1344288113247702	-1.7721060131492943	-1.3733898960422897	1.672403556538034	0.19150735521722184	0.6870649618023311	0.06071160255142042	1.7841867989842504	0.2792207231665076	-1.2939917369086251	0.8072166015650103	-2.567452536796563	-1.2999523629399243	1.4686634669747318	-1.8578833014967306	-1.599194210583622	1.94514876817557	-0.7888878751307083	-0.41241718127965704	-1.022088563666015	-0.9765293102404217
DTXSID70276659	12.954794205956238	-2.4425346446864973	-11.421773689291962	-19.176430279024185	6.201006655832759	17.771830117867484	0.05173098152254016	-7.064913886144382	12.220842433050292	-1.631311638587916	7.806782028677931	-1.2655974978546245	5.792498324994268	11.213428233337106	2.163723855083702	2.9983043186837945	-2.4593782335746357	0.2089072324997716	5.890638240874598	-2.7983207554300233	-4.120033151729673	2.2056603117273443	3.418239939948819	-0.6191319804416784	0.9595524609982933	1.0026786831323922	-0.5043220006526814	-1.9332085431395991	0.5393614336515258	-0.8949666584616907	-0.5883034914186156	-0.5378752390403709	-1.0318264913645563	1.9393953017138814	-0.13248043991807767	-0.5958412686851428	1.5339461658955837	0.9076119869874977	-0.7824774487294801	-0.5384082802409571	0.3489789689981795	0.9685632030248073	-1.366045067607279	-0.40013188312373865	-1.0595127586783355	1.03193485368625	-0.8089945800786557	-0.3284961717290289	-0.5677769432721891	0.14485143564919367	0.1529235789312342	-0.023065081099605672	-0.5882924292655535	0.02630593835041744	0.48209274984107076	0.27904259544370263	0.9269781515613432	1.3337129264128171	-1.8251604526615015	0.3280465983330133	0.05716141783522132	1.2470385069295014	-0.3652927729323992	-3.185045876514567	-0.2002903975954705	-1.2022438475374986	-0.8765052419508395	-0.05288062779111114	0.2730460378650554	0.12303750679094244	-1.558399135890147	-0.16996820351394087	0.8703423305430892	0.006767856043869485	-0.7494168328368411	-0.3236145350966915	-1.5255460289621314	-0.31473441609765296	-0.1533918251039091	0.6990278211198603	0.4335068773622925	0.1423881198986508	0.31350417968688365	-0.1077092407015944	-0.5630979221802189	0.16642241770605967	-1.1710601506409934	0.05530997594549288	0.8040689043194779	-0.1783037735819348	0.5130183314335736	-1.2816395052924854	-1.4319254861074118	-0.04181765334070843	-1.2641633895029645	-2.371651897264317	0.733411077249474	-0.5586362113505123	-0.39257875762073946	-1.3263096480828862
DTXSID5049077	2.6079283690593376	2.976012051749635	3.1395048809495942	1.093025404139823	0.05337767496892024	-0.3667102916856101	-1.4918058244434287	-0.9097502719212266	0.2838001586583431	-0.1506332059075885	3.8353165790812263	-1.3077881039588795	1.4947963379120064	-1.5945979713298015	1.02141205919628	-1.5160776660677553	1.0215442913928283	0.47627468107180004	0.6375329981758624	-0.3463705497234006	0.5393308738974424	0.1168552956723968	-0.032654454640960805	0.11993605700311848	-0.25609685863102055	0.9779618905186382	0.11831067178639075	0.30412298457734077	-0.22413778006703294	-0.0837881567683261	0.2625641938815358	0.29784259128074914	-0.17333328209209165	0.21120681939455452	-0.4372945474290743	-0.5494607922493162	0.07098329373782786	0.7372529852130199	0.32555017817772974	-0.04696410271736839	-0.04538677600652212	0.8670487388293953	-1.0468874582844412	0.23521976070862896	-0.30775854800241814	0.4621994453743343	0.4895735286639947	-0.9679871360087888	0.14007175304902972	-0.40829230273453565	0.14560505766536808	-0.00545997834888006	-0.20018813034179359	-0.11118219567956968	-0.13608403369288327	-0.6999660156182844	0.2781384318954778	-0.21817875530574513	-0.6223929320522182	-0.1273509020663725	0.09851337064721383	0.08174158101634824	-0.13813129735093918	-0.8564682580157645	-0.009062085054013628	-0.3987322720628376	-1.0407718331347158	0.038006608853533956	0.34943362595951916	-0.03480393810866211	0.1873822088658171	-0.46844721837478676	0.3946160164925665	-0.2970605690719135	-0.22195748071012822	-0.041551318462710395	0.23471724814240963	0.4903492573993405	0.22688658289326755	-0.36102065080423	-0.44891692251642723	0.1083669217782436	-0.5747767592894708	0.15862537756276238	0.3582472478516302	0.7004764341668086	0.13220636381415504	-0.173768304143947	0.21833012768602522	-0.0717185942064519	0.8568608322424394	-0.6988900888962359	-0.6820368610787375	0.3218146009128871	0.7659812750497654	0.4643931161891703	0.14440830773323124	-0.3580491553004442	-0.159689588182618	0.7157229734512999
DTXSID4046446	3.783116150183118	-1.5077064813901997	-5.466506311343707	4.859108729847922	1.717699335781237	-1.862862170968008	8.647126554842563	-2.192837191439233	-2.6063382224435654	0.5105531677754214	1.0062592889231015	-1.112628232948707	0.6645525860434969	-0.0879225874523363	-2.750130405242518	0.512024547802701	-2.417776507931026	0.7939796325634128	2.0225078219126114	-1.2950158982718791	1.2290007672894463	0.7007560715923218	-1.030443665558256	0.09120735089923587	-2.179633095778424	0.8625782376892032	-0.6733839714681195	-0.8544917508760291	-0.8822046464013551	-0.06065339992632795	-0.3518501945690351	1.3409301341601103	0.04509577271313285	-0.11767718069446027	-0.46187220861343264	0.20203722072531285	-0.47683194563071346	0.6589506385979067	0.1172893567782729	-0.3564413601013163	-0.3777012429735726	0.14042984767687772	0.13894497098052677	0.1349861858293235	0.3354205206488446	-0.3720359402979982	0.2019921543451729	0.18375853315175344	-0.43480691730924276	-0.13682349441918604	-0.4861638556849871	0.01785619985483692	-0.8780677655816881	-0.06311771976356054	-0.6024103715203656	0.4764882182603897	-0.15836552109937435	0.704830096793202	-0.9276966954419991	0.8016894293221712	-0.08719376167946534	0.3335229381920676	0.2227699035728153	0.07394092822270008	0.08133460946188324	-0.1954292961298599	-0.30108051168937516	-0.7472618497646424	0.6317778806089294	0.3256281087814116	-0.45713581823991867	-0.9648668955613271	0.09531655343127574	-0.34353523357204424	0.283907690729262	-0.23117554752682123	-0.07394617230043866	1.4723818985920911	-0.15157705916993947	-0.17622013984955365	0.5213675384342416	-0.37974396895761753	-0.4788961193521341	0.3255689726929443	0.053909074006733455	0.8495161815878821	0.8165696877967364	0.062263931575304104	-0.7947660725751199	-0.35559873028713573	-0.41352687429387514	0.11959179270838614	1.2316670100005649	-0.7208306170118801	0.25876565188613604	0.20442682416509614	-0.3181679887971941	-0.33482936369022626	-0.6752387294928591	0.16745210251897502
DTXSID6049353	-1.392325217940727	-0.1662159915154993	0.8265848984151077	-1.8459728606660017	-0.98875736951078	-1.3788069995082137	2.172739331348533	-1.8524830811930464	-0.47837082808710835	-0.8694444909677904	0.1079425504450071	-1.2220715213111504	-0.7438338625636767	-2.158237623199269	-0.3425461108572337	0.01393596402828538	-0.8076468914859735	-1.0239802083846017	-1.0390507026656302	1.0019897150529147	-1.6625179244536374	-0.8421511213549143	1.0720372678082746	0.03276521481157471	0.36949422259915576	-2.425897744516628	0.9912722361409224	-0.17861408563352044	0.8720224304489894	0.25955126148580576	1.2875507903538133	-0.7358579960994914	0.9393697946153109	0.2660498433111152	0.5227800179041008	-0.4792328863265916	-0.46479884142431943	0.434388178660817	-0.5457453325763814	0.1492914267710256	0.17662816840626006	-0.7259890086626225	1.0618676799450644	0.9196859759800473	-1.032542416233883	0.2453459230380383	0.5345227359187408	-0.02454919470037169	0.8117557698920873	0.7371886422933227	0.3513431871214522	-0.11089431136837698	0.23311425496390298	-0.06741118850066274	0.2055610379740857	0.03140990270420035	0.36736972882645125	-0.674679505836748	0.04415586812113498	-0.6477846215792584	-0.5262956521518263	-0.6646843700958202	0.4534718936053877	-0.6108964459595435	0.16793467110592714	0.24311164894611062	-0.22095324260861265	1.21272153759795	0.05963988089731471	0.47334179051778147	-0.3717477148981563	0.16390185815965014	0.17331276180861088	-0.40230395630784377	-0.030970775443835127	0.5982328912811462	0.4602438997887112	0.6163349040777901	-0.598867454186403	0.4273404343863929	1.3078527207330186	-0.5876731670339841	0.6265768697638241	0.3615593186313038	-0.46385702550041114	-0.2117881435922198	0.6264218743518046	-0.3208389661773091	0.000833165053550175	-0.3991914400548094	-0.8506585463864438	0.28527332474777733	0.03579308374032979	-0.09749035621268337	0.06689469447004695	1.1452739197122699	0.459860584011328	0.0338387958836734	0.1292379435142929	0.7713886228794216
DTXSID3044835	1.4846160907683752	3.318742193580712	-0.31518383486817325	0.07513210879837248	1.7671246057171859	2.682270523105048	-1.1644641201073724	-1.688416750557112	1.1979938051869583	-1.2654312048568204	1.2994346398804886	1.2499021065958567	0.6237937497491285	2.913092163559182	-0.2302725570670972	4.5055645418741195	2.6859869014777544	-2.034465789932884	-0.29638216394826244	2.3905816428400217	-0.3474226988357102	-1.544454352295947	-0.20796153484005614	0.11008532070243937	-0.29572570979593776	1.6757153489580787	-0.104663833271675	-1.5044817128648906	-1.2049886163258239	0.7909448537042995	1.355010613575076	0.5321950807678554	0.10948606255588202	-0.16956529567766934	0.4431898377925509	0.005355246383667405	-0.3142548451176566	1.5141205125813086	-0.29584571195645926	0.5990963850049263	1.317159733675759	-0.11300462939605617	-1.0162564570453336	-0.7167797239549609	-0.12424260180129482	-0.9030455301498379	-0.45594184491227024	0.5238925341800905	-0.23620965716510542	-0.21559511558045377	0.01450370867741402	0.2475096419487248	-0.6700685235761793	0.04364527544944829	-0.45063952734578966	0.12658561740050023	1.0590288103131313	0.6903884763106357	0.28371431745492814	-0.6164007725539681	0.5079638583299136	-1.0213801013797659	-1.3698608824427345	-0.07348225555682546	-0.12340339365278899	-0.9851813318495732	0.4529847423780465	0.930263912710072	-0.0754211709856909	-0.02261301760131553	-1.6642419691035233	-0.7227306060947234	-0.8596500914432308	-1.0099920524077013	-0.3816470687396726	0.3817848835539546	1.0826825565861138	0.02666245838740153	-0.06205689433338478	0.12598730641119912	-0.37554888798992636	-0.2711719380930411	-0.3160849552769646	0.46068653965324874	0.30224524905701955	0.3663386009641205	0.029984910494187295	0.5521488170969628	0.5145367167341395	-0.39346983844464845	0.4917670175181907	-0.8901910994339663	-0.07056409252900969	0.33550708373073174	0.07576876301200318	-0.34467736311397495	-0.40149803254576544	-0.895562770903707	-0.4493091901695773	0.28374821934351435
DTXSID5040750	11.718028189315547	-4.125627212395778	5.8368745143820115	5.228447040412894	2.8052800118541894	5.135422971193779	-0.7257195068712468	-0.3193651429142525	-2.169914019946887	1.6225882826153686	0.6906581860613262	-0.574747616915012	-0.0763596942332027	0.17680536239033265	-1.5624699266220605	1.7857798932124862	-0.9816920838493053	0.7307616830250983	-2.1337675130094045	-0.24968214997823812	-0.3477164367605902	-0.8793125192234117	0.1588368342143764	0.5085421722624073	-1.7585244035968466	0.9260165981807531	0.762627338080647	0.5927571020560687	-0.10399126746654194	-0.02435822962793402	-0.3294813795357352	0.34082643760534587	-0.15818729389310435	0.01582457331993526	0.4999687486375598	0.3996057316471054	0.14351098643331403	-0.0545624154175184	-0.33331043307458597	-0.33606463464586583	0.018067183185163434	-0.048008489227526686	0.3307983465540202	-0.0232804086719636	0.1712533449138294	-0.5537835968840962	-0.17893433076873574	-0.44544551561197354	-0.02477521698887005	-0.2286925559650869	0.007789651016387688	-0.0512316300236535	0.07180767528387118	-0.0773153088801813	-0.4499215195904814	0.14108178335688154	0.2448040481538418	-0.03402647459581182	0.17739593586391023	0.07787046626671087	-0.6452395202205337	-0.33456231232791317	-0.12670962759814308	-0.08932805162358183	-0.359582863336514	0.5290801053971771	1.1322976763905979	-0.6769122807146778	0.39494637905783303	-1.3633217944935763	-1.3577314051165736	-0.7818184331816249	-0.4479562021387789	0.15114260291244003	0.9148302150744758	-0.49105790468555555	-0.10758853393100729	0.9023291856995104	0.6059454958524744	-0.6928355578732242	1.471463917458628	0.8083059886186553	-0.5308245177941517	-0.08992967485938727	0.10151618531304166	-0.2810900424611023	0.20952466230932085	-0.6521798092487391	-0.24712048716080898	0.0934673411267783	0.19012313057728347	-0.10154731094910352	-0.07166151054956535	-0.16545259639316762	0.05856337067128664	0.06422582450612539	0.3278591270010111	0.7722776020308387	-0.1441913421000121	-0.4416484925289831
DTXSID0023377	0.3607919241238035	3.6789903296017306	0.4702484090633601	2.6798840483818545	-2.3179609155168865	-1.4993860566138777	0.5939072040351624	0.07156887039996297	2.156231075395306	2.402576450319251	1.4321096363958243	-0.6826800939502703	-1.3678630387426716	1.3938228400373347	1.4619375316127012	-0.7980518478082956	-1.213911697183816	0.10173838183501552	-0.2633683233978649	-0.4272465387032718	-0.38770633375302826	0.20539680710467545	1.3640020443534338	-0.3391531600634556	-0.2584451782433495	0.1889352321475278	0.5785044713158063	-0.44910025554536315	-0.7015894603469426	-0.9140095315893977	-0.3238413221174596	0.6113959668297554	1.1419237168805956	0.14807430280326575	-1.3375811654675973	-2.117047985296338	-1.776593143514882	0.4183171159079194	-0.5751100234915596	0.9499457219575937	0.7681613141599	1.0362537870388218	0.5093139922224991	-0.7617264800446305	-0.06724532704527644	0.5035189042483036	0.19491035155465586	0.5420315908493919	-0.1105073322005136	-0.4551985589535311	-0.24790132576678378	-0.151952623767369	0.2657231682023252	0.20872763745910822	-0.08968804253007474	0.1438749351901078	0.6577010950849308	1.258017560151502	-1.2744161454264624	-0.7788648120889093	0.6963911068134668	-0.8409258432196293	-0.8488832602439762	-0.5909007404296112	0.9746369940445905	-0.170339078553778	-0.6943738318437174	-0.6013702469063358	-0.07852271741969938	-0.28523857874281794	0.8700824517788956	0.5743315554958937	-0.432337529778393	-1.6800335969867144	0.025970959100020414	0.03715731068691563	0.2242644914753144	-0.34535891520371653	-0.5507308106328068	0.9855082336859424	0.5939307347448711	-0.42595785664290575	0.6718922918855643	0.4560942755867517	0.24535475810064883	0.4192016854280351	-0.33648774042710283	0.7590901940156363	0.2587786277929268	0.10251974502460472	0.599247911685567	0.3993690230243415	-0.3300839230709775	-0.07427022510698385	-0.4545602029023137	-0.059484737582972846	-0.8709828660884517	-0.13470286476779766	0.3100910471107375	0.37298112123954164
DTXSID4044903	7.396714330092366	-1.1534765791664015	0.9336267349032353	-6.547540033268752	2.262349717858779	-2.2299345392294465	-2.796152445379446	-0.38410738597786076	-2.116166643053351	-2.056158708192438	-1.5427248341320807	-1.5432923104314127	-3.97719057682589	0.4499170152432868	-0.6585630572501646	0.8411275338156193	0.4575926522991388	-0.7848808413539495	1.478481269946948	-1.641184678903184	-0.4025347413505795	-0.5102403211038375	0.8312513797761572	-2.3773910294992273	1.1066840038756662	-1.284883396797488	-2.045847815334985	-1.6775428907937107	-0.22414180498843966	0.6459587905006957	-1.0111285654366111	-2.6299031412510034	-0.4070280077344704	1.240248641444333	-1.84733451209399	-0.44229572780072607	0.040000767147601285	-0.4727866021955343	-1.2404351817084838	-0.2899971218432356	-0.12976215666853408	-0.6128309915120553	-0.5400642286853241	-0.29952004086722295	0.5404305476086908	-0.8769926690688146	0.08523310779059179	-0.05929987193653136	-0.8786520716411396	-0.2321662827395844	-0.3593512989668824	-1.085546291621841	0.08262709031620866	-0.5929893526413469	-0.038798794833421135	-0.07110013889618501	-0.3988248998550849	0.0992750810119364	0.8283128421012345	-0.5494498028981101	1.2065291070629567	1.0557729080938405	0.24540368807234836	2.9154543127322103	0.04568153498112367	-1.6462544033922883	-0.02672026507416096	-1.7605972036462436	0.7960099272023298	-1.7279760599596037	-1.0472184462340681	-0.2515512940644936	0.26145598330811237	-0.55453631439915	-0.8617713568863862	-0.5913691085158526	-3.200898267650999	-0.29107381608084165	1.403242471233979	-1.5220740983806755	0.832168771068522	1.2197839932433034	-0.9787832833187419	-0.4480224481652843	0.6701973738284596	0.7298644053863246	-0.2742203632394656	0.137922480159581	0.7804271068917455	0.6983318678866199	1.8305472708217871	-0.22868309194660347	1.0188246526138183	1.559419029663076	-3.298297114184117	-0.9917692475124913	-1.9316865340255178	-1.3271474266679701	-0.7061094587743061	-0.3891827048456437
DTXSID5042243	5.789091769097333	0.17608978438364475	4.855083712758677	-5.2377900353430835	2.473293284246294	-6.1889991800520265	0.05600921685696173	1.1678049630233582	-0.44255853627458663	0.42686489802456967	2.760436676078416	0.12038390277957771	3.6389370507663474	-1.5121138116356223	-0.12758853641709186	-1.192258330385657	-0.749347081161148	-0.5527817457954685	-0.6462100769611052	0.36696497071097794	-1.185027540941912	0.6958764744986283	1.038208785704875	0.19497461472398997	-1.3885425892632606	1.0950641065983804	1.6106243239975255	-0.005846929159908675	-0.2430033499621764	0.25142933776649545	0.3134044974806986	-0.44043407176289806	0.6783608291768809	0.17836307288249828	0.1741980249257456	-1.671402092201044	-0.8215546481000847	-0.785694799136618	0.06519611350978828	2.1475931485971076	0.427544544298259	0.9220469447918292	-0.10563024192871896	-0.1396588479966653	0.8259477350027866	-0.24236001389165998	0.05196231700503687	-0.19111063765997707	0.45876724067835917	-0.1364033539929546	0.0758151680235569	-0.6452510915740165	0.29450128006143467	0.4082988821517412	0.07001299371936935	0.677969625466409	0.5343403073544276	0.7553552816492012	-0.3834140757693428	-0.06955663500136425	0.017828764694517836	-1.3418305311704515	-0.9917861413478624	0.260728646970129	0.4260966973106277	0.924514268516336	-0.8416609713070331	-0.9455296595325963	-0.14875955655771791	-0.35115701493358026	2.1091980431624426	1.5496272199294912	-1.6107098026225297	-0.6018959581920911	1.2245469130776925	-1.535853754230307	-0.3241749743866197	-1.0369408675163883	-0.18396499140045988	-0.002754125108177039	0.7867700080868241	0.1618693182910269	0.038756552855160976	-0.02079526009060345	0.16776286040272093	0.34274673723020027	0.3446974021970012	0.348841812143365	-0.20273139211151975	0.47347814915285596	0.6163661023143627	-0.019981653409741354	-0.5663147516241382	-0.0610067526304099	0.21421647323857695	0.19693870855216652	0.26057959947008114	0.4415963669785855	0.036693821722382065	-0.03168445202471396
DTXSID40379666	1.4009560031876658	-1.4282526090024805	-2.2486271504135282	-6.743645152571979	2.9650059177116965	5.84653768281542	0.862480810689171	-0.6858719541532243	4.8269733246313615	-0.28134036634175374	0.9335341267266818	-0.013817936222381394	2.3351125550031444	2.4046514603747453	0.054638244877102574	0.8904891864838125	-1.3992509869599161	0.5586577445011714	0.44598563313535355	-0.7326256188691116	-0.4123906272658428	-0.09342295299705376	0.39225549525307224	-0.6207855198591977	0.45713471139746653	-0.8651450603844304	-0.9560841032065018	-1.423874742657923	0.11689315400326106	-0.11500391732307151	1.1961584114362305	-1.2748360931319422	-0.25500100772124507	0.4477531712585811	-0.9215367980072869	-0.19200520635496682	-0.4019318186010293	0.30609842322552483	0.2536920799215985	0.10321814070502315	-0.5536012565887621	-0.2981935900833081	-0.9856411690922849	-1.2161074767963347	0.5533296357085622	0.4590098137734237	-0.6423584822448164	0.3373750286333803	-0.15804540740261694	0.0694734268118057	-0.23645658791152357	0.15926028181195645	-0.8639066350291338	-0.05626623341148589	0.4070155186345383	-0.016533515660648163	0.530865118000562	0.3468801473576324	-0.1069532788953477	0.8475266428604685	1.063756354109512	-0.021180485335279397	0.0665921579627986	-0.1564499997555626	0.42787335090511114	0.34038274987154626	-0.5552363271376798	-0.1987807854196696	1.3416391354496449	-0.6096621309535016	0.0007385564925689587	0.14079031101807277	0.058531966795672595	-0.28420934854893093	-0.09295341183740446	-0.6284884004444571	0.30890905186098816	1.0372478086574102	1.138591556364575	0.24627684130286248	0.3510216156922348	0.9239379430931277	1.152242112575313	0.4638723901402472	-1.6131759623351676	-0.643610490846996	1.3045097010162066	-0.10730524403810293	-0.47755847381979183	-0.4090117057263761	-0.23293250579514627	-0.0877043872524024	0.16852206616998647	-0.06814962351775301	0.3642726355820979	-0.2804898639617845	0.7511062057616509	0.6579691473905515	-0.2819949173808789	-0.950564775052709
DTXSID5025102	-5.5441408994565045	-3.1269066657873483	0.3529669414285232	0.13464016920159577	-1.143424856962871	-1.1713508178456085	0.5174174314070261	-0.10969060834547169	0.10338242001850526	1.8502415256931675	-0.2003518810653694	-0.49453820365462403	-0.09473277174572553	1.111083440582801	1.0670101621693568	0.03133716590509019	-0.8028641263199063	0.3656075045897019	0.06708786407750755	-0.4380196486434788	-0.47396215939749364	0.09146933334188521	-0.10110937882832632	-0.34344090648476755	-0.240009300678974	-0.15333457163303446	-0.04576025239525979	0.27457722681122526	-0.109747967988861	-0.2402458690079055	0.026153823325852997	0.18488092596369204	0.19695101468525456	0.07561203622052351	-0.5480892721413534	-0.4756152473052294	-0.25415883931667915	-0.2657528260710275	0.30586142149747675	-0.035426735313027376	0.06369993280287643	-0.06059166820502359	-0.22238027092654825	-0.26315673049709637	-0.07871146469074215	0.16060265528232262	-0.17337692671257282	0.319238371446407	0.07444466655620675	0.07359247135524397	-0.08648897073629784	0.02935305404915544	0.1652009132996652	-0.10804568957897272	0.28127788753027344	-0.20158522417173136	0.17968020704509036	0.2702760207570827	-0.05652369195471525	0.13507804725565403	0.21205192770890122	0.14025782582461555	-0.4280015684748986	-0.12020174548459062	-0.08633264538676728	0.0374783784720478	0.4886363596299849	-0.42025495554053355	-0.525982822384495	-0.2860062878587587	0.4152191698739802	0.11443452032148142	-0.2797034609005401	-0.28000212175291167	-0.7500746187527404	0.2026073921859309	-0.18863793846248122	0.09425800725128869	0.12555444299050977	0.08975940671735912	-0.7689659246987448	0.2649103412523439	-0.4421682741651197	-0.12351638736677767	-0.7030900088524243	-0.2591188986700996	-0.0055753067231510715	-0.09082931694075046	0.6854509739714224	-1.2509720705765468	-0.9060764399481455	0.08090945193928901	0.27513321236712535	0.01861269420164913	1.1001851083789587	0.02088553931016311	0.24694223164534626	-0.3183794615515887	0.48271762112050237	-0.42907942967406865
DTXSID0025523	-4.800011176173264	-1.4386754646797881	-1.3265701069134435	1.5789581239513957	0.08713889808592302	0.039956390099868656	0.19778403222550248	-2.1222112822703614	-0.9106674726567712	-1.3027495477447708	-1.851208899086949	-0.1321138802246328	1.4079390657561437	-0.2077491545993051	0.3235887786749598	-0.8695716886743741	0.21547580913456366	-0.12268885251966967	-0.7599459981805414	0.4776064584478096	-0.2958755223806262	-0.11383597819531445	0.32479000491700805	0.3819393804273097	0.22711158467111484	-0.23935802423264207	0.6229204016412584	-0.5068723539400424	-0.26647408608805867	0.11922557105612845	-0.12608844023615745	-0.42663045321595844	0.7561441253162497	0.19127027042615571	0.8521813981424043	-0.09216978900312078	-0.13912398831071113	-0.06322898858957547	0.30463491304578993	0.0659216383750683	0.60240162425545	1.1317850540934706	-0.010269316580517432	0.8941133917204888	-0.0880937070568113	0.14716225385071993	0.0012582496817920906	-0.44763712554686885	-0.4108359358630616	0.18396844613890145	0.35865011794590407	-0.40569475314519776	0.38678597680867033	0.44696877844006094	-0.6836848816594439	0.3434753002976358	0.5435538409690749	0.08009167275410056	0.04536414924716672	0.2989560054035784	0.0668031492276748	0.787676440977616	-0.2450523884053518	-0.1713271861997364	-0.23074417210644643	0.3184937980571131	-0.4991950492165445	0.3847108586061602	-0.20521313673353903	0.19456557357596607	0.031957841239043557	0.6726237280175683	-0.8348924925728494	1.3856042759909744	-0.044793532126243735	-0.0704141832234195	-0.8440835314373165	0.05400091108498126	-0.04139910665913632	-0.44455817364656586	0.38742566128366945	0.41091162681759513	0.32678044920757726	0.27688369555583225	-0.2807895444240148	-0.271222761774212	-0.09939018675093955	0.15220562498119042	0.07932113086770524	-0.25330061797330206	-0.1323374924128752	-0.4616579316070524	-0.20070944906339938	-0.4745590836966237	-0.4628327285210265	-0.20731853432154976	-0.856442949750749	0.13820087795539854	-0.4744252330707287	-0.4007066264878227
DTXSID8027163	-7.0883558442403425	-3.1856964686155154	-0.24796926330441305	-1.4881662723522282	-1.3479564573685765	0.012328624377129529	-0.5302024842280061	0.9159877637918962	-0.04486924974279939	1.1046310814214637	-0.20631223078128533	-0.7024706930424192	-0.10955033354884737	-0.8171618424470352	0.17298995667004738	1.8083040347937125	-1.5075922564087048	-0.29103796269574417	0.12535884775656647	-0.06266358147949198	-0.5608369461175196	0.28074743028822496	-0.5707245483772869	0.5283277037876702	0.8508809190114134	0.26483621053573536	0.10772687272745189	1.1790107252527746	0.3168892963185621	-0.15290954254054495	-0.4727253621077484	-0.15120505998189515	0.5126547096783387	-0.09601676216704756	0.4323681728615437	0.6613627207393089	-0.2276374638231291	-0.6449816438747521	-0.2724311007738952	0.05693741596542635	0.18361480010399178	-0.22752564202148284	-0.13776762230413436	0.11028143587447575	0.015474481592011024	0.20566265646031925	0.17023221311598666	-0.09291990377470409	0.18398722990363356	-0.15111047241065514	-0.06609873261491615	-0.21778776481297335	0.3094828387950479	-0.028839592076175362	0.28378839969879316	-0.1908359883833265	-0.36263601836992626	0.4100475701961532	0.10257219941247053	0.03686662393013764	-0.3092307543330113	-0.0758519683795885	-0.0523308859001847	0.6583956244683271	-0.34877073107986106	0.21690623451186572	0.03219544183044678	-0.12159707137362454	-0.11817290574022239	0.04637295449491138	0.5328850092740397	-0.04545405201041444	0.09040073894226039	-0.13490625087320338	-0.336632913146542	0.7452438905621531	-0.10940908554541814	-0.0909596232327338	-0.07341945615014257	-0.706790468531051	0.12768434497190873	-0.013553336782607254	-1.3255142401056152	0.02138605297126243	-1.3070674827156457	-0.331099903988282	0.1489867558628127	-0.686376578912167	-0.5015517249911146	0.049484602637764795	-0.31903254646456036	-0.694731542955668	-0.6528025387215154	-0.9805331346241881	0.7230322659886412	-0.09670811755161851	0.42560365374662934	0.179675384465528	0.05438963170610502	-0.5736706835017052
DTXSID7046677	8.04143505872199	2.6656533387855066	0.8465239664926696	-1.0256886879661768	-2.1247283007403865	-3.2127386078954245	-0.4700579920792361	0.6879056391512091	3.01986925700882	-1.8220254400836549	-0.16472244144835327	-0.22205017526445606	-2.6007362771280547	0.800584778865628	5.068234466782187	0.17580709978600584	-2.9339714995253234	-1.1171149204058028	-0.9773996247467369	4.813803326323428	4.70590710075714	-1.9170200073630344	2.087788773873409	2.82189089476101	-4.046127831169992	0.1410833567020482	-2.3734250688984346	-0.8713977637172619	-2.3638167999301456	-1.6155518748854893	-1.7986668950493243	-0.08476120622666594	-0.9670419063651143	0.8593160984630945	1.1442368800014013	-0.6053362992001244	1.0624198315321653	0.01969444196440861	-1.9030975057109574	0.3477099197575195	0.08384357877808378	0.8700978103463876	1.0288895093230737	-0.11700230661965995	0.24852249807611915	-0.1916965975701393	-0.09943859736772383	-0.6197253363973024	-0.04646812726295346	0.24167931435398368	-0.12958565236785757	0.20548070587041037	0.49823786397935343	-0.6121147605302548	-1.2357025460386246	0.03677848675632445	-0.2324523487733491	0.693832940843705	-1.1807496735346168	0.33770068355252997	-0.2659423085461124	0.3288352180119435	0.10789802897090557	0.6964861901371988	-0.07860529645658128	-0.5617419758332859	-0.14809942319375177	-0.9101153962255091	-0.3351138586255286	-1.3607158504635923	1.8147712155538187	-0.1256155794446348	-0.23816074049476202	0.5248766586927364	-0.2898637581873414	-0.7524036432902325	0.16864291216605717	-2.0170124863714944	-0.9467018578418132	-0.15098525527138754	0.8183689764734126	0.20866125900033608	-0.5025962270833173	0.5015998542005489	0.89267648017042	-0.5539979216025177	0.31531967861469545	0.6886135166760697	-0.23305419057095791	1.0575284181939815	-0.5069772781357472	0.32642781302048185	0.5694330376506012	0.03384450681455418	-0.3676022118906009	1.7010453870775464	0.7636667616660148	0.4885652054762592	-0.396976004358953	0.8269672090367488
DTXSID2023569	11.0960970752693	3.2134371667632107	-5.15684986361972	1.2741722619835614	6.465273393479049	-4.947733063044978	-0.7171602125079335	5.127187032474761	-1.0051398077417053	-2.5498833235869336	3.3452701030354475	-1.8384028019324328	3.123241476356476	0.40081679802170944	4.778824163742182	-1.1495144199454976	0.136558859284674	0.6343199603722534	-0.2974542201488284	-0.1950126286193111	-3.2668650427841937	-0.12314980492847748	0.5947592210587932	-0.8327082168380252	1.5340244328247867	2.272317118470707	-0.052714580209808896	-0.16284404803687236	-1.8373577052348438	0.022185809404951344	0.09134490168185111	-0.4314431767050037	-0.39276739318771214	0.6456432044572462	0.32741590814623356	-2.1594190771887436	0.8278204407889937	-1.5910215033290336	-1.2905767029519726	1.0898684500615323	-0.29080136014074287	0.6885974754532486	2.6831823410570874	0.2788891481033194	-0.29386500489151285	1.3110739110230223	0.060689490349804406	-0.3275965155976797	0.5175112799126703	0.533909810311717	-0.10518217426585802	-0.8852350117798535	0.7814994339488859	-0.6740882413431359	0.10520059287635627	-0.6022649189845066	0.2188150167649069	-1.2142337611445075	-1.4382285642752612	-0.15834737727698417	-1.1009865675325592	-1.1618792718514483	0.5513253325152848	-0.3495530392131421	0.04234591920838796	1.702174394031005	-2.0446958572858986	-1.2427491550442347	0.06543307631301883	0.4641234922457918	1.757700529260793	-1.3485648933051886	-2.707308088427912	-0.3065940292511059	-0.03611486103555578	-2.4974993341335985	-0.5587955328782495	0.3506879873181199	-3.2567085428414604	1.3889260591564725	0.40749599634693107	-0.28991959617972396	0.8545702794472249	1.2163234987741602	0.5060488438518405	-0.3382176517725444	-0.2634161621935178	-0.04218574908561328	-2.210896667852735	0.7741451115369615	-1.1855765886293366	0.7038842511660215	-2.277040895272096	2.0446213027203846	0.31503576060092264	0.2932284166873713	-0.7351385463401303	-0.42029084762817337	0.21157159796172292	0.10032201913484211
DTXSID0040674	15.46912761720853	-5.773566646817543	5.403339607518772	5.338701357674369	4.495589615823232	7.635094978269219	-0.47131688326205295	-2.5771592213644268	-0.40451845677806664	-0.7119428763106691	1.259632780883137	-1.3345533745754818	-1.1439842276755794	2.1077656831317624	-2.8460809121886386	3.2382094125180347	-1.8447775539236908	1.913749032296998	-4.053421255132582	1.6162262309504354	0.5571387774352623	-1.1370895065141549	-0.22065879573243877	1.6192037591636896	-1.7678050712339308	-0.737214183745247	3.8042081085116175	1.822844442174741	-0.8595154043083812	2.076577757655836	0.7370214515141584	-0.5510129856423693	1.1470416129355103	0.19118487467048756	-4.3893505115024585	-1.5309389051997897	-2.4671757303627984	0.013150493977232926	-0.7628516684799003	-2.8199957690475537	-1.8210749947415255	-1.7061652140073462	1.9295359818217235	1.4730457726058745	-0.43718128884172114	-1.093107831081965	2.0176754788962303	-2.5440494861519674	0.32962514465728243	-0.495743601256028	0.06439033685504292	-1.5239410966494602	1.0910015254670058	-0.7120518083650019	0.19461148181327953	0.28919234721462916	-2.5582914866023994	-1.824695319001433	2.996898923498258	1.1749160863830124	4.505061380752255	2.194251776041006	-0.4203612801436145	3.8718007257532054	0.9801840021143002	1.3502822662603247	-2.4654671218249318	3.246239401826405	-0.35082774399031286	4.266968861462396	5.24308552415049	1.7360345498953962	0.3553524567689657	-0.4285625713873149	-0.7627486242744972	1.7140892839536206	0.8200846968880303	-0.8510127008669093	-0.5714942986354907	0.014735049321138817	-3.159815297821293	-1.017804871660947	-0.5344832261703446	1.2183751910173823	0.6271451151815183	0.48747037030150797	-0.2664275261482006	1.6335499282182362	0.6268396636900386	-0.32780842007689104	-0.09479010422685706	-0.4143664413396994	0.04936846223956699	0.23602048713010798	0.0912610328588284	-0.19866378028819118	-0.013165031852499589	-0.7960477941207845	0.8605625930293077	0.39934618082660256
DTXSID9046946	3.070687067048219	0.24553719048309014	0.4955205851903482	-1.1027047789627162	-1.292094266259542	-2.9890861829971676	-1.0129641889382521	-0.053657498097504135	-0.4446566231823103	-0.8341601457773287	-2.099125146293322	0.024423354197724415	-0.5494413974420492	2.460376560289275	3.3768361709726684	1.1257117595313637	-1.824579781533365	-0.08918478578533273	1.141858655188551	0.29676190238400785	0.9450690312568253	-1.428165542774345	0.7128313274642997	1.7821819639179626	-1.8951468573246806	-1.3356192068926707	0.33990643034422996	-0.09179045576075147	-1.195545453456023	-0.7091795137842983	-1.6227533973539137	-0.2897778652120241	2.558938152788359	2.0163166054353696	1.4949005098247012	-1.6785529340248955	-0.29405282902899277	-0.09186235163918374	-0.8104869381404901	0.6282679876361651	-0.19004599630573057	0.26109886947436584	1.6618034534978683	-2.018408160234031	-0.26259377196118744	0.35888665285233284	-1.1029509507854038	0.7987891776250612	0.18922161396605602	0.22484916439026723	-0.15360247023603513	-0.3145670051080673	0.9856410729908363	-0.40415109383390097	-0.4693448843815065	2.035996244887335	0.702994361970781	0.48173255265119136	-0.20599489143463862	0.03054536748316231	-0.4477261285452075	-1.5962426955776896	0.6931701859902683	-1.3302232115138668	1.0707059510102106	0.3573810484587511	-0.9500729896842968	-0.8663051705494997	-1.3556684469052673	0.7790771923675629	1.5355100008197016	-0.7062838757393511	-1.3629066669365253	1.9747704108085222	-0.7202592753433443	0.6298541168395553	-0.811315173667632	0.3214787487610612	-1.3466541311991593	-0.8580313373675376	-0.617103591095972	0.7595983414928701	0.8430648209848236	-0.2860227839740924	-0.07523963013167226	-2.0039398081631217	1.178022354040014	0.01768271333428881	-0.24323096531610847	0.43041349554587577	1.9680521633019288	0.6476599323970911	0.04879345409123089	0.10964877544437314	-0.8936376971225609	0.24366729698775325	0.17285189132247974	-0.16656864543869998	0.8402434528034122	0.19153942465295712
DTXSID5023611	1.7791530099008512	2.351557109558781	-4.999978355376326	0.7801152984434893	0.4623034469689918	-1.125837163924701	3.2147046579982907	-1.0998053319722272	-0.12691907591939486	2.4873309375534003	-0.8785918546038094	-0.0666816747230746	-0.758554363096188	2.2169147393528013	-0.5853008598811165	-2.338073187446563	0.5707723002350206	0.6186552422066813	-0.6706226213581845	0.5647168437977158	1.5862847165932674	-0.3911870868826213	-2.1943172005814913	0.42331559516799394	1.2375506813736858	0.14638436580497238	1.794733687228922	1.3666040103493617	-0.19232717558137888	0.7539529553767755	0.45975602700310314	-0.5691462000708469	1.7697494503411506	-0.1850232460651097	0.24207097348351225	-0.5081712415110998	-0.4886489863113716	-1.2468694935777689	0.014313465910892198	-0.2550110707984087	0.9218233421808256	1.3558187592501034	0.11924678947408138	0.31941223968220595	-0.09221469277348421	-0.0979368928732286	-0.6281698606715058	-0.5185809767700784	-0.6092057923711741	-1.4739752032477071	-0.0712696471072989	-0.6420111458906387	0.005663807623328554	0.643629872849906	-0.19152769661357874	-1.3658490113019142	0.28507207783399297	-0.08755314567112843	0.5616487565510448	-0.8960214893911519	-0.7389498548010801	0.024363854664842477	-0.5111986881239746	-0.1546912662238678	0.07420363194449457	0.22128579275892288	-0.34344445947175356	0.41701906298282154	0.9108645460850734	-0.8205728558294453	0.10872302208968197	-0.6137549865004895	0.3679575651628803	-0.6019414450230992	-0.17813517809597115	0.6651894459709685	0.32862547155755245	1.8013111743096042	0.15626438856933067	0.10644301323953817	0.0509324820114466	0.23009196332694837	-0.5802730506584656	0.3404078007395481	0.40082968547941006	-0.3277553305111227	0.454611916743929	-0.040681028376306626	-0.6604928958937366	0.6512363433318451	0.13525698109701487	0.28531136645217503	-0.37423278844258284	-1.1422076637316132	-0.6277590797148154	-0.25408593080304576	-0.5068570530376307	-0.44599914053238443	-0.2654624139260861	-0.10781614185730315
DTXSID0027565	-0.21573422341953533	-2.2048890149874847	-0.8172725871248827	-2.08750574471538	3.8579205665728415	-0.5058408242573188	-1.963597083917239	0.9000954862344617	-0.02605143155547232	-0.5238696276075027	-0.26440739038978556	1.0358628969777106	-1.1217920308936056	-0.5180375479528609	-0.8533965104869243	0.18196006601910367	-1.149948181431618	0.7689752482655754	-0.6838458392837203	-0.36582616712300364	1.2085759762922228	0.4590890102825201	-0.5197132407875009	-1.8552862138904054	2.9913143601749113	-0.014488381516573987	-1.7105991479385099	-0.1745904288794135	-0.4740544758509201	-0.25422301192253244	1.3839322779614838	-0.06458428101967395	0.4546606947943325	0.41382772816316793	1.1823847233085483	-0.8692655056218858	-0.1916342848524365	-0.16846729152846007	0.19455079937604144	0.2674899362726882	-0.13024620700135933	-0.8115121931829624	-0.18136191421457065	-0.791915601029732	0.8453418150320992	-0.06991008183176303	-0.856098935967991	0.09972117365415291	0.0014040663226764537	-0.30537008788349684	-0.16190674643849873	-0.5114747243684816	-0.21713659337403307	-0.3917135859893614	0.22836239792135823	-0.6305601177790001	-0.08760518336178064	0.10126291956392572	0.6162839447854349	0.17925202069990318	-0.051489161846463835	0.42154022578339395	-0.026178673502360913	0.8455205800400628	0.8030160730912104	-0.15497780853588153	-0.24802362694789543	0.19981914320422653	0.08839276085647528	-1.1517365036584626	0.5369620640484154	0.21826821099246044	0.3790680015001553	-0.8927342629111283	-0.6312900961379492	-0.9204397294387991	0.08257511526759767	1.3499722567051229	0.9238085705295591	1.2711985573091762	-2.415421114980038	-0.7426116457065142	2.051336283122598	-0.18989349917496987	-0.9820770012510617	-0.9851869462416342	0.8005783724860235	0.014251674691688082	-0.5193316721176313	0.9902084146641156	0.6823766089087714	0.14723538408791673	0.6128520212654828	-0.6653892356849512	-1.3704951310328197	1.1946066290110497	-0.3106085367159773	0.9694542385613358	-0.8841761593324544	-0.5937173653546625
DTXSID5043714	-0.832407671284577	-0.7835553237831622	-5.386952028833906	3.296310940194813	4.173572805786575	-2.013446318603652	7.552511221358758	-0.9943835509750646	-1.1582375946109138	-1.6473681940283573	-0.5699380325644489	-1.2284501351185146	0.23045419305952097	-0.6042697600758568	-1.2584211190685624	-1.782579737776527	-0.3806212387537273	-0.6907343251785688	-1.405663102076817	0.6573044615662622	-3.2938675247629545	-0.2460804044929304	-0.39306679585680193	0.14553704287113553	-1.5497310836085711	-0.7572030423643218	-0.8022566773396356	-0.11775177119500774	-0.1662390360936374	-0.5313328107739206	-0.7755982023879522	0.9044728023458999	-2.1174991200388233	2.494687422440429	1.2257249781064432	-2.1796556859354306	-2.760070695495919	-0.6056220502660901	1.868005523004587	-1.8342897571189964	-0.33416481367933265	-1.834680469117066	-2.522417238490929	-0.5377563741403543	-0.5923597291919513	0.06063392897607688	-0.2070398541358615	0.9391559313268658	0.050842720093087136	0.5262168980360992	0.12462708530695303	1.520278300490999	-0.5143558463079283	0.5445227257734808	1.0642393334539448	0.20365016270372951	-1.2563034132035205	2.096237286234294	0.738052654443462	0.11354249974053592	-0.11110410492200441	1.918990933198062	0.3943950789031531	0.7597025289697593	-0.6984871363178016	1.3515100290376527	-0.9689652238641113	-2.2123779282533813	-0.574326535208972	-0.9472453132157667	0.19141516879304415	-0.40087768079017205	0.6601194159972271	-1.6352358456779637	-1.0386331285145143	0.808050003250134	1.613867772600604	1.4464374155268653	0.9794715968060134	1.3277837443464549	-0.7749049641546486	0.40061251118166497	-1.0943330041645032	-1.8179254617291754	0.4218193567498607	-0.8553625969139222	1.6021329510909779	-0.11640282773918387	0.2077673281930192	0.8068211382934876	-0.10831450872222706	0.31591353917970494	0.10513115371423913	-0.4484490459261135	0.1450079843182114	-0.2615489260743245	-0.45078404474636413	-0.8845780053691056	0.37724162572074227	-0.6673719644905497
DTXSID1026740	0.8453893047022086	-1.9347283709302514	2.5158580367888876	-3.515641267803878	1.2957080754571337	-3.6351452430347324	-1.7333477218283255	0.9563821743555019	-0.5646106197198226	-1.7461733776734252	-0.46488693791878183	0.9121031799695412	-0.933002945099106	2.603666173814769	-1.5243844593524325	-0.14543382831040694	-1.5094490347336067	-1.2745240846362467	1.7655945497224372	0.03015329115491522	0.0740111624275512	0.8887694151547211	-1.841596353777631	-0.7085565064899776	0.6952405232897655	-0.36276642254551666	-0.012259295703917284	1.2538031942324739	0.14321608091024116	0.3932196665556457	-0.24881757722233988	-0.841433778243694	1.0117141662177274	0.12115620953631458	0.8936052585533919	0.37107221651838734	-0.3807723652190285	-0.8225616303470199	1.4196442699763414	0.8476854006891766	-0.5822145328639451	0.25079000110452127	-0.03211033730973473	0.9269964952018318	-0.7462554700756632	-0.43327834610025195	-0.28336987492704063	-0.5583064343089541	-0.050807601625235	-0.7282422402173174	0.2406810739740236	0.06047138025220811	-0.4818673700537996	0.03143089176585953	1.190306762271391	-1.7100126557056587	-0.38956448990972503	0.16591565534583375	1.105223200018141	-0.7804197229687742	0.023986768891600247	0.8810085647722306	-0.7268847772115538	-1.308295125686334	0.0985699971539473	0.10445644791752641	1.1299311857476362	-0.19798248854298148	1.947881128459867	-0.841580554298388	-0.043331038486751294	-0.1850190870706647	0.4200051076621837	-0.20768410414537086	-1.1416286800331974	-0.796238861751336	0.6131715782069628	-1.7726995852854368	-0.43582455424562433	0.7416726915123242	-0.7545491157319054	-0.5889901448751299	0.38712870951629663	-0.2728591115488953	-0.28743856472540874	0.09641122876216876	0.8456059325551547	1.2551680948272659	-0.3988074988603094	0.44860032638383385	1.2165722443520386	1.4402126788071883	0.2662785848856645	-0.4435485913927991	0.1515660582554921	-0.015534392632946441	0.4395443623772312	0.14785069986249721	-0.5331179279269511	0.5586735726674171
DTXSID6037483	3.0707211081132235	0.8320525881674917	-1.186431026723996	-0.8771252651140629	2.6114597519336096	-1.1034798732323061	-0.0009816400023550877	0.021368626691440202	1.3381196826814539	0.25438208786699573	-1.3749897225158174	0.8553334890822273	-0.5296443309554509	1.4091361876374204	0.4110820075692035	-0.2260659691929432	1.0841823766049352	1.7037806910205477	-0.6477420537805783	-1.3688395694899502	0.3152154805503343	-0.823933981180515	1.0290551928172604	0.11198658001306946	1.5949795333869337	0.5574011488090941	-0.27227147043015154	-0.8330901379758072	-0.7654317587828396	0.44707119733429684	-0.08404703865108766	0.1635544226958087	-0.005321082044168468	0.38982992398268157	1.9730273323294647	0.6572543758520777	0.11634817877850338	0.3938138110727214	0.19505781983754517	0.6840311927322763	-0.8167551686047065	0.11830476198937238	-0.1948336377917586	-0.023970259686220706	0.30406247366720707	-0.6597255594171786	0.4716247425240228	-0.9194057543219213	0.028665095912535764	0.19132752540185666	0.3267049540283446	-0.16949851745297806	0.5940635553940908	-0.7029251478059477	-0.6164373152520408	0.46927457812612494	-0.7225226864175933	-0.14046864862796946	0.6258959967943183	0.22295461193730257	0.3198240649748918	0.4982197909346455	0.6550183834974584	0.013445921165712672	0.485515285066396	-0.008900736900554792	0.16504625546520826	0.4034658783939681	0.3247778178229939	0.6629857052656932	-0.5055997316741229	1.2312336910864374	-0.9807525578474997	-0.25190030402125313	0.9267779835613368	-1.1191121168202844	-0.838188646037014	1.8458040726456129	0.768683575946419	0.9109093503519827	-0.3093216567645489	0.38572709595991966	0.6933695345477118	-0.09280402289725961	0.07342352877039106	-1.0725292773117805	-0.24411717838848918	0.6425992133768162	1.0477006159043167	1.2083772931709444	-0.23246781991666873	-0.5241406153933166	0.6067703787763008	-0.1049907140004909	0.3826574235007009	0.7956825115987429	0.8839136103586392	0.6101473107375147	-0.35647739371326165	-0.3408690380382625
DTXSID2049393	-1.6620104338350359	1.2083364876674685	2.177554871070499	-0.19562340542692408	-1.7116152332245884	-1.4018817006172333	-0.36189987262034584	-1.0527531410541682	1.3340295018821267	0.05233793418279869	0.9431698901954849	-0.08867063596218137	0.4600783134221178	-0.8668031671704657	-0.6232713541072267	-0.03414031579609132	0.5506720264112887	0.16202277097012968	-0.491158447365371	-0.8531429609167003	0.09877830271502928	-0.5182767709885495	0.8375064734478953	0.44834782668348966	-1.1396341422481042	0.47434632012568356	0.3322819761826372	0.27008972209829374	0.05409290340758413	-0.1773827391924414	0.11252130666775959	-0.24098330756696015	-0.21989127014276794	-0.44578296374736237	-0.2982220637224485	0.03813886176255298	-0.05090538843070289	0.5791633500913015	0.18723080297793634	0.08722641049722185	0.23273779007345533	0.5809925257569835	-0.13661063919352398	0.23060674556318086	-0.33158021918745084	0.09830810659164577	0.03225492210792962	-0.46662816083817327	0.04995178900775354	-0.016998751776619914	0.18639063304095693	0.18430506016373246	0.08528012539110358	0.03696080732149703	-0.18913652114246182	-0.27625571980288965	0.5611075807799565	0.053761144528207745	-0.18584245333545607	0.011660827813980295	0.311709191628242	0.13366559558537008	-0.40546933215794123	-0.21543597579187612	-0.07157420822042501	0.20297354599392745	0.37588146570693953	0.023682875283027382	0.5390791690738267	0.11035271574484322	0.023056466629230558	-0.34089350322240586	0.011504523757431702	0.1150512353638644	-0.19049876428430182	0.07006241121208025	0.41386934109599854	0.6661546708702993	0.07858711066421155	-0.07467175555933295	-0.18047868358282265	0.16802860989676932	-0.5078739397513135	0.16099993949726477	-0.013588886885863804	0.3657977984717619	0.24898944547930577	0.049955277557000966	-0.11775298675643618	-0.4082490117924838	0.08539330246002887	-0.16100075970110012	0.4397127427493633	0.3792788158346823	0.3823437098120648	0.1347944785089449	-0.008868244027136056	0.015358493016388178	-0.23199773651398886	-0.01462142237481283
DTXSID4037580	-1.5283064777960464	-2.491198265292744	-1.2708269325326274	-1.215510120838807	1.7141420229289008	-0.8113890555542654	0.454718998914533	2.204168584385148	-0.21062869351561758	0.13799081701200178	-1.2746276155046707	-0.38292529837873546	-0.3298102340883283	0.027150613591043735	1.3134517723277328	0.28737695184740564	-0.48914378593246544	0.6038363973550921	-0.7926886169500046	-0.8650632443155422	0.4937112498935602	-0.2971425965193089	0.024492990227798883	-0.4029026518675499	0.2553573616402367	0.2719357633222238	0.6791356473851193	0.7869034620078976	-0.538585217970338	0.30559241588761715	0.08980454592120403	-0.764388496932546	0.027144208932608653	-0.11910120903770806	-0.17496358417114177	-0.6160942497426475	-0.8691896065329193	-0.26882609534139196	0.8941219570542054	0.3036309607803331	0.3019790734093457	0.8180039608790297	-0.2842561123560094	0.8459141819773037	0.057025687092922786	-0.03196107033322207	0.41976209519893126	0.18561072252193178	0.1157631421144744	0.20484741912918047	0.2438439150552924	0.25187509389547125	0.4263307566979073	0.13176518860718248	0.3574343177709854	-0.9430672115325038	0.41791331983180535	0.3038254794533219	-0.00980258273638115	-0.009216505771360801	0.6757869832374954	0.09168372174898393	-1.2233206799510936	0.0895971342059249	0.23969546305385633	-0.23325599360104518	0.2078468524651644	0.17437028155235537	-0.35199545986846553	-0.27587977009442793	-0.8186357800713066	0.569430270993524	-0.7157971640137483	0.2490751519486947	-0.4778346628426644	0.21780410364912725	-1.4459118608413444	0.36507071369513167	-0.07727034232770082	-0.1359706546373215	-0.692582071727854	-0.25445997655009167	0.4861815634946474	-0.195803850034487	-0.9639789825247876	-0.038262704421535905	0.057193450442301855	-0.3292688699541623	0.7249448557038626	-1.4717077960887537	0.5717242582174612	-0.5174857302428334	0.3450483888199487	0.26512991024460364	0.8775863877407871	0.6744684151969463	0.31699874531511485	0.558233192953409	-0.38509646085381716	-1.085465717016368
DTXSID1026164	-5.687332491285715	0.603835993643428	-0.5144753392992568	1.798089859356624	-1.2240228044854111	-0.16360546495312317	-0.7099314528803288	-1.1795751411922515	1.2728657682247413	2.631270021656251	0.4297112128989056	-0.8546632933539892	-0.8840576915357021	1.145529897365011	-0.5107252470639437	-0.8802449319149576	0.11461427439514128	0.16268706077610304	0.3818896486603412	0.04694202211681652	-0.5234774476203661	0.11021975147942856	0.7384950109176532	-0.026519175082288553	0.35022290797137684	-0.12841617492800028	-0.14789109560343602	-0.6492917638296638	-0.42609222684611764	0.6811823227970768	-0.8608183035027326	-0.36653311773409336	-0.10229719009136735	-0.19526297708837012	0.5638636360093645	0.4670794505331946	-0.10535277340106003	0.27619034614485366	0.043199279510677854	0.3805933244041863	-0.6868562775739677	-0.19457605514492948	0.45795852830183825	0.006822091606584976	0.44731538033864354	-0.567949249260741	0.4506381599034344	-0.21734685953087615	-0.20129509151340955	0.08415959793752184	0.05475590253203837	-0.07789448338576105	0.48995092106465354	-0.4143361628472195	-0.5217716063335338	0.3180546300923171	-0.3747311556271331	-0.4954915214114006	0.4864143870404621	0.06339452851345888	0.28172057449759225	-0.4464866398328832	0.46105873873963144	0.034958991334033976	0.5694543540187209	0.46022729580003974	0.2562155838276612	0.04431359325483602	0.014365469909180612	0.28355639051660525	-0.10583474674022189	0.26279350022361103	0.008857558634493586	-0.40700412168760874	0.10562934098283797	-0.6589576401252678	-0.21721049540532666	-0.45502209412911404	0.0414500630067256	0.08530009560578533	0.10563644498738324	0.20438758970751178	0.05373641158069983	-0.2709333355320814	-0.0337851050291958	-0.31354777560099395	-0.28341734551974757	-0.1699508745297151	0.3463643305010635	0.13735463452122318	-0.5474314748366158	0.4468632672675461	-0.04239713652087875	-0.12866201802088098	0.12060299183894642	-0.3995375221329884	0.04621753449608885	-0.17873061320928155	-0.1070876175709827	-0.022915993847269646
DTXSID3020209	-1.456909900938964	0.5792722512720939	0.009160918197168985	0.4885087725629638	-0.6968848280737189	-0.7815228668757528	-2.9680011170085425	-2.246132450448882	-1.5929450592808114	-2.0061913492465906	-3.9999208435372187	-0.2620139733619556	3.544634590617113	1.3807397440432887	-0.036153263448780566	-1.1432137576426336	-0.7861461522209517	-0.6294295684680854	0.021189143296621096	0.052648305763473326	0.8321021698906482	0.6318591033784366	0.7981245090330991	-0.17703721090769556	0.25434759123626005	0.4997144105091838	-0.2836699896125753	0.44796562480224555	-0.17781736291089217	-0.5708672635377989	-0.4784210078492049	0.06307244094195692	-0.3319322888020745	-0.42481073029614175	-0.49012779534522644	-0.05726048205846812	-0.8896484843687954	0.3517513266136968	-0.20758598240707105	0.06884547925368727	0.08775068409790805	0.2315542654009598	0.01225674084288846	0.2330627678784478	-0.04766568727324978	-0.12497447814146426	0.1662252299509976	-0.19608472180902523	-0.1908402534832105	0.2401985413379484	-0.035947905065530125	-0.12936887816448803	0.430757790044175	-0.02709403639665989	-0.1707675802507287	-0.032797028734336174	0.17676695706557963	0.05164942323728776	-0.22255879465182068	-0.1343172600584793	0.2528741445707343	0.06738869208677307	0.02413510657816068	0.6140461301477063	0.0657681467498616	-0.951879180067363	0.5740056661985893	-0.6378357391795246	0.30258488837825726	-0.23362147949825143	0.0065731245029066	-0.32765529191163784	-0.015165924823274592	0.10934366671745838	-1.031187122146808	0.32306097654022276	0.1571115126696091	0.07997894752708236	-0.26282838173901635	-0.2020268290033396	-0.22126793581401138	0.046136320395480684	-0.3152144303954731	0.08221100634924683	0.25005518422689943	0.32503287064325154	0.2638430293418098	-0.2563606253449796	0.04323251865938999	-0.15342951144904995	-0.2961401892582361	-0.07272381617539994	-0.2117012986188678	0.13241819674805694	0.21012038404283717	0.09023592466660263	-0.44932642190751876	-0.32751156516383245	0.1328683568298702	0.29227196190649846
DTXSID3029154	-5.3128587546386195	-3.2909476646436167	2.5331472909821056	0.9707993210714452	1.3212569066281172	1.0977664886610738	-0.9982646265793779	-0.41975492474729936	0.10687913944142949	-0.2818441899431548	-0.07663584398772029	-0.4787898415399434	-0.7051526942168024	0.13592662922568782	-0.7650372079128354	0.7783080173331237	-1.2535758663949454	-0.052429595873956146	-0.8012807117426897	1.2351514090414493	0.07987092953023336	0.42934507419053114	-0.34680062046137483	-0.894577820068761	0.7762454288362335	0.8643428290274207	0.8495156501280987	-0.17148809373247828	0.19358256951816505	0.3326409606163929	0.8710863463702319	0.3570076130616812	-0.22393237789751413	-0.323572206371121	1.050759784852249	0.2746838142659538	0.24557155440778874	0.2641652324249528	0.49858014447303367	0.3804728993759147	0.1161912771065703	-0.2533631658376161	-0.03224728005152823	-0.913853350229042	0.19876834561690362	0.31383229482884173	-0.1733453274811474	0.9099828098783009	-0.04715175414220216	0.3318581878617932	-0.023084977299850512	0.48817421485195434	-0.045812258922037594	0.12262102559780483	0.4901051950736667	-0.6583350450126192	0.4874025241627137	-0.09919193151752204	0.12182544416377994	0.10781358884145473	-0.15499475008553099	-0.6077013938060174	-0.3556413342890485	-0.4339511313936425	0.1414586844824351	0.5053789737039124	0.9710591426737641	-0.5647713987017284	-0.5017447635329083	-0.6194819177142963	0.25377554899107607	-0.10424640841351625	-0.326491713803233	-0.057794992462618745	-0.48565309712698396	0.04729926236836559	-0.16108125737209644	-0.8812004668214519	-0.13380932655242084	-0.2775363466681305	-1.2180074870525628	-0.18545623889496016	0.3476449784295852	0.04892423336157142	0.255550228234891	-0.23918995187098427	0.041971828943101565	0.28557226423691645	-0.036485138263617045	0.024876307406282636	-0.21092530254969608	0.03461199058687969	-0.7476235725419376	-0.04455921811292865	-0.12565953385689377	-0.0031462190567948444	0.09706761392196478	-0.2665328292477513	-0.4367655407280723	0.6562332938046403
DTXSID1044801	-4.894963413276135	-3.632042043014808	-0.9363071173132389	-2.240276109999581	-0.9687830900584701	0.3941321981843673	-0.47810531430964726	0.5722050376191437	-2.2220618098334777	0.2001839472923796	-1.9740399018501096	-1.2350992246881993	-2.50472133524356	-1.0856444922570223	1.8279353384998986	0.8262628074010919	-0.6082940481542598	-1.1252075121637282	0.18293206044119842	-1.8845623695460725	-0.4492785101669454	0.17884877019058176	1.87104733954542	0.3946729169238401	-0.3693541445788017	-2.4341990501357884	0.7474938089710866	1.0953780882661077	-0.6713390734966337	3.683573455619648	0.26961511719479	1.3466623493199121	-0.6538609502184378	-0.7426399020603811	0.34223666913903567	-0.842298331954736	0.7179237024648697	0.9635850781138866	0.04199489849931907	0.6209003174069417	0.6124259816545597	0.0520370079562587	-0.23901659508993436	0.0324743659158334	-0.41613339970763574	-0.07968611768168365	-0.08336234860812775	0.10293533366127068	0.18690573375531921	0.49076520898420606	0.18574972485486238	-0.11783554062943116	0.3802434447029864	-0.1130674527478898	0.019262480978375445	-0.04615347610136797	0.09802822830451814	0.06594604749943242	0.280747916885475	0.1963541580444269	0.44748358921401943	0.6201362695289956	-0.3943593183131951	-0.42617022909934055	0.7572792165369693	-1.5107249936466793	-0.007337886420490213	-0.5389019991393584	-2.193015776969076	1.1211787180630046	-0.8101650395708946	0.5981659694550827	1.5811031703651892	0.4417978358147957	-0.7848111464807381	-1.7625418052906066	0.9218129467087539	1.156491297295703	-0.3524565803933291	-0.9873405084352829	0.875410587429386	0.2814170237647608	-0.6921890585441798	1.7308042312782854	0.5787283538039859	-0.03013609929813044	0.43661577697593773	0.5570343362311048	-1.058307018855454	0.1621061643170523	-0.553738203015168	0.3048126508100094	-0.530116841540341	-0.5566712638020227	-0.06024206542997125	-0.19990656353878256	0.028470962281958896	-0.01936529806164788	-0.4619936245381029	0.2302043299573615
DTXSID9047043	2.144637658437504	-3.6843706098391995	-5.7640232428004765	-7.414934249164093	1.5156888925739898	3.0183400661116258	-2.0688926250306676	-2.3775116975327566	-4.427071115303651	1.4737837208392075	-4.197183397895953	-4.8430270128999835	-7.516032269086521	-5.739601936617026	1.9198799801270652	1.3954230490799977	-0.09145872938253098	-1.5973416545210657	0.6090134999284897	-0.06511908099521325	0.3025151519565033	-1.0991043686814852	0.5847899896811259	-1.5771236561154867	0.03791468808896661	-1.2511766367594837	1.6625759923266086	-1.4793389908612473	0.8896959422466257	1.2843561243446084	0.6338359406217972	-3.106005616987166	0.42671269617552815	-0.3957383787355331	0.1637900266081576	0.10745780340039016	0.05019424422333674	0.3109469460505848	0.260437406785917	0.7997565326464477	-0.19894970595551995	-1.02483201619071	0.7868063905206827	0.12528186566941	0.11812332536514573	0.34236747303796694	-0.18350917765476416	0.6711055701464658	0.7488725342885981	0.6279072548723369	0.37482575998216106	0.28552917008053685	0.6972240272014308	0.2827650460318221	1.220286231328628	0.3116230725017344	0.5413235975330667	-0.39456347047744744	1.0666702875834806	0.6030403194111601	-0.43809319355112014	-0.3786092792314589	0.15113262318825899	0.6758081293902616	0.8838582958715923	-0.7714904823537374	-0.8720138376628587	0.3960958218265762	0.47460382014672503	0.15909913047499147	0.3300141776214725	-1.5481383871962273	0.28212061743014216	-1.774702197892814	0.8320518817871382	0.6165355767087054	0.8237829656923413	-0.12471881435721681	0.5315310789224291	1.3566751064822107	1.921191129408658	-0.5534611915216768	0.023715583045605185	-1.095792187699243	0.7122348395217899	0.8146436377320876	0.7498038107185914	0.07648755167133782	0.41629634720408965	0.20986616674949213	0.30280475889158376	0.716825857948885	0.685134785297123	0.6040809576488302	1.1343454826040231	0.849593553204621	-0.7564690668904932	0.02021807331856009	0.23431740107435106	-0.2167452299354899
DTXSID1045116	8.657383177744652	6.52892794802799	-3.3595400345506174	4.573294293819194	0.283943498080167	-3.1991953556541324	12.223277319498573	-0.17629940264059624	-0.674698370477823	-4.236161434996369	1.7269864111425792	-1.8533778369801948	0.3035734172463198	-3.0768359461760033	0.4941360403921233	2.7798851299367575	-6.091758259949004	1.3806695687787591	5.775949848001797	0.8268876052645006	6.374572623580859	1.2674527382302356	1.0097389014119298	1.7154407657365651	-2.107697309767139	2.3364402893225975	-3.117112850600701	-3.0466727555480104	-2.7599858696211292	0.6431714226932562	-3.1530054958580114	0.7745047831163305	-2.944636726673254	-0.21343881663902284	1.7767349718705625	1.80355573981701	1.6650891154433873	-0.006326422817003593	1.0875347603250642	-1.2055148241569786	-1.5638144262787592	-2.2740400736053186	0.5860630233773803	0.5675785176690649	1.4139410769871563	-2.156442671114511	1.536071725588995	1.1530190262524764	-0.6375437973461876	0.911127400685739	-0.5147229179596347	0.6663684154564504	-1.0120230843868725	-1.0764165873822447	0.3214980218477629	-1.599390252604837	-1.2699521376400442	-0.29500765388067096	0.9616174801415637	2.1497369114299834	-0.3151806247681907	1.760169368990669	-0.3513471475769102	0.35161378380620234	-0.32658773619555015	-0.06668627272761542	2.5977012616830937	-0.909365921496747	-0.93269552603747	-0.4885617060138626	0.7894798984152107	0.3139537806887969	0.17247476596268793	-3.9176609474596673	1.2365943292698487	-0.9575500823318627	-0.440458698711223	-3.458571973808194	0.7166815062830001	0.32160016585013734	-1.003882746151991	-0.181273160887411	0.33621978341613334	1.596876510148923	-0.8147730411469207	1.2584706124722382	-0.3547026803222105	-0.9395390858333208	-1.100422470014658	-1.0814361054740425	-0.25478596030676265	1.0301513090100434	1.2514653840740602	-0.34743522545653727	0.22108243117575518	0.4667897392228028	0.14120374162525381	-1.4298954245931697	0.07132130161962101	0.525839238833296
DTXSID5045209	7.008322759046877	3.5157652911286883	-2.1038703566072154	3.8257648504409434	3.286771123750383	-2.733715053467948	3.5464862744138035	5.661801967918795	3.011519772966299	-0.18768382969525502	-0.6257766231590822	0.9747348882101822	-0.8712536826334742	2.0622631688153827	5.479824115147206	-0.00664562136604834	-3.6948380896333757	1.216879641272962	-1.4151497618809594	0.027011972965557844	-1.7742817220260731	0.9576736046144396	2.3157396452697054	-1.7926618253202165	2.599639043131395	2.942941036403437	2.471644179231616	2.4378881064219735	-0.4938997328164425	-2.194112102582281	-1.2875546424406255	-2.3588108302794177	2.634431983136375	-0.7095764353860098	0.9601163384398574	2.7259492265725087	-1.5486498248814056	0.8972059968889927	4.492772997067344	2.5597174346121063	3.910452753233052	-2.9844637506876976	-1.1047858579348209	3.070961688065375	1.5627259390475354	-2.413765860288602	-2.4583000033405855	1.5687063548129496	-1.1397512460954118	-2.8355073453768815	0.10443352012561347	-1.9812510411175732	-0.9082004091778069	3.2815587090839897	-3.754726351993601	3.4042970664021412	-1.140175967714681	-0.11996021931072967	0.7315512449455577	3.9672856242428054	6.455477111508376	-3.1412112351313426	5.971033258869023	-1.8277963951377985	0.833188216269172	0.3161275019715131	1.3383579190043309	-0.39750865500472243	-0.2743979430695003	0.353891426772717	0.6696094984039866	0.3438362768206798	-0.1038350152137436	-0.2666548484918924	0.15024649601694928	-2.198007723638015	-0.039037492863554527	0.10118565454186249	-0.8141522259487586	1.7221481368480027	0.9593050578739434	1.0087771493397584	-0.7958852949004348	0.40269004497735594	0.926557249262141	0.7254300892282995	-0.26335223751642284	-0.9958957868412907	0.5643430018028781	1.3005363000691237	1.2902717384707794	0.8412018252534081	0.6992203374226343	0.1268051533121926	-1.2250668423813225	1.5682724411304343	-0.08870567621264629	0.45191041759160167	-0.06489900699186749	-0.6812861058822772
DTXSID1020308	-4.970019996657184	-0.053969770219696594	-0.693586236769641	0.40126031742264034	-0.6353055762742172	1.6964405033965366	2.2603329953535565	1.3957871621809619	-1.409674600597877	-1.2957133505267213	0.30882689936922525	-0.035928845605192695	-0.16595921574933523	-0.20057564484430168	-0.19302609617237787	-0.3452165820631626	-0.5039082805300832	-0.6503382304632762	-0.5561650802283927	0.2841032444439673	-1.6507058898169877	-0.5804237647837346	1.5142391889648472	0.18769730935272025	0.41375682284929344	0.055486083667852175	-0.19893697652574643	1.157197814745632	0.8628400992235653	-1.1211228121216654	0.29869795940642996	-0.6617343079636449	-0.10505928101729058	0.0945551127998596	0.9546470531980271	0.27496383068060193	0.42828113171666526	-0.0077177788636009145	-1.502964354633104	0.6374618712217941	0.7168736335693321	-0.6640400173846371	0.8860575748831281	1.1324905629782893	-0.9671588821847773	-0.3706560710199439	0.16972560348493052	-0.8941946347585725	0.565331391578924	0.015000312568215357	0.22174084122058837	-0.4566810086578881	0.25355811652957905	-0.4070880372014126	-0.5336134546033892	-0.4268527253226319	0.35828902497374854	-0.1546224529601126	0.204502810794397	-1.1625137230954692	-0.4634500804736577	-0.23026071710829318	0.508279871494375	0.18390312608610446	-0.5432206417020841	0.678138146559774	0.3237699906688441	0.14366451046936746	0.6637057384089632	-0.28494491944650435	-0.3177576258009772	-0.02290942673870003	-0.39779023906982913	-0.45511432215847203	-0.3354021917624012	0.6698718875216498	0.12707716420977655	0.6729539506165372	0.3244702534624158	-1.4898790759323948	0.005314561662728049	-0.6211750190574461	-1.045977772274404	0.8895632269261999	0.036838891028736866	-0.07417059243870636	0.11041713130187909	0.5775458100593583	-0.5075723777684464	-0.08794393201378996	0.10189844106774473	-0.23673449399059046	-0.9000663335831488	-0.5615975855607902	0.19735610317842134	-0.23000173439741228	0.04474625479626456	0.031097730444334268	-0.35608486586783217	-0.10399028215191039
DTXSID9026899	-4.2567660586682186	-1.307795246507407	-0.16017980026923173	-0.6764962379388533	-1.03025627948813	0.6337228467271421	1.0661157428976877	0.013810449526347026	-1.4672753634821594	1.0989742304419878	-0.21701398039801406	3.264083560787218	2.6607324333931937	2.2257989136208525	2.3976021334630016	7.588068841550523	5.9564747357073	-4.406253443403187	1.1916862741808327	3.4764917036992853	-2.168357429909489	-1.9641491547054266	-2.865064340572917	-1.7475950859929124	0.5164133095522547	3.4109208500665082	-2.944085875253665	-0.382136379192394	-3.4479829749562323	2.0770447642819647	2.5523909730508385	-0.8150240067407865	-0.6084661584973455	-0.9980309603320484	0.1534526532481873	-0.7065471529391218	-1.292248670002436	0.21918551823135085	-0.10501383671851694	0.5154826069791869	1.4227804653438867	-0.5566558761239484	0.04811111057951508	0.32194503660017004	0.5896764802497988	-0.750449495987438	-0.7693070673596352	0.6278056776314197	0.5187192126192695	-0.445126019980983	0.12077303429341603	-0.3688751956403457	-0.6400841208874046	0.15645266830049706	-0.6898929868897068	-0.06535080827455592	-0.08457459173719585	0.04281303254348307	1.5727118331340586	-0.23847990854863077	-0.03774185914808817	-1.3581280966035956	-1.6472473312767155	1.2549253703813128	-0.8546783756802694	-0.5990735383737724	-0.8948165473980593	1.1704694542601572	-0.9581018101934438	2.2916055925224215	-1.9427181249635082	-2.549519103237933	-3.097310781017357	-1.6711276565955513	-1.2184457628230798	-0.9725716987701214	1.9850797273308851	-1.2807078306999453	-0.6898428683999781	1.7248473346036453	0.5165795816046993	-0.04295017293633293	1.2665063591950454	0.15776770586977748	-0.4465928668604761	-0.23840735822463852	-0.32391464865139385	-0.1906753954384402	0.2620373556997474	0.20926875102185205	0.6209805255407175	0.5267404157021032	0.37025630394280007	0.16426780957986642	-0.2889126963313508	0.27708786178133743	-0.38699497697814866	-0.35224552304886203	0.21274953206345926	0.1537568996305294
DTXSID2048953	15.053217874834454	0.7226531707894382	1.6283757861267207	-2.2310922175210317	1.7249673993223975	3.6959174727490463	0.5185513914792769	1.9618991377489035	-5.348992317016489	2.125063374771959	-4.974720670627888	-1.762505718316594	-4.440172775908181	-1.9089583374868262	2.4907930881917193	0.7306472751600736	1.711655406480642	7.403304592321705	5.310065824892898	3.4046120634289054	-3.8858831553109834	2.4256099701569154	3.360547103017414	0.5250388100898351	-2.9379051313322524	-0.492277641493373	-1.2306639710940208	1.501274932417113	0.2362675201420857	0.03713153325863102	-0.27170639479377523	-0.364794924143	1.0988278463555734	-1.5232609675522524	1.9455385143049417	0.6533958592704332	-0.750977287143907	0.22883799557135268	1.0049837916518565	1.394587149276145	0.02817606826648591	-0.13519487867763022	0.2229541987601418	1.445462039607883	-0.40814251634463544	1.041539450882761	-0.019577823350155826	0.8182397333305546	0.655156363729556	0.5274458361028472	0.40646395377686956	0.8600714869467851	0.7588996550703029	0.5413614473719093	0.6489969353368046	-0.20501945734488836	-0.46380405034332867	0.243423245493601	-0.09691462952800427	-0.47874313520013406	-0.23975540714987573	-0.03535327060760034	-1.185687658382887	-0.6049335336803194	0.6934994715086369	-1.79497158045223	0.8282597142538183	0.5669074102469891	-0.6289379364643034	0.12756749910543105	0.4457343298819435	-1.4723579405272313	-2.346292469128409	0.3473542355121057	0.34984529976166845	2.0739271028538657	0.219946820697707	1.583151623157604	0.6808193845193269	-1.248345651370944	2.605668538281604	0.49206358033115166	0.07797982465918792	-0.7239135804456401	-0.06820789434810626	-1.1585144067863318	0.901491182668058	0.3237716806101692	-1.1045163312975086	0.9673492599406065	-0.7036787368348613	2.230543764242587	-1.333639225341864	-0.7832362856754479	0.1833512203134716	0.44016767303298054	-0.7865817628340876	-1.0873000773941155	1.1062548581202822	1.0150902849632728
DTXSID9047675	-3.240846647994371	-3.686567079642784	2.9697539995698343	2.050585227637249	4.023047233182161	1.6569060054967384	-1.3132734736839884	-0.18680465180376146	-0.9686045300383674	-0.8776496093725319	-0.3951852875838508	-0.7300368081367604	-1.5126870656994988	0.9901858779500313	-1.4579502486016556	1.4133041952569785	-1.4179399700463304	-0.15561049887268302	-2.258228841905438	1.8822766011790357	0.29255616326221073	0.23144911643092986	0.7811591873575396	-0.9705671914804955	0.7692878670413366	1.8960243122349119	2.1848894811736734	-1.3731842418043694	-0.2983070331749426	0.7222984445786528	0.7407159396670588	1.0887017882449517	0.019726104616539356	0.20637762134955448	1.621493007602062	0.4136694188932224	0.3762501141733777	0.8374946244609689	-0.025596902910920594	-0.21133719983864047	0.6410511244221285	0.38885276550349995	-0.5840741192149759	-1.7487266308060099	-0.035254663115972036	0.46871490452140724	-0.23322677799566452	0.8632421543385502	-0.4843032678304481	0.2620997448588796	0.13696019156702974	0.7348978923739019	0.049465966496749454	0.32755184507271756	0.281475220392991	-0.5102819897885771	1.2642949529900662	0.5196094651506692	-0.16321076856941708	0.013881809313167891	-0.0697493070365405	-0.48310387649060366	-0.5073518950944789	-1.5119366680238198	0.16633160162214639	0.9695244196093528	0.43749043415526084	-0.4058516248210375	0.23132377472554197	0.15169288816683732	-0.8026454669464278	-0.04943870863035864	0.3845165681045131	-0.04011069467063433	-0.15548278956862893	-0.013286095925768283	-1.0182021519389393	-0.7648007095537344	-0.5135206864648589	-0.49488373000742214	-0.9231080772311541	0.3982607135217458	0.0509605833641404	0.633235324276601	0.04832436131056903	-0.25226996028880205	-0.2541206555550597	-0.44830544042817755	0.06941072457473228	-0.0549613193274631	-0.7824560176171664	-0.24382672214439613	-0.6644011371361519	-0.39702944442425653	-0.0357186647803533	-0.005648587416930097	-0.2661475999558065	-0.2743540321221223	-0.8272705692543347	0.2579548663766451
DTXSID8021729	4.8445838300961785	6.01462672196862	-4.064103397056013	2.4391904840971477	-1.7548582779911852	0.012467451718063485	-2.353358920000925	-3.145917971483787	-1.7393849319510553	-3.218567259454566	-2.0104385322083123	-1.0447919756668174	1.5638988953976825	-0.4266829431065233	-1.1304608753632401	0.18982438979105223	-1.112420735009348	0.33676759951849206	0.6127152986747049	1.5875938567106045	-0.18006151315680846	0.44048550489612553	-1.686008148889717	0.39559579099636993	-0.5000455142817394	-0.21562129687918305	0.10232431802555365	1.6454179904951824	0.7158264621135811	0.02944329617687086	0.8470573649555938	-1.6207908891724219	-0.7019314606604284	0.593843020455445	-0.1968167423500411	0.8733069951840022	0.2697297867946768	0.5699428373645541	0.12941851510450564	-0.6761344315992373	-0.17615434159728627	-0.11249517093516405	-0.02716144846349563	0.503685908251135	0.8458062223148058	0.1761281172875609	0.2621782533756939	-0.21117722372017453	0.21512435124953447	0.23847503373119655	0.11386847653005959	-0.46691273601190253	-0.05669293405086175	0.45381628076698916	-1.2520663620141275	1.096937504468575	-0.018699932387234736	0.14502913012021504	0.11762767105561092	0.76561103366974	-1.6107755325276367	-0.24032752570248359	1.7952895736569952	-0.4481802840254352	-1.0280954048699258	-1.0601282030420687	-0.6071666952168023	-1.0782106392595328	-1.0123163500404877	0.7537826802734284	0.16182485018369777	0.6294290646603948	0.0003447109254271678	-1.3916523889575407	0.8692746308749055	-1.4747098620639796	0.1460002496922646	-0.6499212501814043	1.2213306122462781	-1.1236438594982538	-1.3174411488570084	0.0979487692431202	-0.5970212032520312	-0.20843745328988378	-0.32517553115329245	-0.5231685559971881	-0.5286505896759751	-0.4815412968836042	0.3747266724079263	-0.5274122811753421	0.3695337420733248	0.31012870520592983	-0.06045993793552248	0.7561493769926256	-0.5261431374998924	0.04886818480402582	-0.059453386761568944	0.31629482351346727	-0.45372799390081126	-0.5191197544144707
DTXSID6046478	6.670983202608437	-1.4123176762193967	8.892931060415895	5.696927520856586	1.6325187679724014	3.562383280729277	1.1073892683572686	-1.8462599434860731	-1.9394231954527852	2.3143662854154323	-1.034877940149116	-0.1811956476458988	0.9568031152470422	0.19447340005494348	1.050201311269162	-0.010482399155309541	1.0566566086836569	0.3125580963394178	1.7404816758507942	-0.7012678217634639	-1.5548566852339096	-0.8877515307712236	-2.0857586325959563	2.798489441677497	-1.2208367209960123	0.1572478951989401	0.09880651435327249	2.3165636305914212	1.2014711552856903	-1.1707143928250778	0.44505660691744625	-2.148723576000372	1.0261011328029777	-1.7620406188219526	2.951963390647173	-3.1036578679330167	3.4654902299443306	-2.3657410407372303	1.3007016905153455	1.1959289484295563	3.7186810802137433	-0.5493912492185709	1.320795047685894	-1.851665278192275	2.6948325363907166	0.8126389918370999	1.9526360495386184	2.194901519893327	-0.9701696074986207	1.8461439893419846	-0.33847645972595225	0.7349468650156085	-0.7699388349510521	-2.6568221424082705	1.1985139032539358	-0.04856949580456103	-0.27709068883312943	-0.3865064938997887	-2.0398638359419587	-0.13155926474385246	1.920766856538081	1.3389194728883242	1.0330455833760523	2.564134399968988	0.01687726651098771	-0.17637556905856822	0.35731868241681425	-0.7004808250736586	2.007026177406177	0.116143906898732	-2.1733589380771523	1.1955453413300532	0.8155595468024947	0.7445030176730841	1.292200549918169	-0.5791936299082797	0.6055741299262036	-0.08874221054807366	-0.8466234591906016	0.9005302636297918	0.35578193953077986	-0.4404057947430833	-0.019305125648052892	-0.3562778760855186	0.0855428052966757	-0.17321885884811455	-0.26435079266805417	0.32112053576088473	0.2881883379507733	0.36062011463208704	0.15680103277578925	0.9660877330210952	-0.21392750386103276	-0.31922254397833494	0.2770951501427238	0.2802699151294359	0.2515156635130754	0.23682887849866385	0.684834738221378	-0.19180676585242873
DTXSID7020427	-3.879903708478291	0.9992108785537475	-2.761981044997888	0.5161262899633016	-2.1658295933954514	1.499628456341542	-0.42188907056564756	2.30449881454186	-0.7676869066419879	5.61550610326154	0.4237996590609835	-0.6000866598221629	-0.5874783871488306	2.6908997728325343	-2.4383862853690275	-2.9107801272092995	-0.6786665645706101	-0.8549073697966453	0.7983962832878199	1.0148765096796863	0.34022447225477825	0.487166662423742	-0.39634892265532495	-0.17557691563460187	-0.6525954899062574	-0.39232387222264814	-0.5729041367506141	-1.686816912796215	-0.42730790495179477	0.4176669287415982	0.6007536870165898	0.7348247999102315	0.36554416725839983	-0.5220559386469016	-0.7346131957953363	0.25275040129221693	-0.24129523030425964	0.65125873818364	-0.0030600289449763322	0.3667672978683372	-0.6107664693789069	-0.058977538572347214	0.5254699257229666	-0.23268923083569137	0.5877166763533923	-0.04346558481395448	0.07144947558650651	0.37763292189231384	-0.3035824957309356	-0.05159562081087438	-0.361809516625994	0.055695317473432496	-0.20002189063900552	-0.19798334719835786	-0.4081653751415223	0.3816515180000638	-0.17118809550612504	-0.6041960620061416	-0.5481186847492919	0.05914203222734162	0.6042175276723012	-0.5656446864430211	0.36604708409132924	0.29505685586255287	0.5042596370506199	-0.5928531997937704	-0.04963431759364371	-0.07617835517921082	0.5686461838643653	0.3241546809221839	0.07897596152278587	-0.1108554939613758	-0.10309835922937884	-0.008281073950467286	0.2953936919273841	0.008005294274200006	0.3356455905664067	-0.07129497847282419	-0.6725074734438851	0.2140765388954886	0.32747948660642423	-0.2236237589307936	-0.0640955946139424	0.29055554974518966	0.3272762063083681	0.4355659102322308	-0.3498715605598495	0.20489572213773444	-0.11001107666034575	-0.11771951327273457	0.05402252616560886	0.39126185992115725	-0.4096780065565985	0.10132515500665475	-0.4082899176577174	-0.03403870233893157	0.2798554176525647	0.21711154326631293	-0.05853217179758645	0.14886771745885155
DTXSID0021832	-4.519536610007643	0.8121055885453794	0.7496169161026643	0.44782962804569143	-1.3554669015689407	-0.43054264120796426	-0.19588394168180331	-0.558260247937426	1.4595761864536088	0.5530884926871833	0.7626294789926608	0.007270715983784737	-0.6162651699285479	0.15319023879164653	1.0523897872471768	0.6281339825199465	-1.0501802402911458	0.23631107653314304	-0.5751258699678825	-0.18069331529060004	-0.5893525129462047	-0.1544471934430472	-0.3918373952874048	-0.6095026768431593	0.500261754389939	-0.8053752708194941	0.14898580108295797	0.045427109976717485	-0.2344845182335092	0.35903422284172065	-0.08455591422994203	0.47186129867309184	0.8894265234572664	-0.12754495883575073	0.11392331691679791	0.2557502780993559	-0.9417936067662228	-0.3029538464109958	0.2744235437304581	-0.013735651054968859	-0.15922235935940882	0.04935446200854882	-0.2191937652775624	0.27105808822087224	-0.047975438038447886	0.23799857287658366	0.6412977657537415	0.23358085416877594	-0.18719409411222993	-0.05270135785566365	0.010957364482857211	-0.038177858071273926	0.29902943985213293	-0.05345023402382656	0.2969937539876781	-0.27834581291950994	-0.3227869037737188	-0.05175747359090834	-0.14253280214752695	-0.07122052989408431	0.2679708623414241	-0.1485448721548669	-0.298737038535997	0.35357314465594475	0.20027481654092252	-0.3074577462895294	0.09953467175264592	0.8227088639118361	-0.18567545071571068	0.20471843422304095	-0.6122412256087634	0.4282144549207724	-0.07531571708031179	0.17481913265199883	-0.16229712943550997	0.664773747733111	-0.25070875000893467	0.1351911904223858	-0.08537201504889766	0.5268514914526156	0.43746564677018823	0.20002485384101762	0.4463439992406981	-0.786929682685931	-0.044244586799312854	-0.2899729001215419	-0.0027713495425585343	-0.6729125842935988	-0.02964881081304086	-0.4415231606649015	-0.30341930113222504	-0.1019670039700017	-0.43797171589663364	0.0841978138039512	-0.37319457521652544	-0.4431108561287473	-0.03669588882522719	0.18161427451161727	-0.1030044640297224	-0.3524741272149525
DTXSID7023302	12.796401568818277	-3.75149645191644	6.924121707123064	5.419310073441991	5.3822104069976415	3.2575821134235023	-1.1015922841238042	-0.9467290361616515	-2.238403782177324	0.5741787576712651	0.1940802089341517	-0.5622246748259124	-1.2097002313511132	1.2922445652881076	-1.4308802647174725	1.6118994671792373	-1.0100703937856272	0.3664848041381358	-1.831590103378304	0.17261036391831738	0.014850014825954095	-0.26490809510788477	-0.2589959185523265	0.08287732523967535	-0.35172538417236904	0.151343951692177	0.32705203709275504	-0.2082420936302152	-0.4451229861121796	0.01856475279909895	-0.3408681566954558	0.4189545608048391	0.10296773319569717	-0.10002862801333288	0.026182182803323198	-0.3043564862528662	-0.12203565710319322	-0.2481909084722877	0.09392953502635357	-0.23196967609902114	0.23219528217715255	0.4950807518713483	-0.19076696920370664	0.10850784482546634	-0.04483346535400911	-0.42772169697097473	-0.34474949226436274	-0.08320142387564097	-0.08260148504162028	0.23653723066270696	0.09231588618595923	-0.0506809038555372	0.08471709842816719	0.029208867208464606	-0.3696633872201544	0.10234259373316074	0.31456672198706337	0.035567238251620045	0.04973672060499886	0.2095343639945754	-0.6491626737653106	0.20408930950083043	0.06762043624440378	-0.35320686345264185	-0.16701563283662313	-0.2952487357134216	0.5767007491935225	-0.8724707012525974	0.3065690463788184	-0.8895033383126031	-1.4033735010774633	-0.0006630544132399957	-0.36510150665637764	0.6597121342046077	0.07448524993399441	-0.6516766749672321	-0.39821411608231794	0.3496231594006576	0.403448099852163	-0.051446879725403606	1.4696546548867147	0.37127646593384667	0.374466016176526	-0.2786775246342149	-0.8274276037827021	-0.05149179489021558	-0.15539834914168735	-0.5125247056619833	0.23038647817200106	-0.2302790003820126	0.5036429893854193	-0.3599007520340888	0.465305105982561	-0.04593408372920457	-0.4845510535913491	0.01940068893800382	-0.1700362719659678	0.9293066967803902	-0.4693316110743035	-0.9112456164711757
DTXSID2020923	1.5021593169100185	0.7964396054276028	-0.033982781510412244	2.4127429838851384	3.3803785580833545	-2.1227602802237673	0.7276064063075831	2.207371629009964	3.3511088126234863	-0.13345222695247055	-1.5425743597403259	-0.4462735951681813	0.042663215707994175	0.6540639722356677	3.1169731047741323	-0.5390735964713661	-0.7691514872015817	0.28125754558796456	-0.653903711788962	1.9167581591534568	1.049961447123942	-0.5370553044069042	1.552482297099577	0.8938782070905148	0.505173665510158	0.0899643294162306	-0.40477714506905144	-1.4257423664489342	-1.7400220488030693	0.24634855847174844	-1.5844184780805453	-0.5817159981874903	-0.6537288599907292	-0.24967424644411626	2.450768308472987	1.7375559186340803	0.11051170588557321	0.08579887682481692	0.4135858919992112	-0.05698320134649023	0.07610765637818562	0.4858951219683218	-0.8755245692539458	0.7295702770312413	0.9319468912751818	-0.3376211148575693	0.8595525103153152	-0.5962949466504612	0.09055348868031708	0.6966464275109363	0.46651455950483617	0.3385889908687315	0.5860217745116152	-0.44089361108831054	-0.40870599166092403	-0.3116128750683657	-1.2951486483279504	-0.06035801977324911	0.7411782869703265	0.5578132999138317	-0.06946207072598365	0.7237813957151796	-0.08025041065675474	-0.053764162987023384	-0.19322813042364534	-0.28465794233152264	0.06453949954723696	1.1810832776379	0.6223952426856196	0.7756094884062458	-0.5432352279200006	1.2149552265540076	-1.279336344509007	1.1960654736426264	0.88455858703114	-0.7642421815620438	-1.4953675349209725	0.13124820085052674	2.4686296404264727	0.4314784524114116	0.09106323694585514	0.962749236727168	0.9499914898953861	0.10579668407982197	-2.1286721133529767	3.385833691188674	-0.3498702722229765	1.4212055604455185	-0.3445134476438737	0.28600179090133937	-0.4933920224055279	1.4725660521792463	0.007267795399689046	0.05574372616548409	-0.008872729801260077	1.1379945994632694	0.6350961842023416	0.2105146513282113	-0.1831824091835644	-0.6124068165383251
DTXSID4032374	9.960948785106384	12.272977754183318	2.091922701365527	2.567666032954193	-3.5372919628306048	0.5107381242240258	-0.8651877867954599	-1.117077277830415	0.6679222955590666	-0.7959654852321411	0.48904133181971515	-0.5179098805808535	0.45701072781869856	-2.8193274472072547	-0.08840315260297482	0.16974634424287022	-0.37683723478351405	-0.7038070158158843	0.6431997973041405	-0.795170892896241	-0.7791027181034552	-0.016692125411493664	1.0711644886839926	-0.6001838215734977	-0.5207669581654538	0.9155912338565504	0.1925305565843885	0.6914810453782817	-0.19845101884857888	-0.9796744603319977	0.3201141432044405	0.5535676543374966	0.27029651783016434	0.577536398291618	-0.23275243171009075	-2.649436132299721	0.9802096301295553	0.6813250663246208	0.3838916523354907	-1.6084558428234406	0.7542667546572847	1.6108899728502435	-0.2701485330800502	0.9103914903643154	-0.35031485885949015	0.7026534954450181	-0.2782745601877749	-0.2274542959561668	-0.26513537905609064	0.18942252391071046	0.5012409631988581	0.14558748598198037	0.018628678158273727	0.49483446072136855	-0.28489526218826977	-0.12035901901682307	1.519680272671522	0.4672322584541183	-0.3427728631981187	0.03428881159879596	-0.05736610005650162	1.503387064332483	-0.9697586657569743	-2.2183918035432435	-0.30373828279513154	-0.11415772156076325	-0.3464581279185221	0.2470489738422992	-0.19741103420289602	1.3089068256722325	-0.31446673012850057	-0.9018289647714042	0.4195885735564807	-0.0683298928956588	-0.03935178885666038	-0.3755681206922052	-1.8619567740996341	-0.349032051754116	-0.738791250784919	0.14062685514996998	-0.83594948410732	-0.62819547050336	0.49744857113866126	-0.2683420705298433	-0.17746493182251138	-0.003335878526133491	0.1483837330803745	0.4086850799229475	-0.5081135609708799	-0.7541528343085379	-0.6557310000905993	0.1156750267805035	0.21745706291828112	-1.7460589024420456	0.26483245388126697	-0.625626772707046	-0.6437331069724591	0.22757780048668436	-1.2908457217132594	-0.2000096743345011
DTXSID5044992	1.5381681364378899	2.29341770797518	1.720984796450602	-0.20441774862517506	-3.5472353906823493	-0.5070139979864858	-3.8647507359843596	-4.789944010618382	-1.8246519971872968	-0.4778411036183155	-7.255438053813035	-0.8440652540372597	8.65041390934869	-0.5732222638038824	1.3074542702616077	-0.7984354385292375	-3.3146097355852238	0.4576321072881052	-0.9590167843294017	0.4415338425771512	0.3744247828357996	1.6424388482955612	0.3791960967465371	-2.216756764822717	2.4451485512402917	0.47529259867368784	-0.24893314122851268	-0.7442679619059656	-0.4171176237226548	-0.5965202619694965	-1.1563052151912598	0.16531884055041693	0.12045888434808175	0.7275459570858526	-0.8689761574199983	-0.0862456312793397	-1.5859946093408752	0.2007589193518895	-0.7133326625930786	-0.3625406709607619	0.7616967533586166	-0.014619002641283777	-0.16237924847106674	-0.5519774361442458	0.1829945498896514	-0.07683361939700799	-0.6934782786052579	-0.04174415429395975	0.002463120324663758	0.14486379592705823	-0.11865054727196436	-0.6710085491240179	0.542695314904345	0.37338094103141073	0.09478588157992068	0.20179871046510878	0.820811989497488	0.587179046118286	-0.012062568226015926	0.1373570616307276	-0.41380677391697385	0.4371564465997626	-0.12604105698331192	0.7751762039107053	0.025013496575951092	-1.2137785143910107	-0.04909989318237496	-0.1207148810912476	0.7240037132935089	-0.016928330023573388	-0.28050033689233317	-0.6130166195605028	1.1834478141694744	-0.4111557273570743	-0.6061450684137839	0.3205800383614111	1.4372787270999234	-0.277708356841372	0.46761505923148494	-0.5169106885422259	-0.9206110838611928	-1.932834198371549	0.4241302960516783	0.11931201635524137	0.17485340807776384	0.693017328457662	-0.04825057987184877	0.390261514970386	-0.22750216404909365	-0.7475796681667607	-0.19543390559715934	-0.028095331767210248	0.968585182332841	1.0514068788045015	-1.0691451865375805	-0.09507509694151997	0.4423076977707753	-0.1348360920763959	-0.06295936860782343	0.8482368528032592
DTXSID3045807	4.317368028329777	0.8954118090064406	-0.774554040558083	-1.8181799021128444	1.7330036319483948	1.1388018465960836	0.9849294446601142	1.3177522508408708	-1.6271025734100062	1.9772164024548797	-1.1662149821544234	-0.960904196163497	-0.968150117684097	0.8358645627811819	-1.8814165906776728	-0.6610374134067266	1.3628297688546958	0.06127982702890085	-2.637882043113115	0.2935121078500391	1.8428986393469147	-0.564506506527503	0.4591405464867872	0.3998711648433752	0.36280762001442624	2.5155328318664716	1.7997502272070518	0.07591284617269095	-0.46794566286864103	-0.2880948522942578	-2.169183100814757	0.8777106197268594	0.4125265367905376	0.45103559210185146	1.557937963840164	0.8014305288229003	0.7996320263387094	0.12987247558251772	-0.2586979981764216	0.12876480178676092	1.5540765521413533	0.35467901976968175	0.1264462834763877	-0.44824495878079995	-1.1373741980484138	0.31045355847250805	-0.8291482522278661	0.4446386553522363	-0.25018046458095144	-0.22377580923212342	0.05534694599275073	0.12035344783371935	0.6070623527522927	0.3051273135492646	-0.2927321306044282	-0.128998645620603	0.8529719375873621	0.3850933821634646	-0.08865958509052231	-1.8844836216722114	-0.5764768161880278	0.13119819150267212	0.2438280157397163	-0.05163025216426783	-0.43322381941357063	-0.0585566002987737	0.7947768119706223	0.9609320389693008	-0.08627074094371617	0.20557234350932774	-0.3341111778880609	0.3893239585525432	-0.9904683857742232	-0.4936971966055518	0.5342766131467395	0.7418848909290922	-0.34277221761182297	-0.13721549984721015	0.5467520542226392	-1.8228521403557276	-0.08618553268814017	0.7807529646592551	-1.7325124560406984	1.3873936766800576	-0.6228286469625784	-0.8696273588499698	-0.2609900303626021	0.15745982331144226	0.2319180808813682	-0.6786671677157929	-0.8122040810515879	1.1139744943640624	-0.43273770003934575	-0.9974523106612414	1.3948655761168445	-0.09957418141266931	-0.43040837707496094	-0.5826376443474958	0.008327458125872132	-0.5897523904909965
DTXSID2023567	3.3788573541079523	3.791639854861165	-0.7956889000430364	0.5147880429596192	-0.11927008138977606	0.09768371536685798	-1.6412148425936794	-0.2628879956632042	0.9393330493048409	-3.044962215300224	-0.042603548727033855	-0.8527957638638498	-2.990594856884461	0.6980904188543863	-1.3632332636040894	-0.8947454886633749	1.7423227083100405	-0.3320169317423659	-1.3632956603852717	0.0854681501130865	2.5455659874437573	-0.40286277768827994	-1.1007719033154102	-0.9899048637361261	2.0672613435580693	0.32877886111627214	-1.1402238437173304	0.7225737719823828	-0.6436958218890091	-1.074932933427692	-2.019951743751783	-0.7252134102598092	-1.5022407548788137	-0.29393181426789455	-3.492714178912499	-1.509569721986554	0.3840114696981474	0.5244174881359749	0.7489014361487611	2.6844009437211307	2.0242869086674404	-2.876881300431538	-0.08692120783490323	1.93391187620722	1.2067391065008612	-0.6711751675411687	4.342418666571612	-1.6384967403944808	1.2057714947051683	-1.0241975016832858	0.4717940815017688	3.05065812174837	0.5810044392171769	-2.015654531462464	1.636357204998716	2.793523897753683	-0.0026633531310846985	1.2236197613990505	-1.9002188376896654	1.7028795872712486	-0.9032622476646076	-0.5606388754516697	-2.8226022460277793	-2.577127081524272	-0.3563900485221182	1.3462675625821228	0.22756595122639026	0.3111637873219077	-0.422017405839771	-0.04720539826938392	-0.11337774603279782	-1.2190621324894273	0.26377877035472047	0.6271263219586796	0.8106499299747164	0.7140032670187377	1.5236942862102396	0.3297860545510909	0.11519666603216673	0.029410600301427753	-0.4247351687235291	0.9761385666579256	-0.4327237250376316	0.0925283273028192	-0.4449372183631742	-0.41610546983487123	0.21032999515266718	0.36807896262133616	-0.3997077265132771	0.10318731076769934	-0.12568709028904423	-0.0757059611141303	0.649364349920496	0.7130680558158018	-0.15293625641649475	-0.28295600984168007	0.5985201225574516	0.04438202938659597	-0.10504913616260564	-0.2562632482715851
DTXSID7040990	-2.17602357606568	1.7271577687506732	-2.6025720033553927	1.8285629087931743	0.16597693602600913	1.1525774457980464	1.1323243100715916	0.025890322211761744	-1.6932624042464333	1.4550618076625723	-0.1821130166698763	3.2462360813948132	2.820426353805129	2.321491633033069	1.643918185986976	6.912844460162735	8.052976049434248	-5.588660907963055	1.2020561978983395	3.9394263890174015	-1.5296786324727332	-2.4658914596290904	-0.8647492169117601	-0.28514822964303665	-1.517844450579494	-0.2751968272903832	-1.7675040138866416	-0.9598476339595481	-0.7024729531841032	-0.04753264486544379	3.6924837149669947	2.2983933551434768	-1.543129508806415	0.715334365499318	-1.7284811684723425	0.8792917777313541	-2.1879575036604417	-1.0192448805797616	2.5653175882252337	1.5297298554459218	3.9597767212197006	2.2223520769378053	-2.467568234218608	-1.5715537207104202	2.099459060094547	-2.283751635822335	-0.9451008715037142	-1.567161588862986	0.4509674152951072	-1.7415404573385502	-0.34869457844202517	-3.1739404111729734	0.11394995618496817	-2.39339854032176	-1.312823058167907	-0.40355888622826674	1.437972838384786	2.149936459887374	0.479128498030044	1.7167502752869432	-1.4443928350871567	0.17525317868598012	0.38398827500812516	1.2543331695088966	5.4330264422131425	-0.8259469248548147	2.262018489122264	3.689097842021523	-0.7420877344396891	2.4873122423190868	-1.6532398246583249	-1.5637122456442225	-2.53076403871649	-1.5257731101757768	-0.662097511290793	0.5833333014317005	0.1942989261752004	-2.884990432039297	0.113449401156113	-0.7631050774623198	1.0540214880673815	-0.16294949979397566	0.7974593783260976	0.3730086212787453	-0.00040052365791393743	-0.03241732145741503	0.3503862012824773	0.3628982373853343	0.16278360800401426	0.6977553233007822	0.8002988445566119	-0.8592549641250753	0.42908078938256117	0.19504486197082233	-0.3085252236480854	0.10591087578631572	1.0004955334987495	0.4125758094184417	0.8127766079282863	0.0997391611371925
DTXSID4045341	0.6292055021993213	1.1501031896437908	0.997717078289348	-0.4520021494481023	0.006744167334017354	-1.1273060790073455	-0.4428981205579036	1.0611993428555702	-0.18200151261455064	-0.6616570572693126	-0.3711747720929388	-0.4935554001161763	-0.48689233183269814	1.340021020953433	0.16631661272773535	0.6199507137771497	0.4162192963330802	0.07510938896919252	0.10455604550810596	-1.4163268879287878	0.5081881172493479	-0.6272996476703677	1.2615269287428506	0.2131185509573837	0.22432900153791033	0.3591819199479442	-0.2703362982525481	0.2426348404187353	0.24261156454347357	-0.6445518818250653	-1.46457268084826	-0.4218998688636817	0.09222029804644828	-0.454050543092914	0.0827535272566902	0.9574852971168274	0.20948315504912463	0.010676825829813351	-0.7882661235434612	-0.11669718755539171	0.7186725838712871	-0.13309181159105	0.00753798856239884	-0.053659027924722436	-0.5666718054924434	0.13187921209739992	-0.1892583159711601	-0.17045502371683297	0.11008660685134346	-0.08636290467691504	-0.10916679054779337	0.029707281025032083	0.5277389181303502	-0.1732759215541999	-0.039010900950974106	-0.162389234285766	0.04595404785109023	0.4272373016344507	-0.13866225852514166	-0.13143083867878502	-0.3714864769052323	0.1729265992831739	0.052377258207477184	0.629687609582442	-0.3981234992365502	-0.49460028806609363	0.2333628301365369	-0.09643725073301998	0.26058217730288263	0.11701900478852062	0.5801781266048296	-0.5722784988257347	0.2689681376650625	0.14720418551274808	-1.0389695359427569	1.0350855654193505	0.5025846541184282	0.6530923693844839	0.764813956470758	-1.2007676727255217	-0.11370990199937389	-0.0593362027170742	-0.6415927893797523	0.09912950055239843	-0.19661339232761976	0.14082202953527956	0.5852591472380374	-0.39564098500852657	-0.48934652578314564	0.16285314167097634	0.472094204055733	-0.022864044708946707	0.19985236163364015	-0.041254584194652125	0.9362708035311295	0.30969498748216995	0.1516655764473118	0.060346388501575345	0.5164440711101428	-0.11677883411857315
DTXSID8045486	4.704603823631139	1.5917663908089021	-4.770518469640179	2.1797459444670557	3.010757614058461	-0.11568586843788878	4.497661730362293	1.043526525865479	0.2939104427836412	-1.845808185048634	-0.2883186759148784	0.02712082642560832	-0.48015130273054835	-0.7513609297348284	0.2854290650673457	-1.460482728176949	0.11853274014773459	0.764024822321771	-3.532758097845699	-0.14681311660283908	0.5564360942289573	-2.08825993814199	1.3628447825784342	-0.05734323184662277	1.688698777171021	0.5723082547185369	0.3853003363373707	4.604432571050058	0.4139112302667703	-2.2014727348400305	0.4396416715869104	-2.2826733803287267	2.4058644570293293	3.695943480271332	0.41553814571205916	-0.11798807733735181	-1.0212044457682532	1.3897858728182633	-2.176173339657049	2.223036995006426	5.415298014637947	-1.2102720306575492	-0.33245258209133566	2.811684471688169	-0.313321007260924	0.7470222818842608	-2.20764888954374	1.3388210445343827	-0.3144798704562518	-3.0076667077893915	-0.2291338741661777	-1.1947277000739494	-1.7555651570322848	2.9765941252708883	-1.6246119110666513	-0.8767869101020951	-0.05673273234741529	-2.191541807101844	-0.6943496700616149	1.8513901213388055	1.5849132348338097	-3.4610130940480346	1.2035302653967688	-0.14244096199771367	2.6851987466893745	-0.38135437106254294	0.7375210632606211	-1.8457118544875544	0.19552209022419842	-0.6578981009902118	2.579145509930081	0.9474029312044379	-0.26010682621951553	-1.447263512765246	0.28991741114161146	-2.519090918211674	1.0259594914589047	1.1117597018968681	-0.5036973525574805	1.9063603819534622	-0.005156921275897839	0.176447608668986	-0.5198741866430555	0.27424567194341215	0.05296644893404404	0.32781137197622334	1.1157332106723616	-0.5473482823217717	-0.43388743610355335	0.3890796095211753	0.09062485171028249	0.38318397521285896	0.7329671033739257	0.1583909830378577	-1.3409359986267415	1.7402098845425518	0.07539696001779081	0.4993944347491901	0.5737714868801135	-0.4351598780554645
DTXSID2046701	14.719839311478573	-2.336769097786304	8.092702266730301	2.142080194161325	1.6433816523359603	0.9821685156805067	1.5829233448831932	1.5040728313201985	-2.0310751179857265	1.2854738941025332	-0.7122078092252475	1.2088110469514164	-0.7543002879454774	1.2094062029493517	1.3986045840289683	1.4065575682099354	-0.6089488701872096	0.2527654569350483	-0.7190524252455531	-1.6224285863441863	-1.1666556030913195	-0.21838024993804186	1.1085293910451404	-1.9267437117374773	1.0404314667103651	2.4029479513133927	-1.3235213915744337	0.3738350885199731	-1.3514565000811947	0.4467442891771281	-0.5286714495438931	-0.4894987266863745	-0.37983212837699826	0.03262179344395312	0.29557645379282416	2.0480270456068363	-0.1156416668932741	-1.7472362652346674	-1.1121399904224512	-0.0967616225350029	0.1548789141995887	-0.5666696526864403	0.5440137255701488	-1.0698797722948528	-1.5185200581389342	1.4150170732141816	-0.7062206059121147	1.2243332689155084	0.09578210397866911	0.17953605159419067	-0.45904644556751195	0.09484614407290391	0.5599697047454807	-0.14168218656647028	0.5227789417779862	-0.31018593993781896	-0.5862295931525613	0.4353834399820146	-1.1996002220623156	-1.2372094248881076	-0.8149079278438378	0.16724432611573195	1.3622441721233944	-0.9202270004270867	-0.7942196607690053	-0.24586047423685045	-0.8880194191249965	-1.2644889957499208	-0.3694532327853401	1.1847522211125718	-1.2533396560564765	-1.9423497951972286	-1.8364587589686223	-0.3680939168056566	-2.317328945372972	0.03352796626791615	0.01436021536362497	-0.6258601684251955	0.5160962014897209	-0.880773554857898	-0.5694646192352127	1.0823372656709698	1.210895032194903	0.48386849352510725	0.5428226158767984	-1.2145429070786942	-0.7795717688151989	-0.2663917351099605	-2.4631035523319182	0.051633134889009565	-2.374212645435774	0.4836039266364134	1.9302024966842188	0.9724969217648365	-0.3107239634728032	-1.8424306360887674	0.28881136985691697	-0.3495890998673429	-2.1095315990476293	-0.697666791224531
DTXSID2026781	-5.355017503187918	-3.506931364510393	1.7153751517617142	-0.44359357425958684	-1.3437399516935884	-0.0822302944018806	-0.5003801562291631	-0.6124192498196529	0.487924481012818	0.6554919780185383	-0.29566167465702764	-0.20754215371540083	0.3071467458293397	-0.3607394348215279	0.21037058179790732	0.4391156382189078	0.2832423431303032	0.6538561035869708	0.030382266286256128	-0.7291844636743513	-0.05885948717673905	-0.2917389883874408	-0.4335528034182659	-0.3929780075616438	-0.038736745261609015	-0.05294140678514172	-0.3132289185890041	-0.35538091518833875	0.3419434507167657	-0.5641249284476716	0.02710078287121389	0.37293732136536484	-0.07839545691737052	-0.04323889583637736	0.033393532229128324	0.38426374199501007	0.10562478510816196	0.4391139269353878	-0.5622099708512367	-0.5057560740835483	0.1853812085332047	-0.039225866772505384	-0.31925473819083944	-0.3286535108479963	-0.011141511169078026	0.317775892370901	-0.140087863769573	-0.2667969130574675	0.12801308588229346	-0.2297214517571257	-0.035870710939501935	-0.24016348551989927	-0.09874160976377253	-0.06960120923777456	-0.19760237729666258	-0.031217977005621213	-0.012084797188076335	0.21191172982127945	-0.0005617237643642426	0.4211933456291016	-0.4078377703980446	0.014176527477943906	0.49854025760903403	-0.3608870799088809	-0.59253333799414	0.06819974097954536	-0.3427307051346911	0.15070807003611306	0.13467678296467786	0.5206256384846469	0.2913253859635263	-0.10250030972118139	0.7584642277925869	-0.08591132069111233	0.11438862341636206	-0.02327976046303349	-0.15187762383458053	-0.19223388301811262	-0.2883374140743303	0.04548620830301907	-0.09409174733588957	-0.3894288258117537	-0.2660301829430703	-0.13462479640627692	0.06579932546233555	0.2814408473776512	0.17324610438498825	-0.352034778451469	-0.3151290125869277	-0.02521784094573737	-0.03408082891067724	0.21507755214259905	-0.1905498380280747	-0.01203486780869438	-0.202365665145343	-0.05128806702216976	-0.06792649720030061	-0.13863767989854564	-0.12422084341827179	0.0501862180368357
DTXSID5057755	-2.528929421817622	0.9566095719016391	-0.2374652985694879	0.6216018126590328	1.1437215173366602	-0.023694153010629836	-0.34860976226291945	2.4279065208593558	0.7369682058542772	-0.23724919367526726	-0.3817514720186151	-0.4874490518270055	0.25887047730821255	0.18884844842908174	0.025019022480384866	0.5410011411648722	0.13069280811416478	0.22673220371076624	-0.4961862815199182	-0.8553424978044429	0.037578861981429464	-0.36630801765731347	0.9615860394534221	0.37364541565015497	0.05235416833068474	1.0599459458603748	0.688081335591852	-0.11079734695483642	0.0637559899969007	-0.38338967167580046	-0.5891722154185423	-0.3031104333447708	-0.6295177976955725	-0.42064627050118236	1.0237120746617798	-0.020385274496537754	0.0542179541925069	-0.06452295717050187	-0.0014291639211284548	0.6201410271727948	0.4241541766221642	0.5536510763796677	-0.19175459037033088	0.927089182174208	-0.45560050475487446	0.0945439074401734	0.12479569782210545	-0.5447077112260117	0.11563907849086107	0.26365337581880055	0.298314611280789	0.1485139225362386	0.41714940398799877	0.09209337444592997	-0.2090049938805203	-0.5755764674992236	0.03394038897908251	0.4287358349056268	-0.2925697118533368	-0.33641179632759594	0.07189932493488875	0.36063937167689836	-0.468968452309648	0.6085716821862884	-0.12147456175979031	-0.058205329192357255	0.1132939023956674	-0.01887541376496	0.10174920130692053	0.3367947442312599	-0.07401156644619607	-0.13616873062792595	-0.04808726068841946	0.5794743876027831	0.24870021087618224	1.0552511425426152	-0.45743165927096013	0.7741663472931443	0.4082592439628081	-0.9045426790278375	0.981872692672594	-0.6731576243546716	0.5797478083977303	0.3142062578226081	-0.6873319255839261	-0.4836452779601899	-0.011243840870219098	0.7851546922849489	-0.3527885259315975	0.250752748858758	0.603223532289336	0.4157099998244872	0.1935349130678183	-0.20134155263367617	0.17773945815228773	0.31881104585286935	0.025169077195803864	0.03011434851369736	-0.024222474922894366	-0.2627978389218655
DTXSID4040476	2.8440152345008043	5.81106341300101	0.4923984276636784	1.3531952093483788	-1.6963339303113494	-1.8857610449075737	2.267070937465398	-1.0639120015182766	0.5661046101177907	-2.00104281490561	0.20473567040472498	-0.5935758242121058	-0.5081226754994722	0.09406304676315211	0.3013993243285149	0.010344319341006856	0.32945912333435134	0.7542738426781012	-0.19169854956456125	-0.18028587723695366	-0.6708696393080974	-0.23101930314309588	-1.1855732188633559	0.14780234761085698	-0.07917924859197063	-0.03500485510807892	0.3095898134944383	0.03305135086236141	0.19082245125017994	-0.12819479585695998	-0.48756715304203513	-0.20380844092680445	-0.24047923958033468	-0.016708068704523522	-0.31319563330645644	-0.27292235645773877	0.38642536897780266	0.01098217529125143	0.11272038563563447	-0.8726687519498281	-0.10285244472941767	0.7515976002853492	-0.7331191322843912	-0.26027111870802616	0.03303647452856614	0.08777287765289649	-0.6292641817130891	-0.3944965026594203	0.08263790267858448	0.20348500471103623	0.1711444719884579	0.042255634711194	0.2344837795230888	0.10024816596875513	-0.5237203542591083	0.44981003994442015	0.5027095736192034	0.6422748378379542	0.2793245425732594	0.9773469754599573	-0.8942981396643573	0.7044449073643956	0.49427409271430095	-0.5623768756380737	-0.3553702828040658	-0.17026891577306022	-0.3288824467430568	-0.9297718273624399	0.29067661981236176	0.9982737435442789	0.1999829215001829	0.05535310155153777	0.20512459730354085	-0.08391180614493456	-0.46972270089743307	0.24447918629368146	0.0186078955069058	0.902221011858439	0.6427107083174102	-0.8201433472104935	-0.6201362313698393	-0.35859115926778257	-0.5113194489180118	0.285360164132361	0.12822294854090258	-0.39133455330027417	-1.1479063934168356	0.5530151191794869	1.0167095889153246	-0.04484828328022385	-0.8947691709946284	0.5409701696376438	0.08567286847326934	0.5174811150629999	0.18745360394472566	-0.10652947158961451	-0.6346469012864524	-0.5284777238155246	-0.3046097710950076	0.05765587888449188
DTXSID4049038	-4.542276856733202	-1.484264161883074	-5.558431447116446	3.2243957775612597	1.2322619367102112	-1.6388249007589792	4.277843588188306	-1.3094200315925832	-0.9516615628583202	4.204516286358976	0.6793328827105577	-1.6842128173792312	-0.2685887192855069	1.3039478135471538	-2.8751479760081957	-0.9472447040160515	-2.3881139371815667	-0.1957115974879206	3.184863985512031	-0.7469556060352914	1.727878928874441	1.6065319258194044	0.7760021240946622	-0.3869414306816764	-0.4964822619583825	0.8597114025209721	-0.4481341281567116	-1.7420625636778868	-1.4307998352903144	0.9257623643515568	0.2943280153670886	0.325090787804848	1.02792632803911	-0.2674958085924338	-0.5961247912763042	-0.2968820663700155	-0.1925751586571649	-0.7204508335135338	-0.6900424757105158	0.635627147355356	1.0302618936778318	0.20919478089780577	0.9412309838821346	0.09847317336834707	0.6222003053893732	-1.1006057740165027	-0.36372032278842176	0.5436565345248888	-0.4597620128105567	-0.19351785084993667	-0.3349054178592529	-0.5237137494005737	0.15684126352577735	-0.09796625614046718	-0.5384025495219834	0.23658726715321868	0.8597433708377854	-0.1327328786722118	0.0578776986094736	-0.13304411495378515	0.23690063064811556	-0.2675859396253604	-0.5004105351186283	0.15562707480083307	0.7980550094433023	0.1856200636178514	-0.5566936257304336	0.5461081878776436	0.3775688027819282	0.13585270674560904	0.21554020481387431	0.17482847512837132	0.03358942807252758	0.5565519140761388	-0.8172975571080732	-0.33116063659321554	-0.5823192467414623	0.000885926382081481	-0.259632225660655	0.02023158834947996	0.3791056495874453	-0.07675105397904211	0.2746701572773863	-0.34100536585014685	0.2854626739312911	-0.1691365606911382	-0.1419271540879101	0.34585783440977375	-0.10324613861166122	0.18178800005522516	-1.5877000804146664	-0.26856908635276106	-0.0017481162773095831	-0.18974424641468074	-0.8494463282715219	-0.32216337919480686	0.5189789060335925	0.510765850543004	-0.21394684200213254	0.20243564501726452
DTXSID8024997	-3.70585977354301	0.480640090500184	-1.4367402291549316	-0.007057797745299403	0.6362486115301289	2.640054578465018	-0.7065327056668416	0.7962145137919645	-0.9523548768660692	-0.05483880655267913	0.5749065639176691	5.058587012654967	-0.172902494700853	-1.8671241721375094	-0.2850280229731868	-1.075831672077669	-0.2488213099816415	-0.454033982176859	-0.02583449175597998	-0.48418354600102553	0.3802345645311245	-0.22672303083337075	0.49134059930584373	0.6246759163939494	-0.7714016041479073	-0.5388450450910038	0.3059139362234761	-0.8241535943879537	0.1161462517952114	-0.05664616886758055	-0.053299225670346166	0.11245315495017909	0.15162937910037053	-0.32489630232538097	-0.16324166983864125	-0.08309014144203343	-0.23141285463250483	0.12809475930088177	0.14177199864144144	-0.021230394345157288	-0.46012429679545414	0.3655374987134435	-0.10020211675626396	-0.25779468372722436	0.016627068432337674	-0.04937046892931475	-0.0922709190520724	-0.3849974626241552	-0.15194017505859403	0.06506192851570954	0.00010952035645107629	0.02406829515728033	-0.07071282511069577	-0.09445028095862133	-0.3048517436435434	0.1056477327231011	0.3609405978522669	-0.23221598394308618	-0.1378309893189078	0.3746597831636886	0.43516695680099643	-0.20053133432502904	-0.05528671378511555	-0.1711477372175334	0.2349126615996241	0.3377655614007164	-0.009643183436043002	-0.07588836893494495	0.8014854946740393	-0.17795999284997022	0.22258031908030024	0.3772211769408667	0.15027376603061973	0.17971453816991523	-0.6081009617577168	-0.4429779494486661	0.5363215182822675	0.30387618870289146	0.42199278868144113	0.5748318963477841	0.13574024597882722	0.7598986519864736	-0.051136275237635136	-0.5045780351454319	0.05214592797270324	-0.612792771176761	-1.2095695528494201	0.17879830037936095	-1.252433097173033	-1.1050094977743932	0.3117392773896927	-0.5536540505818526	-0.002194228745025286	-0.6138919027773798	-0.017127892126592888	0.30542738759928595	-0.15670972785566695	-0.1616477256570559	0.26899990479545605	0.13202043546444336
DTXSID3026304	-5.005793539406935	0.3320055542548653	0.1501260996819551	1.574372203019247	-1.1265969098826487	-0.16446595400587313	-0.2691402827339931	-1.339235542041561	1.098287536697886	3.0721241873933454	0.3307649302772525	-0.6467057133083688	-0.6254183586219003	0.9376369832428427	-0.374870202235046	-1.2249188951289043	0.11866687489615001	-0.14708380413895183	0.23798893361096826	-0.07727079758780356	-0.42395463446901366	-0.14235686928229235	0.5751854948123475	-0.30225101271988497	0.3745040375280277	-0.4967243461455555	-0.5819426230156165	-0.8909656489021378	-0.5521015382411572	0.4331612252489275	-0.5704420773204367	0.41076229350458593	0.7814100978232538	0.0763680560652353	0.13064613491764926	0.18140609466202043	-0.09534190886440363	0.35325254530638106	-0.04152229855097215	0.19777526596548542	-0.20131651800284037	-0.1455553693572041	0.26890178300440626	-0.09360196165318749	-0.09195001483413079	0.015338292084090072	0.2785755262880213	0.01587300075254336	-0.21575142042056017	-0.15154916314976752	-0.06603523388488099	-0.08827522754465317	0.19720929625047223	-0.27321679781491676	-0.03353005452788352	0.2500546971680285	-0.15611670515114942	-0.33708666485725514	-0.02851257289644602	-0.3491040307009883	0.6318589390336922	-0.02064333561323887	-0.08716744031484579	0.07225557241369068	0.4279616759763895	-0.03316343696672899	0.07446108764944286	0.6511179907558181	0.038164949664883846	0.19106195922329214	0.1309835093114313	-0.2138420816341839	-0.19961873450414203	0.23070588031399378	-0.03504900938771199	-0.20681382993989644	-0.27983134962706724	-0.10032752334686028	-0.03029396938261511	-0.015600707767732123	0.30985125461678137	0.35564001642990434	-0.030941747554536082	-0.3002716511271082	0.19927902134869396	-0.01848192121877901	-0.1553212494809626	-0.3703666622636008	-0.05365419508452434	0.052719042574060695	-0.3449650648644214	-0.09581777597546247	-0.16578136253662326	-0.10896873235152749	0.062319574486895096	-0.35427735301716706	-0.10234039264269892	-0.20401794626015565	0.1487981009906868	0.0038105561103416894
DTXSID0045753	1.9187113797087445	-0.3826342611837552	-2.0191462421992576	1.3327337369744718	0.8682597489144034	-2.8325998734064344	-1.390287347902511	1.0772342618389086	0.4721191027198342	1.6544129177786242	-1.8265989840775843	-0.7836525170921208	0.7436786282615654	1.5933635474163863	-0.7726024283333199	-0.38425682762146096	0.7407188321924579	0.6553069413949763	0.058560156012542754	-0.8265166308671537	-0.5950767225056313	-0.8958693792669447	0.767636910674113	1.3688745750475035	-2.127286087454836	0.00657835851502074	0.1986649826694663	-1.6172786433397335	-0.30226025923187666	-0.4102184917661067	0.13738410013752253	-0.7002246031780436	-2.1531502305409806	2.5299409547251335	0.8594782463544882	-1.3193556431809672	-1.1722006192851822	-0.637097747396526	1.3995266716882129	-0.9806834293949186	1.9671671508524404	-0.806767909710136	-1.6845068338884819	0.8903244313731341	-1.6299385743627686	0.08828935711061241	-1.1170990403546073	0.8222976824477553	0.39749261736959457	1.3879974736016871	0.5880056268400223	1.0898265491380745	0.3652853647327941	0.7293604858702241	0.5413331983230232	0.44303287490554477	0.40916138506646355	1.122672609925145	0.7453250273310483	-0.20202670264672679	-0.49365186995180266	2.0930657512404536	0.8726108370347001	-0.15965429521804364	-1.529939912126353	0.5019724625625489	-1.2377377017298867	-0.49751445468738703	-1.6787320542141129	0.3041304556901464	-0.2592444775778356	1.0085473451456934	-0.679033260585835	0.27304713883391046	0.3199860636740895	1.3125446944400276	0.6536662057526349	0.8729165515720057	0.3661095462589963	-0.17136797956524485	-0.26230243769362394	0.1038207453863993	-0.29512697225915957	-0.4546662875681962	0.7086178045066757	-0.42652466210640294	0.9690358975760439	0.08443837467302148	-0.8007315250926439	-0.039013707819075316	0.33405921515666276	-0.5252455368440612	0.3878871938456827	0.26701552805653156	-0.3667342455722243	-0.16867374143266378	0.7825312633025744	0.28210067177112125	0.5008364227587551	-0.04757925455833674
DTXSID2046462	24.085829267581804	-12.106952073428033	-12.51534614069093	2.528011487825491	-3.502146213419178	-4.38147798367819	-1.8201999572069585	0.8078857885236098	0.018157639156270312	6.735620059140798	0.05813469011771744	-0.8654211589341909	1.0764171296399707	1.197549497873046	-2.6069277016579306	1.3516924607067085	-0.0022485722911513317	1.583625458542331	-1.761248349540184	-2.9448194585536083	-0.36618422040253623	-1.1079062650233251	1.6644230433980938	0.07386150558433824	-3.2481369224549494	-0.20479013917400204	-0.23599019172425084	-0.8122896881111387	-0.6434329191022018	-1.8842336036585352	-1.855649222053946	-0.031490663721402135	-0.06632322834986396	1.9127925030291173	0.32391128260516744	-3.265620497850572	-0.2732689221352295	0.9148491871651496	-0.4194609935485443	-0.47891395862811886	1.088464672039627	1.4533236852436822	1.5857036669063675	-0.32960721940616966	-0.8340657754041326	0.6663210788303822	-1.1043691345539985	-0.3637532181572143	0.21556906535085826	0.11045216007443265	0.20671396354298607	0.017879940697168993	-0.05241843437319516	0.37728174318661356	-1.0189208873570528	0.711163998596101	1.6675246833513522	1.1705732171705174	-1.285412219600532	-0.37454434071637444	0.333017979604291	0.2907860671270295	-0.6546976022244819	-1.6666990555818053	0.3984045335670329	1.1718119881254234	-0.6012818063021822	0.677769595134046	-0.8652855437567987	-1.8308146877707436	0.8058516122305456	0.9528077387402122	-0.25250459134341774	-1.0141112240773453	-0.20193647788973307	-2.199751134495457	-1.2512081342430805	-0.9400946728176612	1.0979610012235286	-0.11087994496582705	0.6379376927843429	-0.0753301872667648	2.693613194938666	1.682851130057436	-1.2145218918426226	-0.24800656777403945	-2.1056577026674836	-0.41302918398259375	1.2706145316561772	1.2591547785426453	2.0842077766917866	-0.3030551196062655	1.308343946231302	-0.6487897367357257	1.4275181143509377	0.03656543329216447	-0.5316665215843107	-0.11606753230210917	0.9871266859668715	-1.3076934278751606
DTXSID5025732	-3.014921737459511	-0.3299010805028624	-2.818843057648778	2.2512385090402245	4.682523460637664	-0.42507754567585154	-1.6835731653262216	-0.7068293605408785	0.9060430623021355	2.082921494646495	-0.021036415654724045	6.084942162858669	-0.7998108205391395	-1.631656416199227	-0.2020573372170988	-2.4050556285025992	-0.7717491695447022	-0.41185106342422656	0.12452472347429375	-0.3347012664102917	-1.0341156995602487	0.2065102337764967	0.8620522225351198	0.9463168430063174	-1.643099796152607	0.07244799154594803	0.11464088459553422	-1.1990846995054432	-0.6530174374700424	-0.28009198807591457	-0.6503867227032766	-0.5248462997571377	-2.141889609637909	2.6585700744328866	0.19049457729248886	-1.974683020072223	-1.7556291012761736	-0.5635719346828095	1.6077405007948238	-0.9365858965817768	1.9479286889214358	-0.8478544222618799	-1.6145847808939666	1.05310088441588	-1.4569818346168912	-0.24024296332663025	-0.8333928526245209	0.7320420770760366	0.5165246539854106	1.3955820053973	0.715134175897642	1.1331736078112455	0.2947505873637382	0.8422309444627171	0.681921483017506	-0.030637912573807893	0.2547568618940112	0.9862517076136268	1.2817343011065154	-0.6521259423402667	0.02629846192325084	1.8575485187765135	0.4517266966048388	0.055308962153462725	-1.2090231556037516	1.0090858334132207	-0.8831942637425754	-0.7707686324417735	-0.8559498778552762	0.24626713607877557	-0.770374313190353	0.9874714762324157	-0.579818594204566	0.04252834922925625	0.02875955186936441	1.178793932813626	0.9611500723671724	0.1829159316597917	-0.22813885233609232	0.1454857985650123	-0.13588218404996824	-0.2335969361132989	0.1500056280447781	0.07209762819898473	0.047723469182158036	0.2255829451666219	1.8368856054245737	-0.7117024676089375	0.504959301640663	1.0045759492998405	-0.2759789733803706	0.11663968175793778	-0.2509501283446536	0.6025648476651303	0.021797461109679096	-0.6768617445533897	-0.07982297719953299	-0.1375950446132957	-0.046642569870861655	-0.06531023423415715
DTXSID9021182	5.52369655387362	0.5804918792440306	2.4393614679200253	3.3208742273865877	3.086315042022569	-1.4000846702604672	1.4862697091948014	3.272162805679019	2.939720221815692	-1.193646040293408	-1.0045858011334647	-0.6176054095113569	-0.6652596619331388	-0.9107510460850561	3.49858079672675	-0.6679794638894221	-1.2917204972506122	-0.27533837210640794	-0.4265838709279922	0.47769184614544147	-1.4047697895929252	2.0382248077142675	0.20268691015154608	-1.2090083375068779	1.6413666541312242	2.2211014854323308	2.0450871931840764	-1.1387999326652853	-0.1630767169003659	-2.075995451323381	0.17595890155756855	-0.3902037433506449	-0.44542650999395605	-4.4605910639760635	-0.3533481608809551	-0.9123948141843109	-0.7070560790127438	-0.20277427965580447	5.806513377810641	0.6594557650124957	0.9659444307646259	-0.857099393203783	-0.5042044764284862	1.1327678247549764	0.09204255225571893	-2.1114298018033644	-1.6537074822666247	-0.3031119825219358	0.04225214249146137	-0.2394488842439894	0.40353800188109556	-1.340375075433703	-0.07673090101608879	0.6897843532178627	-2.269038213718356	2.3092415768872088	0.3740567951699568	2.259937556245363	0.6292204392814963	-0.5771509051800987	4.40613296698559	0.5491712668395371	3.54295666535691	-1.8779145350551294	-1.985528731265322	0.3266363545689216	-0.2019582993671926	2.0416480395291376	-0.33785651290930413	-1.3126484537443157	0.36013577446898404	-2.2818008229631226	0.813942868233063	1.4000481890662653	-0.885645223585522	-0.8824923341868721	-0.17482737625925138	0.06954983091175661	-0.21517114697071965	-0.39711536575488654	0.9448898299188656	0.2776815371147361	-0.7120237201068702	0.5125006137071701	-0.7646262713047669	0.9145056122854942	0.3713586507788261	0.11760935014160241	0.8673592260683237	-0.5136643362232468	0.5355528308217742	-0.2816701462515219	0.3057637070352866	-0.5511816094803729	-0.5154209798043781	1.4773305079845278	0.5991362106219741	0.6366541962870432	0.13646800487697253	0.2010141942679955
DTXSID0041484	-3.9470603866845178	-2.309850810799663	1.7983016771006366	-0.8752837687284476	0.8343795344763579	-1.2122924923133842	-0.5833897507097179	-0.2566887161383678	-0.2786030634647691	-1.1005145257455566	-0.47498888959158303	0.2529586471405429	-0.5111363864043177	0.9093113276018627	-0.410244458919314	-0.19173731380344447	0.27538955156914974	-0.5822552266435994	0.3788331593183795	-0.5842258688042683	0.1640410838958114	-0.14309776496138873	1.3283071588306197	-0.011767263694956346	0.06837974132402674	-0.15715023442254214	-0.2837285006558592	0.32760598736688495	-0.05938242569843981	-0.23561126936481747	-0.01865299798823744	0.2495967074372426	0.3358205210418993	-0.5191263640497953	-0.3659071682739734	-0.5250512234979265	0.38450542183580544	-0.1498171467338318	0.08533111120603543	0.09937215251376393	-0.16462022888208747	-0.019463915586010218	-0.00652821627239699	0.28953286300666237	-0.18756610028387793	-0.2937465891193355	0.00543847176116165	-0.16547722474640797	-0.0003494740035940426	0.33910621832859644	0.09417003238279703	-0.06352105895792906	0.23140365833994606	-0.09447425850829753	0.06141285381296498	-0.0017136486052839143	0.2543712458871647	-0.23226306948429615	0.15485694194281674	0.21364014622091304	0.1680477399522882	0.22898552533130523	0.19078879246239303	0.3225672156892541	-0.2513050971982813	-0.19493725970344916	0.8204181145394807	-0.8140568269509058	0.15824017729861975	0.3066640773111092	0.05626731153267274	0.18018608766085922	-0.19395013581892484	0.07543691859477783	-0.7164209580164663	-0.18986884920470987	-0.4795422262285301	0.15251587863921395	-0.008995170405113443	-0.0716715671795628	0.03258844684679799	0.003533599872863571	0.1771342059597046	-0.09752075910119881	-0.20794493785792442	-0.13841528491235122	0.13637870917083783	0.03293296968374485	-0.06457696661403864	0.06695299269955556	-0.03764443184210825	0.018710261365197045	0.04439897748475783	-0.5341527286154839	-0.312450332473957	-0.43543539511750934	-0.15703569354717686	-0.13277148328501187	-0.2353250032909275	0.08046255006787864
DTXSID8032673	3.878753329565797	1.630542127787433	-4.157363946309119	-1.4002757945586193	0.5619130660373844	-0.798905229106458	0.1156734673256268	0.8280930544965137	-4.966740522416515	-2.8445268489735724	-0.013491288840189205	-1.242589938727208	-0.24648465561368577	1.5306397274573542	2.6382834469830776	-1.3353719138749922	-0.35856722636277155	-0.8695880000114417	1.5388583788188872	0.7748685652705626	-0.7265020993980834	-0.6919561408285901	-2.7457087102737243	1.3705171042705129	-1.6578870534800734	-1.6823818275064912	2.1084518328009376	-0.32157092212238214	0.5736762337335876	1.4741567862838698	1.3011728429138185	-1.7275879315694076	2.2432058494087537	-0.45906173512240195	0.6965261232455938	1.6342713815290735	-0.49109985418866187	-1.545482245795617	0.16941921964631468	-0.5183181761806019	0.1873699226818249	1.5876517991681354	0.568735051582734	0.5094303645473869	-0.9262937019921174	-0.15890606416761946	-1.824308537657304	0.05371562636712306	-0.7051606499216494	-0.5746274196510845	0.5797725266991952	0.5792185435020224	-0.2318843228500726	1.4338703004476547	0.8317498270747293	-0.0500327363900472	0.16905988085836673	2.033612990659242	1.351377211117753	0.7548658350974493	0.05101605033461814	2.654518536370718	-1.7041209063881109	-2.553060991815514	0.018219319776470237	1.0871696991893338	-0.5444499402180233	-0.2444302504935525	1.1171814991795417	0.22613795030624856	-0.3214017782426083	-1.1459663893521674	-0.3112643110393019	0.8395117139454608	1.0675979835180616	-0.25037015464404455	0.09345467235366683	-0.04232260763921855	-0.32608440585507814	-0.0830740741150747	0.8563028622011072	0.11048747197815804	-0.18941638008277742	0.04070501758769102	0.10653405321590173	0.30181679832135133	0.7835804450672691	1.1296434627582737	0.031288591260078165	0.013986054151498221	-1.0858515105581497	0.7853694265014777	0.927659301214041	-1.568143116535748	0.27256598715181896	-0.7361780891598894	-0.4293744955208864	-0.9078063248528714	-0.5724685245084118	0.6646136626053908
DTXSID8021644	-1.6389572760163102	-2.903073161661938	-0.15546064198561407	-2.3630782791865306	2.1321160121054614	-2.0360243366549704	-3.3110666848536896	0.3154345552036266	-2.6791854257800334	0.16253985869296075	5.605029270164033	-1.7141105977159288	3.1520623422314813	-0.9852539800337056	1.8212586430190159	-1.276485940688589	-0.002126624118380784	0.7548554911141984	0.648107553455877	0.7148968486202141	-0.18634453455489575	1.0251469519160048	-1.0929618359927498	-0.9460429313030715	1.3519374300536167	1.008515998424148	0.13991891006398557	-0.48255654765368755	-0.05230109902145286	0.3753663121612021	0.14723498513029154	0.31380857995860817	-0.269016891986251	0.47406305207876	1.0027138622269194	-0.5049522516384288	0.9695609043781808	-0.11044998630840579	0.9887036756567921	0.9533411112993601	-0.5377462737813611	-0.20615732692418778	-0.994210406290305	0.090256844233492	0.09204954805897972	0.12645000021283045	0.4767135915899502	-0.5077640227276888	0.31183392992968856	0.04210209296755309	0.052535776431319764	-0.23132055495640838	-0.03359790877110417	-0.31397953909556015	0.5291520919874684	-0.6311037078738644	0.024586923840143587	-1.3620752027310976	-0.19069167587642588	0.5104517956708929	-0.7499094829070039	-0.7804680384536036	0.3174691879771209	0.5769962118468757	-0.014606992640534533	-0.0228718704020914	-0.765502118983872	-0.060549218415571475	-0.25896157119977004	-0.06776633965467882	0.9196935209442522	0.1950923765536907	0.03990322371405205	-0.2581677928114557	0.08229981758812738	0.35501963774572576	0.35598851097813333	-0.2644550154936223	-0.023744354614125676	-0.10333721712741113	-0.07754796626453175	-0.7355585245199273	-0.1495924925313601	-0.1177604843669719	0.36538735124565036	0.2348834366712519	0.09304729159293826	0.5265308866054673	-0.24688390721166736	0.28514126279601204	0.7474626468276175	0.4449422965574738	-0.4810745948125106	-0.04000042940923698	-0.2563759523562223	0.07030654724960492	0.2658695321415882	0.14506529028545906	0.09492221885214028	0.42804692529885724
DTXSID9032406	-2.8118652009477656	-3.9982570698189495	-3.0185270060604816	-0.3334811479238013	3.088685742492094	-1.1435047242902747	-0.28341239810921137	0.5865173403861479	0.8329356003512692	2.5082371594428627	-1.8484096041715081	-0.884044769962564	-0.423649834008253	-0.3651084821402232	0.3799118159100202	-1.655484985446801	-0.04706880825372458	-0.13103444404053802	-0.31478756285466025	1.030763116013914	1.1171444780946738	-0.5625750030973719	1.1915441550193753	1.7977730723602465	-2.3218627924060957	0.3762987462645408	-0.725888303978752	-0.2699848493498004	-1.7400438110161858	-0.9897077620307091	0.0556921336878745	0.4621520146125748	-1.684227061937623	3.6694296422159898	1.1179110974442932	-2.3841002562862297	-1.7826850072495557	-0.5481817410176183	0.5436044280633837	-1.0610252636033968	1.3578125056400592	-0.8085645971652655	-1.2767810495492418	0.08165462020267326	-0.9350501862114782	-0.468546123532002	-1.4477298330337003	0.16138728099195904	0.4064819849303957	0.9442458847896964	0.6986963563420852	0.7356806437476757	0.6908167140463037	0.2505498495736276	-0.717882358048793	0.9917123788817667	0.6583242854031529	0.8051512075641878	1.0887483178187116	-0.6265977799734136	-0.17251857490834233	1.2352099373240168	1.9490166001385631	-0.8966079003952366	-0.9770333594892859	1.3373430858520772	-2.308206687956663	-0.95898325633951	-0.6687916338730426	0.6841427386777161	-1.71569474728483	0.1862398385358932	0.5356194824316146	1.9490278244381145	-0.486695026109537	0.5214048387333531	0.4107643911709182	0.6945267454565396	-0.6972892943393428	0.22797028479888035	-2.280375330104317	-0.3199928107516403	0.16222978887761086	-1.7465189917062036	0.1717688230348822	-2.1886572431349665	1.9075451677936954	0.9216341371207828	-0.11713612919452977	1.234885801661963	1.701843916223099	-0.7736973658352402	0.3839974905389653	-0.5239414655197582	0.7130811784159223	0.07494002816652841	-0.11740502642959158	0.6394128564526129	-0.04471970994269837	-0.3351786416282385
DTXSID8034324	1.5195045264019047	1.421899246225952	-0.637876237822838	-0.7221554553893736	-0.9064926173353144	0.021482162636237822	0.15112560319728155	0.6953709164566387	-1.9753045442359969	-0.16788332262232508	-0.35283582300978766	2.5202120488249946	0.23117550824773542	1.5397760092193584	0.7472254166422413	4.078161595101413	4.083728334234241	-1.628693703300953	-0.18485554983958785	0.966230861154561	-0.9164982492940207	-2.0230723450107666	-0.9873708091803409	-0.3659292283623633	-0.3755069338198812	0.7533842058258752	-1.5014432061650187	-0.8788448495390827	-0.9065529603141198	-0.07511233671471708	1.005994646597855	1.1773998837378756	-1.1942922400890674	0.1994833636422271	-1.016673576662448	-1.1410515005676385	1.4190318518704794	-1.1734969727485793	-0.3887004182679857	2.356430786018367	0.07878634513270215	-2.7582610832838346	-0.31445781726564337	-1.061271026129687	1.5975859531508818	-2.1485712981388767	1.2454027781110828	-3.4787394222190438	-4.058591807093793	3.4082276415258304	0.8994109184849951	0.809898369184044	-0.6008308836776762	5.9351358806860075	-1.8285562354906344	-1.381897653957818	-0.011887343530467663	0.795331169192309	1.0227988147623226	-1.8172087594981248	0.5655413508307788	-0.8484589992690735	-0.9772672027979433	-0.0499871295160276	1.8526732895892262	-1.9611316381722237	-0.7890584794752689	1.3379196499029695	-0.6123657570513206	0.6394132250764579	-1.1737636997322427	-0.22255157120914587	-1.0141606871333968	-1.3683336280975573	-0.1473731918055594	0.494871423770241	-0.558603910117477	0.5979410677597488	-0.0688449837456996	0.5851870485275941	0.41290117115676855	-0.484726172228111	0.24312904088497897	-0.07359859363531708	0.6367873403397571	-0.1191299483338979	-0.5117157733804778	0.5359642650404527	0.9808072395288705	-0.1524619164993509	0.4660994729440446	-0.6313848220844337	0.8283832914548641	0.36342743828327834	-0.020881123575401568	0.17431550867678575	0.8096943731546702	0.18507784019959714	-0.13186343177029547	0.22882967072043253
DTXSID0020814	5.884833602186058	0.5781595375605365	6.674485953065337	4.935626630024077	-1.5590246045036724	2.3449865275871917	0.8928270728337095	-2.136738029066194	-1.1184286845783138	1.5132436980072308	-1.7790047866435075	-0.030855848187391642	1.2610614566289642	0.8565112949778408	2.287899135458717	-0.9552998789159617	1.4973488752144166	0.7585811079764914	3.0108534436262158	-1.2670574110914008	-1.4441501291966725	-1.3680079907484768	-3.536904171240285	3.428448110573908	-1.3444290973723467	-0.719429735308733	0.31222717269919953	2.5521534940396253	0.9729319682605703	-0.481409133320031	0.1234059176863595	-3.043000581399812	2.525680210170198	-1.0430907207933302	3.892407325626347	-2.4295517597260594	2.684664577230546	-2.199607522551572	2.1714821661536194	1.1198391604067333	3.6529702166670375	0.07663164706105696	0.969346547793311	-1.713028246664031	1.4809973100094869	1.3791557280780344	2.1364449353820616	1.6783801892893642	-1.2261240151207735	1.0109685604490148	-0.2164990646108602	0.8294501114389907	-0.9758024904598661	-2.54223325418488	1.63998058422305	-0.679805234122181	-0.16859769984949527	0.030089291058409937	-1.996467480303121	-0.8213352576658722	2.4366577156300404	2.0030559954005747	0.4736492138283749	0.7210529329478761	0.375018297576139	0.08648607172572251	-0.4599856916324277	1.0630009001080172	2.1176304492913767	-0.28719389340383494	-1.6845732184522646	1.2365316277738119	0.5989768862544004	0.30675545369211504	0.1308373105304383	-0.6692168024409796	0.7793751851292596	-0.5829396099755163	-0.42623347248052945	0.08234290387923168	-1.0332110806169228	-0.184056541481173	0.08803458167422566	0.21850902161326977	0.495420959383864	0.06327360406483169	0.057915742549546824	0.47074296064051546	0.5519789671463795	0.19699548277778658	-0.011174022731116923	0.058384636097216	0.14963368870102894	0.14040678451562272	0.16016637694002137	0.10730187931690534	0.2370876315867277	-0.47651502391926887	0.8111684223481936	0.8752776903217186
DTXSID9025453	-4.283985397589194	-2.9921320513613883	1.8288282276297434	-0.6334507633434998	0.8150586578592737	-0.7665486379678926	-0.5709172921842922	-0.11991873118615133	-0.31765435962533944	-0.8504689903016076	-0.7715690943366925	0.2451658795111113	-0.47747652341143276	1.1545227715672068	0.027479719424402603	-0.18917784878884816	0.2402271239789595	-0.1627409112844786	0.41792770801184087	-0.6110924429412767	0.4273020833980373	-0.20142236508001327	0.5211989902825969	-0.23972680809643288	0.36815666853409307	-0.29373735722897787	-0.7146125442055843	0.01304935254815946	-0.08497792397529365	-0.32473631974704315	-0.0803951961278909	0.19926835112718805	0.3380162455182621	-0.3324397854156478	-0.09465515677139422	-0.028062828248549186	0.1639010058515872	0.22483229773572733	0.025530165316419842	0.141102791953228	-0.09555567532451666	0.018228014208330715	-0.44282371827163036	-0.18292167593295047	-0.48581327619939435	0.06142612596229075	-0.006453230690733648	-0.06886073953403024	0.11492648983148228	0.0998862262070962	0.03995390889344163	0.017430933445016193	0.05421277760119578	-0.12298440133306197	0.036811987260037204	0.0029290310594830495	0.10573242061960704	0.03522869510066604	-0.040765302106012695	0.11466462287151069	0.10587045679111043	0.21510647527569668	0.4774502631954066	-0.07398101314781182	-0.16065379152050419	-0.46610674097495225	0.1720494177336204	-0.4270657037492326	0.1065532634814443	0.7223875271849212	0.12335219632823338	0.3453505893724778	0.0035073731966599455	-0.02375180267732754	-1.0405748110435658	0.30343838180326826	-0.3756762538228825	0.5821361280325059	0.1403944014841751	-0.21121882151405108	0.17034413694581355	-0.3063992879403265	0.08235041450848285	-0.05675941981220064	-0.15549819814495647	-0.04129354686138532	-0.25755581775778597	-0.3319948315413153	-0.2305840450899056	0.07210084274430753	0.3421033742595009	0.30427259862275596	0.24078048828058554	0.08410323684658644	-0.3272778863980523	-0.2771816997178861	-0.08412554667530824	-0.06421648342929123	-0.20080392686619108	-0.11701775023882227
DTXSID9047465	-2.980342784151751	2.298186939659094	1.0279750228023115	1.8939816016786095	-0.8034045245323449	-0.4675127137431118	2.0209791926354574	-1.0729026291905726	0.488042428902358	-1.3258707118517419	1.1002743867024105	-0.39434383604139045	-0.20833294465153843	-0.8951744800445379	0.04211882481713536	-0.08223984317108372	-0.6012555167118074	0.01756111246239191	-0.5928897051069497	0.15160200623936998	-0.9787257396457103	-0.5972281294581389	0.5496152165463598	-0.47781500096533314	0.6784566910489799	-1.1438143062087593	-0.7562202477406116	0.502688172235364	0.6303046585664145	-0.9066834157884331	1.385139229925946	-0.22911651680306894	-0.11633242952865712	0.045651807449471206	-0.6059039476564236	-0.8394303758586424	0.27566872167028716	0.7360314871029755	-0.6082514891742884	-0.0727272639946501	0.31695928988973743	0.11834013680018111	0.1875881635293163	0.6986439762672082	-0.9563984166245173	0.33195500285807256	-0.18682593242258347	-0.46770055646251274	0.7099253652975492	0.390656142551105	0.3297891867606549	-0.16364339192938587	-0.2967363768434121	-0.05999937647740563	-0.23913698284463983	-0.5782069310248544	0.8527375329354733	-0.3292778298325361	0.026041557070841763	-0.5365788284805152	-0.10740602547411085	0.1763129254742115	0.4031377268458221	-0.9764915666815995	-0.41821407502513686	0.025071909247607462	0.05936411184031372	-0.21662631930864568	0.8629542004947492	0.8178883682680018	-0.2515734161553246	0.2079778208955911	-0.2305163234349902	-0.01778341408899839	-0.26588863016744363	0.0690240949013335	-0.170166016408441	0.7835520570957504	-0.09988860890363545	-0.7313850085375114	-0.3261717853549678	-0.391536592626918	-0.47334658966265536	0.4675637301646708	0.10265342366158833	0.1583296675136973	-0.4152593166927381	-0.026786505057270458	-0.270808055223573	-0.07043847800487447	0.26161932205305455	0.08544914845070274	-0.10256616221754492	0.11905698549046882	0.02378745636443408	0.12772873086686418	-0.055089663688426146	-0.38376112997216866	0.3418122990926991	0.31780236308902376
DTXSID5045203	15.318091175174498	-2.733179089950611	-5.19001010915956	-1.238315496173463	11.895430919937416	-6.390393213490644	-0.09185126792205986	10.407757308422662	4.594718299804394	-4.390847031476235	-4.968509013815947	-0.18890775531961368	-1.0462652149252443	0.24135076575576456	3.8940358866225853	0.6189799279994314	-3.7046691704442614	-0.542898415874338	-2.0434544037064737	2.414846933900474	-4.563545973998393	3.30787544024493	-3.7775467628073756	-4.0622009133131805	2.462646387310114	3.0971791037565963	2.8099564759947646	-2.465333203963193	-1.8165050581720477	-3.599003287330839	-1.8389488061291828	1.2002537529424715	1.4975670685759028	-7.118855272973933	-2.1806323005281607	-0.8469626099573437	2.3753968145519937	-0.9875409049415818	10.31112943167993	0.960601445951045	0.28977660205092903	-3.22353758980662	0.7430502292949607	1.2158288967782118	-0.20953531521534513	-5.383686684505223	-4.078580880004945	-0.8769841546192704	-0.2131667233445051	-1.2088803333825469	0.5559856584986829	-3.6087194742240762	-0.3047031894343312	0.5217363422413289	-4.5495949782678835	7.078617488524923	0.565636782428379	4.286861381669747	1.7231983689689356	-1.4647509777142003	9.049136317852518	2.0442668513760966	9.154570375452217	-1.5679543192707617	-4.174535783836177	1.2035231787755083	0.28250589373183016	4.706183558857588	-0.09241920547867122	-1.9885371326224486	0.9606935732322835	-3.9717801097511654	2.0089382357770513	1.8922337165521972	-1.602246506659273	-3.6541169309985113	-2.514137155506122	2.3890820961147723	-1.329237151534185	0.25485724756467815	3.634949905836596	0.5182688674741134	-1.2701457352213457	0.7952391829105693	-0.8549145385773399	0.3059296569121775	-0.5989220430479386	-2.081827200766193	0.41892259741011967	-1.0983211747260604	-2.4560114623029574	-1.849829015260066	-0.8367921755639613	3.5972841978627685	1.5262049025653814	0.6603992656294226	0.0879685486958603	-0.35854036583555854	-1.1809299323714217	-0.8689989939851953
DTXSID7025423	-4.908390114491683	-4.284383362112663	-1.5171075645437817	0.4039988100416752	-1.095586427687598	-1.6285045939163127	0.1427872575060658	0.08906477766700367	-0.5441641993369175	2.5806088780724767	-0.44888332485142846	-0.4154189468785066	0.1573047966688798	1.116873623976314	0.3383403512383561	0.6472392150635498	-0.5972031068572745	0.5738953006595064	-0.014550312566059672	-0.6274495699993894	0.3963524058177363	-0.19912645669093873	0.3832649488759674	-0.012219518367081008	-0.5642112887487989	0.06526918000409627	0.4214791295417066	0.3238348015874492	0.3072364720104724	-0.552154461600772	0.6276686187698457	0.1304991446408218	-0.3029228162614683	-0.5320017451574194	-0.21715002078887505	-0.3696450974051641	0.05399228136272942	0.4740169357876775	0.48103200889967584	0.0645536340247618	-0.05196516202561962	0.033867252735159156	0.10624409583171454	0.4908023386059687	-0.5448829728792381	0.4465079474108796	0.18720716252947633	0.16072015922913466	0.07061214189740822	0.4428424737099907	0.07474007878497071	0.296950354426195	0.07078891677171502	0.13487397024570663	0.07510854720275287	-0.3589755707160693	0.17190480236724653	-0.13938535841189312	-0.48606489002120506	0.0071291528423425374	0.23435059398968489	-0.05034839233315433	0.03171123801996432	0.006677026146892163	-0.39428913047167796	-0.13670229588319482	0.6589715653004831	-0.32542917077225303	-0.8373972930057317	0.3442249036762986	-0.010989720699107306	-0.049836498556713626	-0.2582431360929185	-0.12532158164775953	0.3252907388006137	0.8589500138625074	-0.4028986438173838	-1.6051554828674374e-05	0.06724489414915051	-0.16167814353287507	0.11575885449665618	0.5049826672734798	0.45869189133960175	0.30324251961620435	-0.45589694135977754	-0.6246837512249616	-0.1761149221583858	0.02188335774965713	-0.208233622960703	-0.2611710884735421	-0.30481957435895307	0.7967686971657666	1.2053444682698875	-0.3883085621720233	0.6690426311350565	-0.23603110780401065	-0.5990299915958164	-0.27655746719260427	0.57608560642481	-0.7044649751664888
DTXSID1045085	8.553658997975171	5.035703361886238	-0.8224691848282778	-1.1632148819364012	-2.1220543272822003	1.6415568493180377	3.258171618522298	3.5285048777541745	2.792732691152276	0.5052728521901505	0.9822054974209457	0.9267026298388376	-1.2483526119008892	2.907519145787869	5.8072740408696655	1.406782850356407	-4.101771340763631	0.39715505756395664	-0.6769167373870397	-0.6950776989231566	-1.724809706272501	1.564834552193505	2.6198382729667102	-1.3847319282635562	1.614744803646801	2.4391946209857065	2.296122222594572	0.8810875096615622	-0.07028985803456785	-2.258031185924721	-0.6915741558519514	-0.9887453936465216	1.4306046762987723	-4.635620073977275	-1.087326185580458	0.4223488439766845	-0.7579182083599976	-0.9319363326834773	4.510387025907993	2.0605042976331363	0.8192957952618526	-1.9774877997265632	0.8453806938897984	-0.15420616314329805	0.5482457861864389	-2.4400097165100005	-0.927481790910813	1.1660959044502244	-0.005400123306477267	-0.7595166220409353	-0.12249652263125745	-1.4732000870096593	0.9748715145021827	0.6820478014907561	-1.908463699519688	2.892952910723085	0.5952058125733207	2.7445123986918922	0.52451994702726	-0.9267340873787626	4.204208170313424	-1.722733657189439	4.190486940558968	-1.296243916802988	-1.9050062169246154	0.9724856027462351	0.9315563557827521	0.8665157365359876	-1.741311761884404	-0.7403332617012333	0.46884892770497927	-0.7167331700189585	-0.45052049076981426	-2.023162551726553	-0.47120613818331014	-0.025105725454160323	0.8280364415377127	-1.209134174463748	0.2890508996176526	-0.8013210075565992	0.8232177774526315	0.0895260283433759	-2.157018276763869	-0.5794898660856769	1.0755171794214529	0.75934664516205	0.6551709416413061	-0.5359927774771266	-0.4977148695021846	1.283827135979526	0.8230538142050493	-0.3441553941430278	-1.1110387005918039	-0.7318978551643496	-0.5050434985812046	0.4290123063345591	0.06498123675384189	0.64398704213183	-0.8079785766695228	-0.2252284994305428
DTXSID0029260	-3.2654969441728467	-4.292755401537505	-2.3431108770518403	2.095774265759334	2.4800131328954573	-1.926242817278663	0.6999523585011846	3.1096130787637137	2.920529397578876	0.015151647582489101	-2.411211652730473	-0.8087931140726587	1.5160932067089083	-0.04408047245949406	2.511555953805341	0.37202244569686327	-0.49244439352449837	1.1388874198004246	-0.3823249692245559	-0.8663809579695073	0.0008718919592779092	-1.8796955660891204	1.0955062897329757	0.6139394531763156	-1.904830762352475	-0.2583484160740275	0.3325598238643821	0.1592206804489882	0.5622186619361043	-1.3973305799142126	1.300415001065801	-0.6214477687258337	-1.0988830834957355	-4.451546346530918	-0.6729979995693042	1.2723709086952837	0.9530258485275954	2.359096189874786	3.3110634202512883	-4.783916489740693	1.2277040772613148	-2.3963096345721797	-1.711938480401609	2.1781764274182738	-0.9846122356691789	1.2424728527675097	1.8340989008687552	0.3517201652796011	-2.0680346611843934	-0.8868044489175528	-1.6391942519464522	-2.9609222516935847	-1.3735648285530475	1.215346831631573	5.740237220393958	3.506880451908351	-0.7779602957664188	-1.322969357168113	1.3690373265053166	-4.686276429333765	-2.56882206338034	-3.5554759218724667	-2.894786031742112	0.8396536106950317	4.271834289029737	0.16243604762402122	-1.2980001563200485	-3.5415299169733165	1.2219115541637544	1.388820823872305	-0.6974096426966113	0.4023561519143644	-0.7576442022625268	0.6926228050614698	-0.10389041574362849	-0.408434832249063	-0.006205858790416208	-0.41078248465307005	-0.28060643215682574	-2.081931065201879	0.45001172239435255	-0.2615154565078718	0.520467216376837	-0.13383918399954906	-0.23620919616721445	-0.7719816981048856	-1.1352054744128741	1.005086535236464	1.0643887122437932	-0.3169600501657967	-0.28032363362794044	-0.04796671230018044	0.49331347230689737	-0.9758629212010735	-0.08292458450754094	-0.17268722430553574	0.04396943941801921	0.40696042032099994	0.09330407793410889	0.03396155316237059
DTXSID2021282	3.2339769816037256	-6.376181414923089	-6.006712062549253	1.150860960328126	3.0847681121852637	-3.1909505364342152	-1.5636462231254709	1.7997416275683218	1.8267802227292906	0.5434824455329668	-1.4730731516485818	0.12382411008027812	2.698661259735788	-0.3534061754114363	-0.723461991801819	2.2809525505421506	-0.06823100432858165	0.796734985037938	-2.164470983356564	-2.660631304315076	-2.563525642240926	-1.943999111557635	0.8900089935444723	-0.01355838899250254	-4.225184940607047	-0.19940946808835067	-0.5796261447512784	3.475488741399648	1.3983627936606837	-2.0097680009148045	-0.4542057679106968	0.7145125468236906	-2.072226420847712	-1.324062210707862	0.3212360615530284	-0.2704240078442167	0.9379866047176008	-4.233969308723143	-1.6239188296859672	-0.6277375482988163	-5.564879334029479	-2.1453081661610924	-3.536425623879319	1.9785857637447282	2.9804238900905458	0.459657851142878	0.8768403681577028	8.037671883502787	-0.1338196851836931	-4.646112161065223	-1.319765133829681	3.428362523423349	0.7430963550859983	0.395518593033524	-2.516515647320425	1.2722465293797518	3.1420166903579476	-2.340546287102055	0.628488749387249	-2.0846231804542694	-1.7963536541324794	1.570296691957275	-1.2978157458973436	-1.2633560446490286	1.7427062783835434	-1.4273508654933922	-0.6726412077509402	2.860618396971274	0.904289250664914	-0.46679676386327573	0.6836014481723803	-1.2486912142295026	-0.14589657216410046	0.7309169153878715	0.29467789116210336	-0.4831346354732266	-0.8464193504491527	-0.7949066091722707	-0.30977559407177174	-1.4691618923888452	0.11923140861448578	1.2097028829525365	0.6452996585725841	1.841036921200352	0.08243555148086724	0.6610121718918327	-1.3272053467123142	0.07932680550781936	0.6599373463760067	0.45950499669894257	0.6531849279440481	0.39150518497837455	1.2829987757352446	-0.7674441956045421	-0.5344138664661652	0.5192101770771677	0.9860117527831318	0.36032798501267976	-0.2003097836509107	0.8153176974561315
DTXSID1044227	1.285681164173142	-0.18148502016021292	-1.285803274129221	0.7483603625109032	-0.6683444332700905	0.4334780962929026	4.7470434890259945	1.7851795719613643	-2.53269733923257	3.817577021316503	-0.4264032886869379	-1.3439121530667109	-0.1271978764465959	1.0238879394026297	-0.13852570108805268	-2.4104626028194267	-0.3813657755972269	-0.7835022070794532	-0.4194775079411674	-0.19500481840184805	-1.3537725144892219	-0.44128834863341515	2.6181544263349936	-0.15476369971119258	0.5267239247227982	2.4668349651738786	0.448498916555123	3.965532317456988	-0.14420291483863848	0.35877071673036914	-2.107921893998666	-2.4758363744570357	2.3669596828680644	0.5424575479387127	-0.5016144413634399	2.403892014968794	1.1251404971263843	2.5080563324929392	-0.9771197108813375	-0.14559488809280413	-0.693858210467588	-0.7032129310247233	-0.9673488664833341	-1.2162876133960836	-0.07516824751572489	-0.4055404591016894	0.4503027425548752	-0.991283198943743	0.2603415727980342	-0.1343906584758359	0.21129761823348808	0.4089996875018463	0.4642102728406242	-0.5289074072904332	1.966118144142401	-0.3945633638479366	2.0971550257583615	3.0264551524871877	0.9821438783016666	-0.9920520699324091	-0.9444416873906347	0.14422648087214784	0.8562286626205978	1.6401090546030552	-0.21803190521789015	-1.0585648324156665	-0.3917346228913227	1.9406532026505083	-0.8459020807569679	-1.6448637929073684	0.23218467125327394	0.11918893030117808	-0.47604551717917676	0.8648041522240364	-0.19642706000250423	1.3722108625923515	1.0664261360597866	0.040309563941470804	0.5933187722992228	-0.2408848956798378	0.16806309831151223	-0.5595024309147435	0.30626876062706115	1.0549492458186176	-0.896011901034033	-0.20650062127422258	0.8964782946563469	0.8219459408444647	-0.15072556286699337	-0.1720927973640033	1.249514875341091	-0.6764623101061733	-0.20461072626954452	-0.6594458493296083	0.564008267529502	0.40646168824776	0.41450142512659915	0.29638857996341084	0.12640686693346534	0.17928693608784002
DTXSID3046116	4.8103832178186945	2.5474146766913877	-5.226714091232254	0.06094478940080175	5.133335260385837	-1.1426282621202373	1.9338852402557054	1.1288305801082037	-0.995501134605651	0.8249924627854394	2.041598608477083	-1.0934546395434765	0.8192386599440553	-0.30142791948698844	0.9551687443786169	-2.6611098716645007	1.9394065676300025	0.8125964652270656	-2.005356145459753	-0.21223202647901643	1.9200797041716702	-0.4859671376594261	0.39596984085589404	-0.4157623112203767	2.27823016233192	2.4397131077088425	1.3263343787268447	4.415391776926024	-0.33027630649962586	0.5351622324495511	-0.7024238028989714	-1.625904830110725	1.2009106100156752	-0.14324268568252446	-0.5711378432790627	0.28708313667400676	0.8492967334438793	1.4282701621475073	0.1189616039780397	-0.1868305024227616	-0.8523428228595891	0.6301607555099051	-1.5193128316361613	-0.45108383227087473	0.7248287156593158	-0.5291084412060151	-0.07391169891936059	-0.6213132252561442	-0.03343330689337441	0.4510336844017465	0.3755254462041685	-0.08036156062692053	0.24188463779747435	-0.02262895445238957	1.9178026076214385	-1.8088157824237043	2.5901665702093917	1.3526131243877135	1.2446402395710938	-0.5581196195732978	-1.7832559390336	-0.9289150367678607	1.2068613693565795	2.224379366465639	-0.199302830326108	-1.704676965529073	-0.45712458488226493	1.6183025096454529	-0.8653472489625356	-1.7924748501377452	-0.0762165238903146	1.299221257153125	-0.24811268582841706	1.7692925841051805	0.37988882283417946	0.8102791360443923	0.16809185921537842	-0.027413418240795448	-1.255850090869002	1.3731147424113492	0.04843606433508161	-0.7395530253463324	1.803684576800673	0.35189671124527167	-0.0814970674097344	-0.43048541985178046	0.6982935815694212	-0.43643520068344815	-2.1571965499752292	0.6543623946731021	0.12177776393241042	0.057162786783985765	-0.33505747280556086	-0.7635231578065735	-1.2399270860759444	0.6469193280895478	-0.6981430194437894	-0.168086060876375	0.28424849793316026	-0.46895956313154774
DTXSID0021965	-4.8477634229376205	1.2339549634509894	0.04570057001256035	-0.9109524765711976	-2.211375966049884	3.5251715863621556	-0.7716536924473241	3.4605732031365384	-1.1043284984780495	-0.40251524707426073	0.2170704148539163	0.5451399532099941	0.4363458953947068	-0.5119654372509865	-1.2639879900355384	-0.4530589238888595	0.1607058722880391	-0.3736826186647889	-0.1520988650341655	0.045327330457471414	0.9163900303050464	-0.38363246124384737	-0.44865017365212645	0.6220973076741265	-0.677865731190966	-0.8395630926517321	-0.29035824367829677	-1.2390363480415552	0.37501940475847356	-0.298745102344477	0.8015398250148199	0.3901911349938262	-0.2151424727313211	-0.6187939133932284	-0.2910304581484255	0.3560223626461842	-0.24917839211382475	0.2125665640408726	0.2600963695313721	0.25336376820982076	-0.7774740028655547	0.028686723644179676	-0.26991187712868214	-0.068761762420435	0.05455840226180195	0.2851268913264921	-0.20136545289618166	0.02845711330740911	-0.1619185189430621	0.3849660609743074	-0.1404121666977505	0.06175020403947973	-0.2812914696659813	-0.07070835639978905	-0.1630950160251219	-0.02145953623290541	0.1298802274730649	-0.4190293827108577	-0.45836616619635584	0.34888553118749116	0.3301314644223769	-0.2705667345528356	0.4865474871529706	0.16844832538185	-0.10332306855912426	-0.311217713339218	0.04516073643515244	-0.1343066538479767	0.15162564693624736	-0.1797471170122209	0.37288554166121873	0.583334913603301	-0.20299553218060162	0.3846242979988932	0.3616078698169981	-0.12491531185400345	0.8855033110654349	-0.47827959462298303	-0.16249003914438484	0.3595940087410002	0.14680667782289125	0.09991489407064139	0.13433573930528847	-0.05935862351212163	-0.09710814639259585	0.06999967335085913	-0.15093001473444356	0.10644550731736782	0.03601903708835907	0.2413848682141154	-0.0471444163564195	0.12152405397120102	-0.5327344207184199	-0.3178491974403271	-0.031287642961531185	-0.3270184505071443	0.010433912009795267	-0.055234726671723966	-0.06167194479241836	-0.1369494075635504
DTXSID3044413	-4.297552261915745	-3.3792788581880946	0.9033988062635737	1.3462248192756274	1.3712155380464068	-0.9331365327658742	1.2546234850525726	1.15341624772176	2.0558818511808576	-1.0330633077156726	-1.3145687252795877	0.03237554168195951	-0.08716725850852432	0.3070893835841715	2.993268692386049	-0.8301982890074048	-0.9331444833362146	-0.3592754337951327	-0.46747652253934135	2.1402862426778064	1.3814208402815291	-0.4187193398291505	1.856934980377569	0.48691547686058845	-0.22466843830913782	0.3746189172529865	-0.4776825539901198	-0.4405253309961815	-1.3023249350600081	-0.29848850333448085	0.33157089750990976	-0.41949993081958203	-0.8489414844427741	-0.614248414929773	0.6323674441485374	-0.22934117687182703	1.0474597398900618	-0.2028843564300496	0.3193591183252693	0.1267192703813091	0.06692952677337681	0.18332213070972317	-0.8563547920797586	0.40192640222089676	0.3430600322154768	-0.1478228793026619	0.4503927636412741	-0.16859752175487724	0.06700879629106567	0.48301786154971305	0.28962407202384155	0.40968772830608674	0.03400625173636615	-0.13588243833993088	0.20493743805382864	-1.0416565142992715	-0.2716819725089743	-0.12413599662465785	0.44853842065967736	0.31430539105994215	0.5101324768532504	0.6453373530667963	-0.6600859752312683	0.11236038860077227	-0.31423662195200147	0.2963048254436876	0.5045609656619301	-0.3600088768210629	-0.41721263948018417	0.2576276870418669	0.40287351735085886	0.0805682441089994	-0.526208203705502	0.4219869568661989	0.01145841156215588	-0.31803482454152815	-1.4670650092271353	-0.27065608858255963	2.420083437575395	0.05109593101785095	-0.21072145082373306	0.12242473201128519	0.9865721279471621	-0.51466136126747	-1.5020457190784835	3.352569228382238	-0.3179841512103044	1.458298699414679	-1.0068788789254364	0.26687984068118503	-1.6996040444532368	1.0878402038720787	-0.4378389672946194	-0.5103959992388937	-0.19075006791464844	0.6911528449443766	0.1927336868293718	-0.1158381102404491	-0.1839610837947751	-0.008980682016904896
DTXSID3020914	-2.190472787527701	2.7670387862994166	-0.5556171101839378	2.5640311615964784	1.1083158500707286	-0.6899116884390569	-1.8765606526819298	0.6567679265513575	2.151493502893929	0.987905332826931	-0.0790640513550092	-1.4555464477096849	-0.8198883041247464	-0.22400508398512525	-1.0204722154257648	-1.0561531196789198	0.5810773624719313	-0.2530384262814467	-0.11555278793917419	-0.4279086606543751	-0.7355838630889803	-0.16149682978663601	0.44431533698675235	0.8060189216303566	-1.712779556282479	1.1173273983518468	-0.8321101525420835	-0.8085655551113977	-0.8432025882784172	-0.8260298576466749	-0.6381678210501271	-0.009887036865928036	-3.2462353814685576	2.61676872999231	0.9412011095484709	-1.8121376919952703	-1.4776529468631205	0.03231763425025887	2.0734813752117334	-0.19458054070468875	1.0726795092414265	-0.6728674837893981	-1.6473304909370616	1.0680154580504084	-1.2009594793127738	-0.24480388854954596	-1.0613764492333788	0.13232706576813527	0.5786245317185307	1.2961586556175202	0.9803480810004662	1.2356072937153322	0.4378404899524964	0.45358708535916376	0.4801882953204899	-0.2538421264195273	0.18945547458262912	0.9221632974854946	1.7427489411539543	-0.6859311893849286	0.4590137195109978	2.467355139048054	0.41687769173642586	-0.17491868246747175	-0.8090819899209243	0.9843918583694479	-0.668052871552344	-1.299215545672908	0.20067120928719817	0.7544491523210258	-0.42537033887841463	0.8448340394437861	-0.3704355601140826	0.41064584687832867	0.449962106329614	0.5757852642764003	1.191082567634472	0.7366750778588265	-0.11704979470913354	0.4281699987700354	-0.26959510699847933	0.05714812724334744	-0.8383829035605768	-0.6422841211134043	0.4110709578461662	-0.15164637995066954	1.0022395957233097	0.025437227490695602	-0.34789944770866615	-0.05796651622430038	0.40347585969057176	-0.5321512774535295	-0.49028142164046834	0.25504027718039124	-0.11606358084791846	0.293284783504338	0.35830144425840593	0.08945447835066533	-0.033835817324612126	0.1574824975381513
DTXSID7021235	14.348625908805502	7.652524700004559	-3.3178298638021304	-2.914540355041665	-0.7954162151660112	-0.8249302677995491	1.0411500699979743	-2.4163406783314505	-1.0283941428297507	0.6918533033347739	-1.6992241985187482	-1.0718241101836574	-4.639138430275857	0.20186627925678471	2.3093611015051314	0.5836602231026817	-0.1419223805644603	0.5871073333653869	0.30067303234000353	-1.2688508344123126	0.19771720645356602	-1.3436820633325495	-0.684658598336955	-1.507202267208263	0.48750934181851635	1.061969573412809	-1.0934995590048922	0.7971742203753214	0.44632274738966937	-0.6015089002536597	1.410220886600335	0.400520008628563	-0.9403434664499187	-0.844787204502484	-0.5187530655761923	-0.3918171025792704	2.6929676561839098	1.547268657961225	1.1392542821223923	0.6678644727204821	-0.872041058846043	-1.142349727192897	0.5326078392378444	0.41462009911694525	0.6689392857853462	0.8183609390901971	-0.21733213166210333	1.1350573046429517	0.9628224347336649	0.6679568078437221	0.5129409471430043	0.7041615893058516	0.29499696706929324	-0.02468945501584526	0.757479868353785	-0.7095616584200212	0.5332477918150177	-0.9627498815527383	1.7297728563659813	0.6292704218795059	0.418790047690895	0.2949599571048942	0.0888679201025367	-0.35165322427482276	-0.5694245475502653	-1.609559563592119	1.3201350355819599	-1.4697285865078804	-0.28053799172744914	3.55971166479748	0.4023696602248915	-1.1184024966302115	-0.5972873458549384	-0.6013844926390951	2.5727908435290807	0.5071403787886722	-0.850880810942965	-1.0732636991687554	1.0383319917599416	-1.2812761165326414	-1.520678351696544	0.24946230261932895	0.8088349126645504	-1.7534586607325628	1.8536050829101323	-0.46126020752501756	-0.0979683020311127	-1.1034834698834795	-1.9730304534723595	1.042159783554552	-0.0542764008594504	-0.4696646109873159	-1.3082002533541284	1.8065165873582456	0.9344852074266362	-0.10155636695034034	-0.904515327123825	0.4319781648350966	-0.2820080492967295	-0.15418858710501093
DTXSID1046184	-0.10979942897494001	-2.0490120010131805	3.555217398360675	0.5266513146972216	-1.2985018164266728	-0.33860401751516495	2.5363614409801483	-0.6737598063220789	2.35385283580222	0.6336811374720612	-0.17642215405277664	1.4676385207387759	1.4753313909595465	-0.7237581103329911	4.255682199374084	1.9601013132820815	0.7703397550400843	-3.1536593402082143	1.1303546118373553	6.901566050939875	2.120950173168318	-1.183597950957776	-0.5053504952328955	0.3696194549340584	-1.1121587400337047	0.7778397452590279	-2.945875678983018	-0.886424269908697	-1.942040179123339	0.5655058277006757	0.824167529575998	-0.8309869224288531	-1.0410642363971117	-1.046013291198496	1.1235961368181195	-0.026267098280749145	1.132263933670135	0.3292849909891804	-0.3327190274688731	-0.7976105750972203	1.2774368455481664	0.013787785160356942	-1.2434153778295305	0.43736917124132196	1.36372276569109	-1.3581464337499292	0.09483492755125078	-0.5717875822228967	0.2696685142419685	-0.7917550383449697	0.21945113902680305	0.07587268375561573	-0.9564686772248008	0.0028402158665337576	-0.26271521857031593	-1.4047299216610194	-0.28758020117883626	0.28415278449397163	1.4829191858395265	1.2446847017931721	-0.27411653459209184	0.8646794045201907	-2.4865283546691073	0.8254498376918142	-0.8688944515105687	-0.7641098231582583	0.9035097711323106	1.4415156622549066	-0.010135521516428242	-1.578931992972067	1.3304600097442623	-0.20539089423202334	-0.6258926262532221	-2.4410504687547805	-1.454879160817883	-0.5680797361122507	0.6325875070086312	-1.0648438401261133	0.9625477124537778	1.1400435434248006	0.504705999511753	0.24935905543375575	-0.5261654981160834	1.348835039699002	0.6810114256984081	1.1220279786833487	-0.6385907802462826	-0.22433405855846458	0.3487350149033753	-0.11476028933143187	-0.319871746880275	-0.27407132071218493	0.2468107562060105	-0.12850047454476166	0.22115390896528528	0.8840329201280421	0.8692289753058583	0.2243335571667015	-0.2692697701117028	0.47861682773769976
DTXSID8047268	5.32244223797211	2.91637881273886	-5.600921572931116	1.8978055238840572	1.5721807662872158	-2.1686261876227633	6.3719757033889115	0.35781396026666096	-3.694263830761564	-2.9375353858944395	-2.791473764923802	-1.858152087119563	-0.8678295885272338	0.18681970689655436	1.7573690345840236	0.785645917101191	-2.606592497652519	-0.8515112047864609	1.918473019567977	-0.27402242858638576	-4.257937176429896	-1.4060043069629602	-1.18807818619412	-0.9519084089071209	-1.5736600281145292	0.4532046624334373	1.8460219535349123	1.6215546819168654	2.0794194475814933	0.0026115566437655627	0.6604624427773247	-4.680013956458402	1.9930978443316765	1.1914204489087261	2.193531569101819	0.23838809135255157	1.7292147331549514	-1.687314721915878	-4.535521276960522	-1.175222938088137	6.1889962250934945	4.301824665999516	-8.673452164588642	-0.031535948289468985	2.0258105941688016	1.7551355575560903	-12.03391708228456	-11.346823932280891	-0.26445921193226896	-8.591924437375432	-8.731947973804218	14.245156453917218	9.14558391439234	5.81379314410954	6.199503621454204	5.742464533345299	-5.800574485765599	-9.68583251292829	-0.4266652908055986	0.37881671214554385	6.411995523498964	-1.39100872430745	2.742362843092561	-1.2141720042247426	1.546296312372373	-0.832449735085533	4.404747965185038	-0.7814481273769509	-1.3193141709338814	-0.026343852379668117	-0.538952168873473	-0.09117348229200932	-0.17754957505003852	-0.17789408776128396	0.21898072404757157	-0.1770598548507609	-0.5538090290147644	-0.9947783113676605	-1.1656942440120321	-0.35107875934463695	0.38646196500967417	-0.9820139875183274	1.7949274374652087	0.9690859877683261	0.001823267915334762	0.22322338602703443	0.6912625871004351	-0.6329980529606867	-2.0784590797255635	0.09349664267096379	0.6167502930924473	-0.46100595942623224	0.17062795228592428	0.409505078137171	-0.14091533677289664	0.5769057924806822	0.4715623381886669	-0.6166003601313498	2.1490349859526052	0.3848984563925427
DTXSID5038919	-1.7379285702235676	0.9591677679750014	-0.38184928424082587	-0.09590565248990496	1.9978332099955014	-1.051558295433347	0.2994462817822288	-0.30976379816794464	0.8334365349623225	-1.9263911647554108	-0.9865708241685476	-0.41077042602619246	-2.4263333372923026	1.065938191604943	1.6170319710292445	0.5062571097381158	4.861188908728779	-2.6762350029572213	-7.967351529212266	-2.5763883889711607	1.282789055132529	16.63802228317892	-4.776158499674243	2.3636150439558232	-4.028074033309783	0.7802841268572063	-3.954136175686259	-2.6885514425605197	1.4754593240109262	-1.8592941777499083	1.0044995853517855	-1.0647918448494609	3.0462506057807515	3.3871080096350306	1.6313133681967122	2.457148078919041	3.4499600016289786	-1.3597163388090763	-3.144775162331455	-3.478143831553189	-0.9731300198786488	0.9978731077135845	-1.8672975718236862	5.451637098430573	3.3118707413588533	0.22297161091135592	0.741802943511266	0.4338610952126892	1.666908162041362	5.259794844719932	-0.11778128448609256	-2.2786406510987467	4.153469113953716	-1.686237082661769	1.7140370216479441	-0.4442517471518292	2.8082245138976236	1.436469777041155	0.601275714192557	-1.7314360942149605	4.256957464514405	-2.3240171382148365	-1.024610547303999	-0.746303645995609	1.8784229084945059	0.8730010263280457	1.4492408767701443	-0.3487436335303946	-1.1339577763323698	0.5331925566209703	0.37187466993557455	-1.4409568869638962	0.8880581285668143	-1.270641316695228	-0.1029189361907594	0.31876687234414314	0.5915343159102661	0.9481606946565593	-0.30920911531929884	0.2567581990613647	0.48525115253878376	-0.13179193695044425	0.32351660325392584	0.802816372834572	0.7276808711774785	-0.34534657799524876	-0.5104704849925676	0.4400180146134913	-0.3122278621241174	0.4432792975561484	0.5804321415709753	0.7154464397755974	-0.08085025012996148	0.0941575498741089	-0.1481457085961371	0.8026242260789527	1.0391186828535586	-1.7150382340883237	-0.05366465686795237	-1.2300505149896517
DTXSID9048728	1.9095777379720162	4.542529149746887	-2.8326611694873285	2.286809623923502	-0.888445695387601	-0.6760521194331793	2.7927340683016517	-0.18730395735851355	-0.05645463892947264	3.3144106824438775	0.43188457919134743	-0.6649931812542498	-2.069372695083771	0.8249504188736032	0.7120619361461455	-1.1447946304705632	-2.0871475263632377	-0.60714125771426	-0.49748177213254846	-0.29954335095488827	-1.2991699593177113	0.1185387947064491	0.16907557913798893	-1.1786606663489	0.45572749618970737	-0.1103405003394719	-0.37252701725343357	0.028767229278618824	-0.7502862596654571	0.4724494220545987	0.5332214820552768	0.6007784056329729	1.2436416045398615	-0.4299941285224501	0.3717900529245628	-0.6592212457331854	-0.25611106995008504	0.5205014233998161	1.089674532939415	0.3569006107917469	-0.42620998012641387	0.8394815779130315	-0.07900544256336366	0.984646864191626	0.6417619597213141	0.7229560846542458	0.23713546884108233	0.2633765437238158	-0.01333432116105508	0.14185093449538347	0.39431198219614794	0.16007337909176364	0.6663878358993169	0.2706340494929854	-0.09377565240061209	-0.5975363016053634	0.05748367824260225	0.2789899254538469	0.23292671529737788	0.22114836293265538	0.47539049111602105	0.6919807503589684	-1.3507405493030624	-0.36330140465120264	0.4388519789832174	-0.6780761420579998	-0.024758115065387012	0.16252784751445248	-0.4891523182087517	1.5511417015853053	0.11760091233708726	0.15971221537180894	-0.4582413329311909	0.390122685521255	0.8356425669311002	-0.8522416528381989	-1.0748743176452882	-0.544212105323484	0.40084436841811527	-0.6957486078771246	-1.382575822527188	0.2788307316565346	0.3882205773487245	-2.210492545010153	-0.982762304218568	-1.07968457953591	0.9211709357257728	-1.278941862161557	-0.33971644104067783	0.010887649850741865	-1.6630992183534918	0.13491008258454318	-0.44999358402276907	0.0407463577708351	-0.8737803071067335	1.2262366916571825	0.2420069647964632	0.5221314869203217	0.3027591203610235	-0.19409683742774453
DTXSID5046300	1.4561551253503948	3.711524651896882	-1.0170803252573037	1.5217216737674857	2.557499012708196	-1.4614038571297288	-2.713901857551849	-0.006360340769693285	1.0924427066794704	0.14035533865183822	2.9409063892924556	-1.1248489991263413	1.409923917315638	-0.5073081809953509	1.4119602753810723	-1.0035521423356617	1.2219245298467993	1.255324010835707	-0.057120974549163185	-0.4918821290746238	0.4759010384631969	-0.4854045773504769	-0.18635200208085223	0.8357290967149481	0.8744162150634562	-0.7563125474626666	-0.6385243190545618	0.04301350495302681	-0.03575748224673867	0.32242890024187376	-1.2162591500562934	-0.15443388931228763	0.16617491228010825	-0.7426936262243071	1.4258720117146022	3.0760266350725565	-1.5369873948238786	0.5914681506549139	-1.0285064783548246	-0.3483095970568351	0.10207655908059363	-0.7201631116049352	1.3886707274282388	-0.6920157776103973	0.3330935152127884	-0.38585842787765107	-0.23976317096054736	0.508344441913387	-0.1980159512982446	-0.16007548965201487	0.15220938231311784	0.4492382860509182	0.5990219785990372	-0.06454374018450443	-0.19635250376659977	0.8350675211689749	-1.511647687507775	1.0178079865104446	1.0865167210602236	0.013823171446202433	0.4733146313523884	0.7560031094705181	-0.11439331233557669	-0.2933023196609615	0.5006088751010467	0.15523288150820486	0.4360549399225828	1.1543320144077294	0.34945149823993643	0.251462503602494	-0.49859249820016305	0.32494731055869613	-0.2865967515667858	0.06997274949587917	0.8880840771830242	-0.9308091147293005	-0.10170761340441051	0.33687592386825527	0.35653072452528844	0.5969652905033264	-0.6574239798657776	0.6243257090277736	0.25247675287426624	-0.22303194360570736	-0.3721641325807107	-0.2993857686902159	0.6275430621469296	-0.1623079543941161	0.32575371066075265	0.24912341433427493	0.2737432789891774	0.09611895997435867	0.6889012215352315	0.21388436295132277	-0.10460209398812266	0.40914428005419406	0.019316439444391674	0.03401147744080647	0.11677791326218151	-0.7788062619456301
DTXSID1026900	0.8879021518836873	-1.2021922593648486	4.55172902369685	-5.903688267874497	-2.420864753245805	-3.9956353242620537	1.009750194775563	-0.23803936030967024	1.0173337159203264	0.8357529518249209	0.4573408889547653	0.632366293465002	0.7047200652435152	-1.596342475371827	0.3438310496086641	-0.20810783848917863	-2.377192611547681	-1.354208376994635	0.11369293543010534	2.3156861112723166	0.7313687689373046	0.01196599435053935	-1.1180831965732405	1.07049067952312	-3.1709772514869212	-0.225170778566076	1.0679753885637904	1.2956518238723873	-0.6165874809485269	0.5297668005119243	0.6956995268641363	-0.37395561646654113	0.6286756565494989	1.1250961085248325	0.21571902389135833	0.3668029986446638	-1.4880840659951542	0.1295926573427903	-0.353204097179936	0.5989358150024403	-0.685126109980456	-0.01952433493913549	0.5500163820941083	-0.4958201321822383	0.2174677435109147	-0.3136504132319741	-0.024540502579233032	-0.3898023215532578	0.04077646189725877	-0.2610531277372819	-0.031203669257296448	-0.19186162994293224	0.35202340331691817	-0.3966355011331784	-0.9591570356698372	0.9949449247401219	-0.13747326682720906	0.06423218137756007	-0.1876301293706334	-0.3972272667736374	0.37407357971117927	-1.4562423903032058	0.517196221030229	-0.3859972617122805	0.7383244360900241	0.321937716155994	-1.0218838658362472	0.2573097047503985	0.1279936229676858	0.3610853484934376	-1.3505901491317127	-1.1325533229443119	0.4231793254865524	2.1731726262895514	0.12937868976166628	0.6540046137368204	0.5580608199424617	0.8293361364381975	-1.099787801114606	-0.9381175089416208	-1.313309156042394	0.049545256638141334	-0.374177045182759	-1.023313443028431	-0.4389867652933632	-1.6836352962948826	1.045040260099848	-0.5286479213402902	0.9289836105209845	-1.4896775410464622	0.30679884904653576	-0.13527741864424242	-0.27574057677777625	0.15398680575853785	0.21917141338282634	0.09112415140349077	0.22409339490175317	-0.003912946750975544	0.3390490969358529	-0.2111904976043092
DTXSID9041491	-4.699686868154317	0.4984548921075307	0.0671782277938452	1.1136655263050388	-1.587090384618909	-0.2130250499581552	-1.286421897851408	-0.6882470557112763	1.0137150114341211	-0.5258767197453158	0.796732059229525	-0.3790058107337248	-0.3902689769037803	-0.3531805289023108	-0.4456826462545641	0.6063951938542963	0.45407400110498986	0.2690805025773819	-0.5168774083217574	-0.6230642968317932	0.036940224918001134	-0.5261092106602664	0.30346496663850636	0.5229818475807398	-0.9367619091954694	0.580091774069819	0.15939949072660917	0.21454999682500028	0.09603612004563657	-0.3920125677126377	-0.10290739788714993	-0.17520784737547118	-0.861403675903116	-0.41863860461993585	0.060949344309814316	-0.06042185067428081	0.08976023570757635	0.4983977658576938	0.10571274672696382	0.38195322376293406	-0.19749270370804786	0.39475709302992856	0.12249783201306944	0.46438451195589364	-0.19869950642313375	-0.01384587802820539	0.09724617281328744	-0.7029282193895808	-0.0305787721036001	0.10397483720191292	0.19381080974301207	0.07753107985210028	0.10122408342923817	-0.15511116936441682	-0.3205861069880454	-0.40673460190269994	0.12727073239974857	-0.1291436579604352	-0.03420632634147544	-0.0727945354894132	0.33190983030394355	0.04275472613099303	-0.19445068210722283	0.38712590101483996	-0.044420332755224785	0.32570735407511037	0.4163543747830289	-0.4015063019233009	0.4489666648432229	-0.0025029677232994195	0.15877993590960604	-0.5459451902515577	0.2309653022914722	0.4143806207420609	0.3379959758466889	-0.1649832475989478	0.35613312174827494	0.24098877733684598	-0.09484404514872388	-0.06361359155061877	0.2536281544378171	0.3419898796345268	-0.49461101627164117	-0.09450066493095363	0.051579281235733195	0.3187981629887909	0.27067895356927235	-0.04686851768864342	-0.1417601178829512	-0.25116820061501444	-0.17971399452425285	-0.3247208773501486	0.4140011037450997	0.14216968398340557	0.05417123338962596	-0.04251993166029498	0.0900186872422962	0.2986582855407474	-0.1192177584211467	-0.22327351733255546
DTXSID5022194	-3.2193782923441123	-2.0592033297503205	2.2338111578742397	-1.7005249855883648	0.5733791909341107	-1.7954305390098313	-0.21531852216249772	-0.40151765532764044	-0.1182950450258174	-1.200367197001902	-0.4820151217070834	0.21493231096248502	-0.20707630682759795	0.6719917189122223	-0.7957962566066786	-0.7153035614523944	0.6168662168284081	-0.7985990931888824	0.2869093471527147	-0.5028832166982463	0.3290070003137793	-0.06589291583784909	1.1050528961413189	0.09159496228641008	-0.3021479758148476	-0.05149587292648169	-0.09077190518909631	0.43013369360659	0.03198105244076169	-0.08424052339070197	0.0053864920340233454	-0.012800354016418632	0.16946701248756837	-0.7014874761571682	-0.3270168718608432	-0.265046350974937	0.02083537493525162	0.22537640999549524	0.18505255143813304	0.1949298954032979	-0.14610891127636333	0.033668056514236135	-0.16537885769224936	0.09411374848468662	-0.31485321093131385	-0.07845556053306169	0.1927485806222581	0.023474271824076832	0.010447194201565493	0.20980884137560762	0.08647503057137729	0.1529242067871486	0.21699652538263545	-0.0202755749471726	0.03459034719256425	-0.02434514156229521	0.2605669705508417	-0.06225162095777207	0.00448825336345122	-0.035844031427265194	0.3642180105021503	-0.048352634434110725	0.15749824567454393	0.06696642839221582	0.022714374340796345	-0.2231287892142727	0.5834357689613077	-0.4687870956143596	0.08271857986401578	0.5363961736874038	0.27504698046445114	0.18357057050098693	-0.053900572661534606	-0.06571343930764713	-1.1277635274923044	0.09946268335041206	-0.38123635540792217	0.04346579745582124	0.052270535155616825	-0.30181055364005416	0.1233338567920162	0.10929648377443651	0.20475879026414742	-0.1259914289118268	-0.11147110953743639	-0.31797477970227345	0.11219464423997907	-0.15130487234335308	-0.13232330373506496	0.15589289719307842	-0.5992083478404284	0.2204714866349441	0.09595272897500168	-0.0226970052704988	-0.20727633889738195	-0.010585435098079424	-0.5492038896560895	-0.043699933977656646	-0.13642764605035582	-0.0850513869502404
DTXSID5047663	-3.8536157993298725	0.8051123711899314	-0.46571399003752034	2.1425814051711964	-0.6748160871301261	-0.5316588107680831	2.424993603004014	-1.158076744760056	0.10609277439161147	-2.593408688153926	0.6904390267433375	-0.3148415766877665	-0.811805221603571	0.12584707750971935	-0.13432379795009483	-0.2639659997942624	0.45332159585850595	-0.10809269397537809	-0.5704395486698735	0.2513182775452721	-1.3234505228412445	-0.9425218401987645	0.9881849028748436	0.1705903606555093	0.6225920622075058	-0.7951624647987101	-0.37764770486822397	1.0271574214746302	0.8678265632807244	-0.783895687869109	0.9075922914065749	-0.24311562064943348	-2.413723742856626	3.035588130097259	-0.13511386591960725	2.3877488051772437	0.8676297020691311	-0.07849412955919667	2.659866949717543	0.6623166608628429	-0.04352912287420615	1.6589535994549724	3.2090963757359847	-0.3192294552980485	2.1032900177426304	0.23059401756080622	-0.19167310901356605	-0.3375291494783991	-1.0019225510505458	-0.8289931270889007	-0.36877826382761436	-1.4946976172318618	1.357482515230278	0.13745061664413638	-0.31010500062528884	0.9108055027491634	0.7954493815542473	-1.6137370953343941	0.3504892077394962	-0.6145077102758485	1.2377382397870427	-0.8827332997032646	-2.6359323449071383	0.3162614003635841	-3.1512217876797455	-1.4698332373102736	-1.1437701057288296	-1.0027627642216999	-0.14599667268351676	-1.143667126931129	0.4157519587498544	0.12916374103068617	1.0422485721809853	0.32542836001316144	0.06954297946308328	0.9410336327367294	0.7410599189441983	0.27281112548037756	-0.3382777453249527	0.01466041249662698	-0.05309514288356235	-1.1277132264513599	0.49350415260633784	-0.007536437278492531	0.23701466561944812	0.46572269353726375	0.28855935296653334	0.23360805565785212	-0.02394850011619985	0.18971651610655824	-0.4204571210401393	-0.14934996089806166	0.0716931519399558	-0.5308233900703565	-0.003642164702632249	-0.8220887006223737	-0.14587165373525826	-0.14421661384777906	-0.08975612125888587	0.4038578880132512
DTXSID8047266	7.976301323205819	2.4895066167311533	-4.050232743356737	-0.24852675931198118	1.842084548671451	-0.8762269749038732	-0.07123383022089028	-0.23839135146368218	1.87004519222783	-0.6408774532254736	-2.695314992985647	-0.2666476572981275	0.41320476323618144	-0.32070085581276947	0.3771643951970062	-0.74657866318043	2.1610334979603354	0.8900370688159949	-0.5089572375156948	0.4997790068953834	3.131452749799786	-1.2313628593828208	-1.614176778938478	1.5371447174878436	0.8231168042926782	1.9886013475305735	0.11363040390798053	0.3264484506851563	5.071962880336257	2.972749316140239	-0.7002745554326085	-0.19185627568500235	1.475628317958352	-0.15625451581063438	0.3106223153958007	-2.8546869730115927	-0.5412504633615492	-1.6616170562558592	1.0950060656568166	-0.5749044586988196	1.4839134621494894	1.7119779958659878	0.7453095877589333	0.5767793032080105	-0.5794190225079353	0.2965556027315018	-1.1215983443205562	0.47671531929106836	-0.16492890677795471	0.2851974087353501	0.07728501593778074	-0.6042139820424297	0.4312043704426095	0.6328808534056216	-0.315025352425343	0.31663572109755755	0.83638593007219	-0.6053633440705575	0.1807099244499514	-0.798927197031716	-0.73970046401644	-0.39742716323173194	-0.5706038259106148	-0.7016034593095465	0.3817179163212102	-0.034255629371257854	-0.76891044668536	0.5134176649431877	-1.4729192848298949	-0.2909897592030008	0.8831468237876154	-0.5148193668375999	-1.4089165574558171	2.5873497222013344	-0.3582353717687444	0.36257735200491154	-2.723666285365152	0.2261355354698412	3.999064893309207	2.2572143490763446	-0.47193983949364976	-1.4507540666961742	-0.9118387360459	3.2509861786970733	0.1935571873948064	-1.4024242110951368	0.07819029700921748	-2.312913191433143	-1.0584798607024115	-0.4549842163017683	-0.020895698623769454	-0.4679691860128301	-0.915890943076854	-1.2557120000249793	0.03137239094957356	-0.635626525980939	-0.6389865046050941	-0.8143430151343047	1.687346558910587	-0.46821038262328907
DTXSID6025436	6.34850754776796	7.800025247776748	-6.163696594228791	2.934658041915489	-2.428497239975318	-0.29728170203063214	-1.4598404448031546	-5.350887430502035	-3.6516785057055596	-3.1750534915873523	-5.4634133640203695	-0.9447689629366607	7.395736273385199	-1.170933958660878	-0.951668292572932	0.5758396179206381	-4.853085988795039	0.17288479584959449	-1.407100192050047	2.980738650552872	-2.2028758987254626	1.8250091892677451	0.6540471559490441	-1.7542474049326773	3.5372523000755427	-0.5144940379405133	-1.0567967112379946	1.576470782193832	1.2771236982511582	-1.961956429090468	1.9079841266443995	-1.6569343121510816	-3.013086132267544	0.6165182410357661	0.14974218442300538	-1.82127160191691	-0.2651110371751001	0.7805578260572181	-1.7694095638745428	0.2194996440420192	-0.15083239825170686	-0.11251936861398644	1.3747431546880917	1.8642521694835328	-0.031057992825728374	-0.88393595992069	0.13536184889827516	-1.4982565588299506	1.1737353754068598	1.4952201301606496	0.6794881904547739	-1.1689794631219457	0.05268746188423157	-0.31735088021801144	-1.8334118773743457	-0.3581373746128032	0.7177182785604663	-1.0090935721326448	0.7875378139615317	-1.0137486487498335	-1.4112710557352148	-0.31138784437372735	2.149834013487866	-0.6773752122107327	-0.5023937513446458	-0.12476402184101952	-0.018649986507157663	-1.9661259470257282	0.8222472422858553	0.5014730106981915	-1.508675431804028	1.1630858627058798	0.5421310513999914	-1.5292299589085148	0.7791768973769824	-1.878126438197521	-0.5222433174436224	-1.2992823107019214	0.508164973858235	-0.6236918924351972	-1.3162154284820577	-0.4930429462007395	0.033599872231366075	0.5363858113385777	0.07802663059417284	-0.3035878035440371	-2.139480897781686	0.30930000839028493	0.25024305160647653	0.9312992245173748	0.4459791595708243	-0.12517976749592075	0.9881047564029607	0.4086170923342229	0.3138856408187249	-0.7226169590723543	1.3873530891644024	0.09689774671310081	0.37636435001259777	0.3551351691277851
DTXSID2027416	-5.068531686759891	-2.62219482902859	2.6712999754208258	-1.056159927738185	-1.0433368764317785	1.4921103760432224	0.3374777999284326	-0.17183329555081625	0.7469820571867533	0.6085851868922642	0.09378254755392411	-0.35200679474047786	0.45015040707443443	-1.0000231949110303	-0.29485791847898507	-0.029785273909139338	-0.4880687778128029	-0.43985729876283847	0.21769533094891141	-0.07250990713655919	0.015122377616517458	0.38331103755215834	-0.5592235273723749	-1.4767029284906774	0.4406464822406752	0.07162846673912052	-0.8984246912693669	1.667559566000812	-0.05611000990819216	-0.175618286834765	1.269910961929756	-0.40897068213594545	-0.049456222013047786	-0.13981632745862246	0.4593308863456295	0.2588914879398063	-0.16230891959209157	-1.076397961547594	0.4633159736279786	-1.3376853776493616	0.562366202152631	3.7701420233607936	-0.09370219151169529	-0.7783633062571008	-1.9569136355589476	-3.2936409043484924	2.036936029728901	1.0452488542321412	1.0217931556227196	1.4542878698042736	0.2635372231170156	1.379454138936528	-1.1934316286278286	1.1110982633195357	-0.19817802222057296	1.2485499869814614	-0.8982837024959127	-0.7464171518599071	-0.01874145617616258	0.26544712302053125	0.11887388759567413	-0.7509483236739098	-0.26127451554634895	-0.09022302685918505	0.9520401696553867	0.3010918608028711	-0.43405839664501916	0.29109616239816366	-0.4323922281985476	-0.8105040314362567	1.1699948927600714	-0.41823082137014356	0.294496679974781	0.23569676539307152	0.9599558356047361	-0.19780204795892442	1.0009444357151511	-0.28777073757549215	0.37008064643095284	-0.2332103346499033	0.01556131375431418	-0.006098541348112262	0.30059743548747825	-0.14380665119868688	0.17500676645660973	0.20710423351162302	0.1410752202327409	-0.37695711252910824	0.168511907837961	-0.12134704138654441	0.04462432985520672	-0.4117935614862314	-0.40176402493879076	0.15429513209152884	0.40061570457286305	0.5223861641444346	-0.2917834889939105	-0.3599220075376092	-0.3696890293085864	0.6663261353255107
DTXSID8047929	-2.0120458798360485	1.7323042502556827	-1.094662149104655	0.8451868187125017	-0.7740155394423882	-0.9089120527094258	3.384381408984376	-2.18215076530081	0.11026837560759656	-2.389025498344897	0.09361703898330515	-1.4873995746548905	-1.4299074263616904	-1.50898448585374	0.05930178162660922	-0.07032559617967256	0.8045588875469185	-0.502401039853275	-1.064589146508259	-0.2263402763475485	-1.781521476615675	-0.4689524685490308	-0.35395156284708384	0.5912086013566926	-0.9028384547047226	-0.5124741568356922	0.939096645118733	-0.9897867841211494	-0.18221330609289083	0.2220609898195804	-1.7434597198510504	1.522909540024977	0.2554992953552234	0.11669024559416268	1.2907923998940671	-0.31179979578977585	-1.1623175390880636	-0.0825722311700669	0.8524483971126814	-0.43726233043572227	-1.1427016133208747	0.34444571012365677	0.06456859092570447	0.5427798032071262	-0.3525788513589124	0.07654078628800713	0.6139772282199701	0.005029219758079039	-0.6410068098393523	0.5273475462158734	-0.2521795985149131	0.2398879789901632	-0.15454823029047476	0.03482551149445575	-0.2637156274154884	0.3655151329824469	-0.7725281345324956	0.5680135986902612	-1.0819655766945853	0.9243910506293135	0.0007868661747575915	0.7183031959815995	-0.2043195800456377	0.887480007874064	0.3642352217482933	0.07324505533452114	0.1148267016225734	-1.13946491315112	-0.34758811814644675	-1.1215835272514447	-0.4368687821364373	-0.6758021393205831	0.09673706099319923	0.00395660925117127	-0.4682853075929417	0.4384977741323282	0.20655046190548743	-0.13349037957155194	-0.8682163576513903	-0.42044720958372883	-0.23775734705588134	-0.9797122612050362	0.6078613208023459	0.9230065452861071	-0.4628775671138779	-0.029184115667117535	-0.17410972247161483	-0.10183301581687138	-0.6168152486988718	-0.657385022180286	-0.701119628317966	0.10921415239473951	0.19814426027891177	-0.29236544774532547	-0.28178929377405976	0.6307995072885593	0.8689180657635207	0.040429760303383064	0.4759820894395172	0.36492415954128066
DTXSID9026974	0.23119292780401232	2.019573097423757	3.2669574111636077	-0.302914970690104	-2.6121722016237245	-0.7907924645069092	-1.7561008637431883	-2.8639268219788496	0.018950201678818758	-0.10442794905236442	-3.4733744784152605	-0.6889484739696122	4.516397270008719	-0.5157827563774275	0.8466840460401788	-0.579749217032533	-1.0889405151808507	0.6570041357647608	-0.5529122084195702	-0.5571036059713993	0.3256482439518904	0.46040053326383107	0.6615964257215813	-1.245169306827583	1.4001709239903313	0.15879997071649968	-0.3751167112723389	-0.9875913294235936	-0.342233255351806	-0.3278225946544511	-1.0435651009584972	0.1729648182032311	0.22851621681884166	0.5872971305275482	-0.7530870420009642	0.06852765182073715	-0.6690688316051583	0.30176284338614756	-0.6233710231568101	-0.3939497729943738	0.5408112272610455	0.16962117912019475	-0.33925040484832175	-0.7415111700275872	-0.14595798045391747	-0.018877201287133907	-0.7370493100533976	-0.19965918561123716	0.03287457774508585	0.002220931942051406	-0.054400067247573854	-0.38445262709123595	0.335723512489022	0.1551872810395168	0.014575006207267477	0.21886496045925669	0.7657823922700902	0.5005522497011107	0.017109020665431355	0.2613483691542906	-0.17625041328966007	0.565013428748476	-0.04088746828338658	0.22017394142568594	0.01561496507340812	-0.6579380318016886	-0.019585826632743653	-0.16425978618671633	0.9033229109936729	0.32794624524541444	-0.07423601347289695	-0.4682021660008342	0.8255134164077335	-0.06250510739815948	-0.6967898587641386	0.4522132689576804	1.0126604721529942	0.7527483742579824	0.335107947929666	-0.552674238735751	-0.44214268990223704	-1.4823631710790552	-0.025137132463669404	0.41899456094907184	0.34221095624998954	0.44515637179261447	-0.36169341712434244	0.34295158611939636	-0.0606444307323197	-0.25171630056139643	-0.1263469742299399	0.1823243744032624	0.7238717415076975	0.8115077686340482	-0.5090730451632223	0.3095979192372301	0.35290723994909373	-0.3650650320805077	-0.02127628712165268	0.9018807311477371
DTXSID5020576	5.631318400779896	0.7988357409438668	5.922475073619248	5.621583651036678	-1.8817389910455524	3.107343182693323	-0.6732131599323815	-4.325810600379629	-2.1259525004626685	1.640547497528145	-4.679784843649226	-0.5897414228319847	5.316927809903632	-0.36761414174068546	2.3848488205068095	-1.2794838332964185	0.024059827138722293	0.46273173092105885	1.8023327312231296	-0.8659252910582429	-1.2832105663330535	-0.17609070370713664	-2.0119979463109607	2.1702266143366993	-0.28810102148912237	0.5347418858955412	-0.5380401188333708	2.3229064375584927	0.798095729824523	-1.475545702062909	-0.6224701371959187	-2.5023545230624356	0.754967265096437	-1.5121235420107109	3.647252111239732	-2.7645644028267915	1.975709777880713	-1.2275933645758812	1.4836261823033772	1.3918644481455087	3.6994829078911713	0.0031454659371249263	1.204778853082561	-1.804607963665553	2.346210805166742	1.2893779753814358	2.3663225811540403	1.8568150565869337	-1.165420242311873	1.6942655372892992	-0.2515945396583499	0.7555270667136248	-0.3335450144508199	-2.652202697921165	0.9603505449150227	-0.3480952170486791	-0.19981626566829191	-0.11363130599979765	-2.2746727233092954	-0.6685369020713376	2.7157588293410777	1.582839189594125	0.6797773369080714	2.2532778128580353	0.7965028813599933	-0.675391987209158	-0.2437777612661744	0.35159721429896695	2.1030628597743104	0.02696938880758705	-1.9798074037801945	1.2934082536119933	0.8563435425514535	0.5396882018244511	0.1315833660616887	-0.2542354452992107	0.7821951292077957	-0.33693882793784674	-0.6728327276355337	0.23902023623309993	-0.7386735991079362	-0.49825062016650734	0.10671750211568302	0.04707759231492127	0.49014753112496423	0.0016996149689831523	-0.20962151133268714	0.11689622002699705	0.5689150966682034	0.3320138428416305	-0.2533013262682709	0.3688542952910022	-0.1945993828554885	-0.11831263724699675	0.24542565579126338	0.16303784347425174	0.36275214230830444	-0.33497853988452014	0.7291109532502084	0.9431940477680232
DTXSID8052308	-4.844562163550327	-1.4876456099825084	-3.1104647037581703	2.92351001626385	2.514667104341171	-1.2966642434331788	5.025259466421362	-1.6513850086554107	-1.3849074011131517	-1.9224818279929514	0.9255343850483183	-1.2810757357479197	1.1727851435180194	-2.648620881770782	-2.833534564345612	3.3414827176411435	-3.154010884616665	1.5970846609343405	5.564578056516957	-3.1618764577898704	5.193555041078452	1.5812042498651222	0.14182360638689542	0.5783756831409542	-0.2317590815888982	1.222530103727782	-0.8541078269720519	-2.0199455662200654	-1.3619686517249507	0.5987220924850277	-0.10945224504648933	0.17493860292364755	0.6532545044327626	0.5669995214039967	-0.05356368210994503	0.9429102603950705	-0.3050293698732048	-1.246749280004715	-1.0381620518752346	1.0906414721626572	1.6448347286596678	-1.4852566202773463	1.0494898503110979	0.15940737111407927	-0.41650088676362107	-1.3594236847292955	-0.3224713676444698	0.8289985083890675	-0.2135113749469762	-0.03386372231781232	-0.42537688846294414	-1.1028123561231629	-0.060222269072922545	-0.6691622317140389	0.4438343227827601	-0.07740209698223603	0.8321080774031007	-0.40374888208090715	0.5363495059474058	-1.113181376048431	-0.08344988670312309	-0.40761848375765336	-0.02504788289910281	0.20771324506013258	0.44685219605831544	-0.30814579765379124	-0.27953048346192827	2.3333214731000194	-0.6186404662606099	-0.20175466040349757	0.21145858533993844	0.7835759432806599	-0.27827862143808074	0.9779079188208755	0.3452636893030467	0.4254414713643905	-0.21983471913650068	-0.4283811778581032	-0.023125484652038283	0.8917304500046753	0.874119468338285	0.7789727213935022	0.5173299703333439	-0.5008810041297604	0.40754680805402427	-0.42574819158270916	-0.3559550698078266	-0.2236126209014118	-0.02958598271699462	0.2657853903965064	-0.7936854601699375	0.23600670026973503	-0.6509366780920407	0.21346597519815733	-0.11048666504299341	-0.2956767516140036	-0.06759828972526417	0.4070205802114983	-0.4141278684140265	-0.03321035032018381
DTXSID0025361	-2.88587978527662	-3.756484568669638	0.19016969006903475	0.7646992857668871	-0.23022018752721887	-0.7080303691548695	-0.30121523034228365	0.36558262551355486	0.2107329486644799	-2.947565136984823	-1.3071470105849476	0.2345113094726903	-1.602015005282275	2.118343843942779	0.7332345951916099	-1.488104465757881	1.5453834261915722	-0.9630190942009114	2.1259299868339543	-0.30071209482979266	0.3929426410513875	0.2489480324895589	1.1469905503995608	-0.1079257050820034	0.8295437546999568	0.7418801715700567	1.7895859084991947	-0.006414684091860395	0.45623387688155953	-0.5934427487476216	1.0266197751333153	2.0254134533357346	-0.48186913237531526	0.407095155440352	-0.7831570703480271	-0.869244982035425	0.06891740896630096	0.9264498466985842	-0.980264393359785	-1.46965795902718	-0.2965705938617897	-0.18292396016202916	0.7324916549042364	0.42029908281836326	0.03822821981817527	0.6538935502711825	0.7816724151235025	0.37367684167050175	-0.2274774502689961	0.29064702922950836	-0.06636315740718507	0.8625777813185467	0.15196966211418084	0.2735251746351097	0.1977124466376265	0.2436179657137361	0.5523486656359257	-0.16282867004174878	-0.3364617433725687	0.3315286443554809	0.6804439307867197	-0.035698259111582045	0.45532756922297823	0.9717065284165927	0.48729873139112856	-0.28827269190473387	0.2612223543771143	0.07225061070634525	-0.3427165807052471	0.027455270420902594	-0.253789880893731	1.0159713732201345	-0.6335080880834606	0.49955435070566456	-1.2450003020572131	-0.7470147381998525	-0.32225302586393445	0.19124747278189239	0.769500930839804	-1.0298868730413933	1.0811369613325166	0.062082382611046864	-0.19102303952841732	-0.7000175777985908	-0.24013454607825516	-0.5499327813774938	-0.08464592652431226	-0.8278626744755736	-0.6572896045835763	0.9098580524546824	0.03570011643230713	0.8615452648354899	0.565276599340554	0.12840089848479536	0.22996341741426599	0.1277173064013281	0.14610010095914064	0.1500280003200286	-0.3515884237007493	0.21180260622849728
DTXSID3041611	9.956928600046446	-3.0556413180625053	2.3326615234599504	-4.407541072173266	0.2868825008667338	-5.433631080973672	-1.0561664892207903	-0.6802675988362993	0.6244006804313315	-1.7243915394919886	0.98301845841042	1.0789573124029075	1.5663257882050488	-0.3047503555733243	-5.473877206043536	-1.2132233802855639	0.6224737308435815	-2.3822080457615873	-0.6859614671773957	-0.1726908436726151	0.21616621947911743	0.7811362944646639	1.5275979734513694	-1.0166295006042276	-1.4984790552381388	-0.240538697689748	-0.6091391269341477	0.9998003172884671	-0.017483639949022228	0.09115145066411887	-1.6653924459922185	-1.9262208266072776	0.05526994472568116	-1.828177347347165	0.07381264471257949	-1.0330912027017891	-0.7803730009298453	0.7325241299119345	0.8506828807691996	-0.09494133330825656	1.0136498949649857	0.7435653416884987	-0.2991589641704136	-0.011571863955985416	0.7644865311876561	0.6061508073056227	0.8919559098348941	-0.32682160475444827	-0.3365042699125473	-0.47170891959666067	0.2365686928305898	0.24716481088731132	0.4514506934238628	0.2762234884313547	-0.5727765959036569	-0.5174409798470695	0.9086249463262869	-0.5023972115393838	0.05160961649832753	0.6035519810844945	0.18670145740097743	-0.43476667657944423	-1.150585509902735	-0.5704689948693421	0.20911846822490188	2.1337390574426074	-0.28776413545089474	1.1744759226005776	-0.5360527584977338	-0.05445828966915399	-0.226509777266351	0.44741612567164635	0.14220178972383501	0.35294480427578534	-0.17786024749801582	-0.12375694972608461	-0.4412085104141818	-0.07218248024537995	0.3667089234391256	0.15205059593428036	1.0018164562456633	0.26526687968599805	0.4099965922989362	-0.4762695126321876	-0.2080744108504563	-0.48186130088778284	1.0251701094789532	0.7536630736816261	0.24193605503214669	-0.05823052863174763	-0.09355907404051278	0.1792216974469442	0.5976018164726264	0.37355905572515674	0.20020151667371844	1.106227290371036	0.022103128805475193	0.5614256591453581	-0.7440480264781659	-0.22055365166871133
DTXSID7041752	2.644066763540792	-5.7551216894814665	1.5542071185474589	2.8934125345941144	0.0940963329950613	1.2312003137377208	-1.528609004678932	1.1347391953599808	1.9109678025745207	-4.575766073803723	-0.5232639871228828	-0.026818530946057413	-2.757305244214129	0.05837286564773641	-1.0735333951407646	-2.2403037988352197	0.6807061499071413	-3.686685755924052	3.6928330150301387	1.5539558687251813	0.4885790335461513	2.7033801229819887	0.5990757370233563	-2.3460294991556316	2.964077790394046	-0.6946299136956757	-2.287550322806356	1.3806087299087688	-0.055897143292449616	-1.10328103790788	-2.461237433540798	0.1072318459463595	0.6226282454270176	-1.7732984585228417	-0.6330145220755986	-1.19119218600169	-1.9371391584515294	-0.004298418509821397	-0.012190394674469139	-0.2282530180739597	1.0437050292083672	-0.42644747209954614	-1.410142659582477	-1.2954583819075876	1.4024950204474067	1.2647608288319296	1.2617401939816002	-0.4281334201470425	-0.32316653942885354	-0.7668214667585646	-0.23765278526958858	-1.1650743383258408	0.2712924693290441	-0.1615213669578499	-0.19796199887564736	-0.966838320477547	-0.7348461343951017	-0.9035579928117152	0.3333302133106575	0.7654306865994058	0.0001772091017419845	-0.6197156818634185	-0.05347602176853693	-1.5741312618575087	-0.6269792310260159	0.9595147436773462	-2.2810150797050808	-0.6538563819469305	-1.2277784276992807	0.5740349041816251	-0.6805043830552718	0.10965358357739957	-0.1808233990180346	-0.04781585878259672	2.7327145011152756	0.4970260912610422	-0.1261634989311026	-0.5228754808864682	-0.40657967868708095	0.05759885674961787	-0.9613321896836231	0.5025170959601108	-0.24742830107139846	0.46380136188843607	0.47400594680733327	-0.2805038097588593	0.20505788000697037	1.0794690772036595	0.03197360732637925	-0.45743193004622973	-0.13934331151128046	-1.167686631455945	0.9062367401317641	-0.47979288020584465	-0.7398799474275649	-0.5627829902902367	1.042445960757321	0.06581227541953918	1.5550100856514144	-0.1344120489070075
DTXSID6047947	5.64785750513547	-0.2646705011822642	-4.788494563026811	-7.65894227475185	2.953183154412071	4.843457203449605	7.042450698507453	-5.48087529717016	2.6995216983848405	-3.0506625668687795	-0.9108083884447752	-1.3145897244045808	-0.03856152342967876	0.3591270658871663	-0.7782082487550877	-1.0685807880542373	3.70019546290156	1.2071462181643564	-3.7784775089113265	0.10358884735237495	1.4607886530366938	-1.0132820701570135	-2.6112737752427093	0.9740947877190891	2.3975513861584115	0.3455240473064282	1.2067911287704305	0.6261547615637955	-0.5019439369858969	-0.20669541698805083	-3.326174585815159	1.8580444569506922	-0.3420127961415762	-0.12826609782285162	0.978973939707794	-1.3059810645054808	0.5571582320481577	-0.2835331154970703	1.3159526009851186	-0.44261779443027927	-0.647299396144215	0.26761767892970745	0.26583997951799754	-0.9949638931876731	-0.4427679295009424	-0.07567737418370418	-0.4970251847854826	1.3983374356577845	0.0028086902962973256	-0.06986520423816925	-0.29368459544682984	-0.03091513176843986	-0.5385589208582694	0.30768139336137207	0.04635041344510373	-0.7306810676175268	-0.641367759976864	-0.9289958478179264	0.5820739868157316	-1.072772644489904	-0.9722681029753951	-0.7040843808431446	1.3740817584253517	0.6474759062844493	-0.058781989624153055	0.025511903733353592	1.16011519207293	-0.6346916350539523	-0.4311470647990391	0.5231349190165526	-0.02425207899906414	0.2959667467065935	0.1561811198143635	-1.7943916541816514	0.03210114844707955	-0.3735250934018444	0.08027923885151537	-0.20530756875309478	-0.7892880800500959	0.9496079278844994	1.4914965762397852	-0.794475908287464	-0.6618336043355662	-0.049990148208430875	-0.865117548464083	0.6095174173237827	1.160544261753053	0.4128963125863183	-0.5867803517732115	-0.776280413994706	0.3450992272990154	0.13974686171085013	0.2156662280498777	0.0821572148887352	-0.7159555865978393	-0.9905416348034473	1.3884191880529897	-0.3135386804296638	-0.3912086525731196	0.8219113333349558
DTXSID5045540	-1.0024938798083078	0.9267188739449196	-0.4911602429987957	1.346681065298912	1.0840291471840502	-0.4734875978915684	-0.2812796833775499	1.07641149789149	1.0627766484498609	2.726876115441619	-0.7998372064240667	-1.1169224861279188	-0.04174270243649935	0.6426945287842084	0.3462621684766817	-0.42292183916957615	0.6136159771361004	0.44113889740621537	0.1797439395958699	-0.9552464189163173	-0.8736441138031955	-0.18215950601993147	1.4195771356689448	0.2627283421140393	0.6877372531428959	0.4248124891181425	0.0948748832006271	-0.8487044361077009	-0.43274964658955745	0.05689688822482463	-2.4780422665298047	-0.032057018307828394	0.3708283537100344	0.6397272604127999	1.9948114645526465	1.6999184232821576	-0.46334467269505186	0.357078322444104	-0.43063097288670477	-0.2871069780480977	0.3391919171251052	-0.17212357288316116	0.03563325432288468	0.21109940886792067	0.21011894254742577	-0.18459695574461402	0.42088122790644583	-0.6706767635674268	0.042210094773882746	-0.049913441587034375	0.2631804453931639	-0.21200226000158057	0.7945572094928888	-0.3669316116635302	-0.6734493403660436	0.5056627548297001	-0.7166447412096673	0.3031336010228228	0.5294397024492045	-0.07310997185851331	-0.4471162294389813	0.21423483808011703	0.604172868128314	-0.5299547598202002	-0.18415442990474754	0.16273336313239545	-0.4236461943794441	1.5652691580978975	0.5536913219623939	0.661431564494256	-0.49736974387343635	0.6843222918754345	-0.0602491053624241	-0.03444912722643213	0.5589511294566373	-0.5361702911665677	-0.4117387593760212	-0.5533583820430628	0.5780839233583106	-0.3649612012430823	-0.34607420774124387	0.4637136547107879	0.06942925791654449	0.5031135180792831	-1.397410486003485	-0.22566160118947512	0.42365482997787113	-0.061738033068992025	0.4479260167691057	-0.23882273219886074	0.8210410346309371	0.35661227429028836	0.16532683837680384	0.12556746214731437	0.874138254318636	0.1621429789293352	-0.10334043833285445	0.1515190583014847	0.020555216166040113	-1.0764177426701154
DTXSID10379835	2.032822001638057	-1.9474706880109254	-5.315292284451843	-11.163646420775168	2.450582384700301	10.743605812448171	0.8704702234165805	-4.9791806343440665	8.69489079154203	1.0926719597448205	3.9142371399003313	-1.485926226180422	3.442016308906446	6.841333522900373	-0.074915369049544	1.829527462751495	-2.8265841374301535	-0.29733234082115306	3.0056320867770885	-0.6679612710743603	-2.570617242227591	1.640414379824378	0.8467589512929186	-0.18354077327998305	-0.40184293498913776	-0.010253501650331918	-0.6221822604254019	-0.8134571874780581	0.4886104778863909	-0.3484236189920786	0.1919972654976031	-1.2845497360973177	-0.8269251310076943	0.657970102857027	-0.453733235645956	0.37995447782559755	-0.2094389827621464	0.4712653478224648	0.31307014273183814	0.46049326976657506	0.7850725725686537	0.22387363121667467	-0.3067486556528904	0.1848974728243913	-0.41913747782773825	0.7420736502429807	-0.6312705888791201	0.04954977959463662	-0.32108572669535046	0.26567071041095397	-0.028264545960524468	0.19552271175465286	-0.4327929138438427	0.2204846941636085	0.22553312569721998	0.3426681458410866	0.3720793457533879	1.1174678296908378	-1.1508536325887124	0.15012172264350554	-0.0013334569514802275	0.9331947051700574	-0.6398100959486384	-0.6445349854831165	-0.04541138062408007	-0.44919941588979256	0.1574808800431201	-0.31049796805546914	-0.08308157100645693	-1.1848496274693128	-0.7730420000145092	-0.17957419870231606	-0.39359515732768924	0.5227465360994709	0.2859334461863743	0.14303809080529573	0.6163122612578561	0.5193920613254654	0.23014264102948523	-0.02636171381775766	-0.04509281626062928	0.41963455735857824	-0.05016584285649859	1.082350860906991	-1.0529139605131672	0.2133914284547618	-0.3959077331673869	-0.4544789070030839	0.8937041411778412	-1.3188071879518808	0.7187844540942614	0.49253930940480095	0.5357421308040747	0.2411552773310813	0.6468900401629342	0.17653608659763237	-0.0075693415025535685	0.15943758922324122	0.4446023960841778	-0.4702947374735694
DTXSID6049351	14.321999628313804	4.253559264113802	11.254925129428736	-10.215949227026595	-2.3763665925044357	-8.189536449136082	4.1771239939483396	-0.6866398583572932	-1.5063380419911812	3.305750593966258	0.6521570417985061	5.657458888453221	6.577418953963301	-2.3576256155971866	-3.109313234436932	4.557990188406774	5.947671616616266	-5.8638637321193965	1.2871500936017823	5.245276581373286	-1.960539383725889	-1.6867447951149797	-2.34732990533704	0.02289943450157048	-2.3698954708748214	1.969387229590888	-0.6485269666433908	-0.6685930201443328	-1.777289163556221	3.1645115579535683	4.103154822129751	-2.4208658107554077	0.358281812605241	-0.5815135222953989	-0.8472806909437127	-0.20957311248642307	-2.0925955538279313	1.8889886422465945	-0.6452588659512576	1.9156193302267486	1.944357932730959	-0.6655098368343179	-1.906175515388083	0.4979478537294367	1.4881635079136393	-2.8292765904178765	0.11099748426930096	-0.11598402339419957	0.17718676848704787	-1.8674597931075265	0.177481261333455	-1.0432191044910752	-1.532290828703979	0.32589756159489597	-1.6597904338715486	1.2405687371513128	0.44797685138536075	1.0555638624696086	2.4570356753504643	-1.3208425742788983	1.7906176827916205	-2.4430836690696736	-2.561391610353642	0.9927706986264302	-0.036652049573254526	-0.8171407362088617	-1.761511545544175	2.9549541582020993	-1.1284145525057534	1.0011237369356119	-2.07563203748704	-0.1269942900943529	-1.7891002201378658	-2.851254099237517	1.2900611395492458	-0.9305842494654466	-0.016807503561701676	-1.2455803579020654	0.6851100957916276	-1.2531003202404294	-0.13025379905721673	0.1610689855205173	-0.7167247890317264	-0.619876002780412	0.6479906524443486	0.235737222144459	0.6890835495813292	-1.4347693103435957	-0.19709688136687425	-0.15048268990640906	-0.4728726226956689	-1.540371377789926	1.0271997790487404	-0.13360431850733961	1.6647162946382845	-0.03301278773005338	-0.10372041718480199	0.805547355833468	1.1366341684307195	-0.21385180348042546
DTXSID10190946	-3.0348375620383448	-2.813382513806992	-2.5735235106970142	-5.710432775937086	2.1839297502512824	5.947752035459051	-0.8230351433479391	-2.6604284869316204	4.576483453897588	-1.054786786763535	1.6251550561044141	-0.5790207101523317	1.5510073076313582	3.000839425644812	-0.7835577391376545	1.5560273876380484	-1.650792329037426	-0.4178820412060246	0.7946089202741146	-0.21881711408950966	-1.0508996011296845	0.6402753919601831	1.201711549607699	-0.7280471250101872	0.30782821716405545	-0.24010657086836304	-0.5714207314484147	0.01620166157319293	0.0879902231805884	-0.38299895503266096	0.060956644718976265	-0.1646198238029865	0.03159634939600966	0.4258060634111878	-0.2054173472300125	-0.45319622624518296	1.824543528907348	-1.0196728822212855	0.6408786979676032	0.34668403005933063	-1.4657944301548418	0.3752281980015909	0.2335692151830309	1.4031331638150195	2.323547809110179	0.3744483051054371	-2.2632105597719794	1.7439558140021636	1.0663919957432981	-0.7809244694051328	-0.2180986865194458	1.3666800940097008	-1.7788654296582354	0.06270006644189774	0.35238511042603926	-0.2855654030798546	-1.934553789180103	1.6522536929152059	-0.21460324575432743	-0.32432799429273446	-0.6902951289498895	-0.18382382549910958	0.30214804140137197	-0.6415148701543556	1.144385952912073	0.06250236431567115	-1.2099952194300732	0.9083593359017049	0.14723195983212758	-0.28987926855713025	-0.6284055832625512	0.4226347810768794	-0.20839154534442392	-0.015667618632546634	-0.054368325627581725	0.7103827571323458	0.2667278776563847	0.5114623830508431	0.17276758903266431	0.02495571079450366	0.42912047369137246	-0.0009860224620553977	-0.04948085326362164	0.4886433739865628	-0.14265314013462188	0.35933813459543135	-0.06282601250514419	-0.10424181299119817	0.5569524535831339	-0.50984240491377	0.4335609863388752	-0.5807883917032709	0.02525765414584534	0.11061945050159243	-0.11367118981904195	-0.11559411575608397	-0.04459982364282047	-0.11016469592835149	-0.20617919260486647	-0.13632493154041578
DTXSID5024683	-1.741275550574798	0.583556498640039	-0.36124252964402587	0.7155270966512974	0.26080101369157893	-1.608501982371361	-1.032234075082578	-0.1414491609209448	-0.06437058933730933	1.2416702314374186	-0.17636533982105235	-0.4059275422063518	-1.153822198600697	3.1923897440586564	-1.4159757273798796	-1.5879225299421114	0.5403748710827669	-0.4408907298090278	0.9920609318350279	-0.016596000282095145	0.4328251972457007	0.16205420602872725	1.1200490312093452	0.3639748394345698	-0.619889174234891	0.057520363466707226	-0.30451882472607705	-0.11271735890028961	-0.17912317704368722	0.3340381600414632	-0.09038319527624059	-0.4484434269994973	-0.235998105838985	-0.8964954247590741	-0.6419296751177677	0.5721277377075314	0.010168393316198877	0.47036476111724956	-0.18572300420445892	0.34317779970849016	-0.38556110010844435	-0.05170357620770324	0.0509797561020991	0.18875994738338275	0.18542522640114692	-0.42294223355997357	0.5618587680707754	0.09727654391359175	-0.18542816642175805	0.25546184788938725	-0.14931912123283067	0.15517822236108544	0.2759380806603845	-0.284119642617784	-0.6826552571518555	0.4747124879939107	-0.26635017158457536	-0.14958451469992845	-0.4205763298151307	0.04885190858932912	0.03644142220437038	-0.5590721230418206	1.0904514621800558	0.07409771668292338	0.06317365891631925	-0.7397443434652311	0.34126870439270357	-0.6694092683452796	-0.29507486128865684	0.524227703909512	-0.23717248028041568	0.41535165976403743	-0.1532525135504869	-0.8959400365126272	-0.6110607874711742	-0.4982329006843999	-0.26406493368302086	-0.3601810862134655	0.08328185119541742	-0.4285447648086054	-0.18323099058615094	-0.16718874106390574	-0.3155157201616674	-0.2318627062956458	0.04467501714360297	-0.125614295415235	0.008285876475875203	0.2038797584971632	0.3161035263956195	-0.03886016955066492	-0.666582347015168	0.7270894351322517	0.1411140286897013	0.1599117534025311	0.1918653085317052	0.09537790877823743	-0.22947552137451596	-0.18163184223488613	-0.23983950982947075	0.14860529891742486
DTXSID20861913	0.013468112937230747	-2.1744311307811195	-4.075170000038393	-9.426101290058698	2.096156486874942	8.728974936253927	0.5527381869117661	-4.223264813449981	6.287097927161358	-0.1259085542888754	1.763016650517949	-1.0368569817936333	1.6036709675872916	3.694529216527215	-0.09598744350241145	1.414829182339565	-1.0231226209276278	0.17031173057970816	1.657954829044099	-0.5101427711883602	-0.992780584585763	0.8424706250299426	0.3365528329787741	-0.5739162340847518	0.8205202231228226	0.2309612594804731	-0.7092798606845174	-0.5188417343756428	0.38225914449041587	-0.31617816116780695	0.5702169142868827	-0.7377505006106305	-0.7301025314249067	0.02747288212180134	0.12894841901668505	0.18228775847029716	0.6920147363760965	0.09957733960383307	0.2053519378967251	0.5090501375650641	0.44777962426603907	0.11188470917282967	-0.27399255847725296	-0.28935583375077334	-0.11430620560959838	0.35632538402613273	-0.40283319988753497	0.18699673708618567	0.05174272339681404	0.2515173015453586	0.036962136102549864	0.14312666582143116	-0.4435640927896742	0.06756126817122032	0.1710258664025621	0.146094484202072	0.29581560105034294	0.29716262643629765	-0.4176749268558235	0.22681480036168622	-0.15037404728312645	0.44516414885887384	0.10706853627445108	-0.35136701598961045	-0.23014520204067768	-0.04459912701966693	0.289022155563896	-0.6136153595555879	-0.00029726842622656354	-0.4059877298664561	-0.3155942275427346	0.00865990047858799	-0.43062057973912427	0.16254978706985346	-0.13259380923619765	-0.1502800879986453	0.1187901727057049	0.15718028024005676	0.56184983410043	0.2209217206410236	0.4574518836961466	-0.12748798662848382	0.5394405815167694	0.28560911670451555	0.30849055840497835	0.5869309867943483	-0.43670924324601873	0.6578969706420464	0.3057859192398469	0.5244425332810437	1.2906097489716524	-0.9467330353935046	0.39407890368876625	0.5886617126741085	0.22600008085341536	-0.7008638452918112	0.2954883508992513	0.6213794988259935	-0.1042001977441439	-0.290735194087157
DTXSID1047869	7.562875268135632	4.5955219530938445	-2.7046476246138518	2.057680947346443	-4.085291420540158	-1.5735700365711023	0.5585519234259906	-1.9297633498564968	-2.6830934225656837	-3.581730038079029	-3.230727971691472	-0.48299238402974626	-0.47982025687559093	4.728886975282931	1.6175472212000777	0.17182463200234996	-1.703136217064123	-0.14532998191964566	2.864799724482765	1.8012136201363542	-1.686732133828458	-1.6445131727122824	-5.1707774572639735	2.3840841799886103	0.4712824484173335	-3.8051618797245523	3.2758992996238128	1.8797037962274892	0.14533236157262164	2.595520269992152	1.6081971911554198	-2.5497656848307217	5.526129922628183	3.786165562259648	1.657620879399535	-1.5703613378633376	2.074608177270178	-1.5867343507223153	3.1526467443901574	-0.37592627772539694	-1.4191620163938803	-0.18915891754284578	0.6923662658784511	1.235564840995202	-2.5055697506386	0.2428549097498955	-0.4083278589734992	-1.299590073279857	0.5758055710364114	-0.8653205010902436	1.19639085616813	-0.012563710161485294	-1.1892351472798985	0.2862198549374224	3.2305613003312588	-1.6856324425562086	0.6210596113941756	-0.4940781913044904	3.2609953395207176	-1.4301502951185476	-0.493298932724859	2.4314204072900276	-0.941588888237679	-6.15234118832022	-0.46884587508620196	2.5776592804844483	0.7607166668989135	1.4632333186767625	2.1210125395775905	1.729171281245839	0.6339788723084918	-2.0460874051497093	-0.6250186589971896	-1.1733121236475643	2.04860493436668	-1.8987505107760838	0.04890036567099962	-1.553688495323783	-1.1248153054138215	0.1448048516013534	1.0953969081098633	0.3882908892195694	-0.8074763617328977	0.7597781279884994	-1.3177281437625983	0.24686462672558182	4.281941472600315	2.9626909842946803	0.9546313728650269	-1.689211732727193	-0.8688292214618085	-0.9273456861943921	1.2576166766993542	-0.45822976959961964	-0.39426729417011624	2.14878034079419	-1.4700677398475976	-0.5504983584936513	-0.6767584633497628	0.2139072035301972
DTXSID3045647	11.023432914010383	-4.024241876025825	7.135135750548356	5.731797258432833	4.754434888557649	5.77037363675515	-0.4622539025904028	-2.280014920109003	-1.560738645701184	1.2474797268616857	0.6428684454466191	-1.1491613490598431	-0.7965342246531312	1.2097078468425768	-1.4874954644388039	2.672205008768266	-1.409795307017873	1.4404551026452765	-2.9217173516633306	0.6506476561902844	-0.060349673522638404	-0.9306927671766414	-0.19619647428112497	1.2350805575774986	-1.6715292018449899	-0.025571351704986672	2.2135384044414583	0.7524568951276671	-0.29479597592245915	0.8100869228894443	0.41963469992734537	-0.12010409866020579	0.18336935968894352	-0.2825761563861475	-1.8430269587943215	-0.3416061575618337	-1.3661693555536054	0.07818378410669934	-0.44326876872395865	-1.4010232535550957	-0.7797063581252914	-0.6492274493696746	0.9826708628853463	0.7501070497701605	-0.20898788412413524	-0.7080694843721712	0.7751754875840687	-1.286894598808107	0.21770467033932603	-0.22261407396700916	0.01874566806847448	-0.7077193254928472	0.49292231902008576	-0.3252384213377427	-0.11758846346349283	0.16637344353321748	-1.1808067997458889	-0.9184159958015102	1.3862259591511752	0.8133676403850643	1.6852070077364598	0.6749588860461032	-0.33824324201443073	1.6648769565781867	0.3455959145556701	0.7250888077010446	-0.7995370165834472	1.2396108889641022	-0.07918038825644164	1.4015611659269769	2.0264614332959323	0.2951171543067961	0.013013777298957899	0.23008142932092215	0.2712699950451862	0.8330658668529849	0.7414568351622554	-0.07878469306229643	-0.366919697353744	0.3643390761883244	-0.9509804589725103	0.12987089279831213	-0.6108423863861407	0.5231244496442171	0.08176283194369609	0.35367153962370035	-0.15485756664096992	0.28889678487292086	-0.4074943695653743	-0.4713901913715248	0.2930227327134595	0.30793866061174374	0.7240549860577199	0.5161711785785461	0.2467860134780961	-0.49611333066109004	0.4558869927647775	0.2825844642993992	-0.0893998884241314	-0.5387233954344238
DTXSID1044356	-3.506242929112028	-0.337187952804703	-0.4640508107815017	0.8664792388168131	-1.4253017245391433	-1.1292882606414305	-0.552100522556903	-0.2516905085716863	0.8011457749305723	0.30357483458346285	0.5025150281186952	-0.3574914188261375	-0.06698634351274955	-0.15569633711566294	0.2269371957543894	1.17281934877099	0.07998610216377289	0.6668815505335932	-0.47673248565336507	-0.92048343146727	0.5471858242028229	-0.5065816404940284	0.38539557645657274	0.2093682352277156	-0.41968606248354157	0.12190349152888018	0.6297559701075103	0.20879885689937286	0.3022499237209867	-0.43585986115746844	0.020201304820787462	-0.08579606802917747	-0.440108857153875	-0.6288834912512101	-0.07093867242752486	-0.10696676555563309	-0.2136439209201964	0.43007351905195124	0.19863816715272156	0.04152725864775651	0.06929885138702653	0.5004139340147343	0.0881889997865203	0.5550196089571722	-0.47943720855273725	0.25176145428213165	0.1604408098881716	-0.300288474554345	-0.06743700016907266	0.30820915880808997	0.09662580518223668	0.23697201743850008	0.21277520132564276	0.0534392186028702	-0.11422339301005854	-0.5597440293768504	0.2732768609721326	-0.0803155107929495	-0.4701882189918262	0.02349032641372066	0.20832830892259058	0.0036094235906309106	-0.22554111526622592	0.293183956889975	-0.10141603836843255	-0.10289802374820066	0.41598991669412627	-0.06262785218047212	0.04034837317502862	-0.1068019711917769	-0.18591356456310218	-0.26478433634590853	0.1350377692062333	0.3312178298128509	-0.082525368409985	0.7996244427753212	0.24136832543313544	0.4957533469452793	-0.09776985708174225	-0.0317518631237358	0.27719882571120413	0.12306569817264741	0.21753400207984194	0.3438413387795771	0.0946205047515798	-0.13243747041748039	-0.006487558153730091	0.36017817509197186	-0.029209573689927402	-0.061673492321885376	0.05632934229183252	0.03397313860896445	0.7759653132710788	-0.35659330226859576	-0.05720014789649629	-0.19868798274027946	-0.33609659777010553	-0.17994388846393022	0.09624703387112774	-0.29700524971088577
DTXSID5044316	-2.743363472205543	-0.25727953051822433	-1.3966513843274888	-0.4798860033311616	0.16889774303090752	0.7253708888113354	-1.0201125661841794	-1.6165951902714988	0.9101768612872926	0.532995673323818	-0.13628462092252136	0.22030744346350464	-0.6228354037404334	-0.872512595482152	-0.4297500975280727	0.05041854125097359	0.9181190525628925	0.7192465320117669	-0.31300598201575347	-0.6345321103301274	0.9492176030999153	-0.47815530909156395	-0.07403063547516155	0.3833331945365443	1.0863338748894278	0.08251431006700272	-0.6845085497498657	-0.0669049764277478	-0.14417505280653378	-0.27806382554758	0.7671547539870395	0.30255218100142073	0.28769158842440806	0.24243586170780265	0.9308231348757736	0.09689345266044497	-0.17839330559249206	0.27828968877985344	-0.11611172588927376	0.383913503972983	-0.009039956044763552	-0.05832566399597016	0.06942703510491055	-0.18232425746560257	-0.3427053175781953	0.038796838992293456	-0.02500124863748609	-0.7581853160721962	-0.21256453739286063	-0.2186079412580014	-0.05760263393673402	-0.365716168185882	-0.01846152941370612	-0.3008076373604287	-0.3142768825873776	0.08743369115312892	-0.2190436516273251	-0.05282653227451633	-0.22919567167887722	-0.4352905687809353	0.17410162397405454	0.4006375401599037	0.17280018012151774	0.38184431404516495	0.21762365161609815	-0.00561196603398205	-0.15165324019731485	0.49528418982402134	-0.30907510045982245	-0.9886290400171451	0.4427094953434967	-0.12081522729832127	-0.2886800835600185	0.006228412556860732	0.3507410468644216	-0.8768849233839839	0.7005104971199365	0.7736672084063253	0.45117647882913375	0.734588896589693	-0.9957189430477787	0.2991986543082603	-0.02021945117308085	-0.05722825806624614	0.16370920739377304	-0.3778562132460289	-0.0696828976575122	0.3221199309020003	0.608381306672653	1.038362636805268	0.08095474757137754	-0.9811725018803801	0.7328300982500788	-0.6522947596870985	-0.09630308306102846	0.4245470459396146	-0.19599338863636032	0.5639250738156603	-0.31137247904371473	-0.4875768819843555
DTXSID8025707	1.6415060055588058	-4.549099269230975	1.0109214864252376	-0.5510100749330016	-4.025569320769634	-1.5939442587724346	0.5371939400467806	1.6286277035437762	1.8403375391712284	-2.491043520435915	-1.2989913892199059	1.105395640834082	-2.122397495979716	2.3623416973647173	2.928078015846013	-1.7163033736971371	0.9462418789467144	-0.20048566057536799	4.304715106829631	0.2674981891937436	-0.018625480514058046	1.4380411466207426	-1.5800542128968456	-1.0181526910957535	2.5548267515803778	2.52940579011447	4.176555949197074	-0.1406477473560953	1.1306830634438092	-1.5446985180263428	1.7946347189017815	4.199381672994677	-1.7878234211839392	2.3228205395817083	-0.4629507367432146	-0.4883299486946805	-0.2167432996703298	2.2116279994500236	-1.5387703933071875	-2.716324995310734	-0.5793792430238203	-1.2397420925148068	2.5538980204355433	0.19275913056644808	1.032218972673424	0.9172389785440447	0.4784017312883209	0.7633601217181807	-0.0317388186364288	0.395894526937445	-0.10940707683211967	1.5760328251960152	0.2793827325837156	0.15851714243867943	0.6468391128834782	0.2742989998566384	0.7436049733882668	-0.5035251622470901	0.9718550225855243	0.8625416204527571	0.7355327682932944	0.061999251093085725	0.46409596666816355	1.2653219680787997	1.011004940135576	0.447309307741081	0.5245703989926385	1.2033311619520177	0.65077660713727	-0.5505483566682141	-0.5580792910611702	1.6424374840807177	-1.3555458081794798	1.083420958053741	-0.5613144282507087	-1.4761189400808954	1.652982972440618	-0.20966611761961224	0.8276950160971173	-0.9660356685346853	0.26602685157934763	-0.5112187189163903	-1.1302032756107725	-0.2910653358006464	-0.395229778854762	0.288242141299113	-0.000724950688051606	-0.06733351072782823	-0.10490434153916929	-0.38580321433182135	-0.10041399068209515	0.1479690051809772	1.4305256830077275	1.01001056877698	-0.3688513459966713	0.22656319782356404	-0.11176564921867607	-0.0423688142138903	-0.2869028513947667	-0.734839939591879
DTXSID9033058	-6.07562154820215	-1.9604474989223943	-2.9838559877124755	1.6327103650643031	-0.6138249702314686	-1.0004357250905787	3.405177683511803	-1.0822506042536109	-0.926931050715059	0.43597363423310453	0.027471889935906012	-0.6788036284113396	-0.42142989679298504	-0.2793963749844731	-0.9626633272547526	-0.9356638541371054	-0.5776553366175456	-0.6733864082093486	-0.5967833729314236	1.2487666466516871	-1.3968544250447859	0.21776350280448198	-1.0967209680806014	-0.6526283005636957	-0.3489828480618959	-0.09878094414491055	0.10190592525124716	0.7693586409181722	0.4172779678432356	-0.21511141900009192	0.11105039479024588	0.09934902237539768	0.11809420085063169	-0.4328497856134124	-0.0738019566882335	-0.5503842121434506	-0.07113245134286092	-0.6535535350916195	-0.6239378491460712	-0.34742059532385344	-0.08805299982484797	0.03645312732385432	-0.10224114606974942	-0.5353211647694146	0.31624733155292334	0.05781472551941399	-0.15865365887140445	-0.14358371227101696	-0.150920158673746	-0.620472235400301	-0.4034420334851831	-0.08152540739659536	-0.2565845609903318	0.1275023446168674	-0.28062584005715757	-0.03395755035028008	-0.2747822790659729	0.4220628830559159	-0.2943160536307374	-0.008213551652945648	-0.21607149577745513	-0.3067073675152347	-0.1481871799246671	0.968481755373732	-0.020546471284302207	0.5632205291579224	-0.4545256682384775	-0.6694905275486002	-0.007096137222586566	-0.99569419771836	0.9445966411374321	-0.6919744149946295	0.5067936188445736	-0.23753420934703834	-1.3785649673603841	0.28778512332124373	-0.01133186913523967	0.3018030662545808	0.853845384261976	-0.3964288653281431	0.2668511978068011	0.32718083609074733	-0.5938198553467519	-0.6469250953141384	0.6449731454766466	-0.5076216948525283	-0.5790019328365921	0.7626433600282742	0.44156817994929415	0.8878397162927919	-0.6323915968676838	0.06923942991051203	-0.949765223368666	-0.40531002792612236	0.22864626586182377	-1.600202741545488	0.62977563045443	-0.11614016945185712	0.209709413481289	-0.015356046009192917
DTXSID9049297	12.31118231518396	1.7110801773245317	-0.1855643352454854	-12.163978666809198	2.430521828083356	1.2659312181642315	8.43675628746912	-6.007548992332558	3.008514368300039	-2.2024818609965804	-0.29049778893722333	-0.12368918571751585	2.0784486973589402	-1.7629449852425525	-3.703515249982651	-2.4681503533079363	3.924225849115179	-0.26647627540503815	-3.6145394793341072	0.9598502207323655	1.3195307375142522	-0.4901231344782821	-1.9112133711822128	1.1969121616305958	0.7098303831920394	0.6385387919114809	2.4220451360768958	0.9963946876223604	-0.18439425191507405	0.9290527569593433	-2.0752912993002304	0.8157084670262265	-0.3840875510029389	-0.4705287507217778	1.123205286797659	-1.2409739088247016	0.05315554327310442	-0.18753085358093444	1.3868141443305424	0.07899987985288492	-0.674632412206108	0.6901525872562211	0.14819518790734743	-0.7024275550072183	-0.4318089166358278	-0.27764999327749734	0.12228895715163085	1.11913862731991	-0.19092715162275398	-0.42534206330775054	-0.16876831911730164	-0.008437479647200537	-0.7050925802680046	0.6447663067806706	-0.25748557720926957	-0.4008296399204644	-0.6085741508288915	-0.8045739339192403	0.405908777023721	-1.6448248614873877	-0.27451704632521357	-1.103722291599422	0.8987175374817052	0.22895449596008682	0.4673538852947592	0.7604831070501077	0.5417519415219892	-0.05585749995208028	-0.6870485126239909	0.590730161853831	-0.05193084912355141	0.5537980059076166	0.12427335784939401	-1.9216619054052788	0.3982841504037911	-0.59905110494391	-0.3412840300629182	-0.18507094982674	-0.6917004847244533	0.5748926365965829	2.1860448000717847	-0.3667442755691987	-0.5310033711221115	-0.3219337503463604	-0.18237493618995626	0.2353156915640389	0.9558984641598836	-0.4319902391108405	-0.592012442306697	-0.6002238378367641	-0.11797160470890719	0.05529954295535093	-0.00040407111416973485	-0.4600589396624855	-0.27570379071303913	-1.2266927049059988	1.1735781640060727	-0.1867148015873853	-0.43672797663061624	0.4623854052290265
DTXSID6044989	-4.154229585436148	0.11355350753024024	0.2186620062491183	0.5422606984676269	0.7082393850242823	1.5393804957033024	-0.8818485604816387	-0.06871669852354985	0.16284785904675614	-1.2556757700952113	-0.19693607022114132	0.13825946117199592	-0.06336195775113336	0.1607509338100967	-0.3444417742326619	-0.49949719529931624	0.5013732763056927	-0.48685258928048425	-0.46428071063532894	-0.7424230106416492	0.5188877567920205	-0.7071781295281037	2.0411246495627755	0.5029724796977334	-0.46280130555319526	-0.25134905532929525	-0.15583728753822518	0.32018332561504714	-0.25090148170762006	-0.2592442969752926	0.33245163262159266	0.5955726605756895	0.7599723347998388	-0.4530339026787155	-0.3557399334494683	-0.5004489999407378	1.5033345284657187	-1.0417848123921076	0.657586007820615	0.034179680923966914	-1.421822909508395	0.7871736405943125	0.4228204999216858	1.8943773488979208	1.9783473063449504	0.1550800984489591	-1.902025759535	1.8334097857012204	1.0153389926379908	-0.8487350728223343	-0.2613469762859757	1.4983538468715751	-1.4601390895756163	0.1068115316929353	0.10655776760750427	-0.5019926999607416	-1.5842609808210222	1.1643016126697037	-0.38195250199345515	-0.410561911041877	-0.48608145934467906	-0.5383028601054047	0.07713288764460262	-0.6193591757571559	1.1547159040414254	-0.29818611048321003	-0.948160303672557	1.2349068056369072	-0.43551816821564265	-0.3183466550830704	-0.6510873906934537	0.4838690884933086	-0.8058953552307312	0.14169413603665496	-0.4057200265754827	1.3835927479848134	0.012990004103457423	0.8695184656964715	-0.4832880982134285	-0.04296227239460424	-0.543141621862279	-0.1286369952564861	-0.6429126353335761	0.2767118959324371	0.5709716491314009	0.33332545089480536	-1.0030925916646536	-0.5983508128650694	-0.3284711168824926	0.2794460441796996	0.8285961284784386	0.20284851739006965	-0.828116743434382	0.18270115275083842	1.1433365201586267	-0.0760170168986506	-0.049141562801494246	0.06938160241712887	0.2599115145392734	-0.09094303983603677
DTXSID7022382	1.479863684594045	6.166497045301341	0.15671008518593285	1.9887800430548548	-3.7754260933519532	0.1773355632428961	-5.346032100061006	-5.1216832728083235	-1.3843576722262323	-0.9381693133189987	-6.0679797450956485	-1.3413923135142705	7.90581749649766	-0.5077720077014367	0.23831327702036464	-0.1770492338336638	-3.094504232927834	0.025827276369541453	-1.0844708837011592	0.6525162130432355	-0.05911166157763242	1.5375534689637724	0.6070851160616704	-1.2423964773015266	1.5815879663601704	1.0174145242467432	0.08097105385513	0.11899363399476258	-0.3986096684734752	-0.689339302039629	-1.0342056931622592	0.6812256990581392	-0.3195004824279557	0.6964337916523591	-1.6517052395518443	-0.8312563226812669	-0.8878845307239063	-0.9395775576780582	-0.9435825065658345	-0.522162764048665	0.5843237281016815	-0.1586687915698768	0.47119577774782906	0.58643295017372	0.9258830620548986	-0.7644769557984071	-0.692800669209062	-0.7807031125087556	-0.03797418890483865	0.37043479387147077	-0.045733200958015294	-1.2371969584743776	0.7040635349222903	0.15483664030411765	0.06091457451573614	0.2645665304541163	0.36969540092565556	0.005125722984532088	0.5071007646886573	0.2272518214486564	-0.6650182244771936	0.8345063317698423	-0.6068530361421265	2.186809364967893	-0.6906638052018412	-1.1009163013702572	1.0924385856371845	-1.601665289161522	0.8809818003129246	-0.8982927758174782	-0.15476584828872889	-1.4815922905958618	0.7188298768974987	0.519521391461506	1.3826680793887123	-0.6557325658011417	1.2326199359712486	-0.8676687031802846	0.025544850034598773	0.06366909661750936	-0.6539899195992648	-0.14699495743691735	-0.6051828893028006	-0.12073279795256539	-0.1053380369029482	0.9110924743813759	0.313994184115482	-0.07202162648406284	0.09267784391706699	-0.7467387156496618	0.44700826768527974	-0.489117951975694	-0.09704667714169526	0.5419091860765496	0.0889911226096209	0.28231301110921486	0.8878768846771409	0.38831930722399927	0.11157069392009242	0.18290823151353602
DTXSID5026209	-3.7590320623560656	1.3493981454750439	-1.202618362784439	-0.4989880179244468	-3.22288415664623	3.8109906699566944	-2.3249779641568336	1.206608815568044	-2.7627683570622583	-0.7731300431848704	-3.4722450875577393	0.10802821328893493	4.7149457696294945	-0.9367950211869248	-0.7562610088506209	-1.2478909241249843	-1.4658062769998774	-0.810238308077275	-0.6765509012746105	0.706809069455074	1.0342888253008367	0.5527158683170955	0.12075931518501612	-0.017608908919552843	-0.096796492263496	-0.37131906053447794	0.21555919998093803	-0.8382596978278904	-0.10811863271105693	-0.39964316442834175	-0.11055742170150012	0.4113996703943646	-0.14223464068722314	-0.19922974323845402	-0.31071736971355823	-0.2836314936681094	-1.2634570423285019	0.3410174494547695	0.3077538336976433	-0.10204908443369833	-0.795259101544349	0.2584499864089405	0.06059136239616326	-0.30743413240478373	0.49086940362661224	-0.09364913603357296	-0.21762143504105183	-0.31527690600426517	-0.19971198652536068	0.3270985250623578	0.061151886769397264	-0.08095768399573401	0.18558390491940213	0.0687176577238476	-0.14985787227962344	0.061043119099473075	0.5727881523373429	-0.38705128433241753	0.14507642917042088	0.4053440167875205	0.5308385076705991	-0.20965150682294817	-0.0862569015233503	0.27681276333281185	0.4326900750089914	-0.030635042005352654	0.2452071292025624	-0.2595659817994544	1.3430407130204138	-0.16149178073179465	0.05753980405326797	0.15471208333793837	0.41677088042092236	0.2056813538481606	-0.34439955887816	0.12228899947828828	1.1582289828317214	0.17843644237170042	-0.23383722286078973	0.7860862132550233	0.5071049398165681	0.2850626049096971	0.42630539500787906	0.432062746025343	-0.22369570163230604	0.30466997332941653	-0.024173966187800832	-0.34238478747783874	0.15939108611226213	-0.15501503213335957	-0.13966016993157154	-0.189742236031325	-0.08640242883183644	0.031231426296229166	-0.12399313744466064	-0.27162966446688064	-0.12412479125595115	-0.2131237746532249	0.06765452828006797	-0.149504868288779
DTXSID5041487	-1.1417690922818637	-2.064018175667383	3.8977863116483573	-1.2987813013364309	0.5746722862653383	-1.3592479261809516	-0.002336436791047094	-0.2997729336004674	0.06221367374158355	-0.5022477845072109	-0.7245131481231489	0.1699849045239226	-0.005814654788498245	0.6349559884394734	0.16878285632512444	-0.4282933425036834	0.6749353353540551	-0.014971041098584202	0.6229451058637259	-1.2167070518078513	-0.019369770001961682	-0.18838297854217217	1.3054824568582326	-0.5606111607147554	0.7070786131956268	-0.10881273938626375	-0.6001803923040444	-0.6044236282184364	0.014654819478964716	-0.5037761546478382	-0.7135751161334037	-0.052057964625527114	0.23451957215432945	-0.07417077750438288	-0.1235036339929671	-0.05999909655211279	0.28731652475167674	0.3704632297930026	-0.5402372987037406	-0.44698302908553444	0.3991373580377056	0.026189639927516793	-0.3267422328449832	-0.599809836794411	-0.19434753987213355	0.024922590701390558	-0.33297043703879897	-0.08363660011687818	0.1289479983735947	-0.21500509191455613	0.02970932208350391	-0.10827273458152335	0.16239504717201136	-0.15014117896513088	-0.06846220993218945	-0.19910630778845634	0.3762535949003344	0.2521841278659134	0.3313590795955567	0.2701479519849356	-0.15561700050019198	0.2525797089895556	0.09718384066133175	-0.7236399316624132	-0.19977962770556432	-0.09713500593564924	-0.23296181684540868	0.028976643960971278	0.3215854548877469	0.521634753204034	0.5000807372727085	-0.004479342926275212	0.9360939641191115	-0.23870819658572673	-1.2881004798718303	-0.21570314427554427	-0.2504945825416323	-0.13927704609687105	0.4160227394197804	-0.11311385129545655	-0.737332962232076	-0.47839800280986455	0.3839683524579972	-0.35171795480878687	-0.3790661275483339	0.283077909158816	0.35681490949121475	-0.40177612948569247	-0.14975808397113596	-0.09601029921150953	0.39307463966819356	-0.1873545308370318	0.1978884267501518	0.36033797383943744	-0.553873506057437	-0.20629472560452697	0.22583796024856612	-0.3131050189770404	0.18311901167545575	0.3045978208969412
DTXSID9027443	-3.2083753489244597	-2.5006309217338525	0.4478659789864507	-0.296770760567059	1.7602738272119742	-2.0893133670060493	0.32751886114566087	0.7426677163146757	0.4728871225725983	-0.22595870191063103	-1.3794041322179829	-0.24452338032364945	0.47978997920521205	0.24375308646490793	0.3849194000295402	0.16207326005099837	0.5436857864342357	0.029286592019940893	-0.04649287508163515	-1.0110635421177023	0.128531284495201	-0.4527230649003708	1.481734680897813	0.3724177367939423	-0.24706368681878924	0.020524416151984345	0.778280169999186	-0.06758639327701556	-0.04728089384131896	-0.004326825761912505	0.0829473962740228	0.19728657071694197	0.36923496545340745	-0.42635771011527307	-0.003458538287521292	-0.35577034780717504	0.18986200752460794	-0.09170786905871987	0.3234084037096656	0.09267883366423853	0.14751111245599707	0.6299619212573818	-0.34338894680765614	0.48506578400838857	-0.2873801489272695	0.1463225370646881	-0.15541218514934746	-0.08153566536415335	0.19357171227524703	0.6545226592885445	0.24516913095686826	0.2412573748664323	0.28002120966724975	0.33668290712173393	-0.030700517899264746	0.02531009814590659	0.5887674754641664	0.2501177073788083	-0.24892099606137924	0.3910456441110867	0.27078040248337687	0.36456689623550076	-0.14645513485097975	-0.19751571548365707	-0.3329887110430701	-0.11853280905847867	0.2902988398172315	-0.3483860466163885	0.15338039710384951	0.7845965889489095	0.17700457246125062	0.5663912631314197	-0.5460739489881574	0.5393753077005027	-0.5703795509286145	-0.11968937472979894	-0.9123830873972077	0.35492321740178706	0.19074122843023267	-0.9339851005000168	0.20699767990550105	-0.2244465147520336	0.5180260053402105	0.2632561913218813	-0.6247281515490802	-0.5185822507552582	0.06507950410263216	0.5710927413280038	-0.33022267361150875	0.1344789364610925	-0.8048766454073277	-0.39246261985357433	0.5783464860368942	-0.25805437423862276	0.05961762069466317	-0.046421796608299405	0.3474870571154427	-0.10148137478521015	0.6152814679210615	-0.4209707916838958
DTXSID3024318	0.13606956453472194	-0.1813730543069533	-1.4566019667845418	-0.2611185604005637	0.4657984578893818	-1.8750774617796513	5.744275921900046	0.7466784571675005	-0.15185152770802063	1.4882215075888916	-0.25766051322319844	-0.3176710906529732	1.2454675364199475	1.2985750490730037	1.4930501649652983	1.2762845936032494	-0.7130148882158531	0.5672208217466715	-1.6666206647680102	-0.7287910940574681	-0.45737459686777227	0.20602535572717656	-0.4205247114474385	-2.1405658903303335	1.6850697742861336	0.8946192837653478	-0.13665924579014	-0.10699200887845808	-1.0837215957518394	1.3718509671649683	0.14777518571981038	-1.0610286665765953	-0.015695966353268	-1.1899308692391142	-0.8759301728619147	1.6545754992926158	-0.6065121088088897	-2.097341107932048	-0.558870231160996	-1.5072544531871592	0.6382105698563888	1.9433659063564384	0.3624335609678268	-0.23367455503069792	0.46784008460971693	2.2044657136410386	-0.36163369827748576	0.40240235649473666	-0.017231608209507154	0.3611297996008303	-0.1169667445915306	0.4333317205914967	0.7605533549998217	0.7898414621177912	-0.012338286010004754	-0.788005737154697	-0.31566353163805067	0.2927605406119384	-1.095203644578184	1.56939683578651	-1.4261076536862396	0.9070215865310499	0.36509556769124313	-0.06958914994518392	-1.220364655836385	1.074904303484919	-2.0350679551428343	-0.7790036038047145	1.0135721661832668	2.3827944664005027	-0.623392033055463	-0.9861197954271665	-1.1042220587788156	1.8252430268291662	-1.9260969923654838	-0.2990162503749971	0.969499542401759	0.5675279473386655	-0.4040737562319143	0.4264328452861897	0.933835988523361	0.06631589136099357	-0.08704990981760712	-0.42338544506698494	0.3919222216468595	0.29159365119756114	0.14824703936547587	-0.016938334696439888	0.6615575358400718	1.0948856715050028	0.2354568644160641	-0.6868639534178513	0.35980541465012517	-0.0017126795771472492	-0.3013723815308591	0.4786505727091357	-0.3050159848909699	-0.6439295490201488	0.13008387960617837	-0.0919727721940504
DTXSID3041328	3.1676530897546904	1.0516083916619778	-0.09535713646223688	-3.2332415159532113	-1.7965799291378077	0.8271323574695365	-0.7385109571178611	4.137086244412866	-2.855291048707268	-1.7639531476560601	-1.2872353665970488	1.332975500993152	0.10968910169240347	2.069009684642245	-1.209619750362158	-0.9811722981716361	0.26436542934383034	-0.8414113577396211	0.7275388715790186	-0.5958027822484038	0.8979696626547634	-0.6693187454136914	0.18302804516198964	0.8856894915251347	-0.9872687928942427	-0.747577089230085	0.2857232748383749	-0.7840991947433923	0.09866111267513701	-0.2784198408547925	0.22587768903988947	0.38280395012276974	0.34728631460081744	-0.5429332665802764	0.13795613102172383	-0.6344033607667506	0.38179774653403975	0.3485886050163559	0.8501355389389074	-0.2931254761164053	-1.0132982077961648	-0.16318766235189322	0.2722233140989854	-0.3835930740131181	-0.15796799001220166	-0.040727098354799034	-0.2714246610379021	0.42336088234950203	-0.02263969521422172	0.6311382110242559	0.10263120366409967	0.5381947453636527	0.2901078869515759	-0.28945023853739354	0.2405959205933025	0.27974155988183	0.5899602501718655	-0.7012146068490019	0.4423899296021797	0.6295479461969105	0.33970570929678195	-0.060095463287164544	0.15561466819080205	-0.43510840431783804	0.27038398094620525	-0.21075002008899088	0.9275283578831898	-0.41498355227452005	0.3499466114665625	0.8345719023697473	0.7526202011848139	0.3619237092662905	-0.42404042006855425	0.1093385386387474	-1.04136486159691	0.8169873162761543	-0.0700018108419729	0.7809603033858166	-0.05044412959271643	0.604740074060763	0.6411110654804404	0.9526184443474643	1.1427851081349776	0.489361786938573	-0.32812380380336725	-0.4793901692847112	-0.1279155355248077	-0.28273109478436764	0.04414808573550131	-0.2930560455626115	-0.7907470935325359	-0.041228004386524235	-0.062270446878115594	0.06442390460286589	-0.364551391558958	-0.16469352865583056	-0.2258758439996306	-0.07392384511386596	0.31068663667906327	-0.5361512202970743
DTXSID0049076	2.86914575572666	2.870296918456808	1.1349394401673956	2.6499612330154703	2.093842499988374	0.3650690303067658	-2.6570307736669267	0.8917500946518138	-0.877282154157688	-1.7291522899765563	3.665481319979885	-1.2177940610919848	0.04393281727427351	0.4751104446265643	0.7085085354993056	-0.07629317761914607	0.26262885749667164	0.7823104977615747	-1.2142577838306248	0.31026877301319206	0.48699918531487757	-0.0785519513555031	1.8119482695317695	-0.3244001834962971	1.224893779387073	2.05389166219306	1.1422478776320273	-1.5028894410928786	-0.534335862678225	0.39632662232660676	-0.007328237290850667	0.2526404859070584	-0.8248047162370493	0.5131100987450645	0.5690074303828727	-0.2020079642183306	0.6879469723848927	0.8906619179073263	0.05090818904423185	0.3970932943368915	0.092919744493003	0.15078227559093818	-0.6900652034417123	-0.847204304125497	-0.36482385586316274	0.005163260815433553	0.4533511377749906	-0.13345740284703567	-0.4053227449109949	-0.05311054118770021	0.04699674043462785	0.3895832384794398	0.03543975344377823	-0.40477230380092694	0.2931440288587898	-1.1615516443235046	0.7477661159527385	-0.49393554402558704	-0.3095355062052316	-0.3614922226139763	0.2466119492472111	-0.5199142932460968	-0.5391125139253617	-0.6118619030080924	0.3198441482662906	0.45114990602250493	-0.18662213484159088	-0.010569901181369221	0.10671629061485059	-0.22166434616595732	-0.42329701704449996	-0.8168130362754659	0.791456858633647	-0.3579425456722072	0.5457076398156651	0.09150724400177511	0.26213296672815184	-0.3040056256523014	-0.28474836753766686	-0.10307361495324859	-0.9183636015961056	-0.432970891053649	-0.6731086096000681	-0.3056662993224336	0.2705619947611017	0.6229267287058976	0.5699344198485232	0.40269008981433213	0.4749942188393689	-0.32750216516512815	0.2893426122633939	-0.29048164652718844	-0.12251892871044469	-0.1759167921270295	0.09612763989536725	0.10226784829940827	-0.5358597108586305	-0.15611059976325117	0.8058767921537895	0.37201298507000147
DTXSID0024921	0.8233664067293629	-2.0565496812991797	4.377776766332596	1.0241617026673195	-1.1783271254012526	0.13537927874605007	0.5805979738397707	-1.0180366636377953	0.27623280061398947	5.467525755102318	0.0638027199054168	-1.2101404939711153	0.3512579118875337	-0.287603434231412	-0.8456526507623597	-1.7857920965026421	-0.5530886964346168	-0.14030069539349593	1.0681064408808696	1.0024397294424765	-0.2206909390912074	1.0334919169935142	-2.3339090799950277	-0.10523179920678273	0.13234099755640932	-0.470949282458763	-0.7625747729405103	-0.16101631105391387	0.32821830426228793	-0.11032884130256264	0.5579088254570026	-0.6883664346738583	-0.8351637673231648	0.37285912903069757	0.19522151734819784	0.04340835400406841	-0.8171274928877588	-0.27603929416690687	0.3074098017371136	0.5062728941615724	0.5390624195353599	-0.3168511141549469	0.25404991730601306	0.07584867541644962	-0.2485410849158688	0.32330824425658	-0.2628737402944601	0.0958798145557876	0.24639177762385026	-0.26424471180782383	-0.08276659640851193	-0.3310808953796323	-0.28673507760360795	0.008920265791477523	-0.022744666618282974	-0.32787175085235937	-0.5493021569665448	-0.08960580948013731	-0.008068423774071807	-0.48569360978714277	-0.31479514831760175	-0.06506726511397917	-0.29914349368565935	-0.35465283644504114	0.3858427638784547	-0.016377244515349856	-0.4993524830428195	0.18260666615094293	-1.595561722784949	-2.0013292051398444	0.6563771769391993	-0.5602599325072044	-0.10837781986386678	0.10497607121212668	0.17626486004420977	0.7058884352331568	0.7094797145334161	0.09360581910169552	0.4886337396344098	0.33155950083743296	-0.17247298198325547	-0.2384080096018214	0.967487265939196	0.6891595201685442	-0.809544273008748	0.42917543813412756	-1.056091543690171	-1.3430071951802958	0.5828344312347026	-0.5876096153293279	1.3316045017098201	0.23107941168369123	-0.043583963211291925	0.3992941325802827	2.2279698908562118	0.5510095629884948	-0.7176349527312933	-0.8684441268428478	-0.24610024235878866	0.4255821046090905
DTXSID3045851	-0.8494327007648306	0.7067647457078842	-2.66190533932785	2.6070442186576224	-1.7219911007408566	1.2247309012784098	-7.066603585525555	-6.6903069856665915	-4.818230088906192	-2.465964046207188	-10.847911434730753	-0.9917575404486838	12.044474072032749	0.6089567317990111	0.3094018931445175	-0.6289949332965493	-5.821530791277955	-0.5836457559759008	-2.6359449785693125	2.6288027156200013	0.651461105766995	2.5916719959297794	1.8323790359233683	-2.286545860426007	2.416033623745438	2.14576655652096	1.6198900200964157	-0.1542617384900828	-0.9005653508578402	-0.1367668442342876	-0.44953117434534706	0.49483979997682287	-0.2754835218250955	0.6698952288707042	0.07277002491807084	-0.8005050236963592	-2.286919947890612	0.5163099992265267	-0.3540305399369791	-0.26393058006561765	0.4770496147884746	0.26854326916965154	0.1573677194861935	-0.8470188187056937	0.5457383776957921	-0.3127419504714081	0.007184401057739044	0.3015798505989364	-0.6115950037399775	0.43267904971672955	0.07256209820269026	-0.1924118424121449	0.7883034774139265	0.6466011408452546	0.23202306968489547	-0.19610569053026153	1.4758758140937454	0.37619376363058016	-0.04982363440818802	-0.3060340145110237	0.2635585424811286	-0.3170119154519038	-0.9552033739657068	0.7876544736057894	0.6678385907458819	-0.4559264584141272	0.871558174895517	-0.820540303211379	0.8636543994470796	-0.4898452872656558	-1.2276101948386346	-0.9884937409301882	1.1928234888712546	-0.6339076954574737	-0.7853724699455931	0.6611737328793732	0.4462241739425727	-0.833524409128029	-0.34117286519612144	-0.16195197601880076	-0.7350071359792932	-0.5168038665328558	0.4552134399447756	0.3265744396503359	0.23966954502863574	0.11813022222551259	-0.26378702836031925	-0.27227223968505027	-0.49955528355233103	-0.5013834532821726	-0.8034983110791984	0.009131005425563088	0.3669670305582397	0.6883466829153989	-0.7587384209151363	-0.5695678660902921	0.07917518565178508	0.11691881833482068	0.3062838032162917	0.11313846203735059
DTXSID7021524	-7.749596472610145	-2.9021594861106026	-0.5821957599019342	0.17017214805533448	-0.7671000344438718	1.920515671738166	0.3831548271816873	0.05669750159186954	-1.1128311605865384	0.13246494949132775	-0.4780866312467623	1.380371669857722	1.2481792617901992	0.7520020442430959	0.9428937362674	3.038850084250949	3.4314643082307796	-2.6949151528147	0.8701428432767389	1.6550912983133386	-1.0058787940263962	-1.386779413512612	-0.22735691643307523	-0.03718847762417918	-0.8541384038339095	1.0767755946074418	-0.7888879284454084	0.32579376730305404	-1.1133708478883888	0.44566333099942324	0.6533737301177603	0.3825427425738304	0.888954457926778	-0.5681197636618324	0.5265314603002612	-0.7039111441181899	-0.3343184757868154	0.5172298558394981	-0.23519363395801915	0.6473764259102528	0.7910993304897469	-0.401896952434255	-0.7937968582210346	0.31294340098510176	0.350716898351493	-1.304771776813462	-0.15442770465902733	-0.20739346185097388	0.21792533216737336	-0.5465488411613132	0.21498645478262932	-0.32399599544592905	-0.2614484509100702	0.062367239825097176	-0.7515292848856223	0.45467138313383865	0.5083919626294929	0.5390519106771424	1.2039785881151543	-0.2931198905397521	0.391354654418879	-0.8619937606786898	-0.985857640486456	0.728917074766949	-0.4069257403713798	-0.36732784743800073	0.26627576381748946	0.6200972331693115	-0.3007139143252116	0.6804897434782703	-0.5877359458703739	-0.15148845369631056	-1.0114200009712415	-1.3603901212958558	-1.0312555067101707	0.02609838742979142	0.013434698807610765	-0.34971878012664626	0.5494205063040859	-0.7828492144791528	0.32142848072568564	-0.10999748385071512	0.0004946361089576054	-0.044850854980014766	0.07548532534301294	-0.6253520180620592	0.2469177574461841	-0.046916540762740294	-0.2500405819401893	0.2936367430023527	-0.4991567334069243	-0.22453891336263604	-0.18711198795737474	-0.20189475923325198	0.13039101193703495	-0.23403330218732943	-0.010933785507505827	-0.03679688086872809	0.1930366300785689	-0.22079218511681603
DTXSID6048206	-3.3638832852205405	1.3427818569390162	2.531759912100289	-0.9135757068413726	-1.6359355356221827	0.22356476627508565	0.04415603030982293	0.12980737503910056	0.8276502576784175	-0.14070453285593248	0.4926299883246371	0.04948679216846358	0.5355212085293503	-1.1247377533754215	-0.6915315273122441	-0.6380544395517963	0.6019858639211995	-0.10790243998817937	-0.45059128690196654	-0.3961073663436833	0.17284028084760222	-0.4052727694158108	0.6362053946123444	0.2887694753880786	-0.10735443234665307	-0.4060964903241235	0.184477562265075	-0.6517874963829682	-0.046224396998888424	0.264750026086595	-0.037779482018668854	0.024945421495304442	0.28875354533463404	-0.20964863843728754	0.3094384265864345	0.1484254862048358	-0.44486421063198517	0.27287596673427966	0.29631626785250326	0.22697277820590936	-0.24660373688326587	0.22091987215259906	-0.19187651930652214	0.035835866554306296	-0.3620994664893351	0.123745591919131	0.2873552824884131	-0.31604885093007057	-0.12003049663786405	-0.0005996504319693452	0.09807464070501982	0.016215311166495515	0.14071070633925947	-0.1053638599611045	0.016384314313884426	-0.18555094679826692	0.1300593035278627	-0.24052489857599693	-0.09861267452304533	-0.18908617008175294	0.6408404761566329	0.061353790959771747	-0.3159471676768106	-0.08954912147309885	0.3294348517761807	0.21174198164102628	0.06655797108915568	0.5953036222353809	0.06623652040488248	-0.23373516584967777	0.20395178172493653	0.300131228442807	-0.1778168766543444	0.26203057235690114	-0.12752918270251595	0.10227041204605593	0.27890906219141964	0.24503111424611393	0.22339847318071185	0.2463088521909116	0.12087691706560011	0.3714797611856163	0.3393607562602649	0.0647566793053196	-0.03767580346951526	-0.07311459590741465	-0.04188642172007558	-0.25751941430677383	0.5033947855907214	0.04760073175018328	0.2555886885682246	-0.2501137488188562	-0.20715284091424616	-0.11203360242777474	0.21136402884489883	-0.11288626604302801	-0.00849503085524664	-0.2625277853466618	-0.1461689282455976	0.28371013813166646
DTXSID1047607	-2.334707116685871	1.1986948990309916	1.027302635258407	0.5875154813067239	0.2664123350157671	-0.9682111376485071	-1.471488666075033	-0.06235149950952941	0.4253146503163846	-1.8382053580014746	0.21964084451785676	-0.09616437905994873	-0.9937400558335713	1.180639602248411	-0.7014768975964631	0.20913031414266933	0.5934883106564345	-0.22628735538792283	0.11209760304955903	-0.8277010444865763	0.16075862414395378	-0.39992844496504454	1.1610103169321022	0.3299554852673061	-0.00970532685424954	0.5266288938494873	-0.3514433305858801	-0.12927826599375308	-0.102950064863951	-0.3561981047827279	-0.41966649054933824	-0.28661419820243017	-0.8036997043423274	-0.42865050693270895	0.1428376356148091	-0.4428962170956846	0.3945031878094426	0.34739514016821355	-0.024812956383302914	0.5389851538607505	-0.20914785325449578	0.4076861332690093	-0.08872374116835258	0.3216172617380675	-0.4666835523211887	-0.12054258477309285	0.13797245927030902	-0.5294539672836275	-0.017359372908872923	0.15488956179737778	0.1883432534277902	0.13076973939617176	0.195698169678215	-0.31088711153878895	-0.21016731373885672	-0.465653372086447	0.003569591425183824	-0.08755353596780367	-0.006393474202571978	-0.2424258844102351	0.4176159774992549	0.29171124376352925	-0.13631121537771604	0.46115518957965634	0.2060044173236182	-0.21315256027823254	0.33117380241675304	-0.9143470032095796	0.266498186361867	0.31543081034807846	0.2975666145807459	-0.39487109252818664	0.36731501010956613	0.41189435447901157	-0.5088201046450999	0.22099607036826752	-0.20550426245742823	0.6252530531898113	0.16560198910815696	-0.1468892353400763	0.5044652456360905	0.1535831295782547	-0.01568351330899712	-0.2618029004070157	-0.19085638800060367	-0.027531226686979358	-0.12591336948785312	-0.297978560387228	-0.23575161563637684	0.2524777326713658	0.5393861575159549	0.054094309435810166	0.26269064896457023	0.14672982765746062	0.09444368450871775	0.06754751540823256	0.7267059976626394	0.5278924593395967	0.057914229426760507	0.04479207418100769
DTXSID5032579	3.2600099507188793	0.24923122844104453	-1.2716795268757608	-2.810893397568118	-0.9582844995227525	0.5840195731079483	2.0458836885019487	3.7282833364341634	-3.6608499635344733	-2.7128494015685676	-1.14484525634873	0.7253265873302989	0.4357941566124678	1.9578506315579223	-1.3747657729002765	-1.1104380485318344	-0.2134005461877044	-1.1496153199760182	-0.2723354150234802	0.23074046823747577	-0.6964855252333386	-0.7921963730230706	0.4981296618550003	0.43611067064884	-0.08508455032280351	-1.9581994347195453	0.07595690552981685	-1.029224929467393	0.6033209563592018	-0.7041771935261194	0.7150850612453394	-0.5769013812967257	0.1990936932824462	-0.31416230746421325	0.25758149461816426	-1.2789029196635462	0.4893366675263056	0.20223592463555065	-0.14234439055327014	-0.3510400642773353	-0.19555273456734906	0.15531204501724108	0.7258045658183949	0.2080149154167215	-0.3358638840926102	-0.22701301600596366	-0.6086047909139618	0.12321182391938039	0.5406074446647927	1.0267617480287072	0.3936286604853998	0.20161476476954837	0.3434433811181846	-0.3681991159497425	-0.28314253169271925	0.14364212732986587	1.2018301727739782	-0.7934485679338161	0.8527527367503357	0.3823982318836506	-0.3393917087693874	-0.05844069234444155	0.38071744592732576	-1.113683659443047	0.06726134952642966	0.5471942334345093	0.43671313934063355	-0.36822223777456614	1.2809737840347508	1.024210562081894	0.7998028166587509	0.9141789824424807	-0.47457449611971536	0.5885496512978922	-1.6154381295134916	0.2856560024032848	-0.2700771122609722	0.7421027409339112	-0.19056460838140138	0.2471515399950994	1.0551500558442979	0.9729096406701705	0.8706504532120098	0.9476536076916331	-0.7644005176735338	-0.3046113732896746	0.2050692925945007	-0.10577732269888923	0.3655131781035925	-0.640243088225256	-1.565388561720377	-0.4982084867049518	0.38776729439945185	0.16796725637986026	-0.35367481322756855	0.6671297978475977	0.11505069025889093	0.048780095077262386	0.3916293798552115	-0.48362519576711915
DTXSID3026514	-2.8225253502371634	0.02995338106847756	-1.6096068339141913	2.1909770333301113	4.80115180692885	-0.7598723918557116	-2.2034442748721514	2.9559070145862116	3.49934777692032	-0.9832239400369096	-1.5592325128889237	-0.2557059247566962	0.5955562339287115	-2.1238285157484484	-0.8892434962153668	0.1838597870723515	-0.545443899180521	-0.17695655954150122	1.0406820388524052	0.7205999916601611	-0.2724146336786432	0.13249184148942464	-1.4266867807791022	-0.3057974295016422	0.02597287568992237	-0.020289418436478288	-0.3739905367453872	0.3959358460966559	-0.07170579941820167	-0.35886255875872913	1.4634506197850334	0.3914791697031389	0.6415247341545303	-0.1456221609886652	0.009071739128054701	0.48341121209954646	0.28079790303494895	0.4332848508273273	-0.23865922133437703	0.6191756105934779	-0.24341305425929793	-0.04052197601813939	0.254125363807506	0.01303558356991849	-0.11143452304341046	0.20185830513072497	-0.18644654962615204	-0.8977906193535842	-0.1341934745772512	-0.28539972106109224	-0.2775996830480423	-0.5758133727410631	-0.7038469827576856	-0.1124819614784172	-0.4589192192736525	0.4348340884880453	-0.6564375156767676	0.34828128225699306	-1.036109126668908	-0.03434739542985158	-0.05648805657534435	0.43345877956220513	0.6348169008168983	0.6266534148685949	-0.060142111765866466	-0.6317473027914324	-0.27044996786923	0.5711529981175039	0.03929931623857438	-1.2907930981550444	0.8272665885162653	-0.5324620861429218	-0.6479313894811668	-0.4044087623539123	1.0344883419906332	-1.9925328910970301	0.008890114923870056	2.6350905697511493	-0.6531972816827304	0.7139115857444134	-0.8749023112084965	-1.3263179488830854	0.09923210428402225	0.023737084197044237	-0.4251921015680798	-0.6610823183186776	1.0429536738681104	0.9346193342957436	-0.7285763549069332	0.07202716645382436	-0.6391827897059048	0.3159482205879272	-0.5249908001632637	0.5649531118182474	0.15945157857037706	-0.6794202427529652	-0.5615072768438952	-0.4168650399925628	0.9518209437785139	-0.26393869046138574
DTXSID8048577	21.845099000236814	5.089948358075774	-6.996876785455531	1.3690624611409539	12.494061967238943	-8.654703753770066	0.5939240435927036	7.78253200846785	1.011458297291416	0.7839760151541423	0.12451951238074932	-3.899279380833135	4.837987351159793	-0.684821901467761	-2.189404184422794	2.533289879866593	-0.6860953684034539	1.4300421481052192	2.6386205710864923	-4.3873231350939506	1.4021297289241625	0.989926496295345	1.7096243672932905	0.17446284472462983	-1.0726747922085063	0.21095163486190363	-0.39013683439267005	-0.2769711595114269	-3.718619770800615	5.527262693153747	-3.02163314973191	0.05793151259303311	-5.284702088619245	3.87046754523421	1.3409051436063746	0.8646023009594433	-0.8240083068679099	-2.600739611403489	0.46896236704083105	-3.234063865997837	4.336068739608264	-1.5152463604812503	-2.505639020312925	1.7576160555344358	2.0699065621441615	1.46631450433073	-2.2072058303080384	-1.6587476364656286	7.812543050287407	4.3287787983437935	1.9593141257675069	1.0162761194239829	-3.901814183696362	2.1846621978600687	-2.0955117205745344	1.8345334445349954	3.283669906408425	-0.3161288165226141	-3.558319606728756	-3.610328331254623	0.9582483229101956	4.360965235214101	1.6233678553770516	0.08893442834190801	-2.2918117448414566	1.9021302361521777	-4.357604819581851	-0.8131974754053726	0.6769609185795062	0.9339145445570579	-0.40376476812782863	0.05699589717134101	-5.460839742979117	0.6810026448433981	0.42386462610221387	0.04939996219066505	-1.9067230831279776	-3.438730706296691	0.3554592479679975	-0.4644509359505777	-0.5540507893709413	-1.122166735525906	2.520702227760031	-2.309713897981135	-1.5263282388237662	-1.0731857326427663	-0.6459336639687404	-0.8261410138390478	0.37433550590353726	0.12853088760736983	-1.2032715851261706	-0.5168947092353348	0.9955053601535243	-0.9741583285982645	-0.3132783307670284	-0.09238364100877863	1.9647501675676455	-0.165276749861296	0.1811833791995276	0.16279415387826668
DTXSID7038814	-4.037210634724739	0.05538055820628545	-2.560771510469267	2.3941451437526573	1.642116346876176	-1.0671422523449763	-1.6060455862643215	0.8483977875796294	1.3387690203580518	4.39391959006523	-0.5375517087042501	-1.47415553608794	-0.5812085367511961	1.8364167151225788	-2.031061572463187	-2.42862968002837	-0.14364394508773595	-0.5964086146904343	0.19834881757317147	0.8838921865972051	-0.8218187312096898	0.2914233499616802	0.30828376045595024	0.485455395910558	-1.4891900643751346	-0.1481347679482713	-0.8740590231331828	-1.5660116504690131	-0.868211152632861	-0.08768920518664343	0.5297824912097374	0.0318152007735331	-1.9016938852380112	2.4486177251044827	0.05591252947464484	-1.3195514521577094	-1.8525795392779936	-0.7316309187052334	1.380335166747537	-0.37991090581300696	1.7234470827451394	-1.2097117734612777	-1.5256790128707476	1.0770622154829717	-1.001073685470707	-0.10579865192217917	-0.6622264580225411	1.0860318247330074	0.2233870513743663	1.1287155182832003	0.4089505893474663	0.8646969061645563	0.14867498817038582	0.6886792241851684	0.49491361330198	0.4762904719172676	-0.1588295110746597	0.8836710283711453	0.6015229201176401	-0.8477185062636572	0.07114779748827686	1.7623014932018184	1.0916091525662899	0.35065969120392193	-1.1448932712235602	0.2787241880938654	-1.2898422002812424	-0.44172475010289985	-1.3111394752749879	0.06427220335703665	-0.6906969320097524	1.3386521122651869	-0.6751439090575155	-0.19990117830287335	0.4599123880172245	0.5534475861363575	0.711939756120585	-0.2157964391912625	-0.10546330188410191	0.5263182457523919	-0.08076996869017541	-0.42415509372234717	-0.39843430106378286	-1.1440817311905565	0.6780524805520325	0.011910475320176448	1.0734035184107766	0.13089037384268284	-0.5713834862863313	0.16156120964723308	0.09446729999294909	-0.4763349404286658	-0.699729680767012	0.029914827488906393	-0.05787405505050798	-0.19323818559856973	0.05380419424335061	-0.07790278047077394	0.07304547413766031	0.3797547112114028
DTXSID5044998	2.305821921524496	-0.41360613306807886	-1.6932925419637634	-1.890495408334889	-1.2901322614116135	2.6761307427046908	0.6651987300433218	0.3379298786321355	1.352787209588559	-1.7287268867972816	0.5210664693544788	0.8762571410195349	-0.07312952222048859	2.1156534286125224	0.16491966897462929	0.1876209697588349	0.3236049593463911	-0.25419216807421696	-0.405109741116123	-0.24614433387066043	0.31639639146251625	-0.613280822169779	0.35979401934476857	0.6230769790532128	-0.21962513077484477	-0.636112635506596	0.45067585358299145	-0.0038089675557702006	0.2852330492961197	-0.421241034046776	0.5017757584102632	1.0914903143307781	-0.4847490768719058	0.288478859724326	-1.6850099032550148	-0.22254994898933844	1.553691036217504	-1.8326640199558313	0.3236423218723434	1.5641935642052662	-0.7988553474851723	-2.60566653113185	0.3305090671491527	-1.868877610199849	1.065393612291516	-0.522598122668203	1.7558547187359241	-2.985405530161959	-4.063721381554001	4.052293446376914	0.8345789266747584	1.6691846353518978	-0.16848056614448567	6.1284521574959845	-0.5643637001566857	-1.5566966885416575	-0.12961794625694156	0.3546456580030181	-0.13458758563872963	-1.3614049577885	0.5009850079655321	-0.23599998196926827	0.06363497406119378	-1.3491160908034372	2.143047120039484	-0.9978979493847747	-0.2899841094663357	0.7974652046068238	0.5750489417092665	0.954497438105508	-0.16351385056851117	0.04786681380171548	-0.37055128956576777	-0.5961836988212229	-0.5589996303631349	1.453349608801239	0.36046970035592457	2.219578182090399	-0.18040588949263417	1.340322599551457	1.8896646485192394	-0.028882490770026973	0.0648893401721906	0.282949891709253	-0.3905107846549088	0.4322611023441788	0.20782067588160424	0.5345375539047883	1.0168491653184268	-0.6003748896235578	0.3235941184423339	-0.82559899135168	-0.2962063465580078	0.5437397129086179	0.2558709522150998	0.4080240462245329	-0.07305587817206127	-0.12610937762451252	0.06711104011411417	-0.49746537112175143
DTXSID9033187	2.1682184756685903	5.389675701090813	3.0431621451044104	0.6910126066907984	-2.394059591139376	-0.38776186657533807	0.7574854635116779	-0.12901813814446406	1.510006361186935	0.5976165177590216	1.4348057510609058	-0.6908500685114817	-0.5829727368091272	-1.269724744549727	1.016940117266689	0.17665097345053793	-0.874997767489493	-0.03398787962330694	-0.5291770279390674	-0.8232593166440288	-0.9519873330769866	-0.15828891835154774	0.22415828516899813	-0.28667747085884604	0.2564564896503017	-0.20460731866496273	0.056940573242164116	0.9564808718497555	-0.39554962450848	-0.30125666236002335	-1.1834556450536944	1.046104899240476	1.6596989283099737	0.41604032595119256	0.3213848074545494	0.01629627111163928	-0.8891563201681117	-0.07089773731322056	0.7035357045656251	-0.3349687216918701	0.37664658832118875	0.0679197918839916	-0.2306397019293259	0.3605890522781937	-0.795666875109164	0.5610767516288448	0.5057281179299857	-0.026300185173286864	0.06002435353558112	-0.09729147299546574	-0.003267892908104063	0.17439940313679297	0.4953682543987715	-0.19891101962910615	0.5007493015710863	-0.14086022005785695	-0.13174792976014507	0.471797840886922	-0.587986903370944	-0.8345822208975949	0.19980534470134265	0.8622161640881446	-0.7850976913959028	-0.09076650419719894	0.17488911749655967	-0.8442009841291853	0.7068575965889636	1.3445464422533238	-0.04703178159246265	-0.780936183702247	-0.4230444710948792	0.31801313097120276	-1.132655205433499	-0.4990629102207745	-0.8959194396135487	0.6283854391417776	0.31261064088811696	0.8259795135969876	0.7913664735723387	0.36724185478976357	-0.5389469505234613	0.6337405435589174	-0.32244072200510393	0.31232781804010884	-0.824071727926267	-0.5715187417339505	0.29185014125656084	1.0644442417116189	1.6740939166750302	-1.0039487885701397	0.23875032234098167	-0.11417679465418032	-0.4696388028288128	-0.287588127738116	0.617698513776877	-0.08405897095490936	0.4775613209294701	-0.038252027603307676	-0.15322846513710048	0.10250051398783913
DTXSID0044521	5.370046916542209	2.072114582004572	-2.8325202478576443	-1.9766689366765071	4.338757756939484	0.9879408541519492	-1.6596984304652365	6.081235154248139	-1.418499004386215	1.9380579350850118	0.8502802467467045	-1.3440166312964763	1.5967905774203746	-0.8270869693866202	1.4222415379518507	-0.972359843631308	-0.06941664912239144	-0.04178390918540812	-0.539488220245093	-0.7335077194184206	0.9328265617469674	-0.22444981782466963	-0.44871115383006754	-0.5356041498847169	0.5282928501657559	-0.29875753651078935	-1.2152088473104241	0.18037794776518548	-0.7370753542096634	0.7737932199955126	-1.5858567083331407	0.1444817607794123	-0.03017559242536014	-0.9359625458036439	1.4602437318466701	2.7715910533482164	-0.6671418671126683	-0.32209086062476583	-0.7868831918986753	-0.3431811765325447	0.42793790695474987	0.6011743991327964	1.5189378223071877	0.4184632468690079	1.0859883591746904	-0.6079309103527303	-1.0519446647998383	1.024441134235774	0.13258579389725642	0.3929864517449745	0.5679999699038599	0.6230732878531468	0.8730027607497599	0.653937305780262	0.1712964908981148	0.526852688380065	-0.6908459978471904	1.105505192132153	1.6941808977705202	1.1843135704176941	0.19097258985838916	1.1040688800352392	-1.0737561926848522	-0.536840817541053	0.28502834569025426	0.4349368555966876	0.5452682377051173	0.6115341841113541	0.6020734528721124	2.325064192776179	-1.6819317962648095	0.48894434300124434	-1.1129606673716315	2.496895260874275	1.4170429967866958	-0.819329787901197	-3.107626187347729	0.6403237806012226	-2.4659392808243585	-0.7316489843646117	0.017388398746104487	-2.586897909727486	-0.6310155897711641	-1.134261959061236	0.49661509013490146	2.029450144817585	0.44064530789167444	-2.164858661362453	-1.6183791752148242	0.4417781266040493	1.3820364077483518	0.25328249126967883	-0.004923513342965172	-1.8696703796903844	2.7569776587828025	0.8429938235073476	0.7216348546512293	1.4238872388586539	-0.29721934543847667	-0.8676051116462814
DTXSID3026645	-4.6085575826535745	0.7503081834448709	2.393020523939863	0.012451753969971517	-1.533365655263599	-0.17703703505295204	-0.5308991093584338	-1.1662352344406186	1.6285027362942794	0.08726430254052527	0.5015726700651517	-0.3309484624519399	-0.04010655886350637	-1.131444989741464	-0.1602208753481434	0.17876119464814563	0.2694584505070644	0.19925423318898927	-0.23772214800012692	-0.2716978168398484	-0.01785127077954772	-0.2933900524578937	-0.25528841983731854	-0.37873679330708415	0.38389127442220594	-0.8025400487428477	-0.3060342560565163	-0.5122078845511875	-0.08613016839782968	-0.0006956493945308795	-0.30909846832407617	0.7085869600270409	0.9368242338904735	0.32504326973083214	0.02460065275857587	0.3373377933351101	-0.2782396858959132	0.11880455488300133	-0.05371364615222628	-0.33063620691241674	0.043834902871934034	-0.03469793032813017	-0.43689179801844713	-0.33025066299464284	-0.584600713776522	0.44445460843796974	-0.04326211202929349	-0.050336316816571955	-0.0376006005791482	-0.013854914662129616	-0.07841519041776694	-0.09352985701773316	-0.08765946653112983	0.014435999406390723	0.1436384751509157	0.45832582995266397	-0.03961322243733196	0.18663601335633154	-0.4645875276375548	-0.14084474777114805	-0.04158994383873387	0.3809915188027754	0.4436022833539011	-0.004388862599011588	-0.1400880824826247	-0.40339299101402093	-0.15662039246382395	0.7279805232427508	0.1355910020924175	0.29509419358115196	0.020385618333303292	0.2687456357167002	-0.13224383803756712	0.15435068531441176	-0.3871003371936987	0.23433926108864322	0.15267938697037214	0.3744033154416356	0.08847985925700565	0.10988502028314726	0.5013767531395614	-0.15587434959847307	-0.048186021398139954	0.12139162830944526	0.24493792726769986	-0.2013447386024475	-0.5387982422162516	0.3900696295606659	0.16643019896607802	0.2995081894790335	-0.29828392517230123	0.49215193833661963	0.14482456608793973	0.052018874298020865	-0.25839633353784774	-0.1562542416553821	-0.0827646581981409	-0.10834816703109218	0.06663953535888353	0.007434801267217866
DTXSID3020706	-0.25560185527737295	2.491346928450509	-4.668240701945928	3.2316895080403127	2.4145970253091464	-0.3382244898501826	2.4148973855855673	-1.3530891818292488	-1.632688317267704	3.337795224089122	0.41006167884463207	6.23927216813209	-1.149991011114888	-0.9258252957184944	-0.7699443544553318	-2.411663262730297	-0.39703158042587133	-0.6422399775883544	0.41329509007482657	1.0073348194513556	-0.42924719349207985	0.3156062304666151	0.3029461121833451	-0.585460388841477	0.5152931986437218	1.8507548134545944	1.4421953337732927	4.553346686899784	1.0440456066936092	-0.0535485045269565	-1.7012602853906427	-3.600689587308333	-0.5530457746781164	0.6365221026117687	-0.7155804730940072	-1.0624446192641634	2.8269023998722105	1.1279525745111976	-2.2547344195172836	-1.0110043789134826	-3.5849574086709133	-0.5604465884041855	-1.3481313729653823	-2.3225124391515393	-1.33400641324854	-0.48426458204342576	-1.3719547238509084	-1.0616340658312773	0.3354578862817454	0.6430189576315658	0.235429781648365	-2.5124489059843107	-1.8753061588009627	0.31886386333839994	3.856798242324496	1.043257225982667	1.7449568000120905	2.6583561264614604	-0.6585765904739881	1.7479245491155992	1.0174583129958457	-0.41472050004612	-0.7523905783547256	0.3571931868055489	-0.515043395652811	-1.5266904782752517	0.2302828482023135	1.404008437516288	-1.5607543233251397	0.25534057143424077	-1.077169295590983	0.3826412182580095	-0.6627859261273269	1.4878676979746375	0.28325771015244866	1.8071971146483121	0.4484724472698616	-1.554716609808294	-0.8332405047681414	0.11839487302477102	0.6592905891731339	-0.19385826812617896	1.2192259232610922	1.0252694551361003	-0.23454239084377151	1.0971344501334561	1.5563224461093856	-0.7768664456635167	0.1327859355689761	0.44892867101313483	0.04427838691290328	-0.27202894355366414	-0.3717786576719807	1.417969555330233	-0.9348227142581225	-0.004988297122617489	0.07033275720422986	0.35541044012664874	-0.7879123363065622	0.1663379582619806
DTXSID5044655	1.4155339698670002	-0.3604506015808904	5.073902298259939	-4.106315199673036	0.8727386945828718	-4.22115342342673	1.1954856380178767	0.8597481223476072	1.4636036624946145	0.6454842195077873	-0.31459664174700075	0.6111688530112706	1.8970188752978434	-1.2340498214694091	-1.1044906224945277	-0.46147239666889	-0.799549759842453	-0.24631432163834266	-0.5628102955480156	0.3167676542229115	-0.7402662777624425	0.5502123362875865	-0.25947526623123296	-0.5421865430048686	-0.006580372752688107	0.6284378090946223	0.6699003855299305	-0.3240836686105447	0.20140541856785016	0.42690426114344515	0.6772882243175644	-0.8697917709568463	-0.44116145028697407	-0.5189717259700452	0.4269738438902715	0.23492576121108494	-0.3438036765608509	-0.043872145842288074	0.36152109700657437	0.6757157322649541	0.4411706752829222	0.20303699361357644	-0.5200688038213779	0.016157119734457798	0.3766181633365229	0.061252437021893556	-0.17515851148004663	0.13322837298724366	0.32621319598150544	-0.0006251595195738214	0.18793322152892433	0.02661493976304201	0.037621734747929896	0.28216629744148786	0.057026372137476085	-0.21151963766617934	0.03424298511809515	0.48074765321141444	0.3982715061124455	0.08150311724289142	0.08143465645390228	-0.04730125647355528	-0.6264493894103883	-0.08329721431676648	0.05464705960885793	0.3807805784186188	-0.2506067745760638	0.4904417481103661	-0.03995083772456208	0.6567731074771243	0.6696919467829167	0.3422626206128131	-0.1121152677555449	0.31961869433857587	0.2619387802606826	-0.05922092654014207	-0.34757925188069005	-0.02524904471166551	0.5851630617725385	-0.33529725063551	-0.03725416298760613	-0.5367875809689207	0.6870203284955922	-0.5330427999244364	-0.6165234750048774	0.031431803615657415	0.3760130997074871	0.3735824485545687	-0.1491536701752612	-0.27081120565829114	-0.16994330623806772	0.047937214441869866	0.24881015353919406	0.41714833106790855	0.27193353473900667	-0.03242424307342142	-0.05040295637127621	0.02860749371244905	0.46234971192606955	0.02470293695850572
DTXSID80375107	10.55444711229837	-1.6254343154257562	-9.425065583278268	-21.32351436333223	5.448681135137515	19.673702040283494	1.931768589183573	-9.141812163825007	15.655773234447775	-0.7202142847874122	7.707755960163939	-1.519407848356552	7.4106746541857555	12.20178783406429	0.00033561009526871226	4.456634940304741	-5.078628161911208	-0.9251739937561155	5.470678032017895	-2.1604207550691217	-5.254890391231201	2.487003735548169	3.689495558988665	-0.13572187334976796	-1.3919048103117933	-0.3043439584788782	-1.1224269267340383	-1.3945717012727923	1.1462532085949675	-0.35078981722264874	0.7506659573609628	-2.4740637605543485	-1.2950982127994883	0.4613968479014295	-1.225481894749659	0.6234813132396382	0.21471807938973603	1.1376223619527843	0.49806388470592655	0.7984159852256751	0.9840873821094752	0.6630194690172577	-0.6306689276929446	1.3279461654854652	-0.28470447385996284	1.4393530138209136	-0.8526669173261447	0.0009716152022549553	-1.010091263571745	0.8843266345470888	0.054301274676450365	0.6782861382823615	-0.5109408158107784	0.6542778019749802	0.22762591307107924	0.7252161308463985	1.137355463502772	2.1287679477407297	-2.323525758692612	0.649705770449366	0.39346965215053314	1.918374363261405	-1.4256097246640933	-1.0768152851521684	-0.11430642746038654	-0.8616995371284148	0.6541536198496096	-0.6572357175292156	-0.3504940514495987	-2.0137108578793015	-1.7140722408829712	0.12953257750244596	-1.0062497953780214	1.398472340884674	1.1608005934094452	-0.8495273325393241	0.02291678592345932	0.29704098916422605	0.498016940387917	-0.9087047296511049	-0.061599513837114525	1.7300602091160164	0.15610921600990998	1.225865801468928	-1.1162052339603759	-0.8734762691410486	0.0573520861712182	-1.452761713924007	0.9301514723507137	-0.9097548131341023	-0.8148215534681971	1.1811556196765796	0.37509249986137916	-1.3225435479754242	0.707151258239632	0.39926677990148773	-0.14425756774100357	-0.3224044877277678	0.8553790966486072	0.34378467595708034
DTXSID2034881	1.223722723648868	5.665067985520144	-1.462100717621438	1.3030428229127144	-2.0006788709841246	2.3217954083351637	0.8911555706901462	1.2861198053642509	-2.0064909698036	-2.6516872919325736	-0.590821996263224	0.7103185058119891	0.9764130881596018	0.9893754701654456	-0.9814296111312087	-0.7147561885245477	0.08486891156622714	-0.10510633654911643	0.6001129333211711	0.9495902847254627	-0.5629232970473275	-1.1254097975647175	-0.9609619124019091	1.5045635444160583	-0.4161195614077302	-1.8279129637843952	-0.1513681417680186	-0.5974166806563009	1.2543500491870763	-0.5523281607073885	2.6833076455154083	-0.8003522706242867	0.05227129334320749	-0.17721082946177308	-0.018434159235443833	-0.6614035794149324	1.1146007333821566	0.3350915051350039	-0.45242498742467824	-0.2748555894371688	0.03609484633084162	-0.08254831518146864	0.2281653446083313	0.489119965591086	-0.8508091321994135	0.7429778568398335	-0.2291459338534446	0.13416001402166858	0.44926515230542613	0.580566136479313	-0.022051830773574255	-0.1803446658474718	-0.6909632139260741	-0.16961022803885398	-0.2528552635680078	0.09676903402089099	0.644290730210318	-0.7846719146083135	-0.4556619281062047	-0.026395932784555265	-0.7040511412172072	-0.22672854633155162	0.8745886377927689	-1.2566251634574805	-0.7176132264834668	-0.3255824007650855	-0.40070754139445125	-0.1551950977677477	-1.055036789467188	0.3634048710775669	1.0276747357248608	0.09624762272339522	-1.2077341788614269	0.4249133141730277	0.5280595034119082	0.2962693453986882	-0.584060512039022	0.45086253422184563	-0.36917952847162344	-0.729167616291222	-0.3114383782684809	0.5975571517377833	-0.6466077235660049	0.5692471550722881	0.3216029117704853	0.10304976624320575	-0.501231830723064	-0.07554499788820218	-0.6825723982147526	-0.2108120927680306	0.6171789118632746	-0.30363238227928196	-1.2017702226115257	0.2936036294472693	-0.10679712587956806	-0.05324174263178276	0.40161741550188246	0.24782727910588456	0.5521345301577814	-0.22628366013598397
DTXSID2021810	-5.578548673857701	0.751382185815709	-1.2857719689833604	1.1431463416324132	-1.5615188067512378	0.9689886586439285	-0.8844776735911634	0.6137826527692163	0.24982746378542584	2.221353195530491	0.3608967178206751	-0.52884879896813	-0.6524785424197743	1.334275927843745	-1.2871129583508785	-1.27702109436221	0.18346258722164593	-0.13947666799895614	0.5483859411945418	0.4267082638133041	0.30321389445831093	0.13639707066787354	0.2852752514039486	0.475090738032379	-0.6723513758376455	-0.17696790141035343	0.07541149867898196	-0.5772302703091349	-0.18109539593474713	0.5371712805129718	0.1874804369851062	-0.23665256204254198	-0.25116964315696255	-0.5238344196135801	-0.3273980250919821	0.5270660102757008	-0.25208263499504496	0.25701400445923794	-0.04355531414557892	0.290414298417736	-0.7367396272803696	0.09142831698837739	0.17534303935888262	0.031333196720323635	0.5108493263539146	-0.49188291837008014	0.33099278919525765	-0.22242979172480795	-0.23236454868625284	0.1709644305450434	-0.0999388791771607	-0.03332199877591648	0.13030194444758733	-0.2090890409075824	-0.7780986942248697	0.4672626614958683	-0.143900031306703	-0.3868682508680636	-0.14668272448875191	0.3719440899969012	0.16502061928066347	-0.630006486547	0.9281822238208064	0.058022752269079776	0.26393479014484944	0.014938005205974563	-0.003960232427780035	-0.5120060120390307	0.20458287139556935	0.23029447523326305	-0.35972251927549437	0.5264968686971558	-0.01557876983925361	-0.6307356923725165	0.07922494825003559	-0.5399092030126055	0.16179188502115388	-0.08556512871178168	-0.20808359162664888	-0.05182145172632344	0.10264112750781175	-0.1993651565454468	-0.2610102837354649	0.20346847992081782	0.12896829325462292	-0.00905030332274281	-0.517051026137172	0.05267363747865073	0.2949328113019943	0.07794598973229025	-0.43318398239099076	0.39081957602012635	-0.1968370465211572	-0.12099674770319283	0.11303370860253621	-0.2940974706617447	0.1087046551068716	-0.09732483433111855	-0.21839949947893916	-0.007356639917756436
DTXSID8046585	3.8209833654665095	3.010914181549894	-2.557987975493835	-0.4569241781005792	0.23196103610771565	-1.9929449165776554	-5.0321294968163715	-0.46819373974570794	-3.13599816885076	-2.0977135184924767	4.390464367382247	-1.5817580196483862	2.6933498190086613	1.1092567125774144	2.274056380589677	-2.494277527744304	1.763092022031288	1.206007345801766	1.1284221532242489	1.3434104378752418	1.1462446919016136	-0.3488993954168309	-3.680491313681934	1.9120174377159755	-0.4493430238365893	-0.9219442539743982	0.05515326654866645	0.7236427264044922	0.8966719288889836	0.015770117772387245	1.1912723250537725	-0.17030081797499275	0.205218171556766	-1.4534466597397435	-0.2297760229803834	2.7331765478080237	-0.34957690518617757	-0.13422946190453927	-1.9105177087314686	-1.1767092759842595	1.4581011769519505	-0.9056420400915596	2.7891092319976774	-1.258902367003903	-0.7425145253123986	0.17345979345619986	-1.5800376836591756	2.4259230768977225	-0.3742316222283988	-0.3223159851547392	-0.05920197394252136	1.077517166478273	0.07845821046243942	0.974661586114088	0.5807578639656471	1.513385186232964	-1.230716297656224	2.1408869129118093	1.0400675985891783	0.3115477158413326	0.47339214850753863	2.3092568778882154	-0.7720946300238317	-0.50916891865749	0.11888867202299801	0.11482404749439452	0.4296836335806636	-0.39678945450160213	-2.376662801651692	0.3773007851356949	0.35560277237174764	-0.9570467838135579	-0.7295543752711644	0.029077854524004628	1.2305792069005792	1.2186339573868947	-1.6338573104905196	0.9612467943727594	-0.2106160006047183	0.08147425975760084	0.4729268913345528	-0.0809917846073749	0.5664292508538942	0.533958953378972	0.5182362638412874	0.041065537050953935	-0.2983543458415273	0.2423905308426424	0.04823724882086195	-0.33417373480856166	0.37269420654523283	-0.5999604060594036	-0.7230504039832124	-0.41081880602791815	0.010531290609074647	-0.24556126529305733	0.010837008655663465	0.011206733280858592	0.4608039924159437	0.17203145317249308
DTXSID6022422	-1.68486947946969	4.128799153443984	-1.6063920064538282	1.8543499442065214	-2.299508362304056	-1.1593478968653472	-1.459264454636952	-0.6864781593297801	2.0586964541389268	5.891817424562342	1.5852384631799297	-1.610647141740999	-1.7310707177249667	2.214942553890309	-1.7384140289541583	-1.7340937003970196	-0.9274456095851857	-0.24587325487592093	0.4511993304265873	0.6935615630519809	-0.6788692701178827	0.7777936824139713	-0.3370525583734986	-0.9022146091342526	0.6228868949558972	0.43548034835795746	-0.5643530158825948	-1.2769752564266654	-0.6401705605255724	0.42345246764390704	-0.7166264353138043	0.047377873160678104	-0.4767231182492121	-0.0416996985385962	-0.062466001438435836	-0.23740891660231903	-0.13873971493200846	0.18875162918718477	-0.2707306624863779	0.5714828281286539	0.11829206662200724	-0.16941658290887504	1.1746467740670252	0.10819178999384625	0.5696887097092557	-0.4015234682975335	0.023908390571032234	0.08899477648400325	-0.2890902250428299	-0.2792625407814891	-0.1996077256335801	-0.16625670752289104	0.34677284871923764	-0.46724626576212686	-0.24740711803763546	-0.30762077930247306	-0.2960639344269108	-0.5791555322980679	0.2540024689990661	-0.3984762206202576	0.4431356918840614	-0.2465300314689068	-0.6993257764493807	0.775973177467363	0.994263131956279	0.18231895864413486	0.11356086891901808	0.08992090282064209	0.34455186522140363	-0.6908236847889717	0.3668575772980659	-1.2105034075218108	0.6492708706522181	0.23479059136778488	0.06557438544742526	0.18766955547885697	0.28615048438236634	-0.12078851280964208	-0.3882914412985617	0.35330195108421314	0.08143204100776875	-0.5553063249404712	0.51801288500575	-0.01887066148380523	0.2523915083374703	0.7846911112916912	0.018700942867288708	-0.24720055545808117	-0.06479827187005156	-0.5206488712234204	0.08799129561313712	-0.6006224130805725	-0.2242723070610999	0.019073975029844165	0.17233233823447014	0.035631565976098845	0.2244335861759013	-0.22370606432237758	0.15473599315333503	0.7151291835412957
DTXSID7042019	4.078654746707883	2.4855988706609637	-3.6267107888183916	-1.5295141072990428	0.20255348641844778	2.004112248979346	0.31038740637243684	-0.8931712865107717	-1.7828247823677377	-3.1495310118454607	1.5509947149661742	-1.1485720622818179	3.240947410570838	2.3008003918075177	1.3787829701783774	-1.8085723120156896	1.140114521061969	0.530351164500387	0.9433511260773373	0.665726867999091	-1.4968630755378467	-0.6383317632885899	-0.6391367883311665	1.518918283277018	0.6644164320772676	-1.2566691394091178	1.2822147434665794	-1.200269299566437	0.6447185084747636	0.1765754257005425	1.0138484036816517	-1.4701601107372115	0.6984240967167288	0.7087302894638842	0.9725303160025999	-1.9616652452615861	1.388846544981231	-0.63557881848269	-0.5409639907377262	-1.2583326847153804	1.0759567918358341	0.5299626428286711	0.13001137393391157	-0.02784738961818971	-0.5183045560072359	0.21147722728415969	-0.37559494030781926	-0.18923027459855588	0.255300880247111	0.16546388907431586	0.24527749521255937	-0.5463602151665236	0.12872896191101127	-0.17970966517734713	-0.04959944762015682	-0.023845088148883434	1.4746155276259858	-0.9673539623255445	0.4212410445177484	0.7286549820106754	-1.6072369294306714	-0.27437800927390743	-0.09387717839055859	-1.8716042688907808	-0.23136757928254087	1.0360524136677822	-1.2755515335117007	0.5251911971297882	-0.7790754562473676	0.09876621413181283	1.4694751702878557	-0.46843825285314844	-0.1694942626805981	0.6038170045132217	-1.1906246929559536	1.2893861288171973	-1.2860571953749258	1.141325329953125	-0.6407407905615515	-0.2520851088920574	0.43573796264214437	0.6657076357955571	0.2747428006057857	1.4046896614789062	-0.05180883844561719	0.4949218766245161	-0.1528236682853482	-0.369424438844268	-0.11483095785851291	-0.6391545392138596	0.2837161298479463	-1.2768401407329417	-1.3594260940510443	0.9301377829637434	-0.5915374501393996	0.5716085059660739	-0.7259901993774935	-0.2787077188950024	0.08450809017582815	-0.03373490387040755
DTXSID0022480	-4.882794343974898	0.6504034498306874	0.05437034558970261	1.6721937480783033	-1.8973828844134433	0.38212675748127556	-2.299955023346482	-3.0409608593669906	-0.7817032447897784	-1.173421402203914	-3.7512335638021863	-0.5771187683855776	4.015051353385942	0.0628884973469103	0.5896829821909623	-0.8253526436892331	-0.5517096910158037	0.10614774980212408	-0.6235989764184142	-0.05702884267703514	0.325775158014013	0.2810716199260549	1.1649892115814953	-0.07311095743398346	0.7320412536294675	0.30284668441835444	0.16258524219950468	-0.2510376836250991	-0.3513074068816867	-0.08832681019579992	-0.3990848162811063	0.22780312144623302	0.017911761696412433	0.10246963748106643	-0.047232490337467826	-0.134951330291295	-0.8647947158300333	0.33538939715932337	-0.11634790544480753	0.27720998897592397	-0.19786039307168657	0.32974568322011344	-0.14783191030447948	0.2755729614866704	-0.30092480555079476	-0.03704273981970463	0.45947543130688506	-0.4517461094711223	-0.26847948662039345	0.20861398042509516	0.0413283883306186	-0.22985929718168557	0.38124427611428363	-0.024103090683758953	-0.1136568914465693	-0.07920440743071135	0.09466084007111751	-0.036792012886223954	-0.3944783187609427	-0.38342838768166765	0.6519185677462476	0.1937501245635022	-0.10702357154157943	0.5440640162256661	0.24034859863631378	-0.5035056486112812	0.27378320312227006	-0.12620424689636084	-0.09596485180803435	-0.3026163021760606	-0.20808015322368378	-0.11047354767768756	-0.10990843546331847	0.10207998405450347	-0.15991414829792777	0.09761040151449313	0.06540898604421427	-0.05945327073543183	-0.13936481915325138	-0.13885687219862877	0.0949641638634661	-0.017399964753693348	-0.24514217316708584	0.024912318215215983	0.2632239912853338	-0.08451700538736137	9.39888979588135e-06	0.2965568200528624	0.4519509201753513	0.08804469108551351	-0.323110573508045	-0.2641965868808497	-0.10573066027727858	-0.020270692148490598	-0.11863450454841581	-0.11679906505132884	0.24414628503101846	-0.0645774486781486	-0.10040641503549835	0.3340939922965972
DTXSID7026499	5.045419633806612	3.1463661016551994	-6.000702792855517	-0.9065272508509284	1.687200019238645	-0.8413311851809047	-0.13069806977044018	-1.9102015332199096	0.564728855673318	4.4973914106653785	-2.9457618510551375	-0.11796463457730715	-0.6248802520013469	-1.596662949927826	-2.82203424101509	-1.2302589638394015	4.495711762638029	1.3909064198529648	-0.32349917594136374	1.0628657904177454	6.085521770607652	0.05039279476527228	-3.530296172826866	1.0539979571387406	3.3109330265958348	0.6912198820730506	2.494875607927146	4.025869097738059	1.9780282691068947	-1.7565894924067216	-0.49724156226316535	-2.193546905174834	-3.406099253412581	0.14291605115078282	3.673437217321219	-5.15330481921692	1.6904034164630364	-4.37298134654463	-3.5488545898884727	-1.2489165934040096	-3.5086386270775995	0.09962946174984989	0.6131092811138948	-2.7649397929573927	-3.762939004912723	-0.39465891909675804	-5.2607858242007834	-0.7312627728092513	-0.48147954467076565	-0.6591555485690932	-0.5155916622815933	-7.382318428475953	-3.030052200121997	1.7931610641240865	2.5324987206767897	2.3543199685779705	-0.5973868728131414	-0.5955216148013953	-3.02766145317032	2.459036844527548	1.7021402704978834	-1.0385263343717848	-2.8011466384520363	-1.8387330090810112	0.001239911892885724	-1.2375555063903763	1.3027930343473029	2.1790057417592688	-3.0304630150116147	-0.6443639960936028	-0.8960782198499639	0.9652607087589931	-1.5112014391997242	-1.129519188550524	-0.5208675754546953	1.3248215114705895	1.2706928665531045	1.1735549466893007	0.08384867932874346	0.6581844946505332	-1.1871581106058688	1.6026605372338907	-0.8093447336672913	0.39457945067462985	0.062025896949133234	-0.0601026422512283	0.6229471895816583	-1.6108509606980286	-0.6358448225263534	-0.03999414207254901	-0.14784060345333533	0.44144261855449596	-0.5657311243482237	-1.2687383585808487	-2.136101362461106	-0.3385882066158774	-0.008844390761223389	-0.8260842809124562	0.6150024399717489	0.8506098944711765
DTXSID5047902	-4.553015650704337	-4.494827370654782	-2.3963199538159836	-0.4702682366971216	-0.10750147596831132	-1.6742367873814081	-1.6124671417300678	0.09054089131764465	-1.5398932011849544	2.2599853057681516	0.711780169540173	-0.23392957567524297	0.21679546247243298	0.12602933866281668	-0.4968407282276899	0.025188178867379087	-0.4131489134246763	-0.051943315323044324	-0.04483805283771496	-0.23838896790142444	-0.2846912877341821	0.1308579494685292	0.2988574278002628	1.7227286446764498	0.24947673602997816	0.5318303238715043	-0.35390672692717096	0.5048812824121274	-0.11253794786628998	-0.4622298087841617	0.8317406331379343	0.712401203611617	-0.04105031283729111	-0.22308794219031466	0.31205295737667865	-0.38471841250992694	-0.049781305074405625	0.2220237195065582	0.3010880839354958	0.1667065969584924	-0.22342335149371584	-0.08190326095982307	0.09092260150546423	0.1431282173231239	-0.39344818396997167	0.06524032858789008	-0.020156120331749874	-0.2993172977280007	0.013295022058324344	0.17081735855271724	0.0741369470104699	-0.047938224096690886	0.05922997115237849	-0.03215579375853512	-0.015061294084754703	-0.007210115999663278	-0.030397273103696505	-0.15276265901149497	-0.22634318906613915	0.11244254970062152	0.238742374146052	0.13996771632080626	0.006674810845202754	0.31541085293161225	0.0594006635733223	-0.0617863903738151	0.24571840191269798	-0.2688239362798416	-0.5499777608502084	-0.2240134093419658	0.11426271951728632	-0.06766199097558964	-0.10477451339628369	-0.5212812551365871	0.2503738344132742	0.03294810980292202	-0.41147769057318034	0.6910159529320459	-0.2942706741883815	0.6541708212768328	-0.41617973750794274	0.5713547289545416	-0.5136450642307395	0.4701102375879891	-1.816831214492776	-0.710713083335888	-0.3976981594322531	-0.14816213467717493	-0.6510986550959263	0.9085930356664668	-0.8245065741005977	-0.22949464864977961	1.172228497778908	-0.542524160680438	0.027795985342055563	0.017606280075546193	-0.5559024421590985	-0.14888917854332234	-0.018573682298790653	0.00663162974148947
DTXSID7023437	3.109223710238368	0.47822777355231966	-1.5731320391493167	2.1523605296920794	4.363343369091658	-1.7964976470818816	6.648633035264227	-1.2512044751031897	-3.2254842097144945	-3.760443661067767	-0.14161687424487304	0.025726921085249363	-0.7789541884253207	0.7782519117539064	-1.538335397490981	0.34418937475807165	-1.7513651871711313	0.369186427069676	-2.446143635544233	1.4821797196929987	-1.560039521649185	-0.34319848894520394	-1.0735782427687623	-0.79702323264957	0.9911810849429797	-0.05857582943309882	0.5253052629453407	-1.1757664778890025	0.2157467501651747	0.6764875564034076	0.5681737271266111	1.5259743608527137	0.0062326095191504016	0.5900776608898445	1.8022522672980805	0.4460094001179983	-0.4264275617193576	1.259637284309123	0.5762077096915228	-0.2767011717251713	-1.7061305553323993	-0.5489341526663143	-1.3577631637502947	-1.415469754621644	-0.3190829157866107	1.0718182841359916	1.0897388819853842	0.6395232460333309	-0.493586475343052	-0.2644395037805723	-0.435374816578474	0.7002851260613198	-1.0024012366718518	-0.05782015590584672	0.5765146820179894	-0.325267545332288	-1.3532562175252871	1.15906730319128	-1.438375801181772	0.13390073075908515	0.1848247786915586	0.23150260971836278	-0.29017327896958645	0.321427202238627	0.4122518009053986	-0.6651083839596785	-0.11220882294821155	-1.3279424987529729	-1.010511367100215	-0.3930375236971627	-0.21829872851928847	-0.9861039979193666	0.47709254404878176	-1.1591650128084354	1.031933905875561	0.6375801878274491	-0.05409095398730495	1.5161063448297682	0.5533912673323743	0.29957432260335204	-0.7637523907887879	-0.03679600534679632	-0.6196628695527585	-0.5094491790195764	-0.2522181653470409	-0.7699175103020618	-0.29576151479545504	-0.6879127707275426	0.8928947184818555	0.3713383756564806	1.7223998688400404	1.327507145276442	-0.1970517060094582	-0.5565638548819555	-0.0522050251328669	0.5752131941953454	0.4878088015883959	-0.5858060865089847	-0.3670307658033992	-0.11577240132760035
DTXSID6045903	29.38504519471659	-4.672737236850706	4.4038611146276	3.911551663755852	-4.31005020617151	-1.1465805636283164	1.3066913475465487	1.0842604848672972	1.1121172626987796	-2.6137486158758367	-0.4718699208571987	2.4976321190792348	-1.1876297612798994	2.118021539842071	0.48076222279603875	-2.0386432936026333	1.9742945988056728	-1.7479112914785087	2.9787731841591167	-1.1167355427362013	-0.37097148928292634	-0.22403215289043774	0.5115205441117988	0.9722146927841221	2.1323028145107523	-3.0060090417428653	-1.5295332691009706	-1.2447531775989078	0.4277226122678197	1.3629603072555072	0.8150325464780508	0.6649422573638769	-0.331543084818529	1.1476597812037885	-2.2269478316927627	1.057202112386482	1.9059067647041228	-3.8041946720226876	-0.18905934549914616	4.463321185176499	-2.0971077263348357	-2.179104989811467	-0.18046263984821237	0.9774125751749314	-1.3414201753201629	-1.5850975042996	-0.3720607545580308	-3.0349354354007283	-4.901289136619382	3.7449568009055656	0.8815876216770403	1.466665961267972	-0.5985925584850252	7.943144881392258	-0.34154187652799917	-0.11121927066388326	1.321655467387144	2.0376371681642174	-1.6598303627334225	-3.215237467551334	-0.9560067036341521	-0.8438375862886783	0.2447782035397753	2.1265552633745153	1.1252288634222138	0.2134275700186727	0.7653095319251513	0.11101814455391211	0.5908379824988417	2.405282384737649	-0.8891870206817628	-0.23003887846608684	2.053791741950775	-0.6663465206354088	1.728786509415298	0.381671920310756	-0.2759347475388171	0.1938781215245846	-0.44261993486088796	0.059715388356524485	-0.5815120979919509	-0.5797314472037014	0.15598777243319598	0.34007841748938816	0.4036487102272968	-0.043493333072327396	-1.3661601723640708	0.47972030902030227	0.28543074802726176	0.6021262763402508	0.015475938175146463	0.6310965623125079	-1.107029274159216	-0.7552305775433071	-0.5709671173739885	0.03922865382366561	-0.04064459147012683	0.49613651142294624	0.4317653266617148	-0.23119804021549295
DTXSID4057714	0.1681425483471041	3.8825731928711407	-1.523521582016381	2.9994675621978018	0.16399076305742777	0.9907492790872552	-1.95338809760244	1.791060750960085	0.6610452639086566	-1.1563831820243524	-1.4977515828747734	0.14167052168835836	0.8735455740486536	1.4114771666047647	-0.44142398664765065	-0.2819161711254048	0.6957281667800481	0.5903523765519423	1.4381720595557872	0.40175147529459265	1.0939766757169678	-0.43343412915132506	-0.3081646113681767	1.8675911232829114	-0.2370710146164899	-0.745726376478221	1.147047332895235	-0.09886147247907398	0.3771501585160857	0.9908331521259168	1.5926490830913844	-1.3517038586670624	0.512282248815068	-0.40988862581398494	0.4628811188300841	0.602829085255216	0.056028601576808765	-0.31599615687284993	0.26853134503160625	-0.3156055311363331	-0.21428748801287703	0.11647200807128018	-0.4486095193297506	-0.3263867333012109	0.5018933479559429	0.15017121758046137	0.46881144755943316	0.015381725752692322	-0.14162058969117183	0.32142860140880936	-0.135470469127873	-0.04589062232383129	-0.11592948886186281	0.08139045297953763	-0.3220672999904055	0.6700330431256479	-0.3369141780328915	-0.30346021447907423	-0.3317064006211313	1.1332647225936234	-0.945976236410877	-0.6010220486872959	1.150791254934692	-0.5423249735001852	-0.22233424222445294	-0.24925130371118334	-0.49283262782947274	-0.03631298900875877	-1.0698379749571871	0.42995228559583487	0.5319892997821077	0.29010594259561523	-0.8921915421735119	-0.5609212789766533	0.5214860073958413	-0.1449397912001104	-0.37775059134148753	1.7284229495191044	-0.17196935066166305	-0.0018329400572748872	0.19334227454294986	-0.37341559115436224	-0.21718624411899376	0.27117058393194027	-0.26735764161146547	-0.027971862836610784	0.9874235911102301	0.6428906174942933	0.051797402343181705	0.14726845026755606	0.478732404582519	-0.16641065590904072	-0.027454380237441987	-0.45348714531529716	-0.7534425719655091	0.7529954506909041	-0.5726412133842758	0.3692019334122776	0.8669933767697697	-0.6649057624603473
DTXSID7021998	0.6643579288363732	-2.168620908825599	2.0163460369567314	-3.2894061670611063	1.4320083097681557	-2.834241588089254	-1.8693084994636633	0.9206522211235448	-0.705808435874132	-1.6693067752965083	-0.6476550513736631	0.5652825739494677	-1.1781862576639535	1.8751120982414315	-1.4107660271148557	0.04995253665589332	-0.6235359630039337	-1.0064983996314611	1.2784965229601684	-0.11039219678556766	0.20436274563099988	0.6844542669413245	-0.4838127069620723	-0.9224289075178164	0.5687548185258577	0.3782571149943119	-1.2724766092445	0.28331966292969907	0.09433293110671677	-0.8433882608027833	-1.031093896658343	0.08721555581907739	-0.5739272015009725	-0.24124859203052848	0.7527505662002829	0.44678368670224344	0.27932315690092036	0.5955821015631304	0.15076202262231492	0.39486964952459364	-0.23096488649271216	-0.3981572281958767	0.2900703387850676	-0.21267483063832196	0.07059372550321076	-0.2605937538726454	-0.44411088205207666	-0.17827128051128951	0.22547041282677271	0.24352838319941725	0.02962663701343226	0.017301916456062192	0.25636341040105337	-0.5402174919437082	-0.020063746523867255	0.12382832024137452	-0.4188669435777608	-0.13799045910121566	0.7299161542860538	0.2331677492447405	-0.2700531751520992	0.33861260859451064	0.5711829752300942	0.3179433445790486	0.06425898720095645	-0.6821238637805228	0.6987420876672894	-0.6145443030512759	1.1376664101053295	0.3901393912274891	0.5912692222931046	0.11472760338625837	-0.18138443219463557	0.3469167831104679	-1.310272800537215	-0.1942569864826969	0.06162548857198591	0.4757887337218661	-0.21881397715483822	0.16918070693095896	-0.5327009127899044	-0.13616992810448594	-0.12982865992391462	0.44226878977594763	-0.14287147986186646	0.5752478151512298	0.5004859001627221	0.09610319994263791	0.28135864216493506	-0.5503734403233834	0.6020475926070882	0.05667955969473056	0.24862325598814827	-0.5429492154784019	-0.6024069774652058	-0.32727880562472816	0.02158716688057847	-0.023124125583452303	-0.11737214633109412	0.21037824594065105
DTXSID7025895	-2.3447766085071438	4.387069092776048	-1.8217767216372431	2.2751602909894753	-1.6434322862341972	-0.76241709343323	-1.2219770756651076	-0.49495206433110056	2.5031821662671954	4.216322421871022	1.4483987840396528	-1.2147051634169608	-1.2543091772129302	1.9105176277165643	-0.4653753127574646	-0.12926884669816052	-0.6596305938590167	0.45650566648958846	0.38319621774888724	-0.06811801791581751	-0.08079905402895933	0.5022393854790697	0.4455808550931803	-0.364172694149224	0.8421010386414909	0.1366062371227589	0.43594610986361926	-0.31496130838181813	-0.16106430821686443	0.828625775434409	-0.8577664435177027	-0.699091233112789	-0.657675378832993	-0.9602607002760678	0.21755601646918774	0.9261502417950778	-0.48128708410028015	-0.10669002821370636	-0.13048789796903357	0.26259508498560874	-0.21795043233155015	0.2658164216496875	0.8933891672923643	0.4854742125305002	1.3073257201311017	-0.6735766944116184	0.6415971876908054	0.06822009679783231	-0.271543906081526	0.1462758719811436	0.05529258716639132	0.05657882379356449	0.8376374183259938	-0.21605003816540827	-0.6494469524924492	-0.5493384102876725	-0.3279444818157177	-0.8499020884550504	0.7165856705252224	0.7104454783408201	-0.18547272685436472	-0.9634264500494509	0.0875452335033582	0.3745172517643475	0.5819021656487984	0.4903594378220158	0.36940118303076047	-0.2530111862146983	0.614605094443366	0.18599572509682993	-0.6508776108591224	0.08390842895222622	0.6739904912946643	-0.031316682620966894	-0.12674747170148992	0.3215248493035451	0.13124929823626552	-0.3712007937813287	-0.5060066324358182	0.20078684986904521	0.019671976882277422	-0.6130038732006294	0.6100951558581817	-0.31445841461701685	0.4041050655472146	0.3967785060173631	0.433197542355009	-0.5601863222653308	-0.5562758998346186	0.35475212466988015	0.27191448306253163	-0.7031901177216647	-0.31831978272530875	0.009740334306977263	-0.13937589551465968	0.055433974819223415	-0.1803785266577326	-0.10608045185893744	0.11413800810098024	0.060460029542897385
DTXSID5046277	0.15460680015709885	1.0903351094591347	-3.4877275621128994	2.4924030143414777	3.988748954747062	0.327551908315512	3.490928744240886	1.4479427275427703	-1.3249999676384825	-1.049918499783796	-0.09422456013232444	2.5124802512903437	-0.015534381501191158	-0.750125873533802	-0.29761609647800874	-1.8914180857897334	-0.018561472646635303	-0.5912075441226189	-1.0237083888218066	-0.009387404528678775	-1.4471449846254125	-1.2472034487083186	2.4899727147151296	-0.742079987795917	0.37927595977319284	2.4449900964805464	0.3892231470110222	5.699811212373745	0.37830202512946703	-0.27847272712593	-1.0238776825695373	-3.5842857817817264	2.6182234645587683	4.1531026069233405	-0.4807355308658872	3.754763119699208	1.611720729728014	3.333250110525379	-1.3561284729424439	0.38431919646561874	2.4760014341341647	-1.506739392946925	-3.1680599625433503	1.8354879843031133	0.4298954817560114	-0.11004711231579935	-1.7000397326799241	0.28304330090956653	-1.1432412598164778	-1.8879703416458267	0.1277249867814491	0.06120516646926	-2.1365035961806487	2.3411351483642493	0.7435420553300665	-0.22311033318154883	1.3332130889302456	0.047231597702419345	0.3120621745568043	4.083356697099036	1.3900272589585507	-1.4124729980055117	2.234914979826861	1.1158856874651426	1.9806498023967045	-1.6729918122402339	0.37609750542444614	-0.5309268183652066	-0.46680617586974793	-1.5260676641968791	0.8830286553347713	0.7428908291211788	0.3913458923420762	3.00115793599067	-0.6511573064268337	-1.1214735677710508	0.3160484010498657	-0.1217444433891343	-1.3652993525127741	3.306785904465805	0.4325790573370988	-0.3441548199293389	0.7383230064229145	-0.41427860113769444	0.6540850301215255	0.33238172970362756	-0.7817294606087565	0.8381279600863724	-1.0698057938921	-0.7460925354872596	0.14122045223049565	-0.977877383412745	1.0583605442342157	-0.26007373721043797	-0.13973221147411197	0.4657283758988394	0.4939751005851246	-0.05631441104811957	1.0678661505820493	-0.3881307884271843
DTXSID6045668	4.73575824833172	1.0047908233653964	-0.10792768970607353	1.2116600358837113	-0.3239191564845099	-2.3749359381862782	0.9210361704377753	3.1357161466408305	0.7154886150705839	-1.6832171328614798	-2.7935460376102146	1.3583427576671148	0.8493316768335224	3.643146686757289	4.457835219755639	-0.21159507294092944	-1.8746757753976004	0.746789326953725	1.5312915455371743	1.144051130951002	2.1628282522946343	-1.5411347750091702	0.043397916666030684	2.4282056691555165	-1.4539978582092472	-1.0774721631786364	1.175436228230349	0.4916064064705658	-1.2985991358793831	0.1728486008943357	0.8364636649508098	-1.2943967459161212	2.6459556796784955	1.4100590965657598	0.8738637623285523	-0.5967661891349488	0.07638005086793796	-1.622932024016586	0.11880788245564855	0.2460205065166579	0.18361513251263784	1.0168771542676527	-0.277878802168752	-0.7058965776445408	-0.7387764411399363	0.10366840103860832	-0.5809217282697751	-0.51369509668256	-0.10624518685218812	-1.0772401438827401	-0.05567287244904753	-0.3051042240419437	-0.7172260463454982	0.37532743053448026	1.4947205601021356	-0.7559220215744502	0.09267676069788189	1.394631422023358	0.0584083791978786	-0.3021929362448369	-0.18269045833954273	0.5139828111013152	-1.5164787747475805	-2.3488606289209333	-0.19589995367716112	0.7897123359095665	-0.002177609524602674	-0.6477293683292582	0.04665660469400117	-1.2564405274937893	1.9756776036607366	-0.2827538030909354	-1.7736978829854626	-1.0737171343850243	0.8255742268919946	-0.9937556897245854	-0.6450363881444958	0.17765336686190944	1.2181194764607695	0.7311644534143593	-0.6963143298066219	0.33296354987099247	-0.4003579612066666	0.8195120970183384	0.26269326259315584	4.201386701084538	-0.597107640588915	1.9720552606558923	-1.944200213056883	1.9766879330884728	-0.005800035031237147	2.007111986473259	0.24558940630634224	-0.7214528514755658	0.4144814109614415	1.6659692013800695	0.6579964872717431	0.24673061314610237	0.5061838237842039	-0.012899983002455142
DTXSID4041494	5.61354910188527	5.174391417320855	-3.946143161087736	-0.7577545792162258	2.5537531382202547	1.8081932312468165	1.2569737665113487	-2.0151410814042574	2.679614856742638	-1.9087626624123488	-0.4369792646180412	0.022582910606741613	1.4413588244626256	2.0385497592268194	0.40167758223307437	-0.28085702440425114	0.11092366060210233	-0.07208442310561272	0.7302556590018873	-0.12039029327192699	-1.415941821133134	-0.6848674029982246	0.30602840005149656	1.3615477103057305	0.48248791242165434	-1.5186654715113719	0.5425546519219	0.10920032257187132	0.9459709315575071	-0.3327512264279175	1.1266465847319203	-1.1920782864768447	0.6784560387858105	-0.48584330816473437	1.2553120058941092	-0.7433162392581296	0.31658143830504276	-0.5641702239572628	-0.5048314766247343	-0.5980233022245475	1.2285638404543167	0.19895422299030915	1.1017141428010941	0.7910605191499304	-0.10712858547399481	0.20754041580916244	-0.6212312821469075	0.5262395127151055	0.3156815951330827	0.685677623312354	0.1468652006820652	-0.1937080813711967	0.21155337852490463	-0.00388334215006254	-0.13535687274781336	-0.0015913228850105287	1.1066315057293576	-0.42773260968496907	0.3113077427798304	0.49729108810679273	-1.1944055713637378	-0.28417599823178624	-0.47410338541265884	-1.4453175232575097	-0.3086814764933557	0.45603868372617506	0.30160512027111164	0.728900149579407	-0.13873591054572082	-0.5193964149106753	0.8525308601848398	-0.1762842353083483	-1.2113733683627383	1.3090808071247104	-1.39665284854833	0.49577457303235534	-0.9116004170087101	0.6137095040220264	-0.9667198477274576	-0.4061813781873161	-1.139017054396623	0.13465283917981088	0.40229273105776797	0.6952379981886813	0.03724225496757654	-0.03378630262487189	0.11694539695293556	0.026534565920867538	-1.7477395321882305	-0.5104785719103876	-0.5607297078997641	-1.2977950302654562	-1.3413857535502476	0.9973526698004332	-0.7637774813991681	0.41907302805508473	-0.6706504520156459	-0.011453167077206498	0.35993886683327037	-1.3149660492475208
DTXSID4046739	-1.5058232264512807	-0.11531350526918425	-2.727230951799089	1.319508818591475	1.777994582510219	-0.20965693977605693	2.4885358308586354	3.0301329379191215	-1.6222874435920451	0.6865169441957061	-0.5880540699011478	-0.39776626016546557	0.7309940614848641	0.7055023623350293	-0.4775930228123282	-0.9118216100291514	-0.6096581448076683	-0.20781489391064867	-0.5325567537078411	-0.0546906657330161	-0.7938505559803074	-0.8030266051736699	1.5032353224392436	0.6997902744011557	0.2264455009776103	-0.8933870443322435	-0.23670484333153027	0.27233336547128995	0.9318853874759215	-1.1150973519379406	1.6042154190847389	-0.6515734500656986	-0.08182771959696868	-0.1764397395502654	0.45273816364660496	-0.25331715851218906	-0.459561165140151	0.23573885400483105	-1.1968590563786785	0.11744949674316611	0.8736407396496909	-0.5378287211821773	0.4747975940351562	0.753894358908743	-1.0343601027089577	0.23559916597424524	-0.15011841109019988	-0.2823844557496516	0.6699148255816567	0.3400936535669682	0.03835594405607614	-0.22174396908384675	-0.1546096584666382	-0.14053414072001075	-0.2930455694579701	-0.37490856065428707	0.3744427277781431	0.06462710662798588	-0.6399071149001452	-0.905013932436527	-0.5401953285853306	-0.47202940041513924	0.2758904704883114	-0.1464459207383532	-0.46042264459013904	-0.3093529549078452	-9.837863409661818e-05	0.3585780622371665	0.1663065694088743	-0.38886521254395817	0.11677142173417167	-0.15689692808470154	-0.3724675742346819	-0.2383064494874706	-0.06564212562701142	0.9556310801482066	0.3548183271863663	1.3856443496658286	0.30349334823471613	-0.6044163737891497	-0.40363255179940033	0.002261452645870583	-0.1737307211444629	1.075454457691853	-1.0503891288645217	-0.6015408716747073	-0.394258745500514	-0.016452889031287884	-0.7572379752510879	0.11459673205076391	0.4793310527600284	1.400607815044649	0.5723126664166928	0.21427122693944703	1.0770116582853728	0.9003737796825156	0.030035305632632008	0.42447170113835786	0.6661188377056046	-1.2354097037424023
DTXSID7052311	-5.591695655356891	-2.8307921379813417	1.971014051204692	-1.1769882288356692	-0.9684428404734537	-0.9144715378173667	0.1289817163887756	-0.41816595617975616	0.4811721491816439	-0.04047460792181436	-0.41542956919954654	0.1451337595742511	0.05747377239554765	0.38922228267081155	0.4829978711061952	0.03665434915394808	-0.07005567559738361	0.3895177770296033	-0.022248044712422362	-0.5184956076051138	0.07645440821361289	-0.23737395976892398	0.3999490826941369	-0.07420554569045076	0.43978161184468295	0.06460326433068306	0.26881093070174694	0.06207527593538011	0.06584486775068253	0.052996065511219145	0.45710990772703863	-0.1405304542354546	0.0982063843134487	-0.3329183729874639	-0.16311928096352643	-0.05282808237869534	0.11603435077860091	0.1539521735632807	0.20867579898176042	0.390305494092057	-0.09258259352231968	-0.15993946962839908	-0.12338435757393011	0.015748192708904415	-0.24867735499436872	0.052005862068140625	0.11702324368341735	0.0073392298405920335	0.17337646386778802	0.11984680194183915	0.13991415934593152	0.04373689729966544	0.22496210693085184	-0.02735205083816199	0.2188471450742656	-0.3959524804713499	0.23931915459467779	-0.12704738048023606	0.2972804467228063	0.06390714797023403	0.3337342095001036	-0.018626487261219255	-0.0909843070359343	0.004739188192171494	-0.12573417721631444	0.17265765469239058	0.40022473855070295	-0.2915886723575519	-0.3386789355035443	0.5378133207901323	0.4189987188958583	0.11587557749568689	0.05897942492736832	-0.20001231946556317	-0.1644763972242529	0.3082277244931765	-0.0433223200446357	0.006747549406125582	0.4101603109197687	-0.29746829302972816	-0.13158503077110578	-0.23186276662594374	0.40771056076784246	-0.31618800753927895	-0.24762688674239167	-0.13207744143113198	0.04122065230267803	-0.2464717772296843	-0.08400466609851877	-0.10084932345456357	-0.42841486899753084	-0.5859361489178905	0.04292359110928897	0.21540973979298153	-0.15519688165027787	-0.061967954646968054	-0.14261922266515234	-0.24881348669713443	0.3615915303396183	0.06832990147324086
DTXSID5061954	9.071264600114619	-1.576565698985452	-8.662421236197526	-19.17557145562663	6.846113000155295	16.67571447741945	0.7544981221181734	-7.943009687466066	12.078247019351377	-1.3476976762227744	9.14908208869596	-2.7321366636541793	7.451546850211699	10.350126461198847	1.5303794879173669	2.321728471358502	-3.437117210175191	-0.5708408439280652	4.963696890369804	-1.5882403531155975	-4.259361085707614	2.5448446464340897	2.968492661623047	-0.14667825504164614	-0.4670415159244992	-0.12805115543938322	-0.8730483606866611	-1.33105576933837	0.7777016715409547	0.021425044886150872	-0.16904980110810774	-1.678601133175077	-0.9328944103807698	0.7506298856118915	-1.413438518869931	0.11567626837292061	0.3712896701497829	0.8489253610815646	0.6329335600085096	0.8475284731666541	0.4705526491746988	0.004755231799552163	-1.1110275917800585	1.1032610092510466	-0.2727582932750171	1.3340191553135026	-0.5218631698089475	-0.20507942285220399	-0.7910030407733583	0.706461728749874	0.01744845820967934	0.37926273481075784	-0.2468322665224532	0.35871517398856245	0.6888555615399586	0.5562106078657568	1.09467827753308	1.3862771695649745	-2.035637659045035	0.5787834718911717	0.15122453808987926	1.300754400261493	-0.9667053273780074	-0.5309905762949524	-0.03975883338215434	-1.1343008564061619	0.16979366395903292	-0.6930096916645615	-0.23509917215946188	-1.5634947868373703	-1.0069507615120894	-0.004318561495048908	-0.45903961741419397	1.0045555326542561	0.8423496915405955	-0.43872734190238893	0.19581614913006837	-0.21089550110684807	0.44904992123476006	-1.3938640273791423	-0.24992930033721186	1.456960862308287	-0.15063262557968338	1.1734660645866772	-0.6961669420815371	-0.8825924664588506	-0.2775813927290114	-1.8073253958649753	0.6346316607833783	-0.6528120617932535	-1.3963313261953538	1.5239392279715036	-0.2763923028790895	-0.5565654461946018	1.1333733516571265	1.2343420669247431	-1.126688370328591	-0.3098034064141824	0.8588449492074814	0.07068986771780687
DTXSID5024182	-6.591771347300285	-4.455737981351214	-0.5564705563714998	0.022044437097903963	-1.1441456269577581	-0.6632305113271668	-0.5526758518980884	-0.16288337596114935	-0.3318251472686979	-0.4770727314272178	-0.6766787273455972	0.2975792951244856	-0.39713443297806583	1.6488709541875115	0.7059634836199279	0.25932730670973964	-0.10377405325574893	0.534645003658858	0.0726997450682255	-0.7694218706659046	0.41280280921767837	-0.7642480401433188	-0.4239154701339137	0.6012330602668685	-0.7880293988753428	-0.25014498695172077	0.7017136487316386	0.869784271478619	-0.012658583111609263	0.266057838567123	0.8824013266251294	0.05045511626335963	0.8984346668330316	-0.15392969527218112	-0.19210045560901667	0.24298423733032457	-0.2662889098902716	-0.16997904318631127	0.6664205039702952	0.392602549756279	-0.5596497945105589	0.39973563750580904	-0.3366361094785155	0.8967077913568479	-0.906946599464545	-0.029872903608832484	0.3938183643613987	-0.6677358715465436	-0.08382173119045698	-0.3025546325155016	0.19549491383403644	0.07171960223832344	-0.2754867979572211	0.11556077203515448	0.43093194035683263	-0.8578902356911849	0.12402830796626638	0.09626073554090926	-0.08403606006637214	-0.3262074590223227	0.5415384073616648	0.3076699372493227	-0.12160649174548818	-0.6326111643085507	-0.5009307066843394	0.16133337886744908	0.659527743898749	-0.2499620742570203	0.5021767185535555	0.05932218718121389	-0.5948275576741168	0.006524085441317575	-0.059809653540741754	-0.36173129124316683	0.2633134167409712	-0.14516978254264054	0.04311740446291176	-0.38863751378078937	-0.1640590906747236	-0.27720198085224385	0.06792762289380339	0.01064417569709726	-0.24162046100908321	-0.09454296501762112	0.17278189771371946	-0.15806461378487502	0.18624329177387386	0.1697640476105781	-0.5111498596352506	0.04111793133970589	-0.43490009914564554	0.18018837623135922	0.42540949195608335	-0.02123869667809369	0.3923275223996639	-0.18134702879575645	0.11846737069924575	0.009333209183828227	-0.3244346767743957	0.04250160126138045
DTXSID6025696	-3.055359296778905	3.259070515682063	-2.2350837901113794	2.273135939778229	-2.1077242598340593	-0.4817257404615361	-1.1862704716790622	-0.6455166529227018	1.5676977046411784	5.729723115467362	1.4875916549284767	-1.5517307284052626	-1.7754560383035045	1.8516519746187456	-1.7039630045434258	-1.559045316116769	-1.554912784027678	-0.5817526817108182	0.6470704668806181	0.8333027594218232	-0.629354631485199	0.9696607126956548	-0.4469329789674357	-1.2498121059661496	0.40736378654328453	0.6453410845148517	-0.6376145091816807	-0.4574360872968896	-0.5972131560364592	0.2586733364942648	-0.16958498173588074	0.2828112722457924	-0.3606552726100799	-0.36012780866398725	-0.2768943289635787	-0.7061226686063279	0.26359840813853824	0.7179715922700883	0.4685332710248298	0.667407057497293	-0.3952746032113506	-0.15679073863841753	0.9151299042907979	0.21743062113209033	0.5816790834790776	-0.000945324933651079	0.13721634561432894	0.2635282644657026	0.008460118420930087	-0.12181007281006473	0.02132404168921012	0.19698813839542903	0.15304744630687855	-0.1649967516158352	-0.055401416355248714	-0.5503115102256251	-0.16427214221557362	-0.5877459369532606	0.4069933326608046	-0.4047428067049553	0.6371730855421578	-0.19252916389039915	-0.6036829313789571	0.293778871997406	0.8126660417986269	0.09812908276813977	0.33816073932343305	-0.27936821751874463	0.3085566640860447	0.676862810533309	0.5676641917607311	-1.0212786053908707	0.5773163588035022	-0.16948126711647102	0.38004130586685014	-0.27817053891348936	-0.12087917316740433	-0.8451021662375329	-0.08239108909699296	-0.06881311992370198	-0.023399949463710865	-0.3967063943186912	0.60080554558409	-0.708003906541809	-0.18678880722915206	0.3269714575571694	0.2740539720603149	-0.12339742091726422	-0.40159067377293456	-0.36565122397559585	0.058889032928916896	-0.14090890144626406	-0.10887887075682753	0.29197098878552	-0.6710655372155874	-0.037109667311263146	0.12751444152683325	0.18827472215337018	0.34316909786469263	0.18193090082918542
DTXSID6040117	-6.842360556217424	-3.6607900117082735	0.049266998634584516	0.28260895020241256	1.218909807777255	-0.21923940839461864	-0.6437325869177881	-0.28132615755214835	-0.24080547968464372	-1.0226008941499485	-0.9073531531990113	0.5262135479131586	-0.48446692861427304	0.9612770814086842	0.11195055263498406	-0.37348981046924834	0.5793396536964543	0.15410161451215598	0.18489730245628944	-0.708906966002429	0.7867503653258333	-0.45888593090148627	0.9545405392701978	0.3566279049442652	0.1338069055770468	0.10447355805367112	-0.1886090199967891	0.39366048025510936	-0.1664543150872079	0.0388632311286145	1.1296773795954742	0.4016888611995805	0.5336749872427023	-0.24833252141286408	0.10836190394553406	-0.23030954543159554	0.16569271569699673	0.1469011189220698	-0.021304787897876085	0.3853911267476431	-0.42219616406666427	0.1103565552779176	-0.4638731503920377	0.02594418614233053	-0.3162055896762816	0.005063411221231235	0.14026936240264773	-0.3096422622181009	-0.025595502217934392	0.07983179196840019	0.013669466716706118	-0.04619590394801418	-0.027781583955418656	-0.11928154152849761	-0.04740142378066035	0.01616813260257766	0.04757456353434467	0.14450586197453286	-0.3794276667824094	0.051752679242004315	0.4553015194918577	0.16460478268982257	0.38188081334923085	0.1079275142636916	0.016417373755584764	-0.29697271533799025	0.1947656560869558	-0.6132175439872645	-0.2714660299317275	0.31999344073928504	0.13887989013567045	0.2708497425541365	-0.41637872547297616	-0.32726895981471144	-0.39252405355513936	-0.21037606340371184	-0.4772968318625702	1.183031809865361	-0.12669915834556555	-0.18959096985723245	-0.3394505075875971	-0.31418531252038634	-0.35358822559367137	-0.10076019087837723	0.020147223655527003	-0.6019279547593968	0.05837220950589436	-0.09242829014354144	-0.2864921998874042	0.5184319199623442	-0.6998022775721604	-0.045396265446260575	-0.11505966268497407	-0.6932369110841863	-0.18380365712300878	0.37051573453605946	0.08940375513990906	0.255756453688054	-0.32437202194838366	-0.3689811099404744
DTXSID0045206	-3.3160208363092667	-2.4443686765885357	-2.027053859485954	2.8694601117813088	1.0205419435335537	-0.8577651285619357	4.091884168269933	-0.9032860968961646	-0.4617071986024302	-1.3056913440476459	0.08728236259463767	-0.8652891876705762	0.6278569619677777	-1.0852139149407856	-0.7784091612066074	1.4461084584051758	-1.0817300323765924	0.755557614561913	3.3844669921396617	-1.927925297064754	3.3597260514171206	0.8307216201483886	0.9943991543401752	0.3127661143087696	0.09344724174632005	0.8749116084972502	0.10060854174598789	-0.33721163006970645	-0.4133487823914647	0.05074620030916802	0.3752567000351673	-0.05755329392731548	0.15487555665324568	0.146877308099616	-0.4633968725091247	0.2292721427232708	0.1744604220555232	-0.08380034025791919	-0.010818617519706529	0.7721379514338829	0.6743433892122264	-0.38526785004586256	0.6847515917349128	-0.12792547626222459	-0.10024910159832677	-0.6749758762282736	-0.26136852757085133	0.31795579241466077	0.009655166917683576	0.3340406830048153	-0.128528779752948	-0.2060597710881296	0.035413061952965785	-0.22927362448986752	0.23370168146796014	-0.4425686660360455	0.8378306196199755	-0.4147330089288313	0.33726530136246674	-0.05555638216384674	0.2561243787650045	-0.1423723505328328	-0.2119473039368141	-0.35667072861263355	0.3067180959604375	-0.058061084672829805	0.4631182673807326	0.23587535648810715	0.23256415805745076	-0.071954241093994	0.23645714489266476	0.1953516199143717	-0.45547292613525003	0.42022781379756635	-0.17298533180582018	0.08113600468400946	0.5213522967805915	0.8624397668180973	-0.29628461913508475	0.3395211527458764	-0.1520776068220371	-0.11762331304905814	-0.1343750233977079	0.42279237061551317	0.195079862845563	-0.31600206586186613	0.6486868957651254	1.1745888401151319	0.9141322478388784	-0.12528037604744785	-0.6888807976578483	-0.37024516781454314	0.017455405544504397	-0.8060747272405382	-0.5350977212045179	0.6146763189778551	-0.46078563896682556	-0.24989098964183873	0.21933401471467615	0.030125586580981308
DTXSID4046573	-1.0749868779077274	1.6609573633303865	-2.5308555992581248	0.426592503902093	0.19485283481723	3.211375716519467	-2.6179285698114265	-1.6295409287501499	-2.695432733473391	0.32638759349776936	-3.3687940424573184	6.761120257625754	3.1468061191904524	-2.308271734384735	1.370180838482394	-1.3309677458978821	-2.6728296501816797	-0.24796664893454184	-0.24076656533550872	-0.706044743407754	-0.05014236787190798	0.6718679452567686	0.8300514687780786	-0.5282237660037403	0.7742867845422731	0.41713351300808355	-0.0131307249822092	-0.14411943210379707	-0.5457540307548325	0.30843924306740106	-1.6594648048932046	-0.5177413573989224	-0.39363589167723073	0.5103691831558	0.023196992041504577	-0.34080022813487254	-0.35150839827284064	0.0059727318073674075	-0.458879639700436	-0.27093079028332456	0.0071771503554508434	0.37387439838349756	0.44543127818359796	0.22426759452904413	0.05118134536327516	-0.6145198196584265	-0.05944135139328472	-0.3043629637646177	0.04043481660065934	0.2819050517704851	0.11377207102097867	-0.2816578692138287	0.6037248962913598	-0.02062751951868791	0.1423412842920063	-0.24985427026438348	0.19341026460449584	-0.17151168897657146	0.5811877456118816	0.08894055357574078	-0.003029016853238604	-0.2286294086745884	-0.7911749081188254	0.5829111320793462	0.35020475324010714	0.14249349385152435	0.5800482462263463	-0.47326812183104666	-0.3211464900272608	0.2563709209123163	-0.5780241229284148	-0.9970817572142234	-0.025071432182112833	0.6355407239964369	0.2806255937010056	0.25416476634016927	-0.5490198583306882	0.1423548418082035	-1.7937131612246993	-0.443617192392058	-0.29241523962549776	-1.6041248558370997	-1.055096050662613	-0.05873757449059988	0.37918667142094065	1.8199350223552044	0.3764388521122899	-2.231442148947727	0.6276739148636914	1.1268396181694493	-0.158256287047212	0.9072672383041647	0.009859263550222536	-0.5935174050365314	2.082382280236993	-0.3741214933703978	0.8595177187191975	0.9409751485555238	-0.2856608240825801	-0.254255516061577
DTXSID7040526	0.7935350079209127	-3.827940960050306	-1.229312058469233	0.9911256741726931	2.3299669785337196	-1.324842806678186	-1.9635028538053296	0.3155234133799443	-2.4698107054850786	-0.14566850997971947	5.2058311588670625	-1.7320252879047744	3.0039768292250124	-0.6299863106207612	3.4822968785181825	-1.3506174171279395	1.1655948540092265	0.9402429152121295	0.867101200544508	-0.049874513685939016	0.3680267520316164	0.4245391447349098	0.6451692288957143	-0.4352825605376155	1.1654891684700466	0.35554115111401824	0.3135210677727973	-0.6589485216389639	-0.33310722817875443	0.3307426864265868	-0.36105565456080885	0.614958187935627	0.40458851544629043	0.7150584583502821	-0.008247261531224515	-0.560277429976955	0.839643723757817	-0.2909894412129604	0.6205548515458905	0.5551851955096003	-0.5896287343210663	0.05147108946608071	-1.358168975801444	-0.07055706359949233	-0.5174468885585218	0.06620061372226176	0.4336168021641578	-0.6946170991021714	0.02621916657745598	0.15036012562250622	-0.018423642682986595	-0.26246967987017195	-0.12147001362792656	-0.24505768800711414	0.372483076126324	-0.3273396133166604	0.397830366786577	-1.1980950071883407	-0.7449588100747188	0.46764159602866023	-0.15195751932909113	-0.5462154983428263	0.5019155889866056	0.22979963594641697	-0.1674783307310136	-0.2462653193277993	-1.1269519577473606	-0.0651785616075628	-0.05873402096009768	0.14155981212322177	0.1892652048707237	0.240172174744854	0.07049073383404691	-0.07043945294907568	-0.139002938795794	0.192750565279182	0.41329452271906425	0.12755901232650343	0.3729068550259819	-1.140221521291298	-0.11467572909444995	-0.41057811049241155	-0.4518144134432238	0.28406222026069455	0.40364688909945734	0.18690826851506592	-0.6195246417334515	0.004490749554125598	-0.5131265251526683	0.21241926996914254	-0.008592348932247288	0.23596984845169622	0.5301777056514206	-0.10468084059524924	-0.3848045994182005	-0.5034501729650895	-0.2494401037407914	0.22970450268643183	0.82436970979894	-0.8896359684023768
DTXSID1031591	-6.095459125805246	-4.20727754356869	-1.266687600889023	-0.11605283780002565	0.8634598527957706	-0.7405831212637702	-1.5127457762166105	-0.36868299500007073	-1.6336602317119828	-1.06169937997845	1.9593637032864275	-1.0204409871962237	0.8141153453793594	0.990616336650691	2.0497178952789867	-1.1900259002895495	0.7960856014397049	0.42981320644727794	0.2839026129029919	-0.5312431183568588	0.346948382017511	-0.4076779889680668	0.06375940368549604	0.47416003982191024	0.03364678879853012	-0.11357759014180602	0.8981420166334562	0.6622687812574056	-0.4762726380653638	0.8968097063882349	0.35701813546362887	0.27072004515228254	1.329350444614696	0.2279680301921297	-0.0179962557346464	-0.722330535742034	0.06319852215694666	-0.8114155826420886	1.038436002808415	0.5523923632525137	-0.807970533647459	0.42273941156828343	-0.8359469302647693	0.7372665316562574	-0.8946747066738311	-0.23169311210395205	0.6174615371939142	-0.7814827870621385	-0.03931287078363302	-0.37482829705006787	0.24450489354463156	-0.0014932963431968937	-0.11109823909629545	0.03605183915958212	0.7883898604496521	-1.0978797026102145	0.48277616861242295	-0.4810251963757647	-0.010515973845492072	-0.2675952059385765	0.4531005493252584	-0.07423461381238415	-0.37594515768463566	-0.5390262082662682	-0.07355166721627719	0.4023615108404534	0.08435350117408356	-0.38217267231406793	0.4034849029171098	-0.1428279704114139	-0.11433457351944643	0.02094592831556881	0.2968033152610639	-0.500800885454998	-0.6131520034780076	-0.06996433524076096	-0.0058366484716990885	-0.7643452753751256	0.056801083773778946	-0.5843756484507885	0.1727502339528261	-0.010819091990129336	0.021364970156584343	-0.3172001591999785	0.31794705561993797	-0.46242572607697857	-0.2549522891908029	-0.2723672183849948	-0.6171895413887908	0.572934224664585	-0.6006912665988564	0.15176354996314786	-0.1084577656821744	0.44252141847904564	0.5236784702277455	-0.0017729601437324934	0.31022028093695964	0.1879825270813657	-0.010716228381713386	-0.09397558894132924
DTXSID3044334	-5.655848490481659	-2.471903648649179	3.313957217517146	-1.055010352126945	-0.9419190832616172	-0.3070142512726192	0.21899059545876967	-0.8012771424207613	0.859352023479388	0.27494452529130864	-0.25261970815782675	-0.09317553909121143	0.45211460060010344	-0.8340487854221089	0.025793826915817726	-0.17834692122659046	0.5276083826756902	0.1685808812809398	0.25658946940311506	-0.36157203697135953	-0.06293907842501803	-0.022162152016293738	0.12925686984289916	-0.3073941915578402	0.043192085002503176	-0.006373225104034411	0.24053540288121078	-0.23346949860459207	0.21049297972563205	-0.21253551783932334	0.18783472374038224	0.2572347740214647	0.18833841561490028	0.05907084018998035	-0.25031978430033847	0.03978112575928207	-0.11385090471027562	0.24904851471557257	-0.5080521370936953	-0.40583352055435584	0.17397645263223815	0.08685206438242175	-0.49984754994822134	-0.447741785538876	-0.13856477189066246	0.23272333931641792	0.011460318872050743	-0.2686826723337586	0.07004307623492986	-0.3267476832444938	0.008177628865108444	-0.1818952425879367	-0.143257078686992	0.05197005844365201	-0.12776286981798463	-0.0024155189437775576	0.09480049484534785	0.34720363871566834	-0.09042134941977563	0.14642881233107524	-0.13037966326433773	0.017120446293279083	0.3229932333033948	-0.5495513999246868	-0.3395223610721341	0.1607666105905023	-0.5942633637961204	0.11697865328249213	0.16752922358267372	0.6073819137675381	0.2521242380043898	-0.03802141486797139	0.9481036735858106	-0.28933195596856187	-0.26905806105722335	-0.0273849312215877	-0.136271435300109	-0.16902698634759938	0.013035885721885099	0.020872843048483202	0.045429498420674015	-0.3271918464679276	0.051113672351547804	-0.09781470231522219	-0.04842677200533524	0.1294041265981214	-0.21318342970699067	-0.20999752314150766	-0.21383937454089988	-0.04142670827448114	-0.3779809021422802	-0.04907870585878138	0.06562836483566019	0.31461634376885605	-0.44104626010843245	-0.04712098481617248	0.03283297126366375	0.07554181239698668	0.16867550913015916	-0.27453119332644177
DTXSID8026694	-2.304007607691153	-2.420091221452335	3.1255071848739897	-1.441750767140993	0.663054229664466	-1.4717181733603903	-0.13723153165688795	-0.0484277070851541	-0.1930488387495007	-0.7657329508810251	-0.6419060525723116	0.4460984182075057	-0.04661286078784371	0.8616620350763762	-0.34575731859718695	-0.6230141388952616	0.5590182559731925	-0.3044483183643003	0.6985857471222213	-0.6390491240528399	0.2853943566329657	-0.03683087703491983	0.8204526983749247	-0.10482407159712889	0.0825546181844197	0.18133903996995354	-0.12256294256098227	-0.07679270130489432	0.05896727955192378	-0.419416568455301	0.0712722708909536	0.0995003101161429	0.04366714148854586	-0.24908828675814537	-0.14041667430117669	-0.0969411105463044	-0.0844541827337932	0.5833317035335837	-0.34814068314217556	-0.2375649582552257	0.16167223302699482	0.2700873983083047	-0.4648417398261728	-0.16527314367930127	-0.37123175164928773	0.11470958693085453	0.22758140275522146	-0.3129964687984868	0.016354467991387428	-0.23382962448371772	0.06236202266524567	-0.030275737562651575	0.004928189097119154	-0.11031262858479932	-0.19741003191066303	-0.14993834969825545	0.012566619473219796	0.22820283411866274	-0.15556619564600654	-0.02254031166907977	0.11165475447205626	0.1500245212776131	0.2984971080166388	-0.5226120532765884	-0.14398573508647225	-0.43628400418041147	-0.32137474974871105	-0.0804508828693585	0.23879999392720608	0.7042608543222322	-0.03540748130874127	0.10332297107980752	0.6468962468956737	-0.24741988828563052	-0.770927312632104	0.32826939967050456	-0.5494487246064345	0.49592822310214285	0.0058654552785195	0.23219038672808565	0.11019408539478366	0.02597251957277782	0.2424849566073483	0.07705169212173923	-0.2396443973033436	0.11318231293529572	-0.20913076319833226	-0.4215245224365131	-0.07047772049135226	0.062292924159985476	0.571082327993023	0.18004109418083628	0.030788178183071065	0.10612409291350697	-0.3617143759579959	-0.16011305612466145	-0.0426406665278568	0.024775358486274067	0.01035494658944963	-0.11720314147707542
DTXSID5044863	-0.7966908301582776	-3.3889417686081122	1.5867754670203245	-0.32622905357624055	4.671758650191325	-0.3006363018667045	-2.890767268103118	0.1858664409429942	-1.3439006210049123	-2.134971972958167	-0.3478034868862334	-0.11621394343976914	-2.034208884044688	1.852442727181358	-2.59487400568693	1.5532621778945097	-1.8645092766611147	-0.6529217712663354	-1.8856841257137875	1.9516109693656625	0.5672792314172477	0.15601788280412568	0.4143512251984011	-1.4084879927409255	0.5263783083013924	1.231109088010103	0.7626491970139848	-0.7482733208877952	-0.6647252354357468	0.705329006668696	0.21752635020704755	1.4688700886278923	0.7952695423798667	0.8115746172657212	1.546965200010762	1.0941207094543284	0.26100987431503714	0.6516798270033574	-0.12963684987320018	-0.5302651965743191	0.53987256663115	-0.37438978148463403	-0.4424172092137986	-2.3988237648500075	-0.28562244243143653	0.18664307407957564	-0.5946552482997104	0.8249529650782498	-0.4608954475875671	0.042250735137658334	-0.18468821913052783	0.498195088401994	-0.14903531665967187	0.008892736484322771	0.45030561935588725	0.23322371664850391	1.1769286205261436	0.37294130868231623	-0.0980106292452511	0.01194866556369805	-0.15399623718676628	-0.335514758320162	-0.026398549286681613	-0.8723667435717123	0.07922465260985233	0.2911956806064428	0.7864148655241526	-0.20518011150010448	0.8820647665584848	-0.31764831447994984	-0.9408421530389266	0.3111555467772122	-0.2213787746856838	-0.11038749467308773	-1.2632624464067033	-0.39163654544167104	-0.7709474706557116	0.26959779064027606	-0.05385801498214806	-0.9258004213233697	-2.055353569957904	0.9425978238951395	-0.48823219502609805	1.3381586816568938	0.5977493154930227	0.23089337849069938	-0.988386673939216	-1.6852608410993621	0.09065102846285188	-0.32769192622725785	0.138856640678477	-0.6039555396142746	-0.2544339527227823	-0.1121913408574266	-0.2731274614619396	-0.8887633530431777	0.3688132768510979	-0.23916958348811504	0.08465006175490199	0.14466639373660026
DTXSID6024462	-3.271241008112363	-0.29699130986202166	-2.6709601636023685	0.2695429662077209	0.23702462416374478	0.4980155049651867	-0.5057274786790261	-1.4436608153663875	0.7672832721139785	2.97776187985636	-0.012579138167409068	0.04493745686441469	-1.0131840474658806	0.6414842143781545	-1.1535508233372935	-1.6300423580618102	0.5806356635013821	0.06566627980511712	0.22713467048911976	-0.18333472027037398	1.136163657159984	-0.05635210113027712	0.6690354796911202	-0.07321850751322029	0.396353926591347	0.3563058725545589	-0.4159100781782905	0.15635108385738072	-0.46774536840589215	0.18133300574535302	1.6084622306292833	0.3402706444871491	0.44849128556180484	-0.299172887821237	0.027655692942705208	-0.7328520165354439	-0.0551059025052956	0.21130356548789625	-0.03690720307297911	0.43926730245315637	-0.07585660080377966	0.3119273633460319	0.36739485274068606	0.03807574243750383	-0.02347224764379191	-0.27379420368536733	0.15413980804915545	-0.4930254532769253	-0.34620996499001366	-0.2803826568804575	-0.0763636946176801	-0.22322945153680213	-0.02739191716399927	-0.05710246385905241	-0.4485724015271218	-0.026617223243741446	0.23330293460144033	-0.2997923297322132	-0.3523896843798945	-0.25325010367040185	0.6696914195094745	0.07773124336495965	-0.13217852342364442	0.2731557675051724	0.6027340106562643	0.13304623870727866	0.001787502143043886	-0.18434897911613848	-0.15910481618708833	-0.646302743923632	0.07212985357402164	-0.314239135886785	-0.20188583903851368	-0.474731579066545	-0.07902777740288353	-0.5274487491028045	-0.09528112522300784	1.2986292488661506	0.08057062745208698	0.5068487829258184	-0.638487194456342	-0.1557954480429492	0.4938404681272529	0.10888666013995436	0.6495208839645782	-0.3476592106200885	-0.4033413323262108	-0.02063580197662066	0.0031400937609210484	1.1240763800994034	-0.1901936019917444	-0.8370073097134162	0.19863957634450027	-0.8629726248917047	-0.232955558262694	0.19187723441227855	-0.38199590056674376	0.21707722577828842	-0.4007262473826565	-0.1633015508566013
DTXSID6022898	6.514619587849844	-1.260297054189196	10.087215423474765	5.2304582975332945	-0.17960118068437025	3.4450940751038552	2.1446259237681966	-2.6166885067614034	-1.1249716384214434	3.243616187580324	-1.0283649014531286	-0.13935166259163037	1.5728738093469015	-1.0261613821674547	1.6409677362119741	-1.0367349957580112	1.8145405156757317	0.20460710263515786	2.4607801524733754	-1.1197458442583978	-1.6110267099659317	-0.9850090874635272	-2.1486390444794234	3.1672602004332675	-1.8828253034739675	-0.5801274049625379	-0.2049148478915002	2.7233110043522393	1.2232171729516532	-1.1105310283057885	0.4852359937418432	-2.424420546446134	1.5405738681307346	-1.845737785331645	2.19345359195136	-2.9274488934341902	2.741555209914506	-2.643974360920555	1.0432178762933884	1.0568343794076303	3.8999517444114473	-0.3005145586769756	1.1395145243384521	-1.480235513555169	2.4430133642414984	0.8019001401036713	1.9613334533387563	1.6463188865903167	-0.989787695605065	1.56166641636363	-0.3498087121780694	0.3078764868403171	-0.7385483737271481	-2.4870397319650457	0.8455644508378795	0.2428595060756998	-0.20447403401655176	-0.17544752005308134	-2.1857412784299153	-0.22659234371512124	2.068192190170672	1.476711480626703	1.0764059519817262	2.395031570838463	-0.1629834573341561	-0.29383370248596286	-0.34196594115442774	-0.31651502551487276	1.8314511369734563	-0.29342676048869687	-1.999569704943577	1.342603917217795	0.8162941473505282	0.7795252986773633	0.8524206895087852	-0.9900060623799611	0.827752048378758	-0.3157027124562778	-0.11020286613800026	-0.008576492933948719	-0.14600408990928215	-0.02610039778362637	0.20548372910436796	-0.13163537184002555	0.34063792705866447	0.08451218616152074	-0.6880195057280957	-0.6255470003432256	0.17423673333846706	0.284196241533668	-0.4992337933093673	-0.047937915312441515	0.16654563207067347	0.12489207894891291	0.11581622780548409	-0.11886187861528359	0.020890237530841606	-0.197594422280323	0.5225514012712121	0.02483177880749931
DTXSID3027823	2.6908012829854453	-0.5517905134891727	2.123245435334526	-3.4156831364658466	-1.7161459421001732	-1.5406543108920434	1.1485809111794953	0.16775185557761166	-0.9075142809702332	1.468677077208872	-0.6749872661794776	1.1520230428919478	-0.16727319652723976	0.2990640141806163	0.748596352210082	1.3057348045147246	0.9613896702756071	0.6817975737985571	-1.5511408880160915	-1.8806520961301254	-1.929751327875248	-0.8992708275396303	-1.4254728678950344	-1.6829786084465048	0.38632390943279704	-0.477412963861567	-3.2242762214058645	-0.0003260499407609545	1.2957345228007808	-2.50707846535179	-1.704306134679056	2.7529760005365587	-2.5069919442056516	1.418730287527384	-2.5128671650624645	1.3844049615546385	5.4158889669814965	-6.54931076300847	-1.2979498836184602	3.70646682781345	-0.4523645184537187	-9.278188163212544	1.606317965759211	-5.876892402176468	5.25290996083014	-2.1068365784712473	2.7413082902775368	-9.31511917592203	-12.25040459526589	10.827875694757202	1.889326660902884	2.9559757417520465	-0.36101460337932323	18.403626777440785	-3.093257609233285	-4.429048480631551	-0.7546311802572085	1.648472972099882	1.7829825852943006	-3.073059814857226	-1.3942402219683363	-0.43464766723365916	0.6918871378604877	-2.5246523118854993	5.040402575318691	-1.8693027202004595	-2.0170344728916727	2.708361685884704	1.0014676130945077	0.41803026850006963	1.6544076082608046	-0.6405154240148999	-0.7519172139111189	-0.7525254543961379	-0.8253285211148931	1.1367181753988214	-0.3866317828707912	0.2305875456851545	0.39992426097467865	-0.7420412963939027	-1.7773012001335775	0.28869710353431954	-0.5920711313964082	1.1006485621486775	-0.01821614530544633	0.7612422674946012	1.205077644383825	0.4248703476080102	-0.195970519789088	-0.5223167195874371	0.7617779290928955	-0.286790397170332	-0.4516959146446348	1.073073853180739	0.007683430697955167	0.3021740916367502	0.4953972618143426	0.3281725382578349	-0.07797721619422013	0.5165503696386556
DTXSID6046474	9.604286005211275	2.852150366116398	-4.5680415956826765	0.014520325722228751	4.306977642416582	-2.126354560149536	2.4551933951406943	0.8440115663355342	0.6790207748897269	-2.422180853088305	-0.882541013323161	0.5411660511101919	-1.8185991370850432	1.0140404165793833	0.2102848811439809	-1.0201446890307189	0.6456559792239609	0.6249599964717963	-2.514469743656391	-0.1772036598597637	1.6441316453155668	-1.079997265743648	0.1991773595072999	0.3159136178832782	1.8025078596894455	-0.8465146239682148	0.6316371752050118	1.51760807337215	0.017031013372942452	-1.4898837219370982	1.1212007089646043	0.05312357910519158	0.9098905624167272	0.41059239734239733	-0.5183413839498624	-2.7379608777019873	-1.7096356567087825	-0.09233230640949822	-1.9508797863347216	1.1178300501759417	1.3555150562802725	0.5999030555793452	1.0010330433777297	0.04386808888732542	-0.22672505186366967	0.3438679299497637	-0.5257963041163151	-0.12037382234930447	0.7168352215407466	-0.3936260221223768	0.03364550831674558	-1.21816971197299	0.1581766657102032	0.1430229152612905	-0.7170847875597515	-0.5257420700724695	0.6318434131982307	0.7725029544411192	-0.3041028516303263	-2.2877107838545796	-0.5984685428321315	-1.5295332269874085	0.5344915419427735	-0.36137693617135586	0.2833138764307298	-0.5481876928746896	-1.1289819876919247	-0.09960827565287655	0.3716724909820266	-0.16202664266070468	1.4796517192433745	1.7200832384306879	-0.36546624157644353	-2.043277943205707	0.7866523320059123	-2.1767630534179427	-0.07234107836121936	0.5562439300703038	-0.1451428562163741	0.3359058962172608	0.07517227731123476	-0.09119556387374762	0.3194765116250379	0.03983823729671564	-0.2937237335593477	0.045837724056017985	0.9573181232309267	-1.4100007103586494	-0.5360415562930423	0.42671071316326364	-0.834895798513925	-1.1462426241334034	-0.4275680096400711	-0.5054923094746827	-1.6514714751703856	1.5538408659221898	-1.053403878063938	0.14823649400877442	0.5934800687517443	-0.989683893331224
DTXSID8048997	11.268626685198852	-2.1899014581429572	-0.7700361502342985	2.7566470053097394	-1.4173715833533818	-1.4821930418549498	-2.5579181685513506	-1.6680902758663838	-1.607078670721705	-0.13209398566588051	2.625914294159905	-2.3029625953363198	7.16364878764027	-1.4952443001831017	6.589292832217348	-3.2341862418539105	-2.8980122213484028	-0.059050311468163176	-1.248219764285641	4.594292201033647	3.200892513178192	0.412646584961883	1.784010663107739	0.971769902125673	-0.7359862896529774	0.5298484153853972	-1.6935869887187847	-0.07350177123234063	-2.2302078926892914	-0.11837585230311622	-1.4789271907341912	0.12253784581597423	-0.3553285573184008	0.7241051149463558	0.2686461166687636	-2.1929090173177235	0.31296845854108707	-0.9176154095539262	-0.4353241622063808	0.21273408685544917	-0.09645445336397289	1.242791201571623	-1.4192571686113973	0.12749625553524582	0.6410238851750443	-0.20502199353335215	1.7335382986868573	-0.9614801861861091	0.23728239259740305	-0.4308892559794848	0.0952691455934895	-0.5918238983660152	0.2967455226756778	-0.1080066823304323	0.9256634357339529	-1.635619703532235	-0.27141129459196756	-0.009884164994779076	-1.191534501374813	0.058056810750560954	-0.3146231835552892	-0.1392968493661105	-1.327491789954474	0.5645370913827181	0.23315892733638233	-1.1933360995140958	-0.2713831000861656	-1.133083306560307	-0.39109802631278345	-2.1061379040175443	2.5762045219411065	0.7857586983433166	-0.3318970126918041	-3.037081069187973	-0.5863067086517096	-0.06565336318352603	-1.0262712898230477	-1.394474788083817	-0.43155040785843995	1.4888177523532464	2.640937800389629	1.3635226463524146	-0.3007360458488326	1.729724923465864	1.781181599422939	0.9885063614742883	-0.4440345983749745	-1.2907844767380772	-0.38534967098761563	1.4632459464368988	-1.0867648844893583	-0.1723157314432502	0.629923712661996	0.17516902999978956	0.9378368724581783	1.8051920039675107	-0.8465747836284362	-0.9689660727759412	-2.6593219999612754	1.3594382508453735
DTXSID2034625	9.11733865767126	5.709548418507682	-4.493865699779009	1.3248371341680838	-1.196333445689157	0.4615534919451333	1.1687901548746198	-0.80063458576794	-2.258280296024614	-3.6389300206901187	-2.2170558606077293	2.1463048492331023	0.7493056658798943	3.699866337246984	-0.6227752542949244	1.6363206523339004	0.4827506951368566	1.3064703737618513	0.07995400313417267	0.6266913657009691	-1.8269632763835857	-1.103567482130924	-2.0760843187465245	2.5199846766782654	-1.4927799585056611	-2.1905237952064427	1.8840959020157768	0.6667505296496811	0.9738656840881597	0.9248201598474846	2.4740231076035335	-0.6170209683161343	0.43151809394496426	0.7646559933581614	-1.7704334915299582	-1.087977435359941	2.5627092899749453	-6.285883544624223	-0.934218856792845	-0.33907083769017793	-1.1952137505795326	-5.208191747974459	1.1291538643371952	-3.646784865656	3.8444073226604516	-2.1645890543245896	2.8812628992956064	-7.767500631538472	-8.954345796021125	7.267502674910875	1.123061281798141	0.8607961414323544	0.4778964327114023	12.231850035431055	-3.30728613554513	-0.6305317418384724	-1.7994934985363324	0.9184047521400105	1.6646857484239377	0.6293544387892316	-1.0788824125513619	0.8666330330446932	0.8747949420254022	-0.8121658868601461	4.134508107617387	-0.05056446559091744	-4.644274084408749	3.1069113666446455	-2.794450461136257	2.173473928959795	5.59487400800518	1.1834107061821064	-1.158189202451659	-1.5215855351914143	-1.8883285520672222	1.0768109964261605	-0.9250896429921033	2.8401640358283933	-0.1220788719380318	0.9935220775030041	-3.826475102395671	0.8122610417090365	-0.7791620574665614	1.5894354843091707	0.06903610159285829	-0.9927392894596793	-0.2333840763564834	1.6490106248292844	1.1506637497466272	-0.19880551739709965	-2.2058650526252355	0.4918551650551559	1.5282823227498412	-0.47472623203189	-1.7639832528694317	0.23022886840395296	1.0405632411552033	0.5910070173244504	0.09608363303767363	-0.5387543108680487
DTXSID8031863	6.176903569470036	-1.8187238888611554	-7.423666136025857	-15.986868962795638	5.566894608781033	14.278364314832046	0.14690107377486372	-6.578846868675625	10.238465857779914	-0.9784334250665395	8.181545560155834	-2.451522527732403	6.519617987826021	8.688400777413998	1.5547211840104387	2.119062286527683	-3.1271736057525166	-0.2924622779727239	4.2220577070985	-1.1733524475605188	-3.595331788067837	2.232901142424851	2.013542976279598	-0.3343134741213977	0.001988719661092063	0.042263656368355156	-0.878905978935211	-1.2415872302637587	0.5454077457373722	0.024976866429677586	0.050162659849914706	-1.383527233233431	-0.7662343945190794	0.795335492786179	-0.7977544005952423	0.2365036713990012	0.3932794059826804	0.5621846298822966	0.6078398161367423	0.748147393435791	0.488906032053556	0.2598543275830947	-1.1169839342833996	0.621495074534919	-0.22346738309606617	1.047159079331137	-0.4759571771476877	-0.24561150023424264	-0.5664744086816175	0.535867224922395	0.007903118063700459	0.26029794675927226	-0.3405081921053945	0.2827954367058742	0.5246535375924052	0.3601224971997551	0.8130899096479299	1.0222595932925114	-1.7046475386732771	0.6103282316122002	-0.10328553697992007	1.0055376575932389	-0.7520875412344643	-0.4972795655856742	-0.0493182846654443	-0.8248444271011074	-0.10312387837215885	-0.5594081610120174	-0.07826163196695392	-1.2956542091621457	-0.8311477414783933	-0.011515209524180134	-0.4137897420363177	0.9108238549327472	0.5692014593339347	-0.3237701021910495	0.4823252296765394	0.20596665920026538	0.433826067691485	-0.8915732348896337	0.02423621172168508	1.0087184900965775	-0.13688599221198025	1.0076085119644824	-0.7072149980829993	-0.323224803660665	-0.11211913570386611	-1.1845843283189086	0.7153629765128935	-0.5218037101657373	-0.37542818945465656	0.8464749732061921	0.05611912835881992	-0.33977411535987234	0.4538191335496972	0.7183312800485256	-0.41406634483271715	-0.19102021001777297	0.622545243457529	0.2668820765326108
DTXSID3020700	-2.182437977674438	-2.1591334540249627	-3.9558434044298902	1.92662032011676	2.0619001277072977	-1.4749205461750081	4.4902534854493075	-0.3636003407379643	-3.838585213400813	-0.7075839828747101	3.049849463248121	-2.3928696507737137	2.020097501130305	-0.9860735609554381	-0.6649044855276295	-0.3753617134114149	-0.7980652187567664	0.6095105109651046	2.6766265599136214	-1.6845923020267368	1.43478144693267	0.8615180073507934	1.2078078170994833	0.8382522501962089	-0.9556912732446338	1.7194935102889535	0.16888044700656818	-1.0592206374807724	-1.301975572190868	0.4744704036596002	-1.503609168915086	1.2878150143908647	0.45404850092010957	0.7109801775509339	0.43417093859142897	-0.3709457898609624	-0.16168799777236975	-0.5979282509857463	0.5154768463262791	0.44139312476662534	0.05318136049009382	-1.1428919090737633	0.11542928159040011	0.3902162938691547	-0.8244716994942856	-0.917569901122843	0.9220810720734522	0.32337163691713416	-0.47070595610660954	0.02997920966413033	-0.46267622266417624	-0.13168311974678076	-0.37068473482824543	-0.33543341310358216	0.31871169512418046	-0.2562838222955546	0.32317311013046934	-0.25508044496618315	-0.8575679267261869	-0.2093159569543525	0.07991892290668587	-0.27883973970633313	-0.05953292845416929	0.8112353565260305	0.19811190173580667	0.33701436323657924	-0.03557262769442654	-0.19131309566205115	-1.1657969090160798	-0.8850953376990737	-0.35625920114002374	-0.604345938413825	0.2530791219195186	-1.3576229933111348	-0.35657463574642523	0.9436656453491187	0.10821216088294558	-0.6129685926111059	0.41213045842421936	-1.2097897778514004	-0.3231810829407386	-1.0032070245445601	0.77480108364957	1.10840136371588	-0.8004958385266538	0.4068113038721192	-0.10134815216264936	-0.2820966104905814	-1.1375659850511615	-0.7119152306857608	0.707199127121622	-0.03905100758906504	0.645241552944297	0.07833517473746807	0.4462726589209371	-0.30150998104994753	-0.34921575760000895	-0.14152944375399715	0.22775304101659685	-0.1493405546770583
DTXSID5024926	4.956278408659178	3.277588269657648	-5.45027027315853	-1.296323038341409	0.5119692890888695	0.10002209863736919	-0.7716210899911059	-2.461714290027356	1.5526627677830354	6.832424104082969	0.519284500210613	0.07502484354231743	-1.8629122431803444	0.3860500184086497	-2.9986307602881017	-2.5140917078258536	-0.05680092454919827	0.012347859867950358	0.5497698456294483	-0.0870040249935645	1.4935015216846963	0.55185306083701	0.31614893012622	-1.398362624427083	1.373021234221776	1.054739626102925	-1.458125349249683	0.4036126100854965	-0.9054159332454352	0.09708944543743155	2.4498746648557432	0.8870617456292383	0.7361645733020118	0.0312777067827589	0.40979621356453433	-1.5959998759106928	0.580999353214703	0.42232101880366657	0.10455145554347695	0.456509809896196	0.05994199060955985	0.12091856464135974	0.9694772724374808	-0.3675169252277887	0.5142452484594399	-0.32421225843530066	-0.33647073766546465	-0.5239985109647327	-0.21533127170631278	-0.644905484045509	-0.12045216257543487	-0.3532193663418662	-0.17277949666912396	-0.12295945740415774	-0.5799951756790173	0.08164019059002324	0.3784474736456876	-0.4412704039390476	-0.046966267435169	-0.4355323872126341	0.5517526653674792	0.5175542739212292	-0.5463757891838489	0.19343256684851087	1.05843382513029	0.1743443123635179	-0.022831685485918865	-0.19460221537594696	0.0015491802513285325	-0.822420417275582	0.7417896283763188	-0.8499798633508352	0.006127367603262205	-1.1757149791400217	0.24939084763469443	-1.9152862002690376	0.033959991931401534	1.5316903591691209	0.9351061001394584	0.9875607516682848	-2.2663526439558157	-0.10577704281965314	1.3971295458203423	-0.16891791686198693	0.7897541357075012	-0.623821764352685	-0.5095077041747723	-0.14901003680667335	-0.3911137229250963	1.9388419829673578	-0.01804892098943974	-1.6095694705258436	0.8715528704371324	-0.9003551337941481	-0.4044164889565475	0.8277604974923746	0.5490494062254749	1.143656551362737	-0.6568026017729568	-0.3589476520546046
DTXSID5046067	11.261311087569927	-5.010306790493894	5.302773048647061	5.734810570649579	4.345346182153247	5.5093494117592465	-1.0758734767455338	-2.4284609478351906	-1.5629803936061635	1.069935521173786	0.8586330576921538	-1.0992425964457218	-0.626067288171213	0.9602620789049426	-1.941988121802621	2.768213218775684	-1.4499753209305821	1.4019051360803723	-3.1656780877976916	0.4820957468753295	-0.13016446910084248	-1.0632976284324909	-0.05800831309515632	1.263705606073739	-2.384992541357835	0.046051545215383176	2.2596379771264705	1.0154446105937587	-0.30004767613050504	0.8242557851007636	0.7061369304132186	-0.022480494244117875	0.33927967054365216	-0.540618581879174	-1.7407194462415998	-0.48111800484304046	-1.5148819144387051	0.016318051243428465	-0.40543874171329825	-1.6665680363518296	-0.5760426812012484	-0.3151301879990945	1.01364390423463	1.0743923736470156	-0.22015923771329998	-0.5907501314766774	0.8692463107236252	-1.3569159003891498	0.08178060782452863	-0.25552259663102406	-0.022773042245126676	-0.7123351318247643	0.44504299205118586	-0.15886706842709855	-0.35529331651872825	0.16328674222628403	-1.0007026755902428	-0.8977047604205636	0.9795632451480512	0.9391170489458055	1.6312062912083716	0.6983556941758723	-0.4752795419173781	1.8257140654863258	0.2126290313766357	0.5938957599279588	-0.7766832092191407	1.3462841268384138	-0.3650927997382149	0.9748321707315668	1.8482255552452866	0.4964892851355388	-0.2543206629103992	0.32445851584569757	0.03881640500704078	0.6911157935890826	0.31134378058861695	-0.19970038312081512	-0.2156920602163469	-0.0025701412778434502	-1.414272996874513	0.4563021725360233	-0.3353530388057099	0.6264977681381697	0.34003872653314327	0.07047693689370506	-0.5509843196579853	0.03017932286118976	-0.6879527829544572	-0.14738154094350334	0.6306091285281609	0.47092911745657295	0.4426027586404971	0.437491349029595	0.2277610669111329	-0.6916163484458742	0.9998954343252184	0.5522055678272246	0.07793600023081694	-0.1177935179760706
DTXSID8029153	-1.297415492610804	3.6074180761753403	0.4430541739479629	0.8925121445283305	-0.49571896001438254	-0.6485410275776538	-2.658778515584733	-0.2729652603943196	1.3469164213094678	-2.19377202188449	0.8210273214667428	-0.5875099227896485	-1.6308335449428604	0.7894261412418305	-1.147361490788959	0.4650646735765438	0.8559265734933438	-0.22929548321545096	-0.062460645625741974	-0.5072057731656799	0.2911400917124633	-0.22793712543871247	-0.1513727186464957	0.333847261382119	-0.012332012792299014	0.36547038650639374	-0.5040321257019754	-0.3034104197179914	0.06494692304635935	-0.5143146073352234	-0.9525470012133869	-0.11922248653085439	-1.1903003820304163	-0.296634505176915	0.2718565569720033	-0.014293583599611888	-0.13755161648357128	0.08851447374568151	-0.3583557089500238	0.3511583727130078	-0.045882256272722875	0.19382315938632266	0.1425925519694334	0.33474514405182915	-0.42777819285099367	-0.12142366568722437	0.03735934481370011	-0.4658467964605145	-0.2139509093406361	0.09634324978332977	-0.06344777900769205	0.0022867447445353386	0.19052730140698157	-0.44959447834491256	-0.3108500377495798	-0.31535148291877546	-0.3698863451753874	-0.024353044195702576	-0.23289707938361326	-0.3791102432464044	0.024871313198964753	0.1798542514071261	0.04920303196683279	0.973742184419633	0.2975406950002352	-0.40543546389166885	0.1531016889959901	-0.5157126996112981	0.2713753183512353	-0.7194933090506386	0.3854676157419047	-0.69077761674712	0.5627550368010036	0.7420678899919947	-0.7289558938570109	0.46906834459775815	0.4236979286431471	0.3189938818265828	-0.26671985530303194	0.12175658932514698	0.6463171929884984	-0.08549658144611867	-0.03239626935032466	0.023378480995052495	0.19379657663785502	0.2025346350408026	-0.18022049119226402	-0.0868758211506075	0.006079774219453406	0.15339376482657832	0.005884520092139479	0.035449801725338015	-0.14447903417879132	0.027597821755809375	0.2338539131406781	0.3232063505941714	0.1991017935431215	0.28839258225664727	0.1403185905978886	0.21875459231096636
DTXSID8022084	-2.2860180743225342	-0.15904299866651106	-2.775437573743044	1.61372486571294	0.8476933948347798	-0.3516650078209055	-0.8863145804115707	-1.870065528941311	-0.6131405113188227	2.280196036574477	-0.5335576258763096	4.4655579226243365	-0.7003692851716457	1.4557712602410922	-0.007204950880376215	-2.0640452106400256	-0.07690449147174769	-0.07854936655660917	1.3092061605255383	-0.19653860241362045	-0.16879113647983834	-0.13984167382214377	0.3634028369606806	0.6806978907306814	-0.8652313524078805	-0.06868785588900352	0.5404704564600661	-0.6030186034452754	-0.2471795248188554	0.641793716379068	0.1275732150828129	-0.07595935215574942	0.7653252747744896	0.1463176970122993	-0.27465027837254213	-0.1317090823957072	0.6851307692076067	0.11232826438717618	-0.25738037344458303	-0.21749640215485821	-0.060507334670542486	0.23853008375329185	0.33090819977992497	-0.41620497183509264	-0.010157820110559549	-0.17194634310294885	0.1034428079321102	-0.10877021840551476	-0.24498611417698524	-0.19021151906920733	-0.17933689052879187	-0.09674406471589184	0.014195483642317973	-0.15345405708859286	-0.3267140451182541	0.723102379540665	0.12784718521415014	-0.26684814272186747	-0.1968023820305046	0.41648667539173007	0.19051512994096964	-0.1489908942705571	0.1541848672186365	-0.29030077306959623	0.20799709048824847	0.16464531957317963	-0.10001439957824866	-0.33128287693272884	-0.1046668998432095	0.384199381572545	0.4315266728015276	-0.45095437587393034	-0.41995902325875356	-0.08186193434930839	-0.5432482766814128	-0.09465203653645683	-0.8494135151076064	1.1935471632234698	-0.08918431929473744	-0.2779060829416662	0.22108752023414457	0.536834617681751	-0.8041777707832228	-0.12542146290419923	0.8626823341855383	-0.4236506055493189	-1.1050574989890194	0.3997465140509535	-1.4838188925457685	-1.3974340581495934	-0.09097226425592098	-0.870352510335225	-0.22692845545322987	-0.6967294084777381	-0.09168205435255165	0.6056534677631189	0.028860774014895986	-0.03685177079510168	0.5783581541450916	0.5076090162349033
DTXSID2032005	6.701217243120009	5.158631419450376	4.099294831114783	1.0033602944607132	0.8538395951790061	-1.8993853563599539	-1.6575605019984856	-2.363090913976435	-0.08044080223878126	1.3719572803363846	-3.407069445746195	-0.7904642637905612	5.01843997542726	-0.370408552149025	-0.41225741569964774	-0.3587231778221953	-0.7030511892707548	-0.2914114525346932	-1.2071513417169777	-0.5001407813088083	-0.28298904580135176	0.018273244961070783	3.2256594551384827	-0.017891712025225923	0.05987597739994329	-1.0085856165759937	1.186756040211103	-0.447021407774098	-0.47295994334566394	0.5059251407651655	-0.02578220357333046	1.5434352055030716	2.24271418392459	0.1558121181780373	-3.3998829545115257	-1.0910468093357966	-0.2738273503468975	-3.319115976318411	-1.6790155475699133	-1.5183709034441113	1.2399066855673861	-0.039553810472537344	0.337490928565868	1.9377163465709246	1.1385463360671446	-1.6417533353715474	-0.6559677502408063	-0.9425697987573258	-0.2683220080905126	0.8172256052993866	-0.1192398716625647	-1.9437977688838957	0.7080076063454158	0.678665198452339	-0.08995215564006209	1.5488538313108382	0.6233400799080749	-0.14558768013782378	0.007801741377849615	1.135825749798838	-1.326709774406463	1.0981968053913402	-0.2021194385527849	2.8000713221408686	-2.284088548209379	-1.1595625265218565	1.4966076308748688	-1.6591672299690094	0.6839929580775027	-0.8574796705497146	-1.7057186766934092	-0.41104491568791257	-0.3403606226887411	1.5745335271507868	2.9039562667307397	-1.464145668283999	-0.19427205973405218	-0.39918095070715787	0.17337659757865517	-0.4998253244227555	0.7963939426742864	0.18731953672728724	0.45489055857360594	-0.027393824059826197	-0.17005453034655285	0.328501807107144	0.18989152479611876	-0.426344478337328	-0.3425713956583346	-0.3686439013466585	0.35583890119872336	-0.5458580457281028	0.24065245726664078	-0.3521831158450567	-0.20483513523924357	-0.10283378821582806	0.2584631852963847	0.22022065553266879	-0.14567881426587567	-0.4005666901884711
DTXSID0022010	1.9627010123888855	-0.2260080207388338	6.484991041079913	-5.55235619221697	-1.9022247656326912	-4.514615397138276	0.8358156664587615	-1.0037591104194832	0.942516665326851	1.516192635616837	1.0188793015045576	0.9382516464761829	2.698428365690191	-2.493305983267264	-3.453306563304448	-0.7780281748180851	-0.15581026472908205	-1.0149577356315973	-0.31788670647282735	0.6130999200534117	-0.47602275037072594	0.4718204143767464	0.22041994567643952	0.46798953057015147	-1.473343354007789	0.34790133793958333	1.5092120814642023	0.4862168892474268	0.6924209294419906	0.9521725391210515	1.6046624273646286	-1.0767513913144144	-0.04940524104352859	-0.8130308952595656	-0.26641607677593176	0.2384212403938701	-0.3866538639157419	-0.2814194741086893	0.06668273678127809	0.35286974552582323	0.43280494557408733	0.21681187767799626	0.1052092703542248	0.575459450410922	0.44542566276329487	-0.296281613940353	0.44373911969155366	-0.34220133579900125	0.0228213460564547	-0.25964721905117394	0.0860638177239053	-0.32849442327132167	-0.0004242236181342553	0.36075086208736595	-0.11689524094521764	0.08136409298870827	-0.011779082382816457	-0.17280351010228676	0.13366367553783454	0.012528061861731355	0.06264660378194159	-0.3970266302223208	-0.6829078189116327	0.496861082168221	-0.15884875230211024	0.6813751402983874	0.2701791442349112	0.21961750974742125	-0.3319500415113372	-0.35630951276074785	0.3375144390230117	0.04872278764999445	-0.1545696898216625	0.16190214810665546	1.0900989899245033	-0.004500851986583816	0.007115784646485869	0.07575678069692685	-0.007691795748691118	0.33965380694020103	0.5283930128616867	0.5552070639578544	-0.1357011064311993	-0.25294480052845003	0.030624300555403407	-0.06086516731892365	0.12232751094198067	-0.498184001187008	0.07518370404687195	0.2720563075956927	0.46111157844542533	-0.06390063155708509	-0.4751655550154757	-0.23697069370308793	0.3386324422154193	0.23521244423797233	-0.13769815188077922	0.11089144320557948	0.09598925217652313	0.13885669673955398
DTXSID1046003	8.089404310198796	3.012081529067671	-1.649086369039966	0.6284255746903143	0.8722636602823468	-2.0110968037268906	-1.6988228488097248	-0.11299053433140537	-2.538359507773674	-0.9328408319907872	5.974592075777452	-0.560529363740701	3.2388290193981515	1.9152094445408707	4.800476293103518	1.230525995443893	4.954625183186241	-1.2488726576142588	1.3103086732467273	0.9739319343249887	-1.065394009090105	-1.0689975493113137	-1.2656470475970396	0.32959078208651915	0.28867930144716303	1.5968236829565652	-1.167484436499386	-0.8598432582863229	-1.7194606290391206	0.6764403987984308	-0.8142884973813045	1.2547763953448265	-0.044947017254828726	0.3317034626025244	-0.029111122122845647	-1.642300132475301	0.07967637438454092	0.6065376049903541	0.7145503035462043	0.8055291413831305	0.08995854009080295	-0.3705655331146665	-1.381633159276383	0.1707800686616465	0.5380017100283538	-1.3880034473608847	-0.05478456611319047	-0.35663236487867855	0.08161688837613484	-0.23952554019949973	0.00922098269885177	-0.342932116461482	0.049788544480765036	-0.795715127088695	-0.14972553754068824	-0.4085028735250828	0.6489363554039957	-0.8725147169221661	0.928095421105967	0.21034825918041672	0.29814818618026767	-1.243700560284304	-1.74952634628037	1.0085882377805788	0.22358773938867038	-1.508108131121116	0.21195885678430373	0.4491695252448738	-0.2917175082153138	-0.5335672590333245	-0.30484975898279126	-0.7781126255951955	-1.0147809481095371	-0.6428626092005245	-0.959522700322012	0.3946283527458783	1.1858092414303127	-0.17375014729690763	-0.212968152381816	-0.3822201980548688	-1.1317229430275042	0.09056893909564633	-0.8330729495853995	0.1598054275829139	0.5748651456873632	-0.12163305990066199	-0.3735287120951778	-0.12278841932474649	0.9112449877311318	-0.25650628182187224	-1.1583674524994467	-0.6036735267469652	-1.3505794171325411	0.5806997610021916	1.0489539588564867	1.032515105717927	-0.5844710203622117	-0.9673529380281651	0.8565495021304247	0.6887910269348732
DTXSID20874028	2.279690745027502	-2.327301186991302	-4.792094862951294	-9.895680622555652	3.701173341612215	8.784117326988357	-0.6014151103265982	-3.854757624716439	5.913609984722537	-0.6912323204349083	5.976755894306636	-1.5521462240658541	4.510268610708759	5.311747698944997	1.5809712404332203	1.0483777990060643	-1.7851371737320887	0.40839533422826724	2.486708806523222	-0.7777386003008978	-1.962189228498489	1.2514130728145567	1.079053356037751	-0.3063371327743344	0.39578899092538783	0.36400733598268264	-0.5105007262957241	-0.9470060387195561	0.1419270738919052	0.0438545188286426	0.03489445873107694	-0.8836107207417061	-0.42808980567017413	0.69387165544412	-0.1288612670020935	0.17743236146137703	0.43582002756932836	0.376220039557646	0.4857374108898698	0.6810253890455281	0.22035810924166205	0.2737904030805903	-0.9770270659308341	0.11836598621312427	-0.35572006295235253	0.5344870193035421	-0.18949087643593548	-0.3870995674834849	-0.2101997718689666	0.14789471430101364	0.06580375129198075	0.024136460265720222	-0.29051582015135347	-4.925118464723321e-06	0.3870911283790103	-0.03418798007203899	0.5558457940593156	0.28292519398598515	-0.9979387995958754	0.415973612347978	-0.07260080136717117	0.3829909409342413	-0.36491816594421783	-0.4184838259767697	-0.08361266872581807	-0.43343012550828686	-0.3412462398781472	-0.17329651351201583	0.15143581083262173	-0.570585333602153	-0.5590428351938322	0.050172647535762754	-0.25490121573011715	0.3535432468310066	0.07337984065871311	0.12788886099993638	0.3911097385934443	0.5198590340608246	0.4015681241065215	-0.5048923173666705	-0.055968006545198824	0.10765451098911437	-0.20252443056718733	0.5286968908521612	-0.3266133696785692	0.34857918765450724	-0.17522907080071742	-0.34422518877464625	0.3697178120011911	-0.5714140515814099	0.7980481033336633	-0.02415463160715381	0.08483307393154463	0.41795742377501405	-0.2142523512597962	-0.1494893921296854	-0.05962387424124038	-0.1329815886667477	0.11481393377238891	0.023010337986632177
DTXSID7045578	8.644427452246372	-0.5054504876225282	0.23598355584095426	5.923905487433301	0.6613481256330843	-0.6551800457672401	3.7574539658953436	-0.7403007373898617	-0.7183290375648453	-0.20410007325121046	4.019595739290619	-1.8686290549661377	1.5863728169777442	-2.4441122456271396	2.8458918619846294	0.1747044983673071	-3.0333851644990846	1.0583350075643878	3.887896812034775	0.3649710106243289	3.606375562186699	1.239127478621877	0.6488630225191538	1.021016854698508	-0.4153478009710026	1.5813565800558127	-2.058130036525982	-0.22930934096990868	-0.8889449160234876	0.267963977802584	-0.05621863261214339	-0.46291371340577586	-1.215589334646483	-0.3554064385066509	-0.16104911791615328	0.2687117571331539	1.1890291928551247	0.19610907422625454	1.1358961902440825	0.20037149692557513	0.17261570608957721	0.05393614698230701	-0.45868196539994033	1.228997699173253	-0.05936312493299293	-0.6834608908945092	0.7622853672464985	-0.334100610272734	0.34951616936835855	0.13077456551226943	0.23413960269333242	0.1470291917405249	-0.3699841647024301	-0.1102742122551303	0.13492258377673844	-1.7553632092626206	0.7174403983966263	-0.9922074967227339	0.13761002547966922	1.1338810119185425	-0.41214452586136263	0.8040780495407827	-0.35220640308769885	-1.0708814307438865	-0.37787634440846235	-1.041405434694042	0.6498413115229801	1.1744714420375506	-0.2050603331185665	-0.05171773502981021	0.39786550546727584	1.6196411267009285	-0.5094771271567183	-2.449118511520401	0.18501087348561554	-0.48299646805873686	0.7239814702031852	-0.8278122599704444	-0.9519624655279861	-0.08592357448339324	0.6887719911257318	-0.7766235927909065	-1.1800171901152061	0.9755699626612567	0.32430290968918796	-2.816432802693925	-0.668180189144908	-0.8070785600917861	1.0717474891773393	-0.6702397484328233	0.9508703514340545	-0.01454346778889563	0.8759114238125459	0.20943576668738853	-0.28521816097891317	-1.2768268428368652	-0.8276463283737022	0.49649795281024467	0.5695946623971678	-0.298905178313424
DTXSID9020247	-1.5958629720656177	3.0968145066203605	-1.0880060819223039	2.205500795713437	0.3500020884436337	-0.5055675227009501	-1.5492702151015578	0.3515048133241767	1.5987296992383435	-1.1940142582550077	-0.3366691967626513	-0.9889879913510647	0.17489217126610296	0.13874715707272356	0.1938752721989472	0.7560100935859152	0.2106835518038792	0.28504325394722313	0.3726278003560818	-0.721022703492084	0.09947672492409769	-0.5659990744184368	-0.14523267699261874	0.7723899233965226	-0.528449819453277	0.17095679869335315	0.562507719603265	0.6151248518496574	0.12380312015250407	0.10380942783013665	-0.028213981536845626	-0.7558348591658444	-0.43750233446787384	-0.31807856087023073	0.23523855977535438	-0.7357709945475615	0.17826810152711484	0.13609510105751416	0.5852672807800247	-0.15955688797645107	-0.12954441971298933	0.3769264121004379	-0.24938229057827763	0.1371792331316644	-0.1642884239831691	0.46281083583289667	0.05350800301813978	-0.09574974855664736	0.20165244045551553	0.20306525269724374	0.2457408581899881	0.3528398378163681	0.050327239424693616	0.1413645149358256	0.3272408451334752	-0.6649071687912643	0.18997817364286698	0.0282316713158796	0.17498155103366386	0.06650936901499357	0.20129431202573253	0.013923302190215424	-0.7349114179383772	-0.2040947255375312	0.07789723337903098	0.1468010918203188	0.16089017325285646	-0.2994033473267752	-0.21921535467288333	0.603986896176243	1.0120790124352363	-0.9161734821168658	0.11559524331215719	0.5348127303598618	-0.17205260668430655	0.3459019077484014	-0.6894619544920495	0.42132339858442863	0.13275090260395708	-0.6866320729069556	0.2958945321139225	0.44334381626225344	0.0992755701983839	-0.30945130200560134	-0.6340547651738886	-0.060507105710056755	0.35768864985529525	-0.34158912038917155	-0.36226738750463205	-0.2619491396514121	0.47170681397892644	-0.2852284938688806	0.04464216622551285	0.5809262138179291	-0.09353987368638976	0.43378166675234436	-0.2455447873828048	0.22106137632557582	0.7753916098258662	-0.9608585851542838
DTXSID9045550	8.435156074745898	-4.1131954193513725	-6.682349142917842	3.288241019211061	-4.0000250286302705	-0.2756305663638245	-5.816104046782033	-5.019688045640019	-3.072135624496015	-3.10768288038819	-7.789925103643758	-0.43266498929354186	8.194754822410527	1.731293560220933	-0.23964463300333244	-1.1132692438261025	-3.020757462734217	-0.718003941974248	-0.9997557866480038	0.7163184218502646	0.7786464224063112	1.2922449001448164	0.020121668851617786	-0.46323117441993983	0.16721622030371092	0.18702264676462302	0.8586122804345141	1.3214112249206298	-0.9516026032818108	0.11162912399802345	-1.3353217934543937	-0.8681570531394402	1.0076130704516295	0.5789068220514381	-0.37217720932723763	-1.461430201449034	-1.4245729704323422	-0.07139604697949692	0.9246601367348877	-0.6792199372640163	-0.12568197364750688	0.9992619952306694	0.2693376315449615	0.7659894320959239	0.013510265156424528	-0.2745397534404562	0.15622342588000074	-0.7942551263648148	-0.5070230399835749	-0.12695255370789404	0.44134648315521535	-0.16396771232464677	0.4796070638675752	0.5158203517128179	0.22972841811849384	-0.4202415055107151	1.0231232263160375	0.1024734703558543	0.706765640574584	0.08423384351660984	0.2858043027532406	1.0578794966027263	-0.7320422597362988	-0.5852870925606127	0.3502300087853632	0.17450135011954165	0.8266419054267928	0.01993214332551609	1.4918071478226589	0.03749212598255169	-0.801651529116965	-0.7873585826257188	0.6092275720060149	-0.2676816708169266	-1.1727774203296728	-0.585468140307225	-0.18822997939933145	-0.40226222611070883	-0.371057616781143	-0.10042783794738862	1.1327881310321608	-0.5101174950928532	0.4013139612640413	-0.10844438823723938	-0.5831234172010419	0.23981434956818146	1.1722688841540747	0.2695512979992712	0.06925777241482482	-0.2505023161957966	-0.7124503623639512	0.08869910211553804	-0.014406154293982135	-0.6169003329771887	-0.21306389285111899	0.6061215279175988	-1.5753412020415134	0.23873999955155845	0.7581682531931916	-0.08363360835166175
DTXSID3022035	-0.912228920190205	-4.037070094939779	4.679574352054555	2.4597736994922506	-1.2724363002503205	2.2219448081377324	0.48601596421314264	-1.3455317207096917	0.8927504420592495	1.4080450763889651	-0.03691967497607864	-0.45430350633138167	0.24164284019342422	-1.4782229817616728	0.6663046467040751	-0.44874131857978017	0.44450447252346165	0.15729236135809102	0.824753513588641	-0.3646823546263903	-0.21601314476241035	0.2811003173239334	-1.1231358549324775	-0.021868141589530658	-0.0711045872230168	-0.379002035643551	-0.34601026495985754	0.4459352898348259	0.3913239324718247	-0.16119271635191143	0.07473387491873218	-0.08121057263371742	-0.06664362850979133	-0.5096030181661653	0.016170816999386543	0.7584782973687478	-0.7619879584680974	-0.24452187025716798	-0.1034282221076139	0.6982828434546355	-0.005581726497874468	0.3416928596852007	-0.7897606879463925	-0.020522119534560755	-0.20144627737665202	-0.0067142601320613615	-0.08174176324622459	-0.11191588731927576	0.4618509855945115	-0.07888462798469044	0.01221570518398451	-0.490391641905872	-0.0028425790939218647	-0.024839806237996982	-0.07032141851574243	-0.05932242328794186	-0.7024583628632286	0.3159462041415434	0.011406459950064835	-0.3221348923212935	-0.396737650359888	-0.2785484137282675	0.6277655620368569	-0.7997718823921577	-0.09981210345214947	-1.0229542435274581	-0.4845071403501554	-1.1011628329734697	0.04878408506092386	0.021127620852936554	0.4025409171822678	-0.13810081238306315	-0.5059555364270109	0.3763459698704071	-0.49942850645090053	0.4347271900578418	-0.23884226138196937	0.25929905541194836	-0.17190967463639653	-0.22537897439837426	-0.1511104221330269	0.5452991679399667	0.2839146775190262	0.21264290799406096	0.6238223533678023	0.029051993114056235	0.5483337860970998	-0.26091439754740303	-0.9914142538010903	-0.32123461732559433	-0.6973381666748003	-0.346368863044155	1.606688454526525	0.5197996420137247	0.506756483219064	-0.17317106097024915	0.0413823284424129	-0.3424050279865394	-1.044086916402996	0.35435041278030227
DTXSID8031497	-4.7220361788021545	-3.134014184338642	-0.3082183654429439	-1.861095161828513	0.35169816888902883	0.6395986832962407	-0.3369493006434143	-0.9486528659537806	0.4941221338187524	0.12882853532135682	-0.9335330791195985	0.5469124997439234	-0.6530183804513877	-0.16125299183914255	0.21721204548417905	0.0527903188762219	0.4891225255692857	0.9349502382218698	-0.05912400016226591	-0.6203080587389949	1.098980024731787	-0.325355905696069	-0.39492381035562785	-0.5788265127794798	1.0114130494970965	0.24568107238752343	-0.7265528743389649	0.33695342255063815	-0.057299058521488436	-0.1772159193813246	1.443584794318191	0.2843560079434641	0.32379867078397184	0.11017836437191283	0.2955943213426443	0.03752277964888446	0.14821500623838849	-0.01751812035042228	-0.21441110077343625	0.5214297306791505	-0.08094280927153417	-0.2579163816739389	-0.27234441774840606	-0.4017117847832546	-0.12393149647980761	-0.15432193831647556	-0.18574197242456583	-0.5372209409777163	0.09407925812112887	-0.18742954479252216	-0.08833398898306925	-0.44989074023628295	-0.09903147322293551	-0.2919891795752745	-0.0944557849512069	0.0639104972295736	-0.0051497420962591705	0.12227698811677473	0.03924801090147061	0.1219072397064184	0.03167230238747922	0.25022857637419393	0.471404980910239	0.3320391359025269	-0.1260430291924962	-0.01249507793518065	-0.17523373335925066	-0.37533208401010854	-0.24678311401833009	-0.3364536553842466	0.44631701327026935	0.08033683044800713	-0.21101949422261793	-0.6117401594962124	0.18511085625715867	-0.9095861028271269	0.34400973383529465	0.8431080062457359	0.39627375481112653	0.00769226848904642	-1.4346354580064589	-0.6547618887930688	-0.1270940777750248	-0.11554809844804609	0.5252045227715091	-0.1762280645542651	0.16626147496957755	-0.008590206124906918	0.3684118734331476	0.22009887923165586	-0.5551838561771258	-1.0607413904206364	0.4183642865888897	-0.6257135820687235	-0.23849820658768642	0.5411145397406624	0.12950590544274607	0.5879148221860472	-0.6889034850015581	-0.3563415569099333
DTXSID5047956	2.1100093944686957	3.8374932738704506	-4.294968973090444	3.1326511530074304	-3.265427440478872	1.2715425384967307	-9.038507545777282	-9.02704672756945	-5.671823634116878	-2.7568646393717677	-13.944485444592361	-1.2812981743146001	16.388199240599757	-0.10250899622173083	0.5426180464465721	-1.6315652121465343	-6.9893298114434845	-1.059042111907307	-2.8454705514626313	3.3346362662362408	1.3725932799520044	3.7774901119769013	1.0578129991033127	-2.631186194463784	2.7875146284870276	1.9891128619667093	1.306458996630179	0.7811976597259879	-1.375850464372036	-0.6010515170732086	-1.4125846044728294	0.5063890196308747	-0.42634806822942434	1.1869149993177588	-0.8674313990534323	-1.6149091545591638	-3.277527119192569	0.23165185425678766	-0.34874089138643977	-0.5701728229393896	0.31689876597045846	0.8414429542019386	0.36218486325699345	0.31377376496817005	1.1309842314739986	-0.5117428645406317	0.2686183879003011	-0.5640781026799475	-0.7460603133041221	0.5586898100713293	0.25831657295793753	-0.7851609915311988	1.215852690491102	0.7352651978508721	-0.10008846304991377	0.1940759721594701	1.1103907526376517	0.3460046184084242	0.09312851741868158	-0.3744057755381554	0.5535230342034665	0.5262221458483782	-0.8034967875188164	1.4484477530437985	0.8997969129341601	-0.7987651626462164	0.5462202731147029	-0.6964940276152352	1.7168035894934743	-0.4222345742197492	-1.6966768281741464	-0.9192032458311251	1.1742382357719372	-0.27000440467157205	-0.7082553297960663	0.6255416011279497	0.24058014609430708	-0.008504635578447396	-1.0071946305539552	0.8425053064937632	1.126782620723674	-0.7423386615710621	0.4783347120243284	0.5470699539549174	0.019017234736567742	0.8721092939203486	0.7332183711176762	-0.011734995573446533	0.26303039159980984	-0.8055392837172102	-1.326223820921834	-0.9249027021028444	0.06920252811608615	-0.6890691268849897	0.6064265156190821	0.030918014010864327	-1.5479071872252843	-0.9960566150848333	-0.12951207155922645	0.2737162732863991
DTXSID7024904	8.922301746347383	6.646852488217767	-1.6807270149087454	3.8357194829633863	-4.0504710734927585	3.2168445400701438	-5.412425916812807	-2.9760368766711163	-3.506819874315559	-3.9328449625129833	-8.437011351334185	-0.6545561082638309	7.6235910355321765	1.0059005329189608	0.4738847727157773	-1.9009529832972427	-2.926889616979629	-1.7342108765829523	1.4776797862597628	1.8959460646636523	1.3547523196270257	2.012729414141081	-0.462493561228506	-0.37568128017211505	2.6621392887915705	-1.3605759501513628	-0.4390608926926797	0.7594006259408719	-0.6083399903037605	1.0640488732855113	0.21866967560056919	-0.30150099018778487	-0.22263897039677666	0.7969776210016618	-0.39837513551332476	-1.1320000319887815	-0.6789313829295951	-0.2716434921426439	1.0070499311271635	0.775384768556417	-1.4005802226757136	1.1456014882268746	-0.03366699881989639	1.8434142763458106	-1.4672364680780852	0.5771459389201552	-0.7708395933850904	0.9447806852856752	-0.9486788854496213	0.2660676592561315	0.0363640385077031	0.8124276124034684	0.4349974150048642	2.3886420867467986	0.641752200712338	2.205461119449982	2.5191568945239515	1.143014376891197	-2.373776781855896	-0.6410383417446258	-1.9351605073157963	-1.2964699267885833	-0.18647257194852834	4.113575282238544	0.028951800708915957	1.5498366736060452	1.5383548673714125	0.19268637755964352	-1.3158483483911243	2.650229477018013	-0.0508651911362222	-0.6508802130528006	1.894274491937599	-1.1658425735914488	-0.5081095247550023	1.1957080120946764	-2.6330823755864263	1.4252602139531538	-1.7237530899038551	1.6785928801816161	0.4355375482073695	-0.16796408871305404	-0.29280689335679577	-0.0878639590834712	0.624859251794086	0.8666403996437493	0.9386549306089709	0.9233520162294343	0.665732480712088	0.24768084189511033	0.4921762379310613	0.5012858701208973	-1.2026980204850437	-1.664395821775768	0.5023222437520873	0.7983509226498754	-0.8158644752284555	0.5961771950271497	2.1681925622763094	0.6168492021597415
DTXSID2033447	-6.263012908003981	-2.7620260202862923	1.3079940209705154	-0.875961089865374	-1.2663992669219604	-0.5203374512470523	0.06741029675415236	-0.08629935776689542	0.7345476627110241	0.23990473683144595	0.011404405877679276	-0.17120056786906798	0.00214988115787307	-0.037793751980606236	0.9165690613960505	1.0157723542663235	-1.3033591654866867	0.4789213107910455	-0.23303955899629725	-0.028217011641617402	-0.32488033547969564	0.08707697392610578	-1.3336144073174927	-1.025256718184818	0.4608039942699627	-0.7671131938438321	-0.29271489262577954	0.27702503686717755	0.13989580068630406	-0.014420341825871786	0.30656054379752207	0.363251042194952	0.5891871101320788	0.05062699946848712	-0.44783443694788044	0.00394654372336448	-0.32167954149667505	-0.542859579645281	-0.06189282457716843	-0.2739811738469067	0.01716229144213153	-0.1834445684549355	-0.5760053746366992	-0.35515875488316623	0.05904246305139498	0.4007584879493555	-0.11053542835277334	0.28561132022816293	0.11595108068714623	-0.08489438228360123	-0.16930348458380054	-0.23986311319456002	-0.0311494130870956	0.05487775543028423	0.37420655306443323	-0.020514240267892628	-0.12342886947455996	0.4120039681913118	-0.15466467166834136	0.3690824458655724	-0.2639578048131095	0.052044757592535275	0.08302342948166631	0.33115600876063106	-0.3264996252457317	-0.2638075197297183	-0.07011548433129698	-0.12646006149723193	-0.4365767342481222	0.2467670003233741	0.24705435491936437	0.3502190935468497	0.10855484558858437	-0.14632977203257772	-0.39249459547967835	0.3331776490186634	-0.31440187420540205	0.28567659551060176	0.08157320777917404	-0.16587839990295195	-0.04441788149673235	-0.5009667497379532	-0.20298912859052734	-0.5382370773089363	-0.06953680156671367	-0.16817357900030938	-0.15699915872475978	-0.572527136740915	0.15421031444924344	-0.47601712977166033	-0.5187829044946897	0.24704823352109742	-0.4912516057428423	-0.38074772277918656	0.32824551810249053	-0.15641469485420934	0.3014853180508003	-0.1902879811046726	-0.01526431397710661	0.15620631306686975
DTXSID1041639	-1.6242332759434572	-0.5337209441449967	-1.1313147464115458	-1.4956123641435872	0.14132897953563875	0.8543439308160333	-0.9636378510486723	-2.5678451612302	-0.5716904868548839	-0.09255588600378774	-1.6848968160907534	-1.458189444947416	-2.57449411464938	-1.6998298854950875	0.8309450829445474	0.06798737830175475	1.4269744880886719	-0.22987633844825617	0.1354936454242936	-0.6552336881753438	-0.023534767933404692	-1.0940778435798566	0.6104186395551197	0.12949845514115638	0.015602105205760436	-0.8216766034502846	0.007716807455418131	-1.2022742729962483	0.21838474653008969	0.32942611803231997	-0.40676535543905284	-0.05497398081632679	0.7449505763931187	-0.07832088059637493	0.979603538892084	0.9688425333094365	0.031470409117148865	0.554153183211817	0.017210322492223987	0.5654367246933388	-0.3610972646759426	-0.5535762087716635	0.10869924748317303	0.15813074285642628	-0.6268559085494438	0.4794386848933024	0.2992257799079937	-0.033939691306597505	0.0767905313210626	0.2605156116828674	-0.011743529555125068	0.003611494328576472	0.2573328164372944	-0.2851556096102646	0.20679584664594158	0.6178626930713688	-0.3999683856693485	-0.19939380834098608	-0.2634286227863114	-0.38261257304466284	0.2002968822636669	0.16110029910748844	0.4897046945578815	0.2244394039145167	0.11196123117775815	-0.9445278803572414	-0.18261721930461947	1.007600281335356	-0.48205896211162724	-0.19419697335950606	0.49189865960076157	-0.1041884295732	-0.8529315703345018	0.11312791660950214	0.6501731857118058	-0.4496235236888809	0.4187118247107701	-0.7411783229841663	0.5495587147894255	0.09299639996350083	0.15996311423597964	1.010434158785027	-0.38035653263088137	-0.545146884757381	0.760359027596018	-0.34178960176050643	-0.2278223899605616	0.10390929019879203	0.495751729056655	0.431234212055781	-0.27343013125930604	0.09213408007327138	-0.3163614674272127	0.34556294278600214	0.49332980408288907	-0.18344556641011853	0.3961126366083851	0.26770991088127094	0.22787731232248123	-0.2125363110830676
DTXSID3049203	-5.9297387073379	-2.179929877744694	2.1993130275337553	-1.974391154139393	-1.1445308130324734	0.4109333920785445	0.4049700238137993	0.19863265874440486	0.42221212994763263	0.1347330836534944	-0.04819821823265087	0.07115505162652135	0.6491626600199968	-0.9771618371304063	-0.4253346839541808	-0.2577534791807232	-0.07884833116266478	-0.3012073100459111	-0.18252837358223298	-0.15978236619742753	0.08675373817124078	-0.05926116713992335	0.6347778360493277	-0.07006410774965477	-0.33820196010428	-0.07888260659055114	0.42468944347960597	0.40141292757574526	-0.019660429093772358	0.35495966411268554	0.5589544624913734	-0.11977137648354418	0.4788190606484916	-0.3951758494051891	-0.12120146748918378	-0.12372560307752282	-0.2092423236881942	-0.05687022911649799	0.2059906930305022	0.1718235511615555	-0.05768488651681573	0.24324750395872807	-0.38940054953267805	0.04195444178826218	-0.2625291618672383	0.048473562193336026	0.2693995867450598	-0.1300750541708133	0.09916143095453984	-0.05809484160908295	0.13500384620111533	0.029419000341842257	0.06262346927072443	0.14607392539544567	0.13872253360344905	-0.053402430419832794	0.3071578881946752	0.12392444288503619	-0.13908807610058924	0.004606711338631503	0.17149608046395448	-0.13316600699582656	-0.1361475444666884	-0.2507921299047689	-0.07623163719616119	0.32491497198343394	0.10766977889063419	0.04978782055873433	-0.3191622800001852	0.5440767938848082	0.07417967624770963	0.313987379618924	-0.04102723015564045	-0.22419162212193516	-0.44947358862365355	0.0455920212846822	-0.4314385928439864	0.23919544458255668	-0.07156869321896431	-0.17314943323783838	0.08616388749846142	-0.5155238861598236	-0.22622883888767736	-0.46065573514237546	0.057866539762660936	0.14549638238248183	-0.19706431391270227	-0.46134682590870646	-0.10038438928016163	-0.06365850017337071	-0.30127793368457745	0.11446756176742551	0.37051006086929617	-0.04989772699107414	0.36204225236845944	0.021619183880667484	0.20062267207671075	0.3128896462141611	0.017267466484398006	-0.1148000210734673
DTXSID0041436	-6.195911505024477	-3.405748336201939	1.1147845470816633	-0.5111341215252917	-1.0821560360502718	-0.062418003539255036	-0.6601702250539605	-0.6391777041048513	0.4944851851967987	0.2540326203931624	-0.28755894766526213	-0.19655859224309633	0.37123467170719887	-0.0921458631261015	-0.06590867167186547	0.3664745526141131	0.20886644764082124	0.6359858918412864	-0.26538293467007734	-0.3371492786823801	0.28043367270679886	-0.39572540723195854	-0.35641619690253507	-0.32822939467765605	-0.01833762115279678	-0.31522553595808145	-0.48634405516492524	-0.23323602882837297	0.23363540835991722	-0.1020381033333077	0.20605124163061478	-0.09179338261062123	0.03674124908800261	-0.13808127804496992	-0.17462475674281344	0.5637837482447894	0.23334075645993774	0.11454194082776183	-0.3442804902634223	0.1435293504458627	0.048800035403951676	-0.2783562441983551	-0.3044191240963949	-0.2532576077013367	-0.05217781794844083	0.22264497935492633	-0.10234454575180127	-0.19619821220882033	0.1131395572558918	-0.0625266101502654	-0.07582856152402882	-0.237581822007377	-0.0928826745444218	-0.058822158442368745	-0.06749262024424145	0.011452656234075445	-0.006218930000732652	0.0967666807190571	-0.023428062305925264	0.23579489987989044	-0.1308917144973743	-0.04223094863906597	0.486125335502258	0.20895135893337766	-0.5398730404130873	0.12796483154334543	-0.1351905735848855	-0.06919343743662806	-0.3190110210989244	0.2137984433376838	0.5807094715153591	0.06094754261545517	0.21455776731338572	0.03277629224852922	0.13990037040299552	-0.4789278861340788	0.1327834402725636	-0.41482033532292306	0.3276430529875613	-0.760618106545698	-0.35055391148022275	-0.5526836032492082	-0.3784786322587012	-0.4957560910520248	0.2960817512437546	0.3326315944886832	0.49115026595389816	-0.3601420209847416	-0.06793204574028758	-0.17211487232259032	-0.21380618527504203	-0.3944835432444278	0.07532488413652423	0.048890534555042914	0.010965994804300407	0.10543266672363871	-0.14332322419608812	-0.35483386218761515	-0.15079223076651838	0.3826003023403066
DTXSID4047591	0.24182064108999235	-0.38222101419558485	5.686377335921598	0.7847612493731994	1.6010290170328012	-0.01983297747352652	0.5700153230394417	-0.7559859426000666	-0.5052809091288538	0.2724508785861652	-0.09167677622111851	-0.08825554449257897	0.13034813851972177	0.3242537929659408	-0.31758513087594303	0.09191287642600021	0.7006712003325297	0.07827228091855219	-0.6766360968711501	-0.6350925746916201	-0.26288811745833496	-0.7109609574609964	2.589707771305824	0.16778156405920416	-0.07547818976015634	-0.1334271070228302	1.1381112816701353	-0.48905522811575375	0.008631187003105	0.004836569600814931	0.38496713661590104	1.173773954285778	1.5648719915284381	0.2806776123042098	-1.8474412609043236	-0.5653721218119748	0.8290325335476649	-1.2387246387394513	-1.2681172274113939	-1.124497785490766	0.7346547745156047	-0.5520878050249333	-0.13283550016500423	0.09717026571722076	0.050580162068249224	-0.68885590109476	-0.2658919896208073	-0.2144967354277011	-0.05649375122673725	0.03133853321325083	-0.1629506228266185	-0.7205575403567809	0.05824082403329933	0.15765409022378002	0.1789503787230582	0.7118639329288379	0.48400900929441293	0.11598511662807238	-0.13252122843623806	0.3429993479982997	-0.7194382213695486	0.39374694398572785	0.32113238357875123	0.7477892381950695	-1.4119741308322096	-0.2544453077592582	0.7442459947166898	-0.8706196441102603	0.21076772822528753	-0.007282702992685355	-0.887379862558087	-0.492064864850372	0.42840961244920084	-0.303371803690993	1.3979580705791907	-0.31420145132054633	-0.08272255868641651	0.09399645384949949	0.3713711562084632	0.23390752730496547	0.7065170504321585	0.11873834982262056	-0.11063803229963791	-0.12151989007353167	-0.45033924643823386	-0.29875061695490984	0.35435610062214146	0.5726341532045509	-0.03289856645061457	-0.2083602576456637	0.3924849625819788	0.4322860663047633	-0.11730131794223271	-0.11456134375640412	-0.28496821648364135	-0.18623785929723025	-0.012748897079002449	0.25534983474056266	-0.19300374587806607	-0.6685248420777535
DTXSID7025768	-3.3720782302195964	0.5132057378492774	-1.7100113907664292	1.7000689940693154	1.5898680930622333	0.5303650231763173	-0.6384582047348804	-2.0207691930697984	-0.6258148380426294	-0.06394322264116897	0.4672201413665334	6.130887928179072	0.336381749720848	0.08208114779521963	1.2662794741152288	2.907237491262601	3.149769989190697	-1.8498956775516215	1.161587075105634	1.5219503428892622	-0.7746074451781653	-1.1127192204147198	-0.6769014908081279	0.4146457405779116	-0.6901047714313808	0.7763366243320554	-0.42348355078152117	-0.5241774611374272	-0.9796032466022162	0.8599789851742795	0.5359946620522013	-0.43652534920156666	-0.12701689084145323	-0.46953733881785387	0.02061879418457585	-0.2839035934233755	-0.6244982554048671	0.9694641739379137	-0.3104854924422245	0.5699300683211477	0.47483476277877806	-0.05062536907103329	-0.9318965931086529	0.2679408328793234	0.5756582758609227	-1.6802139170884507	0.041644498063487606	-0.5932166413308362	0.06736173240326118	-0.27613492265292944	0.18058360249691974	-0.40559930131927197	-0.33736541261508823	-0.139805311310453	-1.406366918372719	0.7705190313798828	0.18008208722241936	0.3992383249323581	0.9805268459479849	0.18393526408666577	0.08780205571168756	-1.1972487510080323	-0.20151768258745828	0.419262215635485	-0.12431313135979952	-0.7784680592693254	-0.18219229925481806	0.4092697544849083	-0.10625852373212569	0.6701122729335418	-1.4503584013794493	0.2921141554869894	-0.5561883935044035	-1.7794967628863094	-0.4186914834366734	-0.8106685008503447	0.6661837296025253	-0.07678042663459225	0.6500045561649481	0.3001725966154752	0.023279425507113337	-0.10597430198717776	-0.13345665190868705	-0.36236799280167786	0.12405479094219682	-0.9430454010767941	-1.37670724707291	0.7587720918711975	-0.5703761569665017	-1.1086065713612274	0.3216832710540879	-0.03425019752915035	0.571562335844109	-0.7095010950794799	0.15906755660657826	0.603416217353106	-0.5244889932797192	-0.30667411928313193	-0.20014146938400115	0.3219723192419199
DTXSID2049264	-0.43223791198634137	-0.14056822049212722	-1.6796383017875167	-3.4792725417755173	0.8817862359874379	2.3352329489163353	4.756548598879543	-3.33290274545337	1.1991317631245102	-1.3633430865739107	-0.5492030514854971	-0.3677279546929703	-0.25144047790363205	-1.0594630562207523	-0.12281080390395377	-0.8661270075585055	0.8852364908484737	0.22059107859703508	-0.4444515167281214	-0.33354211319323457	-1.1252440420299847	-0.6059844394652154	-0.2870916401266524	-0.12431029462452703	0.8963761956607621	-1.3490832928839465	-0.5368057029841621	-1.0376866216146468	0.03053785612414778	0.18171084629157072	-1.103329022449723	1.986920714852529	1.051102773538382	0.18412603410730946	1.737046080548557	0.525728369264926	-0.4715533769562867	0.4311623190266548	0.7403933428361158	-0.5663065607826111	-1.5953376501535008	-1.5167413913500225	0.10571631815688823	-0.656379325747871	-0.07064495225274901	0.32589277066494404	0.6748304036568555	0.6961014803720111	-0.4394748985536543	0.26163716847253526	-0.5237219299449183	0.07605045772851529	-0.6871641035407428	-0.34582515015804494	0.41976379556236154	0.7510940998984903	-1.186782035899988	-0.28550198819579825	-0.5514530388647367	0.7667790920968545	0.04387542291328069	0.17039613024615619	0.9363248611278494	0.6366872416556221	-0.18466712090664836	-0.07949680825863045	0.8063484045026832	-0.6127410042047142	-0.5232332273859738	-0.8283309121568809	-0.3243365276121045	-0.41443374103685743	-0.5774666494457403	-0.9435247761578028	-0.20871305497914305	-0.04477387056439571	-0.4519446388145688	-0.4820490111753692	-0.6386981888139198	0.1396789425210016	-1.1327544232733313	-1.0387644249568468	0.6136500909239998	0.463292841814644	1.0682732557498558	0.9367848575947663	-0.4499135510594812	0.4874648559150248	-1.8280567035927082	1.264538722785705	1.2932071358454906	-0.044084138304882434	0.2587806041833463	0.6216022021262301	-0.5973561907793589	-0.7875607336126803	-0.7347052554137357	0.7361991712695665	0.00119594756885421	-1.518174493763965
DTXSID3044910	-4.5381167476493856	-3.809732922773445	-0.2559089102911107	0.16476344992547223	-2.398006722325134	-0.13331374275046953	-1.5737250674469045	-0.7523571695122787	0.16416407211550077	0.49902834028475085	-0.41172428826278357	-0.024814670987991477	0.7571437841679547	-0.714696130205641	-0.6420776655424699	1.031982224136394	0.4977162277340644	0.5945172027584681	0.16095393312464615	-0.16528687507423012	-0.7104728171777397	-0.3652163229783757	-1.5074724925708392	-0.21198226809620466	-0.45380166700501495	-0.08338343289570044	0.08238091500311083	-0.17130997178109833	0.4919556166980328	-0.6112059132860341	0.2669776188135976	0.22042342273200038	0.22356501549510216	0.1702205127464002	0.5848517120107598	-0.4091658852487563	0.5444830695001077	0.22595422916700653	-0.7893733814121324	-1.4510214080836508	0.8461308208737284	0.007334981849633738	-0.20275184274783511	-0.5381412435355807	0.5254582972566605	0.6178037273214465	0.05337259556721283	-0.07642773466777095	-0.025097158015270994	-0.5075873597964147	-0.20437771630105228	-0.4832048961747868	-0.36774011182366	-0.1297555256229227	-0.2766102611405198	0.14893380905812797	-0.16097747358208273	0.19996232531707886	-0.27520445744844957	0.5088832650688447	-0.9648232192916921	-0.1806328839035856	0.4743708170447843	-0.44061915017046793	-0.9213677132944227	0.07344476101214305	-0.8237607081643921	0.9900540895035411	-0.6601615387280316	0.27306402599083124	0.5507682985637573	-0.3754473290762534	1.1885563658320455	-0.307372565189267	0.1951920742368929	-0.6021959296260984	-1.0916400977596814	-1.15024686971097	-0.30441898568018144	0.7493791197305305	-0.287933628780783	0.3188862624615957	0.21910238090693446	-0.4042843262727203	-0.07980818357573878	0.3901484640629783	0.4347113462456208	-0.11421191761290375	-0.35535952843371943	0.06521977019772221	0.4611397590866166	-0.36794588552083707	-0.42658429161680145	0.23576522473812014	-1.0399097929527839	-0.31230037598384497	0.25738202709732516	0.6756396744536199	-0.5872379786190584	-0.19927696705514195
DTXSID6025642	-2.3695148722203485	-0.49238486810370274	-1.9796280170067142	1.0833970550323204	3.1414183491967513	0.04552901538830257	-1.936866931868235	-1.9664987520081494	-1.5142545125902145	-0.45331196452739403	3.031661490134989	3.8230215191756045	0.8041502898450067	-1.325358248906827	1.9333713151218899	-2.0398226576146854	0.7563937938086117	0.4714436019096354	-0.021782427808922	-0.3191222082335112	0.31932007848539423	-0.2921244479309021	-0.056464865296978584	0.8288254769609422	0.10328246163496714	-0.6259508293751477	-0.2598221568452242	-0.06093074174052276	0.2077292850785389	-0.025514710501441894	-0.46261037231314506	0.20514577857964097	0.33303832639973774	-0.8659243116012894	-0.0931260038679723	1.5961692786676729	-0.4759668158833549	0.5606961974721496	-0.9705199666883069	-0.15458171629694342	0.341047588510169	-0.3009126840671094	1.14385333828754	-0.6115020320003028	-0.5913607654395602	-0.008084660421078402	-0.3085012616749724	0.7608077853960125	-0.22505765396415037	-0.21551446035316946	0.09327550538307844	0.6243350620227643	0.1477442731107412	0.27014435007463067	0.11756328804238075	0.635201476686201	-0.7585051719923009	1.1238123182128867	0.3532516015843825	-0.27756566544509936	1.069903535471667	1.0776449896734952	-0.4806956943565535	-0.33172309489844315	0.3486258619267983	0.17492517782810063	0.4230724121295529	0.17275130015866205	-0.357818500336569	0.47929683479757923	-0.2554598136573116	0.017280125819631408	-0.1435367303733283	-0.04316928537575771	0.3394706913331479	-0.40252062575449477	-0.5722253380899959	-0.023184712329957745	0.5019752442786559	0.4640333990697221	0.2914544741360581	0.5792132484997427	-0.2439796917461763	-1.0361704504830809	0.11926824417427886	-1.005438896314288	-0.950287937500952	0.8269968135052792	-0.8878272045859208	-1.0073220332608752	0.39339766454526887	-0.1879486819849355	0.11214775475489126	-0.7356464129610643	-0.022090409429821052	0.4892583500597504	-0.3153137293737797	-0.08051741671264515	-0.041411355424423466	0.1912622069474366
DTXSID0057702	10.98415172498244	3.5091597301345097	-1.6375284511585175	3.593850647831061	0.7625656848760265	-2.1449248002213537	3.928242185239908	-0.8169180612740683	-2.0588755772973664	-5.162786945161636	0.24280342528346674	0.42993341754764464	-1.5857371111040983	1.4264659867229343	-0.9794699440013862	-0.7212099732998467	-0.20483476351284405	-1.2218959134809717	0.10630502735864752	0.6396814485970579	-2.120418563078426	-0.6127216740380206	0.2588171454426977	-1.1227846696553119	1.479131965258016	-2.5006860425987187	-4.0850087662143535	1.9687101494698005	1.6066785998972914	-2.445383345138113	0.8954566688701462	-0.8633302410703189	-2.042221971385964	-0.5233158677539658	-1.0088922807051122	-1.952626357256731	2.339312048779687	-0.11869741916087798	-1.1660373761745702	1.367695384599091	-0.15833731741576634	-3.845916694057374	1.2482512948673907	-1.0300029860669475	1.662442362999452	-0.0664149867745632	1.489498413315644	-4.246078384882781	-2.927574175037082	4.335154151206166	1.2545470970910004	0.5081637892679611	-0.3031624827468608	5.473547904214628	-2.31234162402088	-2.250245606136692	0.6403776775165794	-0.9464351514102565	1.4096337738282312	-1.1635533743424933	-1.0846207644421062	-0.7875853947457463	1.2687320796574615	-3.1183246681573764	1.1495958275948226	0.14553412346731903	-1.005176715082585	0.0754205484696426	0.26501670149665063	2.5448462077705987	-0.427850870240195	0.05451499293856726	-0.9256303107887431	-0.7182229544349651	2.610321338686564	-0.6677301911635062	-0.24815693334502917	1.5008916296818808	-0.03615105018156188	-2.0534914124355943	-1.4921187464943664	-0.1879649377663334	-1.6116912340559437	0.9073324655714863	0.26949615092212803	-0.8506409189518254	-0.4510999226468774	-0.28712812043685576	0.11451305107216586	-0.43224496480704605	-0.3539461484661043	0.9066995757579345	0.13175708211027498	0.584580088412306	-1.0716848996767498	1.9385119956199848	-0.030441801875390924	0.09325541757864095	-0.041456226473979924	0.4879003851961282
DTXSID3047055	-0.11329180981144989	-2.4715120454399107	4.995566134975808	1.1270430730317527	-1.5864938736029184	0.45894892019768385	1.3147671994018946	-0.5826513002916216	1.3917007514254371	-0.2264411360389544	-0.6992611461764588	-0.06618731005014812	-0.15321305164594357	-0.46992098555495215	1.5155948758926536	-1.8879575067721248	1.4047039001734265	-0.5062683895104056	2.3017441336439126	-0.3634647989652892	0.4417903058434965	0.1821947900506118	0.3237708614042026	0.015788569051155398	1.1316208505303833	-1.3240439126452006	-0.30019013932172733	-0.5640107534154408	0.10484765705300284	0.6755527163182771	0.769973520315867	0.7417686094871432	-0.2194753873296515	0.7444610417551555	-1.0449608303752707	0.764073966918278	-0.26863403909530914	0.30686969347618187	-0.4733105410593421	0.5577553096295664	-0.8463702108889034	1.0387940230338968	-0.5830548644844666	1.5467764961709525	-1.467953601670608	0.48100451646893644	-1.3225901782467204	-0.13694095759271901	-0.7951064693493249	-0.6541677443868398	0.04392089575676978	0.4626516458301301	-0.20491193314012923	2.0771223678254622	-0.15729558833449328	1.8102318655702028	2.362306453803059	1.748868230085613	-2.335201323815296	-0.48754288147237895	-1.3187176502638924	-1.3928954038585484	0.05985235561963065	3.1975499886093086	-1.0854593269215034	2.4920460765207326	0.4930162078041781	0.8200289753085207	0.5878336270309101	2.2937575384494315	-0.5436694278160497	-0.09355084488456494	3.105361280438772	-0.9840802749824382	0.8696549369226575	-0.047973499603438684	-1.4526414480113863	0.6873770932033263	-0.4936281410255884	1.004579538197028	-1.6084703514145795	1.3484134545068602	-0.06958258737459272	1.227208644889095	0.5543790701664516	0.8792637090929469	0.10197398671264996	-0.1195292031200875	0.6971084611342496	-0.02807047333654235	0.6188941898379402	-0.3678668095692454	-1.6161516223371242	-0.6353982786227227	0.254381172566711	0.3077849429469088	-0.3300126182719552	-0.33539608476649424	0.7086026268546858	0.6426750400819281
DTXSID1045166	0.15089727103473427	1.60003028740854	1.1404526181666037	0.7459383483388414	1.2761988032650113	-2.4534875566812007	0.5842607057036062	0.9554209125591175	2.1564601857243524	0.9629332237144477	-0.6028790693984419	-0.10946061709631792	0.18811130636378526	1.1346915660342516	2.4994641301723193	1.0804114953613584	-0.6652304112319797	1.660060502173878	-0.860476520066648	-1.2858808018490615	-0.4800402661180456	-0.4876957202799261	0.7056725268192722	-0.0716987551375883	0.7099340271190019	-0.07741358477518012	0.06490567549876962	-0.8430390226736278	-0.7007867118070459	-0.6422352103985803	-2.6580942673898313	0.07279316596577266	0.8500836425654738	0.5277029448712933	1.3606977901360442	0.6437142161958685	-1.3943177429870495	0.41849277050174694	-0.349850955882145	1.2423844064568976	0.022236363955222115	0.6129691722499924	0.37451827662370696	-1.1266781295143709	0.8339156964986426	0.06591311514780292	-0.2521414465018897	0.04050183140119466	0.44605020788686395	0.11630728001182192	0.09927920021529162	-0.3606858169076088	0.8977383626707155	-0.23465351414265687	-0.3578545752978634	1.1091387324346422	-0.3224432800759049	1.1183430819447573	0.38494422608612033	0.2788000972512179	-0.11842360700909031	-0.7679386316375949	0.36603431835162875	-0.6122091298064014	0.48066567836068935	0.28949562361874565	-0.3220657079156986	-0.05410681784764698	1.0568992955748253	0.9503467998895287	1.215379069515149	2.2428003773160095	-1.9052100578113396	-0.30813968102136846	0.7742616271412328	-1.3122430089866233	-0.09925627130075482	-0.3755055263179725	-0.027073357793945	0.5164763295549362	0.31823749536652335	0.8393008777078067	-0.12314295253219117	0.6097744241886184	0.21129636986403263	0.3707317208108838	0.17766788126145786	0.536130806041839	0.2855197933923716	0.7179496042824086	0.9559182764875785	0.34899176188473985	0.5492941621802333	0.6678447806446494	0.25887357524155474	0.2598520105141854	-0.013308391695831655	-0.08901371833392836	0.18717151164554977	-0.4347235190526447
DTXSID1020069	-0.46553292885366837	4.482788916759206	-0.6843288814323144	1.8155542419939679	-1.336728778843175	-0.17369205992963235	-0.11576115774942734	-2.613464379177357	1.592695789775169	3.528053396388053	0.22589140159692464	-0.4502556271942123	-1.036530810283363	1.8433657469650735	0.9578362374336005	-0.6063635497942801	0.6450895437851821	-0.7142770208825907	0.08976247523342877	-0.8947059856100251	-2.0725966766951336	-0.262165880502265	0.53454611826734	-0.7751982056499718	-0.5403622409670289	0.6648424209246306	-1.5314747908703097	-1.1966256050709219	-0.15228688009988273	-0.26494606606868276	-1.1068722697431694	2.876936822470334	-0.5760380496903144	-0.47813176459212203	0.04613652109902517	2.7363694284735973	0.7220567284915436	-0.9867564995899001	-0.545121162961401	1.3463084684463396	-0.40176834797078564	-0.93182096450939	-0.6172468535590216	-1.2869690321482732	-0.9175625321664894	-0.8598192713229051	0.4664165795556212	-0.11505096893725	0.49838700028291694	-0.5224474200632808	-0.2845587655257229	-0.2367357740136886	-0.8707679477198449	-1.2259967945137835	0.5975182068830953	-1.4829431961264439	-1.4685004575295977	-1.1896812873617613	0.7620144077832154	-0.48174257862087105	1.6160808247090557	-1.147224141109154	-0.6303987094538981	-0.12588707014061198	-0.6512350401668017	3.0263206449102276	-0.0009876769597866523	0.48012333977027216	0.07852135917471202	-0.6445244451508281	0.6826409237451867	1.7607156169744902	0.19380038146997175	2.141119237768946	-0.17712694195999565	-0.4798234140948364	-0.48653347830159116	0.37460775267350765	-1.077323973653821	0.8028764895513957	0.08105668174224805	0.47347342296815426	-0.28824054618152545	0.05318735221755755	-0.8723255346247204	0.10692491775469933	0.4104433740929879	-0.1556653976774406	0.9907648392614978	-0.41097706344384155	-0.033304749408334056	0.43587412409174364	0.42404054196936586	-0.775155974689865	-0.4305479874587537	-0.02766598563624299	-0.5105872472558832	-0.5489643449737528	0.03035907059307652	0.08231095145237155
DTXSID2045868	2.104629323588748	0.7530943935157692	3.4591120418442634	0.9870661133877199	0.07028069424962258	-0.25297931109577615	1.250742452265352	1.051977124979258	1.899450340894073	-0.378634014210579	0.0403021247560825	0.05778258836665955	-0.9721623424666552	-0.11934178485232405	3.127828678918392	0.15118571713880766	-2.8843747322519384	-0.7131080195687031	-1.64875403194277	4.696092973326481	2.455001587309583	-1.0564779701258973	3.273903690105481	0.7129145250848261	-0.16728897632282644	1.4286317545379579	-0.8107423025989632	-1.6799215074460396	-1.3528202635459787	0.0452868186468296	-0.9825519550699915	0.051686036232053596	-0.766420379523193	0.18906925374897454	2.3621994222299	1.5343378028678862	2.179415103594042	0.29411066465262364	-1.1449220654068761	-1.782207964350065	0.9059657305397074	-0.41058554536054015	-0.648291705918934	-0.7800352558097453	-0.05662459741582458	-0.008939657198260884	0.8939607336063526	-0.3479254827604265	-0.3762674799662344	-0.6159886572775448	0.14329216200414388	0.7891405461716029	-0.0551348816477145	-0.27494807558105816	0.6984090803782216	-1.8007574801137665	-0.2410804065389521	0.3586150753448587	0.18062135224461373	0.30659092695383255	-0.268113892116639	1.5514174850231153	-1.6306216262151976	-0.058121677271725056	-0.8170073597482547	0.4985821041145643	1.1284136953402064	1.781322901830684	0.42388024523121554	-0.9545994302344974	1.0915894565753772	-0.44322372169996804	1.1915292150618297	-2.1476502212333073	-0.18739477183796888	0.3884303655954293	-0.2691551495530739	-1.073486232610137	1.0814554272122066	0.9177933799353561	0.7935452387593886	1.3098636220882618	-1.221260620173152	1.134933981804264	-0.03190547194777676	0.6934805209539067	-0.6496992899776136	-0.7552556919095637	-0.3010589650948885	-0.012647073938520183	-1.0371190734501647	0.06993195052198738	0.4135612846197894	-0.09854507799628143	-0.054966938251407624	0.0386525225517508	0.35576725576624224	0.46780551744243054	-0.32819484994455284	-0.9047095809242309
DTXSID7044267	13.449255380237636	3.13748623280518	-2.0716231026804564	-0.3688995742772484	2.7589750431823106	-3.816581942279659	-2.4760633196818898	2.4907629509761926	-2.566607658641874	-2.962865875400589	0.21516837578989037	-0.2759847309744558	0.928239490540094	3.455476275219321	1.2612961363130168	-0.5914010710766844	0.437785821139748	0.2286705101146751	1.5297765509858805	-0.5834761529160489	-0.056681392660999814	-0.6510585882251225	-0.9445150872201782	0.8718158499604146	0.4293192049817252	-0.3021544279017852	1.1566963622414466	0.2433316226804847	-0.6341326196520083	1.3628162270401862	-1.4095508055452957	-0.6978680432074102	2.4666858651408745	1.960616953654308	1.6614742725881264	-0.28677569344103987	1.1913826231176812	-1.8225509495139889	1.0457123066304685	0.26768569776306544	-0.7456000098142715	0.2710392275458915	-0.8635600247162665	1.0056849406004968	-1.7164484873733767	-0.32627744483691	0.06568075550736631	-1.566012505564057	-0.2577433709544193	-0.8347631304639915	0.3086381916977061	-0.29335047185699964	-0.2429178326970633	-0.23742614422852623	1.3687182323444207	-0.7195437370521787	-0.10766906107212415	0.1557506515797942	0.5087452316604978	-0.8148736603358193	-0.14532487526549098	1.4904481984804407	-0.5006753519326659	-1.4483703425933923	-0.138792754363052	0.39556211351008264	-0.4359174047837856	0.9450035176983225	0.9928837282258988	-0.26331406674706304	0.148148184644336	-0.8378648835561519	-0.23034954262753035	-0.14927184544842215	0.17159494351252724	-0.4956993083794541	-0.7192665484741898	0.11944135919192622	0.5450745270444778	-1.4974906305515967	0.8024024596574769	-0.37264991870613745	-0.28166930054370315	0.4581875965668016	0.030748069159043958	-0.16454454233002497	0.9107164501466661	1.1767279076399257	0.0139151040074092	0.12452333961196739	0.1567165120904623	-0.18804387810186673	-0.1558604993699988	-1.6287623230868888	1.3425285253271861	-0.4138991187982812	-0.06011582728092919	-0.2971083450990202	-0.1386046609778252	0.018396934027768375
DTXSID0020284	-1.223747687309664	0.23089875766832532	-4.821485915012414	-0.12298880380546637	-0.8771179954002692	0.7127460432503289	-0.6207893236878999	0.658866184983011	-0.8506991857222788	6.256553150788383	0.0968768482476349	-0.707905570686676	-1.0627653295865018	2.7357757637417914	-2.6370003600998992	-2.4320209884425448	0.09439664051969232	-0.49823758435762655	0.7867084163420711	0.7966909824072341	0.5049988585748741	0.45440116252433027	0.5443488783946361	-0.12456342685782104	-0.016789219958486527	0.03775749779753698	-0.7708249516947144	-1.3600722722724967	-0.5228243164508636	0.18536914699904733	0.8563277498973053	0.8272041558181641	0.15084709889546424	-0.3225133878832568	-0.7103383477027646	-0.4708314734504495	0.6138090242750089	0.5274208655802002	-0.10655266124794999	0.4719136443276453	-0.3757883581485384	0.1663547177542204	0.6714650662775075	-0.06802386507158273	0.18667481167776745	-0.2537169372779177	0.1830512409797988	0.06172856191326309	-0.3654652688666158	0.07300141979508516	-0.23846830710487718	-0.05103458093649749	-0.2725347654337604	-0.1548073172229646	-0.5902952897197383	0.42801945085346166	0.05400714562240457	-0.7520693672245424	-0.6868650942090521	-0.3185868706327169	0.804274422134406	-0.14617145594706188	0.5291224535366827	0.2794423968771887	0.37247738539143704	-0.37219659048301085	0.028988383773849276	-0.35779851334506346	0.03364384843688074	0.04444010748047084	-0.14773515695988793	-0.021425773107337273	-0.25420478265413965	-0.3102590708379819	0.2573515249118552	-0.5838331175139497	-0.4792390708898869	-0.23972247784472397	-0.11680457937630415	0.30502788508287526	0.09778728205093051	-0.23455969816892466	0.23717251016757954	0.2176434593610598	0.7438525783578438	0.32690762111465027	-0.8691841320745621	0.9865454101580201	0.4372386058700029	0.8180611810139782	0.5171896976069276	-0.9865767740616469	0.4949932518233258	-0.2556593098263072	-0.006669320389953113	-0.7493223381210299	-0.08459726776515483	-0.11096513597063026	-0.3038753048806759	0.33236833918916786
DTXSID1044728	10.306072358058236	-2.4918763844810714	-2.4527870134165513	-7.798041876753868	2.9400784044397597	-0.8875527500374225	-2.7047797286158337	5.0751424059460835	-3.4865356411071646	-2.791969067358389	-0.8663952724691971	1.1672829884971538	-2.915471361463879	4.13882247817311	-2.1652733359619165	2.2450571466088602	-3.1106222435966044	-3.387731101658534	1.4244282091514389	-2.449980878631268	-0.7263266415382713	1.1389100766646032	1.0192226677960234	-6.723571992015696	2.4912218381749636	0.590787453596507	-6.201969685010636	5.848984816596788	-2.0222899068611713	-2.7834695706477044	0.390408868270715	0.8529088393040227	0.7387723301316386	1.268827075098663	2.8003326655057132	0.08296717907612826	0.9013681045408511	-4.086234636244689	1.3734319834679483	-7.400964301754777	2.366251170401074	14.338979168990642	0.9508974299592169	-3.4293090058690834	-8.634784805508117	-14.476117437684707	7.064940763061113	4.9665061174864995	3.7516812196210676	6.501318741985138	0.8151419309906259	5.889158849989832	-3.9077277675532467	3.3668884002322224	-0.8198875087326172	6.860627195528336	-3.4110519690218877	-3.119367060232335	0.3766039230982688	0.9883611640969451	-0.06416627184182155	-1.3756882263222001	-0.3232613955153646	0.38452065527156054	3.8485566035539707	-1.503241392232734	-0.6173753745141252	1.6338011308081042	1.0284182086687164	-1.422724392691183	2.5288615192195047	-0.35793716238170564	0.9788099237244239	0.6053835286906329	1.272123451078234	-0.8769686975986822	1.9867568357059866	-0.21938698884449595	1.088869632519204	0.6053522125812475	-0.7867075294426568	1.8476112899013288	1.4741924193204106	0.3054451044282323	-0.7573783755254956	0.30958086436983134	-0.10665031342589903	-1.4176144038322345	0.034528717277074274	-0.9821905353679556	1.0594108845122672	-0.8663201972430984	1.106658175933433	0.5641368876879314	-0.6932359744710537	-0.886815919403517	0.8893766241029849	0.30308940637527737	0.685620933079225	-0.006459853791339769
DTXSID1049019	5.356737538162445	-1.4397494794325816	0.21606360786016598	5.84704437495892	-3.7422177170402016	1.1554383183665695	-0.7957725343609191	-2.3149612104266386	0.49318579456608685	-1.1294618272076327	-4.437862792834858	-0.6524826044181542	4.079657174357117	-0.5226813848049643	3.2167211857728595	-1.7235236094739508	-1.5437408902954546	-1.011556149061878	1.611445916967834	2.499857448063238	2.0308507493652286	0.7835625459542107	1.6591192190935182	0.5951944825876087	2.019585656641228	-0.8052012657215778	-0.5068193239973614	-0.9386632353522165	0.16297060298997293	1.489411194325162	0.2695207264931884	-1.396684778899667	-1.5371539131414678	-0.4329253588031969	0.39145458102900205	0.24929569504265894	0.5916594103058473	-0.5586015710833697	0.44070219631984336	1.4881696971381604	-0.8709492584767158	1.6764120260031439	-0.5886801314157069	2.4948559418467218	-1.4124785863127285	0.1049925962102111	-0.6171665783163712	0.3967907947541126	-0.6597936096114836	0.07689378522662371	0.34361411838750144	1.0390428823281437	0.15487211841416257	2.3733666106903715	0.8186632871290056	0.0637033441329658	2.2187416984141684	1.4950661098319817	-2.4840745298444666	-0.2760971831634453	-1.6170618585170755	-0.7378413310318123	-1.4653604223918362	4.19013883973129	-0.7021163359500288	1.651812179021727	2.182815142037309	0.09239033492169284	-0.1381557765163454	1.2393480267983972	1.484935743191655	-0.4897800293125861	2.6628076420094495	-2.325948696545103	0.03742445901587188	1.2028458738935024	-1.170762701644974	-0.36051090955531545	-2.3140213352865486	1.4926719181079924	0.25762805565800584	1.312947504526726	-0.30165205888483393	2.057100997990441	1.5710475851543642	-2.7638729883797235	1.7117337750091783	0.39089818463459447	0.5721218532049647	-1.0828787895644476	0.6098481460389386	-1.0188819722128661	1.8167651865066203	-0.1012232178451209	0.19084114307364938	0.1446456255825607	-0.19986123683529544	0.32712561496906845	-0.5448368494595174	0.07081020758627403
DTXSID2024030	-7.52716025895622	-1.5185220623797078	0.07619739917368475	-1.3535328641003184	-1.603892664409124	2.073632638674819	-0.8523399359316991	1.5464548064771042	-0.14676312688833973	0.330227972183136	0.33858004113232265	-0.025534241483960947	0.02706748879118386	-1.1333269186088888	-1.0832646769467416	0.03138292952715086	-0.7270533865177383	-0.6494822633984453	-0.14555075682572663	0.5676844229977654	-0.07981304335805832	0.34105269530979243	-0.6226805192327562	-0.13771365195752652	0.21399078780172734	-0.47458474611330764	-0.032267973538590226	-0.008128346889942333	0.13300206272504062	0.03258071493415225	0.3379620085670287	0.3209447165389426	0.07345393782761217	-0.3090423091326337	0.4813610343841283	-0.1921754240536344	-0.21062368922200558	-0.4214964768001575	0.2466203545277943	0.3190536757220136	-0.19365119110076015	-0.2513479244332162	0.18915979217554332	0.22029029560156863	0.08373307902583572	-0.018878955190280513	-0.07497603748828252	-0.10948572412294187	0.11401536087274351	0.12089570590754871	0.13206931798623942	-0.16925233183779642	0.12738062688595433	0.003015640787284494	0.12203061148285926	-0.07162276439953594	-0.08583679651401205	-0.12992166847504827	0.1981568791316068	-0.1418617635172119	-0.2852507028643034	-0.15995467967049468	-0.10081236185127493	0.312767705175985	-0.010768819608826533	0.19611169664992337	0.3193168876077429	0.12599800424963273	-0.45523224249000865	-0.06392864467459215	0.4215966296639188	0.22263638422452628	0.22829636022898653	0.24477714127924188	0.02018747237386787	-0.13468059802980395	0.09897283045937955	-0.5324036591478329	-0.17141584947663926	0.5024297769164171	0.2868607156112191	-0.5337748069563608	0.34876422301406435	-0.6683444463674524	0.014156571491530398	0.25972325861798046	-0.7449729530629702	-0.5267472116069002	0.26840950817638387	0.41944783965766047	0.0751288138340153	-0.029703455740844764	-0.009281577482576391	0.04288837598385127	-0.4698912700721831	-0.39867525505804063	-0.5123745979589541	-0.14262810189817923	0.2936537109616646	-0.35215592780716387
DTXSID2045365	12.953760445292216	-5.504936870314487	5.2441309363020165	5.052505462431253	5.0911423924014585	7.359836996373438	-0.9526003769409987	-3.2228606661563304	-0.8073693016408282	0.6147765058512509	1.5313175841290185	-1.2824727665655016	-0.37320426737511403	1.4619852736074537	-2.820890932286064	3.8664978272436685	-1.925273449768059	2.242892893195423	-4.54880799648661	0.8558685923969792	0.022895483351670985	-1.3443818976554536	-0.22424741167145704	1.6578452518590692	-2.913214243796957	-0.4353381671238375	3.3889566710158263	1.9201579533833528	-0.6768301743208766	1.5262465360706272	0.5847429811769865	-0.4953801267766288	0.8040036518508512	-0.3967465628729932	-3.729137484237795	-1.3295563293420385	-2.684984684394732	-0.04537865013412579	-0.8636487671187493	-3.1424621561559896	-1.4149255076634695	-1.1701600369636238	1.947688227380275	1.78428445557174	-0.33588095472076407	-1.0067725453735785	1.749409392595667	-2.502462309014333	0.154610699644392	-0.6453187222321377	-0.03134145770719807	-1.5438169569765223	1.0114893301775703	-0.5183556127618962	-0.26045390556312015	0.20639615561330646	-2.3166774233944984	-1.6856565142791193	2.536662673914849	1.471840355792507	4.013378766153495	1.9258232116218394	-0.7398347758559031	3.8884515397317534	0.7466525860465023	1.510805842164827	-2.415013044080692	3.534480530915308	-0.6309864342716094	3.5626807750786167	5.079806809975768	1.6707574611157694	0.3083287360097246	0.151126584426746	-1.0463097463401885	1.811846898831773	0.38063667126267015	-1.5239958876504234	-0.8501942438484418	0.13315975200983057	-3.9985489489458486	-0.20933062926927043	-0.48764262339971676	1.2325863649193736	0.8805181742215163	0.25800754600430503	-0.8154807347471202	1.2900277192308651	-0.8652323159950139	-0.09259413626536464	0.1406160676404017	0.7616433541038888	0.5617013026038914	0.8933256154814312	0.3048614344043634	-0.8604602268066774	0.8132689986971954	-0.258686214796311	0.03241670896167108	0.15998246353744525
DTXSID7029110	-3.027090715597613	-2.5417968407253033	3.3422533278352953	-0.8165231369379299	-1.0708451445310436	-0.7529333629018449	0.3094581151807109	-0.8539281310557548	0.7295699521135341	0.625701631646724	-0.2633710861656347	0.014504383957456934	0.8597640514577087	-0.22146961148373956	0.4790689993811034	-0.0470629867411402	0.8358050865889923	0.8028171498457377	0.057831757558158566	-1.276786487821279	-0.09030343476435068	-0.4327108704815268	0.6113976839964101	-0.1852648045010079	-0.021831674458535434	0.32396359429620214	-0.15601808977023265	-0.5985771125677707	0.2596143259567295	-0.5016820761291076	-0.4061396137156144	-0.10130523982468782	-0.2990732629888783	-0.039979578452854186	-0.12011904435841858	0.41829770313805686	0.28953376148451976	0.6360790090499404	-0.6166847648532421	-0.3491169380889573	0.31986051828471385	0.023121289957116656	-0.2221446527419678	-0.5843331156736019	0.03239914622548235	0.09153886948494451	-0.3375456834864929	-0.24132204817502637	0.11549790604479539	-0.2702078631620554	0.026073646187842595	-0.10320009242903916	0.053100045561591036	-0.11771816153538701	-0.19762061523930047	-0.261919315264542	0.3209286080852511	0.22074256183668475	0.2993872971636237	0.4079599459947339	-0.16750596611878887	0.021737625441473528	0.09114412886347041	-0.7066245532447076	-0.39461515021293275	0.34146145034429765	-0.19247561822327636	0.14017052069801775	0.3606619695624975	0.5012181110656023	0.442473373230288	-0.3614090624680998	0.8988557029592904	-0.0577686595190452	-0.10986212193004269	-0.22053906844031007	0.2266267784848488	-0.35623496970022006	-0.05952299602713186	-0.1273588264715357	-0.7678082343104903	-0.5221163858240333	-0.40924743173338757	-0.25386202667405156	-0.035083743589446714	0.46473234036020833	0.4631899732016598	0.08099448647121439	-0.22854536486216698	-0.3075096897211729	-0.15078177760897196	-0.06529485298470097	0.1303723078684429	0.45010086968806146	-0.19411425625950235	0.24001529057701196	-0.09045284630872505	-0.2046751025611728	-0.04656330983033628	0.008984160314571868
DTXSID3020598	-4.4830481283149135	-4.046188721433901	-1.423614179162178	-1.3935921117646104	-0.6444147473380729	1.0520204957488146	-0.18474415316223963	-0.9137204861400484	0.9953728375596932	-0.898476086687953	-0.7926823128142908	-0.5916397242793736	-1.5901338867741237	-0.6018406749328238	0.5684171741890701	-0.2762009854573181	0.5790424457331097	-0.009808435914632948	0.03286137452709872	0.5689938308431094	0.7368929982353051	0.37635820018610183	-0.9721715837154433	-0.9350588050293452	0.9364549549741628	0.38109509330051017	-0.026358037024164394	0.6169696187873892	0.010197443552449701	-0.08593398947951628	0.5048515071747812	0.3809265174729483	-0.19890752530670833	-0.22827926057376238	-0.25920194972792526	-0.15998193839867964	0.03259607120580301	-0.17854745630354776	0.4050735046801607	0.5116646542927015	-0.11084230001061579	-0.21297479349075393	-0.15355658963148572	-0.17662469015555748	-0.03274174928630833	-0.11017251247730575	0.19396197978372737	0.03548123885477145	0.19752080662653876	0.15727114700788494	0.023324294395574402	-0.056039071696890534	-0.03963178724923839	-0.12795701009050087	0.29831176254884784	-0.106668627964955	-0.06124457991914592	-0.20965878072335298	0.24382096417041124	0.08009513517548937	0.31364553120496946	0.05144324060505185	0.31219158385612017	0.5022007125674856	0.01292877765577989	-0.15325090024281438	0.32315297470030463	-0.632985284011598	0.12152716906147437	0.06651331173033459	0.08735914836671822	0.11293547374746964	-0.4224519323059015	-0.2678734759546371	-0.05793946650466814	-0.09027562920370363	0.18105715827871757	0.0992942326407327	0.23485461288169143	0.07323398299163603	-0.2806130434747386	-0.2918629262009819	0.2042267739953893	0.2865217112996944	0.5894143121794965	0.12692730762987797	-0.6198575820765866	0.17015378636673975	0.7350368755043799	-0.33996700038611877	-0.04595889964272826	-0.5899948452841308	-0.2830628993903297	-0.08758826608628238	0.5048952034971268	0.00625302645844718	-0.4637927740336519	0.56236644632129	-0.36789450395115475	-0.3411616628064404
DTXSID2026606	0.14918395351055633	4.594735242732246	-0.9796859436546225	2.1903137982760406	-0.9465594671369056	-1.3956943755847695	-0.5360852248219159	-0.36276943993485605	2.113798416202991	4.163787730356986	1.2661432252567797	0.15709213438536657	1.4060873517794525	0.14020439755812447	0.3533323216873783	5.834411889882335	2.4981805034748734	-0.6330162076384686	1.1213678364621193	0.943961710357613	1.779600611383719	-0.076039657956641	1.3213947305969937	-0.7243112437331769	2.585180937532935	-2.329155632857379	1.6538769063519785	0.06073691209394957	1.2764420814149928	0.17281214482171273	-3.688678479592593	-0.8709281305215348	-0.033968882707420225	0.45699842283714803	1.6098449898125977	2.429339706917817	-0.3840943562914431	0.8250666570305858	0.1733400309185364	0.31721156985374865	-1.2492399586556446	0.42327689386089434	0.7602988639945417	0.9735431188360472	0.8974212213566193	0.08982026092059259	1.7138244153120854	-0.039223879268858966	-0.5925792557558075	0.8033817033677989	0.23038136284634136	1.0032422616746226	1.511352687339851	-0.7303249535696755	-0.24836749688803245	-0.05406502739707269	-1.6852985440964434	-0.47522723793440236	2.050883918062524	0.28904237750898726	-0.041644085504379626	-0.28291015034667305	1.8578918688626818	-0.2180691046351914	0.2282427108095179	1.3624600010117072	0.259530101780298	-0.4898603175286244	0.5519873436664338	0.017682154021332247	-0.5503084624448036	1.022975728753348	0.29392819606253257	0.15617890646032576	0.5674297346251288	-0.9014900301109151	-0.07537795380562641	-0.024073054775676873	-0.30811227640781863	0.6554019191498552	-0.3035288173326623	0.5302911922430522	0.21597296418403666	-0.4266732530543091	0.31806372457348575	-0.478263909161773	-0.025669057361749983	-0.9715959948366424	0.28075812580810294	0.45955974708469266	-0.20543799066971594	0.428912605802175	-0.39936010162446955	0.7402854263324082	-0.34225664852572635	0.024584820069915178	0.08341259096216896	-0.21349846548205428	-0.38104776962916803	-0.1255002340176026
DTXSID2047359	4.10324106529863	-0.0466843882698935	0.2526295189195283	3.5569955081081726	-1.6326154448889858	0.39088433567440406	1.6546959547139741	3.0272581727352845	3.390141680376784	-2.33344307698773	-0.8337489555908167	-0.09621395423451305	-0.37183529829510353	-0.2419044661632488	3.8196554647331613	-1.325477103866432	-1.7715458813657794	-0.9117028849769538	0.8653538275818239	2.884650469818399	0.5784656134893543	0.48539848252068163	1.4360452267461916	0.4245110572130956	1.885693008815324	0.4538288430922313	-0.36696322722574704	-0.8182634773858155	0.1972497647563425	0.9214410923190204	0.8297711933213798	-1.037615566527363	-0.6519868827356112	-1.7358345967698259	0.30036090357374984	0.09456653383043606	1.0130013139297986	-1.5754134188359343	0.28783563965710196	0.2911765892797876	0.640093578507179	-0.28158725262289375	-1.1495408743836752	-0.026961892171419432	0.4155396833354881	-0.1703938610635571	0.42171549166861433	1.0933732224354176	0.48424004312151725	0.42760164692377056	0.054821147924859606	0.11739050454480301	0.039396291460978186	0.1261593960111044	1.589081142663463	-1.8619055393619373	-0.7840565983969409	0.21164883991637004	0.4391333118518836	0.6957606397295419	-0.38848925276651797	0.8381173835844341	-1.4912576822670585	0.2549851904062832	-0.6372637360450156	-1.5866076698818505	1.2200729931595895	-0.5937860238919656	-1.0570956594012526	0.2505389414354019	2.7664240054017912	-0.11249588296589981	-0.7560714621191593	-1.5667369567399185	0.012078219374997758	0.7809882945375204	-0.18589331364750583	-0.9465763570991205	-1.4656335893548047	0.35222632615331295	-0.03702020580922221	-0.39032753586603486	-0.7682054767001579	-0.19210116790581921	0.6424206537202186	-2.5321413867344535	1.2933583472990737	-0.2224783303931184	0.14630476227264208	-1.2493637272769775	0.41953246691367374	-0.26393387377677835	2.2108387099677627	0.5120612607897684	0.436434681881946	-0.7842135998370314	-0.8325667570659049	0.5480310130716772	1.4946090915178438	-0.38408363838407417
DTXSID3025047	-2.3382733269521387	-2.910712593094005	0.7832058363189669	-2.8417766541321967	-2.1290044560993424	-1.99919170737611	-0.7155747916010141	0.9618692332190466	-0.005772903901126436	-0.16311004312130906	-0.7722946809379936	0.6892723284872311	-0.9898044775620068	2.341942294236696	0.8433399758237884	0.8477107537304887	-1.0986070437452733	1.0563915529923418	0.6066417648520243	-0.27604094942061635	0.30045674546275	-0.005857485079165115	-2.32216284979974	-0.3244720252964739	0.9609452439811413	0.4775377780190404	-0.03755813842304018	0.26450021841807286	0.22892413597953934	-0.5968065044345464	0.5423317215909825	0.8617842186499681	-0.6084008352693928	0.3588249288266236	0.15395057062440384	0.66338205515288	0.2721896917875116	0.5247323125674188	0.2765430626645138	0.4157902130585873	-0.5419448729299902	-0.8859395462763549	0.49624232477771124	0.08325984531846872	-0.15010775401782414	0.06225708020391899	-0.17843674443482305	0.12893118072278717	0.36222619512738674	0.3973804888976233	-0.005319191121410211	0.0021529697220116655	0.24836559808709666	-0.43360828352669495	0.35070422356898134	-0.1542863208596687	-0.6219671782496237	-0.3742212474852066	0.603653845861253	0.1561423133969699	-0.037232854272844396	0.2573035254424142	0.6360440975526795	0.6772045065972141	-0.3742402640951922	-0.889433042257454	0.9817801711669718	-0.7012084239474974	-0.04771938051005646	0.8522280720042139	0.06569217092945122	0.08588544037457965	-0.502654529776373	0.09880548771997943	0.9488598362245719	1.2396836111648923	0.20661748387224244	0.8355036458987464	-0.3751292471694741	0.20236355268396033	0.10376216679899354	-0.19870642751822246	0.19586075412393153	0.694037554839284	0.20312976625740134	0.03895482203138213	-0.8025023090279345	0.12510743180544726	0.2416724700922047	-0.15101559476671214	-0.6025440135094099	-0.574984471285413	-0.5587112456535007	0.06883113692018183	-0.27430645113596985	0.16166081975578903	-0.07621645893821585	-0.1802765231551674	0.8473491832743854	-0.1135316588171224
DTXSID7024952	-4.178420665419961	-2.130405775131051	2.4644395658396507	-2.1684982721045647	-1.1776311848890857	-1.8275222316721214	0.47038024811319773	-0.4189050183285585	1.0477011184522929	1.0470650536915604	-0.018693818630122715	-0.26226658016201776	1.046771021460043	-1.0505584684793718	-0.3883409080331486	0.5367714443849919	-0.4289442159341992	0.2664953684925554	0.04010946614650999	0.09680005454650065	0.495074901858993	0.17901803335784172	-0.6782302198326889	-0.38447563281199315	0.23738355359057664	-0.38520850449827254	0.5027932961940492	0.3656323681105951	0.37894445866258747	0.19998968084644547	0.31974903461038706	-0.31113587779906454	0.35733649403073214	-0.17463922417590677	-0.28081987455964946	0.5267103539427096	-0.3733841191563708	-0.08428615315178646	-0.11600974349058085	-0.21625258401878109	0.35637084092518745	0.062457752436025506	-0.2744641696390787	-0.30557067501295565	0.02735813714285505	0.402973276467492	-0.06002407662742358	-0.09934937012433723	0.19291633598822408	-0.15172513372906699	-0.058450330571528486	-0.17558913494157063	0.009222672790719788	0.19988339532792093	0.14462956487259113	-0.04957274589742888	-0.02519960194260099	0.20058979825870343	-0.050380406956870634	0.24253407015681425	-0.17719503577321682	-0.038604341634575795	0.011221270653793853	0.04901241190168171	-0.30124804868465693	0.0365979426932785	-0.28295898182168855	0.1298800435834676	0.008759942358376824	0.19363048379058365	0.5585721920956508	0.13017476955692944	0.16292416733681586	0.16213113705649526	-0.24531982399635893	0.42087122247969083	0.13811831929649335	0.4886039404407315	0.3441737525467893	-0.3696637798608359	-0.004039618024933799	0.23670992762542642	-0.10917905805709863	0.29361041409304467	0.09402780044653529	0.2078099683657093	-0.09501735623948177	-0.7096958946438863	0.09305757972753201	0.1240350354621634	0.20592516503295327	-0.5943853749972852	0.26014606718120037	-0.12086118362238601	0.4819994234542464	0.22547232104853232	-0.010685849993835131	-0.34072412973316873	0.8407281707723739	-0.06718424805461651
DTXSID8020624	3.3106048567292277	-0.461453835806603	-2.0682226465970213	-5.25687597295486	-3.8401942595308953	-1.244355212277119	1.4411776621871577	7.071186005129482	-3.8276536580399676	0.8010864051167657	-0.7340699662773041	0.13013964177030327	-2.032159995686389	0.095240953975518	3.3510281177803196	4.093199009962224	-5.6379172130893425	-0.7372884266282593	-3.0874625093798214	-3.4732107847948592	-2.627621672065866	2.9163842997511544	-0.2035389611307899	-0.08499488100849394	2.0592504604322466	-6.273916326714301	0.430613663612706	4.261064357249023	-2.7296480383471913	10.027046422360632	-1.0926232432836278	4.909850689140947	-4.518407495447257	-0.8154033220782871	0.7230029933300471	-3.297341650538468	1.1230490785690594	1.3153252487544902	-0.10389456397572125	1.1662647394536572	2.6318457685872683	-0.41079227926699863	-0.7686958221558323	-0.685226567379554	0.35069295903216896	-0.5631218009688824	-0.20796715542035465	1.0480623103535953	0.21580500278693768	-0.016087163040160484	-0.18740203851179835	-0.8658146263971276	0.5290853993365296	-1.1585567062862863	0.15385348395359846	-1.6969199353197661	-1.6716271780600136	0.9818535644250738	0.9551784257108165	-1.0111934972710328	0.47444453550471977	1.4308787718640203	-2.866034436938339	0.23288802431040684	2.5954462491223236	-4.206970957710591	-0.16076116993548256	-0.5356023157665547	-8.095959914172097	1.1073870377254862	-3.13027416502427	2.076535503542549	6.658119604499814	2.1516769048755635	-1.4481780708727192	-5.283265063505351	2.4861605227144694	2.368372972037309	-0.5288000033514776	-0.9498086083922491	1.2660322217335702	1.2064238406771852	-0.8820207789924711	3.9293658843290045	0.08786878930201131	0.023006260888326528	0.45803466668061	1.7327374752882987	-1.4577336002524324	-0.6478753500105137	0.5317518512996551	0.5692217417380946	-1.3708312766326118	-0.1723850335343891	0.2907817922012392	-0.2546470239842205	1.1477927757558308	1.946028631892022	-1.8724107507429317	-0.20377698307621656
DTXSID0046199	2.242361749761597	-3.9751167733154023	-2.5518952140874336	1.8922171481927064	4.321082501512899	-1.4044196474507167	0.17915878153752743	4.281627809892402	-0.019413778530336406	-1.6700782104581067	0.7722739395157415	-1.3153460555220975	1.9927225047149337	-0.7110908392000329	2.4072129610376836	-1.6839276410283563	1.04190598230184	-0.5014337038903929	-0.6170211740233142	0.36803843374865364	-0.1480211411513411	0.6209709864385317	0.8408791908066223	-1.130254281714747	1.0616061692268641	3.019327523181516	0.2428669715723875	0.43083891265260454	-1.971326401458671	1.6420212301630637	0.20781694385872818	-1.0002651419614847	-0.38749450325726453	-0.14836696192031926	0.25167987757039406	0.4082291591609987	-0.31718270830317014	-2.2049221358087014	0.6024237978776612	0.10091930978761775	0.2254519861272795	0.7348125788005884	-0.1734382306205196	0.5755023514304074	-0.3653404451663026	2.001774000774384	0.45593450986125916	-0.16130306218370477	0.23679423563231666	0.5016865848894312	-0.0291144781944174	0.22302180987640513	0.2984516944065729	0.3565234132070245	0.5867264447371364	-0.6972751861761332	-0.58719756012093	-0.23425112720844116	-1.7401460661791517	0.15829223867374165	-0.2737910717660671	0.6910893795452029	0.30705844242336433	0.6410579553955351	-0.795663256759994	0.5815934225506288	-1.9442990128328552	-0.20201869425641242	0.21005638243730945	1.5433900780490637	-0.4118711798328817	-1.117439501558275	-2.674797757723029	0.7895750608093675	-0.866623870567993	-1.0399453429978396	-0.08820887190821915	0.8314919321024423	0.22337637089109305	-1.0796635694322518	0.8733535608838124	-0.18012892191799232	0.6519550703651792	1.0655606722064341	-1.0485984253210725	-0.3081719435505666	-0.614358066660629	0.41219300513548407	-0.22491120843408982	0.11999352889833198	0.9411997639648233	1.2813501693755924	-1.196597421486342	0.045699696576842606	0.5449245723127059	0.8217830646473681	-0.03619521290798066	0.35292322807758736	0.8300268666636843	-0.4338645792703146
DTXSID4021424	-5.501153676276713	-1.594967763765244	-3.530422589497846	2.9144624230917398	2.5073809323366896	-1.2923877882053199	4.868317641918182	-1.5245198444995038	-1.3188537066975974	-2.1120798424129963	1.161973381418296	-1.3761296282498858	1.001747216745445	-2.9158038741497454	-2.9994302887789814	3.2877983700030895	-3.27971509230418	1.3087257418839893	5.57942297333998	-3.0147061988009627	5.387478675724635	1.7960017257851215	0.3262016216266728	0.647364406304222	-0.6782439700911098	1.5298421613084472	-0.44040182012489737	-1.4600783279194085	-1.3113081408267828	0.5471111140004533	0.28146128381460905	-0.06712611485027478	0.3305177665446493	0.27741502150087055	-0.5360989991676225	0.3392145159428947	-0.3492090893084657	-1.5232690027173872	-0.9644218885945233	1.0590438160029094	1.7771731935047717	-1.2092143186182103	1.2020564077731999	0.3269055381065485	-0.2371671349121417	-1.5810516553914247	-0.47377644129003077	0.7644310921674357	-0.23357679874780188	0.001856897042830154	-0.3585610784950378	-1.0558830984775622	-0.044417965887941134	-0.46198133595160634	0.35286956319899815	-0.3567216826420761	1.290483759182403	-0.41237057275298344	0.6485929148406584	-0.8867550169932074	-0.07528430346860902	-0.5264534681902866	-0.3051202885319057	0.23124398879862135	0.5264632080053697	0.08005105952783068	-0.16552258212250434	1.7385117017613576	-0.39330808061807215	-0.4371273589005203	0.11191393973848586	0.5889429146808233	0.07159109041437982	0.8195383139517601	-0.11366448468758342	0.5451906106874908	-0.1728203647756358	-0.21821884980381404	-0.1262164935294493	0.8347130392997	0.7941720272385537	0.39812880017073105	0.8237819720322359	-0.3219180951308809	0.39274254705247036	-0.2380260761597168	-0.39934925515799735	-0.3509170090394892	-0.29825763272384315	0.15716088446198873	-0.8975905836775522	-0.12272128794942018	-0.6691620999801792	0.12541377239107912	-0.11050267779131455	-0.4366101677440359	-0.3128760078801795	0.2788780457824863	-0.38060179771928976	-0.008473503464320612
DTXSID3048788	6.327427006029822	0.26535482354124146	-5.080791000519891	-0.364929158566264	8.671276656258083	-4.556309245015017	-2.7524109929680263	5.844427355401699	-0.19309673104693703	-0.44466623454471516	0.958426412358163	-1.7888131415517805	2.333970683294423	-0.8637420688710951	0.4127451984184448	1.3963538008567857	0.01732738609969046	0.033140093297839124	-1.199840097580771	-0.05302848374212219	0.30384436301360845	0.9152596009675589	-0.513693705896913	-1.3850255279147594	0.14713939432719073	2.571859970073841	0.2612850888238326	0.11993045951102209	-2.0940830927127	0.8467295707192432	-0.8621889613092192	-0.29620376413942334	-0.724754198547691	0.3834317706622832	1.023179811362737	0.2282480779035857	-0.49504285833532846	-2.2749023319309662	0.835036206985562	-0.5043195951266957	0.5047904515306848	1.805157517769456	0.13101701376417615	1.8126943570908693	-0.1359812892853694	2.2288936708381493	-0.5596777029109938	-0.6339341774626809	0.28692790115513733	1.4408928211601386	0.0815051283306122	0.14481306390099333	0.3296186900506815	0.4859214276725405	-0.06975620543321637	0.06437565037219874	-0.5220965149211978	0.3309926772258393	-2.443911247325105	0.4428424196734051	-1.3199800057273972	1.592885054976366	0.7997731541296602	0.30796766285480476	-1.4824542044740334	0.08579936408557706	-2.606278759179468	0.5038436952605678	1.1048130384003227	1.2455584898832326	-0.62202736869165	-0.04292577636500183	-3.0109270911342954	2.477671601765536	-1.230121830187287	-2.9457371545147146	-1.0797152681243707	-0.8250269671501792	-0.8121102461107504	-0.7848638817847976	0.23442955753352301	0.15233840516067107	1.0085601405751654	1.5551749923902003	-1.4877303529686638	0.45729886308419837	0.2562971841491837	1.7169811728793576	0.2404703685569304	-1.0952916968015447	-0.30720211063526254	-0.6971254527483253	1.646515849920022	-0.5521402898815868	0.4942360578806707	0.5030338866508507	0.5074658936803537	0.2617608636866897	0.9858164741041233	-2.0170504795604747
DTXSID1027219	-3.285151242263881	-0.7659541061960906	-2.20348951608452	-1.4336324836303462	1.4243637856579558	0.004067786744609646	-3.785438305782794	-1.692734209157612	-2.384013232241459	-0.85755224747743	1.4328525031477222	-3.2453464272889625	-2.3116645210824847	-2.8281703391348807	2.1565323686078877	-0.3715155590610333	0.3552701533968795	-1.45265120481352	1.2577685681232913	0.5214683046044943	-0.17098506963028715	-0.4218545587003024	0.5741250246611513	0.3666780439138126	-1.781610527528816	-1.0396217884048118	1.0253315778484666	-0.4792291005548386	0.8950065083365636	0.5390992804781579	0.8444357724091003	-1.11209995667085	0.5422834577108565	-1.5177467951092976	0.11730146367982622	1.9386764228375182	-1.1146004838840111	0.3625890416292965	-1.0519191406952135	0.3266108695697639	0.45977300512194924	-0.14069737656451606	1.2268496158101911	0.04395811290171084	-0.5177658471786882	0.3219391700222976	-0.7799678128586527	0.7554444982196091	-0.07960586440519646	0.3709700244703543	0.1986536675345635	0.6529129738391153	0.35691912032311013	0.8345760128786187	0.19004641331509348	0.934635902422458	-0.4461677314914471	1.4365417592370964	0.01020047680016622	0.2965536998305185	0.47901533075020253	1.0155742089002533	-0.4208335016203637	-0.061517819986992975	0.48556698072792587	-0.6109022560283895	-0.4819028942580288	-0.08956831140448615	-0.0510600603903917	0.18553831892718745	-0.06348264927963702	-0.8395137125691342	-0.03888240196531304	-0.3293110863956749	0.6932957032969534	-0.11107934551310457	0.6844426624793514	0.17738979330789048	0.2752864032562604	0.01978655864122731	0.9223303422177813	-0.030213530306568506	-0.12873093407709507	-0.3341736902924071	0.045985268535587674	0.3461833025162116	0.6451049481138899	-0.0016055616792727213	-0.13079227533002782	-0.6322233632578655	-0.5586895915737933	0.4068938849207179	0.5677850537510951	-0.5419537850691141	-0.9126601178621223	-0.638167866763008	0.6242547156824476	-0.4054400409164324	0.2578828967270654	0.25393371362437184
DTXSID4046315	2.189743152400604	-0.7824093226077458	1.018193387171457	2.985760402232639	0.09733765495730828	-1.8117800506142616	6.390270213099133	-0.22554902246345399	1.2638098232659598	2.0465150227231015	-0.44742585129721096	-0.557910389882294	-0.49542580394851593	1.1571359202554132	3.6096336665603554	-3.3734621075692672	-2.1743380491560713	-0.72825072454825	-0.590154437069853	4.856275089918604	2.2785652348296517	-0.3444509021395055	1.5129451110111667	0.9078024498599586	-0.4777368839184997	-0.13329750580277583	-2.077646642098982	-1.321948002810453	-1.2912686392947403	0.201628872075079	0.09214082794366384	-0.8437393604127366	-1.1237439310861168	-1.2651161140779656	0.0001124741108327072	-0.07631949946446838	1.5796381565054498	-0.3331646597603484	-0.48245740672614457	-1.2382507968269498	0.5776934910625623	1.1047450594368897	-0.9813079999130309	0.7270031757138848	0.6193940051088657	-0.11407773534988958	0.8643810493504439	-0.67523194719578	-0.16546825024354672	-0.5783968220347976	0.08702181558940036	0.3971153816811396	-0.2632312870494853	0.00502732491562878	0.008100773608454263	-2.0293426229265337	-0.4112166660096021	0.2217192389356492	-0.25207621148140985	1.2533395709110118	0.031117111781074645	1.9697055452178915	-1.858304316674667	0.4689849596693265	-0.5589652400044661	-0.6330512441355475	0.445152552575294	0.21415352322129436	-0.06541431807439775	-1.4437639743782895	1.566486295671588	0.097884964127873	0.41592627528946224	-1.3907112038152252	-0.8834602344033947	0.2524134950777408	-0.5127995795251875	-0.15938186057690368	1.2697405326017184	0.6513900061296758	0.9200606761362803	0.23869738742801794	-1.023647769509432	0.5478684221167234	0.4490852527514879	0.7372644126009072	-1.686554966223404	-0.377306269735035	1.0641934060906226	0.3212256535433931	-0.47975941890892404	-0.011145628666719237	-0.19021265339939084	0.15807709354230332	0.2325161344982922	0.47220948056029205	0.0992509202092692	-0.056356621641741426	-0.19211635050747006	0.2883647838211876
DTXSID7026946	-1.6596190193853226	-1.323817157349212	3.1326401736432548	-0.9354697114342955	0.627004447421068	-1.2721315940373759	-0.4136975950657855	-0.4360526897328759	0.1669332727488096	-0.8337799856719136	-0.349232090094205	0.02786427690954659	-0.24471379179238928	0.707655173772331	-0.27936964229258987	-0.2375702952677014	0.6991076383670978	-0.1267884320346396	0.2958419362513183	-1.0680098353358505	-0.0382241476099255	-0.3730289247144356	1.7463608513999254	-0.39093232237303305	0.5742417357969147	-0.5724085894195091	-0.3337122533847855	-0.4563522800621224	-0.07719108822766821	-0.3232942791666187	-0.39576146099794146	0.5324578030333946	0.8913134436635408	0.06572714626918275	-1.0681108054914996	-0.5574421613831315	0.44703743442786353	-0.5251114745187622	-0.9220961931644694	-0.9602431164079055	0.5394115540106912	-0.20659792642732389	-0.09522334975503151	-0.07849035653644766	-0.0023052871135724453	-0.3138136806844729	-0.34496326073335404	-0.2962029737543852	-0.028848557211349813	-0.05929971387805203	-0.08217195138584275	-0.6204606646823797	0.22077083151794968	-0.07491640458316338	-0.02700911181203864	0.24355333136000953	0.362449346490378	0.05738679401444941	0.2165540353992757	0.39943270400901354	-0.4033928308907036	0.49950004488741384	0.2543181015864718	0.24053350797969092	-0.7816899703079048	-0.35133758198731957	0.19868606713859535	-0.4457680862191149	0.20206347448286135	0.10707168874370673	0.0896172483899344	-0.03516259490086199	0.7194019684823931	-0.052547663713582264	-0.5031675593303984	-0.5579891720658217	-0.5292449256322311	-0.18108184959473433	0.3744843070780714	-0.03480129330921105	-0.4214336235364583	-0.059322750864664285	0.47575339972092245	-0.24008284817371284	-0.23806715272222462	0.19691302965658752	0.30099044618324067	-0.4677591814548877	0.0701750878498618	0.16800685594959222	0.545959826592862	-0.3184986272201526	-0.19886775493671682	-0.20115909269744178	-0.4014289283697841	-0.32515729716069586	0.11837832890717888	-0.33094112360022293	0.17888940979584617	0.4699772677804718
DTXSID8027169	0.5069382246695299	-7.4491216181011515	-5.200963961653357	0.18662591414414237	-2.0319956228532865	-1.5400014499518535	-3.4469879270681125	-0.5621136611727986	-1.5876237325939166	0.972965557574045	3.659690747694024	-0.976853634571027	2.668993036670749	-0.7571197218629573	-0.6517225594149132	0.791356256678329	0.46370495943100587	1.547651918859012	-1.8372545969457024	-1.217896425235401	-0.283677207422493	-0.818483729682525	-0.8877115099919255	-0.25606785406808613	-2.1700525285467105	0.09778506421804499	-0.3769667800117465	0.5709902025635416	0.03363367537054222	-0.5233346797688495	-0.48482451980376706	0.4067382714704376	-0.3178800992535352	-0.09354405378374939	0.4482366157257888	-0.49064410815188964	0.720962263045475	0.6755961611661109	0.692907391450878	-0.8899371508255255	-0.3858995306200848	0.2262711705606109	-0.14274902278294016	0.3919642724732277	0.24545987892131046	0.5027882281052686	0.415098855377405	-0.4943329859378544	0.052096982894112485	-0.05262239465246397	0.03410546683304185	0.09457806828883021	-0.07216891395590105	-0.12636100107560533	-0.21047570286821815	-0.4233446694332386	0.4811313403740927	-0.9211605481214891	-0.5873661683135233	0.8323849320069667	-0.6829243113727578	-0.6369941364292767	0.20652774646512423	0.3724297973428465	-0.6449021106541091	0.55524782008673	0.6500970753335912	0.9080490108266993	-0.32093111396173374	-0.6192286400134037	0.11408104699948411	0.10914394721711432	0.1560223488686269	-0.1021533533025085	-0.48405719817050497	-0.6130846656504888	-0.9045333194534454	-0.33206372853572097	0.0743310164974858	0.22059738278318067	0.26356367686209736	0.7168056350685768	0.2580248103302229	-0.3796135495847886	0.37319843595552227	-0.049012895611769004	0.798364348526174	-0.1408725189636642	-0.2683903009195832	0.7485173936558289	-0.3321832992313526	0.5023551753826863	0.18658482795131323	0.509141890108443	-0.3386169359682872	0.5318520843332639	-0.2957562808126232	-0.4514397314987641	-0.2966853327927545	0.84622665116335
DTXSID9057638	-0.35628631774517155	-0.44369244656856643	-1.135953366159224	0.19209754753612512	0.7903578942004098	2.0978852116626476	-0.9076826617114223	-2.404459563637027	-1.0435803089939897	-0.7358942784493008	-1.243740267138695	2.557414887696015	-2.258847863879661	-2.2430550139611936	2.0478172351082042	-0.9427589826718281	0.876237346156857	-0.04290613529131803	1.0561710560641273	-1.262450107753147	-0.527394944021774	-0.813284777676732	0.7381389794431272	-0.4658129694788051	0.35064294116514555	-0.8303649931807325	-0.09941868163470194	-1.6650946210551076	-0.361654052854546	1.3554127714523774	-0.778854785156115	-2.752420274591073	0.11620285292786758	0.9228457551273963	-0.7701473589780933	-0.44940998939522503	0.168552525711004	0.2926469559642286	0.2781166621226452	0.13968878463190582	-0.3356377333545478	0.30915678822278125	-0.5774330705058094	-0.43313148877403684	0.15764547778321625	-0.20919898620513372	0.8078125882174794	0.5071474403478389	-0.6797494157812045	-0.08953978019849744	-0.15373091865669528	0.06784008841006288	-0.06265826489004388	-0.37231419904354224	0.15929501178623526	-0.25083941579642316	0.0993096683211687	-0.24688457156149204	0.3396498366644091	-0.23403843615438613	1.5458400679470878	0.23264892209704413	-0.37531878238500144	0.42931057702919206	0.7857813174821552	-0.03373476999186061	-0.2217162918503932	-0.33233030121438717	-0.4500893455708765	-0.8853105254716994	-0.6918826773678706	-0.20018014922129646	-1.0947793128915648	-0.4004209168247382	-0.5427268888240306	-0.3424786866721253	-2.6615001950991495	-0.6353513011469606	0.10780460125437512	-1.015021908585232	0.6947930231855498	0.8630306144645813	-2.1499133268413564	-0.9754633854053074	0.7122328213532785	-0.3627675238581333	-0.542466816291117	2.137975423413879	-0.04580541419332977	-1.432791364305201	0.9682762376589868	0.12265679114720175	0.14444280625725053	0.24378819551164954	-1.4666249183369566	0.5656689979143202	-1.3288083114955527	-0.2578748323564072	0.087082389658253	-7.000366655060978e-05
DTXSID2047567	-1.261444533403824	0.5839628909059859	1.9010018933827657	0.13908544967439676	0.27772151075612816	-1.0639927566013292	-1.253134003275664	-0.0010906305103231344	0.4218170853685969	-1.5008759394660627	-0.039418235278847046	0.09234420920090533	-1.2164390724334966	1.2235600221187424	-0.00027777430455621255	0.05997650960821968	0.9085888441330975	-0.033389765492965524	0.4893549765210668	-1.138966876634573	0.06313539075649359	-0.27967496808982667	1.0784084753355194	0.11511988147820593	0.13194044702712926	0.7988073278959689	-0.24300187251530808	-0.44852079020558483	-0.08415377904575176	-0.7739006058072878	-0.9719236460855719	0.05901337475411334	-1.060003288400375	-0.07945808053121887	0.38792932247533957	-0.2546565056195744	0.007579479399204077	0.7091365714304375	-0.5045585392205025	0.1462393426079023	-0.13843672507958654	0.3003041482008554	0.06459547436277013	0.15145754824115737	-0.43898858173434485	-0.3372725412055025	0.08511241182524021	-0.8218963327646139	-0.16017863404534063	-0.09447193942431817	0.16529917604591124	-0.04965759516330578	0.30406632176408993	-0.5306799814476874	-0.43487080966794	-0.4414269937448921	-0.10572081585659265	0.013741807664746829	0.24448062596493644	-0.22368048163181117	0.38490730536920886	0.27054708631025226	-0.005891915359406887	-0.04692486236065714	0.273401984032628	-0.09057595500718171	-0.09234115137528717	-0.3856565585500909	0.7985550285739877	0.22144444220510678	-0.10024694116104099	-0.5989600899603393	1.034145146043364	0.30554785050285127	-0.4609702571820977	0.26245587999295	-0.09157108738540853	0.5049380853675232	-0.307459800134505	0.30529678270845306	0.1808059613900641	0.04648707269637722	0.18392015745641252	0.21024867351853332	-0.10139899091385898	0.3609954729612764	-0.07475433726396549	-0.36884987911560857	-0.05904285481678511	-0.3590721211404589	0.2035785362346666	-0.23837645850329742	0.31098226701560777	-0.18070442651831098	-0.2985751432206786	-0.412095102726123	0.009972828468681904	0.18307063784965327	-0.15429567626285298	-0.27757860724302447
DTXSID7044631	0.7512133038641576	0.8917592189172718	-3.8250791022586195	4.009688964473916	5.468104549524816	-2.110321791238217	5.1350587838116555	0.035426492799652015	-1.5742347594998682	-2.594117872631794	0.5619622508591379	-2.8479556950748472	0.8247067609298939	-1.476495355493205	-4.432767629944425	3.8114350428634896	-3.849960050022493	1.2050492231321652	4.559139809201166	-2.304005238024392	5.606607531318664	1.6523713990972833	-0.3703957232204076	0.570013362025369	-1.6328864488854318	2.7364456406505284	0.3605757087890925	-2.35178571112268	-2.1208531289537538	1.3543628724948098	-0.762840581379258	2.118210973837589	0.6197889639996134	0.6140075531265333	0.29785107746267014	1.9372379695478341	-0.6096365957817776	-0.21273979845571125	0.23988131586281186	0.17781938580926138	1.4697844094529169	-1.0052138059535771	0.45827416529908505	-0.35344229681008654	0.06482659713157722	-0.7912199925248321	0.17953409671335424	1.9385663179012935	-0.42230882278626913	0.661689175870946	-0.6079702704511931	0.13715063315621595	-0.7091143224163008	0.023938070058622737	0.5215279043198532	-0.07419122203470384	0.9544195410494063	0.35338942226041226	-0.5232148728531841	0.008759938294667015	-0.17841676772329823	-0.24490163082347496	-0.021765971563716485	-0.4197225063756913	-0.037611704174470365	-0.7309795713500583	0.4928036284589097	0.661870860151399	0.10004730646484608	0.8313641273504043	-1.268266069438939	0.5317541973009817	-0.8439154916841382	0.46711329028959747	0.606534586348585	0.414657227486308	-1.1342300250229582	-0.7089779472946283	-0.9279729638269087	-1.4378621364152362	-0.2972570285131491	-0.2364830533939209	0.5502613829514832	1.675399459154323	-0.2074580512921001	1.1233318620243091	0.3628532017240423	-1.0850456520788885	-1.4860159374027988	-0.7484209331728544	0.9871370285052335	-0.8877339073921666	-0.2202207595398941	0.8386859293112213	-0.1523293680142838	0.9985223296127761	0.3425275339786647	-0.08709163540265964	0.5826636335516614	0.4839279261229287
DTXSID4023177	2.686737734142144	1.221660120169821	5.321063173668152	-0.5785999227471328	1.1035399580744358	-1.480654040807923	-0.4163232437672918	-1.3554701862692533	-0.8875514260026836	0.9677421673489339	3.4737160991206557	-1.392190498772846	2.122787127689752	-0.873595624511631	0.6042372909114411	-1.2744636383207286	1.5728711824545096	0.34239903966652413	-0.5914610151471102	-0.7715138336668854	-0.5253440417468855	-0.5991085488515097	2.274595260125061	0.5120033696522482	-0.16751320604302397	-0.9541141438333897	0.8671687110591204	-0.5142160999082676	-0.36114642030686533	0.7150362157322108	-0.044262006757791586	1.5338680282162236	2.239342055542935	0.4348082429661272	-3.200147719049171	-1.5448198555608932	1.0425025578683245	-3.074370111152466	-1.0396452014026105	-1.2216750266891119	0.5720620301698531	-0.8566013647251467	0.013129537801741012	0.9983640305989465	0.7008138868294513	-1.6841446739837735	-0.6264313841338305	-1.1240057996737032	-0.013271128231401563	0.24217762324009295	-0.18427081468192283	-1.798220767366118	0.4186493691964154	0.026767872932690624	0.44311580564163494	1.104286491487866	0.6514798853647986	-0.9997922452285348	0.44110277474874127	1.087039525081609	-1.4722593154068524	0.5081622352438085	-0.12145337674902085	2.5582386598385636	-2.046837235380068	-0.35441819880673087	1.4240307438799789	-1.737896685398395	0.3229102704911576	-1.1937750911524583	-0.4804251199766912	-0.8188226038356209	-0.030925309775855097	0.8498765962438112	2.5201516632933694	-1.162754927017603	0.7622807074487568	-0.2521029525667181	0.6046024428733546	-0.04626503731767551	0.3779637173395775	0.9380609178236923	-0.29729157653992594	-0.020301409602833363	0.05186822848724013	0.16825977696501843	-0.3712232180296154	-0.47249365419598266	0.4964776547796762	-0.2373140023642294	0.623580807597738	0.2533620645701667	-0.1587422988548959	0.5213376346972777	-0.2810133872016126	0.310097240974053	-0.26268414423070524	0.08269887106161712	-0.1307644556979714	-0.25749806668287667
DTXSID2045444	2.9965205570513778	-0.2430097311193469	-0.7314917242869491	-0.25736458926031713	2.5178505837999747	-1.3982896302206949	1.7676968142854848	3.542728824220043	-0.9571829854545469	-0.39314411360372037	-1.6402308588819394	-0.5140669769142533	0.12614701305682544	1.857016130575638	0.31305327101508396	-0.9752812341425335	0.16219489445117913	-0.5614942024019284	0.145527537047071	-1.4840101114416562	-0.42216860103613163	-1.2133874870061585	1.581283726690187	-0.2810812284158385	0.587115688402646	1.4263418710510285	0.5012000695504899	3.2399444371642825	-0.022375328489449935	-0.7080398196562002	-2.8268620723262083	-1.3724655098633742	3.3055755878882005	3.9709589264067047	1.8063738893634635	3.947349489537155	0.08215739807693803	0.9931783864117478	-1.0299307644776383	0.1593986853994808	4.649508921205118	-1.2029133319352225	-1.7441997113664918	4.034714323633031	-0.6309815125030435	0.5769437570372069	-1.4783388568358418	0.4814351258805621	-1.2326592690921157	-3.100598499954975	0.08716808872413231	-0.2387287797151564	-1.355613503720238	2.9168850411195884	-0.9214053656310192	-0.744866483152218	-1.259120466618524	-1.7962618622857962	-0.1524377857368077	3.3900220847716023	2.1013049839663456	-0.541295452388321	0.7145479381903258	-0.9382741618234671	1.5586337179851841	-0.8811581928702334	1.092682938377014	-0.45045053031050486	1.6491523775677976	0.7744374718261098	0.22139178557338926	-0.280946565366904	0.8737547418295225	1.3374282305659508	-0.7975447587161193	-0.538631056460655	-0.2585386620532967	-0.6859833697990153	-0.1777515623664126	0.0823392919774613	0.06417548166510297	0.6975556334627109	-0.050546901464686066	0.6428749899293787	-0.27622220817898707	0.32371422505007125	0.7374587453523028	-0.10763658338688963	-0.13132101128964926	0.5162561492245366	0.7726202409716931	0.08857818415064839	0.31446634876864354	0.04039269876802507	0.9782949085369773	0.7654114051371472	0.09020695903181035	-0.022482124264330383	0.45354354149243226	-0.552808737382012
DTXSID7025180	0.6568320451175508	4.23664333668857	-0.3562346208460165	0.1563937712744344	1.5300542070933296	-0.49657460058692565	-0.4914932764208741	-0.3685414312485147	1.904952747435079	-1.4231971590473644	-0.13599429043714806	-0.2608613342348112	-2.2403100182942626	1.5901633089099008	1.4468478122424375	1.2034925876203961	4.247493712549339	-2.633118808511085	-7.650346900672547	-2.47308178645301	1.0400027751326992	16.759663594068726	-4.9705416778199965	2.1968832336979673	-3.9156909822948402	0.6173541843079359	-4.394173233447887	-3.0181997894087633	1.5694817883437102	-1.8393697687688315	1.6318833452620936	-1.1633299109701165	3.0422949768331367	3.532454971329794	1.4044033950180428	3.213195160899052	3.560388222478494	-1.663527754641365	-3.407438210531542	-3.479531582146338	-0.5342223118137817	1.1674392016318862	-2.0934551606408007	5.470570034751061	3.3563846971019453	0.3664481641225581	0.7781760357807967	0.6255397681776577	1.559914851143127	5.3345609558727345	-0.3509628403797856	-2.30376503105086	3.8299527020399786	-1.6474128883281745	1.5678131331174767	-0.43049640701655145	2.5301510523551136	1.4800106096247418	0.04587105743106955	-1.7705267360056014	3.99953211558267	-2.2818180836109896	-0.8415852731155237	-0.7476428278773705	1.5038496976836975	0.7278067487476164	1.0076098666718476	-0.08754581180500526	-1.621991828546326	-0.10618292914177017	0.28461438526224114	-1.2770992747287773	0.5632265272685344	-1.1090589434742755	0.1911981523496038	-0.24445005675256676	0.9573795712329582	0.5632617923933002	-0.18496801060027926	0.2962362263144107	0.2531556056438725	-0.2590014779524533	-0.006890554521179074	0.4743720327123905	0.7228995091279232	0.3984116382799729	0.32140531118088855	0.8973209672754032	-0.1622209589732662	0.34759698609533224	0.9568529514248767	-0.30506545741781843	0.2587901532500882	-0.4104775423888114	-0.11142590666998456	0.2961184402312398	1.5280108053185637	-1.9393623440685488	0.2412887434777296	-0.8042484680654952
DTXSID3027580	0.7881863564281358	0.16501571821355132	6.53495131429423	-6.861567815185533	-2.2004823304020893	-2.987794524243533	1.1852249933070935	0.4734126049765543	0.7930074224095653	1.3225769346728897	0.8756787478806946	1.1086247393455055	2.647313447869678	-2.9600675113887416	-3.7171551960533606	-1.2198592507241972	-0.568951787303519	-1.662693725599612	0.11130494333084526	1.2595647583482334	-0.5777736119936601	1.01656694723443	-0.13183658367549766	-0.014743084543106305	-1.2554240674549446	1.0827110238875493	1.5700192086771345	0.9436822262233358	0.6865708862001775	0.9280874004562205	1.0260582933469182	-1.4313921317964522	-0.23443577469588756	-0.47467195947684726	0.9319373646976407	0.7271037624685125	-0.5984153792114637	-0.04962044139946301	0.04523281898143195	1.005403480490159	0.2992131329162504	-0.08456962327319453	-0.0067531283747433645	0.18531820698442622	0.16904946586487582	-0.14428893951300395	0.6701093126410447	-0.4427543684925939	0.09702764174378309	-0.7047488051657069	0.16075505335995663	-0.1349357721997819	0.02240764176578793	0.24635514086823362	-0.17963084205127317	-0.003824247334546518	-0.3062197678532542	0.27622792227673376	0.27890506313029934	-0.8096415183001016	0.29541754521170194	-0.5537491572866957	-0.6057509560396134	0.18153814256407638	0.3434292761476044	1.1463785144111245	-0.40309961422039803	0.7653115391212465	-0.2610030072218157	-0.04207606473280697	0.7098343501789932	0.11313549748952507	0.20265344271778177	-0.45938353398914744	0.29860909525536344	0.3448173842663314	0.061902792677904384	-0.08327616224613713	0.7276312700142251	-0.5691095258786226	0.7319377424990863	0.16617205035045213	0.04480674219455555	-0.29372157898825	0.15296523321414196	-0.328170203218503	0.07508246431471027	-0.5024686106681624	-0.05261915732549689	0.19075306427685462	-0.11726013511613462	-0.35137176290698885	-0.48860616982732585	0.009109076864269306	0.0562981542940585	0.1058297155792418	-0.16921166178230376	0.2859298380926721	0.34950396735387257	-0.30379259055173524
DTXSID1036545	1.2589005933805582	7.116065893993281	0.25933878291318224	0.7417611305756546	-2.145179025438687	0.10455528096577715	-3.0769623226824767	-0.5260747811773214	2.8280775408357473	-0.26572993801467126	1.8427831555747873	-0.6716648060990531	-2.007699382446118	-2.4240035080919524	-0.8036473610445642	1.7628712052547937	0.2827257626729085	0.7410934978410457	-0.7341477638222192	-0.9843316513155478	0.41416404903527876	-0.310317504457678	-0.7861342797851306	-0.5957230789921895	0.4274100839048029	1.0912045617943267	-0.4355372025004681	-0.43842485936958425	0.0007192131995520601	-0.4773363949927311	-0.592884599430746	-0.8036900268239451	-2.1640383078613783	0.40020524046526973	1.1325491392784555	-0.37251575488594946	-0.2510093706151159	-0.05208305764495299	-0.5967850522874446	0.4984647013368155	-0.46544238875128763	0.07322774588262755	0.7102137365031176	0.1757916335124195	0.24779967330593977	-0.5025225832193835	-0.49114365416687894	-0.9464293570370513	-0.5091081547166989	-0.16876905116952592	-0.022882855161303874	-0.2910231388667835	0.18152273123014964	-0.5905534304515616	-0.564068191183518	-0.5675803489977584	-0.3850784570022182	-0.16452698032763116	0.577006726468292	-0.25321620649139137	0.20752134114424386	0.31355017847354727	-0.47042945900495436	1.400319299146128	0.9475355503886889	1.1141315252960569	-0.28110374968964896	-0.3290544978279303	0.7253091148377343	-1.456089276317892	0.47800996838424564	-1.5787123872890414	1.0539662108628303	0.7823762821013885	0.5308245342893702	-0.18553524152237033	0.5071619776143559	0.6167627158451398	-0.5611780173563146	0.4045097442883223	0.37902507879226943	-0.2121025098363407	0.10747747807346947	-0.33682189433913134	0.9923095685322103	-0.11197792153686645	0.45914480999463214	0.10179362052546546	-0.9902629499202403	0.7426121783754488	-2.0413056575688384	0.21034395349686935	1.1222556609738028	-1.1729323667142582	0.32760189374558907	0.9829421538956975	0.23169523721382645	0.914849733065678	0.662851360558144	-0.11804256347067436
DTXSID60663110	3.2495896165214537	-2.43401218708975	-6.427314259410787	-11.031551661117415	3.9990275039260608	10.205900104572716	-0.5961101712166125	-4.40189213063178	6.783368452279714	-0.9756619018482385	5.971663969098615	-1.7474650918040135	4.35927766092282	6.129202352689764	1.620635832666143	1.212789026254966	-1.617729727021783	0.366096903112639	2.7094185062701808	-0.9751453774348925	-2.043620137191429	1.3180063741197665	0.9576705508483951	-0.17607635862746637	0.6398301946971927	0.24368909437167505	-0.5603972337791515	-0.9022642872171316	0.129669732268276	0.061275436434194294	-0.33724934747122753	-0.8226323455900874	-0.35258497891784335	0.7829044125736324	-0.052331988502103105	0.07542856607606263	0.5982401459375388	0.11418050604529605	0.41890490975295447	0.5486167353415745	0.19834973250705074	0.37947804966556764	-1.0625712986474436	-0.19433430629964007	-0.5483769213450242	0.5903701670639332	-0.3745032723972043	-0.20946023033843597	-0.12190027717466802	0.1988862772820061	0.05461295606317636	0.022928692856822294	-0.2881458946039763	0.007620151246470907	0.5789338921900872	0.04687149989027714	0.5913646356123161	0.3724386799017478	-1.0657098788516235	0.38590874956498067	-0.15309135773939359	0.4095046060896365	-0.3678633224932856	-0.6667221656004149	-0.001780868494252324	-0.6160952996119253	-0.198963003051237	-0.29070781176467325	0.13484805304859554	-0.4869883106826006	-0.4483913516247815	0.02012824265212045	-0.2378098276793009	0.4173703631567674	-0.588589473581081	0.24242202332589824	0.2743589965097412	0.613312453295395	0.4616594900529225	-0.25534745748304694	0.3735142297151573	0.07836056866390756	-0.23394540457882287	0.2723556162481669	-0.35146024498581435	0.33293331395032805	-0.6073303082118069	-0.3491024729110142	0.4909667454063871	-0.31658459842682823	0.8754123709483939	-0.3835685354549445	-0.20515874468650333	0.9582658580225732	-0.3280219442273397	-0.2985148592690219	0.275076333712754	-0.09564097478325984	-0.08740298884500168	-0.30868535271496345
DTXSID9023095	5.342272229795262	0.7257270671930185	-0.6647207645391872	2.17341707071868	4.909838357146746	-0.5406996359526317	2.384896726564811	1.8898802801154084	4.279296909239956	1.8805550581102992	-2.9349829903060805	-1.2308361466493867	0.8608041241053487	-2.271753494477883	1.1255610099054054	-1.3252901906680683	3.3936883269208327	1.4692551313314968	0.1642472188502619	-0.8548936961399579	1.8464383943721254	-0.6472985680100163	-1.5546346421248918	0.8904474127918289	1.8958635669085127	0.41143158272218966	1.4829095762587905	2.4012981644649543	1.6495025471023685	-1.4565192684033952	-0.8326424462249402	-0.7373070524129448	-2.536258456747243	-0.42661368197728783	0.9571675921666868	-1.828572186240523	-1.3806468772956049	-1.100802132375752	-2.4052129358801966	-1.1781451659613715	-1.9290216074599278	-0.9370208513266075	-0.48122605263545476	-1.5536482536471934	-1.6556861422212292	0.47597172109041813	-1.1823664431969862	0.4268679946341688	0.08026824676084358	-0.4557285310228397	-0.383555958529041	-2.9604630284519486	-1.0306082791957227	0.44999970138256906	2.5256552116977105	-0.06196703888365983	-1.585921682508459	-0.02971441381471552	-1.315971415816562	0.4236082174004157	1.0397220277609496	-2.8130933613094182	-2.1469797605982164	-1.3071777282799886	-0.3600771561044294	-2.5230430806629114	0.7684082518717448	2.0695016369004757	-0.3646327925163377	0.16941354982696216	-0.47330577881853525	-0.9128968356396465	0.5421346464067015	-0.3210756719158419	0.36576591774914186	0.7677934875109562	0.8877956450548322	-1.206440093471425	0.2715081635091778	-0.2639415008188456	-0.5071114820916532	2.195856623182636	-0.6220491779271832	-0.08172724084432906	-0.047320845250362835	0.43520185512183107	-0.8810665971806454	-0.38618170397992496	1.336583803968838	-0.3000577420134458	0.07618405443081626	0.7074371339258876	-0.47587403824623475	-0.9634587553103341	-0.5104914485949912	0.8397992582701942	0.0499036331494204	0.5208683422637006	0.4051727130722964	-0.002643586080287814
DTXSID8044466	1.905345705958032	-1.5101361435096516	-5.0825873830995265	-1.7342263713262895	4.366649359818663	-1.6118327286933496	-6.995778508648873	-0.38892814507836143	-5.139705675822858	-2.1745389194427474	11.517572953007665	-4.1478928786816045	5.092197832141742	-1.8525773711965716	3.9662345014091342	-4.87715804296597	2.6616936361054995	1.1909626552114283	-0.18372492440716018	2.0788635821689976	1.7477890643398184	0.6408120147324049	-4.673176669786161	1.0269646036633477	0.1852780638523819	-1.3427115235009264	-1.906452611792681	2.01602173633235	1.0046968781060863	-0.6608560971530308	-0.37293645092029853	0.8095670738130389	-0.6837635834350217	-3.3152404214052567	-1.0270529318817097	5.19008155698805	-2.1598565406023575	0.6897256103377225	-3.750967042242914	-1.485220111032122	1.7678116505928692	-1.7713031712567906	5.41254436842505	-2.521919247863525	-0.34191012838378015	-0.4523477186763382	-3.139611507167448	4.186484022753612	-0.4604391896407088	-0.7914917454712815	0.3117031925143592	2.3767329131045534	0.3145002380316229	1.8983364239619376	0.8329456042215113	1.9954108908098847	-2.4698041774049018	4.641007230419298	2.944617294652832	-0.0001269029640216724	2.435046005162912	4.387421185511745	-1.9936668405789613	-0.5076808470619221	1.0587375257767435	1.1481981091623246	1.5674110504645111	-1.230263557679629	-0.9070063997156649	1.401977421313192	-0.9182800822451773	-0.6681252447471938	0.6097748840697788	-0.18063963131358834	1.6332186222244625	-0.090424952974716	-2.1538775367675025	-0.6510111462025288	-0.18651769399193666	0.5222596777133679	0.5716837865151556	-0.890530047008183	1.2782709016723064	-0.26051106422084513	0.1214794670959885	-0.6212810308602216	-0.5300007863112773	0.652019609592771	0.38569031082381133	0.4143995748463186	-0.017651629047635155	0.4655163499337297	-0.3396715828105528	-0.6594091529466155	-0.20161203866695354	0.09333234952800967	0.1809091536213299	0.48593689105419186	-0.25320387459799554	0.02842545579164136
DTXSID00379268	-1.1230965508641322	-2.819040693876389	-3.2452640554336605	-5.997516756440917	2.5628850309509414	5.386010093471538	-1.0600619728422296	-2.372634989793425	3.170371068665519	-0.5737951627150868	4.544517892239129	-1.310297329110653	3.1923242314102365	3.0832976342641496	1.5491541873165875	0.2764937524465068	-0.812433321360414	0.5881528293403062	1.431928703016769	-0.4399324538631937	-0.9926546978637089	0.7293743226195094	0.4605245351768982	-0.2342090638949402	0.5075833737653147	0.4138718420377647	-0.26464702658673567	-0.5833906397295872	-0.044376473185805995	0.09672853441850317	0.0054856772151225695	-0.43202521861840076	-0.17388476276289572	0.48211723236889586	0.14330559481360125	0.0016219492351249479	0.4136901877367041	0.15337224338015448	0.45783358147427067	0.5744893892504861	0.0075537510544158035	0.21759319447652972	-0.879832363232847	-0.07685777030925904	-0.3211081297191615	0.2883144893867453	0.04240030110010183	-0.3962741397181199	-0.01745699670071967	0.0075640069983412975	0.07138358685035569	-0.07718300914162626	-0.2064287686225277	-0.11770487600470649	0.3349257303503859	-0.21505917089704388	0.3820651945536145	-0.1394270028998877	-0.6230683022519202	0.3333250825797519	-0.10638486977175964	-0.025953155973258795	-0.10989881901799477	-0.22162275960512373	-0.10196683454114322	-0.1897374161186875	-0.37288168113425163	-0.11084142244487359	0.13806366628670017	-0.22235493930491215	-0.22097622314191803	0.06783253670724194	-0.12358999951924089	0.0829232275005142	-0.24959652504025232	0.2591288278079287	0.28154113667086755	0.42774548320910677	0.2820444346032254	-0.338195815023248	0.007582593968179238	-0.20540896429452352	-0.24413423420798921	0.20985101658876648	-0.09758572351678788	0.48415446922613486	-0.1487288588299932	-0.0740723161290862	0.1548685150340975	-0.40871731238482367	0.9315750090413552	-0.2929933846331987	-0.03929660011255641	0.6764044355508521	-0.3422840840959204	-0.2999568628525476	0.04705042750412577	-0.033743186186018494	-0.10626816023328706	-0.07267048917188826
DTXSID7048879	0.06816635763448904	0.6362339781952416	-1.5410211288028608	0.0925887868968319	-2.9322428567931897	-0.9556792700278826	-1.6754725486887818	1.0291409777748504	-2.174519640924913	-0.030626488358330504	-2.9037134290749895	0.05071341548196934	-0.014452043901330931	5.539299861547539	0.537297169858315	-0.5085486065113304	-0.5202475495341919	0.6288120925788138	2.431392634244523	0.40382620290476484	-0.14223949582540363	-0.6470274895098607	-4.150993945257435	2.1477720198428707	-0.5272242695580025	-0.7838968327712732	2.7371528154920695	0.5687533815067841	-0.07324392926674632	1.8546480980101279	0.22704071674030732	-1.8539046286524605	3.163282440115564	2.391874867731301	1.2188380761315567	0.4485413496460456	0.8090808500512991	-2.455908758007385	1.330996875705856	-0.02513936047672534	-0.032472206245459136	0.40401242510693663	-0.09750681619615337	0.8295908607470209	-1.8962983249510068	-0.21163398758481705	-0.7248036607291125	-1.2488218963542654	-0.4096429052957387	-1.5496868458568245	0.3567293190121724	-0.4372579794905801	-0.6842023502071967	0.4619017106634986	1.762656144116481	-1.1187197026102271	0.034398758664310386	0.7092596532827518	1.351265861807821	-0.8268722278145435	-0.7793222550495726	1.9188753666800233	-0.9041372636200556	-2.596619172336064	-0.6222391418249995	1.5392876440957493	0.07062883503805413	0.4002616460475117	0.7509661245181611	-0.6696245692540119	0.4419757866961968	-1.8170907340500744	0.1453942842746756	-0.503033441718538	1.09555192006855	0.44573590584470785	0.4333310709325934	-0.4495498770278651	-0.3418413080957798	-0.3987965699879287	0.9277471315663011	-0.45302876709937434	-0.6963988104601296	1.2239376477174004	-0.4493244017507554	0.2997352076235789	0.8964492965738261	1.8356808772170372	-0.3695195700333177	-0.3802017304170858	0.3607952516934082	0.3792496671176645	0.4349169194806189	-0.12973637401917978	1.410912091855013	1.0937117064802813	-0.5468139540510708	-0.02073830843732755	-0.3445897736915823	-0.18088095891878284
DTXSID0032029	7.647208156970573	-2.0441076696246836	0.0488591420065162	3.70525142661671	-3.0559498251253903	0.0715170887095684	1.0836130135248547	3.4881621599148236	2.610163652164807	-3.5172702620568956	-0.031781591378327444	0.7913870837149172	-2.557792034904607	0.721440667863509	3.949719306140799	-1.5062765537720832	-1.993774293097639	-1.7704490186929491	1.7114255096378173	2.21892822189252	1.3460944096717091	0.1916615529790605	3.1019631336362403	0.021725193622445786	1.237879804518039	5.048168207137289	1.1630762214304127	2.76532493306557	3.4040152146454026	-0.22321819077118155	0.2469945834293178	0.5429131305803565	1.5635918449940505	1.0742092921426076	-1.6518242137194092	-0.469204800616289	-1.8256006769202737	3.5298355789668974	-1.4019668879722065	3.48482329510684	0.3798570661221104	0.37431261599562377	-2.7162446631670263	0.5035126549166493	1.5928776457192824	-0.02961589360966535	-4.54230515399761	1.9663929070605923	-3.1142154674044042	9.030829010638731	-1.4245108905895651	-0.6401955822483871	-0.20739587876448218	-3.7760990241263137	-1.883607554755806	2.5322161365263134	-4.419525070599795	-3.2953491035352216	-1.5648209411429033	-1.3945311378912553	-2.7771347670969573	4.50112049266981	-5.553045866796197	0.8399699401721178	0.41569982353043355	3.3507694267724224	-0.10799832689621901	1.3489457966929232	0.4747947123423792	-2.120153393553287	3.288899660811726	1.5039433094284378	-0.1337042242650604	-4.5124911083449595	-1.6114414674713162	-0.7976984073332499	0.4952379442752014	-1.0719026529303102	-2.5956707995815793	-2.9557384815872947	4.604971802087107	0.9930509135993764	-0.3540163797457626	-0.8621465784714403	0.9438187236214264	-2.4531121372980755	-0.41486152334466675	-1.664297398311756	-1.10457625991134	1.6027484541368222	3.9176343488123955	1.0108589495845026	2.0450661845790656	0.1890199849976253	0.2852963989427997	-0.5589545343341182	0.9551106040612087	1.2584532042790473	-1.2323851977186246	0.9813104462610586
DTXSID2025345	-4.315090800744794	-0.875583188779662	0.4294583739223638	2.0137396570547788	1.562739041805675	0.21423368406610435	0.3293043926961393	-0.97660195822156	-0.7881105099558324	-2.3731644386538093	0.057375433364631155	-0.22356794436757021	-0.6066813755301534	0.6638447406337036	-1.3773608324151376	-0.42457698091354373	0.8159742057106878	-0.5401929720076458	-0.9100095125148816	0.7102604087964137	0.036973882247958674	-1.126096533358878	2.1778117015436105	0.6063421729740559	-0.21802816500342617	-0.7113088582459727	0.2410024968563967	1.1267847893240823	0.3537381518059247	-0.07244805265811753	1.681202840378851	0.4361271040510243	-0.8872024241865013	3.0211099300910105	-1.01120363854351	2.407408698030825	1.3705986686130822	-0.16933780632952972	2.7184137443474166	0.34500726195750975	0.152529655120743	1.667225825592167	2.4676184277608737	-0.7792999256724834	1.877814459481582	0.5465886939038773	0.07725717593266473	-0.04834014458812947	-0.8288836767600067	-0.7846734602310761	-0.4023923711316359	-1.282256326721544	1.0612531772016252	0.38269473005274796	0.030312561978219656	1.5795886490351034	1.1335434893700223	-1.2705972687263911	-0.4093761443688706	-0.8643683966445704	1.3413111119191783	-0.7584565276228084	-2.1542971248346494	-0.24359714157826612	-3.5539907394013333	-1.9681437427362516	-1.054266137034393	-0.8853989175216841	-0.35487149170313453	-0.20237473220805505	0.21889215846097698	0.7157475686570589	0.42603070574255103	-0.4300621515208494	0.147480075272163	0.068491530933937	0.0784846579645561	0.4380623463691354	0.141238518507755	-0.15568239559721495	0.31714413066888636	-0.4918496837915622	-0.2196340559014842	-0.1832006425125945	-0.21160230815703512	0.4030973061665966	0.7648913357324953	-0.05371432945222523	0.19977154411504233	0.03461699113732375	0.23447604836061717	-0.4700966174746338	0.09578726657924264	-0.09429872021507357	0.5229676524938104	-0.14129148561492105	0.34537157089887704	0.01656205056245684	0.011821123557849669	0.035050770633097195
DTXSID6041715	13.409381491460188	4.674848562141893	-8.68432198812659	-2.9794395475258018	1.5799082286525155	0.42516455370227296	-3.872140502656398	-5.150541808988749	-3.676985978034521	-0.06764261164539088	-8.340118597590498	-2.9829025479811073	-1.020174695591364	-1.6334345767297482	2.950829045761733	0.11858784444699251	-0.08746960083168011	-1.8528108900808462	0.9213711139345702	-0.721707901464071	-0.3799429118142964	-0.3559598268882252	0.9329047522446985	-0.7409427482941118	-2.2304487551368997	0.958169567097271	2.0969095005930467	1.1664266255455162	0.6093202027765772	0.6211374162035114	0.08272581940772798	0.8801425609892303	0.9947562650655072	-1.013899329964438	-0.1927972989865294	2.1838624113863823	0.4668690482956551	-2.161535180154525	0.4170404581708859	0.9244632968063691	-0.08205002975240007	-0.5245799246483174	-0.8243940992136474	0.15326913449594975	-0.6470468513717087	-0.6979857534435555	0.20419500973820487	-0.36032977402937716	1.2048989273485768	-0.06021710527744282	0.35015831697018474	0.020795257721064733	-0.4583697175531057	0.29986211568761295	0.9651733652502097	-1.330490270807974	0.25687585535989643	-0.40438636075800044	1.3210723199107333	0.6286910047308353	-0.006304980582908751	-0.6503566086187036	-0.08583146641206957	-1.367468646553829	-1.5955073054712705	2.088990434042864	-0.3773478634117501	-0.5952173806435489	1.0390312465543492	0.0350830977498651	0.004147295088642769	2.0427010678186606	0.38833169737132406	-0.5162833974359254	-0.920181002904978	-0.8723121710973268	-0.47660697032492777	-0.6681419265772397	0.7674639470874538	-0.9042382695172617	-0.6464346634072842	-0.46063081807876666	1.3151198446579138	0.5284715550101273	-0.36321641420617645	-0.5220664566433477	0.22235467197608216	0.38858984461625884	-0.5263075836546018	0.3031247895377251	0.1717512954218139	-0.11197164703025544	0.24987478722205925	1.001709702303014	0.38225692011680085	0.49642958367687345	0.02503339122903627	0.056529001277430345	0.4444293917907331	-0.5211852621136014
DTXSID5046510	-1.4396976518204516	-3.4648576389767833	-0.5705601361879522	2.101498489618373	3.9861177500827845	-1.9016510070987396	0.5110441202874267	2.7856110662100804	2.475867517711147	0.6119831575392075	-2.380719824341914	-0.881529180638963	0.1681664023926177	0.6993771498414025	1.5220877193015132	-2.5449175988093247	-0.3121136112277892	-0.8249586593894229	-0.22372326584079605	2.4208276333927694	0.40550740510343364	-0.308214247451799	2.1149659930891485	1.2968256483633545	-2.015440979698953	0.7266655028650394	-0.8190491173457338	-1.9345967799599733	-1.9333865769693985	-0.8100346307159636	0.23142110292060608	-0.2534649756114876	-3.121526703530975	2.516776116865221	1.365709815297965	-1.5883159946706251	-0.9746976357859513	-0.6910159474636353	1.2606781552127928	-1.239076081441826	1.9829177284405373	-0.5886432157385552	-2.7500716657021838	1.1115590773460784	-0.6701662696378394	-0.246449615837345	-0.37775944680617035	0.2938844564064824	0.41295652731478494	1.2509583701569464	0.8828599259564885	1.2214365450048241	0.11540372709348809	0.5528940059894033	0.4746235686769642	-0.39771819409589265	-0.466235291476629	1.3035377004824098	1.291168292181554	-0.25216619973609283	0.06784509197398868	2.7814075785462835	0.3765505986242069	-0.2634626264167397	-1.5703132540625124	0.6478935562007528	-1.485320217885976	-0.6223538549699769	-0.782939853794006	0.5633030757617213	-0.7163017743277862	1.4361718475023357	-0.4608417325843205	0.27273515464455284	0.5631035283684989	0.5321339529274459	-0.886152445800296	0.53254789202302	2.163094307873467	1.0504001166314512	-0.08575101430720079	0.29859850826618806	0.5079630339470022	-0.7106385592438916	-0.9752587313261714	3.1383521126399456	0.14186744824374262	1.1539108561683251	-1.3205757486701581	0.7044421167633989	-0.7318854579547812	1.1946378971422216	-1.2011923590309304	-0.3277561599786659	-0.2274436019069888	1.032090579568675	0.9787938128899762	0.3494758901859005	-0.09643090263734082	0.31381919974933165
DTXSID5047459	8.126356611872831	2.7453430145389914	-4.977622892401608	-1.6793285641789892	2.8971222014710585	0.7511242650507804	-1.413470690044653	0.49582425467482455	1.8532772425145525	-1.7422657269368378	-1.6751069425813303	-2.072872297688392	-3.2000203236270433	-3.098611567238614	-0.5548955728695201	-1.5759877871293597	2.03115288868145	-0.7499577414268201	-2.283724434692514	0.7385082107797816	2.272215470098884	-0.519282187252613	-2.1570407422389	0.5355348688665379	0.740249852862405	0.9815898109104912	0.2283864766955495	1.9661902455880396	-0.6203477456196976	-0.3667550516407378	-0.4984240006514881	0.5326850928434598	-0.6437310148936848	-0.5812120936933469	-0.629243384403785	-1.1431678758863462	-0.7465307474726222	-0.43399962653912216	0.8280237935860175	0.21679317142232588	1.0474920103688843	0.15478188034021878	-0.19620973780454554	-0.2757410386978838	-0.08625617379023442	0.21924558438606867	-1.1490179463871248	0.8408556922433278	0.4590619000415348	-0.4258320055340117	-0.08781335049973839	-0.2359225530499766	-0.5298727516144115	0.7276670137294109	-0.25318658060111193	-1.1245203307706289	0.12000215135598702	-0.6308855571793069	0.6964344104369982	-2.2267558244350933	-1.0402711057909664	-1.1693817391543904	0.6302699105111136	0.9014003940757352	-0.17652404637204427	-1.8008940398162085	0.37887855020920125	0.8593453795689555	0.02151981813301474	0.07874099181271707	0.29038233593393725	0.21405716710432116	-0.29271369168710965	-1.251752640329371	0.8379442101220198	-1.7860257816030898	0.4976132134504197	0.36299467050858564	0.7899423557682693	-0.47659241011903897	-0.20025701610056165	0.1477897540440534	-1.0861395998352357	-0.6212619421307564	-1.6044270794273439	0.7387783952677938	0.19173323272767914	-1.2138695350730122	-0.9977674702262145	-1.4895259331774318	0.7872112255620384	1.6195861612061233	0.3531613595524741	0.3364534321308528	-0.571953594188993	-2.3508113070824797	0.8110156715589545	0.4012498695107589	2.1787305290117973	0.34666847971404674
DTXSID5040413	49.0868723634671	-17.433156842815464	-2.5410648491848913	10.425262499001775	-11.15191685359338	0.4633932413179852	-0.3272981739962833	-1.2255119440205515	2.729787654675414	2.584252769653838	0.7039538842895929	2.0494354890413202	1.3944129950502893	-1.2825994727074137	0.7341183797883998	0.943635305814328	0.6931923407558902	1.7348783706992867	0.6648412523490235	-2.5348556456584106	0.779777352613457	-2.2690916862254107	-1.490563150884848	1.589856104357169	-2.3819480498159424	-2.6009222805044168	-4.103431672783499	-0.8053493402546513	0.4689530702281861	0.24249098118094584	-1.080785108386638	-1.3710167260589994	-2.3626297678309918	0.18371093147465334	0.9633915232148117	1.7337765724503227	2.11606238152154	1.5349429735620088	0.9691688930262953	0.14727660359688835	-1.9916833655237165	1.8913734745751714	0.48749869505515775	2.7240535205641287	-2.222687603783128	0.7106933374166003	-1.8720630370320623	0.46873957118595433	-0.04461102371609906	0.003428562224225677	0.2039441245902027	2.2199805379818414	-0.7587395133016609	1.723182003711108	-0.5473048712541981	0.33683158404806235	2.6921370001750047	0.7636838498416201	-2.587137320477802	1.4157942002909405	-1.5190464082981343	0.004929524331528543	-0.5962356785645775	1.7012140189289109	-0.7919277483723932	1.9737006934102943	2.8500746774070005	3.5213760015306534	-0.38845421280184705	-0.2280944143956398	0.49912739411291657	1.0046211253722064	1.7238668425377435	-2.1289626269831206	-1.5425160344307707	-1.2951119227551988	-0.16609657419411866	0.15154491924490593	-1.3324418219125982	0.374904948711367	1.5277311489968934	-1.8225974918019214	-1.3287410025005628	0.628401578119651	0.9279960867952546	-2.745032567374011	-1.8601995721792077	-0.569397320862452	1.0517762037938145	1.4021292032459631	0.17031354391725947	-0.9478004313578546	-2.578257054761951	-0.2731565101110157	-1.9131174237449413	-0.20058717359182376	1.5700972144556937	1.6154354434995013	1.8375004113590736	-1.8984660241789646
DTXSID4051580	-5.395230198452701	-0.820916941126713	-1.071065331090115	2.0796748786055548	-0.5575930104766555	-0.12121378755611334	1.103790161716281	-2.0383290599803767	-1.2070787613199383	-1.6492257844133134	-1.3335830687456842	-0.1317514498187569	1.7931783731196387	0.05308601821232108	0.32681821406438827	-0.47678108108350503	-0.4983192677446475	0.057853025461581095	-0.5729794664637383	0.8230181609351238	-1.4100861797295814	-0.5332924573816381	0.5495823240905455	0.0930993488284598	1.0175635686467372	-1.5357989846614046	-0.37594972866640564	-0.08829062321348075	0.6752425380945022	-0.5405046728003391	0.9993778823281515	-0.8275254506449694	0.1283186172877323	0.2321925941911666	0.5910431918566411	-0.3854045749739803	-0.04478371697513923	0.2844126300578099	-0.9692955010035457	0.0638669585856843	0.39484161201210405	-0.2546306702782447	0.6905754950884667	0.6642662977347263	-0.6587519280018104	-0.04396623686759956	0.09016067992792787	-0.4280063063851255	0.28287898443567855	0.36337988527887	0.1494362379322985	-0.5308286110973897	-0.0671174715183005	-0.2910096682617283	-0.42234750251783654	-0.08779359582258767	0.34791512228161187	-0.5723032923093218	0.17651135560790235	-0.622085517706001	-0.27308610437355196	-0.23855604919336812	0.5131428447291447	-0.5239622757785029	-0.2839108301540966	0.4963950075671236	-0.04595554957002445	0.4469709668146533	-0.08232856858988483	-0.2863577974375974	0.18226300703347997	0.2243390553832509	-0.7092046594083994	0.48314097224101393	-0.16119063499987624	-0.29228990009657413	-0.4482045576307829	0.05328894190258703	-0.32222896757959935	-0.4606383286095779	-0.29360026494638625	0.4733234060048051	-0.5896607733055725	0.4953316693417479	0.2886074617864213	0.07711111074863264	0.040523841678824786	0.14297767811106435	0.04581104916752591	-0.37188210012172845	-0.09238606083188737	-0.4110191254968655	-0.01258211469633554	-0.31419005039885656	-0.40584461076218864	-0.49215598401487676	-0.1618463460581612	0.0454932651379444	-0.004554725461862333	-0.24816115234642652
DTXSID8024862	-2.2671058041194287	-0.3486992124782784	0.4299949540790047	2.2458236433717533	-2.6430520188355766	-0.31282312724420974	-0.4250794641450637	-0.5574324184321744	1.4579623419444592	-2.3855506036863052	-1.1446575927647689	0.2179130957221769	-0.6881976301544319	1.5690939746305446	1.5660016312312741	-1.0691898510516393	1.8707678517048896	0.35703286752888036	2.4762818377365847	-0.2458271295647938	-0.4341972176379408	0.01737057461428917	0.5348734644929297	0.9096612528336374	0.9965871057877268	1.0952892404022114	2.918971479098129	-0.5545272999794426	0.4567737028053958	0.20633141423886497	0.4007032007041144	0.7393247041573116	-0.9285198476326848	1.0140294714715754	0.8384623733895891	-0.17534299561766514	0.216439482003155	0.8946695786301411	-0.6883866064943159	-1.5748836255581729	-0.6267445400166425	-0.15853291713018308	1.191561114268589	-0.011805964525738998	0.6028733961588462	0.14187370574732294	0.7990725814331264	0.021624947925659936	-0.3385395789403083	0.18574104834445848	0.10980442786423648	0.7590423007784864	0.5193520714814119	-0.062224045790681054	-0.16700822118552772	0.48630944547354227	0.3012555875977878	-0.5838027825901021	0.7551219740125076	0.8502338070166688	0.27360156947588077	-0.258287417600709	0.35302665852326065	0.22897355346088666	0.9300925080765378	1.0636101214942066	0.13417690453363287	0.6140470911634431	-0.6502967398281134	-0.2788116521867144	0.00890508411826264	0.9592067331220134	-1.021256217877414	0.40748336357571857	-0.38468715017495736	-0.8384684451723335	-0.14795623479916784	0.5339108199637207	0.7480783517034063	-0.5098612962914615	0.6575846313560787	0.7585788334936943	-0.5359556589179358	-0.20177072436872864	-0.29380735280410636	-0.5864237252112203	-0.346512890137173	-0.4337944842822521	0.04405063879868392	0.5719134380011389	0.27477088319073784	0.671285740171881	0.44206124388868046	0.4607839988807978	0.41179492325170197	0.08777949487812965	0.4786005021487224	0.08104645906426397	0.07397398481370594	-0.02157542028489068
DTXSID8027454	-4.018848710745407	-3.0074270816190993	0.17916354889186326	0.23502739256111235	3.5768355858634817	-0.7850382057950591	-1.210123278832701	1.354623580200891	0.026641999780781002	-1.1687169284913534	-0.786359863274794	-0.2639228863945912	-0.6734693196309842	0.7552454156131997	-0.5138828040982318	1.1560410836779926	-1.817214658808224	-0.06593210419133534	-1.831906738889296	1.328589255503582	-0.28944744820342116	0.03879754430369484	-0.2831100502597901	-0.814190395060261	0.04428956625929666	0.7122461601094814	0.9778676047598845	-0.4762889621781135	-0.43136110065310157	0.5934304422820558	0.7560964001053546	0.5820230999294908	0.36371362923406103	0.13500947956597192	0.8912142922385313	0.3438394643384717	-0.39387179283649726	-0.18415244120621613	0.18215751383405648	0.15902242172435516	0.44572491657573093	0.16302690315700147	-0.8130691351426184	-0.6677309814908587	0.05275313876592708	0.31275877223492443	-0.1478189623229006	0.40054008038418576	-0.10848142513677557	0.16962582423560368	0.0025013137266820156	0.19849382610294367	-0.0963325106878112	0.24358424228827016	0.2611755194552742	-0.10570469189629376	0.47074989217215574	0.7916221780827933	-0.37073462121312745	0.019693980325367202	0.0029534916719353675	-0.203915737462504	-0.4570623041637351	-0.1473868553767098	-0.16273390991233183	0.12499401097072903	-0.0007396649807253053	0.1166306286632813	-0.049826455370786706	0.016432396819589495	-0.4520035336347612	0.4918980947099927	-0.3101851207981223	0.23504335700966553	0.010796122411688288	-0.5342797480072278	-0.9480727049368097	-0.0715334448877837	0.36535311420513467	-0.8956817811293822	-0.8093863823932547	0.15791027656144008	0.14549111593674124	-0.05728734083305802	-0.49859371370794076	-0.003909848806181427	-0.1682602278616568	-0.8771552072915995	0.12555520582792573	-1.0083267739476138	-0.3471144555335641	-0.4587172969344654	-0.1750350630337949	0.10850622779030276	0.07047151304064984	-0.6924183479717512	0.5436560044087179	-0.0012998610964685422	0.03439715804752318	-0.18843340373828948
DTXSID3057802	1.6764468749742254	3.4904168684187273	-1.5440990563684034	4.792003655555644	1.2174328322112649	-0.5753045473510104	0.48286521709385966	1.0274331118511988	2.525854897090166	1.5716692882069898	-0.05322142297483058	-0.22927015629428696	-1.5411637087324994	1.4766135288438345	1.5543260778924521	-0.8352826602524649	1.6596281596728284	-1.770701163050499	-1.584816178650171	-0.8498705847449177	0.11490728917035835	7.004733039766876	1.196775352707524	0.5808066286935667	-0.6649202677148416	0.9137209835634461	-0.7674317946298163	-0.6956953882687513	0.5063221661204087	-0.8401010882434157	1.503925912070998	-2.112463914976994	0.994895410771406	0.48176876272502706	-0.0014538003273503843	-0.5310533467392108	-0.4471493649814379	0.9571965153501147	2.349351411923146	-0.12827838680754733	-1.3464581760617504	-3.3553161056755507	2.0843166267321718	-2.888188340842988	-1.5685452960757722	-1.2485028375887715	-0.7701798427308232	-1.386615890184098	1.1053361118718497	-2.4235402441825262	0.5783182319181775	2.374122469171762	-1.4423951320057888	-0.541128425824363	-2.321191286000734	-0.9716261392814387	-1.4151895078779206	-1.798626144179811	-1.2689312025022372	-0.018464921835048158	-1.6016197670005596	0.5923274499652248	-2.345250985527187	1.370559698608594	1.1722470955407458	-1.166663518404158	0.4776938777778524	-0.917150322966125	1.223202472163794	0.11838486743176024	0.0635999044426437	0.6247197486418482	-0.049769452583599334	0.9160282466202436	1.020669640316935	-0.5610469551913579	-0.6653807507813481	0.9438676904864597	-0.554637477620677	-0.07401035582332566	-0.43163080275457494	-0.6924753644964338	-0.5535850829757032	-0.5434794291132197	0.2504624574672105	0.40209261403491003	0.6233948769334946	0.5017884965903697	-0.23758843309102629	-0.3957105727129114	-0.41257831613389234	-0.08292003967402277	-0.538054262839562	-0.4338140938889017	-0.009609001535796685	-0.546404424884056	-0.655408753485726	0.7146912896578416	1.2024230651857355	0.8108100731676703
DTXSID1044564	-1.1786313574658542	-1.5828510354965388	1.6953269910100826	-2.228927651747853	-2.0742701023937284	-3.1256660857686143	1.6681670570816443	0.9864740137514778	0.7082143842202809	0.7243122730465467	0.5443018403460972	0.41637448961146967	0.3748590475171297	0.7642901868607733	2.414143882024902	1.7398427966046996	-3.1884503107661986	0.9234499928869088	-0.7425846384106448	0.03409659269124052	-0.995088204171762	0.27921120064153987	-2.632145315588146	-1.2444261124262515	-0.043369782764162326	-0.9648912092532409	0.163400276178174	1.3474609795805956	-0.12589482197239196	0.07329915861463031	0.2186156487386672	0.2910532281691148	0.9532516093257812	0.30654654736513315	-1.2427066025963034	0.022976228454510875	-1.4456294572319401	-1.2558251137859662	-0.010599473853470596	-0.886792667432263	0.29362787205133634	0.07978196715368263	-0.7297080634688061	-0.5578025302154777	0.6107747493359138	0.42983040681390855	-0.09304652787953736	0.4975257119257502	0.042444878120969594	-0.49108066926761784	-0.4162106481421602	-0.4216049054017695	0.24915255977275738	-0.08872847392160506	0.6163241558322479	-0.19060394996101176	-0.4122630414534454	0.9625294324556102	-0.21071956536691663	0.45211234875159734	-0.14309533947660621	0.0682664709887838	-0.9812109257516564	0.5387510554438086	-0.1766080486825642	-0.6737533935513823	-0.007242037297625362	0.16067259968481537	-0.44142872183231324	-0.587254981166125	-0.1048508209252198	0.5685064386429706	-0.31927556429339843	-0.16132659460477697	-0.8534877475152242	0.7602524848903387	-0.5839209815667507	1.56618492197884	0.38832946576272065	0.5667761923236693	-0.6539071156132152	1.2246707022000796	-0.9627586906005742	-0.6528582534656513	-0.36715224669311786	0.07567019841496017	-0.2991906588342024	-1.7204693199035097	1.2479160689637485	-1.7775245963320296	-1.1077506840293483	-0.8438523875018479	-0.6932266532061022	-0.27706878686037945	1.7614573384348802	-0.43197129728410066	1.1940160707606462	-0.49293350469240593	0.9149891425375745	-0.14841520992101942
DTXSID1022003	-4.465020382114518	0.8367796573846651	2.2350611566642353	-0.18513160833080067	-1.4819456027636928	-0.3960275908636173	-0.32669320449132516	-1.3396756182741016	1.6542762205895436	-0.1304225911963292	0.39792917884439366	-0.5783389742666251	-0.2262111292802892	-1.1242736144603145	-0.047492804539848894	-0.11081292781788188	0.4527292476125101	0.25048466828706717	-0.39461744149805694	-0.3976797153613196	-0.22567565094388317	-0.24047932134870337	-0.01286233851430673	-0.4020260094363299	0.8416361412833168	-0.6743416028448787	-0.23836647044338632	-0.5631547783386425	-0.21814056898496395	0.07961675011806417	-0.76223549719351	0.8560350825492834	0.9406644658262411	0.4362721229953326	0.6398712507990842	0.32020440331540095	-0.3376961725615408	0.3277734308534487	0.3822340048507124	-0.04934977733359136	-0.17886968384309768	-0.16893601170222236	-0.18089525260936107	-0.11167993960364593	-0.6021972287386597	0.3774194790237564	0.24557908842084375	-0.10773547043229055	-0.01444356074394047	0.11264923229242935	-0.006118173054547583	-0.006260384463095361	0.15588890938637598	-0.21171236496090698	0.3040271392246863	0.16918632893335292	-0.26301680446112724	-0.08047398755937309	-0.2578399769498	-0.3760993820881869	0.26777455255206856	0.49127188561286306	0.13074597986320927	0.012346969243454178	0.17181850320058994	-0.35828848314343836	0.27308980929256954	1.0443593575636607	-0.023981050826069418	-0.20569697755665323	0.10553254104635496	0.48207080779905637	-0.5633123325389472	0.1639628328486136	-0.31932515371304976	-0.07952339184082663	0.16876938934923952	0.03549624010912391	0.13037627644619995	0.43424611887548814	-0.06749747298049542	0.18140285541143283	0.1900065002888435	0.34296015317205153	0.014625772194422097	-0.29575132660138903	-0.043282881840133146	0.8563532117615843	1.128685313241538	0.015077486493475026	0.05122708281405854	0.09936495492710927	-0.06014837936392373	-0.0973337216950809	-0.42911435579239904	-0.03993181000722182	0.19495927739752994	-0.16208950402323133	-0.32159428714207416	0.37900030737647517
DTXSID6045323	4.059779261788658	1.0312130428881996	3.233564541593017	0.026024829493055037	-0.5365779548419624	-1.4640159673606163	1.0539282068570284	1.2296903768678153	1.1677657123991372	-0.7222692445927338	-0.8389472146606886	0.4822040413420467	-0.422424055483379	0.9921377465391402	3.1278895545913548	0.05014717837478817	-3.19866379072278	-0.7644790455254149	-0.8936506539859324	4.799299597183143	2.618317570457376	-1.026597844713005	3.118023174173427	1.0892709343152145	-0.5397013296748606	1.5288130803069955	-0.48909938996266433	-1.052398833586728	-1.0911301479578794	0.40962014953278414	-0.07022649577992363	-0.7342192731735399	-0.6875345481414921	-0.24802211398818086	2.1584410311309226	1.062447920063649	3.370275991078177	-0.3375902026878566	-0.4396789648441829	-1.5610953017307314	0.9383288656454284	-0.5751390433908146	-0.1829862691546	-0.8575033415178521	0.26995615754330954	-0.20753211569382118	0.2836948350525387	0.4777806742409628	-0.25371406944805786	-0.03038706537277309	0.13471310508785972	1.0456291645098423	0.10056849398812731	-0.03956846994130205	1.1257110729638213	-1.8078649757193168	0.5303181035644139	-0.11833442280282155	0.7503651124895055	1.1593251330616252	-0.5528282974781757	1.4544605663642318	-1.8982338242928227	-0.1658668203775071	-0.9093860758668488	0.9651308770051334	2.2427932753585114	0.7507827966816638	-0.5046420535638482	-1.07417071035251	2.0104647362035264	-0.5870214826846344	-0.06834791806503894	-2.2115025581093453	-0.8098435431856004	0.6207733088108857	-0.663692914190575	-0.8770742469577354	0.8542229353204882	0.16290350487078362	-0.1108860299794021	0.5657147535004357	-1.329358279258505	1.2667952604555544	0.27890814397625874	0.6818115836421261	0.03230919308200094	0.08139246593449136	-0.6003072017204022	-0.24539244102932958	-1.7167468066659295	-0.4847154392118233	-0.10069067507824224	-0.6361269383135616	0.06974304077324696	0.09064977376964935	-0.024017222029438644	-0.27366610174665323	-0.280183726968539	-0.16345850737764378
DTXSID2049422	0.9725056013417259	1.498712225975965	-1.1606777223543785	0.6247984769204458	1.059494322615772	-2.368814901730061	0.6943096128332098	2.6041395612857476	0.5660133761609641	3.4596512520936193	-0.5254142153638829	-0.23170406012687322	-0.11046284472958627	2.446821267430066	1.344744216595985	0.16173828307311872	-1.9641495784757281	0.7707321517935631	-0.3520540668917182	-0.9128356916224096	-0.05419309694441397	-0.373059925641318	1.4051329876213856	-0.05522014003238874	-0.10583484442127307	0.42166272497118285	0.06776907302482513	0.23638171651479026	-0.31730422772124606	-1.081897916160178	-0.11066625728850775	0.2074828095464476	1.57326093310044	0.03958353029441025	-0.3881465667120765	-0.3887647254997347	-1.184239771821551	0.06839034918939571	-1.2025920880303225	1.3462902716749567	1.0793093120859654	-0.027453875588360523	0.44927451732723767	-1.0183475926734014	0.07398565691655003	0.6838397938798495	-0.27155781360886155	0.6487809693277002	0.4340597105272884	-0.41160397029229223	-0.47958034577175246	-0.3525201921365753	0.3404557422160594	0.24787709537396263	0.14591840344859583	0.6794959236069863	0.10711520710918083	1.696996382695769	-1.3394002650889714	-0.7060450578316916	-0.12370563982572881	-1.1640839225375967	-0.22204999106571832	0.4170823114711534	0.12774915062646483	-0.6186549778552906	-0.5476713082014989	-0.41344812862356956	-0.4522914761231912	0.011553787208273845	1.9435177437139612	0.5299717992101319	-1.2651264717904256	-1.8240883374890662	0.5698578579647947	-0.21795385439364617	0.4334283704453509	0.33992938186081895	0.6229319190555619	-0.30288677293670024	0.00809279242751438	-0.3686478641729993	-0.13625701283043745	0.23236901896326645	-0.06942564140455482	0.3752891957247416	0.8171025355771978	0.7474207436271639	-1.044710198630979	0.9166292603910621	0.6791261058226693	0.2934101009907768	0.7146984916013637	-0.031011382397107257	0.30936192039749194	0.44839467989595205	-0.023653937801078127	0.26978413479737745	0.41253370579828375	-0.3519452994355784
DTXSID7048827	5.216931137936208	4.283096772225365	-1.4945621311631212	1.9795148082037777	1.548021713071171	-0.37797935744971844	-1.3636759327602572	1.4107949948135752	-3.592038827225475	-2.829528685577044	2.3676520650367174	-0.050184698025206094	1.0081245284937177	2.636668301820096	0.36069029889417203	-0.5423357601995042	-0.3757325413726272	0.6926231130461744	0.2759721429478644	0.7757607740071866	0.403276909775218	-0.8646998793668424	-1.0737603595858962	0.767057749690693	-0.03763041437769857	-0.24097194267561037	0.58905880225455	-0.6573983976930342	0.0861942945144423	0.7456797697186792	2.0771658492941922	0.09790715126155015	0.9370763424755877	0.9461695554741448	-0.18253160572826121	0.21281574275642112	1.2601863871818317	0.07821411557516993	0.7975572510857744	0.3782899041699272	-0.7640903032109436	0.2485931671475576	-1.475252374874622	0.3849079885204266	-1.1723385389117311	0.8036392899328174	0.422063867398086	-0.27830138621970135	-0.1670899417644614	-0.30572887466805954	-0.12656274138532006	0.1972302012267995	-1.0884742872047695	0.09443723194200596	0.7629686485146457	-0.7432923844341411	0.08174111963317023	-0.3027371159622035	-1.2599629644087786	-0.43229229690359716	-0.13937135453668875	0.11689028251426734	0.41300642455237746	-0.9194414627389438	-0.7455936895247367	-1.1199750067581584	-0.8233705453922635	-0.17847994643647208	-0.7437842504403316	0.1095437971838806	-0.11937980485802648	-0.41587281318810804	-0.2360616502286751	-0.4247710184192788	1.490673384972542	-0.08110058441025053	0.35006431882954536	-0.13839073179898617	0.49976030846346053	-0.6969921722376036	0.0322668406259776	-0.14962521973693405	-0.8299042199439828	-0.7877186144888586	0.467063177547934	0.09792301172404413	0.3245210221606684	0.6444389198847282	-0.5053237541369294	0.5847971961486189	1.0449988090451265	0.43535758928991586	-0.15901763923280937	-0.018191842925694156	0.6876293342248004	-0.46663997796352336	0.6453444244223614	-0.12774851242025811	0.2870790113323142	0.3667537108144642
DTXSID0024470	-3.3272806065799685	1.9677554859849975	-2.2686199352609067	2.516611504706159	-1.325516396545296	1.2994217660708587	2.62900011353943	0.8416308059235413	-1.0237774240539896	1.4035834289649414	0.5582612787841792	-0.8228912562398643	-0.6485034903384798	1.0928064061358664	-1.3122783189770069	-2.6926153111091122	0.3683253343125914	-0.5935397742700838	-0.10246381583085547	0.41518294453920424	-0.5384061552335979	-0.3179056692503753	1.3341989607165592	-0.02972547065809669	-0.725527938572365	1.4805345867323738	0.04171409266768311	2.7587183122427885	-0.4127021170572283	0.9594992904564459	-0.4698709417199683	-2.3580661985858944	0.30476760257468594	0.016031224184535793	-1.6877348092188882	0.9153008165303883	1.152425409283639	3.1297766572917745	0.16940697202494456	-0.31200831591243866	-2.8357327454815358	0.33683153888050477	-1.344731664397599	-1.6321499389337468	1.0487682692283349	-0.9449584773092019	0.028203185120389048	-1.05704561894586	0.12220802270966838	0.6982949503810918	0.5105506884632595	0.6638109164659126	-0.13229504954302293	-0.5974088486211887	1.361389098868547	-0.14155527595378908	2.430884818697633	2.112559449104387	1.6614446636393165	0.505012941814605	-0.3489946312951811	-0.28092752965420836	1.4725783534362142	0.4865585715329471	0.4390758234605524	-0.7017699439681648	-0.30379386890183147	-0.11967050958168089	-0.11207069688806383	-0.35114553307190194	0.05602628213514711	1.0465735398507903	0.00047697394447993464	1.4626786519768233	0.2424667167748814	-0.5263676242858348	0.25517385648648583	-0.2913992242198122	-1.178746345048037	1.482302901359814	0.35374094223686814	-0.08128978798319329	0.7230598466962533	0.31464301140378137	-0.01682986701560932	0.048438896832067216	-0.8923197184067414	-0.5088572873656094	-0.031145834111523735	0.18626285911589976	-0.08457735791470399	0.4287673328128634	0.14857692186743335	0.34838194155076524	0.011484612659838415	0.2535027171105843	0.5811873737691178	-0.1537374126221891	0.6735773963049287	0.20156278405724265
DTXSID8051544	-3.885441742216666	-2.8505741765703707	0.37045170496818247	-0.32753931746431186	-2.2070001074185948	-2.1120359755424984	1.3882003175198814	2.094777387328832	2.2129732119225944	-0.4629791170001238	0.46516342230284474	0.40817552752565167	-0.8340799251660144	0.5459697154252979	5.012212782466816	2.202146510295539	-4.755889808724463	0.8178532015153739	-1.829792333688523	0.8429925681624806	-0.9483736863134601	1.6630023068652477	-1.1073323999286668	-2.19559745369885	0.999894903693971	0.4162341720219833	2.0035829765642865	0.2291215301589948	-0.33382907869376577	-3.031792400058971	-0.13758177194234827	-0.0002163982051148724	2.248326812141478	-2.8732661451069617	-1.7132636230880174	-2.7700693954925137	-2.5417110893481043	-0.8510654270938343	4.230680096368305	2.4832587583119983	0.9036558312724915	-1.3121776364084683	1.0173694857631328	-1.609305725823378	0.2941838008014051	-1.1837194595244063	-1.7637133801356373	1.059593092869496	0.24395735993172432	-1.280384974771944	-0.3442142915543441	-2.4819007730172147	0.09896371011330551	1.1257810436499227	-1.3686086513471103	3.835773615663592	0.6910025527750119	3.8595267277153265	-0.43370214899772497	-1.5479620040947133	4.596627922401847	-2.150152025896484	3.8060808241535544	-0.9654071411746447	-1.1646176258111676	1.354680759348215	-0.8815145202692759	-0.06695533300005121	-2.139790013623244	-1.7763602091414714	3.4530187218183683	0.007789327542906278	-0.5151079680289118	-1.5769897727573783	0.13449969764526326	-1.2589094502265956	0.24438364322226608	-1.6432608908634716	-0.7931086462746726	0.7027867539017456	2.7850835210522953	1.5427997352929932	-0.7418322895218356	0.7291102704862907	1.704788145918568	1.232858950106005	-0.961702885354706	-2.6225567106180288	0.007595046699687778	1.9531618610865737	1.7361833417214096	0.20100925880912038	-0.6099306897027592	-0.6413423762682746	-0.8042019239832241	1.8279216476431128	-0.18083179573189745	0.38041377338950877	-0.7361102277483996	0.36787063174384027
DTXSID0022646	2.6288623125027666	1.5753191699733413	4.318818932144631	-0.7259736308021799	-1.8197683990165858	-1.922857197388087	1.1416934797184903	-0.22327105463046512	1.1717238510858998	0.2701689591173359	0.7791829125333052	0.2763230065647057	0.012462857457633205	-0.26033401148201935	1.0488328449827062	-0.014861126596580648	-0.6509549981224584	0.2107521895004718	-0.015831595021090553	-0.6152713446910418	-0.21105768726709556	-0.05600761518052463	-0.10258664324500238	-0.02134026182789753	-0.42678918456163345	-0.17459794989675334	0.7094718138925061	0.7647939297294801	-0.00014702989677201628	-0.021011284788652815	0.3984643522358693	-0.08348991490877697	0.24800210664862624	-0.3070300036103367	-0.7902551925310499	-0.5385295605056174	-0.924058018706947	-0.20803227001675648	0.4656585983611605	0.07910212315493283	0.1444387756445937	0.5127603253925693	-0.12934835241220435	0.3902973327859094	-0.3162007606780731	0.0461589107922934	0.13903593081387883	0.07900059768009482	-0.05118600136184425	0.10405821862174776	0.017683408733637763	0.19556205455393733	0.3061850154209541	0.013660628972921104	0.18889401773327086	-0.5602764406197119	0.39338847155504614	0.3085545330274106	-0.3794631611811545	-0.18082067830821902	0.4688256844238494	0.11054739647235837	-0.9016580894122685	-0.194266498933067	0.32656203023875174	-0.3412646070131943	0.42652366034824835	0.060364459397270566	-0.28169413389294373	-0.9040042134109195	-0.362558212033728	0.05653934035898118	-0.25259284133511456	-0.2620095754050346	-1.0642093707924578	0.6123707124038434	0.3608930151734047	0.7644723379562322	0.3774273434268246	0.15779133712811944	-0.5341603375371466	-0.10365822708041009	0.4278212999637268	0.037174760423269115	-0.1234673443815504	-0.08023705141644039	-0.21859859915030555	0.20891303708708656	0.8693644144099237	-1.1928011041885531	-1.080212265751073	-0.9373737061717274	0.0742845482195698	0.008206485204816396	0.380363614695807	-0.20094679844688235	0.11266957904410217	-0.6410904901086079	-0.45932263616705626	0.3666463569640701
DTXSID1049352	6.792376969836947	1.9640915382312032	6.37749132577023	-6.8499300585172005	-1.0803481513017672	-6.0514341576212605	6.152521177758053	-2.8516632673912463	0.16882071435382168	-0.33315940629389323	0.14581816236881517	0.8914554660638312	2.2303649306507594	-4.2374495727904575	-3.3432632948768424	-2.359944445967809	0.6451642738844563	-1.5776847243441212	-0.5850729520726144	0.8008256520863432	-1.5821402439375294	-0.08882752012027552	0.0016059740108868214	0.6244584311681616	-1.410048162532372	-0.6582563849242556	1.5847175959367066	-0.6055654828878262	0.27645889428646964	1.864534703334395	0.2853801549486239	0.1302708976883349	1.0865803626744528	0.0678125469533618	2.037242139102177	1.0199262154932534	-2.017399039854799	0.7460454028601099	0.6152005929824065	0.04680914238100474	-1.208035384493726	-0.45079326762244865	-0.0467985758935247	-0.26843565292374794	-0.16174856724658188	0.016312648643206352	1.3861252615278727	-0.26720939820074846	-0.5308980355724963	-0.5304891271620712	-0.2898557040165299	-0.10978976357503799	-0.44255882054749374	0.08973610013781202	-0.11853647858041427	0.9491593818813601	-1.3913442835179843	0.5290602585464459	-0.6686208023745454	0.05054451192091483	0.7210478953823587	-0.16629934302968652	-0.49967967113490813	0.36003879704703773	0.9713224731525298	0.5026787760332755	-0.7191133108074371	0.7284841621532385	-0.7064157430650367	-0.7125535555755208	0.137989865522572	-0.6497968971828577	0.035651718187141586	-0.897061981149955	0.8301597521196338	0.06909954268489056	0.5245126046148216	0.7876934811152768	0.026475121427596338	-0.35848285951840764	-0.5305734786490839	0.1125917448131138	0.46861744770313774	0.4443014360373485	0.3714392232357068	-0.2566557257221218	0.022366801390352745	-1.924198249982931	-0.5017188363032922	0.23109496277877462	-0.023696560254531027	-0.05111066450684494	0.21063771053533475	-0.43197759934594443	-0.25381216871775525	0.7665874624537411	0.13150628788816335	-0.18984868244266287	0.5547869176344586	0.3081153945998236
DTXSID0027640	-3.3038654534326293	-4.941730186851531	-2.9709541790377534	-0.633449979513669	1.850934388831953	-0.8711771212838015	-3.571201112806841	-0.16766700552799876	-2.7880178344529076	-0.40946306616075134	5.559868333260305	-2.159912842145851	2.862285781381602	-0.7367485946499459	2.0238244384948025	-1.3733408537975336	1.1625332350924025	0.9514110245309495	0.05648346640991012	0.09420016115654853	0.13523447460588947	0.34536441555387704	-0.4585754193181802	-0.5070067739061732	0.3335794983762444	0.7295799102907327	0.21924957066461281	0.0357806469435927	-0.39464769113761716	0.10015917901699102	-0.4108929307543386	1.0597616029743406	0.10998279682360963	0.8067440236375322	0.2944959191956046	-1.145081801101922	0.8653628036495478	0.15024405105328334	0.5319765504451446	-0.2029239339637251	-0.743310128330036	-0.0541558852168651	-1.0381334515762843	0.02068454592586517	0.11554551915361662	0.1255414314947783	0.820325008951774	-0.8970736457036514	0.08712777000038538	-0.181785988816613	0.057503429229761455	-0.2748859194153152	-0.019358304728371897	-0.4177434418479849	0.29356205824041387	-0.4715787047436733	0.2194054382914475	-1.23368131178839	-0.3897443505279898	0.47930741856881137	-0.5191386650209844	-0.7970130701897934	0.6354737598516799	0.14446866991844523	-0.23788983329476004	0.22925714655007637	-0.9036472424179488	0.17674159312324647	0.1465171370849592	0.094294832208705	0.3506727162902954	0.012639408877131709	0.7853262708939579	-0.5869068301638325	-0.37352807331449633	-0.20976901875790122	-0.513753518398975	-0.49603547144393373	-0.45636446808755016	0.1237913835149506	0.3253144928951028	0.10330301726664287	-0.31004816897696114	-0.020407392021588592	0.4878732236671255	0.2588968967028277	0.4897944805286036	0.005461361380533717	0.1169347698831267	0.3715335553602462	-0.33378899725114053	-0.07944545655713524	-0.6473479641410508	-0.09797803545020262	0.03549543597612913	0.3215695115120795	-0.594991430488736	-0.18195612293868435	-0.22543494213328355	0.07239576016582139
DTXSID8046531	-5.3611243463672285	-1.4781980152766703	-1.1941281917562958	1.8635985300233548	-0.3168374946824391	-0.4423667858036242	1.442193333104508	-0.8408221113744215	-0.5806635364813262	-1.5831054904437103	0.465047840529218	-0.11820760885020791	-0.13327291943081124	0.07326822464828764	-0.2715468465582731	-0.017680417839505566	-0.01024335249913032	0.16211400439929655	-0.8876366012726715	0.2613672653734152	-1.0093340249408347	-0.8507110489101146	0.6886089377256842	0.260801403895804	0.05105406758642802	-1.068252660595602	-0.382134947177746	0.1587633848903176	0.8807859943208669	-0.8751389151464385	1.4544164956491739	-0.7123569442359396	-0.7368458334962074	-0.2934933452268122	-0.04207062489479969	-0.31474408169363777	0.04233802741993566	0.6206349737140027	-1.0097233296575898	0.4154928276269112	0.3100180852174997	0.05066033326933411	0.6184787372227686	1.1649711209153533	-0.8215158166581232	-0.09273955368857607	0.14782094011449465	-0.7382093634012065	0.40170907981373666	0.45583334668844755	0.18165938777510243	-0.33794162471423406	-0.19548737542874806	-0.3213927775775077	-0.6583645769670864	-0.5351839491522115	0.48910669442456944	-0.5583937438267961	-0.2704370993962893	-0.550562009757694	-0.1330104290152437	-0.3816159289786537	0.6138806549794595	-0.2302865903152885	-0.40891563413748117	0.22859713287693503	0.10674032147866892	-0.08776873000265951	0.4487255963829809	-0.3995714757332577	-0.44742410212720746	0.206893092497907	-0.345031265804718	0.30291557334151054	0.05065082383966235	-0.1655832800550745	0.028640981587395555	0.48584000851699327	-0.5340639166620679	-0.444636279291165	-0.1263967253928783	-0.2111409796910605	-0.6716127917461336	0.6314682708665244	0.42248096047126543	0.3632941321276767	-0.04688953095986851	0.24505717088296267	-0.05187751184202867	-0.3253954410622727	0.025635602337880578	-0.2416216826172284	-0.0019769765186093175	-0.304359715619055	-0.13847648487317782	-0.18134164707029882	-0.030791572522390932	-0.19794546948725675	-0.2633889211842236	0.28106115615145366
DTXSID7025635	-3.623367475840549	0.22786238709291481	-2.194869919989508	1.41072833640487	2.047363727818053	0.08832716800903996	-1.0141534813082687	-1.5049445339089942	0.3415544111588306	1.3662032936007371	0.9164387184662477	6.803481403966374	-0.9073428094474576	-1.0419509852658018	1.0338341012286016	-0.2571532888045971	-1.441265583553948	0.3808743455269768	0.3021213489665321	-0.5965964178118911	0.2857780037480438	0.19306541493944093	0.08615059925000895	0.08341914448094725	0.2124460387706437	-0.4752206237594307	1.110404107829212	0.021028274377417066	0.315721004402239	0.4038440324496067	-0.14904794488618567	-0.5411148084040368	0.30814989069608995	-0.3683529382309306	-0.9073615490958137	0.156402256437858	-0.2620184401254618	-0.005150485321360155	-0.11809692032482669	-0.11049198103199265	0.51281950588049	0.315467993129439	-0.03831460317817858	0.6128946824163429	-0.25312627590431985	0.31340578625353505	0.673328435611607	0.27388810814267767	0.07463450776507607	0.3475486247083668	-0.10033367985618108	0.18664978350010647	0.0691926191569699	0.24939563279750931	0.14173219258614114	-0.7269267093049033	-0.1823999946043845	-0.10120535199014113	-0.5284525160166673	-0.02498683522585457	-0.04587385099064252	-0.5659599719812634	-0.14054192051544898	0.4835368122096134	-0.36934581877361894	-0.39748543591158286	0.04215083544926505	-0.10183153876935894	-0.7409030479590795	0.048099724104014176	-0.33144253563242754	-0.11651751522595845	-0.006591783466873473	0.0692132188674747	0.07032363883928511	0.7402656001378219	0.09932363052793708	-0.7036059450574549	-0.33995963194786344	-0.8076236915840146	0.009092759826678884	-0.5425648955360309	0.4727635474527556	0.32660208836330246	-0.2973299154482182	0.5987516639146929	1.5057415792163007	-0.7918059357690186	0.9229843985963141	0.6617784048229103	-0.25418508504143783	-0.3712002040256215	0.08782987169388559	0.4993641497270582	-0.2893682743262242	-0.3030385483805369	0.142600184554015	0.23763705418550063	0.07104963062492774	-0.6325670733428024
DTXSID1021827	-5.223727976750659	0.694587675478468	1.862081554563265	0.08825924363134195	-1.5496409788134031	-0.06896207417128389	-0.9455993733907414	-0.8374818868023953	1.620261559321517	-0.25689528613107954	0.6569498839506894	-0.44642783148039256	-0.28916708749176034	-1.0326211389676059	-0.3503488745978614	0.40568318105503043	0.15960137134561556	0.11616177066403534	-0.1832987492583464	-0.15946998504902787	0.17642563601356248	-0.11732688071623666	-0.2936774098330682	-0.2948615433983233	0.022023479679623613	-0.34770914913460005	-0.0014829605560277132	-0.15408269857434792	0.08349869620980467	-0.12807970558689927	0.10058767518324054	0.3713005465302494	0.2727148257026449	0.018461812899451046	-0.36799375747743185	-0.061770929479598544	-0.1694916510275667	-0.08035611027491424	-0.12584472744997544	-0.18228039037141197	0.1115834875224775	0.17820288990171684	-0.34257915643470105	-0.1420967424704721	-0.415550140601527	0.2662896497876266	-0.17436488168787628	-0.11588510885035919	-0.036989196629520875	0.05042757107242691	-0.05788630633201059	-0.057723286938549015	-0.11734537645757254	0.1352066040729309	0.0021205982818974854	0.15717722760263783	0.20669785412644207	0.19963814311488176	-0.4439614508216173	0.06914672043420181	-0.11901302485548242	0.22370581497228254	0.3376034662737627	0.19082445761553837	-0.14686866574991517	-0.15464749143462217	-0.12289691145602587	-0.013466442281755918	0.20684652105823367	0.13261391049768514	0.05590235745360332	0.006432458178006358	0.24974975948178532	0.04258503827873985	-0.5570979554414056	0.37044844423391965	0.2424936880061118	0.4508025605939654	-0.08460188147676953	-0.04350130016105858	0.5232862417869647	-0.706670918680182	0.034037012874952664	0.1514467674763166	0.2941556621827578	-0.01716876212383556	-0.47396348982136033	0.4590930958819024	-0.15154198549430084	0.21631542251752775	-0.4684116888920198	0.27163361997529534	0.12477224050211713	-0.07269000361863333	-0.23447549841842827	-0.11119550170986298	-0.06913062519171255	-0.04238234913824021	0.07714781377393776	0.09453915696860045
DTXSID6045614	19.956413476616486	2.642555552451845	-1.7280742710121646	7.7794548274701345	4.872684688150227	-4.422421387079295	6.293102765512445	5.549733331922101	5.529368745832515	-3.2396162660255343	-0.31614766914538606	-0.22331534981291504	-0.005664119691322248	-3.02494523941368	5.289851802885381	1.0647008678990044	-6.437065659160157	-0.3634848042221016	1.7122985452096928	2.7757935454904628	4.364458732409957	1.960039953695369	2.988977724388253	-0.07639531504692909	0.3999256925073025	2.633894673343994	-0.9446671962328771	-2.6705882818424627	-2.5804947804653104	-2.05006863708512	0.6890851396080901	-0.8048289259455751	-0.40175470367210697	-3.4559261841131206	0.23221978167425852	-2.3458010407900876	0.6086710185478199	-1.3817296294867036	4.671308301334513	1.132716118727169	1.9965807389216053	-0.1475866043405596	-0.7301171996928693	1.6826444543371175	0.07563666051027039	-2.2889717090710895	-1.4728118127549674	-0.5959662506893423	-0.16828693945724804	-0.29839311942835817	0.39364498419166694	-1.8797002016944713	-0.7359849592294817	1.1417270195842562	-1.7637705164351218	1.3939578363307896	0.779186899196441	3.4722429017382814	-0.4318163603751286	-0.48472460714588256	5.038394688848765	2.3764735456619652	1.7662698702405923	-1.1467374639586754	-1.8939646226783768	-0.39045891401605015	-0.42377697744178844	2.5552558273518198	-1.2350242983593	-1.9789295377886178	2.7486845291833113	0.024702818951313307	-0.5141502504855623	-0.46740555070673395	0.9278808804846972	-2.483298528355647	-1.7594500804836153	-0.05336306470970861	0.6025155756930161	-0.5457177647987252	3.431102412976794	-0.3480985286789591	-0.3690590356912648	1.6495257018320126	-0.40453790039687404	0.46968087027461447	-2.0519351663286853	-1.4389446876700773	-0.13795291416735395	2.3528938141756766	0.11370561327257078	1.195435079405647	0.022764797134723035	-3.019748779152853	-1.9009743691149763	3.0028056517245143	0.7237491809522631	1.3862324807999895	-0.41969313878448317	0.10034159179699055
DTXSID2020921	-4.068108036689102	3.023500860837279	-0.7057158585049103	2.1002189802121727	-1.8204600454158861	0.11796787778497549	-1.2180840606696626	-1.0398579988416041	1.6580541352963765	2.335193999798077	1.2573198265201244	-1.1396617077363906	-1.2420568160176029	0.21240204038820834	-1.081090224123935	-0.6846450991771343	-0.4250235579976678	-0.40948080312842655	0.24831632137737403	0.18160536799465274	-0.05070425494549096	0.24921705492332888	-0.08664826421255316	-0.3847462972590517	-0.2855531380344171	0.3997638565089775	-0.31302276982950966	0.22087276433473432	-0.40253562496106626	0.10843255610910053	0.023560987118115904	0.30399636450954876	-0.1523814033132845	-0.27382341617254297	-0.43281105023813254	-0.6045670953734674	0.11405838728774564	0.5372183645507833	0.3948498227996316	0.287021810439398	-0.3656405810282619	0.3571879507356101	0.21795160498558716	0.29635765335343933	0.046939339525310694	0.1755079537738795	0.19948626906801967	-0.2666339302941318	-0.0011384261427748196	-0.075932104317285	0.11425751567127358	0.15101650052336948	0.049274056833111375	0.002631448655626568	-0.14390990282274319	-0.3841624435770763	0.09821907199687142	-0.28244465608677194	0.015862861009345756	-0.25589426716782265	0.6474268880201632	0.13290973446343035	-0.3532969202245704	0.03663945222276121	0.42532351058643575	0.08453173863379773	0.15924581828386022	-0.3878313593748585	0.4209831768914375	0.5661251964022326	0.30656000123368043	-0.5448173399843304	0.2320196735898841	-0.008775820819552386	-0.014163241062822072	-0.22871621949700033	-0.23127384100609077	0.07305578252573135	-0.06536514429350333	-0.2671992506020538	0.2793327331086837	0.007261417349074498	-0.03202181281578328	-0.3139640776490181	0.019686957577332315	0.1893939271334215	0.003937331607735001	-0.3859671648075897	-0.1877190451926311	0.015744286078398104	-0.029681422771544282	-0.4484629640023323	-0.32931211096881435	-0.0908640617593568	-0.06683379024391678	-0.011267530894143505	0.1721139538103778	0.028215423131365935	0.3690817714348577	0.15775330781787364
DTXSID2049004	6.31326387789096	4.589155460982304	0.8627621748865002	1.5446186165881444	-0.3742282133114739	-2.307822951467341	0.7775880978617121	2.373768268632121	2.869681203054748	-0.21516721054170493	-1.2053017573044182	0.5467360222090164	0.09658490906350103	1.4223642288645422	4.136551420739709	-0.9093683925618282	-2.0040823673326127	-0.12488006938116285	1.1083571572109412	3.3043255907008477	2.876926874262592	-1.399558535194858	2.4870272847920716	2.55159067453764	-0.968861173562698	-0.179305000071383	-0.5130137012714441	-0.027083788690872614	-1.0402256026068883	1.0433788602943708	0.17897447764656743	-1.5407842250326618	0.4941031511949983	0.010390242423073518	1.9817827056656663	1.913280203166949	1.3271049606248475	-1.3034430234226826	-0.7195731410552524	-1.9352820177168464	0.5005792143494295	0.29355653199360593	-0.8677929285674177	1.3071563343427304	0.11359625274861855	-0.42119652510895683	1.5939242117108736	-1.2755276172388683	-0.47758732291983647	-0.8797913514418093	0.11820775751665598	0.15295457673352428	-0.19198900423770474	-0.0410604906219216	0.49326961164566097	-2.0507988531310044	-1.1064172684514537	0.430087201485181	-0.17757192048444478	0.7436022971187005	-0.8228845338752674	1.7861325428384809	-1.2556288121886818	-0.636326770467948	-1.2938395198554182	-0.2972012643108124	0.7018923443338129	2.0558022082536014	-0.3296055484255347	-1.9927556590170168	0.704854000716781	0.2589668979849146	0.39698266213292704	-2.9871286669410413	0.16725375783457697	-0.6994045486592462	-0.6538156733554246	-0.979399371732744	0.9461215622956669	0.6781068302431277	-0.16367698766780908	0.3719668881244194	-0.9769189969770959	0.9977722284671178	-0.27191370606189463	0.39304227385237334	0.35181823874278273	-0.16514534882415735	-0.35589235186923296	0.44842694324046267	-0.47358003527502646	-0.024753802025577677	0.0510373838394831	-0.8506127796425781	0.19786349015055674	0.9102081266106259	0.932940758649395	0.2655846509886746	-0.83443691959561	-0.3785112263275881
DTXSID8020129	-2.9478114931941928	-3.846457280460048	-4.167445450241813	2.2675838685122667	11.452964329205557	-2.6737000631514385	-2.2702798812506675	8.811732496127325	9.330401653994315	-0.783082250035751	-6.69258872295563	-3.601232936744917	4.205157131511813	-6.486117152425488	-0.759336257450803	0.27860088229031715	-0.43088025270669134	-0.36281906036935024	1.6884127080041877	1.5159544689926572	-6.509043880346567	-0.7937084347010915	-5.919867455545974	-1.333658399959524	-1.4995729530151156	0.06747964791499007	0.16921524854591175	-1.6638401736154917	-2.099136258980136	0.2613232409039955	-2.0327252685055326	0.7645051369202599	3.8359127028431588	-0.4740434945722591	-4.8549871986538395	0.921663363299534	7.538535759100886	2.8009917125073334	-2.073667137126457	2.518026438980902	-1.5910490716975532	3.695730935425055	4.811504904540467	0.27696868534179736	-2.591883093227233	-0.895625326976829	0.8925434449359158	-1.190810429087476	-2.2135894267390124	-1.3737809386635178	-0.1484972925699931	-0.3857757253853404	0.9616520626030695	-1.6514486416667313	-2.623982277312435	-0.6127131019692724	1.5608130898338184	-2.723339911745641	-0.003026831678300377	-0.5766545411959261	-0.5140657720625754	3.3670929888563554	0.25900660842698	-0.8051001356601429	2.800545365674691	2.005412762904457	0.3921804004352279	-3.097643218219774	-3.3475327927548735	0.3431224193643068	-2.786513905527635	2.8361670071976146	-0.4521147923108373	-1.2132054478425038	-1.2423917223461869	4.189638884328579	2.804810231347557	-2.0303352640597208	1.0237597120509105	1.4830783198498896	-0.5965278513266172	1.8936955446689758	-0.6958926829822797	-0.866226613881469	1.2169538619081	0.5466250208635125	1.0765617832075922	-1.657958127477199	0.028067579393158747	0.49679823396821776	0.05191262671592148	0.01859036851354559	0.21490078003404206	-1.6241994591082218	-0.6091489894710455	0.5243461516677649	-0.05803692627538123	0.3614646851237914	0.16327898723826226	-0.32927583786179315
DTXSID7052529	-3.634337944439752	0.9654872035823531	-0.803559964122044	1.8719759134098715	-2.0391673341201755	0.2602052024872635	-2.6442408092407077	-2.9223687364480915	-1.7507990009635028	-1.9415685666849873	-4.515819986279361	-0.24900189979913084	4.267620299940716	1.736499259432134	0.61781715964903	-0.7282795592277721	-0.947752616630814	0.1428396987714284	0.12382661666474384	0.44285837554005214	0.8334497814945064	-0.009094613222170499	-0.0067339347791109195	0.6892791135459404	0.08879946447346909	-0.2579342093064923	1.3616099972874434	0.6071031188471858	-0.2985035197256336	0.6252966487113145	0.44560720680617033	-0.5915301645098429	1.2591270023151278	0.7632810712532186	-0.953268627617269	-0.39593709864294463	-0.34688764229635327	-0.36359253376162476	0.3302708536699872	-0.01000165232992579	-0.3043510584144744	0.43640636752109674	-0.4392478197330594	0.25513434128627815	-0.7241274326154049	-0.04102239649415537	0.20227308614901976	-0.7134210750885351	-0.17926799743150246	-0.3198765306952137	0.20002090275784926	-0.1831746807817689	-0.14995215549774857	0.36709071525992976	0.675001428501141	-0.36818777572996714	0.5133317336681452	0.2927587561641485	0.037983078264554763	-0.500018688512282	0.345460874056282	0.5260077407482636	-0.1664456590436648	-0.7340962443203191	-0.1907886332491541	0.018717461372777466	0.12039918522338884	-0.3908571142799609	0.6361281293619601	0.31028711320049174	-0.13965098023088726	-0.9248939329072241	0.5512931948185995	-0.6878070080859925	0.11364719445921276	-0.22136798067194835	0.4470501498085451	-0.04624121442403881	-0.11230248219425543	-0.11879444433875729	0.7695321649091136	-0.28294291651920883	-0.7507481663019566	-0.07287343072932952	-0.003414435087927293	0.469143293320667	1.004945672332015	0.7717815947870601	0.008153499407428728	-0.3143101169416022	-0.4520454524213814	-0.6119491404115848	0.6388279553859876	0.3411549738491953	0.26809371950965905	0.3684048386138767	-0.30249630433955227	-0.10439509214903975	-0.2953570922690697	-0.21229138777004297
DTXSID0021543	-4.265288075075917	-1.612797491632823	3.2181886028510474	-3.198244492826343	-1.5562014766818277	-0.32791003928924506	0.5486165817191441	0.6041763308621514	0.3568943626283175	0.58075390565344	0.1993105085457471	0.3857819201062191	1.192338433799544	-1.2899120706541674	-1.3793981112569433	-0.5286844097560147	-0.3585829170993406	-0.6843388316709836	0.010523819943183549	0.3586204325083488	-0.2670073937815922	0.3531588186831328	0.17890387637589228	-0.11657202308969547	-0.4884917417784371	0.6928197368380248	0.7595916262367708	0.8243333566754805	0.3503576624336175	0.22830855184833132	0.3852785279887617	-0.5446027318871529	0.16985552400548906	-0.34625461358357507	0.5578406995553392	0.4320165288393442	-0.13835952982682548	-0.10727860688836584	0.022208219052673513	0.5487513221320256	0.2023612035316186	-0.21156747945223617	-0.09413132545622578	0.11697931436538507	-0.059681520552892296	0.017517019606226085	0.4153221123262699	-0.2883586760914725	0.1514484435047826	-0.39202330480081277	0.1148853151537628	-0.09071701448901479	0.13441200463614136	0.0987176593634333	-0.010327976693825382	-0.1462160302538608	-0.07198066353609092	0.18389027155269402	0.15949170560590256	-0.41981566265549264	0.07193800453043632	-0.23625901286632126	-0.2094632058031479	0.2104332476493103	-0.11287408059763064	0.6630317193737548	0.10178185015437287	0.2731695306743465	-0.2412567306543686	0.13582739150356068	0.4926002035659863	0.11998230916273794	0.016497889176819058	-0.5194135411206218	-0.13447827279622773	0.39908858275768316	-0.07588031204218855	0.030355730457518517	0.7225913255921853	-0.644338262920966	0.32782704786044475	-0.07610821895876277	0.04940948359894345	-0.1812259516535414	-0.060815533958909894	-0.2876099864857127	0.2136959256990212	-0.11885718599633067	-0.11724552706847167	0.08199430989931376	-0.10554952990627552	-0.25551551951182716	-0.39001001581106337	0.07600640990936161	-0.061365421303869905	0.08452182815031235	-0.12385132277750165	0.008131007724716881	0.24882312193669864	-0.04334832875570144
DTXSID1045538	14.874052950121708	0.9831308567461721	-8.873308841853419	2.090952740511713	5.188163701931165	-3.7225027163731137	11.172841135963315	8.2179123062656	-6.0913494952311344	-0.3287694383923409	1.7316455269238589	-1.3162619577092647	1.8553815994061618	0.2865023040972369	4.10764654241798	-3.0762123888995	-2.0816165596555503	-2.4166619980536623	-2.260581151671165	0.31967034800326366	-6.094656263597062	1.2163936022676862	3.9930297280953715	-5.685764789246915	0.6260441567435449	12.138857897440033	-1.7217411992955887	5.355716924249953	-7.072867093067738	5.0960844492081785	-0.09097036739276126	-7.980350389334782	-0.2535186835159518	0.23270840567816697	-1.8210534641280676	-1.324160791334089	0.23876991598266806	-17.48956731727187	-4.095090003898664	-0.23598142577256007	0.8909125605105074	6.017663754404149	-2.738354063862106	-3.448122131323915	-8.818541367839593	32.655001687144306	-2.5561177298990927	-21.882078559425292	5.312364596589196	4.409235381352837	-42.20504706232877	19.501311733003952	-5.773707194184038	-4.391050464295379	-8.548962467403538	17.38943101502641	-0.44727855233416	4.765858880457783	20.7703972725439	-2.4038495991855324	4.061094230680625	-6.867845703192034	0.501413072838784	0.8680527670316407	2.6229399964168287	-6.436928350904442	10.073690905931343	2.517061012188136	-0.9501351323280673	-3.667049115639278	-1.338457862308711	4.803485403093372	2.110429356245077	-0.5115691651625818	3.0933433124045067	2.389691207675768	-0.2946393424731953	-1.5363344047865783	-3.7858165677384648	2.135419570624045	1.4146856751500312	-1.7489640667260216	1.817554945177479	1.4727011874355773	1.2346349804189274	0.002219976172500356	0.5068505493739162	-0.36067045062392256	-3.081745105169269	1.616509081442806	0.09189441687663086	-0.10193371304466964	-1.794969252744913	-2.2660532916683134	0.0848036060108031	1.0840591034031237	0.19492402607814893	0.245422578357978	-1.010199479328386	-0.5030990804313296
DTXSID9047120	-1.1160000199369953	0.7810221950603077	3.838430465850853	0.5066616636677106	0.741679633944365	-0.1054231653264879	-0.7540752471478354	-1.1493585745342922	0.8123876886960936	0.10625904400771308	0.1799909119699983	-0.41416271050056763	-0.41709626008894357	-0.057613915272484814	-0.6133903680533221	0.9593546520984333	-0.5339525769801621	0.5882620990300265	-1.6785348912278737	0.3091681279820507	-0.11883408234101767	-0.6824398190298203	0.6151610159616712	-1.0826080519008983	1.6374815931939202	-0.4329287042180599	-0.1587864713593856	-2.060721593275801	-0.5309971795701398	0.6271020217219061	-1.0544378121753164	1.1092417623022155	1.4134486406139206	1.1550864247140942	1.2110135803439583	1.387219390444993	0.2991371026010426	0.7819835923947365	-0.24423045975680754	-0.42933605208870124	0.1848480637240331	-0.8212634724460116	-0.44675924055888855	-1.9427452309476998	-0.5640756823780495	0.560008380786698	-0.37752726620054317	0.623566680109009	-0.18356962252750902	-0.017819589863181145	-0.12391783413629197	0.20243966972969915	0.043801114541261774	-0.25003051227418194	0.700976923245096	0.559197814990135	0.3112511511819277	0.2689821136369745	0.06791759417728915	-0.4227466958788674	0.05170403137673472	0.18020987679794387	0.15798274907774595	-0.6997148790442427	0.04972336641877967	0.10427289944799713	0.3148355137762581	1.4014753934855	0.34559804200316335	0.47098604017146495	-0.0525173546425241	0.056793056176404545	-0.13301135257521146	0.159739048641114	0.146546770808906	-0.36827271868807654	0.19481259746668314	-0.2052526389426276	0.48446490666211	-0.218392412130551	-0.5154688360757733	0.5444014394435535	-0.5046894306560157	-0.04760162661708271	0.2466698680397082	-0.12652460764640233	0.042814445973080345	-0.21397083131558436	0.6126276965890177	0.0458222818895602	-0.3441373687171001	0.14431782657093495	0.3062986675928	0.2739305560029215	-0.09890237628175629	-0.19547355749712447	-0.17407024736316748	-0.7327704784518514	-0.0109607789667831	0.29349427353092994
DTXSID1025308	-5.174356356731965	-2.645730900085929	0.7778354637642705	-0.33617912778616	0.8318351328145231	-0.6428725296426857	-0.8274082426063488	-0.3124261160506546	-0.3231743447974479	-1.4571932242668313	-0.849636319529547	-0.11279928151474768	-0.8685796864764244	1.4573394235915578	-0.14503298324713707	-0.25710023074650173	0.6060290340327413	-0.2900519210654511	0.17517438566434074	-0.5378417708509307	0.6314808362151078	-0.39626710533702714	0.6605962227740373	-0.0425133484942667	0.1299130246815047	-0.5792677760421352	-0.705004175511341	0.16037173066136973	-0.056210574305818814	-0.19077099993052749	0.05394339785321818	0.34814525967277477	0.4815156904122633	-0.44204553879072045	-0.6754551756475896	-0.0026305933754921583	0.16398454938754067	0.004659598528289458	-0.2235644307925391	0.014569635263199399	-0.07571101128081394	-0.1714324465414935	-0.4314397928703489	0.046875653134350555	-0.520731698404589	0.13016568992572797	0.13852764228620887	0.08072110757050262	0.008467846805215154	0.22720949335735607	-0.09526159013939628	-0.05584083975114631	0.06135364711572218	-0.05692170045354538	0.07055748332604886	0.2111078531495152	0.04208209452937633	0.0884570532608839	-0.40142575548586157	-0.004736545391606998	0.10778769945437747	0.07295539983302791	0.7580595720192895	0.38034877190236477	-0.358573060327712	-0.8172764630871424	0.23670530550656785	-0.5248239402113057	-0.3356362480381041	0.6187527071843474	0.129340083563601	0.2688456218810824	-0.07215329923720644	-0.07040894238699318	-0.8343426343400377	0.02329147027787327	-0.4625750074849072	0.03201435210240705	0.13061322000301936	-0.621941159958174	0.2558648066495022	-0.22646666081408257	-0.03734129031045277	-0.301205135769004	0.06529127632428834	-0.14930094486296036	0.03397410674093357	-0.4474073403763338	-0.23692814148496846	0.2890191909695433	-0.41663002786251646	0.23444135189641258	-0.04565503322894136	-0.16955220752104605	0.04452062267331581	-0.1419216095312758	-0.35334406359525516	-0.007880566715561386	-0.2925576621548216	0.02000262372521075
DTXSID7021495	-6.41470755108686	-3.3866074661371335	-0.9409886064239799	-0.5704144245440809	0.8164467025091918	0.8724355420681842	-1.4286384508257786	0.4567559653672437	-1.5747341989799728	-0.4920347142215808	2.4237492983784943	-1.0754446362991266	1.3848489024283628	-0.6034841968626037	1.4661144427376234	-0.9555373067592622	0.6517839076553066	0.18233054621905648	0.03793387577763555	-0.2818632527837576	0.14718314766806906	-0.08001563357006185	0.9961849756911273	-0.004940920709467622	0.044061622013559336	0.23658776412288665	0.3005498796600143	0.16567725614769174	-0.4901099210719042	0.39115871611852787	0.01603545184316897	0.5325203222942135	0.7169805487882365	0.0565290953099634	0.22287011194812711	-0.7995811522248	0.40864233646440506	-0.2901336714202929	0.5771367779275839	0.32214661559564994	-0.4754540836375312	0.35472542244633304	-0.7681596031196806	0.08848636559307037	-0.3280945713955615	-0.13558010129453138	0.40881043623184965	-0.46960908033245724	0.0984765954755411	0.08193331917141794	0.12890708233910697	-0.024339451138200945	0.13166621483290117	-0.12466987099648089	0.24649733917610098	-0.14232047787405103	0.5445469275935894	-0.5337046549952532	-0.36140446824385986	0.2723896152239071	-0.021396588406144088	-0.3455480697171555	0.09081965932989768	-0.04606051949790822	-0.027416164753635546	0.24096780406651777	-0.19300122714185436	-0.24494212892785816	-0.1453725254985915	0.3116082340635298	0.1344582144573157	0.4219573267616213	-0.1707932115710235	-0.2412344060756204	-0.9799398181033893	-0.10820464958904553	-0.46452960939076055	0.21497806185491874	-0.2396148579163937	-0.33474626901359983	-0.030236210191471616	-0.493861667012658	-0.6557880541694758	-0.3559581771090719	0.39048098379823293	0.16904264329661847	-0.2629767320156924	-0.12324730011177931	-0.1733917644185675	0.10555023360788014	-0.22322927747577237	0.09172508469710251	0.2858171416904903	0.06604874556358514	0.2724700924790495	-0.254556240910905	0.6491513957521207	0.5390160401491572	-0.025279779826768628	-0.3123222934450312
DTXSID0023612	1.0199472749222402	2.615032585232269	-4.312805510424883	0.8997550179166612	1.6910851625815722	-0.8623803320402602	4.049516426002151	-1.717463998559512	0.4172708450515857	2.7089211643219357	-0.4418065632659305	-0.7271414007611593	-1.1597830277294439	1.1488955121950333	-0.6432338747027722	-2.784962965849533	1.6101961205138107	0.741189593195116	-1.899738130222952	0.20774549825361385	1.8035399854360288	-0.3632143905255759	-1.3984839095266852	0.1898044044566741	1.858615969002564	-0.1801349975440035	0.4464986747043838	0.2826227486125514	-0.1771848171165826	0.1644380421449741	-0.147123458159874	0.38143164792460504	0.7007691822917838	-1.2154495804591556	-0.2339486751471305	-0.17640573827051628	-1.054464969552845	-0.273821029322436	-0.42244777101290815	-0.15443795794756535	0.9473278919899376	0.9377372382315345	0.046843543220184546	0.15253188345988497	0.2335143775665431	0.3136128307051538	-0.26772700922449827	0.36096425144973615	-0.38645481263446424	-0.7468485833160812	-0.3012606976840602	-0.5735254397275236	0.3553579448372105	0.2669709252817061	-0.5408249348692746	-0.8036111719135524	-0.16134716681365696	-0.2359587053138317	-0.24805174293152957	-0.9058673471653289	-0.581303204826637	-0.694621216314713	-0.08221237859056087	0.9412227668152869	0.1879011146006286	-1.2411769386083242	-0.2867899036903957	0.8088787649262303	-0.2698931614611254	-0.5245261049375223	0.4416802455600151	0.0366123782562733	0.09401570759678532	0.04799038260807351	0.09773023418863631	0.40394332551409745	0.46428823698216887	0.6792504660731402	0.10007400536633816	0.40164511736083763	-0.6662367948529646	0.6339575728080887	-0.7526650433184962	-0.7754682016786414	0.31163700999485394	-0.5226280466948916	-0.1667815026551446	-1.0803853825814622	-0.0363689423013966	0.6114606460597019	-0.48233763512761024	0.7994025298565158	-0.6321593038335295	-0.09525780494263192	-0.3083236801165069	0.2918474216675866	-0.7468759436500857	-0.15917343438710801	-0.09270074003860779	-0.32188022011211714
DTXSID9049243	-0.45125597218901087	5.161559148107963	1.755254856016382	2.5542945934103036	-0.019715728248558207	0.9297248973365219	-2.262584614491704	-1.071262578628283	1.3166547206356767	-1.212196005094562	1.6882519314909321	-0.891750956526786	-1.5479556683870597	-1.3127524695856565	-1.7813868042876329	1.6851033520772658	-1.2247829791049658	-0.3697648117336212	-1.314719139215645	0.732842724835034	0.5787775108559693	-0.13714288278179798	0.054141526512405926	-0.7438773759474334	-0.35396205483185955	1.1850226376814847	0.4014437659283572	0.7512147092818819	-0.3319048179340361	0.10908248167662611	0.5552494198750078	1.090345915646693	-0.09747681994344588	0.22410510843414735	0.0343658526490654	-0.4744795892636344	0.8429709881839976	1.1804533265956492	0.8672685766652023	-0.21756950312690712	-0.4538849976882822	0.3217625726007697	-0.6185024777924656	-0.7952625682948298	-0.38825208119642046	0.9244800032180762	-0.047822504674072085	0.122527003638105	0.10535017433455267	0.21365453585263994	0.3080736108875307	0.8166907315106439	-0.26044864820751745	0.33656866142081093	0.44147866971898214	-0.5723564567674355	0.8706742884554621	0.17326265604616398	-0.028334463593997168	-0.3676978683048367	0.5731493837683919	0.38583926593749435	-0.38147811087147687	-1.1309428528658376	0.03496127608103019	0.3320356812101642	0.6606333491119591	-0.6765137486547275	0.6157443873935101	1.4030963302922377	0.03862295091121954	-0.35189895126887627	0.10684843689377814	-0.3650902487541626	0.19836627861022937	-0.7119145896371633	-0.6118942780858349	-0.09691331869495821	0.299795662229027	-0.8244159655995686	-0.3094903154938784	0.6099890307082797	-0.6387234354139659	-0.49480579256836765	-0.03452194792766075	-0.1861751446654129	0.2626342407169338	-0.6787198187444188	-0.05376249862255266	0.26878017591670866	-0.3806693101039643	-0.6654334903716862	-0.3764789719431871	-0.3204706744866472	0.14885374256006775	0.044234360692985225	-0.059093581871189356	-0.5117922082212994	0.6839747465615009	0.15659353192726214
DTXSID4024145	1.4797562229376247	-0.2822178872747141	-0.4273121973822553	0.8822188915810056	2.038358948508305	-1.3375109084069017	4.808306086004627	-0.41832553418202867	-1.121651124232531	-0.8867188934871929	0.01778312105136342	-0.15225623740230596	-0.5633608489991532	1.0414420337746018	1.4380273511875306	-0.13918296473835093	-1.3229671144488813	0.21058158570015362	-1.0373226888297702	0.5867187518170921	-1.424161471913054	0.592113711295555	-1.5779524061408956	-0.6869737931112263	0.23529951346467917	-0.26548660434412846	0.5234527866657865	-0.1139910060155713	0.7761999709564986	-0.036718925440538466	0.4932147037140259	-1.0706056213524529	-0.741072246858209	-1.5584371195472224	-0.5642016557361521	0.25307262685468424	-1.195471179416208	-0.8702202641017062	-0.3150698161200146	0.5024089664209658	0.30263766935757025	0.9373937219531993	-1.0825176116654271	0.3202333578751221	0.7029130642055286	0.31322774872153214	0.14087916348561544	0.38722463476817554	-0.07564535730914124	-0.2612630210339326	-0.10374733438970703	0.05577603685298217	0.1319452997826962	0.16401658071787287	-0.19289745714882064	-1.005981682516136	-0.40048280642553036	1.1030924932101018	-0.4486595306764886	0.4226551576285724	-0.564778748012406	-0.33980726778025183	-0.9141085546471296	0.6028322234447858	0.04220156993098773	-0.6276332041902539	-0.8616251398368067	-0.49959366311514036	-0.49020254433269533	-0.9706242590235176	0.48907476113556875	-0.19506445964179472	0.6322935494069227	0.6008799875354278	-0.8022572817277455	0.6281967449929934	0.8919374777585981	-0.5441720582632124	1.1985518900834409	0.1772757192495573	-0.5711565357072688	-0.08013398921458237	-0.3867073344544692	-2.274020967191542	-0.04987412154077954	-0.1955235369924746	0.22567770056342595	0.3283498375233786	1.1474576092393873	-0.9559954298813851	-0.6422805223014726	-0.1633537780767205	-0.4683840981420274	1.1528657380244187	0.2859913011628542	-0.10901411432517588	-0.25419919361167587	-0.07207507843192835	-0.9578068878919374	-0.23390485219536272
DTXSID7041413	-3.196991460308869	-1.8092419534070514	3.7373956395931254	1.870726009089364	1.9259745597121778	0.786743093246323	-0.39818328720919366	-0.8090828656646186	-0.3782506620154153	-0.28485005416010933	-0.19237242577358174	-0.4265014716735667	-0.540949990020894	0.9789631479706762	-0.5581745498724364	0.6811452807092441	0.023024368003783584	0.26621633062531985	-1.4046865817515786	0.04443830720340874	0.1289745468615952	-0.7140955140317554	2.0123628944347836	-0.023908170757551233	0.3308985630968479	0.4339550535613398	1.0304784564171714	-1.0325016123779662	-0.22350045382787687	0.56047020685802	0.32470236537311575	0.8072510873760604	0.587577283456562	0.13110898285141726	-0.4272897861512278	-0.09825178832763223	0.9697329413588834	-0.3693963987929424	-0.45044565256421343	-0.2309601549655647	0.15353094740994497	-0.4132943502866925	-0.05489811403610412	-0.9366352021173114	0.068513855751293	-0.4781400414812837	-0.5118341333221081	0.25518089641394687	-0.17520229925827296	0.34045676911084366	0.008894255733678164	-0.02366584129276973	0.1740378296467493	0.042825894219588635	0.4327652512666413	0.1432968360084111	0.9026050297249419	-0.1494518409566335	0.39131967714978516	0.3865576084651756	-0.10695941422527684	-0.07477700772689765	-0.247134728627359	0.1545759307724697	-0.4708508460597264	0.5488726503896456	1.4073697823449354	-1.2616703076077427	0.33110945044133666	0.07416454305904391	-0.42195227885207753	-0.5930046202387725	0.005325136090049399	0.29215765327131543	0.8152739342997255	-0.19884198927527197	-0.11363812442283226	0.21807069761833972	-0.10573636938676573	-0.27874108603771997	0.019572646785745416	0.264655153732749	-0.5429272029814807	0.06858079458182509	0.16281974050632064	-0.26256184353569056	-0.13799656999758095	-0.11040738030085231	0.03379998500033011	0.13382311036214323	-0.20384261120869276	0.33588541789496995	-0.2758432046678913	-0.026001260838172054	-0.0273850349961196	0.05976883496344335	-0.1676771521065441	-0.29133399914446806	-0.26821093503423277	-0.04705917936875512
DTXSID1048968	2.215653860656838	5.029481229090719	3.0462056630342897	-0.42209775604297295	-2.4180779039526628	-0.8662450745779747	0.04679418373382472	0.42160663785650254	1.7201656539883015	1.0203636492821966	1.1881397611409525	-0.6785129426137585	0.021390715836760613	-1.6350264301249187	0.4149382151824701	1.2315483411974237	-0.17218648368588468	0.4606464538670868	-0.15407486898726747	-1.2848774227947801	0.16199132327518667	-0.38476833130103966	0.775440897298558	-0.5678115739699833	0.5277075782162322	-0.22490573635103467	0.4812028263976757	-0.10780387653530339	0.4003326072272934	-0.8070713833986795	-0.6279748565574221	0.7227001342013573	1.196917030140822	0.27798354398339126	-0.6860285152656662	0.28586379595492484	-0.31324908732037815	-0.12602815488717817	-1.0156143476643222	-1.4496553460882526	1.4283370335167893	0.2568360911657762	-0.49558928168883043	-0.1066654764714779	-1.0567604400221369	0.7622637946059309	-0.2962880375844212	0.033317260490576116	-0.03701194857847797	-0.22282357902130778	-0.20498894108513915	-0.0693482438314017	0.10119457620529032	0.427214330545736	0.07402430532724591	0.10789757710238496	0.637607558522893	0.9141806878957397	-1.180855924797273	-0.13073503309940246	-0.8667976593329041	0.5900418594452367	0.23858344737615056	-0.1938132154543545	-0.7523179454331937	-0.7744561155325766	-0.6977233106128483	1.1549784093416675	0.25094831811349694	0.19869249626204685	-0.5713241442366472	-0.2999754025750042	0.9937872760507354	-0.7717808266276872	-0.9038898286258439	1.753974579677045	0.5260847154088751	0.7717553973715082	0.40019813519788056	-0.40587760171340753	0.10483337575029629	-1.4395436339901186	0.2785181484180556	0.7501300307297902	-0.2150606598955397	-0.09755665677799308	-0.23692743658651466	0.9630729800328798	-0.5376392868015364	0.3399224073927103	0.30170944487691764	0.635016898224072	0.28686544245419066	-0.6559082338976168	0.29591416420050387	-0.23071194528746886	-0.3879497442920398	-0.3700200211948908	-0.004033675858396678	0.17733966176899893
DTXSID6047101	-3.925119868822037	-0.5182984811082082	0.5122508206691433	0.19622552473251592	0.01997331285396385	-1.2917979736702287	2.8220534540780235	-0.9087454672062388	0.018850718825364175	-1.0302138919335015	0.17210131831874165	0.07380158286520883	-0.027365691208963303	-0.49897415393764116	0.1596762420614705	0.08950440062989957	-0.7770517317488917	0.42781914270698473	-0.5440080697253225	0.5175346256242723	-1.32006347382442	0.130829737108603	-0.7892545955494823	-1.0497306324160065	1.593809159682649	-0.7254710484039705	-0.5207451391086295	-0.6402590079986994	0.3745134753314283	-0.37218462959932785	-0.34355592257531486	0.5355531904728102	0.27603710746017857	0.35121040237809353	0.893834835959537	0.558986616438465	-0.10690665704779495	0.3228017502919398	0.07869758541025829	0.19512363542259312	-0.3956864482715784	-0.4568565908939857	-0.2568087265953893	-0.2853579145536658	-0.15476706320520872	0.3381868343948223	-0.0431208772151814	-0.18682893809995915	0.04851103116758151	-0.017632061729882683	-0.13003791240505827	-0.15930532380021806	-0.13664828831830877	-0.3707118448515279	0.25048200108824337	-0.02131996609165219	-0.6948352098387768	0.07615913452148287	-0.018283266272889294	-0.11003740280988722	-0.14267498343622625	0.35209103288126364	0.23625572380738433	0.3231184463707726	-0.1489227624137237	-0.3034648515980303	-0.04873343379027966	0.5984176152253289	0.010872423228459806	-0.6691793944607624	0.43827141162661293	0.2667922200248401	-0.3569951627269224	0.32106978589203977	0.14491332503663623	-0.4331379338706489	0.6307833368010605	-0.2456274847802775	0.5845980829327082	0.6159305669181488	-1.0236480783922313	0.06102377673331703	-0.36507672160870336	-0.39567315597184194	0.2989169570136013	0.004944759417032589	0.20073894881342239	1.5598761713631544	1.7564239286276224	-0.17291684548630265	0.5497474923623646	0.09288459569612033	0.0750221091787696	-0.470893509116847	-0.47006405986595046	-1.297421360389733	0.22240416354573306	-0.2873344519211826	-0.3492545336632206	0.20027929026233832
DTXSID40204489	3.2035837925161657	-1.0619380398871003	-5.654872779877255	-13.468529777901333	3.60886979791928	13.15489946822992	1.117778416092931	-5.987600022309026	10.434867712132082	-0.5969610938484089	4.498657686684358	-1.1859127982929158	4.1126054173810145	7.420319478515314	0.09316909564874763	2.7316964425635213	-2.964749370970241	-0.5643868094340142	3.037343192267425	-0.9641079863242562	-3.076326486695311	1.6973690082360555	1.4854327748934053	-0.15201076344243522	-0.15945869337557092	-0.2231029187397657	-0.5298181792229107	-1.3635542896945072	0.5781177411784411	-0.12631178551189207	0.2651613030284256	-1.310540841762636	-0.5255302356608892	0.2816593068833899	-0.7272199520736035	0.5499089749232977	0.21868846044460238	-0.045983037626518765	0.17362594808029805	0.49339672809301477	0.942123341581377	0.755564588379027	-0.5462575158463232	0.7387537323601457	-0.041891400444285166	0.7213233087484627	-0.8827369693085585	0.01410260353794667	-0.5216776816308243	0.661572044039624	0.07540157356612857	0.059034823989294286	-0.2704808826729769	0.5314010517146445	0.0714017472232848	0.6066071915219203	0.6563448403836653	1.2912391485456898	-1.1821430671943984	0.7813472788459004	-0.1264110493742329	1.4062894867981652	-0.731281609865059	-0.3923628970719861	-0.3811557504081941	-0.5179904829213992	0.20387150642732696	-0.6966096892174582	0.12030798754928716	-0.8981398463878425	-0.9935018799501173	0.2295145121027711	-0.7424535314432569	1.5561598639646168	0.7595158100439414	-0.44095298521680937	0.17916365421837074	-0.011954948241834877	0.1482775726298466	-0.41716410683591626	0.44148322809831325	0.5305274483589054	0.13656812145775626	0.6971257126853431	-0.9858025455940882	0.0429602324764244	-0.28445479347725505	-0.36120417596120025	0.48116638118260835	-0.5501744802602376	0.2341616734368032	0.03189366353948682	-0.29493938185842355	-0.3002428658451739	-0.07385248007364785	0.020865859611004036	-0.24356721485710486	0.12793860786305947	0.10895661438566231	-0.36182736442023483
DTXSID0051736	-6.22277236442173	-3.645190025753522	1.822954641018992	1.2789809070803624	0.7469729071755625	0.8434386891284498	-0.6867582978326756	-0.8042228193135676	0.13295400685034045	-0.6740246636311577	-0.5961629077308878	-0.32125130250583644	-0.1452517692041811	0.16955314695818563	0.04366172901634893	-0.2440880396831836	0.20240651450194264	-0.36981201881238546	0.07945274361453812	-0.38819213716412543	-0.09863224028785439	-0.024336553786202187	1.0737320066047535	-0.18332261528985744	-0.10720359905830233	0.0816132263145177	-0.16733089592074993	0.6857439506291545	0.06039444535731432	-0.4394481787871122	0.3343066737981862	0.3837558788380875	-0.07165639176557817	-0.4832184119683228	0.03717489766866021	-0.7121119740929752	1.5607548786640595	-0.9960203420532779	0.9759221378001358	0.5555356033167971	-1.780871866676314	0.4594892921501083	0.48378946231195497	1.8436294264165103	2.439264117233225	0.09244951834041461	-1.8529898770560098	1.886075296843513	1.159798303718419	-0.6662097254305559	-0.17949365344956136	1.548726405283455	-1.4258140237394679	0.044992421586279745	0.061638922864814115	-0.9048223929196963	-2.020626051466838	0.9919003428175303	0.15100393342175883	-0.3557449901577743	-0.537885570268375	-0.7477384548147774	0.2160464999407855	-0.46047569958939927	1.3057299917558098	0.07247058712102133	-0.8318507864407083	0.5531260307449911	-0.6312730580223207	-0.5437108291312128	-0.0028322463295103848	0.38212436525640925	-0.5721563661937125	0.02622296509083561	-0.474367940214378	0.8508613603443185	0.19899428328286622	-0.18780185117625753	-0.01718989403524252	-0.4018012864897121	-0.5735313113362928	-0.00730926115117736	0.3310560282595467	0.37865281952085494	0.12694520923965036	-0.1149121741712098	-0.038615410062260706	0.1969116517941412	-0.10915167435739855	-0.13631937369135932	-0.3778987342595508	-0.19315662960901664	-0.11765763155280644	0.1375212095942088	0.06418859697346789	0.2988013773052879	-0.12403256781402301	0.07065378403257801	-0.5234842109435557	0.24828713175307993
DTXSID1034212	4.877419354418298	-2.3012332696830122	5.791411011401008	0.2971064945401753	-2.022868239540973	-1.214218941346382	2.652345003473059	0.4689080750835686	1.2076767351403217	0.21809016065004866	-0.871745637207391	0.5375575763934425	-0.3752245672408792	1.1031299541105701	4.040159058758744	-0.6580218804619012	-0.4304541858052213	0.600862992943194	1.3823087564173204	-1.0158574492112806	0.126627914831864	0.0637801077764065	-0.05489297920126862	-0.1880007144008207	1.609607291510385	-1.1978010489900086	-0.38273928282937986	-0.5222731936798249	-0.17986311152283527	-0.47398665717387173	-0.5702040618998037	0.34399763105716535	-0.010578227470488687	1.0131118908797592	-0.8184027818413676	0.030826190821482087	-1.1202887823136025	0.6955182742182405	-0.2653759733039771	2.6943782776011402	-0.8334013296345493	0.9318006215826333	0.26339304253678975	-0.013252717135634957	-1.3726319893176238	0.706423548981073	-2.1472988010700793	0.9741921887072952	-0.04888954717709084	-0.5026828641740281	0.007489906605746667	0.7287098464236226	0.3635418954704087	2.029033897473414	0.3782634182056052	1.9732243216390943	2.8080200271387477	2.774706045707338	-1.9287299757575902	-0.9904933977699835	-1.1138328117123384	-2.55599085155013	-0.4273748897466736	2.7691799177238634	-0.07122661840862718	2.993352790632583	0.6143932531826267	-0.10083570467387094	0.5795928881232054	2.5163237258558153	1.7724805165986646	0.9766182702095754	1.9637940664905003	-2.164524652568707	0.35881928095000004	-0.257420260175776	0.06849421803981035	-0.17043555901753332	-0.04953722311259198	1.530173483110326	-1.389321262230463	1.0000957575394884	0.32290641395143016	1.1747924431634216	0.5365614491109513	1.4299335826785085	0.5028390977680952	0.9747744779472042	0.600506095520665	0.009982451259591532	0.31008814271118834	-0.8657968210952182	-0.15882374318929351	0.877357532013749	-0.35210613152442805	0.5385767611295925	-0.8368182339360767	-0.4662819976014158	0.4915887785541178	0.18330976197742163
DTXSID0046488	11.030977168902036	1.9497385969067473	-1.5968167532755166	-1.6958829079617745	0.38037921543658654	-3.4945222209266884	-0.17777977869738404	-1.345635554323948	-3.3470690002015995	-0.9313099606369459	2.3603654029894074	-1.133998277441436	0.15078267804769538	0.17951570866499933	1.945710541630221	0.04987530694481539	-0.8789865064472051	0.105129302238011	0.49848678669567964	-0.8784307194182772	-2.149088810305977	-1.6291221987085718	0.8412131147135996	-0.09432217162748215	-0.6786755511089488	-1.1516906558437194	-0.17470117099357602	-0.7710649077597849	0.8725940290917288	-0.12293361889033434	1.45424887603905	-1.5639127661579135	0.770913781308747	0.3877755769284921	0.46626493671763125	-0.5175362377042998	1.4668512364974664	0.9505248631879106	0.007628649382784018	0.66532137454833	0.14140846397962317	-0.40246674174557595	-0.049805556120301374	1.5255551656843565	-1.5376896546657643	0.46427502032081314	-0.6104493170846285	-0.8715516928583229	0.874339817471263	0.34680749719447534	0.6344909120360548	-0.1517180501373182	-0.32175674589758435	-0.16750620234490904	0.6549223472896712	-1.093736368856463	1.5037992561009965	-0.5675737654059629	0.22981031160300044	-0.5716297615772729	-0.5477593724048355	0.15818919844190288	-0.20442781746175143	-1.902832531664408	-0.7358931330943437	-0.6762361963407117	-0.20776701890333468	0.9855220068195556	1.0442511956610312	1.2042595209766738	-0.19058667136266083	-1.2591769275160725	0.3902394760859882	-0.537928054645142	1.7319818636530961	-0.7153612436368452	1.3846854569793912	-1.1475244093227268	0.8754350577137607	-1.5773794767095686	-1.4404413509998595	-0.343341004180912	-0.2829649852096852	-0.3147113586941019	-0.1839965958136321	0.5159473096753482	0.47887272311894835	-0.5800349600662705	-1.673790401133213	-1.0160657060379534	0.09735216893210805	0.98631339577723	1.1779363523611226	1.3157828955948172	-0.9304814086188355	-0.23399433311709456	-0.39581154038107524	-0.8533936303226045	-1.6134285916310347	0.4173417194573188
DTXSID4041317	-0.5475190708629866	1.718102278579066	-0.2977845972075986	-1.1788982561836885	-0.4753616661784423	3.333926775884282	-0.9362717287483795	2.8964550989725124	-2.7125720915589633	0.17754409243292185	2.4179316534465567	-0.9355775108507164	1.0613497996874746	-1.6979768875314558	1.8763157196043443	-1.4021645373985998	0.8189433259642145	-0.014074838483611811	-0.49389353727518187	-1.1192376242408029	0.6046485858139857	-0.753336037903463	0.8734554178742517	0.16969950595017136	0.2964334330197261	-1.0226652433017944	-1.2902974367293065	0.636991775677991	-0.438958354443532	0.3759503605511137	-0.5993009144878295	0.19839797798100361	0.8295665688109165	-0.9235997943913712	-0.25016519626628586	1.205990410825446	-0.1535282051217485	-0.33682245608995975	-0.7590321281957296	-0.6591076119892705	0.38993453873204625	-0.06256889247839643	1.393592950316924	-0.4263940588319541	-0.3466964748693835	-0.4892078376759645	-0.9278425699215933	1.4997041412626653	-0.09357364545193023	0.07269527431120623	0.20177591020388821	0.6875864069372966	0.6336725667681049	0.44730889739145957	0.7438671987718408	0.39509014871792314	0.2088660452498148	0.920105822521736	0.8669484298018185	0.2483650507207874	0.5928242616544881	1.0185058908080051	-1.2411153642994834	-0.8459035673102265	0.3940316075583808	0.5316540049475333	1.2541829093781198	0.2858270189468778	-1.4275724836995631	0.7180407915648622	-0.8847302608568003	0.09171061011248957	-0.7876888528819643	0.17635936471544295	-0.1742198380666219	-0.5857238072815847	-1.8617947980247156	-0.140753537651823	-1.6243679466261878	0.44452776957461376	-1.1149453482081237	-2.271560904035698	-1.4019180473516388	-1.9038688358046065	0.4639417145908958	1.3057775017022364	-0.27736649293367177	-0.9394607068184462	-0.1154710590759904	0.4618713545830621	0.25983808961247595	0.6513429555261975	0.06255170357681132	-1.6519427690029065	2.697701064996465	0.02006343831521989	0.6012701678922323	0.7947271667522987	-0.5470643850645311	-0.1178453579008036
DTXSID7049007	0.23314858733551264	1.2391168591490105	1.2159716317921432	2.12916372582028	1.5680987386969742	-0.668424960105539	3.667416158814635	-0.9787309308174227	-0.8435309256107093	-2.4177091049048562	0.9303254332655703	-0.6594516052819102	-0.4931288509794728	0.5998042505884897	-0.7485155901972936	0.6769569002913001	-1.3679119678480873	0.1112787028561253	-2.1746968701816987	1.3036093310592622	-1.824647096793389	-0.7757955091043874	0.6559705305354041	-1.0351355362873742	1.15406322723797	-0.37455650108560434	-0.159504646811367	-0.6646041348185511	0.792643483105082	-0.653347185237052	0.8577789525931547	-0.40332024833700797	-0.97015892225138	0.6898574711016747	0.43799795278922316	0.3959863860896262	0.4879283088550628	1.2510494343283511	-1.3627127196310531	-0.17095535636186773	0.5309680291664453	-0.4382825390680764	0.3484107006646283	-1.0633391276126678	-0.5830032625346029	0.005299444790058909	-0.8324588090582975	-0.07312921814716981	0.4412648282931269	0.2167278414020763	0.2012686024646982	0.06759920701180941	-0.31261662765497905	-0.2325940027251688	-0.1398754708625405	-0.5156439722242909	1.1037974933914891	-0.04743661489910403	0.6668232415723234	-0.38932338352898865	-0.48168209563034103	-0.5906287172798788	0.1325272498149398	-1.1844641912941942	-0.26279657932336586	0.9307978253097985	0.24057783067972574	-0.4505425673771238	1.7918622825998005	0.5244301113792558	-0.30005543667803714	-0.7544625288917405	0.618135593781648	0.4315075240578651	0.07690130804223044	-0.008972778450710426	0.7910261165326065	0.6373132093890799	-0.14962719198143656	-0.9301806508157042	-0.9203881548249865	0.04706346338661522	-1.3097454174137066	0.5783665252043051	0.5012398123242906	0.5929914662722648	-0.2561832299336268	-0.5614398896655065	0.022167026308749612	-0.4882554460447839	-0.8216747464718922	0.1419032535455644	0.7200679234777296	0.6359688033102301	-0.13061846614791775	-0.07530211595385333	-0.5209256889789712	-0.5788956640772717	0.3469556550510978	-0.04836523124410775
DTXSID7051890	-1.427550303415038	-0.9726896633447872	4.684707366326324	0.7984735778045738	1.4010564957070077	0.15593456456417626	-0.0008484828120406064	-0.9154323425542205	0.05104215393601657	0.2026054916532542	0.02981365809260014	-0.46005461140194676	-0.006598546701138509	0.1638729045468251	-0.35868159573229885	0.15939905736150176	0.20484177099805578	0.18751727167630056	-0.9055343464002624	-0.2789020994801181	0.013710463534879301	-0.554451498213445	1.7729643536416735	-0.1177319143864772	0.3085131154389708	-0.38913758998732506	0.48853712015128176	-0.6496204419476602	-0.2323702558980641	0.4077538226561587	-0.002518182257334783	0.4359862821712436	1.1193632533942512	0.136555636961832	-1.300404339110315	-0.31870861529447536	0.6611075445557012	-1.0407883585302498	-0.5714824170939182	-0.4451858272381008	0.3852133923853546	-0.5113547227159753	0.03507569718584221	-0.2607658538739908	0.33213135580180997	-0.7187890055330521	-0.6035109878084238	-0.14528070213272642	0.08563182377871185	0.15527638297386376	-0.042763861062056624	-0.53348884023332	0.16749072036727986	-0.001294434118379144	0.3569852444914531	0.4452426779391412	0.5629285732437536	-0.13064360752880427	0.5277559511946229	0.5320778349106018	-0.4185485080450067	0.28516240303327683	-0.12852939312273226	0.6736897783484157	-0.7646578038733334	0.2535964696432076	1.0024321640210243	-0.8992240601065778	0.4669652006596001	-0.26180394965653864	-0.14006209174947842	-0.48021313106731195	0.018764255407628803	0.2623843644076308	0.816724076239187	-0.7659051334850359	0.42403167007441517	0.31482056036695094	0.482255036502991	0.049536344715163	0.14966072917618622	-0.0029743702548925507	-0.26912498002301644	-0.32387352360803834	-0.2429665464749249	0.26865591554276086	0.6283478356948875	-0.07831419815917673	0.392016396717332	-0.5650920821049171	0.5424752733583172	-0.18424419817337498	0.19599471742315108	0.09733204508683271	0.15527840459782488	0.05833223021060794	-0.00551633717728489	-0.17535729252504959	0.06614598719808011	-0.06899263365314331
DTXSID5020732	-1.138863864128982	0.37370152136697143	1.6410486136404365	0.08873537660433438	0.3512580523830268	-0.8630349370203988	-1.8596761137383944	-0.3304411187626038	-0.36769368322587176	-0.2670569082217685	3.0193515676553506	-1.0844437425122402	1.2696190184806708	-0.24195797719694645	1.565776950994839	-0.7963790480647783	1.3701890100094987	1.0671344276452301	0.33668189077943783	-0.7788196385456345	0.051196240364888276	-0.1171761032140995	0.25655165232294785	-0.07759830081302614	0.6188565441452276	0.7512340436580992	-0.061818251657082504	-1.0235247869522808	-0.2093030962655459	-0.24105199119220994	-0.635140983540236	0.5239182573090175	-0.3799042395521356	0.7143592387168661	0.07545391330462602	-0.17902905304441127	0.4276508706258521	0.35453395511211383	-0.37454202885782034	-0.013394588785016962	-0.052333330395796636	0.17864638232300353	-0.7647324237527385	-0.2623828630264196	-0.32372179462328954	-0.013375072740097695	0.11573575511411241	-0.8514349772345182	-0.03306025989349526	-0.29392164977083357	-0.021224851511801687	-0.3354934441912892	0.004915594793829215	-0.45045703800375375	-0.12092240792994277	-0.35802426199502835	0.1335812018403591	-0.36113501492667577	-0.29672188817691136	0.12647868662070438	-0.20334407152253484	-0.0511924559362566	0.2958473141055625	-0.12016468253753171	-0.11438716280390156	-0.14884184606159434	-0.9675239174730556	0.08849724375744943	0.3870179536601715	-0.020092416930113346	0.17686371472244308	-0.3868614831832462	0.9431586423925036	-0.037974757241364177	-0.030619376048299278	0.18274959101646457	0.35224376544585695	0.19170431263070783	-0.19188571440469562	-0.05724017406600566	-0.26088415696069	-0.47894738882581844	-0.5190132571370093	0.2423128693104292	0.3527420680884827	0.5974628656556259	-0.21099884892423842	0.17436028581826743	0.02989114690121292	-0.06591728613821228	0.20760979482856948	-0.321256970531363	-0.1070820877183151	0.3648962135244993	-0.06763357156007277	0.08772905648328524	0.11399728404650177	-0.10657893893392534	0.042532737389023946	0.08795259647975362
DTXSID9021398	-4.211607806023789	0.6253062549731693	0.6862956629125048	1.138355581837891	-1.360673702687032	-0.3015914657062661	0.018402258201703516	-1.8029811478074436	1.352087885974888	3.591614269611632	0.24074657008486597	-0.6564325496783038	-0.3824112855811009	0.5607105877578429	-0.3011599431143314	-1.2940629977829443	-0.08734382777360071	0.02526123427030119	0.0853940412905408	0.07068608908779973	-0.8741485643421075	-0.18225346391783465	-0.13607203761976297	-0.7232151604505163	1.2926400864105585	-1.2505871805821565	-1.1578566438495754	-1.4305105005089516	-0.7286295521173939	0.5928914487959854	-1.380187411325427	1.0244653634965346	1.6639193886809702	0.7049710819392111	1.1488268669015465	1.0040597992360336	-0.3479336987768191	0.607985233044848	0.15467883814253117	-0.014184109902848045	-0.38731962410846926	-0.7000955080427935	0.3076075589275862	-0.3475606589511794	-0.21881500654657676	0.36607166252223433	0.5037704935348949	0.14047022680731988	-0.18556059663333183	-0.2499198213947529	-0.13720128645722887	-0.22989954438296895	0.25145123247886897	-0.5348517683593311	0.27482008873705277	0.687409942807239	-0.9037098644889223	-0.4815270806666948	0.07668518708594327	-0.7036452142477104	0.5868766255705224	0.2250510466978308	0.12101293844783789	0.015515362930402683	0.4743851738049168	-0.4111328074859841	0.06145890471301381	2.00453194780545	-0.15407814316900478	0.18665748919684444	0.23523861735220522	0.23307227812225192	-0.9005751531827646	0.5285486458321045	0.49303781517445333	-0.4557551701385111	-0.39513458703738735	-0.4258693818574319	0.12795796997136089	0.4902659666049561	0.286422647321299	1.3192493762107198	-0.03880283866064239	-0.3058586310135541	0.1319751180121821	-0.2348460920604797	-0.07213550089614437	-0.4257504453428336	0.6881118294115144	0.2157025869412146	0.1315873624844229	0.2711725176217268	-0.3871649243814656	-0.1197958875384901	0.02073440873724755	-0.376600327905642	-0.0021653077138447576	-0.22893526560238334	0.19612105959144233	0.04415225407828558
DTXSID7046833	-0.8864685262747989	4.312310183567273	1.854193845485797	0.6405447966319374	-2.4373132271041453	-1.4644344752536251	-0.5131704988324738	-0.07478763902640131	2.3465841827722977	-0.5414623308252262	1.8239083999621548	-0.3231819350530575	-0.7463764610059476	-0.5064103479331111	1.3453631856868296	1.39598083637051	-1.2047634381000492	0.5227768685703503	-1.0401841223982724	-0.7736866328445965	-0.2704088264352371	-0.25299606567448696	-0.2231446640319851	-0.009555664507344455	-0.8614274207921202	-0.42467328467503823	0.5315677465744612	0.3910859163964041	-0.3586029426411291	-1.0972522998953615	-0.6428150548365944	0.7023478076352829	1.2221008434722345	0.5859447657726357	-1.0122150540626442	-1.7120869070786127	-1.9805105431914651	-0.3066862463300306	-0.45034775530355664	0.6900020279367515	0.724797265771436	1.2326007395489675	0.047789769268009624	-0.7453939442755675	-0.45987291405510233	0.6485319379927845	-0.2375430893232425	0.3559479359668692	0.019943678744446334	-0.212208172063944	-0.27648116445004317	-0.23892404999422004	0.1951320034115341	0.33867945491775314	0.1029545876276175	0.5144760255579146	0.7174049720649825	1.6307488747171688	-1.5784815587629208	-0.5247862125701377	0.11443207021201618	-0.5461549996338875	-0.5527393888029595	-0.022250864683454597	0.6343794915282152	-0.2798542079114035	-0.5844312278866904	-0.64591126124656	0.10534528933729849	-0.9135743935994465	0.8597600729768583	1.2110400634464609	-0.883677134275248	-1.1958440849827523	-0.8169770701024976	0.27390001667685765	0.6219436935490887	0.37695442062451257	-0.6936977980317436	1.0345904719933068	0.9344922643330219	-0.5870759587629535	-0.00496043967807853	0.9046928597168449	0.3632859702771363	0.30914678892088476	-0.8466667024440699	0.9344962995835269	0.40125808992585504	0.13961295731880824	0.17916879249925913	0.3305975670443443	-0.11435217544627498	-0.08754256857673902	-0.14588356631832897	0.2519456165298986	-0.18337881233962314	-0.049773052807471324	-0.5469597150238947	0.17954833868432016
DTXSID6045907	14.090377841261612	-3.105855151097268	7.287486648782095	3.7165124949059	6.149393250707278	6.3083866772842025	-0.6045334525052972	0.06542922661761928	-2.899830645537291	-0.2563407034355004	0.38808850032036063	-0.48685156589665496	-1.284188638699301	2.469975506515506	-2.651308891765332	2.448545905092415	-1.9293523114573217	0.4287672394075215	-2.4534710392000862	1.005582095341265	0.2819180489408896	-0.7117566636974785	0.5833315768931617	0.6890076313948065	-1.1725067432932577	0.0550544469813014	1.835434378618411	1.2093473530719037	-0.4512185423308282	0.7504913435236087	0.0009100811465625569	0.0028973913008805696	0.5979461290743036	0.055324355836297086	-1.7152493183959072	-0.5865105968567423	-0.9234458896422798	-0.10997493726925248	-0.8719478140943434	-1.2416634681037706	-1.0527475106599726	-1.2293467815805044	0.8911117378014574	0.9171404541030845	-0.6099324616662339	-0.8628894897460652	1.1367479479657072	-1.514852599147864	0.1493884425162303	-0.33466274924553197	0.07141509044151581	-0.8105331180119341	0.6384841999859393	-0.4492396812967017	-0.04226814658203101	0.4670196070948482	-1.5331547258604699	-0.6643290138832724	1.368888570632381	0.030933087158977395	1.834532529611218	0.9761160285955051	0.2652025370425509	2.2051912880574767	0.2927099882084719	0.3772707542030211	-0.9045411555770104	1.1419129142594076	-0.09120276766832322	2.289344099245452	1.7266575878102566	0.5581636484224389	0.31995727825218023	-0.5039127286609808	-0.0034497316402760637	1.1949202751560744	-0.05183006728426635	0.2784674157946436	0.3259543537302157	-0.4202859792338413	0.24263236080353995	-0.37620173899694614	-0.06047425243302254	0.3194394232761269	0.16785682489965437	-0.19897461612828327	0.03746607999810384	0.2933466850299687	-0.19151740357199704	0.05432977060701273	0.14791835664966424	0.44476518896557327	0.5341793700645389	-0.48158877869193095	-0.09448927052856428	-0.6137954846962483	-0.26688512553044086	-0.17453000699743015	-0.5539862752372419	-0.2065297496408283
DTXSID3048817	2.025302113898332	-4.381435056331647	-5.275197168348852	1.0225032765860167	-0.6246421665694717	-1.8658525555037377	2.97045183365491	-2.2875813362265616	-1.476926656190174	-1.5953351251770747	0.6942633159104398	2.2805723875821973	0.5988894011467433	-0.25941825810278357	-1.036292467376774	0.215428652517916	0.3170820562153439	0.6040170113259055	-1.8135825481450776	-1.2051307760275716	-1.702681756150126	-1.107231784071541	-0.4444230425689584	0.5189895177423824	-2.539311992954433	-0.3248520239693049	0.34336113357284276	0.17696081033962033	0.09286578056795879	-0.16862878859559305	-1.3169985116163945	0.9141731583545063	-0.48109541476504736	-0.2699666966692372	0.25934757278782417	-0.23526870961316435	-0.2747276723667815	0.6029538985500776	0.7648545861350874	-1.2160636974777952	-1.0638451851601651	0.13001107481741345	0.04663875886151864	-0.03952898950083237	0.46082325131878826	0.1354242868844733	1.013981471085986	0.24267452162553604	-0.5127948849422979	-0.04264041945521164	-0.3648119646311307	0.7032209470430242	-0.4569824208583435	-0.13501193832708677	-0.42389649136439755	-0.06843204300520293	-0.38886637783509026	0.22460444416053	-0.9509675159982246	1.1991379081767612	0.034025286541108805	-0.054986376820847865	-0.2603837714507997	0.7109638350392455	-0.24092939790421436	0.5598512662710805	1.0024321624096126	-1.1405074192488476	-0.30126542431772185	-1.2228816692352167	-0.38615855825469536	-0.7488860389270269	0.4253479087543202	-0.8274796388053689	-1.2827780650253144	-0.20828536179208984	-0.6363081320432796	0.0365274435190296	0.1415785640025716	0.10020750358917192	-0.02313288848149775	0.2833394029715411	0.14442533679896785	-0.23777533723218724	0.10520943750639478	0.05542017138534457	-0.13218339694351902	0.3104534508638344	-1.2860059200274827	-0.7866291006577965	0.46655076383541977	-0.6888712264465623	0.5672789947464666	0.05319351476178886	0.20436801334392435	0.8241365680515982	0.11979706389559623	-0.5337780719835665	0.6843737016407306	0.38510285423481944
DTXSID1021039	-3.2752102944970343	-2.634818557971008	1.4574193717238029	-0.06342759165376927	-0.5011661514922449	-0.8524805877136927	1.0837974918667301	-0.22836796552415686	1.129410436330746	0.006577029890919266	0.10343877684390677	1.1276342545771525	0.1390548750679209	-0.44989186449412644	1.0763543631269532	0.6061863263915638	-0.8696305040283414	-0.15798957223285437	-0.41261113399385274	0.9365212181916669	-0.8713469942653793	0.7157032337825247	-0.5489991551993921	-1.1006897595986365	0.2610737052545247	0.3939034445951233	0.45094095683739827	1.9740309629648596	1.4842900251208988	-1.2933287508006164	0.2464564025953076	-0.0077992578858054025	-1.9437002621366002	-1.5313402784324464	0.3659150327197248	0.727974364840887	-0.14730359919270386	-3.916070883354414	-2.0973764031612334	1.5843943858801477	-3.5888048564826054	-2.485771398308016	-4.349637633555502	0.07488957973477044	0.582518809191229	0.0678151878976107	2.350432386245147	5.5104191952933865	-1.1626801209442257	-4.01284441897451	-0.9893866011618155	0.9992823669826004	1.8545362960506944	0.11792585842668334	-2.940051821823394	1.905553442268854	4.741284568694104	-3.2112576995861932	0.7429962752727955	-2.054459614644515	-0.554553438475733	4.18617738689497	-0.9102475268392812	-0.8464159779786896	1.2409324074188557	-0.8893373099024342	-0.6956070268009239	0.8208021836741455	0.5305024112247537	-0.3023708912849807	1.7413373437925996	-0.5349557925459054	-0.30600670089480625	0.0938084141129574	1.0801823668054986	-0.7380603718241087	0.978979170740192	-0.32239633015324914	-0.12025673833698972	0.4394209499771902	-0.498000156963409	-0.8493727687611191	0.23588817460211067	0.7688178587553827	-0.40587413589939925	0.974323116723349	0.3612122871814095	0.4342313956422704	0.5459507463719344	-0.4998040371513743	0.8900874926073525	0.0010394407456786592	0.08566333366246151	0.0271116695987448	-0.17219518701931819	0.13879576142053765	-0.17025886626783115	-0.15054239326140675	0.7438610951511516	0.04462418428853749
DTXSID6020355	-0.9835541499371128	-3.477516544987297	-0.28994511151294405	-2.1453746602192716	0.800632615220347	0.8144471092284905	0.3445100141035549	-1.795721338056785	-0.8181453040753283	1.0800134058918214	-1.755094796031475	-2.2432929917485063	-1.9532036487838325	-2.1336766574420216	0.8801717114256171	0.5483346639867139	0.586068781174169	-0.3191290658689162	0.5002781206188887	-0.28241358079824447	0.6757582371125309	-0.1255779906098274	0.2377981257660941	-0.38594143499384226	0.23089014076483416	-0.3320318543884394	1.1190985928762163	0.11538223040783167	0.943614247882031	0.03778630870036664	-0.14653687455220238	-1.1242948991778572	-0.24742893472122948	-0.9795777330285849	0.09563130209746082	-0.1715375600837261	0.23995498370357962	0.2783873193058109	0.4377513273280877	0.6320479230163486	-0.13719664632272555	-0.371340660309688	0.4166457473409478	0.008164909547504151	0.09813796401260076	0.3766981962056499	-0.13898739316037143	0.3948072577811796	0.6206090641565699	0.5655786757296037	0.22535939994518123	0.43805470283133147	0.4447803749743255	0.05492331573516553	0.6510313354097215	-0.3377487010039293	0.30962319790416815	-0.14886930931487083	0.4520396878229174	0.33610057270898	-0.3517604019510434	-0.40352340044237606	-0.06514799388199914	-0.20341116315767263	0.2678797155920212	-0.059249570443120764	0.36552997829912426	-0.40307971211978955	0.05415787804079421	-0.14982827286201603	1.2596021666178683	-0.8406602138610668	0.22292086549176604	-0.5407898640662928	-0.5692018557741757	0.22159314086146503	1.0355533410638897	-0.7564992623097548	0.39222882378486645	0.3127676127948879	0.15942237953802593	-0.42033053268890036	0.21803530297952178	-0.42025212621043484	0.19145443457447034	-0.037477125336125856	0.9554731455962684	0.9684131456951882	0.6435425978535688	-0.2560281619573621	-0.5621362926259046	-0.18178206774198394	0.22480299032992027	0.23343069408130548	1.1173027411550487	1.1463320261326966	-0.5661831295940928	-0.2748491873602479	-0.4579457955191375	-0.13213064391630217
DTXSID2048820	4.403315342189759	4.1892567667615985	-4.352150139656519	3.598487554841353	-4.878678024508695	1.5428276143985964	-7.179538122893636	-8.04771633998183	-6.150813339668613	-1.6443041317264444	-14.556937756919627	-1.4478102638967458	16.645721120882165	-0.1699178794689926	1.893916477845595	-1.4082956571721261	-7.0587130049388565	-1.0484941843109183	-1.8541220511333112	2.5513656515757743	1.6132516449745742	3.512193897761527	2.391299027414973	-2.4493367903315075	3.3571979909423724	1.864059892251907	1.57444096218003	1.4425980815224968	-0.6405486283973506	-0.8586935230959322	-1.3114733594071926	-0.2794213232609958	-0.2615960877339249	0.682521258469872	-1.3048443314110725	-1.243300242055116	-2.976499870160189	0.4959545079697595	-0.5631307142353633	0.09134408762813274	0.3295352038148102	0.19997539676540166	0.312957035262709	0.684194565422308	0.33363693936686056	-0.17548617938262684	0.9521725635024926	-0.4648014489629577	-0.3134085001207484	0.5888949325426328	0.20356681605125432	-0.4530190070303138	1.3041355663959022	0.7924358106132847	0.34887422843201404	-0.11704001756992634	0.7553546854368887	0.4572226742501777	-0.4408504778940087	-0.8928676468169289	0.44302931152033165	0.1408870150821268	-0.4845883511174009	1.6858058057147731	0.7151708595146904	-1.4833174468957615	0.5757014432948528	-0.6472797141649295	0.9665775175173256	0.32125791090191314	-1.600573245968949	-1.6567793519310836	1.5512448329624675	-1.4581118119596879	0.11671314488934073	1.777452071761043	1.347390269886941	0.4848781510826045	-0.24200318710508664	0.2529966371202887	2.1603911001647043	-1.8335728918569911	0.16415088934613672	0.14881519324704368	-0.40818304674698597	0.31766669611196824	1.3714242140882857	0.8365916641763548	0.004733446212442812	-0.7313157366561429	-0.6436274572892717	0.1412739970925139	0.3308823158432865	-1.445466153132625	0.6364238919753268	0.006875846337157017	-1.3729432485456166	-0.32321441528822575	-0.30553866147390235	-0.4008195512113602
DTXSID8023262	6.393328374689858	2.82215407600464	2.369073385704108	4.834701841360113	-4.339579774450183	0.3015711801837042	3.071834322301915	1.7458717943243485	6.547337714322453	-0.11659002959002458	1.06790148818104	0.05179152293488145	-1.8783613823195602	-2.076564902155551	6.206570861238512	-2.492389599744521	-3.496427645979073	-1.4195326975696088	1.1676117819682919	7.351046358243551	4.0341380483532765	0.6318975502109218	2.824681500184248	1.0114842395950128	0.8949236125250989	0.43438201185415093	-2.5374833178986207	-1.0785199128983125	-0.19018978502307232	2.2201841783445233	0.1781689125965165	-1.2507669772938126	-1.7043717305871422	-2.4198114923634804	0.6192791737322293	2.3872221969676755	1.7084220139962767	-1.8982973213463117	-0.703232609386771	-2.4503796166743026	0.40676440102874944	1.0194539582504263	-1.6623786233237663	1.285872133871478	1.7729663513703287	-1.1811230002861182	2.4154342153821653	-0.5175066595348446	0.007312309006658791	-0.5312605647459417	0.2830410423777598	0.18362032928814362	-0.19650426417844438	0.5386971132088492	0.37055920073157017	-3.087592954011114	-1.4316180248290422	0.1723035226258542	0.06582330881792665	3.512019356855237	-1.5028178300833293	2.8153667491533434	-1.1094089757664185	0.14763522228748452	-1.895008991719243	-2.179516698228427	1.6711041809971456	0.9986979693642124	0.8359277296858552	-0.7190221345002281	2.1412906549366784	3.211525777095227	0.9271722041823751	-6.683283395187083	-0.7752809744482342	-0.32920207317911215	0.2868463336681021	-2.4299845500086605	-4.966091582191098	1.5938991944921355	2.4474076481891833	-0.769048251654367	-2.9286516285647375	2.9460420077591407	3.67994870390341	-8.297842554633649	-0.06738985467250708	-4.206287145980793	1.713586149081798	-1.2127879696082948	1.2287463765867048	-2.147687291578701	3.4462806681572435	0.7887554970072689	-0.063486937090386	-1.7524282947044374	-0.9775674863821225	0.9459535236746358	0.5849085168626164	-0.7551553414837398
DTXSID1023817	0.11335283886812539	-1.0705821451373536	4.644618139018159	-0.709901605545535	-0.4584245568589534	0.0027938812271593072	1.5582885705880787	-0.6678287192806031	1.1369589487494896	0.5051246534149042	0.001041796046518733	-0.0066259415741614985	0.12443984642526801	-1.114738851102438	0.8571291141846339	-0.28778295422874156	1.6121825823289089	-1.53028713748017	-2.6861140833810886	-0.14514738972816374	0.6388301991128237	7.85713958119075	-3.2074440606059262	1.0837926093053256	-2.2305937712736106	-0.38974845741515485	-0.945227719718709	0.5844334890251806	1.1756036936408139	-0.13086596544445395	1.6949007379167709	-1.0975437318179715	0.6757252240205682	0.6368356385843806	0.10625239689456097	0.8870870497132899	-0.4788083051466154	0.19296671314425537	-0.40943579498935667	-0.30177936298077174	-0.5134370297186103	-0.7312426126986655	0.2627641996870335	-0.1049915537934547	0.18286547932676875	0.03373469344476633	0.5400646321937057	-0.37716761732410753	0.3317602468459801	-0.6021628690194929	-0.09818721578972475	-0.03972525140073503	-0.44354345204133455	-0.0411383180090784	0.3451839091982368	-0.06711154171197842	-0.7429070305000441	-0.4723327359343591	0.19662670703286672	-0.10313955287144409	-0.5076214467576398	-0.6784173889837763	0.0390128219768319	-0.00804180914943183	0.052236755760509276	0.0795201718843344	-0.2638974735307694	0.10218385110036167	0.4352583113439743	-1.0633301683468288	0.12193184144133631	-0.5566545957438052	0.10955815370062617	-0.25510961532543613	-0.05684038068492162	1.0547117648715176	0.6577952518888585	0.9652414673913126	0.2758710397132408	0.17243947717279445	-0.00613900503130504	0.12011413014717713	-0.09752500929409266	0.2565064844331752	0.48383783340047853	0.5859175504526244	-0.8592948857888886	-1.508752006922595	0.7663898751680172	-0.6780189012894527	0.06254707120609954	0.060097854474285936	-0.3201170213713786	0.8177077374384202	1.0890590967372602	-0.9544430653748959	-3.5988258476020736	5.362375326882175	-0.13784005345344177	4.705052605651498
DTXSID8049202	-0.5122380260634632	5.5300770898704625	0.7350194697618133	1.435213606558332	-1.1841035051963673	1.3356816064943005	-2.2845257351935224	0.7825919062626174	0.9330078412374189	-1.320008564968365	1.4333929713727653	-0.1649332743463104	-0.8112882120488881	-1.232973325847545	-1.5252154561238707	1.0714796487344775	-0.902447056650389	-0.5738433851312099	-0.4589616729549652	-0.45191712806541673	0.3101244221285896	-0.09259741803992737	0.5703425607399297	-0.7347012828641996	-0.24046930130519087	0.8998777316387079	-0.8934440522048137	0.6670762510386774	-0.08422700409959004	-1.0725206239962959	-0.07711621300221265	0.7672730176398654	-1.1776150846892928	-0.17253757285191432	-0.05597257692231815	-1.4455774252569578	2.5443230008280313	0.13370735328409716	1.6280090332683836	0.6185368520826148	-2.8433311914133452	0.49627003754480936	0.4853329580775263	1.8475201243522885	2.4353899194659143	0.5080233322873828	-2.211302563385714	1.393374107197217	1.4185959292704546	-0.5367694645338926	0.21571176074313625	1.9748878001009524	-1.6425204985213604	-0.06877739162138508	0.225617679694858	-1.357461615328628	-1.9109493892082543	0.8807741131312747	0.8676908957210092	-0.6735334068644955	0.08113709859905036	0.04180409378978277	-0.026688516957714233	-0.7803657831868491	1.484341852006392	0.34466116953055065	-0.6663219639369865	0.2089552566996945	0.7542172133009449	1.423881114249341	0.3641318729394644	-0.2556502858491225	0.24028823849079353	0.08037976263282279	1.1461016433065903	0.323978736709076	0.3928201873723673	-0.3761667639665952	0.1925621827612202	-0.26856732189075005	0.03035452042923597	0.375795131668573	-0.037039471741198336	-0.5028805559568629	-0.2613178172903788	-0.126493564975514	0.36930820262238157	-0.06596498336943737	-0.23640447981608922	-0.02358608080260905	-0.01272696194455338	0.06376622911777292	-0.06965271860195794	-0.13507551430180828	-0.03583660691574398	0.2970261005782106	-0.35598383053914867	-0.1536960932213543	0.21140111108993428	-0.18451765307172746
DTXSID8057649	5.772007958860002	4.100996583258728	-2.1232384869280736	-0.17844923127427112	-0.456713997996565	0.15702625358269728	5.408132774717182	-3.311184954598257	0.32578868477178147	-2.370096109869669	-0.5946905136821307	0.2567880526744671	1.366788967645188	2.722042127154806	1.2638822284715743	0.32696180091420635	-0.09389274162243505	0.7282454196130488	0.5150306309226794	-0.39662376084088236	-3.4650768594143235	-1.0776865645191773	-1.0938984522362023	0.03907440921922899	1.6323382908524386	-0.9183916148944264	-1.0455550007913732	-1.7916498852941058	0.34945606542814656	-0.057547540100229166	-0.8028101197991299	-0.08676112720602766	0.6572305143306698	1.0261752516894596	2.599021658328435	0.521137826023783	1.6460422364721312	0.9021049880701436	0.5609520600557452	-0.34404410098787425	-0.28615036486073436	0.1632134712938357	-0.6259943610952046	-0.7158543085377	-0.23955580127274734	1.0862550195057543	-0.26344842985569505	0.20502423008223458	-0.23430835937273345	0.1488309627628751	0.112833311994055	0.15951128854225916	0.0413657540915138	-0.3433776297061379	0.33230838215616604	0.5231641791900318	-0.7169160516454295	0.04810933947776066	0.2922123110928118	0.24392059401371993	-0.007490386762318824	1.225493663537504	-0.5290486194311101	-0.6421210378013775	-0.2171832192658655	-0.6389915075389	-0.13535213371745722	1.0234140269489227	-1.1197711466405342	0.9186393126527819	1.0994114283086922	-0.30049538588026037	-1.7354844178509485	1.8576418662413252	1.309038364746584	0.09372114681195944	-0.9442969809973865	0.3056445716621332	0.8155975107723349	0.08314093965412321	-0.29135175175857647	2.135337562501846	-0.7683827808678116	-0.7095743960533459	0.052264020659971606	-0.9217476972984027	-0.1085605562867766	1.3899057223162512	1.7826220905498582	0.6518965843466694	0.5498094682140868	0.4172808113351951	-0.21157252231748208	-0.1656163833559425	-0.9670213500506584	-1.2912704917549782	0.08085172122516335	-0.1176183141649477	-1.4957454392046339	-0.09225429714042026
DTXSID3023899	3.758749342693296	0.634528664295659	-2.9156739652703387	-2.4585455258702575	4.371823369529194	1.9065255345791814	-0.019780253725981172	-2.756663741211438	1.0761920383830723	1.0467797396398235	1.289258542106419	10.002295926223256	-0.23661201162542417	0.3472200749277961	1.3679316582827015	-0.08372371182259142	-2.140864382638605	0.8316633643959784	0.36555846458412794	-1.0348918859857579	-0.5266767652825376	0.2095227046734877	-0.16226762877763887	-0.20552763110799313	0.5245625906753998	0.03150444467248534	0.4511477476228086	-0.8715297121871275	0.3842232893403758	0.1842469958493982	-0.2916224787038081	-0.4151125710451808	-0.2272049072520827	-0.01945094686379717	-0.2963208568710981	0.8566872844626325	0.473551770364264	0.21380634174942295	-0.5476789957393975	0.2346717316454391	0.04319373202328782	0.05294958839190345	-0.22651039785369464	-0.584193640705591	0.2231205190688287	0.0204820415236249	0.2987982317772908	0.034086750934081804	0.12313705290108795	-0.19230939396635538	-0.11837988925303944	-0.015951784361748555	-0.024922302008224505	-0.25979001000776414	-0.0805008076098671	0.09695416649779852	-0.5204191025146444	0.15229553141257554	-0.16503383720329326	0.47873651322084526	-0.171561884698783	-0.4012112055610115	0.2239607359615163	0.024181254678865876	-0.05928786999485165	-0.29220832432393545	-0.15174603780385168	-0.11066868828250995	0.5711610991845582	1.0902297515237527	-0.3921607243482522	0.16940298980230573	0.5492826594816292	-0.3171596064003547	0.0402057797529091	0.2608949077157418	0.19336828574533824	1.072909636867006	0.6466144905290613	1.0080589143983318	0.9391199171430152	-0.14209604757489527	-0.8195034897804001	-2.0935524471101377	0.75116999634673	-0.8946097899651135	-1.5526463114112876	1.507698374548489	-2.710287406052217	-2.313318307147153	1.1168775376987143	-1.1452059521931564	0.0344165434223248	-0.4736067316263325	-0.33534497099435373	1.5579456942336176	-0.10819097544789329	-0.03885467511617276	-0.12024885643595638	0.8175045725988233
DTXSID2046751	18.140543546180055	-2.530052428388149	6.811376784692087	2.854697719545278	4.145813416001583	0.32751354832057106	0.8375280784773215	2.2726972477358856	-1.8272305470693384	3.4659837714822586	-1.3915001108496499	0.07568284196314981	-0.42406555413265573	0.6948583905699003	0.10553120481585324	0.9530481845444091	-0.05401169357806804	-0.2582711153123828	-0.49395530295575013	-1.7859040774126076	-1.2552414441181403	-0.17240530151112943	1.5110829913214527	-1.781686669927817	0.5507504449558596	2.237660784877621	-1.7618836499778172	-0.6637105522993422	-1.7533419643983477	0.6351517573418963	-1.809104147177874	-0.813168125626362	-0.7551329341806146	0.997702704520964	1.2370429289667173	1.9539539106562493	-0.37922034750096056	-1.7800687731658165	-1.4319651561003934	-0.22731234212656082	0.43387173441932875	-0.15123627564553	0.6206052571662495	-0.722131508793856	-1.8313702791323159	1.2551283073700865	-1.235404755295024	0.2271461229466837	0.03993566267658204	0.14145442337966013	-0.11905098027926375	-0.2792895527667145	0.5654668176698674	0.05898792409542857	0.0035845616707251902	0.22503593839474909	-0.44653829135503514	0.7511195830140596	-0.959193091424876	-1.3062971906451335	-0.7252050334028809	0.773644986183624	1.1780277667164891	-1.1741980602167572	-0.526200885080027	0.3136000387853579	-1.965037864945493	-0.7329307774085001	0.44593228481125813	1.3593916754981814	-1.4914592441850008	-2.1848111055253163	-1.3084323507192297	0.7803852261555866	-1.6013836750103523	-0.4373739967412213	-0.4861362209336538	0.005724902922747349	0.5548387704420371	-2.013327071201127	0.2332350536476578	0.7576852048324528	1.9220833043981826	1.549710973544327	-0.3785350002678548	-1.0074204321839628	-1.5922205380635	-2.253395962067585	-2.876900072377306	-0.2100485701579219	-1.534681661224368	0.7101968646410057	2.8043736047532652	0.40561853258771174	0.44138737726728816	-1.6981699964707582	-0.39665850979411693	-0.6634877445937502	-2.093968607748795	-1.368424597829724
DTXSID9027570	-4.863239036005572	-3.24065160293662	0.7306912589628883	0.9813980628349929	-0.750182065162669	-0.11216726179125214	0.2500745975082699	-0.1908024009529363	-0.018468354015016557	-1.5515527929574153	-0.7594489416885385	0.22341034724002082	-0.694397422275332	1.7385048344946497	0.7517150781802187	-0.6448376528583217	0.8152108520842646	-0.07294889423306256	0.6600354637458461	-0.5723940159424301	0.270208432336668	-0.5323943121091447	0.9692916389242184	0.7585878088516278	0.13795305803125776	-0.3166055884340911	1.5075394782420244	0.29872039905464093	0.09760234564942492	0.5270308699777311	0.8130403471709007	-0.1358399719674332	0.947040446406353	0.14722482093099754	-0.7735243871558733	-0.4515879680297539	0.03485058234461043	-0.5050683109095241	0.2564523223568041	0.3409954754611672	-0.39558443140245425	0.13453684567572527	-0.10415385285229332	0.8720996424423846	-0.698176985678159	-0.3466394491815116	0.562105581550132	-0.7868812891419156	-0.17369055933900088	-0.34340313985880366	0.2668872787077069	-0.0752352955116437	-0.15475768951525098	0.07638811690164715	0.5706659725001749	-1.1330040461968713	0.17722414375654985	-0.07336859682607037	0.2805384865434429	-0.4917073108637499	0.6278763690349234	0.35607805752283117	-0.4517039233951644	-0.7731515287719435	-0.39617024580268884	0.4525766882662769	0.4921223857833775	-0.44892649380350685	0.4127666750779184	-0.19014352932901438	-0.45930959561755036	-0.40902794741568876	0.8392493462588195	-0.6948400972807597	0.7981478868953076	-0.6812215681461287	0.3410435216284503	-1.0614578869065174	-0.10840340656340666	0.15515065082360122	0.17209657027406605	-0.513835071820407	0.20491124598553512	-0.5343266808177475	-0.3311682540105806	-0.06275407392983745	0.8020589435239038	0.6009921301048097	0.4079200510320597	-0.10081791254792197	-0.21542286084938897	-0.5085189602775176	-0.5034669838865358	-0.45857765063875516	-0.05214963818396291	0.16516312590865764	-0.31093099913743893	-0.09045039182167423	0.07369465111548867	0.03437280726011649
DTXSID7047308	9.632146724500968	6.0892601172348355	1.7751109954093205	2.844882629033373	-1.8588967324292254	-1.132550153662805	-2.620410266434934	-1.3260799073385918	0.19612243867673587	-0.8907165197601691	3.4174096553508	-0.8470475272740094	1.3147782961974	-0.4015890361104012	1.5384950364443055	-0.49112685678637824	1.2189594062934956	0.7401647227039798	1.4258783190217743	-0.6924814378034243	-0.3406688686552999	-0.27583933769117536	-0.5725594304588125	0.666023215284003	-0.5605289737458464	1.2412557308868286	0.0665789964416281	-0.04130150150690658	-0.11425290332846252	-0.19472465317687498	0.05002782941185897	-0.21269886614673805	-0.5733242550152329	0.31626969214484996	0.681268743607876	-1.6753241951264812	1.663330108870506	0.5185262094981179	1.260558816259375	0.25560556311802607	-0.2741528808520924	0.6512302830142201	-0.48998548185748625	0.20614104626279692	-0.5479662888412082	0.2552302195394337	-0.11846178770741957	-0.3814797538869523	-0.08690004188806291	0.38478212063772854	0.2218727992424025	0.33947649416279785	-0.10357020704515271	-0.3088788318103595	0.19379423894026943	-0.32227241184422967	0.8170436651008837	-0.9111152191448193	-0.2266656669942138	0.4711375730759717	-0.0109195980074829	0.4208456177969575	-0.37364178060105546	-0.7210527223369321	0.3287470564925081	-0.07670286432663141	0.1142062169168286	-0.3138865490706525	-0.43834959846709937	0.2904711356985166	0.5060371540456986	-1.2813452773773701	-0.7226794345174314	0.2776908875186786	0.18240497679934523	0.6689002259423767	-0.14598274069211523	1.0619949202656762	-0.3871237697936332	-0.5797954784883682	-0.20008488773520378	-0.4704918889059918	-0.2146734015226244	0.8435070787895822	0.4868215144421909	0.05604743721909109	-0.12443708659352598	1.3466269544878233	-0.6051099365719644	-0.7082744513827975	-0.2790447758315749	0.39586655777668234	0.08241341031775376	-0.3569466342005693	-0.4961412771099075	-0.06789378591547315	-0.7278717007272901	0.2559270034913111	-1.5270081571158771	0.1315419537954344
DTXSID5040702	-5.095773690676161	0.9332789340903125	0.8136002938414272	0.10683918492248523	-1.6478051247825534	2.4471254777062836	-0.33468955336093825	1.621100468430064	-0.27401211237910994	-0.19760016738872319	0.1365337069874265	0.2956753726808113	0.28165036941276894	-0.45423785631248353	-0.26549599095892606	-0.28587450430280104	0.4707956268880248	-0.035008557707453085	-0.3639069364747732	-0.622816307539769	0.20815155951701136	-0.6632775904619528	0.626096769142332	0.4449551559967697	0.1129592878839041	-0.7197308727123244	-0.3966124090889949	-1.3268926560847512	0.05144060643853775	-0.10303885101319861	-0.20631204538131226	0.21128779390256805	0.006381431227385401	-0.41375233047739535	0.4778441802817033	0.2403961674016852	-0.08120739631559576	0.3331217532340667	0.331181829156613	0.37721101936069895	-0.7477106360505636	-0.08108961225756232	-0.08081401140141578	-0.054853585889148446	-0.1413533428267639	0.14969107112667482	0.0209506189717126	-0.040351124775576855	-0.17241432774650656	0.29889086172688106	0.05125117293478526	0.08831344127908788	0.11687569299250197	-0.26784158133584135	0.030143330452867944	-0.19933082554280154	0.049673851412629706	-0.5129138062678974	0.08380307096543	0.02144949339796405	0.6592716502969647	-0.0941654134541545	-0.04605978105158241	0.01745536736234469	0.22415190658290896	0.15025276230179518	0.3206422533571809	0.34836928739910217	-0.011019567644404411	-0.004619526021622879	0.5094498513541552	0.3330279144850923	-0.24023599195240664	0.5726647450275557	0.28240715133160565	-0.19678718098023135	0.42771701337119117	-0.6570684752158108	0.09092026065362518	0.3575962302265967	0.14917442641360448	0.5662988223766744	0.2838988131135456	-0.5276292271324217	-0.24771862891167193	-0.2821861183014071	0.11134787059214682	-0.11420481238354474	0.03966871854554268	0.2962901695659282	-0.1931251939634682	0.15165221854542846	-0.2849442719416457	-0.25518083704341465	0.04999152117427765	-0.433773375991894	-0.0625523703703009	-0.1557188350148049	-0.05967126602294626	-0.16492024616813425
DTXSID9048649	7.914564763226313	0.6177099358675237	-1.4942464632474899	0.5138371718264535	5.679815900350163	-1.931732844105924	-2.5784305067450872	0.15186119161500414	-1.2460135551989193	-2.87142326176479	0.3892780554792586	4.636388675789557	-2.5512854253812667	2.316044300288579	-1.7855092446851655	0.2777702937731224	-1.235989174366365	-0.733311144005008	-0.030739115824292583	0.4804548379132646	1.222649628568278	0.30840409323871804	0.5321941593804012	-0.34748329039604847	0.4891853926100501	-0.4214524141371497	1.3024229132856464	0.20188191425456528	-0.17341843319055167	0.7631808559486419	-0.8548938794458272	0.21099256293609153	1.2424749003908158	0.5593891388960117	-0.5328857274937638	0.5229727409195706	-0.3978495189433592	-0.683159336343751	-0.6042060398084598	-1.3730485970060358	0.25001703828278427	-0.24162707359225813	-0.24182465670093278	-0.46448924362128596	-0.20719927285740633	-0.6578720634982241	0.18203697555995313	-0.44333380474234674	-0.6138969161128289	-0.4185332306523691	-0.14771756909102654	-0.2337926270661499	-0.06504656983497141	-0.12426853177842523	0.16577978606122837	-0.01061484391054017	0.03590228733314202	0.5110147616700393	0.06673733050984806	-0.2799573927385642	-0.7503199678890077	0.09358468377594649	0.47128546005140076	-0.6940786522139929	-0.5714948817416349	-0.49997943484731083	0.6496657567817044	-0.4249315284784447	1.5182896478364778	-0.4903690380491888	-1.735842387946664	0.12248853759047552	1.3823329880210404	-0.9933481201531127	-0.4964143488686359	-1.0578633968230704	-0.18908895037943793	-0.8061918720945114	0.5498733579449537	0.2489528536278675	-0.7440905984639733	1.3492279743591717	0.11109724199285857	0.07044470551803596	0.14370477510267723	-0.8924956440328022	-1.4528385721111912	-0.6796789627320456	-0.31433813017239565	-0.8084094818636072	1.0631858703525527	0.752890394719801	0.06990408382282963	-0.994570277294176	0.5121777132041979	0.8869097422582406	-1.475744269563529	-0.8099559391400586	0.03009397834852673	0.3223277257910511
DTXSID2046911	14.679308400249877	2.231476272317904	-5.8202503741536304	-1.3255322012490582	3.8305034906380437	-7.096968414967351	0.940573730438019	1.681576382759637	-6.062639627464126	-1.979608687417179	11.473819088191613	-3.4464286822273666	4.1467112834406095	1.4084242782999246	8.316638322995294	-2.7177326553056735	-0.7224621843179648	2.426205099149471	-0.6348207396529407	0.2509580155895804	-1.6051920231324417	1.4959127164583834	-1.109541286179621	-0.5214157456586239	2.113702551193962	1.534248434249697	0.7190648476308152	0.46421725176428486	-1.4610807451023953	0.33739194628571995	-2.4656490565812303	2.8289811261988493	0.37573383444382297	0.46641069515451855	0.21840893588108773	-2.7790287453933673	0.08060722619883055	-0.8581631361773714	2.552349409997272	1.2143622597858446	-2.7197405903844465	-0.45120361657253943	-1.5711404172018448	-0.4169328854575787	1.6259726481868433	-0.39733725939473735	1.6281178493515112	0.8031743785077308	0.2717603496149305	1.1252178289961128	-0.19863771656644322	-0.07538372325147354	0.8903343917194846	-0.45917943660241484	0.7428743151874144	-0.1939001041463228	-0.046632794396009765	-1.1735956002348635	-0.6038492441073118	2.1380420978531727	-1.357341447584903	-2.5043242745992593	1.0999079579687705	0.8171903829044584	0.29035572312647845	-0.5575271114178059	-0.18931954330510894	-3.6576196605555804	-1.4957061248652437	1.2851096947483693	0.7290697933968575	1.9994497455061935	-0.9063750980502613	-3.7675746795591887	0.6899885930849143	-0.035647540513208946	0.06153669862421769	-2.8607041299802116	-0.1684369890579848	-0.8326368857188435	-1.2725553447409343	-0.8082694119388879	0.7289954788230155	0.08370483569498975	0.06303154698209675	-0.28441500336840236	-1.1167698078126906	-0.3670224244525607	-1.0469446476014128	1.691020371437398	-1.3805357571669015	1.7004158040359851	-0.703048109748218	0.9074712774376034	0.29748644384603035	0.7278800877756677	-2.8847890849528146	-1.645699433952069	-0.25875227034907805	0.3419116610061995
DTXSID0027806	-1.816415128200514	-0.4871938230497865	-3.169693200835966	-1.030388409413108	1.6245811507399424	-0.8058636306470925	-3.184540885217503	-1.109415344832548	-2.2399785964202055	0.4090546251944189	1.327339866548795	-3.416214193341808	-2.2818310262493355	-1.486805113322796	3.1724099184116272	0.4819636576425025	0.0945472711974667	-0.6574854066139866	1.7277822576650381	-0.34615104288591303	-0.15733960874011654	-0.25863228268288063	1.705494392963328	0.14356137870419952	-1.2115680822171304	-0.27599988026583405	1.9940627047942052	-0.5207616616979276	0.4364937318847694	1.2496515222819506	-0.05261973264719666	-1.3844902447054905	0.419328118480755	-0.7998564966439939	0.7849602145110224	1.183807288971537	-0.4904306395170676	0.11330999984668115	0.38669088943625646	0.5784326772929133	-0.6247868595012431	0.3090832675110525	-0.2414759121492126	0.8316634384560657	0.4168897620856917	-0.13381991852767133	0.6212461600142185	-0.5286192131525279	0.10405342747022399	0.8405082745867076	0.2574275348027983	0.0706247925408166	0.8989648981084315	0.07577763005371112	-0.20377013813511985	0.20080030247104275	0.1256467242977156	-0.7649104337756099	-0.1708912484243309	1.333053508775998	-0.7825121938861511	-1.0623254882678625	0.7454274745086777	0.0993818969848724	0.22897253863677258	-0.7886388059233049	-0.7581956802893542	-0.1410402065283705	0.7147168129409742	0.399281712957562	-0.5191946794804836	0.0019702286740767763	-0.15007939172036674	-0.7432979845049612	0.16376834059474987	0.23731788159004927	1.2304551764231977	0.24703935017453738	-0.0904498444530471	-0.38604847109697504	0.2630970604639846	0.22839995539374988	-0.6319048714439451	0.17112099592549485	0.3769515102306127	0.4740257081341527	0.8121898468344516	-0.5899825758544996	-0.36811973650883245	-0.4400727960913742	-0.48757906240899884	0.48817435791052677	0.48195714864157707	-0.07806659168386475	-0.5592128649537549	-0.126075013904507	0.018721152037440687	-0.6471311571212317	0.2009815454378028	0.010708275261941283
DTXSID3022403	1.1414150799319538	3.714580041292898	-2.4264554146099337	2.5881372881229505	-2.038564248806224	0.08597111718714384	-6.118260057819073	-4.77922218576015	-3.003348007885786	-3.0372608260970426	-7.557736516771451	-0.3404576865707529	7.8644586883592735	1.8036324663642487	0.3561899979330196	-0.7963202593868501	-3.4736376599314234	0.00045120480535391666	-0.5184793048767499	1.9725511540625436	1.00655451143278	1.4188936025463401	-0.21396062438090913	0.042475161129390544	0.6168613271320397	0.721851199811792	2.1110794572628953	0.8518923141983593	-0.6444098873760116	0.7814472713925021	-0.015156956918457963	-0.8516674535668527	0.7112595401640684	0.9037830438894625	0.016374795381013996	0.20105660644761583	-2.0346893002273228	-0.5774296559650582	0.13765314006361526	-0.5107956545400648	-0.035899549460141046	0.6222892171102343	-0.01897117111559104	0.20503964324200605	0.056147338143888254	-0.7167863495157126	0.24218743335737514	-0.8089127384743582	-0.6205990801469798	-0.3012843282842705	0.09789886674534663	-0.48610583568204996	0.2429620322299382	0.43939952535656696	0.0021029699940097106	0.008532696854471057	0.565471692789566	0.37344210129099953	0.1661588893542268	-0.20557153605005923	-0.27215160968977997	0.11547105469947538	-0.10323452354543541	-0.49606218083321635	0.25082058891351167	-0.12528535574073685	0.1581792101182553	-0.25865211354984724	1.0148341195400603	-0.9434389284860674	-1.4178300482714148	-0.6042580325505793	0.6095963412019023	-1.0876767665741334	-0.3145092080333871	0.02144345447968093	0.8060703359078942	0.1665951534887212	-0.1398494278971757	0.2750980885430606	-0.22930072363374843	-0.07528854189617042	-0.04742372512205479	0.8249789646503508	0.2508988820173453	0.578994478918886	-0.11728310675663992	-0.14647624046830499	-0.10810730534862839	-0.6013203787303997	0.2518520349299573	-0.010720080217088403	0.44461080765891675	0.4228784524405485	0.6740079763709305	-0.6171700725203823	-0.10802514686410229	-0.33706146951042093	0.3725504837982888	0.08875202798944451
DTXSID5046144	-0.5301577913030097	0.19023650447298093	-0.46553746385649913	1.039195283668424	-2.3299816458623637	-1.2752676702786063	-2.0109188292901443	-2.279826824476562	-1.0691835956555282	0.029720161084540533	-3.6109259389354516	-0.3487161099317027	4.89342585023258	0.35036120210597604	0.6884147556773039	0.20574661179921613	-0.9532369707998372	0.6714398927738677	-0.3139866800159695	-0.6585260241361991	0.684224692995449	0.39588511655142977	1.166807404802491	-0.286308362576059	0.08139819813230648	0.7579134659108994	0.8422088414434908	0.05377096345485076	0.38315992644006236	-0.8897073812990417	-0.04311603470687679	-0.03783594621171322	-0.5240918956795872	-0.3945828260315742	-0.7580307610888432	0.08768633620412704	-0.7790652149295675	0.7379486659415799	-0.609270815479306	-0.4748967399400255	0.612154325975545	0.5390646161485727	-0.04991352022382825	0.3409658848561919	0.013164811217367723	0.34688921238483295	0.17329787372724437	-0.15177902983907726	-0.18677613430659332	0.23403053254171677	-0.1162964481956219	-0.08651901389783673	0.3114405296284062	0.18710043130207696	-0.297418877273615	-0.403737777044245	0.3837512130803517	0.3064627022972267	-0.836991738050009	0.0370826536270295	-0.0920629620104253	-0.047608112803837824	-0.09329000111671568	0.01865331939513597	-0.5226776375270493	-0.847080817613192	0.09604751570595126	-0.02016609229168644	-0.1517352394006289	-0.35124461130314943	-0.13640125102510525	-0.4927324844621049	0.5669737007123223	-0.21755593526108463	-0.07744968269515105	0.17969992985319286	0.3234939857225026	-0.9212617532275483	-0.308960324555013	-0.03847976144080132	-0.9295747266057052	-0.08392294519883714	-0.4238447982482733	-0.038456834566683314	0.16402652000051085	0.3575724917745999	0.9081076870528378	1.0143403090233778	0.1446703341353347	-0.4191023376545541	-0.4009769128450443	-0.3546998714038453	0.5012178238945123	-0.11750234347509886	-0.01801993896921472	0.02098141125444769	-0.014089107357878479	-0.21234360694527787	0.41039107154070226	-0.16554613552588238
DTXSID0044816	-3.9734039356929998	-0.7082084296342187	2.6615436632432337	0.099559564657831	-0.5179059106492373	-0.34208376495654297	0.6180461851130714	-1.4288661982107422	-0.16195821301246366	0.7921131431960375	0.09644489192071712	1.2262309367597206	1.5711451006610007	0.7165204108742393	0.8828802665950433	3.2993185249283083	3.653917739708505	-2.1593774990502475	0.6164960281126893	1.1743813773039813	-1.2888766265649658	-1.533151615948315	0.27685080158924114	-0.15214221702830097	-0.21106531102296802	0.2764540244356836	-0.8312384475553475	-0.7370528865956616	-1.1010636317724911	0.662811490176553	0.7249046429440147	0.7257740528555947	1.1794219164080826	-0.4253512128062656	-1.2053718748093547	-1.2470534976553023	0.14408874354363574	-0.3703965335939897	-0.6560068064705562	-0.09262482214729385	1.109750213762098	-0.7544348349681748	-0.42401010323760474	0.4205204851840429	0.9983079618781074	-1.9813058814689655	-1.040085685444748	-0.21252045992806945	0.22926610814883844	-0.1373410613274607	0.13665480940888877	-1.000622975045046	-0.15170559231620948	0.11106608600944824	-0.42455515989649967	0.7709513500435692	0.7974805871462437	0.04259011293674136	1.893649246902882	0.6234210394763193	-0.2454005518204781	-0.42662551773481794	-1.2412544843546072	1.4602594764733257	-1.1037389344851312	-0.6508519752319123	1.1748006595585256	-0.1973139030594612	0.08479834324085118	0.3310635168166665	-0.6946693552494317	-0.7368312003011609	-0.89407368920095	-0.4524877820797167	0.5859912380410829	-0.7188511030427237	0.6981112465355688	-0.6623866783243264	0.15701645595990502	0.11945716476103586	-0.18424901659714824	-0.06592201438060079	0.10208992242478301	-0.08044083942008215	-0.17103466309909446	-0.06950985578460749	0.2839808368228713	0.12038233080596213	0.2440004369240393	-0.015138138529238334	0.22130581363031168	0.08742094168431803	-0.03342958475349863	-0.22386898699507474	-0.0856477538286627	0.0830249018203442	-0.36903108185508093	-0.3423198079757954	0.11736849200719232	0.07735019992050474
DTXSID5021883	-7.636184488173525	-3.581666689135395	0.16752554322506658	1.3169059159307472	-1.030411790628026	0.6963135316391211	-0.5544296990329656	-1.2971987426278258	-0.7503626012440839	0.17572257456494197	-1.1467519946410802	0.08802856289478452	0.8133545228138437	-0.0657422894435195	0.5295893355916614	0.2159555758675115	1.1641903557882811	-0.05744720196011568	0.9262288703180508	-0.518599216968547	-1.1992946031023386	-1.3165029036057014	-0.9209300121967943	2.1589958042753783	-1.5553543917684884	0.09959225552609967	0.2683459280435362	2.1304683910174553	0.7917230135401069	-0.7750390405859295	0.4009469047529531	-2.2133858581822383	1.8501096231897534	-1.583874419895012	3.3091441363471295	-2.9090690469824434	3.2869470827725267	-1.984519699766542	0.9451273249392497	0.9452520855275769	3.927798109382296	-0.42286970724442124	0.8797045238474442	-2.243664225224492	2.2048212595165975	1.1747517157134355	2.29496754382172	1.8484559023154035	-1.3113154394093083	1.5667379718374632	-0.2636585088737562	0.7812200817254273	-0.6610709507697746	-2.5194684907922964	1.2225498506936854	0.16243351946353	0.3829438421157944	0.1437903568985813	-2.426693925238024	-0.3735793924391399	2.679685753940282	1.3170980437946704	1.1122509008539647	3.00499820303952	-0.0262392478445822	0.5980659726979859	-0.4827856973603139	0.4450173460463264	2.3950793973375655	1.3102617500034623	-1.7939858295404865	1.8072468660177308	1.7489742150338676	0.28592011782635185	0.15065277904365482	-0.7255153126875821	-0.09353520227985845	-0.4456186219537405	-0.5007334826969376	-0.012653319640626357	-0.6180228632558603	0.06654030926762645	0.013724992690457639	-0.05692483315152183	0.5540834605540792	-0.040935067363141765	-0.22019439795904844	-1.0322554193609663	-0.24353053635519833	0.18487605915669106	-0.8261202441830837	0.3366018776257915	0.5543953329305105	-0.2568740622770162	0.2095438271736723	-0.6769918176978903	0.2660509216513346	-0.21422141026033684	0.16628809731407362	0.025617724212617203
DTXSID6046345	-2.9827044973410897	-4.089101809970663	-2.9101932351178736	0.8681971316718299	3.474164818477949	-1.842562077248509	-2.3803541633504497	0.9454279163801287	-0.9806852357364407	3.233400561168858	1.5554256816612857	-2.2552895053736823	1.36079882703472	0.28524437773420064	-0.21729326043731273	-2.778285608767168	0.6391559801576816	-0.2624596973787967	0.3013586058379188	0.34801200438076724	-1.165055634819475	0.4503653545733906	0.8892868021350951	0.30443442613074423	-1.4131257291448727	0.41998989720078383	-0.7047293463410537	-1.4015714216441924	-1.1580442478712785	-0.213060886411777	-0.35951097183770364	0.35337450952380584	-2.0575333661187227	3.4116380202184557	1.0325353241141781	-2.5015596433298066	-1.2994188899025931	-0.9157718712932299	2.168785965279998	-0.43040693374132327	1.2288311489565538	-1.1733970822864124	-2.1074146113198706	0.8444896648308479	-1.3881579317320898	-0.34418784477759123	-0.838393526691586	0.3181103000201808	0.464042067965147	1.2006242804351415	0.7911361347681145	0.8084943994315168	0.2766064685285385	0.5515945103611359	0.7580946733028094	0.2934679666419002	0.4993045775628535	0.3651798259276396	1.1538804112765388	-0.44019853908451634	-0.0871769534884681	1.8841863387721065	0.9053032505690254	-0.09967576114263536	-1.02071451751721	1.1726605898221234	-1.5022449822690516	-0.7035088065011053	-0.9367113422806516	0.045146295612694405	-0.4523191695898918	1.5792290390548307	-0.419768470244442	-0.3392207054128001	-0.20956536676100118	0.5038366862053448	0.594029594208297	0.151240322208543	0.30275012108673305	0.23457620219579545	-0.39483647511860137	-0.13760044606167185	0.005793719159759808	-0.38316516677087514	0.2498799750900942	-0.4613078348485719	0.3898898281610223	-0.42431613231464144	-0.47383180261819047	-0.004301703838704524	0.15848975803773624	-0.054730741637702536	0.019310504997863517	0.10283041347653585	0.2466504367253606	-0.3167096863010133	0.03764858975887982	-0.0881371961491751	0.22885767777296404	-0.007935001172428494
DTXSID6049226	5.450622111077992	1.5966371738723084	4.9488794463189	-6.148511010308331	-3.177786858750261	-2.20329990375191	2.7586593704937696	4.533534492356618	-1.6796776647332357	1.8757318163570693	-0.3386266396057902	1.5536511177829297	1.5450292199114675	-1.2791733073268075	0.46959778931650425	1.0462878110216283	-2.559613404984361	-0.3877070117051837	-1.8316817728958623	-2.1551948204676656	-1.0890116850558875	1.9494673833924423	0.5381823323601781	-0.9604379247549322	0.6604732912771326	-3.7237548692200315	0.3146011613651556	2.2222899139089907	-1.1319120238329	6.461803960328499	0.12389565157506591	1.9872147908354434	-3.0426494097985968	-0.9698825672463901	-0.4224286331159958	-0.9576802954649334	1.3708899135735704	0.8823292119430707	-0.7017301238710524	0.6471672457744687	2.3680268883913675	-0.6395587454107333	-0.7651135158956431	-1.4404789342299007	0.6592092402688569	-0.2867156490529236	-0.965760823198642	1.0454319905999567	0.18000207912879782	-0.6359824346101204	-0.3298352723338453	-0.6931676992063355	-0.2157832845275619	-0.5645618859974418	-0.036227634170142124	-0.5624199224512537	-0.5508383119458287	0.8783432948573354	1.0045850186714773	-0.6301438471798867	0.22287825740829123	0.7411712090584895	-1.7001046839203489	-0.7540806678671191	0.9422330766529284	-1.63790177037697	-0.27947344139468616	0.4008936202025006	-5.0540382570174796	0.6471756892392648	-0.43237796476725227	1.3645304492876351	3.6759817930576273	1.1540130122934777	-1.1021997674511317	-4.36235710982846	1.8434921146559347	0.255538665003264	0.9682471186421265	-1.2020447865382913	-0.452158180241775	1.4628072731532147	-1.165534939762432	1.48737154752455	1.4330891173525433	0.6012211079259043	1.135571100908121	1.4285967221335019	-1.2335549531119745	-0.0892614447959312	-0.8345432207024278	0.22079960279944344	-0.06720892708507474	1.1114556828319728	0.8616670354749015	-0.5490766727672478	-0.12167571394499467	0.06539292712906797	1.139791737722504	-0.3864617557397463
DTXSID8041242	5.321114495007299	4.057135154372042	1.8142348957130632	-0.2839196715303857	0.7942973310458461	-1.652859348341635	-3.0303390216142922	0.2962355784491542	0.30547482920263513	-2.8383622960256094	0.13368898201169183	-0.14320398507958707	-1.929023810343587	2.205913310605588	-1.5327241640389153	0.47473924322653976	1.3338126815241949	-0.35312442794232113	0.38993224807454924	-0.9203429512568495	0.4253210066062653	-0.4379098016876943	-0.10660118489774215	0.11221762979933486	-0.19670916206417552	-0.2349066957613305	-1.3315523507570357	-0.8174310161055394	0.18891871312364822	-1.0419849025474919	-1.3557681567653703	0.08907643664360156	-0.872310974874677	-0.0013994149904705973	-0.45616893728668456	0.6731583901266095	-0.2984391510032588	0.15079821676509422	-1.5904269532729758	-0.4006233794293272	0.4235237579156076	-0.2533014074916992	-0.3719519422216237	0.0009466011051764457	-0.7913092258513907	0.11599764622084645	0.031248540527355307	-0.3949545280814299	-0.28560270569917084	-0.31139079909613143	-0.40835648967664506	-0.36057555224687166	-0.08647838151620034	-0.6000380217884774	-0.6194180374471809	0.34686056265663945	-0.8000610768962528	0.6306053598381754	-0.8809631631607509	-0.7249313663541949	-0.541915705490208	0.17305550373819856	1.0275046436946853	0.7511923044707041	-0.4511275343470772	-1.4569458691236221	-1.052877616341371	0.15518396054972503	-0.12889078937068313	-0.3492125341528178	0.4088175041612699	-0.5694534639339013	1.5208206721003508	0.3079264432985302	-0.8864842069659896	-0.19156798548094617	0.2068832192857365	-0.8593550815546378	0.3883450460468593	-0.40392795944845294	0.37985125495280747	0.21611359371470615	-0.09012295528140501	-0.7811612407964597	0.05253084304860466	0.5879724980544344	0.06076264849110133	-1.233061270052171	-0.4162699915552907	-0.18448267820245684	-0.6731433966419551	-0.2635000304305729	0.6180671259831672	0.783805175874677	-0.04021743176093421	-0.03723288932348776	0.24593510323389775	0.6722069851926901	0.6603577685461733	-0.5246248676921053
DTXSID4047412	-2.0897992696441063	1.1564393241888509	1.0483484477170868	1.1866703364284659	0.17406314864300845	-0.5253154587049932	-1.663739831888717	-0.31297694223910194	-0.25274133427960666	-1.769819717240855	-0.4727649598378951	-0.05417575604620572	-0.4893730072960014	2.031415165255777	-0.46847031596778743	0.6033954981319922	-0.026165969563005285	0.3045647683690962	-0.028119745303409348	-0.006321243998027384	0.06771511632424582	-0.7354209560607808	-0.0059694577907528435	0.8267310036426414	-0.16359646075934356	0.1546851838959242	1.3285823591044241	-0.0776050889627443	-0.17661427159639093	0.8987729445866058	0.2996732742781831	-0.508913859407255	0.7659623723307744	0.6181960579976701	0.27186601363855767	-0.1904772310825097	0.8562734657191818	-0.7263946656852431	0.38145904139745485	0.11539127152413188	-0.31991345555632533	0.1443570187895055	-0.05131031294403288	0.026733714557591923	-0.5481983530117857	-0.3278633420663487	-0.29464524682427995	-0.5347327004965803	-0.15608953107403004	-0.34905072521726455	0.23791337285889744	-0.03577465190081681	-0.23577594444647265	0.016293659720831043	0.7719894764535165	-0.6903223305520556	0.3505238299274177	-0.015387510094684979	0.7122804714967561	-0.21415294397477302	0.11994785589141918	0.48371145820952466	-0.6477690147549919	-0.6930272604944095	-0.13911342717510788	0.876176377370172	0.6212109427408703	-0.5961034512133394	0.6062830695126117	0.0012685625403791648	0.2017883961860241	-1.1154906200142531	0.355413024810815	0.08968901552805925	0.6982281656067005	-0.41131888607153083	0.10157330494845154	-0.028676037895180216	-0.08491221650914779	-0.07982558981232844	0.2435877326264888	0.09447066053853455	-0.46702583693165445	-0.258574957175073	-0.036891778268743916	0.2771211480307922	0.7120871529187017	0.19444206792752386	-0.33376042588465554	-0.15115940637603098	0.3978988861765366	-0.2828062773285835	0.2903555713657839	0.06047652595473663	0.5297418368091275	0.10628470412115318	0.3393565566137337	0.16456025577509348	0.05972352808847165	-0.07407737437024198
DTXSID0057708	-1.9187837558031262	1.074062247051183	-0.02120418680694608	0.41133529177033207	1.0486643250002714	-0.3006336820004788	-0.22210515134945583	2.506357710787323	0.7450933751246485	-0.10941422508916197	-0.38975245101659056	-0.41670857300125935	0.29827864401185994	0.31095764912254403	0.1842294074343311	0.5355534169801729	0.02948336542805349	0.32335244515314676	-0.5326224815302307	-0.8931868950677578	0.08101843109613892	-0.4041626848162118	0.9595006141263587	0.39009462896626806	0.012387265282503697	1.1160319400855787	0.7510436285101036	0.0014050961612956337	0.023366916642733083	-0.3926854530887304	-0.5098282983583844	-0.32219208680145967	-0.5995098946300511	-0.43625443390995394	0.9590977119905775	-0.01327505295726847	0.0024237079535698947	-0.07871640063986605	0.030845232594040595	0.6115425690642823	0.4678343236155547	0.5614134407904708	-0.1568049132676018	0.9718554334014283	-0.4315086152108411	0.07894713885072324	0.16912319523804015	-0.5137922667946556	0.13178357834028	0.254356266452805	0.2883951888484099	0.15008167028420788	0.45715723459269597	0.05688566159530776	-0.1848496254793767	-0.599242865037622	0.026611744784161534	0.4195541458010914	-0.2784137993523709	-0.3479277866360323	0.12521371419386054	0.3564692775754747	-0.5404250771668967	0.5947051222723395	-0.14123697164713328	-0.08262780006253469	0.1811511070864408	-0.0016352246622426479	0.07109865170717887	0.30243430945711813	-0.11749467966268497	-0.1052292870569493	-0.17808545114237795	0.5389141923523038	0.2734058570015397	1.135662988614529	-0.5228217178738864	0.8741610038886526	0.44603400605873317	-0.8430391220368216	0.9234294797497409	-0.46599829070254034	0.5615479942206202	0.33277595247324243	-0.6587203029144545	-0.44617534853210494	0.011577140616359888	0.6568097310299212	-0.3292158005164364	0.15035795722514417	0.5319647794259528	0.2677440717337916	0.2081546968118538	-0.14356927626942348	0.4058370799377519	0.2979032874152317	0.10418522938478261	-0.01661634279459148	0.10620967794406753	-0.2934663487925041
DTXSID4040268	4.109826449957871	0.3202673644132271	-2.279696165379089	-0.5134882557120433	4.612777503893833	-0.341542549965182	-1.9192799349447727	-2.4263246132732883	-1.2289548979977725	-0.21439517512641065	-0.039108477460982914	11.474472476802312	-1.0183164163729777	-0.9588024062954309	0.8298680902613553	-1.4202741346838896	-0.9215724554741016	0.3565915921351861	1.2118107768939281	-0.962705736558015	-0.7399909650993819	0.3808233284779318	-0.7849685138821718	0.1677608159357733	-0.1584428518327384	-0.13754268536921332	0.7644365749743938	-1.7161179769514816	0.2659015101799541	0.22793435638209705	-1.9288469382442686	-0.6732744994162215	-0.004403824698127601	0.9260511392299411	-0.7725577427708389	0.11100307663423029	1.23555652723553	0.13796641994425612	-1.0919418712434057	-1.265389015762145	0.9371853472528215	0.29595111847269595	-0.376042765290008	-0.382746686465716	-0.14625103586370458	0.2519213260550033	-0.3624515672971123	-0.06692608586277624	0.0724462011423167	0.04373356161442359	-0.0840184612043502	-0.23361541582968529	-0.10998116126124965	0.014915045931649313	-0.2763882134726658	0.4660639105953905	-0.08533105542048981	0.497855409428157	0.07612769787904976	0.4761744381459518	-0.76755541784269	0.3768313790527896	0.5008666912567291	-0.40870618771288836	-0.7998277040214667	-0.15402418418598038	-0.9048639758986005	-0.07176977337195918	-0.2095525263967926	1.1227243140949907	0.44268865153019354	-0.3706400198377493	0.49259201508225764	0.40659909931367766	-0.021037876439577188	-0.12248517059064438	-1.0574598108407087	-0.9135067613009085	-0.03451200409739533	-1.2840406434500935	0.3211966878839432	-0.2825434974647185	-0.3434734079569227	0.32036122228750025	-0.11763461350402908	0.7190038088964955	0.06972103469415375	0.030849263665708115	0.20487993320017867	-0.8473387946871616	-0.26960364234450857	-0.7752198161680303	-0.3755975303598317	0.08281084909596305	0.07877930982969579	0.5065543862110506	-0.8521074074388483	-0.420145078710776	0.1770347494059154	0.4376818303338516
DTXSID4020240	-4.319967650516941	-3.2575688135476293	0.5568086302854012	1.229563490715323	1.43013233386368	-0.871604884780239	0.49377466523112573	0.9514698195802291	1.6542034524601177	-0.30623798751649084	-0.9970552761456792	-0.5782518329644994	0.48198359410211655	-0.6922994098882328	0.7388144778433523	-0.25665878866525765	0.013033002482797982	-0.2827606995038771	0.1545878568295399	0.10666343387510743	0.276905087347169	0.3399816343555961	0.8566452098331002	-0.31990435114190485	0.6734690239375305	0.24125352372351447	0.6298059758462383	-0.04644228956087241	0.10974431500667922	0.07933819429655208	0.22117441333154017	-0.48951835230840246	-0.02140478300169534	-0.8067630659604585	0.2328022635143219	-0.14593677234632013	-0.053477097378080714	-0.15780993188648126	0.670600166637905	0.644006161639805	0.3302769088525724	0.43068242996326983	-0.3927737040737811	0.37429360103594783	0.1992231065092515	0.2262907696446646	-0.08293449039307202	0.1547043298886199	0.24105287933548228	0.6142217980179883	0.23866753222979378	0.22049973230372116	0.13729615676423226	0.2931701588450825	0.2224944058042395	-0.5519765903167593	0.29280516800977024	0.11842833644249567	0.08800003047143784	0.39523836768882625	0.2605134326894698	0.1280814826123708	-0.47648852007522946	-0.21918465048834462	-0.1674112225442737	0.2047679017659126	0.27657617161658554	-0.16405121669119138	0.04255834549399317	0.36268360028449886	0.5713815607427677	0.3113402398289466	-0.6279430723886675	0.5827330641946655	-0.11039899410145496	-0.4038516570225837	-0.20230235175142872	-0.3794807980457583	0.23631165392439094	-0.7509507813783151	-0.4744907878572722	-0.6974433171776502	0.47024329779867824	-0.11313868568242377	-0.8592087913068089	0.07368477841578952	0.768936358811237	0.7442309560801349	0.09350773019708464	-0.5404420494339599	0.13268906725414145	0.007001608556060841	0.03438433922449783	-0.46851687131733943	0.06401970410573254	0.1940885468151573	-0.40985364737787217	-0.21302008905147551	0.5005417381785771	-0.30918667492803054
DTXSID8029317	-3.302202017324365	-2.27174697382097	3.015329714928254	-0.2478979664571692	-0.8674237779751767	-0.4535473185258117	0.30502553978740865	-0.8048707329790056	0.4131183334228401	0.5248987926173911	-0.3326613797954566	-0.0071535970634119045	0.6538853213397334	0.1442099913803261	0.6093816365059629	0.06013064381116659	1.02343211329317	0.7891244752710307	-0.026524317031771834	-1.5011765892556557	-0.2267443160311097	-0.7011549153161358	1.1569493587761257	0.04569440405694599	-0.10219654824960937	0.45075180201293924	-0.06472492514505886	-0.34844654196561164	0.26634289690216123	-0.584962586445618	-0.5075566356813542	0.16707135429656778	0.006496543766831875	0.06275203159949522	-0.3407060304762407	0.39965864803905	0.6172539442584332	0.16271654653249065	-0.9958076017389377	-0.5061685931294053	0.43510722301080573	-0.2125757969653838	-0.06852838055675407	-0.2707610959421648	0.009560710729996359	-0.13462136561955207	-0.2835201714551633	-0.39492107690961514	0.0412274554236545	-0.2704996896554599	-0.0341169616657007	-0.35474733501350864	0.1763942212035286	-0.11057564643109845	-0.23358126367593154	-0.05650818052155367	0.2639410022151427	0.15459063520743369	0.3095840503062476	0.39726359590766336	-0.25807507442738387	0.17124633354557645	0.2507032086299399	-0.04775509493305395	-0.7481203468612178	0.29078987219918156	0.09464020515377423	-0.21629542898538484	0.3346816574564609	0.3976675088989192	0.18072488259542907	-0.49747477140312574	0.7026595481014222	-0.07915391064090464	0.35143117782590066	0.03050991745341356	-0.007975224657597516	-0.136685820623997	0.05078956707315523	-0.45921298986631426	-0.3301575261881419	-0.28914179397637674	-0.5512541737329417	-0.04879380147737049	-0.03083808818988372	0.10154693964938796	0.5147374498254953	0.15284259955535792	-0.5384523430121824	0.04330301607388714	-0.062348110625905236	0.08215983991515925	-0.4237260496789153	0.0046501554266453705	0.009148173233248746	0.121866347964921	-0.12932736448688809	-0.1544118962145282	-0.19612634214283622	-0.037944556091388866
DTXSID4042096	0.07729218555133047	-7.536552070608426	-4.655542364194235	-0.08260768392932809	-4.494086775590607	-1.5053175385847315	-2.9056208350734014	-0.46463728072061744	0.18519964512438353	1.7710938568099257	1.2833008238852142	0.20334564518067802	1.413241040888565	-0.9335088542611755	-2.28000236148638	2.2921899712775247	-0.75359876050854	1.5016262259507762	-2.0281822833808185	-1.2334748823837138	-0.5911024552408988	-0.8511719530159795	-2.04744345647755	-0.5513528774971875	-2.8098618157713977	-0.07905091592418928	-0.6721088240254847	0.8227931845582279	0.5166043244896599	-1.14195769173447	-0.09427493449019396	0.17889332113555004	-0.7300431308297053	-0.4835182229957761	0.8012811674725613	0.3283386541388843	0.13835773835351425	0.8550620889096433	0.38879490721478255	-1.192809909868116	0.13173101407792265	0.2384884135916034	0.6181296496265267	0.5383324400428903	0.5071905528330832	0.6511924182852723	-0.061658042133127	-0.2720251718612472	0.006552561628009879	-0.11219010579843408	-0.07061990197191166	0.01271685259772898	-0.2203034711677385	-0.0017997475969385444	-0.6336099889171127	-0.2848719756426922	0.11946369804894746	-0.3815488755047226	-0.4282875448148196	0.9031030611737517	-0.8938436254085617	-0.24223799674592497	0.08574090630807542	0.4809332227115235	-0.9550713771140796	0.49530846436476916	1.1547677286886324	1.167861622993399	-0.3517050343167454	-1.1394091953941268	-0.07709887510105436	0.1833235972995144	-0.16388991636408615	0.32000970819734653	-0.05013950209250362	-0.7455995284981213	-0.8933456190761975	-0.4069357952967212	0.04479682515731955	0.5367753850181238	-0.4138941399926239	0.8993129635555197	0.5790985714914995	-0.17333356840488984	0.39006204413378265	0.1453426582449462	0.5985326117889271	-0.1512987666245042	-0.3975390582539426	0.4375269669516536	0.28632973028313236	0.5061168660692652	0.30242550714232547	0.4517926622848309	-0.7574531310146352	0.03789021212247279	0.21577163195268861	-0.29509735837655177	-0.06948596845331488	1.01006025614558
DTXSID8046870	6.7949708805861615	-3.146036089002131	-1.203262110268884	3.115095706782535	4.73112050284697	-2.060156029166527	-0.40517534633791513	3.299945513482593	0.4811429028942405	-0.9561410927203617	-1.1476921617312463	-0.45642887706074364	-2.570484403851156	3.934607483601277	-0.5216116646516579	-0.3420807560883273	-2.590044454124446	-0.6206885557106162	-2.105148464932995	2.7096672358884395	-1.0864964477920445	0.7560975229889174	0.3242266452183914	-0.8356424641351873	0.10676346148778428	2.064469586075585	2.893439227294627	-2.145550111638057	-1.134672506943307	0.7771166882715549	1.0408891863452112	1.497790587069628	-1.4642187199511814	3.1761082714765734	1.161486970770102	-1.1383096986490302	-1.8876636664249957	-1.6111309917851264	1.947667699264066	-1.053343388452794	2.2062393596436842	-1.3971441542764091	-1.9955957898502614	-0.49306554014953285	-0.8680364732894853	-0.47830499797036136	-1.53201154028243	1.9236847885273074	-0.4139822643502936	1.226239686067349	0.6681160705421335	1.4032691894358045	0.2062096589856755	1.0260948443150175	1.8870667985295932	-0.9442131236814955	0.9190567380779026	1.5779652400645192	1.9203390460472167	-0.9064948572511959	0.05406273882309418	2.180839671870649	-0.8538434050880606	-0.866089629449852	-1.4577554424048331	1.107019776558837	0.7625130279351506	-1.5074060064931991	0.24495015889155614	-0.27744915519072294	-2.436491639369808	0.8567901253940228	-0.4148191136878421	0.16824605760922526	1.7282198228593793	0.8702447406948297	0.7721678245080598	-1.0830807980542456	0.2102565333345983	0.24406043223314877	-2.1148347602371946	1.3420090036782242	0.4031405039862996	-0.09431676914529882	0.8129153847501247	-0.7736347669467114	-0.22402347014802454	-0.01486467576629275	-0.2025794056207201	-0.08000588421164222	-0.5519518559774281	0.6031025698415986	-1.1221565005822571	0.26991566707972675	-0.22526480210852656	-0.6096065837248191	-0.7249222153027559	0.10820827895886803	1.0181738603603077	-0.001081409875476864
DTXSID0026040	-2.1282542698134157	-2.0489228138788063	0.2986960214010961	-1.0324482053605581	1.0353007088973125	-1.383905154318968	0.47044396083677964	1.9636323313870947	-0.01697853521305504	1.9481352027423435	-1.0550008422851411	-0.6671724285565456	-0.036141605292085204	0.5105980629320469	0.6544139728419592	-0.20884515665752623	-0.997163068015167	0.013757291684039235	-0.41193259548107364	-0.2997645592934062	-1.0395565261022823	0.22340866141798965	0.31225664901736877	-0.27190396511308373	0.1970049848106562	1.0275490679354737	-0.03177979032169575	0.02834917058133007	-0.25110223521759445	-0.648779518998244	-0.8274643612925418	0.11423410875541236	0.11160682188470371	0.13571705801566847	0.6114223643844588	0.24871674815221587	-0.03370918290986269	-0.2485252505163531	0.11976396428532457	0.2646249760526707	0.8012073945007971	-0.314064033679233	-0.20662420845714213	-0.005790444738335714	-0.14962253742029735	0.03642216458556834	-0.5711175499685915	-0.023187766747590387	0.44886015076159275	0.050701751174018504	0.13619260222340365	0.00659307728201275	0.33365413188357834	0.05175780384277703	0.08258639318477287	0.02162935583121077	0.19202050208705837	0.7210491636057786	0.34364233096334723	-0.01863232197960627	-0.3779044805966965	0.4576965642822211	-0.283140873665676	0.1652002232194905	-0.41245470097719994	0.14260335370452265	0.18416557576856765	0.3312725769864589	0.29744758641644203	0.3769418002255045	0.45408165030761294	-0.03606371442532967	-0.2695332916333968	-0.2131976589973889	-0.2782413410491522	0.2710189915453197	0.12799572151547373	0.288104452499109	1.0696662668577377	-0.7205636451602168	-0.6056831392872893	-0.5345200315435122	0.20138333381449197	0.4438473996201272	-1.7079969546186324	0.12382562507348287	0.39456488099751047	0.7166905504000302	-0.2258837154219784	-1.0836430233996088	-0.03687177369979538	0.11700737136529875	0.9063788890946185	0.49736684708207074	0.9192377523542483	-0.28618373189029406	0.011785610849269464	0.15987348712500374	0.40591599792348476	-0.5346383666568105
DTXSID4021680	-5.132884470153184	-2.568645881191174	0.14295524458049105	-1.388196080404727	0.47344978981603303	4.087998338617186	-0.4677269837200714	3.0133650396014877	-1.6005685310282838	-0.6178623436459909	0.05691732637828204	-0.04923924901340947	0.05537710758434728	0.44638184355125193	-1.8044236171776264	0.5019039529824157	-1.0417239025619394	-0.6300117792907183	-1.5553257542469046	0.8986121505958806	0.26945329722079703	-0.24765818419505115	1.3095262989643288	-0.16228116384697794	-0.3535578199146172	1.0853568861699263	1.433271362431451	0.08843392210717702	-0.31764228421028173	0.37818606548518147	-0.27712267004656504	0.839824966602573	0.7004054113478079	0.330792726958125	1.2674565341074095	0.34799710490601365	0.4492765538130944	0.21566642950279985	-0.009891600566677162	0.013643959712742544	0.03369076929831674	-0.43976766139298346	-0.08090283792057842	-1.1547142128754577	-0.20453919102695522	-0.04699825952886752	0.08976436933443332	0.011488728824811346	0.012945846190100906	-0.14671361941142647	0.19592269344028493	0.4207119290948842	0.34206303663411025	-0.09631807359245467	0.3950479969722312	0.07805691296235168	0.7013774656171509	0.3900013447543335	0.13693877882456135	-0.5601832012054684	-0.11790889924518023	-0.3543773850713875	-0.3386014736225394	-0.4705392953074493	-0.1006727359886433	1.0283045589491715	0.9888864420173724	0.08474031468671044	0.4449266572424635	0.49974868557162805	-0.31364072789498826	0.15411927970489545	0.1946606250530767	-0.826217379738585	-0.572938749964158	0.16768617002444688	-0.459894243252402	0.590102879174575	0.31744959070824313	-0.41512497902690476	0.24248541240331628	0.02221603890153853	-0.7294208738893974	0.05068564172757983	0.23029043962508683	-0.012466029573470826	0.12591410803215314	-0.2844572446923691	0.7162887544478828	-0.10748169339269348	-0.5880789998638541	-0.36764436598714617	0.464916293205162	0.38466473997699724	-0.07956715403524874	0.39814852105286347	-0.11179166423128133	-0.5291132593492741	0.054826804685271756	0.0038832917918793916
DTXSID4046440	-2.1194642803581365	-4.135193254255584	-1.8530980433861544	-0.44294895244172044	0.2662611018531116	-0.9663888973314968	-0.8842395496167144	0.6596074697875751	-2.4369426424194516	1.982119498478799	2.3250829193302334	-0.7695501621399756	1.8827279565340593	0.9637154601128493	1.466670528962222	-0.8085091478802028	0.8774189584883987	0.45346447434495746	-0.40573833926163305	-1.0619348966156492	-0.22614834287542376	-0.11930052238116294	1.345322972744037	-0.6986693399172307	-0.13321413112982985	2.302033219450582	-0.6796376503397283	0.3909195536397169	-1.842971736122185	1.164934062041543	1.0862617671917107	-0.7256924844537066	-0.7451547217937279	0.06278477531560678	-0.40073226584881466	-0.3337108697444427	0.34574603886976235	-1.2360445320696227	0.698123929754265	-0.3461825573735757	-0.5194710220591725	0.5157538569393997	0.8782693771639026	0.31693073718942366	-1.1920742942389717	1.7168713776922127	0.5436516117205555	-0.08843013837443832	0.03674747765417518	0.40922928736334097	-0.08273162424194853	0.32465520457084246	0.27771108504003367	-0.01592779631750691	0.4992370489808471	-0.7804452666693898	-0.013760176487172262	-1.2700334258554675	-1.7320298827059164	-0.015123786859516835	-0.09518778173511494	0.23802685630476703	0.4946792743843004	-0.1370334853212567	-0.5876107739511541	1.1944840854411258	-1.0471170413323263	-0.5597527951793322	-1.0468440088752338	0.8923855328263129	-0.5403906035953332	-1.5998336861719884	-1.9228186641621758	-0.25713432958209304	-1.098795288659164	-1.0300302940436137	0.3474280614917799	0.002131976428611454	-0.4269692636796691	0.9144466053398494	0.36932807683649904	0.9544898374849586	0.4855047724776401	0.42455521337045526	-0.37197489686481855	-0.38579682921547104	-0.8938833946048077	-0.526329875663008	0.12263305701374297	0.06067435116231876	0.16515785620495194	0.6978751367553916	0.611769722860057	0.3593849700147123	0.33902900766898725	-0.09520298394780724	0.12284429347215421	-0.5772379148694663	0.23089233720825086	0.09624759766733139
DTXSID9039238	-1.0390746407051323	2.545230112191343	-4.041604563538408	2.90890046901055	1.4688420715377506	0.34076456207295436	1.9709810194002104	-1.6136690485168275	-1.393564741223442	2.340352272072164	1.0130583634884283	6.234446780511661	-1.2010753793147932	-0.10723306432921666	-0.32231286214180116	-3.010663785033386	-1.3705470965143636	-0.5876628128349142	0.3309662066681215	0.6776122340701346	-1.609052726517693	0.00405439569061511	0.22783767141194003	-0.5146780868707	-0.08499511114593239	1.9117164964523192	0.4708014211575134	3.037384257294966	-0.1445441619692045	0.7955087378415138	-0.8261133563718799	-2.7862191410863817	1.2038275249312147	0.8724263448064777	-1.8871282143480523	0.20026132773786362	2.1061131805451003	2.7471178498291176	-0.4571974414021285	-0.6555607821009105	-0.9923536697069862	-0.2887320790675948	-1.2958111322026344	-1.5171948543253315	0.2548112335873725	-0.2770220372886893	0.08744272453305589	-0.6096324128254409	0.3045615789897404	0.40489639816282585	0.24648364721411115	0.45778577769240747	-0.4657650887754883	-0.39083477775318737	2.2284392596153437	-0.4737727292744752	2.2764101549664337	2.5130423709077725	1.2170991233174064	-0.396413482506843	-0.6832622551880121	-0.025568094668724433	0.741922804865274	1.5756661342555656	-0.21957244005652363	-1.0340836455718567	-0.6393029632444854	0.653545664857619	-1.3238935912336254	-0.5977079840163118	0.5437183908540237	-0.6141705587292381	-0.041916144492877276	1.4381100859378935	0.8852807118964369	0.8374004501026395	0.06809571164435867	-0.674932318439506	-0.7720839345794688	0.24654343954328084	0.46894500662930494	-0.5391868197526104	1.361883834891434	1.3739920680030389	-0.6148034727373896	0.8108618268509988	1.033388795420613	-0.7364555852899856	0.3746574617417913	0.33243049481055553	0.14218342734951808	0.10332491329248625	0.2380299298739553	0.7569277536737824	-0.4832081461221741	-0.18402718129083181	0.025251142108530994	0.3839333347078075	-0.6651704227333196	-0.11459007386481383
DTXSID0044367	2.4691995550537738	-0.7898192110881296	5.232682459264104	-6.92186455684566	-2.5693496369667046	-4.635893682371554	1.1769877411840812	-0.27545757054353404	0.9147285501973756	1.0647035615556746	0.47766271138274513	0.6806604555333587	0.8931824616621564	-2.0865474697576536	-0.06366816425109319	-0.3840519565820896	-2.4348285143171196	-1.6826412630776841	0.20370745009123212	2.4451478305678025	0.6222453139983783	0.060915888376010245	-0.9221885471449465	1.2017710037097056	-3.5292832712916233	-0.21057415968862522	1.387879502814148	1.2427231233693032	-0.5408207588752372	0.7876834849253292	0.8594867374785133	-0.6644330691278264	0.6418722356082807	1.0554960274098641	0.3738162167136036	0.45987133437250716	-1.6266618643990514	0.18859391902041078	-0.34546122554027825	0.7334698576699316	-0.6542246238339877	0.0370901942428499	0.6158562027516994	-0.43246493885284315	0.22108547585303479	-0.3409668725653086	0.028023051487238913	-0.43740662414915626	0.04755932557104182	-0.27604804588951265	0.013034065826778752	-0.17217379498424842	0.40641403103604157	-0.33407904541035854	-0.9991751275696467	1.0713219746507006	-0.12456151318473564	0.09625853107374453	-0.17860897043904775	-0.4437763525932415	0.4056834443878776	-1.5449078147297275	0.36454271008041633	-0.46540764746741686	0.8850334022596447	0.39053403524098945	-1.177805204954667	0.423844510579137	0.07893332620708869	0.38949950098891245	-1.3285920184354032	-1.1951337939971434	0.4787191806859089	2.191731769034943	0.24689543865550223	0.6580777863323333	0.6765669050078307	0.8968763451174084	-1.144189087586506	-0.9452987196485635	-1.2181480867394567	0.0326988295738936	-0.42218436196038167	-1.0736311622830559	-0.4249530424214754	-1.6505197845546233	1.0636031260707408	-0.7224211603893187	0.918062312413105	-1.5371272336196813	0.27565480956669014	-0.10508664748837371	-0.2151037171654127	0.07046678026991919	0.3042229390062763	0.17175843024873577	0.3199005044434032	0.09951088047925731	0.35005096475340497	-0.21944353358526894
DTXSID8044961	13.88145455018499	-2.083579849511578	0.38706459403017635	-1.865993194397164	2.153360721268768	-6.598056621210672	2.3285653243114073	5.8828593040729995	1.9335967579646391	-0.1088627570946556	-3.245863296896979	0.5152783975862135	0.8981499466439328	3.0835109470745534	3.4352785408146507	1.5098538051164623	-1.0577061401589163	1.1131199186569365	2.9282456733824827	-3.0349305697623543	-0.09237759819881419	0.9415950041833978	-0.5696739093180411	-0.22825689257277626	2.9961495987611975	-4.558646566179088	3.9746678392176515	3.096010553597307	0.3594424587462444	6.90189816238952	-3.143876187221225	3.91806914393984	-4.441439902275249	-0.7557030379886677	0.94377645942014	3.3728822222656243	1.1900880062807526	2.119606844161578	-2.0227848317808275	-4.266342839042332	3.821275356347325	-3.1988671420064105	-2.7591681711240215	-2.247567781010766	7.143019516022135	1.6948812619659204	-1.8862902951093086	-3.6423074599787606	14.367992763168306	3.670513556767002	2.4662448237299497	0.976104156233888	-8.980007960711943	2.3729940520874644	-4.502760408244931	2.510381793050941	5.232077730674404	-2.439308924192412	-5.825506647421226	-5.851058416341562	4.450781369914893	2.601852657132489	-0.3748278208999388	0.6429943089531232	-0.006340839544300919	0.9860496508452655	-0.30086151285601387	-2.8896237645334475	3.3806773286322334	-1.1832605738368074	3.1427532009401844	-3.746181314331679	-5.256754317027333	-2.4797531490390496	1.2869699651688193	7.847068935862513	-2.238054697004456	-3.1669843983243897	-0.3786502190417337	3.3852333097535756	-1.382272811575372	-1.6249398560261539	2.526181921475702	-4.423533112298726	-0.9664753238392585	-1.3168519220261028	-2.8603207499949557	-0.04284033745551678	0.9465234525177858	-0.596972374080381	-1.9051829127611524	2.2748816503036613	-0.002919537045946117	-1.5042179144543726	-2.39211715839633	-1.584309972881015	1.1769734611269373	1.4889132660783253	1.9204313756880902	-0.42730896320799455
DTXSID0043848	0.9827323205854741	-0.030390709087553282	1.103549461517923	0.9757654918506201	-2.214988093843894	-1.7106208198661066	0.2015331250952961	-0.7529477957403112	0.7347969754860265	0.8175551594049899	-0.9778346322797047	0.005369901490325713	1.2078736877615028	1.0644253176839342	2.257158291347654	1.1702955948757257	0.28821032240715133	2.1310251304637764	-0.19424163733383062	-1.893409205501419	0.5407499384277775	-2.007117839249282	1.2050009561578674	0.3287743844735074	-0.18627156492722471	-0.6857059336209903	0.15438303671443232	-2.08361228788329	0.24817463659445513	-1.568719188622393	-0.5519494437563204	-0.5027297582695149	0.1636801289775966	-3.2319972916956923	0.640655388230901	1.7510482709423263	2.433517003721928	2.425406178464376	2.3851794523699894	-5.9769548435213	2.425734496838797	-1.3929271447485594	-1.266046799186195	1.5369082163169572	-1.3039655743360605	1.3506794452544628	0.5157916014830037	-0.6501980738622019	-2.3477696337594716	-1.715046966620127	-1.676548295428533	-4.047162124861948	-1.4804338027976798	0.9489212251726057	4.506621742335817	4.478175708524312	-0.20958294797905958	-0.9061177853597586	1.2097568961269007	-4.132169456302967	-3.4111458046806202	-0.9269550043327901	-2.441163652701334	-0.2901162813023038	4.451376230551663	0.8994692865851117	-2.744925915866269	-2.3015925470931577	0.509704449099919	0.768360471956401	-0.36705733154836967	0.9721551114544893	-0.5339440403996102	0.8847078673113529	-0.5210236500301347	0.1528910865036757	-0.1229866625317608	0.6352024433081128	-0.5979283088685978	-0.39269788388219806	-0.6199605070100136	-0.3728245731059069	0.4268456591351493	-0.016127124017643144	-0.3205988369856654	-1.1211934942145776	-0.02957805526586722	0.11235502772122845	0.1066286569762667	0.36585497729416033	0.6598100798717759	-0.391594840699848	-0.5382415030577676	0.6763370222388253	0.04379949814042352	0.12728186627493046	0.42071382266400426	-0.07666323578044194	1.0650884669845413	-0.08648328516696129
DTXSID0048632	4.289921227423076	3.2978405141222353	-0.060624085303323284	1.505976296553104	-0.2819232428059242	-1.0212464107558417	-1.963662736974546	1.047003065917487	-0.8829640669605107	-0.9177708374820673	-0.027282437599724086	0.1657556784206439	-0.33019340222193433	2.548633361767434	-0.9361750271844068	2.337370773840793	-0.8472361932247977	0.8475860255084862	-1.0818995286940685	-0.3479684614390485	0.3955047708029378	-1.3430917799992952	0.7297484204564832	0.9951365192060999	-0.720225106634373	1.0731705229585424	2.248722708286807	-0.3987471814761816	0.3040449659496041	0.6584361879107199	0.24495739115056642	-0.7466254513231542	0.580196262547243	0.4181621238364536	1.1921354848648782	1.2477423295047396	0.751586784785254	-0.11524004043059609	-0.36053005137681443	-0.07511424070953107	0.5405959757304772	0.21892812331793893	-0.14303112818121505	-0.16370599354751397	-1.5021919026920345	0.28296811258588445	-0.10159137207971698	-0.19459035902514993	-0.5939096487344734	-0.43531312266735	0.04708387823910035	0.4607225374546039	-0.15071484595630844	0.26850615783218884	0.6172973280715143	-0.8797355481424867	0.7340222691769325	0.5962089774056883	-0.5007110002490222	-0.779005591653545	-0.2377222918119097	0.08535758568177025	-0.6581757190866155	-0.8442734701261189	-0.4487883922594949	0.7457315288922043	0.48259331713748327	0.4459790513682768	0.09033201878204743	-0.2856571200144242	-0.6431777412657426	-1.5676508263273088	0.5591637452036219	-0.24373645119054832	0.9563242171242232	1.230346412630146	0.36046656102940766	0.10036908268667438	0.1574195175955131	-1.2286190878212644	0.24965576086033692	-0.06419240097359245	-0.7974820990545334	0.34739515821777234	0.36141146594737455	-0.10120315687928691	0.39609603488264294	0.3784056095502355	-1.2512044772098647	0.32567858018164303	0.059599256983612056	0.5065507819554695	0.5712751435288016	-0.7071477861249552	0.939012223019384	-0.3220533960036912	-0.2360887394873888	-0.07935233080587807	-0.17519505290070297	-0.2392268556923082
DTXSID4027866	-4.714753787491724	0.8427951199797571	1.8497006610505595	-0.3135203078872496	-1.4506474769278548	-0.14149991440584095	-0.5074414875919248	-0.9438107192980778	1.3920641040946686	-0.41002325410912	0.42314627361550455	-0.46086837235827494	-0.25375609102933233	-1.1045899882545185	-0.05457806280289355	0.10502348414090888	0.5384274107478464	0.15180403754710392	-0.3026867772946868	-0.47898192742478407	0.00574979134535398	-0.3896609870919279	0.2941978886775302	-0.10438788487277928	0.32452652748762073	-0.7804382181018193	-0.1312002180018722	-0.81365135328734	-0.028007130488894225	0.02235123699710461	-0.2515563692925288	0.3552613813700827	0.6008648018955612	0.17557714015577475	-0.2431581745988549	0.10813210752936511	-0.3534956587537545	0.2265398822502115	0.14551472815061617	-0.21387772964756296	-0.2579567372132829	0.041475683159047864	-0.43785147032123173	-0.36303133894881556	-0.43003159854832995	0.32863334858017745	0.006805836835840762	-0.004833201980277734	-0.1999677467365971	0.16694266247910838	-0.0895450379007054	-0.03060704164199956	-0.08674838483681406	-0.02935928631755909	0.14086404785058596	0.06994360768414631	0.18573151037020832	-0.12969371075940908	-0.27967879819555613	0.08025177975052203	0.5669502110577	0.29336379390644113	0.30477712828152437	0.15793996644402444	0.12914081449126785	-0.21623444511904302	-0.059652942895131254	0.3214271528099392	0.5187258258200743	-0.14295095675046976	0.023679180231001403	0.3118973597412738	-0.09960449090619902	0.06664225747728231	-0.5588974294247879	0.2112818388770304	0.25318590138222996	0.14467186710548421	0.22749936975617718	0.12002618095206911	0.25170435937594304	0.3663802074989452	0.2473478053119285	0.5962821405720145	-0.32796779324933556	-0.32531060782536836	-0.044699766664164246	0.6671024019195784	0.07219165636926551	0.15939322417504329	-0.2111937552674953	0.07953777115321332	-0.10329477494386465	-0.06555359837995482	-0.38705112582447343	-0.4411571340668211	-0.12784241820752	-0.15399785696018414	-0.41140310749180947	0.06944189691345747
DTXSID5027223	-4.214326292776509	-2.833021358688396	1.7236896683183878	-1.0701480959088598	0.7486854131835875	-1.1908295040426942	-0.6608858591013484	0.027698655040076996	-0.335458847145417	-1.133497702220812	-0.696916256346932	0.29305157949850985	-0.379381427977026	1.233367379983512	-0.46395692424106166	-0.22751299794735402	0.19805505721321828	-0.3751715933878301	0.544077373274456	-0.4478135526726517	0.3519265571753986	-0.035337112987081906	0.7707986616774373	-0.1989516539922027	0.16281336461624782	0.03893098635866611	-0.42468089384901864	0.07970263128561406	0.07952815652437362	-0.27600817344499695	0.13395593877487566	-0.025113365192460657	0.022459658085620924	-0.5402987096307161	-0.07996964350458849	-0.031913522654335794	0.3149167600694361	0.3784334387318502	0.133074384407462	0.3937292253593365	-0.1707966189499651	0.014236224953339541	-0.3291445011537402	0.007095238482335473	-0.3502585147233018	0.07912365207938749	0.10928556582366443	-0.0167302406899927	0.08966938760901912	0.23262192560735873	0.04775770928036784	0.1400895563174702	0.06155757810628787	-0.11702016090773645	0.02741189873480746	-0.09258083077261815	0.045040806885337965	-0.014036766332183773	-0.12743766217838767	0.06562615810054366	0.17063431926518874	0.11202458708428929	0.42776091158188767	0.04440265740551945	-0.15180011320185122	-0.4556367876899231	0.395606970691747	-0.5754435566355305	-0.04534774487046717	0.6105441377430243	0.3250908419246212	0.2832390211309409	-0.15953252121340958	-0.10353448640747874	-0.8480851729985225	0.009524036432492278	-0.34186735593532425	0.16703472920014878	0.1269509521460159	-0.27446180556791355	-0.035288924644258625	-0.3182131420838854	0.016233597756197243	-0.1878629416955654	-0.1311146156543063	-0.11036365014939556	0.22837067083748122	0.308068688934374	-0.021681764123287393	0.031036059746477666	0.07545132953852923	0.25743171671931997	0.1815555835929342	-0.20246972544743624	-0.3861343112270749	-0.10269199748131731	0.03488589666766025	0.015990797302552456	-0.14549867745319597	0.16780042173863752
DTXSID8029282	1.9521978389494783	5.122545259788747	0.6148736417928797	1.571705025226276	-3.6983247222692075	0.010589862671712812	-4.956675465969763	-4.98510916869634	-1.482334636369843	-1.0236125819870243	-6.680259113054469	-0.878520956162126	8.074658055423027	-0.3550263883272205	0.8697549969661253	-0.5097786745126835	-2.7249210189377044	0.41280521042468216	-1.10161177180635	0.5799350304851956	0.48716664235452606	1.3615465140115075	0.19157481136202975	-1.1724006495402153	1.7031281760170909	0.7596106387857061	-0.09330094277561098	-0.6053324618297048	-0.38772423161723824	-0.6215589547382808	-0.9481395928281655	-0.022553617606693825	-0.6507642649046358	0.6951091729901915	-0.7245681328756323	0.02385316521167103	-1.8655603672906924	0.009587887776352028	-1.0214536680308002	-0.0645526328974898	0.6263428194389922	0.33940348583890384	-0.149353987907379	0.04562402528563994	-0.10031079659490257	-0.17224487703641164	-0.1845929194856412	-0.5229500897993817	-0.30559490347156343	0.03693539000831156	-0.17773881682354314	-0.7773036527057678	0.44505900787371067	0.16467653580685684	-0.2962489384952941	0.13297507373402967	0.33775646667667125	0.47898862987395363	-0.5428707173427703	-0.3401814317473766	-0.11061314380940228	0.3403924409157837	-0.1311208054643519	1.2230058469603564	0.16457002134159265	-1.223719853891009	-0.4503752885861532	-0.22175926429265444	0.3870918410669403	-0.8077904367885964	-0.5669583452037348	-0.9110184635803619	1.1179705561669189	0.011958121078470338	-0.11379807936010883	0.6118703261071963	1.2502359649115107	0.011541911938403836	0.04815955671206839	-0.26727699826122353	-0.02284254750635796	-1.197984704530535	-0.088774670631486	0.14687202968650412	0.3760811085722339	0.8232548720881296	-0.4059942188286457	-0.21200505615881032	-0.43648454912401075	-0.5444497341765939	-0.29529735604169494	-0.4334282018188829	0.6845405317201657	0.7050993348702547	-0.04999207451041966	-0.23138302495790702	0.5963158003104657	0.16789282989782317	0.1400871063998716	0.3498242599960219
DTXSID6025064	-4.944485286000129	-0.3284942389440701	-1.7780765049320524	0.6373049167742204	-0.3646211082988971	1.1962402305866422	-0.38814749278416444	-1.621162352290063	1.255222010697851	2.2464425574511955	0.3222697443194932	-0.5968010243030422	-0.744088844127214	1.3137220222601065	-0.5947884239710703	-1.4191803386983988	0.23686177504685418	-0.5055179134669028	0.3751043533220321	0.22644637068016038	-0.0879805842837953	0.07862497899012683	0.23753078871986721	0.2724177330630417	-0.3053596704198785	-0.23071033364656449	0.04460286120760082	-0.19547418807055783	-0.18290039750123227	0.19972140173563313	-0.17855769108223846	0.32407515541906096	0.4967351965759546	-0.6333105853087379	-0.3110880895938474	-0.09531862992728954	-0.14649137205535326	0.18427974830166732	0.16583818927755414	0.29903188807183045	-0.1117951126589444	-0.19449429869199603	0.6186044661529696	0.1324687840954246	0.17410183620478684	0.00863750067545371	0.18535591059441736	0.45593619899519644	-0.07569797320605637	-0.027728016177852154	-0.1600037399865583	0.1393912157616804	0.12620307763489105	-0.13627022801091632	0.012555932142408405	0.05292352160159092	0.16367929127259084	-0.36439044190027897	-0.14375102997130237	-0.06623476648402866	0.4002295834088738	-0.5028077861305418	-0.18693168060816281	0.10152403287527124	0.29647498238834386	-0.11419454182103327	0.42241385637933565	0.10870585571986756	0.01789699260893918	-0.20939125281530294	0.340529397190537	-0.28009634003133876	-0.07309683066685241	0.048472870445391524	-0.7375279671915028	0.04814961652237106	0.08177900396734572	-0.7128489927804973	-0.39418710376980254	0.06390291443596918	-0.28736531499829937	-0.05223174191693614	-0.0304760670705932	-0.3889612991604247	0.25878725239434985	0.012051462417504436	-0.44796840715846736	-0.10490655779431504	-0.6823209427698342	-0.19625397222608842	-0.3885472996581577	-0.3428217306992497	-1.1697543493933344	0.8375499681796045	-0.014576301142559403	-0.3047332018433409	-0.0654274089166451	0.27732698376046494	0.36655671218109875	-0.7264799840743983
DTXSID2047931	-2.1941767858528083	-1.1734032421056504	0.06059663595188242	-0.5149382587582947	-0.053071848520347124	-1.2084128510629664	4.665621518821731	-2.356034747669126	-0.8304694487863463	-1.6175286878864286	-0.876845600824533	-0.6189297985765576	-0.6679926615100705	-1.5539716522786602	0.6690852608830908	-0.8129543683603534	0.6427745497948875	-0.2384149959403043	-0.5820147934581023	-0.6048514012971828	-1.4902756496927352	-0.9332756729573924	0.18371974021845558	0.546739474894599	-0.36640655176112835	-1.2801888777697885	0.47177567201876225	-0.7550632071667576	-0.17286954119889053	0.6047466220117726	-1.007834163666506	1.624955613929998	1.5134157595206974	0.3318535632000066	1.7511519476006387	0.3894116963429116	-1.494304134792845	0.5713451816470918	0.7965898927498127	-0.5078228087472662	-1.536823762677303	-0.6414285240379101	-0.05663034581547176	-0.27384917331823716	-0.5310281509709336	0.2388985581878839	0.9179766346649456	0.09104253051717869	-0.4571552659885008	0.14347122879665136	-0.35047814584911263	0.08511569882034598	-0.21245437341910992	-0.16245035638901922	0.21476948634363188	0.626862036899827	-1.1361274681000981	0.4433682354541051	-0.9240248730014652	0.7060948880194537	0.20435637388856404	0.28125314310402794	0.0007858732689885251	0.4831766268838138	0.4518895181052932	-0.3484011146585017	0.17717251064319361	-0.17438179708613688	-0.70095257381688	-0.6556532080910966	-0.2710553275688463	-0.7123008567960092	-0.1056877110337327	-0.9035322127005305	-0.016681948391610652	0.19213229619155914	0.6045134766475131	0.6557698486876373	-0.46075798333366186	-0.0874030418332561	-1.209707405337593	-0.6176597348028868	0.3074230321106229	0.5629548007848825	-0.43735333256268133	-0.2691141425517226	0.24149039566694144	-0.8574385911415339	-0.5179967758911813	-0.4787884859640275	-0.28728525483041034	0.5528466156298029	0.5800376088345018	-0.2134598323993659	-0.9619903901787471	0.8630745463401064	0.48896110716473695	-0.07692627121723969	0.04547478601200176	0.12966371663532858
DTXSID9040718	-2.6205306060196163	0.5195384778750125	-2.185513362499546	0.5871948269826419	-2.6765663853376767	-0.11933033953818728	-1.1809830021902765	1.182132173276675	-1.3935756040516365	1.1701224209376422	-1.5956437402583887	0.4759497182834071	-0.0028779068446131047	4.612395067204067	-0.38058254076892983	-1.864553753894969	-0.4818485573317195	0.0008071194848829458	2.167681701870014	0.5906118638712697	0.24964299535719023	-0.44399191329601156	-2.53168451542163	1.4727106598886937	-1.0445201396740946	-1.0546058058692345	1.7344200925127387	-0.22339919326178517	-0.20539910317401014	1.6723552497439553	1.3771347411849484	-0.7998597489801936	2.3350695874987553	0.7191900929103334	0.2882090114411972	0.10403123595049477	-0.021223321652636035	-1.136871072967111	1.1466043220957587	0.02464430000461237	-0.7481368792401498	0.5029174688203897	0.1414042330550493	0.46798906361435794	-0.9422749633558953	-0.24744405242900389	-0.18957943845973166	-0.5717293942913695	-0.5732423125729774	-1.0916237865295564	0.061628126245422014	-0.14928823200520125	-0.7911657724489015	0.31352680971626584	0.9324368465217316	-0.8154997003511094	0.13332174783936301	-0.13904084546159412	0.5300254560079696	-0.34684851014536117	0.18225207812320143	0.537528496275578	-0.691090014673421	-1.838756017002764	0.01949277218657437	0.6583678041599644	0.12013687686732565	0.158083072333753	0.7089250387154925	-0.36341339350485824	0.01986795561624256	-1.1732130867372916	0.04684942149821992	-0.17658284768322624	0.6082573411893357	0.2424348470513451	0.16758695283557096	-0.34491714553131164	-0.6563273863499579	-0.13391578519587174	0.2263075048734568	0.16202987238110494	0.18983114225672454	0.700088341819996	0.6206496765799058	0.1692654972182557	-0.2867279936187655	0.5602975599546535	-0.9329331545623456	0.09081367398630659	0.4849443199332608	0.670053426393149	0.08523464926628715	0.5289617940384864	-0.3641682634550589	-0.1018711420395988	0.03405824542492875	0.23856489096532224	0.19825316279823801	0.11678992183922732
DTXSID9042124	-4.270712067285551	-3.998830951687261	-2.5799510268708272	-5.200032346298731	-1.2646916259909629	0.5940008510559345	-2.9963580839233392	-0.7805893688391063	-2.2160885010153413	1.3222525577498	-1.8766707428555454	-3.2097252063927786	-4.396974864746378	-3.8563252524684875	0.913242719392279	2.3740972788460226	-2.4705275914191422	-2.1093818991914337	1.1085276374373687	0.385570260473285	-1.6776981668178155	-0.10328987646603564	-0.17846745319234394	2.01135470487693	0.8642912359013044	-1.2308378001201707	0.36428801429980634	-0.9787105968563844	0.26539646797297467	0.7642969271852929	0.24314725121070907	-0.5311267621774414	1.2093091127763052	-0.18942655202127237	1.3309011985051393	0.3828915681460199	-0.7414413689433007	-0.031869096054058015	0.21009679881532306	0.6646080129265782	-0.31101898311085346	-0.38848152807943664	0.5787454343985834	0.6269212017208304	-0.09449987354859082	0.3086941916683549	-0.3780456956691227	0.010556523113391171	0.4912920689333645	0.9226133031173537	0.18139601321467122	-0.1510990295299781	0.8361985526044495	0.1258521274634251	0.3708203240750544	0.5509677220058198	-0.08265654027187798	0.1584783695866276	0.20376827901723826	0.6765652571083322	-0.8598192280160577	-0.019004585379937444	0.037974716869205734	0.499519389679998	0.5758797063660331	-1.1523025223272623	-0.5870227599126847	0.2838596241815241	-0.3920194961816979	0.1916401223389161	0.26899760176647525	-0.482726767375028	0.37927665761142476	-0.08918443721124791	0.3977275172152459	0.2081850103007928	1.3172674398496997	0.0878335723074201	-1.2077580797698568	0.4231310975549333	0.5458468957900998	-1.4947209518518914	-1.3416290337199723	-0.1139033585896502	-1.9453572197167484	0.45204551290971623	-0.38171196159704157	-1.1098219675602816	-0.3005388037520173	0.30115833108677903	-0.3555424560403095	-0.5985754280871548	-0.13611396327637962	-1.3061714216921234	-0.6841413005832522	-0.250487451627833	1.5126317991629599	0.1630837809312104	-0.45052542065287593	0.9947636186972258
DTXSID2044137	4.385522453725262	0.8130531240272306	0.21529980033105361	4.910863704660704	-0.851953972072696	-1.2737404221049384	4.24799424359418	0.8840657549536766	1.6909858330184893	-3.5101294867539217	1.3196215184036832	-1.0598809105654092	-0.3957665506436495	-0.8187711898511703	0.5158888461936065	0.19858269303503906	-3.1436631151832812	-0.45300878440343395	3.788989052306925	0.9505543991775685	3.626587126567377	1.3481776574906572	1.7373800547458844	0.617330014433276	0.784870688276833	1.3918565637927762	-1.4678492114476804	-0.9978446894905524	-0.5206078149682767	0.9561887721658076	0.028510301858669033	-1.5776137624501283	-1.4179080701990974	-1.2731326655363098	-0.29222289725758593	0.8317533118770061	0.6379900488129533	-0.9064293303761267	-0.14803419041755658	0.6891910377561216	1.02336677792954	-0.21180913057348616	-0.5445018375863938	0.8489514913005047	0.2068632083310269	-1.1078744854404161	0.8361258428432068	0.6098589771628508	0.3068247244316723	0.15656808803081562	0.1638818541602232	-0.16914351307589295	0.0617218289693869	-0.1394934141759583	0.6709749069283899	-2.162418914899966	-0.26349111124660296	0.07839693071430337	0.6310297354150679	0.014299005202504213	-0.2920868049016177	0.6285393326927148	-0.8708880779335408	-0.003469494461014908	-0.2725503821530185	-1.940214710582527	0.9095409933439383	-0.29330814043385434	-0.42840740221843676	0.5980404366979941	1.2387378827954967	0.9927379582802618	0.28267182696801524	-1.9535362029975902	0.1371866611234115	0.8483254112780285	-0.015463483219901498	-1.3556468323050013	-1.0401046933225313	0.13406917803217405	0.6074441909859655	0.12830945232807184	-0.05227567216359091	0.38113131676196327	0.323937511804714	-3.276517694516912	0.3149032757607806	-1.8914899335661919	0.6548481600001096	-0.7642699938977193	1.2586352879547573	0.6680585325816575	1.466119500025348	1.0407728604695339	0.18840727375360575	-0.31717902517421404	-0.4449030206890468	0.16000647942928256	-0.24188006112749863	0.6467935480114556
DTXSID5048899	-0.895780380432394	2.1034433085971154	-1.446596624556321	3.4994063584688124	-1.6070872207169848	-1.6065567543490633	2.2385950627715507	-2.1987972450762743	-1.6690494946405603	-1.969597517346933	-2.4936718014913954	-1.214311372086887	4.656101605647987	0.18546856002430084	1.441704295867088	1.740621271379873	-4.690047549821065	1.2772612091285498	1.6835260182965137	-2.059490950939187	2.2264143031943684	1.2485299723479182	1.0336792236320385	-0.1684996414781509	-0.22568631329057967	1.6573119353782568	-0.026661378894203697	0.15667910505543414	-1.3372983018488456	-1.0049541734757022	-0.7888175849800121	0.005702337904916907	0.2988842920416554	0.7880103951261241	-1.3938536396294023	-1.602821557791995	-1.8636255966025985	0.06453577882994632	-0.41595703820008967	1.8430889379597264	1.161323566188186	0.4485448795383639	0.9907413162490476	-0.3933524746977079	0.21842239211104367	-0.30045441071594314	-0.18163560422139316	0.8107953480175599	0.25328401247059057	-0.008193754544450857	-0.1127649612647247	-0.6394055218573622	0.6073200407182869	0.15600280054071206	0.42991647580689263	-0.49871455358698125	1.420360340663016	0.971989255440646	-0.06845978851077965	-0.9412819391981775	0.7809032933883452	-1.0145353889381474	-1.3832823764744628	-0.11267410096060768	0.9308338519411175	-0.40922625031058174	0.16533265401872985	-0.961329399132772	-0.3252647063240487	0.09983689099454707	1.039507879707527	1.013487995545672	-0.9686574313026284	-0.7816056657143997	0.5685448318086234	0.03766959057496064	0.13624291572385167	-0.8637102045550883	-0.4096249429807985	0.39419822759533807	0.3281618354531945	0.23373533730137652	0.2202703932804081	0.05615708650059393	0.029239921341875596	0.5577560424278176	0.03537415639610318	-0.29805013049290074	0.08454285397753274	-0.06570699486250887	0.6701050728104944	-0.10387891242870784	-0.6031715997959152	0.8623826984422012	-0.05450828161820416	0.3010394256059603	0.12861145451745862	0.13748509875913878	-0.36361896995213827	0.5440069974112348
DTXSID7022043	-2.508843114600358	-1.3376619664773743	-3.316283248564325	0.2682782734983122	2.2780991026947537	-1.1202744682204442	-1.280087514779948	-1.114509119952529	-2.9526165036872465	-2.423240218456252	6.044395658457804	-2.7395363537624675	2.53646194145101	-1.548427601282702	1.8028431304381942	-2.9931152189145145	1.1834676734747995	0.21197657124522404	-0.9558637679029459	1.7883631391347208	-0.4925009649354946	-0.08299778216632252	-1.7508948141305882	0.4896667969952353	0.741466064551542	-2.0605624885843983	-0.9961617943510891	1.2377156658797386	1.2447321897694068	-0.7656121770923306	0.8169996224326767	-0.49913721276775463	-0.45969121845839456	-1.8595177882434464	-0.5274913099260662	1.9192502940696958	-1.3628844513117266	0.21542073043570015	-2.8792448484309636	-0.7538797852081154	1.608846795174976	-0.9320720600667963	3.3432125933829466	-0.6725573197912622	-0.6345777705235225	-0.3014830570157708	-1.6384734074282103	1.9110325237275292	0.3694960419960822	-0.18318637280671413	0.29061394032253035	0.8897912905437027	0.09973419677582364	0.8071158711800441	0.09037196245846185	0.5454188120515996	-0.6470700954918823	2.008204145889197	1.6141773468061984	-0.538938086446807	0.6962059340531571	1.6627803282378624	-0.9561875171550714	-0.7389159238898049	0.4425714413657034	1.0565325540651462	0.6420456597446205	-0.5481708486551797	-0.056120791673243964	0.1285528359121704	-0.18809737268425059	-0.16274488286930827	0.3612176762190026	0.12008754251143043	-0.21361179827418164	-0.016208890869926332	-0.9903260480769347	-0.15324235803663747	-0.053581336074060286	0.046842921042470065	0.2379058549167659	-0.13240386768548545	0.5930649883083366	0.2118053661630084	0.06623169498615691	-0.34256919041360734	-0.701289284825271	-0.27419090395132106	0.04028301171704731	0.20067569639769303	-0.10992387750437559	0.09164516050542824	-0.3551012187139931	0.5023697152282546	0.01259894061983043	0.37739818877650355	0.8311653745100122	0.43664818358783886	0.6409510040843786	0.001808348376685985
DTXSID3037541	5.882990643032374	-2.051308226307848	0.25927773511336893	-2.336571208570788	-3.3061559191315584	10.686729415405745	1.9303912519682402	6.778108868968666	-2.0834086376410434	0.36872427358995313	-0.17383647598848972	0.06499733952824412	-0.5257315154455274	-1.9582749974311566	-0.4015302177402166	-2.002901641641421	0.956849012922766	-1.4665197491933777	1.5216831422145618	-0.2669357954307374	-0.49543400078290395	1.0296529173324602	0.488266813036913	-0.38423599914927153	0.060453431179863425	2.142921495596169	1.6817923700585298	1.1998894427716431	0.29951825553554795	-1.4157528925706202	-0.9227554685108054	1.9863275273421066	-0.3822155928444896	0.21417688013578748	0.8058416475043226	-0.920749814013869	-0.6607171711919694	-0.6419741140274807	-1.4026267836966482	-0.6757089464802103	0.33339659210624173	-0.34121690147461636	0.25879151446245513	0.5966591388015179	0.5363613437479279	-1.0707579587140101	0.8640489532639368	-1.4887695268290193	0.4448395152076427	-1.1335103630005388	0.325130458013784	-1.2003775999165964	0.7557558648779136	-0.7398008838211121	-0.5545502749967202	-0.18636736912049454	-1.4286713947604153	0.6848731756096111	0.9522853292097766	-1.7210453794691738	-1.0218960799022048	0.16040225275667797	0.004163092338211614	-0.9340138711317062	-0.8130680823275247	-0.8138289239369506	-0.5090075361917864	-0.7267218091387051	0.5692452084360009	0.3675828531847589	-0.6512756249045971	-0.43279077062833615	1.4200239493737414	-1.4752032072320223	1.1828002022255424	0.15540636418849058	-1.8967941402995	-1.0644239312507155	0.029411216503897532	1.1474007401525717	-0.019012591208039324	1.4947465785498708	1.2476227116513068	-0.143370169813181	1.0935711632684706	-0.2508787486358108	0.022520481786841365	0.055365334430996456	1.616950619560982	-0.08065015128541948	-0.054716031300198545	-1.099010497650154	0.8743143143639008	0.7039196044931808	-0.802160998557326	0.32525285201684156	-0.5963882947430822	0.34509972608957706	1.3180964472611012	-0.4335699583756091
DTXSID0048921	1.9696752279775445	0.7123433890564222	1.5907291454095536	0.3690918210688069	-0.7128923368317299	-1.172503621153203	0.909704337735045	1.9956790415739545	1.8761634127978883	-1.4964466749616354	0.0185260096829161	0.2919520433859681	-1.4080678745769424	0.752979407760587	3.7665771061873983	-0.3836378713668404	-2.7102214878318907	-1.0915975929472024	-0.27426469483642885	3.4580306740815265	2.5989150066844218	-0.7852878506755742	3.1737630721670205	0.7403505227588872	-0.14395793288761047	0.6857409965318686	-2.1587993071830245	-0.6195800178703098	-1.2518067645558837	-0.5567138401344266	-1.1292428100337562	-0.9107812595556022	-1.1645753384018793	-0.8111273985780786	1.3471738809008835	0.16254454894322304	2.0664819026195254	-0.4442259228018613	-0.4280467137007114	-0.9694369995485645	0.6484322284862913	0.033612569334760645	-0.4990516656231685	0.871274347557523	-0.2823100105457286	-0.39521343390738783	0.9261378448263461	-0.5422918512389833	-0.12194479916771016	-0.17968163676150395	0.21963742506081646	0.6751557382777971	0.14870613245352812	-0.27785820446695464	0.5351670730598747	-2.3172189577608764	-0.3399164682753479	0.10563385504519493	0.055528668939605244	0.5316581101445778	-0.18843122831044495	2.0116941887252104	-1.6548624700260375	1.2042828023983656	-0.6702090673017022	-0.45681951892492495	1.4915527593226805	0.7025963285279948	-0.10203354535389647	-1.2575401386732454	1.3925976914063698	-0.013760599666259482	0.8929522384007453	-2.119658622192802	-1.6455573989381207	0.8123998867251547	-0.1262426871077387	-0.7722015833630175	1.439984617304742	0.5620629659380768	0.9039943576469062	-0.3953441339498852	-0.11353321027557046	0.6956966112555832	-0.6045553405520268	0.35521848374873044	-0.6335735372888371	0.20861681937530294	-0.3930471196171793	-0.2730576693462089	-0.17338301371390605	0.5741185596306386	0.6814857613651368	-0.08401406986018754	-1.025109960154395	0.19485332517554063	0.7344179111061695	0.8681211380691413	-0.998564276021647	-0.31439503646140204
DTXSID7045782	0.12899493766698744	-0.21862006805145298	-1.817435967009596	0.9141538029121379	-2.669207940190648	-0.6369874770961658	-1.6985990703929723	0.5533322800178966	-1.832282566012554	0.4311626753266332	-1.8292434116955334	0.20268242254817717	0.2572307621682783	4.056139057278621	0.017400025784405058	-0.4726201101537756	-0.0009997692111924019	0.6561041285408982	1.575417091271349	-0.41326212500035814	-0.18041962824157756	-1.087368805557196	-1.8162153631677957	2.009393926103682	-1.4527578821987148	-0.5943725558046852	1.5255256006585194	0.3626179442649221	0.1993847841819221	1.0162396417045145	0.7542697949933717	-1.4227569597924465	2.326449428323289	1.2740808794026628	0.5314409758861735	0.9615764980917704	0.3709874989805068	-1.4101101479537332	0.3907021826786757	-0.08508932991243039	0.43460360559079847	0.12259762705440258	-0.26952053657247677	0.8108457623164064	-1.989748939400783	0.13250615458847964	-0.2843165174114296	-0.9385048797196182	-0.388134772517742	-1.297421304371785	0.013164182769742969	-0.3780942905630188	-0.7631893005991471	0.42024605818778354	0.8843235632736103	-0.7080482547481571	0.1732722581904262	0.664447239126329	-0.1314661046060871	-0.8836686881445054	-0.6392269832863543	0.9888034614769117	-0.36122030817193074	-1.6107406034425442	-0.9431936463913374	0.4706919502920527	-0.1913905533213284	0.862957023938277	-0.482312636543153	-1.1175923959442358	0.089198985333911	-1.4192016823901425	0.07183114526131008	-0.8192219022148515	0.9251737112561389	0.1974672019040209	0.7286601993371719	-0.6436470707820623	0.5881141169028214	-1.1794934108762607	-0.3553552576821941	-0.4248672460216395	-0.6182002499500957	0.5823000890584137	-0.2808665318861717	0.31028744398639085	0.35628378745282996	0.7453063344608667	-0.8795865042701131	-0.27538735900136363	1.035022995842088	0.5091152684329986	0.5700239065332691	0.35546640201074925	0.8106579489635016	-0.0784450423607224	-0.0556883436054849	0.2779011575929618	0.00142923114528281	-0.0805526917210089
DTXSID2023064	3.822458465266184	1.2356363619547102	-2.3325916766959525	2.1248611479889816	3.8068778092117124	-1.362987030373195	3.593317795384548	-0.030005871408446946	-0.4203769287805522	-4.369722317284381	-0.783067057845761	0.2255223713739473	-0.6083402929164418	1.1226988186200704	-0.3911550664937644	-1.2367020700405655	0.05774035931258307	-0.7052212903486018	0.011757577657533148	0.46752984424691557	-0.4921336570129425	-0.4181485357007299	-0.8267458705306882	0.7033944806832785	-0.8999788160400276	-0.33776065419059986	-0.5373313129033219	0.8645571931599929	-0.23964658602086875	-0.20675315938024227	-0.22806566200834605	0.9540253966211023	0.3261477374865961	-0.44470186991947924	0.22704973039242038	-0.3500591420877541	-1.2451123941116489	0.5805053826312229	0.776648214960141	-0.5088571467327339	-1.1074466569717711	-0.5362468807124212	-0.7211179626577083	-0.4375490220814069	0.11039585273194992	0.3209772607602005	0.8227386575337837	-0.055496062950167825	-0.23262401701329202	-0.24997685763530805	-0.5076290493129638	0.2729435908971621	-0.8857363536126867	-0.32056890368006313	0.09985620049585281	0.4659106726057702	-1.236838469495009	0.989572031287736	-0.9827584776220506	0.6272809580209502	0.32535994685471054	0.3165918594608182	0.03616545199912808	0.6504848543180237	0.023322105318716504	-1.0152093148541588	0.04356188703826364	-1.2915811000615598	0.19586301680142046	-0.4252717653339291	0.2819208720358446	-1.2930450985244812	-0.22549576983302766	-1.124507366256964	-0.49464042192213453	-0.3979337311369823	0.1246299731255271	1.9541961109006663	0.46744088438837705	-0.5119669043192133	-1.1796902315084186	-0.11405131266976042	-0.4399464395265211	0.14822054020330627	-0.568712420645922	0.7659368117560519	0.7816544761775579	-1.2469942506986937	-0.4452049585033645	-1.1604517857171144	1.0895258379009174	-0.4028167497506184	0.3263185876921113	-0.06524501789288291	0.21737744984999913	0.11056701625663945	-0.8550416813650398	-0.2815554867931529	1.6058085974106597	-0.8241406947051816
DTXSID9045005	-4.361965796425995	1.2179878460155626	0.3706912571808023	-0.6558434079314366	-1.935916213752565	3.6040841689240493	-0.13283471699172505	3.4949908385711677	-1.1962990825138464	-0.19616362645893276	0.1581465347704739	0.4796427736631019	0.455479733851552	-0.08330947670993784	-0.7573201025838912	-0.5463805495930871	0.20019218329212402	-0.30629013458852306	-0.2830053688733044	-0.5271530247540397	0.43990794855916454	-0.5206907649238363	0.867390798020349	0.5989319992866545	-0.3377338891893005	0.03498689973949778	0.03253454666819065	-0.6555618846831832	0.27338193880234113	-0.34190648992466266	0.27788235224073465	0.06461871189227249	-0.06114979437096867	-0.6362158646506519	0.23930321371554097	0.16308484546162094	0.1287572078313421	0.03721126407466645	0.0775365210754594	0.5414236659242637	-0.29256598196887473	-0.08578123187687091	-0.18745184076774057	0.2887365606322965	-0.33236126830210533	0.15237336357588144	0.15498460530258246	-0.09702833660044363	-0.08069526094544258	0.13818903391355664	0.02647921768992436	0.1200181061243078	0.12451678779932507	-0.06908154496794588	-0.08638115204041209	-0.41831337964848936	0.23519319426337856	-0.1572146633563227	-0.364803912634607	-0.2511722158241485	0.3370847086159795	-0.11807136918435093	-0.004675812490433747	0.37162402913786946	-0.10499594269574714	-0.07731568014662801	0.35614427005138705	-0.025969270217867976	-0.3694434881251712	-0.09233782717595608	0.22561877077578907	0.30601135684246017	-0.05707563005961568	-0.20681367326722114	0.15647248759739096	0.6110844605454705	0.45747416226092774	-0.214411508255627	0.6262359126999113	-0.2904573405285202	0.38120314602409583	-0.28113979200355155	0.43586681153559165	-0.2789580709069611	-0.3399802092903867	-0.5179026360028779	-0.026216905653468178	0.4006676014456762	-0.12598474575581806	0.4812828255607151	0.2821228274061232	0.27679949578712576	-0.6007464846953159	-0.11094142550939098	-0.1697032561663126	-0.134798938297475	-0.05300582763559288	-0.23185022379133705	-0.31059323953960927	0.1367295540983993
DTXSID1045114	5.688172696984529	2.8209644030967627	-4.309208128707332	-0.883165734022447	0.5508921523152841	1.6521978166823132	1.9090233083362287	-0.12148064049118591	1.2444306543882964	1.7527704171360832	-1.3569530310740907	-1.844515372451954	-1.7019426858627789	-0.6652265219282522	-0.5149946527488569	-2.147244716059444	4.845998553954623	0.9392963507381044	-2.943705029839025	-0.7849187164604648	4.485221123657085	-0.36792257701861997	-1.5664284410500013	0.8715544040870131	1.5705312515255256	2.012093852211027	2.1765075871615305	-0.4327914267309735	-0.5603064749968252	-0.8655532042590469	-2.7784620154962325	0.3019572813155321	-1.4706789656679606	-1.3100797741830965	-0.09404934458099554	-1.695298365407345	-0.17503747968292305	-0.40662208184430826	0.45651068165124087	-0.006660412519239524	1.8262934438691092	3.1801298051610942	0.3239136511046497	1.0350258935398584	-0.3090752038224756	-0.08575272434789863	-1.6902207588384244	0.12983201143805392	-0.4579717147459146	0.019515629869064428	0.33436473147971063	-0.44175239775145453	0.6476480355096227	0.8906368075973841	-1.70645948680144	-1.7873511589961688	1.2589840021644814	-0.7711120160725946	0.7574629623338117	-1.238106677825569	-0.7553896835161775	0.11960617233519963	0.2234857538695676	-0.05679582146312438	-0.05966484151673605	-0.3583552203321391	-0.32951480337461375	0.14133040580377818	0.638899717947761	0.6077576999998504	-0.046226560993864824	1.1866892235141304	0.2214612269882218	1.115093084630713	0.5599418731335106	0.057654004601792264	-0.07185008972272462	-1.2707975891525596	-0.9857860304708311	-0.8892007962099714	0.3421477080675087	0.04198300770107292	-0.32454832744118084	0.9734255841248718	-0.9449906963265285	-0.2825223816249282	-0.435952865922992	-0.3056302101794942	-0.31716090016201964	-1.1905527835905663	-0.502638176761041	0.9667828503817495	-0.34026538526179734	-1.0809268255961892	-0.41074992216717193	-0.3545729413504104	-0.3753945362819817	-0.05083100082074931	0.9432925429281628	-0.2437754373071095
DTXSID2045789	-1.9026122380224115	-3.3570685139841756	-1.869017102976311	-1.28888449600505	0.593565443080416	-2.7812930396995688	-0.15767687533525088	2.4877371021361245	0.9559741111357424	-0.41688878589514633	-1.6064347731858388	-0.7600904823722083	-0.7833178304610319	2.240847337453987	4.351113414638979	1.934026203678788	-2.7003481963370457	0.21680784464534678	0.26460117919379367	-0.520401732944428	1.0736822998206523	-0.9681154337536872	-0.12367762020376447	2.1175657822285	-2.4800014979047686	-3.034842208647795	1.9066762289906594	3.1497243166860622	-1.465797773405367	2.9809999970068572	-2.8216701379218905	1.771376409581887	-0.8184900110984867	1.2571924272758224	0.8350993829651794	0.4252320759738562	-1.3769655301619914	0.9646614470986377	-1.795343947608821	-0.19282663930267507	1.0329916350282184	-0.9701929598654078	0.10693490612746302	-1.9096846631195754	3.8220175171978124	0.632747755374291	-1.1089619217329942	-2.2698838060112307	7.3385709413113	1.6608166117607568	1.2006023869631623	0.025488094751824814	-3.654113284501286	0.7708076691050232	-3.367656039747198	2.6398932279619896	3.075924066928379	-0.5175162270187416	-3.595397131501949	-3.6010795524867403	2.798400431507859	-1.1087105450757215	0.2589974260157517	0.38009123025400354	1.2201907427736018	1.534722897430371	-1.075611463271768	-2.9977818256998905	1.5436070654203689	-1.1164114482178795	1.687136270116544	-2.2059093453658822	-3.489685929316527	0.45747439519315103	0.6657937723912581	2.9969864886900215	-0.7579820382359223	-1.9708500858478284	-1.77343093060615	0.4493110840473499	-1.1068814522400834	-0.30544785589108614	0.7733516836745401	-2.986270391537582	-0.7513323076581968	-1.8985008161139927	0.3476294089585992	-1.1834658105055316	0.8073983894521005	-0.862204517912533	0.2404028988742582	0.5128675572224924	-0.1826045064402329	-0.30047409806755454	-1.043003106696246	0.1949466748850325	0.8155735546804672	0.6812404352321866	0.05168149033129014	0.21153252802750863
DTXSID0044527	-1.3415584023026639	-3.1579138023870263	-1.43892494012204	-3.393214782333774	1.0647530231175681	0.08149037336120747	-1.8014803878379038	1.8404114788477093	-0.9021406199494983	-1.7262588848718474	-0.4378250295595212	0.02769211346610103	-1.6236172212699114	1.7844862733005908	-1.0757089568523974	1.1396459756047306	-1.4392612749114262	-1.6636893489016706	0.727453659330932	-1.0124880282398603	-0.18088087118113544	0.7122156965027165	0.06332485566623366	-3.5108894264967856	1.3332775916050885	0.21289973521663383	-3.0640913229859477	3.3525135608949195	-1.029542562249092	-1.3444795615477398	0.2554103299629606	0.5934558982255516	0.586016379252888	0.6427676214206185	1.2112836483199307	0.001450739244199781	0.36243604571433535	-2.0999006841898016	0.8160194677562677	-3.7985311553416956	1.1580792169172582	7.277863970614088	0.26192640726828886	-1.8886730810178065	-4.217696781101395	-7.072662913020985	3.5690180003514262	2.4093059755962187	1.8975373960321067	3.2572057049309886	0.3480642675528864	2.90180303372694	-2.0357017728266302	1.7143574524208807	-0.3272181478742637	3.4281333027405885	-1.759968866210721	-1.5456624619808759	0.06797105420402305	0.7018142799549901	-0.10532718824424736	-0.6286677596728987	0.08063412542620198	0.30637906980499224	1.8306396960711717	-0.7071493072415161	-0.16771175018377224	0.5097886810866754	0.6416416891743991	-0.7870080874992389	1.4789101109955602	-0.10523273277836796	0.31077157973664743	0.3767403005736201	0.1597533948131422	-0.5736066685506609	0.939326160515915	0.10860937261863139	0.2721012599395876	0.40266762121166977	-0.3948354012771795	0.8833081542423595	0.35612187802624445	0.43301704512074674	-0.289779260073977	0.3110176456421498	0.08878416167806666	-0.3222012145354749	0.3033273016431701	-0.4005891622003775	0.5907521254963967	-0.4538263004591947	0.1864918960021322	0.05377792997881153	-0.024546602278892583	-0.022178407574478625	0.6235356486598617	0.4417713322897137	0.35603280403710563	0.0666142921197369
DTXSID0047404	27.228645953872725	8.399382257439974	-9.24252469686294	-3.4926802129944434	6.063350905062979	-10.344374642169193	2.331054898647326	5.406531092228214	-11.825718705595282	-3.4786834790045926	19.058422544567858	-4.9728769678852345	6.734805485730307	1.6713479564537845	11.574388838372494	-3.698451888379748	-3.072630566804237	2.268836285399949	-4.690438008055778	0.5019426201692294	-6.4428659699636475	-0.9783946974365103	1.2986905057956395	-2.048002912675614	4.593543322078889	1.7339310693760188	-0.5519383440537413	5.980066774091273	-0.1707028318716811	-3.330338417728036	-2.3661674546282576	0.5208188683262936	4.71585172767372	9.673215783273825	0.6023058232007868	-1.9455625830530083	1.2676528778168947	-0.058533793749219444	-2.8291464728407774	4.08433098097788	7.7880886144896815	-4.390522224236151	-3.045420400256372	7.307427740605267	-0.8783050046986395	0.8678210444401602	-1.8637986987581137	3.6531130827833302	-0.8756995810041864	-3.8270112459430483	-0.6719505735329324	-2.240259110453761	-2.1483776897380378	4.459612889565638	-0.5978532380080916	-1.371355863923165	0.043706842530038606	-7.599486631738468	-3.0461073128725	6.480298435251393	1.9957439179651826	-8.151907337178592	2.6635826923828367	1.4525007164107928	4.80229894765517	-2.0939977000138876	0.36958879081422213	-5.043095739285948	-2.2835776787514144	0.11072021730332332	3.269470413266982	2.4114854781164197	0.10464841484721019	-1.429375637196201	-0.3538006848076634	0.589506947907792	0.05037496622542459	-4.462349285225596	-3.3166383709794576	2.259762219462155	1.6805261554549082	-0.10715872238612778	0.43356750671138405	0.22025990440407303	2.450754919694312	-0.0453297234639739	-2.951219982174195	-0.7617101731497895	-2.0241402472966206	2.909613706604769	-4.452777389416508	1.7468391034969248	-1.4375187653584176	2.0519752728678773	0.6213646101018687	1.4590725249489598	-2.338221880036788	-0.5902459936174972	-1.6250102498175854	1.1678114845996859
DTXSID1047788	6.559843866477207	1.5224732802894125	-2.451256336091183	2.351648596754769	1.705877718322576	-0.4932004540364278	3.1943761320872004	1.5108522748299738	-1.3533839501126914	-1.0023330972549145	3.024792308643714	-0.9981848002910861	0.6261401404760226	0.47486591403749406	4.7571914303662295	-1.2549307896118078	-1.907903081770851	0.295631178322977	-0.893335928532618	1.1197651199947052	-1.115974374745339	1.2737351788354054	0.24285019351134546	-1.0890988152962897	2.442837431711846	0.6749993368374404	1.832817872504466	0.6335371971256315	1.4310408654579423	-2.5221453477445372	1.4206941381873548	-1.2916544225774849	0.06034194728925917	-5.887002422963403	-0.9970788346161074	1.2178474591626753	-0.1825133939592107	0.46909895515477934	3.80720858514614	0.4327494774612054	1.8739945259604973	-2.0939945489003073	2.200992647071272	1.420846521863919	-0.8219039147808825	-1.7222496924024695	-1.8143563973642334	1.4928907996939567	0.45901834308696804	-0.30495460243553585	0.5699473818792802	-0.5999830947003129	0.2562694437530249	1.226448910615856	-1.9154337089212987	1.9698832554161971	0.33313392750874954	2.3879621096709926	1.2932008927161496	-1.3661094258910789	4.426728774482533	0.6770782409906003	3.478747476258805	-2.0327848763163203	-2.3309374407662036	0.4327222034398783	1.00179412227391	1.5563338915531946	-1.3381312028274075	-0.10218628667983448	-0.22876216102848082	-2.4674854191776556	0.7183427455182465	0.8836027069747326	-0.40534227695634784	1.2802068033559368	-0.1341168591429326	-0.3069435365341187	0.27767553276529594	-1.4435071079696442	0.7370730177165472	0.8634779139486182	-0.9152566696121223	0.2513014448612362	0.36587504647361124	-0.0020303931733100726	-0.08607621393845893	-1.0475321498522767	-1.140786067475926	0.694051134252072	1.7842276729486444	0.22021104748349057	-0.6355826778245486	0.35850165694973996	-0.07954385640228716	2.6624771369920257	1.1460385699220759	1.2902994808796964	-0.46938261447757157	-0.14313545580388393
DTXSID5046980	5.087422780659341	1.2097103042713029	-7.218002886446793	-1.494650172278959	-0.15698150069232886	1.1866963852614272	-3.0553860517127935	-4.87317065788744	-2.440905602116208	3.3080219111383107	-5.036495846921073	-1.8721160084053472	0.34665841178985374	-1.1711912529627797	0.2155192038963078	-1.5054321864871432	-1.1778136215517168	-0.63540104033418	0.3788527162236157	-0.2858282843419094	1.117829393802194	0.6726894997822719	1.279083667967689	-1.2384242938127668	1.0376269642047065	1.1896211324416446	-0.3615195510741779	0.3769875105295099	-0.41975529061825684	-0.4056696022972158	0.9845874019027749	0.32588424605305	0.12782967012979238	-0.40132571962895136	0.1858695610099498	-1.530077231285091	-0.04149741165613564	0.9327803565888945	0.528391100284258	0.5140477456602849	-0.24195981922888377	-0.06740193317456065	1.0660888007146607	0.24342547296679592	0.376787304294805	-0.06866191893215662	-0.35265290321210047	-0.1905599825204821	0.07172908026068239	0.3218709296149066	0.22748944557660886	-0.029292673831512687	0.5618221463537715	0.22346878268368112	-0.1295965107764917	-0.05585521625326404	0.9800203854560102	-0.4692983821281786	0.391083771869334	-0.0199485984031569	0.40763978178750865	0.4409911012313922	-0.4852447322725509	0.2590004623079376	0.8150741824619081	-0.7356727653576536	0.6104887637549262	-0.7272408703766456	0.2912994841412843	-0.12907320597920424	0.3660033874397701	-1.1464415318674506	-0.025416376088327367	-1.2052692574920085	0.16039005993907235	-0.9639318864279028	0.552844486429949	-0.16225986962017702	0.6541996475975153	0.3203715603406175	-1.9462064747472605	-0.2853882743136607	1.0371840834271928	-0.30608310679280953	0.5959615773515798	-0.5022865882669825	-0.28769799031013366	0.3323221135304381	-0.3503210282814737	1.115087298745593	-0.29330660516218693	-0.8389448316846497	0.5573190900144395	-0.1590745209276358	-0.06488502964596171	0.30209516431295186	-0.1540330796999498	0.6441263410565821	-0.11999903686345396	-0.08610166772524243
DTXSID1021166	5.564376984248866	0.6463415998357452	1.690118024071943	-1.9087246411070038	-3.1309524752096842	-3.0757925832822375	0.10256008212732935	0.3370455401296629	-0.5098317896183238	-1.3211942422069556	-2.3156224115110042	0.960198876224237	-0.1429477906272428	3.5406624925393166	0.9784305409738548	-0.624469303148985	0.4699443487202573	0.9270061386103624	1.5117570021206426	-0.2082167575484772	0.3142373765325597	-0.2752569078206923	-1.9346229083886286	0.6607366444039295	0.902149002962853	0.27842707477441103	1.3847580192039481	-0.6969790485634489	0.00016745264487372027	0.23404988665487422	0.13684753976507774	0.19799092929387113	0.49991256373603626	0.9747505061933157	0.9095840856728294	-0.14678586931616563	1.522644509541649	0.5538340009597834	1.2057253101908698	0.11712155708610571	-0.3573961181385848	-0.36694483705743797	0.6162749875730816	-0.2807342224263498	-0.39888081000777315	0.18801958277906525	-0.34398428435672784	0.4725547435228574	0.17003950073639834	0.8369021734687905	0.26150777700067057	0.4115811639328556	0.6301313456497862	-0.3426665448596711	0.6437933288441839	0.45201928597288815	-0.024553362047659597	-0.6071557460631667	1.0567701878223876	0.6039798044478202	-0.15402238263985646	1.147739765327905	0.3061738586180694	-0.7103435250379205	0.06177766243459916	-0.39386886062407944	1.1383472612684373	-0.21276165282126927	-0.7133228435974358	1.5748257207875398	0.8235658760295261	0.008158417255421562	-1.8246832514966411	0.47205693160324497	0.744395724552921	1.491737797384164	-0.6097820908900724	1.836577760541536	-0.8095099973133755	0.34428860117650983	0.7758646115541771	-0.2957496118066266	0.1808084678258679	1.4647901610096232	0.07236514518217264	-0.19973085801068294	0.23807513151280724	2.3406973353306255	1.8214897646424335	-0.994810355951662	-1.1220161833512075	-0.9535380317196717	-0.8840576133579531	-0.5182678568549743	-1.0681764685896515	1.1389002667425474	-1.2715692209237164	-0.5630013565707334	0.5630405066763821	-0.1676121501711998
DTXSID1048627	20.79906107308427	7.998849212206377	-3.7983125196411813	1.0152427072733046	6.498288449731677	-6.930816809631107	4.571852611002897	7.400876086126349	1.7912439491985237	-0.5983863709412309	-2.1240435268703988	-1.1917128357216613	1.9237766059996355	-0.4513289172722729	-0.3951595364662474	0.7183700523129296	0.6214644899799661	0.4882117270550189	-0.8605020999747459	-3.642806928490312	-3.6019980899284936	-2.3817428528831837	1.8956469432585576	-0.22331243961705557	-1.3030040308668984	0.5881137789245299	0.5223041969142236	7.705178593493113	0.3273121902703735	4.007163825668425	-4.788886981289567	-2.7574863753218235	-2.2367660562662626	1.870458507100229	-0.9686019403616586	4.369441676802646	2.304669459412542	5.383605302912083	-3.240336544433071	-3.3427572082930936	-1.8256272904919608	-2.4480728326784	-4.252228848942876	-2.74964934978993	3.4660111776237255	-0.594540557889042	-1.3242156459034422	-4.05145317608886	6.947542563537865	3.339896128665991	1.8808519189104809	1.3869217454847107	-4.55500811495206	0.19217274369357318	1.7267593540045183	0.8339593981640997	6.9540948201845	4.39893408004719	-0.5975691365971489	-3.8850319766760566	0.40904794314046883	0.3732352927108517	1.6486535435661684	4.097047566949794	-0.7804350754491032	-1.7776165683237801	-1.429901416418627	1.1387521362030288	1.1746775652091257	-3.995259804322027	1.0279174712421213	-2.3452810877825443	-1.8994819418068372	4.689617243295364	2.194771975624806	3.4794388477716014	-1.106828643553541	-3.7093456359644867	-1.7166610178963273	-0.21971597085641914	1.3126419285408588	-2.292581263448591	3.6039327425576153	-0.3748528555659809	0.23694390507670995	-0.15444203164447665	-3.6731893630424945	-0.18545060054877657	-0.8521936829065867	-0.6726810488169317	-2.3346241096678177	0.13852146524638984	2.04083457813769	-4.460459990152293	-1.612298492932071	-1.9302594928892027	0.8391740020730173	0.0069721271407716424	-0.88064041522741	0.6285825078842747
DTXSID9046861	6.90727339582665	4.79563947152764	0.08831799332235395	2.229122287402451	-1.24534460119004	-1.6837559249866334	5.070643419609743	-0.5992639828988183	1.262873827255969	-2.2353671334192584	0.5934721135026785	-1.071925067598445	-0.8668419488599497	-0.9614817416719061	1.5218287899524312	0.6485361707036976	-1.8953404996191543	1.6080679053155051	0.1776078313352829	0.2645121670700242	5.999068227295201	-0.9571600698410043	0.2855481664450676	0.9116626475640888	0.1365837130274047	0.968534590209041	-0.9045449083973276	-0.859463358835272	-2.7578304128855913	-0.9710208035405623	-0.7002696927772576	-0.4064435080271266	-0.774280124458192	1.9441275227017691	-3.709564704812431	-1.2989318224557704	0.8209604771077285	0.047911708610771146	-0.5198381954069783	3.8507016846546156	2.6823539008019073	-2.649613044045086	0.5404992515702274	1.9260536267021016	0.6229895997699796	-1.6431297302923449	4.471178402772241	-0.7712678755302789	1.3963367651564011	-0.9102222224742622	0.2060739023121278	2.7112936032592625	0.29221304555563526	-2.227472093400182	2.2312833868454445	3.130643429757043	0.04216510156699346	2.378681603829694	-2.367382002373675	0.09451104243639326	-0.031136643868990014	-0.5802947931415473	-3.01193795985195	-3.0299787764469035	0.34654814085668795	0.060540935433943115	0.1197818584209099	0.5522791009716709	-0.8867562877624086	-0.5248004080847377	1.0641450883429484	0.8566236788222411	-1.66625599027133	-0.3630805627380639	0.6861190237692785	-0.10945666421515429	-0.3272942206809883	-0.41209835606054573	1.4629852050235417	1.165214137862051	0.5470113650171939	1.87529073535571	0.2595340634961817	0.5945463464343258	-0.6857231485939796	3.5256643646473895	-0.7427637821999525	0.6786814755303887	-0.41595729004327137	1.7746818435694203	-0.5473179538072114	1.1259775956434388	-1.4742170677073592	-1.0040807358015644	-0.34258963152539346	0.4094292723180693	0.1701169347810567	-0.7100578890163106	-1.2057722213563848	1.0120533677999206
DTXSID6047282	10.32915551646521	4.793948785108845	-5.09102786941657	2.1244077806879265	1.9723972546067818	-2.288171132555422	-0.7143087224290298	-0.6108971022155817	-2.7582442766196253	-4.080504252505865	-0.8816272470220945	-0.9564120157375985	3.1656798764063114	2.2357478955661243	1.2814562823012237	-1.3639697655195921	1.1500514064727014	0.6080402164297775	1.0818045418120605	1.7162827521505704	-1.1282327357494437	-0.879706413900645	-1.417196183772243	2.0533755823099495	1.0566118099464463	-2.11536202774216	2.721413570887668	-0.8037218076809154	0.7159211240137767	1.24953827116181	1.8973255778648739	-2.668940535891509	1.927884571687369	0.9598438536945954	1.6791812870766067	-3.038778715660245	2.1164300298011103	-1.7310258873591182	0.16197851466687405	-1.2303956504876863	1.4761188301376411	0.21232468329577078	0.14064122680620358	0.41699470571415526	-0.7985564301308682	0.6578889523222718	-0.27422499244611237	0.2358749123475229	0.24021633659443553	0.6600834842536254	0.36021175168984965	-0.5184917052766826	0.2686686142215717	0.27555151319544435	0.5140659281042923	0.6349355334044767	1.5183020850732496	-0.9250223720512832	0.37224138478357544	0.8895112130388001	-2.3650262578945314	0.04208153874261903	-0.1550399767873967	-1.5812674973362006	-0.2773698068894862	1.2907743875386097	-1.6944049095718658	1.1384096308682434	-2.838831294348183	0.5684739242965139	2.7998438198038724	-0.8771943145980575	-1.0603856919901795	0.7033651955531552	-0.5677372560374536	1.2041737010976017	-2.528099714964288	1.9346214449544348	0.011290509792702907	-1.2059860298472733	1.3842198845652574	0.13331896274877023	1.459775003835593	0.9763362129855967	-0.7357813643214898	-0.2991883527326392	1.0426313922008674	0.09444409053108546	-0.6016383899915475	-1.0581218081508514	-1.2872391237666185	-1.6545394193801422	-0.3901523708961367	-0.2760221241035579	-0.9950437630092192	1.506047450147203	-2.3456128380962102	0.02667628652976979	1.0571192832989729	-1.1224089682493052
DTXSID4049290	7.477015494729116	0.1760359151574285	-3.521548631511145	-8.907778707659858	2.844740267809291	3.8459982234713195	7.527079195737175	-5.733364282420388	2.7319736588354333	-2.8095314659855197	-0.7848190326665566	-0.9321334451884612	0.5674704709952104	-0.30868147746233415	-1.596386393514623	-1.5346419547754295	3.7849949534106275	0.7072197342992808	-3.714261265149395	0.3647391943771762	1.4894403143028991	-0.9037405822152381	-2.3184048045864363	1.0204383435435131	1.7944691544942926	0.25862146553871435	1.5529729775071026	0.8791003702053455	-0.4451096457414573	0.16725392530222385	-2.818085572567211	1.7136426231246042	-0.11090123018165635	-0.20641264760006947	0.8610026966744069	-1.359825337643474	0.40198465293861924	-0.3145411370990469	1.3571468482022389	-0.4311506228643107	-0.6625959287457928	0.4264072102582791	0.1563466391897602	-0.8557382357488866	-0.5183847065968296	-0.06454367796710589	-0.2455988710661087	1.3390455141668662	-0.08148004213433889	-0.15972858928988942	-0.26913138872111547	-0.037489557319826255	-0.6219708155646027	0.48478606319577294	-0.02245156055892329	-0.5450731563133835	-0.5672339263398463	-0.8979400910855246	0.37746124224357863	-1.2209550137131013	-0.7326377627395171	-0.7934937630782689	1.308668476893449	0.4592075574522266	0.027049037244951314	0.1577376838679819	0.9686890078904324	-0.41840295112542875	-0.6214282918535469	0.5802649153095442	-0.18259039713577832	0.5066866378805656	0.022827535482739063	-1.9228773051108785	0.07575596593006581	-0.46552127097203366	-0.27017135908140455	-0.0980722924943122	-0.7419907781212824	0.770467515213412	1.7424724007265227	-0.6315969833831544	-0.5336272172720271	-0.09077769634502003	-0.6028319246153968	0.43975071864911597	1.0340573327239804	0.026267869126458836	-0.6302306311016262	-0.6329123244364251	0.13074501872037222	0.07410000941658726	0.06539367318621683	-0.2710300848787079	-0.48199443533234787	-1.1651329574454357	1.2494104992837816	-0.412792178858124	-0.42846697572512027	0.8207030145121013
DTXSID5047112	8.030319812075316	0.9222317687481024	8.972356193469308	-10.402423589644192	-2.9301915063967887	-7.372441159983044	2.2687294835789427	-0.7371919324102068	1.1595928252518388	1.863880075561034	0.7776798942006529	1.5160433306871177	2.4453710561374726	-3.61114036157359	-2.1211006142453903	-1.442421757722723	-2.0749691591879995	-2.5124811363729753	0.2086159374035159	2.946384760384492	0.6183640985041068	0.2880088336010655	-0.3162019082532084	1.5892802772748675	-4.332652112936858	0.0592345722966175	2.026084036817357	1.2250779176880104	-0.3610032896571974	1.5536110074724507	1.644673605182823	-1.4774761538231271	0.5222677050470798	0.8446544889082873	0.41148677716737675	0.774608783256344	-1.8198203372263375	0.3140776000851017	-0.5208861782421492	1.0621561234770125	-0.5376003140384291	0.20506455512727853	0.5730387111305991	-0.40022684685182247	0.2295832965344823	-0.532823896183035	0.27190956109540704	-0.6953277106787966	-0.016282580784041868	-0.5876260018576966	0.08991937747165273	-0.23941181161916966	0.3172808690963782	-0.13055096388696044	-1.2470564848336214	1.3456484321742779	-0.08821263764405315	0.14166631527142487	-0.08450799881630787	-0.8026369149357364	0.8594576729860639	-1.7646359178011943	0.13009396908580645	-0.7134312713185268	1.1994832253217207	0.8927099667400799	-1.7423705461904773	0.8792284434455251	0.0020450706497848717	0.5444845487191313	-1.2276985102671496	-1.1569604467298873	0.5595993073080221	2.1573658339713386	0.6949233541751636	0.5814281648934665	0.5358552674949916	1.0846222906568548	-0.8544082637733963	-1.2888174634402045	-0.7317176206562926	0.44585378269558795	-0.3947674168061664	-1.1238976585605511	0.02437689125973388	-1.6858307069661498	0.8329591372727824	-1.4994583772192247	0.678648691747271	-0.921466643445302	0.12902184556663585	-0.509876424870727	-0.17144580034176002	-0.11345830815505648	0.7934163728226861	-0.11733562373951362	0.03490014034737069	-0.05987215631286084	0.6268641686997994	-0.1618871711540914
DTXSID4021921	-5.763650909464831	-3.8246930514989677	-1.1171061608702062	0.16276344180416094	-2.2580842441627818	-0.3346462098922686	-1.6543578283279707	-0.866840365721301	-0.08042701673629728	0.5776240193553662	-0.31549675127275956	-0.04325831310142415	0.4129119379610077	-0.8265767619837926	-0.5735843392964914	1.267167602663202	-0.31739767704270994	0.18218651088760568	-0.252324782379561	0.2677836717410311	-0.6157410843766211	-0.33170238361762155	-1.7658167779915634	0.04111832383839915	-0.7378642048299414	-0.285123659443391	0.02646876576927177	0.5811830218307417	0.24001112282882844	-0.22673368259079993	0.29087722278876627	-0.0998987458048617	0.4184486080031951	-0.35013363901144556	0.9408643477655577	-0.42909460055451254	0.46692390570727327	-0.18721426327394	0.44385535657846104	-0.45260640249729994	0.36209287362087295	0.02413342410766939	0.14644918700273843	-0.2138609983015431	0.4049345436839604	0.3223443700753243	-0.08270196427412854	0.21192006881651765	0.1221527090419756	0.03885460934933648	-0.062220042448868744	-0.0860506471476025	-0.15329467203330235	-0.031112778054704877	0.05389560447250003	0.25254424673418313	0.08771947648675463	-0.2343581673339577	0.031333372699069856	0.6040704780729482	-0.6008521384141088	-0.24782130492019475	0.07385879606936284	0.289170227686359	-0.43309367308591434	0.332412600079081	0.37679510503763836	0.42577659365585663	-0.4190422342186538	0.10161508975442629	0.6046453542361991	-0.0813054632220259	-0.24264859423198584	0.18381779937955278	-0.3345002954683613	-0.14373050040954766	-0.5616109860967904	-0.09503476685868603	-0.06847762799970815	0.5175319379909584	0.2727794636506705	0.5959047170392959	0.1403971541822019	-0.12166491113415878	-0.08710806479799806	0.006607950307720066	0.059897578357662074	-0.031430624703907166	-0.7090839090850655	-0.11110831463881365	0.07642725211345881	-0.11513007670082308	0.40049575768017204	0.4511870526176622	-0.9097832481370811	-0.5745294618770048	0.4198048806479042	0.841349283743483	-0.5199351410972484	-0.4664437320526817
DTXSID6029250	-3.3094095649007893	-2.584016101809667	4.886549852461529	2.7523865229384237	-0.7264315712861101	2.4080211891574095	0.795523221264863	-1.0491076777001282	0.7382324248519723	0.5692764917741605	-0.029426379406030507	-0.49696159391967193	-0.344372980713785	-1.4868091514310735	0.8385047488500412	-0.8413848222858763	1.4714830269344588	-0.5004153265683188	1.5359560676039425	-0.45931142262971947	-0.9601213765356319	0.6349499784805612	0.6451712216344724	0.21044624792887928	0.08859313691689821	0.6232567328117644	1.5723093644036106	0.8507046686142927	0.6298482304724216	-0.813915165085085	0.17239350260783087	1.3801287640453483	0.33969299960508265	-0.0745723640965043	-0.774266128964852	-0.7251398181157098	-0.49789424597422915	-1.0559044604656462	-1.3859547612292877	-0.9453209948955064	0.6522413760018027	0.17169489058749574	-0.3045575378502815	0.5285467232237504	0.4882963789810596	-0.5402990341500286	0.4638863397949621	-0.570980304640218	0.1219920356171827	-0.42077558371622975	-0.06760347872690342	-1.174876214861762	0.21826181378106463	-0.08644678425608426	-0.2459542913951663	-0.1674329574527831	-0.979530954969341	0.2826715045682007	0.14193846995000997	-0.3882730949430809	-0.932985472606525	-0.05978965743433626	0.469536582770899	-0.6268455871492551	-1.0371707876564487	-0.9747627863691132	-0.48358430737782776	-1.5655399792079954	0.26110812078499346	-0.3113569702847075	-0.21405532600636673	-0.6903086358792592	0.8516384648653006	-0.26485067460673944	0.6128811740674148	0.1756607379596077	-1.4022412241990903	-1.1977622840980755	-1.0420153033836943	1.4612575806658377	-0.2363967897742402	1.8196608106177428	0.7857354530640317	0.3769071478398146	0.056040291020321174	-0.3687757485612201	1.0000129914903755	0.6618554932404535	-0.43431538843167394	-0.29017055754715393	-0.36134240684649765	-0.6989733794903146	-0.12304819629319684	-0.2360073590312951	-0.040835487292670426	-0.3945204990425821	0.1365111309630248	0.2856318991175797	-0.4101723261630679	-0.6609006583429595
DTXSID9024934	-2.0527067475609684	4.464796156161737	-0.6670018651690718	1.6162093253082654	-1.2807683651723596	-0.4822404003810001	-1.1206648857975068	-0.7090946666457096	2.2368184324404	0.7709004257765629	1.3732364572778106	-0.16506783312133397	-0.9422798508099037	-0.03730505933717057	0.06649082667598673	1.3940329907501101	0.22636921951344996	0.3834707619043478	-0.06827477122589128	-0.30888925391130945	-0.41493148441086797	0.37320377495268947	-0.028969774388054023	0.05527512058287424	-0.13154117890055192	0.5725879378417964	0.442839161182399	0.5309604434751375	0.3653269480902603	-0.13144297582167092	-1.2482146063847617	-0.11350028998690688	-1.3549833788132823	-0.3330092073542885	0.5506680233711605	1.0369916478112955	-0.21991726805121142	-0.6324406839858501	-0.3752580671150463	0.17477445406508693	-0.4993459253213697	0.1445543344166463	0.18662827036464566	0.16305517011372073	0.5534841015363533	-0.7299124446684707	0.23114882102148848	-0.7836346031292984	-0.2813873320603	0.12005859968689285	0.1702643103898962	-0.12501201428069023	0.43973921285819034	-0.27847091242458516	-0.768948311956986	-0.20711391624127284	-0.4077866232834314	-0.3761506834169182	0.621596872497937	0.5874814039909204	-0.4351137127267934	-0.43557292476298	0.5866905484372126	0.35686625997576865	0.14761096528108744	1.0032345466214307	0.2711746560499446	-0.6431884913351964	0.9663083176777002	-0.35685486066714317	-0.6912409784277519	0.24708625510090157	0.5909899878717767	0.104477512598708	-0.2928273570515151	0.2561540442408382	0.29828404048243673	0.33756399951206867	-0.3543599213077684	0.18817188523123385	0.2017062777704273	-0.30184034328397863	-0.15514083563312	0.3909329201942594	0.4119355545190577	0.09937246300606302	-0.3383185622663121	0.05153030688444108	-0.27013373960345805	0.09152735083378384	-0.23754657505106738	-0.37932591090766793	-0.05137756633560502	-0.6144782977207442	0.4943474970293833	-0.6801459681537474	-0.32919135417841794	0.11774703826961219	-0.09330998507613476	-0.6749986585625087
DTXSID8048494	7.202191833294673	3.9771809660712067	-3.920100265118773	2.163186059794892	1.4872683534620446	-1.2862021630741678	2.1497296651549958	0.06698272227168485	-0.31783723061118274	-1.7912154228262085	3.371012239248433	-0.5725681000627362	0.8614985040937442	0.8362933925235273	4.002266591047267	-0.9253388665374341	-1.4802474270994317	0.5776312587673048	-1.0106031212506956	1.3452956247177916	-0.5064978555539965	0.7897035686196611	-0.8225873818503087	-0.6842486108284844	2.208310446214564	-0.1614439667388436	1.353951030214463	0.11464983648547726	1.2983911022222423	-2.2234898914153463	2.584433419776311	-0.7923798857778787	0.21358870316771134	-5.77095082106122	-1.624818517879921	0.30867739293192287	0.25992637686342934	0.5426095080462809	3.9786917226302108	-0.023870527723199676	1.5281116563193593	-1.9020979394531234	1.7747464466569398	1.326117368619893	-0.9151128355133138	-1.2775639416778903	-1.721013965991588	1.7972869057905505	0.30016575597137307	-0.1614171479137962	0.4645031542954479	-0.6148897538802258	-0.2627860807654414	1.2079583492290402	-1.7731349499983662	2.2973676665654383	0.3974510742008188	2.20236182949842	0.8151378725845112	-1.2439297388732646	4.831924067136211	0.9355710596010581	3.7195871478986464	-2.221283703541498	-2.4897468758930605	-0.1239834716730913	0.6955500937893341	1.3954121414273641	-1.9226757524399738	0.6976566821480594	-0.3859385577657264	-2.228218536930733	0.7078050019399136	1.3223087865341536	0.3378958361357717	1.472505898095154	-1.2914725403462037	-0.26906409999737485	-0.5637326679132479	-0.9651227861172003	1.399316962167022	1.4716895411494222	-1.0088131222264471	0.009222133544274067	0.9249003166608789	-0.47451517648898084	-1.5831116545052997	-2.118124962795515	-1.4294646510598565	1.4235111395991245	1.863315495986269	0.7525480424470169	-1.5470972822513893	0.6282392602155404	0.034240821688568096	2.6580818644738606	0.8610058829082603	1.0986593347173912	-0.19989171705092815	-0.6668716183198592
DTXSID6046557	1.256091447264293	4.436174597511794	-2.368787321075192	2.600202630828468	0.9051725480741747	-0.5701788585764866	-1.1106223037242418	-0.4603198636778444	-1.7638260182349719	-2.5165050320464126	3.8791996147636216	-1.4369152861472176	0.23630198561214064	-0.2971480813064514	0.08768811536179236	-0.01594935605190742	-0.49450860840507593	1.0020492494676323	0.20541551768424368	1.5506700046371358	-0.43161754683387726	0.07534583850020557	-0.9135732459501844	0.05169054728716025	0.5981414127031844	-0.5309182027039291	-0.362136092202536	0.9926022370014052	0.743873644890553	-0.11902180545397319	1.8892417325343254	-1.0309579808030283	-1.1647794005370593	0.4127999917155177	-0.3868173858769196	0.1901491659080907	0.9054220582628141	0.9033429134903255	-0.15283089822365817	0.5849816934650067	-0.883292655543405	-0.27754039147446924	-0.7769383858935769	1.1386668908618833	-0.25025202203615693	0.13639015001543897	1.0363958810006213	-1.08264780820967	1.1107940206239844	0.6796452333653029	0.2736525659976844	-0.23085878497097	-0.44270648489797465	-0.4803188534811481	-1.048340396459257	-0.030986843070657764	-0.23774474071015508	-0.7851722792358232	-0.535346277486841	-0.23571222402813408	-1.394797679150379	-0.7808411841015062	2.7256466213116455	-0.8986060470333398	-0.8930608443974801	-0.9362923431824441	-1.1538687518212554	-0.9080386078096071	-0.2809007315510357	1.2479106480764626	-0.6248515414323951	1.7006845441867209	-0.22894038566394273	-2.0873593166951188	1.145758040958073	-1.6987469143782554	0.18736425273030308	-0.2525756057794312	1.0550364185896748	-1.1218244634072305	-0.59546944564947	-0.3104974031588789	-1.2913396009103013	-0.030686909678491275	-0.3191926726258383	-0.19180918869750718	-0.4407459982950303	0.2777619460154958	0.9963360541466799	0.018379177109489598	0.8610164126920931	0.4134214468064633	-0.16388812089588042	0.7616244239302846	0.3567160008974264	0.7289540806461705	1.285556007515829	-0.04121174250579123	0.21235556672363765	0.2969981543672325
DTXSID9025110	2.3364961925442156	-0.6899866079978185	3.5550546758379356	-3.850638314345425	-0.655071179907409	-1.8473620453030166	0.0903397767186064	-0.1492106215388608	0.2191854207516839	0.16914080342998541	-0.9432237978235468	-0.2940877214848515	-0.5158363936537677	0.32217403890643115	0.45613552423602555	0.3370781242539013	0.6305927103492687	1.4172509057918454	-0.47636478560254886	-0.9197204979128105	0.20014578887337123	-0.3015898756284706	-1.789713904775967	-1.2185343331231913	1.5947921958795026	-0.25473892953610555	-1.8318133505380172	-1.3142054151738483	0.2316643745702536	-0.3778613936102238	-2.31018974108962	0.22749353745719222	-0.9850685261533962	0.7370656928869005	0.10487162754750402	1.5158370476118608	0.8636665113984254	-0.042713455292749565	-1.3743646288457774	-0.1635720501778304	-0.13193989630819805	-1.5706762010073907	0.5187540474180767	-1.2632085350964743	0.4341967355919366	-0.27539951857909145	-1.437768796804291	-0.3314905340564379	0.5256132551315208	-0.32902227788759664	-0.04470366814842488	-1.0385505189673114	0.5517917876919951	-0.5985549996155881	0.2652179785242363	0.3637255103490239	-0.20898658215642155	0.05886270215881246	1.8812049076489572	0.6540773304729178	-0.5577173126377818	0.14905618842113152	0.36847315690430993	0.8540078085294805	-0.21971476495120276	0.0263441542537106	0.017361101134138784	-0.10516576930877654	0.809988173116202	0.8613239406403995	1.3884203006375477	-0.9644460190503695	1.30961814967522	0.7953555598873553	1.097848032934101	-0.31823742631244073	0.8774414929758447	0.18642337972158554	0.6981747996743355	-1.2273724663997805	-1.002849135760965	-1.0740339062619257	-0.20518608914466666	-0.5424411737355558	1.0151592242990346	0.7944105030101238	-0.2881225433749745	-2.880146182710428	-0.017537788150719366	-0.19291627909972794	-0.6040573266402149	-1.0740278688607434	-0.7840084740973684	0.555434785741246	1.0415199098803134	0.8249053774280917	-1.1531775958812163	-1.6100123582824846	-0.28501016068206236	1.5516879657788176
DTXSID7046176	9.567635216710196	3.5128273659557134	-2.200337144111522	0.19835995784737948	0.9745508520742331	-0.3791860247474773	2.148576477402052	3.2199934663816014	3.741765025062334	0.12614097110083256	0.3701823101284163	1.350125764460803	-0.6438103223579642	2.925297821418779	5.296513063642617	1.2990839349445533	-3.8355541652888983	1.6065284860121656	-1.2997628470026843	0.0975562454099588	-0.3119776791615772	0.9898117025656388	1.7189855596141672	-1.5585349245880527	1.4444023266677268	2.053976273823255	2.0930991008173505	-1.6151859724625794	0.10420540214616691	-2.9215996328328773	1.4939841269455243	-1.4539264833853143	-1.2204277689196477	-9.188220900867437	-0.8204182757354649	2.0335752306645474	1.663071190744616	1.7335004252290496	8.883204722981217	-3.6089498054533533	1.9692715716240967	-2.8812618384513766	-1.3510243647624405	3.4860981510733686	-0.3210903907641703	-1.8319036464862544	-0.05868126216328977	-0.2340139852995624	-2.491414606852232	-1.5137542616539779	-1.340403534213785	-5.038894075418742	-1.5255572532819046	1.618239886988681	2.172074645600874	6.4603765141366365	-0.25840435903653786	0.47132950314909156	1.9183580060436671	-4.647759028136478	1.4902776069252572	-1.7732529795387542	1.9890977366193197	-1.0286174405401893	2.582750573129111	1.1318415248098066	-1.4185953969224963	-1.4384850489586865	-0.03419461460043728	0.04549563061914149	-2.427615548579372	0.3223871225821416	-0.44906186468607767	0.6782734704120718	-0.3558084505770216	-0.6200490892541397	0.40532059858141195	0.1856520775527414	-0.6198872539316147	-0.00040467547109713646	0.14463679909115174	-0.8411519876187801	-0.48835116114594856	-1.0976097121814885	0.18125737544637233	-0.14025912748956404	0.009593948677978704	0.07078164038595154	0.5267525523531622	0.12826959793509274	1.1783972806393914	-0.5988892207516006	-0.1660146511974046	0.5367589793521728	-1.0213713092049166	-0.16886724989859778	0.4187003891039103	0.17465959992356334	-0.12841390630697666	-0.004439873666130683
DTXSID3044411	-1.324672722928641	-3.266785120671142	2.2701048586714307	0.07640195607386924	-1.798523698019032	-0.9347405966796525	1.4941375203983815	0.09663870709978259	2.5963432883011746	0.47002017471463375	-0.2702659236576891	0.04207089008705946	0.04997218483901047	-0.9862324288109616	3.9631449975277877	-0.1290442782849171	-2.8415208904724567	-0.12636948934504605	-0.4355178316103319	3.951787464749013	2.9706743888406333	-0.8658885230984846	1.0896517221351087	0.04408258912591472	-0.5481229126101721	-0.804853183711987	-2.7361465530654994	-1.1577900998610673	-0.9408327505223625	-0.20669719176896717	-0.19596041784752666	-0.49614176891557904	-0.5449526152604912	-0.3274313478484407	0.41642185857421726	0.9503952567224229	2.054146727758924	-0.36079439384989515	-0.616503298594332	-1.8602177238742112	0.5873648825815838	-0.018838304629958773	-0.9568141310895039	0.11125003950439133	0.26898780031560293	0.17471412688484494	0.2778313159746291	-0.5141242769266788	0.03765292923103274	-0.3182738390256457	-0.00827923287578849	0.15859101164998027	-0.540829291403279	0.0909601977321268	0.5781132504329723	-1.4246272235278643	-0.20958960381826666	0.14585438874185508	-0.09542811591211413	1.6553983102415957	-0.6917011998492677	1.9674029937671105	-0.8560617162543804	0.5223714974033336	-1.3892045495836567	-0.3484757601173333	0.841963795399948	1.1320920994876573	0.017447291678043896	-1.036501260708407	1.5676631668945036	0.46730165589495143	0.5114469046858839	-1.8783269836687562	-0.5247014378740675	-0.5187477244063399	-0.177152658080585	-0.7011180937347026	0.9813994983219756	0.36440824653371506	0.39471838276843385	-0.5913853158096939	-1.0243133060476288	0.7899838804870605	0.35219620676090746	1.1396936765904635	-0.4768049630464742	-0.7128812905979011	-0.2448503090182677	-0.35777273270541105	-0.49610582107008894	0.3825620065487183	0.48802216213749333	-0.5470048674190818	-0.5387677159244384	0.22883236573391472	0.4430626025902823	-0.13750516502273796	-0.791908933971637	0.6406909052542172
DTXSID9025114	1.4165979344805855	4.931391718805521	1.2459564785661241	0.9274138328185455	-1.5764084335960449	-1.4494737731920477	-0.03657822642656195	-0.33774320482567866	2.802106951313207	3.150247171083025	1.2155838718608778	-0.5570890324045736	-0.03673691461840916	0.41937957516873536	0.9635921591334841	1.143911614569912	-0.19692791524405082	1.124256276052385	0.3812610007299214	-1.2569292849479434	0.6270645317348508	0.10291462072268559	0.7260151399270992	-0.5482517573335567	1.2421493157071937	-0.744761459764059	1.0190882049646743	0.07446385678471576	0.3541106411751123	0.3829738871311939	-0.5304342938419272	0.10952163447216755	0.5750834987121771	-0.8599512537225468	-0.5168770301576808	1.3866209310733482	-0.8545644076141847	-0.19571819290211412	-0.49400317705124297	-1.2607342813960662	0.5681986582164376	0.6806580927025969	-0.03735699446548523	0.2591592398343377	0.9155714153314197	0.05954490685119575	0.6756740963001863	0.467948110741982	-0.1470824421990482	0.1991851572064267	0.011393876773363334	0.13433122529106076	0.7099735826948591	0.3296162307683741	-0.44645135867737507	-0.49400129622169753	0.11788225586941131	-0.3196721480380414	0.0011256959170817741	1.271777476697223	-0.9935295287592419	-0.7323224468944171	0.6794904388956314	-0.7468234504798061	-0.41132552206137407	-0.3841801745819582	-0.20269235104822658	0.5685612243277395	0.6486405262806465	0.9921747151314734	-1.597675598053736	1.0482119935710723	1.0397120376200328	-0.44729362085007085	-0.7918378267964457	1.1973143877446832	-0.11198762826130858	-0.2688915313889581	-0.6582003110590928	0.4003754940350926	-0.3097457351714095	-1.10712761252844	0.932234637475943	0.0006551057823988175	0.3832653218059	0.16966021009873425	0.35992753737561817	-0.29095708814757154	-0.9237744292902716	0.8762333997616225	0.6114331466145333	-0.6288912915277171	-0.183923734038405	0.16627570029603442	-0.6352606175927118	0.1903555851609969	-0.6365747619911593	-0.35316314865460324	0.10577140280102205	-0.4052948208229263
DTXSID7022833	0.5824962315419381	0.37252954219390566	-1.1617452781589843	0.16526689505316006	-2.4159271294890816	0.2746875152829079	0.4374157586971689	2.892635962068544	-0.7675361249920255	3.7991072787319085	-0.15760937522564594	0.04493467519630523	0.8018519033219491	2.2775581971969645	0.002668803010592284	-0.6508034804873877	-0.3574442113024469	1.133164252411472	-0.10316109018143087	-0.9709852832612318	1.5998012082716841	-1.3696539241966	1.1569070611514152	0.20144393517378406	-1.4368143323115936	-0.22908382824660362	-0.5317891421113622	-2.79020906900283	0.27468508388221535	-1.7939109291088784	0.28377485330743324	0.010984339363832807	-1.1326076761223787	-4.062583185211458	-0.48117949675109495	2.248819503409423	1.9652410367261017	3.2532858767637207	2.1150995286373475	-5.112302111158421	1.5128303838098789	-1.357986316424793	-1.07394686498483	1.8941681689091818	-0.6556652433706084	1.0673690761324763	0.6325479896427622	-0.9725002963635249	-2.555894952809146	-1.643049709335121	-1.8175406594661385	-3.9837803966054763	-1.8380755362395864	0.8516802236278648	3.8420578289379663	4.342073624926667	-0.4910140612635714	-1.1866437426589573	0.6900108481063283	-4.206531294900251	-2.6006187097162274	-1.5515248695750323	-1.9306807782983626	0.232961769593013	4.660655787010699	0.45009634390331354	-2.8264825160574776	-3.173275600543553	1.7306109860194452	1.0362379990180983	-1.0888056051964496	0.9921432911433883	-0.05751401137530412	0.8205148104012253	0.7751237296521177	-0.3461674319488748	0.8096398303648009	0.27401924768404584	-1.2754578701835897	-0.5147431242669018	-0.4284949386778697	-1.0090017934285422	0.04614852719372747	0.18663430188336252	0.015436172236936071	-0.38202990641390044	0.08419468917020359	-0.08173452549284231	0.014128558198233863	0.17834199050381414	0.6372766755207419	0.0466358033247598	-0.6372219333868824	-0.023521151506907267	0.390840692849293	0.20589086610153345	-0.1316662557642449	-0.34945499936544383	0.055368462557337454	0.2533968492094417
DTXSID2023729	7.372715582538672	1.9042440811485766	0.15822127473133415	-3.2995080102832675	2.708993505303353	1.2449285013880471	-0.6840771252599439	4.255877243793705	-3.476189048031244	2.190422504472512	0.4084517209750457	-2.0619909064034707	-0.13956187558809685	-2.146123491761544	3.557238755512315	-0.43310649746041907	-0.14618887616331883	-0.6760093593693591	0.7822957350018342	-2.4249626002506837	-0.5490673549356455	-0.6364000790396491	2.8616693972923053	-1.0391439964617024	0.5200981369827202	-0.43796556953724974	-0.05520350331027	-1.1693352033584576	-0.6726366745775848	0.8933440644521317	-0.7891873522201311	0.3231982394924359	1.6723228335759086	0.01850734152391403	0.9065339053049072	0.07568895769877268	0.4988315999842135	-0.28452513041834193	0.4974920965778298	-0.5940147734368296	0.17959552432164255	0.7834829135410674	-0.6869942248219543	0.7712144100970878	0.22761156222397275	0.0954608880317148	-0.14463827792139905	0.6814388951769872	0.3456573709024897	0.8622351020305703	0.3504393699582554	0.2401758147894361	0.981363591173289	0.2702823749490507	0.8149873011517419	-0.18029824301300154	1.0757912225903092	-0.44270411456126835	-0.15888384957130205	1.3956713935249292	-0.9943721902854863	-0.19175197339214867	-0.6485945319264855	-1.3702023899959581	-0.02126691300698724	-1.0579865822021994	-0.18615414727877366	1.4050274874432274	-0.44863096095526456	1.6396867286126167	-1.1889922650982259	0.4489247946745359	-0.8758504895639183	0.26859670534856234	-0.21059817637840395	-0.0071899533180126	-1.700999433477371	-0.06295221532681922	-2.162670180697177	0.2286795681741129	-1.202200719027606	-2.825190275965933	-0.9252220626163112	-1.5228202358610512	-0.08577088729069984	1.5367485048026277	0.5625309706066098	-0.7934962913916469	-1.275133937370007	0.3404151601830283	0.2638089694423218	1.5896974952598315	0.10577606976863699	-1.5716758574544982	1.9809203758589373	0.6963008896168194	0.6955100478625265	0.25172221099666026	-0.6335773064819672	0.24998361536495411
DTXSID8023395	13.265174611392856	-0.6607958506802383	6.78864582436057	-5.124997379694736	3.2456660550398433	-6.731845464169896	0.3774139950876811	1.530367162983802	0.388454338342544	-1.3888453233684392	-1.274408720396479	0.9585965938068189	1.2561379905117929	-0.37733777863953893	-3.8288490983075727	-1.83084214468126	0.9963733490869832	-3.1857761306213437	1.7483954108752953	-0.43818069357758915	-0.1656215920961841	1.2352144968262304	2.227129750074711	-0.9341100878151178	-0.16626382635533044	-0.034854324805720115	-1.0152121320220715	-0.19719158583159746	0.21785886616352293	0.02947352774425116	-1.934989416805696	-1.5169211874054387	-0.23706368475244527	-1.6502103575014442	0.8099816361265488	-0.3233506698569289	-0.5223655503734184	0.2872063585643005	0.3335992210210468	0.5731980220508002	0.6931875744817902	0.5092828120811225	-0.6532914554625858	-0.4493866203666435	0.5530565850779346	0.35431939649139815	-0.10636284926249037	-0.122606306872644	-0.013742964591249716	0.05917952840820191	0.22475118775084613	0.1695394283173465	0.42838854109522917	0.297172264213677	-0.45993845807971295	-0.010414635749310727	0.6095433569207069	0.0027029124773789593	0.38586308246630546	0.7426363815107303	0.2847873669963926	-0.23269267415757203	-0.9689739518218388	-1.0468353375359853	0.33483986606126126	1.3741569221369505	-0.8921514652689867	0.40501867693115506	-0.11376835500039557	0.8913847704030228	0.4631295008218336	0.3996704328197578	-0.21138680559199868	1.1067051207653131	0.1981925957966016	-0.0293360593547928	-0.11813719350912126	-0.07120284162496407	0.303917752944346	-1.4659191178669837	0.3152633719710209	-0.8091854571727822	0.019393255105919004	-0.06759566221048763	-0.3520891380042707	-0.8598961349240696	-0.539230345033281	0.32567114726910695	-0.577899389411375	0.24299185709591015	-0.796957256084302	0.6564960104654812	0.8073668470036447	-0.05352531725686856	-0.27033718639595283	0.00510224401662957	1.0979648412249068	0.4391307011613581	0.441118523680603	-1.0667704237899391
DTXSID4039235	2.5531184568461356	3.754264790042776	-0.013651626021470648	1.9869498904625613	1.5988030595681955	2.211362046108688	-1.8232545747929025	2.132624532140478	-1.2138524354173714	1.8393729548006201	0.8157250382907328	-0.6278957394506273	-1.6385125880647347	1.841647688983153	-2.589244032220749	-0.25427301145832154	-1.9209180235499048	-0.7595198478878435	-0.9563758691400559	1.6327869696757134	0.9384320493112015	0.22847283581286643	0.33562351081649067	-0.6483757703423494	-0.07269333309171701	0.09446529243254663	0.20580126526393222	-0.6864397794305113	-0.601619155446777	0.6283466775367016	1.0077236920734778	1.0429827231174442	0.8761760315505283	0.00961324398875223	-0.3676450508756775	0.48083407560634356	0.15854885087071463	0.523487170145882	0.06858236036800326	-0.10455358907343489	0.006783132930843333	-0.16854781092624085	-0.03084096830692321	-0.4357298572582712	-0.18914927796687572	0.4018425446549513	0.2897418382692884	1.0015540758171948	-0.16947835153011515	0.182583533453817	-0.3381359401448606	0.5617959359579188	-0.41859271027717676	0.019379976690052376	0.35554774177336385	0.501779731530881	-0.06384966626745091	0.1016456855230083	-1.32753945297332	-0.5383681463625299	-0.2157931665880213	-0.3838610140730834	0.5343876327438124	-0.3411477983425642	0.13701318354564268	-0.9502496698500915	0.28806526989275427	0.486701634592232	-0.40890397312190074	0.4795530641712631	-0.9981562309775825	-0.1865972466118716	-0.6677755814924573	-0.5216771174615786	0.28086092301970805	0.024114296553419262	-0.2666359388877788	0.8441046847731403	-0.9877765849547931	0.7488302322734546	0.6878194550694517	-1.5208230194225496	-1.0236184664836738	-0.8902950551700156	0.46871500212756095	1.1015704655195218	0.6761328521646507	0.7065817328519535	0.29325756409641857	-0.3210344019273471	0.777032250660981	0.8111773684564358	0.38750946687620114	-1.0025181355760782	1.4627823114106449	0.02531287339040133	-0.060226219766612764	0.3699641403329354	0.7646756289100827	0.08796763378464839
DTXSID0047822	-1.2625708900165364	-0.17542866375259925	0.3994979841170244	1.1546272404511329	-2.1564139349893314	0.010690630885339298	1.000998755467517	1.5896763816561963	1.2557788719333465	-0.6057790108552857	-0.23721682587639512	-0.21229896301288126	-1.0286661541487288	0.04719665214597576	2.359997514220669	-0.34234602646911627	0.2534502767352872	0.16269060222660528	0.6418089969144729	-0.6827200002869694	1.2180774359665216	-0.6296054005413769	1.851202629078096	-0.080400091147681	0.9650141918772992	3.6413094074238095	1.6972312721834075	3.0541988188509173	3.4633105960842503	-0.08047568826743517	0.37762065285788554	0.543213089232857	2.8748782080421633	0.9901653825359539	-2.9734214036924285	0.7605705175634802	-2.2467409125582622	4.0380080590055405	-0.6568967542357373	2.01112577339451	0.7247984858339138	-0.0522174567725319	-3.865299215446561	0.19083274958986304	0.8189121418791471	-0.09783282560818632	-5.184697003498256	1.3348064994226054	-3.5431754556890613	9.12973123714086	-1.4897765958839508	-1.1334926973684258	-0.30694023844710927	-4.234339193914325	-2.7035234504474954	2.86947575269241	-4.255903526269218	-4.113120338070757	-1.5919896667522444	-1.6396065118001173	-3.2506871944510753	4.315789150086989	-4.323731627766438	-1.1887265297377723	-1.0107135121265298	3.5471171064336118	-1.035476021066868	2.732490172420563	0.8217289540839078	-0.6020765459078671	0.0015793474449655725	-1.1329938082536215	2.966535674257548	-3.0371121005558748	-1.1768781095322745	1.073159788735577	0.20074341738010731	-0.17746950545917878	-2.1100054184518453	-2.2213475838021095	1.5568886715693815	1.1228025300433901	0.9996638463540483	-0.66150140983359	-0.5405323720195181	0.8716283313769486	-0.7108121106679276	0.386737191098425	-0.06381054317564869	0.46445051309119073	1.5052540473966758	0.044523346564620835	-0.46859746088043414	-0.20706818339109226	0.18737069063758935	-0.2131509017248135	-0.1257619118189011	0.29228842551011347	-0.5861444609315045	-0.1036324743438672
DTXSID8024234	1.2006848248603958	2.391947796341927	-3.4911218818953555	-0.7199093110173175	0.8352325648591697	2.335379729753856	3.2670897036869118	-0.4602181861264796	1.0344153566998093	-0.9493301414220385	0.9120757352424421	0.647206945718276	0.9954895129615875	1.8656774377039047	0.6133006288433783	0.21421690320111028	-0.48731046543716294	0.12693951431142472	0.4595888266097204	-0.6630102343929772	-0.16223993025170633	-0.41749518971605	0.4083533555756893	0.5314804795463289	-0.3332053946155808	-0.132204600097236	0.15223738518659255	0.20120811440444406	0.4591708855981281	-0.3378830487107346	1.1155779958493948	-0.3244208717407829	0.17269204672736638	-0.7647255346444857	-0.012416011486812973	0.30360285859697816	-0.305915724155681	0.2446179310204212	0.0007364417250319403	-0.173469018411284	0.03188307816722334	1.11900099815582	-0.4693497928420841	-0.40455113308277807	0.3480963945962585	0.14615737458803874	-0.2580504890279715	-0.2322947470400808	-0.2165198377727623	-0.08154742134979512	-0.04283438124694479	0.20280815782040426	-0.16095451598867602	0.05496325022089705	-0.30703211841618083	-0.4054083975618704	0.4131172383363032	0.2947816760891144	-0.4030673077873145	0.8166060368594834	0.16397510322346165	-0.04284673131078713	-0.6875678530363419	-0.4380722981418286	-0.053449164257386446	-0.2537749922738548	-0.12506257668388784	-0.4429566877730248	1.0862115535259047	-0.27188412334004386	-0.10555081363419505	-0.3363381315171723	-0.1624839097385446	0.6118005091085544	-0.65677743802387	0.35545118162810124	1.2151435213730464	1.6639880240430267	0.21873755967699518	0.3828654476327273	-1.1967402693157243	0.5735761396797073	-0.965450571490272	-0.14159209656361796	0.2865512352606363	0.21614971729910282	0.3744035800376586	0.3064987463820773	0.46769990587191057	-0.22692759210204366	0.7368984991356511	-1.1078099659757903	0.21617467935531812	0.24522789987995702	-0.9593185353805698	-0.6288047686776939	0.0016647899464793223	-0.18574999444890883	-0.8479435869735136	-0.8272721777665294
DTXSID3046532	-3.253757785031602	1.971141147478732	-0.5003694092968115	-0.4936944052365423	-1.9340736204658306	1.8251424478411495	0.033715400733101655	1.793831763126883	-0.16677641871657925	-0.4401431187644036	-1.279450079652783	0.42526156389171327	-0.5177523262560713	0.2143014044642271	4.179088679375818	2.783363568867203	1.0367156349015634	-3.8468676453324746	-7.271924408504679	-6.821087386123877	0.06065794513366695	18.847289579906462	0.659266036177834	2.3443878639113946	-3.333476209141932	-10.485818168585281	-3.1916286046902846	9.807006245830129	-3.6198824623725945	20.310148235306226	3.337915858555074	8.835715082102595	-11.212547517494238	-1.1116005179487431	-0.37749760774696395	-6.984319458671524	10.751499216313112	8.756125414951965	-2.9009500415678615	2.6763855223306883	7.152488731561894	-0.8240127643953512	0.27746610727204346	-0.5030498049479746	-10.012057038226986	-1.465382200082939	-2.9399457359675063	5.6622049552649	-17.979846677494294	-6.604212106077724	-5.140566748316013	-0.6649978011883718	3.907579161195433	-3.8525560331777307	-0.6256821511971814	2.47931133525864	-6.039392750218502	4.2350142218929605	2.568509955602359	6.200241948606719	-2.813554014534874	-3.7103661084579245	6.030905485318935	-2.992201339980704	-5.181343028050803	0.1900612283051977	-4.298575039888432	4.779549476530864	13.337520487073778	-7.10068504839507	4.807925866661536	-0.04797542108532531	-8.83714058339265	-1.3436177064933301	4.783223914518014	6.4339112000484375	-0.7749694695696813	-3.0186766252270796	1.7163657112511719	0.33569992691443906	-1.477919577006216	-3.1093874263963954	1.0850358059518928	-3.2826971708313155	-1.747167186678431	0.6726473930104396	0.1663433632123817	-0.7221667834429019	1.4616855010873704	-0.15551242742419139	1.688488022927239	-1.1402571516702718	1.1922959447212496	0.4342462205448484	-0.4711777951132996	0.9507789910612987	1.89174565645691	-0.9850076461673196	-0.5298200774083663	0.072647354798416
DTXSID5020449	-2.745835176630268	-1.4846756468459257	-0.9591982355669564	-3.140904967610872	-0.8956104382139213	1.9220085098744142	0.10291029592118302	2.100575316780147	-2.0190236779271933	-0.43034056544984817	-1.4982254692736683	1.059725339090711	-1.5207409864894672	-1.2432623634913467	-1.1588352771010526	0.7046389823029057	2.7143044548953092	8.651750299603222	1.678665035320185	4.693504570347138	-1.9295629610917913	3.1007427749057737	3.4598706085997506	-0.27784251488494116	-0.7256069549387536	-0.508207809267476	-1.3075565559590046	1.4569913394706162	-0.9745078441655539	0.13243256179974422	-0.274335556883141	1.3156127852665722	0.9728480187051308	-0.8872015446681261	-0.324207180775728	-1.0536817710587987	-0.8918213313424107	-0.3662027766468042	0.9893855396975745	0.9178022968943785	0.27842367776899274	0.8217413747285767	-0.11087653231374933	0.5934850973407896	-0.31369645625832515	0.05838763762072461	0.04791696874705789	0.1795617389459888	0.13016359045353315	0.0034044207452854926	0.2834144985091156	0.44242906508742125	0.15773197089424124	0.36344025669899066	0.5890476347630353	-1.0038530074237224	0.6272677882680671	-0.010104485722510336	-0.2656614710048442	-0.7386225132990608	0.7192179052764888	-0.12400222572354974	-1.621722982476022	-0.02524473347113621	0.4833497860053911	0.1773182064304142	1.0784033362179322	-0.021015175870319605	0.21535421466803903	-0.19545681392736258	-0.2644950850292089	0.286692219630327	-0.02789943504843424	0.9262575103240875	-1.1140885117882167	0.21416127099297821	0.09647934009003448	0.13769115966223341	-0.25950607676463916	0.38831837699842014	0.19429914093305684	-0.3068042802712771	0.43603618008719386	-0.8595605150172823	-0.13801916678610798	-0.091237137925894	-0.6597048475190713	-0.6969388176634833	0.028382742732995205	0.04359612926268619	0.5009038469680375	-0.04723934810351816	0.016075942362791997	0.7271534178327566	-0.40482345825852156	0.15463911138466366	0.3928509338184248	0.2680654845609303	0.1465772073907734	-0.15324279275594652
DTXSID5046279	2.476866728917766	5.525251276999141	-3.5932426086312335	3.246430994055129	2.417740376581301	-1.6488031040405018	1.148154012801598	2.6880388088103646	2.696161329100237	-0.054957890351072625	-1.5664776307084063	-1.3589036510462078	0.8226400676953849	0.8354923271059356	0.48600907905505797	-0.48041515768756476	0.4665108111320941	0.6364903763994989	0.9105183314455828	-0.9150009305430169	-1.196535178252322	-1.4763064131729002	-0.27878220904871287	0.9704093601429704	-1.0501407954904154	0.6862078830585426	1.3508581087367784	4.694924598458517	0.2814801356635244	1.7367201960151537	-0.7375093617900583	-3.2409282440788028	0.8865391954580055	0.6525747949826319	-1.134456833063517	1.772747207654765	0.22742630258602398	1.950813265144992	0.4791083902972205	-1.2394348521377316	-3.0007055723831577	-0.1907175454060155	-1.3001528692939242	-1.1117395894725992	0.8807089444559026	-0.8688648056518159	0.6646208848253443	-0.47567014615421505	0.17292093850171986	0.7145867076170052	0.6864191339472393	1.1952030401040308	0.27066845281444113	-0.257451165299509	3.2619037642000692	-1.4858389478698433	1.951451006819638	1.729445021763313	3.0890918617162733	0.5860306524573633	-1.30600655001656	-1.941261650360582	0.5813529368053243	-0.3425406907089038	-0.42658100202412874	-0.7451171679874887	0.5299604702920029	0.49397071582229407	1.2354728897689033	-0.05805912107299834	-0.18699569690053314	-0.42136073692886494	0.6651673721164623	2.4245563783149393	0.36569907762123327	-0.26720252335487155	-0.14356839944213293	-1.6378748465345923	-1.7456403371493954	-0.047487603494008386	0.802216344359171	0.1845717247309241	0.9444175105785948	0.6932620875132859	0.9390984131246095	0.9366435709067932	-1.148421164621404	-0.12609630312777734	-0.342487678412969	0.21652718877189361	0.47423210570633695	-0.9690238930912826	1.0286029560978587	-0.8759075785919253	-0.41918578399648637	0.6221812710305857	0.6126811260732812	0.12092041966788485	0.35497586796351244	0.14696089044924518
DTXSID9045398	29.909116625501518	-8.4354272767407	-1.744021774690489	1.0748079257693495	-2.1074987066026867	-2.441385013556427	-1.2469982192563176	2.8805702088450564	-1.042473027963668	-3.6245744803317606	-1.167836345940373	2.3982680888651924	-3.368640817855315	4.164780182595271	-0.4095499491179296	0.964929781051385	0.6941430192669616	3.4575035972155925	2.2410637882287503	1.9319260964335148	-0.4295847365097458	1.3387040969475847	1.4071025363812502	-0.5354954710128114	1.7972445668828547	-2.388495262751818	-1.6889549374180024	-0.6522893527754282	-1.2773979082778049	0.4137226758100261	-2.278260183622837	1.7382352271510104	0.6326640558287208	3.0693467166529684	-0.909799908769002	-0.40986166494630927	-1.5642490177147839	1.2950846274399919	-1.0598870521330104	1.618687891751594	-1.5360377916544414	-0.016682993386853633	0.8981926980364561	-0.37205855842399777	-1.7816667778224744	1.4304386410499317	-1.6282826445325116	0.4548379229721162	-1.3062155788778993	-1.2116359471444986	0.2220281727462687	1.4921727809634742	-0.05689237153012718	2.408291866074561	0.9497894849035383	1.6854127810445496	4.345008398275245	2.1817084164855	-1.7281413119981084	-1.6221855877278752	0.7123155911074258	-2.5892357967899198	-1.2891593729409272	2.908692884541868	0.9025988438888924	5.804511153464168	0.2867745377418277	2.523013289409784	0.9033114318182507	1.8810489945867717	-1.326533903505389	1.5215204917819478	2.6378678174600716	-1.0625623342843322	3.005650013568509	-2.888291028053108	1.5018066130982988	-0.9599578532986875	1.306808969165208	-1.3060143047378316	1.140138810892245	-0.46790760800455405	-1.2903543979443448	-0.3124004409982269	-0.08619949437632879	1.321799882394147	-1.4752237643001322	-2.287743938257308	-0.01435574313808685	1.837058202507723	-0.40878600087974676	-1.5776535700328762	1.2053780211284921	-0.14598720905218684	-0.1457926194729287	0.11439979573139063	-2.4977680602591965	-0.9725153307657372	-0.6827923304923158	-1.1273690143687625
DTXSID0046804	5.74503512740804	5.531624169386537	-3.4699724683319464	4.348775240280988	1.194473897229256	-1.8674371889346981	5.623999880551408	0.7669448019650786	-1.1263670615119075	-2.5390949465986403	-0.8682031640513413	-1.382430711870268	0.8498833309717152	-0.08672535681394763	-0.21001664324627484	1.961869191148019	-0.45833358613469033	-0.5313745923887436	4.018840756802873	-1.7383375248746744	0.51617456433538	0.4926933748244103	-0.5267711173396208	0.7880796521823565	-1.4685702331887087	0.8537988025171909	0.14268478140283872	0.6091528858631439	0.5593533883035039	-1.1662138190137192	0.061300859055388755	2.271964328186814	-2.058122763815631	2.999861410784965	-0.32162196487829614	1.6008811450872302	-0.16952900940461027	-2.9457082408550503	3.980021600052727	0.32848425535739584	2.324201443122512	1.0159766108695096	-0.39752760603613724	-2.051256897343204	0.5081514610936242	-0.5496082160706895	-0.5290383114440665	-1.4598892165211914	0.2372500070797763	-1.5342396996255374	-0.5691323030670556	-2.6045818694773457	0.26977760814429536	-2.873457302011511	1.541107928580934	-2.0716207460779725	0.7092144959097479	2.1750500077990473	-0.06520392709978588	1.5227774738734554	-1.9667071174749065	2.9500859816711853	1.068868443807303	-1.0830320896872727	5.730112236985384	1.9298924181322437	3.225931959151774	1.8410912543718816	-0.09140626675925081	2.56956896447572	0.7621375534208569	-4.024019827622504	-0.2281733345557886	-0.7651621896872361	1.919040816123017	0.8697625363249056	-1.3705028604613982	-3.2939737246357725	-0.0027204188549132	-2.6013773615160107	-0.6018365740405096	-0.4312663771810178	0.5854818659861816	1.2341395166291005	-1.6505653112781435	1.0251313736429732	1.286269039747621	-0.4697666389786931	-1.8522026991435043	-1.2771630738720448	1.5465087642432147	-0.16321153512266745	0.26335378528543213	0.44843535137997786	-0.04941023873118296	-0.059270559522564464	-0.3215698715278735	0.15946879351192617	0.06113053660879728	-0.5127470251210244
DTXSID0022060	-3.6729627596244145	-0.18919359692323712	-1.3218775660261832	1.2816320709846811	2.8015956162028375	0.23455602546022433	-1.9573870851712871	-1.6564561472098	0.06202046452101994	-0.9690167708744368	0.5073043826212515	4.785385604734372	-0.7065926189736909	-1.0323741507400384	-0.6135099890872335	-0.20168770327690155	-0.5448076624655459	-0.15682857268395317	-0.100834193290967	-0.1127480076480367	0.2558951957980292	0.04542565109590176	1.4615485065717466	0.23312577165894638	-0.3915589858373186	-0.18367917921830126	0.42551736005854923	0.49857622612745406	-0.040361998489424566	0.049756583144858486	-0.15486483686663305	-0.21694324812609603	0.05160616587603191	0.08835719403993567	-0.36420666681080094	-0.20744176822744595	1.6280101566943004	-1.0041207664596326	0.4087933180508956	0.012324356322460792	-1.974264680397569	0.4918193030123833	0.3922484738026767	1.563204071893813	2.5945171545768653	-0.38415405411472714	-1.603353750373398	1.1622192167001644	0.9917937101318397	-0.8128394276612818	-0.2051032233469229	1.2740696672127088	-1.4559801667142742	-0.10630708092628773	-0.5404514411474552	0.10369511104377427	-2.184784966112071	1.2037948560824836	0.05488551399326107	-0.1413259170017786	-0.854113089362445	-0.8497439299001551	1.2652444553910256	-0.6127423519719389	1.240134499910667	0.3617131590466159	-1.4078848230014365	0.8233715380910092	0.23502894210321065	0.0541748775427507	-0.9755548815923013	1.0461259697530076	-0.030258304432832544	-1.0550229487037188	-0.08487211019421387	0.06568579848454899	0.22900885493912937	0.7487154152920361	0.5003721002538346	0.3977029430399049	0.16957414974700483	0.420802338388463	-0.5771667400644822	-0.02591387022816312	0.32352392565891364	-0.6537458908565217	-1.408415347591389	0.5413829549996348	-0.5278880982063591	-1.1585879378300792	0.17236628242601915	-0.2549291423910766	0.20579432325909922	-0.9482280621595208	0.5599505395245682	0.5768253808421172	-0.8770499974326599	-0.6684566303630342	-0.09681932444757765	0.3030561254509388
DTXSID6040662	8.895615810181223	8.977700724555717	-1.4250416667479724	0.6121231920202881	-1.1652215870859048	3.4073886651585488	-1.8069275299693008	2.8764513984740594	-3.0022086368748058	0.9148609829476138	-4.059210380991175	2.5099722782799145	6.1652964464519355	0.5063645363131182	1.0792254364602565	2.4999178178123835	2.2882067184030506	-2.549558392264258	0.5789149539695417	0.17248065160380097	0.07947111017812986	-1.6393812458349248	1.6505010260776873	-0.30324541228941176	-0.07222238934070645	0.1989221625796081	-2.0302980499544745	-1.5903869572240843	-1.5678749604102045	0.3041915469440966	0.5889224946617282	1.3945011751335699	0.9634988478700391	-0.24145410297569472	0.3557391171026514	-0.012690417473462891	-1.5025015316340922	1.2017389604807238	-0.9405638397203087	-0.4032213047530106	0.39014074983416236	-0.00552529318449556	-0.9223033413868954	0.5689248775606394	0.7748407511259607	-1.1685320037727922	-0.20851935951760972	0.21839182945053787	-0.3941973488877161	0.09575325342584229	-0.05634577690111856	-0.5057803384664542	-0.10698680976715892	-0.07022940975918651	-0.7571316171367101	0.8181154218544751	0.4647021195871111	0.3044572234358033	0.13809893849657698	-0.058690771501628394	0.41887369088223986	-0.9612881027742085	-1.0831234949455437	-0.02380849490593701	-0.31760236481162457	-2.2711231365674975	0.17378642078153972	2.240954984216773	-0.5819182134271056	0.7470454060987096	-1.9718619191081965	-0.18730108514827457	-1.3302455123780883	-0.47514244430038816	0.5253600834430702	-1.168739565764792	-0.32841135814972094	-1.0421676770135122	-1.6913468188197889	0.6599221582612089	-1.484234920403357	-1.2283074755083336	-0.6847352273690434	-1.4531976185347975	0.6455470035386698	0.7833946947669167	0.9000062092590203	-0.6187648940784455	-1.0680262690501579	0.7158418454240335	-0.7778904649922757	0.543983789726146	0.38382660468448637	-2.043697860847999	2.0428834964017213	0.15604823421563896	0.2562317650750297	0.403975059368361	-0.350652189097013	-0.6005030091498931
DTXSID7046259	2.071509486704979	-0.057452438777645845	0.0553856799070824	3.514122031014712	3.462989538777075	-1.3209462488380783	0.036201067425383246	2.4444151901851705	2.561099129807875	-0.454916634799528	-0.9863808961492182	-1.4142940533558548	0.49077960588999037	-0.9997409868969476	0.4891944156852471	0.23208754323043607	0.28105485564197724	-0.07582322105764787	-0.019628385774546512	-0.18142185777080444	0.34118506697269985	0.21168016374905477	0.5092231748254605	0.2135952189104316	0.3344561460505898	0.4438422710200311	1.1801956680215318	-0.639732923391978	0.11782248924521793	-0.04617456529215059	-0.296220437922557	-0.6997988027008455	-0.6575485720586889	-0.7674748385925161	0.722370651699865	-0.11126547496092169	-0.7944756153247545	-0.2316105404471775	0.4747044573470053	0.46148518545490114	0.8674715200631482	1.5849014155022605	-0.7238937126363076	1.1021423108321955	-0.12312831232359167	0.5062139582011803	-0.2209790007056563	-0.3494073403239631	0.21576256577651873	0.7645392322870334	0.3441524089382942	0.2816619886307864	0.10536049324113059	0.5893338857570319	-0.26087951574945895	-0.4824227261996855	0.07110072739981069	0.7446359523784851	-0.7806396539215281	0.3246629390616429	-0.03596908903016354	0.5053272261291603	-0.7321704882997982	0.010190104857060397	0.02703468284247532	-0.5494875784105276	-0.6566495448115949	0.1857135415561056	0.5521458516867563	0.08165932375152912	0.08611801449853919	0.09775266827641622	-0.6344641370231555	1.6686317081073099	-0.024962927715100818	0.36156442193453364	-0.30672690937809033	1.1056999384217514	0.2680092950448889	-1.1479338983929395	0.7658506042266733	-1.1637917289030182	1.1573585259492944	0.8205889832604434	-1.2482981749193605	0.13321703068249066	0.18590879831003962	1.0101257156347685	-0.19523835729989178	-0.1721945256427697	1.1044434274972945	0.48572823848160485	0.6422202149136388	-0.5999029008829837	0.6853323033161036	0.6271096402656596	0.13167176856891438	0.19776114714729293	0.3576439899048653	-0.18231033791048043
DTXSID6022345	0.6765820267419274	5.450024686457969	0.7245524253216135	-1.9736249296909372	-3.391923455425015	5.171997137803771	-0.5084925585968288	5.627923723405342	-0.8019747576376859	-0.29058990563224973	1.1398926082062097	0.7114638589013365	0.8168720519314004	-0.6992472046100691	-1.750565623575095	-0.4094467852550544	0.4574826087275574	-0.5474570132289204	-0.3023536592144367	-0.8562308923272702	0.30005281934434497	-0.34468519225825284	0.8680249924664275	0.7785839660218234	-1.0427030993206636	0.10567039018327276	0.214079977600299	-1.922891241093954	0.2058950026965084	-0.707981673463618	-0.47421910800588307	0.6551889409118569	-1.0803259003211902	-0.5239659536786291	0.48218497304061125	-0.2684605708414433	-0.09624746507911569	0.23235321471794987	-0.29758502980432683	0.008068690301663453	-0.46664681045069917	0.5665392267663294	0.04555287081290936	0.4522446134041309	0.004533403545792627	-0.04304438886349254	-0.34162104848913233	-0.7112859734839867	-0.34009609161553517	0.2141541115876252	0.19303481748607615	-0.08020697240558275	0.28619876616512074	-0.31025730708922106	-0.6562075362692054	-0.17109373638273023	0.2010100514997107	0.059703359281907335	-0.3161378942779677	-0.21907027820010977	-0.014882300058632092	0.2365576642677561	-0.41302910513784363	-0.39271090077139326	-0.11920508654198052	0.14931631840134285	-0.01827558910779968	0.3088888596295694	0.002332204548050766	0.019584002489736255	0.2205824059987171	0.23979012798375174	0.8537705849944933	0.7401207276723919	0.6895338075398286	-0.474351389591112	0.18696450859523267	-1.0570453954026364	-0.3727083502537812	0.5202676987618884	0.1985815673771839	-0.29302131675507237	0.31652389381799845	-0.9306824474950774	0.2327943768053462	0.43383924315548006	-0.34899727677376086	-0.026349981244973026	0.5121220425694347	0.2135036420088688	-1.036468874435063	0.06355487409374978	0.6914272297140692	0.0339536625062617	-0.26222840352920074	0.22197948247070354	-0.13838909164943805	-0.5752269357992398	0.4466796726282244	0.37420820555433687
DTXSID7024532	-4.815297948947714	0.3284289619035626	-1.5151988523718731	1.5597910049522365	-1.7088369050899317	-0.47168692278925844	-1.322916658367919	-0.6539056926932251	0.23660617374280138	1.7873145019569006	-0.5364517060100896	-0.497043703881449	-0.7407502568470895	2.8236824951178967	-0.35045892843506166	-1.0812027513853308	-0.19263232021136487	-0.002879728818165133	1.1915038044752264	0.36144143212759955	-0.16206082456889617	-0.11791444134409763	-0.944285658528354	0.5382704610538372	-0.28465624959945	-0.5507079913320351	0.7279315939675641	-0.10808716471688305	-0.23705237127120998	1.0165117036734685	0.5241748576739182	-0.556804368562911	1.247667409916642	0.2711504310894704	-0.12381319492479495	-0.013463616018838139	0.1268277792643692	-0.7899902902107628	0.3879546312242238	0.27798597832766825	-0.19185551346540577	0.15625467975236398	0.3127105732956119	0.400373740678682	-0.3814745031974578	-0.216985330248731	0.0020804834812579056	-0.2137887973208747	-0.36085538821209123	-0.5431221365336224	-0.07715976091092107	-0.20540018578103278	-0.25540803811162505	0.06959944467043275	0.4409484073811519	-0.5107531989903374	0.055265099124426655	-0.18791135904685957	0.19979747983414636	-0.3214156111160031	0.19972131541885738	0.14239068060709534	-0.43000162425251315	-0.6424164157263244	0.056409267195634535	0.48532170855405926	0.11300502549480708	0.037544229184242196	-0.034375960401466656	-0.6487331469689765	0.39162314672934523	-0.8079693442619073	0.05008701707315937	-0.21015350219432258	-0.00980430475913757	-0.4866240642663715	-0.010774242017506786	-0.9314814082388	-0.30074461021283766	-0.32986568509725717	-0.2555241730376076	-0.24772570678612704	-0.1208534138196964	-0.1883815154301439	0.35339228543778567	0.4121048947574347	0.520390960968207	0.4393687043059303	-0.3849341921547344	-0.239318876599533	-0.3587568974040137	-0.6261719422845702	-0.047377970219674354	0.024544229352174048	-0.0966713561711444	-0.26340556489555217	0.17837759414700655	0.0053593005975197516	0.23651204163972678	0.22425808277062817
DTXSID3057640	13.148686830679592	1.4715880692043413	-0.6952496591245834	-1.7353407754304735	4.057871252046672	-5.483619472893962	3.8503044815543506	4.167786450909759	-3.7604259406493488	0.9716098307840173	-1.5399447567004014	1.5428956288825524	-0.3296978263809595	3.890578712132186	-0.7679834600774653	-1.0768641449115506	-1.2673118294502699	-0.8521468220764542	-1.2578143432814923	-1.1907001777889294	-2.072224657843622	-0.21566474943694733	1.8937222133669	-1.9558733733410294	0.8774044524936045	1.3854930329975113	-1.1567494985975688	-0.33890201234481976	-1.847648254813608	1.5019914573477307	0.5202671597981859	-1.2983416225704116	0.07244796577185911	-0.3579990767095434	-0.7439430033494139	0.2692665250194028	0.004744383941618927	-1.8721014678618197	-0.18899465976002658	-0.6072698117515064	-0.5575345064018404	0.3385643271460537	0.9554179935719863	1.2168481232948576	-0.6166171825073055	1.3516003386835587	0.19908600327941656	0.7093052419028406	-0.17855140718541984	-0.14208804894704502	-0.252484271116422	0.41315453056122975	0.11116840980191044	-0.020283769078992226	1.026664815874053	-1.300444954624589	-0.8561510634952785	0.3247946454200794	-1.3287527921360915	-0.9583226353153156	-0.11789441372575356	0.8028418740132993	-0.3982740681041137	-0.7263959804007736	-0.7591034421119847	0.040684541927515874	-0.848833579784672	0.4615870981687228	-0.4153213157838831	1.1305282087895983	-1.4646802925046674	-1.916144802845076	-1.1729897521599106	-0.07520069696085706	-0.5037944762131519	-2.6074254174395195	-0.9428122423886638	-2.2654868779084314	-0.41282605807270506	1.5521567920363661	-0.5098757895595032	0.04332949391706583	0.7158258899942682	-2.4845785268638862	-0.9607286014028289	-0.5316968625042258	0.4118694459707506	0.5500206721242217	0.07321407273398452	-0.020284638577348423	-0.14676534240810551	2.3154245772871684	0.661020323134386	-0.15629530722780358	0.6753042554074343	-1.1637523246158974	0.9620595951883271	-0.10244112781176429	-0.9961419835999891	-0.12074544914713568
DTXSID7046883	-1.5075948509484662	-1.8783785505601847	1.8964188667216924	-2.182824524125826	1.9502211506254938	-3.076087340936408	0.40649288189817157	0.9220735738356991	1.0509489330872737	0.791446298220525	-0.827126009630063	-0.03557585119271467	1.836681391323061	-1.2784414661031642	-1.372579887434968	-0.17156574238006136	-0.00295980873750828	-0.2769035631093577	-0.32616579262634005	0.6577650797736463	0.5211909223886283	-0.18905045259947767	0.23090713474109942	0.2866279681459078	-0.9405584405130449	2.3619378068807637	-0.9235742536194332	-0.2552969664581055	5.530104461089915	2.8821134492114484	-0.37071589886770506	-0.1022600297947446	0.2923064184410954	-0.274295528044498	-0.04421314596718611	-1.1361928306949205	-1.0245789629932358	-0.04823080100780349	0.8836677452386963	0.6365672234772795	0.15235047485078335	0.8902404846196866	0.15016581869640036	0.701385722853029	-0.09043646222678492	0.17849303823646753	0.05629630914801895	-0.18515138440462142	0.2775904184973457	0.4618023413662742	0.26425916555855644	0.02295134225893685	0.0933988404645885	0.29069921986920694	-0.3078646867157722	0.592291198667016	-0.006014147843668455	0.1160379686744089	-0.3281070665795579	-0.5110943967502141	0.22590919620248856	-0.6580124692767099	-0.25917353156180845	-0.6892144665355542	0.3163523708081603	0.3715702404547056	-0.667395158326955	-0.03462815481972295	0.1046557606590434	0.7112325648878456	0.07428943333754785	-0.23770288912047158	-0.47158038789010537	2.380061797662904	-0.04829260737130132	-0.4768501438517685	-2.0069136198388575	-1.4908716606536236	3.897488728807786	2.4572555964269864	-0.034819432076647804	-2.4810786266077103	-1.3743688119308848	2.3380716373432913	0.07967499293869758	-1.109582766316847	1.028580556827803	-0.37746211493042986	-0.30011793852783064	-0.14321874174077145	-0.1875643094453778	0.12984748279935968	0.19055454257664045	-0.11776274913081891	0.1569352131531311	0.3324427148904103	-0.24125878818935428	-0.11122106135988409	0.6667130696654266	-0.32456279396835214
DTXSID4046787	4.6949278103658845	6.052432841818683	-3.7642354031039806	1.494475970436982	0.32937799200068824	1.6993428825231465	5.0028049935813765	2.043447623392296	-3.1900515324312715	-1.9311513662234667	1.3305933156546115	2.0176005645100323	2.55376329566899	-0.7197147915305759	-1.259952399505743	4.66328817517772	1.5053203658099368	-1.7522414181825836	3.5646711622735165	-0.020125892502596908	1.6109002721984045	-0.6828498933683445	-1.2036535677444937	0.35228560089708727	-1.4689884000685078	1.2970985731893943	-1.620152001924371	-2.772135135715283	-1.1365633572360507	-0.17881908068973787	1.7884383946177678	0.6450643265519457	0.03030202279051556	-0.7789133058146681	-0.4270814413093963	-0.9216068500300583	-0.7867696405096057	0.3953935348744988	-1.1190112341641683	-0.08526104600603601	1.6007680424498716	-0.16650070562114114	-1.0035627190073109	-0.442763846261922	0.7213563126111865	-1.563451325835184	-1.288595548642694	0.38665552804748576	-0.28383025742461593	-0.584425204724369	-0.292984299394638	-0.6637243884292827	-1.0435599861880092	-0.29365964106823084	-0.9138740301605164	0.1720492929305331	1.3315208847393272	0.6266146733446315	0.7732066806109158	0.02054268566892661	-0.005366797712928379	-0.8551408293718126	-1.500565565410698	-0.01717467395976181	-0.10099363741572881	-1.3067356708158238	-1.0065951649315206	1.8657834617961286	0.3055871454600359	-0.026943001312014398	-0.272622266280029	-0.45713069683604696	-0.05571020048489695	-0.3777509012519275	-0.22947538792757372	0.15138297537855866	1.5702747958411718	-0.3344734189346486	0.6525336471099714	1.618885746204368	-0.6630797671632543	1.03051258439972	0.6159465778582208	-0.4678191928468065	0.09803320581664371	-0.31214051756394906	-0.14194592467925207	0.39838177571539246	0.3665694143045419	0.23704654334819839	-0.11519755413803097	0.408679226473183	0.038122099227054805	-0.22950375755237656	0.38793624218794054	-0.8487142939890475	-0.2232242942986423	-0.22842069802768586	-0.6556243511241643	0.01428421834138839
DTXSID8024866	8.030020590825893	7.471938392135482	-0.04286774290208027	1.460476775050992	-1.2909143721987668	-3.0326006183842322	-0.3761299614357732	1.6864691977832873	2.204226622403129	-0.1089010952962524	2.257168896142439	0.7033767353928707	-3.1508758165308577	3.6516700112776723	2.5183341770359418	1.4095681363399297	-3.5640571231156133	-0.7179873837054491	-0.6025938060296889	-0.6663137705350649	-1.0847928726824316	0.6845992792644158	0.37053755104084296	-2.325727518483103	1.6489433553867696	-1.0104000531948643	-0.5952157356770252	1.0741554748285131	-0.5333837978476021	-0.06360746960130069	-1.562747289689572	-0.05796477653316537	0.3077113580277109	-1.9808160091197984	-0.9266305890294071	-1.132484810402543	-2.350846815021719	-0.7497397486478425	0.9967040377485091	0.05806917265256064	0.09322217425236554	-0.12579973911404368	0.07659158595912974	0.6664910512844754	1.2791494986263279	0.483101850334203	1.6856275844584754	1.2330113398642268	-0.7591696712025381	-0.04418872328982618	0.06798714265946426	0.33610613301454983	1.279450683025251	-0.08200358160689414	0.6227165928089157	-2.23704479241009	-0.02397018021047603	-0.8696388704725629	0.44396452311698886	0.726583498072539	0.5356649117206052	-1.2295125985947106	-2.220547499197888	0.5966437513079739	0.677272984853535	0.6659355617581685	0.620593396082413	0.7919641712540556	-1.205816289465633	0.5762216510276514	-2.567683830100327	-0.18145660036446634	0.7436618592908881	0.09759901405724866	1.2832324083650628	2.9298120838456327	0.15901140860103413	0.02868955212382173	-0.44605776928958196	1.1623462976299566	0.5745058785780508	-0.8851550304236028	1.7609726908266305	-2.5324864084732837	-0.28414530299572605	-0.8639347760309676	0.9742994792389998	-0.6703274393872268	-1.0600013444343646	-2.002409691041184	-1.656465830664584	-0.3725857721793373	-0.2628253150513556	0.6080730094651762	-0.7913231847270634	-0.4916958782931892	-0.4813298431481258	-0.06631948961084888	-0.503966995284566	-0.34697490814684506
DTXSID6047028	9.724541554348294	-11.48716372770462	-8.977847471750332	1.2711485698237284	-6.371884342598633	-2.679068469696624	-3.722260918708395	-1.283025637442684	0.41609749073771146	1.4875493844323175	1.6648875334887527	0.729639419176169	1.9056089790473545	-0.5389160553594244	-2.9902894812537206	2.7035706560760566	-0.07058341764293342	2.077965627775341	-3.1746101476662796	-2.8047642202532237	-0.7100666265004849	-1.958532116609577	-0.5499881282849336	0.3043021970967288	-4.129894649144805	0.03459795224255032	-0.6663585659850895	0.8126387866207249	0.20798740254955592	-1.0979581464129056	-0.5146278869522035	-0.19825151345144298	-0.5438163466207171	-0.4872246442611177	0.6567090652876394	0.12763029861232228	0.5909840749816003	1.408326442141994	0.4322790795673063	-1.6185554991059654	0.27373786195779515	0.6656561474931936	0.8052264203297012	0.6833101217516026	0.16605938535977963	0.6314060836720862	-0.0518020916235988	-0.2502754056142003	-0.03575463785836535	-0.07394400348983876	-0.002537763031774081	0.46073457501685	-0.14012151484999016	-0.051137972442678446	-0.8520764404600495	-0.3788060514932416	0.9050274909317697	-0.48566753340331376	-0.7523128787568424	1.119794023404602	-0.6519997790298063	-0.14041664600054884	-0.15743361140844536	-0.07862247716007263	-0.8895803832265281	0.6464951874273277	1.6112134071775854	1.8236275041857042	-0.3812626835619676	-1.3250765214178295	-0.6674601739323052	0.08569463175588293	-0.20348516627188312	0.17222670124388328	-0.6746253444200647	-1.1639528953841358	-0.9466547690301809	-0.009747432845659874	0.2529248903777062	0.40691561110853197	-0.3885178336162875	0.6787954984851574	0.40122754333328875	-0.3825566902558698	-0.08306110368714344	0.03154551050413399	0.5682376149390932	-0.04083999151387765	-0.5760704097478271	0.6723817960875585	0.5509978158466508	0.5124825327785634	-0.03974601493108535	0.47197243620718293	-0.422966614759541	0.15611886819437865	0.8947169177563417	0.418909330830316	-0.09408349084335432	0.6527598771127854
DTXSID1057749	12.150803867066825	4.683967461619377	2.1122985675069996	2.4481833439492924	-0.8212615068093347	-3.292279716663166	4.608883763590836	3.536964992968559	6.2504860321442095	2.9909046981587855	-0.5715510838805611	0.07567803390491518	-0.7595239012300534	-0.2783597334028699	7.552437063215323	-4.023516218426007	-4.92361255787885	-1.6488798548320633	-0.5790057841386861	8.557706827908476	4.454753290986357	-0.8839791394352624	5.376690637299593	2.1040399911879333	-1.6252051740093354	-0.5019034788229755	-4.523246771885533	-3.305190239242217	-3.3843156131648624	0.210058245080939	-1.048243733866943	-0.9052849642525653	-3.727360107412188	1.050468550848341	2.840183370728645	0.11068871513156411	1.6218352236799156	-1.5368335174152332	1.9603502484339497	-3.5058579939829464	1.4992920094660602	-1.0400097756122735	-2.576530667309688	1.8679464163801167	0.7646603645962066	-1.0800421502762048	1.233996167710365	0.6197898366844734	0.10331404269467613	1.3362471950552386	0.9870346091694118	2.3504258878414914	0.34835366222517034	0.18105327670171892	1.5335225521034326	-3.1960594733474434	-1.1317428955626698	-0.04829025121699252	2.2006914018647796	2.157550962806121	-0.32618003794010664	5.355751903849724	-1.7791964007701362	0.0719238405520625	-2.315061500689338	0.16313998288192558	2.12141081310463	1.8953416525398583	-0.7461917829113996	-2.1193193377794914	1.2389127859365037	3.7477070377960673	-1.000416932789623	-4.158605493958894	-0.9680467761077658	-0.2743345641130987	0.2716275080565301	-2.5898090974008108	1.8999348750176166	3.5447111127721955	0.028387426216475144	1.2574335303420898	-0.8385275779976619	0.6506558964385029	0.9690444153739498	0.5634624999691965	-0.05541785323524242	0.34948874821362486	0.6350191546675983	0.33227244049949717	-1.7534167269209335	-0.22012580846673796	0.1918909650797805	-0.15367892374850026	-1.3977025821037075	0.1751018148276765	0.8881157862883055	-0.06252912169475017	-0.47628021846845753	0.4451828441825913
DTXSID7026231	0.9016773872337327	5.988834046867206	-3.176766581630732	3.213617355596629	-4.84125022523209	1.5202433221713072	-7.43015401488457	-7.322992606349843	-3.5212930929645387	-2.246493531673827	-10.206469652056729	-1.2727284915488595	11.73138723246708	-1.1449429452014306	0.6063475826332926	-1.0807843042858611	-5.248887771075755	-0.8773168582151343	-0.6776470032235299	1.9095298289564049	1.060128869390492	2.8637352749453497	-0.5309732974489579	-1.9991350352296338	1.2748988466472866	2.0401786044190233	-0.19306770236595577	1.8597628521627751	-0.5951935822661927	-1.148479667933926	-0.21338331927338322	0.9200005565241324	-0.9100435635510007	0.47400671001238753	-1.068805226296241	-1.0056325811266895	-1.9818761425626994	1.0638903187965572	0.3075083971462357	-0.020504504424654	-0.4207005560248636	0.717006074252394	-0.20061202448853457	0.6670631021368043	0.5427018312456485	0.39337515988552424	0.217978279940504	-0.6960430134783785	0.03431693142490847	0.44227937773818404	0.1813821515897549	-0.3910478848177229	0.3830307423423244	0.6565869703352629	-0.17439994641977616	-0.1529635288724996	0.42839241357931485	0.34888172258096706	-0.3121799832426851	-0.3847971660248257	0.4320529590042657	0.7066371756274634	-0.2193024980775803	0.8387170149398009	0.13941392674037043	-1.9029659000592443	0.37407453394450585	-1.4799040170351714	0.8713267089305845	0.6104199287759886	-0.49340070688086846	-0.9130046912308656	0.4393191186520217	-0.407843093446788	0.39792200152017454	-0.4447458813865954	0.4368304691773734	-0.8492824584013626	-0.26983640310564405	-0.7745469691557879	-0.5769412987790359	-0.28236668250693614	-0.7246077327617968	-0.14515770875355513	0.2220602660619329	0.45451071584725233	0.050770068914764814	-0.340541959129928	-0.42370680127290317	-0.3519200511654649	-0.21814554932650176	-0.3799099520690909	-0.49426678368995347	0.26559655163055956	-0.37722770194530064	-0.09347186774642394	0.7448584265432816	0.4265366570782402	0.5030042605045826	0.10052982209178883
DTXSID3044461	-2.433222332786732	-3.110214090073133	3.592844951252369	1.2806507317395062	-0.8932414657760757	0.6933566601760299	0.3658496721456593	-0.8718784139913872	0.39247727039104097	0.9278623662543402	-0.5087296586516675	-0.14553286147275882	0.20909598618430503	-0.10483266317405639	1.1525132059525733	-0.22920120057346627	1.1431516348886952	0.7042439013328248	0.8868502583646054	-1.4000919532267104	-0.29895991137634176	-0.25340919965800157	0.46630231582821513	0.024100858301126578	-0.19265063833032445	0.5273450957442469	0.2807814100097303	-0.5084089611133935	0.6107380093957011	-1.195971607119972	0.1487408259169773	0.6614494394185668	-0.6231903311164271	-0.11850939075489565	-0.23295166703703662	0.013442417558267514	-0.10975100153990255	1.0002998915668087	-1.17162399418967	-1.1288737046608952	0.4445528925017595	0.35286019853967576	-0.26588767482181774	-0.04200511636592336	0.036284181958191816	0.40884144365374847	0.16285281718054356	-0.4191924141039348	-0.03847834826120457	-0.45361847972866565	-0.034336181128776774	-0.258469377398038	-0.10184092630589449	-0.1242214149710825	-0.5904331763777352	-0.3992694533467162	-0.14331098494277913	0.36698862517092434	-0.300059967795255	0.26854349429021496	-0.42858014308823134	-0.12718163202341035	0.4450229986302628	-1.404525861302122	-0.627018993096659	-0.2210784836867614	-0.8782765325667893	0.31039999127509915	-0.04782551576601148	0.2802637913937128	-0.1245177437429091	-0.6596129523102193	1.5722103628298492	-0.37440684413751685	0.3397650526245225	0.02657471688391201	-0.5873532620437284	-0.7778167391859475	-0.8409308988253098	0.8021388460923652	-0.3016117901940286	-0.0049950791650002855	0.12881648184747704	-0.08641130789035338	-0.10692588291046029	0.3468577805568202	0.4174458294554982	-0.025480413214286558	-0.4641995661151847	0.07039524639641634	-0.09892644495968436	0.2529897989907215	-0.8081911576040463	-0.24739655721874626	-0.00972499881096465	-0.18247519215572425	-0.16365943622984866	0.011063761415869506	-0.41933163168520265	-0.11226445202272786
DTXSID9020740	4.943622304199645	4.625025004541906	-1.725557654748022	1.8540529842045343	1.796665616807857	-0.5423278888354891	-1.2692463057235273	1.5677540210070047	-3.2699518188495182	-2.561888281129823	2.246348393902738	0.5144047201786639	1.1725860653587785	2.2687342839536546	0.8170089869961638	-1.055723501079283	0.00011791539873357717	0.8967302293676802	1.1000825585688603	0.12721425093413882	0.6464172308190987	-0.7292805250314157	-1.2260036961333018	0.8727413198711781	0.20804234876067687	-0.30547130717307347	-0.20439051621784074	-0.361697968749774	0.17540868776625862	0.33858695026397057	2.295180328306409	-0.03744717142179685	0.9764510520972871	0.8299427095881782	-0.007871515859943105	0.21686861893462242	0.9977937302572785	-0.045493764163587476	0.5754261175649019	0.5472602401634908	-0.7455809588108796	0.4204313283948907	-1.5644625082213053	0.6909916290318915	-1.0885558035779608	0.7275937964670427	0.14893278291930032	-0.8990100775299031	-0.18967284856210914	-0.5347458496259305	-0.17248235661011102	-0.31737052964931134	-1.1081278453258783	-0.03568089767817004	0.4611799159113883	-0.6526226868186497	-0.20494646882612208	-0.12169170622203307	-1.346066752227261	-0.31983468838258156	-0.2486358980074283	0.49163638129852677	0.45546509072137964	-0.7153124581883773	-0.7619008506803977	-1.4519298857449803	-1.1054202515723475	-0.1312796813158195	-0.6636986984655227	-0.3398554193352308	0.24614915357595404	-0.3704044009543645	-0.4725813115958532	-0.38085253293241667	1.5956730814015105	-0.5608980785646103	0.5571637278239923	0.527767062262271	0.5849156517503665	-0.5471622630589565	-1.0141467847604024	-0.20993456267354496	-1.1051054127909146	-0.7204690967286548	0.5381027484342495	0.08970470293236946	0.2705346072074157	0.5180052067812596	-0.6532248061814566	0.8050013697715542	1.0266635061232057	0.43342713738427385	-0.039707037502230466	-0.3953643202976132	0.3256825106286358	-0.1574171081155038	0.6012749877631166	-0.059769735730108416	-0.09975991818068661	0.32402730609772784
DTXSID9026714	-5.359009072563807	-3.498130971849216	1.8228586460967566	-0.0822377642537478	-1.0461897744657784	-0.3209648010636274	0.01896057653064449	-0.5209202866061048	0.24080179457849524	0.47264611382687727	-0.347005642347226	0.040782759474345794	0.5350789755727318	0.11527136884469377	0.37002664212956293	0.11421189957246339	0.5129932174925963	0.6562693874005837	-0.036016598472073606	-0.9160877397673249	0.030717282506958203	-0.4345106054720941	0.37715727701699686	0.052816482717865564	-0.3097155732116819	0.19877790346833712	0.20815494327458373	-0.19321436465194264	0.31638700229750755	-0.4920427971491681	0.5090999096069585	0.22225825880286898	-0.11597369010778551	-0.38679964168836417	-0.1893443480273957	0.026338937053813037	0.0755140982118338	0.5887363060377628	-0.3074448632801815	-0.3691519791026084	0.20051453234245636	0.27312460481753786	-0.4411583350341193	-0.041809294448500824	-0.20495061888656443	0.39231565776514665	0.25195602008114093	-0.13098270258649145	0.051013621766367555	-0.15401700007033692	0.028017088225435048	0.013844772886980718	-0.07739297987608915	0.03747354183817298	-0.1737262472117877	-0.31002995799328087	0.11329830472988184	0.16911345106328882	-0.3719606245353957	0.24875366210593697	-0.0873172691148905	-0.07106059268342267	0.22882912564651975	-0.45983802529778345	-0.5033420522991159	-0.09734441953849217	-0.12128886111061539	0.049239815764608105	-0.279844965393023	0.6037233368666179	0.031380890136312685	-0.02172012873422513	0.5633814558929973	-0.26235439360842805	0.08074492565203423	0.38640013711619287	-0.4612411755291866	0.012380594025163762	-0.20112339079360173	0.2896686913103877	0.12515933881406024	-0.10304333032976971	-0.0012694471079467706	-0.22418078763872218	-0.11981798769818842	-0.07390471900493677	0.02530010471260251	0.019244924311952644	-0.38767462561123067	0.17837765200066563	0.02169336541247907	0.5072259486237405	-0.02099465382697456	0.24414460697543805	-0.1567824068763997	0.11429209830527305	-0.010670361828937127	-0.005030202096266903	-0.0945414289376218	-0.0207845832603306
DTXSID2046915	7.832190179487189	-2.9668643157762955	-1.1902551032055064	-1.8332058357389145	5.467317168152877	-2.5336502920804604	-1.9889336216126883	1.2362671479030085	-4.63170398944235	2.572482816507425	3.1768257958752075	-3.2411691142043195	1.712577080224847	-1.0781916505540503	3.754030749538463	-1.205847332131418	1.1172938563769808	-0.8178198023243674	1.3651659858738414	-1.0702862801379913	-1.2513812009815126	0.4411018026256751	1.9068715993490617	-1.1428346961522153	-0.6474254560572443	2.2945569452706316	0.07035953547618744	-0.5992249372879404	-1.7080376240435846	1.7378712923411932	-0.04253245794198173	-0.9008483502822235	-0.622629923433685	0.5661428710542312	0.6681123348429878	-0.1422841890412285	0.49335110628306966	-1.8166901355438767	0.9373814063271845	0.06075075128748465	-0.8188718211850363	0.588229767034296	0.6229449590790489	0.8576990934248474	-0.7650543811252857	1.5014990782481736	-0.20141859761889896	-0.5300114643846149	0.32289497251197696	1.1535166450577352	0.11939319152991658	0.07731673310029677	0.6889344627442794	0.16610824361301632	0.6260012881678163	-0.10423678043051163	-0.008858168099791314	-1.5247496560001328	-1.5254782010486148	0.8198534713977461	-0.957930804253603	0.1816567070231294	0.4557561473379005	-0.21614940824167644	-0.3156467048078543	0.5495840288121904	-2.044170949950449	-0.48623774930273705	-0.03798860850611613	0.8945873096212987	-0.22778676126100525	-2.0979721359806565	-2.368678958262191	0.7639168035799778	-0.6213234644141886	-1.7548362368651005	0.9811365220168441	-0.04171597836245346	-0.6133493531495232	-0.05251997948647653	0.6022505303327867	0.744709902113795	0.5817114738192125	0.9577184614290739	-0.5425949592544073	0.028296036449363418	-0.32117620602283004	-0.6030007125147411	-0.5171059774761203	-0.529875143643493	-0.9257704486690214	1.1653297980904813	1.217719945452917	-0.38587945877218816	0.32244527660931294	-0.04027886397462042	0.25050788797928775	-0.9177236829362482	0.09766451566509309	-0.1890024076716763
DTXSID8044620	1.5585694629826259	-0.6684908121697658	-0.9414060934529199	-1.700098588238336	2.2495344580081365	-2.7201020813335233	-3.1670344279657385	0.6714078200268018	-0.5383811967090418	-4.206032240391944	-0.43336492753529654	0.21149726547176426	-2.8145134625177124	4.343818727207224	-1.3142307303733494	-1.0122156743291308	-0.72931876189615	-1.8941779327342252	1.6299742406417883	-0.04708306554590925	1.4291914970934079	0.21668572159680216	-3.3568296843694903	0.010941086675337353	-0.5149764402567514	-1.7985138612274252	-0.5990927808102458	2.9013068855138995	-0.6081517451420696	0.5497793620529342	-1.3503108950532967	-0.03627248513737555	2.7637132816372834	0.5828638332132912	-0.1638646740505665	0.6710658656595442	-1.8237934189397231	-1.7038090154148633	1.3571499960450708	-0.494713043840779	-0.7054379549873298	0.4279965639435788	-0.17294885733944704	1.3647537181534835	-1.4712700520877597	-0.56414621069888	-0.23212203721384997	-1.3629163110798794	-0.5389708083424418	-1.645152085290509	0.15043841005622655	-0.27228750792604245	-0.7710561858318595	0.13753642050253304	1.4775022522148493	-1.714266901033429	-0.48588271441482633	0.6173588182269284	1.0413793603032142	-1.4355686419038194	0.13008213793437928	1.414131894715537	-0.6659215742457096	-1.6415458857243967	-0.21028177969945636	-0.35867924678623614	1.1785465895036205	0.33252320567448934	3.644000899007739	-1.556076645453672	-1.1256867214156296	-0.7070395281485347	0.8910891892900801	0.015955448419893846	-2.2047220617559886	-1.0250208160376066	0.8654367534184878	-1.719017696189877	-0.5523287437578117	0.3896535538604971	-0.45456427438407626	0.9225224090807895	0.2434758950635121	0.38561735530376695	0.3915738215498483	0.7288444065608931	0.354097883150542	-1.0764247287936712	-0.7781569202183766	0.7984393663594903	0.838310939488754	1.444233750524746	0.026353379403683923	0.13257848141732542	1.7351278911166326	0.20685630924661597	-1.3857056376333106	-0.5000053971774954	-0.3814045389215958	0.455926277349106
DTXSID4032611	-0.3024588880336964	-1.1004649911650706	2.756928717092034	-3.290938461587346	-1.4509569305643226	0.3203412393587358	0.7875455934950473	1.5696283187671751	-0.5300377984751907	0.8617001037889572	-0.7103345394337826	0.4597321253899997	-0.16384475956476696	-0.7740975152457771	0.6290784571489655	-0.13050061436777574	-0.1498658930485028	1.0979938232852777	-0.46584856247444995	-1.0932803087900813	0.6602293753584408	-0.4461284623795481	-0.08561290475898677	-1.249784538255916	1.0594924054803927	0.5345873543329193	-0.4984684005267395	-0.13953176674416023	-0.4934958523636147	0.23347003383769052	0.33860635262186173	-1.1830900817130516	-0.45855418577354967	0.535160146447246	-0.817050714346769	0.08369503370957795	0.07716630101247066	0.20995328883998465	0.21378927943865447	0.28601812971163365	-0.1324171613767723	0.04347778106323114	-0.1717857161976189	-0.3345010323637958	0.20866706537422214	-0.38199770547480877	-0.09029165946845091	0.32233237601440895	0.02804782015971185	-0.29030647820426014	-0.028831457520557578	0.08219325600274549	-0.0022037769646589232	-0.2545110466771747	0.30127364436708937	-0.6279185904866764	0.41359758345932107	-0.0761999541490992	0.6969996671793366	0.03698084493696736	0.7694824165859155	0.13335629797841048	-0.4210020243002487	0.05667742330605333	0.2187485045629749	0.3486314777474267	0.15458266615596358	-0.2142914143130847	-0.1240192615422343	-0.1695363281973305	-0.6141993214438498	0.18581605148082173	-0.5431130253639902	-0.3941269461410312	-0.08653533513513045	0.001376526000114938	-1.21141224528643	0.34895569837327767	-0.03295357764826634	-0.21588520094650543	-0.9404458912040538	-0.5673642589046123	-0.4980334115483344	-0.3478862513661114	0.45695067545495754	0.27782719129216266	0.020725559922426067	0.22558349348134382	0.2600686940234012	-0.4482039711804612	-0.01626857063541557	0.014244511857525817	0.9370452813248806	0.3942069302444923	0.5157824293470104	0.5452383472255063	0.6811090377044043	0.5165396050248406	0.5131608481959633	0.005789686094426357
DTXSID2041880	0.5361657632323575	-0.18746102969781006	-3.0248688920889513	0.944055523665885	3.6738537820111357	-2.439100639748724	3.015625147619511	2.0031457935128176	0.0027376316132895224	-2.377519877229496	-1.644315371380126	-0.14562634438544184	0.9659477321816432	2.184623234788455	1.70393759949652	0.20068176724601383	-1.7876750234932228	0.2715125538300494	-1.0817649892012895	0.6437526885834504	-2.473301750032442	-0.4766422496595761	-1.7731754301918516	0.003583171808516787	-0.2825834782881423	-0.9202399356255283	0.2736415612318337	0.2608049451170382	0.18862607818680804	0.34729061923775106	0.49480759565078497	-0.825511894997233	0.40097418398996676	-0.20860758459163883	0.22423910732991484	0.23637755846925085	-1.2443181776030905	-1.0044833042763013	-0.09791412311664976	-0.3851647682119726	0.4705864962290634	-0.08298576215466401	-1.4902525345344413	-0.02631662132825315	0.30819872004326293	0.6805011152701171	0.40596907327288506	0.3860248666134463	-0.013313290649647166	-0.3057263651154251	-0.21562641692800813	-0.08875038760795828	-0.1965304594358131	0.18550230091756817	0.4363231527849744	-0.1406373076636388	-0.8945070545837147	1.2899664878436	-0.6182421353103322	-0.07713475950720497	-0.3745535841404879	-0.38741219947519995	-0.7641366795133834	0.8159654746055224	-0.520298084679511	-0.7713209222084816	-0.9055578223024765	1.0441361562115212	-1.2498114395545012	-0.23734862901294898	0.5004326546634926	-0.23397655075852433	-0.3281071915866393	0.5524290673451853	0.24477032197547732	0.11030638021533913	-1.0426047193291945	0.3248347368008191	1.5547253237677094	-0.5806079850504741	0.2602111647302564	1.1291540732668985	0.09395102909821793	-1.6436001501232629	-1.355185913508778	-0.08009136661082383	0.5931571830679372	-0.338112871137256	0.8141284234545829	-1.250307185611005	-0.3706621522960533	0.10886661255624984	0.04653641338529694	1.0285205219310003	0.21466239721921015	-1.0810057208469506	-0.6499253911624076	0.14308090629372094	0.05215064866504764	-1.260910708939406
DTXSID3052567	-4.392481532556477	-1.999856329949383	-0.35649757487816464	-2.74826977136552	-1.9293787821796338	2.0242525850746906	0.8898761327570295	3.910616857325859	-1.4337977880673605	1.6207728050858428	-0.32505294381442107	0.0945417466086311	0.4926913736552637	-0.07022836750303399	0.336336324802568	1.1735255508762812	-1.8943377177476424	-0.283603414434529	-0.033151157029726604	-0.3449104241148273	-0.5340393959496859	0.21206029574933263	0.49673629454935647	-0.09290441321285461	0.6546469532812396	1.569280715691952	0.7811905824346123	2.0256106432413428	0.579002045542971	-0.9115069550566706	-0.7738367616445359	0.0034383645475764006	0.7311827449187174	-0.35962489651703633	1.347504084277971	1.0249619034495343	0.4266000652039617	-0.6149562685808506	-0.30322761154833877	0.33939201224718346	0.7804909111087657	-1.0236586964851173	0.31712232725300216	0.5422259216662219	-0.3842604637123293	0.2607393206779939	0.43286587364638884	0.054852997236293666	0.4302467634886428	-0.33415768143105906	0.03526215685179673	0.0030611739954351275	0.6978369956747579	0.030451516233884923	0.3622919929724248	-0.4815333354736681	-0.3296132873587106	0.4979366965907531	0.1109648074366241	-0.7799499704729954	-0.7443116616778137	-0.07148448707223694	-0.08517175628096173	1.0486735457420988	-0.8969330088813011	0.1770508272518236	0.8739766480748223	0.4270252402598829	-0.6712797914408659	0.3627547590618516	0.30480329893600877	-0.08087325680724529	-0.24566071722333838	-1.2651922941531635	-0.11294374199906826	2.0866454525269584	-0.09422428381131298	-0.026353893759693624	1.52722416067183	-1.3871476463586527	0.333463765158565	-0.20052096303638828	-0.10574113941273743	0.10368685752414074	-1.0652082105430096	-0.9966542479338556	0.5486714399740797	0.7429682712922514	-0.9079575025427815	0.5261964728745127	0.2983512591677022	0.11901971630846785	-0.4795675804917814	-0.3133527390895691	0.2010571631554637	-0.15396309861466365	-0.14251740374290633	0.06930883909674149	0.316146442497793	-0.6248069045763683
DTXSID1044693	1.218869754523331	2.893211374381297	-2.233204800127334	-1.0143263204896051	1.7461830226803767	-1.1356390354169204	-5.770453312067658	-0.27669346934686945	-2.0730254322690205	-2.1195339416989816	5.983152825081136	-2.629025128310728	0.5950153924439573	-2.060394144995511	1.4458926820379592	-1.4621711498930683	0.7603553191540215	-0.42411852105331477	-0.2000653364604246	1.4299166014073994	0.5947248532634539	0.15872190498964686	-1.6914008113638939	0.9961873898634905	-0.7234862012129251	-0.6858332360623863	-0.3680365587229359	0.6193133188554276	0.5560781306897777	-0.08454023656703802	0.531843249790323	0.09811830751118694	-0.03227196352394454	-1.8558807615299777	-0.5744650336530807	3.389682883988212	-1.666509485232043	0.20312944443472297	-2.226337551266155	-0.2421602162191392	1.3837278680069514	-0.6000487194931442	2.2272893726047553	-0.7535237233146372	-0.5595467317302537	0.02843685113565409	-1.4227103733631958	1.7244437364029452	-0.24067388297789094	-0.27474588275733597	-0.000735813734479211	1.2195285261053108	0.05023639391756147	0.9865532036192727	0.1451714603859788	1.2334422028678678	-1.4926387612718035	2.898337177703582	0.3422089244353387	-0.4977293684544913	0.8729052585000557	2.2175702496897522	-0.7362666123473367	-0.031492295187495634	0.43978960054036226	-0.26619216096179876	-0.23069924807964615	-0.020977915895757582	-0.6335642743572057	0.09427625820771408	-0.6651724582941465	-0.4636231215474167	0.43454854628352735	-0.27073056843447874	0.8510052246070652	-0.6446479849966348	0.22465157795009244	-0.03390670977978945	0.4483603543371173	0.36781441276183746	0.5747588210734895	-0.4530360060352171	0.20059785986811038	-0.31029091539302783	-0.5527700910562516	0.6786656402679313	0.4435470526738131	0.40301659251795	0.1448893674365353	-0.57867646450845	-0.13385962542332872	-0.6938787546399059	1.0915199215129714	-0.42962782489857787	-0.4270036805354059	-0.7486878861972025	1.4037402969061026	0.7067813232507041	0.14909652535763884	-0.0205216349118552
DTXSID1044857	-0.35748249483765193	-1.6440088616933721	2.5141211987758005	-2.7393825551267423	-1.4402146558703501	-0.6136040779140128	0.15487940260597546	0.711562767836525	-0.26096752205122975	0.9957998727971898	-0.8489548343054488	0.1893578176018638	-0.4015898232418746	0.609369886543644	0.9837579169154872	0.7510349183181811	-0.37060786764037124	1.7502225629144073	-0.43680341321632177	-0.9615351372182839	0.47874676316577386	-0.6244427277072389	-1.1745948180244306	-1.0517758917829931	1.7303865958268563	-0.2031635523963699	-0.8956954021279531	-1.3699085500072408	0.060657746907471805	-0.2359867389197422	0.6015615460399992	-0.42475465525096445	-0.7584957864943358	0.3908773166413707	-0.5666196727813642	0.27292925461450224	0.41167009626066975	0.3533951590337664	-0.0948729186731134	0.2919595158276175	-0.26562958008595305	-0.6431023938027134	-0.27270722065873193	-0.5106244374005771	-0.0015066067522157478	0.20907018701551439	-0.2675292485743729	0.49614493900609385	0.12618015672837218	0.05262793149678222	-0.11886086489968567	-0.10819826859712688	-0.08820596871318095	-0.20201621916960194	0.24561101347096106	-0.5015154611513838	-0.057737952741968614	-0.3306394583664958	0.5254988582070728	0.2999471283229553	0.4150118694198423	0.12949117329185436	0.4713839168209731	0.7598293808722348	-0.1162958480945631	-0.46217219399429943	-0.13949387612675002	-0.5282945515329879	-0.39115819644213234	0.6872479242057006	-0.15403334841539928	0.15519271977939558	0.21574616069149538	-0.21615017570282008	0.9951979948823819	1.2091263284251346	-0.4472168153963712	0.4292908308150896	0.60824810339061	-0.2718263997659301	0.48318242687896457	-0.39449355282337584	1.095334461919597	0.04276211468340105	0.01557127100800401	-0.5541049394895551	-0.5971901511162772	-0.11240045736370988	-0.7136324608085514	0.6858104134466886	0.19160705534986025	0.36860197477931805	0.2760928175928394	0.4634594147421878	0.007835632574086964	0.15770575533732412	0.2516100003003357	0.2170391725933225	0.23702810741251035	0.3333570518658706
DTXSID4022868	6.467369191998082	-0.02050633452712265	-1.90596645525647	-0.9886995115190058	1.1674076480950286	2.2609311851064837	3.2852018082151373	-0.19958242577203972	0.5844976560700548	2.6721048768919036	-2.0174582310438907	-1.654116172526393	-0.6795856092483973	-0.6604109938673273	-0.4081449104339531	-3.0879946786848165	4.876295099920283	0.7823323578598191	-2.1659131810298278	-0.3848605486977332	4.584987102728965	0.04053973968231342	-2.374625549281692	0.9963260178721376	1.2717447381560858	1.8538710924663202	2.2089485377873412	0.014827788500929582	-0.23636373630860338	-0.8216040666957558	-2.1781560512575076	0.08966459670096132	-1.3191047562210083	-1.565523219303052	-0.2474611262088083	-1.2225842699949774	-0.3454595562979198	-0.26954993976506947	0.7225581500797243	0.030605153736484755	1.8911651061779575	3.2568558649795905	0.08502546731019466	0.7929934380837098	-0.028184144902029536	0.20905909903452624	-1.675584241577576	0.49124700422027606	-0.24580763381186793	-0.0655608388041746	0.253157521019923	-0.3156193499019944	0.3945868664853865	1.0847294359953257	-1.6617338853595989	-1.7116419586053304	1.0290349272261579	-0.6901688580820465	0.5671206519694223	-1.0026958723431334	-1.0574661363412365	-0.13425305604801377	0.3999658233004071	-0.602837368068648	-0.16836202272869868	-0.7269010874004688	-0.360280867068643	0.06485019354033601	0.28772677250610396	0.4383855979652665	0.195505517791999	1.4253276202292782	-0.40566435121458055	1.0362453052801133	0.2765212560824165	0.08669278564818665	-0.04159865701082949	-1.1474974286982798	-0.9612096846047803	-0.8103222463797674	0.1131269241424575	0.15247449110162994	-0.5841261444056658	1.1211936125420559	-0.9193856931373406	-0.24068238139032205	-0.4246209330455084	0.12251809350361458	-0.2189594080668761	-1.0575716980458414	-0.23516650797898925	1.3832753041274366	-0.5805813595655234	-0.5572682523237383	-0.22488783086817224	0.3534863638584964	-0.25337591860467795	-0.00803523647334159	0.6884428423173138	-0.051532582932033534
DTXSID30622698	-1.4856177898739307	-2.174886264320782	-3.1491452793480748	-5.425179939359325	2.3286017578007394	5.018115259864199	-0.5182826501716266	-2.3582568152241183	4.217893061134792	-1.3461907127431227	1.037689733256461	-0.2510870972147337	0.4724361363013141	3.2095490819038064	-0.6008163396533753	0.7957769442951184	-0.6342495566764799	-0.513782289948741	0.8790058940890695	-0.7928569522467072	-0.435537507857812	0.599985144723117	0.24087735749010108	-0.32427597095581945	0.6043912670667206	-0.36863166171043155	-0.9916362146203219	-0.0695028491987829	-0.1352503580217742	-0.2588292286674985	-0.3163695500818335	-0.11253870528320516	0.36837006315276705	-0.07835676483988942	0.29817977515502797	-0.2528678362795015	-0.0009918777194017122	-0.46074655699233386	-0.01963560129625934	-0.016027747298832825	0.3449307013591885	0.5224552378634626	-0.45935645400669817	-0.11853363524233519	-0.2335525599777591	0.2443616799608852	-0.5773703990723565	0.019668797999962018	-0.199842003010208	0.22995735014741767	0.03499670316458843	-0.23351988150183722	0.0681790654438754	0.10982110492534168	-0.01962123749633107	0.31518225397300054	0.24214776113773676	0.610079220938642	-0.4198575371272076	0.3496927833243694	-0.22842030243766334	0.659283064942018	0.032063105151522504	-0.07298687796463317	-0.013851726023229474	-0.4609530380466566	0.11607275326005422	-0.35024523252940915	0.10668803447803914	0.04299051549936594	-0.022267176185835128	0.39391098284242904	-0.1734620182184796	0.5857082277654297	-1.44061718768859	-0.3283062395090844	-0.5393070559603085	0.27758407698711723	0.00226378627607928	-0.028897998607398088	0.2432831530205704	-0.34597074462466765	0.4623516231577323	-0.28327720806518036	-0.6110031979808156	-0.18706897149971047	-0.20601341174502286	-0.2297692557564303	-0.16366468355036845	0.46780315199689393	-0.4228321862472916	-0.3127608419406563	-0.2287436704552248	0.022893269917607643	-0.9238531976847707	0.13271999977539822	-0.29563393886412	0.42606509437688955	-0.8820292851985534	-0.6779998168933237
DTXSID4023595	33.18847680641553	-5.795896596567971	-0.5289530983175954	-0.3901145643594828	-2.2754713619635565	-6.387897901643769	-1.110978814977317	3.452673374849108	-0.43987317589726893	-5.69787331298741	-0.47579448587463424	3.0595160236995778	-2.138449905243039	6.724813109107032	0.38069085046119067	1.0405757338913404	-1.4902227332302278	-0.6049224886601189	-0.5301325988513164	-3.297454261044004	-0.37761431633937675	-1.7896453468541498	3.2290832809024326	-0.042290370571879586	-0.3573494650109233	-2.552195589032343	-2.475351951717596	-0.3051661901197198	-1.7820267688324385	-1.2040119956105486	-3.899596588974456	-0.6453584895225889	3.1653419595977046	2.30303799629465	-2.3795014760194015	-3.4657067979366314	-0.5367194258068628	-1.922372490672342	-1.519911719514276	2.5439192084687394	-1.5835920619840316	0.38035409126192304	1.5046853093612333	-0.2970574717521526	2.0698209675011054	-0.22765129203695134	-2.6813293183192024	0.8679437383047539	0.8172447702814034	-2.287713443877239	-0.4212382046466335	-0.1421360539227698	-0.8654689406182773	-0.36339830468614753	0.24832318840582426	0.12921469039539615	-0.877634987695616	3.159859492676745	0.30558413873537943	-1.3692011275781064	1.1490609446586368	-1.3164517555166	-1.0587525480550188	-1.2286641608714997	2.1877842004563774	1.7265236987885446	-2.8481621305866085	-0.09391704010065936	-0.2645422487172927	-0.7416092451979075	0.44286316214672	2.119767828506301	-0.6280671784138742	-2.36019911966586	3.7684384094974828	-2.0203289531562554	2.196347032105097	-0.7785420036197667	0.7740252628682951	-1.782489321764699	1.860674480145217	-2.1678757360088996	-0.5253565269825397	0.14756862997055856	0.4880366107083628	1.0587474222259916	-2.424673644659708	-2.564533269488059	1.3987919591321918	1.1785504417064674	0.4532494229368947	-2.171836640330798	-1.9974508517285665	-1.1504858201449153	-1.2118665969881408	-0.07272104772561624	-0.6651492196751364	-0.4278504875607103	-0.25864742177814715	-0.22461228969556007
DTXSID6044486	-3.5002544226051233	-2.200527684052494	-0.472498153966914	-0.3071012437521244	3.0266345902254144	-1.843746537948689	-0.37238328548178296	2.45281889853308	3.261810950778488	1.4100663797992379	-2.143399714770903	-1.9366071715115596	1.856520993737423	-1.6077452793975424	0.5577063697998883	1.3706677453512381	-0.3208412144611222	0.944755821247355	0.30841782422268116	-1.080657798990188	-0.6361845816691198	-0.9356340990178436	-1.0107478256820237	-0.2443228758851482	0.13260386649539313	-1.2182230820248514	-0.3664489396635356	0.28688000686716586	0.7615705401615216	0.14475671026027184	-0.4222961064733609	-0.5013948076638124	-0.182275877654866	0.1180224970302636	-0.14205680163357032	0.5249737861407726	-0.8333441552189935	-0.11448908460330826	-0.4684030146870031	-0.8094405645290651	-0.05666463868352815	-1.2823834523229911	-0.19521635966385179	-0.6671093101072698	0.06324475461165913	0.6107079480266783	0.07631461956087733	0.856698084033512	0.49411559888000767	0.3200827751281368	-0.10862225681438685	0.377370478644023	0.4821833953977751	0.1897239005176669	1.4273345581761165	-0.5267039332878025	-0.3527409123808191	-0.1565108122770415	0.9044372374540885	0.28294481155054546	-0.7537963891379049	-2.046936219032324	-0.36711740720748304	0.4282517718538487	-0.7056491905853588	-0.5173056330913937	0.17888210122240483	0.2605103913049647	0.6045286184003744	0.9566274812640098	1.1824284192160301	-1.4332649795186023	1.2498335117414892	0.8523799590160525	0.10879281495489017	0.18073665372630487	-0.016267242818257997	-0.8122566865942047	0.5125603198660257	-2.3931110027900377	0.7407064282086688	-0.05821426823750686	0.3531956820772689	0.27211102207127125	0.11886110820457808	0.6874598503235415	-1.1486769723476868	-0.8619360497463785	0.4840471366216589	0.09545127299836935	0.6878550625489412	-0.3474134210725462	0.973822560346221	-1.6792568531370686	0.05857962608882883	0.21281037809559747	0.2250574330015261	-0.1384670920008975	0.15569527013459625	0.45620558801553834
DTXSID6050386	-5.297855693965772	0.444766640096207	1.9555725372335357	0.6769124219497752	-1.0977487822436471	-0.05244019808763641	-0.06258542711170058	-1.5785377579534967	1.3524689406446406	-0.284962080005646	0.22107893935651676	-0.3368714339152595	-0.13109911748114736	-0.9073057182238288	0.24438426156345455	-0.29163965207371184	0.8906753194445003	0.12945007199489023	-0.38067898511806975	-0.6965874043553761	-0.16603355716129545	-0.6189931609008963	0.8537328357025705	0.06834543800868487	0.36747368708539846	-0.7708996461020251	-0.14957535043201833	-0.5214399843785493	-0.33713080684588237	0.16465171423823607	-0.6508532926090502	0.828203961439541	1.2053871867958832	0.2650521573926682	0.47929122332034935	0.2323778919239432	-0.3260419862101042	0.4098207329323986	0.32851473158977085	-0.06785960554437533	-0.29108759201246903	0.052385657859425776	-0.3425910411061506	-0.027695195602303647	-0.8086767432442064	0.33793299660828807	0.42802384773040036	-0.19069001753157072	-0.13650976397538225	0.10766498543626749	0.046467025240508116	0.07115035939585229	0.148389694449923	-0.16890013660579228	0.18488789155013535	0.3089971087469288	-0.08046266982225352	-0.06563916973632235	-0.44042414786559086	-0.4543014334261294	0.5755792640570249	0.4255512840896117	0.1619006807384355	-0.2013699152444628	0.14632418144819428	-0.28355647638833376	0.21388729839208484	1.046439957395261	-0.017642183978122502	0.1159860115076049	-0.10499059844147779	0.5150758015802105	-0.6806520561770497	0.1789098855302122	-0.41279319423100713	-0.10003377538838563	-0.12448492546311901	0.1269810316360946	0.10823072458988671	0.2225187198648873	0.25189723524673013	0.5418761121562188	-0.07215885898949884	0.13477304309020527	0.06136613985581007	-0.5184731879787879	-0.17221107944432018	0.6220244223156827	0.7585637832525824	0.15974310910220677	-0.3502764202618012	0.21584521160017484	0.09359167357729511	-0.13905354437085762	-0.28449522542967554	-0.2982601849177814	0.006975253742273847	-0.08783836082185696	-0.24670466318941173	-0.047900384328947075
DTXSID0022305	-3.6880479680067406	1.4566420347588258	2.632321763343722	-0.20045289878067601	-1.6195116016813542	-0.38497973915942146	-0.4553723427459835	-0.9814735833821869	1.6791650324461496	-0.08896511871211922	0.6771699758542926	-0.5582718744686284	-0.23644517245331265	-1.2816537647320967	-0.2147913037101769	0.23794891615940078	0.230797095267576	0.16572158466170617	-0.27786294010027524	-0.46984084829919864	0.19215729484881236	-0.2909427265409443	0.12541809695895853	-0.5286569423893891	0.1272513059303443	-0.5337315028409555	-0.2726228770045219	-0.2699843360163497	-0.15687500765760454	-0.106689030412847	-0.1722825306226752	0.6670719517520575	0.7509418610697386	0.340090725434523	-0.8086008171678339	-0.20096392333970928	0.016079577819173938	0.07392885265954792	-0.1644322273261833	-0.44754546906738274	0.17047325015773446	0.1392877072814377	-0.5581464516960221	-0.4141679022744637	-0.5557182000264768	0.3359541952677323	-0.42515960280751813	-0.281455306286771	0.11549663697672637	-0.00913645399839725	0.028249335716390142	-0.1291674584821434	-0.11637916840285661	0.1980942686054751	0.06347332685972763	0.34497440371003524	0.5315741937218414	0.3905091441396816	-0.3106946620912272	0.06858537585422406	-0.05403441038534948	0.5609751478824059	0.34874619415185715	-0.046347388946635745	-0.26183896244022953	-0.295392311793295	-0.23303227828416306	-0.0342261388020135	0.6053911840632418	0.76950088795588	-0.001449784310657163	-0.0024738246563331314	0.5361031308242719	-0.09296631540448236	-0.5113645476762314	0.008463142130891069	0.34344282228194983	0.7056790155441273	0.4725928964963124	-0.5324021522250432	0.22855372068748722	-0.6670237523139677	0.06518675836106118	0.24269083889297874	0.12054609690700893	0.055167160420017285	-0.5970780811987139	-0.026106601841488736	-0.1404975994093537	0.09822567949688987	-0.31078249323704177	0.036891883779475075	0.6536073524137832	0.4210032214169873	-0.43854874996218346	-0.03857629214178816	0.026271501259165005	-0.10572327178199079	-0.10196692053257118	0.15930694874655368
DTXSID0026830	-3.14965124251155	-3.210522645848716	1.026682225316367	-1.307222193205146	-1.4913758230527332	-0.5276568039928449	-1.2514963206979286	-0.6020079765836963	0.5825617964881339	0.7310571879513319	-0.07937856943820341	-0.10015732969715421	0.8182019502074733	0.04852885791683276	-0.6068598786931162	0.8597393179313435	-0.26473528205195673	1.2039337366004945	-0.46192681718052075	-0.14045873898775743	0.533595941470084	-0.3755266272183537	-1.8730328979821143	-0.5794743676000305	0.06283580220951515	-0.5127753063442803	-0.9961518798547067	-0.44610541920529717	0.5338543733648281	-0.2639434291467897	0.44957575414616596	-0.19625930734233238	-0.11680643957294572	0.04894172941121706	-0.3074294115233986	1.4755674546053357	0.2442385116674727	0.23698593652670305	-0.6880340520109506	-0.05289929317761934	0.48904808631330055	-0.5094742822166161	-0.38064412246631996	-0.32736396802531104	0.036499734737242676	0.6049369635539389	-0.2825553442140515	-0.044498670677847234	0.22100578227716758	-0.1970711047279998	-0.33740343002580453	-0.428632183168104	-0.35559225726501176	-0.025040428821851403	-0.10300734125351929	0.17901369415028082	-0.3849435942913551	0.23168220264329342	-0.4474047987654143	0.36910994739259306	-0.8095905006628759	-0.04103140814267385	0.9826169945329313	0.5114252414918034	-0.9792986948333718	-0.6002910666322435	-0.4914774149367629	0.36673981226430513	-0.6501299572181324	-0.04482856757000717	0.5331252207590352	0.0699451798576373	0.10476522263171685	0.11415039952808279	0.8848135801148544	-0.39161393851212456	0.5574950340300504	-0.31553501055127786	0.2919678501467029	-0.6897814591952126	-0.4944116180709458	-0.9258984919486775	-0.7937352436222724	-0.437848426381857	0.4694258409927698	0.8318985071160613	0.5568078405264011	-0.3073195973542712	-0.028189788961374827	-0.0847415428469901	0.7643212606333746	-0.13289966607997253	-0.3277132252838705	0.06200672658120994	0.3613189803494292	0.5320704658282829	0.0931847425309554	-0.25203139941260205	-0.21514675210212755	0.7757263199072616
DTXSID8023181	34.699545017284464	-6.114256970846973	2.7976288748773555	3.1975087328224	-6.318847186405398	-2.403107070100689	0.5828682983628345	2.4433358038628508	1.4696223934385253	-4.361452539933325	-0.7927018710619994	3.0448568290483955	-1.8734193359415305	4.349350081813199	0.3264680133038606	-1.9830785300953697	1.7062017613774902	-0.9403108162381443	3.513764596911049	-1.6308780318880123	0.30317222286123197	-0.8442878549601214	0.4494784926054359	1.1690569551950147	3.1185466861832154	-3.4741563238847926	-0.5662963057363516	-2.3321823609206844	-0.24663999816896243	2.6793841844955875	0.9415299852526344	-0.32569120985853534	1.5392800652095746	2.341793983943763	-1.876394136618641	1.3246552668426717	0.8109294406348144	-1.906634237561235	-0.0988098896408669	3.298857964190983	-2.379984935341039	0.027042008526598958	-0.9029560563230348	2.687097483225322	-4.1138952276575855	-1.1503097846266417	-1.8257310968005034	-0.3562504244061862	-0.8584296520257807	-0.3667438030116632	0.30875826975772264	0.20910992360379901	-0.7753116520610361	1.60571290276834	1.4551355239747945	0.9134379981005563	1.7289180020318982	1.7306722675485235	-1.511662299089515	-2.7051740557060597	-0.06725183961425721	0.2712149734343621	0.3587023419227605	2.6692522356452018	-0.9927119903804213	0.7665078865153556	1.5074846439611336	-0.30825410012627125	1.3081112406622115	3.0332044080233005	-2.07448563087252	-0.17152582605649527	3.413643438552038	-1.2656931076267284	3.1232723173500676	-0.2757986800073332	0.8118624400232286	-0.4699255907926948	0.21522126491120117	-0.6863522884870742	0.10583543251621332	-2.470669049832264	0.5762241231309946	-0.1046859751370955	0.17462144108666763	-0.30723749343183454	-2.1459941228568633	0.7802032073024204	0.5543951397119212	1.2993839020630484	-0.5663658853651975	0.5091909959471606	-1.2283642032446394	-1.0024718654888682	-1.6418477101545685	-0.07512125979429829	-0.5941375960822253	0.11251395384752186	0.902414450634249	-0.514368236654878
DTXSID2045490	6.2540619430839275	6.762630024526039	-1.5930839238815964	-0.20197689821235854	-1.96541555334844	1.587762618852657	4.555718856546709	4.566172807626772	-3.269204706168145	-1.1451378257487914	0.969178781125152	1.9495505122174377	0.4236161947529201	-0.6739383103086777	-0.5945424258148146	0.1896163710398571	0.7218063884743366	-0.33650480526028187	-1.7567480452559276	-1.8617145419933254	-1.7885922254103506	-0.9475555272612898	1.7510073152902765	-0.06140019295687743	0.015803507159023726	2.2959441726535834	-0.9061205350259015	-0.8154338996714743	-0.9420246141416639	0.057279218070232805	-0.7762554119807944	0.2472907351530704	-1.9091877662809673	-0.5403380657140779	0.9494154362941568	0.12819303851155972	-0.555726229063708	-1.3389975246402026	-0.48200704294531066	-0.9974357037332494	-1.6540494151163578	-0.8382741741656906	1.5717610922670728	0.33810265092973346	-0.45390942474095713	1.5024644158971454	0.8108534103212773	0.014661493485713451	-1.2052958211458558	0.1196333664013838	-0.5124496355133902	0.3294131733270377	0.2196435742914464	-0.347937125940339	-0.1591385214656743	-1.2222942513540314	-1.1457662404950693	-0.3626264583268466	-1.6500319239909162	-0.11077894224136428	0.27909804385070075	0.6112718683770052	0.03242531566402827	1.4966062884609734	-0.4176155756071266	1.8381557673550295	-0.6771394450874507	-1.3750756403871296	-0.8441173166328543	-0.4897625802967825	-0.7024011251822448	-3.2776874522400448	0.2183217744288924	-1.162464475493162	-0.02731049937509069	-0.5141138191911542	1.3622528988434512	-1.4349170018402089	0.270074421678626	0.6292310690063347	-0.29780438531533365	0.07434926766225379	2.370240894000897	-0.1272403020384241	-1.125799587732888	-1.0704680043379802	0.06869887147409781	-0.42092644128658124	-1.9614041239564444	0.7407283780904194	-0.4115802051257654	0.06756872705938045	-0.09337199798665402	-1.7183898005717262	-0.4207971968846257	-0.4149974572004671	-1.4767041098049822	-1.2639501611194455	-0.8383698563895855	-0.09096764928430781
DTXSID4034948	4.6533095208637425	5.197815706813657	1.337861738605214	1.6886726857833028	4.163881863586266	-2.8998979514628376	-0.2878154825383856	1.2590349727651107	3.1103543061248424	0.9834474406264359	-0.9323830999787651	0.15912596059576642	0.7559698295409409	-0.7136917209863242	0.14267349559612225	0.6580934229428614	0.9467353199870816	1.324913939470141	-0.46363408345489565	-1.4252122598738464	0.040977801194613174	-0.9842778326303085	0.9377350121639336	-0.24203584670819522	2.4901554909627603	-0.5762816011263295	-1.240461624336147	-0.6760121296701652	0.5859423868457092	-0.8569147436720816	-2.085892116197171	-0.45641996947025293	-1.4438746811273624	0.9364456548434199	3.5960798284277717	0.08790147909815055	0.0382813019094585	-0.8719087173020849	-2.5331605063035565	-0.10903745295342816	-2.811148680388706	-1.4627958079813395	-0.5298872558220664	-1.6322120067941603	-1.776144218021389	0.06496447421046778	-1.898761142004915	-1.416757819008296	0.021681727449389496	-0.15604206399951118	-0.12534629881257794	-3.5695005872650523	-1.259387163446947	-0.32978166067577486	1.910186545717997	2.066147226366356	-1.8767700959892384	0.7994180605662923	-1.6082849420443668	1.3922576146009191	2.01621022154461	0.3573481551107606	-1.993022048111365	-0.5891685915349193	0.18744510820899132	-1.1791864598029274	0.593589932743511	2.998161702340817	0.20520864939304342	0.2579576639134634	-0.5413845393466188	-0.025770112617071364	-1.0678477384043712	1.127172606736986	1.2320447932883167	-0.3709328130463353	0.8129814919299361	1.1985354100177312	1.0223943403010356	0.1048088158866495	-0.8954820646429045	1.2761915736044507	-0.3997765673261717	-0.850731828477343	-0.2051642071771429	0.06484641321784669	1.4222447311330624	-0.7764305474361352	0.1810506155723342	0.5975555205919874	0.12848082251663823	0.6028805508471933	0.28124466093851036	0.10652817662273925	0.49940626568126817	0.7582884918218129	0.14053070067800244	-0.4244705562355926	0.37092903958996676	0.5226271763976553
DTXSID5047243	38.22557901345003	-10.49140620110361	0.3901366857685147	5.3991745668341435	2.4190640857505303	0.29834375528584206	-4.597615023140231	-2.213549312772732	-5.209335403508252	3.7195431851495107	8.5712079031472	-3.614680994598268	4.170113915748677	-1.823216235284607	4.0499780321911665	-0.4066071133219173	0.47885930760664935	1.9447842907546684	-0.11960211702932404	-1.0260518530772238	0.12926340104250159	-0.8931399887695493	-1.2053602590182768	1.7812676923271797	-1.3560659814532545	-0.800273887036692	-2.7324133952615197	-0.35916817936702805	-1.872170049073452	-0.12863207548751598	-3.2538877343918275	0.9487717351056767	0.24345130299263443	3.132915952983879	0.5885918060251156	-1.7800276385161997	1.9573088829139202	0.07963723121811352	0.11753546539980078	-0.17716044661361047	-2.369980692048651	-0.2571342381631495	-0.5153663704238376	-0.8027973689981555	-0.17660458513746646	-0.49003600087456356	-1.1480711654595537	-1.0569937998521963	0.63678675384172	0.1934911086142448	-0.03690382242833452	-0.09072832538890352	0.2735481078038121	-1.212535527362075	-1.2082045658226337	0.956294558147962	0.9113482222980943	-2.250186824784079	-0.1943294558000499	0.8530378371599082	-1.4270853255161848	-1.5598318720674373	2.2780985521265826	-1.8583546698953728	0.8627343370282621	0.15435246816938245	-1.9537780627682195	0.08740056870555313	-0.18504432693445677	-0.3900896323665651	-0.8185603626211835	-1.8335090255517796	1.1916917669952267	2.4611776935946947	-1.584299071091162	-1.3673345193558732	1.3024489380476663	0.15358243656220347	-0.0709738620556145	-2.45066664369342	1.1891397489873627	-2.411050330671822	-0.3606134546698299	-2.4400182111804916	-1.1853825274230074	-2.347012066209275	0.30039041765757113	0.06983918582129985	-0.09217236652402427	2.27007998649908	-0.6001949635088434	0.06230557035451588	-0.02782290423837939	-0.9446088446863169	0.45080617949684865	0.3316859411586042	0.2849675028684591	0.7954854973183002	0.8718903508068365	-0.7620168063655478
DTXSID1021378	-5.301933778312339	-2.4624167944419413	-1.4538222900567033	-2.336091679951662	-0.006325669779437609	3.1206165664780916	-1.4473434566517616	2.663676940080819	-1.9439317153656612	-0.10472985766310035	2.8734039185589175	-0.854395934607863	2.081213517077437	-0.9059524781073715	0.2950582667702812	-1.3319030546872643	0.36322283199450445	-0.10802049727068223	0.03851342908290031	-0.07637575336265459	0.2785114342296619	0.2750170782162597	-0.02586999023112807	0.031530974239794604	0.11745894102756956	0.06147692936851972	-0.04083241848915539	-0.04661970505308693	-0.29383368357364337	0.2155971299711226	-0.2790258763448181	0.8360384969948523	0.3616956953136607	-0.010852342989686696	0.8972378555322662	-0.7719611352721333	0.16372564628299222	-0.4138370653603634	0.44950577093973587	0.31691309934909784	-0.6383783676447422	-0.13152440375770721	-0.4912364020291925	-0.08119570957743502	0.09325537804012247	-0.1423597630158028	0.07371547117060609	-0.7634437943221826	0.15914326935328973	-0.0775057283346699	0.17999819790309388	-0.32948940944936583	0.34267952843849586	-0.3131813442367134	0.1857462502296931	-0.08994756577042072	0.17198111072855793	-0.42036734258720543	-0.028439105508890415	0.02287691244519635	-0.5800268301178346	-0.3800957742964464	-0.15925884234294232	0.21616979886491094	-0.007245443840016284	0.24447036417604437	0.02835546331771476	-0.004237856008055469	-0.28297968087183506	0.1272846465518446	0.7729255641232511	0.3010031134045692	0.4229557723459162	-0.07630129281579524	-0.5006296720182708	-0.43196295615615377	-0.02602176613834898	-0.03562173534552629	-0.12111870018203427	-0.006543890165497373	-0.11831543174579101	-0.5071018534476843	-0.4220581525335796	-0.8709664603633687	0.5555250676263589	0.13312643906803495	-0.5578845642831639	-0.8009112005768872	0.46026705244031746	0.6272981758621964	-0.7507606660822294	0.3562689386371721	0.6627285231848896	0.7103647481762134	-0.6501111219582226	0.9502297529830055	-0.2684956470343953	-0.09089549550258054	0.19337683407453102	-0.057268619469311624
DTXSID0021179	1.9404544102956047	0.003646241779801469	-1.629066086556661	0.942149613044206	0.7284677360889845	-2.5253928313215392	-0.7710872423777376	1.1559939910451027	0.6771770670269422	0.7527397119346667	-1.5068719322049604	-0.3056823789596825	1.1483230716214041	1.5741233249925977	0.5174012907358173	1.1916177298864215	0.31636060655881054	1.2362367212242356	0.04056945675237819	-1.236759523370419	0.41938735625584994	-0.8179564183058677	0.6000592515255587	0.47324007150891934	-0.11033965098257371	-0.08162986194610984	1.4177115778711167	-0.7673337992495852	0.4273609890643541	0.05543283961649615	0.42737385526796023	-0.5730896731488472	0.2537457864870052	-0.5787712200819543	0.3161920529346822	0.31727660210157776	0.20947960598611237	-0.041415307422031596	-0.4018216924821369	-0.7795162116919603	1.0704322231687065	0.8945230504446239	-0.30722921030734923	0.591550046683195	-0.024916286529221884	0.7314709358007089	0.17375719470955847	0.19244732400605677	0.021518791367982616	0.2764083675464708	0.030741783799495076	0.10438713171108306	0.19557634712421493	0.4320825615711617	-0.2287995663068841	-0.3465471413962142	0.20568610579765487	0.3163312843904768	-0.714722857524495	0.7432747147574424	-0.7635504948492939	-0.02075701005944212	-0.0667728427809167	-0.41727673199004456	-0.8218158527357126	-0.5193876605049325	-0.7879825399698829	0.6561981634244942	-0.9448251328333828	0.7226543833159821	0.1943417678431074	-0.021482946659154525	0.20761164219060946	0.7442230812459827	0.29703872287224675	0.7375604623652682	-1.3260755813651035	0.02729241993615724	0.08747606962357052	-0.8074404573392135	0.1611241985718349	-0.10591472287578135	1.0119448607078543	-0.1041589131326324	-0.3218087153767259	0.04496238965720806	0.8447151808278462	-0.057173572437468005	-0.9871597254572483	0.1491674549330346	0.9286366571324094	-0.6702127124758531	0.3656400863257504	0.22081359507428786	-0.31943879739886205	0.24879988777671289	0.5542404671347374	0.4088875442370664	1.023045536312004	-0.5077835152068454
DTXSID9047178	7.6629708694920335	0.9051060181299035	9.62039635725285	-8.091192110604622	-0.4397224105074561	-6.553413334087012	1.23555337251252	-0.29417051830088925	0.3804513639824822	0.6378713233007778	0.3839312383211591	1.888265361784244	2.6809328670172836	-1.889641554546648	-4.42662394438755	-1.8445749393269941	0.3671550270730667	-2.044496566612282	1.048139229770691	0.5291777005575323	-0.3240725113439313	1.0057622409347897	0.8792127190092359	0.14398027286820037	-1.3684146625874452	0.9173974298477117	1.170888207808012	-0.019788630148239776	0.6988887124667267	0.7669601024724219	1.2774927048360314	-1.376047680426743	-0.6454399642381495	-0.5944549465896858	0.40496819573792014	0.38451664039415406	-0.5128186111086482	0.7824412188375813	-0.33786240946552826	0.5973169233918851	0.19624027153811904	0.5245175542389235	-0.37390552731177723	-0.04409322721828135	-0.0553090305256529	-0.17531968178736437	0.581393781244729	-0.43128395211873083	-0.07085651638239673	-0.5896878590777408	0.16133332324439964	0.005463195760891265	-0.16562062451978923	0.1714279556258975	-0.47970796125171106	0.17968897676262768	-0.23096423206049838	0.38259255175439427	-0.007755330636196467	-0.6074143544639005	0.5657199511822191	-0.356433747269312	-0.2792887473018612	-0.7973283143886285	0.5712766757923303	0.3467740719151381	-0.9652835330117289	0.5649293454646014	0.1425159965639338	0.7547624250724616	0.3758527917746134	0.15599427473331362	0.7803265525912474	-0.19277719572437219	-0.028568550921187277	0.2317749323189909	-0.5085197624856052	0.1779375969274181	-0.1918505095854351	0.19175231211209312	0.8160402321571276	0.2176345195666132	-0.0069683844626618145	-0.24383953542459127	0.20324766497898772	-0.24050272668140205	-0.4651077374195928	-0.6998431893875605	-0.09799895200684407	0.4707893389654691	0.014039493601646398	0.3279314025306923	-0.2283802364316953	-0.3334467700192206	-0.14227098602355356	-0.1658473071849051	-0.07778714575501157	0.3802770257848578	0.10551346888508038	-0.5228356454756145
DTXSID6023650	7.447097178329412	-0.47932850066642857	-4.280619552410638	-2.5638974628761626	1.8789450002458525	0.7663824528722383	-0.8202246538319408	3.453331681722784	-1.4901587676615917	1.0175922006659068	-1.1096299880160672	-0.03027631887353467	-0.47548969969641175	0.19456723695958994	-2.6918149747164763	-0.9059388217379454	0.9204519384069565	-0.25032603948147936	-1.7289736795297452	-1.0463516547450156	1.9947499394635853	-1.0402789147542408	0.6526952132350395	-0.19683799232295335	0.12363262896466466	0.6354230346078875	-0.13505770599600045	1.0154855601517627	-0.8588058954994364	-0.899492793775968	-1.5404658820301973	0.020396989764098292	-0.541905034260582	1.111339272544433	-1.537061052333735	-1.4822187928729669	0.9577006862737117	-0.05721085922611303	0.22719092306362038	2.094998885083289	1.6289864914828094	-2.975921051974926	0.6709650472472083	2.327597221393268	0.487746687499931	-1.7674830427750297	3.5822721262070543	-1.9991148693443141	1.4822963099410378	-0.8918892153597571	0.6418527704101228	3.095565200459632	0.7584428627570439	-2.1113586089868033	1.6065380971219168	4.0647530341855465	-0.004006141915898728	2.2156751668639436	-1.9604533041992267	0.9590062979486721	-1.2850621772389594	0.054259841339499196	-2.54144968496115	-2.788475854448291	-0.07213662916396019	0.7789995385523908	1.1266450959306196	1.1406547270019955	0.6934836358068246	-0.44828895000789576	0.1345804543647931	-0.6032946630261641	0.2015742333069193	-0.1243439581429836	-2.258419827846826	-0.16389673816328906	-0.3924958314912879	1.816631143947632	0.241027835428419	0.26850779481118753	-0.3959053533455025	0.8657091333540726	0.43677681791813433	0.5242589954008453	-1.1477821045355212	-0.7897609197090394	0.2017194219668835	-0.6128678076638856	-0.3367391745034081	0.7686026282106838	-0.049646569116776645	0.8305620740013533	1.518997144944577	-1.0418911281526486	0.2386156911204981	-0.5869062984146848	-0.12387176718837987	-0.5757765033097575	0.14114065625185898	-1.1473272485175054
DTXSID4021185	10.228968427817454	-3.810974910564338	6.755594288072061	6.478361282180273	5.898514248642706	4.193848602626415	-1.6477609767723005	-1.1620808192258822	-2.2207977844643243	0.5262463020843712	0.5969572529860886	-1.0746076696497802	-1.3751475009327199	1.0169874441297377	-1.94882772708277	2.582133241973283	-2.0325056615280905	0.6747446499706143	-3.129259337412038	1.3636940245566003	-0.18652892673386465	-0.39995136149334676	0.40127530824183966	-0.000398048912885333	-0.2840455798201024	1.3405056011171281	1.9878434369499924	-0.563909127333182	-0.32681094241539854	0.7726229767720719	0.6536808541310968	0.7177695977441813	-0.05927161018597662	0.02416443586273526	0.9120638910661412	0.24069752828795302	0.08780828491144117	0.08106400577083127	0.1373123856598121	-0.23949001342081125	0.3830098834952889	-0.04327366152187731	0.10425179646813948	-1.2585001546038037	0.23315965602186792	-0.3407720911940148	-0.36911201497480234	0.7490593405131692	-0.1782020922680774	0.21304548432387813	-0.06108037620229013	0.48246509359075135	-0.058334116503173765	0.09009395691191566	0.21284168011264246	-0.337371502078739	0.8975269315575197	-0.09310026626840681	0.1126293847952912	0.12651607390933486	-0.6609613561684782	-0.8466431458325396	-0.7334642361680033	-0.7174924970279384	0.0670857851863697	0.5907185640663033	1.4492348721489767	-1.0738152286235003	0.1507923026344255	-1.7244445722392652	-1.3585546162059527	-0.751794868278255	-0.34297249227859555	0.18943851212584845	0.5101875050319478	-0.5210301793199694	0.08478913969908958	0.08390399247724156	0.3198327998132267	-0.022836007572721157	0.06128022359006456	1.1041133849683664	-0.11016486793278117	-0.04128411700480214	-0.2589820858062871	-0.2517060653548959	-0.17507886821180837	-0.6942633569786711	0.10043633310073366	-0.32378085578801374	0.5237962673666848	-0.4617702014402165	0.19134316559623096	0.5529546957359625	-0.24676707511055848	-0.0837465898587548	0.8857573020187854	1.03443718582114	0.21054450205699976	-0.5366057042148441
DTXSID1034769	3.0963131909872152	1.7389668462878574	0.9674529125493062	-0.4795323837329613	0.15570843861870887	-3.0194818880207333	-1.8065539793543475	-1.272567299594265	-1.2823049551344547	-0.9826079659546882	-5.142160032516786	-0.018141941385465685	5.88885637468459	1.1571514775952934	-0.3623294698865905	-0.8319674989075894	-1.180005095893375	-0.0723215196291079	0.07905648466538061	0.42742423036152033	0.6864543195733012	0.4492429142821323	0.14553504477537108	0.5188625983234166	0.11041638100575236	0.24204144369459313	2.159471487561251	-0.009061870567591293	-0.021457323908069398	0.9529344251294748	0.4436303766153099	-1.402694053851685	0.6692448303301636	0.3913095291103925	0.058340799012996346	-0.22163517161243998	-0.6736006461642189	-0.35228079800684065	0.5626804689277707	0.40480800466215977	0.19205651047769304	0.9943073264522667	-0.558218662932972	0.7174266823361132	-0.544473095020662	-0.016902687161650186	0.1433522500179226	-0.6127151914156315	-0.07345757268376653	-0.05237183927865134	0.36351105974995507	0.01661842631244228	-0.002093608997312549	0.6308349031543633	0.5804840737330768	-0.5585982102337608	0.4767059045190172	0.6160056931967735	-0.032289312819480394	-0.4157423054522748	0.23249580422142	0.5466229207949288	-0.7801659599176941	-0.9406512919227552	0.05085505947782244	0.07287465228036993	-0.2095542105629909	0.20159868288765928	0.6442059481349081	0.3458246891343561	-0.06802421346596262	-0.6476600667241866	0.3189457824533556	0.011312942685246559	0.3610041382108576	0.18453777882135486	0.025966914271276405	0.10159587820124834	-0.2593245467266986	-0.34503213605296124	1.037635660828866	-0.9989877865928944	0.12063821053643688	0.247955506845725	-0.46363424390256025	0.19070903333354783	1.1394358571195704	1.4712084353974282	0.06068737189679136	-0.4089667426083829	0.08682191858808554	-0.027310847410742342	0.8786073350390977	-0.14000757591377483	0.5083704749756165	0.8109731477629293	-0.3555734209891964	-0.2505992590180448	-0.3275631331971359	-0.2339795287943651
DTXSID7045572	22.559606952410483	-2.9913564719087073	9.18912589641219	1.4244943840252071	7.937871676576454	2.5398614761304477	-2.928113167271841	-2.1538528709129316	-7.186132991450592	2.6187620581842386	2.5512669306132914	-5.015482090317752	-2.4796873534291155	-3.093831788097972	5.783467385766448	-0.3384508931175853	-0.8739643187277203	-1.5085078779299674	3.5847201811376497	-1.0429656730643464	-1.86976583647445	0.40043838370119095	0.10813915717381227	-1.1223776345845058	-0.3405047550774218	-1.4579095583800665	-0.8238738464536964	-1.4187824882204445	0.1595078918196169	0.4915656205968259	-1.2526111360048775	-0.7007202811046825	0.9410369147249804	0.06764755934024957	1.2494756887420808	-0.0501038315703734	-0.13718244502104188	-0.2279016457900857	0.8803445996659448	1.030899505668415	-1.2582688187160769	-0.2217622098063079	-0.9094430348900042	0.6858284535697992	-0.30462410509393273	-0.035348081961117196	-0.8275149050036296	-0.42447512437634066	0.894322836212471	0.7992452368014146	0.2506218976486005	-0.29454860399747507	0.5901716148589441	-0.09412219717851326	0.24037170124343224	0.746270786716232	0.012154924705756453	-0.9256410703682678	0.2964809000490568	1.3568052729729903	-1.7001448354491	-0.5365772045461232	0.8184669297973801	-1.1788176574356142	0.9438056937653001	-2.080257223045721	-1.9579343172579584	-0.2023119641241424	0.6619178847389737	-0.0781408406272958	0.3272284320574346	-0.9234406482179974	-0.3746499118316737	-0.24079184439029433	-0.6438130362550327	-0.33031958503205183	2.1060582579107896	0.6965710743071766	0.9138415722172097	-1.0724671421512584	2.120273416515253	-0.9872386798459255	0.3853463017700039	-1.0956094076146794	-0.4281982882861007	0.247057758097914	0.5161348068347719	-1.911139587184881	-1.4877122242255916	-0.5588955507570813	-1.6099258402703975	1.2720908640130613	1.2451160273024426	-0.6574228025704365	-1.5834344341295756	-1.0737983747680253	0.5594975185187935	-0.20734849458360669	0.5936279346029883	0.08697135007041462
DTXSID1032569	0.31998584097991223	0.21714909082754164	-2.1497571069814363	0.9083864991852477	2.063127432330039	-2.3752953092049305	3.677895042812387	1.1598508780660512	-0.20437271310449615	-1.1038579129770703	-1.2112572286861303	0.1536161407683493	0.4721991363168895	2.9616442645532417	2.329140485371107	0.43645237638167556	-1.8531731599866503	0.761607718297017	-1.345822760189573	0.2863737478594812	-2.445491004892212	-0.15875811737152937	-2.083911214607281	-0.4386096045127941	0.9079277573229612	-0.7426424066998788	0.3279626204187927	-0.8874904078797968	-0.01244601936723566	0.5304865753236235	-0.2295949580476469	-0.8519255415350419	0.16850780383560213	-0.5421934561612807	0.6962093582249218	0.23625082639326056	-0.8265947764236286	-1.0856914932494675	0.03795056862302713	-0.0903121378532648	0.44341786247929055	0.6598280619017379	-1.1140412547594747	0.18377389488229529	0.8119263082577767	0.4320340430960623	0.11897798972081439	0.5999421209543163	-0.18090098702201224	-0.08929722198797707	0.0671729782982674	-0.14620669946672968	0.4395525955356772	0.10170173990446135	0.17007623529353966	-0.4775943665857229	-0.6760783588475359	0.9361929019419736	0.2685319470679743	0.6336208461405771	-0.5352022277339762	-0.0018558636845305658	-1.0921792188009851	0.6525850387533425	-0.16668172808350173	-0.39599408944954595	-0.7898144287091358	0.5784747831098478	-0.9873535340622542	0.7122294783166223	0.41842084688647707	0.09711950427964976	-0.08745760081712743	1.6053262553425298	0.4367906449883489	0.779354364290707	-1.113459533848053	-0.2016736483391199	0.6710631691277114	-0.13620956473649576	0.4836104788961048	0.6747867399242868	0.19851712932656193	-2.1801041010837032	-1.0036427003143316	-0.32789159096115805	0.24053005870537997	-0.5779811138126667	0.5093830514426372	-0.9009140173480313	-0.771383148496188	0.19261943877266988	-0.4782430486517474	1.0408577658868834	-0.1389788648305554	-0.22667633015733163	-0.7004705709880339	0.39833220948672854	-0.20935646433606114	-1.0658332455548625
DTXSID0057706	7.7107520897672135	-2.3504050039950135	8.342652381503303	4.735263331815561	3.6649013667351973	3.1680671157782	-0.1724962205090999	-1.1891113449182427	-2.3199644584168486	2.132039089158894	2.289591572307179	-1.5550927409965747	1.0739120091401297	-0.32911757068591085	2.5190943939526607	-1.068340468136711	0.30129064590538374	0.7858543565343472	1.3938952841341694	-0.16724436389079372	-0.2114767561702493	0.6799996523391104	-1.6301101274376995	0.397296254000942	0.6450005861970453	0.39689306399796265	-0.6201002950815115	0.2757403919753391	0.10892791774862304	-0.3428685847689536	-0.2115996675613071	0.13044220005528598	-0.8195476237063795	-0.02410516339053122	0.45931721525399044	0.022337740630328243	0.18813403869920559	0.19749495332221875	1.044150376844605	1.0228476312363073	-0.8008466871434201	0.1651089369838518	-0.48514853458650364	0.10047525574264388	0.06474187950266859	-0.05758938625499588	-0.06381641728712883	-0.04472316652761661	0.546168498914829	0.20685576752807017	0.013102478258214952	0.11712181622783382	-0.1592683161817091	-0.3883835627969331	0.040856430324564944	-0.47142715622057135	-0.4164563648694277	-0.9029447330673845	0.13361712996540673	0.43532426835533583	-0.5656113700663375	-0.5350221818116351	0.4037913541689888	-1.0560733641637334	0.4647932846786486	-0.5761883047997968	-0.08844389188617988	-0.9068318195450111	-0.17730544397045206	-1.0347603571509383	0.275589583126726	-0.30958777979192165	-1.0647558511680983	0.22192259020001534	-0.38623415001173766	0.08130292117916334	0.8779208820510693	0.5472565383181625	-0.33287298104727703	0.1846292161084526	0.6902188829086352	-0.8248772073156188	-0.7104595857837345	-0.17161028081290594	-0.17978098484584662	0.2956401002678722	0.1206764640184142	0.9738677098901884	-0.03212179033910157	-0.047042191921096335	0.1850979456060767	0.05878532825661813	-0.43850308037714764	0.06340967794871377	0.32446638833573554	0.2905680348153157	0.16853645227948993	0.4716989481947757	0.2662592082122222	-0.4493258042272747
DTXSID8020331	1.574466911834734	0.6601868393581478	0.5197795741054858	-0.01627085142006687	-0.646340073969468	2.6249144778171427	-1.0623539527054564	1.9881105598692295	-2.1607678928823026	-0.6690799570426125	2.2169487415216778	-1.1040110087339963	2.2122455918130655	0.44743657585106644	1.355251437161553	-1.7534384319581917	1.3915148096993144	0.4960315249835127	0.7211675782588239	-0.4823937209419243	-0.23417746763034067	-0.31111911602315656	0.5118285767273028	0.6749903043996842	-0.08126944612526535	1.2793046454325727	1.1483700751532824	0.43668177310073003	0.07356943011440789	-0.04358231742268257	-1.0758103180118352	-0.328069181712356	0.5268770947124589	0.6610533168207439	0.9329001793251875	-0.12915674373573438	0.8656809995631162	-0.48727108351351206	-0.49367717157527646	-0.35153458964648726	0.6057187245929933	-0.35854685312359413	-0.3122681613045102	-0.10607049799135995	-0.2699662629798091	0.06859668350497476	0.5705031485668062	-0.6867237095835841	0.06469885782457054	-0.8247556627167167	-0.0006531844736297051	-0.3268649298002995	0.4947578471717957	-0.29124571656740594	0.07892960078235037	-0.3636476953859951	0.12007341818954914	-0.16799409460934833	-0.04815819102355969	-0.3797110425487739	-0.9031607519643462	-0.35863544318684804	-0.17787803206393327	0.06973758743347895	-0.33762843953804966	0.48718896396007644	-0.6486708676048126	0.6318470005156598	-0.9069362684926083	-0.63000743391423	1.0143091720306996	-0.8689776434876939	0.507972126654118	-1.0047143856559728	-0.8319892018208535	1.1480063525139608	-0.27792970280138707	0.5154246370647954	1.2880457368528764	-1.2198222714715186	0.2913518431621983	-0.010375826713069226	0.06525293903459728	0.1596546119681335	0.2009895314824225	0.01907664184669911	1.1206000307173916	0.29344660209238715	0.018314151513642563	0.17658573296612706	0.24008103193327776	-0.9532699746459734	-1.024016398695485	0.7779794452513745	0.17799071010914616	1.00931652951617	-0.36788448536150403	-0.5008531873048334	0.021410207438763477	0.8564600268122758
DTXSID7041625	-1.5616012398518235	-0.038825520070615925	-2.653705162881563	1.0406576703535373	3.901864687347524	-1.4801273109761286	-2.354288440373178	1.158882817292995	-0.2418145995182146	-0.9550527884700494	2.2342939039731635	-1.2734318232775321	1.4823072486209203	-0.08548836596001755	0.9258123264379075	-0.3809609077267337	0.8716067336157142	1.0611552702637967	-0.5344219255905812	0.26599755101656497	1.3772817552845924	-0.8634034141040137	0.23853221429697935	0.7610790068536594	-0.04981116360839975	2.0387837459367235	-1.472231053734058	0.02821007536141337	4.950007787317656	2.8274830415367185	-0.33332647058988407	0.8493580429825911	0.8746700806763748	0.6226463181411093	-0.6457493139628887	-1.789850566384195	-0.8682367644318704	-0.41788564886983537	0.6466276182949465	0.4039122257781551	-0.37862864927446727	0.11285322856604343	-0.3266956673752046	0.4399943055952323	-0.49348267867908585	0.16057343915882635	0.6235056088328192	-0.43411834878664485	0.20661010972138824	0.3016548379290937	-0.11296056114532231	-0.25333416516138096	0.00826735165536059	-0.38684109929375443	0.22549097009403465	0.4385115555196274	-0.2824835137035514	-0.49657872442304574	-1.2163910411654901	-0.8580310719020198	-0.05686613288053274	-1.2214529228603743	0.35532095410108	0.24925600584294305	0.29917032932782406	-0.5972805151770167	-1.0287908291455279	-0.004806866932086614	-0.28351462099452435	-0.27434390323462693	-0.007868413478053688	-0.8433259185368678	-0.06606875057628324	1.3641819207220143	-0.3591089973725445	-0.38927302617403314	-1.2833822569495508	-0.6995619422255307	3.929054219568857	3.1523163808716053	-0.18386206593029858	-2.346186225995393	-2.009915827433204	2.066735880680053	0.42071246829235304	-0.9173479462076746	1.4207838744777836	-0.3437875351289262	-0.06857421157522493	0.10308790454769685	-0.754899519774229	-0.3712428483482538	0.32969931194339963	0.2785929271756755	0.3894584366503072	0.9818440578133443	-0.2982645752448742	0.11650596772838515	0.6134724343252952	-0.8192631978100492
DTXSID6047288	22.41261321190258	3.217020200333081	1.3528201345670523	-4.424468606908173	-0.6285109668775848	4.113230944579025	4.777620152067633	4.077402680656019	6.4471017612335455	-0.9704517102573356	0.07198349810704033	2.777127778455082	-0.056589111722003586	1.4773748281953643	7.436106461957854	-2.4066428603481156	-5.080979625946124	-1.944180212385708	1.0695931289969247	7.106696894080779	6.045482047959629	-1.3198826122198442	3.5700541467207296	3.562487279723995	-2.3596548562592634	0.7775257319185317	-4.848842887426411	-1.8776331542628748	-0.835240294971522	-0.6365326356235126	1.3906340088375861	0.15401532303403118	-2.271188297519956	-0.95702720150177	1.372076690428819	-0.10832558477582181	2.234517562514079	-0.6336275429690084	-1.4456409592336539	1.1896326539445987	-0.9963281485342054	0.3440292793631187	0.21179310238776022	0.4227234145792025	0.24442167174794668	-0.6895746520938654	0.5127474137119163	0.01874890311533043	0.27680200501212865	0.09329655038403198	0.11271954464783811	0.24476817887315402	-0.6961875440156701	-0.09221832484450622	0.31763131414174134	-1.9287608351716643	-0.6807899342153916	0.81712049993602	-1.515307180073153	1.0495040240160474	0.838472117540513	1.3284267638766916	-1.364117703005916	-0.016642736052667747	-0.8821370609426378	-2.619179634246406	1.9504260062522614	-0.556414347559951	-0.4044460366832364	-1.2226525961895596	3.4847294213148436	1.2825848546885437	-1.1011878955090975	-3.69589644185066	1.946610491372137	-0.41730860927029234	1.116694792567472	-3.283222856296183	-6.088970636964048	0.3028159332530801	2.030887797784689	-0.9814424179469691	-1.5459641270442028	1.8475168539378608	4.4110358437687855	-10.3320545115472	0.29843370724342344	-2.8123413956696774	0.513544046449205	-0.33231288433754436	1.8466946349661209	-2.460004583820773	3.333739933531161	0.8394147323574144	-0.15661626469464562	-2.797359830051913	-2.392438603780161	-0.24500540980518512	-2.3912252976054416	-0.8541310152139391
DTXSID1049069	34.10640486879166	-11.45983427323315	-19.30334872288929	-18.597433007021312	3.7168363010916865	-0.1968662270622087	-4.324828169838253	-4.634257492023969	-10.414643243364731	-0.9939838940412346	-10.552480634996643	-8.353707217585951	-21.002928130079887	-8.14495197035219	8.446374087408934	2.742316601518052	2.1848353889176844	-3.779461853427652	6.595661161666832	-3.289408222376428	-2.5418159528077737	-1.475906374105879	4.234456801657993	-0.8202286281373867	-1.9801187394597592	1.8977902880994466	7.447898894454871	-3.9815509241559495	1.4919664434218487	0.5144019866260572	-0.6018041251754596	-2.035763121591777	0.7567254294077946	3.0330626110966685	1.2261299247747786	-1.37130346796245	-1.231257875751406	3.5691778375013947	-2.1718057273765408	-0.9052338642368709	-0.1435639878086709	0.3539336286009802	1.883831713343514	1.328781595453209	-0.8216183367596063	0.36241918112496263	0.11284320266286847	-2.119248315940593	0.5231565152807722	0.4024336495703393	1.178154193995546	-0.7530571664886135	2.4200060419634917	-0.7497222882646796	0.46658928298162095	0.7398573311876496	0.8210961130734415	1.4527390530796853	0.6564141338118694	1.1734659047145024	0.20354078176126023	2.0779292940248117	-0.40816733538833433	-2.872887169055508	2.229692788166249	-5.67331035810971	-4.971639896649372	1.6856984288561072	4.102815166454661	0.6114125536022863	-3.6909869167448957	-3.2659474492057026	3.626710666750914	-4.986656910843047	2.6443306304969276	0.9176424284051938	0.6787992118348298	1.2120459257692868	-2.1104801009767016	5.0398452038985555	-2.6456057093180436	-0.9167687093600022	-1.161301349592	2.673907665912969	-1.0972253182161067	1.5092380720887137	-3.344355560793576	-0.013711785815891398	5.8777826944592	-4.696189236721928	1.7120773050066307	-3.1710518365404816	-4.966988925579988	-1.2336658162764051	0.13450657162191051	0.9861993762761811	1.8240753899743918	0.7688411809131628	-2.8468815712318025	-1.6990257301196672
DTXSID5047584	-0.6807575461336123	0.9684900283318063	2.364358291091183	-0.7488992496096263	0.17596791837456643	-1.9137926040683515	-1.0526036505631382	0.012370855606334262	0.443025729909956	-1.3400957735212498	0.1694923199393269	0.3086500602482883	-0.7344559919239507	0.9907677236290791	-0.6579662381824437	-0.011472052838090224	0.41486881327068	-0.32887631362131703	0.3199566641369738	-0.8809267224861431	0.11440251995236404	-0.0991212372436656	1.2532974024050312	-0.0012438169401372482	0.1686334094062242	0.6708023632543842	-0.20277332480739263	-0.2268821380261448	0.0372477369421985	-0.4002564462990738	-0.39016030547959474	-0.3487574697794083	-0.8944175529652165	-0.5944777366990687	0.356727451716723	-0.38757722245132026	0.2983417720111854	0.5120486266569005	0.20212581385853576	0.7562483245752779	-0.24573552701587786	0.2303930687582224	0.1073171654723339	0.35010239585166336	-0.43835922423593743	-0.27205731854717047	0.07506443017207212	-0.23529965425304863	-0.05973240382090636	0.3332708646790462	0.1841674471710202	0.2744664521403853	0.33336695625070883	-0.33301951220702847	-0.09546656378085039	-0.543270992576953	0.13368905132558062	-0.1996343595301781	0.16537894094702918	-0.21155090437413257	0.503053957274905	0.17891975822588208	-0.20376153384370332	0.2241900382767072	0.39610025659297426	-0.10438893263233914	0.660818057126483	-0.627102758942536	0.24614950291483514	0.15239688056309153	0.21496414751945203	-0.2537461768214897	0.15518610361900953	0.24289921869812636	-0.7340213808355128	0.39422818192708736	-0.007586707858292419	0.26404714423909065	-0.11880290934431469	0.07837077377518605	0.10843432955542587	-0.40217433274672154	0.3266957463496943	-0.1195635453990036	-0.09556579342258688	-0.16265863598271282	0.1257911169659249	0.5910435575672577	-0.005388858440455082	-0.10138949922828264	-0.012203588093488767	0.253783117660485	0.2844772788204835	-0.32047131214666996	-0.3322761752978382	-0.18659932405715582	-0.026521620995732322	-0.002792314560830588	-0.33098288931254444	0.130030912398686
DTXSID4024303	-7.069554538680539	-3.2693689821916885	-1.857472251676763	-0.17534949284129325	-0.9350305503126687	0.35791248837568385	-1.2485945098161764	-0.4194845184303203	-0.8438870980446803	3.7683599982611393	-0.3411972520823594	-1.726267332586782	-1.3108496496812403	-0.7924494218207598	-1.2954057506503456	-0.013618301582087712	-0.7653386232038802	-1.2072275899572378	0.44443340173917767	0.3295736520370279	-1.103316412524723	0.6840000064460061	-0.07016576721517341	3.389332667894425	2.0588761805179723	0.27842915058326534	-1.516844694025559	-0.3656002017849864	-0.44876351968523276	-0.5121364721093719	0.17193513769388963	0.35257392019707345	-0.07201814733818568	0.5102838743217623	-1.3861395454990364	-0.7607192111557871	-0.26950409070678316	-0.2240596020531438	0.3018251270388668	-0.5589730785049886	-0.2338358746371728	0.2623875927332363	-0.6517842064470302	-0.39566950656841055	-0.2846662798031322	0.10372952079489438	-0.12972896843159315	0.0650138276806784	-0.4462314812530927	-0.3546112881425595	-0.1955537325773818	0.0873670106659139	-0.8034992469641241	0.24810553358634074	-0.05009130293137769	0.198741135138983	0.24243332983738583	0.1994253388381893	-0.4088224516583209	-0.1848835780757871	0.39515282502767557	0.3370614130246443	0.20691980817326405	-0.3613986333737623	0.023774180974961635	0.7880861777220192	-0.02453560874974242	-0.3664848842129465	-0.24835369629423112	-0.5928588377306591	0.3080941856484063	0.11576151385055204	-0.29345008793515837	-0.045652208105070806	-0.6110276426651853	-0.47696346128261913	-0.8271801290516104	-0.3093939012307879	0.43421577398488087	-0.804414049738101	0.5065090403378377	-0.64751655723685	1.5634366997399203	-0.2046715369944086	3.2450874184035867	0.0997932156708638	-0.22821198079376565	-0.2793350333061018	1.2192442821505618	-2.0331925953178516	0.021451592679070014	3.296659769722974	-0.16445557365677835	-0.0838092448242191	0.34016025117118737	-0.21795260014296836	-0.9379175443568899	-0.25056863324859524	0.10548698568114719	-1.9678850210655527
DTXSID2057736	-1.7224934278509512	-0.41443686248815403	-1.4943590282997443	2.638931036597221	3.3809007450893303	-0.3374360628921043	-3.5214969377675693	-0.9045817933723247	-0.2883368966849032	0.6822430201793838	-3.098175369794984	-0.7547912335932836	2.627632151029263	0.630287094233782	-1.8344032537101698	-1.3044345589753417	-1.6395996861109827	-0.48040980938652	-1.3040217025828706	1.4313792297803904	0.02777220661042023	0.17021562198278123	1.5239049086701426	0.2798452764959534	-0.9717350023315363	0.7957409778973071	0.27686391011015066	-0.8234032112129	-1.0284296010388685	0.09293057739962624	0.9430509668751819	0.2893400719905966	-1.5264999734705735	3.18201253071675	1.2899673712795028	-1.3597373476327475	-2.378301690153574	-0.231748157923154	1.3081837717841218	-1.2962489266199517	1.809826634831931	-1.5374054804257227	-1.6317979224586705	-0.8223368213695118	-0.9987273335586759	-0.20013324577568997	-1.0734206931851482	1.1308272892499565	-0.03546718799640971	0.9229839375840039	0.5325783001004508	1.1111742151722979	0.26676170296298535	0.8532832134103862	1.0786480705168984	0.3890708499821677	0.9185462658418726	1.1564459836014718	1.2549179587230817	-0.7079102761103675	0.052778557234262426	1.4459867139709266	0.30194831655046794	-0.4932821985987337	-0.701955812290298	1.2655632360746423	-0.3718290830966171	-0.5427257086565537	-0.3799736179576636	-0.3791907212944441	-1.0595047175644023	0.5409726178196635	-0.2620571075679201	-0.7459669654231876	-0.24670980652580748	0.9616285232937591	1.0362469689815592	1.7520283934627376	-0.1600805985302369	1.0138244997177523	-1.2602819191832872	0.6075403549642819	-0.7292352040657352	-0.19717943515173372	1.024053390037737	-0.3202801868041281	0.9826327315357426	-1.1765810999655326	-0.8527526560474895	0.3913181978255573	0.1286013660451005	-0.3290035480113557	-0.4306221353053784	-0.21500687880504765	-0.0960142578124301	-0.1638665344947049	-0.5841283393974889	-0.5221640782604451	-0.03665045843050976	0.05902456076991689
DTXSID2034095	10.605702340028483	5.283383158027419	0.7998771227672662	-0.8835580354006652	-4.37455456101576	-3.1875139414535494	-0.4647695274043747	0.705513993473135	-2.7128989952167095	-1.5907487249606578	-3.157131806510547	3.1219627934935787	1.3828655247111359	7.553059104458402	4.182186503289454	4.665562080279369	1.616871912765502	-0.9317489534922564	3.6722677155704155	0.7984321939836799	-1.7402155352635142	-2.752060629089206	-4.897753884720208	1.985190143676298	-1.5716109848229995	-0.8585588703355778	2.548433218694029	1.1360893958797218	-1.3687852462835373	1.9417945163042747	-0.17368884170448218	-1.5600654189009124	5.44886157676097	3.647548469281595	0.8198813592908968	-1.7507200031268124	-0.006759084043136569	-2.2646231486138433	0.4756396873280889	0.5212369053370026	0.15222355547894503	0.11112448391323569	0.009995124548911072	-0.42858541095718106	-1.2784422440637826	-1.7013485450672468	-1.6847382448179822	-0.8462991861350284	-0.21841119465797126	-2.7689051942628478	0.3589018498319065	-1.0407342141663563	-1.107749875289292	0.5172349205299817	2.156733456993241	-0.42798977743502026	1.0373961390668853	2.206369594021698	3.222765455319411	-1.373194658465467	-0.2638320506157567	0.19538758346346147	-2.5862793954184484	-4.282484283408288	-0.27814215391430147	2.1532585561759614	-0.0010623815184196447	0.8010438373580756	1.5805660539313395	-0.05870339453014379	0.8588512330036799	-2.1193266419614534	-0.6578654957430687	-3.4931913812511817	0.9179299608217808	-1.307989227672083	0.7897927604653079	-2.361036593772643	-1.428153505667323	0.676955087544036	1.3923269492183978	-0.5635141838481053	-0.762419743670375	0.876604458709497	0.96800198382126	0.8003388097023801	2.6120615291297553	2.4908608355525117	-1.1062509398013518	0.03521752141879525	-1.4462320938820008	-0.5240277587839574	0.5411146001245903	-1.3960969353286865	1.4418185636162972	0.2934088733397185	-1.3074734252011628	-0.9987081941307213	-1.1063034813591566	-0.17300181730140224
DTXSID9047590	-0.724356571687283	3.753818287306535	0.6338100503476455	0.6475385000616988	-0.48356714720503585	-0.9698033168109553	-2.432680385837298	-0.048660844084276025	1.249867810858852	-2.061737501679086	0.8537232416782713	-0.3726355153504948	-1.6813917290664642	1.065774257309607	-0.819560017095066	0.4481565409765439	0.6211244342751272	-0.09701348135984654	-0.11335117527748774	-0.5056955820715915	0.45499999464283575	-0.26294541054856535	-0.18401963581370187	0.34604828059701465	-0.05400356236089189	0.49074030673685326	-0.43287583696051496	-0.11836667953231954	0.02403490840569327	-0.5994368084028819	-0.7741451000964865	-0.11826660987583444	-1.249523912036827	-0.3608534803504398	0.16204986006971656	0.028644312779398107	-0.28045198030511814	0.24349149052331145	-0.26976094266481987	0.4491288929744248	-0.07130270276303137	0.13350543162619494	0.18917624961202475	0.5121643768049364	-0.5045201147787762	-0.16774419872933366	0.15496826350074822	-0.508709477926993	-0.22828403870501265	0.12020938924283998	-0.021646006439325023	0.011322486713903736	0.23783812086844797	-0.49364052398354547	-0.2755633561351842	-0.3989331196448497	-0.3871685638259571	-0.06578134161515094	-0.20137757868902442	-0.49400392362133155	0.19460652803094208	0.14989729267232949	0.037843997278479265	0.9637665389628975	0.2681378888865825	-0.48797219536980074	0.2558455594149125	-0.4139095440829397	0.309959098482578	-0.5579784506197548	0.0971562031129474	-0.717022846532701	0.4530912214163786	0.6440510676058497	-0.38975359510900515	0.6571532638559809	0.4806120638407441	0.41521616435691505	-0.2929773823277274	0.18135869901441384	0.589369345927754	0.013793752740403939	0.011318125218728865	0.09721900970375368	0.19418937895506092	0.35710744717990367	-0.08908550054401893	-0.18851290796172587	0.047506642612982604	-0.18843921698556806	-0.05417391289449296	-0.052534686658941676	0.04900332078700986	-0.05115306743394428	0.3336692793567897	0.12795274118370945	-0.3222295241316161	0.11672377194965375	-0.06606517579221852	0.0365381840426085
DTXSID5047451	6.654477373444382	3.4279174915231625	-4.21317503144827	-0.8276098153924946	2.7423377413758723	0.31534341057614773	-0.4021192725229709	-2.0157005965328407	0.491873863541152	-0.08187613216249472	-2.131832166575076	-0.5366579092297572	-3.0339574256780506	-0.4628414917455467	2.317528299935848	0.416882786272712	2.677756170317679	-2.3807874898165	0.2057652710909219	-0.6203112392649619	-1.2734401105067792	-0.7458665276444596	1.797427129829516	-0.8075330779853186	-2.3757193170598274	-0.2189786082169756	-0.350705140546749	0.738199648390176	2.194966621941858	-1.8168608596396878	3.750539151562932	4.376216138814388	-3.3471600721382684	0.8935361404439633	-2.661611002358795	4.157034546519906	-0.5372245878247748	-3.782070503717463	1.8008515787496797	1.6461308070820497	2.0756352122967794	1.0421158058131943	-2.0721385197879725	-3.55926594845705	0.26145091055288816	-0.7427730693490686	0.2560407513824303	-1.8754845187710834	1.1863571535869286	-1.6181246271673293	-0.9533551810314906	-2.8181707584367524	-0.2959515532862469	-3.4064249592122273	1.0423168915914098	-2.496952469503324	-0.6046044294253663	0.9515980035745165	-1.2218037327450486	1.8632962309345489	-1.1369706157554935	0.31506699666613275	2.379736255686069	0.06849444588150644	4.816639659437342	3.034400931444962	1.857254720409044	1.788444586782095	-0.1879022095330082	0.6903747932255827	0.3397482908553192	-0.20904793659302878	0.024211557198905585	0.2319864340213517	0.3491424315887981	0.23812683855205502	-0.816304453758832	0.09401009828048974	-0.9424832461449183	0.7246729684115777	0.672183238683614	-0.5834870764692066	0.11719616985376238	0.298443358277157	-0.46707237691811243	0.4087377107025113	0.8035004335247209	0.3783946398853243	0.839606823790816	0.3099506523973225	-0.048975523557402575	0.059306963872301846	-0.07585331522675379	-0.5791713643968716	-0.5695816593054197	0.42557842600458123	0.110298093470867	-0.16374963910070336	0.15314718384226464	0.5371377586124518
DTXSID4046022	2.0959879800145704	4.014616350163946	-1.267454146181241	2.534632969311557	-0.8983845765993617	-0.09668576497140852	1.2705473737786612	2.05890202632353	1.184684388118466	-0.4163611076779421	0.03313918568344775	0.3735973177112902	-0.5232501866542276	1.5327385625617693	3.6009159748679216	2.1150055329951276	1.4331599495415865	-0.8348464788969381	-4.050532801430015	-1.3881271067546517	1.4265966828824583	5.377332296254239	0.8257873597842992	1.7730205358130278	-2.3943594193452205	2.1896032329481523	-1.3225547140913143	-1.6632822377293968	5.793879518319357	0.7410137287720276	-0.5371857932932453	-1.6733715715007096	2.2853981622014015	0.935408987354708	-1.1129916425870063	-2.268074407749701	-2.0365672734391342	0.33120049669742446	2.342231478304313	0.9036519948860977	-0.5303612983852628	-1.1791023640592064	2.623925533545084	-2.487534455192894	-1.9590703045061113	-0.5050881383663605	-1.046103273852563	-0.8598561837609424	1.0945729737831125	-1.7111056541075091	0.7640275666707119	2.268788729690228	-0.6835565586077015	0.15602990414901158	-2.9277583189707754	0.16849942353417346	-0.5764618106871839	-0.5781006670756003	-2.4674563376871577	-0.6728657497892901	-1.755859521490575	-0.47926138726587414	-2.3351158308509903	0.6204853068049305	1.2226940403464008	-0.5431642962546173	-1.0456189903730655	-2.0355942491568717	0.43722398980233357	0.8775116860962863	0.3777817215021662	2.3314367043640996	-1.157757114022362	3.144281697301235	1.6849733561545135	-0.5521771865544883	-1.8763207115133391	-2.7959489305562277	2.567974648738929	2.855095344719982	1.825965375577792	-2.1553029535865935	-2.005421595204881	2.2243280188125256	0.8156193729645606	-0.21397139397743867	1.4346787677086679	-0.3804339631034224	-0.7638390974076237	0.2788011318666055	-0.9110830417508955	-0.4013416993755877	-0.7696967075034585	-0.48085212827042734	0.49893930347586757	0.4211979017684126	-1.6357940889008662	0.34836711340165355	-0.328177710544907	0.7580749656288343
DTXSID4049032	-4.26943961713243	-0.19667361122066085	-1.0791038243225277	0.4306232723925485	0.3053401736613235	0.7785024722954375	-2.0085385019894457	0.4589637704884444	-1.5966693138232906	-0.8998626073558403	2.8006255721636406	-1.2223093877547833	0.8674497778940238	-0.6297555483125837	0.9518829342110374	-1.2851696787350873	1.082937589954187	-0.04496991035349233	-0.3322183663009845	-0.30309813048035356	0.5749000138365304	-0.3583405192793356	0.2402907064559826	-0.277504927716131	-0.06597448701673472	0.2178046632557966	-0.9737654081437167	2.0985036978450453	0.04797445048783468	-0.6097978449602106	0.4680762401205027	-0.012042920632106015	0.39780883903306696	-0.7454832235552263	-0.07965049774721944	1.892676476029709	-0.2591537426132883	-0.82503409048958	-1.1205168937172814	-1.6913264631975329	1.3428514847107171	2.9502149012165977	1.180980198520024	-1.031170458452794	-2.703996155031073	-3.3287514591262726	1.5349923834574553	1.9302782503064517	0.6349450154942284	1.1315931454171777	0.21499934301181312	2.025120549664368	-0.9150035081324843	1.5414469568795857	-0.15094229083875138	1.9569725211115587	-1.2526283780362533	0.6681714987763069	0.03991605545216422	-0.39297341792195795	0.9430224253613065	0.5572836726243213	-0.3803511743848659	0.28212214341351116	0.751584377094028	0.15127714537714576	-0.003663498303146113	0.3188216440978163	-0.6540337357206353	-0.29713785320686104	0.4503498876282046	-0.5487415255577072	0.39191227825903474	-0.500643072883253	1.3935037921102646	0.23962076893209508	0.41966757890293943	-0.44888982254307885	0.8074017130025015	-0.9974446917847741	0.2587325656768373	-0.3095121771270719	-0.11068770192550499	-0.08111319594229725	-0.015079989069286034	-0.3932558712233447	0.3276659039279404	0.7413739440995316	-0.3171015336106709	0.09864854201111845	-0.040883017046453383	-0.26801396111828024	-0.7904438625855651	0.028001253239691486	0.12972808063386912	0.081932313062891	-0.3527143154943058	0.15646228822367736	-0.21121802481778293	-0.3261039701045547
DTXSID9048936	6.299382438740103	4.033030221540224	1.8852373094057933	1.3902927965500271	-0.05122281183230892	-1.1231183470849224	3.6609081541745785	3.7594507155671257	2.2034067523193306	-0.4372217516321838	-0.381808448341268	0.1504071671280143	-0.9364806353362747	0.08703446137860932	4.858219664900917	-1.0028116401304472	-2.9268658688333815	-0.4080399901985165	-1.4976667069991987	3.204672615804816	1.0411234497721102	-1.7001375196705428	4.255186191170181	0.5432363309408538	0.13190675819565728	2.280822456897929	-1.5277226579737226	1.619205077150343	-1.213731911230619	-0.7141232853952366	-1.6824004599853153	-2.377038897763338	0.206732378689238	2.7374187696891594	2.2354435474633685	3.236828472369342	2.6837172225213957	0.33946718742089954	-1.2270676355737966	-0.3554654105698874	4.631511377296029	-1.4586969353209391	-2.445841790400473	4.62657920838781	0.1383086841496489	-0.27460483018580073	-0.5654727562347386	0.8458448197434726	-1.2222664002131014	-2.238434530330318	0.305162001225443	0.476958693684761	-1.2802504640084822	2.8788557940640964	-1.1616533741714836	-1.9916490828300293	-1.2040025815877302	-2.375125658852963	-0.2310502974971453	5.121375579473694	1.6221808811183904	0.4142875113713634	0.05848497854100733	0.7889288135827524	1.2167308982585008	-0.7859760089042915	2.347860137480722	-0.6242853846650509	-0.5456077775061463	0.25456996225608736	0.8909931764612126	0.7920931862947391	1.2605247706393174	-1.8247268590102796	-0.5922217135944793	0.13509587166625073	-0.6012581856421579	-0.9187347550530309	1.2395247271959327	1.4259994155366704	1.7230678935580728	-1.2525797197949196	0.7583927438335916	0.6871621988691649	-0.7018233350801768	0.18953014239473348	-1.5183684129290262	0.6017361425659118	-0.7230620638631486	0.432990400081614	-1.6365146797666639	1.1559498333311935	1.1595881342349101	0.16134553080079217	-0.36858545358723044	-0.012349365716636211	0.4582181560369854	0.4342959191872322	-1.1894820480154011	-0.1692975491452308
DTXSID1047574	-1.0753982986942432	-1.115802247344553	3.420736394625694	-0.9896806231191966	0.6801667470273607	-1.4464621232859973	-0.34311373751906155	-0.29953967531060577	-0.004106388383284659	-0.9234380338175151	-0.46010227908927426	0.1163797355643553	-0.13017670400623155	1.043429546901445	-0.38007224467001577	-0.2344810122903837	0.8845415725485003	-0.03459547391680922	0.36651398813826624	-1.1848530988696784	-0.018618499194657356	-0.46236850961029835	1.9033375164069497	-0.23903298797132252	0.4744918627111903	-0.4856643682564149	-0.3197254568842295	-0.6654995083363302	0.013171055770914647	-0.34517781254926094	-0.27520276034660685	0.503775439133458	0.7655075366286189	0.030292980967065234	-1.1769861630806133	-0.396807934387846	0.6010412922035748	-0.4144288582748581	-1.0487799968795797	-0.8696677854196919	0.5385613917922888	-0.1910228784077564	-0.21327898161155454	-0.07978907991515706	-0.10000339386445176	-0.2480519127298613	-0.3177064078957991	-0.26213105714178103	-0.030945993969238226	-0.010976545993494024	-0.12222873077711213	-0.5815679177463535	0.15813678953360089	-0.07788292407495717	-0.0665078415754701	0.3067832174755943	0.29361871417134294	0.12783574849361867	-0.01999205615510099	0.3731096743643437	-0.4380381248615597	0.49395678484051986	0.4154077472759242	0.28104599337692343	-0.88580132616507	-0.5925074617704431	0.15436289180348103	-0.5403934253084232	0.053607058222132346	0.24974363412968145	0.0923772258091603	-0.04332733834499973	0.6788416833554952	-0.07858716774563028	-0.2893189807693465	-0.5341863958724942	-0.4910575100501754	-0.1878838563053275	0.3598812589188211	-0.13563404812529192	-0.35458511237887985	-0.20712600135262405	0.250037718945231	-0.3063683177098794	-0.20075423022940406	0.1534550226322417	0.30074131211233435	-0.14540860952613643	0.046222835859896484	0.2525180087804537	0.4565840902947971	-0.12193765840635497	-0.08334398901558554	-0.15253666357413234	-0.43341625850382764	-0.16758941622211693	0.29533828382331945	-0.20110961175224298	0.13717535304796563	0.517606111111697
DTXSID7045998	28.075784523498157	4.944910790651945	-4.533853592617757	5.490928580879737	1.1483434019231826	-1.9344298265076232	-0.6037016720364545	-4.060438683571658	-4.491558915067469	-5.004543893935053	-7.00339855427173	1.7024318386986412	8.103364717848022	1.1242321566570028	-2.2049747540683424	-0.890003475970059	-4.681031886074102	-1.3950870965123818	-1.2982326418873413	1.3671172644666925	-1.9964821937922794	0.5101541655586719	2.0240771730381195	-1.7161048390767069	2.643789437853171	-1.4158758511772116	-0.563974060307317	-0.2262782531272248	-0.4931957291257969	0.742690227511434	1.0695264748852658	1.0747287772001999	2.3465161848332396	2.086280934471197	0.9108781527094684	-0.36059647872805134	-1.8094859818340163	-0.31713659764313307	-1.29983184617739	-0.0634921921054494	-0.702907118718166	-1.1612203813703843	-0.9583999230198662	0.42171102330920657	-1.0443335109966105	-0.7478535660222558	0.4825590999672184	-0.6426618297673887	-0.2720768702459376	-0.08301494131621347	0.10703742876090025	-1.7644993345296696	-0.8383626970892586	0.09662767777012439	0.529451218559159	-0.056149401489418514	-0.6686979574509478	1.1189153417144864	-0.09515048091057964	-2.3440982151904888	-0.20634868918809884	0.8732752045255264	0.30211597900281295	-1.2279030669659585	-0.8801678302510538	-2.63167937058594	-0.1605954049901858	-2.2713100908387025	1.0760286200530198	1.3316270929357281	-1.9459878379200937	-1.738908384866172	1.1355562089947973	-1.0350219501852505	3.004991962382214	-1.9265129864268788	-1.657245366411915	-1.8142500255760612	0.4106894188705011	-2.6891219171245515	-3.4862894493154655	1.3049153611368542	1.646578781866069	-0.2143701215607817	0.22748018339210868	-0.46908619832742365	0.4962881322268128	-4.388397515535455	-4.507628859277898	-0.4868084831095104	-0.6665995989409695	-0.8006898697315868	4.337259138241043	0.9053298523919174	-2.4620718260906167	-0.6714717009296518	-0.7291674183234936	-0.5529577244419395	-0.33705804822010477	-1.7228202984454273
DTXSID3032626	-0.9605070998301704	1.0248505931391114	0.01742730239995522	0.9186448189122146	0.5585385430925461	-0.3317151873069921	0.08783975190727866	1.2406888076005278	0.3742925544941794	0.07531048874664346	-1.565636554837666	-0.28948935910157164	1.023470730512659	0.789820240171689	1.3489766755028876	0.514144973284093	0.8558652653117819	0.5089370559945822	-0.28394347155260835	-1.395784790965413	-0.7862953737344035	-1.0355734362448816	0.5602351094288996	-0.19978470521311067	1.0086615011557478	1.0158098725376103	-0.7157499496873273	0.34976823011446195	-1.5098472669177332	1.6087080201573303	-0.9391797770762559	-1.6292966753937432	0.43693164100341997	0.4883289088855689	1.0980212260630493	1.6073587728990466	-0.2952445750670406	-1.5999312354166193	-0.18799885316570444	-0.898641497892094	-0.012977670790687165	-0.7233877003153657	1.3921064549452955	-0.19509603139751638	-0.8879448012190129	2.1266663375058665	0.47825619313800144	0.32437231476774725	-0.0010838268582790622	0.003696550752756114	-0.2576446341079449	0.06764164131762639	0.7001939032530745	-0.27061644910180344	1.0004391620590927	-0.2821203716899243	-1.1660254196361173	-0.5249870820602872	-0.7990267173819737	-0.6296771317611018	-0.28097792920320536	0.5179573173145449	0.2621718758066186	0.2436691659139923	-0.6627565920802174	1.0536882205292408	-0.9951452393969533	1.2208484717851873	-1.0124607198334012	0.8364477996499967	0.3895331697339819	-2.1315705056746057	-2.3618086801242604	0.6396988919054256	-0.7676094911563817	-0.8438975620046973	0.011500333204106481	-0.17341725820292736	0.06827163045600025	0.11513790706818736	0.519067458969879	1.831189910073186	0.18892327083024796	0.17571160819693035	-0.6375690887174865	-0.44371846257348274	0.30713828027544066	-0.7878600451953001	0.11423008632572346	-0.1450416032862742	0.8075421013171705	0.0033053159589394574	-0.8162042090264622	0.45753764158192084	0.217583911185151	0.301807853433976	-0.3404395584400294	-0.24955380798658947	0.4120244757369346	-0.9946337365187011
DTXSID0052463	-1.081378622992599	3.7645969420502112	-0.7410759924249866	2.0318193492606214	0.03532522282758409	0.6477494179413111	-1.7357514644765588	1.1913961611486592	-0.1349299252317371	1.6320840933367824	0.9822203561983951	-0.3549528443825724	-1.0181417852619699	2.1476818698384395	-2.19343471311451	-0.5306824152593089	-0.5118172759621084	-0.25592724984992665	-0.7145647492290883	0.7774252605393352	0.5229018293448744	-0.19642248482980165	0.9973927341357637	0.20360603496915972	-0.25480431441631324	0.18288424925983696	0.36551876669432204	-1.6200003700124725	-0.20705321739105473	0.36236160402452927	0.909228093005858	0.18334195312679274	-0.19127493807495205	-0.4590214178980566	-0.5040982433435864	0.09367962439293928	0.1281801322985489	0.4791673528992274	-0.27003013851742236	0.5302741176879512	-0.1231829145323664	0.05181264086122057	-0.06439327136538078	0.0032225728484394918	-0.30360986371686793	0.25387758582351294	0.42882332137283286	0.40936582361617224	-0.4058342722352221	0.15118350227891497	-0.24366892343833735	0.3408878574337269	-0.26421470207129066	-0.10587475442027645	-0.12221389090429655	-0.08939560419831244	-0.023408609710093512	-0.14312245338493362	-1.2117066891681407	-0.6205003961474079	0.5243455412885849	-0.4491009595778018	0.19774898796131918	0.3999294998056124	0.2888547316208132	-0.5017834448093024	-0.1367902580539976	0.06706319150923652	-0.42248728720015083	0.03931235754008785	-0.20788274582949043	-0.40718238108656873	0.3049616070333717	-0.1911870536403243	0.5604239057195448	0.3351848560352455	0.29468520346071225	-0.023739656668722846	0.008840205316594482	0.3475521652071411	1.0286430764720014	-0.3924580527522268	0.1867577892881769	-0.6714379989784808	-0.031203642928475207	0.15826585005753432	0.3122158793798136	0.510203503434676	-0.2587058253255763	-0.03419819049742212	0.027983001011158096	0.24462292862087429	0.3521823548160473	-0.11834164490026802	0.3579695967856048	-0.17838256918851172	0.14091605596003973	0.10090236688967705	0.2023876453694036	0.05243875742729836
DTXSID9025796	-4.215328911195204	-1.4908888737241588	4.119481882680427	-3.5661098423474984	-1.5422467248016993	-1.790193024796005	-0.08839349573483948	-0.7655014662508571	1.4289200414645378	0.5459669590763042	0.505091507257582	0.07592082477151646	1.1833692430636449	-1.9847108476637174	-1.964179642465129	-0.24997924883715147	-0.44305528132568045	-0.5138267436629376	0.02428716444658135	0.9510897381290224	-0.1274998763053452	0.6953819971142027	-1.201276987210157	-0.5132925538410374	-0.17091217682074394	0.06721077623543933	0.5783292017603503	0.12127552328696621	0.4400166575329844	0.5039357150447187	0.6981935495893279	-0.6204525664791668	-0.10207210556033318	-0.15112077740916816	0.23181391698121573	0.48414383421877655	-0.5316091385253895	0.03797560443213183	0.021275122111863085	0.3766136431707438	0.15355489011112705	-0.04897798940302923	-0.2871129509245098	-0.29577407902317243	0.15723865355704	0.1797921070488047	0.1103564821824629	-0.2574849258672068	0.15686858137150975	-0.36869621534179364	0.016192645847499115	-0.20707422451202753	-0.20826472470307317	0.1638248018612634	-0.024496037673015492	0.07506670345737788	-0.2534924835592064	0.20378355201378537	0.1257714725384023	-0.0624028358008783	-0.139201578704099	-0.22400508937853394	0.036449782381972606	0.18124079197820664	0.06240710589712273	0.4572419786813095	-0.5179078905857247	0.27012987700958957	0.11611446913166114	0.14092916036751266	0.7163700943633033	0.07510427732651821	0.45818726276246724	0.016672004654743527	0.03699405864181098	0.06561993334386107	0.4195341161406953	0.09859443001300307	0.24698268104931406	-0.0668143001691484	0.4204714478019773	-0.25846101481799655	0.08426273972511975	-0.023997096581600708	0.12299725615653428	0.17462405385896348	-0.20915740168724756	-0.3784853500518078	0.09201150708327482	-0.0192260581796149	0.1597809536566162	-0.08447645664076382	-0.07212121565931236	0.2659850603112874	-0.24765861377691592	0.3111749472211575	0.07422768642535056	0.3528885523840632	0.386595481947209	-0.039913004307136006
DTXSID9045502	15.754582510202933	-3.0799960650554468	6.423376160830629	3.8501344580081076	6.675341890296112	2.490051564504016	-1.5856532010870794	-0.226042592158705	-2.7781526292539	-0.7063727185075034	-0.15776622263569884	-0.6067371640267798	-2.219565731439809	2.486773724631207	-1.863345556790982	1.3723700575385156	-1.1091923726413009	-0.14443010583989307	-1.5844217935354388	0.4670255611171529	0.21388385443990562	-0.08020500764404274	-0.12331967421345702	-0.11637768697868736	0.05501151369149166	-0.05440258748211543	0.4133404253575412	-0.0764767280419567	-0.6137699812474374	0.2533025541475636	-0.7714820920691101	0.4985990948907188	0.3649810250328674	0.20325830205206993	-0.24443549594623756	-0.2821287063618311	0.027007509385983515	-0.4068408757732964	0.00818204732475971	-0.15353158172904835	0.03363374381263533	-0.11693827352403764	0.01612604760709615	0.03712664334986534	0.11345418891994942	-0.6404180791923234	-0.37293976134966383	0.05176407518491723	0.07534821425177093	0.3838124545772228	0.1457309754926323	-0.005281893371513988	0.30316042921753017	-0.20579907895548993	-0.04209308690496119	0.2807425948816346	0.2243342257059747	0.07251822055064004	0.4730242804882724	-0.09171546932557233	-0.5136913905172231	0.21907521520099568	0.20024297601370317	-0.1879645774570873	-0.0887882164392876	-0.4400460317825582	0.7767595626168186	-0.8699476690603251	0.6910683481182067	-0.7296961327398951	-1.084657841678435	0.07612526364141592	-0.22689456286726586	0.24981867557479562	-0.3475705861690117	-1.2536264860835384	-0.1755857510188332	0.028047477796268698	0.8226178460023712	-0.1746544271350381	1.4043696800073053	0.28233560780404976	0.5405200712433106	-0.5515921992836138	-1.0152342185787784	0.3132977167435073	0.7165612348889969	-0.6142970305429677	1.0463368617668178	-0.9690754763377858	-0.36139557282242546	-1.910226707465003	0.509866390971474	-0.06072189799016313	-0.5612990188515522	0.12540008539107686	-0.7770525476749163	0.4689357013475079	-0.34706489326676143	-1.105027129984751
DTXSID0027852	-5.734243480840065	0.7506834534364492	0.7478437851511923	0.12392306767136045	-1.4584257578423556	1.208808162595959	-0.8068947877184683	-0.1638315579263246	0.8576077945523553	-0.41542431191900664	0.5049166854684914	-0.2828120317691538	-0.3354115481647564	-1.0730150268059795	-0.31123294274511143	0.19391489943571136	0.44310372535228576	-0.2426907508752949	-0.20389217900373144	-0.3450171426664358	-0.24845144358089943	-0.33837339652642723	0.36819025163598756	0.17420342394334137	-0.03537990863724831	-0.4703242992738944	-0.042701331935177264	-0.3866058135617051	-0.09407301920499149	0.06257948092929586	-0.5614768294341678	0.41389756861062027	0.25223925290380217	0.03966117929673632	0.5718954645165125	0.07000232001611117	-0.26480129792378637	0.0852231609703122	0.09890644265428707	0.07964452908590462	-0.3717515045540458	0.07321895472837323	-0.06445942272273844	0.06469776035103572	-0.3909965112159226	0.07035186552802684	0.20848255625339834	-0.34364831188738454	-0.1808897766950483	0.08278043499755336	0.08780120377860702	-0.06801309998516802	0.16596925594823222	-0.16847489910579275	-0.007957569645659458	0.12987510360079685	-0.16448162388436086	-0.12064417192059776	-0.11606811461602186	-0.33642144035573424	0.3312126320947873	0.17304245736078472	-0.027091848755520034	0.24004073248086977	0.17498226118727048	0.05309945119715781	0.18980641560540398	0.43419391040746763	0.06324516633090747	-0.04888100336665752	0.06074343307196057	0.10086793530643176	-0.08778162847399643	0.4276464921940183	-0.22329710090940616	-0.06116976436946705	-0.19536565871433237	0.0044794435438454345	-0.1826440340506353	0.288768580200645	0.6268950506373401	0.30682133646017756	-0.25432235492799177	-0.2714478352384039	0.27187177439315086	-0.015375162598910815	-0.4810426622179757	0.13104379988323253	0.19198866908568463	0.45568082233528334	-0.37720485324004116	0.13572841672446528	0.25427769457237237	0.006746436148493721	-0.34045265612401354	-0.38794264193824757	-0.3837187293292723	-0.10707643497892855	0.09578869892184405	-0.3087926813848151
DTXSID1045663	1.049578215595373	4.4283319357673525	1.4134137364502257	0.6600781241712524	-2.493348626316717	-2.2362455986709686	-0.6599263638537831	-0.5014761274008978	1.5946395536712155	-0.10865364228499816	0.40477689232769876	-0.3361645600570957	0.17379200518984084	0.27640366059573507	0.893691411097894	1.0498269594592868	0.25710391034121644	1.0193506928053544	0.6926826593765412	-1.030964038803209	0.09372132933411018	-0.24575011233165955	0.3698337973125481	0.7036900116404988	-0.08597450131145437	-0.027891161843024724	1.4118348397760159	0.3591346037821077	0.24493114185014528	0.16547881986013885	-0.5662378923026701	-0.9878269980314539	-0.03225038568104998	-0.19607074528641943	0.1461714669225347	-0.15943338653049757	-0.02028603271783153	-0.31088606432203847	0.4598683576592317	-0.5678869623235431	0.22754332739317346	0.4550525889713718	0.28549729716421063	-0.045704471633537455	0.014553937060948883	-0.31767565747373266	-0.20144980571128454	0.16269983660471085	-0.10122252039921667	0.5256521034068097	0.06419489675555161	0.2296213453223448	0.6758196542926016	-0.10092472379327025	-0.12643815153221818	-0.07155933395128819	0.6422967544596753	-0.12797676906852784	0.2882705443871901	0.7330868831581768	-0.5358378818336242	-0.02157686799568122	-0.16626486805878452	-0.6855677664481461	0.1041250109465068	0.37587340768645877	0.6497850974119379	-0.20131620052423194	-0.3416084526249145	-0.4484576285871127	0.12630616699538588	0.14238569028399337	-0.31845486338393886	-0.4741178903855698	-1.258844585311281	0.6752489434960706	0.20463466272290215	0.45430304785332676	-0.09968209939054978	0.19326721469509014	-1.0819954006777897	-0.08495925992777717	0.06623236433706288	0.8122075929004995	-0.3015833630614621	-0.2715134408887905	-0.04892998088963824	1.1329017443916776	0.8395824519173367	-0.9500710026228577	-0.6870599255308251	-0.32381168044897946	0.535012377706771	-0.09528988050795606	0.1717125624589988	-0.040206763508605324	-0.17624155226214566	-0.6674508996074949	0.27073867550665537	-0.434810469081396
DTXSID9059969	-3.7116805529461803	-4.118981948445726	-3.1149324103414076	-3.9544551568876503	-0.35078107754804355	3.9369065685348743	-0.6955797878552532	-2.0220851034654954	3.354226579631868	0.551364997004861	1.26017233865865	-0.6089888381265764	1.3866722833622773	1.5420475587895415	-0.5544062702845385	1.5098645631206142	-1.0815104375239095	0.31624232546240744	0.016175581221729487	-0.3220157257155397	-0.7851945227489355	0.44423077917274656	-0.8943006115170701	-0.47207189535467775	-0.4117934876370584	-0.06285711922566962	-0.34806935295795194	-0.29017094011445077	0.2966435166448964	-0.3848305613277171	-0.06928482863975627	-0.3220319553232052	-0.33192208224467906	-0.24821502101551665	0.447947299584209	0.25219259556962415	0.1840882591900662	-0.006966983660012402	0.2579698532181315	0.00700884609455369	0.44293010491029167	0.644395736990499	-0.30295233357822193	0.328745587705926	0.10574647524223203	0.6071348346928463	-0.3453089870132929	-0.1138116618860529	-0.0689241543395057	0.24275718473975294	0.11991653544966953	-0.08533056029205677	-0.09587464049740338	0.28857165286902775	-0.24821843019587028	0.009920625696879674	0.19749757432429052	0.4082336036828288	-0.4424650976201691	0.5653468410989302	-0.4586818902341776	0.4853099734977921	-0.012390698016007116	-0.07724999144990148	-0.5409131680532954	0.17854356738535435	0.1031259195402663	0.04411523983145323	-0.18988122049836625	-0.05493548871244957	-0.03460147109110952	0.4516381288694235	-0.2481785105029989	0.8004662332039713	-0.05270959758960736	-0.30868712313202795	-0.5156116722059436	-0.4153609863780078	0.08576002983098918	-0.19970942433319522	0.5270607100323533	-0.11505284501333111	0.3161753940643301	-0.19068388114027204	-0.3362788689003479	0.15295586377080697	0.21954061478895948	0.07593937104490556	-0.008670507091493362	-0.036284225815641724	0.14182599815960853	-0.14381956820708616	-0.00863190884993338	0.08921703966195588	-0.40039621838335393	0.08003105251013264	-0.15812714206216474	-0.16461034358458768	-0.49951815236241726	0.25755344082576925
DTXSID3046451	7.1187272189438	-3.2270486713604467	-3.9455421383358433	0.6589512545290879	1.8545667578654903	-1.810175222231757	2.705399476531018	-0.25007065041922577	1.0895844654793112	-1.4031136137208269	-0.04754754025159423	0.2355027016428009	1.1052873018215785	0.9825490838413191	-0.7539369381190925	-0.14138226006834162	0.6140450636146007	0.34626910550566536	-0.9237023981710638	-0.7075783680692171	-0.43780058665996424	-0.7378390691965535	0.8958575688372098	0.0070609523991057915	-0.49838572234236744	-0.48213321372463686	0.4225786568021193	0.14220855460542814	0.4276055210631768	0.08024432363916477	-0.6817844364826028	-0.684885418292045	-0.16501386274355317	-0.3351452034712667	-0.49131035337481654	0.43799763333636127	0.1979483511416054	0.5136717511453742	-0.2947962963206424	-0.4693316588631249	-0.276689215791738	0.04802114114542522	-0.22989798793449243	-0.7726298451796776	0.6435642665948955	0.004896773979235551	0.029658415570850933	0.23966976164369885	0.3133191484844815	-0.04351859635505269	0.06972560116146283	0.563269307737366	-0.055286354862999154	-0.18386908087762938	0.2814279314463708	-0.16679530291285022	0.24601913828742933	0.10987907782353552	0.36826342219169234	0.7663658882592944	0.13832956589373327	-0.5155026985563712	-0.1672292434742742	-0.3423039392903783	-0.06795370517332508	0.3158319148142276	0.4134806236510284	0.24175684650655524	1.8154289017159013	0.4646341433505586	0.2823081205345703	-0.46189438114562603	0.5566482814193323	0.22882554663309632	-1.3401108576527847	-0.054053425122376875	0.39147016149766445	1.134032239586351	0.18782489000190583	0.5075087576055298	0.5418279246939831	-0.49903779909283974	-1.0236468291915033	-0.9792041495827071	0.30769904541728915	0.4083418898328828	0.9173141803456295	1.0379342484961136	0.6177571148380624	0.022795973603826288	-0.11449236939564236	-0.4561615077003694	-0.5727969935834687	0.9043449647216277	0.5335854303312414	0.5568888032652909	-0.9406180572215395	-0.4031039974478712	0.19245589863592572	-1.3279159587392406
DTXSID6043915	12.881986827358583	-1.5220155946352358	11.074398466986727	3.5605986374936998	5.349495246230683	2.1898104335298862	0.08943999185634009	-0.49470468951698654	-2.17869755736582	0.8801010080378149	-0.5578163022831064	-0.36387273513028107	-1.020767947789613	1.2592329230957706	-1.300532187393334	0.6822063601792784	-1.2933182274923367	-0.37439053788714544	0.04398697002579407	0.6607515760996918	0.14399674810302307	0.5130034032659422	-0.0799935265971472	-0.6450507310836558	1.029951118411241	0.333686417606191	-0.17043822277461929	-0.39907782141131143	0.160501969255301	0.08250315169861963	0.08674373925921984	-0.036889175883006275	-0.5808685933091359	-0.12529947263244492	0.709107205004184	0.20843508607306518	0.7076834670802459	0.719374153185195	0.5786176642728382	0.6535337635315057	-0.47439939843044093	-0.3084917878800539	-0.11965830027917727	-1.1827134159504593	0.014206440755599868	0.09225632398322983	-0.4578308090513338	1.2356262499876922	0.3171506428816499	0.5554842653240084	0.005271198538919446	0.8243520696432776	-0.1043024012305186	-0.1512931878780106	0.43462769574136617	-0.24309115368445802	0.14090198645113022	-0.11016262581063992	0.4022008997726452	-0.045752757298172256	-0.2719925557972914	-0.46128921568100695	0.257006272757059	-1.70031584823882	0.7107325595240213	-0.2305957415090329	0.9754912509966945	-1.0567742758298182	-0.13058515821170166	-0.2929930841781061	0.0013818805076054165	-0.24478679451958482	-0.6307899445726197	-0.3142652954310514	-0.9990364402452575	-0.2559481061727601	-0.029381765380376106	0.1490710789592736	-0.08895422074873377	0.16622857223647175	0.8956071136807671	-1.0407868401490525	-0.05097089513853579	-0.7566102904952814	-0.30621136179981123	-0.35566746223733164	0.8666625124250915	1.009506601389076	0.46509038530116703	0.2219250573474223	-0.5736206399804886	0.15973404915070347	-0.20770583262645576	-0.8069664874408284	0.05013157241759338	0.27451330621572334	-0.10423194875996543	-0.29810140606885194	-0.20232561589725406	0.1467849329271472
DTXSID6026535	0.39499895985958516	-1.1055438350494515	-4.02938795990549	-1.2336395407515117	3.0221744158841717	0.06736237153688746	-3.6422099561467207	-1.1557551740161982	-2.134021547421628	-0.8396219666990246	5.414859140524318	-1.5458998302617795	2.1320164759385496	-1.1770922789039164	1.9446179089758555	-2.825952766039265	2.3835057953308603	1.2955235250021155	-0.17592418345787783	0.09309886118060387	2.00090083106305	-0.051660504485612026	-1.7256038744426077	0.6757184393704121	0.8587531090958856	-0.08560504876423647	-1.3962484307817158	1.3165385514507693	0.36228529330390596	-0.6835840087216408	0.8802423702141172	0.5158718813263442	-0.3661285842264661	-1.7270789079417959	-0.08389973272275467	2.083783119760914	-0.8585552510129001	0.5338776426367097	-1.8149556277106778	-0.43983042253279386	0.9123352598364273	-0.7138317536483901	2.8500348109228075	-1.4722027376405855	-0.24568189498699755	-0.5096118161771708	-1.8026727038198855	1.5923202598442696	-0.36496605712450486	-0.49274098804716027	0.18504868916607323	1.03215926903827	0.16742429820321603	0.7767136423919594	0.1638620506315859	0.7782284454722934	-0.9125291523769666	2.171207781292118	1.542881956689816	-0.017214283440464627	1.459785143195598	2.5111379732134003	-1.1196230940434988	-0.21139953885617668	0.7740596820844482	0.8413660417025776	1.0986646469957393	-0.9007336193677337	-0.4714350648258469	-0.08850061150978701	-0.17058169184200947	-0.5099020342712864	-0.00926375192561692	-0.4427228631859842	0.7102351818295245	-0.6793162267714395	-0.686869610696954	0.6597849689116979	0.12036262359284948	0.8743340778178604	-1.1208433422598156	-0.6306684666358248	0.8088447158305132	0.044643853993906135	0.3905518757777236	-0.6520511060302484	-0.24135332105493074	1.0708196953797582	0.5282873863802693	1.1645663254188865	-0.06303991547990354	-0.5880128241421938	0.315185483027627	-0.864528528450572	-0.28597915178567773	0.6286776663017013	-0.2938540506441605	0.5781454105494973	-0.5430846866901425	-0.3187039076962044
DTXSID6027713	4.630247475187968	-0.6473102163046759	5.599596186293157	-5.5567638990176755	-0.3738344114613098	-5.232476201643465	0.16415165958506558	-0.44429220939202363	-0.14907165788619153	0.33356794606903056	0.45361572295072966	1.1856784650890966	1.6904293823322656	-1.0739492433905415	-3.4625365553419507	-0.8689996353545214	-0.05200966820365258	-1.5801279967656847	0.1695401847826412	0.08495938593188829	-0.39072412519211885	0.3848728799411618	1.2368945714085722	0.37080284119687135	-1.5050481117620078	0.35412452249939635	0.9683865094158342	0.6647648204430907	0.4280148192848759	0.5470012030874016	0.9121125458627586	-0.8332553409230692	0.1358653423999738	-0.9711267836026002	-0.10172438652071437	-0.08059967631661792	-0.17033567363885393	-0.16282563445584533	0.18558057366512182	0.28348923809080845	0.3277200836130253	0.30526057078095775	0.25683713451091333	0.678412896947703	0.25001183577804253	-0.5336541006574267	0.3534683114913311	-0.3502574451060148	0.020074966340800367	-0.0351847873598113	0.12991248132597577	-0.16179102217947516	0.21822964634389103	0.1513276964053378	-0.1826284633369015	0.1976301151663559	0.15154179670643972	-0.2368979551656431	0.22418724366228437	0.06486227154222249	0.13611733226981698	-0.16803567680707868	-0.5949437696622183	0.40097491901594395	-0.07370219328303979	0.30845127000945805	0.6720741105792927	-0.08690029930241905	0.10976192402217165	-0.29565430410630783	0.23547600182282652	0.2485537060447829	-0.3900055053769183	0.12898781746242463	-0.06156340509218821	-0.25822451452963224	-0.3602063627240065	0.2919297342922623	0.09081290676094078	0.2954093499969564	0.21337387819878997	0.8188037889281466	0.03620512401290491	-0.13578325289896204	-0.14557024765924992	-0.11082247860644277	0.3529578897058001	-0.5324021217396668	0.07912492200014079	0.010776993127073727	0.5457923471276642	-0.17339201843385885	-0.08554856492633059	-0.44451875987188116	0.0736639788929646	-0.2818025870927559	0.2594296284247914	0.18609311624755875	0.07436460532544148	0.12667845111352938
DTXSID0049311	-2.3184211618414046	0.6917285602279825	0.55155628951474	-0.04610521828211087	0.07655865749243627	0.7054415860980102	-1.039100416373299	0.9890889201478996	-0.5167028229079788	-1.3672380523993504	-0.3980589208877287	-0.10998868463382297	-1.0087800645983238	1.1129065939599674	-0.07610117318143428	-0.2956882806108238	0.6126130077863767	-0.3613928869107709	0.1020247875262709	-0.8647062107809796	0.7906793624855526	-0.5854727492536153	0.6352499039213831	0.2666411375584377	-0.07810543771620837	-0.5466101805633325	-0.9253758244076733	0.31889665939784173	-0.20376947369270118	-0.20621094599926287	-0.31183543877709125	0.2581021235475323	0.46924452451212045	-0.4494698092967917	-0.484931377667892	0.350352449578764	-0.01748769182005608	-0.0425516230827449	-0.1439579906664777	-0.16484019856990859	0.15777256561216457	0.08459544351934009	-0.21533442925893406	0.21386302229200055	-0.4876969727570633	0.06050941385729145	0.08712717733530076	0.15222908361404253	-0.0306421664721056	0.19586895076662103	-0.12225905004631285	0.010184598553944381	0.23474766220908683	-0.16782856302436874	0.13510525033721954	0.07927313493924854	0.10015911029131898	0.00012642065647396514	-0.4630545560413825	-0.007776602157126145	-0.09300836635990165	0.05649281329667301	0.2829852184840807	0.15140432738979626	-0.27093131592263503	-0.8939418936866768	0.4657089550410429	0.01152938878785153	-0.5182059881015448	0.051357818538566295	-0.09373058810852085	0.16645896068387292	-0.5734903476754144	0.16717892759495614	-0.9643573567908665	0.0002295400478827478	-0.4039888302880809	0.24542987745251113	-0.5982824536051167	-0.08465729309942074	-0.5037188195569076	-0.640205774939773	-1.0002853101988305	-0.6208748648858202	0.24093556775282648	0.8542793872197205	0.20130650078599654	-0.6478310676582082	0.0929744004477874	0.0851511591827323	0.22709630794402177	0.04761113228009766	-0.27757886964850637	-0.5114283339005846	1.3544386314846584	0.15236598282625866	-0.2798028911223319	-0.006065665766440903	-0.1907011142259566	0.16152364399618124
DTXSID0021127	2.4095118750894624	5.198357743447568	0.9096072972619209	-0.40734277279252673	-2.8565834475986356	0.19163384053567192	-0.1793793533439751	2.0133850180239086	0.06695253860091595	-0.5362835474629815	0.09016198463413767	0.4817395318523676	-0.31934311555905126	0.6611312750988736	0.9201173617993267	1.0637255296977073	-0.2791391513093713	0.7490145255289951	0.3114226607108744	-1.0768986484328327	-1.1210232264344533	-0.38021488728368746	1.3098030050195222	0.5000094288319922	0.1552307834548394	1.5736114660106801	1.5273918273389755	0.5994474142430575	0.3397493236573971	-0.5420747155221404	-0.9182182314155636	-0.5128619601961841	-0.12287469201933153	0.057418692807975465	1.2133758380791317	0.011682759911317168	0.695020737094385	-0.6587302991436812	-0.7545651344328705	-0.6024346507344792	0.5362299435063311	-0.21347828751587106	0.17572697362417627	0.1646460581400941	-0.42218405362267125	-0.4193520955462921	0.23274400569057407	-0.36403239803600873	-0.06827481130709841	-0.27133766901974116	0.08643061712162015	-0.11161872651168227	0.8011490599108461	-0.23239104278946385	-0.4212019104247374	-0.004751109731621946	0.13975630710897985	0.44723943426339746	0.25021309115762475	-0.06418924153899065	-0.9719103957278548	0.0878099859840357	0.2027260584304203	0.0025665179547260473	-0.32181555857088767	0.5701971035767176	0.11199377909185056	0.15998011223727188	-0.8109300567482911	0.25897515150148953	-0.2447558046396244	-0.25719603975679595	0.6024132737066898	-1.6846937884964492	-0.44194784101934653	1.8044496423654994	-0.6747668154652692	0.9101561778966166	1.151277023544695	-0.3377594682739096	0.19027815006583207	-0.40307858578737804	0.6131483141549234	0.3452723914485856	-0.4104480522842499	-1.050149579339193	-0.5525145213572404	1.0371696573167917	-0.4734241650721288	0.3039474698909337	-0.21393797981524051	0.5578591577754123	-0.41303747753578235	-0.3320686813560254	0.3546571815132388	-1.0586775774574546	0.4191928415921713	0.06095496866632757	0.15036836952020136	-0.12226215175494656
DTXSID3047344	5.564624448840748	0.27525834865897153	-3.9288834753376944	-1.421044814952056	3.1149580962508177	-0.6077772247685047	-0.030864730345779887	-0.009965536999455859	0.08123804069601874	4.41501044134122	-1.487294698867179	0.15455995809673986	-0.6620698020985002	0.5623684539188564	-1.2443687821406457	0.7279106151980184	3.393327765596147	-0.4108629689716644	-2.7511745393289044	-0.3731586037163429	3.684527825497853	2.912704704830804	-0.06649837496038026	-0.38346594609139883	1.8282948443245581	-0.7962517833964952	-0.7426859434280383	-0.3968302441692897	0.44785477153415965	-1.4716910671490733	0.4503072005379479	-0.2705925828470057	-0.5310916753992428	3.2057841755523797	-2.1197422741435292	-1.6158324323957955	1.8067953618028154	0.4308283979931454	-0.17359632383862253	2.711902505607483	0.7562775034777746	-3.1776542714821017	0.6093131830165253	1.8193411361531506	0.05794953908093693	-1.0066706539157837	3.969662709997655	-1.720345259714261	0.907935022902546	-0.6807024785030591	0.32605434801410865	3.4452897738186534	0.32360181805860616	-2.339390895438335	2.442162407617969	4.10481974720099	-0.8379282965853387	2.0971389392620168	-1.4028502406890337	0.6481326276783189	-0.5222026617954557	0.8401649947983454	-1.1023360289520834	-2.842139615485867	0.25407682919960084	1.9431511768686247	0.14654828103713305	-0.7166359866582825	0.024109638657960286	-1.3797004470712875	1.0575117792106834	-1.7401161844794177	0.7802421766104861	-0.42658815945009276	0.31394164095365906	-1.0175402222763026	0.40956516494181416	3.244382602565033	0.2213675525221872	1.481920778000407	-1.612131592285548	0.33822282066447446	0.6832914407218026	0.16364711229524787	-1.3425032328719866	-1.1529295499308791	-0.8085072802954409	-1.0106899388886894	-0.1981395904490061	0.6934470086211331	-1.6606583276236644	1.4735982200052677	1.9886138637806863	-0.13131829270124867	-0.027492221191313858	-1.1647338440860213	-2.55996292795784	3.3693928648777565	-0.5818213523757021	1.9193882061083514
DTXSID8048818	1.9624879011559067	4.910501113228961	1.7657306975495874	1.5997696145073024	-1.9719285634919075	0.17184756736577175	0.589659834475221	-0.19678856394937635	0.5758814524764577	0.547113185546096	-0.39773167863168263	0.2526052298702763	-0.22329033860578426	0.5179000243333154	1.781083422487822	-0.5465529832931031	0.19548814922830016	0.40775383606468224	-0.498234030129268	-2.113523944181206	-0.734514085772296	-0.05687713271222384	0.8716647526616418	0.74321744628496	1.1432787430333498	-2.6205376688090873	0.2700712492868707	0.5886768549810588	-1.168331481403884	3.818116214583977	-0.8736242899722165	1.665422794493298	-0.09925928190313614	-0.15895059120428018	1.9694375657938306	-0.4115704719500797	0.17520925196525972	0.860908742717002	0.4554661461127026	0.1927926366770648	0.7551057441726605	-0.03781281621146761	0.04060435751348876	-0.2760693258908749	-0.11212312993664834	0.10944534112820357	0.56774889782085	-0.006481745892443818	-0.4100863542759345	-0.33858208082332036	0.05767714225930835	-0.39933281883135907	0.6111587844118761	-0.8278063907917076	0.08291913843569498	-0.39303008700273906	-0.9152164661046591	-0.4806924287194487	0.6386389060067503	-0.5344658737130537	0.6899749288139203	0.8821820984656882	-1.4922661857562063	-0.6943212409318706	1.3833645330456508	-1.022086825910683	0.5160955083260128	1.5959083864339907	-2.939076381888602	-0.48328521283254333	-0.24451293171896163	0.6008174686849813	0.2869507757301905	1.3746361540817411	-0.4165374086832341	-1.619736903419203	0.47685456469040494	1.8977761682087897	0.13647816943439434	0.45938365208973936	-0.038100952176437906	2.398296050831564	0.06461887201421242	1.4330954207837032	0.9076616276788965	-0.36255321296089055	1.2685470869230016	0.5575155992797374	0.3852226348900664	0.24921148768105564	0.6178053958200075	-0.5810847065100517	-1.3900516922505808	-0.08347306671069706	-0.09143270159481627	0.45971820795949786	-0.49527441948064915	-0.18391173380926884	0.008738825659326873	0.5331586489045593
DTXSID1041265	1.0911970846480206	-1.1490490497067303	5.8510038404133	-4.51468496212391	-1.814827723349684	-3.445685550232046	0.6822123411384954	-0.8467529227911098	1.0147870356231563	1.3764813017973503	0.5615459616623557	0.84984571587629	2.2689112965629112	-1.9513572578951897	-2.412021918010862	-0.6502905764842342	0.06574672343461775	-0.3897037639953124	0.018646592803560232	0.2728326990371021	-0.25568123957204303	0.4013808171714053	-0.386994535186312	0.09395932333876429	-1.0944373626479822	0.5877468952726457	1.0633811802904405	0.01869014592296423	0.6853032339706367	0.3518486790996871	1.2647881320438663	-0.8913128751143717	-0.5419846524765433	-0.4242337380258247	0.1702172899366965	0.5605028906226729	-0.5764889051457962	0.6206831632944715	-0.3490229690637599	0.029852442255887374	0.4747600252311903	0.42124407759184135	-0.3561552350542262	0.029758932657045965	0.07403977427330105	0.2964271122442824	0.5114857056708395	-0.3613864816083694	0.021917447062969563	-0.6372696328604021	0.04760721336780828	-0.12861144152315213	-0.2549518931323044	0.24175184300063926	-0.35159275364636855	-0.15917596515443536	-0.21980736594578262	0.30281540475747715	-0.28247921528799863	-0.1730496124812238	0.00554131577749965	-0.4048851550353138	-0.21714016040202255	-0.4773371385396503	-0.011614488378573712	0.32008235346258834	-0.8346387162969815	0.7931505882104731	-0.2670864159972761	0.26124211398189107	0.18835182328320027	-0.09278481297929143	0.7932338217663445	-0.1508309093390304	0.7085736874529064	0.4302370614928246	-0.17634847287727323	0.20887239159499052	-0.1023061359557151	0.49803622401863507	0.632612531786504	0.26295676473035784	0.055195559014948006	-0.1770086279597747	0.0786242185760067	0.12995609679875386	-0.3037730637720864	-0.7665766528982502	-0.2971503463262448	0.3190052607536842	0.483161801147675	0.29315389507535905	-0.34364744792028545	0.1786882964000293	0.19371786960663095	0.20278138042175545	0.034906059510333744	0.3045498884074408	0.20279062011790663	-0.1866675537660694
DTXSID8041610	-2.059795277963955	-6.593022595253334	-3.261902825702057	0.7044891010905306	-1.7302494164316873	-0.9601950722367384	-2.500572787906522	-0.6219626561856654	-0.30997633322213775	0.04645014052611668	0.392795417573714	-0.05445441682737984	0.91258318919023	-0.1060250403278596	-1.9296910753390397	1.3267612971173122	-0.0738289518518128	0.6042845014528436	-1.984510041114956	-1.393546776210629	-0.2149672225147261	-1.1289849717355869	0.9289607594686662	-0.20481235768037062	-2.1719592917832	-0.14911590715018083	-0.4590192673737791	0.7784033940460127	-0.053220487058455945	-0.840868576162238	-0.11895747329309966	0.3984162090355811	0.020195507764072168	-0.31052627446438424	0.0884570692564411	-0.6699884596162543	1.8149082417406717	-0.30348453963307037	0.8318801619832641	-0.6987203926682416	-1.5911206670708447	0.7023103990970212	0.7641361811923866	1.9492980277624683	2.5607116128116214	0.36933038734221013	-1.8195760993539571	1.442383958555742	1.0668746027658633	-0.9331241462006786	-0.17428044544366567	1.5737215101348236	-1.5306363887348962	0.03944486965071932	-0.37059234486840387	-0.69784653068408	-1.6072080071122654	0.9685235469356978	-0.19955621575394616	0.052899337079473224	-0.8867349451924482	-0.6962496058793635	0.2932506409166097	-0.25710876389708254	0.7042364909112133	0.5633039023890651	-0.46917450074818146	1.7698107157363172	-0.16169349764217367	-0.5789815304878478	-0.5785337321202255	0.4698329456941328	-0.15024328726412262	-0.15838279612948744	-0.27719798671414986	0.3004601031971608	-0.4605438387730668	0.3048345134308695	0.1688119844989397	0.01364185070042636	-0.06607572958143094	0.7870257155929891	0.2700736073914257	0.3409929325158565	0.16922589385266504	0.061268193915996146	0.5636054980820616	-0.25480943269389994	0.01818834146182426	0.17435900907862603	-0.011203161539664242	-0.052574479494045936	0.5392377814700312	0.3454362459831038	-0.3487147250312685	0.39004769605528955	-0.14235293329652746	-0.27238219651119633	-0.26322503471760667	0.7241161411621823
DTXSID5047900	12.658018111866982	2.933097262371136	11.713981620379098	-11.763781224391407	-2.7135073601595074	-7.462497186334921	2.532538149384053	-0.05573424259999041	-0.021729459365132445	2.52956051565295	0.13670558546002082	1.612761135022441	3.1265466371397266	-3.990074221544161	-4.420409274484722	-1.724068773182086	-0.2583204903573532	-1.5620198045413938	0.1999285647434671	1.2275087001557483	0.04293042344708327	0.20593807868419517	0.040789535974109184	0.6205511925165038	-2.452223468071984	0.31853778427157126	1.7963464118011017	-0.1391313885705499	0.6557156206274951	2.1886790501660003	2.8560392678010595	-3.162259651307821	-0.1825561403876665	0.009207089249708774	-0.8421972485044691	2.037070298126272	-1.3204199629881375	0.46474379763687246	-0.5277924493899012	1.3713371699454273	0.3249176085836763	-0.020950868428803296	-0.2256291022733606	0.3962268328881244	0.06672593294189863	-0.37951440576532514	0.9228351641639624	-0.25797840909834924	-0.11986688258733302	-0.731456968131999	-0.2232369464548642	-0.37153742184473176	-0.4834174946993152	0.2142654041596838	-0.4422881319085441	0.8746710073174789	-0.3778521636235617	0.45832226380059116	-0.4297766843026965	-0.8820962436654061	1.074880235209859	-0.977084306184524	-0.05755908144411589	0.13307103598802134	0.2996040136072918	0.4442761367934715	-1.9269701625504794	1.4674309479196208	-0.9147438278506888	-0.3164482034344782	-0.4400600207011949	0.23145082901023342	-0.5671790607757142	-0.8632833459213686	2.275826455184247	-0.8160855707150648	0.01881026073820844	-0.412403755675054	0.16520542828184367	-1.7735319304724824	-0.08113663640908896	-0.03209390691407715	-1.7288481915089566	-0.5889418166544288	0.9775727086016435	0.8018556012989135	1.1417295969194172	-1.3745651807318728	0.005633131184355721	-0.924768857175747	-1.5617132451849607	-1.5447348125948666	0.8391510282420898	-0.5084569428644026	1.339463797950923	0.06194822427947979	0.6786012290693165	0.936606498726953	1.0720142523113823	0.03665026289674232
DTXSID1048889	0.39837923276302356	0.9858742828920793	0.19073473740547733	0.05489895988018933	-2.7658253212949737	-1.0376149802714574	-0.884190284028359	0.29497856153111573	-1.134732469312233	0.8128007415566184	-1.971782484239759	-0.266724244615629	-0.10102674508534654	3.418759190969975	0.9405239027270003	-0.8316672207961878	-0.015276270501311383	0.553258204966735	1.8499249197746623	-0.7798772504865494	-0.9155494840188882	-0.703767800385296	-1.4426073501881906	1.2925928129242208	0.1922343281316406	-0.46856792887620524	1.2337541231548883	-0.06861224508783544	-0.19265550679261886	1.092426382511788	-0.9332714797074751	-1.1633884370056709	2.4646259052517845	1.8402989840835764	1.616564135740691	0.6367473719038756	0.539640228344649	-1.4807782455640492	0.8874742456647872	0.07257165674955368	0.10168576602956839	-0.3117709521575957	0.3101058174458587	0.22694781685904578	-1.5918765523025515	-0.3183753369540231	-0.7318822875133564	-0.8062930850729901	-0.21046593861188956	-1.1643407730912887	0.21250772094140033	-0.34521834600202783	-0.16456319551971582	-0.009611890702621036	1.3521313572400113	-0.9672369187624169	0.20000953799885046	0.3288330756951314	1.3475902199414682	-0.8454321263349024	-0.33815094776651305	1.3392567613361595	-1.1562939490716129	-1.9405832741850124	-0.18738364400945806	1.226107105314146	0.5640546595736746	0.9457622051396376	0.29414910384101906	-1.2711545043506824	0.8003002255700721	-1.4790324848815362	-0.02359073531675468	-0.4972877783576664	0.21866955416541878	-0.09466072868705651	0.9532621701798506	-1.0109364024109035	0.5888620387156474	-0.7210692077079344	-1.2789724647038694	-0.19306487936019665	-0.23143977895814424	0.8247536535358421	-0.6308078982097355	0.09587563549783108	0.6409664501289452	1.0623428596585007	-0.014234050851138215	-0.6604546311498328	0.7762754548040836	0.009611756949366522	0.43731473505553603	0.4334255691562404	0.5749033521486682	0.02930975859279554	0.2301503354967122	-0.12702959664593735	-0.0009740549616630061	0.1319441229080749
DTXSID4046103	4.096997737101011	2.3204749832068763	-3.1889174021070974	-0.7647891146331518	1.393322916263607	-0.2013495967391232	0.6564199496659808	0.3572620283327484	-2.2745565227216256	-1.6009098175804315	1.3837303016273006	-1.9871924173999922	0.6103292816492438	0.13010500656436555	0.8188298254600219	-2.154476726708378	2.883450115928453	1.1576079811151343	-2.304850330007023	0.24222456342932572	1.9746681973433553	-1.3818038020343641	-0.7226346841784608	0.6237445426759755	1.4118768398788515	2.116195224347628	2.1940172990494475	2.7579757214367153	-0.17102358481159624	-0.389248938621945	-1.5446790015550835	-1.772774046523358	1.74606724868854	3.6425487846479916	0.14858065320812272	0.8235261782766703	1.3604330088341585	0.4921377442204985	-0.14877488957995116	0.991617418029067	5.067538735780397	-0.5412131399844804	-2.1570786950123657	4.098866170128822	-1.209778563000369	0.8113799742807278	-1.648142376498422	1.3370054083591707	-1.2581843173539604	-2.407346244957956	-0.05593649685460766	-0.45339920759832336	-1.3239791453163814	3.140042576337447	-1.1749458804958417	-0.9685946954133848	-0.12697163413260104	-3.343090577709831	-1.0315151889259586	2.724476332209116	1.4520982058199166	-1.686927200930343	1.5160462203835345	0.5958262151014058	1.9180143618275467	-1.2247627581847473	0.3447975854110083	-1.1306902104391903	-1.6767734050178136	0.3364998759031147	1.3644606883696793	0.1279910852032638	0.5896644008932354	0.3799519791961761	-0.07558170116366063	0.22793209851337584	0.06437592422663041	-0.30716969295790053	-0.05654058128975259	0.56162565490898	1.658607820471925	0.16024434078208438	-0.11510570429672516	0.29536595718740205	-0.2665886280801175	0.17809133525698123	0.024266646942167604	0.22423959644768385	1.0413031870503229	-1.0341593541051504	-1.1065108044869965	-0.3954841800459533	0.43922556813229113	0.07531226926967641	0.41047546583020544	0.6014274385754147	-0.5900551396034374	-0.50457594710053	0.2018496352200465	-0.09815781169626268
DTXSID8044543	4.720815156089442	1.1173470472299238	-5.785067527673863	-3.097896209757831	-0.4158250073553522	1.953201023100994	-3.8101072460931307	-5.614618093508177	-3.134905908995102	-0.49092084958451176	-6.159625688530626	-3.5776347635495624	-1.239641350438615	-3.7670404795774535	1.8705875654314372	-0.2952328879727658	-0.3347059293498812	-1.1807788938467543	0.42406694328271866	-0.3978741737964966	0.7140999249099169	0.05334632756554896	0.8204753167617749	-1.0350960386129946	-0.19797122803031894	0.6596401478250933	0.7865821984114998	0.08042104776162681	0.36925298790291955	-0.2866389430565243	-0.14859650577469047	-0.5436001810672936	-0.13175965216739582	-0.6659969753394833	0.13069493284995784	-0.591287316204979	-0.19250282700181848	0.7728600415314373	0.6144963290900792	0.40469720294892464	-0.0223750556374363	-0.18239861558443032	0.8116066851473978	0.39825888025193723	0.21557320959008217	0.37772060034421445	-0.5333687787570545	0.10450387227428494	0.5713091490822235	0.6977099443999872	0.32828821424942856	0.21733887284397158	0.7815552731907128	0.33315829349180065	0.36230604924254545	0.055122692744193194	1.0588145406778706	-0.2639212977275208	0.6161998206464623	0.46740471740080625	-0.22330631283182878	0.42045236758940996	-0.37983979263836837	0.18180851112634408	0.42973464467870387	-1.3985900945860588	0.5018786369783862	-0.7252459425130088	0.7138263581298734	-0.23846320294522994	0.7227412247705229	-1.2172533333281612	-0.2671897976886145	-0.788852837695185	-0.27247963466510894	-0.08881468495269979	1.207240399869564	-0.7600172281226558	0.7159182331709958	0.08033051226674832	-1.182739670174837	0.24381763557114194	0.24177846557238206	-0.06898103170007625	1.0462550875174363	0.18460213205838977	-0.5361734042116408	0.0999380554250295	-0.015578251377284783	0.327999901921368	0.2609633358248246	-0.37119476473998153	-0.8041729339354139	1.3195305004322837	0.9946041784580067	0.3541871355088097	0.44106982670186495	0.21153114993742955	0.7527508400132634	0.2310010440486121
DTXSID2022593	-0.4934826770726714	0.9509803941365512	-2.6966000231566483	1.4814298151890228	2.292947565779262	-1.382952838262795	0.46901657319720125	1.9534407625165617	-0.00821400195514834	3.2172525216954297	-0.8212531336450088	-0.5851119030423324	0.269359612620578	0.370126071339104	0.21557781660532344	0.9289229187417871	0.7063078809170196	-1.5405922620045753	-0.7535871056088985	-0.9252273170235239	-0.03473381657966866	0.852602433182314	2.7442613753780556	-0.09512662178996945	-0.5810630369627995	-3.5275794790859893	0.39057816355829644	1.8269025729964024	0.6718923057113004	1.7820088108485894	1.427638340826464	3.3363835829907615	-3.777545097759312	1.5266037723786101	-1.6291892821011273	1.0358392422811453	-0.27744633145932135	-1.8725857987545784	2.8090806018468544	0.9956058866356378	3.43575539528934	2.217441333450898	-0.9295614693232732	-2.0211149864525235	0.720087999901773	-0.05012265067609381	-0.49943883572439396	-1.6246066636915697	0.359956396790196	-0.7653537119888696	-0.4810479283671086	-2.74979961269817	0.9864783749019194	-2.7454985055742465	0.21571203766387834	-1.280738276116389	0.5158086200506653	1.681743214802708	-1.3680205938215955	1.2537651355990993	-1.5739196486610463	2.451189976809274	1.9241794836454376	-0.47742619388772756	6.350166153783897	0.30243209430204393	2.5296190413942696	2.285471354823122	-2.2932933960544637	1.9607653355495394	-0.6985589266093206	-0.8750239585517852	0.8462634705783308	0.9357736503693481	-0.32360340336166504	-1.547237866080416	-0.16886609549114967	-1.4628773078792394	-0.16418867746198143	-1.778577387058806	1.3579372247769836	0.2986881604965774	0.1310229726288056	2.184987114287528	-0.08875931545639629	0.6304721092909841	1.2942708205352054	1.2819763411927585	-0.6766676437273681	-0.24806415052504988	0.7062621487645833	-0.5797787690235771	0.6254168299760701	-0.5014720454074177	0.8740889412567991	-0.6557110891285036	-0.3494693652647278	-0.1659083950973996	0.3664842027959321	-1.052367398052942
DTXSID1045877	-4.269922642928097	-4.894680284670789	-2.278553885196893	0.3606743737095086	0.49029351196358306	-1.004389940767485	-1.8848356980446042	-0.2510640585103402	-2.00242702287142	1.5135018899568244	2.4536060787636984	-1.2487973478089383	1.183228914606915	0.32116245413392913	1.0831840362416103	-1.2363106751176214	0.7506295087022086	0.4541842799623539	0.38362165258860964	-0.3755785894443278	-0.05354143046778786	0.051156434370589865	0.7225489365496275	-0.07385846468005508	-0.7098184571303492	0.7163292720769583	0.22345347500328305	-0.1422745878271778	-0.2589802700887786	-0.3682673236442617	0.09976038060390084	0.8022744471850116	-0.14041596374990736	0.4213060296465537	0.14666869253898313	-0.97746188202934	0.36285942994646825	0.5328462361787976	0.285451154856998	-0.1462210729373886	-0.3122013504438456	0.15974933230211485	-0.4720419897211977	0.3167832176679789	-0.4397057695318601	0.09167298296855105	0.487343950106428	-0.8034054341026748	-0.08529551305009803	-0.07232668112595145	0.1320848360184907	-0.13630191229346594	-0.05202131958572323	-0.19111840034377517	-0.17811767193546163	-0.23812960942053069	0.379452557037082	-0.5987594636043153	-0.5039564459676876	0.10545158245040627	0.08271306536770691	-0.2498180794752554	0.32100463429423753	-0.35415165602290405	-0.2672412595214094	0.23678200662940205	-0.488869258303114	0.06651645185729091	-0.17635768694805137	0.04298409869041384	-0.11778715441614541	-0.09254425342474369	0.44950336983276773	-0.5626670131175475	0.029929716703739066	-0.14272395523184256	-0.5482856500399864	-0.2597868901658331	-0.17974548634696466	-0.09661884810914147	-0.251699376737154	0.28934038231950904	0.09895677112055508	0.4208556928918051	-0.08386052445877354	0.04903431512802835	-0.024259751663013262	-0.2763618790418018	-0.028922470623289002	-0.4602957305980675	-0.16796881602507693	0.24017418809037816	0.442637009505681	-0.3538372239956454	0.31748901614180064	-0.5498817009138972	-0.6087077383684053	-0.23520293077542873	-0.0378834083202671	-0.2871777014215436
DTXSID7047778	2.313868203622237	5.230150110938679	2.2388085764750865	0.9187298997077992	-2.83388158314568	0.2387799155698603	1.3175743063787115	1.8141821167602474	0.8503033397473371	0.19456253343540864	1.3479278440683409	-0.05064543871987155	-0.6045734298654156	-1.2187286144254064	1.4633512576483858	0.5063587478685445	-0.6063311742689862	-0.6347433149429793	-0.9476226177993836	-1.2000718207650325	-0.8839257861756857	-0.09033008203544836	1.678771910144164	-1.06450144531534	0.22355445470661997	2.3200135080322166	-0.21530399633666564	2.2122610802204443	-1.6791919909335895	0.7547511509772843	-0.24184926627930817	-0.7902114219806188	0.7622628437795325	0.03754555937926336	-0.9842186944899111	0.41599279143831225	-0.754359694129733	-1.9897233221363648	0.015663520325895228	-0.8177254225091739	0.6767183830641998	0.10729284320461953	1.0498198847172646	0.42736263772243155	-1.4008595024186896	1.9979650058317848	0.4479267362112293	0.11314391881336898	-0.020184658066585464	-0.1532351466468862	-0.19361060666655522	0.31421365674836554	0.7614041276542678	0.22246434366799012	0.736790758445139	-0.8258355103427358	0.03658242052859023	0.21014712724447968	-1.6407672161890154	-0.8977395912698417	-0.1920821713767007	1.166320586281375	-0.22087813965103734	0.24971462005575634	-0.7047864270711165	0.7513739861531169	-0.6226615866509172	0.23893490163040063	-0.0759861193218941	0.6698430207384208	-1.2078342791789332	-1.8526911154095684	-1.851066897687626	-1.1196082223305996	-2.029845125898932	0.020234969580096233	1.2486303349699497	0.8939556877786918	0.6309752000191516	0.051242254557411236	0.02269432036308778	-0.011104595924108803	0.01157202626316175	0.5148529776274526	-1.1033424120314048	-0.6302023297318456	-0.2712204073327357	0.3775070252527484	0.28262396539493106	-0.9155556520644405	0.1864611715704248	0.13080925898989343	-0.9565168151413772	-0.26917008246096413	0.2446694123217266	-0.24189300968711636	-0.26560629348115544	-0.2181863742713339	0.0708831274803413	-0.3555646587751643
DTXSID6025018	-0.8672027748494756	-1.7317783400842928	4.842052913752157	-0.6300318363198603	-0.9795462635030703	-0.1272129618914992	0.8947762882700773	-0.6361855361579688	1.444974831272016	1.690120285961113	0.4969424015959036	-0.652433455081632	1.1211585195571752	-2.0760437833432928	-0.5505580409568029	-0.12060699368668382	-0.8348395408236913	-0.045974214588023206	0.5077542635338744	0.9941399510025095	0.5083216571930455	0.8539498160777456	-2.0316146951376766	-0.37398679817904645	0.34888859912517795	-0.3481142154987454	0.6341371177495683	0.8300357592862265	0.7702274499029086	0.23909862169333826	0.7069839696162571	-1.2389303565884502	-0.49460906187285275	-0.7458410579634795	0.23226366009073793	0.39973413161662114	-1.134478502719391	-0.19279303025688774	0.28971039458078574	0.4592494722406251	0.4166369860970337	0.27834131906949616	0.09131549167798043	0.30919587181888986	0.3464670386280487	0.4002005062013377	0.14164693326465075	-0.2051483553209023	0.2598329640920056	-0.2114675288077109	0.02462673111395454	-0.11493752740869816	-0.05831775915345252	0.20692094215256507	0.014087423755364559	-0.78938684595266	-0.44683037658983166	0.09416905826163677	0.03259067939411453	-0.08678048880622295	-0.37046332209431027	-0.4477327120921601	-0.5090979832411685	0.02382585774423574	0.2563664494281445	0.1678922752746416	-0.5012569177449506	0.174016113933781	-0.510531221184528	-1.4314059334456601	0.7768822856500949	-0.4212757956949243	0.2336325672277337	0.411081240786077	-0.29932671304827724	0.47098315167245364	0.9652968149072532	0.04253036084979034	0.6246900568148688	-0.15684051528046683	-0.06645473413729162	-0.05595067044079336	0.8823064378406855	0.2288996649103373	0.1524166369509238	0.5398563416552858	0.1407494423218549	-0.6717825193997147	0.5496260687843495	-0.19450829756719032	1.0841262557975047	-0.7946889914750933	-0.1667269277662505	0.013131053527652193	0.6662352971386728	0.6282704773179867	-0.26310542635463147	-0.44464355658523425	-0.35566504486531897	0.7386998280162013
DTXSID1042364	-1.3938057594635702	1.7723336821287707	-1.4610401648360711	1.93149185402064	0.8691677887111497	0.5698432136024892	0.8485097440814079	0.19868486588382195	-2.5247947694208426	-2.0949692584064	3.197529056248717	-0.9852774186580198	1.388437890780899	-0.5099307928120004	1.1889969900509985	-1.9510148335564839	0.7241476958266403	0.2400415060528616	-0.7283702839929943	0.3984280961944784	-0.6171406271569339	-0.9792945898890049	0.3566079985830952	0.6772217008847536	0.5304559556186809	-1.5759219511715798	-1.2542500526272014	0.05436388532183519	0.8153096616138548	-0.9461821911361274	0.9733687444297582	-0.26866260290219973	-0.2989418921565108	-1.0125901294988076	-0.16259395448522562	1.0578988310071418	-0.2829016838647272	1.3360635253310742	-1.414663429342187	0.10519835124399968	0.31172923150099685	-0.4512406438797095	1.5845036743949845	0.10088795061653462	-1.0278353243454146	0.1417732166217887	-0.6114824197320625	0.5295850933861092	0.5428023056827539	0.24260419042416476	0.4140492140273366	0.5772046839928132	-0.12835014389701804	0.041907868169848796	-0.1564958918026877	-0.0819248323791823	-0.10695622470857129	0.5969382500533249	0.7878753013252965	-0.8529555920667067	0.969232977429333	0.9989659286146265	-0.218188590228786	-1.2513175787033752	0.002471625054641023	0.26183499859948295	0.42856158617303647	-0.07790496615453153	0.40294922069278233	0.9816474944739043	-0.11254284506697267	0.2681052115940315	-0.5095660333631601	0.1968803205035769	0.7512195181044882	-0.6800926556275902	-0.32693146702910536	-0.26080854485932764	0.2971428495500597	-0.5428459226169576	-0.5500847700770347	0.6005511089156143	-0.5095741945890259	-0.11789425489051694	-0.310244084870239	-0.13866889412008976	0.0789141069096572	0.004690268706164007	0.20282652719721503	-0.27579898500456385	0.5336996164544033	-0.08037872488119394	0.08090791134668811	0.5064167354233322	-0.10757234051397262	0.044902170120189565	0.753998662393161	0.2560423682974673	0.38507071606973214	-0.16641335602787988
DTXSID3023718	1.9758605455094702	3.7743100812363535	1.9082754131282997	2.0076256200564684	-1.3919318737725515	-2.1098375229724025	3.8985981550432367	-0.6528017205305271	2.2847355525078816	-1.4398141176592485	1.4744009596546421	0.37796411861411217	-0.16054800130464425	-1.1218132619348344	2.4929249222964303	-0.7723511261226462	-1.7177749764301287	-0.3212484041523644	-1.1468613619470733	2.9625076210542898	0.22592054283974225	-0.850677289504568	1.7944107235688198	0.26891748223267425	0.6242832088145072	-1.5590973081368031	-0.9146583432240918	-0.08217357979535701	-0.6883589166876485	-1.069395487517334	0.9810478389631565	-0.3845285262560976	-0.14507034143032957	0.38161009396293916	0.05766175188127633	-0.43090177034010607	0.3953561222584046	0.1821533152349431	-0.9539621644870021	-0.8008515443485581	0.842287130483038	-0.07182214024412441	-0.019824249053175168	0.7076465650834214	-0.8884459199565206	-0.03364035416129297	0.49752544282695504	-0.7227517869917934	0.3063375097305301	0.2509847856622082	0.21706531134264928	-0.1764851128410958	-0.28376636617170814	-0.6158746138599875	-0.01781170589890146	-0.9203647404754443	0.05316920616841409	-0.5935757383476657	0.02570847163276515	-0.9656332205711669	0.10747759433687643	0.7735349351929406	-0.32982923464825664	-0.6046131967734504	-0.4083354914856792	-0.006391405459639875	0.17120147408978945	0.9322119553390933	0.6461619292848648	-0.7185837541648343	-0.6502938564044043	0.13890175461365328	-0.6514675316995854	0.2063461918924625	-0.3575239685731344	0.4529327579442387	-0.5149610555089571	1.1858635292380981	2.3445581076272393	0.9980522838340852	-0.5953463940720027	1.390567548707354	0.11533925263010317	0.9071539681870141	-0.648937341426355	3.8744824521436927	-1.6763912481910082	0.9606958497494479	-0.3128496401543468	-0.04635253245988577	-0.8765533122060185	0.7458433492526331	0.0005036409217557238	-0.1836744856817762	0.3564851124381514	0.36881258677383566	0.28735007922368216	-0.4560631685453957	0.23773739822065026	-0.0079366471239327
DTXSID2048660	9.682509013151696	2.91238240037656	-5.605000174497918	1.9478368666966026	6.360596416868831	-3.5561637059206217	4.867354124172909	-0.03316395932508073	-0.7518086960013692	-2.160398640124236	-2.212183989073218	0.29415747595302527	3.026916291587112	-1.1685030163970438	-0.15295317811173742	0.48446651389893847	-1.163159167253639	0.3232896336224028	-1.466156347623305	0.056586403383889296	-1.5407895670254075	-0.2156044511660269	-0.29224666110566677	-0.6763337380127146	0.846147160497349	-0.9107466898777914	0.12615239693453054	0.054598831186983464	0.619634129200033	-0.4438614017523308	-0.3729012278130652	-0.5911348816880326	0.6899976627322564	0.4410586620158347	1.528860014094132	-0.3430882815388779	-0.9017084582320805	-0.7809052274964244	-1.0362075708490195	-1.1096074220605712	0.7939746032060674	0.8207600406649492	-1.232769824175408	-0.04286774043064669	0.3872964750391073	0.7953671349580701	-0.7069201125709514	-0.8592314203989656	-0.4307316271797633	-0.4622061543546182	-0.12130289826939972	-0.5119692619677941	-0.06538336404795163	0.5420508771600433	-0.51907496951154	0.31594009719483	-0.2041151358799227	1.8306377838149235	-0.833111797208283	0.33321529973059605	-0.8742012859089388	1.0483557302019348	-0.8476248626154816	0.6042947197982771	-0.39908354362125353	-0.30578392420746675	-1.7539160739138975	0.9712730243756725	0.35244992296659905	-1.2421970799449882	0.8197035891132101	-0.292875746005316	0.3391023041985144	1.3114525022314059	-0.8321284027139172	-0.282993548769317	-0.7762308115734005	2.11613847270184	1.8676608337330622	-0.7906371552054229	-0.6910883504956379	0.3724385317109508	0.2531572972174854	-0.5749770053968921	-0.4671127793332412	-1.3226132212772856	0.06759543363253481	0.9437850776277312	0.36635115354737674	0.9796529819802685	-0.35670705703046957	-0.011929560227964733	0.5536574812556195	-1.5014096406575859	0.13645539292887346	-0.5718889691177308	-1.1066438392362494	-0.6821267926500082	-0.6426167658254825	-1.7041407172735972
DTXSID4038762	4.110987877651733	0.19371582849882973	-4.406437218906799	2.288304478873584	0.06085529972784585	-2.2023575627328698	5.989862728528161	-0.5711191539705937	-3.1437997879466866	1.629727736299152	0.08990033590919964	0.49732092616738616	-0.43916784843801204	2.625308771100115	-0.7728515678421014	-1.905263315951625	0.1762345447792503	-0.2508288766726601	-1.9038332667472333	0.5466254628932544	-2.6513774157397476	-0.9683770474030082	0.361340647367885	-0.492987852721883	0.1681215228827018	0.5873434128328372	-0.675071089896089	1.1192438754452456	-0.10665665115444917	0.41684562466672065	-0.8349493954101315	-1.347190807382564	0.5873861928595937	0.5208964125098614	-1.0426169342046654	1.2019821116484257	1.5004211044607094	2.801395385363379	-0.7660553772493348	-0.3531771053506582	-2.1464212723777982	-0.06388790300458519	-1.41607632696873	-1.4516933739792999	0.614571119149911	-0.4717937608868415	0.12547855898434548	-0.5000999093352317	-0.22971231610925658	0.6111917322847816	0.29843438396563066	0.5435175968408971	-0.20579498762149892	-0.7915347961467424	1.5162608179722286	0.08426241171539496	1.7234745568781324	2.468388450654741	0.9375194511553108	-0.15355919482139488	-0.8272296095621537	-0.0019061044895577982	1.1657962777773418	1.7537754510562957	-0.01918319199559821	-1.5555799707689069	-0.8063289507525055	1.2475794609687683	-1.1797190587342359	-0.9162702560253784	-0.2497037241506183	0.4050133613331368	0.2865044211609524	2.8915711802065975	1.1078509315875344	0.37224731765230623	0.0495849739274324	-0.6506343589735195	-0.9791754482709162	2.2635978525923797	1.8452931665275818	0.1245840760535444	1.1160364589275935	-1.0919869305599872	0.2511050252869926	-0.6831626762382769	-0.9704925338070123	0.6249306645653695	-0.019445451040014623	0.5851664063070444	-1.2898204219405236	0.5943218284784253	0.8401620112136459	0.28543434548441604	-0.42373993308796387	0.022342947623478698	-0.18772336272414622	-0.297454654842023	-0.22158626132684311	0.4652491855826156
DTXSID9025403	-1.2882133974520387	0.8613560867159731	2.1132339805122946	-0.9045985385636843	0.040226452098256885	-1.6864877788805785	-1.1181749150940248	-0.24639357007174292	0.48921503945067496	-1.5431476423517883	0.10841080979386554	0.07881744450274973	-0.4815800620549159	0.877015821451443	-1.148741391493285	-0.42685976077921833	0.8000099820904294	-0.5818645295249117	0.3200456318471096	-0.43918532723503384	0.48886619306314727	-0.13031925514788464	0.4840924278198875	0.32718638933796257	-0.622397066691261	0.2819908130157405	-0.20603026051354975	0.1694397915167752	0.17572775533034857	-0.2723110693485712	-0.1869024447440197	-0.24052383964282245	-0.5211524929372374	-0.6392621785203523	-0.16650319441323583	0.26986303931941324	-0.09208979708421386	0.39156048465737453	-0.09445191582992053	0.3748594410981891	-0.05452806789618129	0.1299654369085369	-0.10001834093666796	0.17810317399503908	-0.34724423352841566	-0.0331277321446906	0.1554154973335326	-0.1764954572338697	-0.09323479258160934	0.1212629875857451	-0.023279593678074986	0.146622051411451	0.11975224064768142	-0.20649525281573577	-0.17950024248160634	-0.04846278215252602	-0.09515554052907374	0.031052660665994842	-0.2405057268212437	-0.20969864168481717	0.23204865151307646	-0.031366106542228475	0.20975584791215968	0.30103877842900684	0.032604558605054755	-0.39966746819012144	0.3409344142910867	-0.3762535473646161	0.19164813963069602	0.03234596551622114	0.37700325333781215	-0.21152377320326182	-0.05688270118097451	0.26173370908795307	-0.7518230135290149	0.17451173439823256	0.14353073566846183	0.126938481686565	-0.19946685283706256	-0.22633475559570762	0.15647875079331058	0.06455593384709886	-0.4283783538438613	-0.10451948111287272	0.24832137172125046	0.15084352152499134	0.3134770215966601	0.087200113434994	0.05121715072423461	-0.10503707741415322	-0.449823599314741	0.15437900030841215	-0.0484344879899308	-0.04423972951446288	0.252860073366803	0.24121122371755882	-0.4022884225067478	0.04532117176820866	0.06633021169609762	-0.053345456442421633
DTXSID3048574	0.07882483953971209	-2.2880069221906685	0.006526086594717683	-3.7329441379107617	-0.18038058825914255	1.6333381314522577	0.48802298254498366	-1.1592563837367933	0.12452362420067048	0.03767109067986714	-1.6563195276220748	-1.0199885084391838	-1.5749803902628767	-1.2826654368146013	-0.9407629489897372	-0.9358383205830983	2.008888630441538	2.443357003082266	-4.297783174565028	0.6488321102776238	4.078550924688973	-1.4916900627716547	-4.1644344213857005	-2.1918165374292613	4.255259311884655	0.30772792347221445	0.26334976802164456	-0.4857026451299669	-1.0692974262660373	-0.08195043918674438	-0.9832769914206824	-1.814139032044261	-2.203711033050998	2.1965189619682373	-5.90996830094178	-1.454072351680118	1.8611990314740878	-0.14217861070374813	0.31641043823923676	5.015999146171919	3.2442493331607354	-5.92251500465773	0.21142608801104693	3.5125203421448186	2.2449929670634052	-3.0070049553769835	7.531298000052886	-2.477553837287249	2.9458719008164906	-2.172332019562491	0.9090584353422285	5.817039633676262	0.5786345557952249	-3.8421542403272215	3.814736015030489	7.137933840663755	-0.576723992458218	3.664970426124578	-2.8097383315886364	3.1619965940449823	-2.245291159882004	-0.7662356067791058	-4.199893365502339	-5.020648161217847	-0.1434042101168564	1.874100102649047	0.24801676091769723	1.0704157110389718	0.7695168984224123	0.10854797973778452	0.573004031476806	-1.1630254961355124	1.0828918966378738	0.3251033214843895	-1.6168853701134411	0.6635533913074944	0.6123353038248412	0.9637291581491368	-0.05772308021404467	0.6646604599224338	0.3021655620464355	1.232760862699329	0.5822397930709009	0.056191030810507046	-0.6682575530827758	-0.6810700109968096	0.7770858783308958	-0.8824094009222677	-0.8146467885260887	1.1773007278469594	0.19467525339586678	0.8640332620440154	0.40514237589329927	-0.290277584445367	-0.6698005692193669	-0.8671046843562243	-0.01506612927585891	-0.632413282523496	0.09714842640491653	0.11814698850693053
DTXSID9023542	1.9767757313828407	3.7280844101159007	-0.5727438980812033	1.1302664822035442	-1.958626180347646	-3.2005199092026637	2.6506394051598243	0.28096182679541176	0.18217803994547604	-1.6437174767472833	0.43093775847790794	0.34051753435832144	-0.7030709622989129	2.9316732948479074	3.261031136350999	1.0302471709852163	-2.3316396586143644	1.0652251586387735	-1.0936610830717246	-0.4788127320220717	-2.154797734641768	-0.9813070403239998	-0.6157126613315472	0.19468600830471602	0.31464935875439404	-1.6710101454856692	0.9423594640239821	0.7867860214723615	0.3279135682643101	-0.8272464803921374	0.32352908303612743	-0.9550844058237647	1.3415679258900193	0.6171320563311274	-0.28524431080762525	-1.7480272480726928	-1.5111161647556903	-1.1514742021329007	-0.975326899556153	1.0528726885628323	0.6699979160642462	0.5950979659869762	1.305153655899826	0.06537125922651683	-0.43193876382772123	-0.1381189427798373	-0.44634826273869843	0.3428360193520932	0.4887166053913371	-0.3643901294309847	0.03845992643514481	-0.6542290469720544	0.2936597282566556	-0.04514270446315205	0.517215579696768	-0.9533171833401164	0.935954137422367	0.7702618585853245	0.436919284814439	-0.8198364601405154	-0.34499076277389623	-1.1692817905662674	-1.1367365826888862	-1.324114348068446	0.4051863816989964	1.0509843873436788	0.09692441447369395	-0.8398654765841361	0.6758888036147928	-0.9249713746783285	1.087443267616532	0.697721120883865	-0.8696543361300885	-0.87640457226687	-0.38823318687705344	0.06789793021706049	0.32083832199684414	-0.8715762435356493	-1.0202520855487272	0.49140291916792084	-0.1521171265094281	0.09730572681497797	0.023140943342034224	0.35906314932038574	0.8497252139109691	0.5417469891934323	0.11817390261855616	0.18825664699340836	-0.8228376054232682	-0.13373800126107324	-0.3532587515608167	-0.40178010158123745	-0.2951338646316709	0.9563437323936805	-0.021863981207704074	0.3393958089113084	0.07315422941363987	0.046004931446639544	0.13456897397413928	0.2389549423513621
DTXSID1049271	2.3324168811752592	6.740445434215461	2.784628109855894	3.188511771855628	-0.30372452625817803	1.0705540231489363	-1.4555222670478085	-1.5094476327111817	1.417372333697782	-0.7758833808122498	1.7980125170766976	-0.9044364887251062	-1.3957712664425	-2.10119652874052	-1.6329949726352875	0.8640650356467081	-1.4348585008972137	-0.6343610881990707	-1.0956390326149847	0.6872555719421036	0.930760627409248	-0.10645005667211212	-0.18143533355069105	-1.0831096305529668	-0.1748076600841794	0.9434988730841448	0.013297514459147598	1.3136006168774146	-0.523823970566997	0.18025378954328145	1.1360439778409874	1.866037053813768	0.9200265832253677	0.19829982606738958	-0.07456531172874074	-0.7259574341949191	0.9101511802309262	1.787942462187575	1.8890516625134075	-0.45403688508807305	-0.7007850221656354	0.5516697054413318	-1.107067540259094	-0.6642393115820561	-0.6439185615991535	1.6511981280414287	0.34731942444172087	0.5358444168409662	0.31258172748869073	0.31699594875802556	0.41628727312445607	1.2849097328876575	-0.45602920758711557	0.5673720645564633	0.8845378222896024	-0.761877535884057	0.9145880468107211	0.1754637985201841	-0.4405726940365053	-0.6446577946318227	0.9574612988578388	0.8313747949051131	-0.5827681071305553	-1.9691514402963795	0.05370115692629099	-0.4026640465698248	1.0737130076069343	-0.2228594556456914	0.1863323698575656	1.9206688473045892	-0.21046914777586598	0.1692557516844431	-0.9161541104221204	-0.7132287391306461	0.2887434806608318	-0.6413922910791502	-1.2135561507300416	0.013122440146872118	0.5284744622106174	-0.7350505415309617	-0.7997113217376053	1.1304064726133514	-0.47666153702082337	-0.3929808039994392	-0.21623950014564058	-0.7974869687715546	0.17834190459190544	-0.3966902432723839	0.5093802747670364	0.5754970895212349	0.5738855882874307	-0.03119412147485951	-1.2880987984399874	-0.24349149954920274	0.46963297058175557	0.44438883348531805	-0.062051451120584335	-1.0624700619313487	-0.2210488980565502	0.8145120346414688
DTXSID1047940	6.11113315025832	-2.5542671486519644	-2.9620120031256834	-8.744158505436546	1.1057086215933372	4.81441339622065	3.9877629625564674	-3.3379784053550043	5.229801045260156	-1.4286753792235813	-0.7105790153665036	0.1034141091215696	-0.38486662413324896	1.1035629328234648	3.148030396310804	-1.0958465543016882	0.30007058013999954	0.5066690053477793	-2.9073697978044657	4.639019990782831	6.413514527549718	-1.444760787552268	-1.506882495540893	2.1696212943013364	0.2443832006216628	0.5360281146267343	0.2529276296314673	2.5305243629433543	-2.364485162080218	-0.9523227344778851	-0.9591941904733708	0.3598088652923935	-0.8710853655532231	0.7172220056616108	-0.4365385337698472	-1.5046376539552075	1.7460390562241048	-0.5063375334681457	-0.26071446631666223	-0.25476264474532273	-0.002054164207417676	-0.10435776098562119	0.5451996386148208	-1.6261193937160385	-0.0884187325053779	-0.6384483924884476	-0.9425594861957755	0.7519072510922135	0.4428626097235775	-0.39635217649024934	-0.031846023780876996	-0.1075431293830642	-0.18479059584610671	-0.3218190692357869	-0.6572665987156101	-1.039068466918826	0.055171167337548725	-2.0148593678266766	1.3874410579012326	-2.189595025540022	-0.613202857559482	-2.070678188808937	2.145177409551022	-0.09592360200058044	-0.16198758922564124	0.13691529851979223	0.4343774860443604	-0.1614956749008826	-0.33226271363461796	1.3728767613521222	-1.301533723809992	-0.9086392443840422	0.8902543115679215	0.35887515774226325	0.2284383717638233	0.21672823242230269	-0.2628735698237244	0.8431059252472889	1.4537871684988037	0.887624215260022	0.7344783560901332	0.40394517996516954	-0.053367781433447566	-1.7539333805258799	-1.4078830938187756	2.5216255718671317	0.9882622175891649	1.1368283104415668	-0.8383389818727712	-0.2121919757522755	0.0008717266645347641	0.7597426692160889	-0.20084383837168995	0.0888470442360351	-0.6667017954519037	-1.2134629024442132	0.7721656883985732	-0.6159606813949126	-0.2515485515995495	0.6283805557389582
DTXSID1044433	-3.7749580035112182	-3.561207385980741	2.264649165998265	1.2240514371241862	3.265924941806674	1.4072326763653031	-2.223276074913341	-0.02543377494705368	-0.7503263110652809	-0.9497375993491888	-0.05790532629667754	-0.6429439144916048	-1.6057310642528297	0.6471129788414246	-2.106591227589726	1.7154123141990596	-2.3450456558972945	-0.2858826947436085	-2.010996624094648	2.500367149756572	0.32820773221599503	0.4074480934509581	-0.40211761644323535	-1.3001581864320246	0.8164938460413068	1.5257261867443115	1.6087521754528205	-0.841358743808961	-0.08525815196370977	0.8890637002982834	1.3285434468509831	1.150051548473775	0.11840778728619189	0.13299137482236564	1.8857746694669713	0.861839202419642	0.24916961524993464	0.5579228522154588	0.2702265550701457	0.0646503651024252	0.37589868730114984	-0.2929059906361129	-0.2568945481344608	-1.9732878972431043	-0.005964161909283828	0.46809779828697173	-0.38365060007080837	1.2363484774535523	-0.31462134342592796	0.30673722899579037	-0.11038330024746375	0.7295273362003727	-0.2232438037087142	0.26520874890254226	0.6138121305175711	-0.363029252416467	0.9609112390997998	0.2050737212955709	-0.1908868950892327	0.013410306952666502	-0.31002085380689426	-0.8535839711995901	-0.3458813002772891	-0.7441148383635249	0.21556506039334677	0.5894915296701387	0.9999555732435003	-0.5742464411015148	-0.05549274287958286	-0.5626184842742765	-0.5380604382976686	-0.1150671892073175	-0.2882551094418621	-0.08805265944464298	-0.29358372308806674	0.29997084768710314	-0.41218077144012266	-0.365614633275923	-0.3345502869691994	-0.7089866355552171	-1.45137829228605	0.27399210539311225	0.00840779576717982	0.8489083921176404	0.7185717242269993	-0.36734641137867197	-0.955641629543315	-0.6733939231892146	-0.16461973533298824	0.20969485084633946	-0.0038993726308906673	0.24665804014088946	-0.9476645237950563	-0.14045166561554934	-0.237373380868835	-0.4320780284948311	0.4552115517885047	-0.12699840036014756	-0.40727371397047574	0.7021471363732676
DTXSID8046034	24.98342629633791	-15.548525750987869	-13.073418892108824	3.2115336565949995	-7.749069823949679	-4.106217283813805	-4.952039501999007	-1.9776799780304393	0.8934357029793633	0.7309437587482183	2.320097740645245	1.368690935548887	3.154073858104645	-0.49823118078470935	-4.70687137201452	3.805701260445736	0.5565891894858983	2.75640992797258	-5.064959135628428	-5.078436880700125	-0.3555448284398767	-3.5518880139010656	1.6767408330474654	0.08187253384496691	-6.070401291918617	-0.5626073657917587	-1.1240420555163546	1.0513373956528207	-0.12787972031131764	-1.2904570211861188	-1.4857090938186528	-0.3889775132324067	0.0450634245076644	-0.18937224009086726	0.15458216300496555	-0.3131774657354922	2.583485368672681	0.9170263394733515	0.6404379062539463	-2.5281977196276344	-1.0749102619005717	1.4804766070019837	1.5818698110958394	2.364800716911226	2.3251332006480854	0.5962791433110575	-2.3359730637699005	1.3321913432119232	1.0214961458446594	-1.0457259410265343	-0.2523972692730697	2.207852923923479	-1.649614075688462	-0.09157247918158425	-1.100189423346275	-0.7491565452164902	-0.2576705075902423	0.7758911668475658	-0.9192707267657994	1.030939500812636	-1.2640220452252924	-0.49269476644549154	0.01808479644329303	-1.178529923977398	0.28948569614230746	0.8388695123721607	0.4850002609503165	4.153626344546061	0.10794558293069749	-1.9053303075132504	-1.9177136989405847	0.19455896234191264	-0.15070793847412436	0.06805774280387242	-1.1741838231696222	-0.9962009819141555	-0.5771626278808256	0.7752735139802251	0.5300426604966189	-0.45167043679939717	-0.30486929117422423	0.46468920639425465	0.1274006917557322	0.19181475403923112	0.3068255550472333	0.39759019769442966	0.6059453732150801	-0.5139189747039509	-0.31064694529486647	0.6192853301102611	0.8221657294532622	0.28275731725231124	-0.6036178439666526	0.10911438160788613	-0.28091028880146024	0.3067476566555357	0.8526692966203081	0.5520244501483483	-0.40131725232747506	0.11254722329357872
DTXSID3046164	0.8630733252243811	1.970440710082136	-0.6781703621057917	2.7883578921880456	3.020523607286614	-2.3629225681506507	0.9132475949598199	2.287520523790236	4.278285205772596	1.1892397807835569	-1.5354639660262133	-1.1386978896642577	1.5791655790043446	-0.3758808155126346	2.0984676120004173	0.7218438178368441	0.29188701945707735	1.3551563736433845	0.2481846598464104	-1.6035285917254734	-1.4912468497931168	-1.0421712574593547	0.8876018260869557	0.4904404904951705	0.7275549714889897	-0.875267088031406	0.30790843164448495	-0.00044866785955801437	0.31516811554802693	0.6197520387648132	-1.786201713259706	-0.9371826414151666	-0.3273628544080919	-0.1897916162987305	0.9629581309318213	1.2991518782184643	-1.2999925344291712	0.16838497355363408	0.2800755530486725	-0.3565117395965058	-0.7667671994379406	-1.1386982174503515	0.22454159666490925	-0.5118520592920242	0.6932854115106901	-0.12585314142438672	1.056092324370877	1.0369212139305686	0.12473531256077185	0.5457998153069081	0.0420234603859278	0.7555940064666331	1.144747746021438	-0.4633521350834004	1.1169442366462747	-0.7293753868074191	-0.967763163485743	-0.8312224642112201	1.4997720354373705	0.2370844087898417	-0.2081093785206001	-2.457607632858981	-0.7197870837893698	-0.04592903486491538	0.04166873071316386	-0.2873316832178281	1.2628791142638998	0.9214881418809506	0.7518233198557459	0.6646361839963698	0.18583903789049774	-0.6114018843617889	0.15798411935190493	0.7740973564105774	0.2671531114402525	-0.21163295198045692	-0.04097034188446682	-1.165912769322407	0.5155833399563665	-1.0408675236443012	-0.11228675750390732	1.422763304680803	0.05902800199668547	-0.2416097701049402	-0.1338546091529685	0.010536518858669932	-0.9053045525003569	0.3855616110584742	1.4580606432195558	-0.29386877351710716	0.7036611543116099	0.23574967946933675	0.8442961932984767	-0.8629438321627666	-0.014747365153276685	-0.03269917838395092	0.5130251308184623	0.22114841648324762	0.3286405288947112	-0.24854600892209913
DTXSID1022760	13.863655447972137	0.5252847190699763	-7.745584684234283	2.745798866359108	7.015275442156414	-4.79032359714882	4.761113965351047	4.75178650281372	-4.793571102769703	-1.5931125509678035	4.8330664862489865	-2.771138455793761	3.316896484256801	-2.3571729397895442	4.156058431763737	-2.7247580545506116	0.7852091152891473	-1.3445243326343599	-0.8905285262230909	-0.15145236895516262	-4.457923205654798	1.9718706837012119	3.073760093117301	-5.231104992368753	1.8738036698766882	9.928182188435436	-2.113007780658143	0.21869429469535193	-7.016582649956418	5.495789596811944	1.2788087990189794	-5.582063373309026	-2.9057658617816813	-0.38175271213431294	-0.6430038492688702	-3.460942853948004	0.5226497760551733	-19.531391159230495	-1.5454812824142596	-0.8430173605624126	1.6157796628602006	6.335804666920617	-2.4911700094352645	-1.1295508604464126	-9.750952876704202	32.94874353612414	-2.656452024003441	-21.658869813586783	4.995074233733247	5.1682630591824275	-42.132831994492356	19.660928878058154	-6.068611787401546	-4.3369206397924875	-10.36213838361914	16.466577549416847	-2.011763182698223	-0.18423689005901756	19.878275121778557	-1.376366941653519	4.826315746582606	-5.864597605661822	-0.544012182372666	-1.1462588457295952	2.5574969109910555	-5.66455646805741	10.927080055820333	2.2291944990394645	-0.3720741773669707	-3.269557815831	-2.1382077066034464	3.5535293063576483	3.554420269384994	-0.7291781501782039	1.5295966803121699	1.051818554593535	-0.16607383772530002	-2.109261632644053	-2.7884544821761996	1.5374863436032207	-1.2548663072908246	-1.590666690069376	2.0667179207420423	0.688648820940927	0.4951245066902855	-0.23387195067651378	0.55292851012147	0.6557428106037847	-1.2554819069070309	0.45152907297680633	-0.9518510136810905	-0.7523431917582469	0.44898926737521716	-1.1235161674467409	-0.5396757529382499	0.7797051594897624	0.18419276449084987	-0.4125801012738545	-0.19703465788150754	-0.46128010254555235
DTXSID4022313	-0.3242010868537508	5.769183880251383	0.5866561730544453	-0.7221258597404311	-3.1160631363468996	3.7037116624863335	-0.9122703162312389	4.505067065654042	-0.8324997873968223	-0.3498058719809591	1.125544777883809	0.6149262628926714	0.3067841565909203	-0.7165506310205878	-1.5507024108037546	-0.057447619346517355	0.03360357529942031	-0.4167892191347147	-0.5084954035053738	-0.6323481227865111	0.39578018191779757	-0.5629314073180804	0.7037143916592556	0.7199676189214931	-0.6305143805717305	-0.19811228167008807	-0.15051822313031793	-1.5179094638454167	0.272513683542815	-0.44286362265911	0.2328429990420705	0.3650509678431039	-0.9244093645952499	-0.768469327815358	0.2353631389968932	-0.22123503258483296	0.1590268370889768	0.21800321612319512	0.24905834314598063	0.523955248950798	-0.6814209212183636	0.17681329962917788	0.003980452582063596	0.3435918790672095	-0.25644122811728975	0.1077039246758676	-0.21156259265261865	-0.20156405154820656	-0.07529567249108275	0.43647504632346223	0.15935575401117036	0.21596609393524666	0.08404336102808688	-0.19950481018205504	-0.17394759731235845	-0.43692435204773516	0.2404799979919365	-0.3391830061067148	-0.280809467741934	-0.23740133487616677	0.2237161114531644	-0.058872332525080534	-0.4104604284753016	0.1107576759681421	0.05982827182866324	-0.10384926303404028	0.4544673623307266	-0.10954319285851687	-0.3175280243630689	0.11726980297687764	0.5151647407281155	-0.012541208874493009	0.4513932920917507	0.5890800369288194	0.7202000441919056	0.008612982610149353	0.8041760103427211	-0.6579470439815325	0.15807765172140317	0.4400011882801049	0.23097125434675675	-0.2646099981683877	0.5545719207095916	-1.0288572390425659	-0.06814342207636108	0.10779790936449896	-0.5638235724270952	-0.16517434701707906	-0.14668558422385913	0.4623412608189495	-0.0705120516907489	0.4057740498750564	0.5869968793436698	0.43400199518384225	-0.11756778015862318	-0.05840971726062531	0.1395430475703204	-0.13849582645659242	0.22996849564885516	0.06362779829684703
DTXSID4046319	26.501028226029597	-6.753990943266441	2.72446014613966	6.646405892444616	-2.2362577403462347	1.8291065344859656	-0.5222126603600282	2.7839912374172084	0.9342174487793294	-2.8651536662523696	-0.31312161396452165	2.5040942895615177	-3.525277439137906	4.429091480958733	4.620188899961133	-1.3434104596422807	-2.0798295157425546	-1.3140065154158238	4.7684150459986165	2.5184862994193518	2.382492102715826	-0.1564965123018555	-2.685461337400732	2.2637571709804445	0.47728730959050475	-2.4950714634820566	-0.7608016388968458	0.8650501749445952	-0.6180194903695513	1.456345835891079	1.2245153758507672	-0.8529225343788436	-0.36229599161412473	0.9025366662422776	1.089762952314502	1.5532702303835102	-1.5059260480683783	-3.3375203727276888	-0.8185157659247664	1.5842415614208136	-2.056696657609111	2.8093910473002	-2.974797823269865	6.261004943105436	-4.420269565481488	-1.1895764274822125	0.9124508358603869	-2.369346133590328	-1.0994554359772903	-3.0213379492911856	0.6232659329243051	-0.5910065570159763	-1.4591600845046937	1.6881645874278106	1.6882927907601009	-3.891691435803192	-1.8659980236813085	3.5064908025656654	-2.323544138472104	-5.4153736107803105	-1.5147657168209268	0.8584228270890212	-1.1026249886820512	-0.16537837616978546	-1.9903377258926112	-1.572033049036994	-0.5310413469163893	-0.4860468408467369	1.7393586740682663	-0.6140887505393559	-1.434032183140729	-0.9892761576780269	6.057043015208867	-3.5741342730912793	0.5727438886838403	0.7079069025285931	-4.2569492173465004	-6.578585272441863	-0.9190887324520682	3.6243984898062154	-0.5514511765391094	5.147645479813378	3.9455733096801016	0.659336811897078	2.1441239621293193	-0.5908344853092525	0.5157065667673524	-0.2776736859607035	-3.5879213655447617	1.3207530270277295	-2.21767282861292	-0.6137557644192574	4.780607019571198	0.6924369732513075	1.5828363312320883	-1.3495290964872284	1.5991016774704592	0.13337860117346304	-4.429830489927143	0.2603672611676886
DTXSID2026444	-3.7940974808885657	-4.966299300082497	-1.406024664770016	-0.6046295578969052	-2.306886369986907	-0.7635581997544812	-1.5545569739259655	-0.26352610649726255	-0.03712403779962555	1.0749606948504065	0.28449863288783195	0.12701447050891224	0.2615302329529644	-0.28356342624750447	-0.4497601760866647	1.3991411879987186	-0.7938280731088021	0.8770590912038772	-0.8612232167245547	-0.2710133934526424	0.04860647829994314	-0.36307146081003827	-1.815671818761628	-0.4733238306301088	-1.452959117270211	-0.03356311803306779	-0.25115044338511033	0.6977500210722362	0.44466924522244755	-0.8750419384563419	0.2678467322894849	0.31152508506153	-0.43477006390457534	-0.44296571803469975	0.3662772689954656	0.7356565786710101	-0.25438892106531924	0.6588130563953342	0.26603035985151524	-0.23751755030972033	0.014767697185233322	-0.14188269035780032	0.23493306256619959	0.4173413834703036	0.09058560338579302	0.3970843803881527	0.08869004005338674	-0.33232318639609015	0.11033280048953827	0.008953012368727017	-0.037668873239125836	-0.08698118484512234	-0.12901859998069995	-0.05353758016236305	-0.2958461030643626	-0.025140605495748654	-0.1995938799880301	-0.16809972085214556	-0.2593872060035297	0.42297916580634115	-0.5100700618934481	-0.24647298561820316	0.45361987456833885	0.44796366416553757	-0.7847660924512732	0.010852005130611282	0.5426121117696777	0.5718517951844513	0.0173415731611022	-0.1845422521054433	-0.14540581003971953	0.10205635218251252	-0.17861795737026645	0.1449384543890623	0.6007872171450074	-0.287383593695787	0.1162327423474775	-0.01471361996933934	-0.007993020150708739	0.2708068753997548	-0.11771834600061479	0.48717550237636026	0.03844215335678357	0.009387814448007344	0.31190933629256284	0.5862605570902092	0.6492637386034344	-0.36362191065291716	-0.35882362997692596	-0.7800614486418421	-0.105183381878259	0.052375605234245136	0.9088204634739502	0.20558661558846417	-0.45477647334079097	-0.4107415903549783	-0.4031962049835417	-0.07419888751370445	-0.36055620534645527	-0.049845813875275854
DTXSID3042261	3.5282639862394927	5.310843747813971	1.0050217286603988	1.930759017383889	2.1337584251428225	-0.6013638289116358	-0.3144640365523162	3.5331985113591213	3.876625940718085	0.7736188624436797	-0.6827323297971587	-1.1856750825627225	1.1913452253603813	-0.6090182908186245	0.6918162195447404	0.11771633927314033	0.4859301243803213	1.030745766643074	0.1723430379869869	-1.6030849011691024	-1.083199928384787	-1.020051379697908	0.4116387783040647	1.2779046851757783	-0.7183916855126674	-0.022667578757106358	0.3664183026840619	0.11249986036764952	0.5479020377344267	0.3796701525814836	-0.4580485742071302	-1.2798678613365855	-1.9713152527547442	-0.9926766798246371	0.13757433471413405	0.4509535085151905	-1.3690371935327172	0.14639297064702148	0.16089651802681573	-0.015741270033894212	-0.8788170407438454	-0.5102505410406294	0.1189840060605945	0.1330275585254158	0.7654400248885954	-0.38504378329119976	0.9026889544640114	0.7714650110124575	0.0794734162321916	0.6697434190913683	0.1491624822587963	0.9575719358548952	1.0433514703083537	-0.23050120159451826	0.5748739502424512	-1.2970996310624932	-0.40876134743407566	-0.8241370989453313	1.196513510516343	0.3780372003373406	-0.21772881824852558	-2.7598607197652765	-0.7798388201201802	0.13533854396790096	0.327173334375307	-0.236221792775858	1.0825619361241836	-0.3487338086990951	0.6955188562359771	0.14286001941549295	0.015684867555256745	-1.1325966812816821	1.0180797645405273	0.43901766131172915	-0.11161941241181238	0.4419511501152913	0.40287756681443987	-0.6266175853977993	0.35377767250467823	-1.0835943880171688	0.6214011634608354	0.12952679969507913	1.1252819054029652	0.08736041337928205	0.009090792909998155	0.3543181037987685	-1.2858987785762532	0.3252974356259245	0.6226003616663094	0.2231961702428889	0.25035456424765523	-0.0796464032024963	0.6840882303832981	-0.8494422298079417	0.44690381067175433	0.4012981013241804	0.3628310991274159	-0.13429677061582931	-1.1494482298249955	1.242520976000116
DTXSID3046407	0.27693116925302674	-0.7094301677078637	-4.0076388532046785	1.901216986810711	1.709562390243144	-1.2870153779215445	2.1201809163767726	1.253981260763684	-2.4940349329517484	7.425019013157936	-0.25920014362478855	-0.13463394411769125	1.9139452450378742	0.3924712675357077	-0.8246398182033264	5.085839932668404	4.2472721701565845	-4.97360739862157	0.4315549080961195	2.0197494826036975	1.0479334809265557	1.4660416458382337	3.071418243111775	-0.9990492670565122	-0.6883767734043323	-7.083136383306986	1.2872389720720534	3.116795551599954	3.704974804297418	-0.632664410686253	2.2427924511743536	6.143548208915517	-5.562859143613796	4.9039989406757165	-4.9646463210918474	2.147674404578028	-0.5966219514270353	-4.945101728589622	5.2513298449783194	1.2958824406430187	5.401810393280284	3.866434682666964	-0.884437274057771	-3.224833378361658	1.3487673352010274	0.14960319137153794	-0.7599136624133163	-3.44891004808092	0.13574521901716638	-1.6136769099966524	-1.453221650597163	-5.4477710162330695	2.1813169660481764	-5.6808656676432925	1.208089482029305	-1.552110785981848	0.08629521322456607	3.3783554799406237	-1.8276978049183428	2.309020661773069	-3.8614888105199805	5.509899174957128	5.389179459777819	1.1850617340918632	11.301185785671374	1.7282495674835632	5.8102813176997445	1.7889370886264937	-3.5351618677713024	1.1969866663856443	-0.015594720572290745	-3.4326314469035535	-0.04805010015694485	1.042093707029483	1.978496767269271	-1.6737706867355793	-0.5002521238346389	-3.1087413865469093	-0.5320303661696013	-1.970689107951539	1.6932513182099616	1.4149427420635898	-0.5514890257866104	3.252164567089777	-0.011802318688907777	0.4063994481125157	-0.5257029577201279	0.8956873376860804	0.9249303811646729	-0.6277705757036858	0.9970028504188482	1.035656530655883	-0.4294842200342621	-0.22995908610251986	0.7912793274333838	-0.7902418579205035	0.11204524451293617	0.2826431509988279	0.13580533784288001	-0.46665650501964095
DTXSID0025733	-2.9466774798355497	-0.1716440527562739	-2.7726258926124108	2.0675686693028905	4.075472001858166	-0.49677165440749455	-1.9247421879878641	-0.6009863307040794	1.4000280154624862	1.7802041925139243	-0.0640395294925576	4.221053934528684	-0.3785764728992606	-1.386472661181291	-0.8708026992634947	-1.9450020998509194	-0.30188276447078954	-0.0922668389922689	0.54185971047347	-0.17989958247960977	-0.6986333892512077	0.13040047920468723	0.996636984998951	1.1450329194802682	-1.6237037593026087	-0.18681266824315165	-0.2484778689362619	-0.3032876673616899	-0.5505375278550045	0.00149899554614252	0.14912685698565373	-0.7030692996811292	-2.0894783284669685	2.766948275784872	0.9001451577178747	-1.2403968436215203	-2.248857048481887	-0.7952068222021863	1.3555737446533125	-1.0132948345446813	1.1029001689313014	-1.4359067135536105	-1.5630334272618305	0.21921586458818287	-0.6686406674299434	-0.7962426505214987	-0.666473314946752	0.22560875782559067	0.32688319668980165	0.8916578472007237	0.5723448943284262	0.7100511166963915	0.34819541075397864	0.4097821235869188	0.1812810689215239	0.7759302492379474	-0.1536734412964371	0.9284413097626601	1.4732403930588098	-0.19691543689717972	-0.3457371260811068	1.3413330459184831	1.326895465080679	-0.23781174025624374	-0.7759786096167761	1.236930319471312	-0.991095905205257	-0.7382094527547547	-0.4793186415278711	-0.31880473915476804	-0.906237383471478	1.6882846906808566	-0.09685556871661964	-1.3607232675572274	-0.45104533335377534	-0.1625115251285112	1.2272815411896043	1.4647843295119034	0.7128388723570258	1.6325854331266556	-0.9484308057262468	0.6239715057752402	-0.6140426342630472	-1.3108312247094018	0.746743383208671	-1.4141218241304068	-0.49814118069983687	-0.1799232150835116	-1.5700438113679807	-0.3757250777414614	0.3588404658966962	-0.10867827832618374	-0.10747859156391777	-0.5036007684699499	-0.14735108138204592	0.7015331707237958	-0.24636528289107598	-0.3669905958804776	0.1998008228057473	0.23482493727509524
DTXSID5021461	-0.906031735797163	-4.467710629162758	-2.9806472960152575	-4.27937610506746	1.9798677952033794	-2.812616992569655	-4.86077047358983	0.4972129099901817	-4.580054615578456	0.8046760738611877	4.411323758967709	-3.3945192121332917	0.47547569032634607	-2.0028639231750978	2.1409742557481652	0.397650196920968	-1.0798543431140486	-0.8129206474140743	0.441539832924028	0.49089761558958245	-1.9580556289911208	0.9505127161831637	-0.4689576042448287	3.3521067105503155	3.490686723488034	0.9553112734404708	-0.7660258294859028	-0.47520587653108715	-0.6807338182599737	0.3860446165360753	-0.43208065846263005	1.0978902552834349	0.5646537421371812	0.5236648970841384	0.5718607081035704	-0.6099681194960321	0.638274685879762	-0.4122104826614577	1.0476458519355643	0.43356278055786235	-0.7571475823611422	-0.3972037890909874	-1.0962976444533101	0.1188072209409273	0.3089102844668951	0.07773509396517958	0.34162395006666935	-0.3228686890076668	0.341283601268424	0.4077744110301716	0.04393258032268172	-0.22701098568678113	0.41654270544123007	-0.3551333499977041	0.7065690358308909	-0.565206975277455	0.02665245622470959	-1.2684992716098618	0.006277019388908232	0.5530031827318698	-0.8330416534678977	-0.7542640840411265	0.2506567987906441	0.7775120668139989	0.18583853230032457	-0.6616309042266022	-0.6210493129110345	-0.043581275870196966	-0.41926821690352434	0.10849741402344376	0.6772244678348611	0.07965016892269497	0.35801255391617015	-0.43696428544365734	-0.2874729327387463	0.32195788210485454	0.6392293440094876	-0.5405109518188684	-0.5392437212912438	0.17635498137782982	-0.21749102104675205	-0.3291925597374728	-0.9760863121150244	0.2589644024215445	-2.754346268850308	-0.055563013294572895	-0.29064700435380375	-0.3137930127489125	-0.5274223816884844	1.766066130977451	-0.5002275207133191	-1.4765798079588872	0.13802302356059498	-0.11517353007309283	-0.7365571768207698	0.047051608268822584	0.07737159414609755	-0.6735706337463758	-0.34996306391679904	1.8064828788190483
DTXSID5044734	-1.2047603316749806	-3.0500461814193907	-0.2851111863322069	-1.2965895774403824	-2.3078370740508354	-3.58556200761998	1.0360583340301444	1.7459194152482427	0.15458338888712217	0.11120917333899158	0.05393589730912848	0.9526851702087988	-0.6668052125519675	2.9572043107580206	4.335440497628944	2.5021634097961565	-3.494904733933417	1.6623028221015475	-1.5093221439855504	-1.407841371749537	-0.7695402921024935	-0.5144062002768692	-0.500075241330311	-0.14804209761320175	-1.5009654884003372	0.53375834614535	0.5096772464354891	1.2572515902721852	-0.5221905628961341	-2.359810084356791	-1.3012825306609026	0.3773474313446898	0.7737189974042461	0.620291059117493	-0.45689994450504906	-2.128778636560193	-2.409728814979446	0.33216304952206077	-0.6072845116779493	2.7178120028707626	0.1087828348478916	0.6942737151284508	1.5296747625632747	-1.6694495082627874	0.7501825526312628	0.48383303934465977	-0.5572730858445848	0.7860315009964172	0.6119553391206723	-0.31059985661054734	-0.23012685213452846	-0.5478829574018441	0.8867091954540612	-0.014790722335560206	0.2821083630820091	0.6086903112012633	0.45844939136882795	2.168855738520333	-0.29976422288051574	-0.4704299060047798	0.6579713933034758	-2.088009300892826	-1.0333242187597267	-0.03184523210825574	0.9508147581013527	0.7763467656812123	0.17924165653459348	-2.3670286600219033	-0.1637224008520461	-0.2940925701525496	3.0324656348733496	2.062912532688829	-2.4847986705605263	-1.943090951019887	1.1848189337092239	-1.1024896370527242	0.3743217177462523	-1.0948477312068565	-0.845516218922793	1.0969584878569905	0.513133195800193	1.2463773431358298	-0.27213820534454947	0.5062173155212681	0.8029784216460191	0.9767065435764056	0.32704674837208314	-0.4167656329131358	0.04415543765005362	-0.09768761076621937	0.01872833334550849	-0.49042022801067764	-0.1572009765208035	0.11887932185220251	-0.03150755777013347	-0.030644241300424903	-0.7512019449178368	-0.20491336165146565	-0.017728040875351042	-0.30938579932984495
DTXSID4027525	-1.7341906649874357	-3.3976381907539026	0.5041413332789685	-2.8850879865851957	1.842304414144176	-0.8678714468078106	-2.0921666384611552	-1.2922765687018511	-3.031237020391372	0.3801336072917901	0.5861514022171554	-3.071755929133815	-1.374036889725529	-2.1167433974618897	3.220901851756666	-0.26666346641888183	0.37245728909285	-0.9692622945916275	1.9522034564371584	-0.8345932470217456	-1.1421844480948768	-0.23494213541509915	1.9016792983816324	-0.24659163737462722	-0.7327386967327668	0.20052533096295302	1.3430383866218982	-1.5552198969393562	0.606988745868292	0.5362563007259846	0.18888352317150983	-0.8773703680113726	0.4041193558358239	-0.354843062076258	0.8254268850995303	0.28830020516076926	0.2199717106245578	0.5753089313408755	0.0023468928215594946	0.4146476471143145	-0.15987337464347715	0.0910609209913496	-0.6573103518353445	0.1321636432806766	-0.06733081271310065	0.41833464857105346	0.040368695908102624	-0.2898419215097236	0.3099995903708612	0.3713571967772704	0.22963441590193104	0.00895243288865819	0.49941559782413936	0.07993448564584293	0.32808116336773085	-0.08522015456850131	0.37227212659157904	-0.30563546358395827	-0.156890035339256	0.9731348300515965	-0.6192501988376883	-0.49832384022741955	-0.01210098359692773	-0.48864881643147307	0.14061513210305654	-0.756564723202452	-1.122372049211484	0.1292863159408208	0.38935559295112904	0.6904177334325574	0.7118253039832474	-0.907468483976329	0.5394436174400102	-0.5963576881701479	0.2860752776115611	0.43369317608850444	0.9107124626404302	-0.1017107213528832	-0.1586145970402906	0.012632513617338317	0.18716067421795513	-0.08119478121539157	-0.6694252380389762	-0.3140166705205139	-0.26011939612229273	0.4038390600120152	0.8411630913998656	-0.2434678244658873	-0.7285113873818502	-0.361433424463323	-0.5642341082112841	1.1630173611377916	0.09143212520789094	0.10054833206570904	-0.7552885628635984	0.17061095581726882	0.35995206482807046	-0.5642570171101936	0.24789692817711492	0.5082927975626049
DTXSID3046871	5.943051785142095	-5.260685970801293	5.657093820450025	5.079340818048816	4.8902553353771445	4.087847589776832	-2.0210624123112666	0.4296794336578126	-2.010008083971481	-0.4956306612086109	2.480335179119997	-1.3997045183012717	-0.5696812474055641	-0.18539706757067814	1.4614450109307568	-0.4469258378879072	0.5326141495415271	0.16952042657701039	0.8554796131917464	1.3411515864616879	-1.0636637709832326	1.521523135602607	0.6608956886233384	-1.09708231016815	2.096511592997373	3.466990608567849	3.3522036122898684	-2.176249887570049	0.27552663755767837	-0.24350059139808833	0.6890958707463649	2.5930596457275614	-0.7871503251718888	1.1887030282653932	2.047628939662013	0.4359729265736958	-1.0174595416430612	0.7649275708723329	-2.492244935042331	-1.0463740951714853	1.3240284298580338	0.8313378588008269	-2.32860595586342	-2.1162896516772745	-0.10731172531238846	0.11407331067011338	0.7912096158847624	0.13566311336664497	-0.3203558521518339	-1.1383991846203931	-0.15759365766134747	-0.7919443697150457	-0.17847801143624722	-0.41685015221361643	-0.10462552687376941	-1.1742274944860107	-0.843889987965057	1.1699493889772548	-0.9141387034116979	-1.6032890833365039	-1.3924784259887024	-1.6233124775317147	0.5372791735673071	-3.7630869875578496	-0.1929822499790939	-1.8043148415771622	-3.211653094016026	-1.2942256256890627	0.5654647885526327	0.17174554208119155	-1.2926924427852784	-1.352319838269988	3.017022046447182	-0.874849610343405	0.41667702138401247	1.6030557015185516	-2.8513460902874983	-2.082459231024708	-2.2520506774021567	1.7208149476987058	-2.4916739330919206	3.3198588414549324	1.343724843440605	1.5469795060069795	1.1101030430340064	-0.21804005702278303	0.010210890338917188	-1.3767191906937888	-1.9346197514844976	-0.4922935727425103	-0.4363980505710856	-0.5461893977626944	1.179026940166104	0.8879066981877562	0.5614808082047602	-1.1809142962540584	1.1885756153232623	0.4564382066926447	-2.0279612294756078	-0.42178131131035596
DTXSID5025657	-4.1620497595329695	1.9738177241480768	0.27201875681026255	2.3929744661684933	-0.5866807096889657	-0.06694301020685675	2.0110402146197286	-1.5043407477701471	0.402677437118667	-1.452100097150203	1.0348758522094625	-0.3399821072380397	-0.3621980498195907	-1.085189791604992	0.15910031738334376	-0.10333720557283183	-0.4821916656892032	-0.1857935334537824	-0.6577846554130408	0.2196152065273841	-1.2907090699977937	-0.6739545573513295	0.6739368321790773	-0.3255530222436445	0.7950894051564881	-1.3677304580020886	-0.7929188652166609	0.5740637379213622	0.48223007214722885	-0.8031050852442502	1.0141421592497877	0.010987349260779614	0.19440354298874496	0.14657263189019343	0.048412345523440745	-0.7577580659145559	0.11139713418474503	0.8555919509528607	-0.30511866091756557	0.05609185395490116	-0.025765586339831028	-0.007984650445055754	0.3439236777755231	0.9201872456056701	-1.0273171734705169	0.33753846277711397	0.1874750120688492	-0.5349841166422243	0.615241140572793	0.4484549343149001	0.38208743462757716	-0.13362379274141767	-0.18019947945531214	-0.23432874740969825	-0.17940042865929487	-0.4937381502222652	0.5310325956621562	-0.5708458333457116	0.09892537899412815	-0.8468231362994492	0.20212809274091428	0.16549701377504367	0.35481865537276	-0.9826115783776103	-0.22518236335211178	0.10390128514345114	0.220341303356106	0.3237491146274051	0.7337335210110042	0.6482893690980871	-0.2920437537896029	0.45144506326308775	-0.6904599803441628	0.16859650980702381	-0.10599603253413042	-0.31056873947884645	-0.43256929365008834	0.29229150749598687	-0.17859268469340267	-0.41488657119595834	-0.2309321870511286	0.4656255605419071	-0.4840123630464926	0.3218683062273463	-0.01454492736106839	-0.14150593099438125	-0.2804712088789911	-0.040195056975752645	0.0635523545430258	-0.05945772266614194	0.07907691507624294	-0.0004063829429888664	-0.24537830812667277	-0.15708643789723972	-0.06267177955127456	-0.18109954976691783	-0.0688367601791852	-0.19129603910016976	0.30105930868999053	-0.10588983312810263
DTXSID7049394	-0.03196822758925955	-3.9210933642594794	4.989473909411553	3.3525933265356973	3.6931548683727953	3.0910313028953538	-0.9704724409065862	-0.08313000806639145	-0.3584419025376464	-0.2951708020020534	-0.34562632536379423	-1.0908843210370796	-1.9619428708263622	-0.09634529204453694	-0.8718075097248453	1.1153138831334461	-1.1405055387527723	-0.34539333191395294	-1.4865139197803012	2.0056063829604223	-0.39323381730510204	1.1386384525923423	-0.35696901387352714	-1.2999269848343917	1.3478461827059327	2.430095623487775	2.4087146851129235	-1.7759244493771087	-0.20557337089902247	0.4548131854251428	0.03705932647120264	1.2851915107259129	-0.490390960650231	0.25255329080006306	2.193973153420439	0.8001847686227792	-0.4721796127807167	0.29412372556269334	-0.6914820233909169	0.0424737288992682	1.1359519406081602	1.0734381504801969	-1.1511812102126056	-1.484152172908494	0.18779898144650417	0.2266878456963065	-0.48193823733044633	0.45279426268847633	-0.38517293933014496	0.02163304159286068	0.22255598594665688	-0.116586170683366	0.30261825076091053	0.2937210592883366	-0.21726870136354715	-0.5223622848974997	0.3373496942076426	1.1789663431204291	0.16372154268774486	-0.47112337824441314	-0.6626306424792824	-0.1898488754187036	-0.26005425315092523	-2.0957827546002394	0.07382673164157456	-0.006054317274635236	-0.9114471810155129	-1.3211452301258693	0.6984980072038592	0.4548087614626344	-0.6576307236921783	-0.09171063178146906	0.6214425246565879	0.8557290579022623	0.20324423645517742	0.2075871842810573	-1.9043450728489189	-1.5270826950029657	-0.8972152774571069	-0.5839928685201279	-1.395261877155366	1.6423456435679133	0.8759932100579725	1.0237914329814175	0.3614330024178718	-0.30338070421466923	-0.026813563876058624	-0.9716208289171986	-0.8117869223951557	-0.4375988862629454	-1.4981317152139162	-0.8822803843531009	0.8684142888640647	-0.0073420186795181775	-0.035408400794424984	-0.24607432815613595	-0.03680248910329599	-0.09781261999421745	-1.051199524109002	0.2654824502435887
DTXSID5020601	-5.342633033242723	-3.4419381009447574	-1.0146333872734146	0.8225699742653366	-1.3600527389849455	0.20136804433095254	0.9860411026298705	1.6474550555912055	0.3546770528936026	0.7848727012013704	-0.46733022465645113	-0.5542304638579995	0.3915956106415292	-0.8402757967054758	1.1101610946761706	1.3494194623521356	-0.9315416253906856	-0.27408849673026064	-0.12766262433416647	-0.6447478523513762	0.8725092837716008	1.2464779256182104	0.6079629210456595	-0.6086026348526288	1.1990852923153619	-2.308746043881367	1.088393124065577	1.665107295947636	-0.03577469639257035	2.998045525827304	-0.11104737583936743	1.0516651279724936	-1.416098901378572	-1.0625174455954347	-0.01844744167795109	-0.80865602755211	0.8122056113966662	0.5602782205562672	0.15857537709224218	0.461768111522186	1.0500507863189021	-0.22131038368371164	-0.13404794823956734	-0.4531981244169325	0.2850979077515124	0.31618720528614674	-0.22102257564980804	0.5563960004315253	0.1620698226481162	0.34465949448133515	-0.03699732665909538	-0.04191847228170155	0.00555685425302146	-0.11745818837088785	0.28603011940118933	-0.7383605636321652	-0.3092449109668247	-0.02861936597696694	0.39673381488835746	-0.03982206247521061	0.25907046126265937	0.2888634738141936	-0.6385571394509048	-0.3280160538761583	0.3622266560480098	-0.6327108480420068	0.3257295023453199	-0.4281588524721418	-2.2266414139620165	0.5178487822522815	0.29798245677152535	0.5370952614332698	1.6970454103556767	1.0107218074460302	-0.7844354352962817	-1.680689750339298	1.2991058766779935	0.016055020340164112	0.09215558666494285	-0.8624168482084369	0.397290044882568	0.7515510387211172	-0.2921222440585242	1.4606921398762618	0.6898691738187818	0.034460761690936356	1.2958366416950713	1.3684796478974302	-0.4253147190037364	0.0689199954356192	0.13621737455782162	0.2237814413551812	-0.18624302864250633	-0.8084231219587366	0.42742434357794956	0.09695040548581615	-1.1616357038635317	-0.3428542052829943	0.9922068888502369	-1.1207103563291754
DTXSID6022008	-3.3455106337062883	-2.3162566805766076	3.042829947709427	-2.7011686128668018	-1.6452870355316664	-2.066322967798044	-0.043296433904314535	-0.5720652264373554	0.8475812605018664	0.7717421219464028	0.44283777963526066	0.28454445088359726	1.4062589256882447	-1.1753173379259523	-1.6014624465820255	-0.13917689424150573	-0.30914214760514414	-0.07900871114585857	-0.30879411299024095	0.264624866738102	-0.06852693970085312	0.24447442928118532	-0.5538761860366683	-0.0335962676197079	-0.6287639751271804	0.3621318015755998	0.6583828168937484	0.1988366860156943	0.4899364509981492	0.25929688838423387	0.9164025539861799	-0.8086446181263461	-0.3819852294100207	-0.6480734435314727	0.24714886239315997	0.43079499868228	-0.3626916563919757	0.42057147302638087	0.26607506073258474	0.44099004312729023	0.21297230562847155	0.19471104015037172	-0.18305778771752515	0.0845631638038605	0.09335679608544273	0.24489053059850976	0.32712289569981656	-0.15363337248124465	0.13589063045007463	-0.21304864692211326	0.07928454453062786	0.02808950267064591	-0.07942032142282349	0.14484615683220428	-0.08378462143058232	-0.31283852008255547	-0.07638867541777516	0.012261082162116086	-0.046569482535316294	0.010013386422263846	0.017499822881945366	-0.3386601234387673	-0.2327647536879959	0.10065442406226455	-0.03639380311858875	0.3682840029161256	0.02393451544088185	0.27572270073445587	-0.2239455372631422	0.06866981409333316	0.527005211770463	0.049681766355519776	0.09732233820101452	-0.0033113839753576707	0.2079139292638048	0.33323288596080364	0.1922566242379379	0.17830616384812947	0.15713769248789525	0.173678986808131	0.2572383709159128	0.06343339620530737	0.03449283038355007	-0.18107709994176716	-0.05214830238865415	0.05077342749222874	0.17583434260488837	-0.10219235686073831	-0.004729883224242799	0.037400465880900194	0.4464451446070644	0.18865042640048732	0.017747262301543425	0.3602162886244437	-0.06394597379719097	0.4066123203020493	-0.03408115825747125	0.1720638507108075	0.17814247372713216	0.16783129663600752
DTXSID3042633	3.358440337798694	5.388031461367429	1.4093395835991969	0.6585176564306394	-2.4764371853129155	0.16168422733522173	2.00591410766174	1.6875792363534523	1.1580580556357	1.325155961973069	1.006019182095857	0.08531624479635232	-0.5727150853917925	0.41879795076190646	2.2127936241398842	-0.4511903761971737	-1.2524001709757926	0.22060454538919144	-0.5760760429024867	-0.9551895903385528	-0.9839563027638227	-0.06099428491409437	1.6150840301427196	-0.25287427134213797	0.9116052892453412	-0.4486293442565325	0.5862861547669077	0.441382608916224	-0.461466262634133	0.5973459757653635	-1.148277464888009	0.2797361746842748	1.6245290377686383	-0.8088103664156304	0.44552411673068054	1.1379553086897138	-1.2726888165516164	-0.3390546265764327	0.8504532878261659	-0.12053063448422746	-0.21203073944315093	0.022787615414702225	-0.22827669016967825	0.21309927531089923	0.5809001351844592	-0.15503807897631605	1.1381015792849365	0.49726395979860255	-0.10409592962578676	0.11426523777728324	0.06343387995350126	0.3626998460078551	1.1327501079252105	-0.264410497512807	0.09391988826571776	-0.415170301585629	-0.17734346638563575	-0.19952018109832098	0.3181037760827392	0.38793989794322625	0.14263816587304337	-0.2600511752693767	-0.40986473446044136	-0.40714465446148285	0.39245360757112663	-0.3740749867166585	1.0433857099368753	1.2455647752239758	0.13659181592585962	0.18615204416625045	-1.2612991416358723	1.6451683620604827	-1.1006545730205084	-1.1397494350149027	-0.8512129030652917	0.5739754363304864	0.31870707329558107	0.36260276641322153	0.9469543466754996	0.6175521124255956	-1.0843027631219027	0.41204285079826797	0.2473070684355739	-0.5671879651780426	-0.7769250807187015	-0.7452728629685517	0.7956532803837953	0.49844521849249895	1.2483828352233903	-0.576434858160427	0.10776286824166956	-0.1474093730944	-0.9532885315986621	-0.036902860385803815	0.11393653662980709	-0.6090790024719311	0.12012943733548849	-0.20339975549868805	0.04407233528338362	0.13322771268189343
DTXSID7042279	-1.0607997759124799	0.6418202750788299	0.4077750504996006	0.3385537848415708	-0.3895757437308246	-1.13538814486993	-2.1482770719402784	-0.29915279176027393	-0.07586345729382453	-2.0989244905586784	-0.9690902542051717	0.16690161584827629	-0.8040056900660886	2.027923080936626	-0.35964390471600827	0.46161669528892557	0.744249809618892	0.2740627185775692	1.0892990602538377	-0.409355364576463	-0.08469533627125046	-0.2913425769296954	0.1716914151131427	0.7471243637712072	-0.19215667033676173	-0.05540271376803152	0.2401104558934602	-0.10573770048114736	0.039639759578445934	0.19351873185925939	-0.5527867790699895	-0.9291509566938186	-0.40894675319247237	-0.057978241174697555	0.7546254505301482	0.14197371373203851	0.5119956719241845	-0.30827183301767075	-0.09105025234999933	-0.10160689053168674	-0.37334656079520706	0.056865575015185396	0.0193419539394143	-0.2430761315788079	-0.0824220912141999	-0.5357741617056226	-0.006735742828284909	-0.3155730427822119	-0.07835520584939946	0.24106082102972773	0.020198292804424887	-0.09751992812297608	0.3368436189701225	-0.3752418287304912	-0.5752170820489111	0.5725959524371823	-0.15121220276392616	-0.18480311390718757	0.38995711461461796	0.6230072224820558	-0.6482214987095614	-0.08071718252216008	0.9359949376612624	-0.07831511480911167	0.0502158576877583	0.1258529468167418	-0.022690481932986166	-0.8443688549401869	-0.5345481728276981	0.21196087787123644	0.38984954234507657	0.3313543158909774	0.0049801589898656315	-0.28179533725267836	-1.0551356270016794	-0.057146675545912955	-0.670265035581318	0.7200524693844329	0.33489757624694405	-0.23804635410318073	0.20659387938661242	0.28756422845784235	0.2199279480243683	0.25024169438596583	-0.0539266474317577	-0.3136705853129838	-0.6951200030856528	-0.38131519472443315	-0.05002396877602648	0.03509610983349185	-0.1876036270862172	0.08201067425695256	0.4036651920114092	0.32842592938548987	-0.3201667271008917	-0.46172904848260204	0.9357107303721652	0.4853609179004437	0.586264522566261	-0.344491736998737
DTXSID5047906	-2.5322224387197214	-1.192184417321869	0.20603377802819536	-0.3747723763900705	-0.02805824079580353	-1.2479230916212372	4.699978838832742	-2.3896924383406333	-0.6678184215433961	-1.6794240704586718	-0.7666128865460339	-0.4538032860712198	-0.4951220739316693	-1.4723157418263253	0.5021878328909496	-0.8341034698476298	0.7011945346987358	-0.1991868473195466	-0.6293126958581875	-0.5555358999547837	-1.4601491316282518	-0.8491678111750846	0.06598226484154542	0.4735234543136137	-0.26936511287275483	-1.203120778355116	0.3602359803486354	-0.6480213487293649	-0.17439949352236372	0.535344071141054	-0.9813472328910537	1.715183147407589	1.4207272431058273	0.344888544834777	1.6597097418596298	0.3194252292534267	-1.4279947707575056	0.5289836252016987	0.803000356065037	-0.5190385763188354	-1.5938865177860129	-0.6488851929304402	-0.10806425929254124	-0.2881495605338021	-0.5014438612481175	0.21379788409097866	0.9520122341727705	0.09860254030738225	-0.49626342760003284	0.10820837863469585	-0.37267950917339593	0.07131622639328475	-0.2913440110722645	-0.17714747923540886	0.2046090402198176	0.601622443683733	-1.172582529419889	0.4225511509902505	-0.923289688744759	0.6515158648281913	0.2885343013032469	0.2888805517975974	0.06329682107326061	0.5214901535830501	0.42104637208828327	-0.27128672599463916	0.23809914051579226	-0.25397873604948207	-0.6870693921659898	-0.685160141988416	-0.265240886087364	-0.6326460432687292	-0.1467777109586195	-0.9209619973864838	-0.03387001893551619	0.1295635178356627	0.43453817670416267	0.526989418620982	-0.43166412017227035	-0.11763537773191977	-1.1807232376959065	-0.5260760357996088	0.3518031062752457	0.5507033443807066	-0.37405794655734326	-0.37353700619379326	0.19051093900968513	-0.765974385627605	-0.5315120552631242	-0.37151361978444547	-0.39123657799340084	0.5008660845931421	0.48920824674463437	-0.23579360468362637	-1.0045089518984893	0.7274648767226887	0.3585415345612315	-0.13918610650131305	0.033485752434040277	0.06142776279274565
DTXSID9057840	4.872527227394774	5.5841878314145275	1.81923284751984	0.031115987663022978	0.3267962487374909	-1.942274908972174	-3.7070315961241516	-0.34736754579343243	-0.1891370078119928	-2.1250787610051094	-0.45286939512931046	-0.10667680128329696	-0.8659780026126223	1.835496765007138	-1.8994402658841563	0.8851280169287469	-0.27719826558434024	-0.71692662521118	1.373968455131595	0.013535858724103116	-0.5734390018591462	-0.0501465477989139	0.04074737608684323	-0.24812388286163423	0.6758569209361376	-0.6520051962328683	-0.8950801740433093	-0.35976678580749905	0.05304929761965839	-0.05323711681207689	-0.6160252229726277	-0.48610612722049884	0.5774506055582995	0.24614556724282036	-0.12336487246642455	-1.394109508603041	2.0037463945823415	-1.6779926906015485	-0.4413623593648694	-0.9085613313328129	0.48580334444360396	-0.6541168762780877	0.402308474143364	0.10367019108300143	0.3238656096576664	-0.4349814491566047	-1.041658608296243	-0.19045025487760062	-0.04429932863097824	0.26701144072164784	-0.04948313447974489	-0.9270248890924966	0.25778542917784364	-0.2399460947621404	0.38674653177658197	0.6585370986729809	-0.019462660828652483	-0.4644896923502979	1.1231771195974958	0.7437136108167235	-1.4488098905820166	1.0671655931428243	-0.04000570568428948	1.0762121943939291	-0.8206852010516034	-0.18005665797298032	0.6881994910043836	-1.2450888860794194	-0.9888734875003413	-0.1428808425104656	1.7139207701624948	-1.3014659957669883	-0.027805741340033798	1.0470921308095107	0.3663090071985531	-0.8431811176513273	-1.2158022829027546	-0.15819629744080754	0.6504305848025074	-0.19028745134347608	-0.04872156064283238	0.9163552014920087	0.5922552892349636	-0.6101201168914373	-0.39568375659251687	0.42666238235998344	0.8298779990317755	-1.0651058408685188	-0.3142330065759536	-0.2594877750703388	1.6353963610846534	-0.21600665608905767	-0.13970265665866619	-0.7245346417994244	-0.49626917641241186	-0.5151471572160805	0.16910931719402394	0.03092687152479698	-0.03386839169085043	0.3771762123943241
DTXSID7046097	1.0561187790736748	-4.775704811248298	-2.041186202533764	2.4983959400912576	2.011198035140627	-0.2875595813879748	0.012262578272960251	2.815795563501552	-0.7593097560086632	0.06043687988156907	2.1735974708097534	-2.2686168655126053	1.8727593835390168	-1.0864808115434312	2.997328110847368	-4.194069999600858	2.5339810350234093	-1.344705061439006	-0.7630923396806973	0.4976229902889367	-1.4114013477880676	1.2380695609874168	4.028431568818872	-2.790206818021264	1.8737915734853337	7.744977253611373	-1.3694016889218261	0.4417215890723452	-7.018114140509963	5.371731943207833	0.08826840769446997	-3.9512171717236155	-0.6850040815635092	1.9984987864357948	-1.4372070560713572	-0.7219928365185417	-0.18162736587208014	-15.67950446750674	2.543445573869275	0.9934657810820172	0.026797162235987777	1.106492137625113	3.2230210421768573	1.747189074522584	-11.86023138157765	30.407502955191696	7.230836245587739	-9.251860236791384	4.173873677839127	10.403254423606338	-32.806515273909035	5.053524510685958	-17.39405964228028	-6.403109104574496	-17.501478734331922	10.805593018056351	3.8209158310171842	8.054795143281533	22.584799840183354	3.176169058975612	1.103541364773849	-5.635439893494255	-3.5629791055342697	-1.8090410566217605	3.54937138538284	-5.334198575631321	8.228650924481242	1.5293052485045582	1.4266433265006395	-1.9041100028959892	0.4360603014699017	3.67682330449896	5.993210577447836	0.513538761911255	2.534239051757969	2.9470262195524923	-0.8041158522621557	-0.1882051303496638	-0.8000065586597882	0.4598168476779147	-0.24037488738446383	-0.32968785736251693	-0.2578916475666082	-0.7220348876011636	0.8282035869568012	0.5791232727976976	0.7032578590264343	-0.5943723536296713	-0.22378310179788116	0.40800220600314524	-0.3263167861416811	-0.508861676235867	0.3479456935970363	-0.23687351357168412	-0.19821629685002679	0.47202617364052474	-0.21776202198349012	-0.09255171548679712	-0.4994098012719457	0.41237503515684926
DTXSID2021575	-5.456923319168506	-2.9491460145151818	-0.8769462041453007	-1.67557428929969	0.3881832512196187	1.9047470683383891	-1.1790371090657026	1.6101963285230616	-1.7503612023604767	-0.2590824723899702	2.5338623503126168	-1.171834288515598	1.925719935618465	-0.573413439493607	0.8157097380822065	-1.4291084919876147	0.8038895067213632	0.07058011315141509	-0.2800854537093333	-0.07707435414624741	0.28944884851462316	0.139784454287417	0.0986700476107102	0.03333964349673249	0.0077636873958001834	0.20365363971703188	0.167711546217038	-0.35036551029642526	-0.424816901954895	0.3215824916832103	-0.5033731750174458	0.6163458961724955	0.3780434015583158	-0.09786315303544538	0.501452409427461	-0.6419467487836424	0.32147344246480963	-0.42467694965484987	0.4890683869810526	0.34603430462013635	-0.3087380171897788	0.3576056424006586	-0.7638584366876169	0.2098271156171143	-0.026190348557866505	-0.049571561674364883	0.165038321136052	-0.6710067547561478	0.1239700715868171	0.03830850944145447	0.24734425810080274	-0.2344269917723009	0.36499781030058265	-0.12833030876949614	0.03519385984471597	-0.12499032988314716	0.4183230819147338	-0.34104404882250783	-0.09153180586577447	0.20864154959548692	-0.3523943604420636	-0.13258186800091093	-0.08658558153400679	0.07064240238540957	-0.18182420250165834	0.27700795500708836	-0.296379085727403	-0.08909852390856926	-0.21845720776114197	0.4663663305665873	0.545875942982834	0.5732405070730021	0.14116639916362325	0.2927094880112357	-0.5378994303879261	-0.2221221284688592	-0.4047854410001469	-0.3834538902532585	0.005268366869816638	-0.6486977380565673	0.20620679633742992	-0.41538828046612497	-0.3242884349630928	-0.5892576956745774	0.3862660180255166	0.20621643581382065	-0.4251157422694661	-0.6939857318999315	0.3205413573762156	0.2786388509236662	-0.6083618836450554	0.0353407616098286	0.20708928358371811	0.7116929377685726	-0.06084938982266168	0.6956962213616211	-0.37314465093163207	-0.27062316862699515	0.022896327205116043	0.14673203022491837
DTXSID5037731	5.5480665235960265	10.83553882758278	-0.07987209554228189	3.6577082983144886	-5.221573299490353	0.6003497497889676	-6.246547008642196	-6.013934661328869	-0.34208743858701185	-1.5053996707888682	-5.379097403096297	-1.3997615019155452	7.255179641091189	-1.8386312321396248	0.020474929406254876	-0.016381011062796963	-3.1354010231777503	-0.5514774713479625	-0.27510486301743803	1.3142434359896822	0.16896726453774774	1.7710859754798753	-0.7981877350164953	-1.140653066417231	0.5017826601992662	1.0628406215381954	-0.009054272213482466	1.1590803623536639	-0.5148180148358599	-0.8679986800091535	-0.44122872844044414	0.6213655778234807	-0.40658854785255916	0.7889781498309341	-0.8515947772207275	-1.792983210071947	-1.4355747800047973	0.0859082754261337	0.1139832599037919	-0.5318019639217131	0.3333037247267454	0.7268075878526145	-0.08385970380477346	0.6283338372076455	-0.05353018685521116	0.2892715260364967	0.03475191063516729	-0.5917080849699796	-0.4013810007986362	0.39000808998585373	-0.023466247704075162	-0.4751553991329058	0.2012636332839399	0.289076682316792	-0.16996966969462776	0.3543335546631664	0.5907648148913349	0.3023284061056248	-0.8127343713100729	-0.4903780469195634	0.20558834094143538	0.9934903379066647	-0.3304040810489592	0.7248817169195352	0.2589615558001838	-1.3760148309418647	-0.0020002369339947794	-0.4942991463511159	0.3302559414946915	-0.7001833529849539	-0.6124082859063315	-1.1804043529778916	0.21383323956692363	-0.266272618715735	-0.26624071949565914	-0.07619914437723413	0.2305320792839624	-0.19064715319402753	-0.12258824530792517	-0.35876697127047263	-0.04974205678686022	-0.41160662102333867	0.26057880819211043	0.5872793445815074	0.456420171876888	0.3332180041607241	-0.03449524660254336	0.5488049398880281	-0.06836219947032106	-0.9308302022814308	-1.2182769699864529	-0.9422271437039097	0.5971784974737269	-0.5341695125387844	-0.22113117530431753	-0.5024211243046409	-0.14623328865885402	0.227624874756979	-0.06054424288596469	0.344780550207748
DTXSID7049421	-3.806834599309424	-4.1487571513881845	-1.6525278894437516	-1.4464949047094784	0.22815858915059659	-1.8855657840356987	-1.9348616115881374	0.4908856606720136	-1.2403530901457636	-0.7462515622608782	2.1893846904079077	-0.7656607880028233	0.08987813936743613	1.1260806247154118	4.107563906062227	0.2669835586817451	-2.0483083897724805	0.12151220348594512	-0.5114362886251044	1.6209302470923355	1.2059290600138486	-0.5867432469878573	-0.7225073030002225	1.2306873923789998	-2.585656283675496	0.006168100573842857	-0.19550245226794838	1.1868236133220962	-1.5461930279003744	-0.8703036359514894	-0.4285868784293449	1.2299048398850843	1.43026383434607	2.001022082209292	0.004217135867579307	-1.39262573335056	-1.1327695504579964	-0.22351975377840885	-0.8434329635525304	1.9588889202528537	-1.03325847420975	0.13303678793258936	0.4333524557820897	-1.1881265716833378	0.24603599916404295	0.030044555935864393	-0.09388922635532805	-0.18573089679810423	0.3175030198940199	-0.12372153988172375	-0.333857432606528	-0.5472586898557575	0.4083659465193039	-0.6436239972599727	-0.8611883535986558	1.4794984515630332	0.17700216473991118	0.4142621301948077	-1.2742480416356718	-0.5810473841414799	0.04829790712306623	-2.628382347015771	1.5333306026523257	-0.04894716449516173	0.6152127531045151	0.15824418532552592	-1.6846509663057236	-1.6243135545634304	-0.5734188142252111	0.17131692547371602	0.2828602717486457	0.13777122420782664	-0.8618019411214338	1.0759869725247428	0.34960691344113887	-0.7749273073565833	0.36933265892375866	-0.9231607005864656	-1.5397497146337182	-1.2401349206021521	-0.7127090159553637	-0.027927521677382574	-0.6077201425960806	-0.9170684283160319	0.29179443513503234	-1.4077535741617357	1.1842858821295827	-0.07816651912515743	0.2605665822585524	-0.13097795379579152	0.6046795262088129	-0.0687441757966135	-0.46776872882973547	0.04880883766159284	0.06944524391678975	0.09268072254128762	0.30965883453624277	0.41372583045225225	-0.20012534535121396	-0.19344947997315298
DTXSID3049253	3.93173972920398	1.059762374272174	2.4256184210473433	-6.046203831441364	-0.2984874101718577	-2.371401190378442	5.708545203055224	-3.197259118668061	1.1889943588595395	-1.0862576514184676	0.2476307945033757	0.03000346048839545	1.6596418183156123	-2.316908248510832	-2.6994036144343525	-1.8391097265706131	0.817044440406186	-1.1862840097835963	-0.9388332600705898	0.8536048302795967	-1.7230937249527292	0.2349216043950883	-0.4953608632653701	0.643935515208035	-1.0513274197017854	-0.6094850935013308	1.1846065514081447	-0.7504431328737569	0.0803853775935422	1.154914326039631	-0.8809976081659867	1.2342797725781567	0.6084152626165072	-0.0768131937452769	1.808698975434753	0.6774149070371953	-1.14369835219624	0.3585925510101877	1.1059946328285921	-0.058246327520012346	-1.2124033552301152	-0.28162852362223156	-0.018906600202123713	0.26057420281713334	-0.00011844868769279045	0.2229410771273433	1.2353936909979282	0.16402808711161534	-0.5282237394906444	0.17079903396611257	-0.2256394865351462	0.21167484257602553	-0.49805361613660704	0.1360613470637838	-0.17824986503002313	0.8431283842760092	-1.204331228883286	0.1546765825616021	-0.7842720354106987	0.5123756410217581	0.4114918574734541	0.2614890559712111	0.15347672198440832	0.3287396148878272	0.23472679926773263	0.5699801962717944	-0.03820195063106443	-0.22741625835241563	-0.6377265961247672	-0.553721787108015	-0.4160326735423961	0.20275950672341475	-0.5280618466091157	-0.14906121879800469	0.23974884097452664	-0.06080487895554141	-0.5471720512957658	-0.6478479078974656	-0.6995235270764194	-0.5553491413698044	-0.0669320059536061	-0.4309143390653245	0.8172544947096022	0.9809916648349276	0.407667357097572	0.50840985248742	-0.3205494104564067	-0.3268432721024958	-0.9302037319163293	0.34861190741063564	0.5652578961349843	-0.634288799384666	-0.33396402241625456	-0.08509336611796964	0.31937663266530614	-0.04492109702432537	-0.0644858294185321	0.7273665562062762	0.2100413827458057	-0.5396553398590721
DTXSID0024266	2.1537339396639674	0.5484880275344648	-1.3949480306840316	-0.9766815281377821	-0.2609121926799865	-1.4635782058050766	4.274316223369762	1.2180285797297816	-1.8946356064652232	-0.29186091482391036	-1.211306784204673	0.566401565243334	-0.21890381103777073	2.299199401389468	2.2706722888965887	0.016130537197825725	-1.1698349152022127	1.2527912800195278	-1.6277172628276897	-0.34165400273491564	-1.493954688872422	-0.3839073363370983	-1.0424884005982298	-0.7553269920508339	1.7884118420128094	-0.17809763778677476	0.5236196956595942	-1.3142994409657072	-0.2732560497101925	0.5607256995721543	0.07790225523447517	-0.8982279488330356	-0.145515255534663	-0.515651693109233	0.7792883189759439	-0.4052846285485139	-0.09800512792221759	-0.6442719279320632	0.4647161994285549	0.36015462802780085	0.3330096118938365	0.951471788150122	-0.5070374991656263	0.5867939694233718	0.5372567880770788	0.03259824711018672	0.2638142890306533	0.40917584926577527	-0.2789006081944593	0.051656368948443075	0.3428789705705156	-0.05779661361073005	0.9063469745924883	0.0454648051636096	-0.03408859003946173	-1.0881768208628155	-0.027263661993905893	0.219172202053273	0.7818994377760269	0.47598752342970724	0.02306237067445195	0.4067168931161592	-1.4301180223358412	0.4864966092349703	0.20138345074037275	-0.061506642601985614	-0.40453243973355907	0.14893248742712617	-1.4999983183931387	0.6888250398114885	-0.23712987698026505	0.4953067658145194	-0.13234715575455358	1.1968950522690323	0.6561981135428172	1.2522282410121974	-1.4471442508345977	-0.030490542773946493	0.7951380941406632	0.05365293099459565	0.03390024034354545	0.22823772510379234	1.2690641632698179	-1.6855346855506934	-0.3080747921754705	-0.6252674548484239	-0.27255395393931414	-0.2570684576647383	1.1224934901761439	-0.22603322357632494	-0.10186443237438197	-0.6171824446400946	0.15654689352200246	0.7544944003294781	-0.8213798675391479	-0.08964319177273544	-0.8663201707544561	-0.14209180769509777	-0.8827825691948366	0.09761390760909808
DTXSID2042517	4.613763795668729	-1.6237936809089175	2.871161762485819	-6.488380275975307	2.238528459717638	-4.675511414458253	-2.8995478066347866	-0.2504215507977023	-2.957900230191172	0.049105793689729844	4.931227469276232	-2.1692281676117644	2.565225757387785	-2.3776312722952087	1.212677955268916	-1.5237360213771436	0.04302839660296618	-0.7439189317772519	0.7292091991937241	0.229750662585099	-1.3271583965458003	1.100961244936337	0.48805093189082227	-0.0761787878102494	1.1625131333187408	1.2897822906554892	0.5554412773048241	-0.8552719064335703	-0.12656019272241445	1.1518798116809978	-0.20634773126987332	-0.23025165652532886	0.11563730835858031	0.11598926566694016	1.2332153696053518	-0.17280121520538155	0.8208080477675461	0.02273908160721044	1.1104852659755264	1.3290059450336915	-0.36399407463261507	-0.28725079873532794	-1.035598422870304	-0.016037672337197096	0.3287985139260999	-0.15772171025070691	0.22027550849959038	-0.1793111895216071	0.5743630109257185	0.3241763051628144	0.16904173666198097	0.04061647125727468	0.5279921325759663	-0.27692027994452173	0.7542278559396233	-0.5619861134899995	0.4001130587033764	-1.125973169487265	0.22520765899774103	0.5429481577778014	-0.6888203911633357	-0.9910881740292907	-0.28940781811393695	0.1622494068359672	0.6031952336382548	-0.2779837798737442	-0.7064215834036458	0.29010041916940693	-0.021652955148738894	0.2772048247523116	1.137992223481664	-0.05483169832495935	0.2586702524892014	-0.5510054583777095	-0.4262349489451528	-0.007247361346583358	1.2768870537751145	-0.5796377897951397	-0.1088116514774215	-0.1572041204284781	-0.6625998518412072	-1.0390939798603434	-0.4941175216008745	-0.16115235989129056	-0.9859435354803407	0.2994161983256923	0.6453716687135342	0.4868285971514231	-0.29830059585532903	0.14243120559098985	-0.3923693652495896	-0.21033160369065126	-0.07460128635947681	0.19671038508818012	-0.7841951100642124	0.4250824403297325	0.6965945655183682	0.10169358855219854	-0.6850012709052693	0.9374171147747885
DTXSID7046887	13.40568441590267	-7.440594407658204	-5.888451230923212	3.325764453189013	-4.490928699942043	-3.273997269592133	-0.27453080505450483	0.3585442290691427	-0.7262318832451411	6.716541352672249	-0.22430017216017598	-1.2220015455427122	-0.5919594171108918	3.3383045588015	-1.6764023819881677	-1.2587031740961383	-0.013935136916404495	0.2560639673987129	0.14266665138619758	-1.0934648530897524	-0.31293175250241523	-0.11195975395451675	0.4045114125295933	0.5146290221052108	-2.6626338443380004	-0.606688809364464	-0.34842803938445793	-1.4824468117793979	-0.6254106683393765	-1.1259719523523821	-1.1496090235976573	0.17626526873321513	0.12981762208764203	2.31179979696686	-0.723787269997015	-2.3999038846071006	-0.735225029729027	0.292538820470399	-0.42890546973734867	1.090149400227224	0.5994919360709515	0.5194584749629653	1.3450684351774869	-0.31860057568453554	-1.3253870652510173	0.568219337390674	-1.0284569428849013	0.0039681263118711224	-0.039046437546311256	0.233059475583847	-0.07240870973471249	-0.2912516559934781	-0.0650198391942532	0.24146997774028447	-0.7591462164709417	1.2980904719463142	0.841689782042488	1.216863652791949	-1.481928596483524	-0.9966751993080563	0.6119412691320233	0.32657987510892317	-0.0008844468203079959	-0.7782719769824098	0.6145794509827612	0.28571584037347836	-0.7856695586408045	-0.7946597664021792	-1.8882830276166471	-1.642005002319442	1.150029676482202	0.9094266385990352	-1.0553165394836215	-0.976264463773842	0.992317573165811	-1.144621902759532	0.2230910927589016	-1.15890792728704	0.3774902864533391	-1.3031091416685487	0.8672147918174312	-0.9610896117878988	1.265022034021566	2.104144760245903	-1.0629640336510418	-0.4059280492993499	-2.690734089759999	-0.5933227017435186	1.6289379684416363	-0.06908933045688223	0.060110087597632963	0.7788812784739001	0.3368050705157955	-0.75576587546136	1.4645458379977718	1.0045163318335812	-1.3877716307233248	-0.15057935120328236	1.1801390035298027	-1.1906872843631833
DTXSID1035783	3.29109157492155	-0.275444726256642	4.720533821222793	-2.3239304260537588	0.28231817199879916	-2.769078419992668	0.03171295004080524	-0.15232694907381375	-0.6016532522307184	-0.660866283554627	-0.7470954482258992	0.4842449128002891	-0.38351488629988717	2.1711584351630635	-0.16992415350201073	-0.17052700329520756	0.5914001224285741	-0.10385539704611044	0.5223359163954203	-1.64149236218038	-0.12664964918316454	-0.8326749618371758	0.923621462110366	0.2663939204726904	0.20392117007826546	-1.179459098706797	-0.32607069528299354	-0.1892932285974806	-0.08634025666274416	0.35637970942660685	-0.6362902482159282	0.23770754305561972	1.4167675119364795	0.3948692943393842	-1.269607940295614	0.08730869992999792	0.5690663811213804	-1.4440799278413001	-0.5139214318750497	-0.30629509130304566	-0.1407328855403799	-0.4929750407410402	0.07918182455119291	0.623736271620104	-0.6180248244151779	-0.9103928979473495	-0.740869705749649	-0.721340329184157	-0.07727235068596944	-0.2044508731348732	0.07712917377424441	-0.7685781000789248	0.12833906560474984	0.00598984412206319	0.6556633760170432	-0.14428443992154408	0.3200487988830919	0.01879768479296969	0.8883959813960485	0.011445660023351935	-0.18751230426021454	0.8794960024505785	-0.15891580496600222	0.1594447034283687	-0.93892370811828	-0.2230165559235278	1.1404750141211701	-0.7781559420681599	0.8889350917647558	-0.03320355011252152	-0.3579904400104852	-0.5139905319730745	0.6478498825603304	0.2403194186336217	0.7471674637090024	-0.9606531819464491	0.45159330793873814	-0.8973686462873972	0.3457837848849311	-0.6938843784368564	-0.17645111612045952	-0.46531656262051774	0.06206277862279905	-0.5574756201246109	-0.106119838345837	0.10959523642438737	-0.010347396405582349	-0.8515401725099503	-0.4681751825000032	0.35996359860164373	-0.3831530731600685	0.13977115956894692	0.3133207874256803	-0.16562820481530913	0.04202837466440587	-0.1879384748877786	-0.28458684436264736	-0.5994425421702818	-0.42269486782884913	0.41204548416926495
DTXSID5033179	-2.652834492787477	-3.970654068767901	-1.9688364731535293	-0.7884239276393253	4.42352537751818	-0.6958027672950422	-4.121416278886323	0.2618080103549962	-3.0201216517902063	-1.0974285811889024	5.653041225482154	-2.35074232908769	2.0234341352455263	-0.1903555150005684	1.1101344287775377	-0.8198513134201723	-0.15358207879466093	0.6694090606635538	-1.2648697375140554	1.6364264470428587	0.27298557972598075	0.8883095583349687	-0.9036073741469577	-1.146315356379663	1.2215059326180784	1.618781359734863	0.8846757705003162	-0.8336335126756296	-0.879364102773315	0.9202339749176746	-0.25064902091694796	1.3444066989956072	0.344370518744732	1.0140510829904188	1.3208822726891551	-0.5557070389656816	0.8618864990042966	-0.14113476781411358	0.9749378350728474	0.2968497352448977	-0.17638195285680422	0.15962494184443562	-1.296517379608037	-0.6946125984029853	0.07960242509255071	0.15096450607443845	0.19430782691394338	-0.2647356662967974	-0.23059576872229287	0.14471699021803458	0.09157614599488245	-0.05542114925439113	0.09229660610953816	-0.11434433335262532	0.5076184851465791	-0.49783623229498186	0.9399021043318212	-0.9794072968932298	-0.3246272384024774	0.4832706260356758	-0.5828315346930765	-0.6034813783455901	0.0813382704293661	0.19861926902709862	0.010026297456678702	0.407105046504045	-0.5050837753985277	-0.14799259318813227	0.26190000962141846	-0.14991808325754424	-0.09210556339854596	0.5159818732168409	-0.0788742515792858	0.14369504726255455	-0.37195860263074926	-0.01995820010509993	-0.541881982569038	-0.7703431115137955	-0.28496233228989903	-0.9773585174628783	-0.82255602793071	0.13661702288386912	-0.2790625141615437	0.7491169290171629	0.5590575142383136	0.10088778859593024	-0.7022148215916137	-0.28613195002091385	0.12028653510415954	0.2960756116959623	-0.3837558723323924	-0.13818282732668044	-0.8037198197096843	0.1431385537285569	-0.22715884362747268	0.34933287298218435	-0.6809573455240239	-0.09707968279186868	-0.22173822630192844	0.1975013632645387
DTXSID2049391	20.839882768662342	6.9920927998843165	13.435032176177657	-13.31995599173075	-2.5155160544626027	-9.00699305585538	3.6724724214811766	-1.019440680794299	0.6953267036101347	1.9720128962310224	0.32920028531682977	2.7192894175327837	3.987417557375955	-4.15867038195328	-5.848381680343578	-3.3013300210138588	2.170951695671381	-1.0871086030033832	-0.7799583402197956	0.3284120605251567	0.9318147874689662	-0.33584416515941096	1.2188265762512345	0.9907060461809142	-2.3693398093897136	1.1568275742001088	1.6232198566622709	-0.4257611830128329	0.3383008411029613	2.2487417027555154	2.674413269404325	-2.823197235576762	-0.5450247516931409	-0.1073287835341451	-0.9657721599533794	1.7587550591972512	-0.8440228866086196	0.8814009427136221	-0.5235238260629793	1.689443814128299	0.19412438662568757	0.1861574683455522	-0.3841399748765379	0.2813757217668658	-0.46869902265278907	-0.7385376035940108	1.2579662596334185	-0.33977112664241904	-0.2851648478220315	-0.9888976676165506	-0.19603003074855724	-0.05045539081268635	-0.5705438909832998	-0.07006247786061703	-0.6242701856242308	0.840715959690605	-0.110950484574574	0.39289550711707005	-0.5127897442561532	-1.85082135661592	2.0270901706788136	-0.7162674509695677	-0.16969057436063495	-0.2515674477912435	0.6154601517164562	0.5762252522576404	-1.5886564514966506	1.657254501625431	-0.8883526111951587	-0.3633218371110526	-0.5862403593155406	0.5085382657663796	-0.9050918285863894	-0.8442569870426648	1.94385751160844	-0.7229367708458452	-0.42371419194705867	-0.5655407587129291	0.5736053893742225	-1.773106723446668	-0.16980641369684588	0.4916156426789275	-1.5175961137476257	-0.4918683724895079	2.1336946724379597	-0.03961958049828103	-0.1588295232967524	-0.5279968165253393	0.6131282016944791	-0.06123615311109112	-1.513976423724489	-1.5789783479945643	0.5869002181441882	0.48333967904076086	1.993969988764018	-0.05462279826818586	0.46982771436999665	1.362689553285982	0.49441603224182257	-0.7103497586739791
DTXSID8024814	-5.774694666905516	0.7108300851675629	0.8832071806312687	0.3138523986369332	-1.539504712437761	1.3841066039905452	-0.8386930869220158	0.1870353791453535	0.7522564998057051	-0.2606715207002462	0.39384288084759034	-0.08175783262428354	-0.17006772438522944	-0.7804385340746167	-0.27684594442431715	0.18352519000989806	0.31890701660840476	0.002756992002942172	-0.3502445374017363	-0.33373863055781267	-0.09012051384924158	-0.41717534181463944	0.09868673221907755	0.10955756163601704	0.27410219620864806	-0.4588507230006464	-0.342980368072966	-0.8185739700217625	-0.013917454067955394	-0.03254548621483105	-0.533333349697825	0.17258681660147213	-0.16064234486033846	-0.08716055233182884	0.7363722340445669	0.20733631828517105	-0.13478838621989464	0.1584194426819225	0.13951321726387228	0.35367221226025264	-0.6134403465455223	-0.1335681963363533	0.09244114876687289	0.012187680485369327	-0.14039448802873428	0.03927327681032468	0.048365085923647966	-0.3044003888977259	-0.16079310705520194	0.12901004734048524	0.08086372523876446	-0.0784091536790238	0.16842713303812734	-0.29800301906229565	-0.0020797941803661975	-0.11282749581738248	-0.19534198538678685	-0.3957385597328033	0.2820682285470568	-0.11233451823870602	0.5095930345313523	0.01155886996751501	-0.05654645072190657	0.28746423576587093	0.31085544050098735	0.3750375725830586	0.1618171184880809	0.33266498928018684	0.12211597339560457	-0.10713904420794296	0.45548887905817353	0.008129674233936447	-0.0077241410173813875	0.6873220891373523	0.2690803012404792	-0.17777759483804428	0.21038076462576838	-0.3759104233175812	-0.04499020843774845	0.26770482430758574	0.47031521428964124	0.5150599186170648	0.18629928091331643	-0.39582156618776604	0.038725051024007064	-0.15932783695966096	-0.05555668895755899	-0.4155933197903176	-0.006789354113799422	0.27762979820232153	-0.34167552059028566	-0.032630288821143015	-0.2873072587154092	-0.42163250806800356	0.10505986801727256	-0.4788147035278361	-0.09538013221643225	-0.06337378341604633	0.04800726503748432	-0.21367331853979232
DTXSID8048652	28.071328235406746	6.313193661884176	0.39701302801843996	-9.354500424009077	2.4611773821557312	-9.429666779880742	1.637395522802584	0.291910492257289	-1.9874116881175157	4.241811386523501	4.631382817716604	-0.3982594406548627	4.249905480017173	0.3424423348631251	1.5149526418274404	-2.476642012680394	4.023080492204573	2.8856737791723432	-3.080505169509676	-1.736336202657898	3.4046228653803112	-0.017517217332412297	-1.1466980615201132	0.4190443791579753	1.5996353168362543	3.203053110410364	2.3915661601870495	-0.3774140885219948	-0.11358144306312415	-0.6947030379020485	-1.578968147060205	1.3977514743524937	-0.9201412517876493	-1.5122903760400845	-1.0558731122041212	-0.6043251053161557	1.6776230754293695	-0.49135482150071774	-0.11958834171885155	-0.22521680711789582	2.2529852258793324	2.4360674266694624	-0.9454196812387294	1.3121691797682644	0.423166762046502	0.3305554648660938	-1.1214650333766454	1.1203980429044336	-0.20384366634470924	0.23288790321965425	-0.18108036084577472	-0.6419160939103007	0.8568760570486541	0.5030050233080726	-1.0305282692494733	-1.6933787652038341	1.1768328169273488	-1.281649476932732	-0.4874194837453882	-0.7602721074221651	-2.189765132437614	-1.0019319730963117	1.0631900105415	-0.4080106189287614	-1.6622541607323609	-2.2169298676307365	-0.5986462376899638	1.3299686567954405	-1.1316401741768454	1.4260977703004885	-0.12866140652064523	1.8527821110195728	-0.3180056074682786	0.055587560285392634	1.6062980360583592	-0.0947406013166254	-1.0553591686703603	-3.4635347890185946	-1.340885203561198	-0.7923733641663235	-1.5558813186219878	0.25771452673297635	-2.3205210539515932	-1.0678933592324162	0.5753958921294914	0.16898231698548005	1.1883127682311878	1.1836502744319797	-1.295250870417652	-0.5253013134934801	-3.1301455448198054	0.29945692779643673	-0.7964374361213677	-0.9861615492180809	0.9166752118330647	-0.9702915618373316	-0.44040135970885286	-1.2205005978349974	0.02534535190901914	0.08737199662649642
DTXSID4021688	-2.298396032700926	-1.5869068258793266	4.2813932826285885	-3.426231552775001	-0.21094417603413573	-2.6854760480693645	-0.30309076356368003	-0.6974113061572879	0.7885065629023317	-0.23427093234452656	0.17374796883830126	0.3624627966316993	1.4275757732957934	-1.3303128410127447	-2.354210019511616	-0.651374300849322	-0.20436220449443981	-1.0735757060360562	-0.2690145034590037	0.2186358798140272	-0.3450052032048951	0.4307496727249754	1.232259919461773	-0.28278074062590314	-0.5055306441997172	0.49837549788239627	0.5407018228347251	0.4092178614260584	0.20501900715587693	0.2958649125994947	0.7480767377302565	-0.532355772137995	-0.08355240534075181	-0.44884675607302843	0.194920143745304	-0.3394103776010232	1.2726412031273666	-0.8153465134218961	0.8573827534685449	0.7438220241515593	-1.4336939946708824	0.4658364524196127	0.44718874145081905	1.5970633833767653	2.619282843750341	-0.05054543961428448	-1.7810860003804454	1.7189122371129253	1.158622133336977	-1.065041575247823	-0.1302762867261808	1.461606335033353	-1.4851605264054526	0.16700259791446556	-0.0008365795059202165	-0.7416820636593893	-1.9265611842075878	1.2068156840832316	0.4211431787372855	-0.6166257157314626	-0.39501223091581883	-0.8673225996846001	-0.19494668446793167	-0.486088649697609	1.5158529946390225	0.6668531065131652	-1.3057830233685717	1.2670139546286474	-0.22786349010853862	-0.21991127038892508	0.2719273864875108	0.4280826081067715	-0.08693891096056539	-0.16927505779485486	-0.03048731145914061	0.7968763331751374	0.5034880628524047	-0.2341096522963159	0.17400357620745438	-0.4251281741161905	-0.5242646670810562	0.08822965487755724	0.08103994683653454	0.3141270135221297	0.024075138972902126	-0.03995694803207137	-0.0086663652812507	-0.1465199799057609	0.1933851105485709	-0.18608353476439282	-0.03599807929945507	-0.30796532039819235	-0.08249989846675866	0.3014036954741293	-0.18967999539643565	0.4418466594278723	-0.14357501414826526	0.29075491598198044	0.2681001823654542	0.0685013490471803
DTXSID9025112	-6.013993395709	-2.3782592170971815	2.892552665098007	-1.4357021284734979	-1.415207591473026	0.12364022505255771	-0.6851222767676071	-0.75752187691964	1.2068899947954743	0.9373877776028776	-0.052182285620150384	-0.3369003411151336	0.04752514315195828	-1.2597017191634898	-0.048101257507537666	0.9002271701859933	-0.5960943640488493	0.37523704127484075	0.10355696158294067	0.22256619106554382	-0.2693343197912674	0.4186984487141864	-2.0148466832016627	-1.266984468349427	0.9725577522801828	-0.7260648428435484	-0.7899308112185657	-0.28021856721874633	0.30662848250020414	-0.3293748471082792	-0.30641977343769494	0.554588271302442	0.29839331163451066	0.42223740575238655	0.16338210899875102	0.5273918066192871	0.0766262797860548	-0.350669080620419	-0.2196634882970985	-0.17261745136648063	0.030272419204355992	-0.6718689522759748	-0.3224328380965637	-0.8353424282734883	0.04090000040190163	0.29949509040652217	-0.6638254119714572	0.22302175746213895	0.32976196907194744	-0.06778545596306203	-0.16189071208736522	-0.3620947993021701	-0.22442851457960553	-0.005341989923305049	0.24702799178180682	0.3497742151269449	-0.234049985888323	0.17809197929138879	0.3281645556984412	0.3857416903290036	-0.8158808146841423	0.1073131539215788	0.7671356225033473	0.09612824234352865	-0.44799458349626237	0.026186520068979213	-0.28614602712741677	0.08837365456587808	0.09186455816502369	0.4667693548924995	0.7500629048135908	0.21821948069709554	0.558514502914315	0.11037279788381804	-0.3590328046082145	-0.08531302841840782	0.4311601383137518	-0.5081804345893013	0.05602617946270799	-0.019802975285741892	0.06172370565456044	-0.9914064245801197	0.06519080243391084	-0.2584751713518862	0.02137421264556594	0.21665444779787543	-0.47393666818771046	-0.07917242315771224	-0.42605258328017814	-0.07745736145566333	-0.5616866594045341	0.24393223172920686	0.24849830824267205	0.4846490834139262	-0.7524478004124759	-0.14570696574664335	0.05937586455896781	0.13461325210247146	0.1578680468421249	-0.5315536525593916
DTXSID4045929	27.285392710264972	-4.30145271550682	-13.687329460168973	3.14505290723338	-9.244725092837466	-3.780258419643164	-5.7846713543384	-4.855574610345073	-3.0690686309865427	-2.7755279246844893	-5.227590973963701	1.1908683467999228	6.200880338839068	1.4927819452731084	-1.824563106777248	1.7665966282538454	-1.8088502235716628	1.251407151758164	-1.7193313571046784	-0.7014560899770456	-1.4020659544416667	-1.6595936465545265	-1.72566093931573	0.696273822521746	-3.938579348404011	0.3057300053253923	2.1168044405084756	0.6175304522546474	-0.47682779039000567	0.16646836807885745	0.027032657028647024	-2.1484039296395676	1.9121636969115918	0.9346006285504138	1.9431420121861342	-2.58970332646387	2.8783795579110185	0.4438861061583234	1.8636693022148665	-2.689586162043604	1.5554430024102501	2.0163867499796613	1.012175526825223	0.8563332477582768	0.335172406243617	0.9722198950563158	-1.1236614084549996	0.017021639193626197	0.03685541127357545	0.5254486084464667	0.8970245259509935	0.31944812423940533	0.6998680144806165	0.9013974164882859	-0.49976686049034075	1.1776862164825708	3.0742500842968714	-0.29624741643789987	1.1180824071777147	2.6511027994305336	-1.5082895375189542	1.9432713074384673	-1.358592661811233	-2.1229912209015636	-0.9003619662559977	1.5733944164773104	0.3133847265308492	1.7309535361025192	-1.2453929656358271	1.7602463784452649	1.347471727156182	-0.7522042583218189	-1.3417898316095522	0.9437137687614112	-0.4825497243465535	-0.6788866908034895	-3.1541172754939755	1.6419956838634593	1.0721997668560823	-1.2680775507976747	0.881173823177753	1.411960266138098	1.6877163735845309	0.41737545925068487	-1.1085414483570635	0.1034614390179	1.437887412503217	-1.4350729988140358	-1.2018261255458402	-2.044586504946218	-0.31684753758267453	-2.01582236792854	-0.4938373539643083	0.22027686211729192	-1.896648546694025	-0.1682625570240922	0.14766529036711884	1.1577753885515025	0.035985254136505204	-0.9874222946354484
DTXSID1045405	13.891118111443928	-2.3492719777880104	-3.1725815693944495	4.943518134554165	4.2193819700451085	0.9792939092721206	-4.7572141315427485	-0.9157431289045431	-1.8614658168425142	1.077974275801589	-2.689561369242037	-0.11041071922503348	4.225517566404139	1.0455767863977787	-2.5907614984327783	1.5368853414465447	-4.583905682133745	0.28695352201834073	-4.808773746861422	1.1107972424777215	-0.6580313312227698	-0.06023370823694594	1.5885961636651973	-0.31206546458349416	-3.7621389005977472	2.103135986273961	0.5407789255946674	0.14317914552194114	-1.6737058570764682	-1.2026325060249856	-0.5939493260977471	0.9133237284295948	-1.0207270316481158	4.108044423969937	1.7457586686037325	-1.9819917988379718	-3.7650949812058245	0.32584664193897783	0.5245865952480608	-0.5717192098525266	2.3906992304119923	-0.5303364804986365	-1.129105127386954	-1.426238572025767	-0.7392582576172685	0.24028645595744635	-1.266703128403472	1.0803694628287164	-0.3650791882926937	0.41926584811169365	0.3025047305007587	0.8799147451314806	0.3941580592777944	1.1650558238362447	0.22017061723847617	1.1916699985223649	1.825198146078403	2.9409771654715358	-0.11963754635029235	-1.3191913083738032	-0.054131649047007374	0.7158811329466445	0.04665014349618601	-0.8762433985065033	-0.5296488034130536	1.8735821497057623	-0.6705290714857897	-0.7760043589126031	-0.047190421361785084	-1.7626757568207132	-1.5585099008465728	1.9485085883336846	-1.5340904816914531	-1.8186276281917344	0.5130400894639096	-1.046900537709748	0.3590929517726202	0.23880616558074194	-0.20718844241416537	0.062390351011985076	-0.8580067322871258	1.3198861343485806	-1.3528699109450553	0.21595271558355436	1.7678917261376528	-0.3328698299463387	0.9635496105680581	-1.2549221694227752	-1.1989688781483943	0.7367679148467106	-0.48458282371755335	-0.30307562689029816	-1.10309838351936	-0.975203333633627	-0.17168793453825318	-0.06920908939575195	-0.9889927068805195	0.20202971070313444	-0.6735817056831954	-0.15200447824030938
DTXSID1027425	-2.062007258225458	-0.5591907735661639	-1.2007244193031184	-0.1945689624007263	1.570222667199312	-1.1558965231266976	-2.9767764154423713	-0.3408060427461022	-1.1005772476197955	-2.157533446985355	2.7712353789703874	-1.0937295872964308	0.2042313340524896	0.9351975127883307	0.7039367871573574	-1.9257555093046475	0.8550560021674274	-0.33210959198008094	0.4097608420321269	0.37696024204709544	1.2354672063422985	-0.04018775615627254	-1.9024418921067887	0.6964356675115093	-0.33813633282839534	-0.9522326105852463	-0.4622065535281591	1.5795404050782222	0.011962765580160082	0.08770320708029006	-0.22666199460032177	0.10522189794119746	0.8737629808378339	-0.8719877007050615	-0.5051819070782699	1.5202355900874311	-1.3274658224765656	-0.3693937405894951	-0.4335869308363885	-0.44061097186469195	0.3318137968946977	-0.033903988398377334	1.1820590248038494	-0.02255743849882002	-0.7871874315237442	-0.23581130564638098	-0.6659448584400384	0.45415205780051165	-0.34111131211862084	-0.7841903652907292	0.14768969364646423	0.5367733753808389	-0.14929099857633724	0.5577612350061476	0.657456996271741	-0.24899824370877263	-0.6365581828300676	1.3394063089578296	0.8641938684767451	-0.5569945501828792	0.8962811297822021	1.5461660815592955	-0.8775281193854318	-0.7225148651964075	0.23551400290366115	0.13810704399304333	0.8130013899796615	-0.20350150078482757	0.8526839734373621	-0.42646270829895305	-0.6348319509286153	-0.4431994306253714	0.28160837001692296	0.01473256717243917	-0.5495464539496691	-0.10386515376928547	-0.20314165995339284	-0.2669954675549171	-0.19932565991875636	0.3058591268423377	0.07546283013417936	0.21998809631399588	0.2945643225455699	0.15764633366290695	0.18282540870981143	0.20436857581771875	-0.06930570877097902	-0.4251417783815587	-0.08660191728854247	0.42066310457408457	0.6427307947846688	0.3527132504756469	-0.3810803527489872	-0.06025832936857857	0.8660820728798354	0.024743781074354244	-0.5419663829194862	-0.3405389541127882	-0.12807908518195296	0.27192767372604587
DTXSID3052010	-3.926355531850659	-2.333343984337466	1.4790735033416482	-2.110040436605678	-1.8612756350967985	1.7112707931307978	-0.20179770888630502	0.8720514853577207	-0.12676186247052038	0.627347758218182	-0.5516869108423743	-0.47133910498958603	-0.011980420214003088	-1.407306324422736	-0.3600352333520311	0.5633698643778039	-0.15228520820634145	1.1824116679655308	-1.2770336766089607	-0.005180421281313376	1.4397558087558393	-0.860361376249288	-1.8020656803482333	-1.474147375922956	1.511010595344494	-1.9645030076364811	-1.100606499121766	-1.8217185304791101	-0.08963934044030876	0.16615828120828582	0.557051290043821	-0.8185945671281573	0.4976102383608754	1.1388760948458347	-2.1030866866931626	-0.09378790547304536	0.020931265906538325	0.11212647678450603	0.15893031478478659	-0.6544265368275302	-1.0508236187567945	-0.7986723323034856	-0.779297600487411	-1.783919293719024	0.7923378648791498	0.37399706294710083	-0.4168742705934702	0.8919954051302069	0.013190218816846172	-0.01566130641281602	-0.4469920709792775	0.010560555713136023	-0.8327483787465776	-0.22994856456125204	0.6119989320492589	-0.014893525181612195	0.5557110746113035	-0.6668922133215136	0.7919026153194241	1.221562987598413	1.1004887717176586	-0.2360652950138913	1.3549067566203652	0.39934508857666123	0.23008293711921585	0.8304695439385691	-1.010235281232652	-0.3350635183738771	1.6767675843464855	0.058820193441843235	0.2494513666513047	0.7151007596017701	0.4315678997687616	-0.9549276996297698	-0.38221597260761486	0.003564074582898783	0.1466972486741948	0.03504508851510107	0.5659299671979822	0.1806998704136558	1.2456346298690901	0.3745437338706541	0.8684449317537737	0.8453425563937111	-1.367635335801037	-0.6829528342864576	2.0152101000319966	0.19416554816095788	-0.30753654590117957	-0.31912616542001965	-0.6468509928625453	-0.5471820742245956	-0.8699193945734046	-0.8310025837133922	1.2617702360700318	0.46069061723317534	0.7829538802954916	0.4732526772230294	-0.37812249725727703	-0.058857470445988644
DTXSID2046707	30.125718960904855	-6.004568271355182	5.576340799244295	2.7495114263037146	-1.3891614381601207	-1.2180877440454585	-0.3371458801051038	0.7310819160460418	-0.30719407886534206	-1.1778912409121116	1.7744149457762433	1.3872163076470863	0.599984657521743	1.180924056887837	2.4332730519019887	-1.5963839478992012	1.8689230316891297	0.018995472427656746	2.5341084228177255	-0.8207270247497579	0.17485817683617538	-0.14963223932810765	-0.08889298297770888	-0.17768583134820753	3.1218457153401338	-1.9388845747423011	-2.949672352885136	-4.510285375952369	-0.5888133992909984	2.410844168348919	-0.30338853116835585	0.507277863102982	-2.1509818326918437	2.898211917558793	0.6944504482291649	3.741758678235008	1.7015213394015205	1.1422312045448044	-0.21343423956406646	4.212442017230578	-3.0726685431134686	1.1526993343329484	-1.6178168239325936	2.2117805339549537	-4.355006610759499	0.3436982181273932	-4.074905937928463	0.3210477171150837	-1.87982677689066	-0.22034503086588658	0.2864393661446464	1.709713851408637	-0.4809097959415203	3.6374340558342833	-0.201387796915239	4.100983314518182	5.490829939251726	2.7472305118204785	-4.299257473578634	-1.1365396779480472	-1.9531194324267436	-2.7887625506042912	0.6472589836645967	6.860320063575866	-1.0049360611892464	5.384889226669064	0.9448756710889187	2.445838182347271	1.1846010114002938	6.0439728307526	-1.8691277781880626	0.49646412931888007	5.34483441058562	-0.5320038620057223	3.7205853801198914	-0.3196305225980004	-0.8369823872817069	0.8656609606250367	-0.5386671199248498	-1.3916132569516493	-2.4604813738960343	-0.7250364888723528	-1.8741236057246549	1.678467183412426	0.9952913775216754	1.558853235946755	-2.9545944002816036	-1.3490018127299166	-0.4195737317209911	0.42742322317749676	-1.4061298223651821	0.625237970912854	-2.349374045475855	-1.7650911802032674	-1.3913142541056445	-0.8049343857808754	-1.870930518162829	0.10260758019175575	0.5975765065131725	-1.541872534497072
DTXSID1040619	4.92717048758933	4.7764950374541595	4.095479123841824	0.3820047221111248	-0.5238388397261373	-1.263028246755246	-1.215011755591707	-1.4267556682494609	0.41131237844873114	0.45394056968187496	3.4338673531426305	-1.52116387450828	1.2332685201214058	-1.3690060255608338	1.499092990876157	-1.7355471309249582	1.4847667722638704	0.9089103149942045	-0.1468894920561293	-0.7446023112543313	0.58428509683139	-0.669848510934428	-0.2642445287462067	-0.07275191606969286	0.6163750593100261	-1.256691231431764	-1.5524964008492468	-0.7271480883299288	-0.16344276312692727	-0.1641496027728897	-0.9153930126524528	0.8268507749488991	1.0044820181432557	-0.10463436585162172	-1.034188252634543	1.8040574186176845	-0.4651925220582659	0.639636710389747	-1.273373246313174	-0.8112850744188136	0.7595411456531442	-0.49681930051621176	0.7464058945114336	-1.1558411308632464	-0.9118790964702294	0.34829579137535255	-1.198019117293191	0.830132127587601	-0.051773813451664076	-0.29034056235218514	0.008633491981787457	0.4128515878369534	0.06405720407785638	0.3542692760300518	0.28750507824147037	1.075267457502554	-0.2980461205516583	1.6013637983390074	0.3428914314399672	-0.35962045211795424	0.8030885797309373	2.0355581081725505	-0.2831250790026765	-0.7335532559211315	0.057137157845104244	-0.5832499747133916	0.17208167398789917	0.47013970726784793	-0.020130745978272288	0.7270066576996068	-0.25356448637329543	-0.2761507654341245	-0.044911684085742025	0.04838106691103341	0.45996148092112604	-0.3930672969526161	0.04057509641334903	0.5840382663620464	1.04901508095498	-0.7571205234880644	-0.22240455095099843	-0.38132956156145403	0.08655070169872701	-0.005761128609849632	0.2738494494396579	-0.05876278227758834	-0.2315177080607787	-0.007564770356977954	0.6037978139444938	0.01722117876704585	-0.08743518473651897	-0.20416630392531532	0.5985178845085248	0.2805517606027828	0.22200222019734656	0.08327164880166371	0.027391377286696973	-0.888560702935142	0.08933786144795594	1.025659242827177
DTXSID9048691	21.144681625493543	6.97214643384277	-4.629481965618136	0.9962613268138687	7.75434847818676	-8.862839584921721	0.6704428693666774	5.941715463522846	2.88723056568426	-0.4059009157196417	-2.344194214875719	-0.8878855082686546	2.102146857853594	1.5965878418201964	-0.3878244097291816	3.8698993279797382	-0.10179382173093378	1.532483402516716	1.0468854236345493	-3.9531471871463766	-0.6841609584506237	-1.24549643447216	-1.0777374157529827	1.0011360794570436	1.415887022765033	-6.964585959051671	2.487254637869628	5.122341587296141	0.8626213926196283	6.952210288909468	-5.187640202364625	0.5467661432592495	-5.707344575470351	1.296800710997923	3.7368014025893865	1.3532090460460235	1.6818668596389947	-0.6289467920188963	-4.733345017425254	-4.203968409526208	0.9160705788823148	-2.760682121136041	-2.7404730183034602	-0.7359723355722341	4.128644660578795	0.4502280442837403	-4.576100230782726	-7.940923023148882	14.296928885848054	2.939541337716426	3.2760926140413402	-3.275067460197191	-11.267583119034828	2.7381836958578973	-3.335407768899712	3.278125482474835	5.691774030182471	-1.5124542893090613	-6.74088868021005	-5.659886109174984	6.488201685882755	3.67374037005426	-2.8817192509061336	-1.64385673201408	-0.4214176512360608	2.8738767501194267	-0.45437027093875954	-0.8093215059681206	6.906399289946754	-2.0332277650930415	0.7239656614525006	-4.4397590972619865	-4.529091828417762	-0.61381512019987	1.9193026496894794	4.259787740334734	-1.7656484021862833	-5.047332799764012	0.12534795288755543	-0.32921191434264885	-1.7614301900942146	-1.3275796433686171	1.640864709933915	-4.00475604200548	-0.8033185453977989	-0.025724394186140826	-1.3459143209297957	-2.334654771966505	-0.719393218885991	-0.6935030341223631	-2.883077853062322	0.5210562580645223	2.8973215791687705	-1.4354970325822363	-1.5940561854956405	-0.6150930103467342	0.36434436124235625	0.7535534183621901	-1.553817603072811	-0.18893584104999087
DTXSID9046605	10.551737910179257	-6.505847078819851	-12.954171767756563	-13.110850599045182	3.6119123463474554	-1.258844749885007	-5.686713138280065	-3.078971256528541	-10.639465269616641	5.4003016891557385	-7.586131542837695	-6.333512256041371	-13.348269669963033	-10.633343858195497	1.2298872351538432	5.662830825969616	0.817299940286185	8.475662892197864	6.480369362949779	6.9154307267592925	-5.733641392472154	4.348583876139854	7.136837447729861	4.7252122746776815	-0.6955367766068672	-1.017744844301846	-1.1959254014756593	-0.8163736918188159	0.09812478304036577	0.6273070059778744	0.51396394163844	-1.5136762351103885	2.6576649243330484	-1.8890592657464575	1.5188615403362995	1.2281948365588384	-1.9920317773445868	1.042471312287634	0.3323632761093747	1.2131612881875529	1.2443797033780288	0.5713135971654466	0.8590505413575219	0.8498572605532224	0.13064753141789814	1.446071966092077	-1.8421031461414386	0.2934180307154019	0.6344029015098036	1.1562124163298972	0.6911404311643101	0.506388156879257	1.0414355843923557	1.4467932898826517	0.5601896185239813	0.663416718981742	1.243886033312798	0.2590948443229765	-0.06307389054913179	0.881873914533348	-1.518543203547238	0.250683448163753	-1.2425241470765036	0.06003295208171538	1.3344807574951658	-2.3709812564866892	-1.094996720921131	1.12355150988794	2.7623328346536438	-0.13204021062210192	0.5082537663223394	-3.022066429824033	-0.14061793912036985	0.5363714380019385	0.7294812172309064	0.769054507319005	4.6241755803040565	1.670452536464407	-0.438409544641242	1.9136703669953123	0.866824586618769	1.1413762968427292	-2.709506167923304	0.26553249967628345	-3.829591004438874	0.7502081476948012	0.8085104799218994	-0.42468046919312785	-2.688261565343239	3.4303801375838474	1.0038716573052784	0.22610760920145445	3.7246877254091784	-1.3654855137326598	0.8110958481163189	1.0640447652199592	-0.668264597687403	-0.5924922267769672	1.7335752828246949	2.4617274838050385
DTXSID2025977	-4.71883603439966	-0.8605660980942359	-0.8109335144314056	0.8218465230754999	0.5165916488508386	-0.0856779624103757	3.3955908381330384	0.017974520915453488	-0.9320352211399477	-1.3064047992107413	0.04155731540422478	0.3753116491842064	0.050865783629693746	0.45933696304124666	0.6208205430495898	0.2392558007658464	-0.677993619022777	0.06656522554227647	-0.7075642935592442	-0.43310867910084677	-1.1090364273605022	-0.25035709004722745	1.0453609699818938	-1.3200166594214808	1.231208113871842	-0.11395665550235483	-0.8703595311041388	0.9590897125880686	0.03825270117351525	-0.659614555826099	1.2355495975560284	-0.08800072943500778	0.07343793988316014	-0.14347969730692595	0.5215737466534313	0.09508772952581532	0.23805991244907723	-0.8031140058011151	0.3227399816531797	-1.2719315374663305	0.3588262564257624	3.785039111379702	-0.32098977892500763	-0.6308726650684354	-2.4393225869956314	-3.313638457818983	2.173542280098326	1.058888638326189	0.8056533474901457	1.6443044384023209	0.18276019997984058	1.5217700385061275	-1.2061520787791848	0.8810011416320487	-0.1274135771185482	1.0733610226374402	-0.8824112926090915	-0.7034353208889798	-0.4785727777562429	0.07517975259473388	0.39874498829720156	-0.5322955223554926	-0.33103588386899924	0.15522138565018492	0.6880034489204068	-0.11424942244449522	-0.3112100001046472	0.4327427397101007	-0.5788445241376932	-0.9482922008908619	0.7662774293474269	-0.2310164535716102	0.05502248015058555	0.15151075711634288	1.2605523752072094	-0.25132721870761704	1.1505269235016238	-0.4686237202085328	0.7600707248288723	0.35473512159439663	-0.8882924350968276	0.23497214754685142	-0.3962939360495308	-0.942798638736867	0.06130692531736447	-0.07028178478178103	0.33623348368610523	1.376446959704069	1.1706577693992404	-0.1654241933661029	0.37692123332984706	-0.2538415159082442	0.21905406665952168	-0.17067429075771348	-0.010910732287776692	-1.2840533851417775	-0.16875367862281115	-0.34481866012821194	-0.2756608765492278	-0.05979248991340218
DTXSID5021463	2.2788866949776114	-1.1252708989971612	0.06636211075623656	-4.911585409937007	-2.9915641407499938	-0.5112438692165119	0.9856724266689725	5.123063944331993	-3.203490891632128	1.2206662663036385	-1.425724328489455	0.05854053456529285	-1.3402566341134545	0.19659202664982453	2.219070820302743	2.047564223993473	-2.7222030893276585	0.11325062703511304	-1.7177399282169017	-2.8268105923642475	-1.3403811200095892	1.573304760233869	0.19942654122002912	-0.11476180986570135	2.276019122884175	-3.6337029204616953	-0.34374646416590254	1.3821139425662639	-1.5433120892901953	6.109806678206925	-1.2000212297058879	3.1247872055197843	-4.1518368528088185	-0.784364043677931	1.1134245569277104	-1.6980217711179801	1.8364894146207271	1.628644686311928	-0.2931326893568299	1.2966919866509339	1.564120408610458	-1.0966845441006094	0.06550694782521119	-1.0141594285801105	0.7110419002890757	-0.5551733806792578	-0.8835631409707363	0.38119014670463364	0.4734063455906251	0.08997927468710432	0.0508942764882414	-0.6803428921519203	0.6745289466638533	-1.174898124847235	-0.187936155657852	-1.2742036005025907	-1.0724472680362895	0.11495045317688636	2.0155935304401935	-0.5103640538793475	0.42215911804543926	1.1856315518429503	-1.7664516786635136	0.30374797998704894	1.5581881079810858	-2.3295113135445775	0.40707128200465575	-0.8790838508930555	-4.888542473866979	1.0470440774715488	-0.7314505790797725	1.0046815425948266	4.66374422541204	1.6544750040401746	-0.32482056738226117	-3.8118649364615167	2.10881991806713	1.3852939247251155	0.7999010449776264	-1.1149531957484407	0.5374300656625826	1.3143862427170028	0.05074969021720668	2.8159564683307563	0.7720204612194272	0.27472385491752954	0.5327895333676568	1.3778270155948558	-0.9570946558037547	0.8527989373234862	0.3472402140322525	-0.7100583716113055	-0.2190902412882726	0.9125791958567461	-0.666198462825063	-0.1533217595331558	-0.21642374214227345	-0.5734546868601746	0.09808830531946032	1.2777421095294064
DTXSID9029277	5.621685633953428	1.8387776559629458	-2.915677018487467	-0.3783394900188039	2.913892361301129	1.8629949832667914	-2.3612426916856566	-0.7169821707939114	-1.8536893965457264	1.726941550335535	-0.46464849410553477	-2.052372755536253	-4.240675753931441	-0.45597844171928487	-1.787649086504412	-0.24277920437600126	-1.0384744163935486	-1.5316304468178301	-0.7514520525164768	1.353741744624242	0.7985656216993313	-0.10778753890572644	1.2995239700055774	-0.9807163822781326	-0.8382438466436529	0.1546579317228698	0.9960942916680603	-0.5576243789035297	-0.5118503786816022	0.7911377432512566	0.4053674033003688	0.4477731654400302	1.007114926315378	-0.2280429858380159	0.09599645421969982	-0.1217673953905206	0.10103420197741908	0.6247144612660288	0.2944471328393058	0.02088430326661263	-0.15536524145674976	-0.45566262472642177	0.7338450803750333	-0.40344681204924104	0.029541637680605606	0.0869455317118794	0.005533948842808495	0.7159816374652263	-0.07213411419204155	0.25758814816804143	-0.04971396358816762	0.599570152768937	0.04268999530418996	0.04877334597675561	0.3240069762871287	0.6729019281248152	0.6153246977453802	-0.18220266504980673	-0.3169286957895952	-0.2996127234374301	0.12106531189935651	-0.35087163002927124	0.1456059728719154	-0.4305016894003021	0.6533515036959125	-0.34445558770192414	0.2482830396648629	0.5089309526368938	0.6711980127235131	0.10152569173652937	-0.5602857316555657	-0.6953114869690826	-0.3405941356553707	-0.9343846010310164	-0.4035322077905138	-0.5637241614682161	0.21421003931817367	0.237946215649442	0.013667486705188745	0.5131609701909996	0.2520984550622721	-0.3937246932636641	0.05779670179242766	-0.5995527404702634	0.9325796682049114	0.8121033043449435	0.6384346428442375	0.16689324868186256	0.13850767983167545	-0.6387782637523344	-0.20372619154930954	-0.47703737255163914	0.5230539909082511	-0.39680137608348925	1.2499615630411554	-0.6375066075662201	-0.5527813537493149	0.024330999238478687	1.0104520164464186	-0.1844615612812549
DTXSID7048798	27.76294667521881	5.79239445517317	1.0102524640486086	-6.221645051398363	6.375262739391024	-12.248070891916106	3.188579837732274	6.305748454774023	3.72680495786128	-3.3965115536443298	-4.557918192088016	0.7334783917207325	2.5916579622660203	1.381783942697808	0.719515437809162	-2.291449621052789	-2.512696757877918	-1.8330235429940671	1.0273588882801847	3.3540025440077392	-0.6364839734190226	-2.132241418932762	1.0472857829813151	3.941020279001928	-2.3617205053812547	-4.283591532196339	2.087593454255784	0.6890403896026561	-0.9240746230993823	6.65826578763235	0.6219036987318985	-2.0537561908792723	-1.9610628678630717	-0.4353735715431441	3.135645950111845	2.4187110835274837	2.3360916220931265	-0.2708267043065704	-1.5549915362552318	-1.9003610706025913	1.0972853102736158	-1.2440504486437773	-0.7860776990052343	2.0964925671573806	2.3661592309368507	-0.9486257697925448	0.7852955656775417	-4.101965234590021	7.2152073691821546	0.9301773918355662	2.1573779768550985	0.5497383350748128	-5.307809727908117	1.0924213151157818	-2.2029833612161154	-0.7399535795928827	2.0044791115282226	-1.1317612071013508	-2.1390881283992114	-4.157092550971718	2.4408811503786905	2.8033708149298224	-2.1223744739064836	-0.7991789787412177	-0.010994747373887401	1.7874669237548708	0.5870623192387647	1.1338037764090396	2.0221671926716573	-2.8188581678219253	2.6544369432056754	-1.9619180535473857	-1.9882343097199413	-3.702099405290964	1.8056737990896812	1.5887494803330149	-2.7027205139619954	-2.2759873164006486	0.023236716718087518	1.4969248834479778	2.0869495948988495	-1.0192505223784039	2.265033871999672	-1.7990829055305346	-0.9145898392979593	-2.552216866327464	-2.621281204788051	-1.6707767957569064	-1.6027621213512926	1.042534450285896	-4.3825057496332915	2.673370046531259	-0.3587292559393693	2.72422322627662	0.25985229335704524	0.5359437789113645	1.6430429238909878	0.8134057733727834	0.056353187840408686	0.194687870084825
DTXSID5049079	46.092870567743255	-3.7340159373927424	-12.519774069957531	1.4093150089228008	23.258450761774185	-17.9268589377728	0.03868996693906502	14.879895371402775	3.518736862592465	13.491946801506758	-7.555790178018136	-6.193124603202746	7.3855424295249925	-1.4608127585008952	-4.774964003333195	2.5171350413193543	-1.257471542289708	-0.15970421452300038	-1.2826225573877417	-3.2148742183126107	-1.6804656289017716	1.1377113774568965	1.7567612883314783	-1.276318404143435	-2.2778010502759733	-1.0466925262555755	-0.6677794545918999	-5.152853957167828	-1.7909504166026091	-0.7310264685710924	-6.3597627181686445	-0.41595560682092964	0.329340220917281	3.0412531072112956	3.660462770492318	-1.1623356677138643	-1.000479654908772	-2.7594679441025725	0.08297323025131649	-2.64654057496231	5.014669076192585	4.306012592859272	-2.2751630349784793	2.654635534273282	0.4702616277220986	1.669998363070947	-5.3541658587214584	-0.7536802898404997	1.397593755486794	3.028002083660606	0.9788867996754637	-0.21915434612479903	0.036644912700896454	2.4677491560484235	-1.8262096494628	3.1615737981595555	1.7103446356583465	5.299020995699255	-2.1162891490415743	2.054234701499017	-2.484838980647354	5.04705046889972	-1.7947641714204245	-2.38367607562853	-2.1961027027777886	-1.4215647267675562	-4.72972832223873	4.278992801066214	2.7776814024156766	1.1167238295337827	0.658822246978645	3.3013492729868785	-2.2844120758837057	7.244759709181917	-0.2708744836259552	-5.057540885244218	-6.336292241465645	-0.8421571830008726	2.1180213087916306	-7.627654792068923	-0.69990325789415	-2.4389626715816917	4.020161467966632	4.560798503985379	-8.629498590409947	-0.6416263109482186	-1.4755828352051346	0.6039634090621212	0.05991386397401561	-2.26183452602793	0.45837236763340145	0.8296792163870019	7.009068178427262	-2.2494338047821296	6.0169581414830855	1.4894167555849684	1.2871360847617457	-0.74607299244493	5.197732375791984	-6.387920107702744
DTXSID7046623	1.6015448766245912	1.8959405951258002	-6.230042236178559	2.5744443172589406	2.7927665238107213	-2.128316233082493	9.557805641104903	-3.563503044944298	-5.0284937688682545	-3.776380544721248	-0.8769612421403126	-1.9673709044760963	-2.5199417144816585	-3.1723292443784046	1.8193596450978042	1.6597913604625527	-3.7705468231361468	-1.5456786652493686	1.5825865768134932	1.320054165339452	-5.730623785328638	-0.720955003965325	-0.4989289696888183	-1.9589871014300422	-0.7921918473543457	-2.3825630791156542	0.022632857639104054	-1.259575214959699	3.2367908780902237	-0.9656037096918555	3.5107999995441386	-3.7398051542638244	-0.9489984458644003	-2.82264712011553	1.454757881842099	-3.03122681355312	0.9265436329149136	-0.945479002551746	-5.18066561273936	-1.1949205446276565	2.1803219362912936	5.0150733192347845	-6.55112267539388	-3.2027790807631247	2.118455814317363	1.7189318148494628	-10.314782553752792	-12.95191157170986	1.6254648366163296	-5.431834320677244	-8.617758833304741	13.876785397456638	10.601238463337543	2.205623360148847	6.6507951412769195	6.241262459028396	-4.941231361385585	-7.683125445660709	-0.5790016296327845	-4.171228365936823	4.203388639064828	-0.7696702062838945	2.454708840964739	-0.6060480862459103	-0.47457098920616236	-1.32100228967121	2.775669611513337	0.9278270584058947	-0.7476102162209947	-0.7655383258133717	-1.20281564559801	0.2599559102534426	-0.9663339455799584	-1.4399742404682243	1.2611976876544113	-0.6322763757850579	0.6232103620282993	-0.04902131009200872	-0.39160276675688716	-0.002531529886597511	-1.1213406590728872	-0.045980136534696625	0.2699978860224544	0.44602113185008735	-0.013589925152652374	0.06332583491076019	0.6442397071082478	-0.8136734652371413	-1.202199961588015	-0.5471706941249401	0.9052439313985425	0.5769869896952361	0.6243899227463252	-0.3235776226186652	-1.0236034359661255	-0.15264587577574085	0.2914505933881269	-0.5823255568725556	0.8374198114937089	-0.05396596236708161
DTXSID8023187	0.24139277994677322	0.5201226983594681	2.4159894930566232	2.0488388052327458	0.7216925696178214	1.047851656522772	-0.2586765341254473	1.7156145633226452	-0.08826779625627859	-0.42519734833558637	0.3998177912785085	-0.5630958062831741	-0.3953467592176282	0.9809530729964747	0.3963343017691843	1.4468861722082365	-0.9483309671661522	0.6747473013510046	-1.4511308972526993	-0.3798689387827463	0.6899442766651301	-0.5176383483461087	1.5037835222862712	0.28071532835895097	-0.20717136815505874	1.0906396249420838	1.72458470870578	-1.0831230182814988	-0.09386135590863308	-0.7013555865479187	-0.6827602833849417	0.019084762344393037	-0.1513307660461418	0.2478931152352686	0.6314878322840881	-1.014229918478809	-1.0708467248417761	0.9824252999019122	-0.7058846710974894	1.1100358868399816	0.41702140654914505	1.0816460954241662	0.563084913681217	-1.9022461861061186	0.24853526876030269	0.5139705985166637	-0.32573481911019375	0.5988881330308803	-0.06018647549448185	-0.09930822611372264	-0.055854655651553266	0.3047841990433555	0.3935300087018394	0.08960218509723805	0.09283514952249747	-0.4314323049184751	1.04561119053373	1.1569158226811405	-0.5371669249803481	-0.37230876026936927	0.48817049792686606	-1.5056358099238698	-1.1037201743113458	-1.1786448676826144	1.0509338190182007	1.0238144012787758	-0.16186123264481836	-1.427875745618047	0.43662051009648817	-0.780506925135026	1.4679151743933336	0.34718466772429735	-0.20808311259161766	-0.7644899835982594	0.12304659852612054	-0.10657513116292001	0.44831983464774033	-0.7479114317553375	-0.9409965784309281	0.5378594738269616	0.11116455618114456	0.4857188879695932	-0.018687406159709066	0.9718772024169141	0.5387727341282212	0.36418856660650345	0.20551031709392273	0.06657522293059565	0.2706645239061786	0.6764563231872023	1.0432340114257281	-0.1685852672260299	-0.6398222564288937	-0.20209833212281972	0.3113972830361812	1.002602731081946	-0.03397032993356604	-0.2953938173681683	-0.5956929268706858	0.42146712925209495
DTXSID9047885	1.6941647612555155	1.599173005358483	2.1640261116423196	-1.7648131344265756	-1.1161766242628954	-2.40441605348448	-2.469957636394357	-2.339434604010187	-1.262775797356872	-1.5295548262423302	-3.5746608712953427	0.1657082905488137	4.519229860945543	0.3497147136879311	-1.3789889346935527	-1.6329728715795249	-0.9324893952647202	-1.1496160688037336	0.07278144224882571	0.5731393612000792	0.7316415758085074	1.036746383341743	0.5720290049967719	-0.25338722631525135	-0.25315811213487177	0.6721935445505985	0.25131220616715855	0.5597712541983174	0.019457602163888154	-0.1610984315707243	-0.012854258179156206	-0.4065895037365825	-0.37489521843994655	-0.5073962742544951	-0.3688519341286097	0.1204771323989648	-1.2380059926900535	0.4192928981165121	-0.14482155581234304	0.2391413292379255	0.24040387682624356	0.35154854048959655	-0.05461756235488691	0.22356560740767645	0.02547483737442695	-0.13328957186900117	0.34213495590233367	-0.24439377555305408	-0.1886795199962913	0.027379224231460282	-0.020943795129493074	-0.13075607636866218	0.3281576619507582	0.10218061716616851	-0.2485992609801357	0.07793774985140951	0.10813944840238453	0.1672312939134604	-0.2715780460259221	-0.3515702078777906	0.3115305888236983	-0.08886215366105657	-0.17876138411775133	0.4710212978322515	0.25168405969251106	-0.7457919062969358	0.2514374382836941	-0.25841866352883536	0.314060526846336	-0.29297342168109625	0.10635075989601053	-0.22864660026082478	0.047807185057940904	0.022327991967351038	-0.9498226105264612	0.3708690443925319	0.2699704346591707	0.11773265466267525	-0.17148858713377363	-0.1520660133383219	-0.06323735678562951	0.1391221798331138	-0.2434616579544172	0.10564429393468626	0.39722154015980543	0.29923955873899805	0.1923158143476975	-0.3683938711859881	0.18875838126470967	-0.2301293879727925	-0.1891140269149331	-0.03405761970268227	-0.20008274082952074	0.22855240884732425	0.2405172357273236	0.23764399596285501	-0.4412498071889314	-0.14331950512856464	0.21516624422994135	0.1576100164295514
DTXSID8041955	-3.440927403883975	-3.952856462395976	-0.6522856395836187	-0.7309855494955336	-1.7336698250996962	-1.913360174362794	-0.21552858607576122	0.5990724835078173	0.030620813123768506	0.657501404940327	-0.014203203953540097	0.556847663383435	-0.026405619612937862	1.0729174736351526	1.5219166196089862	1.8189497230534948	-1.853092425830658	1.3867793805875068	-1.2493988034107952	-0.6522757865765362	-0.08004345279940038	-0.47032189345227265	-0.7818157310435225	-0.29422145035947006	-1.1493122881136608	0.4970363734062652	0.10299037919227781	0.5334488804950429	0.09805421197833689	-1.6690720735772293	-0.15702938546278064	0.2512608095169644	-0.04820805869937609	-0.16450014124883355	0.0469155040170894	-0.670302922433988	-0.9411188211017348	0.6616228706000364	-0.3572234214152675	1.3481629104643282	0.12340582467536294	0.4189078939839341	0.670314451600454	-0.6915295860075811	0.27763599696347946	0.5792880646903351	-0.24342602463826638	0.07771371539504568	0.42259736263299746	-0.19683791622848718	-0.11232953482436875	-0.3392614494608118	0.1833841240065999	0.04413653142959934	-0.10518961182769754	0.39122584018215223	0.08703779974433065	0.9887464940214469	-0.4572550186436527	0.029792912856908053	0.007099818180565426	-1.0799138956355796	0.024108229319457254	0.26326923238280897	-0.01039958078265591	0.36525544665907805	0.12106888945949752	-1.0829135245885284	-0.041057903468171085	0.15143758604722368	1.5963250486446656	1.004530123343648	-1.318514962522578	-0.8935809563220238	1.25219208037022	-0.36011198012441686	0.07274576142656493	-0.020528164546538233	-0.23908009491660825	0.7358493522810257	0.7796456171795465	0.786365748122555	-0.0553783251113533	0.3893939847536909	0.9058761217667256	0.665357538748708	0.16104718826757455	-0.09843820789956427	-0.5887106244835224	0.4983568153504694	0.7311125512732812	0.41506697202582854	0.4623191309274914	0.02331184027627066	0.1231630957234584	-0.3301621945683365	-0.4002235666966394	-0.0891899772245376	0.014733638944579974	0.31965903863327894
DTXSID4041995	-2.0217720487988515	3.691396531096706	-2.671237609150949	4.562198501090487	-0.5901154430202266	-0.9178186849940474	5.665700330456532	-2.417968956827098	-0.6504169528670816	-4.060008832076971	1.282143857917837	-1.8932412477591805	0.30975306366536454	-1.3300687968989027	-2.5112517304253843	1.7623030228550907	-0.9446524342433228	0.9209090897085922	3.1662409132886813	-0.6690260190035694	1.1590828692432733	0.2700783214977476	-0.3415295293400621	1.1960201441397287	-0.8903487008231112	0.6306744827669928	-0.3259332554049549	1.364874713286401	-0.42123424766334094	0.40448157277878705	-0.8118028445215769	-0.18042370696933807	-2.4751883442845837	3.5057705301068935	-0.02944667508548087	2.587556842303698	1.4228407433998653	0.1339529858839624	3.9797523194703137	0.023460545430503927	-1.047289815287164	0.45206122629407275	3.181878762894964	-1.2850467543141022	3.2004023921764326	-0.7489017133258375	0.4413583981123567	0.39111335569520655	-0.7440018519622235	-0.3803086485663367	-0.4292805504851095	-1.148196589367266	0.9569953524688075	-0.25923109811602413	-0.24275743898377738	1.8822010823131188	0.6170615482891342	-1.429473161255906	1.3521324502265433	0.39325396979346583	0.7089161216813257	-1.0177518927970093	-1.2601569174434673	-0.9409098333449185	-2.948163185690444	-0.8099538169317559	-0.6055724895612921	-1.9644600819917692	-0.20339536100286504	1.3805470420920967	0.16563811355424587	0.5479933070197361	1.118018765813823	-2.421484221022631	0.6474792452759499	-0.3013078184691804	-0.12674067618580115	-0.41473913190262296	-0.02681377850255008	-0.3040476149158376	-0.26962209483486405	-1.0352538995175598	0.3672599502494751	0.9407721982473989	-1.3354512116011568	0.7425208750228154	0.9174753240076977	-0.4687983214486975	0.03434280943997233	-0.7814215683708859	0.1412483886404527	0.2823302247348455	0.9525874068884371	0.4185176004730207	0.46607114091437246	0.6921702936343617	-0.648175821117655	-0.5817660584280511	-0.8784952164311491	-0.06477738243997307
DTXSID5048681	-2.595988901356104	-2.882160983760207	0.8663886633193602	-1.1044946062029115	0.12151360336937782	-0.8335370585773909	0.899937343917424	0.08141710526023464	-0.0852380494042014	0.8574951242840331	-0.9940361502464086	-0.26085196986884923	0.570656953939946	-0.1710902901199977	0.3319387533223975	0.16021630883328528	0.9997608579381704	0.84479136804814	-0.12486094575726742	-0.976282192600516	0.8578195480897989	-0.13870360819578448	0.7187756770573119	-0.3376164157965005	0.322120121458526	0.42701147801194184	0.5044733847801713	-0.651472121584488	0.14018427055731605	-0.4052403725018522	-0.2517442936120852	-0.09969150116663121	-0.026134617137317552	-0.17357341000998802	-0.2807975811178488	0.12089386992421658	0.457652152650978	0.295397823805307	-0.42204371437895394	-0.2921060673302262	0.6717888903937558	0.8000865205411174	-0.4011687277326156	0.1612767451929062	0.03427953302652216	0.33718738975983226	-0.2748875974239455	-0.27429827639276533	-0.009100050079063735	0.11615257839752957	0.1291396784501479	-0.10344264657862186	0.19658411061649722	0.172914911964123	-0.48844596684448216	-0.11931174931713338	0.5351774575334212	0.44419230613077465	-0.17484093990241625	0.4351836441802292	-0.14255617533003215	0.6119026872246596	0.19686162643603397	-0.6491088807731136	-0.7147352569757449	0.13987976147809278	-0.6472639195823467	-0.03399470592929909	-0.07825857067674495	0.5490961775884178	0.2899042112590914	0.50060608556671	0.14442851561255335	0.37618181888600993	-0.10761698931134374	-0.6269801102861622	-0.8183956587791741	-0.9943260283745898	0.08040867443584608	-0.8969448543366236	-0.9245732478654537	-0.4534648350572163	-0.22464778638280022	-0.03258064953987691	0.08244522538715131	0.2770934344471016	0.6018707060387751	0.8536077685453448	0.42384204857561697	-0.04589527175509487	-0.2732465346704709	-0.9676027575315429	0.4772681070616342	-0.519378068618485	0.6117664169656215	0.5594630369206371	-0.2426570406603518	0.006668378948271712	0.3673263301504552	-0.2759266527936623
DTXSID6026955	-3.2722627537105655	1.2744788505309588	-2.683649926914614	2.739576656447837	1.1412621657143664	-0.27001989185105574	2.040973310217797	-1.4456524381633848	-0.583569464715887	-2.41772965437675	0.9285515127980513	-1.435992378356624	-0.33701452903547047	-1.3260055197288372	-1.944419096814493	1.6273758096217676	-1.1064349230519277	0.9110457829280743	3.0991790073302243	-1.277347430119875	3.0481418167252765	0.8783792296410765	-0.3834798684135709	0.8243672945148498	-1.052357676169489	0.8018536779159735	-0.29331515339844627	0.03193563565218649	-0.40916673064480136	0.2866035501660087	0.2428081532626497	-0.4657111913643892	-0.3442533196378349	0.05731953581723998	-1.1354930690200222	0.9333807807775463	0.024601474399373532	-0.22496339878713778	-0.30071070160774005	0.4232258423473853	0.5109329852016106	-0.5153046742706873	0.10758588794030452	0.3585438308041194	0.05540166118288305	-0.603032602548924	0.13037822990524048	0.2942810982194178	0.12949670942133584	0.1835976128719953	-0.12602769034872566	-0.44631244146723753	-0.14951605594344272	-0.19196665811134556	-0.2891733455192793	0.1602478670319958	0.5054265856165682	-0.08426614626664007	0.055154344971941396	-0.23655970595610565	-0.385560628024233	-0.37684478663687376	0.9961492219625339	-0.22233441002667664	-0.2818280371061255	-0.8352727329608454	-0.16088831815616444	0.17748071431285117	-0.20580048000091236	0.5077161562696134	-0.2299723991082045	0.9485332850811662	-0.22620721243598466	-0.3844736173241779	0.2061293777984482	-0.3493023453438108	0.016186779669468992	-0.6028169153426663	0.3320207966268949	-0.05177174247321887	-0.0005060396474843913	0.3422754287523216	-0.6817388659696176	-0.2843386044487278	0.09534510301233949	-0.2174848147980297	-0.6512247707047303	0.1415532372229025	0.7049039093103605	-0.014694953874803868	-0.15622773206300056	0.4001125919185494	-0.8408106409380797	0.907538083113283	0.6209421490985324	0.37541189953269755	-0.320354106293905	-0.00876384850943282	-0.18003190926970752	-0.16486212392390703
DTXSID4032405	-0.18419517626830875	1.3202386792291123	-2.1780675199386983	0.8583861060162848	1.2854797269852032	-0.9921190137487231	0.5739974393778268	2.17465963032088	-0.13981004898873517	-0.9164843287904125	-1.2816035614568226	0.027082932587561857	0.2507002923103277	2.0106176314505975	2.165402754394795	1.1033277007404312	0.3653107659738505	-0.5159645759020517	-1.572277925916171	-1.4145867270714296	-0.5010911183166914	2.8492647499791692	0.3329658451538209	1.6329333910690615	-1.720835640968695	-0.1271434657442184	0.4778893471799713	0.8672664423926841	0.5548342014510501	0.11132830880532653	0.3013082049154236	-1.1456216897302938	1.0242083445894867	0.15589390621448004	0.15810266470970047	0.28333239965960694	0.025246617244949525	-0.6740090415783583	-0.4413737426809248	-0.45544604528269117	0.0705615330669472	-0.6968997673097517	-0.13789590527701856	0.1975558887560636	-0.39470789047073	0.10036917129309401	0.7028631222147299	0.22399213188908498	0.03218414307112516	-0.17376808770415209	-0.08504495499134579	0.20025748435504878	0.18273720961768594	0.021186824916071857	0.7094164431303139	-0.37519583525400896	-0.12455569869713852	0.19129819897412745	-0.24165586361264954	-0.281563596577574	-0.10931837790100767	-0.7044637520683392	-0.6870525429439641	0.44449136694521774	-0.3786718709821466	0.07553890428414038	0.18858490212657067	0.43804638303237897	-0.8774980938366116	-0.03600496193678379	0.14325402477285923	-0.8025844286133491	0.050665495654374636	-0.3872559274297372	-0.16529019605326573	1.2479351503148057	-0.7725498500731136	0.42124802777585996	0.6356640135571813	-1.1813269230804737	-0.15893361433754916	0.3161900000661273	-0.4486963209151644	-0.7395113100815607	-1.0334656599291616	-0.14098834085077966	0.4825243104755877	-0.9283279449893471	-0.4048933927896541	-1.3683093946845424	-0.24800751680183442	-0.2419431811142446	0.01126000324131495	0.386068195655241	0.6500002987027264	-1.315954322611504	-2.1061595536661692	3.2874663082773155	0.47556552491298004	0.34414408997267865
DTXSID40380257	-1.3210891284647301	-2.413364788637979	-3.5346019164479863	-5.542034898624248	2.3300947727975023	5.313754281934775	-1.2798059921294116	-2.379912698669683	2.7200094907122407	-1.0542215267690458	4.108167484802255	-1.5268373108853437	2.520779510198772	2.057245482118568	1.3852135103458907	0.3582464558379263	-0.21508915409740287	0.5497185567136127	0.645925449116639	-0.3419763041952836	-0.5632673070424136	0.44598872310641474	-0.2123509144659066	0.05940627353171093	0.6001174784242365	0.0009993666229194437	-0.026036629917323556	-0.01958317989156729	0.059619345382546624	0.122715086261366	-0.36370796807978484	-0.025421991472415716	0.04671995379886394	0.11226605781314233	-0.1114447394977998	-0.3625276183231182	0.5235249134091128	-0.6727542529041234	0.23557806777079746	0.14425876385636996	-0.13026271009620313	-0.11870624074136228	-0.5371815766057702	-0.0603642617837111	-0.044609701549826596	0.09810133308036707	-0.017908210973347823	-0.02023425448323109	0.08892684897006961	0.07255143893104954	-0.0621929723734845	-0.3548384676313988	-0.05583999414357447	-0.049491158445946225	0.5451231308554169	-0.17200652067692188	0.22441061748873883	-0.46925974029676804	-0.36013752522214504	0.41415194476406464	-0.43379555059809927	-0.4639372645889262	0.013468943628672849	0.3559593218714594	-0.3847090252771617	-0.23519909556681848	0.10660199720431636	-0.3075642895100039	-0.15230115051392568	-0.10833232992066243	0.06568798562712523	0.002042113362020771	0.07202644123316954	0.1204384912869677	-0.4421595079929991	0.3333103538545015	0.02915503617157111	-0.3963799502383724	-0.02394283933461266	-0.036303232423293745	0.5633809009469442	-0.26987447749917387	-0.21118103294211402	-0.6476758036537915	0.1462838702367616	0.3652448745735962	-0.3180881132125413	-0.09929471398773403	-0.3825110634278803	0.1881615649735786	0.4245701528540244	-0.4814522526618067	-0.9384443328443808	1.2376885592496423	-0.5801171211080123	-0.49023667796297615	-0.05620500359413313	0.09172209262056888	-0.5111999791043171	-0.4888048338013281
DTXSID5027803	-2.4328732099940384	0.7619164914293145	0.7141650834469929	1.1499994702876037	-1.2031369800508676	-1.5067307071944773	0.8432954463222616	-0.44053766920525805	0.9391039109825071	2.3941013559054967	0.25174415707932496	-0.19099145152165437	-0.6418469449376544	1.7747947456775797	2.242723393180038	-0.2017465441904438	-0.8837038500609204	0.812465781636611	-0.8959768688686132	-1.0480720276102133	-0.2642434832184379	-0.6022227878600567	1.3520508498814716	0.03728894471628677	-0.15084461940336627	-0.49091867481445506	0.1282718848566796	-0.46938593119024913	-0.7096538746283548	-0.7978828166875033	-0.5892153192331081	0.7416740231597169	1.6223123900870549	0.36236351489022145	-0.4883846534001353	-1.0209369346803634	-1.504769709113498	0.3033424589164674	-0.20298132238626646	1.156406257955875	0.51405126202146	0.45465941090227524	0.3990245115502242	-0.8441825587372168	-0.39978991305458333	0.5953111621392301	0.13303638034405185	0.7414490016473719	0.17390257212416055	-0.1393290078994956	-0.07823947006077006	-0.13179715556235944	0.47047701005160847	0.21907359495254142	0.22636374860195194	0.5024993114584166	0.5104707432224872	0.9077760878663816	-0.7553158840521548	-0.5985652959921309	0.5709033646903885	-0.8435756441794015	-0.30431687529719903	-0.4643314696016978	0.5541794730700382	-0.08914820436082858	-0.19342274135270285	-0.2287691848466322	-0.5073598938626505	0.2748894929361879	0.9606676597846847	1.3980177932919238	-1.430438040824992	-1.23498353459013	0.2541108040673774	0.29685611993999494	0.17586919946907636	-0.32395750816944446	-0.03833146272424176	0.8097476792058091	0.7211138965814601	0.4200077654417519	0.7739826648924633	0.4295383312909919	0.20847208282240523	0.10929051654989942	-0.3160512490974748	-0.009652401974159435	-0.281465116182932	0.6270866746588465	0.813697491058507	0.45056400889280784	0.4692491889903862	0.7783099808399137	0.18233045544181195	0.019260783829634136	-1.0264417907845793	-0.18566514576323845	0.19626702974402682	-0.12062840299414201
DTXSID4047092	-2.5101272874026903	-1.2333968875275516	4.2692762730576455	0.962984354551122	1.6432993645075822	0.21102558086629924	-0.21061636602252518	-0.7486778595528557	0.010798113852274352	-0.17337640318498398	0.32349282901860577	-0.5176738995359234	-0.17258020430351245	0.4337127617107047	-1.0309894856744235	0.47580617087705773	-0.3657767301468366	0.04368000859540936	-1.4209507939626447	0.4296627187994471	0.03413492661655339	-0.2772645842459578	1.8008273543961322	-0.3036898793452531	0.3617995026760848	0.45579710023208303	1.5323775997273228	-0.5701971364927186	-0.1348678014103117	0.5813770116569076	0.5292641544165696	0.9151819165488997	1.0365292917102742	0.04268452297730229	-0.819869732757845	-0.382474172786529	0.8354475312491233	-0.6682522400732878	-0.1067817622520355	-0.5791231394534182	0.5769721926205019	-0.45256732313137854	0.14081136121639357	-0.8310984865535037	0.4508431290529971	-0.4978717328476636	-0.5956284095401571	0.538287683283897	-0.09445811306325007	0.4323005029170217	-0.0437614972503983	-0.0027286181159731026	0.20406409138185588	0.18962487466609584	0.7000556114308929	0.04810998090829967	1.082558368069504	-0.2136049486623905	0.40012383411826385	0.571218349285964	-0.5278390339263461	-0.005579917625427924	-0.5704862381559406	0.2797979993494039	-0.7085464660352865	0.41149385297808877	1.9793569457699507	-1.1755100465187795	0.4248897488790542	-0.5577673935722832	-0.3993334534671986	-0.48360680677520057	-0.34428214949845315	0.07130944305951262	0.5505088605442544	-0.3772388389002732	0.21444463333061792	-0.10935816645738942	-0.06398894681546316	0.3158764756206873	-0.7779030443686695	0.27794228048978165	-0.3049156561460614	0.33905034535498174	-0.08566515066322204	-0.1030416056961869	0.34438236349829204	0.9655880714769136	0.7707101467926372	-0.32050572332902155	0.2993405895604874	0.2558425237424005	-0.388964171459392	0.1723932586960099	-0.2826981415540112	0.5215257351586388	-0.16210410577897333	-0.36198528332850033	-0.2670998601532645	0.32024248689688617
DTXSID1057820	10.590780713345282	1.0886794104110065	-2.9927140590729673	-2.0843362862863546	5.2542648532518	-3.748199425321396	-1.433947827581646	3.683060378499198	-1.0563976119906537	-1.4130740044772896	-3.596438747822134	-0.33154954693764055	0.893718280845414	3.160353541516913	-0.14512694706155577	1.2406763661825453	0.3837539021933477	-0.16299719916876737	0.1053334615199462	-0.7121261240195303	0.2658851239885357	-0.4445494433834141	-0.3037770162573661	-0.12594581114179032	0.33522412358741166	0.7752137630273784	0.17404344278132355	0.20090365074305386	-1.6589976783120974	1.853976651735538	0.22475214730317727	-1.603219988921489	0.4271073747745011	0.4224363274100258	0.19577483083384878	0.32751576935150706	0.6392237794663886	-2.5234735878681755	0.1394632608983549	-1.609260465082325	0.5695886497293038	0.5319673766501201	0.9174377025736103	0.2779440142232102	-0.5536280577118664	2.1688586356523736	-0.5701822860687527	0.7336737483783178	0.4180626228384157	1.120279908247267	-0.022034765243751114	0.3700380612059306	0.5332899156951566	0.44323422173958316	0.9114538357377535	0.5544538905075497	-0.3239210355177329	0.21665866882403426	-1.2564635651996872	0.5470030995085813	-1.209734113592728	1.2287095213800903	0.6815867933222323	-0.4963453633668476	-1.0747340074847054	0.4265416416010013	-1.7211680981232023	0.3882645109779036	-0.8784051350767075	2.1602600334143753	0.479897172113316	-1.435439391299882	-2.6044000283581945	1.1737510745838609	-1.4368402354610992	-1.6178665101681475	-1.3425197237423225	0.9488096490103779	-0.2454775604747009	-0.15399976859984554	1.5842306509429103	0.5246564691512927	1.3055667198213758	0.7522337256595891	-1.5001104074570248	0.3370761265642969	0.7233077546063115	-0.6164685504412675	0.5267227218882851	-0.8942044045955581	-0.3590505197746523	-1.9950370431233735	0.5429020640832505	-0.4255206946260719	0.452892579465099	0.5968200917246472	-0.8254425739572708	-1.0115861552640792	0.6409337052198679	-1.2010226584737174
DTXSID7021287	-4.315043263566124	-4.300932027398375	-0.2757991557257044	0.0070275044312217766	1.7350986320582344	-0.3657730075750528	-2.54404725171544	0.41230573607199056	0.5149538605415894	-3.5246070778157415	-0.42850913271892543	-0.09783612195064362	-2.3670812389030336	0.7148394411039266	-1.9624231106106333	-0.8989801286539246	-0.3614482358991325	-3.1494749454487194	1.8831022334026373	1.1699085402369866	0.9096862090039046	1.6979904798937544	0.21053653532802474	-2.2719726176486716	1.478336810022166	-1.3422601840609805	-2.975754753790178	1.9028243605570505	-0.3217127099688528	-1.0537600195252472	-2.6309318622360016	-0.05422113114302021	0.922937432138762	-1.9857701268472172	-0.27375218422984016	-1.345101944699738	-1.5395021691306339	0.16257999946248256	0.861777700282097	-0.384690083676507	0.6535778656840648	-0.4394889841780623	-0.6622827812088419	-0.9081369680077139	1.1685588740548718	1.360021260354128	0.8406548548142495	-0.4967095512937933	-0.5053831725935071	-0.4268620938233335	-0.13006890134155374	-0.49047969197572994	0.3227592068843013	0.12419025504569259	-0.17059589085577434	-0.584285469331454	0.4261911535177989	-1.2865222857659957	0.08551318869721852	1.4667092262141919	-0.0017597342295970167	-0.7285153659591747	-0.40022702435623025	-0.3446580363143517	-0.46809700226988943	2.325841054053491	-0.9320340159328436	0.26985689180212796	-1.1927518800886368	-0.053834800730068334	-1.0533364126900815	0.22758676183494156	-0.642128363986097	0.3523628470424001	1.9335065931174609	0.5968808353319796	0.5616354669771879	0.44335146153834964	-0.10870845799304349	-0.23955643482250108	-0.0017230990114303337	-0.20182409942855287	-0.4773589439977116	0.7355918448012438	0.5274552575946656	-0.22625827774714877	-0.4890673599326359	1.0326422161588564	-0.1881307106837018	-0.23946912683206306	-0.03611956532346333	-0.36000351442494677	0.7438408187799267	-0.45035604207832497	-0.1493227275733331	-0.6770822633638287	0.8739936332966953	0.002823518004637432	-0.5605963077985111	-0.0410144031513756
DTXSID30865801	7.599352779089711	4.086081050541696	-1.0780917800942629	1.6116248336318386	-0.16286101477260165	-0.7388794040724915	-6.930203777481823	-4.488763438041698	-5.14832829713886	-3.6828226610370387	-8.776290450942039	-0.2410807442676009	7.22214755651341	4.254570830304799	-1.2412016227327791	0.6200750348925996	-5.195628133858543	0.06987557499405335	-2.1442903868631493	3.5897465554378702	0.906874538146333	0.7966429402323467	-1.1862281558234475	-0.7157305090858405	2.1488357120555395	0.9030271161030935	3.880989905409203	-0.8570396499154589	-1.0349647967012552	2.3231429778392663	0.30217402706938434	0.5224105709124313	2.716790747956933	2.9948546221866517	2.2132856035442154	0.7621297776359044	-0.7980975298451147	-0.20910066448735262	0.8134383069823761	-0.6138007196817025	-0.22548850132774756	-0.17026363117271176	-0.12255996767756297	-1.5438242107798577	-1.2220064626506042	0.05551283989799851	0.1098481223693487	0.1799060465488137	-1.0036411142655566	-0.5357366059916453	0.13948608693163195	0.2569283703473418	-0.11534363036253886	0.4737055357437209	2.2117872257342173	-0.5478188640531626	1.0035001989501682	0.473155004641257	0.44995841704330775	-1.4283590396216637	0.11287922200302708	0.5272615923724759	-1.2460552999603962	-2.153823114609381	0.6026406654904899	0.5264919738606852	1.2355947649963277	0.9198476058738431	1.3386523752239967	-0.8465281910899741	-1.6538248780803386	-1.6295413968922967	0.34699248136434135	-1.0353012270221538	0.9924428032140595	0.40818594104646055	0.13048991406975247	-0.3127830435760176	-1.0270189480803549	0.6707965262917147	0.17042957966095051	0.7426676043446454	-0.5140032501316637	1.481972839796046	0.8277092676434189	0.1346952080006025	0.6843475609485699	0.565750513207414	0.680576600655637	-0.40557619434215064	-0.29194398230661145	-0.07689390418035356	0.1621587572847394	-0.47873330661410485	0.49063908454618876	-0.052558076870778514	-0.020589949930238386	-0.9290018692315491	-0.9737554288142821	0.8426913012738904
DTXSID6020149	-4.217269033736278	0.2694279378540616	-2.09399765065919	2.2666553164360677	2.324636994175899	-1.2345055570569239	-1.1231612607857857	0.6057455419958808	0.9172150609069543	2.3524990125129683	-0.7717765172848314	-0.6572225955951584	-0.46970435703604674	-0.3160447325167972	-1.8919993465326281	-0.20894840011636318	0.9258624471716391	-0.32532730790783027	0.4091215997121873	0.6364858364474899	1.1172352571942585	0.25120339360306937	0.45318592587950485	0.14533746233135772	0.22859894989876622	-0.058112418675806174	0.5389683787955547	1.1400442507326876	1.0461951392722888	-0.795852856705237	0.07684855798283033	-0.8768098715368882	-1.8744143197697196	-0.2575218966513685	1.1523825323395687	-1.7167713059656375	0.5103217837617561	-1.5361237112583925	-2.1682355212043243	0.17374199046128513	-2.6930766109403885	-0.519598240790715	-0.13269798804512548	-0.6905041972468915	-1.8569254811522995	-0.10574286794087709	-1.518261482141716	-0.8434838591916906	-0.10043717406573958	0.18550278021433253	-0.27219741976149897	-3.2460471958678827	-1.7608480305119425	0.5964028931134638	1.4444790859798844	1.811039347324354	-0.854273869936397	0.45161528739265433	-2.8097264924349727	1.5519346497716224	2.0354238384891503	-0.5015984231988445	-1.4212968250550206	-0.5413052104344412	-0.09675505044414356	-0.8466084958192768	0.46152669143923475	0.8334355310843367	-0.7786185624216	0.1047280163527551	-0.8370158277889457	0.25886821488711337	-0.5906509506554449	-0.2034207569954663	-0.22810441063026532	-0.10510419526548694	0.3117920217797322	-0.4913762162789855	0.1752196917374978	-0.3582912581715385	0.07042656528222256	-0.05264769335666831	-0.21611282508381532	-0.7220095144116573	0.014384008584967444	0.26021133900249344	0.777773066423943	0.3081047848812613	-0.3423294338948146	0.12812741190791768	-0.9322093853727593	-0.17083482312011816	-0.04285993866238659	-0.062073264015135785	-0.36347307988448085	0.048808067402838815	0.3067126633637456	0.07784138763751343	0.15961518156517607	0.0654948932376336
DTXSID4049240	-4.472929030708304	-2.753824612780571	1.3605354981870061	-1.7749072804717652	-1.7654823567257978	0.0546602357255844	0.07928580288555608	0.993519774467218	-0.1748281438257554	0.8968905226267891	0.053165782762022266	0.29022388108512287	0.8801325940067926	-0.15627415881258833	-0.3953740227491567	0.2288173640908995	-0.6197043158673404	0.0608928342813177	-0.14664558819353601	-0.4709846818265316	-0.43018764886391675	0.08748485011333863	0.24650178383411336	-0.16256707744284518	-0.23799405984231728	0.9821452551241189	0.3581150935448674	0.7605528656626165	0.524033080834169	-0.5017688057108237	0.13480372586444914	-0.38361262315839917	-0.3040378806830733	-0.7615442341947978	0.7668292693371558	0.38704134948298263	0.42563916884525893	0.21437242527124964	0.37618579733101254	0.5779626459983169	0.20844548262940046	-0.3678321673917221	0.25215617085550623	0.32768205764725433	0.1358328850635924	0.1344804581546395	0.2099200176339822	0.20899708022288752	0.2674960122490532	0.045444988014607585	0.10128898392414593	0.20473195350551301	0.32530109538705426	-0.05727580615944359	0.13790828933215313	-0.6216744378606466	0.036553182484564725	-0.1105925196493171	0.28100977692187384	-0.07208136408528294	-0.20287817470412428	-0.2658694223883089	-0.3009649182072099	0.23408121873172458	-0.3960050653684734	0.47124905828958824	1.113187933968784	0.04525208042077386	-0.5533694193842197	-0.02561484263429236	0.686383345696333	0.03730257116456102	-0.41304916950549053	-0.49837490786715793	-0.10113747997336825	0.46444189659935475	-0.03393285144558714	-0.6532488484126846	0.41529193007035586	-0.1865157016612071	-0.4035654117438146	-0.2087357498508814	-0.029703383242621506	-0.4838809357331475	-0.3870208199466437	-0.4018815144514768	1.008272157954411	1.0745890087893855	-0.1858871549009743	-0.04078070612934742	-0.17056145295850259	0.25689680262532766	-0.3365138583122355	0.13631570163402362	-0.2307040272406205	0.2638243920238539	-0.1444337690953908	-0.2063334302694343	0.010947077928362964	0.1943930157376951
DTXSID9025744	-3.7454230262304886	0.4418367317641804	-1.3345844903686428	0.5627731382194556	1.1343301853270091	1.6536681263120323	-0.8552718401723439	-0.30675332691217216	-0.4351976407920865	-0.19095149047393378	0.5023345655520389	4.8359850080598195	-0.6728814639188468	-0.9477921036869627	-0.020358381280055553	-0.4797671608756653	-0.2705913780018424	0.052507706574880214	0.3624000031133316	-0.35266830402337257	-0.07608356717006255	0.04154612748412814	0.8620567277227034	0.6180576449855145	-0.5495038797866533	0.37623410651192074	0.7399251410791488	0.48572104008206546	0.25365076950751037	0.15584533334551784	-0.38356650014283683	-0.5338851491223408	-0.07334577048996775	-0.09845103417532833	0.20467646394177913	0.7108426580782058	0.14887784550003436	-0.13816282654655687	-0.37918745809449583	0.2884747827141475	-0.18569297550781355	-0.13158240169130714	-0.18507389355321538	0.31709674252160935	-0.16086279338821605	-0.40953283253206013	0.6480609882245192	-0.7134128431391092	-0.061425947798196566	-0.024290238584591905	0.01882266808228712	-0.16529312173857402	0.2451425252427111	-0.16539509237835204	-0.7263672490527446	0.45966834000066586	-0.25464800796622566	0.23662584187197522	-0.3809023213558823	-0.12084723188821758	-0.3167404432562693	-0.34367897421346055	0.9892379788587	0.21235853811321753	-0.26753894297726605	0.10017468708620543	-0.0013758908204255546	-0.21371512405148232	-0.3280169224158669	0.06806447234115949	-0.6217991165368757	0.7594559667144104	0.10298449274559854	-1.3680450286519301	-0.09537765959741815	-0.5582850748358593	0.0014569030381188831	0.06880101611696257	1.2013858198660865	-0.46353690480578935	0.14749438639234932	-0.14574695074059527	-0.4341694011155675	-0.6058834086646074	0.05659331421661245	-1.1992580958140489	-1.2533952916884947	1.0340564910375376	-0.7905213521648602	-0.9669618138165358	0.014058021777855806	-0.09506421492819793	0.04730953880050523	-0.7844427982645711	-0.11052137659981727	0.41127815044026933	-0.4202276983085587	-0.3854625888115705	-0.37004826442146643	0.32745355602955667
DTXSID3047556	0.340608300330657	-0.7073729936035122	4.245223561850908	-1.437351440658978	0.5575870470465837	-1.7455590579451326	-0.09807651336642115	-0.26096436971277404	-0.33387554890959914	-0.3679046645985524	-0.6476675269537585	0.07512084551897515	-0.2142080726498414	1.413970393545852	-0.29566814138688635	-0.3019480139834177	0.9519646526720329	-0.13302931541527713	0.5609595366135167	-1.228490389371149	-0.06402067025657329	-0.3673897518285456	1.2634184450119568	-0.01752780107807794	0.31515308029602995	-0.4684541892933772	-0.4872799068136255	-0.4065873507913654	0.19580550174095196	-0.5404522678224829	-0.2600596969325419	0.9584753493998346	0.6205956750741013	-0.10288453850586243	-1.4759699317495294	-0.20638426991638728	0.7262324462030173	-0.5833595863001839	-1.0526192486537627	-0.9533445958063698	0.436574522150554	-0.5448436782298725	-0.05056165915216191	0.09393902280889525	0.08821439321140416	-0.33468546280619654	-0.4115742213796161	-0.009262924161849019	0.05382382538597424	0.1848275935306698	-0.19022786911650674	-0.6184378338314711	0.2242589856158377	-0.12643110094387464	0.11406657810356227	0.47633866334845476	0.03453936282896683	-0.0029820981498259813	0.09013485925736162	0.5105025899422756	-0.7113549941192925	0.421923700692947	0.553940090674309	0.5346375930723937	-1.150684347499982	-1.020190090406718	0.75028208784132	-0.8348864401712373	-0.0792265263399791	0.34327507913467264	0.02458439452222341	-0.23707241501574064	0.35036516701861914	0.12184664630376955	0.4335395680632421	-0.3181079838241006	-0.3915157607913511	-0.46923167522236886	-0.2017070617603993	0.18256625663790976	-0.1979653097106237	0.0011756720089371585	-0.1869009909595058	-0.26096920027054876	-0.26106144877485976	0.051330190068618275	0.07709378378644664	-0.13932870075820977	0.020111447042520523	0.2661909317106178	-0.04530283973769336	0.47065534882811444	-0.5472911680553076	-0.18820768314990022	-0.13095547268372565	0.16131928035684046	-0.2427317747131106	-0.2513569812539475	-0.11786349834674269	0.09377007490791892
DTXSID6020014	-1.2852727370316543	-3.9316235941072577	1.071836041961828	1.5845856215989902	4.723809980442546	0.6557449575140747	-2.390970721270344	-0.07852504929034318	-0.6901819864912588	-3.1557092174966987	-0.060809165261504414	-0.3606903467276518	-2.0014815096209815	1.5842588478759403	-2.8384058753902877	0.6658843849751237	-0.8057379286349401	-1.7224298328952712	-1.3339999589273235	1.7381527391645402	0.7602122261672575	0.504294493472976	2.2567201742388425	-1.621296100739923	1.4609725148636692	-0.04084500760136658	0.3517715593363319	0.05453552225665092	-0.7800920428728411	0.3626846855826657	-0.9482559601978747	1.0467146010376704	1.536500384733434	-0.010096899054661186	-0.2211874025954698	-1.3392238217254935	0.047085955819367045	0.08107434788999664	-0.023501621288488095	-1.2159652349004404	0.6721609318014133	-0.6666737377715795	-0.5145416865542771	-2.092752306463745	0.7726090324665696	0.4960939970591431	0.441504291112385	0.3720689137202779	-0.5218230846052394	-0.26643244446829834	-0.08074099069231504	0.11247315520426773	0.1292438655866444	0.07764273159018827	0.5684906370552505	-0.2772470947493423	1.1972844573723544	-0.5473424302533441	0.2328953098133934	0.6565413830499103	-0.031592155855270566	-0.6050899580377725	-0.5259324929937333	-0.9329682834107439	-0.26249114494180137	2.100555798076707	0.16081939882592036	-0.11088713624892385	-0.08595876126406933	0.12039741766010825	-1.4307774376608655	-0.13889284901751522	0.6321764651249967	-0.5258350365137149	0.9467542806627773	-0.043737693232798226	-0.6494314939367704	0.35611047990906936	-0.2963064554704021	0.8106391442531645	0.3747379605675285	0.5386857631654753	-0.2636723071150231	0.36024794267599775	-0.14641768623108328	-0.417751482716472	0.16140839720457095	0.2542316391887894	0.7294604700713337	-0.11196885984935742	0.09070734672263052	-0.6341197758119103	-0.24803416029834546	-0.3723131075402545	0.2138819245847052	-0.038823482364804526	0.29407808774945804	-0.24635024639311362	0.010491775699618084	-0.5668202849647067
DTXSID5021338	4.1679412786657934	-0.9586594305464459	-3.397116539060681	-1.520419715234021	0.6156461165721674	1.1581128841075443	-0.45234744905174157	1.9928037686431845	0.23132677043981556	0.22952014196661003	-0.46430944654355805	0.19908715374604208	0.8245651036331163	-0.9692456273366268	-1.7627844236463515	-0.16666179795568706	1.3671956848774143	1.3469793555142724	-2.7775441544174972	-1.275831851973165	2.5244760077034285	-1.6477558385880764	-0.5491663186959368	0.1324089135974466	0.031131415140598973	0.2991206030671848	0.3739385970053702	0.5256221843650183	-0.5244698077574108	-0.5543732106397385	-0.45731004603878395	-0.3534109856595768	-1.086976150878425	0.5410466473987546	-2.0848393526365547	-1.0261865183830032	0.6720566093235444	0.42631018013211136	0.3937633476649225	2.066102447819877	1.4951911403882066	-2.476776511467322	0.3737303973489608	2.263491866291426	1.0235189440122825	-1.4988179962544654	3.696146700467762	-1.9221500003261633	1.4833204211960516	-0.8734262611319029	0.6260625450119363	3.126758571230121	0.49143068076626195	-1.9989195052888544	1.6152131259300377	3.553028212375156	0.05415279555176037	1.9745409032979917	-2.058319094338569	1.5825838930394356	-1.2300902654756065	-0.41722865981227786	-2.7089700369812917	-2.952224801021281	-0.23906474602859984	0.8591759239399325	1.0562822085975443	1.3266951698643008	0.6969957636740668	-0.35613489073416466	0.03925578108886923	-0.6601672212410435	0.23156545212016696	0.46606937153064876	-1.098976467351775	-0.2876730554909771	0.06700976894686274	1.729010701455961	-0.5124820797828067	0.8751735449919373	-0.5054071403721293	0.7290040840463962	-0.02759366166304948	0.010174267665077105	-0.36066636760490955	-0.18442118761320175	0.6319233098468131	-0.21482940329059846	-0.2751485932143756	0.8906814877175335	0.03656344471032739	0.6425758679655391	1.233653604295765	-0.31960585250814416	-0.3190464549333548	0.05356208943952214	-0.4324546541222739	-0.8398060746125849	-0.18119282004727483	-0.5751483124588345
DTXSID6020983	0.5446023219149064	6.944437356549831	-1.2357039159677703	2.5920918242375532	0.17628376700520676	0.90615051200843	-2.4275396079696065	-2.3270567181428263	1.360289200985466	-0.09144228282037868	2.090735520317759	6.2914797268033915	-2.166428746394633	-3.3951080954527626	0.18090841288816426	0.2998989391498072	-1.6587642508889704	-0.19877103991256734	0.787147818097232	-0.9901398993938864	-0.030552943171243442	0.2869416907768567	-1.010965762462378	-0.7310520819598773	-0.4467966333113203	1.172183266833706	-0.6342409067958091	0.9530514757375645	0.14722101651316946	-0.6553612147376966	-0.6523846489400348	0.4859937315186022	-1.0723885227099095	0.17109732579172568	-0.677497370387272	-0.8993227276618313	1.6234153524016346	1.493056306666499	0.9622089221145557	-0.030069350351723194	-0.8302478330306201	0.3782643482735985	-0.3898285775901245	0.32609727600141036	-0.32128851442250767	0.9310395247541449	-0.18009128602515598	-0.3022390210265729	0.7124733043397524	0.5135809901698911	0.3877024387375078	0.7504116461905745	-0.3299586952169088	0.18928203761116436	0.3090518571696819	-0.9836033752561357	0.0396098545562431	-0.007944993921021905	0.42852263540917934	-0.2086208941681733	0.5288434888236772	0.7099659473866659	-0.38344760312316895	-0.4319289129021179	-0.3112050951353508	-0.09157462545988326	0.735069625295498	-1.440152763248936	0.32393927312119447	2.109803253199849	0.9530904691576502	-1.0449637529639138	-0.02640927716975638	0.09506605964917397	1.183232550772652	-0.7730062440210936	-0.3042469908014583	-0.9552567367939975	-0.032502542572610454	-1.7000545532058544	-0.6347202551901371	0.008729829200719512	-0.6130998512916628	-0.10411051905742053	-0.5425682668155897	0.3617022415096955	1.534040747365963	-0.9888919165965551	0.4901055108273167	1.0363184401441337	-0.6534229373577337	0.3373389288878242	-0.5637899031865784	0.22608637843206256	0.4756234634808434	0.015989835590646314	0.8484478655811128	-0.11078844339869523	-0.4490932017705052	0.09680804658423617
DTXSID7046461	7.428853051321505	3.4283006282356654	0.9454875863057206	0.35799811073176224	0.3489292220520815	-2.0469440311524694	-0.8186575198269092	2.058294452774794	0.571515830984936	-2.74139110217667	-0.9461964850074943	0.9734138735379239	-1.45179048759298	2.8461004867509474	2.182391378242309	-0.3349293524686076	-2.8268595643272545	-1.332720197976525	0.21727431812425496	5.02790961173	3.5120458606903666	-1.0626040874755531	1.5017349707944758	1.7319662679283454	-1.2584739493768835	0.03584015860964603	-1.172520152662994	-0.1425080076893775	-1.0161952693729364	0.2939642562251004	0.3765917397279551	-0.8823072296347054	0.4167536275979834	-0.09567741551560265	0.9780556976076135	1.3229529118469772	2.615602288913274	-1.4468452699849919	-0.562875379334671	-1.4635097852144723	0.7262386182081146	-0.30487743527789557	-0.7975944848119045	0.8158905577334903	-0.7835432524658199	-0.0010921048529832376	0.8560494212711751	-0.3304473238971513	-0.42511198194142813	-0.6518136164784569	-0.19431380921560695	0.5265420900585679	-0.8041830344938256	-0.05743178132440805	1.1643003461360617	-1.7415039266216166	-0.7134970830887224	0.4720001770761329	-0.6822266641573402	-0.006378827732513906	-0.7394720923924938	2.2164614255879305	-0.9218436506750658	0.14219629980634604	-1.611710384630329	-0.730421955328331	1.2335368339346717	1.2303324641724134	-0.6506435626742596	-2.1010339403130756	1.6120796934282624	-0.2666325667463593	0.005731884968072607	-2.529353854427157	-0.8913436794047808	-0.2629078235431517	-0.33242691318551637	-1.7390356771538242	1.4366325079536586	0.4052724116346794	0.8213127095793513	0.6179669456502047	-1.3283483105690312	0.46191337503936664	0.42909929688701054	0.9277926389580061	0.2984602313750547	0.44001510655783127	-0.6283409073600098	0.0062508976041499905	-0.9872277121228721	-0.2988156835253972	0.43675044239765065	-0.5080923453388468	0.8212209066105751	-0.10817259551302152	0.6437316423869864	0.21998771128906713	0.1388888415002046	-0.30552691670952803
DTXSID6047949	1.3242559961402605	0.49139984177353446	-0.4097437937870753	-4.944269039333275	0.6419331887482854	1.1453927518421414	5.321664948894402	-3.440082796813912	1.3204955895478114	-1.4461907855889646	-0.3786370345846227	-0.6753760588698288	0.39797534972649423	-1.4926726808645963	-1.201211519909476	-1.4515751941224562	1.1977270116727647	-0.4643947999179411	-0.7607263566670233	0.3120982265984327	-1.3216920315698932	-0.19781091766525727	-0.29706818100698135	0.026208557524094574	-0.16178635264419974	-0.9414881843326401	0.35287028609090254	-1.2264062062876069	0.027394399025498024	0.5683242644949452	-1.3228375543044537	1.5853050576047447	0.7238850475618333	-0.06475214562829527	1.5770350079652005	0.5922030022826351	-0.5023837913555109	0.2826943549924397	0.9871545205358317	-0.3749440072102507	-1.256334657403157	-0.6268528340601291	-0.041266675825710544	0.0400790339317887	-0.008030749342706518	0.33812050751121486	0.8875866572078346	0.4739106285887405	-0.521302111575907	0.39142945520528305	-0.31619052177329277	0.1844550731460171	-0.6095706412076037	-0.011263488249008316	0.036748520777404606	0.8519788420139082	-0.9825121156769617	-0.13989973153306706	-0.7088069632368891	0.8236461563550372	0.194522084602189	0.45508496586732583	0.7209326636507205	0.43359974516817795	-0.2539645279697549	0.3050349837591044	0.4445583263252853	-0.6588037676434922	-0.3912501454830006	-0.6445878513423919	-0.5841233722354321	0.14447443536419324	-0.951215842413536	-0.25546296152285275	-0.08910358650492439	-0.04282707477713512	-1.0663267405039507	-0.9228169490195223	-0.7409673600141158	-0.4696904145880669	-0.31483611549459284	-0.8275655630391835	0.6916169216411981	0.8767522176364381	1.1574593388045595	1.2518383717546908	-0.5247488203343078	0.4673300918231156	-1.3414029865516466	0.8640290400701827	1.4665866624210415	-0.4292319590794148	-0.17000478592300028	0.4648729602872389	0.2786737676547524	-0.7789272769232789	-0.6570670241783851	0.683000435596348	0.109477140890357	-1.1149369022942601
DTXSID0027721	6.540158161758911	11.177145204162628	3.0643082492143687	0.02842820335716877	-3.4572487052417307	-2.221782337090689	-1.2680201861391103	-1.0620118354615116	4.294553110908469	1.9805399305028846	2.9895928889494794	-0.6217285852491633	-1.0681551351383118	-2.2755711239766736	-0.3442898371874383	1.5067316941242366	-0.5493239916624102	0.1102765773355654	-0.5707380250328926	-1.016920341609906	0.3310429332582645	-0.08263347614365026	0.5183618347161891	-1.4418087609688284	0.5190008297327635	-1.4528585356513355	0.26966963608924277	-0.23643760861565477	-0.12414978236748467	-0.10569420210168129	-0.3582059019732499	1.8476246490637938	1.8121128614451598	0.03315335555858077	-1.4518266265077195	-0.354187238673169	-0.8921379297759464	-0.6239778814928222	-0.19498873730636937	-1.4783412730757874	0.7746913289726153	0.7401537252565827	-0.42080829099693673	0.39078647407637673	-0.8165967450545593	0.5735960789924892	-0.05827043314178821	0.6020666422844636	-0.41665665775524874	0.4646399031038954	-0.1961495505268489	0.24686412023298973	0.12028162557084571	0.6113496210394564	0.1341134026184374	0.3455814458336519	0.9937690764243913	0.30633927197380534	-1.5016935858425196	0.1574146400162109	-0.47378411058631253	0.5871176283294914	0.3780634515689121	-0.14209562005840634	-0.27354499266023063	-1.0472084714606664	-0.16277018977074592	1.2003554045306528	0.8051880651159415	0.2725990247853669	-1.7978801401125688	0.6105644483067272	0.68219742046098	-0.2629830331541855	-1.8784201359323158	1.368446945719239	0.28149856451691796	0.396516576351784	-0.28120618253319496	0.034062304509369944	0.5807450293812156	-2.054940040975087	1.6614223756640767	0.48186040021242704	0.9802619834504183	-0.282457366016732	-0.5748070311731586	1.233925601991545	-1.0718090310102268	0.34581915171866123	-1.6203103546992579	-0.2658375044759131	1.2415001173338287	-0.4812144079483518	-1.1897028575268822	-0.7924797522006468	-0.7992652030772434	-0.6686834218011749	-0.5585352333186911	0.27122141266621147
DTXSID9046237	4.853788256973159	6.513217654191102	-0.20226352625865734	0.7245765701253788	-3.4198301809415264	0.17632766746692202	3.252688563511019	2.2919552028616423	-1.7746295440440492	-1.132416599186178	-0.43788643904549507	0.30538344180909105	-0.11445296703046198	1.0344670956212905	2.065386478676694	0.07815773047753329	-1.157763583573483	0.06022442032988075	-0.228077422465733	-1.0348359253286379	-1.9996914152395004	-1.2473230017469312	1.0893681464512481	-0.3089819132961594	-0.8888892350188397	2.6499390384155768	-0.0763980798468082	4.243310269636853	-0.13386405978262503	-1.2238874219926885	-1.5799490398112817	-2.0430989569730174	2.0670001027675586	1.21575939907746	-0.7911753019022596	-0.6441370325533528	2.3229023806606652	2.307650929853904	-0.4408521155410357	0.30138375523958183	-1.1874288943027107	-0.23547710027266525	-0.8510123672485639	-2.9544685025421	0.523695145326751	0.22190330164841338	-1.3161438985245064	0.0006379341175818893	0.7305798046163519	0.3753870881771906	0.33089672300156026	0.30187484230403616	0.19354260011307214	-0.26647802016902294	2.5450796497370636	0.32630116486231264	3.4746249263403244	3.71045782797283	1.8126278307702317	0.024395807223184563	-0.9085074818912489	-0.08462617534048587	0.41763440944402863	0.4422814568683243	-0.20793767291944032	-0.14467922956085952	-0.2124680259706456	-0.5870153919358283	-1.4510304980270412	-0.15251160172402348	3.298041624113729	0.8316813489946063	-1.9578856968478497	0.4239284622056005	0.7116477968859737	-0.16860231588301705	-0.11081665520619748	-1.462770718952345	0.04805564945746544	-0.11368462287060231	-0.5118193000756571	0.4723304401240721	0.8529898323846195	0.8020434856133375	0.12312383962742832	0.04676188326313259	0.5801042956280048	0.25832872857992323	-1.9277849299060448	0.35689103913531595	0.07331219225151321	-0.6236536454832198	-0.4298728026524957	-0.00020366847044833806	-0.33646325980562375	-0.37109072115267755	-0.0005681780567465766	0.2822604974717638	0.14387068253808866	-0.07772530054801573
DTXSID9046865	-1.2341990934408928	2.450231662077007	-0.3752230171706515	-1.3998042154866839	-3.1128051340424796	3.8400522123370546	-0.2439168752650393	4.565857568555347	-2.9279912328850037	-0.6541797262203848	-1.270530654626551	1.47416604314342	1.0812356634296976	0.3811886929472718	-0.4184831484450118	-0.443078621157905	0.21706222602108255	-0.4926976816211811	0.46106499721367367	-0.28551638592323536	0.1611183341518289	-1.033919643246877	0.08289727223921511	1.3047481586974397	-0.8423137407158046	-0.7928376633872666	0.38274385045275444	-1.2903785918233497	0.08238775820344803	0.31248290126909123	0.862011260518993	-0.272225764099366	0.4491985884842596	-0.5522444989660681	1.005979168712522	-0.8485663098466889	0.8367322251957535	-0.20851319594446088	0.7518431890299192	-0.15469293581808535	-0.7093102969938385	0.06188556611557193	0.12067013933482001	-0.37964574931049355	-0.05180421386391705	-0.07549065989584564	-0.32500243310982546	0.43755524688731073	-0.2251403444598011	0.46847470548296904	0.14567839332905047	0.1802028532546391	0.038179733305850214	-0.10901289662688717	0.28119401373502256	0.2015657889695708	0.761033616894091	-0.8381605870176531	0.38815946053585526	0.7597627526054944	0.1707407457584403	-0.39924995875895936	-0.3050782644037301	-0.5356909187694463	0.2250874080677679	0.48785434216050166	0.3704591450932935	0.2284454557747181	-0.969207164868003	1.0832768895153768	0.5636567227230272	-0.10744396614337186	-0.4420247014933779	0.5792718175086312	0.4566387788115357	0.6689780894192856	-0.525541772934237	0.2243388861384535	-0.5748623088029292	0.45037997332241403	0.20785228128354136	0.01161334276133838	0.7344797037373143	-0.36404376805850613	-0.14830060066222978	0.10886370602068014	-0.7771397111470154	-0.8258323495094695	-1.053293119581746	-0.058815615696570483	0.2809816579481793	0.5526297630830923	0.19842587680481008	-0.2596420114574839	-0.2791291720193842	-0.9926427527796802	-0.2404098175783989	1.0146900170332598	-0.7582950985591783	-1.0404129606587094
DTXSID8041327	-2.5607968547587108	-1.5380848108204446	-3.246971374629992	0.6056265298174062	2.7039449379198013	-1.0233111646885873	-0.8109723477202514	-1.1177810154212264	-3.241115395563795	-2.5325709141376427	6.00562607595146	-2.547762785289275	2.6346924610022295	-1.1276977376047226	2.0151267091865677	-3.151393293489634	1.3462652568265938	0.3216924088558842	-1.179583011609177	1.6738583294190628	-0.1471797497047536	-0.34035603129903147	-1.2034061026863834	0.7425171772166808	0.7020861920202894	-2.106141852638617	-0.8671155592348299	1.3884659752323427	1.1424737078405567	-0.6956062807795055	0.94677724018108	-0.6087588918841581	-0.4126410205312959	-1.872885917359958	-0.9126039140759983	1.76005300417076	-1.262740760440693	0.48274915291186593	-2.7876320389360636	-0.6469186239761668	1.3956124958863272	-1.0002714347101689	3.291297049456869	-0.5719513329881882	-0.7835038497837274	-0.3766830603895733	-1.3420672449897029	1.8361802476228826	0.3439012011729234	-0.1277983236408651	0.4019478471051387	0.9982618499354149	0.15109782523951984	0.7647234126365163	0.2147843035741401	0.4340229147834696	-0.5497503050446014	1.8893716683941362	1.662254371223525	-0.7070950436224507	1.0874523729034173	1.592321533146021	-0.8807529163010498	-0.8849671953521352	0.4768384272405925	1.1911972620867541	0.7717220407759229	-0.5034432720374874	0.03378073113402725	0.5773639768947724	-0.5414565701875506	-0.2232664912722992	0.41449452598321235	-0.18879703404757137	0.09329077314686252	0.08936228186600163	-1.063357433668571	0.05638000558900471	-0.19245988633482689	0.18866567673921814	0.6610532158020547	-0.26719356574094416	0.4633563646483105	0.11468334633874547	-0.08747478763024684	-0.21111969655900256	-0.17034872390160682	-0.06654807654809648	0.30110281808244355	-0.03098572768938208	-0.2735902141677872	-0.09840566050234034	-0.21550589063957465	0.17125370475372173	0.26636693464255945	0.4885911038485124	-0.15502293505671266	0.014373570017802486	0.07251989638008087	-0.1381434987954752
DTXSID7041209	-2.74982506748937	-2.5533536364745006	3.5144710922760525	0.784790954699834	-0.746234536409661	0.41302062595868494	0.25646687946177626	-1.2114277334478156	0.6114364668634494	1.0036823584579777	-0.2074004689979088	-0.2757784127900834	0.5132587632200816	-0.24145702257250068	0.6765544166527396	-0.1230167441367514	0.5359870687851402	0.6435116336912092	0.08516979224774358	-0.9392460958081278	0.08631142002781216	-0.4280164013544029	0.13010619856022848	0.0375898543612366	-0.0005045938966812964	-0.32503407907534654	-0.5144084399288085	-0.12599890584377024	0.2351463732814976	-0.26963932039524063	-0.08434602467010623	-0.024473153711798028	0.08131605048286529	-0.33259138084126566	-0.49724649747772964	0.36889228656606754	0.28415585878475164	-0.0881730651967613	-0.1768242280832777	0.024315547514168406	0.1307196409859617	-0.13534418833624454	-0.014105624258055371	-0.12450629192347099	0.11079039539250364	-0.08229192860961501	-0.4777945280798616	-0.04472731075983499	0.1803458215638773	0.12877427878863987	-0.042804908345148614	-0.2124559669820476	0.1057949665953985	-0.03515225695137731	-0.015245829841482341	-0.03277126826855142	0.2460600783387569	-0.12591336783441864	0.30309227525416704	0.5331856649495946	-0.236231160018559	0.054617666180175155	0.1415279246613945	-0.03788552267376513	-0.4374885808345637	0.05948551824810792	0.5218087845526818	-0.46550932534473866	-0.05669825578454052	-0.2781831430059534	0.4544162759930964	-0.24621631991349532	-0.2588928008051545	0.36820839245232256	-0.1319442739007738	-0.238944141680338	0.4115401046461012	-0.05792266688160952	0.07044947191670822	-0.42692133811933347	-0.5125448203142502	-0.4335656265078074	-0.4039660919877619	-0.14055916224691276	0.18213210617294265	0.2835778968301715	0.4012464588051958	0.18954138790773362	-0.23539936117946283	-0.08189873888333678	-0.15768001277256757	-0.06275652221558739	-0.13735283348225324	0.1490031714491365	0.3523811483728815	0.24857938386377895	-0.23089965620153588	-0.4955961415010654	-0.5919111818429914	0.47744509253393685
DTXSID5045831	2.565640614392802	3.3244413313004038	-0.5964017025681415	2.296580803592655	2.609228022345273	-1.1482565084924434	-2.4478915846002436	1.1656257169746125	0.7512532837122735	-1.0149201971885728	2.943050012704599	-0.7475884107276555	0.6452277674154868	0.46676661602030817	1.80105197104065	-1.3428056259738792	0.9990587166899628	0.8442711501554865	0.39875615814554466	-0.42002851905419786	0.1454190851756056	-0.00914480700036345	0.8403738210347079	0.17890396816308113	0.671607627775039	1.1062114363404358	0.059740086746320656	-0.712448147421245	-0.243924093446151	-0.07201993271304263	0.5820098591631624	0.37342287363620463	-0.4636688316922907	0.15166226405990452	0.12749784362165803	0.21903724187572463	-0.27117135097522144	0.3303487484851171	-0.2754543652372838	0.5438899160371882	0.016637063354542687	0.0038682076315361864	-0.9283852915086791	0.15353846793497292	0.2009249768110646	0.044642429652245956	0.6646337928609123	-0.7810873286484102	-0.1359572503200428	-0.24679126323088446	-0.15879559515679287	-0.2795147661916193	-0.13574385062820596	-0.49915446960673115	-0.1881850668262488	-0.6534312386017016	-0.43006396312235734	-0.32432554453059065	-0.7805169740470655	0.023571518184684725	-0.1582880101238333	-0.45580314311126396	0.14510151845590064	0.27707333033913845	-0.10166443939576976	-0.8307616958841835	-0.9526511153264491	0.49118222960544794	0.20064282916499251	-0.5948658897844741	0.03406703726012159	-0.4888385593541073	0.36558630167621425	-0.307598631766485	0.6858630355035986	-0.6587855863644174	0.6985948174688305	0.4942091546216856	0.05414686525981035	0.12419524735878175	-1.2439910549469477	-0.7607899946366133	-0.39338738466970163	-0.5111781703213006	0.13955346356626191	0.8546200754008322	1.447389856486907	0.8426384462707429	-0.08144168639877411	-0.36804053579733975	0.15152649952890282	-0.8585746268772164	-0.08525192985489553	0.1951022058980397	-0.566553210134911	0.4301764557645857	-0.12109436771180251	0.24910161272308276	0.6993301135808381	0.19624399815684201
DTXSID8022959	9.987749306952521	-2.15416858099894	2.3198348889213793	-6.50412934782781	2.318549907764088	-2.8384960017068255	-1.2458300611647333	-0.46735572228882377	-2.010409134665899	-0.7865735013864005	-2.2098115621563443	-0.5843014579251332	-3.0554603941226954	-0.008747557890483688	-0.3512919479119761	-0.026798602089836483	1.2078294538545016	-1.307861622903792	2.2414803818878073	-1.7745660504360707	-0.5971225652054629	0.2789046802761629	1.8052656035999837	-1.205753424453007	0.3018082915246746	0.9408700600632379	-0.1370885298772173	-0.9132302010839338	0.5201070604628683	-1.4563795325800857	-1.7415808029975148	0.014473119351694813	-0.8035280488260111	0.17374114857691336	0.6335514553015775	-0.45918022388599133	0.6621838651979721	1.3440127202411245	-1.0617940669402672	-0.8337579681976891	0.2366293504697304	-0.4750264356462393	0.5646682115790537	-0.59438411941521	0.2581212360244118	-0.23719153570241958	-0.5875808724474686	-0.16378949902075346	0.2788361906659681	-0.07881230067943401	0.16285180978597757	0.04943246892049933	0.5648046639364823	-0.6864836626768241	-0.21429381018756435	0.17484884819757476	0.11480072310057175	0.2809855000513412	1.0655769697659732	0.3222742162440025	-0.6298104090220569	0.4165403326481181	0.4884207744114891	-1.3888045321589035	0.08158544084666035	-0.7252854820516385	-0.479459411434214	0.13428883511334821	1.6155737026529038	0.7168965320173422	0.6448590909512241	-0.7518616906858901	1.922049962549843	-1.0185344516015757	-1.4728494520299473	-0.7994086458277022	-0.42868297780588704	-1.483164154151043	-0.3566365428916957	1.4800067980655278	-1.156435839324354	0.20512275210899203	0.470675930844966	-0.1112261329147616	-0.2388505064474513	0.4970994894888006	0.6640304516130237	0.6019194823668923	0.39784630096157286	-0.4879102271815632	-0.7379753163459919	-0.37177083934029853	0.22923656998003006	0.009452904766833956	-0.48708355061201547	-0.30401421133550344	0.23633708688177343	0.3725924315967018	0.2881039533219696	-0.8243481755867857
DTXSID8047894	-0.8062669164200003	3.8604471214229314	-0.6038779139105881	1.8941600665539062	-0.7471346972635525	1.4533628651706407	-3.7807075058917268	-1.156622836380538	-1.5804329458324344	-1.99756155145823	-2.8903005382376556	-0.22265665356541772	3.6618612776797135	0.3755229012240547	-0.9316305544357361	-0.15550917694795888	-1.5553893656255187	-0.24978072044813127	-1.4618178500237384	1.0488811636145883	1.0838218490024827	0.37568291100758716	0.9732677201223675	0.09690436364922735	0.13846593135723137	0.6022680903511811	0.8346897139511487	-0.7229113971482722	-0.20350984173740025	-0.1837936382767908	0.42955497811090854	0.11635786116776276	-0.3013944494648948	-0.11194670426725108	-0.48210239942838345	0.1314755748888981	-1.0795799401291908	0.38893902586234647	-0.3271469184293367	0.17698179744699438	0.1617937635566687	0.3653671697877239	-0.32674523007530093	-0.00577609208935503	-0.27196468332148327	0.156876430406891	0.26967589026113775	-0.12303460911259839	-0.38603118797361147	0.22308542756506872	-0.13462277138518272	0.04362601637438258	-0.021180233495613984	0.11112310192136181	-0.15631549759035915	-0.04322999340569936	0.36808691442137653	0.2243354913975174	-1.0713186050591783	-0.5002669631614309	0.3109899486536206	-0.17649417305430845	0.03933281609030848	0.5472166190101314	0.14040278030084594	-0.7282439233689275	-0.1387681210447118	-0.007535847933736269	0.2572618253838363	-0.5824204861671113	-0.5042993869154744	-0.3802052763090471	0.42346331637856444	-0.12718078080315837	-0.01402274423882968	0.32769627389768785	1.0747343461506749	0.18957532825088252	0.09341725264084008	0.407424756929254	0.46384779449493063	-0.1766033422669829	-0.1491053080760196	-0.11875365577786534	-0.06621221593044525	0.5578531045154718	0.3937129701141422	0.2992841325654516	0.01652018601549941	-0.527450488967922	0.16507009931596073	-0.34817498439355477	0.5005101813416453	0.22072849997015026	0.3654161137400882	-0.33214790623311635	0.10936784664188937	0.08871951375143705	0.34100687496103554	-0.16973605330907743
DTXSID1045370	1.8989097188644921	0.5908948917642154	-2.6056955887499273	1.0522984675284046	-1.5641096312058347	0.1979135527667801	-4.687516167728574	-3.5347735142961065	-4.5316734741317175	-0.4892737853644668	-7.906589896336027	-0.9019827252390028	7.427102677513201	1.6849677090820394	-0.191741617065153	-1.7424360641788987	-2.9747649400962293	-1.1085396155025922	-0.6213088269268215	0.8581703048881794	0.6813099460758676	1.5077839290594102	2.2146315136685795	-1.0302403535159577	1.0892778622512904	0.9617939123663986	-0.09075874571830278	0.640943428511296	-0.8345552205023901	-0.7137076308970182	-1.4580571189406855	0.05488228892184956	0.30935699370611447	0.9199326244768092	-0.6627138627583897	-0.7525607678940531	-1.3723098935725702	0.20866152295616497	-0.7171286112512488	-0.03417958690276239	0.408294649502145	-0.11318594430671038	0.08891569930242206	0.28336270195917684	-0.5077944955600922	-0.34900172645326416	0.4202514439466952	-0.732400076140898	-0.20243873225973374	0.047446832701573315	0.0665115356569025	-0.4921086749648224	0.7789416712069652	0.11648890404445904	-0.13790883309227828	0.41040573230826793	0.49202305168743365	0.48053637261550575	-0.4041508643729615	-0.939230763150156	0.36016584773431337	0.4978461688550573	0.1346476464461223	1.038485384299678	0.26606770922121326	-0.9622189337732338	0.09859057100351136	-0.30548637405784357	0.47642962829718494	-0.18040706661685396	-0.7772414456312926	-0.6362440802639151	0.8966491781073243	-1.2340739474128615	-1.128794739131559	0.5237844283191898	0.34477078518095894	0.6395237243653671	0.7306519762430758	-0.46950548921632723	0.7577510006703706	-0.7779880641349199	0.1297734080648108	0.5279988696956027	-0.7501160819499368	0.3340015877006255	0.4666573317541512	-0.3513448813450963	0.3828970387198183	-0.8177015427461862	0.05166051203333274	-0.5543884060335936	0.7490826051951298	-0.42247256278314416	0.7544381051247975	-0.27486705655569843	-0.34574108010478855	-0.24787159002144496	-0.41637536316562906	-0.11488427878060822
DTXSID5045596	22.748649413643616	0.24232503811405084	-7.605265995099791	3.8671853773579827	5.238165871663461	0.9873389361355013	-7.475061427536083	-2.516658790248336	-4.528723462752068	0.7479238417152848	-2.447749961879261	-0.09138195431476565	8.52481773640119	0.30447087071497714	-1.3925998215002502	-0.3393425172528515	-4.161039535285442	1.098202005333345	-5.0992972822211	0.7449258035194936	0.8546216760406647	0.2553540065203843	1.338592034052995	-0.3059098920744465	-2.511920458641645	1.896618999106282	-0.7307757514710702	0.26623928955215664	-1.921533313870954	-1.8778854850031008	0.20079274982831413	2.013722865571381	-1.360391516353874	3.4493038061974506	1.6482171388743132	-2.6120809790602935	-4.128518487827713	0.7805435631691667	0.10802106314514766	-1.5604483052781335	2.2220151169551605	-0.5810595005813398	0.6984146656562523	-2.6616263118282917	-0.26047991453019065	-0.38206863201148156	-2.877707372469277	2.043668227624488	-0.7907213652548382	0.661898824900678	0.5605669432848845	1.304278898627918	0.5974987024078835	1.6167602812835384	0.2466989977381656	1.7006548151013798	2.1621565396307574	3.487896332243662	1.3921964402331193	-0.7592873154921069	1.039391828900305	2.4168860740291036	-1.080078633874921	-1.6183167977524537	0.281615242094821	2.488029625192475	0.6009105425547241	-1.9305204972466559	0.10224524960349847	-1.519438175010922	-1.5838577297655616	1.6983858456594276	-1.4471414396186073	-1.70725075460315	0.8002997028595398	-2.0067115961170625	-0.4813755361426419	0.6642265097232284	-0.5908099938292696	1.3837085696507636	-2.5834247215626127	1.7070325892788394	0.23689019631854522	0.4517533011288353	2.0551348907274565	-1.312973242704597	0.2871060317723249	-1.0944900828674882	-1.3073869804237392	2.035884311847385	-1.3345017984673262	-0.7338066286691061	0.07551421300137488	-1.540674627500678	-0.8376117815207991	0.1890739397523722	-1.481134411792573	0.09004072520299986	-1.25027305146285	-0.09934983782792436
DTXSID5047322	8.967190300150717	5.772635313504089	-4.175985872007551	0.8832899429824959	4.301073791517182	0.27266997362067275	5.150143926069095	1.3208772713525738	2.0207386274389814	-1.7764791354225398	-2.214720085675185	-0.37414922647489846	2.3412761131534245	2.2576322648089273	1.060822747961657	-1.0256221185548196	-0.7322270837469407	0.03587054092562137	0.24467360748594363	0.981384554852317	-4.083192794169534	-1.8164844578766977	0.16082567426868086	1.0634561277384118	1.2549668832990242	-3.08208040680904	-0.3218593131947159	0.30423497404526256	1.759905325728417	-0.27719828859304363	2.1018086356599404	-1.5966245521772242	0.8624616214278901	0.45267263123250717	1.1945922084200262	0.6010532237647469	-0.01404325109748607	0.20473271294513684	-1.906378343744669	-0.38351517331617796	0.8694909298143245	-1.508330098197056	1.0880905662946125	1.34359273830994	-1.0752258770685363	0.49712794702893415	1.2559169497044183	1.063512328174257	0.9062067023361535	1.010253774515472	0.15623130485322273	0.004328429398325524	0.35326606224117285	-0.4723888756081055	0.6846358452553172	-0.19132085041799077	-0.26544945652334734	-1.3453517455883335	0.6256349510504853	-1.0974336364154194	-1.5220690619046366	-2.395593017962007	0.8845474497502699	-1.4775884435965867	-1.1907314517562588	-0.8012082469214216	0.24000791459715753	1.9695233754344266	0.3988995832214333	1.6695615957334624	-0.5117818296017287	-0.20240501530611382	-1.894175892941956	1.234163874819848	0.7955658664315037	0.9720403370935915	-1.7018564504640683	0.3280132131885985	-0.7752662238073224	-2.4460596320774717	1.5024257344045948	0.6217132797401109	-1.0134468691719059	1.2785258530767802	1.0171524039479098	0.6867078780027263	-0.8664825968298299	1.2177143065685614	0.2184029323125708	-0.6616130040306862	0.40142872516891165	-1.0484973029337878	-1.1492309520070467	-1.336996460370372	-1.059182038327583	0.14650693417873395	-0.3243482584920849	0.38918081795618314	-0.9162270804486798	0.06000043267569954
DTXSID9047467	-4.4348319069055435	-4.169956647180244	-0.6851050649319228	-1.3419612365169304	-2.371609294983322	-1.6997738964151583	-0.33347433739221427	0.3981783873967185	0.6150773268407153	0.2707523086605678	0.08580522374402265	0.2950897471625086	-0.7023603906711812	0.8925760071785873	3.1561201225976703	1.4631131639457275	-2.839104846387966	0.35706380597743287	-0.9861639697910531	0.9675765894196855	1.0063692026352569	-0.7934482756714873	-1.0241652646104884	1.0106497551857188	-2.902121719202477	-0.23770791020933923	-0.19988268457399908	1.6379806356807889	-1.2364332358079166	-1.5423845022774392	-0.7194612334003786	0.9983464837174472	1.2562698220991964	1.5796412348234183	-0.1258622423582057	-1.2019045044556715	-1.6522045240896217	0.12813087626748856	-0.8474541717732522	1.2843900305943232	-0.5558930574360891	0.3325776910124908	1.2262867764584902	-1.4098797709239186	0.39294099852703235	0.052194244592895615	-0.5652315456780015	0.16042168066583468	0.31888444793544835	-0.17177508349873874	-0.24329323118756935	-0.38942884035999936	0.5384969904002155	-0.45666726826259196	-0.9458140895400211	1.360129459416259	0.39857542062397666	0.8693369699694469	-0.6438290437350903	-0.3897679225821873	0.1979582273007571	-2.1395455210930883	0.9036167159843256	-0.36867413499413065	0.5506340760797925	0.5839389256660624	-0.5985004959829205	-1.4666238136550676	0.06001217324664345	0.07719450535702523	0.08537850679030962	0.10094925323222001	-0.8910983779945351	1.242273432899481	-0.019232246927801396	-0.3900820397184932	0.1857047075599665	-0.4732722260375222	-1.6292539835060298	-0.4229922966413778	-1.0886083176905073	0.1882578941073029	-0.33336222139485366	-0.6146061875488422	0.022395625240221293	-1.3948003763211672	1.1026763821644807	0.302186681725695	0.44949691634515604	-0.48031068788913633	1.0494971219119007	0.08821615220547364	-0.1436988734981428	0.43357884336181696	-0.23482069133720065	0.040173841161798785	-0.16521881693984283	0.012601382008858355	-0.27746084312473923	-0.19900173270067645
DTXSID0049024	-3.008002894383961	-2.095940762511265	-1.9846357337684364	1.7007672344846363	7.402881964983188	-2.255406868204856	-1.4279967808365421	4.571019302418865	4.578692747498638	2.026053720005764	-3.7443133232445005	-1.7938138649648565	2.444989247493482	-1.4407331963166652	-1.0877898638155261	-1.44797487432539	0.686867792291847	0.32629339492300347	0.8510655413872572	-0.7643758944584792	-2.475918222378376	-1.3780167441649778	0.10735972774040373	1.240571546248325	-2.32982136225559	-0.5580633044981639	-1.020831625078293	-0.5209405126010102	-0.5816845820421649	-0.21292177963161205	0.7447216017223164	-0.007885806335558587	-1.5538127280323857	2.6982585636033942	-0.6459667256080144	-1.510654722221912	-1.3563718204746877	-0.33031334204486446	0.8550739907583472	-0.940512884668053	0.7305280407872945	-2.3561603241356988	-1.1426526530294736	0.2168682408592298	-1.3607847003702087	-0.47783511815372287	-0.39530656999081387	1.0784516348314477	0.3821262162572861	0.9330731219646065	0.39459705298861036	1.0207550505265257	0.414883421121113	0.36679474013574664	1.5265786485699635	0.13898178222274574	-0.24755048779078803	0.46367913546529727	1.59157141378481	-0.7909835243222649	-0.014315547397898096	0.23970755546165315	0.7458653237374389	0.5901778624686933	-1.536690517153486	0.17620483798011102	-0.09600194894719216	-0.6507752500133687	-0.5691146658174349	0.012155616699530334	0.11951040517831772	-0.45146004638688364	0.25330411796882185	-0.5347192349401062	0.9362683163908412	-0.3350388773714162	0.49677352297345223	1.278812613505639	-0.38202234835545645	-0.052036844818248	-0.005375667464316176	-0.24378738591006266	-0.3204789658248374	-0.6392352552647267	0.8074579927463729	-0.8657435150408151	-0.3911134844757095	0.2918189537123504	-0.2547402737978376	0.5094646269884402	-0.07602891661169064	-0.1362985963977449	-0.5760766209487491	0.5390758053070135	-0.03572571097245991	-0.6482642340084159	0.2218637974891529	-0.37368794525776505	-0.709632529750485	0.9048521757193863
DTXSID2048585	10.16068462966475	-0.33682891912268037	0.8913038770687818	1.8523938708434042	-0.16377174285116267	-0.8525375088341626	-1.97575542399848	-1.661985392071873	-3.5327256990138918	0.19369713281250384	0.40857419260561867	-1.4826148589010508	0.05208017220071074	-0.4962143861795039	3.1767701913119755	-0.08000821785473451	1.2978293620293235	0.2610679336909506	2.096124457465558	-1.3079398857015052	-1.9373460241080023	-1.0769977459762097	1.4074602489141763	1.2068382518599878	-1.3745006705333602	0.5502747910157639	1.3349605545678684	-0.715820877947778	0.573387542409467	0.548356484792206	-0.2956954459850632	-1.8561181012981547	0.24611409336709542	-0.2526678981351399	2.512942666328585	0.08519843792779465	1.2879720457564707	0.4885443847100771	0.29656720078382914	0.06573604665669334	-0.10964980820666981	-0.10320046725676386	-0.2663462124742559	0.6512122431653787	-0.3196776222062497	0.08655416124395326	0.8184237716913555	-0.4628360415300099	-0.01211102353743673	0.2622463485418081	0.29884385927859375	-0.06061323287340665	0.5838555079953556	-0.2405354327610693	-0.3835735923836591	0.41904490081727885	0.04887053127422774	-0.8393476587706633	-0.08035801028120784	0.8898206570216103	-1.074166998079778	-0.7492728856946353	0.6999343701814041	-0.9158208950502311	0.043117496478556804	-0.37455856425615	-0.8957979102986953	1.149347974245015	-1.607060813471107	1.000179309353049	-0.1326888743244919	-0.8925058135042814	-0.3428505303750309	-1.321864134588061	1.5290918151633974	0.5666234584769496	-0.20956940423341544	0.20660437135992182	0.7921128357582764	-0.7719332090159502	0.8366215106180922	0.08949648207559983	0.5152498368342133	-0.20663540951693352	-0.608402989475818	-0.7195401833689352	0.552898871916773	0.05801928246396379	-1.289958510461373	-0.223941364444381	-0.08914584417040713	1.695802606577302	-0.15188787287819366	-0.6992151140275409	-1.5260165407138442	-1.2401248460653729	-0.572047489920288	0.4725326242678067	-1.2087042022349508	-0.17168037683071957
DTXSID4049371	1.5827663459836598	-1.1538327214220718	-5.809186606795797	-0.5246480329859251	4.61069875287226	1.1308869912887123	-2.0786233269080006	-3.4508579524826573	-0.8617868159372267	1.806622458374335	0.9087895706199854	11.189970066196633	-1.6736178521030756	-3.040675773088765	0.27680763899320693	-0.5931100255092551	-1.2836702889603475	0.6855537113444264	0.35624227569378164	-0.9025755287024365	0.1626535512267975	0.40326790705200466	-0.8434743236252294	0.41980150336257727	0.8105872065787623	0.2669347559858088	0.08074355015584332	-0.5198240324446727	0.18961463447792395	-0.31070934845977316	-0.9597179506686895	-0.2654870537441257	-0.5848829826620305	0.8358943949130645	-0.48679001297110486	-0.5804937122223113	1.079343965217303	0.43568459051952646	-0.32620745581049504	-0.4747649266280476	0.3218301864503807	0.15523349399354194	0.2866120758250784	-0.5027737296224788	-0.14523317200489783	-0.056181110270483704	-0.1595148443257223	-0.26614668785664025	0.17893895043928817	0.18442610826542546	-0.12440000876927625	0.045232570718318856	-0.3081691372271347	-0.13668295309734824	-0.2462933989163654	0.026824241215734748	-0.16737828120327944	-0.19568653062428576	0.01150563370899479	0.04285284843610946	-0.33999675893492737	0.13100000491545033	0.4691804558378789	0.3849897012306677	-0.192596395483165	0.22156703732899954	0.19539011323962968	-0.7624373737900517	0.21734881739683373	-0.06796616826071351	0.0006607114764897583	-0.44179871724330716	0.07074185276348957	-0.07665448742173842	-0.13088375187149304	-0.049097793547880166	0.08441769864100643	0.3019003962741033	-0.2217489140699801	0.4643928223370205	0.32810219982379996	-0.3655407826345887	-0.44409922032060234	0.6564404770517209	0.0011626297714843773	-0.05443431416162651	-0.5212750565277148	1.563655698866177	0.6667675121364692	0.8916491217417957	0.8169962816834349	-0.4941999385333877	0.6778188502236473	-0.5576253583620954	1.0109032054584084	0.7913853106849811	-0.09530699821384538	0.35979298762646633	-0.17904447371038795	0.29917700208592723
DTXSID7025346	-4.024916078770881	-1.7520056800973542	-0.3550729264357684	1.3598338423408736	1.2847317708562858	-0.5439945063608776	0.1618231569051768	-0.7530312728866989	-0.8331459602274824	-3.04146857526993	-0.4551773797044867	0.036842302035068615	-1.1563340298680935	1.3015435536924862	-0.8060936164409469	-0.931325200843808	1.2770967884229338	-0.8593264973303082	0.09746542155833565	-0.14261990076857373	-0.09649940295066137	-0.9786159478502912	2.337177376243785	0.45018451612942484	0.10533208723808835	-1.047371046052636	-0.5568667347978491	1.1116521658685226	0.35988673451918535	-0.5041397608441781	0.9610238837771512	0.04537391515694137	-1.1251196642998822	2.608429739959661	-0.5452717455414618	2.117686573778468	0.8570297348180645	-0.06624698020348663	2.840605053135575	0.5979765012884621	0.13517089455343367	1.9984110751399615	2.506352274818075	-0.3512681342194392	1.3914614129886564	0.44546580990781937	0.24158612839855237	-0.21955437835165706	-0.9454334389928407	-0.7793421811114384	-0.38331161165663263	-1.2604487994239246	1.2874319199501114	0.2439084384599811	-0.2722203392159006	1.3556349080606824	1.0289455831797532	-1.2893338092969375	-0.512791731165893	-0.9401703415949856	1.4272367818357092	-0.6161507059430971	-2.1192796228722024	-0.1552721049453261	-3.1597412459128926	-2.366202011610306	-1.3257055571897818	-0.7554348090540152	-0.5182994124933531	-0.5186831872226147	0.2796635276279924	1.0115967687382594	0.6203418742173982	-0.3341740170121729	-1.3375788376590878	0.5664793396708212	-0.10281682681607646	0.47286190146970464	0.2703334764055953	-0.35785469422722666	0.16879966243655864	-0.8832361111260989	0.7971086197985183	0.06050771371094548	-0.24370491107913947	0.09326491046948415	0.1949047904797049	-0.07145915255426104	-0.04680908774942794	0.17819278483248732	0.39725116628339424	-0.11336057128450852	0.3913322712181132	-0.11729055408679911	-0.3642944394149384	-0.5759703279761388	0.5648996591823092	0.30506234387566766	-0.18673038923574972	0.37639348024198743
DTXSID6024676	-4.570472382700259	-2.5135215960769353	1.379214361812306	-0.676336898356359	0.8451876375817259	-1.1878382864663435	-0.3550335583362799	-0.500051740373544	-0.23882569183516464	-1.4478060494808749	-0.7144105970622349	0.048237433022261744	-0.6385563271028697	1.1185305765337392	-0.158551000462507	-0.5153743253422142	0.7764039489700681	-0.5967032318615064	0.2362717623564264	-0.825525012303487	0.36381021208888564	-0.3120107790041121	1.4625582879829087	0.13924068794067973	-0.1564929221383691	-0.10330183530211128	-0.3150468714041974	0.4055598788820921	-0.08821403961656908	-0.19521207151165682	-0.19857828177284056	0.14656067988151741	0.19443321969941915	-0.6911331731321501	-0.38222105153912006	-0.38602203933674467	0.2186123121330772	0.1783217867407586	0.12311573851559114	0.16025776438587475	-0.2557641792243935	0.026417635106837332	-0.15571462440713102	0.12497595703974664	-0.39131047918526574	-0.13237397014960633	0.14826296106871464	0.03137572955273317	-0.01710677118036238	0.3146319518175015	0.09403985131173102	0.17068252711335805	0.27635413445092866	-0.07327303758706973	0.06441763485029335	-0.06168716890777825	0.3351808796987099	-0.10881245854186873	0.03162289501043438	0.057158211129563506	0.43016814709605977	0.003058247864037166	0.23337841849853228	0.09361439582231366	-0.014684425807584842	-0.23361081256196228	0.7095633910176484	-0.6780781781931281	0.0532514869786458	0.6388016978258174	0.18787168865448364	0.11118104369464257	-0.08236697579068299	-0.007639534029411085	-1.1718554823478886	0.042015189767928326	-0.5218687119654845	0.011050839007271069	-0.05079760017199133	-0.4229430177833635	0.0930990795842123	0.01763189532456821	0.11012355648244686	-0.215711876195805	-0.10423672337172678	-0.33715449857780194	0.1761386020694168	-0.18469233849529798	-0.31952512578459685	0.18084651627986956	-0.765692087567574	0.26262791473320346	0.0806349962887916	-0.21799301184984982	-0.05084360184585465	-0.16981419070316342	-0.5089260393629899	-0.029342062697628006	-0.3073181343575364	-0.1174885527361889
DTXSID5046695	9.02516939749554	0.8089598590619349	-1.3246901221104774	2.8916143310274736	1.736647735532788	-0.9772221327929939	3.0137614342090924	0.08200244793273513	-1.414997035966068	-1.846563780978467	2.202463597434999	-0.9489462990939449	0.8527659609535942	3.039185059347822	4.763573084638278	-0.8891958754224516	-2.6590348796012866	0.8878383102948704	-0.615152387020214	3.101033183585719	1.0023408838384404	-1.0386852579039811	-0.2565731618261698	1.8027942827436008	-0.9628231745342868	-1.2710620325076376	1.2716945523986165	1.1048677249406151	0.7546444752663249	-0.037707521154517074	1.206919183213451	-1.9397837168148302	0.3832240070566993	-1.1721284173192563	-1.6052027222453318	-0.40336761987646136	-1.2813026927858975	0.41347334991219475	-2.195448220325687	-1.0882741928462774	0.40895063038013013	0.5538698720681835	3.1001006528718653	1.406141916276886	-0.44603834509620616	0.19664281238358966	0.5950523120584024	-0.37618059488343936	0.7320204453773901	-0.9108398017515129	0.6712238881508196	-0.0035090549016242325	0.33122935733785674	0.8019743389708325	0.6497214147120547	-1.4668610431450002	-1.451820958290696	1.3576206449711377	2.008343411881786	0.8516835627956234	2.4230959117312665	2.698891470000669	-2.408653732640789	-0.2913656384050923	0.3850397774172182	1.1193857751005132	-1.131492682089734	1.169428664165105	0.494507641868969	3.183259420475061	5.441343068994081	1.7920895032457869	-0.24756764907396106	-2.2918038495129207	0.8919759073984971	1.0093632348412036	-0.06872218398092828	-2.357754041402662	-3.270303642529533	0.42737572248166544	-0.14836130594341784	-0.6294627850139464	-1.0531084186041266	2.4277623443879985	2.2193430476074543	-2.3260239360225574	0.3553687299466106	0.3666013123419539	-1.042480146834603	0.2507883446009914	1.9441176101367863	0.6228388162001826	0.3033781102171788	0.5019836402709971	0.6032550470506434	1.171410417753061	0.1103911522770078	0.26701368214293714	-0.18927948217563204	0.4865343875212661
DTXSID3057777	-0.03757196771127406	0.391971721331338	1.8130060743022345	1.7955405490636607	1.6408563914668675	1.6533890118341283	-0.6780357741899152	-1.229798852848038	-0.31422070797188856	-0.5241561777626583	0.18699921128821317	1.1440211842725239	0.3931375107251616	1.6443469247288134	0.0796131939294776	3.7361062713367716	2.734345022109846	-2.079278226740447	-0.1408708593576051	2.774839752818011	-0.2781210174238091	-1.318046944131878	-1.4437431672161305	-0.16620974839749453	-0.10251938293728365	1.5147411176825876	-0.18101247177934213	-1.1348961988705568	-1.013369550233458	0.9140412783977762	1.592585961744414	0.647479276544411	0.19111469238905363	-0.6087362229569553	0.8041834074835308	0.0008947433281492087	-0.6393046167927114	1.3493322175838534	-0.07753983757375554	0.6066743322079698	1.270155015949026	-0.14325823055073994	-0.9786723503943592	-0.5832588684646465	0.20811533119272282	-0.7424105538041731	-0.4533992197571035	0.8111095944575171	-0.005705995132060854	-0.2840804164900993	-0.04112246576121703	0.20242089547703337	-0.6497854561182115	0.14361369965770304	-0.43177794157067884	0.06511651767892146	0.8094588481929033	0.5479326437856927	0.46265288551899236	-0.2503692330614469	0.12581874785521885	-1.316170382450815	-1.3048351219109553	0.10718101349819686	0.00423416983909489	-1.2922147805688233	0.4023397217867538	0.6397241378742804	-0.5287942888891111	-0.21873889656752946	-1.2556832286301796	-0.6304905284529025	-1.1786965877364557	-0.7802327834781937	-0.6076885271092791	0.8206419337605586	0.6944242593110239	-0.010162671831266205	-0.21674786496031895	-0.14036728386942	-0.6143688136009983	-0.23885639593986344	0.09060884779741465	0.63422858949504	0.6646902296015625	-0.24583654679629469	-0.8923799170936334	-0.07027345712121418	-0.2500338205627153	0.3260066851296359	0.7640297401270366	0.3983722310593073	-1.0186270736657603	0.45418662836101836	0.6916162591009842	0.2991798143461687	0.2682666221704062	-0.030281491964966573	-0.41162233878962157	0.579124745446645
DTXSID5049360	0.233421033872359	0.8059185492259296	-0.20554545174423233	-3.684800019998369	0.428764681079891	2.286213089579687	3.1821835721878746	-3.1825320725679918	1.532420806566985	-0.7049329445683541	0.1756626467950384	-0.6054868866063828	0.23218078874333606	-0.8974807203170864	-0.5039561611348992	-0.6910826713581941	0.343834315645754	-0.10881746811300566	-1.1276648571116668	0.535196700732742	-1.2743651297065435	-1.0659567040136	1.6377290316503592	-0.35106512572785314	1.9411407622850883	-2.576022901810712	-0.3679332802667784	-0.9420244120081328	0.7493788668920873	-0.16904672259587547	0.6028901732174263	-0.155509227470929	0.9209717257898306	0.24634520456534678	0.6690812283614646	-0.11017576507435907	0.675616959558684	0.6759720376521269	-0.5775214277344316	0.0783294650360497	0.003693135121143345	-1.578850385670244	0.99704097046679	0.30193704109410396	-0.8567766132860223	0.3119119081421607	0.5036097480111635	0.5289365200871746	0.7387910154582253	0.7415843478287103	0.21233831963737565	-0.031575285240168345	-0.17863514894707677	-0.49302316531158047	0.4444352283966159	0.20256652825981014	0.30680832354259957	-1.422373269750688	0.42828777779650257	-0.8933039111425636	-0.19430314191083067	-0.5931981978345581	1.3289301216014693	-0.8140593158366002	-0.43622747512462573	0.4749652417512343	0.6181733449925582	1.211283597407657	0.3350027238402228	0.5294061922312188	-0.48755844836157913	0.6592293576520206	-0.7297343421734995	-0.31455640608550955	-0.2582468689759982	0.2182152980494321	-0.7886778576184574	-0.5334764143169071	-0.463773873983375	0.5947126413863484	1.1524821537594674	-0.31693795906367395	0.6262557394236556	0.1495024147791282	1.062518557347513	0.7365062658594834	-0.020964587133752297	1.2380965965296717	-0.9356525613435979	1.34558740079486	0.9212912517919899	-0.1538274382052588	-0.09963757071833863	1.258384278773552	0.42244590402466087	-0.5594794550927289	-0.9069514404480113	0.7051145093286563	-0.08066510272356299	-1.1494252947878272
DTXSID6024591	0.11708616114990046	3.798169087601607	-0.8208537911885235	0.0652178546001565	1.4742435377824423	-0.5181823601173596	-3.1674558214663064	-0.10144913878892255	0.7198375832036435	-2.543778243051371	0.8276532322988583	-0.816996202161697	-1.62112030495839	0.39396016988294347	-1.912475317365187	0.3897742091160815	0.7907586622500321	-0.15145773540938234	-0.7991371513618734	0.8265041700815405	0.9189252908405287	0.25213243133941105	-1.8094423231240344	0.1891944219398525	-0.2545819975734096	-0.30427268530321977	-0.6468940533877399	0.1669751827829556	0.36556348468731026	-0.40692119607836913	0.05954596072965888	0.4338891417183258	-0.4154331488247632	-0.24504965355759076	-1.0146187825045383	0.8356499526380292	-0.40945754322135036	-0.48965738698741207	-0.7381153013978605	-0.023744517515020984	0.43685115736606356	-0.5234530560969384	-0.5439855099930901	0.33035909519290574	-0.22093027866794757	0.58418936534891	0.14400021515746775	0.48805669179453975	-0.055428875129357486	0.01544780235148594	-0.5887394072554664	-0.2311734364673175	-0.5101989555150771	-0.19153379075196902	0.0439690276027944	0.3233231890819189	-0.848149556937524	0.6921855403452718	-1.6217125697436283	-0.8188471429661189	-0.6593852177816075	-0.17902700528066937	1.0410291052806073	1.3546858758587403	-0.5294214058722245	-1.8637571389573402	-0.5084004514765095	0.45993999916941747	-0.9549526882528154	-1.2678362157518452	0.34424579373487035	-0.1354621083936382	0.10929285670436183	-0.06871268732118967	-0.2144085207560134	-0.40453912635070516	0.6200211225559188	-1.3599495503561303	0.17521449561417488	0.1377189490776442	-0.33630134206223145	-0.2916760919577175	-0.7415936822312641	-0.8016812341588391	0.22297734278669012	0.44180562498030973	0.23035367454834557	0.4797103807634837	0.48432029500747265	-0.33820067510680785	-0.7047486316896989	-0.2577141089986952	-0.4764998322124746	0.9577331592107005	0.8757042276672824	0.8853258449800308	-0.8320684379378416	0.16522131420622704	-0.199264275169399	-0.38013123923280284
DTXSID0026258	-0.9740405951687575	-1.5876012121906473	-0.6228121516864875	-4.973484371796576	-2.846579620430486	2.783873293053957	0.47589597896993197	5.292755074889451	-2.3772746047075133	0.9780018327471999	-0.5736132775591622	0.9465292874329425	-0.07267504709831216	1.16493313609484	-0.1597361925836682	0.29465958784401924	-1.5794185425783058	0.1648249302601975	0.08235649076937669	-0.2138626295660976	-0.2567380649906875	0.046764732809154275	-0.9411926870644373	-0.30877482772205156	0.10801064904621749	2.093606609953561	0.30687683829999896	1.8098401837326834	0.28046997786505695	-1.0185039361359853	-0.19813598108758496	0.7278290792322214	-0.05584183540444675	0.3419072575016019	1.4515824770770818	1.1177688894049054	0.6632460378856425	-0.17266793988623247	-0.20187791610565967	0.6015120568332786	0.19577395853423812	-1.329500977128262	0.5501017310260506	0.6063518291562141	-0.24943938986989206	-0.009405354716017089	0.5988238083046227	-0.12195177541148985	0.37653735349120915	-0.38699958118775346	0.01197737578921102	-0.09287897138331179	0.6116768495322044	-0.3678580488021111	0.1266843889678968	-0.20596397742269695	-0.8515172445652589	0.21040114364701545	0.21355450852896138	-1.0272195419377772	-0.47427375014629214	0.17856424041536215	0.3615557069536893	1.5422667614603707	-0.8643761119697166	-0.5674703906184703	1.2053071332312517	-0.02990842171310994	-0.7108806734615567	0.4732823926779202	-0.624194182783185	0.23880446024938473	-0.8735527365423194	-1.3436715094254188	0.8567169995877963	2.4526580482381592	-0.8730471829627294	1.138959514063039	1.0187116797685032	-0.9077370670390139	0.8382588938967224	-0.19074104482372847	-0.030556776182127716	0.7249714466239309	0.1749748634674516	-1.0006163404184918	-0.6088770377833101	1.1188087926456585	-0.1649500533933551	0.7826478207005947	0.3560631454763272	0.3529358389132556	-0.9055434316959762	0.24390083775528482	-0.04613023420893232	0.4713202031227594	-0.12143663534174669	0.03072498011228994	0.0005276459606431576	-0.010412742886026323
DTXSID8026563	6.7120307530605094	-0.5997460792985827	4.628350702972199	-5.284371193997919	0.13176628670176346	-6.275005012305272	0.9811768439822575	0.967420201899751	0.3369969218986732	1.4963975489856782	0.11736367001630087	1.3090805022951073	2.7377844344632467	-1.3092690483152245	-2.5888432023435066	-0.25887471219969227	-0.7998903450455455	-0.5058868336150222	-1.0857407953630487	0.0824722449044821	-0.8605222707869247	0.0805877487955612	0.17612199872934828	0.497488200954704	-2.1776239455264763	0.8793847704902853	1.411221149196923	0.329904608999778	0.5145829039608036	0.3665331737457283	1.6618477714037376	-0.6988802688522278	-0.46649480233842605	-1.1846309347850452	0.0353608822854478	0.2932318981048034	-0.3682509810922756	-0.0882402339507657	0.3392041931125276	0.40300447638000225	0.5770344680870961	0.5411026100415145	-0.09696115562398733	1.2146050041482208	0.5344431542592846	-0.2280511424342064	0.25519414027144716	-0.30884367671145324	0.17355492348432652	0.17095983702707263	0.1952698316587547	-0.11343014255907657	0.08130543695941196	0.41024713582364974	-0.3156588379607203	0.15371544743997384	-0.007332629777974755	0.1930221047811919	-0.11948308367455356	0.27792723832459665	-0.04946719371576262	-0.16986759787935812	-0.7470674895386389	0.5840322527275978	-0.5790633973332838	0.12175315522329187	0.5290649188743927	0.45869363459682855	-0.13157849866135013	0.19167422431538897	-0.19901066778460455	0.3458224492183598	-0.9043541826250229	0.5562126525276232	1.764342709997868	-0.1316134484022716	-0.6787302199412136	0.47991070784005496	0.06700279181813262	0.17663808878436885	0.5514019013094287	0.6358784633797657	0.11460463188690043	-0.2589876504555718	-0.41900486067578463	-0.02298637251991937	0.5304119632588511	0.15222993397501458	-0.22567641070369798	-0.30529332807928145	0.12055200164452645	0.3854292906047998	0.2583207860199028	-0.2566525426273401	0.6583820228078069	-0.3462613721305144	-0.08658146936392447	0.09223601135727126	-0.08289738179334173	0.018593242466062275
DTXSID1025724	-2.8081647017490363	-0.2630264256427382	-0.599656155209914	1.37916967740791	3.9157895786174985	0.7467813652725338	-2.0016422854578653	-1.9401342997229623	-0.3192341660903213	-0.08609152876582192	1.0177127848990428	6.784407893151607	-1.4872240573753817	-1.5133684819193975	-0.697969938314282	0.017437841538717188	-2.090622544503743	-0.1005940473668001	-1.0814820059339973	0.8291447797493618	0.25159295521432995	0.1566271697094247	0.28448147076591573	-0.3523256789552442	0.2517551206533982	0.39741716276905215	1.4954119800826355	-0.6730232867802051	-0.05293102135054151	0.7640638992498445	0.14772304182358925	0.1876508411113445	0.3447452152341122	0.42027288950045844	0.010816688792273524	-0.008948527934009966	0.4209445235379726	0.4154907438244659	-0.1585466884779433	-0.515176344723421	0.5503969867480454	-0.07602290731463847	-0.18811562015883274	-0.9781284205146572	-0.4734678935714188	0.37944080594424984	0.06547336009471798	0.5867716630992521	-0.09845190551138949	0.2529437592849976	-0.08337846650801156	0.4846745380230972	-0.19684227234523785	0.3062859534605035	0.4979467922273414	-0.3325093692060504	0.5719831791052008	0.10675199095696333	-0.25057337289460474	-0.2164852375984938	0.00248737176767826	-0.5298797336432904	-0.3360550025979668	-0.22122809108009822	-0.05031266143240848	0.5000935753281184	0.4683685039220239	-0.23292897565364615	-0.3010049933140822	0.03147072526360448	-0.4252362662779383	-0.5427783084982638	0.05280156234231515	-0.19819579886910288	0.026464923923976817	0.6595281947281155	-0.34286568710761806	0.09030741999324625	-0.39019323690136215	-0.6401679596644274	0.08265067879233368	-0.00010909161239492565	0.2642682989699485	1.0431542597023884	-0.01146640620759451	0.4335676496831733	0.6555588233723574	-1.3031865930526496	1.0425597072124928	1.2093242503589665	-0.5688654511307378	0.352441183774206	-0.40628445422599796	0.06338753688041789	0.537988350552128	-0.6579643286957765	-0.24143424501310548	-0.6505384485544501	-0.026734370889150205	0.16256784269844798
DTXSID5022986	-1.1583160477841004	-0.15459679037141794	-2.991963572431369	2.203833346807943	-3.146064650886171	-0.5536364513667977	-3.9768336792549	-4.117037777670976	-2.9452319703098717	-0.6589508106527925	-7.162524953792049	-0.6324957230270055	8.809894238622409	0.82437475880601	1.6197732789636228	0.297133752845975	-3.831610672930495	0.3388038689233523	-1.6477496225822863	0.46669612246827774	1.2809641958271616	1.0567187303859986	1.2039893385884068	-0.5787781771583063	-0.026607292479569666	0.4891451328213076	1.0457915479976039	0.9769684167528182	-0.4545549536527133	-1.3178030072508884	-0.9161268375867331	-0.05405189946187908	0.3522910348017593	0.6041305394628738	-1.2035860274500132	-1.6511204089269917	-2.6896652564242114	0.6647903109225493	-0.8454157622241087	0.9790278172536401	0.2304710621521515	1.1087750824470655	0.6631269267275983	-0.37034359731288186	0.35845301500061305	0.41623118518623775	0.34880074675914974	-0.19195202249149015	-0.06687139075783821	0.15689765103205783	-0.03770185254349259	-0.5789575299826544	0.7486427143975065	0.6403934139698483	-0.07579034617554818	0.5504631229956681	0.7553775643275079	1.222893783836276	-1.1507182327125074	-0.5713993566987562	0.597244812062556	-1.0282388252599268	-0.3233155720873429	0.5983976033478954	0.6453557386328197	-0.42457118276868383	-0.1568150062283491	-1.4114148680950667	0.3227938497947389	-0.20806531639825515	0.6368320522699071	0.4270889442207723	-0.40298770575228204	-1.2729193600268494	0.5163310366547134	-0.1026949047942735	0.42490163706248946	-0.310460614720863	-1.0450694911305174	0.5753067946019788	1.8472418647303264	-0.1274732968685526	-0.3067838690989341	0.6468493829503631	0.7481789161032719	0.7659457626060469	0.6410527605829672	0.011757068199515332	0.0908340693406018	0.4658354112366019	0.137840578490887	-0.17539474080747067	0.27854908989429294	-0.7115271054971847	0.21297875288952064	0.5866881903070559	-1.231138438886179	-0.6428696919546926	-0.5183803911041112	-0.050582103657453845
DTXSID1044489	-3.154065193603918	-2.908914052544492	-0.03317341542016071	-0.1910879994698542	3.28797905558904	0.7883118446146717	-0.6802325738646468	2.653248415170806	-0.5188580121621028	-1.0394326001982803	-0.6781048572353463	-0.239468732673555	-0.32056353412119953	0.8071278968883709	-0.916309227961489	1.1284234034695866	-1.7641794851902757	-0.2568924511654329	-1.9543996722377606	1.2966497291832069	-0.45886736851092613	0.024201222707757496	0.4546864428029844	-0.9312820482283177	0.10522440878026657	1.1713094787639122	1.5714057751728387	-0.04043330913646809	-0.37931558662838505	0.33292002671396864	0.18766775937235264	0.7224546173161498	0.5688329224303132	0.677929461985135	0.9522865510192423	0.03478517708326623	-0.005258323936946271	-0.14420785563099184	-0.3669578117964521	-0.3431868682958155	0.5754304122108415	-0.21155383676047967	-0.7506980325971275	-0.776990269195239	0.12546660764560114	0.3669291605716778	0.3204109450142728	0.21853326632697248	-0.07008141291749423	-0.23166659671867937	0.058677914550401666	0.19520678092002122	0.05809650496254834	0.13101780922155062	0.3408372280735785	-0.152068792109936	0.278646483806094	1.0612696893841407	-0.2992558472101807	-0.49406056721652086	-0.13917468572071537	-0.20467901474161224	-0.33000389883042125	-0.3468231275704622	-0.33272482472549986	0.5683816852532161	-0.18575176338655444	0.5525353925376892	0.012629737841004955	0.3916292146124926	-0.5907374450892064	0.2561308039615148	0.5698374764523737	-0.7768059440796523	0.039362982949962294	-0.31709413444044776	-1.552959239495847	-0.10137052055093708	0.6259875558942677	-0.5107547408339028	0.27740580592151975	0.14651059656476073	0.27714684308745247	-0.2926967278294121	-0.8629880681756928	-0.23900442672156083	0.8363119554741136	-0.307627271035206	0.5386478532354491	-0.746682205842103	-0.6456028648434955	-0.6843089269710692	-0.5709134602736761	-0.28162167280523615	0.3779085833561986	-0.10015341800753605	0.11444996116752672	-0.2951646905411065	-0.12102976383959073	-0.2864334281736055
DTXSID7020899	-6.652199504961033	-3.343310522777164	-1.2630789601602586	-2.065351480141338	-0.5557386402404852	0.915241388918614	-1.7777303772106874	-1.0021267358622419	0.1726082989174153	-0.1646820020531054	-0.40739604016020464	-0.9841743385619625	-1.6697091212567619	-1.2748519184080032	-0.3841198480634361	0.6247814747849437	-0.14239111293399945	0.01550861871923286	0.10856405032110948	0.32689417934803294	0.027292127539310644	0.2096984929089357	-1.568135038510694	-0.7760374049199013	1.1455621424202476	-0.47189397097111885	-0.5141646274514073	-0.1759671362250564	0.03755076880946077	0.24535064893379113	0.2992479545406319	-0.27920436521645875	-0.09307655784924847	0.36814320474324774	0.21506250739691482	-0.5264420813838548	-0.07922215044966249	-0.33813690945544345	0.16386279498724982	0.542538371749083	-0.2991995708964351	-0.2721931698702322	-0.0012263665390283022	0.0353811484089098	0.22178229956578485	-0.05849628258446171	0.004590214535770342	-0.10055570176689871	-0.039500400693220354	0.05315535625280062	0.006357506285224318	-0.33486700587116625	0.06526898805722996	-0.16149299629949518	0.13253553139944285	-0.32620049961189623	-0.14212588379449725	-0.11710371900049071	0.372239993108384	-0.16271996253445442	0.23532488661100875	0.22685815591471745	0.14985638917506772	0.9286672728627202	0.2889114684757401	-0.1604754859572074	-0.05161467188072281	-0.5142764413564422	-0.1926897090118849	-0.7082241511484778	0.13216293322178352	0.2878997891413269	0.18107269408612245	-0.10741219103026514	-0.3674652936814251	-0.07729929253776982	-0.43141852070817166	-0.44921277953449834	-0.18205377347365262	0.27720556288372283	0.1602989847357714	-0.8494250764507009	0.06211802616284706	-0.20467191069070043	0.2773745425063367	-0.06884966139681958	-1.0581027649402392	0.2858174897260133	1.1374520590215524	0.3153839169582291	0.7712062807124569	-0.7860389048089027	-1.0119523193375877	-0.05766196084357543	-0.9710267418987821	-0.23015129370062054	-0.2181293212640357	0.017082360147913908	-1.0246706970004407	-0.5327244798754218
DTXSID1022479	-4.837223304220593	0.9590326948549243	-0.01662970458825137	1.6698966233419936	-2.1063954548089496	0.2941202233241678	-2.5693957091320048	-2.9753731362229066	-0.4853473434665375	-1.1612515218685004	-3.632433036534224	-0.6945678474005418	3.8958817529489895	0.1006182715758454	0.5801819091015952	-0.4861451116820672	-0.7080736346850603	0.4665463509788338	-0.38890736321824054	0.049307805189216264	0.11016720852707089	0.5774472073764657	1.0155454762116078	-0.05154381132591717	0.9459018655029655	0.5107753232312447	0.3469355376570655	-0.13898640841559404	-0.2893067844484793	0.14834846606397106	-0.9484365824450411	-0.45891847435783345	-0.6898357985404843	0.03708565415407223	0.48409356147122673	0.2527632480903806	-0.8909235630797191	0.28741807307269784	-0.04801278240699386	0.27985272454877336	-0.6142370690018969	0.1753890569241166	0.04219406474279423	0.14754783468261898	0.3166351231134791	-0.5783988641617339	0.4729730066458941	-0.6303684426152949	-0.21203728619801143	0.3494356820105324	0.16119555223911003	-0.27491535236061615	0.6789892806832264	-0.19717731072284098	-0.5380826429513311	0.11119584337161192	-0.12610949843335942	-0.17201560937349478	0.3111658425374919	0.09690114882406053	0.1919661331417594	-0.14354861680408262	0.41532115553975624	0.40546336273280265	0.39763516025920026	-0.039010639515627714	0.42974315715339384	-0.52821441357756	0.0655311540709497	-0.07560775612479813	-0.4415301693275848	0.32655541469945365	0.1481459953574453	-0.4374070429807911	-0.024165497111881703	-0.2827817222001618	0.16207799345144686	-0.22968123636308965	0.015738870086480623	0.04480381434471013	-0.10265559356019335	-0.08053508863506441	-0.0801255252554621	0.12030827147748348	0.029344564163590433	-0.370658396730931	-0.3824384445171231	0.23562135696034814	0.7386180990820208	0.21639652809091584	-0.39239514341967546	0.42340410853583843	0.009323594886518237	0.08762297704448897	-0.00833925034455404	-0.10907607524715021	0.2915544725895731	-0.16838864688331007	-0.25166407488752257	0.29878874104502223
DTXSID4045682	1.2073814550707593	0.5554381865180564	-1.478157608194929	1.5802427270891757	0.9885529550832372	-2.214178372382027	4.626672263426935	-0.09889434137193079	-1.4656784230604711	2.5871451146099402	-0.10489082405185822	1.0981429556842235	2.4398820171247615	0.8957343450496374	2.325269947118467	6.551962494993703	4.535880446581794	-3.5350317766111807	-1.1786201842852564	1.8797335301273372	-0.6373104734908417	2.4631380345568243	0.23594836809185268	-0.6481152633289236	1.0074889093092008	-2.182957538651888	-0.13082411704922395	-1.135736361391257	1.3396788002740736	-1.1922502220117737	0.4667534552904942	-0.6288185797785271	1.4033094464602764	0.6392602512624138	-0.07685320634135465	-0.42703811834587624	0.010706350606264767	1.0037783868580143	-2.057673195455341	-0.39019683436696373	1.8520299184632247	0.9397696463926343	-0.3038017930197461	1.9456606919051331	-0.17506583551703445	0.16577286609770825	0.20227393249741235	-0.1003707150507188	-0.0011801561353756726	0.36258837133619626	0.2771672211261389	0.008318330988720314	0.1206711400849278	0.2965746926322309	-0.8756538606241596	-0.2231112708087068	0.5715042260707083	0.6873679004370494	1.1969231964557745	-0.3904764919328728	-0.6685339015112396	0.08757286123666339	0.42272537837270885	-0.5776026741100202	-1.4078513376786777	0.2484326250204629	-1.4802943968474094	0.2217350655245764	0.5210310301005494	0.7955321119654271	-1.1380736504249527	0.2854121889492036	0.19245002020541535	0.18386846915444022	-0.111708620269039	0.10927427012941117	-0.5321391922781122	-0.33384078777647175	-0.16975028905247017	-1.2147222186197848	-0.407318444305838	-0.7648246147205524	0.4060475769422576	0.2871314462947154	-0.5481512423318626	-0.06352650263653929	-0.28105556420199096	-0.4610748936574044	-0.6845112613560825	-0.1636401617599419	-0.8430286014143006	0.09186276862979441	0.5657658050747346	0.5291661048552353	-0.8476642693973284	-0.47296839650465733	-2.1252922101581277	3.902993033585095	0.22457247028960747	2.57797510157425
DTXSID6024961	15.463230273881654	1.9677771342602495	9.675916957608948	-12.4080006027877	1.1158608162247439	-5.456899669301143	0.8871246760959567	-0.2715803797524484	-1.6405320607715983	1.484426777389183	-0.5828960610829991	-0.6099808638029408	0.4098911557637476	-4.806468858953057	-2.410397149911345	-1.5786788476970608	0.03647934373799149	-1.8404014559314408	1.9799758206212101	-1.298510771315581	-0.7143249637035672	0.35541050063052515	1.2080777693743805	-2.902303629937983	-0.3535403904922065	-0.0028101874501342185	-0.8229466534442031	-2.2919873653479086	0.5218099842155223	2.441563991953376	1.6169480430106011	-7.033977952254907	-1.877515743245376	0.9073692099904914	-1.9189366922452047	0.7330925096843453	-0.8370081870114849	1.0795739109957696	0.15349937125254148	0.5398945658331434	-0.34264883574859684	0.28374703215785446	-1.0145719568350318	-1.2775289012882884	2.2901132283231838	-0.7943981332450796	0.5048598003242213	2.184501133320916	-1.286881866955625	-0.8581863856723071	-0.5458829275216762	0.18028724883187786	-1.1076386350197014	-0.048322447760063565	0.1559346114791007	-1.2484025252452153	0.2574515557204143	0.08699621849628933	1.5698705260191474	-0.5125534311524962	3.499381589358898	-0.3544050622183611	-1.4564575191390503	1.147221633467759	1.8275834074259831	0.5699136968751084	-0.5228032045990878	-0.6996719232502883	1.0509911461428638	-3.047618393917083	-1.2392845605463307	-0.14424642068279744	-1.628665608429593	-1.5141500169415514	-0.9688062642555224	0.152340080367042	-4.9236319644296245	-1.3683252854464143	-0.09601675470696011	-2.195595659258055	-0.3354106868647355	1.494951695975054	-3.509547700814166	-0.6131096335215958	0.8287831784849465	0.1926437742367799	2.2581993555504543	2.8109232052411923	-0.7796107726789356	0.8451127757065907	1.6919091737316447	2.652499513739145	-0.4288229713551195	2.0094542977006498	-2.2744139244848793	-0.42800183881800835	-3.2943241215373873	-1.6904629683158336	0.5173881420216468	-1.0199006941022042
DTXSID2021864	-4.786935768508962	0.6814546795643859	0.2819373196285702	1.720044132223658	-2.0158399417816537	0.5810623591152163	-2.3343609641852856	-3.3740747292995774	-0.5928874040185274	-0.6810026777648728	-3.7624983192145116	-0.40952337860429644	4.124167773099227	-0.17167688897603128	0.7196665401434199	-0.5500864136533808	-0.7683543731153396	0.15664106490777935	-0.5855628680634363	0.013350688427951084	-0.17545951481209746	0.24277742764437954	0.5904879546277759	-0.3531088892085747	1.2672922234325072	-0.02917638690935919	-0.3782489486399935	-0.6867758896450773	-0.43584585589432856	-0.06956294202382605	-1.2063168685216545	0.41497366445319894	0.15719682551747685	0.4990555095047321	0.8909269822398658	0.39527077312260417	-0.8792308526879433	0.5024444012117221	-0.13463684534741208	0.24748164765369796	-0.4950699229858011	-0.09069418901147784	0.048735728872797784	0.026992146089210786	-0.1761724199281158	0.0263085104714467	0.43741613474808577	-0.46625055374671304	-0.29647979397612456	0.09605431947552662	0.05443943446866306	-0.359550176290277	0.44943996290308735	-0.2906332821676497	-0.02495241638610835	0.2270300560636058	-0.45548365971913646	-0.1967037029563959	0.06895814159712074	-0.5463631789443575	0.6404538039881705	0.2510936584915518	-0.029129782546672044	0.5937417091768485	0.3722412982313787	-0.38613270526839344	0.25862924051744574	0.548951508133491	0.047928122317138076	-0.06563808266254621	0.01609774422800671	-0.17137686709691088	-0.2735521142186803	0.6462662148974309	0.39801648821289765	-0.08338181127763733	-0.033809439744947725	-0.36678415156870736	-0.18438793604061668	0.15138390810955218	0.46366269645861247	0.7999928797318421	-0.3651088811457905	-0.2742121761640979	0.32429975974941816	-0.2745693853865412	-0.15020567163378798	-0.18328685168481262	0.3250532040722247	0.3410251487064318	-0.403626266427409	0.1816098523427093	-0.21058626243727407	-0.09040690687870312	-0.0491708405765426	-0.28669388100050935	0.14883058019658357	0.05150963713112669	0.1687427015976167	-0.09018630354051306
DTXSID4048725	2.9984885570025432	-0.8112730140778355	-3.8450429770952543	1.2971960004789793	2.262982872914784	-3.650669997609947	3.7905094801007553	1.7594299799852238	0.08026541983692705	1.5587277418847463	-1.0647090412702158	-0.2726274436305434	0.636309700622925	2.9245171076570022	1.1015688689202885	1.2873767533977192	-0.44321146897012587	1.1479998097910469	-1.0366615265541825	-0.6303041876011181	0.2647554692866459	-0.7211668533489226	0.7686432621265789	-0.27779798283295976	-0.0013647582829605723	-0.24021007883538198	1.3929008381179495	1.8093776228006258	1.5159466084319726	-1.7967189108746513	-1.0815472228376104	-0.6149160458248628	-0.8600979203720375	-0.17232894390716771	0.014726844355597773	-0.9337865855142403	-0.42537814420216763	-1.0852602269191935	-3.7121511421834947	0.021001113026275848	-1.8237498976359312	0.06796715700829431	-0.38513111564217706	-1.9183613702578315	-0.6332804449394279	0.789623185346974	-0.9390724256334467	0.000617390902948216	0.4482072692892721	-0.3905230857270792	-0.3852785276715342	-2.9458414406369293	-1.208909845606838	0.8924536253023226	1.6491276952315872	1.9115541028835559	-0.8748181655371113	1.9409089909743624	-3.016123487427787	2.2997158960121373	1.2369466762355483	-1.9270040005026	-1.013673067753619	-0.9893064323367667	-0.7840790830621573	-1.215824170783519	-0.12526252281649206	-0.14872291441744462	0.4502881218793542	1.6301067782882082	-0.679685384358526	1.5588040347364938	-0.9197813649940196	-1.2517318891150588	0.15773900811287456	1.4040089784723588	0.19893617640372957	-0.16708504620782458	-0.09429170746929613	0.0046785208296988325	2.015353525303504	0.5565890240969011	-1.04732885652945	-0.3859508112322721	1.4053351652361026	0.9022639412785287	1.8907136817030872	0.5678587879155322	-0.2779314653115977	1.860433707576823	1.0727005402182008	-0.32534308422289343	-1.5836877810645114	0.7093444760578627	0.5266785828805786	1.03399095496628	-0.7270398395372375	-0.012666399249023696	-0.12840102373391077	-0.05216421561791777
DTXSID4045686	6.225290229889083	-0.8578577056240015	-1.3979996814660491	4.082658941746306	-1.697521414698756	-0.06638615611269177	2.6839925525744603	5.270679611838547	2.9113811321113614	1.5463252786642456	-1.940071129000649	0.3642879729909254	-0.32181088043404926	1.573810247571297	5.061891658712522	-3.83502133422944	-3.4991260649208265	-2.106696170197211	2.912743258960033	6.527824165909533	4.159152919494233	-0.3457869349655513	3.014980422302313	2.10494698586641	-0.20448911803383465	1.0051762143119518	-2.557664042782897	-2.0992356960442784	0.15855959970461747	1.5424103445228838	0.7936263395397566	-0.8606595602529412	-0.3071034711723537	-1.516642578506905	1.9295417446143073	1.8520179427110959	3.1983562465389865	-1.5404679013706457	-0.8275717439878868	-1.851013641362664	0.6770484304863029	0.5021744804128004	-1.1439927694942833	1.2844823690373923	0.23185698985857287	-0.3596464447421027	1.0802356707500125	-0.7763133595165269	-0.009717766754017627	-1.106844161673247	0.10680469074663523	0.28197392832951235	-1.0506698176517597	0.6218967927062538	1.7033025180415133	-3.5654231402351892	-1.2212997000905172	0.8461877583207057	-0.5766290755886728	2.1617980877336445	-0.9317444366160484	3.8319667116628486	-2.6505604886635976	-0.06091565934830137	-2.221273475739895	-2.375765764087606	2.151257033069699	1.3390569432903823	1.3130903650546917	-1.4536766817967464	4.672281603095668	0.2688665710784489	0.5681775445370638	-5.625500590063358	0.16921239554256273	-0.11559640724514779	0.7588512598099949	-2.377580130750596	-5.207368507594334	0.3575919148142225	2.0306944644305	-0.4998734452098007	-3.761196942948293	3.785549947489694	3.1809965894817984	-8.584222533066031	1.5361204227595386	-2.2610724987831943	0.1751373073541298	-1.362826603784011	1.5472953840214352	-1.1530225598336208	3.944529025250983	0.06217481808695828	-0.14520220641339887	-0.6691693941009907	-0.019479002651966778	1.4862786602905174	0.05830784252909072	-1.2250033969732101
DTXSID0040755	5.071642286017578	4.955845125648169	-2.2043897494567504	1.542877740927198	-1.2123497502425913	0.14059636379753168	-0.21396240532739177	0.5576320998455553	-3.215922679528205	-4.581981300769246	-1.9347431381705973	0.05141496918914746	0.5790255575648143	4.2418171591869696	-1.6832992683109513	-0.4725463226159098	0.800998138875762	0.5042027128315063	2.358378770552944	-0.09809634974514442	0.8922044751244127	-1.5971400825711968	-1.2205741165276471	2.421080787346009	-0.7598896348410101	-0.9620857696236993	-0.044976167732512395	-1.1357166541389372	0.24127630825207405	0.5384595755069579	3.250306444427003	-2.2143654247305657	1.4139364401489678	1.5411396865136415	-2.5992219772109952	-2.568903158036314	6.39071802019297	2.0310554775701384	1.039369449710609	0.6985783517465616	-0.17350577739032724	0.2942590185611197	-4.031605494275337	-3.9376480317607254	-2.0934299007354973	5.68269992821447	3.4906176347704747	3.8944268220951477	7.705506904655546	-0.4957023274654967	1.6868120845732943	-5.071536315212736	7.348033708345836	7.4533197082639395	-3.270172219265326	2.5269787419496264	-6.629819563830144	1.392562133341054	1.1744699159181708	0.6080390673472451	-1.5469856989795192	0.7827010320235032	-0.5569057021266758	1.1524850732441596	-0.025519109686040032	1.6756203532098461	1.1657803109076024	1.233724156094811	-0.16545348712574667	-2.597676244495855	-0.943468012901034	-0.6129934537658431	0.12054839730640275	0.8786475022954413	-1.3333208347307859	0.16099237285698403	-0.6211154042214867	-0.3015115241581162	-0.489985268033061	-0.24867630647198993	0.021315337136712853	-0.05340672304568529	0.4786988043225224	0.10070263928226268	0.10342033887483676	0.25052290447794906	0.3913599753114888	-0.2370197703310417	-0.3190316917746556	-0.276099126953185	-0.2216042632892749	-0.7253289517820454	0.17411920164002317	-0.6446727727572448	-0.3758703797518376	-0.46391764871013125	-0.12217355378527335	-0.19165733344831398	0.690868699353659	0.06298968735999766
DTXSID8046450	15.165560563404453	9.513477447190983	1.6653045531223865	0.017771760621669266	-0.5476385719045486	-0.835299740764979	1.1382472311433938	0.10422352249021367	-2.664512463991203	-0.3487202666331158	3.5479782724313678	-2.0808972192032384	-0.7082578198609669	-2.320383992060925	2.8635388768615395	0.027962062143460628	0.6912862778285612	-0.7707168326395986	-0.08345775999680423	-2.5695304424959264	-2.4799349316162984	-1.2952732509197284	3.0663450807968213	-1.4007012652991875	-0.012327690589492485	1.3899781385897183	-2.138601766393414	-0.28618460019368264	-0.8333331833137135	0.15251389000317941	0.059982906676852056	-1.3629062260797986	-2.0817070755513467	-0.017751080966682164	0.44879109664048533	-0.42450278493999577	1.2579009471559182	0.19525948316649766	0.16984203525388678	0.05647810891519089	-1.287346847625363	0.20749830876962194	2.0316103796327285	1.363580103065785	-1.3933095679506224	1.6880778548823354	-0.49439621041522974	-0.4457011069259779	0.8266122920304224	1.6223288321843397	0.5792083262607173	0.5531530540751458	0.8997290001859616	-0.5946255656724629	0.4273267686650924	-1.4618870359720426	0.7196173164184361	-1.9997853396845293	-0.27352247331340007	-0.4031270341524637	-0.01698376697397844	0.5682896175628072	-0.08240069215864866	-1.6437141396086232	-0.010306735021879149	0.9640372195586239	-0.23480913973878437	-0.5438944926356847	1.1355915469853974	1.843600254596084	-0.1696289392586451	-2.820034926145796	-2.2803337034689823	0.7372291230350078	-0.16164010088804276	-2.230292038051451	1.7065349923407664	-0.87811902175108	-0.8789417946048639	-0.20335119180100114	-0.9641734399099102	1.0643102633610282	-0.34115125364275367	0.017186138576888787	0.03772438526690292	0.01591692797138738	0.7153492380277912	-0.8313409515163424	-0.601783527870594	-0.690932510804243	-2.0119449208929585	0.6326098075399562	0.3536868010078391	-0.4152816589892763	0.553003189239335	0.4941736403410772	0.1465850336170693	-2.024628130904512	-1.4477561006161521	1.5670007877653485
DTXSID4025292	-2.989112683814433	-3.893659402384526	1.2851342838173392	-0.2626185661805031	-1.4742440897633209	-0.752084245903965	-0.3730835114967245	-0.5126974113959564	0.18201789509288763	0.8597431196365759	-0.1378871664532033	0.03667893653971927	0.4849343109048435	-0.029708086979628994	0.48643701144834	0.5688992271466012	0.35352743809086595	0.8931493906027984	-0.09241337369274576	-1.3935371627380946	-0.43800982276111644	-0.4211232767392174	0.5252735186170053	-0.15929151248786663	-0.566144018868021	0.8088489005759608	0.3614741667065646	-0.3463891610754943	0.5504503650714678	-1.076837600392794	-0.045358255337886934	0.02775955496546247	-0.8488529687880884	-0.46298546115650724	0.25160738828848295	0.18823624176836715	0.026597340539952483	1.1463757095922285	-0.6067949776782343	-0.6903665362459438	0.4809210288907537	0.23277879053314618	0.020301942908424957	0.1442394539279889	0.12283280260008773	0.33709920473698163	0.15548801642100255	-0.4238306107719533	0.047309949922836984	-0.33424107094405625	0.108698595287846	-0.03906228939293021	0.09588870763750915	-0.11870734170463952	-0.42715703373932606	-0.6704358593573237	0.11873819698084792	0.16321951350991015	0.014803342973005099	0.3770898503929556	-0.3645821832577677	-0.21853149665884572	-0.06781209239912732	-0.7871034974765314	-0.6005371931708695	0.2519911189696373	-0.19293294723799415	0.5912807366034695	0.10418633912177785	0.32777294247314404	0.088330199895569	-0.5845850412951911	1.3286018126416044	-0.31978816914357033	0.5859267097056526	-0.12911045935179313	-0.17579690406002735	-0.7637002388480014	-0.27335911653787887	0.7365674906559869	-0.5958396528787119	0.1882243676970537	0.23811166032813658	-0.37781608068557765	-0.43341163357597384	0.47952310388849095	0.9897670320674465	-0.1733603566665145	-0.4574835457774558	-0.49804618197832107	0.21318535908214534	0.15878765502150075	0.13064260625018687	0.07687280318134312	-0.39674172626401527	-0.2399083066394876	-0.14238388424798454	0.014345860780679886	-0.1223197194818456	-0.024990554868564364
DTXSID0029761	-0.5720249651103305	-1.5977555213271377	-5.876694192779412	-1.8348017095809788	2.467689045184637	0.2690960904629804	2.247480724137265	0.6975241290115154	-3.536893705831105	-0.49456546654491457	-0.9222347317943316	-1.3711348543844926	-2.41852352969966	-3.115422525408623	-0.16113956784179206	0.988882543209551	-1.6249858430815403	-1.5488082327780963	-0.7883497471411202	1.3498361154018632	-1.6392959448550617	0.8893208117696874	-1.2176595147736022	-0.23042312536572931	-0.4166641098416355	-0.35180012256510906	1.172792157557134	-1.6038116981110406	0.6747990983669928	-0.3613686707627458	-0.8555070771050042	-0.5626688575973858	-0.05689504368682848	-0.9094557380483138	1.441792177081346	-0.24441860269118973	-0.42253361592693334	-0.9847343258747747	-0.29077427215115215	-0.023360388767847053	0.5167292230074155	1.7080753331316825	-0.39953863109439325	0.7502070076985465	0.7210025350007686	0.5209710160494677	-1.3924997283708693	-0.8104673440609179	-0.1255183189291302	0.32458550172684614	0.4071688945194925	-0.47990625255680813	0.5685974201152391	0.6048631175808125	-0.942964202566376	0.6249639037535363	0.3374659775228755	1.212921097484469	-0.06986180349294814	1.2226310478379623	-1.6273548359630148	1.284633385096723	-0.5402846910990692	0.36980830252388025	-0.19281599102978755	-0.04175786787629547	-1.580161301462082	-0.0810421990230771	1.0510525211900734	-0.11748120362979374	0.9493458471687237	0.31574959794445334	0.28910678180202926	1.938202967114496	-0.47260928490360526	-0.37571660787969113	0.5175594193525321	-0.044702904354054857	0.633491066037163	0.5652957809862829	0.38018911142205347	-0.0495284777192542	-0.6607295781737902	-1.2887728919113455	-0.18272952726452812	0.11823996116177085	-0.9152797593297658	0.7955137813108311	0.9677395411649258	0.367223390391891	-0.4951596056948123	0.24623554368983705	0.5645248416363388	-0.7472612999316409	0.5984355457701552	-0.3684308474437036	-0.3038213911397116	-0.525284713702113	0.38113815994307154	0.20534280882782263
DTXSID5045205	8.976134394525273	3.1410915683371505	0.9414811886216067	3.5357090214742124	2.0649200608855867	-1.747128939291024	1.2789383561313385	2.096303316057884	4.163873929284935	-1.04941761301152	-0.3112607082698738	-0.1021842275279417	-1.406239992068407	1.0956000483608983	4.49570167198734	-0.03167251683647979	-3.1420049275123207	-0.7319289921750135	-0.42284106507183267	5.315739864448511	3.4525597178496787	-0.31307479924171505	2.4591181196214134	1.0254864474102339	0.942812389979186	-0.2221096080998435	-0.9292178975350521	-1.8103189545183807	-1.2774287524004977	1.5874269359009712	0.23684587865993528	-0.5689258056968513	-2.260210998547421	-0.8211197578404933	1.6612588884416177	2.4945419044181127	1.8609960912420351	-0.3867231562278108	0.37721873635604747	0.10015310671753776	-0.4742710058430407	1.2118231623650748	-1.0528500112286419	1.6408745029107348	-0.29474967591640444	0.1738168440684606	-0.5928853422028659	1.199187486252152	-0.917557774251681	0.4220843612132838	0.20368130147552108	2.2756529312327314	0.008257853980176378	2.100888913240579	0.588706819900409	-0.26428904932725644	2.2684125511708717	1.5624054453702187	-2.211742782045921	0.9376313100457072	-2.0585347485545897	-0.7115973119071196	-1.6328901285868676	3.8486934506981565	-1.4694994017388232	2.549899818168279	2.940171124188466	1.548291358099656	0.3978839734582205	1.0297580897717526	0.3977405701424528	1.189128785441154	2.176475808120599	-2.5338581303351093	-0.4111171714513071	0.20180443874949822	-1.741871922187312	-1.1243288581892221	0.38473801411264735	1.7857142281167833	-1.6071877878048642	1.7403733351610937	-0.6949483034053892	1.7016842300864814	0.2753413638191361	0.9663656692668664	-0.26373575546050154	0.9749065344963972	-0.0211913991719835	-0.07665989384369838	-0.8898498986170349	0.25912187905915407	-0.2465260183075883	0.20144233629413424	0.7533640871911144	0.7094437906538417	0.5410170861746773	-0.1042128434739014	0.5095061969961516	-0.2627569866642647
DTXSID3046879	12.840895210086142	-2.4016047218787167	10.73397709668716	5.08547283637935	3.5740933712992695	3.041476609677078	0.6765379432016858	-1.2140265548448268	-1.7981070734397822	2.0085836123766416	-0.4189052712653139	-0.3829540323818643	-0.5327350004027589	0.563405093089678	-0.4306112805634298	-0.025829830048928235	-0.688127837358015	-0.2726380096208683	0.7467257982503875	0.13801811576233908	-0.16908581001021944	0.5616893375049685	-1.0215702419589048	0.31686418482827877	0.14069863954763817	0.33197702522575845	-0.2542277605948433	0.4900824478249101	0.5733610591448156	-0.4368470042181138	0.19432635475497245	-0.49324927130734764	-1.213815326497238	-0.963343665314949	0.9450090532280667	0.2609699641438564	-0.0034211563237902445	0.719981022498336	1.0373013191868117	0.887043184223979	-0.3017483346945135	0.27027197288984456	0.22051119914014314	-0.2482711799636086	0.07227642095871002	0.1510674269472412	-0.18057421642078103	0.9082890583911212	0.4031147758032374	0.4746475528764133	0.07914964138573884	0.8299313774758138	-0.01246993088578715	-0.103896737360429	0.050646222081853175	-0.8289250307648138	-0.12283615530922161	-0.38734907243605143	0.2870302616888531	0.05700648247176552	-0.48848749930206037	-0.670257226475017	-0.2667820217094524	-1.7595909840074686	0.7606202587979926	-0.39968906436800977	1.1402661165313013	-0.9844022933871233	-0.6294654438993843	-1.5971007464516425	0.15181087628411286	-0.4895877924571758	-1.023949808980689	0.19071489483792342	-1.2529571385697207	0.12882334020891562	0.4048702496514918	0.10185519064041333	-0.12837039088719499	0.5765832569101569	0.5408068910907967	-0.3599880573858781	0.2973062404557099	-0.3993102814131341	-0.5229857936508786	-0.17736500398664418	0.4455256779971993	0.8551894975621099	0.17111483900554364	0.2068331130315822	0.1609464672156291	0.12559510011707337	-0.4869761608587421	-0.003708773424459224	0.01487825427021767	0.39847412581562347	0.07322453204925487	-0.13458453991165603	-0.7797786030402	0.3249325046827045
DTXSID7021231	11.176934031247615	4.963395529062759	-5.22475162500914	-2.9259727300413445	-0.2678208066699934	1.8559972625732997	-2.610090907437633	-7.575299154738205	-3.388083849282555	0.6431037817333003	-7.039979951870362	-2.8094387231440443	-1.1073769953875214	-3.0841939464965864	3.326246548223564	0.01580342910810383	0.5938952715224469	-1.6999487705888054	-0.004433679616799293	-1.3514635976142502	-1.1888813558796425	-0.8327358184802307	1.4844854236820324	-1.6271425661978476	-0.5829884403888318	0.5764567286356571	-0.635258901481126	-0.869922646521012	0.505403575734415	-0.5191809027341987	-1.2601315761295622	2.572141081921675	0.34895032916244834	-0.49268422038148385	0.556527388285302	2.7665677907167567	0.8146877051635193	-0.2171799655547494	-0.09339506016604501	1.3590920865035523	-0.5459881780409461	-1.7648025619048824	-0.5487102905208855	-1.0022575742635684	-1.25226065054066	0.0815157268168613	0.38437772985491914	0.16195596722922018	1.2344168538918912	0.12211401923486737	0.012383800871802306	0.019643851201265813	-0.341401915706145	-0.7798180023039107	1.3147370855810117	-0.734581242400042	-0.8701520338611183	-0.9926909105379114	0.9141732969231232	-0.49913074311737843	1.0763022296744262	-0.49170361201957263	-0.14311702981225402	-0.25801544166536616	-0.9324723797587972	1.0568840249410796	0.034983002427567765	0.7633841385913638	0.016412850487014824	-0.1230250785620677	1.0706818591587528	1.4809473311646115	-0.4776226379995057	0.7469082296417943	0.27227101881194216	-0.6816944292816105	0.255153644777721	-0.6435421727345831	0.5185706433405478	0.5920345565296022	-0.3657022989969134	1.2863856959629998	-0.09626190945718041	-0.4032604421901332	-0.01343447651595982	-0.631983046344484	0.14721397845915454	0.1268646860211763	1.0508918043342539	0.43104349728866204	0.13089079538235926	0.6168073090763101	-0.2621664479229778	0.453231363681218	0.6641529827453443	0.3777860399349463	-0.01663349628330193	-0.2104131311627555	0.36447986736504334	-0.14002374759958378
DTXSID2021448	-4.396413776306973	0.7859227685501635	-0.04539404423561676	1.0098213672232277	-1.3546417455846054	0.5287509508434882	0.04906755389255533	-0.6114883129523097	0.5843333247078276	3.307872631247899	0.17371181389305038	-0.7427781663883706	-0.6517443546721804	0.6592860141838218	-0.3060706498610149	-1.2363603319598642	-0.07776173043844857	-0.4151034187820416	0.10128013582222295	-0.24031156463437092	-0.9862526194016651	-0.20794051399023272	1.0975640038396843	-0.2919361354871836	0.6300007846237988	-0.07125123815510452	-0.577211868350349	-0.625040033381789	-0.5846286327551542	0.2852458132408936	-1.530410422785594	0.5795442560990836	1.4120487160146222	0.30483751473574555	1.1458626139961139	0.9216531228924565	-0.012737020470546142	0.3673764061931991	-0.1715509074646155	0.29332982323803386	-0.04270592817593411	-0.5938654563051842	0.41666761957542847	-0.07342988726354575	-0.3363279104809839	0.051686445197481175	0.4773942849559542	-0.08482653344015635	-0.1323450813561756	-0.3408058758511887	-0.05151922745007422	-0.08128499797426274	0.4762069923505305	-0.4017441174867558	0.06782956562343688	0.42646761211083184	-0.4707519078551078	-0.1664749434401771	0.0785310958833392	-0.7863834913837939	0.44930315750143623	0.10754500412616029	-0.037084930066348276	0.2773236194305886	0.3433115577397535	0.05020938409578901	0.24890297527616992	1.4017982711242294	0.14718527335032994	0.2647261856400193	0.23361178923071932	-0.20350080001594448	-0.5299616126142905	-0.0393669359194978	-0.017958353892012457	0.046134293527988486	-0.05163419673141107	-0.20672529437029705	0.4495947311712798	-0.2912955865977054	0.31039952963348383	0.5665515909389619	-0.4077536815111478	-0.17571586875808637	-0.18886424130163004	-0.2993076796736881	0.26454158881469153	0.10864092677811502	-0.014681666175760404	0.08104794709574459	-0.02857547524470586	0.21265124975521332	-0.4154195395008375	-0.23854425257403566	0.10896974185964224	-0.4443257524740405	0.16442208149702242	0.2722745827226075	-0.17436820106053716	-0.3282285083157498
DTXSID7023350	5.566227581020018	-2.8318685813703266	8.202959516559375	5.033365925034858	1.52923817713799	3.3451465449199618	0.9675026344962402	-1.7334093262875312	-0.5287120151064034	2.3735315406801134	-0.11360841704925036	-0.7003553096643196	-0.026086073860402296	-0.7171298930976169	0.7493992709658298	-0.36787933603109485	-0.07278272980642454	0.32271783735938725	0.5563893997671259	-0.2428577510295355	-0.14705595368434116	0.26490734570775204	-1.330403173205091	0.7550132330598542	-0.4217776820756836	-0.01086901022215311	-0.3161759816328927	1.0691787015630854	0.3332054031702693	-0.41986649898621725	0.113818288565798	-0.5016949224819243	-0.7924621700828837	-0.7616740383944257	0.2551754562172998	0.25899767926451084	-0.5356286796676692	0.3021475586569639	0.8668311951115727	0.6532051772471039	-0.3111021315682522	0.32897133004224344	0.2377184135480733	0.3606651688376199	0.25653238352345337	-0.024433070875833417	-0.04862226202605106	0.05531503085897822	0.45207091448209197	0.10765270240041643	0.09236666837320787	0.19028743866120565	-0.033388970428923394	-0.15452150925275823	-0.20258785462918932	-0.6225537053812877	-0.32974191901514366	-0.44191899357734243	0.41275876634013886	0.22175163442042375	-0.1963542571211405	-0.42977896923031667	-0.1838290171494631	-1.2334556097670246	0.4371177333575503	-0.05820130869472878	0.5730356543729642	-0.4910706909789724	-0.3267469745066238	-1.534385224033711	0.14804705020713263	-0.4190380711294417	-1.0769438552950155	0.3013979737719839	-0.49287733053511984	-0.3732079861114816	0.7199861251587455	0.3263881874166335	-0.040305489446272186	0.4615361654128942	0.3325057042393623	-0.19227024019222674	-0.17813173172256763	-0.39265248852056883	-0.5140558524723345	0.5188948800866017	0.755716902942407	0.27759778343347374	0.3609977785230727	-0.42042741578678533	0.39402452093061496	-0.8511354994478371	-0.42738332214040353	-0.0030627911404274783	0.5111441280882306	0.12778125958095093	-0.31236072077234456	-0.022969054386314577	0.09856137208283718	-0.186956905056626
DTXSID5020310	0.47812004402911373	4.06266419851821	-0.8863302617375771	-1.3297625162789668	-2.01908771403752	2.819799326927839	-1.421463925238141	1.0388229136888472	-0.2594062977187303	-0.6068262623751067	-0.19542274155253828	0.047930230371872995	0.0019288998523153981	-0.615691099807509	-0.7593131729010333	-0.35286428055030394	0.7924288250617886	0.2656638663750321	-0.15537776245868082	-0.05555841109624048	0.9595156269449429	-0.6620775590834675	-0.7073228404947105	0.681359884713908	0.03726030198039819	-0.5406515376076999	0.08513719999622961	-1.0546540348033093	0.16094181993030904	0.10028941062864839	1.1859719438264935	-0.5177690328252917	0.014684389401855284	-0.32170762319687896	-0.0054195661155465175	-0.27777950262835815	0.13794087361668836	-0.4117039005437204	0.30151893443391786	-0.19269380539420358	0.33679431083013683	0.4005364718168306	-0.12053001702310859	-0.20720404133647596	-0.08431784875297589	0.21473908810485484	-0.1497195352522684	0.1480021586383231	-0.21709206592759428	-0.0006179271592029177	-0.13466667677295469	-0.03708423431195744	-0.15914396390351498	0.05479644267782222	-0.10247778358199414	-0.21618561572869793	0.5273296247766943	-0.48313637715886937	-0.19691359717950543	0.29145260031301107	-0.031805805031843125	0.06458782950160111	-0.2676274764260128	0.023042950764073956	0.10695385874351067	0.054621048424849696	-0.38393972809793797	0.23118650563660287	-0.8531319948231026	-1.147081410755238	0.6590662537785181	0.026146459604765526	-0.3883770464638547	0.2634125545958314	-0.22450442943807014	0.5135641582760622	0.2753430173036145	0.5556163477692715	0.6305222140113381	0.6441930726930005	-0.043661995939898814	0.5653516059391315	1.0375320805622936	0.33611670204382504	0.1869499989558261	0.337676294285678	-0.4432515720124682	-0.2042209844362352	0.2645519538496256	0.49194107310134205	1.4832492851026784	-1.2277616326252536	-0.3874727006882608	0.2256102308795905	0.47871851655291436	-0.46917853238303614	0.03566621189748715	-0.2410361196430504	0.16701744384275757	0.48555286307105916
DTXSID3040691	2.0375969117716313	1.342309519317026	1.4220968404600205	2.2672476557405132	-1.8066364096258558	-1.3465443382914128	0.3583317348972369	-2.2550642983941054	-0.1852900747930528	0.302142067195732	-4.318562481572663	0.05493984049369123	4.544998195900212	0.36331790750458476	3.863473894317212	0.4011452914455894	0.7667298670379848	-0.5582876758218047	-2.55925784187096	-1.763728033548342	0.8838535544994333	6.830226450949213	1.9951706982793516	-0.4411848043891245	1.0272767154668319	-0.0009753427852444112	-0.23309447236923386	-1.4075744508049963	0.49402110723328907	-1.1596738048943933	-0.13324064992574072	-2.03433411232161	2.4123378713088925	1.4616866712089447	-0.35700411855129793	0.0228585867358592	-0.8633620398103413	1.136567986478641	2.0467256706193258	-1.2553557244640436	-0.5126297161460058	-3.0759689430191957	1.6632305291972855	-3.440843514429795	-2.219185664192355	-0.8421416580148475	-1.1854141117309371	-1.013551351266385	1.1186137765292399	-2.1439886193927626	0.6375809928641074	2.248699865454478	-0.8846699182247996	-0.13189897622593216	-1.8959840805149915	-0.6675352190334366	-0.40460214115941373	-1.4061414435469608	-1.4307967976396976	0.06847357671072275	-1.9820262811100433	1.2078007233089563	-2.2613218607335335	1.0173105652213932	0.5635863774777827	-1.8419925422723054	0.47393216172282926	-0.07605153400791421	1.0872658150572787	0.5640197022330014	-0.6215887171583663	1.3268781305634034	0.34353133016370596	1.0665738631018398	0.09185442133803395	0.5059058532806701	-0.10052272119682634	0.04027612435957709	0.19441376815089825	-0.39974043622013244	-0.8156226335493291	-0.23525750718373145	-0.23282966839996003	0.16836983069911282	0.3805289550032578	0.2441231358640731	-0.08973215564937467	0.5682999532545723	0.06876526015879607	-0.490903810378417	0.14460408978773998	-0.10090823860550768	0.6811424231637094	0.8374126229440806	-0.17574890101935814	-0.6446605131094969	-0.04792788804510384	0.1266095118451714	-0.03824057761285528	0.7730461830281675
DTXSID7023019	-2.726909764965987	-3.4458723727783585	-0.0701538866175701	1.7912611337525306	4.975499680480886	-1.074488971997526	-0.30000335589589633	3.2377821301615746	3.0713541649195935	-0.9790330390916658	-2.6400103281607232	-0.9186204833914924	0.9204440133302113	-1.5826406122539005	0.5334063524637351	-0.39628939140666797	0.46729710506816025	-0.2297345970349733	0.49346740668715827	0.29551472455889916	-1.1032723565630593	0.19867386855391309	-0.15811964892852856	-0.6557665785142998	0.24795299550459418	0.8295156437085474	0.5252200932693881	-1.1630026785002858	-0.5679779977087539	-0.28751756013783863	-0.458824412829137	0.25338592426725964	0.17105309654262948	-0.3050970788301254	0.024434662302864833	-0.04457797906641444	0.9665496558623632	0.4307904518988009	-0.184887174129952	0.5217174656146376	0.2724569469098117	1.3146606311468823	-0.21591447433317018	0.5417812628950311	-0.08143177233721016	-0.06581096733692668	-0.2388784377358146	-0.9450451483794922	-0.07835558168872349	0.01998849705289728	0.32436835946759296	-0.3594817247375725	-0.13576416615548154	0.13051696563504822	-0.8358183870241169	0.06020589786337252	0.15868088336647587	0.5993392015488775	-0.25585695836341216	0.41083069025429814	0.4131769303727398	1.1067700938504905	0.12849258677379025	-0.45982593631862173	-0.21466592851473562	0.23552221593489384	-0.8438245838876426	0.3259234538890661	0.6951714456883022	0.6245748501447823	0.226877273656152	0.2140671850708016	-0.08955389275289856	0.6789507824456009	0.795884077531728	-1.5176566401433944	-1.552348421223711	1.132862889731619	-0.7541007335268131	-0.32108287387888124	0.22298818742104115	-1.6123961957358088	0.9124710884426044	0.2864680871578367	-1.1646637687816677	-0.3771203288978007	0.4397546543594628	0.7542832464894963	-0.7454903867973488	-0.7330540531123105	-0.26584484624080373	0.1776682387497854	-0.8732315106032739	1.1776955396794357	0.7965183405790359	-1.1478987242951328	-0.46206441951380345	-0.5842927851668369	0.13002324532442436	-0.03512524943759958
DTXSID5024554	1.2422470171544975	4.048794452651153	-2.055025905213631	0.8966126504833143	-2.058571594130411	-0.8195262465420795	-2.3465864450441805	-1.2070288501185718	-0.8391223735533009	-1.547440062000967	-2.0859589951839363	1.0829701763913535	-0.4638093983154579	3.7680256453343497	1.049914795598132	0.8187622353782636	0.21302539623846967	-0.15967326875969784	1.209199565931894	0.3139354864561497	-0.9087908005787588	-0.7920061881244649	-3.589567932404786	1.1641103355410816	-1.9284966743030094	-0.6482145269925179	1.3940240351679078	0.05472068780072336	0.888238880400337	0.9793654761896564	2.222965297051536	1.2400072883975772	1.4904591042920654	0.008349224704593084	-0.8349606352211429	2.695296709416339	0.9979542248632843	-3.653483187906306	0.12554550687351151	1.1861507221108798	0.2482603930443257	-0.13593283076333387	-1.8792202186965552	0.3583413020054855	-2.2572811547062694	-0.10265350889876468	0.22709668615634582	-0.394673115884461	0.1851130947670991	-1.1980804571692114	-0.3974178695839229	-0.6089463429198226	-2.19246663804927	0.020557388860627517	1.517788797436801	-2.3420480722676436	-1.146510005402457	-0.06849721093731444	-0.32443651864119527	-0.6840063637800767	0.04910551377600516	-0.23143924184883444	-0.3297175328414836	-1.386260966628186	-2.511080133717988	2.5117017134052975	-1.135560897329057	0.10571930737144346	-1.6803060186504806	-1.7556626894119434	0.6061793243909345	1.9076153934956697	0.3459372193617322	1.3345958109601679	0.6387640075530399	-0.6851521986470354	-0.7306631979373706	-1.5252143304812915	-0.7311834582658341	-0.4224176842166674	0.17297414018317345	-0.8281554230740722	0.10268902951731002	-0.3443636857934959	-0.5948909876070508	-0.018150136531559728	0.4749175301286336	1.3003257844041833	-0.3906727270364052	0.05558843193063966	0.048056671880633554	0.2828322807798696	0.24618970082430408	-0.4074733526326502	-0.6110846291592712	0.4276617523462919	0.08582005093923223	0.18915769268986782	0.3104523614687337	0.23873057596961694
DTXSID6044802	8.545761138828743	-0.9119083968941163	4.500559500946202	-6.375721590897573	0.4345767517558477	-6.291106781867467	-0.8843656923931252	1.8984805325313445	-1.2620365241288263	-0.926288501495801	-0.8593877710340433	1.8235509589193628	-0.4206006746979109	3.204760339736236	-1.598329388445409	0.1778826740312128	-1.2860818184825515	-0.8080795082306859	1.7222856266559903	-0.9567738969073647	-0.4389939347042083	0.91084839967592	0.16053928744182291	-0.865514318888861	1.4139373056314588	1.0489252297938123	-0.6134970323597828	-0.043741424173953554	0.5393689693131376	-0.9206683718428176	-0.0915147161486342	-0.1331354922134799	-1.0155629195970408	-0.778942056578408	0.9348197866838799	-0.05972225858395053	1.1622864954870056	0.7451579411906645	0.8851221642357411	1.0344243455640598	-0.25300024420067035	-0.7224463152564847	0.7688067983420803	0.048296036820598055	0.06914814117821552	-0.24547992679623623	-0.5220842497911697	1.2634438512173296	0.5076431421967293	0.9843151089224467	0.047458295060520406	0.7321320789131012	0.5972985719134881	-0.5441012900639173	0.5539319062255649	-0.5330786944356248	-0.2083881504256501	-0.47385929629718854	0.9648992714993095	0.1281591246797815	-0.19354707201660357	0.2593731994499636	-0.0031682419988646685	0.06831280021042833	0.21664270575663735	-1.164544003155511	2.010971817210831	-1.0171046724136492	-0.26169859074310053	0.7000695578572665	1.1368497394594557	0.49430210408210473	-0.8060871348286731	-0.09039504878071034	-1.452946463402112	0.8369031322213172	-0.2618445712200115	-0.740268992434584	-0.36384424379588237	0.8521522366161839	-1.0181004203419644	-0.6790711447522424	0.6857543504753201	-0.4086647254417316	-0.7014951970477824	-0.8341833954614726	0.283739840343759	2.1812263250033674	0.21565319856265627	0.17620425297381812	-0.3648782393685658	0.7407863481363148	-0.2340401781418542	-0.00747878015559788	-1.179193261763816	0.03665793176766815	0.8418460577021926	0.10633057155301857	0.6019821137272778	0.03133744377994322
DTXSID5041190	-3.466543895312555	-1.7636802176203388	3.496830292448329	1.3832862636006547	1.153022154825514	0.014730703457967436	-0.1297524900786186	-1.0973860373703153	0.053579565447487286	-0.3919860933888153	-0.46077206524932635	-0.07177771637048114	0.21316067871568833	0.3023707362192869	0.03826858352976421	-0.4540157142666601	0.994574473299488	-0.21141409989128707	-0.22576482332848358	-1.3432035020776334	-0.2153660243674334	-0.6712609246722703	3.2102278017613255	0.20140125446243398	-0.25407090457962755	-0.17585052511011484	-0.08025098707137975	0.04412304513796104	-0.2196830338240747	-0.3786142005911429	-0.020439735704932214	0.8111553182751933	0.8674328863154502	-0.23542676249663005	-1.2620674225914827	-1.2008086224031684	2.3126762977006114	-1.834713955107255	0.3131438810787501	-0.044278175864424035	-1.4854742143605544	0.30622089870416375	0.6886529728188366	1.9072915768110232	2.580028471236722	-0.6934460651539496	-2.5108125325646613	1.507177588573152	1.0778606559395398	-0.5624279633857008	-0.21990887617244756	0.9972224048643971	-1.251659654499211	-0.0008674831037341034	0.0877482748468251	-0.26894996591882986	-1.3995057182806627	0.8944602830437464	0.5267677135439705	0.10038992163286474	-0.6997776909889244	-0.10996417895838004	0.06497227027466065	-0.039509109367782846	0.5959529854311056	0.1646458525121452	-0.06572058714045849	-0.05622757346090271	0.07777926295043693	-0.6040013585121353	-0.36615428327876104	0.12485148674238185	-0.7186635551281395	0.3091277086264027	0.37958188677724786	0.17507731685398853	0.2969306513571121	0.05046796639298937	0.10645241544278992	-0.37063055812142254	-0.7840950345510537	0.3031967219291263	-0.39610576907287026	0.4040119587306597	0.1554323179635361	-0.13237028428254594	-0.1575697890268264	0.4725231205601484	0.21629312067724626	-0.2434747516415741	-0.11960108207424874	-0.060614988239463714	-0.12977675833852118	0.10515435634471124	-0.11765765834366773	0.016163538298784513	-0.05729553199168104	-0.19141248764965663	-0.07856595180147477	-0.020097731213211824
DTXSID6048705	13.736831737417026	2.0701683815570178	-1.2889947543400389	3.0628289809497744	5.135733554976022	-2.0391327684104033	-1.627494309637209	3.7724396336989665	0.13517486213996158	-3.1585447220792604	1.501424933115968	-2.0360971300224238	2.232685678348502	-0.6989560948822816	1.8533776252033953	-3.255362862810844	3.3166510690452844	-1.3874658129926014	-0.3063226416968588	0.19289860654403754	-1.4308009154227992	1.0577399518451498	4.148593870483092	-2.6832846623496085	2.5724452256139774	7.160202484822882	-1.5273823818266006	-0.1757293528863073	-6.979851318198965	5.392610960338126	-0.7525180085105964	-3.9041372428735435	-0.08800558910857423	2.4505721564297076	-0.5054250653122438	-0.6254578387676468	0.29220161910787296	-15.73642068413303	2.3146391055199707	0.408312990356934	0.19798313270485407	1.3508402784788147	2.7807414810521047	2.4322640718416104	-11.867064665202552	31.04266789792462	7.82701594470868	-9.069589303434245	3.875273688359852	10.81571037507566	-33.05454647732888	5.023497546517292	-17.423610805382896	-6.753519568988602	-17.518555142399432	11.288028111144536	2.796816912442562	8.396745736467075	21.54466710567677	2.6837085612792317	0.6709365856267614	-4.870310771516217	-2.98758726223776	-2.204732648140378	3.22406251615272	-6.67508207865795	7.489488001862588	3.0383270223027963	0.31039067087870803	-2.4628910658612257	0.8334019378913893	4.2939622578682215	4.93050086976033	1.1784546710480792	2.5278038606257534	1.3494907287021443	-2.7088239570979846	-1.6822913875034995	-0.9686781130549563	0.5476447609443482	-0.2640585547074866	0.33903758119481503	-0.0692638696126982	-1.330040387202894	0.77302716514251	0.43648521103681154	2.839559114703008	1.6112648379816548	1.209317610012683	0.48028646110528966	-0.6745584750654648	-1.6935897042268935	-0.3236227430674486	-1.8902484012451326	-0.42441172061045856	0.7202701121812561	0.3501122184711331	-0.14035622242800205	-0.7635680063603363	0.7556809269910859
DTXSID9024980	-3.6065788131833556	0.2688280099705247	-1.0799202642364725	-0.43214427791012694	-0.16291086535364468	1.9402869893886754	-1.778214844832867	1.8471399282783012	-2.0824217744512152	-0.9286013901250492	2.8920893671009207	-0.7380077042654836	1.5273407289950007	-0.8995460029313337	0.6648317561332857	-2.224508259520998	1.3267371952034437	-0.10111481175683677	-0.23181278712674275	0.16182227083891984	1.2474665582699265	-0.4387681977960305	-0.3993934357995986	1.1967243976050812	-0.8713039002547025	-0.7337262015152884	-0.3052149425359471	-0.1493730735014117	0.23011538936770923	-0.2657782450282794	0.24526311956934632	0.33866833896296217	-0.009044873742100003	-1.4285071106405747	-0.495464937147732	1.407040272085902	-1.0046117608719805	0.5002345459335148	-0.6266447964051234	-0.26395498097459197	0.03460043809042808	-0.0231017748885846	1.1917339207620996	-0.6829087441328434	-0.20114917272386715	-0.12487447874694667	-0.8377775547269473	0.7398781005048195	-0.2504092110821789	-0.07705734841758935	0.14927038466188694	0.7425279254059491	0.08803194177838031	0.4412286372417095	-0.009740649279191157	0.38455537708334603	-0.08755898172999234	0.8812498034033827	0.6128677839072635	0.24322326458911334	1.229960818748615	0.9361543901521115	-0.6448088860896685	-0.4315084988430904	0.4324235342362366	0.4190968561319752	0.5213582768050083	-0.3107475873691066	0.4627316369725767	0.20613536630445492	-0.158642958835732	0.09362384124395885	-0.04090697223596433	0.23790482191854193	0.10630608131347752	0.05930621054448691	0.23075562452332343	0.3511470897049542	0.0042345824752150815	0.33853279889267174	0.09160288031970987	0.2971157614208408	0.3183655671722798	0.3041240614350953	-0.14646163709395674	0.09264658540121079	-0.2188337195496423	-0.29948425256420336	0.17847375221556022	-0.08366096413534986	0.3248781634673155	-0.201060438820479	-0.2323854124539172	-0.06640670461018518	0.1449965273865894	-0.3857426202908999	-0.1520113620281588	-0.18041636532070554	-0.08705952456234481	-0.14697526701614988
DTXSID2047353	17.276820305090908	4.66340383606848	1.1673230204780705	0.9030064829040092	-0.3541251402917927	-3.171279664140916	4.648730111481291	9.658768262401997	4.46492974015705	-1.9317927850564762	-1.6247541752306547	2.637651891985467	-1.2250463292233351	1.437474244028084	10.372916323586857	-1.3050326150259175	-6.875776020765701	-1.053608505745569	-1.2936422940385046	7.475648784311055	5.9119120666806895	-2.4964100447875173	5.2012182548966495	2.161497595400789	-1.6288582409923391	4.177020592729576	-4.270923422896522	0.1212714768287509	0.392907961003283	-0.9536119106128378	-0.05507966200759546	-0.6157832202979295	-0.7014879871531138	0.3166877074126479	0.15515372516134776	0.3267970873139379	1.4623131850108821	2.5103739184119314	-1.2098651257711273	2.323035320129661	-0.24810801966165436	-0.004918231930920074	-4.269197320572447	0.5339496414741424	2.804143378266347	-1.1359399962188372	-4.95613117791493	1.1093464892130862	-3.492629025844034	9.424374834089457	-1.3694327020014205	-0.4001164929442094	-0.8876052186510056	-4.808701643659139	-1.7453773053607307	0.39443656364553936	-5.636027119062352	-3.4775574317989872	-1.042520597913565	0.36926436276867614	-2.709504370970113	6.965484835232624	-7.739058656961596	1.041353750155629	-1.4275335617746812	3.591586789072652	1.7970416519810486	2.340655511257567	0.4501238941457326	-3.3062892433784863	4.971879605190512	0.7446367819973112	0.8250872274067911	-5.993658632576254	0.30737841265823174	-1.2425668845072013	-1.0734979390636241	-2.0900678997578184	-0.9901602971066664	-0.4311760744168256	4.124060324109321	1.799281707083394	-0.08824508051810746	0.2368539918996011	0.28771897893611187	1.8023859318134157	-2.596672574794411	-0.26757680401871275	-1.7779714911395708	1.5506821965532436	-1.7171583640366066	1.7666976909942096	0.24316105145057004	-1.2653346915492956	0.3187620454986654	0.38899606540480414	1.663698918404134	0.9411094106502395	-2.1054966357815093	-0.12038920476465745
DTXSID4057847	8.664270527242435	-0.18759423950307616	2.4804612250065396	-0.5672214890660557	2.9156295563183137	1.2210773897545337	-1.201026061438248	-2.2043007882668046	-2.0152147624124748	1.326229959359695	0.9137402503763817	-1.9992615857175742	-0.9871171857914224	-1.5776558337549476	3.0426806389020356	-0.9139173664644713	1.3891626751928876	0.8330834614720936	1.3885340817214704	-1.9708266250045525	0.35503721447420544	-0.7068248284303973	0.9828805140534581	-0.23767057763568733	0.9220407497671124	0.30691412352094966	-0.9236126108124216	-1.377198979423299	-0.010106225556549135	0.23477529405720124	0.4386370576084323	-0.6980332392140612	-0.14230919030028621	0.06998516172257147	1.5084661452727388	0.13563918652284007	0.40032641639617633	0.8448588769558493	0.3411661028135347	1.4697366699024978	-0.7862159924962973	0.012519163153534728	-0.4876268813907978	0.20198719368533263	-0.47224550271229676	0.05519387033157449	-0.15271615983712752	-0.9475703910978224	0.19723404501737443	0.18410705463722876	0.14358099834726615	-0.23159317993550418	0.33562535903124757	-0.48194484855723685	-0.13556090689314823	-0.17512667386817696	-0.12463339511424339	-0.5703515652804878	-0.08011875603049498	0.23952473878642966	-0.005378113461011375	0.18251440073467995	0.17916530320457255	-0.26759898382605135	0.8421441790937689	-0.9245070207270027	-0.8774859512154747	0.03663137020646061	-0.37347754707894293	-0.5490310793268044	0.7687845781238667	-0.8275857636465287	-0.6358334893656337	-0.3167450148036577	0.9933132446973041	-0.7545381022717248	1.4785249458271468	1.1106067279497507	0.8005727592882678	-0.44388018289396686	-0.645890103142679	-0.6629179264048402	-0.10907367878664824	-0.582613176984246	0.6706265377890267	-0.40029374661627193	0.5816183809999869	0.2626480151417646	0.17043163759317226	0.8648675164956146	-0.6601958867225398	0.07079272978260537	0.6217942414741195	-0.9042168825898053	-0.5549716173705623	0.8608357167050827	0.3414512739774009	0.10375849299609821	-0.30639936255733	0.7687065456418065
DTXSID0047618	-4.8753469077985265	-4.245183072029562	0.8662318669744755	1.06224714521332	0.6558656384369942	-0.015110334958216353	-0.6089646399964972	0.09067027731150118	0.3166475393736948	-2.399379642062545	-0.9030792595978858	0.033746414080630685	-1.2855301346003094	0.9895291391421739	-0.03259319569116643	-1.203546459205465	0.8225408437247692	-1.5402773534667393	1.4354618774285692	-0.12030988649753607	0.6224171357324697	0.47111833065376496	1.831652040411684	-0.7793755663807994	0.8306103877418257	-0.25925290300602116	-0.9655614136303556	0.5615811148041613	-0.06104793471724135	-0.6167421384431676	-0.8985264288749856	-0.027165574252683476	0.3457984513508832	-1.37759977766137	-0.41255137760943456	-0.9550382081826206	-0.544492253035897	0.525498365606846	0.12579446439320438	-0.16507547472538753	0.34572886988628165	0.06260699311256089	-0.6242232215059885	-0.3715484089952386	0.3609806129207446	0.7388223326304372	0.8050272476588448	-0.44229655698726367	-0.3410649138792681	-0.22518066013064525	0.06700765591766636	-0.1547878706116003	0.26419351957341086	0.04359071541229859	-0.19637515298765035	-0.6890992122145624	0.4399614271350052	-0.6050542733791034	-0.07401061342397337	0.7577540299496567	0.5135584383802464	-0.3885776186186376	-0.32052377611096255	-0.7341355775215652	-0.32848954606350306	1.223724974591498	-0.5799955553711461	-0.16294618374160627	-0.8296885994105232	0.5430603009735189	-0.5200459272402803	-0.07745695277119449	0.08573853103493859	-0.1209071342545598	1.1876766012058777	0.3784893499587554	-0.09991002678288485	0.2052050638392888	-0.09063413944148982	-0.3426953571496669	-0.08329765503756191	-0.2681765705797445	-0.18845275125603198	0.09558495612494054	0.1584905637543353	-0.2470551641233289	0.023762680610992015	0.35244833809613385	-0.1743688067297729	-0.06702580034943222	-0.08928063681136031	-0.15428126201706066	-0.09235283183646611	-0.6132877101791884	-0.018626326335952313	-0.3738012586261263	0.2599624818143408	-0.18822337871425113	-0.23362265702932725	0.1916468368713053
DTXSID4047042	-0.5055006988330152	-1.25794393786053	5.43834643036015	1.126965375398269	1.4752717649478695	0.5528849102722655	0.26030397559087104	-0.834679884869551	-0.37036449065719407	0.3487047377667111	-0.3581756518115449	-0.24575395305013553	-0.11997426177384701	0.1779255564877972	-0.04968759566187644	0.21976507074431553	0.8990514277023247	0.22022499596316103	-0.22973438722957168	-0.6193814879329466	-0.21854474427739656	-0.5048245913500685	1.7594723708326785	-0.08595865974268618	0.05190514503344696	-0.300816113021284	0.9092941428898841	-0.9274975858754544	0.050689581192390656	-0.25203644905257117	0.31430769461869357	1.5298917819638482	1.1642379307940736	0.5664846237564992	-1.6521538269327323	-0.5990684147782317	0.5146644665056556	-0.6669352253930552	-1.4670283199962753	-1.5472543246923103	0.5581323174996988	-0.2713268209078283	-0.4382886760591283	-0.3197862040832715	0.07712353360038453	-0.3403853107652574	-0.24280041654850407	-0.28334125771665775	-0.09120805546717826	-0.16575540248745574	-0.19493822188320817	-0.7052523094249802	-0.18890079386535805	0.07170200632579798	-0.020909909667077158	0.7229687819521682	0.22016573455438396	0.3142940109773697	-0.33686850470761764	0.4142848590781441	-0.7901871713924374	0.31720645623904586	0.6224455163336512	-0.14200673700632685	-1.2605727559956097	-0.40522768596091063	-0.1223193485023925	-0.512848150004141	0.2762428752007722	0.3651267029077455	-0.8669844290181664	-0.4178658903003779	1.1619669861812925	-0.3147444468180751	1.2368552572160585	-0.640940815985454	-0.46014018475786894	-0.21051996490820102	-0.28240500822015213	0.8304374150307224	0.6835109482148429	0.0766091019661315	-0.16000094532046472	-0.2680752686742443	-0.31821461528023015	0.05397583786706564	0.04128050334658466	0.12111650792045021	0.06147769254584257	-0.19357677019455258	0.13565192862137332	0.3840389007543754	-0.05387083378541906	-0.11045769940982034	-0.358024811200294	-0.2506646625464512	0.20814961576777374	0.49162783005140337	0.05487615435736156	-0.9615327065882574
DTXSID5022308	2.5008565292442198	5.431697588394008	-4.602326294494459	3.7297710486092397	-3.819570047355856	0.8344528396689678	-5.926034126716473	-7.893531975787551	-4.573624203044706	-3.1987798387719053	-10.795323834527373	-1.0839614143718923	12.05328709407786	-0.7970973912786407	0.7820077726863052	-1.643176522456216	-5.059693073246095	-1.1058942288487146	-0.8743350442126298	2.2890746722865196	0.11800383819930131	2.5396210811419024	0.32842858258674745	-1.6205472786925081	1.377553243543194	1.9710547509279996	0.528252629277875	1.3350183419181572	-0.7339979381418263	-0.8987917203599971	0.06203387307972789	-0.008940960298168151	-0.2205443044089011	0.7192691056275019	-0.41177282283518774	-1.8504453556840907	-1.4509289477180114	0.6508593568976493	0.4485031584301618	-0.18277180886741845	0.5595735978101145	1.289093120560523	0.0038856968261636407	0.8700532195089717	0.7052229955997695	0.27104739359367974	-0.057100493672871976	-0.6147904908159302	-0.060874127185128975	0.3899960910695052	0.4485632091548347	-0.6375168044267759	0.5501987676455881	0.9075735833409699	-0.3906257230949001	0.06803525997713532	1.3403504827232753	0.35523446532681874	0.020766932726249798	0.03716406577518198	0.2888200598964536	0.9863053181340677	-1.0252164379806836	0.6017500498531086	0.07553072196814806	-1.4367920838124344	-0.07888235596508016	-1.2901615995346973	0.8206154686317533	0.6756535722557755	-0.3677889956419243	-0.9186641172105361	0.4314421294123854	0.12243151946235276	0.05475654378732164	0.009606319781974716	-0.04542763797566657	-0.3251373591963812	0.30340655899308416	-0.8415067426223286	-0.67617122695594	0.07910598240543677	0.4144812374692	0.3023437498601867	-0.343846426642605	0.10614360944432152	-0.4016939286296419	-0.8946771910775115	-0.9172811053995336	-0.7878015974018461	0.5132955635931469	-0.44206163846341623	-0.07931381496779258	1.065083430893617	-0.8730566479337533	-0.1956430495066556	0.8569841848420762	0.963026655132537	-0.0191594450618326	-0.18748592108911777
DTXSID2022967	1.8822003492210555	-4.076262352090618	-4.824744458064745	2.588388368261805	1.129320215523858	-0.5832711964436049	3.542098436682053	-1.5601013969919106	-0.043823733700926334	-2.3589417066503553	0.8559358815963878	0.10877485225111957	1.0032298444401004	-1.1743106612846068	-2.1343628182497416	1.6902315088768585	-1.134702463871559	1.1846907742119894	2.054744577806671	-1.7740266038086077	2.5695776480437695	0.566140624569533	0.01097490292784985	0.32641953001488416	-0.8180142733964212	0.8822658923783513	-0.24130686462150586	-1.2826067184043433	-0.5129991928101036	0.057888224988926186	0.12271189864441837	-0.39598880426638217	0.019481843651185812	0.18246305413152544	-0.17930974976728586	0.44469352739067314	0.16398793316544705	-0.46602395964972054	-0.7799701506176494	0.37008869819816026	1.0663136996235971	0.13358339031105504	0.16987207109312782	0.05298994425454361	-0.014878707852351031	-0.5582422070310182	-0.528639754249836	-0.011340903089461639	-0.2835907611822457	-0.16239946618483186	-0.18152245587012794	-0.6203848919721829	-0.2630003398839179	-0.2709945563060127	-0.3267645152461114	0.00991715572024627	0.8107539452803665	0.1557102328992795	-0.08168605721396659	0.14526441501216977	-0.1399542157732925	0.30660738865357356	-0.0697255720547225	0.015319485139362994	0.006992164687653093	0.045183790357466086	-0.4784784926191704	1.0670398122075546	0.3135162510346168	-0.40001836968454985	0.03533096876420599	0.4212116864546183	-0.1290460740298492	0.9773810374482952	-0.15436591649433468	-0.20507532231452563	0.023478778696445563	0.8576612295245307	0.22172899560190296	0.4515326540124857	0.34581295879813667	-0.17617594983369922	-0.34251025639764565	-0.4004096696642354	0.3973460047358114	0.017212391744061323	-0.3953519762001009	0.6186922610787101	0.20794969960974619	0.3511892368896898	-0.3110897847817506	0.04616322460789748	-1.0097925751682482	-0.1469680058079762	0.04939997237492249	0.3141776117435696	-0.29395427638618976	0.22522562454232875	-0.30847167606838166	-0.13719694834326038
DTXSID5037527	1.6552578532779036	1.016887057878252	-0.7710508805298478	0.13485441484554037	0.7064301801621096	-1.5463756188254902	-1.3714949507783574	0.993924610142455	-0.03008073283179821	-0.6346516660732026	-2.4811386351640268	0.13642732595783882	0.8553152805373627	3.5987724148908926	0.43136748645801476	0.21852118208462468	0.5845462509779966	1.3251154307461164	1.045145455086463	-0.22607314264506562	0.8622396635627642	-1.0941165320936608	-1.0049171706763111	1.2214063185942292	0.3320940484961298	-0.841297952195136	0.9228156150612736	-0.5582222993845667	0.3189281199083278	0.7714245774462171	0.7605819701426783	-0.8496020843357558	0.7816448276684508	0.404266531528515	-0.16994104851233752	0.8280779683930612	0.9136786172128679	-0.11576144420748226	-0.32238958732230016	-0.4879211283147527	0.2448885305997571	-0.5363705609395815	-0.26270302847107224	-0.6195182260261468	-0.19744420529144216	0.4259983116386678	0.14150134999331415	0.40484405328153106	0.2621932998724343	0.15924899741453663	-0.08226249943631808	-0.02450235692185127	-0.028272920173114367	-0.04287294890950408	0.6340139156445647	0.4870538958602142	-0.22852557476926977	-0.19865239094085896	0.10467337700151164	0.6590459912316116	-0.6695199475010044	-0.26843397311367184	0.8742426213455571	-0.22993365143219385	-0.6498359522661908	-0.5373029365854071	-0.34407688734617553	0.30092650036711543	-0.7783765682850212	1.4549434877451264	0.8143735636544319	-0.5754592219915327	-0.3905003729703305	0.05763572785990053	0.5610503210551607	1.2376708130078384	-0.7545964669803363	1.8586269614683133	-0.2013403841142151	-0.4439363272664056	1.2050485446127566	-0.6317579990840965	-0.34512642813323796	0.23997048114136849	0.1997379287190366	0.9001389812511021	1.1380886570609874	0.10922072944223955	-0.13952079929578115	-0.5043587357033703	0.7674541799617358	-1.488191575159794	-0.1685392869290753	0.596331562782417	-0.16324805899368167	0.8187176711092925	-0.97423067042047	-0.280740219721664	0.45711444330888207	-0.5875905361008885
DTXSID6024460	-1.5882652560566832	4.4638551355021026	-1.8039077029177968	1.3245077184124265	-1.5807545662191587	0.01110470004228448	-1.2063759042699636	-1.902496239098759	1.6770622721998878	3.0198930205590258	0.6997709718852323	-0.6979078366211285	-1.4480360853664067	1.5841052859248757	0.0585406329357015	-0.10239638030544995	0.0033071149502045477	-0.9794884424442856	0.15287598926376517	0.030569572506873914	-1.4742338521196996	0.348929429983449	-0.5687146814679338	-0.8643631567335145	-1.2084819791724901	1.001343607173863	-0.9274707175391169	-0.29175183966317236	0.2699534433640035	-0.43030799333619096	0.26638159342075596	2.5156375388849153	-1.223178677173712	-0.8947869195503844	-1.149585624870153	2.1803594022122006	0.5676800971107328	-1.6550869928725618	-0.775576256356809	1.3229877134955434	0.08849858811455336	-0.6287317079143947	-0.7315927568863022	-0.9486751433385561	-0.705190978093806	-0.8585654145215954	0.28733500048715077	-0.07093873030674233	0.5573305416024072	-0.49638970676577077	-0.44083068294590416	-0.32859253681661543	-1.2073892898033405	-0.7978372314860094	0.4030198676429775	-1.741539789973103	-1.1443715692500092	-0.9174889862307176	0.19831079343557817	-0.1715373053233516	1.038299428150995	-1.425968819929201	-0.4031293070449747	0.37491042732019314	-1.0018320262817597	2.9029961780046314	-0.4416276320234835	-0.5203211324078845	-0.13994668742507788	-1.1964306143259613	0.5830578229683373	1.6490454059464792	0.8752077918387092	1.5948548634632254	-0.575286158686425	-0.24822908247868475	-0.18990605687404033	0.445503457662265	-1.1813003791835597	0.6029473746549807	0.12186749786843087	-0.7614859557356821	-0.020761711598802152	0.22571403109793342	-0.7886987708760554	0.6412674649349897	0.3275182142820534	-0.010525955271420398	0.6439713080448962	-0.6199143499817834	-0.03845582324567	-0.16733248717711358	0.37442405398121875	-0.8420804826479362	-0.545648681832753	0.03833002506080446	-0.4529712346056831	-0.39128855989996597	0.1005679506684048	0.2514446015618434
DTXSID9025534	-3.1831777750208756	-1.4065607427665077	2.788529699418952	1.8931747788797015	-0.27519423505808854	0.34983681117709825	2.0822424917320346	-1.7216057587072728	0.06339530257918677	-0.7757215043732709	-0.34033051568817524	-0.11827048515669784	-0.24194845183860023	-0.3900902161141933	0.47824827216675	-1.4616716836146852	1.5384247620704985	-0.2281914376628819	0.21029110765753406	-0.4360449705058418	-0.689712500917355	-0.9568699662418884	1.7843879642294302	0.3016404169291342	0.47937796877583844	-1.011136544567706	-0.3259462480975665	0.8143870081293542	0.35992356294375677	-0.5126886179454705	0.6219198655871304	0.5759643664603711	-1.0099089924997091	3.162230449818393	-0.005034571493236911	2.2529496605130017	0.5532245366689212	0.40490508667356684	2.898446118391335	0.1775904299258401	-0.07725007480349061	1.7927428945266313	2.7033730622188137	-0.6121954477695111	1.7221691886106438	0.5893353595371683	0.38739494071905506	-0.3538380739417549	-0.9133626747199927	-1.1152802694286583	-0.2613424887516604	-1.4142673986636018	1.3584752792915629	0.08323592892411542	-0.20980609283916812	1.2483501165968158	0.7305777126200929	-1.418293047739282	0.09766088284359462	-1.0309394914737213	1.6390398456632957	-0.5748371847343171	-2.4846253874595177	-1.1607364589143438	-3.002913056874694	-1.8503049041956925	-1.4431975060259776	0.14311283035404646	-0.4358037387848309	-0.3827019231603703	0.1435707304104787	0.7402996617538292	0.7236450317227395	-0.28007027194619394	-0.08846290232936219	0.4601824389925072	-0.23216200848481836	0.0298790536453298	-0.08202785276726839	0.24942870783648236	0.024407992770970804	-0.2084616669257067	0.8868244782033148	0.10299443424092007	-0.13318156597264882	-0.07464384210882948	0.06318058351120831	-0.2528064270880621	0.43409597476952305	0.10229878472233923	0.009515069929199487	-0.1819229913989145	-0.32429054144248026	-0.14743208698544885	-0.19353799259648136	-0.45452802751244603	-0.12952214261401612	-0.19182096044931662	0.02407107954601813	0.19391005241057943
DTXSID8040222	9.263442124203285	1.2284729476192304	-9.521383731347377	-3.108755922322451	5.346545657817389	-0.4257467638079822	5.075090123717556	-0.6467667924950977	0.7178547395246475	-2.5684176660409874	-4.718200186103351	-2.3970159525822083	0.5330935831373675	2.767639428640627	1.3885074667790418	-0.32978286482170194	-0.10934582437885898	-0.023022963541339085	-0.2009985199112107	1.0797322445614108	-2.493181580421458	-1.775354580998674	-3.755463530615998	1.5653117816745878	-0.0687712600371624	-2.5931735395930824	3.584285688391937	0.97581275870871	0.7912590686574847	1.5482932665952784	0.6712861470883972	-3.0822137097965188	2.2625351043941966	1.2007695498244504	0.6786790948745921	-1.8705628169396757	0.3579815198526253	-2.3578039957296406	0.6861060549670375	-1.1816184781780792	0.7922273016189434	1.45272683868312	0.19804592229246457	0.8901622381458492	-0.7591856916940951	-0.0411364447788297	-1.2623534557411098	0.475358968460856	0.46187332082863997	0.050619192035152236	0.9807674339835826	0.2322602375425887	0.3046511094398729	1.1689289972193735	1.7055185268808515	-1.5167820118595978	1.4316397130429193	-0.33818634635386147	3.07902070816246	-0.28347764953972693	-2.392708897192289	-0.8402534316585792	-1.001996357497424	-3.284781812283135	-0.8508306567462227	1.4379626491253783	-0.2077793012116652	0.5556332034834395	3.0456899466314913	1.8075226259714905	0.6401495654543827	-1.4616597185619444	0.32705201640419573	0.9632571484003081	-0.37339652028172204	-0.33362140341154317	-0.9162473484136058	-0.38382528509404507	-0.7767709848538582	-1.1324987388033008	3.471807630476413	0.7022124089832008	-0.7214646556371569	0.900726801882927	-0.5202790553009544	1.1874054008075878	0.635839839107399	2.064863425234978	1.05735402982036	-1.377628348746503	-1.6784584858660938	-0.9238867269076702	1.3114953163064247	-1.6863685475782428	-0.37949300360100485	0.3414466375043499	-0.5562049685827256	-0.7238165920266634	-1.1071631246750537	0.32203035737814956
DTXSID0027432	-5.948240743445554	-2.5555250632506668	0.12783129148192704	0.4624160276589634	-0.6942235047447206	-0.43887284780320934	0.9246488962998123	-0.3951803613854028	-0.5333108569350169	0.1877743162491089	-0.19936143863481173	1.5773128424286653	1.167657089006066	1.717618593006224	2.2677316431722967	3.9237969372202826	2.4054562878456123	-1.8235273181338365	0.5668400748957527	1.4249555776713334	-1.283927532832414	-1.3156396900310625	-1.1974576814580573	-0.5009183079202882	-0.32002931983251454	0.7680470051600251	-0.8886351653697814	-0.13486294002695065	-1.1101744786319852	0.5221830719912149	0.9184689744730365	0.061256274809845704	0.12838109516193605	-0.6965332577562321	0.02890485494428445	-1.0556017276929406	-0.755394015959198	0.6369002747359603	0.03198503640515346	0.6456369901555532	0.5385088199851786	-0.1617876109989553	-0.958161226436199	0.1678867990419491	0.6470434306485582	-1.2239402170517861	-0.26006480262172504	0.10914467967806198	0.1560730012071645	-0.4129384031166082	0.20287584539451795	-0.2731339875187374	-0.23212880623552218	-0.05952689809536995	-0.47270966712292456	-0.11872390821596739	0.3375293136461446	0.4944378395037775	1.4055705638620672	0.09456582538795416	0.625784923501982	-0.9664184936872542	-1.595189791053635	0.7350704697220452	-0.04808413238258094	-0.6167155750257491	0.32838353844355445	0.3345353146718468	-0.4477590605022092	0.7983010471896842	-0.6881955328851463	-0.3991845065624151	-0.7402413766552945	-0.8506262258867093	-0.5148438319365541	0.41105706129515746	0.037600286623991716	0.01307254389968409	0.015354075570328219	0.0826541023311489	0.08378597869559642	0.049720287341736745	0.09743473256400423	-0.5237058227530329	-0.17579265954536633	-0.4379597516530944	0.08881967186161506	-0.5883479827970762	0.10612880391757742	-0.4884067137366904	-0.4903976020271786	0.21159792735878963	-0.05338340596800183	-0.32417386249403096	0.6272053617462947	-0.13673282634401945	0.01569964238056842	-0.08317098352081582	0.14879198766052834	-0.19810354535274755
DTXSID1030606	-1.6616831699466168	-3.1666234040748096	-3.296309356829102	-1.7742496370942593	2.8634525631663768	0.5926546691317723	-1.0303012288178532	-1.2305023776544783	-0.7290606580118245	-0.5076205358362723	-2.765069404281616	-2.060938914684082	-3.6861499004248297	-2.8910048094293734	1.6301701363808727	-0.45092270877572216	0.6379423567380409	-1.248293391005115	0.7943394395397042	-0.7440150115326891	-0.04096184014336892	-0.789034934792869	1.7487638339289537	-0.20476980092131944	-0.49775011447580797	-0.6045450841216266	0.5892798906877822	-0.14840080706978273	0.26783912104581287	0.6815120309794772	1.4980686730756305	-0.5674982061091965	1.103929901949447	-0.6482737658928766	0.45536438004141827	-0.4631942911826269	-0.4739244969745323	-0.2007801726007216	0.14295082390297595	0.5357826011281027	-0.14460176126991994	-0.5746882912378265	-0.022665542698274622	0.07664144055885531	0.2171853772010583	0.005509885454347477	-0.322635315454581	-0.3366745170775441	0.3395671886851751	0.4246891020789292	0.24814421226804	-0.2785877276242648	0.4318197121251301	0.24191162988581041	0.3957938111439467	0.28247798262060564	0.38191847508302607	0.04009204098312768	0.39484787794064663	0.6819655287107073	-0.1196353675834123	0.045348558188660876	-0.37345032643914666	0.6544246142156244	0.2952841064612304	-0.863662161297842	0.09035748188240299	-0.38077419934282025	0.4141555929797064	-0.11259724816295806	0.5928201947185049	-0.90181032633094	-0.2506640215030315	-0.6985534366724988	0.5852094078801847	-0.7449359420965989	0.7045043230089192	1.267941152925786	0.5883632986360969	0.11405484031832665	-0.703794299954568	-0.15941287678395424	0.254348341623633	-0.34646011717280506	-0.1186992276988914	-0.4202030001403535	0.28348456010842993	-0.5430833701270199	-0.2560150062994505	0.3128531207375814	-0.3758500100413752	0.7295592815280931	-0.025908011538029015	0.10291527865147525	-0.7924489428048591	0.8983551714342618	-0.4594412937877738	0.28804097792945405	-0.26116664239251086	-0.31653773270587704
DTXSID5032361	-4.2349235537757295	-1.7898995134461289	-1.8843950170016261	0.45444213484800833	1.8094847254557804	1.877684809015636	0.12317397797373322	2.012771206070519	-0.04307732794903188	2.318735294799024	-1.1325465190296242	0.6732106551669138	1.813282701300969	0.42893339447364687	0.10449337909918797	1.476786788883952	3.444996272073218	-2.6372356670089867	0.6189350260449582	1.211356934047183	-1.5358422642378387	-1.4278299559425447	0.2742171817430806	0.29067674831034834	-1.5054162836571925	0.2588766216061164	-2.0585854017869285	-0.9937722819988883	-2.231144443596367	0.48235112158076626	0.7153471161917262	0.31362783885419476	-0.6933300165221383	2.566330146160024	1.0417137820812044	-2.587652657380746	-2.574526252748365	-0.3905163850029181	1.428207548798331	-0.8027024564707271	2.489596856829853	-1.3563267493521196	-2.5142107798111772	0.43477343616202524	-0.4432175916561092	-1.6796710698160064	-1.6359658450823265	0.8288510289978952	0.6569442937777773	0.517655671867945	0.785307845364317	0.4299496768547295	0.05059755398699275	0.6900469316144608	0.29237341244296267	0.8434769487526051	0.8776910370356397	1.5341979960803216	2.569446324655331	-0.40325082366244835	-0.145688180865499	1.1651030814832226	-0.7229800987074926	0.09027081196169298	-1.1391195808359642	0.16565987659071504	-0.7499021451599529	0.5479829573453591	-1.1689648428620205	0.5362129185485224	-1.5149629151605577	1.3222653999679836	-1.5049540685541973	-1.3537450556895665	-1.2943040807308703	0.14457391244657125	0.8279578044627243	0.9760824056604864	-0.4328585474366869	1.250521948686899	-1.4075186842790677	-1.0922391144569237	-0.8701820917236025	-1.2853572042412393	0.65478838119591	-0.025516083892568004	0.9465279964312554	-0.8420497304570542	-0.24750415536435844	0.7080137185764509	0.46976189003273866	0.14427304528785656	0.2993179545703235	-0.08879432980384554	0.6136187296610797	0.9327491821545685	0.6564255274391786	0.5430548024367284	-0.11460368900825176	0.06706800634113172
DTXSID4044379	-5.757486257768293	-2.055243703664839	-0.0780864079919791	-2.638109829042861	-1.8777782143602957	2.570617195797007	-1.2818421374161506	2.327498349186979	-0.7393649930504765	-0.05570068619360394	0.31084391635181974	-0.6737698440101916	-0.6809927495336551	-1.2211723365034985	0.10318009710305344	0.7649084692172199	-1.6048662274108285	-0.5630079597100772	0.3518146034199988	-0.3241854574772431	-0.7519553228458216	-0.015485899564697318	-1.159063775326983	-0.6449205619254608	0.20491957420275184	-1.2868182460880864	-0.4756462756272835	-0.5549177201175816	-0.3034453863950869	0.9997005596654475	-0.34829034520754976	-1.4668397692793291	0.4681311810003072	1.0942850022154695	-0.1546789183254824	-0.3054731887005286	-1.246111333393136	-0.6547068353525854	0.0111041923875228	0.1888164864150823	-0.5471891157414489	0.1997227940887894	-0.23147847911828842	-0.0827770844190054	0.4505690307362116	-0.2319192163403312	0.09464367181705627	0.19664911956065959	-0.41158520561106554	-0.27627591494400705	-0.10573602608166813	-0.5763234685029408	0.23423110029914546	-0.2810377940061854	0.4178823969672062	-0.5224340579599084	-0.1795208744386755	0.5991153014889073	0.2131068932364966	-0.25926708932340425	0.6839598292485958	0.046406919182410286	-1.1059957764693096	0.8402779913109282	0.8064177156374277	-0.2646069786193236	-0.19121044355625785	-0.0693975123935487	-0.4611051277103781	-1.2036127463879758	-0.7387563816061269	0.2537379598426008	0.23501840380308223	0.20046841575060598	-0.6171847804864269	0.04460740872000234	-1.5253391916945116	-0.22103910713042713	-1.484659513680473	0.040247179181838025	-0.47095710583163725	-1.3650231217126707	-2.4465803593948277	-1.5282352868255453	-1.0107254889407484	0.38825432268043003	-0.9929410026348724	-1.3365394256147707	1.483156341929155	-1.2415927661940798	0.8818059714989687	0.5253155718987188	-1.2133481438873388	0.6570690828736833	-1.6486718494804469	0.7066757504784833	0.11106679912570634	-0.3686570676899859	-1.2588346625050337	-1.2773279502704813
DTXSID1027633	41.57982994888167	14.97326676098962	6.39628129337545	-4.86067908979113	-2.6953607704247853	-8.330863475316137	-10.305170263635233	-7.837086697850889	-5.161992958523913	-4.422694513084599	-15.221562872694651	0.20496657370242138	14.609247233650574	3.3187226969027575	0.03703116134373355	-0.7354076706931358	-4.700840499721233	0.45383646212793205	-2.2744240848236443	-4.244359079364612	-0.985602626679504	1.202612912913901	7.067489988976394	-5.91375161578855	7.872829723088655	1.0922812358676195	-6.4127331928645495	-6.3360292387439845	-3.463381785527416	-1.0508326229572345	-10.540148140541906	-0.0023566130404011304	-1.625025889498333	3.734680159804105	3.085559045661561	-1.2046973254918938	-0.650451338284641	1.1433951768953776	-3.558136689991096	0.42426130772720494	-1.3798747411210726	-1.1294562619396407	1.2582691493529952	-1.7436276798256416	-0.503580441190942	-3.0669171197597445	-2.3501616459609855	-2.3605278680714084	-0.8147951408037325	0.24420703683725548	0.47329276381971397	-2.1684196960829447	3.148960523371619	-2.3009094048902963	-0.7454278572106231	1.1735802400127098	0.4450434483960222	0.5339990250169201	3.9574124895616385	-1.5053492858846067	1.9871493268943792	3.2559642753485996	-0.9815638167227978	2.29997673159759	2.949989569161674	-1.1554449094632477	0.04710600813499834	-0.37526126891088174	3.7058335563105844	1.7694261201500887	-0.004482782529920962	-2.0065340300932086	4.46182425788704	2.2531606786536247	-1.7509714514450703	-1.581763464234111	-0.27064340873148335	-0.7858528214573816	2.0558861606709926	-3.2450156689533194	-0.2998458652953534	-1.6335835961901641	2.104782836314971	-1.8117326041700452	1.5976647650213756	-0.5535293210952562	-1.790957514019505	-4.582442398292862	-0.4805141222438453	0.19098012942794096	-1.926770265827544	-0.735002918562216	3.066820313070084	0.13738245510695246	-2.203651332048712	-2.708537162821371	3.32482835981175	-0.7742118048171036	-1.6995916754568687	2.1677491244041573
DTXSID3023556	1.9627311635613274	1.0856419064266227	6.030019819054552	-0.10346458618000592	-0.9597565088299559	-1.3034307838092223	0.6970719159168102	-1.385082117652342	0.6527918012991379	1.4803544944135594	0.9618253389377208	-0.2936400672329417	1.0366338489886495	-0.5419478498597035	-0.805030334216752	-0.1370964123255829	1.0379555929691666	0.3553998318982355	-0.969978269630724	-1.2344975902981425	-0.5405185028179298	-1.100123063524258	2.2772625793512518	0.8176591109665511	-1.1551823008312114	-1.0454716315457004	0.9120936352174909	-0.4241620318767331	-0.09979213079653335	0.2502792189687725	0.1412409151356392	1.1842067164893264	1.9309698315218782	0.06133360974939736	-3.18818983624741	-0.9139331661148334	0.5674137156306609	-2.5179137413209234	-1.387566411112896	-1.532010372479521	0.9164534865531011	-0.5103819720939206	0.5716968556411117	0.990015672047273	0.7039711146728299	-1.6476163969934077	-0.9413378868965524	-1.1836676523433938	-0.07460587714384412	0.17951063152857802	-0.14020489669396277	-1.6624527492486265	0.37085855021077335	0.13091323232649713	-0.005088611729917607	1.3199669303537358	0.5456597305232691	-0.37808773778612426	0.5538703578287723	1.114816039829724	-1.2838849795217702	0.969061595628507	-0.2547652305280815	2.3723690741776107	-2.144924972130944	-0.2542112055530711	1.9504154997605954	-1.6916891409529988	0.9034478444112984	-1.0636511383152925	-0.9606043977706904	-0.9467014537702307	-0.17904016551786964	1.1861675551081592	2.8209383322110777	-0.9437549785084777	0.7914157304354923	0.8054587275952078	0.39628962901239945	0.4260926414719132	0.6323991226170118	1.204001481460136	-0.46457034302487066	0.4500452488159163	-0.014800659856068567	0.3224924512272359	-0.41008901848694057	-0.3097625850278366	0.5788501817008721	-0.5015852435966449	1.1683899920170604	0.4849041302063244	0.38575646630334465	0.46459944102305467	-0.342360467480847	0.2597631680402213	0.015075560063068023	0.20661415275016545	-0.16756881542732474	-0.25281338351742255
DTXSID5025863	-4.372326739069306	0.7605259799914516	-1.1681842911248723	1.8742305599780593	-1.72557887481107	-0.6556057379814304	-1.021842532261157	-0.8357392248292163	0.580334105769034	1.8056109200479802	-0.5653782736871253	-0.6575643797238994	-0.576766145899631	2.719482064381303	-0.2009155975007248	-1.095805803021488	0.5057782156821521	0.7795397968569653	1.3758743170292504	0.13208294427074432	-0.14186647558421062	0.012929886034828177	0.44224035962673586	0.9929511009368779	-0.44104333501514664	0.1835265215511145	0.8270170580127387	-0.19115129386605068	-0.2851566125008701	1.1638724905117162	-0.3186419129006015	-1.4247891035726168	-0.3871692665617647	-0.28810118698405024	0.39526050928964596	0.5864292944852981	0.2827564530406085	0.009276254229493464	0.022936729951065563	-0.1375669582635193	-0.730153640091622	0.052323555854437716	0.43706917502111897	-0.32521628389349644	0.8649376353414202	-1.092810045631493	0.3216219478917341	-0.34462602056513425	-0.18382586071092002	0.1712357591387579	0.10212476203794897	-0.12485994775254884	0.6415885092972711	-0.3367248707009606	-1.033807071572886	0.8280172830874288	-0.04630311505380819	-0.5396767930810636	0.8944759448832529	1.1217777022385076	-0.49969411103362554	-0.758425130482703	1.1879021197017525	-0.5374493250435879	0.3758598788476841	0.7816454765536525	0.18808527669214742	-0.960858211476786	-0.2592925397284651	0.8009256354153594	-0.300449025427533	0.47979089114357415	-0.13356914798436545	-1.2436564999056472	-0.1282257928649584	-0.2703758294804352	-0.5925389733441774	0.8577988141339725	-0.01189226687850934	-0.30936357804133124	-0.17876494542885324	-0.0606419957310672	-0.15471000833206194	0.7149055977712719	0.07535112996192125	-0.25643987972325505	-0.8574721817420056	-0.2817492027335929	0.4304083092624026	-0.0627087067008959	-0.3527594679082314	0.6177642251000887	-0.08071516173411582	0.15541386014009018	0.2816026250285235	-0.1913180016331198	-0.016510842607079884	-0.31469615948392865	-0.03967363475857613	0.12369632723030607
DTXSID7047439	-2.6806976851992554	0.7425795448084967	2.3771029094955667	-0.10090399576498246	-1.4540889997432742	-0.8137517824956875	-0.3798290605197411	-0.6618035227132675	1.139414803544586	-0.31465111289151715	0.2409340823827946	0.001297617903278518	-0.4915518711610959	0.06548760174109967	0.5184991085997154	0.217026671660463	0.6632026983343338	0.4840490685358033	-0.03007799421953817	-1.056763737668142	0.002619817710408916	-0.3987997515127421	0.47781925266623815	0.14287638474291242	0.25449863493423636	0.17660038458352564	0.07839298117723718	-0.30567564945468795	-0.027166892215396466	-0.335197883261117	-0.3937603570291302	0.27272281293266903	-0.20414552226932636	0.02443334208586442	-0.12285155486152957	-0.1092740913138348	0.12593037836617751	0.24353511099838235	0.07896198676726926	0.2692953007960886	-0.09388061160010697	0.021006493937778953	0.010661567203889076	-0.06731044443726475	-0.5481285785098111	-0.13947588184441195	-0.2545309818209116	-0.1621723736426687	0.04864600322844486	0.24524952515645587	0.10401660358726636	0.11756853338423981	0.26142674626963014	-0.1817247274099944	0.04465789617194752	-0.29603433275713426	0.4190089871482032	-0.0862495978706296	0.15721572865005695	-0.03552990291457845	0.28219788396588646	0.2656739390173798	-0.07352647229479259	-0.07562828872282658	0.08148402978469443	0.014915344878058	0.44512149507152265	-0.2199897584587724	0.2803974521610001	0.11004299630524145	0.10142973130529667	-0.1396900568534263	0.25516379535477085	0.08436661570668733	-0.6023807067449514	0.3598794242081072	0.5700673969028596	0.19858127081444485	-0.006948137139736021	-0.0280488407728014	-0.2380017844081486	-0.681922609873132	0.13856879024614374	0.17594068565079132	-0.10265622554050932	0.036804153961377845	-0.3410623061994824	0.6586021193328281	0.09641082242367596	-0.3568666076059564	-0.7770893619664373	-0.5382960246633514	0.43981989476905375	0.4064331870695586	-0.6032897436263405	-0.14022429938598074	-0.18200316810061776	-0.22438267717086255	-0.038317323019106	-0.2896748978224922
DTXSID5057626	7.370367117918699	1.2806181591062251	3.1931547454588856	-0.08673685530755085	-0.8020710969771847	-2.0719087841525443	1.9994441120076007	2.028331939037375	3.078427122148754	-1.2432758357941351	-0.5349298652901026	0.16632706149631651	-0.43363253128535917	-0.6007057233821392	2.715800245821321	-1.4228914078658355	-0.980099158389258	-1.7037316707513968	0.3642558785017914	2.018198936059459	1.0100293092512584	-0.10645782722623616	2.280640203244013	0.20395582503636403	-0.19958536926162315	-0.07839942571176796	-1.4995410455764444	0.6287045741805368	-1.22622241615211	-0.7132095223967778	-1.6863988735519444	-0.48149285721765056	0.0509561563919457	-1.0146411012658632	-0.028325797628738207	0.38130342995260275	-0.07731468547220435	-0.5666519789584936	-0.4321056624601174	-0.7588201838346322	1.0411225028130264	-0.742008115257017	-1.0288706809896708	-0.9538265325363287	0.7264671607023693	0.3949977712218359	0.46925428090361665	-0.30987614416166437	-0.07927319131666737	-0.3914980305110038	-0.08735274189320244	0.1453947850172982	0.31421354925639744	-0.15535604773599007	0.26238421281905777	-0.8862075409979235	0.026179664973647723	-0.1578454073866589	0.47109155454192597	0.6038100539504269	0.2120006420033689	0.06215221482991531	-1.3709058717419091	-0.10651136406786575	-0.5942750297849099	1.483760335232824	-0.2035034366499858	0.7239608715874049	-0.45859787692046494	-0.34321370625454944	-0.15086276782966562	-0.8642710972722295	-0.2654423200478284	-0.06098338508396393	1.1542730941829755	1.083675346201625	0.6248848952875679	1.197025792414379	3.2289651101498644	-0.48099328209878967	-0.16855416125596084	0.24004752676122715	-0.6157309019547955	0.23388708580417744	-0.9038173369287535	3.4870532838796806	-1.4583383493088298	1.395952341314439	-1.3664468726570125	0.2457852898834745	-2.5664903335751434	0.4949158775886873	-0.19966310214031716	0.17893060578569314	0.7624122376760921	0.19333858449731736	0.9234016310519946	-0.23267591828310555	0.5940478843362118	-0.6518060147605508
DTXSID4059833	1.266213277220799	-2.842249634612873	-5.247557539964685	-8.588113425317495	4.4075363604115845	6.177651589522603	-2.4147978766868317	-3.089793745421773	3.0651750816481136	-0.8458659245470602	8.300335506000977	-3.2568926112918968	5.177089910603259	3.64301809477197	2.4968590887754116	-0.29883721063448104	-0.9565637073035893	0.5125774509321801	2.1132642307972684	0.00811054571324809	-1.6471316389623862	1.7366154430754894	-0.4235529809846864	-0.6128397812993723	0.8536871690150198	0.45442531592496066	-0.42392012502085963	-0.6179410619386406	-0.021203003884951017	0.2996077285121235	-0.5125627265321553	-0.14348134162978798	-0.33277394069450383	0.8975085526008837	-0.1000768967931715	-0.38027324581604144	0.401573932790228	-0.02891995593858758	0.9247961000867684	0.5336266691278377	-0.008782273278927801	-0.13576963745224252	-1.2600815053465217	0.2590698783908777	0.12116956701916907	0.5918218584082987	0.15167798878878916	-0.5309275861720001	-0.10419392682175109	0.1365093321502036	-0.058231172824779714	-0.13738269601472405	-0.09035204442613806	-0.15735638631796112	0.6759862397804847	-0.2303688814950381	0.3771739964463039	-0.3877769337349963	-0.9747941889733196	0.625928594868128	-0.7598976427408095	-0.10609950642714994	-0.16769445962601132	0.522713492629829	-0.02597982917772049	-0.5742248824107403	-0.652425805124285	-0.2608946817672782	0.0036165167359580625	-1.0911010095864426	0.20582542193929063	-0.06332411924453474	0.12855571619091802	0.3682644387554396	0.001865420938858222	0.1133846568687419	0.7309595958519874	-0.19229513567899992	0.1998067717462296	-0.5341971207278012	-0.12910794654598778	0.5853174586780105	-0.2580652001545423	0.7604706952450838	-0.0926176132144367	0.11399565353084883	-0.13197334885778608	-0.8614689550010193	0.5454226745846742	-0.09666457895588507	0.042476171681583665	0.6920415451662223	-0.3803919936400754	0.5590039376244109	0.3779310243123272	1.315439014486215	-0.5306224502979252	0.1440996860037297	0.4998736209943966	0.2895776827766005
DTXSID00379884	2.3892798759149874	-3.057767153193771	-3.8824908293118785	-8.401362540377223	0.7594317666224121	9.007481647122775	1.0677416155551807	-3.2174812724528836	7.758955773081687	-2.3778427311391206	2.172608140532391	-0.19503486910845516	1.6360535412460075	4.808513914767475	1.345171478393197	0.9765453558582086	-1.0051285021253125	-0.25945849989859515	3.467195223732844	-0.3954608200150247	-1.3655147713549032	1.4034518488120082	0.15619195221302778	-0.3077857892385393	1.118812250310823	1.0053474368724031	1.8376256352557836	-0.20979961212070972	0.9869674680485581	-0.6202879489961474	0.9289114455231195	0.6183508569131176	-1.3353476152345591	1.0120043739222464	-0.4719794324107079	0.007005886406074997	-0.16441189469648862	1.054073310399196	-0.8971105601691295	-1.2100559655937257	0.11189047533452033	-0.054742394726664347	0.7003320620973866	0.1235103327551633	0.2653312602262283	1.0478031965333907	0.1963958578272797	0.4948709623294673	-0.30979344550068716	0.07907335879398564	-0.05829344930015043	0.7399970846791372	-0.26793827291765254	0.4761103277212777	0.5310206649090142	0.12744685914933046	0.6284325774573124	0.4220731214243477	-0.4969124069541733	0.5523884396861498	0.5536922291714832	0.06021523064514431	-0.25288695694414215	0.1219342271586025	0.44317917151331127	0.12018951398279233	0.015234349610075994	0.7624814152648467	0.0945087943792368	-0.48301434886263006	-0.9827986127406083	0.8498757353524808	-0.6601065256725244	0.7275917265537065	-0.507354805594878	-0.6555026583788399	0.4549434203763451	0.005967966031372445	0.6164409773757392	-0.6401876824563579	0.9307011451084178	-0.4920673824019861	-0.6628772238631524	-0.7908116702159876	-0.4941195401677099	0.580913840330786	0.03995770608344199	-0.4576115264438346	-0.4725011673486274	-0.20221487052290854	0.9179383366769417	-0.35803502587306885	0.1962468414689447	0.893942252674524	-0.2982037492321534	-0.6322301713649615	-0.060099910404641126	0.004166773456734869	-1.094035488659617	-0.38214463847162716
DTXSID2049343	-4.018029596504735	-1.6352064121914835	-1.2324861582111577	0.058681766737636	-0.08107750389297774	-0.6701362032744461	4.169813761058852	-2.22260343075408	-0.9293380325335964	-2.063688494732379	-1.0508237675566467	-1.4593561011316285	-1.263354958567415	-1.0740230125769494	0.723791883602787	-0.4285944837425037	0.7260293328400435	-0.43586528069962016	-0.8733075526055428	-0.2625895509352142	-1.8400614247751466	-0.6665872341538926	-0.22145502790904928	0.47454873121246777	-0.5614956659048367	-0.8985919777888831	0.5952663055751539	-1.1794567544904135	-0.24392944785162252	0.4753554071592104	-1.9266278011868625	1.636945167227972	0.7562019368111531	0.22710734782757652	1.885864890823022	0.35635839536849756	-1.0229608473103524	0.29367165479920576	0.9680438369677926	-0.2405149549462826	-1.5487921939203686	-0.15719993695943343	0.0925433761929255	0.39829665669825454	-0.2903294575235025	0.164618823395254	0.7811152093930537	-0.009320463292157508	-0.5025078606611711	0.5664737776051478	-0.17612733157057528	0.14460149898087807	-0.006205439254900165	-0.09283752369207439	-0.06454487297491705	0.5926441876876392	-1.1427643704290265	0.38060327582564485	-0.6702797958785746	0.9965325596797551	0.17187499874131068	0.660994265164386	0.06534657351665521	0.6953208770409928	0.2845122079299191	0.01479191822208971	0.21199436859818774	-0.7588408309307456	-0.5633436404153263	-0.45156237228456686	-0.2794321096586154	-0.40321380764408515	-0.4129927728104542	0.06835114130746661	0.27101428831117924	-0.02813149970335773	-0.034124577343111764	-0.39181105591788085	-0.8697648116005449	-0.681674733985222	-0.49711495563923996	-0.6277073454781197	0.24842694966665138	0.7159080735175493	-0.48659422923272416	0.01777538883302242	0.39770232052711385	-0.6048697381549568	-0.30209824777807304	-0.7509530840393598	-0.5325497210311138	0.22247182236966923	0.00949847220004862	-0.6863398812320245	-0.24317257863554761	0.6259160535466977	0.6208821972003938	-0.1246356993618038	0.09917197590186973	0.4946990034021972
DTXSID0020444	2.7239003331116223	1.8003797432531663	1.7076021639955852	-2.9082031529157666	-1.200918203284665	-0.25666316642224074	-0.5649927250882856	2.8208568612336675	-2.1007390423587813	-1.728468893216851	-0.9379923677620842	1.0540415383376514	0.8961434560206268	1.560724798524764	-1.7892370235232486	-1.0776344649173693	0.7665520144427378	-0.9135287946230072	0.7158426616806304	-0.42703189192044616	0.7300493104395075	-0.6090880620373268	0.5701267250084269	1.2007566238363858	-1.2194685354290686	-0.9605388892622183	0.3412149285840252	-1.1438146179819935	0.36301390751213813	0.21466066647812182	0.607759069854533	-0.6710356223834237	0.31775989519670644	-0.6034638005321289	-0.5320969783261533	-0.25063234281309715	0.17866546778904635	0.28208164147359244	0.47117466948616477	-0.13009786219841066	-0.6882578723714017	0.15422349903447008	-0.42719900159991525	-0.5659820217686142	-0.1414353606068945	0.20607115545317664	-0.014236464900494504	0.5395761044432845	-0.249897673015436	0.43722397370819105	-0.11097095549548427	0.38475774827479614	-0.05529217554763701	-0.11829704695655816	0.17656784940504772	0.2170433383730497	0.5325050862289838	-0.4145775992368538	-0.18675509331975723	0.5806080508895896	0.5890740512923437	-0.26654570556080825	0.24977766191310144	-0.36613462717802275	0.29308547255165424	-0.31631835942649084	0.15176610487294226	-0.35301477830723316	0.0689961718682566	0.36108661743400466	0.8964085766976712	0.32053073358964473	-0.3265233981990654	-0.029207091167462396	-0.9986628760454573	0.5375080384422083	0.02456126338295609	0.34166335231239786	0.004608383567194742	0.27232906196850726	0.6151818150931887	0.9175186102256925	0.2806324549590355	0.2703102176964272	-0.8558900923038816	-0.5148076830740221	0.7107992119649688	0.12010832592721625	0.03461739031204038	-0.480796020637044	-0.5463735059946122	0.07264280138028813	-0.48749109885041125	-0.1690927722985327	-0.021526291588342523	0.1952778209047963	-0.11198192023263452	0.10312235700737299	-0.5017056837056266	-0.444144459869914
DTXSID9035206	-4.954442446002814	-0.6435747635454963	1.514609885347151	-1.5166574273236186	-1.7024543197779352	0.138924255941231	-0.35870974012768003	1.2822956028906844	-0.1950959371618535	0.17770233141827077	-0.046288469428202056	0.17102762952515702	-0.38148611723280573	-0.5929267859678808	-0.11205021261557371	0.8690985804459359	-0.7154753153911828	0.06125170604984702	-0.4615889442850608	-0.22011139972846044	-0.49006386341125613	-0.07171766994605393	-0.04395361587776265	-0.5876775844921489	0.39862217586016085	0.31507404423334334	0.03951102848673953	0.680628665082896	0.06762788260285009	-0.035153554773334934	-0.05855259525120734	-0.3214571167630354	0.2884350155026694	0.3882115289984718	-0.30029124398225704	0.5279961620526071	0.1709265785190137	-0.7829915113506698	-0.5350738215456211	0.26086343294028397	0.1540729150367623	-0.6061377840168899	-0.02532298201275166	0.14409275405791905	-0.1549867018286144	-0.16506320932557927	0.12923936961326263	0.17167991399263777	-0.018302792839442885	-0.1324579276765629	-0.20273520467446277	-0.3451718691279142	0.1051586911805801	-0.053252012502617775	0.2194973778019678	-0.05688259620144672	-0.2178684593537456	0.29338889254420486	-0.06043823290597397	-0.4040714186151091	-0.09703780754481733	-0.1198987600403423	0.32205703206008796	1.0730698207043001	-0.44728268528182735	0.09497985560640458	0.08885164330529817	-0.038055344491265464	-0.6469832067140844	-0.09962603379009727	-0.0932254613002481	0.006771819027237485	0.03973788677953335	-0.5012874053476405	0.11851775838579352	0.06729897996572505	-0.3291846559928705	-0.7840626681541598	0.3273545758904025	-0.7282738841579305	0.034509870910315286	-0.6409226002503203	-0.6141165913344798	-0.7457628904053909	-0.4261933660697566	-0.21925088000112966	0.3607898041010586	0.35567157701498286	-0.4345401226056901	-0.2648773334918309	-1.1106632371556142	-0.23951758963887898	0.0031369290484493076	-0.22779479565855315	-0.21275467533271475	-0.27323164616029133	0.4583714711053092	0.7559719245705386	-0.1261863341066362	-0.8341961207943271
DTXSID4026501	-2.431914604058133	-2.9552357091666193	5.53556704913546	2.747639345272596	-0.8344102895005798	2.357185971020158	0.83584571294987	-1.1500591189412075	0.9054772535072528	0.9780570801260259	-0.2454540795623004	-0.5061840215017629	-0.13708733050921773	-1.281087237940924	0.8505317269505454	-0.9268541633271077	1.3136448882992342	-0.24311988035270127	1.400784705217889	-0.43241340896431624	-0.531223985358281	0.4205958722475606	0.35932080113189563	0.1272228353260612	0.3489622915207443	-0.13009564389312092	0.6766130113962825	0.06193522942209131	0.4333671477087685	-0.29925571382901534	0.47191703913339317	0.9732891043477792	0.45962281423968987	-0.18682702407400717	-0.9012859515120698	-0.2895763421856629	-0.5257701488744884	-0.916489819381747	-1.144280894726592	-0.3079932709749281	0.33609215855470803	0.2513627960227629	-0.8173184529761809	0.10101707653778164	0.1115777766177619	-0.3652000801647629	0.1769830142126456	-0.3330675135445771	0.22292354268476997	-0.21080773289048366	-0.07234543620309417	-1.0133545360251146	0.04266499665739208	-0.08742919116993768	-0.10565134712670823	0.09556526917210387	-0.8501980115434794	0.42270961722380657	-0.06411023076000853	-0.3881572017912045	-0.6594792810995415	-0.06285416849706729	0.7034016081625625	-0.8484496611201329	-0.73176340587056	-1.2277503780985957	-0.7612701924596806	-1.6259473617334375	-0.04372223528250916	0.10389679875323653	0.01306857643813061	-0.4582127815934346	0.45039534938127695	0.07883513533492872	0.3748928583957053	0.16362215574394473	-1.1630636191779595	-0.760487053738955	-0.8208406227574074	0.6995160306407207	-0.12525137387316534	1.2223304022507728	0.478196585772986	0.07833314523291385	0.48059212221558906	-0.31550652496443954	0.5088142586870474	0.04296792576104003	-0.525634833228251	-0.23766134536739136	-0.7746870581816432	-0.4446086956896322	0.6870111415213781	0.12024698936272521	0.42846559737810386	-0.3148041781540805	0.13344653533229137	-0.06354069916551527	-0.8154158245176896	-0.2107136157885608
DTXSID0024395	-5.1559782159211505	-3.4065136413183374	0.08581515231378205	-1.1488257585397716	2.0378461662018936	-0.6659920244719926	-2.3476360570747103	0.06500797852901063	-0.055173286392860746	-1.6820192738995385	-0.20372751351644322	-0.02192431328563993	-1.2965704173813628	0.578631192826653	-1.4884647050246693	0.2810449480080504	-0.9425235564945007	-1.1767810115613448	0.41084274700032253	0.4986236458616285	0.3417985094715991	0.6848887066938751	-0.26600613121461236	-1.4191955723292893	1.1440293813070048	-0.7868081098770051	-1.5142074791779003	0.6107513684775144	-0.21062532552275734	-0.3067109979195569	-0.4139165373940132	-0.04036633076567131	0.41651503487053443	-0.3744194265186904	0.3484970282903387	-0.7183494308878159	-0.09437288676790576	-0.35411705799654786	0.1998177925242741	0.05635834225127093	-0.06275815795483966	-0.20645467428569952	-0.24560515802301924	0.06625750850663056	-0.09832567213187368	0.030521835819270322	0.06970087977899454	-0.006739256283204134	-0.00034721848524489466	0.05391972961932947	-0.0064096551256919015	-0.23137620477178833	0.020647128967685623	-0.1642112338338021	0.15117055761341708	-0.1274804483976887	-0.2437328746863521	-0.07738682857704716	0.20555663894910947	-0.07117998285932206	-0.15001290520377702	0.24980591249991288	0.514521283542759	0.5013128383141273	0.0981921548931912	-0.3441684710650355	0.01378997348457239	-0.2539763893284433	-0.06465218490900465	0.03424211531065368	0.34275141344290916	0.5520597479520273	0.31858844808687875	0.029368313340947343	-1.856400878226526	-0.3699078730130415	-1.012968111267611	-0.39086042240866015	0.28785246788354457	0.15636298326960058	0.19513673533266532	-0.18260888566162287	1.0984038945762633	-0.5343982801434638	-0.3443844380366103	0.013874007942194077	0.11340851971730155	-0.9307263448647183	-0.029176289781937308	0.28640445305113466	1.0926613126047782	0.24855824450170974	-0.19022820352821143	-0.8481224119653631	-0.434521431506148	-0.822705745834963	-0.3349241735771809	-0.0006842765557195665	-0.47216599312994845	0.08516325226890067
DTXSID6023862	-0.5390112149875019	-2.683706544742742	-1.4745394726584296	-1.4041622151795272	2.4131196741983465	-0.6994203479282813	0.8315518601251413	0.15040770320921842	0.17450463631779795	-0.0533434978626338	-1.681436139617917	-0.25668871219848993	-0.2561363360917316	-0.2833601169380993	0.26601241457907493	-0.02489906173300671	1.4446526817592618	0.9879905660152664	-2.5140749329897725	-0.7143783872969752	1.51217569174962	-1.1806120343990698	-1.1725677910796466	-0.961157886860434	1.2964501402671418	-0.4521414428453869	-0.2752418004250319	0.7528741445857168	-0.1646884623814541	-0.6897730152354571	-0.7296509242311795	0.40025546325110034	-1.4195095457488582	0.8422740983438548	-3.8993954498424372	-1.084603409492241	2.2638290591535983	-2.5063239644985567	0.2610959776332592	3.4720135689918696	1.2997494294038587	-5.490009498662737	0.3984471394512842	0.30650661801922185	2.721039602329917	-2.0797182592219707	5.067259949702042	-4.103737828899568	-2.530727574132242	2.9871897879392946	1.2027957728804135	4.217330889269885	0.1754524659947715	4.486650392538828	1.1582293464998414	1.9539642713942365	-0.28067041602220216	2.5095817157759552	-1.4789451171361312	0.6048228544639364	-1.2542758591063699	-0.8811245840819251	-2.4064464106558177	-3.9078075166006734	1.586358595853456	0.0005054339647956148	-0.052608216086519895	1.4932774154288369	0.4611904888285325	0.348177993447378	0.6223448016850062	-0.4747158993725197	-0.17996980182249087	0.23694052718360473	-1.9788738444997755	0.46526996255951336	-0.876240383640811	0.539291268022682	-0.4484604983326533	0.19086194045190333	-0.735019175414102	0.9879188785017947	0.16762487612061105	-0.02148525954224069	-0.6208604034341109	-0.38981547685187506	0.47249927537854336	-0.5173860535282221	-0.5433529425000074	0.18217421632931055	0.28988798370542695	0.6039329770223271	0.14611647617070758	0.27992623895692187	0.04326940252193726	-0.6556854646805244	-0.019358374417419565	-0.3755393377355539	0.08943730809100398	-0.8663073948681995
DTXSID3044750	-2.851756894772861	-0.3228610746650281	-3.2009635431839105	1.6710920636993942	0.7550953101403289	-0.371330087317962	-1.089088063220038	-1.8327191790798003	-0.6456840300920481	2.0342056820294503	-0.48219543264747594	4.5677196129682285	-0.8745819682467857	1.7346093759170536	-0.052659225987913665	-2.1540726470207416	-0.42055752183565437	-0.3330645079308008	1.5963483969818073	-0.014215479114351356	-0.16214365333867958	-0.090265189484892	-0.4444592458968258	0.878313765177609	-1.0823928696213032	-0.522716405833193	1.0989427052047411	-0.018091001640089595	-0.3305471674108727	1.1713875923304249	0.2784387842852663	-0.2805828015471344	1.6618555786329068	0.5083794146341244	-0.22016727862467683	-0.09075937073121232	0.2397655595957902	-0.5927209718746345	0.27000994916502086	-0.11668684286280889	-0.35335809338100005	0.5309309729701183	0.24073415147981322	0.11230700486634104	-0.4193027163462137	-0.3440851033409286	0.09383989378222513	-0.5839284966694873	-0.4208502307115999	-0.7240524101861592	-0.06474387980842025	-0.17472218918855936	-0.36188231351451455	0.07999212171597417	0.1456228315098755	0.03914059494256263	0.13202205852359564	-0.06839439834272419	0.04056380855555083	-0.0848529230605185	0.3605620910871541	0.19627667904156562	-0.34089948983353546	-1.0690960858229666	0.18572312406377797	0.5948263970686187	0.014904603493245013	-0.10980420994420828	0.7173376328907173	-0.2647901418692273	0.003673505825047343	-0.6231085886405249	-0.05550699915912395	-0.2769535143557424	-0.4989500449582073	-0.6856665375215211	-0.45863898513349804	0.2438461121588121	-0.15818691106063068	-0.1329967218386398	0.1250500106607077	0.56928727786426	-0.6906095858452936	-0.21179257207554225	0.9026207970166605	-0.47033695284099425	-1.046577606764143	0.657027150755378	-1.736203883640498	-1.0926278327780243	-0.049882658208817376	-0.5963396423734604	-3.788492796950325e-05	-0.6402225297003868	0.07172217443892198	0.5025028491690395	0.10212090100161364	-0.09506605767949283	0.443671559871633	0.5684083533122627
DTXSID6045953	19.80721794237144	3.630087474656087	-0.8036146820059696	3.5546031254400856	0.8920598491034398	-3.4578262106609805	7.285546676951045	2.555145599512132	1.212652943665195	-5.538580314645758	-2.0088603266268117	0.4342938607774684	-1.2064474709695763	1.1578535864926247	5.707406120420882	-3.679036137782891	-5.4490327203600355	-3.654816327830615	0.8928410825054316	10.305270175129843	3.7374392638276643	-1.8174873513895056	3.2167282053582174	1.3957692575913336	0.11315166606795499	-2.3305135541812527	-7.603197306787073	0.2910855984502765	-0.8383000188749077	-1.6910601490947896	1.6093986965436469	-2.4732625069222967	-2.2678510736768565	-1.3666920475343076	2.419160306714552	-1.0119269133323328	5.303696929426125	0.9438521106182056	-1.6879404237143458	-2.9447123045045944	1.288423526768125	-1.6042119838613191	-0.5739371879211891	1.6683241680698486	0.340604372693351	1.1520315973870152	2.022487720170775	-1.2446896245339794	1.1682012786484957	0.12674546118679036	0.5661159420871205	0.5567281287754821	-1.1896434091161916	-0.609650001104241	0.6326845861478078	-3.787276151559919	-0.6977978283819664	-1.4949408094752321	0.5917766394901177	1.4345990503291541	-1.3950428921993077	3.2589081544877594	-1.631688559673213	-0.6291874400374948	-2.6836077338287287	-0.5614391782470782	1.7906005861325351	1.808451664930048	-1.2035733228634575	0.028550123661667627	2.996327179670041	0.030353660222924236	-1.1806063640388078	-3.6058069743790666	2.6064274729919603	-0.1517576676130804	-1.76555917634935	0.022833099071420625	1.4595582847815851	-0.7113167437290216	1.8499975361241807	0.7896965265362819	-3.0292913764221296	2.976911346343352	0.5974323078554936	0.021113777373192852	-1.880702718438876	-0.3798721195333473	-0.7453199031123526	0.638075541452819	-1.4475192333842655	1.8447488820999856	-0.4164324452938284	-0.6960085642219658	-1.6321812600964039	3.026298747542105	0.5777535899701985	1.0282229287891098	-1.1030292557980275	-0.0808532587724342
DTXSID7046542	-1.173139208300996	2.5451066602762027	-0.5320659223236084	1.5955523537115681	0.7462583107669354	-1.229789196380873	0.4155748915672454	-0.4579071154311395	-0.15791207776409213	-3.147720084657276	0.8365286104139159	-0.36195215426889416	-1.244343851050786	0.8708191196964561	-0.9200786542607957	-0.11890590007967855	0.09876982624010847	-0.4774680922265722	-0.6459868515255293	0.3152014062308747	-0.9792311861427903	-0.553066893639173	0.7907315712031749	0.12969020950909857	0.7844042740136645	-1.0664176194313626	-0.7417116994870637	-0.03002832420276772	0.7725899038010648	-1.036744750447705	0.5714643115713532	-0.920943910945677	-1.041257552354733	-0.3644920958877648	0.04279287590088948	-0.6044927301780023	-0.20102602599368583	0.2399179063381773	-1.2360021539744648	0.4268111747046851	0.5753336865551288	-0.06718636466591306	0.7237243011835285	1.1425375929497308	-0.9752314006062113	-0.22793020382130796	0.10406636813223454	-0.5894417158978333	0.3344917645953	0.4197402194133353	0.10205462302707831	-0.3267752929479107	-0.0036314187186882807	-0.5636863898226544	-0.5859453082496351	-0.6840405822778683	0.23781143432872207	-0.4396346044497818	-0.19236274202795298	-0.9832530360929147	-0.3335296188756988	-0.2500103779414736	0.38515859113969003	0.20676629418010092	-0.07654145249049225	-0.17062650176409205	-0.007406520068227117	-0.2191990456332497	0.49867065786657855	-0.8680991870212618	-0.031072968276173278	-0.13209562684648296	0.23692216475027197	0.5123765181185164	-0.9431219731364829	0.19324880626913873	0.28961405429545173	0.24372082137894951	-0.18715904063641361	-0.22764895690561018	0.023804543449115034	-0.05246083256685847	-0.04569867892892202	0.374582085903986	0.0754645370111132	0.36833567820607355	-0.18481929738400463	-0.1839604231248727	-0.040713962465124834	-0.3168557116685905	0.22987693038900495	-0.23448830117514094	0.07410449049472446	0.2125513845234769	0.03802260542043803	0.12440387791315062	0.19985163017470955	0.12374616676552122	0.2631471439726438	0.22511883145177142
DTXSID2037186	7.221626241435253	8.80621659772464	-4.463303639562163	1.1094188877685114	-0.9477427863819139	-0.6164535411738971	2.094631654461531	0.25757417880672423	0.3470896467990888	0.44015081639883624	-0.19605383181116903	-0.5964200783270451	-1.6967103576126936	1.979169027036821	0.16962663944414455	-0.05530486452182134	0.35532021862227847	0.8736581478574801	-0.13858945598392095	0.1952683195763544	1.0712555711501315	-0.2527675259395874	-1.746095221002819	0.6010114139433926	0.9207809050898683	0.5727670418579105	1.6890509334402608	3.0198538721594685	0.6350341088232931	0.021389500874991516	-0.7561087271536646	-1.3261451829771063	-0.4961313548168194	-0.8336212976120785	0.8613954952645324	0.9196549085737191	0.7266744405301159	-0.2601004145897106	0.39682207963581967	0.2706032301874122	-0.1847994917047187	1.1724997096950356	1.0418248360383557	2.2544075333345175	0.40311691194924193	-0.7682920721001482	-0.21714541195845313	-0.6594255558971192	0.602872220196001	0.3710717417450887	0.8641251330286986	-0.15677094152076082	0.6453407150449733	0.25491019031278794	-1.3040568304068607	-1.57425529547006	0.4585646877967774	-1.0486968391190823	2.2922347766546967	-0.4811711083536871	-1.7433051847857068	-0.537995929056796	1.774387876880336	-2.17438646325653	-0.9913125500999435	0.5146065548461497	1.0085455626845456	-0.7558051546860365	1.9839203461761086	2.5069989995240274	-1.47486268522129	1.6386169055951032	-0.5945212444140441	-0.8917294631520394	1.172256423865988	-1.219089662981946	-0.47184018497467367	-2.024711290263103	-0.5457232049164538	-2.4468035813341174	-1.4349969121123995	-0.13247369873467055	-1.5207084031572993	0.5115798742081509	0.18485972320604124	-0.3238115470820194	0.607123123756713	-0.15471187024618854	-1.3282367788137868	-0.47161584110870974	-0.6307473685181288	0.23530117016561347	-0.7305276978320627	-0.02929044072503884	-0.4493285088828987	0.08094023581181209	-0.3272107394769743	-0.12049283192159918	-0.21497158736248667	-1.0798290920450464
DTXSID6025145	-4.769480236831141	0.6762793623394485	0.29293300635824043	1.8010102085665582	-1.9996658655320962	0.6104223278314872	-2.3322030873262656	-3.366100198685878	-0.6228601614338306	-0.6391103388425505	-3.8120537571021633	-0.43138805339873243	4.095253747592594	-0.06824212685049716	0.8717951684787864	-0.5000267378297389	-0.7769784017278839	0.21201682584563758	-0.5317101646517484	-0.08774335604575799	-0.21702894504641118	0.2451286253248371	0.6162641203658435	-0.3848798415366724	1.3858457600521419	-0.00834629984936728	-0.45653057434501576	-0.707367895674234	-0.4020568120145401	-0.1401738609015721	-1.2779728719902013	0.43117066564177514	0.12423437222309855	0.4675438644062478	0.9152198982301394	0.42456751197240694	-0.770414705248452	0.5068640724235386	-0.09853340742410027	0.26179843351756144	-0.4796791335500217	-0.15061271798484036	0.10849644684230592	0.007581225773391591	-0.11608378472087479	0.022755335096183	0.3675280940750016	-0.3638945380118724	-0.26607044858555234	0.15998181147459464	0.04383642875153353	-0.3346796530293452	0.490210770940661	-0.31536657193415146	0.02384445981238389	0.17870132238330405	-0.4307369665858252	-0.2470427567890949	0.1483103991744135	-0.47454918717	0.5944068081593689	0.24833055260263728	-0.05214935725576046	0.5638548541967889	0.3427971767929251	-0.3877455360136269	0.3990104506036554	0.5089096451999064	0.011258338217821878	-0.10722742746930372	0.11513379658341417	-0.17023763447014387	-0.36131626907480235	0.6447909957499947	0.35742371166664066	-0.1309915471289784	-0.00019059884763940525	-0.520541994711153	-0.2465424401768069	0.17822062938527017	0.25390877398812656	0.7103737767469716	-0.4337066117878665	-0.3293663450915299	0.28220425530001836	-0.25370633651513763	0.022414234890375737	-0.0024688537701460732	0.3409930447435524	0.30785691661693987	-0.44445656599530825	0.16292228582898502	-0.3014328583919556	-0.13803802454400682	-0.02102032169586778	-0.25771670409804115	0.14709536815961277	-0.03032540214700588	0.15370751673461427	-0.016034258272646686
DTXSID6024331	-5.534506089749585	-3.620022375212441	-1.1630673548644948	-1.471431816174292	1.069621191176909	0.3687216388941533	-2.273128762402671	0.4081410108762955	-2.3935980170128515	-0.23911469546040012	1.755820282533556	-1.840899608932055	0.009849291910385112	-1.1294302881442684	1.9616243102392736	-0.43166156541473266	-0.059846355618764197	-0.3853940004310224	0.226636590457977	-0.2539357827177193	-0.20354270858062048	-0.10305349859253186	0.6693833105509375	-0.07446760506485306	0.484082284135425	-0.07521643208947804	-0.12499326772147135	-0.22338254313568298	-0.33282806127444403	0.5457007690168615	0.17216016705888665	0.09330634980065455	0.7392880535345041	-0.14225082107277098	0.3632573096576986	-0.4092202148055114	0.28952567795790696	-0.2903283856863523	0.5005820446821709	0.47918605275380105	-0.40232461013824583	-0.047556263126940536	-0.7459776703010805	0.1143225727733358	0.06298168898467715	-0.05591564660281358	0.29085144620783776	-0.2057361827215081	0.18693231752886963	0.19965718030894475	0.11817901612597768	-0.060350745807959315	0.2977602285480046	-0.14711283117268328	0.3928672044721683	-0.30768189576667276	0.33510282897728855	-0.4420053650122763	0.05698336806075954	0.32053766627372093	-0.15762843036635857	-0.4500244288844059	0.014751626078059828	0.24674573790306498	0.04395027143548585	-0.025737355056774696	-0.27258258914089467	-0.16213874474338166	-0.2575352711968975	0.3575996843395707	0.40033005101369895	0.18216682090422057	-0.021535466747760298	-0.32884586394758003	-0.6059231530522148	-0.07384711378392247	-0.21386364918180975	-0.2067353567358657	-0.20645600089869695	-0.46017316177024853	-0.06836842643824569	-0.5023160073605651	-0.9501507066100667	-0.7378298772947073	-0.11264808312275815	0.43611151297833134	0.20010796911245074	-0.7359690805409211	-0.24926369157765915	0.19763335950049649	-0.19199880744509698	0.20269151787646866	0.0010139745659656781	-0.06646504042929728	-0.02405567917347958	-0.3800969449857547	-0.053875304732933796	-0.1333235756006167	-0.18106702779667444	-0.021784768857977845
DTXSID2024955	-3.761825833097313	-2.085381200476356	1.9099428333630784	-2.329255281274003	-0.9961754602936477	-0.477558442724401	-0.7350109096231442	-0.406019138528242	0.7385090052987456	0.16686362288392903	-0.48288270648106807	-0.4937339236042743	-0.5267258034466353	-0.3488372285138856	-0.013423795626014421	0.6665060657215439	-0.16120758144462832	0.7491239104016679	-0.2602751350338369	-0.003870327033633682	0.09527853240971366	0.07706507759685936	-1.980858224384633	-1.2216170038955965	1.1989697187892325	-0.429874292008495	-1.2053788103822878	-0.5959859448212032	0.24468634729919178	-0.1934780681216412	-1.0654496346618236	0.3131308415101365	-0.4712377923583414	0.46784923615045254	0.2460338577534022	0.8667761036161613	0.39577186757391114	-0.23908939598114012	-0.7674690217897553	-0.03664992431974532	-0.1952174114341644	-1.082070046382363	0.1725984545178788	-0.7649438278159956	0.3118761272645826	0.020241266136862418	-0.7838190643105436	-0.2764678396729631	0.35606348955261286	-0.21352257573939276	-0.060527571282266	-0.760067888856737	0.17577268645029392	-0.32332780374264614	0.20659798027463133	0.276039281497881	-0.38401860593744536	0.030328028527255288	1.08372885654133	0.4504263791181815	-0.5268383053892978	0.07273950060213366	0.5411325889352867	0.7784162503360393	-0.27017551949018015	0.15078956276671152	-0.1703094321574847	-0.18056573789739921	0.3221698492112591	0.5548239706763601	1.0490033810339225	-0.4534722524042315	0.9154849169658523	0.5137615100548898	0.6800671043485909	-0.2675409532899099	0.38615234186275643	-0.05568729486026275	0.36228462391855354	-0.7529541251127166	-0.1714984318945035	-0.789636720837552	0.06670544548822667	-0.40990724471784457	0.6684960881464987	0.4613167417581822	-0.2910297329578302	-1.955996046756599	-0.13247321110024368	-0.003138463856902631	-0.35313921385505187	-0.5517543868569883	-0.677168135764492	0.02184123411620172	0.4973785289142854	0.33811343740705524	-0.5553151449819178	-0.7237304081382039	-0.05051670518245509	0.8158105233157728
DTXSID5046720	22.16148173252537	2.0745439726455803	9.040684962389745	-14.308270843824504	0.36730645461350175	-11.096848806624802	1.5225906017443498	1.84987938216018	-1.5908152367471085	-0.4964614986378482	-0.7981038178832476	4.589936282030872	0.8062760969001277	-1.077296172881201	-4.860284456760174	-0.9037600592887207	0.8381641463335688	5.915290098404538	2.5842371581096875	6.130517799517474	-1.1985252725562023	3.6767002919502945	5.3756032345727816	0.9558376111608434	-5.006211623028521	1.3302801348591269	-0.387645407892389	2.2936810828746483	-1.7275237624088522	0.155523111797759	0.15099171744148082	-0.892891555872932	0.7611452320162797	0.4495574227591145	1.0385462274329176	-1.9580940440618555	-2.769241932679686	1.0613017034501375	-0.8913853146682701	3.5055151202435826	-0.05955095557176605	1.5784339702895276	1.2442509502680814	-1.0972850022699059	0.5053418907205868	-0.8847188858290199	0.023665721964394145	-0.31507219054000624	0.0903371493840167	-1.1238685704132767	0.27606321165252096	0.21742447201129617	0.7507986599161346	-0.3031783537420049	-1.3490182659676855	0.8897017048506356	0.42838235262175456	1.3704365561953693	-0.140315492912378	-2.4186482667103064	2.0487501780861685	-2.553120169887029	-1.4887681119138114	-1.272122536378837	2.987185692205765	1.4985386035941333	-1.4345448093942728	-0.7455899751778853	1.333055475093196	0.4786413533457355	0.7742656151978442	-0.24965897452170902	0.2759037375934258	1.698857017966187	-0.9520543829300204	-0.5673565964152855	0.15145435924221096	0.5402393166176539	-1.6348909798303306	0.01928380212981622	0.21646144188861316	0.8028194882841612	0.3712521779903965	-1.7764071900982632	0.16748877267655496	-2.5127038408716214	1.5423966708959915	-1.0226086904382645	0.3150106604780747	0.7450389455211465	1.053325886515931	0.29368827849953916	-0.23562587006871594	-0.4398301386436033	-0.6662125609334848	0.9416441427926666	0.5025703201130196	1.4357486018287309	0.11003542610434779	-1.1979357360014957
DTXSID1046766	2.079105618080054	0.2800760478766692	2.3237251226331046	1.358814308738053	-0.4164354573103396	-1.720347766507609	0.973329404603363	1.0239015806841292	2.2624908613688914	-1.6534000619823155	-0.030255401662908795	0.44754827647434287	-1.26586607743667	1.145104140867336	3.9765412654122048	-0.4296823309314053	-2.096050366381683	-0.6079909104513667	-0.2257682027141163	3.183086343542294	2.9272957996444053	-1.0268716858672506	2.9047098468562416	0.921242565908081	-0.27380517893568773	-0.0006492202946662933	-2.385169610665589	-1.3685053565208574	-1.3549482736547953	-0.41817541649443857	-0.6516143992554354	-0.7350853960035448	-1.4900981970034277	-0.7731087849832794	0.7438884470797176	-0.277207061467815	1.9223851029607715	-0.17118755282543444	-0.30766348863180015	-1.0899510734155318	0.19814954739505125	0.441480168430708	-0.8304299112661998	0.7262136426601833	-0.4104006245742968	-0.33930097411373655	0.8634021624394944	-0.5066056592859359	-0.2527740297391795	-0.011526758141877244	0.21244329898470285	0.707371961640378	-0.14685906623677233	-0.2776896664249985	0.4131275414380515	-2.225441357834209	-0.29211222301486023	-0.031461335681119675	-0.2145044767876598	0.7363162274111423	0.16733253581068028	2.027947526706236	-1.4675672491393918	0.794187367783232	-0.5142700316854758	-0.7290912905461181	1.213960240680229	0.4371863959059433	-0.18671518353985198	-0.9489340779175607	1.1288587296245602	0.18571507185153807	1.0511263888458129	-1.708919681245349	-1.474963192315777	0.6170375242763705	-0.4203011995743847	-0.6306097958188555	0.9071103832651024	0.9449441234911987	1.3140131029720152	-0.33799708758722546	0.04448400734449372	0.5801496627905008	-0.2962625838543226	0.3130517607636245	-1.3855511865248367	-0.07206361328380881	-0.2967731643781133	-0.07696758256938831	-0.6379554474257594	0.8369070298657366	1.1759121556356833	0.2411918363830844	-1.4276662773528042	0.1881036093789529	0.6351589912881145	0.7745271214127235	-0.7715181437840961	-0.500990954179792
DTXSID4046991	12.110976948182248	-2.57739987202909	-7.793313057781446	1.044841847697932	7.456244191692718	-3.227771465504305	1.5041028676517525	4.681337598231642	-4.130668580113409	0.1611829418352452	0.9475896663037033	-1.8090132950840818	-1.058854364981285	-0.7108882701166244	2.6428162224565153	-4.013110064786657	0.4287038057286023	-3.735510729920152	-0.3414234136675761	0.27070917635485836	-3.358714535406893	0.7263908554073243	6.5425625430360235	-4.678091328730021	1.2272836056073222	8.193882471225846	-1.606702070845916	5.020976983185392	-6.609700784460406	5.339490677433784	0.09297908972751517	-5.042449668642183	1.3065526605790723	2.5903043148896865	-2.1950418228549173	-0.11985232454835959	1.844142177920243	-15.612083689633334	1.8717290431129192	1.5104955676956495	-2.33287147791057	-2.5425651585399103	3.254411604897597	-1.1752222461578632	-9.32566510572562	28.97347496756808	8.399464475240391	-12.939202963453129	0.24061683654018437	14.750912126870897	-31.98942832972494	6.615768691051738	-17.45724155681911	-0.7623049825643022	-16.129551143727145	9.709488837644008	5.45207720736734	11.264873094491692	23.772712336979552	2.05774263769559	-0.6289645937119471	-6.276129435719895	-2.6878913157078586	-1.2856836604763535	6.0430150352042915	-8.160595471855256	7.231269145160675	4.138964576435917	1.8563225219586184	-3.62456591358805	0.7888481480081289	3.59131833357558	5.49595331209462	0.9189273969813945	1.1691939017412536	3.1017701176313577	-0.8259646386365546	1.616511822347616	-1.871567690337527	3.4572577226735053	-0.40482128609692747	0.1254477410560504	1.6643058047709032	-0.509993704675035	0.8456828481284971	0.12200707791038383	2.2879458426006827	-0.6370540508898075	-1.5889657024847785	-0.01879479144223524	-0.9947613402325307	-0.18887126812553365	1.4729092710404976	-1.5335470358871972	-2.3092449750316417	0.0854481783042989	1.5587376435700087	0.2119602269194235	-0.0994897847148345	-0.03813205998750473
DTXSID4046076	20.794965836273516	2.2464155219155106	-9.120105474356544	0.043900522407716164	5.0334824802511555	-6.4766135974942225	5.74101856718613	0.9858228219909779	-7.171034350769298	-4.190704728057263	7.003640679232912	-2.0295982131542383	4.845375144184718	1.0722277150169441	5.663510026342374	-0.09837127772259781	-1.8938236298856195	3.466766458186628	0.9488724300486974	-0.6629959062546974	1.7066571282923568	1.777851458573106	-3.13607210505031	-1.200300586109413	2.5240569943618723	3.6269425145933476	1.1014659293315443	-1.7354532450362181	-1.5793939162345079	-1.8782554936555278	-0.6103466691490516	1.516680650935155	1.1464981767910116	-1.318347283119396	-0.21979144749202212	-3.8895492479006273	2.8425220561619713	-0.8050662692623415	5.763455102309846	1.8190084803400712	0.023640270501236762	-1.165484209582452	-1.289903796681281	-1.0416028557248518	-0.551559148231185	-1.841004503881058	-2.176963736418736	0.3053048321081541	0.01706340140832733	-0.9520415690320276	-0.18334277482295108	-2.6533914375845047	-0.49535530129475464	0.1913838527319947	-1.1781460064408105	2.860680509157537	1.2990369379395357	0.7554114578565271	0.12041170657051739	-1.594319470212568	3.3258434595132504	-1.233078123403378	4.989669331067409	-1.092664831502734	-1.8273312769705734	-0.4030337302427628	-1.848102327187974	1.213192643621267	-2.8970684620548877	0.8694605826082102	3.0215063077525497	-0.8391180652982411	-0.7480034561407954	0.03573495975226624	2.008248353702758	-0.6042486938992998	-1.6360138217803317	0.20052502737256697	-0.45937193819469746	-0.850227004246197	2.632258305590943	3.0106697654750443	-3.6270161054918857	0.17455895384708978	2.232892125661886	-0.5736276664170382	-1.3065372132546968	-1.3337775809699675	0.9281502286100218	2.392465687023143	-0.18499357222819918	2.274894418981947	-0.8288444167334651	-1.392809115098238	-1.0423315211571385	1.1130984060491869	0.7241744392407539	0.3605793355761859	-2.6389253931427463	1.0571127140570686
DTXSID3027328	-4.321768628609679	-5.0441878959262	-3.048762924561301	-2.4308428680579715	-0.2234673894617597	0.6565245345316175	-1.3422644220414168	-1.920564609625275	-0.9215118131522771	0.28831165385683816	-1.6139305751820232	-1.6804046443773177	-2.2862531154743118	-1.7270761703036641	0.47072070976589026	0.6189075281073201	0.5142024515194658	-0.24317875143078338	-0.0673036979739943	-0.49782961765905165	-0.002715402915887732	-0.6015693641816799	0.2891865105258032	-0.29707088715100843	-0.7635742336780573	-0.2300378628055601	0.49933565678513564	-0.033468307236723886	0.44203236558261416	0.060756958350966936	0.42422564125076906	-0.29227910905377563	0.20108832646360536	-0.7287805822779455	0.4262900800648393	-0.2151308804363085	0.21825232243651982	0.07812968028304719	0.23847727978317423	0.22279308870993977	-0.07596063096578624	-0.1786798359240115	0.18399051334782854	0.22171072362906977	-0.05540033413946434	0.32330620291135037	0.020730512856626106	0.07482072702558268	0.30886834019889775	0.29718195614235055	0.12115912968071323	0.1007063720219205	0.2426057329644399	0.07747375328953908	0.14640126535855266	0.09986387043975081	0.36444957482588314	-0.1574581907307713	0.031167951171116516	0.5022058675618873	-0.29536379217777237	-0.10141624425715096	0.14387020123063143	0.28448880430954177	-0.1132541804821328	-0.1841998247814172	0.18299948536567975	-0.2765345980594051	-0.3207485707344849	-0.1479648404100476	0.5946109233731073	-0.20841401072138876	-0.09819119679935667	-0.3731172205175652	-0.37046551729208654	-0.055701099903143335	-0.12669379744405548	-0.3919638152980049	0.448051325167837	0.01024911270624626	-0.008813349501568996	0.2810588600700813	0.40409438392802227	-0.3449919007848351	0.5807545069976731	-0.32850136994104623	-0.29154082718156604	-0.34329812745618926	-0.2944763009801573	0.3510271048519778	-0.2844143180026448	0.15300019727147987	-0.08463962649685305	0.5548815332836396	0.5896220772652011	0.22322370186502694	0.5042760255214269	0.33648092769420057	0.16754181359211645	0.1489913988664826
DTXSID0023909	1.1111954263723662	9.171184239714671	1.7739835810624258	2.9320501333260562	-3.7502136612170713	1.0826765762922002	-1.864879569309236	-2.5283742852381232	2.495749569427963	-0.3898167409647618	1.9125155817130468	-1.3195921630976553	-0.6756991780353917	-3.417435144994123	-1.169281653698448	0.9406852522704552	-1.0175834021992798	-0.981103317145857	1.3435138826796011	0.876818370903603	-0.08823461325420459	0.2581073773440505	-2.961967559371839	-0.6418908350290736	-1.2676076172162078	0.28942685065394386	-0.8091297437985683	3.067834723067886	-0.2979138309957709	-0.35647087115591086	1.3899339901509122	1.0585134043997764	1.2331306142515734	0.42240528180309267	-0.8877862671160821	-2.69063904814293	1.4749221350233492	0.8729758087559069	2.2199473598807113	-1.1016126010867082	-0.14872417404338512	0.8048052939060956	-1.2499715546208672	-0.008168746911675243	-0.23060809944848804	1.8735233204229724	-0.09275962672446691	-0.23778310544607525	0.7303050823441948	0.09900082202561437	0.5194592870708646	0.4972928414259187	-0.7590715270704173	0.6687427481285103	0.7345998537776637	0.049857527076271044	0.8780332259669237	0.2055348643484123	-0.11099764457803224	0.08789728688164719	0.4192070719651137	1.6689298752055404	-0.35824459270807496	-1.531430636202647	-0.3991381500027536	-0.8205041263271138	-0.033348326181801634	-0.5063922573302522	0.12813031012644238	2.7992967453194324	0.8351127186564749	-0.4191637433315917	-0.8403874998400332	-0.7597769066244413	0.34666360577541444	-0.9642219028005466	-1.6770851766861523	0.6851559666509627	1.0436710489710823	-1.089771601693628	-0.37427238003832514	1.1743358153943106	-0.022019804781424093	0.25968862742800514	-0.7802643926307619	-0.3409388344829742	0.04092114233310963	-0.9202665719170007	-0.018506375581034074	-0.2747985713319894	0.948295160354243	-0.7389107301725796	-0.22938534009283534	-0.06850683076306537	-0.5075455074172528	0.3436211781579651	-0.47520401918596755	0.3006347710783303	-0.8391178940507379	-0.12704645525796995
DTXSID2020509	-1.605059397106687	-3.6746444072299114	-3.1861499331599537	2.118181861920825	11.532653137740526	-2.7235212359898164	-1.9200884733790873	8.67587900256695	9.456058159843298	-0.5678617863036309	-6.719211395650516	-3.415316376605559	4.541592729219161	-6.47686421918404	-0.547701138121858	0.1908940363452304	-0.2656103572313919	-0.08909213932344527	1.62883239049825	1.3640647059032436	-6.409809485871774	-0.8976815132056815	-6.1275731371803985	-1.3729481849103693	-1.423723488347736	-0.08919485549186774	-0.0577266352352755	-1.7466529281704264	-2.1430817336225485	0.2653031222150385	-2.165945859894525	0.7436173786569519	3.894157127230828	-0.26809395803829833	-4.975782222497664	1.1306954824532593	7.500473673442945	2.7920454642894463	-2.2397279389371567	2.3568726962732782	-1.5099493467933105	3.6194599800734464	4.670576976547136	0.049754512693384094	-2.6139971395777724	-0.8588996694212994	0.8427920264844615	-1.2165587586189666	-2.2205707639417285	-1.5691392499647099	-0.19616205095453007	-0.5181076020727801	0.8991990630882485	-1.6677307269053403	-2.6507563774983516	-0.5870307388587521	1.5204596698311528	-2.687984361236005	0.043985392293921885	-0.5797916588068731	-0.5299866686270566	3.4161857140036744	0.27632068669000154	-0.9408132106029315	2.7283523603843465	2.00363460558389	0.1918852486469414	-2.8925092013369103	-3.4258659738180097	0.385009148932468	-2.819799600087025	2.880090169526067	-0.3235156477434792	-1.1440236475835446	-1.2096483897627701	4.2296163198986845	2.766509379701428	-1.8416198629600808	1.2052458428940116	1.4084716277753468	-0.6824134249521197	1.9539173406172772	-0.6727372302421771	-0.8969669573011817	1.2664610730879193	0.72229915058145	0.9028732810707344	-2.1266122270036205	-0.11432730946940871	0.5249578484287346	0.1828409025780433	-0.11234036350104484	0.28252317333095844	-1.2845925228108703	-0.4754861054599309	0.6754765349452998	-0.23402168806494358	0.1266236626159273	0.181031966998163	-0.30291362962601986
DTXSID7022968	3.1250883359396	-0.9706262158049004	-3.767128017005253	2.376818252770351	1.5687008577810464	-1.69391320738125	7.248052190283511	-0.7581047825558209	-2.1845840246445283	-4.4288070355734375	-0.3162365988728291	0.5208112018616459	-1.3226143573082232	0.6544063449212076	-0.13126539036096835	-0.6411818984706771	-0.8025532337679172	0.0751721225055753	-0.5523455667356756	1.1959760945957891	-1.094677358369883	0.0711993677518301	-1.9796424152078393	-0.4009414340686295	0.8430369320350779	-0.42398967832495976	0.2621798123174406	0.12041532296420869	0.3227382601301846	-0.0407650614149057	0.24532517524544667	1.3717369428932946	-0.4055883365466059	0.696764711534796	0.4118676831513427	-0.40808511784703216	-0.4737898006067903	0.9507922772053088	0.8459035124710096	0.12104950305991428	-2.448950696971186	-0.6257059285014209	-0.8991220731952196	-0.5512530306818704	-0.18294900668448225	0.4886871584366545	1.0727977340738706	-0.21084278612390356	-0.1670496210079171	-0.08299014426504688	-0.286189778968122	0.414959394116698	-0.9564349380965769	-0.38189503280767867	0.4251713824859048	-0.13936350602844058	-1.832771019210134	0.8014465608383256	-0.8255766177926445	0.361911804414845	0.5971063089223725	0.7791564449429477	0.30155396893951825	0.7944495605983113	0.4374900319507359	-0.79030665187185	-0.13570543430759946	-2.1299179326041466	0.02761851949525503	0.004023618406918164	0.006007500807355959	-1.0864577728785667	0.5401396587066112	-1.2908273907972445	0.7725603159209342	0.5012110441343833	0.7795536951013392	2.540559671481769	0.3287556992324482	0.7686077749958128	0.20970312176351513	-0.9402864097585988	-0.7211502316504508	-0.12280127132780913	-0.3167456920553941	-0.11116848952828334	-0.1160378421932049	0.3127659482873539	1.5066088751321072	-0.529475133324932	0.9667721061382779	0.2280851505164182	-0.09904602478785865	-0.9674740614881392	-0.2333361833659031	0.7535693156717225	-0.3555352271118978	-0.6106157900149249	0.0299270020847371	-0.9570644265763962
DTXSID1047368	15.348754082381165	4.10615867541565	-3.50542768946407	1.0588291511211319	2.2891221323774587	-3.1344209513225776	5.790550408116958	0.16246074874667943	0.6707697555573294	-4.0472805025282526	-3.2898190256629616	2.2618537271129022	0.05183991465178266	1.7972292527716207	3.3287684794572936	-2.245510882165734	-1.9994548882512833	0.30535942922648457	-0.17309158356419027	5.555128148787655	3.1902718371538574	-1.9667723596878524	-0.6437837191634146	1.8070983605083333	1.283185962823024	-1.253986569961911	-0.9501111104351144	0.3378602110557418	-0.4067529957658614	0.21422338444002395	3.70294539095718	-2.682723928842011	0.08574837794204059	0.9236769599134705	2.107800501273183	-1.9728039197722076	3.416958037696892	-1.7739648670375927	-0.9879117986417324	-1.7314908465881216	0.7937451178522819	0.3314861595785469	-0.18448583516882516	0.20504138505671196	-0.34128412250824897	-0.4338124893533162	-1.0121664469497333	-1.1114439082046312	0.08116903991766455	-0.9609651560006972	0.2652723932845243	-0.801207568968111	-1.2372952796735845	0.04254242621896533	0.4934875779547965	-2.0475607369411963	0.037463657850789506	-0.35213840269705465	1.5211145100036692	0.14186877828122682	-1.9185645163779483	2.230788514550967	-0.9867335424114984	-1.152918205535289	-1.066605871818924	0.6678195659040524	0.32584779851490586	0.8111715399165296	-0.27067018153724487	-1.3656729186194367	3.499592245776085	-0.8209315559311938	-0.36946024227497537	-2.562392880981198	0.784766832514419	-1.5728577205782357	-1.0978087730146	2.6485558184579783	0.8141704957579197	1.2509346119515974	0.5250479636570743	0.7365134169028585	-1.7099022651804672	0.794366617747492	0.5462184850294622	-0.26550108806767947	0.4185446518592469	0.056854257835530636	-0.7601838099901624	0.11410190480995018	-3.482303697207336	0.624999197044626	1.2916223221638836	-2.3865250586654594	-1.4354453791442467	1.0709537916787875	0.28070388602828694	0.1481692742488276	1.0375313355596834	-0.6842372230299999
DTXSID6045795	0.3731713040416366	0.5533849471512468	-1.2977700142227182	3.1038027687882557	1.7285432481913057	0.3449691480411544	1.7030175738467714	2.7547028153474704	1.1328471010467742	0.4334704520038995	-0.7285010861747476	0.4112574966971562	0.4755406603004698	0.5023183914814682	1.849947032862627	1.4393377696900247	2.2939229808200823	-1.7036709382788628	-1.269069011383142	-0.6536043453134545	1.7449943010704687	3.677622127947011	2.0442364115604073	0.33223131605424056	0.40063536183524956	-1.1076454071297437	0.6388975963274118	-0.5270324409258038	1.1923124560246523	-0.6333522861771101	0.004428210379538884	-0.5850357085115794	0.59117028428007	0.15999853025653096	0.2719923947547543	0.3487780119144178	0.02731957267200498	0.4224422450118214	0.3999101199045079	0.6661868118656943	-0.832017563271033	1.1699258809645188	-0.30179030880845675	0.5766358501985912	0.09496631640048835	0.7822042829249096	1.017357739249767	-0.08989486509819243	-0.49291250523065905	0.5466431482267659	0.09459986194034094	1.0703889630193264	0.548380196761481	-0.08482985400293705	0.5128568529431208	-0.9008303636195166	-0.40803594233455387	-0.007086713768761961	0.5772601173848068	0.40775037468881464	0.9627928565062713	0.6857462946402965	0.16445848419275283	-0.25195621198302276	0.3335464369931028	0.9418925168302489	-0.04773465798952214	-1.4923815627235288	0.8754915552360291	-0.1800713540726209	0.4072287692139363	-0.09294373046834851	-0.20114337285571246	0.8358676900977532	0.5970121024029988	-0.3624724842841265	-0.058312936760050844	2.3374513324461517	0.1708603616541344	-0.2890772035674909	-0.9701348001098553	-0.5311527410115887	0.16742359850584787	-0.5861567745358005	-0.6693940872308398	-0.17786841120370467	0.15263017071288226	-0.47500594594633	0.006355635925347113	-0.3482107042116852	-0.4367795338134815	0.587796747500071	-0.3094343761001957	0.7074834003371226	-1.3524773374500731	-0.6775408585315462	-1.9387252153438452	4.197288768292424	0.8870195905568864	2.9231912754625835
DTXSID5044780	-4.249572038163598	1.1970154798438646	1.3790138258031333	-0.4876740117067472	-2.021459097721857	2.3473444605964535	-0.3628523042572929	1.4121769900443875	0.1364827144036902	0.45012989177785956	0.21759652201187454	0.2401973425202321	0.34844179282670074	-0.8933363955345197	-0.11860152702084012	-0.014429361834384924	0.002104429888711618	0.1411372997879121	-0.37001388827495574	-0.487174734014976	-0.3036726830644588	-0.4546424535092391	-0.32527368885083846	-0.21378415775045026	1.0668385535685303	-1.0543662092609773	-0.9940482983909722	-1.6951055510579247	-0.0020921708841331035	-0.1597518837460711	-1.1351629416006082	0.49006036289144755	0.2000951419129843	0.08185656161841945	1.3837424544941916	0.7545600689706495	-0.10945022926438433	0.3916899112016968	0.45183591482958846	0.2672948393253075	-0.84194697327083	-0.656600612218868	0.2225614332390232	-0.400719915132756	0.12008699001286659	0.2329745861394819	-0.1760706643384884	0.12203229171720324	-0.07056916115702191	0.23125708613277443	0.020148630303239892	-0.05822887444379083	0.25095770855749866	-0.5386579518467641	0.2950826756366223	-0.0497015001202032	-0.43052651531404224	-0.6917286454386741	0.7027750024778744	-0.015604200249807418	0.43550906390241784	0.04653297750785737	-0.09393526364253202	0.057237342436934006	0.3421214402218145	0.21652380053815903	0.457317113678445	1.095507036527514	0.10482455547521907	-0.13720293470807876	0.8875073291045401	0.3693707368676307	-0.43388669625754006	0.9314168489633894	0.5726180774756875	-0.4754620938093821	0.5607894579103002	-1.1563558193977	0.14158758382313025	0.7823894408642806	-0.1621256999119092	1.0093762283277596	0.39285426079054336	-0.6399733481611913	-0.32187861590419004	-0.23830966242311677	0.31777134407139856	-0.23629646078442723	0.33885597382566807	0.2391613949040944	0.0035802366564768443	0.2609875131505071	-0.45945529214286457	-0.23451056515213103	0.012399093329812174	-0.42635629241283557	-0.07788275433867965	-0.2979791386931991	0.04712763565980492	-0.12325686236067153
DTXSID0052839	-2.1082219915173517	-0.7933070373036115	-1.3118823331628364	1.1902513625479472	0.9355135910788125	-1.2156143618812965	5.534548961843277	0.2337675229509678	-1.56298164209607	-1.4164597496573854	0.34676818526192865	-0.11475319678431961	1.162670595939758	-1.4568172157106785	-1.0847131119507378	2.29070518399832	-1.7206577443759425	0.9873231003585795	1.698419758331675	-2.1179391051506826	1.7067256611627053	0.5802014855901757	0.5129213367749951	-1.146960902450419	0.42231073496563015	2.751901452204773	-0.9878456289482189	-0.4972041661392827	-1.7940055010128164	1.210346467422321	0.17477155361557023	-1.2086802327322028	-0.5081941571007589	0.2714163284926727	-0.3472542729732611	1.1481215727976437	-0.20432336063471676	-2.202758576227487	-1.502055886768666	-0.19070275527616193	0.6308832033277167	-0.6131458185399881	1.3752458839335702	-0.6848461301154809	-0.6831857076503267	0.9981462679422548	-0.5257641500965167	-0.18733469136340347	-0.05793986491393295	-0.43293959398964954	-0.4823703398382696	-0.4244696202358428	0.24771089108881092	-0.3274862106198915	0.42371555040081965	-0.5035241271942452	-0.1355904536063865	0.05960009871698752	-0.708371038780013	-0.4699920379745216	-0.8281796857769972	0.5672911455073288	0.5139144226850186	0.5390747119046289	-0.4274875415669935	1.4959553223272146	-1.8269876136714867	0.17376302083192358	0.39833696530887486	0.9541621362052952	0.061089608473189165	-2.0146834883437506	-0.5662851065514293	0.33054543728154095	-1.2700568991936625	-0.5794746920071538	1.4109821950373764	1.4810104704425096	0.46910116210183467	0.9457667151558908	1.099863186780887	0.4070530331046291	0.04309754651058981	-0.09272770445031263	0.5118560814881666	-0.41032835621308245	-0.8090941779576026	-0.20044907467874892	0.2683423565303977	0.6285739453411043	-0.0694532429206586	0.46155005388410686	-0.1818508187933504	0.0928819107144825	-0.17231027645948957	-0.24033795681226483	0.746809807249333	0.07263997479484588	-0.35758652173225997	0.07922037734998158
DTXSID4044456	-5.41291183801032	-1.5246424485962629	-3.7893631730228012	2.9408599765139503	1.3385731191797627	-1.2176388046870148	4.26103304458029	-1.4750324363929699	-1.1528405865607414	0.7819843494816909	0.5410530257317591	-1.5239617897045512	0.10372314196818658	0.03661421381655025	-2.1289266491208334	-0.1200314414880668	-1.3863046346230141	0.13956362034226083	2.7594883272952897	-1.0929957544280366	2.169946854993977	0.937824453277104	0.8089239613428293	0.3358228767558699	-0.8055368834768986	0.5343124927322294	-0.17985142138891685	-0.9589647735558666	-0.8424225968761933	0.6174172113152374	0.1206008652331493	0.09313274474811567	0.49012449680223646	-0.4187669481182456	-1.1284636205175609	-0.22097400081732582	-0.1610300830532406	-0.7354374046521772	-0.6822295684940934	0.4191176452753933	0.7939056706581813	-0.2765975985573959	0.6261119850442279	0.06918873664462415	0.06325535354016941	-0.8769662347871043	-0.0053815556548184595	0.6954573014844639	-0.2398577695749658	-0.16322586958732815	-0.3339065669979561	-0.3625767392048871	-0.04108982087779621	-0.18223342560595968	0.042063639210946496	-0.09702338383307527	0.8386537121779606	-0.23589146441648287	-0.011295323183091533	-0.40876834418966296	0.35562450371549126	-0.629716740830808	-0.2989800314229994	0.16643507679148314	0.46441509612608817	-0.05447297778449278	-0.08227773976482174	0.4508412358549133	-0.056534459416294605	-0.0831418365750339	0.140194921068613	0.06517284485358475	0.11458259887491261	0.35911223253361874	-0.9308675881954265	0.5432507962882664	-0.5680221577939366	-0.2112773573183559	-0.15566623936351945	0.1821816321724051	0.6891524057991761	0.32945362671872497	-0.08470978957541972	-0.5174481215151906	0.6977646967262203	-0.21876446395014484	-0.7400003530065747	-0.07100380825639334	0.002407212047320254	0.31570838805208834	-0.7902723119854129	0.18489677785226447	-0.8440061082320827	0.5517173226293001	0.4116948006427616	-0.6792226482764061	-0.032476725479058166	0.01525402157621575	-0.09200658784257298	0.04127933734355654
DTXSID6047280	0.7806071126468019	4.095854779574883	-0.868703824761203	0.4403810454948395	-2.1847296326781347	1.7627455641763656	-0.6524231150555981	2.010790259155239	-1.2595788148986415	-1.0109354239052266	-1.2252070326120967	0.6008378625217844	1.4008894917447923	1.7866458006844554	0.026373156277473688	-0.10070868206846034	0.8842947560469172	0.6438358786036866	0.8373478980900634	-0.43185311877091703	0.9628017655561806	-1.0839954558899718	-0.45353973423503346	2.051062919019049	-0.6364973686964193	-1.011030713222505	1.1740226132932492	-1.322887369827321	0.6489116889647889	0.2988879368474411	1.0487909282307106	-0.8632838347225503	0.5461367961814978	-0.5600955015695397	0.03242424597162145	-0.045162290596492786	0.41373170066210957	-0.22827128759418003	0.26811130732905814	-0.37906644858455324	0.2089255193875817	0.3755535791839352	-0.24208995486855472	-0.1622387515475782	-0.5623092575069666	0.6750786978968634	-0.06725365303623325	0.5670282088983646	-0.27442687208354233	0.29373029914328996	-0.2536626303428633	0.16119353440980574	-0.10022952091227591	0.05524774266855877	0.19245252795347267	6.816953250956477e-05	0.4703488806722957	-0.2674886662552214	-0.843690177577846	0.5331700788628183	-0.3241647312911584	-0.23178919319015664	-0.15577245056639166	-0.4341094403546776	-0.23300776141538887	-0.5627155229063341	-0.31868679612722883	0.22329689526873076	-1.8543934359296774	-0.40961535133521076	1.0926666443708597	-0.3124332383860875	-0.6127539206628145	0.5290774954455726	0.028797749345213983	1.4013789547995215	0.07267218635708726	0.5146476490854817	-0.018032765152421866	-0.21687821856370249	-0.2352439900455558	0.43393687698181127	0.13129412063210374	0.3662520446151886	-0.14307485188214847	-0.10631288816234852	-0.26434578903485784	0.10548058163393323	-0.15811220938502188	-0.4910511011434263	1.0693154886602847	-0.4224202102402439	-0.5512294142132527	0.38757993569866994	-0.1619440101429765	-0.03865485875087725	0.06635833944773296	0.1473341743762419	0.29296609348263003	-0.6199745300541611
DTXSID6021292	1.25710558022759	2.0726455678053606	-3.5367524751012027	0.8138790805715056	1.0484276439705327	-0.4540577880481263	2.9426665743058473	-1.5852107463515401	0.5142933346901104	3.2554059885970315	-0.6044589405956163	-0.36631633926520113	-0.9913481034765556	1.4863333165290307	-0.6438025769554908	-2.7353886275690322	1.8056811846693965	0.8547482615204433	-1.2364996860452675	-0.05822576530327938	1.9829745903905895	-0.5907872032281398	-1.1388990043569005	0.29473873446222615	1.7042061262217334	-0.029396203432729202	0.2586212397946116	-0.07839329817232504	-0.31645058709426926	0.17656886962408697	-0.04536108576224349	0.4051896778771237	0.7367026117140433	-0.6138006872221594	0.044104556368794755	0.33851208479150385	-0.712427070767383	0.29513554766612893	-0.30924953991660975	0.09023459441084845	0.8973547188150838	0.9097715338222033	0.208300821777038	0.1132829910416244	0.1769389725010412	0.32118191027166	-0.2961986859270438	0.18892895711725533	-0.43157536310687744	-0.6800722830124115	-0.2425557254950029	-0.5792844277201608	0.29231424265280653	0.2409936891088287	-0.7611618546655283	-0.5697599411377015	-0.18488755311973237	-0.4862620601111273	-0.22364177321202838	-0.9142946748234596	-0.4123768928546947	-0.5148652675382827	0.2178479052313105	0.6569647001258194	0.09687736726023292	-1.4001872943926956	-0.28104104772755567	0.8951206909801181	-0.0872231967914899	-0.14942699937770856	0.11077988777751953	0.24663556292544983	-0.28039707060861424	0.19251900711765982	0.6212389019016069	0.14571969193172293	0.45128732990325365	1.0862056603829953	-0.14246984911894198	0.2371164112742985	-0.5326326825398839	0.49618455380389054	-0.777790271118584	-0.21347411061739519	0.3244687006888372	-0.33392706006278167	-0.11471022253134444	-0.7646102762376357	-0.29589988232136166	0.5118805583957895	-0.15281299528662914	0.6204852208427786	-0.23994129967601402	-0.2101009213344295	-1.0211998630747352	0.5679759544513944	-0.3723941954924199	-0.06937152275491891	-0.033881681979120726	-0.19249058470781
DTXSID7025972	-2.2223018442231828	0.4758796744997655	1.0693167552607823	1.6337857554175437	0.16792582369774206	-0.2204032520049719	-1.253163806244877	-0.23146527270044778	0.780523002365379	-2.557699992192805	0.08480599360467406	-0.45476684846811544	-1.4795459689693473	0.9671485200786395	-0.9208637638229978	-0.7829471595126126	0.8427078155874461	-1.446432717141751	0.7796735505649199	-0.27850533466603883	0.5746542491053557	0.2807818951500369	1.0386206114408283	-0.3071306105914177	0.3654683312325016	-0.28288313045274055	-1.3235237094010217	0.8027798871340571	-0.06396720631970133	-0.6614864640429774	-1.428687498962821	-0.16510724669261945	-0.10063017474521709	-1.442573788723035	-0.6918622713042148	-0.8727753086587919	-0.37775056807977075	0.2674957801505339	0.4313245367990152	-0.01553611783790485	0.2711690507251292	-0.13275328748695994	-0.18727388343527632	-0.19418689239075754	0.48360558645559293	0.6361544969699001	0.4220697627891775	-0.4116625900964782	-0.2109625084140976	-0.10614525965607435	0.049362336502272126	-0.10709078978018102	0.32101293765585104	0.03539405702397062	-0.1379037758814576	-0.6710228564238466	0.3523251628425586	-0.8171913053926534	0.18823328317411864	0.721995905609821	0.1446571969498299	-0.2606571831655525	-0.6212364331016843	0.1431897376023479	-0.3531139126282659	1.0199084442020268	0.2284376774725642	-0.6250993473457759	-0.6826877494533501	0.2171318010442173	-0.18279121606288776	-0.6325472586709617	-0.2188756632738506	0.5855920153826294	1.6747240449604295	0.5025537393774654	0.6421934419235664	0.31010945808635865	0.05851249594482051	-0.4115782161969172	0.21776807878081242	0.1319119329797448	-0.5521388178103414	-0.10753896172760462	0.15394729547976682	-0.3210175972083466	-0.15222876279496522	0.46636926538390533	-0.19761419378116196	0.18003328675881802	0.01991968266292969	0.1564843357933948	-0.018186006334938234	0.45867968886803573	0.05630838261234882	0.4075809134792778	0.2752547364444995	0.1388067585527014	0.4756422371184395	0.08850252453242272
DTXSID6044436	-3.0378721032212437	-4.550001234352419	0.9041336410031308	1.6064412401077306	2.629728829112739	0.22893136093958602	-1.4942633462836235	0.2223814228070321	-0.2923432178285754	-2.9654515647407447	-0.7927578278711005	0.06987397018177961	-1.9341524476207252	1.612982311467091	-1.167808749824736	-0.31467102659473006	-0.1276078851197657	-1.6899252540432697	0.25357775841864355	1.0188897069941163	0.6691455960187399	0.5762972149192721	1.8222491807010694	-1.2161251086232228	0.849852977464469	0.46394582337335605	-0.07834234939989657	0.19293653498094887	-0.3757789453888216	-0.13096350094940828	-0.4396777466781391	0.8690656706973054	0.6938427772012081	-0.8393932762395558	0.32218553447803294	-0.6457401269839446	-0.46560342800613597	0.6943067589255932	0.17934293260487766	-0.5789635982452213	0.5847916071082467	0.028352937396397035	-0.8156121323876797	-1.4954172356999746	0.23508377822136503	0.9178927283817703	0.6494150004227472	0.28491935376318345	-0.638748734807014	-0.1965412786183378	-0.08938263207354256	0.24768030203668182	0.040033879016369234	0.1992465297703395	0.052230039445813774	-0.557610124900994	0.9451604818199422	-0.41268794908525513	-0.45228433832533327	0.6572308022086764	0.400540637170701	-0.6644459145319928	-0.48336678861831145	-1.221409064238845	-0.1897024621506883	1.3207972352710595	-0.2420594121772699	-0.1900043020826769	-0.7871582056230633	0.27913600701003793	-1.3177983002422349	0.09316123575918177	-0.12366602818026524	-0.17591965614724892	0.8887575011429033	0.6399054269684	-0.708492556059738	0.3265786983765351	-0.366014159917137	-0.39873708441006284	-0.6486165364532958	0.45825106272914445	-0.28402515164885256	0.7903255355321794	0.5171871764990057	-0.6528883751443786	-1.1083728490869238	-0.06096345245792583	-0.4069023308779992	0.23037418139314012	-0.2357517306779946	0.1877961888508158	-0.3112805640896453	-0.25544560423858975	-0.10123512573994169	-0.5988452648465578	0.8917720438641202	0.19290230487035034	0.10299554339110341	-0.17296161405646832
DTXSID0048971	5.956141118324795	4.87739241083834	-5.017003546803144	1.0624060348206161	2.7457901654232075	-1.0651396543694265	0.05134082707123531	-0.1185119761919343	0.4632456513716029	-0.6109305793591702	-2.488693042604201	-0.8058474136311353	-0.46697721465414194	1.0087186474284022	-0.6428129464425346	-0.595397954191539	1.976641418639089	0.8565909414236256	-0.786046571421198	0.7657085465754216	2.115920047663086	-0.20867053780295894	-1.63934341733273	1.2315828203073762	0.4367483177275739	0.7121439801941052	2.7570242998884495	0.5381160000904522	-0.29800633772286594	0.6597177019606052	-0.523055973929417	-1.0372013993304063	0.5430242873967722	-0.532546206378346	0.9087896105944319	-0.1990949436731466	0.9450768825654349	-0.8872711031100705	1.1122094320624945	-0.2893286082683209	1.376050539204018	2.6386868717674266	-0.0851910083672329	1.3958877036876025	0.8171285622462645	0.17918412927677052	-0.6335608196015919	0.25668867205796353	0.06843743513072713	0.6445213014361071	0.5582394929872261	-0.2384836912116608	0.5950694131528623	1.0657779850112956	-1.4393179399581841	0.11810784666152307	0.9148073861892326	-0.32873230896623734	0.6462593462831933	0.8782255729881514	-1.8829450335746063	0.2976534224427553	1.0298124677891642	-1.0436467356668435	-0.9684306617415829	-0.27129304758895467	-0.8632759454043941	-0.04760599449733893	-0.1602157922622531	1.8579266376377321	0.11154644119764424	2.168635605309821	-1.490972039451968	0.9079570134221241	0.09075268002066228	-0.8061998127665961	-1.9719721696900339	-0.06019903046793078	-0.15586628813238448	-1.4272791079123146	0.20716412705941536	-0.11904899628451339	0.12718627450258352	0.6098819187008148	-0.8410798500825635	-0.030852062214487167	0.8206462365746262	0.4615632826638107	-0.5342275171552386	-1.2650768000458963	0.3097135121636998	-1.2811327606538547	-0.1596489178835013	0.18272526678588208	-1.1608611246296372	0.1941701043801598	0.6466238023447413	0.4760740475286552	0.6154081038189714	-0.9762383286765163
DTXSID7027253	-2.014969396245498	-2.324040969225774	0.12530503029086834	-1.8088639799575277	1.5968315017400796	-1.639154731951087	-1.953332942100218	0.42381984869349126	-0.4159183327245461	-2.248627182555622	-0.5912272012955679	-0.17609499496256512	-1.6515163840985805	2.273449873930796	-1.0052553599410698	-0.021332171430838376	-0.23399017747217876	-0.7415076754141019	0.3989435957531197	-0.04836040654370539	0.6168046989343529	0.3982002012659682	-1.0004545868094514	-0.7163200975088431	0.9360880550856319	-0.5445679661826173	-1.4217808961011458	0.8240648386825451	-0.013645713535558775	-0.6373879779684712	-0.6496226275436785	0.3710100478870383	0.06887455401924221	-0.4878969634080286	-0.28666806432003156	-0.09960859012791493	-0.11345163935836017	-0.13038063689826887	0.10385317346818926	-0.10596341973762387	0.0866647093343519	-0.6339613654530708	0.00018457348523713424	0.11372733788312711	-0.12790458550381195	0.0866217284909194	0.0639202292055633	0.49238419197736055	0.12218029741532567	0.2858788133915671	-0.19727458027444425	-0.05754143448860873	0.21023321892233965	-0.345427185194383	0.34506843071031107	-0.10808890921200848	-0.4680316234307734	-0.10687887589799513	0.02321033865602	-0.0789146722611111	-0.4251775029208642	0.05827665536945955	0.7211755576700228	0.9078000449497217	-0.21532436641616143	-1.3512707222294504	0.7395800918119481	-0.4399707335011132	-0.2718916591591088	0.015139780071534738	0.3632167951947847	0.2693009034235247	-0.036266638196183566	0.022471793734545192	-1.548076377514712	0.21209028994698303	-0.38069875159938044	-0.5946229758625998	-0.12653384444220683	0.21265498830336846	-0.25749226407697146	-0.09231636012693825	0.49308523779594005	-0.2056656589139364	-0.40392840145055026	0.12735361610378398	0.20560885198856457	-0.36652652728111584	0.27640509967424576	0.05933066805464273	0.2551308340008563	0.3582879606851707	-0.5348987129264873	0.01840070437572375	-0.028989454314927908	0.36315627881508455	-0.7175110553784132	0.22846398184176026	-0.4209410075626442	-0.024941962862143542
DTXSID6047444	-3.4620856121766805	0.17004344317740286	1.1752143146226313	1.8523163691893525	-0.9054309129772387	-0.2724317271197102	0.9574679543880898	-1.2232673467516777	1.6597009838365264	0.7632931138295849	0.11139065797648785	-0.33497216906378696	0.037857921217550196	-0.3513159414284051	0.9520068608099927	-0.6913747593090488	0.59372393942459	0.015249146310249559	-0.13339058007337126	-0.5541821365373777	0.4891374179585648	-0.40914969676496377	1.5226901687154466	0.0444911681988927	0.8237069165277181	-0.9291801996743243	0.3909531047717167	-0.08667708674331545	-0.32817421951315373	0.6153816600353357	-0.2172733714293888	0.4141487095878908	1.5484600934299606	-0.3985460679474411	0.23935350647777642	0.559610952174313	-0.7419082311499459	0.42455584324689033	0.691772186145349	0.1364504257441983	-0.13740487871991613	0.28976829395456855	-0.20203643794629617	0.3472634481177422	-0.4364277368843972	0.443118108859414	1.058948585939537	0.0319713401428478	-0.17177806138156881	0.1509666162339623	0.1387529445985678	0.2463733006191647	0.3469490852196626	0.01195167561586414	0.2544549044494974	-0.25334520827267853	-0.13853108047703555	-0.4567881255415399	-0.31886529344721176	-0.24184055890150813	0.8563993775739487	0.09214775824144551	-0.2010836856998358	-0.40714634596268306	0.226711133603487	-0.360125758291879	0.35627731058528384	1.154028902252008	-0.1190706939043636	0.38995289339234873	-0.5632782931655942	0.7568595882018422	-1.013627398311387	0.3159429387414566	-0.05408583560521635	0.3092542925116913	-0.2543074753322372	0.24816227487728718	0.14900810156106678	-0.002536282698771641	0.166486903295566	0.820031942462514	0.2642026187407187	-0.07634724768004704	0.15850673187584544	-0.45436221908547497	0.3564798366577756	-0.15568056153476945	0.641489591994032	0.22259513810884227	0.5413731636687898	-0.3555732191162947	-0.28373725287775803	-0.2890367217344803	-0.36178279738024427	-0.11422737149470302	-0.6143126815977245	-0.14113470077928175	0.6151836672425367	-0.29130490381349805
DTXSID9044405	-5.711550403413104	-3.241134164724965	-3.4979263654380017	1.2703767117589662	0.6808192244618365	-0.6462177749428448	0.43853884472537835	0.6605602669814504	-1.535085642506395	6.282645131319503	-0.5931489370622866	-0.5262335603215305	1.122394221387054	-0.9456130008361455	-1.7347154830350624	4.085045611166202	2.927367700874019	-3.024806724831907	1.331047727093137	2.47436046137001	2.3089509090751688	0.6726078507226101	1.5922702089274343	-0.6606224391282163	1.3189719234166641	-1.5347987423449512	1.8279413202125951	2.2158790574652065	2.214315965889618	-1.7925144271115676	-2.6677889011532265	-0.6966347726577341	-0.9168363359203299	1.0989302053349856	1.1966235298908625	-1.669600648474524	1.113965249867621	-1.2564742104952875	-1.8231731646639033	0.19834599340501496	-2.671977421355043	-0.1383441698334304	0.22442222643544055	-0.01282563549794989	-2.5960106145242854	0.6037361491604452	-0.9210519444273495	-0.39995352787475025	-0.3714759033730564	0.46729629315416776	-0.0724867172701161	-2.0923031335018503	-1.024779800006579	0.6362392314488223	2.150399057399409	1.746165869862275	-0.966616039765771	0.92140414587794	-1.267099608765298	1.0095239058026353	2.3488719162763596	0.49261216990221224	-0.51744753934918	-1.0162760648214815	-0.383701232735804	0.78139766089925	0.5945416338566193	-0.45858116667224175	-0.7327523727840785	-0.12803757202454158	-0.775102517912276	0.32514405109569694	-0.3500791436083779	-0.4037585893258539	-0.9406319506915686	0.5353188831697405	0.2366451724051141	-0.2737634558201294	0.12768019498017208	-0.5952811458548831	0.12749455118963868	-0.08532947950714555	-0.6839940241743889	-0.013141423533166538	-0.5428818167468549	-0.1598384222129089	-0.27307665699781525	-0.48325924221279243	-0.21419940863665543	-0.3736086097205776	-0.6493759992573727	0.5653732805133539	-1.0716957559841656	0.4791052671865082	0.6286844569763673	-0.6569916227240223	-0.10432751530721651	0.23751992689027612	-0.4175641141804976	-0.18616692094955783
DTXSID4042123	-2.0175809968528005	-3.847432080774622	-2.111178534681205	-3.671406082926204	2.233845048149988	-1.3893325860927674	-4.519626685266302	0.5701525536162482	-4.1919992970793	-0.2000590237076322	4.187805914382905	-3.3997713616653424	0.07377193822556286	-1.9936424276649765	2.5968387795537957	0.01191825846369514	-0.7901226101076875	-0.6777802124172435	0.4893406118749027	0.4720511009285385	-1.7877184119450658	0.8446064584278247	-0.5052289035086015	3.777699181525601	4.391625263355771	1.1470656537470605	-1.1514649883023604	-0.6817669892172162	-0.8906730889705629	0.2522488341890704	-0.44848283378149945	1.2199786978419158	0.5981983328884916	0.5522376652626215	0.025361645404216107	-0.7121507382265811	0.5374433914079179	-0.35239047278012586	1.231197275278506	0.24634404738698784	-0.9812845619218538	-0.061254935747164584	-1.5612698397330296	0.003907473546717725	0.30752854930003976	0.06159709851135738	0.5511514926019583	-0.5376394581298437	0.15505237784795556	0.023465344645205517	-0.014374061556100362	-0.048475927678487636	0.03202576186305148	-0.3168850635992056	0.6946873278601804	-0.6467282530296911	0.20572926264611582	-1.223601343363308	-0.18337085610466888	0.7451477667383405	-0.6117061696216148	-0.673916260385348	0.1469381996574144	0.41239519581712075	0.1957578445487602	-0.146240296719773	-0.6607968572915047	0.0013999591377755205	-0.040533913439991416	-0.09413035330586615	0.703301773278315	0.2832869746796416	0.03226501651556444	-0.2507042616854342	-0.5948104459597752	-0.35163242236863784	0.3326404754526412	0.009844430828055618	0.4830818916227575	-0.8363161771981703	-0.005144851967618656	-1.3044740091564386	1.8685511387728884	-0.32768744904509994	2.732818930668547	0.625167765303409	0.8104406821061159	-0.6278509645895451	0.9646091801084107	-1.3538419869183462	0.02936645616028844	1.3209188760070896	-1.0055439314477022	0.024287457655396145	-1.550294394763231	0.5200053454429917	0.43922786282118703	-0.5331409748865465	-1.0436954600586488	0.6482714213764819
DTXSID8027084	-4.320533327084933	-3.4105994725142805	-0.6321749139065187	-2.5798236671469166	-1.1339629117953225	0.49570639998573424	-0.6626731721383685	0.5747537872157973	-2.069100948257582	0.37948011571583684	-1.8844119643952923	-1.3606640415496845	-2.4678174235584054	-1.4218432825224783	1.6434433930037768	0.9301113287741284	-0.7133551142704193	-1.0883647216065984	0.15933847710828475	-1.801497536303342	-0.5471176480925836	0.2427857428031457	1.553925518768244	0.02200634140026956	-0.16535975005992737	-2.603198140326362	0.5031707566243524	0.7968538798353141	-0.6148470379170266	3.69536788940768	-0.06969173303626298	1.2064020940363926	-0.746908362975671	-0.5710338269858909	0.5517047155111904	-0.6784969704204855	0.7403899866859573	0.8730432839975486	-0.153181986640981	0.6000061851724217	0.6857007282336426	-0.15190190167838036	-0.1445260840890582	-0.13312617020462802	-0.2869263243443542	-0.11126886740456998	-0.30751242740248436	-0.050425151568747106	0.23030094648454905	0.3772510646142009	0.19545262116364662	-0.30284609577595	0.4104317976745739	-0.1624345455700706	-0.014724707481100312	-0.005393389117932165	0.06296080957961286	0.0882791585808498	0.5772220312718986	0.23791926322855453	0.26516469932202885	0.6536068666352567	-0.41969005880963	-0.34646800215477563	0.7528410603214687	-1.280885440182625	-0.2152070540779984	-0.3864137326722995	-2.0452381767142667	1.0022457185159521	-0.5314885156138591	0.47323445107275997	1.926259439114218	0.5487598771103904	-0.6564154499644488	-2.04985328604342	1.1834581570293523	0.981913206730623	-0.06820490290625415	-1.1915621178799498	0.7551195696053857	0.12019734506810285	-0.49014756130482295	1.6106287923194653	0.6488637379461453	0.1945140768984693	0.5827710424222876	0.07881257694522908	-0.9811960734450174	0.023868713092165487	-0.3975029594650171	0.047449038269885994	-0.4827352487190418	-0.5490082736570421	-0.20215224337828153	-0.22479645113773378	-0.056570912341555486	-0.24616923876970107	-0.4006876725734605	0.4590134059425831
DTXSID4027361	-0.31605172758207734	-3.909018007172358	0.041705355235290016	-0.8543722286493335	-0.1473851919654376	-1.3239957255819976	-1.5201965781838425	0.2259632239323171	-0.7754703378265287	-0.3809788373806084	-0.37337542515279837	0.5578073149070839	-0.20791146944433142	1.4797148199775338	-0.48289839219064046	0.7146716190015225	0.004493553146251752	0.6381068913347787	-0.31790997030682466	-0.720122181117357	0.51147235502607	-0.5937317270451954	-0.7674309502401624	-0.23954033947056816	-0.9286256871389263	-0.35849566407739175	-1.0217989419684053	0.16614090682649318	0.08221327638453325	-0.8530017947325256	-0.3355755437503573	0.10898922523204937	-0.04883658495416252	-0.14907146382113792	-0.16285077523003127	1.021442703429851	-0.20131623875545013	0.6852207246801697	-0.2845457424979731	-0.10567386394050467	0.1658862502579	-0.2158043156943823	-0.22301265653512783	0.05808811391280944	-0.42343231846246043	0.16197665529052976	0.0030138086868990196	-0.5194772699252163	0.059753360667720766	-0.13701175389320158	-0.144715182215674	-0.27744212139642566	-0.12439730198115849	-0.31318854034940274	-0.41411761182251	0.2587305940785089	-0.23772373233347158	0.09709998132087765	-0.42170732685281076	0.06992566046166918	-0.31715037952725256	0.04964271187578149	0.9034542765329467	0.3453682197359192	-0.7927152702675061	-0.7458783996120383	-0.04615672524644616	0.48793214084277775	0.18987796907205537	0.08024293694286141	-0.22818861358673032	0.3496775397140814	0.011908831724468648	0.04962733399253166	-0.17531147541346945	-0.5972282993338998	0.20664860137197621	0.1982020171281823	0.5300508505055509	-0.34016589211228887	-0.5021793004365267	0.29313993933539406	-0.33579034603844965	-0.08369062149604153	0.10817444311524693	0.9985131378005145	0.5445966121979265	-0.7139943478104972	-0.006215310705547428	-1.0414064391875448	0.3646899599138525	-0.6360812018534316	1.4011130843657649	0.7091742902170638	-0.718187313676655	-0.512282577369962	-0.2841061114879789	0.04863203486976052	-0.32020952658084534	-0.36074697778061066
DTXSID9042382	1.4266360904441753	-1.3422733599101653	2.664818571774547	-4.427771471712088	-1.7922732373031747	-1.9325855832997554	0.14115055364020612	0.7198646894758325	-0.06381635943572996	1.1933814406126941	-0.586893981284654	0.2582089533646667	-0.31404998957056773	0.45259066929965225	0.568726265271951	0.8742071315494789	-0.9418686417206712	1.507984106784719	-0.21649816188000578	-0.6593817447861627	0.14835823233015463	-0.04450998796772489	-1.3765745823669382	-1.2699653643245143	1.9304983526543058	0.20355810379632533	-0.4317912337249987	-0.7111364177105224	0.22996903542773273	-0.38820830665068146	0.7048267777059559	0.06314289993050261	-0.5881258955606162	0.2102871238043302	-0.29930252071032903	0.14025030951123424	0.6488685010402936	0.3042010823742131	0.21667204853327163	0.28216949257194884	0.16829584091878289	-0.8239224410154085	0.107929251686399	-0.3270932606445636	0.13020951865536623	0.31288267828549554	-0.3501084451545058	0.8273881775940217	0.390130222501851	0.30637664924534247	-0.06920271626152359	0.07800436186932566	0.17752711864333381	-0.10838862208307833	0.502422840461091	-0.5227303223985267	-0.08456978293077543	-0.21427691624080575	0.47663796846237894	0.17820694197929576	-0.24607690724471815	0.2557964627466913	0.238522710735866	0.6777555234528131	-0.3403804860758778	-0.8856691590633721	0.5567227616699619	-0.38494285082751584	-0.8099922495001625	0.6488133943175718	0.07756941563365387	0.26590308447171357	-0.027620902020070528	-0.4775135539193028	0.6756583912250926	1.1801427795038713	-0.253177136203344	0.09684143268399686	0.48550050962403124	0.3434129175932028	-0.23929498025128568	-0.9462512546687258	1.1637216540621231	-0.06588167617341616	0.09494338464073133	-0.41333112265287675	-0.6361857306739166	1.1602624319770647	0.06269531942380605	0.691841453589385	0.10286624069286271	0.15929825800624484	0.5142374766526977	0.73945477409883	-0.4630409750507648	0.5506027337588676	0.12290741336894147	-0.1329262442115918	0.31479715340832787	0.7265744021326532
DTXSID1024338	4.108855839012151	1.744964452315065	-5.412384304015796	-0.41346813634493235	3.339469834952179	-2.4902742389353674	-1.023523023073371	7.0632736777716	0.8532254252982204	1.840767906452313	-2.491180453776626	-1.1298912709995304	0.9597487950891186	3.000775914244864	0.9578525236415083	2.868688948839277	-1.4768996919964432	0.7158282798703821	1.7070518082333923	-4.0298177950642105	2.1943685385384217	2.1521699376246812	-1.586262884689349	2.1452540679562557	1.4058661329615394	-10.779871160591808	5.251917841541337	8.38765487569087	-1.5040197056711901	15.965390018590014	-4.8801245129205055	4.420842908102224	-5.063046768482028	-1.0562549977929272	1.70076024927786	4.657245871432046	0.9950002482347002	1.8198296415222805	-1.5247257097565081	-3.8448202652529027	4.7497790714736645	-2.151471639114849	-3.0214280992611195	-1.2401192446166778	7.824414276805078	0.21598716572833881	-1.2742355896108346	-5.8166146229976645	13.91772496402327	2.2938543080179454	2.8379575322878066	-0.16338501584809026	-9.441287480122051	2.271824903819463	-5.365822089237641	1.9145147137842315	4.339706335135899	-2.5297136894868983	-4.456366775539769	-6.33734018652061	3.9393648441892437	3.1109576827171432	-0.12456524553440096	-1.5328586488628968	0.7894468297410352	1.1340715509585944	-0.5219031012199034	-2.449850522014207	2.5485993194063514	-2.163759805291924	-0.2937002774481722	-1.220859629813661	-1.4524805905149953	-1.7885662377183746	-0.3544509872614554	0.9393200089650068	0.9141312528864913	-3.2850471032948203	-0.9101161258133235	2.007870476181657	-0.08396499965773774	0.011584903508382198	0.2747083720630878	-0.25411964488722844	1.2141934154040464	0.40041316695392953	-0.09970507335539172	0.6728926623391268	-0.08447382159629974	0.7682601270554575	0.7200832545776484	1.142525348937977	-0.1384973222408691	-1.061039482886916	-0.18733636115408353	0.03176958331098602	-0.6690815761816697	0.12467089105314894	-0.8033218804674208	-0.16886864116569406
DTXSID7057606	-4.592112948682624	-2.737831561724801	0.8367469109351642	-0.49765735727407745	-1.3353220927651417	-1.766059095068295	0.7293524025282768	0.1625934971318439	0.4812910348756388	1.9830058377629387	-0.22063828989348885	-0.3509806098131979	-0.2978633354709422	1.299419976016401	1.8634454802692664	0.5342701104318834	-1.5128446011674737	0.8681723094680601	-0.5909764236176918	-0.5470848143468674	-0.36122989729271127	0.03295481918471319	0.12990859678295194	-0.5433602450851662	-0.15295345691708787	0.06905437127613501	-0.04850369475109124	-0.05988165023963774	-0.2989896188804567	-1.3178988307219506	-0.6123383461538161	0.3591819872404308	0.5979897587366346	0.5146207191852371	-0.5674355259353364	-1.4103364602470716	-0.9480796574284868	0.11451639560350914	-0.3332973265109117	1.2906056441998708	0.40395872661934246	0.010019801042874771	0.5020279494931262	-1.394558545608524	0.03217961545745068	0.4902473752114908	-0.6984172870791339	0.6710264638003415	0.47027017224485496	-0.12377773000429314	-0.16779055600570125	-0.2851693451768537	0.2631179407761626	0.14932040332993762	0.2632933726883409	0.5115419854823233	0.5015341591047626	1.213449774891098	-0.2186329161893447	-0.31212640306750616	0.13071109247034007	-0.798826287601849	-0.18622040154114017	-0.2592950991774036	0.3084848630606218	0.4842157774100532	-0.12462641454781416	-1.2914520794017474	-0.46507103426837243	0.07230060127524404	2.151785839025734	0.9831650882233656	-0.9295979734837255	-1.345754340925594	0.16006312562982383	-0.46113857330432273	0.43830729024360193	-0.9216271692615129	0.21536680896347016	0.3854557549183358	0.12136383581194912	0.1672763167012552	0.4276716090211955	0.4742880554579485	0.01443878053418547	0.3017956232678173	-0.1972051045755096	0.3197454655917068	-0.07915466118795444	0.1920307795386976	-0.0031279769544744944	0.40227211330168144	0.9225370288175849	0.5764494421231355	0.33217592363357495	0.08384610483772953	-0.6681790956929787	-0.19369898988005785	0.6205264352609945	-0.20340846817017152
DTXSID4041529	-0.9929797807129088	-0.06437460154608388	-2.733840551819851	-0.1832627441396126	2.8419859107361156	-0.32038071228310194	0.0932351150086055	-0.051823372759117	1.3794664356306177	1.7271799806502353	-1.3643919169836392	-1.411255316522254	-0.7154522378002611	-0.18529233694611755	-0.47642019297038296	-1.5984131229673693	2.031719937045558	0.44119638484163276	-2.1528601469659825	0.14281592601075868	2.36245233833979	-0.1128880399072827	-1.4557369165505645	0.4885970849307686	0.8025997860898517	0.7313806940839517	1.0895913406530708	0.08115079014272572	-0.6260327019817044	-0.07573980478721083	-1.0821737559918094	0.15366072835583197	-0.17048097700159798	-0.8646506767566432	0.14207791187544866	-0.6717375306999928	-0.5911308255432274	-0.6702155630062109	0.6120350729849849	0.1965308319603773	1.530671190419626	1.8345765711731261	-0.15373260943856348	1.156092692538198	-0.13770125731861663	0.21584228318302043	-0.7942201750766028	0.14447844903427715	0.00943009153308873	0.1501276129620314	0.2979075806760632	-0.3444642919934485	0.42443015151551955	0.8816371783552224	-0.7665886648889961	-0.8734798065975876	0.6599749583705674	-0.14472877050916697	0.2079092805818703	-0.5593176929647192	-0.5797396485168014	0.1721471856825687	0.033841447122643926	0.21041756552607171	-0.2600384889300291	-0.4887222147862683	-0.3550642744785331	0.6412028320765648	0.03317122834615966	0.5142598855938368	-0.13397322664558273	1.22504206512283	-0.45458123675075934	1.0179903370992438	0.0947290956265548	0.13605472483120837	-0.7067393539228753	-0.21935639666736348	-0.2441468977121148	-0.6251755705789063	0.5522947056231918	-0.43134605021405453	0.5666803377343771	0.4385761698334638	-1.1735921103816822	0.17159854038538716	-0.2148191801444193	-0.8138145160327269	-0.5848017542569297	-0.7007225195069037	0.5821851036466941	0.2376358600200157	-0.39664002890500083	0.12492697702646727	0.2593493721983409	0.058744898307770736	-0.6720215108179767	-0.5021494815757396	0.11766692879571425	-0.1017354494760527
DTXSID9023386	19.18972539757898	2.9636541510046346	-6.373568054590333	1.4805150673108352	1.7901621037113609	-3.21888419710954	-3.6252816006334054	-2.1125498105747713	-1.6837251051482054	0.13026354544284383	-7.044606305091832	-1.570447014437526	3.2123284785003756	0.8288494999902246	-0.00935354509896543	-1.9401826378991374	-1.0096459860956766	-1.0444790689416685	0.9739330451849918	-0.8526470206478375	-1.3726331875716353	-1.188843817661697	2.164642445765501	0.9547596144904456	-1.5408485087640875	-1.9555621429668755	0.7543355816546184	-1.285566596593558	-0.9173519792719096	1.5620081494935176	0.10914911178616397	-1.4967206941646949	0.918731538427054	4.145856899541553	0.8877123575049615	-2.0774688829066874	-1.6914289576617536	-1.7507883661311154	1.5783005369288157	-1.9249925383430182	1.3025001932389848	-1.3794615106378787	-1.2848159499093472	1.3964135277814664	-1.033901876384211	-0.31566365321577367	-1.2402322833807917	0.3950230989914886	0.20540293322020153	1.0743217313359041	1.177938528844429	0.2659137779378039	0.90331032851368	1.3763924983395655	1.6951598712810527	0.6953238438333272	0.9693525608585187	0.8675781909153065	2.646089130949266	-0.09194283810935484	-0.11687848983897063	3.032770246453899	-0.44631551207820896	-0.9622899023053294	-1.2541546527236664	0.2866216841275993	-0.8795867159109535	0.1626055198925145	-0.09392669619036036	1.0716660766541428	-0.45708466440147394	-0.12230069238551776	-0.10219181871976472	-0.002428204779018102	1.3546061314075433	0.014537837016744848	0.2746167277672625	0.8872412366156051	0.8805213163501731	-0.2258990557147029	0.6576007098577159	0.5271408492480316	0.617449788736073	-1.8536470997302867	0.5304333690266695	-0.9781865284437082	1.5727239370407302	-2.3670702484624173	-1.7325171884233797	0.9729444747168647	-0.5351574486345609	-0.6813001907229176	-1.020105545407588	0.11551244945528318	-1.165347595596907	0.9683332349366688	-0.9199930153733353	-1.2144894151251602	0.3583007551193369	-0.041179776965097656
DTXSID6034712	11.809128251409563	2.168028891213744	-8.809775508664554	-3.0627332175849773	7.325720503741621	-3.930679070680999	3.537008868704733	1.6915441904619326	1.2784110100922452	-1.3939750220433007	-5.758181976623107	-1.1618757689903887	-0.375147452439679	2.4936766295727306	0.34303236816870436	-2.011933779427808	3.067721277623749	0.9878055894094905	-0.8432311647188855	-0.8179301025790234	2.9818953360942286	-1.0520121142726357	-6.740170991477474	1.5592522315583954	0.9340026016999643	-0.456885872951354	3.1989458868858582	3.073285654336409	-0.22483997567062358	0.9432223199807275	-1.7908018789271685	-0.853517916552553	2.5302911694528274	-0.027885086217813767	0.9283368337916175	-1.5292687559662008	-1.2781710135174589	-3.5434193472359548	1.8727181908612431	-1.279696155500267	1.1850427029351058	3.0425670343374325	-0.2810612813324034	1.6907513498576698	-0.9693320790838439	-0.28519953203407705	-2.4785290132835316	0.0509885573054269	-0.7404810887923623	-1.109555385564631	0.5222617926535853	-0.45049681762512467	0.3506609465974664	1.7357765997801202	1.2915535052696914	-2.986799801371276	1.0473039836673836	0.19266810875244644	2.827841068081335	-1.4078388338196264	-2.318606383854732	-0.02325894802549418	-1.5311239253666684	-2.1049790613210964	-1.0856471438997992	-0.20363813143356227	0.7995669824140629	0.5431336452100982	3.1786336626939655	-0.23610618439716874	0.6659313237836901	-0.7487088135314492	0.272273044291087	1.7610763536609177	-0.506502853301885	-1.6282423591922315	-0.420574150346522	-2.9063475120378612	-0.7807474991577804	-2.474031289735514	-0.5722349658220311	1.2622168421133495	-0.4315940580269809	1.1984181194473764	0.15721993923795044	-0.18407232368782864	-1.0286008912307416	0.7611936528413322	-0.10799304510615025	-0.10763506428219818	-2.1096635036351334	1.1432227537251771	1.389563769110585	-3.0301763874250076	-0.615475608921875	-0.026126763558562725	-1.2164900155687763	-0.37681991024885153	-0.9735457876206293	-0.2143742301538815
DTXSID7023986	892.1554898093722	-166.58800797788768	111.61230611436272	-1868.6603625954915	-379.92485818245626	-1571.534333777351	-320.3597272136014	336.7898313721599	-915.9022196481147	731.043354847854	-105.72386684784578	-103.59601154494153	-272.8521504390876	-742.9403993744187	-651.5591784478124	1254.4859235722736	-868.8656631845214	-911.1992083503297	-32.65845515590328	-149.4215064407375	-1636.6939815943026	305.83980394137774	591.6777124338286	4740.548696258047	2192.77827987841	1090.1860228778075	-389.59162061130496	261.7744853613275	-238.65846452150845	-112.18208348457188	85.44044786184426	-2.5790202742605177	-97.52097438570239	-244.71607198951875	-759.2618341359821	492.349425857148	-239.66273854440865	71.71358984599739	69.37802022576444	-189.15997807163976	-34.958283572242664	339.44605701121594	-416.822624761644	-36.46206865262455	17.56215465455856	-144.5935310019435	255.51704985269015	208.455385354573	-17.300100297723308	-41.0718725531403	-56.67484911156257	97.4615804240886	-22.455615083889445	-37.31940335633757	164.962615795623	-158.9216318250161	-178.50927609273685	16.652762060936123	25.364796368545637	32.815709416568176	279.4197157625746	-131.31625727788352	-212.61290920422442	46.96939576553062	90.79793009904775	-378.4421684154573	111.49690748471374	-57.91153504601767	69.55970036862665	151.377116704915	-129.6403647388608	-33.87854482983483	-225.30672162896116	-281.2768300449727	104.28043268723243	683.4181059202165	-179.57119570331787	40.767448204081944	-1047.5564573641218	719.3497904399551	-142.82508579954967	780.0206130349382	-2681.385130863073	610.6292959224855	-3899.625773063393	-106.63919378636646	-711.4473485399607	349.31286695663124	-1173.756559621978	2097.3550671970165	-698.692959918843	-2044.077838181105	390.61329941657846	316.6615156109533	110.56930966482955	-264.9752122298747	-124.91656234087533	-307.10468400846287	500.04548230744507	1102.7860371343907
DTXSID8029234	-4.423566074067517	-1.253595039281653	3.8828209447343225	-0.3371482213302482	-0.6271097759209732	-0.2958575942325466	0.5454341867158827	-0.949221454127042	0.5215266098733018	0.4201844308141709	-0.15175422289822688	-0.1467703417831425	0.42941893083375704	-0.35898689252089705	0.17355111580875002	-0.23952969452093847	0.9924123331973601	0.19592813573759338	-0.004558829997157015	-0.9371948444086888	-0.3073144261033592	-0.5738852852615869	1.4781575486615073	0.1990574050177192	-0.1069107292192741	-0.203203699975129	0.4938966511148471	-0.11621319985883556	0.0920022163541733	-0.16888018663215817	0.045078859989377995	0.8643342069722878	1.1556522411581562	0.26922515050020634	-1.314015092008778	-0.2111318511054183	0.39793500982448504	-0.8492290072721436	-1.2050940247166912	-1.0544335366736979	0.6047231846644622	-0.2600801474554842	-0.20462792008161806	0.04933477490502625	-0.029616206033213993	-0.36254747208676524	-0.19059070276350984	-0.5533530064413956	-0.028419052934985718	-0.26488175465846353	-0.0960531014117528	-0.7949374604487057	0.12618635692030114	0.1332627957691083	-0.0717229767352779	0.5207775075088574	0.27614939807929567	0.17493351925432477	0.050866666905347885	0.4038968566960102	-0.4778349973898459	0.4375738035113135	0.34019557010949875	0.5277165743689278	-1.133217327830822	-0.07980462297749258	0.1446784414263808	-0.5131775184756768	0.29793641832448414	0.2629392836763565	-0.31555673588086464	-0.3036154121145391	0.5739600509543521	-0.12041664218557245	0.7005255573724258	0.0699126608979866	-0.2844648007775981	0.30950757094470877	0.19451498897370678	-0.1776755667447959	0.4134095807920091	0.1610628920982229	-0.21741685652051426	0.2639492170639534	-0.1536286309561094	-0.14593057482739746	-0.24182882830057045	-0.22606602345390342	-0.31939224012082856	0.32712763012887075	0.16886626022741275	0.09097386439082712	-0.6187897409691026	-0.12389700240859702	-0.15319205051246784	-0.14579407337897457	-0.08141238983932812	-0.04583402125247116	0.026602802742292174	-0.24439688576893687
DTXSID7049390	1.6082548184262646	-3.1827776109359553	-0.31386323356614576	-4.7483548947987	-0.8327832509574595	1.4022140021781506	2.3906284901937003	-1.1018686635369253	3.1272907733590953	-0.9790410165093817	-0.3566909902136836	0.5601144533175404	-0.2968395883855218	0.6348507990791465	3.4104880358976315	-0.6057179395487047	-1.6189882642786477	-0.5043085438283095	-0.7976372712557612	4.397106881938142	3.8864764114936823	-0.9822401695616871	0.405765187399358	1.7665120482642835	-1.7301956143638102	-0.451964471994488	-0.5301227696024123	1.2396141936831422	-2.1027698630590983	-0.5269227003079682	0.38902224006687586	0.4331502651563331	-0.1422235625881278	1.1290028794756914	-0.19343377572654394	-0.3396189095803711	0.9556670182784189	-0.10068621597785399	-0.5862585856177116	-0.3000977427349659	-0.8314424984927151	-0.7362832641600258	0.30860129783539536	-0.8490258555431459	0.12322447468749029	-0.5355754289274613	0.4751102751271293	-0.4026794694603598	0.12022124642669144	0.03565734546509259	0.057929019171753186	0.19681921537244737	0.0342334779708865	-0.7968845601251132	-0.5338230008579092	0.22238062216374924	-0.320215572483877	-0.8745871441610289	0.2934803493323066	-0.5041810745372671	0.5992765070368736	-0.7941750362837768	1.1843655560507795	-0.19188221803687286	-0.06665167424851327	0.5514879809166214	-0.166699976920297	-0.43562285431309195	-0.28361053970162414	0.6573346737416949	-1.6500150881697104	-1.2528234891377046	0.6442008119511101	1.62037775674446	-0.07514315381619147	0.6224282785710802	-0.7597136482434572	0.618287379674537	1.7930902887980467	0.1212063989817392	-0.44546349117801654	0.4300578708827453	1.3447823325376642	-1.1917730162367564	-0.5519464413028087	2.0479727931416374	-0.131909271538411	1.15845403483553	0.1423711399790191	0.7958171138462252	-0.4550039678285182	-0.6278948999288891	-0.26733005616764377	0.5599930636319249	0.21539827296366465	0.5656915973147517	-0.7500090352063253	-0.42564298938268796	-0.4022830504359996	-0.03199614529906007
DTXSID9021552	-2.1413755980786053	-1.0327545980718367	5.303732765972831	-3.1343930288894475	-1.7240552363356323	-0.6807751222716334	-0.23612342645285145	-0.780142864526018	1.86550150987182	1.1100676444822848	0.8717291833408153	-0.26228301220044636	0.995632593354991	-2.857043544304183	-2.162335018609639	-0.3264942417516841	-1.0845060524449892	-0.705846122584319	0.24346426166006016	1.930512239554517	-0.03455113824344887	1.2113162170683873	-2.863825674069345	-0.6218860167833095	0.05194214917130762	-0.19088689266308081	0.30570761798576696	0.577347692713744	0.5730698511055381	0.39608595914195016	0.7972028766237588	-0.772034161313354	-0.4541574229267903	-0.1923361434596367	0.4940184907383187	0.4449285277977792	-1.0269275547560819	-0.337997497937648	0.05787692145115603	0.4706372960557322	0.22396220311343995	-0.10883900488115682	0.03114787170613192	-0.050256179409917695	0.5146841891167647	0.24831430324449494	0.050680907296869804	-0.4290684995310935	0.2068567350902425	-0.4813637709873016	-0.022542033423536	-0.3569450894424978	-0.35462036507804384	0.10910611515868489	-0.08101703967132479	-0.16114174635213177	-0.723111422001651	0.23747951252678207	0.16255618206295494	-0.18575363547907503	-0.5506003574675657	-0.29434096645486085	-0.09326252654102807	0.3821442273389735	0.22081373141551397	0.39595965235252595	-0.7850415646504886	0.3344111151051662	-0.0773194307262922	-1.0166849929791506	0.7382926405438945	-0.3200545667126019	0.7283391434365865	0.3128096293423106	0.2237587766644365	-0.08644930793799627	0.9647364545555654	0.0028084092254218817	0.45403453101680297	0.3207040974442286	0.5968916265858856	-0.1412780576707258	0.6332646299021452	0.10771940158066089	0.19690828871660862	0.6547135840729692	-0.6359863990392255	-0.9539912265865698	0.3713329366355266	-0.08372449886775161	0.6086218403240673	-0.4836484505857535	-0.3686963102157379	0.41582150139970875	-0.07140838801417208	0.45355013737818994	0.06753437469471342	0.06531133501704532	-0.14802312221078862	0.5064283806601522
DTXSID6023155	-0.6727773863898173	3.4061449947562887	-1.257789099337196	1.7799142964271315	-2.034249199935545	2.74646379887507	0.7947733493933075	-0.6898141677219218	-2.9125787307069517	-1.4773608075313736	-3.143080901510664	-0.5274893814116919	4.025559228823807	-1.2997112818592047	0.8549815932725565	-0.646515986015678	-2.466722412147345	-0.4857031223021542	-1.329219791604771	0.22738868487808267	-0.761691681876955	0.006079657672167471	1.6389172838303894	-1.08123465732318	1.627651109087732	-0.9731834858582689	-0.8439190642352976	1.0084219928913287	-0.03718062147007034	-0.6940595371450197	0.6030522676115277	-0.3798869962375162	0.23333060774654724	0.3104545158738547	-0.5196731982493973	-1.2351801903887343	-0.29368567149758296	0.47593702700476787	-0.47049825547407975	-0.2798284031069366	0.2554708162486519	0.3372056021515309	0.5250749022902688	0.8226236784266288	-0.4940226679660304	-0.16293738263638932	-0.0772367393220194	-0.1354312664475431	0.7508624969101582	0.6197406458121122	0.4191032734506404	-0.21246665663700987	0.326939102062573	-0.01532386921817487	0.16129223011095423	-0.6263425513553781	1.2780509337413952	-0.4636680547055459	0.3420742745165708	-0.4778121714506148	-0.27657219728031307	-0.050924247161440145	-0.2763360146662702	-1.018686792207443	-0.039958257493203884	-0.08359334493189295	0.6927885202386163	-0.04133973791084484	0.49064365168215734	0.8533053024548709	-0.8943679519429701	0.1402151108546487	-0.4601929017532673	-0.17898284694976643	-0.7016916198964034	-0.2891294207673748	-0.7125189963107901	0.45308966851711235	-1.4018651557091322	0.10512215305978319	-0.9600226208787556	-1.667412761501794	-1.654877648355545	-0.6747776555425146	0.09876175925587014	1.3025174027282678	-0.06976284231832025	-0.41869274122181016	-0.11552498394571825	-0.22477148780110856	0.616462129897484	0.3614595934422052	0.1305925877808254	-0.4328695016197859	1.623418538493085	0.5519548837110203	0.7321217546491404	0.6462276886071049	0.004613159034011854	-0.11041923347808341
DTXSID8027797	10.766463381388656	-1.66356460655138	3.8851904602416387	-6.282008716508394	0.05292653324427909	-5.723766823449482	-1.279027506400571	2.224674180136016	-1.9362658478659782	-1.2892941322498108	-1.6961046831568145	1.980948134994449	-1.7796631296350962	4.101347467994292	-0.4613626942775328	0.258822040922484	-0.35008503063275037	-0.5272335726631648	2.835573127205109	-1.466738815601513	-0.280820446759975	0.5723038982967764	-0.9140624891541469	-0.638433881468222	0.4006241499255404	1.3826459718454995	-0.7765978087832637	0.04112124413617947	0.3605123920420997	-2.018514230477231	-0.9915656844797707	1.745549041518198	-1.1522571743387793	0.6209031530060958	0.7968512604965718	0.5759333866691505	0.7702606104990787	1.4661419498832595	-0.4721264267111971	-0.40873600055902704	-0.5428888217389648	-0.7584920301608674	0.9154813158715259	-0.24331591037237144	-0.06504566091495799	-0.43220288063814793	-0.699925103670942	0.0354859716343967	0.32335211543195125	0.4360758026783085	-0.06268821876262046	0.20764079571968466	0.42576723164980573	-1.010177336480945	-0.23211778778025496	0.44476970195163984	-0.7744032136691502	-0.04477311363807684	0.9121128700786687	0.28981468051723497	-0.4269939494751926	0.6980751126604323	1.1602018682884379	-0.6370075383831285	-0.3304054394848725	-1.7310334308560527	0.900191613755023	-0.7948296569592859	1.4836287780449728	1.2697173571890217	-0.07318354676410381	0.09430727476145091	0.1545081166992541	-0.04955593040817795	-0.6789043541612938	0.49972940452170583	-0.5278369124374365	0.3111360341193033	-1.4584039530215809	1.083754263909481	-0.8312419051986277	0.2502294310042603	-0.25405520375257845	1.2149099971196362	0.06115511741330649	0.14967183145235657	-0.6173055729882488	0.8024648905828484	0.26096001262278085	-0.6271147655975805	-1.309890460191112	-0.2618851276614107	-0.35620981357704906	-0.5183040320023954	-1.2477660317246158	-0.8012919441882776	0.8571238968077376	0.2807380254650584	0.9466324740545689	-1.0452261403588503
DTXSID2021816	-4.81859188875534	-2.1315801127026712	0.7695327904275862	-0.27366352568921626	0.800683660728884	-0.8409270781475072	-0.7509570428517821	-0.6213583123124486	-0.19011163851871918	-1.59596616969202	-0.6751937262319017	-0.14972682465654194	-0.9172492207529113	0.9594636782825775	-0.24682889488503978	-0.26709953519992574	0.7498215831003499	-0.5653855367962375	0.014064387528806878	-0.6843283788130177	0.3755656893599007	-0.45717742611469664	1.3593687501295177	0.05087808246730793	-0.057057071858218344	-0.6754909579883734	-0.3769699333562403	0.191152400299459	-0.1525008984918204	-0.1368924862625596	-0.12721017017637198	0.42667014124758723	0.7179665090480025	-0.4605939573425213	-0.7118275466491951	-0.4244025887035475	0.12702902567878263	-0.23233735705391487	-0.18461109569590806	-0.18033452102145006	-0.031766220556512306	-0.0273754591025284	-0.27331964913320306	0.08715901572618	-0.5570951091364785	-0.003100140090900033	0.0776031376222682	0.06284638036776687	-0.049672666399590275	0.2687293726270329	-0.04589352958441768	-0.02969501228354202	0.16352362193640796	0.038870968137414114	0.02601084520932428	0.2851961616117604	0.3339347213581725	0.05734796224956674	-0.35466564583871457	0.013364989845698772	0.16012337316340233	0.10003243338322504	0.5154476414748395	0.3669527678345443	-0.23109326860339025	-0.5451835880665993	0.3355195962568324	-0.5410524766124817	-0.1580702351971875	0.4824200012714414	0.10510052706900849	0.2747789556271376	0.08858121541825631	-0.04219796594611488	-1.3136905198949558	-0.018840213302720652	-0.5538121353470334	0.10004176575357397	0.30207530297280594	-0.5339306154062854	0.43577234148783567	0.05897870501460733	0.37925371105346517	-0.2663972641589662	-0.036955226558675114	-0.4218945691127155	-0.18695191512386555	-0.527994311103155	-0.4960402036392184	0.46673758837768925	-0.7517663229291403	0.16004678290844346	0.2472492200226662	-0.004202554753430601	-0.18912309684131973	-0.42630061008588876	-0.04774469775405307	0.14998722757733168	0.042366655011083894	-0.1289258024078054
DTXSID4046107	1.1189719898428767	0.3312266870023968	-1.7848432912912697	1.7210261870891994	-3.5148924500779954	-0.20587683399547535	-0.8850349625007893	0.44936932384073486	-2.239899703051005	-2.355744440258745	-5.29040245470113	0.8190939005320427	3.4586265486893955	3.387101884529723	3.566097895138162	-1.0110207079207005	-2.435888581032438	0.3871253262915051	-0.4367861716851328	-0.11684251963830722	1.59743244911828	0.5511765714964848	0.3565252352037991	0.4379359107024932	1.5412715613355992	1.1747475302217012	2.225668078495076	4.3235465099874775	2.1720201304532076	4.186773978815015	1.2007746345312174	0.8361493802360855	1.6903909179920542	1.0387730093484606	-3.261931462904357	-0.4145899902936867	-1.753794525554636	3.922346730542472	0.5999512174436457	3.5139002989317567	0.545782139604736	-0.31193011032585966	-4.045495980140773	-0.14035530280687727	0.9840819535964337	-0.8500728699054626	-5.5496229412080185	1.7041265543535626	-3.645987622446182	9.063912778488284	-1.435860944009317	-1.4119170152961995	-0.6857285369617575	-4.534839042391326	-1.8888120504973565	2.3501186682702118	-4.569894188065476	-4.4002739728783276	-0.3604964667040409	-2.203105565062117	-2.483373854140088	4.944338148903177	-5.394014442478594	-1.5860201655812123	0.039831098236993163	2.7944942571535982	0.08713844813576757	1.6995651322172476	-1.2724717015221516	-0.6115749497358418	-0.348706845159763	-0.9980212198020284	3.7801569454620383	-2.1920712708253216	-1.1331785145596398	-1.284116339086361	1.7474196292468684	0.43166150347722837	-2.1784595843254495	-2.120935326828507	2.6997469333477695	2.1705023615060006	0.30178290368669947	0.1632109881656953	0.7487572906385453	1.3632519028553027	0.26718853618426197	1.9462450466079195	-0.566027000956929	0.1154534523031073	0.8435767778966586	0.26209534076337715	0.0907163046903762	1.4514577855502464	0.7441425481471642	0.0654995611346009	-0.6002828740190536	-0.006386696638176039	-0.5165090202717487	0.10458723184318955
DTXSID9023201	0.8925103948391166	1.6410107100887126	-2.576934751116418	-0.03904387818236498	2.5563682419272626	1.2119023205020283	1.570638144905499	-0.8503233601114909	2.6946265078475533	-0.6788871021235331	0.3134801550038838	0.008445632839157703	0.9430736342736185	1.2433390367277386	0.2981584850484021	-0.15005789034594058	0.024700067530619454	0.3116119790073026	0.2148999744537274	-0.7903693365434994	-0.4332396180062986	-0.6310852739866558	0.778741205083085	0.5366999344714974	0.4246652137570019	-0.5619100467039626	-0.12598391667121822	0.033807584311023764	0.2043749767909418	-0.0540161947726556	0.37806403618618734	0.043852001895888226	0.5589724595590112	-0.0839664745288442	0.8197527304774193	1.076011422259476	-0.7177840867270204	0.3628738075253922	-0.05880904333678746	-0.12065628718541796	0.22358385341195836	0.2991273265167515	-0.1143782466967036	-0.11463931118546551	0.21913109836509698	0.34268180120417807	0.14208479382709704	-0.11359418445720981	-0.0618963498753101	-0.10140908536272746	-0.10189453159544552	0.051787552318008676	-0.04724887562470586	0.01235506237784171	-0.089862578372384	-0.14858465392798875	-0.2891851293622171	0.0969147847926762	-0.4707478501002989	0.2587377816697012	-0.017586620528422133	-0.19817467582702583	-0.4159345286518526	-0.14756275972741134	-0.1383200333301413	-0.6509577648381575	0.04594039139769222	0.7189035645923849	0.6094635822869253	-0.7134120817991616	-0.14802994419151078	0.03434147731858031	-0.5774104397418045	0.7399571089762309	-0.5102721733710323	0.017399081223205513	0.47357283473503337	1.4989294551672272	0.09997336526916163	0.4541764974747194	-0.8040757629543275	0.2711308372710666	-0.18152871780459484	-0.1300446507173702	0.10215216035334482	0.19100873337943924	0.5139162046137554	0.34501905602847716	-0.021521002277786572	0.5112622224978505	1.0883351628436946	-0.8566717751484167	-0.08022871158826517	0.7003504822702613	-0.7762249980940027	-0.0733374441534875	0.42021834004307834	-0.1434373129679171	0.2303944113376767	-0.47908448213775806
DTXSID8045646	16.64000628046573	-4.369188964386654	6.252769317409881	3.5849346418430317	8.768943658509512	6.274560806346435	-1.5924233458090338	-1.567469923758496	-1.819678773299019	-1.6358639039459892	0.9635135307445553	-0.9122061930409782	-2.1295641322207763	3.6532455942241007	-3.5730759625749346	3.4439511171927335	-2.5676064206905287	0.9710151953777704	-3.8409014701036304	1.3718735978220615	0.42022348828877487	-0.40160893249031154	0.11200304770919815	0.5282257156722391	-0.7775323781463508	-0.7524920339921803	2.4336889362964462	1.585600532279477	-1.2750596488289558	1.3383451358279768	-0.6029673610831309	-0.6406805421486781	1.0434218772380945	-0.20082756432373242	-3.5551079711874727	-2.3564268940308306	-2.5054490852905498	-0.35468875238766073	-0.6060490666555843	-2.79100441999813	-1.4562373903820225	-1.2605300456283879	1.7876320788946465	1.94743049690835	-0.4817417063157627	-1.3233265417585718	1.6508312864907082	-2.4167613993074317	0.11123038861654837	-0.3493823920843815	0.21221944717321786	-1.6085475063452914	1.4345734268889179	-0.8004215504577399	-0.061750855142337115	0.09353233686406373	-2.4797895323996495	-1.5792597536724151	3.238978784252995	1.0187701131646132	4.160244764829138	2.758605219009733	-0.5550347871202277	4.0498504789150624	1.186360664522604	1.022460054770612	-2.5612191714058654	3.1908804773160724	-0.1852470337310487	4.357930613233841	5.174742606173817	2.359231626330743	0.7132826691337383	0.21572480202924285	-2.529728172377825	1.779667508096524	-0.4156638498694769	-1.9013183891834893	-0.4251756849098464	0.3263400232253708	-3.4546575904129946	-0.7686894158875677	0.9482241427550405	0.9444277085800675	-0.1597073892934841	0.22675446022455908	-0.43654647753356146	1.4014060762740475	0.05330288492041655	-0.32499568162146625	0.4880049832869069	0.36335074533134987	0.8411182400937238	0.3157383919786456	-0.4844548601859633	-0.8577825965288418	-0.39504173953634225	-0.7236413776867835	-0.5127710249848692	0.0666949544535416
DTXSID2046042	2.540957582022139	-1.1829370838856628	4.2000943006093445	-5.729885894315914	-2.487962953157531	-3.8320993516541098	1.2758512987640251	0.7377120519533509	0.03201422941737615	1.0912845962518156	0.15948778901704627	1.5202261773015335	1.8416937674813234	-0.5589595673660396	-1.4701028540037206	-0.13701793434859036	0.14819149957741917	-0.5444110579264599	-0.5396529000431711	-0.46952339832170725	-0.23183976509232007	0.12081430892762107	0.15412154805092618	-0.24286728157181067	-1.0500420084715132	2.6968853214631365	0.3834342693656535	1.2409245611522468	-1.153966458238785	1.5788227804224781	1.7432930477653776	-1.8475235070685891	-1.3011341835706836	-0.5907457547958798	-0.19097330837466753	1.3637932949451534	-0.7781904825717391	-0.72906281368446	0.3078870016154307	0.02321090654008806	-0.3225768478925643	0.5116697583026908	1.6201461119029494	0.22780737314347405	-0.6409413861422794	1.3286958399382185	0.5156691249583472	-0.1765308492241137	0.1140392648696168	0.07864904892804989	-0.015742475419895218	0.329504132046992	0.39823756119071185	0.036412708906741975	0.20047601363573622	-0.49545111282411824	-0.5999439612346628	-0.6532705049100084	-0.8126012218355	-0.33372983220564245	0.3331462194906836	0.10617891744079855	0.11903071642781618	-0.1719134809916905	-0.2968445654538932	1.565219067876119	-0.7868137522364953	-0.07415558213129232	0.03963742242976644	1.2974733850947011	-0.5595116823356578	-1.6891583960547274	-1.990817471485934	0.15225603618953504	-0.3781190240708212	-0.9719512206312919	1.0662884189669284	0.4924652073820754	-0.8300466427385453	1.16734065927708	0.5084355956627781	1.3494748747720788	-0.15359121587768193	0.5683942338335358	0.06247134653097087	0.23240414258321798	-0.49144361400190456	-0.844136808248032	0.4490114704196496	-0.43052672569657197	-0.32328637775425495	-0.7375807893569241	0.29086247743282456	0.4322125470869523	-0.14643992784860482	-0.055606382833383594	-0.07217176561835209	-0.2816995862034649	0.2723753652899331	-0.2507887028005555
DTXSID8027452	-4.280464134307497	0.8034426264825402	-0.380059265378207	0.08696838904334088	-2.094792478753608	2.04530933832421	-0.945485826949949	2.2792427467722405	-1.3941770105912523	-1.3309703008286875	-0.8897500363910791	0.7518380634534019	0.42534597471351576	1.6428549909639787	-0.25607479466314026	-0.5321699861592911	0.3641594349104327	0.09405474419617095	0.6809221025103822	-0.1789497078174128	0.7242366286161769	-0.8615146839161925	-0.8537929226923652	1.4849477786161402	-0.8840864844062897	-1.0251666795004521	0.9101574287930897	-0.6648358157811285	0.2597208341483733	0.5889758693305249	1.2594813199777657	-0.4664240558449326	0.9836232601015696	-0.08977419977589565	-0.10769007115754055	0.2077853736993318	-0.04265362094977355	-0.5815925752494266	0.6582993120263199	0.23370955527430923	-0.6818063529493452	0.38049171544547616	-0.4229804392679411	0.374829890334222	-0.7911581719083214	0.11515571427208758	-0.07767249308159578	-0.347524841889491	-0.3607620774161886	-0.22381662838985128	0.011152891139991477	-0.01319456242851876	-0.5378600557444044	0.17706992313908215	0.43031077236376	-0.5879476152350844	0.2776378549097709	-0.15041869955331488	-0.20238094416933552	-0.06627316802376369	0.2920683012301167	0.17679997598591232	-0.07337242980796943	-0.856291765970014	-0.2826296723855072	0.14058170059681063	0.02829680038833994	-0.0360059597965551	-0.03738094740287382	-0.3659510177221157	0.22619710184319336	-0.1144125545739625	-0.10080568519377327	0.028977671772916155	0.4958249227998388	-0.05501346309634655	0.5638090027050784	-0.6844422041053561	-0.09781050414335758	-0.09254053173301587	0.08638797575056206	0.08617786802023387	0.09625590183627514	-0.05840788947011437	0.06670624502025559	-0.02301216931042366	0.04793677490936631	0.4609732879588357	-0.433815009852329	0.2113508678941079	0.0848794659289673	0.16014167983126495	-0.023799411244970342	0.09765803180090749	-0.08515215395057711	-0.28385028211654256	0.06369165493046922	0.11626251904073906	-0.006967753915865475	-0.06980342769422514
DTXSID5023871	2.0926958462868446	5.07974357227612	1.8504324180912264	0.3755268401678555	-0.9893675444005074	-1.2298598624315191	1.759093866846064	-1.451585967308638	1.8258712964662165	0.3636046951714898	0.4300147838291754	0.7106484866787854	-0.5182745360230168	-0.037035668180789336	2.640990177463399	0.8911160012726421	2.05381285257818	-0.8334881191743634	-3.9061645102707088	-2.0276535099084123	-0.9631022602600652	6.4369492322005755	-1.4225066410460643	0.729444951895281	-0.8574072397616384	-1.9682619842283922	-2.3663741909030627	-1.3743307975932952	0.15391504257432514	-0.19237389641313263	-1.3654792372258238	1.3164409321012551	2.878815123649937	2.239910192516748	1.379021678322734	2.0220567713754933	-0.16658773199376403	0.6980288761340799	-0.4413854447520216	-1.2417465604662634	-1.2105253863512937	-1.8295383542731263	0.10169106942713124	-0.753660374470544	-0.7736890231781033	0.3702577629771256	0.9008207544821817	0.03942500912660965	-0.1451512001869536	-0.38806353700140545	-0.2756960871818753	-0.009041217843123525	-0.05338306549887743	-0.8718600964471943	0.997747408249803	1.0477495843834699	-1.4220843930984242	-0.7019264639448678	0.05972779379326566	-0.987195761136705	0.2231938946504639	0.1852125069451095	0.3437699800002987	-0.09292555131207066	-0.10860409314014428	-0.5947313272397856	0.3431528721636292	2.8574245822891777	0.5314391142774714	0.0403166651895519	-0.6424989614453674	0.3895638004628717	-0.9270216378356829	0.408091064678532	0.7610700349678605	0.1572637533167253	-0.0989127829494921	-0.23964795260432295	0.14198194902032787	0.8648554542223749	-0.4013684275586958	2.127358956116545	-1.1333326508934907	-0.6025790843834089	0.1653571174123102	-0.2599598592850009	-0.6083061105944569	-0.8309531915631615	1.4234335324940868	-0.8385388536369273	-1.0060480269792567	0.7703155961602954	0.42412202140823896	0.417398792419613	0.6506496403986656	-2.550784109301757	-3.754732495021832	5.579852764610356	0.5850755123685614	3.043531457501323
DTXSID2045442	2.9828403316114485	1.246056474923294	0.2534990524999906	0.36354331861051026	-1.9787255065934026	1.3598269317648795	1.4588961991131806	2.2257309796360603	-0.8455791176173858	4.842104336778134	0.15567797819571258	-0.7777486511840415	0.13015585496286597	0.425954590016587	0.25038084880484485	-0.9517947690289222	-0.7128300706739552	-0.25512474604802565	0.32161523533285646	-1.5063619341008092	-0.14330362932582244	-0.08081190197669151	2.020489426012908	-0.29690649025499005	-0.04570186074606575	0.507114515157846	-0.21128418426985288	0.37721788098028985	-0.06563431618144344	-0.21219882746519922	-1.048865236433336	-0.20685708015357634	0.6240607660236698	-0.9680853531155124	0.24432914858454213	0.4764023268529222	0.3444388384209313	0.3005766569660691	0.25679787089247363	0.14187165629817935	0.5799079154092107	0.11636539750945347	0.8282001205396111	0.42033474303230633	0.013002388353942991	-0.13884699631042777	-0.23359535320165425	0.5614168774795988	0.2011474062160105	0.2369871695538676	0.026861593653428127	0.47580905787561784	0.7871589373029818	-0.0006143924422588286	0.22287465431212147	-0.6313438913891389	0.7852409357185861	-0.17789624935320614	0.03323272157396161	0.09952835759084523	-0.28854502689691297	-0.2865738027547387	-0.9553904505451566	-0.5812071628031401	0.12224676014858664	0.08163772881186918	1.3504315339676358	0.5659605517598411	-0.3505868730165064	-0.36608741788851457	0.03534719910770414	-0.6388289976928115	-0.6762869644483203	-0.2713314809940902	-1.0324997372186848	0.3477433496194197	0.37011858733480574	-0.3200977692410456	-0.3877219940261695	-0.5420253580841287	-1.8712070062743247	-1.7635824772844346	-0.7538901629281543	-0.315341567361928	-0.18722207902859794	0.8931661508389901	1.1666058814550158	1.0494052124181996	-0.20990187755485434	-0.5048241783114457	0.6667150711729468	0.37401948083338965	0.3003263461802992	-0.8587287416347074	1.336257734942589	0.2504655805458243	-0.06962966882686199	-0.09745746136742059	-1.2102280206533225	0.4329386354363508
DTXSID6042315	-4.327583890780647	-3.7309857081667985	-1.42270385293278	-2.9405807487049382	-0.6884118742276766	0.5417311486505946	-0.7948476061533443	0.2630159096715072	-2.9380506951703387	0.4259653449025992	-2.5707162673908894	-2.045866140297652	-3.5805680039847463	-1.8112652151837423	2.4677797064489844	1.0308921856541013	-0.7845283533599386	-1.6051068903938897	0.7605313898803469	-1.971470659320116	-0.7187798077153912	0.029051871022586034	2.344376763724162	0.2964572963884681	-0.8439532860377928	-2.6751012713337876	1.2097226091795168	0.6563704464112035	-0.4159729906896615	3.9216066723453697	0.3633910014165077	0.7916259178312491	-0.45453315475920997	-0.9192789360196758	0.5366042994542982	-0.5697305138380794	0.5368631028806906	1.0948038080378604	0.0073663747755595985	0.7200595361401785	0.6580462018442143	0.09196808747976963	-0.18335527316085104	0.11892118056688983	-0.460631426041763	0.04180306745087766	-0.16558631760348788	0.09158361951097088	0.24187155936945484	0.6361550886094952	0.24907415304867542	-0.11342668516493203	0.531964031569031	0.00501109587681588	0.09652328751146094	0.07970917675303434	0.16353344779585088	0.11657673590108138	0.28151291914425236	0.4152287794373732	0.34113378291101004	0.6092249228890552	-0.49905088055339913	-0.45054707900219065	0.8546272974226551	-1.8132683267455085	-0.2355520301965603	-0.46511609796162456	-1.9597290286317954	1.1501806687993381	-0.7368549968362	0.29170929682396973	1.5466007355192792	0.3477466041642538	-0.6057560717979011	-1.582434890709167	1.272904967515835	1.341162834080973	-0.2712988650142329	-0.9693022061436473	1.0420054234835956	0.40325546937203804	-0.9160689194842683	1.7358839303690246	0.6178113602089251	0.19699872861040488	0.6009105532068955	0.43014868001472994	-1.1339821418738518	-0.06292584108349095	-0.3996493507427124	0.6540746615184294	-0.3561795291522049	-0.41820446873104844	-0.3584828872610622	-0.24124762454851068	0.019286393871288367	-0.3137884892208991	-0.3652895125896374	0.35566085253774105
DTXSID8021937	-4.658995903047345	-2.838232821838795	2.2102202324561944	-1.7038242755301947	-1.4141360263290152	-1.4078952861592908	-0.12487364919734788	-0.5830257017964166	0.6608574163072085	0.552496413447514	0.21171744669981835	0.14487051196624776	1.0473963661807308	-0.7183911074411512	-0.9758808454693477	-0.02380233788989472	-0.15212547680426736	0.1250831105376993	-0.32604688692779127	-0.047159705809293725	0.022606810573685694	0.008332385561582067	-0.22563628663211255	0.013668152259865915	-0.5306016475647468	0.26141736169366003	0.47156984260092616	0.18524635727548724	0.3828229925530385	0.10758462492900984	0.7956936104338114	-0.5699103439967186	-0.2415673305168496	-0.659395952612081	0.11471801561359628	0.29106906201237304	-0.19953129653457907	0.4118941998995423	0.2627146569966425	0.34552463680629686	0.13765620483009167	0.200044394844217	-0.2252442372964443	0.10534060756083909	-0.007999090044333303	0.2605228172972475	0.29908448657011666	-0.12276509009237697	0.12683803518602696	-0.10487860541142244	0.08389020057572882	0.06475846189123305	-0.04057228330430534	0.11717951882313132	-0.05509046238935352	-0.334507694172712	0.040946264876887066	-0.018726509815025237	-0.1047629097929332	0.09773047790601597	0.052292455835483836	-0.2616861481324587	-0.1340610802624267	0.05677671888922274	-0.1454158831436099	0.2791639618789892	0.17768016926592287	0.10474971427648672	-0.25276576024964037	0.17270128023650916	0.4333327168488418	0.07331695534196976	0.015279693268235974	-0.04062551899040176	0.07368400842380449	0.30707088627833584	0.05823696268063203	0.1831070259376929	0.14176614846671534	0.07483645494040525	0.17969808600382095	0.01834273847038338	0.013350168649810866	-0.19658330582943767	-0.07753190780027842	-0.011888592383194722	0.21605544299485518	-0.02008085409837172	-0.07205106512759912	0.039800878702114545	0.30318994080883716	0.2105763978230761	0.05268821326350872	0.29661032901166745	-0.0628375400539799	0.3289092353232498	-0.05010013314866702	0.06993274804219679	0.10036334050917868	0.21034372824993514
DTXSID2021238	-4.836881806343199	0.7730537530855522	-2.0871115525142017	1.603733577308339	-3.199345333684979	0.9282701319236297	-4.975498724155555	-4.782871634033662	-2.3740547518860384	-1.3180519987478323	-7.083768749037135	-0.835648757805523	7.98614973249121	-0.7061020311807468	0.5559775527615246	-0.9115102271510469	-3.3093106752540793	-0.5651187482327205	-0.8368085988004179	1.5440801609160486	0.5169661879936265	1.8808355811920248	0.04105895957641556	-1.165967235679807	1.3604331112745314	0.6673310109417786	0.469802480200277	0.6055296434417222	-0.3653409575237487	-0.4286690749809794	-0.1501788031716078	0.18749640899509165	-0.2928141371587483	0.17732050492088333	-0.3819043697964487	-0.7674856265105421	-2.023591850460872	-0.15092750183516243	-0.22142158087710548	-0.007400122840494513	0.10655148756090725	0.3666223106934243	0.21614477858866885	0.45636443618633965	0.3851440586504734	-0.21117883894194345	0.23206694703853176	-0.44862293337777437	-0.3297619405808441	0.2306836069690677	0.026461212779055457	-0.6239885964407386	0.5207743136714796	0.40102474783544484	-0.18371783523582644	-0.08204970970712736	0.3519943123928766	0.07078249315184465	-0.15558306529684923	-0.2267644469591986	0.2117022873056804	0.019794340781826795	-0.3319071802737598	1.2110745697561958	0.3338559563598282	-0.6403815580847089	0.15765291182034857	-0.5357336203443906	0.26534640200669024	-0.7579086368306082	-0.44670374574752675	-0.4503127247505511	0.6429809587315755	-0.09034068759564759	-0.47478713386740823	0.4130217332096528	0.388742694947127	-0.4083434383939464	-0.30776427004228757	0.11758447046471925	0.20643242364154782	-0.41227589205945536	0.47347347187345973	0.12139069440244853	0.2927173167654563	0.23731738890394533	-0.39514791714422254	-0.44150448417942834	-0.1300387572130751	-0.05668953475492731	-0.42251364826623233	-0.46432001957322505	-0.2013376258631841	0.03577027186909899	-0.5361280979293822	-0.6453829084937004	-0.1192425134703881	-0.11746925288993951	0.3300470473598502	0.1341131051402198
DTXSID8045985	17.58925889692278	-5.335335281568641	4.5166257195499835	6.728202686201336	1.474959134601596	2.1990874811304133	0.1280768516252835	1.2038253690853102	0.9102167148109827	-6.6221053683649025	-1.1674129530138788	0.42456248883708186	-5.127824012716425	2.0538400258241873	0.4392517814456695	-3.336725598257718	0.9128031918992531	-4.732184815247433	5.366225961717255	2.479104785498848	0.6074612272276135	2.0182515741880476	0.10026564333272318	-1.7086432933947058	5.875271043970072	-3.4554661191136575	-3.1288795888273735	0.9512383924254819	0.10690449900452169	0.6623120760032902	-0.7458800714401848	1.3245956657119669	-3.2849791731493863	3.426214051945292	-0.062173170893967025	3.1536933617261522	-1.2178326280224774	1.0332493354019254	3.604330279037378	2.588919165544571	-2.3497308352368282	2.1674055406782524	2.8331698145238815	1.1555757647841312	0.20180154206186626	2.496396971563229	-2.160934420213452	1.3477962870410447	-3.0416747402098787	-1.6669600558946511	-0.353637705449725	1.1562705533735274	1.502725933672682	4.4458001177475674	0.19770464422128348	4.2991658636766665	6.60112254863523	0.24085041209237806	-3.3662830124138816	-1.216522765001519	-0.40970308763867824	-5.390492261204887	-3.6053508205538742	7.21358575002586	-3.0479958898891084	6.9300278003932165	-0.3081109126640325	2.31025916986241	-0.763523657721943	2.7619361543945975	-1.8362563879171692	1.7053213479804354	4.326224419406541	-0.49455043650358593	2.189786438359764	1.0131639313233844	0.20483926753057138	0.6191121122025439	0.5395665695658579	-0.5313413360173074	-1.983476053370522	1.1139602223086216	-0.7061356134180069	1.6894344429095671	0.5655089143654063	0.5887116047917389	-1.2477420248804403	-0.07534839029299964	-0.4345184575041676	0.1177071138166617	-0.7279292293616761	-0.7963202595361173	0.7720636865804217	0.5118386241406994	-0.20178909569686776	-0.6929253441716046	0.5677077093086519	0.2139970209618804	-0.29693756535605964	-0.40498382384597287
DTXSID3057696	-3.9918867199549037	1.6909761294678258	-2.098915681895302	3.8625067097415204	-1.2784588742273177	0.04688662668869885	0.8748450534033971	-3.232998033758294	-1.617602559080565	-2.189551147013436	-2.613059230005905	-1.5783624519749606	4.5540777948981255	-1.1709440189627578	-0.8468732057137206	1.1551297365534257	-3.2442752927139837	0.5126513759170741	2.42902628103455	-1.3120326633260115	2.5737347526403163	1.4853332291085337	0.7767308875676998	-0.1334891949805701	0.2676128753331503	1.6700951896670388	-0.28392474032945136	-0.0900006308491438	-0.8740958053870218	-0.16075511675652498	-0.017320454375049112	-0.051224101994436666	-0.6919574408720408	0.2505022527821853	-0.8369469324989728	-0.3801552700256337	-0.43886979988543956	0.09335680206682932	0.00967335523515485	0.7508171957835525	0.6401208049658138	-0.1887247056398108	0.6340172860600745	0.6989552042638902	-0.04074488351871245	-0.6273141780682746	0.061427106316319896	0.23187387672369153	-0.038000156767160176	0.3587672395894034	0.07366474835636705	-0.37586357271429494	0.22764981535312187	0.05507631002007	0.19360867112203117	-0.8554871303655801	0.9919336465901237	-0.4562141863902103	0.454782220945928	-0.5761142082903162	0.5231818129996841	-0.13437538518676703	-0.5683337004878978	0.25402339163623	0.30712057688966726	-0.441206732372392	0.5389756911569681	-0.09143369421713538	-0.15403378244793228	0.45767611620630994	-0.25951227542347466	-0.17706955825984047	0.1700516852744779	0.4384702294461599	0.4218832126086487	0.41685116821937435	-0.17058045854904638	-0.6540903722454601	-0.2613793010127449	-0.20761600864466734	0.3462178456782634	-0.08808626517431019	0.3967225461853136	-0.3184936002807697	-0.09130472913626066	0.12495499596579367	0.07226245961760368	-0.1848644651962202	-0.34843967181465924	0.1260848117985031	-0.19597673152441034	-0.1075840468832122	-0.5026475571564033	0.33101329888649306	-0.18284603182428	-0.23140983158202943	0.13362589602134262	0.28317978650933445	0.06729966508597397	0.3974705277270743
DTXSID2045943	7.4909023294887245	6.383610032033954	-3.0505122549247394	-0.5654816704958099	-1.6000273664714393	1.6350325057666437	4.159726463298915	4.824565912130437	-4.663965473858821	-1.794181500289019	0.5613201266841726	2.7243598985438653	0.7332839048292386	0.4262253297045536	-1.8212068529295458	-0.2553896804085811	0.7983921773216358	-0.3937152799315726	-1.7276039766502012	-1.0140822619547838	-1.13866989458423	-1.3556656459845526	0.015070241005583492	1.4043262730009949	-1.6082562068422626	-1.0389736154053106	-1.1975447323274446	-1.932477312194912	1.0350635140043178	-1.440772222046132	0.37194165923414124	2.9715375542093554	-1.3778140081087515	-0.728783389749154	-0.5060403604475142	0.11445699281817445	1.0863261904517871	-2.093367930585909	-0.023180274163154616	1.1131374997405485	-2.069387446513547	-3.3579477129833917	-0.07161285936853293	-1.3980549889094742	1.4785774742781372	-0.32700337205561164	1.9512026494740555	-2.638876995290182	-5.242474676416215	4.210302839001042	0.008032597867289458	1.5042176641633835	-0.9737964777036486	6.026178922848007	-1.6674612246025413	-1.4935434855582521	-1.0301939500891588	0.7338783412915512	-1.8859880707370573	-0.8089404586862479	0.025219806443799973	-0.3132712562643955	0.4359651862590434	0.48792742813489487	1.4931281164618195	-1.622006885096978	-0.4191018417627801	-0.33037161558825556	-1.4553399982927524	-1.3898978786308716	0.16162699554890136	-0.48001034261199355	0.11625595875283838	-1.1459614099760254	0.7118134045752919	0.6548472511786833	0.7813028357919174	-0.8565200542179204	0.605460118149136	-0.00834783920988159	-1.0434684013468776	-0.2077221646318504	1.2145632037570155	-0.31890855296540793	-0.6700128264798461	-0.8133176302012152	-0.0927586341227501	0.5257147268375096	-1.3640129858190524	0.6256188140402404	-0.21778718109730835	0.3152412295779406	0.6272665992101056	-0.7019566674666787	-0.4771434792546133	-0.12982135764227273	-0.19544940996309126	-0.5119385800933849	-0.4063299973321168	0.15389785589481425
DTXSID1024176	-7.523567661535811	-2.328289861848486	0.3823622639320083	0.8881650945650802	-0.29356205424414294	0.5996724712742484	0.11623376093810928	-1.2730439157440463	-0.4519552151254995	0.06318444810084375	-0.35044229188279014	1.29281464079516	1.0845549763282312	0.8889868923944896	1.0890080825051947	3.293162172554702	3.69108551614609	-2.2288955686854353	0.7067995691271002	1.5402228562002227	-0.7540655186248614	-1.5660792609353142	-0.3364077935775454	-0.13899494318158856	-0.3607452090196042	0.30261648344385145	-1.0725199251258675	-0.6057952956234913	-1.1308879331959696	0.6569654302690663	1.091713959662648	0.5191798789557726	0.7776466533641252	-0.5381411964534469	-0.4139494562655043	-1.010877937141847	-0.23834688072400007	0.44444456844827984	-0.4019967840575245	0.4179516672382008	0.6673534213955706	-0.3774346823911668	-0.887914339584215	0.24209221898362518	0.43223508064185795	-1.3919947002328807	-0.5120668562119214	-0.12093515836293234	0.12352649910602549	-0.24634042572702913	0.16164625986767475	-0.5488449728471223	-0.42038992351441234	0.14500689884119639	-0.6590892152148079	0.6071793883947426	0.5928355057832666	0.30521786971347303	1.2522790256197962	0.12625309164076917	0.3867888195516342	-0.7363570777527146	-0.7679865276375264	0.8959656000666614	-0.5022527283157218	-0.7259788762629719	0.20972448660460646	0.22591834408722644	-0.27620882824734505	0.9464243107875202	-0.7235738257132618	-0.327347803590776	-0.7564500039241988	-0.7405192545997066	-0.23840107804747707	-0.2538101874485743	0.20792855836586432	-0.4238397332134976	0.03003247753925347	-0.31376391851599544	0.4791164657158112	-0.34095601327095953	0.1651796573618174	-0.22087583286617235	0.23785345710949735	-0.37306821254902767	-0.07223217522174988	-0.2140817101600887	-0.24893452528513932	0.43721776567446	-0.3467195800699477	0.1945262042575456	0.05426604814415868	-0.3803274607556794	-0.022157224801788812	-0.32513768542842975	-0.45831468667834724	-0.17720296075327877	-0.04173270062286125	-0.18704349485490718
DTXSID6045371	9.36165938522721	-2.868385103258926	9.425612641800281	5.970296162710601	3.806058148045221	3.9681364412716804	0.22323914959539362	-1.3153769734753287	-1.7926040235866672	2.1038067828666676	-0.4422555057904094	-0.7435746488003011	-0.8085428227649565	0.4563162182344388	0.2316013132798999	0.9488707750494338	-0.7787344330111826	0.6809685669642724	-0.518355139483535	0.09620819522054316	-0.1430989894870088	-0.12395728589613998	-0.9604251990227567	0.3143990652054865	-0.09705863188262061	0.41536834639849607	-0.02772369343496263	-0.46110280673826287	0.12977318960399986	-0.1633636800947314	0.2384953216519678	0.37041250085588867	-0.5122494432971586	-0.1175117307479931	0.7816082044460391	1.0665332202150728	-0.18423870613538967	0.7751422899391566	0.32618746161707135	0.2965313756366199	-0.05453329483259011	0.21510056718654158	-0.39825887248866293	-0.9813039810574187	-0.3383859947946409	0.27970431144541086	-0.5507945419855911	0.659669673886388	0.201394753422507	0.14548260335914628	-0.0851665145587784	0.5125467726609	-0.3250672983835724	0.022704593670122425	-0.11739134535382822	-0.12713870593529228	0.23926528722055876	0.11235683840486331	-0.21850716285969085	0.19451989192509922	-0.4825464618186336	-0.5326940909754344	0.19104763824030194	-1.7352373040682152	0.3223750777942152	-0.3948467215860656	0.36656833896732455	-0.48958352415555706	-0.11502838094698879	-0.8552878719837888	-0.693520390395967	-0.36474595350617983	-0.7602839548725392	0.1835108862743538	-0.1860738379459998	0.04398640854031368	0.6051969682111612	0.6838638551030289	-0.034766155929241344	-0.2710689737743014	0.3371319624973934	-0.39545123197995863	-0.6371303347263374	0.03452315957493713	-0.26898748852700877	0.05474610207055904	-0.5416887695092713	-0.19108945309606373	-0.412573047425319	-0.004050681869778164	-0.040790907754803804	0.18991973287460337	0.1669912129633931	0.3647437444276799	-0.12571741978580217	-0.26788042276115454	0.30591984597251887	0.4955235038156294	0.1335454465030561	-0.594664192204074
DTXSID7023510	0.2900788824143266	0.01303296457228387	-1.2303237026944993	2.0670825576356586	3.229191584383963	-1.7884221112514118	-0.7659633060335438	2.4473421438682132	2.853701800270389	-0.8365722278978922	-0.9548148678565557	-1.478093185991495	0.2389777880671283	-1.1722083347211887	-1.5421352810578407e-05	0.8961165898078038	0.2633952755751392	-0.006768227208872455	-0.45518406253837645	0.045529285216775815	0.5174932221180211	0.1564964507133119	0.042833827877321665	-0.23737625562318052	0.5505986218560656	0.3947672673848434	0.759617099241182	-0.7165189492186146	-0.16975548294305196	0.009246168037644817	-1.1620100711448345	-0.4376118479743429	-0.6961489639867013	-0.03189323473695984	0.8311198882758902	0.006051890069529887	-0.392344439587771	-0.3014003199186112	0.17090891497615338	0.38120688801330116	0.44568963514494614	1.0584094418614118	-0.5211990784359914	0.5442114893690696	0.22081404337896185	0.1295300839327735	-0.48998628102999203	-0.6767260586135494	0.22824410285697708	0.6879456704193954	0.3140235267899691	0.043616168324543604	0.17580573373990016	0.23121251760194564	-0.21572577178615593	-0.06456305620909368	-0.0846948090127645	0.6759021347723663	-0.034905003227836864	0.4047007243221304	0.06596569676175355	0.7128235362846058	-0.35151108483528365	0.3434917605729569	-0.012281080936576405	0.10724415081273357	-0.6825496719747552	0.021206507330955308	1.5287472462631855	0.5850721236982253	0.2816331502220997	0.06949811683047556	-0.1769937308643599	1.8016842146593748	0.1929600647906865	-0.3774679465025289	-0.38007701209790906	1.0197467772263742	-0.1428232058875062	-1.0794703032260626	1.106406457216661	-0.901295412158275	0.29906169624537005	0.8283513169745392	-0.8926429961423505	0.4458191589350161	0.6380892074047614	0.7836710563585372	0.171077249585873	-0.5992377423080404	0.23598810529523576	-0.22580354033590122	0.8489410512489304	-0.9264673438321881	0.6971580408258612	0.6848833425604649	0.03244202772021485	0.10841101544996395	0.5999816203893968	-0.7778928468540532
DTXSID6044773	-1.3293607002914727	1.0567006535621892	-0.009736053766037835	0.3129171048196051	-0.5534330133814649	-1.2645879634336734	-2.0361559114657166	-0.48909948075593984	0.0843175487050296	-2.2640862573110505	-0.8959821885101082	-0.1778151185588211	-1.012324685607647	1.9478357431651028	-0.2506788184187341	0.3426405455747285	0.8108063522750245	0.1559384515274015	0.7740842706581941	-0.5870570587527748	-0.05328203992566504	-0.4098537183091484	0.5205301809829721	0.68516066596742	-0.04757863064494408	-0.3050330626719304	0.30151567390163514	0.06695236186233418	0.016419130268042342	0.27356270638370245	-0.5975115097984159	-0.7789013950177426	-0.18411086686477426	-0.3027407872049884	0.420636119384661	-0.2715269282093685	0.5306090870855392	-0.5665694150277103	-0.048234473234648675	-0.40038967007285586	-0.284723899800929	-0.0649972096361121	0.18829138237235124	-0.08968294903131478	-0.008710404875298972	-0.5022421904341864	0.014513428132073092	-0.007483456774917381	-0.10683779805267224	0.3874780338628957	0.03087269276701806	-0.0689599908555966	0.5443495692144446	-0.24733666086387535	-0.37461207268630464	0.4948947112628369	0.08205384535841527	-0.2781782635910118	0.47054127865552525	0.6708132910739014	-0.632376846308509	-0.16126096546573046	0.7333396320748378	0.14132854111138135	0.047586436454636206	0.11826420872374026	0.3940623585801522	-0.9185120243096575	-0.7849513653099078	0.25668609774963397	0.46566815806589884	0.23065211562108254	0.049210455586546444	-0.34707805128305796	-1.2255865715333916	0.16974484395691067	-0.9145779292730029	0.4378954566632859	0.35699210777921225	-0.3032823647001103	0.32332972236325763	0.35786968311195233	0.7222690007557652	0.05330710138613032	-0.06833110820416384	-0.6842711761761856	-0.6062381728561551	-0.6448702546520908	-0.2250814669316049	0.44852010301347195	-0.6861710402267892	0.3262079313037487	0.020003505055075567	0.17944788081085836	-0.018799427191287237	-0.2887226601834322	0.4315997193543234	0.1561160702543583	0.5344166032602461	0.04133918780707514
DTXSID5045594	3.9403122028301953	0.9074825685381301	-2.574237442327901	0.022975896098385337	3.2733871622270123	-2.050520092380844	-1.8269951149118306	-0.6930315505258619	-3.5551570519191773	-1.0054707658589863	2.0049380063534574	-2.5933736702582437	-1.79679679508996	-0.4258409667737395	1.4783543508992507	0.6753891614015821	-0.8794758378344392	-0.5855891640846118	-0.4819799284024992	0.5809349525314524	-1.4241943055411144	-0.2655661991449455	0.786847087152834	0.14834147948208729	0.31679767573148326	0.012132538895906918	0.6693750188140974	-2.1112651851362196	0.12555567119607655	0.46355220269306274	0.19175660627681315	-0.1297139175585275	0.06186254796683919	0.3923270161479488	1.3317156241885777	0.4947125447629473	0.1329347880903436	0.3997079395649524	0.126688230600866	0.8921248564575043	-0.11308419123516002	0.18401281182636717	-0.8035393089052245	0.8998483597753784	-0.6370731307304772	0.7502543750502858	0.25617193833411717	-0.24020452471959594	-0.31670166337950184	0.6532031697534546	0.03716061992249636	-0.0068871585228724224	0.22241033753026823	0.06830265182429227	-0.053138679958293765	-0.025183607366114948	-0.16193312539322474	-0.09845558503451754	-1.4100093945922174	-0.12801044153339486	-0.5455542048678892	-0.07519677727885744	0.22252607443624722	0.6357553761356547	0.060525482612302214	-1.454200912592596	-1.2726144324082609	0.6018338846680509	-0.9744882045988085	-0.2274277834645896	-0.35481601598485724	-0.31201566268253844	-0.03795611693780045	0.6233852387168712	1.3919182822789493	0.1912220314548152	0.9922679697634343	-0.44779790761690863	0.388099800847625	-0.366549268141919	0.4972065072099202	-0.15247766572991692	-0.05627012606608755	-0.7500922640770908	-0.7327632019918416	-0.18691244571108384	0.2845896420127126	0.10600586581659407	-0.00836693432906109	-0.07740592258166949	-0.41337408687628346	0.8993988784846622	0.9338954851752784	-0.8156648587597272	-0.20340923869904853	-0.5478964857711194	0.2120178849933157	-0.1131712823064171	-0.38672087489898627	0.4411168234541602
DTXSID8025830	-3.3112106136462423	-0.024636581782480533	1.036045821583908	-4.788570364554545	-2.8475860016921954	5.632013273120923	0.8356916849308317	4.3660658758663695	-0.4423998129380722	0.6985039640949305	0.33656898261268614	-0.37144783957883426	0.764161765272283	-2.6464103771996896	-0.8127518081537954	0.2913722924298814	-1.1294076588934325	-0.7225083180852739	-0.6615557352849438	-0.6757936712802449	-0.08135896892920742	0.07283917523379747	0.5737794779977947	-1.1716937435619048	-0.02479877720192447	-0.751594986184492	-0.15370909745507597	0.44115954101919724	-0.6255073281994064	0.445364795558691	-0.7568375798641338	0.510657755280048	1.4743792632808534	0.35551863023941543	0.15617826452105738	-0.5089751637175315	-0.2721289853529157	-0.7909223407917426	0.24010439693762076	-0.7334564558682054	-0.029462520342174916	0.35823148600235805	-0.39683814792595645	-0.42625596240938884	-0.2560319897261243	-0.21201176923153392	-0.43956549254607685	0.1818039795090681	0.3214545968230114	-0.04984297177383166	0.1251931162850821	0.042847562950502384	0.24227175737150156	0.11358090018140822	0.6265856874628658	0.5380033035764117	0.7287889055398955	0.6221489902414543	-0.17492879804115902	0.14499122532371556	-1.0417550597231482	0.10170553645396903	-0.3390086591232222	-0.7880601311405558	-0.08837080687423586	0.3540401779638278	0.3689322233621471	0.739038860608722	-0.3223958828722124	0.888598211912112	-0.6890121348770574	0.7263422430406749	0.0117154903130252	-0.3198984947747921	-1.5774094981779248	-0.4991444620262583	-1.1835103365762094	0.4369477846103415	-1.4324128729295684	0.5317634687094208	-0.34663623195906895	-2.812710598315426	-1.6362278343941732	-1.4872217551990314	0.4066789725874325	1.3326851245587557	-0.7679838713480538	-0.34656475781480056	0.4801893006140874	-0.3237430352815906	-0.19511695015274397	1.8783353024043417	2.2125123497621013	0.044140870412469675	0.998520039899772	0.8902429896705351	1.8116549944456128	1.9600434722558864	-0.26720580068515437	-0.6210686253022973
DTXSID6046000	9.875781282083626	-1.7778799039137545	10.727123799166218	5.2839447371444335	-1.2571090852900564	1.961214332969424	4.609957746602442	-0.7217704959747531	1.5058875976846056	2.770987008024573	-0.2018491555841844	0.0690673548813507	-0.017411636853054017	-1.1048302074499	5.653105759430173	-1.462176048829236	-1.7800063909738475	-0.5668429907133777	2.245172092129456	1.8491993899224008	0.7111385796490801	0.39414076261843517	-1.633365270678018	1.226556912772415	-0.012726230557305575	-2.616305989482582	-2.0385452570500955	1.1657425043825465	-1.006703273687023	0.45818861204530004	0.5179559185928548	-0.7944519802672201	-1.3407778381800315	0.05050673491312908	-0.5216002690084995	0.6591995403691201	-0.8947282101699716	-0.9962838528928256	0.8781360429979206	1.2415344400849133	-1.5678198287218628	1.3901714885929248	-0.9011833763534117	2.3622170933176747	-1.0802482537637321	0.1469440980285562	-0.9221956488275002	0.3212772346792023	-0.6106877754114293	-0.48257158779253834	0.031000470158448375	0.8923218106841746	-0.13706471930964143	1.734690107935837	0.0992835697971737	0.5198177601087798	1.2597953925741219	1.441920093743702	-1.8581293263250394	-0.6929468480732943	-1.0548700311707928	-1.4485550134130996	-1.411130625196185	3.1057163527253007	-0.13685449766576432	2.416578766007314	1.1102733930164128	0.560981575581588	-1.0597310089492618	-0.2642756218451282	-0.38299866039058267	-0.009803991206043429	1.467522112252354	-0.4638640042264884	-0.6054994332702407	0.32353814090863	-1.7093121559566704	0.5773244506889488	2.156558988045516	1.707357693274674	-1.3002654854424414	2.3468377325794267	0.1276212437998416	-0.16770896080995	-1.2083196627826283	3.8507562366653514	-1.27044679985536	0.2093870681943583	0.2412329493445561	-0.3613082797728935	-2.039185972761836	-0.13849513772653332	-1.7552426738490403	-0.6078492567866013	0.5580738598312558	0.4535322640070134	0.5288612057687673	-0.14492084366392516	0.18554097397775998	-0.578404054429141
DTXSID6026294	8.70643228446913	0.015164555875334567	11.063774611851176	1.8226196492207816	-0.7724145052909954	0.43635843982314426	2.3468964433547215	-2.3164015044463837	0.5842959294268583	3.407044338013661	0.2837924679319457	0.023259452404791367	1.4679787647615996	-1.7840519187266135	0.4401637572948103	-1.1051727055574154	1.3228642104624964	0.2796196230680224	0.6474197015992886	-1.4047825053515648	-0.6272043539227415	-0.39375964862214013	0.41717306150395733	0.9133139370870477	-1.145103801235857	-1.085360444305555	-0.34935202446488894	0.12360090576004003	0.3403299713301219	-0.2466737202586515	-0.11517147104257165	0.09725745676013325	0.5887561936435932	-0.25548365222474934	-1.6794887305274944	0.18108680574063	-0.18030947549319726	-1.061090533584901	-0.5351414062910813	-0.3991758527586758	0.3306456677983727	0.04806022183881191	0.14577623295100653	0.4196202590569121	0.12488357067368411	-0.7374772972514908	-0.9125198645153765	-0.4061521947862082	0.19717948553696363	0.06879679944369291	-0.09760468040123152	-0.7491994769718315	0.02701205434014443	0.10843760681859015	-0.3325603447062552	0.6204056853979922	0.2860935389179649	-0.11212637087887481	0.23584457179356777	0.5443359641693517	-0.6938221094584358	0.20012902132627342	-0.003395196927944596	-0.3440368533797896	-0.7129984832997434	-0.22928137918848185	0.6642704044079332	-0.5408844576027093	-0.020139880006193753	-1.518078981953123	-0.21737568122403048	-0.6102899576337544	-0.5036540780158424	0.7945038262028299	0.27533857407194173	-0.8147884503952606	1.1292546353801605	0.0306519321135904	0.44692523725621747	-0.17949071378173165	-0.014611383023972066	-0.011071323236081308	-0.21704552679174008	0.06867663947493716	-0.0021153270311566837	0.5370371555597805	-0.4925097189025926	-0.05930515583559969	-0.2526881162970426	-0.27296934582144927	-0.7062755498940895	-0.385489286114518	0.5099840933484729	0.778141313633406	0.02856005526133754	-0.21891628863740187	-0.325939300246039	-0.3950061207456987	-1.1545144501665612	-0.38545382243351534
DTXSID2048167	-0.43765010019807904	-2.8000394411611467	-1.9840099219122191	1.1316610804551848	3.991469790104529	-1.6594460451438142	-0.35494439723231214	0.205322217968606	-0.2593828525643222	2.2482227866048676	-1.0093948262938817	2.730014344757704	0.4195215287488011	0.11821674630359742	-0.5873344254733607	-1.1236742840729692	0.6214009335055112	-0.10001337487657773	-0.68868341258028	-0.8101679072567428	-1.5084810187797608	-0.3920373393183542	1.2171402047909887	0.4873201415353906	-1.6605104949433127	-0.19268358547422035	-1.0055357203104582	-1.0433319276282491	-0.09525969719471096	-1.4226000655630036	0.12145521869215178	1.1604683995576104	-2.878773768207401	3.108141109509785	-0.4349464410735907	-1.9932373305851654	0.13320044821242344	-2.7917070822261176	0.8847811561251822	0.13421647771942405	1.431973735349196	-3.6847282416638443	-1.4585542802481772	-0.9643477756148621	0.5675472021600664	-0.784096735940882	0.5203960080895613	-2.619973566338864	-3.912036540651003	4.608641806526717	1.3970862550615264	1.8835842985143463	0.08256717636222984	6.8839466147596236	-0.6268461702667425	-1.0542812493319285	-0.06820253549432709	1.7993165635410848	1.1720715629538059	-1.6619868937524094	-0.48057784126871217	1.8306846386588993	0.9783909124374377	-1.5362775260897954	0.4880432870232141	0.1351067915917228	-2.131701433034962	0.5659021232342002	-0.8477631047325439	0.7578452579294677	-0.4634953253155295	1.3238020165883042	-0.04097913027292727	-0.781964357908295	-0.03337432113337195	0.6452183280360767	-0.2843952206776223	0.5718211113728645	0.015222418688828657	1.793783572577642	-0.24207765654211577	0.3766351635902312	-0.38356487081162355	-1.689521148560158	0.35378331852621536	-0.9931629938301222	0.7237678603848428	0.46507003139554093	-1.3119919811055494	-0.2813441035137218	0.20126315273856155	-0.02741103085237507	-0.2766080219321264	-0.4504389807605436	0.05281534984384555	0.7854450816411181	-0.2135031152779248	0.08280725100161468	-0.2743128506314313	0.12491814025289241
DTXSID0020105	0.16241077200260298	-6.332585568005231	-4.445239822662893	0.13783805011460523	-0.37137225184487044	-0.6145152751654954	-2.5370136103045007	-1.2679823661661622	-1.1094458972676835	-1.3232059784382737	-0.5918126601163578	-1.344605086778756	-2.1028710812117644	-0.4528343830263722	-0.7653369931487707	0.4739098433073904	0.44724930717207567	-1.6114770835768248	0.19693538637162622	-1.026334459949881	-0.02652362368016705	-0.5563763389932868	1.5680925516941777	-0.5686224578354262	-1.9479687251469264	-1.3151109816205526	-0.7233159353491383	0.7918783724050188	0.2556449775450067	-0.4739722668322137	-1.3873807414004247	-0.9175376198530572	0.727065399852967	-1.6953302335163478	-0.242402711918663	-0.7517213113445692	-0.8365300175482165	0.7750610516480501	0.638386173940784	-0.7416966563630577	0.46540937680567024	0.14506681995294018	-0.006020042870749937	0.06372986908844344	0.5192916356667158	1.134162097956801	0.6340159053834347	-0.3448826458636003	-0.3104909432640657	0.04577223573002411	0.10006921843851868	0.09837671114415293	0.5329355551429437	0.32361071957614646	-0.2537145792364567	-0.37167839949877995	0.9157656959942071	-0.8233545612394922	-0.422833011983756	1.4054300168186467	-0.17676560696602417	-0.5382885240524565	-0.6265760467777256	-0.12024429362250214	-0.34645037710277626	0.9952307579875868	0.08981894535141226	0.7378008956388047	-0.6681423777324782	-0.4013180778310739	-0.7142899211257118	-0.38198435021715593	-0.30615357365071744	-0.03993607591506575	0.8261961140998173	0.3123264480128417	0.22201385906145787	0.5465509052960921	0.1648822857520612	0.18618470799337342	0.561814860646729	0.79013429205742	-0.21934367484952313	-0.0006799374934668949	0.18214954383980325	-0.37608121348916185	0.6292230323829165	0.3486517260237578	-0.16053057255665182	0.007983912854658427	-0.5393255907054363	0.6317977471210207	0.6623091982458763	0.28492883580186734	-0.2609857580366845	0.616139448641696	-0.018243413107375	-0.6430234397301066	-0.33383902372260743	0.7476233100493822
DTXSID5048184	10.927681104062424	-1.2523357966024677	9.506391486381055	4.258373715039898	5.460693435153952	2.789929442775991	-0.37823120919467007	-0.9874266231634531	-1.7655714989969458	0.5167678874940406	-0.010383662870758774	-0.7256861855073267	-1.5490546839423012	0.8481723964220959	-1.2206072383766533	0.996195278365224	-1.241401670719365	-0.29467858887108805	-0.959189659708465	0.6603507320552676	0.1872423700225649	-0.010238669036989764	0.5882703798562302	-0.6281138591682888	0.9671878269929037	-0.6242848819709708	0.11491617587186191	-0.2651066429224494	-0.49850908172034447	0.3598206597248444	-0.22450789086496703	0.9804200823928835	1.0550979597914827	0.5709158720627521	-0.6877663396880611	-0.6410938447886063	0.3903502870995204	-0.5941576121575955	-0.059538872041807	-0.6349675378400642	-0.0941844199807184	-0.5688857841805511	-0.06688201048806286	-0.9832053648398464	0.05201740904861457	-0.5025700252279727	-0.6234112145138954	0.44564844824534405	0.09939164947075624	0.26289511731065307	-0.036732072154831916	-0.09439089200246603	-0.00209858110788513	-0.02708198690837387	0.4515297356130297	0.5083044120169526	0.4481838468714416	-0.1575821689133292	0.6130750037776077	0.15754375706809767	-0.5602562868676696	0.1700198038163472	0.25306307524580357	-0.6039101315204769	-0.04370302388617041	-0.18809079042942878	1.0700634819577979	-1.1753440809921023	0.6184332885599657	-0.43190006615204796	-0.9676737886141221	-0.30371728891261107	-0.15796936739566006	-0.07355244415075958	-0.28805637531293915	-0.5734398095282385	-0.22923772034771803	1.0037606485228543	0.5112226887157802	0.2909601261107342	1.5456342368311475	0.06114403191869552	0.48320331739513533	-0.22813261018816391	-0.515655438496265	-0.22487526093106738	0.07132051991278689	-0.5273952044571489	0.6071050593626655	0.10488911347858888	0.21107568416836317	-0.32868313000787275	0.1560276949490823	-0.5411811003785066	-0.31264899723227474	-0.22169981863071003	-0.5682883068242436	-0.27064963540148573	0.3787635804957412	-0.3117409144483556
DTXSID1040372	3.864874417530415	4.130901676848373	-1.7074140187538935	2.0297595369440344	-1.7844219003385284	0.28567977861245064	3.527151089138217	0.10438618114715824	0.7449036627921168	-3.7837714125686794	0.5407313909153694	0.2511797851193146	-0.8578007266756311	0.32640682264330945	0.17243842749294103	-1.2119565676934418	1.4941171570170988	-0.5652747756233453	0.4184842186454027	0.20141892057905736	-0.9915586500332855	-0.1613313470888779	-0.1587302627672494	0.5412132755777588	0.5157662901634154	0.38968985053966326	1.910643586216009	-1.0024976575996547	1.1347951371235199	-0.5616795233302836	0.9969676454836088	1.3953342551498866	-1.6173175046933617	-0.12642979163779905	-0.6871819449711267	-0.659066327986537	-0.458251186578025	0.2816447342017936	-1.2595152363878979	-1.1459808504478024	-0.5113548036596812	0.31544769978179943	0.44997425033723915	0.16752308850857234	0.17012941013931002	0.606820107364003	0.26100426156730117	0.2385558895178802	-0.40045987838615466	0.05176189615955836	-0.3592908519975434	1.0834191536379032	-0.17858495532121335	0.14071443051020127	-0.02520221344487473	-0.19801992999036616	0.5720844573270056	0.2199310979639369	-0.7260847936590626	0.38666610916522715	0.5195376522746739	-0.3098060636050367	-0.593370023460048	1.6244433715781672	0.8704384108140605	0.28031599648183786	-0.36132832875833576	0.05642572355968356	-0.28184214608639363	-2.193013690769053	0.42189241490676127	0.1777850559200361	-0.12270069224591977	1.370937136098284	-1.2980099435402237	-0.4419694453861207	1.9146352668501336	0.08540097741576304	1.6810249840166205	-0.9261878450163771	0.4141011468662868	-0.042833757616598356	-1.036025957870197	-1.618033169261594	0.4114578599855279	-0.5853900269818832	-1.1288391610667092	-0.17332110615474622	0.1917623894855915	1.1160226410795735	-0.24269129017476948	0.29181384976993696	0.2022545233510363	0.9271975196573004	1.086264210279609	-0.8979052457908481	0.8784867649602012	-0.1524765520689178	-0.21266915638988154	0.2038316222877668
DTXSID0057679	0.24645382071516164	1.5276086489859921	-1.7480353846521013	4.065090885032811	-0.1434265346606113	-1.9388909819572133	6.003415975864202	-0.7368197596738243	0.9585019786496154	-2.0720018247639693	0.8300903941061231	-1.8087674531156992	0.3211876077616713	-1.6595404051460603	0.5868406989576646	1.668807740166169	-2.597417192679473	1.2372663369372796	3.6831529561610887	0.2642185897960423	3.753033031408244	0.9327738970637246	0.8088106096233927	1.071697418326693	-0.6409297193296637	1.5054058337322382	-1.029731129607049	-1.1675558886587731	-0.5429012617907827	0.9557973137546294	-1.9364388154918912	-0.8457975087804552	-1.9845438754991234	-0.7651554794429672	0.7009768064774398	1.6251279627324262	0.8072305004641707	-0.11663560673330443	0.5407633072322195	-0.7715793502066977	-0.5511677282679478	-0.656041301218679	0.3185236043930386	0.3075243629587003	1.174440770308906	-1.301076421966315	0.761936593325827	0.35620341451306636	-0.16984191584310568	0.5285651727468663	-0.1700814097398716	0.36846232939207324	-0.3169979453510632	-0.23534300428960556	-0.12343317589637302	-1.0649094895342686	-0.36579527266629913	0.05109621564637145	0.520644733607524	2.2935670471491956	-0.7862154139630367	0.9052801132806751	-0.0017013562387336418	0.08678270371047367	-0.47738183697715364	0.04655654265024231	1.6967089472394574	-0.8739124368710157	-0.04319303063617214	-0.3673371339393605	0.9774134436098475	0.7814557216366136	0.3300021757851739	-3.2669016205968457	0.08353027005339494	-0.7111595225896402	0.7111603931575782	-1.698711439591278	-1.3574628437954517	-0.44083889316924724	-0.4489476430993504	-0.9138157040909977	-1.2022571033780107	1.8911815748554954	0.39568275541060305	-2.3761646276617285	0.14807342257109102	-1.2904682918898633	0.6046235325561067	-1.0264106087617442	1.277442336336887	0.05657132276827367	1.4611084859971297	0.1975247178965636	0.7457468689905796	0.3759172699531606	-0.2794397500718718	-0.735006402792317	0.5944544334036845	-0.024514031626869805
DTXSID0021620	-6.621904251814196	-2.6236895366518382	1.2123763500785407	0.40942612802728096	-0.4655493210043395	0.4386998902199695	0.34834295782434616	-1.128825483797406	-0.4132028771903937	0.42635034655103565	-0.5005400395054297	1.4030232300187488	1.3378140012593942	0.9253119238427905	1.2505425663255239	3.393471723891667	3.562099601745402	-2.0067699613167314	0.8823977389766113	1.4426051813728185	-0.8471020176243891	-1.4270839005454221	-0.9984414513475801	-0.30752486650140426	-0.19251361760970004	0.613501737052024	-1.3198985513624328	-0.7528280307189411	-1.0189408738020367	0.5173400652566905	0.9087205562262989	0.2837763884805584	0.23483426926640782	-0.528608609960437	0.25549696899154045	-0.6884826218195162	-0.28972594625812537	0.8953182809909772	-0.2736364400850131	0.6565818163216536	0.5559239496108901	-0.2790327479830107	-1.0684027959751596	-0.06252021004734241	0.3151340170942188	-1.1840872676206982	-0.4635745632234534	-0.07803734727470374	0.2422465899193513	-0.39205953147101563	0.22854519892845707	-0.3495746229243602	-0.4896700682424746	0.04285557036514565	-0.6815738794956978	0.3630589711501332	0.4161540979207583	0.37270330359954623	1.3357319091565434	0.10915783907621071	0.38136286336317193	-0.8392395062992172	-0.7973961893460216	0.48047265179314946	-0.2420777817820407	-0.6076816674398424	-0.07484928412197647	0.38315629609383983	-0.21800153309489503	1.3088299183232428	-0.5623173324975489	-0.36609349444164124	-0.5297027958212094	-0.7422928750755897	-0.3781202634120064	0.28684030534855903	0.23169244616299317	-0.09114733188811286	-0.10765037434816771	-0.23680816819427183	0.6340951853904835	-0.6080138147479406	0.1424090191214511	-0.15118124989874837	0.16520078040709313	-0.36720350880263547	-0.3940246945355542	-0.4247770184038267	-0.5211853251380016	0.4162884195411403	-0.202286928523595	0.5977479001465665	0.16595463467517277	-0.08640535614023802	0.11535687065951504	0.007967267630928941	-0.2720854501967828	0.0009313065458682726	-0.0689386847771328	-0.23516062653629968
DTXSID8044595	-1.6303985261352614	1.800090011933432	2.232665141180843	0.46505749807015706	0.3048352286516376	1.0114452211617155	-1.0878945817980643	0.8695455383952089	-0.04992267756745374	-0.7340051280047721	0.5125122682438399	-0.17292911061207664	-0.36238328734325004	0.13829075454514123	-1.005159361201495	0.8115148139873016	-0.029608081177834013	0.17479633933646072	-1.1575232463081695	-0.24917515276598873	0.1714928470234507	-0.6147268060432737	1.037688410722125	0.02740666801011002	0.2232770590603443	0.25540919287723923	0.0592972503466031	-1.2298972602670581	-0.16429985414116097	0.06457654021719816	-0.4266760389073113	0.1296285568275821	-0.5007365049731787	0.1054717064701729	0.09499709032915285	-0.0591826739407354	0.6398143259331043	0.12095010146658654	-0.2983868402548219	0.22713643642183792	-0.38570577539940865	-0.18586395623439833	-0.11944901713539663	-0.5482135502827862	-0.028602564691120963	-0.2280646062476217	-0.4238566240134338	-0.35548300938520677	0.026219964943651995	0.1159953330793265	0.16780133898310862	-0.03451693367567115	0.06318878926238729	-0.24302670964449635	0.09904898050356692	-0.16615245359784142	0.30383333387972633	-0.14918191290321445	0.5049888263698602	0.07134282870256471	0.2732743195729418	0.04809894166949804	-0.1653931185125664	0.3032835916093216	0.10008930612770257	0.5583638419869815	0.2480843335476248	-0.6065163012857591	0.7591228262164618	0.6805708901730145	0.25464539285760257	-0.6003681401277169	0.8955173462683675	0.5087155901758524	0.8110376290752757	-0.2537850580847271	0.5323273634880372	0.3875218886522881	0.312692229333151	0.05721771105357676	0.7232997707813599	-0.019437329852965774	-0.09597995842402762	-0.6096279727669897	-0.3641526765352191	0.29819793302351527	0.18848118367268277	-0.8897614300235351	-0.37210515356620605	-0.11961885639663038	0.35100414827138793	-0.09789557712672656	0.5606710450919719	0.1976136044999866	0.37670391196501507	-0.06236143185728385	0.27687305474763674	0.22846543142373615	-0.06479798047662491	-0.42111979803600985
DTXSID4023678	-3.13603846283993	-3.6732114943461847	-2.1554535346606865	-0.5235440735534932	3.2650751051011717	-0.5437249125838066	-1.2553032269866549	1.7760824730593274	-1.1760547199023719	-0.22782491955912507	1.5377616217926227	-1.5232549549326282	1.8823660295581341	-0.2267667282917334	1.5768850236500558	-0.27985601607927835	0.7048700514005987	0.15400418119282455	0.29565697576015443	-0.9895630502377523	0.005941955962960739	0.11818545234248226	1.057560585856801	-1.3117076050357412	0.45653128745831906	0.8229143876859066	-0.3524308261744774	0.936127037241502	-0.6703041300703747	-0.38327691824350546	0.27530609178911275	0.702314887562092	0.3635660710398338	0.6713133068840261	0.7871504395305994	-0.45985196410215634	0.5427464425076955	-1.025557502565473	0.40288717132832297	-2.009282828948911	0.6439852452610707	4.441118198672461	-0.942322398234208	-0.5531793256627643	-2.0647321215877414	-3.251381386569261	2.097430185751489	0.42865837561990444	1.007371400379238	1.7164237192543192	0.3531681856209458	1.3052157184842763	-1.0944373728979784	1.0740273256434263	-0.34912341380972206	1.480917831107418	-0.430604784725174	-0.8225978497074157	-0.6788448452271434	0.7839426516160661	-0.1258044347232482	-0.5274397399513114	0.03136440644546069	-0.41423520156018057	0.42701012937524463	-0.0917714924794322	-1.3782929792183811	0.5592502963659325	0.3688909906437135	0.05944602337116721	0.7892770358507478	0.0936004646725183	0.38098367809431866	0.4462066105347503	0.8438700927306588	-0.8152474008596035	-0.29247177796491763	-0.3358234696623452	-0.046131081700399534	-0.843051679200481	-0.2615629789104721	0.177682639285015	-0.10195397880658613	0.41635728818616363	-0.24423610499522033	0.2164366853975639	0.45098837355119403	0.28834981728384046	-0.019590663707218167	-0.09454032173581528	-0.0222113604081818	-0.5894738783044374	0.0724955140091484	-0.1983907837839007	0.3958087429515391	0.23004603736571322	0.2799898848891165	0.01100890029134031	0.47983121593307015	-0.3020292680328435
DTXSID4048640	10.79033838318359	-1.6858154982187317	8.347160975737326	2.4101509343611878	-1.2311876316693164	0.6657499366106779	1.1707358100192042	-2.05706581657734	-0.05213975249486136	3.4369218917662776	0.49655160288642286	0.2454482422553565	1.7227532654212292	-0.837275894127414	-0.22412414055187013	-0.019579218671609847	1.0626992721432675	1.115358174053616	0.043636733802395175	-1.8027578768508465	-0.3165497298623067	-1.0237395234947184	-0.8774366988695083	1.2135368515800395	-2.017451839791464	-1.1037478005737875	-0.8999669654321458	0.027425091482098537	0.618527400965703	-0.5194314312423078	0.4360510321944964	0.2916341439020207	-0.09034006936392854	-0.3605622343673067	-1.4648556375160557	0.6477514392290243	-0.07789084545255509	-0.5599973740924947	-0.898194060082284	-0.654057580340831	0.22706802324117537	0.3385944560139328	-0.01630485409783101	1.0230297069791832	-0.14688678765644753	-0.33590024913400307	-0.532485857534929	-0.7435873465261532	0.038182230055928225	-0.012420715100437879	-0.1885210818880576	-0.8393293597015136	-0.2839476686768154	0.1627045459124258	-0.7218478697346437	0.7594732009507248	-0.2412709953219209	-0.15088387850942112	-0.6559099609337884	0.745788793412483	-0.9864051295432136	0.18183586079470507	0.6752659081710596	0.38427895095602904	-1.089102720580432	-0.9997360256058402	0.41083836963368886	-0.4728225691782345	-0.417233679391151	-1.0758182866681751	-1.1921711276112448	-0.6659435433107647	-0.5774332823839929	1.1370854199093166	1.8461876491446167	0.12534750757664348	0.5153509643414454	1.2628965011538504	-0.37893050350577956	-0.14217765436357394	1.4555722666759503	-0.35469015374382656	-0.6388251431413337	0.3173084924756783	0.5474198756300902	0.4179499996963067	-1.3064449209115554	-0.6214416319586187	-0.966573477462858	0.7406172808592694	0.5111527542108648	1.253558407706463	-0.27806456146861613	-0.1746979656886592	0.7525303862950166	0.132506786860635	-0.298125848962103	0.19186513433618255	-2.0243892913691024	0.06656667619579484
DTXSID4047547	-0.13986213697476238	-2.7314051336746337	2.2805209373912088	-1.3390026030681352	-1.481240364836125	-1.7790445318953032	-0.053379397028118704	0.2022120512167031	-0.3090308227779487	-0.12227932637974717	-0.7322778674603193	0.7044916778664675	0.07865894107745758	2.6595832182747112	0.8392164494949237	0.40866907891365534	-0.15724962953224997	1.1080997971114828	0.6217766096614517	-1.4705856785307103	-0.01736694019444912	-0.8152209028192139	-1.0675979067311367	0.3849855749984278	0.3798562546350263	-0.5748409869934303	1.0869485891752597	-0.037285176200805424	0.2412332989133251	0.5466620104320128	0.22373212684522417	-0.6513676972125888	1.0525383235591466	0.9066224182569826	-0.16545422776030605	0.5777878990580412	-0.006220794321328485	-0.5354214855160189	0.32788687906510444	0.2673758731195369	-0.45925165089754433	0.13622516993691838	-0.27754151928586035	0.7337540478359954	-1.2026329383518344	-0.1660845953624609	-0.09994851507514144	-0.9275855942214589	-0.06553747739517009	-1.048089558309618	0.29713497570258846	-0.09810195566201813	-0.5007892108378678	0.1397179732373558	1.068898387046464	-1.9216293323057156	0.0431480317093885	0.4460953962874482	0.7499483538812487	-0.8492707602446938	0.24555308817221774	0.7468650832281802	-0.716493324329448	-1.8634007784867628	-0.5370894792291278	0.5722439371561657	0.26056834414118957	0.34296521355297416	1.166724908449953	-0.1827299219726587	-0.49663810773155814	-0.7796375613380566	1.810142659888586	-0.8069574870115411	0.991933222347817	-0.6212583639292798	0.9942438752657827	-1.995621342930483	0.036120105225766974	0.26971233331371636	-0.16614291166966627	-1.0870127613808775	0.28224836020997274	-0.9180021105011527	-0.3247296135568332	0.09578308047594318	0.7083952520975607	0.7476965443742759	-0.49753118340568037	0.40529050027113994	-0.08762177069939749	0.23973519688186973	0.527285045017712	0.48631562674091533	0.2572930290755666	0.5256661629854837	0.2810773997559208	-0.35122600756078487	-0.22807334324553327	0.3445406539866224
DTXSID3021982	-4.9188025050667505	-3.1416994426015767	1.4725325895299506	-0.8197088827572202	0.8490248985277234	-1.065191661859847	-0.5575893213253347	-0.27365680552281163	-0.19918260080495162	-1.124003687417636	-0.6803117252232228	0.2230607850456968	-0.4961992041932842	0.9570116181733987	-0.18822039077938263	-0.30669945328123277	0.18802618639869115	-0.4779738097419432	0.4365000127243032	-0.5248093059971991	0.3666870772889641	-0.08258436157786803	1.0607655218793013	-0.2579348941571903	0.1505234185520466	-0.06538699214250712	-0.40327705043123957	0.3385622047380037	-0.08004091975669707	-0.195948347757072	0.051989492742126796	0.026860438960346626	0.3040268522789571	-0.5641095537554849	-0.08653112916510933	-0.2782897775052839	0.20206539735418408	0.26793553262812664	0.2530504115576832	0.28259421030912973	-0.18211340133384457	0.10002154423875517	-0.2970091475744117	0.03260842695519849	-0.3683811438276634	-0.018976419001940983	0.13386947412879185	-0.034700425225243664	0.06715484296349963	0.21850985985638843	0.1023998510626829	0.15295205903406828	0.1393250784172109	-0.08080064005418747	0.07578981248035503	-0.12995049572716316	0.24958441731147818	-0.060121263774031715	0.02643051820736928	0.10582417907768997	0.3173778075129468	0.12317924689036253	0.2690142695099538	-0.11530759793511614	-0.043881363185170164	-0.20123554079344577	0.45134299658424587	-0.5187372968122234	0.07970434524444613	0.594166013003476	0.2104255147145789	0.32506296211480823	-0.1803652315766326	-0.13276958667322983	-1.1965778597691754	-0.01671635701527642	-0.49720986948482404	0.21897234110987648	0.08965682865342213	-0.28625872670284414	-0.11344634686669787	-0.2326348528307412	0.1477412910175904	-0.1566809510632168	-0.1480806853240881	-0.12928512597506114	0.25494985153088884	0.0014618610655287494	-0.10596587558659551	-0.06871295999493499	0.03449254274162172	0.13017411268637583	0.10549699870568624	-0.35795968798382233	-0.20876456196313584	-0.3519929347965724	-0.11399390773787485	-0.043328536116456096	-0.2614474229532531	0.03657503336828261
DTXSID2028985	9.05414088446005	11.929922758078003	0.186353124367975	2.6998871715186166	-4.408609592427429	-2.0103080602732177	0.42048874374353395	-3.469088833058484	0.3707698009412525	-2.018182349868414	-1.2726913550922236	-0.736354878129189	3.4087342530669575	-2.035665374741194	0.13500403844576506	1.1824451482741642	-2.3048999884394212	-0.16571422300576732	-1.126872490735108	-0.368569666733788	-2.095109559895744	0.38415330398924	0.33116167471722285	-2.1083439485537534	0.4648046660772502	1.2378516202526655	-0.5918298908155204	0.48674353266425047	0.14457809015469467	-1.3502809395055342	-1.3615882963092343	0.8256691158194756	-0.5994373372400196	0.6502789428615038	-0.37177444153992095	-1.5304019899201493	0.2806176840559088	-0.01965958152986577	-0.7354196598762812	-0.9605306093509091	0.027732662343741422	0.4799527744227212	-0.8110919204133341	-0.3645688391327681	-0.33514433630619545	0.41414794772458136	-0.7805461853230266	-0.5704821569246806	-0.27344557993812235	-0.13958255335154535	-0.04237609455855995	0.1648173675885709	0.030371696862975087	0.2710836316251803	-0.20337608132629856	-0.1151170503564659	0.7363057801495249	1.1548555494909158	-0.37798741787417955	-0.26509654037630287	-0.16261556180281245	1.298790083484555	-0.5606061767997956	0.7606659543187769	-0.12403519500095767	-0.18955150242902633	-0.13416177258374726	-0.9839537730330055	1.0322746116894108	0.2660215367297316	0.06951995441560632	-1.6378155887612942	1.4547073640887282	-0.2982940404485844	-1.0137793589526534	0.7564266055840212	0.3350146438892884	0.4519934911268722	1.6421164158396466	-1.6472813616968631	-0.081527627338213	-0.7062614681683655	0.09587955049674628	-0.4291762904978884	0.6671570029751002	-1.1598334127320056	-0.6484029662611629	1.4682300523295968	-0.6861135258064203	0.7334598802315803	-1.8751548420744717	0.672704413312753	0.6435171721243994	-0.4928700349521494	-0.3400417331157484	-1.675613738711204	0.7077169321346607	-0.14842607319030093	-0.4986846604410079	0.4322237143030391
DTXSID5045758	2.9811255335233415	2.414073748263521	-2.691159457892606	1.703159271731435	1.1349416308422025	-2.04657999170414	-1.805467460947263	0.6395579569287401	-1.2951031883892337	-0.5974748958933018	6.290309272764319	-2.3844380688764857	2.1819431314544993	-1.3478251859094832	4.552113030141334	-0.182574140257245	2.667392334514293	-0.7448277021211555	-1.99741140941887	-1.0079226437700703	1.0914576591234404	7.099565423325534	0.2065276185103842	0.2722496230739265	-0.3429357267166283	0.6362755624299548	0.32997072977336794	0.3785866592004863	0.41644761364534894	-0.8394933201406468	0.6707483524034954	-0.7738255290178859	2.3285828077349544	1.4078194291916946	-0.6962104343179983	-1.8051463832373313	0.4329082395749262	0.5095709077385312	3.640822460379933	-1.3021239910895634	-1.4227238155199546	-2.78099654621743	0.5635931575399199	-2.659351347987402	-2.388049931403856	-0.3873068605545771	-0.3224540814086094	-1.621833404348217	1.3550423354564778	-2.0613273983704623	0.7661826685807034	2.5364509576823195	-1.3271743234192614	-0.09981164133386956	-1.479914074638195	-1.44051076392458	-0.2098738450154482	-2.7259615754602065	-2.27134728765749	0.3451450248738395	-2.579624355629568	0.4224856843374102	-1.9531605012105469	1.204847440384307	0.2581963144805286	-1.5647419126752227	-0.24326945790561483	-0.6384067049199414	0.7962477348676572	0.6269158279027065	-0.04864626076156378	1.6497567794579375	0.45399165356661264	0.49299563836781096	-0.4109171316777104	0.4817389837822578	-0.6701375585534681	-0.3921121611137695	-0.007822554491726445	-0.6953920110077335	-0.35441821160617243	0.45787206117857077	-0.3279893708818378	0.23227826206938718	0.458948710283065	0.09257510581296857	-0.21763566096443931	0.19694680037467313	-0.06531521701327393	0.3618032440841973	-0.5393151196041157	-0.3710911878205638	0.0963741992231362	0.833030348366947	0.08504384922232684	0.015007290130822429	-1.0229699109061146	0.11951519389186188	0.2610744209885904	0.7499530940669498
DTXSID5027019	0.9169061592836649	-0.9594206632726107	5.15910474373066	-5.062429504620121	-0.11028216813896995	-4.20566798444486	-0.08038393553144904	-0.18976417187293926	0.3968587159551056	-0.4919505663240203	0.1995061296254733	1.067469857884126	1.0939284824902482	-0.3958618851443062	-2.923782628341476	-1.0888877590141284	-0.49883040654120875	-1.5339291243063888	0.8234765135514411	0.692101655137799	0.057134495168360326	0.7362221795082176	-0.6160235848153562	-0.01464079545678939	-0.756784061751938	0.03915029046723641	1.0043156866996255	0.8489148089664383	0.27644187247535956	1.1026394246488644	0.8615732638140623	-1.3241558324562404	0.5074441068579493	-0.22880492799083457	0.46520532764931644	0.4047059163584224	-0.8175110216440561	-0.26563009587017306	0.6712035330819933	0.855630898597107	-0.22830560890849114	0.5442014345371792	-0.35244464168848144	0.5331252615980423	-0.49475945428670676	-0.2757267357240645	0.39476841267222473	-0.7716521379172278	-0.1143287068472767	-0.8133039104498812	0.24154962052884277	-0.05952337742779236	-0.4000567713851503	0.26781289964453475	0.33369648162581944	-0.7060017060088678	-0.21310267521585	0.2800676281947984	0.38355646453050646	-0.7859600073533849	0.5408104313479031	0.14208802852449648	-0.6585010816136238	-0.7868442074680638	0.4006111590789546	0.6028645266115287	-0.1324972033579683	0.2873628747634037	0.962275876517973	-0.22809242968090127	0.06390662347102735	0.01274541058856862	0.47337349632473036	-0.15166077776815073	-0.3707934978572011	-0.30236650407229576	0.20926566955863612	-0.3315504959805988	0.05626380465123477	0.04704397396817596	0.39352579672842797	0.03514518936391064	0.19436422038356044	-0.15711372419408143	0.14317938654198634	-0.021167133312171613	0.02154701544648638	-0.33621358511663685	-0.21947824830931614	0.39782735951966414	0.6922810772783199	0.47670162858435433	0.13663057277406807	-0.18808327481231157	0.30166056592301693	0.009381436993667024	0.13571739109439818	0.32842416423132276	-0.10452917312062261	0.09874299215571085
DTXSID2027418	-5.614925896516398	-1.4914390813135066	0.17773026299474953	1.0363864905809848	-0.371639581946924	0.4145536024110886	0.7519525098961786	-1.409777241636744	-1.2201473483158416	0.5619589516126997	-0.21015278224432202	2.8646494032993997	2.515366965194821	2.050745248952849	1.988706108870798	6.591353028001848	6.603744736352299	-4.380387913523961	1.6624520763431543	3.4257176460930827	-1.7869048364315954	-2.491439991805911	-1.9476844137036753	-0.41255764244223403	-0.5268977387875794	1.4308744168523104	-2.0437785778151083	-1.1540898977441874	-2.141311043121546	1.0506833912063758	1.726538221201389	0.6127364226091496	0.5857816307482704	-0.8871158983079599	0.06251412261416167	-1.7056379305378568	-0.7713993942066235	1.518629702390467	-0.36842730314439615	0.7664079943165363	1.5411096833927116	-0.5620271727367254	-1.415500777291892	0.39430365351757996	1.1452134146694883	-2.5859492122216587	-1.0022407299090073	-0.009219146940943723	0.33771907190261025	-0.6795031564467819	0.37170684560558664	-0.7395596993159358	-0.8412198366318381	0.19320466231529843	-1.303707706120218	0.7513960979964502	0.8255713334537508	0.5353493777973789	2.6532624584032933	0.15741156065713027	0.4530162668748676	-1.5537110790729132	-2.113108504808857	1.3948845536005259	-0.48707243247131926	-1.6252824988402848	0.42629606790569224	1.018555276663063	-0.19194301221173124	1.5542781838685131	-1.6390374744027691	-0.9123011395435575	-1.5593660268689375	-1.4749978943812576	-0.3101891751770315	0.3921966608777879	0.7716527922109998	-0.14052974510460778	-0.19266345204957933	0.3336980280652159	0.7353439034897254	-0.41397060284742476	0.670842007514021	0.2958684206272287	0.13369992647496512	-0.5274403301682201	-0.29678510666251157	-0.01463652087379219	-0.19718356777497806	0.7559525397798262	0.4916639378595434	0.9497244178427273	0.06473247478615594	-0.3546826909718458	0.17725541314437115	0.270925539902585	-0.6374868860901192	-0.181099608333869	0.20250710674236674	0.13738143517286705
DTXSID3037208	2.1251974826456563	3.943039748004909	-2.8316031275781	-0.7725527793793713	0.5221587909859309	0.9637811134250499	-2.8084122625364984	2.4234762587986887	-2.652428730016394	0.5481390632673331	2.1621963968037305	-1.9310982645304184	-0.5794725979317638	0.2787046082089897	1.5417532261020408	-0.4223590929068634	0.4158568421295699	0.2642485812838471	1.1822247892034365	-0.18355671911757143	0.9590064915070785	-0.3153149764978752	1.1358641125319902	1.078379411818391	-0.845962847506068	-0.6609727518504285	1.6384611531722066	-1.4758066075344576	0.4907264358174017	1.446394025672495	0.647578439343992	-1.2025080810524353	0.03165380274431326	-1.3488807831763163	0.16302038401610464	2.23298191900056	-0.7707400874714945	0.2417511026375029	0.2987926600219142	0.48878389671028494	-1.007985836251151	0.453773155295916	-0.9785605088897639	0.7409871155328983	0.8790089256242166	-0.203395463994187	1.1756409923996174	-0.2918492666652072	-0.03838327692541915	0.9103460414151971	-0.002438623051157084	0.20208964271145238	0.6309230342524128	-0.07346910084224029	-0.9104678940136178	0.3015160155899058	-0.23397416523128742	-0.8871857740992923	-0.9556642841642691	1.5921156222615478	-1.2042766981654869	-1.6487597361619888	2.0163372542947955	-0.07901916168070254	-0.1387905177163379	-1.6153911685575757	-1.048014798862596	-0.10573599068123493	0.1390116078113525	0.7404607861156585	-1.4204418700046175	1.6219073457815079	-0.028442276820226025	-1.4018050621600817	0.7628775361499724	0.187296443738849	1.791283920751203	-0.10409912337703107	0.32344602044784426	-0.07682268111855295	-0.0236451412369988	-0.37565106448236285	-0.15736163828891914	0.11906045731068242	0.0699366180480085	0.09213483737129369	0.114113590203707	-0.11106449828429074	0.10908319352596157	0.34357698055199515	0.59892848837746	0.9896972076410763	0.19732202254391962	0.6708451875749288	-0.583678854938285	0.37351698862957206	0.4307144405935875	-0.3570761134245907	-0.5660534419788302	0.2858418767950913
DTXSID6020771	0.9411913220486156	3.133965677705541	0.1642928371461972	1.3869928081514145	2.0035911117378657	-0.6424143966807675	-3.721016404502486	0.37051293233942206	-0.8966492801296846	-1.8010964187373824	3.6755471043195995	-0.9691069854038861	0.6354144086561878	0.7856173054534025	-0.1978312797122117	0.05672825827908939	0.7009967151235909	0.8848389746990204	-0.5635062428067703	0.6739690177129699	0.7573687386235316	-0.1552121145799823	0.28580063152539675	0.28131853400728996	0.1762807102210822	0.9241597840643752	0.7819730096085508	-1.2996957314276352	0.008303592638041993	-0.026078112557333	0.813046105336212	0.4617440193290176	-0.3692743238484693	0.5601396733106637	-0.4395965259516107	0.3366071124786119	0.36312818410469144	0.45384386439677	-0.7018322489986117	0.21737851029991398	0.29214995069990973	0.06388134852955137	-1.2101258173625995	0.031049605088221695	-0.730634188961009	0.5612480091896014	0.7687000694545234	-0.44418448793668636	-0.2869853990693891	-0.16398150098980332	-0.3550397643299889	-0.08306701001310239	-0.5676049148361526	-0.3328310224867121	-0.11711294272867356	-0.1805261526611831	-0.28889852446384884	0.02557469878540375	-1.9626821714077376	-0.7107492021466262	-0.41722699468348806	-0.4089035370208047	0.9748253028667797	0.329200286194591	-0.5683042297870508	-1.060828691339813	-1.5068727378154374	0.5196621939401928	-0.6749077969156041	-0.5296604940364709	-0.18822263531129582	-0.32819865493768	0.7965794431945515	-0.5918691029550375	0.7504049859563307	-0.07219980118779262	0.6574448020996452	-0.4285230689028509	0.17928999538691084	0.15419259874306773	0.296989372292595	-0.45405951582150855	-0.8266584571756436	-0.4803656791936997	0.29773269897377086	0.8187193023616959	0.7579347448113618	1.1409740216456767	0.40634266744000563	-0.3491417595874699	0.34692892262844144	-0.516803627384476	0.3139809139521334	0.18895136765013718	0.2711877304826343	0.050532571941271545	0.25328151886775097	0.2184461636487281	0.4844561936305773	-0.053661475538121325
DTXSID9047542	4.908008819330693	2.6979163502014014	-2.785343003224981	-1.9675130368601388	0.5378418072623805	-0.29616521752438285	0.7972737235505416	-1.1758429483439163	0.08743815939349722	-4.434085795680119	-0.25773664820229064	0.24947772485242864	-0.7834261009674552	4.383745019204727	-0.8306092093127008	-0.6714155340825425	-0.0026782318783241557	-0.8965442528388313	1.0060982827175322	0.121582908854433	-1.0086890171604281	-0.7407225632221366	-1.3375030923530438	1.2377923964900321	-0.278154262790116	-1.968726422706253	0.6072082245739194	0.8947774637896256	0.501750116982171	0.28708246559096967	1.136500108484706	-1.0243952186681102	1.4283514281307836	0.7434134246179435	0.11379713427150845	-0.6616108964297499	0.00870052700099622	-1.2378813978455887	0.038589595749563166	0.2087908257400081	0.07757511189510122	0.8880337371443571	0.302386050088157	2.1199296780589894	-2.1131222356088215	-0.27886516843434167	-0.3330810731161235	-1.2141973452345933	0.04448190271934985	-0.30967469584461826	0.43473291639445705	-0.3730932580682419	-0.6781808371245724	0.11333097811861266	0.3576019951368539	-1.2852984598348092	0.6783358011508206	0.24883296591763904	0.16993814984613065	-1.5222069458351797	-0.1937850578480687	1.1928674314929402	-0.38230543933660954	-2.1976848360216517	-0.5562763741887884	0.04556151139877459	0.319851007891403	-0.19975997857873212	1.4585613988502824	-0.8673706442562898	-0.7660961787991847	-0.11896800144213361	-0.0018642603827314424	0.49493292091639307	-0.8218353077777807	-0.7057618532721792	-0.10114140348063376	-1.1617817609310606	-0.3299384555567832	-1.086807505525713	0.06062433947281126	0.20147502712105692	0.15472265699806073	0.7740370333715245	0.34006982182259077	-0.16409303023572847	-0.8692112031131791	0.2536355505693107	-0.4954633589218769	0.289103467112934	-0.4989244619819621	-0.4105915707646963	-0.2627984918868218	0.9167093417243882	-0.16968337858579016	0.30549138019947913	0.471480423628272	-0.12545068878785515	-0.41343917115423756	0.2662118861029177
DTXSID7020766	-2.6289147664918904	0.9213754535244345	-0.5610433149287706	1.0129116954249566	1.3245182867364154	-0.7862522081793196	-1.2004877135824128	0.5219773325202015	2.0792596592472052	-0.038332640621389955	-0.25147208142865785	-0.6866414433904504	-0.2410050129149277	0.7340146670232262	0.32295792461699047	0.437714155763556	0.5916107649316883	0.7793073840692045	0.1362267920676469	-0.9177816006859227	0.24699237975911967	-0.3869010088252648	0.8461820144845464	0.4845240997417354	0.3039391915357308	-0.03384903287116299	0.3358238129490027	0.12640192934353106	-0.033372847744568064	0.48876469559226426	-0.943473823064724	-0.8120164747819856	-0.6617415281745935	-0.4197150599866104	0.37890235197358496	0.910089730372138	-0.41922252733034715	-0.09364200894207002	-0.19530976800155556	0.009782229195196368	-0.3393264343706755	0.0617485951576459	0.033131595246018546	0.06944186580376333	0.5952092924968565	-0.6112432767025457	0.2678809612414013	-0.4825587368325675	0.1386467192284028	0.25193289849049905	0.24403542256417576	-0.0576516464099391	0.526272695857644	-0.19674887520998174	-0.3669400486309899	-0.16000541801682916	-0.10835721693374357	-0.27811518317686296	0.7796936782422587	0.7241495432925901	-0.10265718830621698	-0.6100890040468008	0.4327113887625151	0.05533089827459709	0.0632532575558285	0.3943301962045173	0.26033493448468614	-0.3054891396812608	0.9689688586673776	0.5414384635728255	-0.39477678237573566	0.35955995464863605	0.41149072231005773	-0.021880384613129366	-0.2967397656453565	-0.14901584702502868	-0.15969024906662732	0.5537251848335455	0.05827977652052502	-0.37154833170329116	-0.005852550395286897	-0.48106354751941494	0.19172267413167893	0.039546959388596245	-0.12227622950104806	0.2872565815905785	-0.005013432077649686	-0.7985895285550144	-0.28113969984491627	0.17695003237070708	0.4806152473786154	-0.5106650578447259	-0.005326921448621219	0.5363362915463322	0.36335448662899356	0.09617221816608439	-0.32635496602298586	-0.32162979653678103	0.16948279398658536	-0.43504846530041574
DTXSID5024134	-1.1370015355103584	-0.87645340608419	0.12181283984114784	-4.758080969086392	-4.052166445899454	8.874551819156453	1.0396801886664007	7.949956761497607	-2.1936843712983567	1.5404363319662073	0.631105124224734	0.45181273927128246	1.1534074456072518	-1.1933359892339224	-1.5502343034845978	-0.6052308026188257	-1.9674023067744804	-1.2780103456373662	0.3250407289407733	0.37610768707191133	-1.0673525046795234	0.661946820010561	-1.2533773751734056	-1.0265834974849666	-0.8165469005853859	2.702758572248547	-0.12197899389268561	3.475581084332249	0.38743796264123503	-1.5155874431332286	-2.9261169907908458	0.46144285527191636	1.0461418849651358	1.2835092405938286	2.9422636846714796	2.3253793962620155	0.27898248318210933	-1.1801430003555786	-1.2570748943168017	0.22480182867079143	0.949477759831612	-2.2832607587762404	0.9096874595340142	0.34076507148419743	-0.03562446538085091	-0.41442674898571286	0.22027717374351624	-1.339229358884095	0.3974884130648801	-1.7026057008544422	-0.04533256186936714	-0.8725916919767956	0.7955726701043799	-0.5129620808127723	-0.32709101594935697	0.397224820883122	-1.0289184390191548	1.098654750029526	0.8822046009765789	-1.8830141156102387	-1.4567359996723017	0.3732562794283003	0.41463904680179264	1.9052049699250697	-1.247732780947148	1.0448802979900196	0.7513202472511505	1.3878558545691084	0.5145744121696525	-1.0580619787925787	-0.11982552952855081	-0.18233864041578682	-0.44128916245222605	-2.1633985767112915	-0.3737189240180943	1.6428579529546943	0.05077977642301554	0.5507594069801365	2.9711847361258776	-3.5408743068624045	0.2853539119078602	-0.6134572073071197	-0.5134672144600833	1.3401230400741604	0.3232433862395823	-0.6871870204118836	1.0248740845172977	0.9545126966089709	0.030994233785881124	0.07119963314439728	0.22316398533333717	-0.3944066032813193	-1.7768455933422798	0.06045592914685365	-0.5296973618631559	0.6669675029049817	-1.068034491819588	-0.6620294747647189	-0.45463047976599213	0.6288737556861038
DTXSID2045101	8.695460173716874	-3.0203521466563856	-0.9404613408085852	3.1134321089853847	-3.4580047800021316	0.11907333302612921	0.3863937249166185	3.55744979115423	3.177601461339494	-4.028769697019479	-0.8243788900575212	0.8455390372060287	-2.9108948371540797	0.6777669007065283	5.7398461917023615	-1.541096107717295	-2.832816509435576	-1.9935480046005967	1.108540857302184	4.9392068664669875	3.7975012423330066	-2.601991073373415	3.280353959394509	2.237830609984346	-2.5615942403861367	10.381627363730459	-4.513796049256955	2.553166200290623	17.651403540105967	7.488826067039033	-1.95039301147417	3.328751037833493	4.462926380419521	3.545454064725973	-3.2951720598922667	-4.159249237508762	-4.672446716126296	3.2440348954223213	-1.0076303916667775	3.3496823942276692	-0.44254741740396875	0.9727550782225334	-0.42842945274664784	0.9603208746690455	1.3070287073621676	-0.5047560836093571	-4.38671268366165	1.9008047745426058	-3.057988899883409	9.532846563015594	-1.5390162199229496	-0.9271851312540964	0.4226752088579231	-4.519078588163916	-3.980201779442667	5.725370930121242	-4.7821733687692	-4.346521507881738	-2.5142453583501743	-3.6590123903734972	-2.5926677325951633	1.235714389644413	-3.816823728515692	-1.2456405946021123	1.5776324983047767	3.5428814283861447	-2.7558487876678366	0.6794275083765404	0.21732580777633845	-0.7931765072145888	0.06627675803104388	-1.3202183098079006	0.19726892879518956	2.6748534325322497	-2.1979321438273054	-1.8154636590470503	-3.9456653150683447	-5.618503290639296	7.753331451216269	5.019110103652208	3.0780021489649663	-5.2818860205477876	-4.856220923695813	5.049013856521689	2.296969034232744	-6.757214011059046	3.3891515102799996	-4.04441323418792	-2.196547106037956	1.5915403652977187	3.2472779310304953	0.43304019922732895	1.581321203888679	0.7117222995409653	-1.1642140417934712	-1.0940464580724176	1.5543975244225736	1.38602636432001	0.47305841491207357	1.4665431846567065
DTXSID9020956	-0.6534243851447763	-0.5369069286626018	-3.882346507301891	-0.2170400937769689	0.2543853986621609	1.5148488290292357	-3.3485457033476815	-4.216008476481851	-2.25382909852789	0.05564122275311116	-3.4663599589506657	2.5287899854593765	2.625647523248725	-1.9130669798951472	1.303171849858842	-0.6792305302510006	-1.471292144516825	-0.2878133720909936	0.21531694129260534	-0.7475619253961644	-0.023663338136300227	0.6214832205854791	0.6134377471263244	-1.0625787234061284	0.22141180755220785	0.11367285121283426	-0.039668955280846366	-0.45244778999763835	-0.1023045155618463	0.10472476054036554	-0.8779084644998099	-1.678063611040533	-0.864268443907649	0.5447588325858284	-1.460957455328505	-0.8212477569246545	-0.7082376640014176	0.28812585128209434	-0.17140007082814396	-0.35564731032814656	-0.07005951896819833	0.5658822330411666	-0.18726526619342135	-0.1077474960810234	0.7151667024894057	-0.212165345516991	0.4579567330431269	0.3090674346927144	-0.7514373164016933	0.11147169944587294	-0.09017243264588526	-0.07096117028627445	0.10540970225415625	0.1479092776329051	-0.1673453345286019	-0.45988459922820485	0.41161667848306566	0.011021959941348296	0.03509784620451819	-0.24945272799013538	1.1022769300719149	0.15435541577777218	-0.43066808092365444	1.0288479057838942	0.3908701700811266	-0.32892970504403174	0.5401984250170333	-1.1325924978974313	0.5193668124446418	-0.9697642573486406	-0.9550920742512525	-0.3272771516478487	-0.0023031866839066757	-0.2979317720983622	-1.0695428665487665	0.24073533139719053	-1.8411826458689078	-1.2340148828063617	-0.2497855076374215	-0.2569676736115951	0.651201341182766	0.6442032089976625	-1.7040944865688652	-0.9540051799645372	0.7398398087318908	-0.234878044853343	-1.3680423131070079	1.9813474710328203	-0.6828772214453159	-0.5048488435371268	0.7396570118607076	0.3512536863131168	0.0401648370640435	0.5133943360193436	-0.40634573866410556	0.6028779602199912	-2.0535838627199876	-0.8560386276575691	0.009389373310763626	-0.32418987964076107
DTXSID3049255	-3.6097119472447834	-1.3585575185761485	3.6334302950089152	-3.705287743222834	-1.6709769691228316	-0.6585383601899919	0.5894117256452205	0.608782072906739	0.44595258989981357	0.6918850116616998	0.31153506645100615	0.45952690405538194	1.3689524288548889	-1.5234387095469601	-1.695851288078951	-0.5845046166557494	-0.43640558928240486	-0.7932335172856633	0.021616689214856818	0.5170394939825832	-0.31532674898352736	0.471630389896688	0.019332498520018983	-0.1442578548094174	-0.5414951783907601	0.7392236608742311	0.8513067414398588	0.8348789192202816	0.4045241911789987	0.30496181141059625	0.4481967826203843	-0.6561146776728296	0.10088060138574594	-0.3390930571722438	0.6254989939097396	0.49564851262131043	-0.21485597881807955	-0.10840850454950264	0.02282582886286816	0.5961390362815564	0.23427124956535164	-0.21745789462640622	-0.07165165414875473	0.1086706196463273	-0.008566530943659806	0.008386241109598243	0.43030796152455	-0.3007981489666384	0.15381263068577752	-0.4433124036076885	0.11214638895544664	-0.10892044287539307	0.11403307097169181	0.11357358098549145	-0.02361711233990366	-0.1302837552294147	-0.13117248078844743	0.19849409356934825	0.18768766222205358	-0.4640606171442603	0.058096985883806594	-0.2752409350821433	-0.2559805126883439	0.234128588346266	-0.05827054949309429	0.7098364139368744	0.02514253345890219	0.3558488195454086	-0.23449475654661586	0.08575966765205087	0.5376301367450763	0.11081745360374994	0.056737438688205126	-0.501433088293333	-0.06591953092478549	0.4044296974145334	-0.020865201564929162	0.017155221240850258	0.7276786166842535	-0.6000461917864435	0.37001253851894705	-0.056142345843666286	0.06423931021471962	-0.1801624531255409	-0.041500694964380226	-0.26291331271184476	0.19370176217667273	-0.16253544010304938	-0.09385334067629138	0.08540743266687342	-0.054950839986951515	-0.26534230382509183	-0.4063072327309631	0.0951840257857197	-0.05864224097405117	0.11273575996202816	-0.11948216745352158	0.055084863129047125	0.27763766322598454	-0.06463255235637001
DTXSID2027096	-3.681896590044212	-2.8234183506861146	0.4713063933860886	-0.49443560390114416	-2.098460490007129	-0.3515229059892609	-1.5252973855108984	-0.8284357536388517	0.10687285933522239	0.5897253864966193	-0.49039284826077123	0.02674896486192776	1.0304157835692374	-0.601901547026291	-0.7173959512099446	1.2261981444437606	0.10765344550960859	0.7872625553600889	-0.2833725394865831	0.3029411436981805	-0.20037976067744265	-0.5336820245712903	-2.2179585720960455	-0.2719310608009595	0.028204108198280682	-0.9128541737655474	-0.6978594816201759	-0.311963495634494	0.36346947275135844	0.01658933940749121	0.22614243099226208	-0.34737619977915424	0.6400130279009948	0.20174443687197477	0.35781789519093693	0.3555649395933475	0.7466179492074584	-0.42591998787056234	-0.4624830052730191	-0.49231550992706646	0.7195576941013883	-0.48084885497335267	-0.3066388229830178	-0.8354176171724663	0.288511756991953	0.5063621487768368	-0.37645131842683255	0.20920572765710144	0.14850780429768012	-0.20948948282772542	-0.32938023684763157	-0.5358843294603738	-0.4026933775698058	-0.043665335933131766	0.034973637303327296	0.511574498768421	-0.1336782701817658	0.08484931063628166	-0.1805398653396982	0.46034823855752405	-0.9335759264759771	-0.13984983037893853	0.7008040326598245	0.42565165925994	-0.8948853846172722	-0.059993668938610994	-0.6050416021864166	0.6968411455062534	-1.009050574419505	0.1993466299798887	1.0016923101314128	-0.004871530300404445	0.29450395757649184	0.1067245706689258	0.1542168663780815	-0.7061374575661562	-0.09995651301319046	-0.7749444191487035	0.5678421048150123	-0.4747488491139413	-0.2897212612048273	-0.44107391405385366	-0.21755054780267294	-0.7140579092130452	0.22259252991704023	0.5088036689497191	0.25333181190429965	-0.28834758154988527	-0.36321987389063193	-0.04800048416790814	0.40978906601695186	-0.7689897122313243	0.32455439785662443	0.7234104657087217	-0.8840225781699309	-0.05536328555730302	0.31287086594809566	0.45415486776858527	-0.6210039542764018	0.06317095823794783
DTXSID0029189	-1.0280917708656343	-3.8914425249404334	-6.807254991968875	1.1748248216190693	0.6678247091933751	-2.9164393739921985	-1.7350973004129906	0.2077701398664757	-3.006337667400579	11.21326704287349	2.8271612469143235	-1.2543512700799033	3.7849890709223457	0.29702851999935465	-2.4108784868484414	6.602479495561035	4.339125170268767	-4.884467540470752	2.344039216749009	4.789485045315258	2.5434157412922986	1.4458518011136121	0.6392737019392416	-0.7988246542854295	2.062712359200714	-3.8000411772425933	1.0547832346391073	0.33345350217447617	1.884624593653679	-1.8832601792439627	-3.455714035206493	1.2902808102808936	0.7169666689032175	3.1194499832406426	-0.665473858354121	-1.0510532020905108	0.4996199859635942	0.9157356233626635	0.4907460762557643	0.3711257231652635	-0.44405324505025473	0.23764569812420444	0.8129690234288443	0.9818924819793332	-1.6809369407361798	1.7202961701035606	0.6301828443190771	0.844802781793069	-0.7220153676047447	0.9315344014874447	-0.14877617380819677	1.8638340456031484	0.42642406917137055	-0.12508147118384216	1.363354919517588	0.42428669905040345	-1.1516708416922	0.6624562084837927	1.4280658499152126	-1.5109708128595847	0.9569646168969379	1.721729456972833	1.968786937548812	-0.15491616952457823	0.10731953966665474	1.8193891612538546	-0.979518208894639	-2.362236229408498	-1.1091308745365138	-2.1992147981508485	1.1371863016640824	-0.964630886673586	1.035398382782791	-0.341352823911768	-0.1543948436625488	-1.0421199028276318	-0.6547270319957358	0.6056122124301873	-0.8829560746520817	1.062268418602878	-0.430232323952719	-0.33007829353083135	-0.06543517962165016	1.0051735471072245	-2.245987891303627	-0.38322841226115767	-2.3333580181714364	-1.0240430990090155	0.31852545366706886	-0.7441644977809093	-0.9874778533049834	1.7482681632626127	0.47241197826931375	1.5491794006570359	1.1080746657769351	-0.2763322685424959	-0.8763819127900594	0.021552492830007902	-0.1123791068652047	-0.04278035282022241
DTXSID5023376	3.3664569224680294	0.14568759241407536	-2.858512664578365	0.7105693016320395	1.4259947511446034	-2.159936576914933	5.330033442313331	1.9671584260650188	-2.7747636588328657	0.3380697239585273	-0.1108270368381397	3.622533411116906	0.5676512781586294	1.3303249982925036	2.1320755796988937	1.2755454453026671	-0.6151359765586057	0.44741265814630377	-1.3162293357204387	-1.6700607024035483	-1.1417473241511025	-0.7155389631461707	2.2622911644227255	-1.5665660422967316	0.868240275233985	3.007601442290678	0.1605192389565726	4.192748401331731	-0.7637602997673473	1.136967165289625	0.09887647943983152	-3.5196292498294452	-0.07950873226054132	0.34129489473024094	-2.13942955554599	1.5569174409379545	1.1233224598380613	0.34210655829982495	-0.7976364473532039	-0.8598834753311645	-1.8749586138983283	0.10722265145158642	-0.19464455137896253	-1.2065004905511372	-0.6480825823636295	1.2196620318127576	0.16036054468880942	-0.221269792495608	-0.14073171629285997	1.0443423142103339	-0.08644763326168592	0.6409868048055383	0.3111759486493495	-0.49823279381504254	2.686257537822612	-1.296651284876409	1.6898579630797654	2.5366530650179047	-0.7275161913009044	-0.4493904275900618	-0.9600083353465595	0.47054110135447735	1.0953141246845868	1.6717101241792873	-0.823025285235606	-0.44709056771763633	-1.3373773813488479	0.23446004198858417	-2.3062304844231103	-0.9765311348641214	-0.6197404385600592	-1.2086147753206127	-1.5294252038003222	1.808808138239837	-0.6955203167690779	-0.6906849823951976	1.0444283149764217	-1.1622965805715562	-0.9997083233459686	2.1554545815184096	0.0011120484418602273	0.4146775840110001	0.9792202456612675	-0.7212624459992508	-0.3989889084966476	-1.554052811672525	-0.7264640151668997	1.0032612498534552	-0.5424649075415838	-1.493765430772445	-0.9902385230475771	-0.2667040321250379	1.020571002822122	-1.5749679937924845	-0.35657847319158953	0.35400664231202045	0.15410624930484043	-0.532606776183401	0.11624567254546964	-0.9377981439574061
DTXSID9044451	-2.4906008039961316	-3.313949687443182	-0.15010371031789527	-1.269091673585263	2.300954203753273	-1.8623654706818105	-2.4010341443693184	0.4809799611436218	-2.1312538648014985	-1.3670009744947393	2.1124601015244293	-0.44620012920520313	0.7156627291526277	1.5677879691550638	0.8301110333879105	-0.9274080522095219	-0.1564451067413271	-0.1046463557037941	1.0520795647964354	-0.020035445748321466	0.3941608661276077	0.2949263273895625	-0.5600678876281878	-0.29093343305253055	0.6217332193337762	0.0029066599005036	0.008213435939425712	0.46776413501701913	-0.2562790842163817	0.4885438868620137	0.26036201941572334	0.0870989512653222	0.8326780665704979	0.2728156105740293	0.4639613295240465	-0.3472007378354397	0.31519169214372056	-0.4691492228851976	1.025344164557146	0.6604383031215102	-0.7254419974417968	0.36802892379901925	-0.8624843765095729	0.7570956771486326	-0.8081183916455148	-0.07286410461704296	0.4533755455965554	-0.8302419644049495	-0.04036074931918298	-0.3583560093849361	0.1868819233223873	-0.10952596885474362	-0.3139721305348712	-0.03862294857576277	0.7201258688608427	-1.0280698212321426	-0.015032340962144333	-0.5601143968875029	-0.08999515573424338	-0.18515790173177626	0.030038321541634314	0.17309249566996918	0.036259735569644236	-0.3858898495681218	-0.0833987754041451	-0.24563967311061094	0.0028487777930250647	-0.34291974236175704	0.6453982867614023	-0.0664760422379292	-0.2295057870601687	0.13743029313993976	0.09551497352989576	-0.29656998517538	-0.44622437366407497	0.047793879799183106	-0.19451934347411418	-0.1179605623462754	-0.16165972617224475	-0.07665255780200356	0.2739561609073138	-0.37636358529960434	0.1334521861663417	-0.023826308111102548	0.2460255377480568	-0.05940319945179387	-0.07739870572689442	0.11008048698539595	-0.6158946119310921	0.8237723941561587	1.062559582508788	1.012793204073924	-0.15557638938696017	-0.5524872506057814	0.356400417958621	-0.22179187065267592	0.26881292512286603	-0.010066933845671727	-0.3688566088849142	0.6550960078387462
DTXSID7023691	2.484960545993939	0.6449199880348752	1.992272718488446	1.33078383798525	-2.011947663422123	-0.23705700758915582	0.5065952651821964	0.6212685865240178	-0.5050300103670887	-0.03484818767396211	-0.5043195805629606	0.3605248989378838	0.263204989739379	2.022831581884496	2.233027802390862	0.3001719687030115	-0.41944375317015004	0.8660687048107654	0.5470216377666007	-1.5175336344451515	-0.7227298085197098	-0.8505334862195255	-0.4607240676268448	1.2245771420923255	-0.7705331428880662	0.35799099234150356	1.055754116067593	1.0246854893249981	0.09096459962107326	0.17125313088675229	-0.5141756879205067	-1.2697870368654294	0.8345566445246059	0.047426717465581684	0.5006426943165135	0.4369908019959345	-0.2616143874148446	-0.8302964218828396	0.464834425579101	0.33828828418823564	0.21536847259828223	0.4994483377611549	-0.008717371387054196	0.5632076876800484	-0.7908334935354873	-0.303662767980605	-0.15577654353632953	-0.4637526735170555	-0.1507840976272172	-0.7063286824282575	0.11928351551938306	0.07082041129353858	0.24471923568298168	-0.06161551890983938	0.509859224989163	-1.289689289963417	0.32584060517861585	0.5068260633335668	0.4634360437848239	-0.3503185707058217	0.026877049271224522	0.341689090436859	-1.3638086061321313	-0.9636745662902116	0.001198714484432557	0.6441924760184212	0.6245145547800987	0.22685516388568538	0.1414927991642531	-1.1770203459010296	0.04242474268615287	-1.1035599122197535	-0.08531096852610193	-0.2873422818044496	-0.6275333315935916	0.7463684868379766	0.8246818375337457	0.13443357348323284	0.33471164297590683	-0.5779624835797272	-0.8909799875377908	-0.25876520738478564	-0.8407522817093275	-0.10515589994637126	-0.4452999824551088	0.11436329825986938	0.7440538698543865	0.8025422482363836	-0.3265455109070645	-1.1420790141851793	-0.10230563633575908	-0.27567801532092623	-0.10837386253301255	0.3339929631229348	0.8046037905029914	-0.03742801492890994	0.41255881439014186	0.17617292899818882	-0.8922658785548448	-0.19635582162852586
DTXSID8047898	44.70782874400049	-18.26764248976065	-7.151948064019021	8.122045498218	-10.021091858343505	-0.14487690041172888	-4.276167654792813	-1.4031869126103103	1.862397684906453	0.7892514485582589	1.8577766552168706	1.99180760790305	1.6883611714405717	0.03299547897476285	-3.388133855591121	1.723846007764755	1.705955786977604	2.268556539225079	-1.2560974388620836	-4.990309333646195	-0.7610712096436265	-2.287342848982017	-2.5480170102240636	0.6711086691574737	-3.297016087637763	-2.069302015935899	-3.62835523762677	-0.46655051996886165	0.03682297883254511	-0.1399988791697969	-1.3571262784669171	-0.9894877454793753	-1.846249698554518	0.06853781657137564	1.0428391824241778	1.6330721288869843	0.7567677569687254	1.2718926207755858	0.27068773262942414	0.5827757804747848	-1.1613577282124452	2.6882808376713214	-0.0587333819170926	2.8874382095716187	-1.8628314246081907	0.5914678703099177	-2.198726115554863	0.3577434071706252	-0.33957104021214524	-0.0988295775187605	0.059898351328443504	1.1890740752307052	-0.1538761774608558	1.4572004433370023	-1.5229512358541084	1.5347290834837288	2.377895852663967	1.3581848785753496	-2.9497729237086427	0.17838937425608095	-2.1723045216735084	-0.9578981164915253	0.5829961236056738	2.514098373733922	-0.8285182798597552	1.2296960950276437	1.8469501297042874	1.889053587884104	-0.19946563073364748	0.46772698825791803	-1.101215381314482	0.7494385319897957	1.1054397203304236	0.7564271673287815	-1.8134784776437383	-0.5235008768960171	-2.9953356678896226	1.2239931615149444	-0.43757796649331177	0.3926976433603067	-0.019811289961099925	0.7603261128098341	0.541748311718271	0.1957509364732865	0.9839437118344538	-0.1626528248151154	-0.7640231947379847	0.24801937654329728	-0.9190541928822261	2.3397909766522482	0.3007050619624642	0.729896650613305	-2.359296231033183	0.10707950055242851	-0.009443790529071733	0.941432211395935	2.3042118808713794	0.9123383885369313	-1.2150237442980445	0.9538514289529433
DTXSID0023743	10.075017530436082	0.7709710447273825	-6.958823897747959	2.024823634290003	3.290463578806673	-5.129765991436142	8.230557132964256	-0.7632512630918611	-5.349220810585574	-4.3076089883716495	3.7308023336173113	0.32833712737542553	0.8908393528544727	0.24283560657456413	1.8348140012841065	-0.17564323685836714	-2.3687993811605543	1.109803304471752	-2.930292301679291	1.0358933290308996	-2.9537121849649823	-0.8421804723550683	-1.4728232788907285	-0.14064523349145966	-0.8165533231602871	-1.7798532825903548	-0.6589921016420948	1.2941946469280237	1.256734788506115	-2.479980374817527	0.8939290817120633	1.0538948620928486	-0.5323249411419221	-0.2093122055668609	-0.07976140406526164	-0.9330120433251468	-2.289626820025785	1.5351273802099012	-2.3311382641428944	0.0620149399050472	-0.7058358820696994	-0.3883427355105598	1.7773375840463903	-0.49661021094512137	-0.4711267857802401	0.742065704258796	0.21463356199782707	0.7081005902804027	0.12094905158181696	-0.5245601101234565	-0.2941146149698393	0.0902290176645012	-0.8838380396191184	0.18364697463948396	-0.35105800866942305	0.49890791233455256	-1.5078783854618434	2.977860907426465	-1.2033906061086852	-0.6871845360384704	0.6028745252505772	0.21391757372664563	-0.34816052288810084	-0.49015459805968953	0.2963055229352007	0.2404239183883548	-0.7662636506589754	-2.170543882358847	-0.6985311768289573	-0.6073065062382395	0.22379179719155262	-0.03280467054298511	0.058933665285913976	-2.504306196091767	2.2217704910013385	-1.1303519756613165	-0.7848839654749836	0.27098856755886375	-0.1879718587602016	1.250549183132603	-0.183793232867663	0.3669708858494389	-0.1992999279810628	-0.24889597617252532	0.3321808051199462	0.39503306144166145	0.23157495411515694	-0.5912182481857566	0.1691997266490801	-0.17290880160603442	1.1026606794200227	0.29470280642246904	0.6018901833901638	-1.462205835706376	0.08755995393521648	-0.6660948066207022	-0.640543009330774	-0.9215185307864413	-0.910264351914157	-0.6757251099945774
DTXSID0048680	1.2454872546093365	0.9557803939788057	-2.4129122808147905	0.4253352340870838	-1.0583888773345729	1.7408564531828885	-3.469904194533278	-0.12397197638225184	-4.292098666708652	1.1276029265616825	-1.4233341978786218	-1.5938070370548476	5.143173202666402	-0.025748955522129306	1.6114561490013735	-2.026757823934091	-0.5724146724335231	0.11416675776073018	-0.19901906479908302	-0.5127795196914577	0.13830203211053052	0.5016392199715053	1.6436968351428538	-0.46885079540883795	0.7774233380022877	0.8819846969361608	-0.7520360921053799	-0.6204789142532697	-1.1236619970955297	0.2714371346368178	-1.3950056808385722	0.20181021718774733	-0.3393185001828849	1.1101301000649237	0.4417170719303176	-0.7190107565410805	0.02555883802860303	-0.20196469519138494	0.011383852608474703	0.30558150477534635	-0.39198705676506085	0.30332885387755937	-0.07986131622248506	0.19895436145299286	-0.14018148784568613	-0.7005327438137198	-0.010446171151346717	-0.7248292609432985	-0.14130294893800974	0.12435621517599887	0.10750922415479332	-0.49087243154283117	0.6386534306827901	-0.38419632600420334	0.10236373657085823	-0.10166470063948037	0.6326231770122721	-0.7367031019571493	0.035968482297630826	0.05019695621986332	0.07570230885070393	-0.09376843865231343	-0.5704879201935348	0.31326676848727736	0.5324175968300556	-0.011606981408787619	0.006181435983251715	-0.22544104179208715	-0.556345128149346	-0.56917101448617	-0.3432956322513187	-0.558604994006221	-0.08604613556804037	0.2750261243612724	-0.11300533046025352	-0.40353240873724183	-0.42984111909260675	0.15985602513758962	-1.1158932675004638	-0.30202537640813465	-1.0362802107611169	-1.3923456023519827	-1.575845510391587	-0.5015517549446454	0.5325191353507472	1.403822442717937	-0.7378766751775505	-1.4281872384738998	-0.020247908142966006	-0.11081380147512165	0.47539318880753567	0.22682435751890667	0.30000963908294115	-0.7798091012009845	2.607406895419233	0.08370540616422963	0.9172754987262669	0.598475359525035	0.09607964370827723	0.00761680813108036
DTXSID0048842	27.084941130016677	9.595772943880734	-1.193512172845536	0.26532464348767637	6.547736360626193	-8.12008964617131	0.9430799897655072	8.111788448783079	-1.8359950800991638	-3.8870245429151464	-2.190960493421801	3.6648351579472993	-1.4681971908234654	5.724755564095234	2.5500791423935554	2.1276057442120773	-4.2292838983624685	0.558205011441803	0.7594285090598729	-1.2678942081025515	-0.9537348188293036	0.5809092647431454	1.1942218104984441	-2.0768251441322643	2.894018426801475	0.9957909840460342	0.19176932889302087	-1.5756549854559079	0.5145869966925046	-2.9196075613224544	2.597546446040951	-0.28094007190189846	0.35975784735484456	-3.9727534086742953	-0.2803469682059019	-1.153368614355585	1.440122813037968	-0.6818481327649613	4.862024686938437	0.2607303702729497	0.013144334508844776	-2.0197370463462003	-0.9482183349114487	1.6165754685451894	-1.213206838404543	-1.6082375486144451	-2.2745398945109208	0.3091986630186382	-0.42036349780633775	-0.24379644823640184	-0.1426713764279578	-1.5836476132676955	-0.8587664447404469	0.2743288648681767	-1.3392145163088982	2.0868549601668405	-0.32674885898101796	2.7982631270783767	-0.4643067265961972	-1.523547657035121	4.169259431515035	1.3574798405742794	4.133806136753131	-1.780733794254487	-3.1497527720535943	-2.0894305884201243	0.07625107801759891	1.7572815103388055	-2.3863295362432204	-0.6815593434647251	0.6551833454033745	-2.772935019771932	1.0658622058171123	0.412874078353561	0.6591441229626618	-1.0894059318060947	-1.674079731045882	-0.19634425617075763	1.1866490272594628	-0.5127999344039583	-0.7234650282212376	1.024488720942334	0.05912319301595803	-2.2133215191450724	-0.04392258868665979	-0.817553870544077	0.7745516130523593	-0.6828356332803991	-1.5071524243894792	1.4879902396493285	-0.3414103591609229	1.3229136441148464	2.1486968041155876	-2.8161254407010317	0.1470485826714721	-0.80917443752125	1.8740541157177848	-0.06011346132678746	0.2309078385711573	-0.2957775846447799
DTXSID1057793	-0.8994639868895231	0.32046703910054397	0.9384354977609418	0.3322515991575886	2.439436580601687	-0.8116037368422908	-2.070053054669116	-0.15033368185956897	-0.006834616425195307	-2.321715573116628	0.0030245096092857576	-0.6030678221877606	-1.9316166148918013	1.5726781859596912	-1.513878160983688	0.7213690202672963	-0.0964113750874094	-0.3029216255315236	-1.6624915828158642	0.3151415590936864	0.317333631162632	-0.18507785724311626	0.7130401667825974	-0.453467143657985	0.6287413092198252	0.9611892681274168	0.3652213343829337	-1.0049855447056246	-0.6305448096380503	0.27973027441710513	-0.9761874754430991	0.7114469745488589	-0.05148562900116347	0.08004316794147937	1.3347574817275978	0.32944276470307976	0.0325284968305334	0.5054845014907514	0.11553904291106837	0.15164585412991416	0.255634981177936	0.36337806583415705	-0.2659096107435698	-0.43251108866026844	-0.5198264261531691	0.0946418213617632	0.00476032194957752	0.08824169650165671	-0.4844636141793841	0.345953083160649	0.1247356853392834	0.32686051012360334	0.4654575582492235	-0.19987962733789666	0.03504439113840857	-0.19554884952415064	0.42476336562015854	0.19392150975414635	-0.14049062064521733	-0.3513582813793188	0.34176204265030674	0.35598859284755496	-0.2956571760689293	0.09381980703560289	0.35350010840780105	-0.07652218437345636	0.630357584827194	-0.0314980548676283	0.3967080963710517	-0.01684373980219608	-0.47035461667274325	0.25222505457517813	-0.28855754622641744	0.7575700829455435	-0.5807361560654911	0.03523908871756853	-0.7473954908357869	-0.23206192408340445	-0.18992481668715208	-0.5105733384491613	-0.36773279989903357	0.7191284302528884	0.05619217077992897	0.5550631838909402	-0.02415046313922538	-0.22749562350530886	-0.32671280883116177	-0.44511901621898614	0.5772427192642662	-0.02894227844030606	-0.4241625002708529	-0.09593972669570963	-0.22764994732055518	-0.3699122049341497	0.05235374522529546	0.16587124559622415	-0.22715243416706174	0.08970535744765598	-0.622870480728389	0.2558761239719102
DTXSID80891559	-1.0265093579635778	3.143920449744922	1.0988295010516866	1.372374165824464	-3.3556829639536225	-0.13009633023394468	-1.6232749179877173	-0.5411317747424305	3.338313368000171	-1.7629113250502797	1.4562826383116783	-0.5374304640007095	-1.4829171156176306	-1.5496980393524764	-0.3016283863178745	-0.15363956673959567	0.5390215081551579	-0.713072504238782	1.276703178499594	0.6910148507782263	-0.2170530029949418	0.8073887372932723	-0.9903205122129025	-0.4252952074634719	0.9216233312539562	0.5523632762673715	2.2035215436914775	-0.19447518697281266	0.5558042589483096	-0.38550189857473904	0.6306797811711584	1.7634704875882847	-0.6518133495667228	1.036888404797772	-0.328664645354615	-0.638620646394122	-0.7759165446486421	0.28928751447814893	-0.6548060192232202	-1.4106893354046366	0.19459044854220392	0.1014021050137451	0.9739494426598069	0.382011914710965	-0.02282017832973518	0.7460671693560076	0.2042386142936638	0.16239457644654332	-0.2878768494735009	0.15417326147672625	-0.11777206935386046	0.781178904058648	-0.058364411051815265	0.4814526326254573	0.2237383886673919	0.27777687942415075	0.6938151503811916	-0.05113850619693106	-0.4973630360899683	0.20109832740507672	0.12419675370495789	0.21840483769855853	-0.15405266235954906	1.4252778614671568	0.9165905075392489	0.3819561100572605	-0.1833445480998327	1.0758592544534948	0.3597071537156481	-1.5560216055307068	-0.24306120493830422	0.6779915272220796	-0.43900843479858465	0.8965045955412624	-1.382944394266111	-0.4225539477286826	1.540268857846826	0.6562827672264467	0.8395100204170615	-0.3738546336553891	1.28546731361501	-0.9647908664360407	-0.08473492007427971	-0.041815285772341206	-0.2115687075393355	0.11417369896402338	-0.6526471849429162	0.22836735965043195	-0.35677251510393204	0.36312992317813664	0.2388916325683332	0.3589400430479012	1.1763831389998025	0.34973114081166023	-0.04280163827916585	0.05891097030204249	0.34259426053424885	0.18126079978590692	-0.10972950802032742	0.3131522292239011
DTXSID9027603	-0.07104684398870201	-0.5481563647684953	-2.6412128965144834	-0.48677575372174364	-0.8100056828004866	-1.1711612289875004	2.058227007675544	-0.7513421704263823	-3.1054104241695795	1.7692653324505996	-0.11156153353040667	6.6575023123327925	4.222649600805328	4.072914307900788	4.774093021581566	14.775508706904539	10.444786517784133	-8.424486230789975	3.2777869918677065	8.582086988250934	-4.141931957960547	-3.707568256703953	-7.7668101778548335	-2.33932782450711	-1.047685478520668	3.649765894118749	-4.269726071713968	-1.268263795111044	-4.180219741038886	1.1937664790756932	2.5712514462114444	1.4917504908522192	0.16811394275062413	-1.0576780292526928	1.230743170092013	-2.4093130572005648	-2.5405306951781053	3.2696514819514766	-0.5424897934350893	1.5158912663238677	2.9693702160234317	-1.5916673606788099	-2.438566981191055	0.18432702839498202	2.8890063128496033	-5.089239503730464	-2.3676427230928327	-0.13242752517585707	0.9037109513652416	-1.8550244727063103	0.476114300440183	-1.528739366056009	-1.8977571080273863	-0.22490929864076395	-2.6683414565859818	1.8026876377576677	0.5615414937640469	1.5740555643141716	5.702398497383639	0.08081713286580125	0.432082934996535	-3.223201105183656	-4.174865614367733	2.657208894679975	-0.6687149712686089	-3.3162136517427463	0.0007154134992986704	3.176231792355548	0.7473656607380007	2.285544070300928	-3.2827884720241567	-1.7221711851554669	-3.2875428678703313	-3.3138517876655325	-0.6665057529822347	0.2820950865703066	2.2857344549525207	-0.03224821759572561	0.09131264956652092	1.4264301762635037	0.03486519074788224	0.4451130205951124	0.7704055276973557	1.1477186318394423	0.8379211191921271	0.25799991209565	-0.2122935786245429	-0.2016941523329282	0.5519971021187507	-0.7202183878192958	0.39760004383072567	0.13487071979370524	1.380238293031145	-0.7382924697526605	1.3066682919924368	-0.9973715342891619	-0.4652155074574863	0.03352426479960058	1.4579007125621364	-0.4734798670208378
DTXSID0027858	-3.6122867242543997	1.1965443042377566	2.6125099576168624	-0.8457374331064665	-1.7253470823748664	-0.3534444434054191	-0.6647105486349837	-0.6312385980845509	1.5435786475272257	-0.06927350244645167	0.5639926553350396	-0.4811357919091926	-0.12600689852300367	-1.1661760648034702	-0.12682145684020713	0.45819313375189796	0.18240661858933996	0.2700170829866365	-0.08612805709961957	-0.46112344313814685	0.11744019591755726	-0.2459476990753079	-0.1571521901318268	-0.49609184045747456	0.2740348997677247	-0.8083689705965867	-0.29885644483778506	-0.9416577868056607	0.1907961010013572	-0.13836009976657984	-0.009150462665985808	0.15704183556137458	0.42781110049164717	0.16770404489635304	-0.8396677618472456	0.14519511635416563	-0.162545296467824	0.027871372153610748	-0.2462313839935221	-0.4918630598204295	0.09490241804287039	0.024191892543372274	-0.5895566413667805	-0.7276880007469599	-0.27422577926819064	0.37454382013048676	-0.4963388328923648	0.21656113761914358	-0.12473222011189068	0.11647539761899238	-0.194870027584347	-0.11960125155803875	-0.2765886897206223	0.15424992620584813	0.11326970832557848	0.19421227025312784	0.4252578343365585	0.1530634719458153	-0.30531331266363143	0.42076113498032186	0.05639938464413414	0.28989706151588646	0.5305502729917932	0.20710215035995214	-0.1888549756902025	-0.3289214799755609	-0.2718402360721459	-0.11098639998750821	0.7179579161118547	0.14825025450435778	0.08840595646052544	0.04559125280795079	0.3885974905280824	-0.051485805529603114	-0.7223143264210847	0.5202368647084825	0.43363300515287584	0.3330774853555456	0.18649022422123607	-0.18152339823603952	0.3251468176928804	-0.4850540574383879	0.042610650645940794	0.4920562329386881	-0.09521269613782224	-0.024429755242691285	-0.27509054821677686	0.785763421286146	-0.5345649010857644	0.25513712245702963	-0.26869834890971117	0.5077119091835373	0.11853986029876046	0.28346275347751226	-0.5182820736910232	-0.2936767455885255	-0.358764563817907	-0.2804608146088114	-0.19309061135296904	0.09828350013329433
DTXSID8057807	3.3451551633649275	-3.1586513940867813	-5.403358889183896	1.8075787447587515	-1.0743158924406968	0.6186277424207635	3.151361880223858	-0.11006441681714017	-0.44562241776250316	0.9214904012212245	0.4594089059730597	-0.2719703565589559	-0.09208557308627123	1.6767820686095232	-0.9569277674970685	-1.3416247675600164	0.0638594109221668	-0.10802934509140026	-1.014162138371174	-0.2773772384724599	-0.9780537576358925	-0.6086818965276443	1.460445559128467	-0.1683848079221788	-0.7344529222340697	-0.3105847494264607	0.004443744683474504	-0.3072938787184202	-0.2498674556138059	0.39078775668449167	-0.4753504120902875	-0.5753561711679854	0.06849232804901545	-0.35330474633972886	-0.553215009201193	-0.4447495842419544	0.3595302627019093	0.26026790571013564	-0.3740360315027509	-0.3160643359087013	-0.338504754044685	0.38100658835245776	0.2297927075709967	-0.44719213746111663	0.3854063161768302	-0.2939084766501886	0.15881760636850478	0.0822522737425292	-0.09675732306391083	-0.381943652634226	-0.01961283861147365	0.2664953431225491	0.11446054247233042	-0.27560913533751785	-0.05748473546151251	-0.13173422911309668	0.39715267692354933	-0.0765674371807017	0.03676322694412686	0.35962421115346693	0.4128953705036496	-0.44982069408421804	-0.7473516802784337	-0.1009443961200303	0.4173955050956675	0.6269987300237144	0.3157255394434094	0.0533550448293239	0.4266033874993015	-0.012791772705003318	0.04373745961824277	-0.7957845611012736	0.47986423405152034	-0.042372097975114396	-1.0324351414918602	-0.19290511567200258	-0.29708047599603327	1.0910253431344084	0.013713023717484089	0.4918059723560842	0.2710925259926946	-0.5565538338784327	-1.1790380510885528	-1.5130202182514523	0.5493161579374919	0.6645086953427551	-0.017739671578079413	-0.23650127626638695	0.6679784396735894	0.16415364336557273	-0.1522447317120312	0.1409180909200412	-0.3107584893082065	0.1210264065725089	1.3788373954378972	-0.045552956807493855	0.1603165142232889	0.12209977605955541	0.07403159443013158	-0.2290285452715352
DTXSID2021650	-5.65995090089303	-3.8015319178493536	-0.723902079596238	-0.06178347113464935	3.0131847744415277	0.1630922290486524	-2.647635385498975	-0.1773110029227554	-1.5184621944253405	-0.8808635093093214	2.608538576898021	-1.6203570460937464	0.49140880243888374	-0.019987191418100365	0.17270492675823643	-0.053384954933795435	-0.38055469073018966	0.20809880504853523	-1.4944009407341845	1.354383925709183	0.302714050313637	0.49103151402060036	-0.4071825792341593	-0.9145465582701964	0.9589447850406427	1.0734293590196646	0.8693911347298308	-0.7404184937481842	-0.5559681527860111	0.7531256068533004	0.0851944118224512	0.9936494854236112	0.38471327119490667	0.3256877057486184	1.0558443678717444	-0.29910697508397405	0.5640004554696342	-0.1551061929215481	0.6201128001412459	0.2359893017387958	0.10367356373501531	0.14903772523859726	-0.8534915066752343	-0.7161065261034897	0.07343961544695383	0.2230456307838906	-0.062234855784782876	0.26297993451142265	-0.23640116322368585	0.29268338316604126	0.07984223650642434	0.1501418020790635	0.14268727378758064	0.11593197445660046	0.4063139253094533	-0.38691657674421015	0.9243624096776528	-0.3253207579034665	-0.1325229255180103	0.32273670762823237	-0.30289113379866595	-0.3781266226590777	-0.08694113822598838	-0.022412060320070194	-0.00837520775621263	0.5314659470021418	0.013638880616877572	-0.3307246651086276	-0.055943131377854546	0.04490382862972777	0.012677301847880292	0.43949026494928994	-0.05383137814456476	0.2557138696572665	-0.4238190514467338	-0.10358514900973022	-0.6103811487933605	-1.1262910642395627	-0.27187425760304157	-0.9108207858195306	-0.657990554478931	0.012181807478491756	-0.10155027850349563	0.24000116342186445	0.28779266966079325	-0.24752177378609275	-0.4902247742088783	-0.35621280603578165	-0.0041481602197759905	0.30195271508261506	-0.8059264127627576	0.0046486943946055905	-0.8042114034469624	0.036102887876013616	-0.2154523651421157	0.18684513018676033	-0.6549827999739719	-0.14385817472672607	-0.360171749558223	-0.005189569954244004
DTXSID2042062	1.375540517229342	-3.1338258737518663	5.528347775749264	2.0636322035774355	0.5757417022222652	1.5049845878892958	0.35901854996493393	-0.5300136447922829	0.17566919102575126	0.03373502288427717	-0.505406055374065	-0.20000489538220967	-0.4978364972399795	-0.07717980088715765	0.44275665681740667	-0.8950254410927947	0.5257214792444785	-0.42630768835753513	1.3615443918489887	-0.50667434083224	-0.1363365859110303	0.4188653669387282	-0.10777296668371641	-0.1999191188827917	0.821498644407815	-0.4367802324557283	-0.6458271876168162	0.052736769648684304	0.14412535860555542	-0.13246713391094558	-0.3385479678851453	-0.3256620472723685	-0.026411368011796697	-0.5536291575171898	0.13981693761775432	0.24274262907077412	-0.6642993952901819	-0.34654072625704824	-0.15277572753157906	0.9079971224413929	-0.011529414571468093	0.38427517386062937	-0.8849542973005068	-0.08986840850999717	-0.5146153643538423	-0.20600834799218276	-0.025271397141572813	-0.06937577780854987	0.44007119326987365	-0.05332176540775687	0.08677449678301102	-0.43100464442103936	0.15682108431630506	-0.15563778983696835	-0.010422444855107581	-0.21106388021509281	-0.7362884124804296	0.3530177741064293	0.14794604096706446	-0.6136997472661193	-0.2124095356181047	-0.07459667588840997	0.5125902146219699	-0.6777026615080151	0.26657637093119346	-1.4073103530041666	-0.602222062696615	-1.457093034629788	0.04779306956628627	0.3070148774600075	0.4838557694690599	-0.045395871355303985	-0.14872524051107774	0.3318464843882682	-1.3631476833088247	0.8080971981493087	-0.5595068701393334	0.5960542491687364	0.3225324316436064	-0.27595511256869226	0.11283291288321635	0.4214832025124594	1.0978481308348156	0.025304018171130125	0.2647669719878789	-0.2751361749019993	0.167479358281634	-0.5773241428763277	-0.9449531188366639	-0.023198947538863847	0.05715162560861907	-0.1718955911378533	1.8609492219576227	0.7692546932255009	0.05837771915076716	-0.2888335394164525	0.4328321932949597	-0.11383968747138826	-0.7701938303797649	0.4610923501309803
DTXSID0021961	-2.5154832308877535	3.784852611053966	0.9116980763605448	1.2138500065336675	-0.33946943941025254	-0.013221997326994483	-2.875015199376904	-0.3305859643341566	1.9305315413659088	-1.2288541559423973	1.7040130992944422	-0.6212257646866196	-1.3964730990065264	-0.5517010033488815	-1.3913940769250956	1.7876714907463738	-0.7338462537760199	0.09519743762322545	-1.196581047192454	0.5975421291370784	-0.144486054412923	0.11618952394434398	-0.33051011433201655	-0.45764675095049334	0.5001253585180342	0.8570039605142797	0.4729385287560231	-0.6330631971656181	0.01792356427980967	-0.1844932506238204	-0.668710080212431	-0.14082518075915146	-1.3800074222829464	0.17806706218909107	0.9396998371596794	-0.12622569183891102	0.04872428689746188	0.044697172842631826	-0.17831970137037767	0.43857461961774236	-0.1647819612617009	-0.1505048136139154	0.4133924592803006	-0.18304931190017754	-0.044796378747395206	-0.1611976160146775	-0.2198828594665887	-0.2366243372248432	-0.2186013524714051	0.10034644786516264	0.07596774988496635	0.13324574142055817	0.07662308881265151	-0.33299947347780817	0.03539519137108768	-0.45832888200006	-0.174831048631638	-0.0910919446561821	0.31748234097608335	-0.3902281808114396	0.04381282407357801	-0.08494730805586938	-0.3021883931294572	0.7480601894278532	0.5739076515115957	0.8353193613658971	0.16576243713711317	-0.13737201582922176	0.6553917365133686	-0.4724901642342685	0.24977824564783638	-1.043747965484617	1.0349277561727743	0.6093811082184125	0.1620708238468156	0.35798907928330614	0.6851214540165009	0.12632318757687291	-0.278941186059892	0.7641448690073599	1.0915015421284453	-0.32881670289535647	0.35471992190598717	-0.3735676194960327	0.06921549754623753	0.3475589842146624	0.30754374359560915	0.20630337174104613	-0.3036187897920082	-0.26153322553486474	-0.34759720665512284	-0.041813331149962614	0.4911607807394475	-0.3517730843586762	0.3067882692681638	-0.300578666457075	-0.1591286317850048	0.21858074305417813	0.4205470732796053	-0.38145247096283874
DTXSID8044759	3.0307968043725113	-0.6454817259833352	2.7259618478605434	-4.110111118486596	-2.6895541095774487	2.995358140710216	0.8469913198635014	2.5565873603171396	-1.339393002772329	1.568128391326107	-1.352927677043378	-0.615277341259287	-0.23107861208081246	-2.5308354675293296	0.2652291946180272	-0.07990038923469232	0.8298235595845584	2.7930700413196052	-2.0924592882394544	-1.3451388335336425	3.022426620562935	-2.1600073620038853	-2.405151675119724	-2.6159801094349158	2.7340618319494965	-3.160642762105375	-2.7608517659688525	-4.349102142430384	-0.5943306585573463	0.24809611865085268	0.9572672677234259	-2.6055496220489665	0.2546952758695979	2.337402254772806	-4.610774173776709	-0.12795495225741962	-0.3174099863822451	0.6111828226069747	0.17675154657014658	-1.5054535147946517	-1.6277515427389555	-0.8225996166762947	-1.5336378878135954	-3.219053348535744	1.600722221623241	0.3472477691898206	-1.0857229617608848	1.7574852894702129	-0.5944078823772473	-0.2543740928002495	-0.9980913550193893	0.018571797230172236	-1.735884201358756	-0.3982040561647375	0.5453107883242148	-0.3449475597636943	1.638113096879765	-1.3962174561072151	1.4096107395365234	2.271633747556092	2.964272021196205	-0.08379599499499911	2.0317422928349202	0.8417543214924865	0.7438878103638747	1.140713907142887	-2.157857367435883	-0.723359179279122	3.5100651727677104	-1.096461981847388	-0.7684263298549701	1.3703992701473406	-0.07760892870911887	-1.6687642037464927	-0.5322591261680997	0.02004196062466942	-0.43219480532506316	0.12409210309678136	1.5763996693691373	-0.7565050845374147	0.923891824256157	1.7783408559517058	1.8109275754451877	2.6451024439194497	-1.9454307619483469	-1.487954403181208	3.203924782776793	0.8313162530286392	-1.1240192635586395	-0.05250675099399797	-0.46473301166084086	-0.6286646719202365	-0.8482647747367963	-1.0510262762026275	1.9789800130134731	0.45763272540033234	1.6499636110277605	1.3214613174647445	-0.18956845595236219	0.39424620495119134
DTXSID9043938	0.8178981522255485	2.957550415177458	-0.9930181937732818	0.3681899677821148	1.148878712779167	-1.1547601079187844	-3.7781261315493313	-0.40876140162782065	-0.4055344729475967	-2.5969058810511876	3.5232686319723694	-1.5430374832547482	-0.17700785351134857	0.1437791848115594	0.13408656707168543	-1.2901830912175627	1.6266547920666756	-0.11878450475199863	-0.2052757707657001	-0.022821196339998316	0.8133735884626458	-0.16211208236404104	-0.6366068572560181	0.7639226231862801	-0.24119583130957942	-0.11288280395417034	-0.7182207878957733	0.3851868313039932	0.1139027142354525	-0.5314610505471714	-1.0773032909976712	-0.04301735172862761	-0.7190355357816359	-1.1909499935189027	-0.2173549077870562	1.2522821189443405	-1.0087150510837584	0.270227113314623	-1.1990760032871708	-0.2011124174301967	0.6856556987542779	-0.11709241946354894	1.4167200331820018	-0.3388401431173876	-0.5793821248324732	-0.29774510385847003	-0.6680680411622771	0.5249640830667714	-0.2971926537172515	-0.25513147699285166	0.06863217707613878	0.628007792834655	0.339122088613584	0.11855905646808786	-0.1133582468940105	0.23792644947648242	-0.639283996028985	1.2660076546453423	0.5003770937256334	-0.45838165219005755	0.7314877622936814	1.2537902127943998	-0.7213177476507433	0.4193103730870551	0.5511892198982491	-0.02798591335415802	0.4066149421710445	-0.3910746549357954	0.25860964091426675	-0.4727794784686828	0.038926334162791336	-0.686512707674248	0.687180124587505	0.3797557982853827	-0.780521219625617	0.1612878223362859	0.1319181968836658	0.19657914492422998	0.2281450917100162	0.1476669118292557	0.2491263888302907	0.047397085450763037	0.40891506147589407	0.04876259854425316	-0.09399276338531205	0.27133353209961003	-0.03461966603288185	-0.2755382091758281	0.33435399493598567	-0.3240938032728416	0.24545258070718562	-0.4978103695109464	0.24581955376591913	0.3399515958012561	0.041069262888137316	0.12114363958116696	0.1325045622328046	0.24421549422544084	0.11080964133073212	0.0939637495828996
DTXSID0040208	26.23531547132705	0.7644930314098481	-3.233236562117762	4.3934050026522415	0.7278920843585366	0.9266265418119779	-6.641230975606799	-4.2719958653642705	-4.07645117636373	-2.3694440355257207	-8.567234941470751	0.356132278261105	6.529629381407194	-0.18186029177899182	-0.20332412584533405	-0.5168642887173708	-4.886057269342574	-2.4220051839387007	1.5290147649671413	1.245953511379517	-0.09628001155319849	1.8675323589301496	1.8643800608179881	-0.6486269475754975	1.1058768716751086	-0.2530698329144884	1.7979183652142892	1.1665126456099568	-0.6646596682771885	1.8554346323150102	1.5639629297220268	-0.5051632935264716	3.2428528024432093	0.6797185186316417	0.6036336619685694	-0.5703193064963415	-2.490323215932235	-1.0917621270887736	-0.013018956882618919	0.6585549378120149	0.09173127122702793	-0.0720831200935848	-1.3280460277268966	0.23890752278720775	-0.4639044159465589	-0.743743258028282	0.160917496248994	-1.049641730171076	-0.16610007304043128	-0.15152574357137769	0.5868955057391024	-1.9161138179105899	0.6135272383649674	0.7363703364154793	0.9763994113634655	0.11775634563840479	-0.23171045951339117	0.854050468371212	1.1695348021292797	-1.5035282474625018	-0.4599825854446623	1.0241584734338203	-0.19274292458892356	-2.045075078680073	-0.049397434272420784	-3.724580797913873	-0.7542424933157349	-2.044198257833413	1.4785732201856405	2.2365337470738798	-1.3038907788591025	-1.5084464557541857	0.05788231719825696	-0.7766606485206781	2.586312287779812	-0.8664533772693678	-1.6001283193168478	0.006289130088294148	0.12908665219828092	-1.1443931069546656	-1.8311678418441528	2.4141469010205103	1.5958629550321586	-0.5016033141980875	0.15431831836170407	-0.9590218203403812	1.5896302840483876	-2.911640505192598	-2.4926696937646846	-0.7962085818647552	-1.0664988654034961	-1.0924489800527315	4.536262274286461	-0.5140752364404904	-4.024747224750262	-1.2084377144486864	-3.2146489493940162	-0.646594369077993	1.8495946527542473	-1.6877906847184307
DTXSID4024692	-3.4740247250640564	-3.9924076967182707	1.3323585330840966	0.1558462512235748	-2.0819896811497234	-0.4412470267296929	0.4990879919210432	0.15157313193910077	1.1360641570267351	-1.5534440937950924	-1.0466906521485142	0.27958615508499013	-0.9239566166889349	1.1284261917750051	1.7719755089944609	-1.202737926919773	1.0903579450298657	-0.011598647891014295	2.1086760511667553	-0.33492664043749804	0.2754158602715346	0.26299492520532136	0.1005751958863844	-0.41985849165561195	1.163518189370119	0.8843383556175494	1.9939716446676905	-0.16584861392501465	0.4932589955935621	-0.5665515365585116	1.019784925428735	2.1633679704667013	-0.325443205025449	1.0429208661377745	-0.6808851371298954	-0.2394367407110615	0.032118850580872486	1.1448271626443394	-0.923138840040821	-1.5445864114348142	-0.22963832200369372	-0.4327414159920428	0.8700324967555253	-0.0688029799795694	0.2693807776465008	0.619589931336484	0.29829265792231047	0.20340748057590283	-0.027791078262638217	0.14515728844277306	-0.025336094377645994	0.7133412343931143	0.1305725147404214	0.23232750598912347	0.3223919087642104	0.23831628458339368	0.7484917479874083	-0.17525476083656935	0.27325285549529205	0.6745624167662881	0.5560955488730962	0.117833149125871	0.36768700378677743	0.4672794724371728	0.3068917756672611	0.288254815028511	0.18831432912436494	0.47669432927752886	0.260052382299264	0.07358274446235252	-0.21254933498666306	0.9569014752087291	-0.7101312939120158	0.40594066056589656	-0.6217690645250653	-0.9042755577251349	0.5578500722279945	0.39101823871256913	0.6596103459705664	-1.1512413372226407	0.08917868375301907	-0.6065633165987402	-0.7243593709947528	-0.17826812331989958	-0.0668049860798263	0.18849298975387876	0.17248722100073138	-0.4252819476331226	-0.16317845873841164	0.03712229151858507	0.012189886485789158	-0.1019837802135432	0.5422385807052121	0.2118326902926043	0.12896469286450754	0.19738727152856916	-0.15083036173179798	-0.4023712537199531	-0.29194166445643455	0.35352476265196264
DTXSID5023322	10.988695695080512	2.5537795934054235	7.887151349913763	5.136097494990283	0.5923612549534178	1.4284441144863047	1.0936007101392475	-1.10272794540848	-0.5514514271784885	2.884175166522196	0.46604758903143134	-0.07244954194641004	-0.21704438271630003	0.4347059380343564	1.6091054235596496	0.602546669129987	-1.0150475032810142	0.3846113050215263	-0.0826131353855867	-0.5660191059800858	-1.1756556724499654	-0.47660652682420207	-0.101415825530693	0.34994945639831304	-0.11402097981271861	-0.5905335947350333	0.4807032168437266	0.8168903987906753	-0.08568473955818286	0.24773265257714105	0.3862309623919288	-0.05147999458526184	1.362275014048671	-0.6088606164175905	-0.7929832493092372	-0.9893969831275156	0.04705644247706331	-1.5066047804378238	0.3118356894006281	-0.4287858929842153	0.6785480868817081	0.041198824486547644	0.18762616832319376	0.5751734627507348	0.6067892019014302	-0.4850610746412701	0.05551511863826364	0.752203392704349	0.07669903717731819	0.15731647420021222	-0.06262837991484875	-0.2411265933448119	0.28857692106837995	0.027764429939181448	0.3871352623729619	-0.12167018312741949	0.17844602793718062	-0.33798308770222973	0.29304962877478735	0.4970496509947742	-0.6425689109996324	-0.17132069977909656	-0.7861230048300911	0.003308136154178377	-0.323633953396029	-0.5814051574672209	1.1835936388921928	-0.2697880598838433	-0.7685253631312146	-0.7312115763367835	-1.0136701011078801	-0.7036587624005487	-0.9709557755523293	-0.0024042293789980893	0.3607258829547395	0.5958727364148778	-0.031565093428714906	0.4684186637277419	0.44745264086188674	0.5088688270311053	0.8011204872567077	-0.2802908552658606	0.6441508211789184	-1.1247629169997653	-0.7228418681405727	-0.3669312840446715	0.7571436528562615	0.438167645719397	-0.3828594636243923	-1.0743212029972238	0.6094457433913207	-0.3680775939106071	-0.5301935666321197	0.16339300461894823	-0.5063328272790024	-0.5250399753469887	-0.35930988953341303	0.6226905724664021	-1.1081546431279712	-0.6255825448857314
DTXSID0047327	16.430295563734948	5.694058340946389	3.6326706485060343	1.6206874212092637	0.06855774484050126	-3.8357987064093373	4.866756016045964	-0.13141922128305625	1.1340562693399914	-0.3678636730029261	3.484906851499678	0.4451789383307066	0.842991033412582	-0.06177915412082244	7.626571324305195	-0.4238167720386093	-2.8745376789250416	0.4988348303295868	-0.6397898752698442	2.7376176303295976	0.8209358623147782	-1.140408113803309	3.1206518438301654	0.49810340997616703	-0.39991880276564773	-0.12067222006041471	-2.7699863575779617	-1.9184799706847795	-1.1546304042043636	-1.5852730672318391	-1.5738925119393214	0.216047420517882	-1.0333241502292276	0.3194287840576475	0.8150020313108506	-1.254434376559848	1.8731257668391925	-0.425926386874039	-0.9122943758383776	0.1750949912925807	-0.1926866369839003	0.7773111802556902	-0.7111759717891106	-0.30506600445643034	-0.12848361601811956	0.09114319299582542	0.12395682659251059	-0.15418031135420937	-0.06865115189987674	-0.1035756725947261	-0.2014153454043582	0.30243376287830925	-0.17889819257482004	-0.3449501389352395	0.6159545697926431	-1.3021921051940788	0.06545500748789772	0.6835951620465908	-1.1267168596539163	0.7051259870758902	0.04388239592430155	0.8846219099411741	-1.7836924080381846	-0.07944613460509732	-0.12135173648236723	-0.31330567122471004	0.277982457566502	-0.04506059929129633	-0.8087719024298149	-2.565177412196148	3.0858831020155373	1.0115037323974876	-0.8955544803631854	-2.4931883601304192	-0.4786490036440638	-1.02698487506735	0.39135141601831197	-2.21373266951053	1.0376569827029727	1.0781862547784298	0.512176651233933	0.0075305714062179965	-0.9886336984583475	0.1694886613455061	1.6712337912525697	0.5998902677570376	-1.5672933563233213	1.187221520606734	-0.2554235801372012	1.0616952248903997	-2.3198786459372247	0.27948163494029044	0.5431694232351019	-1.0503296813739293	0.034749274020368516	-1.924617170388387	0.49894704621772656	-0.808874978905466	-1.3505074031512008	0.1939405732158559
DTXSID9046239	2.7344638548040097	2.481782013680588	-5.660167466618395	2.6717211089876574	7.0113288391316795	-5.353905721809828	4.5205631533033035	2.771450095903288	0.37822366825272274	1.6179111984443346	-0.31054642170119906	-0.492138154060538	1.3279046949475906	-2.1782927964240675	-2.1269172953787163	2.0748186673951996	-1.9149037348429836	-0.2693055580447738	-0.07522794247494372	2.602108078658785	-0.2580775777583913	0.6807076646761426	0.31380749920435386	-1.6929452908875327	3.8497258823580527	-3.2692646972490795	0.74879599596519	3.354562944478656	4.440856876588681	-3.298229873068677	2.067681611012432	-3.1098169944317378	-3.9862435584028244	-0.01613275267277788	3.084749956957239	-3.5874170370422696	0.32470067808294256	-3.103290799454043	-5.860880526313257	-0.7142642315031246	-3.4949192464223704	-1.7806474137379267	0.9584717234364104	0.14311478803563243	-3.9087740505309685	0.2636061455793561	-3.6376314954231885	-1.689978062887872	1.22245249918275	1.3424433292476035	-0.0009959124556948834	-6.924588288928729	-3.548618342446101	0.944387180086747	3.0534854656022423	2.625359216767358	-0.9616907781645883	0.5143259400504607	-4.563087397194804	2.8438309533854467	1.7161163609459478	-1.0940083942430374	-2.5846416675240094	-2.55711949040673	-1.2921530999862239	-1.7620070500416176	0.9769514181178383	2.6599167549542306	0.2154634807997031	-0.3728162948433731	-3.01404124575625	1.5936425456885892	-1.741587561578905	0.6533399903016774	-0.2032940008914461	1.1155759315802587	1.001502980847599	-0.0836907429478226	0.2129401602970871	-0.6724464882394652	-1.3886091059511438	0.9215526365557599	0.2599809858766785	0.9443244580334007	0.1828285295573347	0.4192788222273369	1.0356326907069568	-0.29460381017270615	-0.32389537219295844	-0.013692649089685972	0.3824681727375278	0.44153806327471845	0.28696988867568096	-0.6646346980115463	0.20249378398943757	1.0588662987264927	-0.45610917780029064	-0.5959352467079674	1.6722009651328038	-0.49362067272150434
DTXSID0026418	-6.969509399547092	-2.8300102169980423	1.3051097756810925	-2.0223071136641435	-1.4102507005369997	1.0598476013888811	-0.3982249839706635	0.08069453483703778	0.8005904819670254	0.532725268084182	-0.06203577952503782	-0.43842136829655576	0.1152859123469572	-0.8104350917424292	-0.1092758290624434	0.9586734170145295	-0.7861225860654285	-0.031834203921024366	-0.18030249377402893	-0.4766625776178154	-0.09400560025736954	0.10707593934870768	-0.5384147650410581	-2.178479231562646	1.140266224776765	-0.4269451750905978	-1.5376389871469447	0.8740805598536784	-0.21757455790775868	-0.36144310142255454	0.7690847086861662	0.37314920494829446	0.658994929830191	0.38009821500150687	0.3220460511298978	0.34082147164821286	0.3113499507563194	-1.2572077841883946	-0.03039112718033315	-1.8367927091736316	0.6184381912724192	3.3140307915569966	-0.3919966151792872	-1.4215666315137159	-2.198275392310248	-3.2267276628884165	1.4948542303128618	1.23492824253223	1.111230566845156	1.5296307564208629	0.15318951415691812	1.1877319417383563	-1.235775180616285	1.095583223436475	-0.025290302602114935	1.8678647580940955	-0.6818827657337558	-0.45194354737217723	0.055185350145047884	0.522992146577454	-0.28896917124256927	-0.3967826961797362	0.4259823190927177	0.06827290390563916	0.4838486140528277	0.13971013807931137	-0.6860935246788005	0.3700391610702293	-0.01859748708464037	0.3774915590237	1.220891205579775	-0.13831501732923354	0.8419738029345288	0.0973421410696658	0.9282084723013619	-0.20519832309091612	0.9648456011313873	-0.5252940251222152	0.2954809785081124	-0.550147192378626	0.16394652388077066	-0.7788001545852513	0.007081156970843136	-0.39074957873922783	0.21940247846910782	-0.0062465587358549	-0.1860422825956548	-0.3666355935318394	-0.1996642769876049	-0.052126440797405985	-0.4254713467915881	0.24103448384914622	0.0922072950538137	0.2394070629433047	-0.32164763617109365	0.10757777826705694	-0.21700228273599972	-0.15690420425067272	-0.1397131860648047	0.00339802135679636
DTXSID7025053	0.9565764121754837	-0.8609496806251027	5.880008052633853	-3.4065922868722365	-1.5198445841161916	-2.8701932883467247	1.4034124823258394	-0.44116013451758834	1.129806392750162	1.9330626327987572	-0.06291892426038702	0.21885636320633606	1.6858976033814987	-1.7116263631128967	-0.37813980230011657	0.15941947945141516	0.29488846175720534	0.2986532382704771	0.6973331973810007	-0.4592088810485584	-0.006005280209949962	0.35738024843302274	-0.37332437390847534	-0.47017081056767573	0.14600553864758622	0.021173441572554123	0.8640090971355665	-0.1790149683470388	0.63477089354886	-0.35839685119663933	0.05496490449827166	0.06816849404072142	0.03669941316602117	0.35885395346872007	-0.38501331316406995	0.49126149683493864	-0.4802686976920736	0.34263404228632516	-1.1021818403073995	-1.2190425215731873	0.7719752489756757	0.19235189734582533	-0.36198440792420256	-0.6957251370384111	0.13596810680403112	0.4581212617511516	-0.1460953939672422	-0.2732387689085812	0.09175703145162623	-0.6683110592906193	-0.11741736244184807	-0.38282765626306686	-0.1267717973554187	0.15445191698710722	-0.2119987286663661	-0.03725390988831433	-0.1287005873202268	0.6185400206598257	-0.0858191838202409	0.16504305362251787	-0.48480054723198013	-0.0157274394727917	0.08710758990570228	-1.093579193916695	-0.48410660605961225	-0.0048350885107703275	-1.2985517564493825	0.8410747811598216	0.2669158754774178	0.4635436361133726	0.25864651569542413	-0.21703817571402534	1.6047135229201535	-0.20722925749519933	0.0621894402734066	0.2997459428536051	-0.19055029020727013	-0.2367855288345627	-0.09405807626035077	0.45857371431593047	-0.22765333282274888	0.3804237856261928	0.06170105340433666	0.2506873061770273	-0.061739313373101165	0.45643902081575377	-0.3721937947975434	-0.8338168144505046	-0.08047004482968696	0.14047347687054154	-0.14470769235008096	-0.6388795860854314	0.1620261447179355	0.12186229294345917	0.014882712454699873	-0.06905777422935515	0.003997981269318402	-0.28631404891098633	1.0342926066957159	-0.7634133137137106
DTXSID3047267	6.397461384210052	0.8911957789507027	-2.8063097521220866	2.593290405596381	0.2334640636428719	-3.3034325708345293	9.255094416903932	-0.43566200452674775	0.17528171255118913	-1.416160221256539	0.18210470462117034	0.13578711327306003	0.14379711339489187	1.1856124888767745	3.837769788349964	0.346455063745549	-2.185406368439091	1.0731425864414352	-3.2157745676152354	0.29420174904306967	-3.7129607580782906	0.8435350207182588	-0.8514810771166454	-2.6745272913668248	3.428966665943633	-0.4873601765421096	0.9398728137978909	-2.2320484180621993	0.6980397287358451	-1.5323686466141948	-0.7812373108732328	-0.16628953520284678	1.0997097383013934	-4.9499057193706335	-0.6713397836825393	0.9983801798242471	-0.17291946351119936	-0.9678551022228311	4.23309363792025	-1.0547229322110716	0.70068745932692	-1.4234432640325263	-0.9479061948178974	-0.9011332439078411	0.8780480915845894	-1.6726054271450803	-1.7408026591042214	1.136592797850809	-0.2455542540990997	-1.1063155725999563	-0.2906403998691908	-1.2629573527080171	0.03417941077625291	0.5658000503366896	-1.8109623352470012	2.4434368413830905	-0.13314000274705717	2.2760880592583796	0.8238589646023976	0.48373032419401923	3.0625511494175415	-0.4201689411958928	3.7693928061745305	-0.7194996397039644	-2.5205335683542005	0.4679460671834549	-0.35924483875615787	2.6502673439693436	-0.8415949555653717	-1.2458449780609888	1.076314245448482	-2.4620230680276953	2.06274600079463	1.7891315810453876	-2.2583965126469847	0.4698464310822362	1.054048755575137	-0.6400236925408688	1.0198925475640372	0.4784424950811607	0.6970451354873164	1.5306926380461894	-2.420122337833483	-2.673720175924966	1.3982724158227275	0.11190256473665283	0.2755529558729547	-0.5016326345005411	1.3678459527077877	2.3561516271886966	-0.013582009032634854	0.3776874482437767	-0.3432484703669476	1.0411411892060407	-0.5322812926256216	0.6641332776580597	1.173737132150287	0.3534207309799425	-0.35815172422062164	0.6738662174347151
DTXSID9049326	-4.978953330160444	-3.6758689448507633	0.1076127847829438	-0.25415809338263406	2.6862746861901203	-0.29669946171402345	-1.9287324375135584	0.07623105542110364	-0.516283883363096	-2.0180116352610256	-0.5042849751796826	-0.3407301994488639	-1.7064993265351363	1.869921846658419	-1.4090745403686453	0.5422041828089231	-1.0438165102060668	-0.7266179944341244	-1.0264275611249378	1.0027334865463284	0.5643061899631948	0.27474373429636073	-0.7616207844546502	-0.825295183481169	0.49620346438919155	0.24983164279891754	0.7491062107375736	0.21583806493192262	-0.553418661232541	0.7863888855202856	-0.05685086293448289	0.5826823296965765	1.1712942451014527	0.25155357810836926	0.8535603964741889	0.06310266573612498	-0.1480522199919158	-0.5390209961085181	0.7540655105986883	0.01055724182897074	0.028648192085847644	0.428141281840371	-0.49390441704188726	-0.24442666133831403	-0.47857996267686537	0.012899318524401834	-0.30692997514807807	0.08322143033731239	-0.4729075000775583	-0.16722276168027336	0.18100444985320469	0.2227337800103541	-0.13717646851194698	0.32526331025212696	0.686428667631114	-0.834665183194943	0.705135138700968	0.4354302623424122	0.3396387953178003	-0.333998236530635	0.14955352571922645	0.5061461988572625	-0.4771850733819728	-0.9007393704544271	-0.03818917135889738	0.5249164416429373	0.8309142369451961	-0.38231031267815957	1.0092876129898511	-0.22327308019694728	-0.6914233688205161	0.314580915371731	0.15216492302690163	0.22344263827563157	-0.9648071793620144	-0.6446713513280837	-0.7654798847054464	-1.5610343005453824	-0.33681347337761974	-0.64038783942303	-0.7366078197500012	0.21856260996456758	0.3545608943109362	0.267733740706225	0.08824739002749848	-0.32754047003184467	-0.32923505323214985	-0.35789765387979866	-0.19482642466672334	0.5079488388775181	-0.5397192741989412	0.4259343745882539	-0.3925605263021804	-0.2811465475835136	0.1236567135621481	0.08575282427268244	-0.6061099083071612	-0.17515780198868205	-0.6474364049540796	0.19513466360642584
DTXSID9041152	9.965965192065624	5.002077866840241	1.0023144215506108	-0.28483573735115364	-4.198771991367655	-3.8801544923580775	-0.6704314616758669	-0.1280102715877843	-2.0812761729128435	-1.8733965164878568	-3.0126330779093435	3.11994720522982	1.4737352039313454	7.829387641691354	4.226702342781956	4.637109057956004	1.8744461960014882	-0.5014217177055361	3.6504062951828087	0.8769279742423477	-1.3896834052635072	-2.753994927436443	-5.464668966186233	1.9330203687712844	-1.4472685928703208	-1.3732985829265651	2.4664409265604057	0.5356036275549902	-1.4060726600101647	2.09849735221431	0.3076256496816721	-1.571914964002181	5.003710977536043	3.57389938907369	0.3849974769184214	-2.173439727429917	-0.2061839320907708	-2.041900085479036	0.7533172092111738	0.48902317297875836	-0.131724295017003	0.3951817580408818	-0.08298206274203046	-0.5427965761796231	-1.1140967256517647	-1.6619390295671692	-1.759474291527718	-0.7343592438051518	-0.28874393269268384	-2.5793351572843832	0.35187911643962844	-1.0112256925244192	-1.3065513315729305	0.4724123130773591	2.1546616038272823	-0.5592844503924683	1.032486748511115	1.9714980197616607	3.200468406372542	-1.1407404354488475	-0.04139285844658014	0.14973950873157257	-2.6378581120871325	-4.503249570529552	-0.09719333763819646	1.997320850862499	-0.07015507962103126	0.5432237209102317	1.5206209153654677	-0.1326134992890709	0.8877390341640883	-2.009256427127735	-0.5816258974161967	-3.0642782533612194	1.0486333637558216	-1.6046924112607688	0.7130921595484019	-2.469643260297837	-1.8942291660341666	1.2547399918107882	1.3234437525814167	-0.3905554318505481	-0.47535885078463747	0.7611793018162094	1.2423115230106958	0.9657065817526206	2.3913795719981037	2.405088097086693	-0.683331290047036	-0.06992787647466317	-1.5273204441099593	-0.5503793932118693	0.8990038871353289	-1.0415299736008625	1.1569113733978769	0.49742509634405324	-1.4036386051948209	-1.2459136877463217	-0.8329259426653054	0.04148924743964112
DTXSID7023148	21.71988395408675	6.910353820404384	-6.012570799205158	-4.42000422963226	9.930399083573588	0.5869921357669903	-2.827677925596765	12.861780823455986	-4.569802341824011	3.1215800552439794	2.0417674499324283	-1.20818331585889	4.0536643459198975	-2.546543732459155	2.4471438663382683	-1.1785303141256254	-0.6984315917997849	0.009507938311716044	-0.4234981468931315	-2.1294751425456115	1.9225292837509622	-1.0564290554920213	0.6779072329599526	-0.5176298020457036	0.13609660890543715	-1.4481984463095139	-2.807339655357371	1.3289283608688365	-0.9282956760650793	1.2114577099336916	-1.330611442696872	-0.3298933037380786	0.8300829387134421	-1.2949600241141666	2.081267647900444	4.845320178923109	-1.7897795129907306	-0.7536610031702201	-2.4007249027361595	-1.1097929267367945	0.9428979045239724	-0.12846697584872327	2.7525979800303704	0.2413116638737987	1.1330184286204306	-0.9823210747578641	-2.11004460368	2.1381580835246567	0.07180451876031069	0.30642543183421	0.4954240314862378	0.9282528258026584	1.1214509623558984	1.0180781135243684	0.8212127467620127	1.6402499682804117	-1.429771800672582	3.043475412443784	1.7929209516039128	0.9834620954116853	0.4865555763234604	1.8394896443099675	-2.429512301359624	-1.1236753187539354	0.38708111651824956	0.08855013887332115	0.6346761004106655	2.2575619601383807	-0.7502366631514535	2.395051651867627	-2.4178382669063674	0.16199366952282893	-2.0491862974574113	2.4787540132058465	2.9445710343890124	-3.3346576818746043	-5.0844195558106735	0.9710121328077533	-3.2660552622671433	-1.3033028303028553	-2.6627743231063774	-4.305685100018386	-2.0987359484062167	-3.462465793334064	0.27367719808014396	3.199639463067859	1.8805291414259666	-4.272143205666107	-2.500296922287005	-0.19487064304790866	0.6233212169892528	0.4653846854160106	2.1844622519983368	-4.854816488624122	5.6930063721098625	1.1467313734648241	1.705844202256105	2.5192246693657494	-0.37055758213928086	-2.740548935739721
DTXSID1029338	-4.130441214320291	0.8106312187517819	0.6215262791592575	0.7385108459541462	-1.7578451095739211	0.7972746632347517	-0.5855856518453152	-0.049073054719785694	0.013459742077081538	-0.9654940025556396	-0.8391482974302408	0.1407592480287472	-0.002072591315765499	1.0622097767018825	0.8536039906933615	-0.20975535117449007	0.5511185974625374	0.35432054917599554	0.5073859902029602	-0.8491799647658803	-0.13697657222770737	-0.9679731842466417	-0.1541332414571119	0.9669928499870983	-0.03276864138854706	-0.821497199988864	0.6540014715157169	-0.08998997974119193	-0.31138284393770427	0.9029020742250705	-0.33307976544525086	-0.46757642878254074	1.5148213677980211	0.5556315021285275	0.8187332589240084	0.25051602490844604	0.05667207647731422	-0.7023824658007789	0.6150882063474641	0.010659700739920263	-0.4181278542737731	0.3109773101502363	-0.048471385546092365	0.2662530664649474	-0.9081955588783255	-0.21156217958101625	-0.0373902530650385	-0.5453291012206702	-0.2858196417087017	-0.47519004495533784	0.19877474218195945	-0.13751277451699873	-0.00863060769811861	-0.05313551554327862	0.7056289205846822	-0.5143506336547901	0.16654400969445776	-0.09915867768147435	0.5728591812747684	-0.3347868610908072	0.2466569739762551	0.5155770925001671	-0.7077621419999811	-1.1255150107479077	0.04320057717649275	0.7525162851987031	0.4143556418630701	0.6459288484388944	0.044526977012749956	-0.29604495894064087	0.16374906186556984	-0.4963335564191909	-0.3165813460581774	0.34479538969139195	-0.011635196887333206	-0.32543572917367347	-0.1503347245991598	-0.3585660404838639	-0.44250578426190595	-0.006294223644189367	-0.2773929324415396	0.08408305575747903	-0.5733008607797284	-0.3834260814138902	0.34125172846167623	0.32989701996074455	0.17065348682667728	0.012156865213292187	-0.16778149088792751	0.10583150320981531	0.04633209390255328	0.030091024931907507	0.24131479111243312	-0.06888338454872679	0.570656954669665	-0.19812524149122698	0.13875636609919237	0.20159195807020522	0.059070851223180655	-0.1244297241792754
DTXSID3041619	3.912030640511404	4.296063077619511	0.6709515867714738	0.8082406113601246	2.0584750185517384	-2.1800030867617717	-1.725382719324343	0.7236822087660701	1.8404808796071144	-1.6554893436012816	-0.4287052269968149	-0.05202477411102004	-1.59855767631572	2.0652313257386665	0.30220487218638437	-0.1530269074030572	0.9226923453598331	0.4384268437347538	0.15776487071458242	-1.1813748305769283	-0.7957449239091114	-0.4547121248362987	-0.03161608792431441	0.2518135153787951	0.6289197077499846	0.12389478446798842	-0.24610461016713564	-0.8586294852477615	-0.7746861206695003	0.34787547388632223	-2.800235757598226	-0.03454306327998857	0.03166092324714534	0.7016967238370766	1.9345666770579115	1.460070482557529	-0.8801550767362435	-0.10426406245127781	-0.07235087975445177	0.021741862692526096	-0.77150422601724	0.38012171601882144	-0.16423766699473696	0.6184256646443445	0.10256935820039638	-0.896964766527194	0.32777551284281653	-1.4544858301198804	-0.3028017743723873	-0.5190844470493543	0.3257639901076292	-0.38141910573141397	0.44187775291751175	-0.8580464964018973	-0.4433856351002469	-0.24455567530334407	-1.128127335465884	0.2929726529506847	1.167504449913466	-0.3616971500374037	0.09538699920083929	0.6837354612842965	0.1829323815959825	-0.8686394894603577	0.25702226167310543	0.08593095434939227	-0.12086382708049091	1.0891833599342056	2.2758321294363872	-0.010358866461057634	-0.9413475368460601	0.3936651528781467	0.5051306267067465	0.5268529564571724	0.17670941097099035	-1.6276074502338063	-0.31014910325771233	-0.9299975052211092	-0.01053052167727584	0.4875998484550033	-0.38931018174406007	0.8970920508923057	0.11323465286274756	-0.1254120131652313	-0.21064442506361652	0.1757001577393177	0.3623750438161399	-0.06948791920254542	0.45383000265648604	-0.028255728532681285	0.06393624736606612	0.12118620123163844	0.11817610593747171	0.5365493674249266	0.6726057409129863	-0.15734924916447074	0.6416457307521645	0.06306173799155827	-0.2679935474483827	0.09216555078697061
DTXSID3047057	-4.307914784505235	-2.9281320176111865	1.69989398250944	-0.46458577630163056	0.8457047368573763	-0.7010555185013401	-0.7789789468884187	0.027842920873606198	-0.3812007683154551	-0.9810871271639375	-0.8581592238765089	0.22545379412247948	-0.5772119273355077	1.565771166386127	-0.0343107459090105	0.006286282393571449	0.3274575119623152	-0.003570056965704399	0.4249594876619316	-0.7109164397873124	0.3610023801292102	-0.3103276701660018	0.47347035796214454	-0.14340208135203691	0.41409287823732427	-0.05142642230888798	-0.8534241172229151	-0.2771104730111205	-0.04773664125158937	-0.3048673172403433	-0.23419565921907565	-0.006823959075613476	-0.22844855572275863	-0.295295369573483	0.1784345811364968	0.1123399571568317	0.345315990833668	0.3110224534927055	-0.18872310545394896	0.3798314405430199	-0.30237448756468194	-0.012345681546577768	-0.3667121823179135	-0.13976687741877916	-0.44371227624494125	-0.04154118922865364	0.008619249386309239	-0.286809669049583	0.07652348479629771	0.06380422706049353	0.07733561269063342	-0.05736922399716471	0.08879548528517386	-0.26022573389810283	-0.07793248657371861	-0.051881993198062554	-0.14301538800636415	-0.028697715447990164	0.1279114971300225	0.1013124641527846	0.199904939472147	0.18919103834876702	0.49935184813931505	0.20009774942817263	-0.05701771297046416	-0.35240174624928045	0.10170742509440873	-0.7066639956974046	0.12535207139823173	0.8845343762613558	0.20709504423783462	0.06662665082706233	0.1754994298863182	0.2699807012791243	-0.48672046092441196	0.41952125513212457	-0.469506038025505	0.7888753135380326	0.012397143191447253	-0.35549350174833233	0.5993724893253594	-0.2618788994931955	-0.06883978034252805	-0.15103370954216208	0.013996037190712267	-0.05773078134250968	-0.37360366164555053	-0.7141033582189639	-0.44561121857139324	0.30279546400912205	0.3966953656614948	0.4851727802885537	0.12186539190885057	-0.12461581562207133	-0.05859440463389458	-0.17275695216806203	0.0840749590432053	0.10375097974570915	-0.16845754408540237	-0.04480991838378988
DTXSID2020426	-2.8147129882292714	0.6137359751366487	-3.2380705998894963	0.3091537395932754	0.8870235444937996	2.208001657527621	-0.7711458149652997	0.7182506766064466	-1.352590596888087	3.3549533528318114	0.8195971308793265	6.832717155807318	-1.1263742653598827	-0.8553484773021375	-0.5440450051534178	-2.527748847052543	-1.4158862491839843	-0.7309457212429348	0.7990086991951748	-0.17390225359734232	-0.08981896248017163	0.45424578232803203	0.19047514548515174	0.06114393962030459	-0.7072043969841166	-0.34286587374942806	0.2593401162863684	-1.363784452024241	-0.1270220186364675	0.13526878730807945	-0.7595712324501481	0.23996484934535822	0.19183186143410394	-0.24834062286264139	-0.6452875580707547	-0.2860833662281858	0.008840090424207497	0.6537270619887025	0.12810243909602212	-0.13288078839874676	-0.3686481645630734	0.03963055912990777	0.5131619522023888	-0.2250214834635836	0.17432751376098682	-0.19597878259491597	-0.2068229322199812	0.12761147829039596	0.014549345557687568	0.34230992677882355	-0.11990019130134383	0.24659858367560025	-0.03874574560504987	-0.08019105902492454	-0.17599719306108608	0.026281861526166586	0.22929682651548347	-0.4943638361963336	0.12875393232776916	0.2726987961673531	0.408965760839057	-0.5216714341282396	-0.09554302261365245	0.09569958906386944	0.25818266719895944	0.14285764910523038	0.3519626275119007	-0.3331251787667423	0.8497285929458944	0.3457732917640954	0.21288330692345206	-0.39127112071669407	-0.02202043975573131	0.0730820794416017	-0.10835757669744284	-0.041221028472517	0.7346612728359088	-0.5027955754720194	-0.6246798829951938	-0.4298630889678532	-0.18463237855737594	-0.2697671723435353	0.4085326380466132	1.1470768512608327	-0.38993985519896107	0.8134954471523134	1.0050026792781688	-0.44018289722767356	0.9632522036825035	0.33617164749567624	-0.9442520386982838	0.4332468457139862	0.33635728631988315	0.4242659854617076	-0.46712034586525353	-0.8745391559053592	0.2579500810328141	0.19380430452222538	-0.233965246684568	-0.3451436912884627
DTXSID6029127	-4.554748155052311	-4.316494397223771	-0.22234518303930373	-0.015035010141810615	0.3116980686734616	-0.6184061909340396	-0.9613617307187695	-0.33778314049844815	-0.2980265533962196	-1.2826084417039025	-0.7072353998456001	-0.15828553770206177	-0.41379626239591694	1.3265701840655797	-0.3005867413428951	-0.38983903715799134	1.0094106854396627	-0.017881587174297758	0.050350444326728125	-1.0230879271704818	0.4794931648038682	-0.5219899019053583	0.8149992774961945	0.0720196179337809	-0.5030899131216369	-0.06262704376236612	-0.39405191064756556	0.36216860726057937	-0.04008014353582985	-0.4798240834439608	-0.12178138091475918	0.3115753081370656	0.21259759557303023	-0.4881359983635796	-0.38717824048426014	-0.27245130306163884	-0.04486175268318044	0.47922158833869044	-0.36484464738609007	-0.6343306107843684	0.16688591111820267	0.2674910070016895	-0.39234335601651227	0.04412041046161136	-0.22643363624471163	0.2227965902807914	0.41736846819744544	-0.2116752401506192	-0.05468022285518928	-0.1684325583104639	-0.03166126103631606	-0.01691150654379841	0.08610166766339036	-0.15493936974916214	-0.2225244766229242	-0.19841196980969544	0.09362261749820143	0.1539908784226142	-0.36777976458641193	0.12988774194181169	0.06965429439207149	0.013340867063880072	0.36359202680103697	-0.19710683896152317	-0.39166291414276116	-0.4634488330403655	0.04213635209346855	-0.12319079629330419	-0.14601689940272944	0.28958111743735326	0.05824387967708623	0.12397710844839228	0.4388361747576762	-0.25235178566820754	-1.1302320895300644	-0.10436515871284736	-1.0197447909001682	-0.11378979934952503	-0.08899315476549083	-0.07329311970128741	-0.2158817202557673	0.4098692986013831	0.05485191939965209	-0.18610026725803258	-0.051592994591367264	-0.006150433956249072	0.34481846923886716	-0.6741587415485409	0.05245212736907768	0.21593344619434682	0.18230799613728177	0.0388418085521098	-0.4880535436931897	0.06556247142693566	0.18162794910243477	0.23972142760390638	-0.13140544340183422	-0.0003066350860477948	-0.21312211862894354	0.23188215497920622
DTXSID9027310	-6.231787868240648	-1.5430070714206665	0.6361113142363529	-1.9031064436428844	-1.6978136414197602	2.437027749929447	-0.20588684901646398	2.319059244547344	-0.5790978994421474	0.4859128485100951	0.2085899611962315	0.08931538050227614	0.19927762448676023	-0.2763391449797686	-0.740472467204115	0.44753310029320315	-0.9753494908471405	-0.4781765175426423	-0.1858389402355851	0.1620105507542808	-0.6467261745659191	0.1467209749486029	0.06532924458627065	-0.16490572007593704	0.008403177278355484	0.8793779036734904	0.5392770213280771	1.2424405511560275	0.33411819534917986	-0.43516562343181214	-0.2636447012376029	0.4330386942304111	0.45771536432677207	-0.09209102177448869	0.6484176686795766	0.1563074552463842	0.5196537297906547	-1.1610424334642946	-0.4575489725220664	0.24180867964263858	0.25944860880708304	-0.9517509771282041	0.47397760272621425	0.7193433819422678	0.12436084905443598	-0.3662469852654449	0.20064725464272207	-0.40682360603521683	0.17760702530452524	-0.21960079766858231	0.02490762840838507	-0.5193200807737508	0.4430575993740377	-0.06802317120300164	0.12916889789743674	0.03695308179757423	-0.45112877467615137	0.0625278165603298	0.3877584763903459	-0.4155130514513687	-0.6826616535600587	0.10545746868651647	0.06802655166285254	1.6415586266247137	-0.8729754346944606	0.3258640798070998	1.0354179638426677	-0.41139747961026324	-0.3704112707001998	-0.09767531985808617	0.10735921107859318	-0.1620375454575644	-0.1415118772750457	-0.4623326931996929	0.8254226663888943	0.8464971965423128	-0.2607081038499222	-0.0904637315917535	0.7911617321776785	-0.5912034493675634	1.0375001683571223	-0.03087907372215329	0.06694991601087309	-0.17303126726968393	-0.2121831369771818	-0.7465522456402659	-0.0003163103133217598	0.3467791152506451	-0.36534766323660106	0.5249977644025637	0.14331981367800975	0.37950668140852517	-0.9985018302922455	-0.2922684711189822	-0.34943286086549535	-0.10464597122097657	0.004698890533939532	0.2160588633996417	0.04198955622099677	-0.3068205808569704
DTXSID3021932	-4.562498793568021	-4.576863097634957	-1.6504093495650543	-0.6150777339223327	-1.7697339881369278	-1.4754631202095239	-0.7179718239168439	0.24229764821227034	-0.10862379844231858	1.318532092243718	-0.06455529297759403	-0.10171737468650563	0.3381598507769314	0.09203620083137078	0.07012390158094468	1.7917382278755947	-1.157187357024641	0.8433100133779481	-0.4137731648100501	-0.3527389801929019	0.476336396241762	-0.19470120943553074	-1.2565875895963041	-0.3962159509943245	-0.636475462394696	-0.03528816265214164	0.31821198213261875	0.8297085537054413	0.6240404185809584	-0.7179694052870067	0.6091072891359226	0.22653292405283057	-0.3450686169866943	-0.7533750052187799	0.17099983002649935	0.40680289836280054	-0.12279602386881877	0.5192470914926434	0.39422361630366193	-0.20576673503271253	-0.031075058275490185	0.03188112287054242	0.18744961307669591	0.5498747582195651	-0.00034505145887319365	0.5976098568688852	0.19767132977277516	0.012006788435862224	0.15795293857038356	0.3214655499900111	-0.011625378961387862	0.14455984660632748	0.014911229318592402	0.10157595779023942	0.003014051117564649	-0.30408363610359995	-0.1951827494545719	-0.16741571928105017	-0.3982800564050888	0.43328322043376133	-0.3472592285433125	-0.22238187457190853	0.28750814074337705	0.44627239432590443	-0.7044533225152932	-0.27870467367679247	0.6913802277216855	0.030882709784524266	-0.2849964974202694	0.23986193222641383	-0.03020625456691961	0.0827793714845427	-0.34172779541343407	0.20217433612038704	0.5664685869897235	0.6487711853249077	-0.22981343167785714	0.20790831787761027	-0.20687189041807238	0.11475246289887604	0.22811338040576148	0.5965841669984758	0.1425129546867186	0.23882153729900824	0.1558792628695865	-0.09562862369940511	0.3320911272536734	-0.05622856020453317	-0.361020507523025	-0.0716228138094029	0.009698326931152716	0.42269443320105504	0.6600186467827014	-0.5531903411610831	0.09019984925083346	-0.22746812429010282	-0.32547506206255356	-0.1706936969407856	0.26288282744366	-0.20544498773109843
DTXSID1049013	15.966802767359333	8.516593530011013	-3.4771180987733143	5.24392031266734	-1.3986024483696708	-2.34357334769582	9.640248534123582	1.305528213351753	-3.1208877181954358	-5.032165889964849	-0.6934140166460582	0.4672699313517097	-0.27596465389445857	0.2582202861212091	1.4804977502467103	0.40314965509558565	-4.6024732143855545	-0.46312144607575967	4.299006878279433	1.2733814234939895	1.268373624520405	-0.32958262548029854	-0.48565199900479883	0.7677514958558888	-1.0512102050405898	3.3075208783007084	-0.6181984219414054	3.88690957723314	-0.8700529534889635	-1.0491383121056619	0.7525758742968867	-2.461014400053776	1.4396728643771977	4.2515758834146355	1.8120847408217071	0.8227558959346978	4.001433400185512	0.27737025280653094	-0.03569246070729407	0.6082835036149224	3.8492071891973803	-2.587176154227347	-1.8098309322886343	3.4669709254264336	-0.5633081482743031	0.20981095443706707	-2.078591950526759	1.4285378380940243	-1.0811373429529074	-2.993623754776394	0.13774479363457326	0.06687939254299224	-2.49664601446653	2.432670187517541	0.11744106454359995	-1.7038882016534092	-0.6728385876244648	-2.461290117636919	1.556131629303632	3.2770947471585323	2.2080821462403777	0.4280482250768862	-0.5687780504946353	-1.5636655004280533	1.8917145383741116	-0.3256340338172578	1.7082723988883655	-2.4560713659381053	-1.2471999299610481	1.9455802992573026	2.6465461519625855	-2.5084128515104234	0.25080129425070513	0.5858170535475039	1.3235325767828745	0.32421430555986763	-1.483225341587668	-0.16847701049452524	3.159375873511594	0.29487482592013325	-0.34105428365424373	1.8102434767725808	-0.15020614066441948	-1.540385707557946	-0.19432749737237437	1.627390935321207	-1.9112324700799066	1.4479438914379823	-1.0829705519956094	1.1797278454348217	-2.911318439192968	2.6748008227743365	-1.210664987165054	-0.5462247929999535	-0.7846181719641168	-0.227990087414477	-0.3016766950598018	0.7467883872198517	0.7757546523498374	-1.3552376955291925
DTXSID9020299	2.2802351607024955	3.674401304006975	-0.38238324359955467	-0.4669458736465215	-0.7593829080388903	1.1144748753988973	-2.109675212300454	2.795261639565712	-0.8490505843930269	-1.7797606477682903	0.3465697110279338	0.24959211338173315	-0.39315343337999875	1.3554659153974413	-1.7503910362874777	-0.07516947877341353	0.8764740610528253	0.17746895260334178	-0.8954139716993128	-0.4579471812678886	1.4387521797930751	-0.678988255290775	-0.6953304103218731	0.8302749064858611	-0.517420418538192	-0.6302305376930994	-0.6908910281543064	-1.4977186068467547	0.21693136621344883	-0.5895720802521734	0.1533318567198015	-0.01492978900433325	-0.3693724330287042	-0.8389139173303642	-0.7605652964215509	0.735223233766262	-0.4164798488576131	0.14544282181870502	-0.3340899895874599	0.24398096561409882	0.4718822593034833	0.5669551387103529	-0.7619878472956344	0.6616091904313989	-0.5387258584125815	0.6036853386134107	0.07967283980282674	-0.07016205731839023	-0.28753193802012617	0.33934735711645897	-0.33139227823474476	-0.07438053103856326	-0.09756931905308389	-0.1271633148624808	-0.5754081066405962	-0.09035450519665328	-0.14540039515611503	0.2703638227347685	-1.57190291160477	-0.19109947565611557	-0.21039378520130797	0.3373239981983005	0.6981033002619418	0.8573331119678607	-0.6190390854557064	-1.7233607363208905	-0.6472825983993608	0.26863419534667704	-0.7008036989262637	-0.6469954655593224	0.17306867530153838	0.7678287729942427	-0.04927466111064095	0.6053786221804773	-0.006027143087837858	-0.11273314108928938	0.8260471829682491	-0.8540530501739652	0.5440350375569583	-0.16919089599029977	0.03086192581383799	-0.16337709413160872	0.06934811074627796	-0.4358401125682946	-0.429953818160062	0.5119990219528197	0.38029901613048384	0.3953846400865035	0.5019137526095232	-0.14356911643539513	0.45897346230260844	-0.4684116975430404	0.0913267887030128	0.46453955262039753	0.1915680769885498	0.7575654849806249	0.1083789644690174	0.11805260125362152	-0.5981313238275142	0.479107036454161
DTXSID1044431	-4.657912391409492	-3.702107575312299	0.2680464261345509	-0.23972405076159467	-1.329364802022208	-1.1855051568280988	0.2485429501910785	0.007899469519075717	0.4255909838021691	1.2281516957928433	-0.4988948325912954	-0.27891858432824324	0.5978159196781354	0.1803276828547182	1.5776799694623787	1.4552751703405316	-0.9665897016433325	1.4490173018408954	-0.7264624631166682	-0.7820541839287932	1.2924107068843416	-1.2278458943691786	0.49950705866897416	-0.49801549483481894	-0.6048811568523201	-0.6141258411558739	-0.1971527830115687	-0.7888515182097748	0.4094332105159296	-1.7070973168950254	0.36965575586757726	-0.2934864732045712	-0.35674539397589466	-3.9636055601699276	-0.17990916304174237	1.8376602983429853	1.9403982112924159	2.2704231483357544	2.8275335889653053	-4.992394299342315	1.9152671513919743	-1.5651237900231463	-1.4242907215640608	2.1298962449245535	-1.1022340408586624	1.2317523348844595	0.6592368360011227	-0.841916377917207	-2.129132176604418	-1.3887916974073362	-1.6050100649437289	-4.002662683502315	-1.6932824161916262	1.2357959820157478	4.495400670273373	4.282546535032812	-0.2723601367311166	-0.8834424164787302	1.0048450065972723	-4.171094594922125	-3.1151397164841588	-1.2568207272590501	-1.9888438442533147	0.5988615080828267	4.2592357254688284	0.9055916197512324	-2.3210139904633675	-3.304863176426741	1.06257086326827	0.9115142694656123	-0.8495114308044933	1.5805830457376424	-0.6327893005891473	0.5293871666003349	-0.31244317869574956	-0.32679609172966456	0.4984487957508434	0.390517364587389	-0.47247353545768417	-0.9724609267528975	-0.3885616455423492	-1.301892779228705	0.411989746142153	-0.10353804074824677	-0.20009224387925023	-0.9122286162879136	0.1944512136337003	-0.06638312513064923	0.09482060555755592	0.053543691927609036	0.09154714556218348	-0.3625699508738989	0.06153568672173272	0.06504946998402664	0.07685431872721063	-0.04766966753589283	-0.31251324749959897	-0.4113129775515606	0.2548105518406651	0.05346680534571926
DTXSID6046343	3.118491805557396	-0.0018976309220401098	-2.3546604805068942	1.9307149156362369	2.2774643823213	-2.170863733184081	7.257651142702255	-1.5661574980045285	-2.6920571577262886	-2.9541025335609796	-0.1752468896958435	0.33120324992461997	0.034501346215898086	0.16447483332343468	-0.46205094779805433	-0.2220824058858764	-0.5409734296266391	0.8318829951473736	-1.1790218831881039	0.033695816310464484	-1.77421819076144	-0.4709384839533938	-1.211262183832561	-0.3717758632221722	0.3022524930348194	-0.4671560142259348	-0.1960349226943488	-0.6655315782695083	0.6718951855449565	-0.4011838579370308	0.040786019520060196	1.0823727088266353	-0.4457396054349666	0.3071599882709975	1.0016018686296702	0.26277247153773603	-0.5650411021956372	1.4781540618373223	0.1574380669764074	-0.5371121653858603	-1.7179017691669656	-0.28094095247889306	-1.187447585236281	-0.25690128486842406	-0.19859618631729795	1.0435348031259548	1.2961429971740934	-0.2798069820039953	-0.2668613501714948	-0.53225738080551	-0.41445627801855023	0.19250339880049266	-1.0110552702193354	-0.29513345942117564	0.03022829708380498	-0.29031131226450335	-1.96484265750459	1.1467907513065454	-1.5110344945495304	0.35122499692131365	0.0004565250364151927	0.5673180334280103	0.18899925635320622	0.29535633046573895	-0.07545041816720252	-1.008080495072416	-0.8108238961856632	-0.8248760632324001	-0.8678823509025114	-0.3967917855134254	0.15692713557097743	-1.1274593254322915	0.8924605316926063	-1.2850421043576805	1.396047729246064	0.013248553612721368	0.16719603480131484	1.1901645773885237	0.4217993762791098	1.0153689218685458	-0.6569636970639079	-0.2800547453591517	-0.8590066298450101	-0.9682276823018499	-0.502954986749086	-0.08731172427216115	0.8894053351090245	0.014249556171145485	1.0668839157778869	-0.21960917441734085	2.013462922510124	0.9943299275141003	-0.049230183646104556	-0.8885014525080283	0.10706058532831078	0.48283084459408915	0.35249305107658346	-0.5236225085889674	-0.5636769024233347	-0.2790053480647633
DTXSID5047617	-3.281563160797389	0.6203801763031753	1.8867876560153367	0.47580360812710426	-1.8134825782351855	-0.6210366655247003	-0.5097219509989263	-1.0682168226382527	0.6159777382072419	-0.6526364127358727	-0.7621751958642438	0.11839150642026722	0.2805259685792696	0.9670193659508776	0.6702966131189539	-0.28549250142720517	0.5385466562827653	0.5161852943534576	0.7162897767725193	-0.6026497824676998	-0.006779021786197888	-0.8445640971742205	-0.7691702772808235	0.6474061238421265	-0.001312514069420491	-1.2237855890726912	0.5711921279199361	-0.2669023331714602	-0.18117808431021654	0.8003544818583423	-0.00436037715017075	-0.05265484118376268	2.1214236433747997	0.824072870477727	0.23487875625919102	0.427811608489975	-0.024003852354283126	-0.6068055002988432	0.45344042668495044	-0.4345225923236891	-0.12343090878385637	0.2389906046681008	-0.47307934051511363	-0.12655559572015396	-1.09671834351894	0.21372175502398413	-0.2022683204932753	-0.35950866744747834	-0.2416051967525698	-0.5457062605630766	0.03371000484605569	-0.18235124971401648	-0.3318800314839573	0.1580207456012888	0.7164651693576637	-0.06190700614638129	0.20506756398138518	0.22822350607749578	0.07242390107825349	-0.24672435577409488	0.008266415433097531	0.7712994885655868	-0.13383652891027356	-1.2326747777888503	-0.2943804892277234	0.15238507044659114	0.03668477127344426	0.796231602052289	0.287472689070202	-0.04567803650196418	0.10452183889172326	-0.2487974734509478	-0.3006587646070183	0.006333909675055057	-0.2523288603014425	-0.027436340493226512	0.07390738561550851	0.021346627524965585	0.01705503163704627	-0.2291801575593502	-0.01754207048131117	0.11028110376231355	-0.29802319462357696	0.23909637267621847	0.3694556417062617	-0.08851281640152156	-0.11276255361488086	0.5760192410847438	-0.14693860966759228	0.21358465492661627	-0.12739536759504244	0.26221171609489513	0.25711851152623666	0.2959229730436229	-0.0494010469058256	-0.12193204667657556	-0.00466603186004294	-0.2340141978269549	0.14957861692875413	0.19563522861657873
DTXSID0050423	15.544678118225653	2.5234288280987913	-7.111590547348793	1.8934140477299433	-1.4417918778694283	-0.820048701055394	-11.104009417673362	-9.362951609532265	-7.772056571296783	-4.048934648307903	-10.872274428770398	-2.10415810361232	17.497557952409206	0.61691053222869	0.44216611532312855	-2.6429210706117874	-6.097312259783891	-1.2958821228831487	-2.757863737902799	1.6265433928799837	1.5461034263361717	3.698360589848755	1.0463409697448298	-3.100604335533799	2.5044918401912737	1.6044130917214237	-0.8245355453005674	2.3206278980243344	-1.7371489257586252	-1.1229194369451367	-2.959218967310607	0.5289455139753005	-0.5656132605112705	0.6925025787623111	-1.343872243914557	-3.3998370678387952	-2.455994222473412	0.4134644785983149	0.44155485627559893	-0.9202348347730214	-0.2355672688545598	0.8016689135676494	-0.0656269421036923	1.3085087115617842	0.9704212641344162	-0.3865064754076044	0.8246057277989723	-0.5908519508868512	-0.34282892633813883	0.7091698453765106	0.4722953004743163	-0.5809678772516309	1.600483129437419	0.4113920357698751	0.2099034273682033	-0.4802112917240134	1.3653164761204124	-0.4074134283919282	0.11925489324705965	-0.4417770885745863	0.17933472421360402	0.366939503366684	-0.6927893061128682	1.5615229213903588	0.9644975079396533	-1.8258482375586444	0.9600704001164979	-0.755917807386646	1.2083217153522048	0.07494912224641162	-1.2695604189575407	-1.0230129156444199	1.8339160750627357	-0.6521065398694912	-2.4989861583983797	0.18494990893326205	-0.777271849248591	-1.3478925498652516	-0.5011010983516757	0.4375446694147422	1.400696885801477	-0.4879173898928378	1.4981052519117428	-0.6259779208569093	-0.6366946306444783	0.39230079469658835	1.1941716788398662	-1.2526137797887986	-0.2870702603848387	0.020699943837155146	-1.4102095629608986	-0.022412514555732156	-0.6593168719229051	-0.19925249062915237	1.0633900274925538	1.1275321565926748	-2.2886580989845804	-0.7541571848390988	-2.5805455220668247	0.4912386377420592
DTXSID0041357	-1.6208945626397047	-1.0311215817887647	3.10057387804716	-2.100140474706701	0.6921641474863365	-2.1496248084999574	-0.3253369450200319	-0.5042684180985024	-0.2609215665190671	-1.0778034058611285	-0.18765380906451504	0.21089643041200792	-0.045830346240501044	0.5560121934671792	-1.5539242664472717	-0.5340233570229918	0.684210181181609	-0.9818891991003289	0.07297523147356572	-0.2905273072928058	0.07359811130151588	-0.13873195726353518	1.3718889463871244	0.481770238525656	-0.5609938087098493	-0.3166742514582652	0.30010077186223416	0.5007067824238015	0.11269771348105302	0.16636123454926646	0.31656041702595683	0.24827176527450512	0.5699869669804978	-0.6733867423145059	-1.1787241545680587	-0.5126096711529755	0.22766514204037325	-0.8235425456436908	-0.30607586506867684	-0.10244937369712447	0.0728417198166037	-0.2527388206028898	0.10787135932736605	0.6900648662107013	0.058536247436123796	-0.613183498224776	0.14425844399651924	-0.30351806514305385	-0.04604272133223922	0.2853789486908982	-0.022695456214390924	-0.45241916692785505	0.269230967130444	0.0048201880180040345	0.05949449551034367	0.36123730044262686	0.05445483316786019	-0.2607532150922059	0.06499139209416387	0.14439377407176204	-0.11026710486846168	0.10266760001471799	0.13453593713801798	1.1306702505276163	-0.6623564732377686	-0.4041068337997552	0.9990435555324909	-0.9980740574664233	-0.08939680209207798	-0.08113683004119276	0.020158762553470332	-0.0273704907879513	-0.16365777725489122	0.24093887616487375	0.2335961757428054	-0.4794657834100227	-0.26959459695767896	-0.2831230471096199	0.06067273513641457	-0.06480252172329665	0.3600657270333654	0.5586460079773868	-0.029250121029439004	-0.26360631553532665	-0.2237138260380909	-0.16358097735331295	0.13023266716455223	-0.34601918169455503	0.19143267073230885	0.08440007675307498	-0.1379059800350354	-0.04119479557251431	-0.22900621387912803	-0.3069473929656918	-0.16659039507916776	0.005110365240220169	-0.2900784702154818	0.21482877218634822	-0.1904222585985198	-0.1658669181380994
DTXSID7059933	0.5376436830736122	-3.3834584530853054	-4.710112353845035	-7.682080210076441	0.8969230078816577	8.62854298618124	1.89023141739513	-2.9729068398766745	7.088989506313328	-1.1384038510269914	1.417125267686075	-0.3276177489456926	1.3263940551126698	4.235717565722616	1.4557532165797291	0.8422775822174001	-1.6715034327921068	-0.1742533282387266	1.6465984908983307	0.06098446848075668	-0.6041365691404269	0.48812035259849423	0.31988370316741127	-0.5613020667718074	1.3986400725412602	2.4488567612060743	-0.1587231345187402	2.265864943752658	3.5816711028149144	0.7910297574309616	0.7298612073844654	-0.6831960251870607	2.14073471211617	1.0068610614416242	-2.653241281064879	0.9205330063637078	-1.429736127841943	2.896627048267254	0.1189335267220901	3.221670363643257	-0.10523722500795446	-0.2441827055283823	-4.3345698081402535	-0.9306577744258554	1.2518965649653762	-0.08412951603629013	-6.071847781657686	2.200348127030098	-3.4051988754628617	9.500715656895009	-1.5518150793249696	-1.2853148162195216	-1.0659541649050956	-4.226970963940524	-1.9607389382254445	3.4820864529969775	-4.515464540326686	-4.121743983567861	-1.4171843307360785	-1.1042261930122141	-3.1802203627526233	4.162979429587691	-4.529860288196756	-1.1961697266249123	-0.6499800467729082	3.7858562590208735	-0.2598315813374105	1.5982384727305696	0.2501262425598884	-0.8677309345591447	0.4421513349711546	-0.6979868791672487	1.7745960660337687	-1.960014559969283	-1.4083227338373598	-0.05146986694981547	-0.020053921837227442	-0.3647814387343181	-1.680221065564493	-1.9871556055102741	2.6622976759054797	1.0010999893022035	0.7222642999550081	-2.3467986060482167	-0.2877000916402022	1.3209005261483129	-1.7537961408929554	-0.19661274711088747	0.108739843913112	0.6167077602635898	2.0459101204159156	-0.5913991202998519	-0.7196908228025337	1.5599120158444866	-0.3468860408947011	-1.3937061909792805	0.8248129364592351	0.25595142071687	-1.5508925320089373	-0.17093086560786647
DTXSID6024622	-1.1224580247253895	0.14945959940967443	-1.6215581179268248	0.5341667710340149	0.18804929464769196	1.4582368414667515	-1.8637770545688876	-0.3638830641088495	-0.4649448695189085	-1.5443248240459435	-0.8266371443287922	-1.32566286150231	-1.336386713412886	-0.368336718233778	0.33683905656226415	-0.06345020497701997	0.7505530741717273	0.19639104478021868	0.8795105895188158	-0.21006939696602547	0.492101587269859	-0.3162768042574257	0.512307560602828	0.11744698602073887	-0.07545950722766867	-0.44655597751097276	0.1129935276403624	-0.300453574510213	-0.09869629807614574	1.1403199650286084	0.7957633987321857	-3.0275910057815816	-0.228308622238919	0.13691669633032177	-0.8234083326634618	-0.016766366684130507	-0.19084649376251722	-0.21552525645429574	0.0996358439924055	-0.1710094584252526	-0.03440313936784083	0.4032978956562714	-0.7695835201965435	-0.3240734125144969	0.6758300768911547	-0.30928486931222554	0.6362354167488825	0.344120645192803	-0.6849248965301354	-0.1388558870106326	-0.1830477746502291	-0.13952586052023042	-0.24608982509301844	-0.03080152786840625	-0.4082183831681952	-0.04883965131707053	0.012514585857538925	0.11429067846631154	-0.05468893322467319	0.17382832634746842	0.35275416862213915	-0.10574765466045438	0.47964304477049846	0.3591298595021459	0.23143805643921872	-0.13547441040539657	-0.37336112713339653	-0.6563102465333981	-0.9985863393648589	-0.9378434404958799	-0.8135747953696577	0.3861442619841204	-0.9278973542163088	-1.1970884029348323	-0.4596658261540287	-0.2671169876305481	-2.209759157377209	0.16384381248038601	0.12372466364576669	-0.5616695013040783	-0.25897317898842626	0.14643905625212653	-1.8955887749437728	-0.49160710631568116	0.11898096215102485	0.41094825342463703	-0.11525179963674259	1.1615284658581384	0.9211169305082814	0.33738518735720685	1.4149129587873845	1.0660230840262355	0.25427006140898506	0.7758241531706106	-0.44976583784731206	-0.043275721890700614	-1.7094013754601283	-0.04777764829191896	0.3199386763925945	-1.0256738074164533
DTXSID4020296	-4.859216684416801	1.0470337604611666	-1.3467535040823084	0.38344709601238997	-1.6500561676715049	1.7894021349957883	-0.6934692419063027	1.5059505836311433	-0.3793229913248551	2.8414436127380363	0.34681740906088726	-0.6033112940628209	-0.6715889078948124	0.8327079041106957	-1.1975420504687768	-1.131641597818232	-0.5329292281640572	-0.6929192363214352	0.1404304865130905	0.4265457829058347	-0.14962019297793103	0.14579694976863086	0.5535615028437293	0.026255503825716252	-0.11071934135638127	0.05859973906151752	-0.12483188859266278	-0.289821085983351	-0.06428951930875867	0.06516816377016382	0.05993058027678146	0.054553744129485555	0.7164545134946204	-0.4552272049284038	-0.21235099237719227	0.5488764527212298	-0.022433411611012897	-0.17663644221807298	-0.30163876475841206	0.490522598394275	0.2929887849812315	-0.3858982800116035	0.26816275955576496	0.2375097289301624	-0.017257481040234574	0.07179699582864493	0.23258793585842197	0.1831115222602044	-0.0814645277638523	-0.140001365112646	-0.24754592306896064	-0.07798939928690336	0.14900492997974057	-0.03468899575278974	-0.11178116415976075	-0.004237306802579495	0.010831452569768342	-0.07973103086677567	-0.49827636795905444	-0.3875436610643043	0.06160163284515104	-0.35667388133380395	0.1436572036067475	0.602408462670098	-0.07303628810163973	-0.16569767677291627	-0.05002164339079653	0.41835991845343423	-0.3456431038527927	-0.3960896845900808	0.40517752379474975	-0.09866626653458495	-0.03715650086599902	-0.6094816839972014	-0.21860436758753735	-0.07349314406450472	0.5721284239174491	-0.8368693592641769	0.5667841717829613	-0.5098709159521568	-0.22114888809921152	-0.5527359124940633	-0.158136608687929	-0.40655339513009764	-0.42210584588234806	0.294258376398831	0.6589902458807493	0.36888804399051156	-0.26955593469153255	-0.2228114029191624	0.02344461448556276	-0.6548547664150531	-0.5407825917155675	-0.18572349057092713	0.013141710416424835	-0.4632794890699839	0.23090060927031392	0.22324829973108984	-0.16641463009505564	-0.12787706708257884
DTXSID6025804	-5.362633866254001	-1.7375614411091191	3.345979102916946	-1.6297830478739357	-0.807375267390947	-1.052306726223595	0.39937011788963145	-0.9710743169573585	0.6969068205492475	0.10543234475285677	0.027158689154220886	0.09882306869039689	0.8057473422309295	-1.0135361065938306	-0.9147860032580911	-0.4829434719040802	0.4709864256147404	-0.42860787515473614	-0.09842923786280572	-0.08274323320640938	-0.12669195268668393	-0.13535731897993344	0.9628706572990551	0.20805706892053516	-0.5476515545179226	0.18618598102738704	0.6605964931144728	0.43130799298108896	0.1905096223530586	0.38208329347832043	0.4639053237683069	-0.27614221340983514	0.5028077212909671	-0.25357031284011133	-0.3553104670929603	0.14079774779136273	0.06608117005843268	-0.33166327356512215	-0.29765400122779084	0.18420946440295977	0.14601515114938265	-0.06014928654847362	-0.19728743329131304	0.1334886190948196	-0.1117247564994532	-0.18717582304121289	0.23552234344515913	-0.44423253999965856	-0.0029673000439988367	-0.20931680497921235	0.05467948244667979	-0.29443160238472743	0.07871553741240854	0.17495410307551734	-0.08352741310898722	0.16451959636495983	0.19037052749845104	0.050845252668810174	0.0861656079141042	-0.0200150934021596	0.22686619229292	-0.026143295388802248	0.03913684056479115	0.4401542093885643	-0.30949651407936907	0.535602036613851	0.1095561370573112	-0.2899706196752058	0.05934453580142126	0.18608872276649654	0.24228090974412528	-0.024613941295771748	0.020703404246025254	-0.15214071226994078	0.089208595019382	0.06861041310646984	-0.12526505832266682	0.300869431469668	0.4564870958723168	-0.7552510357445029	0.4932632964300957	0.11743532790120544	-0.18804825279270007	0.059620295890315374	0.03625305493721217	-0.31243388023931595	0.11676993348896485	-0.2473689647456568	-0.30823429315545864	0.24773465073645712	-0.24985186533939754	-0.27436263306584	-0.43898116743042137	-0.2768655758634472	0.05770748010213158	-0.08974944004041718	-0.15382808186749167	0.02854479613433416	0.09384097897020274	-0.04185999952614355
DTXSID8045149	0.34242791273763606	0.590252302537263	0.48399032162265404	3.318316392156788	-1.5224735921698682	-0.8865776676974811	1.4192017060341287	0.10359384899376368	1.446341355692876	-1.049038035822579	-0.9642302919315143	-0.06584882857879482	-0.10291023416393638	0.6995228664147407	3.251561425306097	0.9432773719885962	2.655423039947651	-0.6011973732035394	-1.1378347794739863	-1.3908886935173295	0.7677760169234374	6.52705923135184	1.8817632102109867	1.0582968349930133	-0.3044512859928233	0.24695544026102748	1.742940969147941	-0.5094403984536793	1.1774328662554956	-0.5703482080690674	1.0218746594781878	-3.5760216110425493	1.680408289721368	0.8126736009648998	-0.1991356635923956	-0.6167735599194359	0.0972065256746852	0.6708251682267508	2.429852527113215	-1.5726651091198838	-0.7025842797329788	-2.857635041236823	1.8762871863079404	-3.3473792431852765	-1.7087909434668134	-1.2064949700176435	-0.6740418160738286	-1.136002002686591	1.144148418940293	-2.162100031201837	0.8115049743495851	2.596473232900823	-0.9758077101386703	-0.14764091243452454	-2.35873269606143	-0.8992572446053065	-0.44665404607829445	-1.7650533692126857	-0.8956883790422145	0.9485125995435989	-2.6845733398425624	0.49382418108926784	-1.7806676005283062	-0.1011165986855445	0.5123907755823948	-0.2704255291856509	0.07665310717679302	-0.7780926089365032	0.3312120148529408	0.6692772933603658	-0.1941820982801909	1.5677707500258538	0.7277860950759202	-0.21569591040548802	-0.03298367906261146	0.1640107975427437	-0.8682495922770843	0.19258772692620615	0.054888220674256076	0.1370579910020469	-0.5685054083776513	-0.24830808909083316	0.21679020674040156	0.29331635078410584	-0.21837307617911098	0.11396680754725431	0.694829954142039	1.0893943580379382	0.7923247280255671	-0.8651535381902011	0.0003683118897903091	-0.46091301875696783	0.1367704877107647	0.09969117815110086	-0.3019265034155378	-0.5468888176513066	-0.5816957248517741	0.3080558298149397	0.6839895269989038	0.45036701695651304
DTXSID8057855	-2.3210418686966	0.5983398502075374	-0.2992204302806692	1.76702595388347	-1.6309762942512491	-1.3285029283934024	0.9840167276867773	1.0327829483256263	2.54071256340254	0.4322160401891697	0.6361654575093291	-0.22742379440137914	-0.7631939644426067	0.12685508493494554	3.4716318351520816	1.1901333983582785	-1.9549486040600266	0.8465376879606369	-0.4784848230141134	0.20671278063493304	-0.1499208467314607	1.6362701631775198	0.7641057421998128	-1.5776071858049254	2.384254309310858	0.6236596858017065	2.78306344836166	-0.20618021033029454	0.34286720722031566	-1.1954746353697978	0.576264311207514	-0.8094696679942954	0.781597945247905	-4.792844319765904	-1.461346097862948	-0.013658461725515299	-0.3950282149669527	-0.6034978611748294	5.673570225831585	-0.13006004462007292	0.4897104824382058	-1.7932799754996325	0.14132385822051238	0.5820878507370968	0.10519288476902315	-2.2429532893086073	-0.9901174177627573	0.7155742678529018	-0.26041346954888434	-0.07329835654133257	0.11309299519629744	-1.220260391755332	0.3380723823612483	0.8165993449529766	-1.8450549926150726	2.3289756291601216	0.7091321232460142	1.1804861166854914	0.5897198026403228	-0.12509047340391327	3.920114772845567	-0.6729245519267296	4.65143510979043	-1.311005854071038	-2.262667558446283	0.5559131015751465	0.8741742554961236	1.773677195917354	-1.5306648127162947	-0.9995121857197458	-0.41993106131005264	-1.4970430137605808	1.4287696879220768	-0.2879588548794826	-1.695796150573571	0.5571827348994408	0.46955569007689807	-0.7299541609384386	-0.06595283950725976	0.12393114768438095	0.5569325580919309	0.6501546243575945	-0.47771409430682915	0.22582388574382745	0.4171169449940731	0.024565641244988733	-0.30345080340838654	-0.6976268459915369	0.37202262265296804	0.8625698483033751	0.47006302290342206	0.2580655691900866	0.72995155516527	-0.08126304337091082	-1.0737917068019631	1.5177388521602937	0.16276066659386945	0.15268993778860943	-0.3014978596223123	-0.1848615253936199
DTXSID7049005	16.594792343585137	-4.655830301628211	6.8070052136808945	3.998357734617274	7.027080150192355	6.873239031785128	-1.0997319588009333	-2.140093292813486	-1.4450693715863163	-0.5293672063995076	0.664594108768207	-1.042140751245801	-1.2700409447136773	2.8020605380001955	-2.7896008677452153	3.381625701389395	-1.1269152431273657	1.838276180813801	-3.353676376959633	0.7254608357803238	0.10584051648319305	-0.76675335079085	-0.04673619789282756	1.0351049254872642	-1.9045906821522531	-0.08013302189897005	3.266844190042326	0.9729288877520279	-0.699689089426876	0.7020257550537438	-0.07398170136365985	0.33980783341926746	0.7203693664556977	0.3664063575568783	-4.055839973212554	-1.5797554751687337	-2.7351966484258092	0.25828087295152574	-2.408432225624793	-4.367447179335691	-0.710982242415356	-0.8852748788537094	1.4411680107084315	1.74812395460563	-0.18249210493391893	-0.8334065185590318	1.872589056129507	-3.017226053580285	-0.1593690622776083	-1.1202777254643144	-0.12774283601651762	-2.2017948439052786	1.0181889396253025	-0.7399638373015422	-0.9122589438514209	0.3914737092129336	-2.8776283041466892	-0.9242630754960922	2.3170609589357145	1.2446713146679018	3.5586700980443164	2.6050907465201623	0.04379852538600166	2.9684794540431203	0.1364226293483442	0.684712669253188	-4.2812699676481065	3.9320862267204792	-0.44822414297136554	4.281970493055424	4.775104997183837	1.9283148396880865	1.979127746381655	-0.08903929076000622	-0.885359552077774	1.0560786423932285	-1.022258011691444	-3.008752784940051	-1.3831800591005559	0.5286144378911911	-4.3898365071412115	-0.0663030205867435	-0.1435133032575082	1.1059130668944195	0.4676188189140563	0.7970494500755622	-0.3276441300450124	0.9489045428631155	-0.23972215494573462	-0.28822013536016694	0.05672870540581865	-0.19929277386089994	-0.19139335993819181	0.10761630503284776	0.0003654996344351467	-0.8916505986693892	0.40905661214690003	-0.3366244286280132	-0.017148922942278044	-0.02499880930571228
DTXSID8029600	-6.4589994629588325	-2.8301660667319117	-0.7602749145239619	1.0607748225442464	2.119511400412895	-0.6712397058996925	-1.092175945046637	0.7022379749027268	1.1191383136875361	1.5664794796443167	-1.2280360782935418	-0.9756824845738127	-0.0010201538591243754	0.22234957028978666	-0.8818703089405018	-1.3532406717595624	0.44373350403154815	-0.29225995715436603	-0.2496034949067577	0.088474979631888	-0.7154935776115571	-0.20667666287572545	0.7472988615941418	0.5539932090052133	-1.2658006499371781	-0.31934488851136184	-0.7954225235234731	-1.1812750530750105	-0.7343982961760636	-0.32779327267708863	0.19915213543455362	0.13996494465743314	-1.8091229382101612	2.6490971599641555	0.4206257662836529	-1.5766308238678919	-1.6464715928301539	-0.958199816727173	1.447989509519671	-0.5910532063702247	1.4831953023914952	-1.2393752853002438	-1.911997340852617	0.7800515524650133	-1.2375557165170794	-0.2503979639328575	-1.009235118079021	0.7636505643064228	0.419862971978139	1.2912571928219305	0.6623909975928296	0.796864287181407	0.2654993332473898	0.7328379294086419	0.6634623903216498	0.5194371401308499	0.23098632001409516	1.0611612815953593	1.2387184622864722	-0.48057702582799416	0.04157900743069206	2.0648223228325326	1.2193041871101118	0.11232187021574946	-1.3608315986903818	0.8008820601225878	-1.1133796556330813	-0.8273469991988582	-0.8931313957179104	0.627676589631397	-0.6494333182753395	1.6850378468460596	-0.48787240173398827	-0.0004202296575214057	0.07359134823113339	0.558691638791299	0.5935157348628396	0.10980391398124746	0.030258815805504304	0.24809346618992778	0.00669617641309215	-0.4232458102407304	-0.34413614587475977	-0.9905706080995144	0.6325770181334164	-0.45582953650480823	0.761244471068021	-0.20447821988501605	-0.7383211480906986	0.42522786249190475	-0.2694749314410892	-0.2705908481900665	-0.45095697946448116	-0.014218345463963764	-0.2711296539079237	-0.413132144291785	-0.1543717768584596	-0.1226978123732506	-0.2932981415597469	-0.003970684515832966
DTXSID7023271	-1.9304578614318961	-3.6531317459421073	0.20526717466303507	-2.065447498180086	-0.4902792656645155	-1.975201435451068	-0.5185237644561886	0.6696781082839272	-0.10570263818351774	-1.094351092465372	-0.7537823528385916	0.0578187827986092	-1.991011621377998	1.4927958631278058	3.348695281571265	1.0162226244019448	-2.6291569933527676	-0.7531985918401194	0.12543158979449276	0.6553436673592612	0.7833451919055263	-0.732206437949766	0.6705272028784959	0.7068109603629461	-2.4589959365808207	-0.541849452947751	-0.14315501407127318	1.0370864123147059	-1.3447419790059605	-1.4988019843167686	-1.2157209044902122	0.922961636260087	1.6199362792133893	1.6984924159470394	0.1361372340854047	-1.8448390267057493	-1.609724214877514	0.18469178608671993	-1.3119970759345878	0.9976315309585088	-0.5403983622870993	0.3720796898433117	1.2306706513844754	-1.4006496745121382	0.16519567072699548	0.01330571871082352	-0.5336786784022738	0.0533103132305965	0.2686664747315603	-0.14845117600373137	-0.16319887064087238	-0.47033248295102487	0.780075603089668	-0.5276664767795627	-0.981485466960592	1.4349861748624386	0.4069716565422511	1.0452662536069846	-0.5930291965529292	-0.4313046661035597	0.20007648760875218	-1.9217239931794363	0.9074550841115684	-0.8415608676036266	0.9041130881264535	0.1371164691290396	-1.2579210711166284	-1.4657182793260235	0.056119860588949494	0.45701272120078124	0.10638292366776397	-0.06016768924651439	-0.030341511598441378	0.9635716083925365	-0.718252342678771	-0.5389318641889773	-0.36633597605567225	-0.5776810662132288	-1.5010410442993203	-0.44431717472530885	-0.9741391051251311	0.10773710062048496	0.5907536086448149	-0.8575986586814988	-0.3325028445087352	-1.5759615060069057	1.2345393767729798	-0.5565715060160793	0.28081076193272647	-0.23212571762340745	1.232373434422853	0.16177335783793126	-0.5783514004023066	-0.1910781989606417	-0.5428538973794366	-0.25343471862861483	0.49695160586976295	0.016521335668733622	0.12986235772639088	0.24399878474212994
DTXSID0047749	-5.208680488664879	-2.6327223817903933	3.6872291009428317	-0.3617534672857758	-0.8512448204869205	0.5577188802292908	0.07864355437118811	-1.0448808368626539	1.0032080879708163	0.5807485476649673	-0.005461057103340618	-0.2841257140211337	0.34113089122070694	-1.4150110784247643	-0.3806847080308983	-0.3127282694386084	-0.02902195092334009	-0.21479918858816524	0.31678418157357635	0.5100736859924506	0.07708242731058323	0.37287143368586656	-1.032071756306726	-0.27097081174469084	-0.13799529286609705	-0.23935400621624442	0.09082598888400532	0.4360518424529914	0.30625057035923153	0.10311575477578501	0.4996543229170203	-0.256225723897183	-0.09328766427489975	-0.3443131873695424	0.12344174166485639	0.1160581374994944	-0.44663059592667936	-0.13030109990008543	0.14748852971569937	0.42018274456224075	-0.1540005380128875	0.0691822519528481	-0.24175928159074633	-0.03369420834088838	0.02050017451748276	0.14379520792544587	0.09642723248221426	-0.24087501972660244	0.15199634821598162	-0.12374490757415817	0.041199321245083236	-0.11710587843988865	-0.16207223135375534	0.06369377064574736	-0.07139265652395871	-0.11948183676263478	-0.20702784526959092	0.06806965016679915	0.019346681358277266	7.282997673138051e-05	-0.06260436517259632	-0.2153611632827027	0.1544794278989023	-0.08351119981995327	0.049653071227457074	0.3167980682507064	-0.2653858881034719	-0.19938713385499618	-0.17303883390990185	-0.29234194607395136	0.5238744207384726	-0.02973851997159327	0.1738478632291665	0.13062202156158084	-0.42246179868112	-0.09614380713589547	0.272017353230619	-0.0691505004312015	0.23424400880053597	-0.19674669539499184	0.3686526146731159	-0.2234650606868442	0.2885726209338424	-0.11714065524302647	0.22787115171108946	0.12724703852988248	-0.2650854581798878	-0.3603862592154371	-0.0781014592168306	-0.12837858053348525	-0.3462631945464607	-0.2801569751487159	-0.03856000763055097	0.22599012451056208	-0.04944572273722396	0.06348224435973027	0.022825048299837676	0.07183152866126284	-0.34063894504141207	-0.01261461282381028
DTXSID4046785	2.23348325384901	1.2445779875278093	1.6544628423496974	1.7764897217707833	0.8129451793441252	-0.7302404698227225	0.49097351919372484	2.0339224192257497	0.7150318347163428	1.6285037345141002	-0.510554272258133	-0.84245245094372	-0.751594153131707	1.3226398333872753	2.0377253026998714	0.028714504385604588	-0.7503482509744638	0.65505145230113	-0.6712643800872606	-1.1458669821135996	-0.9447386381354536	-0.24333500005869946	0.6825240366010022	0.3580590708374097	-0.7897393282626191	1.4107382418458443	0.05007119316266653	-0.1730517940831133	-0.5487260503748451	-1.6615972087329323	-1.970405718407757	-0.07088895931925496	-0.3149043216444062	0.7114931666610917	0.658547357474485	-0.8736946569704023	-1.207528025398808	0.10112755554901125	-0.6220065270275242	1.833284530135429	0.8651657397994097	0.6747005546299287	0.5688129225205765	-0.5028812289321348	-0.23781187088048922	0.18737706241755336	-0.7372380279405453	-0.18503968069911136	0.4706177248468683	-0.22743294664661437	0.06562971850871996	-0.30207536285989944	0.5885771501107452	0.08574942793123293	-0.34382436243742537	0.432927905968952	0.2584659702386319	1.6616761457223492	-0.3462871340783851	-0.7009582489488435	0.12178232633855784	-0.43866874024249053	-0.6699011055062565	0.05615057298461782	0.6690174139607388	0.40322735320330366	-0.47792777709068524	-0.9187974437074784	0.2574370105929126	-0.48158149848074827	1.6600919130932594	0.41260374119660564	-1.280654426245046	-0.588859661610692	0.4533667095987218	-0.06984697572694121	0.545098736194301	0.4779636017748312	0.4983359200734082	-0.35280880447903157	0.8711809070318527	-0.4485502543090245	0.5067591603051039	1.2576435896462423	-0.5582561666755935	0.7004310771227287	-0.08402047249700771	0.6452285503526564	-0.6128970938655981	0.023541714573961117	0.8083551914933307	0.3318838029697521	0.6579119603054309	0.40984998975889253	1.3278590214385835	0.357860909841593	-0.2659442204745309	0.269216885436251	-0.38466603346519107	-0.060809487100568535
DTXSID0020369	-1.9161587320845581	-1.5011648187535624	-4.41532367114937	3.115697206223532	4.11064097433499	-2.7037190116082686	6.218378804069994	0.25343587282353175	-0.9068905776414712	-0.3277616940024413	-0.3017973637863051	-0.70777151349372	1.2595282532315701	-0.4568754527880254	-1.888174390411002	0.26847289864410634	-1.7634611115048882	0.24820805765743678	1.6560901327686726	-1.2158875555321524	0.3963666184653002	0.8496596296799455	0.20356843545831005	1.127413708728583	-2.9110469618450328	0.8119265735206711	-0.38018397625116784	-1.247258360387344	-1.4448288606822262	-0.05769944613092742	-0.6129230726548858	1.254488000212485	-1.8284909878004738	2.7919499253579425	0.35271502697783397	-1.301956339550848	-2.964123182471651	-1.8647129391064516	1.5271387987555984	-0.7209661023610429	1.3449823647948111	-2.1659693839026053	-1.8714485860717442	0.4334798052529577	-1.0911150514536918	-1.080885802886012	-0.23594347527108905	1.3527581566264717	-0.29350917275197597	0.8851465633736363	0.052073332545822484	0.7265648552080324	-0.3951224194900696	0.49291823232465254	0.8685523844985326	0.25962188146892756	-0.31127318222913697	1.7123161489826213	0.6247649641375919	-0.44715979682011775	0.0690797929577419	1.711900126252044	0.5952297347479589	0.6496682646019968	-0.9320944805403446	1.307506006371372	-1.019450816925882	-0.9110217753595231	-1.440495901382654	-0.5089195327944697	-1.2279062556048808	1.1455188131897216	-0.004219834921222575	-1.1686604916798629	-0.13976767530882223	1.0893023882244774	0.6423444091584576	0.7177056500016631	0.09607088406889965	0.7715690276848679	-0.3285377066991547	-0.3729599296509305	0.012066242118985345	-0.7808294146283069	-0.039770753069554986	-0.018609432818470818	1.4695147266191222	-0.5996753723027269	-1.3957566193434512	-0.8866603675269293	-0.5840540565324428	-0.7065721026083283	0.444724827877776	-0.17818033875643546	-0.1852763046023202	-0.2912349930525298	-0.3651748310816355	0.045417797061861206	-0.0472224217585058	-0.5590725212260504
DTXSID5041803	-7.297484428110665	-3.8114050854287793	-1.3325591575129012	-2.5906094643419775	-0.9386499191866036	0.9147586743570338	-2.2453736243477556	-0.915411371950813	-0.7049365353051529	0.5759769495462496	-1.026462130461726	-1.913823060146581	-2.5567280273969164	-2.4099864200917165	0.35068001072539845	1.2804496890401496	-1.3415258864355184	-1.0774173735640868	0.6031425795338563	0.4681195959481246	-0.5567717980862629	0.01659860710628829	-0.7039536677149151	0.03237423927102699	0.38086413538827785	-1.044891520633887	0.04217423628221392	-0.45128189729650825	0.2561339956715444	0.46768848574245314	0.42450431432444735	-0.24665433364811257	0.7305861144278483	-0.1948770887540326	0.9044448934144599	0.04952272559487752	-0.36908733082485096	-0.22861909480219128	0.12751512213004748	0.6282184411450872	-0.3156692320865374	-0.35803887774326587	0.2994300570986231	0.40540076319431045	-0.009622801117378782	0.17578674370138495	-0.23716832005774016	-0.04205134844715261	0.31039769642697035	0.5611167689412934	0.09299808582133899	-0.19376394926853835	0.40461222988409273	0.058714614042000755	0.1947851636347967	0.3007869865771372	-0.09616267054217449	0.0685831244898828	0.2180857244588029	0.3566126344758808	-0.44030041674375237	-0.02279754003044419	0.3145274658762132	0.4920177123785696	0.256252736653278	-0.4185804612978261	-0.3749914241217819	-0.08357435357658088	-0.2582229682756847	0.08286395063902402	0.44888072436601684	-0.06706265291315147	0.25842465415309	0.005241296931283104	0.05614400306506406	-0.08519453897949691	0.670840928889721	-0.36354797444396947	-0.5919433347816903	-0.0033292944162926245	0.6017151665274111	-1.095725034811182	-0.352125878508149	-0.32666674919811184	-0.31415451911187736	0.05473326911713627	-0.2230542330917571	-0.7330844389068047	0.036761341529011914	-0.025598058636304405	-0.3253855865472833	-0.16085097184658873	-0.6426965301014272	-1.039788506580939	-0.6320689585550328	-0.5444229978203765	0.7517369984573745	0.0913343290203722	-0.38664726232845775	0.03733775222927617
DTXSID6045581	14.00888139379367	-1.6809245345499655	-7.338806435586161	2.9234315884573525	13.267745343714536	-4.583999028224584	-1.0801553917071014	11.004472197649655	5.637438280565746	-1.6398019837896485	-3.4348074499554477	-5.447773579258273	3.9720023502533603	-5.6971861814152644	4.272483930049375	-2.4770559039310656	2.158232796881339	-1.7751236609662882	0.5936346082788755	-0.1584707687200871	-4.339899580937748	-0.6080575478301058	2.6157896238651634	-2.2419787991824793	-0.9873534845402253	6.203724844208983	-0.4899806844158908	1.027416390076235	-6.1184550316319655	6.066213354360053	0.9057659862715314	-4.544259052480402	0.08731326238295593	1.413601176775584	-3.068407800089527	0.23853129107554918	-1.3308967266762177	-15.588247488330715	1.9926220313294019	0.14267169476523522	-0.45185223478577136	-0.2142101699154736	2.859426664966539	2.0262967452735876	-11.816828095716057	31.38311759034344	8.303118076889216	-7.092480840350084	4.396628346270249	11.542419424011019	-33.25372859120867	6.323428475380714	-16.890804906615777	-5.957722105432002	-15.44540066468608	10.705746096083862	2.8840568478255015	8.247496966990507	22.011939423013658	2.995818421055407	0.2776530863373207	-9.135105380705383	-3.914526829256713	-1.1812964371161825	2.3564261157559523	-8.532646346805407	8.389951396525221	2.9656824433942295	2.2419361242582974	-1.0237780736029274	1.0452132218795247	1.4212254538288447	6.1625032685100445	1.2264433802775876	3.5173024062329974	1.557948710867016	-1.5381348720213295	-1.6394326637110417	-1.0165148650218274	-2.9031176844208484	1.2353223506774942	-0.27608850615906316	-0.04147608597287474	-0.4965404443946	1.1030120327463604	0.9707916962809191	-0.9533837330703118	1.7584134593191563	1.0471501484869543	-0.2912052830663747	-1.8784288580583255	-0.5592204915031435	0.9102537190224794	-1.6929933441727116	-0.4218408331007828	-0.3219740807937568	0.25331044830757893	-0.5604063254074915	-1.0166180687452817	1.3764615266898044
DTXSID5025447	-4.464357109897731	1.3275196845476938	1.223790870494427	-0.6441096260791374	-1.7464041619617143	1.108336621031717	-0.1925183141273987	0.1695997418642347	1.018151032216085	-0.3165993973889554	0.6454349285278285	-0.37722106840421155	-0.24045648122278246	-1.508143168573583	-0.21080167667748023	-0.009339595235620462	0.17277129086781376	-0.2257893493518145	-0.5814283489791371	-0.49790265175472925	0.02780761502513169	-0.30366030566703184	0.7370275359953095	-0.0719182717602621	-0.06378167042110121	-0.5027246796640382	0.30150208049747595	0.22558747057302977	-0.38294167887496916	0.2211214698209274	-0.1826672287664411	0.6355001132703865	1.0377018485358869	0.04468427298177722	0.12003660065514726	-0.34322085217908455	-0.5376124510138095	-0.07152932808692918	0.43277708485266503	-0.19745033547213608	-0.07600855466948248	0.42795211381113063	-0.263204765553054	0.2828874344545868	-0.7455676990532228	0.1323469419431901	0.33916045423479685	-0.13303541622556772	-0.07556318176825187	0.14602737432959637	0.09412400175693937	0.12011829532009272	0.19747895278443334	0.044589747867985245	0.24863845722629227	0.09431968077609076	0.28712413097822514	0.07611204198089819	-0.6134403750626348	-0.33955517666226015	0.20110091741149932	0.26673223338970986	-0.16529617167478428	-0.1829154647722546	0.16983012403980516	-0.17435222630375444	0.30159553020144303	0.7754612912538644	-0.20510714468164432	0.030237481261836667	-0.5532559790246293	0.5176921179733613	-0.44886267745022135	-0.08053353954911234	-0.8488577201541583	0.17281273843919326	-0.3617121910401722	0.45975841714225146	-0.4755908702196487	0.5840670829715113	0.16426004444298475	-0.5134802215255809	-0.19768926821122812	-0.0960301861064658	0.11578137996432078	0.10708488030972797	-0.5612407774998551	0.3944706002487886	0.6677528315187102	-0.019539165925426417	-0.18559366482724812	0.40245863430047957	0.529910524923283	-0.31225074775131445	0.25853532427435255	-0.1440069344814034	0.39871733921403507	0.5627217244506385	-0.329402501209142	-0.2730540107493773
DTXSID2050403	-5.190627617851688	0.5028938609735288	1.9724155199487667	0.5342338583589991	-1.1952423034844852	-0.030195418253907435	-0.1877855098815332	-1.5542799184209437	1.4278112273201866	-0.15813964521759394	0.2639533163103441	-0.3868243248421984	-0.1706562677672317	-0.9888418163411516	0.2074667109166325	-0.18476072228508914	0.701645334424832	0.16114950782103965	-0.3537293639301406	-0.5676369646703671	-0.1928013546127428	-0.5186305186090009	0.46996096637315	-0.0917787420980359	0.534612162655021	-0.842532502716081	-0.26598980165903174	-0.5046649761430981	-0.29927710276555486	0.14052985294980017	-0.6717097214862583	0.8508865439337026	1.1900778935637966	0.3445778803997856	0.5238850034097475	0.3159972166639359	-0.33708465857786685	0.3405743565623934	0.3211383011774288	-0.11505115331798847	-0.24692568829234957	-0.04952424212546475	-0.2912621345288116	-0.0535807105037128	-0.7191869089614747	0.3764135660860923	0.37166088194457125	-0.13420205601828034	-0.11008380991704277	0.08941490189467273	0.010807738243272464	0.012254884962152992	0.13267001167628217	-0.1777207558169203	0.22780715699375606	0.3185299474866621	-0.16935523015130363	-0.0878527987140834	-0.3795187661218562	-0.41351292416757796	0.45592744766710463	0.43202086849472077	0.18930485198435096	-0.12606537666291662	0.11473912112543162	-0.31724312678986183	0.2039921676802615	1.104251314320301	-0.06341402579991649	0.006901922698185233	-0.04517415890051216	0.5233591961915748	-0.7038596738205911	0.2006713617565531	-0.343851953259	-0.10929468745324579	-0.10412120512206849	0.07510985053780206	0.09339213810220617	0.2839802484198748	0.19228223104406297	0.5021051554519105	-0.03487550937618899	0.1425107192854972	0.07313755598391514	-0.4401318614216909	-0.13551796919369682	0.5516552081070252	0.7812099877988301	0.17202558462863637	-0.2455742249787316	0.1714327932954148	-0.054580961900766285	-0.21320307539432323	-0.21000622775494615	-0.2797023970644351	0.006123614590159525	-0.15483727285277557	-0.19409041612705139	0.060824048354747605
DTXSID1042360	1.6209710182138855	2.8594337378087866	-4.28234394837424	2.71901507522283	6.5901444711724	-2.124412385488102	1.2275212975361038	1.0457564909876402	2.027083480235762	0.7792922356837774	-0.3387550210751409	5.684027853470043	0.849878615421969	-2.258281761132642	0.8691383682383703	-0.5142581508523069	-1.5566400306190609	0.6490313230369193	-0.0018821253446650332	-0.7412564440601395	-1.807953039259497	-1.0355733949063535	0.30713944782208613	0.6368919773389595	0.35562487285529243	-2.071384411132964	0.5653862567840863	0.4392909144939609	1.4677388675280627	-0.15220193483773523	1.0722154637395396	-1.3312159584474088	-0.4816714073929371	-0.1553365151269376	-1.052032514060378	-0.45919471883299995	-0.9916739348921146	0.3558312292298095	-1.268799844092702	-0.7585116960722978	0.8539211892230161	-0.7775470573606341	0.546886564980679	1.1343610161321496	-0.8631040182691555	0.4926643953264404	1.0964328587111902	0.9972108298706327	0.8310661230419757	1.0651955106604851	-0.04787824565668382	0.5855427877528073	0.2227523125117231	0.11922310083656107	0.9458988176089206	-1.5389744051448182	-0.07806133947447325	-0.8705220536279877	-0.028449619189268867	-0.8445030125826877	-0.898683822558799	-2.7869492615461695	-0.2823853054227611	0.044090414184111644	-0.956697273036745	-1.0716648857032671	0.41267015116510003	0.2884916206438423	0.32621339277132644	0.3542590623117644	-0.39606494343411475	-1.1429312417357962	0.45392787273023477	0.7434627871084349	0.04165781805118222	1.1576618798195044	-0.2203654391171859	-0.8825226519717624	-0.5856180358703796	-2.353518383470927	0.7550152311886	-0.29338602385281065	0.7088575866522424	1.6667621966499577	0.014930203406809403	1.1180431051100512	-0.5051591222607111	-0.2073920265632709	1.4961916195349345	0.9381107232049362	0.6977337528912979	-0.11083704610738873	0.8277137194133566	-0.6419950713253384	-0.3471343740086718	0.22686983090426618	0.6400101253327476	0.2187090115877617	-0.279204745438668	0.20015854076417958
DTXSID3048998	-1.5446151495860825	2.8293259656172394	-1.5536367158456186	1.7918195277720774	-2.22140238808295	2.480114136154803	0.613945236001724	-0.6854927717192458	-3.0122382150253393	-1.9817015954234862	-3.2127236050051984	-0.3050907935235533	4.57034214560657	-0.3782468070881229	0.05168977203544231	-1.3889272283591645	-1.7980301731636816	-0.4375270156358248	-1.3079229485588755	0.6900901043731762	-0.5230107573802645	-0.12257341237607454	0.5980772931918302	-0.3395865080088469	1.1988340670863968	-1.0727441401196374	-0.8425479022821324	-0.34588575401410837	0.4120190431976638	-1.0654529656944511	0.4456940195493796	-0.0786883585080857	-0.5929911564381881	0.028902372746525785	0.019552453287657978	-0.6275471595491572	-0.6889535969634414	1.3493553981986608	-0.40757301243057564	0.0913229651639371	-0.586538025642368	-0.11130201973649202	0.5011074110967547	0.4565145476687251	-0.2966000146322578	0.15973960420278543	0.03638413404156052	-0.46982025824792134	0.6127428399291783	0.584676905613855	0.3981645317974283	-0.15153397672908683	0.12258025110323814	-0.32172580215473223	-0.20117001475335183	-0.5296796716608589	0.5866977085344393	-0.7494031401978579	0.5687571293326552	-0.5876796130847108	0.39059899344491106	-0.2134776690696931	0.16602531705236326	-0.6035259598636171	0.1995133686878105	-0.250188866064814	0.4634988201685217	-0.12844868288975994	1.541901293387704	0.9906265497199994	-0.05853040574785631	0.04618542943964435	-0.09324191447015008	0.40718455103946133	0.34754191007156254	0.1879205878039806	0.5015588109346939	0.23023170265644283	-0.44531369626928335	0.04858649666335668	0.28392988855247286	0.7463440315053833	-0.5031512874185612	0.3461867608220537	-0.2340972772541951	-0.04650299626108947	-0.17295076018443287	-0.6532603461391702	-0.04622528854253001	-0.007414977913752679	0.1846642804413238	0.6838334447209948	-0.5158011013785397	0.589421747059275	0.30271230034105	0.6478418407042266	0.022023276151461872	-0.011924290778633474	0.1753476386507825	-0.15106981928865382
DTXSID5047249	13.721431401539894	5.578629442708329	-5.174035903451247	-3.1958863350229065	2.2563014979390195	2.3009684642847943	-1.6787074280836576	-3.513052338378278	-0.6495283968022636	-1.9395142052232976	-0.2491365597345966	-2.5823535593778755	-2.7224442341714354	-0.2446353590481361	3.39167269950991	-1.9277370243724723	2.3034509754404664	-0.39423086324457596	1.7286051298003258	0.0010368822557285994	1.72371664793967	-0.7978237620318075	0.15291219705536577	1.261329027554499	0.09265789983535791	0.23356270400187631	2.8191765458748876	-0.5366866543765352	0.010110778325597352	1.7062247085592976	0.5075958733714513	-1.6385569962815683	1.2034149122630555	-0.5536859862410077	1.5353669300455854	-0.39058683696515567	0.5877494030952277	-0.009093709760628961	1.2466075110361836	0.507525973702037	-0.3109920055165661	0.8038870469168391	-0.313552684047974	0.17195210654917167	-0.048373632994592256	0.17249803980943856	-0.17798882053997903	-0.21480484276670925	-0.20683413402371106	0.43936855148904785	0.3874885278727002	-0.2589621505132698	0.8708720128128175	0.3569901840329338	-0.23750274286055495	0.4009487072141402	0.4385435111223318	-1.2578372975688823	0.5958391586166575	0.651523831442014	-1.2423640929340425	-0.401537629811177	0.8248167031901549	-0.7449514967421226	0.7065375873704866	-1.1749627145825838	-0.6453213857505656	0.49197586539432586	-0.40131016964924887	1.512763198921196	0.4010221570524284	-0.20545939710848485	-1.423435935189398	-1.3097908661013034	1.6470746318235325	0.3163877003467062	0.7741651042922137	3.012263666025972	0.017803122474149384	0.035411065209611584	1.125684184512723	0.46863203907601503	-0.8635044987061071	0.2732556029849082	0.2803307710706148	-0.2923704077754069	1.1041871598017594	-0.49685275819049174	-0.1798617371805246	-0.8202011926709137	-1.2446784692556634	1.3262351998084823	-0.850293602462235	-1.2311627099998463	-2.059586035218389	0.05346404324297339	-1.4346306766151051	-1.2677880204426233	-0.012036086761032244	0.781766150152868
DTXSID9027520	7.960050015448147	-0.8015585314359923	-6.01987874083715	-3.386338445392016	-0.6272213372783707	-6.1531447266605985	3.7845589134427766	2.911455333589432	-2.578173516995415	-1.6630835533171524	-1.8788317617990937	2.709386087112372	-2.9199557495877935	9.575501884615433	2.274129604790549	1.6596846384751685	-4.831495407349511	0.748218343175766	0.5977466158511213	0.6242535362085948	-2.2890895177075126	0.2105811444050609	-7.6012634864528374	-0.6253069807508449	0.9648044327593157	-2.179373619630797	4.367378968235416	1.022698413884703	-0.02774972762886598	3.1359592222735735	2.179052595994935	-0.3069514136096437	4.776255153230248	1.2413817286442326	0.5039946822720841	1.8231513804952029	-1.880700085137262	-5.688309394392892	2.1349992076894844	1.3118330918802117	-1.3362600827286353	3.1358236160005286	-1.6896953157972372	3.8594963772451427	-1.8711578535778557	-0.7183157294766163	-0.24576207060920285	-2.2298788330324	-0.7890398021899327	-2.6239165903457233	0.60840521107598	-0.42008807266700937	-1.5241487614385805	1.4110202307811501	2.168987437432845	-4.289441863734599	-1.1261442353395732	2.1888871354313992	1.065796839862379	-1.2944949405677366	-0.42171058658937505	3.0621631275167855	-2.524966917012138	-2.8804186105902234	-1.3277040379531864	0.43431712553498486	-0.4917376060558183	-0.41176347221482407	4.032227643372271	-1.7121351867295713	-2.7810712658111694	0.7593827078615525	1.9089120178041625	0.29058714910903816	1.3324646838859358	-1.5924984210153286	1.4262261435781978	-4.587941242255007	1.4107627874116735	0.20680866057672628	0.7249453695232911	-0.45172182906779496	1.566689622247517	-2.9115323780565463	1.282499975288222	-1.1527515855295793	-0.8740594519602771	2.1324177861910165	-1.2661342682701606	2.861731603444045	-1.319315329833936	-0.7455512731891341	1.1570968001910829	1.3992614448887126	0.3729860866728096	-1.3127931183547712	4.772825380927299	1.4210864481806185	1.6399580367029425	0.9969233931339275
DTXSID2026527	-1.9201641677640413	0.034468659420231675	-2.431408356428459	-0.09447947765036621	-0.028973291599724588	1.564896385766408	0.05363291057072326	-0.2764056281119998	-0.15516075585374714	3.1268354238687035	-0.45267952631153263	0.3751748192094467	-0.5056584712094826	0.8837809791743932	-1.1319090166486845	-1.980364515484744	0.9390357458222534	0.18996364062243243	0.14885080740243262	-0.5809308132962941	1.054888060654454	-0.5032983842569265	0.962631344473996	0.14359605255547292	0.5372922466779234	-0.13905481362449623	-0.8053788610119771	-0.8980838617082831	-0.5348562581389613	0.20865660079535675	1.136010762390516	0.6285843668801927	0.8329683194555536	-0.16779053713933823	0.5084146009859377	-0.15024606440038765	-0.03059723536075702	0.5778108307635527	0.017653826372669098	0.4077536512720507	-0.42606390807193273	0.12899081628087694	0.22446931766195646	-0.3083574286402371	-0.09466111100260843	-0.12181433294336123	0.17277330364149238	-0.39245901297970237	-0.35541873551216513	-0.24898711475302224	-0.13216214120940742	-0.17233607363516282	-0.04465270784454856	-0.28629096102697565	-0.4220444816102705	0.2785979609877235	0.012563823733019739	-0.43097313347525124	-0.3903631532820864	-0.2578013183254885	0.8177036083431158	0.1016943889135729	0.04326624643495156	0.0894857434872026	0.6008774882712	-0.1333127903530191	-0.03119460439681029	0.36555499183785717	-0.08862966221607556	-0.3916159614126391	0.25533135349869257	0.050995373367862244	-0.5726016304982339	-0.24765493912735875	0.27954974270273303	-0.7893331186238186	0.08915108091393664	1.0513388365981948	0.3096655028178209	0.595132603594949	-0.7340872640562296	0.4670052454681762	0.32948615641136364	-0.01940107322249804	0.5089092134958568	-0.5796248114155809	-0.32709478630366146	0.023450914155784274	0.16811795262518764	1.2290958492916655	-0.011582120432910395	-0.46626005962232014	0.3601587628600861	-0.55568692049219	-0.27166633248039285	0.2708222637166457	0.2090052134392678	0.5151654578388949	-0.3281785222151818	-0.19400300596106584
DTXSID0034695	7.041283190458889	-1.1402390704913394	-4.400719192936057	-7.122565827359155	-3.5714295215831955	-1.5602481527345382	1.7115553440760802	8.482481862666907	-5.729053518834025	3.6902865905511746	-2.568591838406506	-1.8529510449991402	-1.7639615577007395	-2.5013941771658317	2.5120395409793734	5.288595433382259	-4.399395330704838	-1.2258382310885148	-1.9218543233078484	-5.58708851681548	0.12276224062031453	3.713754718218354	1.4534666064624977	0.27871739685793206	3.0686897529384174	-8.869370678972327	1.5308960265078437	5.549816849990878	-2.632372939173205	12.992338669846788	-1.5521734716232367	6.9075382384008694	-5.139009967222946	-1.5354058052683637	1.2476183671577346	-3.731351774267256	2.7314281128422904	3.144514452910811	0.0782094515083098	0.49359678492916176	4.230535335522678	0.2697800281092346	-0.432587204527681	-0.6808389634653279	-0.21036973046124957	0.1652913599757329	-0.8030436286176399	1.5277158982418895	0.6932763213985784	1.11350548107983	-0.16676632648926465	-0.3995899638580531	0.6084136035668818	-0.6841916339353807	-0.0030458183655128136	-1.5400668777965352	-1.2749195965766582	0.587199609120789	0.328155624044328	-0.6138755432382732	-0.12726461890673282	2.5092063916565586	-2.29607235378634	-0.9106152429156021	2.703354432816027	-6.5532834714030175	0.002900865962250272	-0.9373399600031559	-9.577507300406188	2.170593559193154	-3.9181038118515326	3.1707850774817077	7.720210392993109	3.387863219955519	-2.8310325450070737	-6.053805753833547	3.506435743383941	3.6611838270016683	-1.6843917464815947	-2.1473956679153146	2.194685411577484	1.2921596391583177	-1.0814323544822588	8.754935986154077	1.667395410854328	-0.3327090086775047	0.22708692899425606	5.07662189094292	-2.3321558997634804	2.375442909367931	2.844281611958329	1.5221491555485118	-0.6071178425914752	-1.5969814777618336	0.0642326512679358	1.1900130473683315	0.694164060257958	1.7620072414794572	-1.6030541589944938	-0.6114920701780634
DTXSID0021886	-4.300166404632966	-2.366291044898884	2.487597493220059	-0.7898726802280646	-1.3601120295199698	-0.44767389629133614	-0.15916302216909256	-0.7183981029568041	0.6813984794085288	2.6693355436926893	-0.22960352442038987	-0.8191074823043735	0.14586140680638637	-0.2019501227353463	-0.10030260396500465	-0.07647783843991358	-0.3553659924036603	0.4735646200546221	0.15424516119264997	-0.22339286975442627	-0.10963110254248427	0.09354704893756322	-0.7523750434189482	-1.036975607329665	0.7253087203138439	-0.886343739087686	-1.055404196007071	-1.0470016695976365	0.016273125457192533	-0.20686721320351759	-0.20589782384149258	0.36169265282262897	0.520187328094732	0.6606941898942634	-0.3739698095469505	0.16295369308860222	0.1266652180936231	-0.15199178099126598	-0.36399568434688523	-0.2727922416078982	0.33332549312049325	-0.5894468117345966	-0.4159558321795584	-0.8376141765561165	-0.47481189862739287	0.33435545534102573	-0.8063387640883826	0.1635038198893382	0.25193112477895835	-0.07873274635304374	-0.13109861522010982	-0.3506523347666174	-0.22254695394684657	0.0728279425571033	0.17483695492880325	0.4927838769818257	0.22163498834507964	0.3660261347998136	0.05033242607098268	0.18650209265497267	-0.49353489142500795	0.40737987986775775	0.647899785456598	-0.15667000793178196	-0.4066395915162324	-0.04665814408116732	-0.48853360945676094	0.07289297622271808	-0.22024030674179773	0.4949182833972518	0.5384982484292619	0.016085988964742583	0.614841027430627	-0.18739649003114572	-0.17182589870424114	0.20511208255371413	0.4123499917092051	-0.050531644238438506	0.4385363674261466	-0.5824371382214686	-0.045297637617795816	-1.1647665309974864	0.18203787312318184	0.11163560445060212	-0.30393028852866555	-0.021862192423328267	-0.7582746884731186	-0.5436832623966241	-0.1328192247616444	-0.26529412555176685	-0.11742069375333311	0.8504139642446725	0.7505033535356582	0.4081679820340227	0.16529151924617608	0.024277413354346043	-0.3143879732115222	-0.3167559270944291	0.30029073036133497	-0.17425263283716197
DTXSID3029289	-2.0345355573243666	-4.213200357254098	0.40801488697285004	0.919421352604521	-2.276513885969931	-0.46573812180371493	1.2280993857817861	0.31449135071639317	1.594021194671628	-1.7117555846887336	-0.694475266293806	0.15239661689708037	-1.0023951168878873	0.43955579598902267	1.7952448261487879	-0.9160981880895045	0.1657846536825678	-0.20655794287800525	0.7444809478719762	0.4798829220695333	0.21394652406432904	0.5099613547410352	-0.23849667225079682	-0.5986801082987027	0.9122595779710201	0.4200799842419143	0.5997088387784884	0.36290672656582706	0.08677566496504899	-0.12421830108788796	0.14296838858392333	0.4011463527442683	0.031309722190304666	-0.3511385392659779	-0.538147492048021	0.08907982485951829	-0.03295964671175375	-0.06261607931242814	0.5879682218683321	0.5721581405444598	-0.3265156874171862	-0.4958371870059422	-0.03574572871322833	-0.6142216644339686	0.15160757184285037	-0.11547567371561099	-0.19014265292823618	0.39939907736135744	0.22891230270708182	0.35894593748917203	-0.055904157253967794	0.20266591654942032	0.10966389550952835	-0.2628580366356756	0.4794651272431354	-0.2406848127702343	-0.03009484474768242	-0.13916069052693988	0.6164908605923602	0.3293019635712873	0.5398627043188435	0.12421749740492903	-0.10250719092411456	0.05792992573880167	0.031095074730415517	-0.12112230310656218	0.9056304216816474	-0.8417514442294963	0.3577321876513343	0.207668622629186	0.7095435544161114	0.054685680090313556	-0.744355161898301	-0.10266476072408305	-0.516270954700367	-0.06951892500225994	0.8624664034761462	0.1982391789606338	0.4247273982866178	-0.5351454540625609	-1.1482564614692188	-0.2630992889217964	-0.3210674967878592	0.14640177073498667	0.250643349873489	0.06896652896521527	-0.09259246604636637	0.7493057413567398	0.8597133283609257	-0.9823928029873992	-1.0962649605302155	-0.34114081806377267	-0.5197191051139997	0.24729596506832263	-0.34559484137520796	0.02517670904404582	-0.19497607550945673	0.19215185131110937	1.7833488443238268	-0.34602779055066185
DTXSID8048812	8.969762981408296	1.2310752826729718	-2.5744473405962056	-0.9297327851837714	2.8066620534840405	-1.392839189035957	-1.8825041216086247	5.029483879813655	-1.3181373943648869	-1.2507695045665328	-1.5550725088125334	-0.23618322132535066	-1.2151090825535773	3.6412181195735487	-2.403563608021177	-2.5792347910036533	1.327744980474889	-1.7968939551572753	1.4633659893888589	-0.8889063126123671	0.828992132692932	-0.5989340073488338	0.726221303538334	1.3446730922803667	-2.5169551849434546	-1.6544503200273806	-1.3909517054492828	-0.859937918838825	-0.5364362701069028	-0.8091812510351358	-0.9914530908527518	0.7480076964134732	-1.0521281300673972	2.7879851069045474	-0.8936232293368417	-0.8201871287872812	-2.6930360531147612	-0.9698152250287495	1.0087192035094632	-1.8232233587791808	0.8971518429491403	-1.8085888563509196	-1.7053911912691637	0.9106244798458926	-1.7265642811940265	-0.6328033187812622	-1.0481832321470648	0.21832063021917217	-0.03621277874487302	0.7529831199858301	0.3430274557574986	0.7019293768105869	-0.0949457773631786	0.23020085836890344	0.9622126214260422	0.31672386743555403	-0.14949958167181931	1.0459283933722499	1.1220474163357905	-1.1222276949689634	0.14737365546043438	2.195241400950795	1.4114155687433656	-0.45027477322138076	-1.83914498801476	-0.7424811101736818	-0.5261572107171049	-0.5806514516396919	1.2136280857603545	-0.4225016597759146	-1.3618562719637914	1.0200916779794882	0.4726561928741549	-0.22924673167502488	-0.4097383197375688	-0.19522840862155189	1.9707057630754063	-0.9470968807573171	-0.03676812222019146	0.2200706325838584	-1.1651789337053002	1.1051857868520827	-0.48736087720482835	-0.21327908880200305	0.8822523676688298	0.18611227952329498	1.1471478226237064	-1.300568465171883	-0.14671643742148108	-0.015392689019324992	0.07383653941398854	-0.1122301383482043	-0.23288719919981551	0.037116095694592025	0.0699688088093954	-0.2050754738974206	-1.3722724347048776	-0.42771295657744346	0.09318217343733125	-0.36307048677321585
DTXSID3048944	7.198513985065333	3.9302444192747634	-4.737946190067653	1.2108643489737871	2.859560226699409	0.4300149739172856	4.5419566795854465	2.288984619674605	-1.3893009411562387	-0.4810466953784965	-0.29162641476430445	0.27475580214066536	0.28248061406747305	0.9744275977236144	-1.1341569769877071	0.6250681044571736	-0.6708563785052349	0.5644954627564818	-1.648989247734455	-0.245997994531085	0.8461389950305983	-1.885568405849644	0.28328144980879993	1.5349620242901898	-3.1735606929228304	0.8556335487906269	-0.5946359500357757	1.174121274435919	4.829055344345659	3.1692160869581305	-0.8654846950228284	2.8990856356105037	1.7990817843260252	-0.5459532828093611	-1.7099482446673668	-0.8059203371251926	-3.299967327370153	1.176053193546059	1.210945375285645	-2.1171459252008105	-3.1054494718866907	-0.2566007362030879	1.055103997461762	1.7171294085641289	-0.17789885387921942	0.12141858995068233	2.2884219577683624	-1.068514487330401	-0.2544189736255757	0.48566944753216407	-0.27624867827825034	-0.014104084718287882	0.09418823824938874	-0.39126625889960437	-0.30265480645013404	1.163511780671584	-2.6481033292195773	-0.6631177620654042	-0.4878912964262417	1.0303749563788505	2.9084721375844085	0.4726482011176184	0.22178334927793913	1.5997576127953537	0.5600355976960663	-0.5458458832371835	-1.2276772706154149	1.0747677426866	0.3894349290417567	3.5747457554254227	1.264048749730316	0.19544478559727604	-0.7664109452649714	1.3854147292429762	-0.18763926858465463	0.6717372286902259	-1.4800489634655842	-1.2140921551865032	1.9017720690927669	2.5621150926202487	-4.169530760314126	-2.8935975389084057	-2.752439121371562	3.532802263351649	1.598600095083651	-0.04370466864952078	1.4186995475904915	-0.6073399888939723	-1.9239077101334652	-0.4310362357884469	0.029245626188609673	0.3708737135241707	1.456340495421913	-0.6575444691069717	-0.11078087913116218	-0.24812304685823433	-0.4349658528176289	-0.8741242091137382	0.45817048875726957	-1.2892690461019007
DTXSID2047193	-3.179765925621846	-2.340278966685227	3.0261355005352426	-0.3796056051746902	-1.1368544368666906	-0.8284698909609276	0.45509753581134477	-0.5412912019224441	0.20615818165285757	0.9056038692063887	-0.23802364457854794	0.14939022110380526	0.8047808727017806	0.117615066159683	0.36313343000671156	-0.0979518207938508	0.6604140880625212	0.666503570707563	-0.1085004264548144	-1.238035720777923	-0.1639157551697554	-0.6255298373290644	1.0524677449719229	0.16024537527960192	-0.2661110508242414	0.2732385859837971	0.2237313325650498	-0.11157300485039327	0.29457474147412593	-0.5299567948831789	0.2477809637307436	0.27831515183484323	0.3883302537947803	-0.16729928026745564	-0.5852475197667514	0.22840598838700138	0.3635228655208096	0.1515483380580199	-0.7317858237445886	-0.6543633826189128	0.6159303069470864	-0.03930666389317499	-0.2580308700540587	0.005504396320717155	-0.15716272194989844	0.15710551222718525	0.026715991936622347	-0.18082746955496515	0.05682131394085491	-0.25212826915358144	-0.04422795815338159	-0.2584162867688195	0.08561621204674238	0.07137906314081069	-0.1341717603431795	-0.10840475994986529	0.274576170284806	0.20131586042417712	-0.17302392184392767	0.26251927503907424	-0.2835882805219252	0.14416428831140524	0.18634574896516107	-0.11938379536707938	-0.8557897508077583	-0.1222497326191123	0.16395935240748424	0.04664162235019886	-0.1489609606202634	0.3467233073232883	-0.0813562016876246	-0.2045767796265786	0.4071178787527188	-0.35314534449877777	0.3224348682697039	0.5178762431560484	-0.32616945295336386	0.1722972980719677	0.21886245841427637	-0.03264121569349877	-0.005718683298553502	0.0761856357635381	-0.1240278541323483	0.03388319408892094	-0.2529289669377	-0.17011080184294275	0.18848300569910623	0.11327260217751663	-0.45738727610999624	0.3175600545273089	0.23172938761013648	0.3548497804908249	-0.41716591182438456	0.20242698097481654	-0.059900833275204	0.046918493985445675	-0.20617039591841682	-0.3837736426304207	-0.046021116003762366	0.09258346215107159
DTXSID7023693	4.0304409737723255	3.937589211362026	-2.90134145853229	1.1563727710114116	1.6745737584911087	-2.466645470958882	-3.4600877281725375	0.9047136057806656	-1.2460768989295954	-1.8560305227891412	0.9799473266723944	-0.8404253002680719	1.655212921337574	3.156048104166818	1.1386645175325854	-1.2258402895142244	0.9415830276168082	1.0221876689380276	1.3529919392916991	0.7717240606866679	1.2897706077578683	-0.7323412845231563	-2.8188652365736493	2.5681057916704764	-1.0051665212478735	-1.5194700438758406	2.2399727086176084	1.4307380422546456	0.08920182992630625	1.9299119580206596	0.8067432554892126	-1.5487977028819	2.18332996391139	0.05702010587296428	-0.2224790405562782	2.2536411621974115	-0.5867620715132675	-1.4416069929501676	0.13812864772948907	-0.6139252746257575	0.13648264576349975	0.5323963174731248	0.6745525649831352	0.578221370567998	-0.7595294028414437	-0.4206329776855564	-0.35938959995855096	-0.0034413059412984085	-0.33682778937115837	-0.7687095805177273	0.4727584103718594	0.5032917237247249	-0.38965032547062445	1.0043950981259244	0.8419200025241	-0.02336951706898758	-0.6081269677021831	1.6060897318381533	1.1337598559156583	-0.11922027604758936	0.03932593424446872	1.7293315696662515	-0.33935765780755295	-2.559544810623093	-0.5518972467951773	0.866384278211351	0.044628484348544384	0.1944595306301023	0.5845921974884891	0.6497178033415926	-1.0554307696103304	-0.13646588159074666	0.05592265708466974	-0.7976037233972041	1.2876779568983159	-1.1537199650893568	-0.7394042940594192	-0.6355635162650098	0.00010482036876887738	-0.36896769337418134	0.608544449265394	-0.3556841255822188	0.09516479428032587	0.27406724056273496	-0.4096099114295211	0.4468913617601473	1.3639768246270332	1.059892000171375	-0.006690013908828053	-0.3036617851688156	0.2885509230622207	-0.9381684853439164	0.8894102749817793	0.3382938251745105	0.7455666705378345	0.7032975807539215	-0.2890657707057405	-0.3299206880469951	-0.4793345360037176	-0.39096046280247176
DTXSID4023333	15.3719287782	-0.9606651582591844	6.213892905184185	4.2327823858269005	4.690262800913796	5.7735257503091955	0.8179233370053124	1.537832210023246	-3.751199226579709	-0.8136815065645356	0.49404708177205947	-0.4537527759816464	-1.465186401834427	1.2616202128449523	-2.5638409443681214	0.47113699318382246	-0.7647476792087368	-1.2141125368402599	-1.70730935535175	0.8136841893703866	-0.6885396084161468	-0.7975383655269949	1.3346195053924739	0.34306726724854913	-1.0545551425044966	0.3060310205942953	0.28772382693243015	2.066084719843761	0.13957682903454663	-0.708368578511514	-0.6749498210067201	0.7688311889077344	-1.1363944445359837	3.34090949736353	0.4071956102483228	2.800053985896111	0.9411006390233803	-0.7586329035892108	2.216471385575403	0.08720016927803953	0.2748978323174013	1.2724915760722828	3.1919238444685623	-0.27366180619841485	2.0187173448780293	-0.33036377755333174	-0.2709498708618151	-0.6734133336948742	-0.995236952235567	-1.1414609090396377	-0.2143458813492195	-1.5719620867359894	1.781481076270661	0.17400799802664962	-0.6130757520517759	2.119788003438709	0.814415174409082	-0.8514159833629308	0.5576394263714982	-1.4048822099213139	0.35289502241521875	-0.4769495775589387	-2.21363407871872	-0.09389084160170959	-3.5644606115457873	-1.4973180762397271	-0.3720472193278365	-0.9765813214348641	0.6938131865961094	-1.055854557124713	-1.13113549218008	0.1909628989466343	0.32986972387483343	-0.19676639995648243	0.33763811273979183	0.5011905410774868	-0.1775783785571103	0.9085148399967389	1.0205456518389557	-1.4169569657575292	2.6757642925833127	0.011254057622510104	0.4470456747021476	0.25652113221509487	-0.4223632738595633	-0.2642820966052579	0.8170473788994639	-0.9081783288099212	0.015319146877445362	-0.012883418631524705	-1.167849113342362	-0.22503594717832784	0.15384470631094532	-0.9508553732499222	0.036611855144513955	0.028986889674835703	-1.3904406599250942	0.05913073616932433	-0.5399708358073172	-0.5018327897555925
DTXSID1027390	-3.2541683140917304	-0.058648490468904226	-2.0799526592202056	-0.24629895905835705	0.05606758658525839	0.7428204902207403	-1.3082489755376412	-1.206329267429246	0.8272205488204277	0.7088090987778517	0.11629260229300248	0.09692031281823901	-0.8089500717558625	-0.5669334462943278	-1.0051167866700275	-0.2400563196052371	0.8989825573042235	0.46485623369400375	-0.06300664032746985	-0.32114548714200836	1.1000029335148422	-0.1580846822426012	-0.004953980139040936	0.142745708176617	0.46246045668638364	0.27561931718285576	-0.44488855353512985	0.14451658190028133	0.0002646084739272247	-0.3345840136377057	1.456312559832943	0.13678369001584273	-0.050959300104861	0.16416559058080177	0.17470060282188354	-0.362873955326515	-0.1342642778161365	-0.012222033659173813	-0.1629561108811499	0.400584002700001	0.21876363662000708	0.11106605982539289	-0.04320907099997814	-0.020055462938484543	-0.3400246390325129	-0.006042510054576789	-0.06431642608148609	-0.7564089897075582	-0.2739815659675961	-0.14863876204572585	-0.0637138880143964	-0.34913661186794664	-0.22447851999045065	-0.14287420127846556	-0.3528785142217743	0.023651710414324532	0.060045642343040904	0.08654830540586456	-0.5972248049797667	-0.41343481318972325	0.126009100719991	0.39476957367603066	0.15938323949629307	0.5407214896535105	0.13516282126135318	-0.13224236543454565	-0.14355514716955095	-0.08528203012097615	-0.39843440604168034	-1.4966947640965156	0.2227508687642254	-0.3054498100777383	-0.15111598243458166	-0.34767533830564007	0.22740133830976034	-0.8235453963386667	0.5645694795627809	0.8469912801766503	0.6025791128407962	0.6305786427507846	-1.0195072934138962	0.011944470997473706	0.23692174704922145	0.23317756470861473	0.28532805948335743	-0.20751730682230043	-0.35924147044460336	0.5187998373776856	0.7649446331783474	0.890972859158804	0.11564587882132724	-1.051437538004316	0.872698810879136	-0.5056894789466594	-0.05804370966770599	0.46642423705636643	-0.6380496124646495	0.37549563473955255	-0.21617657314309888	-0.6257912387947406
DTXSID4020614	10.389713737475887	-1.6695027088783194	9.439779817172777	3.9541774263354803	2.671280495112868	2.4472976650879117	0.6005613510696011	-1.1480528381198658	-2.439042877475471	1.181706020817318	-1.7522675447618075	0.2041819085406311	-0.2651950893376082	0.8794008966576662	0.7806291783534847	-0.9025836442713305	0.752234306274084	-1.064785328861985	3.581589024364963	-0.7675251276960805	-1.36504887648072	-0.1193481606733839	-2.466429972944952	1.8718645520556223	-0.19271117528775647	-0.8662571692731643	-1.7051026991886449	2.9072536607595607	1.0415418420458846	-1.6456269750610124	-0.6138586929462058	-2.7196973827776683	1.1944741875749147	-1.8921765056107507	3.397528636569856	-3.4549506683750573	2.948088380571039	-2.1604332661504517	1.5980020196008746	1.4535954419957917	3.513824561461235	-0.5584629676073528	1.2231471717181344	-1.7422539741966998	2.2329476235901953	0.968127889895244	2.017674508534799	2.123589240613057	-0.8388662274626033	1.7678977179748288	-0.24005860295902604	0.7454257016377827	-0.5671735783770839	-2.8832659174651103	1.1245374908008527	-0.13171253330271404	-0.5589491458928045	-0.2625886204152173	-1.731550142351095	-0.60193878859336	2.118021626657685	1.6165627813659484	1.3652100086037366	2.0236016926193	0.6791406728472622	-0.7459930530124196	-0.35673985433211314	-0.24444659847390582	2.0183688440898475	0.1332411382848481	-1.4903206682033088	1.8230393673891954	1.1828123908966406	0.3864713451163995	-1.431840400749497	-0.8692070305741877	0.15105390452990142	-0.3372774520618659	0.04644203224512553	0.5009596449004838	0.11348958001273611	-0.6896961747288177	1.4450840395008844	-0.5479104848572323	-0.311478593243098	0.03242292758381817	-0.1233462526304385	-0.820996238814442	0.48486623846390897	0.41999780959600347	0.16576955169210814	-0.025185308579426677	0.11015391404419103	-0.6828902623853587	-0.3841299631205657	-0.5760738567785229	-0.1016733693438365	-0.49795347817301133	0.24380992247462557	0.399017445608955
DTXSID3022821	5.453237820665087	8.258567006810344	2.167258601629017	1.2609375475161844	-2.9751823257574705	-2.871107041180784	0.7903324018089632	0.9816088678078931	3.733812747403761	-0.7976511134739732	2.6220752653680726	0.6201990504078326	-1.2457877769264363	-1.8136141123966045	2.7484277305491305	1.847388151466163	-2.265115764391423	0.43927254580355946	-1.2863986728474583	0.06186040583513968	-0.8321719270070355	1.5176837304604536	0.5982765774179161	-2.0524825550027694	1.7159515251589526	1.0457733367473998	2.298816330531875	-0.4091329367698434	0.16855475058183989	-2.505854956254129	0.793481664737321	0.9874315611002769	1.00483590883518	-3.995506864617225	-2.3388415429894547	-1.782845848497371	-0.08284862430399094	-0.672554537756264	5.57339555058696	-0.5638799933095394	0.8220284137453266	-1.4082170281227846	-0.34366586430579804	0.551888905417953	-1.4336822548174366	-1.7775043337160095	-1.7569951899909921	0.5712617427969193	-0.4437362343646776	-0.13850472056972066	-0.05724875165594107	-1.1676491296680183	-0.3919014045612304	0.787100047453289	-1.440134351018699	2.6952076157783966	1.3109134723494682	1.9453777368115985	-0.7230945646741176	-1.2309685952419174	4.382410258654735	0.7037496100869508	4.093746162318049	-1.2349103393260779	-2.3629531531612744	-0.05315004637977995	0.7621231138533329	2.1682587102670476	-0.9541091322024593	-1.4907569664107854	-0.5731494585175634	-2.3131091528810446	1.4243033273234784	-0.13182091159077944	-2.215208362663622	1.101170471323162	0.5767969236042074	0.14821953096157842	-0.14229453475070905	0.7946126252325154	0.8646877697928679	0.3591249678888798	-0.8054479791710683	0.5753819100949106	0.802713692986167	0.0030177225089819746	-1.3328808098834237	1.229119574706611	0.2616444891221052	0.1798096076511676	-0.8324247282085441	0.6874833536911663	1.7922452498163188	-0.45655971942246903	-0.6938479669353401	0.23235853622505323	0.42703147024272087	0.25454119058763336	-0.6184691801740618	-0.24687159641266193
DTXSID4036229	0.9558707408239396	-2.261905225375339	1.1396397084773597	-5.9918956763666555	0.39525544030113047	-2.0041024493894266	0.28713756879409424	-1.6437252661043809	-0.7788625376191819	0.7497070628277452	-1.6965759980459383	-0.9709971949779505	-1.4949773584038863	-2.610786207535475	-0.7231434801207629	-0.417259392079932	0.6963804906908031	-1.0160542902598355	0.04699261698306367	0.223822178778441	-0.006785723417197541	0.35415913215731326	0.031007737534451393	-0.20105434909238398	-0.780548128412028	0.8595410446071199	1.6050473120620115	-0.7091224594473767	0.49624168273044533	0.5053247474475043	0.4308844385265436	-1.0240739548663738	-0.28612376995518296	-0.8714710404238855	0.7358821538010756	0.22288202754713302	0.07622661021295198	0.25191934736391824	0.4863666144486578	1.1093416050567437	0.3886634324591372	0.7966305372326763	-0.07220750785538496	0.7370491434648782	0.024612106831871844	0.17470220430171976	-0.219168518955854	-0.3105838096086513	0.22852032317337853	0.4217920014829865	0.44650337386516203	0.03683998936632829	0.5043099668268983	0.40753977390101065	-0.2866606023856359	0.3022483724145965	0.4838725404958056	0.27334862237794233	0.23476609402789084	0.4406721170534676	-0.08241083681287527	0.506835154869975	-0.17545993872884738	-0.09865010205099722	0.16828109390771828	-0.05653126523847592	-0.49318771941500944	-0.11975308954747473	0.3067517152165464	0.6826101826493132	0.538247034972453	0.34831542678695393	-0.5454610332040306	0.3518626030213044	0.41316280835601776	-0.02013125079160929	0.03367525823920783	-0.4056620120765032	0.20544961961424718	-0.29731832941010333	0.27616026889519424	-0.28196923990316447	0.15816574108123732	0.13023050179974674	0.2660228582949522	-0.11624974535147055	-0.37696563533008265	0.6830933573036811	0.27676704537356933	-0.1331988688408614	-0.6922591042690687	-0.24926474165933274	-0.13365067146158158	0.056657945274913926	0.6010288121309034	0.7141600754440406	-0.20597869622928502	0.5169523241308767	-0.34014323207390995	-0.13123763836398453
DTXSID1047239	-0.7378386578012976	-0.3964160329586043	4.29479231630163	-0.9841468300095175	-1.0784070096687346	-1.2790163441882156	0.45176048578454514	-0.9467898810888916	0.6807224914599562	0.8898108120348246	0.2816545909327264	-0.1274927772021073	0.9909976160854523	-0.22079662872346928	-0.044541482992184335	-0.05341351453246362	0.9132473405339048	0.643137979713883	-0.297268117275023	-1.3679048623127605	-0.39139104161817745	-0.7060102527635224	1.7205423108275226	0.0988234811934819	-0.1416610951068946	-0.18412824010657036	0.36928510966951766	-0.3240026722634965	0.25529923518128655	-0.4124680747102442	-0.18691885844010467	0.7479832931538112	1.2708353898743068	0.23094940058683644	-1.853487187551259	0.10012711831243773	0.7176375297632912	-0.9488747661516124	-1.4021660084321692	-1.3306163540537632	1.1746485034120338	-0.5769118367285561	0.1422402262466241	0.07897313790974812	0.34920393299920516	-0.4888029318103662	-0.6504794401165097	-0.36575098311466353	0.05020985387573081	-0.11884420129431245	-0.24051694980147498	-0.9262325070513971	0.2359337492003461	0.08107119845051186	0.0010858059038983607	0.5272216350858172	0.5224754541565582	0.13787209134865502	0.17212664615309933	0.6844615568755327	-1.02474221927266	0.5531319067364135	0.23292617174800267	0.7403547153757726	-1.6917481765313462	-0.26731670212622016	0.7352847439207693	-0.3695799657655603	0.34784782781085155	-0.4030099457874518	-0.11289155254839697	-0.4981447119657672	0.3650179012606026	-0.11835073372858644	1.0082960952538842	-0.6006459079277698	0.4758981773778586	-0.4682145285233822	0.3965338005765758	-0.128748075267783	-0.8950313012938909	-0.06546726415611627	-0.5708610570530329	0.17347871280469787	-0.2895191198077412	0.3748758370777391	0.8052779330148514	0.7689911492695862	0.23893136776335402	-0.28413836237658047	0.4807707986232429	-0.2229187331360939	-0.4788044063984104	0.08265297285472603	-0.23264321717069333	0.2571533541421452	-0.14622129221302596	-0.36662857849522656	-0.10637077979388088	0.2634344021454173
DTXSID5027805	-2.1116062929693977	-0.7216071990426497	0.2482766590325755	1.2028086285288604	1.7218088300371255	-0.30387390562293803	-2.2590146635029864	-0.25258986433887914	0.5464041400806359	-3.7601998938192254	-0.27635146271907773	-0.43931327951524407	-2.1776167106824165	1.6012455324050232	-1.9198836106433355	-1.3244460743347712	0.8167964406603508	-2.787931863703512	1.4028367013753509	0.3347280013507132	1.066818299787302	0.972364777868716	0.32287511788635753	-1.2597865352205144	0.9711649782718137	-1.7153488996316988	-3.3614789968491383	1.6276741178512217	-0.2786795814937112	-1.1575514093423904	-3.1571123811231896	0.0661823128697769	0.9656936993329884	-2.193989964143672	-0.5530325764677472	-0.7020461263889713	-1.7352371153599995	0.6197845184039124	0.7400528887154182	-0.6442166621516386	0.6528730509700252	-0.6387978075991617	-0.7004429516469385	-0.8269310352843244	0.8763751371230958	1.7942455452132324	1.190398111684124	-0.1480964523036275	-0.6566124810525537	-0.4816432169571326	-0.31210380885701144	-0.2799292759027239	0.3682838575343869	0.010257608613548283	-0.1764464890041223	-0.4537771899122449	0.04711433985880497	-1.2356316004649328	-0.46757598043881216	0.9973021060102562	-0.019833811587324928	-0.85411237671043	-0.28815982823362657	-0.305231317344854	-0.6170879854076352	1.5669652876539168	-0.6501136304930614	0.9294661824192815	-1.9240094261852518	-0.11436698333520648	-0.8791085992645237	-0.043780764872573985	-1.0478283809069926	0.6585525482680702	2.414105120476084	0.7983930968706072	0.6599985944150557	-0.3073189076105866	-0.21328395060337152	-0.21298857038616925	0.2281220691856448	0.7908914500181142	-1.1378024178354254	0.08674346957495227	0.6099865557177285	-0.6825405552105674	-0.2044816387099245	1.2358480610352176	0.05255715807018078	0.3269286176786233	-0.8752151607713303	0.3225272344723887	0.35266615414522146	0.3803188315207517	0.44202427784521187	0.2872799836012157	0.09798472753659637	-0.053931275043015564	0.12984264755104333	-0.17675787284537806
DTXSID5048710	-1.2197261549135927	0.1805183387322348	-2.1690425148949353	2.557513837023455	-0.6348537287247776	0.004844676852671548	-4.428619417995902	-3.8835292978915232	-3.6192261829003276	-1.4955860668325107	-7.239135217965045	-0.8937430581541721	7.844149161785397	1.2186078852351632	0.8155295238340785	0.8458978181038926	-4.83705851475716	-0.2471452828995263	-2.6437918707456753	1.983579329092488	1.5268925060565472	1.2619995499234737	1.8596714966892622	-1.0703917852269575	0.5495228742618381	1.1243211755930025	2.212890419585111	0.6066227418489425	-0.8449069312616597	-0.6058864576441912	-0.7264528744751693	0.5920859401588027	0.8821286716006606	1.165298146878578	-0.5822053563957276	-1.5118375665022166	-2.5271534873339228	0.7522512298338581	-0.7876551818756199	0.7529064210107717	0.32625736190681043	0.8309181758916726	0.6204517784296661	-1.7141885667131316	0.40780613202117477	0.37475726282660266	0.17586255854135346	0.390385925592695	-0.280634589945857	0.22493466119126057	-0.02224329209218607	-0.17419501513034394	0.763907365446942	0.745188649752642	0.4154662207084078	0.6626011686758314	1.402911438625327	1.3531387413897347	-0.8663319232421032	-0.7392338727206821	0.7503393327873487	-1.3654089823881956	-0.6631389592943719	-0.04431088888218601	0.9826988645478056	0.30621552220801396	0.2205542995084438	-1.5831313848025892	0.9491060617228546	-0.09906841472898435	0.2521116111799342	0.34881099087396794	-0.3323745333712237	-1.5689980871237326	0.14471539773405862	-0.08523850753793452	0.17883731653812868	-0.12137217249995065	-1.1614059148914893	0.481668804136413	1.5001884520409954	0.4520010578262167	-0.4870157108594304	1.1606554490653471	0.9036269092165722	0.6945453210273599	0.5382799368392938	-0.572576321775059	0.3054997395207204	0.287809340400237	-0.39915049126176944	-0.6790880434693478	0.22003678981637712	-0.8707096379226763	0.4360079941386789	0.3244493004352134	-1.4099432633737579	-1.0387578581507377	-0.24552370785743619	-0.15465603300156586
DTXSID2057784	3.84120623903807	-0.32111337833642195	-2.6544981313857248	2.248715209608246	3.3653363637444578	-2.376620473167415	4.0873787796298116	2.252637522317295	-1.2341838704136856	-0.3965411764774194	-1.5618099548049762	-0.05598865526882331	-0.7898874912703049	3.4813974356441366	-0.01385973534174338	-2.6659747906476174	0.48345677920640123	-1.3894397072641127	-0.6379947726574602	0.2245992669530825	-1.1604457489233901	0.3154300955171009	1.1633069705759165	-1.347881005257738	1.5434598150419254	0.880855490587228	-1.9756611120232854	-0.3867424760150054	-1.675549776662385	1.1138619004303627	-0.2902437734016571	-0.41062540385114316	0.026930199753549905	-1.7835865329081633	-1.2256027183333595	0.31589690087395167	-0.894004642190084	-1.4205499928394647	-0.1336464604384003	-0.6578902969285375	0.1825417365468221	-0.1475232205564	0.492661528174326	-0.2395707950140291	0.37502011356998877	2.5829478640929664	0.5381651648993837	0.7699781280594803	-0.18266134476995755	0.15109934658550386	-0.5061613196583985	0.20096324719662254	0.4241968610108257	0.14905663606682476	0.39995445758325343	-0.5610490457330997	-0.7469634610945991	-0.6145840740429095	-1.8340419171488316	0.4988903708216815	-0.2712582528747847	0.006358984020934479	-0.06495458061338656	0.3725773287463655	-1.087371623362209	0.7704847545028106	-1.5100776954064605	-0.20727432681864572	-1.468191235509229	1.486138885522332	-1.0330428019238194	-1.8733129905634884	-2.462894926936191	0.9875747861779594	1.3286572852405663	-0.3498089714857057	0.9137861998883734	0.27015229227956866	-0.3050300659464276	0.5507371590624512	0.4319646739684534	0.25747382103262917	-0.45805059557220995	-0.3856057176245059	0.020158158964006165	-0.8646326043537861	-1.6552156968205265	1.2772491158866732	0.44105224505534996	0.5242832527400759	0.003235626155921259	1.7546065854774173	-0.5952725645936006	1.382746578980733	0.40825130088277783	0.03826170567850253	0.5398196964176418	-0.19261064720655927	-0.11062367080977821	-0.1834843733117621
DTXSID3026564	8.723048490423205	-1.6079679732709398	4.102083972283606	-5.431702539645118	0.45066275984391435	-4.907492218699349	-1.2545976188557395	1.676162594169821	-1.5020115934593288	-1.1690402569501006	-1.4072338823567754	1.524662152534968	-1.47961420172452	3.109628264797519	-0.629905718543946	0.1904736095224775	-0.2080822243750866	-0.7096046391916591	2.530789237396864	-1.330062474635751	-0.46803576641332184	0.6675156624609803	-0.39409593844461566	-0.8382986620687458	0.5140060604741251	1.1532464715054198	-0.802994188412348	-0.10031366627495023	0.35196697802946014	-1.8324292147701937	-1.2341977704066793	1.2993874715153082	-0.9948769451047466	0.44678371242409864	0.8136432044269772	0.3740494477547592	0.6584105382512145	1.216790541614924	-0.5224633025928487	-0.47316984644529614	-0.2735029018320116	-0.6009283191761768	0.729458044495276	-0.36808385038860136	0.06125149806000857	-0.36921983545333614	-0.6922832626687929	0.015945889851343258	0.287746882053624	0.2631278179910491	-0.04556165469154884	0.1297178711566514	0.38857402309197214	-0.8670868948199284	-0.24069679774278188	0.29324233295338303	-0.5787772399988457	0.044422488001554246	0.9059138957612296	0.3139958104188672	-0.5244333706595071	0.5758353082942357	0.8697361117430565	-0.7341374939455729	-0.24388220344909503	-1.2665652882514544	0.59518991689874	-0.5500847436277777	1.3833322826322927	0.9435872545683299	0.2518137905032619	0.019194460153499633	0.534056389746194	-0.08618035887057608	-1.074451721044244	0.05426071850558004	-0.46277034250954335	-0.1684682014200088	-1.0722956877216574	1.0256520769281046	-0.9917944393976877	0.17212430540410162	-0.03274666352915365	0.7692444594740564	-0.19203705513188413	0.2423764101948519	-0.1599265415666176	0.6262004472754975	0.1559222918294965	-0.6385241633872278	-0.9583024152549171	-0.25037779047718994	-0.14374759241643334	-0.3851555639005051	-1.2531345992313616	-0.7768130375359733	0.8955401867068937	0.3153579411387663	0.8480950872130503	-0.8516994785865082
DTXSID7025689	1.487094786929607	0.25191835740779034	-1.4004031644275947	0.07000114129904175	2.848834281231737	-0.18729625844287467	-1.2314088163358563	-2.3400817968388172	-0.756455752446264	0.1454788056189893	-0.16880802387809352	9.357501923098152	-0.6145604257539817	-0.6792181607807102	1.4189388441571769	-0.7318648977158791	-1.2143227840148478	0.6438906308886272	0.8491696223367147	-0.6587288886092398	-0.6164723173194833	-0.03578700811760428	-1.819201612872673	0.29499033737584784	0.07365426187025173	-0.5315374741241613	1.0160003259023276	-1.3645104712442486	-0.029807554357577832	0.8457186233409445	-1.5940182409882464	-1.1007782700349815	0.8205056537892982	1.1483318373391225	0.2625468279646523	0.5577929852908867	0.5807252653098419	-0.699722067746067	-0.09540424517620189	-0.2434468571976901	0.27845114402033017	0.7818580470133218	-0.3305961928664324	-0.18304493387310422	-0.48757917116943944	-0.20764638591937185	-0.5456949658438296	-1.0021801519727285	-0.16157568937113634	-0.7697700472317589	0.17237245023963782	-0.4681739891035592	-0.2512041399009844	0.03065685346971181	0.03972424674751637	0.01996127013959573	0.02480471711571089	0.5003839270409723	0.7490064608890831	0.2734332662361291	-0.35298143015632066	0.902303075280502	-0.30247811837167493	-1.018661527004737	-0.20603305770123376	0.7896743037868683	-0.7402470797671847	0.13426550353242775	1.4035603476378091	0.5660241432381489	0.06441080812125735	-0.3339821421257367	0.7920755952582899	0.6934146655801564	0.05167509533540038	-0.5036073004617975	-0.07264843396167543	0.012256697751059469	0.8559597230929166	-0.2807773501467873	0.9283941577682665	0.42164919297972003	-0.7341188223176345	-0.961528648683196	0.6571083268625008	-0.6091370370651014	-2.4741797392776226	0.9372678785858516	-2.7889932599515532	-2.539672375907407	1.4072675832312957	-0.7489421174631857	0.4999048690880416	-0.4416975908407883	0.2511219793663032	1.4606749228335523	-0.45088576215210424	-0.4150892736634224	0.4061797677827726	1.2196563583489635
DTXSID0021836	-2.7629577588424157	0.3453886295424327	-3.180594457437301	0.7980147684362515	4.078060573330701	0.9841282009972675	-2.3184983722634547	-2.966025941838357	0.09075445068611776	1.4072981565056135	1.7709715535536197	13.575487957953497	-1.9645966545395752	-3.838343861801438	1.2166250551186015	-0.9121394968432414	-3.0774781091794963	0.39873066088885045	0.7925217465346548	-0.4714375224708846	-0.8348950425576541	1.1498756141788857	-1.790772569450124	-0.5501442236917631	0.9749198104367907	-0.03760226732873303	0.7954673644868799	-0.6537607290183941	0.5468725969425389	-0.111152642783517	-1.5911452075293866	-0.6374782362501701	-0.49979720734191163	0.4690412068221283	-0.45082611883074136	-0.42509294925536256	0.457962016433809	0.19091858759518662	-0.13478615352843157	-0.48705523350672314	0.7658531757469912	-0.30379516616073027	0.41417873704187297	-0.06296953912980738	-0.1799545327907279	0.18597074963021346	-0.2827959415515015	0.3925058392512842	0.5579342467868046	0.5163475529346534	-0.19080837314276078	0.1386700011841936	-0.12449585992377765	0.048335243701220325	0.39523746756538414	-0.6828519978798488	-0.46456711946008616	-0.08816202849190861	0.3758010647250934	0.07962126120637762	-0.8715401660056706	-0.35427291177485665	-0.21827125162179564	0.8447962579740208	-0.36464608437985435	-0.010620143070671785	0.4187188234964738	-0.5539715653286437	-0.43594368290269186	-0.22086621571566692	0.6364028714721549	-1.0039975682086644	0.1544120770063727	0.138207405584831	0.1607344246053387	0.8435358302532252	0.8260681920637111	-1.0994813940975887	-0.8145549155941827	-0.5667715227433554	-0.2531227805105586	-1.2492965261798905	0.7420736744767146	1.6167069380326697	-0.9390458375820232	1.234749564994636	2.0296652352708615	-0.2965077172342945	2.4070313274097734	1.5773700511439042	-0.6654528097826143	1.1560677811234248	0.05405166912935403	1.0860230535428022	-0.32624482468190136	-0.534533339338384	0.5987243264674303	0.4093682026656135	0.006103211835513917	-0.2781658649645198
DTXSID5047089	-5.743851844651427	-2.670349878265937	0.9785298159352132	-2.4865530152285555	-1.6977894649494643	2.04107953005027	-0.06652659359374448	1.3003101476025665	0.4798993606877517	0.5289510319954147	-0.09990926231453526	-0.36308019936388064	0.15912465753350474	-0.03783212782695207	0.08248888171348208	1.193828094241568	-0.6794301669950669	-0.0947148014245151	0.41867655922476826	-1.310489851908381	-0.5579283495255641	0.380902324310296	-0.20264932464843585	-3.3397101433885856	1.6725792867171634	0.8402399065936994	-1.9288767529576276	1.7226726259449527	-0.21727891838667404	-1.315472000189234	1.4269364184728222	0.5445577202213816	-0.41716095038372586	0.9066424512892878	0.9494627344869216	0.3398756565210401	0.5615081752678825	-1.5239158097207293	-0.4957066276555804	-4.227801962639624	1.4268583372415222	7.18398357149506	-0.1669145537214545	-2.168769706335332	-3.9206391930141553	-6.517982749283849	3.7408688887881096	2.1764686907079427	1.818425330312516	2.6838720529357047	0.3641369018082125	2.5695753719028747	-2.3858443580819797	1.9586882760033908	-0.5662348902738685	2.8906311889173173	-1.9691903798196568	-1.0936788606482428	-0.08565757343393907	0.6568312239477239	-0.3216859290946502	-1.0371717234789402	0.08593608129348286	-0.4912832429753524	1.3086752996833586	-0.019087385317329026	-1.558250037956268	1.0334697682082894	-0.2224803697647646	0.048071272346383566	1.644724339213079	-1.1424592518058325	2.250798624574637	0.06695817723733255	3.206621019217727	-0.131284697209126	1.1406421965935296	-1.2155644841802227	-0.3114828130632007	0.4902394138163469	0.04610765397089862	-0.09273769726723849	0.21810408231785067	-0.3381937860283263	-0.011994416438067524	0.18549879755015322	0.09670168058952021	-0.23817337030099567	-0.048752378746849734	0.25563546180988395	0.17822536490443902	0.44849268330266645	-0.8636282661650052	0.057138821214057584	-0.08590823971966947	0.7524503691018011	-0.30825963998799993	-0.07750100187009866	0.16108474726625843	0.3168984399847918
DTXSID8046113	-2.1376984385658675	0.7239439245810667	-1.4330819278247535	2.064806616413204	3.7383005551927644	-1.675382950150421	2.582161471864491	0.35251800006105044	-0.28546662282633456	-1.0306698963877776	-0.18793314051571422	0.20738074025198072	0.7156726439622163	0.1041540625468591	-0.04716393441028439	0.4658787922166996	0.7974614129977659	-0.8699482074138124	-1.1059019642191252	0.518970555354624	-1.3633036715976812	-0.9195367030746325	2.575880270066352	0.17896569010227123	0.3303451183004669	-3.00247474031962	-0.3393083633242899	1.1638827827044531	2.457378070237606	-1.891574365266682	4.1987087096786	1.093854442543086	-2.5455137722877903	1.6754383868072067	-2.3406426269863037	1.0797551727478925	-1.1259361756110073	-2.999669937980519	1.305357992644581	0.7455305755858505	2.7795550281190766	1.1590708294307674	-0.1748674577418627	-1.0216485439185001	0.28534252445231223	-0.4002263926199018	-0.2434960825189068	-2.3178972975674332	0.8605205805350883	-0.6945136816201146	-0.581924492289015	-3.509485819170719	0.7676476771711737	-2.9326513250465136	0.3526364496492475	-1.4658151555005625	0.7434066365668728	1.1108528689355297	-1.591275470020359	0.8351726996547817	-2.473495195573972	1.2547588584412297	2.667633456569404	0.8600449895934668	5.131964833734115	0.9313773197035441	2.9050035233233524	1.9262037762691095	-0.5976475040576874	0.6090622691561431	0.02459258463106895	-1.953268586667437	-0.8095039750742206	-0.20106998983282898	1.463440218175992	0.11463815754573732	-0.6668532627859853	-1.4071014174590932	0.09210376212259981	-1.044690055571047	0.21698674085341732	-0.0191696800069529	0.05089955000947007	0.19722746083792678	-0.5276292635381057	0.18547105754869694	0.3121089683775888	-0.19980003113121936	-0.1979733796432996	0.12508251987221874	0.5153466624664913	-0.113778952856293	0.576518659895017	-0.23855040076279438	-0.1715601089768696	-0.05979447256091279	0.41204640022860595	0.1965185371132358	0.35773167524639937	-0.361846661028285
DTXSID7027122	-5.065844932294887	-3.44078941299721	-0.3398425347381272	-1.7717209771864249	-1.5243801541918534	-1.4425532832964738	-1.1629582533702354	0.22962995613716564	0.4932715033682246	-0.802233559405216	-0.49996168438905797	0.8507740008628554	-1.2005334647639572	2.2778242609071815	0.4715971791535772	0.4856875704283363	-1.8106721793954292	0.4703720414629571	1.0429109765899078	-0.2874916276543346	0.31968574829325946	-0.07588402013984968	-3.6748955889537283	-0.06476440515259393	1.0175235723256206	-1.4297750028539733	1.4864115355747827	1.7673538880114363	-0.107475584346262	1.5774241696666518	1.4289632498250726	-0.3721618905219155	2.7377659396426606	1.3592355030561458	0.5734191555576886	0.05150345236423542	-1.2497262143102605	-2.126489755440021	1.5085693333418946	0.5924489891887407	-1.024612574336908	0.29814464066884744	-0.3374174960464565	1.5123049071013093	-1.5929630115244726	-0.28533799901439255	-0.05612405415853058	-1.4882964373507428	-0.3269919798296221	-1.5609677875364	0.3845131807724659	-0.4933086243858492	-0.8428870608777824	0.49959297118377133	1.8339033668633957	-2.5065422787025406	-0.3065292179114412	0.5083198892859521	0.9926073245118715	-1.3632342914814315	0.350602453974334	1.3639230315878212	-1.364582386440932	-1.590790155061465	-0.13164739918716936	0.7678005844920167	0.6461235904883228	0.2156043264310481	1.6365599733951306	-1.4415284821675283	-0.8139809085072337	-0.5432433811622329	1.415111583582895	-0.880751511690553	0.6404927385371527	-0.7842089078952412	1.178254927768147	-1.6304451964895244	0.07588669561530484	0.5908493156566136	-0.2624239589892406	-0.8684329354034122	1.3563154042881214	-0.4482462109533818	-0.0658973512526725	-0.7116494656979737	-0.45370431684275825	0.08601189902038792	-0.9628578004378909	1.5172489446586301	-0.13487912158772383	0.7599934129972891	0.2711597561618055	-0.25638939271992	0.18792574128389727	0.7790708754972393	0.47151174407946994	0.2433321715287929	-0.27734984820771535	0.2690486162920588
DTXSID3047342	4.99271358235926	5.741419225913708	2.155333170113982	0.1481516523181325	-3.66507390344509	-0.5185631916557052	1.2515674963048893	1.6678139489726334	0.8731287946062866	-0.928891540671976	-0.30505379157011453	0.9297715992180782	0.4187862577076317	0.1407281256351018	2.3570450357081385	-0.6479585814024127	-1.4341322386501685	-0.9279714581688601	0.9992477402365217	2.1479374372453246	1.055393814388112	-0.9300174509691347	0.982317098550959	1.6210474439118177	-1.3444383457548923	0.25348589043187286	0.3829240339231411	0.9254359253959956	-1.1940352547089261	0.10131568042266216	0.4253594549675872	-0.9872075619160807	1.188644557766268	0.3487881556645866	0.6498351817303184	-0.7478324183816003	2.0674836490558888	-1.0168213360803833	0.8372285099078132	-0.729477881184381	0.22799942367616888	0.202232020270179	-0.6953943609673668	0.13174914335384966	-0.48355904800368693	-0.0657521358188713	-0.0361774989487248	-0.7214554895904771	-0.11004999727766816	-0.4630604792408882	0.41123309704697797	0.28460272392113695	-0.31011052537265577	-0.050908772352100014	1.0876934471146011	-1.2586822797284694	0.5701890913887195	-0.043025769115498894	1.0429573620347172	-0.2259141582690586	0.454778589419085	1.5502245617023558	-1.6389553279480977	-1.3752448528020864	-0.517734920717272	1.0485864886562124	0.7639567720477447	0.11001240984309164	0.2761421639414486	0.1757954967036182	0.7328717116289332	-1.2947269440916978	-0.21646232089678685	-0.6194347805703022	0.21593399092616328	-0.05965789302734031	-0.6354021048282235	-0.19179393661420924	3.257565093034851	-0.17533191172121376	-1.1427073810588122	1.4050916892953653	0.1424597630444018	0.1770405987300793	-1.4046013980816159	3.51622524813386	-0.43669024932736145	0.9281173360236435	-1.5629260283838289	-0.03876073163886051	-1.0437366153929553	0.3821936744393598	-0.13276680722814593	-0.3515832746412176	0.28100845326282936	0.1418309093639788	0.29351229361077624	0.120835547662553	-1.1494206170027552	-0.47573591461919507
DTXSID8046327	5.553805752028465	-1.6178885579944782	1.0637808772688373	5.3298370904026005	-3.4437521448507553	0.37850767293942256	0.8501305876917546	-0.0913161060294558	1.6363815985560686	-1.2500522466973798	-1.5084860306571144	-0.1054468180836889	0.06279828840814507	0.8725515765804578	3.296133697851405	-1.4230762264859864	0.020746995478167714	-0.56766366315107	2.7862511105716745	1.8919060556681744	1.7964794746204664	-0.4406366929628597	0.2626954420045896	1.8899800680842762	1.1285932711860005	-1.8027220712369452	0.28917013803382907	-0.8074194244426687	0.29595588107439336	2.442011383972884	0.7325152249944159	-2.104005231010794	-0.10318159511585275	0.01815741225668872	0.8751661444426517	0.524942746229616	1.4145032479545478	-1.4563249200079853	1.1622126399390313	1.3337623426640237	-1.0051295116747068	1.7424128475908631	-0.6645439121613441	2.5088652679364745	-2.145080475618316	0.03976481636388065	-0.9354355101859122	0.18031181646230715	-0.7128041673251239	-0.6140999200826732	0.44290958453797535	1.1421083988959713	-0.3752813397443085	2.362040339551499	1.5003060501638599	-0.47870455223753194	2.2547634617703722	1.526298737399489	-1.8424137172512522	-0.38407208697180545	-1.7971562710318836	-0.3261020966972053	-1.8939521140788016	2.647863206396071	-0.9619332038899365	2.6888967207983714	2.1626019869166786	0.636579335740032	0.04202004583066265	0.9235050471509951	1.9136678778317469	-0.761057507888464	2.4947254552730356	-2.366854223394539	0.045170537375285646	0.8968371027085413	-1.1488904422299366	-0.5764465881135842	-2.190857826015287	1.420021426406317	-0.11322307933439052	1.6711399695227185	-0.34556771389224017	2.2147556497471936	1.5688384435927845	-2.6799733435673723	2.0275833212485797	0.7366469590319513	0.5291649550880312	-1.1951810606256663	0.9541626702597918	-1.2651512665243299	2.0780644698520896	0.2611556541828171	0.2071332778473693	0.2356661654055879	-0.3696585611845838	0.16299210455347382	-0.4545365046693955	-0.0010686559907210737
DTXSID1029629	-3.582700221486739	-3.4954016463085513	-0.05164384539831949	-0.043304212122257456	0.31234776254795493	-0.8560677124519419	-0.9920187238861453	-0.3098824965514776	-0.37518116650117933	-1.3204585115112897	-0.6495758281793026	-0.09377190850687189	-0.545315879726666	1.37845882526401	-0.28541472621704816	-0.16725701775580806	0.9884804365553977	0.01712385056456684	-0.05603365107263795	-1.1354713644031353	0.3760778339256524	-0.6361968051248608	1.1157164508537754	0.05263508588634649	-0.4152434021626987	-0.2827493892356141	-0.40752367654863225	0.08443003373468669	-0.0019194888399900944	-0.5416699513827635	-0.13822547434884658	0.4250417344875102	0.3422344331127701	-0.41638502879860706	-0.6456411036139934	-0.23026550460377065	0.047993101953181724	0.36504135539590593	-0.5663306284509256	-0.7025753261428921	0.2596176309024962	0.11640122936808464	-0.359275572928498	0.09579108554420629	-0.38362818215481437	0.215403167664823	0.30333208147845225	-0.15254539921412552	-0.08859775750984798	-0.06515605828938092	-0.08253901141226089	-0.10929643533673665	0.08077964393482992	-0.1047587143788845	-0.22826194444532974	-0.0160289337245625	0.166031983318289	0.192578538871282	-0.5254756982055588	0.07164149096955251	-0.04041586031339932	0.03312270282055357	0.5499437576752203	-0.0338857299591911	-0.551869345697163	-0.6556254237070132	-0.010882531933527104	-0.043013176082858186	-0.25052003554350555	0.36743594116011924	-0.04034239597355729	0.12029499466294268	0.5662036255412339	-0.3039872026857867	-0.9386679585764751	-0.20440073883944748	-0.8613985642050169	-0.3261718343173614	0.08210410062691806	-0.2127856443148754	-0.17293965360282976	0.22444530467826726	0.20715539094205998	-0.3281602613526248	-0.10211807253336669	-0.0191070622673617	0.35883613774228906	-0.5520651452562763	-0.1417153672015942	0.23476527882498113	-0.11281929495353009	0.009043221113581653	-0.10449520229223387	0.07850066452637461	-0.10970070680275736	-0.08014749200790865	-0.17701511670116749	0.04868383506535458	-0.17196405886289598	0.1491725601563194
DTXSID1047366	6.972601524092841	8.750601059465483	-2.9242883102895583	4.152505696115701	2.1857871379980067	-1.1289944761242723	3.98162206427281	-0.7155748505133022	1.010766091619006	-1.6384222585386692	1.405684273276889	-0.9706309717970789	0.19276408113069776	-0.9017653712222885	-1.774057127412976	2.023553660563655	-2.3288134101461644	0.5781825303009215	2.9734710740754355	-2.1805619553954587	2.265375838435191	0.02570840970545887	0.6010705770511591	0.5627716020136296	-0.3418498257698714	0.6272164689043194	-0.9182654205540577	0.17728256031321935	-0.11306340424940209	-0.14682713281838858	1.5650514101680133	0.40399067196373417	-0.36101886467140126	-0.25507604183409954	-0.625064528299466	0.3052822285328615	0.38072155928779966	0.3677762663818531	0.0386856602860799	0.6391040790441558	0.5387590447751522	-0.4860083318387988	0.3099058999885722	1.3605334231952526	-0.20426622135673603	0.4786726165486201	0.4063747448842394	0.7840501135543907	0.25842558957813927	0.40098385513091117	-0.09269683572145258	0.08548064445423242	-0.3558521224265781	0.12378378783685334	0.35410207031367597	-0.9730890797144194	0.334336456087484	-0.3102893620255702	-0.5256383164503556	-0.6263212493857394	0.22361680540285755	-0.3520093599814701	-0.4987966229928799	-0.19805762669070043	-0.37759189365980456	-1.6270300734624992	0.21011517502887808	0.4905787389374791	-1.1123908697300557	0.8428432286842017	0.035595278734972834	-0.092445964741343	-0.25378814043181963	0.7691462360016151	1.52464158722093	0.2630410824496663	-0.655598341151378	-0.13009965119814673	0.3809733646486755	-0.6188947835542354	-0.0941834958485281	0.09995651356837826	0.8678523221225725	-1.6531240451931672	0.01219752014415174	-0.6739035894834753	0.15982492905637352	-1.3115881610439257	-1.9052943638177944	1.3258207386422285	0.11681791476733057	-0.1099468316529379	-1.2858301845820304	0.34461025760890074	0.4203528150473076	-0.0744048652771816	0.6256753058379981	0.09966668241404483	0.5517281523747041	-0.12660481717060965
DTXSID9026423	-6.292738254399718	-2.159906204831385	1.705728043791371	-2.3249740499746907	-2.0503657152995953	0.9976436012886054	-0.7583603297647229	0.837188196831811	0.6149041141437105	0.6643202231323132	-0.15500421826187832	-0.19044895753717314	0.15110747859910162	-1.6014177026425687	-0.38407007429554746	0.7007238287097286	-0.7531189092060492	0.7382876651261274	-0.6252013593611319	0.20875379155645474	0.7685046969021617	-0.2124849523886197	-2.021734233455295	-1.488198264115462	1.2562182506056103	-1.7366854243205336	-1.2735766190380335	-1.9587542254760013	0.29061288335911567	-0.2312206757807277	0.8002859154699379	-0.15699719271013612	0.4285567037945908	0.3077156150680726	-1.2305374923564556	0.10505883070253597	-0.3546440901564407	-0.13744585353869562	0.022093140096752367	-0.4284497522899329	-0.7790960674683555	-0.6350555625109167	-0.8663864597844552	-1.381445932850115	0.5392957846689438	0.5272561583838126	-0.841179869878478	0.7025235528196984	-0.10233826066730832	0.17823118142898364	-0.4384531395610853	-0.2885049186410591	-0.8169473288328557	0.004199370964322966	0.2798720821388979	0.08365359370209431	0.5042035880293602	-0.4115828766598199	0.41417985646623773	1.3040823419036711	0.5760718678568424	-0.1552538802800512	1.3496217948788418	0.5089997507391165	-0.06909626819309363	0.3501287298715708	-1.0716763985947775	-0.4109061518079194	1.3317207085076879	0.14481747012916033	0.6431483697361536	0.789692403057508	0.5684152065578972	-0.09766856323552683	-0.18196741178641096	0.021291945672059564	0.7652385497715558	-1.0677583099396868	0.665644951250964	-0.4019046732272625	0.22705029438576885	0.2788184792833332	1.3951690603442444	0.6606627609739971	-1.1009608743271622	-0.9135053194489633	0.4714313533222041	-0.48555489004167146	-1.1402558611626665	-0.28429178272601796	-0.4899384189408149	0.4404727481418983	-0.8919682851641363	-0.5578486526695422	-0.0983610729035385	-0.7914145705184196	0.6520025698868127	0.7959591094363485	-0.726890116913092	-0.7661141988344337
DTXSID9023176	0.42985587468180597	-5.999496588225366	-2.5001362205126023	1.8556725585001053	-1.6356303463070299	0.266560020932281	-0.07594486290243022	-0.44589051642863053	0.9074275278102155	-1.8020482636833988	-0.2156324049449828	0.9829516814693398	-0.8157263447653713	-0.029532737048440377	0.41788843461104885	-0.5502188600288855	0.5997472222990645	-0.24535441145490078	0.04773343245652459	-0.05871264686739364	0.017235047285707777	-0.07438156703447305	0.455341934916084	-0.15434536146860364	0.021020159099783824	0.5769620166281694	0.4220624765767815	0.9115283087815328	-0.10578726964142937	0.040907111120829114	0.25826251500163344	0.18310521902502389	0.6099678771641468	0.121714048901351	0.2002013286426458	-0.01406878316213653	0.05107434342946046	-0.19439453598293505	0.04872760378433384	0.4273933564747872	-0.12070046411029417	-0.38475547755288375	-0.20566091001994904	-0.26668553878584234	-0.05323221100384257	-0.07202761617717662	0.44788604128066567	-0.2945508846135999	-0.05488751134170271	-0.25615865649656855	0.08026085176382011	0.044273583156344505	0.1350293989788324	-0.22904527171172098	-0.03253263645142142	-0.08449291097423303	0.029968562460583312	-0.005319837532581939	0.15424505746984435	-0.08769086117466	0.5178161786822304	0.19290771180762079	-0.03538010866024663	0.47519562477929916	0.15229360713594103	0.1873255097072142	0.295483777828576	-0.025154695730419757	0.33478258151479984	-0.16729833705409658	0.119272987331545	0.03271158920195989	-0.27737021706964093	-0.7650750089279282	-0.6125009649063353	-0.19566240628512738	0.4202148711744756	1.3307919498348066	1.1374856536971216	-0.4528932407849782	0.11747164720362938	-0.24184226398792513	0.10147488888101949	-0.06845895767697606	-0.28929425348707494	-0.7834178595049681	-0.11258056202471967	0.33301859882443485	0.24499864605205332	-0.09223355629199766	-0.6683180190774982	-0.5758842599612752	-1.0646391682264955	-0.6359129861313739	-0.5964511740745744	0.6755460664198694	-0.16820738029920645	0.9616421537819762	0.6986884559746843	-0.8445379027608811
DTXSID4023541	-1.939643520541024	-2.3296263579810788	-2.3755363749904133	1.6952966490118255	-1.1660994186095675	-1.0235672530784865	0.780382044479859	-1.7919654205519786	-1.976399736286299	-1.013152466187164	-1.2352311679808488	0.23603060994428515	2.1548773098796445	0.3432183191827534	-0.16292901599262874	-0.13653620937461827	-0.8222381926092769	0.531888748219427	-1.0795458392559656	0.40059843985227606	-1.2893144895400308	-0.8062103831878661	-0.04966271837711448	0.024221066050018322	0.28766355782252884	-1.2660764838854526	-0.5378008514108192	-0.14027448072440393	0.8895546990518398	-0.9440961511132107	1.2370846120944814	-0.6693360690421507	-0.31351046513588793	-0.08752457852303523	0.9784621667039962	-0.1267143809234183	-0.019140948219968677	1.1482362508068986	-0.6728756003471295	-0.04792894121559556	0.4389824262173985	-0.06984458003463508	0.7897824683459682	1.1017311659646543	-0.8131156109900517	0.23859212576389444	0.2503181251855301	-0.5488825903007659	0.331224382491804	0.4236879846345685	0.2162818991097445	-0.32054256325132857	-0.15143688471166045	-0.22800048834844577	-0.6121671066784846	-0.2871205697377154	0.3354728200893505	-0.6527901586418927	-0.22545584804655422	-0.48217369363089574	-0.5118526324733337	-0.23555017356255373	0.581368246655841	-0.43785763432208186	-0.4524267316845243	-0.024456689416570063	0.3461998176747786	0.8457682502388753	-0.11324051299759666	-0.1260832820449547	-0.49477031410204897	0.15882895311267892	-0.7791744374566771	0.535928132250824	0.6435886694118108	0.19322371419282422	-0.3247631537486024	0.7864167101524779	-0.4470692770704149	-0.12620625293765958	-0.11148104445737708	0.3345897061872002	-0.19131755805981596	0.9591970116015902	0.3124104607815579	0.03099732765339442	-0.1034329469770342	0.34522072133229803	-0.09349239207321132	-0.38809453759901824	1.137738352305474	0.6563797093550873	0.22808786582766533	-0.2913656127089252	-0.9201629279919272	-0.34343822011159214	-0.3648238078610504	-0.03641904472022175	-1.024401881728502	0.38553070726477134
DTXSID6049010	5.610571728062743	6.06676437355323	-0.4259211863288	1.7307716869375347	-1.3295302695231044	-3.5501902864475774	2.4009399370388307	-0.07301300859481319	0.10076424588814348	-2.1502305413933174	-0.054046200310466364	0.7333860446868968	-1.1321279636607033	2.5774909672837083	2.5156451569548617	1.3378827409360512	-1.5382026115013068	1.9996057209236089	0.30497454519233586	-1.2092725381659293	-1.0714185477912852	-0.5444929816541079	-0.6139447040634662	0.5563337240447441	-0.17666059403609172	0.21362817965517425	0.6635056162351542	0.8215802948104143	0.07605353270513691	-0.4427436672610383	-0.6430070249272696	-1.2821010228276528	-0.0541871730624879	0.6394005711441838	0.5338995154453333	-0.8303312252110493	-0.439112048470045	-0.3879060018176363	-0.19170060795963453	1.023674965002464	-1.147948832880942	0.6004935131365319	0.28127383167646774	-1.0959231315094244	0.6300399155919989	-0.5526138468497833	-0.8922132410548355	-0.5583131627056984	0.21999227796025989	-0.46400309688896757	0.160053237969869	-0.39985698401024505	0.44030718559556664	-0.1248734691353493	-0.32738119337533506	0.2023653552086297	0.2412140637763873	1.4750825139897046	1.116501366185154	0.5233635433402916	-0.6733401720721404	-0.5872201093101225	0.08706292203225281	-1.493375322107969	0.5238273727993557	1.028741581451886	0.0031118074470045357	-2.640480835634279	0.4695263811705982	0.1737627005287778	1.5591190704068851	0.7316392860423168	-0.3693501237805255	-2.284737686783185	0.9578400008119664	-1.5244571112053085	0.7555432258216496	-0.12872277532083737	0.6384070278666968	0.23767621388032828	-1.1368727655069626	0.17262945255341924	-0.39222886809317403	-0.10143463881658348	0.8420490836293789	-0.7868460296962559	-0.9220848979689185	0.566255799420178	0.20764705359351784	1.6441305241166722	-0.5418619905043435	1.6862018310801543	0.41257505938020994	-0.09161398070096557	0.8025480907647876	-0.21493558610213137	-0.18969067087490632	-0.7750071438043871	-0.3046113840837259	0.3372892256659177
DTXSID7046120	6.899188796597496	2.8921387243961503	2.9496947467151173	1.4707382642756548	2.832980382060405	0.16930501397851844	-0.2706471685382551	-0.13671472657768072	2.042604686714559	-1.139721730564489	0.49239601096629054	0.2100249424447321	-1.6059215620578047	1.3162083705929868	1.7366868387248777	1.0807481680274942	-3.9516752488294733	-0.7227877011960543	-2.78203221875968	6.327735470669358	3.6212168535549702	-1.035168722755701	2.2671265689626825	0.7958497808911559	-0.1362902079679784	1.0620868969003217	-0.2303796218459915	-2.1701967792633683	-1.1006476662503062	0.6478233796024281	0.7888220686454159	0.5314814113026832	-0.767265631946263	-0.3128331170329546	1.8045948062624275	1.7703403166590013	2.6689514186420022	0.1838255090337639	-0.45385027862681904	-1.771738727154795	1.2082499603569936	-0.6706226877082822	-0.5995613658244038	-1.5962616441791033	0.15895217779348447	0.6109266618393604	0.4582450683141551	1.6139679889803384	-0.46337530534962257	0.14610546562819743	-0.2457631316609997	1.5518147856249302	-0.4889625436325714	0.04152541712637229	1.5104929239029947	-1.8724364406553313	0.6446147291782085	0.061228253571832765	-0.5670857754923706	0.7115903190837004	-0.5590734234680422	0.8038849191890796	-1.9073136137542646	-0.5684250352585509	-0.920400073815935	-0.07746590382688068	2.316753677001551	1.2108709957998676	-0.6207868279533869	-2.050205783209002	1.024585106624693	-0.1597627416220873	0.09237177556983865	-1.9957239437828302	-0.6155741069294025	0.626484344805072	-0.2517554198379028	-1.584446379292635	0.3386192184290714	1.3702887046556158	-0.32636640802324823	1.2084132348317398	-1.435801865515058	0.8872926466868749	0.6686414541664576	0.7188836422371779	-1.1382653091782333	-0.9785530086118501	-0.6856429310888742	0.08907373343573485	-1.3375119869083916	-0.17832018001509808	-0.9978924578443462	0.4161350333256755	1.1206781076590078	0.21905906812536394	0.12039731418981701	-0.8198902304111878	0.0918668230006575	-0.35801764728529056
DTXSID8045800	4.20412435847512	3.1965343392038763	-2.2119768762893295	1.7205977563870718	-3.6778563345880433	-2.0589435766678625	-3.5812452972053186	-2.2230793942154565	-2.112730405326602	-1.4720616380261746	-4.989374039244407	0.22426454930670728	4.706562952139541	3.8210552710212378	1.011107361809263	0.7139752731940779	-1.4417191840545034	1.2504373171573515	0.8887622670087152	-0.27151240147968303	0.9233710121667837	-0.42552127599590667	-1.7538059971660789	1.204822812994246	-0.21536018286487593	-0.5737509547051389	2.2093225688585294	0.6418798663659455	0.19755859258425687	0.842174510400366	0.3022902977374889	-1.4097849033862255	1.4069614282617549	1.181119731404976	-0.20736246526577484	0.1360300401175224	-0.08881753048184463	-1.0843034954621564	0.5943447193258141	-0.2357386198488305	-0.2775535271707299	0.5942325108061494	0.06778239329644964	0.8866645467054832	-1.176791760760733	-0.08380887531896458	-0.16945663362952318	-0.7716583243889265	-0.5203997836840561	-0.518552762317899	0.07537174064688705	-0.21435251347109271	-0.29848360237107413	0.32171532398965536	1.195052629793101	-1.0861685998411443	0.31490344034905815	0.2500748046406184	0.17354336319903324	-0.5437446397693014	-0.18806821701802956	0.8800809067970746	-0.685533315808577	-1.4412411359089412	-0.48623989969695514	0.21213940611873497	0.5631996530662234	0.04974229097725097	0.3818864925572077	-0.9763205923629761	-0.15310952228193847	-1.7604863974338176	0.39749975002651616	-0.31753581336595443	0.750617813102628	0.0897205697487945	0.6661369662475343	-0.8693399878577817	-0.7948171426862628	-0.039531493563843036	0.2820558931500968	-0.32339308171126974	-0.8175990025273527	0.24133815016159466	0.6108799528115619	0.5859554397934299	1.5628207317975276	1.8240355787364317	-0.27275878618494387	-0.44222338089667707	-0.6664663362943514	-0.47179645720893576	1.001212647506781	-0.5393802547253006	0.879696212767718	0.3364443655055955	-0.27740883069546024	-0.5222763965272731	-0.18788701618578174	-0.05407903586712155
DTXSID5052125	-3.7452685084106583	0.33780843549100864	2.0750308618518702	1.0126266397084238	0.30512418851947337	-0.1003661623984618	-0.9643883939636815	-1.5052913028337152	1.0911332821903559	-0.30453159627077825	-0.05370460238630041	0.005582309183913898	0.04402589151540954	-0.21751463856771958	-0.13314568898618678	0.29301296561796114	0.2517237109047812	0.1770931460858443	-0.8011246462184014	-0.6980920634435497	-0.7296832874112603	-0.7321508730899174	1.3766488567827526	-0.5800194235911861	1.5134056849285036	-0.7756708286560652	-1.2248791864441873	-1.121185196383585	-0.5290621916897051	-0.20157624232960308	-1.874989921527113	0.7834236612144372	0.8376585366768061	0.8685350517343206	1.6209830109359844	0.4639046125199375	1.7227005466933634	-0.3220465254433599	0.7239213192838994	0.4133979247593341	-2.235869723142731	-0.4556605588839771	0.7533832168522082	1.1995590470089534	2.0975985905549632	0.20580940085551422	-1.7613857679755365	1.58087951900786	1.0064769123234734	-0.9345762114148819	-0.15107391142191198	1.2873405341180035	-1.1858923303174886	-0.7345286471662298	0.45034372423540164	-0.15352199033501313	-2.9174460141853467	0.8040281375492228	0.8463320805930784	-1.1861912858195338	-0.08762040233996478	-0.12281662340477517	0.35257974615723353	-0.43805042270016115	1.6242340178313917	0.2656868051532671	-0.9580399573407793	2.8076817538637586	0.06428489875937317	0.03910258249336424	0.18036721133734218	0.356348179170395	-0.8314580331578215	0.7222228407899205	0.9356475528531234	0.27716714646260493	0.33490356152742734	-0.4452587675002708	0.20838878286019083	0.5506017949588665	0.13816332141238882	1.5586347773809277	-0.4378537418135604	-0.19595533744058805	0.09641993184949223	-0.2095087364966133	0.4125729690355759	-0.02445124978567086	0.9562770243838753	-0.05691278672797282	-0.030585726547030078	0.12151341926850333	0.005451958218266656	-0.14766650780121732	0.31361698618848394	-0.12447458313170078	-0.4694951766996769	-0.3435383747946839	0.10600285686409934	-0.32268378219704774
DTXSID3026851	-6.43032509399425	-3.168870175321738	-0.17310259754018212	0.4066455361689733	-0.6039692766335686	-0.265024878255694	0.3124003525538469	-0.6291284286476495	-0.985511190871566	-0.5206298561105385	-0.8421257547492171	1.8215460794568021	0.7697662122968718	2.661016356259313	1.6868579149923977	3.107724653128452	3.3763481284286794	-2.044914776192045	1.3629986010271582	1.2793200488796224	-0.5147548490724787	-1.692955296490754	-1.4075234636043386	0.43133354648451205	-0.7551695905400058	0.5735231998871282	-0.3810079901570585	0.19498386845022256	-1.1946849817638372	0.9975065935106346	1.4564013240967693	0.2619202504318544	1.087547058576727	-0.24010449081627358	-0.017914222424371868	-0.5708829651894575	-0.6696785855252253	0.5658535918138276	0.43612676955997676	0.8903637753860135	0.09599158338264877	0.09884525001940614	-1.0374802735199062	0.8387778971728415	-0.3051239896243812	-1.419606793586922	-0.17133709761030588	-0.5795110981039975	0.0362322846459188	-0.7164860530662798	0.3607779411686653	-0.22867262234267424	-0.7491130784996555	0.16624943882998672	-0.1939313529066244	-0.3976397546415154	0.42978878581761026	0.44202972642799576	1.3483778753590536	-0.45044125664931267	0.9185567566394731	-0.45213848758392766	-1.2215746125392788	-0.23641479426666118	-0.3638317805569251	-0.6429045616713233	0.5172928297829539	0.30880202776431054	0.5443698955405516	0.7872712610633288	-1.41524367983668	-0.4716123466901125	-0.8064345971446357	-1.1349552729339656	-0.09348419072816538	-0.05470325719297047	0.4886444902772529	-0.5544871880823388	-0.3928918637596102	-0.223666007313383	0.26323078451723253	-0.3693978364276234	-0.06329298652465402	0.19229958686590545	0.29156558933163146	-0.3911842937948602	-0.13707228679282293	0.28483184636806114	-0.4189171008722831	0.4509394172021758	-0.34033230291244315	0.45126302681106895	0.20003033882513604	-0.29585283260082434	0.5959433112795994	0.050845519867181846	-0.1321410701070526	-0.03213241904265149	-0.1290205794412718	0.02073896532298216
DTXSID1029124	-4.183573486185403	0.7789655489914524	2.6938677488646707	-0.1557463990053034	-1.640174776092763	0.09219267414626414	-0.29903498196695705	-2.116365009342581	1.8636054319470519	1.0805994712438673	0.25741688656733724	-0.2311981153019736	0.1070341950339461	-1.6550453423861313	0.18833363084049212	0.1908202998629526	-0.07281369901045594	0.3567213096834587	-0.32417995862574756	0.05166744368044838	-0.8859530171577231	-0.3692771057683054	-1.538698453136006	-0.9786533838725723	1.919017770272576	-2.0421906876800393	-1.4478614131573266	-1.2107172247820874	-0.4068090811435587	0.2732365817482014	-1.7330082521454098	1.5455938819467876	2.1622959154601715	1.3603527766013206	1.8477855162616712	1.626157388917954	-0.6156083260803283	0.39420914444839406	0.2627955026659061	-0.51321665698074	-0.3534113974937215	-1.0485965471780432	-0.15498097964874627	-0.5744913954955501	-0.5626511852398438	0.8599342000690439	0.36822683485473806	0.10660232683082334	-0.04406394269381368	-0.1941946550028469	-0.17533339222614702	-0.41251711095742105	0.08423160227382029	-0.5345773787582252	0.6065159456447298	1.0899721806906106	-1.3278468851557612	-0.23374222468302974	0.009955575782104773	-0.7327907697534133	0.033337315335930505	0.6631628004254597	0.6257971118163314	0.03110468701264	0.03466575050504896	-0.7877511647594697	-0.12436953700686175	2.8646893421679476	-0.3156172450855887	0.0031094095262659887	0.2689887825387095	0.8739813378093698	-1.3120586378774795	0.8321599578942509	0.6537455439493817	-0.4988878850774272	-0.20522459658447273	-0.4919738957279967	0.3039891519929322	0.904956516891445	0.38811180515203175	1.7377572787437356	-0.10057932171009915	-0.16547798100333458	0.1307277790846342	-0.489679451855978	-0.3264778413046196	-0.33234123517176856	1.119695271790173	0.538238887036766	0.29202916965082437	0.5857625260411051	-0.5648813790332049	-0.3007855308525898	0.04885748582572715	-0.46717477058563545	-0.09619446629942109	-0.30566155250787	0.21460239462201028	-0.13125309880226582
DTXSID7046172	39.80317988298792	-12.787478398300792	-12.142937828338587	1.691157443472485	-7.871749250254985	-6.635618885196554	-6.52014434646377	-0.9409023142482822	1.379761521393414	-1.958810338514207	3.317797483609084	1.7189377615708041	1.70891368607713	1.3034865169810579	-7.911243464919783	2.931651213222043	1.9821552432908909	1.4675814951938724	-6.01742693879049	-4.421838588646563	-1.4549873059532359	-3.1728948814247766	2.382142665053038	0.8226493398595831	-5.204898224954522	-1.4782992791997813	-0.47000705860066094	-0.9391782567304696	-0.5215604571537504	-0.4058411906670251	-1.9245261565262008	0.4785056559571237	2.0653410730903072	-0.5579308210475128	-3.135734458892267	-1.524446698041672	2.0773413300916204	-2.9418295583520915	-1.8687963132194858	-3.5172827392682877	2.502053523027958	0.3135496100815405	1.460754071777463	3.0719487870843984	1.0564915705925286	-1.727112192925458	-1.4378415090853465	-0.9922582107797481	-0.4039214276911284	0.7048704108120791	-0.3884594983034403	-1.6412037127559433	0.6252127915038317	-0.20016796221042643	-1.2992676996657364	1.375830983488988	1.4910215714989046	-0.4768127421960672	-0.5749960114034244	2.1207732274881033	-2.8280884762585456	2.1714626498411738	-0.30913625167335107	3.81729032779865	-3.789052029062841	-1.1085288013965982	3.4468837805674513	0.7314142578472473	-0.513305220476184	-3.515073513013668	-1.6562545724719915	0.21196090663020198	-0.14846765138297904	2.3183097244355184	1.533747932266413	-4.546042136626866	-0.4431544611644417	-2.7435308998170105	1.906785887945476	-0.10945885384980207	0.19178203468530797	1.0496506668096541	0.837350057791464	-1.711986948074887	-1.6522075859755936	0.24165738155367228	-0.19604636739855325	-0.3811800978790423	1.2312779733499717	0.38124656500132187	1.934040736776557	0.5450002443238139	-1.962442401943943	1.2984245286943787	-2.7309813122548148	1.188632298132361	1.776513984477454	2.456575585857519	-0.4082813755762687	-0.9266265507927003
DTXSID9034365	9.003769836921995	2.513622935018416	-3.1404363639372863	-3.0765340629217537	4.2943353198582646	0.6122224436504909	1.7233146296462034	-0.20287431448420182	-0.7722613397071698	-4.417505255079104	0.005302281810685139	0.6779319051452468	-1.1493432835022066	2.2851632725792514	-0.9575503823395811	-0.5047925868117958	0.11196825125114333	-1.2301814931542787	0.10823692229098185	-0.8724486248624841	-0.13880597538418893	-0.03527787457319559	0.3123188154365584	-0.26164472932550115	0.06302297766626368	-0.7199097825532278	-1.4579158307619215	0.07443549433633015	0.0886324186323927	-1.0280767177774952	-1.0017559939821195	-0.027152684389512037	0.2010519982497621	-0.833940022232484	0.14760922564770215	-1.091365276900908	0.050024044122085026	-0.40274427879032687	-0.21762058779436347	-0.6542472042505455	0.08450027278659163	0.5606338187298918	-0.4159560907764899	-0.22488468385918275	0.05660565543581231	0.02431612323509908	-0.9385810455700777	-0.04296211871773961	-0.25420815504214994	-0.0046385888578929	-0.005986752014867612	-0.2027703793663498	0.2670034676386902	-0.16594538831806954	-0.30400475257329335	0.1278736902788973	0.6179231573415543	0.6400322215007749	0.10064572523628273	0.513070512758781	-0.2071191062420157	0.8370411455416753	-0.5152208206690079	0.11191112792110766	0.08246246078118505	-0.856633545513182	0.05449247757117244	-0.6241278136315171	0.94513139935035	-0.2257769830092429	0.8306525246419102	0.07638842877033186	0.47795525904339314	0.8175172528179503	-2.7132422814593373	-0.14816948677560624	-0.08787107763693491	0.6441707334477536	1.0602654168964232	0.0952151464917138	-1.0257013439006264	0.7672682152716924	0.5839172321973646	-0.8948324899799719	-0.24173910481483454	-0.5428319152678656	-0.45537203709692736	-1.1418516386531075	0.05096586671746526	0.10321159254725006	-0.41575391851550153	-0.16550631534220597	-0.3708178582288739	0.5133849977879826	-0.5095115064510434	-0.5158749871681185	-0.9240268640759453	-0.5507592550793318	-1.2830528317934533	-0.4902278457685914
DTXSID7026108	-0.4491484623270859	-2.9689334349911696	-2.2721815368767198	-1.0204406444373346	-1.5257496567304527	-4.360943023715455	1.0776242436635304	1.4419449374121458	-0.417138654058299	6.296011145459257	-0.25958805859973594	-0.9757466161162784	0.3132182951662989	1.468374658578627	0.783540400144927	2.3805126400402012	-2.8867926888124735	1.0041434322179725	0.5992193557807309	-0.20286053876274063	0.3610726159562414	1.0239691787072076	-0.8845011472613156	-1.480263046508135	1.4421385157423399	-0.2540550752736645	0.7822057513659362	0.23470332425735943	0.8803741050648654	-1.0849829988576731	0.1911674068127927	0.05828812326043168	-0.8053192247792689	-0.16857545782875188	-0.14655464978493057	-0.7395189972680203	0.09078216646344121	0.014073760083115013	0.8046015367412245	-0.1108245346307329	0.34257714401302675	-0.8786417964670028	0.8707990469621518	0.37654251087586016	-0.43891538692910587	0.8642454491408089	-0.544840367109361	1.2953366929664678	0.32569773217795706	1.0057346613143243	-0.08119830571663955	0.4254127800193502	0.26703214819811405	0.2755089582451556	0.8295926928165165	-0.8443031212685418	-0.13659524785149493	-0.18743642203010266	-0.11932295669697514	-0.19858737757267225	-0.39253988729399275	0.01717712908113746	-0.31143823997164255	0.21440850239461184	-0.43513124518566076	-0.4871700591383826	0.9209408524420192	-0.2077791034298395	-1.8277959753550055	0.1109814657651425	0.6404973329512706	-0.35940385222092214	0.1857412539340191	-0.04001629123669856	0.7111662861930037	1.8480547458915306	0.0433928408587739	-1.6440165035142864	0.4189432251099816	0.14004140197557474	-0.621691891160101	0.5167833294703592	1.927899859469277	0.4085859145198771	-1.3817969032618074	-1.2156119400121774	-0.44227013040117774	0.6327439442906502	-0.024286641231744923	-0.5055724931722523	-0.5092204762489078	1.279745165400712	2.6033775045955356	-0.7641254519130855	0.9559841979464065	-0.4498241436016316	-1.2477254829946194	-0.6406589844559734	2.1229973202879506	-2.1024114159420657
DTXSID1052298	-3.4304902911499107	-0.7557595069718084	-1.914604697166461	1.1765082757437766	1.4883982404662115	0.29658168277388575	-1.5200954356377017	-2.1072005321856255	0.022860757597577726	0.5605281015946836	0.9299515312325095	6.852254312675945	-0.9365020591788187	-1.9811112823483301	0.36746782415255286	-0.7789714168423685	-0.851639732632403	0.2782350430479662	0.02238770408936426	-0.7014089752093333	0.056622346192629514	-0.0655248645409394	-0.2743497887780048	0.36383905622288154	-0.5385956891900641	-0.08251529755845124	0.5294230349603795	-0.090866891106407	0.21031512061341107	-0.01643281762540527	-0.32298946122755673	-0.260643144720085	-0.12735254064235987	-0.11436237571948875	-0.45148640875182355	-0.2038232186438814	0.05514334246607719	0.45447299441216965	-0.01853596670965922	-0.2904165916434659	0.38302897919956364	0.3481416063156244	0.03919190764096396	0.4354934878223095	-0.4937315047684426	0.2211803087878163	0.27120083897860975	-0.27926487761499824	0.12749231364614683	0.20839405052450022	-0.01676239227017374	0.10479061511881364	-0.06012315950149938	0.11739868490580115	-0.08679514399958647	-0.4338556855821518	0.02609682193535645	-0.11087082812324431	-0.3447428270641408	-0.004477421875038543	0.00021598291059412143	-0.14842448887245258	-0.16453592216885846	0.39511586807342103	-0.23882005957015234	-0.11440428124222403	0.2801970316622148	-0.13372049949609705	-0.355979045192128	-0.2703845497857554	-0.16280852218635192	-0.439554020309446	-0.17108737065331533	0.13959555287845965	0.13550469491491746	0.5803156502131412	0.12195607446751608	0.390617419429098	-0.37881560506875905	-0.4596313594344071	0.20319285708333548	-0.2955602248020043	0.31741315794874864	1.1095739008263874	-0.19874202435548954	0.6650863382475849	0.8461606626758209	-0.788656993102973	1.1943006753746035	0.9681664218553672	0.09746766148254021	0.3380070574722187	-0.16981400869188285	0.22452281510919656	0.16635395473072428	-0.4914637491937957	-0.031345312730418635	-0.35832136280975424	-0.41892251991338075	0.3624092366909986
DTXSID2043874	-3.914391040766439	0.45640239252448933	-1.0236816273445055	1.8050534889146295	-2.25578640872558	-0.05745602037554066	-2.793036378969401	-2.5924475408908485	-1.1418501697915602	0.8280135645679568	-3.612217646289724	-1.008084588135628	3.713732963486344	0.8008505988766825	-0.002315972936981586	-1.0440772671619207	-1.080211103304353	0.012806360134494354	-0.19980167483276998	0.3907823466410528	0.3314396126883385	0.8141288786723383	0.37189840521503165	-0.21474856630820074	0.4386762018373433	0.5978665235468985	0.01957948187347911	-0.28017972000875	-0.26319040889245	-0.3984739296335261	-0.08147711875109799	0.1183650115667399	-0.6830363376077064	0.3611224223941641	-0.42051204433633754	-0.5909285671337003	-0.8021255330547569	0.13982165417441778	-0.1529621661132494	0.2759534308775134	0.12757664506092084	0.2085891730919543	0.09141490100894899	0.2724213026879542	-0.25342989791670995	-0.039796811960819106	0.049937351231620755	-0.29532911272755313	-0.2107076421234418	0.24295106429611696	-0.04115737117112013	-0.27990596799028244	0.2375446093077893	0.031796581667030845	-0.19399167736374115	-0.10146684396652658	0.15876646919468454	0.03426763107125377	-0.4571927757029854	-0.3799143956014123	0.34623444692452554	0.2684074766114007	-0.13033649735211028	0.6626256785011274	0.21623043764060762	-0.5694073179090773	0.2207582630127693	-0.6737543793937508	-0.4075102103702045	-0.7588706396360473	-0.09339539168863893	-0.4783055596508278	0.18114715753062602	-0.04072051111498601	-0.048735462564238274	0.48321547623292455	0.28133310297379843	0.042345404822488636	-0.20981652381216515	0.05403439997435546	0.045345424265315716	-0.32072926512076094	-0.02088912482722025	0.47191541047514796	-0.09766050081157805	0.004747440670357421	-0.6222318421365046	0.13264034739493843	0.42837242287565386	-0.23931870673461642	-0.14047785871118562	0.10547000528770327	0.18300945968830062	0.07379819790818695	0.653287352696413	0.14194600626290743	0.07029670160811201	-0.19114884962152245	0.36552448107555274	0.06674361720873753
DTXSID4048802	6.15843855120053	2.162185041993104	-2.70401218522827	2.0414533922221323	0.6661576596763055	-3.787950106009577	4.264315991545297	0.12509535051038634	1.0695254213391567	1.9179970228245775	-0.6437704063599065	0.912505707883537	-0.5550056940033106	2.014693640047016	2.944609886062882	-2.205975832661611	-2.95074986648716	-0.5032969351374783	-0.006311209529481427	4.925475206841638	2.1779026648850794	-0.7085417960874338	2.6032518288298183	0.804715954860616	0.3877016154358487	-0.9310883171376246	-1.4316215740465887	-1.4112020652080237	-0.5405523720906082	0.049677705198012435	2.0170116340782456	-1.590488506224281	-0.7236506446650747	-0.8549989538707237	1.5895201627920856	-0.5496737430669998	2.3600291849111454	-0.834187336058633	-1.7068968862349563	-1.3176159500773215	1.1224525802373917	0.5040541170611479	0.8097030167305646	1.515576649832349	0.5749342562888059	-0.48056941952076077	0.5969063789984381	-0.5539710912165827	-0.07720280017532333	0.03948425822678309	0.20615914133806612	-0.2517501500902138	-0.04621109236664991	-0.2873111872347375	-0.3678823957775767	-1.8371999992935495	0.007095893877776571	-0.7517804378906997	0.14120475540858038	1.1174503162464968	-0.955953179195617	1.618057743788625	-1.4672942870942045	0.3153154397242724	-0.6609503163471661	0.04397754397462061	0.6741340594214291	0.6612272556917232	-0.11474418346914063	-1.4738606302215875	1.8755287274740364	0.18178272869968964	-0.0848727552194354	-1.076471364134573	-0.597995908549122	0.2611773824716971	-1.3666168132193601	0.5244512406990691	0.1687369066024995	0.828816106291377	0.25433765820758825	0.5423833549717567	-0.21354849263973186	1.2696634763613932	1.1444967031198545	-0.010504521482131903	-1.0894356784366233	-0.6011402333793227	-1.3701334472539388	0.39114453569337215	-1.7181601251332443	-0.35085699068104953	0.31157439635742473	-0.5928435865458056	-1.0742356163132614	1.9238129858486932	0.9723901900555405	1.0070061088651527	0.2681685549725789	-0.610635870317033
DTXSID4024193	-1.1044565651451674	0.41996174219862037	-0.19030739392307358	0.3998750739553622	0.13703888138949133	0.08608464508372789	-1.6331096881236424	0.7582383047931732	-2.3525696012140513	-0.8800064481932616	1.7196194370369116	-0.3435668818403062	1.9969765400214243	1.2069244192033777	1.911276471790966	-1.3401162379968847	1.379850056660087	1.0028641980028206	0.5840253491226202	-0.7474497219522941	0.17642906229864275	-0.8500025143593632	0.6657633252993563	1.094470090571395	0.35419555881286197	0.005211831953470439	0.2841205196186389	-1.3642630357543917	-0.2256688091112008	0.40325574341547926	0.05065113584681244	-0.002102073556773855	0.5369622782552304	0.19113282036167437	0.84616310436731	-0.12834924560256278	0.933515956180228	0.21425322274027092	0.6353670565201406	0.334504327412333	-0.500999363410658	0.08545991529243985	-0.6215897862213141	-0.11448154515688148	-0.5507093540036296	0.1595339618449428	0.3796494629675241	-0.2523144971298486	-0.10964904240675137	0.1788869192903803	0.05054963265815162	0.0012397942457159593	0.18896390484727107	-0.41669567469469904	0.3001887000067309	-0.15061216609829284	0.30355991055786763	-1.0592173581294309	-0.21475470377616446	0.3571716025036337	0.09161047070991601	-0.2418284980515504	0.060427517954728005	-0.22848760843932325	0.017361099254429	-0.12258145354542342	-0.22881898686632196	0.3552347588196768	-0.8349057906868486	0.17292732354256785	0.810951041410752	0.01267397531651403	-0.8506743253045977	0.2593181049981975	0.18246869953409567	0.6169337309883645	-0.1237287536197389	0.49672936627303205	0.07421234745208424	-0.17116807211304666	-0.08362274248984596	0.6047382316159062	-0.36444005272483665	0.05367165106063912	0.16333772998487261	-0.013692225727003581	0.1630829623429523	0.2282118912502938	-0.020184031124518654	0.03224107127385124	0.4809567788432546	-0.12846407372306612	-0.3030554147384379	0.17163102774149774	0.00804635091317497	-0.1933212332615113	0.05747678398839599	-0.10376661731661957	0.13830079832828007	0.10437778027138075
DTXSID3027370	-4.216143335000377	-2.6374260670159573	-0.10814898908616963	-1.9861223504834378	-1.4000193271384231	0.03984056782094401	-0.7755237462166178	0.9496144193392594	-0.19150450096568356	0.10705519569737004	-0.24353068781839435	0.009164087844283388	-0.8202476210625343	0.41683260702916486	0.5457876546256387	1.0241979762944353	-1.2193504492105223	1.015773544832365	-0.5652542458884157	0.14311000738029744	0.2033906374425267	-0.10113166216770401	-1.683903294307944	-1.0277593174694573	0.9742063045940639	-0.5013142259884349	-0.11289458838854129	-0.3453075547645446	0.08098512485436832	0.07393417927215608	0.959577677991678	-0.5738296493837207	-0.38027160482096617	0.26508347436404434	-0.5534590246679378	-0.17440586300432476	-0.49690592170584313	-0.148015692857386	0.30582139741221687	0.5539713057757365	-0.2760017635131758	-0.5328469324597723	-0.21951970170496177	0.17495371407819524	0.12140051059896721	0.27816147296407495	0.43985242064154056	0.3581225745093477	-0.05769616548901839	0.017282854642733093	-0.1464560425265877	-0.1985360959854172	-0.10729344078539721	-0.17147979398968502	0.3138911993744566	-0.7731329634285755	-0.31394306364864544	-0.17449457476742397	-0.026420218873533574	-0.15896409121615468	0.49449325471943784	-0.23220294192324417	0.03854238275733119	1.0688076272516098	-0.024054825346855258	-0.4035841941501057	-0.28586528076110046	-0.1491951442810115	-1.0133169446811892	-0.47805682693999946	-0.2149417739331879	0.4185755902763349	0.3132999183989969	-0.47802419542139546	0.7080047286252709	0.22050433607630418	-0.26090873225292016	-0.8032671139090826	0.7993867169843213	-0.042290063748566455	-0.14189346711661313	-0.05442880464340378	1.2939479022174052	-0.6075881183895002	-0.6494221150919661	-0.36099291652687887	0.1611498260753538	-0.4732684487547738	0.33102838808703267	-0.9236955155138031	0.10018180641931293	-0.7618773555277126	0.004012233076413211	0.36715219514648256	-0.4935314491993752	0.014623415320055913	0.37617245503117974	0.530903086110501	-0.3324393339844051	-0.28484891681268876
DTXSID6062599	-0.5976598765858437	-2.5806748345641983	-4.309600795832473	-7.999568553858507	3.035125899158234	7.398711538002987	-0.917034899734068	-3.3423491723599525	4.7696777414878015	-0.6660049047690247	5.30011577268082	-2.041548537011267	3.7656148681299824	4.081488489876582	1.5005613318402138	0.5913065056821879	-1.246085000745915	0.31563644486009473	1.9168399120383952	-0.3657394585540594	-1.5276726596278942	1.20687861935959	0.14413259733623618	-0.2483370356713973	0.5125992125398863	0.20873589829521635	-0.37782111074222996	-0.5929201287698989	0.1662991709172831	0.07673532625421771	-0.1773879765133064	-0.5706976909192853	-0.31838066725153574	0.4444908404822387	-0.08285455574733233	0.09584203067837407	0.21536943991116392	0.07652783182316074	0.503020122558774	0.46983224835782816	0.23951762301798016	0.13664588970911046	-0.8984506805247097	-0.007835814123945215	-0.09827660561006654	0.5579859480851607	-0.09436418269449683	-0.2235082999994051	-0.0636842059614318	0.11097912355108162	-0.01725012020196728	-0.018471439259623888	-0.1945165336972105	-0.01736248416223008	0.4527283497546153	-0.1066677423518661	0.3219283157268717	0.16289692788850646	-0.8414505308731093	0.43781089540843054	-0.39990158372864315	0.09645061169660385	-0.262476906598152	-0.04976979307257047	-0.0967665595877849	-0.41321829672043	-0.2578639329211988	-0.2655685125211347	0.0541236058675333	-0.660392144543571	-0.05821357166754629	-0.06951948847599677	-0.04588860050061797	0.3688546782155455	-0.19144004808624931	0.2074726449849506	0.5721753391598139	0.22367525773615524	0.25591373967364967	-0.2674123781182622	0.14176935705995525	0.24692772213321557	-0.2635451453260749	0.39720019599216805	-0.32460029085293296	0.29317097686864063	-0.0957973545510045	-0.47705728685180376	0.4066479637856539	-0.3090342843258898	0.5916031093109159	0.14817948902365055	-0.1915693329790798	0.7647953793171375	0.005471269044671528	0.5006752904933122	-0.0041228374372631466	0.13115787167387083	0.20677490616732055	0.035577600834375014
DTXSID8022377	4.654234464488628	0.0660838788192635	5.096092646295849	4.819810731228353	-1.7837459937406197	2.5481449786935753	-0.9244701573344789	-4.1548063238360555	-1.0724958200908332	1.3825562114502596	-3.7291244407272495	-0.9771052514059466	4.358088842472714	-0.8342425451122663	1.6115088787557834	-1.4235891547110522	-0.8210401133383861	0.42632455328737917	0.412517405952441	-0.5807504653291089	0.12389658257362778	0.6237573464612852	-0.6615160982500473	0.3862422109395161	0.10498807285627786	0.2253052357550082	-0.6450165675473856	0.8601920416003184	-0.056321460304792736	-0.6044312658144222	-0.5481206614446265	-0.2809616127967536	-0.7368704281404423	-0.43543306687655164	0.2717138520846124	0.2025068138853858	-1.5895256899015986	0.8966425519321067	0.6524703839532675	0.4687371289645807	-0.3597052641902874	0.8274376770662061	0.13139686694720074	0.8110191118916571	-0.07445338596479585	0.18959993071551004	0.42767977720612826	-0.5323415579672488	0.10260604694735014	0.07310950985045925	0.12014590015712916	-0.0922234212649627	0.345910507097379	-0.046711603076184355	-0.46984760704282047	-0.45022125553140646	-0.32536253236681406	-0.28921780415265924	-0.0923462358330039	-0.07856883749412569	0.38769160141271325	0.11275640549655094	-0.31977846789880826	-0.6714350363565131	0.6657805667916549	-0.9107126956620419	0.3594721412421112	-0.09897815395262388	-0.22853387913008713	-1.2941071920718705	-0.27573886407338577	-0.3955454052939864	-1.1450105406353157	0.356698544873713	-0.3114354080581444	0.13160179408414494	0.46085030320691434	0.6696932146367679	-0.2175448795284239	-0.02695650708647099	0.25981174291127496	-0.022272456665837354	-0.27629374028561204	0.12188720645261379	0.13237645948522717	0.2508059923477573	0.21611687179386396	0.06620892483833524	0.5125598338485512	0.04908125743303573	0.3524043105465477	-0.42695324943162416	-0.7595642303581288	-0.32021184744623876	0.45844115502055105	0.12478593024003591	0.002332893310249603	-0.16940036214928694	0.33224038262851496	0.8021959080531148
DTXSID7032630	0.4587814566262986	2.3185734199479846	-3.3895523530788076	3.9089274343707383	-0.12701221112019828	-2.1872550042555203	6.87982807715693	-1.5735247910415937	0.05259813692418933	-2.7864708649808123	0.8161256887842627	-1.6047376680043584	0.9853209737434208	-1.4258545607392168	-1.4827237613181354	1.626695838432021	-0.8956966210661826	0.41379566684451036	2.4934719812543076	-0.9421515639888127	1.8129655329182437	1.2147567912708177	-1.221321351247391	0.6169312144204449	-0.6869708483200561	1.0100814751899119	0.8157471856869796	-0.6837859408851591	-0.6560945870203635	0.7367781347426472	-1.3998564789997028	1.1087053684715724	0.15736248318940368	-0.9410774155710863	-0.5300660115437886	-0.6733392276178262	-0.36618298881937084	-1.0735073738191132	0.5501976860575091	-0.5234804997361584	0.05434615672993126	-0.5989936002054504	-0.1489999665268112	-0.9663731807068836	0.6274258332758492	-0.42507387968602195	0.5041418435578515	1.251264019927099	-0.3235678452213095	0.16553558824020356	-0.6171870484953234	0.4999779408255399	-0.6498468661326682	-0.2421257632640786	0.6946146793864141	-0.3624029406334253	-0.16799387738377097	0.3955058604996963	-0.23574798278693926	0.8139608747947876	-0.24237700339515236	-0.10251284078100473	-0.5769525903026348	0.6913981493057861	0.3754269199339626	0.2258604707695264	0.5116358839017268	-0.9467728299323079	-0.19986050127803903	0.3123622163718809	0.48866788698191793	-1.252623469115261	0.5026664373488482	-0.37339538682875156	-0.6439933525031688	1.0095013851089194	0.11917069872858586	-0.09227527152460732	-0.020767174598070065	-0.3520899648176929	-0.14672035198769073	-0.28719452521023303	0.028500448736133867	0.3070985308707932	-0.0780772242687645	0.41454561066153267	0.452117552924454	0.2909471513988806	-0.39722028424410516	-0.45470501667581575	0.5998990982049088	-0.43670707766282	0.11732943337397905	0.8243461690645698	-0.1805501597019813	0.6033407573018321	-0.47722283208998445	0.7293862771316796	0.7131574064603382	-0.5378649022233765
DTXSID6025513	29.037753216315195	13.126785832554447	-3.6969678545796985	-1.7697872998957227	4.452819203657154	-8.299881495981621	-6.378982610377926	1.781310340053321	-7.185840658237155	0.8754288946763918	21.217825698196233	-6.251247442635896	6.165851718179775	-1.2075679232499388	8.588479634308548	-2.712127892074375	-0.6768770959728131	0.3062006535638698	-2.6001434273767954	0.2599534816476553	-2.8754859763647582	0.755428647878931	1.1824189985429099	-0.729441355359513	0.7032615357843706	-2.0159791978073196	2.6573700879697926	1.8945159730478323	-3.0160194253225168	2.6139939689232654	-1.1573975543288182	7.519753459363164	6.934477873452418	2.8069212998913216	-5.294961713808336	-7.285361168639547	0.8639176426479994	-6.766032742499446	2.275339375510474	-3.5306502636362405	-1.275574387681296	-0.8057772837377684	-2.68396795512239	2.2070491294768435	0.8640193044683999	-1.5298758019853722	2.3093160235082237	-0.2617885654292336	-0.13542731406295722	0.9696026840749902	-0.2537072257862615	-1.6076922852713544	1.266469199647887	-0.3848629619579088	3.2643248081680616	0.2948682406927147	1.5531199230867003	-3.506071402066039	-1.88668120358455	1.4950097006241327	-2.9379852928318018	-1.301037288208999	-1.1199069409586881	3.757240494385034	-1.5994363157796836	-2.2718903492583236	1.0355834778790076	-0.5665775624446401	-0.43133645373389223	-0.9280023385337262	-3.473586998135082	0.4421652926306619	0.8154727981324866	-1.5754732847977304	-0.5676999447092075	1.9498202589752596	-1.1275449616608568	0.3699649275260466	-0.7244139936024894	1.986149430538381	2.319912403966097	1.7388628374436776	1.5004104336229889	-1.0841595693350115	-0.9935116172699138	-2.2034870596855103	-0.7821092602017183	-2.3010546103958327	0.6696260628117257	-0.8959100852056799	-4.051289784327048	0.6847982107767672	-1.578007641218596	1.791254088606105	0.8772464612393915	1.8868736899222096	-0.8432762638541565	-0.6479545640484923	-1.414790477426885	0.6374535693259001
DTXSID4044618	-4.820080936695825	0.7248215517047097	0.08847164352515816	0.7997193206853258	-1.7643341876201086	0.870125363080336	-0.9318452550223281	0.25164788158556484	-0.012540014224747171	-1.319972590236726	-0.658546288159185	0.04124084429301201	-0.21345416179219678	1.0681630347748357	0.6326565178973526	-0.0479275783797364	0.47247975680015786	0.19817506263719953	0.5502759480785981	-0.7469078801576605	0.08530504676910423	-0.7957659575556769	-0.051271539279291824	1.085858748742077	-0.48145212545438315	-0.44396410177402745	1.0330373445649919	0.2977425281898245	-0.16599191232426794	0.7789890005709034	0.16355277124084505	-0.6947535009099293	1.0665981915002571	0.21586703534649135	0.31036887815931824	-0.23443350705816915	0.1166257957919447	-0.902572439135137	0.584410123422027	0.09246613019266738	-0.3174378304127879	0.5875183156469289	-0.041369727512261624	0.44009348474648247	-0.8312812033868948	-0.3566212134590853	-0.16549529010822456	-0.5655620252176609	-0.28322593536188384	-0.3746512420196215	0.21694240144005	-0.05346384746955098	-0.06571542576926341	0.12559639447609605	0.5746856020184378	-0.7410322027385771	0.517380856592511	-0.01838659229236322	0.45492974763563704	-0.13998839783195074	0.16007353481692815	0.3874482573626633	-0.7518165428015603	-1.0220088480307734	0.003773038766111726	0.9153565705378892	0.4294031793933012	-0.058191742835225276	0.15920981623012292	-0.3733999543318569	0.1157094674627848	-0.6589092302215724	0.04725614763087215	0.13341918684288853	-0.3692296116654865	-0.15585287241845583	-0.034897374983209835	-0.2803957564184639	-0.6154666113929	-0.13946397732729046	-0.23638069019462013	-0.5235721031439556	-0.4929044499905888	-0.29981886783814504	0.34740175926827555	0.4240909436787746	0.1351393563909972	0.285753791888467	-0.4469219048386148	0.01486752806184112	-0.20753967187982966	-0.09337685703396513	0.3397009995238745	-0.10838778335560953	0.43216284246230463	-0.19880950341621972	0.12843578772925274	0.32689975711669345	0.013196689462651129	-0.17669677254327612
DTXSID9046443	2.6376434269645492	5.796799373355521	0.23600015141261227	1.318932529042583	-2.792820469580029	0.25475600131476084	1.245410518162154	1.2823562764498782	-0.23038929934048788	-0.9487824855859038	0.5299433909651241	-0.5189512857881159	0.01796011724142643	-1.1206969107445395	0.33493780556963987	0.378651786432549	-0.49467322252118273	-0.2876418268688444	-0.2724056959961725	-1.003373671822018	-0.9094860926688195	-1.320371387249672	1.7051498757180374	-0.11787433362868721	-0.27449795029942936	1.5222532697430573	1.2432157337444607	4.02431939609772	0.3570226807329517	-0.908963291699917	-0.888008242671296	-1.5886179675961054	3.0423156768792174	3.72217328699817	0.5024924123600742	1.6140344791853227	1.0524780950774566	0.8908237501072778	-0.3707981765897533	-0.028351949879802933	4.845712490181383	-1.1964485775128006	-1.767791643947901	3.7251430087844146	-1.3652223232154954	1.1469018594641838	-1.530222618466833	1.396716695335985	-1.143470825823639	-2.41478898825953	-0.015378843572376675	0.17017991502925356	-1.4073916555406232	3.3394247328039195	-0.7986809134625253	-0.4028420101081538	0.08534546587212109	-2.1568515282256144	-1.1652260246719446	3.549640216311846	2.047216834712467	-0.7219630248752905	0.4194532321656368	-0.45378583445150417	1.8039509165881007	-0.6089556660424713	1.2080053876209529	-1.1554500013591222	-1.1124631039824748	0.6132588083571098	1.0156765212804573	-0.5424198285495628	0.46780375562981263	-0.04944082754327124	-1.4687556409048046	0.6162168372035767	-0.11082366786395759	0.3040437730930199	0.6562404009961872	-0.015076985184706088	0.02670681062673763	-0.14863533705665363	0.40240249680683743	0.25277797787397427	-0.5227180178562624	-0.3668631882361745	-0.14737953956456493	0.6359920610314398	0.11743989800519747	-0.49547275818925485	-0.386561377832669	-0.6183892039863954	0.5833819592799858	-0.13984097594489778	-0.18155742085615356	-0.21479294647807773	0.2793639477884404	0.044475079597167344	0.5247229896274582	-0.5367964819545984
DTXSID4027521	-4.876615203243176	0.5349822925664223	0.4958198821909014	0.9970216351170698	0.2669903052563558	0.9537924560309424	-1.2907245105495677	0.42413583438984714	0.20712322947833453	-1.3895961170517772	0.125217377697222	-0.004209515103318955	-0.23002368437660542	-0.06451575495326003	-0.5432245167451996	0.042426254953199335	0.3338672432486092	-0.3449481401236531	-0.6939489370451495	-0.8145834755425774	0.2397267389729892	-0.5784781730698121	2.452870522873742	0.19437165740588339	-0.26943828157135336	0.06280266318655771	-0.07549714192517162	0.07250615311328329	-0.26976091535528174	-0.32050181861950994	0.22330791738726444	0.259007752913959	0.2911017572451826	-0.3900885578598401	-0.3268574208835991	-0.7629372984589895	1.609229544723085	-1.0718007427825034	0.5818816566856382	0.3696393086811228	-1.496510858936949	0.8034148314560996	0.36274079147685045	1.9433105539194155	1.926688732807713	-0.05982735766894709	-1.9513091754034242	1.640741830265842	0.9404098643629841	-0.7324695306175989	-0.19656925193833522	1.4936797590311832	-1.4288923367849808	0.04189756603242264	0.0016662858685639946	-0.734184702456085	-1.579902717133058	1.2355176002479717	-0.31373496593292266	-0.6347972015895731	-0.4365527351334666	-0.48852700840549496	0.08608346003395319	-0.41967153439200267	1.2088313051908577	0.05043866352629753	-1.056976930744467	1.074956108020616	-0.4434335969322419	-0.33064348701344987	-0.5020650753196624	0.3543227568998123	-0.3518845325996707	-0.006683605063474956	-0.300039413184946	0.8545997009823363	0.2822233829863102	0.09834066020917694	-0.2203925878391413	-0.19647546735827182	-0.6147822449781757	-0.48739336630005886	-0.48457545025246834	-0.07384305088982719	0.29499824045745754	0.3860002257724344	-0.36406989763678244	0.24230091022249445	0.04467905020655486	-0.10622900154060022	0.1283722319230835	-0.017403852697593092	0.3649673636133363	0.04440741657776761	0.34600481332176075	-0.16677051936252554	0.016571713959673526	0.3511239346114187	0.09118362202617261	-0.20291950984331614
DTXSID9044742	-2.6334662869268803	-3.5580792115806177	-1.3810196629511373	-1.445659887618563	-2.1554179478886533	-2.2421420996726895	-0.8503800732470326	0.9010617383252407	-0.8367648298825596	3.3584995439982266	-0.6706536406859341	-0.23049397358426932	-1.1349875165486465	3.0530683687109876	-0.4471275924402185	-0.3265702658298982	-1.2058322321946915	0.4627382435596853	1.0049130840657272	0.42340709927146764	0.14755024890808124	0.5398673962411124	-2.3067801541882345	-0.18449854428972332	-0.08122539079006345	0.5111494104642089	-0.20115174881894735	-0.11198793850591286	0.09960268959845477	-0.802980093974177	0.9044262856513545	1.1586926917925373	-0.9137479216813659	0.8639486764614565	-0.00953790857736836	-0.12404057355663307	0.07502172036482913	0.6005216551159676	0.47789130261012663	0.34372786716482534	-0.40065365028401034	-0.8674380277870819	0.5037987175131282	0.2097968113709745	-0.7403145772885408	0.29581652887988485	-0.18150247155871344	0.21692931042148106	0.20580472756556772	0.43129353445949153	-0.0812478589513354	0.07867761801371742	-0.1606914813882444	-0.2759523793279815	0.15441268682075185	0.25618494667596536	-0.7038808741283907	-0.2201450313606165	-0.22168536620904128	-0.38559879826910093	0.019354124057761494	0.45779196618581064	0.8130089883772565	0.47792941637083153	-0.25511510626380396	-1.0409797777782266	0.6941971765926239	-0.7689005198612585	-0.8210712810452478	0.38510325212098234	-0.21335810748695994	-0.10881335148264308	-0.5688604071601668	-0.1963466486112253	1.2586697285968305	1.6661962902370497	-0.011323578229994658	0.8999003698872297	-0.5307295182209616	0.5178038972263407	0.5733859439749946	0.057289086268356736	0.44584539880282276	1.5428822338130315	-0.4641159032042784	-0.5334113811383787	-1.9246907691848778	0.20741436737075594	0.5252038633781815	-0.5096420714739882	-0.2851542009137706	1.2541441853868809	0.4081087488931687	0.007060355205412659	0.9148779816721309	0.2955227795958552	-0.4966050195181094	-0.021770747945589693	1.078229916448559	-0.8601476107292197
DTXSID6024177	-4.924758320153203	-3.1773013580063036	-0.4415686724356469	-0.3419656902703521	-0.2542413358987597	0.6417741587833808	0.15183958129438818	0.5433469128560325	-0.7782906833214525	1.542951346373286	-0.6761917689137719	-0.12792701561564693	-0.5974400004924527	0.282160417589703	0.26375831082545087	-0.710787238037751	0.4059122342290617	0.35609898788822697	0.22835743445012077	-0.5915045187871137	0.17101441276109935	-0.03814954151018972	1.1614373907704663	-0.37215981573781987	-0.0005010000220521186	0.6368270212446017	0.3946029282857964	-0.015103671169294711	-0.29485739984961634	-0.1632449217388214	0.46119228323715095	-0.27385765957703134	-0.29394843169440205	0.36580396403365606	-0.3355112474389085	-1.100311317547117	-0.05938192000598943	0.2155579304485959	0.08454152223744735	0.1650998289777376	0.060821431136639986	0.43114182165567655	-0.2000394135949803	0.19201549514789254	-0.409698323788748	-0.1265764697047473	0.43556162663325054	-0.23161591867219308	-0.11083130496834256	-0.23346558770549813	0.10833939645191679	-0.01385171043511269	-0.03663407413784152	-0.21504594939320726	-0.0034565402760316295	-0.563238259554849	0.34324603605006	0.10955824573541326	-0.2317326423123069	-0.38955680682119476	0.7074006542684288	0.18545140013806144	-0.4280216287090703	-0.6092754462680736	0.14673669744049597	0.32516105364111836	-0.23264440664732894	-0.2188413561075725	-0.7186287679020371	-0.4852032152382037	-0.4234568488648589	0.10205924473775185	0.23090913931422088	-0.7417179177033076	-0.3392323842600996	-0.26676361592287906	-1.2431197434388346	-0.3073558031762431	-0.1992894478733703	0.6036535863376548	-0.91416790873497	-0.2929516569358105	-0.12269717196993647	-0.31038076079326476	-0.3697813506176206	0.052346838611157215	-0.39904622191640604	0.1555580805845597	0.86624398857046	-1.1585102232454534	0.5990047127557782	-0.08410236188539283	0.48496255680150074	-0.02412746923976773	0.9778826954600542	-0.048707314616464256	0.5250053155968889	0.5831808168779622	-0.1953345952221682	-1.0013073674964978
DTXSID3052648	-6.51874921734445	-0.9080087594480182	-0.06613822319977941	1.0910997778642124	-0.6963496214231576	-0.011947206288295747	1.178663702787585	-0.956474201119215	0.42691331873420235	-1.1325974497893874	0.38272609728881607	-0.4955114299177212	-0.5986207633090087	-0.3296263944032862	0.18984798519670026	0.5356325718336327	-0.6165497687227909	0.0866019243959004	-0.6093581206859902	0.22428978962335971	-1.1948117229239148	-0.1470623097710058	-0.49216254911740853	-0.4379690509743009	0.9353487917753913	-0.6101115168010789	-0.25423994042899506	-0.08962706473007179	0.3082581415648824	-0.01155094734771663	-0.02819896474675317	-0.18714100475128237	-0.5992153174769459	0.1961592808235004	0.8051985026049087	-0.07937026634490792	-0.2327778724679631	-0.12001177859729373	0.053180688742639814	0.5152715217191846	-0.5721244157986598	-0.22417431795264264	0.18140509993510803	0.47465384316118997	-0.09438623373849539	-0.008660230885833137	0.3284565924368293	-0.3367261908147954	-0.17758418191250316	0.03497774679139217	0.07373140733319371	-0.2772590789543599	0.120068589645526	-0.14578486932975854	0.056328094087083995	-0.5626270541885496	-0.5538620822521189	-0.3338512375943646	0.28697060052645385	-0.12499138980514074	0.30922409127895717	-0.14626834160392344	-0.2550169354984827	0.8109986018107302	0.24743001193434547	0.39243786021230675	-0.0034411247861340466	-0.17414984905109304	-0.5659584113397379	-0.5640017652351729	0.11860775815798873	-0.15469082772168274	0.36266799801042543	0.6500594479521966	0.6218439855946691	0.1675753754882053	-0.08199836853311146	-0.24700366131119392	-0.17418262202804588	0.19440932691342658	0.47025602982620657	-0.14842689533359438	0.4179138578616317	-0.6988305442437096	-0.022876331813050835	-0.24328405843370673	-0.118028261717493	-0.6530941586595626	0.29207597523682644	0.21457328378160048	-0.13550562048200837	0.12575755577866954	-0.5256464620330986	-0.8933788576595223	-0.21242677596995047	-0.9234140118831712	-0.07846317346261138	0.05054584369534783	-0.4313606327918792	-0.12381466107033458
DTXSID1032642	8.572301329894307	1.562604364682277	-8.182202426190555	-1.655278780492674	5.759629242574415	-2.1522506477405203	5.891670031343046	0.7675648213764372	0.9431347608841611	-1.8352880122932673	-4.655240730172184	-1.1136628062473626	0.8395842544845017	1.156941944128087	0.0017105783654781709	-1.8524722260694515	2.048716616245364	1.8763694152122214	-2.47996268457456	0.48428657370646083	1.094662078207286	-2.1404899359559417	-5.877266621222271	0.4659237516335043	2.6435511461212458	-1.6084331134014844	2.174986507460245	1.784464319575193	0.25099292470593504	0.5484871418763083	0.8840183638280661	-2.5120654767431514	0.585117973291614	1.721322015131411	-2.001148211242464	-2.0708008051216966	0.07580256791216293	-2.428081918054344	0.1486223193472717	1.2038501591932729	2.5984982386287423	-1.1576955473571815	0.33334946795275167	2.963831541027871	0.3437134693903507	-1.9539521159976638	2.3246577505086363	-1.4663032660562003	1.3621178756054644	-1.4869108491915688	0.9256929532869955	2.5249597247445403	0.2541214352588266	-0.9022897288234872	2.634255024474936	1.6330947512587457	0.6881813853121812	1.6260524662185123	0.7320220935954762	0.795013438601274	-3.2263553533928473	-1.2614932470530358	-3.1417800056725276	-4.896838508282968	-1.0611689579340258	1.7138069521413926	0.15982544345012384	0.87772108100245	3.3004889591967608	-0.12163061560309993	0.6668236581137245	-1.6323651809894095	0.5407726068144667	1.811275822933495	-1.0812627314481946	-0.8384064868329928	-0.029196449868131767	-0.2679264657348202	-0.9595176592410991	-1.6279919305275599	0.09328729390636809	1.8201505575181032	-0.5466915239739981	1.7199164735791113	0.20342571655209266	-0.14886820802876724	-0.7476373115204011	0.9245289293517915	0.025516597675649854	0.9724375614405709	-1.6894808324330488	0.25871369353262347	1.7691150577192158	-2.7510432967553147	-1.5141499325148062	-0.15122033568789361	-0.5294081946468082	-0.44278205868129217	-0.6442010885970015	-0.04384129183011765
DTXSID5044493	1.8244038632406443	-1.9729869420157704	-1.1125430842609891	-1.4035855315506822	3.0050771410789583	-2.727868944083373	-0.07882707383435818	3.9248584494009977	1.9443754233905326	3.417933360818629	-3.088285869317332	-1.3629367251703608	1.1724204902242297	0.540570910842427	0.32520358996453297	-0.64269095042064	0.04178509640782602	1.5537801243494131	0.17846019155610096	-1.5822177106357425	-1.016693959876147	-1.499953471362633	-0.28461964821879393	0.47988670199276273	-0.9242253482420152	-0.5641136562722324	-1.2453105807265534	-1.0767273044324424	-0.07840219269538995	-0.3908478157612071	1.011662029708408	-0.75274828912489	-3.1949848272580237	2.9149756640894138	-0.5381741847832419	-1.5670446836135166	-2.011930565385123	-0.09202795214750922	1.5905468825119902	-1.1043389890489343	0.6400286638426725	-2.929148586346296	-1.5421535061426888	0.10445876194213109	-1.0563829148234072	0.13513812359902738	-0.23441790579965174	2.577743682280833	0.5963722134911351	1.577933049776709	0.40777577302609647	1.8040379833412377	0.6825141789569225	0.47434187252225307	2.2893761903323044	-0.838358415404104	-0.2166276432794832	-0.08890473809532073	2.3174078084064766	-0.59867069887189	0.4151187761416402	-0.2824151062520644	0.5825848687624973	0.7121904045860803	-1.416162934224043	-0.3129972394062565	0.027484479487503488	-1.2197976406032782	-1.0685061747661369	1.206095844516673	-0.7146245126967407	0.16084207809860623	0.10096682804077044	-0.3936243817724322	1.1433245412588917	2.3703647648483592	0.07251974923545365	-0.2954861551335301	0.4808074483799803	-0.7791391860765503	0.7168175024993045	0.8129181317253527	0.7279567173598399	-0.3420594739099029	1.2221718573571612	-0.867278009629941	-1.0247400997494673	0.059883916806698204	-0.1894945818323287	1.1760431270123302	0.4380971150729244	0.11195879760031671	0.22741916909857984	-1.1489052819492134	-0.010451394279218044	0.251083470801783	0.434476530801842	0.18529998948138612	-0.260586497115453	1.0118321315482814
DTXSID5023582	35.024834070085035	-2.9953439593369064	5.733237389455939	3.26321618242506	6.567156665787108	-2.5935893083936046	-2.2133290391410307	3.4611396572935846	-1.2395203484209352	-3.0229772056027873	-0.7294577111145129	2.307144590812727	-2.3952944275868404	6.190777993831256	-2.737576443966122	1.7050777894030271	-3.508306895416794	-0.9280666603723678	-2.071435929766455	1.7477454315619736	0.9618200392189972	-1.428757744379345	2.069790420279549	0.5229510319274232	1.28028504473446	-0.11298336221389688	-0.5216989209954587	-3.1309243953944454	-1.056369177095224	3.0668390804070342	0.5971044707426861	0.7726734999927416	2.6214638148352973	0.9871749575126711	1.442778141832386	1.2494806741094115	1.0650730058884295	-3.0035904568633303	-1.1349822371833616	-0.563584391506001	0.6995147727156596	-0.4331642057983482	-1.8054193802346092	-0.516890345943009	-1.0483702780555026	-1.0150522946411158	-1.154289537460986	-1.1543491304057114	-1.5012563223984687	-1.4585443543078318	0.15161701266369945	-0.9605494255960288	-0.9675794214051658	0.6662637402678542	1.9634452357974264	-2.6529930682165905	1.0570844014217307	1.1815866072860364	0.46068056928895335	-0.09580771896761123	-0.6624466533070104	2.3602050977415105	-3.0817010107124374	-1.8393254997733963	-1.938309601478309	0.3245029104878037	2.0924020406301693	-0.5785747768627291	1.1888227196677978	-2.0291762532594055	-2.6590215667076746	-1.29459793690545	1.6248137828430351	-1.0182724131754763	6.615002144021374	-1.8829917788978512	0.9018311119400346	-2.499635779206979	-1.5429031538426252	-1.7265559621826478	-0.3910415474849145	-0.4181410733058721	-1.564332793965504	0.7310610219306675	1.415154831752889	-5.031019329846138	-3.370142070350905	-3.3001060870554837	-1.9902569717880436	2.5296405360982956	-1.3484466472325751	1.7467945599556673	1.9788437582096579	-0.2297762499508632	-0.4288940199699533	0.04000531751353139	0.9177657316226701	0.6689858681454073	-1.509390729165388	-0.5249268707930012
DTXSID1041920	-2.083939193688173	-3.0533510808906783	2.400078353063902	-1.474453855661348	-1.458210212240291	-1.7148454160721471	0.39039046467768795	-0.18396932837740687	-0.059386463629986605	0.3915508904603845	-0.4449604106593468	0.5858009473685778	0.5327216011886655	0.5788227448000061	0.2700566447818659	-0.20031259738771462	0.5132734237282904	0.5890771694545218	0.15368854357469153	-0.9927955227764795	0.1490936031137585	-0.4968631787075308	0.3137524193314903	0.45872734308172747	-0.771027041813552	0.5353509420812234	0.6325041818122819	0.09727433655320225	0.23890087835948326	-0.4791204592058823	0.6364971010754726	0.2832566345863244	-0.18664809183978948	-0.2498705762114141	-0.26259705372157716	0.25848124692699803	-0.14006118196890108	0.8963815920379296	-0.2022493030070836	-0.2923927331922734	0.09842261683137915	0.2806361132423962	-0.19304551801867723	0.10203010982558858	-0.33817975647624227	0.1969970301182227	0.32131208374875797	-0.35695375854237343	0.05968542349438732	-0.161664880718785	0.09567349117863816	0.07207437244236166	0.0417359662630825	-0.05253142503654433	-0.2531887165849412	-0.2254422677042579	0.11409467257957583	0.1040757225847516	-0.24609368880526983	0.10637720801833887	0.19225753655932865	-0.027018381328099677	0.15126501244808138	-0.5422937170949166	-0.4176370337920302	-0.24897025686101773	0.05016404594973627	0.1397133902576345	0.09880109923173039	0.6960581107580484	-0.31813482438454044	-0.018469579280007663	0.326360789987547	-0.30510265079236515	0.292199187676251	0.5987944552799643	-0.253837710962518	0.6233978785335741	-0.20273158314133088	0.3142681408055214	0.04671283290246917	0.33223920719761174	-0.07841349022894836	0.3214628701628095	-0.0526222899493115	0.11931470722991384	-0.24511688777016494	-0.1652689563885148	-0.10696076187688999	-0.17910270728789926	-0.2147895022892323	-0.18003042671656308	0.15014842884958796	0.39848589093979386	-0.23610531266913373	-0.03432046457573464	-0.13602046866137982	-0.08154163994820432	0.22441578303473209	-0.2534965306364345
DTXSID5047295	4.788253849579408	3.965528654896287	-0.37862603265744266	0.11001734899415591	-0.8079944569968092	1.9819411134092868	1.0493125785476722	1.7988071184873144	-0.4938280489577835	1.833983801754946	-0.4320674159394117	-0.8833585890444455	-0.3879436406328448	0.051678553446971455	-0.29315852369256046	-1.3828411247043388	2.3863395133016754	0.7814690434917846	-1.5213616494760784	-1.0800866892839358	2.621317730991009	-0.6841863876246813	-0.8260587400224283	1.1982431766966657	0.10054861476435381	0.5496185490560066	0.5558536975574	-1.0710484991485314	0.026283129490084173	-0.8837472468265508	-1.5482623944286813	-0.291462521180081	-1.299022084815087	-1.0890896799128253	-0.3939195618371536	-0.5504657803413352	-0.21793242552323527	0.07542824525164522	0.4941127449992597	0.44311541313439357	0.7721062863843502	1.4784470309560926	0.21399530372345774	0.6422405534405248	-0.46962780743675603	0.17280482012264975	-1.372626460765811	0.20645449218091108	-0.22673980661669518	0.3212790026041539	0.0663353775064866	-0.10436648044722716	0.37065612604816955	0.27890989559502183	-0.803855430654613	-1.1448785021878871	0.8786910511071367	-0.43136847964140984	0.10546392116975065	-0.6964558130515022	-0.17914588765024386	0.05365877651542461	-0.24182733099038806	-0.15078947665902664	-0.03878672818599714	-0.5204198878997103	0.2787253840177063	0.11001561911769041	-0.18058703615828514	-0.5632125083055926	0.6776991697905262	0.3510299735162288	-0.3311997330509021	0.7986162907646125	0.5675488189030611	-0.040637014708081086	1.2555377360245736	-1.045515611884917	-0.10107712264042872	-0.5799936200624282	-0.6638602254427698	-0.11770592034480894	-0.5340484316446406	0.14364919400401494	-1.0626760659808419	0.13918975844038625	0.2565409961723308	-0.005523553415266795	0.37005622567726615	-1.572350425755952	-0.37665876315313185	0.5760224215235318	-0.002792897138550771	-0.593188422407486	0.8521618181052371	-0.055005372073622986	-0.5842189736519373	-0.9672308569743974	0.3801833189915487	0.199219200666801
DTXSID9022734	5.315933772336846	1.1753861653556348	3.306431920578429	-0.8309370178069672	-0.6322608534336346	-2.9705765913529993	0.08131434662214312	0.9989217701277004	0.48394253584471064	-1.171357564259685	-0.10840645357228477	0.6681486252816542	-1.3294463813615676	2.6075234245364207	1.8592234883192522	0.7506526783648894	-0.8390557847986158	0.6626868941755906	0.2446620293640336	-1.5640739576673888	0.001146399033448001	-0.2147675595737068	0.4159602567872503	-0.21671267615346457	-0.3681566786500616	0.897739446161726	-0.30817872952258424	0.31142763856858774	-0.2671314401372351	-1.8572431371753337	-1.4540129496320742	0.3593628646370797	-0.5059495778340742	0.13660964678892315	-0.10491504269387554	-1.2620156712064592	-0.6586125934599388	0.6718533507223172	-0.2697844035095429	1.7411621997094648	-0.2417422770095762	0.44152305627752075	1.0590997632421701	-0.9135879324224935	0.11849377723314765	-0.05265186704588887	-0.7588011550133479	0.38493351150578	0.3489497910704729	0.27121440440256994	-0.11142577727553765	0.06353271525796753	0.6512145543455009	-0.3970495084096108	-0.07118913649646147	0.2772352859761677	0.22087327889838246	0.9272112381738852	0.04770982615512253	-0.3029882971495141	0.4745868152487771	-0.5823542914717936	-0.227919488462872	-0.04961089124483688	0.8325795863924949	-0.19540871435406096	0.744689987322217	-2.1120338558024465	0.5325327102701073	-0.2756941117960858	1.8568796763686484	0.7308399396649934	-1.5248246304940254	-0.6162356893345058	-0.6912407009941479	-0.32298284733105337	0.4114815694839253	0.005959365933107024	-0.39332889224778783	0.42455294695577017	0.1742876779682118	0.2660619470679419	0.257786353525769	0.8344740409873332	1.131527516817153	0.4009118201721361	0.019761075700632205	1.396194836494242	0.05547420736128276	0.427732673231357	-0.6316267687999083	-0.173789696266246	0.41268003208907567	0.06662664590936146	-0.10905575443440142	0.1562345092033446	0.10184960342080465	-0.14797574354102888	-0.058463140856058915	0.5529365184342966
DTXSID8034538	4.23791867596465	2.174021947446212	-5.241578239858255	0.8889500964478438	6.540610654978885	-1.8264659896044828	1.4443398662979419	1.0583691317344528	1.2995750848017051	-0.21206370616909165	1.5082371800591983	-1.9263488168016785	3.109282872113739	-1.0391859976939666	1.8978779044255263	-1.3056675994331175	2.044251284378487	-0.7413161375978573	-0.4908081942677153	0.14473423499346547	-1.7191133317713758	-1.4461741953997194	0.7463980190185632	0.9855253690605038	-0.8852050439192285	-3.9663083666859786	-0.7211393301337895	2.4197649425877237	2.9554948797121936	-1.8872265105194541	2.6488639445992748	1.5069805228680082	-2.523331545317122	0.5589189343160211	-2.560106289842239	2.9582935279626303	-2.7196597554160746	-2.03250155111384	0.9761095201811913	-0.599999585323811	2.836453057781525	0.1658937338814459	1.6144761197418227	-2.2711668942325276	0.34993012212600744	0.10328245673623204	-0.29460077880180163	0.7103779930963914	0.9868952084509311	-0.6351493607507784	-0.509373245551566	-1.371437710344307	1.5535895396265988	-2.3567831936420753	1.7864277332375933	-1.491256695240917	0.3918159273519702	1.6440072358332318	0.07695250340128444	0.95480345560983	-1.8925178793503903	-0.033761787958319266	1.3875600868738804	-0.6454717183715007	5.607845121172483	0.708919498974517	4.129413939563589	2.533206112840828	0.5423524970785237	2.1439477386178134	-0.14349864535932177	-2.772784642980186	-0.19183288216620054	0.43546654055307754	-0.3670610674843862	1.4495233244239545	-1.4952656508864282	-3.0215815935543837	-0.4514086606106038	-2.3991756590488897	0.9459059919498469	0.6325502416149111	0.6700634705657298	0.8655198771040573	0.5560238362560107	0.3133830962651821	-2.1794119530484815	-0.3923858445335274	-0.23153969693726173	0.13229852063699007	0.5377028815414823	-0.5658664029868937	-0.33321667659320264	-0.012214938858941177	-0.1884199297757876	-0.08534658232771006	0.7397022279719795	0.3075794108278649	0.3299843237058273	-0.32309544610170116
DTXSID4051900	-2.362865923142602	-2.120110582681804	1.2286273128351188	-1.1350634929693795	0.2535642330367238	-2.294565849490756	0.36286641988214713	0.3742085880164344	-0.005520625899372223	-1.2110910424265728	-0.6047236037562463	0.20369732680666827	-0.8290768329895066	1.9256225131513431	1.6673572276067106	0.5518866968191298	-0.8144538742151033	0.23887558793064056	-0.6372245751048395	-1.1086360487798876	0.04982251133072654	-0.38320478823158677	1.0321879662196134	-0.261594615284386	-0.17117805204856107	-0.26071969509393356	-0.26076945260173723	0.47045783644466255	-0.4042384860285523	-1.3039617393125011	-0.9554551540926947	0.5312617915478394	1.0634956989460664	-0.11021889943188624	-0.7972661911029582	-1.5397226434583346	-0.8929195607007189	-0.026146668617084427	-0.47150691503504893	1.0053604016564885	0.27444681380123975	0.2888001315779329	0.3695279793772739	-1.1891888459946967	-0.0019508574532353376	0.3477332143843887	-0.41580916626682735	0.7155540816163408	0.37871556535473705	-0.004889430339068668	-0.1813257141982736	-0.18977809662484987	0.4908963341245366	0.11994162657850473	0.23453578691940666	0.5842454380505876	0.5826450674966469	1.1767798172276889	-0.35910007980723446	-0.19495051301220234	0.1988660972629953	-0.8548829675657178	-0.028694963053247865	0.05144988349603093	0.33760120769913887	-0.12963585941867384	0.19253142936818532	-1.5804411061120978	-0.12529572878699713	0.42031189935509883	1.90660791237998	1.2882997580988254	-1.0135232937717336	-1.1543213314212168	-0.9694972191671756	-0.40874451016542057	-0.2411982764781696	-0.5164214137202355	0.14800086691695255	0.2385133935519993	0.6100909064159159	0.5493855498707665	0.5673277033859898	0.16466436459176623	0.3834117008400336	0.03713319582810905	-0.1334766021267433	-0.09810017810727405	-0.47990431735682687	1.081424904759468	-0.13992085334633733	0.3106444428131001	0.34891222060530686	0.5119948703739344	-0.2003423823981514	0.008233851807716061	-0.41593064829484966	0.020931392519423074	0.32714187863635363	0.1368095812824076
DTXSID7026235	-0.6247763230952215	-1.4167457155751326	-1.5588949655769708	0.6710728169795075	3.2476213707167223	-0.7875258402935503	-3.635875098810592	-0.18434659876310125	-1.0867789847660563	-4.250622085333056	2.615782275100486	-1.5946879312626134	-1.0610701994664904	0.8029280821574156	-0.5487437107812485	-2.894701113304871	1.2994632507790376	-2.877979064942027	1.3851765062512489	0.8163689675830765	1.667032039455165	1.2775228968727963	-0.1623387653719203	-0.9158250547447642	0.5222453987237657	-1.7224794333555724	-3.293293577922308	2.781502777918747	-0.13215877110869462	-1.3520504513520772	-3.1451718092045162	-0.02106472318135049	0.82326940330785	-3.377114295044151	-1.1929064488057832	-0.025984122231536743	-2.4989394653260346	0.5975324727081931	-0.002626468787790596	-1.2387192417675976	1.4232445157375386	-0.6788940299178124	0.8642202475405749	-1.3865043895641025	0.9911926360518607	1.3737545557637398	0.18410380559576067	0.7837076651825693	-0.7050002277687758	-0.7452372420610621	-0.06110395232350558	0.42693620387954584	0.6381859588794623	0.7430977469854914	-0.03289917870453744	-0.23666715612366082	0.18871803670775303	-0.04950604290583508	0.6583842348817226	1.3494016331119125	0.6230583395624028	0.14719532319756085	-1.4273176930751312	-0.796882023444828	-0.16800842092323676	2.421929692481377	-0.11221117141797797	0.26607946194096105	-1.4956882220984111	0.09438605948812755	-1.2474228842458348	-0.4043581786063346	-0.5566117919099586	0.3464962036692954	1.993552707236323	0.9625428887160228	0.33903011901231384	0.19048118218081447	-0.08843647318820566	-0.11816777594139961	-0.009779350100205954	0.4495744013951718	-0.36590072323072204	0.43528646852102554	0.3792914395689329	-0.5127783562941712	-0.1975568540706478	0.7703686514836193	-0.15242358014619484	-0.05879429271891834	-0.6314162014992244	-0.1300044706308428	0.5310246400869254	0.3340446101501803	0.47092014369548907	0.030540235589202536	-0.12680719008367583	-0.28306743056244793	0.1052365643277489	-0.035503662351123885
DTXSID4046230	5.146407487151562	2.865388835563207	-2.616175403203042	2.5067750574797527	-0.257222993054878	-3.2606036213282574	-2.1417829006049973	0.7788275436754236	0.7333194600685906	1.283261854272846	-2.1878564831527596	-0.45056619530061237	0.9706480172868268	2.726672891783057	-0.241383485197182	0.04916390328160834	0.9958092346102668	1.4131975491712514	0.9494751591084166	-1.0214277969316736	-1.2823782387030276	-1.081346736156398	0.6426569111395858	2.0528872814465817	-1.855098623302862	-0.05366495999887349	0.947780226450528	-1.8245321432054846	-0.14798335805695026	-0.13268373037953443	-0.08190707496228462	-1.1966030887242287	-2.2494782563962685	2.8039491780065893	1.967264258270844	-1.2634164178137872	-0.7788795145702719	-0.881710823399433	1.311702192137699	-1.9616271260090599	1.798431687187584	-0.9542999672794045	-1.3272082806101115	0.7984768349963788	-1.15528774849327	-0.05957769233013706	-0.7017419686760032	1.1462243412244877	0.11980375966459945	1.4504038021850703	0.5601752782688114	1.008773097838095	0.6998538652451468	0.45085132855804894	0.25544630948482333	0.8576555274689018	-0.12146725982373903	0.7517520548122117	1.1951383239342723	0.21947878736960927	-1.212607035840517	1.8736171028639437	1.2982385555982803	-0.9073793178487766	-1.598789812686033	0.8426049893812259	-1.2477597198003152	-0.1319886161077322	-2.991467304703396	0.3785423728220972	-0.16929601559793966	1.2739020593202812	-0.9824558333660368	-0.19270946663665633	0.6942153041810974	1.5683409656793061	-0.8185162117911352	0.3895423340058792	0.021054656175238808	0.7779464535130908	-0.25135449925895903	1.4273621158945968	0.1496635148955305	-0.6149977889984749	0.6679083141650447	-1.2302659115457657	0.7015698296666393	0.10104372562812783	-0.7388635203490068	0.5583226067388176	0.023376716530613864	0.23490404661876707	-0.479089788371661	-0.01044073668538506	0.3349441799160415	-0.39102130923806183	0.985495966547311	0.20922129676875206	1.2716575010450835	-0.2795174843999322
DTXSID2044892	-0.32699593409001715	5.205157256219312	-1.311164455463344	0.2329980176328242	-2.4500395333338196	1.395275855190243	-2.713584038345982	0.3908427054497467	-0.04440394688487425	-1.5850869606782874	-0.5849774105232658	-0.28706469833785203	-0.0983681260072475	0.5815045172805082	-0.8790994914516544	0.7152622904576247	0.8212148910700707	1.3221332212160866	0.664652366820284	0.7415798376685425	0.13396746433554999	-0.21995174199333276	-1.3842956684483494	1.6052089079282277	-0.19378294656685854	-0.44955654462671907	1.3539988714296751	-0.2384082468071258	0.4652473242015719	1.2130313529791934	0.6295596877012818	-2.4697096258339317	-0.680806493009143	-0.12783420817720828	0.5716512509586837	0.5417554384586345	0.24175784289640498	-1.140115963163147	-0.08559207223233675	-0.23670507590792556	0.08950779162334144	-0.06108461820350904	-0.18153097090850343	0.016533531521634563	0.45859682594257273	-0.5098603523401679	0.5243900340587963	-9.318289260508332e-05	-0.239752105553113	0.1686132376066894	-0.15034876988781917	-0.4155563990113797	0.3019371408477062	-0.18639225683938995	-0.7735057979003522	0.7069036754749602	-0.3177822590055423	-0.14340135467640028	-0.08242934532079245	0.6817242646508386	-1.6891073327036388	-0.8177887240313259	1.2711750377452513	-0.003321247071953156	-0.2449859281462494	0.1652108498279957	-0.8251409679965526	-0.1552221985977444	-2.818188070769148	-0.8674628690890295	0.19170724473320802	0.7311090748421876	-0.07941863421391854	-1.4541835615234764	0.2733693476048349	-0.4260483452391302	-0.6036725239896165	-0.5468123003840222	0.5976055908999038	0.15431710467727366	-0.616442081463205	-0.501612383619357	0.09181458924925061	-0.33483781807937957	-0.09835774437176661	-0.0547478887209344	-0.815820682497808	0.35938321374048793	1.2171097038852872	-0.2919626325145069	0.4365423471836209	-0.08301556150901374	0.35464899667700256	0.8384828941948078	0.0793039657066518	0.15234650411881795	0.09011021445066128	0.3464435780430283	-0.4010653134956722	-0.2018709390474137
DTXSID7020342	6.607966781517376	4.052233109901674	-0.736010991258427	2.247711828906081	-2.4310061125073257	-2.072303374451699	-1.1915489727052864	-0.1317679766005393	-2.413171112572472	-2.1451239296594635	-3.767939857164309	0.4982933864520582	0.7390080394326064	6.693068514543704	1.8537497423729081	0.5620308188775616	-0.7944491882430058	1.3170876629394077	3.605152507672044	0.3950756734369901	0.1063395806002788	-1.083019753469214	-6.069390858475714	2.807341109135509	-0.4204722485114006	-1.9006948026236072	3.9466935376997614	0.8201884132459064	-0.011624764363376018	2.8641898358943756	0.6325386120088545	-3.1321887395728725	4.408321831253435	2.600026727001756	1.6421933527502033	-0.4212517558866661	1.520322165991718	-2.693154435105315	2.9689910624134432	-0.16910878628459144	-0.5204916569441772	1.4794489325793245	-0.39444044786337107	1.4471878104327147	-1.891519384813715	0.2862915974502623	-0.8561022498162645	-1.501548980603166	-0.513726923842272	-1.558040632700217	0.8319190836041088	-0.31492638273966317	-0.9715289270768068	0.708012628808538	2.576028529373712	-1.8174342322475976	0.2729405833967029	0.6422243314805414	2.166387484515071	-0.5447414956800973	-0.5544374449543042	2.9514396282769586	-1.9608509770444904	-4.673390339265067	-0.6429388300871058	1.7309324475550385	0.04573507167514188	0.7144672187512296	1.0371898004343036	0.1573289620935034	1.0064333055836396	-2.21693981284854	-0.5428703638506878	0.3538533780558566	2.184607892609977	-0.8027638523647898	-0.24836399812088836	-1.3291354954918844	-0.47954158359523186	-0.4909695493534393	0.7665678319095723	0.5635716531210048	-0.5819403554659309	0.5586857000814112	-0.4657959142851142	0.23922139844600943	2.616310863898459	2.5087485342425087	0.3812664763876709	-1.146441867312452	0.5481402192662453	-0.45970040823180464	0.9603324142604176	-0.6025907702708042	0.4178853107545985	1.6629548785844717	-1.2147199661623074	-0.18428919646853162	-0.5121093818538083	-0.16547626555745854
DTXSID8042052	-5.025494873619083	0.8115487103144594	1.939035305661771	1.5466394861365407	-0.9685499100950717	0.6727796111326397	-0.3438124504928609	-1.2700384279430605	1.198213416803704	-0.3850311341032777	0.7309926614322544	-0.6982888615231045	-0.5375935689125784	-1.2043386371669178	-0.2749821052039864	-0.2551202854419575	0.4202882282080832	-0.4224049371619573	0.0869977103949839	-0.18962030698211169	0.14370670145756353	-0.015118435611433573	0.44251430742872083	0.17333680275442903	-0.56908716322544	-0.1162678447364638	0.4470495870736256	0.8339825362093032	-0.05029838377588994	-0.07322523880070832	0.4415094007910054	0.552922914457112	0.47067843114046476	-0.3161586712153961	-0.8543717656776524	-0.9334634907239624	-0.09873548759599161	-0.08986283755367251	0.599638993770561	-0.0729376217654085	-0.0997094792952101	0.47861040841562896	-0.15427100314641687	0.5552585318199413	-0.23247771467644662	0.12216339992886933	0.17666784385739848	-0.3399545878410642	0.03867460634449504	0.2658083343237086	0.14830734207622734	0.07876174019947008	0.0015680392045449851	0.22519749994692723	0.04393933173131658	-0.14135662652982406	0.41932051784558044	-0.12292646214240921	-0.3614794094472398	0.03801714003828673	0.2149636982219424	0.3708852379350986	-0.1556570758967327	0.07828729789005422	-0.11105796880123324	-0.23454622571925623	0.6543186420653383	-0.6364949423085016	0.19561715944618793	-0.18783263893613059	-0.18244472137329718	0.01160782916863404	-0.40091411394793747	-0.06482756243505511	-0.32926367855115407	-0.29289544544832113	0.015516735821909253	0.3732935168320481	0.0523977036854461	0.06329583774483237	0.16803362894626725	0.037313099712630166	0.1409382665223156	0.22920533378237756	-0.08762503105730585	-0.22676147094641066	-0.1076146892072857	0.7235561314847182	0.5404281614416551	-0.07189117338125635	-0.011662529419231226	-0.25121426464456853	-0.22411572803090407	-0.24386929697088994	-0.25133994965612716	0.10095713119296537	-0.02902046473150663	0.13858310248086772	0.041305117235298484	0.08508475531892487
DTXSID2025347	-5.791325244210487	-2.367580778473235	-0.9466943987757791	1.918635893243017	-0.6568876167539549	0.08398099614727965	0.46171357043995015	-1.222372081483839	-0.3260003998026812	-1.6906011115122404	0.007671683985606735	-0.15499415520673993	-0.2550617694388058	0.1329042079746478	-0.665380957418649	-0.6077383185567616	1.3459900126728273	-0.211082500927502	-0.4849905388804054	-0.19975692431733458	-0.2950496142791259	-1.2389116225180554	1.677751507877047	0.7955427750158617	-0.7136466457150604	-0.8485719967489257	-0.08707362707554801	1.1089629013707125	0.6244419290404518	-0.5017197834473902	1.3614012839899643	0.07530283335483656	-1.4434674481282108	2.5444712632445885	-0.45377574734292087	2.415516699740613	0.8602979639347588	0.09110106100534025	2.905045467856154	0.48980930683172214	0.09327354271747357	2.071886284900529	2.710911321727534	-0.2905939084692444	1.7124357321653476	0.5864375494710634	0.18467971116365273	-0.2565273293612909	-0.9398413358036289	-0.8179270829383897	-0.3782786930852328	-1.235529808011202	1.20252098066489	0.3710496451491752	-0.3964726112104407	1.3031007292514734	1.0954785753809135	-1.3728827133579418	-0.5180140188328821	-0.6944445738433553	1.3518137373967853	-0.8434762584112738	-2.3014887174775325	-0.18809794862617193	-3.3403754258051404	-1.8495054166334643	-1.1309067883907054	-0.5484375234690629	-0.5818611587304122	-0.7297955167816488	0.32479421421306415	0.8011085744957016	0.47849102209632316	-0.16159466318547047	-0.4365951957992828	0.6058474148277755	0.1286984604839605	0.3587812297126191	-0.0839498921560792	-0.22447420959932157	0.2513337666860522	-0.6860338598108069	0.34831228951063226	0.1259304839635871	0.10147812715822843	0.04227911373268445	0.21264926618382934	0.19070083234141014	-0.1770273629454269	0.3218485717600545	-0.12485330411061392	0.05102480844254847	0.16598441957128135	0.059273629280968604	-0.22964062098456278	-0.3101734524027269	0.38232883665875317	0.053147760663540364	-0.11034033723814966	0.4335589613327115
DTXSID2046123	4.073715290712725	3.627154485521202	0.3837379639970085	2.8798983794987283	-1.816014285163535	-1.373807624232339	2.7740556735814423	1.5420655064513533	3.1752815914538086	-1.026615269054284	0.7241732902396248	0.5767346926708369	-1.451208548558581	0.9862761172676935	6.590599155295761	1.6687091778904897	-0.6083611567959601	-0.869840292804878	-3.6511884398308	-1.211982744828322	-0.4782641595155759	7.810869533117192	1.4783886894148561	-0.43039829749462194	0.4874650982264855	1.0111976577715334	1.9732395794601651	-0.9670899855887098	0.8011114329291494	-3.4703784765219945	1.037711268365285	-2.3399015413849322	2.9490878600616255	-3.261451832419873	-2.164362241035485	-2.2822044176030154	-1.4021504015124437	0.088554199926754	7.355265293993299	0.5718642867457951	-0.007706039601021116	-4.799997686388047	2.5330514687394543	-3.2619710079664825	-2.3088212037342593	-2.5918161781989344	-2.4092404809769326	0.20716812600644605	1.1208227998924514	-2.918196344641087	0.4819931172879489	0.9484854825955182	-1.1704709592324567	0.6008578143493296	-3.4779228727463263	1.9565225915235156	0.18494954166961547	1.0153415271506936	-1.601052353565212	-1.4031174293468938	2.572145456602339	-0.5011514855566134	1.3920607585108993	-0.2956535295760892	-1.0231671531507047	-0.3598085319669575	0.7056607083425477	0.43366585008056663	-1.4906418690759584	-1.7727445665583983	1.5888284832480792	0.0436906256788666	0.6227237034339658	0.15059067852802127	-0.6504089492302362	-0.21241321166352234	0.22594930584042605	-2.097574612586937	-0.5888855466004946	0.3879152619566953	1.0939868278416078	1.0419055893427642	-1.0897758509813242	-0.29737117574048416	1.1118374255076455	0.7733338781513639	-0.5013381476959073	-0.7603190732257971	0.062214895525090734	0.7590277853596686	0.39294702793996267	-0.2993647959227365	-0.5493280115148318	0.7216360933305948	-0.7586114728685753	0.922351524042569	-0.5781595934253119	0.7502216843057324	-0.3057932140813216	0.6920171515147663
DTXSID1048914	28.817961161638667	-0.6526631590011438	-3.864609984884111	6.655005225895009	-8.015357356169572	-0.9297285775655305	-1.654200631654398	-3.283417106164473	0.5706771556358331	0.41424772395914133	-8.484110546513504	-0.5174658971493019	6.503332394625901	-1.0566168657332873	9.997842200035109	-1.8488670921986021	-8.609425475103771	-2.8932258766004972	1.293216177679342	10.139873963298589	5.590494419561103	1.2237693033207802	3.4835663874292817	3.3375963017844366	1.726683813035802	-2.129835088343248	-4.242939016976963	-1.9390644040578822	-3.042435611093562	0.08715578549806366	-1.0285501317333696	-1.5160702057704476	-2.86539869522317	1.8990569910503239	2.0737152369147616	-2.4931007663468465	1.371756376230015	-1.860434196753737	-1.2086719249143294	3.2867918975258976	-1.2448897336382152	3.5412326941403904	0.10496635731602547	3.0849968766398783	-1.6290006249570814	0.19759028953824395	-1.5760683560352626	0.6055910296621907	-1.3374271743774424	-0.5329172431222794	0.4229727838058302	1.1968139511640705	0.22069223858022574	4.577100614809934	1.174323549236708	1.662857714263515	3.809876538262053	4.811164727021683	-5.254229013957046	-1.8153124810695902	-3.8085177921954325	-1.6916018931543104	-3.193211263568755	8.442776417731773	-0.7772618356368157	4.3960958885804216	3.161890851213186	-1.2876460751072814	-1.3285155325415137	0.7517521815498324	5.310323566188665	1.0256272806983389	3.984590484301605	-6.740876254907182	1.5508446127574886	-0.31160311062122964	-4.151787478379612	-2.895083312418812	-1.1759763530670022	6.477666210181226	2.157070107512068	4.584556148083571	0.9079357717347153	4.797209690039713	2.066278331112573	1.7545568950412853	-0.3688799774922615	1.7124690739094683	-0.46746974251633067	2.0826870361910554	-0.10262344349240511	-1.1364978099851564	3.4231693626861897	-1.9906134023569517	0.531700967726165	1.3194045032062065	-0.17651598686969083	0.710597086816141	-3.702510550136792	1.2079527104303565
DTXSID1040661	-1.6078523750032685	0.3774259227815508	-0.6618962436150713	-0.02031869871104863	-0.10554128071490473	0.6039557189207003	-2.1361380872444933	0.654490724510859	-1.92620086418392	-1.2975717726323261	2.0386367375280257	-0.9584230177151167	2.0529254667444605	0.6441004934622891	0.9919740730775638	-1.2787860824965367	1.4535311930148105	0.90826789970582	0.08320740956808023	-0.015734454190077123	0.7863499659208012	-0.6622962636943838	-0.4017972235961717	0.992211011300514	0.14751813815117665	-0.4780956629062405	0.48481026526161736	-0.9067632825610221	-0.07125977409805336	0.643901263085549	0.42472693486576646	-0.2984943609875728	0.6532612560928889	0.24691578967832642	-0.27579112911305687	-0.3255728446697572	0.6956149607478398	-0.37824182464788236	0.21848011676024706	-0.08538443815291018	-0.07707235306993579	-0.030871336859823732	-0.882668272219659	-0.3920428934329835	-0.3242965098541332	0.3195485492318857	0.3208985062177847	-0.13577973376943137	-0.0003649229038618139	-0.07569417914597802	-0.14618720202969876	-0.18178543316045753	-0.040026702704808244	-0.15442180772443054	0.35681370320765005	-0.1090506397766958	0.40702770496309165	-0.7202139669206842	-0.4973079344400378	0.40900204895445275	-0.41105611510198675	-0.4918786008452502	0.3237157110042631	0.10228448211325773	-0.21851370128169084	-0.11146502192433794	-0.8439129788380888	0.2053620392793773	-1.0377349025680067	-0.14759215402177545	1.1081625416165113	-0.09843040193497042	0.0582478697578969	-0.18440565382606905	-0.35025968384754386	0.5002831670086256	0.20766079240726737	0.3621805630033779	0.37537701409575114	-0.32975009416017914	0.3465687961126706	-0.027331125281901125	-0.2538397818899916	-0.18240004021579503	0.13848283252295523	0.4228611413422889	0.4234000113009994	-0.27257880366776466	0.1922001346233702	0.0870128793719691	0.3015323738110985	-0.8253863842996055	-0.5273963021343652	0.7134006341039131	0.2499977754298695	0.653373694868375	-0.27129640197349847	-0.2820923211855122	0.19088556552494335	0.32309884376269354
DTXSID4047096	-3.528299998556861	-2.7883403179347073	-1.0602074268376795	-1.0393579595233462	-1.9432495891302919	-0.00964005995131281	1.0692542719508593	3.2988253217290677	0.7332938220965659	1.5845361585720914	-0.25487132140111407	-0.6945176980503992	-0.18412885250929936	-1.323050352326145	2.600365912232601	2.3044523233962195	-3.2392880314482144	-0.12534163258519415	-0.10172429784266547	0.620384400122202	-0.571673095122706	2.1233400466384174	-0.11919961443307736	-2.132200601594932	3.055960953085173	1.6569639747328153	2.3975275399	0.8534658520658907	0.9823297386266083	-2.172923935369082	-0.5380778188932623	-0.6445271852967369	1.2981991419755181	-4.10980539845001	-0.011335703241969943	0.7758899982188446	0.4180637369305922	-0.9027215967570641	4.992498050482351	0.10782125026557077	1.343915430307523	-2.9097482287344185	0.6183278974548178	0.5079692969354656	-0.42434111381827216	-1.600568392348529	-1.5146920964569366	0.5389014317132775	0.17764087982038293	-0.5834582852649198	-0.04000663605857958	-1.5018036651310558	0.3166461565707804	0.8584741905096879	-1.198047033247909	2.310861613881378	0.22698081559040625	1.797282549469161	0.7111209814779857	-0.9871112480782576	3.287178673785494	-0.18140737725556097	4.349067793592652	-0.3084224756382356	-2.9002988086009993	0.8291680027628924	0.7838635491582389	2.332991288007995	-1.6123637639775206	-1.3291328830070364	1.1526689368284844	-2.7028725933568896	1.472677476054594	0.010671640421927553	-1.2679188745060241	1.2715891235411283	0.9315083220215429	-1.1681321331201777	0.630242793385134	-1.3690729817624754	0.6963759249371556	0.5365171747903158	-1.444563534035894	0.7105356258126457	-0.3700913474225453	0.04902910834364422	0.46756789342156024	-0.723250092036931	-0.4498663600633103	0.9512999705717505	1.3031981834459103	0.030371271789028365	0.05678130298804822	-1.389858333566557	-0.46485752839099304	1.6748203374633837	0.5053698152747816	0.7758144790375248	-0.17481225954888177	-0.9421947338453112
DTXSID1044487	7.176121633212077	0.6909199583813037	8.727180756533768	-9.638378220743624	-2.7805156131653948	-6.8063010367563646	2.230496489460441	-0.8745533499178467	1.3332967382251202	1.880150867596747	0.565691124494217	1.445471060490216	2.272235223718555	-3.1803283664408144	-1.6071249161259988	-1.3299547858701024	-1.8648554136360906	-1.938512129045857	0.06122490953753081	2.7534656883771604	0.910625682590837	0.12547682771676416	-0.5349231226984645	1.3564200125678438	-3.6023073120466984	-0.05604766189196248	1.4097877400359884	1.0934230978708728	-0.45566813368267034	1.2024362690820025	1.4438699782235456	-1.057675339198467	0.5882201005505373	0.9884230882727456	0.12594029569559026	0.8964886303990284	-1.4427789027480524	0.26620417818558684	-0.7103243704745232	0.7462389323699761	-0.42846965792327735	-0.05673173289318519	0.5280843598548516	-0.6498353612906342	0.22991206174215267	-0.4542520785295584	0.008312338549440532	-0.6220581742355942	0.061887371843965575	-0.5930760783123774	0.006910663165584855	-0.34934730706457245	0.24689998058645843	-0.17828356302379214	-1.1960898721045277	1.389967614964448	-0.05683001863548688	0.04168029126811004	0.04800311937662175	-0.6446980133945995	0.685150883017369	-1.5727299504424928	0.5089135864461473	-0.645289909962257	0.8669610471101125	0.7607242775922956	-1.6413878658226306	0.7851980840248975	0.05846418689596885	0.6473754744302237	-1.138915055328892	-1.1193017079431542	0.4956957131667327	2.122088503521998	0.6959965466711213	0.5665472848626697	0.4511621612031232	1.134637208864635	-0.5289805278754044	-1.4129524185107993	-0.9019199330154993	0.48511626371949	-0.1774764484224684	-0.9334418688663768	0.20346796623748006	-1.5086458630358712	0.795805282462307	-1.4452410420349884	0.46745700288815184	-0.4153083367350275	0.27386458167151567	-0.7980341243308284	-0.0980216242962567	0.0099406838616189	0.9390422845281615	-0.33831674234913717	-0.23607506699232195	-0.5098491210624708	0.9220060076359493	0.25432637988375967
DTXSID3049207	-3.0068702933913705	-1.5419718565073	-1.0196636760144997	-0.5065262682663532	-0.1683290800126883	-0.9213111343446362	4.319621976034588	-2.289256452986085	-1.1559497112107762	-1.8643347938738901	-1.1687656883395243	-1.5979113342786018	-1.3419130990967532	-1.46334486357666	0.8055440383008863	-0.5190093781581434	0.618896920614443	-0.6588556487964071	-0.7506905234552154	-0.2798219281407799	-1.8632565862580506	-0.7258995606987433	0.05296428924930058	0.5450563504633883	-0.876655007629851	-1.1425380544062915	0.8579988981576143	-1.181993190529608	-0.2274021342277479	0.6074676411190665	-1.7510030142226647	1.6631690548868243	1.1913422383701502	0.1782509771711254	1.8220557439515674	0.36861378396574673	-1.1598816382366746	0.33009291229764526	1.0365167339232564	-0.3674193212122839	-1.4231914824469836	-0.08590623487344294	0.06167189984480421	0.4324705257766964	-0.41512360155804756	0.29064459314691454	0.7666953430466321	0.0698333020777271	-0.44393195110679856	0.6585080933662739	-0.1574227487531687	0.21740479089312958	0.045478112227593015	0.046311664416733796	-0.018542500250012226	0.7426931928848417	-0.965088375260282	0.466776273868671	-0.8736321956608702	1.0866419667348513	0.03021119603940379	0.6816968300275897	0.05316573132583535	0.4774817297243579	0.24978498546639802	-0.2005415078801044	0.1166615535486877	-0.55203969501101	-0.6134116493892414	-0.34353710833367646	-0.4048439218456205	-0.33567807035966885	-0.450962339102179	-0.08200039564651503	0.10714162174557833	0.047802019420866974	0.13781027081173258	-0.21506534681717115	-0.8700525818380768	-0.6438970565703638	-0.5422792757797954	-0.7716063595818594	0.29460861635840635	0.8286488850774208	-0.5897325958067925	0.029460817631476656	0.3868142875770514	-0.5638544767625651	-0.26665482881424984	-0.8818595345522477	-0.5897343180387408	0.3429672678017425	0.1928510138070166	-0.7002570478600013	-0.3081852411936101	0.7579663062322156	0.756822650365448	-0.12675778902400547	0.09563569960385743	0.6095816976730601
DTXSID4023414	0.03386113910316378	-4.508639794083262	-3.891716379995945	-1.6575215448068576	0.2550538523811329	0.003113979619709124	-1.3788059726296884	-0.05525439580151844	-1.2563525039632273	3.543093712787496	-0.27693323011819754	-0.48261637571855265	-0.2990887688545508	-1.0843346678517267	-1.7968847331368107	-0.19635317978833733	0.17251560414444095	1.1150078306076485	-0.47112309423605614	-0.3506652000482811	1.2476098300516345	0.1579816981220465	-0.29062337828937285	-0.999254258853009	0.5884876093111009	0.2450057320076187	-1.2998688977036212	-0.1034927618989089	-0.2774958166304217	-0.7061251267363191	0.5701984394020857	-0.16412884788022258	-0.7065020879975038	0.582777998379979	0.5166354606532778	-1.1439864484627682	0.5992033883298044	0.29490011407773825	0.1041900629576501	-0.2208545923895061	0.06619740631558595	-0.42202750022470537	0.48795050735669554	-0.1864792292133027	0.09643332242154527	0.03391395179536126	-0.28913092427037007	-0.16474368187903787	-0.12052723901200352	-0.08359121525465098	0.09988328545012354	-0.1646054431451593	-0.2762375134535205	-0.11036157618183813	-0.4597370963668465	-0.0011352293954484214	0.4141815133751453	-0.5026886674460359	0.26820943077398296	-0.2632518220702532	0.033744079380297255	0.5050863186891388	0.3979830044585291	0.40155212542257845	-0.09395277866962433	0.7900175485359086	0.10973165518326898	-0.03316674014965249	-0.6412954431774709	-1.010420984959049	0.20879043111491224	0.025429478627376906	0.0220473071109837	-0.5508845166040379	-0.14104040469980603	-0.8376636292195939	-1.254225352189918	-0.1711243017453783	0.8696423835558728	0.34534968030363394	-0.6430504034173742	-0.01678677521928731	1.2646015541231015	0.14017668997074278	0.654161236296334	-0.2196083830377786	-0.5208509917187705	0.7729035874347239	0.006122114553431975	1.5052648425481037	0.7995612447383145	-0.097113302376445	2.37729678211313	-0.4366654078424902	1.3400865613621826	0.48542219683997373	-1.2369286018697865	0.419007574803019	0.7177225559271835	-0.45651737041461615
DTXSID1048881	0.10215799608942304	1.142827799556169	-0.5294541445188384	0.029879380648584402	-2.8769570596958762	0.2748421494266239	-0.7917508721895806	1.4596428274578153	-1.742411131455505	0.7009409999077213	-1.9566823752316718	-0.12462544624011997	-0.09484409228096168	3.3054544888429933	1.0154244341874936	-0.8931242213866484	-0.09654124088964375	0.30105221633808826	1.8310539816969063	-0.9034453279205013	-0.5484229301963913	-0.8072800182359905	-1.0944160695499137	1.5639927873907655	-0.4420524062577356	-0.40664171689712403	1.3860719002672586	0.4692303236258153	-0.26089340956793666	1.1124466297140225	-0.5348933436649529	-1.2805806446509398	2.5239286309971884	1.554079928021272	1.0655141850745082	0.4081188262403854	0.4915040595692769	-1.778589897712005	0.8110523175373314	-0.15546317275786528	0.27792954747828336	0.04833070515896712	0.2628922511233046	0.3404259055962911	-1.548782557111043	-0.5112208944998842	-0.848940497631992	-0.7915777779582231	-0.2132868899077484	-1.1793399641756075	0.22847597168697384	-0.32020214159882304	-0.17044910940145003	0.17703551720154465	1.285093564824925	-0.9905661652247296	0.6657074363451344	0.39405033685037666	1.2260462976245992	-0.5716015322179728	-0.5193118829075207	1.1546701216680941	-1.2893746005221556	-2.128318653598292	-0.3362233388646078	1.3681612075472696	0.5907116781498429	0.6218399973928707	0.2981834933456328	-1.1708247703040087	0.44403275830769656	-1.5278518441516964	0.02070103052027886	-0.5965897969198541	-0.18531979728014444	0.016811248155258408	0.7524399852976524	-0.608852903479822	0.07946294708018288	-0.7866216550542801	-1.4812450599545297	-0.8692856451488534	-0.7366439174344159	0.6410686661778101	-0.4465409015830745	0.7116554340257373	0.4502686155640142	0.6026627185652917	-0.4742225543138989	-0.7033933392235164	0.8699032651948962	0.018418779791777723	0.5809931159118008	0.2672446324890357	1.2878310903997827	0.03810660834356974	0.11709181416997295	0.11640065889419468	0.05297967056980179	-0.09732147184811626
DTXSID0049026	-1.1662298368785982	2.6298532736051725	-4.576245029581086	2.0521935729759533	0.28164112804118413	-0.6204994935981797	4.415936578147714	0.7042582209052468	-0.40075953738110376	2.707656301303105	0.454218307465063	-1.0423965129800992	-0.2369711959382603	2.208394172389968	-0.6727838382895884	-1.5359992171684753	-0.5093511534302965	-0.31914388533707616	-1.1236411436635694	0.6318472088958158	-0.6664649057683052	0.5097645532860676	-0.7596606982717241	-0.4028015328382084	0.27012691315164516	-0.4259447534667353	0.5624221600305637	-1.222901136253106	0.11439625394928948	0.38445495938699464	-0.24473969755072472	0.15128380961223575	0.19837107730790707	-1.850212242808164	-0.5952910280513587	0.48929422259043115	-0.8203393200675939	-0.6276039785937194	-0.38923501747227834	-0.35463094793962063	0.5413671983285016	1.9153496269059025	-0.5513366483544978	0.37300630803966717	1.3201836048847155	0.28115472284165705	-0.003143844204063683	0.2824970924190602	-0.40591215262856184	-0.03965142240035183	-0.13651751134549817	0.2417047589171559	0.4032905052865181	0.4569814796428322	-0.8407133776459503	-0.464316179224067	0.0698296572783891	0.43155419572161785	-0.5220326580495697	1.239190223361371	-0.507410706712274	-0.13058861621745235	-0.5673608968645997	0.5293849227050144	-0.0390698445091831	-0.2586878858146865	-0.8678275727759601	-0.4784313445226213	0.9885250208711972	0.1852350018861115	0.06802024866691801	0.4075723901540211	0.34718756207979223	1.620099218305621	-1.0709179428300732	0.7423926516489366	0.10146248861318355	-0.2152728848981434	-0.023762006615290984	-0.24998692050056567	0.27933075013792175	0.013368175380643603	-0.3508492711056817	-0.8980422168098601	0.5186329321912809	0.20145214501616718	0.09650454465073788	0.38174973555116953	0.3084977592160902	0.9921385900358278	-0.2441980569722293	-0.6936626577813115	-0.7051000437177775	0.41154843569048216	0.10607234334524697	0.13653026042309493	-0.10221002046732311	0.22651335328240874	0.10589813039190692	-0.06391152757842926
DTXSID8046618	4.769707437357455	-3.9586112647052314	-2.361980140416398	-3.97579488569462	0.8126634842721434	-1.1415303827346512	-0.2502278784719821	-0.22879615718811486	-2.5860992612303533	1.7965889727800497	-1.7405354622452889	-1.2168546139589504	-1.776008925394673	-1.5612253843057158	0.5406556277845633	0.8275288977269832	0.13357797740337035	0.5089617871294382	-0.04052203908779882	-1.0337864817818738	0.19330236941315315	-0.3048897199464557	1.2529074545202579	-1.0096134392755298	-0.3175548535003822	0.7791510825805898	0.841644082910149	-1.1997193448975456	0.421489265564634	-0.5815212462733912	0.4551589611907414	-0.9421001692887702	-0.867087396406723	-0.24206945865299487	0.2271046185083049	-0.5195770166739663	0.714792048786159	0.9060537884093576	-0.6316586797103177	-0.4872166476657731	0.4522375605364342	0.21340463605197482	0.164271117947414	0.25719261598889115	0.5684576352087262	0.4423480710776055	0.05578470701915483	0.11248644539522877	0.05570275655575075	0.12254501130002944	0.27818401338750703	0.21771268523445422	0.2836365935130411	0.07194977383774437	-0.5197938774771761	-0.14696783506829394	0.43944401240935005	0.17910149429995834	0.1674501601679728	0.329732000969747	-0.3741876179319538	0.2638559969167348	0.18348838496773665	-0.5613713693645714	-0.34003752299269785	0.09194049038206724	-0.9362331939318912	0.37513182622737634	-0.2344609540918892	0.45095444460062767	0.09072150056975106	-0.47549839169668723	0.8945177110881667	-0.8088055869801746	0.6824914615596952	-0.6464434342656066	-1.2918281674624206	-1.1763944661745305	0.4687630941068303	0.7749139953953137	0.3146869167840395	0.28406954173738724	0.685173096156418	-1.007623388797836	0.47969947154240183	0.29731700063422656	1.3151805662634406	1.4001592165740746	0.1546427333107872	0.6728869098302556	-0.2536743570714102	-0.23236668434050756	1.3838533001802578	-0.7836479900257658	1.53907276832095	0.3743252336538102	-0.3744891378783781	0.409225641775445	0.8939976229559032	-0.06486003438109919
DTXSID7027170	1.5547112285235336	-7.906670779215399	-6.082680541706435	-0.8780965933083932	-1.4009856879095803	-1.6710064647247016	-4.235104992471893	-1.0118088144674595	-2.6654862141713287	0.9911725911263126	2.5019934742969756	-2.0641411035473793	0.6012839819875045	-1.7438481712204934	0.5603056814822047	1.2123694267807006	-0.0621958141248439	0.5682612726865065	-0.8117322137602918	-1.4941673407842424	-1.0163475998315339	-1.062800869356301	0.011425080183159953	-0.20488855339250947	-3.089611317107742	-0.00638683899967383	0.17999478570491234	-0.1366545601112799	0.2853504090390623	-0.20968948237236418	-0.1703340781477212	-0.2181259256821573	0.10250538667642294	-0.40756845348354814	1.1311873659393488	0.10871872815543196	0.3553478514321314	0.8412175719504995	0.6719067086397681	-0.6624709749685145	-0.2474444227159383	0.42555067564078985	-0.07717392258825193	0.68108546895845	0.2285844130713662	0.6324829870642633	0.09528503533941318	-0.5549506502272314	0.11117121213650312	0.22487672557623675	0.09464383236636972	0.0912147667412691	0.15768058165267546	0.03540435511024848	-0.30121461695789453	-0.15548346090369486	0.5874125689333681	-0.7656869055726352	-0.7196583987539789	1.3008273693606072	-0.9729402402188077	-0.5709806138124619	0.036877863839253545	0.24628513982707784	-0.47124076636584716	-0.14313539190104319	0.22460716607815365	1.0645720252098851	-0.016068622602389653	-0.7070327291720907	0.027350941945105258	-0.25528764558082423	-0.2555616946369615	-0.03138026090712187	-0.2676594202126115	-0.4501545867170116	-0.18846226918292167	0.11315965095491844	0.11202234170293279	0.009972925365738572	-0.1364937946225336	0.9754523795502057	0.05850302204999626	-0.07679087828534602	0.2843389370502789	0.1863369234621647	0.8761924021975503	-0.5444654349928957	-0.7204251855284031	0.3584920251109226	-0.1209718886888177	1.082489671169038	0.40828064651200724	0.4474710483052321	-0.9001066010860137	0.19325105401182896	0.5310473999820289	-0.5706519539059371	0.04591799074466522	1.3740058337563763
DTXSID7044558	9.054580380618713	-1.7638778985469072	0.7956531379657623	-3.050051063386625	1.879541097829839	9.804682170285622	-0.01664703704024541	9.166737705367117	-0.8097378776897329	-0.5618546290502759	-2.4831985305010122	-2.589972795998523	-1.2061414528478343	-5.341691101727627	0.8491915355872866	-1.9916818169104276	0.44790957470857273	-2.081225989885713	3.3495788637857475	-1.4628351044053525	-2.80778148004987	0.19220186866664904	0.5335985580812238	-2.186633929826463	-0.4558883225138641	-0.10302563353866326	-0.12621911560009322	-1.8682087527495728	-0.6346122919420727	0.3616182794092822	-0.28074690915520084	-1.2319572462481727	-0.8636957391311884	1.0729648861102776	-1.561467060661897	-1.8807879135344843	-0.9700909866395162	0.23579853661522285	-1.307224278634887	-0.9722143554768676	-1.0013908637900857	0.6371747426324298	-0.5124528820798808	0.10521696543508055	1.8508178091026108	-1.4591826503551415	1.0564205698756248	-0.7313343644605926	-0.803023723116982	-1.2019636815030659	-0.005116135387852833	-1.5217974195513915	-0.13896292528033619	-0.9318958701818967	-0.7165813694180552	-0.7942516622027197	-1.3157419863983282	0.5539614241523678	1.0355917213478492	-1.3332140279138003	1.5172714553533304	0.6098505014698797	-0.8768605410512532	-0.19009834831860414	0.5190516788555911	-1.4894450628668423	-0.8950374569238284	-1.3401906669228223	0.7967387497096117	-2.062947052252365	-1.9054770568927382	-0.7040428155682662	0.5525913143001727	-1.6238550460815415	1.0346216532462944	-2.058043999444184	-6.957076983976289	-0.23522599152662146	-1.9705548305909875	0.9447524577526951	0.20536831429738103	1.3555544171986078	-0.45177408249741247	-1.1917582998933267	0.8709232428909459	0.32663985806220935	0.9300839984043128	0.9823147868788932	0.7094595612950474	0.30163321334342386	0.5516938220258628	1.4164761561627477	0.9292701432805919	3.578339778411635	-2.353183869048791	-1.3470859843505067	-2.220606779406056	-2.2308050190509747	1.438476483994192	0.3202345803717971
DTXSID5048421	3.5035282793149687	5.558988429329274	-1.1413600541966433	2.1352710837214994	0.03047841316827405	-1.5970856004467737	0.26736394664286545	2.872346070483384	2.7788222769559723	0.7961884041326376	0.7362183662700593	0.37637848538881497	-1.717891202303817	2.6717698029075074	3.610095409759683	1.1514036617768488	-2.8862994099272576	1.3454498164449755	-0.17265486999819277	-0.7197773952137494	-1.3018902844004656	0.3660021495163791	0.9770549045298723	0.2933227735905641	-0.3754075891502265	1.1162434530062413	1.0444127000972538	1.9651635874463806	-0.6018800723779937	0.26483640963534544	-1.7115376851001374	-1.5369983008019985	-0.2732468701312303	-0.6627204634389448	1.1712689987560139	1.4443474685650113	-2.7461822893016707	-0.6477518318075807	-0.564305337309425	1.5265390182907885	-0.8049150556842832	0.19780882209161896	0.7272503522238521	-0.8259480792740573	2.8592176769954505	-1.5156890892043204	0.8601591085283082	-0.2268345182778921	0.23010078158036493	-0.27288099340550726	0.1216900909469092	-0.4492713612918124	1.6656315396997083	-0.43655449851340944	-1.343107161148429	0.7008428850561489	-0.8527783651382427	1.045007922127077	1.4814915920681604	1.4261485149544915	-0.9359082669261539	-2.587088249534806	0.7612299283296359	-0.11417896165007527	1.0427736212993646	1.0451786351184023	0.22813252402609252	-1.57896758402957	1.3199281219786572	0.8292012352610313	-0.6163754500432634	2.5123684283324743	-1.0118111003855237	-3.0230300007777275	0.780359461654009	-1.1866681756796702	0.5688245399288806	1.08430705218518	0.14020087524303612	0.6161385995053564	-0.6211209591778599	-0.34260180674741797	-0.3663484384368925	-0.22746175282814268	-0.062080889701965535	0.052278493621971726	0.5403791840278416	-1.105341919959353	-0.2804744954269333	0.17003585802515078	0.08163799650156879	0.7845796714398241	-0.8781666139342982	0.2238475195927272	0.2838709870763598	0.04604770176774088	-0.4308265596698713	0.3320813561560063	-0.06803058115321274	-0.5924201907484796
DTXSID0024507	0.1015272695357468	-0.9006183150004587	-5.431184794933555	0.23697784205110142	0.9449117045266662	0.3135543268810901	-3.1822684364550766	-3.12233385644706	-2.081538759553253	2.1835548375576743	0.03840778375178744	-1.17085307336957	3.5468276875963722	0.478676821597328	0.16817941732467107	-2.9670596939546323	0.319277904035038	0.31933682670720415	-0.12869195716667134	0.4653028695489586	1.1965411395940506	0.6249122042399232	0.47971604624782493	-0.3487125798694229	1.0924123949241817	0.2292745476233393	-0.6711209426727668	0.6356553085884651	-0.43679726803545593	0.024732084502092952	0.8425917270318823	0.2915197294746904	0.3493878587653705	-0.8079728536623061	-0.2325162524640801	-0.26822234892032476	-0.4060876439667426	0.2501574388593542	-0.9608295823351325	-0.22428832251762845	0.321320040861146	-0.23343561480727673	1.9717945176123157	-0.9241216257382626	0.291243410276628	-0.6364497319584992	-0.7595556118922133	0.9058005637525363	-0.4972535027085325	-0.2820713434955935	0.06979533538823615	0.42690599455741507	0.31778484279305635	0.5333007848144432	-0.07312675319157802	0.5963526659421501	0.036619027845279276	0.8286269468643771	0.8221864746176921	-0.08619706399729231	1.1932114207023625	1.1836725063497269	-0.8659895872257817	0.04084563383631699	1.0505543412177156	0.8712610812005885	0.7553766591173658	-0.7984951299339521	-0.4816421001479961	-0.09197021915640155	0.10390602801433726	-0.6990278262510854	0.2940743657511548	-0.8957737767331589	-0.24853262433890055	-0.9341040347286342	-1.0729258340076548	0.41172726597480447	0.10081000039387206	0.6393658056221755	-0.5563408019658674	-0.5918791525186136	1.1551836588239728	-0.3158085263194458	0.40360210572803534	-0.8580932159016043	0.14359979356206637	0.8653962636454496	-0.08103506179121393	1.1431700967870004	-1.0330642925126667	-0.8291441114110388	0.6949792389187568	-0.9886749200856004	-0.5733242774451791	0.33713063037687924	0.007462635943833694	0.7887099979821093	-0.485739430415269	-0.3540002392108476
DTXSID2045157	-0.12109876431556568	0.8658976924915687	-2.891582909838428	0.5754113578610546	1.6035660621687553	1.3088147597631117	0.07610582848517206	5.033439623651965	-1.9602917593594988	3.574593530442634	-0.4747318025374049	0.540025517872984	2.284385012629879	-0.18397854974727457	-1.5956442931288815	3.536289195185939	2.6456652029155188	-2.504754998695335	0.6434783518825496	1.4493812018659142	2.233734445392133	-0.2703256694492792	1.8849602435387112	-0.02421796367132149	0.3362458462241481	-1.5090982269400224	1.2275608965710825	-0.5562853302579885	1.1544034293584735	-1.2427897394180756	-1.630376920779517	0.20866527444165958	0.5594908540168363	0.8384282322397996	0.1983388424434563	0.1272327292974339	0.17612378680923488	0.6099083028744582	0.17585558892079514	0.715735849031858	-0.11918438270503501	0.971427804187975	-0.34909689320798587	1.2724360177845782	-0.9782810002045255	1.0528517196683536	0.5341797034579949	-0.22940008550736338	-0.3951632411531899	0.6421748380677055	0.05078327129700861	1.0009129823440746	0.2829568894348321	-0.03419543978951643	0.21464180562542032	-0.0102066345490653	-0.2784170617560587	0.8185271182829209	-0.06609795186188995	-0.7912282098523148	0.805804278694764	1.1002512993865121	0.9325518628772307	0.035218258553258476	-0.3993822065999379	0.5005612420451495	-0.6300882175116175	-0.7517330485158585	0.22977828087366695	-0.7861596365274974	0.43641804832520237	0.3008642165490949	-0.25573700866946303	0.3375025844853229	0.20251249586355718	-0.46533673938203857	-0.17160554381250595	1.026903497636395	0.4837079805055698	-0.5031182051625102	-0.1457618227431645	-0.5545524915234002	0.20585587493242294	0.6393954822070749	-1.2073779112370908	-0.19772455174141085	-0.5002538252705206	0.338445561803523	0.13081998257710567	-0.6460283987332074	0.5570015929771113	0.45814397382219707	-0.2507085345618421	0.3044157061038174	0.6506029156535958	-0.2667566146003611	0.32856972731073797	0.07610219413321241	-0.617211447662803	-0.2720981806639793
DTXSID7024538	0.8913797285006075	3.4790094138926375	-0.8718194571300831	2.958656429859848	-1.447042540421177	1.0995147497042979	-5.697404081598444	-4.682702280572292	-2.3484041804600975	-1.7824473967167818	-6.837504065252108	-1.0826727158645606	7.260607474082437	0.007989970350106634	0.010014003806868831	-0.6964153720458879	-3.6085600978740717	-0.5717801249270078	-1.2083829370233488	1.8823090483858451	0.82816695470341	2.2013998418227914	-0.3800209763011027	-1.2454961629623664	1.2043599880532398	1.739490162246472	0.533266329941569	0.0559829481345678	-0.5636664768649234	-0.6078839401742411	-0.4803876723506589	0.5544009887892632	-0.8483442710408592	0.17025151303765967	0.14127722572387028	-0.31497828633306935	-1.8268223756455533	0.3195476847244081	-0.035632458501736575	0.206161083004052	0.3446531768723776	0.9282275675176945	0.0826277486730317	0.5482263122670326	0.4777221730028817	-0.009702692009636448	-0.12821840347252692	-0.3692262677615791	-0.4491844275020847	0.4953373468414703	0.01653960425019953	-0.3411061313199725	0.46901690355983533	0.35773400540263206	-0.49533624793415704	0.07146214768475581	0.2971803264508405	0.40533439882054234	-0.4766226922743571	-0.111434453210779	-0.013630859377468987	0.6122226987745147	-0.2348948844264448	0.8750244523751628	0.41034194495886	-1.1889198394435494	0.2151945004937111	-0.8657349005341058	0.7365782118370077	-0.7646796760299336	-0.8186287585109271	-0.5060202323436528	-0.16547351833192456	0.6626698699214159	-0.04785698890220186	0.2696177423736196	0.4705927809473372	-0.027022606927267205	-0.738962168048159	-0.11964414525821816	0.15438463770915925	-0.5860454483326393	-0.14174376590512544	0.5456501428347158	0.4087562492691092	0.4017094259200332	-0.116689136139042	0.5853825732547071	0.05745435041077688	-0.4518439527901471	-0.23787100597839939	-0.037720630566109206	-0.46330198789542554	-0.5226022521818772	0.12347282551751418	-0.09553507907750114	-0.0020980773313727993	0.1487357164709649	0.7282933542047155	0.426475135069393
DTXSID8032548	3.5874752116571256	6.036349774731834	-0.8204709481240302	1.8249905839210705	-1.2244742003853863	-0.5955405752222444	3.699728411251633	-0.5281392470599368	-0.41037296069633006	-2.0876919319976164	1.0182472045417716	1.566158111153777	1.0091667873268488	0.733724992805252	0.8740914804117074	3.436674504402384	4.091315358210773	-1.818492199108955	-0.011666768098576146	0.9818455935675806	-2.4944813249815767	-1.7314329708658422	-0.801491065002074	-0.26528579740376373	-0.24881227108781076	1.2216253786597902	-1.0348074434380554	-1.7806153807591858	-0.573114530021494	-0.3379577925254074	-0.17839049352236003	0.6748644428221938	-1.374231448690068	-0.4676000741927599	0.7479742960122163	-1.1446074582002135	-0.5748624739364996	1.1560445482490214	-0.9326905539435411	-0.09725134888795169	0.2782186935332697	0.5182084430689029	-0.9674256547841753	-0.1330239736088212	0.5877894724524859	-1.322837119821894	-0.6021546312358219	-0.637233850841237	-0.26549665556804203	-0.6399649274433983	-0.04629525651167599	-0.12006105800932516	-0.48956452390738875	-0.5254360945261158	-1.2000364289942418	-0.24330914455091882	-0.002300491360858889	0.6234585173267744	0.9412175063137311	0.07449563121319121	0.4123562335693819	-0.5563733681083041	-1.7777440617179359	0.7129368426887367	0.2573442446534876	-0.5934885725462566	-0.3979129117478128	0.4194809576276388	0.4788451950432289	-0.8865944836728715	-0.5025683581627087	-1.3096258280509103	0.17150433350184865	-0.018089639701993968	-0.6850729246545011	0.1950235093833596	0.9567947113668487	0.08561384774302244	0.08148944525320821	1.0309095836141193	-0.4677084197419844	0.5721015072541582	-0.13695392959920363	-0.2509549676798551	0.883156211924584	-0.4433063625402168	-0.38746871658013926	1.178346384753781	1.2634020071013583	0.757943381047821	-0.2538098579559489	0.2408345952020266	-0.33981125654513905	-0.7341080057312682	0.9936358926990407	-0.9976641224790629	1.165114955194789	-0.19098844775432874	0.0935403055079032	0.6960548036671742
DTXSID1044934	-1.8306522759344017	-4.77143339759843	-2.637444111271398	1.4626490493500892	1.7549807483651716	-1.8200542352605358	-0.13602498053412582	3.403762732202089	3.6655604496539067	-0.3724971129761715	-1.2052770274256928	-0.4080284404216342	1.1680363923901893	-0.8470253794281851	2.165840799402652	1.4028303941896048	-2.0340749314485445	0.8988213160909051	-1.2812774339957491	-0.3608403246668079	-1.8173983804055038	-0.6900491350402652	-0.43899311581044864	-0.19083990658164215	-2.0978175695458607	-0.06392267151573251	0.8105625032026024	1.1537158162716512	0.11877276155070464	-2.1163994220650744	-0.6342286856324579	0.2931814689869353	0.6458027279853623	1.1576476899286887	-0.7897715471802472	-3.0690139389111875	-3.008198486977656	0.565848110963668	-1.493810873120389	1.231835150845291	0.1502480136421192	-0.06537899371540122	0.7236227788547136	-2.452093760000393	1.041360717025274	1.2194253485571385	0.632586667222568	1.2802443158848908	0.712817954506395	-0.7502401652770033	-0.33157358559269345	-0.18711424482692232	0.37027498038750595	0.30666672792383326	1.2503057551561627	0.4182000878669183	-0.16373988230436207	2.138415019454284	-0.34650644397149316	-0.8582740952238156	-0.0014981267381208943	-4.19423833103437	-0.8445955930302435	-0.7855314172524338	0.5231998043326422	0.7732384871902714	-1.0380182327222018	-1.121868147800539	0.48176739668972324	0.2493262573911866	3.5402589754821423	0.7316083443119016	-0.16167052484338063	-2.5228511116581473	1.3476389868138159	-2.2537899133523878	-0.7840759805298465	-2.4520545538625576	-0.7661136910072662	1.1566766433933315	2.7239088407039627	1.0079691700116848	0.6020119871676167	0.3014010862223981	0.8403374011784533	1.7071484349522112	-0.4566160846151054	0.43235560198230605	1.164510894131157	0.9092381230760845	1.8673149149681574	0.16782698772428303	-0.7472317884485791	-1.7280010921279136	-0.47068201986013464	0.3359091127045859	-0.8093925504175133	-0.0026499088032514123	-0.9637669580288577	0.7928067327812829
DTXSID4045680	3.291523982927826	5.969855073389422	-2.96520162281897	3.521323826860248	1.7631228432770678	-1.2306249036032813	-0.4632079283315018	-0.4762214994591862	0.05273160419960706	-2.223679232890705	-0.8551364705125846	0.4387866637559909	1.0932675641164533	0.9789592647099185	-0.13168161671170514	0.18029600459676492	-1.5486428110174477	1.2111088138803816	-0.4751699376378968	0.8109562853017954	-1.1045364824329091	-0.36818668878319855	0.06348685695566916	0.6481294085337908	0.7018805828222103	-1.279452148728264	-0.16804971472570734	0.8074788596034198	0.6881938227566109	0.27355952696245184	2.706513476408548	-1.8729656705435502	-0.4353534438329742	-0.0010174605268064275	0.776434519218731	0.7814516470013313	-1.1883154707665002	0.14739317086208348	-1.1163920578324062	0.23765879147665464	-0.18330484481658108	-0.37990752999161914	-0.34823552463452256	1.0354874709523052	0.205318338493468	-0.22912584747516312	1.0720963192257666	-0.8066971035796328	0.36989950857508014	0.2910459435114091	0.04416037940470246	-0.7428350981749681	-0.11892417506266946	-0.3708056861509182	-1.4201642653805757	0.2039273136077962	-0.8304489944845852	0.1615151093303808	-0.6179357090679484	-0.3750267823140404	-1.3645516022920414	-0.9113941426881992	1.7999329386707035	-0.5050635108096986	-0.414833303089475	-0.8549147966682806	-0.9831707671018572	0.3951983719390444	-1.1824817226961455	-0.037277135604575753	-0.880954867439203	1.4980841907839726	-0.36180430162141186	-1.7478915668929518	1.1543509863944774	-1.7534459885435312	-0.19626377744969273	0.8489021913063739	1.0482003892458782	-0.2512501435970528	-1.6982037985700764	-0.03666520021097969	-0.22819491515167392	-0.5894442958586678	-0.9285456053577963	-0.8688887558492511	0.14508758602563027	-0.4074098769028515	0.2361096811917692	-0.27072887270288687	-0.055512008728748834	0.5224097460209737	0.6518296921938077	0.6903547495306367	-0.9418481525198146	0.9780598603432213	1.0763454898993592	0.9618163332459329	-0.4658325389919469	-0.7650746181590635
DTXSID4023381	8.478636862212051	-1.6991083189240093	9.51963804856405	5.169441943840866	3.202885849908364	3.4000507979861414	0.7377134589475653	-1.0715044424958016	-2.48290877747617	1.43477088982206	-1.554828761834834	-0.016329899426679045	0.03437480781014988	1.0822556046087424	0.7565668650431889	-0.34999599479544474	0.5036872785766046	-0.3650178803866655	2.5191737439175617	-0.18676269851123123	-1.1500813167538884	-0.3238667846368196	-2.504828498187007	2.140523210295983	-0.11738190666093809	-0.10833035879508476	-0.7631256940414133	2.431034651474012	1.051953412606333	-1.2901870825260977	0.00401891063824794	-2.568171289584768	0.8258291933146295	-1.6873765110977343	3.5430274916239166	-3.1198231200774633	3.3059290068901377	-1.812162849398077	1.6093023243585853	1.652212651954014	3.3787062030482784	-0.6739179278664286	1.0919798594271406	-2.2343428348812022	2.3767080918087173	1.0897497429122764	2.1193803036097854	2.469634499184269	-0.8233395284267532	1.843447712351451	-0.24920834452548643	1.0536926914808378	-0.7461267008921199	-2.884171366063901	1.3835096599724144	-0.27009613715672753	-0.565135471613912	-0.25421474554308204	-1.8653575915023637	-0.6497564337210142	2.2510044440914894	1.2721680367584538	1.3662662173319173	1.9139314147767432	0.7436606145067473	-0.4291057756334527	-0.16229155452621202	-0.40299570685015385	2.0338912304541643	0.546105199190056	-1.751420483367361	1.4857981756980254	1.1046178606592678	0.29040072174607373	-0.3433588215799419	-0.376463430148057	0.34195088994778056	0.05328116357995962	-0.5172239833271894	0.9419012628406307	0.6601280577328292	-0.9097350428670016	0.6713130968076301	-0.5569054909253423	-0.2186613145022326	-0.015096399380965277	0.14925198017684563	0.05577088888154614	0.5587793354085014	0.3869349971884627	0.08372404088329707	0.4560949866806616	0.04485401400218751	-0.5697808212960013	0.2850056559721894	0.08068418733574002	-0.2267508032048129	-0.38373113993894986	0.1665780301542223	0.11001014031945647
DTXSID7045815	2.4097229969154688	4.835142505535883	-0.2661398843057193	-0.29777387669153194	-1.8903593892559494	-0.3067604223488013	3.207244003585795	2.667638255172523	-1.1358412376977136	-0.19797336896746245	1.5724085279562008	-0.10660338018400925	-0.5008481709749704	-0.6923946579486735	1.7923248571617503	1.2458717699475137	-3.070005887699599	-0.46653328160684493	-1.8577110785133384	-0.5721048058061382	-2.519851055487169	-0.7290064595669161	2.361239223007277	0.23465655442368466	0.11709200339162114	-0.454382129818333	0.07341984144851649	1.849238774765585	0.2685386932690331	-2.0663987613844133	-0.47998663737113756	-0.2245690051681244	1.8371987091172295	0.6180172961923487	-0.08910551676020495	-1.5020930448773027	-1.184688327694027	-0.5487425988762289	-1.7989907709149484	0.9322537729229106	1.8167404039418482	0.18021337219462127	1.192809741827258	0.2946048615746894	-1.090304167797828	0.2971159416170634	-0.24388335829779365	0.09613871913900444	0.8477434216743417	-0.17484149472621302	0.07312216137421511	-0.6064091694847825	0.6735264298637759	0.1560860822673182	0.003886847100764319	0.08027427279909105	1.365082147554395	1.4794482881548	-0.8182392226364338	-1.6130145400076907	-0.7857756282751813	-0.9189345763171338	-0.5964366752566349	-0.40200918836623134	-0.12754310145624073	0.59026185546134	-0.040440353174005066	-0.04592946209209376	0.19587689102451933	-0.3777977145871661	0.5931305736113868	1.095369867935328	-1.2606837795826187	-1.9101937483609597	-0.594666603785964	0.5024703888124723	0.5338145031838137	0.1653130297320619	0.09222170671551623	-0.33202998984285753	-0.121478379916845	-0.8686679349677461	-1.0405190316649355	0.7043807290501612	-0.7829734334872076	0.5612422383351496	-0.20857931126611992	0.2790031289437227	-0.9069734999777668	0.029261902534861814	1.063908238906384	0.25884158089415193	-0.09988171691346366	-0.4680547113926625	1.361218970792027	-0.1070531607715029	0.07939678832761533	0.6952956879196317	-0.9046375911287293	-0.4626140538133005
DTXSID8045141	0.9857802896675875	1.131032643875646	-0.9202442293411599	-0.7058140310561476	-0.9578386189060775	-0.22404885728638768	-0.7544929116326944	3.0347434530653463	-1.9038447419001356	-1.9928141640963974	-1.107946063802322	0.38161898808248446	-0.6768432516721201	3.4066854392271675	1.1251467214368596	0.794815521276725	-1.0667188879673224	0.07776938227967063	-0.35351523110806016	-0.7789843529836185	-0.07371047341279591	-0.9130794465494023	0.43568311404465615	1.165675692641217	-0.9202795537663144	-0.05266620736333561	0.4992304935245205	0.4126801541827112	-0.18207133488705823	-0.9237105773815251	-0.914804464936559	-0.5263781937985931	1.2257563596422238	0.15741751819647443	0.0077778497697983656	-1.0219886818251849	-0.7316577160018974	-0.5249326012000564	-0.7986612213514084	1.1792572569996511	0.5067873701258141	0.312914574294428	0.39932108525079696	-0.9540644122744415	-0.22135677832435613	0.4795820212603475	0.11875720132822554	0.5443189743568243	0.2580524746708552	-0.35049440918485614	-0.2895709599796177	-0.24402718213942046	0.6501345969371622	-0.09623513652679061	0.27556842394270736	0.6232108828407339	0.12223944251280014	1.329877878525844	-0.735074443545049	-0.45932281000932473	-0.14284468596412928	-1.065528575485811	-0.2812976126773954	0.4699726918926652	0.4330703379466202	-0.12756421334792034	-0.39643889243066716	-1.1878766513191896	-1.05744953121369	-0.15415076509605727	2.338892758510731	0.7978687033652792	-1.2297132901298158	-1.3470435019718523	-0.41005963164391207	0.5950020485655251	-0.19563519358487777	0.499965305883742	0.2720687663871774	0.2111962173788355	1.6507218470728786	0.8114828419364498	-0.33792710668478787	0.07608952002945728	-0.2727370754793999	0.1802678593389654	0.4777068608190488	-0.7264434641718478	-0.18183854587946868	0.3718323107324188	0.942259277769436	-0.27624034179601714	-0.9361130578508792	0.06536756365068	0.7994431258618815	0.5697666812136457	0.48436594246296505	0.6802299564720933	-0.02727194928035747	-0.2609403625707345
DTXSID5020605	-4.070207279943887	-2.969239488801507	2.631746152095521	-0.7660476976726389	-1.1870397337513574	-0.8804690622473873	0.2170136575432027	-0.5198797040358418	0.3679283796402006	0.5971878981611278	-0.17069310115239128	0.17389893646232188	0.8789461554294129	-0.16508110846912274	-0.05842107808900855	-0.07931956673319578	0.4970833788566456	0.5340075723132084	-0.035862300214938254	-0.7693068419637621	-0.008141350144130694	-0.3144723553415752	0.30008283242764366	0.140080637229001	-0.45709347567604514	0.33360296970919073	0.4109389273466782	-0.1944184367190328	0.3712152205671651	-0.3775364161370917	0.5912026176998534	-0.027928602624513216	-0.23525353427598972	-0.402442807612773	-0.15673799967024907	0.14688456772850758	-0.06546112703272905	0.664738451665046	-0.30177771559496047	-0.30717465357892615	0.29146344946445046	0.34397520094704265	-0.4229293519540142	-0.04907994715516402	-0.16714846577476825	0.37724736814841153	0.2872271158990493	-0.20370906235816463	0.05226542525570741	-0.25769967415026623	0.043354566243691016	0.013432644697294016	-0.09563261904036978	0.06712536550850448	-0.21996775856118422	-0.3443429909464648	0.07983846468068669	0.19919672311485725	-0.36050091612352675	0.17459488556148092	-0.07523955247832614	-0.12036704932921793	0.0899448913547775	-0.48741433452253924	-0.410084389549877	-0.048144076439199955	-0.21790171724961518	0.19532156922930916	-0.20565790667784203	0.5150714751596458	0.04871407115772457	-0.0794694905003433	0.6248694831243773	-0.24338978672786624	0.17427579585447858	0.4541840279969372	-0.30505101422471304	0.15688171008782328	-0.127815876065509	0.38115986421314096	0.16105124619832967	0.0028803645777233234	0.00669595774326154	-0.13692448669640975	-0.1494303692047355	0.01794031285539943	-0.03765674996880152	-0.026886640854030117	-0.2894538885649403	0.16372522967283287	0.21640977339279308	0.45279690828533786	0.01920090600846395	0.4013726616409007	-0.18159286683669493	0.23637997010421186	0.010455910214778081	0.03759413688867273	0.03280213832054758	0.0050298844300065175
DTXSID1020516	-7.483715232267974	-3.6810056383635668	-0.8313359226273278	0.2543507406228664	-0.13108303677479494	-0.7808601506949786	-0.24720958068941787	0.21858364786110668	-0.13266868769136095	1.9736314795928782	-0.522439881458396	0.11752436843758865	-0.4357213484019389	-0.1973965171641394	-0.3310799011293079	0.8956287563833111	-0.6907585366308492	0.07891605071702988	-0.14299132967837033	1.1287279674767006	0.3875025429520301	0.5507726983632604	-0.7969618432553129	-0.7904221527706565	0.7316956212110304	-0.25933126663104317	0.6015723532722005	1.3431860235624453	1.082904283396197	-0.8296327717821587	0.1993697230416816	-0.8460997688058275	-1.7401344254061506	-0.13584147402264415	1.0864932402687373	-1.8582286763587228	0.4639107464930907	-2.018676974286366	-1.733799016970686	0.2998925620769445	-2.8025147205021743	-0.5732401428108386	-0.5558230319515244	-0.7502361855948226	-1.823888216709117	-0.0896844844741532	-1.2932508298002214	-0.5716629806459316	0.01928071794769769	0.06624685667238593	-0.13278408384934387	-3.2707347899493135	-1.6572077823066722	0.5257144163966062	1.6745313172201515	1.4270809844475825	-0.8482241300558412	0.5049731380802119	-2.127391239633856	1.7806954168875384	1.9709890340216545	-0.30326485023189526	-1.4109836849265398	-0.7897136476036449	-0.43080025305404646	-0.3185712994666296	0.4121998772934753	0.5033730280206333	-1.3302023854777	0.6333122303835121	-1.2755396403766313	1.228498059590423	-0.4168097598463153	-0.4610910768616808	-0.37484280854074403	0.6307169017791495	0.09648985465927049	-1.2481920876055035	0.5494165333940242	-0.17911384487604287	0.1877929399499688	0.061645182856318974	-0.07930370372640883	-1.3140659785682707	-0.03081093293137617	0.11754614391555766	0.27344957224294236	-0.4892508924129762	0.2325025259850054	-1.059143603746107	-0.4163259074866039	-0.3182251191812399	-0.5568409229872977	0.28493637522726645	-0.14930229042738097	-1.0085168480695188	0.55684120510257	-0.029327233744343536	-0.12607938899787902	0.049639659933457335
DTXSID1046716	4.787273218662295	5.308845208965428	-2.8026461947122856	2.1340986051534028	-2.0449096184897564	-2.18952752059755	-1.868684297672233	-0.9501834493700664	-2.5335530155669255	-3.3929313199934077	1.2415284360930268	-0.6307398384079372	1.6851038559869753	3.3296043577144023	1.6434753443930215	-0.11028881096258225	0.2543368421730618	1.0121226181578902	2.6485210807485684	0.5216126813924267	-1.4225204133109977	-1.0492362619798186	-3.9076625843437944	1.4060310585168416	-0.2524242286526918	0.13550792612508977	1.2682909207315423	0.6990727921264387	-0.030705121921398626	1.3546190497203339	0.8530881754601858	-1.368994511703633	1.5597102186646492	2.2527832064535773	1.4584483430394122	-1.757367323805002	2.9398136877973164	-1.1497642106615453	1.8765336741617176	-0.26295328297525283	-0.7614526641419892	0.5118580975299895	-0.8001962979382645	-0.13788678711050228	-0.7005445294036009	0.23101022316030284	-0.674751287047543	-1.190730813348427	-0.04813506851444635	-1.0249525909271893	0.43481120329736367	-0.18447533085669188	-0.9637390892755611	-0.01250390865641332	1.6675510166939738	-1.1486243434559251	0.6254150323380928	-0.5750883835218302	1.4413182815108527	0.3473249188938455	-0.41108495323154465	1.2156304192130662	-1.2425727477937893	-2.0036202520369932	-0.41165537248803996	1.140868149749095	-0.2863424257193623	-0.8341616742986792	0.5335977548924984	0.6719708307112241	1.5287268787951134	-2.474452888143317	0.26880948059891785	0.08609657551917405	1.2583110027838855	-0.1263466413861076	-0.6081164482799835	0.32491019561557377	0.014736176713679905	-0.891194536250208	-0.38537487750261484	0.6937887917990603	-0.7846044640124177	0.6167397969208955	0.5304671525488589	0.1608912985347488	0.43142587574059915	0.4583574196453428	-0.9665219935335914	0.10143084756883348	1.0821086148268946	-0.0014211683818069634	0.3091348501901737	0.6161755805206597	-0.13368551312134166	0.2544673967946402	0.5822398859995709	0.6439408378890461	-1.4072913989412905	0.22530824435843494
DTXSID1037511	-1.6267499651249964	-1.9001760092622955	0.9386070794765621	-3.135689419500673	-1.81295669612203	2.027336809266381	0.8835004630423682	3.2888652063564376	-1.8080224369872728	0.291769215161839	-1.2972544266637516	0.4500114146021142	-0.3331192714801156	0.18062682741835226	0.3873610474885237	-0.5668578394922941	0.4530373120489921	0.6955396171331001	-0.6574197736492927	-1.0833144666869523	0.8133521628624634	-0.6705862634033872	-0.4071268519736408	-0.4405879241080641	0.20191369468334947	1.081643742161856	-0.2894549568937702	0.1559178485061386	-0.613827787382172	0.03092023850369681	-0.30154578414078886	-0.1251697116862633	-0.30387461411912003	0.520273416992147	0.09471695952242787	0.44744386475317016	0.31142907574089873	0.02354627847174289	-0.039472995204491865	0.4426510655242967	-0.18591851196860712	0.2924622809024533	-0.15556895032398693	0.3515133425816496	0.05957097496792519	-0.4398250714603093	0.16906597665533676	-0.5013989017530059	-0.0045920518693477325	-0.27446612815241245	0.13582574418793356	-0.16630775031299488	0.43829634752717944	-0.277302237617886	-0.34325345203945745	-0.25811159055206034	0.0625085845792887	0.13726914695381146	0.5218880518288194	-0.13498556173328946	0.6291942296994331	0.5865127802284013	-0.08157740455985073	0.588617090512335	-0.16071026695881066	0.15676029532663288	0.12268286115284473	-0.4980239178816605	-0.062342754023356	0.43348293990589215	-0.9200035427256699	0.714495428618577	-0.8256647508081023	0.00356457835994229	0.42180290551559185	0.3996851826659367	-1.6930998653703995	1.0570376868792504	0.022276575660036303	-1.384809025075445	0.13966415933630524	-0.43600575687190807	-0.6105166466313889	0.423388174759978	0.6662724247377664	-0.21758993348638414	-0.35699346558169787	-0.16123658050423634	0.5283131073469927	0.1576577296667621	-0.39843794544961675	-0.5542081088144706	-0.07130741476014509	-0.08794432671180606	0.3022517841187657	1.1270484093159292	0.37412571344352236	0.02708957056613219	-0.12143001062849491	0.6957340864139663
DTXSID9022817	16.40096548912167	-2.402326599102896	-9.144521475512727	4.813565523147665	-2.100226825467358	0.8602151224328083	-11.702657789417858	-9.300124394935581	-6.6653563228223796	-3.8908868794530798	-9.054924894342589	-1.1151828770422159	17.67157875668547	0.031833979851001636	-0.1815496901241631	-1.2045800989101758	-6.062835466362744	0.20867540652441324	-4.20902574992825	2.281970923923939	1.284316473961811	2.4514022373981343	1.2019531676001647	-2.3997525993617113	0.7939000372414637	1.6375855359465163	0.10797605410122792	1.419113343676451	-1.2799906037840236	-0.5833600444219578	-1.6108868402677687	0.3654224957893093	-0.311520242426076	0.3232787491573558	-0.6292209809996869	-0.38865620778768006	-2.519665580654646	1.3554516253225344	-1.1641808558923221	-1.8667631321741556	0.4177836166102792	0.09115569473633084	1.8840488722481248	-1.1592050587701477	1.088219226901699	-0.5238810001663325	-0.6228137972530756	1.3278954150390092	-0.9195816140010316	0.1309314066924093	0.14259349601085403	0.5909320143753141	0.6940715634941752	0.9794101133120091	0.079971900102866	0.845329745373406	1.0572830900671553	1.3135455865839691	0.6637213068827209	0.10029419337952622	1.1570321866801143	1.2587139678801087	-1.1421936581714167	0.22053445132815258	1.082470973700741	0.06512097907405688	1.7321878331678162	-0.21030326993500065	1.1211936260432867	0.08251752135037374	-2.2776078391073047	-1.2708858028985133	1.0282175454448206	-0.8045513635504525	-0.9914991287564455	-0.5166363790013222	-1.272465542333429	-0.30560208576940157	-0.7886037291510979	0.5043673495419373	0.7297622296545527	-0.8544964319285006	0.45033400486491537	-0.6260054957820743	0.40353431015283675	-0.05146829508952528	0.9743739435988886	0.5104302125105961	-0.7890075292720585	-0.3347091684939882	-1.141491883341493	0.48508633141104773	-0.2986642455724415	-0.8641250105352263	0.33541649794548173	-0.27703351350702604	-0.4765557349997164	0.4336850571767765	0.4760395543575558	-0.2681209089158826
DTXSID2025925	-0.9870840009865973	-0.40745448352463737	-0.6183446006422348	1.6444068091423953	-0.07571719064928854	-0.3477111194147694	-1.4075347125998314	-0.4972130866435977	-0.6256686711006327	-2.816900342353601	-1.924289242885452	-0.20500079140390426	-0.6962304459577673	2.1881205376543154	-0.008964111425713508	-0.6404732375790481	0.9005061935369055	-0.4428772301196276	0.9314127397768053	0.36893061347842576	0.32994849168452023	-0.16108858716546104	0.14423600591608524	0.770526548361048	0.5057268848285543	-0.3249026067014021	1.1489129566104082	-0.4350996936291577	-0.24594246277998238	0.5834442581032349	-0.2725016057748424	-1.2654090137292997	0.794222352683191	0.01302520091723836	0.5736487426645773	-1.2617826216644001	0.9808923842217071	-0.4113454764579825	0.7922390122626267	-0.05075714973255817	0.39123754622299134	0.6285044327372531	-0.05315092220229535	-0.10195735542139905	-0.3344998711850302	0.11055712387587772	-0.007512867567131015	-0.0715292741876393	-0.11429689411696303	0.2904449612516285	0.32363167702171713	0.13360491740689354	0.4675263171373739	0.07548186735266434	0.16855320905443136	0.11249738889142852	0.5702107048993965	-0.2605444924464309	0.5926123742961801	0.6060686704415718	-0.2801209050910385	0.7253967546271344	-0.2437872203904006	-0.5139824122325329	0.33386800679487894	0.5692191872539142	-0.15636110093781763	-0.30617988401323204	-0.7594692875265623	0.6280681642011637	1.2477931095788382	-0.20304814674892033	-0.44911975559494005	0.35839190873982485	-1.1992193950665395	0.3872254909186326	-1.0585924522380543	1.4102518760689124	0.31865714057772065	-0.11213094366977124	1.2251231523996666	-0.0823453672549843	0.8281927208737833	0.28077166043000323	-0.8035403550804723	0.18780522264406108	1.1155703604558802	0.48659464498873856	0.8032464171995518	-0.8066315142176856	0.3958866236345237	-1.3255084742358945	-0.07535725473795224	-0.4883356077825608	-0.8979659215374262	0.46028468056245736	-0.8411241408083838	0.039723676783478254	0.5157027497021845	0.09358113410189414
DTXSID5052595	-4.448177308078985	0.6400388001390863	0.5609349476247399	0.7436431758263164	0.3626388188920269	1.0309595307227126	-1.1880963889023088	0.38908159950135784	0.38364933819220426	-0.5929660018755388	0.18709984875504834	0.35284601946109245	-0.22322645416290088	-0.12933395247070784	-0.49442347285276966	-0.05005540097198304	0.30391581592039846	0.06342315862618313	-0.2586336092158722	-0.48306079094939186	0.24696967019395163	-0.40071399157163756	0.6151064213175511	0.1744142667124549	0.5202750838433817	-0.26982743753278154	-0.6329030466682745	-0.48581279256924054	-0.1478145667105555	-0.04561107358983033	0.0002592530315448194	0.29872614506136036	0.2862610204432731	-0.060774485456510687	0.9864568569574582	0.31369349129213964	-0.047867320740899784	0.07019424769412008	-0.11386196318254627	0.3612521721316675	-0.29537660371107877	-0.1733153316880358	-0.08826302991636636	0.03593060554096001	-0.16654087366805284	0.09543704882152355	0.03272988817617934	-0.31886962363917526	-0.1368514177952759	-0.04554170001823435	-0.014745728734891982	-0.22516922666933506	0.09868328547669447	-0.3558267060748993	-0.03065633476418143	0.060240657464831385	-0.4293653678464689	0.0007113435432505495	-0.18933405856655447	-0.3751637615034801	0.16893598336984306	0.15994886802089706	-0.011583013597785347	0.2806002800456209	0.17204500324370972	-0.1340951545370585	0.1296750462494489	0.5757799136018539	-0.4455138875969303	-0.3323461716037946	0.497936290830906	0.061553773220785195	-0.35227528166781363	0.34088328283103125	0.1829739364593092	-0.5789776830154011	-0.04661113864915261	0.26240314609897314	0.02223117858492111	0.45746325831131557	-0.35997969351969794	0.15064398596925324	-0.28284544602464023	-0.849752013774764	0.11597722914440728	-0.11176716088713451	0.2606911413716131	-0.2713117856451769	0.06248843099819807	0.587955593680807	-0.20177027969472727	0.0809166740332584	0.10030236116369654	-0.4274216509114459	0.032884067301353036	0.14519639253774466	-0.17276465832550358	-0.07982930328057065	0.13868045652589903	-0.23733701564931836
DTXSID7046839	-2.481400471594879	-1.5568312736707557	-1.3300582148068998	0.9039722618782884	1.2648123285690078	-0.6987637903771218	4.149235592322787	-2.165807149717121	-1.129763758547678	-2.0229212327065333	-0.004737525274604331	1.7112778592287627	-0.14191273793746886	-0.4699139147643833	0.14351887745497793	-0.5000701042443136	0.3320628596412035	-0.003870417353876088	-0.965735557662186	-0.20114357345122347	-1.4464432609412121	-0.40735128486228617	-0.49039328575498986	0.1855820738198778	-0.6965404313396426	-0.6379693504014903	0.14119260704771083	-0.549588635533704	0.13397485592244812	0.27591617801434815	-1.4998083107918532	0.7126372745343303	-0.45026573225156896	-0.05560138958429559	-0.11769647412861597	0.10511186013580098	-0.4966520038497364	0.0269532709371954	0.22928731729391189	-0.45446994237885613	-1.2276695589181248	-0.39835870187233136	-0.5299074645820224	-0.6396684045458975	0.20969993763780853	0.006168099803480912	0.7897631850730867	0.3554576427146053	-0.42340810193331707	-0.13637104030153904	-0.4174979113644372	0.34872920392520923	-0.5353819902302883	-0.09391772685870321	-0.010428528733454973	0.10605368363450537	-0.8174436996957049	0.6749748056121437	-0.6236557298456628	0.8111056067928071	0.16942439332614423	-0.13984939108489872	0.04512320587833931	0.7511932512045636	0.06969700960660055	0.3980757892864148	0.00967484813188901	-1.6740480997409533	-0.34408364891277315	-0.3309770903956953	0.1423897965134841	-1.107257472882994	1.1739375308494309	-0.7966558612822723	-0.7309236300555177	0.056035152743324705	0.14340400576956286	-0.34785722491046434	0.2098657152863062	-0.5594074984470401	0.2829795227230114	-0.7907322779156936	-0.262983407907927	-0.756799834732227	-0.10716956436667172	0.18909761832145108	-0.3148681179147993	-0.4259917067627463	-1.49229847665948	-1.302446069771398	0.053777691816999484	-0.40330867421559446	0.5712191515903983	0.03974712480485655	0.3196846743814873	0.6823941580930227	-0.5172690304014317	-0.5668542819824238	0.39636542429573274	-0.1530806180812167
DTXSID4026422	-6.599186004800875	-3.9264266231235516	-1.3785139725302056	-1.4722151417085418	0.32897800364325386	1.0220624551748403	-0.7433073203375827	-0.9789949914658677	0.5360924473303119	0.5150691421583748	-0.714961691433038	0.3897335183235036	-0.52231538803013	-0.5001800778178015	-0.209966626553714	0.2540484437316473	0.21224037632046516	0.6567257491150643	-0.05017872137580672	-0.35791713818188053	1.0347180275250956	-0.11050181075488928	-0.522486846908139	-0.1271867533360095	1.1689445500928624	0.3525440055557104	-0.7346641301884279	0.6040592752190184	-0.023813093303718506	-0.32359518539563537	1.6247192789594795	0.52610933874926	0.20937790180094326	-0.14457650431150795	0.6177408538299403	-0.49672248109031175	0.14890693987301382	-0.10889569902630433	0.01643956464958334	0.4333020879097332	-0.29255458209020524	-0.05929308482947259	-0.21620383095410858	-0.25832226515433704	-0.0570267094664149	-0.10018243959248915	-0.040806595795320325	-0.5363030178822384	0.021320767388000556	-0.1288992723122505	-0.004990472050545056	-0.31674079150438406	-0.16857592819170736	-0.20560601652181437	-0.1400637271749376	0.005991654720704309	-0.04236842938868907	0.0007672956830360987	0.03527019418714872	0.1391465967637818	0.05547165056800823	0.23366413966986277	0.41236070931958646	0.30808835560520004	-0.026920179992788194	0.3651268364834459	0.00972438715077242	-0.6177588600636194	-0.27204063689141295	-0.23386688345798817	0.5498783423233199	0.11044424639913111	-0.17130230565286134	-0.405090851977056	0.03951655880151822	-0.6033334339841979	-0.1115526885375015	0.8236490191253222	0.12063452673026115	0.2786844429156862	-0.7238454030499298	-0.4739368452661995	0.3436116869617415	-0.1919531955619718	0.9398538646546492	-0.6195910887963874	-0.19515914182737099	-0.06580164821697068	0.158761914362886	0.637782036742325	-0.4936765053105593	-0.20086072689686754	0.15475671956524004	-0.8943661663508896	-0.10742176205591907	0.5292802452386861	-0.07054470415121554	0.6577701004106168	-0.7010288700713138	-0.7542705270974278
DTXSID4032536	6.828219080241303	4.882994669204144	2.8691079537245323	2.5215848492751074	-0.5036036769512938	-0.12851704498622277	-1.570493697707677	-1.511442976517573	-0.47769962413823736	-1.346957012017589	-1.1762429364043168	1.351137410367759	0.6134339226962301	2.434582264544729	1.0195153004261235	3.625439646652874	5.235378829208988	-1.846117793902379	2.9210107110968297	0.8757955012915739	-1.977184806855224	-1.2352736613985889	-0.8340763993332244	0.6622278506112961	-0.5860489211462301	0.9393846794636314	0.12480608107056389	-1.7479725742370014	-0.8760662911988049	0.20545318257255302	-0.4907569380755978	-0.1019663604581439	-0.09039980649608158	0.41119835259548787	0.643491232362789	-1.704117619316667	0.15336896795366445	-0.05054957752238638	-1.8120101606725252	-1.8770720625420585	1.5592969009807496	0.6627259247993988	-0.8656526194499025	0.2739389234181705	0.7962146961827978	-1.7861540798675077	-0.7296135151888198	-0.9341445671300111	-0.4751569369156583	-0.6975576858705159	0.17089036928456713	-1.2910849298220348	-0.05372422313101599	-0.09419696961815446	-2.022522801934158	1.4509704909455894	0.2024223170700361	0.7310712907261918	1.484512432004788	1.0032603968520861	-1.5784072115415884	-0.13252177663054712	-0.17695191022014478	-0.6480238841096211	-0.7281165811481871	-0.628814610085485	-1.7083290342612616	0.44730023718581546	-0.9060784473532469	0.7380728634493932	-0.8466504010220356	-0.8951603217942199	0.8351018882402546	-0.7265827631362936	-0.3783679841923162	-0.3262776768838441	-1.7179585525006922	-0.3199115761584785	-0.4621880219131836	0.590881969117857	0.7945630700373744	0.5029459893947561	1.474251755618914	0.7644324146482099	-0.3182907605428806	-0.14268159439567835	-0.6184592017001412	-0.6749624806796335	-0.4676221968616464	0.09455763209839128	-0.19400963946029792	0.07922224361281331	-0.06940334235217079	-0.8805822764462031	-0.2190577074028992	-0.5239731394282149	0.23597586829925693	0.734281490948371	-0.14091617334767592	-0.4402715101336256
DTXSID2020131	-1.738487708770082	-4.929027261215042	-3.323481530687863	-10.397190755650549	-2.3052748899686386	-3.7352705202549505	-4.2522262775607915	0.8549474665900694	-5.540972937858693	5.082228091036343	-1.7873973278954316	-3.718916414450097	-4.84884092804909	-6.749728024666652	-1.472776074556883	7.237371653264508	-6.447861730159625	-5.30501809555587	0.4313917687839413	-0.060417022662554755	-7.445897864873508	1.281780677362448	1.2469867151809149	20.70473529531717	10.117991276130468	3.19672875061247	-2.352674596013469	0.400993596390873	-0.8720132879701992	-0.590276922092609	0.1383203339320812	-0.39883944807415705	0.7711941755083059	-0.9935328235460413	-2.708606116804528	2.3813335065989243	-1.9026050524740385	0.29724104100427134	0.33807600294383966	-1.0904813942582443	-0.16432280822607293	1.1608320149481508	-1.437147677766518	-0.23377910002629215	0.5826044450412243	0.13612554877650396	0.45797708291834216	0.7265835638903714	-0.01956777917037079	-0.26040708996462536	-0.2661325576459188	0.3342112834311319	-0.047507572302811524	0.25158554797105875	0.6086718802780461	-0.059650788543400717	-0.6138138654550597	0.745077191929757	0.1846725567097558	0.6772104386364293	-0.07920904632802371	-0.4979472301179165	-0.7089439908915111	0.33472683983105966	0.43372880328321445	-1.4254985731532048	-0.326481658050053	0.4215865357977388	0.45765665345257434	0.5588297425024549	-0.053646668381016914	-0.503522362852948	-0.33173887297422255	-0.8436419259940996	0.5478950227107084	1.739073038170625	0.283708081499578	-0.18608591377749628	-3.964852102724668	2.22342239797236	-0.03545918776685185	1.8411147936035717	-11.262260439469014	0.8262532683664169	-14.58672696458984	0.684874800755854	-2.4322065740565684	-0.6282273292763374	-4.74517187491282	7.934918474194752	-1.8924665002232905	-7.145164691239566	2.064956795631371	0.8872053928141294	0.5196700289352886	-1.6216919633798261	-0.060421621729805884	-0.7788085620445405	2.4479056027903567	4.072043165484362
DTXSID2037502	4.604879598260561	5.331625066427732	-1.1347303743031318	2.2859007951682737	-2.3087252392206614	-1.7508249712630592	2.4056449743865493	-1.8894957158473407	0.5835990427614358	-2.49120822376235	0.12165597447558156	-0.5852985421270278	0.5554302775930654	0.2931435427606749	-0.0446070184906446	0.8726130302325121	1.2695686684406742	0.851402862500772	-0.26432028193807783	-0.6729085033354727	-2.3556090079174883	-0.7200841761601363	-1.4326837455651156	0.24899029057290112	-0.7689571078781418	0.8837512407395252	0.6311071662426738	-1.0476415357804496	0.7140732545073012	-0.8751696117648177	-0.8024709432294818	-0.48012485611834077	-1.2831530994845761	0.1571917504605312	0.5147987681467583	-1.3232981392425573	1.0878929851308834	-0.05131805648195958	-1.2922019658048598	-1.9197834025332332	0.9034006842682353	1.3615038417665477	-0.811487744944184	-0.8496366534335429	0.37375674120839925	0.5622902507190322	-0.8864472983183166	-0.8021600220807704	-0.3173265165042076	-0.7268966079945697	-0.012020081705884237	-0.19895247284049258	-0.16436705789329534	-0.054122069400098734	-0.7085157038390297	-0.1284819527202083	0.296648253213509	1.067020966918804	0.09925077827313916	1.0349088667345876	-1.1259867130713468	0.8077462970617595	-0.7921897255518994	-0.5367020254397131	-0.47111811231795	0.7661595023742342	-1.7108163246533368	-0.3717726601868238	0.021020869542776034	0.23669994592545457	1.5048790892538209	-2.010432565996086	2.0703694564564374	1.087743049916696	-0.06487393490934629	0.21634194811467133	-0.8963809070498178	0.18616882626621617	0.4110635121530552	-0.15168739839033335	-0.29170348636936355	1.0534738548771554	-0.47824606275399245	-0.48159110676616496	0.23031591196229823	0.12252860242851198	-0.2789768924273356	-0.14121094560268416	0.08855310028195622	0.2673900723697351	-0.5708461188463315	-0.16102801889857205	-0.10236798596597528	0.5429402974768069	0.10301308568314027	-0.30878643283624124	0.4764910553664793	0.7958663668459272	-0.16056228340028592	-0.2103906990857125
DTXSID5049289	-0.701283165658584	-3.252203197456667	2.167303640251868	-2.536374501422778	-2.351490719583057	-1.7124504073187672	1.7297425918590417	-0.03436184136998835	2.2625288348497503	0.15486335401842624	-0.9792822112712208	-0.23542360989322902	-1.249168955595014	-1.3435116090169876	5.334102170041657	-1.1786511797276307	-3.611431747933674	-1.7575704896553628	0.2145016184435674	6.297065791408361	4.534319271820319	-1.4741315823779655	1.4925513038785065	2.389287395750972	-3.7462720850890334	-0.8414910310637692	-1.5386531320382506	0.01937911018828236	-2.049189726120207	0.29030300868201536	0.37796271030994744	-0.2886296625604328	0.016291246256062753	0.7997972544716789	0.9916378560727619	0.8505763340155377	1.1370727799168014	-0.07370873579355797	-0.979508818844006	-1.1731148550064443	-0.4546557070434302	-0.13004791723241424	0.18954488126463007	0.14509616354517163	0.24158410449046813	-0.32507486079809556	0.5572844345358907	-1.0815441231315237	0.01798882898030026	-0.09275707582513038	0.14022293419225662	0.2557788211028354	0.07169551214482911	-0.4130137491223315	-0.601670494654243	-0.36075965074425753	-0.42321714321758414	-0.41829649258949314	-0.29251682624608316	1.0142895193083143	-0.1405372705505555	0.6118162307871469	0.040876678821057756	0.08849286180334821	-0.5479292726865774	-0.36275163401095706	-0.022852586303304914	0.7599749755213199	-0.10069941082009522	-0.5239626867837126	-0.13109815139697437	-1.0580270443413817	0.7048519905462959	0.5249748511318235	-0.09955184834661686	0.20236715355431847	0.20303673181861154	0.169007995247581	-0.31897145655007964	-0.455450142480875	-0.17426969930081	0.265422580938847	-0.7205127492139421	0.4659258759065212	0.16356115537055607	-0.5529248780649102	0.20847927932873855	-1.285874318906676	0.30200698647853697	-0.641096535684024	-0.19300522240289125	-0.12269683475951527	0.45915594430387596	-0.29973918998591986	-0.10248693058850133	0.7446877593072793	0.5859178496579385	-0.0874125594409384	0.0011410448817646434	0.4832582986537698
DTXSID2041208	6.154266650844044	-5.577999035471299	-0.10032752634916443	-1.823802942102409	-4.048089262596718	-3.258938049862905	-0.6670565498879378	-0.7738247048648098	1.2076141829486167	0.4181400787347837	0.955528839949711	0.9837447463835014	2.0638536247431283	-0.9300499443866468	-2.6524107170643783	0.12282564021494724	0.3146953475244029	0.4435580464215812	-1.2301122626184848	-0.929002946273555	-0.2494637592724407	-0.5935175250402827	0.24943443244201444	0.08406167974400632	-1.928168546038455	0.3638601260644006	0.7391822364487446	0.06216354572114658	0.3768408073988103	0.27894918974114036	0.5419879376415974	-1.1103299006261977	-0.41180430350385333	-0.5427076494999276	0.2979711784201673	0.21756243678521303	0.12343796573568767	0.8733172397036366	0.37295369673754347	0.06756454953582684	0.19791188231017448	0.38804685767717695	0.1641964274386441	0.12778278618874175	-0.006353368723724856	0.1755961092187784	0.2790317630760241	-0.1122585351225927	0.11067636412195664	-0.15788855897139573	0.13567127019463715	0.37975862399164007	-0.04227955250703462	0.03366729398083348	-0.258692604071791	-0.4039591528366607	0.4645239578699974	-0.18271685594838022	-0.11378092963471408	0.23073574033458558	0.21397145855337146	-0.2558824110072716	-0.4871172433313577	-0.23148179967498808	0.02429135128735153	0.6898863835388759	0.5577328554699398	0.9073126231758032	-0.2213750168985753	-0.2459708661186473	0.22677434078447048	0.06667291494477583	0.11296136328180008	-0.13051194649554185	-0.2483660333661898	-0.2033500316249759	0.06681120413403681	0.27410693092036975	0.44089581902691144	0.08484661817893269	0.28995422819894134	-0.20938400599354653	0.27401326151959465	-0.4702725945810966	0.04182264100741447	-0.0674902302715161	0.22545678724466248	0.15074454325936887	0.23575614779107665	0.19259014821083145	0.37038213667011066	0.21386501607840464	-0.4270936451960418	0.5642374043621994	-0.43663659209618755	0.6252119452590967	0.40302656092513806	0.46087386379772594	0.3555928084678912	0.0019486694649497377
DTXSID4034287	-1.0190450204946462	-2.82387847750352	3.3582675756762184	-0.9856121312884024	0.2129138461899925	-1.684634909106139	0.0444298387256477	-0.02609395751248681	0.7428484265779669	-1.9560717325627957	-0.4483662786250677	0.37600411640746934	-0.15850871327459004	0.07244386715064069	-1.287142946766991	-1.7749566075095138	0.7823609389662044	-1.9262202103084027	1.4743938568905763	0.23523602326152296	0.3960804811268116	0.864496885320718	1.7605261338618738	-0.8109452406072263	0.4644620834444621	-0.009883928583945299	-0.32849620315245204	0.5118924568380037	0.16383592460572782	-0.24154130863937878	-0.5987115194855794	-0.694927074612675	0.22436696172455714	-1.475162713723869	-0.2896431046495473	-0.7677950324452245	-0.8139864752805985	0.5826562008133899	0.23544235897185012	-0.06648804547546787	0.7047194262463512	0.2458955751145719	-0.5936227386034741	-0.4785347648140706	0.530040941242718	0.780249307954054	0.8710724439530441	-0.3481682913439592	-0.286214249689088	-0.4597049256993788	0.06167092133231334	-0.08265681663772009	0.20455989990334994	0.19195736559591545	-0.2328458767023924	-0.766865363265535	0.456831437229358	-0.5100261795377321	-0.0961739823592641	0.6381153239598769	0.4203630732811281	-0.5462671127625203	-0.7846160022558565	-0.9100474623123576	-0.10215155460886755	1.4022088709489324	-0.7690465188525211	0.2447346286656964	-0.8924113510876005	0.18021250622458382	-0.22863683311962127	-0.06155886436851206	0.15742231786988953	-0.17584993973070123	1.0567316726815275	0.48683234340234804	0.18555279739984892	0.29714062790391477	0.21215442844086346	-0.10571889321371163	-0.19859040627204558	-0.13027408118979264	0.04831346763654516	0.10885224642752729	0.13304066873366605	-0.23744559978710503	-0.009198404507700287	0.4766203881773119	0.057824197868259784	-0.05058675807582987	0.38722195816799304	-0.13707405185496993	-0.11876152203516883	-0.0682253798396486	-0.06030088932214629	0.07441404255073707	0.7250029482022889	0.044721649688092745	0.2730682771982586	0.32696348243799295
DTXSID3047554	-1.624708157911103	1.1478259265836697	1.6597145339208745	-0.14469831124412066	0.21349618783147922	-1.263194113116745	-1.2771699051439875	-0.3372895206722924	0.3351432510097113	-1.6726080558415044	0.10258696424397502	-0.065609423416977	-0.9032368001628384	1.1299548673810194	-0.7548331404758034	-0.059188961543620695	0.9115374690747255	-0.5031759456379596	0.23438210972766613	-0.742453941106937	0.3254744717437783	-0.35844944078563357	0.9254759119563731	0.46668690615159536	-0.5241745977674014	0.026305864862895347	-0.32865642787237187	0.22541143315496823	0.09809820642533726	-0.4534235635090325	-0.3722263616240908	0.3036979625895392	-0.26963911097523774	-0.5566539091425715	-0.5742416327012921	-0.12518270546016014	0.2584617607348862	-0.12611118111533004	-0.27850342027128605	0.03424606608422403	-0.0991120922910306	-0.028323293908849807	0.12779463524268794	0.4328728026746518	-0.2601227255687337	-0.27486118352179395	-0.019817363010129225	-0.20362122826434356	-0.1585475878395762	0.36378523521591194	-0.05536680480111663	-0.04928582084435764	0.22210965978925473	-0.22801557744544218	-0.10935296161920807	0.11657523205113915	0.0019089957110365817	-0.14959097370617122	-0.18508255802890852	0.026032333487950983	0.036200676017836726	0.15752504405574605	0.2994836275381124	0.7135749821165447	-0.31231161454362694	-0.49524713021656047	0.8317941098321682	-0.8201077015661516	0.20068266894952178	-0.1275023153159715	0.11033007872483598	-0.30405298508744505	-0.15088890060012827	0.41301375043846567	-0.4402435380015637	-0.042085360592736175	-0.020734022478195165	-0.01740465007424101	-0.39332683656729756	-0.10036515057145816	0.21692201705089822	0.12935328351441835	-0.42301006120203544	-0.08270782212310898	0.18008880725494594	0.08171037722087987	0.24353871947363764	0.20518842787426594	-0.07975042857941284	0.01652921844068618	-0.7454058277930056	0.1526287084622456	-0.10130838765598861	-0.42617326001008615	0.2615032256484723	0.023179604370497535	-0.3978091057067604	-0.045943936412501524	-0.10726210377024742	-0.004048329517288435
DTXSID0051497	-1.8163757208735891	1.0866667909407386	1.5305001691066973	1.0681501869097405	-1.5983312249001609	0.6972569579770906	-0.22384006099535028	-0.2799543654247389	1.4121255745481491	-0.6458109629289382	0.18926853667768118	-0.4611335070939087	-1.063464355242923	-0.8968537615610729	0.6182971441972472	-0.19241347067380785	1.060727724230388	0.39552401956556976	-0.24470178878062593	-0.8180948942546049	0.22974350540193753	-0.42165328549255177	1.2251510089160698	-0.3023181911093114	0.6000621423625127	0.7095743560472169	0.5046342761351301	-0.4875623758195433	-0.1143933140713369	-0.1561299754093522	0.011053997282154747	-0.4717312465954726	-0.7554741364642444	0.01695247416171259	-0.5197529612959159	-0.6673882695847445	0.10795051170768495	-0.03952332844586951	-0.2950452738583061	0.01528281319606794	0.12802148064966715	0.15799053669666388	0.2787543523018036	0.19024983477503285	0.17382289306559637	-0.4288893689166018	0.1277421367021893	-0.2563210374936889	-0.2333283611881148	-0.15065998175810286	0.03728564357590436	-0.10028352784531261	0.09961265631148089	-0.21483654831322177	-0.1511675847068142	-0.680042754489076	0.2417883452330132	-0.33873794911318494	0.41660456597671447	0.02003364827148983	0.43791070481356825	0.05054325548182205	-0.48949310703534893	0.28059940022963537	0.08793722981464404	0.6032838131904285	0.14952751798982256	-0.4184658733124669	0.05114927305793197	-0.5098549380354115	-0.2605518358539345	-0.7117761252449403	0.49457880537515425	0.028709429709977943	0.4879215082251358	-0.07981972820644007	-0.324893686757679	-0.2577360809469738	-0.2185577684581317	0.19937685954038956	-0.16341138209501688	-0.2443235483398784	0.3643093718824845	-0.3153937042768153	0.3263419760415808	0.18286607183914955	0.2904699845625001	0.4160095096253943	-0.12181408674435365	-0.024568732876330587	-0.017463066756860234	-0.1219677986021664	-0.19621853565626687	-0.14228206697926188	0.1791026059890888	-0.04271349630331511	0.2561745567151333	0.7155123291530587	0.8553072724249575	-0.030688031253819675
DTXSID4020244	-5.687198419305358	-3.0781235122385193	-3.8151910181639304	1.2378234556547452	4.188413369000167	-1.175675214581238	-0.7515779817392924	2.9446489806587337	2.150509923362239	4.752015036278524	-2.948389846208559	-2.4599089278595128	0.8218165321238163	-1.8836714180517062	-1.8777062748377988	-1.252887410608225	0.9866714780445374	-1.0113773367702923	0.6825391963009352	0.26664247072193176	-1.24037320168565	-0.2703186601693446	0.5633711509627962	1.2237936446320814	-1.8568964158048267	-0.432245573387778	-0.16500842301103766	1.9923142952317363	0.8266393393377873	-1.1070321559729395	-0.9935913327466771	-0.9060030719133891	-3.3839777215320743	2.9176050949824	1.4145641415262402	-2.8729134776314025	-1.696780494240011	-2.5997165274952776	-0.5560371475759511	-1.6312121347036035	-1.3739807500684402	-3.2171724742406016	-1.5623324319391674	-0.629737298195551	-3.049642862059298	-0.3213923005952548	-1.8303296981203352	1.4174784395441344	0.6263976652193618	1.3640673697989634	0.3560418374129341	-1.465163453514177	-0.735586160539007	1.4030440922867502	3.680955950476955	1.8254997580346877	-0.6811877744079241	0.9180836318043687	-0.01996249399930112	0.91720369213926	1.3554871144791276	-0.5521764264565497	-0.7553611672216705	-0.8278639654252821	-1.7716417752851026	0.0187902370737601	0.5868107952328308	0.29390053721728404	-0.9511161251564023	1.2924395451416355	-1.6720194014753555	0.8756139467112608	-0.42083254955174065	-0.72428091570966	-1.0782860399495358	1.8162526560940233	1.3823776003637975	-1.9021720938468412	0.3464708500687474	-1.2620061026792087	0.5802918149250648	0.6715547502364435	-1.257855414309591	-0.7340704552090672	0.8605036070642723	0.01103008095536109	-0.34362865123537845	0.06167232607918184	-0.01887545824005753	0.4749632886464872	-0.23079094739877243	-0.41692144264789155	-0.9898113904825179	-1.1085966610863356	-0.11090548517713746	-0.5377680427161559	0.2913706904321759	0.5353379761377282	-0.911302012990319	0.25792986855077527
DTXSID6044488	-3.93260250464192	-2.6423366827274855	1.4116530859163745	1.1192353731525724	-0.9437918972804309	0.5131840110766861	0.5262039406465218	-1.3437894718092422	-0.16689267403178065	2.4257773940327247	-0.05882001717892933	0.5697881373383503	1.3613126131485083	0.5756235754598218	0.5695054361134868	2.3737131814819885	3.2825715441914247	-2.468092151970467	1.4692737476239077	2.020506884810799	-1.1489336701081971	-0.6004442280396223	-1.5241279263892729	-0.5206927220006375	-0.5421132786405467	0.8128877672625722	-1.1980919334833795	-0.4610129272529195	-0.9696339546324275	0.33821766169431283	0.6208228315420314	-0.01745781510874233	-0.09654437534910786	-0.377247122872018	0.3274471833478836	-1.133719434211169	-0.6656713877423133	0.8729420881877333	0.2805648581292399	0.6933395420290077	0.8571410421581878	-0.3191391600863752	-0.5006992552290459	-0.049096628226248926	0.629330483958355	-1.194957472243842	-0.7935059968333131	0.13177925556104197	0.3232359277846326	-0.3226001317065313	0.19150282909371338	-0.20837141410057816	-0.4891245743903034	0.027728262322040856	-0.6990541249776003	0.1782118155624988	0.48738997108243964	0.3133337617768073	1.4782603511992085	-0.037867146766230445	0.16495146379899475	-0.8125887826171416	-1.306222366081985	0.11854704601723087	0.08019306798347206	-0.3329244317287507	0.2705948805567695	0.42504929520514123	-0.3687009380179284	-0.28197870982490164	-0.0009776815053855476	-0.6560649407002184	-0.8406604795485167	-0.891824380877257	-1.2237869175818272	-0.2391763675313734	0.9029249529110912	-0.7894153937928499	0.19185664848635237	0.06957127426112933	-0.5544596433574238	-0.42221083570519724	0.6387017940402077	0.4426886145205131	-0.2651801262880425	-0.17722808157197484	0.04811757232965251	0.5059130828229972	0.5377402130151808	-0.4634670735035584	-0.13265271617442526	0.3166210831595323	0.4777572059553547	0.26135019518181474	0.6274729338637195	0.6149499662824855	-0.2345431279169453	-0.23511427608542004	0.11508714242430781	0.19573771081545865
DTXSID4041490	-5.614439611392294	-2.4344678927050767	2.0532868644192743	0.45812003730815	1.463927914890232	0.5204760221108373	-1.3272115750833737	-0.6288630000005775	-0.03136841607797051	-0.5905854866550048	-0.0609606105386591	-0.5868410501935338	-0.6842264059681528	0.46419074817764966	-1.2610164585026042	1.1535148122843104	-0.5952301679579851	0.12777089391924573	-1.5432642581193516	0.8480014229879401	0.16967105614235292	-0.3461789670974593	0.8235131365082419	-0.5630058279885174	0.5749887317380847	0.3381625014156719	0.8461121326130495	-0.7849657359667813	-0.19685537589631577	0.7027306493406721	0.2754078400286724	0.6908469712747497	0.5320929253601097	0.414298599642611	0.0354672254761393	0.2520785759309923	0.756894115694371	-0.3485615398373898	-0.49034659346627674	-0.24351310334905474	0.18839446761306505	-0.5854071918443531	-0.09414926957926374	-1.155580472317642	0.22265009095289326	-0.2213292288328888	-0.43129591879029383	0.24019689395723892	-0.14671520249143563	0.15382557479965545	-0.06543020862853724	-0.1169389784511832	0.06909733277619905	0.02264436407990139	0.4772837255439166	0.1801177012754748	0.6242820827282445	-0.02213219962693032	0.40307411341090144	0.28861628777217796	-0.21510914635352893	-0.1938580103282776	-0.04134008755907569	0.2899515094614377	-0.4065560237774692	0.7138579813460411	0.8715073022216621	-0.7931280342204261	0.2866385920950622	-0.0015479097274804625	-0.06010125829296556	-0.33955366778704216	0.22804919422344128	0.12545844893804473	0.560398594746573	-0.5704837291206315	-0.1878937016096978	-0.16230628414702722	-0.022417186612307956	-0.3860689455634453	-0.22869817228593328	0.1972251110105849	-0.5630760007705058	-0.011317855167598588	0.286719027411926	0.12082733994765409	0.1555051757427064	-0.6373636590213546	0.20037456030546008	0.019377169641398927	-0.25326301152807035	-0.43847911869860123	-0.41109218062244046	-0.33035179623367933	0.12743271775346077	-0.06177995386113039	0.031229795859217264	-0.3531257946470575	-0.10197193465580524	0.1810961454459551
DTXSID2046171	-2.405290594990437	-4.125474741291252	-1.7585474837470236	-0.13280215847811006	2.228253308304538	-1.7717982887107517	-2.369059575345842	0.09927544264361905	-2.330073207284483	0.02429747935712185	2.1519627332418554	-1.0608313974640176	0.4678886182182147	1.8498859706809756	0.6043538000928149	-1.6797849647559504	0.3625903669669914	-0.27261354614437106	1.006474688071838	-0.251406521572174	0.14866500296369428	0.22911032309936746	0.3481650437569809	-0.08164621632283686	0.0018068064135925085	-0.10968752354292216	-0.07494660238887345	0.2878028698303474	-0.7215324602190704	0.4632342456440789	-0.4228884103452165	0.1804045821823094	1.0660116951201217	0.8445338538805187	0.2535845245320867	-1.0036829022548102	0.14057153187690086	-0.5907239980155728	1.0154333881405149	0.38018561929779765	-0.6072104259868035	0.38716347858276884	-0.6982442773227755	0.5558457482251815	-1.0954252122851968	-0.3126354510895594	0.22460555459613152	-1.0786202979685704	-0.1585959659556106	-0.4854490848600277	0.22748640332479889	-0.1700347382974611	-0.28444719318366896	-0.10285467647938408	0.5407579584561846	-0.8161730031084184	0.4001461890027721	-0.4689722475738128	-0.034454306452482736	-0.4329002686609308	0.31481827245700905	0.41872319148565784	-0.20968514503740393	-0.7135971142759797	0.10542520584239283	0.25285332598922716	-0.14598182300106535	-0.22452026234706396	0.7678854075660108	-0.6193270465976001	-0.23944531209914616	0.010676932737917328	0.3862647137159964	-0.49563161467220346	-1.156343431784483	-0.490892029615865	-0.13514071946401196	-0.3563965249211396	0.3037316113403015	-0.3278174862656778	-0.2624407545312449	0.0069065202043920165	0.36189909303024564	0.39760212692396935	-0.25980250396930765	-0.04604535344804634	-0.40127622985534933	-0.2625876564547527	-0.19626363651848366	0.16291581190856022	0.7354632468022334	0.5856668855082245	0.792862425184606	-0.057697774393380266	0.6999152890651662	-0.38510959962171515	0.14165368627353753	-0.03137020995126233	0.07746308760478177	0.07718529423183207
DTXSID1048835	2.2936443804402873	3.339551914548832	1.4553768897330777	1.5282363744642988	-2.488089100126677	-1.032489945544847	3.4785476748278645	1.4107635831911547	2.840364999100976	-0.825181390946943	0.8636880357207988	0.02880153365697318	-0.8815974672658556	-0.39234236160248337	4.316473230510591	-1.409062807868056	-2.6740609509409183	-0.41850331681686964	-1.2196394621181996	4.095290366047167	2.148171176946963	-1.593683053417736	2.810396503985072	0.7206437099878793	-0.5954723550152492	0.8722590082146234	-1.2328479749130703	2.317462417928424	-1.234712022988951	-0.07213038207993765	-0.6953530693277146	-2.0918348981607773	1.0337255818795479	3.015843090195932	0.7395724945831892	3.078118297193046	1.607776469347115	0.3568857629564013	-1.1582129390909757	-1.255314622865604	4.471670728203664	-1.0500746723127568	-2.593812551940628	4.098280031075126	0.2010322276516666	-0.03737599641069524	-0.14030967097366365	0.6646624408737499	-1.561686363322642	-2.6771134793300444	-0.00560306218850491	0.22887309362067026	-1.6658706747774896	2.8853862033541873	-1.1254699605555833	-1.753464373127278	-1.2323032379800758	-2.621725696321482	-0.86328529912919	5.249166086814243	1.8958540167700961	0.21667065512651165	0.15068152931429013	0.5971530814382631	1.4052900601802647	-1.1529476938455965	1.9776781438823652	-0.6902818539881551	-0.4698663972158718	-0.8815541787530086	0.5150491507703021	1.0597625408320501	1.2131496084074933	-1.9994115983440686	-1.4130153038220221	0.09952033043419474	-0.2735690160312845	0.12123647101947357	0.602798488380384	2.3276630381631684	1.3716869781145886	0.038290360047363095	-0.060784325593049665	1.4479751494858868	0.4745288403848585	0.7301101819193077	-2.0967516582214523	-0.6645309746963474	0.8051487927517762	0.07469999546139595	-1.1690507922986229	0.1434890942651204	0.754926329031295	0.1481662752309319	-0.06528970817150921	0.42901847426441453	0.37369780844804185	-0.19390584749854606	-0.816498211093038	0.5258735164587119
DTXSID3047504	9.954509461274414	-2.132484280066072	-5.372333596664133	-0.7560138832800016	0.7825114014929693	-4.71971948422791	2.489619688470105	2.2561616931419675	-3.906606507467378	-0.544305001202349	3.609346852270772	-0.5252329612189203	2.7576326798807878	2.8254800640862876	6.692456360575993	-1.5200974845605175	-0.9550035060147919	2.3349974361867316	-0.4190207184962642	-0.3801907663217974	1.0289593973302813	-1.186155781916865	0.186803475843527	-0.7604315945747754	1.4451230907920956	3.3840069861589206	0.822401772886503	1.875935553532735	3.1665177845559116	-0.46747552724549785	1.465786714920174	0.7065044449861737	2.4621146457012393	-2.651196343341664	-2.170315934735716	1.4476985278432637	1.4223903348312323	4.922894917914397	3.8743766059762255	-2.240977926794941	1.2581037616825532	-1.7033407799147837	-6.029688060185224	2.062563143725161	0.9780168433387345	0.5400897444027654	-4.767459452526632	1.2602256945243244	-5.7843772341259125	8.304045112926174	-3.1775944943182153	-5.069847994116914	-1.8159913327893469	-3.2144105094155937	2.4334674301208437	7.155675172433392	-4.481890230220625	-6.72140922039218	-0.0003387337669547127	-4.261949731488391	-7.392889345824476	2.289683934364561	-6.559902983055439	0.39823772061671014	3.775279865350155	4.2041105917287265	-3.1219501815423065	-1.733011967542232	0.6680122288628487	0.3417239566227949	-0.18373683300138424	0.7704420432610255	0.6180598637554329	-1.4944360766593432	-1.3313403615866142	0.9278628134671946	0.10211115968191165	0.6733419315183519	-2.8859997405139524	-3.180900451268525	0.672638670435165	0.25509250955803736	1.1825502956851457	-1.8517593823849703	0.44402005043531	-0.8696927363454727	-1.287729598832675	0.8217719354400428	-0.47860950645304795	2.255940012355672	-0.565591319347162	0.6835598596747982	-0.7224380428080439	0.7998222094275876	-0.3988125399723427	0.358308917694076	-0.8632717436152537	0.2819420857429451	-0.8509193349140255	0.2602045787266993
DTXSID6022844	2.7295654347696567	5.10064625193066	1.6136443965925356	1.2552896258152215	-2.293018375594377	-0.5469242156934663	1.812077916048552	0.8507979023644194	1.7711807116778067	1.0414422681924826	1.1419892001098475	0.0871124238054828	-0.48133959479617233	0.699358309229405	2.2605142121568136	-0.47941972274112243	-0.9850583920171939	0.6400103225093868	-0.5979378196952039	-0.8937154478439201	-0.6448522844910849	-0.07182488359110738	1.0929598995646788	-0.2505908473842641	1.0386053954536594	-0.9512798960520529	0.5077319065349299	-0.15619832609735618	-0.5041459252273677	0.7558298927713386	-0.6630941962949037	0.26610526949855007	1.1830577985018458	-0.8916689121123025	-0.002307707245168345	0.7126531557633784	-1.468447981433276	-0.1103676051708253	1.1298782451633296	-0.15144553375571204	-0.5005569204747432	0.3173649598524293	-0.3274092291035075	0.10366582939569474	0.7378292431316148	-0.1196703835670925	1.070739135993054	0.6077075463289199	-0.17703781117704148	0.3069945587226266	0.05904508654145731	0.3970060118423912	0.9363627537591453	-0.3085003253209222	0.09023409977328098	-0.5486547616607765	-0.17421871339101344	-0.43563621433501365	0.2908410918403413	0.6187675034829746	0.37928283890701686	-0.30711335527791217	-0.46549117383621974	-0.6371067969671259	0.5747216148701344	-0.5307013803509181	0.981848762949128	0.9816160529370404	0.07632793177682405	0.12185199319268172	-1.2395078317411543	1.7558384828213274	-1.031743546402702	-0.7162154682748283	-0.7230739795193669	0.2812124804149301	0.23400885186472065	0.2592603828038065	0.47386801627350283	1.19260907923534	-1.1539756445930438	0.596785533753961	0.5108827504825535	-0.6782585203330956	-0.5330905259743569	-0.5880220524060081	0.570953131799732	0.4172486094767024	1.659844857264969	-0.6638421256983588	0.011662417706680655	-0.19105379857350596	-0.5901753246667614	0.3155647131783765	-0.16627971657623508	-0.41131286380349913	0.021703941510658013	-0.455249102031061	0.31883290459554775	0.35441346315250766
DTXSID1045665	4.2319461413206705	4.458221076609914	-2.82862859460017	0.7190907353528332	1.9564545250418033	0.05869684898229096	0.8743737768793768	0.12066349930775486	-2.1985025087283305	-2.4081955316154913	3.359530467094732	-0.25667416308118995	0.5155056736008659	-0.29569025464572923	1.0241226511576813	-0.8690954627380237	0.4994434722950321	0.4023758305842461	-0.19946218850086692	-0.20063777413565953	0.14545279938274672	-0.3905070085311793	-0.14476353092999086	0.2370998728374228	-0.2051942495859282	0.4836486741429712	-0.33100064153679243	0.23437271912070282	0.1706734846457238	-0.43522518700523466	1.1203193602080783	0.9294773966209567	-0.033608341278173	-0.12267096937587456	-0.3100651448140382	-0.326462592692464	0.35244937549111954	0.5276012403739	0.1306687821176835	0.3845066494248818	-0.6301813002063558	0.5530732670278402	-1.3722142479240873	0.3859393703554395	-0.7772510204559068	0.47529936195204897	0.3337427395256195	-0.8465035256426221	0.061849367236070395	-0.08772521065550094	-0.11784021938285531	0.03817574673825474	-0.4158275389080535	-0.20521381863123153	-0.09630959747679643	-0.19861679713651598	0.09359959703298144	0.10649162220795945	-1.5513424846705863	-0.10645152870066936	-0.28536293502175036	-0.011785088493095877	0.30870178508559937	0.22119223374586414	-0.38168093761282307	-1.4580631172232623	-0.8866079396662228	-0.34483070881445826	-0.15215669579412425	-0.04441546244177948	0.05943494810600681	-0.3364945653590212	-0.0006344219624167632	-0.24850100140879638	0.2677013592572989	-0.19901975081067713	1.0482279706233488	0.9820054412676928	0.3986846109444091	-0.2663924379074947	-1.1935626130181003	-0.5723827997537267	-1.7187242452833	-0.9729104941846084	0.8463265334185258	0.08679028029235594	-0.672877745599318	0.5541980187176664	0.3726640179006842	0.23206571586871985	0.010916919490861572	0.2431119095717469	0.13265310076312903	0.003945062055466845	0.1512952776261126	-0.36910881411360374	0.293698763619589	0.4116021167181003	-0.6118012793396457	-0.523612818017922
DTXSID4021634	-5.376541555166307	-3.144851630588422	2.4321379407125194	0.5561971504760219	1.4886748580965117	0.4691839150350724	-0.8695027970769343	-0.3853879600833692	-0.2567313225502101	-0.6358545754705953	-0.5523039594266372	-0.23403354884209823	-0.5646697077243596	0.7511462446915732	-0.5461276548183218	0.7729795503729783	-0.12843668459213597	0.3089990946952459	-0.9530228858453711	0.3191777851810281	0.07436624866122102	-0.3155348091289479	1.0223307689285057	-0.5000959116471022	0.41626704900996925	0.9710386961157211	0.8986388346937287	-1.085134325301868	-0.027000859414137327	0.2504894578747608	0.4959504432394071	0.6916357117882097	-0.02855296395467011	0.23743008921446013	0.688617436642539	0.43768525178730633	0.43215161430726506	0.5915016757083403	-0.629676341408596	-0.2875579341083749	0.29691150519390974	-0.0798574893052603	-0.5399220472378348	-1.3372757438682172	-0.21165218280662856	0.2672483431919336	-0.09611286421289059	0.32161513499556743	-0.24210717012494076	-0.13511260149380042	-0.04542716707894911	0.20601954933446096	-0.12141523556900981	0.02413531725780918	0.10177316360520533	-0.24462844899100236	0.6074697515819449	0.35290840268093404	-0.1546750265833123	0.03533576725031802	0.02069366800847858	-0.3797966737354245	0.0004933045668921502	-0.8273882788975168	-0.1912587820489392	0.47506190031137413	-0.037689815965212786	-0.26846658222775804	-0.08538757638252738	0.4220251349819278	-0.17585758205475235	-0.21679465996327033	0.7940430245643116	-0.24477142953826614	0.05101393960269873	-0.07372101540484999	-0.6541268757519352	-0.529164555406302	-0.16717592193602213	-0.5167688165161199	-0.7992783703940843	0.08264385547780394	-0.26985895991320197	-0.019182726177922604	0.2716793873339339	-0.11603882640392574	-0.3924030770970459	-0.7591542686360764	-0.40882908246773364	0.1533063508672895	-0.3722011761052938	-0.018236139727644894	-0.3451047089117345	0.13273760224271802	-0.22537827068673266	-0.3216887125512143	0.3555972169925569	0.024955639862184645	0.07286630817358093	-0.06244556923479315
DTXSID8042343	-5.4087498854323774	-2.6591697151127245	1.9652106472506181	-1.5875498162972583	-1.3010750498201376	-0.8440849719339278	-0.24803603607127353	-0.23686368132351435	0.7116554013739026	0.2512939625700014	-0.2517601338897546	-0.018266905802373997	-0.11124518085827469	0.16527573161503617	0.500887193901045	0.5009720577607083	-0.618866950337164	0.4932036953422523	0.10403155336290346	-0.2970510598756245	-0.12312062587341255	0.12947732778275278	-0.5330154937790503	-0.6098722157954379	0.9906956304571616	-0.028533438521506915	-0.006935274504253843	0.025538273216730408	0.2257004447012978	-0.2476320064796208	0.23396838646747242	0.12096782272168988	0.06591286395885998	-0.18279589723562656	-0.028897373732226124	0.04673333676451488	0.22433544305431163	0.031748856738375894	0.291171137141377	0.2542807148857224	0.021407700463426767	-0.4867190074525522	0.03370066795525443	-0.17908064832827914	-0.0052066389784625085	0.16880186636085448	-0.22928390490056572	0.35410466616038305	0.30695358273807855	0.24713750811668517	0.038937603780276435	0.039399969275377096	0.19190284059335802	-0.058504696293009424	0.40633555194872223	-0.3739622924208522	0.1184351430713858	-0.11908589103409908	0.44678418038672923	0.23766863595080692	-0.16695409160998706	0.04672024613398776	0.06174654119231357	0.10573822402089778	-0.2762387976357591	-0.004146665141512236	0.5898731033135424	-0.23422870199561	-0.293980162689082	0.3681525731097547	0.6945789200700649	0.14880281335219642	0.06753684346505177	-0.2178339715902854	-0.2894671007038673	0.23534038485668332	0.2974634457721058	-0.5168525276069558	0.2912642905012455	0.03955627646066474	-0.5297275742115508	-0.6158512023114544	0.48216125457688114	-0.31097147296073585	-0.38971538460449073	-0.04523162939922524	0.18564010579497925	0.44229518799766865	0.02931714013158124	-0.23192206210087596	-0.5177228954123319	-0.40120164301275324	0.029286078167686296	0.3160764708208482	-0.5164758983101353	0.04879349283225423	-0.07618442521517117	-0.25771485816689815	0.37700280257275876	0.09560440998957523
DTXSID6023317	2.5848616288006894	3.7487012367171326	1.6905930506745999	3.297591660284887	-2.664310195475431	-1.1899954203979963	1.510367142922405	1.160607407378725	3.443168860319575	-0.34664719938869143	1.44405867040217	-0.16858269399155684	-1.6812420329960938	0.14195735896043982	4.658599513093489	0.5455065380835934	-2.5750885402642036	0.5126738875712581	-0.465853258958971	0.11634994357218308	-0.7562425158720424	1.8816463987657244	1.0084304152892167	-1.2239276058383066	1.279649107180563	1.037832059712757	2.740849830366614	0.17095082530476155	-0.24913832802299757	-2.2176780191360757	0.2212276843522928	-0.08370565566517588	1.4361686750053266	-4.052225997010258	-2.1494088320782163	-1.7635751507417963	-1.97589333875358	-0.10886100156161112	5.156994557291251	0.777750169392989	0.6755009314876346	-0.8941392820571114	0.3766449616426625	-0.2566573027411145	0.2711221823019095	-1.8326778684453928	-0.8173917433014116	0.6171993309547239	-0.17375489219700024	-0.705803231597453	-0.016890495365918176	-1.608733722541061	0.32474599173992863	0.8985064553979432	-2.196833978793631	3.0689893715778833	0.809136390856729	2.5639300524944866	-0.13728737246820222	-0.6991344717248723	4.364317614512736	-1.136060196823742	4.430265539724986	-2.316879141734446	-1.4578988214954052	0.3972436589071176	-0.11677887997502755	0.8133971008093982	-1.2834966910978982	-1.1645169689321153	0.4806572090505022	-0.42873857775220453	0.3435070591166697	-1.8380850828713151	-0.9944991754479716	-0.5298855876962861	0.3958789560178208	-0.6762474868137051	-0.8060388416237557	0.9732698256924267	1.4569465042846563	0.707756217557454	-0.8572841353564407	0.7083746016778482	0.8542972748902913	0.4126011671545669	-0.6272789814605519	-0.4836407826156614	1.1789251954759796	1.3510887431950573	1.1100159292540024	0.4065303427972829	-0.5715387125708684	-0.7085093597150892	-1.5078131870970664	1.7264962077739499	-0.517700074508429	0.16878480661674944	0.7540196176628123	0.5262142847786303
DTXSID2047644	-4.688699279505166	2.0782124985389694	-0.192759176883014	2.004192910047053	-0.7663730347832435	0.020630432748101203	1.231462631223607	-1.1105618483053572	0.6206381301289452	-1.7105695479690817	1.360287577594197	-0.5319995937652324	-0.5748505254016635	-1.297512625100712	-0.45062490771994274	0.4427830960617807	-0.9374506340705405	-0.24816066204887133	-0.7176326878877481	0.7055233406612849	-1.2259598080214131	-0.28923634039344576	-0.07803629050770419	-0.4682133759684573	0.7195542757098923	-0.9037481625537171	-0.5420060551259411	0.8215271214462	0.7623370983873635	-0.8533750147953568	1.336027029308262	-0.5766522218533486	-0.8532023222251603	-0.10011352271505351	-0.015282056213921369	-1.0702612310899016	0.17143113970825571	0.4724251335914547	-0.5181745450357614	0.3313617468813719	0.03414068158490005	0.06426562013239541	0.5808726606509408	1.1085644113965498	-0.6439739598310185	0.15009575069078768	0.020333122080399692	-0.7213662122115815	0.6361724567873539	0.39938978538238246	0.390015049897485	-0.2649919729189814	-0.20570718713490255	-0.158444180451942	-0.34021829575319157	-0.8824664254259238	0.4620309777511953	-0.5970939505116911	0.3439590754594533	-0.6587854955052828	-0.04131138920635281	-0.05262372388893494	0.1873952299011573	-0.4098292398050832	-0.13338896752436682	0.530916615116719	0.013060939072572525	-0.4286576353424781	0.7212191946248336	0.32558575902146125	-0.005445833641145502	0.018777168555707522	0.05238498549581528	0.2948425257458251	0.13361249837993494	-0.19376756140993864	-0.27768715689483275	0.2640390695304737	-0.25908569840020146	-0.43003004368928366	0.17092972303153398	0.015727030372569253	-0.18366148915488326	0.123236509563507	0.08962606662966506	0.13246944155299847	-0.32731626678611125	-0.4764756564183606	-0.3436042824757004	0.056340291225710486	0.1619828593783227	-0.271500475349531	-0.3999773613073902	-0.3155776903658703	0.0009461777749454179	-0.060575810770650926	0.1609863421109121	0.030924664634325597	0.47869881824065647	0.03391141366347951
DTXSID8032386	3.580380018622806	0.9050884789940916	-3.344428938577617	-2.073566465600628	4.271012747512505	1.7981887864371155	-0.08917986837175071	-2.590163596871136	1.2879523434021563	0.7840311541736483	1.3656505820218154	10.095992756788666	-0.5632565192375975	0.772266782183313	2.2572895228843484	0.4246882067492696	-2.6302703308575826	1.0799111945121616	-0.21448958398294338	-1.278455872431391	-0.4124396572417031	-0.10963070173106164	0.2871749817941863	0.042253424266496774	-0.09831291149693223	-0.35653456006711093	0.36605056499050936	-0.761700412800357	0.000761806191965754	-0.645024809745563	-0.812059926215391	0.06299009985332202	0.843985517752485	0.7047890828724657	-0.8644698532467596	-0.3170751631534702	-0.4474947580437261	0.09071894680761271	-1.3556039820406318	1.2314092750415637	0.2932272480228451	0.43652171459525874	0.2790041826814637	-1.4717962765223835	0.247733557517324	0.3519323613838719	0.03981162627518553	0.3002690538815883	0.26122279279232274	-0.395752334562257	-0.32717554618277334	-0.5298756477520212	0.032130954799486675	0.009369708257305875	-0.1474689444522573	1.085765121341595	-0.16652872919297254	1.24156389912674	-0.9223513928049908	0.011580139900757534	-0.023420459202020703	-1.250299422450154	0.48497336160259075	-0.08183550024231508	0.2394787462998013	-0.09494199404900779	-0.8375894810463596	-1.1004978833104928	0.3519504873424884	0.9536639107065105	0.8891293749612501	1.4105576639277642	-0.496110278668125	-1.3566938879844952	0.5875719467549186	-0.7553661232475195	0.16729432294602506	0.22594235267826582	0.25977890777979884	1.1520995079596112	1.850272846189701	-0.018556211884346134	-0.7195898329083928	-1.5502182605350006	1.4524695715146192	-0.4927222152273671	-1.8829345486290334	1.3918863355056477	-3.104086005067485	-1.1709634462205767	1.4898039754152808	-1.2103777386362309	-0.0972652784792447	-0.5515688633785377	-0.6229351067235316	1.6745275226455962	-0.7467669286542741	-0.14313085813631188	-0.4586399678278019	0.9306227597755093
DTXSID3021221	10.42609878162406	3.459631001226835	-1.0164283085336565	0.12698986416734612	3.6728783165201855	-2.9531299627059306	-1.9963931438103117	2.2937205114245254	-0.7729491927145566	-1.933991342912674	2.283097894635833	-1.2188401488713736	0.1981852840067611	0.14436116225122725	0.9418746530166412	-0.25790166168981515	0.907624225973509	-0.03062782629729387	-0.21644634810824356	-1.243510005786666	-0.42137295756394444	-0.11118868459959912	1.8059729099467252	-0.3714926421932122	0.8796552211880726	1.290546897172027	-0.5900797772532538	-0.6573123163216943	-0.6296477408365431	-0.3414417226681665	-2.590060100063561	0.27681823072690476	-0.34131334280126513	0.4428682900502137	1.6089741771515773	-0.25797817184297817	0.6074850191562902	-0.22760115257514446	-0.044370999056053545	0.793185548858314	-0.13238273903588388	0.25831282971141595	-0.6560554824491122	0.7789398385446182	-0.776468189373455	-0.2662403375541278	0.21785756538976253	-1.2443290956845676	0.00989802641764981	0.15433861732299134	0.17249881033729025	-0.13904149712879899	0.5802724592369769	-0.6786499656652619	-0.16800411001817092	-0.20277167489001943	-0.1511689725177995	-0.012617945222803528	-0.31620873656230447	-0.42521505222711364	0.14063211302955306	0.6811265276036675	-0.19517972812156087	0.8649592244971177	0.2961659446623884	-0.47425145663703094	-0.5371062424408358	0.4732792952957391	0.7138544390855596	-0.18014936600149267	0.157472751720555	-0.08406976384222013	-0.18284701524567945	0.6365021744597544	-0.41469476985423714	-0.1758347915163271	-0.3411807415675641	0.6421916558072389	1.0436803550338554	-1.7121731076733906	0.11094880557436428	-0.4478654776694552	-0.06585120896983648	0.25016411949408646	-0.3194633793155743	-0.22012719239876136	0.04899092080813927	0.28678538594391373	0.21929389778049974	-0.103158000191999	0.34214521745589377	-0.2039471781681038	-0.1642746843490553	-1.3296308729895663	0.8468690326258854	-0.7712753728999917	0.6645362218084433	0.36220408910854734	0.1642710174938925	-0.07658405104574284
DTXSID2020345	-0.6988352557649441	-1.5130905898232159	-1.3653243144254845	-3.791094776735539	-2.736131486206772	-0.4811829256952697	0.5765025330972562	4.445516023970306	-2.4803773502091886	0.41710334421162387	-0.679147676255216	-0.22815605540140718	-1.7540171839814664	-0.2697483486538713	2.3071449879371357	2.833024661511224	-3.8136152226065563	-0.5402263739641476	-1.9792484330776001	-2.242941741441181	-1.720325736985171	1.9668146730308207	-0.3683727584160889	-0.31180185151933437	1.4668517122831963	-4.280927293067869	0.29888488556111203	2.8514203385807373	-1.768315818400973	6.734260012508631	-0.6211439045511793	3.234239294709911	-2.988462907320499	-0.5778809946453395	0.5871229689626873	-2.2608840896205624	0.6838649371435077	0.8767010900707646	0.010735645964092754	0.9370101692626903	1.6728657730611238	-0.2949911180954181	-0.5593097338443496	-0.3985012478108041	0.22206863544274894	-0.33498653816264556	-0.07391636308035791	0.6345287543224527	0.1810590656291669	0.021959954445432146	-0.10783481014799268	-0.6128977385670514	0.37459116997852054	-0.7856333830313366	0.13697061297844274	-1.1923026513045407	-1.1416686329577537	0.6496995744791182	0.6513501595362506	-0.6478954869471183	0.3521485843969233	0.9592045148233825	-1.8608089761056534	0.3194026909457064	1.7637008378890777	-2.827492400439239	-0.10284762087744652	-0.4798059316009013	-5.436526867172131	0.6760911269795526	-1.9990036327948941	1.4332073576611033	4.4582793424993055	1.388910390800194	-1.054110981267061	-3.5618030408682233	1.6255399798252212	1.578738508191997	-0.34282394866995247	-0.6758028158979498	0.9153903261234032	0.5883859150093242	-0.5502449640889949	2.591979118218377	0.15681650614684947	0.056243245286188785	0.25520330650604084	1.1337650746510533	-0.8562532187248887	-0.5262993419136183	0.47220130982116215	0.3336697518928248	-1.039704277782341	-0.18339608491811693	-4.1036836746723563e-05	-0.23836309575077347	0.8553855068736179	1.3306651415305404	-1.4230760837547776	-0.14538015819498432
DTXSID9021710	-0.8670352174799587	0.6105843376162634	1.8333065040508918	-2.075217795720542	-2.3032715577222933	-1.4823273898095717	0.00644782884870465	-0.8084525769706964	1.5736838603019425	0.13950302575482743	0.20889397615485963	-0.3644700987646917	-1.1962390129087916	-0.9597042817451555	2.213344895055964	0.4857681874130522	-1.4066880142345852	-0.013221312662359862	-0.5246053241253076	1.2824633466790418	1.4353383999173315	-0.9288166324337968	-0.5147182227089798	0.7253921006739561	-1.682522539111831	-0.841560400023337	0.012465696177954726	0.4744684771915042	-1.0774410510335546	-0.3874258411397357	-0.08892712958912402	1.0473307041683273	1.2150388904704448	1.4572725930324941	-0.4433010315776061	-0.08102533179734088	-0.7282344121081548	0.014714733437870824	-0.7290628961812091	-0.3570150689604931	-0.3256307681696422	-0.25621460150301206	0.4260072806224587	-0.7861774803978357	-0.49549271495117525	-0.016166925593040022	-0.6615314459555702	-0.24457376240815004	0.1329706092183392	0.07180953081675606	-0.1600610920614442	-0.18180354694652084	0.3451157927701084	-0.38516658940795084	-0.9112055266477594	1.1523735902296108	0.41613082477511515	-0.08076545452128099	-0.5371386574519458	-0.14901199979268076	-0.14768454122996338	-0.739593059756871	1.3713310697290375	-0.22151726690886078	0.14450062073004571	-0.4318677273064779	-0.9151268482946177	0.15579450832820113	0.20367859201715047	0.5247312110248287	-1.6583033952625532	-1.2157474490660147	0.6453558671622504	1.9873234709154333	-0.6142218076365319	1.0563068601104146	0.6760831833748048	1.3270579385906958	-0.303569920538208	-1.0457670002598007	-1.2457805271174889	-0.4565653032532597	0.8379100250725238	-0.35003955267831666	-0.08368005209369352	-1.5850495142602976	0.4966176048986467	0.369517932048266	0.27740404110342737	-0.16626133004583915	0.5569614160881304	-0.24666868031879466	0.7379177857688222	0.6161745949791317	0.027758642939524823	-0.45867650178029223	0.1220134362958716	-0.5350368061243369	0.9062351992705434	0.8059829269373951
DTXSID2046545	-1.3885487957512221	6.371153925218173	0.25374388547498283	2.022467119821916	-2.212077656207276	-0.02239589872122563	-2.373842700473387	-1.4940546303014999	1.8577542993043934	-1.2107058996135647	1.177702958464437	-0.6650757602636224	-0.7541449025056913	-0.8890809710138557	-0.7244931931314675	1.6557544647667417	-0.4450595806308807	0.03665590778533725	0.6669996076301727	0.6567070240353163	-0.837489139900705	0.029183166301660995	-1.7692115210615358	-0.32860521191541436	-0.013880324930003997	1.2544455415611302	-0.034959870538187936	0.3740981369363138	0.13371392456211376	-0.4319671267791442	-0.22740974969023714	-0.8367628086905269	-1.1474426883697044	0.4717295776700909	0.9487338864896875	-1.671484537071135	1.7997765385427598	0.5189620685296364	0.8560938272527916	0.26034877444288057	-0.06408869754227049	-0.08476001551129954	0.055944695702860536	-0.36136479205690136	0.2966336300408183	0.5269254835836426	-0.4983570536247751	-0.323345874137228	0.29440423480894956	0.06868307264197078	0.4410950204681421	0.19414497955547097	-0.18092022378939293	-0.2625033074086178	0.49077676916777146	-0.356604023148136	0.2937444349836233	-0.1862353986752471	0.9944161208640826	0.05935628686258549	0.18316266062405348	0.6798989948464419	-0.7915105564972401	0.04924926338700617	0.3232647967382176	0.7085305919525342	0.09059097444184493	-0.42828928815860323	0.3923912433370524	1.328582199354889	1.5055872063632336	-1.8401043341677568	0.6627877727469904	0.3410050741319902	1.1107494755645384	-0.20418764953612933	-0.10502187346799984	0.22546555641805008	0.5934358398150162	0.13638760874620887	0.18558565943466734	0.5090714351110088	0.34658636905665124	-0.10428189539089652	-0.6014328700545641	0.24971080859253433	0.7696192403598041	-0.01230299562431455	-0.4703256416272534	-1.0991812438756163	0.6136626276008443	-0.2623051966196992	0.7922888535276995	0.34556639018936164	-0.44380128434724164	0.3603076181177177	-0.3724539180701826	0.8465815650479276	-1.4139154507865292	-0.6835333106832221
DTXSID1047944	12.307889896425715	2.9426376042599296	11.865930337952044	-11.565794858289374	-2.6768509298222996	-7.479032522471672	2.583061481520356	-0.06623843795079488	0.15313858744257813	2.450882211934178	0.2582148973952014	1.7532357569862673	3.31676781976853	-3.8597274470538463	-4.541483946945285	-1.7745294568021135	-0.17881643091501362	-1.4689078157360689	0.12795712408090001	1.2536105864046425	0.09612128383304953	0.2695848827691428	-0.08683073632911587	0.5774939194508739	-2.330793354407437	0.4154520520475445	1.7034175257264037	-0.06824605467578615	0.6437801353642102	2.120221788797377	2.861632720477033	-3.120734821770542	-0.2768928455184867	0.02354714956639844	-0.9385149592360695	1.9986644433896104	-1.2956625939020632	0.4465778167749568	-0.5306330347581231	1.3559699011092727	0.3155127900769713	-0.0036619795518607733	-0.29413357379179156	0.3588857687377964	0.09695049811344437	-0.40609803322045834	0.9599370137102837	-0.2640016648372006	-0.15598792778566845	-0.7984304397115937	-0.24684727520281718	-0.3892845969650925	-0.5604363427556444	0.18920379327081732	-0.4626661668470953	0.8201932346807909	-0.41664327331924167	0.45764362291427263	-0.4305612672311871	-0.9499913878384387	1.145013016109731	-0.9681644672073593	-0.023329866355987407	0.16709082836878236	0.26702352874293944	0.5074503793469065	-1.8731066710277402	1.4087780465915636	-0.8644600518535919	-0.3590147107654418	-0.4249654999101661	0.29596233396780747	-0.5917733185229228	-0.8705101214629325	2.2395799166944124	-0.8204070757697414	-0.06879364888083041	-0.46783064403960545	0.21877948130449462	-1.7767395268996542	-0.08113169247169487	0.05945439985246228	-1.7107647122866108	-0.5663513562129965	1.0060561661950247	0.7447906131331745	1.093783221756612	-1.2788863564624802	0.036469810659682515	-0.8610832841167235	-1.5325155836771316	-1.6072586838320417	0.7694975811008056	-0.4215897876592572	1.2947464063557543	-0.00966589513265041	0.570588547156487	0.8990994461326898	1.0768274716324977	-0.02971800945403137
DTXSID3044465	-2.3419634194544994	-0.2900222570251769	-4.238914592374288	0.6504010842361838	-0.010829330252564728	0.04484039576123056	-0.38277844656693244	-1.4056765429804718	0.5628108781584075	6.045909088199901	-0.015124439612433415	-0.4917869849776078	-1.4774670786980244	2.075269624395799	-1.8583333315003978	-2.7425735863923397	0.07245844491898654	-0.2846713961192356	0.7354924481754328	0.21258800225960972	0.7218912707550094	0.38869474538503024	0.7494809905812869	-0.5873325940989153	0.44799759521291477	0.4136190580495761	-0.6865794537066495	-0.343442438428471	-0.7851615147729918	0.4474168735723505	1.3672765501330164	0.5852422868291223	0.7456722770292893	-0.31852657701820514	-0.10235948029240886	-0.7832207257674983	0.1053084694086796	0.3528268105769243	-0.09545264634315906	0.4759437848968105	-0.12321724747697388	0.15049808934394313	0.8605556015536375	-0.15749996890416104	0.40654305893154524	-0.447973302804141	0.08892757644213989	-0.14098907674395966	-0.3757031489104364	-0.36296636068644095	-0.22380638078965281	-0.1898674051017554	0.02351393683023092	-0.14441239118089394	-0.5441931733120762	0.21537887902953484	0.17140488810792093	-0.49977329378134494	-0.27396352471457025	-0.2043203728008356	0.7057888727577711	-0.13521036807942047	-0.16898674094853416	0.2935996068916054	0.8668529049083851	0.09878178486574095	0.08121936310375238	-0.20696834656489835	0.07621225564085256	-0.4713720621829139	0.2222403559529818	-0.5235177516770655	-0.17753274136806127	-0.6677800090079871	-0.2443811987955433	-0.7932729302665447	-0.24254725294808474	0.9884660145556351	-0.10199092820667034	0.41956304804316574	-0.8232059248971868	-0.3429270348509525	0.5155802756698908	0.09034636981639146	0.7527819065502489	-0.24539100890737026	-0.27424628859007016	0.18767493479748218	-0.16308701922594904	0.9311063634844191	-0.4328710838463187	-0.7946867690497509	0.2694221920451234	-0.6850822917234698	-0.56698720003321	0.2096793617782582	0.1469075387470711	0.46726522456446223	-0.20458993326106092	0.011967934390072257
DTXSID4044404	-3.597593728731528	-3.4776178890898497	-0.6962041611955457	-1.5400161778377588	-2.5011337944157943	-0.49480095295280296	-1.0775565476615216	1.4181391912504595	-0.6888524383687222	0.8738086437155071	0.010298003432100002	0.29995959889173524	-0.03930970153781387	-0.22472204790496936	-0.22978337405064714	1.2883143695863202	-1.221472926511706	0.6920278951814387	-0.8533915193877853	-0.3444633427205191	-0.050453730733062356	-0.21515700155231948	-1.241423203638885	-0.5172315801826476	-0.7275574959153378	0.2505771716052243	-0.04501960085161	0.7696417269881408	0.16471819587692865	-0.34397491952324055	0.5775055422212154	-0.31427176237814874	-0.3545010841624	-0.31640060054834773	-0.1442307260773503	0.6437753733898142	-0.3040592214227724	0.24601490772482573	0.31722806619368443	0.10717903206153281	-0.03694171136248953	-0.05143035696888643	0.046086493154605605	0.43954251653407866	0.14031657699323064	0.17285531651346706	0.28802867226346185	0.13871369772028186	0.11590625106216014	0.05199866796114213	-0.09883896696465494	0.0040592882750134516	-0.020074493955147838	-0.12497321569199424	0.09408348557736979	-0.37206384763060746	-0.22789009916529113	0.0009999297852157061	-0.2702418045202073	0.12675018852580502	-0.21071316419083197	-0.38085240293304545	0.04134231610647108	0.4733833648237118	-0.5507628197910507	-0.1451251412637282	0.5300629730198778	0.37494108670349624	-0.6511105719080391	-0.23785772671641245	-0.23243965544949402	0.21315297166734273	-0.43779947980630224	-0.1698555976831231	0.47776853108086326	-0.40026622093757835	-0.313148748034579	-0.5936134783933389	-0.274655757524827	0.3627909694079599	-0.699497328271274	0.03438375353138221	-0.7145112796299019	-0.8028070586143676	-0.2647743559501754	0.6164825222174874	0.7863086434355944	-0.0962585346963878	0.14192471191730488	-1.1301108440763883	-0.43767068292299727	-0.14073389434090308	0.9590660400474635	0.21386724642303226	-0.058728390538410016	0.005498673808595341	0.45837964749391136	0.5366281917661192	-0.16899104688597974	-0.3769640386878831
DTXSID8024739	-0.32528761301971215	-0.9654434254163841	6.866153907630691	1.548282847740106	-0.3463804147370154	0.9855452321108289	1.298269861201459	-1.7159531564532688	0.6110419263156415	1.6086708342259248	-0.1411072285327013	-0.31754763584099094	0.5409603991945249	-0.9492300091867271	0.5162993131413954	-0.779536011607427	0.9608127807963944	0.1487701646688308	0.3644579745537648	-0.7065437372131215	-0.08470867927414603	-0.3960840020196781	0.4948039478139627	0.41575810210280123	-0.3409253207182679	-1.1072397744728524	-0.20381860903609963	-0.010715409755937749	0.03857692290330629	0.11659106893250147	0.26334908843783694	0.3954995423818521	1.0220988094420278	-0.02387236307962422	-1.5810894603928445	-0.1378758368489759	-0.0695306672142132	-1.006807098680746	-0.4609797551651942	-0.3453058889731216	0.14943251322038506	-0.09460261512409084	-0.25472146406898066	0.15661396099930783	-0.08160371287993243	-0.39946979859319387	-0.4187301454070403	-0.41150335641198404	0.10189604842016957	-0.01712474385083281	-0.09016284080305548	-0.7019723279074164	-0.05772617611393129	0.14565099536369852	-0.08649150667826615	0.6001200537672835	0.18990384716969136	-0.046210895415047235	0.046235521808475954	0.39407192365604465	-0.3266188169447953	0.3237297044175365	0.2652998230162423	0.12337077625273529	-0.6937903438864197	-0.2466832099827381	0.2612589625751779	-0.710372253391321	-0.1436402427297777	-0.5232542120989362	-0.17715112493396393	-0.18836369783003618	-0.28386755846068057	0.406974343025115	0.3979874380910105	-0.5053405535309529	0.30173009746934076	0.37149250526485367	0.46997607648176654	-0.4529771499622141	0.46337096342463435	0.015967048494276038	-0.1303115933419394	-0.05903627870914519	0.09985098604093351	0.0928768548587853	-0.587971212242204	-0.5097370134461606	-0.03182399012865036	0.04982598837487554	-0.24646633548253732	-0.224206949962534	0.032931149446654005	0.34589563411988516	-0.018344885754523026	-0.11060927109672969	-0.24813620920946405	-0.1838320851297851	-0.022412215193365087	-0.22903539067672563
DTXSID3042500	2.7827724498586326	6.788123540878986	0.5305096537143881	-0.7740971641833533	-1.7865486420842065	2.45886304307691	-3.0637886347974295	-1.0116410445000188	1.903580368248109	-0.5154017549403419	1.3243268256692404	-2.5355616882043805	-3.880899715278382	-2.655066866430009	0.6363829053018139	2.6777379746739434	-0.3232292472230593	1.0158878442777621	-0.38139846535548977	-1.2691062464865264	-0.14424012121190394	-0.9981843882040443	-1.0037020664698015	-1.6743533488724696	0.15703076979368688	0.1246461457013101	-0.31309400273450866	-0.9341054970648628	-0.35255182139414065	0.8771702813643777	-0.6336968398121381	-4.0148479787662135	-2.624027713446588	1.449260052483062	-1.8324725621810787	-0.6262600851166363	-1.5713837639089572	0.1494848457804492	-0.7955117646741588	-0.6558782164202074	-1.1422975256866512	-0.06628467759104524	0.792537087828704	0.7434143166533455	0.6586129115711427	-0.9831453012841761	0.9264589050477678	-0.7206456828548469	-1.2578417646026945	-0.6961585314448766	-0.3589637698175704	-0.8576979838735908	-0.052354543869900745	-0.8987310886879972	-0.288867820982306	-1.2956127266974644	-1.4218697396083604	-0.8291251561395615	1.828722732475331	-0.189767330408936	3.512254162773467	1.1588951864588335	-1.0775322109177745	3.804961807707224	1.5949488949887936	1.2571402390471111	-1.5184605482139584	0.2318802457388569	0.5880531998661601	-1.4766993459772746	0.4369608254939438	-0.9054131508462345	0.05903512842055645	0.2427229458988819	-0.10456572082767368	1.5395972179784991	-3.0110299558054066	-0.6963239384197666	-1.5110358342025694	-1.1692599739273701	-0.5710400370022136	0.2774039490209186	-2.321633846785473	0.29636959672145785	1.9790677899352545	1.0444325102270078	0.5075330183755894	1.6848298420536267	-1.3936492158274905	0.478192304700351	0.2800545408013739	1.8097999384031405	0.5149112298882724	0.39599873642640243	-0.43068124753166465	-0.6698120153143744	-1.1460287811454009	-0.7670648449737464	1.217816042529929	0.08505132412792568
DTXSID4046444	4.321908395089153	0.09912280222601452	-2.9581173246558943	4.133688350710221	0.7841154465436443	-1.4235778237777714	8.505831361089228	-1.7224323637842898	-1.5307611295220185	2.105631125577746	0.744674721325619	-1.4668816475252775	0.2111401415198197	1.6243537674434563	-0.6071220944532831	-0.9534594890699705	-1.3250249339769988	-0.19204948270398695	-0.8687475343716319	0.6122922444666765	-2.0563068374385605	0.3216208330222241	-0.8424199401823848	-0.6567386390628874	-0.4942686092877139	-0.24078815892476935	0.5662294705121631	0.18707371015567054	0.2329228098969804	0.029059182430067818	-0.6605706560897311	0.6522341856956776	-0.26586366386880683	-1.214371382387726	-0.5267727693961582	-0.295461534017191	-0.4120694703844046	0.5686217931820323	0.9345551129872227	-0.6144721940188023	-1.0475947372175967	0.8041128686406201	-0.09415286341390805	0.1278244458344107	1.3885298324639936	0.12412733480603043	0.7182740088588082	0.5598100304152452	-0.09714642518093711	0.23680588204502345	-0.1927631595051557	0.9327616724841248	-0.3734469332190079	0.2963984778877811	-0.27420799529016665	-0.4298678009865557	-0.819465473790728	0.5217774165072826	-0.41929368554756347	1.5890963596762286	-0.38482089881320347	-0.08786337645279015	-0.499266955526906	0.277368413314858	-0.06501930141911565	0.3343953490188886	0.41574555580166334	-2.3496057334550167	0.834538855717962	0.1580794060911109	0.05267682639009527	-1.6050024623771266	0.5589699363414719	-0.4066101101793011	-0.3118687917697185	-0.033712409285988114	0.7564923630339471	0.14465703608546823	-0.013851203023230015	-0.010105094675607346	0.2868369561012109	-0.7745434539124767	-0.3910427803010886	-0.6605847578869867	-0.5303883411245575	1.0427777734733272	2.3620106491486297	1.0980466718718467	0.20394978880421116	-0.6829698743454836	0.29388313916734243	-0.7921392365609523	1.4354269038637815	-0.2892848893203537	0.10031299025273277	0.6217070065219356	-0.41677337288202604	-0.5112238960909254	-0.24569705548667112	-0.2903690668044081
DTXSID9046576	6.2370340989620185	7.918209291494245	0.8141607506469397	1.3108019929712993	-2.036136324631331	-1.9124450407756906	3.1248023923269255	-1.6632825895459185	1.4005788096932703	-0.11699766885250802	1.6161115352014919	-1.690874309000173	-2.3088838360212685	-1.9175402269345454	2.1668376199953174	0.6623491664841128	-2.2889615252842845	-0.557634626747125	-1.4096127021750802	0.15822375802079627	-2.231510591587091	-0.4264290808263839	2.464231512575263	-0.24846636446909795	-0.1054722052855228	-2.330334123259996	1.2453003920570045	0.7725999945818027	-0.22669510210807697	-0.220189200426702	0.6194239249874847	0.1728820238559666	2.7453763793292083	0.0886832059154216	-0.9795011283351767	-2.114881740357101	-1.221035913432302	-0.6612412815750357	-0.1400014369513958	0.20088999809846556	0.7652865823974856	1.1453183948389234	0.9284481119914221	1.4565586746592096	0.2794434722712744	-0.07290171470436783	0.04703716065062642	-0.06257020265275036	1.0794449734249354	1.4677195034726354	0.8139305145819391	-0.7562701453256291	1.1509311047117192	0.9042565053353258	-0.9226504132468561	1.293482947648506	1.5723554726899147	0.48208389091535947	0.1446676561344707	0.6755938324024804	-1.5594808818743986	-0.2643282388298271	0.8663306827996197	-1.5183806067020298	-0.5234641863508076	-0.17492161772107756	0.02906872757954479	-1.2347559345473982	0.28823678036988415	2.2931603138272973	-1.1469704323325864	3.5098310415579426	-2.0799688761413253	-1.9449191887967947	1.7873500670918998	-1.7355012991171035	-0.3392402226605026	-0.859794551993377	0.13901739725579387	-0.2697874938454704	0.3375486826892013	-0.2791623086676865	1.6073416248466814	1.00331321059931	-1.1792201373525695	-0.6898268968972605	-0.7812908945810259	-0.5656623441943271	0.1148804857901202	0.7212167520632561	0.4657568649874337	1.4955970805043723	-0.2401620424909192	0.06698318300110809	-0.6290735098487628	1.1535560109780953	-0.3502723838943266	-0.20999649657063132	-0.6087688810957447	1.3196061659735523
DTXSID1044437	-3.235023556204579	-0.2146633397524475	-3.709138192731938	1.3758404065722134	0.2369860990070398	-1.138094470190593	-1.8695241209649434	-0.7302393946996619	-1.0063497423516343	5.242622173518269	3.2246960234577142	-2.1036947692535395	0.17194580056373515	2.1561103781130577	-0.48592126864670604	-3.9194997865569245	0.02020451725659504	-0.5088048042661414	0.6662442945520763	1.386123969627811	0.2804797252186494	0.6848971280227016	-0.4521793996687779	-0.137285160850681	-0.19787191256319098	-0.39882692158894617	-0.5987456227895532	-0.2074505646437127	-0.43129581752556845	0.6138465126073692	0.43689285295237557	0.5038782874818979	0.5797329969153568	-1.3580093992602922	-0.974256085552856	0.9288351328456427	-0.6848746896231906	0.48794092274323086	-0.9797058699860017	-0.012809741271711148	0.4167335105801592	-0.30951140742871813	1.9739153529715883	-0.4403481589873539	0.20685171683321968	-0.25161442676569884	-0.30708079158385887	1.3911436749052855	-0.3837707009468559	-0.4221238079585636	-0.10815906136595567	0.6539568401209368	0.1680651225609075	0.4931407709784789	-0.04809151908740544	0.6221439825974143	-0.5918265520650833	0.7412047795274818	0.29080499811669464	-0.31448849706754106	1.3082260765879188	0.6289396788132606	-0.7276878993229143	0.017451380529431466	0.912005597353717	0.07227532367496134	0.369553661033712	-0.25179050659025015	-0.30137926263382414	0.6307009798298001	-0.3342005949697967	-0.5987735450142119	0.17609890655056096	-0.39935799908633723	0.22843749011423609	0.13058126365595138	-1.0277574002119303	-0.0034640068790946416	-0.3127175724856073	0.06819608632230535	0.6421958531760913	-0.43520782767164334	0.6636295298462898	-0.17890374704139708	0.2894313517919158	0.02502130795572824	-0.3577961776686005	-0.19149176761320164	-0.2481202022093827	0.06425749099488455	0.0040947914407513785	0.09418989710799568	-0.3581496839446463	-0.16481659093428042	-0.2490916440632204	-0.3086391591777902	0.13896593850759797	-0.0029048810151320547	-0.01334434929541804	0.34056401859293534
DTXSID8046458	10.100212768452007	1.1966656563582678	4.742668756156246	2.574574083934406	0.03971027518052218	3.1309969942340956	1.6725264873566217	2.5554864209919788	-1.2806314025666767	1.828373688345966	-1.5008792577547845	0.02596554827153074	1.1320546963437803	1.4016782813833986	1.7908624325893145	-0.7872751635398635	-0.32834110013662393	0.6657051668724115	1.1415222731664811	-1.6655019129073279	-1.158195761828724	-0.6418800258655853	-0.7238549210351504	1.1994838861189256	-0.8504180911774752	0.6968834710169607	-0.4480645023468306	1.3933104409022512	0.5066859456428806	-0.8356876554920153	-0.35839595301400334	-0.4319420068204853	-0.3223747848199198	-0.7592377507850806	1.6472806111811524	0.5867194017356574	0.22262567346610737	0.11642115878965763	0.6287753050347906	0.4721804873643624	-0.05090703627012245	-0.4670112397224451	0.1232560616586742	0.818997860079173	-0.3642650918873105	0.4689414928574317	0.4564662410128584	0.3629241014411136	0.5217336087670557	-0.050420250782129174	0.05572653632749763	0.3628651095936247	0.418732199816035	-0.25557037025365215	0.09669704448111094	-0.41202974732813935	-0.8546347697069107	0.06314691107183897	0.06488503507750928	-0.46312739900972233	-0.42443913623856394	-0.10085973423176592	-0.302779114674251	-0.5182411698035899	-0.14557294870272378	-0.8156400529578423	1.0996098269897387	0.48359619556837335	-1.8480816133720752	-0.408972658959976	0.549406309504493	-0.49307594174842656	-2.089337315837271	-0.3988818140631197	0.14860575907322648	1.5679412191977764	-1.0141653200757832	1.1157353827881644	1.0221160978419632	-1.010852209437759	1.046246334615043	0.09379778819317057	0.1568535380265941	-0.514371961047768	-0.2960183843855036	-1.0266669474016143	0.6147358437357883	1.2588219308151918	-0.2597059084117335	0.5840230500841687	0.08189885430298302	0.8247685999863194	-1.2845911441440854	0.09346458182521278	0.4869805239067307	0.0706947407920973	-0.4298753582431556	-0.25615686262624826	0.6102009666277517	0.2406768049937159
DTXSID7043908	-1.0794671910733482	-0.19178312362755146	0.5472233118558274	2.2210705131600452	-0.5089376059639915	-0.07567872067785368	-1.0901706736347037	-0.735496378362738	-0.13615927589451093	-2.2493367303222356	-1.9050210145048936	-0.34453950806693073	0.01381830616410232	1.823990330014335	0.6069614011287919	-0.48011853682985917	1.2161878638366852	0.0421391638370538	0.5499412975597282	-0.4399061934741571	-0.24738975185130851	-0.3759221999406064	1.263978950350933	0.7470096322305021	0.3969936452055422	0.4078490791178313	1.4050099779937413	-0.6213386717690786	-0.23166198562585977	0.013586027821861059	-0.35726874383357693	-0.6458345314999862	0.32356589272206515	0.3880676606566483	0.5089910224977734	-1.764886384616496	2.6977723120481243	-1.1238399893675508	0.9598579144971218	-0.30190940981022274	-1.1056676339016618	0.9537795790824357	0.6534610575923598	1.3324849395427927	2.471454843183444	0.060623652184587436	-2.165660799261785	1.7339234279930964	0.9085223786017895	-0.7475556236156373	0.09439389458947582	1.505567490289966	-0.9879367042802615	0.017248381857050077	0.09155364002557509	-0.6763814885937992	-1.4164893905976426	0.9871687377990707	1.0535852027800332	0.2634676939209783	-0.9802397319580136	0.06867991627887779	-0.2536993474504554	-1.4822065951172412	1.4674878434851417	1.0692537665001238	-1.5372926866196517	0.940135354669666	-0.7883085685176315	0.5689998783188989	0.7497449583332653	-0.3834703072893323	-0.0822025330213317	0.23779727393552627	-0.03730877082298789	1.3554821520457108	-0.6781708718941951	0.7869913597998774	-0.40145742666597506	0.035725209464295665	0.4325061734926034	0.08658589159442005	0.43838390204813277	0.835355867149006	-0.6458844835793222	0.2746793674828195	0.9405891529613419	0.8289186669153493	0.7483216161596782	-1.038067988726276	-0.4258169494355146	-1.268696082857445	-0.32632080739190666	-0.19874758967370496	-0.7449244982769722	0.9901189651579019	-1.2141936894429515	0.13126442896850976	0.5564492559692926	-0.3042757409025707
DTXSID3044627	-3.9671982972865414	0.7926381026275646	-2.420123018418635	3.0240454105406576	-0.7457833621765223	-0.41754119265799333	2.8386897586912396	-1.09730429491487	-0.47139590175864915	-1.6889222383328415	0.5766851997743693	-0.5079258643549661	-0.04175789327841336	-0.23107838149816046	-0.20247393023981522	0.4005198479345877	-0.303984658014234	0.18325945052689807	-0.29243003063199324	0.153446143962465	-1.199830619430315	-0.15101405834749176	-0.3756288655089406	0.032953152186776344	-0.6512193929613356	0.163901237209347	0.006062785548609109	1.0059431055266508	0.672467071154155	-0.2568097084726653	0.34660110406683814	-0.4389891479920202	-0.8583205128267561	-0.765140482722568	-0.2592820675574916	0.06969704717808085	0.24455363644619107	0.1612191077783789	-0.03376339560811231	-0.3265079091962117	-0.6558703777402558	0.6257943104252323	-0.9956421773133578	-0.21050301510467415	0.5266291021957232	0.29063851638039223	0.11671895300094406	-0.644170014997129	0.04340051965669079	-0.0889325871674577	0.015081568186279143	0.4071638980311449	-0.11943488062743178	0.20678219912989604	-0.7315324766374919	-0.24816658051189497	-0.17813576531065234	0.5296083142758774	-0.22292490900072898	0.6807727528259733	-0.509177167546414	-0.04361004145286408	0.470589339698077	0.03165311608393959	-0.3817835802618426	0.13777553676239213	-0.2075081398404318	-1.4680115183504188	-0.01871743478552731	0.0808713879998915	0.33218879552444686	0.20001945865826848	0.2672074737221238	-0.5946296436676936	-0.5331169697408694	-0.4963679830527048	0.024364718278382037	0.4993311563624902	1.3336986151268124	-0.625101375982857	-0.3924696814981336	0.5462908098929173	-1.087361763962499	-0.836885190116664	0.12245613062554286	-0.8743937364311302	-0.5825315991023413	0.7378719404717621	1.1269564343966665	1.4316075528512608	0.0798978162404267	0.6491170108944821	-0.4106016162715655	-0.3360740818012351	0.5745355517067341	-0.854228298095359	0.6826497873241562	-0.27995954189016253	0.34961118251346784	0.15758219673019389
DTXSID4020458	1.5872971624404546	1.0587045554060988	-1.5647032453970426	-2.756209828520134	-1.6370590465188026	2.9622475258147567	2.6177907344670084	4.773515184412531	-4.16546197737463	-1.2952419565502573	-1.1035755070499218	1.0938761382335063	0.7322342317225773	0.19551547458370835	-0.8575887683575143	-0.9917963917356547	-0.1868411877539824	-0.04987152842053729	-0.7857582898624872	0.5186701414430959	-0.4356862209967373	-0.9225843560199063	-0.10352937248379573	0.16349290364215766	0.3520949082015725	-1.6427928331601946	-0.1229829910951244	-1.8120299469769479	0.5475853938292139	-0.46540024298837623	1.6260291777601217	-0.8727502573415585	-0.38525268807719987	0.185333447425717	0.23821261786034023	-0.886752234134063	0.4571159501330799	0.1825009873464131	-0.3708088000382248	0.22602685972642853	-0.20185888694200074	0.41135538008907874	0.4213452760892153	0.41553576214230087	-0.29282117384634715	-0.33416683439050004	-0.5210527957017518	-0.4328521192399888	0.35755237339463863	0.6681576776296192	0.32941874048606334	-0.37228210669903766	-0.05970141604608536	-0.40051773576464833	-0.610094278984589	-0.13646408234735802	1.067891929419628	-0.7994935745264333	0.5360341310640967	0.15579937790742626	0.036095848512520005	0.03519488080719056	0.3030448901974174	-0.8962696433063928	-0.04146226279396153	0.539284376578973	-0.43280992739013474	-0.12290858732171946	0.6404868406550418	0.27644571865483114	-0.12290070931153314	1.2085216573668232	-0.7422761505963265	0.5791120710685711	0.23066726508521151	-0.21011667991686633	-0.5760235213512162	0.8018670460781344	-0.10037175723525489	-0.02940568458173459	-0.023162560508783268	0.24425586976146602	0.4278894830632442	1.0090840636121023	0.04537724902298903	0.16943175171678773	-0.5942843646693885	0.09062942958225886	0.8903316686768663	-0.8489505926427232	-0.024201321865630405	-1.0805362698286203	0.6443856205517916	0.08392532971678321	-0.5958951975500335	0.1342529449443715	0.29988696760309164	-0.21055591563058543	-0.4529192654929691	0.1613438099758981
DTXSID7048821	12.168059699518231	-0.6375203837818408	-9.123986899372314	4.231243760555771	6.226550990815823	-3.808387181470131	9.68099344787515	3.6874253838891695	-4.553356796840911	-0.8412672411832754	2.320253068776849	-1.228320956243421	2.3159019658476474	-0.6741945271783482	2.2305681279011007	-3.5209006335148665	-0.4737029048213309	-2.0877074891372356	-1.3298138975264426	0.6128114592393837	-5.967710688678395	0.7216182088899399	3.510637823481506	-5.295602379767233	1.4796559439689834	8.292499915043223	-2.335855524483781	4.382198610852739	-5.06059408264953	4.580898518319418	0.823782861642831	-5.785190583888697	-0.37095064797203353	0.6431944170220338	-2.24541565192461	-1.6921378175845412	2.9227103351856516	-17.750282511289303	-3.1617390863524477	-0.2342968374085754	-0.32529031511135453	2.1061882522054254	-4.050673034669455	-5.7465640953055965	-6.601237715378566	29.99005895026266	-0.9521062181385451	-25.011300140366934	1.0260030871892727	8.135643625906262	-41.40508656593859	20.99384482182208	-7.055505466127066	1.176674373048074	-9.444423832281554	15.825585858666892	-0.675337936890073	3.8950403552210213	22.73665243320616	-2.9558727373209748	4.229920158735533	-7.325685269118003	0.2804105144646549	-0.7063006385539089	5.1754506447885165	-8.247474066112094	11.224884301260664	5.2243449787907785	-0.4320140877331975	-5.183531889380334	-1.0624872754832866	5.066293271912183	4.867129418362574	-0.49539655390583387	2.0647631401605957	3.3939347834234135	-0.9825904935744091	-0.056957515765596795	-3.071107900634532	3.3798435321403186	-0.10950858134650705	-1.1963093793315138	1.8962980017936508	0.24890423871624492	0.995287588014631	-0.5495210963392503	2.340790793994316	0.6287867307946067	-1.90596638592023	1.1484375449325395	-0.8469442576140267	-0.8822256191161263	0.01908142221739634	-1.323984176221053	-1.0956600378093875	1.3238158024955065	1.3698350155953867	0.2650315836419109	0.3700723940013916	-0.42015031422293375
DTXSID3043734	2.0359326988995132	-2.7367812271871825	-5.684410954570332	0.2876710602146337	0.5248880001844808	-1.8392229983478867	2.2854881437778114	-0.6498374152087182	-1.8567251278615495	1.76201679528994	0.07094557984935966	-0.15375818082280232	-0.8385367878016431	1.5273376126287537	-1.091692932575113	-1.301849672647545	-0.0470859008141316	0.2096174452165706	-0.4907042750065071	-0.19348964127356533	-0.5107680099972439	-0.23212660236798943	0.6742068363604637	-0.37870997954686675	-0.7727677478273567	0.15235093290954457	-0.326858663590958	0.0265201008505386	-0.23288655572209	-0.3147256091776529	0.29241138015993523	0.14973258955476274	-0.17052732907405965	-0.3194483522584041	-0.2807603271137421	-0.7503683793941894	0.20289373478636502	0.43478932391581326	-0.2270002744021197	-0.3283170044733762	-0.22125719925512588	0.4989998869925884	0.43960505589552457	0.026552870252486746	0.27968844644439317	-0.36749288557714416	0.039517410440375905	-0.2378052080840191	-0.2406927494865408	-0.24207958105362198	-0.011632113970784773	0.130601173221783	0.0002492049096737974	-0.1809436042693297	-0.6847953913587275	-0.009145215701603447	0.5371039692246777	-0.22618727579623626	-0.09889791778909042	0.15444346985817156	0.4435952375802689	0.00460851629872423	-0.28093970325928636	0.2651900228345454	0.15568573101558805	0.1944418543135352	0.1716017217415228	-0.3805079732274895	0.6570004201641827	-0.7033431776280308	-0.22480901458761757	-0.2802559322495091	0.03144957304799582	-0.07968817888712364	-1.1982193521851325	-0.26324252773696866	-0.5665797962500799	0.7543715784105127	0.632214396996091	0.189939224680997	-0.598842287093623	0.5273941996380267	-0.06348357252166165	-0.19776183276801246	1.121898452405491	0.07758155525887998	-0.8125841526573546	0.6556771303446065	0.7419036094854211	0.48205396330379946	0.0932117974183649	-0.8902059792450295	0.776141501754616	0.11134794566320137	0.44682211014614776	-1.160775878440956	-0.2171728136753971	-0.23005022942267886	0.18204684145212702	-0.15586696486766952
DTXSID5063235	6.623157957619161	-1.2636724121459633	-5.54028411784869	-14.186751657711804	4.75118176539683	12.080327491640235	0.7459946996209577	-5.716730126574017	9.678153127119119	-1.8776931070243026	4.409320400012482	-0.9891924368768733	3.740408482885588	8.668390005858846	-0.5128843663567093	2.656717163484013	-2.9159617124825674	-1.0842690434446325	3.4245935850704914	-1.4215556790297859	-2.760383051743423	1.51273250694469	2.5043962526229695	-0.37235936785522544	-0.1533414797299741	-0.7222017614419297	-1.1806721159841005	-0.5536678520358737	0.5111839351134028	-0.25696982494968795	-0.06442091819792642	-1.3510986216998888	-0.430986926982089	0.2880278717863892	-1.1081174630621449	-0.12389494897149776	0.36625676396979534	0.3993741224382503	0.21932190613244926	0.31595649589246866	0.44551887673288765	0.15027021049539163	-0.5084187480845415	0.525309236549277	-0.43251757093378745	0.7903060113944328	-0.3982616062086346	0.33466772798236566	-0.5289298235789589	0.6657546610561412	0.02011122887197201	0.4463622768173612	-0.2049320353835855	0.2588745411863015	0.49939013286869305	0.550857973850131	0.6164486685780602	1.2379514757208927	-1.3433067711123412	0.2162326046807446	0.2692691650486183	1.1482454128692718	-0.4640249774933711	-0.5089579855774763	0.014828142336432202	-0.9224823936696579	0.6581685219088441	-0.6856895810434627	-0.11085777118517179	-0.5744052251584967	-1.0381626089583595	0.19370431159081045	-0.3216774479992892	0.5641130657004672	-0.4697308931976716	-0.18420706667454761	-0.4577627769520309	0.34054338795360234	0.22080852864767672	-0.22614726742377336	0.9468108604366305	0.6028005447906788	0.4242652420816797	0.29716931772846905	-0.8958061185253289	-0.5535088477283847	0.1352441544403675	-0.8282380356934266	0.6682784947911392	-0.3126365443696705	-0.5800070216740889	0.6561341725823395	-0.026613568718180488	-0.7872557704202806	0.4695763262250412	0.26549837061510645	-0.5078068873860097	-0.2213451007705742	-0.10433895848059345	-0.11301156088704015
DTXSID7046386	7.037557247466179	5.298377843950284	-0.1714792105764921	3.2629245071025412	-1.9700800293641882	0.4774541420404593	-6.01231967183285	-4.503628471782114	-4.389012560695737	-2.6106242787523444	-8.183343993344053	-0.5937596745157018	7.994662235384904	3.9249210958819862	-0.3055266890823459	0.15156511992926527	-4.626170143921043	0.196005877835643	-0.6479482819662646	2.7763834864398786	1.085220038574081	0.9969993436511482	-1.7840060738574794	0.013112539075858196	1.6144956766274337	0.39141725544560035	3.0818596140906105	0.7093119231234714	-0.4757835826811567	1.5656939590710797	0.8094909342461903	-0.5529568174325035	1.956637261236503	2.2076135510824217	-0.6170040527071299	-0.5457089218983644	-0.12372452903627768	-1.2006987770582345	0.6779215499464185	-0.44407427814568545	-0.22849730382422873	-0.08582694186707689	-0.03151046379062771	-0.29323637178267037	-0.3575526517588194	-0.30542676962104864	-0.262570503788875	-0.31762675159711484	-0.3373194955671106	-0.40870991604035517	0.2688999019431483	-0.26333373024808693	-0.2050875724142915	0.5882361945051928	2.105185759196909	-0.8958028701390864	0.7884022763200091	0.3192503464578276	1.03709676970086	-0.8586286285885966	-0.4584083147949357	0.7939582376380083	-1.0830748765658011	-1.4071695619698754	-0.2749320412979316	0.2974247385647907	1.3827656340765122	-0.9936342417956516	1.2555479130567384	-0.47723210317017617	-0.600030666700601	-2.5655294801037107	0.9610069367595195	-1.0747485741949299	1.5906781090570945	-0.1743139995285959	0.8978718328014068	-0.7094641104350179	-0.813948994724608	0.7739905351186251	0.8970228733127139	-0.25393873167267483	-1.0375919872944344	0.21351249180795337	0.019047955674219453	0.9651158550045037	2.088112127293288	1.2643712457976237	0.37317548933336736	-0.7008558973015607	-0.053122588827339376	-0.6027808152330374	0.15855088296514666	0.01661473863620377	1.4281301588551556	1.341424139752927	-0.5706014239902081	-0.829706766215608	-1.4959985489176655	0.5737704898154147
DTXSID1045748	2.9626962866339177	1.6874391816150922	-0.817371684179283	0.010428233692008524	3.656365377525059	-3.0128765184678943	0.3880389753698371	4.080494860807159	1.3758008167573106	1.4354497482864719	-1.2864448010993605	-0.05423031102643138	0.6642207294497892	1.1262639748266607	2.0978305241684163	1.617315857368852	-2.0276213561928937	1.0747289815158694	-0.9858870173188627	-1.3131653412408129	0.3176545714700145	-0.5248160497979865	1.1112026663056525	-0.05106772373637639	0.3182451235473414	0.30626034090981147	0.48880533588558445	0.535053218454833	-0.13569273592545367	-1.191146710598676	-0.30547893252544606	0.10659852412224043	1.5447179531419686	-0.1217294114626294	0.3323078094195917	0.0879835562525677	-1.5546997543990888	-0.35668871000495633	-0.9248170577027628	1.20530340602509	1.4831805107466256	0.4795653070359108	-0.053921225195136355	-0.45027699083336303	0.28915275754316344	0.946255678527774	-0.3685432253574302	0.5474301923303205	0.6784606318963163	0.015570642512733589	-0.1976565623776566	-0.30305554867216317	0.47325498312058245	0.6284377493149865	0.1847772823041514	0.4413621451302146	0.11283373401365468	2.0225130686593933	-1.190392743078537	-0.18491998972331403	-0.6224147063975259	-0.9038650339716813	-0.2283401410490238	0.3089951193000527	-0.3642344195842263	-0.7504511614335703	-0.7810679289274206	-0.0036289003722168095	-0.04294811627143754	0.4781753024121299	1.5844991287203412	1.3336797122995012	-1.5453646446570262	-0.8902361425318244	0.7110291995592666	-0.20522296112535188	0.004419065749040595	0.37875344804325145	0.6658326947791325	-0.6344074481364936	0.19765865822184736	-0.6911915625372648	0.6014988248346567	0.29318480619810516	-0.5878400761493981	0.4195052256221715	1.3123265429213087	0.6183864151312818	-1.4965011007822497	1.0897208285770357	1.3219204438693606	-0.15263205563200974	0.8001064416401251	0.002521070667240741	0.20211709164118083	0.7043464055465145	-0.25037329399741665	0.2798945315022663	0.4811707756446874	-0.8246843961168022
DTXSID7026528	-1.9134165064477062	0.02971525359785517	-2.456217566520127	-0.06977706342932119	-0.015491122361340058	1.5848656438895943	0.033610036230817875	-0.31093577132398026	-0.1689752681027529	3.1749873365250965	-0.4676541871040263	0.2999221901174151	-0.6113137622852055	0.8164298159436519	-0.9950827470347375	-1.9202338904410845	0.907430659308696	0.16458046349507888	0.1752614238898099	-0.6597516350889109	0.9485073925805366	-0.4756586684233243	1.0973084955784886	0.07086521546719722	0.5942558953809736	-0.10992759224870073	-0.8117700542912845	-0.9185451741019707	-0.5316146813295608	0.13572370235609807	0.9510819226446987	0.6139891053226596	0.8392469186205302	-0.1915366448076308	0.5555884473007836	-0.15889600543454874	0.00010802274519653739	0.5809789401520081	0.06419364593268514	0.43270001383151946	-0.3996845691924666	0.07137488783898585	0.30895213317400233	-0.3364910670446592	-0.04759843483246736	-0.17233351219422724	0.07635771097376381	-0.3621571908970714	-0.3230602548961119	-0.20143405304305592	-0.11436960390370252	-0.14656665600171084	0.021711555013780092	-0.31171197495753583	-0.3958812030836636	0.2620238297039103	0.09868231607060544	-0.445148892507757	-0.2595179222446144	-0.21291368256860183	0.7827193803532898	0.09801693260415172	-0.023136825303492287	0.039173718159350716	0.605404164396041	-0.03219836414224382	0.06514669795239879	0.3864686757511825	0.026362631563383213	-0.4489710424288894	0.37582724041951027	0.020963248718338878	-0.553706708580288	-0.2846933173159528	0.15147096533018878	-0.9697661459640581	0.25403435651202044	0.8214088367129135	0.3777890485615658	0.5818443401698989	-0.9865151166186842	0.4260651605185031	0.33417927241035744	-0.07045175691201376	0.4022040725688088	-0.5173179980787315	-0.09342757493401502	0.17125932901358099	0.19774677478071695	1.0106316389852854	-0.172215568627934	-0.6225506242878036	0.5254375847510473	-0.5201732826989676	-0.3950695686188075	0.17995720271183854	0.2133927488570891	0.5117890789893534	-0.3081087861377231	-0.24855115826230334
DTXSID3029233	6.213787116169312	0.8983053462665392	-0.6175681975630712	0.7237076506343721	5.516806002699815	-1.4100275063842673	-5.149782902960068	0.8533799327475587	0.46228605984782495	-7.3757310165170935	0.5838150433742945	-0.8722471277378967	-4.841896559040842	2.2999268454057433	-4.878434679511204	-1.9621111003509781	-0.7305013599256918	-6.337985746001017	1.9230495606484994	2.189840756693042	2.4336144438296476	2.9432548572214494	0.10525418243648228	-3.5899488913679756	1.8238013190585474	-2.7324867682359892	-5.722511525760316	4.152882212643283	-0.80064811084318	-2.2508371890899643	-6.111058967254635	-0.08171190481768967	1.8784645070127415	-4.265291934239876	-1.2749667644884695	-2.3803635231425866	-3.9944091698846913	0.6211200422726337	1.5625048010834874	-2.244344873317134	2.2156116491896825	-1.157613991077505	-0.8809488608757479	-2.1173245839147596	2.4810019661646723	3.21367244336618	1.7070680814381372	-0.018401207746973885	-1.196748685335378	-1.3283655428303602	-0.47252550384237446	-0.4101579156887024	0.7877402962046	0.48114735415988846	-0.16855730563377744	-1.174841302772339	1.0709612944425557	-2.168613271271685	-0.12106600520890883	2.38329885012399	-0.6724506962401253	-1.8661837968100992	-1.6460322384016342	-0.9962647079809822	-0.8075141211669246	4.127823044165485	-1.548169902712966	1.8866736371629347	-2.424710813482108	-0.5378685184861829	-2.316839165075598	-0.5977898109271607	-0.746844492822587	0.7134796548989226	3.7987064359377842	2.3547959001973213	1.797747675480105	0.7508503075546583	0.034432062021744786	0.3039157335903174	0.3843592937134324	1.228124406663352	-0.6787300374716642	0.8576157539330218	0.7153275108299928	-0.5472126370966447	-0.29823220903119313	0.7807597742509631	-0.6298422096052939	-0.3229412638692437	-0.6741376600411073	-0.031864819097657864	1.4172177362971454	0.9274016188061176	1.4224039806933384	0.138363313043944	-0.5679049808936393	-0.9176130743614531	0.5267189206351293	-0.07983201795359392
DTXSID1046841	4.131263484668565	5.681274243088967	-0.6176286758601344	2.010408614851797	-2.211085880124382	-0.6864101442678029	0.11289349051697946	0.45828206328485854	-1.1670500001173425	-2.0590060978043576	-0.4637640390585428	0.4964067878620297	-0.6417508319433527	2.3835968105071377	0.8396465057813358	1.0687439868554969	-0.9462878396234612	0.31644115230198694	1.162152123412039	-0.48979002244694214	-1.2817328371055459	-1.1436783669459791	-1.163234364789724	0.8316492169234895	-0.5568883005347653	0.8290843895062044	0.3960330416835424	1.0577861915914324	0.1264546631545837	0.14919464218800493	0.2174753484747893	-1.0950009602917585	0.45049590039596893	1.2447642698203674	0.9467195123107202	-0.39729871573572045	1.959352244034012	-0.07039003319199912	0.651062117468125	0.417169976535184	-0.508708327254534	0.06385793199460613	-0.14146449099411165	0.3075234231297786	-0.7139361643364284	0.2706720737240603	-0.2679135044278909	-0.671511265835835	0.19624178349921184	-0.6927468297214826	0.4462138188560422	0.03189502654773584	-0.26971485287174407	-0.11562569523602524	0.7498705538417765	-0.8072055941796857	0.16500143872150974	0.3632503114708978	1.040499625973368	-0.46639353884595547	0.2895679314914185	1.0202977497116499	-1.03898827923891	-0.9272791029644577	-0.28870608616177124	0.3180020405584703	0.2433041092611443	-0.7651860563707821	0.3480715729602791	1.4811209795148974	0.6975370525857445	-1.8770514709194748	0.29023632370354974	-0.056755051613241646	1.5475918366703902	0.5152921791211955	-0.3058069800778101	0.8404217338604206	0.6071363986265997	-1.200353183626303	0.20863449193727693	0.31790514849862106	-1.1287821836437388	-0.532328927431866	-0.3781177910961466	-0.5968228893936537	0.233179402814074	-0.39215228523672085	-1.075500519984326	-0.5589373940090895	0.6792011600557001	0.4228155876578241	-0.4776221990402175	0.18076262211284475	0.518140166241326	0.17140009076720014	0.9270038301598922	0.7664966366270527	-0.7868562216772225	-0.6537944977680784
DTXSID4023591	4.52491157045569	-3.8436669664357814	4.7093789623116535	3.578018871661879	-3.158297561438857	-0.16556124010233655	4.426031551577681	1.7065123859723086	6.050117120638137	-0.4489224987920327	-0.09293121176741177	0.5849895296796142	-0.5619290647931122	-3.295291868520044	6.785856235173234	-2.73249562865171	-5.268363702174657	-2.2103976335926587	1.1018549338351054	10.378546939740932	5.4072868017159355	0.467829945120319	2.0235811702795137	0.7178759167183943	1.0122208764526177	0.5288302748879912	-4.924643259048287	-2.333799249560405	0.3610041008177508	1.6776101071188254	0.8652025194944204	-1.7867771061978464	-2.73230301626256	-2.351611183025691	1.4459809801144905	1.600606067229503	3.973536671724758	-1.9621829314765233	-0.666258084778013	-1.8196677742122247	0.7898222916602712	0.5582174525603749	-1.7420844759145027	1.687175330622742	0.7526952970468799	-0.1791734017533354	1.7694220789925108	-0.8395259073982234	0.34536375471395675	-0.970472331025341	0.2516330560231239	0.1651225543617435	-1.4414558176647112	0.7605195883062349	1.786071124377263	-4.636502091501358	-1.6534157149920918	0.511526271642936	-0.5061124426135245	3.287283247405222	-0.8749824655183929	4.93324735623499	-3.1524905150723477	1.5265991731567683	-2.548757965408855	-2.4133711858227374	2.347484389331255	1.8069848726436246	-0.023685173518341873	-2.6309295223256863	6.09537904548552	2.1861762380239163	0.8330643445688314	-6.983569858219638	-0.03353918896677799	-0.9087120391309513	1.1004603822386623	-3.781950927764447	-5.4629746602698654	0.9381194365221625	3.9735782144604697	-1.0296434241460273	-4.165070776598294	3.3075812238570537	4.645743469389016	-10.785751949383984	0.2980446262279503	-5.247565267379997	2.409814653591266	-2.111204060102955	2.5131743457290643	-3.548134557631332	4.210833560417743	0.3817162750371221	-0.4624735616212251	-2.264717928459177	-0.43068368621154834	1.3033372431946288	1.3244062063962516	-0.7687077780336573
DTXSID7044396	0.6210255860547292	-3.2864767869530565	-0.6160485782787612	-4.113690483460787	-2.9956793968285784	-3.5209148475713903	-1.281682010286214	2.4812536140482098	-1.2218223512063624	-1.1491007227598298	-1.4046498473639213	1.7933210691729116	-1.8909396853297713	5.624832424998013	0.9914830114508563	0.9347933012170825	-1.9451370663389973	1.2293139338922796	1.7921207867827456	-0.16432904476121182	0.8402433785586506	-0.2639644808924156	-5.241537369511497	0.6481192578852429	0.2122651953785492	0.02030420359209783	1.1556689689338209	1.3985552232259726	0.22225711739611378	0.11764447885954453	1.7011473159525696	1.286128114589254	0.7285027531702661	1.442760461893374	0.02676194964161515	1.4671049659107185	-0.38429522330265814	-0.28968305277799844	1.1765447154449837	0.8500283468788619	-1.574388991872832	-0.5428984861121422	0.34074499669250685	1.4796038462575247	-1.4631813132863154	-0.16918641877590332	0.037922489537275075	-0.8132964600367187	0.07189891646274575	-0.37197929917379996	0.08036044638353945	-0.037564845136064305	-0.617465212295608	-0.25663857181701333	1.2413032658713794	-1.1372677300692076	-1.3092524175889164	0.014947566106818279	0.46903986798368613	-0.9977272555985814	0.3484040579302471	1.1654749489718523	0.565724481384593	-0.3960327280739571	-0.8284669825166221	-1.5357107033651798	1.4754725053378228	-0.8329307606074222	1.381580862485758	0.33467280753213924	-1.5903885529894444	-0.07122150172840765	-0.5448276465251225	-0.30459451372732854	2.3640595171959156	1.2281604349962019	0.8541085746090252	0.18017381015428477	-1.2497796739829257	0.4657110052782978	0.6075458056850592	-0.21675456974553375	-0.3042997468749226	1.363168263199685	0.8445235674238247	-0.24769182409371632	-1.7151224405894867	1.1561666446569823	-0.01481468122452806	0.5402563103607042	-0.8222543065094078	0.352491555059405	-0.4688107095812204	0.03973450060561178	0.1988559338529328	0.36541067604184435	0.4459007464664272	0.0678719469454499	0.6912420269552518	-0.21998968386287743
DTXSID8046535	-4.259146197055277	-2.431864789300947	2.582763806367915	-0.6500867714397734	-1.1475671640051155	-0.770805620226548	0.2045849171454208	-0.6566332684981767	0.4705938208210665	2.268924179437568	-0.24628851823595863	-0.5288079823643772	0.3671149170358406	-0.03951616998748307	-0.27972104220393007	-0.6613907642545854	0.29547463989993	0.24378594683115115	0.43014661248419384	-0.3002310551351204	-0.19356638563544207	0.16043189938465757	-0.026486659094507557	-0.3331347696294587	0.14262311941809377	-0.07259591040625683	-0.11156333884302948	-0.7329293604376067	0.143149133957202	-0.3428013126504307	0.16545364576578586	0.2542697584653746	-0.008525717971836657	0.44093266255443225	-0.2901016449309877	-0.15242361408399477	-0.09356005081804869	0.2655788196988851	-0.49854361417511767	-0.4458001593493984	0.43971729957690847	-0.12867692129533398	-0.3602897161280234	-0.4862989801836738	-0.40682951877085644	0.3260567746520792	-0.2041926810150291	-0.13092353231344492	0.09509978956996058	-0.31399413102735	-0.027944102800302614	-0.24009112812690028	-0.19439903628171565	0.04113717046173732	-0.08927685617420343	0.016697338390675488	0.09275169111913112	0.34664061769017696	-0.17001120553665633	-0.05970332387496645	-0.22563437178836745	0.19413072038899096	0.26672954209417027	-0.6254227862004489	-0.2965681129330929	0.017952158174058135	-0.6651883007852737	0.20294856091518212	-0.3306541401298467	0.29792860447662856	0.2765903293720745	-0.2225767488104035	0.993558293824574	-0.3975882474307096	0.028818505630755307	0.357866334786087	-0.009189256821987285	-0.13389449406924006	0.09871127221069219	0.1671195818714226	-0.09308112202959923	-0.45056077702159547	0.31266054780226116	0.25219578947732235	-0.5762928126939847	0.05529329109636389	-0.674359357478975	-0.4660399785921001	0.08344274797544703	-0.24198203031723572	0.2311530149927398	0.5396519961549062	0.31215123327718236	0.38820209235065156	0.2845266277994289	0.1292464721976577	-0.29485284673522827	-0.18841574646695597	0.4044770202022665	-0.3340035717088104
DTXSID9029225	4.871167086368552	-4.179511901466294	-5.354382749268355	-3.6099369262925283	5.47205167652737	-4.483883861031027	-5.332270270754301	1.7606323527660532	-6.488423024322663	-0.2775813261353499	11.331240726089808	-2.2517954060398973	5.107144725754238	-0.9254344039577308	5.567906189600178	-1.7149515216419005	-0.8325324853126285	1.8820205592242538	0.5883149050407066	1.6096594929195265	-0.40574018098519216	1.7593565887886096	-2.2675791906367664	-2.070139372947694	1.5140627878162423	1.9691131736670726	0.19172323648720396	0.47804313445142305	-1.0155810366168687	0.14476587667397411	-0.4102336301520359	2.089319334206861	0.01091017125526341	1.7929764934768093	1.177046688473321	-1.8621800736687844	1.4670682693985349	-0.8024038544779792	1.7735685408584267	0.9190825031562948	-1.7443633542723054	-0.36152723934582304	-1.7940810286303823	0.25027145238615883	0.17401038723504125	-0.3763117315012805	0.8843223296193624	-1.7181645209991905	0.21932248601610285	-0.13467597548362867	-0.011792984927596914	-0.7715008357767132	-0.10514833341881687	-1.0636395667119143	0.7923240405420826	-0.4835818884116788	0.013607038925980641	-2.4893162596875933	-0.438105100430531	0.8097593015572804	-0.8110841777860818	-1.0735572264374162	0.7612501629095517	1.1697594361377446	-0.0966087171796534	-0.029026390531916507	-1.6196561915618248	0.0037957615892070624	0.6192280494285826	-0.5394366783638148	0.17215621194344624	0.7059083632715233	-0.4567523808594866	-0.7456191408654959	-0.08673844806866621	-0.09320600626368715	-0.3751303588168832	0.48392449026471235	0.30620593830751447	-0.10259494096888687	-0.6985483533496664	0.8562247182410438	-0.6942412954903531	0.5004391220174617	1.7632483193159598	0.7931889274631927	-0.6601058756442661	0.2280365104135219	0.09125925426891636	-0.5970166749672535	-0.2826441643070176	-0.8904113238442138	0.1872846203876574	-0.7749442814869945	0.6787852426136077	-2.22980967099914	0.3019335926483875	0.010014528553759986	0.7270375142798936	-0.4002036417127045
DTXSID2025391	-6.005177303147366	-1.7868706273906152	1.480449216713469	-0.025746279797522097	0.8422582297912894	-0.2725554567673006	-1.4809122252045732	-0.8380327197840036	0.19088655517029052	-0.9990890153601463	-0.0026117897855232742	-0.17635379561443257	-0.10850196739447619	-0.28315006175241675	-1.3973582166336702	0.410519610906655	0.20761763589461307	-0.6244317861734113	-0.6112348896782857	-0.17523455451769515	-0.36975894488516886	-0.2688921690231564	2.044366484113577	0.12076677891227423	-0.22184988634318095	-0.2698293723119902	0.2695127835072838	0.3829650999011148	-0.09008220402247456	-0.1171978523167032	0.37803409299759066	0.8946711204657898	0.782401199093675	-0.09020943518875893	-1.214497935459433	-1.238523739413582	2.133114137470355	-2.4384327338583462	0.05080899401742184	-0.06954295775831393	-1.5503679811794036	0.019983734848438628	0.9059002703825869	2.3566603448545216	2.8753492376881242	-0.8233807033644459	-2.2940228371998286	1.164107521828389	1.0079143096701388	-0.6104949253168744	-0.307926780263342	0.5573312647256996	-1.3536795325837097	0.029757284118939104	0.06137722641848344	-0.0563893566440482	-1.9752096071343406	0.8183003398406125	0.48411972085100813	-0.033356460402827366	-1.039576377856826	-0.20856881546644104	0.35417829139802337	1.098651947978383	0.32558021883946253	0.16995715740175313	-0.32595484157688187	-0.13020174026576045	-0.03482456256083681	-0.8660511970104459	-0.3760081071373446	0.16158614380986874	-0.39481504231991404	0.4479427390682953	1.3380250841112284	-0.18156774816577936	0.26284880859022103	-0.4278230111523981	-0.012895305868058572	-0.08225759042100703	-0.13334576907669135	0.6891002964593618	-0.3399249620485123	0.2990915356966801	0.08929913289651639	0.013336593658163708	-0.3187410636051476	-0.04321716060526827	0.37998998999370853	-0.06382727798575444	0.14575051123271668	-0.5481722367821006	-0.41781133212947685	-0.4143032948888098	-0.40663288285803084	-0.2685456221997013	0.2746399596423214	0.3602765428360476	0.15121917218684205	-0.2514530880719247
DTXSID9041289	2.1191358795166297	-0.7816385859950382	5.384025727285877	-6.737877769359036	-2.5374023053890054	-4.653711283032095	1.2215966750203913	-0.2855833077458261	1.09344376555044	0.9916640955453537	0.6003062052647599	0.8224743608921491	1.0820727640179055	-1.9643574889081437	-0.19479552972648648	-0.42886062988325346	-2.3620274402664005	-1.592206985874219	0.1309179301695261	2.4813240200640303	0.6732049579752968	0.13029126044507747	-1.0643999784742129	1.1546740743942803	-3.403057468713441	-0.11572807975109703	1.2914966721087064	1.3180975178628294	-0.5499258604706073	0.716528184891324	0.8656959385023143	-0.6137517826180553	0.5459427184433299	1.066917579710027	0.28346687543698446	0.42374991406304785	-1.5993398273962325	0.1634313244546858	-0.3467331197689151	0.7233177295287355	-0.6632555974588737	0.046852220416243345	0.5537349988778494	-0.4682720089959563	0.24816264684469774	-0.3660354400020185	0.059185326714488645	-0.44193108385641605	0.019453671948643676	-0.337637927721906	-0.010493413992606117	-0.18860660585686378	0.3331952787093325	-0.3591845173247861	-1.012589923389323	1.0199393096841158	-0.16188194924393115	0.09044512300728307	-0.1734237558501497	-0.5019709149005059	0.47220881011576316	-1.5362618007972164	0.40076730091560603	-0.4236274216250818	0.8573664720640046	0.45104574327981833	-1.1397497911785188	0.36566619235331227	0.127256079874551	0.337736144517965	-1.3157949907777184	-1.1329066402752865	0.457586816696821	2.178619080063898	0.2143952488989122	0.649455000864747	0.5806673759775007	0.830815386253124	-1.0933166671304009	-0.9464431938889747	-1.2157055317431174	0.12304592957655859	-0.40262928069341786	-1.0536700386987232	-0.39112487006349456	-1.7066434884986763	1.0165856216244613	-0.6258478306269484	0.946393305691532	-1.47018564515431	0.30126078892968716	-0.1647615890850956	-0.2859037825422479	0.15151866342292872	0.26142142673350194	0.0963608354407612	0.21048130964558506	0.06281958971860073	0.35205709502910365	-0.28649425600616657
DTXSID3051381	8.517307101915698	0.1478065463328603	-0.9077416707508543	2.639248398528732	-4.758444935120977	-0.8318161775619737	-1.394925505982982	-0.43654216329154516	2.9882673238614257	-1.9092793444474399	1.0364244406188443	0.3257201198360045	-1.0154879467201126	0.5463252485135206	-0.11437542280391244	0.2384050554590701	1.6554099683488603	0.927291663187848	-0.254781104617079	-1.4989180208368615	-0.7255966922938754	-0.9631004414057848	0.8758800454476217	0.28617650175764014	1.152681185234334	0.5947832776542056	0.5524917188051631	-1.9182759357268924	-0.23115237438680342	-0.3280905940397639	-1.833520466375759	0.3971869689526674	-0.7707706851416916	1.1575364035966655	1.296726609130727	-0.010398479028613766	0.1287417167928723	1.3719978295163433	-0.5998323388280381	-0.234536003050893	-0.42864072403362474	-0.3269414392814071	0.6024113799507282	-0.24913870796617715	-0.5473399071720914	-0.09417888975939365	0.6139498191497057	-0.7314078356996138	-0.2426134490586891	-0.21830556653901398	0.22490309455333857	0.1531596041684492	0.42870971008225045	-1.1469524785078622	-0.10903182760244987	-0.544437317388276	-0.7705496796982952	-0.3294317622041444	0.6545140407394728	-0.8582649991226249	0.8642171982910242	0.6396090218758007	-0.3342639633651552	-0.42333498558020455	0.6154395131302467	0.24714428031829253	-0.09909156111477936	1.4193180377694612	0.6365190885636116	0.12537295419326527	0.040822608330224205	-0.9375487882623219	1.4085336834065743	0.29339455395513175	0.8383517474819726	0.13733188230819887	0.4982841962619012	-0.11721020244477896	-0.22387539063893713	1.28647628614958	1.0448076557832684	0.21282384540523572	0.3736899638148312	-0.3301409210743896	-0.39106117981396166	-0.0725978690627589	-0.1403077941374809	0.5387579151181876	1.5802535259691075	-0.05398235582401616	-0.05803339938182974	-0.5086338411325422	-1.2841303670794564	-0.02171030663925398	-0.7375669671541915	0.5944490719797338	0.11110040813029658	0.5601085993524145	1.3294839410805543	-0.788843033944492
DTXSID3022405	-0.07767746003262356	3.5262031301270484	-1.1019787151157328	2.3379986578069074	-0.9522374769187354	-0.08307570408377224	-4.345690775717968	-2.3331944792787955	-1.6609730306326282	-2.7642668113793634	-3.860714330205696	-0.06231322526844095	3.523183719968833	2.156251720799649	-0.270872339818392	-0.010206771421555754	-1.687223726391213	0.08646675083569376	-0.4777257080568879	1.2091607844684005	0.8342198326575244	0.1874857794965646	-0.3309635779888524	0.6249859402896735	-0.0063395565130226275	0.34617256094514864	1.8158448774142055	-0.016186323675841892	-0.24146134980071055	0.6140933733927776	0.7868248822835642	-0.5301816791682376	0.8218988364640847	0.6484903805191506	-0.1432929591758216	0.1682597483936844	-0.8896927835206768	-0.4867523218776848	0.04469177179132462	0.07066662894860687	0.1699379813217794	0.5032134473690607	-0.3234519479085013	0.346472552866892	-0.9138221277968687	-0.008860283423775227	0.20553308523021602	-0.49204593625464793	-0.5557067790629993	-0.3857670015345848	-0.05066791188836561	-0.13784990579573925	-0.35660308768497595	0.31695921949460215	0.44271536567858477	-0.4132742252253179	0.30209130837747894	0.4735400833149827	-0.6669485187660591	-0.8357207397535694	0.049645563174964526	0.3044961312596064	-0.2989140585177449	-0.34937484540154623	-0.08083732708272555	-0.2824676940310013	-0.16995044949416938	0.1184480730789912	0.2677723355762907	-0.8911910061014849	-0.5777284512982784	-1.0765293415463137	0.47522067998032286	-0.3562036459955721	0.22819458813339483	0.23364204730659066	0.8254451422081015	-0.13054371012885205	-0.08099627738713126	0.04192747021008262	0.39619311276548513	-0.22384633048782135	-0.3026245793002579	0.06584152763258663	0.3020088067387711	0.5952266778334774	0.5216001164776266	0.6553784125278456	-0.38473603307674586	-0.5740569780838445	0.13435014139774404	-0.32625610373172703	0.7689901100317338	0.3819236699603644	0.2668973132991484	-0.368118398093861	0.1251224706366415	0.23538977642520498	0.4659246145523192	-0.14939938650420162
DTXSID7025429	4.409717288849733	9.878943489356159	-1.0072151882363283	2.6156586019231955	-4.951595107333153	1.367705762437388	-5.854059303553502	-3.894738099252048	-1.7627325301091108	-1.6281721555375137	-5.7766533347274756	-0.8403139599732177	7.330496334466011	-1.5269234253660373	0.07000390932281333	0.2598068287882729	-3.7980781158919354	-0.3018032554146702	-0.8373132266671607	0.582637007371199	0.7040512713582345	1.6664898455835506	-0.4805777022698391	-1.776960969260965	1.0363873373647134	1.29304036861802	-0.7638671961852284	1.4525689464377198	-0.48694985970088356	-0.6710542471576909	0.06772833055946015	0.42108927522841494	-0.8339639157581268	0.5947234924666684	-1.540521378153264	-0.7756474473105059	-0.9888161299655415	0.37732382744844706	0.14579122985757104	-0.07995692244805498	-0.3044961646357991	0.7000660581761197	-0.5491316142549373	0.8012846523114759	0.11813613812826952	0.5474633978597312	0.28221897885126357	-0.08949451077159999	-0.06845584961764759	0.40583351774632465	-0.034384983957140805	-0.24621191432615297	0.1551202843642966	0.46861502512370307	0.14363625349717604	-0.5540062595011623	0.2837390088741324	0.3907829729292748	-0.781735150683898	-0.6216307009583686	0.4216448418268597	0.7160678802799406	-0.39223026216716106	0.6349617622015027	-0.07614979533508488	-1.7211889359526564	0.1503335694131478	-0.9312620605018644	-0.6290502516233724	0.18602390285065837	-0.46188499130255595	-0.5195541452338237	0.1390887683209608	-0.3938521333226726	0.4985057297626396	-0.8377056772498703	-0.43046777142282927	-1.5395911898600123	-0.4185226104597552	-0.7563208121563348	-1.021005395966905	-1.047498332679677	-1.2212498354486188	-1.529052135577763	0.006533800972440932	0.4827697653618447	0.4807323460908974	-0.2565854469185906	-0.15736867100571988	-0.32510497549921913	-0.6813846840851807	-0.49219564158980916	-0.4874709816082761	-0.41227846827056075	0.5511276133430648	0.37473443521922667	1.1578415499291976	0.314099064805802	0.10972060379227086	0.34265500656117853
DTXSID9027528	-6.112367558133988	-3.0763020425833063	0.6316119050681046	-0.39083363421335027	0.49538058415482056	0.3161931255832083	-0.15361482268902724	0.37673130815679556	-0.5471519888160997	-0.9347252704953919	-0.9115693854692049	0.231861601715314	0.2248114320354339	1.076776952862765	0.342495389344002	0.356154293046095	0.7355899769977368	-0.4444572025423327	-0.8298191917115887	-1.3222063652369185	-0.12091549252916167	-0.5613320034217236	2.687015329816932	-0.6243283570558896	0.10474448289181855	1.8540698906166042	-0.9210969714902795	0.9962836821808063	-1.6905924848945166	0.9729049643693274	1.27142606144457	-0.6867068826906262	-0.37207084488823744	-0.5560657891986841	-0.8520992253544648	-0.08121495410381963	1.5782445270753562	-2.4538926178646956	0.6313931042349906	-0.130975736230189	-1.9314116816750013	0.8022410781987531	1.6557715692866175	1.8495774698623786	1.5354304794807578	1.580931338673935	-1.594326084577971	2.0338118430540586	1.0810341226117162	-0.3902077673888508	-0.3936479608835931	1.7611721212162998	-1.1189467954443497	0.08459948305055962	0.4627803630430528	-1.1179654714026168	-2.2927366636488795	0.6231180175898967	-1.2381329978000064	-0.5821360857089697	-0.5168091780987462	-0.1436133904309275	0.826624896083879	-0.4433064957296356	0.5505380244037108	1.1306972796015542	-2.003096735596561	0.20340485572221217	-0.9473890494457222	1.021576767219938	-0.8687163069740903	-1.1630085393567582	-2.1739342719651105	-0.1320006504141967	-1.0141816523728766	-0.7075539869833702	0.8003166059474345	-0.4300220803431337	-0.641665911300321	0.3491224249877222	-0.19043630319226007	0.7569032091623029	-0.029336384017837364	0.3746184429066538	-0.1225369587882009	-0.1959300479012591	-0.44702976950241075	-0.4557737206237127	0.2896596813901164	-0.1258425908256152	-0.5269951642186814	-0.3979940515371738	0.0821924052173485	0.1454985152163962	-0.11162750784409159	0.10974937829172203	0.22782606736860284	-0.23258600429786092	-0.19369978602065574	0.16947202630009695
DTXSID8021062	-4.9484417944728945	-3.3584292211531013	0.43301507754528057	0.9371552211306426	-0.19460172684063856	-0.3522429773746311	1.0845557194840236	-0.28260219811786363	0.8405682054801148	-0.36512993319312415	-0.17701834549043394	1.0810953927667966	-0.21367368377137425	0.1239668346197054	1.6309500483045856	0.662437630696297	-0.5754625058726327	-0.05098703522798365	-0.3354552746087258	0.6061317938987959	-0.8694437468619471	0.5228084706146728	-0.03269819363114541	-1.066583970909241	0.14586662246486423	0.45879047956833413	0.5146749826180328	2.0779384284239977	1.4389685321490373	-1.4212262886944138	0.17025138314734625	0.24538134534815895	-1.9379906718093731	-1.5509843543733677	0.25603507014943705	0.5526677616177971	0.0623576892453524	-3.826646659483486	-1.9850732241424303	1.5284906370683389	-3.761971261179308	-2.4501314606495956	-4.365422213796145	0.16318940846897623	0.4868366323837572	0.08968224383464075	2.450449045390672	5.592867302666395	-1.2206704752983708	-3.8648665479145596	-0.9745128866522043	1.10410936479736	1.9098192793833022	0.13348351324796187	-2.9088800262148893	1.8987352756567504	4.8364137651884045	-3.3340445298653223	0.6387865575582754	-1.968912616023294	-0.380371951847342	4.191700323492544	-0.842029038868479	-0.8549252919940104	1.1945354611266934	-0.9554233541891577	-0.4144631627196124	0.5977189037133437	0.41489164374449833	-0.15205852215875085	1.6391182433655762	-0.4464354096592611	-0.5812713657514829	0.027455003944514632	0.9475296684533769	-0.7969828603721355	0.6134989283846449	-0.3326251454627222	-0.19240126525213522	0.3163087406785398	-0.5976367702688054	-0.7967851253424532	0.2984753375135532	0.7589308299677808	-0.35591802438494774	0.7826279645009796	0.62789327099168	0.7541513725343006	0.3709616860714891	-0.478095605108135	0.5439971678989926	0.07087491290309211	0.18631217856217322	-0.20942248541224975	-0.10160277011115058	0.06814697386674577	-0.19379378718295429	-0.14378752682927323	0.6830572648156276	0.08115672962726797
DTXSID3022164	-4.455381956209478	1.351571207025822	0.06460398778790177	1.8348884569022237	-1.8619445711160278	0.3792373349095752	-2.6044756754397738	-2.9031414771831394	-0.6257318948726454	-1.2244458113021155	-3.493747282305229	-0.6320627391873848	3.8312761977286387	0.2313093694110725	0.5265396104263244	-0.40714235929319326	-0.6415395145179542	0.36057482174458466	-0.4090000424869652	-0.03745965723619998	0.1945741891404411	0.5215527290758811	1.5463952190348278	0.13702943069293527	0.532255777270171	0.8135471721109386	0.7019684302662624	0.41006238883186513	-0.18306462184591832	-0.009224993657136485	-0.6275635722858384	-0.4893396062009613	-0.40327468885242435	-0.0595690823476163	-0.4448219587289213	0.04806075426883222	-0.6248590031802093	-0.35318482997857076	-0.5150149978230637	0.07334042865284113	-0.07447763367346823	0.10725340989062765	0.03625040527585491	0.3862520126104532	0.35600842615523715	-0.8307970390224743	0.2868065230126275	-0.6440819971857411	-0.20102035785144218	0.3134146078631976	0.038619313234567736	-0.47124532687026094	0.6693679437006408	-0.002474015443616709	-0.6227318473470661	0.24121688058855503	0.2580601322774553	0.020647891287426733	0.11351044990581377	0.22725182838781	-0.17881492910333774	-0.08835806998915458	0.5683902778298672	0.8982748636802256	-0.12869966893656562	-0.15705835882851452	0.53810574944903	-1.1352354948332395	0.1566331036916632	-0.32693661568182375	-0.7129567796529125	0.09092515958671804	0.3071243183826631	-0.804484436408788	-0.09857455246992144	-0.10751418274366424	0.4001884681953516	-0.12608215420163407	0.330490063129515	-0.4197132900083764	-0.08378704651872318	-0.4199893178866292	-0.2223938667918958	0.3374751462879075	-0.11820649560556966	-0.4000343549859858	-0.30417080843966604	0.6312053592771278	0.22334798560380667	0.11304661701266124	-0.3958803590716365	0.24596089342522545	-0.20226284595074645	0.10056890209914544	0.0029173194023572307	-0.1653847683503487	0.2736922892206491	0.0017023853306736753	-0.34506271509103104	0.0018250774615826857
DTXSID1045615	3.553801048002019	2.3804741515354655	-2.1269075048545467	1.2782880263993046	0.33603699530578723	0.14136354175956026	4.67571356153977	0.956393977272806	-0.35316688383265976	-1.2441485991479204	-0.40337060564690397	-0.45616786370478013	-0.8336133093915011	0.5029180910922245	1.4637432695469488	-0.35616949300600387	0.12778539580502601	0.8991601659307085	-2.2732888426544258	0.5576744062593727	0.909983161553861	-0.5754706576145195	-0.37235240790136115	-0.1394298761775467	2.573856286522046	0.7633652583981607	0.8069162581580925	0.8937209582590253	0.8447928061118131	-1.4124928880466865	1.102625961576784	-1.245758488851923	-1.0133340676866565	-1.274721618846502	-0.6742265212732069	-0.6837726945207833	0.5278696091283489	0.07513769556869228	-0.4463451712762931	1.163572019514218	1.8824809242848335	0.9043749299656312	-0.010993521443563947	1.6559257268018315	-1.2118197182542874	0.5745394595612837	-0.44889935482095894	0.3695179545726176	0.734461684463983	0.445825962361754	0.23681267705583914	-0.23686604094083255	0.021566445687340483	0.3493330655425895	-0.569875463940087	-2.0426859252538927	0.6501064116304655	-0.24268567521124737	-0.16677892335051403	-1.9239162899411015	-0.7606565028593166	-0.1408560845620154	0.4030595179691904	0.12071427271809473	-1.0178884929163199	-1.0341641597958051	0.008745055842682363	-0.06771415207138665	-0.7828087589596605	0.8984461042651548	-0.030133032196455786	0.7121610753847433	-0.96258021557883	-0.30124745265200126	1.4824219737998838	0.7125730877380304	0.3786438953542496	-0.5025753572233905	0.9661476045295836	-1.7808684256651481	-0.5370411580980672	-0.3393509029275053	-1.1479038813439706	-0.19043720833092823	-1.1689636398702663	-0.12262378856744925	0.37345182945954636	0.9524365979770361	-0.2792822570379962	-1.0573344704276897	0.7675401772416436	1.0129040325654575	-0.1134271686405736	-0.3079979557794433	0.23092076029792274	-0.17217713479779817	0.31472131392296077	0.3894391888322644	0.8575550265895971	-0.16022592957598683
DTXSID3047928	-4.066824194578852	-1.195544131672694	-1.0496820045671755	0.5949452039938459	0.08131296943749718	-0.7918925585957893	3.968365611470875	-2.2025415916284437	-0.8436121395602595	-2.361377246607948	-0.8087557517358265	-1.2659177951295235	-1.176705585643438	-0.7865038670417873	0.2937792738765875	-0.25469281570298086	1.105911656260233	-0.4912194649827696	-1.0086872769762676	-0.4699127128154955	-1.9242722827438739	-0.7381927309792754	0.5362684537812249	0.7852751315657955	-0.887245126828605	-0.45641961692752464	0.8846335411216956	-1.1567985659616735	-0.195118773908773	0.4366623066612075	-1.726875909008499	1.3852307992737678	0.15299800891275142	-0.0028315391795168984	1.2106754736672756	-0.34930159075584544	-0.5584863846337201	-0.3115280028929547	0.5667022239839951	-0.18477864330906316	-1.5332407017062748	-0.016251305190668232	0.2738993750042705	0.6024976136900602	-0.013105559886839778	-0.370328178399366	0.543518783520787	-0.21452410348418754	-0.5973690048369437	0.5984499235705761	-0.16616277647886787	-0.025189356520112775	0.0063857799928518	-0.0621429912875866	-0.2914791715835883	0.4769022692865409	-0.8496112393876215	0.31535773022126434	-0.42500926827053453	1.1736002582299514	0.18766205653535542	0.6136896822977199	-0.1371697452055623	1.2393886980780533	0.15847660341722708	0.48133600042958796	0.44540937792364566	-1.8812964491993314	-0.43184041018630365	-0.6458585596817908	-0.19595248945161445	-0.83823960496094	0.12455602873671297	0.28626122194710424	0.42296200782056603	-0.14216383949407882	-0.1922430003086026	-0.49147818038201924	-0.7743733394791706	-0.9368008794004287	-0.09063450113158678	-0.585166369739975	0.39963118605561265	0.46373244465106706	-0.3946474347865444	-0.20998786461103744	0.050091841717601816	-0.8018001964693036	-0.9310078608642439	-0.41587970161116045	-0.9090909109534725	0.04940902352133813	0.041955404431848316	-0.5161218779905064	-0.33061539675158047	0.4568016118478528	0.917002717226429	0.09701327215049177	0.46759474859203115	0.1999382356638252
DTXSID0045965	10.101991693960644	0.6539816830393962	0.7933181011670482	5.004363481974659	-2.0500683387202723	-1.4406396633505374	4.268861550305332	1.5367443948414945	2.4618603501364755	-3.6657277522066885	-0.7786242945916843	0.9391500857265325	-1.48536268730781	1.2018350119151486	5.757524331506578	-2.4501989074038306	-3.2904833505932403	-1.781826067616183	1.8490728542287913	6.523891991414415	2.421520911716651	-1.0223393367845	2.831899868337317	1.6687807387057092	0.9218884171416009	-0.41583809979789665	-3.9604950972498836	-1.3556341914577652	0.7861000010971914	0.6799787087023941	0.9591479049997736	-1.5054270243817043	-1.3763687736691432	-0.7948172350093091	1.3249405571451478	0.7989175109113325	4.611735115768314	-1.638598683909473	-1.2163149167711471	-1.3371047882981508	0.3563670141037613	0.059562716570218284	-0.5977471769783028	2.292471731375155	-0.9328322749047979	-0.7040396732623662	0.5995349574572505	-0.9614780226472198	0.7282453082183064	-0.3234611459122489	0.5979030544258707	0.05133820153431776	-1.247523410577007	0.18400655310768363	1.6489155472313526	-4.135869015961376	-0.3855028543533643	0.054134312409579506	0.5160183098144461	1.3954938548726838	-0.8050968953420184	4.345034896660241	-2.008072049984955	-0.7444174092988075	-2.602498044653479	-1.739085079166663	2.82836500566148	0.4099904980924018	1.415181682728065	-1.1649758561810817	4.387558262789503	1.0803404342425706	0.09258993468393638	-5.230862324263533	-0.34281988534738683	-0.9026929692431254	0.36370051926137226	-3.619079570625828	-4.87931695629954	-0.8962682946247186	1.790248179718916	-0.8302461208399101	-4.163149949818824	3.3237953209499396	3.632404673876513	-8.581429591131352	0.5437509469312471	-2.686449419809345	0.3728215095595937	-1.6964880750541422	0.403705914377594	-2.733838551170512	3.27475949048248	0.7642217843847576	-0.5593956120721167	-1.5056316155574518	-0.38657120360375463	0.7423409024798826	0.38035224923907246	-1.1577814118291228
DTXSID0047907	0.6982631247173002	0.21953325566290802	-0.8686479283823767	-4.0057443888438975	0.8643320533751397	1.792838950857729	5.105356757999034	-3.385873227403533	1.240098528391349	-1.3123740252587097	-0.48101110890348014	-0.18527616370251468	0.13017282815581455	-1.2026829425743022	-0.4189239064557143	-1.1782170112956323	1.065038192378014	0.11544263110789738	-0.46085262095851076	-0.3487131129609013	-1.0999524170797823	-0.6263713139999467	0.02807582282664996	0.020567405564255098	0.6035173747479986	-1.2134369567832384	-0.2928911852146486	-1.0572158700336778	0.04517530430317112	0.32816499069722754	-0.9791016414449487	1.7598910594240476	1.0125701889542027	0.10318838929567659	1.7219763686884166	0.5574391545701621	-0.5545703907457119	0.5287708872829967	0.7256046501383296	-0.4838316495453428	-1.5444651002144094	-1.3847245326314075	0.056926779267813234	-0.6466836036023331	-0.11611745630534323	0.2840571688732312	0.7717785798622373	0.5929494745096073	-0.45969729982784	0.17611508125119762	-0.4822999599894917	0.10845101963048363	-0.6863538068294439	-0.3175104018785068	0.3503889836304488	0.7290124263007041	-1.123637730849213	-0.23814037927710505	-0.5882088976947142	0.6767142316191128	0.17002668335903134	0.1265152801575273	0.7908026694438058	0.5155776452334913	-0.10533319095945769	0.021545236644172225	0.7191320363472308	-0.5362263476719961	-0.4807538921187063	-0.7994865653161621	-0.3449188959227569	-0.4461008151453632	-0.5257657447642685	-0.9562884701214774	-0.1839829079449435	-0.0013887402879834809	-0.40324400460033777	-0.3204002640470124	-0.5333411243969579	0.08679346684074184	-1.0918864458009143	-0.9374579349570518	0.6133848612739413	0.4813413406752337	1.1196670239806688	0.9490043665392167	-0.4880227854093005	0.37632364112841044	-1.7746168044691846	1.19794633798188	1.3729865465695072	-0.061384550528417216	0.37025479483208557	0.769296345496911	-0.5560544845562725	-0.6948384447857069	-0.7268687755741492	0.7549519303475305	0.01314497229434761	-1.5489991334559718
DTXSID1057795	0.948912099933758	-2.1390764807530687	-2.681787757189692	1.373251385159683	0.4857114887518954	-1.944637310684689	5.8110984102760925	-0.6237711189308889	-0.6296041645809046	-2.8845672447126476	-0.426998087901668	2.7370305952709497	-1.0419611001896663	0.9389894877729649	2.696244004913375	-0.9863870860984516	-0.7498296486596316	0.4882947288175966	-0.9670459673769409	0.3475858661536699	-0.49021151439310157	-0.6027433189527425	-0.1267599535234711	-0.33832614807607053	0.772201552972372	2.674078789601127	1.1179132297216217	2.593995036124847	3.2161072051980444	0.6715100553782677	-0.1870746546938538	1.0527328942386882	2.0016038856526497	0.5948796727448117	-3.146517500728111	0.334020378749289	-2.2262658369968626	3.581856501174732	1.0976961838974961	2.5936836429515577	-1.357048817215903	-0.9743263590591338	-3.97355520956639	-0.5680227414431598	1.8379271998277242	-0.4772009099496773	-4.686107504967597	2.7774589357487525	-3.715016677473017	9.630105878011873	-1.986138433549895	-0.49651890364443485	-0.9878457295640986	-4.592904477393835	-2.1365390154795305	3.032873163222483	-5.290722085563681	-4.289753250613326	-1.4618842692898264	-0.5366326267274866	-2.7549230684980714	3.9877505301370615	-4.60015126386026	0.15746314903997533	-0.4996629151098157	3.8965423744976624	0.3969697804408714	0.2802415986576292	-0.203426754125564	-1.4195638749547095	0.5686885873181813	-1.4596659833489787	2.197308871799259	-3.43089147791415	-1.7506325461686763	0.45658869070867675	0.07091089373143307	-0.663034978513391	-1.538014952213176	-1.8993709084032466	1.2968919339993525	1.3199619626740091	1.175999695816057	-2.1324089970541666	-0.191750762272344	0.7548437319232312	-1.2472731621256252	0.6228739366261098	-1.1345102942705014	-0.8424259353150961	1.0776203210047661	-0.343395911637895	0.5879923093574142	0.8602172802339949	0.7738031818198351	0.3102117518757515	0.01375601910960392	-0.4433298970332725	0.527728693424447	0.3514873429208241
DTXSID3029310	6.82625497737422	6.257965552384779	6.297741815097462	-1.720371915386554	-2.488819842213975	-2.2701646834145564	0.6342335813760144	-0.9111076564923594	3.0270757454075734	3.412793979876835	1.1636291980768574	-0.36036261683258264	0.43246786601947806	-1.251741564195607	0.40079368381963854	0.7637904181862043	-0.22134854329088768	0.9100018996856449	-0.1311930465032288	-1.5057934646023292	0.41989957863957283	-0.35821904735788435	0.024939442727108217	-1.7980867779612713	1.3724141231511815	-2.0104410924331417	-0.962214189622376	-1.4564871247570308	-0.1195937175989219	0.17362590345562098	-0.8782720429007209	1.3273590975488958	2.0782885445281525	0.6201856220366182	-1.575473317997997	1.0835377207250274	-0.2940448568736078	-0.34078090701650154	-0.9550150432596509	-1.5153519130750408	0.823072707255339	0.1053587108707139	-0.8413522358868225	-1.0053132255642112	-0.4210258975872674	0.5804012252559269	-0.895569773108411	0.6103356045602759	0.008503992313833935	-0.01134468094474	-0.3059783027656166	-0.21611683020449765	-0.017802906861744943	0.5277711885689468	0.1614476357230078	0.8596927453754019	0.8075607217329989	0.5837246824360631	-0.6229646364978864	0.821760158162542	-0.85214693894551	0.611166387152308	0.982340805592101	-0.5177265723696765	-0.6038280467355168	-1.1079598501460812	-0.8139246927781235	1.0624293963369755	1.0916274485767774	1.5096937848517948	-1.111370772266395	0.6587870822974887	1.0099239506337268	0.04752872867264595	-1.1120022364743165	0.9922343914084963	0.5275385514227491	0.9526099794499842	0.24906285906421577	-0.9871346897453186	0.3108934797056469	-2.356465242747195	0.6277435083053607	0.26653929647419033	1.0579000935406693	0.16082570400372748	-0.8898565628549441	-0.21018793460268442	-1.3121996085565957	0.7913177091052228	-0.7548386720959213	0.018153491626126284	1.223934255545478	0.6340778965809911	-1.346703411760784	-0.12099696536949381	-0.40324507024894	-0.7221796193351336	-0.13540412792459602	0.30938917091548546
DTXSID0020575	-4.12581215986766	0.9156260817554278	0.9009002365769375	0.8677518206718914	-1.6360571170923706	-0.37500179038563247	-1.124960658188008	-0.7137394067452919	0.441116123573919	-1.1770246333291152	-0.5665757265540061	-0.05987297283220082	-0.3484097770991669	1.3264957979319911	0.4758002282130733	0.08285396523183779	0.6447861135300917	0.3560997883783689	0.6316935385527915	-0.6406711305507071	-0.21191146666426375	-0.7572339552250865	-0.2195689189747265	0.9687141302464278	-0.3120505000927351	-0.14150356486061208	1.0771376544282931	0.3643950951260845	-0.02526117439913023	0.5983815410433045	-0.12996838034155983	-0.5412646222881977	1.052989750816996	0.5953375498726236	0.15375190684957477	-0.10300425216688672	0.4370260632607083	-1.2458084784138486	0.10746171922449	0.04694974505627914	-0.11798033186140616	0.09017804872697315	0.17583914533549477	0.5204591774900214	-0.6751678004197679	-0.5316061924725831	-0.2618987694311248	-0.8417752842392615	-0.3032817250807816	-0.4956883581410002	0.11380213725138193	-0.4154984976773988	-0.019187191387119933	0.023847893068820417	0.4776802441613709	-0.552377697600828	0.2711324169952625	-0.0221802704826896	0.702711511469984	-0.19863208000843474	0.058396616250468596	0.6564009563303852	-0.5219173951749376	-0.2126911992225815	-0.30181668577498494	0.9009960308052888	0.5281435011066088	-0.4308398843696228	0.47005344545363426	-0.7790383226474303	0.20749401744175386	-0.9725022271908588	0.1667883529392937	0.09939132505571618	0.20782935027233274	-0.07142222272166021	0.19713093101495524	-0.20149351532393725	0.07220033011382193	-0.6220817989417784	0.09236155461360857	0.06632038683863367	-0.1739757148500288	0.3359401387929686	0.26986494865439714	-0.08113802467383333	0.3343059214877616	0.4983240281635128	-0.5084688371589388	0.051099122232143766	-0.2693305579059939	-0.49836462311304214	-0.23345975475429215	-0.19530765452521698	0.05394097724064126	-0.22652318391242365	0.05972248775482023	-0.07150509951502321	-0.036131408968869565	0.08627782490950467
DTXSID3027037	-4.122190812381719	-3.479961883191256	0.0071399624261729655	-0.9163271800061371	-1.3213711327336568	1.049511746338905	-0.07349159381047557	-0.4046871634070984	1.0650837032107174	-0.6928162225892338	-1.0762033697331013	-0.45461472518092066	-1.2348604025437606	-0.7803999087100991	0.12293216339055024	-0.9235414699256177	0.9924639538714054	0.7165302133795125	-1.0624523079807306	0.7272900430033925	1.8583159613858669	-0.10512386233042471	-2.5828050613549793	-1.2915706546145995	2.2016350404917233	0.6788608017921962	-0.006428721347994813	0.0126580986308588	-0.22065622631766735	-0.2687805201348973	0.0731138625503593	-0.4284545633384577	-1.4020084426747914	0.5115089195415315	-2.519235369739343	-0.36082033934127133	0.9269547373166146	-0.2665224188319048	0.4814334839431557	3.016991858903103	1.4909004990104857	-2.9227562747505766	0.11171014880092792	1.9179726742985006	1.3554876949903731	-1.4643919814881803	3.6212592399952914	-0.9648380380317503	1.4026662658159332	-0.7209198208098057	0.32000293754928283	2.8502668238582447	0.17750929869150595	-1.9607014637911704	1.8592860189560327	3.453201557885961	-0.5630996309643456	1.6416953495608522	-1.5218203478179901	1.995848926040479	-1.0920341134021188	-0.3733357168609069	-2.042673037916701	-2.287791964510508	-0.2638174881404552	0.5511075528687757	0.7212866256679624	-0.23357337100324418	0.055279192137150344	-0.2976136108710529	0.6381266045828129	-0.36450208709119586	-0.5427418551979362	0.7326257598225807	-0.7067641453667546	0.240031851329104	0.3889545473657716	-0.11268831146308923	-0.6737597131801262	-0.21720697351158091	-1.2007090481330676	0.3727143049559774	-0.283898410869625	0.30023129148134126	0.10388281336979827	-0.5031236881197247	-0.32681191373937996	-0.03588253109445129	-0.7080249657333689	0.5018661311000177	-0.07589153851413957	1.2068153408430937	-1.0413464705331128	-0.6371797380718066	-0.6376478629388231	-0.7462516481070376	0.40893767607853654	0.11038454517847576	0.4231458615268785	0.0798285098408347
DTXSID7025055	9.53048156630718	0.1901457324443184	8.152522159316945	-6.307594497000113	0.9979265709414823	-5.686907705102838	-0.07301914287418966	1.0649473156298823	-0.8333573295902639	-0.016316510461457483	-0.6256860732512095	1.7209658322565253	0.657658103005794	1.162617555219856	-2.251817939257403	-0.5494734503651963	-0.022397953226439674	-1.2595940120438838	2.265629310945495	-0.9952587883423849	-0.6380919022508199	1.1269125553029338	0.6690232649268328	-0.9432309682944996	0.6698803731873424	1.0856717576575892	-0.6711875931564599	-0.6483728918060843	0.8358393829737216	-1.2247349843896151	-0.32838160319596976	0.04674013532217252	-1.1752050363722653	-0.3670273279073828	0.6503879821500745	0.1598166810523538	0.8223828366681118	1.1719227017585954	-0.5279948912853861	-0.11289928317941263	0.19153458056703504	-0.22207242053673515	0.05303558999405669	-0.4369614026091071	0.182413587681402	-0.01381951548632923	-0.43527800150729534	0.5404117117189238	0.19175557192782683	0.1350949585873363	-0.031926552360918944	0.24573893946870015	0.10103739283950534	-0.37521395267391494	-0.12278543790990273	-0.12525734076946435	-0.3715947962646792	0.22280509182323255	0.4380136956550723	0.10934147613367778	-0.5106506701251285	0.20241718710428674	0.4667991850532885	-1.1498380215663995	-0.05464874282938278	-0.933795558715622	0.17410615964805887	-0.13938587083701792	0.34618744111145633	1.1113911348560013	0.6852833787910713	0.03979556156805879	0.8690748559527042	-0.2894454743882812	-0.8593395536106451	0.19665438957198664	-0.6937090580429234	-1.1547284899216848	-1.0627067911566903	1.230691402581763	-0.6638847606228617	-0.7337928163206348	0.05001935249584785	-0.3959162803764192	-0.4874188220377428	-0.22389614765577942	0.2704323796861218	1.4968950358897146	-0.17114499178837195	0.35235902181115714	-0.25440501249156183	1.3969336400340593	-0.38911351079164147	-0.6428395200621341	-1.1005902325712142	-0.23004840177214994	0.1345417548899357	0.023884852478157914	-0.18238827723345136	-0.36512529481003086
DTXSID9034816	-0.6450848619117877	-2.0138836430597786	-1.4205066184673993	-2.1274798622533018	2.1774302111024544	-1.537124959406356	0.10606227716508596	1.824018386524972	-0.6350156971126116	-0.17945591022021573	-2.156052670147581	0.5678800312895674	-1.59733541076034	-0.7005806378670677	0.3867883349088673	1.961305357931887	1.5298063683139056	9.174388383697424	1.0467946810451245	4.556841386891293	-1.9048743726947772	3.0692197381521504	3.5487735160854874	-0.5044369488710986	-0.9582358560101206	-0.5689023567777838	-0.8634842360010925	1.8052047089317294	-1.2907786868058455	-0.6193582194799131	-0.810541851585509	1.0941018209337998	1.7995554522289607	-0.2839530035661631	-0.7187782860874423	-2.349512694066804	-2.1045701740024265	-0.6859329397135997	0.48094376940038297	2.0323973146088736	1.0197895616224075	1.5831753660602106	0.284181056477938	0.4277152469756066	0.07288514806703852	0.5375245848220221	-0.27741055944873094	0.41469756075266984	0.38708616974000803	0.06815173312750987	0.22275060544748043	-0.08171825648098187	0.30134690286091154	0.9742189669150452	0.6278523329739791	-0.3739648560475513	0.901121292762254	1.3310413212144836	-0.8179597394119174	-0.8621681316513057	0.9383115588525179	-0.7102338674283877	-1.8621720679550606	0.14491003931090682	0.686349954313851	0.3202758220248022	0.17576103950613076	-0.9604034897966555	0.36530373821231643	-0.305042826777591	0.918078670611679	1.4494424494058291	-1.4331922937490504	0.5504914466240808	0.20161005092942835	-0.7460825835702485	-0.4408926575609424	-0.5918314622059845	-0.38428704027805244	0.01691713907058811	1.3154714186009049	0.12260079719023935	1.3899613626880039	0.14591688633112895	-0.4909216041064565	0.004425140785337019	-0.09461702354847507	-0.8583818728238807	-0.5654069587187217	0.39978377259769887	1.5652265986937592	-0.11932884437530399	-0.4654283007042932	-0.1632139276520683	-0.28064909911430913	0.270816791462328	-0.4104696083233069	-0.043465192791718635	-0.317269040436503	-0.3643964115971044
DTXSID0027856	-3.323220779459639	-4.111361796547599	-1.0888965354214877	-1.805049199866942	-2.505982114344141	-1.4209005201695473	-1.0832000169055007	0.9445166675485868	-0.6559669206284575	0.2895852580156326	0.01638872750909815	0.3903367952821782	0.037808644603256676	0.6985936566641965	0.008083484108899428	1.1441750271913547	-0.9530373519194884	0.5272714273409144	-0.1846955345488657	-0.5993181630836388	-0.07271826149111246	-0.4200915835199951	-1.5446966013618346	0.768191941653522	-1.064751270783348	-0.30930587943844445	-0.0550336472986813	0.018442333147519543	0.39577830738596953	-0.6154289098983537	0.6719911464911222	0.16900164260752457	-0.17291896230198328	-0.20041880069518117	-0.6635216902104452	0.7044335262450392	-0.6833779203998821	0.8071683416653556	0.5840076167659872	-0.4038091599277246	-0.5990379885356383	0.1472242383285214	-0.21271105442874558	-0.07386194432172076	0.1895965942139071	0.4346067081166802	0.0290988511734409	0.20830018180703996	-0.16104563751077275	0.3415382434887673	-0.19693722284294773	0.10213471021062238	-0.2549536257401481	-0.10679169479938634	0.043028744223349104	-0.2233058700716822	0.07376813535538015	-0.39773286698278576	-0.2820409642227644	1.0030133432094002	0.5639734394399377	-0.1924854459067144	0.45017299664150234	0.45915402570840264	-0.2648267632857033	-0.6842848161745337	0.5941796821989367	-0.2522749828248712	1.0803053405176708	-0.2005701468826004	-0.5053022408787438	0.40743421574602956	-0.6482264841146181	0.025933146127261768	0.19333806021029354	0.8349502107567004	0.4028446215249258	0.7556713559044539	-0.5982526984399862	0.6525788423853948	-0.14890890717040467	1.3830138449969296	-0.5727178647627099	1.5083914286819302	-1.6689221535056973	-0.23430981111321433	0.3743115419909091	0.2056657581033942	-0.547357644749537	-0.8355154376459959	-0.1735648623067254	-0.05942401238476532	-0.6683254055137642	-0.28844084423627653	-0.12686716998745698	-0.32638907062124256	0.0722571053256346	0.07701557837442292	-0.9296945384614494	-0.1461943823396883
DTXSID7020841	22.09389578749467	-4.151368088629223	-8.661926307390265	4.180460204900515	-7.026378774033706	-2.09018644399018	-6.69827979904527	-3.2472556762052682	-2.218259529000131	-4.243761515605592	-5.445567529404082	1.4230850092068128	5.299062864531099	4.180721019292741	-2.198571822575107	0.9442761084822475	-1.7618889768461494	0.843511342751121	-0.9373728773747225	0.651589437897102	-0.10176385941929915	-1.2547961865825337	-1.7019003524095364	1.1828183629257458	-1.966419426256003	-0.5580583503716228	3.6019881445136597	-0.6169157888987804	-0.585688981378011	2.460207404393381	0.7116463805444224	-1.8469376929575214	3.2974838706813716	2.2342414567999254	1.6224815702642073	-0.7428599099136042	1.3795648242443244	-1.2094592743843968	1.2028505139465075	-1.963035400540594	0.36605363445412487	1.0008397379277767	0.26685183224397013	-0.6770613357831264	-1.1781211123019404	0.13136718707752937	-0.9164264886473621	-0.009082053223392846	-1.0549934068823787	-0.7227154319966698	0.3055869020587853	0.3098990820812462	-0.5396391303924974	0.8377934931161293	1.1615969170000964	-0.18878172398614207	2.2820181265084565	0.15035753190732887	0.8304094667811364	0.7001691769832808	-0.7736638585884376	1.3670217910831113	-1.365200844874997	-3.3194597870516076	-0.21772359029963836	2.2232295628093426	0.7320946851298181	1.5680313818301408	-0.24696110964197693	-0.726624287326009	-0.17961983124870023	-1.6966357425324032	0.01252839175786113	-0.2328132178254421	-0.320101545773819	-0.6035482778404325	-1.2979187293156658	0.05219236317519789	-0.15202919208472404	-1.222928160826195	0.6579142399099601	-0.3427088196802542	0.5457059780674921	0.6109320381462714	0.4963414937170342	-0.038317505100179096	0.2603704836626209	0.1396154030193134	-0.8256045755335071	0.09349212718788527	-0.8692411685603391	-0.344000597364472	-1.280343523168364	-0.4250676838817461	-1.195992291741833	-0.0838090954552754	-0.47849295166876643	0.0012925610652597314	1.2088126181578231	0.20969285637264146
DTXSID9020409	1.9818662806838008	10.305485193071565	1.737771022721537	2.3095455805482152	-3.6278077700545435	1.1115156752587747	-2.120484341910053	-1.994672198403238	3.080881292254315	-0.49498202969471145	3.003309477549179	-1.2436905769322462	-1.5792185034071902	-4.685914142528039	-1.49589013770373	1.368360028691864	-1.4292894538470895	-1.0421150170030815	0.31631759705105267	0.10500037477844334	0.7159541527159006	0.41470704363064775	-2.251087246093238	-1.1949957390443042	-1.295354390635566	0.17634284084934307	-1.0605513620459477	3.4855864507864416	-0.27830672949497304	-0.7754857172207021	1.0667411450837128	2.2584039711438795	0.8195115117454972	0.09011776978538852	-1.527575911147644	-1.8793421291101002	0.5689545268083323	1.241214044362174	2.1302230360198275	-0.9998684841458078	-0.9873719883663978	1.0563590784016479	-1.2232672949053847	0.6961117569946597	-0.6717340281129865	1.9152903328218005	0.23823236503326395	-0.431802603726841	0.7911994452372995	0.21791274382788914	0.5014082547141181	0.7385410076786668	-0.650151778714882	0.8803525539826501	0.38066838242737644	-0.4134848636239367	0.5582132449219157	0.2616045296965135	-0.519420449346928	-0.2863855765062165	0.59343622516304	1.6804795045312282	0.05971408634867101	-1.5456284305390742	-0.4703533601832822	-1.135501458194061	0.12299815997280063	-0.6822623333936981	0.6428137195711847	2.762730192808056	0.21017456285871017	0.557029031591111	-0.5517738797249694	-0.8930232630842345	-0.13673952355081648	-1.210568200586985	-1.331655456980624	0.17031884644005843	0.697933596481026	-1.0305476963641467	0.017242488571544045	0.5441257982982806	-0.31526045973268174	-0.7415694677912367	-0.4532232688886878	-0.6176360859326078	-0.18438331303108269	-0.721300502145468	-0.10758718721556552	0.7451454336402304	0.0720131101470444	-0.6953491468008148	-0.8924112827155443	-0.6460344081227878	-0.21513581959094358	0.1431883139547304	0.20867449764675622	-0.459216520997951	1.0858950010914663	0.29327135167635016
DTXSID2025634	-3.6809119631441427	-0.0974382344112816	-2.2266936726418725	1.933081189916027	1.4077969768988297	0.1361892462778859	-0.5957481978965369	-2.1820263661602737	0.07531411809880124	2.9494790074166355	0.3755905648794633	4.198909507572863	-1.0190506481743196	0.22557941495204967	-0.19229971214274905	-1.7746511568354173	-0.273328393732024	-0.2483034525357961	0.47114388608465824	-0.3033348948946305	-0.5082540606843364	-0.023105840327582675	0.9807658009411334	0.04681025143419771	-0.06710233297473484	-0.4122426059827687	-0.1507160192801605	-0.9633371554484835	-0.37697938910647366	0.5154324558706197	-0.5770861066598121	0.3016501275153483	0.8101422181744932	0.0860969745420376	-0.0655770646434438	0.24060744262915093	0.1855371970722088	0.32224522353183777	-0.26775155538774525	0.23371269787558338	-0.23568171463022558	-0.01635415326723661	0.21910643957901663	-0.1362495588581271	-0.09113262688185816	-0.06016590229138606	0.45933747425089344	-0.12051031926840483	-0.23059043163758366	-0.15292497225496662	-0.18203649048965834	-0.09985677945003027	0.0635280961929736	-0.3143919171352493	-0.2678916565659476	0.5084404418638858	-0.30001127584923043	-0.22193794110381865	-0.42082334916163744	-0.27472578349961985	0.572453449936026	-0.18940039887906052	0.1322583388365199	0.03032484460942391	0.32522262480748726	-0.057801080966419366	-0.08522616236206917	0.4090455399359134	0.0041702875516803645	0.09128777431282782	0.18871201583442132	0.02188290179716909	-0.2204314858877558	-0.07839290298367646	-0.2748398335641893	-0.9225975997594534	-0.40070078416356586	-0.25580864742583154	0.324968338370497	0.07304600942923836	0.1631347948094944	0.6886411978134	-0.6705518381238128	-1.0688277653339167	0.437942453897373	-0.7075274857973278	-0.8055128397825151	0.5578125405620584	-1.120931309558987	-1.1452012866653956	-0.2305181481384655	-0.6383045761002157	0.044455608224165125	-0.7054766395903592	-0.07294351115179491	0.40239006138172567	0.21296800652181913	0.0007359604346779042	0.3057852665741664	0.36121284966225164
DTXSID1027269	-0.20017034418192145	0.108806918034582	6.716654834112544	-5.552989158799357	-1.6132700053129865	-3.736683137679921	0.8843253983541813	-1.0336141626232525	1.2937189355752547	0.9509358754334429	0.8004738779322194	0.7522706906389909	2.2498930001528836	-2.7882358142233485	-3.3436769949709597	-1.021222174788365	0.01600009238190307	-1.3372691357442332	0.009053495040221958	1.0020248778465206	-0.47962878306929757	0.6856419810865825	0.13685059499971278	0.09266071588032929	-1.1387838172646187	0.5759499714547525	1.4165754878628198	0.548336064010556	0.5868159315747701	1.0284397129913259	1.0548624191809644	-1.150823244104567	0.02743966972027971	-0.2934267195894216	0.10925263046153962	0.5409894304871447	-0.4513511413388923	-0.3020688704736276	-0.27763279887170217	0.5977972251599567	0.3046608710852029	-0.037089542773062346	-0.0829853543512918	0.13336513167327868	0.2082374723895488	-0.28767659304676013	0.4374310072808452	-0.5748139975110949	-0.00928226227551431	-0.568315996374441	0.0685179790886563	-0.3942797957935132	-0.06679904499631902	0.29922999266348776	-0.21892654996483293	0.30058702703091206	-0.1748021364323942	0.1537064693777934	0.25942272010222284	-0.38338090909327366	0.2636773848388329	-0.3350087349423495	-0.3198808418551491	0.5019566014178092	0.10260117402744408	0.984625356835622	-0.4354460680161472	0.26543980211526746	0.0686664014487189	-0.07058538217450123	0.553217481070731	-0.055509175054221496	0.2732624800557497	-0.0703008267417009	0.5906143534201582	0.05970877191918397	0.13511677785484563	0.17685489292953072	0.49164865219912174	-0.5669687439570346	0.8610201269134564	0.3251183707100606	-0.10981890343145864	0.010410402022871659	0.22295683107224332	-0.2518473479027198	-0.016903965627913086	-0.634669954740903	-0.18407564767458018	0.2870724699930874	-0.08140298912594521	-0.3464404673099438	-0.5539737321154207	-0.2588470538315949	0.14935712216259378	0.07117460780061857	-0.13379443386287437	0.3568863786223503	0.28331502985499546	-0.2338747900343518
DTXSID2021789	-4.12058455502966	0.23746754270617837	-2.7343608385273677	2.6043802198551904	1.7113784931873897	-1.0877201374780263	-1.7622714509352713	0.7038979297044942	1.5104506319877045	4.211579896613629	-0.46559092526240964	-1.0103923633945062	-0.5358518134705574	1.8067457993596672	-2.1473259209788176	-2.5392835965772713	0.08154111809822759	-0.2154325588387763	0.8457965039258659	0.6115690437529916	-0.5255340731157306	0.20087678718669594	0.9187217972126707	0.9580796943545155	-1.695713680874713	-0.1695349936325814	-0.7909240080657449	-0.8089070054657271	-0.7817588500385951	0.22170879400639454	0.9300509787568397	-0.42684648781987716	-2.022626387675457	2.472514817832255	0.3113025648604612	-0.9532041629072615	-2.205373495664528	-0.510860088087427	1.2039921521986743	-0.5433584702886773	0.9951026341640292	-1.7098232441667767	-1.4601365077650998	0.5136872662969112	-0.6351678436289531	-0.6902847419826181	-0.4251600811581397	0.7032764060684755	0.19325200205835238	0.9949965335688911	0.3462571669172092	0.7587953521932957	0.2137778298511424	0.38904127999837423	0.13612498476543894	0.8784307793460898	-0.4215132181240597	0.7906765545522395	0.8547369005700596	-0.5985238523476343	-0.15298438835111894	1.1154501467754043	1.8205913518523358	0.13145602305779577	-0.8888298264182892	0.4587390189580212	-1.0721506994258063	-0.7756054241876198	-1.160156881141981	-0.06237151496002246	-1.0023573712943072	1.4950866003493233	-0.3865870449168176	-1.5832387966918908	0.37305554017791753	-0.06935100067775446	1.2000806551350194	0.6716659313629982	0.10393582213327501	0.9576831617188766	-0.9323007659309509	-0.2754292317602607	-0.7168155581950904	-0.9357363784025742	0.7733844454373983	-0.5482111104134342	0.7469761093367823	-0.06940703968894653	-0.32999803331194827	0.5392327174866711	-0.3598449353594286	0.294572386252921	-0.1425472551558468	0.03178962767752009	-0.4125042881787636	0.022748616535567256	0.09060140905628536	-0.013675276485436094	-0.19113783824103445	-0.041292576496784555
DTXSID3036525	7.0155210557809315	-3.3940893463417936	9.594593110616668	5.368708424634341	1.7847761445804096	3.8874894736750267	1.0470360332575759	-1.6725520957731723	-0.698123137276255	2.7536684483613056	-0.3020452071794494	-0.6677936198353005	-0.18069675043863198	-0.6245993305212904	0.8653119068463818	0.06344700351504605	-0.6458543608130201	0.5836507955441925	0.3854188031825042	0.046811428715927965	-0.24452165598697218	0.38865829447891903	-1.9729912151180433	0.38255223700008006	-0.09462530391834824	0.4653210062454565	-0.25264305869323644	0.5416700489109676	0.4395230408845414	-0.3426814223218199	0.39645144061349036	-0.2786833091074312	-1.035787913285136	-0.7115160041887519	1.0982921634023384	0.9783110396204903	-0.6793359002146642	0.8443205238335991	0.9203996073850286	0.6982283261427791	-0.13501004337453712	0.4200874493905419	-0.05278920488530278	-0.504336667402948	-0.03078500342908757	0.3756736996933477	-0.3577673975875061	0.6995412481074635	0.30519045617250473	0.11969345141520797	-0.002584392078112295	0.5427837314259238	-0.16231251602001714	0.03263583881789794	-0.1798319134980449	-0.8491655490617974	0.07212567654831512	-0.16916747341948907	0.18470780031678463	0.18311966580323188	-0.29114379063504797	-0.7664382963257457	-0.2834141040651043	-2.0308097204684596	0.5993403568732938	-0.07603879046179739	0.4843279952898199	-0.35866630182194137	-0.6740967275527066	-1.6419719748300556	0.02070242089667756	-0.2935427421480697	-1.1175234069707507	0.26137762305358203	-0.9686032546254351	0.05303410018793178	0.6286117335180004	-0.29399796233742065	-0.10489781146447485	-0.38804551730183534	-0.8367053787311881	-0.31293463357385204	-0.1651436014110878	0.017958132533082642	-0.1034206156337439	0.21311318139147925	-0.3130169005165045	-0.0003180053796008555	-0.24483395580433742	0.03164307168134886	-0.262322763141968	-0.5250432565534976	-0.5695215043405426	0.5288689549249207	-0.10165874516649921	-0.08573314402732626	-0.06830119906118885	-0.08190478750519055	-0.24515940870717942	0.10032897082582151
DTXSID1022130	-4.336896361473965	0.5111996455389995	0.21004537155099906	0.2928532440281448	-0.06972416293465082	2.225628950107051	-1.182217712039246	2.2628649148931803	-1.026738596558508	-1.2341163976010652	-0.02933824107975729	0.552382211125399	0.4153270612932222	0.3241353246177738	-1.376160348119915	-0.391621444126288	0.19606470174731205	-0.4532180171866135	-0.6985617131633151	-0.29215238500591545	0.974573379897774	-0.7025420950424095	1.6281749826977159	0.5186968728132905	-0.48885364793593356	-0.540306635995535	-0.2261664330422946	-0.7353109486687012	0.01740466672174476	-0.4393069030747501	0.8492349469673364	0.4532092057544361	0.14128142426570872	-0.4764960354156691	-0.6181117791509161	-0.5269320355485987	1.6031625138940375	-0.6848622803119787	0.7279253717653725	0.3611073061386231	-2.090790789681003	0.5688182340281736	0.17519227694953596	1.640694837908667	2.1809638003264173	0.2574610565662773	-1.9168329195973686	1.7353548332692466	0.9312062868312224	-0.6278315296572794	-0.2670999364778112	1.5765171014445785	-1.723348289301795	-0.004631771981586451	0.004428033502457997	-0.6089173863699407	-1.776976583310213	0.9329803101004525	-0.3858611380542345	-0.4054222516049445	-0.1484913047004595	-0.6557093368207275	0.5998852702222957	-0.4030998759606841	1.2073057685548045	-0.1981984439530996	-1.2391074683670014	0.9969960533582432	-0.0031416392192197464	0.0075279770705932135	-0.35929582356801254	0.6779965252088529	-0.3300712418480645	-0.03511878047963823	0.44014477386170714	1.2103427083932665	0.7316285519717097	0.4890011480488617	-0.07518734178205257	0.3095421709175428	0.436184908594689	0.18249061905480088	-0.04623659866189669	0.3396572669189545	0.010279496234303331	0.05511321809365378	-0.17665565693539298	0.1366858299295428	0.19235040683648824	0.18731529544753536	0.401015245635448	0.1698349707404673	-0.28657518714317376	-0.20719541297641123	0.4530176523732706	0.043511748115325766	-0.479829596390208	-0.3342133926693367	-0.1558376181417553	0.011252585470649298
DTXSID6049309	-3.0367995599865365	0.1550278451201059	-0.14650930294079334	0.7451413750915195	-1.557834500775767	-0.9780380376293719	-0.4219316098441517	-0.04498625513820253	0.9823314054689872	0.6992201426790524	0.8361832912333398	0.030411122048146576	-0.5761473995638299	0.8832145129047712	1.1643896472676092	0.7934803491783105	-1.0489583047529847	0.6935037006033677	-0.9520464719252444	-0.7190878211228269	-0.35830660718531565	-0.4060243594552043	0.09760917378727714	-0.24596466220029783	-0.0886065804594124	-0.044535232677532476	0.4521329457444028	0.21503195768604452	-0.10749598945712827	0.10029919297624158	0.24361992573868418	-0.23786259034917406	-0.07649488236688039	-0.7404307077811676	-0.13540403108255603	-0.04213909559078166	-0.7876471566629446	-0.09520302501187182	0.3131526387050126	0.257884592841561	0.11418578202434228	0.40368265085408533	0.01733439187461342	0.6794948896634567	0.10764847952809063	0.03272239420533159	0.6247715529855176	0.05436219908601744	-0.13787026256005186	-0.015108416134371234	0.1273804183392914	0.09292118287788405	0.47514626757115963	-0.050382190887478424	0.07813679239219071	-0.990324712486688	0.08014338450759786	-0.14260696437671194	-0.02732600467509428	0.1464150796799897	0.32993171884919986	-0.3444405128066826	-0.8432796861964865	0.5010537288690575	0.2019342091427045	-0.0479081042200071	0.4566658764174391	0.2693575309208566	-0.24610792970403655	-0.1244010649131327	-0.6521323626758253	-0.002980570720998865	0.2696121589419302	0.0964356687995993	-0.026760699745621487	0.9321196878076259	-0.030264431306467235	0.47306277823371234	0.0749831755000851	0.4902863771720995	0.09703646670350807	-0.012153402519450747	0.6713448072007766	-0.8204751273430658	-0.20715058359713814	0.062343423822424936	0.420692610786952	-0.894911016883611	-0.23024180243014858	-0.7866255184780597	0.23771384906076928	-0.5021696142303829	-0.14195373132017514	0.3756800998073075	-0.19460417759910065	-0.2599074549064195	-0.02323776336205869	-0.05484334536809257	-0.3317966587949121	0.11390229891969081
DTXSID9034997	8.686990936137006	1.6874603418178646	9.547286882170994	-9.568155518776003	-2.5606717120972307	-5.72041456699587	2.0091187739168266	-0.007829753563035408	0.2722066469475338	2.0883061682083737	0.13499390619857596	1.2447991917243049	2.2561700518808223	-3.425155347426489	-3.1851799209919056	-1.2372197603860853	-0.48650173386306367	-1.0563292519660457	0.07076235678436957	0.9791621534514814	0.18984714317051166	0.18512900066564142	-0.46960780514612416	0.08188569853553858	-1.7703964636295926	0.28340317145944416	1.284625711739178	0.09689747590440786	0.375563371342572	1.5546219463211444	2.1886184387215746	-2.341401466144624	-0.14121767408238403	0.233084163658906	-0.8254800307506448	1.4860465737934974	-1.1784737016156945	0.42633004598408164	-0.300887104614928	0.8731839221197957	0.10260993297069558	-0.08207673100944309	-0.13357511087131577	0.19449746335997756	0.13344925341259375	-0.3238918130393355	0.6362669645500107	-0.2257453912526298	-0.11379343719457459	-0.6534740152876876	-0.17999032317709668	-0.3022834027843827	-0.4616939672973669	0.1389907349579454	-0.313228318733	0.6766397832234167	-0.2707970244114936	0.3465959878850975	-0.15080085951742295	-0.6174346284043327	0.9389432358870355	-0.6751391652145058	0.03592715100227603	0.16859247156469778	0.23710783794325258	0.4705188944700135	-1.3987746962493455	1.1054034949428677	-0.34055417024874113	-0.16638471902160315	-0.6076319791125341	0.16026805199113214	-0.46534794592427275	-0.7064860070009683	1.7339110717203277	-0.4825671660416653	-0.17019064010334356	-0.004768417247969027	0.12993646608821102	-1.3976887578227326	0.028427456044232323	0.13793607690047488	-1.1229035694134175	-0.13454135323009359	0.9101601174697806	0.6011628794986302	0.6688069157348951	-1.1680257774287426	-0.14374216635230483	-0.7944391946586665	-1.4672717503053938	-1.0587956028543926	0.8691431230087855	-0.28233510295220193	0.8730467385958914	-0.04496668696799074	0.4015599593688537	0.6902943837860408	1.1164056195525096	0.005781458174176113
DTXSID3044918	-1.5324647544995331	2.4875058742318243	0.813972187913567	-0.9977267410804977	-2.6006085559077854	2.447418108959287	-0.09305792551554073	2.144458311841044	-0.6678235728668431	-0.47323428396619077	-0.6520691073432083	0.08157445404848282	0.26456947049255736	-0.3640307496628106	0.551916860065489	-0.16819051027874174	0.3179951836565934	0.11211366726941613	0.059841213745146025	-1.1329141488664713	0.12194325181556474	-0.7728298440720598	0.7316375463221775	0.4371410570516952	-0.06407789703838766	-0.618269901499405	0.20490644680216513	-0.0677340884000235	-0.33618595121087763	0.33574795420127446	-0.1722490768089549	0.12030499068664165	1.2389960723820408	0.11318756427294563	0.05151766005403643	-0.26160999986431543	0.4959642385932225	-0.7145048801692347	0.2455410944989806	-0.7733016433479444	0.263288577215049	0.2475635994781054	0.16376464935092372	-0.3446461750992132	-0.3151709877648837	-0.24318175398420808	-0.5669466434644665	0.49441553001004096	0.043167412337036117	0.24863934724960082	-0.02786382183802722	0.031203097405342654	0.37116010406865474	0.02646132444307977	0.4593519800033087	0.3042642347992838	0.9040939050520327	-0.17479019264689344	0.1730043714904142	0.6425642092375036	-0.6850302955161707	0.13267939589702368	-0.3748724253394109	-0.6677312499868217	-0.1873477285826166	0.27289704404839354	0.6975695464840168	0.27723866096976535	-0.8883654486948817	0.15224596381198838	0.19348766317417926	-0.0032306335371807323	-0.828722916625446	0.22446109859488347	-1.1942670585811186	0.24493919429216213	-0.6978816669121206	0.6496337047257323	-1.1953888238741315	0.2503780005442836	-1.1166273001533995	-1.469316078601797	-1.061865769347545	-0.410019288560659	0.4913969674587655	1.154756441375042	-0.23892555478466782	0.21128678879293883	-0.07318095194305298	-0.1665434677063613	0.11187222353348064	0.14061816129849103	0.40334004249086347	-0.11748599167634916	0.888783494461657	0.08118066646868893	0.5672009919026447	0.8261733746377287	0.3240968469831621	-0.2823909261792082
DTXSID4049244	6.6512866188654876	0.051334473568271005	4.07716409297619	-7.1467642919280925	-1.2273369809150791	-2.6022982695322048	1.080020806784	0.9709986475720719	-1.4112714776903017	1.1398955567587792	-2.059642769849912	2.092723867566036	-1.126910458426554	-1.7702184729120771	-1.2752963713561432	0.6076961486272494	2.3635985202985497	9.74938094553052	1.8798372612738112	4.565682564790341	-0.8189054539238947	2.706814334741124	1.9435571996548575	-0.8058807415349658	-0.5899646991976463	-0.3702164620057803	-2.4076658630789693	1.6336756621892758	-1.1644676661155111	0.39936592660165593	1.2377244939410827	0.6299414973144657	1.3583101129199133	0.3707172430314278	-1.6558807553471422	1.0040140070225596	-1.3673002112476254	0.21372099565866742	-0.12684063806042012	0.6505260536255094	0.5270115967231837	-0.051482247556977896	-0.42252164533765973	-0.04855977089656945	-0.05664855524065546	-0.024310359803379433	-0.25631966515572807	0.0630314334893926	-0.046947432921254174	-0.6257417597944261	-0.286046989643796	-0.18971641109138995	-0.4777641253071769	0.17245262518081844	0.27195212040532285	0.10246893363879975	0.13853167953020637	0.4316850043704115	-0.34780840238654187	-0.6638632581365354	0.9514349354071528	-0.024804932185579023	-0.222945662858286	0.4352599031952826	-0.07134252263564299	-0.3816962288638438	-0.2688253491898914	0.6609092118015104	0.7099130765564392	-0.17766082256829574	-1.1555983777245944	0.03301422839421722	-0.8278683040192165	0.025139137633020812	0.8825778330312559	-0.7063648225982061	0.35421070583749087	1.229987099586358	-0.1325395045923166	-1.2266924653613736	-1.0027418235491636	-0.18012663003053672	-1.1648929747147219	0.0885853038679275	0.676806035177686	0.667623114246125	0.9814733006586543	-1.1913137494140233	-0.7974882413382016	-0.3474851894155582	-1.6076247676159083	-1.1700135691479874	1.2141831906449336	-0.5516251192150214	0.305744967007873	0.5411508016693304	-0.04253457320044492	0.6111288352078078	0.6255496106754794	0.11729106024922553
DTXSID7025215	10.834133315530062	3.425671165186388	7.646448933861233	-7.923391350685208	0.2329318947053016	-7.148858781622235	-0.4523701378444296	0.2213462495808706	0.3533545466949815	-1.2422400462564376	0.6998295151830154	1.6916526312784335	1.6159813492191377	-0.10445087759244716	-5.42757531743488	-1.9712058932210965	0.6344737409392374	-2.488384262968645	0.9680276629169482	0.6499324542293691	0.5216714211968335	0.9640599045463704	0.028348907521352048	0.15731925229810734	-1.919520789668504	0.6083353881288986	0.09098693652712574	0.5568057459960712	0.6780399288446772	0.46868042028234874	0.645829787640832	-1.2586207442214112	-0.8079375080902428	-1.0424567136330678	-0.004701304982273448	0.9000988609277031	-0.5618086863819595	0.6613214343494291	-0.15743603213716922	0.8617484776793565	0.0806549763458272	-0.020668297973918198	-0.17422197407720297	0.10268601507900936	-0.1051733776048576	-0.18876233052767352	0.4454432488304024	0.09978727741778778	-0.14035816731771003	-0.18242764660682617	-0.12256136021845591	0.2127877496297492	-0.09397879649085089	-0.13515800775617146	-0.34308570958280776	0.5126142181391556	-0.5546695623875382	0.3427288916730986	-0.27370940221929524	-0.8919055121365016	0.3914663272218827	-0.3812632432959605	0.22299605459016505	0.11280799841775971	0.3954113549543253	-0.5815792231074657	-0.0999536747273517	0.26047069093456576	0.034717601236436024	0.1967919513607703	0.8304775691847445	0.12931254029727624	-0.13837576507773253	0.17591846924387053	-0.9312500822471471	-0.011789885190141083	-0.016208453027271297	-0.6429569981500065	-0.2954931213110211	-0.39100431951949066	0.28843798304499096	0.3920358293439195	-0.699720413722932	-0.5014200893048715	0.774179261430254	-0.07367009052382291	0.29389397718004884	-0.17884281642100158	0.36562453558571983	0.013745005257897418	-0.9612104816902493	0.600615519848642	-0.3582941660916832	-0.026931756449053105	0.42358179405083574	0.5814608944949455	-1.047516054691837	0.21611848626611962	-0.0399474794335637	-0.6100900052974015
DTXSID0046434	9.042380836483666	2.125046664574849	-1.1139366509245217	1.199524470059095	1.7000469699468663	-4.250867737796413	5.471829079661113	1.7278006644594877	0.5015220919286705	-3.006659691654088	-1.7495669139232701	0.41582253662556085	-0.3509874592289755	0.8967992541330927	3.57609542049496	-1.3106848574189074	-1.574011534882675	-0.4512593358681827	-0.969633612006445	4.877237050308669	1.2507449481754291	-1.8643388259491842	3.1322511448807098	1.3751969094085184	0.5911209713237313	-1.104195873950365	-1.3593426832295903	-0.652898450319477	0.137399926306771	-1.2432530899495469	2.197175100091855	-1.3655074286024151	-3.5982651744822434	2.751308643182094	1.1649327245886778	1.4278704148584145	3.506900520963532	-0.7982573777469587	1.3236392554293865	-1.187841014415165	1.6717046691511475	2.5180789230324376	2.95808933900848	1.724690497257349	1.7835929628338998	0.17179781148743845	0.48140475854317394	-0.8916045331959767	-0.5592574217608434	-0.2971061864225549	0.07587385147532044	-1.3716126183823483	1.0197286601316444	0.08838192767357335	-0.37339172509271834	-0.6828208091391078	0.8920390435178652	-1.5483758127649476	-0.03487672637061483	-0.038522747739225094	0.2042673412347719	1.5122541684157773	-3.6026715064719994	-0.4302436092834756	-4.613546063977717	-2.1836805101964236	-1.0763339948165547	0.43398091627396196	-0.8591049743507271	-1.5305022314652887	1.3343071299920328	1.4032700544866212	0.4995227230274724	-0.9084901065423441	0.3325824927104589	0.9881964119157203	-2.258002330257396	-0.5728874489830693	0.010922892491020741	0.2569167794782234	0.9797285651241917	-0.5340876835092222	0.8530413158965651	2.2884631034650016	0.022501220111803198	0.7632263682807483	-1.4591257123362646	0.2528111255035775	-0.3773278038168754	-0.19603641280534792	-0.9560880249556315	-0.4398943574009018	0.5546542677275531	-0.7551274996124807	0.21006183880485443	0.41888828326957367	1.1333931070745882	0.7077739484913527	-0.15541979766236938	-0.21661499346412671
DTXSID0049028	-1.780332085648295	-0.9136277618243723	-1.7505624603717993	0.848646606903343	-2.7454119160199033	0.5232221734733707	-1.6476838969710128	0.8171323971632731	-0.8558230577267669	-0.5914821096564176	-0.5207136464968246	0.25938668946132065	0.6732773481798557	1.0092695530339495	-0.3589865130559784	0.25828639043244134	0.8210191236218453	0.8661273247995188	-0.0926361702400725	-0.8664623848372043	0.1837783601757813	-1.0940064992980083	-0.1253291044566346	1.2375874786691325	-1.5352885308840378	-0.09643830165059801	0.8717654690199839	-0.591466385283935	0.4660515174070555	-0.4319975399905985	0.8818234872838913	-0.2380041476636739	0.045033153287028005	-0.48198951554055974	0.06538722354567739	0.029625853122375666	0.15643756817398488	0.3946571704976435	-0.16856177123827232	-0.8405910638032428	0.47867213675697773	0.5220923861208439	-0.04038352680131411	0.17399656595993457	-0.18592069090375032	0.5257516562653028	0.21578549246513457	-0.11825298893174499	-0.18112029229116025	-0.0870107481452342	-0.145810869636166	0.006005126943469622	-0.08765500249478293	-0.02157832050877461	-0.400647673592516	-0.1371242816041815	0.30182396908697195	-0.1271409498964133	-0.7612285235376679	0.5304008426031847	-0.47781645992775046	-0.19826250917858954	0.05191373703791355	-0.33096648083691327	-0.6506073327923937	-0.1654009275389149	-0.21232035535597726	0.5273296415545101	-0.9853850198753717	-0.5776700446921136	0.5060815107945139	-0.17864794444434293	-0.011932644314396727	-0.06278404049778202	0.015250591653093755	0.2628368893762783	-0.3764815458128742	0.13866712159368816	0.01811372128463031	0.4398588616899735	-0.3166500212097087	0.8678843535151867	0.13897659243178068	0.07440963807929771	-0.06587358412591571	0.31016897614513894	0.6103784615260838	0.058883788840937354	-0.05272836140311532	-0.2746777503776499	0.5940401777402543	-0.611682549242123	-0.16588845094491544	0.5042066591958407	-0.3251140634257524	-0.11666518058196218	0.6412488094744393	0.25319910675706414	0.5570238450199221	0.2412823118322387
DTXSID5046564	-3.1911336969033424	0.2590939390906299	0.3533440650829844	0.38632320766642625	0.4480660505184867	-0.6282297883872445	-1.8134184901595571	-0.903903358778399	-0.5363654344194366	-0.9707111279087409	2.8449772051681532	-1.3294708445982197	1.1850967725769093	-0.32966727242289195	1.2404815410073247	-1.6115497687075135	1.6929627577829938	0.6768290728022289	-0.3180394292824786	-0.1859712650271834	0.5245147170954712	-0.4475650741119675	-0.14791532551784672	0.7752567328539858	0.19865620199266387	-0.3412163031510865	-0.41740252891716556	-0.10636629311163996	0.153123060786845	-0.07400480485212606	-0.3464352268724326	0.1764789816410641	-0.035693388567969886	-0.931296943478827	-0.07620845139618872	1.6627255571169262	-0.5750066000363668	0.5564134924236098	-0.9187040278390346	0.05670041461078821	0.389408966565609	-0.30924767741670967	1.1283705283266963	-0.5464699820245306	-0.6213522786631674	-0.017614599889305287	-0.46011769354825954	0.7945390899683921	-0.16601622063954918	-0.12910168975181374	0.10594823118696284	0.6717079480686716	0.22522511142203083	0.2348086554897961	0.20983191041944768	0.3293302078942494	-0.675733015278904	1.132695442780616	0.4232158531598507	-0.3544756216905139	1.0746933815875037	1.231709396358138	-0.560599821424781	-0.14270599972105166	0.3489591930053661	0.11857344041815267	0.5363736463317642	-0.017556755336898544	-0.4619036662788868	0.1445795846040495	-0.03988732664954209	-0.16448716197066401	-0.17289727308429115	0.10143981328029031	0.40689613777563827	-0.0859744214468322	-0.22754465696031376	-0.11231869497721896	0.14320485406263286	0.06088287108913755	-0.020598797514028537	-0.1123534448257372	-0.09503511387059088	-0.13982948691388378	-0.004589967469890577	-0.1361924882911268	0.195277662924574	0.6823073929286033	0.7425293301603337	-0.07293296897924845	0.12315863041035828	-0.14803199409325585	0.02047186355009772	0.06144589536783855	0.008006028199623979	0.13023252698867893	0.330621678420023	0.06954369424733302	-0.24045774634641634	0.19798057422708454
DTXSID20337446	6.018608304920642	-1.257088949409736	-6.1773629696175885	-16.601459668455153	3.694694533566698	15.325618956787133	1.814779228361377	-5.988282242210836	11.453550127071763	-0.357263992742479	5.340924740968202	-1.0799925266364672	5.189733967813159	8.882675354724569	0.3138204949828722	3.5663863399004803	-4.036639938058584	-0.8185295952036118	4.01736108306643	-2.0382748728619506	-3.775470529601432	1.8856075867668853	2.703637019795963	-1.6476241645972116	0.1047167339508105	-0.0793549811725055	-1.9840740969337631	0.03554559086936007	0.4365598986233214	-0.5494295680623321	1.1293624843764996	-1.7109282807695245	-0.7339007470329629	0.8289195603090381	-0.5578349978661546	0.7475333892329526	0.5445757864887345	-0.3358662717407316	0.4435221800677374	-1.1183056195771777	1.2530446833012057	3.9305650113565624	-0.5394944504981676	-0.3204595242746296	-2.3972055099100156	-2.434812952697475	1.1019083142029575	1.3655066469980464	0.2713530823940086	2.1439905308980083	0.24295841076642205	1.8155662582862784	-1.504804504694147	1.4895413584046986	0.1599260734274887	2.130250844213004	0.00421514067766691	0.7819379403768894	-1.543307355558055	0.6786774653843158	0.4331054369007666	0.8204012210363487	-1.0243442418792337	-0.9016340980613838	0.7639502731534871	-0.6645023918268951	0.004443879515479671	-0.03259364185893485	-0.3256834304631788	-1.2588490752274604	-0.46431574097837885	-0.25740340585055377	-0.31737311534288676	1.0041947698609806	2.0316646897008948	-0.5678547377878647	0.839293776626433	-0.06705595937402162	0.5908886930976354	-0.7963083349540627	0.012094015719244247	0.9135586275675057	0.09892888922417245	0.5908854813252056	-0.7853984412858973	-0.40817069910955794	-0.07245733703507634	-0.918926263374352	0.5660943490908614	-0.6725208658489759	-0.586524551209005	0.483305065618829	0.13371240475677654	-0.5849213760822684	0.42774068296847995	0.22559256849783837	-0.4543638119185072	-0.5316678239221525	0.4632138428669116	0.1901227507354435
DTXSID8049335	2.0391973702623165	0.1381215875586774	-0.7150974828630839	-4.499698043817369	0.387655496967	1.2295135208882944	3.3382735307112275	-2.8943914838972455	1.1003059998763338	-1.753889143038095	0.5502157128781966	-0.4679821630823897	0.5123770268921503	-0.5986239966223319	-1.423260023542311	-0.08998242349245147	0.562943505810302	-0.19260482540123955	-1.9416018107007829	0.9438925581909811	-0.8120055616079381	-0.8300780384885149	0.7767174191234358	0.11498088880936505	1.5406033388899296	-1.9856332987227785	0.5310127228340513	0.37035595398514554	0.8046548329053262	-0.13038373693080776	1.0817157382144016	-0.3419517820092457	0.24129518302559097	0.2958317696891848	-0.14283499315544082	-1.1410443972985018	0.5963285716266558	0.22341491856534038	-0.5707917339913986	0.04970003096118762	0.006093993029125527	-0.9684958724647061	1.0042358679426278	0.3389832365006871	-0.9377774058924179	-0.0500901621591096	0.734073166380609	0.16753626564201624	0.8958570259008334	0.5368828140183232	0.3275604074055502	-0.003920744955949	-0.09726888838311244	-0.2671872579508492	0.38961679838429764	-0.14504423335672048	0.43094855445201663	-0.9722930597964734	0.356199797877436	-1.1063881007692946	-0.16494386797209726	-0.7699126740389093	0.8561504752755714	-0.6113543016180133	-0.05464686923986834	0.914286475755852	0.3194079094440636	0.7320225516662346	0.19951311533190788	0.7513097491314938	-0.4076675250890689	0.5135043671893944	0.42699869745090246	-0.8845044653070441	-0.49816953525589924	0.47233643610065296	-0.32098574336347013	0.3124980920991953	-0.23506750164271373	1.094005922266835	2.1817580809727013	-0.6060537829078608	1.04615884856967	-0.08005870550487641	0.23053193189115845	-0.24905402700667956	0.35155942469459245	0.7040213913303816	0.5638442271876989	0.7610257743955059	-0.6509152939007372	-1.2556328633674407	-0.03360107884931266	0.9507528636880097	0.5907038669788555	1.0066308474464245	-0.5048651112227915	-0.014442023250152203	-0.6415710955810718	0.25435064153882514
DTXSID8035186	-4.948317286104647	-2.429007967091023	2.5053109876011517	1.1649734307187112	1.410624564786539	0.6052574892064593	-0.5150033144887296	-0.6645166959181649	-0.08808586940782118	-0.41191588266558293	-0.18619674289642815	-0.3728708431097144	-0.27410576532091	0.4327371713100872	-0.5231094845062814	0.12077696509051997	-0.03284915112324672	-0.05997540852023452	-0.6674593991973435	0.2260707731415862	0.27812085095285966	-0.244151953438549	1.2435355092365432	-0.08316998993494994	0.27504026494622164	0.07513716219444658	0.538548292501597	-0.1371328961940904	-0.06180402686283788	0.35621517962127397	0.563677542695388	0.17776791242641732	0.4445405277481939	-0.3026535114192289	-0.47324145705220116	-0.3627579357084765	0.6326941250518957	-0.42568517066046757	0.0190797015738048	0.1945233271787931	-0.034167405129717464	-0.30282385878466395	0.0056196259860331835	-0.09658918406063115	0.268762742952847	-0.29697378321869583	-0.06514735935690459	0.1489280036893683	0.0668044247053089	0.30706368398642925	0.022540088568789113	-0.0282473186770015	0.06766156182028792	-0.04026995466771838	0.3603046378080046	-0.1063323747597905	0.31349922012730674	-0.24324025973138877	0.24455584465966132	0.23606625923351318	0.019425646504480195	-0.0884629144157145	-0.0699285488448936	0.3029399234144836	-0.29863678747260125	0.33119131918043393	0.9636234223443385	-0.8797164352607286	-0.1336159281773507	-0.20048768592930993	0.12918098227380254	-0.24062028617267414	-0.283289226027741	0.035409668651161554	0.3187125552923855	-0.5224201151314081	-0.067637477591462	-0.11173825200602815	0.0401884219786522	0.1336830253267242	0.14321787026680105	-0.14493766780542267	-0.19715360278555893	-0.5342036586379515	-0.11602448792370366	-0.03301035003734635	0.845909111934344	0.38743622072563216	0.4413220310120299	-0.2429139452087328	0.28010449499685613	-0.13066579577402304	-0.47689569459219666	-0.3986090552218073	0.3748806007948275	0.09384807934832393	-0.10212186107183241	-0.2272180265335916	-0.08410159492055806	0.08124867819090079
DTXSID0046727	12.728019591074514	1.601638837111608	-7.057187877990659	-3.1541130809063818	6.1400655762375305	-3.7333728381828895	-4.1802149526632	-0.7226824212527526	-2.411997337813506	1.4884617407450447	-0.16427423223285925	-1.9363276640817206	-1.3483718060999932	-1.6953278076995826	0.8255295539044873	-0.26781556438585	1.2961582095176094	-0.2014900193691977	1.296681195264762	-0.7003341396345144	2.656611882072142	-0.5658505860275524	0.3534669137508259	1.9083924713639122	0.28950794909200667	-0.3785178284623978	0.6035116326667969	1.473663559031535	-0.24524754861116424	0.47382637125638877	-0.19017471007174014	-0.43040663983688604	1.5341776910120113	0.053338502049760074	1.4454214984909022	-0.1648283349485433	-0.506996606431346	-0.5366879430397232	-0.09464123237928579	-0.9275655637576753	0.1894511834296515	0.20731434346593117	0.050584279536116404	-0.08242370216241636	0.3343894033673849	-0.09170527700452837	-0.8803785849067578	-0.788570501812769	-0.3258774173498576	0.01776804574098028	-0.13364982646730697	-1.0064968459661814	0.5741549341384472	0.21150538856758433	-0.854545268463627	0.7274885838499241	0.35547586522254104	-0.8696470405477971	-0.04140430628395891	0.2978466327567521	-2.013428635665822	-0.9572435912505312	1.5069482036787079	-0.16014326182965644	0.014965556241953731	-1.2209069211618104	-0.9581904002930954	1.0871753429192812	0.02395057988796138	-0.5474415388687542	0.2167143456371977	0.1307965485587965	-0.3362704127923359	-1.1399102302220794	-0.4706193659342899	-1.5108244893916933	0.4543317470778334	2.3131402081348136	0.10602417861019743	-0.3764503860813429	-2.0233809354688024	0.9887831397047275	-0.7550691976570003	0.8833898326869108	-0.7376693562540313	-0.23413614410054864	0.8804680339622077	-2.5298217250998762	-1.4811602232344085	0.34546244659319475	-0.7335979437676609	-0.012616936136715922	1.9563511262822129	-2.5645705494441122	-0.21676455455665355	-0.46201278878899543	-0.7178335559014714	-1.0191438032456146	0.26262580749291126	-0.3611387894745236
DTXSID6020777	4.0567998282602975	0.05788174016217993	1.4126494220688968	1.4867240430931117	0.028373945707814083	-0.4746559733077819	-0.28219663959252106	0.7378149121044054	-0.882524703188928	0.4640006977725019	-0.788352746482171	-0.35574784236885004	0.2910769804133076	1.6159801334074682	1.059402993084832	1.9947651487710154	-1.5928509753711133	1.481110124577103	-1.6821646697961334	-0.6304304461630658	0.7742982227575383	-1.7195819203760938	2.38145287369116	0.022019115951734898	-0.18888934007073763	0.9899094634032038	1.461637537609057	-1.4620492262938025	0.19270001127873243	-1.1040348056087572	-0.06379430028765037	-0.9640870412854295	0.09447218852256424	-3.6817617110620366	1.4087397674462985	1.923326500024326	2.9905169747295184	2.341483977107635	2.899011964984131	-5.1492075610582555	2.881900391847877	-1.732205421920759	-1.0152802694824452	0.9630292201189997	-1.4124052744486895	1.175680106541465	0.3188239560596547	0.08557761546360827	-2.289318408697429	-1.438301646400696	-1.5355709745174069	-3.25781218530259	-1.2531821453357	1.284198035705004	5.012005782151114	3.8209423413988493	0.8813160622080882	-0.7300802160186727	1.4440165303467676	-4.378191628981425	-3.553824309161898	-1.4855630790818908	-3.1905606557458057	-0.33385721578256883	4.739256057546148	1.8301534245652848	-1.5141822934512736	-3.035447607176321	0.5976090535733017	0.4081014986890075	-0.6634530884399789	0.506872021968103	-0.7627779878501558	0.00637159689015338	-1.005060949823763	0.7560785784487158	0.5243175718193239	0.8218595229650766	0.15838939063571206	-1.474412066670767	-1.1996806136015152	-1.2853662902250205	0.4621742566650444	0.18638789212036935	-0.7241930893527985	-1.2973848927662848	0.6194975097665432	0.5873891606450253	-0.11041524195781174	-0.1237839873909949	0.8628451449457327	-0.5897105153452197	-0.5539213222306023	0.5546171439071637	0.060737854430612914	0.03305378665650421	0.11087853810782224	-0.16959539291409484	0.6036241716539232	0.15361819972515525
DTXSID8035180	4.635601343795404	-1.2177100923631403	5.962488311052285	1.6968709160513928	3.1034009889713587	0.7373722574922511	-0.6203493239179568	-0.20809307438277816	-1.07914527934107	-0.6124904030343313	-0.46213243939909787	-0.376731880551637	-1.5411579435949734	1.3990609503315639	-0.5208471963696908	0.4157628849988031	0.5404739936706193	-0.2676909149258248	0.04782806694943237	-0.4529772368748852	-0.515264270294307	-0.24890291572840484	2.1791400629768662	-0.6599459721677841	0.31510937291642943	0.8534334254563781	1.1322031460200443	-1.0198996883956903	-0.055556673524611466	-0.7016053012021269	-0.8558563139367552	1.908785478966746	0.7385676057068032	1.096414984433648	-0.6202248609401033	-0.20918562666117949	0.4076078337774769	-0.15351310540306412	-2.1331155972635485	-2.0990383635283703	0.9612475388334295	-0.44132480086370757	-0.01670046369770198	-0.9701502023379346	0.14021033565718777	-0.5722477566192478	-0.46524044430289985	-0.563128357171501	-0.3655155516533353	-0.4952069053930195	-0.17085688453521375	-0.747018774152492	0.1484651898362952	-0.20406549574077587	-0.2869170915849183	0.6099307821422814	0.33122567219224736	0.5198269987871196	0.22485203868725906	0.18483962582707342	-1.0279349070987978	0.3102789215539075	0.4007830843691341	-0.5097497270039114	-1.0653812357407728	-0.2290339652150382	-0.018637544463191096	-0.5970485481000409	1.3280018996137641	-0.23584302903388074	-1.1514486724383488	-1.0855519566540042	1.8005253370721646	-0.3089822960733227	0.49052594517368364	-0.5226516409586012	-0.720751172202013	-0.06122786367590152	-0.07006398272117055	0.3605476830339095	-0.2223563173777587	1.0995158953388193	0.2983977544533501	0.9108451280397603	-0.18159737611680365	0.2122574091944706	0.12463069944217334	-0.7735293011855465	0.0015906156090162403	-0.37249008206236145	0.3198347184396902	-0.24235372706154754	-0.4689559947749643	-0.3694759738461391	-0.5691232455136245	-0.5912342677414936	0.14699136291030693	0.2640275526640237	-0.3699315290873998	-0.4059632147391176
DTXSID6021246	3.2843412961235057	6.25479103576558	-0.5174060842398568	3.2474678056652975	-1.7800280740682897	-0.60480322906703	-0.11365947273145123	-0.13012587494654446	0.5495344467106437	7.762825415858317	1.6689711193084114	-1.146851552125536	-0.5134955892103238	2.70857435998091	-1.381839447978103	-0.0012696978351279305	1.1081873691237558	-1.629010773680345	0.9494719203669058	0.40146642393007226	-1.0554814082321442	-0.1975075961750715	2.086481843333036	-0.3821986778335093	0.3941141530033987	0.30846174023490475	-0.3110078499427944	-0.9010308827979581	-0.7070805420206061	0.22448715698454344	-1.800786919056854	1.0890435543264578	1.3086996128970654	0.12604355488908364	-0.8946616762939014	-0.19682986421504609	0.7093128568857057	-0.5076031564850499	-0.8375179173510543	0.13623365199851778	0.662478414121298	-0.996122476994709	1.7289988045854578	1.1706764054318959	0.9712617447657778	-1.372109251925869	-0.15980986553774928	-0.2546835602194829	-0.2342266067119946	-0.11588442121779083	-0.14001092370064855	-0.5549910335619369	0.7958095847508558	-0.5502790335970354	-0.24992835279641037	0.4482020502404694	-0.4364225148630508	-0.7237681875755797	1.1881554406905372	-0.5181668005491141	-0.14116837777650754	0.30310846019266413	-1.1018915192575682	2.0521972102182873	-0.5148715144454802	-0.30152029432426997	1.9038196055252568	-0.5494354033516001	0.570934866602775	-0.9635024180029107	-0.08835138637776323	-1.7764050705664947	-0.6079478854713406	0.5727545105524178	1.8983196290852002	-0.7444784299208485	0.6025612150005218	-0.8534526225560444	0.01446249761428364	-0.12501002558077345	-0.3240840651121256	0.7173277666644345	-0.5306780411882831	-0.03266621752153365	-0.20764341725279264	0.29634532194818214	0.8713827853837406	0.3661228617102556	0.13144201455207885	-0.6175255653542562	0.9070469703100443	-0.06211515339596426	-0.8283295948285907	-0.21888537214698195	0.5146197330956883	0.6383824057507433	0.7346754377081922	-0.3405836841369313	-0.1758019089091278	-0.39776043903799785
DTXSID4042206	2.0096624977680655	-1.003332999810993	5.0718136448553315	-3.0159388241062675	0.5160456189126249	-4.060454947739458	2.0672939699872455	1.0824918030235815	2.7965731259566695	-0.13864346361405241	-0.3547271064608913	0.7908880998981863	1.772579345797679	-1.6674778112872986	0.2875738543453242	-1.7386729651106958	-1.2968987576192266	-1.2959173711219807	-0.410987124963449	3.2783600468977725	1.1508851423165787	0.44264974953965813	1.0802007705018826	0.4002050646723895	-1.0377804901088754	0.796305647536925	0.5476927945914002	-0.3556658859371616	-0.8993344653092082	0.46880918775268693	1.0526317120444315	-1.5166262190447763	-1.1920512871881424	-0.7014199346144124	0.9997206828001352	0.27264798799236206	0.2972362467630309	-0.06359622418245917	0.3698669469146614	0.5110026572939699	0.4503885369230553	0.37274885468692665	-0.8304351573597469	0.34152331663390234	0.6099118578153642	-0.21171391033530543	0.6827189271470261	-0.3415474603727893	0.08234882131380353	-0.0005728998082578484	0.3133928737908961	0.34181781757524643	-0.13698609993177085	0.06161934784635914	0.02725199581065683	-0.927410326386017	-0.5340963754979505	0.08526501781960155	0.507029713070796	-0.12242858029523612	0.5171591823864796	0.3244796077168547	-1.1537539704763664	0.01602292235344926	0.14043359747119094	0.6895053552564316	-0.16902448417917346	0.42914685070653014	-0.26066554250232893	-0.053103555178565444	0.67212323333837	0.08363691768722702	-0.2504381367641563	0.4441185761948338	0.36449034477232023	-0.1586826252094922	-0.930703295234399	-0.08924475747720677	2.6102303443178685	0.34741111973180483	0.10745389575846755	0.3513746220193578	1.0996825650273623	-0.4100236376881553	-1.2861417794271892	3.5359611010988137	-0.5293415759601964	1.152327486976262	-0.6088467103796585	0.140665817816029	-1.0964523220794988	1.0638314235970083	-0.4581094794756418	-0.11165012765435947	-0.20702506144012434	1.065019936048386	0.23457195113008478	0.28916009228952155	0.11768197006025743	-0.27329441671524096
DTXSID5046148	5.954534324213434	1.4094608110109255	-1.6192702646521238	-1.466155090684748	1.3682299231862767	-1.1305765587437584	-1.7690738884135755	0.12041345158334457	0.4847843209638441	-3.373539720017122	-0.44683625706394225	-0.014783116011896143	-1.0442419654508546	4.744504107929343	-0.6937903115912267	-0.1841259485205805	-0.11518918549562535	-0.6820517460140694	2.1203837802088024	-0.159144803233466	1.0295373587996108	-0.016198644961102824	-1.2551514592110151	1.1468946678886407	-0.15052921144183204	-1.7418982893583737	0.9691865481238948	1.3671631275669271	0.017364846534740977	1.1524507861046167	-0.42041367331754714	-1.475550939863493	2.086412502474911	0.2133018876727014	-0.5890796086446114	0.5176808281783373	-0.9224181221249389	-2.04162457746617	0.6141204693768013	-0.5843968595058735	-0.05783161686435039	0.30392976738645594	-0.14699753008386138	1.1901063760837127	-0.9158810508667341	-0.9099562488627222	-0.043495892494387046	-1.1413459037670852	-0.5243770147183221	-0.7737034008618824	0.09460814881640717	-0.546349869313677	-0.2986547450631224	0.17147341250994397	0.6693832354358566	-0.6479364041033786	-0.17788646003442413	0.3528320943890276	0.5852216954899865	-0.366459934376865	-0.7555275547062933	0.8827148411979491	-0.09881457867666842	-0.9163562637856404	-0.6711693856461733	-0.4728776314611042	0.7257739675933355	-0.34362799570959823	1.4111486879537938	-1.2880346940722178	-1.2034324876420226	-0.35994920549010473	0.5317981830714998	-0.4167082074008235	-0.3631449609641475	-0.5265622528994306	0.8910155592547842	-0.7811194563900357	0.37615503521693083	-0.23395686842264893	-0.3118464709995062	0.5425193104413328	0.3977768114339056	0.7495776153515289	-0.20273022758260686	0.17214973208814296	-0.358206892429366	-0.5224727703095229	0.3907306904187647	0.08181864533858092	1.816563607747693	1.1890387514920302	0.43388696372037167	0.25377495068928324	0.3883540958530489	-0.046369307829264156	-1.2432524954245867	-0.31131202217948106	-0.32625218072570217	-0.18344251104129486
DTXSID0044993	2.5614898109781556	-2.9323057407699364	5.204028844832406	0.602439549756734	-1.54598038149869	0.6093683985290201	0.16511618801404962	-1.4005291378930902	0.8240101336698682	2.6197477231395356	0.18819632103071254	-0.3207015716774774	0.9738888414760698	-1.3537015896839446	0.42482633386845153	0.13300804176212372	-0.30450016630066024	0.8751202243184613	0.2556893177443486	-0.49603437909729464	-0.12645381592996308	0.14498067042684787	-2.5213725226094845	-0.2832674700853902	-0.20086951586095178	-0.34610070294151746	-1.096202891499605	0.30134708403537086	0.6862531391026827	-0.7178202546273879	-0.2711119841884588	-0.616233344841945	-0.6724779193228433	-0.4717570759699308	0.40397397968105037	1.3959597996915414	-0.42425202195034145	0.3562967296467354	0.21322566100205312	0.14035000624020938	0.46404402810201745	-0.07109288005627835	0.18045874048633173	-0.14613515315277742	0.41247048138418585	0.3136672916484917	-0.6605215661135867	0.13825251010868006	0.43885968106698703	-0.13473298163437888	-0.14794529117691724	-0.12808617283398005	-0.1074733938313131	-0.09024392804329825	-0.13946497286119428	-0.34865360706321663	-0.21949337519272355	-0.09443405758617004	0.32013233555887843	0.625104178169941	-0.9295634920436705	-0.2967825063794811	0.04067045082870433	-0.503827843157047	-0.22330096399348967	-0.0781474051551964	0.21026479761520014	0.5065965674517012	-0.13160216029400063	-1.428173714614607	0.651671403439731	-0.3694305542541672	-0.44488451324273354	0.539776432246172	-0.3448630809298708	-0.16072521332768305	1.258970752695717	-0.07220042071893386	0.00014055229764158939	0.2159125261422601	-0.9919447271234195	-0.5003585564089879	-0.38141194463698597	0.0953730395566607	0.0624700579289651	1.1551105525491665	0.7500241822669305	-0.024510064260336407	-0.28436132882317283	-0.651789250118205	0.6237168047198168	-0.1920291875101485	-0.11782882074746408	0.6400039598599544	0.6039428884750179	0.398759192718053	-0.14282562563422935	-0.5222842274179061	-1.1951866434368656	0.7822377315264454
DTXSID4041153	-4.372210971711928	-3.181679614359745	-0.7051189343922122	0.5637637777117921	1.1562632847423961	-0.828629436275639	-1.2062296158557562	-0.1969932420017583	-2.0452566324959403	1.2321405462014163	2.2572477320068107	-1.313141170166954	1.190617106300025	0.5656342626024145	1.3315072354862167	-1.635344700591634	1.117439221266305	0.31484616135546817	0.5465790244315246	-0.4728139418326648	-0.18088420667043403	-0.03285824458862248	1.731509305092395	0.1664532201964833	-0.03438883223856075	0.7960368364906247	0.45846789283136125	-0.4675438364669329	-0.2143211076281689	-0.17988143502935305	0.11374616368157116	0.5292804803739165	0.21156701371665856	0.5179387558627268	-0.11716964930479631	-0.9046981187380616	0.5949715052140283	0.13654197536987697	-0.16022765847348833	0.04717630662719171	0.0812108613768489	0.01869839098872103	-0.7074791329724064	0.26714426597200047	-0.7710628358476197	0.10106949936920194	0.5633771918723848	-0.6721667308072563	-0.09722413747901443	-0.16810289537026574	0.06763191426750854	-0.2099266485864047	0.000706079053975031	-0.07392570244618399	-0.08495945086295346	-0.24115906185926148	0.43784082281009046	-0.3594845229584655	-0.7359706105014397	-0.22970055500576234	0.07402260946855387	-0.16765599449232163	0.36141251333104596	-0.08982438994423049	-0.30726932685548164	0.025686710709644917	-0.7962253322093477	-0.06456458981031006	-0.5392581893434857	0.11983031265034325	-0.0285824397720352	-0.19720285000247562	0.6536694363870212	-0.8908328196920268	0.011543611583164888	0.4056479563078688	-0.35460053734986086	-0.15723720270913533	0.4276093715386711	-0.5849199615319233	0.1306429762057115	-0.1309113893280589	0.19892915466102043	0.3353506475946263	-0.43517595193859365	-0.37506188714094624	-0.14390208979685523	0.08724912291752933	-0.3015333641064145	0.019307430764873332	0.06409577573283243	0.37689977751010306	0.14630814519328375	-0.23740736501630977	0.3245780432455001	-0.43809895279202715	-0.3687214732665942	-0.05348273901831929	0.06570811167379112	-0.274608284673137
DTXSID2026496	-1.1035187004477494	-1.974966829284636	3.838210533119132	0.2106460717242425	1.002929122671531	-0.4421334382107804	-0.017739219021433657	-0.5031037104520159	-0.19720872530600067	-0.4363227055365962	-0.6667015356256544	-0.008387835722598387	-0.4020905921391061	0.8537191534984012	0.27474882856324523	-0.5022889223857254	0.710376113269027	-0.21577069347543396	0.6311877447429077	-1.1436446057327252	-0.05276298318578065	-0.3049177605821683	1.7091079492762649	-0.3120036379941052	0.5060149988227876	-0.3157660349860293	-0.38460625728781905	-0.36871556135534345	0.007835794189574141	-0.38107674937471075	-0.31961376700555316	0.19490431082320614	0.40161653546226095	-0.28748611029046284	-0.6490044472966908	-0.6548352873358299	0.3973564460710067	-0.3020469134049607	-0.5654226221341161	-0.4696668047812391	0.2680074913964842	-0.06693213417148179	-0.027384443071898017	0.1308918932503329	0.02502291944954095	-0.3576327884956982	-0.18154457941439137	-0.2992684745915607	0.007176732062617968	-0.02909728684204232	0.04093245323958477	-0.3980444343922351	0.23720323197607524	-0.12495815776211774	-0.06325256162330879	-0.1156467029948831	0.24710592869990625	-0.0840075188166156	0.39720718186896814	0.3588602863866492	-0.19444802864625457	0.3311816305531707	-0.03648792093313177	-0.019645497953839044	-0.4572179300390531	-0.16367429048937918	0.3400782535071782	-0.6509979345205567	0.004090815811543936	-0.003197523805544324	0.10364128677332413	-0.26671027229956346	0.5748684361253739	0.07588157287077779	-0.2831181593060326	-0.41371874871571823	-0.5468419989457759	-0.17866553283507414	0.29599263386685776	-0.014514060144841596	-0.2162345338347449	-0.022460477791983256	0.6341495690913466	-0.46703287067255694	-0.26758833453042147	-0.0021969923987081095	0.3397331924470537	-0.6205901948283093	-0.06450953586388714	0.024349860480128032	0.7254134349028586	0.07498030454745079	-0.3978970786304486	-0.25352107099646337	-0.27700400158200467	-0.32735340996705886	0.05387209977001602	-0.20448107042107436	-0.007418912213904072	0.374433171961713
DTXSID8020200	-6.877422559168064	-3.664248195400751	-0.21226031684437982	-0.7195684329586742	-1.3582060738567407	0.9589449917974078	-0.3078576408683748	0.49714051563942147	-0.11853143930257008	0.19363467506507642	-0.18551511031255416	-0.06393554399280178	0.1674286790300511	-0.16654094173083794	0.1605890109662286	0.3678997673928958	-0.2381102363134236	0.22485660156318182	-0.44652002442510635	-0.5470296726641763	0.18086664081758097	-0.4038114549091786	0.315460027819678	0.025725910727780042	-0.6428802930268437	0.00986324147580535	0.16007454931570128	0.5288593419798043	0.007017765027254624	-0.1738188451537352	0.44177354954888687	0.27515043886177964	0.29605171578167183	-0.5794392602931255	0.051775376963803986	-0.062377480226355295	-0.08338572277729572	0.19253431383826325	0.3090110173872023	0.030892275096249627	-0.1204376760246465	0.23940874630045444	-0.2282598580991859	0.26724473687629324	-0.2624699312355044	0.1410824090431608	0.26558547431090623	-0.11962196568624447	0.12300840488251653	0.12309789000737562	0.11444517365136724	0.1219206227999487	0.1033403154016492	0.02242248481110439	0.05740660100640902	-0.10125498661945631	0.2454676316829539	0.030852085098146957	-0.28150292750510203	0.2026970537009996	-0.020245895193079896	-0.11925251334480269	0.059267727809501236	-0.06229262517045488	-0.36234253478249173	0.08031967830276082	0.5277669970647357	-0.03944115251820301	-0.2768356835703923	0.5297704217569613	-0.12457155094644247	0.28213250565549075	-0.2746955724616166	-0.1362182350639828	-0.2878369840099157	0.15579404341041278	-0.45633888457913147	0.3111094394655762	-0.33151871742583566	0.05731081593036112	0.024468919521094368	-0.3423322095579649	-0.42614886087192283	-0.3653340831408348	0.08035969507340507	0.1968933220198847	0.046017010976754626	-0.19844168894515932	-0.22621555295366122	-0.24029550331070954	-0.22040271575997258	0.4375195607219422	0.5995834899615183	-0.025553424490187323	0.33367898832016696	-0.058056585270959804	0.1745499891907844	0.32665942485728694	-0.32495718121926076	-0.14236593864509303
DTXSID9047881	-0.8691535909502539	3.749226328361853	-0.05942143274857133	2.5809908875739627	-0.40295322362318825	0.39959807796339053	-3.8665535084886984	-2.6981149524098487	-0.8989970962628651	-2.0079716668353087	-3.0628968365887017	-0.4069155127314302	3.473228519784288	0.7562046649499896	-0.610340603907122	0.1837943380766174	-1.2017285128765596	0.13605538154438213	-1.3947090041552097	0.9167353894949334	0.6214662915317164	0.256815889030664	0.8800452963331394	-0.034119551247695216	0.6407675977248509	0.6105909414617182	0.5099947115965738	-0.8778502462547644	-0.28242723337884185	-0.10851717748485692	-0.16823411091933926	0.2482627146662932	-0.13909811925900595	0.3681375893468206	-0.024583821507162838	0.7079706100562041	-0.861189536441988	0.5862275311995405	-0.5555447021316082	0.3403696943869741	0.1464317169410228	0.02862440287481025	-0.36184434546800875	-0.056029644596461606	-0.5093847227499402	0.2590280773858732	0.48849060850921716	-0.1404666496154681	-0.38837749505908115	0.17759675280092915	-0.2196402335110264	-0.04894415032198652	-0.017020670068394635	-0.14235028309069697	-0.0882865061806728	0.2653767366135893	-0.23167587398146122	0.34076261304196387	-1.1991418694019862	-0.9257017375793528	0.252695341648448	-0.007601732550556006	0.391366748861548	0.6887200245037249	0.02009346938693912	-1.028725451926926	-0.19802027221721122	0.4452475627051697	-0.12255669342395321	-0.5174131387321381	-0.42599779456950126	-0.44517416827494305	0.08094060636351737	0.0005703225908828416	0.4100549401455108	-0.08770030835054518	0.8698799209124045	-0.28651952864454955	0.06367068935592514	0.23193578959692063	0.44635085665254537	0.02159575445482668	-0.835064435110144	-0.4025443909599756	0.14293457316944624	0.4448053280236061	0.65294157830939	0.879893560919192	0.39332237525446256	-0.5433431391725838	-0.20890451361084403	-0.26503146702718433	0.6528755783423087	0.2604365813401865	0.24363046741391536	-0.18014162241927187	0.35241523175250905	0.37101112592357627	0.36637152517714633	-0.34117325472914956
DTXSID7021364	-5.046885036180198	0.9610182457881101	-0.7092571859921386	1.2046094573203274	-1.4310324438925148	0.5691544445012614	-0.5418418441826497	-0.28251018434368036	0.7096172008261747	2.924822089100323	0.3379178701701779	-0.9122523617405611	-0.9564921844846881	0.9008326492288765	-0.5261533873900478	-0.8494885063744616	-0.18536290787079737	-0.16588718759753746	0.3570168297165842	0.002954438218775604	-0.849194405607268	0.12862506748080316	1.1155545677845193	0.015106228241853684	0.33134146986015217	0.4059208724459158	-0.060771811514906834	-0.11022154166871265	-0.38760526469006296	0.5105854211509174	-1.3930931773282433	-0.4191596777951031	0.321868288335252	-0.09721938933872251	1.0293071868355292	0.9761416980906502	0.007979187119322557	0.06446890308675593	-0.25486658231953646	0.4054585738137579	-0.29987890125415717	-0.4798206263097317	0.5455701446147103	0.06442543800752308	0.30547211799922075	-0.5965862994593638	0.49814704009394356	-0.3396533473828869	-0.10038232383512365	-0.16283367534746	0.0487354533393042	-0.12980992193125693	0.6907603726379932	-0.3932644128733382	-0.5152326017379802	0.4075148107314295	-0.4073123632477684	-0.22913884418454455	0.535370762110955	-0.17076856364201232	-0.021694373186696415	-0.3973573167984734	0.4774866840585583	0.2949876090527797	0.3890876174374802	0.5753102688383314	0.26508675286961986	0.3614652139758381	0.1407159745759038	0.29051432064067095	-0.09833490063077205	0.11660868916004218	-0.010216483739158795	-0.8162543579162892	-0.03500857822801029	-0.25895320430331814	0.02622981346738689	-0.2520499108342925	0.545917987331696	-0.4075519658110459	0.12420257093233225	0.00927715857941109	-0.2598379928272927	-0.09246248137461713	-0.3591094531586669	-0.3665569193588226	-0.06179668564655492	-0.0799339338082878	0.009813840639073545	0.16136497349996126	-0.1942517544388409	0.46582873152923543	-0.3776184649913182	-0.28341057459940716	0.3937984296466622	-0.48121691845462994	0.18959184301997214	0.12496650772759721	-0.34652642656450416	-0.23227090151923946
DTXSID3020336	-0.3926664301670499	0.8552230672784095	0.34563559355522294	-0.2804078482490071	-0.3187341411531397	0.3376213917746426	-1.5795064020029252	1.1696649505127972	-1.2269893151040374	-2.233852459662647	-1.260225560230127	0.17281246932969488	-0.11069152908201334	2.541451467439928	-0.7690505660302974	-0.37908273904221435	1.0766407098431274	0.2553232313215573	0.35591072413309116	-0.30607723505955653	1.0692195768830612	-0.9138974626460381	-0.24416045355906343	0.9629022291753331	-0.057696111058772204	-1.0629319070134406	-0.293237337699154	-0.8203594631682517	0.18833689439704585	0.11446885425000879	0.3834052580292108	-0.5413867152997962	0.5666005030497716	-0.18121544213480698	-0.7188868185155926	0.3498836715134541	0.4621712960156273	-0.1365762642642086	-0.39935156105128583	-0.20793702570281855	0.23767630124742697	-0.237721379683103	-0.5599250349510532	-0.36906496714065484	-0.5506070510897545	0.41287967375974427	0.09092407691221696	0.24009373641031873	-0.03430597646469119	0.07905939540260519	-0.3043983562163003	-0.12346590701618518	-0.0778245342941026	-0.2002480233138734	0.12031541338171625	0.3187736295171637	-0.03736259163862394	0.01133960873994462	-0.6556757513063222	0.09394350460778864	-0.3536943595642971	-0.018510431035889768	0.8164536104572149	0.23070479136635103	-0.5005973858496867	-0.97235636512912	-0.4342363530844599	-0.006552086695742107	-1.199233304185034	0.06295209420415945	0.9851026931399911	0.06849497821415744	-0.11280934656359347	-0.16351847838820519	-0.5966104638993519	0.14242819374138918	-0.013824812313601284	0.24179408702211566	0.5648791074859008	-0.4226259084268417	0.23930245074543977	-0.07999367253333593	-0.2235874541659074	-0.40072826805377787	-0.15112530451716197	0.5042188192592825	0.8244928596580954	-0.2402595951013785	0.4920717639674882	-0.22037338734401962	0.31805603123300386	-0.9673743801409986	-0.12636565425176086	0.42303470441510754	0.10816267149160327	0.5617500766287897	-0.05324137666573563	-0.10328647432707769	0.08837542209365264	0.34575360543183414
DTXSID2041250	4.837128101725221	3.7460169553176943	1.2762000685165211	1.9229466931879808	2.3967356944333087	-0.7412486239038746	-1.94095138925103	0.8996070465778786	0.479551136356766	1.3784004727500743	0.825406856764962	-0.496362617270153	-0.8442887620921048	2.1597401894959383	-1.2120585326922328	2.377301033278453	-2.030036658912055	0.7402358967510559	-1.1465102323866467	0.7961332989147771	1.592171243867531	-0.04207327121854036	-0.11427219597438781	-1.021658991046867	1.4003597935756311	-0.005926104827424417	0.7729567068759996	-1.024311741904001	0.30099819175283	0.5165824402517211	0.4185389507694201	0.17894588946806472	-0.0965461793558766	-0.40375627465780256	0.2224930978217143	1.871855102185341	0.09115285948135221	0.552567820232826	-0.5137561691728401	0.0007746688227740701	0.28253661035378635	-0.24637114223186043	-0.01739039294178969	-0.3930937339106286	0.3110154710928302	0.7400025819358274	0.35556667090279986	0.8190089858948492	-0.058261401139967806	0.2765377556541332	-0.12951741900803246	0.5044769928441265	-0.06265034226184074	0.14428600181095866	0.29169024821902967	-0.3781908860117886	-0.5248757384917654	-0.05705701294742164	-0.4494591012739446	0.1577870438937539	-0.5421957527497461	-0.6144090238622577	0.6877582671232271	0.2202635795912598	-0.18308906178812637	-0.7796083800616919	-0.17825994148702343	0.2730488742826276	0.3864276514997326	1.2654995833515887	-0.8241485843610858	-0.35555387067328365	0.5413708805996745	0.5336969970545953	1.2271113719795064	1.364468499967791	0.482436898410561	0.8486593425350161	-0.22087966486503016	-0.1437823105033858	1.5646716503753053	-0.9727237339132959	0.212278089930005	-0.8239051514984058	0.7242836704731213	0.5232988675801697	1.5484172078366074	-0.5693825272477587	-0.9648908940201009	0.4212208622506724	1.5844921592965704	-0.2579514116052897	0.3477493796682118	-0.646754544722041	0.3795273844671491	0.40647671495936516	-0.7263727455779753	-0.15728426674027932	1.3698671592024367	-0.1593833523824802
DTXSID9044582	1.7277300729543437	0.6081594637366758	-0.20425655173147272	0.09931998123991638	3.484837362672613	0.4619931063281484	-1.3796244493891086	-2.1700405527490094	-0.39205947699084576	1.2564244116983037	0.5601898298995225	9.846220355535594	-0.495276787923961	-1.6298021315433324	0.5796214234428475	-0.15783546524265635	-1.3625579606413314	1.0923223316252584	0.48142540565769115	-0.5130825590474499	-0.22939152845842328	0.05522640913974648	-1.710438992893621	-0.47688059460682974	1.0720909531177774	-0.8182101882000181	-0.7819519836295299	-1.9236350768395578	0.49027926165001623	0.0037045360649248064	-0.606951386907747	-0.32870996276699704	0.16009751712543815	0.9165587081953759	-0.442225724069293	1.5463471707665677	0.5307028007697949	0.18556665189336827	-1.3233805911799388	0.04010165676159579	0.5437338423102608	-0.5862854806909555	-0.6711950874479653	-0.9620922506430333	-0.18779212498849987	0.4710728789597443	-0.2506837145747178	-0.16502823588948592	0.15998415853707143	-0.4615987126847624	-0.5262134521319722	-0.6326542894181909	-0.5442580834619261	-0.41346783404333465	-0.27727502469137427	0.8791344452705318	-0.9263963637048649	0.6465936703317979	-0.7870385560874124	-0.014699666745951504	-0.8897355118173832	0.017440738297964265	1.1535556276591983	0.5214985689617204	-0.6459411536148347	-1.1573316301194638	-1.3016337105653735	0.545804822038898	-0.31707259047012887	0.3141849564029838	0.4899125298971612	0.06214154570573229	0.7960629978665006	-0.11856125018414225	0.7822132620532909	-1.014893998733229	0.8650862664850356	-0.15306425443473498	1.5133907906938129	0.02608368017206897	0.08225821803787077	-0.27044638193629483	-1.3643944723002162	-2.1550376904091646	0.6162018173343393	-0.8329537596319219	-2.318785498656755	1.1399546907160563	-2.49445320098041	-2.2293798560925526	1.1306825334004207	-0.6426892067842286	0.5206612290800243	-0.296028626100094	-0.39322379566667137	2.0263744509955792	0.26582749885450246	0.08083872105770555	0.5741388562200432	0.9031400784240676
DTXSID7025506	1.992733425105802	0.5439255118888042	5.287749940801159	-3.5322675611567447	0.6523198399505096	-3.4935528460880922	-0.5676792388182903	-0.7237113355632158	-0.9485769187258387	0.8403506169133471	3.617143381996075	-0.5775664812780513	2.900082825547985	-1.5949711867323484	-0.40967506079672	-0.8561717271111944	0.6104823084512625	-0.25936775210492596	0.16272035795863324	-0.32785409878141286	-1.0748169508616898	0.4716403698696826	1.6923413975696493	0.3014674831685585	0.12176035788706487	0.4425856463603404	1.3593127819095854	-0.04157536103576414	0.26469001821132243	0.4457556705143244	0.39068840023284995	0.7988235064415385	0.9143701991715024	-0.2024902887093255	-1.304205839008058	-1.2962198185775036	1.34205711926394	-1.841030189136193	0.15311442592371427	-0.19896164503794062	0.22750965070701754	-0.4793956199931409	0.24587448545856866	0.8237983680836256	0.9300695065706424	-1.2466817435046096	-0.3750286228721161	-0.3002004440343394	0.18670156986602682	0.6067637236169521	-0.019212394111050676	-0.8022455843394575	0.42457482569400895	0.01946609910399138	0.5920770969927497	0.24194206804306406	0.607846935014161	-1.2354672469971546	0.614191538712838	1.113597786646613	-1.1515973307506522	0.004265156331428666	-0.4507541118837157	1.5693250191192225	-1.2090943434526125	0.21937645329157274	1.7049262600073511	-1.4287765917761024	0.27424042654706277	-0.8222910806352371	0.3679053440953403	-0.22260760981187797	-0.5255026330962695	0.3037819756072493	1.3085219875652276	-0.6895743312461462	0.6230599304695804	-1.0654322689034452	-0.5261522375098283	0.7909621427457565	-0.5357165722569655	-0.04954389720764612	-0.692271794684271	-0.08731962526574608	-0.39035815453233647	-0.12436683717260894	0.4907713248121472	2.0121068154740316	0.3774972961565961	-0.06117923397187018	0.16958770419233207	0.4592337107533577	-0.5363646836941355	-0.2808395787885405	-0.6662525738597675	0.3306131242264422	0.2932571751918961	0.2943789260871094	-0.22362929164848733	-0.05185659091438635
DTXSID1046390	1.7503825088626626	2.6201910526662995	-3.909403111871529	1.1197809519183293	1.4789949504809958	-0.8659283228807896	3.8347424946831765	-1.859117457674631	0.2981516925398437	2.761745051789912	-0.5315211329967247	-0.22414275125866803	-0.897746801640817	1.2611593604651128	-0.6400292641285253	-2.443741440517002	1.4760628464822783	1.0267058452606235	-1.5000681502345385	0.04236529080598911	1.425868164105208	-0.7209556847190133	-1.0678690848309023	0.07345223365635942	2.3012157644226523	-0.6108475903281505	-0.032209441022030334	-0.11623625542126219	-0.13533245418584514	0.22887966982457023	-0.17665088750069913	0.6353674809989818	1.0805489503384114	-0.6818321189430567	0.37143360828372757	0.3601379951735574	-0.8395589299729619	0.08977781211097159	-0.5687288621787007	-0.13954765622656984	0.46773999718365294	0.2851628468350549	0.11064292684524404	-0.4091776735520936	-0.043915092251145746	0.39836947188502225	-0.04642384071162331	0.4814951225594873	-0.30953689275233365	-0.9173086387901372	-0.4972662294408963	-0.5626662134704677	0.0779214465431243	-0.09201218443729571	-0.3098485609281485	-0.516316766807891	-0.7163813116202621	-0.4807396971341127	-0.36369924657975167	-1.242157140201012	-0.47341713122769513	-0.8943734888799287	0.2815544051834527	0.8512294881322024	0.2518226418236496	-1.5191360173192099	-0.28635339346398714	1.3576349455260313	-0.5304346589167375	-0.6473142655510731	0.5513473041366822	0.027405878291838954	-0.1453709795676138	-0.24905343256628404	0.27014991636403013	0.23412467425591602	0.519236270467488	0.9043814308140106	0.32455451686647124	0.7646196805382195	-0.7943815898516272	1.0610868658879125	-1.0518022563674432	-1.0159418798298285	0.6626337453907016	-0.7775723910102386	-0.2895842622527997	-0.8637533379410909	0.0032831762719356776	0.9031136183304886	0.2249136185903221	1.1108846073813032	-0.47025755724129303	0.05162798753091612	-0.6521945186314372	-0.3532269061221174	0.5186273252372701	0.15639408572595798	0.4149726090408059	-0.3404242404025073
DTXSID3026190	-2.795036284346608	0.7555247371695158	0.4044204704787109	-0.23696407263934785	0.1817956885936574	3.7858208472340964	-0.8243811819376057	3.695237833413995	-2.036567060116833	-0.8440984367040387	0.21699682702880602	0.5173442267878094	-0.07145873971116969	0.6550469076683191	-1.841261781777327	0.18538078446012674	-0.768823416547963	-0.5795589331919566	-1.4973600951434691	0.7519882072364683	0.8783035458064788	-0.6243864513803223	1.2875249521160523	0.34832830492699135	-0.7364526708709546	0.7185286984292322	1.0866030796549873	-0.8105531613004425	-0.019734243323467397	0.13569016141222057	0.671794333412015	0.8078908927178889	0.4428537793931003	-0.16793001960663848	0.6665711456159135	0.7855480792815593	0.2616176824578432	0.485719259340879	0.015324413081224007	0.043348421363995686	-0.12045945178734319	-0.25993612559903345	-0.2833657425161933	-0.9548836681871653	-0.32765047441280304	0.28548492498289807	0.015647226862080144	0.41123688430959543	-0.3496455446149467	0.14775677451633787	-0.04945156959702093	0.553685863808796	-0.031368536053489306	0.059149276022459736	0.19539343978907348	-0.06368523477689005	0.8397723141856503	0.05508894641966692	-0.500797380363639	-0.2890062289381306	0.3469797185336865	-0.4905774902546904	-0.024721109533637566	-0.33608277483524446	-0.13664369534203308	0.38367672392708324	0.7816638426907443	0.06113980423743871	0.32027922817959037	0.060567950621443795	-0.4873794807313498	0.23581514358675806	-0.29600035790108503	-0.46074277621691717	0.08870262446797123	0.5604430690979894	0.17385505204162366	0.2223063391862277	0.31690401054208706	-0.4362747183839384	-0.007308780659187077	0.5739186269360013	-0.2987843729928174	0.38861713674396237	0.09720792469190402	-0.32655620110896466	0.046469022727922714	-0.10844078499042145	-0.09849956769367958	0.20958123081525598	-0.28184012951727705	0.07839519316414066	-0.5386969007833138	-0.26263766369273306	0.3101898412804087	-0.35571036475787027	-0.40168180257463737	-0.6004768572046724	-0.12374298767205409	-0.038807860782590506
DTXSID2027543	-6.098881218391336	-3.164800897148901	0.31525529613583264	-0.6735682060369423	-0.8007445230379059	-0.6826040028061766	0.23099493321787593	0.15768759877290628	0.9397607483933654	0.1972935830930276	-0.3894243109491982	0.005102104449758955	0.3651797449067159	0.531425754628747	1.5065937824126727	0.9494724258383231	-1.1493074345430756	1.0106339372472992	-0.9454400080905221	0.5725285693257246	0.6112973577938171	-1.4178330464569042	-0.4477591726620325	-0.008046869501274348	-0.5009518643633936	3.9329646095649733	-3.7760978749779226	-0.39413010416533756	10.306631285131205	5.049921263422268	-1.1153438515390184	1.2308774809569554	1.081087969449776	0.2732788268516672	-1.0830816122750957	-2.4744480586115225	-1.6960506860046396	-0.3127720610339207	1.176674218135908	0.3748402307320488	-0.3965146208300363	0.39629217784453347	0.9209239939231465	0.2851971882299115	-0.19052762514513624	-0.10064158517535285	0.056397627772689224	0.19068283842444989	0.22479468829350188	0.46034246352890645	0.0781603576381347	-0.08209072326995213	0.38249680776235145	-0.22323959705341193	-0.33458030441535397	0.8666133183740256	-0.29453556896569194	-0.4924358063854303	0.10289760376286838	-1.0031199787198954	0.28894245894198467	-1.4746769261135544	-0.03178359425310456	-0.6831938807840402	0.6473513137207355	0.5189924584545602	-0.5914517619886371	-0.8651124811050735	-0.2725980465266622	1.1103041625132626	-0.700267414354916	-1.3066404583656788	-0.09041038931776485	3.594705404684293	-0.3237420665490865	-0.0173261829045652	-2.7216342801587845	-2.488078428794769	7.903928452593789	6.02431631677236	-0.2572133786792707	-4.2669341617747305	-2.9428015222272883	4.197487011046695	1.0159339029324446	-1.7694487555562934	1.8094535387145272	-1.8475778713843476	-0.8274960757782136	-0.1848151955538026	-1.0611603273856454	-0.01963408535433813	0.32063369746864817	0.30115840663957577	-0.6492656629765883	-0.550328769701148	-0.17740408361979848	-0.3233674895964723	1.06933301996956	0.43602338174464206
DTXSID3045227	9.776321216111901	4.032944536244954	-3.0282236536532263	2.393353623600266	-0.3798470529833923	-2.579986450154894	-0.9810298276333159	3.61740694766565	-1.751041832946898	-2.130001073658518	4.692784889941136	-0.6670858839934957	2.4228764441345434	2.009815682123252	8.967743363500775	0.5074893476424809	0.3235079682744237	0.7587046301557322	-1.8688454373102288	-0.54750792341707	-0.9588069427644429	8.288263398677763	1.1201462469204926	0.5499036319014672	1.124759647461761	1.762239793586168	2.87042772065565	-1.6213739582219262	0.29543335697773615	-1.9357098892416726	-0.19582789242948506	-3.688828350589337	2.426343049462704	-1.9982246180800771	-0.027963737482724363	-2.708729375502687	0.7021151919769344	-0.7331067947143033	8.214105175896629	0.17022842746098546	-1.6653201168140437	-5.061609056462096	2.0094815369541306	-4.31491468291115	-0.9976601600743238	-4.04671255207136	-2.2956071882093516	-0.876987775902005	1.1277998383688252	-2.6440145011131087	0.7813236439992137	0.4068777463299855	-0.543368464822106	-0.1274188887516109	-3.908390746684703	2.7694990481318054	0.41831595034651187	-0.9744137706871293	0.17982651462938862	0.8098426349360139	0.8402948541385155	-1.715749294715266	2.921060589707389	-1.1099316069422926	-0.728023164421604	1.5385564466487847	-0.22525917217273497	-0.4881783902355487	-1.6966110806023376	-0.8495973758272694	2.282213436636125	0.7025427340598251	0.6246729359395266	-1.0507144171631235	-0.5508956165284007	-0.9742562079513295	-0.6596899429370896	-1.230318977375584	-0.6145284895892322	0.06887085232756608	0.8879040013489081	1.455399970903088	-1.5620592013631012	0.7219125590026039	1.1436765302484426	0.9030196564852365	-0.4257171372245964	-1.1359661714856675	0.3939065025168661	0.9942025856017407	0.4085355277197677	0.04445659674129194	-0.1265097323405129	0.14259267736163758	-0.6006104681621288	0.5123573952231368	-0.7124004264736605	0.22236125964812214	-0.7779302678351214	1.1413569582183511
DTXSID4049402	6.589538973470892	-6.285333429247769	-4.9524494768308776	-18.213843073119115	-4.078864072678126	-11.317601705332692	-5.665591871895916	2.18450772720874	-9.545319990239538	9.815922869555529	-1.3005226147985496	-4.012915040852758	-4.939848836170561	-9.290716699180837	-5.267259341301067	13.312813364572573	-10.425336848541617	-8.439637314474613	-0.5408946413344572	-1.279494999325219	-15.240426114679398	2.6623880394024964	3.3613507316498876	45.41899994986814	22.361066034658695	8.35577181230022	-5.869837210373302	1.5748801276901332	-3.003129667128162	-1.6042744104786393	-0.8229761447228692	-0.15225710690501537	0.30611644040195707	-0.2879157097912043	-7.832229388076321	3.305521065633778	-3.310408936037597	0.5328076435110093	0.5162655642230861	-3.166788662168253	-0.524323719291863	3.3255815130032818	-3.7157285016369386	-1.002101064066968	0.7210569908375627	-0.36934626489880995	1.6863563712337317	1.5677174376734682	-1.1676247010336485	-1.3971837419513558	-0.7837535039074455	0.6114948777712027	-0.6443842427432246	0.11111018973890678	0.9602049766135741	-1.1598263222282856	-0.8002270397131389	1.138068513503462	-0.3820614468364344	0.20007310826263502	1.8388434498059059	-0.6825646420713293	-2.2508466639407327	0.40728456353729725	1.154446290752232	-2.429521420060144	0.07549361731674577	0.2943649736046261	0.16866630361708898	-0.09513886356618786	-2.002364333708036	-0.5735824121529238	-0.7649967741643416	-1.515243534845603	0.1914097859413173	4.135122417341575	-1.885384331441456	-0.2400641127457244	-8.787022541650218	4.943087159484612	-1.6302513448709786	4.034900987023863	-23.048704897350152	2.70016272380574	-32.16378517153636	-0.4767838179655464	-6.678279846316683	0.9147105578762085	-8.547682302431218	17.058217202722155	-3.4038752051761114	-16.50055042707682	4.305127982021735	2.8169467208302335	1.136531887971848	-1.3541946701619576	-1.2706359314538338	-1.810199523062501	2.5628981297962006	8.379929653989429
DTXSID3023057	1.6792051013143616	-3.953105092313895	-4.959069178394647	2.6540630934099467	1.16557581694885	-0.8932327190175294	3.810902488831023	-1.2492299890734668	-0.3189000070704518	-2.3779484659272923	0.8102445141742436	0.2745894404374351	0.7703327130058429	-0.9799271706099841	-1.4966239211432282	1.471040979966646	-1.1186164325524939	1.1122231768786703	2.238660928806232	-2.0509817374272177	2.3883879068938563	0.592145583960187	0.528461588910044	0.4803011225209106	-1.090235856073509	1.2766819584557774	-0.03740064074957458	-1.0551919780455765	-0.5487558736137055	-0.18235363863750131	0.09643896839427639	-0.3670522405883968	-0.11551416837564811	-0.1716277468083288	-0.009726228743284868	0.35341367150543795	-0.07980669576680283	-0.36977625763045185	-0.48842719116367495	0.5601301323728792	1.1275625726495855	0.243468773824926	0.4162337005996656	0.38447565793221	-0.032893775358281495	-0.7771678176285912	-0.5212141992136102	-0.06428114345113228	-0.3744651932639751	-0.034544804644770145	-0.09470086604601383	-0.5640408964488212	-0.0760057786196734	-0.30844203762444067	-0.43623611526175204	-0.24286743697034122	1.0374013127077335	0.022596209073735652	0.05629150904571267	0.12418830400992006	0.08597582568616177	0.25784059333727777	-0.4689320697849294	-0.011922379591847623	0.009650535980278398	0.11930474881023094	-0.0802867265183461	1.0403639323860183	0.38202051221426836	-0.7083858952303467	-0.09107664572569511	0.46408251748806534	-0.4498537455487238	1.0150169547092553	-0.25285807332906074	-0.337051244874482	0.1753642897415948	0.3530684709040229	0.32285226082424595	0.25258557734297565	-0.7394002135598766	0.16087735665371042	-0.1365612279769956	-0.2774060689445705	0.33771153852835234	0.06012546563740619	-0.3098782018073957	0.7549729592009662	0.1627309609401949	-0.28157391641098467	-0.543896595362565	-0.2948083036254543	-0.5024064354126689	0.11463600779875208	-0.4219355182610752	-0.20428621223630808	-0.5045757541661144	0.24627581255452755	-0.2790383931621205	-0.30051417664750874
DTXSID5044528	4.6426132954126755	7.3894457434875145	-2.737098556168489	4.007261828362546	-1.647963862464037	-0.36908863769390915	-5.994840747758182	-3.517463374515209	-0.05628419859959242	-1.5939169092063814	-6.772453618620885	-1.3932041380102334	7.575288372869621	-0.153973512342283	0.5636685899013235	-0.261320373768866	-2.835247857130208	0.08053241713779975	-0.8958550971162377	1.2422555354836313	0.6492817845262191	2.054949925867926	0.867564526722945	-0.8906896964198702	1.6522340981015942	1.1301053473626228	0.9222750268996014	-0.012348690123608296	-0.41223996616179936	-0.10936608260280307	-0.9507968878713383	-0.7112521728241616	-1.141161577409908	-0.08708468570318742	-0.31427120452691515	0.38145430288538607	-2.2917662104578054	-0.389991458469571	-0.36003674257555984	0.32449544580753015	0.4901008727583468	0.8459449175349291	-0.08311096099000463	1.1555189258128737	0.9588837381992629	-0.4617980989540782	0.5430491284260665	-0.4115735762766717	-0.39487638782750417	0.8010411732679831	-0.044011109600858744	-0.5086583688601135	0.7315477604503166	0.3375925184912949	-0.9329293786653133	0.0679392145844879	-0.03450252922874461	0.3110320791665631	-0.6708278835481821	0.16241910957229422	-0.45659599218484537	-0.05168562380485542	0.326161755231817	1.1497079348779362	0.025700205932776058	-1.2772103397533952	-0.266072104482554	-0.36833228673226664	0.2088399584064674	-0.9146834246009315	-1.2129595539192324	0.363297935211677	0.29884626799506486	-0.12191658660114053	0.08235534336209693	-0.8426405784161612	0.6180502977750137	-1.3940178703200292	0.1269217022703391	-0.645609912633505	-0.610747707883125	-1.436829363429065	0.5928965586965284	-0.17755659354684403	-0.24796046145852205	0.539801968751795	0.7190183401554797	0.9738595240083266	-0.052136842631309605	-0.7634514830371963	-0.6881872173732457	-0.9305918455084708	0.5917059745562856	0.28334360706115413	-0.2845364063375423	-0.04742288243804138	0.6229103093609872	0.34830201254665943	0.7544632429399769	0.08109332238512505
DTXSID7024160	8.63775906362468	2.694659691325183	-3.3101814781204646	-2.716480471388629	3.168481567520008	1.9987857290713253	-2.4415100961184675	-0.8989662266853901	-0.5720415443701119	-3.212371994275547	-0.6773702984920854	5.261156483729724	-0.38628525562969734	3.1600062426188593	-0.5017925759343507	-0.8904411264658051	0.28073235402858876	-0.8694663189973442	2.1689246320703157	-1.4262528235179361	-0.12663480423834625	-0.14382658359880826	0.7900532635459063	0.7618771215574187	-0.13364608509489972	-0.7087534206150273	-0.3871695185999491	-0.5008899974079107	0.07478835464831761	-0.44606603201367107	-1.411141572484614	-0.37635789864662345	0.6745584481955922	0.07899152013382957	0.25281949318839914	-1.2387037471895859	1.2833827370190598	-0.1533843704397589	-0.12753948220254027	-1.4727493424999871	0.1860245961598383	-0.08697976425584693	0.2782228134967899	-0.8936169967454429	-0.0869756507665978	-0.05675716694769613	-0.42046394721675834	0.5286537407543737	-0.3118393153529196	0.11913661289357803	-0.11994623817218053	0.09548415903827044	0.31312015434044654	-0.473258816816316	0.16333729995224663	0.5387650877605219	0.5400849609840045	-0.15850357017192374	0.44867193711240916	0.6761991470000106	-0.53352156221764	0.2781587612609021	0.008120047247876525	-1.1917093549132443	0.07700738034114234	-0.07366055651800334	0.4137087467093609	-0.0442439650418016	-0.32525277181113427	0.1716932506257711	1.2659863817869865	-0.398760784773643	0.27085040618175266	-0.11815196676260727	-2.803635889711038	-0.21758476602595972	-1.4558131274815231	-0.10100033719573366	0.08198408105215263	0.6927331204628585	-0.42371787240853775	1.0306805344061396	0.5339106696183061	-0.6887035957984983	-0.26686043253648245	-0.5078212525440797	-0.012031137435361149	0.40960580827479315	-1.0231820629793793	-1.696347156717432	0.10007366209859717	-1.3989833131635063	-0.7492124376592054	-0.6602977566947306	-0.6962232137665143	0.3364004734950588	-1.2595936237258383	-0.7399227749558833	-0.27939729383301204	0.2522998632587464
DTXSID0026125	-3.6917451572602524	-1.5058206927110627	1.0610579624472134	-0.20509218320211228	-0.9748355659544469	0.7528813867463133	0.21195843867420336	-1.4832889291414895	-0.7204656474550344	1.174759863789648	-0.19692903249208574	2.814622620270838	2.60969429895991	1.3201540729091186	1.768137512991433	7.166336793025576	6.177127208384036	-3.984187544052896	1.831406438852753	4.190112644231468	-1.7219278809727745	-2.0497910034954137	-4.653558889651687	-1.3847022846575432	-0.1947149771437703	0.6767685765911564	-3.0870625215595515	-1.185969004236419	-1.988512769631256	0.835311691705153	1.1767145704506192	0.7883988373968767	0.7965884143548649	0.07167730304814818	0.14385382876002215	-0.3631980716668059	-1.1877086105363497	1.4438671074614993	-0.8179509094593225	0.5208019074471795	1.8130458350511622	-1.2589629102248487	-1.7100417173242506	-0.41445814720926233	1.2329979464146992	-2.2111946842555286	-1.3937114731064266	0.058106234972244625	0.5026416142743857	-1.1168082116190923	-0.010459580926813967	-1.1826235907290734	-1.2924259695724554	0.023814865471147362	-1.3568332630082678	1.318823331405009	0.23885531025963694	0.9132916221553502	2.5170745104594077	0.08361103101884504	-0.27537987725326035	-1.587412793440429	-1.2198664113431694	1.2262879466718883	-0.8918206163448855	-1.9255546802933845	-0.7372802997536272	2.073472353571281	-0.2595918159632457	1.0680239311333088	-1.2709339645129618	-0.4964051379630369	-1.2834373350984236	-1.6723037372087461	-0.4960404693974416	-0.6779542677695749	1.4617770588686705	-1.0681968353370848	0.20845781403404165	-0.14580255552556004	-0.3167249493787933	-0.9380694144490886	0.1506599422780957	0.1978597140149962	0.43154282001650446	0.6166811262523605	0.06285283249294653	-0.5184948710178677	0.1344497451982755	-0.22554162387070376	0.0859581757074395	-0.3839934033950164	0.49561932397336855	0.2385626299397398	-0.05972660818186108	0.21730268974606753	-0.5673574864507476	-0.19570417913474264	0.3954295675963137	-0.16447159087410151
DTXSID0024977	-3.671578851578009	0.25441031610141823	-1.047353162671306	-0.29625429785392404	-0.05567571925993028	1.9577561412794175	-1.6976437314940482	1.8402102205818371	-2.1310890894108705	-0.893786685069531	2.8835263765690198	-0.7327510943205509	1.560058193494092	-0.8620414566766117	0.7603062898140961	-2.1955445011021313	1.3007317478718285	-0.05924864986806919	-0.33650988580089886	0.05902596234621147	1.217709777832631	-0.508178628809899	-0.09419874595694686	1.2134344140918147	-0.7345424272171853	-0.7823729506623774	-0.2597786493273396	-0.2363067769059176	0.2181490686679283	-0.2039373909543093	0.35208503295092125	0.20912145546291797	0.033055693404121	-1.5492054687835006	-0.5268528679792966	1.2430557683615988	-0.979891576263107	0.4434522080467436	-0.6075973537899996	-0.20487831456444075	0.07919058652337345	0.019871444869461255	1.1330757962025326	-0.6063994433853239	-0.2734499265288078	-0.10446913420705997	-0.7638282349736473	0.8079822558588992	-0.25603226768336673	-0.05474998800021207	0.1781802841409278	0.7736569520942039	0.12520932078492678	0.4830640038690322	0.031115745168907246	0.2632918820224995	-0.006241894792588525	0.8814451540233711	0.576185533712822	0.189395553360814	1.295491197522898	0.9138170636278957	-0.750241729412307	-0.4342543892080366	0.4623286184571537	0.44768728627261445	0.4984050179137246	-0.3051373629330698	0.24663902775459315	0.26114221822748973	-0.14280149796136746	0.11691163328517319	0.046021404592233285	0.16284311678496052	0.08795339707673885	0.15436911115949914	0.13714821462809618	0.23411878574525957	0.14417298001384096	0.3304290041844874	0.18851278777777838	0.24854838667403112	0.5318255188281948	0.07851751580342961	-0.274092174276056	-0.062173732293668696	-0.22413407478473202	-0.3672802943019529	0.08032118580219628	0.022021157961753836	0.3628758847562888	-0.13523957940252598	-0.18135809801992647	-0.03735085140094224	0.134809929480728	-0.4352667917102062	-0.13620362228729377	-0.17376478134519815	-0.11326764073448418	-0.14352082604231878
DTXSID8047187	-0.7115677212701245	-1.5159975778167611	3.9441457044518446	-1.3190325224997468	0.6530614959978062	-1.6618896259419444	-0.08659920897608492	-0.10258121974989189	-0.29544739502324396	-0.3833104454074684	-0.6165429244500356	0.3552822653784831	-0.10484457345373528	1.2020407199643288	-0.17616942446804504	-0.3135812147312709	0.6225198900154695	-0.13117576428788888	0.7173762909090512	-1.12152722478462	-0.008185223022577832	-0.24973962305704328	1.3128276430263253	-0.13275757132925348	0.360022886070631	-0.14140340218150468	-0.36195974887294624	-0.36339605213282583	0.07172233059258527	-0.524430538219409	-0.1364963242428924	0.6899635294904191	0.4500409582630502	-0.07159372075612477	-0.82363205098823	-0.2909701581367192	0.5407277571016457	-0.10491719762790601	-0.7270129968074248	-0.7213577856637164	0.29259833169616106	-0.09772927957099432	-0.19498726011213677	-0.02884167324818882	-0.10129913241255543	-0.22357238024370357	-0.2512155336682212	-0.22356401809398996	0.04299267123880377	0.03906141653820556	-0.02956876693822159	-0.39437884702158926	0.15857540254151703	-0.11432120564503263	-0.008586763447923331	0.22255424374771587	0.11403920748628643	0.023942142515967435	0.11062838263690683	0.44553205562454035	-0.35797083402779983	0.47078896457236236	0.38895213110757454	0.030199234384179666	-0.7173262174540915	-0.7039266832161477	0.39561858270822853	-0.6472825879832271	0.270128246544632	0.6180516755748408	-0.1517591039221427	-0.06664856666273508	0.3826344675352383	0.036864963538151684	-0.03669484750091091	0.09792077469253482	-0.610414958068522	0.3823869554400112	-0.2246751967312176	0.34608361034886376	0.014774330308047402	-0.06753317434615393	0.008449023482934677	0.06288601182206807	-0.2574697573095046	0.05614489805474739	-0.19930781828385818	-0.15692424694220158	-0.08832355441190293	0.288218548233939	0.5771680823462905	0.49315079122884664	-0.3182765334715748	-0.3259755583496947	-0.23685388792149584	-0.14722303618731794	0.005563964122118743	-0.21461373476267054	-0.07989217877210655	0.13285785434485106
DTXSID7037478	-2.09695019410423	2.6183975641528816	-1.5195985768646234	3.5615176684744956	-0.5292398961512396	0.3014756941506226	5.658695532287655	-0.9105973849363641	-1.1044427212042296	-2.0446976269700294	0.6239638095331205	-0.43402001016390307	-0.3795888528334404	-1.056900833276409	-0.1475400829779576	-1.1154913019671449	-0.13276329990922808	-0.41520121008110517	-0.7451978344310414	0.5356558221291758	-2.0209971796302235	-0.4704649599587101	0.5181622504006868	-0.6566952272212153	-0.3935677739332445	1.4287422602603437	-0.1217314938724552	4.0707359493036375	0.0762059289269333	0.314448986788138	-0.5385340528693074	-2.125765195801251	0.9467283057737795	0.5490809482571625	-1.066967942294733	1.4237184353842882	1.1460627808091466	2.8265780716812587	0.05732544688577869	-0.698236972100337	-2.347205282741976	0.7758179848277289	-2.5347196897531763	-1.1132891618559861	0.470028681034754	-0.1725151174138504	0.10114114066611084	-1.7936355367881651	0.09511707842228641	0.48725625110023274	0.542490375494945	0.44018956865453157	-0.3741042885460138	-0.2189021508984295	1.106550615061099	0.04082180858457796	2.064459820640099	3.0988515224403312	1.0694141577626881	0.3489401091198366	-0.9487586085067126	0.8645075548995005	1.887550075782563	0.5475134102049726	-0.6453260954110547	-1.082819866120277	-1.1702041329291861	0.22156384500345638	-0.5208721281137608	-0.6503229836304716	-0.22026508150697188	1.850135435513613	-0.8646052781342334	1.6175329276462727	0.35190941302792883	-1.0747391004610238	-0.20594660408552207	-0.4381467219682512	0.2868920936892799	0.1935944421688225	-0.20437505819043866	0.5068394920733067	0.024178764543889612	0.0012133789272564708	-0.005410157386869458	-0.5883501403749766	-0.7876835812583765	0.5390453762711899	0.8202718178437347	0.7166580653561072	-0.1378036046680585	-0.024691265221558144	0.04788857021693427	-0.7905768503970475	-0.3383358007949873	-1.1296242081488845	0.6561151311366986	-0.17561760544405555	1.0329156030219822	0.05451187674294388
DTXSID6032352	0.2778255761107911	0.8087438176294707	-2.2102488101580375	-2.289007967939804	-2.0847868834856005	3.13283152486237	2.624579549989332	4.639832841541437	-3.8320928226767395	-1.3041491665976388	-0.5408539939289003	0.610026726431556	0.6758440464534244	-0.13262836165348263	-0.5249706071899403	-1.0081797334531652	-0.7892671296728213	-0.44095280452036834	-1.2218641913263772	0.4890619511266625	-0.8814902552272381	-0.8213851885173609	0.05713443510366432	0.23593371531710255	0.3080360547553237	-1.9247157709566514	0.3522947981897683	-1.3627276540693962	0.34134122926303456	-0.08212742972216362	1.5262115462606252	-1.273052743238061	-0.17185285991576707	-0.10975591093219189	0.39488695702736953	-1.647544263493209	-0.2970842677102069	-0.1321442956117871	0.12358356390298436	0.15515526446822517	-0.03483345759663128	0.6004360377051571	0.5804577025108727	0.7410939281018658	-0.11965476508694792	-0.33832037547329186	-0.15091723120349274	-0.18530689923750623	0.25282838665842394	0.6233133060204021	0.5026470263328707	-0.1585619150741614	0.30330092450747387	-0.19976854404617728	-0.4246908209269113	-0.8205940921868641	1.2904850648490567	-0.8235499194249972	0.7534572647975626	-0.04853236904739394	0.2046416416227598	-0.25285017215830685	-0.7414945229674318	-0.8186475319382351	0.47036331487184024	0.9106761260151084	-0.23397925986473833	0.17152579019211803	0.21672774820395851	-0.07432049652733815	-0.21118576216220214	1.0718581827365081	-0.17785985781013333	0.590051625234923	-0.3245234319773121	0.195809613267264	-0.5425398980110173	0.44417430955783105	0.05645031714743465	0.32802309511698713	0.268530734686639	0.5318441017885386	1.492279316121126	0.5246746081404235	-0.8911322862488856	-0.2085249329891203	-0.5617443528277607	-0.7937093925618252	0.9558576099695393	-1.0782067375067164	0.031104799062919613	-0.9970036332194608	0.536009941800056	0.5042502272179816	-1.0466126963780238	0.4489216213419296	-0.07705673022082049	-0.10092083644112426	-0.6898528706545177	-0.14987296753818963
DTXSID8020175	4.00485528993281	6.862637749655455	-3.2503152617735545	-0.47138380052100015	-3.510285588405651	2.4954928291137777	2.8397055134509483	3.9254692507265903	-4.647344579565147	-3.9000105323991145	-1.8285706248654419	0.6403354325660343	2.5133104694901562	1.058191617142494	-2.055453828252382	-1.3733850147252118	-0.36535232721014615	-0.45269252616040806	-0.15435213100758963	2.7534818945028467	-2.368514232396627	-0.9237263449394584	-3.097187605553021	1.5521232253558437	0.48205861668052535	-3.872219682414999	0.417475722857326	-2.4954509542874503	2.1299474118469273	-0.5881409658579342	3.095051440901794	-2.290137150762164	0.10974118119317904	0.06340452485126227	1.317239966712217	-1.6782330292537926	1.3057447861031661	-1.2360954648427955	-1.4378933349127831	-1.160900458741627	1.2958913721230148	0.14876820424880777	1.0962744041179215	0.7475596760843831	-0.4503559665549667	0.46025527951075623	-1.5080718470060668	0.43049297008987464	0.4651996032345628	1.1901875805116537	0.07821759157719778	-1.0307804374839529	-0.40645039913853254	-0.10309877612206594	-0.8398906849239501	0.6102187623688663	1.4885996414588378	-1.166474136154336	0.4842317959458779	0.7777619232562614	-2.636369374419766	-0.22118906546004027	1.0390046377557032	-1.6583692556941374	-0.8863521804586911	1.0715485992947575	-1.342991782052176	0.40461110022155383	-1.348064309486601	-0.19011990780176308	2.2272769292464045	0.662633401247739	-1.466625574832783	2.0479349751185456	-0.04423876703878304	0.6745487366018795	-1.3413125116579323	-0.22176170184541144	-1.0577109621411325	-0.9361065392710769	0.23336360818877705	0.7580779158496398	0.6241310136198638	1.9142470059465824	-0.01958361968927381	0.16159963899846774	-0.7642162409000179	0.04566126398787917	-0.7512265240945041	-0.7478764387137119	-1.0481945112647322	-0.24119863239406605	-1.0339263682189914	0.1427979674867822	-0.9121227074586518	0.8019833010208817	-0.4159651561792775	0.5205646420403192	0.23721693833383556	-0.16365847106752546
DTXSID5020815	2.115154069211886	-3.436351719361924	1.1934252841325836	0.6629449717935307	-2.0860025222312606	0.4136775519824326	3.297821339535193	1.75742114550296	2.687420904089109	-1.1262845809561097	-0.7484578411204046	0.5554282747749496	-1.2472754334697276	-1.259920996438683	3.2108913499936866	-0.9139334367501104	0.20104841752114977	0.7290829163719951	1.2896435019909112	0.5081259464612501	-0.09745439723447874	1.5468115153868607	-0.5306002165394508	-2.7843518955210023	3.78261930165174	1.6939553080519132	1.5875452508023224	-0.8340958075152787	1.0749466597501498	-1.642918086278711	1.5635540283170926	1.1794786273907245	-1.145573821067486	0.10077783081730507	-1.282382231088001	-1.333816150205921	-0.8395386257675116	0.47872516734567316	-2.2105902236050112	-2.174710850627133	1.0882099169809456	-0.4711496272168559	-1.0313534744868378	-1.1917630562766963	1.0462670525500188	0.8775934880041637	0.48702695007128066	0.2950095670000471	-0.34736316683895113	-1.2671024010324934	-0.4802627201525398	-0.8443962820854111	-0.49555733154266984	-0.30058258996834153	0.20217121920915965	-1.2742927338041885	-1.1421958085700377	1.136208549405985	-0.17471573170960186	0.06534281772787785	-0.36239876582217667	-0.10281956097536474	0.030862297619128762	-1.0167282603076804	-0.5519578362799266	-0.8248953833925949	-2.171225163685807	0.6483537567764016	-0.6498085158223634	0.5282986197211278	0.059779189316345134	-1.2524819562461051	3.240407565192108	-2.1286059847294663	1.986132825457901	0.38556165058915454	-1.3285986744238836	-1.4442318741705475	-0.5279371944816106	2.303705003494966	-2.0505641490653796	-0.3694703044618988	1.1982096401935762	-1.0031275362229066	-0.010310122688689534	-0.08698535899827167	0.3170292654474195	0.47200305658514763	0.4752033467840421	0.44861297108496767	-0.2830822919244155	1.765829533624139	-2.337705279260912	-1.7867803804979838	0.2843804269574626	-0.019777476766941558	-1.1952476663292348	1.07709844943057	1.768013842704652	-0.4690481365612264
DTXSID6048597	11.082794858094436	3.90967800677155	-0.23973958069410772	-0.1336515220055902	3.996452930019008	-3.1128466335804323	-2.2267807219998375	2.3871626707799067	-1.280547551224219	-1.3087371020829381	2.2056357968733704	-0.9630122309661059	0.3305001868593441	0.586853049985951	0.8572510259566054	0.150312636085395	0.5553657535271098	0.25604649700935206	0.17377299570943402	-1.351510289627538	-0.47050879446390725	-0.1294236397828892	1.3580050897920175	-0.3651987415258098	0.47256358835554085	1.526510216546472	-0.5523636678685071	-0.4862617168858877	-0.5156968704954661	-0.5709031617339017	-2.3356716667980524	0.48797865702557414	-0.6384560614661158	0.5981230718271179	1.8300979120039602	-0.19467803958140983	0.8403886948522336	-0.06776228324821547	0.018344407190284084	0.7720613708516181	-0.3008416835706891	0.4916934835329479	-0.5555868891399853	0.9876671163464572	-0.7198269859153447	-0.1723618843942236	0.18824679919792053	-1.3346831324156188	0.022539317046977328	0.2565133879002037	0.1349208541955886	-0.08751678330666957	0.506063887462608	-0.7213892540209785	-0.30026103579888563	-0.0798298973131196	-0.382881071190016	-0.05108847093730543	-0.5681406531453751	-0.3409453636698061	0.023949921410728672	0.8232060992698054	-0.016594910948391967	0.8264670313651981	0.23936401476108585	-0.7515890426072224	-0.401391569150262	0.164640599045426	0.6591970044479236	-0.4538648745502654	0.0013490212400284467	0.007811297486733818	-0.7210171305366603	0.779771882031392	-0.3608828942127617	-0.08686915477948912	-0.8050324619927082	1.31147352378187	0.832734090773071	-1.3834439873696822	0.3673240777933443	-0.08045036811270008	-0.1238760087500946	0.612095429240486	0.08876785564564846	-0.280516455256661	0.0691653600200825	0.8483786040245976	0.18974664372219607	0.09844575793882493	0.5296260713058295	-0.2416605824333655	-0.031707179119473544	-1.745314984009037	1.3118015122905802	-0.7892834034861702	1.5914518124083503	0.3321664728299027	0.08245177083290538	0.36844854387793574
DTXSID8022870	-4.806004398051389	-4.415658220853418	-2.3199695680372625	2.440674839134023	2.1858022707428364	-0.8164570936087843	0.20566988248773857	0.9278353468395782	1.049028037506964	0.7557907043165082	-1.4629259424887515	-0.5166615811833775	-0.13746511467024775	0.12399011131659585	0.33573780188295177	-1.120799618859225	0.5805603358957141	-0.21237890163945633	0.459747877267545	0.25073235997700055	1.0134087377911074	-0.5798961456850092	1.6450907299902264	0.45542486064848636	-0.5452812053331106	1.9451229897323983	-1.6201514680917994	0.04318676966679453	4.889382174859991	2.6996465974492057	-0.055203849969309625	0.9803428285794829	1.0565034336893588	0.38585309791262634	-0.47933848984544547	-2.1178684989727414	-1.0926970372792708	-0.22969660370694794	0.8006001839235178	0.3676224582102589	-0.41555358250730334	0.27547250605065154	0.2011131200658989	0.14367142375973635	-0.6026054852356252	-0.050348279417010644	0.04270195084348315	-0.18671040075476789	0.10121767068276934	0.5165830970369012	0.08680767060909914	-0.08642625161712365	-0.029036668987316234	-0.07801139409208872	-0.012887947722086731	0.8339080194136034	0.04401923297580388	-0.062379296415760115	-0.5938872509364338	-0.6749088876866577	0.8500275070217667	-0.5209752282227283	-0.030883788885626175	-0.6251218326894638	0.6401018986264843	-0.017477987870174638	-0.23930711379253333	-0.702305978464042	-0.022512638211704884	0.27134708657238926	-0.30832510440694255	-0.7184955450075021	-0.6855372608519569	1.575153181838229	-0.49753174071952355	-0.5443756617519565	-1.8781748707737878	-0.033593834063685823	3.8340241431520674	2.627020043231048	-0.748478735169125	-2.432206327586513	-1.5004388217079743	2.960495275412245	0.055542569622407216	-1.6172245605623656	0.27123104541682513	-0.9232958776401428	-0.26340685127726526	-0.21510547729379223	-0.7048475191463669	0.8589855070332199	0.5030636198982885	-0.65527045155273	0.4351604370076719	0.23130212123227106	-0.41235536242891	0.09611733006586715	0.8493116575867312	-1.0832781489259977
DTXSID2044476	-3.3697919512021253	-1.9080023509709771	3.434008770547543	-0.3185595389647786	0.4828678277839642	-0.8479817077828432	-0.26465977550692465	-0.7874770943201458	0.08948314815998692	-0.23509376028534856	-0.472104438138901	-0.03231155648198627	0.5010326311967103	0.3037467375213517	-0.26733353222073103	-0.13492092724640142	0.4762914607419954	-0.11073741067978292	-0.357385989083753	-1.211018894792195	-0.2465248087085702	-0.5950833949822167	2.332554698961394	-0.04095217078711778	0.027981379383576775	-0.35515098570089965	-0.3387012890487133	-0.11353871469914147	-0.13861940408466594	-0.2901561946182511	0.21658982663974521	0.8394990020989901	0.9163481112184786	-0.11486953807376078	-1.027374242179394	-0.7697117484999929	2.151603656138463	-1.5455930725665061	0.2813167136367505	-0.19516221830042224	-1.3446783827841373	0.20040029419749553	0.37724190622519965	1.639476834914551	2.379265268781187	-0.25228474444601134	-2.4007754970689734	1.8519080971065738	1.1683673867987552	-0.6546923730189042	-0.26622397367622724	1.1492006228416276	-1.3568985968732379	0.13360069937307972	0.202883142931852	-0.2937649026273848	-1.5160869012381342	1.1127063124730112	0.26456687347380436	0.04056490472248397	-0.8937898428698992	-0.24329276331651442	0.31602452289674	-0.14045402737246446	0.5847694788015707	-0.1644523953648261	-0.5471552647576823	0.46143518604436917	-0.2341694766481223	0.05716006821436821	-0.3981774171475386	0.369283397494824	-0.37588411726657406	0.019615884031237804	0.3284696995584168	0.8471260428418258	0.26271973842194496	0.1358162018025145	0.01287053293983189	-0.4707744962411719	-0.5142535192836893	-0.23798678885757835	-0.2315926741030905	0.4281372057991611	-0.08367599441098031	-0.177642872613878	-0.5287826863965799	0.09854833470170694	-0.11065048242596946	0.14009476935778445	-0.07795077919337477	0.3323364302042482	-0.11495274381293684	0.23316655553453855	-0.25364278916318783	0.24289334671916585	-0.12076945058695447	-0.1431648290986044	-0.07588448239203514	0.10347047364560014
DTXSID7052109	-5.634543943655074	-2.4042914252862495	0.19573892757149763	-1.4888064226914253	-1.5419638131883302	1.2370531487179062	0.7516815847793918	2.351440669317352	-0.8365788652214274	0.4898892632579743	-0.25311370218077167	0.15868961117361827	-0.0623102085496603	0.4529079148534162	1.2188924483918628	0.8293768880076047	-1.559986413448598	-0.09421780290320239	-0.3908714363247168	-0.5422025567218872	-1.0378797426323652	-0.12055286123146129	0.5697858708326526	-0.10775348494313661	0.10010607104261202	1.1123168533577696	0.31737560833029144	1.4826512648949903	0.07873521018139476	-0.4306135417859464	-0.7436176028323233	-0.1874144549936113	0.4998096069950712	-0.2258664932242932	0.7844819616700988	0.5019342891505219	0.049589332635778846	-0.7256567197175146	-0.3149189291626397	0.468240664954197	0.268993105945159	-0.6119953553635809	-0.02831667791256326	0.21647910340260473	-0.1031166563526321	-0.11836136839650865	0.3595699795999752	-0.15424211488353143	0.19531375445240218	-0.44710745267395413	0.04043798479412549	-0.13087141866935323	0.6529130854133759	-0.22680634701425315	0.2463503874752824	-0.46443455524787397	-0.196093083031082	0.5727557262667613	0.39105763364293966	-0.45775771896130424	-0.06800751436388822	-0.0992054574123741	-0.5176840749757528	0.821875394792491	-0.3574317691897077	0.5567047636840228	0.5941455316377404	0.0034082815127173356	-0.38428204760637763	0.12703873690706177	0.31147923613253364	-0.15587685514635252	-0.04648319579355045	-0.8431100029500165	-0.3909334485073503	1.0324869714671683	-0.24689616756491087	0.18669193785862911	1.099056279360175	-1.0837798688160447	-0.02444945964047472	0.04062586565725007	-0.7053752163874131	-0.6331703294410457	-0.8495001461369281	-0.5909532462368787	0.6161375589544779	-0.3566072051103183	-0.4265559199960635	-0.601489703930232	-0.5596665139298577	-0.3088339439244637	-0.7482882175503948	-0.28521682735824977	0.6981456698555182	-0.4554253890406007	0.4068012458505056	0.19318075881126895	-0.11728991199173307	-0.5429632981403976
DTXSID0059829	4.189652246578154	-1.816910916939859	-5.874874587050409	-14.301548810299295	4.946115511325983	13.308547597299679	0.7440637737669187	-5.840097614998869	10.361977280907249	-1.0052204625938674	4.678842148855882	-1.0942261026608444	4.31954933124421	7.911233191871292	-0.1513094617600589	2.802901877659044	-3.5286626412915814	-0.8197062287611634	3.6395534046702993	-0.9136646673409865	-3.195009400705352	1.961378177409553	1.96013757344338	-0.5480817336157857	-0.06861030092791341	-0.23037937699577135	-1.0382305450510578	-0.9847228914205141	0.62400308417719	-0.20165791357160368	0.3373368186249373	-1.48037681166708	-0.6941229516090647	0.436070806374788	-0.4476993346722772	0.49806693921953565	0.280967011492691	0.40396272708312153	0.279244465936569	0.5794015724101479	0.5670264746116697	0.31723872286206706	-0.5950900983971771	0.3523234434791262	-0.02489501838550652	0.8775163635278025	-0.7634638197251824	0.17138135829162568	-0.45714907416830125	0.5053505679778952	-0.003785569639575267	0.2796334500703957	-0.527198331837456	0.3360498828809216	0.33159607973270727	0.5119730850464418	0.4720605714313187	1.3926595093902188	-1.316176206050605	0.44073205374124536	0.10956329044897128	1.1742463406030113	-0.6454262183947457	-0.6914634169966839	-0.011355833955517633	-0.6090464727110909	0.286619886505489	-0.555249380339901	0.09233891888683639	-1.0418160299180181	-0.9591665274552412	0.1432977337092612	-0.6225993351203168	0.9144998779348017	0.29179768625138836	-0.6086425039575919	0.0003032933102269563	0.4176226327211209	0.3809074802082131	-0.2555517236584565	0.0892370591301597	0.6889470632454507	0.12183516287862899	0.5779064315714286	-0.8561428582122166	-0.07109074792599467	-0.011853342079464773	-0.7367980784275899	0.49519992512091626	-0.5910080952573896	0.47432780880500025	0.3713553649129175	0.0908603874277083	-0.47455703193455634	0.19082549006311972	-0.2123502191704919	0.0762666644998559	-0.08970992350682076	0.3247565298028949	-0.1280661985847011
DTXSID7024164	7.872175775817058	2.251195125968396	-6.7051345041248736	-1.3980790176060895	5.784480048903834	-3.8083017946160123	2.1457208345567036	2.2156107607638016	1.3173943746381438	-2.4402604916495463	-4.564758743623784	-1.28124697923427	0.1483025826440427	3.127999664197753	0.09948236010861454	-1.5394518300592561	1.629663517033077	0.21405531751598353	-0.1086765622343352	0.04927014501272449	0.8066770391765795	-0.8496882006446799	-6.157639412941887	1.6958427598857526	-0.7353018319262264	-1.0033678932506525	2.8668193543929674	1.863289844488444	-0.3662112735517109	1.51921188943569	-1.409013483240233	-1.2440290014625859	2.6232918071786693	0.5733502058738693	0.4676638803888624	-0.3271561444176109	-1.6200633206539758	-3.2392143987730084	1.5563900944325655	-1.2067806351562218	0.8751498348586679	3.075620182839132	-0.9657781228601395	2.0254105530311355	-1.0968324814441368	-0.20685540742130917	-1.331592978797062	-0.6964530943786583	-0.8085529416626204	-1.1056271455016016	0.6127097861491927	-0.2019351096120389	0.06307729119412452	1.5678304915780865	1.191954700214025	-2.142808701114591	0.6289375898830113	0.8154802980855124	2.043958289558087	-0.7423266898759855	-1.5942192536105035	0.555217121599496	-1.5454880336404444	-2.278342019205652	-1.2440936345089444	0.08694300878706396	-0.31225207516009723	0.5881806264400139	3.679202831572757	0.12948294186732479	-0.3216025144776664	-0.714568210564061	0.35743531260340444	2.5206166137757844	-0.4742961251819445	-1.1107131916042339	-0.7194536090239378	-2.6202089289400807	-0.5238903224473798	-2.8333937746878135	1.0105724050223737	1.2069392113509165	-0.28945577077804185	1.5195988944624028	0.3448302052583995	0.9129833360996512	-1.4004773228314602	0.8153641234426389	0.5392922961761845	-0.3024964863346592	-0.7887447095553356	-0.13661131161225415	1.2603937166919559	-1.9708760875149924	0.16147837794650188	-0.12980817218174415	-1.114170070311249	-0.2455404179776445	-1.0944707533676763	0.3232661490140538
DTXSID1042574	5.565414481174784	-0.125262665867417	-1.7214771464362988	0.3910079167947028	1.8505338547467582	-2.4613155910468976	2.1568626589577584	1.1959362807803084	1.6729941632391399	0.18891862123215508	-2.7199535197133398	0.11245716937311612	-0.3742070307699136	1.7780460205240158	3.7823143922977143	-1.8671604178267458	0.4833297549217122	0.8096724414887385	-0.7581264365590676	1.4887438161475834	3.919012840867939	-0.9935408926588728	-0.20196577693548037	2.0511487027298085	-0.6480500546014433	0.8253946135184616	1.4419982691607058	0.464593052009207	-1.6063688221819734	-1.3210611097995122	-0.842012768965599	-0.376944372799829	0.6483119646873451	0.5025712687539439	0.583362364930584	-2.0439330112386447	-0.2727178305117358	-0.7857180288367831	-0.20462769537947198	0.1591679632106015	1.4962548222902428	1.9715124432294302	0.05695227139069316	-0.4314728716743495	-0.3727121663878213	0.23791185842007836	-1.2376018907653394	-0.31668123904727397	-0.08821873297537941	-0.8795473072568921	0.09072562999314936	-0.6107660490988849	-0.11428812768618109	0.676384840283888	0.044754582599797414	-1.1244923327586394	0.541022773669486	1.0738584073107706	0.313204746262246	-1.1348077411728115	-0.37940416224680235	0.23044714191203894	-1.001853614775334	-1.5846877095577678	-0.05857033478421653	0.3706919255784031	-0.46154730226934687	-0.4331639931616418	0.1421202669813482	-0.7424142539694726	2.1179164980671343	0.5748508875906986	-1.195302089327831	-1.0034224520524855	1.0131806878168306	-0.989361233053304	-0.8425326690376123	-0.36438145586870724	1.3148799351199494	1.0104993602065135	-0.36681157796310965	1.1275102531480843	0.17489162739020875	1.4281893350851909	-1.0016027796171894	3.801008898617769	-0.9530093630257657	1.1258601191626048	-1.6191734289588224	0.814851745558355	-0.5938513454516181	2.451730081407879	-0.3537685251485158	-1.0782570822070503	0.1674466240274598	1.1558993548224452	-0.537935673776805	-0.6512566946515184	0.3455615527613116	-0.08365304109935841
DTXSID0020107	3.40717204372841	-0.7155438652780868	-3.0507409160753114	0.27263015558433806	3.8951602119891557	-3.290426335715515	-2.9666529135990203	1.536481366236202	-1.1310625470939104	-0.36784342312118884	2.2106428954027875	-1.6787398646491942	0.5455548913623248	1.6575298149924464	0.02846193637967394	-1.167137312145767	0.8796787944815979	-0.08519196831095485	0.4672078087979304	-0.6375961194720697	0.3237478340279354	0.16416598939591678	-0.09003158305362444	0.1713795439128283	-0.35790523136761215	0.18962777691076046	-0.006079148662976393	0.009783203395186164	-0.8736860515056716	0.24411597489321676	-1.4120487265699184	0.2897095080521036	0.41973200105284686	1.1069261130348862	0.44633671037815525	-0.9865311447942113	-0.22250005482346358	-0.700432717927834	0.8632229502436622	0.2601498648468383	-0.3736662641635861	0.7498031530876651	-0.746762010797534	1.0782203185740487	-1.0798031852588525	-0.35787975621504226	-0.06759730603012076	-1.371086213807508	-0.20865383578367624	-0.17011320588336187	0.2611673736323502	-0.17568812825655952	-0.19602501536527916	-0.14483233623616584	0.2638701100971179	-0.7294147692540262	0.2802702523907187	-0.019009985483890348	-0.3213936749147773	-0.6160436816169494	0.23914093804032202	0.7933356348144299	-0.3065825895065029	-0.3863861284100881	0.0468480892409957	-0.1304989320839186	-0.45731551587785824	0.13228532120907044	1.3610483196533656	-0.8415990872524158	-0.4838361607890412	-0.09848203431981654	0.43049017669008305	0.423530648601981	-0.9244982063951046	-0.7991349233319027	-0.2501234524085425	-0.7420549161528894	0.0373037228776246	-0.9760841997575596	-0.2673971550068967	-0.23942355291846307	0.4941318044321211	0.9752869274571895	-0.5980918681648326	0.10395164092744809	-0.43437645852503204	0.35220725816154613	0.15309552863525466	-0.19844400016469765	0.12400002924161116	0.29033287474113817	1.2270705110763815	-0.03852571639328131	0.9578920747041693	0.19132974938679367	-0.35233553389400446	-0.0006562248405086055	-0.0014140087117363426	-0.6134125571400226
DTXSID0040676	9.735318601164431	3.0456572187313875	-2.749440068651691	0.7701943363156926	7.966906171080802	-3.5312140443745452	4.072576348159263	2.474077874041399	3.084987371607005	0.7346910972761815	-3.00511494513645	-0.9146181756335948	1.9179209906566657	-2.4792708380591595	0.18782499863816288	-0.734458660487643	1.7169094034154706	1.4453397139319555	-0.5811885910336212	-1.7123871469501561	0.9606475700629574	-1.4559102893215283	-1.2013510628690365	0.8810526322022625	0.9632351009765767	-0.6125234084735225	0.021064982723897025	1.9361614303544739	1.118604722338645	-0.7404211784803805	0.28082384486755463	-0.09057792990872332	-0.35433127028613853	-0.7338146600837573	0.5267674901613596	-0.49260008014539264	-1.636199478892423	-0.02264016552123695	-0.2737575536775597	-0.7345760897031348	0.18553549070895098	-0.7962933830247877	-0.05694552992657712	-0.6194048091112413	-0.007669605194707221	0.6448155615564204	-0.690306030883198	1.2159002897484057	0.3068735091149944	0.13999339701120436	-0.4556775887889148	0.31994130694852	0.31645109585650916	0.11868719857935348	1.1763562091513795	-1.256907648428994	-0.5481855580480641	-0.1253409252379416	0.3255303761485994	-1.1332299664613834	-1.2469144417271047	-2.6491299265413404	-0.6934352783172967	0.46378138217842363	-0.3572472768930821	-1.975201349646786	0.8967362953784741	0.898750266629247	0.21287939237215803	-1.3985288910442744	1.8953169948246456	-1.8054611138457854	0.18806251760356013	0.2509571297395465	-0.23975502576469623	-0.7776482312465909	0.9716112740490289	0.10646574475267716	0.5762634721671273	-1.0988424341644365	-1.9594911216844162	0.9313961691680738	-0.7569994752656748	-0.07383946183326365	0.1546496929333788	-0.6495094137913142	-0.7231489087696539	0.9997611711472917	1.1447706132886408	0.263396055698524	-0.9580534353693928	1.1654213985646071	1.5123771354950535	-2.5215532781275756	-0.26989210917921536	0.18246991040733507	0.05864205189365249	-0.4729660581580333	-0.4955622135745947	-0.5656252483414489
DTXSID7023277	6.421102225751053	3.737218455351213	0.25607052163942645	0.11679810369118795	-2.6698047798049673	-2.5849580774034706	-1.846139626607189	0.017112081351317514	0.9910593170245353	-2.2918893028325433	-1.1400456443821951	-0.15468769071547575	-2.0335484331494866	2.2918579237603827	3.7293479335958293	1.3811761332613304	-2.0148742218280145	0.3657522780972305	1.3364013793721174	0.8255849075809586	0.35088543426903224	-0.6863939823337522	0.7473894535594486	1.8984660686608918	-2.0606476490260195	-0.2995198938135062	0.8047281784593869	0.6489685844022517	-1.2711798702242143	-0.503072531262204	-2.1192329329194557	-1.5454495186308024	0.650677800656232	1.5476208985843032	1.603455981888025	-1.6249333106866604	-0.4193450292061744	-0.48965040730604964	-0.5155370877961274	0.9424471227746609	-0.927886678009703	0.011860667829502373	2.0678793473272497	-2.0605142123353852	1.006225007533656	-1.0954857212385887	-1.1079039837632918	0.36958446302385517	0.249751594939372	0.5606908942786979	-0.0010236508452206347	-0.3190806003065318	1.5057820295989643	-0.8086914761379644	-1.5839791374031325	2.260558819518945	0.6474744818512904	0.1839824226389136	1.1687606741865504	1.0139810875161472	-1.191209653039938	-2.1981251023798216	1.6252084990567017	-1.4960800813962973	1.4003267193495732	1.4109545197296078	-0.5341542961085539	-2.3255951534305446	-1.0293553597218055	0.5807178065042709	0.856950256243023	0.05791964920960722	-0.9289462234456408	0.2682892260011925	-0.9045086586077494	-0.6818434666253373	-0.25716905439884724	-0.00961253347071978	-0.767078302497213	-0.6895104269405063	-1.639181285044756	-0.040619327228137624	1.178665194952153	-0.29600346915557796	-0.24170414564342382	-2.073313286916715	0.7906570169990326	0.694692125725196	0.4536517024483459	0.019080225675978005	0.7914657286166041	1.0086196146312933	0.3850980782229728	0.2925185541341539	-0.6964078181629217	-0.4855798940967347	0.1933967934805132	-0.16734602926695957	1.504056112315516	0.567698702500868
DTXSID8024159	4.595803322529731	2.79107563318363	-0.8371436716999603	0.777084100743662	0.7692325243153939	-3.1181906271919635	0.8479349929708481	1.0719175998811874	-0.1587342521114421	-1.4362462865760544	-2.151875394495687	0.9994684958780564	1.0546357602356495	3.3654489739322577	0.6049494622695013	-0.44149359796182275	-0.18480441698033997	0.9549541137315705	1.562431843104233	-0.40308996955225684	-0.11040009137836232	-0.8798593370928501	-2.0348825951871006	1.1131336894688333	-0.08189931217120451	-1.0986406334745795	1.917314622126296	-0.01688956823453732	0.3006427863433818	1.253778600214268	1.3833409457558543	-1.1709486594721759	2.422319770791328	1.0619805927402968	0.7878353203592409	0.777253172378134	-0.02649063872131775	-1.4601932989899205	0.635264487803257	-0.4176491168487738	0.23833717373565297	1.140971201590415	-0.6132759849293291	0.5251746379896007	-0.7751063322088584	0.1269844967810469	-0.8447104307841318	-0.8480250282321848	-0.42182907778160006	-0.9750491213773469	0.1257549326448492	-0.3340088634336038	-0.7728230401141256	0.7401836440805237	0.7655346595452198	-0.8309360773343948	0.28032940714667914	0.7887156055937014	0.2764717226516311	0.35114291537575776	-0.8237426603190229	1.1950667363760614	-0.8106143732111114	-2.016543515436807	-0.7918871886014197	0.21172380362885174	-0.4367835459899442	0.39252163975889665	1.1468630805838622	-0.547013190664165	0.07827218081355601	-0.7786273915695487	-0.05211057334063128	0.5620610059867488	0.27554687949965756	-0.18829850605170934	0.19061960028005553	0.6598400133979567	-0.045002996062869616	-0.5679607925462904	-0.9235736197875823	-0.7684051019067961	0.14793713254731233	0.4069011269553399	0.6541990445482782	0.05857939803134884	0.5015641168514525	1.608420379533455	-1.1469468730549055	0.6441845928219355	0.264705969600779	0.23948637366293757	1.09860846314979	0.5846377694376743	-0.8845453866883449	0.6074193655114363	0.37028012921434583	0.03183115069688834	0.4154382488707231	0.08418998337087666
DTXSID4044822	-2.3401367498257253	0.3310537951771718	2.0890282184455433	0.5427440373687938	-1.6628466241501292	-0.6976601137400336	-0.3150103629881171	-0.8337419576230856	1.0503260233092613	0.24733446418020605	0.4381071937522873	-0.16569884841092145	0.18432024743587344	-0.31510424197397224	0.27199628994343955	0.14107269048325594	0.8038696611521626	0.7640237766658936	-0.34715152661652965	-1.1841656838464563	-0.13763922889027078	-0.5800567656156191	0.4240898647665526	0.26730474972665874	-0.06416033940073355	0.12600665518676907	0.24928198066295454	-0.4694337553529267	0.1455251165075184	-0.5558148688075424	-0.12031730015453287	0.5192057690941236	-0.004168878758446155	-0.10917748685489587	0.22273128690798752	0.10277016561588706	-0.25627903568158084	0.7355307146385324	-0.0989580875758477	-0.45430059989164595	0.27595061520613234	0.40768829510863647	-0.22062637085971298	0.21486248000418284	-0.5176750230181731	0.43145338376400305	0.4118640872608398	-0.20279079461481167	-0.08896648664942812	-0.07284102502433307	0.00779845246535495	0.08335437522960668	0.09721761419954672	-0.14212759349918477	-0.12787230501944985	-0.3752486465138319	-0.049695420067102244	0.02571350086450705	-0.6035363304443017	-0.1447795858504761	0.06492426520274518	0.19616897748599216	-0.05775460758316842	-0.3936046016150405	-0.18201591855965693	-0.39986266592938935	0.06743348939852668	0.7920012758906277	-0.1847076804514399	-0.1134171907171266	-0.27022307975477117	0.024687286394696695	0.16737991120596685	-0.050904656899854524	0.015034025820759618	0.6109519924001312	-0.18015788432981675	0.2030349361418323	-0.3888812860181679	0.9867250014951571	0.07331884887554617	0.2508040654140426	0.059730435013052016	0.17687206938922026	-0.1700615076098209	-0.09004351226948887	-0.005166715861933488	0.699396561352173	0.3767515356335444	0.13045303577853767	0.35537661718410696	0.432887148527628	-0.12465736585357413	0.14831916735106435	-0.1306034924817252	0.10893949527175167	0.11484829489788588	-0.08107312624859349	-0.23684786424109008	0.1469008292220343
DTXSID1023605	2.1200538235099033	-4.954840865648549	-2.269228241081107	0.9397357146262988	2.9941086656604092	0.3793860390000749	-0.2464481673191596	1.2617764489089125	-0.046659423199160055	-2.1223221208661376	1.6143787300326773	-2.3870495704085255	1.0516634874358273	-1.8050536934043226	2.6266618427240274	-4.602190852411594	3.4834756916514835	0.02776990894011765	-2.2152601435801262	1.261631913446028	1.189330491959891	0.4889558635918978	1.2092597938330374	-2.56837862205087	3.5431678522289944	6.025422853792048	-0.5671416510461568	-0.19631555833371622	-5.994763351850482	4.159652221516609	-0.36702544435697154	-3.3652883763905352	-1.2940463891896268	2.509103802061588	-4.0966207126189325	-1.9902989628603318	0.9965510861526594	-14.082172326107424	3.151455916818659	4.102804642184762	1.4426963501610637	-1.4154166673743205	1.8515413105780618	3.5977270932138117	-9.737899191468346	27.074433399099576	10.91385135388758	-10.512394870737383	5.608667224746701	9.557487941614001	-32.144303564582636	7.940211478750678	-17.486196109956435	-8.440971298274382	-16.03411973802517	14.774701726152227	4.0424882868707215	10.127125605463116	22.22064439407215	5.471391421300362	0.34885938380454884	-6.7106952535383835	-6.143324061772493	-4.686637056039906	4.011408996319469	-5.91273099276504	9.825284157173153	2.103275867880328	2.4749815063458644	-2.5585112342770895	1.0360871573605028	5.17320425380178	7.46734981385277	1.185172992129779	2.689111714539523	4.037615088003873	-1.2850158606707105	0.2682292686083556	-1.4870803375535775	0.5572700119549676	-1.0133717823054178	-0.23466800233254856	-1.13215430691501	-1.191110792142412	1.2432240511141326	0.7595895342661054	1.8078854466000978	0.1030704702126615	-0.4606215840354065	1.0798280697447973	-0.8109076039505053	-0.6612131952720327	0.3597250715041961	-0.9114001590291883	-0.8440895379222333	-0.23449617679716403	-0.41664519414319723	-0.2947045602136373	-1.0227220687725567	0.7080916267220894
DTXSID5049025	36.31820361426483	-9.744278327072399	2.1833178766962815	4.840155731279058	2.9901526554220452	1.9891375923221681	-5.022901522500715	-2.2741948702553527	-5.769338391921748	1.9602836837399868	7.548173939022181	-3.957335539581063	2.495671403111281	-2.3416732953868484	4.232167838603113	-0.6253879871897671	1.6735822252273258	1.6463195726967719	1.227067479695746	-2.54209992803542	-1.431064257448582	-0.6752802875813468	-0.9294366243780383	-0.4603768018080925	-0.856482494948418	-0.6166520071920121	-1.3989596137301827	-1.6246263817219526	-0.5046468050632541	0.5661211433565033	-2.110641774344134	0.34306004652320643	0.1424955285404451	1.9616929204528908	0.6124124032215619	-0.8288404033007307	1.7079859534452708	0.38478684337751073	0.3897490437765178	-0.22814779337439084	-1.9882119733697088	-0.1060607924734701	-1.3621986541568798	-0.02901827810848454	-0.22036636402658222	-0.109950711528631	-0.3400924740271374	-0.9779485251307285	0.7100718781531172	0.137836603258509	0.06914902089279679	-0.22221874585690482	-0.02713754352588441	-0.7798423954087192	-0.025446807976797832	0.43841157413612836	0.2740381509328091	-1.7621911966209802	-0.07592499434418083	1.5957758128689183	-1.4288299887413323	-0.6036699057584536	1.4850354327692616	-1.6323489590738267	0.5916963220394155	-0.9949900745583745	-2.0413034090821793	0.5316478827620658	0.4511983632560377	-0.16787590329997334	-0.12473346381131169	-0.816149016687048	0.579834201964975	-0.3697585016419857	-0.41748040001225073	-1.0672173487250685	0.7717778949696006	0.8025424494446607	0.04895097993854821	-1.119182657518552	3.28606336391239	-1.937753441665389	-0.8194296109101794	-1.2418549380929589	0.36582384119790184	-0.022453434287692395	-0.5436095162932293	-1.18242746942521	-0.8315956593448008	1.4241669418012672	-2.0646347182369866	0.9315186209909897	-1.7478926809407958	-0.7860467125317068	-0.684549954942868	0.5157925536317092	0.761194833603156	0.5819995968375383	0.7656560870230341	-0.5653974132324205
DTXSID0026967	3.6617126327603238	3.260203186756779	-0.8835277852741983	-1.1533995584389687	0.3173176397126311	-2.244208759418796	-3.8031401652601318	0.7829640401421217	-0.13752281450068027	-3.3077234403339255	0.08110996270305092	-0.10818479682153442	-2.8185780862311245	2.6173293395114907	-1.762308696830348	0.5450757692840525	0.2085299783720963	-0.8901028730000181	0.5409121042346418	0.11379011766226407	0.8593711578583452	-0.03784494859608943	-1.3643094553683772	0.1319868791886536	-0.5860517098221392	-0.2831987401310035	-0.8566247795208879	0.5867387158891748	0.17676699776596977	-0.9747361437392956	-0.5875644077628338	0.6031361466887312	-0.338191599520727	-0.3474737310951101	-0.39930787018897784	0.7186261016529318	-0.5794635989140442	-0.07548234097279957	-0.47905028410979433	0.0033020193810480917	0.2479898565511178	-0.41602749796128224	0.1659333381822078	0.6283747347913232	-0.6935066060767501	0.16654321950020054	0.20237719034595134	-0.05183203611606939	-0.08734457677421018	0.26082675971404384	-0.4303182266125117	-0.041022952232891714	0.0687833449380965	-0.5419965960532953	-0.24545080723518084	0.5071284557698662	-0.8637920629190745	0.25164807667589495	-1.0081011045840749	-0.6429407168870018	-0.5619444298846671	0.15345692133364833	1.0468729975388509	1.3488491001746288	-0.4800821356907006	-1.979351351081435	0.07059356903540899	-0.12838560871932891	-0.11420348281972964	-0.9654644131600432	0.30519705605113256	-0.014022789909282065	-0.13678918541873658	0.18232871219034957	-1.2734569288131585	-0.06357192134073253	0.5346458170564525	-0.32776422288656626	0.2514627924750344	-0.11225969176978419	0.08008932507558728	0.6393314119778358	-0.13209821370243932	-0.021778234407166638	0.23515963127032524	0.6282818690904087	0.31114093046589036	-0.5151499096045465	0.37315312445172466	-0.7879251123184806	-0.7844014945654065	-0.9529052552779499	0.2684919613700176	0.2963750591208568	0.15825795047967886	-0.19426711061457266	0.3644054379910498	0.5026444393898856	0.8582628121553552	-0.318927638468377
DTXSID1024629	6.146085496903316	3.758073919082636	4.474700942041006	-2.5335356487031513	1.9407499552620058	-3.8271661882845334	-2.623048387331174	-0.44909805066762487	-1.247768997533346	-0.741763165784722	4.2904072056816505	-1.38321592268318	0.7033732096072182	1.0378245554986785	-1.3188528795735215	0.3340552314666784	0.9768959998237422	-0.428102541502886	-0.8039715758765165	-0.9252700311755145	-1.860897092668272	-0.3813885511494453	2.282668937265651	0.8831778792232714	0.11302219209428467	-0.5576721762414669	1.711767770005421	-0.0861412626620943	-0.3101402016841349	0.8286428208558304	-1.5156540831358274	2.080899636526163	1.8992720997764008	0.7156236158605096	-3.4822696692260213	-2.7887697287055926	1.9689564353635314	-5.8721386278393	-1.5987219566146758	-1.3937878774578716	-0.08802478852737264	-1.8826583350332835	1.762919826388388	2.739958882395188	1.7489333957208175	-3.971917796753846	-1.4198882145817928	-2.4059781660512662	-0.2848034369331287	0.3753472141688556	-0.02948752292192264	-3.07000485365887	0.9396786332173823	-0.4743654278533965	1.0529863484059356	0.7539710627144389	-0.21314375150885903	-1.8224500958241958	2.7377003105705935	1.201703012035657	-2.4430244787270565	1.2987204115657425	-1.0140699989887152	5.2308508200893575	-2.9993657289682094	0.4189100694985381	4.034841477901539	-4.134410192267626	2.1971787685005055	-2.399001631944936	-0.6553755143436099	-2.604550182119843	1.112689302697279	2.470880650109218	5.3895281845240905	-2.5236778775184763	1.4058965619678925	-2.46059397268138	-0.3565083006747972	1.345791360770925	1.222695709906925	2.2774755718798256	-0.1268129680657032	-0.47157452334640565	-0.407103986174733	0.025655194043423757	-0.12708619207724067	-0.27035526900432283	0.16931087435596215	0.06513861365797084	0.8850414625570225	1.3984847721872216	-0.10236090485914427	-0.1021480689336646	-0.6572664698643589	0.5096750983060925	0.2893630979616994	1.3952113652866454	-0.5761477951655487	-1.0771930490778834
DTXSID4021139	-3.996952048230114	1.1953992373470987	-2.919575544664197	0.5359106768669895	-1.7844912952502388	0.9772068033833972	-0.7163165507258611	1.234886326320529	-0.4071087680407249	6.183696611497574	0.4301776663037071	-1.403781017966421	-1.485380082632234	2.157376765697523	-1.973823109921629	-1.9435186093828662	-1.4855360310375056	-1.2265111638010218	0.6284911092946396	1.067800993022896	-0.900292960640214	0.7179248283796861	0.5071161242580561	-0.4401099879781391	0.08717516771658303	0.9059902194422028	-0.22443452625481736	0.1364351418469002	-0.3784422891458394	0.3149143567826761	-0.43267420796721395	0.17906942639318155	1.279286605854408	-0.19702764459233177	0.1452926271612985	0.9912133865357462	0.14710212403130934	-0.2569893684344021	-0.8882619323819891	0.5950589035364905	0.7812797202429804	-0.7107770345521747	0.7184291750054764	0.34402477317782837	0.028750100807247318	-0.051300672786902174	0.524174388890276	0.15841639048287173	-0.055071446941568736	-0.6616152050237294	-0.37174495129565593	-0.21742932252013394	0.33149037619246086	-0.043098587387213894	-0.2465651416675049	0.3603723809214298	-0.4406864362560349	0.1786003305768211	-0.6092858881896631	-0.8635347980157595	-0.237738743967529	-0.3953557051457364	0.25290208568943295	1.1952067424177906	0.03630939756341008	-0.30217562550810073	-0.2383914693645381	0.6415649483386595	-0.18644456608207632	0.02981108148068714	0.1709340544557855	-0.7151582608990932	0.09501565415823107	-1.1429163634623143	-0.07849526555120703	0.7345830846671605	0.24735498008759166	-0.1011203384750438	0.637868937332212	-1.0889381269435647	0.5430714345302992	-1.0390346852435823	-0.5991351375739813	-0.030299884269652327	-0.37551623520511745	0.23833020021101	0.36202873240499595	0.315542100901207	-0.8747075381672998	0.028977140186088622	0.48341650614000276	-0.14132521830151804	-1.0303214421728497	-0.4025866396720019	0.20434985999252367	-0.348151223625445	0.6267698447885279	0.8165109682593387	-0.33686556946757024	-0.11305519088435007
DTXSID6027133	-3.41103097408322	-2.514463356481253	0.731218442042048	-2.4549189809464287	-1.522043606203762	1.0717349570302082	0.23275793100480757	2.059728603450443	-1.0922386982313417	0.09784547224651423	-1.1230226927033489	0.002051572046748726	-0.5514372152828113	0.07315131178072116	0.3823691071057959	0.07126329823296883	0.2580299741238022	0.6517941143620564	-0.6622159185630943	-1.259658524147495	0.668618347556309	-0.4872137132065521	-0.5707471687480435	-1.4444256675705802	0.9022556577098438	0.4814818094166817	-1.1659845658850232	0.5565482508660902	-0.7158722435003279	-0.2731152738558796	0.2482641029774808	0.23104030988491286	-0.2351691824477976	0.5974929436064176	0.39321405611376253	0.3098928264494406	0.449091466540174	-0.731133977538383	0.29164590475577473	-1.3112126902890422	0.28225789931149825	3.7648070727180176	-0.10137709922819267	-0.663257958354156	-1.8831082124118739	-3.5186507955773783	1.754551592458536	0.7815556541763935	0.928050554527928	1.5776402146821007	0.3506563950972254	1.2345665003133595	-0.7011247587446101	0.7670779094589736	-0.4561663094593173	1.3820233543363298	-0.6966947972091074	-0.7786928251184394	0.4072818126000753	0.4403446223236722	0.4731524701213937	0.029049524794613323	-0.04402941833059081	0.34916820790800535	0.6965304461720331	-0.156287573145347	-0.30820605083055386	-0.13754466861947767	-0.024911337188630457	0.2968183037016656	0.3954397346391595	0.3890837760322417	0.06407009060228641	0.58922685571467	1.6019554637019089	-0.013939237684395802	-0.2474575887762999	0.31337056505077077	-0.23792346964706762	-0.875826222119696	-0.154393107341642	-0.5706986004853559	-0.30463937452056156	0.26229358267735364	0.5076508095590159	0.1004781282715758	-0.5548359163298446	-0.16265604605462486	0.4174512885117811	-0.024926042347100635	-0.2401468129553167	-0.6664093976573745	-0.2508516681049158	0.4356855505569857	0.1017970804810947	1.359563634831621	0.021047169376839057	-0.06397984500063983	-0.2886982264879555	0.5172388323260427
DTXSID2029325	1.276390579623041	-2.802858700382829	4.532042970078927	0.4385796787498073	3.021583393756036	-0.6242938193473954	-0.5635881470191156	0.27334719916171085	-1.247638689799194	-1.2302917674118894	-0.7905107781171127	0.44894267523208037	-1.018874176095542	2.166181301179251	-0.686658258118801	-0.11840904519379616	-0.4381697927527657	-0.5888886227305185	0.5363727889115727	0.11362822295627172	0.0771641077645013	0.21770839575429607	0.654137370996585	-0.28469291917428774	0.12589834926078766	1.0900761540186485	1.5598037161133353	-0.14950912221203022	0.09151108529992154	0.18073737174182708	0.6879797460190901	0.4175554065129405	0.3297144633677792	0.14003521806677996	0.9468783601762726	0.15057833687186795	-0.3195579409490508	0.5751988836965318	0.07387509479389066	-0.34132297146306834	0.14426841625294845	0.7036217734345931	-0.5559215794773185	-0.371466133200497	-0.7465912753466544	0.13627490781046928	0.23280406544541904	-0.06661301658154485	-0.43929008954110094	-0.6575573954700321	0.15391466205087717	0.422785530018717	-0.4034125570091471	0.18747659947376372	0.3840353591326793	-1.322430912354974	0.40068931405997643	0.526434373671543	-0.13798985464540459	-0.6130196778572369	0.17061892318880456	-0.050296572927195624	-0.6435040564979753	-2.3265145362996336	0.09491058954816617	0.12133981295672526	0.13970587413129545	-0.05194575951702999	0.8090557841310562	-0.3220591525562552	-1.0557626559527211	-0.4761476484229559	1.14743924824042	-0.6356624448246602	-0.5656997955408354	0.02293878917439669	-0.7271464825536076	-1.0342159649422766	-0.6388056396737956	0.5172752008776396	-0.9106149720088631	0.3738980974219155	0.5717605159269802	0.28727828640784697	0.0038938813254570377	-0.24661884675735563	-0.2780997314057324	-0.04901975553572019	-0.6156584004165955	0.4538735026509635	0.5540916582828216	0.9528565199632943	-0.35604486685064174	-0.15065539705440267	0.02062742436372045	-0.38044290803570674	0.44054052827558304	0.23188168864528277	-0.6243490385471071	0.16373692893225475
DTXSID4021268	-1.6604419198723313	-0.40996886046554354	-2.8323252356336184	-0.21077729885054972	0.4581555240026492	-0.9761792188564941	4.964793306111841	1.387738263196512	-0.22903500133900975	1.4011584057952677	-0.16613011369278075	-0.5104787029408618	0.9335889244103236	1.394624471787428	0.9368917386683154	0.9236728231008894	-1.3825714523359904	0.5444263551688956	-1.2304185783904502	0.06930537264614568	-0.38388445321953335	0.6369647887805863	-1.7722398372325772	-1.3222709454599906	1.3493152932470027	-0.37732952054666985	0.5616349745613828	-1.117561093839435	0.4475866869623097	-0.10028148179324954	-0.3119900776928297	-0.06119314992382616	-0.02288433571811273	-1.523475484924549	0.23177454040305195	1.0454659202156136	-0.496584153053379	-0.8773331439476411	-0.08038604159889015	-0.5315942788156739	0.8924248491581661	2.3276696612379766	-0.9538127935579382	0.25054221938411053	1.4510700267624592	0.5107562321079111	-0.6558883427193605	0.23547640458344282	-0.14039558348784859	0.4203749348723902	0.15563341628757404	0.18823781315777957	0.5507012721068976	0.749769305884027	-0.7673193761101458	-0.6528993594073568	0.11873812489883473	0.6768252178279286	0.1772261005853215	2.0704260866426725	-1.1057870458065069	0.5748911092597603	-0.4488083987061382	0.2629276729483106	-0.624790634145706	0.06678365228690476	-0.9611988251781918	-0.6935276039131499	1.21317487797849	1.031388479880138	0.12096319379359995	1.1193110762056218	-0.05412185466409425	2.5135810153966265	-0.5923833559723374	0.9691250541773047	0.030276381991850395	-0.05002069804751916	0.11706882749356702	-0.4984133546628694	0.36749390637861207	0.025391703131688165	0.04718446641334676	-0.5383556951370303	0.08652592938919051	0.13907834592806	0.5732419474346868	0.5500841002165289	0.4378480587138745	1.0690834147741104	0.0164282559630781	-0.8776467916325912	0.055208477708580075	-0.4500052289947091	-0.1349925481029807	0.28860327695192456	-0.2697081508729331	-0.12255526233467139	0.2405199656586337	-0.14953613734752397
DTXSID9026841	4.436834268470396	-0.8999849416875471	4.715498504811636	-5.24999432693181	1.2428090872202253	-4.650188766128321	-1.0329062188934173	1.07554579945592	-0.7494400643994105	-0.9825024146062812	-0.4092708530623037	1.2366506968666717	0.14438916891700435	1.538184679000541	-2.678097460232643	-0.40070302210124853	-0.7974653980839534	-1.2863634478672	1.3492332176132233	0.05568344054697942	0.15555553918729803	0.9129066062802986	-0.2622890629783809	-0.7632554030798359	0.5587426440919392	0.4515656467360348	-0.8333619638730667	0.018116299030734185	0.46908508186327086	-0.3705351317521554	0.211102018148275	-0.44447544756195256	-0.6609903190773673	-0.677832407790936	0.6298670343479208	0.3588880999682377	0.3953667798862005	0.6481790057231205	0.26351723913672775	0.6700769914346556	-0.03078680171186347	-0.16450985394542583	-0.05042686172278239	-0.01544288565858277	-0.07153213087211481	0.04454685719970099	-0.0791904844951026	0.34289675367467365	0.22515872222372532	0.27333559179447503	0.0020366151884098683	0.21692773432468987	0.08805512925702853	-0.22552303824338232	0.10560383984967811	-0.025348502020155664	-0.48116407074408934	-0.07564828994972564	0.19353119452600287	0.00717719858316493	-0.1909572677175981	0.17444630719717807	0.4148451596160471	0.22010661025928194	0.17116170273338244	-1.0499741503409477	0.5686124187454407	-0.5000184354265699	0.10753658332815903	0.7346516499938265	0.5953143738652741	0.3985612416217356	-0.360937230896346	0.12550397085102866	-0.8863800401350247	0.6882714774035736	-0.44034950794194705	0.5325783120878933	-0.3384807481081771	0.4362298237505469	0.20388051170260568	-0.5178772986875386	0.1387931786981123	-0.009332423710408554	-0.16261276278876455	-0.19830241793889067	-0.024493673082629588	0.5452869844358071	0.05043526380262366	0.5074492782736186	1.0130282783045352	1.2314425580116444	-0.3464340112798515	-0.6736122566309719	-0.3527977016406186	0.1212789316998496	0.13194241814553453	0.04657167587771588	-0.2118660070624808	0.48374501040137086
DTXSID4020820	-5.796732383895236	-1.5267563202982555	-1.5866476749855525	2.5212329228892694	0.35603668128708943	-0.013454211262098507	5.694018850553661	-0.7120262330519546	-1.716451888771313	-2.215143564334876	0.33871877591636107	-1.0174530872460334	0.8941511457616375	-1.1038866025234202	-1.2831741012616147	1.4036805966407915	-1.1835269412434601	0.750501951042798	2.0308188188927843	-2.140084681080674	1.477269499536107	0.1671177812573838	0.7297407706045466	0.8327309989679702	-0.4428449021554169	0.30601599223478104	-0.15201429092255433	-1.5512651129338475	-1.1279050325246696	0.8374070561085054	-1.2723108643952357	1.0151753854750005	0.06569978238879555	0.21167704367429954	0.7151493595446679	0.03205751586194137	-0.601885163895855	-0.35753543120684045	0.5273811834427691	0.5272606139618906	-0.7021555555323931	-0.9717080760546812	0.5338472621277565	0.2987033294165908	-0.3490872066814427	-0.9964307706451679	1.0299772518448873	0.6311893783362794	-0.600587377301002	0.3141059707198551	-0.3213837378705305	-0.009792375114080236	-0.23193208463272913	-0.440567441522233	0.36338779333392446	-0.4212072693174272	-0.360134836527712	-0.21300699363799508	-0.07986032485485489	-0.14646346633855784	0.7775088983471828	-0.1610156268295336	-0.4071434839597202	0.5417322067565793	0.6002957051934698	0.6745478452275524	0.5739217245731659	-0.208802270865218	-1.319942310494527	-0.23032526060188935	-0.4256456997087099	-0.19970973499663594	0.24092791810318384	-0.26164648525629125	0.391856659667222	0.35227755456182214	-0.583397155421771	-0.7454641912952821	-0.6616270700322557	-0.030170990638895095	0.6723801104815285	-0.718021056788963	0.9348497143821605	-0.1653320455500483	-0.47437786000596965	0.4027925726545547	0.39956754135360745	-0.925599846230438	-0.5370146455055698	-0.4238598097990512	0.10814049445599322	-0.4320799223187417	0.5233546449546035	-0.4698344300096666	-0.28683898043940254	-0.16605671049197326	-0.21905299773570297	-0.4454082848612795	-0.1500567441290642	0.07505875907105994
DTXSID6021793	-3.753659085160038	3.2768490307817433	-0.5826008665172707	2.2605914567044714	-2.559385356344922	0.8823205530593069	-3.4061971989061948	-2.9557196234150886	-0.004134326017840947	-1.379829633975701	-2.7504646139106623	-0.8330400669080368	3.3936565539656445	-0.7495838776225876	0.1146856377400407	0.1634920778820021	-1.550632079257332	-0.11155540051761602	-0.4647166803874868	0.2534178486203246	0.3112132129273454	0.7921855939369308	-0.019406016079761203	-0.547663057071976	0.5083791069466894	1.1557687461725705	-0.000298885139616447	0.6051569377532513	-0.1621139685501803	-0.5474022088871482	-0.26464307756761857	0.03995900907272584	-1.1220875322979005	-0.10451255197228872	-0.14513348433159567	-0.6961703401428785	-0.5083182476913601	0.5573974220406941	0.2622788011742756	0.42905909468367825	-0.43979934211558447	0.48432448998296923	-0.0017736990787216732	0.45969726041007647	0.05618761949918817	0.10094158982124511	0.11474895349686162	-0.5659328498328915	-0.011452965085967897	0.2444923401622384	0.2311334511054516	-0.032045303607237764	0.2507191843614363	0.11501147400974042	-0.13569504196075707	-0.6118520699576436	0.16688695692625088	-0.052727994740676014	0.12148636419679412	-0.24207357360693815	0.4737221601089222	0.2904982063409538	-0.35708207987442614	0.5505095861238682	0.3017461391424544	-0.2431475974450701	0.3686658837062589	-0.9828246908991028	0.43969707076494025	0.33325030688082635	0.16206977307590534	-0.7583119431047769	0.5151597954049411	0.20484922354762858	0.22298605270498803	0.03585261776241692	0.24673007103700434	-0.2939798733875902	-0.22354698271533485	-0.24022065503658227	0.24564482396789	-0.21424678632002725	-0.2121757784605041	-0.3936137663936593	0.03787002451776426	0.07088700549123274	-0.010428397682447537	-0.0054126439932820885	-0.3185855419562895	0.09566419876657976	-0.1771448897638022	-0.11211064029555087	-0.273375483446177	0.04006848068454422	-0.20388750747838652	0.030979169999428447	0.32442834999112724	0.3900767239235841	0.3592019666187743	-0.09627755303375393
DTXSID8024105	-2.5872175017522006	3.9337073322922027	1.9392939426044902	1.6794523371710677	-2.341313866784645	0.7269707521250897	-1.4399404826772426	-1.6383228019433962	2.014525246930516	-0.10538778600288674	1.2157135275966067	-1.028978411640179	-0.6733986735122406	-1.9230046638613274	-0.6785886608622309	0.46121111482444277	-0.398628809672689	-0.4464128750606496	0.6842533130879461	0.6581595560703305	-0.18738058139468408	0.40184152396771816	-1.8249630160698387	-0.30907438938950516	-0.35745471961168646	-0.10384173911489905	-0.038834085894232165	1.2140019865314942	-0.014655674502334355	-0.2266897248759485	0.5312385243065479	0.44796559541640596	0.4831102558730097	0.15498387481511378	-0.2686306339644161	-1.3777798031095967	0.13809325380803722	0.08871652488770469	1.0440603362765324	-0.37337556641745306	0.17242320580417125	0.3553569411307002	-0.32414265407614407	0.1372550633148452	-0.17813709696024746	0.7580700060822833	-0.040128315280547756	-0.12621972967719317	0.17561291918635225	0.1484350719313801	0.11776710175633583	0.11676874969376794	-0.2731998317811131	0.2065715230159772	0.2824373962982719	0.05864163289512306	0.30943310630109283	0.025840403626449314	-0.283274136227731	0.03680688705691709	-0.03885115217660112	0.7277425744231182	-0.10404293395371406	-0.299877236782777	0.038231207879845304	-0.4640260331090345	0.06871353917116176	-0.09859531492896843	-0.013675204986841561	0.18445193100725263	0.3236755616287398	-0.24890653141177285	-0.454823365121092	-0.23473472767122783	-0.38470483137259864	-0.136320848875106	-0.26637405509151457	0.5019090042317416	0.26075952947411596	0.06078983660277393	0.13082558030538857	0.056114920734655495	0.4846814893451719	0.5585895485925463	-0.21405382623463132	-0.12982855853601338	-0.14439597282570504	0.557304659927032	0.5560874294337824	-0.3568808330075231	0.20168146853092855	-0.42837086094405613	-0.0023657393764488052	-0.31557131462912247	-0.6471745076079856	0.05467872348905411	-0.47790499850425383	0.228417370307825	0.01508400392414556	0.03906047652007151
DTXSID9047673	-1.2784886447467627	1.452706356552013	0.46748355498120125	1.118958721889406	-1.3354146655350518	0.42269844458037276	1.7875695780380072	-0.3046240472602243	-0.5323018990992034	-2.247468308762792	0.28148691598297804	0.15279275773367637	-0.6282754276568032	-0.17272520020571602	-0.6601635904607525	-0.5278908176171624	0.9506394402413454	-0.1313023802179847	-0.5156629956532209	0.37179251217381964	-1.6574112555547265	-1.530164055715959	0.5814637429046065	-0.19229854981831532	1.3985122477710132	-2.1786336262960395	-1.7814400898434903	1.2972082172367148	0.8720202068020473	-0.7206090114880823	0.47243772467958184	0.18805263074260697	-2.770705853171717	7.158034619974002	0.3295817745854652	6.643855046155986	1.4461716762857642	-0.23133844351783606	5.388792567062503	0.8005640940390593	-0.10164818843496717	2.543025264525799	5.9085249303285545	-1.6819797167240294	4.194864485912784	0.8948871235462861	-0.22858397890032012	0.12904480887930508	-1.8178798266038096	-2.03289151094835	-1.071200880054653	-3.091865440064004	2.5207609169149436	-0.05255398359184189	-0.007683655803617741	3.206323179602556	0.5651539485188803	-2.7343928080256212	0.44381739849289914	-1.9451422976248611	2.148562806360276	-1.4310811380232606	-4.5240408011868265	-0.22877056121928474	-6.382690081937895	-3.8859431280081074	-2.769191839683102	0.5576971076298901	-0.8807100491305345	-1.498070377239488	0.9176150557786119	1.5176879342981393	0.5971989113046037	0.3621482341820046	0.6323332120517848	0.4156988498845125	0.6492589111682964	-0.8950169421565609	-0.7419523085644444	0.2615715310366591	-0.696092455828888	-1.1572561610894072	-0.5083936716694017	-0.4836152740651378	0.006162062696753185	1.0202679756476685	0.9864692975900707	-0.003542442990720639	0.6737323852816761	-0.4278982232623346	-0.477909883813253	0.2664276164675715	0.3350285548964233	-0.10277220047961061	0.1704046587902727	-0.0956132795630581	0.774347073181972	0.5962421651156558	0.07000558089728176	-0.011639962146281336
DTXSID3047845	5.2395111329576345	3.5791212602642504	-2.0991856177850168	-0.7427182396081743	-1.5583930651976774	-1.0539710680239065	-1.863440772030287	-0.736400170646865	0.9487555698027064	3.690324491587382	1.2262564985985802	-1.0210469861822822	-1.1275357975008966	0.9415124884526039	-2.213442230282549	0.12065111522468237	1.0093838148125711	0.688634477747809	-0.007757088014393015	-0.7922832894315662	-0.2393884516090341	0.0667826185043521	0.7915326643972359	0.1310015062859913	0.3842964672086003	1.0373722000368943	-0.594507899740693	-1.6723020043256271	-0.027134714691921986	-0.8525407278701513	-0.4428906220212736	-0.043692418365600894	-2.4406168039293035	0.7809307369238757	0.90652116671717	-1.7866490652762117	0.9109063179620464	0.23451590328060626	-0.06943108302956565	0.930906025389141	0.09399307812474722	0.01790876953741323	0.892099656317264	0.49134399452542193	-1.1886135470795411	-0.40286553568368216	-0.44071968684886487	-0.8853850821546237	-0.29998325774458123	0.3541225429312808	0.34171782933600825	-0.13388942075569685	0.11217124329315982	-0.47006075484162263	-0.4357504799569584	-0.5523715448780058	0.21726089881223465	-0.47991791921419713	0.03596513816281659	-1.1052467983102294	0.6802665881789601	0.9699246829272952	-0.552244392833709	0.4528205373475091	0.6642685908405727	0.5315501906498621	0.26909540192795167	-0.569153570396645	-0.8403314006259818	-1.231978497412533	0.18937261339547426	-0.9697767274326241	1.008227831318627	0.22895492388930752	0.9526520738522477	0.6202600018306387	0.41089151652072825	-0.15703789746056152	0.4759415677758189	0.947087275111614	0.18255562818370455	-0.7649413680721753	1.7208245186100528	0.7554232694292805	-0.45251221921988466	-0.34903446048267384	-2.482700151943273	0.6663073584883846	1.1843825487765847	0.4331875323920669	0.9472176104353168	-0.5212579383351541	1.3369899059974675	-0.36733240830316694	1.5164349027685986	-0.631694134448724	-1.0999435211656792	-0.6863014792376022	-0.49271285709761015	-0.29020680025897355
DTXSID6046505	9.563681965421345	0.675840074379472	1.5720180481704553	0.9002794923319849	2.4122320395746795	-1.369701989236646	2.7259535394602312	4.356289618859515	3.477397258473229	1.6638720043851438	-1.5272830520106413	-0.13476370193047926	-1.0106846749571985	0.33161938522380785	5.545182883845678	-2.104476032510293	-5.9011668380461915	-2.4346626823087942	-1.5541676576168106	9.733542423269908	4.503104719046275	-1.188784276335429	5.480904174462826	2.2667017917640564	-2.502319734721582	2.028068268826047	-3.645912021414198	-2.4934571960902523	-2.7731985934811143	-0.6314388838607884	-0.9394171258991493	-0.8666332188517571	-3.6994324865432273	1.9418845624136556	3.7289048657629005	0.956633070684571	3.3829665292531415	-1.6354991782545714	0.38445206123229875	-3.444274865144598	3.289616832351838	-2.056838794693081	-2.4277798388459244	0.7682395201059584	-0.36975717645399553	-0.459808332879605	0.18058924068624194	1.0393757912294306	0.31808523753120227	0.7476338538533349	0.6731584597650051	2.511347395355836	-0.07669397021664313	0.5413749992818946	2.215711460544099	-2.9723859699197495	-0.2863713243420559	1.3057330733417893	1.441337883159513	1.105180396033353	-1.316398860830305	5.221334728623468	-2.0566784304980956	0.7615930799745294	-3.3299030472748776	0.7347396782068873	2.171035243945191	1.516185816282233	-1.0238767561065123	-2.7261223692563537	2.3188550380421953	1.5892596161422914	-0.3774145600836036	-4.5839140861207435	-1.1275704305789584	0.922001208246256	0.5696433220632391	-2.421211757657239	2.2873317224411163	1.6578247580435141	0.0250729523315789	0.6111139020964327	-2.9242360710163173	1.2256697984055713	0.6874955016522935	0.9252120349923605	0.07403663418694682	0.2944510324167684	-1.3864903152619732	0.17993395792072503	-1.6114167448298125	-0.11201451119432018	-0.7799457136954335	-0.357720821663259	0.2694275996760058	0.495190426685631	1.4894514861726988	0.5141877225711071	-0.9419592156239261	-0.44740627758770113
DTXSID3047425	-3.589245471624494	1.1650622113377924	0.8845272825345678	0.8170394752552974	-2.142603185217217	-0.14030238387588456	-2.2234461305091884	-2.980966230780591	-0.5324325146688086	-0.9050557604366961	-3.5434926816058843	-0.523829221982385	4.35073858920309	-0.21563381410455493	0.20293927167822895	-0.9134069686809736	-0.7544661559600682	0.12250098034571587	-0.6373416300282485	0.20436443878153762	0.29422556796153854	0.4760931918021907	0.6476807509857829	-0.20318509975562463	0.8082959710303933	0.3686331881308325	0.24283274014516631	-0.28486495548007057	-0.2578730589903749	-0.005664972878717103	-0.35409349370375753	0.008755443601120393	-0.08611591342024849	0.1682839721029253	0.06724702849048271	0.10677270292730909	-1.0413780706972702	0.3289914380420871	-0.15748659636823412	0.28294391459043433	0.009049446730016585	0.2830581766061001	-0.12249332779025922	0.18810006137123864	-0.1848028028572336	0.0019575184814743687	0.443915197914493	-0.47581600434927507	-0.2065305439949546	0.05139721216242782	0.016600030289505154	-0.30942395252317767	0.35634099538871344	-0.03519265685003611	-0.10153244461874344	-0.11790666048668148	-0.03855909570382491	0.005314704804735936	-0.3113887707847913	-0.40862159340836407	0.4871590407915276	0.16092033026902686	-0.22564203970985797	0.590960308196772	0.26578536235571665	-0.49752174913736674	0.10628172727197235	0.0904312479929525	-0.06235817832077382	-0.4922710212911528	-0.0859448596654809	-0.16533469423372504	-0.015786280417495722	0.13584550030789586	-0.03010601023213562	0.2268484741773412	0.29889075567586915	0.08097760646351083	-0.03339499954302937	0.009869618939003733	0.010668406008212065	0.001987167938400943	-0.20005035450113065	0.12458774454738773	0.24709889723169903	0.14220738848875802	-0.001982755150294976	0.09957085471399339	0.6046977194734985	-0.029993646787267497	0.1366806468464794	-0.34671080721915487	-0.17002341882965272	0.19872595877895508	0.006812861565632166	0.13029157533522012	0.3061651085146149	-0.07305508554527745	0.017671419385591906	0.47085208359151837
DTXSID2057659	2.4454024316201157	-3.8946285118267894	-4.7146521046882235	2.8212271003457645	1.012829412735489	-0.6614830862139218	4.001871806563294	-1.6557490973946998	-0.21880383964541242	-2.295036923036419	0.942558566808832	0.09168580616709429	0.9748885474309656	-1.1328072568768248	-1.7110023620441517	1.6659363411932346	-1.1950463615477032	1.4182879813192868	1.7141159935897408	-2.0678896372648046	2.3299337781335225	0.15713577364614176	0.9930066857710526	0.3799083718604213	-0.2906270012570073	0.47256606026697184	-0.03345078360008943	-1.0621261990721615	-0.5860261943711953	0.14146466380887196	-0.5104956152727188	-0.4159910463422686	0.35167447761968307	0.32277231951307195	0.08657444668555402	0.17425891684139172	0.0821736134676563	-0.14120437096083793	-0.510494265196321	0.3741341522138322	0.5504853602224187	-0.8016334972940089	0.6188626468842582	-0.2557743922942892	-0.20617768461002947	-0.6157233519120442	-0.014305166432210381	0.23563913416831744	-0.11509956884971878	-0.2736875824014813	-0.11554809322234971	-0.4091789982006008	-0.016491723541803692	-0.6643869570892633	0.3568268954207173	-0.25833092746966324	0.6066401936948794	-0.26099997010861153	0.401476229651306	-0.46828127415824017	0.3136522101790632	-0.19741274368441827	-0.43579481239068174	-0.11079613452245984	0.38743671163306276	0.3415894731303611	0.23136020060610094	1.8059476624821105	0.16971773808479354	-0.40857938199013	0.2949473796999504	0.1070193060116012	0.13873802267608853	0.1946730526193281	-0.3377480601157243	-0.011849052472498086	0.13661090461778141	0.6918278210961881	0.6608517447736816	1.2921052375433837	0.4281778565264502	0.48418806502849837	0.06294457864627875	-1.0553360597672254	0.1536128153476427	-0.29140138652955105	0.3072882753377922	0.4425190394267266	0.6407548969930547	0.0028151059906868473	-0.39081374300908006	-0.003443174654452014	-0.5735631110982181	0.4722528384326254	0.13267216277336405	0.12196352370241252	-0.45315605411409376	-0.025395872253592786	-0.16539692038428502	-0.45227154025908584
DTXSID5022774	9.86992193585563	-2.342416766474009	-6.631543928311413	2.8179214092419667	8.07546764379904	-3.4735802377892817	0.2897582651806504	4.738672519090778	-0.40520414673322125	-0.8888190609172656	1.2150703462455046	-1.3926070486707913	1.8585692702692362	-1.1957902168064578	1.7528105432582546	-4.37372651640628	2.5733298037898003	-2.2174227726406985	-1.3873128587542738	-0.006789874231876861	-3.0212342181563363	0.2141664634558847	5.498657429238099	-2.140239285628702	0.19825837758646428	6.121408055856016	-2.569282324864107	2.814625493364788	-6.690190688448036	3.8294386801286215	1.5441636815204483	-2.2538931662966704	-3.927548144244775	8.063897632552269	-1.4396450653588786	-0.2607526513174162	-0.4055140118533046	-19.190857404305973	6.82952104104052	0.9958562691554634	1.0982822896816347	-1.6389355228036557	5.316812207668146	0.1502755296573705	-8.814601810035471	29.842542452161464	7.574522948696144	-11.330568676627237	-0.2986181768573356	14.350656204084245	-32.05560929926292	5.876616594928347	-16.01290964363837	0.7314793062565867	-17.487979406048904	11.420518443677208	4.224386554415806	8.431141119362568	23.830183543785324	0.7380582593911259	1.3237647556831893	-5.1616620204878	-5.426510883458097	-3.0854468592021127	1.2849841544619292	-7.697195505344583	5.786018389992445	2.1560874516190114	1.187155256267095	-2.6902009446595994	0.20872321429223703	5.575705881143438	5.716718808713599	-0.6802584133655757	1.3367762924182673	4.239225812246815	-0.27496036200580193	2.0654712352241287	-1.4408423292569215	2.8224372674114533	-1.2692985112378266	-0.08296215403191427	0.1913918839502149	-1.39353317757118	1.433156243524704	-0.22306343313638244	2.672347852512348	-0.5640746609138333	-1.422774360474628	0.9006852683520948	-1.3704625264836479	-0.7607216468435681	0.6195116195972526	-0.32322364780113594	-1.1408356404860884	0.7263343400953696	0.7494177537724495	0.8373884152120649	-0.5193606213403975	-0.8160049719958858
DTXSID0025812	-1.720146862433614	1.513393057156701	-0.05180597704430157	0.7447797132479221	-2.984189372480488	-0.1781769974357226	-3.9462340816223467	-5.280305811740431	-2.143009170781029	-1.1273507843202464	-7.3056329897188075	-0.6789775273422199	8.724872379395821	-0.4473409971948313	0.7575773552226602	-1.4978659455526389	-2.7757372025717966	-0.1960835444314206	-0.9509049662210538	0.8638740110298511	0.31239550577351016	1.6367887339897498	0.9415858723753923	-1.116839703581406	1.6791691728948437	0.872335620416579	0.44504730095643036	0.010210139679108528	-0.43339611987611304	-0.22466863470449125	-0.6649048240247423	-0.055703608841280186	-0.08311567164725663	0.23096650304763136	-0.000904421963600039	-0.15777147036622077	-1.9108707699829408	0.3624974194538367	-0.10878989387080387	0.25915421159147956	0.2533488261059329	0.29003888282173945	0.07944593753994852	0.24616326836247884	0.18872435081762226	-0.16032705812763284	0.3628602460614175	-0.3076276695657664	-0.20818909432562688	0.1953563004785056	0.033150459364639395	-0.465810152551695	0.6767061749767469	0.1876515344698414	-0.008016456117309865	-0.13282534828149375	0.3116416053301098	0.08184726980104277	-0.1284527639044818	-0.3876729420553468	0.372462779083043	0.11429541467718218	-0.5500052601726474	0.7719908402459236	0.44692505460549115	-0.8237146050061311	0.3242193139027891	0.042253261181626034	0.17863346850189432	-0.7147310519285582	-0.26013163241214826	-0.37338713646987204	0.1940353623387355	-0.1448128321523695	-0.3543501971333871	0.2116959811324139	0.7372957007289902	-0.5744539320344033	-0.06832589675341508	0.10754029333298505	-0.5858066686159422	-0.35023770036893076	0.06875945553553599	0.08250491072490526	0.08894511201721893	0.31698021535807086	0.2805127216674459	0.2527940446616569	0.40804998492890404	-0.5571200141862144	0.08190659481762452	-0.3191042325663904	-0.06727907904259654	0.40804561123071803	-0.26226974488089755	-0.14650988056406652	0.42508359568212506	0.15799033830914125	-0.005229429577272627	0.3202606363414934
DTXSID4031980	0.3247681171915572	5.333750952590756	-2.863278392130035	2.5839028957985555	-4.538553763530552	0.7770428642560262	-7.266744759265313	-6.8396203866416005	-3.7519720277297894	-2.0886102980083128	-10.336919167879179	-1.1890619665152184	12.153610244411855	-0.33050689466572036	0.4815561690572914	-1.110539874920359	-4.865832738629348	-0.509457318920113	-1.143207028073983	2.0169071652213546	0.7356366408070173	2.681670499096281	0.09216475507580985	-1.6074351127516748	1.8250475600310885	1.4977566803976543	0.2398856942678922	0.7385800918833003	-0.4447750849926339	-0.8608161535170306	-0.2198182377350139	0.2754286828215154	-0.7928407729293614	0.5344652474461467	-1.1562428881894706	-0.6540861539184206	-2.311063244582471	0.2544881377516116	-0.5293200759182746	0.07994051190484587	0.38811087868544214	0.48828471616654207	-0.105603829437148	0.6692882887927246	0.4318878028745185	0.09121830474581406	0.27756485094277733	-0.5670914090661158	-0.2256577314762224	0.3772943749533776	-0.04287237477560183	-0.8083095378942087	0.4882549428833998	0.5186888502687649	-0.2302208572386424	-0.04762136484608662	0.33907400144617955	0.42992530875968743	-0.7862528206367642	-0.6059752210309457	0.006312555821829624	0.31773318991273936	-0.2514209610735047	1.608473684310976	-0.01400324391889969	-1.9311587130501973	0.036782267704743354	-0.9651281768977598	0.12630551798714096	-0.6196559280659137	-0.5481700855396299	-0.9458140441189146	0.8732448014725226	-0.39811411681615344	0.3711037952505578	-0.14288289190290906	0.9977097472417631	-1.1782144434622628	0.015340648177195793	-0.3458244666964759	-0.5456279232847993	-0.6455670216872258	-0.3286164030612954	-0.22236017488673454	0.05370642128959569	0.80395922829765	0.07148605809028769	-0.1479351631426611	-0.13779670333805616	-0.5813527035979038	-0.1303139816209911	-0.7833116043423042	0.15498478656200387	0.7211552245615366	-0.21299165575473716	-0.0729194405663264	0.9078159177423832	0.5786698848687526	0.13697907118183303	0.21101879935010376
DTXSID5045546	9.11317202919766	-1.4440338193540967	-4.1331660075827195	0.8586676476721713	4.779570734861801	-1.2896975269722732	-2.416020135500517	3.366027774658194	-1.7037441515732727	-2.1506567637970924	-0.368797466243942	-3.4000765854084922	-0.27482108554832196	-2.674384709305253	4.172283336819378	-2.071633913641403	2.2807145468064665	-1.745697381368034	1.4334822198548813	0.2543217189158468	-1.5898903968222868	0.4178188598625502	4.8916183104593856	-2.357528659119739	0.6154876389954458	6.662316985167483	0.6250786935482883	-0.1920468174551327	-5.999968065479532	6.4752033920311085	1.3697535783680677	-5.934242446786898	0.2779612053630429	2.0875691958896234	-0.6154388572801135	0.5997260755447448	-0.4748805954203511	-15.701546304063942	1.554554655952787	0.28828572635166017	0.02779387586622562	0.8807921786355694	2.8363204284517285	1.8349032656604125	-11.30606773515213	30.712031679426318	7.3258219830526645	-9.539548373688756	4.23100124041828	10.888465509737255	-32.9347616218003	4.694433801536798	-17.168842243842853	-6.261722015740593	-17.73023981711656	12.02531849689215	3.279658976132716	8.664738030962901	21.937944920050985	4.208767965486149	-0.3879740091861372	-6.061351467249221	-2.2862793221931703	-2.3536596864373913	3.1795684595361395	-6.749205304926641	6.448115867904087	2.4600621009937287	1.1967873495802057	-1.6452754054767913	0.41939088578515826	3.391807977525449	6.049307940413415	-0.9005859182813708	3.6058279395583566	1.8612550999842479	-0.6131205176388359	0.49551648251963587	-0.6639111231146231	0.577785726045172	-0.42049314529944154	-0.4402345773749249	-0.8092641476156656	-0.919303064767745	0.8715968318105385	1.1013104281261918	2.5831163057835997	-0.01588923367835608	0.09840012374358986	0.03297485099520989	-1.132543580179537	-0.6348770539589358	0.7819649889800494	-1.3937837261131256	-1.5038656123974203	0.7626717377322412	0.14081016300166024	-0.8556985304375956	-0.5853946322564034	0.3863905188173835
DTXSID8027240	-2.2765628133220672	-0.11856578724210518	-1.976728033836446	0.87513938346243	3.0547300779978914	0.8297916613995484	-1.3830336793784475	-2.766716933241244	-0.15701274302356355	0.40890612166263063	1.1493751770671181	8.712366159870246	-0.8495403330709105	-2.099836639613156	0.8439981289442158	-0.4396996504277726	-1.2028149277113573	0.2158807785070775	0.17196628828785784	-0.22446651169854284	-0.9059710365538551	0.28471523569560764	-0.7491219164949058	-0.16032919366302234	0.28609958200855146	-0.5623916914044895	0.14313473469218074	-1.0995983557966347	0.21473901706997992	0.09523399153753563	-1.766223278886444	-0.23349323905202612	-0.12672108734400367	0.5254855953518569	-0.27314950743088184	0.7008768608091814	0.4832106930707163	0.21391726737703098	-0.1277296156846245	-0.10565878749625783	0.0868761744535436	0.0032183380937002327	-0.15898885099953375	-0.247136790565752	-0.16826195224391205	0.20322287824385665	0.43619298435019815	0.04800514401550285	0.06126752206658321	-0.007349259212637973	-0.12319097454097334	-0.0004410089090877503	-0.17906422893012364	-0.317800511856505	-0.009931160089206057	0.2693973904777178	-0.5797723924434685	-0.16986921638151423	-0.17681181897821732	-0.13168918531950785	0.04730140292260652	-0.032170147122370776	0.4448485184874919	0.007765073405406723	-0.199044385864818	-0.17498778981611976	-0.11423376535795988	0.4441762996072662	0.3089115371040315	0.24414967001252078	-0.14520122830201485	0.5115185633730608	-0.09977728570036325	0.3852634589870094	-0.38166825374304963	-0.23563419815544545	-0.4105148441952212	-0.980895774996003	0.619047607862557	0.6775342781997039	1.1031802572528522	1.006286445048933	-1.1197011419726175	-1.4240217444930305	0.5160934094771285	-0.6373650590234812	-2.330025092980872	1.9055554177649403	-1.5586349953846643	-2.5969841160816776	1.9877132692141064	-0.7031902565897921	-0.45432554714435447	-0.49754868591448376	0.6251228176500089	0.6784665305729943	-0.4909981876076295	-0.6454081436138539	0.5411360399322481	0.9282840881588882
DTXSID1049067	7.7041550081191845	2.337359026117771	2.001264611050004	1.9451206146859727	2.7200354196528522	1.8045152018055823	1.2302678354603995	1.9932716057136655	-2.21536420493893	-2.587674618239517	-0.6119608731375543	0.3223135689175051	-1.4709750975125457	1.6575082567558588	-0.6737228507616705	-0.4360858992547045	-1.1213068121661631	-0.9663599912546942	-0.9596067771102265	1.1352720591464665	-0.788282212980437	-0.6719404423397454	2.415133860839392	-0.6784069215253958	1.3881876115216771	2.6438743505522893	1.526948598193176	2.3133921322282474	0.3039571992823642	-0.69963574559135	-0.4747647415913284	-1.6487313175936993	2.048559226937083	3.6400266014127602	1.6953953637072294	2.117034778466477	1.2451633070518817	1.592678296524692	-1.002804267541332	0.7974374467869921	4.898661111777315	-2.074487047524122	-1.8859710397272398	2.536943472982586	-1.1557238931270541	0.903416329914713	-1.09810268558269	1.920950764680862	-1.4615217245958485	-2.6743767214868948	-0.1643638791356473	0.3272609370508481	-1.5978247576050075	2.7437415359975104	-0.6439252784539379	-0.6154399194413855	-0.44018116081355263	-2.115062918814649	-1.0128821494868465	2.9149258890222103	2.128920590705433	-1.5381606731411317	0.6875365621265469	-0.8054304189197284	2.4553369578214177	-0.6984775311560607	1.1143280637315305	-1.1771206358983117	-1.3626434087850128	0.11866832269157601	0.43004564013889846	-1.003564334240261	1.114239567013684	-0.4420350480935548	-0.8080702511510014	0.7843773463299751	-0.3102378583135813	0.38779446674843987	0.6628070780768521	1.148866265503345	0.3093114167170493	-0.0031304919895743942	0.9194123078305674	0.010299344244478176	-0.29990123706443556	-0.15020834210188477	-0.17918128572916966	0.314403662227663	0.4959643651071145	-0.5015922502012166	0.7082945434762093	-0.05886484647169147	-0.3582641591159918	-0.38709221963884516	0.36013432650069843	-0.859731175162424	-0.6108327400867419	-0.22524187264075737	-0.4990722272625432	0.018650216922491608
DTXSID2027884	-6.913968464869956	-2.1051679974907063	0.9552422150122564	0.7992256210953991	-0.16954430546945873	0.29096198869825557	0.44649237162599703	-1.3866447706440268	-0.4440503334898035	0.02842726915601804	-0.19189217383620152	1.3114758793184274	1.2765493402469394	0.8025583731209651	1.0340320542759065	3.1376713118038233	3.8723767314182007	-2.371283366299161	0.6345492137367097	1.3332705762261412	-1.020484411816538	-1.5776904611516402	0.3179037382838962	0.2634425847469666	-0.5806348581551914	0.738282454609773	-0.638720201859356	-0.39605894242356576	-1.1658639308612604	0.7252217044731317	0.8893407192898541	0.25956659243824215	0.5177855108366489	-0.7625599557518169	-0.3617773340883106	-1.3157783182930858	-0.20005974374515456	0.3154215900963061	-0.2758554065608255	0.5056927919784463	0.642145413393657	-0.2533120316963442	-0.5761600577243182	0.5082211040859101	0.6903005967092266	-1.7930398758131243	-0.45831082974727483	-0.38009043671543596	0.11087307229287834	-0.24152429463016872	0.3071594700317972	-0.5694348792511722	-0.19621946661975798	0.07048303256451037	-0.6721824731128422	0.3271215716563904	0.7005238236337886	0.059663105320174374	1.7025091680349655	0.23992589693407804	0.5028017342311051	-0.7705212299183157	-1.3391445716711399	1.0403670079023137	-0.41296815715634033	-0.26845160898105785	0.7022249888708934	-0.07889103978222896	0.027040275731748054	0.656451710329442	-0.7259764160105427	-0.6437127758150654	-0.7415377642007993	-0.5517919036038752	0.01438675041996637	-0.33567555994293374	0.3142872782346328	-0.37284480871125325	-0.04581165090954395	-0.026493332002651988	0.34613177772133713	0.09331849083498404	0.14616732910568572	-0.13899904963865	-0.08006665755868583	-0.2953999376117902	0.1135478427917516	-0.253570482628053	-0.11472233855273159	0.20321662481861708	-0.0820733674580284	-0.03139662400102349	0.013831946481139402	-0.33855591181277017	0.041521647538296735	-0.1519502665585427	-0.4059182910474096	-0.0760123821388979	-0.013305747235939221	-0.1823723832814813
DTXSID4047545	0.47679012881846067	-1.2891786762336603	3.395024720242841	-4.842517559730407	0.10579274089959691	-2.8029733379540467	-0.04057717902085825	0.35461052628793294	-1.0583878824401605	0.5878089689334975	2.980660539084513	0.06521310182819154	3.2523258195029183	-1.6461278849997185	-0.1974317358071334	-1.3868030162962661	0.8460877501735373	-0.5786199891320223	-0.17862162023756495	0.1835507490003428	-0.15475988241402633	0.645306216474355	0.49505183715416257	-0.7422801210299365	-0.2033923294351069	2.621954582036621	0.2827040000633308	0.8353739648579065	-1.5385462493102893	2.1212887661098705	1.4234621884231538	-1.6321336395815849	-0.6563376872753917	-0.06796840792967034	-0.10675303779135659	0.6717049716260619	-0.4426780318585095	-1.3060344579169467	0.506839369485987	0.12373844930652907	-0.4082678370527992	0.6653826179989151	0.6737270946666463	-0.05380168174020515	-0.6552634906409338	1.4139750549125882	0.7398288905203532	-0.5208917970395605	0.10528933577099008	-0.1360029944990301	-0.05546456034802818	0.08613016050364794	0.22396885345771	0.048393815793366705	0.4178539561663496	-0.5436454967592403	-0.3504090494836894	-1.0301848402148626	-1.2141435379971293	-0.18956307795829094	-0.012225906711797482	-0.12399229908493542	0.2659893756106136	-0.20012526474353207	-0.1671878554846822	1.6956328673149303	-1.8844433755381074	-0.03907560115563982	0.007709191229563183	0.9993566310574987	-0.1321337964147924	-1.5077074981151193	-1.6703978291348662	-0.044874491609217936	-1.1256719160230149	-1.3348612206804475	1.1176885446852152	0.3053842885281557	-0.4776981971194937	0.7986288959534736	0.4830086200978044	1.0037293817250712	-0.21603462599652795	0.46021274801859324	0.2732500256071298	0.32291463825453914	-0.54909938429847	-0.9026802846449713	0.4420570696839103	-0.14309605236574208	0.28077756696159034	-0.5347178023464482	0.04013624434653708	0.47606344396046935	-0.07920668213725157	0.06827268170252469	0.1971081372834109	-0.20381367989229915	0.23644013590240673	-0.038200485996296066
DTXSID1027558	-2.157778375589928	0.5385522960469673	-1.0709317309377024	-0.7202988136381023	1.7145989994961652	0.8747287521099543	-0.020016838052998105	-1.994055638233739	1.4114496787310877	-0.5008615629217112	-0.7688807270026639	0.6719079973532445	-1.37551906910902	-0.44350139389429233	0.02754723162020498	-0.8534634367848887	3.0808882209179806	0.09602113975470086	-3.060615159913953	-1.5693901184159527	2.288665983894302	3.8813073967446425	-1.9613148348695961	1.0693000230565783	0.30172882141979446	0.6163130944511966	-1.8649555736234757	-0.1363241376645143	0.16699104341990137	-0.932253321350629	1.1563932434692736	0.21656942059762926	1.6379824851493423	1.1832831469800102	1.5157532544932013	0.6154390352277521	1.0523200667633987	-0.940349282126222	-1.5000028363785385	-1.188310717046176	-0.16958926241333588	0.7549933821794567	-1.1421488923232017	1.9167149849378005	1.3012157103631035	0.016594097062307238	-0.3391827179708277	0.0732090342009474	0.4610505292475203	2.04754252662369	-0.2916159652031841	-1.883582902132843	1.9841437852913664	-0.8991240833853531	0.3628428549717951	-0.7813223156584341	1.274824506646001	0.4692484262400486	0.3203278503839418	-2.1714066346476955	2.0243654183247592	-1.680875061850962	-0.14917635223298673	0.0062467074905074365	1.4143176108326274	0.044754728134965296	0.9008813208879863	0.5452807639839972	-1.5683651672631544	-0.8202078525020838	1.0099537599619073	-0.6996909614617077	0.15355738689734102	-1.6895646941269742	0.23984037375968012	-1.5446602484757541	1.3002875558049531	1.7924499981816326	0.11086836519131095	1.113629149600791	-1.0181344751742445	0.5825696679096836	-0.5099707084173425	-0.13050265873259193	0.2153060225566846	-0.8935283715055077	0.6759835514854887	0.013743285508701611	-0.6177919199598995	0.9826202622376303	-0.49064984338756457	0.7051287692050717	0.752017146630412	-1.5987872990337197	-1.9127387118820016	0.6772730115178361	2.6193883764768735	-3.414568300292516	-0.3731441990912005	-2.8978456202459135
DTXSID0048763	26.942264920208338	11.482120531851121	-13.122286107417201	-0.9670155359452652	6.973258418894875	0.07982108665675254	-0.9505041564772881	-6.353138586763714	-0.7611214462982835	0.40282557902103466	-7.213371060142469	2.421171283304256	7.852285868214859	-3.896081904934142	-1.9436969153475678	-0.6577879955123973	-4.009444101798553	1.391312617728943	-1.7639355117842428	-0.9239106922723866	2.5276197440460004	0.5916782552272464	2.5698537716729573	-3.813187226803905	6.7101745106953485	0.8691792169765835	-3.7208611241931617	4.248288695749052	0.3351724241734592	-3.0340174939202216	7.116839115130441	0.7156742826230033	-0.2872954558621734	1.0309956356877463	2.443850308240452	-4.475457495316844	0.1364203821545282	1.4656786605260625	-1.377307212165385	-0.0038227084792698198	0.2906242517911578	-0.1920029932965867	1.9790125283122868	0.7953547283541587	0.7463674323901082	-0.5994948395308446	-1.1765364923380741	-2.009028318644729	1.1999854350527202	0.5695468253840396	0.7034087468254983	-1.2585458982509945	-0.3875044927847853	-0.22244383940813398	-1.109513062663148	-1.1249173414974825	1.7785935044826908	-0.9423358814386686	1.2337606407991155	-1.0371422304222426	-0.5768773206702412	1.214874726363473	-0.07246100107309293	-1.199432623720743	0.5426587478558815	0.21060020175480498	0.8570133259622457	-0.9069636795405349	2.536412017802174	-0.6090314968311689	0.24385151694262605	-0.5198222270903405	-0.5732031179590781	-1.8971873594979956	0.5296914805192459	-4.160341729864225	-0.3943791301077236	4.229929276734937	0.5687471667942607	1.6336498144524534	-6.215859647023316	-1.0446685781982425	2.2155794571978578	0.2046727944645474	1.3965701256332546	-2.2262354744718547	0.8993106540865183	0.698986043391399	-2.6330506760751664	4.921171280000967	-0.8551398160229574	-2.836893464322978	2.403076653407712	-2.7045954750782966	-0.9245928986409006	3.537263815157523	0.5462444027018449	2.239460566520408	-0.7722263933193277	-2.4393668162945303
DTXSID4052267	4.068810619691457	-2.1699125904392162	1.4185634993887426	-3.351072279550626	2.940359914393865	-3.2645052218169	-2.8148065621603506	1.549492388085994	-1.5681557625949336	-2.6058298209662567	-0.9114204719315968	0.5744873256665465	-1.755459642797365	3.1510334126524633	-2.3137610745029287	0.59715609160782	-1.1313761893878787	-1.218119134866857	1.0257152094758422	-0.20188522968394795	0.19722529998841073	0.5186403795829231	0.07874064879218781	-1.380562143818214	1.647026070907868	-0.347294326279623	-1.7751328974889573	-0.3106963793531215	-0.0575171517941062	-0.662991437201806	-1.0920312734089592	-0.2754700702901765	-0.32882019413546754	-0.2473199858850809	0.8243733410973816	-0.36648594761918063	0.6283413186145902	0.1660588553764276	-0.09452552886456908	0.19076254201971202	-0.037486877120648965	-0.31791834851917095	-0.0009638099980020814	-0.11342743575641291	-0.32744688539685507	0.0057595768972521725	-0.11447257560085662	0.07080409748793365	0.28241422509941577	0.19297901841135795	0.04332706992063553	0.048800441499963654	0.2862134264142891	-0.4894273690913145	0.1885603738455216	-0.03167168899289356	-0.6010839603187679	-0.05216493246852382	0.366691942003209	0.01737486829133918	-0.5234284192890122	0.5166873998462801	0.5912860161936989	0.8163936216470462	0.26251192357987	-1.2575551446478146	0.2622488819400463	-0.6990450096740283	0.3170261054533238	0.7287528705412378	0.6169007550227461	0.30613052962035714	0.574866474522417	0.11717856331546654	-1.897343053030184	0.6186149451687157	-0.9586629071402544	1.2617834817099067	0.5782452724900755	0.5903116513686574	1.2347872777263351	-0.3179068513217815	1.3492339376255558	-0.3462706142337623	-0.7211501964236932	-0.1496763811216671	-0.08303898775015399	-0.974812573889702	-0.11681971317106635	0.7133528410935374	1.9732169603279308	0.8129806726128178	0.2060880631502903	-0.5824988000209708	-0.4042923196566158	-0.16698653954086443	1.1187231905373831	0.26272655319884425	0.163651035994137	0.8892109989554627
DTXSID2047064	-3.7286471914098462	0.15854742212729653	-0.13435264881121786	0.6452269771732319	0.6011760060725935	-0.584845281888641	-2.175259220594328	-0.5729599901168323	-0.5033778397331166	-0.8553317832723313	3.1096327481100494	-1.256179883615617	0.8973012079209549	-0.3802765606150391	1.3313819874341122	-0.6445573806490884	1.0115255218257675	0.7077544195615065	-0.17143771633932767	-0.4318611451572857	-0.0810264362236111	-0.20744273716154982	0.5600490337183055	0.16845785749333952	0.6997368996117309	0.629272281668092	0.14174913505359285	-0.7211667567159125	-0.3545342980819072	0.20228173177083386	-0.644668341430974	0.27293244393756566	-0.3215480694809452	0.27554806692197853	0.9542884681273349	-0.3522936569557182	0.3396623171968231	0.2572285311024307	0.5007583460270015	0.7866262617307509	-0.6216811463345053	0.20517989399252543	-0.45746922361156245	0.35873136946743706	-0.5069539573177447	-0.08085491525399766	0.605400328472907	-0.8457332311966717	-0.08292173086002469	0.07636499098133213	0.1647733288259231	-0.06692064351195481	0.25049868364035416	-0.4666023158099036	0.10665021726500692	-0.5425451963711302	-0.07417913281227183	-0.8488945134990756	-0.20576578537422122	-0.1731370896463168	0.33071493806783264	-0.16434107567865838	-0.08369912632977482	0.516019582510457	0.3925010435377195	0.12585662975302303	-0.22907852885214763	0.1149708909035935	0.058477346956936106	-0.23979044460265597	0.26181937143424167	-0.13057612683438494	-0.023538081812427256	0.32241487166206356	0.11321959753973994	0.31886387230904195	0.21397795062026398	0.33116812367975385	-0.06990524719614723	0.03914272693185496	0.4533894999399281	0.1267524198399683	-0.1822178199864078	0.06191798648496712	0.2772583347877939	-0.029969227566691427	-0.0807361661842166	0.2909531933708799	0.23906755106322072	0.21434816401352078	0.3312298579998646	0.04644520184022812	-0.08641450309905142	-0.12297950505481808	-0.045763323109950696	-0.138464402066389	0.2854817083564924	0.16752449277482404	-0.16737766188964043	0.20019925978437336
DTXSID0024896	-0.1578785444828614	-0.0743982818341484	-2.396536139083352	-0.9906409710322828	-0.9780151046427444	0.2574921734706424	-2.1116379972410533	2.383151187471985	-2.5030064847389033	-0.49587591270824716	2.0133248076080026	-0.692680338626103	1.2196378632504976	1.2927597239820459	2.3927332644885992	-1.5516421409355632	-0.3284581624923154	-0.19607661441412927	0.28018847430638544	1.2413086265478022	1.4903430741634895	-1.049000367684325	0.09160822133834946	2.5159196006336937	-2.444066287004926	-0.1534895329466282	0.3804125723791839	-0.3753356343990297	-1.4520093400263032	0.19241167063560483	-0.312854222623597	0.35099930592882633	0.6945891367304763	1.4773577020924427	0.6417796543796538	-1.0908051749193663	0.04242543037009388	-0.1704172945896556	0.14006279122976753	0.14250997724961456	-1.1474542928918627	0.16964059237626708	0.25648110100025123	-0.6987376832495626	-0.18821259568943938	-0.4843994051600646	-0.41434712461890644	-0.5240970934166816	-0.1459666940881711	0.1875388986553117	-0.06090257001719592	-0.08508190667124398	0.5257063979840813	-0.8521556685830083	-0.8532335928630553	0.63026804282409	0.7688977365615749	-1.2777108395078236	-0.27495384224818353	0.24628303774504662	0.18626464387751498	-1.4734422894746173	0.7174669952075804	-0.4899420231090088	0.7267599014456877	0.3762896294450883	-1.0900789566282516	-0.35620192718069305	-0.26154191639901603	0.11703956199285195	-0.5625320071132716	-1.4530530394229921	0.2674955354495179	2.508466922553644	-0.6414209819868658	0.9864149587738943	0.5782665630217854	0.8752966029076046	-1.0157237898763454	-0.9204070346760703	-1.5459711057296894	0.6547565322885811	0.1867770103223752	-0.3548221662845379	-1.0772654942585034	-1.6430496920876203	0.8121937423556942	-0.34370290138245513	0.3593124893165107	-0.9450491569652029	1.0131434665130907	-0.24070939520971255	0.027912345355008236	0.5373348194604036	0.4723952918462671	-0.07955864941114021	0.34815764867815796	0.017680565205116294	0.424070746153914	-0.16997401865329545
DTXSID0023660	2.956631628893567	5.114053702556858	2.2328477586360576	-0.38736257944665337	-1.022290262794197	-1.9515142328221369	-0.41892287927488964	1.2937417092024004	1.2524584679248905	-0.5579915135770614	0.9721078351244778	0.27158659462121837	-0.8702693642046767	0.011318872276155974	0.9343160252256318	1.5203027155188829	0.03647213092953342	0.5052825799418601	-1.6027061231672883	-1.3941411586386028	-0.5048240230457631	-0.17363199205069613	0.8669512664082464	-1.2201380351866258	0.640658460234973	2.7436234203992846	-0.5929479031574967	-0.3723931279073522	-1.7417171544863457	0.4785012693909821	-0.8936594020428849	-1.117502078661167	-1.8547826082513246	-0.259842254019735	-0.09635005373714571	0.48619415958948436	-0.24960787986738708	-1.4162019173871938	-0.2699542573871008	-0.21247949165838664	-0.12755815097543186	0.503969092924557	1.5479814727056038	0.2126298511716894	-0.6064587145731138	1.3629126300058605	-0.7165385170922096	-0.17410753211932467	-0.12983173413492116	0.42260914198817556	-0.04641552451594986	0.2780899852937034	0.8190858070654076	-0.32878664935478746	0.10302209761461517	-0.7557866652982517	-0.30426718210818393	-0.12055787399257176	-0.6366816435714594	-0.26084942269233935	-0.16336764928080869	1.1570196610749746	-0.054743401429822716	0.3372879425866884	-0.24658646662783365	1.4417014682850886	-0.90743500786487	-0.4617248089843812	0.7602466524174769	1.0297230916168298	-0.2999456527271363	-2.2373037677530467	-1.0588067297943702	1.0284609840402887	-1.2952413855842086	-1.0290993783499356	1.3608034593374374	0.02966774137117227	-0.42228631500266695	1.0469969429339407	0.23502445258474364	0.4546920310408011	0.501790949768084	0.06084726910987625	-0.08632717112381648	0.33801647199892004	-0.34060611958172027	0.23655685646797714	-0.20573394351541	-0.8368199423307472	-1.304989509630573	-0.1290708326823142	1.2632740707005787	0.4553167859324177	0.19934453697979063	-0.405949911387417	0.1104624586074921	-0.2731351586783549	0.486785585448197	-0.3662935892584647
DTXSID7029247	-1.3840194352721031	-0.06097322774409233	0.789466333802443	-0.34258250215327746	-1.9001855515950536	-0.5749339377013033	-1.8596938285849403	-0.7943794115289377	1.364527710054101	0.26078023687144153	0.641763765289893	-0.3498197904334451	0.11308528166959642	-0.3054970139467906	-0.6265263476245795	1.0355196980715276	0.17074590948826435	1.221644661885708	-0.7551074488807652	-0.45802235466603136	0.37435346045952245	-0.45140220646685564	-1.4171928961448959	-0.3911494862457227	0.19612519307546192	-0.17196033752547912	-0.9146423877602906	-0.704774041212462	0.29508634133004447	-0.36751509686247924	-0.43655346227822894	-0.25316665049694564	-0.6376393884851734	0.2209515862029592	-0.08207726824605227	1.1274696259483514	0.10707045441231171	0.28697438171708256	-0.6657154666705332	0.1535178300016236	0.4263798813768358	-0.3616826390399881	-0.04218868595985969	-0.18052494582008266	-0.07884044703689723	0.2474487915876286	-0.40722344427792995	-0.3829222540868446	0.06182451393645203	-0.14084702134888955	-0.2518397464876689	-0.4044252052478816	-0.10818241711503128	-0.24694094060191485	-0.243707600059659	-0.10372909274552124	-0.25119254517517	0.1305172133482662	-0.20034084601686797	0.07278986374362532	-0.5008069214631764	0.13060373159003374	0.5233888971572771	0.693511934578857	-0.498757560242507	-0.32608104384828324	-0.3789615123376807	0.3960616777820615	-0.1946803876454817	-0.6308681741980224	0.42958049197675713	-0.360643909863116	0.5476317455358688	0.4030204829086644	0.632312290085595	-0.5895972128569263	1.0798525656714255	-0.4094728820730681	0.3223090628099494	-0.49714952962389514	-0.6728933437807739	-0.9362077425247435	-0.5355716263863526	-0.28716375474279054	0.3969353395905474	1.0104983664500156	0.5828148604276209	0.02685833271236142	0.24627835753508584	-0.44513169973780325	0.5774289520620843	-0.8376022505261608	0.1156995846216691	0.21159991330609138	-0.003226960958639254	0.33662717488191335	0.06135233445752009	-0.2794973783473255	-0.44006066546737155	0.7052562630476796
DTXSID3046619	3.7361692672471105	5.0062116884462515	-1.0413128255214394	-0.07846087421846977	-2.1309210514756822	1.913965913720478	5.75477696404249	4.450898804695389	-3.3566303335399534	-3.1546383824692845	0.3204028701700034	0.9325727477664277	0.05794814240005155	0.1688924727888031	-1.1691239560433448	-1.747226747087821	0.5163542771019914	-0.38968639614620154	-1.1521041625496038	-0.826621349252938	-1.4857458189556143	-1.6962658859005861	1.4018694727163208	0.4709412045738859	-0.41518593161419237	1.2252944256249976	0.3008462197111634	0.44930047815576574	0.5513736768775767	-1.239574256467748	-0.8679714605829493	0.039058213525050435	0.2693196896439141	3.1803549972516594	1.1118486323386372	1.756732519920608	0.1112893615220942	2.0925866993411795	-0.44749389361236075	0.46903473758662834	2.1784966804889896	-1.971266381963965	-1.5598166534995264	3.7380507408925108	-0.5255445485831517	0.3765597418493477	-0.8539797915896878	1.312290858994801	-2.0981712232181287	-2.017273799021884	-0.455503781374183	0.252058938021302	-2.248779967875538	2.4808433527185723	-1.549726712556958	-0.6726249978564746	-1.4740476756411467	-2.607261280843093	-1.5492896735511674	4.284547820472098	3.184386280836843	-1.228431574822203	0.9762069953836084	0.6583898879435471	2.3577165844359116	-0.6620035810899929	1.3597234779928615	-3.2048755979713475	-1.070264202497203	-0.5022456719772903	0.19121925118522856	-1.258983362094931	1.8535618138921655	0.031865513446879865	0.9665286099838125	0.1632233856010398	0.8245648963246226	-1.0666483040809154	-0.6759833276164261	1.0944462208514485	-0.2164075598850871	-0.9156689847592723	1.8387452507125732	0.3629801444707253	-0.08282804668396937	0.3346951599359713	-0.7789915059663994	-0.2872514602447592	-0.32723439339115573	-0.07399201549065489	-0.07132416628554973	0.07402153254432697	0.47786074601904477	-0.9642789541637595	-0.19940995216853577	-0.6067489097793267	-0.4948541447142666	-1.091600499072219	0.10125521684787532	0.3719644203282337
DTXSID9047916	4.899489960007841	0.28109987370631734	0.4391529277772988	-6.357591396199255	0.63530649838293	-0.62380824613875	6.184739066128891	-3.514522018340239	0.8700393976190028	-2.0857268985306248	-0.11941684006259616	-0.23225665961618114	1.2863079480905248	-1.3916735337572337	-2.2695380433834034	-1.3561161553117351	1.7653168971556632	-0.6275695730291048	-1.5879523347962208	0.5167923736041574	-1.1429859600503314	-0.140761758692834	-0.6661846178467805	0.6379441235225268	-0.45025891493704223	-0.5120610267673278	1.167780386397705	-0.38929913455937637	-0.027392115131068075	0.8776555510957657	-1.2380579016046633	1.3544079328434053	0.41665987841522134	0.14116585067787202	1.30244150293253	0.006715636915437326	-0.6560923974142818	0.16676465581035102	1.0674990328385114	-0.26960058293345107	-1.3694430883316808	-0.14078322361691342	-0.054493680372353755	-0.08760003055983057	-0.19453525622510692	-0.006994170328260149	1.293986457007384	0.10871045215368662	-0.397299035826392	0.09631523577801752	-0.16421422626337712	0.24478435628171616	-0.4406142166138864	0.05378333276774258	0.033662290780033355	0.7236583928303513	-1.075711524453917	0.2817961499618799	-0.6518786723022479	0.30360214270886937	0.514446035666512	0.33284649995463217	0.1360627402904582	0.36546230825754317	0.3154009324220278	0.7536915294289664	0.14583992818608743	-0.44574516826153276	-0.5372073135733298	-0.2535406679570017	-0.3894113697527279	0.1402888212428687	-0.14079653386463542	-0.6279967434804029	-0.06408495210392544	0.0034191776887991672	-0.5846296757072973	-0.26925147166684693	-0.3735702385196049	0.10762136281743967	0.665494884962444	-0.5045664098481734	0.8466000031808887	0.4803723530288611	0.31121536832856406	0.04439240254118301	-0.06907124238065535	-0.06275289448306488	0.4794463717796049	0.3174765037046121	-0.05197166315213273	-1.334558764514033	-0.04164429137886019	0.33410671091410465	0.4613474002673286	0.7854478978247459	-0.24559934840334285	-0.009710333560908665	-0.4815614132998857	0.06509088059732947
DTXSID7023936	-1.0521558357659135	-1.0982058588527859	2.84736220121778	-1.3164971801851522	1.1280317413357892	-1.1535996317738013	0.9108016893124531	1.8385327806962606	0.7169539988486082	0.7902361831464674	-1.0266169022782883	0.7991997960218759	0.8719194462280181	-0.0522172420998875	1.3520275234858792	0.7199334000943667	-0.2211485486990513	0.7586929428529716	-0.7828416832900232	-1.3719618130558193	-0.5558654484274653	-0.33954127088602026	0.14344654422843414	-1.255008625143712	1.0943283465820226	1.4194843775130421	-1.3641040623746026	0.11250903922446537	-1.489126090956492	0.8673618281137615	0.6420087727459108	-0.691228153144871	-0.43092292787205144	0.04158071341237886	-0.27094233505279314	1.031027871215046	-0.5169750949745663	-1.4657483031733933	-0.4126068920724115	-0.6800861569935585	-0.26142058106326554	-0.5296315944498036	0.7173299101512227	-0.9864753613656545	-0.5685609897037583	1.8494083416478346	-0.6076445990742534	0.2667429468188286	0.391682416283319	0.06809970913200179	-0.28889623524098906	-0.0022868216221296977	0.2036292090915597	-0.04448362731183189	0.7164890516610277	-0.23326483569069384	-0.6707670603996906	-0.01140904211793092	-0.8593902642741194	0.13667969695337606	-0.6879018472815354	0.48479143994899987	0.7470479709593086	-0.06471164001222104	-0.8132148464746789	0.768606895034741	-1.2311188127337238	-0.09597521053105401	0.15319273354662216	1.8810514523096686	0.04981313605905918	-1.7811918627630452	-1.0836916528103602	0.06726780898506003	-1.1199547374990524	-1.2715472115096893	1.0369498401911474	0.9359724166093242	-0.1580381830806518	1.1321643643108823	0.022680311750690303	-0.0971566774237483	0.43235286099006964	-0.22748698583376	-0.592765211147474	0.012651654242228215	-0.8733533319910187	-0.5218856917582237	-0.8911429084327245	0.10752838488846983	-0.43309511098080106	0.8436049340962578	1.1841966344165242	1.3526321760310442	-0.7562432259585111	0.10674675298137402	0.3164508347783451	0.18585339916778518	0.43371432172289887	-1.0866703630529728
DTXSID4020901	-6.722013018522283	-3.696933664645958	-1.2317719788703183	-0.4502599220526516	0.7658173212159288	1.1627617412801703	-1.4466103996127133	0.7714765790258129	-1.8887005059725777	-0.3829346904329847	2.3662707829459872	-0.955244663464867	1.4335007005497014	-0.30582687656905994	1.3520840588953	-1.0538111440561428	0.6000266910621233	0.04598581590839263	0.18196839394804887	-0.1532217236956902	-0.057960432702511465	-0.04832476324375721	1.0178149735003141	0.00988131747397611	-0.05099462586117347	0.7579074890374916	0.33809086541428535	0.5939351073510108	-0.3120970475608051	0.1243065407858525	-0.24922800171527654	0.48240791667101673	0.6998551745872512	0.15460160189668157	0.6379881544172694	-0.46692469293114236	0.6437105394887384	-0.40858944341267056	0.3184423011429271	0.5117370665375703	-0.33129989192679166	-0.07015946341526404	-0.6014553170818554	0.23822837277684608	-0.3110277608669045	-0.13115591899819912	0.5738574545798619	-0.6535186643312847	0.08667935737950877	-0.14698169645481785	0.10370986913829452	-0.13144118621129963	0.22397454871664155	-0.18123047249938154	0.1078996019160515	-0.18007475841479087	0.32491369012866794	-0.4631630967895397	-0.22641360729264792	-0.0529332079214664	-0.005691877851961753	-0.30203788231015494	0.19712918783293953	0.41030170501056745	-0.21719055493042017	0.44137078841127353	-0.13448906401651753	-0.24190340237207555	-0.1544852420966822	0.04379149736095012	0.3106466035085245	0.3057092359597338	-0.20181543406686084	-0.5794847778285386	-0.8059396171951754	0.19041194415578036	-0.45488396837313366	0.11693393938154813	0.5652557324328914	-1.068879078436991	0.24102448837749807	-0.039736984674424526	-0.38300982260678756	-0.06497875167682572	0.31341273540551856	-0.4128133859354187	0.0954602653356569	0.012421842411908504	-0.3814713973950262	0.3193775080944145	-0.3077890041755358	-0.23353180496847598	-0.41987934724365816	-0.02978185752292305	-0.014623305319298266	-0.35963681830168454	0.28851693390188926	0.06608341660730452	0.06754773774129236	-0.14336566302902073
DTXSID5025659	-3.2854217462817648	0.22415228581555408	-1.3764054521729208	1.365515477333643	-0.73362364682454	-0.32655581848295545	-3.4360023345599977	-2.4957502330551575	-1.3326707677225698	-2.6282885568751233	-3.8783214555244214	-0.4509228747832463	3.1280134120420526	1.5768338378341475	0.0142125399151797	-1.0286401990616936	-1.0143380912790698	-0.5394205311561578	0.21557116796240403	0.3466474994450675	0.8244255356595955	0.6876560434783997	0.29420456262866335	0.27430707525040104	0.02972703430906947	-0.22267144740068873	0.6378584304480595	1.3253944927423509	-0.45368514269332955	0.45445628986182485	-0.5784313406854662	-0.7063271945161564	0.650911484312567	-0.07027011062451183	-0.42047923334906423	0.10954187528604145	-1.6775684699092632	-0.6625026689160008	0.3094139725972243	-0.16522286868268293	-0.4104153428075454	0.6588193233920548	-0.2549726459310864	0.7103061193682579	-0.1851550746823523	-0.7151879089389487	0.4535386362215968	-0.9119331571286374	-0.39630085865572484	-0.29305311228968733	0.13939576672798712	-0.3066555711582165	0.22671094296991998	0.2154978800324576	-0.16532628464281568	-0.3620105175442155	0.16968862992190853	0.29575871470747594	0.148585875896042	-0.27542813564606056	0.0516868014163128	0.12045365108948906	0.16144837987440797	-0.3317112298565639	0.08873622637029784	-0.266262594129013	0.4228567909969417	-0.5897223523832031	1.0382512176873877	-0.7502789167907453	-1.0341804946429451	0.25987368669763167	0.6140269703808239	-0.9190528714224091	-1.3455551735451148	-0.6520970147501571	0.34787954224009116	-0.7598907103574996	0.1875117127531345	-0.07134357975471506	-0.31134824347879286	0.18461177652152416	0.14884491871347671	0.13619291663503832	-0.019323070750617295	-0.10850332802651139	-0.3869789613280771	-0.43631878548767894	0.05148061691732352	0.42246456054514087	-0.12352307090349646	0.5868691198819921	0.26974791483699917	0.5393276354558293	0.5640934613606459	-0.18624285865891768	0.0025080248638321943	-0.19566013849688885	0.007913953044833565	0.22584740054349117
DTXSID0020020	-1.4538739041219466	-0.04361687793025127	-1.7325224278998848	0.7293978712558877	3.334589635045509	-1.427049228139684	-2.43271169423847	1.230649084550764	-0.3940812701669288	0.03152288362953212	2.1763575524190215	-1.3656787616921138	1.296203015650988	0.2940543168330071	1.1824526627912493	-0.6871182812820127	0.6149915630457319	0.6425179343904885	-0.13567323166336148	0.016026419162509957	0.6993443471486313	0.025641147879342487	0.08535446219005824	0.09802249424200017	0.5072440566450296	0.32962971587267664	0.44728304980187034	-0.525523882821792	-0.3585509176154747	0.4077703277315447	0.2240122800213534	0.38928041239817945	0.31632043095306267	-0.09531853204712523	0.22420692835888648	0.24580094947786565	-0.05566356825750144	-0.16627476388232207	0.4256410975434561	0.6206132653169043	0.18387522828267705	0.7130609274919867	-1.0302436086007574	0.9142482279644275	-0.11177966770684326	0.28104728915800714	0.6389130865266399	-0.5285893786469332	0.11206335883703882	0.35355044432945404	0.0828412577523742	-0.07097156964702306	0.0475129485847237	0.09246610015653073	-0.08081381111034563	-0.36082241810819105	0.03260383058937556	-0.3711851969716507	-0.9834138593190735	0.30994440981572935	-0.2730631558271672	-0.2257585552996388	0.4175677059186318	0.4352973710947212	-0.38808337232603385	-0.8628332008965651	-0.9535905717497575	0.34443134430334027	0.1061979545907051	0.24066777697963443	-0.3688006091387089	0.7157093593827701	-0.368724618598995	0.5189400197472515	0.13889355270254047	0.0072425896524453415	-0.22116552304411072	0.1867634216488028	0.0272535124843075	-0.8177060378830513	0.2440851250969686	-0.8262811965728172	0.17188240233802662	0.1618499250442287	-0.04660411311322604	0.5412032299562485	0.4829198747065952	0.3896898489717409	-0.2861679806706498	-0.04638517476492733	0.9464797158467436	-0.900800508431232	0.058066104651453135	0.2852348914958989	-0.3274429125061848	0.21851000813422777	0.18659180948872686	0.15345549452785395	-0.07445504517073569	-0.11567609921550617
DTXSID9044740	-0.6917761746229644	-2.5374674366265966	0.9777835264104215	-2.334151262910193	1.799955381282306	-1.6104077675267443	-2.398574096937636	0.6912901454240084	-0.8820392393690665	-1.970258236845721	-0.8713221979162062	0.11525460442521943	-1.5343243593661415	1.815765442585747	-1.3286801617195452	0.12910534320216202	-0.4513370817359289	-0.7492026516565592	0.9470948769294767	0.2410705909020388	0.6332193560976853	0.3307450683708153	-0.9075825459926203	-0.9625302765779273	0.7514121409649291	-0.6751794914204066	-1.721127850665653	-0.04697247153762193	-0.004361059138501739	-0.6058173237260798	-0.8665794505878812	0.09200654890401283	0.33865247091918277	0.13890308156755257	0.06631326892231144	1.0089571652694853	-0.09883494613645886	0.21598901869593817	-0.5024655811902901	0.03545442583850939	0.28919992577325815	-0.5522344237747705	-0.264346239990505	-0.29497835418679785	-0.3094458591067781	0.07387124525984845	-0.35175447247514513	-0.48380461683752146	0.20714457709623624	-0.0957497096055167	-0.19233103675729676	-0.47323316975146773	-0.02853915033768292	-0.40876313809625076	-0.12757706708437638	0.5296661319328647	-0.4974005271252417	0.24851899476827477	0.015898711627218013	0.05140956241275117	-0.636869997664119	0.4059465603948755	1.1691188871476164	0.5577899356676076	-0.4636269266213221	-1.231625568611434	-0.4357772668998714	0.058254265257172685	0.6606140594361796	0.0027991158973376595	0.46482617422293154	0.3822564731072803	0.15457799724706478	0.02423409848980787	-1.1482018380547747	-0.876798849995704	0.44114228526848887	0.38150762042628356	0.728054259725737	-0.5972933208046353	-0.7310473185960771	-0.4311683240629631	-0.15650627982150603	0.24482672255258056	-0.21549264738841128	1.2714013369836832	0.7371581847656185	-1.0340882327625331	0.5969547554646942	-0.8573795133250304	1.3866350088774642	-1.0417989541854977	0.47927458913948656	-0.3689615447665846	-0.5988779735235726	-0.5828531338344107	0.06682700598460702	-0.19199135430051223	-0.14620048038832245	0.6299876655185477
DTXSID2047191	0.622043866201729	2.0018992704193486	3.0254260273837783	-0.16363260964780438	0.07665855716330773	-1.375219958658984	-1.0013398952437649	-0.5497009772153642	0.6892877838617487	-1.4459012259111572	0.14307926323788756	-0.24611141154716337	-0.6097865187087551	1.0014403313620397	-0.5434309739361073	-0.1440440657100743	1.4510784850538325	-0.05863166280864517	0.1441629575503531	-1.3550997399686446	0.12475019614542211	-0.6800913381123519	1.6414914942235599	0.23460532946305934	-0.08191429455837206	-0.3544984834520782	-0.35250427616530045	-0.5470913765848516	0.05220472051419672	-0.5218589027172688	-0.7108765083896511	0.6016023913885441	0.3319754442985262	-0.030812069015501594	-1.3305720225684599	-0.20186074825185776	0.36807353459630965	-0.47620487474223355	-1.2941897409702912	-1.015155487634389	0.5666635517274617	-0.16655035625761497	-0.016741527752912353	0.08463498933740589	-0.1337146661547983	-0.31697165345169137	-0.315436538329984	-0.34817759245038893	-0.2004454921201018	-0.015047947713684657	-0.21392509094423437	-0.5803029748479821	0.2268637611336147	-0.20814804638101223	-0.21074831972246244	0.36266238297815906	0.16855985872881085	0.14193941225470652	-0.15559216908226103	0.20446894409574404	-0.44289207692294996	0.42680031134950475	0.3587241305858717	0.562628778537733	-0.8596420626931691	-0.6287428922694662	0.2395068239611766	-0.5090446149817128	0.21731202319681572	-0.22482349308248564	0.11384902885017341	-0.49690384672996296	0.7360426245851045	0.24590010826566322	-0.26516478824394746	-0.40640384836012616	-0.16593279782381	-0.3344620809661747	-0.015991611936528656	-0.14658103960429084	-0.2370659764450407	0.1030751597357989	-0.1994242478809714	-0.24478700037970327	0.09101281796213556	0.3496456748931041	0.41805816463875833	-0.31583712425348903	-0.026264539536414108	0.1530789004953744	-0.29464958102250294	-0.22319589868849699	-0.2886007980955948	-0.11840463049951377	0.22102147865486854	0.10261316698075451	-0.13021091713330396	-0.28263659021991566	0.25800309735545146	0.40723948546281846
DTXSID2020634	-4.897977117345146	-1.74743787537363	-3.9961339944002483	2.5511947322608814	3.025317555178377	-0.5016090030333871	5.109578479899008	-1.6949262089089003	-1.0154510362144853	-2.236292662604853	1.0239930844990937	-1.3340157517654372	1.2727637034600081	-2.2143076678856635	-3.006157790818579	3.3332252032559513	-2.9302969932348977	1.4181738694366095	5.520387865278203	-3.1093442622319616	5.319428787768417	1.8433465281450512	-0.0015048047557293604	0.8620299099864072	-0.7270935473529576	1.7660581565103346	-0.4474634729394793	-2.0128839701015906	-1.3837846522042125	0.5139911078345011	0.007315156766889384	-0.11508435097682308	0.18827185317277698	0.27107005596322664	-0.3761719053408511	0.571765145139052	-0.14880306542973987	-1.5305603317032828	-0.9747280559863587	1.2008050445804794	1.9938210222518584	-0.6693705311819329	0.9750742763523194	0.5168517531490507	-0.12729768494203197	-1.4866301508975142	-0.6323755739975614	0.7370462008626913	-0.3310119479515637	0.14299681697658723	-0.32115609999730815	-1.071143333732139	-0.01211896673640401	-0.40201245173187017	0.03728497368252229	-0.17701107121542664	1.2664490770567263	-0.18420667905219631	0.4640637272307459	-0.6659982825601631	-0.18259067017065592	-0.1429212734107647	-0.20586489405908906	0.21597683666127404	0.3534571745081078	-0.07117285264996047	-0.422841702196294	1.6178913238559822	-0.34249961305207094	-0.14616195616233094	0.06982948999075007	0.9490808123815803	-0.27167213548190794	1.4674031537970813	0.10130018462914463	0.37662109226090557	-0.3927322415941694	-0.5349768660155815	-0.3623498403348571	0.5802217026991563	0.9798322988116123	0.3089373167978235	0.47752352388089814	-0.2937614665764728	0.25022303089144493	-0.24581639985991038	-0.5388443190274835	0.24044454096539503	-0.2866802890944562	0.261863631369367	-1.1546441240312122	-0.21325144008835523	-0.9183108331594578	0.23098054505824137	-0.10282738201414159	0.0835661603508592	-0.22821128322226075	0.6075054815785211	-0.5624442796607807	-0.19443838697846244
DTXSID5057628	9.297670887131462	-1.4099334419100973	-0.8329999604187182	-0.9102306578377277	4.4079875486504525	-6.2540591315560405	2.9699029521997007	9.107333920000942	5.747325543993001	-1.080053605782091	-4.811790335893736	0.33731882977076827	1.1222126144260722	2.341466027245528	5.810141644219033	-0.7970842770017306	-2.830457078955124	2.091820055915275	0.15083661063378714	-0.44245838567678036	-1.0691270551574852	-2.3485455656645033	-2.1695032446918256	-0.3048945332638778	1.0007101139511523	5.670547489327684	0.2526077117997435	6.16486678284858	7.008934408469678	1.2073373595062216	3.5224815446475186	0.5085129114503517	3.167955406753256	1.661292811907554	-6.612494315709223	1.4466067350062775	-5.302180443220342	7.4317481762004896	0.7540179143740627	5.62795303780085	-1.5100482502784969	-3.9081555695115084	-8.072126690546774	-1.0491124260788913	3.1835617493620054	-0.3669630074068449	-10.116509408454624	6.86844061592642	-6.021767226583049	19.838367279439307	-3.4269977615714824	-0.574412440143721	-0.4616372801099252	-8.958643084405631	-1.904456716000303	5.38130157894266	-10.624365652087732	-9.770306917087833	-0.48348269579285996	-3.056474310246491	-6.5899823392578725	3.9878499820567743	-9.581701113793514	-0.014314491178800707	-1.8788599662847913	4.790603080215952	1.1773023218802618	3.910091532551414	0.83122827048905	0.9261183070673518	1.5389532299750261	-3.590272791827452	4.131686246928552	-4.204487497499294	0.014985781976897677	1.9901734680465188	-0.5783372662170477	-1.084546234987183	-3.553692364439202	-6.235367835740067	5.559146504533084	3.6524680148527535	2.646682459224658	-3.081888848158882	0.29877302017631857	1.8701217900666858	-5.9016819978050306	1.2830916346734487	1.1951392403071095	1.084939937438577	1.4472563195308412	2.3857079587921657	0.9670841554960282	-0.30658655027000903	0.3995328734155287	-0.5174506708910092	1.5278666817392579	1.2778972152517125	-1.6307094046749921	1.974250379023324
DTXSID9025536	-3.9753865478768	1.720913339152081	-2.717645665663737	3.507375651320041	-0.5099606700623042	-0.3445199022720147	5.664209783423273	-0.7372067988141294	-0.952072224541427	-2.344309172069512	1.7339018921911662	-2.394411542953417	1.248314851786703	-2.8656430171942358	-3.758027560437686	3.6688403948579564	-3.2206010608988684	1.855026730197095	6.175150111279866	-2.9074056283595886	4.7984923816761995	2.0387351802849114	-1.0731520398968533	1.1227223522650738	-1.340693032815628	1.8773829716034827	-0.4733757991961473	-1.1627461503636725	-1.8018090880866922	1.2878894641130103	-1.9604783734013478	0.4132903319479098	-0.8097317011278186	0.659783928771166	0.1955722183798008	1.5495905655871216	-0.43616245881513144	-0.6460009335053358	0.4977486372993086	0.3185042534324728	-0.1706593394579624	-1.7863449153865663	1.2399760827227333	-0.05816926043073076	0.8931756175346518	-2.227823986841951	0.4688572314821464	0.8981979136731035	-0.1350062902962389	0.6356718613161251	-0.3894566978025724	-0.38289585862961306	-0.1220265051133064	-0.7432705515778514	-0.27727887026859005	0.3706155324397644	0.011576398971823484	-0.4788906506227847	1.2414179545046047	0.5279115921844143	-0.7007055170790889	-0.6725088849298568	1.2551157747936406	-0.35808443110813554	0.4327162228093073	0.5896518237582764	0.7679691462457758	-0.18359647507731658	-0.5777656381904641	0.8651769678244838	-0.9406641314638063	1.2154351552652929	0.04283660771843927	-1.390973712821042	0.6815394251876731	-0.608732589536215	-0.37468356839253886	-1.0906429351647604	-0.5268042602586483	0.058105555039213275	0.19011393757459139	-0.6627963152257704	0.7144291845546898	0.9830221681975005	-0.6401353604758815	0.6904575818014649	-0.3638609118760173	-0.8924974179361027	0.018884478871852493	-0.27625988676361307	0.1623166626505395	0.1992348662222048	0.12304400740988325	0.40232959921132366	0.36576311435949505	0.5998451338398324	-0.020130665381093173	-0.7934353329517609	0.23861705669199101	0.6654555432397622
DTXSID9020615	3.382358195468611	1.1103933417156806	0.018923524113135998	2.630751617914347	0.6261264758236189	-1.835558178259952	2.7648381805066347	-0.7060870831243512	-1.272501487624546	-2.0842647617921335	3.446391857184857	-2.06766210819123	1.6690064606189285	-0.9854854563856794	0.7553589598377822	-0.44545641255545987	-0.393474603007907	1.6810166550786616	3.8363594249912922	-2.317956151520074	2.640200905371111	0.8948713355541935	1.0402976122662313	0.36039534128088724	0.48674925040443145	1.813467476529751	-0.08463301189617851	-0.8245655753324738	-1.2920039783159716	0.46330412504366003	-0.6584434392198087	0.4773505562960222	0.06959058352300428	1.090790569265677	-0.20622972695987346	0.19608878218489148	0.34636431878444274	0.9649722902740876	0.6531985175989234	0.44974861344713984	0.12414066140339473	-0.29556695609436695	-0.20251171088228528	0.12512873876913783	-0.28137053460411127	-0.8090586893211417	0.6173370730490114	-0.40670350275378675	0.2822015645859915	0.0844473347304256	0.16297135731360693	-0.17419664600562296	0.2247573987973483	-0.664909778848962	-0.051893250514596326	-0.5583229457793243	0.7580239977096809	-0.9511381214760458	0.567507579979102	-0.09917771596818427	0.12415192361148117	-0.08084154996981303	0.4747182384487351	-1.3945790798885134	0.28069856223166567	-0.8161205169893548	-0.2446492190646139	0.6878887499160864	0.3813027422023457	1.2446034068701906	-0.8593653500881945	1.117891066322632	-0.2543382504960802	-0.7859375008701728	0.48858570034992893	-0.05926627887210655	0.028372123787214067	0.4626209688145357	0.28892855520167565	-0.16783330273833244	-0.7764137791950259	0.031399134934730295	0.023232746369399516	0.9090403611628967	-0.15979110044629619	-0.10818498404720886	-0.5576200231123917	0.5858351537208523	1.6353713790028208	-0.22447992145770934	1.0195133536585776	0.34086023394135173	-0.809837275172329	0.81739647850942	-0.6701130756628265	0.2530161113999954	0.294904206446418	-0.07396657188647081	0.34513039864756917	0.804611329022068
DTXSID0021254	-2.7792370904485106	0.535323130472886	0.45732905711731653	2.003056644293889	-1.6689583695226253	0.23156539277250196	-0.486000104063991	-0.9543783164921488	0.2575538690417514	-1.6168173311412317	-1.4400301216998153	-0.4004902588068601	0.05549414296978473	1.2137578223231573	0.5572126721601481	-0.41383620781338737	1.1128081043623814	0.1867493356412262	0.511264205321415	0.19533922553898958	-0.046623989316597246	-0.37405387965046705	0.07405432035754463	1.0091918932749395	0.2765815812614879	0.12865469455214298	1.702503355789903	-0.25587000598888215	-0.07994153665971972	0.617996472018974	-0.23713021703883114	-1.0460400672153112	0.7859060699677552	0.34541000509358777	0.250618955197866	-1.031294020406846	1.3368686441886957	-0.848310766149701	0.41585716534951106	-0.19265684658434418	0.43238263875405736	0.2629333160966637	0.21582024884574222	-0.0814188984231893	-0.006333457856999718	-0.1309014467631009	-0.20616709224515356	-0.15612226717790245	-0.14192539396546575	0.2351519132390988	0.27005733334581283	-0.1370888362757668	0.5328811182035221	0.12940657456289498	0.21960905870271694	0.23904709616966155	0.5885734764482125	-0.328666638562083	0.919166992052977	0.7459241997119205	-0.37029902356243766	0.7394584899492436	-0.27019613867758874	-0.06260084615123447	-0.06355851199858724	1.1509238390381291	0.26781400608030487	-0.5712676234394869	-0.6109424758844506	0.5655157286090853	1.153837390648948	-0.6631564482543029	-0.6045953917002123	0.42540390882858836	0.02218747862543211	0.6493090703636512	-0.805972666241538	1.2674416221070923	0.0643227374472245	-0.3680605249874763	1.436470893172008	-0.053591739940038234	0.1794835996150053	0.5634868662738194	-0.5090337866293452	-0.05898522792859716	1.185770093569462	1.2165702671630896	0.5580121434545539	-0.6229251798976471	-0.47029297410684867	-1.1594236402263194	-0.699829503179606	-0.6727501376414696	-0.5427922642841009	0.7769594440236134	-1.2616769582204312	-0.08710820101064519	0.42744674489433604	-0.18837740580696527
DTXSID3022409	0.8404975074883626	3.870972018480259	-2.828410358333877	0.37322424484911076	-3.012466448583943	1.2530383543244803	-4.762220942693259	-5.193391351895677	-1.9268613268375472	-1.3591935855549657	-7.56871842662029	-1.3710415726018679	6.885583373572488	-1.4794919297703013	0.3289558872083298	-2.013449330320977	-1.7539943888244311	0.41905520177728833	-3.0031781081875137	1.751013378070265	2.5401569161742352	1.483381207175163	-2.7659369333970383	-1.6062436446368116	2.914484650750866	1.5563483406084766	0.6486023595621233	0.0037005040544667534	-1.1142222592412927	-0.8144938477922807	-1.3410016982876003	-0.2503136397486699	-1.537186879554224	1.0161906748071003	-2.7472989474711436	-0.9658039565090452	-1.5635486300922148	-0.49356265226011803	0.004684976283216087	2.236631867227593	2.7099200829102594	-1.3104314537692534	0.37530146839728334	3.11018703142958	1.6384471113216588	-1.6766492600129685	3.4445653271591405	-2.156656662757643	0.7883527140270505	-0.7371373524748239	0.5594348909003812	1.9976671700908035	1.1485564428183948	-1.2529402903064308	0.8890603344626735	3.6038117064056197	0.298923788450578	2.1975535930738284	-1.8090527146402253	1.7411718506587108	-1.2912564405539024	0.6073778539320566	-2.999245510854243	-1.4351013231312932	0.04694784871550683	-0.14909236953612176	-0.03651503086194428	0.269037390433551	1.0678159758036043	-1.4567482044248443	-0.5424118253839688	-0.5308426727144108	0.20455879602399293	1.6123054169531883	-1.172474405489458	0.8192135809728751	0.7480186698433365	0.14180758111864314	-0.7317641921282901	-0.06474110538901783	-0.8301930683643572	0.6602956816203662	0.6066600857632639	1.3998342105465065	-0.12098508691665436	0.413341284814982	-0.7541938934228676	-1.0531789256733317	-0.5671258863774418	0.4548255214341221	0.2631737856541675	-0.492366819864307	-0.8372782934116221	-0.3076300300579952	-0.5005192295575618	-0.9279265890855461	-0.5318927697605867	-0.8581120446341622	0.1874716554425404	0.8767772369901334
DTXSID0045171	1.2468199727344937	-2.226216631673957	-3.266139220467171	1.2474637723115414	1.4098396558691482	-2.241575765879344	3.972560165795339	1.5009625850938695	0.355582687584251	-2.6678518327537533	-1.7369675043987196	1.1793528167727336	-1.2673142712581054	2.135579878048121	2.9495780927716435	-1.6638070802128744	-0.27531557968359993	0.1325540455940411	-0.585646172434394	0.23446478662651965	0.15600922733501518	-0.8412278701031723	-0.1503578940715996	0.017781500390980847	-0.08404472197428918	3.6504774285916586	0.8010577882145841	3.3151546678163073	2.873204587541486	0.3647368703292136	1.5096084204847586	0.9883978339829634	2.667881947380487	0.9196800613782792	-2.6080288360508868	1.2201381848596768	-2.2577995652442677	3.600884780911844	0.3730388148882749	3.0953217709291603	-0.18578639837371827	0.3258366308457292	-4.572485541812821	0.14919495855642104	1.8260797207698032	-0.41359953622872	-5.801783367323417	1.0234623286269584	-3.435877061594805	9.54104210162519	-1.2678229465752817	-1.11142413595902	-0.451185991377314	-4.196552113312321	-3.0998830531100294	3.395645599163449	-4.564431099274974	-4.066037727512575	-0.8982093493285042	-0.5617399735501113	-3.0012021984018795	4.811717387931738	-4.398209695682706	-0.4185426523588654	-1.1089107960445022	3.454253039989196	-0.595231261772884	1.3886157088784572	1.65728984485725	-0.21357736730180044	0.07965792712634646	-0.10549155843543488	0.7861711356053493	-1.474999642556283	-0.8713777680827821	-0.17442415561593855	-0.2510410508700597	1.904303800050125	-1.6706234393661639	-2.869434920855794	1.0635272268083016	1.7726940270646554	0.4669302472726184	-0.9261967112700933	-0.24154495534098894	0.806992434488106	-0.8433101410390502	0.5258530850976536	0.15953154556656407	0.28159033622571744	-0.06221430051955773	-0.588829877043697	-0.18145713519732828	0.7828658728577524	0.01876263889975868	0.41121851635750306	0.15733468370058695	0.5208369592456734	-0.8232920629945643	0.18152214060699545
DTXSID5047744	-3.351282246732669	4.060617776683928	0.30222313919855376	1.068128073589487	-1.779075814940152	0.7728894246075396	-1.8658766068409016	-1.4451115148604534	1.9025391100565945	-1.1117714140289388	0.8150801626630517	-0.5313133686934739	-0.555271144007435	-0.4673806362782728	-0.6120241848113285	0.9158307925596234	0.32541850739157957	0.017185372629183786	0.2403614706361981	0.23474684292850473	-0.25989766284901045	-0.2964798497365778	-1.0974315227207503	0.47669342030084827	-0.32574681083219964	0.4719777179204508	0.07325554685816635	0.09723673780968639	0.23753910224298289	-0.2193002447418553	0.10762067037607716	-0.38443057597659924	-0.6435114876313198	-0.14664261603921597	0.32758218094787583	-0.5949482673754731	0.6498816887819776	0.18848885758180772	0.23559684163025876	0.3532429974782661	0.026445872875032035	0.045020275908888394	-0.08871983739498485	0.1121223547592502	-0.17134601990615306	0.4261926375440826	-0.07027086663689043	-0.2582699096452694	0.07249767867602777	0.06396933589567397	0.09514501543196849	0.041589901832145955	-0.1567946720640253	-0.16406675191063144	0.10729072991146346	-0.1601502636120205	0.026183288185102474	-0.03151219726625091	-0.03729061137793322	-0.15388417324326448	0.1270827849859472	0.17240222940737387	-0.2096506711065605	0.3609159219296164	-0.004757500632296559	0.014853052214123934	-0.08526712250740004	-0.263779717722394	-0.1941820142583454	0.3861732854691342	0.851222151422539	-0.9634397918306805	0.3606933653778242	0.40753920298978735	0.5829191994902614	0.10611041643356502	0.1704130116613411	-0.19775919844626505	0.15042318984240133	-0.19378033741950423	0.30439717748685624	0.2526673990377197	-0.12388405140890639	-0.22141485649012332	-0.07490288260420738	0.09038656767602073	-0.2331222489376733	-0.2938143216678285	-0.5960137560579736	-0.30830962888325913	0.1140464987506494	-0.2710290649931619	-0.1607466757167272	0.5815930608987859	-0.20445687876612229	-0.002356073486618904	0.07863104413879497	0.8693525681482285	-0.4879798458978174	-0.7790086930610025
DTXSID5048760	11.734543911232665	0.806849160548704	-2.944179418960983	-2.0666453465262395	2.984584891873936	-5.763787760276482	-0.15350339970958968	0.6204274819858029	-4.493699615188719	-1.2806458344711493	9.281131293733955	-2.118093401186946	4.5364130389741915	-0.3247389723621182	5.280840746324178	-0.9219891215677001	0.020266434864476445	1.9890452501851115	-1.3608519088894986	-0.6968297121549822	-1.401002564652401	0.3777307037323669	0.3750865457066539	-1.2458333258112644	0.749622781849572	1.2308451154287485	0.3854118840288963	-0.671353177443259	-0.8351080599116897	-1.270070295655174	-2.0343843845489253	1.9981366818749258	0.6092247836919394	1.7895717456899953	-0.3299995030923576	-3.181683962321901	0.8052956672469628	-0.04387379051512167	0.0453265605745217	0.48886355723975367	-0.491964628352379	1.0002787580722559	-1.2830477594225032	-1.364388159510138	0.37996527582972206	0.32439097868427197	-0.23001294001808784	-0.5508146515142599	0.2025854487244511	-0.10099284935626113	-0.079104529543557	-0.3520229466092792	0.4140852464644432	-0.14933284371358424	0.3234081282250306	0.0324079874463683	1.3372314584431335	-0.08738823885332762	-0.9697853016827432	0.6909249147970649	-0.9058381593502117	-1.283802686196049	0.0990906972151623	-0.3070009520388988	0.10927653051734064	0.5584535572442579	-1.9365206893538025	-0.9920611050223483	0.7946728630654879	0.2992319564031807	1.7921711053271978	1.057843561511041	0.25395746179684153	-1.3924203364680514	-0.7563058356937984	-0.7148784083477273	0.2253097898414827	-1.0320333240721846	-0.1656374595974798	0.4635692041313702	0.48265686609274566	-0.225569760066755	-0.28591445833530543	0.030110807610210472	1.2876825948912662	0.5335203718468703	0.43584338616684876	2.3390391421098125	0.42905877797360886	1.544402936618121	-1.837118913776296	-0.2508130638738063	0.7659971061562219	-0.34435365110446053	-0.20254764827144822	-0.3651955021977665	-1.598431596806663	-1.3436873932343585	-0.7080231152976245	0.8420570028258634
DTXSID2020717	-1.5737420981646246	4.116932157023817	-0.8389240459632367	2.077955653565209	-3.1277124972102146	0.15440148756462202	-4.007691379688593	-2.840634482117105	-0.5365307959191692	-1.9262597500433818	-3.7256317669571497	-0.6782780501078618	3.761672942073387	0.6491991322786514	0.22375264449154308	-0.09406119863312275	-0.6143187780235522	0.40111148880746716	-0.07693176102833824	0.29577157020613987	0.09463499956246675	0.3690813213597808	-0.1561145925512043	0.40046176242080606	0.6095117387208466	0.6205748834454594	0.7405619287868723	-0.4981197040527888	-0.01502877413106634	-0.12311654571265868	-0.26220011547661276	-0.5673123457331831	-0.6026466168887741	0.3009942231853471	0.16497855894230076	-0.4041410594216567	-0.46140463459964304	-0.2770506832055608	-0.37358260841976004	0.05735895197589009	0.36014675613001546	0.37245632246410826	0.20153679588451148	0.11623824069319427	-0.16283947791021555	-0.1207235818392812	-0.04603821243064219	-0.35782466817696235	-0.3085028969209161	0.15106945718291218	-0.09306613746490615	-0.3704519272899311	0.35735471074454156	-0.058262462856014656	-0.20717643176521822	-0.10104110290816025	0.21681557765689488	-0.05024354593144995	-0.21826003730282967	-0.041988006302118436	-0.22837205422876883	0.17420800788043617	-0.3092152939250245	0.7858877681875005	0.20104754507616995	-0.26156333020984657	-0.11712027363252163	-0.4545294918589947	-0.5980043047270586	-1.0761185070914463	0.6126381541744365	-0.9500553175098186	0.331052390404706	0.31544455399692883	-0.3985666649867895	0.5902486918987223	0.4128967978671918	0.19150280575453227	-0.15601846068098105	-0.125687784654608	-0.011300296985792841	-0.38185261071015364	-0.03984390268455781	0.2902101740072139	0.2645403870289497	0.4054662867310078	-0.016182880576397895	0.4626113157222767	0.11299892939974193	-0.3908447523384678	-0.1326400542544655	-1.0743311605267605	-0.0613493423378001	0.4285130601795288	-0.47278594302394006	0.05985608048116641	0.7117440922466284	0.31829958885223686	0.5937350705679884	0.33546521832822396
DTXSID5021124	-5.933148953284258	0.8860174160524658	-0.9573925567004539	1.4952307838552301	-2.2318808210650625	0.7302342103741546	-3.5093622068431136	-2.674698867966897	-0.5204597486149279	-1.2276745035625525	-3.3487646575387946	-0.6939509915869372	3.680674013347256	-0.21300537889780177	-0.15093621778261868	0.020108844146508317	-1.3267857604334683	0.18665804567181174	-0.24562909417891327	1.007847684077798	0.41887359309985184	0.9982769883469844	-0.25360915870495465	-0.16767698671582307	0.5943688414346372	0.22353131616573904	0.45972564361082957	0.38103837566217585	0.043648961624632075	0.07079873605161165	0.06926879170444014	-0.5245078915436939	-0.6727506666993771	-0.08158906271752134	-0.2793168665838646	0.29177509939287327	-1.0813176755923408	-0.24246315910477834	-0.3097990904460765	0.16373341023910673	-0.25693025382805185	0.12229121386156101	-0.13618444677178737	0.3339624252504495	0.4342681790294939	-0.35801190921167275	0.41303463205962493	-0.4342173392130662	-0.2012329120887285	0.335090444652002	-0.07521854680336547	-0.45340379859671803	0.29609028344894195	0.08301093891317028	-0.6292958474860381	0.31234303309823547	-0.20709911058888747	0.06544060029240338	-0.3105403619160775	0.14210932732499257	-0.3783103205516226	-0.3688105891522398	0.9457737389531917	0.7825186713211284	-0.07041687616328171	-0.4439401330165349	-0.11296625354010763	-0.7076085191260499	-0.3924923836309223	-0.4569921489577737	-0.46161837532565664	0.46874524050373956	0.35106652633008295	-0.7540582849632637	-0.027857588507759413	-0.4337394651628818	0.34155468062600025	-0.70095232134132	0.014549348871272303	-0.041165087993805506	0.04274959927786524	-0.5782855083105515	-0.1470341848128588	-0.09478917348471004	0.10869971017931565	-0.05418087684026477	-0.4714267645985171	0.23719070738261444	0.47062444728718966	0.1960610586064058	-0.5954282759146882	0.05456641231714381	-0.11999623779467299	-0.00692122865567494	-0.10358132455829673	-0.3180823684751697	0.23014151499737356	0.004138111817194796	0.04346027856130124	0.009986387005021873
DTXSID1024837	-0.421380124528327	-0.8415661566389514	3.659275863199648	-1.9221246095052413	-1.277883466421647	-1.8115816086753904	0.3130183123030932	-0.4159808745014504	0.2683491906315846	0.48549360534189706	-0.2609821327859068	0.1253264230789842	0.08329949020398017	0.9607042059849471	0.11434543082991654	0.3642397329074529	0.046727461398842714	0.6426021168265922	-0.18284154066198902	-1.0060871474048059	-0.15704446007362813	-0.6748942399311737	0.8130225315918844	-0.03156109445788871	0.906584523133767	-0.766532511227377	0.24733601605463312	-0.5482537506684083	0.033060085632501325	0.16494288748205296	0.18147954383617096	0.6811329553086313	0.968933258758104	0.38683811079825514	-1.425320184592909	-0.34613058923818596	0.9171435147308233	-0.8643787960607889	-0.5132541816081371	-0.5016509876493789	0.19664259078491725	-0.7956686517685715	0.2710217298045822	0.05671512213251919	-0.04249265990917254	-0.42295510194317676	-0.5163970800339304	-0.02547128134109124	0.2768446969818787	0.368955005979425	0.0273553305389291	-0.5120223335006792	0.4287495411232449	-0.012331263695471377	0.5740498682550853	0.3618116897906832	0.3525890535503129	-0.3147211900875881	0.6413376160721037	0.5452474645339292	-0.4181177068851053	0.5716758492673031	0.1267135128149122	0.8962213268816414	-0.8716971994691707	-0.33713543654679223	1.1313477418380724	-0.841769862397902	-0.07562238186863776	0.5377556719452578	0.05958505101553744	-0.18067017164644308	0.113249767913139	0.0286465700251772	0.9959432070272995	0.30858864806476777	0.17048719197561624	0.7152064979064449	0.3607476704908485	0.16849071129504034	0.6597867181769693	-0.5114147183652891	0.36567813393057036	-0.08412271657687131	-0.33565014766980217	-0.10062595864825147	-0.1790871634411318	-0.11660601720100078	0.34868813703227125	0.2802361196047864	-0.07830063763275634	-0.437649277949179	-0.3317923324558037	-0.18413982922976846	0.04383969945262803	0.3469475068215423	-0.11850824489031563	-0.687629782961155	0.3026751777104911	0.450761140658819
DTXSID6020648	3.321175159864269	1.1561260376719464	-4.558687791298804	-0.2634337126558397	1.7362081467569734	0.3170386963621317	0.5977622995226485	-0.19180656336462706	-2.2587950124472247	-0.07862415733266055	1.932125003769166	-1.73379619001317	0.30400369455313575	0.07094516519692416	0.13513246118550715	-3.8008700327378087	4.21035456015371	0.2646731754366244	-1.8004786346955541	0.25420749991295866	2.6262148926506725	-1.083874688626466	-0.4155183704815965	1.6451283359962254	-0.03179311800514527	-0.3990172298827389	0.42681801995092383	1.3071101092549373	0.36106312489787645	-0.9377998835601126	-0.585342775055444	0.7507628771170426	-1.8924691997689835	1.325364046750355	-0.9619593418176948	3.3781934108989677	-0.011456300137672567	-0.018368090615737367	2.275419032881978	-0.011539757071581001	1.4300924435771034	2.8784588549990624	4.415640238699631	-0.6675780422740881	1.6034387022353556	0.22671964861353802	-1.7058756249316793	1.1493488583257236	-1.2175821364728803	-0.9963562548536276	-0.17450740543624438	-0.832632139852596	1.708390119751383	1.3037647165359294	-0.9086375805000119	1.344017539671683	1.1701793689082312	-0.6712559311175211	0.8645450880659749	-1.3170481203843916	1.5176619958992077	0.21614036185604676	-2.6064583879260623	-0.6267505428701865	-3.058924590362692	-1.983065232762746	-0.8552375837511832	-0.4726115763691847	0.08180139160982418	0.199312816663524	-0.18243962384389	1.4894755057744724	0.45575102162066033	0.26253793269329206	0.13271883357710457	0.7288655273553051	0.13265495255652915	-0.3263667200962524	-0.5152334655206429	-0.552516098368435	0.028109955220064375	-0.7189631696122745	0.4487377167253418	1.0258430160759988	-0.46713311075212216	0.13120026407084703	-0.13167041209812144	-0.16360342021933827	-0.3913742004746182	-0.8473441831044205	-0.41188157999052455	0.3337349497333014	0.48048358568045846	0.038213998208789665	-0.17300618382470134	-0.3144558491761211	-0.10670111490078807	-0.0446130496345664	-0.01902831593465299	-0.0356688727191785
DTXSID0025440	-3.585552387213621	-3.0595872923417007	-0.4147460445578929	-0.38379526045749135	-1.4945314375447425	-2.1676872396097417	0.06299256929537375	-0.13714491675016618	0.058535435872684706	4.76882563970622	-0.3155352406339276	-1.286113533414924	0.06389226538280465	0.9106494539939415	-0.13977821540635377	0.07124602153683182	-0.823578572614109	0.279025124519998	0.8255175693650595	-0.16700574393447498	-0.16118539938729015	0.7517717292497855	-0.4652795927679575	-0.6150434711990114	0.3008853480450502	0.04154251573155134	-0.2135986757230338	-0.06829064043516052	0.26498761946807703	-0.7070234397211916	-0.41066321788239096	0.1639710126170925	-0.4856447363239724	0.3811296192912551	-0.10689741943180563	-0.3530852373637639	0.2958060447376523	-0.0026385854835503015	0.43935260566085416	-0.054312513748999834	0.31512694625445214	-0.6083325486703062	0.557857182822925	-0.3223467978889001	-0.04444987945358398	0.3264733527528507	-0.7790337277602121	0.5822296505895561	0.26737112477351194	0.4598730772954104	-0.10733595670297046	0.09870344373683083	0.15463703212631005	-0.07538508870211806	0.3391077858000134	-0.14108167256386894	0.0962408880880261	-0.12242142756350699	0.26330315282933	0.0993470658129955	-0.24982352445015565	0.2977859315024035	-0.16423036583266337	-0.2750504188768954	-0.22305554847013245	0.16724780771979875	0.7926810712129437	-0.4346526158440483	-0.7358976703014436	-0.6536197290500336	1.143148873033734	-0.24863592998885867	-0.2961166378259799	-0.046790355242453306	-0.3694670848615226	0.1561047376514631	0.2864272987836393	-0.9323580858492805	0.07642711738993865	0.1859542629818193	-1.234447011644731	0.3327076623778001	0.089078276056676	0.6944357542191254	-1.019263097669283	-0.22183508587860948	-0.0032950177671871744	0.5576889711575453	0.7066501060784597	-0.8633808419595256	-0.6919435834399584	0.2353368636321917	1.15567044438579	-0.24862772170045655	1.4832703186948564	0.32831160217259076	-0.3667324586092642	-0.7639195542618811	1.412964744579389	-0.7758515023935509
DTXSID7024875	5.951962158194991	-4.98013073129971	1.5183974066924233	0.5690889554281507	-0.5350994123520008	-0.8468972469862761	-1.2965910523072917	2.261569982076408	0.45686665557700473	-3.9473036649682873	-1.719515192195642	0.722324867907045	-3.2563875683058625	3.0391859348424584	1.0704384073668325	-2.105270828697597	1.102085267227234	-1.9472602038574265	5.961113211745006	0.744170638227514	-0.27655321381533304	2.4057005368862456	-1.5515092602641056	-1.3346824550456806	2.654808948007002	2.6500040206458215	3.44379908173666	-0.17394743124153814	1.4696304220496794	-2.3097663839735665	1.4128177249078644	4.182032480748115	-2.456385577274334	1.872807633967359	0.34956718477380805	-1.1109594627525399	-0.6528713747634722	2.3683354484482932	-2.3521652866661933	-3.49226518908306	-0.12714592171047243	-0.3378393994485509	2.174570155612225	0.6126976564225516	1.2302280692400958	1.2996472562086054	1.091078991504855	0.3712719147097153	-0.2318792522865504	-0.10504983844978744	-0.24386000557411808	1.4031743299604416	0.009130629482903245	0.03941003314632571	-0.07162711415135267	0.25095972250237586	-0.284643998850219	-0.07532601047663805	0.08810591163308007	0.742606531676846	-0.06342171345413974	0.09520505982694187	0.8234027995267407	0.9634884897360456	1.2608174916858434	-0.6398125252010637	-0.8800410683612173	1.0896410475769656	0.5803041549271194	-1.2562415779415212	-0.5361112497798296	1.5285243202871945	-0.28137584958042106	1.1584733440160417	-1.7757996795189672	-1.4439351241226437	0.11404565498026793	0.07031348970524536	0.30159389996999186	0.3376745736171486	1.4522439478844547	0.2993944359998963	-0.4433057326483749	-0.299092264367543	-0.8008887093057543	0.13127527553587753	-0.17259174175732211	-1.0485488837018537	-0.42691064430274817	0.7698899584713577	2.187107839456624	1.4911058028603272	0.3234495764718583	-0.15116116609092833	0.11679109868222994	0.17367975315111447	1.4939566473517607	1.016411734793767	-0.6411293525070744	-0.01502052211090093
DTXSID2024452	0.7277703013894187	-0.8625970083544228	-7.893152144597334	2.373611818077323	2.8414829182217227	-0.8597099049346085	3.625675996778774	2.731607719061889	-2.447376196301889	8.537073916590279	-0.033541521729969645	-0.7893886765826378	1.6032640791929118	1.8941316714818417	-3.5849126822284494	1.408017103466482	1.1141008718699748	-3.534549337248321	0.7569017086514748	3.2897089083352364	0.7962929241455329	0.5533627814651356	2.072630064873049	-1.4777292018754244	0.7319948297766247	-2.3331802265041555	1.12156374227137	0.18178816516227334	0.7933537201884165	-0.3583286531001574	-2.1035378133079705	0.23723894010452473	1.5942138628917284	1.2949901975911515	-0.585554907407102	-0.8176893259877811	0.2862030464412662	0.7110473550842715	-0.5820401563214332	-0.04262371151402351	-0.8088338637680116	-0.11377349879501673	0.6207876240591129	-0.3929048165670204	0.35340412985940983	0.6051885387698035	0.6716742113970406	0.18239225844802148	-0.2792579127429475	-0.2968510424092976	-0.26296932348947244	1.0899785275807203	0.29223142829768106	-0.3056122597553795	0.6586671457771103	0.7088443619687037	-0.7412879092079881	0.7778728386374708	0.7372901435049288	-0.8137086799246473	0.7207135971236291	-0.023218837147859005	0.7165090999075853	0.18761950202515934	0.6328715683350256	1.628400737311072	-0.6926071659194826	-0.8876751687170126	1.6888075419446358	-0.3549349904658555	1.4516873344156334	-1.472501173243139	1.4663052181838379	-1.0855879637487742	-1.1775943295313003	-0.9968824228443646	-0.13124989354137223	2.491758248065193	0.4256705281716837	0.8820466989789958	1.1281727465478673	-0.34007682637739395	-0.5914320270314369	-0.5176623149809387	-0.6798946317747592	-0.2040244210309591	0.8412669744119511	0.08518759841939243	0.6681141975689353	-0.3955727365111245	-1.4714582385503008	0.5306042135133021	0.3956304591722027	0.13919370342661525	1.0668716284014075	0.2512493283705811	0.013768653044201747	-0.013795106626748807	-0.25841140089167863	-0.9389522544961608
DTXSID9027449	-3.2303769576344097	-1.182513234844785	3.4933007096631186	-2.528966131418063	-1.1094085703890881	-1.7602322952771876	0.9194054206739725	-1.2211106805057859	0.2645922255326864	0.8276335257481566	0.32878738311547134	1.7389894277337699	2.5515772231852485	-0.5880069119951054	-0.5223163826978771	2.6580477676217846	3.1272938986992926	-2.8170862984715437	0.9307155325829127	2.302421450382755	-1.0977737218293773	-0.6234505125341429	-1.2661516428207207	-0.33808867737928117	-0.6666407107971504	1.1071836278302507	-0.2975621563428709	-0.29172797386009475	-0.748542237452239	1.0166444716473264	1.348400441114157	-0.6071571189680128	0.11575834450344608	-0.78625700300225	0.410176151778507	-0.49107554793072616	-0.9171359073424072	1.0710554850301401	0.16159752240190686	0.8938018306820859	0.9750847355500036	-0.11707998072715585	-0.8602013585100842	0.0003798159725413828	0.712532150932462	-1.2245250192659212	-0.25470234918148255	-0.04660919798305045	0.2906366634941421	-0.6311667200224746	0.2757640517813067	-0.2591643259070099	-0.4738053710117192	0.21142339491820913	-0.6687046665289783	0.17048898951591743	0.450116012997444	0.37753178508149915	1.5126218219436849	-0.11216597993113844	0.41378484177489905	-1.1285122637487062	-1.4780654603157244	0.2997639595016912	0.0999677869474417	-0.1839757766251282	-0.09628349902966948	1.029197965569078	-0.02805084289584557	0.6623016912659817	-0.18999676855265132	-0.3147034178145072	-0.6381156183960157	-0.9747448423892723	-0.5952187450812597	0.08405354641854353	0.7825341683672165	-0.34800122630802954	0.12266335290138193	0.14899423794173847	0.0073591093256083874	-0.30110844986936375	0.30455354963168496	0.03895733073356074	-0.08433854746365534	-0.07655634206009715	0.2524752810732565	0.03644881778648202	0.1939448184302667	-0.04075655815412798	0.28017634295495664	-0.00023796299903407062	0.09267825638677357	0.1611379501186665	0.020879779848902224	0.41888077476551044	-0.3542234675622044	0.11288515691789765	0.33431014093892636	-0.010117980492787138
DTXSID2029290	-2.4883733643679884	-2.8332865001702356	5.405565048171137	2.7739116095944936	-0.7699015493908791	2.269932838133604	0.7954194905765151	-1.357171459842769	0.8769387078826661	1.0509488576919097	-0.11620354750330135	-0.4584558102195069	-0.004327316234085627	-1.2985248951024535	0.5827864475880893	-0.7865782521098565	0.9480795744068529	-0.2652385838576651	0.8672602461464458	-0.23613797646552992	-0.33456176009523836	0.22930129299156116	0.09643444828560314	0.2902528522370905	0.2537064158632833	-0.6719875564519514	0.12400167090666613	0.2564013231704337	0.22069797853949608	0.21911996579418297	0.4009505015943706	0.465526257792503	0.7418165527101547	-0.4115543993768004	-0.8500967321610288	0.037807625055838935	-0.38598593632174016	-1.355423705185754	-0.4237785217392631	0.58847400143339	0.011858562563376567	0.08318313977267609	-0.7885975766922285	0.12572335626794623	-0.12579007453505245	-0.5415384122034302	-0.10615369358351082	-0.11248586991513196	0.3527320300390694	0.14854606385428853	-0.03626230104917306	-0.8499893492530721	0.09084575236021283	-0.014184244321573357	0.16420146712627842	0.29700048432111303	-0.6222887059524311	0.16764252016777856	0.0748331429719752	-0.35135643203963396	-0.4258489469663424	-0.04911545441452442	0.6114462250363375	-0.1672217941917377	-0.4748047922419513	-1.110718773212594	-0.05073358583386308	-1.9201998445430328	-0.14254778801738258	-0.046405969981920286	0.21705990215301021	-0.15458988128251538	-0.6381030933406502	0.4977420875068578	0.0388232983269572	0.23075605279751613	-0.5112482136115404	-0.10921192975665849	-0.24953929201424466	-0.09772663411454403	0.11999227686324429	0.8150149884878102	0.22196794297487651	0.029927499114667817	0.5733862775049284	-0.4198048189919731	0.18807008867589323	0.026683759129714837	-0.659835688050732	-0.2277695801297726	-0.9243045923061318	-0.38522777730916363	1.3087766437883395	0.4571523544175666	0.4636168522770968	-0.2938280972942781	0.055052179131812894	-0.19105693845248017	-0.9846896091385943	-0.15370575923244625
DTXSID2047434	14.793205842256718	-5.547612983299341	6.0707157306175485	5.984368405560089	3.456024186888199	5.858565021088817	-0.4244974315698867	-1.5750281032750926	-1.0763542349987618	0.08660154466472442	0.24747557979684545	-0.930744089558818	-1.1009179456778022	2.0309364756624144	-1.7037715213161204	2.1027016776774277	-1.2456398722736068	1.481372258156541	-2.2187719108646204	0.9256194421348761	0.5721125346919747	-0.8267519369222793	-1.0080657271033466	1.0556993249567497	-0.9285979770298491	-0.07597741048112523	1.7005590151537648	0.4541481777246996	-0.3886522189985191	1.1590464967140288	0.664305281552295	-0.4154111730956581	-0.18220708877313974	0.28149268608022227	-1.535241518399156	-0.0067585695839427395	-1.1816626447135703	1.0775491986301253	-0.21073466232539526	-0.958254420064083	-1.325749571764835	-0.6525186585289467	0.5851187106486492	0.09703438460883615	-0.6715790896926306	-0.07672553638034812	1.1188639108363732	-1.0522746889191936	0.27356639222333023	-0.24223086317327286	0.051493757945612006	-0.24489878376518398	0.2641650209481502	-0.4871332498468982	-0.029326757875133606	0.031909117901048646	-1.4628993380090909	-0.8206574014101555	1.1847719081565826	0.4889252530221478	2.4637432936737715	0.8625159029459963	0.21795457835763027	0.9154844817202425	1.0368743656509527	0.31458512472894634	-1.48287745718631	1.4236918998546377	-0.3067221556495415	2.3408914208406855	2.2158001754688756	0.7273471841758739	-0.14353689842739414	-0.29690202187354625	-0.2726379368330206	1.3448656019564014	0.38558075583363355	0.9369310476870225	-0.4084619518106411	-0.4158613233947676	-0.3036964623263767	-1.1110110414537986	-0.7848558397761523	0.666184635719863	0.4516947890697329	0.11598902982900619	-0.6287559469762356	0.39842557032449905	0.315575622885947	0.383916620942761	-0.08464223253123236	-0.010532154901223778	-0.4039979661022964	-0.27411762945272083	0.5007240814985428	0.3295923788713284	0.1647116024386447	-0.14662014811583624	0.9167094530229638	0.29663112622030074
DTXSID1045536	4.566007301695343	3.837874535415776	0.8022872262735916	1.7576376710582293	1.7869783616040922	-3.265527116098494	1.8921472574171418	1.3864549401143884	1.1864623014094053	0.6142566859760906	0.07446535981455238	-0.5310983518525331	-0.028274788924437494	0.8144452278590811	-0.029883900252652817	-0.588688855769536	-0.46996419540864365	0.8618075871331566	-0.9921618532579826	-0.3101506805081939	-2.5683180606326004	-0.7252429546871013	1.1252544550569155	-0.20395055837615417	0.26587877523067677	-0.5075204763414392	-1.3094757695533066	-2.348510707535114	0.19132607759059314	-1.8095873296754514	0.49004164808455114	-0.5866780553777527	-3.598959326755962	3.222768551602394	0.5492322263635924	-1.988035162435678	-1.446739827129753	-0.27432022037262327	-0.469097509675946	-1.051355008198	2.328910252171622	-1.256270191707249	-1.1832158291779569	1.2537270927568012	-1.8564891136971249	-0.39836634197265736	-1.5177368712434602	0.258911745356113	0.8188732112605113	1.2627737741436715	0.7146667864515681	0.34170011472776113	0.14448315749349175	0.08077745147529215	0.07306522268240295	-0.26523141317281823	0.42559419969821355	0.9801872898446955	1.428762169396438	-1.0690019478119919	-0.6197165546197899	2.158152385363432	1.159929470479336	-0.5452108532710623	-1.5005801629946791	0.7966030960844346	-1.7201770390396223	-0.4448404152214817	0.08237372937741119	0.34147767673379836	-1.2915907759851957	1.0218389121450377	0.3481183868014538	0.20647844058416526	0.7484128416634501	1.6186334433915335	0.6845463966525581	1.3148917851918487	-0.30278963731671316	0.589302610276612	-0.4643103695641795	-0.8079739401984021	-0.41316391992449375	-0.23464273915599584	1.1245024471868816	-0.00038323818319162994	0.23560079265797307	0.17273603216732927	-0.9606964508864881	0.11830306301255249	0.2970268331105208	0.270387199672699	-0.28158978874192997	-0.16486871948841095	0.5921937856169438	-0.41197788420836673	0.6510840093595925	-0.4152855525943185	0.42195089885785314	1.0889903759479627
DTXSID9023966	-6.978792997219045	-2.9319830022048454	1.5566872766708066	-0.8627201459748625	-1.061415554110012	1.4754484834707458	0.24624913672142282	0.7120611683165764	-0.029606451268084946	0.1234738208502506	-0.4792904943398327	-0.04582167580781078	0.31601083376199596	-0.05144942171627652	0.2914797269130831	-0.16423292307187096	0.2894013624042687	0.03214389518076657	0.2606047850609007	-0.6646450456977137	-0.19624311612413106	-0.2334814481379615	0.9706021591072928	-0.27549786466712345	0.07172572985324102	0.5674000125850279	0.19989978626489968	0.24648344935184863	0.25557830965137374	-0.4182055690607046	-0.0815799891451634	0.3171122943042323	0.2733032162042201	-0.09424324527206175	0.3006774928240562	0.09235147330435155	0.39431864872030664	0.04565165542759974	-0.6598348882705316	-0.15954438003888577	0.2102055788792328	-0.2672323250851971	-0.27020847190981334	-0.037093133085389925	-0.1722633987152859	0.15621146260960628	0.26558656817691884	-0.31364778048991354	0.07644014204939686	-0.3444978913984677	0.06220518599167032	-0.1819501692396043	0.17809602306218875	-0.04810534024221048	-0.08331042818786262	-0.17713483361050975	0.03603464308505852	0.35191384983866447	0.03690034009224925	-0.13260687806570132	-0.10414180018221328	0.03660043207917088	0.22848326714507694	-0.13195263950646083	-0.5444827715301497	0.3423049031715952	-0.0968363592096406	-0.023447751150658013	-0.29986528419292047	0.6138975451835781	0.29563737802841367	-0.07988075026468182	0.6206005853682747	-0.6731466189471492	-0.08966929614484609	0.28638018821614375	-0.6579105072390068	-0.3396048371558268	0.36475289498586577	-0.7346700023585004	0.08036400849863065	-0.4801241146164607	-0.013362550266125475	-0.3569040088888172	-0.009177903456458733	-0.3614198291151796	0.40397393421604105	-0.10312790830452195	-0.3861772588470197	0.287927208211702	-0.32466428768394573	0.10987019506307137	-0.7267919818065477	-0.3619912264963978	-0.013992247683712692	-0.038478466004191636	-0.14913148728099013	-0.27936930918051084	-0.1339656503859763	0.19753354374016652
DTXSID7029661	-3.47055397518721	-2.8815380883502137	3.0607669843637426	-0.39378357666804514	-1.2637204501770183	-0.41069081788970035	0.1878972516371141	-0.5188529576644478	0.4000957866525805	1.0390124239465437	-0.3596143462033833	0.0459570239658858	0.7322210526277595	0.02732660111097771	0.5368766164974673	0.2763309509041429	0.41493138712083805	0.9760669460987661	-0.02288603195551641	-1.0899249579059131	0.030562207566620488	-0.48488301520731253	-0.16202166456437792	-0.27686235685979194	0.06819965479219278	-0.19134107637850284	-0.3044438051282677	-0.6733687338676292	0.31977646513550395	-0.5777898658031404	0.25940577934357434	0.37014567601603987	0.08755728511575835	-0.04562247821273096	-0.32697949488673217	0.3653195331401022	0.12334893991548754	0.532225669252228	-0.587988421266129	-0.6057389215869365	0.3453184488336784	0.08720999144672145	-0.605188570461117	-0.43907498653315125	-0.2890135696036843	0.48529741792787356	-0.12707179670814817	-0.02942240867756984	0.1334337840737442	-0.24583452296748615	-0.07737573754836362	-0.14705436260919716	-0.18453039929640475	0.042557917716936115	-0.14349352989810205	-0.03605642567260916	0.09024910155795987	0.33542036639417766	-0.35057736093176756	0.36631654034914757	-0.40603541348701516	0.08592449594187028	0.5255022035212876	-0.5351164656560016	-0.6498265121398575	-0.3264062931494949	-0.4266960174336052	0.2297427739051091	-0.16326612517304914	0.8490845391653957	0.01436596759616068	0.007871619027943009	0.7725961541785645	-0.1817053083959047	0.16703586762683076	0.5512890053858772	-0.24770895757069591	0.21040560866849764	-0.1547171564939421	0.17925680933192767	0.23273819108156912	-0.48675042485071796	-0.11673021970308815	-0.19598249437039822	-0.016734173427161405	0.01363754152649246	-0.3695162083132788	-0.1742160838934556	-0.5358937832614757	0.3034248254221116	0.13210295459499138	0.8605897710208449	0.11450326751456749	0.5572530261698201	-0.2945721944120607	0.17532560944235098	0.017604978386078544	-0.022669633359638477	-0.012986149505448503	-0.13323149299526452
DTXSID8045939	7.820841719821386	4.2668239531056775	-4.124103003017565	1.5901058403936073	1.3100579875582024	-0.5651285166087923	2.350813881591496	0.9019647188846373	-0.9267653110934736	-1.515396529692776	3.2347957294424785	-0.5755297118895206	0.773732924672757	0.5664355712054562	3.9642019983655294	-0.9101941158631687	-1.7370549434122329	0.167213275589159	-0.9903043387260411	1.279135616770305	-0.8334985884083919	0.7949782232671554	-0.2960748588757271	-0.7036006169570101	2.069510930216612	0.3388023711811422	1.4371993237520704	0.7084649150219385	1.340301858241369	-2.3812367593562067	2.0981231145517723	-0.7839855395895474	0.6558760823117918	-5.689052164139136	-1.1762953942922976	0.7326732957193978	0.4536632481612393	0.31808092324354675	3.699862561398992	0.007968964703181472	1.8196417783795127	-2.1932605326276677	1.8736208525408178	1.4351726106666485	-1.0734880965775582	-1.312387907467281	-1.653119364915774	1.6831458273235722	0.37270346974304125	-0.35648529139807905	0.4698650085885744	-0.6482995605844388	-0.06596245259965539	1.2520299748016075	-1.7721857741500013	2.427952397902892	0.3978864330664681	2.4393354016387434	0.8408421772469588	-1.4757303016879435	4.595582789995937	0.9832419913810931	3.7725739399290164	-1.9947278623666371	-2.6721131747853097	0.034973680910111125	0.7573458346167182	1.660308665513062	-1.858952313843044	0.7606803637587463	-0.40781336465442575	-2.339884315117123	0.6394350656959519	0.9005200870984708	0.206378178712789	1.7657091382413324	-1.2007512947178	-0.15749361241753235	-0.08300135171568872	-1.5435285068918727	1.4675760178174706	1.2846525109852887	-1.2620215251561822	0.11991328898025737	0.6988890250881028	-0.6278085402994537	-1.3537742174667284	-2.0376278060361717	-1.8297042375976185	1.496929714676221	1.974037465141464	0.8054369004413814	-1.9100593648824404	0.28324852242616444	0.3131674432700592	2.4679379746213534	0.9611579377706807	1.3540099532757113	-0.47331016836428097	-0.8930647028399988
DTXSID6041844	0.6627698450327342	-7.412094432931832	-3.142010526808602	2.3519741349529446	-2.1258999436702744	0.07906540869714797	-1.5689608329052938	-0.3546300010738856	1.1775819019125362	-2.0010508729329777	0.39948412624375357	-0.43869378095747286	-0.40489906942616055	-0.08203809145785006	-1.727148866583358	0.09439755652566152	0.4833773257233071	-0.50363942522659	-0.816391289509731	0.134572658695568	0.4066512308703569	-0.11645028412673251	0.2549513406142832	-0.5790078835902251	-0.06786202729071898	-0.7475247581403182	-0.18351837128529408	0.5887358014152149	-0.12012841100003416	0.11650287221137755	-0.5526356627260993	-0.37303660119156645	0.30373502932902813	-0.17136460586154278	-0.5446074909779649	-0.7702137423863049	0.2912273089497245	0.2734329126338848	0.491044830775054	-0.38221077286803984	-0.3063634668708485	-0.11174568932347102	-0.1911535999056236	-0.3148207034211872	0.037675806863440645	0.290068266835048	0.569598463473718	0.09867547108673315	0.10452975745778158	0.1450082539987833	0.09704488879199698	0.3236737940786326	-0.03323237077272817	-0.12385890261447839	0.3534050692278039	-0.28534834219622174	0.04564230028753292	-0.3388658478727207	0.04397847137581145	0.2193193402964346	0.2761636506460091	-0.012922721145106725	0.2806821261224094	0.1689268608275292	0.14101690442001757	0.3434544611018833	0.6502132608475071	0.222527033253414	0.18554031327934709	0.28305214445941795	0.3184651701817069	0.149638948479174	0.4136299092252575	-0.516576516752823	-1.3676605872111425	-0.5796996770796015	-0.39334449765743507	0.4699474527177288	0.3458086332528956	0.4830953523405955	1.4919606897222732	-0.5653725906520012	0.455620318150303	-0.6294555821180295	-0.7311610438515682	0.04776793217040383	1.122061636079481	0.14381587925207845	1.0723363481257773	0.3612926889257035	0.07122415915259446	0.18902094124978272	-0.5301019708266334	-0.5668201880737279	-0.306647167170183	1.190113367669124	-0.9240077565724611	-0.04371359222571186	0.256758059292739	0.27448557031500886
DTXSID1042499	6.162398317949378	8.006203992170864	1.8880052563026903	-1.4563835133416907	-3.450186599455516	3.4088036879765307	-2.4448436785966545	1.9637641843838314	0.5754094319723603	0.03771934997361533	1.2750521007564042	-2.2543730028854756	-3.9246252923417853	-4.059774615095194	1.8200447936020492	2.1478735542397365	-0.7821595365853701	0.8988740574731908	0.12149254254449565	-2.591150814560154	-0.0527301640138186	-1.5214644097975734	-1.7278665235015827	-3.3105032843716655	0.5736419742922665	-0.4378393530690742	-2.0015304457356144	-1.7551229655565663	-1.1102370817024751	1.4853626659104022	-1.0610987634791773	-6.363125536768935	-3.0219344810180844	3.504473649327534	-2.513209660261928	-0.8259794255272028	-2.0716449867017506	-0.24008469957501513	-0.6055822118081562	-0.19517446672260655	-1.4450568567265445	0.9141003686509073	-0.23085429264219967	0.04085998510881382	1.4870308756669286	-1.3024623415995853	0.7177246426983881	0.627921820377486	-2.24987687432967	-1.3494709086509566	-0.7323108758216783	-0.5590006688891354	-0.8181592553089275	-0.9837787216485634	-0.12698013722210663	-1.8898534896668242	-0.3464512719511857	0.24879960820962038	1.098061466401743	-1.0426635089859253	3.851293929025415	0.32997293387825516	-2.103940935251509	2.92129239508407	2.324087722514369	1.4292494339319135	-1.1719981108548696	-1.026376830956584	0.5489683013323706	-4.996757450080415	-3.773865358247319	-1.47393422157419	-0.6244848380438015	-0.18420897750400111	0.17184649995935938	0.13025002934342284	-6.392205820401626	-0.1830435159134669	-2.191116690369983	-2.566267184179752	0.7861440219199977	0.46482974779301717	-4.304945599468343	-1.4536839365183643	1.1960235866303406	0.1974613681237195	1.5938378511221816	-0.1700484453428977	-0.5088327191813955	-1.273138178537719	-1.0030619270478918	2.590952893852123	0.4565450619176847	0.19526812295393037	-1.3961275168030673	1.006931526932852	-0.45427805529098475	-0.4006604695737366	1.3741868178637373	-0.37298694589757436
DTXSID1024881	-5.594504734186627	-2.6164548084297734	2.0900788523921023	1.3130700856884325	1.5763679823980181	0.7491210892110827	-0.5511674805952935	-0.7483599317129318	-0.21899208066495598	-0.6731465910860842	-0.18091276486261484	-0.4143987931204188	-0.425351206795361	0.2620675836335125	-0.4920387825954964	0.1619383693600601	0.03509418872684774	-0.24192227416144285	-0.6954482225610684	0.25518246758794605	0.2084831044308172	-0.2314128186449571	1.4687497200577333	0.0587847637480615	0.0717828618914689	0.14575728893090217	0.8021409790678325	0.09139403372813523	-0.053364050993980214	0.33777975346844863	0.5342219511891036	0.16465938597155524	0.4447609161967697	-0.45012522793800813	-0.40173089768548276	-0.5258902800841817	0.5407758378319165	-0.45610319950207306	0.14758130708015932	0.25034547541827135	-0.06872941841202984	-0.20046743075085932	0.0985353125373587	0.06831871778609695	0.2716710056727894	-0.37836674389442343	0.04525327313203335	0.08509501941245645	0.03942689809502874	0.36280800940174435	0.06646447628309432	0.030208413818848666	0.1274978703563183	-0.01578660667622382	0.3248401507586233	-0.16272639101160027	0.38698434702033235	-0.30310215394108414	0.23253513088865002	0.22477180303621774	0.0893161666980717	-0.17102908046827334	-0.17511359545392902	0.33077247978266316	-0.2468045042322766	0.4774480786226359	1.0384690391568332	-0.8993615680781585	-0.044345394584815005	-0.31210674445754827	0.09248839747532095	-0.2013127349255148	-0.2889955071742763	-0.029340907153783076	0.1678885915114067	-0.6752961825528869	-0.01231391452181241	-0.26455171530483235	0.007728497578951435	0.20979231396459747	0.09860773046410834	-0.05874671558058662	-0.16181216156463032	-0.5573100661460256	-0.21944034040308363	-0.020271659931081185	1.0316633827047867	0.5221900344577663	0.4433211903776619	-0.4418633675155074	0.10771751753936018	-0.3677482218252373	-0.31791774918466553	-0.47225486090210267	0.22669988879471903	-0.07562319549014088	-0.04579728072448463	-0.04060712243875979	-0.15737014934692156	-0.08368107352436124
DTXSID1057797	-2.7076758915730457	2.7788484711230277	-1.455262389594934	2.662880608367807	-0.7233613475163209	-0.13773740617939095	5.190029397712848	-0.6756089788112678	-1.0455651178347591	-2.45480818241553	0.7904699838134827	-1.0868387618641016	1.1927115667475703	-1.2415963935061438	-1.553344937550876	1.4321901944949067	-1.1475396930694906	0.8909738269224794	2.680124709900935	-1.7665855562070212	1.4152804542278354	0.21286188439626577	-0.7600583975558125	0.9312213561537175	-0.6350302629292618	0.8758327975070269	-0.6486424807577125	-1.7495631217421257	-0.9462572031088711	0.2399157424252645	-1.4737624232190256	0.8523142230743241	-0.13379519827199987	0.25947270428691965	0.7825730497800559	0.04627990593954373	0.0133521988547393	0.2591339642199844	0.8311156607770388	0.1423185550720593	-0.3266700030513679	-1.1976213162306728	0.45538722640485463	-0.3537642414880517	0.030483547648684602	-0.5076232863806299	0.23370704159223743	0.8237347449699437	-0.411141386740583	0.3077040379694432	-0.35882251614161836	0.03715823713641576	-0.5279361033954784	-0.5994076124787177	0.5406976146784787	-0.18442258744368026	-0.06618976266742047	-0.2046440858102624	0.295685995110916	0.21820592962861063	0.5511081834355054	0.16342576927339075	-0.4298508052411241	0.29285304704517506	0.33310057036124435	0.2785728053878652	0.6321215295306891	-0.017133673202952948	-0.5000505559390631	0.30361708532722376	0.4805063836727537	-1.0198907365171255	-0.07037991048886909	-0.026269884106110926	0.9309630699032029	0.20994819458346903	0.15289498571752058	-1.1173195662043298	-0.17286491406012036	-0.28213799713657267	-0.7125240590101286	0.21970360000802455	0.5804243269404227	0.580934455900704	-0.7424132408251085	0.8228845926081543	0.7065064892265398	-0.5596663188568919	-0.8639189782274987	-1.0907023878650455	0.7319241632293325	-0.2524281438464902	0.7088486361045343	0.4998172778977504	-0.40932284148471154	0.08375873404481815	-0.7162061195541225	-0.03866594988268318	-0.5676732673977295	-0.24405725308613396
DTXSID8047890	1.3811349901352774	4.93264091142768	0.555359245854365	1.9297392009960628	-3.7608504658984674	0.07273605518487203	-4.574529894524562	-5.367320302730828	-1.2476820025611826	-0.8129890757356775	-6.87745537421311	-0.7901138465972793	8.275911569574367	-0.08390580015106183	1.3497854381299312	-0.6162458700013126	-2.656508235291937	0.6568370123639568	-1.1221637389805161	0.2131585238105076	-0.1320094824041941	1.1860754228482187	0.2765255821252173	-1.4333278151416333	2.778777475654034	0.5967606462774009	-0.6981745469960544	-1.3308695967853077	-0.6245083141237566	-0.5747873388784561	-2.1940741626586537	0.42909432677668263	-0.3829856665569484	1.0767747221312378	0.7481273359856432	0.5060029910342214	-1.6245437022147722	0.6272873758394276	-0.6084047135974698	0.055019209236388485	0.03843644470298782	-0.17317108814138332	0.20897992707021587	-0.22380086989745543	0.043851396945310345	-0.06907519824895923	-0.04436264915197093	-0.34822254965866783	-0.3300547800934473	0.14993431930494533	-0.0896194511281573	-0.6630081864536672	0.7341582445284344	-0.3056729311149712	0.020966663763450754	0.21714771811082445	-0.33265890152234656	0.07901475049170319	0.11879288107442426	-0.606816115579918	0.19256824606480447	0.5627177487532324	-0.26376556877356294	1.1226648721703483	0.5175395111156524	-1.1996422576173693	0.2639200700214595	0.5743003008200833	0.45135107964318255	-0.47960319764851894	-0.20946797018651156	-0.8493329054108028	0.3582515051861952	0.6916639962525392	0.4603316725536759	0.417576932567561	0.9794138780434702	-0.4810988152208609	-0.20488160418002435	0.3336156570540527	-0.08117050657389502	-0.1221423974207104	-0.2540245449961133	-0.06519123389711672	0.3740366317597083	0.22988873747069538	-0.16979921077152246	0.3286896472416359	0.1711197090987367	-0.09908947458966008	-0.08726877658044244	0.49492381363034216	0.18243868558839502	0.5414643347192971	-0.10393759963921405	0.01884114926115718	0.5706536572834414	0.13817402626566244	0.09115714610684005	0.39171282628599596
DTXSID8024151	0.9545770911091116	3.150583072871974	-0.6081087494031205	0.3759950755501574	-1.2174873091438336	0.42065310376726806	4.292628090281902	2.2623905553911126	-2.2021018562778187	-2.767090282715937	0.01556862480180158	0.7198780396304054	0.052824155149351106	1.1737026992278095	-0.40667379697710326	-0.8056194217524985	0.9011601774500673	0.369648395373739	-0.6160862950824769	-0.7994540404983557	-0.6144743829936078	-1.0826763517718005	0.5277184306165068	1.158639370614476	-0.8039194681251166	0.09665840143881212	0.6555754132339195	-1.5840474828004163	0.4425682315861244	-0.6175279509758982	-0.01145262941479019	1.333156005529208	-0.8006584640057812	-0.4544926900348089	-0.10874211606744706	0.15958233457527027	-0.6559555918784447	0.7420620793351428	-0.1551342547189368	-0.4670545918733109	-1.1687632054360004	-0.32363109650446026	-0.3344375766015533	0.30032239750204376	-0.4288583129699108	0.14173820341794047	0.9660828623991081	0.058254443592115956	-0.7743853745389424	0.15951947416998905	-0.5387084224245642	0.3121573188722949	-0.6461639401292014	-0.22861317479063956	-0.4529933635878231	-0.2729484975562345	-0.8085140531860531	0.43173456418963857	-1.582664309085059	0.4164019380968917	0.4377911604273837	0.06374229766479621	0.41582020040839707	1.0060063962704482	-0.43941952600397693	-0.6337611944731486	-0.06043773784998401	-1.508987961928695	-0.7421554712025249	-0.7364112904339468	-0.586623316930808	-1.0540674906826806	0.963905011223439	-1.1322504181487167	1.008024025857807	0.9912743712112546	0.8131927050710712	-0.3751512322028486	0.1070969588799205	-0.4965854632599169	-0.5271414642833957	-0.845576326927229	0.7891313410621038	0.5266823474375846	-0.34802040269555123	0.3153169428807402	0.16010466487353478	0.32044378634853815	-0.9225327610326222	-0.2146543066785153	0.5338117120040435	-0.171993878718004	0.28960410991060725	-0.3919046622324336	-0.2658308839547895	-0.30802199989287554	-0.2034435235203549	-0.39015028900466286	0.43788976266495466	-0.012895847076905786
DTXSID6032437	2.3857976500737483	5.78759389642604	-1.8613128224814548	1.9477086098602554	2.258750002409092	-1.140674390692084	-3.5910315966436834	0.35977664719440255	1.2405900298864974	-0.6279612383441058	3.698685245016326	-1.3059567502531289	0.7565640589234327	-1.0317302162571511	0.6316028784370443	-0.5412345014246916	0.6644045693315694	0.5322847937773436	-0.11035598205330942	-0.358485837153338	1.1686653087903467	-0.2981658788575605	-0.49086995760733965	0.6095998204107468	-0.2976867517163699	0.2838835237762061	-0.48956635085544703	1.1674532292634632	0.21090050366938415	-0.3410293285112351	0.4213711679540419	0.22319067389161099	-0.5979221457724802	-1.3021035219295538	-0.03970194395856167	1.5026932845355703	-0.9545149081427082	0.7031625006130173	-0.8116209543111479	-0.04420224606521127	0.2997695359190484	-0.0016127267500157128	1.102249312615317	-0.03400369963482456	-0.10995012503639097	0.20351696564252814	-0.46758833714958375	0.493272602380559	-0.037696490110988704	-0.10952741608481398	0.23609212638652774	0.8179020564066357	0.05332766474798503	0.4955351478249386	0.03625709526795162	-0.09127229878737907	-0.7882216166675837	1.2929413317757878	0.3722363949023024	-0.22550904194499036	0.9116043052301801	1.1220907560239077	-0.8109397338466091	-0.1141075450849921	0.280332088414113	-0.09657879688868927	0.3497092684332308	-0.20858622326774953	0.440392709976414	0.7155128499923356	-0.15735496587627273	-0.7365789593381552	0.303904910610223	0.25783864217277036	0.8856225476621465	-0.4457729764331546	-0.25825515881519273	0.5699170221179334	0.06560947850105503	-0.20106265390741512	-0.21981857398460514	-0.3014421519525728	0.26189606808527544	-0.5901538140030116	-0.18533231365561859	0.0627523108486015	0.9428121290716134	-0.1662916019903391	-0.902084616833445	0.12487799342268326	0.15866043960920964	-0.6051699732771215	0.4835605591517116	-0.11015088681292462	-0.25675655908394185	0.590533959005348	0.1907931704397517	0.5322597042439237	0.32832552527286035	-0.805763503048574
DTXSID9044112	3.3378163319181744	4.270104722771753	-4.0050731826362505	2.695361525866668	2.36349423010559	-1.8967493392125763	4.503504821816737	0.20013150850394304	0.18235972441438847	-2.7081785047157623	0.20147619127127536	-1.6438307945119128	-0.42246466543809635	-0.0026109918667940814	-1.409692161504254	1.270851732567201	-0.6015202731052283	1.1717461028407934	2.7268574989734105	-2.5507294445910556	2.834062037129317	0.35053785472555815	-1.5350264798688207	0.9576444136287834	-1.0923456503100926	1.4545128000812524	0.446434512908653	-0.3023696707148255	-1.1547579691197214	0.46599962356311997	-1.3813673408970404	1.5156845340904161	-0.005744062819981968	0.4977825451733676	-0.36422375424076875	0.7334528596177848	-1.0878041495545452	-0.24620485676968762	0.6143030679906858	-0.23867134066051793	-0.2768815093544946	0.07310378306094836	0.08613110197105835	1.2720982355894095	-0.28575847796004417	-0.6644220651800047	0.7396194033654216	-0.023667059258233914	-0.48028040751937984	-0.22665603880986784	-0.22812663587503057	0.01641254512578085	-0.8321076474344815	-0.09635422801307744	0.4126935126024631	-1.2367361603979172	-0.3535127912780462	0.5260622315486526	-0.17728339321747938	-0.18494384092010369	0.5516375961524573	0.7034197382644694	-0.3418066132034881	-0.5968882487264339	-0.27467108765024506	-0.4201062799374056	0.23652686419254246	-0.31724890441594067	1.2872408548588723	0.14667041143999407	-1.4278188035967967	-0.6605902803619493	0.5116950443718697	-0.07815222703615053	0.8642935940464439	-0.12029568356932595	-0.69744699534268	-1.5086477122556483	-1.288940132201404	-0.799941386139142	-0.5857307228945069	-0.9423550090142646	0.3268594486111587	0.8509990863731566	0.04504790322583078	1.3456713010659127	0.6147757833881693	-0.0836576902296469	-1.3657129101834637	-0.2943943275973804	0.8627232144211576	-1.1207902358828628	-0.2446743731724098	0.501623635875397	0.815401646028376	1.0215798845254833	-0.46300060302808843	-0.020897052147586002	0.29025295024854075	-0.2632156739302626
DTXSID7021948	-1.1058383554626947	1.1481055136803229	-1.1486563247011965	1.2528385955603338	0.4162627565145653	-1.084040929958301	-1.5590108400598128	0.3528486626897682	0.6585529840149641	-1.321280001787925	-1.8651723356253804	-0.8045795625746782	1.0249377134375584	1.949014187995594	0.2822685636554221	0.7532013509863362	0.5906917725880861	1.4265861683802354	1.0738674001212516	0.10178043584699195	0.3057575436735319	-0.6329936667804329	-0.5326693893200548	1.7002947464279392	-0.11603757306006249	-1.032141782700055	1.6639943335681084	0.2341617731658088	0.31519275479133707	1.463075347507509	-0.2321974934926117	-2.5609075713326663	0.05299703421755813	0.2034233154074778	0.39477256310287656	0.6266835932241508	0.26927598519391643	-0.6402282620812529	-0.012098899225121583	-0.9498182134531267	-0.22539349209317197	-0.36267840495524534	-0.33406826142573753	-0.7924022424921464	0.6346487325859067	-0.4317711452614972	0.32468567919337643	-0.06837272232246351	0.20143244057268347	0.29396774012796006	0.12760324000563356	-0.10024756452062493	0.45736410616265755	-0.06212590675775896	-0.18972272588237532	0.8901319193910581	-0.14113366344122164	-0.0346689573658369	0.8109325552635315	1.2679708379712804	-1.3713170336033722	-0.903427175014403	1.3153852293525545	-0.7449678136537965	-0.19619147880201637	0.6974379234963672	-0.44401225079773576	-0.14320043975113675	-1.0301953628265845	0.9743208800217746	0.4715671757928415	0.2932783498338145	0.24920420854267797	-1.3477943667066767	-0.1526658479169029	0.028313636125853928	-0.7376965370593359	1.3490791254074253	0.5712263643422603	-0.22969075530692237	0.7631369627029506	-0.1515741509162947	0.04311996778109822	0.41663303662993967	-1.0071177788695458	0.021366001720569936	0.36205883213428497	-0.34451473508151365	0.9808489331633594	-0.5217789023213274	0.3246627071624552	0.023531590126338837	0.45750629780518864	0.4632859332881077	0.6313124465702737	0.6556505204317646	-1.0491100472745671	-0.7145275849239291	0.013102695507921846	-0.7454701776669311
DTXSID3044590	11.087499059985495	7.4157778201233375	-1.782582525740512	2.355995040807361	-4.750994793221297	4.977076881847986	-4.786732388570381	-1.0596733853265474	-4.677683241749382	-3.6746133124185594	-8.81229380958792	-0.4630975238596216	7.573124901533831	0.2857669159722352	0.5916850896685771	-2.167190398978073	-2.9501766638812246	-2.254192015312198	1.6339498624778666	1.3916405095948763	1.4957966025234852	1.8264972624935578	-0.05729242433426028	-0.5951315797465322	2.0345940451499698	-1.6974709030409905	-0.9307171190684181	1.1434238996830495	-0.9517077907015405	1.0982923947950043	-0.3678181794018671	0.49000665274481153	0.5430206724205701	1.1367522129259808	-0.44436549655885854	-0.793218068937242	-0.5755091814565132	-0.35848212650186256	1.0470794519990771	0.20804052699471937	-1.666934659001288	1.1736123436643424	0.09946925646782379	1.661014655291655	-1.4532715938309702	0.2617336880105598	-1.152756190153818	0.966779971115863	-0.8998822200146682	0.40076437176897783	0.028013344665273367	0.8054779462743828	0.5529296058135658	2.3613370618930904	0.7472337797930843	2.889948869509843	2.867541066212277	1.1500494249169098	-2.2661570697139184	-0.24673053322603103	-2.199464390504143	-1.1989208822759825	-0.009157002521525051	3.5400518059864092	-0.1496623832586953	1.5643109401619641	1.973901479901356	0.45963675862412223	-0.878404230535547	3.0711006081739383	-0.6600031876955587	-0.3335442353079014	1.1802978382980753	-1.1136604538049781	-0.8601552245500905	0.46773446540451646	-3.0215565903235446	1.7462512471155633	-2.841232969812476	1.5265091854899286	-0.5110432361898541	-1.091161505781105	-1.6413350803844047	-0.03743056904614488	1.2774767883049238	1.8485698298155513	0.930059940501756	0.7216302711923058	0.7427779568961803	-0.12086424015468948	0.04438456818086741	0.7046443940341288	-0.8191899845751991	-2.557543106247994	1.436543170164836	0.6271403082932043	-0.6732056937082306	0.9544087548360398	1.8072137982122038	0.4690823598414817
DTXSID2020846	-3.6946767133072527	-3.196228841305004	-3.816937135532857	1.492152004229842	3.2910604663001095	-1.2023126177576666	1.9626238360598292	-0.7676700149542306	-1.1285560851571763	2.932713962683128	-0.20484006307121003	3.9318546100903475	1.78741428936162	-0.15527711632184618	0.7601951893790881	5.026291781945783	3.1898634020477235	-2.1449339981713442	0.2726881974641701	1.440404294138469	1.7358693937000342	0.12995875976939256	1.215000760148317	-0.92382233529971	0.49236189291450283	-1.6343050126696665	2.187140526435811	4.111381838943324	3.592320020843274	-2.844770330324159	-2.2051324949823536	-0.3724137337200544	-2.9957873004031845	-0.8749084160646928	0.9348462488078808	-1.0300423979442133	0.6741434047800323	-4.712745135952402	-4.053567633941172	1.0050754573695473	-6.703146350493156	-1.7354053577050148	-4.620592912998891	0.06667436207971249	-1.401868108267464	0.667821086739269	1.9336448102078752	5.031003821613941	-1.9214594053142875	-3.6760452116916227	-1.0224499423166429	-0.8036083395444962	1.0983163118070454	0.6049063304162762	-1.144183681613315	3.6477741830121224	3.928478998644288	-2.15963059959412	-0.9048595024491305	-0.5529800860868787	1.9405239823038765	4.427843544398106	-1.9251084094023156	-1.9289106754740966	1.1143550491401826	-0.9722788630526201	0.0792577599434777	0.18526944147413296	0.21121235232828497	-0.15797705064876558	0.3247420943156396	-0.1615625292208659	-0.5506383682530626	0.2891361420285388	-0.07719369375751567	-0.4788132273236074	0.4244971286084878	0.14702725056688495	-0.35170221502548205	0.5037576315608132	-0.05456648003353886	0.835858288519076	-0.5079349472369523	-0.2071171271459532	0.09779262675387225	-0.3517817322140657	-0.3006779237121468	-0.3577222502501526	-0.1790063020037712	-0.46640348032033696	-1.0208038124114658	0.4660254609038006	-1.004268982474228	1.016968923429879	-0.3447760942979985	1.8628667653818691	-0.6644353720834975	0.013057739788587335	-0.3442196872035401	0.6794123268624865
DTXSID3022877	2.4407317920560394	-4.5885944305073165	-5.889501875610993	2.8867130928029736	-1.573525983878859	-1.5367771364708915	2.1002296685845097	-1.3832858024451489	-0.024740135309993947	1.1493512611791772	0.8648922627020911	-0.23321160260938595	0.008389174325780959	1.0304014569588111	-1.4676611029411342	-0.9629156128254456	-0.20928101704426472	-0.01635973793320167	-1.0732022951917233	-0.017157409302039454	-1.1838786233953906	-0.3695554380023405	0.7286011712626127	-0.4856087222068517	-1.2534971654993494	-0.29378708746559223	-0.0008023217739862011	-0.10477320656178304	0.03625526900462096	0.048731767566066474	0.2377540586336278	-0.3905559501743321	0.05810715630751046	-0.6261691066715895	-0.5449521613029166	-0.5154133187055339	0.12258278476883172	0.2930921576318209	-0.21919814926174394	-0.5435410189152423	0.0007756852045983136	0.6278786124222228	0.12601054203592216	-0.18309097586304351	0.4406338825208244	0.025414302414544405	0.1431298950182193	0.06719929435280836	-0.23584335956097843	-0.35640774729819885	-0.14841329575293064	0.23445304327938662	-0.1824052362851321	0.00584358190390315	-0.4424286347058858	-0.1990543642246775	0.43588509834269223	-0.06668945981345405	-0.4473561512789195	0.5193090582334904	0.2187410749728989	-0.31092879539725654	-0.5520809810235224	0.1560266389243986	0.12585588566051942	0.44057321013908335	0.15670771553816146	0.10879067605810132	0.3298952431447622	-0.7700012517478981	0.11661696122342007	-0.5279582952258611	0.34839294075958616	-0.04726674359167556	-1.2052235283957013	-0.37819484513590274	-0.1559152340232246	0.6577170316950393	0.6697642486980804	0.2728811822581922	0.04275522856829956	0.2569694106236004	-0.2035217775405205	-0.9070036778666083	0.4736575043326163	9.666721028627582e-05	-0.0191704077468996	0.33797074968013896	0.44291446288657205	0.37768106533602236	-0.13859120297477026	0.17873484111785634	-0.272142142952437	0.16420571997591052	0.028306827255933132	-0.6130321777160912	0.244777889687557	-0.2020311617347256	0.31868768635545563	0.29510298601661916
DTXSID2044218	6.844180687640795	2.5544851468103547	1.6060671948290974	0.7307586766335173	-0.6272933503932127	0.02317434050898345	4.607865162049145	2.9780629995419097	-1.3600110181938496	-0.6915975605908695	2.6606600322128884	-0.397183655820177	1.2471412047605748	-1.5017063089618767	5.349487868614948	-3.201721321997996	-2.431441666352659	-0.8496861551955155	-1.506363996420187	3.807661716472898	0.48888031657985287	-2.5883881471317918	4.480854085557315	-0.26505938719335087	1.1033742811897107	2.618007739352101	-2.6444079948884	4.215466466704316	-1.2878566154398532	-1.363861825466471	-2.508517489432569	-2.382940996909699	4.100689305472934	8.076054942392693	2.9821074465748985	5.648451194598007	4.016557109982529	2.0002519652132076	-1.6660759130574931	0.2661311157990136	8.590100599804215	-4.205023264767344	-4.433703147569321	7.51513495202946	-1.392026855443914	1.1630476148283038	-1.689165564543398	2.005911143507526	-2.4568492098040116	-5.254556557357606	-0.20370020383005832	-0.10367866146850739	-3.590942856451214	5.283266198571217	-1.2155467735478578	-1.655856096297688	-2.382348774435017	-5.696277523880798	-1.763691110847095	7.5828159247242395	4.285125077174367	-0.6003096006311264	1.273541505289011	0.7658309198943084	3.0262338118888783	-2.1595820053374455	2.8770765743280258	-0.5569232346928784	-1.9638479569532958	-0.4907545401544711	2.544380518221553	0.3254266249487979	0.8254787213348724	-1.127276533795151	-0.3669336312166889	-1.045943369780857	0.01534444540701779	-2.210161050665532	1.3245517426657285	2.4190418391738486	1.2669115156613915	0.8353272035940276	-0.6561410194276671	0.7239621784139151	0.1760232363689837	0.6739618993166103	-1.6002120361509542	0.11972347142459204	0.7187622100344788	0.1981589300441655	-1.3494354777723603	0.5221304563435076	1.1161569260903967	-0.04916038656489512	0.11561448371136654	-0.24257582485987705	0.441856212606571	0.1800521903162116	-0.8561572983600659	-0.46565822250898126
DTXSID4044373	-2.917937187301777	-5.2383367923720465	-3.1108775894838527	-0.890997624934224	-2.8939892332102897	-0.45522640241838014	-1.4853296966174534	0.6016558665746496	-0.6581551847838548	2.808757995805069	0.4198645764474624	-0.28981332350943145	0.18173040716619315	-0.1012129586182753	-1.2696885876655548	0.7311665036346935	-0.9742431796978039	0.34605564815482226	-0.7303573610093907	-0.23818029837025187	-0.34225838313229806	-0.12205603082074802	-1.3052851329734154	-0.30919869051560545	-1.896310327729009	0.6756254387191218	-0.39404362308305796	1.3249686036991646	0.21378767469384705	-1.0843840079023814	-0.4042917035955438	0.4668978972257517	-0.2073255440618489	0.14367120236508849	0.7116344867925909	0.5600984013043079	-0.04717092594192899	0.4759522562715997	0.14400862158442307	-0.4138385584006487	0.2585915910612234	-0.49405660239512256	0.5865015786693448	0.431818049301552	-0.10069497070289067	0.23755692848012022	0.033841863360979316	-0.47234766783447724	0.05946092433888526	-0.21008731914293627	-0.027439979835725756	-0.14401987906603708	0.017343284878707194	-0.11003577157506027	-0.344399219927455	0.13960906248137525	-0.12444274188645861	-0.04910243377163696	-0.141956286836975	0.012704845131286356	-0.49043995130711004	0.04271230083146933	0.38916337017850056	0.5886786236413857	-0.7904064519873466	0.41783571889006693	0.8238518120172533	0.6841217582824732	0.02497392200623344	-0.5305206608750042	-0.25139011724568483	-0.12809746501197336	-0.3720519622703029	-0.381809128309708	0.28296570605515775	0.09558850700174407	-0.11435329299306694	0.07236281338386578	0.1793456205484963	-0.18558607135178667	-0.3759714725919275	0.4666799882325236	-0.23553881473110502	0.7936086523692584	-0.1866874126599771	0.27696591188856395	0.4120808766261663	-0.012424219423937977	-0.18490901340913043	-0.7840770478160736	0.043151134971376286	0.3453865397236173	0.5038124343093504	-0.2708636564874623	0.5963743814526491	-0.2068409650877544	-0.8593099527665241	-0.13943587007686667	-0.5180074461624017	-0.2792970120537111
DTXSID2052447	-2.4944648674288503	4.578571198168215	-0.07290692335388756	1.2078114540642662	-2.963141268795786	1.083106176543679	-2.497023041933862	0.19671833864010335	0.6464794105678359	-1.4764580149836612	-0.36448140522809835	-0.18435455666221667	0.23824214654608158	0.49268993904792757	-0.305461602807852	0.6582092176666137	0.5627569191218099	0.8405331229487182	0.7817518228837489	0.1432123048552451	-0.23922175378616323	-0.34187203886546513	-1.0237271796249348	1.2832538718154396	0.04668914150624561	-0.28980682471134356	0.8725695302515897	-0.688607830770252	0.3444236076654808	0.5824875315153544	-0.13329872593642322	-1.6149939122875856	-0.5810228994770997	-0.04245703135082275	1.0905783500134334	-0.10681704600181152	0.6268774240725774	-0.817385272797272	0.14253382384468505	-0.383578488372782	-0.14599804466733335	0.04117919203463183	0.29656227701945	-0.38658707112861296	0.40435373247320555	-0.3955386534679304	-0.2925447723604476	-0.0938248126828089	-0.2593760619575331	0.2120076537949553	0.0019549124884657024	-0.2837169939672884	0.3520483540269163	-0.2295299284610761	-0.35100387714321063	0.25691417933993643	0.1492748312562418	-0.586841588114081	0.8132171959182488	1.0324749312684927	-0.9546563031453272	-0.3278171257419272	0.30878222527843013	-0.17629202876536496	0.1828074152185108	1.1046075721907316	-0.1505064551977232	-0.3343568759762884	-1.2215053546229633	-0.5290665874999634	1.1734573078965342	-0.2431356560275774	-0.010881871709524558	-0.025597599543256473	-0.19320883399564337	0.19044332920231508	-0.25060724807765433	0.24647114481307217	0.022435755658695093	0.1810508861964467	-0.10873876536201144	0.08687211644491764	0.4422274290145157	0.27671070747008747	-0.1543522037362796	0.12515258276750138	-0.08898334090317311	-0.07384417696553407	0.03764819461230839	-0.18286971946467392	0.08567205973161533	-0.4900810959531536	-0.3269026477997856	-0.1425908446269735	-0.060714069179764615	-0.40718361076650267	0.018575722154822803	-0.028404900160709325	0.19175746636647026	0.09884816157302315
DTXSID5029182	-5.616630683789269	-3.4844394641480525	0.389832254494241	-0.22199014105109108	1.180645275429705	-0.2790443873194349	-1.5988406021391972	-0.5020742829670648	-1.322300544271633	-0.1153399795407585	2.289568402146767	-1.0235399585755525	1.3346299214722053	-0.3709812264973731	1.6907110702402535	-0.6673910183833796	0.7323409220462095	0.6141313049266871	0.10934522405676943	-0.3160461273843946	0.03497897169436083	-0.13111274674512996	0.48770495488269927	-0.182402997543401	0.5198577841984785	0.24024472997980031	-0.1218149458716583	-0.46362525836800095	-0.2660157956902057	0.24901166624457077	-0.128911949191314	0.21217005056772265	0.166838559303128	0.15854440729310337	0.35907984770511264	-0.36022699901741767	0.5361816151400784	-0.10783653276442123	0.2096066887594322	0.6039637396796204	-0.4789651704655101	0.022092257520271982	-0.8459336226516982	-0.08440051115819396	-0.3710997963075194	-0.10377853069810838	0.2815969486905683	-0.6724464392039563	0.1253236332338607	-0.05362188988078042	0.1394542655484328	-0.22816074854317658	0.059388433302618865	-0.22460772670951465	0.12355941040263912	-0.2333596145092693	0.30630433381826466	-0.5778943599758487	-0.023604064935932062	0.26934339529149626	0.023166362073922052	-0.34808625196510357	0.3071941305171327	0.15184668920089073	-0.06190442668462458	0.3608226875925072	-0.6553827891480936	-0.2872381732771435	0.020502767605529857	0.5028870189360753	0.45237085434271274	0.07542758064503277	0.40885366738539825	-0.06999461169577346	-0.23428775004135613	0.03337068866953809	0.025262967395498732	0.07484083245317996	0.24500201515474562	-0.7132443305795175	0.30342472799841397	-0.4075035536711084	-0.2688349987047416	-0.3357763746510762	0.21356132971786249	0.08546953914343106	-0.2048902801619862	-0.6767253007575428	-0.6035521294423719	0.012360313899818676	-0.16913942295285747	-0.10559446407741849	0.28221176533016157	0.17234463162383692	-0.13771099405962461	-0.463399328881057	0.07689213550880135	0.11679936240176447	-0.13033013404453309	-0.2970569559727858
DTXSID7049263	-0.874956602907379	0.24190845554236515	-0.028587822894190023	-2.1491515506734897	-0.14458003006987427	0.7237544920467279	2.9315837689996664	-2.6765710671625635	1.1581179065582285	-0.9200203805696905	0.46940408832968955	-0.3778106589793539	0.2886198932033887	-0.5468887667575837	-0.31889040224719395	-0.3580441632303231	-0.1474539915109379	-0.10076388212811953	-1.4677162948011013	0.5357977891391044	-1.5326573540411126	-1.0213896225896255	1.4982642772804622	0.08407213803195274	1.7885664077730152	-2.477902703267836	-0.08077333498130802	-0.6100113821232062	0.5739322787811233	-0.1472930472094506	0.6118412273862003	0.11134819847872704	0.9681572788606314	0.319186876103368	0.7058963298738435	-0.3092078360917167	0.2756156564304896	0.7367870372519184	-0.42858253671251484	0.13879714071064234	-0.027680258124008695	-1.3790475202925176	0.9808731325179373	0.5426328869688999	-1.0967189908940318	0.3320105133167482	0.6606562709055341	0.37835434929704026	0.7637077250739166	0.7645441597051313	0.28838288406191015	0.054562486512733904	3.616377874226032e-05	-0.4215068908693906	0.3798341139112542	-0.004963683457524283	0.2186905300701541	-1.1809305458859138	0.25838188325080397	-1.0280833432340242	-0.15596840660771666	-0.5896618859329411	1.03318863875867	-0.7947632606535419	-0.21087047184793442	0.3107023122531404	0.43818842012471193	1.3997685043601962	0.02333412142061615	0.8053876615739133	-0.5638471285778713	0.6708434268164357	-0.26923028910334024	-0.27794902382753073	-0.15304575016235783	0.4026166284559571	-0.2899941122632758	-0.3341065257304675	-0.34610240983127727	0.5345587497318894	1.2006484916544709	-0.21344138502115398	1.0790179619155122	0.2607884858487069	0.030581704679311945	-0.0655192256080322	0.1201312227446104	0.8144461854942167	-0.6978827053088273	0.7723198397478059	0.04616763695820174	-0.09944813220533373	0.02210572605113844	0.9020204278353938	0.0020014232615581194	-0.023525649750885762	-0.423455913997277	0.6590142403441933	-0.07960184264256477	-0.5262354853457101
DTXSID6024880	-3.9291157279838975	-3.9767851471927855	2.5904996982516417	0.7936813199250418	-1.864585762290784	0.9280303974301103	0.2063630455721656	-0.11738342927935926	1.5620156131104954	-1.0271561226390584	-0.43421535285327706	-0.1452961628991987	-0.7122216351374872	-0.4690751928080024	0.5553085330774463	-1.468457338371725	0.6692206677280769	-0.733176965288864	2.7068730316885183	1.0177497922022796	0.08412286782422235	1.2828440770596556	-1.3948146142815139	-0.4544249074990343	0.8969953378641151	1.285350720215881	2.4421404497380377	0.4652288394802191	1.0293976555098714	-0.614672872760023	1.8187994559865985	1.7292477344193573	-1.3226703201658332	0.6710442073220358	-0.19645853321849666	-0.5061643091028064	-0.6884688220051343	1.204113870711973	-1.0178087358194259	-1.4745786339106133	-0.23351993828514128	-0.055171509700422734	0.8867695549486522	0.569646092820832	0.7856039365953819	0.9181872915313459	0.9737807667216446	-0.18457539718846214	-0.1359625624911607	-0.2179541879448284	-0.010119521588065233	0.5394590945582076	-0.17639655033648555	0.31977446270414783	-0.040314499094745895	-0.18458513235416188	-0.1442603685888557	-0.11471164976244813	-0.039211225251567554	0.353558921437109	0.2909876840779224	-0.267271735566149	0.32575612853949165	0.3834420524710602	0.5564224355610593	0.35871171925739237	-0.6624948019624548	0.5777815693992112	-0.18127148823975223	-0.7694292745261265	-0.1252537665698439	0.5692337880573167	-0.17961838785462728	0.4455014566358888	0.08589200380538167	-0.9641581692426843	0.22880702296322514	-0.17643756347015194	0.17702716459639337	-0.30949572260466995	0.9311251903983253	-0.17026400161128916	-0.2647255759129657	-0.2810594115971712	-0.04206302580935774	0.26064875471458826	0.2560742282344802	-0.6699648104259162	0.07473343145443113	0.43940651022951416	0.7217197733276394	0.15143741959592824	-0.47734932200320357	-0.6899883110868741	0.5015090529644025	0.45613528128684006	-0.2948545578387963	-0.09592333706566422	-0.6038593471365513	0.6438302659644362
DTXSID0024509	-3.4491060756220318	-1.8655459454178074	-3.4294472221411674	1.7609875043871548	1.3975106436602367	-0.4747061835836705	1.7215034582843418	0.2767068974028961	-3.09083742250067	1.3904811388533396	2.636299393881863	-1.4458466391263392	0.697815604056512	1.6005837359871755	0.5240379559465044	-3.670425875282861	0.897396282067683	-0.37203920363899845	-0.2047181439397399	0.6449878527806875	-0.746593799977065	-0.2715996811924185	1.7836211839270353	-0.4507563640085207	-0.052062606200679776	2.1542416782468874	0.27772202535434254	2.8553631854097925	-0.6593421177035599	0.9622386920485643	-0.5166966163554851	-1.6565488936285175	1.375090038238511	0.765971418039293	-1.3848514164300099	0.6164927695213601	1.5764037025003337	2.5324984844838427	-0.27835157745772354	0.171127476615056	-2.089743275004086	-0.02087634725645835	-1.7955775360723707	-1.2134056485781968	0.11733023548199682	-0.8305860011813417	0.6060938468577876	-1.3456642663241625	-0.06564356412265739	0.2746852887757819	0.2721131546394268	0.28154529938455575	-0.20153389248694145	-0.6762567725034919	1.8917220571069642	-0.33663080476212726	2.4677927519051854	1.8776341488541335	0.6348471585189833	-0.22489151371732077	-0.38822938162420684	-0.3947117411828565	1.4168802162946916	1.6452885821578318	0.15277341523607327	-1.0420786756748746	-1.0484586888408025	0.652424641087262	-0.5917801948135729	-1.2380039698215906	-0.10428041960551665	0.4993606399434421	-0.12891936079154487	1.4097430979299312	-0.04815311982460416	0.6549034683282664	0.16530085238768616	0.12630517399089403	-1.0161000850649988	0.6423789026991921	0.9843293264287742	-0.6425995841941828	0.5910386818291202	0.8047044842145231	0.6211709008486618	0.15862314202979463	-0.39161541519901494	0.24005815580686723	-0.6409520587659637	0.003628494427796187	-0.00041704346159879095	-0.2108823749984339	-0.18855631038126308	-0.2140539847573847	-0.3805838979463227	-0.19063953927928595	0.08606311474402052	-0.03436413904336959	-0.07803066409943415	0.26260177319695915
DTXSID6022636	3.252523520490443	3.6003482097291144	2.4109980052479556	2.8261319630241752	-1.8291633162474328	-1.6281739946504301	4.328700737457697	-0.298226059157977	2.6784680125787985	-0.8772169747543382	1.2403735415679398	-0.3086203708102345	-0.706851602317535	-1.0335635642187173	3.9993620215002967	-1.2940148933679614	-3.2603884279705424	-0.765349859613406	-0.8604941298983576	4.799315705349854	1.1708126850110412	-0.9107716717887231	2.021439754070821	0.5303642048649886	0.681810655593146	-1.6392430200216077	-2.753466941413991	-0.7594395934921156	-0.700924214890627	-0.7958420806875527	0.5245152877500631	-0.43121093194842247	-0.8986856787941803	-0.02012532332009224	1.1923985297829538	-0.275052473013847	1.4905259646363038	0.3232984520829294	-0.3930476601323166	-1.1470552488971477	0.4620849236765356	-0.2631267631325749	0.1740780455008662	1.6614177567275699	-0.6208806274279961	0.0961201488600182	1.1437221849500347	-0.7291985745913309	0.4035359972424844	0.3987307346707864	0.3615248352885076	0.31572901163595507	-0.3531489142319872	-0.6463396360721522	0.48277199371063517	-2.2882199084630774	-0.5057996190000309	-0.7369261591251184	-0.027635964757566994	-0.29030540897931223	-0.1306749139749459	2.097897848298958	-1.3053919150460478	-0.25853497840776674	-0.7604533951161018	-0.7256241533674783	1.64977869301921	1.7280800510453238	0.04442165875794086	-2.017431633382541	0.9504910072286861	0.7833587010912435	-0.8262188237643737	-1.552679466867134	-0.3431986864406126	-0.45230418032073644	-0.24294778619746776	-1.0690627823314023	0.6636002866235101	1.2520290457931733	0.10932945827526448	1.0428889949834814	-0.652191324649586	1.5860362491189817	-0.0764235254658018	0.4600090702219293	-0.8254493527640697	0.6580168556721715	1.5809406229337797	-0.8251474871338064	-0.5621512730526936	0.09022065692847984	0.36760133391008015	-0.20494235581545364	-0.7532655596341598	0.6400531351680315	0.37571677404717657	-0.10704372799046181	-0.19534626616807307	0.2513320036953126
DTXSID7042356	-2.0058952368671714	3.475755015638365	1.1353550362473022	1.1872707333843724	-1.0384487360788393	-1.1783027929324341	1.7707752431148391	-1.4314267527586093	1.1614326311794019	-1.4586042146233629	1.4140923659407831	-0.5251416192925059	-0.3101746230382205	-1.1539242027569234	-0.10671233416019504	-0.02528850030398827	-0.2607630723866266	0.2504676003590515	-1.2079522378617267	0.23718480502919867	-1.6760097817682733	-0.5942026251212845	0.4973647868010676	-0.3297868627169656	1.694930054502201	-1.5145379196782678	-0.43509444845154344	-0.4017589974694767	0.5324511208604179	-0.6559336024439089	0.29928085835903584	-0.1591241192122697	0.004968616131929747	0.4311485409216369	0.9217418540625978	-0.3936050253799172	-0.4689566950767566	0.4351194449135108	-0.6107100369327297	0.18939872216019618	0.38821930273251093	-0.19050985427059858	0.7692819386064459	1.0270991705400838	-1.1394694049910354	0.05323676222780701	0.33125058117269884	-0.5089548364178734	0.3782769011107031	0.4426342572814959	0.19599300803714942	-0.34913515481718455	0.12077176923977934	-0.5872129856600043	-0.13573199409527392	-0.5818197245334564	0.09045445675781287	-0.7103010842270864	-0.06010719408544635	-1.1303994788709324	-0.030709467617018937	0.11553459260678506	0.07139730116784239	-0.3122286172844456	0.16783045024794685	0.10816040700510028	0.2131990775057148	1.1809859325909315	0.4460372478046408	-0.9479220143944073	-0.40309151856966313	0.49890354437862106	-0.6760248575454136	0.44894757831398147	-0.28969617792319174	0.3097620506000385	0.1307745406137665	0.39213855513905677	-0.4027268037183418	0.625952615194457	-0.17696462254949677	0.259604201561464	0.11646915880613057	0.9203094943536304	0.0604051933471163	-0.024192979721972725	-0.28227423078452496	0.7929116164265573	0.985075296881371	-0.2906389182512389	0.39072699593436616	-0.0651818584901281	-0.14975478360521477	-0.2614101920211241	-0.02154651320459878	-0.008382043764915954	0.348640250684958	-0.22169339374175237	-0.19329931314789497	0.5299513890228356
DTXSID1046508	7.609291516708216	3.741087393890832	-0.27848903907732053	6.07568806812906	-3.5112139407123566	0.4663501473105772	5.601802568583991	1.1796840297827789	3.6844754068555754	-2.6069176567133754	0.5517336459346096	-1.06706355470522	-0.5965328012175699	-2.3967675301143165	4.287361246431574	-0.20643101084287901	-5.3468094451605825	-1.1194287784500971	4.828310881045675	5.0981228760423445	5.682364938614978	0.7441072362672957	3.3036872651156672	1.9469613969124453	-0.0845598087391307	2.7264323703915605	-3.3991044102082335	-1.257186788888478	-0.4022145428979936	1.2663840322744377	-0.3890618902672875	-1.407394160021933	-2.0007768822565635	-1.5485740330843019	1.4538956953414877	1.4125363460026694	4.6770059936112585	-1.5365566798375923	-0.03583159112830543	-1.123241594037795	1.1937481702423154	-0.28691353253823537	-0.38056227303807055	1.5828057795680923	0.4297563840765298	-1.0096140395516102	1.0535339629860234	0.14895339354231799	0.768992245385018	-0.05030634271791778	0.4881090194520994	0.3701262138457129	-0.3516323399199127	0.3522443953270712	1.6260631435868573	-3.6143263725481716	-0.0862845463202113	-0.08309588543360209	1.0157531894455964	2.3922505688702116	-1.2668184261503859	3.6982183088906457	-2.370635369938525	-0.01800839127443139	-2.0771771755617205	-1.9896051941665729	3.153164115968898	0.6932759798491275	-0.2029457402152781	0.10596043491767744	4.996429770919362	1.729278928001448	-0.22535585942712127	-5.708114202348764	-0.09363857826398467	0.14839392029815962	-0.0025690931156327917	-3.1308048385035723	-3.932952845643965	-0.15502477663016812	2.1869514630181213	-0.049340582481561826	-3.190647402730859	2.8857826637065425	2.6787521878005642	-9.1202842538084	0.5517871590749933	-3.3515059097921696	0.7471437757509798	-1.6501707468569642	1.5765885659684646	-1.9465641483812726	2.757463047052541	1.4376318570058892	0.03887619770146757	-1.5101750805907712	0.47347407962053834	1.4935645785431808	0.5172708902243203	-0.7511290747134801
DTXSID2020391	-0.7066932152602404	0.01776399379100429	1.335296762018127	-1.6722377647902773	0.8606366286853154	0.8190490672279036	0.9714162749086795	4.1344861320308945	-0.5171544291101616	0.3626809109913331	-0.8583551393337869	0.9740180970845197	1.054625812022609	0.06206166924974289	0.5970589824872906	0.0893817369442023	-0.27413082779579817	0.24598443312286636	-1.1585803180160434	-1.4537899238125576	-0.40433966744024225	-0.7171287560528768	1.4849129418568454	-0.6680384965189449	0.7788233818174328	1.4980457272210221	-1.1354448212798616	-0.3274409066988408	-1.5945285371727955	1.2813130353080393	0.7754370494078395	-1.201576161121556	-0.8447488646046896	-0.4185759214267666	0.17851455211961714	0.7673493640453495	-0.5742140588960446	-1.482271272158421	-0.4767392586702017	-0.3318070658942724	-0.3517753611426227	-0.328755102042735	1.0606295794725589	-0.2761108483097009	-0.5750483602884621	1.5695148660087486	-0.23500076906033548	-0.3444468397172351	0.24966173265947633	-0.02047628622105335	0.01302738042753193	-0.09653927644489768	0.555508245917955	-0.09670060097201859	0.5400907703059888	-0.6146610371157257	-0.5448943857068097	-0.23588416331105785	-0.6860938964376156	-0.18628443164820996	-0.3794126682863776	0.3040344278991848	-0.07215757731812988	0.20037788072797544	-0.540301087994601	1.1777798485992885	-1.0859760592434127	0.0828906595187674	-0.32002803067514674	1.6732766047660002	-0.06318874483760986	-2.062649446949964	-0.829345145650827	0.2790006449454151	-0.22667744327520561	-1.3967230687001797	0.816035668692931	1.2498507925206708	0.13056096699710418	0.8866583169019195	0.19785512824993226	-0.19697491869572323	0.9409109962416154	-0.8028949201911334	-0.4046995906916537	0.4040182445292079	-0.8232148624795708	-2.0129777922877534	-0.5947914065508346	0.5052362036267032	0.6647830752156146	0.6219298203781027	1.1547845318155494	0.8014867422794865	-0.19744873015212488	0.13778158364201748	-0.18028570547301848	-0.4043468968113928	0.46362505241558155	0.10975045009184786
DTXSID9020376	8.290015274909054	8.679059411032336	1.3161169229593999	-5.822498461085257	-5.862460123784846	8.989113989174724	1.4408461337063885	8.852968642406884	-3.8377319720127336	1.5124448535019466	-1.2819405136143254	0.7006007939153966	1.0491930275432106	-3.297423727246202	0.49323871382785534	-0.33154692486404724	-1.5539947640720018	-1.0196255638942018	0.13269992329818445	-1.6883071563142393	0.5624804493554988	-0.7109618547508201	0.1807578696108095	-1.1874527701672417	0.5493190340445574	-2.526311720883503	-1.3547792598863586	1.1917528619367035	-1.1780482814322426	0.9933515919150031	-1.104459441586452	1.3448118876278512	3.768210493959327	1.2655829950221753	0.11219580979289986	-0.48856891055762575	1.4781756922478362	-1.9301427916305547	1.2134226067283558	-2.8670533249819936	0.04651533444449082	-0.20982513883167458	0.7203126931916377	-0.955708527313673	0.18503592759675624	-0.5680905884446898	-1.521868634829267	2.1417675530326155	0.33190619875904454	0.7040054744574133	-0.09501760516964762	0.17812125300627432	0.8044499757195346	0.21106232691063476	2.0776366046375627	1.2969945227872683	1.9255977073067312	-0.6966619444641484	0.9913693050205136	1.7532802376234917	-2.2405727921999303	0.23932666770620598	-0.7994317872132616	-2.72116608643252	-0.35837106040579875	0.7270798147412515	2.3167373334305266	2.1021867290838774	-2.349928737506323	0.8316232746816018	-0.9100319263773478	0.767825002871184	-2.9520079484830903	-0.16535569663666663	-2.1453462647053887	-0.8943550188542051	-3.191690040963043	0.8824446246137739	-4.7142382609597915	1.7819951258445903	-3.3975600427893715	-5.357917629868014	-3.4122685097264367	-1.8451935136954256	1.6425111599719808	4.210559028064516	0.6981078289043056	0.04297605570980814	0.5678587187656149	-0.48428467135636244	0.30776821905529783	1.3207278135977285	0.4640546430232863	-3.5425267423982842	4.647035812465795	0.4341401152863959	-0.3831934764722899	0.6679850452800307	-1.2844415234941584	0.24767994677344424
DTXSID7048615	2.2729417399256224	-2.1318991278283193	-3.580185482368266	1.706274879008378	3.8606925169025987	-1.6965213725293677	4.77366018905036	-0.04232943552979706	-1.7958408340433285	-2.4284668004031533	-0.8606174419744076	-3.173169373617167	-1.1245572005811382	-1.354705850139717	-1.142102445579146	0.0733729734684861	-0.593201162648266	0.011015652755135016	3.4955728325586386	-2.1407568938076214	1.2499516651255922	0.566088462498858	1.2451211023965019	-0.28001516269413024	-0.8578835264020719	0.8979647927461323	-0.754214702238178	-2.6928824148071957	-1.3233632709006	1.2071947445948599	-0.5831734323131417	-1.0997030890203914	-0.8231280739217771	0.9130558284934693	-0.9918511998528919	-0.4407433113840998	-1.261263833728535	-0.20363251153989353	0.19865889778246074	0.4498862645180515	-0.04792891331925329	-0.62040991302161	-0.7402155796577062	-0.3326030630992765	0.24329579708349844	-1.0429645080733987	0.8894725399528285	1.1906133674729689	-1.0175520623966912	0.09850701575740783	-0.7551102885246709	-0.022417230815262718	-1.0691730417484198	-0.4643916663452747	0.255525050214343	-0.5285736264325963	-0.3207828682411623	0.6767803518674139	-0.8309046429145611	-0.5144092171752106	1.763501504247829	0.36707729368413866	-0.5754317375730161	1.5496344883618252	0.952834417156584	-0.9284360849355593	0.021342887402464303	-1.2500940266108402	-0.32306080031229883	-2.089455181381676	-1.3190379849175793	-0.69873052009488	-0.6461491808106785	-1.320259133911868	-0.452102658085992	0.32543353749294257	-2.071330952769179	0.3458593423941419	0.21370948059843536	-0.992019929588787	0.16005064259613816	-0.44843099246180884	-0.6432061053956055	1.0255125965482155	-0.607522412133931	1.150931525770201	-0.20219706283841965	1.4388101872510102	0.23710152558886957	-0.664847170088439	2.106779085022308	1.049208075969004	1.4937273162195839	1.3947119557192003	-0.9825481111778744	-0.025596757249515486	-1.0762240786427648	-0.8438230546588646	0.23112208227601025	-0.4475328022293744
DTXSID5044029	13.847639947102072	9.77384500190287	-1.7946016672584857	5.973381655760637	3.9458348778793813	-4.880500579428652	6.989645778274564	3.664437499438614	4.326218231402755	-3.2362226384727855	0.49367617256658364	0.29446173813378673	-0.7026921605233107	-2.5947724363644964	4.033941987374861	0.4520499802913025	-5.942743086786065	-0.2780126036623549	0.0779600220043423	4.847001854731942	-1.4132212570841822	-0.5874881089749024	2.3000125875501767	-1.0743410549018892	2.1167051577465528	-0.27146032882616433	-3.735595254444434	0.5440108094980534	-0.3541852192791951	-1.4763888255819961	1.7814657659968878	-1.604067735528796	-3.3036327776555665	-0.2330511296749537	1.973982614453142	-1.104115463286313	3.9466338704677746	1.6276803388662398	0.02670193939056737	-0.36270382879158314	-1.6781847264218033	-0.4391177793393541	0.5909963812799516	2.023080012248665	0.4338615606584605	-0.8114330891116734	0.6448343597405352	-1.701346634302185	0.7282227714924865	0.7750562308624572	1.0127338714199587	0.25401075675840706	-0.5709934992178354	-0.6844121305703607	-0.5472538998318678	-2.9640327990006385	-0.5851770481677145	-0.8591336323236757	1.4666120859282736	0.737436513159319	-0.31570118651082923	2.1563937126845207	-0.7073989955312815	-0.7467339816172582	-0.6304527272155455	0.06463072237756222	2.1605724871497296	-0.3770428686116795	0.22359471133597497	-0.05624262751811681	0.8690025387660247	0.3885664989892677	0.5174396268723258	-3.3979697029726363	2.4803915763597684	-2.893555946090734	-1.258062102922942	0.48624031678040525	0.9974038642958372	1.1856122734986623	-2.1116186445178267	-1.4161684239117418	0.9022380094555236	-0.044259028556073304	-1.6891633609260088	-1.9296564881316662	-0.9514111819484401	0.41200462658932635	-0.5381140095769157	0.3525985308316735	-1.448193051532237	3.1924842225038774	0.725819450305035	0.10534387730140013	-0.6684506736465279	-1.6015729457612333	-0.32287593108603446	-1.2133279923586289	-1.7031078890498057	-0.3103977197396941
DTXSID5025578	-6.800623641811022	-2.4252739411689865	0.8090299463175776	1.0714402260624025	-0.18968071470628448	0.8224877121400277	0.4631818854462724	-1.2145808677665384	-0.7571503761279669	0.02409802663418016	-0.5845929128464189	1.371964522888353	1.0362554511227429	0.982190555862584	1.414940446299081	3.0812845841155805	4.29335770611963	-2.2883293801246056	1.089418006270396	1.2457120330834734	-1.0260799420221323	-1.6024243282078678	0.06230213088513695	0.08867085939179463	-0.8120043820616646	0.9128737731213579	-0.6824747397915147	-0.30051594321075653	-1.0094583592767636	0.20412065073210067	0.7120225792417972	0.7856166101690735	0.7721987822607148	-0.2270766745313945	-0.3574446459524304	-0.72529823734392	-0.3365465308948112	0.683425115200647	-0.9967344613049103	-0.01395729321897232	0.9611826742084931	-0.38495285728794143	-0.9345429782046478	0.2443503668119997	0.3566391025549181	-1.399180279231269	-0.2582700745044072	-0.5005878794602235	0.04251790471274699	-0.638997707866145	0.10989719895666333	-0.6853160024608429	-0.43265361895383003	0.05088240697722899	-0.9756726692312903	0.659685296384192	0.4450171943421666	0.5702697359012104	1.0834843026862737	-0.06294912591965764	0.2789156198338535	-0.7421969520070841	-0.5697080770474999	0.5689318163183651	-0.7898374262243284	-0.6938408561439173	-0.2791234685440217	0.55712479944827	0.03277906587186915	0.8514027193709612	-1.0000273227329952	-0.5323310810635552	-0.2675836860039768	-1.205664667925348	-0.16992946137665746	-0.34333963303527304	0.11302805207694493	-0.6250363446412589	0.07713242485868482	-0.3825982857049146	0.23703347632235794	0.04757162044626518	-0.10027240430040651	0.17434195449769804	0.01887349880401538	-0.23404617018101712	0.30972867070359694	-0.10342100096153659	-0.32137461876876283	0.06266719511938203	-0.48666585629220077	-0.2908097837294314	-0.16931438047071548	-0.4155515263829575	-0.1177351740301634	-0.4476480114446299	-0.41707236127417624	0.10107471551797129	-0.027240992506648874	-0.6466396214771596
DTXSID0047377	18.697169876295074	6.04653927670159	-2.6053959262773736	0.5269371869756064	2.003738099718654	-2.8282494684409767	6.3598583510600015	5.421185817252891	-1.8427300200410723	-3.9764296043447427	-1.3256959928702052	0.8520251979268344	-0.7962092603994868	1.5444586555008553	2.0309906724886515	-1.548118424251679	-3.5377818547225894	-2.181589876293635	-0.5241537352415556	3.7259595934106438	1.2867405132134284	-2.3025720602315882	3.0776321419115935	-0.015896388519090508	-0.2739971033204095	0.9898853617929808	-3.7898996596146564	2.616518598163388	-0.5328879310975915	-1.6915066833728496	-0.31119866629485693	-1.6884785063209864	0.973953165063587	3.5576798305903288	1.6162498052774903	2.1631894844058652	4.516877212851948	1.3546983638626293	-1.3068279371184264	-1.2462590451969207	4.3270871919746705	-2.148993772838153	-2.8905404022747607	4.163278199082552	-0.09201896168216472	1.2513189689679416	-1.529180247881881	1.0517243810803842	-0.9802511029990432	-2.215783638064803	0.147933658861609	0.6020298071064986	-2.2180837120239336	3.065803374092422	-0.532180077250857	-1.6050456607427688	-1.1141319943020758	-1.8453098691118563	-0.7155673722484557	4.667615489234062	1.8395536156817716	1.4714030189982439	0.027104756411830862	0.6123270644957785	0.2552568387528131	-2.450212248097821	2.0670793849672875	-1.3010330767990204	-0.9295100763913757	1.1274294558057976	2.8854803553187147	-0.24966072830845285	1.0785328880840703	-1.1283759861697662	-0.319878785978701	-1.1487424058528806	-1.253414910516112	-0.9753943130322392	2.2655853636667547	-0.3825132967276945	0.5500106901762984	-0.052963004372536024	0.0763381612987646	-0.12458784715298615	-0.6276066473515065	-0.19448502398924494	-0.5805127401612998	-0.8459038937568109	-0.20326051427479744	1.2143620887728888	-1.9824123618320086	0.520996914379848	0.9482349892434186	-1.1271503163336012	-0.6804934681826801	0.3302714314087633	-0.8916391821620037	-0.42888624105898326	-1.4980311953101153	-0.7355461548064545
DTXSID2021731	-8.368127129750714	-4.292925931096808	-0.22559336188174037	-0.16504728619481554	-1.2588249880433293	0.2102518050211152	-1.067672389886923	-0.5229907359335718	0.522729990830071	0.3533739449464713	-0.004231661216439988	-0.26473801539715447	-0.06386943798622637	-0.41232703447004126	-0.035498476445529954	0.7542849008268615	-0.6250337901467594	0.30784305992376765	-0.32726048287440496	0.002966252017683238	-0.0068848307675138665	-0.016819133261401737	-0.7774849280513239	-0.5730330955167814	-0.06491370222882296	-0.1974087236424348	-0.13107355820907896	0.45265029217376773	0.2464702587980284	-0.20633277809843467	0.5400595280368482	0.05235490672217601	-0.006275720079183453	-0.4657135697894131	0.2289307568875614	-0.1443407830291387	-0.03319156201691731	-0.04188751520940343	0.3085360140341529	0.19871610230062414	-0.1654749199443674	-0.1262918839249751	-0.10482428319165026	0.22916823141577536	0.08905667956937864	0.26124590243042395	0.2049413157252512	0.06475009177126143	0.10416545307225573	0.11283783938684275	0.02531814876004839	-0.02740327455102398	-0.01650503101743995	-0.01205878615400166	0.10316437819495197	-0.312790595849446	-0.05139484295110801	-0.08565257960886634	0.012173135788102913	0.20536567304306663	-0.07559901022651068	-0.16364972086060067	0.1388197348451334	0.2854687032993069	-0.3217502462120575	0.3074361940149971	0.3752839359780167	-0.16610706645725704	-0.48959767740604104	0.01606243330851978	0.4338391114972189	0.20681721954290525	-0.00623968534649491	-0.0489166308057152	-0.16089996796930509	-0.07558732595042242	-0.3310110782651294	-0.6014712808531677	-0.03532315301299932	0.006270501923243164	0.05374783413978543	-0.1521903968448954	0.23590021848910242	-0.5497429201896908	-0.03475414004694924	-0.20083303353538923	0.37555604288586003	-0.20458073555690115	-0.20057741257638767	-0.24278250624873263	-0.37272373998697067	0.13428725727341007	-0.18066389216007733	-0.2194555563681349	-0.14711085835270962	-0.16504172402830006	-0.09732466994064451	-0.09879586157330335	-0.24920603483376538	-0.04691612059144877
DTXSID8046820	3.416042193883071	0.5401419857399915	6.639446683430686	-4.918293153369133	0.2353051167384075	-4.421608437644068	0.33640110220028235	-0.47735406055080726	0.04658567009430078	0.06610887632432602	0.3780976480824333	0.9158838025322121	1.229911067946852	-0.6002221481013273	-2.821506912496125	-0.6977047385416768	0.1069156079495405	-1.4231591560852865	0.42673652861292694	-0.08267366419459714	-0.4666431528749476	0.375224294439387	1.4806704732921716	0.2901226797934012	-0.5428998270988015	0.009810290865436869	0.6975784076821854	0.4008893829725476	0.3603506277070784	0.46525272610756574	0.6712953727505149	-0.10999632438466497	0.5385811176141583	-0.6370353751112904	-0.9117632426941437	-0.46269708220169137	0.41324860000988617	-1.005143101916082	-0.22224077177693982	-0.05590057344659547	0.30223384225665273	-0.17953224723257166	0.37248595974282744	0.6900717383311166	0.47221028734498693	-0.9165287969615895	-0.10071007881430045	-0.28299417971025087	0.031027612676298204	0.2458376646835852	0.03460409879454363	-0.5750518855225762	0.31502073672593667	0.09718558509897526	0.12113803231025527	0.4628093590152542	0.10931397046313603	-0.4170732711821522	0.5539839866108215	0.4014200795066447	-0.26994565656718983	0.22985647173125767	-0.3245712981667964	1.0362700327805985	-0.5823727319498205	-0.02585345564094763	1.227132200687315	-0.9603520142700567	0.22017236351011063	-0.21620476689746307	0.10878476123599981	0.04040907648751124	-0.4399545747390239	0.3778876256072101	0.6365416295199054	-0.35216700301292153	-0.2545269989152127	0.07750731550035136	-0.2579328879692194	0.43623567046261075	0.22513011327913038	0.37359662818258244	-0.18521286923398303	-0.05221231998257538	-0.24600514898682357	-0.12555901825218796	0.13522065277276282	0.05796435001356266	0.24876058315305058	0.21243092889166604	0.5519189115865848	0.13297373192940293	-0.5866382873941575	-0.8766979524320009	-0.0058661064106056236	-0.06864701051309037	0.03139954923464559	0.04984180176666388	-0.16920699763934796	0.16863991151547422
DTXSID6034928	7.730665469814021	1.3910476268405643	3.5026608027065524	0.34052570287715483	0.7554151016322375	1.6260233737995469	-0.5141651139050867	3.144623834690255	-1.5602635685139008	-2.5010791001599806	-0.77211245742947	0.616549087593275	-0.7141709984812646	2.154757425537579	-1.1052488908599143	-1.6697171361296639	1.1156749462941413	-1.4489481498970616	1.8877286116763377	-0.7231825500965813	1.4675265090378402	-0.13526998172851754	0.3847491231774857	0.3698483607658633	1.274840159201122	-1.9825310279665225	-2.5365162597176196	-1.2137735465405466	0.06015171582134532	0.3026148666441939	-0.37624287242566457	-0.19467370323789185	-1.3940085840299665	-0.2718940806054557	-0.32190150590340116	0.777455558750416	0.6390248982912505	0.7725788640158513	0.586027806287094	1.9665362890714042	-2.0990613722671188	0.7645600119422961	-0.5309459083373596	1.3413933525317785	-1.600794398832502	0.48375867467021677	-1.536497874873107	0.6540433622431676	-0.5168974662587765	0.14380935867372274	0.08500161239472698	1.3483981968514038	-0.061230697932390284	1.5120854539843125	0.09821405705302763	1.4744962055884745	2.117802002698831	1.1179880818071415	-2.0810265375157946	-0.7159907359539441	-1.0298394895589968	-1.6293534323546437	0.3149281088410762	3.870562216413387	-0.2372889736481309	1.7996672977477937	1.5972014666899594	-0.0970697102119738	0.6261903941398825	2.6884640267280857	0.7176045841708302	0.32269754895719427	2.5075844734085977	-0.3554212889577519	-0.84176366139297	0.173680677673641	-1.021543185750947	0.6547670774104036	-0.059662177005200476	1.1711395915588843	-0.5868663418669434	1.240913850858231	0.06301380266068184	0.04668550189374221	-0.13183047071718867	0.41338708864564216	1.0324150992673011	0.3563973962812168	0.4994091541037371	0.5997836683446498	0.9649500120093109	0.552473373966212	-0.9013684085510995	-0.0164417763642148	0.7798252386733916	1.2611090830765406	0.08598122820315784	-0.3524497625366894	-0.5939444009288	1.0430049934681183
DTXSID9047679	-4.289383666280124	-0.6940366539941705	1.7918365464034598	0.4451624418172445	-0.5626283925643869	-0.8272449532568201	1.5269700564658977	-1.3901041617383871	0.33525129129045866	-1.5671516755216492	0.09039321620027943	0.01744617558437305	0.13085909622673642	-0.2634555919283672	-0.5163749057232437	-1.0514080229253904	1.260869652825777	-0.2797763824340019	-0.37364074185448165	-0.10953303625691307	-0.6265015575169945	-0.9774621138699369	1.9022490451094294	0.42906503307316984	0.15890231532090163	-0.7447340966426854	0.02178593149005931	0.7837076502401533	0.5189950908182939	-0.18535949059865434	0.8240736980630116	-0.08039896693341675	-1.3889994203106781	2.849348007046332	0.13049793806686236	2.649179087283145	0.716395136089822	0.2264500313369125	3.0601540345395506	0.8018285077074737	-0.10929071810707724	1.7211662343091145	2.8074894896028058	-0.5257578836023065	1.6850510806640822	0.4422067900098538	0.30742306776078704	-0.2571281051504625	-0.9121151175546722	-0.90751404641901	-0.2638765092390771	-1.2834116054145615	1.40206798228997	0.1681659862667255	-0.11206433122243709	1.2297829156138431	0.7993727278733629	-1.5116665245382925	0.07770401108959907	-1.0389419990785933	1.6945864807849196	-0.7868617230191832	-2.5976547021848133	-0.3809234432023811	-2.9633193458543237	-1.521669995166085	-1.0959771758871701	-0.06259010674650461	-0.4347622498091482	-0.4393928572794385	0.5449169150554468	0.7849099934038086	0.41279834952447964	-0.09270624703879464	-0.08924865984919021	0.6500470048035346	0.27047744140049335	0.08001259102920859	0.03226639692577276	-0.0953285246494043	0.05562454583636016	-0.5214351843372871	0.5633165989167879	0.043686832806242464	-0.005480989934371264	0.030396407567559888	0.44758146244856317	0.23384773777656584	0.27083011826279935	0.019540431421256235	-0.18136129853359945	0.02089820348425233	0.21840522249464622	0.023892130068919645	-0.15627819909673962	-0.22089750699877767	0.10428802796676408	0.06472615418643263	-0.13364400085475117	0.3127541963086847
DTXSID6042280	2.5672849165664844	0.994296878914972	0.6833353056706358	-1.7290633525480557	-0.4191262957749137	-0.2000463288216861	-0.7472573156526964	2.48991905163514	-1.1007158407469808	-1.4998228918572842	-0.4895206707396851	0.4934237184125357	-1.5738262041180553	0.8229013531428245	-0.0754409750265763	-0.23372437499991172	0.643187898883161	0.20752890437744398	-0.5239881707058172	-1.4129279209138457	0.6571305456372537	-0.5219873930069032	0.660103108457191	-0.4359681728743392	0.3748984184152232	0.7455929136440165	-0.09313076980885475	-0.3752442087508764	-0.8514065616904947	-0.05810805922405688	-0.561256329598432	-0.48860285862595	-0.8336237947244285	0.32001594116145865	-0.19473600873285887	-0.9774745820943617	-0.36135171201530547	0.12212350811325093	-0.11221181622763546	0.10866561059700935	-0.05706913624153694	1.114162917754932	-0.10872995290805654	0.8187562961574634	-0.10941125196508157	-0.5391908077862417	0.48266331320630645	-0.6176740284431375	-0.44487729771952206	-0.2037206442060036	0.20033326068191004	-0.10645086981712525	0.543718686749675	-0.406133817440385	-0.5484450808678174	-0.8974079650143907	0.15434678769601928	0.16300667589970516	0.16138835246677025	-0.46018883682347045	1.023519035039875	0.6553083379775658	-0.8124899765057552	0.23703357942851422	0.5288108551953091	-0.1557135943147029	-0.4211100045531179	-0.30491685799533214	-0.19972348462994244	-0.29195387422857677	-1.1503829641946948	0.4834682125074707	0.44164391250237456	0.3243380915661159	-0.5631624602903125	-0.09501355121600379	-2.052985414107562	0.3183392257434872	-0.27006534610785365	-0.010973222121559118	0.00010856463294928272	0.050889373348980645	0.6326051747696394	-0.3940518403810761	-0.036344526806000366	-0.05906887196158413	-0.3796643834621592	-0.8637295026448784	0.9628931163898959	-0.39983161460306144	-0.043153475543368264	-1.064833135970817	0.24032967504150668	-0.18586050023502182	-0.21831268327114695	0.5171973060359829	0.7222433990348086	0.2861661157194297	-0.1940210942017138	0.2971471119158912
DTXSID5021758	7.4409342035845984	-1.1958235680173592	1.932483886414791	-7.947846446810389	-1.8659355743854098	-4.0455774068585395	0.2417409088587582	2.132678849715931	-2.3324175493095445	0.38698109056478663	-2.4491893906036095	2.5994219002560754	-2.1988415684191707	1.442459968837178	-0.6586303995079226	1.6221248754112507	1.709891430294421	9.796823121918981	3.136105372552827	4.37960734160273	-1.7345164653413248	3.4091801030273725	1.221729476288148	-0.8169419909194346	0.1082314473764912	0.8127346840404568	-1.4735154168896105	1.366573216301018	-0.34772109885685243	-0.902966697923924	0.4291202861125104	2.1215706056677615	-0.18425528432044552	-0.31639222380141474	-0.37465260946356116	0.22780803638966743	0.12480660979370631	0.9259908749720321	1.0482416004137616	1.4996161087141704	-0.2301595566711149	-0.33301990466771986	0.5820953428926627	0.538885136705155	-0.456514114067335	0.06740327841209896	-0.6038706073920032	0.641496790313741	0.5339367449335466	0.6930032488212072	0.16458448067482828	0.6752894515026631	0.19587725169827577	-0.09150706426105323	0.8728299159142359	-0.5203191431850814	-0.024093053011974373	-0.30895743624418787	0.36633849369252547	-0.4886573667643149	0.7699581537490127	0.3943139564475324	-0.30993373926318635	0.2624401484490356	-0.0039690373517636485	-1.2225088484911437	2.027808623164506	-0.7492859971763147	1.0003594398831124	1.2386050863049811	-0.41641971393129984	0.28230365024201826	-1.2032151555563766	0.6429490776191082	0.7443806038913904	1.4657066379666204	0.6512727287108178	0.8146248949694642	-0.9029463111542531	0.4238524448665502	-0.012963552131561614	-0.5278360182261237	-0.08392005969075615	0.6307685954700997	0.4657329335163882	-0.39396597525139754	-0.943915383949292	1.3070022865724327	0.033747582843566354	-0.3117433547696361	-1.190510245981775	-0.23025216680478522	-0.2834269674938799	-0.07821594291683179	-0.7043145126878765	-0.282320849748836	-0.0423557966600394	-0.31303026046632687	0.5005269832527814	-0.34379202758226446
DTXSID2027381	5.489961666906716	-0.6004685817034796	5.969262216950973	-6.958860559577526	-0.8786092888334247	-5.848474495566287	0.23152029196140902	0.16659567200628136	-0.13186606607448614	0.31044822687351753	0.6108300798225834	1.5233615726885439	2.20571013983702	-1.5377025187829547	-4.12325321557475	-1.047163566467048	-0.35353314042345396	-1.894394895342684	0.34911176269070054	0.4200295238450564	-0.42840649110523576	0.6871561329363567	0.6667696040061093	0.37141745028801776	-1.7860709952045526	0.42800166911265763	0.9905767115996227	0.08311110728938619	0.6142932169785464	0.7468475212346032	1.0845379528202945	-1.7696877389652548	-0.4784709550209922	-0.9714739185959571	0.3291878983501705	0.3303885773513603	-0.8138076626936777	0.6516921797328232	0.4925898336801475	0.7676312176309119	-0.08169461251270987	0.6046525392826949	-0.20314404858363394	0.09588806042194593	0.17673981520326673	-0.13235826592257982	0.5081380126081019	-0.13368142908687894	-0.14254174336385367	-0.20603740522997668	0.11205676937638222	0.20140876913000397	-0.0948456489913175	0.15116460342335905	-0.2990819518102207	-0.10494042478587369	0.12121774537254763	-0.04189687891399743	0.06249558155588315	-0.1030057640673045	0.8997171546887566	-0.5307749087663609	-0.6075801397591365	-0.12325936679849066	0.7358864558243601	0.4753354684325725	-0.22607150962474634	0.33529151332630425	0.5398721180681852	-0.13271996784865817	0.4910351723282436	0.42705280921008804	0.015938509920770345	-0.029544416147721523	-0.6436185563667807	0.1093817577895828	-0.02274546695263648	0.17689242430670563	0.23050795928516882	0.16270134222336333	0.3779281523067968	1.0604674912936056	0.14644767065428224	0.0706440032262075	-0.7475782328428028	-0.48618376158537047	0.3934615792961439	-0.5728902494905119	-0.23846439291653015	-0.2645499659481552	0.2358925660762219	0.03205772248709996	-0.12511469612323373	-0.19503071386544418	-0.20803186700276516	-0.3641824862294877	0.36586613107087446	0.5240472917036917	-0.26732071772826893	-0.3268979151727277
DTXSID4047838	-0.38293130845460727	1.170049062346814	2.1994437334665835	0.11129607136438475	0.6023275119456514	-0.31451538143058405	-0.45769236730333995	1.1701605835557982	0.21803131663820896	-0.7369602206340005	0.4725657263796927	-0.10748482533804568	-1.1554664601946802	0.7440647445086077	0.6653623857447574	2.0452666539675692	-1.720321700736739	0.5511252828648443	-2.009034520255019	-0.044108450220820446	-0.40821280374557745	-0.4228150247383411	1.728167196049034	-0.508362856728958	-0.13635167831971018	1.964643582646575	1.4203884490460594	-0.4228529191590261	-0.3624271679427636	-1.1631031038121975	-1.4958905201712702	0.6766766261644953	0.5767220282083066	1.0306385985373434	0.7938139647280331	-0.2973835639288331	-0.5355380018197121	0.6003582365530536	-1.5979420657460202	0.7411714699419247	0.940428447216427	0.19067312614180718	0.4516969361869225	-2.4541042308668213	-0.037451125948487665	0.325609033179709	-0.6952549877964358	0.21689562623677963	0.053900307577046926	-0.6794888951299818	-0.1337885358289978	-0.1182777523962942	0.4208982517533553	0.04432833041262035	0.12430036639276329	0.5077486977948208	0.9863363330444791	1.8017299676054734	-0.1899052693413739	-0.6078225166611797	-0.07563698759284555	-1.064513985173495	-0.442337505655718	-0.694601002729897	0.41150703410857487	1.3888211179960288	-0.37382280656423456	-0.8083617470984209	1.2096753469734478	0.16137817130499252	1.3232335127173638	0.12045915173436199	0.04090683533094829	-1.5977993673620638	0.27024563135585145	-0.23383033762492028	0.4189861853399855	-0.11408905697684978	-0.031472248524653884	0.0760879720725516	0.1994121668088316	0.3495136210989555	-0.8322413015095929	0.9301326973647812	0.6894611701056296	0.8003909097237295	0.2754020227362933	0.08734121193423289	-0.5382258158579054	0.5028331861989134	0.2663779504336274	-0.2940508205457389	-0.1344301484769692	-0.28479149621482924	0.5206911135904665	-0.40786609847752714	-0.27963637811601155	-0.0005557251538679267	0.07068883073772182	-0.0637723163162869
DTXSID8057805	13.477481855102981	5.258156026307582	-0.6277000222541577	-3.1537024296941905	0.2136775945273418	-0.8555656776805497	0.3034028729663631	-2.4874208379139633	-0.6521952588911802	1.0579546385717666	-1.525785462825948	-1.2278306872768698	-4.027829869162642	0.13745717146716963	2.0256506696039955	0.8435198519288962	1.339542864802422	0.9477458254728075	-1.288820455134672	-1.983712021202952	0.016439915379796572	-1.63363525138573	1.857542974522492	-0.47064143829049304	0.6826094009283465	0.08552892304241379	0.49036524833514156	-0.7451655235671016	0.4173982264488713	-0.21300469842307138	0.1538108316999424	0.7260938232743107	-0.0799209417216666	-1.0198128988210011	-1.9159689717540935	-0.7238880982812225	2.039096337177274	-1.5756158227256625	-0.5470755887683748	0.1042886141618254	0.09921594503560494	-1.8041410065399355	1.5194232965249017	0.8367532360627876	0.9569285368032397	-0.9904845340907936	-0.715294399358937	0.9008215906981655	0.5219957335807929	0.8572716400964059	-0.07950322975616333	-0.3272874575562738	0.8890872445351218	-0.3705258079132673	0.755031379267337	0.03694098214489916	0.3969940363733258	-1.0597749048206817	1.5198126350795516	0.7708956059134008	-0.9104419167479225	0.12291084721742625	-0.2652012403191665	1.894225606656045	-1.1679671317303162	-0.837454833142887	2.4717589716230264	-1.763085193586922	-0.8459596274895127	-0.3903196667562797	0.3779164269935567	-1.3854422656138707	-0.37445358525498024	-0.017813835531202818	2.298233155293829	-0.19234206613747723	0.5859227064889135	-1.7621401481822354	1.1351400575974329	0.3884980593536028	-0.9569217273754331	0.3982701595203404	1.166992551002017	-1.8880462912760712	1.506479937483155	-0.4223379883867008	0.2963370096146256	0.3699402911038669	-0.6643666266748228	0.6060320672231675	-0.669334801465081	-0.8578867008580687	-1.208453961794041	1.5584565964672699	2.260802231634183	0.12073400529944238	0.632722069395899	0.589452758897223	0.8416706759482004	0.33265228077260633
DTXSID2044424	-5.54484209732423	-0.9712805835984765	-0.9897191289219348	2.3377366469180942	0.12784855433404102	-0.6508405770089725	1.9833816971357396	-0.8421041178504173	-0.7997726129265446	0.045557098158456696	0.31123448516908475	-0.5517060896243808	-0.35459348361404547	0.7635029668676389	-0.31563188941660497	-0.8010104929003503	-0.11120651370249258	-0.09532950666615811	-0.5379213167693652	0.44626413212871996	-1.2858185956202088	-0.4912384887591937	1.425229621237127	0.15885706738893188	0.6567092850556697	-1.1273380547588532	-0.38052760548842723	-0.42242754407497884	0.7125403551663494	-0.7266509931880198	1.5493812397152154	-0.8528477964490979	-0.8019615428081909	0.014150820740598887	-0.22060701147774608	-1.1099888055336802	0.14843637450030364	0.3303352812107733	-0.8996891217852075	0.681961512464407	0.4271810857863268	-0.19747536106934602	0.6355936298173446	1.1077363929303776	-1.184961079382889	-0.11420106603335761	0.07803009860007401	-0.40285405242800587	0.3814179693332273	0.5531653510297543	0.216727945535169	-0.29144061267415444	-0.19157877337353826	-0.2657839281147359	-0.4408217072438522	-0.6646320838777384	0.606760772885496	-0.5352597786679648	-0.276653092304	-1.0010798495525997	0.098527753426297	-0.23670433855107562	0.34923605729527957	-0.36680081151338545	-0.1181403375191846	0.3151632011927752	-0.02169869449185876	-0.3063491930359234	-0.37984339659253363	-0.49139546334599615	-0.23969835701384598	0.057386284506179906	-0.03986118107561102	-0.0067334656070518325	0.07083069501151787	0.14993602444380982	-0.03270344801874794	-0.05491355614771709	-0.14339833687842918	-0.41748856639156606	-0.10670665836842143	-0.4716140047431708	0.10390041034361566	0.49498621876846194	-0.3263066420644188	-0.164766416555722	-0.6453733610980003	0.2251787596377721	0.08229700908218221	-0.41672071277467776	0.04058505760567597	0.3086362689163651	0.43694023266577436	-0.11464000583182712	0.3611506610038808	-0.13519903039542563	-0.22995100505039243	-0.18539206347196388	0.13725463159564472	-0.1690827657594145
DTXSID1040324	-2.008804541418572	0.744116119125206	0.01591828727239729	1.1941799089063523	0.7674348543001869	-1.1161516708306383	-0.7662848600534315	0.448670792880362	1.183252471411124	-0.7019628824675183	-1.0855741438157473	-0.7345811120315751	0.8701507548262879	0.836732546022206	0.5259554541652534	0.208416813035382	0.7029091339160588	0.5782457312225167	0.3795741656183276	-0.9317729584942269	0.1757880597116837	-0.8174663113034062	0.4101275507343233	0.8830440558372589	-0.29755544358470104	-0.49949481517402283	0.580608304971626	-0.22485673567600278	0.14058741067066985	0.3554456766802306	-0.03179751312572922	-0.7744320306534294	0.2977418667220036	-0.1611686399615255	-0.036903919899121826	-0.1711092584079542	0.01205688430027247	-0.2616585548589208	-0.0709109892736612	-0.498589369630051	0.3803741732625465	0.2199845841799537	-0.4000018047038436	-0.33412777315149855	-0.2754576520623929	0.3288713310310858	-0.14424421327693404	0.18697588343598506	0.047677265402594544	0.12096430487629317	-0.0036951929293678742	0.10821119186061241	0.0489818349798937	0.1594285162295361	0.3297774479983639	-0.09742545551187087	0.32446824957793585	0.215013382424058	-0.19296943639501732	0.34283327888876913	-0.1300412312168571	-0.12267059461214697	-0.3632155468536757	-0.15764509209900227	-0.14166002744171088	-0.07298392329875723	-0.05142520127194306	0.08278950789689174	-0.41750422589895586	0.23846259333611092	0.76785707716272	-0.6480264315834489	-0.024818004296159737	0.4812338863785489	-0.6420990294885548	0.7734934651608101	-0.5850832349088263	0.9602526856881723	0.03423191716051795	-0.6693321670973155	0.3086561575048725	-0.07719272915459227	-0.00015039665218410353	0.119170528148649	-0.2982018743455272	0.04417569680678156	0.09893223903833089	-0.08828105803489637	-0.3466649717877907	-0.1527914350003107	0.3106040157870161	0.024131405081905286	0.18770643715070992	0.5923069402155353	0.15397656662702028	0.43258849027498103	-0.370425636059281	-0.13488156340810536	0.57949464449305	-0.5609757588544743
DTXSID3027536	2.0109429115793755	0.5727408885071296	7.365801639875677	-7.685774546411352	-2.30734773513211	-3.6471777701997903	1.4069243270861613	0.419492237072688	0.8565153124312243	1.4759802686301975	1.0083726925553063	1.304340536839267	3.025697761028425	-3.3233725951556012	-4.250202584858387	-1.448083656901002	-0.5383537768132919	-1.9059535669403846	0.1277999385298303	1.4102121726903023	-0.6331445399660853	1.122805526794593	-0.03813298013002136	0.08506032620539512	-1.4980254091781005	1.1918304444005776	1.7933402287863414	0.9666866002541875	0.7490109282271362	1.118496258729403	1.2034093020097119	-1.6689301876216442	-0.30919420552906196	-0.5425676360723974	0.9941613852922159	0.7755097109817971	-0.7016393040693022	-0.015310005372703791	0.051137252360407316	1.134622348680619	0.3142089605486013	-0.01263936958248881	-0.006995778922253913	0.21850792370269573	0.1911381922055701	-0.20146488428756248	0.7579279147117185	-0.49672903722261913	0.074520567416243	-0.7757520147696586	0.18439274385255783	-0.12798122198588843	0.00656426880415391	0.28419534210920083	-0.2349647550356681	0.023340925982222326	-0.3201607163372068	0.3010614994078384	0.29084747279451356	-0.9151804956199742	0.4067141693067072	-0.63379805948776	-0.7207254717529757	0.1348591597911641	0.4627001602905609	1.2802186967399938	-0.5190227012666098	0.8656607023839371	-0.2650267053098445	-0.05420275695921997	0.7400787132392415	0.11636037563922728	0.23218126964756292	-0.4585884253835307	0.378715006441513	0.33651426007237756	0.0709788450602821	-0.08636534932305662	0.7308670013440324	-0.5898806578783468	0.8340490493778253	0.24223904403329466	0.008109436229621103	-0.3304514508521341	0.20244271709572234	-0.362467112305552	0.045658772234757526	-0.6023894499006448	-0.04232203033528801	0.2173951282680468	-0.14342996396626892	-0.38314703032190983	-0.4983826966802864	-0.004561804943850744	0.10364995033957694	0.09831350643868302	-0.18677175075558797	0.3477180556148487	0.3565989876021215	-0.38466045147099637
DTXSID6032516	-1.9681095714733585	-1.9519165057490104	2.7830731177348165	-3.1715698819917004	-1.8625606016531222	-1.6763084484830166	0.8455471854186435	0.4349504110230006	0.26142011369746954	0.8635509247989928	0.12198037062709537	0.7554611119537485	1.5084299303402826	-0.48327805962589	-0.6984812927147558	0.2245268303738028	0.28222587233371105	-0.12235081230291289	-0.8305793639656538	-0.6249622107988019	-0.1594596535453991	-0.061716062635434825	0.28560931502493564	-0.5284857942505756	-0.4583518731199991	2.2683204643802974	-0.15598328875912096	0.9319412317499262	-1.2280208492558076	1.4088916317159605	1.4503732834320133	-1.754665098850066	-1.0939203307990206	-0.6496786463640714	-0.3331415237232787	1.1231790981647298	-0.5965774255643548	-0.9807279212354535	0.16701867529741482	-0.26854781977841236	-0.1404608260250618	0.5893514206306404	1.2924259897671544	0.07112571837370002	-0.6404534751486821	1.614396810479732	0.4440738624170264	-0.053757709121771434	0.10630641307961358	0.054603236924769635	-0.08415981246193234	0.25390737580690304	0.2906525555795968	0.11465973984652542	0.2762379583689461	-0.6697116627327716	-0.534503116129059	-0.5804695315596334	-1.0755004243376978	-0.1177746257010064	-0.0024047992392895565	0.1717534038775355	0.23809923641375094	-0.08082206786232116	-0.5007088689902358	1.4946221440463847	-0.9228830604987251	-0.19359341639234992	-0.24684207881417647	1.192468708564256	-0.4148565535310011	-1.7451010114550947	-1.753931493409022	0.1867215361761387	-0.6579616554718316	-1.0085849101507114	0.916336749568787	0.350952802589951	-0.6739683372068147	1.186871088714797	0.559777394765834	1.024913762020597	-0.004723530968627855	0.2656443178539911	-0.12083065419984464	0.20506028697642587	-0.3414331327773793	-0.7677850887738202	0.2550943429261458	-0.10225151252316952	0.3196074159063207	-0.12594086652074662	0.21783765261711485	0.5168840056293902	-0.06921898744162398	0.23197537948008778	0.08531980513755366	-0.28900583081147163	0.08828757262201943	0.18420628502991832
DTXSID9020164	-2.6054328783493594	-2.8516782036129946	-0.4363845003308262	-2.0037776923142845	-2.496672961500641	1.4621614285674445	-0.3229482469039252	2.05611923922963	-0.5259499908914504	1.1188235000320939	0.31281212997481816	0.14602353632468903	0.4630384555392796	-0.4012012594451376	0.12024347636511078	1.0405387968463737	-1.248563946318751	0.7098186846141061	-0.9271920577355407	-0.6971251056183565	0.07582270446798477	-0.3378354132025203	-0.9598364384474063	-0.5133640231859744	-0.8026889811905994	0.05858522497299481	0.06478838728893718	0.6020045672442753	0.055447087724746366	-0.5780728976280715	0.1542543260184346	0.21725214129583978	0.031779869311737534	-0.4287407148093284	0.3214242349598816	0.3628030766602567	-0.4970609450805483	0.3966419127905978	0.4993272593612873	-0.2946937336436154	0.19992858987847884	0.20663095674399723	0.0307180186095064	0.37143521744083574	-0.1972858566065244	0.23335061265134738	0.07325003576445632	-0.005058666890685224	0.24209798386509282	-0.0023992330646070825	0.06772079575369062	0.1340637708975362	0.1098638443432309	0.001824271409224937	0.11206275187378067	-0.18038534196735018	0.11027704990677847	0.07439622346235562	-0.335772119148574	0.2600845262172148	-0.6672038162864999	-0.17834003802462575	-0.12623370597078015	0.04498009539279446	-0.5035302845685289	-0.23234741473913642	0.7089279016277519	0.7335307257658804	-0.21936072790345523	0.3577981209339497	-0.6835849843670725	0.2710145189802823	-0.32355556881392555	-0.08976373486190523	0.1329068954517791	0.5769708439823864	-0.20315615407060544	0.7614694482707931	-0.5326344582362889	0.8358480861336458	-0.1060792694238143	-0.5597791830176466	-0.35871216514799364	-0.34853221656502514	0.12436636534688741	0.870462822207119	-0.06150401316797904	-0.24884548945012835	-0.22391416772383987	-0.7613324374774953	0.5461103050801539	1.2600852309771735	1.6121376977362238	0.5726000238747604	0.2525354123487174	0.17014670366418364	0.48591572433024455	0.9389193269596402	-0.19376899504478262	-0.3352231499556844
DTXSID8057857	8.977479526358884	-1.2093753386424764	9.632615515412747	3.8059033725224554	3.4965684372326398	2.4437078991441146	0.21361046482532017	-1.1021487758346937	-1.366432200254193	1.275171161796075	-0.3418155204435615	-0.6872637530401632	-1.1869501405275884	0.361557274598267	-0.4525647389533512	0.20891512639973062	-0.7372635602894505	-0.4666401835566639	0.4114727109062889	0.23239141579965988	-0.26655663622605463	0.4032432243916883	-0.18726920246778503	-0.29220626381613884	0.5310545697476304	-0.31983536625034664	-0.20387607378708306	0.09087549661139224	0.06994838624964003	-0.12999838283385068	-0.056781454776870084	0.4945184317601868	0.29270433288032965	-0.1636702527911399	-0.16606982528033418	-0.22196493364944886	0.09426020245031076	-0.38342093371975017	0.3596224831685434	0.003650851729988788	0.031252043486166045	-0.24099089528883902	0.11760243406693444	-0.42072885496553747	0.11371586431063917	-0.27218725170159624	-0.6045905631811234	0.5027641890235421	0.19462869503900548	0.3653262797734227	-0.06850835270937863	0.03977172507316947	0.010496327194727968	-0.01708729947127309	0.16871682567952292	0.05871137044931077	0.21954233900289846	-0.21964916053101977	0.4272038339876317	0.2762582820221875	-0.7309662503930935	0.01211253843484937	-0.019248035865862045	-0.8091904819604833	-0.03813154679607081	-0.4702874955635855	1.1285365197397088	-1.1923053939091428	-0.07620071528402765	-1.2720853136030714	-0.2478649511741812	-0.23789828166805035	-0.7438647835039071	0.15291611274474753	-0.5266500252634349	-0.7276483593232119	0.2507575078008885	-0.13382746036655194	0.377755653931328	-0.04529376653949587	0.08087152317624112	-0.051651579474218924	0.3057228283538938	-0.19692414437932362	-0.42628327394934884	-0.18699212738022186	-0.08619746780299659	0.08712626708155552	0.5434889706722553	-0.07529952890980753	0.09731990684590394	-0.2425882465950799	-0.25981812752150246	-0.16283773518736688	-0.7808372056854869	-0.22370663549869463	0.10015200331193025	0.08836866267011079	0.5590770654733398	-0.08572446370852968
DTXSID0020573	4.654234464488628	0.06608387881926361	5.096092646295849	4.819810731228354	-1.7837459937406197	2.5481449786935753	-0.924470157334479	-4.1548063238360555	-1.0724958200908332	1.3825562114502596	-3.7291244407272495	-0.9771052514059465	4.358088842472714	-0.8342425451122663	1.6115088787557836	-1.4235891547110524	-0.8210401133383861	0.42632455328737895	0.41251740595244124	-0.580750465329109	0.12389658257362786	0.6237573464612853	-0.6615160982500473	0.3862422109395159	0.10498807285627786	0.22530523575500802	-0.6450165675473858	0.8601920416003185	-0.05632146030479268	-0.6044312658144222	-0.5481206614446263	-0.2809616127967536	-0.7368704281404422	-0.4354330668765516	0.2717138520846124	0.2025068138853859	-1.5895256899015984	0.8966425519321066	0.6524703839532676	0.4687371289645807	-0.35970526419028764	0.8274376770662061	0.13139686694720074	0.8110191118916572	-0.0744533859647959	0.18959993071551004	0.42767977720612826	-0.5323415579672488	0.10260604694735011	0.07310950985045939	0.12014590015712916	-0.09222342126496268	0.345910507097379	-0.04671160307618431	-0.46984760704282047	-0.4502212555314064	-0.32536253236681406	-0.28921780415265924	-0.09234623583300385	-0.07856883749412569	0.3876916014127132	0.112756405496551	-0.31977846789880826	-0.6714350363565131	0.6657805667916549	-0.9107126956620418	0.3594721412421112	-0.09897815395262383	-0.22853387913008724	-1.2941071920718705	-0.2757388640733858	-0.3955454052939863	-1.145010540635316	0.356698544873713	-0.3114354080581445	0.13160179408414494	0.4608503032069142	0.6696932146367679	-0.2175448795284239	-0.026956507086471102	0.259811742911275	-0.022272456665837242	-0.27629374028561193	0.12188720645261379	0.1323764594852273	0.2508059923477574	0.21611687179386396	0.0662089248383351	0.5125598338485512	0.04908125743303567	0.3524043105465476	-0.42695324943162427	-0.7595642303581291	-0.320211847446239	0.45844115502055116	0.1247859302400358	0.0023328933102495196	-0.16940036214928716	0.33224038262851496	0.8021959080531148
DTXSID2045107	-4.255571855499275	-4.283230392141942	-2.613336220543521	-0.9440630855919699	1.4940827855216523	-0.022265201385591276	-2.386709620995448	-0.1499623367451612	-1.8235453631725904	0.19977960050539761	2.440589647238032	-1.1660676336528704	1.1166774027695283	-0.888118837652732	0.7978587720367366	-0.6453515859999688	0.6021178855538525	0.7415563683652571	-0.05365044307479062	0.03360693801359149	0.5939144301443273	0.17232740525793347	0.1318046991727014	-0.4710088791079125	0.6779232916778384	0.3614439017725932	-0.33128437897189267	-0.02569702773711392	-0.44191397637185004	0.06754616425790205	0.14146121412164403	0.3969508944630082	0.14047088044161687	0.3346351362342138	0.4517206903162007	-0.943443247357361	0.7962254275497309	-0.18561795811053758	0.49747868747043644	0.3210136313093117	-0.47395063265218296	0.008255761724756127	-0.4498928022666791	0.010671103739233516	-0.009023058835824495	-0.10992724911481197	0.27518637228227494	-0.4267257923944342	0.07664172133105823	0.07676897211116837	0.10240102983630511	-0.13563822699051573	-0.056159847213475056	-0.23589405138503414	0.019984326015845596	-0.17458204642809683	0.4254040252056521	-0.8635088680540014	-0.01716930448198775	0.19336751586583764	-0.041747392476489696	-0.16559143726900263	0.4667317429544622	0.33287120797773323	-0.08941669822186835	0.4249337211649751	-0.3348757849936559	-0.3684311849807964	-0.12358155597181467	-0.2021381231894271	0.3605375963298684	0.40874127799054333	-0.11558307993635973	-0.1918855791148234	-0.7655624560299218	-0.36646967098833005	-0.764797603059567	-0.25645405402377797	0.22644335602736199	-0.23909575518224055	-0.03649794381177324	-0.07173695821042445	0.025531004018592603	-0.13330059386597626	0.7939621923404868	0.002864724733949518	-0.43281535926585585	0.34440950196622255	-0.12082592962098951	0.8765421352870647	0.41495237582494265	-0.4876274141514207	0.37765411256938125	-0.033965885774091195	0.49882752258455143	-0.36682736005637717	0.03216541274637003	0.3666269313215275	0.4262469373731782	-0.36817206961284443
DTXSID8046248	-2.400861784425505	-1.6899675691765332	3.709695957700689	-1.5255137077255725	-1.067905803947741	-1.442984343659591	0.9295378781549489	-0.23945024181527821	0.8596327708031682	1.2331155045373308	-0.24854237687364902	-0.21048723223183263	1.0964349320659763	-0.7077717014852148	0.3284462524487416	0.6535530939606421	0.0643449109654791	0.7787126046535988	0.26853198344354956	-0.785467637552263	0.32966901031494394	-0.09367957421389807	-0.16144181468441332	-0.6250565160966316	0.7466262848695819	-0.43367765904770283	0.24825630557622042	-0.6440961224783137	0.538821183053019	-0.3217402548033954	0.0743076914306411	0.08279253465561576	0.278651968234002	0.0771849186007007	-0.48564782899318987	0.4057856319682978	-0.07066011300706385	0.3083920123154675	-0.760150837536737	-0.8042946596988586	0.5686320731935403	0.07603930742497277	-0.5965319238833382	-0.627016145483038	-0.2966022920103437	0.6088666527668926	-0.30160412150399374	-0.01532923977673764	0.17575875392752716	-0.24668762585203163	-0.08648754421275294	-0.18594396376712358	-0.14310406852439098	0.24181711016859112	0.04059874109479637	-0.10752451853075645	0.13027789737668125	0.5270557446633732	-0.3173196248463015	0.31514641826788636	-0.5472920206617131	0.11087983695614131	0.386808021582995	-0.53186300622985	-0.5820573633549322	-0.3563822787266309	-0.8322117993333693	0.3539046393820078	0.01418293117180202	0.9105356636633047	0.2259362330891796	-0.11876629233212803	1.201550167944277	-0.13467374516762734	0.019634465032460875	0.7941796820583251	0.12882189995161597	0.14652051470109026	0.13512197262928727	-0.2497120045060904	0.05701303014154918	-0.7166808287362971	0.1913408348666782	0.1336662553969738	-0.10194518213665413	0.03548685827138533	-0.4419991858979279	-0.193642766161764	-0.23936805912222597	0.3960458441140717	0.403400009724871	0.4943837169755151	0.39495006025835283	0.1248489749821059	-0.35040982206831767	0.22428748980429508	-0.16519487797869617	-0.2037888883242017	0.49733830132180634	-0.19741816210061078
DTXSID6022842	-4.515835728614651	-0.6487053796011366	-0.14210180262296515	0.8915436872027082	-0.5702189426817308	1.532313148471689	3.760542542664722	1.0521514176302385	-1.6932165395577605	-0.7680942420940755	-0.45036235864631813	0.11896194018965776	0.001070394082535399	0.6036610505693468	0.5164402114461997	-1.843950442930963	0.8129558280693617	-0.2651706571164104	-0.8746112656571869	-0.5405856224417206	-1.433300263152285	-1.1260162936055738	2.146864264451041	-0.2181780050922336	0.30899679237778216	1.9154830588955147	-0.12521297484298877	3.21224869476368	-0.14453861003141472	0.21722924686574713	-1.6044308903992606	-1.7781652398885146	1.5358551492492964	0.8221025738044506	0.22768049691149841	2.164716689208419	1.2306822293923805	2.5929366785221997	-0.575453503030045	0.1545171601969887	-1.839654639988717	-0.8195130045820344	-1.4020346259984156	-1.0298645003786293	-0.41016361523850553	-0.5473627577610345	0.5915031366390732	-1.2143467629939164	-0.031230298874839597	0.2580397065658438	0.3845420880992744	0.23614785292848497	0.15907677951424223	-0.8949942506408826	2.0331832568145285	-0.23235433779645898	1.6943339851364438	2.595636006976158	1.1932634763538412	-1.0722407133752945	-0.2712007708728297	0.3315498637293596	1.2137089353803718	1.706414631915722	-0.29877763319312284	-0.9848464207164165	-0.030983716186374487	1.8441631052654546	-1.3767014827974848	-1.5366670706975296	-0.0062813654337252785	0.873763184510066	-1.1135525905377	1.7736816456370865	0.8122048855104658	0.6279724839389702	0.04225003517331062	-0.8241087118335306	-0.09280408201929688	0.36425356520438024	0.385897005266621	0.44492994660745433	0.6950291024864986	0.37706360847400777	0.16099259365885515	-0.700125045716289	0.09558910090957752	0.3969447594749505	-0.10703822188301773	0.070533722784984	-0.08108027262818422	0.1088777264838264	-0.42773259523711926	-0.365444257919684	-0.2704570358575831	-0.4082055452605505	-0.10153223068747268	-0.0988067980763212	-0.028463778622681686	-0.012789646105305348
DTXSID9040683	10.615154124676321	-1.4660183554857626	9.563144556489107	4.354749120887224	5.52244348315984	2.9020590999631573	-0.42308367678447256	-0.6350697101217224	-2.0415982276287243	0.5264953413321597	-0.20808214626772206	-0.7780478050848065	-1.4574001747581575	1.3216095681309767	-1.2894534149368304	0.948615302844498	-1.3291460542280165	-0.1722423232770576	-0.7569890902983224	0.8804300514291175	0.29768627853570306	0.12033532273857062	-0.01061324470018353	-0.48186507613982626	1.0549146147925523	-0.33842142129233493	0.1774445901532002	-0.3400839835387176	-0.27389840741760596	0.33048522627973126	0.09304195565279337	0.7007590379359275	0.6351370098810438	0.36107916540157314	-0.4552282976990876	-0.2980733830913203	0.3990752994910829	-0.3755019663720255	0.045362769029081325	-0.3187896999634199	-0.030846712527300087	-0.479545085572127	-0.1537750374948236	-0.9040737308744434	0.10947744843791525	-0.31900725659615786	-0.47114841161292786	0.5702760303244128	0.1997960713087834	0.2667526439697265	-0.08575322799330311	0.04883632469226282	-0.10715848197122646	-0.05304330332500997	0.4778040381701508	0.2765806894692382	0.1338127668205846	-0.13050194492221212	0.3932629684733841	0.15561866660745735	-0.740464203294278	0.019459830473436555	0.2707759454767577	-0.5320133447165942	-0.0421340321780159	-0.5123210319011708	1.030831273791119	-1.2654097196412537	0.3090345017152514	-0.5572347867730929	-0.838399986302269	-0.3741386438104457	-0.348910393554985	-0.05865421194883295	0.08129373472414692	-0.30008296022796577	-0.01289494282280486	1.0897379693108649	0.3163654530202603	0.5201276899172912	1.580715167523093	-0.15049979859422394	0.1477339447617323	-0.2769046871284204	-0.5715064234798337	-0.11653270903185414	0.2140651052259027	-0.1576391945505754	0.8394159246529013	0.08544263438274124	0.9309171946852509	0.05138637692236813	-0.17072735313441545	-0.4332856392782527	-0.1760048959660543	0.25209124845278247	-0.15171517354211	0.02770177768355457	0.3446029967438595	-0.1391034220930488
DTXSID1032511	-1.5534973712699054	-2.349200614785862	1.42264277298681	-1.0347339197817529	-1.3382684117824508	-1.9730162250879368	1.8753112219233279	0.8279442107168243	1.4485759981278867	-0.016483591165932936	-0.07482360530763525	0.8563817643142974	-0.2509864898113371	-0.1493530814539395	2.2662885879064794	1.1315159590697574	-1.9792731613567693	0.9364600748730912	-0.07652191133131911	0.8068620814081369	-0.39542112954003433	0.9398337311227628	-1.8985029289456383	-2.0967662724655867	1.5347684420422072	0.2545616372070191	-0.17218788434731647	0.13087873311960035	0.30388880524516193	-0.9484559378919406	-0.27686929681207095	0.7831207302309442	-0.0569758383768045	0.01797548584842649	-0.5835238262991548	0.5170118146360332	0.058539250681939214	-0.379847812826543	-0.026392589023563798	-0.0430431438289533	-0.04592036690782234	-0.7291441722058248	-0.44923333200709403	-1.4670264071208907	0.5378403062104564	0.09574431737138846	-1.1477275371633984	0.2918875480530073	0.3815202589645754	-0.0433841034927959	-0.33156144864816256	-0.3077974765741663	-0.197829153152607	-0.37683988820908443	0.5013346436148062	0.20557081410802946	-0.3243624312910175	0.49417247014396426	0.6728673349383024	0.7049201699898635	-0.3934206453413729	0.407557876821644	0.3183288794663351	0.193207522812182	-0.4843283999010799	-0.1306853955520402	0.2857548699762202	-0.3633067515400947	1.0445842496541993	0.30983746087192865	0.8475775250562074	0.12310848222224953	-0.33722673804220127	-0.10803555505996351	-0.42485627525307956	-0.1519561671816212	0.9097183077264132	0.7235113148010806	0.8075935860070197	0.35103321627582385	-1.6628206258386358	0.0013023608624067658	-0.9730618734686217	0.010550611458973121	0.699024532746894	0.7593137151807772	-0.0026088593745291788	1.4974244263226484	0.8304332365383414	-1.319527182723801	-0.7308446904344053	-0.20430820765634186	0.7472841026861876	-0.03277728483754713	0.4386558974413965	-1.483292460347362	0.18177694041325593	-0.22093410846678366	1.5463131113654636	-0.32185335056378994
DTXSID2049214	-2.1671064071024384	-0.5062956987261797	0.3724088074485032	-0.5154717208645625	-0.6258202473911316	-0.7757816851198714	2.556866207500787	-2.031513935748327	-0.7182627172120015	-0.9281833085188891	-0.25900764075032545	-1.1765263121634073	-0.9398687432683898	-1.4605752308464601	0.7421031948699923	-0.07413526935841773	-0.42824678073949207	-0.5948656441194716	-1.2061451197203747	0.3194400669769768	-1.8201145315257246	-1.3773483204301122	1.9117552679813168	0.1291573340912003	0.8939660595647098	-2.6977904264720425	0.6180750324793802	-0.7790380190759414	0.5740625633163717	0.16832580906084285	0.6513278534219403	-0.4042384674206354	1.4260208865727795	0.40866932929854116	0.895903304847208	-0.30668304855243333	-0.38237735226780356	0.8169975103444955	-0.43698660668914024	0.16472611481880176	-0.011386156030883873	-0.8827970749692765	0.9698537524782044	0.8190602544976399	-1.4062536478841203	0.3308737393774171	0.6441649081912408	0.05801444793278658	0.7757820578934266	0.8202245866966389	0.410733876924198	0.010971253170216628	0.3809151284136343	-0.2649887073711932	0.3383757050543176	0.07246173641549526	0.3196073826454195	-0.7261112633699489	0.06135697754299273	-0.8899898339553537	-0.24007724772300362	-0.49114558069957154	0.4795564381062611	-0.8519315692739914	0.2105059644709483	-0.02212156223089474	-0.02585228096049439	1.736841840885331	-0.03053829593852041	0.8565828953812636	-0.500382581457645	0.26718543878458767	-0.11945266157275031	-0.29497544953171523	0.0561596063951206	0.5797660607268137	0.41482573416854956	0.3816498429927257	-0.3506279532792769	0.44468112507185	1.154140334033155	-0.18243288934673377	0.6563943884783311	0.14801447766889167	-0.6695335913442002	-0.5529030745964525	0.644638334301838	-0.06045381507955608	0.1439527853854254	-0.42880710656836385	-0.8280799222998549	0.7286769597512388	0.41939455469211456	0.2709753925450692	-0.2961073731377878	0.946147461766043	0.3406361499123156	0.02356434360295232	-0.03621326380322105	0.5107546544604639
DTXSID1048910	19.727685048190704	3.4471404209104093	2.2879649688102504	4.128215122288436	-3.7125385501741883	-2.027998874394328	-2.3982124880434554	-2.1610877830962245	-0.5093983385933075	-0.8325620176363759	-1.344589705355119	-2.363069773946822	9.581751667841795	-1.549142403660555	12.455421534267877	-4.068417201520364	-7.99075961760526	-1.269801563182903	-0.5230310553862048	9.30425699801522	5.740983860282264	1.408958076118182	3.145162230489834	1.1864823974130037	0.3329577598822888	0.8346015371003487	-4.416215468186129	-1.193504108854212	-3.8851963539168715	-1.1071651736408683	-2.3813491675869094	1.210303831683328	-0.8431711130479944	1.3574523792142865	0.7302059969205826	-3.051846440685176	0.4426607916563605	-2.127569841693925	-2.1626791029618633	0.5151144077133184	0.33071380532642275	1.8182392855038025	-2.034052892040485	-0.1450732893814845	0.9490575221456572	-0.3799833858553111	1.918741133298349	-1.002225880147823	0.4638987947959772	-0.46740319480164255	-0.09802138598076494	-1.5488312252841876	0.40728209981484287	0.14580716537293523	1.4646251805273853	-1.936994464597554	-1.4825525955620928	1.453324394759673	-1.7108249042515762	0.0876136891690786	-0.7592729037270345	1.5162322862186879	-1.8758261605081423	1.2764223390122595	-0.039622408546345904	-4.081557929769887	-0.4815886230721812	-3.7137500549154763	-0.5545734849313687	-2.0433867501084566	4.924951028778977	2.153678732479202	-1.3583233819562557	-5.338279698280031	0.7668606183268172	0.29942900085930274	-2.087122432837203	-2.8843049351125414	-1.3607894199565354	2.0903981672970184	4.497428507853149	1.4852389046095074	-0.8965612303025706	3.566629877825325	3.5102598461991827	0.9861628534954238	-3.24562311673251	-2.082187893577447	-1.8955219372714773	3.241720724154958	-1.8241877826766344	1.1430294273987447	1.2501821895519576	-0.9572567519710706	-0.28320769986814975	1.6557093503117832	0.0026865808825885205	-0.32791941625219156	-1.797868045428285	1.6089107056778302
DTXSID1029679	-4.546293996476998	-1.4188491661277667	0.44186049416243545	-3.0985106183352125	-2.5751855889007125	3.2291704378638078	-1.0810263791086394	3.642063826483658	-1.0184397265822125	0.5120992685352019	0.5474184428800493	-0.5345447562966426	-0.36137833194345953	-1.623484891842071	0.23470604860089417	0.9590066666148719	-2.30106063516992	-0.45872943851453446	0.21348365183595092	-0.5736540870925905	-0.6842329664753084	-0.1363407119662956	-1.745174268760566	-1.3451565936155914	0.19051196177888655	-1.6247121243938605	-0.9312368907581257	-0.6863939341433415	-0.5325504773466936	1.2712932753203139	-0.37989211017717534	-2.407054671853357	0.43196878510409203	1.7466167020168941	-0.850544732084748	-0.20503667402849016	-1.7246898314935741	-0.9269815582300774	-0.15199137759838802	-0.13875154723979297	-0.6621487739370867	0.29110779849928964	-0.40809163988098524	-0.4153312897459292	0.9132988083522453	-0.33118025502877235	0.04781498410989886	0.5382644135905754	-0.6907913076159244	-0.665211212254323	-0.2896064353589545	-0.7034175392045973	-0.024072519149557565	-0.3251565867827357	0.530619720295557	-0.6458824306388511	-0.2045211356710477	0.9045494693918791	0.3899305875920642	-0.2887125715986463	1.0393026855785592	-0.06704033943070688	-1.460369796173997	1.0099209260901805	1.0036812123309884	0.11040108040966977	-0.5861964093265131	0.0029193165782923384	-0.4800698845065905	-1.7470997555228889	-1.2673044766377028	0.31377873107809595	0.1485173721379698	0.2630305338030002	-0.6230796392591099	-0.1895110818334541	-2.700668268580693	-0.49344221140161165	-1.9784622577606135	-0.4268730713456634	-0.6839994328721507	-1.3038479981285829	-3.6751191178258864	-2.397575837161827	-1.3385981965994047	0.3599194699698857	-0.7391895655059896	-2.188972607926258	1.5189527577779538	-1.7272169215720028	0.6914943883565323	1.2021582425220871	-1.0689865607180506	1.1333136875101903	-1.8519475474954612	1.1372058991698906	0.14177626362808568	-0.315716295494543	-0.7963859516005186	-2.0554646787643533
DTXSID9041233	15.532198724202532	3.142297184365445	-10.229288332836665	-8.664588048273691	1.436754624447401	2.986754373610742	-3.2368575256500494	-5.7686051466672685	-3.7209276682003734	0.44394380148898893	-4.81423460536588	-6.034634055477856	-10.886651808223295	-7.5991141696925695	2.0046941586605196	0.8464490769297354	1.8163192484656148	-1.7448716581741055	1.3085259067870731	-1.4704017964583804	1.3470631857215205	-1.649052713849301	0.13729687091823817	-1.87063895191836	-1.2983519371076249	0.6414730202218721	0.764565274793757	-0.45298458720242	1.1591153400412677	-0.15860885724053048	1.0189152664161656	-0.8741155365200847	-0.21420297408125688	-1.2813019281153561	0.6007926842958207	-0.9479477923728236	1.9092837604913726	1.8590860911526492	1.604052733891527	0.9399436863037485	-0.6302324737323304	-1.061720286364802	1.0212793636790596	0.5483771618942507	-0.3072348208220699	1.431920557535853	-0.9619257400907875	0.6777895886355316	1.5462288566424924	1.0693241795880648	0.7411047617988228	1.0933366910625593	0.5218046616418938	0.44943127298233837	1.067804968571298	0.06845810980527559	1.3767729631554821	-0.5335848475470917	1.1256239878289136	0.5130785196505857	-0.4264490222425183	0.9462972041673281	0.014525104010178121	-0.3264795814937932	0.32775182518595364	-2.395114185095755	0.20285794799163323	-0.8450041350990204	0.46727345193399883	1.446623297288513	1.6015792288905837	-1.9445048146569066	-0.4549779493908992	-1.9037813389032514	1.343261474746097	-0.15022494466844172	1.2917442703301518	-1.8063684623300273	2.3738574644281383	-0.41034136453714265	-1.6663777529525972	0.7275179559157894	1.3061930816098486	-0.7861059456166559	2.161416447249319	-0.4302572951424717	-1.7740180592699146	-0.004292155009023442	-0.5881652483972781	1.5955745643582433	1.2629118022309451	0.3478359779644747	-1.2244915321109549	3.034369962571639	2.1049863415649943	0.9478642208701129	0.5554378192634816	0.7261123991503724	0.39058407854302424	0.09558068023203611
DTXSID90558000	5.584422854275956	-2.087833117569812	-6.531574502640637	-13.490055239373948	3.332347562838527	11.18536366473923	0.8260930177925119	-4.466112633498429	6.9600793545548765	-0.24933094481274098	2.5164487226374286	-0.33380501071607366	2.2796364239239804	5.5198403226851855	-1.1313194700735028	3.129712765682643	0.34428331249803984	8.636468836313531	4.803431499564171	3.8699964047968045	-4.137279827372162	4.57903508454722	4.532313160691441	-0.44540952090288805	-1.0416362300309663	-0.4459275865539716	-2.6403117016254747	0.6634861317147628	-0.2893604269384454	-0.37077031132512556	-0.10964186272026656	-0.14803552152549498	-0.03383378535192362	-0.3997779257638858	-0.9493677076880155	-0.12523024113573833	-0.49585791061935236	0.5428378521554612	0.7454731454832474	0.9895734924523171	0.9818276403695391	0.8556120699626977	-0.5262637469468349	0.7314945646507612	-0.3623038907998239	0.9849418863387441	-0.5929860243056315	0.39719076282096366	-0.3675317764008534	0.3640329286822789	0.2056487255534703	0.7504726221547816	-0.4784362952662753	0.7200020130491069	0.5499644590987179	-0.31008840303439206	0.9323630328661742	1.0524538975604136	-1.3585137113221581	-0.38639613457372657	0.7188784230963314	0.8044763939325524	-1.487016888573303	-0.671517321877551	0.16228005377241425	-0.3058760832025456	0.9787724009584922	-0.24739796208842396	0.629616978075968	-0.756437724794832	-1.0360446392520941	-0.1275012902640775	-0.5356209098744814	1.5537945229082892	-0.2282169088513762	-0.07333570459463087	0.4269537808503477	0.064311383588403	0.06909825004324098	-0.5050833094952402	0.629069434356883	0.5915487845407874	0.2006202537895986	0.2118156594005712	-0.5940375933242306	-0.13347704945966324	0.08951933027355066	-0.6955922978029634	-0.04892819284831984	0.012477962447194804	0.3616870237595201	0.4105312415763835	0.2858597964623957	-0.19515219768989983	0.3997537263348783	0.16316573718117916	-0.8075210131421432	-0.14105402168019354	0.3049038497368763	-0.07004023735318464
DTXSID6020145	-4.416933226316994	-2.099333083364151	1.4012666950647872	0.5865295143124093	2.667508016981689	1.031304110560878	-2.4327956875771486	-0.5578050742692874	-0.0835491580334605	-0.7705345630600798	0.6743283381161372	-0.8585774537524734	-1.1475386044321116	-0.5633850378943985	-2.4468545819653733	1.2630165250550707	-1.6061443023521722	-0.7359432159403386	-1.5738860499813316	2.2314938976574967	0.23346539439815026	0.5269872751550959	-0.5543877238450032	-0.8985359433253693	0.6889381510446901	-0.2555354163317155	1.1516580272128745	0.33555830155347444	-0.21654480444100324	0.6685517448414581	0.5442367401244529	1.083466525228207	1.1100254529912188	0.4577618273188219	-0.3581654080994729	-0.5930187993254498	0.36841774801085714	-1.4658700568644685	-0.1033527407814615	-0.6149617499430376	0.20365846763739331	-0.8486617719789598	0.4852958865526519	-0.2892703405088528	1.0056247400159335	-0.5179811837814307	-0.3748457625421873	0.12230794741691235	0.07916223081552204	0.23134104884605305	-0.14892747454997554	-0.5004431758689349	-0.03672726357301354	0.044030228011788665	0.6701489783605132	0.4999360375404285	-0.08910942304459618	-0.359740656829976	0.5619351499268215	0.37882321716348294	-0.8458067341220196	0.0017957785623519313	0.0686430820026229	1.305332415086359	-0.441353530623854	0.38527717218515417	1.1122986900402059	-0.8050659896228896	0.5975881079663896	-0.9857180389848679	-0.21648046863459922	-0.2444811642115188	-0.12449684530708731	0.3267684208518118	0.7690419852227124	-0.8871847026747772	0.07015761240757755	0.3872551204378296	-0.14853631535150152	1.4649430565705839	1.082700733828562	0.5718093015839761	0.17298731603931836	-0.06514807342359928	-0.20963797449991162	0.35657529253898884	0.6933690146394453	-0.2148118625958052	1.0247651249523189	-0.28889083307631147	1.3093630604987863	-0.5167588366037975	-0.9295356607734135	-0.9340816644769779	0.4360038199057703	-0.1595681857389733	0.07057970677784524	0.0039479898011053945	0.30251024835154317	-0.3505971210409302
DTXSID2020971	-0.7682036577877058	3.698689266873223	-0.08519762770955763	2.9539901137154185	1.0886355066212356	1.122271330850082	-1.524899489562765	-2.731089587785229	0.5921532990396204	0.3319283319520189	1.114848757095207	6.185035503825883	-1.3615133368426668	-2.1631942950121177	0.6654940328737275	-0.5618765776869132	-1.0128754956764485	-0.011629681949649752	1.1637285220118514	-0.4028323640131762	-0.5340802198374084	0.27217710753024327	-0.78232925783209	0.31719733361599	-0.31947992650325296	0.35762723052336787	0.3398148183936402	0.41830550442930803	0.13118667687392227	-0.060545414945717135	-0.3542268490634468	-0.5360527881121621	-0.23489079147423586	0.11504991238892161	-0.5223446312781066	-1.3215054982045944	0.9024950069100652	0.5745068767664079	0.6629672328674111	-0.1140302225416418	0.2953741031924092	0.3163234669228529	-0.14361695116563442	0.2827277531663568	-0.3582033028993273	0.5356423081742049	0.09886258485486697	-0.18624720142942885	0.3676320337003202	0.39979884855130177	0.1369414191472645	0.26022873656725604	-0.17026901575787437	0.04038872887871378	0.2364563515892916	-0.439685354231044	0.1175916080079138	-0.10902900162919016	0.025346066882135733	-0.059155439759605535	0.12821782558765138	0.36033836796483576	-0.4124041256544578	-0.13523347916402872	-0.11225266530523821	-0.2746660266783746	0.32606681382221464	-0.753413177370551	-0.55200269366388	0.46594694479576315	0.640775935381162	-1.0156098760445904	-0.5177570791615841	-0.09749148108189745	0.47921301882914413	-0.1512975793576447	-0.12933715640272325	-0.10501325817378875	0.14039024482202936	-1.0348949360485458	-0.22255094946084958	-0.09993796273964452	0.27821640374770495	0.8600831204750755	-0.7077443113995856	0.495494478683525	1.515182490898172	-0.2476559060764953	1.553231797591129	0.3301590827410073	-0.2035037711091099	-0.2544512688545552	0.261783688859647	0.17425703025793285	-0.2554774935360887	-0.17877371999973854	0.06649187267019939	0.3776555297908975	-0.053614806612916316	0.07051351080566272
DTXSID2022707	10.067877096264057	-0.019313575764553125	1.2374758418823255	2.8455790237021277	5.2244328534657285	-4.238427693518519	6.691553738153932	5.546156804573007	4.370560625698419	-1.2969827214117848	-2.6239596783753063	0.40436416737238545	-0.19553741376550643	-0.6153965890975734	7.706165322724178	-1.54808476954548	-5.199731704635277	-1.034849181758657	-0.5089977980761491	6.218912281474251	-0.3978240337574389	1.9443281715560075	-0.6884663379123974	-1.4544620380157587	2.684383538307306	0.6869336411208874	-0.7763855252387185	-2.656436877554112	-1.098404524362918	-1.2583686815554695	0.8623347635192693	-0.9987194842241581	-2.1019110318768135	-5.665343120293437	-0.06049487856486671	0.8240655790179436	2.9922825348585573	-1.0615836013531164	5.7480955929399995	1.4571024436258193	-0.1394402394069505	0.3643644502007152	-0.6225984529172895	3.932561018882087	-0.47300867044641315	-2.0182085864213035	-2.557449872870732	0.4883877583422889	-0.9398931141720437	-0.6643293282121212	0.48389744431012643	-0.06973583189943552	-0.42528389113871934	2.8208166707203137	-1.9064662593753696	2.069936095878156	2.1007682028230152	3.4740546644973254	-1.5772560538339906	0.18517986360065197	2.2954518676133713	0.6141209457113005	2.1624613112536104	3.714706072998016	-3.7337781581020377	2.9624996462349267	2.363451536542095	3.47090116321826	-1.548266826952281	-0.9524660542672307	2.260491074274417	-1.4092459223087346	3.2833503011355596	-0.8317927863302506	-0.6772511650779716	-0.9912386661010885	-2.545513971140359	-1.377090524627354	0.13138010876604891	2.455632950880873	0.07337958973147585	1.4008370727119204	-0.5184187874010197	0.3053349844213121	0.17578276222895328	0.8091443670161077	0.010200800828822304	1.2157863230357728	-0.08848516675712731	0.3767229048421062	-1.299936088574479	0.21420333759013438	-0.8141198749666925	1.8025849683487796	0.29454155041789476	0.5745724514016197	0.7658878088485404	-0.03951238829885156	-1.4401234766189719	0.8820157686259871
DTXSID8046878	-2.742117737936083	-3.720422175555024	-2.605034564034445	-0.9977449914024368	1.727006621544811	0.2998555733740746	-1.6887003006830996	-0.8973642670100088	-2.3229980596347644	1.4207575507471428	0.7552468385372324	-2.89489460287657	-1.3886131636814	-0.5239568819269212	1.3342285385444335	-1.422155505837583	1.1701193147117337	0.07497757361846828	0.7217739918149446	-0.7801447632880161	0.34565455974878484	-0.2234070175980327	0.6743561745424148	-1.418796332503743	0.023111509189138388	0.22192403142997483	-0.19028999814628944	-1.0680579540948352	-0.823195118627986	0.8350948984235086	0.15090969960801398	-2.0245950310222898	-0.2708734379148342	2.104907135542078	-0.5997086745534426	-2.4435606673200385	-0.19185333982836983	0.40490039893266544	0.2140946892068432	-0.791358388089672	-0.6446629301010243	0.8511770182677147	-1.4412648745768628	-0.1823036121928301	1.1157841880310089	-0.5920170280974031	1.384082710423174	-0.03986114482267297	-1.9507805298445455	-1.0748499460472603	-0.33631662013271824	-0.799840431608612	-1.2698528226114756	-0.28539387147463685	-1.1587524750071638	-0.6587663214623294	-0.6233146441498655	0.27059611399276534	-1.1868619312680764	-2.4097344003199073	0.8147190210176517	-0.08317180455668911	0.1727561469657786	-0.07888805654699933	-0.6535187133761162	0.8955055772937334	2.630529386282734	-0.6475557202301052	-0.6535011681025844	0.19195542138598007	0.5059390055069463	0.7063160540421439	-0.8012715284733878	0.5081179175717043	-1.2467495869668554	0.46460692768987427	0.015844867235416088	0.5441026875266534	-0.12202845114673855	-0.2811486259384701	-0.24862760320216928	-0.8335457722600405	-0.14467764171046377	0.4113215937044415	-0.2661570678386852	-0.027826987310972804	-1.1353283372403105	0.22498512134548856	0.5718285512873571	-0.4299855274111893	0.47559047543855115	0.06286326266742566	0.6776818542604816	0.5454424856480675	0.355377911625438	-0.05296814598000625	-0.28509327129984485	0.12804715242029066	-0.7001161803850604	-0.812864477769055
DTXSID4048981	13.594781608268143	-3.934560248109247	-9.532946189058412	-3.738447892606844	-0.025973629977496745	-2.2128535322646723	2.1422773981132015	-0.010997997993830066	-3.861015197250054	0.9337575773037109	-3.606550713065729	1.4174812445282177	-6.373378135939061	-1.0248706114516013	0.38228144350480264	1.5756522626535108	3.3515405200036055	17.190716742222776	4.150350836087119	10.471025501861325	-3.8927777968502895	5.50921187062332	7.170957735340856	-0.6049685154652336	-4.855466309949389	-0.769971420638467	-3.096796527282503	2.9216731641758744	-2.5531912681788502	-1.1776150934446148	0.05551848544810738	2.571324348828213	3.132262486372904	0.483077378814084	-0.7252499742659606	-2.7659177893413864	-3.1415287237174145	0.45045578393900293	-1.6241881539046497	1.612834686856689	0.6128230115884331	1.7959891510543546	1.0638700775157048	-1.1738054093006824	0.9457588570660354	0.6016107836611523	-0.9654549891909741	0.5031240252581111	-0.09111993293410942	-1.0419810743389348	-0.3417329639684154	0.15498916533996285	0.19206453008578775	0.2808249567206307	-0.901475352488737	0.5428126666657083	0.9060900554085645	1.6360414504275873	-2.013919214198302	-1.2072024765247427	0.7967638618961866	-2.3012664086755157	-1.429961876172166	-0.780411549858914	1.9173147756283575	-0.03160443213810132	-1.3579808766195132	-0.7887802560394125	1.634217117535209	-1.1858399988571375	0.09123177104970076	-1.833211764042056	0.3894998198860998	1.8416085242894282	-0.8572493252208495	-1.4769525398325276	1.3526098480930164	0.6509209884835626	-1.6872159242113816	0.6957806926181602	-1.0872007765965257	0.638753945074401	-0.0991954793415383	-2.3442240488782584	0.6219759707461142	-2.1327090817235095	2.0987384231287383	-0.07741601461705289	-0.4409772383964058	1.700212680213732	-0.19397808190707883	1.2189413043143529	-0.8837564075216159	-0.957926421674006	-0.9740743425049609	1.3297185952762123	0.7717401557513206	1.1049618316069172	0.7429378993218011	-0.11806280599816364
DTXSID6035152	-1.7788787385626432	-4.010914760172593	-2.8924444925811126	2.1299870459163577	6.231741263672862	-1.7930092379710836	-0.7553908239687823	4.4813667087220335	4.989579179824287	-0.6280444861839586	-3.4089434236150735	-0.9629970570132051	2.5071611330852783	-2.6637076016338077	0.1848727167368204	-0.1416033247389891	0.23554070595211474	0.5181110331124179	0.4640481360990086	-0.4451511079679185	-1.9335027380949497	-1.1210007378901259	-0.6052001117936633	-0.05419173058784808	-1.0432737888155517	-0.4524810673477671	-0.32437961556773026	0.5545491697201163	-0.04180051174003052	0.09180119387923447	0.8521400083559526	0.014054444313910463	0.6992324799887011	-0.268963691002234	-0.8568677655342604	-0.10440206998498291	0.1535659264479225	0.23403306079097852	-0.2764793642454746	-0.13980315072616972	-0.5616304092093166	-0.6796992339215991	-0.09644848236570801	-0.6749667106233701	-0.06344838834959764	0.12011845268533677	0.4538102586652027	0.35645133488906483	0.08365025376893247	-0.1307922486248769	-0.264456359948784	0.18358398161031494	-0.10325455725712236	-0.1427482103495023	0.7790608561038889	-0.234007364874132	-0.2466924420579355	-0.09717532308746707	-0.005349917909518507	0.06411309116119965	0.17215441682696636	-1.5728256291576868	-0.2934315909613361	0.3550267722586859	-0.44136903774166225	-0.4402953002812938	0.5449426182169474	0.4564225020562352	0.3048155133536832	-0.4090331631279509	1.2119921453586777	-1.181198168287284	0.11473370074617138	-0.2921146959624639	-0.12120158050460005	-1.9739518001461915	-1.0489534818807493	1.0451646687519225	0.2177520645572431	-1.1864072286332172	-0.3970444665535807	-0.4120645946759359	0.2840284064926314	-0.132129252269407	0.016980760735079488	-0.3769173932699397	-0.8208358937431038	0.873444273582885	0.31043644436330975	-0.19853134891715798	-0.4148666098512015	-0.20266451624917217	-0.0605153617306727	0.40164775720398654	0.3433276220030924	-1.0909686479592766	0.7358210415271548	-0.3073493073140101	0.07833180074448409	0.9053711039793844
DTXSID7041097	3.9130740645392375	6.701959239933273	0.13104689775940678	2.2412854329518583	0.22595649637466178	-0.7990284110252664	1.7475226881284656	1.7654049232410496	0.30317926357201175	-2.190226089634595	0.5815030797202783	0.15585004526987345	0.2659967346311802	-0.15945579462169662	0.2937620089308996	0.39324679713449573	-0.7646681122668059	0.21906788840031852	-0.3147917737174941	-0.7448870618236925	-2.022883431219473	-1.115142342789821	0.7322203154622865	-0.10781661098218177	0.3384845255131869	0.11811319024045465	-1.1049344982613176	-0.009350933153305593	0.748803027777718	-1.4566191144596539	1.3412421560654657	-0.7290354057380081	-1.7303994505963538	-0.07867748109527115	0.6470943709155021	-1.9668688945688815	0.9345597284536101	1.2063067288838127	-0.8006041063433414	-0.05660486585389767	-0.15651721487099585	-0.2558004922524349	0.17445017433573445	0.2853225747339019	-0.10191809835686508	0.2714977866211755	-0.5870270805971273	-0.7146022391025691	0.789767642164006	0.25929713578571223	0.5421559996211331	-0.1136822088269631	-0.227215548503264	-0.5729757480016855	-0.20116383568126983	-1.1494133815044603	0.6146916214778758	-0.0668186385988928	0.9914021723353957	-0.5035066763184428	0.2199407488525656	0.014455253412994707	-0.731639921232588	-1.1176697801944289	-0.04869739786187993	0.47256282949336337	0.007933001608181268	-0.387964723574091	0.9893647776728735	1.6899319758285227	1.0372189740852125	-1.3640603277811887	0.9754520871544059	0.18706562788738545	1.291461626907607	-0.6942256511438729	-0.6516217899193023	0.3970083299799563	0.26271455305665753	-0.6378728751324452	-1.1460025430893932	0.578461166909109	0.07674563719771144	-0.6322021264709733	-0.9190123082939229	-0.3397289448883537	0.561114227213087	-1.1595152815117256	-1.221682994603604	-0.47493316893716364	-0.6164801707368623	0.6224521296642682	0.3915959110120378	0.48162137308262937	-0.25829995681391676	0.5710391829475332	0.07659467434879229	0.37364588160526785	-0.3010870807520011	-0.5580027099923583
DTXSID3047003	-4.940474818647569	-3.8241158119758745	-3.7910864098207453	-4.07519771290839	0.44317275331893347	1.7787897094342695	-2.024343243456599	-2.076715070117221	-2.0577558344098272	1.2437862994782536	-2.353296758954222	-3.2388795477778753	-4.516639862919269	-3.744320325553885	0.9477581206217732	0.9529119853079957	-0.075070483979076	-1.5670569493810391	1.1500296896313698	0.7378792968283636	-0.4885546257816305	-0.1156180238918373	-1.097504484718078	-0.5514434585291953	-0.5120376107041125	-0.7778680303214304	0.9765945159840715	-0.3631366632146445	1.2643298543189956	0.052358840308177286	-0.09450833643581051	-1.0456435276979907	0.6439918520974524	-0.7331078401643233	1.2202758988379507	0.6513384795728188	-0.22435065770609458	-0.3966255801020282	-0.29109542721648735	0.49213194706484603	0.1996445484932703	-1.0824354840865578	0.6783640291940922	0.17486413643969212	0.06293146237592342	0.5851638385576271	-0.543871615572737	0.11788039058386755	0.4992221105292889	0.34001862004906647	0.12364388937383781	-0.3738934861456256	0.5812684490956836	0.21618544746252583	0.4694591684066869	0.6837419362143642	-0.11222894873988533	0.07775730031764	0.49859782637807326	0.397743546567873	-1.1398071855071867	-0.21605316860332088	0.4898810974026759	0.9697851404587436	-0.0220239023496115	-0.7473166893389614	-0.47092985539631493	0.3485828100449694	0.3115875086755344	-0.1912505642368172	1.4140830344167448	-1.0701868601525717	0.20480982490395605	-0.548032554537889	0.2946394462190185	0.8606547853901052	1.452147697116667	-1.0498085323337287	0.6840173403909864	0.3369190685788114	0.8696623560491028	0.3333182262180203	0.02188212142861279	-0.5115688923966487	0.572749252864532	-0.4506066239780583	-0.48881646575420207	-0.4667341903277814	-0.026450016577139353	0.4591556676068551	-0.7057390381474377	0.6909204232173608	-1.0885838470054334	0.5371623950713981	0.10332956475524807	0.3623313504710863	-1.1075046025047766	-0.5841922704702017	0.31819120220094016	-0.43611442209145124
DTXSID0047872	-3.443461018625592	-2.4985791851774284	-2.4194382781082857	0.670305117185802	-0.4059344329076814	-0.9594284925085087	3.573969112900582	-1.8393685858467748	-1.223222026236197	-2.0331345582847318	-0.855812005113312	-1.172203518842576	-1.040111456508271	-0.4086656887715393	0.2273585825980601	-0.06701581662271491	0.7907105499366733	-0.14727271507124462	-1.1593898790422914	-0.46690441338271815	-1.7038702199476956	-0.8266817205660728	-0.32295982862664835	0.8449153154164285	-1.4036223815169628	-0.14330647012816802	0.7236576947538955	-0.9458781393587952	-0.06848872546276828	0.18778589086211353	-1.5428798272781072	1.1266042043974602	-0.34917562934014534	-0.24113542622570397	1.7594521741927085	0.15001467684427486	-0.805016103147967	0.3880222169629985	0.8254976039315018	-0.05419011234140337	-1.5091412587621544	0.2127603668282155	0.24910554282425074	0.708309317561078	-0.0605022117722463	-0.01861531220159623	0.8104092303688628	-0.2686382045380644	-0.5469517188995218	0.47502632256110333	-0.14282379423797367	0.20634704714081273	-0.08157760711064625	-0.12873602282621155	-0.455508071594763	0.21119301521122102	-1.0526652663999727	0.33317039809524923	-0.680668655774758	1.1528647930169889	0.1947623004155204	0.42079090426512084	-0.13924702405543468	1.031367567660113	0.22515167483984222	0.3432402190549879	0.3624573303835315	-1.4512107270239123	-0.513055500351104	-0.6894808135507373	-0.28446336180486204	-0.8079947535212189	-0.0839992031164772	0.2478607648832992	0.5273884904023132	0.1997693687188829	-0.20568184786685256	-0.0312660222823579	-0.8757926269052507	-0.7768517729645202	-0.12059275753921239	-0.37534180198752143	0.24345373761699443	0.6370823285319037	-0.29570434607155	0.03686154032718714	0.23155090808512693	-1.0546284052467765	-0.9115740019324203	-0.5788928936896035	-0.35013277444005286	0.19558022082013032	0.0591523202490518	-0.4121359210158466	-0.025854585072716006	0.6390344132849209	0.9090452261201306	0.03030188686488676	0.34059516957875813	0.49186694788739993
DTXSID2046464	-2.500801089499646	0.4626683679184028	-0.5765364122351762	1.2095108971943531	1.166984260145615	-1.3492586991905062	-1.2667081445828283	0.3392288991535376	1.9448397687913064	0.9760222516153428	-0.6092750433823689	-1.1994824763199408	-0.39834830790823217	0.8201389516237434	-0.662768318214204	-1.6117087002874362	1.1086261680830631	-0.03889957279690977	-0.04596047511997912	-0.7717522735048746	-0.9492527536649452	-0.5984547482556434	1.0098161038137536	1.2182924318870747	-1.4151209935238238	0.15218443619634991	-0.7273818468400933	-0.9132641944136937	-0.7603453608192707	-0.3777113220345749	-0.7902916552720055	0.05545385998738569	-2.543183544221941	2.7822886333032977	0.9943870099615111	-1.2405777321215583	-2.008388167126491	-0.22390053307669755	1.666064869720627	-0.5304507364320497	0.9729281921927366	-1.5945416656264886	-1.3481983481335422	0.5958139908175439	-1.3975992894482747	-0.4660448936102426	-0.5561589817161038	0.6593668235547484	0.39439319989842564	1.1727789799298658	0.6844414738680363	1.1726031018563614	0.5498376851301229	0.14197811186747564	0.9544574138242407	-0.014529253124239635	-0.19931231267947147	0.5447510406357904	1.614502084774781	-0.9729934801019844	0.6053873551765602	1.7369484000192477	0.5832041796799295	0.1632703122036668	-0.6765006091243013	0.8034035083222041	-0.19645117853798666	-0.5152236298577569	-0.3831249208899806	-0.09653323777185663	-0.6141852967686885	0.8596100726632085	-0.5574614558446236	0.02002266637124668	-0.08063853880591575	1.1955105783748345	1.2529081587191824	0.7510616074915955	-0.3384460725210758	1.120694449407203	-0.1719274124657247	0.5573591961954922	-0.7637802950923712	-0.544784445272509	0.8201408424049139	-0.3252779201779493	0.8223779107270242	-0.04714737713699897	-0.013111572369729837	0.180006538787437	0.06221678519414811	-0.3273480138454598	-0.6877387491769493	0.526342599527005	0.08884092140331237	0.14159579679458184	-0.06710530644791494	0.01298757297330227	-0.12059825075079712	-0.098683111733242
DTXSID8021690	-1.5698095179644878	-1.8064548808258285	3.1335150552604056	-3.3346595764998486	0.44446435459293826	-2.7201648336668067	-0.9425256851818063	-0.35973904955306263	-0.692438421602612	0.3136583818951539	3.0697311041988584	-0.4616808261200061	2.828299640804631	-1.4775751709875085	-0.3475301459353607	-1.4439847253046847	0.36557856728872234	-0.055747570160071015	0.30907753189246834	0.5369413780851905	-0.09816634555481626	0.6901859586645902	-0.07526695125308695	-0.194410331304152	0.05761998962557879	0.8689557526490613	0.8010516213590436	-0.17986288150288157	0.15683687318175238	0.7060296305224663	0.6414908795990203	-0.58820160229905	-0.25696266242848054	-0.10677412781039547	0.5163212578330956	-0.08863220009408698	0.18776037451278776	0.19848028236411813	0.5924290316687559	0.9056032151531456	-0.1928919027964132	0.18341320966113703	-0.7302947560526967	-0.0470365833096796	0.020175642625660347	-0.003208979207220963	0.5135025414105341	-0.45841982731603387	0.16082742929054855	-0.21639372830259115	0.125171392584072	-0.05471910662694127	-0.06635821496542392	-0.047703102619040184	0.14636593702548553	-0.42243981619151016	0.12424261980882004	-0.5790444896663679	-0.0719238045714175	0.06068830363110003	-0.0018858553052086403	-0.6144498268735389	-0.15590594812420697	0.05175211118951767	0.22862338876251112	0.45631966972957916	-0.5849582085202593	0.10292751845923996	-0.08446975231537393	0.10058312073039001	0.7661740819945733	0.11674631758901634	0.14997954097902974	-0.17890697168885952	-0.08640948003188191	0.24931245228135976	0.317083445461457	0.021302721122405076	0.1311579847913576	-0.21180776455060696	0.07100818431100371	-0.3157847119795498	-0.24143435528070134	-0.13347794967264684	0.24454951954001336	0.08864464436813152	0.054081597937229366	0.23111966192484457	0.0062686693342264115	0.10739130872713872	0.41083018399233756	0.13258793716801975	-0.1774031253118733	0.33492900427708566	-0.13238681288722945	0.33732852125599966	0.08125766068085691	0.26552155798477395	0.17126068160303295	0.06912519599250654
DTXSID2024038	-5.852714914638384	-3.5399460980986373	-0.5161467011287033	-1.1081639681851967	-1.8166782377607014	2.4675734573101438	0.24082818937873787	2.353153283990327	-1.119637733468861	0.3850086158574498	-0.3119329887634329	0.24051114174962188	0.4130100914972195	0.311180793279692	0.13947108622940063	-0.1509239768527154	-0.10552562320669842	-0.0731211751414943	-0.025667954509396247	-0.763133363948965	-0.2561662870117337	-0.3936527791259416	0.9522284024879552	0.11877692983771303	-1.0715132130124285	1.4026405180756008	0.6670200929635844	1.3143687181642336	0.2879569187281538	-0.9532528470902564	-0.3624890205418914	0.46440127647612345	0.3341642724529547	-0.22854196988912295	0.8626840254774769	0.5078348027094238	0.1603851524490338	0.2687942333067115	-0.5448615644277592	-0.21406880756223615	0.44089834348851903	-0.29813704542949004	0.0754160394050841	0.5012336542562461	-0.27691280710684835	0.11963948259234215	0.6488390931229044	-0.693645900206953	0.08778035713702664	-0.5784080415873439	0.11271672056786866	-0.1098853034260489	0.36997947251586777	-0.12850175810294748	-0.3280491744447983	-0.21460510610661082	-0.08315720638085554	0.43409571304373035	-0.1714207522481043	-0.4868420124320261	-0.2513886816158454	-0.03128573497462926	0.11626506970580014	0.1857489968651353	-0.844142844865105	0.3411197363798093	0.3959228823031342	0.4349675924187028	-0.03817523084851759	0.28227329803399065	-0.25489564049690877	-0.09055088190942909	0.16118993649468066	-1.0948772890556862	0.0254444955256334	0.7942216389984788	-0.635207198907211	0.28498721461571075	0.7517938474686304	-0.831296660186447	0.186487238861797	0.25092906454459835	-0.1989126132589707	0.22508377208490388	-0.09064183005716082	-0.3620286638815383	0.764264364929238	0.14047434584811627	-0.3234014612779987	-0.10515852035906706	0.05733369458824872	0.041663656731874686	-0.5389736001438249	-0.1141311908165831	-0.1080368931918969	-0.09671029656412014	-0.2952685517899024	-0.17099197816383202	-0.1971065771732426	0.010232699967667307
DTXSID8045642	9.600211412630362	-3.5803627200933623	7.683669060981287	5.585269056654907	3.2852652620571376	3.5436851708999617	-0.22782936118104538	-1.2760912383709402	-1.2714237766962535	1.793797583408594	0.1963012410128201	-0.790704319231678	-0.1923110535569831	0.49885346787628154	-0.567364657702802	1.213292988962142	-1.118605377772087	1.003949968741134	-1.266548420603039	0.22752810978291593	0.05249942056412675	-0.13744547586263348	-1.050654452015276	0.12393195806631242	-0.08618694023512617	0.7317672476066568	0.36820560709423994	-0.011205856018407411	0.10774581584739647	-0.012223958386622194	0.38112007257913516	-0.052825808781176514	-0.7383134085005235	-0.27284511722142385	0.8272331051222129	0.4890684508399518	0.04797215034945479	0.8023616187676736	0.6877668994426002	0.17765343984580623	0.015520502338171049	0.25871855332283855	-0.02250449086258189	-0.9379157578251132	0.18944826561520536	0.28096309016374743	-0.27701517072682363	0.9560990785519417	0.23522006910650753	0.17240758615680604	-0.06589352147232579	0.7586314014077417	-0.20838444322343563	-0.05325202601506964	0.0929254638404303	-0.6528590068120639	0.27956091800501603	-0.15306164599308641	0.022554125186740097	0.25843109358286814	-0.45258099935435914	-0.655541220257355	-0.26443463732481187	-1.4804711647089381	0.44341659424048463	0.04980804754304971	0.9670797439394108	-0.5978435466509421	-0.2609305449655872	-1.264766338914315	-0.4534665964923159	-0.41879676413568645	-0.8380426992419897	0.037631409477493265	-0.5600806283416692	0.22054360452642915	0.14860549770015063	0.5579437207629616	-0.21965185893155412	0.39584688387919764	0.34780563728473046	-0.15318681047698968	-0.3943217448279061	-0.1954715470877734	-0.18722723026937255	-0.14608811218558393	0.23228828016384592	0.6740192391805501	0.13210464180765108	0.20831770336655822	0.4025428554286185	0.1666919025149479	-0.4420997406984207	0.4378808193448357	0.48952216516033686	0.7714847230763799	0.5199336173139633	0.37069696835545546	0.17367309755805202	0.07202181201518257
DTXSID7047279	14.121691775199535	3.438154810276555	-2.7676193149533392	-6.385678067375847	5.553106980899532	4.972883532028621	0.7783924372034173	-0.801708151752477	6.3173667456628255	-1.5781024381769904	0.2315333747980891	0.4072295615008887	1.03620017461955	4.392388948121462	1.1130468637266238	0.49455630217056834	-0.5744152208995288	-0.044654352007706656	1.170799923784794	-1.7001325269612866	-1.1681948720357869	-0.1982734038637466	1.4163254351328574	0.1895536672319961	0.14646970381753668	0.05453080365236639	-1.4081905139434983	-1.033407046626889	-0.11528187282960714	-0.18460292035187717	-0.0807172666900606	0.09613715193414447	-0.35429161234596457	-0.3210859803296914	-0.05289784687922565	0.9428146271339017	0.47681925705765854	-0.02307268885302138	-0.05980351719531963	0.7901565587646687	-0.03905081064749913	0.10887996381199658	-0.6997680883163385	0.14467852890569521	-0.04088599300415336	0.011701264385217418	-0.5773481391963551	0.3854935434241402	0.15670801081834376	0.629345283276368	0.054462228322823505	0.15390446151034487	-0.21989708148435516	0.005792531816078503	0.0873711400974096	0.22309356092422972	0.24793920975817266	0.6163743918057811	-0.3828564372406874	0.4542712756770144	0.6237216652708171	0.3825165820440901	-0.12618314507470785	-0.8954797071688144	-0.4363300816607782	-1.178734516457908	0.33768082354735984	0.409358214729935	0.6031661308682617	0.8671562856343022	-0.9682680104850657	0.637436057438201	-1.1399347260295518	0.5416121324980019	0.20911761506467888	-1.1343563264319707	-0.33273196749301676	0.13419694056035275	0.30230270550760086	-1.358606751469524	-0.6407638951931905	-2.3902591111105713	-0.07236014272764035	-1.1592866115519254	-0.17020133285202343	1.014048514468834	0.49106074784607173	1.2061181589153445	-0.2780118616977956	-0.921958609587873	0.003644699687547637	-2.496889270927717	-1.5739798389547421	0.36028227962823556	-1.045995361024636	-2.391889317158849	-0.48094964738850915	-1.5451300017230605	-1.1587421678839884	0.29924720408120775
DTXSID5057757	-1.3097640285297454	1.9400802502770376	-2.898689706250418	2.3368491950155668	1.3501442679813944	0.2800301094383298	3.594054448499073	0.38220807289974523	-1.6607334733988213	-2.1230635425421016	0.8136661868803512	-0.5396596625086822	-0.0505754984455349	-1.086153616387425	-1.5043257972950115	1.6437468458461306	-1.9854252241760475	1.0760899423563428	2.9656897431586073	-1.6328582289097051	2.687719460637709	0.7965047894095026	0.26706828413907285	0.6194996830636256	-0.7329453411066496	1.571231216385716	-0.06480768033685697	0.29397264581844673	-0.36069595200751897	-0.05534616780090158	0.312907499197361	-0.48581867739785023	-0.08642663982266592	-0.0709974071427882	-0.13330416456173602	1.0154315309207693	-0.06630360407690118	-0.3386479497757765	-0.6252077335282008	0.6825240940036099	0.7118537140246162	-0.6611361858428737	0.033984709551383656	0.3649460344641159	-0.07250689147158405	-0.7351659838178766	0.11775426500168776	-0.25948067232540195	0.16900104953450723	-0.22267752866392068	-0.09813353163022744	-0.534771075391983	0.11459622400639036	-0.35918553461892944	-0.43877480918092665	-0.06108502599908865	0.3642834069316607	0.38501843899738236	0.08042973582846978	-0.5277268004383184	-0.6227111734726607	-0.18579578338181607	0.5734478526905684	0.09405990155473451	-0.26790164848815334	-0.637972544552467	-0.2481464270112545	0.43501001829488706	-0.19736170853412838	0.24557507187058594	-0.1576111020623452	0.7366547652742111	-0.037005502140425445	-1.0642254114022884	0.3217249366103217	-0.03454683981762995	0.49259187062777665	0.6130294239061934	1.525588538351629	-0.3097640209478902	-0.5413695358070013	0.19984798196806933	-0.5038655102919226	-0.42696263385067823	-0.1383788563318854	-0.6136201934906433	-0.20393769855374494	0.34820815599231575	0.6741044711941684	0.056832445015366745	0.11677896205493345	0.2881071057483737	-0.23610949994489644	0.5733186011717856	-0.016438182444918396	0.04552227964598011	0.14959233726345272	0.024790755573143586	-0.38753660883040314	-0.08537401882952927
DTXSID3057854	-1.1669746586221645	4.073783211236159	-0.297682030921406	1.8880854517196324	-1.959863338458879	1.6668315155054647	-0.24669124106911494	1.4473095220639252	1.4396813849949164	0.8168320033432541	0.9688228822057042	-0.20843641257087606	-0.5348278890760306	-0.21499541238340902	0.11832358616134221	-0.10814246620187273	0.05927627444838964	0.015205500853628614	0.1893179971621885	-0.36240841182317574	0.9069342813305993	0.14693301858991606	1.0289584004788077	0.23288864186553943	0.2062311291875339	-0.3741264829263415	0.6355648336337855	0.314791820320185	0.02783900088887133	0.6766601126676505	-0.017773785803015273	-0.5511715378982533	-0.1003375668933356	-1.2426318843661355	-0.37410417193020495	1.0256145470473932	-0.7745585492007299	-0.05935593228237327	0.48320666402341167	0.11327964890717647	-0.552753749126169	0.5643055787187053	0.054709428138733	0.46605390836393074	0.8812691329120559	-0.41917871408985025	0.7516294179304173	0.02495287430599674	-0.2201880333216227	0.4337176685887848	0.12066643589664476	0.2796246553841076	0.5041196107294038	0.06612335784644645	-0.5499098047296627	-0.45128755135457926	0.10471204363141863	-0.7279951608135119	0.31370361598052376	0.9358167325021352	0.008934352246776871	-0.7658538236496794	0.48262972437694796	-0.4050233030095739	0.14316495845704477	0.19114690495579986	0.38595464180181616	-0.19415931504710382	0.5272615528552532	0.4625089557402632	-1.0770907848076985	1.1067482496949197	-0.19402515663631267	-0.23924502971997008	-0.22173821613731237	-0.2422194590683011	0.36894222044276037	-0.3633824770034518	-0.38574111657134086	-0.063347960720884	-0.476987245257203	-0.6701713644560813	0.09561380698819215	-0.4191833576506945	0.31260451863586325	0.26047916199570204	0.5178476843486293	-0.14921528954167937	0.050374726355292394	0.2971178951016676	0.11134321288960236	-0.5501061231032415	-0.2394708401488817	-0.42444017125341515	-0.3957089087964539	-0.16804264345385303	-0.8281994623777196	0.0015684698289027813	0.7240003258675252	-0.37706632423875164
DTXSID8045432	16.319541958548378	-5.004713803668842	-2.5773660675024743	1.699254282024906	-1.0793183290555135	-2.2654345770031807	2.94168115339646	2.3912621817404327	-1.4959533281742925	8.43697554475829	-0.8878624179658314	1.109853651725446	2.398198657136102	0.9576313124971266	0.36573824862162424	6.462819673044467	5.045753497600752	-5.217565810373498	6.5286901712072405	4.471208350273134	4.756244655088952	1.8320341999783822	0.8390017800639811	-1.3738465493022853	5.845012957103667	-5.403557286370645	2.289739972338509	0.1005684913827562	3.0217511266761274	-0.5360042084446939	-1.286363787958023	0.4763605610170865	-1.9102513215570127	3.0984431505433454	-0.11054611849219785	0.09192337349260005	0.7383510782629705	2.1935161267531624	1.4391450307926856	3.934205012741523	-3.11459480583437	2.652385812579858	1.026138835678429	5.279507374444267	-4.244901863168607	2.568288607776185	-1.1093754884846787	1.2651633215323566	-1.8963354836081794	0.7702982781260751	0.45137102881453434	4.228286026088997	0.622498135898993	3.619673827689941	1.3839558848357105	2.2054531607808285	3.009316002591489	3.3909560648396138	-2.5965865717698264	-3.641353776920557	-1.1478658338964662	-1.8326129570436391	0.8857871829229234	6.652264238034852	-0.8406485983398203	7.048183310578201	1.6192412253542494	-1.0440483145422492	-0.5627073078356706	2.0418197369894053	0.8782981798157969	-0.8836354287153015	6.200270663406427	-1.8684398355521845	1.3110017847487763	0.048047602128806974	-2.5607896581704916	1.8228573452312904	-0.3445936586960552	3.7226219515148187	-3.072936271938143	2.684629936910066	2.3095469002803686	2.397528020485221	-0.11492704154521162	0.5088185131468979	-1.0594154659665287	1.001863934765389	2.9840745292681854	-0.4374619462388668	1.2763159743753045	-1.1919843266250425	-1.2017731367875442	0.3809395636999856	0.8567428017017601	0.34453609810289354	-0.5173375232002243	-0.7769261657244444	0.7059770277701675	0.9497602506922133
DTXSID7042146	-2.878166724183619	0.5171687624813223	-0.1000080911154115	-0.7207699499248392	-0.5028583550309661	1.4345807110543394	-1.1659478693820038	2.5568461903980477	-1.0067208500278906	-1.6552799784860643	-0.06105679541176463	0.5158718749518408	-0.43839574175711765	1.4232046590361558	-0.9800144162388252	-0.9002944597704486	0.0670838009861889	-0.7250104447302894	0.27630649143015673	-0.31477634576802405	1.1629946414227867	-0.4133722095799658	-0.7299635468420879	0.668127888732952	-0.5110106818280133	-1.0807394651682602	-0.22649798821470607	-0.00037192823623917893	-0.03529438984020365	0.09362064702005925	0.268307474568336	0.051877377037083415	0.8069421412022613	-0.44095283910047534	-0.3025400501485869	0.1623675963739626	-0.7524095052066527	-0.37974291739265925	0.7082145625728631	0.06644409552409701	-0.6773226383453007	0.38118789851159524	-0.37055743800735835	0.46653528072102773	-0.6080143127622775	0.019554621946515506	-0.04200556800371828	-0.35512023774381646	-0.30805897075416067	-0.30639592388529363	0.036162380827606824	0.07833910133585265	-0.3671671422057541	0.05001871597256106	0.4386415484764164	-0.8625794051733068	0.10661146458899752	-0.08485211102825373	-0.015149640106764563	-0.31006545658490475	0.4930466297099886	0.2856355441747335	-0.19835164237221584	-0.550059979597824	-0.0017331533388645621	-0.31020257831778847	0.47468099274691955	-0.047819643784934064	1.0714834972711338	-0.47950660821745816	-0.22471818484446313	0.1259637269885166	0.2276490223448976	0.2121299138273881	-0.598113205729488	0.06052154472626982	0.6555013742877923	-0.6099205997233503	-0.1811225603341086	0.46186532233295624	0.1574243506228173	0.39444149155290364	0.42358242614169644	-0.05178091262879301	-0.10610506449235292	0.006291137549424598	-0.18608367906580395	-0.36638168506181357	-0.37931206066956197	0.7045510627574443	0.6317089813759611	0.9301727320580518	-0.36528345817555397	0.09272944026003883	0.6981122915210571	0.019523427331879346	-0.49639578201841383	-0.2664601379301528	-0.28432722730592186	0.1349703484966164
DTXSID9032113	2.731575330596795	2.415997323730372	0.14859338954152163	0.8197434167697367	-0.9224662476636181	-0.7330805398899191	3.8991071078135184	0.06860426255875589	-0.5085750801547207	-1.6038039286337082	0.3993179573440118	0.2671056198897052	0.6815669967847962	0.253503935421069	0.2605975272185524	-0.00787364886818308	0.8334324103680067	1.0187482920626192	-1.089930065198859	-1.060110115443056	-1.2909987028407073	-0.9399278514334275	-0.06252955703877174	0.039459737795051825	0.025936251676812037	0.06456634195436946	-0.34855293162343026	-1.616284317156334	0.6113200823637535	-0.850170270889776	-0.8021723683726638	0.14930641020605132	-1.342798062011115	-0.1234634850077125	0.3537419685619673	0.46927029928690556	-0.18772275961537932	0.6516234620565995	-1.1334016062802506	-0.6145014030600999	-0.27194371240465276	0.6076334067962088	-0.6161673629534777	-0.7226368948058122	-0.03108618469790566	0.11613111953387366	-0.28908564335034836	-0.9089419297115316	-0.2675475953844336	-0.5711226247610196	-0.21860078063862687	-0.05536388676707749	-0.16468565625839293	-0.4754852893505336	-0.6130441747230961	-0.4545780777669605	-0.41045973752732173	0.4872875711197231	-0.24703104787733596	0.3589093044732001	-0.06510385328446743	0.1580769088037129	-0.3319709012878486	0.11883313929844011	-0.01516117990931464	0.06699335381904582	-0.8923057247226504	-0.008355321980199153	0.6686316241031479	-0.8092814726099323	0.34151616922047606	-0.8650830666180538	1.2499807523496071	0.88198437066046	0.25651300640775976	0.21631840186262072	0.8531449547796698	0.8497714586994469	0.5625334978685088	0.4808909741881393	-0.5431529727847028	0.7071783899363228	-0.8462406960699892	-0.5022339197515622	0.6920320224123768	0.18313634731395834	-0.43557793219030244	0.18538575570607618	1.0717858643243992	0.5561732660895035	0.5329019434230579	0.2287207337972892	0.005020026261004833	0.10630732694167194	0.6396496190252354	-0.9143010717463212	0.9386588828909275	-0.16752306634506994	-0.05678767834154276	0.5588220400709505
DTXSID3047429	16.82801637604184	-5.350811554498298	2.6663373811873092	0.7887094117631616	6.167448629677634	6.139857798815481	-2.024161153991636	-3.15229854231658	-5.390484627838914	1.131252689496237	-2.468973568594028	-2.7518254286554042	-5.749551481647911	-2.232690918969114	-1.4696685317181557	4.387896903770549	0.7816159593790531	8.475758539112457	0.6598964329022099	5.655790426544944	-2.4675798549466683	1.879721959071939	3.918985927292089	0.5305986015565715	-4.311900648226103	-1.3883691197628452	1.4780918297492105	1.170663516666816	-0.5487506775439485	1.8064498892660719	0.9439869114671111	-0.11412009421964507	1.901250351936782	-1.1660513368212835	-1.948927672969771	-0.37069532868371124	-2.3074880245610236	0.17630294012548203	-0.15148777130016233	-0.750926455451134	-0.4970741341929876	-0.17994374195714097	0.9234363921631359	1.519314730761826	-0.2750441425966858	0.05072796166104946	0.5253002250518203	-0.7494020632802151	0.24882209584407813	0.3115228724946069	0.2330261931582453	-0.19729775994613624	0.6557499036351502	0.6114164095854719	0.32852311900320114	0.36495545026690074	-0.6806825022332017	-0.6729718769483924	0.658593174640482	0.7721185978453174	1.8018054499239988	0.7022699234983127	-1.0096828757371354	1.6918565714648837	0.8685820339880779	-0.4169251761162637	-1.1879060110955648	1.5813065310459151	0.6404388810270705	1.7018133585925768	1.7601203522635573	-0.3647259346348654	-0.3427838503528776	0.7501059128770647	0.2644540228896634	0.982580992135483	1.6432337767508598	-0.09374460140835933	-0.5822160749456845	-0.10850880929634309	0.3027056239184677	0.4196478884494049	-0.6948489947428138	0.03910769084442059	0.6428002033013404	0.16805503882148934	0.34640219397876904	-0.18488979825079727	-1.0991690091472859	0.14112944517142234	-0.39879385240352627	1.6058886797415177	0.450236060401526	-0.3605475728087648	0.0061071543361657064	0.15287284970775225	0.26325583136868996	-0.3975096316846547	0.20194246995019977	0.5269040624034896
DTXSID9047469	-4.336299180025334	-2.321827016089151	1.1102293504246223	-1.4005328431644946	-1.7199103615114275	-1.711680534917814	0.7023897227241827	0.5220467991763099	0.7607134725219326	0.39237073149280005	0.38797486869177517	0.059249658619725816	0.10054994129544562	0.36260608632790403	1.666452692157731	1.4280402020870568	-2.3897128052805816	0.6181563708326324	-0.46758008277123997	0.13103628857804625	-0.7187028845123957	0.2876700193354518	-2.19145782603588	-1.0881314226119105	0.059892078632495176	-0.7968877856093395	0.07292992481843545	1.0315782104717919	-0.020691260677647014	0.043409301336632504	0.22189818716053614	0.26793219158758824	0.7368181358204677	0.17773694737200912	-0.7715236192340753	-0.04486823871381144	-1.0748116885134373	-0.9524770597044832	0.07705835047581906	-0.5277932079157432	0.1223995430874938	0.030713661582780275	-0.5973847674804269	-0.37411630500873827	0.4252197572594518	0.3764458773122747	-0.01514208085278008	0.34421758654282125	0.06103712599770834	-0.3116562939094502	-0.2883180526634951	-0.3247491256015162	0.1414783711861595	-0.06731467105577923	0.488892361696067	-0.17926542467980264	-0.3400953433452192	0.6912670701099976	-0.17399578636016652	0.3781642160276524	-0.1693013049693572	0.020109354327882193	-0.5894426701469041	0.4731358434993105	-0.1743401816933824	-0.40814194101993195	0.01224296593521379	-0.011312050045251458	-0.3558448694873417	-0.39475734068248547	0.07545977824086918	0.4701918482302796	-0.1624371583316985	-0.11728389380109382	-0.7405347289496842	0.49613638907228635	-0.417582065651132	0.9067603501933448	0.1290001425704403	0.37085194647860603	-0.3992957709379994	0.575781118473237	-0.7050175093919968	-0.5689780344881213	-0.3196392053217604	-0.017654872068528258	-0.17225055238593723	-1.172150842726227	0.9151860417642267	-1.4353240119699568	-0.8290706986033624	-0.45012390174075595	-0.6883000779566787	-0.2843231952939369	1.0429128392287634	-0.20762450340055288	0.9146080826844463	-0.1957549581824392	0.4823467186419111	-0.21235747896398793
DTXSID5023293	-0.2612065228335541	0.1346393202357697	-0.12476073819966432	1.9757027917909358	3.9347097342097874	-1.7705184698070173	-0.6631812523667727	3.7778795498129534	4.61030297130096	-2.217182886140851	-1.7490360791652055	-0.6578979755578701	-0.45401347705255996	-1.1492079505238646	2.916725255506301	-0.10337530170898424	-1.6449426896907604	-0.43300087762585837	-0.8507753636233201	2.5900491887508217	-0.12253051287252234	-0.4095311388997498	0.4984608021930109	0.4030915466138916	-1.3535144867964604	1.1013307219416728	-0.20360895868391934	-1.2900882556477797	-2.2760458696859955	-1.4338375331749926	-1.2493267692691004	0.0781656970506267	-0.2957424397694373	0.45571743580652063	0.47339478672517205	-1.2902586653134112	0.4406121864751886	0.3015271548541949	-1.0854455201670412	1.3953254608127157	0.5067426954211738	1.754087372410071	0.2809412900158425	0.14262626174331577	0.3147158599837228	-0.23864327177648087	0.13388679752961682	-1.3693052313884937	-0.13989440929555724	-0.4346336751113613	0.25423421019846504	-0.6408735246366503	0.03840090482326319	-0.1765816657917561	-1.020012445743862	0.02152142101591259	-0.2194165187127727	1.4549597087893742	-0.4591183740019747	-0.4071900194503493	0.7445067595232201	0.6869466760393808	-0.6349965459148926	0.05833538346702911	0.48149736503621693	0.8310728266219617	-1.369921917599478	-0.4673193365698068	0.46920756848505496	-0.7505446985282953	1.5407652576711266	0.7431408183720044	-0.7055284564672055	-0.3260534608530163	1.4928386454811648	-2.4545905952480793	-1.8511798290395087	0.4197345965249934	1.0273083333277533	1.1999273585184287	1.204661404807204	-0.5931586288212206	1.6372812246135882	0.5543425657147025	-1.4453995163132571	3.8075667737535577	-0.5641865097183207	1.2428479369412941	-1.4260741809238553	0.29411660783940435	-1.0275233347107857	0.4630974504670219	-1.7731648769950759	0.920987459889074	0.19903069519070213	-0.3605397201533114	-0.09932977366085359	-0.46497459314936646	-0.8086092126120296	0.6574866168621738
DTXSID2024793	-2.6123655901894858	0.9470453218829773	-0.8486361396183972	-0.9937159507545983	-3.2099055025330574	1.3804313505042518	-1.5937247228703508	2.636610219039548	-1.6577233575120185	-1.590994107509969	-1.5167856068585674	1.105619042892128	0.617199067087285	2.668020404361089	-0.1748414876485846	-0.48116183857445816	-0.545850106386847	0.2117018206299346	1.6846398929238002	0.4600926996472907	0.5383776465185979	-0.6175311534974248	-3.5447347545485925	1.5495511029186368	-0.8073833959326714	-1.4193672539647058	1.6822544185281967	-0.23018343267214064	0.3039629074743351	1.1938021830944423	1.3727651748001488	-0.8314006472999255	1.8959860835408464	0.7976837071927689	0.7618882343462066	0.31250423035032066	-0.15529073593570147	-1.4089427776562242	1.318297194939443	-0.12464937333522308	-0.8985940045667099	0.3459033387108849	-0.15710906855392082	0.33211372965168034	-0.9515916664895456	-0.03479864061555208	-0.5605654055192755	-0.6518230901064747	-0.44531092724306715	-0.8986698627778269	0.11598616300380876	-0.21750392741777447	-0.9026905136931879	0.32589814882691204	1.1068661478117126	-0.9663977202989186	0.09736208439967682	-0.0918629280877648	0.7825728965811046	-0.0637636570819664	-0.21301209756541925	0.6712517956639824	-0.5518467873600791	-1.7500723544113332	-0.2573285950630303	0.7621754851183938	0.09658667819540703	0.2306685654066275	0.7386275478939314	-0.6758162407551782	0.32689127657724076	-0.7862360965011618	0.14629550151305018	0.18299619749451557	0.7891175964826664	0.27540057365209336	0.751974179452078	-0.6255918924172367	-0.47860510662040084	0.262159150450174	0.16186014017172173	0.279296591227255	0.4858411537499445	0.6527364200050663	0.3804959358214739	0.09691797157823245	-0.3410616358885936	0.45399290111989105	-0.8571289144831398	0.2791092824335112	0.6996966351049401	0.7679114168836927	-0.05596619772332236	0.4234817006940547	-0.29582272357255546	-0.16749692704660243	-0.058492163876485884	0.17992541395857292	0.18983495504822095	-0.041924751366312116
DTXSID9046817	3.0742149437233643	6.691350064794353	-2.8240913079271692	3.018602734754949	-0.6633913336497008	-0.6818849786420551	9.369771193704093	0.07918475828252522	-2.1711305116469997	-3.9055787103096034	1.7833004390746356	-1.3621673539552936	0.22793902811146427	-2.2417967000848034	-2.0476920506519254	1.1552463437371345	-1.5118067883647093	0.19958689276507985	2.2650462065152785	-2.0875499105302864	0.4201770607330283	0.4455461037022789	-0.28393304334938824	0.7937675159248752	-1.8987090560977113	1.6917850057877555	-0.2463357108955293	-0.8996693201085899	-0.6356574978651768	-0.6540494071174472	-2.459091828396179	2.73324011130611	-0.7025243714663921	0.0857354176154872	0.46557776329515105	0.32747587827724683	-1.005066558719387	0.41678809994538224	0.4692640338261498	-0.9796885041397655	-1.1137776660345284	-1.3744031082404653	0.5481460757924287	0.2577902513707441	0.01905757649926322	-0.5979489492266541	0.9558564616344968	0.7829517110103279	-0.994402505570729	0.17397345567863196	-0.8659040965289477	0.35331329993645183	-1.0192743396652209	-0.4117668320299041	-0.020895234316238267	-0.21362306107154405	-0.8449043562162306	0.7980385402488006	-0.9998723775593058	0.6769220200453466	0.14774616162681076	0.4273325760124053	-0.10659736905312608	0.8197062082013081	-0.19751402336162543	0.29014786493666905	0.7800969307163492	-1.6784689033087683	-0.26877909591064303	-0.9309875808980503	-0.5465920193804408	-2.1519503271436307	0.8541793641543339	-1.7207587447690225	0.579245221356256	0.5480028179153407	0.592829548030407	-1.4787997418356105	-0.6710094552781141	-1.1209493859773458	-1.6873488348821646	-1.4059185187257939	0.3428445937227551	1.1286665978743717	-0.6410391417532072	1.5813211754510714	1.3766067804440538	-0.29760644083415233	-2.033478088849724	-1.3211816003060408	0.33965300521446884	-0.6323535636967401	0.36287969079282867	-1.342990743417473	0.7143177213473412	-0.3883160118186768	-1.03076425956658	-1.098527076095175	0.6853995308737256	0.06294812834625998
DTXSID0020151	-3.763725530166012	0.08932775697119907	0.5250244737355024	0.6139103773564664	0.36938951392302494	-0.5394977808952466	-1.7100703844635152	-0.31280355877190746	0.5412277736691622	-1.8079013420524859	0.11348438892014123	-0.1708648418243264	-1.2132652811265592	0.7567887083835784	-0.6553828377974925	0.06980157582452085	0.5929102505410262	-0.3875193263724011	0.09181754345090894	-0.6032403952813034	0.22066036964402438	-0.22547157545299565	0.9700328980011282	0.06593538758758628	0.26500793854944643	0.18738797111870356	-0.34519646495236306	-0.18772240699036913	-0.16702171357246579	-0.23171733087334231	-0.5466783936791274	-0.19627003078867855	-0.5095579897770789	-0.3706340081522196	0.34609613955576307	-0.5660096473941298	0.07368342684426007	0.14016384069532895	0.034018942118426404	0.46546477837871375	-0.20106738103038965	0.3508636657020121	-0.01333590278192858	0.2888368630667983	-0.4810149037529475	-0.20330956574456288	0.13834327085777046	-0.4751880399252187	-0.12806962942588587	0.13509450238954132	0.13566230828960918	0.0753894596267562	0.24303197462213535	-0.2714635260229561	-0.19353181393733154	-0.43342413430158433	0.07347265912180784	-0.13583464233787268	0.017026139236727373	-0.2181185405323927	0.413389325516386	0.24314371678897828	-0.11938145725829871	0.4485137944024699	0.4238391052727855	-0.055183888023039696	0.22322790544254464	-0.5914543160319379	0.1994544946745652	-0.19116763957325178	0.18891327339095074	-0.1863995735560446	0.4146920947153789	0.3797177158456082	-1.0896506287438774	0.23244404936702762	-0.20263343857698277	0.5489105997764965	0.11972458881954695	-0.011205219655521657	0.501671626666987	-0.145792537377229	0.5402315720073477	-0.06107599023625795	-0.08119450742439942	-0.14157298232015286	-0.26481580098972796	-0.227238524005414	-0.01700143320234475	0.25882307780844904	0.5068993652911434	-0.08501046431972799	0.03501660254880364	-0.1940815484257637	-0.3218772299329344	-0.2798102338354155	0.3469938493757622	0.14301127036662767	-0.0673022095127804	0.2216351482479073
DTXSID4026975	-1.4030954975985583	-0.4040158036971036	-2.693802401855207	0.05342502069125501	3.10369009659855	1.285295777987045	-0.8083028700103225	-3.00030588146406	0.3003312237699339	0.8873554259743831	0.2530937745270707	7.5690099116050416	-1.0993889319616146	-2.452989264985886	0.5025636453619147	-1.1651480429428542	-0.037393135823761664	0.7360284767251836	0.09884871222774502	-1.3291924308789853	0.5775169007097942	-0.259938606697977	0.45440218968917656	0.09846866688142979	1.0379153805847252	0.059960709713833986	-0.05434312524086397	-0.27291590076432165	-0.14208678255622215	0.04207450124981479	0.13676285442517128	-0.03245957190934812	0.4509959626156246	0.3695416510942661	0.5539672705235403	-0.5962452165985356	0.2620761032876271	0.3875694158143071	-0.07431821216992755	-0.04731408499949196	0.14081064807448326	0.12391739625414022	0.09338906926805955	-0.19035776437350513	-0.5606139055266999	-0.06395791125360249	0.11289287027960336	-0.5396588892752228	-0.004856586139942706	-0.023598495957886805	-0.02000680211845953	-0.1348286383072252	-0.0588407511734418	-0.15821970433828916	-0.11619012779990656	-0.1798775254114037	-0.10109325499746966	-0.16078832135982746	-0.01663025722905817	-0.33105264560258085	0.2787143854221077	0.22620566090407468	-0.19767796217381234	0.31668829116936736	0.20827962741505793	0.23118614720307482	0.12691440141485805	0.09554448781336884	-0.5035035156739817	-0.5784516114214764	0.33917662333382453	-0.3591376540970112	-0.4548439292429765	-0.1788984089185937	0.18496511649517586	-0.37910429874042684	0.1227437633412265	0.71520010515481	0.1947638872006463	0.0850313170529827	-0.8236292704545266	0.11359670600820841	0.6898258517337953	0.7626473608792903	0.03775684295488279	-0.2587810035225806	0.6310457799528447	-0.3477166339255654	1.4299219627476674	2.1718688598849734	-0.5174385271894855	-0.10495671007452997	0.5964222221299215	-0.10492043096162709	-0.192075509647757	-0.015196312257141416	0.26579158703528644	0.6428654959576333	-0.3229598827391565	-0.5293363512393147
DTXSID5047324	7.737244841559492	6.83112745270257	-5.274951948092345	2.683194937567167	-2.1261811518192166	-2.4838167136243503	4.495228105150806	-3.0363565544134814	-2.018460175227525	-4.415633725475412	-0.6797512369523153	0.19841210488738498	1.267693421894835	1.8621078227685244	-0.7753186712339907	0.8664918920350227	0.0010682739839038922	0.8761486357664106	0.8216058775616468	1.1700624593362494	-2.4491638956382618	-1.2295512349050055	-3.9029059063025	1.8181994562895294	-2.7559357045887958	-0.12892424046727008	0.2862232946102571	0.9532573294471691	0.9558923043213524	0.03846433158811886	0.9571292553709347	-0.7329178418291136	-0.42475887758854364	-0.32171623846606406	0.8476952805680538	-0.5743845465095185	1.508502406933432	0.4247707813544157	0.7794837119527732	-1.9741242297551251	-0.6840828609296524	-0.05239466954695431	-0.8996566564566937	-0.5819505330851178	0.6146831466962062	0.7742620002887024	0.2908213302216123	0.2918788385616723	-0.5009702449033447	0.07699900844673689	-0.5032539284263866	0.24942431550477076	-1.1855634936874944	0.006781307117488421	-0.30460136359003454	1.3499694023503725	-0.5485416485632756	0.7017436380822338	-0.9219507978969526	2.194448875797211	-1.3554415810456606	0.2367962339198057	0.7939782349510953	0.0013250895811753962	-1.2081238472363391	-0.21686808049081782	-0.32327934536323133	-1.8366118530384599	-2.089649057816319	0.5822128461179207	0.8399869944574454	-2.3144127359107514	-0.6331162790166985	-1.1440354473724486	1.57859757877669	0.04986577570025259	-1.035633861321489	0.975192282347176	0.36176799051924036	-1.3571837959810056	-1.6608203720725327	0.948501285138131	-1.5061298009513884	0.810520729059994	0.358628991996223	0.9267908236258162	0.2647342727481589	-0.7775726854893495	-0.9572933759077336	-1.345328851687606	0.9099511561290281	0.23751685886341506	0.8629911915803036	-0.3187555301840783	0.2714526108010997	-1.2876383738719757	-1.569965560405277	-0.18473793136378866	-2.05985691190311	-0.9161230557689996
DTXSID7027259	-4.62696469667105	0.8914737869006245	-0.7801072550607632	1.4875495062825828	-1.0371113668614462	0.7285433461834288	-0.5015999969313122	-1.4236450062211177	-0.6025208405563127	0.1606348430642781	0.29780812425668857	2.69291178101786	1.9294911335327358	1.6763779345469445	1.3880450942081224	6.8606758946056345	6.551165471198634	-4.499971529675878	1.8478123195356717	4.16454207617772	-1.4763111239529243	-2.2083915502051936	-3.5066346306957987	-0.44346804249618516	-0.8852444462262509	1.3965182580133493	-2.3820167645518437	-0.9385029841880652	-1.9942844200432892	0.8391528176967578	1.6411080584398914	0.6587612088381888	0.20060645233674435	-0.5732436720091788	0.24548777108809672	-0.9356500402649269	-1.1730957901697365	1.7205942345709426	-0.45884975056697874	0.9256588077061146	1.5712763679341473	-0.6582987113517579	-1.3813408835354588	0.4017392320150002	1.114564007025104	-2.2934057818192284	-0.9480353322287193	-0.09696885252795968	0.2257087088214598	-0.7754787676314638	0.12424213390892778	-0.7644455960523574	-1.1398668981159297	0.02399498358589966	-1.5188773989593307	0.921426124260732	0.3232399053906731	0.6987867686844351	2.1234568157238316	-0.20116968197417928	0.30669154056872444	-1.6193127048863332	-1.665148431104457	1.4487222429571043	-0.4848586968864229	-1.9517882238307194	-0.1299825029370954	1.5759863926198534	-0.2882962256889218	0.6367827706423073	-1.5241049696817717	-0.893654736605184	-1.7557317267545451	-1.448460307623731	-0.36548190108256606	-0.25166225596445835	1.348287474114562	-0.6680347597380542	-0.3438351704399442	0.24841792714473349	0.20791162827497278	-0.46886070207390085	0.04585200425424615	0.41660319425412456	0.5744991212658801	0.22189050470918378	0.18001924628631122	0.27325298417470784	0.3295257422989117	0.17730496255705783	0.14449157276624888	-0.09253057253264035	-0.12324075269040853	-0.58348219138144	0.4438289948869857	0.14246494094085738	-0.6283555346834224	-0.2882677488964448	0.3925871446818266	0.16011100489479219
DTXSID7023225	2.8289620377886475	3.8659660737091706	-2.186089125906191	2.516379037078833	0.7887356657432119	1.3438730845042044	-0.4407876133115484	4.829612990304294	1.0494408332252116	-0.42189481568809317	-0.11964220012860373	0.8733031991892024	-0.07280495183748506	1.4319957621544774	1.3243001541000656	0.16041028222026835	1.9763461640434374	-0.4571697749957107	-4.460967346905284	-3.199289324608623	1.7244253747988596	6.977481524772825	1.2842569513421769	3.103142936758698	-3.7036357298805362	0.18308473864652994	-0.43364797547669615	-3.3128881188781762	0.48027105398711883	-1.7434952638017305	2.839833341840539	0.054862173560892354	0.3862099583772048	-0.7126803671872496	0.44507966374336305	-1.293683196450262	-4.64086637160882	3.985463549130207	-3.5482209486823293	8.61331537078339	0.32150585309867924	5.620827432592622	1.9624705934973639	-1.1854677917507777	4.6786224070054425	2.441000054065941	4.8354445160896065	-0.013307286946194308	0.6832024577529421	-2.890592011259696	-0.3160482957440296	-1.9272342380572116	-10.247626426054582	6.600910265730367	8.345515031167643	3.9667432351375638	-0.3982590624982912	-6.409845803100352	4.235184218364684	1.0901449086618382	-4.374170623110317	6.035821062371661	5.326482032975265	1.1293406275085187	-3.7997364415567305	-0.817607337178186	0.7327678625740136	3.3136831650420784	-1.6603011793901392	-0.1684912295279019	-2.24294650250741	-2.2971002825922016	1.8605558247560707	0.33769435955721744	-1.414971344891566	1.3892809750962067	-1.240067740571522	-0.347453109287178	0.42851101919220774	-0.6956849576856964	-1.0609730474377723	-0.3951032840820782	-0.3813967801833727	-0.36303572941052825	-0.9230716134611566	-1.0631140278719922	-0.1875200611546342	-0.02525537037402255	0.9775470016458538	0.4547351583623427	-0.0618094704340078	0.3371776792579575	-0.04421010748092728	-0.7139698830665501	-0.29613769405780516	1.373204568266385	0.7062163158270195	-1.0296794287473192	-0.5627183451184418	-0.8350129873500248
DTXSID7024457	-0.33630970613293654	5.356117182243293	-2.791764300580678	2.5034047446870584	-2.137828424330494	-0.05934132207280798	0.944840288024445	-0.23384370957239622	0.3562171032433389	1.9351307910164777	1.7795848719850327	-1.7552651047556362	-1.7835033666279991	0.07738368937519803	-1.199991699895937	-0.440661052719008	-1.773183602284314	-0.355721822970933	0.3509822472865666	1.056323286370021	-1.8818931515796513	0.6033664564883404	-0.12883679204523057	-0.37762842321803936	0.4123544766494205	0.4448044553885831	-0.7913252992499199	1.8469642408163216	0.44056498654284065	-0.6073935769166858	-0.4455009099434485	-1.1989386971785179	-1.4703175403003177	-0.10984221593674617	0.6317791135499523	0.2109674011018686	0.4468390446973256	1.1019722113706572	-0.3676269271354038	0.24553308212903946	-0.6108867513803883	-0.7159564192823326	1.2534053819412023	0.7856412693411369	0.6285514021890014	-0.6952059627503404	0.11945460282304199	-0.869381951604751	1.003142137398144	0.3754331165275009	0.5702918554688663	-0.05323312905160415	0.5311830907556522	-0.5405466787152962	-1.2345305329861804	-0.20111814091841476	0.07247419643300552	-0.5651367818667619	1.666167350273298	-0.27676110855348535	-0.9505165258477526	-0.6338650194598265	1.29707193042637	-1.0175862241360922	0.032597841068649006	0.8539434065751607	0.6210543230189169	-0.9370639809791136	1.4753353674589866	1.6648150924959544	-0.37169974339834166	0.29841298249926435	0.31115158963910183	-1.6433229638890354	0.3902740770060165	-1.1845377850217944	0.2653319479384273	-0.5399014623662627	0.5949382260587048	-1.2788473691604743	-1.2565110814629137	-0.09626137380688109	-0.8793684253734824	0.5082254591554886	-0.9983193130958984	-0.3154857875881437	-0.4586790011845348	-0.4952102798021432	0.12669566969280568	-0.2882721603794161	0.008146394998989793	0.9565643965191281	-0.2738129807076034	0.4924193187493977	0.6222189083584747	0.5041280784163437	0.014695241956015409	0.03465917720256653	-0.12023505387068585	-0.3304542814721855
DTXSID3029607	3.1390491336416964	-1.868087022225903	-0.15448111278476484	-3.621876110539802	0.45847629020644903	-3.3148543680122082	-2.1947780872586584	1.5095357442638768	-1.161021285903869	-2.4915875734416844	-1.1395042467613543	0.5849734153072271	-2.2208467627008353	3.9974366557684733	-0.9562922720759052	0.3133573912465506	-0.4418352910372504	-0.29784953054873037	0.7936331029781176	-0.41670629565124134	0.7576775686702409	0.026698546224072882	-1.8049568927738173	-0.6351544753624797	0.753648393520002	-0.5099712614876422	-1.2973030879959688	0.4770687931795203	-0.025964841658385755	-0.933123524222018	-0.4095581824572809	1.427348584599502	0.10157053553072791	0.1455920200444808	-0.41752958154955566	0.20024405349070093	0.17350667947647966	0.033854466423006616	-0.1757792737891864	-0.3621682280046887	-0.24745252761129366	-1.0027874595453174	0.30071995865508977	0.07925571605682573	-0.48708455707951653	0.07637675336519209	-0.17102509601720897	0.4826098720780125	0.21828089404990783	0.4920951890463783	-0.2984234999457338	-0.09243477030661154	0.2571074800283875	-0.5325728447695686	0.25656414683870754	0.5646071114792586	-0.7692828012458599	-0.09624645795377948	-0.10392264262913614	-0.09198594911279702	-0.5240887726651581	0.44677638085957616	1.3557834605325672	1.3127926153604803	-0.5133053676762092	-2.304891094734022	0.9696853947590567	-0.8675168460917934	-0.09396021098288157	0.7032238650385367	-0.03521660922675039	0.4687775994835134	-0.31605627907092215	0.13817665340102778	-1.0186078528660372	1.0954776307822727	-0.6177104341194729	0.6772240016210155	-0.11941900831288174	0.040234688284126144	0.5603078754429668	0.2828924110514152	0.7532411561019963	0.5666583375456358	0.2410372108949408	-0.39102574957961034	-1.2033033459242943	-0.6111387519445822	0.1182302398141638	0.5230579515651899	-0.5400360315485848	0.373264203830065	-0.42486153282600675	0.42012524016499275	-0.4226370252239008	0.2818712604812856	0.07096223319408558	0.2907117175560704	0.6604309017903226	-0.1369884155595734
DTXSID8021515	-6.248281513026952	-3.6002810953870306	0.09466464384613583	-0.09136201854787426	1.1900743182107558	-0.410754306837545	-1.4666910345950739	-0.3804867439778424	-1.3089097990228582	-0.3799420632716497	2.311497637272484	-0.9511381939134619	1.5100797253141753	-0.05185530753035718	1.5976682153059065	-0.9454890474505954	0.8158476705500483	0.5973248722260157	0.1696993950265946	-0.3257457999336261	0.20941804482901014	-0.12041088733807852	0.777635454062063	-0.02804636703847402	0.4751311866222681	0.4364359383176155	0.051189902046754776	-0.2722885600476175	-0.2289191252351398	0.2881073433311974	0.2453538808038973	0.1764888591646597	0.13208777640335956	-0.06157471853443058	0.20662342486215066	-0.5452126026251536	0.6904521268460796	0.005908896544598512	0.42111016715758154	0.6476576838529887	-0.49556929645666437	0.13178735887376025	-0.8190331729617175	0.0592836339153311	-0.2807621194269188	-0.030028052110899227	0.4302982239252069	-0.4608278272449872	0.09428638969800053	0.08130050830805433	0.13062438594934433	-0.055293525123764786	0.05684204753347241	-0.18589873928782913	0.20399994470195598	-0.44094459738232783	0.37025952149504254	-0.6715328582853873	-0.17065087749725086	0.28613093128297207	0.15212070626849716	-0.37191575330164844	0.21242357225518949	0.1151091827649984	-0.07196309991586675	0.23689565553027334	-0.28392742645973007	-0.4809528558919068	-0.24057706933237533	0.40072480556628487	0.4395987359875157	0.13285951689664455	0.03429777246511786	-0.1699413688069655	-0.3145077901815085	0.14973785540311124	-0.21324956736339987	0.010081340829349451	0.03822811718167391	-0.6044304140107026	0.07755855797975673	-0.43925611392532815	-0.32908378890159495	-0.29786020920695694	0.27728386075643124	-0.08924972877469925	0.02187016626769082	-0.002924627627753829	-0.3514557463874612	0.24916267104273074	-0.04922886929181324	0.1006553130479315	-0.18652563248056117	-0.02248790335562807	0.03179346414551059	-0.13179676797008416	-0.0016477787039935513	-0.09030239955643653	-0.20216465111257934	0.12808686149697557
DTXSID8020917	-0.7766023520216113	3.621567211717565	-0.9338871760834492	0.8355039211204298	-2.0140305130579796	0.7091286446047297	-0.020306893590462245	1.3603321618470816	0.23173205139532102	3.0214188701899136	0.9671119573096331	-1.0227588320400198	-0.7250620182806274	-0.3028577794716847	0.13162040616564308	0.2420181269929514	-1.132280393575171	-0.4467244402038791	-0.07126303500293031	-0.7022638692342887	0.018968948014047835	0.06225951481081574	1.2158267155557136	-0.09987736121059274	-0.1775344688528903	1.1103559259468725	0.6903690260198818	1.7300200271157937	-0.03930830081029797	-0.6479762501098114	-0.5776020058047066	0.430159086112243	1.2216863009122225	-0.2635535652200097	0.0605291199100982	0.34412419933707444	-0.14664187944766569	0.11538633786905288	0.33512006313450576	-0.14635017477958512	1.0110284042585087	0.06977064847840435	-0.029342728079261304	0.6790704563295855	-0.8983664796118781	0.6284323900106917	0.44292045673486513	0.02895497732568896	0.3401949511204789	-0.15386147875307782	0.20861611209059025	0.48620794754736046	0.4922053800490347	0.4715774940004249	0.1980767341858442	-0.575755462163701	0.4913280699674263	0.4447811984735966	-0.47912916749319373	-0.6504642065856066	-0.278861161497451	0.3867246397586785	-0.29099037619934753	0.019841757045585336	-0.45671623600178474	-0.3515620415301192	0.41729318512247154	0.5853186149361246	0.23599842955919012	0.8540450465492407	-0.47396005134798913	-0.16357884260159983	-0.013667058523971761	-1.1423202242763781	-0.750222446696489	1.9411358449410037	0.5581369416534196	0.6039818097892803	1.1846611036707138	-0.9246795187737745	0.0017541188236855016	-0.45950390673446134	0.1054881658222201	0.5604901506461288	-1.302369046894037	-0.4778014707104509	0.22284565688475258	0.49576228152573415	-0.8364555918388872	-0.15180157324253174	1.3805792260018939	0.21371078154489587	0.18915530708093367	0.372450349878766	0.3762563898299895	0.13952198396099402	-0.25626527901011126	0.6962763396507188	0.21230378759259114	-1.3029869691988631
DTXSID6047076	-3.860396433051006	-2.8928063625547464	-3.5325730883408775	-5.022588360174303	-0.4085495570214847	2.3790191661667515	-0.6364251820898107	-2.0420534866650293	2.4565997083497026	2.427387187676236	0.07564085584960457	-1.6943382302974488	-0.4462402906340876	-1.6705112773141966	0.6941462136010339	1.0415261533575202	-2.7637646481711413	-0.7679528877721463	0.01227529600394265	3.844964880495386	2.722146928260694	-0.33012258374220543	-1.2441298591102967	2.392429147632378	-0.9663246189165939	-1.1511381728960248	-1.449854920305079	0.5405196183449119	-1.1158340005005334	-1.0023231990807244	-0.36042231980366346	0.3017094174996772	0.22332620993546975	1.498121692653305	0.7112687946393615	-0.8561534092767669	0.5241089388325273	-0.2776079985031973	-1.402301245587309	0.22465117092074519	-0.9477237553791931	-0.9157513668868086	1.3534459159250225	-1.4205791101385434	0.5490105272563665	0.07351648615090521	-1.4046157578012233	0.09217698264434107	0.1679663408066905	0.3257910495395851	-0.3303969145355918	-0.12091744116617127	0.12036752752965235	-0.7835842184813108	-1.9035973704293558	1.5859471012774073	0.3741662877792362	-1.1548527529005557	-0.34115574907184676	-0.44307026609087535	-0.7114220571135098	-2.226499605640988	3.0445944803974023	-0.3051165936647542	0.069064224028239	0.9945459816263851	-1.3016015979963547	-1.1385528422753022	-0.4650398833465724	0.0963332598838417	-1.1124956137838844	-2.5822593940846112	1.3440132230561572	4.875182738917829	-0.8434062562720854	0.3145859497803907	0.054329003014912114	-1.7145703656217335	-1.2442309994083884	-1.797682724104204	-1.8895010705772868	-1.2510509574833333	1.23318753958614	-2.6782659870854877	0.8085441181502742	-2.8131913464164953	1.3069516169410118	2.6227141024759515	0.17549652848661818	2.5425059581942775	4.418508654431853	0.311507652074102	0.3090160955206433	0.09551850533580782	0.8964713388764681	-2.0974903577954715	-1.142491638686666	0.5987125179307651	0.9049162330910338	-1.8063298488356703
DTXSID9048851	-0.5080337889714823	0.8410485627186798	-1.2723979808066914	1.0746608944682454	3.475649363984626	-2.811591429554724	-0.7135964352248344	3.076683416055377	1.8109463454099999	-1.0977328265631547	-0.8872264245259642	-0.6363217767220386	-0.2566636575135978	0.8093766616058586	1.5602434942619061	1.3837620567381035	-1.180063709255081	0.5893951614697992	-1.443239931976352	-0.5396177442784742	-0.29376078766409214	-0.3009184372935759	-0.11170609960685987	0.38005729754659273	-0.9974933422416694	0.7470179438334544	0.7518734554910503	-0.22880785337016166	-0.6413865017342443	-1.0601970338588027	-1.1802648298934841	-0.0878078312603923	-0.14985376747336535	0.3225865730848859	0.6269750122504583	-1.154577935352387	-1.8871244119268553	-0.16554651491195332	-0.28081692599588526	1.8540794415426154	0.674817295974287	1.585343314614655	-0.02362284607739218	0.19196918756758205	0.20926454774949446	0.35302237932743796	-0.39409946916310995	-0.4541563562657189	0.3845912150457774	0.23271593096333631	0.1559499200087424	-0.34805212751122355	0.3862489902362605	0.29552814841564157	-0.39224683044247827	0.4068637697309329	0.10915648093222677	1.9738608733313299	-0.8807666514414472	-0.3417160631336065	0.29774972212028444	-0.43074932552641254	-0.7527593051038312	0.32264908153684024	0.4440410723463448	-0.00536834103605842	-1.120606696125274	-0.7745934590954399	0.7197851357878259	-0.027995763987282787	1.2360207692164504	1.3208356701946875	-1.420361582901234	0.47627661597116855	0.9846769340129665	-1.1143530233348922	-0.44640431116252316	0.1006826143504895	-0.36194179519603176	-0.40288992112519767	1.1837053997251517	-0.23432468506483622	0.4551945621334836	0.8715467645638958	-0.7009595918820078	0.8592629176007387	0.2531129395565609	0.3182665678683142	0.01505945091497864	-0.6093887577334335	0.8520517833870971	-0.4186885842075121	0.5709772116852456	-0.02486738638582089	0.3172086119484511	0.3077613200715017	0.06661360975749152	0.3982289562511115	-0.20568292036693414	-0.6765680548214471
DTXSID2020058	-1.3913107768369992	0.03307262479433897	-5.285746143096771	2.815391955098706	1.2245057439059568	-0.561173634464743	3.564446541159325	-2.4215708765183988	-1.5296710365058	0.49565299137554564	0.605761689046781	2.025801683670922	-0.4917896699733016	0.4107203426989842	-1.1818719247927858	-1.6702464372956147	-0.6510259581131222	-1.028390325336269	0.37901015366250795	1.3090252629507382	-2.2611749014365796	-0.3411664936576785	0.35165231227768373	-0.4387178419916224	-0.16466974983126412	-0.7911678074807306	-0.4593165149744445	1.5056478466793453	0.5999640868907322	-0.305298871013341	1.1216927686301443	-0.21841251352996946	-0.8555587500018976	3.28597309428289	-0.4640825270848403	1.494754199317429	1.6247579953935565	0.013095491611450218	2.6986424541101455	-0.11366873169959464	0.20263294612192118	1.9299467078479422	2.415104477323592	-1.7368824687405218	2.9307100025345965	0.7595923217546262	-0.27736040003025586	-0.3872295252724267	-0.9634899128689671	-1.6719134559565632	-0.4269673191662198	-1.3808237090924391	1.009432084173441	0.33075982807118814	-0.27922464435783745	1.7878129564371859	1.0345213304880316	-0.9706900451438907	0.22750449869060052	-0.365734959073767	1.1505544005359907	-0.5634910080794215	-2.837766776407669	-0.2706303838465201	-2.9813001114235878	-1.4451302079360075	-1.949381126873448	-0.890561193780912	0.845659538872162	0.24428670160304997	1.1871121183092022	-0.18148733536338701	1.3219689444519152	-0.6740612817986673	-0.9599977497203367	0.26431670378410704	-0.2255854249264002	1.619507346393426	1.0409459338399982	0.287129766395053	0.3076672638057558	0.31541705036498074	-0.4640832123312374	-0.5352077377216975	0.058923068012037595	-0.34864392246876974	-0.3500622663473581	0.7275714079532594	-0.5499887349906801	-0.32821883521003686	0.25870668302790095	-0.18223037316500157	0.7166381065093496	-0.2642709430330306	-0.6884351121389313	-0.027476224133632623	-0.30416758947653166	0.46727669055232585	-0.9474274163385915	-0.41407047220614857
DTXSID4046862	14.400592939387737	-2.111482105029564	2.1199668893496018	2.338153822676275	0.6123015217917915	-0.9224412672862423	1.9620373620257243	0.9700462037939155	-1.1173861586736593	-3.0529836812245703	-0.28878938762778517	1.1148440611417496	-1.543637626468001	1.8162774996549387	-0.9026562070794979	-1.3403458828085617	0.5483529976720931	-1.4378336072886602	0.33922789691894617	0.01401674519959812	-1.0317179156627445	-0.3009645244113251	2.046466055884208	-1.8640821030580423	1.5169117965977887	2.2084771609994287	-0.9817544480735854	2.0334754239794717	0.03562318922176588	-0.4642411250337822	-2.25725339861663	-0.40224517563240475	0.5236520110107495	1.3664562629015151	-0.5681685249663458	2.363081230457934	1.2318434590686465	4.401289782380588	-1.6448109121165984	-1.7424630965535082	-1.366028720295487	-1.5507579810061132	-0.9654449788192392	-2.9231632483456256	0.6462376378050925	0.5913658588013785	-0.3217168531907905	-0.5929160607579962	-0.6065527782729517	0.2924467984941287	0.12511144597459453	0.9416631275237485	-0.23265687513056582	-0.4257086835424987	1.96239546642333	0.07401246092660406	3.6896262104512445	2.0873993961259827	1.6121509928237585	0.6838738397151152	-0.21502938665808916	-0.18464629389195986	1.1380110543467228	0.9379651652106807	-0.11452555693632131	0.7826752423359669	-0.7139291460383752	2.9947677404025863	-1.1416577425736214	-1.5912023054093156	-1.4942401264821652	1.2304608096497691	-1.2685736907054868	3.1044916135767924	2.576897489966552	-1.7271008533161771	2.2137105066457194	-1.4762386641212846	0.5208597205470855	-1.985861864650387	-0.9712345458078547	-1.0441334048312512	-1.5345374640090843	-0.14028477676710205	0.21647718992781104	0.42209967492041917	-0.867054719550802	-1.1430498258463868	-1.5944776967597443	-0.18797640144804018	-0.4293169110756742	0.14992228458405765	1.7132378792160396	0.20778439027794227	-0.9698907234475378	-1.2814836560270317	-0.2669454762112373	-0.49431467837619336	-1.1387022521445656	-0.24349119244190098
DTXSID9048190	5.666581242883695	-0.7199146173158748	8.277248456508946	2.2715893846242317	1.3055552207539949	0.9674278719126691	0.809994376785371	-0.9346195800620904	-0.8482130771010912	0.9488646022517548	-0.6278742936744788	-0.047099499067612335	-0.4055966698841842	1.1142896896097607	0.5510986756229067	-0.8040286572163324	0.7283960186381954	-0.17694655869115158	1.570594512215881	-1.1605300032451622	-0.02478901612429068	-0.32097384189618544	-0.6074873225499191	0.7773235632613095	-0.5649292035423398	-1.564786834395383	-0.5527259841275179	0.5661562540867762	-0.025360147266802805	0.02099889814413327	-0.16528406759781963	0.28746910124928793	1.5827629265223697	0.25560036136618625	-1.614258118262533	0.07734740387816183	-0.4201531357701711	-1.5253693436700175	0.005596502274746337	-0.09642437127366035	-0.26870398912927174	0.21421063334202237	-0.3556015126661257	0.9680889879174828	-0.6400929108810406	-0.8144692860835379	-0.547625704796657	-1.0363759196585551	0.03750800331082977	-0.416797014109219	-0.06214744840798433	-0.8299777307276284	-0.43176849643803283	0.046946857997128784	0.1425576002517896	0.15846447687460596	-0.2776740721122677	0.14016937577592095	0.22406467691955745	-0.016780400725318355	-0.5123577636040596	1.0030464875538572	0.27604501717276875	-0.5185694735631042	-0.9078430606567016	-0.8865179412960488	0.562234176024423	-1.0792124890778012	1.0283086046461918	-1.1373081829911347	-0.8906079214156917	-0.28981719831095937	-0.35262213973892603	0.36329295574035547	0.46527364204726823	-1.1869704683224893	0.8471545765045285	-0.16848631866099145	0.1899406611069364	-0.2288018236276715	0.5926807930592398	-0.13802321319859528	-0.603867277126531	-0.09751064419764503	-0.06558437602606894	0.19155301826857768	-0.4426809161839438	0.21103589202917333	0.056377652768041	-0.04234865394390064	0.4079830749178509	0.4764373117250398	0.5640281001552714	0.2563127304350746	-0.33998421547191576	-0.1365891474553437	0.27349118220573015	0.5231582148852462	0.10452413850322466	-0.5699606025113011
DTXSID1021089	2.159188440673584	1.2018562569747155	-2.93999454289503	2.659279666917684	0.9523494644831135	-0.7148130102626202	0.6509825925302	-0.8289066046375413	-2.9456393271410515	-3.552317751132647	1.2619795781095247	-1.2851787328344957	1.3508934211940191	1.3318132179960551	1.5267761212964637	-2.1307376377593186	0.7031330470677358	0.5583568566197157	-0.2956337636848356	1.8149189021418841	-0.47191278242788126	-0.5248158285435787	-1.7657749035148345	1.0275896230499988	1.1591403947818606	-1.3870940472820628	0.5546937970531363	-0.35531635758101554	0.7154989777545013	-0.010031283981116239	1.4603235119888673	-1.4216752153555121	0.2863854740676253	-0.44394895618742664	0.5000536603526311	0.264312880892187	0.6903602983536643	0.6715886957969754	-0.8179995915272773	-0.13770992156408926	1.1374749810159284	0.24997243136034894	1.4294263080303151	0.3299752416050982	-0.9821360714285821	0.6013399625351123	-0.5973190704525405	0.7359861969937302	0.47749112924605985	0.3810046497615479	0.715875763326132	0.5078981887932983	0.1119369700428806	0.566984718791769	-0.09654587257812171	0.3686691829078405	-0.09656236542905904	0.8089617848870321	1.1389322155459525	-0.1659534250358805	-0.023396110245965343	1.9689577551441166	-0.19862133977710095	-1.524353940182266	-0.05351355821814349	0.5259192453009688	-0.4663511568326066	-0.12387344406154312	-0.9116751562129866	2.3235328067960888	0.48710098583617684	0.1896733770501878	-1.145582834808378	0.7857745705110583	1.4994803894730446	0.550332944273818	-1.8561251318583123	1.318724451873586	0.0935644992874184	-0.8135243659536919	1.5780882859900311	0.035451176983988524	0.27757730654326174	0.5626751468603949	-0.8036040718038404	-0.2633780402621685	0.5342950396417258	0.8788234340179198	0.8035564959850616	-0.695548912206214	0.7957523323718472	-0.29317355373629667	-0.5251687343904979	0.028468479751692283	-0.7490500196021069	1.6746109628326205	-0.5127301202695854	0.5958896460540887	0.6446488099438238	0.08581573231941717
DTXSID1033664	6.872011255298579	-2.318654693646936	9.093598130132307	4.507698396796917	1.4239905818097864	3.271700025275608	1.1002657294384965	-1.7117371551379121	-0.30308659496323587	2.6138584322245837	-0.07753410145052793	-0.7864810900740298	0.08191165218240332	-0.862150125624056	0.9283710124513628	-0.22271261133315798	-0.20635424663956314	0.5325590757385728	0.6024046242073635	-0.3615472725584915	-0.11319872464179714	0.2569224414866037	-1.5149810692453483	0.33077242352726677	0.04731865073141047	-0.3236749701576369	-0.6825551077570798	0.7066113436409783	0.2656475043619217	-0.4039554543718072	-0.1407014050834931	-0.40603830008718167	-0.5377550447417447	-0.39932338924734523	-0.03182025758109106	0.3439977750074597	-0.47075867171273733	0.20576838162337224	0.6131043255615127	0.43357860591963215	-0.22919501195842656	0.13633017315319063	0.12918622100375798	0.011623670744063695	0.24472910588690192	-0.004925193018850936	-0.3684756055276395	0.14251594928263153	0.4585865483263128	0.05591599132201041	0.013193955579736865	0.06788406576603308	-0.07874348440723711	-0.11495368361797191	-0.15764542506633042	-0.38026996076404107	-0.2561554481694118	-0.2699021422393881	0.4999348994066074	0.29547767868791636	-0.31449095486212086	-0.23813331226755693	0.029751167599045284	-1.218464458146632	0.34399915776234713	-0.13816761113497053	0.31863277820277	-0.4382998276890898	-0.1682192866571227	-1.262379592575809	0.18212421897254322	-0.36838567733007666	-0.843166293084313	0.2466121310056157	-0.5318894008507195	-0.4126270572362608	0.8196935892694271	0.2852297181792301	0.12709970313678612	0.0914138812724426	0.2615344745593048	-0.622211964912087	-0.17243564071403064	-0.4061858690837174	-0.3705648996905839	0.47127404396984124	0.6121662718955101	0.29951223973623525	0.3074126973034609	-0.31622915699107973	0.11224344331247466	-0.7826145667408368	-0.24018091462531743	0.01350172582567816	0.38212545717828217	0.22529966533802076	-0.3527169914160992	-0.12448578751610925	0.2481411857098415	-0.02365724844707915
DTXSID2051716	-6.321408347283908	-0.953725393625153	-1.7817142924156708	2.4603826540219407	1.0365045482022521	-0.5811858213958824	2.9633157926535016	-1.1253967769564541	-0.8209944915989861	-2.0515372310403706	0.814047351697043	-1.1560433814907798	0.3538525095214169	-1.3497652070361943	-1.6666471563722	1.5186477540428873	-1.691695170452923	0.45982298043263975	2.011525079040764	-0.7812499224648994	1.9231741474119954	0.5157184602946856	0.6148086183173298	0.4975848847052599	0.04530110718488139	-0.29577814878388814	-0.2299524706323545	-1.0465777864523214	-0.13050590285661254	-0.19460297851498357	1.2587476709741492	-0.7576399275460455	-0.07876360057328774	0.02477932726437387	-0.486097615087924	-0.07683549461938483	-0.12182723256411121	-0.6676797396368496	-1.2668375838604595	1.0504945872340523	1.7214636845473992	-0.3917387530431946	1.115123784606845	1.6110229331091472	-0.911553526029728	-0.7674957340070492	-0.09992531568371384	0.14356639797728618	0.33659843014262436	0.6947920881983397	0.06071837381010565	-0.8151100034976179	-0.08166911213711715	-0.2717792158314057	-0.44030324636559237	-0.4711504766871943	1.200852729264721	-0.5848657330319422	0.01917553294632751	-1.1662657619146708	-0.36125821535319175	-0.3591896380277853	0.5270163789730888	-0.3817650088048763	-0.2676372678644043	0.14947207884993619	-0.4090843253902389	1.1218825989811703	-0.2104031190246864	-0.06393097558739962	-0.4197982431171028	1.17199987075439	-0.565613865588134	0.8914980534538824	0.07493241988390056	-0.022107718301721653	-0.3966559242826073	-0.9600976268768989	-0.5030290267654859	-0.5389562789602139	0.7483886791045052	-0.21152726200576277	0.3924763918456191	0.4687483718400081	-0.07447378245334257	0.2589798472149492	-0.0983696867610151	0.13272799611428607	-0.3631734708683525	-0.5985664816728735	-0.7970919567685776	-0.6680584716137086	-0.3861089574811153	0.21795346932197918	-0.20648956561130977	0.1781106017456247	0.023781490298633974	0.31631091701963354	-0.021315848096455176	0.14078046708407432
DTXSID0048927	9.712137482801388	3.2326336542409146	-2.135861999317418	0.7131543074554871	1.469960866489668	-4.517937555212893	8.293766529869567	2.1893544890597965	0.29304587949632893	-2.5150331817041893	-0.9714012339590447	0.249156440411419	-1.3174086697280152	2.1424089879775927	5.65697030810334	0.7062162555077024	-5.347278157627396	-0.007095527237073281	-0.011313776573083014	3.5829392169811713	-0.8078090739803612	-0.7790438077172442	0.06095556548861833	-0.16812195129080643	-0.727116329528806	0.4009194885342003	-1.745096561060974	-1.8524583547667755	0.20660027826214855	-0.05097750577048163	0.2162660537025408	-2.76474960236307	-2.8707140091280747	-3.2609209287965606	2.4208057294395147	-0.2334457148112139	2.270460040504246	-3.139654900099457	-4.631507243407875	-2.0794518095540506	1.6681181232759534	5.098679903304627	-7.601014743609257	-2.185905617507743	3.0790222074771285	-0.18909819130705968	-8.733568478796618	-13.152933862838662	0.7229682243125616	-6.228979221139393	-8.586802955026403	14.929256858711089	11.01743193950007	1.977760833973959	7.157030534873555	3.616055080038912	-6.69387533820564	-7.269165152556763	0.3172997052365036	-3.4811480565938226	4.398244397435363	1.04564522319996	1.1955704485757015	0.7445398371282885	-1.3088018987277312	-0.9356264143667095	5.504228544262886	1.782976705806407	-0.9733529137451641	-1.870974543517735	-1.9315472516449472	1.7986023582499588	-0.04782880707938199	-3.478768746553614	1.1982340640118156	-0.08689467437440766	-0.05808985832903154	-2.8971766740001796	0.21872136389388208	0.5167289692354536	0.7650658279088889	-1.6518609137235365	1.5253586527664513	1.1137578712845084	-0.38334335722399465	0.1267994340551103	-0.352871053278988	0.02152069066465401	-1.5791460073862869	0.5986713593951533	-0.8325600170032528	0.6541373157814482	0.3518292236205959	-0.2522048208807146	0.5103235489675643	0.4081928601648043	0.43096403413631906	-0.10310920112912132	-0.4785828770127575	0.31285883256729646
DTXSID2046177	3.7802151783880555	4.233148886711071	1.9100266942539896	2.336499549733623	-2.8546003832613627	-0.7363576407410033	2.2645202300065432	0.9853400062566378	4.236274535879773	0.5321114141715583	1.0031606849280623	0.19650602275116041	-1.371462557241787	-0.3605288750541505	5.041472531054012	-1.0622156283032447	-2.7291525951291042	-0.20904115501186862	0.047316447067719154	4.349612247232031	2.9809537250947895	-0.17606676594678516	2.1060200012432055	1.029333050802012	-0.6863344061194562	-0.3493826434899974	-0.8519810424476858	0.2877149671940953	-1.4746972072569213	0.964054080863259	0.05579039258074214	-0.9731887866820486	-0.8104639636384542	-1.1725982810197242	-0.0037785959097047517	1.4286107686552285	0.2916977924609953	-0.8620726109920486	-0.34347797855293627	-2.447994099724043	0.058020038104084445	0.802316206880261	-1.060181275095841	0.7150673325061533	1.5612758674221474	-0.9645410922641835	2.0475854807850653	-0.5856272535442366	-0.3735472741981838	-0.3250118402268791	0.17018244062322058	0.4180773980711413	0.2490822123892725	-0.019360487177118677	-0.5339159759602035	-1.5665829554379174	-0.7366446283914349	-0.23027079510076504	0.30294157421760953	2.1831281119564814	-0.8600139443241784	0.8975691404320195	-0.255332673980876	-0.4672832255590895	-0.804329564688883	-0.3558080821627414	0.5729089857671337	0.9665310611288772	0.2207948906790512	-0.4732584308834131	-1.088195328708581	2.084641963355278	0.7862013136397847	-3.53382937983207	-0.9617250774685062	-0.15074441854830897	-0.8316047587145847	-0.3673084053802909	0.4911816877147391	1.7557704129423142	0.4271413728194403	-0.0054453233843774155	-0.4622950671951559	0.8101840506855343	0.2797774483162183	0.8050403004004573	-1.5109806961336432	-1.2907508037946773	0.49672938698065094	0.06190406793043097	-0.9096797914163108	0.2233888465948291	-0.0069153739696674555	-0.027906105864254727	-0.2718804501497216	-0.10891701569404041	-0.2104686336308879	0.23517238398174367	0.07115711833436787	-0.4535098548488203
DTXSID6047941	-2.4567982783680207	-3.798505838917058	0.8219433628091903	-1.9109664884774673	-2.190291353736004	-0.9619084474089946	1.0662021384890743	-0.08898462982572643	1.5221582863044187	-0.11332126677149222	-0.8775611909953015	-0.2294063277186598	-1.7282424848342421	-0.8890639593531365	4.5972351567780985	-0.35962079343244613	-3.050999887279759	-1.3389597020633404	0.14274221685612565	4.473852861732918	3.035484935208783	-0.9864199784372444	0.6227334500826401	1.4518594084022869	-2.867963662487333	-1.003428228503398	-0.19031904700471677	0.7365316308988074	-2.0235765124542353	-0.18320844649105408	0.5864431869838524	0.22613082596572603	0.6072277554306973	1.1298315668972645	0.517604251465095	0.2314085644997455	0.0061485442031622645	0.029848510063476785	-0.5565511648390172	-0.2251443555372462	-0.7600831748648509	-0.5932812946511059	0.3804256824548871	-0.2537333022102727	0.046030369583840894	-0.22106220876125868	0.2612018326260492	-0.5290135104465941	0.02583083599968952	0.30465506791805236	0.06621003797910976	0.07578433360382078	0.35315572941902196	-0.5996217382400594	-0.6862560889293813	0.46974191260064513	-0.4114423650453102	-0.6087901493972802	-0.011849655687651043	-0.014171970809644519	0.21051358469000817	-0.6769643665451391	0.8976562464641356	-0.1634594806726571	0.09777321409627136	-0.09943735134213201	-0.6433156584364457	-0.028446713454103843	-0.5341996549346127	0.44597715182440995	-1.5835199106093938	-1.5370927356129418	0.3460390804896235	2.105001082535113	0.37995962800476557	0.6200576391903931	-0.15170377293379342	0.7216153091909591	1.3752151815415612	-0.6288956639032428	-1.2971253885991696	0.35160160524655204	1.0221157732984332	-0.8799420892030296	-1.081639873462142	1.9934552323294101	0.20751452212064916	0.12240625861666073	-0.511636634066268	-0.35771442686715327	-0.897316216033991	1.010295258992335	-0.27128518812340807	-0.7200784714419499	-0.27979760591923286	0.5775895127678577	0.17818871559419125	-0.4073573634386293	0.25769999129293014	0.4498068069526405
DTXSID4047549	-0.8302726701592242	-4.188756290784475	0.627514662450177	0.10014686924682877	0.04058795575025282	-0.7186030952833111	-0.3946301916291968	0.7574078339099432	-0.25280592519697537	-2.5496239797718543	-1.3295428676966148	0.38881714667842987	-1.3776834937152274	2.517342112097588	0.5306096848511508	-1.067941470796256	1.2469646936366787	-0.2490210617958299	1.4470998541222022	-0.5518919433395066	0.8352285832423046	-0.23801217619433906	1.1091230550983089	-0.006859006724378344	0.4497812598024958	0.3935763124543041	0.27190817796192374	-0.32762184293252333	-0.02339499516785336	-0.5405464222360823	0.009801622616701068	0.6148674097263105	0.0069640676626590075	0.3313204391552777	-0.654484264704831	0.05507082311695636	0.08771191930793068	1.040011090468799	-0.8353340062197456	-0.40382084041755767	-0.04513745743279626	-0.03513746258615188	-0.3568624210966632	-0.2035176854722155	-0.42304632882360943	0.041141363846263664	0.5115345001742573	-0.716326927668623	-0.06441748993314768	-0.17796363720613323	0.03982349140712351	-0.12363240429345476	0.06801651334526813	-0.4549091764333114	-0.23773295059304309	-0.021289104469511044	-0.29629786950987486	0.19737139179313995	-0.13037586588371367	-0.10278591212473064	0.4679798141509999	0.3795363058591768	0.8109981573495524	-0.5789873846162991	-0.33233390579085254	-0.8464037170924885	-0.5359257518785352	-0.30402859305860813	0.65786051532544	1.0089020535314748	-0.30798399675003835	-0.10400714451359035	0.8497935260113632	-0.6209132657639143	-0.07017769286870414	-0.13969417570243992	-0.3607269645945276	0.8355626846295485	-0.20007378243090365	-0.005074042831563038	0.02962774370180144	-0.20086259961357816	-0.173298387548831	0.49709800917335667	-0.02481056918009263	0.6834544864960351	0.4982659667716705	-0.373011321323824	1.0362264371781424	-0.5906918301550197	0.36900860764032856	-0.9261062684380078	-0.7765483964695179	-0.8439837371754964	-0.2253654103150362	0.14240763545508386	-0.37328891052200974	-0.10830997102364054	0.35470001536487855	0.08220229739981816
DTXSID0037231	-0.046305858534430325	3.4046925008182165	-0.26593082215379626	1.146974934800622	0.14154805928496986	0.05619884025098238	-2.5487536017984405	-0.9350927641412261	-0.03699131447779392	-1.4307448481671252	3.2885283031385923	-1.1148369601572308	1.3290344178505358	0.2807377672139843	1.1733371028851984	-0.5703605240465542	1.5689730308107244	0.8901230566545868	0.6605843910379322	-0.3480160690120191	-0.006255664580108046	-0.46418194427662945	-0.14947076236661275	0.7713821857794392	-0.10451140577823347	1.2053409811281441	0.2514950878240556	-0.5265354894069797	-0.12657468481271908	-0.187629710854958	0.007329002805292163	0.04800592588257952	-0.4526006401197977	0.41929449142949493	0.1036142630076687	-0.9033617194470117	1.0682613796377947	0.6192910794878749	0.017811193817267392	0.05129898710738116	0.07745439010670196	0.32721927409551027	-0.9149303136046337	-0.010821193705210874	-0.32467058555309136	0.4381858030452151	0.4022276311380911	-0.8022238226978817	-0.004839275381185476	-0.29001848586488993	0.06488546018551043	-0.13267830497453714	-0.21823589924781178	-0.44831653898563506	0.03196174993709339	-0.4133018569595538	0.24133278515091153	-0.3673915877055302	-0.5530440870835407	-0.059065146373517105	0.04470484125349707	-0.01261635902483479	-0.015328025607784816	-0.1348037873768301	-0.2550575504237693	-0.3741816615755053	-1.0392676097253561	-0.007676681532152079	-0.12100125450032063	0.5588014770529516	0.5940674345388071	-0.9792495205840808	0.760535831818589	-0.0627538613801912	0.6680981711888407	0.21596597481143295	-0.07042977854514702	-0.06967453808505256	0.05496638571873865	-0.3421117647149064	-0.33398484581894716	0.3576337441229035	-0.7209208534267382	0.03104668848416407	0.14714743732689564	0.4709482013955826	-0.09424645122214176	-0.15176913161606825	-0.4026184833166168	-0.3008309936275371	0.794771454283097	-0.4045874775789932	-0.43164120338929307	0.9651598846074095	0.03222518032986715	0.32204611398709193	0.030140507388539357	0.7018729532749497	-0.550558007444082	-0.5102832956662716
DTXSID7044217	11.5377664711597	4.664295944315863	-3.5403874028740514	-1.3999112605986272	3.0808856217490517	-3.056967301645727	3.0920112578427776	-0.21383746869120007	-4.5470948091416785	-2.9287285150305697	5.53112645103601	-0.9559176954744621	2.2304525516693996	-0.632807526238953	1.4032917578796658	-3.2240865248286967	2.025162495448739	1.1294495611382904	-1.3642507917453217	-0.6512457420438754	-0.9022424072140516	-1.2270918248260623	0.610675160242854	0.014266073307154582	1.471310076724371	2.0215371378885383	-1.1848443585925672	2.36741522431688	0.213664328182598	-0.9841263615137092	-0.564065170379332	0.7038629307618312	0.912338986547384	3.114639096445649	1.640042706311802	2.658088025620135	1.0004695105450725	1.9534133025373404	-0.9206604688859622	0.995372270369165	2.7781055279232567	-2.940152628070581	-0.7041661732144212	3.091203758322573	-1.0534072807121662	0.19341016517703422	-1.34720933180741	2.2992749655321028	-1.900801363664417	-2.153900000281252	-0.46874034783078544	0.6039394075649317	-2.1439126708092013	2.6949974443336746	-0.7808933877745379	0.049893609990286816	-2.3231470804965793	-1.7069355698398048	-1.2621539564588415	3.693009837699057	3.323459717113249	0.06911036603256844	0.788556571005901	0.9984290992740095	2.5693026487344626	-0.9480457029677978	1.9886368855940464	-3.406337652439804	-2.6918015717584467	-0.41183887353219134	0.4978004807003022	-1.6099329408576262	0.7157803518247071	-0.8190840814790433	1.5736421493189077	-1.1545261741384165	0.030684447700105835	-1.175919200437299	-0.09782035868285123	0.7229261223923036	-1.807747136737069	-1.4874204165305278	0.9979481086386794	-0.4310778960359478	0.5851106362694811	-0.5422529279388097	-0.3828496129533962	1.1648342572144992	-0.016798282411938946	0.9767225066290971	-1.094861883839362	-0.1171964610494481	1.3802943608191234	-1.2031603018824528	-0.06377328835002734	0.38557601416122905	-0.31312650243943446	-0.3598022165881666	-1.2099022831632416	0.11102082725274967
DTXSID3048946	10.713502982561309	-0.22991038282696538	6.580434150833159	-8.837035189962746	-2.286969148789816	-5.921646766261772	3.3499424820184194	0.9514894372150986	1.5370045067948621	0.7033810698814159	-1.1586939783727892	3.330179244062167	0.02403260830783054	-3.297782834470124	1.031507422452222	-1.7690396779596498	-0.37129068535340604	6.3786791632385675	2.7235918818623452	11.175070788692851	2.3195837192634086	2.9432347812898207	5.063249399733324	1.6660048844188406	-4.947294722775292	0.8332272879599714	-2.492536630888845	1.6258204890708272	-2.39054393472184	0.4350811210169329	1.2268018806409	-0.017719922398403268	-0.6474357567363521	-0.06752951241901672	1.271544922850548	0.09103785613992715	0.25455696726466975	0.594050410186761	-0.44618241472127784	0.3142906591304641	-0.16840751942872742	0.6323585899338601	0.18076241892838965	0.4279325502399003	0.7917737163287658	-0.8102925234410516	0.6869782663517302	-0.941711326906992	-0.3007585575042986	-0.6977580390045991	0.3605785188336042	0.8376917543440934	-0.1875778839290243	-0.17722752712189063	-0.6714152927267893	-1.426606844497803	-0.19442651936273464	-0.1411563998719991	-0.017836564169680415	-0.41928217728366013	1.2120553284620428	0.14422522157356643	-1.7904775199737128	-0.5921506689013192	0.5840959512264384	0.8555120465800208	0.49446922378561453	1.120153360710479	0.9385889406220215	-0.8655389575467789	0.12351484960341672	-1.2588545412917604	1.113534078527758	0.9138957336518853	-0.15981225998627344	-0.5552412583463782	0.5503968374854534	-0.9966890629239393	-1.1388421793954657	0.08447402781150763	-0.9031763935870057	0.26116304494289794	-0.6330826010238996	-0.4976089616543155	0.35464191739807294	-1.6492609275146721	1.1336227439421973	-0.056237651029351625	0.251780525845317	-0.5509187051118283	-1.5013646619311773	0.3307902987326183	0.27328663514668095	-0.8353674899424204	-1.629188392702873	1.1989030960807363	-0.3847068288089912	0.9173654195740925	-0.6909711656948986	-1.2356876745857812
DTXSID5045120	2.494297672391409	-1.4124957349295026	-2.786935497136291	0.23471938721480334	-2.2033804376481863	-0.7339966610479256	1.6745333606158277	0.3747574594420495	-2.474949069110804	0.20421567198128068	-1.7211848534138952	-0.4935835191007694	2.536499900996588	0.12275548516656784	1.0507654219744256	0.9601082530480572	-1.524164805886432	0.8591858812034038	-1.4406098373747083	-0.6329599583821358	-0.998619167882686	-1.694406952912044	1.954616686028322	0.012165845422040392	-0.6035116023182916	-0.044085370765643846	-0.17652191841252313	0.00810631686558999	1.3855995407253012	-2.935251148758373	-0.18178344985692957	-1.5064742925804677	-0.6841651304417385	-3.550856574902322	1.2517666855289649	2.2281693713512847	2.332415554779567	2.4680182472139864	0.5297879548404998	-5.669847906612191	3.5427563093384498	-2.0093486461614996	-0.1672637946340197	2.954358891851533	-1.5674447203022797	0.9757363566996534	0.6010701887923348	-1.5645415727136187	-1.7203380941593516	-1.8523840254833888	-1.5087547352817645	-4.5370176269068825	-1.3487459783035203	1.0253373085773707	3.6218407698788453	4.086256980227176	0.1422134217061465	-0.673588287162127	1.286969163969464	-5.023661624971584	-4.526051837762015	-1.5727877772236405	-1.9064681701280157	0.2632710590778126	3.737540644200477	1.5841681261065481	-2.642176765462604	-2.348914517431872	1.5028876105953122	0.3203843375045156	-0.9313248043325807	0.5770541574656134	-0.17242957594700103	0.22621114262219252	-0.44273316365728066	0.38988413941792754	0.4488981482651615	0.8580000969207099	-0.2407537906142602	-2.1610261198552276	-0.8086675281073862	-1.2147479825176963	-0.5796781847346971	1.0031718802378218	-0.5348260901979167	-0.8189240154143108	0.5308025215713083	-0.23290356600436346	-1.0746227040013583	0.0658625745474466	1.1709275092376568	-0.21535862972650135	-1.2042587855455082	-0.24043722366035253	0.5918019614040627	0.07526029090118586	0.29941679087088513	0.5041223389953093	-0.3415729958779872	-0.08622633596908334
DTXSID6038875	2.7160787739158727	3.5514721419947963	-2.8837776771349732	1.810454252240839	-2.807540073591617	-0.43140991974580994	-6.53891307245075	-4.477880880709438	-3.6662041737849895	-3.3036384043310174	-8.402648335190865	0.11791745620661954	8.079813573117947	3.0829236123255623	0.6785773675276267	-0.8233267607893672	-4.213092493240263	-0.1221639812212965	0.22137377799459565	2.2160722430362494	0.8342603915638659	1.2642475904515442	-2.322289836846306	0.05892004556172472	0.7502166071784143	0.20727582456762822	2.5644367098586205	0.9592251944839982	-0.6141995868063399	1.1285086254854124	0.5084215993973316	-0.7199457901821018	2.0179309237259915	1.7257837970715293	0.5091589213729382	-0.20758425108185688	-1.804281314721672	-1.4040603781608287	0.69536564947211	-0.6489914026910703	0.05248083765254503	0.6462370386021358	0.17425857862731148	0.3940397969086444	-0.6795440293187187	-0.40915812186830075	-0.285178574489566	-0.8487358097602963	-0.7698435043518124	-0.9848003480414418	0.1294170423752456	-0.6204637020562783	-0.2919011736667091	0.7038804194403244	1.1530630001401128	-0.7524618188503756	0.6233054211548932	0.436539676942251	0.6492813330204587	-0.6522897111331468	-0.22161898608759512	0.8918370679012333	-1.2296506551511288	-1.1457345961060181	0.18486732002234008	0.2158603958023627	0.23340542779678397	0.20860263894196968	1.3555294270219558	-1.409953528189282	-0.8883744073890366	-1.8375137838527547	0.6862491551104555	-0.3248154672676987	0.04888410289215273	0.6279031709103537	0.7381946850288971	-0.035324644621196596	-0.6803990183617319	0.33489802370649097	0.03758634190122883	0.02692745817641289	0.2750607310641702	0.9862839124089265	0.7247460993236997	0.832131158965457	0.12374478789714521	-0.10902401333321288	-1.0560677835646373	-0.5115004354247	0.6763065243184337	-0.06010503490248407	0.2488893727939666	0.37607980676009445	0.4564424593353996	-0.6137838310452561	-0.22917421599649457	-0.18706362998763795	0.6490118223610456	0.22658446552806474
DTXSID8052693	4.595033795680031	7.1847894279636915	0.9444679534323241	-3.1311993042625472	-4.57349929448056	6.207712853094125	0.4510488759144569	5.659292282523253	-2.4688087471641493	0.5975085107329446	-1.12187846549711	0.4624178321032593	0.766406415310363	-1.9387292677218864	0.6094140495595626	0.01986471710047268	-0.85351639986601	-0.5787888450619453	0.2340263546817223	-1.5491583696720828	0.07521399664255116	-0.8029900605820138	0.8109254234391539	-0.38753239341201934	0.5033158052336314	-1.838575800351135	-0.6423092145454452	0.577254862749332	-0.727102143433382	0.9042550784753675	-0.5032201668666342	0.5356155757266321	2.6256776497576095	0.5440767784076799	0.4296638504687121	-0.9339474678873932	1.4925094761938174	-1.728774344937046	0.9034899346627753	-1.9802389168371994	0.14056825765025419	0.06125051521794091	0.5510215019974685	-0.42299314907674407	-0.10993932464552127	-0.3405830617831662	-1.0065608149199097	1.582822160452538	0.08298163981843734	0.6388412172160696	0.02270512712882513	0.08543432882459637	0.7542770558576698	0.2558866746633374	1.5022452871647805	0.6565225976561541	1.616675984130778	-0.7090096998301488	0.6990752755108927	1.341990303327422	-1.5769945992470369	0.1620296249071423	-0.9339450436370539	-1.9173919488689342	-0.1741780612673393	0.835280802274389	1.7487479891765416	1.296151169504747	-2.6570891422045717	0.5828330205862028	-0.12332212879165917	0.28966226124516775	-2.0636992232783395	0.11023540298000789	-1.5624807975956705	-0.21949279062707094	-2.7896266053695205	0.5865902629844785	-3.185188350694742	1.0888787884985083	-2.1718762327225956	-3.7691906167030482	-1.7634934457598013	-1.7262526530985465	1.0486902265357487	2.590887625000895	0.26239031877382674	-0.38622367877720487	-0.14603212465355203	0.09646414178188537	0.2389869669762483	0.7814248148303744	-0.02793644644869051	-2.8278888464648984	3.305482466721469	-0.12121655394069239	-0.2093514532371642	0.4323063885701221	-0.8015667034465334	0.343387802907649
DTXSID2052283	-7.083564380487901	-3.333481074858896	0.24108214535182848	0.4292202390428083	-0.7395649251017861	-0.05491548556044367	-0.5942258132632071	-0.774239909453305	0.0024548450790572666	-0.1719602918950633	-0.22059400212392374	-0.11914794712169897	0.056753883905601384	0.07574858152309304	-0.13463981855905266	0.2192286552865535	0.5897516874226779	0.21148759468160333	-0.4531730720759561	-0.5490184652123125	0.16581423066510975	-0.6917115812657094	0.866139537660124	0.628549157476788	-0.8859500552822013	-0.1370114579968218	0.23336219393742175	0.2171031930715925	0.10578782223888042	-0.05845642416909542	0.544193808084102	0.0892915565340433	0.22062822762376533	-0.5682375437950145	-0.5382137408532536	0.008563940865146752	0.14654993157774898	-0.08740438075372534	-0.16251840010985405	0.14347451200016936	-0.08220613901150427	0.10073026077193162	-0.0961955358370053	0.4714997474920145	-0.14154529911612285	-0.14551960457226454	0.21826656481456996	-0.43869142298518377	-0.04830045817693553	0.16070740658824842	0.02319819914581889	-0.18862681627428834	0.050633222180090094	-0.0038495964309557887	-0.19664593847458192	0.0762262550185264	0.19721353307328945	-0.11298824707127664	-0.2509269043354732	0.20534426591492513	0.16992747634278285	-0.08923663660632769	0.25629475834806986	0.503337662545215	-0.5862862907873929	0.12963682270151766	0.44605746903280474	-0.4682429728504551	-0.15953163195931566	0.008148067632134073	0.003628459686360857	0.015239313072943014	-0.18935186324342781	0.10490481301548318	0.3534673642017089	-0.4661785586117507	-0.08415130908748791	-0.11714813155582914	-0.006405186055134987	-0.35787553141568723	0.16593372245366875	0.24055106800757914	-0.5732873191801432	-0.2796483414721201	0.07438457070022811	0.08291128207356764	0.39644823467221313	-0.1287517774238785	-0.15174455922074304	-0.1544864894180058	-0.44682784816440274	-0.388933043711771	0.20880570254256273	-0.17613146237343108	-0.05908094391849243	-0.38429145835330947	-0.07027164878669255	0.04585990560271182	-0.24651379549808985	-0.1478059312593485
DTXSID8038857	2.2440418530271633	0.3201819232052277	1.4308563739223334	1.0660204201288352	-0.01045504232286969	-0.4794669852330768	0.7246809877964691	2.5753507574945815	0.039087166598810556	-1.5341174039527643	-0.29692335369879647	1.0336703859628338	-1.6496356525095184	2.1647945366140253	1.8636066393277868	1.148294173567146	-1.2158924133669724	0.6937986108282863	-2.1571712340566953	0.44862514543069176	1.0604524491064395	-0.9632202489799632	1.661138713406871	-1.699858423880138	1.9017764641733068	6.004649061224479	0.6611116272922323	2.8053524097496365	1.4423738509736428	2.0434452153042137	1.2820351522230058	-0.668559803377195	1.5770433458560935	1.405957723074092	-2.6945024358659597	2.1971203791455665	-1.530535843056315	2.473174862256759	-0.3841886028965442	2.6653270262912456	-0.25061965438129974	-1.112783567687331	-2.3755073905119417	-1.0815857462719398	0.4281156053570653	1.1719118708846523	-5.537119380625388	2.30928294543013	-3.744598038212397	9.571774521625002	-1.7990153279404606	-0.7127628413753115	-0.11455568851851038	-4.553389050324625	-1.650924089455859	2.5524449361187425	-4.643148321737808	-4.993048990383712	-1.884845615265145	-2.0828740227218234	-2.9451911531040245	4.418405595431009	-3.8938937324349983	-0.4156214752603281	-1.161829670004828	5.45985018601102	-0.8481562819702754	1.6153128109551957	0.3788386528832459	0.30035267086528433	-0.6713966558038243	-2.864371383957084	0.3599485403973515	-2.672594499542513	-1.1161426817003415	-0.5314962373561049	0.8238133420841258	-0.024291840786382767	-2.053964375538371	-2.1408697298675383	1.6818076735567564	2.157036861175235	0.8310459134655803	-0.9963196241227017	0.37466285089111295	0.7957019108981133	-1.3099377252920223	-0.8035031466609667	-0.22253994274127495	0.21873720807527408	0.5913634418081781	-0.14137034881692911	-0.47818111642265965	0.37930168603455156	0.7592659437950584	-0.685371853512885	-0.21368879617897626	-0.6427553062919439	-0.6813231546264807	0.46823160869108216
DTXSID4024195	-2.2825482454527637	0.08011021669449864	-0.9958354662918011	0.7446065659582833	0.1589224284396478	0.6912808017791507	-1.7141764729010602	0.41188028100296586	-2.299078399215669	-1.2179479829974724	1.718684349487848	-0.9134623284795622	1.8631066271786643	1.0262627807885705	1.590655277607006	-1.4260682871982808	1.7420019579682857	0.8440620998422186	0.10895952485015291	-0.4504806927625286	0.3917611460610729	-0.9462331566415186	0.45590946610671157	1.2713404098741556	0.22910435004347315	-0.42592863046715046	0.5323714289249162	-1.1034222854855444	-0.2957815715952153	0.6393407227820459	-0.15905403540512283	-0.028550408323761066	0.8812414602324493	0.25150298433150803	0.3983684238792865	-0.31514717620014393	0.7426941320363699	0.008666951131595563	0.6032392570751461	0.12312524238552146	-0.4925940243317607	-0.04415996059314498	-0.7228056913097917	-0.2814051121618936	-0.4977002363961012	0.24215017382624732	0.614924866949671	-0.12427402716175184	-0.03679525110183585	0.10727541687730875	-0.004154676650429421	0.0699500120424045	0.19875001845237422	-0.3981745012307459	0.4702178367807135	-0.024233413032337586	0.2556952875755111	-0.9365751569964177	-0.32763394844321	0.1942081399045645	0.02312449171789109	-0.4478529298075831	0.16606070175966775	-0.10506750928242946	0.05598475290866452	-0.04340807324100175	-0.36035611117893107	0.4808797317292702	-0.8576163981385709	0.13740944356983434	1.0195857333118814	-0.033011520200206396	-0.4911913290399754	-0.025289896241459185	-0.23451222667799418	0.4508164472166984	-0.0049212632444760405	0.2820616489892829	0.1863782219123493	0.03997184553140938	0.5806595810143591	0.7902467954804332	-0.4670432171229699	-0.2248621516669128	-0.05294850503424505	-0.04468372844556407	0.5974300409031722	0.12314287168522182	0.39606226162192887	-0.019070974853840007	-0.061851303433428546	-0.4503228563688025	-0.28531359543461426	0.6000436564265768	0.2802664164944723	0.45628659297256097	-0.09818364451951415	0.05759992539151052	0.16031168078020663	-0.21448337479281032
DTXSID3027534	-2.986605378403487	-3.97586453822871	-0.9746175737008321	-2.0136868384480326	-2.7630607691902918	-0.2592170316531498	0.0034861263976363184	1.8299107477301655	-0.40933710292401854	0.1668276449349352	-0.4556653027544621	0.17601497334354618	-0.9656222309887953	1.142072876544021	3.3196768863743396	1.3271740731525652	-2.624420502479306	-0.14960008178705117	-0.39306287827297387	0.5085773179962702	0.4414670447375079	-1.104405769118153	0.20456804887129537	1.3374262179090708	-3.7285748731826978	0.6370554054562871	0.5314068773054628	1.484371952760349	-0.9527692378023684	-1.768307352353772	-1.1218859880629233	0.9198249482945411	0.8998814329313206	1.6995780952891895	0.8590591281192241	-0.999041078537571	-1.3181452314303561	0.39197727552894474	-1.5874221523273733	1.2408872860916547	-0.596662901013291	0.17971776363663505	1.5675459188120597	-1.0572375157315186	0.34264739748650386	0.054139530756611536	-0.26070817292122656	-0.3170047880267946	0.28266208877268223	-0.4164626661998	-0.15039787499900598	-0.4757148867935556	0.8215918938911939	-0.5945750064754188	-1.272456304814937	1.3759244927452017	0.023477626481929664	1.0990891931980078	-0.6876107717251602	-0.6183542763099251	0.04737295858116428	-2.1899568237518827	0.8420062148700769	-0.3749768243691108	0.5201328927321814	0.6346105687284018	-0.8865660953360588	-1.3484549373855022	-0.15388645216345123	0.3657453997751208	-0.02146245626056347	-0.5180668872457469	-0.3382328946858176	0.9307826743855371	0.8232620189738898	0.07203039592185922	-0.30573280860059815	-0.271882967294778	-1.5727964149312623	-0.8751321939196072	-0.41054388582740753	0.44251488494987246	-0.26871700569012485	-0.636442752508507	0.17043057109463813	-1.8299044808514067	1.3470153090647001	-0.1480772833097046	-0.1121131997465027	0.037207722219355484	0.839698102581023	0.6555663073919633	-1.0291006363810487	-0.08200076687640422	-0.07413316895673668	0.29055977893358115	0.5526231697916266	0.09564096846863226	0.11929998611843626	0.2460186786838306
DTXSID9045847	0.06605531426313856	-0.27031428896969945	-3.4576815305254094	-0.3807318182322914	1.133977269059672	0.278536784850082	-3.2547072646439212	-2.279146615611408	-1.087447368151843	0.5236629047158481	-4.603452320549702	-2.054086661131596	3.114356407298224	-1.231117207745218	1.152405357616388	-0.23749127193800673	-1.1374077308909138	-0.471925668856569	0.3847040302367323	-0.8155319778922615	0.5841732860823545	0.42386994380795073	1.644408487339704	-1.3387218972254458	0.3784514310923942	0.11031886950728585	0.018547961924223512	0.20777699126370872	-0.24922444443297764	0.2421677000923946	-0.17947908215772942	-1.5945883450418024	-0.3309385775812041	0.10122411247059279	-0.8593880600875181	-0.5459617565842623	-1.3967028618015547	0.3126500350372365	0.07594571292316649	-0.2303981986409399	-0.08973285757488329	0.6211399050070406	-0.20001729315741149	0.18403447061826328	1.014192977825604	-0.22232856645767682	0.49560795360156634	0.30696989317653994	-0.632014939207887	0.2586043053541418	0.030647316020374994	0.010941808823598994	0.19332543165400645	0.36173150125460835	0.006638791907799334	-0.6479102580524264	0.5473746020733607	0.027578047573037244	0.13924511597304504	-0.04386253527726383	1.2129721559852236	-0.0367558830120973	-0.6282250670273247	0.8333124049712758	0.4469517444726962	-0.4941180124705518	0.6110119038390507	-0.670219495086436	1.1580751040816377	-0.9168584858521553	-1.1650887219445911	-0.306877372584926	-0.35400375144949	-0.20374300133822	-1.1056682442913228	0.01877378862264451	-1.9776410401950903	-0.5172869214099906	-0.4805119964271031	-0.6407271656372553	-0.07928219880715148	0.17619507954292285	-0.9818942131874923	-0.2869189460249312	0.47866562597404677	0.5173474039009638	0.5224725708886443	1.0856543914886472	-0.38142981255894026	0.45926451614626634	0.7585945846881804	0.18806386542253015	0.5600273433404849	1.0030645011321238	-1.1047770739233038	-0.3560731974293344	-1.7618614405397532	-0.6476864112652386	-0.05356058775392787	-1.4980998525574205
DTXSID2024797	-5.574597836524916	-3.3093752924089426	-0.18343698040291365	-0.19406050211324335	1.155911559266266	1.277039472848739	0.09788417318476271	-0.204518377549579	-0.7098142591001703	-0.11683412878468888	-0.37017490342492915	3.157979535946586	0.18396762763455032	-0.4281491892306918	0.36296581329761685	-0.29194139100636185	0.2937482608470253	0.1491532388350236	0.2729857331566837	-0.8194519893888447	-0.05144796437310075	-0.2503141348407419	1.3044771294288207	0.024450394418687592	-0.1337638964966296	0.12094365164613842	0.2625134926489066	-0.11421217104466536	0.28835870445244105	-0.31807597607765503	0.6158964242866247	0.4288647233917922	0.03180935997422155	-0.17798077052216538	0.05189938395639742	-0.5299715779253276	0.4322960234341421	0.08166165145560787	-0.4930299702196582	-0.06251351664318622	-0.18689443972767647	0.16737350020831906	-0.4770131425212966	-0.01658503360407141	-0.1469013819615964	0.14715636749030922	0.40142758978870524	-0.47934378930506794	-0.1525186086868594	-0.25952124495567225	0.08782605156931783	-0.27766766762499373	0.02320139291348766	-0.12777014552845348	-0.2409957403098806	-0.004938764539117259	0.09249976952509789	0.21729595515595337	-0.394414741754704	0.012517946717368895	0.13737977707246146	0.001425568059376663	0.1166943930211991	-0.4345640062822155	-0.3001463450603548	0.11565286778030222	-0.2806222827080849	-0.10617607366021731	-0.6634428293106726	0.5244210354843488	0.19078368382119515	0.19434267501108485	0.6274891083502914	-0.5913986018231093	-0.0003739835495680587	-0.6389677748561509	-1.1612261239246158	-0.2489311331560569	0.23922724492989728	0.3427225127744162	-0.12317514194237299	-0.06881758986797647	-0.0574292864457377	-1.5037414618190226	0.288099236631432	-0.8639957763498171	-0.5864043083708871	0.07501626114091368	-0.9936156558589174	-0.2754877932157055	-0.614592334622144	-0.03950573439145235	-0.011565881421482096	-1.0087377575230516	0.10519075450084162	0.4365103695965729	-0.2289275413101566	-0.12345152420208075	-0.15322393281531993	0.15112051545457367
DTXSID2024458	-1.7549189594084416	5.444456469936321	-0.40405300116848125	2.234778170405946	-2.489480765421663	0.20319265314315846	-1.3725485361679495	-1.3694782855593708	2.069508169186597	2.573238720584843	1.8272078639901197	-1.3048986012376254	-1.4468764298026606	-0.917174400655478	-1.3333314391570483	-0.479881543361554	-0.9944623011995807	-0.7232481664641045	0.43496641620466037	0.3191815522859846	0.1437203011469481	0.4491849535058237	-0.8067460147948816	-0.908838510317862	-0.46895126941791127	0.13115004762368998	-0.724740089791321	1.1821483215487156	-0.47451524236626685	-0.06805493904822395	0.4413899084639012	1.1381449263061487	0.5606037971993215	-0.11699620844075427	-1.021345680860377	-1.0102221501424145	0.30165204197469203	0.7084600804772192	0.9644723283188271	-0.28837760214115904	-0.42470396086493023	0.4917214760022914	-0.15935648389310833	0.358385414167518	-0.06396753698016264	0.7860888530539036	0.19263420015238666	-0.040585494891483366	0.238117430173756	0.0027153021950547126	0.1499772776592605	0.32729439142106304	-0.18559473341344063	0.33275544260391426	0.11282409359206233	-0.2998250753152669	0.31331826379955013	-0.17393693684389577	-0.26176320021293814	-0.22766516548585156	0.5893973826913788	0.5850064545267958	-0.23904334368146252	-0.5293969355080672	0.1160116116965925	-0.4610443522234408	0.23299245898499218	-0.31354931826561305	0.37051228284236315	1.2269773845351606	0.2253312126273237	-0.12643245204742376	-0.1722475149628317	-0.4590031589698035	-0.1784649847496578	-0.5710047556642736	-0.7207322374318643	0.010124066182133414	0.14196675800475683	-0.4705034244615702	-0.09570151194741364	0.06452141195312158	-0.03035555046840418	-0.39874051239304914	-0.14335177495606147	0.0315525709717055	0.01114877021357707	-0.4960045038725321	-0.1856376860484817	0.20302891014835908	0.08406162055264296	-0.5688649547916639	-0.69831831958021	-0.30211804455586533	0.034193074401699615	0.025383177301133514	0.15679855409935403	-0.355889372163347	0.398209632388863	0.4515741765311248
DTXSID2045078	12.35649829584961	-10.537594067036306	-9.709423373495218	-0.8599851171129468	2.038332506222308	-2.6676165044028655	-8.68049796169147	0.8095165115126546	-5.588325025392302	0.21886855387119933	6.72020695405462	-2.611084532713877	2.0901571459292727	-0.7003183029631964	-2.579466693487997	3.4876266270129896	-2.373403659813989	1.252470591151941	-5.129664836796927	0.035032431101127526	-1.2804291850496934	-0.9966800529110919	-0.05341959017490352	-1.5145441535632307	-2.8730955980937383	1.921252071782177	0.9523532539351756	-0.7378598183429071	-0.8819026733398785	0.6964701149418384	-0.5635652087107847	1.7362432275442834	0.4402924280354409	1.058590290062317	2.8603319332441433	0.22521522609691227	1.6483036587582183	1.421893621354242	1.1698706740617197	-2.0795026499022575	0.14101443997226187	0.124358566934192	-0.5634841290863409	-1.7309401083719718	0.8708372952760729	0.8569605095161102	-0.12004970426663344	0.5956155322158673	-0.2614366581987194	0.14145697170036892	-0.14211349260884787	0.9909468840753978	-0.06251398872722154	-0.08363045431219573	0.4054711835964124	-0.5451900445560669	1.946611825196036	-1.0456235621991699	-0.9735826697816398	1.4200087051515904	-1.8171250954047025	-1.5608487742872843	-0.5244573162426657	-0.4307502078472861	-0.41877671207908473	0.9984871948008582	1.41184200719077	1.7138988980041887	0.3549256723335718	-1.4185524579849231	-1.2105188384686059	0.1399520171435155	0.04897374945009655	-0.5045883409612543	-1.2560416810058013	-1.1709272919204134	-1.8290411892736518	-0.15933054992368204	-0.223785791332489	0.143540934741102	-1.4186039052074297	2.390787801798335	-0.5728819176143525	0.5396863113772377	0.459624156980903	0.20246526411269364	0.544041553675857	-1.374708271993383	-0.724075768689999	1.4801235951676817	-0.15614553709939255	1.0820479908985488	0.4271087512645489	1.07546829601141	-0.7050508159936533	0.2642337202136585	1.339022777545107	-0.4838390731669263	0.08339505777952617	1.8591093887721974
DTXSID70880230	-1.8694257544758783	-4.081621809573019	-1.6709843740678854	-2.4690746658262963	-0.8210816556788192	2.514919624617429	0.6965157015080884	-1.1236876326009204	2.9252128248992224	-2.2547966322696347	-0.23769215022594128	-0.02709911152429032	-0.5724056369906039	2.5886244427580927	1.4480302685053716	-0.9057705707803391	0.7851287106013501	-0.4064749257669997	2.4687666964242383	-0.28137261127550484	-0.3145438756772821	0.5950232105528929	0.4746708818217398	0.1472076937433489	0.40899791430631627	1.193097619680373	2.7244202886651205	0.3499900106610387	0.6799731522795079	-0.48458618603587594	1.00346019692899	1.6627319995404675	-0.7246516034535265	0.7004147701049461	-0.5863422905595134	-0.5933476293188813	-0.26031620945474865	1.054015439424299	-0.6639501288194339	-1.2781821286934592	-0.24742415100482645	-0.21873218286584184	0.9947395885251918	0.48977580937388315	0.14996171342693426	0.7747839747488967	0.7590717751905637	0.35700409484869394	-0.1224727754270246	0.16268736615671187	0.01673805785171487	0.9426017682460242	0.12868090124227322	0.2360161067529429	0.48679716003050055	0.13037299110133693	0.6786723654770814	-0.027809974983669612	-0.2637065741290958	0.42300586401755874	0.7552693884215106	-0.14019898864208855	-0.09905330110932073	0.5215040631976233	0.5268884569750921	0.0919621490622013	0.4677859064590697	0.3846487763992834	-0.010725509313242605	-0.4225230013360628	-0.5488869613021635	0.8986809842325115	-0.9015630071439412	0.33299889650420156	-0.8748642508571104	-0.45078695480848086	0.0907308632478187	0.2484240655687589	0.5169028237161573	-0.7905935143554044	0.6159880484628127	-0.007030776719089846	-0.650115024849134	-0.34733668366324966	-0.16595171684559562	-0.11575041972779915	-0.29681230083290566	-0.6122503916332599	-0.46100506753892906	-0.2488758661405568	0.04810114682172493	0.0925046334749463	-0.0003640881679807422	0.8672030111827161	0.6801456065343441	0.1457759707156561	0.445609180064229	0.5896863851976537	-0.25579919284779606	-0.6404584461169113
DTXSID9029275	-5.921431107982875	-4.2089205705794654	-0.3649807819779844	0.6163317918492783	-1.0526656932428569	-0.5521105821165404	-0.2914581900508927	-0.6810814548901686	-0.2626353000826375	1.835068272041031	-0.3601901155296763	-0.5124646509305871	-0.007494604674801845	0.6326130108486605	-0.09331877662235136	-0.381914111027831	0.3132311964456947	0.24337259853399126	-0.11627116466927746	-0.654387435718851	-0.03934406227565882	-0.3845297949004678	0.8616910953099604	0.16226603089906633	-0.9342421343372393	0.125982701662457	-0.06556673108845888	-0.14054248377216083	-0.005257402320435463	-0.3178452984336088	0.14672730614690496	-0.00783752404930321	-0.22509004644964997	-0.21782415594055535	-0.0657990021305445	-0.285089220080309	0.0971484548713393	0.45745162362966735	0.18252918139871938	0.1792941540014662	-0.03412967932883698	0.03506449470632243	-0.0181877948530235	0.14912472679117625	-0.4859485086201583	0.10296070587918542	0.024206686516441003	-0.2830024657019999	0.01640354394233927	0.09416269575154415	0.14250748505293584	0.08784335992567077	0.037966278680583554	-0.0013854781369972149	-0.16498376292869057	-0.10251875567763187	0.3890304956464551	-0.04091256191028579	-0.1380149574537065	0.017912182978258553	0.34183788622766753	0.03386591573445075	-0.015667709139949748	-0.18062379116209118	-0.17989990216647384	0.40412329814632936	0.34280653829851304	-0.16901834199481433	-0.33900418755096096	0.11223699265722195	0.18833608636942123	-0.1843032689881735	0.06804909316422693	-0.1841765112342228	-0.01225753653866866	-0.056129643994440835	-0.05422450809618953	0.03952116890033819	0.2925495537599992	-0.38469544075793405	-0.1573874535920328	0.00014555996967852784	0.1358194903662442	0.11859476835842452	-0.412856466788818	-0.08569421980674816	0.0621236649253922	-0.38952523158924884	-0.10232309187846743	-0.6111961359534098	-0.3132808300595286	0.34750613459943375	0.934444681942662	0.020371092956607887	0.4688201405597003	-0.2135836538453576	-0.5023663344995749	-0.3120705628495333	-0.03275458081609597	-0.14221730320306622
DTXSID4047624	0.6053332738862235	-0.8495820552456567	4.8005503344850915	-3.561687213890428	0.31503723988896226	-3.3271933284742494	0.15276756743959638	-0.06966713483287305	-0.1467904157101248	-0.3340516233664373	-0.1995607070449558	0.815536110998591	0.6867390907214519	0.2618305635983676	-1.6965730844928122	-0.6438004099408903	0.15823418250217355	-1.0179935209218518	0.6763991222400941	-0.44077184672735287	-0.28136758002581164	0.30758860925133047	1.4075802114080913	-0.0818795293633501	-0.167343570575551	0.6849352165545893	0.15686356252347128	0.3815828999332511	0.37251803394612953	-0.05748606566855855	0.053606690676471336	-0.5019746330783543	-0.05712076619090331	-0.6113167977533303	0.08907337315025717	0.1627869311622961	0.5554599159227728	0.05533083697151642	-0.003313527094694091	0.5446349813301166	0.115643659171768	-0.23963023546416137	0.13522664205467821	0.16517805607617084	0.032668311275747625	-0.3720351142169131	-0.001184220439839127	0.004816131742646339	0.10271059607308436	0.14349758498940376	0.06949186480652807	0.002933018192185989	0.30135856610874406	-0.06758134121231019	0.03321150577923557	-0.010529107773155057	0.1080819565976271	-0.14220478978905865	0.4603483308184188	0.013250263469466674	0.13700023334362998	0.0601553781487604	-0.03729166180567076	0.3241948690234262	-0.12768153415623085	0.10422570099729948	0.8612603539836531	-0.5699803830051756	0.1829468748939273	0.2757399785246423	0.5780551767855421	0.05709117022966802	-0.3598012239366516	-0.11342501979578275	-0.5091576235630885	0.09901773912872214	-0.1945836735383872	-0.09075117966862965	0.16978606088670933	-0.3618901672586281	-0.15001162239551694	-0.09439433903011642	-0.18393392451580842	-0.07904565755795995	-0.25127147818752615	-0.4127808283143256	0.6834105778124806	0.7658753100863867	-0.15724326796168542	0.1676665467093029	-0.062156361083120205	0.23182213136139002	-0.4254412319574033	-0.560856662379565	-0.22849453138632378	-0.059794217946203085	-0.1238253813847033	-0.05719300613443912	-0.12909914079423015	0.09947539364394918
DTXSID6046187	5.233946749382729	1.753190587123686	2.337343723950172	4.429732749705284	-4.394914965764311	-0.19456727829341652	1.155740367077604	0.8766217669238745	6.248334635005544	-1.230126227645513	1.321263286407753	-0.2942471009236206	-1.2922378561640007	-2.6019490555644347	4.9575414884286415	-1.3066272158739571	-2.563014699338438	-1.254412017070444	0.3956442131723931	6.425143038112293	3.8218626099300064	-0.3002783576070093	2.3291111121627526	1.3032627615394687	0.3441657719237195	1.1819590854499662	-3.2433255015387465	-2.6250862468984466	0.22612861355061306	0.6782844350327807	-0.3829753092704902	-0.7159275109197126	-2.8136389939705184	-1.5951463527642735	1.3094019544158133	1.0934221488373206	2.706034646557496	-1.2011724980818217	-1.3067746004479475	-1.901307874673285	1.1000379150109956	1.0568773867090162	-1.2747474259429776	1.4060794172431106	0.1381693893783711	-0.30841129263143574	1.344138933936718	-0.9547972563476507	-0.06260689570528846	-0.6857628449517152	0.1578712794108115	0.19311100086696173	-0.7466688225811033	0.33147728122266884	0.9109158271583433	-3.6878729930709615	-1.223835690739492	0.5971928039131488	-0.8815075956902798	2.1156318946871866	-0.8650808040626013	3.895818584400558	-2.520881091126792	1.3148363137660783	-1.8326183215166103	-2.233487828095641	1.5323322331538454	1.1678076245323987	0.7303083383776533	-2.2049018980388393	4.141200790793241	0.7820499515427844	1.7014183768617397	-4.667601645320903	-0.405864322554494	0.4913583744373993	1.042559134265772	-2.5278161362771527	-5.250362820387708	1.5252548241965518	3.4325776216166735	-0.44327308456185044	-3.1150235366715395	3.29752109630553	3.605707252023539	-8.21126583609478	0.09737925780333719	-3.2307832898112796	1.0325431935595455	-1.5672679488239363	1.336832402778686	-2.1639404416627945	4.009729368931169	0.8086705388414585	-0.09674405376904906	-1.0594406510922914	0.19210103668729986	1.4596786548015752	0.05260337175021069	-0.659651104092471
DTXSID9047411	0.7916155533847379	4.637362970152787	1.3624496728989848	0.18085867780857523	-0.6040254757584828	-1.5744909118605555	-1.82364283658919	-0.6020062012176668	1.29923667030203	-1.8536506123584362	0.9031337316853428	-0.3618580299189601	-1.5634680961244554	0.34107160163140665	-0.9212730870945266	0.3144889334586629	0.7514845205393607	-0.461886558615041	-0.1345424025891972	-0.8847603764142586	-0.024859222901095608	-0.3226343826102852	0.6939831413273492	0.15220107146304562	0.05964075334410535	0.3232222291057676	-0.6111817487713658	0.12147208650261294	-0.16757828867885013	-0.5072931301390198	-1.1634245570702926	0.4196584032970184	-0.754103716690665	-0.2036471244417087	0.5097439698502427	-0.4322115187525033	0.13851956421741354	0.3626859560150432	0.21401940669369365	0.36916277165152367	-0.488073381059528	0.061559680112467	0.2698160301917132	0.641903120557824	-0.5828600833437411	-0.09639720803224161	0.2960075527042248	-0.4322384424368531	-0.16422462086432602	0.37247966442569924	0.16287677121295557	0.16412098136178985	0.41917945594728373	-0.5169511627290775	-0.023984126146816828	-0.36009705355746957	-0.26626894145402674	-0.302673223676241	0.03222904608865762	-0.6478610016700446	0.5912280782473838	0.42920397504672014	-0.2092455499445344	0.559793765649694	0.4079964528689917	-0.3304755053622984	0.8150011851203481	-0.2215203234430736	0.2157524514828987	-0.17541378854349102	0.17291893475113393	-0.3952531736552068	0.008151367996131099	0.5866520285540004	-0.40452763119485097	0.0048545434132098286	-0.17722313243505466	-0.1625535895024646	-0.2117097567135563	0.2242361135786518	0.33872653377176337	0.5953416595992933	0.1926140755743695	-0.1346122623998658	-0.03721477303985614	-0.214116131600497	0.10560138524712248	-0.08903777023329466	0.302998808844189	0.0414621838064777	-0.6130098122801001	-0.05959875281121888	-0.010456829061833869	-0.4775548271284673	0.33163341864401935	-0.03918642434988338	-0.10302683634406469	-0.009986465097817823	-0.5457665866440761	0.07351063475201283
DTXSID6045169	2.380957180339476	1.165821076455056	-1.6113598149535613	0.33370147220290264	0.24776267752666067	-2.7545568134042564	0.7800645566288762	3.223684572854288	-0.333393719341447	2.4895680608302113	-1.50683236957559	0.7443737067947739	0.6097912245415386	4.171471355938365	1.5604542520874023	-0.7988216235632424	-1.5916625843776486	0.8906978134543693	0.7917627513928532	-0.9977929743150151	0.5333220429605868	-0.7637320038799505	-0.026366261869243478	0.8391895368711889	-1.1643397797969968	-0.44334642927288914	0.8757867123130578	-0.16170127831283407	-0.49883262805941586	-0.31581758320217845	0.5833928444605379	0.13079762439900638	2.174390900893812	0.48796374548041827	-0.21048845323422735	-0.952834397491383	-1.2807645198958268	-0.056316965440455016	-0.061124877046305655	0.9886595070789935	-0.13601154427565618	0.649051960449506	0.50497556990557	-1.1671998541842854	-0.09427798088183706	0.3211865658654396	-0.7801501824222744	0.24308718619075947	0.07247490354204525	-0.6535256862242869	-0.23343506346062032	-0.21863466255194486	-0.1891753499785537	0.33866040965150035	0.5616073596697878	0.3488542906886534	0.4810922045883111	1.3234353130024064	-0.4651227227056478	-0.2801186046957075	0.4100798672333022	-0.7519631175239697	-0.7305749524948313	-1.332208498891565	0.4815728628617973	0.07534286638290882	-0.1383028684236217	-0.8247652875509964	0.845469927642607	0.23101590867211877	1.7002060089699849	0.1910488177197995	-1.367171302384662	-1.142488370746676	0.8106639520770761	-0.3977371326619348	0.2814299832866051	0.6626471942188715	-0.565252026689894	0.2598891292838346	0.050980982062476886	0.4496688863711584	0.15414007348828984	1.1088296799336508	0.7517528035576105	0.2982930233538816	0.08878927729091536	0.716514910542823	-1.2298369556358852	0.9654634995733691	0.42921197434574265	1.1340851404099321	1.1184925526448148	0.2717358760181867	-0.06699211764654131	0.46868246614380743	-0.46921888861983385	-0.06584812926976871	0.5320953842808046	-0.3772596706472063
DTXSID5038888	10.884095979686448	9.213211171841571	3.4787127837313934	-0.03169360285651988	-2.3591717869084303	-2.969653615385011	1.6763331479305956	-1.1850560787016864	2.0350951604325007	3.3250327815906022	1.8547591930429492	-0.5642465707285483	-1.1385180437469942	-0.8056855857664698	2.129633770926691	1.303963126314224	-1.7930525241229598	0.1812707699568445	-1.180631826332342	-1.5213252517636928	-0.24689636831744038	-0.8289597445939269	2.1534179209216893	-1.0554450785090532	0.15190982319741367	-1.8583778341485624	1.1325053278620776	1.1161434367660406	-0.37585952082065804	0.22725467828829646	0.7314965656101295	2.5027641407966215	3.545884600309219	-0.5836583556749644	-3.5392596137801413	-1.369759248694206	0.12294059244381472	-1.8117714070800466	0.36743188205265154	-2.147008840131214	0.7600558719421615	-0.3054457813818123	0.194781974749671	0.9482214818208367	0.39518320697538406	0.05718762026677537	-0.1551329902360971	1.093344741296277	0.3880624867842443	0.8180405891254379	0.07165010495698099	-0.1147621390241513	0.7179943120104286	0.7811048246322515	1.0998309426154007	0.22468229715043767	1.1964207067851458	-0.33015120368344086	0.1354657236542475	1.0601579357783233	-0.9009310343874742	0.7101913952923855	-0.6435436995693894	0.33442821183348154	-1.5529584074287275	-1.4070685693505816	2.008010934310305	-0.23993299746072547	0.1682909761656259	1.427394302103324	-1.6886972279547752	0.15310693868125175	-0.3368424024109525	-0.49493854073004745	0.48969562805112893	0.9134869347034524	-0.185072873360135	0.32936404663949354	0.8688497460492771	0.34866091850892983	-0.2614243887980314	0.3639683890535307	1.78109459732546	-0.9020955327655905	-0.2107107215093394	-0.5922621168351477	0.7640695104886746	-0.621240305637948	-1.0109883788549188	-0.16541045605285268	-0.3768277207510341	-0.5991410878450629	0.18727488192442596	0.7435272937333548	0.32195285704022064	-0.18624619429268657	-0.22258775619053334	-0.6809713774518863	0.8747818003860014	0.38408236969919635
DTXSID0024923	-4.80842570517307	-2.1378749131569026	-2.579011436139772	1.5311655144625693	-1.1922128292757734	0.1456183652260062	-0.3572701165558985	-2.0080090866429043	-1.3422495117842725	4.0574935016756095	0.1898120264637421	1.4843413472927243	2.0362447637342274	1.4552803010346367	-0.05951526576233556	5.875357491271647	6.106526199129682	-5.392541719383308	1.9823863202719858	4.652310239165328	-2.6666480361462943	-1.456782886429612	-2.898700931391428	-0.9720065338668111	-1.0200657986061141	0.8851527684063035	-2.159713981695008	-1.3947663697953685	-2.342258696629594	1.0533653611325213	1.0914459452503433	1.020231682344318	0.8200083603907876	0.20501524387520917	0.2516806453965718	-2.71865393337032	-1.008301420938611	0.494049143564562	-0.24053036419452103	0.1829809426251957	1.9765865430211054	-1.0394156265288779	-0.679756706987272	0.12087485243913063	1.3171868968331204	-2.706595355909761	-1.7155389379341466	0.1474356359303652	0.35919455921914534	-0.7989793345992451	0.1677219021516788	-1.0546517523707666	-1.0575031520976639	0.3226061524001273	-1.3832422468490841	1.3613127151437814	0.7695789880626751	0.558449777066496	2.795863430776666	-0.06153273755983239	-0.2200495030528067	-1.2229827658185903	-2.4063553174279124	1.597960070439091	-0.3357039593518817	-1.0814747063016517	0.2082316300332883	1.1096175200178309	-0.7115339517663669	-0.26041348437106215	-0.9075779083104496	-1.0780030238700355	-1.1747644548156642	-1.4419588934027079	-1.0144437904248547	-0.4488119208946154	0.9996443765652769	-1.1073708537716263	0.39336021202058785	0.8069551557187389	0.4053624070863058	0.29368325985767135	1.6895363524332865	0.8661054066827668	-0.7070294267011048	-0.8933052641057285	-1.244814483506969	-0.5728039050321713	0.4710424809111915	0.2473137490538658	0.800280117852502	1.1185108676523265	0.6291697058656711	0.27021262229392695	0.6039852812961246	0.16029090007793917	0.28558775661668123	0.17327004869135282	1.795968306406018	-0.5730658275916998
DTXSID2049426	-3.9203082035519285	0.6459705502270234	0.963976384067113	0.6779716201622639	0.6424408756900742	1.3930680621370937	-1.4933619151354345	0.5521786188552251	0.22760297152218542	-1.2060618110953343	0.7142803120020409	-0.3342096542408647	-0.9542489609964092	0.13341535368231405	-1.3257856407105328	1.2348870913684118	-0.7243115269903243	-0.203783151938275	-1.6430528301730847	0.6065544603669198	0.2913507583461923	-0.3212598302931621	1.2012599207674604	-0.20522820017234472	-0.18772097503855978	1.0290382891163732	1.259587569934889	-0.4544656894517177	-0.3285960505441794	0.4411296384754181	0.09570028097212872	0.5269047919981862	-0.16436588349919162	0.13066854060667596	0.7794100205720763	0.05908416643957599	0.2521212698853075	0.4157064000791676	0.06058284936959331	0.0462778142210039	-0.09692366066620794	0.14451913092196755	-0.059855748840032544	-0.9376428793181006	-0.357429110468507	-0.0518314396193483	-0.11608496883298582	0.26554024453306524	-0.3365028421084819	0.23683344202476242	0.11529206682215776	0.569726995755911	0.10944224844348088	0.006556730985519325	0.32114834483388416	-0.19226569705296764	0.8134275496365231	0.12544496381970233	-0.12471007451171383	-0.2335129207153823	0.22615826201124634	-0.36634419757545683	-0.4097792792345408	-0.4095211964012322	0.32800162341176203	0.8370015144461194	0.844133299607833	-0.25896400449572543	0.4723367729997909	0.24222273172135075	-0.6107923170828106	-0.41127364791020077	0.21306279893884694	0.0542705005879728	-0.3112288599863614	0.2626418199773581	-0.2881176477088525	0.3905708985833507	-0.7672525347729948	0.11867310029647869	0.10334856356630835	-0.16133199633188608	-0.7064762835169863	0.011322745522881657	0.4994774390717366	0.1965318963615336	-0.30853604748293617	-0.03874371728401895	-0.053285678402446156	-0.058014470951790145	-0.8721686293490772	0.3187226235470093	0.45255547871566576	-0.3173195078547865	0.4359100927437728	-0.18384872709165892	-0.002368286005898867	0.2287280441821437	-0.045279089455432874	-0.4032864926458356
DTXSID4036514	6.058352771397579	-2.9373298130798298	9.988980314026502	4.33092374361716	-0.42172199026640056	3.4470323692284426	1.9843928033390126	-2.2733126577705676	0.21214269182130685	3.544801812577322	-0.27716585139595723	-0.5782860647658571	0.7004669827194211	-1.848255971989549	1.3855469176322637	-1.086714014725524	0.4181188553882142	0.4295871272807612	1.6231971537872454	-0.5830904591455731	-0.2239150518709546	0.41450357646314245	-2.7053487710544624	0.8780264792929953	-0.7630840511959731	-0.5800312153254759	-1.0524862324929374	1.390740737067623	0.6224434457433251	-0.5868243377375589	0.1561921287235887	-0.9103307585006601	-1.01126290430083	-0.8083261194574545	0.16022355515362863	0.7623244227106768	-1.1588503043421972	0.4026542194797262	0.7736694471224214	0.7427806025813001	-0.37637205773168025	0.6012318541623359	0.01970034229806366	0.5644176879668639	0.0653239041538275	0.2580948615559547	-0.042241173534283284	-0.2252225964059008	0.5006952106503583	-0.19315256164225264	0.03522144555850418	-0.038493063632427445	-0.1805050602230114	-0.03791975537030376	-0.5712805463653549	-0.540736040969564	-0.6495919642631333	-0.2668211914599518	0.22554184800051108	0.21087971340509112	-0.17096071589844566	-0.427830747009763	0.06054659650206129	-1.5399923686064103	0.48619073148282194	-0.2693799682456452	-0.2931469356941746	-0.102636386176591	-0.7034582040815005	-1.7239359116633182	0.4327048850422954	-0.2194237420505644	-1.0776923624729817	0.4274117554103848	-0.7901301267799953	-0.24244542176552608	0.810265402963922	0.23907922163248557	0.12792999107130307	-0.23520328202686394	0.2113632772613464	-0.33839204656409566	-0.1182178149067717	-0.19593943048966728	-0.07993371814140214	0.6574157370830928	-0.022779321084044558	-0.43350249772506033	-0.05657007012066887	-0.02164498900243864	-0.17411178799636418	-1.1164540332425743	-0.5840592083500974	0.23860386256546703	0.44902266976809474	0.08073204590493518	-0.3083621800711463	-0.21282925962745297	-0.10170039418776881	0.10144406104370154
DTXSID7022910	-0.3357117023208273	-7.2606758624558365	-4.119252117595013	0.6796799684166308	-2.4520214981690924	-1.2865212868660982	-2.9605021464260632	-0.6057939988013095	-0.3200327373831242	0.40415981016174213	0.6850605965114362	0.011984960010878658	1.2175564298460333	-0.29791169338118084	-2.4121764381522346	1.7526357401447468	-0.22642752802436092	0.8521031460721072	-2.3394907147231803	-1.6279880843479695	-0.41317104629387547	-1.249186669991092	0.594092445684237	-0.32962495616668797	-2.5849124627019893	-0.18861734345415387	-0.6293295981989524	0.7813126190791637	0.026779966327655048	-1.0146865255133137	-0.2534895360225872	0.39123965884490236	-0.11555578530737844	-0.30345740299993185	0.2506007453174486	-0.6079276355342218	1.8803062279138811	-0.19425877960229876	0.8353159968551207	-0.9789134683619289	-1.5197937507870753	0.7360677291228951	0.8932202325721483	1.9868186973365043	2.663880934459231	0.4817883698760103	-1.9147052029896878	1.4464405472865232	1.06663377635889	-0.9744760696681334	-0.2037518287341909	1.5730810095829628	-1.5760783880036366	0.056098536355302646	-0.48319542454084635	-0.7195965572689226	-1.5826390139214523	0.9330278036556473	-0.2641725990054855	0.19808509154634243	-1.1174002157408374	-0.7117671700246917	0.26710712534218384	-0.2149622936488471	0.5805279509021605	0.6178374286384359	-0.3437321036351203	2.0556858439764114	-0.23729068261377212	-0.8189195114245857	-0.5810181015160348	0.4743979116751999	-0.104646302107191	-0.08553250460814422	-0.2956341895353361	0.1623273825727113	-0.5938114512310323	0.20068248476844103	0.23739240626123892	0.11881537555990675	-0.13926910731013395	0.9097882597961793	0.446530296412933	0.2843676925570289	0.19478714020388838	0.04517118523755485	0.5928350383814276	-0.287459463923608	-0.06574399499198705	0.3687205147285764	0.10746066267002005	0.1030894485223298	0.5794011821449525	0.4807536205201045	-0.5430533243254585	0.4232085124119785	0.014528418941894843	-0.3159357177805429	-0.18807603821400648	0.959595701811424
DTXSID5067348	8.279994323428031	-1.1013258456870574	-6.555540668012387	-16.336198021791628	5.267109956289709	13.621544232448047	0.9336218104105797	-6.436609802448135	11.012037782672385	-1.977717232600675	5.093652123952938	-0.9325184211279781	4.147420748876491	9.78683851821205	-0.20313596333680456	2.8542001508849735	-3.360537733441577	-1.315938554463303	4.253651307401048	-1.7690061402483725	-3.3392377918464127	1.8044177153925982	2.9490845701997124	-0.37511365826147863	-0.6347297774576455	-0.5222825225461395	-1.4578101310811797	-0.5949557857922172	0.5378162505925421	-0.45989459504782376	-0.09309720811503942	-1.3376073263343005	-0.5775740966191302	0.341900534295017	-1.1521451395653315	0.18428262192092393	0.1356115290128593	0.6482388658462572	0.23964459813334227	0.4111853621264974	0.5172264126677241	0.22145391852124416	-0.4774683968318382	0.8280094495083758	-0.5726386052021563	0.7636582874876046	-0.662477545806661	0.09754366644738284	-0.742065614353955	0.750949390874434	0.04434659775378177	0.4076305638945804	-0.21517893696783066	0.3072405236051064	0.31337608155164426	0.7697537709911737	0.839664120005278	1.469341529141544	-1.5003448545350038	0.28474886752419015	0.4427269951927169	1.4441099677297393	-0.5856205185546547	-0.6696909333556242	-0.035666573240861386	-1.1451115964472653	0.7106351016596474	-0.6708667962291905	0.15886253055195973	-0.858485619282695	-1.4736536325889864	0.21290611548618568	-0.6724397614100392	0.8705050693431113	-0.2246327299266583	-0.4858876447956033	-0.30561000965714774	0.19030248775160435	0.2628487052293068	-0.8571962802456745	0.07385094409465318	0.9673174600388466	0.37957161014406615	0.8662241384624708	-0.797883092161017	-0.5114365731646021	-0.18855173385200824	-1.2758809567842868	0.5713926194860535	-0.8002418420122794	-0.9274531506172984	0.6574166360342876	0.2409167233634942	-1.0442994879405516	0.2070312231420572	-0.3261947292069624	-0.8729035221902346	-0.2798468881963126	-0.015436998113346373	-0.25474324135164983
DTXSID9047415	-3.019229680428842	-1.6170140861047	2.9508689587277845	-0.3143295719150865	-0.8369913388696717	-0.7106436238174813	0.3664133186946749	-0.8577507243883362	0.4578021425158588	0.3137818569836214	-0.061638729354675834	-0.06527808869620293	0.764424681048202	0.041167228574756215	0.2427654491956005	-0.19618598445978763	1.1097614864021608	0.6101471747229035	-0.20859647702784115	-1.3191383025220886	-0.10974153708590291	-0.7567464985477039	1.7269188812669847	0.2404878797667252	-0.3827856436731687	0.1280498661373693	0.37052337222247844	-0.18102761718225288	0.2225674787437376	-0.43072783751290195	-0.08264299182866419	0.3904364991695594	0.7855840629936014	0.0197036829530799	-1.2284536056048694	0.20386528455155964	0.49430629295747286	-0.22430743437965012	-1.0931406201079514	-0.8417124264049399	0.8342832653194957	-0.22204999780872553	-0.1278577134410843	-0.008037588147437439	-0.008345655817445981	-0.16412856742833415	-0.2209318179179076	-0.373478713243056	-0.013626017174424881	-0.19383369599128322	-0.14219328453275262	-0.5035981165493427	0.13415643207237654	0.05594267660064258	-0.17061681023701314	0.2013939906833124	0.47824212751944756	0.250925134706243	-0.14163586562048472	0.35550803462266417	-0.4569780207411944	0.28602863257785616	0.30030039513593304	0.2082438882943788	-1.1864910204538612	-0.11076297153651263	0.2585221542798214	-0.13930277166151403	0.18204501568216028	-0.03510093382527256	-0.06335175131999186	-0.3410905831146113	0.4551093913464077	-0.3449810408831921	0.38480454679419335	-0.38438163519843044	0.20642277202429293	-0.36094903390769506	0.3865454052501431	-0.42955441000926825	-0.7021359971811213	-0.1506772774299803	-0.5307064930406584	0.05469202043284044	-0.16093124972438716	0.22426762942094033	0.8232272773902045	0.6917007501728356	-0.0044306815194805095	-0.22258074858604276	0.09395985399225025	-0.2738210178439077	-0.26131351107678674	0.10678840277058066	-0.19727074386203686	0.14751530581423872	-0.16609894471297695	-0.2082141386052054	-0.1881852858334606	0.14025578526889132
DTXSID9026849	-5.742709325239242	-3.7394420252534237	-0.9506718111240821	-0.6202236207678676	-1.881023335399311	-0.5998320919164023	-1.4559280637561782	-0.48777086506126704	0.33378719477100616	0.5533352388761431	0.3929105848177471	-0.11853730245863749	0.041929236419186174	-0.7309528240801357	-0.7417629152958093	0.8653787662631198	-0.6111764852028234	0.23650883305513443	-0.5931257592183182	0.12320604769380437	0.04535444492690011	-0.10153445347485927	-1.3045361256239785	-0.05199800934267078	-0.9950955317977115	-0.03172590449856572	0.051414601687664485	0.7480068264053182	0.3317592099660802	-0.510240021565143	0.4196198100958212	0.2138588495064362	-0.2324755931464597	-0.47098500580843133	0.2553215739906064	0.34219158659503063	-0.30775081009773475	0.26726765552096077	0.2776780321989034	-0.10261893024151528	0.014160423614954048	-0.005461308339864706	0.31116211022594537	0.4415587849875429	0.18963549515264594	0.20654302907487132	0.09453453558596614	-0.32095224209701806	0.052342394524869475	0.07138494949584413	-0.002668449139417636	-0.10496828940779589	-0.04045731524265272	-0.009835229118250494	-0.2126272639293807	-0.0528631892865028	-0.11742323679421866	-0.19870275573347262	-0.11627963159899342	0.30422894094277897	-0.30803554251838894	-0.1934924252329065	0.23917054910563296	0.5095419236478598	-0.4651621636809342	0.1469786628193573	0.5567189297294922	0.20401164908359284	0.16211758028278203	-0.396541060661197	0.025987426669129367	0.04277173591038864	-0.21088531412850262	0.22760908261032045	0.2326612751099984	-0.1354194314853551	0.15936065866660803	0.1254063189786326	-0.24949176129773923	0.4526048545484845	0.13498297284756353	0.5157023643817462	-0.09803452520268455	0.2254154030777451	0.12099719486915728	0.39233671809843224	0.3139140378511158	-0.2103288514415254	-0.11482509497929647	-0.27537744044679463	-0.045567358948450945	-0.18827552070372228	0.19045176484516155	-0.13277274432537547	-0.22212738670429272	-0.39631827031643363	-0.3131817528820477	-0.09871358768213535	-0.10896961500192139	0.0037287450615005767
DTXSID4022571	0.2317750440884254	2.1956019096345885	-0.8604261512647444	1.1870155583049564	-1.2509700262117949	0.6708934036818005	2.0897925370142505	3.611628152907982	-0.5417167375040901	1.0219668722424533	0.056923098092282146	1.1114459600936248	0.7147321390337849	1.432152788960095	1.8612087406975188	2.213276652165176	1.9524314976580908	-0.8784885757691759	-1.2465590625732654	-0.402855621673646	2.177830417951875	3.3974849524620025	1.7399031581888877	0.6818989089444084	-0.32111447943784577	-1.3300517075930312	1.4785728766300092	-0.19477023531318882	1.6832227437345826	-0.8852199531953814	-0.813315086220151	-0.7814774886000767	0.3606164505421653	0.34778027468365125	-0.46671788616366516	1.6099164005977928	0.33582165955750726	0.6644129568300018	0.030463078564868573	0.10149904475709688	-1.4354673140613525	0.21749723109430386	0.21868487096476216	0.011521543845275976	0.34807972200074094	0.3434709426963704	1.2037982342118885	0.17470930169921964	-0.47088808650908615	0.5837452271424848	-0.11597875565864955	1.189955041494373	0.7352438409385856	-0.511759565982168	0.3792831708865325	-0.34964991978271603	-0.5469812422786496	-0.4539668878359957	0.8940900265345332	0.5769609380068149	0.47429722867313306	-0.11611082048557347	1.5667864312758546	-0.32901543420751655	-0.17083582955293303	1.1337511818735495	0.49854416770563936	-1.6693155128667165	1.297579423311726	0.07335522013808786	-0.3331325447429311	0.3739582851792238	0.19115138470294304	-0.5506865603767518	0.41571043784959705	0.5009450958334843	0.8766829936256958	1.8944746624920195	0.4079594399293593	0.41201683108152715	-0.8891683018596102	0.36252597618969296	-0.4730771874580614	0.15204199459231652	-0.09118959402610995	0.03227121280275668	-0.01942110451323457	0.2917670364081043	0.3895141732273609	-0.9644590151376042	-0.5922672022048191	0.8760117542215365	0.08222748310122562	1.5944033938874744	-0.2960542714321866	-1.3079407078985734	-2.003019674715038	3.6020991594352725	0.19320751615853818	2.459296242641118
DTXSID4046818	-3.1255997091859027	0.18516402753933991	1.718678786323497	0.4864560086192879	-1.5589776114253797	-0.6701340320996768	-0.808386400907481	-0.8503639028330352	1.3487925715912341	-0.22752703529875845	0.6380110148505742	-0.2408466271743226	0.14167468606059888	-0.38454368254356236	-0.13531941064413122	0.21854872750144638	0.9340887855786156	0.4702041490478036	-0.14735204466570087	-1.1821694523324724	-0.17404570907772832	-0.4167099332253173	0.9685779568595126	0.30535844327348816	-0.6557598297248041	0.9348721887009034	0.4405013528939307	-0.44768333609796257	0.3195410566951211	-0.6279311292134223	-0.4342618658554765	-0.29177215923194627	-1.0144037720340522	-0.44027739305859975	0.20774980388291026	0.10819951497906782	0.035255449428985154	0.8390358470037192	-0.3807036402612088	-0.04334701340954761	0.2510236842279778	0.45987450829823007	0.1067691617616753	0.08456966293155138	-0.05728744807179586	-0.00981688840619291	-0.05865152167926468	-0.5285301047494566	-0.09515277637289903	-0.10792905023446889	0.12003609675841598	0.12168829163830552	0.1794577518688519	-0.19675074910398477	-0.40932308620938507	-0.5591613572653661	0.28278747832322015	0.08441062785559028	0.04209781123633692	0.13641734581034734	0.05148260995597231	-0.03150280319973413	-0.30846949953656166	-0.3509534330696538	-0.04583051394290407	0.4537496635900942	0.1072884206927931	0.05527251779359906	0.5975916854709332	-0.14565721899637948	0.3025934020498356	-0.7827254443374332	0.8381428952628203	0.19277710084400954	-0.07905514552341078	-0.025500812652088242	0.495734527315835	-0.2027692450713055	-0.43216011890678435	0.3712799282551596	-0.37145064939702216	-0.17271017373259967	-0.3735691460927673	-0.05574870403663131	0.007130734657677914	0.44776908670390014	0.7406923475879895	0.7130538631880571	-0.08386633024726546	-0.438274814668348	-0.15428435802461998	0.03591428968780045	0.12141906565715693	0.05761894392585361	-0.12590126055038375	0.12581251037410338	-0.0501372674995266	0.06849439572359707	-0.07386352558150748	0.025982028280226367
DTXSID8044200	-2.098439482409849	-3.244804241187456	-1.6726198724313623	-2.328559044609296	2.030535590564598	-0.9145631754439276	-2.7494831063271015	1.2505395450271934	-3.263498027676004	-0.04504970056796972	5.287039296840457	-1.3226899236522212	2.852209103255607	-0.29958631512911993	2.883774277204608	-0.8799734475441293	0.43892634681748627	0.6425249595761767	0.08126260177036503	0.19376713339216853	0.002687954231906716	0.7227289932234994	-0.7082600220965174	-1.5442596457603157	1.3454784529240207	2.6205426082034577	-0.7092011325950814	0.5410693733209264	-1.8991786776767436	1.4510987473808874	0.8734866547581934	-0.1768929445446239	-0.5912126113307744	0.6390943070262294	0.21724432451320902	0.10206567983453496	0.45005726434741294	-1.5578534038014824	0.9038555890681863	0.01595424453621883	-0.9681842362188022	0.15429889055921434	0.3807218305328541	0.1512720062681108	-0.7872058781122643	1.6011273090812528	0.6881077501903495	-0.5499682957401969	0.22082328701021292	0.2656560620077978	-0.15296201304880794	-0.06747668808137561	0.18312375466581096	-0.2837217469041829	0.8394490276004154	-0.7700296954281556	-0.49070885272679376	-1.8463132528647328	-1.4897165494610403	0.2997565149791441	-0.7929827727033711	-0.17392438011937975	1.114397233652212	0.4809060314197696	-0.6067079418330478	0.8783096483408752	-1.9229263401970043	-0.4351027156176361	-0.16813468984965094	1.0687609437183765	-0.40846392496959666	-1.464807001370081	-1.7924905426707751	-0.12116567987963309	-0.8243427728048811	-0.9760600872834002	1.0342196137405706	0.15074713827796213	-0.8080308088957866	0.8677347507650015	0.4448954911820404	0.4181463977304629	0.0028579738394401617	0.6686975570943834	0.43798697732339176	0.39710473831877163	-0.7951070045142259	-0.4447583614891648	0.04970943818609968	0.047554106084290594	0.6452213038954546	0.17340300654104265	-0.1892257124182419	0.14205051430012874	-0.4911077154898561	-0.34513979398951083	0.11286336357606903	-0.31727212696569285	-0.025518233725648265	0.2075349029452247
DTXSID3045198	8.820177351603279	3.4490991562306643	-0.7320164713120584	4.943759047472046	-1.6674989536730498	-2.1709317275190285	1.1889352125117203	2.0717103014213785	4.599219251056556	-1.9791083651568986	-1.809262875825883	-0.20526275567451804	-0.8422476835722865	1.3801013819192318	6.185858892807181	-0.5168141850888168	-1.9680805991312451	0.22644089066382658	2.4938079058058373	5.042611783716132	2.6911962546204276	0.182092614409048	1.7310733233988767	2.0971261344682204	1.330797699283611	-0.7299887559059571	0.21163687325794694	-1.0863075136296982	-1.044598434328916	2.122571519584093	-0.673305329023545	-3.1582064932255376	-2.8042710284690795	-0.44679698353778685	2.259153612284649	1.4918121258579593	2.26793448291001	-1.1974783796159731	0.6648372248790945	-0.7074821471808862	-1.3236040581975816	1.354818194259231	-0.5944505605011099	1.7540590250428467	0.8328602144699963	-1.0834797059086148	-0.2826769119946675	0.04190002736702106	-0.6792392449097417	0.35433769620906874	0.6039246079948589	1.6252348813572859	0.6356182019713933	1.7046899009572218	-0.4053027474276364	0.5616900689054228	1.5829016466397738	1.0082549494297317	-0.22032713054931374	2.533714505771046	-3.352587451373114	-0.7288542223823803	-0.29153323629576544	2.9311891976353555	-1.1573377528237265	4.026020707311999	1.974067078198914	0.8820863859340695	-0.02681509999592746	2.1607983461469806	1.1101051659401	1.6552945795789582	2.8738229784906215	-4.119960822035143	-0.5294460055173424	-0.32552898464859203	-2.5302440826039927	-0.05959609169851236	0.7349974599644093	2.694968260422437	-0.6982910937808174	1.5022876995829497	0.20478805678380876	2.180993382456469	-0.672774744715281	0.6312935951804238	-0.0654976995980324	1.6487016374537886	1.4029673176148632	-0.6180245832069742	-0.6782883135699938	0.5232946167532102	0.23903217168971627	-0.08834510733410215	-0.1494443466732638	0.7016404818290909	0.4493125616960839	0.31682188621287366	1.20956315995471	-0.7088150383736366
DTXSID7027386	-0.6908638272409691	-1.0820097509536877	3.6057385353037796	-3.5310785918504606	0.06468331666644353	-2.849575961041624	0.02136455520003993	0.02990214012999842	-0.08297981761569234	-0.9085242385083061	-0.08278725139274533	0.5378775657196175	0.4972407905251416	0.02420936992609482	-1.6699200102829572	-0.8170315435340777	0.2810583061330913	-1.1680884084082575	0.35948147623104293	-0.2175742878751728	0.07360120665811454	0.1911226168450815	0.7294319565107822	0.23587648259479813	-0.5509554448190772	-0.27464051927290767	0.11307491149601893	0.0017507565933526587	0.24632670847007151	0.20360462013260722	0.26987518961610135	-0.5724221400814404	0.07280431744900707	-0.6270058566715223	-0.5481131148326481	-0.06917669269658853	-0.4412996003270417	0.26071157848336496	0.2582094632069104	0.1836743829167602	-0.25486489656115613	0.12240161936868765	-0.3570740294597594	-0.17917380698283605	-0.06965392553626122	-0.011501363421167296	0.17406543539853891	0.19778990068351263	-0.1443896810890077	0.1270393675708222	-0.01178076651927897	0.10734804273671943	0.02663346629180117	0.044571701899234366	0.06345663143988968	-0.07167539403842203	0.27218494908064594	-0.08916996527557738	0.022968641317545314	0.1257492762965628	0.708603375112711	-0.22008595558958846	0.006169762378633743	0.11964684596225081	0.3289463075111406	-0.19364677214948853	0.2086282481858912	-0.33387393218728134	0.5005838665204813	0.2397436565095304	0.3166652863474565	0.30549545624557845	0.08784880126171943	-0.05178507219720813	-1.0704866759785565	0.2915374593402017	-0.05492779080728367	-0.03634255996370817	0.08762854384825784	-0.10185830829073887	0.17556016984854464	0.59990614938959	0.24887493719492632	0.21721989621878543	-0.8557471545300418	-0.5577924365536472	0.20365014814528246	-0.2879880418204841	-0.2875693803577268	-0.09387137054845958	-0.4673380359818381	0.26844580636695187	-0.3605015720909203	-0.06798790445763625	-0.23135799584814176	-0.03129030000236281	-0.41106770649936886	0.1224213147599684	-0.5036044773359677	-0.2767526030736618
DTXSID4022993	33.062504556225434	-7.474777622034843	-0.22722266677255062	-1.055613214789767	1.1243895795498768	-4.7951541324428355	-2.9224203983715857	2.7039697021795437	-1.5689504731612727	-5.34144236905417	-0.3768064362460663	3.310004725861928	-2.356913766626317	6.483711546427213	-2.0655111106303674	1.3821302496724397	-1.2928302686217434	-0.5680372423096235	-0.6417445106311723	-1.7045034326030641	1.069362828412973	-1.4011347143128043	1.1181274446137572	-1.1092449463248244	-0.09026627928823704	-2.0416726746149534	-3.276041305390784	-0.7397183019805595	-1.7001909961951547	-0.3999765324700516	-3.6234931674809747	-0.43202290432664997	2.4739137590792044	2.258121560276901	-1.033490336479052	-0.12687655310373805	-1.2511039748237616	0.8100696435737197	-1.5850131402538048	0.7544253155100821	-0.06315435918399616	-0.6288017003199344	-0.3715706273463479	-2.5810521336336367	-1.1687414944037167	0.1422975372621883	-0.6874446585339101	-0.9242646570453934	-0.7626250146325564	-1.4284518862396571	-0.18595700304777918	-0.7727932810579315	-0.08216106327992734	-0.5039152893657166	0.04710856025540642	0.461703940983115	1.3393868875262092	1.295515562462882	0.0797610634183164	-0.8229559121606274	1.636386850258161	-0.11681433175087033	0.0622251873184608	-2.130567474359218	0.3472466109479453	1.2057095676942524	-1.6817671492365627	1.0660145450362482	0.9364085645635497	0.34452022264592475	-1.4690156161820402	1.3044221875938276	0.5902058995277789	-1.628210875715145	1.8151251051115946	-2.728599901307293	1.1943384247732651	-0.4800006727660015	1.0996521557189265	-2.5750533938400992	0.15650235769717777	-1.9997485290186583	-1.0606267138669974	0.09081773424982414	0.6157232239941907	1.4889188354670622	-1.8919153433113487	-3.0439039461177098	0.7804505881113448	0.22205345860281447	-0.36111944840093446	-2.387684719272662	-0.33831967628198234	-1.1260823680716172	-1.395691127112901	-1.3686984607362978	-1.696048163662117	-1.265228589163694	-1.051736511805353	-0.8118199181247915
DTXSID8023630	1.2607047429394835	-2.7391471342612834	-1.4692274405384118	2.2846705135994343	11.792455315148866	-2.955958850431774	-1.1465535554502488	8.822105598728292	9.003801919075109	-0.4669098418862616	-6.868238676335228	-3.2709916125749903	4.705136469074041	-6.163599613380387	-0.09345739474208514	0.018659293526362027	0.5817306700237052	0.0675313141135946	1.8458872748587922	0.38558571804817815	-6.805641700591842	-1.303232956458524	-4.675961251773388	-1.0393591612983615	-1.8337726273732848	0.4533956570191529	0.4670376154537633	-2.0625647124151056	-2.072029830338475	-0.18367689584414318	-2.5768287341991294	1.1139521359302722	4.116805207219821	-0.004325167346427903	-5.417509591010334	1.1006336112683734	7.681705079548586	2.853979924729094	-3.1381359643407656	1.6923734292649235	-1.080481002703072	3.71968605934729	4.524368625751743	0.09045379228847554	-2.860289071155797	-1.0475746777137849	0.85727036700883	-1.5730681656827061	-2.3306747619055024	-1.8534890579875403	-0.2190203899086232	-0.6892967155205049	0.9816573672482137	-1.650506980663684	-2.9671983890282805	-0.31723857229323277	1.6804144479925547	-2.307840068836294	-0.19350625072104227	-0.6194634862178806	-0.7232781952342631	3.665599845690063	0.43072372667010295	-1.0383243498108221	2.265771833834281	1.8141560305492048	-0.11272525109693121	-2.895662149380611	-2.8934766492718773	0.7846578025835614	-3.3401031382218758	2.5210150815670493	0.35258307176644593	-1.5338591814146023	-0.8588883592906345	4.606805439601376	2.695961147876193	-1.5741413461797862	1.3499293706431583	1.3268843676412088	-0.3222554185635631	2.1404291292929036	-0.839458353857358	-0.5140331797582914	1.0376385324628334	0.4023062974542039	0.8610181490587118	-1.6399311473950282	-0.5578096749370874	0.5077694908492871	-0.010779641714698687	0.3823923377327329	0.525638898001559	-1.1480375297336198	-0.848647404423066	0.6312673051717623	-0.00042804276358883935	0.6047873632452422	0.11316754221599701	-0.8058155342945118
DTXSID8042264	6.323132313548951	-0.9012670162548325	-0.7351973038624865	-3.802119307359086	3.3239330832527396	-3.686731824309975	-3.5645409949115754	1.0861226452181627	-1.0792627670726147	-4.289736261177589	-0.4932556573645597	-0.21859323555241297	-3.2875459691590305	3.33683221029348	-2.209134848908047	0.35301988784860916	-0.46981990210496616	-1.9511998223404394	0.30927075755833056	-0.6432201278654006	-0.029108738622982903	0.7495743590275311	-0.6311915965016304	-1.7395344098989383	1.6806030287708469	-1.3461047279420513	-2.2915602544413356	1.0393790294132996	-0.3942191682865245	-1.3529729025367858	-2.7636450166408126	1.0475932417254403	0.5710705345876976	-0.4672819729108426	-0.007060583493895482	-1.4575426407796395	-0.2631727432101358	-1.1125663772235195	0.1453414863104203	-1.1149827527538052	0.3947951539713026	-1.1437043687859652	0.7518608377311251	-0.05599146307751458	-0.07984448218845097	-0.35260492326908893	-0.4663481359390758	1.1542372878622427	0.17880845133821754	0.47097599885161895	-0.2996950688422926	-0.07496558618000104	0.7785955117292922	-0.6161849967081798	0.4893637377244704	0.14734623186455917	-0.24575680487759724	-0.20022057468644933	0.6850331828394473	-0.14052651845706385	-1.1174889424490693	0.3419331181594161	0.414749207455561	1.6624905926668712	0.08406251518596733	-1.7670122816463634	1.407007598993126	-0.5691746399266301	0.19246391333990062	-0.5846717011696839	0.8512832410635045	0.545946365985533	0.8838846849672202	0.16845602279563449	-4.608315176474652	0.34995141536381513	-1.0500990523634959	-1.336529915610567	0.7463239448248443	0.7449169321177712	-0.19748128472906357	0.9479716065184169	2.8677452589305514	-0.45833809373221235	-1.0988143833891093	-0.8347180057505214	-0.5025930530040201	-1.415865974131216	-0.35924157462390827	0.4796895963007718	-0.4381919883306025	0.6460848823532295	0.3984894084408201	1.5608812633988305	-1.2782088354571837	0.11063642596692816	0.11984596315729189	0.9065646027507676	0.7375509166832841	-0.5049338221973785
DTXSID3046243	-0.8539103162387279	4.429966956326338	3.2387709949644967	-0.11589053967096366	-2.3919961732949546	-0.6500203457629106	-0.8202955502463508	-1.5191047627352001	2.688189998328112	0.38484543611625377	1.4020135562047449	-0.4642554509767664	-0.3293159582433962	-2.0620245858771304	-0.23340019351149877	0.5106729718127413	0.05687952385586658	0.3523417284619189	-0.6271921031368615	-0.28450448033181275	-0.3512179785349664	-0.32332222158653384	-0.7521813069739254	-0.7848066497315911	0.9549614604029973	-1.3245241878933656	-0.5150882400040329	-1.0045744849654787	-0.33370623017600515	-0.059230713537057604	-1.1068094724480064	1.2772172434962548	1.5571103470722778	0.9626613581240063	0.3700459977032087	0.4945569820644708	-0.8354939120365656	0.16921551176425967	-0.014884851809890213	-0.7253829646484117	0.2541011694790657	-0.17509412224388554	-0.4445279891972973	-0.3885470830243029	-0.9998267278514505	0.6327301832158495	-0.022815981702090246	-0.08285135670518853	-0.1368036876592997	-0.10870243363917081	-0.14967093117470107	-0.1805288474191664	-0.05199692877234416	-0.12102008266998206	0.26720106366456114	0.7738495993455008	-0.2349820563158948	0.3156793848222045	-0.7199973741840506	-0.6070237159704477	-0.14521903884117868	0.7733824209819256	0.41038696693886034	0.06042761962981364	0.01718941887084632	-0.8223015988925533	-0.42975059567196144	1.922119662252407	0.35372713191054445	-0.055623032665343526	-0.37441882926070497	0.38218772994779465	-0.0873509758414429	0.23542324357582176	-0.4355598276203114	0.38981721101623434	0.5547876222049439	0.4609800521307581	0.39120979520451854	0.610026907889755	0.5915428041504486	0.11736285581428106	0.4537019401284218	0.44708414360197646	0.14442341336169237	-0.258825235765497	-0.8897340183184497	0.5919480950162148	0.595569023292184	0.042996225684536475	-0.18281838908186207	0.5996504079067427	0.7603295020564003	0.32421601125443367	-0.5749763876449614	-0.3490517707466506	-0.12535322199440047	-0.10643035984030011	-0.051966412209188156	-0.03173918911297548
DTXSID6046507	7.661600077814291	7.414245115250592	2.0505980252601628	0.18242220860013303	-3.9301250479896495	-2.0946624537607277	-0.8307960911604186	0.785768714547803	1.3196475868830213	-0.3984456224248827	0.4654915543721763	0.7174159155983519	-0.20127396129255526	1.2376858718272508	1.9032930660326581	1.8012909547816986	0.017677030753257075	1.6426350874073659	-0.6629650444339551	-2.5778861169324374	-1.029806489919158	-1.3745526379975639	1.247556172084238	0.39792990017646307	-0.27537444354635104	0.568930887362304	0.0794909113902872	-1.8963462902043804	-0.12551011039502624	-1.5947511421289762	-1.9776216880833701	0.3307212576765843	-0.5876896735147972	0.6854391630607238	1.0482940895350026	-1.6651709368998515	0.14372597087844732	0.4369775657587895	-0.9992179923934844	0.8197847946510574	-0.15618731349158635	0.4152284402146544	1.2312781523403573	-1.193350829845506	0.005294414430090737	0.1786215696120997	-0.8414371176367433	0.3641931550321959	-0.15137013118231965	0.07536000534433268	-0.11875885967262717	-0.18927411453997872	0.7612235635353188	-0.508386882274483	-0.13979878801203025	0.292016173945561	0.43771916139403305	0.6658839888167097	0.21798635071863773	-0.20435129038136557	0.36435486417707585	-0.496680765124146	-0.8247373930378046	-0.4886624701877248	0.8735525759501882	0.9766856972666339	0.022364877588031767	-0.844232216623209	-0.5869209362387703	-0.17438146260005913	2.4576577264571684	-0.0766986613684697	-0.46643862760845795	-0.04180898659587614	0.95303447228853	-0.1282776765220559	-0.2792837656497833	-1.0552608513489787	-0.708065919971368	0.8877097633748888	0.735579590585206	0.8549217086902609	0.8015595585654501	-0.041882600656444426	1.1146995564663587	-0.21774187756467997	-0.07668683189763716	0.5723516864275369	-0.9129355782738248	1.1226705388328035	-0.9861262826014886	0.22329882623404385	-0.17955056139725573	-0.5449020625664882	0.18791839284562978	-0.44701030901625183	0.29208145125297047	-0.2551214506919096	0.3102980545707131	0.43603961759241167
DTXSID5041772	9.94903346158245	6.029173467393519	-6.640432593739434	-2.290914052358899	6.399632024616986	3.631350841505942	1.2435410793926271	6.02505783664259	4.008552573768052	-1.376775103671742	-3.141925275628839	-0.42594590767161067	4.549012794188159	-0.224741475029228	-0.98471856878259	-0.5283343321772874	0.0989440614346379	-0.3015425551846646	1.264910867026883	-0.6023941158394199	-2.974556400208111	-1.7864901715217416	-0.671972580874473	1.731357021364757	-1.1785630725995224	-2.7648189108068766	-0.0189126115816048	-0.9101524737849553	0.9939584177180069	-0.417165142697259	0.8601075197654351	-0.6237152389780617	1.0034519120015633	-0.5021909792376691	0.15727750798534335	-0.9652278067377958	0.9410408405254579	0.16299883150383904	-0.4854136776513783	-1.1003585900396626	-0.4907993177984681	-0.6636868241520342	1.570954682361572	-0.10432487841190465	0.05099326358951816	0.16663275166901523	-0.5238263581874035	1.3733300923495566	0.21134842832627193	1.0170795426730683	0.018605342734472237	0.4538742500723497	0.2643717291419551	-0.2745283177602638	0.6070020939698525	0.1291190962809863	1.208428416575215	-1.2131848659820197	0.8574500229474873	0.7177240996378257	-0.8739930255912016	-1.962862650835376	-0.3009753804434103	-1.6808221722081762	-0.429574496979992	0.24273581120188495	1.0360726148537795	0.984173068117571	1.055216905113595	0.20800411785903752	1.6919584870963134	-0.9069685378894147	-0.4248925866566595	1.299939580199467	-1.0480127733848814	-0.8819059064329429	-1.3085745542295586	-0.03433473595143473	-1.595446544780609	-0.8978384046945034	-0.09005126399736346	0.20126460031994325	1.162762289953146	0.9106870182854148	-0.1638803257357467	-0.7363824965564706	-1.140537260453042	1.113127850266641	-1.2765791279917258	-0.5380674758075112	-1.8451496542080936	-1.009958535953996	-1.2963444546857144	1.2810555880804224	-0.4587927370796673	-0.5236040065895977	-0.5632173486087179	-0.44971656437583374	-0.5560873549425225	-0.863467911882048
DTXSID7031458	-3.5420466654807656	0.9116717169053518	-1.525278735375328	3.4211364282641643	-0.7805762409047752	-0.7492510001232294	2.5143408449688804	-1.0704939208075614	-0.04044789988762527	-1.4139574184047616	1.3902228335692461	-1.3357800646141962	0.3078249097930895	-1.2407179034055824	-1.3883733170771522	1.9928001762640926	-1.6440169791428363	1.2187554496069415	2.6215966963255055	-2.1542768920773345	2.2912625365071753	0.5396295912669014	0.732227708923656	0.637467650654239	-0.7845217197075982	1.3845271700952078	-0.1428648908135872	-0.13084521572440286	-0.6086110581802215	0.13315527760146884	-0.21412993584035922	-0.7480373015392138	-1.076980389382179	-0.20961286176829397	-0.21949692349210798	0.32095214085089346	0.17845972085116274	0.3930172786873355	0.4008652607550367	0.7274529859359259	0.31891883752634853	-0.31573598695987753	0.7132793462266388	0.7400290642296445	0.06819882665934959	-0.93973672729893	0.18129657216102407	-0.030067390676176916	0.12645978130656296	0.40101757180984005	0.2589797704133556	-0.0752072052590419	0.2983945334394706	-0.23309803994620518	-0.29330557761849296	-0.8108110187394207	0.8720116983964873	-0.6458628809935278	0.9107073184771225	-0.10185180069000911	0.09686825880015373	-0.4882271199763975	0.006376424963736203	-0.41600493713801023	0.1954453723493401	0.3059614640363707	0.7087759777657116	0.21090581755163681	-0.16223293963927918	0.7294746414827274	-0.5454012551182059	0.5647857890355973	0.18423891190410657	-0.1775574660638275	0.683681141687705	-0.175630985888868	-0.009066457055711347	-0.4579977286766181	0.36651105711757587	-0.052166751805451834	-0.07218106590500974	0.11122878399343188	0.7545192101866163	-0.1311963904438985	-0.5673631723053081	-0.1449702655218558	-0.011568848722033046	-0.183589695707333	0.2427162817218181	-0.05939125371592578	0.24105599903815747	0.405708195082128	0.14056732287462498	0.5792883532475775	-0.3609282988636529	-0.30098025671446516	-0.2991279337084617	-0.23607664274288315	-0.5831903836016848	0.5359111656043963
DTXSID7024247	-3.2535759728336577	1.801151487804332	-0.26599443150830865	-2.986333686806398	-3.358448516137156	5.376697885768129	-0.5199559660085967	6.143629584338944	-2.2711854100782576	0.000293497852958628	0.3081311356946746	1.0405681215631426	0.8062521002311827	-1.575491601551397	-2.015881461907725	-0.9607465939806222	-0.30579003363681584	-1.0977784529572239	-0.025688587230394917	0.29572664836051965	1.087537404276257	-0.1673758248968627	-1.0715425473001958	0.3950181669929078	-1.2691879081017903	-1.161621503396653	-0.5080380684022889	-1.7305552879967376	0.3593424241810757	-0.5727437096536759	0.29562144498085174	0.9398240718932089	-0.27357584502297	-0.550870520680697	0.16357075642066338	0.4062482179484544	-0.5955369189122891	0.44874124009005417	0.6704338757079952	-0.05856563064631327	-1.4899848953750268	-0.09605022845334184	0.06342388883885644	-0.5625479329335423	0.5789064121477766	0.0837403508793797	-0.7909305594705484	-0.11311043977926635	-0.18259124378359176	0.4613756840509029	-0.04832162156094351	0.11937996465625625	-0.28930271969303395	-0.17089237497260357	-0.2515424707682485	0.28334347293560525	0.37142039382844305	-0.7434594546499823	0.2612694797737795	0.8872743259699324	0.4628937829888244	-0.32228754434531104	0.4228985671195709	-0.14217166980023746	0.22284028918018567	0.16669867164604857	0.2538087921226818	-0.013905346505617762	1.6255155224626867	-0.009074706827222931	0.44035185802289784	0.7888727651299648	-0.11555367844756637	0.7709431686661677	0.28560306701899657	-0.3963427515563498	1.5210788590518698	-0.29461571978055007	-0.326317642217779	0.7816773642588175	0.012988578231390581	0.6958874539887415	0.6123548113845494	0.6526212618332324	-0.13297310229839518	0.21891829860696796	-0.4047083975429999	-0.4249959408763027	-0.08165671313056705	-0.09013645971386892	-0.23460680698542477	0.3367893896043786	-0.33376790002564044	-0.462547058297521	-0.3150968872404985	-0.7470568996866869	-0.21288428505366558	-0.13866590047088057	-0.12513911910053457	-0.4152127466096289
DTXSID3036496	7.175512725434554	-1.90176296766749	9.379617685026883	5.776277547817037	1.4942047143871304	3.796858643823757	1.3356106782062676	-1.8080015635334543	-1.7389729113048233	2.641088304287824	-1.1438710689575917	-0.2226535013283271	1.104002982669725	-0.00885082235241562	1.3652040216334906	-0.39597723574016985	0.8874527103955987	0.44340969452008694	1.9717704487291843	-0.5110300282621155	-1.3592488830235765	-0.6734064634489566	-2.7960950918919467	2.731845103262387	-0.9518173517239796	0.2806466047684398	-0.20294837213292977	2.404266180079655	1.2204453284914372	-1.1826561580939756	0.3688654319065972	-2.788639843244749	0.6588080486501882	-1.8396090398884923	3.532313186744597	-2.5538044251504526	2.990424085841164	-1.7443712387069725	1.5615667573908578	1.5641250429235567	3.7933300125066363	-0.3475397181749152	1.147866304200151	-2.1829602748028294	2.549738604386894	1.1847236151327623	2.037204824219765	2.370253447161757	-0.8479286212225552	1.6341783598761805	-0.3058220317917669	1.0177544603420912	-0.8095188899726983	-2.710079463227322	1.1535417284255407	-0.4583267944846306	-0.3263862934754569	-0.20039526522189155	-2.0483994446346188	-0.40116758224749083	2.1672897548288703	1.0630362737922552	0.9107869235023011	1.7845946063569242	0.5419261245126502	-0.09917263972873913	-0.23743559868914882	-0.062105981141005503	1.8676161763428527	-0.08430619850997756	-1.7647850269777223	1.276606691785597	0.8471218675590068	0.521045318561005	0.29022679922426775	-0.34009154745058673	0.889504747464231	-0.06861238260677437	-0.553768490207709	0.6935543631578941	-0.19915539565499887	-0.6626223327867973	0.09240129915182889	-0.3096163043070216	0.025403287901426864	0.20516847245491582	-0.03757732385971676	0.06704430850467713	0.3290973973484146	0.19734542965168594	0.21160476941149217	0.2970496282227032	-0.11241616123400613	0.11864218120692938	0.6149807633677487	0.3552290116538072	0.1639773078064298	-0.17361364898937307	0.4868559121764463	0.1806938411626562
DTXSID2044719	3.931608542028883	1.4040518458794775	0.012146229769976716	-4.714208241666216	-0.5004680062494251	2.0949004957914883	-1.5918963732361733	6.001927202915487	-3.147565008917799	-2.0667551596884217	-0.4400680832219417	1.0783328608940912	-0.7074708697758231	1.168743033712163	-2.562591461787717	-1.2391523965723865	-0.13853866467723128	-1.9670877029817975	0.6978002015913966	-0.2914958298591829	1.37410531482872	-0.04579101247077097	-0.7707724568303119	-0.12790132754647865	-1.290439296960774	-1.0651499807591003	-1.821899155061439	-0.9368931629982025	0.06703441977701295	-1.161833537139222	-1.3681898549410025	1.077494448388013	-0.3075131289518186	-0.7430020678695403	0.199396367792328	0.6205739064772201	-0.6214798691791223	0.7331104660893167	0.26455387851116074	-0.47232751498795944	-1.2623212219994513	-0.48097080572872547	0.25443194851675865	-0.6287153691461511	0.3643237173954595	-0.1896114788299874	-0.8940567135168754	-0.16104602776935154	-0.13820404882487322	0.38574142128423144	-0.045420668966226777	0.1255965645566716	0.1259957516506709	-0.5501792725251373	-0.27458785136591535	0.7222965868776865	0.05962075513144418	-0.45517863074660747	0.6616936165490636	0.7224560830021528	0.15944004978573675	-0.033406073212043405	0.7719629561915634	0.18946968782553253	0.15619943548282447	-0.7497267373465886	0.6701143096254869	-0.21759686350021396	2.405657804938659	0.6571247154120192	0.5103558235018081	0.4699740895397718	0.08962563239128407	0.8823079087644796	-1.0896925041419379	-0.3466207129551234	1.0855391239970118	0.09985442829186277	-0.1463498594638859	0.22848713275298488	-0.14073028346501051	1.2068709169147174	0.5583515422144252	0.7004025397184795	-0.03861342074449601	0.5427707494921333	-0.013912825981269217	-1.725096211294398	-0.23518211069561498	-0.560587971367384	-0.5526651967255903	0.6154877715501628	0.24635328552231878	-0.34095920584402145	-0.033613323975264266	-0.5370718796425893	-1.110557063849993	-0.2793014632272869	-0.23147028177082085	-0.30705462252793675
DTXSID8024101	7.114276501610124	2.2050181369614417	-6.1070629892339285	-0.7619241726179625	6.472987803683172	-3.1264397864889553	3.604266379971225	1.209120434352677	1.7512085570925326	-2.325778268259253	-3.372140727525373	-0.3295706767342537	0.19239601122435976	1.8938781193581848	0.7236278120838477	-1.514115201458109	1.0060033489038698	0.5069912091198453	-0.378877643621421	-0.9215767426668152	-0.23632130399050708	-1.4026612491607988	-3.8843282955024674	0.8923604093134591	0.219805383657526	-1.2960782035993332	0.7532532070766066	2.3804763676653504	-0.028085340640588985	0.8779349160013031	-0.2587695763480456	-0.5359173617968797	2.0446954118156353	0.015682104606604855	0.5264824191238915	-0.5121842268618625	-2.114130479352449	-2.201520385819923	0.5818916071997196	-1.3829247426716478	-0.15617299561805845	0.8965640128875293	-0.9436228804479322	-0.30115310425319963	-0.5060569999478601	-0.20932140185021156	-0.6495807819081697	0.21342754321337837	-0.5216586024577211	-1.5230472152550274	-0.09021599590074124	0.045903894013245086	-0.08894125467782439	0.5476438359115904	1.6247295419634373	-2.0829628095493695	-0.3704599272688181	0.3803230213109231	1.7314043253037785	-1.1626940820153535	-1.1396689518866094	-1.271665838390683	-1.6086265842330125	-0.9749261856882865	-0.2755409689956005	-0.5095233768163034	0.5158251487494562	0.8047709040990897	2.5037218199210622	-1.0177967408405797	0.7029870823721323	-1.70750215415967	0.9135892776358072	0.5392878522933704	-1.36626121856865	-1.0393348353382759	0.37249624061283026	-0.5899897613395334	0.646811036054248	-0.6527144266719993	-0.445420596487044	2.3761686684927454	-0.8563822804731595	-0.518030754271986	0.7074858153550125	-0.16067771148640184	-1.263439667741783	0.006601078840809724	0.8854244095665051	0.8764162042539233	-0.71610936495202	0.9663038996361215	1.2164528641742622	-1.438299122760245	-0.3718104891713005	-0.835240862510611	0.22473713010979993	-0.04278897410614438	-0.41700994454570905	0.2649521211781879
DTXSID3034165	4.030920292935106	-0.26147666782131324	-4.793703625987002	-0.02479962438542887	9.010655516206937	1.0259262612630058	-0.548388139625181	2.46073160352181	6.736877515968234	-0.3880230796566523	-2.367885314521038	3.583685284066089	2.1593131931556417	-1.8538182654636883	1.0051395533990664	-1.0860315618501917	-0.29953821385870555	0.24880331598387945	1.3448847601555038	-1.1308593137173457	-2.0597751499588384	-0.8175554647726831	-0.6961893888036496	0.4179403089245764	-0.6380388868631925	-0.4678994071530574	-0.28883448186744304	0.22377490917641008	-0.052351220762235084	0.5115736636525439	0.3818563649257109	0.1818473714688097	0.7567900605889792	-0.273690693481455	-1.0150373322197321	0.4724851472023763	0.13403228559620223	0.22133156039247479	-0.49495482242196015	-0.3003913076299323	-0.5701954256614332	-0.5451133401268657	0.05244971050435915	-0.9346881112322012	0.285248627674639	0.011938150729688596	0.613911537504001	0.8084694904451339	-0.0030593651359661425	-0.13980057160538611	-0.32463626824835795	0.3340083772755072	0.06908928141077646	-0.13687088513823278	0.7876527725597721	-0.15959069173643112	-0.4906000955864405	-0.1879747546434006	0.07630278262331856	0.36782178954780936	0.14612072382808516	-1.8356403769412586	-0.3880683757237859	0.11625973040349272	-0.10617186145656095	-0.9753105381019916	0.7560799397188057	0.2869509981254954	0.9044937484591056	0.31194566721531636	0.5240373232949764	-1.1950681267188619	0.22504634749899005	-0.0065121160288890215	-0.3918767178449046	-1.0881880042618126	-0.8727509900864363	1.6943585507521486	-0.38089591555346136	-0.6427804250189451	0.3324232637074562	-0.6133284746573836	-0.04315398731212079	-0.6933888416395994	0.5212748759023949	-1.0246465782160314	-2.2836646367814604	1.1866697959357604	-1.4464721423866693	-0.5856438472948327	0.1068787040491092	-0.5313050903867615	-1.4440769733075123	0.5360406170077967	-0.03935602740895994	0.41827912430209285	0.0708854307161164	-0.5515025409954933	-0.4128482229198047	1.4428976880065862
DTXSID8042266	-2.829828476762479	-1.145915101812406	3.92568134393952	-3.845733040608519	-1.7371889101674511	-1.2306037215496666	0.8713396330074875	0.18828572892672513	0.8048075762076523	0.8631908844555082	0.11750724589622293	0.4302728215762058	1.2809402977355708	-1.3797550022521363	-0.7851430826921374	0.1521752375695153	0.05956380516493739	-0.44085370766272686	-0.537703514943333	-0.04410468198237512	-0.17333832356820125	0.33946623193545805	-0.36835519542057193	-1.1374828119814362	0.3279987278091337	1.6048145762883659	-0.39615209881720853	0.9047902197526458	-1.3070549455869622	1.6476836979278902	1.3338037350573992	-1.4092615756076503	-0.35089087750069264	-0.13632279514432522	-0.6103861085643704	1.072538486216884	-0.7169907379144003	-1.601166952926185	-0.053217984161819346	-0.6345141032983015	0.0579201467988248	0.3559295261501621	1.061364321257341	-0.3657306404036873	-0.5972817061397864	1.729695771483791	0.1777156779552094	0.13567082647917694	0.17594642297391538	-0.0641429653910012	-0.21737429097619831	0.003208447840188485	0.16336864341758026	0.2513614099030566	0.5068443544953822	-0.28481858925445686	-0.5572103565489438	-0.3711156575010205	-1.0751197157342234	-0.0655751956912189	-0.33320909243907076	0.36342073688502285	0.4976511082123611	-0.10192429641014718	-0.557797755364416	1.3439392541631112	-1.425605695084909	-0.05612535451552898	-0.21796550791375824	1.1431663870971165	-0.22486395785227806	-1.4743517031432283	-1.5736609219753632	0.0061799417441219025	-1.1707033669935196	-1.2132565732073097	0.9637838063138372	0.2435233504976619	-0.463680691648657	1.0737456353866566	0.5273529409236086	0.5405543966050921	0.18440004382217456	0.3289443885305987	-0.09600645990114641	0.3007664624682467	-0.6810023101366393	-0.9707866498216642	0.3670238534516735	0.023394688106962068	0.18481361973133253	-0.49133608474598617	-0.05500404282246722	0.37496809989873614	-0.07522692996561905	0.14984920101435736	0.2712947499622784	-0.4110259060948405	0.2700514414631583	0.3151909801442751
DTXSID8026068	0.21132695471006002	2.357376194365665	-4.10749667361498	1.0202553505139131	0.9756161142078279	0.2928325097169999	3.4839095193935186	-0.548617004337434	-0.05641884130331128	3.096701904051811	0.020819832133821763	-0.33255266574193515	-1.1888282452788392	0.9489200253441669	-1.2184029740414222	-3.3889059988975836	1.4040798508461094	0.22587163771074098	-1.5524237883685124	0.4014666446971618	1.781539976210993	-0.614866487102753	0.3861830455521271	-0.2791157601485443	1.4772530425806714	2.0542720231830276	0.9359007191873858	4.130274947136442	-0.3569034102049416	0.6861681897956146	-0.0533990215627238	-2.1297839444744135	1.3857321859675191	-0.14355907561855236	-1.4585902732228524	0.5950250112907576	0.4485251446654697	2.0690063254067512	-0.7000032131280106	-0.23294542978750288	-0.8043452101268607	0.3918711431368925	-0.822805073405979	-1.2473714281679882	0.40349585404630034	-0.6387646542243641	-0.1837525012541207	-0.609727914858676	-0.28781977476013393	-0.3136777413543803	0.08331595931303948	-0.19086360041060846	-0.06033674495620076	-0.17074152027488457	1.5493588045860982	-1.2926921310725672	2.3303468049339493	1.8574187025312743	1.165609883660364	-1.2775167091611286	-1.0225688402554896	-0.7693340468349217	1.1496209502964312	2.0830958460506372	0.3307158677313065	-1.5585007888620752	-0.5036096742853147	1.4674221143885222	-1.0263369761949213	-2.115227732048983	0.01338711581443033	0.5142497149215434	0.12195803187113317	1.0020913344466835	0.4301948674655866	0.8910462229812698	0.6651938930760684	0.9654558135730321	-1.0054129140280332	1.8021365974720622	0.24041753957932732	-0.3370889467679459	1.0643840092951333	0.48731786244414543	0.3041981799598766	-0.1777765031245508	-0.03948963586127922	-1.0271880153469028	-1.4601254519162217	0.2978838867489419	0.470105159236498	0.11722152390884508	-0.2961471557333434	-0.7895971330355833	-1.124656620119083	0.18944595189253294	-0.08019457853065041	-0.1735630428413873	0.4794081279891159	0.061964588007309994
DTXSID3029237	0.7463648080107553	-1.8115042233605096	0.28686093609885815	-2.4673171842069226	0.1715010486431575	-1.4022342540302433	-0.7427320955953595	1.4970392361000482	-1.5758706523107588	-1.0361135018490573	-0.9762709383741894	0.5286288456894068	-1.3882197999756474	2.392846904432444	0.18243790244281782	0.38556714221981125	-0.4362184278053032	0.49395800746789364	-0.1394912556910668	-0.6916288724987882	0.7457491535448844	-0.542900655443915	-0.34849918503301747	-0.5718039498470109	0.6609262459313956	-0.6400196336545976	-0.7436918630487415	-0.31943447005113584	-0.04175935373160326	-0.1759616607659159	0.9953572789734249	-0.29344613415164106	-0.28538997240741054	-0.09467107446386039	-1.238432733204366	-0.370075318594437	-0.06717537933445572	0.1142828285477503	0.15315239499694705	0.42351320735230635	-0.42649620068050614	-0.46087991610802914	-0.35826248587158754	0.5001555508784871	-0.3723672532394351	0.24877373941157777	0.589014653443361	0.6562336572556805	-0.2060937066372207	0.36801236307531293	-0.21635969971336969	0.03699278202565557	-0.023188985292168417	-0.20338898393729715	0.2594359569012303	-0.4934882486198233	-0.2050143702552927	-0.18507256593435267	-0.5713889048969072	-0.328379478594564	0.7904138392248288	-0.06819985804826555	0.5179132109617774	1.145860848350088	-0.1264042625524823	-1.5065269312821061	0.1971108243459561	-0.6193239516672251	-1.3034785790151928	0.08578791738196752	-0.7395630401115807	0.6126152992038125	-0.19846567005223778	-0.576731151268448	0.2918915291073549	0.5957308377451842	-1.127662608763426	-0.4301791351821571	0.5768313919167098	-0.3716056034728657	0.3224284938123322	0.12730284426943947	1.2212716444460212	-0.576160734395212	-0.4569165567819857	-0.9479542614630425	-0.11253638412308084	-0.34965380046454764	0.04594912166435059	-0.12651981410292104	-0.42580339614301577	0.12701659713297908	-0.01505808290668633	-0.058669995448886805	-0.30500612270734934	-0.003847966341919659	0.0019357506319025689	0.32188542229668826	-0.5851209290969411	-0.05836984522092746
DTXSID9048196	-3.8709180532106173	0.8377889901627618	1.9655364060894844	-0.49834427171212514	-1.8835919064895157	0.7062729775073389	-0.4536284237560716	0.3691940719994369	0.8846742417431253	0.257163409142215	0.41715049798662074	-0.5092625014519488	-0.38675341537951186	-1.1371258218780136	-0.03462551124752462	0.5282358699034938	-0.231801750820449	-0.0317426098215088	-0.38394595363548845	-0.9756791008928346	-0.14438570904069278	-0.23298209393838598	0.42055555868396616	-1.7221408471904889	0.790686246471707	0.19482332076862763	-1.1164824129127908	1.2320842576469317	-0.27893577379974555	-0.6078424265529181	-0.29487366620063504	0.253961847576432	0.7757409457684927	0.660943440393204	0.3423546867863859	0.5431698479054005	0.3337609555149262	-1.141266966004054	-0.2994379735770526	-1.854108323732163	0.99554118980825	3.0688383371518477	-0.10288698352651827	-1.0300023777814022	-2.4603695221064057	-3.1755639811513587	1.6226058871459095	0.9355681162316509	0.8979652589306438	1.2554940150562377	0.12849983958444397	1.202470400816295	-0.91665648377231	1.050319334357934	-0.14565488570548188	1.6679945379215473	-0.5034372224424367	-0.40162874836289353	-0.10914532516889985	0.001451758683731287	-0.11818263440398048	-0.15135291335234402	0.17971719884589235	0.4574179999694156	0.5188435716617248	0.033222620091835006	-0.3950002691009913	0.7743363417339469	0.2652989326398823	-0.29144452858272296	0.8494900175633314	-0.4683289465386644	0.7921168900318434	-0.2869932137413725	0.6522056281321735	0.4720547715174179	1.144460571321326	0.10768397409647562	0.8675610225671216	-1.107455395171788	0.07998462638275429	-0.7984429093621543	0.07638268470654193	0.3078763055691703	0.12690179674811294	-0.1667865508119043	0.006666125958322275	0.37974589782743684	-0.5572377389131653	0.10497376080697125	-0.12813181688618527	-0.02632132285367378	-0.5902497702444821	0.17694293932167757	-0.08048507126053824	0.21897047402668124	-0.5190879260460831	-0.2769211176146932	-0.1948805046502282	0.16834575583235079
DTXSID2046254	1.8289800025964742	3.2859042356818753	2.589598628147543	2.302543001452296	0.46424327224195644	2.190183610831689	1.9525881126015667	1.84508219900239	-1.1892062842946522	-1.6079578901252114	1.3060054113837163	-0.992671201506293	-1.0150656545980183	-0.8481436136544641	-1.7598129238956406	-0.15798982537134962	-1.8535149360622545	-0.5644287591941646	-2.7477720498925153	1.1828716596612494	-1.7793471040284814	-1.4595988222809488	1.9142973579894302	-1.6609033648268177	1.655102492831685	3.329999613330172	0.8929068058224787	5.1884985956668	0.3096064806434008	-1.0191575114627935	-0.7984968832605647	-2.3175981529785377	3.6230295574167872	7.755460583893609	1.1805294849404608	4.253292642650649	2.0364454786319364	2.0925614578251857	-1.4299332792392794	1.4799332868885822	8.742502949992645	-3.9932891285598386	-3.0654961519104247	6.278533068418644	-0.6148486227333666	1.0288877891275674	-3.4805023984957137	3.0853684676668385	-2.3484069004345085	-4.598806628375508	-0.19584500038606908	-0.3172098732803381	-3.3718731239801767	5.8052954608696	-1.5431439528428117	-0.7910826686177717	-1.0742859680708337	-5.202045816341106	-0.8813737641086693	7.109080064491296	4.263660147187834	-2.6177626065333017	1.4813162952138819	0.2935010686844106	3.9975611459507623	-0.8925080948350332	3.2395222832297392	-3.793139917175733	-1.2404790360418285	-0.03786356969314602	1.2898730475099531	-1.0555019068437648	1.5563536523694583	1.068087152454987	0.32830224540427183	-1.439347507943414	0.6347462906657225	-1.523180417681881	-0.01037562115390853	2.0912026210857877	-0.19607944847859773	0.06486750042084083	0.6899927341737504	-0.21479478345182543	-0.1515080358686128	0.5180890062211734	-0.43691287952954444	0.052267849745182816	1.4753505516558312	-0.38834449095773654	-0.23014069908421944	-0.6302168909205784	0.4304277344725447	0.44877435599455906	0.3527645819908401	0.3787437430365411	0.045779590611127505	-0.576777936364526	-0.8643079101649834	0.7235783083702491
DTXSID4022810	1.7561017855085532	4.9027503763287745	2.105686430908563	1.1505226486039701	-2.6666354506160674	0.47675908077416856	0.8880076289237759	1.6568373514911292	0.9920964869409502	-0.19975469969118984	1.4246294824421104	0.1776760502907879	-0.24743686642938117	-0.9500350653800064	1.0383327730471443	0.035708380282477185	-0.7757838372732406	-0.12213618063482844	-0.599289820311248	-0.9188778111894175	-0.010584746794989884	-0.2804247155408167	1.017350146707224	-0.16382728026365506	-0.16899826322758074	-0.47783307300195577	0.05728156741494131	0.3276529123360788	-0.33238554978225604	-0.04312991696581977	0.33764247493083166	0.16863768081265398	0.531196022430278	-0.4555068055425211	-1.220584960389557	-0.9320102009480197	-0.6151811790553252	-0.30776431202926674	0.7359147963757826	-0.24095143365211447	-0.02005972080910651	0.6381448160623452	-0.46141664294399504	0.209077955910215	-0.2892941729866354	0.19288989556397648	0.10971955045127309	0.26947670985528804	-0.15465435670104882	0.175283317533989	0.0751553557880371	0.2401461023176316	0.1967748784802972	0.10912664812890784	0.3526298936146878	-0.6984982632074255	0.7739963740889964	0.03735451014790454	-0.2774036950331671	0.031742780123815297	0.7237979520421114	0.32625498822927074	-1.122259223612505	-0.41090562513379947	0.22912007768287473	-0.18904957206557818	0.5734097143858539	0.04548163889954027	-0.16524543931317337	-0.04671232569660148	-0.4498471606392668	0.2505941061854509	-0.3813163563946158	-0.15118315204972535	-0.547579987821278	0.3798198000701147	-0.017953452326716603	0.5918197612189483	0.17424219887320003	0.27128733571116165	-0.588347540457125	-0.09710157279870534	0.03846919441846458	-0.7591635256918059	-0.5628289803290565	-0.09458563943759951	-0.04518772728853803	-0.38050445957316975	0.4928782515734407	-0.7860431586529294	-0.43918024727613364	-0.004302304705255974	-0.07405841011656414	-0.5303247344860789	0.858179398435608	-0.4157944046663392	-0.3488795751187406	-0.3694365440394158	0.7142834297428607	-0.007305598065937402
DTXSID2021367	14.781409836528853	6.918377144944138	-2.6454714080249175	-1.9815086380079543	-0.0038913736825601573	-4.341253959894408	-4.7063353160424155	1.9141708381400988	-3.6783696422605714	-0.6032789380878987	10.105751727975264	-1.8860866728972592	4.319013702741641	-0.41031896380010957	4.366907709429265	-0.43038121012205693	-0.2745159884863405	1.3375379084295662	-0.2866778743266563	-1.130690841234407	-0.9487485073575276	-0.15483203377220756	0.6853407055659663	-0.034090407516920336	-1.0507196346053804	1.2791157713772214	0.5540899169651152	1.0549816315826448	-1.3814012707381422	-0.6154726308361895	-1.848866945049879	2.373913037841793	2.047891776610103	2.461742190961219	-0.07568479173341258	-3.857560937563209	1.2841105507859545	-1.2075238836103475	0.5650142085800931	0.37469352673211365	-0.67874766399493	0.5161749237574303	-0.7356433658206523	-0.5299309459223749	-0.47915472974709467	0.1518090792747652	0.2253535170799822	-0.5965143128004194	0.12214700815825492	-0.06448969791725039	-0.035974647298022466	-0.6089246541419089	0.5870106174749792	-0.27735242622733686	0.8687366745736639	0.6774215652800589	1.4977902272514017	-0.5199135139379634	-1.238538392186543	-0.0891653549336578	-0.6249839683984946	-0.9471907288899213	-0.27881406686833704	0.14702817856822875	0.11737831983954262	0.38425060037669345	-0.7125452593852736	-0.95383779107277	-0.40061229907871193	0.07351628009024777	1.4667418736017832	0.8485892205427377	-1.3069875148103554	-1.7935701231658605	-0.47219138327945465	0.1681075093226003	-1.240742376160894	0.08715013619071536	-0.353945474559411	-0.5944461805045365	1.1280005264325434	0.7035898044728752	-0.5727873972161842	0.783851562302292	1.4068440668356375	-0.3224986867284727	-0.6385520474288434	0.2866787192240316	-0.846350506236331	1.0438173940522761	-1.6522186671590442	-0.043001503037368445	-0.4863358790476922	-0.4904131291422187	0.6044143908613063	-0.06624080719764638	-0.7882215575742801	-0.9455440846904033	-0.687389333966858	0.25246588126768493
DTXSID9045978	15.376805608483755	-3.8101062795114804	11.58208336192462	6.563497843857023	-1.6283667967618773	4.233506551945737	4.265297263052826	-0.4689377119051094	0.9530093142146373	4.263087889457642	-1.2299160033102667	-0.05859006649810769	0.14882272848932904	-2.832804744665926	4.540154572616632	-1.747981305556456	-0.5623737825288636	-0.9283873453216331	4.005131047394078	1.3025598831323293	1.1719173887135232	0.73667051695888	-1.6224079256762356	1.21219723269914	0.7942270085545952	-1.5592950336725202	-3.2453518539143356	0.7773862470871192	0.8569481588850153	0.20669227932775636	-0.46035003910492145	-0.9787883761428453	-1.994189571445463	-0.5836199836275362	1.1497409913379093	2.436920640267814	0.5004662260035685	-0.023242960788658125	0.8252514603258297	1.7436668598609717	-1.5494450150071983	1.2582380708634935	-0.27248394057801023	2.728859696861794	-1.8125124869129405	0.5776821084971521	-1.451202350879298	0.12252709515257766	-0.036584276440130806	-0.4446743632918563	0.19744704514183214	1.191550046171292	-0.4764377773254667	2.2749001610552506	-0.048828963152616645	0.3544443059053809	1.4808655841505314	1.437329285640104	-2.0354065785541016	0.2700674397575947	-1.798035385878527	-0.5821841509216666	-0.6319377377165357	2.432405634224421	-0.7866389442791525	2.040755063317227	1.511186888122355	1.6284986014493599	-0.27068896383073193	0.23729811066467998	1.5914144194552398	0.5887982448122221	1.4394223135159794	-2.1916267922902035	-0.6844918248983427	-0.07391220602090243	0.34087005689304223	-0.7732673392008685	-1.2874695176135118	-0.09416145658226215	0.058051886750126014	-0.26793550082953144	-1.7623065118122836	1.5123060041986618	0.9239815803941164	-2.1830374267694435	-0.4511210982168029	-0.7714248980811228	0.17029552557356556	-0.03508416431590625	0.32838069646553064	-1.5248338242400425	-0.38866196677592885	-0.6103161280117503	-0.28510114326174296	-1.0112844568459274	-0.41355764206596807	0.6323101112039232	0.91449951753885	-1.6650193206232506
DTXSID3041661	-4.893198427594549	0.8840469764974881	-1.5271396023178854	2.290490135578734	-1.931567235240462	0.8341709108598092	-2.5222803533507174	-3.2872434304802707	-1.5447178506733386	-0.9426099066850204	-3.582184987634681	0.8675895954093406	5.0978237149564904	0.8519398334622154	1.1064470177582326	2.80534644968289	2.2447557552263957	-2.2059632211415288	0.6392874214614744	2.538528716221574	-0.5033096674511697	-0.3339655723467588	-0.5917075731208999	-0.16580310493379344	-0.08240380616312402	1.0732491590521893	-0.4467568132348341	-0.09529657956083935	-1.2567409532423963	0.679420821536881	0.5608443327575163	-0.3160585021767005	-0.1839942502359507	-0.4628481405609162	-0.0712035563442104	-0.6267053934498182	-1.618013761833471	0.7258728383878689	-0.3317793629823622	0.36457836364839297	0.5772207176400753	0.10223006455907935	-0.7787823155418425	0.3673845750867639	1.0116859071302218	-1.7086216391305193	-0.05592529652404202	-0.42876365901425595	-0.06767535381373344	-0.14462771944222802	0.16481362959184118	-0.6100845379603062	-0.06977827584577896	0.18322648782349935	-1.3727053595814243	0.7003852537850019	0.455457295974792	0.4093409983612573	1.0750146249344228	0.17494019827452395	0.05493391953861539	-1.1420404289697954	-0.4911815676011269	0.9055437932924522	-0.03267425552263789	-1.039015622689732	0.019690367707078753	0.10470206112544823	-0.2004570372478491	0.1728222232882392	-1.3935895092861281	0.04520417402910737	-0.5180912343269908	-1.5991825695310666	-0.7763677474967219	-0.38673830927195857	0.6798163873752193	-0.5139916566388999	0.13962537877146364	0.03194260003367895	-0.028366273715877265	-0.33443092571035055	0.23365056407101564	0.2637378799236742	0.14022860519361036	-0.30019640981865214	-0.5144055701817614	-0.037368914564289375	0.4109111643395983	0.33473022691783955	-0.2777502661895666	0.22337367004628333	0.1329099871009881	0.1665177675684133	0.172994557718222	-0.177579615041325	0.15579381126508668	-0.1771530294770175	0.36028522219641085	0.16860866838915717
DTXSID1047578	-0.02536261159963611	-1.4744078189314342	-2.489401192005189	-8.95631618890924	1.0062026681025436	8.547918107852873	0.8311612759669956	-2.1838792367072375	5.64839685246447	0.05051168452376557	2.3316751710388597	-0.4257332947223938	2.4023374265916377	3.6520327533690486	0.20736787691726088	1.6846339668724821	-2.1956128605115954	-0.3310646641975795	1.7899260217448196	-0.9035676426848572	-1.7354227786518952	0.9523197404047086	1.2382834601787072	-0.6280241801697726	0.12153725787126791	0.09044864125778466	-0.4189182831383468	-0.3245457968040135	0.39177206214290544	-0.18010423395980688	0.16028465838403583	-0.9476462802329174	-0.45300775222086953	-0.0868164017253832	0.09613549289453209	0.17004417614673598	0.40819601982754544	0.1319705053487779	0.40993486155572006	0.5883429959846093	0.15197430837223144	0.030727028117338035	-0.12076577546427528	0.09556829616631837	-0.09736787295068924	0.3708684537432435	-0.4885761304530535	0.4390504300872371	-0.02319177154755568	0.4224378974318514	0.11706544015018498	0.3060544869749632	-0.05924037750718538	0.11737733666011392	0.4908622653556921	-0.06442583412256267	0.4585836923530379	0.5912566979069639	-0.37031614701660415	0.22959624163881331	-0.08130997722390479	0.3165265449607617	-0.6321151534130155	-0.7237062261138757	-0.07679840136943732	0.03093786326202742	0.764417946707856	-0.1772283774305083	-0.49828904122425954	-0.10406595228444708	-0.25228108430353063	0.04041445707811975	-0.39907785211530605	0.2701884836272066	-0.1423396313434389	-0.3017470544463289	-0.13651395588618928	-0.5678258698349231	-0.10260316871015164	0.06722021165262301	-0.34294474702955857	-0.6866849242889554	-0.17015377627169875	-0.792202986850841	-0.37772700566518963	0.34213110960432264	0.07607295318573701	0.12161986324978406	0.19484796626076772	-0.5980973816933151	-0.13511894901849505	0.41477411331880154	0.36883028993947103	0.1032134147237531	-0.0298037441985883	-0.28835113603990264	0.38472771731448985	0.2525492371394204	-0.07097078946957625	-0.484127788701721
DTXSID9022998	8.655985916649753	3.005156439798023	5.780083645234169	4.42258300667183	-0.32242520361989707	1.4303514416991054	-0.7580609004424375	-1.8963561907152264	-0.023932425656356535	0.31177065211659244	-0.44043778478668916	-0.6993502315014073	-0.48623853306491666	0.40501406065465095	0.3068909604061146	-0.6893781488699894	1.160731605420968	0.028406277200648093	1.553844133902365	-1.138315560651383	0.012586359588925294	-0.4091627543462204	-1.170817680702155	1.3371373006144904	-0.9559475215610678	-0.6191822975839423	-1.1997370901262705	0.5851358173285331	0.3273521732231769	-0.5501707598119996	-0.5512512503235419	-0.5332363314381382	-0.4811858720379132	-0.7490818859162567	0.6432461806596702	0.22738810705030016	-0.2547178174417554	0.49122204363100386	0.5828866886306152	0.05294168257441471	-0.2901500310237456	0.5946536413759651	0.08200803528481217	0.707987904151405	-0.5665207336179152	0.45693645557385537	0.21951481996465816	-0.11546889182927719	-0.03467187627919366	0.14252111685617333	-0.05999072310412463	0.13363132441585665	0.07916769045107508	-0.28672331664210315	-0.41881133734042814	0.043287104993534053	-0.6185644412765118	-0.34592466248134535	-0.33347785528051277	0.048160776865440375	-0.21209685567259132	0.21402790463438345	0.22984633892437745	-0.981217035254523	0.38520181880910287	-0.9167999804524305	0.19484502615793556	0.11312630260494713	-1.1478211426608351	-1.1728599399471562	0.6389247676970585	-0.5573620041879963	-1.6036820606699116	0.7355488171616537	-0.8217107468814655	0.1804358515459365	-0.3667530940861087	0.7570717297679961	-0.31934774332998467	-0.24147588446804333	0.6803792301685078	0.4439688975144367	-0.34045404776234095	-0.08615653408519089	0.2752676227305536	0.06524349566577457	0.5792103292114174	0.0052097546120456785	0.20376930614796063	0.213979571466436	-0.07762592593431691	-0.0602035275049869	-0.7978104035909019	-0.9538646219709218	0.6310273595691216	0.021534000126470217	-0.5840401008698213	-0.2899949382836791	0.2316566251599725	0.7894946994299659
DTXSID60400587	-0.6483171166801538	-2.349883967707366	-4.5839389327496365	-6.832638113884894	4.300532208553818	6.943056697570375	-0.3985253276776012	-2.3101098397426316	7.266925101297863	1.4381864266957436	1.7566126781080191	-1.3023934293480555	2.6002930121739904	4.242164166317198	-0.748035411198006	0.22492039121107563	-1.869332378364222	-0.25800550058812444	2.0544502999818093	-0.5165929544515744	-2.3250609391792443	0.9530451064615649	0.960447437645361	0.34968704007366636	-0.9854938162783176	-0.16220370223217065	-1.3443314074987516	-0.9846741429447313	-0.2491913022998094	-0.5376460055660379	0.5278726356703761	-0.9294171399741241	-2.3215919414933612	3.134455444005855	0.7061296766327886	-1.0785469732857125	-2.127476606986128	-0.4509789298089071	1.5574043827723958	-0.5473818029971997	1.8209968352088604	-1.4613545140236905	-1.9189508325822395	0.2519000880391069	-1.0625899056735806	0.16756257627937454	-1.3771694103837777	0.7635741060118435	0.29689089586480105	1.0323019599794765	0.5078411739534016	0.8873650165102073	-0.07051249425586327	0.6435732813125251	1.075854546058215	0.4734455681975362	0.10469097541308363	1.6868888673111961	0.7561331837689872	-0.3244075454873904	-0.23995823025055654	2.2368210853752157	0.4242845848188513	-0.31955663324468037	-0.9987748623675	0.48293309538777934	-0.8204452371471831	-0.7213026745127361	-0.49988337860823295	-0.7286547060513945	-0.9176717288063642	1.0167624006822498	-0.4579380935942569	-0.17818876656218896	0.0760831731499856	0.5900971663816674	1.6693103630808868	1.5429583254449721	0.22266347365877232	1.1878856502545054	-0.8057094536395638	0.17084037025169685	-0.5137226898766382	-0.3827754612203555	0.11438847409312716	-0.24291081102557036	1.0447722155532815	-0.6588451587572116	-0.24383777161381778	-0.032182544270796365	0.7982678521805755	-0.03768976428292205	-0.11584822546696401	0.29353131382734254	-0.5794866765080934	0.39607123186049836	0.4230766832513161	0.3510120087527125	-0.03651071592589796	-0.119472693130146
DTXSID5020312	10.179568535481105	8.316289966372258	2.0715140505105487	2.6022017014559067	-2.2233196679951583	-0.48284909634115364	6.77506326796736	0.9915790063435972	-0.9096113055008924	-1.7591906459306799	0.6456538632155404	0.7728742334019472	-0.06899392806476483	-1.6056752005107013	1.127689775952683	-0.33334907330137076	0.8571360101737094	-0.9267896436135926	-2.615444435024238	-1.5634305237559682	-3.296706162562589	2.125588986843215	1.9713464576185664	-1.0099194921872428	0.8470258106970779	0.7654236349469343	-1.2698711119000836	0.9303773838030761	0.778574706016678	-1.7033914367428842	-1.7629642274185873	-0.4440580297785268	2.867899387253281	5.0866384169434	2.097817348389053	1.9131375924357814	1.9076896934375405	1.9852587120072045	-1.205150969898627	-0.15778480207063514	2.972616329001777	-2.510955530895892	-1.9798848999703544	2.4640762450872398	-0.9813705180862596	0.9434969896090046	-1.3620158967605336	1.0790587709684945	-1.4349009494959186	-2.704746493155651	-0.25681611279187166	0.21191571902187045	-1.9021455508592664	2.2097083399692647	-0.7669278569491099	-0.003128525714764794	-1.4045703088914259	-2.649542751783818	-0.47517904451656295	3.135521965872568	2.6818024217281162	-0.29624462215853425	0.924997157762824	-0.8239561328281697	2.2044157732710707	-0.3800110791685198	1.0105889758081745	-0.4298422940984574	-0.14617401182845768	0.3955707436731505	0.9610858596441111	-0.39520890405142906	0.7489036181699857	0.2315439673141732	-0.12006192024582185	-0.5042525996254783	-0.11712320991550063	-0.5196541616849548	1.1947825044059712	1.52931413196168	-0.028360914496552977	0.8188879516053461	0.21295185440128764	-1.1702488079922029	0.237800506592726	-1.5063348421628622	-0.3469618198866776	2.262573115321598	2.2358999667467154	0.5386714811437732	-1.441751334175569	0.8393995265691476	0.4588432368540781	-1.0946271947711008	-0.681385589360119	-3.174000302704433	-1.0489706603650972	1.9606986636452717	0.6803318415067685	2.196840553671095
DTXSID9032535	3.6920953812147945	-4.050542309928114	2.540366193070304	2.297154951401215	5.2288854368080395	1.3568517600030285	-2.4970172676378466	-0.23661490554489137	-1.8624180394098235	-1.4674858631517342	0.16490309254481925	-0.22633159077038792	-2.051062824508313	1.8656185496984563	-2.5786054993433494	1.9133518959217388	-2.0519122018643494	-0.643903163012969	-2.140645087961438	1.9957502759695092	0.2844938056393995	0.16489407254373697	0.6085937094289388	-1.0949964600165774	0.10133434052123605	1.028155007002335	1.4283321774428477	-0.16719257137437424	-0.3385899584794229	0.4923423091728763	0.22331081885755363	1.3240492208578611	0.38511342677176513	0.32623407808892363	1.048579688579092	0.40660830151352506	0.3290186512261749	0.43992944998832184	0.2572866808371247	-0.390910898204564	0.2537726123555968	-0.5518324508528377	0.11687016223258087	-1.5448441333794598	-0.019045016802752352	-0.10740012634753554	-0.29020965383036157	0.8315496447681093	-0.35440462124796507	0.41925490923243086	-0.01761406698945228	0.5937229839127253	0.04928960277064982	0.05365795938139772	0.6055472465535354	-0.018306894606637376	0.983598835577835	-0.12975706488740799	0.08192771339737029	-0.03649054321604557	-0.3748553784677761	-0.683731439566878	-0.24347623528735776	-0.5072574689091768	0.06253659848121366	0.39551373283969277	1.651688965142353	-0.5347349538133194	0.6084392262524503	-0.9792549863526185	-1.178189835725398	-0.2713750851431217	-0.23180957022651705	-0.11215974740534154	-0.7186011910738639	-0.5766616818974393	-0.4357874821420969	-0.0023938497833533774	0.08626649944160909	0.00039419090239892625	-0.9473906818700649	1.1003053006480676	0.47402104037229825	0.859817771247228	0.07750659954128089	0.19717795152306375	0.2695311129314991	-0.6535797554119138	0.16250371948997022	-0.7430646234401137	-0.09048234941858413	-0.6484862805158176	0.38516936527340145	-0.26504293790475436	-0.21595897828132465	-0.5812680009281284	-0.476778488492192	-0.3399200349918658	-1.5328434510149542	0.22353215858128012
DTXSID6045400	-0.857263013239976	-2.242590300381852	-4.326998563454101	1.8236449512276651	4.059920687567099	-1.5151018270604606	3.639016736967682	-1.1132507161735155	-0.6747237044614466	-0.5865409302306264	-1.128880690322223	0.5885605717377349	-0.427269918656217	0.2254864381313127	-0.6899654794778776	-2.5034418283194064	1.0042653347155706	-0.7884297086311238	-0.9338322841514296	-0.18805643211409606	-2.3161367773615256	-0.31723800361731164	-0.011421699667370971	1.231048265966219	-2.4178149155136057	-0.6331694331183114	-0.23894365967304176	-1.0275101864493112	-0.7651088899427277	0.010034206588812149	-1.9827560477992423	0.941642206695347	-2.2961351010785136	2.644852418912068	0.44210744244657263	-1.7363547118450182	-2.5280972841982816	-0.777997410936228	2.1990002033060074	-1.5081543327561824	0.3566499195265554	-1.369012867607585	-2.0581141315506684	0.2663596723547377	-0.7528043871290344	-0.3559583432813331	-0.028084695803500346	1.3551574367418975	0.004463303964502041	1.1638105546125457	0.321361633368477	1.559177222252398	-0.01798655800399043	0.6243287425018803	0.771970382170261	0.40752838092971355	-0.4974099342894462	1.554256909553139	0.7869738814756722	0.3100307645648476	0.20733528207554153	1.8879035921813554	0.5782746185383255	0.4952882277068601	-0.8379853660114097	1.0405971059851493	-0.5981930174885516	-2.288592670972664	-0.6894824221663556	-0.30585435986345144	-0.8779724796704133	0.5437458011612791	0.3782152155340931	-0.9015441784709989	-1.3758557471690562	0.944833610749399	0.8118051652108675	0.12251844681502166	-0.1222711739028704	0.43823890372108015	0.0525262948851935	-0.45532610739044577	-0.5547309579979814	-0.9418519742404423	0.1547364996531402	-0.27403911986058554	0.37039386935724955	-0.33116626095296503	-1.5412694912232963	-1.0757822033387567	0.1937658407673392	-0.869685471468354	-0.33062026021193947	0.4220414720123742	0.20916816452082912	1.1346132432624179	-0.8058090514862699	-0.5526929849604294	0.028239722932838246	-0.269013186863559
DTXSID3021774	-3.0874989633991468	2.997672160580579	1.8113132158682124	1.1685815493309315	-1.8547269804081667	0.4603776711180171	-0.6951544272189971	-1.6805411031864783	2.0587183201176047	-0.3419032832909929	1.0567690608959788	-0.8493307831031333	-0.6961692411264659	-2.1179540326917636	-0.5067215713464974	-0.2534513097800898	0.13303196084446328	-0.24017169486937084	-0.25379446749784396	0.14811311353140444	0.10777043909983842	-0.025041770907158496	-0.8553051150543804	-0.42808445164022413	0.2613509860414566	-0.503109115669198	-0.2399901866071738	0.5360305173019847	-0.30685216743369464	0.10943093624135754	-0.21835276781563895	1.0391384359891642	0.8918293574902801	0.4060939337585251	0.3943944272819555	-0.11600042094730319	-0.542309962823441	0.5647823098225788	0.991473853376489	-0.10903606876927717	-0.4421962671096812	0.2536449841181669	-0.36396549123397487	0.3557926763617372	-0.6007828806352516	0.7793452826804449	0.6417572715354636	-0.39849850192076824	0.04772839278587863	-0.008464295273398877	0.13380115574443704	0.1439193940020134	-0.06783333396641632	-0.0009634398360566234	0.2877212524879558	-0.10361595717262954	-0.39452953709027455	-0.12352991356620432	-0.4963662337323362	-0.6622394821183307	0.5939167985454781	0.6840155661932111	-0.13692604843625897	-0.17010921602327014	0.3069955775748151	-0.5712629633079239	0.18720764927052122	0.9347457276693552	-0.08240040515254843	-0.18684775914090235	-0.09804049946080651	0.43347868800151773	-0.8649038892686822	0.13024484223258317	0.040817767692784654	-0.33299868064035304	-0.26987795931601316	0.39027687268586625	0.38143718607366855	0.32993372640423524	0.13482601876345018	0.9676402509332018	0.3507022929239443	0.3592330477668911	0.020104391988607435	-0.3205850794910231	-0.13359811217235265	0.06552281494866093	1.2397565591039228	0.14866276788076413	0.7139244269000738	-0.2761181726443463	-0.6538580369519706	-0.26372813446490323	0.09283017015639342	0.11151728808934128	0.24648932115196295	-0.20636377580250034	-0.4429065892663487	0.6264601588487954
DTXSID0045838	-0.8307827520790149	1.0352073717082841	-3.7961038786847014	1.7927638423983157	-4.210057897736882	1.2571485949347292	-6.058848006637688	-5.867596024091829	-5.528660534594514	0.4867249586493075	-11.318778680398042	-1.4522382100571178	12.183850589124177	0.5444374206293489	0.7189116882299637	-1.9128403418733255	-5.226300034756684	-1.056152526341074	-0.976793536555101	1.93323766666304	0.42460263917298663	2.862005231203579	1.2850722445692433	-1.789302239403224	1.9527108585863096	1.7708068121406302	0.5980330466945084	0.9500037376998907	-0.6938555379353807	-0.9202389698633134	-1.2042406299807444	0.4175319234579364	-0.3726858982601756	1.0481619904213701	-0.4213432192865693	-1.1836858751956274	-2.0332819242433344	0.2058981398487777	-0.4287905384017966	-0.02250533097081596	0.16724922684659146	-0.08048811146453212	0.5145307784592775	0.3939517441387262	0.2442539329841438	-0.3296584189485173	0.33170401818282835	-0.46746529887233373	-0.23504798349475356	0.37992762267583496	0.14760557047123063	-0.5700820636539191	1.018976520984555	0.4847235131748879	0.052704481356499515	0.24228943011224133	0.5291468064336636	0.2987596660544713	-0.08646120204779294	-0.6699395091405549	0.23413673556889303	0.33575831635497355	-0.27732554556461025	1.4775693303622601	0.539097199865575	-0.8993282670426679	0.7501461396281932	-0.8744042037954396	0.5556349973801573	-0.15460740746224982	-0.9211602074678218	-1.1257813189181787	0.9209702611893525	-1.0855312066280813	-0.2531140175365226	1.3711109066863199	0.5050667303802241	0.3661654563092995	-0.31269023241481664	0.2347983226606777	1.2459853536474248	-1.0706252351888121	0.2157111519882703	0.7956072425435652	-0.4624246891930026	-0.12980219039349578	-0.05461627982689749	0.3212776976776989	-0.006311511902174521	-0.3407805695705609	-0.665493702757645	0.5688325373810671	0.09312069693837989	-0.6745480203038698	0.7682700611175391	0.02692774054895656	-0.4923092585822616	-0.23170822672863436	-0.3066468135894381	-0.10324336942261739
DTXSID3022875	-7.22063018241666	-3.6099365077680057	-0.483111235776535	-0.39099729996891464	-0.9830395443883285	0.6451129793865754	0.04339960780656131	0.24432760000886272	-0.2647665843307213	1.8474860815237757	-0.4037060600860137	-0.5137803258768048	-0.20261614715059126	0.8616347529969576	0.10251606800378964	0.02762183556273581	-0.4136713955829284	-0.1830414013019593	0.09475901473188653	-0.6803146431706649	-0.14567314826009875	0.05970039497626953	0.634885040092798	-1.2916861333419722	0.3613060087744738	0.28589510034505705	-1.0440321496574416	1.134741609725587	-0.36656714062348955	-0.5353659363246291	1.1538635875586678	0.23405419151157103	-0.013053635496645384	0.19799566559923712	0.2740356148611597	-0.3732412433848084	0.3829468146503726	-0.9192719095528071	0.5355243924008062	-1.4290886621701837	0.47409932035652597	3.5081301953978143	-0.06940573215113907	-0.8322591490206389	-2.5411427747896482	-3.3128350229433043	1.9661117414803129	1.3716175231542629	0.9537264017074351	1.7530905308595035	0.2709453070173848	1.5604740157426675	-1.1411768251810197	1.0426644115766996	-0.07764166235231433	1.43178456034696	-0.6249374213294259	-0.7953392592140208	-0.22719222099169617	0.0934445163897927	0.4265461308257665	-0.4878342577562557	-0.09183509093357758	-0.1172586914480363	0.7712295884654029	0.15549015755349238	-0.03250119801765691	0.015742459785786842	-0.8599402011847365	-0.05262117288243419	0.9346408875234826	-0.3362985370264765	0.2615215755608751	-0.1458076946741285	1.1717504014736246	0.23071262323470199	0.4938935499147753	-0.5092288660065287	0.19536081807381664	-0.12456479738698682	0.02806125321273375	0.02469650379710556	0.25678789824331333	-0.07567587559011682	-0.5036875812917095	-0.4352494163529069	-0.32452598781332787	-0.009688951137246559	-0.09081626738924164	-0.3246107191060236	-0.4445739433895777	0.5292119055269985	0.47673583737470354	0.23417890908249075	0.6782452672387953	0.14320304304974565	-0.5149626955165183	-0.2332035195222892	0.11918631649392344	-0.3336164549806011
DTXSID4044743	-0.9775600021010618	2.4714629043104717	-2.5743212113977973	0.9608956610978292	-0.2374783813997449	0.7637072155006861	-0.9933673640561955	-1.3725710473926152	0.9791696325194649	2.879312882595582	0.36930059521616737	-0.22727970660367536	-1.3103740109507422	0.5580167869536348	-1.4086493840473893	-1.2295720416848535	0.3209477715207403	0.22768464660582238	0.41372499074888663	-0.1694713858238926	1.2688275723481048	0.021948688877875457	-0.026587041624208614	-0.24482607242421645	0.39362595399731587	0.6083570142478456	-0.8852978350859031	0.4435440817621633	-0.3450907979710576	-0.11455443440011666	1.817684420492338	0.49164762345443513	0.24300786864429438	-0.2324149962560684	-0.4064424681109138	-0.5327286477547998	0.366997056417276	0.6542839703632104	0.2094644061854746	0.554562320423756	-0.11898752561108714	0.22708895027314852	0.044890518507513744	0.10741120677580172	-0.06211250239501829	0.24296824788061333	0.14228657391343552	-0.4250713795280801	-0.058324518870250766	-0.21062519524083725	-0.10319017726839816	-0.09056489477061133	-0.26219627551844704	-0.04864353644791047	-0.35261530853231376	-0.19734072261548194	0.0461913142608938	-0.14908499984062554	-0.5981677836677355	-0.4452304805784918	0.5274126518227713	0.3537970283619675	0.06914386148363108	0.07468042270526479	0.20201446255254696	-0.5037150418964392	-0.05653625090047062	-0.33853273727816724	-0.43822949824508767	-0.24812777646784107	0.5182307809799352	-0.3208486378773035	-0.37063937241087774	-0.7538072046397667	0.5070818917771454	-1.28271361849952	0.1545067353839708	0.5203062833927449	0.549613695638252	0.06963054201044709	-1.39645548142054	-0.17031849262373835	-0.09240245781848161	-0.43160938178196323	0.3074150009958487	-0.09808234473405639	0.2693565543270018	0.3506667026825219	0.33470078862831065	0.8506752884376694	0.09395611575061592	-1.3311272148988864	0.22020943732005935	-0.4841918356647462	-0.3110800950754473	0.666336622757316	0.09046111383205122	0.35852559215892404	-0.1157330385565253	-0.04945787535648376
DTXSID2023270	-3.9945287188071075	-3.2530552291090693	-3.4582721830754055	1.769916020085145	1.0428962878850965	-1.7590580518799974	1.214468815038	1.2248608206958682	-1.7262952830446876	5.823042598320514	0.3342985206736813	1.376037627166488	3.4773778033180758	0.37678099272024446	-0.2690495607917048	8.974379528835776	3.9285094800726	-3.89551029248006	1.7778727792053692	3.8367922353279433	3.6350261514762074	0.16227838623230056	1.5898561013479768	-1.7740010663927044	1.8245861648774826	-3.8816594430898808	2.697870185587956	1.0338291766461338	2.5681411974577406	-1.5956567353939686	-2.234807001962882	-0.0637600384352134	0.9497030551719616	1.653455885036046	-0.8809450567786867	-0.4322874588757857	0.16462531536842848	1.0849741060765832	0.34294630316882513	1.0217599233663175	-0.8138015192743528	1.2023001036152383	-0.07000730534446717	1.6926215583071296	-1.1555859130672042	1.8769959271550254	1.7739642828566535	0.3694432483741009	-0.8935966874791987	0.6748469860976708	-0.11466774481925582	1.8895290728709728	0.5171226098843341	-0.2859542235727113	1.1737232735814485	-0.5302484945682172	-1.3134899139751366	1.153339102140978	0.9341569483915894	-1.473423522617808	1.4933550747089261	1.1485308372175276	1.4744895977737376	0.0041333917037880375	-0.33161470757525846	1.5953594502131456	-0.7106110520516475	-2.4055608734426652	-0.8615138633127504	-1.6643399798606935	0.9798518934606167	-0.40952423180532094	0.5423832007218651	-0.02041819733062136	0.10925904793178694	-1.1425348670650148	-0.7175385054746397	1.4174730633069221	0.031762511399567185	0.2380042109148966	-0.6063500729585113	-0.02190559271254955	-0.21156663987333404	-0.7127318323679358	-0.21904980082769598	-0.2603674712676826	-0.7146194237738699	-1.1352756070126517	0.7103152358849101	-1.662938528999746	-0.8669116718995363	0.4107268360223557	-0.5312489392798796	1.1160646638733174	-0.16745071555523777	-0.8982322285212893	0.433526859388069	0.005999942159298615	-0.35612490248556944	0.08361212150519728
DTXSID2040284	-2.092318393173482	0.5978721588000165	-0.8951468643706234	-1.2067342577633227	-0.37202821504082434	2.6281396812720415	-1.510024255451237	3.8465451493174934	-3.000644772838372	-0.5542057041008631	2.869343189789706	-0.17071433664846472	1.8555159609902523	-0.538265044640736	0.5643005937798783	-1.8180898066540276	0.7101387662516236	0.08798013188745173	-0.034547999939499675	-0.2042720890990302	1.0676779236016742	-0.32068740191495526	0.16056761525025234	0.6532028597780445	-0.3240397157849461	-0.08146227239765205	-0.020778500582921827	-1.4521588293895815	-0.1919186306092371	-0.08416377966773342	0.32040251082145393	0.6976263142824901	-0.0677172763983594	-0.24839810146227134	0.1677667734958093	-0.28474977518134065	-0.04402971952144658	0.4768754853552298	0.8832123998236933	0.4333055367899789	-1.0520865618345532	0.3408671585554565	-0.691366802572011	-0.05335789309406144	-0.11558166998172502	0.015113644998691042	0.10374610466237856	-0.5750792924376132	-0.10114814341273774	0.24167883837535975	0.07313211231645184	0.09520268793098323	-0.08255841476865626	-0.2944797322958265	-0.03401001906814877	-0.41508563963528594	0.5868275400462691	-1.0797440396678109	-0.3345006821806892	0.5238915933909145	0.4537518268048624	-0.44906226145207256	0.13019395178931328	0.0032125300338166304	0.2613141831476958	-0.19510895487706387	-0.254479402819394	-0.04652980564870509	0.8323588300005147	-0.03743924178006041	0.08533728085789705	0.5225865467877872	-0.10621292783441497	0.2642855655413623	0.0388705865223768	0.46125919917106856	1.080327764467031	0.5921883034772807	-0.022746154488184785	0.321051472963424	0.008315131331771308	0.2716538796483086	0.27120424594786635	0.6424453472811065	-0.005414562935321276	0.21581906185653832	-0.5020778346307075	-0.16038616006750578	-0.008281071533013523	0.07092861016660426	0.9124291478769979	0.24780556871514417	-0.28452947141560553	0.17099945240416517	-0.14434208611032406	-0.34303733965900596	-0.12657048501257956	-0.23097887148568594	-0.3234420757230124	0.10112956136294923
DTXSID3025122	-2.41315888735167	-3.040129084457021	0.1774366533045412	-1.7224580740598516	1.7305679120634943	-1.9920330553212635	-2.2597674190801587	0.815523105909031	-0.8138261492359441	-2.3289654727874876	-0.7243518805286344	0.4389872816856513	-1.8797512544613268	2.8989147382871563	-0.7150700875583111	0.0766816318876678	-1.442564086947315	-1.0303960054823904	1.3769274058557741	0.1095995617320197	0.5032472433619617	0.38437120233492655	-1.9004488768837968	-0.5877300665680889	0.6468845297954224	-1.0304252442756054	-0.19655243605363054	1.4149624196531667	-0.2672302265604923	0.4194777328185687	-0.29065203039793264	-0.34555345186155584	1.7365386609609357	0.403975578094573	0.5020370813232283	0.20144986260633901	-0.8053882570614449	-1.099038910723358	1.1086566649647072	0.327606557466013	-0.5067570646053391	0.4351505816815341	-0.3234376474591825	1.0831779105435846	-1.177574472153366	-0.3061657166390794	-0.056359794918778225	-1.084941951096438	-0.15960751909386325	-0.9511738677034016	0.24662010947683038	-0.22462918507558496	-0.5470112451451172	0.12352836787874161	1.061062674336511	-1.4469565597277019	-0.3557717492409324	0.3218796329766851	0.6720496926696309	-0.8251815801673023	0.053854813434407504	1.0743600911096622	-0.41690619560142794	-1.0352140022645817	-0.09885028398933247	-0.19111299405109725	0.5378257432676748	-0.04736725079272785	2.0881717987498005	-0.7324098504541161	-0.7232622105220293	-0.09336393691059026	0.6886653792715772	-0.2638994740273796	-1.1287353284804806	-0.6407102115682086	0.3539384002774031	-0.7173601069705741	0.024829376593194532	0.46852452006029416	-0.030663616587445163	-0.19604406111343783	0.7662695084156042	0.09741886750645153	-0.23027517275817128	0.33272865332205265	0.21019977528300116	-0.2541275223529327	-0.5932815048730579	0.5026483794249081	1.7381164517868046	0.9633730688415788	0.5687988503227384	-0.4967599511269226	0.3593759890329847	-0.5187465686935526	0.41134309088741294	0.09655219238180898	-0.5041345194742755	0.6598077091931934
DTXSID5024637	-6.055113749265353	0.9748841824660318	0.5423956589579686	0.16754337936971714	-1.598274173132989	1.3526268800092605	-1.2063751871015735	0.19783658864794257	1.0942925064220517	-0.4807959146718938	0.6667859477707033	-0.45826936755974323	-0.6165988640216628	-1.1100694407960376	-0.30681425389113187	0.6104741254973727	-0.025822816526174443	-0.09392876870289803	-0.38049655991177	-0.24967426557751526	0.00893658369803325	-0.12697616916271895	-0.011045943201293075	-0.09110409874558713	0.1171517365987348	-0.04109163971641607	-0.00785605606652361	0.02234304136854567	-0.013416173266352478	-0.03305614330938662	-0.2232897665928228	-0.011349831908934817	-0.31253779620887134	-0.20187777673237722	0.2700117464160019	-0.20343187296993018	-0.11378511246195919	-0.25995221709455196	0.02415539875718979	0.2482237480238207	-0.1735862018255795	0.1723277043402554	0.13204299047178086	0.23631042309156372	-0.163603901876511	-0.14673153268783432	-0.09046877558033768	-0.25561712431998623	-0.06272393006354648	0.13370194116080403	0.07988772815600587	-0.06115535181717508	0.18808798295091037	-0.06989602690420005	0.015235350472089274	-0.25240073457171747	0.10334442968734851	-0.12048228028130153	0.10115584144990711	-0.009271894976535668	0.01168585223769686	-0.026845836718343185	-0.17088919737016228	0.36900438229287796	0.18252853291814522	0.41881672986730467	0.2171620610610708	-0.1230781966624601	-0.028535441737209545	-0.16368479074306996	0.17177310457928247	-0.2159351693858334	0.26033251060965185	0.4178770341330276	-0.29056662460030325	0.057326527062638924	0.09110654959149506	-0.0510945370856731	-0.6100495892430599	0.25363866634686105	0.2982198433181177	-0.8063329692664551	-0.23844703206751713	-0.49500665281290757	0.26932377517347317	0.411430414746585	-0.25645556285792187	-0.11258067847541839	-0.1393277234498474	0.15753770415005158	-0.2881633336140738	0.035376880967784435	-0.025625678908881375	-0.5082168525188108	0.31291853504526396	-0.26880310608968117	0.06472928471679595	0.39857752489286746	0.006036740436592779	-0.29731885925654206
DTXSID3045803	8.346849605885671	3.7502281493055865	-1.5290223368034392	0.4937096534713152	-0.40102568973292485	-3.833446095567796	-2.699180203455315	0.9415730486696229	-2.7222704679668825	-2.0409097463401373	4.926487477848868	-1.3324559158989535	2.3150895148038386	3.30454174818425	5.259350430678568	-1.0618085494896985	-0.5591758986621018	1.573939143333975	0.7959195584856305	-0.15413150455132008	0.024426596231302	-0.34062045699145566	-2.027873290441095	1.3234370997559153	0.34214174745490983	-0.7537037419078592	2.259238373554721	0.6839348644718112	-0.88261257055605	0.8626016312788444	-0.28388472548228755	0.0784031245064085	3.4319194168129914	2.1717799649816594	-0.5065521480782088	-2.7770130701534064	-0.2110231277139138	-2.0063916818539966	1.6180489859385379	1.1249793690837513	-0.5666395879149835	0.6170492663945575	-0.6339019614056669	-0.31036536758184197	-1.3274754669760427	0.22925932495653967	0.18152852475198586	-0.1836583675269294	-0.08351057215232847	-0.9035169441060386	-0.00034059866851090636	-0.4279537945024861	-0.2570675492863674	0.22982355832282006	2.267043153140414	-0.9498789330963391	1.0053333491319374	0.11585488617492498	-0.403016397754538	-0.7499326757398768	-0.38496271098110374	-0.6967240733876555	-1.0399695019326995	-1.8224970663093887	0.392006616357783	0.6464163672790918	-0.4937117474941152	-0.5039087648625676	-0.11904783571771842	-0.780782566159779	1.448846650050052	-0.16182574924426643	-0.6676279370236851	-2.1409704460245305	0.5204914902619161	0.19143966040571656	0.8300282196783415	-1.3063806081440117	-0.8847128318555366	0.6882826971475291	1.1932821685058783	-0.4188702461822261	-0.01973247892790819	0.48464712034591284	0.68444897952945	0.3834549314982199	0.4324001214980688	1.6818834205764204	-0.4048318428849006	0.7504267833197249	-0.361612021873588	0.7702259551862897	-0.03877198751611082	0.3997781298959457	0.45174341321030786	0.7996867913952614	-2.1415148109561586	-0.6994828183602836	-0.37287272644326713	0.41454320064341865
DTXSID5021126	-1.7239607562447528	4.070662945069785	-0.20304192064017146	1.724407263816359	-2.1503516166091425	0.5222984330372253	-0.8080344980812416	-0.013543796798764707	2.757230786795196	0.9483808980555707	1.4589454236448212	-0.7042429105983543	-0.9299796274353134	-1.0252961862873031	-0.07209516071580888	0.47155362261484357	-0.4859963846176971	0.2538890021800213	0.40279887702964545	0.405340529052211	0.7281071478928707	0.7711890967187625	-0.17351454373574707	-0.22131266560691779	0.46005027839914175	-0.6502541365166363	0.989307586281217	1.3421408014592167	-0.03515485554110982	1.0925118290182583	-0.19620405980102407	-0.6437115701307063	0.23987543496464886	-0.8436639377759061	-0.2768626636425005	1.2967284227137916	-1.301809159155329	-0.5157096252963969	0.47577860175191417	-0.5925929146746411	-0.4129718956300594	0.552277593681145	-0.05848834172980423	0.37574685877443026	1.1717979537296208	-0.6374872490638408	0.9473845173679847	-0.11489813703348453	-0.12761351970281284	0.3484269216162594	0.11215095483098407	0.05731789697588578	0.5857975037460954	0.2297508178701215	-0.8479393002431427	0.24446156333601074	-0.16671746050844555	-0.4879322712988407	0.3783189160167382	1.3273541102031794	-0.8934260812955063	-0.8425061026093246	1.3647320244633514	-0.4582873938083844	0.061746475611913404	0.11776135963664978	0.0352292557572621	-0.11562609110440716	0.6093820348584356	0.6095200824353769	-1.9691426307877842	1.8731414677039626	-0.06777917309095306	-1.1890620025622982	-0.6588303058428038	-0.19048359817769148	-0.0032407779928191965	0.3381889634753442	-0.3272049680368619	0.23408178031468185	-0.2087437464272605	-1.0008434831844875	0.3342486449773339	0.29278277282756027	0.3559484656594074	-0.00728235248337709	-0.5414143282235606	-0.30856491079713205	0.4509305783852796	0.5915905782745914	0.2996615538199267	0.22586914216102488	-0.2200199392907863	-0.44334360481944635	-0.2533638814496497	-0.21232436801438187	-0.9088122959103093	-0.10022416161864071	0.5359457791179142	-0.2914999127517404
DTXSID4057760	2.6977925754625254	1.4075671867910515	1.3193009775942537	0.02365080248607398	0.7496999548938429	-3.494980941723644	-0.4697292136925298	1.2630095144794071	1.152716549168937	1.4486006897987407	-1.6395232223169656	-0.2887362657119522	0.5470273735052714	1.7784695890420903	0.19981415270695063	-1.221350754412073	0.26768512276009016	0.36262491309604167	1.0296173519045042	-0.7780507254729551	-1.7356042054971406	-0.14295677604598078	0.1036567906528478	0.8250665094398877	-1.39199918919574	0.53391472032307	0.5438248765931524	-1.4251903840381739	-0.4504641014457194	-0.3944869398987023	-0.6544474613405225	-0.6933390275777933	-1.794563905020609	3.272426265596178	1.1544510045027456	-1.4275430936702196	-1.2961280289350423	-1.3116536633861196	1.6689651304941282	-1.0902663731499775	1.7510327634691272	-0.8728256011891251	-1.5376688158829483	0.4104518934202428	-1.1777372673863153	-0.594364012176256	-1.876676130184203	0.5084794690329324	0.3452806515954944	0.564753404831607	0.7378876487164239	0.8600898005979177	0.251225243075527	0.5122025329581089	1.1704280926218504	-0.3615903342202912	0.46331203619970074	1.4050449618776666	2.4110591880722265	-0.3328078656292578	-0.4295620092762132	2.647163829949645	-0.15356816086697245	-1.7440279796993965	-1.3151724528823536	1.7519322112993327	-0.8086034268662904	-0.4871035307033554	0.2706916680418021	-0.29027567684361827	0.1579442388695691	0.42546157238987936	0.042310033661648726	-0.14467023202181742	-0.2117665856986094	0.24826877839142228	1.229026559425453	-0.533700668075718	-0.10528579829701563	1.0092374453207007	-1.8334924801887107	0.07008721699653009	-0.7915554940055514	-0.7783747801985315	0.7213822981644407	0.1056928883846612	1.8609822569617127	1.36130263247437	-0.5579266718335	-0.5478711516043789	-0.49463453905865806	-0.6678181715359821	0.05493144891999284	0.4524074209961745	0.25978736205210334	-0.3991209460227764	0.8616651512817833	-0.1927971622153799	0.7984095149175897	0.3291764074060491
DTXSID3026223	1.1806928431420878	-3.3083067996238	-0.49252839253005665	-3.390020503945672	0.8656510814813855	-3.1293538584618346	-2.3586505551690657	1.4386383053153586	-1.1454893185812989	-2.1876926587436087	-1.0610475733639428	0.8610716087975322	-2.311992956547532	3.1925193276369987	-0.730046725893698	0.5544042517869046	-1.475417943973218	-0.6386250023208101	1.1477978992818432	0.12251346822043029	0.5360434560429761	0.49953475115970075	-1.6440154881584563	-1.0235404880212375	0.8989247022192399	-0.05173977743115852	-0.8745650409557199	0.9562368370941647	-0.169781267426545	-0.8177132866864577	-0.1343776242939849	0.9608625191278627	0.13548665460909778	0.0914586293039196	0.4942369701835301	-0.06439729022512494	-0.07902262785353284	0.24577591850174677	0.47003613843653025	0.03771822866503948	-0.32537627267394975	-0.46857548439278945	0.3654223057079378	0.27642981246086507	-0.42702730969066854	-0.029255814483964505	0.016356235588251222	0.07995335651483028	0.2722557067874401	0.3654465639467289	-0.0562286357121587	0.07346873520277683	0.22541693113060896	-0.47191821087924507	0.22034885490252218	0.15938675024616114	-0.6610714032116963	-0.23453239436216877	0.21445169199332598	0.018091932014435468	-0.27822192783811694	0.5164014289272113	0.8386716197750127	0.7573462886424959	-0.06939821581170866	-1.578946986754689	0.7656633309814799	-0.6600319189360799	0.3734127831417478	0.45988957853140444	-0.23710973780831462	0.6435994227438864	-0.5280015676779429	0.0391492611953072	-1.344657515486406	0.9149408301419443	-0.6716906923826911	1.3934815776957654	-0.045454385887443466	0.5403996856386613	0.33878904948201016	0.3229798503441625	1.0594015574801419	0.8477585843415589	-0.07759729884858675	-0.01323061814793176	-0.8812814942474891	-0.662049339769548	0.21875703538508895	-0.15223249749815693	0.8842115478231433	-0.13188477524998654	-0.23170890014633547	-0.3304617874824888	-0.5314280410705008	-0.6457843586961943	0.834370351102662	0.5404107303779774	0.6720059905213752	-0.1553566015355763
DTXSID6052295	-5.954755140926179	-1.814603888803719	-0.8748763737005727	2.1663171885915715	-0.45729404288117054	-0.11031499222134278	0.7762446719364442	-1.1260840662556506	-0.42233458456852324	-0.1975646410316073	-0.11205078280495064	-0.5825918887023893	-0.7286696400503166	0.8647590169783843	-0.6497290927551611	-1.3306206902816264	1.360889947020639	-0.45603649660044304	0.11932920945682658	-0.010015402106099436	-0.43822496869151306	-0.8265592785754842	1.766765710855262	0.6964680837234904	-0.4213552127458098	-0.6220702148878537	-0.37466582771181683	0.7444667909667582	0.40516462011356236	-0.5915790769455572	0.9278653572113674	0.25045382894840085	-1.8485694485227295	3.164980907815295	-0.4360056950240604	2.0429992407390003	0.9521036191104096	0.10342960985835892	2.9217977725056103	0.6939321511925142	-0.0989509966547555	1.7350926323773679	2.9342336837852065	-0.521299075480651	1.5028458483175868	0.3353669226517082	-0.14280462811359354	-0.2834837399456008	-0.9820876645829411	-0.7412435799770225	-0.32703494824751844	-1.2883603160562263	1.2247761019682288	0.2206262695686405	-0.33142920216755334	1.440056003927855	1.0495138324952424	-1.4255886107569067	-0.15263096655726455	-0.9698043643781946	1.62101197936123	-0.6028884653228809	-2.2822580695127757	-0.34441236860272956	-3.0303794668506563	-1.6533765134109972	-1.1114147893943425	-0.9086811875161703	-0.47799796987765136	-0.640854561956549	0.3555553367741066	0.45069204937929924	0.6079475188273291	-0.16539514883135817	-0.22639860158536806	0.789883793061999	0.2956723658042413	0.30330535898485705	-0.34899713271812033	-0.26926517987362814	0.14401887015516038	-0.9342144704013835	0.34311527786916207	0.6659420028694469	-0.22877581322655163	-0.009421100920295033	-0.31101321472975896	0.23746040662065537	0.12073426239188817	-0.14682702287475638	-0.43503652211398025	0.45857333998117344	0.5207947588847578	-0.19702421486964863	0.39823894967215084	-0.287410518454099	-0.29380852940144064	-0.08735427315336682	-0.012333907449419345	-0.12896936044460178
DTXSID9024065	-2.9040298226725674	0.16108749839399444	-3.221746997910092	0.9294314294064234	4.191568960116869	1.0007079034627822	-2.1358916850029783	-3.2193275701464708	0.003435101812337289	1.1087544869283987	1.638614125022423	13.642132107079824	-1.828065757865227	-3.8877521676543303	1.0132268365404307	-1.4132629684178972	-2.487900501041661	0.23287525276512028	0.8016126693912073	-0.4724070616669995	-0.48614369502865346	0.86477146594219	-1.5093091579320388	-0.05826859115476804	0.21570085119241136	-0.11910689559786844	0.903947729292701	-0.4053948489517042	0.34869580061414496	0.1292656374679314	-1.4741440913273118	-0.5438020797878687	-0.20222995913672503	0.6061002764763131	-0.7123520498355166	-0.2768183388635056	0.2317926153057959	0.25336537677501897	-0.33459314983423494	-0.6839054240492757	0.6914057269145456	0.023517175031052554	0.2112041226635307	-0.06178294657600063	-0.34014505913898124	0.12550531805865187	-0.08408988779086565	-0.05494922079128906	0.43519559577086236	0.30586607100397467	-0.18933704850491148	0.025945664625598885	-0.2063552452275618	0.07499669541815986	0.14686569180695774	-0.36973863286768904	-0.43164744947028694	0.005143670550950386	0.11811221429440666	0.039672800359715814	-0.5797829512335388	-0.28921621365606576	-0.08432840508117727	0.7125184222002084	-0.3656585047563304	-0.01699534056735043	0.11664940518534665	-0.5476866143686585	-0.1166250792021488	-0.16937535952555707	0.27064261334098494	-0.9170449951323492	-0.02456735096941637	0.21948048016627994	0.09528914864130253	0.7808693106273353	0.5610364277880385	-0.19941801140696108	-0.8882640052231725	-0.8733566991191977	0.07408459232064471	-0.7726678596156037	0.2599306527678343	2.0861706088721284	-0.5646850650710907	1.409167736841512	1.7086127212822566	-1.0210822239177009	2.5012245219216482	1.661259925002123	-0.6136313893309863	0.7660630544908381	-0.08181995767366587	0.9134711956520413	0.150411863080276	-0.5555880404956792	0.6169204042716734	0.3058122317345044	0.035663095150644405	-0.22102235759886413
DTXSID8047058	-3.1688423162336616	-3.205282584315956	1.2208924939435555	-0.4400767886662518	2.4871684521388735	-0.6741639380640103	-1.8521614077626676	0.2009643488798235	-0.9359906726501146	-1.7802692636876056	-0.6389378837694054	-0.19358699978505847	-1.3663429749122797	1.9084458394725232	-1.3242001899519575	0.5821945221063479	-0.9007090917442193	-0.4385001684297365	-0.7910340864541631	0.7326698342993172	0.6323875907964338	-0.10484070068038022	0.40796041776933	-0.6246435032634144	0.37325159645220146	0.5729501877062322	0.2040925010438882	-0.3222061658014157	-0.298922371512952	0.31893455435896967	0.42014376840787077	0.6906060532580116	0.4471018459415044	-0.029445055637704696	0.6597986019555178	0.6618206306791082	0.14330139059074753	0.5641688007459623	0.002531063162370123	-0.12214972775378721	0.30931287691157555	-0.15091382901192607	-0.4176663004237274	-1.0893386300039913	-0.3209875204891666	0.25747938341165005	-0.08470451951590399	0.5234057254766137	-0.16368507103069777	0.1550925982903962	-0.0900354902990904	0.4010709385693078	0.003087633610693209	0.015863855132044073	0.26498316535664107	-0.059915455434104765	0.5317193960952717	0.18481981528345956	-0.24589985661984234	0.04417073601380639	-0.08209915260628123	-0.2308814274787779	0.1830730144286418	-0.2405123678761089	-0.07974515182841262	-0.3531358786368136	0.6054826815452393	-0.42306593665152814	0.19255454893553822	0.23351639593194373	-0.40831686072091555	0.18488464346091668	-0.2050367788860434	-0.09090463628571802	-0.8750814421855628	0.2386527505765966	-0.452676934595586	0.4932201735901863	-0.05204966846419887	-0.6538078066335188	-0.7643983036920653	0.2599756035959387	-0.17668794985926597	0.6498314481526056	0.1431850768777815	0.07474179696889952	-0.31778381689810814	-0.9065713431750457	-0.005105626788524959	0.04621428662373759	0.495919967171841	0.07720004811965313	-0.2909802934798274	-0.12729910037099876	-0.18881009761787898	-0.19775892850499974	0.19046119092231098	-0.03757006404959922	-0.08956891951314895	0.44236355696835095
DTXSID6027050	-4.990731983471297	-3.127264593550268	-1.2470875615403285	-2.199600553986974	-1.1604892346333062	0.25110317461428555	-0.246494055550986	1.1879810521394765	-1.9864677966907924	0.4262648242324652	-1.3567528212215019	-1.1824687884910552	-2.287757859462512	-1.2630195742245487	2.0748608661156727	1.674940914633039	-1.9266548773319605	-1.0560049224209702	-0.25039282429608684	-1.3092101954474726	-1.0459915864385914	0.5885310147342313	0.8814388234520266	-0.3097478164700989	-0.3424923559567626	-2.605791457904543	0.8150193082198844	1.1875639889245015	-0.5032065603575685	3.6894747567702666	0.28357026199222063	1.0233438677361584	-1.0329965453709964	-0.8120894001117271	0.43869482477817706	-1.0630024153872615	0.263251667870416	0.4917744041811678	0.02255918323148645	0.7197494269202898	0.5856876784529023	-0.05671994064654389	-0.3517039515108268	0.045909074148793555	-0.03336449115125568	0.047610057472103694	0.006154393099186703	0.29560930306545896	0.0956264974203674	0.31077535147534174	0.06833133678593861	-0.2466715316137904	0.3099993866997519	-0.15682140617068005	0.12916995259749328	-0.34086811243282883	-0.3457547672732618	0.3663561297482747	0.19684414647324838	0.04319211947162674	0.2784654147790789	0.3617935239868493	-0.8317188270878237	0.029106200806496382	0.8864499044662466	-1.4290783870766823	-0.24520453000683823	-0.4002058901813978	-2.709320923166054	0.6731814584201767	-0.6963991420677477	0.4654449604025847	2.001719674496281	0.5264023709646724	-0.47161485367653033	-1.7951831923940496	0.8356998469910815	0.6387785981572667	-0.14463810883000483	-0.7170944964172689	0.9215589475081339	0.5152437727567677	-0.5174356181563052	0.8639297669427534	0.40887719594380817	-0.1718933351528129	0.5809521415996796	0.20673164303957234	-0.8785218879815496	-0.43409014596564127	-0.6886830511069221	0.7953775757508599	-0.49628349237454417	-0.5480128626893881	-0.030045246153470283	-0.432524082014929	0.28539584861515555	0.19631421891306244	-0.4399031477282942	-0.06593788284865003
DTXSID5044154	-4.2939050646728285	-2.1875060570343687	-0.561375257605592	-0.5441879127660909	-1.2468375067656774	-0.26517242533754243	0.23714187282847887	-0.6852107509372933	-1.3502350484626275	0.4359834833574426	-0.43497791633269645	3.1810937358019564	2.0717071683175328	2.6633180874265316	1.8531639782714011	6.761391504274455	6.052487769909566	-4.287906898791944	2.2806565917307657	3.9758019281556787	-1.541759337680594	-2.064102791347997	-4.211376371614051	-0.5427554843671519	-0.7096589869655023	1.962624977828553	-2.259986554464158	-0.5845701427368957	-2.026741830604419	0.6753086798798954	1.6747640723689214	1.0550833303132472	-0.018459965173949006	-0.4398015688037574	0.7201010487053501	-0.872193158856905	-1.0287576336066486	2.1557263294134654	-0.11035796441739212	0.9396008217906061	1.1500676715057323	-0.8221530004144463	-1.1366159580899202	0.20498069067918964	1.2667136666660506	-2.486835473240112	-1.0334027822587113	-0.09269908749277156	0.48491378479195346	-0.7072275072720554	0.3024095349792644	-0.6092387448552514	-0.9648830309699813	-0.1434105463749973	-1.3673061015646697	0.8979291836171276	0.20967712938489622	0.4958660381343839	2.8349664622359017	0.15244735726392408	0.36925024683388874	-1.5574919741418867	-1.6291359185114263	1.3062093652000695	-0.40308907713661707	-1.9738001112520076	0.457655190688771	1.084605831406103	0.393312190630242	1.5853471720925354	-1.733454696029368	-0.8329134150150685	-2.01708358510072	-1.4200373720606898	-0.1821079201614361	0.6774369786999268	1.0625789979764337	0.4006124750239563	-0.9031288483900494	0.49618996355030404	0.41460842680672594	-0.34542771378875997	0.005231176037743447	1.278283085450272	0.5328687873156538	-0.03533735812486433	-0.5357586537675075	0.17094281543759468	0.26804605579854723	0.2045216200085578	0.2382311990204621	0.47551593099864153	-0.33189714521653063	-0.4519769546800199	0.3047959038469296	0.5190351865785419	-0.6239643465030003	-0.11491926352180878	0.4080286218231079	0.004071926223954153
DTXSID9027360	-6.3462414830105764	-4.233032160714591	-3.1143380430648784	0.6083155321733396	1.457441211450138	-1.1675457614955815	-1.6934273902755435	0.3839676372925051	0.6255778971819864	2.6031585058526554	-0.17168699117070407	-1.8914140289593262	0.38884360094434345	-0.6327887802122739	0.32292671400767003	-1.2211240460322677	-0.7417712541507541	-0.9435160375971976	-0.0024058017804020043	1.6926067978473602	0.2119767846454251	-0.605263006865801	0.5861480922418885	2.29114665230804	-2.741272916379072	-0.8766225211570534	-1.2362120673910102	0.018930164225973836	-1.4339190849793153	-0.4742060420128388	-0.08334639922357585	0.4344272686992654	-1.4842478689596819	3.4444364573321686	0.7688306651685379	-2.1102637026067836	-1.8089204436382054	-1.055570387927375	0.8575974970169625	-0.7523593383339197	0.6365874195340996	-1.6792364115135712	-1.0192709468752958	-0.20399608578428036	-1.0731177790297715	-0.4832109526817495	-1.4023816084801606	0.8593398474327422	0.5623805190177892	1.3133259363192542	0.5200423671531814	1.0744376702278708	0.5927332578717334	0.3228042957053501	-0.033237561150197416	1.062265498463892	0.3950778217384286	0.373328679979162	1.2043126411698657	-0.6882116275442887	-0.011443839885048079	0.44605810752566544	2.0031385846791263	-0.2713771260974409	-0.7193203809766466	1.397547194336091	-1.7703458211512837	-1.2618758157314092	-1.2097094338711332	0.4732922996989102	-1.2796148876771312	-0.0631040645370542	0.5494912485116771	1.9268715515050578	-0.8116867645329929	0.9458345131596299	0.9394462801989678	-0.2852529776977492	-0.9013865138407358	-0.331439643817298	-1.1856867570755552	-0.2183727890236033	-0.3768051215632355	-2.3290116264982603	-0.002046016708029423	-2.6994247795849513	1.6703147771501983	0.35758177895046306	-0.2810564976157208	1.5318717122561865	0.9803253438440181	-0.15556559397074554	-0.18017347618660684	-0.21550983540792357	-0.07573445568053226	-0.8480904406006076	0.0074873713585980745	-0.2385970188555162	0.35560935558230655	0.009192240855394192
DTXSID1029201	0.9990861893092556	1.9186720085630047	-3.570510184705823	-1.155121611753152	-0.9875325396863209	1.5121973592159867	-3.7448025803022964	-4.722685642020763	-2.6035221611230543	-0.7081413520991536	-5.271024584470458	-2.8561973159932608	0.1721896297045296	-3.037484729816683	1.4381892023633183	-0.35604921786808386	-1.006768344416661	-1.3589214818073598	0.6244332992747664	0.17885826686772008	0.6953486604125991	0.14513181414732637	0.7911964771490371	-0.6567857416157482	-0.8085079014406327	0.2827346917573231	1.0210260758726704	0.14618742903858795	0.3492737686566862	0.08185238581602473	0.6112651572945654	-0.6579444961357269	0.14221418718471932	-0.6109979927785651	-0.17313521336827467	-0.20297297270616846	-0.8061656001109269	0.7240982626140298	0.31534872219258825	0.32159041121434345	-0.03307416930562292	0.4118771832141981	0.14381518964193374	0.6649371833799265	-0.13616600343264468	0.6279031548087943	0.016048416406446747	-0.31034844826388275	0.29190349986461883	0.47601842619996526	0.26763305243184476	0.03452531257609332	0.49430026956191575	0.5589541788955308	0.12638364079984146	0.10178434541198778	0.635705226647902	0.05098990491814832	-0.22431017518179486	0.2359588131148525	0.07644217748112701	0.34967587617240525	-0.29933664868817894	0.23699945695194813	0.32335127701549293	-1.5687362840914254	-0.18166267274316017	-0.5611130522362451	0.4598627729024544	0.06925113749748413	0.18653329413744416	-1.0101491776630012	-0.196738583352598	-0.4951963703091003	0.24365475230533426	0.3628256182390981	0.7960272743828773	0.3946718757189634	0.4820584856303245	-0.15575541401878026	0.12687601978923949	0.44090626873203415	-0.24109111519379287	-0.041876234822053	0.8050051243372607	0.33320487948012323	-0.4765990917499317	-0.8302291505654089	-0.2283463152351168	0.23092639731498651	0.6771429348729175	0.11577293563710268	-0.7475477123612331	0.6554680565080155	0.5012595958016652	0.06277127280386682	0.3952135635270306	-0.3051039134161866	0.6487439304505589	0.42437129131877693
DTXSID0049238	-4.278950941470786	-0.7709708958431339	-0.6711797330232754	-0.057299010292846335	-0.8031779770269808	-0.09537342019929623	1.4586660336569708	-1.690893456962086	-0.30633027587561	-1.2958098008849412	0.026142269621402585	-1.465447714003373	-1.2972161279695005	-1.2529149911716193	0.24747929822622586	0.5376183608634245	-0.6467371829232949	-0.471961167103857	-1.0878075413460566	0.753182384108718	-1.6619421927336235	-0.8939621319933762	0.5802763650564797	-0.15264863676307763	1.0694496725584675	-2.2072370237229824	0.26112900945084194	-0.34484261991278786	0.7950435436275308	-0.2161436516348826	0.564470950445137	-0.47953390185538214	0.3403728310297149	0.45571265363258884	0.6868231398483137	-0.4814311005495858	-0.02294367357948936	0.34503098642683006	-0.7052188901254752	0.21465881173508702	-0.07508487000382393	-0.9621780335590115	1.2356558425543227	0.7346837131245637	-0.7640584668071396	0.0800437026844162	0.22634454557751743	-0.05905410382937401	0.7935910873408438	0.7971875998255391	0.2884840166517756	-0.2007262243320225	0.25399564527295904	-0.37319120045595233	0.1884022393172679	-0.12334716638343378	0.13314302850370757	-0.809287926847441	0.45249605088279354	-0.5217230142863732	-0.5787838976621452	-0.5526609340433175	0.6468843043683329	-0.25269273185647156	0.10670801220499566	0.40011851482403143	0.12189407079076807	0.6708223296921525	0.32208167354830103	0.30834367442399124	-0.03849367831717552	-0.03996273666002567	0.2041279622369805	-0.048145224348888745	0.014998992931665197	0.3116484423098785	0.42566811359435497	0.23225647684773482	-0.7863808921450148	0.4343626553068164	1.1605061073930416	-0.5622602202350966	0.2908268731036676	0.2408047088821071	-0.3481757396379233	-0.1343979418000994	0.7731950464268474	-0.015068917709654529	0.0011617353991917219	-0.2849196641837612	-1.0255918645243804	0.17731482436063709	-0.1964888413797637	-0.11964965553833459	0.034177225930816416	1.0578467393990587	0.5081914536262521	0.019823001114165878	0.1397635056931826	0.6363576650580294
DTXSID9032531	3.1946958624057955	2.1651422023721745	-1.2108284770449782	0.6416286714045127	-1.9600165028184042	1.9752573797164703	4.989969640120744	3.4351104440162605	-1.5008826873342211	-2.939840480779202	-0.03985622432337745	0.6246018310355862	0.15711056968559456	0.4890403378254491	0.44584447187051063	-1.4891961389576769	0.9761727486955026	-0.2407047601525088	-0.27162699345578967	-0.6050887149699808	-0.660714763711603	-0.4957302079965659	1.0184282460265557	0.3117916059072324	-0.02988248264367767	0.16589189456372352	0.8234665911803123	-1.400534281231442	0.709695037997765	-0.7840967526042375	0.7057994735296115	0.6620829036712699	-0.9424954332833301	-0.8613690299698272	-0.824615206930598	-0.7034361085744534	-0.4622098646283159	0.3994876257962798	-0.8145863169865583	-0.8794758342338587	-0.3153168807530242	0.8857904470904671	-0.8959619814179219	-0.40829285663093967	-0.001463856528927338	0.18983175431247096	0.12697197015186254	-0.14981472877621418	-0.3450319827081347	-0.20394663546685782	-0.221924126881625	0.3402592572726782	-0.22684591968652845	-0.19682381280457872	-0.3191590754999329	-0.8024557933284729	0.08924834391467365	0.5439148030392835	-0.8706567877458149	0.3457349494850411	0.1847561554328304	-0.16209621031120106	-0.5272792755028964	-0.4291548591091572	-0.07673278562053015	-0.5834639485417038	-0.6678184016032609	-0.5325962258686893	0.0028336920010907144	-0.39166514668573343	-0.08993500402760578	-0.4855026896489241	1.3324156528505118	-0.05564733478494958	-0.13346201946901817	0.6503845818618641	0.502982693322878	0.12056375073736686	0.06073118353754051	0.8397744670468326	-0.8787498827947213	-0.09506014129604698	-0.2301398179205196	-0.8277129787016975	0.35033565004437517	-0.15690517050883723	-0.9281966264815406	0.6750532245606504	1.3217459973372319	0.6159655728922697	-0.049053789303059675	0.8683828935051342	-0.8127147570069289	-0.11924484923068032	0.5157859805150125	-0.6590692184973557	0.6917147858625072	0.2980550431782887	0.3673293531331355	0.19357160339385726
DTXSID9025873	-3.510169216822794	0.05603966099951798	-1.5559891569577655	0.9779163253440779	0.17607713000149958	-0.36715625623919035	-2.7652639898318485	-0.6800085914757866	-1.2535781870325609	-1.6608926020898616	2.149638091155468	-1.4113295211297345	1.2007912404472416	0.7822512960900309	1.121916844378705	-0.6701889877313978	1.4218321685698359	1.0069469039285166	0.43943594062451297	0.3431332337219037	0.3791549001077883	-0.24992138065420383	-0.22705592687090345	1.186441618150467	-0.08721667294226028	0.010966476746539904	1.234318239512906	0.05171675379942321	-0.08976299478599596	0.9220842277368607	0.1037859754264177	-0.8311630289596028	0.14742501145905965	0.1822044147630264	0.0665749782447676	-0.2320376028925371	0.570856829031959	-0.4992533462910163	0.3921032545810433	0.04201705263543794	-0.4288125399851181	0.016289089041009945	-0.6991745180973501	-0.06176769358969893	-0.026628960770780738	-0.25086174751283624	0.7552074016134148	-0.4204892261383156	0.02016248476409104	0.17138562990698847	-0.0038208265531384615	-0.0975372265361032	0.24903660150351006	-0.25490009575937284	-0.09951820147835369	0.26704558938666423	0.11593715551207656	-0.6937939263525272	-0.2785021613360288	0.5713215283628501	-0.8043952215667539	-0.8315099188010772	1.0130455766666027	0.06917783187898353	-0.11003817912115159	0.2164299922283537	-0.6331639998363914	-0.33089176529842096	-1.0122222418576257	-0.013023731218981571	0.4951619719357075	0.31901186530085524	0.04625721881820458	-1.0613783688403065	-0.4805132496915117	-0.016051545126706406	-0.024035350400392282	0.2296186686127088	0.3356730812858178	-0.16070885883689034	0.5208752562805256	0.040151908912280265	-0.4177196424912006	0.03437922253183474	-0.02413297569782411	-0.028693392860378742	0.13800477744805048	0.29112601808967026	0.6462726312118477	-0.09711199034551429	-0.514644511310538	-0.3885731609543465	-0.013780721732282515	0.5950319334864278	0.22423973394578667	0.39171924709761685	-0.04779682086830888	0.11098019081496063	0.1400999821609949	-0.27158693957424096
DTXSID6021872	-5.633126116830866	0.46659290931681613	-0.46625974286845595	1.3864464911461274	-1.301586381389382	-0.12177882869654033	-0.7915143533356969	-1.1310134622737789	1.2709285834131443	2.7353803610163183	0.5178560025205368	-0.823668415006733	-0.8712565922650614	0.8534134524783664	-0.7305352277400793	-0.8876448219057302	-0.09736182820977035	-0.17809229945966806	0.13403395833317544	0.18152817735973795	-0.496355537594015	0.05943660223333769	0.1928502318423012	-0.3694186880219189	0.40770906152941094	-0.18584814979767542	-0.4430879778437229	-0.8306246591895958	-0.4257439719695632	0.3797554956866744	-0.6147647272637659	0.2474463516314445	0.179373388709885	0.009856676179572702	0.44842381191832736	0.12401554249804637	-0.08622841342653606	0.27939592780904615	-0.057459028723563385	0.44592730431749167	-0.3719830754009328	-0.20199618537029201	0.4918792395295739	0.0472315914521075	0.05548113024930633	-0.106651190276735	0.27725410750740526	-0.1268084275345613	-0.22448856042019197	-0.11333047997039561	-0.03925715557072169	-0.12182051166661623	0.2288701402538886	-0.3372113073284275	-0.09588938480579506	0.064408073339921	-0.38583591648239324	-0.42691179083665814	0.16366823066529138	-0.3723604412250987	0.5945892606695324	-0.11537891234594871	-0.12751644079096225	0.4102202646043729	0.5588452403438376	0.22422294378223087	0.08829338492502317	0.39213574877207863	0.08203732783857769	0.023793233976297304	0.31578713714242324	-0.40099748857653805	0.028775222580271032	0.3925268981086693	0.2011497468208223	-0.20532407135904074	-0.19413425638734597	-0.29359692358324213	-0.2175691344837368	0.08202286283480296	0.5136029696134214	0.2741890517595442	0.056859896599153026	-0.3507052126585311	0.26134113870426406	0.04239373243426332	-0.02828810576617145	-0.3361832892019966	-0.03352261704127255	0.05863458380072157	-0.38494084796947775	-0.10658081138764211	-0.22218579921086556	-0.27210553666865567	-0.04900280118613452	-0.36144001201358894	0.04103993959879031	0.04375408365026616	0.13096219690115968	-0.0252151047473887
DTXSID4035592	0.575678109222797	-0.8009003320253342	4.919005057374027	-3.9517066566698253	0.3280186905234109	-3.4530633599304403	0.0691477803307377	-0.4225547423492699	0.10728106857536235	-0.32677692523710844	0.1253781405829679	0.7763389406920587	0.8318204383450343	-0.42586087832016717	-2.275971559027232	-0.8192455063705549	0.036857859349939494	-1.2783049677300058	0.4185121679993915	0.12782413698582729	-0.07042983782330925	0.3917970401712061	1.0203339112126655	0.048022147076696886	-0.4804377900877792	0.03926375151773042	0.4815393442561996	0.4998693691149551	0.2166429265977034	0.3839367509336489	0.6013104537553576	-0.34875676282045837	0.3725420172913854	-0.6153348260807332	-0.41711855535732295	-0.2685480351734674	-0.0005219156218127952	-0.35330502250208073	0.06700580543810468	0.205210476864114	0.15249070080576962	0.016309640150351704	0.06435030621941859	0.4005707318388598	0.1324639151044559	-0.480594330727416	0.15551138391118152	-0.2860345969187557	0.027509977217919514	0.052559269934200244	0.0871887141679515	-0.2675974461506135	0.17974345792484625	0.07509778283434385	0.024864136278070683	0.18088753259520707	0.0945240208267425	-0.21401626764660941	0.30914677913996175	0.08045472902019943	0.09472337332384033	0.06908989474845492	-0.20768994480993713	0.4515518509245236	-0.16653739714126464	0.045897809394349405	0.6142817008109245	-0.45745087889140124	0.16236133294087562	-0.0035839116045373563	0.1995281663380289	0.20968044745296424	-0.23391976308845328	0.11840846729684797	-0.1772251468290692	-0.21375353511449588	-0.28316586825491835	0.22540516480175626	0.07601747260212804	0.14760422495526812	0.1571432586559874	0.33088169351779717	0.13418826418891383	-0.05235747840703092	-0.16257692919976227	-0.0430550945005579	0.1319182714404571	-0.2940474542509168	0.23414371449550456	0.033737834637112864	0.5210491649430583	-0.10826910798139788	-0.26904529417647977	-0.49518365728809055	-0.12345380771034303	-0.1796257231912666	-0.14149530147102793	0.007458474028787245	-0.036278487413810234	0.060400222156639406
DTXSID9045429	9.925270592599361	-7.078600666376746	-3.6356676280857503	2.0761906205566287	-1.5017740481506432	0.4653708237334431	-0.2076909731719091	2.8057851315043294	-0.040217658906796114	-0.022836267894557883	0.12491754853131073	-0.02046156712673338	-0.5690375911692523	0.6129328969953382	0.41875508025014124	2.6917790692979655	-2.7002811693908724	0.2899323482352703	-2.054508734338322	-0.5246417161424457	0.5826149955245825	-0.41777860215140894	1.1498916606921392	-0.07468121944020041	-1.6031204174968143	1.1778479685829049	1.6454528801686261	1.38970033101969	-0.4775015725234104	-1.2821875989293412	-1.9084449098291412	0.04548420910083629	2.728814898711082	1.4920847532910961	1.1176079826445158	-0.7164301860878617	-2.067485648344366	0.2738701816732975	-1.6614275508609686	2.2952164538914688	1.5136705741072394	1.0985864628697262	1.1311117163683224	-2.0688506714936894	-0.08801191330341554	1.1523392905724055	-0.6582384336498364	0.12248311446476874	0.16577810876847154	-0.5961851375883939	-0.21330390300079324	-0.559884954116585	0.8174743653677632	0.7450115716286881	-0.24424169391188263	1.2602203102949854	1.319619536690054	3.1222780909664754	-1.5420615546967629	-0.9071154016283549	0.0726985813788457	-1.447631526889627	-0.4954549477871229	-0.5196694866389998	0.7203727141430373	1.1572272310898704	-1.0509584398138019	-1.1670002907756782	0.07524101903353762	-1.0416253864951177	2.4826475819081413	2.223716525894551	-2.471729157817104	-2.3627303959370396	0.8077778978916811	-2.0273887078727135	0.7969805281305101	-1.0343972001335628	0.37580768504071116	-2.5062672002538826	0.33558989204575385	-0.6237162195067493	-0.8956509791445371	2.0157958107593315	0.5372276813150715	0.4423323529788372	-0.021700730830630944	-0.6895103141157577	0.2161244923373653	1.8042476552025006	1.0343091989472042	-0.9763260164289308	-2.005320792031228	-2.5343852171645747	-0.7297351885309096	1.6885592869878032	-1.5787221147697077	0.6732349177131818	-0.4922816600634006	-0.8885413722945036
DTXSID9029192	-5.866111444075839	-3.5721744356944987	-0.6981759494700691	-0.956330045973061	-0.01966519697457258	-0.6521328576184154	-1.3222817103873976	-0.1363809871723193	0.19892014906038044	-1.4647400910624209	-0.5690392739823119	0.08060939247994328	-1.1403175723452463	1.9452455682212781	0.07263224407336787	-0.1427984165793805	-0.5664754433581777	-0.2871076717575814	0.7521921951864554	0.003293754808013713	0.40994447696773056	-0.047726481437264844	-2.296553081288243	0.12063442017356453	-0.12955186425448645	-0.9973801084437997	0.7236907472568986	1.5163368875138483	-0.22632775106704056	1.00144930052421	0.2819575935534008	0.1531033098486028	1.8487485299788924	0.7639042818984951	0.031329964039837066	0.32667499421716023	-0.6714620821964733	-1.3516265501917768	1.0448116581897255	0.19642885619045233	-0.9461984174787763	0.22856737859936324	-0.318030278074179	0.8942671329286008	-0.8794249676941889	-0.28752601215141543	-0.0763168201473091	-0.8737219194506834	-0.1770379255512801	-0.9328831453984956	0.23052250521123416	-0.14106446539895875	-0.7128028922277437	0.2830545577018985	1.1677471258746053	-1.338682277478165	-0.1719553247386613	0.32166797447233303	0.6975748744230292	-0.7916016447505794	0.44200599822216613	0.7843118780644254	-0.4624102610443744	-1.2274562983159927	-0.22007740741471285	0.5286191378278109	0.6937229232570471	-0.11482831147710826	1.7904470122847496	-0.6567057356176859	-0.7183107915327477	-0.21768103846463782	0.5612908834316042	-0.25917133791289315	-0.3071199739625646	-0.8223186412429867	0.3819449252876186	-1.3314436733724635	-0.4075624280348484	-0.024000501580090965	0.07292359840811419	-0.24215384889972644	0.1371634081391623	-0.011967794740959046	0.38496617688501333	-0.040521968438583696	-0.226866716214064	0.06267458366108457	-0.688026086468272	0.7638831995450437	-0.24767674124384503	0.40806962270162705	-0.24042845109869315	0.07722793756885579	0.6986612010109104	0.0750549978875537	-0.16864491755949618	-0.02295346279565551	-0.18182466198618016	-0.10528351248497311
DTXSID6029202	0.871698271906221	2.52119975047719	-0.278005691869992	0.13374748960691568	0.7659221992743354	-1.38484769835902	-3.0500478774089554	0.46097581708122665	-0.030498248814193555	-3.185950590843007	0.03471899772698477	-0.23373443562039287	-2.351479071892746	3.0875949441435417	-1.1695152503170088	-0.21351137693663846	-0.5129910806698058	-0.9781780380285903	1.284781582157921	0.03459444505162343	1.3418859006544317	0.05317506551067465	-3.0836704333036717	0.14441949638666302	-0.3993927254707974	-0.9896603780905285	-0.8024670534122597	2.043184124431275	-0.11158621039435107	0.03861445545647591	-0.25213902241690866	0.11352871870034649	1.5369927646500703	0.2609786090269004	-0.7049433379164012	0.9219147757458991	-0.8036567573234026	-0.6804217277880032	1.007077460824242	0.029025371019994205	-0.43405054459915365	0.2944603626532193	-0.6524868703790885	1.1124502324959504	-1.2479300204148727	0.3252612168207342	-0.04107799726381938	-0.8131760028601075	-0.07012160800956842	-0.9499186259730785	-0.03524935012226548	-0.027305477257358733	-0.8638190778555	0.1154643532856252	1.0392678456782019	-1.3259973149073063	-0.6726830717385978	0.6722653811440237	-0.04146926281317343	-1.241931310116638	-0.10815792947980295	1.1580236497954286	0.01247678639728378	-1.0692010766490079	-0.6824087218537539	-1.2989615392586695	0.5443238114095716	-0.06842929271319886	1.759059711170308	-0.7522047784216144	-0.2544322044495488	-0.4968203368906989	0.3286962503208527	-0.22060977912979346	-0.7000404255672081	-1.2388375302906405	1.009061443851276	-1.8420955443569682	-0.013807519001038417	-0.19760525368982731	-0.785436477115072	0.3404727519761325	-0.8140545115786683	-0.4258642366606696	0.02020657255318106	0.7690798524524821	0.9235297796042595	-0.0799980917979654	-0.18000185488048534	0.3534647263840562	0.9924367764546493	0.6622164354174125	-0.10787413034681242	0.4958782384614004	1.1454280981844631	0.6784671701823015	-0.1984301341813792	-0.08136341107839098	-0.04812684530833006	0.4389848951805454
DTXSID7040289	-4.2137061184963125	-0.8736775623633306	-2.160877374183857	0.859490045641341	0.8943193933968915	0.4944569442037699	0.6772915370085059	0.07473463018841119	-2.415720690779367	-2.2697900372281294	2.991689405441493	-1.3691856198008963	1.5113862266953564	-0.8561292828848751	0.7117923900454993	-2.2488245185265803	1.1401013674041003	-0.20415828153500656	-0.9787012301501123	0.7799310148372599	-0.5387109774559079	-0.7358474095994986	0.3697091428558634	0.8576330359229992	0.06082903063938439	-1.8998418214666377	-0.5267163464897548	0.2967687601341764	0.9581481369416581	-0.6373090349123016	1.1334245022673963	-0.5971868121101441	-0.22520718946576723	-1.3522944960612728	-0.5765150116734624	0.5785864179904282	-0.7891584123382672	0.2762728623539464	-1.8773672465345876	-0.2621531200019732	0.778906358339197	-0.2800469184780216	1.7898051178220897	-0.02034935990797309	-0.7083103437411102	-0.2458931007888788	-0.8064079028150218	0.765307688996585	0.34643117465376744	0.18397856094265982	0.2403721942589153	0.42523784016242255	-0.003625988772763885	0.29127439281710155	-0.2702100102312261	0.0720751225428804	0.2939067095611174	0.7171921742971101	0.658845471693799	-0.4419907483211395	0.5786195416269824	0.49233706623882206	-0.3494690305921643	-0.7996715695463237	0.1740305640417506	0.7729903516457807	0.3412427927410212	-0.42477515155665996	0.345255558739063	-0.021462710403669694	-0.03757017176128375	0.24369166174379062	0.03790297554596284	0.1827232658248253	-0.6707473438015445	-0.15389488625818126	-0.360165428649482	-0.07659700037610007	-0.06521772466399893	-0.2931348620129818	0.03682268399406185	0.21928645169720692	0.055994066446221555	0.2486446113572435	0.018016722142449804	-0.3019017366257756	-0.5224173242244201	-0.3152576574456506	-0.11302235918704154	0.09131791463364891	-0.4990175305343236	-0.07618473939204592	-0.22192226713108817	0.5424190705646781	0.1174226904118582	0.1627946421449235	0.6793880462151256	0.27705958733257285	0.46350031837877054	-0.18003153487137508
DTXSID1049011	4.578288219445822	0.2337459977580142	4.466775261873517	4.433325008446734	-2.4586473575542853	1.149294100080875	0.9428457285263839	-2.352295972287751	1.364963264557476	-0.22508560688017734	-3.8126315892694413	-0.23380873264553442	3.810974927341493	-1.0459709300633677	4.819913537387739	-2.641118709984456	-2.8681342937840237	-0.7396352379455388	0.213860093285648	4.675305339353555	3.3984200201691883	0.3855873319859684	1.9232666927198732	1.0798766181945298	0.16298049015501773	0.499493008077521	-1.5947474045646712	-0.3926727704275438	-1.3845938706293393	0.03456776102986442	0.07416773423247869	-0.6501505941791967	-1.4504145682215366	-0.5878562982396061	0.23756314186673733	0.21821224798272537	0.3047133493478939	-0.558673989200426	-0.614776274927244	-0.6830932712353284	0.4300196002612422	1.111350165169671	-1.402928270685655	0.8747087095512143	-0.014256242198260664	-0.44192877519199253	1.3048693502307154	-1.0937419021011396	0.0343427148248027	-0.3490977297601859	0.215473884843704	-0.2895574453017076	-0.05030071268081585	0.026309325330081408	0.29376393888107566	-1.993612042443321	-1.0747627622303864	0.19086460356539112	-0.3264776900217612	0.15644847086479974	0.15263752716484144	1.9282087480584658	-1.2850471078470918	0.2606458136548679	-0.34023874578620467	-2.1924706555899616	0.4260360179305244	-0.8028030554668101	-0.03239026284274341	-1.3774632537558695	0.8453227028376717	-0.11932803072718688	-0.03583103343022957	-1.5826286000401493	-0.552669368771848	1.1926627832914602	-0.8888184419086744	0.6725982337448694	0.6199699578498492	0.9883579393904768	1.2253277000630984	1.0535421714457391	-0.08933273674846859	1.6580540801509864	1.0543936231676414	0.6685048222808233	-1.2897182013653328	-0.8959759374699963	-0.38452189008995774	0.15819407342154035	-0.1825971475454898	-0.6441159863925912	1.5985313339220792	0.2675548557035285	0.4154667486623117	0.3026813034191647	0.7482936982589959	-0.17174028584703785	-0.39250776217798594	0.8057213464419432
DTXSID1048174	4.904879406211082	4.932720114315322	-1.3669324523526858	1.490270930718245	0.46100618110957386	0.9188631103822006	0.014656323617002656	2.765599682804082	-0.3610633449110918	-0.7086736028090865	0.0038162285856006306	0.7493932457484976	0.6202767772964696	0.2940243724722665	-1.6751020922929167	-0.33125662991538835	0.8314872352443451	0.386432080564144	-0.14456147333353578	-0.5567263403553243	0.844641604128465	-1.660668294664525	1.3008717411790238	0.9496471519243235	-0.576468970857005	-1.6566722244874965	-1.05132786742342	0.416746362834724	0.6595622032049434	-0.3166294820039007	1.4543636153243122	0.38069638328363165	-1.2675916193413403	2.843422935463305	-0.17132470981971604	4.286230209846397	0.6006625819276153	1.028995150345123	2.898428008607706	0.2385552276237894	-1.0440985247515844	1.3822349707302157	2.103517876185527	-0.7687319596924322	2.3641488055347817	0.8782183410019244	0.3369522885449963	-0.3450877289016784	-0.7228603536411436	-0.5221938331290088	-0.44828046360689655	-1.1587422780988574	0.9689259045729565	0.10515453969671225	-0.7006887119950571	2.1250411713592277	0.19207280874565663	-1.3347683931019956	-0.6168703848022243	-0.4241920292152922	1.032902912862929	-1.1030304942645601	-0.7509779940202426	-0.8668520206258009	-3.7508153508713793	-3.0153825133059393	-1.6424066284202896	0.32784805524814165	0.13739758249437672	0.9631411481147322	-0.1027421606136878	1.813976258656112	0.2671575439414888	-0.80419278664699	1.4808823858151496	-0.940010358995456	0.7734742658503664	0.22694363066053166	0.52431149401015	-0.42652305384411227	-0.47063129991011693	-0.5767413797545748	0.050773754120752156	-0.4107717622026287	-0.4250992693361584	-0.06467557642899693	1.1977592496306388	0.009951891573668206	-0.20139196064774612	0.5179654171788465	-0.09110424473501222	0.4360574606783782	1.0418510637217049	0.16442878882212655	-0.3197378863851588	0.5543790051471621	0.24469094547205975	-0.03675341743475863	-0.4016276553329119	-0.4146373634143209
DTXSID0029218	-4.830581656667428	1.0186120764836872	1.5215001659908283	-0.057574508483786806	-1.5080062546212585	0.9252380763670686	-0.1928446587794824	-0.1378652275503582	0.9973657822431014	-0.24419794532095038	0.41584969281357	-0.432348596537585	-0.21509497485661247	-1.1754623622750695	0.14020092439444543	-0.08575621188203168	0.34522218987441783	0.030251123362531527	-0.47438781584907747	-0.6666770604389817	0.04845957475841741	-0.36768592343167816	0.6501102520856153	-0.11565745223407889	0.3656975285012575	-0.5798786442156816	-0.025956042456922596	-0.14298166410369853	-0.2614409427660211	0.08295342836653723	-0.3631118332665499	0.6337246351007101	0.9579646799795619	-0.0018638946567431105	0.12719127655497556	-0.0734547619675213	-0.29477983797667767	0.01478284846226783	0.36550065519185726	-0.16712804414462668	0.012688257821226314	0.2049299910836676	-0.22234068659158274	0.039925176107793156	-0.5896336409038797	0.17720847177012114	0.11850194954905374	0.030098817527928985	-0.0024902362190825714	0.18270686149307278	0.041600914784892834	0.09902805231151655	0.2114771775802855	-0.00435478109583641	0.29136491875460113	0.004413474468022782	0.29227690002541923	-0.02215771911507175	-0.3576892213555116	-0.12984281479640247	0.10381175045423	0.273948157792189	-0.11470804180341289	-0.19945537424553156	0.06637299416144102	-0.18153827529061384	0.39215347105901566	0.6770772537591258	-0.16538094415236965	-0.03274614174802588	-0.14599562512768582	0.423636394673691	-0.42367919823854766	0.019564020089505627	-0.8030008537199973	0.07559299208944456	0.007808289983960814	0.16148152391898904	-0.31820786066484147	0.4354381937293509	-0.28167845882188997	-0.6356615539315813	-0.17826617562188515	-0.1088932469167289	0.0298118317096184	0.16198988349359983	-0.177782152083292	0.6362496407334088	0.607290963488696	0.01667671100022137	0.07167274736975561	0.2379211077230851	0.18550980417117116	-0.1577342162202003	0.08701404918311578	-0.07266516481592318	0.11657287971308848	0.14529980121925304	-0.336547301150728	0.042698009204492036
DTXSID6047783	9.12562060875311	4.311340341449316	-0.994542553329849	0.6053617145235914	2.9586328671013584	-2.485739268981646	-2.2069505538680363	1.5502448127158015	-2.407453866450384	-0.08677007516430456	6.727148882204643	-1.6789100908784444	1.2913098047141676	1.533759440210109	3.252116740962628	-0.5233827943890881	-1.2806576574082518	1.0558112889821214	-1.5273085497040586	0.7873147037879523	-0.06910583907881883	0.5872370390570208	0.882259401223913	-0.888106440090737	1.3151036581381954	0.9192533241979619	1.3821814671282746	0.07389943066781665	-0.9439355339560104	1.5968202243569205	0.09509079325406801	1.3136805139950305	0.8638059621410829	-0.07470994529694716	-0.39691507637760104	0.14895076156683681	0.23118286888477635	-0.7160015932148158	0.9880923147211408	-0.2686857265183739	-0.591049519209789	-0.18226146847140134	-1.446723812263771	-0.79126202318479	0.8012312859835576	-0.2716296821371072	1.1932682752786041	1.0301548969807335	-0.32973001011765113	0.46309989209822033	-0.16775447700053342	0.4795395583409377	0.6217159053629556	-0.21045890795967032	0.7607254335309721	-0.6691401877559144	0.8268993830693827	-1.1738494916688995	-0.4598276283050886	0.9481205592561207	-0.7791250187703874	-1.7874936889958213	0.2360663920094104	-0.32867047685588496	0.0175809390681043	-0.38888290967992567	0.44172858995353187	-0.08160840997567705	-0.3574705072347905	0.6024190964909409	-1.7418747647946602	1.05098533701303	-0.16511936139264685	-1.4752557788788028	-0.5906419134051456	0.542265797447455	-0.34993442945708225	-0.5184432236028017	-0.338376919180321	-0.19845445032577333	-1.2762787510133595	-0.2586736542243217	-0.7513491105163402	-0.9891017318385688	0.6618536473536459	-0.16669800844472193	0.15193584059507237	-0.4164955418022798	0.06568633350577718	0.05273331527149703	-1.8892729549065534	0.20847140270499837	-0.6774586912676638	0.31699724847770816	0.6357201112373086	-0.19503378227080548	-1.2141109443334162	-0.592516064457989	0.2917621285075861	0.18355807449043568
DTXSID8027402	-1.3113275543379945	-0.2270863988119775	-0.45336102760598473	-0.544897580322755	1.1493328050867098	-1.5919914811979123	-2.618437095116672	0.4377363102745556	-0.07913844577757125	-3.1577619302270015	-0.23305881692159774	0.07076096051753406	-1.92720604606241	3.348183683409261	-1.1042923830514193	-0.5542979420823416	-0.18030531658111212	-0.9618864390526044	1.047686800799603	0.014778998143344345	1.2017622007195314	-0.00655039105824417	-2.554434418008692	0.29414264951678165	-0.32796056893553227	-1.22497553879231	-0.42884177397730155	1.7215717119397393	-0.2309851406538665	0.3334936411400348	-0.43672665135888356	-0.06861656321348245	1.648651853658208	0.32086835578045103	-0.4074302683634342	0.725641587009506	-1.1536629526662674	-1.124780003734638	0.7151442406720581	-0.09157110262531296	-0.4035751928674292	0.2920271625607105	-0.38607381150196807	1.0087394460015642	-1.186681409130878	-0.1640940682587602	0.019696021430225398	-0.8454138784170121	-0.3930484151993461	-1.0428204875455926	-0.056816855402709386	-0.21069320318720455	-0.7035523706202769	0.04610907424789266	0.9483843500866141	-1.1877030838437237	-0.5845640523168676	0.49805575918119094	0.11583282856574431	-1.1157946185931988	0.022139834349606063	0.8980818827774982	-0.07803643760536816	-0.7730340794178394	-0.3714299974323244	-0.7348869680873277	0.6127137158585699	0.07814975080950666	1.8606118687909714	-1.23781168295862	-0.6978177366447516	-0.43814366239605285	0.47674342168239	-0.0018146557766807164	-1.2000635534358464	-0.5804758653690311	0.665886750245849	-1.3352537314528152	-0.48007137531324245	0.20686218080503072	-0.18967273394924508	0.2899439916507835	-0.2717801823036833	0.06883958399275866	0.36511352364372757	0.539447118439569	0.24598601192020775	-0.13347456310348424	-0.3394299398237856	0.6849847655832135	0.6540608769696906	1.050194568463947	-0.18665412628349798	0.220499200029932	1.216559667452514	0.44855448485215677	-0.713985854077509	-0.13845644699513818	-0.28473080412782126	0.32953904447837834
DTXSID7044508	-5.887352718556373	-3.712814051743613	-2.1237390824248608	-4.392231542405814	-1.2365164705069394	1.0034776493418285	-2.7787601806919437	0.10712446118785171	-1.9614404477465572	1.5387618294636134	-1.2336933654146331	-2.6109382029009542	-3.377827744624638	-3.711260032780906	0.5513242128734542	2.3865436448729143	-2.8311357417475134	-2.0887063605949354	0.7280515801195767	0.40689945407970723	-1.4915253651126334	0.2901927525836052	-0.6208810760202883	1.764602193174645	1.070228165114334	-0.6966440727757554	-0.12745825527439789	-0.2722085907266369	0.3023801903664511	0.35465726700989914	0.39289816425557716	-0.6954900278817963	0.8417638389787808	-0.4790002014737713	0.5506742580654269	0.8033561588004714	-0.8407445933365666	-0.1586229996000086	0.13511482912685055	0.2652214016222367	-0.06088757146139156	-0.24467789315992325	0.13893989641264995	0.21881072899130197	0.3813321807540627	0.27123180395223273	-0.2857060441680721	0.1956017304782073	0.3674954105864374	0.379632342093686	0.02397869544448828	-0.11281046987654288	0.34554921742880346	0.1731618100240404	0.34741254254122206	0.31589670036675915	-0.30326887631447325	0.4125153733307829	0.38017250791272034	0.510746269641506	-0.7470211046793643	-0.14689512190114262	0.06489001811120973	0.5181077931479251	0.18149058062845674	-0.6121295182333032	-0.3883526930372087	0.21695246023395792	0.1574071819073938	0.2373993442914054	0.5136160963799681	-0.18972388474968838	0.10551560495077937	-0.2142155228836769	0.22113105115957513	0.07269641660127132	0.7037904893271163	-0.29896797609301856	-0.8471811979121211	0.3098622794884691	0.47470491234007495	-0.33517947888250893	-2.362926980392594	-0.5434446278690667	-1.926269212163882	0.7969699565732278	-0.10392250464669339	-1.1461379767878916	-0.8157033331632882	0.7186932541905698	-0.1951059968358708	-0.2746418260519794	-0.006436662545812952	-0.5340961069036702	-0.15527707152396494	-1.0007358575444567	0.5924951789480613	0.12258252612898549	0.7589207338511674	0.13728354402730117
DTXSID8048656	19.43352246862757	2.711527945010636	-2.85368508714175	-1.2448592111467824	4.689646931211121	-4.597177392246211	4.626801867880873	2.9916458743782357	0.27540038513504095	-2.645706589435856	4.723739450156622	0.49507261241074446	2.447979820004262	3.1522436403046115	10.28572141711934	-1.8105373743318234	-3.901884894344713	1.017620819926019	-0.2757500687839292	3.900882270400162	0.7647901267270407	0.3326338301062104	1.3017298673905349	-0.35063635128094967	2.996863396912094	0.7451863007422445	-1.4736996194358816	-2.746106605889534	-1.0217351613149146	-1.5918340616564355	0.2935760185110861	0.8393211016310038	0.0028130543041639928	-3.3040194966505325	0.7673484298485147	0.11191485030179985	3.214560895450805	-1.2224892423018447	5.3100474505580335	-0.7812162516102779	-1.0390192594263437	-2.895551111778213	-1.8858025036284762	1.0760836487412924	-1.0785773270743853	-2.255091031672995	-0.6554334979428439	-0.566488163619167	-0.507323849237623	-0.8860432383792199	-0.10537645062379189	-1.277570638360645	-1.1334702590608297	-0.20575572359230088	0.1388545328176422	0.5861217701421234	-0.8283371249555959	0.8714280052001869	-0.2076868537284623	-0.33862406716303395	3.928648589653029	1.5353163517787043	3.1735157717317524	-0.579264062552493	-3.4573190128834366	-1.306746939082006	1.42907994582966	3.3678262314674026	-1.5570563672230067	-2.7250924339096407	1.4644354211159378	-2.850560967038062	1.3692204075303365	-1.21993879148091	0.44139528084211066	-0.008866383787704551	0.4122452392071326	-1.9230379902322323	0.6108943035812893	0.6775127157988544	1.1966533886687216	1.404949899945502	-3.069931872606638	-0.3003614951995293	2.052066787151416	-0.026832037261261255	-2.2461836564195705	-0.3165125069559926	-0.3301977473079309	2.628954417632832	-1.8958519258472493	2.841963433042353	0.411053339017398	-0.6801370494357385	-0.22197950592014498	0.3633985727379806	0.25413882909426994	-0.16700580630490022	-1.746680793598457	-0.14631631208747453
DTXSID7020843	2.805905944410951	0.3586785364459498	6.295865834253911	-4.7323095083345414	0.21220343319246152	-4.473425317511641	0.2575476028041335	-0.5420640562251359	0.08872835742717364	-0.22827941326519766	0.4083346064867239	0.9756969214600804	1.0689672645433952	-0.2643977515422461	-2.7029200063242556	-0.8213412177948776	-0.17119262032590168	-1.5997732584771112	0.6654380416293431	-0.004332475440102056	-0.4298138725609813	0.36735927933049617	0.8116584575377097	0.4807327623692664	-0.7775355002861948	-0.423683255823369	1.3033660284439104	1.0206494180600458	0.23835269527216918	1.0154451422892188	0.8080361093187066	-0.33242147379002107	1.5237946841053782	-0.2851564586119422	-0.9246148764896801	-0.41902599833664067	-0.06893693368917715	-1.6880068391029093	0.310759936329771	-0.0002175951971959136	0.07833759520263069	0.18718550160382008	0.20587332584683937	1.194047490755787	-0.004373562881186182	-1.0776165677822263	-0.07705664652079143	-0.7475241314620236	-0.13611667222750895	-0.3091984120109833	0.14793423130886443	-0.6226880345210194	-0.061522454933655615	0.3451875802704004	0.6165376495848136	-0.24009040281557778	0.176375199563465	-0.18338470702603815	0.7285335192082987	-0.07251097998111937	-0.10267577220215747	0.5825004160708722	-0.8418745370828982	0.188276489622265	-0.6146056664043382	0.3807847842969504	1.3241421444899397	-0.7157426686784519	1.0686775273245233	-0.829032446774907	-0.38598025360789073	-0.13678765665398293	-0.0940386510245438	0.13872035223495624	0.5740362263628178	-0.8694114289233507	0.15788348203954475	-0.7449396747623186	-0.32792119329487573	0.5707076845649538	0.0608968863461713	0.340766067106093	-0.1144145754508074	-0.08435943970424196	-0.22574550389553255	-0.12403696740514064	0.24295733645805723	0.36099835896551424	-0.02232154508419299	0.4037280732732105	0.7082572403045823	0.48955635415934423	-0.29825768829950033	-0.7729851447773086	0.28903426189795905	-0.09408191965673775	0.19691140022425005	0.12481790111240085	-0.3835987015300048	0.21172743174174083
DTXSID8041371	2.1410280340122414	-4.034713314468568	-1.3907926492321603	-4.128253151947166	-3.338193077478268	-3.930143850790958	-1.2496039421446106	2.4305945604342707	-1.5776254797082814	-0.7064234697314389	-1.35159440892598	1.9070825497061594	-1.63264862488943	5.263935376668377	0.8580921715731233	0.9727643167030977	-1.514786102495695	1.3944075521811374	1.3672500944327708	-0.5332018924802927	0.9686603104528002	-0.495547905855048	-4.469132556070677	0.8306535132468664	-0.6652459276190507	0.7234427946378613	0.7358845978854488	1.3907875905517846	0.2731486562745993	-0.7020179974456693	1.5680768629681707	1.7818528523764512	-0.19470666688398844	0.8902039993740729	0.06893528599773459	1.50507802526598	-0.09386746349869957	0.8173639659156718	0.9272240973450407	0.5242543381483576	-1.3982294031691322	-0.5825880587615904	0.6844986253847446	1.1888080861668395	-0.9980906405985659	-0.0644528395720137	0.10270644634543415	-0.5469262465350087	0.19590319360205394	0.22284330073373296	0.018356040045166434	0.195485321213205	-0.22010614645726947	-0.502208105267117	0.5508241372545746	-0.3401939830228861	-1.169076124155584	-0.3046156130788487	0.16512124711247386	-0.344526093481227	0.2805970312443234	0.7927975333463781	1.049913489893207	0.20351480757544715	-0.8695001604929634	-1.9080041224516615	1.80013874059107	-0.9188350365348126	1.0874630821095794	0.8540483600938495	-1.5870198597144163	0.13672629341776285	-1.3618878930564404	-0.021112172632631123	2.2230090873745203	1.76652804164523	0.4002858199386264	1.6007539563912299	-1.5832128268954042	0.5723684977771064	0.5948984988427226	0.3715951226903051	-0.7784861739053305	2.017585870873457	1.005010502986083	-0.06681260165038475	-1.6806667061755227	1.0277422148858675	0.284902778159259	0.010423640737841869	-0.9997915134216145	0.0832142308509234	-0.5281977271110211	-0.12264364684954013	0.02654607703749103	0.23529429896670462	0.06092843442126795	-0.0423736977982708	0.6298058511107412	-0.4017378371358425
DTXSID5021201	0.2879686298805608	0.6756272003205868	-3.141295054780733	1.5095671157390542	-2.619858184054603	0.40904791526449824	-6.616472953002407	-6.269156567478156	-4.993225456671677	-2.8507155098642385	-11.159292158577859	-0.953797219365724	12.132672586474877	1.4975925120201128	0.5711584669176498	-1.777480532990869	-4.424108750606226	-0.94643744482996	-1.1901772487136026	1.5862824357822887	1.2591766933896718	2.5421890001552843	1.1512626911647836	-1.802158686175629	2.0975586319599793	1.055618234263909	0.1014264299536448	1.0331548835780453	-0.9116025319331571	-0.8929859390990668	-1.8074504741365636	0.2445291962855759	-0.5544523927341655	0.6862675451959462	-1.1349986196569093	-1.3904563152272242	-2.276083541717131	0.6117907095408508	-0.339495248028027	-0.3926924717019534	-0.3494893152823743	0.06718846657405192	0.3891273574038198	-0.06668019529082686	0.7514668148037614	-0.6168943932020796	0.37648302710255666	-0.5213178347298181	-0.33756309739483015	0.4452292369269559	0.21318029630045202	-0.48628012882193217	1.1048526897198299	0.12878572449350403	0.1244900432382211	0.14203775595835186	0.5287984821221742	0.04284709038889394	0.5204084160670703	-0.30391453604998314	0.5731761204494227	0.1896565823634199	-0.17215862661236558	1.3530605940802556	0.7031759443366322	-0.9444497087000193	0.9895708431827752	-1.0932720767196131	1.7205552989374306	0.33029487430946197	-0.7717368651003551	-0.9858542390414917	1.296294836479881	-0.6185983179713495	-1.3342819387562417	0.6397520413700984	0.27819641711913917	0.21382406093717762	-0.8676152474714321	0.7479728159449878	1.1478077378853164	-0.5430352608398752	-0.002156380498648047	0.2650822011109742	0.008070698990015687	0.58955793839511	0.9767175913252385	0.11638368298145833	0.6544787715357236	-0.5898774799831307	-1.4064559215435093	-0.3337422732879885	0.4566956263509672	-0.08720919255515745	0.06658973420126527	0.6922539517550179	-1.6573744852782408	-0.7886627116813992	-0.45426108976984014	0.11669887863445472
DTXSID6036467	12.089021364469891	10.38704701093091	-3.1738436948521107	-3.610704121723125	-1.363265767833154	-0.10769938987604558	-3.363285331577878	-3.645544942515557	-0.5899378590501408	-0.7481118916397969	-1.1326175897138533	-3.1880898261403194	-5.6318838412320975	-4.265468124414336	-0.6776315156100575	1.4736580373238313	1.6041046190946924	-1.3171458924059358	1.1135750136789189	-0.5468356553412167	0.12243389401068198	-1.2617026140263539	0.06191039289439504	0.055717862150792406	-2.113478115913118	0.9842344507677041	0.3138734940332824	-0.19234122489917585	0.8555207804714763	-0.20384276603266765	0.9031572125027867	-0.720427086502812	-0.9450838179141884	-0.36005075145166704	-0.03471423251526012	-0.8718820675152652	2.171418362369075	0.9941789093675415	0.3459081159023984	0.889055229862874	-0.23435762662920862	-0.28229634480126226	0.06584551414847295	0.6442976345522188	-0.5483669076336033	1.08850787331694	-0.5390389851973598	-0.33610810930909896	0.7215321819827758	0.7490822387758752	0.4030234819490004	0.43916624441132524	-0.10671822931437205	0.015661969098045896	0.2875000846795456	0.40827543114633463	0.5859517569781788	0.1432539920374473	-0.22768377418488162	-0.4022047350583379	-0.08094348312181789	0.9840024005612631	0.06041812798470986	0.03205313841182068	-0.24752261060682915	-1.6351422161403524	-0.3491787632284877	-0.986955353433955	-0.2466477766240916	1.1631857998304933	1.510850079801602	-2.1047320737144792	0.11235317672218355	-0.5680213800919913	2.1580384674571826	-1.2798318868881418	0.8194863196924032	-1.4113946890409732	1.5835196645429197	-1.080611521667474	-0.6456898408987972	0.9817000306273179	-0.6487725201395641	-0.8641940516407859	0.9656470135949841	0.1312991580246296	-0.4402692123638618	-0.42113375258351765	-0.5160310614977204	-0.027246654976862395	-0.46754975821124956	-0.6993117766763666	0.40685165115729344	1.494781641108757	1.380078430999121	0.6406975273793036	1.1895898749399676	1.0675897611960168	-1.000939466485037	-0.4604789876963299
DTXSID5045124	5.635924633204743	1.2536974265203817	4.409827551130818	-3.7200785106527827	3.026408439237021	-5.039831728342967	-0.5577468553154417	0.570569981353479	-0.5929181082662186	1.1606079019829694	3.11238202756634	-1.0664000703554557	3.3801865083993192	-2.1612516767542247	-0.7947729268505366	-0.2605710692620446	0.4135243730096835	-0.46677820649754087	-0.2709168870753746	-0.33128310433354996	-1.2198939543800416	0.43615947181167697	1.9492949537187894	0.3991053723039291	-0.19542215387499615	0.09001665328693505	2.0091227472431417	0.061006284110732396	0.06595861749040094	0.5671734104126613	0.12725228234781755	1.3445671616480654	1.636517740245678	-0.041415196788516594	-1.52265038960103	-1.781362018857958	1.1497667840002965	-2.958142985352428	-0.015234885767706716	-0.9402644495385859	0.7912813670560472	-0.039248949310835696	0.21637964943822097	1.550932046133067	1.2427145296744406	-1.4583829722828752	-0.7120722549265197	-0.6291878152975061	0.27879491962957076	0.9483063350231551	0.03169311530346821	-1.177040441840365	0.5402121304482117	0.3699530007450271	0.5167121536188137	0.8123698339007589	0.6893617447883132	-0.9174952420815651	0.4286893302423125	1.5576954343046843	-1.7284300565543242	0.5453777639127495	-0.672032182320744	2.1568906024133754	-1.8550274675225267	-0.089059299927296	1.6471913269334826	-1.4925952859699927	0.8005465587810179	-0.94003834594681	-0.10497056277403452	0.08752705163975738	-0.8955385678127825	1.2015189651838611	1.8011244384872573	-1.1001609798132344	-0.14714483889148405	-0.6252874043690699	-0.46352784602214536	0.5323404773308061	-0.007712814156734336	0.3772355161622745	-0.15989382703220031	0.5347394778793955	-0.9670986851638568	-0.18897399546905777	0.2530028629055425	1.7736349646960412	0.3115963890921272	-0.13921918455344298	0.5981572382458599	0.3070941083600965	-0.09739678350453157	-0.6414673927352037	-0.27930040623696833	0.29849962847308364	0.8509649676461905	0.5098530076048221	0.15040394502173873	-0.5466976950457207
DTXSID6046395	2.4904083824403567	1.1176378331409216	-0.7888074783595381	0.6094047737984293	4.665051769171905	-0.505144234783426	0.938087062489726	1.1745839025946156	3.8637647491380767	1.1307477260811216	-2.471099475270046	-1.602196113615634	1.2495293669434724	-2.102776446016152	0.39728176443288254	-1.0304053753372513	2.745068750061285	1.586807593195454	-0.5592958422163203	-1.7750938545219066	1.5391934618490593	-1.4606809699052328	-1.273742823860805	1.3071466971701087	0.7266800587314459	-0.06091442932536807	0.38270924186807054	1.4297865514326367	0.5237469378996874	-0.24516472023378702	-0.7221201933083301	-0.5368254865818148	-0.49508767026785705	-0.5114907907467274	0.28044676297069526	-0.19406605281933054	-1.522446348687245	0.25655594392974207	0.1014882108661249	-0.2756273576637223	0.3295046376372582	-0.6453225994094086	0.2197241376695258	-0.5841330351369713	-0.22914047496508133	0.43680678920875715	-0.21385560884895463	1.0736641118098724	0.23592072099584632	-0.05973931646693933	-0.22732501335590036	0.306346633142234	0.6443176886106367	0.017348476871535446	1.0770445449769654	-1.5082142146657513	-0.3718446955825107	-0.7180551750914373	0.8526679110108825	-1.3910410012726082	-0.7722009049619616	-2.6395680815849003	-0.6697815051852826	0.4205469255121229	-0.007786494530915914	-1.3707539805794084	1.0405423911019513	1.0030286625435665	0.15847680442971404	-0.8698256889974821	1.6864829446611083	-1.5815334046373835	0.34528556692455664	0.1629892343740926	-0.16868463926754443	-0.5207747140566371	1.1010057731857397	-0.5957249977729647	0.41118875458630033	-1.1556129219715217	-0.9517093690048082	1.064024290573824	-0.5588950768673667	0.35303684820807446	-0.18317408806754273	0.08098964863241052	-0.581294354600768	0.4246671526888754	1.1180637188566909	-0.3931136582931197	-0.15683592720898668	0.3814633134461926	1.1744302552241757	-1.2803756612736008	-0.7022128942070346	1.169011505330882	0.2114711958950575	0.12949965547753872	-0.5315485624972607	0.14019717942707374
DTXSID9047839	15.001803111825588	9.202365926793446	-7.0122723292214015	-1.0714685374890227	6.109840214097762	-0.5237040862643093	0.6096029876914936	2.7015599332603752	4.082858755756091	0.663533857116543	-2.265917923520453	0.6133719122986142	3.1711146801498495	0.7687186715966978	-0.5452559314123563	0.7997565100462048	0.0045006224813929656	0.8786409260939124	1.2419539111137436	-1.491706218700417	-1.0141976378324862	-2.1248007516408554	1.1416581463889224	1.6064846328447444	0.5169717455472482	-2.840534420277659	-0.4358173006952635	0.6048619771357812	1.2876824766972619	0.08455355685785552	3.369897148588013	-0.6477496022938422	1.1991096417940081	0.21266683261739247	1.2845851386724376	-0.48065455702313414	-0.4008230540355568	-0.5571140318512113	-1.163508398175884	-1.2190118023503078	0.2012747330520212	-1.0358472530864795	0.7701773149577903	0.4478963356703604	-0.47089483464812987	0.4766995033455607	0.5594497490970728	1.1385824538777296	0.04741252323471979	1.0780200456883244	-0.24031251324282313	0.09642457629472465	0.09600747951526843	-0.06867715807275053	0.8633209291203203	-0.10988051057080075	0.08580885549280505	-1.1136177438635066	-0.2793158030196446	-0.3160554420452751	-1.039532687186383	-2.3379927452480542	-0.06192518513943187	-1.1419974482158435	-0.7869794372707908	-0.8903043503143789	0.3040614678661309	1.6274381850180124	-0.721344198065865	-0.3063966418697026	0.37403481908725	-0.7847622120969223	-1.015996902949366	0.9900104956128349	0.07446975393909831	-0.7101315407060464	-1.6485117319299125	0.37666476344399064	-0.3565975201786628	-1.553264411936894	-0.9311907355292497	0.8360401760823631	1.1586888209316037	0.5145735136772415	0.9994206478913732	-0.25055394931636327	-0.6896853661759278	0.2732939656583886	-0.7806856333027014	1.057682133817705	-0.5505650251130977	-2.671123252125701	1.2770079946592854	-2.576722655984617	-1.667616985425046	-0.06612276670966874	0.15735412073110702	0.24296403553849824	-0.7763138269786849	-1.081482967341538
DTXSID4024983	-4.921613864216222	-2.7847949533405743	-1.5437859709194306	-1.6615957133882668	-1.4113868082048664	1.858953748512416	-1.1740292390150178	1.1888111182210512	-0.9608222973458233	2.4295571174895905	-0.027409418198585323	-1.4443583671017202	-0.9093596655129744	-0.6157485442016835	-0.6073119010649124	-0.17484427402328928	-0.744588793337597	-0.339418050274455	0.33571973514299275	-0.20310469199093117	-0.2809420880153117	0.05143667327458079	-0.9089445681189137	-0.5627564360854992	0.07961639425660286	-0.9692653123006144	-0.7019307531844119	-0.9189632865317623	-0.4334535059959665	0.6345059758126352	-0.38433651527449625	-1.491966601873021	-0.049285483561459904	1.3639787493768345	-0.35357419666988504	-0.9382913779853053	-0.9757414515043844	-0.4688800827991981	-0.05319048034648263	0.1152820251762021	-0.2561108257001261	0.12925729990680956	-0.05104739936478498	-0.26910997158353384	-0.08959761407828554	-0.29616571171434786	-0.250082007429621	0.13204556140861534	-0.45331404694632754	-0.31540496181489985	-0.18023839705261632	-0.5788747714064083	-0.02296672717435045	-0.15603477368466728	0.1253271039846326	-0.3583877387680038	0.0726597369635856	0.4404297322220715	0.12140667957259926	-0.5771457449728515	0.8472028817987816	0.2823486641325262	-0.7617849986785324	0.6421133350797577	0.779136276728557	0.14224255695011995	-0.5198679017768837	-0.25565035617616205	-0.7077844932140207	-1.3825881234440025	-0.4628561125722412	0.041710363011247364	0.4140980944721427	-0.09805028503681162	-0.7121104025244436	0.1702575128643826	-1.3403915964331186	-0.39016860263711794	-1.1617716829352307	0.0018560544024096958	-0.41460635778046284	-1.2869547147753444	-1.9785771238495171	-0.8482276984291549	-1.1314336255305084	0.25524981701877675	-1.481053410565056	-0.9535033449622461	1.4803061361342653	-1.168533569379846	1.1140629025586852	0.9401931003619434	-0.07540158207825305	0.7927974449479686	-0.6681427350842363	0.4110952078537329	-0.368310378218178	-0.33740854159233036	-0.8835707736254955	-1.6837022532862764
DTXSID3047552	-0.9796194651688247	-1.6541551631044482	3.8654058594209606	-3.1263176856755583	0.25394888970110385	-2.7169864583202386	-0.2481168271780485	0.01849906222768589	0.06633145712525902	-0.5291809882402051	-0.2533177872973649	0.5818728959641821	0.42699266313713446	0.3474572130001641	-1.424704697071437	-0.4811410899688622	-0.10171126708830434	-0.7368080869052743	0.6848086028441953	-0.19088353366268332	0.04094936130369491	0.4406332673435364	0.45911681480175154	-0.34730950794633375	0.11527822258931288	0.3668047668546801	-0.12658679863980002	0.06938546762426101	0.29553045336560985	-0.10522274527010973	0.1546845694365925	-0.47225124805339125	-0.26255007503659017	-0.60758039361334	0.2352619317091709	0.16313397691823797	0.19098968526801957	0.48552963349824463	0.28941482838154564	0.5452291071382671	-0.020064624850430725	0.004479392113775318	-0.13511885381890554	-0.132178606736549	-0.0656562687429264	-0.011836148584650607	-0.03020271216334205	0.1012575112823828	0.17203900305067685	0.1450653221178952	0.08516184077931177	0.19219426463308598	0.10830096370702673	-0.08091441178778642	0.06386012990289884	-0.15729956000199782	0.03402629828814767	-0.03498093267147566	0.2333342162699634	0.07069318182465256	0.08464028892984916	0.006000385811080194	0.06873060522937917	-0.1111252956547144	0.09706038330153377	-0.1593307909578372	0.4616413890415927	-0.33217406518482034	0.19944553185123157	0.4940423947706822	0.6435082819300771	0.21298517163761554	-0.12714314940899138	-0.04222726271723184	-0.8644781214005527	0.12444622856538895	-0.023058432640242363	0.07540753033491389	0.0014690268746538266	0.022518463726731396	-0.2253266995301838	-0.376492458619732	-0.0091739114047159	-0.11932791015363631	-0.20629226956713545	-0.06621253242974154	0.31609488505547095	0.5755410898514774	0.11063055865851787	-0.010830063492116335	0.19436722600078254	0.36187936241568047	0.05438519877087898	-0.09950871979646364	-0.43377588024898	0.12833414999990578	0.013132124427250777	0.04515516214785566	0.01072355176689621	0.17275464180494005
DTXSID3029287	-3.9332214207751126	-4.448515123812493	-0.6600795575080032	0.0609235679623272	-2.0583040050747234	-1.140106487722168	0.5695204328672999	1.6488297836508803	1.7774765380350388	-1.5952310813173405	-1.4139115309742911	0.9322427660214814	-1.2789144585755352	2.2816020449051475	5.2868089107285865	0.17745199277154952	-2.7647129626989333	0.7989696671043903	-1.0802373944991224	2.924756175599626	3.7575927949280885	-3.3766417294570927	-0.22262882083893806	1.897670551606012	-3.0029585644230283	8.34853896665231	-5.295958470493132	2.956490958780652	17.115063350942318	7.629233433165292	-1.1845471063602275	3.067036616940902	5.677902452953994	3.5188848606737717	-4.536338597319646	-4.1196946371482515	-5.482272167275171	3.2951179618203716	0.8467871078287864	5.019999015715089	-1.4357317121798432	0.617179481026018	-1.0719194922277309	-0.5385722481838788	1.1808762744965553	-0.5896676732677303	-5.590825447826987	2.399435090003951	-2.96069904002692	10.109472605025646	-1.7367454648133995	-1.556116724462408	0.1954104193487894	-5.048292023722503	-4.1406755087902685	6.805721048172419	-4.843439685662922	-4.939262118197107	-2.284717375433269	-3.7508786468389497	-2.262429236013411	-0.047871473213320484	-2.696838932584905	-2.274706304169585	1.3076037285226925	4.103717212272137	-2.5909709105225835	-0.7450516500777353	-0.2798442216027402	0.8705323853997936	-1.1908232949668818	-2.0926291577426963	-0.024276835655384115	4.345576548856766	-0.6947823628371532	-0.4085090743201081	-4.453915109606467	-4.052098603859854	7.458496172289841	6.295010237895886	1.6136885424882164	-5.045701339585188	-3.927347258261409	5.064196541559809	2.2862676146194203	-3.609766876375309	1.6806193153674804	-2.2287043232466126	-1.4217961198630267	1.5833125681476086	1.2793300657089117	1.0709507865919345	-1.329738130567279	1.0626723921496088	-0.854285311198957	0.03993059080786418	0.646356023009006	0.3273383838905573	0.6669906955640708	1.168605269355232
DTXSID9040712	-0.6834557886497307	-0.8837151358027364	3.1942101874642987	-3.6180625470146768	-2.042653155455376	2.920847216796062	0.5121686381466034	1.745817518077407	-0.47579515539515777	1.1177059779178988	-0.8180233546787085	-1.091048414358142	-0.7941253504661978	-3.1527508819353187	0.8980530233619556	-0.2017983624716786	0.05595051789013893	1.4150064110932055	-0.5752595420914115	-1.3765381496768332	1.4291034537744811	-1.1871757736807989	-1.537593626140702	-2.74677218405959	1.3926068739626334	-1.1637516865321598	-1.775182427539399	-1.7199536677251042	-0.7883153763488484	0.8755632693101804	0.580538170759769	-3.489268538508707	-0.31272171287907724	1.908213455205228	-2.7544957268128414	-0.07502586118669495	-1.2032448414933412	0.17737518786442188	-0.12270320970645025	-0.7444167960611167	-0.43462769576674465	0.23912039098230184	-1.13411038522453	-1.345177934244113	1.0154289764170157	-0.30108520325707616	-0.021757287312762642	1.015290316476102	-0.8315219628625304	-0.995185920028602	-0.6405552823573328	-0.21397525362613048	-1.1198047148092005	-0.2596122679173672	0.25086990362064593	-0.7081483425555594	0.6609905308305578	-0.02017260880207659	0.7158614835077857	0.3904922657986522	2.0809089143603683	0.005403910944474744	-0.10322880726152114	0.9975242898986014	0.7708850288908157	0.6944519111365257	-1.317444417394637	-0.2866097345105941	0.8911131192127988	-2.0884486741121515	-1.9514595214044277	0.3070022722325994	-0.7438285903358315	-0.9683259619192621	-0.6034231154203938	-0.10851035513138564	-3.33729835135605	0.06708365537968934	-0.1979034753921042	-1.6684215000145595	-0.3105868077822646	0.13534395934113871	-1.7744696701493206	0.05688216205060798	0.27274339880171056	0.3142646004272322	1.0865479225847423	0.2144487165294033	-0.5225082947132154	-0.33081171208959365	0.6298584864215774	1.5923559288235651	0.9733573279345494	1.0716923730104992	-0.46243512585046265	0.6702477664413895	0.2889801880980437	0.797680345975809	0.7568106958182899	-0.3464436629675356
DTXSID2027092	-3.8391824866924082	-3.548029311302872	0.8396456074906626	-0.183610945131343	2.6953660467901415	-0.42773456740444976	-2.0037796410462043	-0.05441419993179831	-0.7769059711172277	-1.8791851163251896	-0.619954038542243	-0.09982948508257003	-1.3406703596425937	1.5012412210459345	-1.5759943572173118	0.6678038679258618	-0.7278483316358273	-0.5513417524794191	-0.806450971340289	0.7667550794435626	0.5123631321353457	-0.06680352246713078	0.8025203549796078	-0.7697705374619583	0.352648553894311	0.48240754109757245	0.19885818825134938	-0.2627492160097346	-0.3881337825724365	0.3857509742635464	0.3067216639472311	0.7486053888597936	0.6540951811220067	0.09413293215309404	0.7012348024113896	0.28601957753924945	0.34475883631902454	0.27354243209413676	-0.024036266581906038	-0.1665144464457179	0.1847757156518727	-0.049397271585614196	-0.4310744856146579	-1.1655038121403694	-0.3105511869121495	0.15295265762445562	-0.14861934471709157	0.4539104958564683	-0.20286433283891903	0.13678203780375867	-0.10050012199619832	0.3098318593538051	-0.053708572078446946	-0.017559567847230485	0.24680841073624496	0.07455710546942328	0.6550680126772841	0.17705466673958847	-0.22238189205617842	0.07397484845273151	0.038732438001134635	-0.1174903511421608	0.1814560649149575	-0.3478078053867772	-0.027373914927975394	-0.020251572402989287	0.5479158149417124	-0.5411060160576201	0.19786461345460513	0.019859649865250045	-0.24193886062858827	0.3932099622803473	-0.25805417268638065	-0.11660376346313946	-1.3586743093115792	-0.21928036169977777	-0.9192509228508913	0.23621059873009367	0.05358678113181962	-0.6928730996575596	-0.8843232837411531	0.40719050037609467	-0.18398126026914458	0.44425087435981014	0.3455651284597151	-0.15100910228314174	-0.47399636683279794	-0.8805575298169446	-0.0068451411566573354	0.17930093036593206	0.19470330302457672	-0.22790141015496182	-0.411215506465295	-0.2421806760444863	-0.08732279813485506	-0.5133871396703733	0.6958714301732309	0.00994729203625472	0.15303434347521713	0.3068880278842596
DTXSID3040980	7.196288388904677	1.7282701904108042	-3.1583683612050892	1.195196910590691	4.628615347818306	-4.089664119648242	1.8398197868121537	1.3796594510892268	0.9174434010329441	-0.34264800019854375	-0.34323936264723764	-0.24164152254804477	1.20705875098107	-1.4554225603976152	-0.635209728346018	1.3967795129583505	-0.15843719502753986	0.5165835573729086	-1.075779079019637	-1.217291397130785	-0.7050859454693909	-0.5798277495974095	0.7222204718953633	-0.19009177340996922	-0.22097915178785785	-0.07232177489070744	-0.20703826629722666	-0.12820513360899496	0.42944312602702683	-0.6825378367604279	-0.4931694086455177	-0.30268100561983363	-1.059003936501588	-0.10631891843898274	1.0406284092215514	-0.47332811058329627	-0.3684692977830345	-0.2274844936613919	-0.6670412049165425	-0.4746976453137461	0.20545340592365285	0.7227140493053392	-0.35200197331904587	0.3241725369826044	0.1219359880075326	0.0702483509464682	-0.8169841927532623	-0.9570322652774534	-0.05835453506531117	0.1824231173793684	0.12292093321526669	-0.05900033011150394	-0.07594573223905737	0.21002824497904965	-0.527339312128676	-0.15256130208381594	0.13374432090875493	0.8337298777579212	-0.2951643208830279	0.42867007462139245	-0.2793001729583876	0.4191076851762244	-0.6702813632770966	0.46670876973937	-0.11440037938214258	0.22197634767657534	-0.770083870367905	0.1324622187589493	1.0438599831089592	-0.6404401918699096	0.23991174975442783	-0.7150004062914422	0.7502114267473928	1.4743710053069283	-0.09998782171173204	-0.44233785505845746	-0.5014062235148611	1.2969237072733983	0.5493537053818268	-0.7767012800967865	-0.29650285742375615	-0.2503742602387945	0.46976348798598355	-0.08175712624090611	-0.20497778539093295	-0.4117400108966718	-0.4665716050569662	0.06430068215342324	-0.6768365585382782	0.9285148571454009	-0.2509392208926953	0.380120630132042	1.5552003552582032	-1.2180751946590949	1.0326357175626328	-0.6683171654942174	-0.31069051784878376	-0.12190920550415714	0.5381309494620585	-1.3984669523008069
DTXSID4043850	-4.18663296905892	-2.92131900614777	1.3190272125459148	-0.4183716026086328	-1.7938436331241043	0.49902664215705045	1.8344836404282736	1.340448982363441	1.3301944133554233	-0.15451840346397624	-0.35078497287066346	0.36364401524069995	0.0619172461055336	-0.16953483706171152	2.650402564417719	-0.7562159571214457	-1.6488576777413841	-0.5344874162087376	-0.24511928913754671	2.5932869865581605	1.6170923249484093	-0.22364345284868445	1.1572298034683277	0.2570653536296031	-0.4739640244566122	0.32420226187390233	-0.20180400099572238	0.8305342779080966	-1.038408800616235	-0.404549610338367	0.2820352845514507	-0.2973147186253641	-0.1017313214228855	-0.34727159732650936	0.4588354749716047	0.3497471833108742	0.784452526241626	-0.4969461758370736	-0.10154612915523462	-0.30630407508630536	0.312801026382298	-0.45854131189967284	-0.49334936825591436	0.11107911244471866	0.2216043494299004	-0.05812898753495796	0.7998694570647534	-0.28554766441914836	0.03015696210780913	-0.21115138374847656	0.05270726104238386	0.14766029383173504	0.1338653995445312	-0.2608511466666948	0.3072978394480952	-0.925417748862126	-0.5432689915492512	-0.1339236674289326	0.3734077640744946	-0.193514746783936	0.1942331865899294	0.4420117185403351	-0.5644401501174591	0.4735555616342287	-0.5279758244339907	0.36749988276606327	0.6117703524145685	0.02291450795300602	-0.6847861397309023	-0.4190573234207353	0.34239064702296146	-0.049264361040279384	-0.35320024824427193	-0.5604232587418743	-0.29878406165349036	0.5389139986133472	-0.8883571709193112	0.2309373148402863	3.1585122772017367	0.08051270253611603	-0.17159486629330165	1.0157025744715733	0.5707232982630065	-0.20561723085937275	-0.808240783997544	3.3380672551218393	-0.5904643252061847	0.6170259832307879	-0.6508113772934054	0.4293081585840281	-1.4585738110438704	0.4859898698467332	-0.8473584505482226	-0.4621073760377394	0.02827177937067721	0.6145575526318523	0.1738447536572747	-0.36279485610902923	0.34486611876230594	0.0555861470748553
DTXSID8041298	-4.2223193634844565	-4.018406737656176	1.2646635453643131	1.0978736820942172	0.6363284179844111	-0.19258527137471876	-0.40567892038726644	0.048226565726197226	0.37462605824165823	-2.4422748980524256	-0.9027267437085953	0.02048057598423862	-1.0716480961453927	1.0282437254051637	-0.05498710577019691	-1.312222923474426	1.0037961786612002	-1.4962650323713802	1.4095992796491201	-0.3074109202602699	0.4718881996965186	0.4364139391178182	2.2058291591349812	-0.7075815379567741	0.8288877393596494	-0.12294415927468645	-0.7786689804224975	0.40013830611145923	-0.03562684321579226	-0.5899339661492272	-0.9882706365198134	-0.22706752406031305	0.27219712306938565	-1.4522478009298931	-0.37517525713300964	-1.0325020057692076	-0.45908525673037737	0.5335471807215403	0.1720432719572615	-0.14973093772386184	0.4625151618470505	0.16237322535114296	-0.6016944099637671	-0.4564721675020125	0.3977782903338826	0.7461415311605308	0.7738963181440099	-0.3217776689794052	-0.30968578631154303	-0.2387068268294198	0.06852797600586666	-0.04310967465081342	0.29532302254365517	0.0606794149236142	-0.1869191077011592	-0.8246353797737987	0.5453864509608225	-0.587433147543479	-0.07593872906919004	0.7920654083458768	0.4772633739589527	-0.4153095380621888	-0.5596576527375456	-0.8088482999526602	-0.2575452995100185	1.2906381160679103	-0.49880789631663563	-0.19167956458107546	-0.9182122801993776	0.3906047672118679	-0.3255086539112661	-0.12776680462888695	0.1375884783223788	-0.133410098674868	0.930482602975457	0.40834977458585603	-0.04159570552044283	0.15685671754836933	0.10517840539647602	-0.2793618078028081	-0.24125940396472872	-0.23156189502720892	-0.05395020449395772	-0.003384545469280909	0.03265468209101683	-0.3670095877196002	0.06253305259391072	0.6133377470236266	-0.19878099791647394	0.0052853035509165865	0.014559379321390212	-0.07417263809239814	0.010689628221813336	-0.19059274992441733	-0.11595267431258532	-0.13450180401979553	0.7282340092222412	-0.023448764718789945	0.06553160963655831	0.31041018124551983
DTXSID1021116	-2.392374064977877	0.5769607774280274	-0.5756392065176709	1.1998153129236746	1.0583214983925493	-1.114485294766876	-1.0380126550505178	0.6634936184059772	1.2001920036169267	0.013105678713738885	-1.3443465712513147	-0.45898784506185564	0.2696534750730761	1.2729410242111623	0.8813006367457401	0.17834271131801563	0.33210334016900894	0.6418315740925151	0.16581853043150044	-0.644030095643765	0.1969967282137473	-0.5126599807200338	0.15184448505067574	0.5162873585388467	0.3575199988991512	0.06979089132946226	0.7098037040646514	-0.4101562976030358	-0.1653971573874007	0.39191378388713133	-0.19822772474454453	-0.556877182892986	0.1960006216135143	-0.32390460648160024	0.7838245367497193	0.1736697417351484	0.16343175115388378	-0.34887335705081346	0.25754353641137334	-0.023470845903722427	0.45879619117268716	0.6064741061134691	0.03399449902353698	0.34277535132919096	0.2643133853319463	0.010772353381042682	-0.13537669737083866	-0.03446318321454251	0.05123789863427309	0.32898774349484483	0.26223665749158165	0.008890176466721038	0.46477256698559133	0.16895327339895694	-0.01806148359696662	-0.28063478041678064	0.3043285800582806	-0.1781990858286579	0.5612853120440308	0.8271928666689059	-0.1956977028878982	0.12232706481525955	-0.3922693898172759	-0.1563744858714934	-0.10283690892028546	0.3377041467144216	-0.01695525511744763	0.0921779250124518	0.0766243799988685	0.6681971758651127	0.37152334165359446	-0.07262349373735706	-0.47202731002702	1.1218481567316259	-0.15589302653039544	0.5871906976441927	-0.9118984193377881	0.8222226363311086	-0.28198679678757604	-0.67923455959125	0.1819643791102198	-0.36686121773276575	0.6410464223580156	0.27152162764285015	-0.2285000832818051	0.45889447445801806	0.7299323068811697	-0.3427004271663253	-0.7704597165962087	-0.26063210896438777	0.6072809295082596	-1.1391419222982426	-0.18933487127248888	0.15173311346420962	-0.12275785473645603	0.1924017955959924	-0.2918755109658225	-0.058948265598109235	0.42772942233641265	-0.2230031951181725
DTXSID4048983	39.24107928872642	-9.630671823589847	-0.4381793614540977	1.5198295836074374	-6.609708647979001	-4.253050342865008	0.46895737823495043	3.3302714941904945	0.05235325004168875	-4.0167652923954345	1.0825653493776037	2.637936914465896	-1.422391124813544	5.917867843447936	5.123149585803493	-2.591387112538709	-0.4696258582032061	-0.28960441236300977	4.120079796070619	0.07159153184570605	2.0123747767869973	-1.5603065053665748	-1.6231617723384195	2.091307510951898	2.7284057936388058	-3.988278455733444	0.1839422366772573	-1.9932241655603526	-1.7292887087765951	3.9403609291083375	0.5573138605721174	-1.2849109297424643	2.56497075114102	5.301389607581454	-0.9253137032144555	1.4155396119767198	0.2870633987895638	-1.5232075655038306	0.8895333266382329	4.344663828049103	-4.473129332064897	-0.15653566531622082	-0.7524470064425208	3.0166762235229623	-5.673039379804063	-1.2609799856759072	-2.131142770040566	-2.1944073632309498	-1.3116714972778973	-1.5056836285242388	0.9492402930569335	0.708622661787941	-0.9950058738534381	1.5684976875060874	1.7252990873277365	-0.5690963125050426	2.779872695048476	1.090892078682576	-0.7151707044799371	-3.8031817065612086	1.6638811578731985	-0.3889337227417339	-0.05731451267277204	0.411499753029599	0.3618920678667736	3.2841376826436735	-0.29292966122722536	2.06913542359311	2.6835162322810064	3.5846420968316677	-4.237323278793427	-2.318519854798818	6.2547154995459655	-0.0562636103929992	4.800920830141342	-0.7473793031495038	3.9338337726465835	-1.731814237727022	0.744365859483539	-3.1567033300410046	-0.5867388327642354	-5.1991112460627225	1.6111913378453095	-1.6511606936077454	-1.0662786747842836	-1.447179335587585	-1.8613790800954386	-0.3008950977443106	0.8600529443631352	1.7946087469301133	0.13751939705143595	0.6873745021082845	-1.204630591847631	-2.3181927368220765	-1.395182997780504	-0.7224226776116643	-3.1561276042564224	-1.0411121502957825	0.9955366577305136	-0.8830091489445206
DTXSID7048166	11.677523400497396	-2.054912222736208	-3.6785540019123912	3.6587847286400397	5.063266714042375	-2.4310784330827815	-1.1335202823972896	3.9077637160197	1.9133913349509455	-2.6824334317389034	-2.8258115041727	0.5057031465159516	-1.2595033914561407	3.3764432078531526	-0.5207922718870293	-4.011219961610694	-0.36268010249735677	-2.138102724041844	1.5487205240387092	1.490066873752298	-0.2907755528773509	0.19143702592858858	0.8511141736963277	0.901555372967738	-1.225745894934653	1.7933647405873663	-2.1085939411303056	0.14567597555608783	3.8483311882724416	3.208037176751231	0.5122853803578047	0.9391118953777454	0.15082444650410207	2.716695443117101	0.0541324392661225	-3.373048924664266	-2.1649894465179966	-3.3529961212110724	3.4061896456221445	0.22203492169036723	-0.7725170797538841	-0.5762806978287941	-1.6072193422831944	2.8697252631928256	1.1464167622848422	-0.7966582503179391	-2.4164037315361537	2.6330987908154455	1.504258193588665	-0.01103049386085049	0.5384410142727727	1.8054311207737812	-1.3659794830818601	0.5451135524307142	1.4184536520838302	-0.006143274027804512	-3.328305964839025	2.3559773109346422	2.0802127394383527	-2.3648859340480604	-0.09816852550837232	1.2631549657076908	0.9038558405436506	-1.8685020749534946	0.856826945654873	-1.0580994319884132	-2.69700756580086	-0.9876175756945894	0.1765849340816621	1.3520412925842287	-1.942494933527899	0.9534145343493328	-2.057376464445102	1.5429502337423748	0.4456323891261718	1.852926631847249	-1.5622244509540497	0.7227849112782122	3.8354221352290034	3.10015891504166	-1.2860951296427654	-0.9705883547527043	-0.9269154609529934	2.0428582216968683	2.0591978842003598	-2.027628291281114	1.3910666865169727	-1.913944727463274	-1.523732171649818	0.46744631939240305	-0.1456984737694106	0.4644878704748673	-0.4643830327840206	0.3220095409041191	-0.7934360888667648	0.07462076442893752	-1.5951818204592658	-0.019357317369886863	2.5890249135665915	0.36197899874471473
DTXSID6021082	9.257117365340541	4.775602596705954	-6.858623104546451	-3.003298286830437	-0.386821242225053	2.030537662596155	-3.8195474904799074	-6.497667285922849	-3.5658725913848723	-0.3971798809498698	-6.656807789385144	-3.0344490573417433	-1.658100670102152	-2.9769895483867055	2.349909346695172	0.2525862652936568	0.33508357919275983	-2.075781262828534	0.26114257912594036	-0.6478822148015236	-0.30231419821161987	-0.25615372338629777	1.0233069615979435	-1.2425802808427515	-2.110994121831367	1.4823415475252784	0.4183816209020355	0.24444920248995844	1.0555504001716465	-0.8119376018840343	0.9558811396516038	2.024962168692966	-0.6933971563278706	-1.4869374743843178	-1.243977456365842	1.8102373913794811	0.6427030657659512	-0.9899950408641945	-0.4275308606429395	1.4731443327121851	0.16108636107215374	-0.8814602716915204	-0.8914742138848504	-0.34865131430653423	-1.2248818928173801	0.0006315445862874487	0.16674305648875004	0.1143332132050336	1.205375146868201	0.22488866194638424	-0.1612310146467991	0.03859264346164421	-0.8301058708854322	-0.10427545565812467	0.7679627013326666	-1.1848882055649193	-0.09314714800057636	-0.5233258686431602	-0.2240464737365782	-0.029168566171371674	0.5123685285546073	-0.8500101340787358	0.053747261989999295	0.30819135716947244	-1.4465217541525277	0.7434811539812692	-0.49450667368979656	-1.0871804754349987	-0.34255259607448285	-0.8038265564611897	0.7469503825897648	1.3112185992788992	0.3052565056315357	0.04850989744189465	-0.47948163382559605	-0.15698025247104502	0.5329013365965624	-0.383915137157881	0.42782162466055507	-0.19819148483143745	-0.6066035992789888	-0.3625519805588617	0.2013970708362009	0.028126931240850157	0.2514283025560859	-0.22591131614117468	-0.5322464068650673	0.5466822988662008	0.18486599067713955	0.32365447754397386	0.09835971617117176	0.22883945689796853	-0.09377984956967834	0.7285132700344872	0.23742117992455022	0.362798906096834	0.4947147721464399	0.438442762629107	0.6276927544628398	0.025385619189733047
DTXSID1021871	-5.247778036979246	0.8964547131609883	-1.01304599072393	0.9950279825353447	-2.3499073463221003	1.8486887653188784	-3.0011671990188673	-1.3346140588868076	-1.534859522630171	-1.0151645880444253	-3.539189706216358	-0.35991846440525027	4.0441290580685205	-0.25478264618598084	-0.11775444947560454	-0.4854756763518844	-1.349410327878602	-0.22998555402150228	-0.5354226572627494	0.694347312823102	0.6466058707442824	0.632413601705138	0.03560380948083976	-0.1748168097132584	0.4933133448812501	-0.08338339909290172	0.11387115146950504	-0.26335653473317905	0.023410554693571936	-0.29005526412585075	0.37852903521519726	0.10881465379987199	-0.18544854905901695	-0.20386879521926352	-0.5534960627152372	-0.09824844338411695	-1.0250427175635284	-0.09105861638971766	-0.1887382320624348	0.20836716761353985	-0.06637109171363796	0.19137191905960665	-0.15700572550488281	0.30399854160749046	0.06544184477081744	0.10609789508010008	0.1577355005427569	-0.17507574036728044	-0.23159100127972376	0.2896724598301076	-0.12530616904786906	-0.3448600760032946	0.12143335515913661	0.17535353850193505	-0.1566408249496197	-0.06353740964985334	0.17306989008862794	-0.05134343264219001	-0.5855050879877328	-0.06988574163326867	0.18097851484465222	-0.12733402751249911	0.15721890026330632	0.8274559942951064	-0.05569167900647331	-0.6716539110670268	-0.056457533530083544	-0.31659834781878865	-0.25740606564193447	-0.6338093401004636	0.019045761547830897	0.04770511569843336	0.18777030971431824	-0.029226646230721964	-0.040492256948707867	-0.05219746808014538	0.5607081384183711	-0.6870560040488211	-0.05528694314540069	0.0038332445306089565	0.021180006815544057	-0.36159711206769385	0.03805958885975782	-0.27382689383772424	0.05971149731819592	0.26355747927476547	0.057704760915593734	0.02061320289064787	0.0458314238713386	0.02141504674766945	-0.2832156319757399	-0.5368853455939324	-0.2543575126746947	-0.08931824976964801	-0.16775180641139725	-0.3951853631150604	0.1609506796745103	-0.005234914266817334	0.15181424309836544	0.11936840644255581
DTXSID3023342	4.76247471602994	-1.976656450199816	-0.7051930566836907	1.5986449907063314	-2.8117969681327786	-1.8019574110422822	-0.6959365975267969	-0.18782935683805482	0.15114320346210647	0.927839164631417	-0.7500004591817697	0.08945532246831231	0.8606744549293954	1.5150816042757655	1.798945461906431	1.714519536017441	0.1368655542427766	2.526357900193987	-0.18276418921330587	-2.5107229019563295	0.5689193434886093	-1.9104564952918779	1.248493697581248	0.22961012946269738	-1.35221434463509	0.8623873463876952	0.7394832733229384	-1.743602597403045	0.8360789021810893	-2.5336211211837183	0.25908354430374475	-0.6653661650374222	-1.9307156701197972	-3.882834365747737	0.7081080228732839	0.8733269025010574	2.5691015438357345	3.446309354935087	1.9422612908602592	-6.24222866745316	2.40169967496125	-0.9164895057065356	-0.8169008643666358	2.6255875587588346	-0.9605208278970696	1.3752323738672707	1.0006795059659372	-1.2884799515998095	-2.5004112111707575	-1.8577685813816018	-1.5136527023403044	-3.992667429293413	-1.5513522275090736	0.9085673165661089	3.7886431886671654	3.420295529165311	-0.3400664646748272	-0.9299932176840214	1.0160743087366397	-4.015713557184264	-3.520823449142274	-1.2290113393154873	-2.536616522884977	-0.6096557229451579	4.310627071358903	0.9864287771651862	-2.9537553951698268	-2.747882751591086	0.21110746979784414	0.6364635225611186	-1.0928419405688148	0.03269909343291616	0.91652415366892	0.47041229454482403	0.9442117868416422	0.1210840564688151	-0.8743331841390651	-0.027008074923449747	-1.3880960301679084	0.08821959740808943	-0.5418615125803375	-0.6971863735810324	1.4118339418481114	-0.16963092490594583	-0.22906504027633132	-1.0022734156489492	0.6135148570894136	0.03527721368303344	-0.18675415322276862	0.2604156748781025	1.274166451793438	-0.03365150770309656	-1.3547929809620882	-0.4555222817859123	-0.2655720114052978	-0.12875787411904566	0.05217443270775939	0.12450962682948327	0.34573394577946676	0.43419415973038195
DTXSID2048618	11.425758051734702	-2.54545022731566	-5.409202615255127	-1.4664390073354634	5.840057877763444	-0.8593088127742402	-1.7231390205065702	2.5633102852389205	-1.8614706191650947	-1.5024510677899325	-0.41178946855935883	-4.572977021242923	-2.0255133979047573	-4.672308264163086	4.315828070291014	-2.3654409244784564	2.705490909864699	-2.6710731631433706	0.14643148394960373	0.06051133166110904	-1.4545965466197632	0.6468777174502668	5.049102542797212	-3.3276707964256564	0.7192903935059065	7.519284083881839	0.4297182639047251	-0.4993396774193029	-6.216200309986074	5.579399590095649	0.33430820917302095	-4.850956975893891	-0.22911212809924808	1.5479764480107043	-0.7695636034819516	-0.19984346963902536	-0.33371366545608167	-15.354371366907976	2.187439982062738	0.8600997985063632	0.40889252743760557	1.336416817107542	3.3166825838166534	2.5807505742743038	-11.420657606931318	30.98242590319076	6.8937786576701745	-9.165416931270572	4.474382320897749	11.20774743137932	-32.67873536350275	5.266824598710449	-17.025725489888313	-6.071725546161904	-17.467897407145017	11.410758995347978	3.934380485851829	8.650637872959482	22.11769388336729	3.78270038947115	0.22379943728057755	-5.3681285155735985	-3.254350882016063	-2.17148921415513	3.3758518737998213	-6.872962296858923	7.036490550402162	2.4570588880691684	2.4155286552443336	-1.720340710387138	0.34648214192661053	3.2163520308306595	5.862296813955516	0.34112888577859	3.0601613661804516	2.241436479648299	-0.3947126533703785	-0.8933883888074913	-0.8612095241428892	0.7679973627827437	-0.07677184700566923	-0.34924517080558515	-0.022132604747255456	-0.8434075793756967	1.2559468299733731	1.1327790840235727	2.109479318837036	0.8642951319368064	-0.09547293212515566	0.1320569567455137	-1.195967999839992	-0.8941727305520621	0.3539135739396535	-0.798410469277758	-0.38253986095270753	0.7248420855623657	0.19488158830738592	-0.4465358891408183	-0.366835559924887	0.39272477332044625
DTXSID0045832	2.3119371308094308	-5.042233978336709	-3.0022538726551518	0.7816243783815902	-0.7021452268667933	0.33600116893166043	-0.1898641336058687	-0.23665632418846064	0.7087160045903776	-1.7055221141651753	0.03709165111445756	1.7093226238030657	-1.2697904145466499	-0.3692119303613177	0.22732944320811352	-0.1214800448217482	-0.10791347512503298	-0.34534960619797145	0.016034214730145695	0.6672401467162857	-0.27424957282455925	0.5409343710153449	-1.048623905173528	-0.9081150752590464	1.1454447333715538	0.7865707219423488	0.054110237813848244	1.4737090676171078	-0.032088315359062765	-0.1311400828401952	-0.05428293710586196	0.5074985041814638	0.9239240441444492	0.9144073989904017	0.8065451454707699	0.2391220775467033	0.035488450761772795	-0.8897416421377978	-0.4596931961889398	0.4816634749969916	0.05355980944990003	-1.3119465547637508	-0.23456678559991564	-0.8309967371865629	0.3489365524951258	-0.10631825653682786	0.3558513880860132	-0.27864148712945264	-0.021255417524807467	-0.7514896460742297	-0.019082439469485533	-0.2705720184302624	0.23045907416055464	-0.440266055969879	0.125767038234627	0.13693029404538812	-0.5410896275847977	0.31186379968998956	0.5999853569603089	-0.4991098462524394	-0.047091754451722326	0.31191434326739964	0.15999411224775967	1.2470763082211593	0.29097190206637286	0.15480425630385047	-0.12526381133419537	0.3301937475995377	0.6572541939292348	-0.4634785643164691	0.4396265661850362	-0.17842311841655484	0.23645887432775167	-1.358182214437702	-0.7274489090846855	0.04504767416075915	0.908827399581095	1.865338989254261	1.767151024551041	0.16034278777579938	0.5325873889454151	-0.4192214561022838	0.2863306703506678	-0.25577125319433264	-0.6218960656720296	-1.3885011576707451	0.00443537040700506	0.8126213531819361	0.3607263090386606	0.05681372374610787	-1.0625835289320387	-0.8700026246081735	-1.508457920214165	-1.0882391757169845	-0.6915576692647754	1.4874182320212062	-0.6660469709371084	1.3399917230631786	0.16396480236986039	-1.583890642080966
DTXSID5029263	-3.3262120950636715	-4.112587345008123	-2.6752361421936297	-2.6140428924830337	0.49332656624705185	-0.17135732513777827	-0.2599730548214958	-1.1105335341404794	-1.4066447719486268	0.5640667438834215	-1.9888279968223543	-1.6196955121510281	-2.489561761789932	-1.0747795866608383	1.655330596890191	0.9809532781934606	0.1284694201219765	-0.16026221350929418	0.4922733875638484	-0.5929539187738021	0.7188225028003353	-0.5862186646757714	0.4370216616987785	-0.14663288843529476	-0.6468815197624241	-0.2674234659087621	1.033685435472358	0.37684483031580596	0.5444645488668156	0.01912697400307558	0.4341066066517827	-0.4317592783621818	0.2790548242606117	-0.7353423367357589	-0.11003063664170294	0.18035330017771023	-0.23061410030058227	0.27061173148656975	0.19971449139033806	0.37945145332374675	-0.12961695859486702	-0.10866283465407502	0.1335349077444193	0.4683001029833531	-0.32855350023187857	0.3377974223908541	0.14656753403916148	-0.05315578946811392	0.2553363608077818	0.44666583300954543	0.1312812694748856	0.1393276179629104	0.3857665465727381	0.09207749936611212	0.28617082804701155	0.06284130837163174	0.2817520395986276	0.010991362751699527	-0.17546625170321037	0.315242465529034	0.07599383947659015	-0.14441931506039915	0.15117843367613315	0.18063513632747458	-0.15962284302359073	-0.6801906936036014	0.045924140963439455	-0.28849733231989816	0.002960904612136069	0.24825077092942935	0.09642022163389996	-0.2967556632068981	-0.334883130897562	-0.39612433817227816	0.17683194566653188	0.32342299583321327	0.298322540727885	-0.04513721579188626	0.24733120300842426	-0.43039750485636746	-0.23180262855719885	0.3985461433931795	-0.2369291282768132	0.08276406643618886	0.5027211279664388	-0.00487285157906498	0.005791810391646152	-0.4460526853673687	0.1279196332280641	-0.6820287916440858	-0.5819151476517849	-0.3699360337402073	0.490481844392982	-0.25730923648367365	0.8862001762097326	-0.10650229996727523	-0.28772686556005617	0.061933287740523195	0.04847931219114635	-0.7565348508102895
DTXSID9044372	-1.58834343936438	-1.9100854339325777	1.8225752099154802	-3.274509391092911	-1.6678145513741327	-0.4365093879442195	-0.6741974242749229	0.15826507472923207	0.22414926023488077	0.537959073132479	-0.6647763662576571	-0.3402895298495608	-0.6202437481683747	-0.22195832934587412	0.22024354119455758	0.6969323976509124	-0.1771384475318768	1.0514936996913071	-0.10376669062599124	-0.5455456896961971	0.03313246293092794	-0.3180834509491379	-1.4546076247745308	-0.9648142802299835	1.2210386061102125	-0.10715791240460144	-1.1461909549360525	-0.9108941559034252	-0.01183018674826458	-0.03682446986559017	-0.7988820302911319	-0.11488462493397934	-0.605801746096824	0.847006399354733	0.28350207977252473	1.1159436252661656	0.38706065964108993	0.1637734861131344	-0.6860888509068501	0.11793857994805405	-0.08737259049057322	-0.8569259303446156	0.2258324869750181	-0.7477908862196474	0.2709205202320968	-0.20001873438286438	-0.7143361271815979	-0.5336908607077198	0.27578459788671483	-0.2615083085016921	0.007902436935139551	-0.6406539406250179	0.2531008787107604	-0.4026933586761816	0.00027875725846746664	0.09380123655957753	-0.2570391151042457	-0.11243085193654875	1.2330433062138935	0.41747793144188877	-0.2262795142132101	0.2710373335935268	0.37423015503474044	0.7124323283518135	-0.20446689941129503	0.14473368626263117	-0.2921444267878028	-0.20236248115537694	0.5304944200038241	0.3987330230535787	0.4307726510448163	-0.3505508061986741	0.6230475959072207	0.37051638140698717	0.8645357287209303	-0.1392794202763627	0.33358037575216554	0.7079520059845119	0.32288857279462196	-0.8395319899304973	-0.44687749454006026	-0.8730208911092824	-0.20247400079238637	0.2683269073884883	0.5202643217303846	0.9689568044217445	-0.21465147497799975	-1.4164971645386961	0.12158116106549524	-0.048190398735924705	0.4938871580998598	-1.2143555029866577	0.07126044341740213	-0.05092525305544719	0.22374635902357612	0.15819548302956105	-0.14257119127911874	-0.47528067905161464	0.06322364610945982	0.9578828605110296
DTXSID9026712	-2.259881197574794	-3.740898698501691	1.9982725257310179	0.5451435515557228	-1.6761342318590777	0.21592195693856378	-0.6323828088831012	-0.32192494893034646	0.19944928689317487	1.8629302271736343	0.06672672712418326	-0.08504544735548511	0.5596221261270067	0.0012234395320867922	0.23301047115215134	0.9135143885516117	-0.8132848878800181	1.0296238808582707	-0.043734388638039044	-0.31210413620057925	-0.14882923094795567	0.11664554506009578	-2.3068587315180564	-0.3678781253024378	0.058360029698820697	0.0172007427612798	-0.5699507568351913	0.2735123819078377	0.8018144077014068	-0.8395254821873495	0.5768080073188507	-0.19914609493085134	-1.0119321019876255	-0.794400689033184	0.5749381965104671	0.6404641785380754	0.06250136800450773	0.3770649271024471	0.5087317287010255	0.32408466229827004	0.12712982907279902	-0.1522638740619729	0.1678284520115335	0.3211184020636309	0.3097793206822589	0.5784449545177697	-0.06074632315922903	0.46996644595984755	0.33353398876111806	0.2193981870118487	-0.09274898120680314	0.11022459374182808	-0.08381921971466055	-0.05721987154911958	0.06513569220469999	-0.6877618675856804	-0.5088217542137682	-0.33811462766617645	-0.07686948714437312	0.4610260589646601	-0.7506707459826768	-0.3399198295069703	0.10456801433375564	0.21651753588796124	-0.41239284561239375	-0.3587014118279976	0.7687617732084057	-0.027558684796594048	-1.0058864584888167	-0.6370811535563392	0.568709990746568	-0.06574297545020047	-0.48732212331927843	0.35728581604038046	0.3983491041245302	0.657851331603415	0.212971443626	-0.28592440768155686	-0.29258427721410096	0.8400111885872453	-0.02500168138374241	-0.24167490365079775	0.23883726703741442	-0.39316198499117205	-0.07187365915863615	0.11330674163242241	0.3201937926724867	0.5517696691621119	-0.41434566573264453	0.1812558166827425	0.5460344509987204	0.9074835637319422	-0.303038099994809	0.37475698124846374	0.19199347251124263	0.5529018227933765	0.013747837213027374	-0.19687344884767755	-0.6091495940750883	0.5286449441040066
DTXSID8020597	-6.629282127404289	-4.716845539765504	-1.1959190186895112	-0.6665810705822137	-1.9638342467770944	-0.29662698335955384	-1.5832491273155465	-0.3907712078786918	0.34486471923816814	0.6972273959546542	0.17331778736205514	-0.24645688136795746	-0.07124116275677207	-0.5796840872033836	-0.4921280286188632	1.10643649613174	-0.8697459435760052	0.43768695251409195	-0.4896831811685824	0.13863067817753832	0.03966140363620866	-0.012756327650349095	-1.7263614150213886	-0.5449878103048819	-0.7519215806186693	-0.03871329101863056	-0.20127337681593294	0.7453223777380721	0.3635733098013743	-0.5805136151995302	0.36469567844518325	0.33591234988097385	-0.22737422919639488	-0.40600055204353097	0.4114772534469288	0.40443654300347837	-0.1916626631524191	0.3195934323894602	0.32423140651651705	-0.11619239698331088	-0.08663407307536608	-0.15396724157943353	0.1703793561780369	0.291798671966915	0.2332197817408986	0.33883219480350685	0.08111963446418138	-0.21855779149315782	0.1517068317543843	0.06150876753357319	-0.015789995249703547	-0.09515662400496067	-0.08205125674778717	-0.05408948940468727	-0.11190898446590045	-0.04946398965310341	-0.22500525256794074	-0.16517666534243183	-0.0347313243972366	0.4215151839225374	-0.4284435236335074	-0.1677362945607481	0.39352507708874074	0.4449476675499713	-0.5750755988653887	0.16061841246222297	0.5233203125133307	0.1428927072251779	0.0648680498383067	-0.15611813440495861	0.21084548940535994	0.12248925575583498	-0.21971415845225303	0.11103952838126482	0.20937689826705708	-0.19068980902227578	-0.02507432797314207	-0.05919629137268556	-0.1904888174363649	0.25461413801949245	-0.003343152148900116	0.30231499609739254	-0.02301292184150063	0.09957625568728716	0.1976104408296296	0.334164490604152	0.5136459150428109	-0.2557836664921185	-0.15950670107184564	-0.433058991177205	-0.1201520114861094	-0.02923382314857291	0.17291046964818382	-0.2311856121039364	-0.1409251762966156	-0.24046284663875572	-0.19375936806181704	-0.0916317117492328	-0.1516741714323557	0.1598155524004886
DTXSID6035156	-2.5633721936705745	0.48737521787677823	1.0332162755129768	0.23130955393522026	0.36986871566856366	-1.026071326638768	-1.4747991393945803	0.09287948163200802	0.3441875233934793	-1.7226221511650293	0.08385480627778362	0.08835348990149308	-1.1459010731591561	1.3382387281841002	-0.4485568712646338	0.1081902445129152	0.44516533489454485	-0.10713482905953593	0.09755259263712596	-0.6503788502608507	0.39942651784880273	-0.29448565901135604	0.8625628880776723	0.16460076950319047	0.2180274996097504	0.4078611363667658	-0.28051179640171825	-0.22989142451095074	-0.09882090161538343	-0.35950182927468444	-0.27323293330899967	-0.24972587627053475	-0.7252086357003485	-0.4397381488570083	0.16640406111538086	-0.3004350088503922	0.03421837018276069	0.4002700600052253	-0.00811763127223252	0.6431238615143331	-0.17614955362415743	0.2769275260896999	-0.08002748289107577	0.4302914863067453	-0.6193221520543694	-0.16294209561693374	0.2601131104100613	-0.48093113328295445	-0.1170505371831227	0.17337883142280203	0.12336671004421292	0.09950604886101445	0.217367968348597	-0.33593988121139595	-0.1865894182300717	-0.47419777015216263	-0.06584351079798044	-0.0943629316538854	-0.16050268768469286	-0.3510331654944167	0.46553429089209764	0.21018738039248505	0.029839901941021377	0.5191859873648155	0.27649252988813655	-0.3987847937759543	0.24589073549664173	-0.5478236756387215	0.12305249142397609	0.061804727442133056	-0.05498450463155999	-0.2386936217599309	0.3011665334433805	0.26315414728028486	-0.5187502646360238	0.4972708755555902	-0.014998142116652008	0.6622198593563278	0.09605428701645928	0.009501508680842069	0.486547141318219	-0.21019873896363456	0.36632824129196123	-0.00983569793889304	-0.07617152184357666	0.034085430691597696	-0.17066624326125968	-0.004482307143041986	0.049996947030572954	-0.048350434801155334	0.501248315948231	0.02353118872833135	0.3387272891634999	-0.1364223079192686	-0.2636956053914038	-0.2313746418512202	0.046036051944885824	0.1397595360345341	-0.2692522521809156	0.11249961084842058
DTXSID5045706	1.2620710800840607	2.272504950647743	-1.099598143105048	2.588954616455716	-1.1098905465432318	-2.198468957881618	2.3450214850671625	-0.22463052269342398	-0.8470253242701199	0.9969404685592848	-0.21293350298225258	-0.25255577453313316	-0.0954701782049486	2.7948365960772765	1.2388104299978684	-0.4819851416502423	-0.7286220705545671	0.5399128717227559	0.9796274071734359	-0.6406050047628514	-1.2939874502948456	-0.6622856635355953	0.7883412088826897	0.2274907397103768	0.6804591432117473	-0.6821843485832716	0.6551236991450515	0.33054246578526186	0.780283230542915	-0.5765045664669775	1.079482117106876	-1.2101405583599005	-0.11923474728329424	0.4101277565788534	0.19419224160322873	-0.8197310517669187	0.5633532567574226	0.46727931701621667	-0.21760030188402427	-0.0451746646152811	0.26587979569701337	0.1456678144922968	1.0648809639833896	1.2485904864231232	-0.9660664756419818	-0.13437323916544744	-0.25803887293948236	-0.6104958954954208	0.466511120184706	-0.0038428022676375417	0.607577025540759	-0.05192245270996517	-0.11609871469010596	-0.15612330226850055	0.2000872453247735	-1.9124369627250082	0.8956721261731441	-0.623265488649416	1.309475693416575	-0.6938814906226083	-0.0583639052972963	0.21433169615134698	-0.6836309072263925	-2.5970144122493366	-0.40589427493791785	1.0583574237053464	0.45200464401966256	-0.11801770341046909	1.0397987465959329	0.4704723484033809	-0.13350755254568827	-0.9592614564837264	0.545283317377274	-0.06055891852208676	0.5756120966744795	0.014993324004020646	-0.10090017071861491	-1.168524898869426	-0.5803184316590237	-0.6538552200922993	-1.6757319549567755	0.10711945425660195	0.047362736920109144	0.45066734128392827	-0.31812753854274645	0.3340119277212744	0.8516079548354485	0.0546632844534457	-0.7381311719982782	-0.9371775722122297	0.5217535520929625	-0.3409286092999083	0.6148131607146023	0.420778529225604	0.12409748804063371	0.20279277849171456	-0.5315934453869973	-0.35659367401110953	0.8835740069563279	-0.5975546381897245
DTXSID1025302	2.357012014861552	1.7775801083377307	2.6834811765251003	-0.9380842117342738	-0.5623699087807018	-2.3623424503034514	-0.9100267647059084	-0.13295040122714327	-0.4028184410162964	-1.7398730604013877	-0.9881050540401386	0.5100406415954601	-0.3330103348673735	2.3923128311595057	-0.18254316098172071	-0.5106851530838776	0.914136112390434	-0.2585178796244016	1.531790986064051	-1.0703252939047787	-0.00374337416269389	-0.470003010919209	-0.1507542485403353	0.8654340039779919	-0.5160034556447893	-0.021094511691006002	0.4887456517667286	0.37621738951450595	0.12657629433114292	0.06150905992012136	-0.11150243164557416	-0.32475624091889205	0.5339203134909731	0.2798822727492175	0.03271139038600328	-0.2669710184060595	0.488328302033004	-0.27295624375313904	0.13592103039962558	-0.3579001522614655	-0.1755055723485683	0.3268538885424401	-0.14266517675256452	0.3125913311378116	-0.7741147872528109	-0.12178641450819658	-0.15109965099073022	-0.49991652496787514	-0.19003709035729785	-0.4830613650944785	0.17725910260284897	-0.04626805311886384	-0.1437096732038047	-0.06661802462880188	0.43405891080952674	-0.7120431629736877	0.1555989998682121	0.1904656586139485	0.49362557132036866	-0.3210511531781811	0.030237073789651778	0.6155539244332077	-0.3803572221285028	-1.3921814475490455	-0.26083658094885653	0.04264737529477941	0.27594572561462166	-0.2693824007915526	0.39965478487956296	0.23746313701421465	0.32060517098407176	-0.903668873649666	0.7185804550890039	-0.1202226719167334	-0.2788947174357263	-0.21269233583175434	-0.4379543354958922	-0.8134263281765698	-0.4140011796366146	-0.05902184468527156	-0.37924204555151625	0.3315646405629615	-0.13339234869067526	-0.15353204341164628	-0.043911931481973976	0.09958074970180017	0.28853146270512614	-0.08765571726083923	-0.5565086434538141	0.08645315693411602	-0.4147948490923783	0.06482439142876018	-0.036290013076639184	0.18950241034874446	0.14826007055832097	0.09729876829181401	-0.14121304134428617	0.0005687994562728497	-0.14536741489269076	-0.17952473778428493
DTXSID6023529	-0.3520850710464335	3.029073075849089	0.3652392808226381	1.9606505949187372	0.17854927495038805	-1.1183708008574282	2.1497456940716004	-1.0180240973946468	0.42496706795543	-1.253926511055563	0.5280892144734028	0.22649276169258295	-0.5732065441801697	-0.04045733959629916	0.7003638242002346	0.7354405058489797	-0.3879864567020737	1.0519838136542736	-0.10884493087063991	-0.32692828201383745	-1.1460052480291094	-0.19011395231837658	-0.2364516932274703	-0.2773302141357052	0.9119861678771397	0.06223932616598534	-0.326065607713989	-0.3184295319211369	0.3914377121869868	-0.197134241950123	-0.35468571434228857	-1.1973081726981323	-1.0851630039664657	0.08351911728361808	0.6396616263017209	0.00017363863085716538	0.08648741635059627	0.015703330694879593	-0.5052243634467966	0.09860953588059919	-0.3925128345763155	-0.009913749627697548	-0.41335182822994493	-0.5737643413442198	0.3529511120227719	-0.38970587929480693	-0.5455310526801017	-0.8354337919130966	-0.06629476587475246	-0.2694097521819965	0.11645296234172586	-0.42313640007525466	0.17867432511575465	-0.3797627752292185	-0.48527370374574036	-0.09113866896825595	-0.05340845693461346	0.42597551789729726	0.7044884225046049	0.6373756243591676	-0.457564256322358	0.05810553151269262	0.002398331352430735	0.1346646216358845	0.2460440308769938	0.43567911437861395	-0.5080442758788015	-0.6780601061879937	0.3295458075231377	-0.05216571259366081	0.36582770756155475	-0.5933976610238869	1.1832877961885317	-0.3266132922795468	0.30766546423855556	-0.3337469096759282	0.9104504135895319	1.1141912816301853	1.129874899531688	0.1198085380851799	-1.2342032433209775	-0.42004095496754823	-0.25074269044024067	-0.7331967433820951	-0.18854511539153074	-0.36546633226876357	-0.6404705011131837	-0.5413345458091395	0.34927479735785916	-0.1998197946892755	-0.22262107489521737	0.645191388165239	0.783674438445674	0.029657301874897214	-0.04599205521770493	-0.5825546692558546	-0.2876198599241975	-0.24072117823135156	-0.9080235650999795	-0.4571180753474063
DTXSID6047945	2.977562757777412	-0.21481444211547904	5.302194298314095	-5.911261010991678	-2.245696822432435	-2.41954544546122	0.7389585787996985	0.39361047385708303	0.042264364936643324	1.4912132745853546	-0.42609835805130525	0.029923072801497863	0.21330501189892367	-1.954425797716398	-0.4722829563209453	-0.019502635952269615	-0.9560047464049188	0.14608368243361522	-0.026817375797364457	0.39744492501714634	0.3962134359783586	-0.24659117870294855	-1.3670145372492981	-0.5055450616771581	-0.46801693147588636	-0.27069433085038064	0.3272294394142994	-0.12240302191279932	0.06722850618444898	0.6361994291106958	1.1317645368397462	-1.26939413323472	0.23673706496623662	0.6532005046327546	-0.8524225439858109	1.3455149809781493	-0.9301247182891326	0.28639437891532693	-0.2970205960767083	0.1762350485758671	0.18558521700096006	-0.45729420783107927	-0.008159451682340668	-0.08598539998811101	0.1055656080439152	-0.010377497378130443	0.06883986888870545	0.01519329379411193	0.08595689372589119	-0.3754838577646496	-0.2699193663827219	-0.34627921213788365	-0.2988772949032074	-0.05146022357806353	0.0040721164468367176	0.511363962245376	-0.250251904154567	0.2804323591666227	-0.03908701563416318	-0.01849863373738245	0.15628994171231347	-0.2597067205370393	0.42646348697008946	0.4449232752420342	-0.21826300254091371	-0.23662463126696362	-0.9657917692347028	0.7991768790034655	-0.09080000032434389	-0.16634330362358968	-0.7161602578484253	-0.031852434382210804	-0.38330025634893466	-0.5957874623574901	1.2841700285870825	-0.13811049665671316	0.1727934811305023	0.3586975583615111	0.09481339470609963	-0.9876705671203911	-0.4421230949513455	-0.2991155201187432	-0.8361336702920444	0.24933530547647895	0.5323834479250596	0.9765417289568431	0.6834188325841603	-0.8291012025296444	-0.14210640297637014	-1.086161413622198	-0.8638524053936906	-0.7039352512550929	1.0559500366585344	0.11065756709854775	0.5594211685077072	0.2719408406379911	0.6148037118578393	0.5146055624926469	1.1354741262556822	0.43775087761913284
DTXSID1023572	1.42801341638235	3.463164796308124	-2.8827822896418756	1.2813177945467722	-0.06170636072485473	-0.7767275088903035	-5.9854299274562015	-3.2093550009252136	-2.2998018421842743	-3.1794458215516053	-1.0228400789553955	-1.77660782738956	4.931520260629502	0.22029592104263657	0.48107755495750076	-1.893496746719694	-0.17020379464892213	-0.02501464975921588	0.4084784584607498	1.4715505569648217	0.761675803348877	1.1474332219081227	-0.36679699794901705	0.8097929309202545	0.049179105181430254	-0.46221188444938943	0.4677415686844636	1.3147714723509734	0.047885139946148805	0.480744399173938	-0.8774057474249823	-1.5600650318457292	-0.21271356010416181	-1.2574684632461302	-0.11827593853028423	1.3671938338181475	-1.788625332818999	-0.5918625769008627	-1.0827258574562773	-1.2402692593000404	0.6062415146358787	-0.01654480058084571	1.2586944941850737	-0.6224617794453975	0.6482963995386128	-0.8932576818903296	-0.2989204107006607	0.73145714560368	-0.43056778678546637	0.005422902257764533	0.06975894363314422	0.22137653136995628	0.820383707849548	0.5922785946351454	-0.8007966388564861	1.4128987360980372	-0.3863258862211439	1.2935699603157051	0.8765326327733867	0.7383697906954446	-0.6115348965969827	0.5277687814706585	0.42184381405183907	-0.23956507881557582	0.4564863413065304	0.2009181922298857	0.1549010624350742	-0.7993978718613138	-0.9257866859327197	-0.3277545885818152	-0.49814064461514385	0.5713804293578343	0.526384893711038	-1.467486957511256	-1.4134985806808746	-0.5852021361553595	-0.7661028668549735	-0.25156270102639966	0.9296823418344445	0.13095824795102246	-0.35260807925212867	0.40825091359393023	1.0295664093233514	0.2018244469987663	-0.48850533287111164	-0.47746697189066295	-0.7603691889969477	-0.9292929211467844	0.5091274641478107	0.06016488951527489	0.01734406763765438	0.5575191941875959	0.22165046173734124	0.6281340737082638	0.30589988216279884	-0.40282050050530227	0.3774333284102099	-0.051706427123962714	0.39220559458063065	0.17179125047503557
DTXSID6029331	-2.93137693177104	-1.8464790334996084	4.165803846737745	0.5588095922116165	1.7066795005699047	-0.07036239066571034	0.029031235637507747	-0.7471241760358625	-0.07774743264139615	-0.42085575892670574	0.11754738784456126	-0.24076322205190734	0.12430799305620932	0.3267873976486842	-1.2759811027356789	0.036196065106457495	-0.207065997742514	-0.15766981902328212	-1.2915850755498335	0.6519372575533361	0.28851715322898436	-0.20240316421200366	1.7292408280460727	-0.13869062639143026	-0.03686908414190595	0.8267943422173138	1.685513176369373	-0.39480537057905013	-0.07207831612832745	0.7793814822283283	0.8445797152925557	0.2589712782339735	0.509172556747631	-0.20067144722122174	-0.15049854287153708	-0.08379662847898274	0.50838514940157	0.06156716421482958	0.18011171129996678	-0.026826214605342243	0.37104030276082134	-0.07282954500008404	-0.10764526292421694	-0.9096476443685179	0.17702221812893945	-0.18193492174161766	-0.09619648557304812	0.4946721897203404	-0.14195549411146272	0.2313060671924095	0.05834102504710216	0.3618722244069375	0.09755007671604604	0.19997773197401378	0.5108158415616325	-0.28650107350454873	1.0027183296311948	-0.11078132949661572	0.14829233822096746	0.19336111145839632	0.06808172909295215	-0.3503293677001988	-0.671943146001086	-0.3278227296062807	-0.14039766026135256	0.6817607794348721	1.382714208165913	-0.752316369883239	0.18194455883545455	-0.32237980606912847	-0.2649128665125652	-0.31706308001180455	-0.2987118545973644	-0.14919748189847265	0.08766992917727927	-0.13373671616368474	-0.031780347545197415	0.1034644012535609	-0.01353291520643368	0.006743921754931218	-0.6474873227141913	0.285777837027814	-0.2798365531516871	0.22734800385092305	0.1035190666052631	-0.1369912742560269	0.4076190869273733	0.5481553945224106	0.617149683358851	-0.26032529194751464	0.1633570784618339	0.016770845521715746	-0.3939433349702013	0.1447099417614987	0.04647520903674504	0.5138429523542726	-0.20458463049279824	-0.34958821919481675	-0.2516130620077885	0.3654982831839655
DTXSID4044874	-0.14385481225342145	-1.509594084804609	2.198847538852492	-3.336412544589162	-0.3088521959624406	-1.0900642799347076	-0.07404353374753632	-0.12451751212907408	0.3612485447064051	-0.019051562709684448	-0.6990572963017283	-0.18228434074681224	-0.298203624915226	0.6382731705291439	-0.02482478663686388	0.6033772827922993	0.3118875258476544	1.016571818492989	-0.5828619212073961	-0.4408710380437389	0.004497206031063603	0.04913986400107366	-1.6477732238255567	-1.1972745698314642	1.3665151060215415	-0.02098305584618715	-1.2841739996462713	-1.477799776856665	0.06220140562070958	-0.15937507101218398	-1.1591559659332153	0.18787284869298032	-0.79845868358465	0.5212401720567764	0.22882195741638658	0.9340662228413623	0.7774325141479754	-0.3134413345122228	-0.9261633257691188	0.12648366774052872	0.13154540381043167	-0.41212152144394676	-0.11859593091091006	-0.5477265788526622	0.16329267813754564	-0.0646729001536826	-0.9688694780141798	-0.40233101360969553	0.2625383385884345	-0.05629961129108491	0.10051727579559405	-0.8293160640332325	0.3466500367282096	-0.16777264217964769	-0.15155405333066688	0.2821423907251171	-0.16185527338995134	0.3321606946605401	0.9607064476636972	0.5281238712060541	-0.45696398308783437	0.5951404262476775	0.36185865796092376	0.833908992078104	-0.2754339461200311	-0.07401036224506921	-0.5544233576902577	-0.25864852788193066	0.15706593687806938	0.9953978536105833	0.8117084415414382	-0.1968031828571184	0.881386722914201	1.024769656386585	1.1698335154073605	-0.3341458263382405	0.1715224432366052	0.010506858546148391	0.7937339429993615	-1.1153125851152235	0.04718061944950953	-0.9987636648207916	0.476870941480998	-0.49842690663397904	0.4086577837678731	0.23322537927886372	-0.565772854843744	-1.7976175942732442	0.3252461757417377	0.20880065799183142	-0.5393345387015096	-0.9186828603566496	-0.28560718731951157	0.05578250831334969	0.26524073191975717	0.8198987302010188	-0.7739996831183352	-1.0711941484726255	-0.5224690303640782	1.4561291930009728
DTXSID5021128	-4.04977554624922	0.8542910262477835	-0.21779282965940355	0.9463991785453627	-0.7938116935986909	-0.4641667079223028	0.09508527723688016	-0.2889416894065104	0.7937077774081778	-0.4312920784508194	0.7499442146009102	0.5887430559419526	-0.6112324996998845	0.3659451854964806	1.0114239318926406	1.310902390394785	-0.5983650745686901	0.1337765843382169	-0.7809617161154966	-0.2461091407971785	-1.0954579921779033	0.040301825503187276	-0.23342288924912188	-0.24108078271776762	-0.3997956161028103	0.4244887835808452	0.1464257626277288	0.5151635823396197	0.2739426948824105	-0.4092890435003378	-0.28671329369341186	0.2120837897728843	-0.9280230851510333	-0.2958129039658124	0.0037763258670018666	-0.107770454716277	-0.1793365543969615	-0.7609962932387523	-0.2433807068932	0.5354939958291437	-0.43452467370807085	-0.0015828464335688897	-0.3472321768754439	0.1373613082409924	-0.17216793079005735	-0.22710324363893386	0.195872165399182	-0.502678369747724	-0.2787107553590089	-0.17207249733617447	0.05404826595141098	-0.1498583483395538	0.07405714261798468	-0.17062459103537028	-0.09222664612909855	-0.6412402374945052	-0.2940359960165303	0.12214399858157496	0.06675551744625105	-0.1365322665279643	0.3290089249008537	-0.17114302121956512	-0.383930001053564	0.7230528708071581	0.13865837845542237	0.7094658124149604	0.11696234481280034	-0.4864618202073852	-0.1209865854895273	-0.43412438765574984	-0.11305213672751749	-0.23311139617731894	0.552697803642363	0.19862854473692737	-0.0693099772283734	0.43069805668889305	-0.1594469728271449	0.2860458037224671	0.10085908162143316	0.04393387924906013	0.382878643202911	-0.05336566668820796	-0.18521249052543495	-0.7534123361134127	-0.06254543450095594	-0.1662884807690591	-0.21990688212574094	-0.23979229468356	-0.24354798583900789	-0.6817335951790157	-0.7454653567460503	-0.2876869932522633	-0.24925554932949678	-0.6771984439285458	0.3519613993564427	-1.3051639800772874	-0.01428964500635493	0.3532328253190154	-0.2177556360904423	-0.6349229837990306
DTXSID5026122	-4.678492380804428	-2.340615761520673	0.7193826030111162	-1.2461560256813322	-1.978232108177308	-2.204777751868204	0.6857422809481489	1.3264901815839003	1.0967898973741426	0.19077068691984245	0.5461947527068648	0.19771667785063138	-0.49440331133498966	1.2787188461694412	3.648117612720416	2.6254633607544866	-4.087912962264713	1.0713388422177506	-1.3513977494761316	-0.29376718721469747	-0.9530487759262734	0.21226322517511095	-1.68730381588638	-1.0359923852531037	-0.701746140664083	-0.5679996908761203	0.24414991647870465	1.1585106000003649	-0.44668808441570473	-1.8395500399633524	-1.1075365259329	0.4929747575263077	1.759675348318573	1.042220924279967	-0.7254814470816611	-2.363626844115664	-2.867161732515053	-0.6356642177851309	-0.8500289302884908	2.2511520695679983	0.517223958615732	0.7554918508731575	0.8363609201420841	-2.093493296820765	0.851328910978154	0.94713757185525	-0.5958157836384956	1.1280624941865127	0.6053666152381056	-0.5998653989708298	-0.464379433831001	-0.8834014975270751	0.5053442961037359	0.3499691471023713	0.5568535686027964	0.97534361003834	0.258230575431621	2.6604294794768877	-0.8730151679148046	-0.4303817685342862	0.028809110845888476	-1.9986428487622336	-0.8163004824140285	0.10274041372501785	0.9374247410635022	0.5102999211649074	-0.8356770573886753	-2.0851029609261222	-0.5682080227695674	-0.5829339622276224	3.2760764949210524	2.4974458202291245	-2.0754635232858605	-2.1209871709896118	0.5208343113917878	-1.1273368331798632	0.20094447285284234	-1.291667083365902	-0.8332484684505144	1.2125963413893377	1.0009195824756796	0.3872503147495675	-0.1596575610628002	0.20936211224111145	0.6177716326656668	0.7488840798883322	-0.17503304076157722	-0.6656601560193749	0.1825244464740961	0.22470077441935657	0.584413710222419	0.19751718259184603	-0.9445412655672406	-0.1584623973246719	-0.002961381480527785	0.3774682950528894	-0.2202453457065449	0.06656410230803868	-0.26395145278839477	-0.10310952253173428
DTXSID2046173	7.30196408942497	3.468336773180513	1.4762407757764235	3.257135115582311	3.2401281598963543	-2.874649119293392	0.8198680488934099	4.443327989157333	6.925542829813624	-1.2839326450184647	-1.5636427169745053	-0.8113731649391546	-0.33461587165393747	-2.5550295069518865	5.204434817586731	-0.7750615205989516	-2.686217621877916	-0.9310226972587303	0.11060594370214502	6.1371186996108555	3.1094541738697075	-0.8152200493048598	2.143100900827411	1.0439427070666534	-0.6456084906434327	1.4758201269255002	-2.952817002638194	-3.264689464571553	-1.7017057332463454	-0.5946194883883031	-1.404724644851646	-0.36285972986255954	-2.4626724022103272	-0.9009429513838131	1.4917033000936393	0.4305922696926292	4.176568813966858	-0.11395002720081672	-0.9132604958478123	-1.7670498931774539	0.9509903427923123	1.988867465377454	-0.6101906955853769	1.9238257465700914	0.10408462773023551	-0.4785976264726632	0.5720085824429876	-1.837225331848772	-0.36576795209668006	-0.18170863918653413	0.4362283783437809	0.46174813515949265	-0.682403611830293	-0.024318671905661893	-0.28769633907363074	-2.778928788205346	-0.3952827469467209	0.581546352935041	-0.8244876551893889	2.1119919805014304	-0.2964707715909138	4.601421352887749	-2.203671499024509	0.7705010350824496	-1.4536287068966238	-0.7398203109700251	1.1194158841504922	1.9463697556009465	1.1574580918700048	-2.4073217191950227	2.718787946470541	0.5888315195802547	0.8491117053369136	-2.5409872716154416	-0.1649819305561468	-1.4680578087024265	-0.9537909981866376	-0.557755852067259	-2.089627662087359	1.6498479067075613	2.191769566591207	-1.9958743382510673	-1.0423667208057512	2.88478034986299	0.3032239396881262	-2.342571987361205	-0.7000583490779752	0.7355868489378621	0.08568780307405284	-1.218377843756103	-0.6485274400471053	-0.5365125369033138	0.816484852949343	1.1107246963545787	0.2821307937190649	-0.9028293857187296	0.5762359084259316	0.020577225683835118	-0.9491109237350533	-0.004707836601795517
DTXSID1029122	-0.2732443936302654	3.477612847104954	-0.2532243962285134	0.19617478648087583	1.0341967194492037	-0.7224525135431119	-3.799593098182688	0.2107937859312474	0.6592927965448286	-3.0671926447784896	0.734397420726442	-0.49342212755139	-1.8259651511437618	1.4533642669903988	-2.5697387672741745	0.3533912748789565	0.48469345529979374	-0.9249673372729651	0.16402485136853476	0.660819694045081	1.0321956095878444	0.25495622146508207	-1.408305293003649	0.008164012118346097	-0.2320863948131435	-0.7131772083887054	-1.4111034510004208	0.3388728748495378	0.3381724339324857	-0.7359987471843679	-0.2576386061806431	0.05337537511034094	-0.3317367663031327	-0.5320727077069144	-0.8760521638445576	0.7159131753408601	-0.5490802471711749	-0.2684008182331357	-0.7135289992233542	-0.013317055420782544	0.49976060245145704	-0.3548830142197206	-0.49412763177400465	0.4250430800248563	-0.4965751317929707	0.5296661984632313	0.3331040908640631	0.14973153362779396	-0.26793799015395464	0.061876012626126645	-0.5948040335007854	-0.24639857956633643	-0.36400919947725363	-0.31540214557016477	-0.22469675920415064	0.3259596393840123	-0.9899517069185804	0.4213360425408069	-1.5465170623157296	-0.776448975269007	-0.720922626941384	-0.00799899442070279	1.304625587733487	1.3668939782322733	-0.642589835863471	-1.9380614834318426	-0.4799943700960514	0.15291918815263716	-0.8460777035052421	-1.2347395517765796	0.5041429406464937	0.03617850395525431	0.1284194121048521	0.1390935657906984	-1.1116120424989697	-0.5642261777299967	0.3639105585779321	-1.4268551892270003	0.16103337487414265	-0.09165658430929277	-0.02423769504266257	0.05289824830565416	-0.5181424074286739	-0.7272911974164945	0.08477200191547943	0.751794888404592	0.7854944102707878	0.20731252155430738	0.48838902565408904	-0.14021819320276538	-0.18058419716638668	-0.17961718886458966	-0.03881105185074075	0.12727830067601575	0.23818573878315707	0.3714606073215875	-0.5776522006899059	0.22741330365743367	-0.0031272838864758474	0.021788089345085714
DTXSID5051525	-1.285767389147906	-1.2418508223938203	2.0402854276897258	-2.3280331537399492	-1.3990822756465344	1.2674426738110038	1.0826862398005086	1.3560902052104442	-0.5725187870786135	0.898507488814867	-1.0976047910693678	0.1816833223526387	0.27786152885969123	-1.2110661691880376	0.22429551333135864	0.24645140247948621	0.4578494245712911	1.4517514894335233	-2.0001015138910274	-0.4993268945180498	1.5610545649891379	-1.058402029911415	-1.285743702136292	-1.5704275264397163	1.6640708446103731	-2.3626161384320365	-1.4570293601693851	-3.4473145249556487	-0.1947260748657653	-0.12249175405162256	0.3657295870902553	-0.4852635835469886	0.6655771677794612	0.9062725497350922	-2.591785671533433	-0.18872553563088135	0.35288625739022156	-0.17851830098525534	0.18535130903480534	-0.8113994748263814	-1.0315725629160923	-0.16747027675663576	-1.3471303989420422	-1.9657291448928127	0.8517919181337976	0.47317226080933555	-1.2341249234330078	0.9719826465930846	-0.29666875923726316	0.40458427089180005	-0.38936842228808494	-0.16855758794622713	-0.9086783533310038	0.100533700939544	0.20140556155516176	0.11664724489886752	1.3974857857749392	-0.7320798255671869	0.9008133924861778	2.165059141131812	1.4603589730888822	0.323672966762097	1.6533280583644772	0.09880307947944811	0.07616660715432205	1.056072145573834	-1.5672944316884656	-0.6291923214878776	2.2776168326051605	0.5620069941935273	0.140903457970029	1.6283257412521794	0.26549150265893345	-0.13532071097231121	-0.3405517453632556	-0.25655818561319116	0.03540127063314524	-0.5724238714308205	1.0320996372058784	-0.5443599615681907	0.9113839361102772	0.5083808605556032	1.8351584719891887	1.224416403309963	-2.160842646688449	-1.1514865767594809	1.867885789240761	0.22610686640945205	-1.158649711837863	-0.17904182433068452	-1.0346235629118112	-0.7264756980965431	-1.1854795190416891	-1.221090641725176	1.371532568357185	-0.42757873751752484	0.5738578316446916	0.5951140262720748	-1.1859314165049872	-0.26480313979600495
DTXSID2026448	-3.149285962885381	-4.7792830609496315	-0.9880080737947856	-0.6232456145316516	-2.3152798668310113	-0.909262156518242	-1.3879379297265872	-0.2238646836664772	-0.06486395628138021	1.1647402913563756	0.2511809558978949	0.16591484644441715	0.36922545755119224	-0.12344070212436756	-0.34662617062246204	1.3330173564904002	-0.7184829840786787	0.9710660635884107	-0.8104614734263742	-0.4998465311769936	0.03211129156406766	-0.4511781547723705	-1.6933323556366169	-0.3915078285533425	-1.4109770916039428	0.11766801002628387	-0.30853816018040375	0.5727400553296224	0.4452755903061608	-0.8887473796326292	0.19205626868162784	0.2244639152261478	-0.6314461794767742	-0.4735714487142996	0.46468866823844013	0.7591776960341189	-0.1497231633347164	0.7713755059197199	0.259702290813236	-0.21756245499709403	-0.019360003994011842	-0.06122400840998753	0.28585355745962887	0.40009043852901166	0.1130112604628921	0.3542595304988587	0.037123214180849934	-0.3507348956699912	0.11500448050451824	0.0025184577961183826	0.005890574421985237	-0.03973072253280411	-0.06851273107428357	-0.07539729228955987	-0.3060304063891235	-0.10491847695978958	-0.17565643903252093	-0.2224006362260713	-0.12417471271555651	0.5192453055782306	-0.4424689190910046	-0.21193297985934637	0.32866063900303744	0.4231153479532879	-0.6876600668173024	0.05081148489851833	0.653890157614059	0.451045150567171	0.13602552049948272	-0.05557238134906415	-0.17135795024763614	-0.019188042809493384	-0.2133599573850327	0.26381916299391056	0.7171502076774718	0.0168268966621497	0.03938433195376409	0.36070911587686305	-0.1622753631050505	0.31487573484956016	0.0388507539822251	0.46764761063617727	-0.037837242492818425	0.12358133948713936	0.3718766266084233	0.5180580551229226	0.512927792826092	-0.4215679870665064	-0.49018784581852026	-0.5724375311380366	0.055721311048520364	0.35443519545203667	0.7258343144785481	0.11238780196491384	-0.25409933439605964	-0.26980051160821816	-0.3820852405016116	-0.15809244757966276	-0.35627666392229795	0.14776184508203852
DTXSID4027577	-3.3171241736496335	-5.090794673027872	-1.9922043719326386	-0.2994593814752886	-0.05095965329109329	-0.861013895373773	-2.328648966587636	-0.3636177898400421	-1.403356258875801	0.280532843543837	2.9044203636346753	-0.6631161815128582	1.8491388076158632	-0.4317639295310133	0.9686594800312901	-0.16601872782417396	0.39710075212703483	1.0217352273285463	-0.4512606709035977	-0.3468238653128774	0.14038250818312642	-0.22296195454273451	-0.7656541766422903	-0.2564075169803353	-0.8304246653911838	0.3361567139072921	-0.1621236434822039	0.5051337440802306	-0.16685469214274143	-0.236195985476276	-0.0040340681228871475	0.5829726801583629	-0.021520964255285536	0.13893710393985462	0.4268384203307439	-0.2479752922078658	0.3627293238542121	0.23928424231659093	0.6192658624201794	-0.023932424796897493	-0.4572998926544744	0.11709788151354861	-0.4185998987163735	0.24453335566419684	0.015421175264307136	0.08812477000602251	0.4252177203885543	-0.6385574248965625	0.020891826290327768	-0.07474586998404559	0.01781694269608949	-0.16879604701673148	-0.08373418360708275	-0.24261934941084973	-0.087317805620817	-0.26263332556701696	0.19239732715363736	-0.8544055385661363	-0.3128897659156027	0.5163219456024101	-0.21224319096877434	-0.42690484460890865	0.33531501510145956	0.3013615917086377	-0.41479825781799917	0.27766866730677714	0.02309666427936341	0.20422097968259342	-0.015017445706765399	-0.28985738984168025	-0.029056548935788268	0.33975719321427555	-0.2552120124058933	0.014914360154810744	-0.25105511802361613	-0.24200223230568935	-0.46042392302283563	0.10200251464057204	-0.1266847249309735	-0.12296991230702002	-0.2139742090202259	0.46059793834877155	-0.2518989328439594	0.0861737129777175	0.6569093541675877	0.32042799784216686	0.12994735507066685	-0.27213664748865507	-0.3626650808574647	-0.09172124514324152	-0.08299646597687096	-0.15649758013077278	0.17120745686406597	0.26972432795967327	-0.11635963867473834	-0.24948139860829982	-0.15874285827729692	-0.1337424669165108	-0.19822420018649917	0.010804858942899362
DTXSID3047423	-0.9832973314710575	-0.00044559690065689496	-1.9020027992466897	0.12366483581017206	2.8486827076788823	1.0062297213940745	-1.534664673325269	-0.5907228603487027	-1.664504453629461	-0.7922962662978391	-0.25776242440945296	7.483528084517251	-0.9687706541656734	-0.6451993895133775	0.09190877584667045	-1.38693628273315	-1.013398684793257	-0.8531329951133229	1.1319983086786696	-0.6154644766811639	-0.30721067187233586	0.07714957622931243	1.1182345103357558	0.30716684721956455	-0.31916724091395104	0.026923876400971766	0.5582950116140128	0.3712235491243415	0.0030693062086959645	0.1353216040482568	-0.8910498351819527	-0.6757833925291841	0.8112420450838833	0.022295046325521324	0.33633582973859877	-0.9383435855844172	0.8191977463177943	-0.22034484030569917	-0.07913384554101563	-0.4249974137228633	0.4623405721277751	0.00317469445956688	0.059414558044317695	0.3139622011543508	-0.8433294299813788	-0.04056436884705641	0.31886388398550436	-0.1907447500774882	-0.00010062328745545831	0.06760281497428519	0.09538506039415581	0.03580017185213515	0.2254269608493023	0.10659769013854269	0.08386500166297453	-0.074988396584538	0.24649788287091476	-0.010499205645282724	0.06661838300193784	-0.2724438209407586	-0.15541903269404836	0.08790370206814817	-0.17066703329055163	0.1984836611081379	-0.15531386919464407	0.24264493974734155	0.26255294908473514	-0.18248407238234207	-0.9873616265348915	0.31003438216813034	0.2371272665716481	-0.49468391010191987	-0.28144017649527386	-0.3976805918608523	-0.9584093930966018	0.9056487406442997	-1.1855694840129403	0.5001243688381561	0.4525651235904581	-1.4630439387978298	0.46744880131772787	-0.16341018102182364	1.1114199661293163	0.9787266113880534	-0.445834068728101	0.005433126498184511	1.0199211727131412	-1.0771875816524483	0.6663075118362193	1.0196145593783117	0.027959757252160114	0.3880459645335579	-0.10884814576180253	-0.25091070613905286	-0.479265136582248	-1.2007924464954014	-0.3842281808709434	-0.26205592483908247	-0.47127931861346967	0.10280827310512629
DTXSID0047086	-3.962674416650356	-1.7733683913339935	3.155260676119105	-1.430620451930126	0.650843324947648	-1.5546807040689585	-0.5141522776411424	-0.8898146087359076	0.3057027745969611	-0.7096922896443644	-0.10588400457965978	0.2525947876727491	0.8037829209894097	-0.6209965739784848	-1.6730390948748	-0.3649058535837033	0.41260222850349115	-0.8174404224831908	-0.37553983345598	-0.30240543131788067	-0.2716520978617893	-0.1344530130881553	2.4141102178163476	0.1679519650148028	-0.5928621164270941	0.19034102458838636	0.485353467460187	0.4171273553089089	-0.010704292599008644	0.1095733021589387	0.5836742776706717	0.18404599444435513	0.4949401657046338	-0.33630213786073415	-0.678894052001265	-0.8663601422849945	1.8572127313682583	-1.5515852422296492	0.4390752976358441	0.31884397566199224	-1.5174401645252071	0.4496895168950356	0.5622190094374415	1.995128669689804	2.597282873884524	-0.4830566342047708	-1.9742393802401283	1.3389850181469245	1.0532238261815738	-0.8254034975709877	-0.18228721342137197	1.039238596665961	-1.4018973212877595	0.0994319937612236	-0.006342340611513706	-0.359237861239383	-1.7412257106568325	1.0008905382732962	0.3381585721382596	-0.26869738763875967	-0.49745809163318827	-0.4690375077304246	0.037348472427061005	0.058219092139179196	0.8923846950966727	0.4695540510508002	-0.7439672859671056	0.4716840032166631	-0.07276216461212406	-0.4629766682018491	-0.15342016143610307	0.38266005178001566	-0.45862370908089867	0.04898247229510802	0.49418666113780485	0.22184991933241957	0.1427728570739951	-0.05893164621615683	0.10221823173475302	-0.3850876339036358	-0.48975637736608946	0.46894986118839793	-0.37286444685843906	0.36295948799989347	0.125496950155876	-0.036565801805298094	-0.10390215107644768	-0.04453452867596261	0.28436389382646265	-0.15548466457717053	0.0024798496959416634	-0.5755717547551539	-0.21862525148353093	-0.19040332274025845	-0.011074555660605343	0.02647385363010133	0.16064938058344824	0.16448422820147157	0.16101607968100987	0.04804929279004174
DTXSID5046273	2.9282762724119102	1.2154624106137826	-0.4439468932196333	0.2784227654500694	4.589600655515046	-0.6544725484097971	0.983089828147548	1.149777189503038	3.9081681349861785	1.304870859960735	-2.4270205492793906	-1.57507293787502	1.390343092967079	-2.3388483683662185	0.2734784584363307	-1.0858194634732656	2.6781386057904406	1.5389141114583038	-0.608487656830542	-1.7446492771763986	1.5979092522009564	-1.4681673695270012	-1.2795730586461205	1.3166685510612635	0.74704562325056	-0.19387101795768838	0.3203233297320406	1.4070974109958527	0.5009298829902967	-0.17689400617348336	-0.5829580062391637	-0.5396422644460066	-0.26625181164936806	-0.5621835649358796	0.2295012482414388	-0.20518010406824028	-1.5891666185740578	0.17722450904945605	0.06083000403625655	-0.28788422141830006	0.4038118306647573	-0.6210648364812845	0.13150472083324072	-0.6087057824220388	-0.2798549311881165	0.4317920146089953	-0.23612972112613076	1.091594407425034	0.2693987578301245	-0.07489391443403035	-0.2351759899740407	0.28749934113514003	0.6226102605026339	0.032455849774933834	1.0811214224006402	-1.4480728367757796	-0.3018471193560073	-0.6296400167903543	0.8172312434754302	-1.4212035242791354	-0.810785569343792	-2.615388663116832	-0.6292466369770001	0.31795882511014245	-0.05124354819101537	-1.3756351385156769	0.9167413818389518	1.0722358521838034	0.17324616716744637	-0.8244151948719393	1.6817969012999863	-1.4987060444256943	0.39120074985181613	0.0895023508314574	-0.28135954026937343	-0.47773018350088764	1.1580284053728422	-0.6482269291255621	0.4058743101208292	-1.187500927411994	-0.9196881639413168	0.9681403954076527	-0.653500402322161	0.3215711440758563	-0.19030166422218983	0.051901928653850155	-0.7099507484676387	0.33720194058076997	1.180849579843321	-0.4139729978193396	-0.1507084667750176	0.39088541302974517	1.123981554063401	-1.2317375782451143	-0.7277601968882749	1.1035959632572319	0.2036696762592172	0.09289840166823761	-0.6019788537035619	0.03661476718378975
DTXSID1020930	-2.5717098454219594	-0.7777648652524313	0.8904191274138604	2.406927553130223	-0.3299368712452336	-1.1633027155163411	3.934756113103128	-0.25761160192112775	1.1135274319062907	-1.8898238882973026	0.5083641662352338	0.41355143713732573	-0.021599941303071926	-0.1790988778255243	2.5621130051633236	-0.8990644998615528	-1.622272795592019	-0.5260377736032668	-0.8158751143832804	3.0305842575414585	0.3637952663538868	-0.8145056140373906	2.2425164571918312	0.5786043583052409	0.17890267705106144	-1.34555993167068	-0.6277750033517644	0.05601852335616941	-0.418617832424669	-0.7133863097519348	1.698365840478156	-1.3314272486294592	-0.8866462742731116	-0.21459939797216934	-0.045963833967759396	-0.7328685448105032	0.5890384194035237	-0.11647829478039981	-1.1588171291398102	-0.21807879012619394	0.5337533305260441	0.18546895452189646	-0.058530130410153564	1.0093194301745692	-0.5896597514536146	-0.2938403019602984	0.725597807874999	-0.8189735742965433	0.1858141599913244	0.2448261809819205	0.25883217287054683	-0.2054644790597626	-0.28399736281724663	-0.4637163177470578	-0.2159007254966904	-1.3379688374604057	0.10797292652276745	-0.6429580690735666	0.06239837730736511	-0.5758255856420648	0.3412712908786832	0.2402794696905737	-0.43973103086550325	-0.33100982880488694	-0.2443367427735052	0.5512978132417923	0.017803242203926675	-0.10124572011143997	0.031646178117422	-0.8142104992867244	-0.4980397378898498	0.039898508356287415	-0.30113728430661857	0.1606033723911823	-0.21292629371758454	0.39457279928686145	-1.0711676381962387	1.0904318647580398	2.0066409163795127	0.38202832207123827	-0.12852050473066914	0.6319872959426418	0.0369583966905322	0.30683111254876205	-0.5891127036086924	3.655607914676553	-1.5002177240927252	0.31052008147855115	-0.7047695807151623	0.14043076956250006	-1.014263259039168	0.8285202847440418	-0.8650899169382517	-1.024447405143015	0.3646880285218624	0.45653885850362647	0.44363167530525566	-0.39560346784004957	0.05352316587976131	0.25935849789583526
DTXSID5059828	3.895423115987205	-1.1903758827629134	-5.360537829531348	-14.31334908724614	2.8995481476829865	13.720437896919856	1.3975878511629223	-4.500769628332033	9.41320896065406	-0.135531187148298	4.314826171011605	-0.6939285444544523	4.078396021176736	6.680279356581739	0.08743265392058254	2.884360227414848	-3.7799577635373525	-0.6966461480377608	3.0538902327052613	-1.0266361896598803	-3.0535742090385476	1.6117831549051589	1.8764975179950596	-0.7703991088105113	0.10265871907609493	-0.40425960243059156	-0.8332557207990028	-0.705055085605898	0.6356843886734586	-0.058831904462609254	0.5932409160535407	-1.457257859346213	-0.5475654433168088	0.24649724375598667	-0.30333204910934275	0.23405120189094453	0.3506009451480148	0.11820590497007095	0.3499307476394974	0.6269147750244776	0.41603938897128456	0.0182058628928176	-0.296230764888039	0.6094644461481835	-0.3275807647185924	0.7684077298391268	-0.4867855887221084	0.4054226079408862	-0.36656931486432326	0.5475127425836119	0.11556328652062364	0.2295092102729846	-0.2959094881558683	0.39204765185244506	0.5924624724566463	0.24597882095174786	0.5678620796131112	1.0589455570841741	-1.0903966952921949	0.21985917392004878	0.026673325376882252	0.7565775750104473	-0.813781180995706	-0.6777960805021513	-0.13066494317903543	-0.30885059346329385	0.49213656436750497	-0.09733889619132129	-0.9408122986462188	-0.48681466089909586	-1.1754626908621175	0.12543494511957826	-0.4231525598996877	0.4809348081601499	0.74420475988954	-0.28894220721479685	-0.46855661654501934	-0.408394681382251	0.12878222807910655	-0.32405719850661907	0.1476781806661945	-0.4466617741382147	0.38288643710898895	-0.582021650444409	-0.7058201416658114	0.11865222180934472	-0.25781100184550476	-1.036891517502208	0.0937400573401862	-0.4782432048052051	0.14984583432690896	0.6236553626731931	0.2164057782526315	-0.6316209262447646	0.2620629973916019	-0.5776959086381572	-0.07412724531820032	0.08587741305034588	-0.08333357944057758	-0.21459425312421326
DTXSID0046276	3.4051020795414995	2.3354915162003533	-2.177094497070434	-0.2616564622045508	0.3547803583230607	-0.6078914333749161	3.6386111801629673	-0.45634187302452744	-0.559590738189003	-0.3851102974911608	-1.541005738220221	0.6483348316389963	-0.12088859762560451	0.8195159110963152	0.5067695723897855	-1.3144708092490238	1.6313247993016229	1.2650089167678111	-0.8689840251399877	-0.7440467575814658	1.633166593243774	-0.9661599470123149	-1.9640377599250438	0.5862012753283785	1.235820188901457	0.3100932512950628	1.578780802464991	1.315472725762896	0.10788729124855247	0.32919674619701844	0.14876299667829435	-0.6684457983263282	1.4259408111300622	0.030187117922894215	0.4512744026781508	0.008746950094604522	-0.29305833349626387	-1.2810291400042613	-0.05656943439128637	-0.35135460660552925	0.9792983398836791	1.4828911788858703	-0.5382399630785447	-0.03925483859461347	-0.5486614006156095	-0.023922588960162444	-1.0529937853336333	-0.5588645514379492	-0.4577786225582845	-1.3907962197572357	-0.09127476881169665	-0.5834058772845877	-0.1396093728768983	0.6520429415927105	-0.14844449106358015	-1.46187618354089	0.49032768564198526	0.3014567593821169	0.4491280286473716	-0.6737792730178542	-1.0658458404616122	0.3102624594223985	-0.3904699187944507	-0.4380066040056399	-0.3397324990690199	-0.024086269657373423	-0.3743453746492748	0.30175297450171007	0.568040648183591	-0.9870227745939756	0.18759539984550735	-0.2334660020967653	0.200881175695959	-0.3879486437684202	-0.45770336409876844	0.33230056902529553	0.6247929729634923	1.5159578511935774	0.4940386377894816	-0.41155342624026164	-1.1556627412430192	-0.1318301469975812	-1.0866508362613385	0.1583894039360949	0.4868316833182047	-0.4557467239087869	0.011589643006497093	0.37615109457838386	-0.7358694792497613	0.6971003461946159	0.09616119887869384	0.561155834476537	0.2748843917624118	-0.3995875172550908	-0.9594479983959757	-0.10971185176389542	0.4907326756517141	0.2006791298186245	-0.03394474248366641	-0.3267497103361051
DTXSID6049278	-3.8372256536328884	0.019512814937992385	-1.8673481761476325	0.5951183444940342	1.9635668310471823	2.348116492986607	-0.7486176021332489	-1.1464513467002015	-0.3100840567461826	0.10969017653989625	0.6415319807250051	7.096636882187959	-0.7828808061073812	-1.68766105930833	0.7637188503766051	-1.2463780982569006	-0.47573887051294095	-0.10861208279148969	0.361671311496279	-0.9929113971428893	-0.05948253277972585	-0.09932223139654549	0.6075155994163158	0.7204412044777277	-0.37243119578769307	-0.24452477857288907	0.6030186662918041	-0.6536471502287647	0.22821543481799184	-0.10316282925765316	-0.8236857586629016	-0.17630418863723296	-0.010285483556236237	-0.3691930925494734	-0.48814001922659483	-0.4031952903262781	0.24454253482821023	0.36925680676756445	0.17687716913959955	-0.09403182321794501	-0.04866285107212912	0.09172800532774263	0.16040672423514732	0.0223878168265942	-0.2875292627356811	0.0344972871603977	-0.07569377723808594	0.21196584965434068	0.15923784995407175	0.47232988371112844	-0.020468684736366462	0.3417312226745893	0.034097390122993704	-0.03333455573690204	0.1185306699898856	-0.3596126552638691	0.3512958131124031	-0.2607018856550358	0.05042803778899402	0.1880878789747217	0.2274850378699267	-0.37701536044580325	-0.26176000058355003	0.030533578609969622	-0.07651750052730351	0.13211143929413788	0.6234616536523401	-0.45723147264824165	0.029336365573100164	0.0004500880989438152	0.3821539994754567	-0.3354901330880337	-0.16675638122146316	0.19590694070267017	-0.46404487809662254	0.31658185520859083	0.5339883052048888	-0.7522924527717987	-0.4959790967269079	-0.43670044286785004	-0.3643905939551793	-0.2713827230507606	0.19495683644681572	0.6457559245418516	-0.4885361934001447	0.34229349302770756	0.836380516891864	-0.22106211831870837	0.8070506563979268	0.7670195928569501	-0.8646500682394176	0.42409211330956975	-0.3371108704480913	0.8551069099153019	0.06363803343267461	-0.5928697191958725	0.18073099971314652	0.24724130210149012	-0.03773895698552923	-0.7212080581930691
DTXSID5045091	8.955531125548513	8.5167335637868	2.831614633161297	-0.7235555897302812	-3.514584724564166	-0.6251674947969523	1.78037107206583	3.8934566549462355	1.6212484197817987	0.23620947824832544	1.597966993365479	0.9369698207337828	-1.1856917520122303	-2.185558886575824	2.987276186481752	1.2447725372797243	-2.1570983630301264	-0.30307988717366097	-1.0291169128779807	-0.8609369249344083	-1.4845787811517615	1.1831727521340143	2.898852457717187	-2.237243376885731	1.8703271778888808	1.776049416222714	2.0986280578077916	-0.7760905706097664	0.2110859142380108	-2.856831058733742	-0.7615073910693518	1.0413920951207238	1.7780547004663565	-3.6303927256947017	-1.3471377701750915	-0.8227006634121254	0.4233099501799409	-0.8063244704451773	4.279894978678274	-0.8149919268557141	1.2535127125247039	-2.181377406657801	-0.14111665616586289	0.3522692908426014	-1.6378090398564287	-2.0240423842528172	-1.8963743986435715	0.09729517031035388	-0.4866911929875295	-0.7100201066760835	-0.045548064327940764	-1.4970243427008194	0.1769379521969644	0.6880185571786069	-1.6651602313896927	2.954099233824953	1.5251092704049332	2.427569566026386	-0.2729994708228364	-1.5062796593587704	4.178301359686474	0.7758385508524505	4.184949352234692	-1.387483374049412	-2.5668826288531443	0.5461709841358864	0.34368828663122974	3.096801444471631	-0.7284291443163865	-1.226153245883637	-0.49789260082920184	-2.6651618134161086	2.2398789311607232	-0.9606639482829168	-2.1301348092834997	1.146293168235594	0.7401370518275449	-0.12614841270555863	1.1063673667367937	-0.6228975126158159	0.5870886391648829	-0.19543978746779964	-0.590125686590823	0.5567046504725822	0.32999271686816445	-0.23017036312662434	-0.6790476155170343	0.40445051520300485	-0.5509375100540308	0.4419134558012602	-0.7570432143711799	0.27623289738763573	0.8044888445679146	-1.7300678862456065	-0.3320367678064291	-0.7382304091053231	0.3570353544015991	-0.1212692526701639	-1.2746374174678003	-0.030818568908819618
DTXSID1032305	-7.180993724263026	-1.885116586554231	0.3663030550207346	-0.8094211005806232	-1.1264929723715615	2.3215382974051706	0.0630570541021834	1.7966237350706116	-0.8349308236243571	0.06889826383967447	-0.09568062445470261	0.19840205851430262	0.27848554855146096	-0.10977983321783051	-0.475419448808719	-0.3044019280294754	-0.047157378841709	-0.5158034509321698	-0.23178765574346188	-0.22612348970418966	-0.11019467462626711	-0.2931421369365978	1.2124707094120952	0.5253719535423431	-0.40887844098789033	0.2710158754286423	0.49672640604941515	0.5602823663117651	0.07623545677137852	-0.07008975067290593	0.3047653460483941	0.2675539767484569	0.5631682190969712	-0.48888100432260617	0.13868674727262142	-0.15059125744204552	0.22618606654093099	-0.598905314957745	-0.13351608795483783	0.3929172850542281	0.030872080662003316	-0.2673434823898958	0.032772110055988825	0.6059589689498986	-0.2623064923855993	-0.24635375168404602	0.3463325488167072	-0.34362617068598483	0.061683730581865555	-0.007502901458205382	0.13364569833433287	-0.1756265822558519	0.31984120163355545	0.003545432264744595	0.019053577293513892	-0.046066048028463355	0.08857857817518885	0.04503934199096527	-0.07713663134275017	-0.4002326112880289	-0.02875186568124326	-0.04646238054121117	-0.07683761394742016	0.6441220429438449	-0.4921466124743463	0.19432166093396783	0.6744067150416333	-0.2569932349126603	-0.5775652655624607	0.12721574528824806	0.023270232579742197	0.13959015966892432	-0.15649021093946192	-0.34371489358689167	0.19271609445735532	0.30854672058640725	-0.2782467799826328	-0.16874328092193558	0.4763592473795524	-0.44652441333312815	0.5438452915271494	-0.1573000871695117	-0.10407636541898523	-0.5147355263548935	-0.15260444660610986	-0.4030469768777222	-0.21432002180376725	0.024964255058695053	-0.0592103865603917	0.37022924190892137	-0.10148601150883617	0.039289626905081275	-0.20779088551681718	0.04135543764601812	-0.27724246113781087	-0.28755003187107164	-0.2653997041380385	-0.012010822671673204	-0.01716872384019065	-0.4019839418171008
DTXSID8046242	0.5258715564691696	3.617444563791402	-0.5432545743819468	2.329050075150674	-1.0084906796904238	-0.19460794503447076	-3.9734895157578394	-2.6450413422706314	-1.5096145308631508	-2.386834084320797	-3.9674035498740228	-0.011085360398048631	3.6648715360214	2.0932812267166643	0.11968878192820909	-0.07289229616203279	-1.6195260881095517	0.2346771088779444	-0.5169390571881315	0.8601076110705256	0.4232918816904879	0.028132402358439872	-0.20861914664597178	0.4467459226812969	0.5498684549978458	0.20276062180484006	1.4163794070073539	-0.4699133776696266	-0.43515572578226475	0.65280963032409	-0.09498240849967411	-0.32098794820753485	1.0022249541558006	0.9512648737550248	0.6871930914442895	0.4421342088830012	-0.8266316662320655	-0.21852982334074939	0.16847249257983757	0.04054427223367428	-0.09258525758735008	0.26180690627764186	-0.12918806974550648	0.10262852466871392	-0.8797113269192283	-0.047176129654464875	0.1716806986342356	-0.5169168220372344	-0.5522067957103275	-0.42506319054172975	0.0411755886565252	-0.1464791343816143	-0.14742184946074985	0.06534304208456662	0.5809507968171059	-0.311718150808355	0.05268729240670069	0.28669937597030154	-0.1348958982224264	-0.9121965304618399	0.22514809574192296	0.46362511844332643	-0.475312897919754	-0.49527544209881325	0.1768087367086265	-0.09962202007947675	0.0770545129076898	0.6137231710263166	0.5336681199027913	-0.6356937179508931	-0.4442202875462397	-1.112048226408981	0.2532681087184107	0.053762483385924896	0.4660862200659168	0.22596163079428733	0.7099334644109506	-0.10164360880335056	-0.13723426200494615	0.2957085858011069	0.45479975509864046	0.3572077314386621	-0.32391746322243253	0.03702673982813505	0.2816454877425224	0.3705898857204429	0.4692755531496644	0.4271751161040424	-0.27485613255242863	-0.4152377101767182	0.2506955945202897	0.07034691940939425	0.678312134974836	0.35492732252959897	0.35465322502458757	-0.38555077686879297	0.07748433594195463	0.15300976797643417	0.44426237274515656	-0.20320196969362148
DTXSID1032309	2.379503166179737	0.9112979632639657	0.09857356179763163	-2.0132754775264927	-1.2158595373992638	0.0017858255384004837	-0.9651980658935091	2.9140503895431555	-2.29257994795793	-2.0245563713504353	-1.3917343953948424	0.9758752087000881	-0.020260537328319214	2.893148227528267	-0.8710568269574297	-0.6573659589070309	0.6527725900676965	-0.25273784651744785	0.6612345167640233	-0.7636119122185429	0.8570214671305029	-0.83724446414386	0.3294337119653919	1.1010752966550725	-0.5689320761969109	-0.6029849271693584	0.3030470273128565	-0.7443976508592987	0.16113390550106496	-0.14812043837794883	0.4879571021677556	0.010730916220355382	0.3108336800066558	-0.5172684308153597	-0.22009688403950406	-0.4467029090753197	0.620573338743459	0.21317722217148766	0.4841780805836634	-0.10996526188845918	-0.5314227332972066	-0.10917585211950584	-0.03037366794661597	-0.22527621121046376	-0.4222211941712509	0.14369863390327028	0.011251609305709205	0.5519226742202876	0.009205741574557696	0.5733041375157837	-0.039125454068774254	0.4662672021491508	0.22751777445887883	-0.2853529787782027	0.27312437710977044	0.15591208528132183	0.34213885078540746	-0.4565020234490274	-0.11597599798310163	0.35708117203681067	0.13598390100624447	-0.02411461181804012	0.33534795293393627	-0.15358312731641482	-0.01796777724299124	-0.6893430749921114	0.6898217953177365	-0.5236673483389689	-0.5500218525437888	0.6382590299380455	0.8285595723601223	0.279047013164018	-0.505253647201216	-0.10538761256842223	-0.9298605452965917	0.9027075562367987	-0.2842402784224833	0.6167072645752969	0.05276668785287302	0.368204827771783	0.6345190404617556	0.5303373854938997	0.5735081669984807	0.0657169352087321	-0.3320725994104255	-0.44430540926704987	0.130394044930471	0.28692658348341626	0.25149773858670016	-0.09383753646007152	-0.568919840169382	-0.19273324575354547	-0.13681305176790867	0.3076035955758877	-0.12935871011573155	0.3585433251471007	0.2030209079158077	0.14748032385396947	0.38688126864834005	-0.2982526210105766
DTXSID3021148	-4.831140642540073	0.8810104320982687	-1.8137622396420678	1.4659422488460958	-0.8048763903786247	-0.0893153838175198	-0.7662394898908272	0.4076368436542247	0.5903398591495242	3.8019866214844296	0.12023158650823607	-0.9821252297145244	-1.0511157279512753	-0.0026214910049940647	-1.3026267853369593	0.1553592503942448	0.1938234977866033	-0.32560712654478796	0.5841668197889935	0.6587868921307252	0.4468976574638328	0.714184122718039	0.8843226812065542	-0.06479472459089085	0.6677941955880962	0.6021844224871548	1.1926713139401606	1.6968331728553436	0.89315328858947	-0.3704975483629091	-1.5959406856243332	-1.5265201199546112	-1.8172514327750446	-0.40276082961818155	1.8434434030221476	-0.5845965305916652	0.6746725339695182	-1.7778540035819128	-2.1043129166333734	0.08434330282177459	-2.6678995483920223	-0.46645554287916774	0.5063037537297543	-0.5823676180058187	-1.1060907720964406	-0.8896788603548186	-1.0996664231108906	-0.9093301997182792	-0.09177767650182841	0.09244331998818985	0.03003176371478951	-3.1091978724823273	-0.8336914519543402	0.5206655920318761	0.9025132023650233	1.7016761325815093	-0.7357929455239314	-0.026813326275150144	-1.456690798303007	2.1932963110523467	1.4652728707853748	-0.8176171312200715	-1.045904647200446	-0.741045237116786	0.03541113514806626	0.20776108440838828	0.9126339020259128	0.5542797015171446	-0.0032783936664165774	0.8954741349878482	-1.908516408147203	1.036861639105901	-0.2832700987149638	-0.8957300276558704	-0.8189926449439161	0.8947885263440665	0.5765600591361051	-0.6560972634664511	0.3586922204468444	-0.584357057384623	0.4605051144774026	-0.273949215797159	-0.20088005274209145	-0.1255281848335334	-0.07717844537276453	0.28312695172310176	0.458544684560739	0.019460204085359905	-0.45705568006721353	0.26122650675345793	0.0627052143470843	-0.31785651030196965	-0.8350007621155976	0.0838665883139106	-0.2963770553286636	-0.41652280535158415	0.47981467869176564	0.20551968844061402	-0.33672392475091206	0.26796436020020026
DTXSID2048741	-0.9410863427935398	-2.217156515116941	-0.262202108387554	-1.2781915659320657	0.23600870074812139	-3.09990996952544	2.000276936386081	0.46698537986106786	-0.03742826946665123	2.034122899968152	-0.40119220112444337	1.1339586630067673	0.9319614583605004	0.7309458050443366	1.193797084316456	2.7800301552374274	-0.7089509217919411	0.8397181453243238	-0.7946551995554658	-0.13754888758110778	-0.5066088392571467	0.304328850046573	-0.4243492502211148	-0.7476608433994045	0.674727330892459	0.3827492942642042	0.8853195726117241	2.844209505650059	2.598389770042667	-2.557310791483393	-0.9615915468652774	-0.2915908686610717	-3.888481496452259	-1.5376060998701255	1.1616513031251559	-0.31465254369105156	0.8060723045837838	-5.095739492529885	-4.459164004973841	0.43228733441787953	-6.0670442501528425	-2.49902457917954	-4.847199089782188	-1.1878078798739409	-1.1783703498500822	0.13787435104009296	0.4204731272111517	4.846706999847465	-1.154732477109224	-3.832425278360603	-1.0769000759966711	-1.8165464160521076	0.6130911438853803	0.8652076772856956	-1.5544982485467784	3.7577240028956727	4.252377124812846	-2.473021936622646	-1.4518443668061014	0.36027098028740434	0.8134153838152945	4.243394502010583	-2.307963367073372	-1.7685531339401417	0.6740154246408703	-2.0727855562114352	0.011511232273397634	1.2867332851724298	0.5380878111309013	1.4231757063680386	-0.0861629646467044	0.1326769095895063	-0.4914425794551749	0.464074871761438	0.7188020545357405	1.0721416355235398	1.1289480934678953	0.2622476844492548	0.12477076524952392	0.19608927761320674	0.4103657037080303	0.43616872070687845	-0.3532014136888486	0.9573300632788677	-0.358571200224075	0.7321483281244461	0.19717950782222318	0.47219420029870707	0.21447560143179795	0.8254932967331429	0.41781256086092594	0.1327184737470229	0.9657310874652633	0.573161490225105	-0.10506181752613848	0.36416332066591867	0.28637645995786204	-0.3421962120883789	1.0140082102948607	0.9306092360950533
DTXSID2029244	-0.8869179496044748	-3.2665532710195113	6.34686467418191	3.5480579455757217	-0.7651332889109105	3.7398601863576557	0.3844512773933805	-1.3038404828023638	0.6013130305997542	1.4587358368452579	-0.15674538793272857	-0.7024623007256244	-0.242100941042487	-1.8867114312848092	-0.029919608273912903	-0.5698484442797227	0.208137169040071	-0.2765074924505258	1.5649439818642752	1.2284709237040965	-0.269910546321319	1.127570585040828	-3.2293850681324603	0.4540176182648859	0.11504429300262985	-0.6236518972214923	-0.1346697943199919	1.4289266915064154	0.7602631693811477	0.1470381228573414	0.9952809397187381	-0.47843832063907776	-0.6251631946115339	-0.5465805152429383	0.05141615430552341	0.9623620094401756	-1.3441414057318841	-0.8955328571912076	0.0059994790616201285	1.4530821428466176	-0.2497345842418215	0.1679799202517235	-0.8060382454907963	0.6478015109143218	-0.08507133531936761	0.1627749482056913	0.7315599733028271	-0.19455058387584473	0.5661854111480412	-0.1756188018023853	-0.1683232334926261	-0.8589509733335591	-0.3086728009577382	-0.12317459566429446	-0.1695709911172508	-0.23557898032814126	-1.9613728199631466	0.10150086880902848	-0.425627981124033	-0.9590279844370191	-0.540523807672959	-0.7349298572258116	1.0537928601873168	-0.4066643103708798	-0.07220059292535962	-1.576507198130477	-1.291113416834417	-1.2855124755190153	-1.413413701796981	-1.1525567930223004	0.7625837525537361	0.157827141391959	-0.9636458316709404	0.15899251963798516	0.084643776553047	-0.2618022015060458	-0.3105706365953508	-0.8782347868380758	0.05248719409790283	-0.17874209438880428	0.20776086980416267	0.6658879376408846	0.34481733215003735	-0.5416014616057707	0.4851549752886259	0.4175788219616153	0.7698714651855529	-0.4293317633314021	-0.18384003091246184	-0.379251234947751	-0.6208296484895712	-2.2829801757469146	0.9242964689604455	0.18656284839440895	0.6934821336367404	-0.2074294168276341	0.5536146174784794	0.2907777049181299	-0.1876403025205409	0.08576651760485374
DTXSID4057849	5.947986650164932	0.8001969079059684	5.921294306834231	3.3070049549100275	3.5256495380575905	1.3951709500194083	-1.5177978550789966	-0.3390348110625548	-0.7080306588633877	0.27861271439457747	0.6235540568001565	-0.4744118689938505	-0.4818468239809616	1.4705413008245816	-2.240932231998891	2.0643872648798687	-1.4356323898019856	0.8038989272066691	-2.9126726626615254	1.4977613596485793	0.614130555101054	-0.3269408446777871	-0.18335846638647169	-0.3860998791395504	0.48791691750870014	1.1141689027970945	1.4671564631986496	-2.2010896892205274	0.0682970102766787	0.5313208604280828	1.0088518460199307	0.9022155582653376	0.13431517069135204	0.1833110057220497	0.39899364417198596	1.389070062209793	0.788018311429816	0.4318254262914669	-0.3800399698740516	-0.29171049769806295	1.1673366440367436	0.04742893488917102	-0.797577560914005	-1.7834260723530513	-0.1987238559788659	0.6428772814774194	-0.7759098339306028	1.370155298998632	-0.35741659033060297	0.43621789931646837	-0.27032056786351377	0.6288910503030277	-0.3637490866909121	0.40467716463878406	0.36993491698043934	0.06619251931405773	0.9615662673093376	0.6283613427222468	-0.9147354539915852	0.11093073004764427	-1.1128588128880526	-0.19729806683869106	0.0593433434745321	-0.7308865907778019	-0.693626340458493	-0.23428676339983281	0.8325139268384839	-0.4392270801976173	-0.25122996560715305	-0.30359927351246935	-0.9273912179959589	-0.32133125747015734	-0.28646481331785356	0.4887122780251052	0.9952682679061308	0.5443337490241282	0.2510003173410782	-0.16038017320178014	-0.33832053427843495	-0.1506381373810067	0.04418263527678277	-0.15371515661108293	-1.0277293839220991	0.23104187489533418	0.08750852506785886	-0.06390563799304413	-0.24571254797338143	1.0185654955802945	-0.04611613449319072	0.19153853193400372	-0.031829672685922836	1.1916551411977316	-0.06242537737546038	0.7215616054478309	0.119482403237131	1.0533676128894593	-0.32543945725977924	-0.2528721773332305	-0.6623073680194915	0.2640556756838993
DTXSID9045556	9.83684379101667	1.0964879877176903	-4.5334926759262535	-1.2055850389694591	2.9893845270752006	-5.2933176765755405	-0.6062890192642864	0.5457248645045292	-4.821830644372834	-1.8384124496790837	8.761519073146781	-2.314088100967256	4.598818730507941	0.37417161458465653	5.112085868660925	-0.6640587223521945	-0.11196101888503758	2.006803751817332	-1.2455633599093288	-0.09059704624544176	-1.6050158023126833	0.3812444675849264	-1.2228625227584184	-0.8612756890686822	0.4961417745013889	1.9950364698498206	0.026742469748104743	-0.5817302509162966	-1.0343825570654441	-0.9761164835271794	-1.8348677900793664	1.2476233256484197	0.04547350702871367	1.5621961728779343	0.6036382619988316	-3.5611246917662402	1.7065222659140027	-0.1192657092558281	0.8335812450131809	1.3372098914519166	-0.5252116005431292	1.5230921078524078	-1.5718294623147457	-1.0104039181780191	0.6258685773102828	0.5041154982977069	-0.5022884769865399	-0.9003564103637194	0.30518203385051973	0.11088871924466354	0.2386134332683966	-0.4218631711886489	0.4159026940529673	-0.08361192728494332	0.201858235542495	-0.004095518426506686	1.3259015306716864	-0.16133324782800865	-0.49331408927453163	0.9975425167479192	-0.6880072603828408	-0.6968138643472823	-0.2713333381980746	0.27052578308675784	0.15614569668109465	0.6637112952965609	-1.9614481592023534	-1.8621428609819775	0.513986150333728	1.3573833451972976	2.3925825246601846	0.9227251818321575	-0.6162987256509558	-0.21275471091164605	0.49460609734144473	-0.7193182535259132	-0.47341265086297046	-0.7109509559477816	0.14907004346038513	-0.7965531288521412	0.7038774132122068	0.4009881294770812	-0.5458781668324163	0.3234322878403557	1.0201242595869155	0.35825497061465233	-0.15808574730506464	1.4455469012162032	-0.059084590516676035	1.5742799073804679	-0.9728121211820662	0.05788837432722553	0.7870359396110342	0.06263136196051387	-0.43172787312085886	0.2574211209766698	-1.5421748724853228	-0.3206293578319491	-1.7239771024423984	0.5447985646330527
DTXSID2052310	-5.909132965910894	-0.8417427272424366	-1.3752388804594613	1.518823140921829	-0.7380947601813747	-0.163152929584695	0.7015893352288273	-1.8182221717245444	-0.9544858846422298	-1.5192068222125281	-0.890440810683262	-0.2546050219668346	1.6815664369849912	-0.6342752611635323	-0.14581387213876476	-0.3252365096046735	-1.2446178792373745	-0.25659328233998463	-0.6366648771176557	1.4258295967226533	-1.2102302039827257	-0.03653251355224149	-0.11065034260507434	-0.2129762888322017	0.9842429028130544	-1.4270435214495454	0.007959561994504196	0.4925149677640583	0.8341330420662403	-0.5390488014743251	1.708173646741985	-1.0880139679477587	-0.13313703549570402	-0.06454459171684217	0.2550698839516087	-1.061544523460685	-0.25591748667712144	-0.18604680426379283	-0.8420693376271506	-0.04659837288808249	0.6752246996247392	-0.0652718379854756	0.8178641845721992	0.8645819604765698	-0.3927664187012615	-0.06859986358798913	-0.02719027882485173	-0.3296989639463026	0.32180958120828473	0.3199821249089859	0.18343761262856684	-0.550807312732052	-0.1258439555043462	0.020570282032706153	-0.40260401653590716	-0.44283550650512626	0.6208089428751616	-0.5485867995159678	0.2585294731753829	-0.43516563020146765	-0.5231069493507222	-0.3597448384423964	0.20975013694856554	-0.3279471635679894	-0.20013004873812276	0.7582788357379553	-0.10236161399860873	0.03105303744573678	-0.12946688668100154	-0.5627194737305968	0.15884551203550773	0.11435286766129939	-0.2013473354143108	0.3240536945571948	-0.48934431856595995	0.23726712884656245	-0.4411698332486712	0.3367331575434134	-0.32432675551122403	-0.17990049493719562	0.0246674087568355	0.030829342958188722	0.2200143711629096	0.5885461771442	0.20620604698801145	0.12036635807918562	-0.3773668788273054	-0.29513901493843214	-0.31271873534410344	-0.15914268388330524	0.31635768417619103	-0.4132285556146053	-0.3342283309018494	-0.37580831989325464	-0.42694880367882965	-0.5819920789084254	-0.3886250348335716	-0.12205225842878452	0.11209534528937637	-0.11518653300348997
DTXSID4049327	0.7253993771580638	3.02863867483324	0.13004891987427675	3.010806366754886	1.3573324844274088	1.1780633951002102	-4.688744498060894	-2.27209416708507	-1.4200955479268345	-1.8815570563820705	-2.6326990552656784	-0.7115174893716838	2.834237865404286	0.3383413122409569	-1.546172791214201	0.7873901095958632	-3.2426687116083124	-0.503667175687252	-1.8008405278392199	2.4347760993546057	1.006918478913046	1.1382785177937604	-0.015034705954822515	-0.954212564957525	1.010699051034141	0.7825386603547579	1.0358009702894913	-0.07049225959284326	-0.23568503428238496	0.03173324214251283	0.8481243486888026	0.3090019919369329	-0.15069776845876826	0.08002090640656681	-0.032983662482376414	-0.1188234548158797	-0.9390146058419352	0.3397671717061725	0.021759371387234376	0.11067383761481177	0.27148400524572947	-0.04680537635782621	-0.1854139513787424	-0.1677503439399974	-0.05002410693252738	0.5031004170301185	0.40350492083953227	0.43048267441144134	-0.23946957552418477	0.2523124330802937	-0.14158280563211323	0.2278500871976481	-0.19551262776420633	0.2760589560062064	0.2635859714258253	-0.07722988786534712	0.005933705121359859	0.302318152120975	-0.9669410897486994	-0.7188434306085407	-0.11034314565878715	-0.2138507268410598	0.15556630656621406	0.4637961780358964	0.2829567581664108	-0.7907044465874999	0.025190982926243728	0.025647207979904305	-0.13972063926348222	-0.44138501129846763	-0.6050930595014412	-0.5354625670973636	0.2992242402607212	-0.4270106658921613	0.15567452459887582	0.4117951832725842	0.5630538093483712	0.33924793019477334	0.14919906061480123	0.8403331361951086	1.2619783905863113	-0.40526421360069365	0.3948272330962763	-0.6405284869166202	-0.1233200630805293	0.302495938796711	0.8231895499573233	0.3793633251854138	0.13277848912496826	-0.32590238487080947	0.6231759946990784	-0.01861071206956654	0.17074041537655632	-0.4482691731765743	0.5149931708250325	-0.41963409508667154	-0.3244255695534513	-0.07361715904184206	1.2282990282989328	0.0104648263902351
DTXSID4047252	10.911492439610528	1.9181594296881526	-5.329081326473048	4.156612040101396	1.4892170442007688	-3.0387052170911804	2.113222917122428	3.201553838688385	2.1851483493186126	-1.089835856769989	0.8203327640901968	0.06960414532790722	1.7236553120341953	-2.0651769149070702	0.6405958320580339	3.2535311652592083	-4.382433130476555	1.9982413957004177	0.6080082968977509	-0.894213210351773	5.5747117184886354	-2.2178766282749263	3.2789339792424825	1.2357129866096181	-4.008830844324142	0.8267328048913788	-2.4163954513373467	-2.1005898842610833	-1.6467128977835817	-3.6364231828995486	1.1735656258922533	-0.9880766848785032	-2.8382579623247346	-6.8677732992704	0.9553580538245638	2.956360736961075	4.548464186898068	4.44150748326609	5.415490859036908	-9.59010593281094	3.822692679762155	-3.893067076620221	-2.376639996654957	5.134673275614719	-1.4583129480379728	0.9741551791680937	1.6554579091189143	-2.209087262017869	-4.633845954622001	-2.7178231404253745	-3.2046615010212984	-7.919229918066254	-3.999690556529521	1.4973675300767124	8.850205732075997	7.66442097630681	-0.8926747260710295	-2.2416949111244597	2.4435868645676417	-9.683572388657208	-5.390902111590493	-2.27023208666402	-5.364377625355587	1.154944342587434	9.571919902139516	1.869798479604721	-4.404681572732533	-4.910037614879838	2.4634235305064545	-0.009761703320144671	-1.9376762125720222	2.433082114250978	-1.4103515500876604	1.3166225245185947	0.5938384544746055	-3.277677377409967	0.09302380074335273	0.682460532125287	1.0705481543891482	0.12729280645597224	-1.2543037861974502	-1.3739834503527963	1.8950950197961582	-1.0151648795133636	-2.522185950814321	1.6118359826674469	0.6378092127065381	1.4436345970569977	-0.803640614055924	0.7815934849612566	-2.458229393832201	-0.022273431371416214	-0.404099159766365	-0.6365397051496818	-0.6073041134946019	1.0125096743281603	0.38485270247634845	0.2021180371375553	-0.8037010415652294	-0.6923443616471333
DTXSID7035305	-3.0495487744487306	-1.902500583693935	3.1755729755590525	-1.8876531698967018	-1.3119983409155778	-1.8483577712453292	0.11928757348245292	-0.7636206508652669	0.522565138909637	0.7940312105600265	0.3727404174831382	0.17624473228224968	1.1707354896226652	-0.7757831808544814	-1.044514844341378	0.06536938430957567	-0.0054481435462693005	-0.017968587461929503	-0.32462000875261104	-0.37342224391525547	-0.3254399928133643	-0.07228668148289161	0.5088468091799881	0.25658439626550866	-0.5464846295724247	0.11534463489650562	0.6707619620864461	0.25638998246856526	0.44218860522607684	0.07287371370025733	0.7492357247177661	-0.16977834211940684	0.14907625266458605	-0.7270954408430665	-0.5105822488371413	-0.07544771375409257	0.23341760589677912	-0.2723364505452355	0.13688187198994375	0.0008965055007311704	0.29763380684053353	-0.0196363689916334	0.15315310533683138	0.4265284059072527	0.33205421370017524	-0.17514771622733785	0.003142798198105187	-0.01961710505028222	0.12458766557815605	0.19010385414357278	0.034864684258896946	-0.17796120783502542	0.15420063008323986	0.1607428287408052	0.10957904593425308	-0.12450970820213979	0.23884298928798833	-0.2912613264646567	0.16041694303444798	0.46956632972634577	-0.271803085406902	-0.08625418457658526	-0.3032547241112213	0.5243486270540755	-0.5921232641344525	0.22257333906337962	1.0051619011302075	-0.378182471129601	-0.2155524607575859	-0.1990041805361544	0.32220532295665855	-0.018408816906979826	-0.32732578723251204	0.12724430405589732	0.5590148389331338	-0.06254983648659854	0.10648080376028085	-0.22333418724628581	-0.12436727491032439	0.3958092054078491	-0.1318543792887323	0.10998617808512359	-0.19885191970431285	-0.23174489670258047	-0.2780903189135691	-0.0663898647766135	0.46754935947463405	0.5568599207780691	0.046763042622648264	0.04892226820327805	0.21132552322394393	0.21784067805244567	-0.22865495834624924	-0.04704870346484159	-0.1066852492723202	0.2758330241466557	-0.04602906015279952	-0.04910673547135997	-0.040890687652928026	0.2591956436043976
DTXSID4020379	6.344706661977061	-2.686028329867703	8.851319406641572	5.021384028208971	1.7197234297311117	3.3835229424483435	0.7895873140188233	-1.484853995603413	-0.6736960903676261	2.3770806096944646	-0.10073921153333529	-0.7153656932882313	-0.25987335295634584	-0.3216155136058308	0.5203606172490323	0.2378533292376884	-0.6403666031818226	0.4995350350529865	0.18528170902985483	-0.062265831874174664	-0.3105806895787731	0.2908384171169996	-1.264521517983992	0.2909171997791511	-0.1792319654274946	0.5403184104395404	0.03065798726039424	0.2963649152269634	0.43026555554044144	-0.3635949622507763	0.48129238050978124	0.10322873802191708	-0.7793880246768095	-0.7058091206177229	0.6836658159411543	0.5909470245330789	-0.29865561146044883	0.616265140720337	0.818707712511626	0.48135585379569634	-0.047390620349544395	0.27903463502680215	0.05970708597548294	-0.38891621943928356	0.07522726482079332	0.22332584382371745	-0.46252276556363103	0.6977806479856133	0.23136114546008704	0.3208174630245768	-0.022652198596042922	0.48932271135603234	-0.12831950467734937	0.06291968706119543	-0.08573792331295536	-0.6232174012929561	0.22618424537938944	-0.20522254170070436	0.11902689664470847	0.34096520683841497	-0.48988124228781393	-0.5167803160217451	-0.2513915901627412	-1.5302750926610402	0.2518221620244388	-0.2251586759335699	1.0197574914513563	-0.7738642407396278	-0.46712553546730423	-1.4445692049313492	-0.1545187815926431	-0.3947576195645964	-1.1602380472049463	0.3155394005238405	-0.41040400525049303	-0.025676787939094108	0.612043932986748	-0.29061095939755743	-0.24483531777916048	-0.21934857486993187	-0.7009326023072738	-0.28323356239345165	-0.24658987619283593	0.08603937138807205	-0.07267103812596068	-0.09364250219392048	-0.26831830122499856	0.7016723981668201	-0.04132308361020759	0.028408483586302716	-0.1891855398959915	0.19036473395828576	-0.503484480339208	0.36036596070306925	-0.41824879662512904	0.1086672543883663	-0.028133928064826716	0.15453457068529594	0.003248087075675199	0.08847341226013805
DTXSID5021885	-4.600589254172662	-4.231357081993959	0.3215974437975135	-0.18108622653491235	-1.4232192384630011	-0.26149903664518254	-0.8047360036352306	-0.37222633136151795	0.0311516102574268	0.4471344161276625	-0.27369015757204074	0.039568744519442485	0.6299207371329825	0.2648850716615962	-0.13222459739868758	0.44844022298436614	0.4413166103060527	1.0273181007937895	-0.3990938953031372	-0.7917008963527711	0.38067971876266926	-0.7234844189101196	-0.20707167071451252	-0.08768878886066131	-0.5458143914556084	-0.12893831628408906	-0.34290726423590534	-0.3495574802697646	0.40335456793434254	-0.48935761247595505	0.6396040624012547	0.08213593580745945	-0.09867971600834473	-0.23836000506773392	-0.3811535822266521	0.5973798939507642	0.12175496904379729	0.639991424464538	-0.7493089341962248	-0.41793136079516924	0.30772968603236434	-0.044591592755994676	-0.4237727263430749	0.03884755304034989	-0.14404458234999418	0.46615086357538943	0.23154872814237348	-0.3763415546439892	-0.0014388467649532335	-0.26056264715240485	-0.1194605994433422	-0.29423394492198457	-0.2239069570608502	-0.050677267707035074	-0.3721201880013836	-0.1400107446478785	-0.061141205503142254	0.23698605095185957	-0.5294899905231601	0.1896132782027878	-0.24178775864135285	-0.11470804435775475	0.6957423365245021	-0.11538607176104254	-0.9368660391323004	-0.20967035509666015	-0.5180530926287467	0.39948960516099996	-0.5559263484123752	0.2847018456696039	0.07126147734426293	0.00794551725330445	0.6296229440382439	-0.309965667876339	0.687378586093552	-0.3769956251272581	-0.297552995852272	-0.6501446536983078	0.052731077429551125	-0.4543532468073787	-0.42612091393510143	-0.35930634874374234	-0.35596101698669436	-0.5059515394356392	0.25676839890417436	0.41668028526363604	0.7037632552322105	-0.3915121058533097	-0.020166339996726682	-0.09019811143775806	0.2387986405824378	-0.22621243287407614	-0.19873388562016372	-0.09495225392145884	-0.0937644045883033	0.026433442018809747	-0.38988794869461557	-0.42986381322560985	-0.3774109502771695	0.5092335907954265
DTXSID0029688	-5.493124649717788	-3.6973797709533893	-2.179754917669188	-2.4978846678717352	-0.018008469492128795	0.9531578488548411	-1.6548479837781946	-0.7334554415535485	-0.7667674220127566	0.23349732392821548	-0.9181853267646873	-0.5356008499195163	-2.0440890780172047	-1.5766411811351608	-0.4335531649488914	0.7264014069156032	-0.18437926043802128	-0.09750294292138605	-0.05549042051716067	0.42481140984496074	0.23974391927173003	0.15176635555294649	-0.6552567183093644	-0.5213151270539572	1.4106091719089664	-0.26917387961960465	-0.38828316587707445	-0.1545672329289594	0.06891886222650238	-0.07640753640664731	0.6402776356483181	0.32649332861433444	-0.08181422518343918	-0.07637088076623444	0.6116420624149858	-0.8352887609840279	0.5262943645229322	-0.21446081835108893	0.34597573416124444	0.8209484032573467	-0.3919248245049449	-0.3947159591907651	0.27218885591654995	0.3293782871233718	-0.09573841600631416	-0.08567271105909063	-0.07412380042084632	-0.3200796987285734	0.18437950479649276	0.35522657868533675	0.2067198618585793	-0.2084990833848813	0.1443501605472969	-0.08546749088125108	0.06563055174697531	-0.15462930689865656	0.11042447483282189	-0.40559566403882036	0.4450720431731037	-0.15404182325532945	0.12005768326861388	0.29170826155464086	0.43576657154613635	0.6080712428067117	0.12539797100668557	0.02620624504842221	0.05201523161867548	-0.48568452467280404	-0.4017441715819978	-0.13876240871074128	0.2043430248166434	0.5017608982461178	0.173431226496448	-0.313617450591312	0.00020140548092567815	-0.4226028099743695	-0.30022481730875733	-0.4813975128883026	0.36289755508370425	0.4069498269951633	0.2437108446359606	-0.8990911708841518	1.0558968933261266	-0.2636016438835752	0.5518659120534666	-0.22029898821385155	-1.1778987058650536	0.33248740870314963	0.7095545798177354	0.8657115532462397	0.6991691851755797	-1.3012745677305666	-0.26789393585615895	-0.6940584371874474	-0.5187073653783081	-1.2154631504229896	-0.10941997917149233	0.06167741700289737	-0.7432797407387931	-0.19095077735524757
DTXSID0022307	-4.928312239521335	1.2444096030206846	0.7786384970550126	0.14548301743249903	-1.36656640198548	1.2456862802846178	-0.6266360523160055	0.4479981644118501	0.5921463282524871	-0.6339125323457302	0.42123451985811805	-0.23339311384522296	-0.5136518377519492	-0.260952343450444	-0.1095045241253792	0.2577901895047579	0.60065065149451	-0.07355083304797777	-0.2804328173605854	-0.7978163596493769	-0.23144766609375172	-0.5584086393266106	1.3152610914415046	0.41147725488525205	-0.14044579957556932	0.5526077217636686	0.1898495592095254	-0.03241736886517429	0.015084684294461833	-0.188654496663732	-0.6466170973318498	-0.08514133757825335	-0.29278565783648436	0.0065684341957751744	0.30591554527761666	0.029345804322481663	0.2678556249529679	-0.1822106810457419	-0.5382509313927253	0.36091862954190973	-0.037595649172779945	-0.09127502670886443	0.05497972627556405	0.2757709338818904	-0.5412761726155839	-0.24713036060859764	0.16069603487704853	-0.6242682795229786	-0.20347809566290753	-0.10742575520820533	0.10245209411139389	-0.206246422588425	0.3298165716735332	-0.14911783762871397	-0.21428183608284068	-0.20051200054893392	0.06922225103469923	0.0750780090741506	0.02824832639691397	-0.5164922149026931	0.39902308594447944	0.20407455092062826	-0.06202511628127528	0.8485866320552068	0.0013471283842078669	0.31947453182493407	0.2499873770371067	-0.3407311466565718	0.08348128236719839	-0.02631900880062381	-0.12101858141894024	-0.48590928038109543	0.4309470760533544	-0.00952763946152138	-0.051086207316265786	0.7494050653014604	-0.20411841235893666	0.5845369765815749	0.4432252502011034	-0.825171701201449	0.9777061625344493	-0.22549572461575426	-0.13013202766937385	0.04016194730609926	0.149429252108627	-0.30473919682432743	-0.29732793852612854	0.1420176512516656	-0.6165524686421902	0.6741169690391109	-0.3059624792261992	-0.0513575316310312	-0.07345463176899018	-0.06365753630853106	-0.25508658006749885	-0.39721193737664734	-0.492244444875444	-0.31947940400287955	-0.17952895803998686	0.053136729895478636
DTXSID1048677	13.168835115377458	-4.741059930997543	-2.6537988333227873	-1.1443542496553147	-0.8495363549138361	-0.8413772356944393	2.0396269519321852	4.827220764935783	-0.5840202058241468	0.20477257357553796	-2.3537351928873433	1.5842694478292714	-0.1789525034838873	-1.154748227037766	1.7218417687506788	1.4567305096484002	1.9858794917729992	8.544088853944197	0.6391997209797855	5.003673403821084	-1.1302511629533984	2.328639549508802	6.273558494132203	-0.4700979101473838	-2.656558023403756	2.185817772990487	-3.392314468181382	2.221841613292656	-3.6497797899955717	-0.6311928379560918	-2.3512160562527313	-0.4798303386180054	0.47861385820474733	0.14800939691714138	0.2472854624445801	-0.046158534135695053	-0.2438021326547532	-1.7807455988530825	-0.8938837373946958	0.48517347525853766	1.1209359421191634	1.0172549120065122	1.4795524673562008	-0.24569420087502858	-0.24739950694087803	2.0394924107871404	-0.4505751417969624	0.2630427356302868	0.23771377118439413	-0.13471726448252375	-0.13823165908914203	0.5365679946617906	0.4154488090686303	0.46676256233390373	0.40430826690239663	-0.7234611129305819	0.14584751908891902	1.1049318547069167	-1.6804306402314155	-1.0583800143958968	0.3387892319928239	0.629326589816495	-0.9711259002314562	-0.20765138638914626	-0.584687932595433	2.1703727512993622	-0.5678767129296297	-0.3836947662236979	0.5461300162706733	-0.024505092409039534	0.995550233568713	-0.6546973104318012	-3.311824684961418	0.0611547600145761	-1.6531083521977437	-3.0147920000891664	0.06417951095026163	-1.66814139387353	2.1981611318101124	-0.8544644571261412	0.5163464022610711	0.4654469079483886	0.2477711328727821	0.5877122353900648	-0.9941067496973419	3.3328176566837673	-0.9120467305163843	1.1591798715061277	-1.6930016572800126	2.0023781812932606	-0.8198323258487493	1.3490960863788357	-1.8136795497650002	-0.8754800741510214	-0.8056863960358178	1.334216357541702	0.06869536540526802	-0.12490542739219992	0.2591833583463675	-0.6055919293325555
DTXSID7020267	4.547329094951568	-1.0586954654154959	3.2267432385568493	-1.5878634932999935	-4.272857931464364	13.403505737133846	2.4738179760427452	9.726540550015368	-3.6837507682186033	1.595459184070071	0.1474421525634147	0.3602972347379996	0.9504433731290179	-2.10309865725838	-0.8229237059329463	-2.1878100674412457	0.26863854668807935	-2.1694509070005066	2.6681809183673066	-0.950514485474374	-1.7283863919983624	1.096995644978018	1.4099038498738363	-0.0232521013963642	-1.5609407946856646	3.1027845091873294	2.431644412378262	2.073460258398539	0.8627109247714808	-2.3652727871552814	-1.9371377443568873	2.4497909104259623	-0.014603684290221608	0.6586730205899866	1.9209522407893989	-0.24509669179144097	-0.7639137245540051	-0.3572127459440384	-2.7666808165639494	-1.8453615350736627	0.7751587083226784	-0.4174970031814743	0.44885950469943703	1.0961761584591463	0.6551451746577375	-0.6861761996418956	1.199935767800876	-2.2925114073706774	0.33475380542217337	-2.0294021462226595	0.2867107644640036	-1.489319719808426	0.9832210180790684	-0.6744416617061684	-1.2726002456403551	-0.05301092563384209	-1.9391444350116538	1.5234125015651143	0.5259167131014993	-2.16443086029773	-2.004156484523501	0.07040727252012996	0.20303242218475037	-1.6663510911271315	-1.5564926828351977	-0.4707605722938273	-1.1475794211081698	0.18302013488646124	0.5695694971035176	0.23610363841435822	-0.7497141347103022	-0.8638209788990843	2.3613686195535246	-2.3184188806166164	1.0792964436301753	0.5417765074708809	-2.895974108170729	-1.247937960566156	0.09745595665654005	0.30494677218577854	0.5041715696954162	1.7853555922245439	1.0238150470765743	0.08346505401978035	0.7702695207748601	-0.6216455642950596	1.5988952446686866	0.17696934477643436	0.697956206740668	0.29237432793179685	-0.4332674626790624	-0.5682564166405537	-0.3300317483905998	-0.37810696905105784	-1.155949527525407	0.36909959630566497	0.032714051783070415	-0.20532308552869302	1.4361854877519102	0.4102358458063755
DTXSID0047169	-5.201282169029224	-1.0208807075752053	0.5755881832894407	1.3982956370434274	0.6784292484828465	0.892027758213144	0.7602834940661803	0.117562461993268	-0.4492327054602443	-1.8421720467745335	-0.18336313981104305	-0.02837685297771283	-0.06779225823414722	-0.2557019023805528	-0.48047788490836996	-0.856227664256393	0.22966386315881582	-0.5287361806472712	-1.3541549391190726	-0.44947953387107337	-0.7688265995080321	-1.4360643875857009	2.9850176170074096	-0.5149995400299267	0.6058474437890504	1.1113761100232598	-0.25506705154083525	2.6962122062597733	-0.25903726479823996	-0.8315390461290602	-1.1813832872972312	-1.1316254809995627	2.2354595500330525	3.9676919121022314	0.9578343621581902	1.7482049623574523	2.363691680928596	0.48546051626779485	-0.1285912716777956	1.1389263278915618	2.131020790066677	-1.4835601660140418	-0.9731133384358889	4.990760889578565	1.7417385821262146	0.38553662779209885	-3.267432611305794	2.6844370603599	-0.26548379451176796	-3.4038060599356568	-0.21230370717452765	1.1704622111561556	-3.0410777904224737	2.6154028172358315	-0.9893947706869536	-0.6443507277007483	-2.9105333797056816	-1.6060862559982323	-0.10994411936093308	2.850141273279128	2.396204917870128	-1.7075949687052527	1.2928126059408156	-0.40352766532002343	3.6706419706616424	0.014960758602460896	-0.02235136365716907	-0.01224077222937962	-0.37854069388546574	0.29120262801861624	0.33942440755566017	0.11544495866892188	0.30919955359269313	0.7193018802142589	-0.07340234973661355	0.18757130166520167	0.2073020827988878	0.07942004924387439	-0.17427554274045376	1.048338277181465	0.6104086115397611	0.6952769892522331	0.03940993924668871	0.23005258321741162	0.3730439300056092	0.15432576954557248	-0.2673935086461891	-0.2530626708076659	0.9060552394419319	-0.11485291890236433	-0.49527221682835715	-0.40658199590329347	0.35727244876069625	-0.16557052017530735	0.3936107290063557	-0.19138219649688962	-0.7306539519229233	-0.5773577978751732	-0.040331769001736	-0.060202453003747936
DTXSID9020584	-8.066205418201038	-4.375788018661696	-0.04096660930828775	0.16802546931209253	-0.8688035194763909	0.17172346964960364	-0.6979248199008872	-0.6888444937608845	0.12067501636637179	0.1832154235958007	-0.3924139104546304	-0.18335141695021015	0.01852179682354953	-0.06755196288290996	0.17443421320227187	0.43099205402660756	0.044675391369170765	0.3821328887001245	-0.4405948535454791	-0.41744678871643576	0.2220425537362358	-0.5200845235550039	0.33523718616098014	-0.036616266715643324	-0.33884948319768904	-0.27227190235216564	-0.10271751493024858	0.20336678023173785	0.13537829924295744	-0.0690686153454757	0.6929292515537235	0.011273755510171846	0.2730702879326315	-0.6303693979652167	-0.11031646195873622	-0.031962978798770955	0.09446145137034623	0.06039284582051928	0.04339583773862445	0.2329397280960774	-0.09026398589579422	0.03368448968529068	-0.362800771487456	0.2526242679837296	-0.2495571365282363	0.2258204121570695	0.32500966845781787	-0.11622174455434622	0.07217166337805477	0.10037803018453598	0.04875103065236442	-0.02833212127100693	-0.0005512479001370253	0.02955863772631484	-0.02810288770874777	-0.1423778755189412	0.1782672911969596	0.005246458750884636	-0.24795581923835738	0.1471792881936859	0.1715386306551668	-0.14429279383192226	0.2811885281519794	0.1387575850561469	-0.45131047828456045	0.20434454380223968	0.13742784969681926	-0.1833455543720474	-0.5712617909580249	0.34302030615996243	0.29519963024193085	0.25411290799639075	-0.0252574645543874	-0.18905179418085472	-0.11006987358037307	-0.1701480540746895	-0.4020703953379948	-0.3531589543202226	0.23565221040530843	-0.4882005619161722	0.14082658844688486	-0.12434109104051673	-0.045164423461921586	-0.6253708307909321	0.0376060501401281	-0.1592912125479507	0.41026150903164943	-0.4839288593385804	-0.4012137156181386	-0.08624883946475496	-0.4664585898876332	-0.15633367925981756	0.1619312035013494	-0.18706574665348508	0.09413417200557408	-0.39077522431740486	-0.10301710530361438	-0.1754590947878076	-0.3306008886408636	0.0502441911835716
DTXSID5023085	-2.432003562815427	-0.4685773869787447	-0.28288781691815396	0.7721628451910849	1.2807637887017966	-1.3999581884834087	1.323103262585674	-1.2114026732804128	-1.722645284075755	-1.9952704107154344	2.8710555227231573	-1.5283135194887707	1.6472277146587007	-0.26048438275520513	1.3866189834332994	-2.215546539458293	1.345462997383174	0.45702367524195	-0.9946738633399959	0.2667901221570795	-1.0223211089486368	-0.7518341772804417	0.7198857021625614	0.5655365704820077	1.0218902511425745	-1.5086489921840602	-0.656712836432763	0.03037678793867284	0.9592292224527532	-0.6403285862413025	0.5243436731097364	-0.7458319216569281	-0.3015785010616629	-1.140818294029506	-0.08762972170790911	1.0427528267565211	-0.504982772304983	0.6933477795092976	-1.8055582673046373	0.1017605635968775	1.0038210721980747	-0.647689665707823	1.8770238140238227	-0.013341557187182806	-0.9104483259228943	-0.20728871400372476	-0.6126818245652388	0.9295214021018077	0.48381125811886916	0.2316469869962282	0.2690975629281239	0.48989817139086245	0.22440530042684395	0.025745427787457132	0.015708606073457993	-0.1575137709076161	-0.04836664059146544	0.7201163239103767	0.8336935528736297	-0.7988166211893231	0.5506547062425913	0.6682992775844727	-0.4996170187209232	-0.8417079776794205	0.15469804069984755	0.5614440325816604	0.7185323498392063	0.03255722864886945	-0.08370554598821253	0.0018327662674108784	0.1242498874783104	0.08691848465991814	-0.2771649134068598	0.0728478814612546	-0.2155035361185634	-0.22150974807938786	-0.20141326274999152	-0.5769867355214107	0.02704043669132093	-0.26774623511387946	-0.7202638389036288	-0.09141540097300344	-0.24936012205820846	0.043764775230251275	-0.1455849292484212	-0.24775250895352063	0.2644321121039059	0.7826756372297563	0.6087275257215403	-0.37899578531063155	-0.25550752875334404	0.04550655633096706	0.05818169288036665	0.7893054231569684	-0.06786294632931568	0.6899124129933668	0.6110755881747454	0.21946742700302355	0.061064407657202356	0.17901874859031455
DTXSID7044421	-4.796363339932005	-1.0242606575358815	0.18186211667882943	2.356260056082726	2.4121329478420823	0.06546962152263412	1.1684721967515221	-0.6447163105059273	-1.2043252745516508	-2.22498550429446	0.4023064753344784	-0.14769220425605617	-0.5417516788328991	0.817344803778752	-1.2247220658645237	0.6108436724910671	-1.1447623116561376	-0.10104347289630046	-2.111129350361727	1.7741102321132238	-0.67999418329875	-0.7759327552504599	1.5936591748824904	-0.25421278059619423	0.9370519278572345	-0.7961220351831831	0.7023751940470238	-0.5396585693236237	0.6624453917204232	0.011742078745294988	2.359241089854097	-0.4395311580328562	0.025395104384077015	0.05601151292906522	0.07408642750845859	-0.09352396186094214	0.36536913534783616	0.4968329958755151	-1.183082522550476	0.2589289719565102	0.7464456051921132	-0.3502034000266553	0.16438060842199848	-0.12153446397885295	-0.9650068749883336	0.22845482401925593	0.15867279000568865	0.30767899050639186	0.1812718667936452	0.5024394511789704	0.04651882869596496	0.054779723672520014	-0.39715644652093457	-0.043704942139218494	-0.015439145023709185	-0.5264361938794708	1.0837422133039327	-0.24789549195932756	-0.5843780187849195	-0.9206296606025137	-0.15334304590563338	-0.8383864561050431	0.4584123757869202	-0.8426860488654387	-0.40904378285107285	0.5410779773174462	0.14323241967134143	-0.02557813318589227	-0.08955592375588586	-0.23796769670950418	-0.7095275728288517	0.28435805652337653	-0.18542307774390365	-0.3118249506093354	-0.0070864150016188955	-0.12808890591027677	-0.3710309758881076	-0.13329378838398162	-0.17705775921824532	-0.6941604722805846	-0.43862086744470674	-0.01155142128640977	-0.6484479118446617	0.2239981057038423	0.3682280673925262	0.13672955229998124	-0.021950771681283825	-0.14517636751331217	-0.09242149411826579	-0.13298297132282996	-0.34796109878711623	-0.4196519046233654	-0.13302982321011234	-0.18378441980214472	0.2289823694223975	-0.30760563086797815	-0.15130398393635844	-0.48312778088913205	0.10610561941920704	0.14535317237112827
DTXSID2046830	13.554241639229147	2.5452093412349504	2.9890383646736565	6.4078428623915915	-2.391620504077961	0.9844925358861711	2.8642905686781845	4.06170313998143	5.3662587880419075	-1.7237556047804956	-0.036941720324513296	0.6882361627776715	-2.2720666781428944	-1.269987133194639	4.9388201212202825	-3.2772820129802605	-1.7947140114396374	-2.520653295579819	2.493172465669069	5.485701649731803	2.4845417189903913	0.9019541764621023	2.342864279954057	1.2964646982437078	1.5732572063464896	0.24959190636142578	-2.308553538143441	-1.5623567525396318	-0.21235796081928712	2.1429056058825413	0.7570294571408561	-0.6352681827964076	-2.6820030613360912	-1.2645380832879225	1.3395599547598915	2.249184957172712	1.257157529613779	-1.5587181190495811	0.047811315405875535	1.8927650480918008	-1.2774005721457464	1.8280326000098126	-1.7796776208282798	3.81359246332793	-1.3290301219498906	-0.6509428047791689	0.32454303972941845	-0.48393057292198743	-0.7539232701573547	-0.08847318074880525	0.5320023502117549	1.040978660850694	-0.34703968469641916	2.286963225115351	0.15863788495677805	-0.27019457457172896	0.755043078716137	2.072229341170183	-2.9323453983576058	0.3797297140962149	-1.4649199171242788	0.8037713179999836	-0.9950021183165949	4.863486756738903	-1.4778325465933033	0.465028063448613	2.2976194081307484	0.8132930015486309	0.8160790532591538	1.821738036039429	0.6380349922190586	1.9643565923701798	1.802503908836521	-4.341253041931214	1.3419269311399868	0.9728609509664176	-1.1765932722997807	0.09358939237136192	-3.2042441530324632	0.5977379045604276	1.9317104865661427	-0.14649398172891082	-1.402279820135929	3.4660784093120043	2.7909843322186	-5.997339119856067	-0.7999424413258124	-1.152265555746746	0.776645054564511	-0.833997901336497	0.47202959305836145	-0.4365322374601361	1.6959878471512084	-0.6256433333702349	0.33379866381316364	-1.6058314070213904	-0.8672911011274113	0.7072824738768319	-0.5787666335572557	-0.1491689090330019
DTXSID3022906	0.0035957187688282527	-4.7997865284398635	-1.9649642535151601	0.37268470711241686	0.6802088861494102	-2.1988751052746944	-0.792191670726895	0.969236622928453	0.1006991651878541	1.0382305618534549	-0.6848210215103984	0.03506942031721672	1.380613223830042	0.2744725080003391	-0.3182604134998515	1.4907260123217836	-0.18043539572373224	1.1841787125981118	-1.317853545172362	-1.3390233705870616	0.15491076735015907	-0.9171549741311328	0.09706059793730788	0.04781729448796653	-1.5284062152161824	0.009253316097682667	0.12077741395119655	0.010060287452057877	0.2673318030764324	-0.6140239217190394	0.29310763970830656	-0.18641528638467164	-0.34654760511461036	-0.789544443653506	0.29483359285969846	0.3044615629096201	0.026050950696507327	0.5443093569355048	0.25021844502898516	-0.20886045274873638	0.43269543065697746	0.7160314293010159	-0.40359331064480825	0.9382278935268255	-0.21444579156207177	0.6439075787213984	0.07373937908533024	-0.2041985463371327	0.14612938354895594	0.402374740522481	0.12698572035954353	0.17754585966005235	-0.058825812076105995	0.3454149861421764	-0.39889586631359225	-0.20039960046314517	0.25891460710092173	0.293355376250008	-0.9249383674287996	0.4989359004979787	-0.2818602179538197	0.06054705039049138	0.09982205088517566	0.11230733313019564	-0.9174353798091536	-0.3622567024457168	0.17248859639836775	0.6730152424328574	-0.4503584369534094	0.45786296371188107	-0.33596718951979243	0.4893102443190376	-0.42885364812206234	0.640046313845251	0.5787982283881126	-0.27573466427073473	-1.0589043446173676	0.01607760555417372	0.3500679899115294	-0.6399071601124353	0.282830161097267	0.09257358016310914	0.5962244066650285	-0.29018448423466825	-0.46418074519239677	-0.0681407386940007	0.55753357013305	0.1322856716503707	-0.8056648741277164	-0.09328392011886805	0.1267310359739258	0.5411060954768533	1.2820023180683573	0.13618219111041563	-0.014510860860829153	-0.07032472599470568	0.03437533719892475	0.03878881023592537	-0.15404174474291368	-0.3377104947984819
DTXSID8037708	5.53076249725312	-2.507021071541076	-7.50668626555345	-14.070413237408808	5.015030726881143	11.806959537792673	-0.04501862687156975	-5.818360852992061	9.014000822072095	-0.4208029207590597	7.2834200284989805	-2.701221452090372	5.63706658141486	7.468662364051967	2.459262294419524	2.065796643179718	-3.9192184817710585	-0.600985774069459	3.4903189286729908	0.5076514726668214	-1.997574559324927	1.5203594467559816	1.8531379292682162	0.8856770249118084	-1.2071236718108225	-0.1754377276065982	-1.0170205798116339	-0.7777182430900316	-0.44135402273794766	-0.2204840856621747	-0.3324299244798599	-1.0423513365668664	-0.289759525015989	1.7286434645831679	-0.16997534159410851	-0.2612333082765649	0.3867136284153348	0.3710194883029848	-0.12680728137360597	0.6780906336185092	0.09043412201630352	0.324196841879538	-0.5536651356958879	-0.14693534148997578	-0.1168291902017339	0.7964805327875235	-1.0048735979520957	-0.37697041640562856	-0.3747221542412448	0.5033014628885203	-0.10275637369370494	0.2567692434156199	-0.019569260727719157	-0.1608842375975003	-0.5892662843067443	0.9557461453222649	0.9457579318887683	0.5901386188339898	-1.9193719309254902	0.2948511306463007	-0.44843288131682896	-0.20644722840634103	0.3011786421441038	-0.8658149570916855	0.3125029730205377	-0.4761583218289099	-1.0631333726712222	-0.7987625054611901	-0.3365447268324163	-0.9701351016893812	-1.519696088010561	-1.4056558455515313	0.4002641231419837	3.1980147220334603	-0.12901381164064896	0.060199492430401416	0.8816095662735508	0.32990675598198266	-0.09288964118890614	-1.627752615707681	-1.243061998334026	0.5634922599894876	0.3338837143339987	-0.22238877177447278	-1.4432971418924239	-2.172504184361904	0.9787188754035063	-0.11158200780249522	1.1178793123072253	0.07656773356036146	1.5910508712056444	0.9660446062912759	0.6679679765481946	-0.28303687812948497	0.672586487778871	0.4717746365921812	0.3207755657751673	-0.0634479190152545	1.0277568044784327	0.4849091945780345
DTXSID4027109	0.1293065762158739	-1.7284461411736896	2.003342824980486	-2.977010109402927	-1.8677730210894996	-4.110994912761121	0.6901496828563117	-0.37595028574685396	0.402104062274497	5.247763292854301	0.20414040251311913	-0.7278200262957542	1.309441078062453	-0.3447469767845619	-1.999948385974583	-0.8229330597980349	-0.8340197316739154	-0.4020832837347276	0.6589458561827675	0.6874629082945225	-0.04549060283314595	1.0041165605536913	-0.7514401579567829	-0.22503995158123222	-0.5025277338564128	0.049382906550351	0.4930157463626755	0.141299655289618	0.31995484904551835	0.17077595355079772	0.4008916364895494	-0.635880506216579	-0.40541386058614887	0.41150109512935673	-0.1021812703758522	0.018614922675162307	-0.4828846554782945	-0.04346119996629768	0.25143625153138033	0.06389175709576074	0.5990368909522331	-0.2608347212795982	0.36743060541650546	-0.17823610124750947	-0.10020939892592393	0.2898256768828677	-0.27123740056617335	0.1068972408712371	0.1491569698339321	-0.11382455289169335	-0.07123179590201006	-0.15702028311100816	0.001927511111246293	0.13452530449872108	0.09693793278750744	0.04386558429404977	-0.1191969497409544	0.029408397782706052	0.07698489326424184	-0.33685002166684086	0.08990011328480446	0.07950489787515112	-0.5053041439875997	-0.25172422005982636	0.1242938189483047	0.38765169373426256	-0.10779238300411123	0.24373777285444642	-0.8361052357081823	-0.8449144722515215	0.896561540921212	-0.1742300744751613	-0.13595872016230626	-0.004258922544471619	0.13422316163910594	0.4627480498285679	0.14276023516271089	-0.001579779989654527	0.3586739134399094	0.10619896725638145	-0.47721299473829115	0.9347174150410866	0.17439495285166107	0.9039471400534489	-0.7595842498238475	-0.007863404816131181	-0.5549831222632234	-1.0240629921310214	0.8031910578125284	-0.5835465390661336	0.1821423168434566	-0.24023814233263144	0.8357789907936098	-0.2690294221304455	2.1652511516556276	0.32975989198241756	-0.49206809494827564	-0.7441873972591585	1.6427775464300989	-0.6926539594375368
DTXSID6037564	5.4369420667288235	1.1884585255065325	-1.1096598846584733	-1.1537814887695088	1.5020123509412344	0.5694132994939912	-0.0073186225642924855	3.369021774001617	-2.0348510913644797	-2.6591497922822773	-0.930048647696225	0.8883411052342971	-1.2894968888300664	3.2842511931494927	-0.43854273788300097	-1.288846002540831	2.1594780537464398	-2.0004001318621367	-0.1372439850740313	-0.16903916284068232	1.0448002532075584	-0.5120071908082273	1.5051750804817716	-0.07150584803011625	-0.7683257594060668	-2.1891274589771483	-1.1086252777746683	0.2363562710844165	1.3830489257631473	-1.8281644360042566	1.505319556843271	2.343706075721221	-2.2433614574566367	0.9978852315078822	-3.075268004707649	2.519964212955283	-1.714832513547542	-1.9103226018811565	2.2958842815103226	0.1241432792146583	1.9150460471488684	1.552742469976319	-1.2563758143687245	-2.678791116620194	0.9698569458118539	-0.008656621684984853	0.365791909167178	-1.509280505846316	0.1944775653192637	-1.3913542358262847	-0.8998740832456149	-2.579573239689183	1.1360310454796057	-3.2486975368939905	0.31081814855384304	-1.1805112147876564	0.1691735451979785	1.3804627202674224	-1.621228682416903	1.6037984295834244	-1.730183545624672	1.3042179027906835	3.158898940280788	0.4947738553217592	5.772519205594499	-0.5312524224887378	2.5605126563565133	2.2397869127342114	0.19790075444594737	2.072394685554883	-0.01400634587934049	-1.2517129371216404	0.07610176920171063	-0.789476604622357	-0.6886209847554865	0.8100312134066056	-0.2795803014704721	-1.86010432302341	0.38610660044029443	-0.421359905995546	0.6029314497993539	0.6030647360026666	0.3938859761549109	-0.34940158103028535	-0.2418688922266595	0.9012022429428749	1.0587466338779319	-1.2914121258008124	0.6490516830674528	-0.29292267616174655	0.6116304588791258	-0.7306857804254401	-0.580797911631227	0.9573523957160489	-0.3452781319864922	0.1021482397555504	-0.08452065800302999	0.2536125665470575	0.05301404655473777	0.6131695870581374
DTXSID6048599	38.501187658641946	2.5148661241039676	-13.31458973050118	4.448075135013974	23.564956533629417	-14.382365872976253	-1.9197819474956124	17.715518497488535	6.771372896903085	9.085042625546517	-7.476800368400783	-5.337763232346257	3.6848582058688364	-0.3215217132771039	-4.302773468185544	-2.8450109956568608	-1.6808032430018192	-2.301795638175332	-1.8192298384785208	2.10223553175131	-1.8641793507760225	1.0692893380465747	3.186780317129087	1.2993113384794222	-5.742589844556887	0.6752059301969855	-2.391919248920433	-6.510166526081101	-4.965898529242421	-1.3989845526171578	-3.352274231467955	-0.6599779172739695	-7.587844762742173	10.222697191993364	4.663428940990759	-5.754282908557391	-5.506475958014105	-4.785811034057264	5.041119592767671	-3.4315173019585163	7.504524154485199	-0.18345895662882397	-7.4760464361415515	5.540978615281728	-2.307462128287718	-0.26722292849014595	-4.881859021440257	1.8961593010837186	1.6285373975436208	6.023662466952063	2.636051005301971	3.1873936718222953	0.5347718413124859	3.115145653352207	0.8729184333150845	2.1917122410419396	0.09469621543642254	6.613024699685724	1.892059034567225	-1.2131902043553848	-1.0057860607235771	10.143463455117871	0.8354099754590159	-0.6481571885173631	-4.778262869500451	0.5291630515336176	-6.366251140032506	0.9117184093301463	-0.9924742844998975	0.8261270847122679	-3.192853017468481	7.064151350977282	-4.11797575760258	4.852574990845928	1.3782167928445097	-1.7631440217099954	-3.7366285169687457	-0.5890703608569167	2.8774822805235076	-2.543458835653491	-1.2423031977832864	-1.9632253966121997	2.2834275157736723	0.19221676911066937	-4.620685735004842	1.840862735366318	0.8977894175409984	3.2369572451131674	-1.1966066372692368	-0.7404355467352961	-1.3740995819235462	0.7437376253020913	2.157609262254891	-2.358969808904032	2.869095841954329	2.2713348276053775	2.0166169013474833	0.5015900499216727	1.9784310733164194	-3.4948246344132197
DTXSID0027983	-2.999533826518562	-3.5478495059186415	-0.4953972265319031	-1.8668943116446353	-2.1755307969580224	-1.7507003502267797	-0.6350007845291304	1.425855426452468	-1.0011729854003282	-0.5805651491746869	-0.5329776862030787	0.8174997361261337	-0.3825250309689932	2.5143893607789023	0.7058501738906988	0.7172198469678335	-0.9041336765927933	0.6163018818043232	0.4817632609555615	-0.8737896972145998	0.16395134585395568	-0.6766159163015177	-1.7155226249265922	1.2906105723559456	-0.6909008351615029	-0.6295428552500648	0.6339431460745084	0.12208152734182638	0.21720016503034578	0.09179602221948627	1.0932613109019909	-0.04064932101568486	0.692401034611367	0.3006483186251246	-0.9535764868611547	0.7540547916223397	-0.8372601895174412	0.17613638087075043	0.9280709715382915	0.06013717445295843	-1.0434144721541585	0.34218154072211393	-0.5007378109992368	0.4297626189696503	-0.6313248166149978	0.19149726094996325	0.12644504428536937	-0.17401604673494325	-0.3073887249239785	-0.07214933587140127	-0.0661928184756	0.09311097615509188	-0.5322029239259786	0.016654047107533293	0.6468376556224947	-0.9877117405415979	0.038058861436031044	-0.17271132825327729	-0.12004624055065287	0.2880878990289648	1.0781770335587904	0.29141690737026965	0.07656250087566803	-0.3025588710561853	-0.2517853799347204	-0.7326543282460388	0.6672867151875811	-0.5096763342559573	1.5395169675753781	-0.2547162204539765	-1.0213478977124852	0.2548723950559713	-0.3309648321864715	-0.3028925817138249	0.5495045001137489	0.819854300422085	0.7257906352221879	0.1604981874676315	-0.5550869108900172	0.4167146104152421	-0.03247787529763421	1.0345316937798754	-0.4791468456261205	1.348828718377915	-1.6095137248177898	-0.5654671884353992	-0.03297368024474657	0.5814163559194944	-0.697524264711371	-0.36155481627987807	-0.2731722066544766	0.15970800980375058	-0.6443606766060691	-0.07850608706642383	0.13292444884729596	-0.14514950262003173	0.39648873123266565	0.1451260093184724	-0.796382111441485	-0.17115912302248426
DTXSID9020110	10.319997470931439	8.229100227776923	-0.7949140167029919	2.361786097713481	-2.6267831580338283	-3.574415349846918	5.143877272854084	-0.3862588211087084	2.6293693572776577	-1.6914267113476713	0.02244077294990391	0.17116490895846964	-1.103867979821998	1.4963690829214675	4.393340871191364	-0.16003753352210787	-2.2687437660782837	0.25601022386871836	0.6978167321113713	3.605832698068366	1.9802149501784436	-0.8000469570482365	0.4658244312780067	1.9991670585587438	-1.260006031081174	0.018684162879180795	-0.5856551005062461	-0.3198658751575449	-1.0099650588657885	0.8184882443906297	-1.6911691727950338	-0.5849237742722447	-1.6331394514963395	-0.8476096201393989	1.8706320631750792	0.9756558952775013	2.013444620344661	-0.7850007381211492	1.361400348067026	-2.0825276171295113	-1.7989779479122494	0.44569094625564587	-0.3745849253374771	1.4350804848968195	1.1358939553351608	-0.9274530632515449	1.253488223772758	-0.33300717452916856	-0.7292474666326227	0.48244730516638495	0.1862896458168208	1.144474404470121	-0.2987012415318039	-0.047693830521544835	0.06868314746954739	-2.0657942173463715	-1.1226603305576246	0.08194943572863146	0.7417881931309135	2.7070796141434603	-0.8086204672990042	2.2981863013862616	-0.8501969058694149	-0.7200942975794347	-1.0748541877821471	0.4771379839064072	2.387410021210746	-1.6400243470650528	-0.1520507828709077	-1.0845136439947918	0.41975504658280227	0.10054636660646873	0.419884578566948	-3.209882692653707	-0.1147003586647648	-0.8202886811202487	-0.5440560822695839	-3.0135726603710467	0.237669632893773	-0.22483589643511703	-1.1559528778021493	-0.6416095426070668	-0.22362751024665026	1.3815151782126183	0.20700348582764058	0.3236506549721041	-0.8442449027424161	0.34517366674160743	-1.14386280855108	0.1363640253412459	-1.9024294883675732	0.4071850245933504	0.8372993409007449	-0.6346680636280732	0.06284991275449459	0.4402448641964542	-0.35464918119075495	-1.3561557845319068	-0.2963239941042474	-0.3297187246766604
DTXSID1023281	-0.3101053425446058	-1.5115527685349435	-3.8777140722966146	-0.02216178807247859	4.095164384148824	-0.044263734175465856	4.275174573505572	-0.2034737723901015	-0.42004168397208946	-0.03553240884973901	-1.923803123801146	-0.7013669193512384	-0.7243943002978303	-0.7221427888501406	0.040550986926675366	-2.2993750571231173	2.0099551777784237	0.3754136140010457	-2.9379394145084365	-0.2485821877021372	0.4944526426079145	-0.21035532222152412	-1.3015730734135345	-0.07099852074517418	1.2151834231501484	0.9032892959622767	0.24802057240841852	0.3820703083280443	-0.5274726065405383	-0.4382684294198915	-0.8709509769701184	0.22819770235799194	-0.26589276836250814	-0.36165399126172965	1.0494497553361053	-1.3974010272896715	-0.7495016143418022	-0.8907807814617829	0.314517396979527	0.21667131766188905	0.8655140655662382	1.4883634211897165	-0.8920558051749955	0.16335951174136235	-0.27747983622638833	-0.021388004642862814	-1.130097762450535	-0.3621532051695179	-0.18416406451916403	-0.46602900631135313	0.2027686250922891	-0.5842292215216872	0.25574340639550086	0.6025996977127325	-0.7245848910823324	-0.906723618577918	0.29403463112080325	0.5991280544365091	0.32659558559200996	-0.7996659995924073	-0.5734736686205123	0.42238929706841744	-0.5146249482013544	0.48495726415733953	0.2532489842584462	0.037738890699915435	-0.5406126239772617	0.4340422705395317	-0.3674870125125528	-0.44921537958566954	0.6479357724248848	0.710530293071211	-0.08974954816623072	0.38272669004892756	-0.25808948628556516	-0.7051335151298834	-0.4357958667860555	0.5977337586516689	0.6801566385902827	0.01715066512499922	-0.7033842801432918	-0.062901890796179	-0.01220839602784334	-0.5520221929570452	-1.6343971372122246	-1.109378378152165	-0.4484832319153524	-0.18894735823146558	0.6008926845004516	-0.22573435149253962	-1.1958275242885108	1.7355208889724127	0.4438482736431623	-0.26671793480619616	-0.29198432461324486	0.17292873439553436	-0.4401893679065405	0.22110716257645058	-0.8916280946675079	-0.6107303060276756
DTXSID1046891	5.083212959411532	0.35685116692293983	-2.213887323173231	-0.7487998090050167	4.492770939201621	-2.2812887665727377	-2.0910573204317826	2.304408756285545	-2.276979159303501	1.0339256139439859	4.9331071414363095	-1.2114781187991548	3.20338825489474	-0.14031182568859202	3.7822463835608207	-1.1132749503372263	0.33420102443826927	1.3912359689004286	-0.09607444217944956	-0.7452817787506295	-0.5028300219113778	0.1216563101155628	0.16557915038915505	-0.954071289728068	1.6389536790134211	0.6339120078450712	-0.516124647422701	-1.011675635146523	-1.24098135931093	0.3290430448351782	-2.2360155516561853	1.5794663996315308	0.8563544632903335	1.1362202800936596	2.115078747170446	0.21178794761590883	0.5892387119838812	0.08141254701753865	1.2240412087017125	0.4429032158254218	-0.9561516139855186	0.15435346282144574	-0.9626657976384231	0.2355423801762929	0.25278648738446086	-0.17836983134191217	0.49780779214108	-0.7688108840792472	0.11405812694419297	0.28261790860245606	0.23328864795950713	-0.16859449910501212	0.523562125470141	-0.8601095092476677	0.4703979786686848	-0.04561809725278296	-0.2640925408086467	-1.3396985406638855	0.19092596796523525	0.4640046393319564	-0.1686706202382165	-0.11101150158631373	0.049685714818122506	-0.02861473131522788	0.0597913829914682	-0.29249230863176623	-0.36481696485233245	1.5258075769408648	1.0812783800963872	0.6872901047332028	-0.2771531872724885	0.9624325134571067	-1.3923186592461574	1.1849785418279606	0.12583422708525038	-0.5498276699282675	-0.8968527337511686	0.02977243248902372	-0.4766270148691464	-0.02519198368182662	-0.6905957101946348	0.6612091827528559	-0.8851427115870223	-0.12199343785669506	0.6726065938272408	0.6059553986450199	0.24582330918739564	0.6166593325915035	0.09218918473389665	-0.2372459920292863	0.21329642323294543	-0.18653695739460047	0.4985810383120009	-0.06851094518044255	0.6589323716225399	-0.4950819036249903	0.24769104758279828	0.3261764377293131	0.294500061392182	-1.0152577188038538
DTXSID3049205	-2.8936611453497334	-0.4543268965951957	0.8591648181190001	-0.3410321550121958	-0.6435405819306339	-0.7756442032497337	2.562586171746784	-2.0756448182324907	-0.21265642799396664	-0.9608382330305979	0.030941521113926968	-0.952581109356325	-0.4226158565424536	-1.3033725458070045	0.28327151167608866	-0.16582623127165402	-0.3072130218791263	-0.3668353567934953	-1.3147909279128553	0.556344564609671	-1.698204985554696	-1.1089939448653627	1.0842939457965464	-0.06395471405237739	1.3156977517816926	-2.576490537172383	0.22833335720952547	-0.5579668709297617	0.5900883937813098	-0.011373824042405487	0.536708043279269	-0.20482635257352297	1.2490581838901298	0.5819308931028766	0.718132756934269	-0.21769995475759144	-0.2914005908712035	0.6227843895902141	-0.5136989935864826	0.012186225748392418	0.05372107587829318	-0.9570072038964952	0.8862906834541786	0.5876295483622136	-1.140493947292248	0.28884293586291526	0.6025179530576914	0.07401717838358067	0.7572233663951191	0.624171171781262	0.2834248622988067	-0.1343101058767651	0.19247146502038145	-0.37542403733359964	0.3448851673090888	0.059759550712496945	0.11005458600111155	-0.7464565904849565	0.1692255301207444	-0.9026128059658117	-0.28607568036266523	-0.4319249007349025	0.6202779973154234	-0.6729010355081905	0.07589717829973971	0.11287686311157895	0.06437358760902225	1.594837377222236	0.16517889775656439	0.5228989085544843	-0.31526557036583336	0.4352501555910563	-0.2565200936756156	-0.23621702836897648	-0.03145376794087836	0.43251566506734535	0.23915940619577536	0.28994165848137027	-0.361683901831646	0.5734051006240559	1.0315931828417724	0.036117581436574196	0.41152034787754505	0.28063448772891986	-0.5192407036381597	-0.45142176409264434	0.6236816894197408	0.10441568353545805	0.3746108067065117	-0.25658548133375686	-0.5893828431024002	0.40752348376462066	-0.013146804100788985	0.3856714036406835	-0.09478937819806464	0.963825505867922	0.21965791929927037	-0.12948720418847934	0.014624410224280723	0.49559764309966914
DTXSID2048791	0.3614544542483083	-3.242175890872078	-4.398076374978232	2.502395501017028	-0.5005014267285641	-1.2459411623875398	3.1016305455901723	-0.6836870260596999	-0.5958828475731278	0.28792363164540563	0.07944788599369944	-0.31324886555488995	-1.005942026216241	2.0413474858778193	-0.4030767339526451	-1.8822937442234446	0.20356278866936328	-0.4618176331981752	-0.05489424754985973	0.5415021233486156	-0.658540989727639	-0.12541418095987533	1.1388310832479411	-0.12339720910169508	-0.38997809994746335	-0.033669737080792225	1.020218793416553	-0.13066627127132316	-0.05383863294701541	0.1072136515440827	0.43492085907816547	0.02996931286899428	0.2064982018271007	-0.19432364207822628	-1.0231483003473385	-0.7483082797725032	-0.19328543166006923	0.5697846834230178	-0.5033276859699256	-0.4905126096629466	-0.1400258941578202	0.4978200408399284	0.02961555784205022	-0.29857987999897573	0.225283729987474	-0.1324462831393637	0.6192807926342859	-0.3308522595148921	-0.21408168291329188	-0.4392105887216	0.006336359886839063	0.2111187254838627	0.01763183531246529	-0.14994691297222082	-0.27658282329481837	-0.19084823100515233	0.15024642427264723	0.05573573553725988	-0.22988048375880366	0.05199882548755586	0.6543740546104508	-0.22852189590492636	-0.3880220601814157	-0.21104731862401116	0.30397125999888897	0.2007412486645885	-0.37775163047185073	-0.18530954394449303	0.9696653981726459	0.057405042200048786	-0.1400783242840381	-0.7293564934520235	0.9876303676325808	-0.6138566828109568	-0.7910551796958645	0.13798407967331083	0.10914890595948482	1.4122926990161833	0.38479466394675577	0.8662872282820979	0.7395892416262793	0.35337405692920404	-0.26006624494451824	-0.3805025889487645	0.21031908963571164	0.34398366698612853	0.2821487659174709	0.33201373829900616	1.432901605112673	-0.34344269039112657	-0.32615739254689907	-0.902842281730692	-0.22435071129339862	-0.215874472213819	0.18402085760480802	-0.3967494296522275	-0.5025421685828068	-0.5031592842748006	0.35987858813125784	-0.13078778613574799
DTXSID0021917	-6.141538875093524	-2.2479352391832133	2.844084342971614	-2.294831652727026	-1.312616670855803	-0.8079713405609916	-0.37437569683165745	-0.7386525028476209	1.2335562363162522	0.3116648405617824	0.22302381833197288	-0.16074349448233738	0.6045490649346235	-1.434494403262625	-1.1321960507275508	0.0618892604666749	-0.38810930037719477	-0.21109315251045374	0.0035595296300331794	0.6355879831256275	-0.03524306398719977	0.4492976015963082	-1.0607558575428064	-0.6092893979996596	0.1031991805213499	-0.13788201978215667	0.21664818096510416	0.10077067367833452	0.31724714010003496	0.25520305741663957	0.4948680408783508	-0.2129369041984814	0.08386483242475354	-0.09411283680348348	0.10927488345070455	0.3142671200666275	-0.3011015879809667	-0.05088113821015601	-0.009939247339608904	0.2097344032413321	0.05297059360991768	-0.13851847192191089	-0.31751869053492754	-0.3028903356614074	0.07277065312103019	0.22430121959292465	0.012105133286856277	-0.16863961863422627	0.16212278449416775	-0.2174773821297734	-0.005723794629076807	-0.19897782244409168	-0.17490134056075818	0.11313910192030473	0.04844765222203213	0.0810307523398012	-0.16915635195214965	0.16903139472195058	0.08629862031206746	0.07896406344861376	-0.19658427173534987	-0.10316738616193047	0.2379134379023948	0.2001830825869057	-0.1177350677568441	0.30716347931686916	-0.33565278795120745	0.05346099230742637	0.05356235926156485	0.2536535041532399	0.6351263863466499	0.11563464015805788	0.3851423576793781	-0.011398280646203117	-0.11951444164137193	0.009574213824262698	0.24581454909733413	0.0016915880948333065	0.20293428376054026	-0.16225795530608722	0.3188348554519084	-0.39253315057961585	0.09996932169604604	-0.0729375072280411	0.11078426856026477	0.10705658400303145	-0.17295297086522574	-0.2898020996869369	-0.028720640856616252	-0.008753557996368115	-0.059789429951922386	-0.029563614603147693	-0.061172470820730296	0.13833869009958918	-0.26509961164790286	0.17065677096319293	0.05700597683107834	0.20258641943261385	0.25020582357510013	0.018836473702343114
DTXSID4049406	-2.669102975987664	0.5521289903239855	0.39199093265091556	-0.2826649217069409	-0.023050305892159437	0.19023798404790204	-1.1455318203400549	0.7584632230238846	-0.05702770157183472	-1.8071532843813671	-0.08201475338867702	-0.04077157834808463	-1.1251710842411828	1.498529233497947	-0.32204207859454265	-0.38661089573816526	0.2981242429570528	-0.650541199928919	0.39921710202449434	-0.7532158767000766	0.5686856702963703	-0.33768640430542707	0.14914522617128778	0.3869504860442324	-0.3867107949273895	-0.4848600033035863	-0.0368437977229263	0.7830425205798359	-0.26557091848738174	0.2005427815185878	-0.4060288606166801	-0.01028452104811339	0.8745158462617452	-0.1297175816712224	-0.2118597943914645	0.03988018325904555	-0.4324883794363412	-0.5005414725688142	0.5165685532575263	0.19698506797779244	-0.32577587907554195	0.4467674015295275	-0.2402413644275581	0.7477410020281694	-0.9699424442942328	-0.23829580249525545	0.043964859143324486	-0.5090775956199011	-0.21936411805517733	-0.29203886676249446	0.12032407792192233	0.09727145488331988	-0.10230966192494965	0.010877690713730126	0.5427463396738834	-0.7729303893014109	0.15434277664718737	0.26463406874635725	-0.08805380971501552	-0.6436834338382871	0.2465998727776523	0.4758652104960431	-0.3623048219793945	-0.6376575233214071	-0.040327295684064124	-0.2563638526528628	0.7330161884460579	-0.043401169874095966	0.7248223767850765	-0.4401755514285187	-0.5109335229234634	-0.2484860207356375	0.16937055578553084	-0.028267654208240435	-0.9684375395169821	-0.4071721032526089	0.22198418930563002	-0.6324000398775547	-0.49184759120847954	0.048003909530910126	-0.2960475574612169	-0.5561486282134319	-0.4107672428430695	-0.4023165019748392	0.18195186255235055	0.39741028463634426	0.15282264216171393	0.176496264369939	-0.13354825175696186	0.16636345471689015	-0.04617755466938869	0.7061717021539716	0.4539962607269743	-0.11958825333023868	0.8015443111415607	0.09287901236668789	-0.09742406806145251	0.13098147250478792	-0.47111702698966573	0.11214984328494548
DTXSID4042208	-0.7542366929721956	4.175239699726693	0.024240090282014126	1.4643240259003758	0.34931158385528654	-1.696569636744491	-1.9055695614400519	1.324323934832679	2.830738755108792	-0.7315909841994448	0.8047159449636362	-0.9695976114115917	-0.6918949670660597	-0.2419149400534933	0.6660701368070815	1.9118431267702896	-0.668670187256397	0.6502757074748495	-1.072848986349915	-0.7077553056264143	-0.10958693166323959	-0.2766277311045222	-0.07347459150647384	0.33661108443450904	-0.6422131754576337	0.7471250615410467	0.5230818802587605	-0.520065970552325	-0.26880083800002236	-1.2230872271000117	-1.8215839078806093	-0.4375758382491716	-0.7881060835280083	0.501891880334908	0.749489238142136	-0.9777936591186872	-1.5688967503603874	0.013692992612839135	-0.7454319568080643	1.7655528775133154	0.5501365592227039	1.2074443911589068	0.7010128092347928	-0.1955780000185922	0.08634421467295289	0.2023568272720192	-0.5938848386025756	-0.5609029893969721	0.14610376899081484	0.0199737370892633	0.071490743098	-0.4130735508994438	0.43097100987291953	0.05442155427185041	-0.4260113012211039	0.2546927404232889	0.10594009944476941	1.4516211245268311	-0.4791463475410131	-0.5195093387480925	0.18090654894332275	-0.5712740657736449	-0.7267291348996925	0.5221274175479795	0.7678135372507465	0.6821163844335716	-0.9523885680187624	-0.9250947247843456	0.9078373716939209	-0.6849363319753213	1.7468134166028775	0.3611975723587447	-0.5215411036247125	0.5011790900017963	0.8608244752396164	-0.6826164896018884	0.6383811198261671	-0.372660577801083	-0.6828493813545016	0.0256100760380121	1.3720873303944727	-0.28421733292979184	0.23617636506376635	0.824798843370733	0.1333761137525995	1.003670156458403	0.18071124977185885	0.1868364686499984	-0.3995196624303495	0.014860207728474677	0.6163386746235268	-0.29596485758167795	0.6165218809297429	-0.19474621419680016	0.20347240613654052	0.5190515656879363	-0.2755499723355593	0.25797212786692725	0.05288379563412212	-0.4233191659967367
DTXSID3032129	11.888611737367858	8.344021854567604	2.415179547225987	-6.538667934676179	-6.244651302796133	5.536358501762078	1.551342579855231	7.4673029603595245	-2.4293660843963076	0.856340093641169	-1.1127031888559877	0.9888141732850813	1.0256778345558573	-1.6312655995028842	1.2261767104319286	-0.10410519711645197	-0.8301707036380348	-0.5593815386164946	1.1343380535192782	-2.852850934314029	-0.6672050457546492	-0.6968828273682833	1.9811345045269428	-0.8386665160222309	-0.3599522576831882	-0.9393693146067861	0.4650519332792361	0.26044505947946694	-0.7874500149086742	-0.023727562539127015	-0.9884541184686998	1.9669157220263023	3.159889461565323	1.108724243993747	0.3372794576471059	-1.4053590497886017	1.181357089923402	-1.1311172537347245	0.24702787378103652	-3.3768928255916015	0.6513231575633385	0.41052436726946595	0.5700253954864966	-0.7469194171253043	-0.4423510475274067	-0.3381342591669685	-1.4649532992064942	1.5616683701184848	0.1435136404517797	0.45741752568679384	-0.013092706933870745	0.24134330635878706	0.870974596882572	0.16132605388352367	1.2324764419495373	1.2045080575064164	2.065310078882454	0.283778498541144	0.19687497852422758	1.3053610252897727	-2.252326647189651	0.6250482478209661	-0.9083490052230894	-3.380359465693827	-0.6292116575996963	0.02609779510007083	1.3935280991375898	1.9316279814455977	-1.919380128759148	1.3851791406044938	-0.9354543587568422	0.36099969591905884	-1.180237882253453	-0.724021207072256	-2.385982705432741	-0.0641978650583506	-3.1998547268664206	0.30128316103092273	-3.576436222751448	1.4936108161483388	-3.3618300294858754	-3.876711013367509	-1.6937285127420578	-1.2605259095647754	1.286446039084427	2.375444369608641	-0.56363071380275	0.5609539980172695	0.07835392730306666	-0.8539284464029551	-1.2368421449838487	1.6465014522108454	1.3868268918277278	-1.6074398855783765	2.0354797770484336	-0.3403976900295515	1.5577573045577737	1.4635181032491944	0.15142668291841468	-0.3988463061096153
DTXSID8045488	3.6476384054065067	1.1309779749351958	-5.905878828014867	-3.0312025495810895	-0.012447826856376406	3.204782645944403	1.5964462095726661	1.3974602693642182	-1.311871929423158	5.259258821289702	-1.4736749254674564	-1.92365185461314	-1.720484197903071	0.3786606687549326	-3.026729770858334	-4.721448017254387	3.808433483598217	-0.04111010765510047	-3.235435300482969	0.5718560497033398	3.5051394661360784	0.1627998871763666	-2.792069100140269	0.7073130430465713	0.6080185126935993	1.8548019423948063	0.9388631863552783	-0.5970000747657299	-1.2997072623161865	-0.6293940031829961	-2.981192322156757	1.2029787776431569	-0.9265077251687586	-0.9030060607220737	0.14120201889538037	-2.2486241729368963	0.34582866827732617	-0.5709873158656182	0.8631301488680254	0.30615523975128645	1.6574559091599244	2.146478250115778	0.8974662145451447	0.6971270758466775	-0.3711074654930854	-0.3798487478182376	-2.348338417669049	0.4027927662921975	-0.006908118988117659	-0.24085643672289458	0.3155155197766712	-0.7186008540684219	0.6610412964687832	0.8087247346220698	-1.5121028566056844	-0.7978912353722161	1.2352239814877812	-0.778200221822424	1.0378218564904835	-1.9594102787285845	-1.254069499519313	0.12521206454227596	0.15164594521611297	0.16680042933673944	-0.019191515075576263	-0.44314339855038265	0.3833537110535515	0.4441399669600909	-0.3005833082104122	1.0256329085203348	0.8184615879991904	1.2897868732402802	-0.08073979863865154	0.4639059512362703	0.41107763747986514	-0.8080369319123475	-0.32283909870226707	-1.572286036844307	-0.6009513837891791	-0.46861725572373564	-0.01710939734052703	-0.6116708967332601	-0.5710863077440163	0.13082046063152084	-1.0714034843758524	0.3468308006444019	-1.9374865632643712	-0.8508717671490105	0.025613795686078574	-1.3809155072974897	-0.695083645477556	1.985259608335457	0.5900363178990118	1.0168224524205884	-0.2814997643980232	0.0038286910184206313	-0.35671676566983135	-0.36408184663046683	0.5185854474607745	0.2879249437061891
DTXSID4048939	0.6476816105332834	-0.9028084766811463	0.3111208113331874	2.87966151361622	-2.241522953265748	1.5885733661569579	4.086303068143704	2.182661588970079	0.45343621752854146	-1.620400766302671	0.6557792110248639	-0.33065191555641893	0.5731451496066025	-1.64506195195423	0.257243509891343	-1.6163719583014389	-0.16463231192153846	-1.2514780839753834	0.07438802094674665	1.1885505245192023	-0.8627708081344698	0.2407729085264793	1.8627903985967613	-0.030254766389731857	1.9542772231603165	-0.7545461005975451	0.7285449106378881	0.10597712194020495	1.276573213667021	-0.184829603914309	1.3587502700535605	-1.5059318701068334	-0.11131821893592149	-1.019888864439744	0.008926931673949149	0.21442655824234944	-0.5171677444331856	-0.5786391923742579	-1.2602135921564985	1.1216284361285034	1.0743058894893687	-0.10714879969114623	-0.105689529779524	0.6728227766290447	-0.7034462561525423	-0.0993970254163865	0.33727305124192675	0.08416913032581189	0.7224479715478633	0.3633427103318657	0.19240432694428639	-0.5622975059873266	0.1487076261496791	-0.09847411763273757	0.16035146696469216	-1.1526130361494005	-0.07626898960612224	-0.1484308491376671	0.10054947427829095	-1.2695745143892836	-0.16152323284230366	-0.6724128499253493	0.0033096429735153697	-0.4860301926062639	-0.15032512941964984	-0.6249782856750257	-0.28900610888294487	-0.9174764360601378	0.4211911715368216	0.3585909390466789	0.2998120622893336	-0.14992832381944446	-0.5613097543948745	0.22470538363850387	0.24000173509282308	1.8417644363092263	0.34455194513579834	0.5937749495056632	0.10591567557949358	-0.9960746367559901	-0.4144738102989272	0.2026314117784223	0.07106428355206608	0.7538855400121067	0.039503367833875556	-0.3511613071615046	0.1903298735307805	-0.28688962325371725	-0.8172201026776461	0.04557956665377654	0.9204119909352758	0.8412166886279577	0.11559586098927778	-0.43187252640775753	1.127922823386844	0.4478238194566045	-0.5302746403734251	-0.2824204569156031	0.5841421448355679	0.09700689336780995
DTXSID3021984	-1.5847253198610984	-1.1570157436827635	4.327183890013464	-3.9435133380998746	-1.712732581169062	-3.210373714500459	0.42133967040830506	-0.8001852402746273	0.9919003809053856	2.5493235208318623	0.5686332938737768	-0.03456333027789634	1.5893286927365748	-1.5098696352583145	-2.7700951066617048	-1.3114793266053313	-0.264455817659122	-0.8750960884181451	0.2724189168930024	1.023044390051008	-0.316883075696781	0.9170818829145938	-0.5786363993896028	-0.04369659131547508	-0.8227946818282361	0.4405555336871614	0.8291807505644267	-0.04683302370321233	0.3511471844021687	0.6295017125332134	0.8284448857662671	-1.0205630568589572	-0.4582347985109282	-0.008987990036932673	0.22496093924663454	0.223581800554304	-0.6667165006454842	0.20180423676861384	0.2052571294195225	0.6191110626560898	0.33874701551509356	0.011253557707131358	-0.060904395026035375	-0.20199563052634775	-0.02811935763588324	0.04449103317339177	0.14307743714233184	-0.2584031622248281	0.09945604548367823	-0.41371633178057043	0.06341485072007194	-0.12109356754234497	-0.1681334447678076	0.14592336932883052	-0.12714753136181067	0.053164664272065586	-0.14751529048477552	0.15753586809989992	0.11864386955413533	-0.4365906026955548	0.23380761455122456	-0.20841532116194744	-0.406810111850036	-0.12170947363893916	0.37174313633526634	0.699794161641952	-0.4781237845523865	0.3449910680442594	-0.2502477489546179	-0.32114027436989445	0.8020586839103395	-0.10208849047609662	0.2916447315452939	-0.10938442008275974	0.14242142712714886	0.19184787929444932	0.45658094543367056	0.09952685308495827	0.32661299638392755	0.08178393797604885	0.17099721325564407	0.20515097422177245	0.0663537772385182	0.31291940001242624	-0.3562686514459723	0.06378165013757543	-0.4104091284716842	-0.5586626525587681	0.4833330430590027	-0.42749734759563257	0.28846576028203613	0.03133903620938837	0.3549413707708916	0.4091069002389985	0.683809169239792	0.4471809950959871	-0.17049413499786967	0.19653982630519642	0.7449926794477755	-0.4005127108016026
DTXSID7044471	-4.229950187092675	-1.1072271720511724	-0.9062011170467389	1.4115962989750732	1.4719353268192663	-1.1509899915511623	1.3410437548110754	-0.4107026679333592	-1.1651164730944092	-3.112217327484824	-0.079136552673207	0.13338506011364507	-0.9071537481370433	1.9044855296963628	-0.26041929262169067	-0.7795581339786403	-0.23369983160149013	-0.7266431166030488	-0.10119566853824381	0.43142262065915965	-0.5567172381053306	-0.6979888011021961	0.43202640445216955	0.39253481557200814	0.2779965084025763	-1.851152545183991	-0.2808396530162096	1.0487139544196813	0.6284538190571524	-0.3695920337076663	1.448302919991883	-0.8946482987846333	0.61556240439391	-0.19148206545884355	-0.4855831528742342	-0.3884456480430585	-0.4798700507047153	-0.3041226398964423	-0.5810893920216884	0.3666763327274051	0.14702261593582172	0.15589442127041872	0.3022970337178847	1.5781621745777936	-1.4319032070154603	-0.2437011099285166	0.25823592135583856	-0.792050069296548	0.21437346074555136	-0.0434930903453896	0.20021483072674057	-0.34379703392045646	-0.5026834731233424	-0.12101485176229111	0.049237230738318045	-1.091237103161694	0.39463264651863356	-0.23661780396394175	-0.12934617668611623	-1.2336519340910204	0.043915303043203825	-0.013678945298584261	0.3364929078674982	-0.9953378138673995	-0.47028607921213295	-0.005323001932284883	0.2722474680528984	-0.10150606813501108	1.0462467791641066	-0.6667064799306177	-0.7776763673762604	0.1565925649221399	-0.08751375947614003	-0.03837243966191608	-0.7718209031995824	-0.46672863703599915	0.030838573880192257	-0.5629614364345533	-0.40732359102428495	-0.46726880671534704	-0.2080319318230398	0.07814515260065538	-0.3870387867555921	0.22579970462363477	0.28231084742076307	0.23762770187450305	0.06484979331830543	-0.05080639386680839	-0.47928465275428894	0.11974731671220849	0.03851203590708261	0.3697747916218263	0.07571929588571501	-0.08868737851800786	0.5723389522094655	-0.14479762940492574	-0.302747802743118	-0.14104513995192267	-0.1017960476657706	0.11228929548749952
DTXSID6052328	-4.509397580723501	0.8805959330364462	0.2983311733025269	1.1876402269263875	-1.4637599517675532	-0.6058898901350722	-0.5572943243496344	-0.806562674003277	1.3720030087306196	2.7611153143440847	0.5677207325016165	-0.8897953679633261	-0.6368357073417769	1.0975144796190899	-0.7373118980616092	-1.001618925645443	-0.01992874386002442	0.2500137031395193	0.4114890403848873	0.07711193622125274	-0.10737865919525912	0.20716570680451976	0.6393087805582206	-0.1714416498739399	0.050006536347827556	-0.09221107789878047	0.03721959466091221	-0.568540093834664	-0.3312137158084991	0.6336469380851519	-0.2572540143909772	-0.42940374565605294	0.0028339512405486426	-0.2829728731227097	-0.3451885058221199	0.27058967853887683	-0.1366056665005768	0.13526222200072963	-0.18660934928609307	0.04786289535302212	-0.24864458612527374	0.06965122801471543	0.10449427881357859	-0.21093868440299382	0.357178734711828	-0.4566878261155116	0.16979379458403812	-0.11973154601889337	-0.12113863906714575	0.0012308526560372238	-0.016502279672660315	-0.07343547212459911	0.2772484512397241	-0.10980042772835726	-0.5724887509936417	0.3709749846576258	0.06893700230482856	-0.13481191289239788	0.09750518552647028	0.3312808932113269	-0.05566586883891465	-0.38323013368214276	0.611841599895259	-0.08850187369736044	0.2977423627673387	0.19714804122554566	-0.01635458765679563	-0.3423091018272306	0.1670959449156481	0.5256572508699484	-0.30315963155035297	0.22624216672009265	0.4069726244502874	-0.7954571194215829	-0.3139478691417479	-0.1691486767058465	-0.0060769991867552975	0.2443974880605114	0.19143757979683834	-0.19217011108797002	0.11452008650326972	-0.6518047991578894	0.16713753624003605	0.06720737895195641	0.047068141195707104	-0.10818029091422121	-0.6402716862864353	-0.030538097649938176	0.09491867878854532	0.12134059798222685	-0.33468006880948103	0.6374146840763634	0.25072580068442746	0.2544952506005664	0.06116513928756142	-0.10143058653339096	0.03176812615890281	-0.3013175434845185	-0.08431101957204588	0.3242485320064241
DTXSID1020647	-6.034527936305375	-1.8021958921089318	-0.2927242355114093	2.0251749205055125	1.2981484068874565	0.220081761075244	0.0740573999231951	-1.1006040901463316	-0.43191475801453266	-2.615161323149345	-0.10238372463865178	-0.042118826407448975	-0.28337435801205274	0.5561073610285993	-1.284856557941077	-0.47967598686397483	0.8961131494018336	-0.7433232244584779	-0.7881843337619355	0.27840182927802637	0.05533624787781534	-1.1485527047482738	2.8820938586442555	0.4032537775157618	-0.1577533196856604	-1.0629466800680976	-0.19496363229529878	1.4532712931264906	0.34673563430480375	-0.6003998290260117	1.3689036805811703	0.3818673855487647	-1.0147809117932503	3.0717052643494913	-1.0979393763979248	1.6914995074160821	2.70455137411589	-0.9998745893262974	3.338388612698145	0.6035151720038789	-1.7220843221934221	2.1359577962940075	3.108784972036686	0.9912642713852555	4.127628945400397	0.5445666524503506	-1.75889297172448	1.6053996813499976	0.17241062240549854	-1.6970977702344292	-0.5955506696532322	0.20262106243184416	-0.4028320020259989	0.3549703545343423	0.025477626730731295	1.1048884661015879	-1.078280932577351	-0.10991745555297447	-0.20987163840423873	-1.3919597421844723	0.8384085038526343	-1.3220401618662383	-1.6135566478418237	-0.7576018862104602	-1.9921763852107917	-1.6630590660660483	-2.61629171851404	0.5235245721370289	-0.2222615529930667	-0.1578533848531425	-0.20725281416017963	1.0405857307053714	0.45297199639492225	-0.6454419914000908	-0.08978826574662124	1.611707542936409	0.38964085016624767	0.9397789444193504	-0.408454047067855	0.13860270790180096	1.0722136871989527	-0.8251053874181338	-0.166284482959228	0.46620037291860056	0.14680094409860658	0.34433228001481214	0.5698703762754278	0.552272238328609	0.2954232960000773	0.07166602525561089	-0.5126794948859758	-0.05851732314329012	0.27092030651458626	-0.5340087608062057	0.6057226280276787	0.08800154884406428	-0.630005752527087	-0.18918183936861155	-0.3165175074201185	-0.06392681869795395
DTXSID0025866	5.506041170823577	2.3344393746309406	-2.445150114568849	0.015684267409266452	2.1359404203800647	-4.21527612248856	0.27597390273100325	-0.1611002722934924	-2.6089560092765	-2.481422441575019	6.9573378223375375	-3.0465040186172554	2.0274003370395146	-1.170622122124784	2.6320880772310984	0.696814309135681	-2.227803261736769	0.5828324838735344	2.471861683890228	0.39902977349163665	3.3621659549439427	0.16973698359680467	0.23920082950260424	1.3555245771969302	-1.267808832781579	0.13040317199231327	0.16043561653406957	0.018689982714350253	-1.6585913693229595	-0.35503093816643816	0.061826525800415845	1.6773817290744337	0.8440220305107062	2.928132137158814	-0.4318823829161566	-1.2173026486942216	0.12714370431581462	-0.37487232977554297	-1.3733755516333424	0.1619964225811243	0.25802242996436076	-1.2254324208080152	1.2721632212337857	0.8120798454847886	-0.9842775826353641	-1.155456820032998	0.2670674522273527	-0.07988176745755898	0.5646417477947522	0.8616807343700869	-0.11465724054236792	-0.6522246107177632	0.37229960506110704	-1.4681470182061511	-0.36640880253462965	0.15146668003299166	1.2756264286211938	-2.2150376052476544	-0.6706610723211239	-1.2657127266795962	-1.072999582532482	-2.463264518107618	2.104345169613115	-1.041725876023924	0.3343311338308615	-0.5839319835241262	-1.3566314080275186	1.4519651039332788	0.723974657246686	0.869438858133578	-2.866621151614303	-0.9399477697912983	0.7035919431958404	2.1416451749863223	-0.3115795026852861	2.2452964286288633	0.23401074516086673	0.4937012542190643	-3.2781213282000143	-0.18433084173940298	0.19405310034381748	-0.5697577337633728	0.483343464826259	0.8256052128194894	-0.32347320908625044	-1.4909116950645436	1.3231406490281363	0.6358433167826212	-0.09427676777116001	-1.0778196914923908	-0.8681541305996018	0.7054828454749238	-0.710095111468692	0.3213657583787569	0.5347817691921724	1.6108921978836601	-0.5011072629275284	-0.2975561694926728	-0.39868718078866666	0.37816526379080995
DTXSID7020970	0.19699224527758974	4.149565448363527	-1.9723037118858682	0.7202153527238092	-0.08012942243562271	2.3504996929291977	-2.009515952125614	0.407994114048546	-1.5704899256672895	-0.5806573575337174	-0.2753016568514719	7.648889583874174	0.3568343012362476	-0.8456364514844545	-0.04338856316435028	-1.3571052354215112	-0.4975507419213793	0.2732824784421859	1.1128209506610918	-0.23132090976610828	0.17440375247887727	-0.40122363038933684	-0.9624494465095852	1.6228999032286604	-0.6531731590683445	-0.8335332731583799	1.1815475730142853	-1.471655112552306	0.46635484399317784	0.5223411144406446	0.492816997473622	-0.9541612926348785	0.4440222924254851	0.052771717717230306	-0.12066014137507045	-0.6666183617828403	0.8168709111462311	-0.29736675185400585	0.09965721034264349	-0.8438045627215803	0.329635820650422	0.3191808381927415	-0.14635623248318097	-0.3418592912202509	-0.4814191597949588	0.41016377449960156	-0.17709946724666265	0.35420736562132926	-0.14291302395504002	0.3133435317961526	-0.2148588744534101	0.04039971598547553	-0.27338656628524277	0.15386443225483462	0.1274215656313943	0.10126679829380042	0.3202996441659261	-0.4163887140909456	-0.294296878546239	0.5957633385032738	-0.5314919843579307	-0.20437845864218265	-0.08600599527592824	-0.19637720783444698	-0.23856003443970414	0.1144018048788004	-0.30654717749512317	-0.1394119453090504	-1.6654431372899907	-0.1779697980450174	1.1350132507691901	-0.6477170290721885	-0.6029138110808161	0.39331357915839654	0.1304281270549958	1.238094564201103	-0.30439590624906865	0.5385834487917176	-0.38253482869133365	-0.451736070209315	0.33975073470790507	0.1521772891101907	0.7109209651826444	1.3251693537223315	-0.3190523211823609	0.5498739352843034	0.6669091803223847	-0.6224675137246796	0.8368344837008436	0.8902468212266861	0.15318666554667904	0.1893949295064343	-0.4148538350786148	0.38968227390516097	-0.1618154519538738	-0.6025972526180208	0.20011934361519104	0.13210154163703228	0.08636251524225293	-0.006876688662047214
DTXSID0046010	-2.312903280059308	-4.016190827751418	-2.166574705763541	1.2347512067315711	0.7327465881343822	0.2339582773279636	-0.48070511781469283	0.4898849550278174	-2.454040271611012	0.5517885473834538	2.359100021726959	-0.9663035419711153	1.3118444297832144	0.31861608503781813	1.1642062511374045	-1.8819115447672667	1.5762582468418884	-0.1711558202492397	-0.4040319669978227	-0.4979856250647182	-0.4485564887885115	-0.22032560797760067	1.738519855543663	0.15356205188945507	-0.55110120557501	-0.06825335954303416	-0.10214751763535912	-0.3597628939514403	-0.3214259171193602	-0.16904825640303747	-0.3771416462800465	1.3007384088541833	-0.21248503134836577	0.6621255772281379	-1.0091696060248805	-1.2848263556781252	1.9136641186880394	-2.2054919226283207	0.5509365825821384	1.5866251529717745	-0.6134837219475557	-2.3514627424533656	-0.2351529216522266	-1.7836386224330625	0.9972337225728664	-0.7832598894866429	1.7322177897937507	-3.6821362154545634	-4.101716201277717	3.6596305289999713	0.9100321294487079	1.2638900781553917	-0.12622664322516014	6.141732690552805	-0.9281068523498621	-1.6382324599602367	0.469265486856336	-0.0457380430536215	-0.2898351690614665	-1.14883236035941	-0.059747825926079835	-0.4737312161897876	-0.20148483356004823	-1.3980619240303473	2.1349612722741482	-0.3071177252011357	-1.075194353230775	0.8392242848840248	-0.13978341678576026	0.2618279821312767	0.465966099603959	0.05119800960177772	-0.09622580356785035	-0.7506912749160035	-1.1881567815515464	0.3111127320754522	-0.3470966627162692	0.9266248164856487	0.24694652210027054	-0.046452116133227535	-0.009970506086254768	-0.15797688150876327	-0.15563745876316462	0.22087649291322925	-0.34576170023469777	0.14242966256040343	-0.33789631245566953	-0.061194048163941216	0.5971492403549402	-0.43877406784482725	0.4887236984109574	0.45405845078583384	0.8609973922455677	0.9364489268024403	0.30579847903884316	0.41669118031021035	0.2395658809695216	0.46291443168929475	0.7642429389367598	-0.22466711566440728
DTXSID6046397	5.152749990982345	0.36916639625817127	-4.927844761157601	-0.36520128190179213	0.8012122636394987	-1.4159994135628564	5.922550846425963	-0.24661872129817722	-4.339303172073238	1.572577219955415	-1.8769094620849776	-0.43036041670912994	-2.7663779672531783	1.0110849647605813	-1.6751586183780778	-1.5138339591888008	2.8527914631198494	8.018570325393677	0.9672345009623589	5.7373312090849815	-3.9913152334150013	2.5450844046775254	3.9691718134535434	-0.907450154798757	-0.5395121646056388	0.2482092308580642	-1.9754231678861054	2.3964176596126583	-0.9685749626756803	0.6809791163617767	-1.2301706581323024	-0.6380761902392689	1.5939786329804102	0.028704474814394646	-1.376321258392176	0.6189125800418311	0.6747832231360203	2.9675766247742286	-0.10791183607344557	0.3236086539340628	-1.8245889474238135	0.5663636035077948	-1.269924973163084	-1.0173665256894948	0.3697047595312233	-0.19822054951385482	-0.21988477379272503	-0.14251864082508522	-0.023909444272271457	0.8419126509318091	0.4328948589708197	1.06383517809272	-0.2702492013884133	-0.23003179605111726	2.100575081482433	-0.2913090340106976	2.181997053728408	2.656933007827204	0.6470909835962739	-0.603749833685751	-0.2707669681692161	0.06658175305305933	0.3057544416158152	1.3505561953874297	0.6124860284495994	-1.4958777970491013	-0.29153244437247167	1.0453060940407717	-0.22635287094195503	-0.8132993390087491	-0.16523361380151397	-0.0315993245422421	-0.015436708286419713	3.755927449489939	0.5069717136455921	0.5481168243456888	0.8767539453605729	-0.5127856655144358	-1.668809380281934	1.6977643140924925	2.089925173325692	-0.3120334829725048	0.9791854682409084	-0.6880553265796358	0.27030444183920843	-0.4302015854595239	-0.31407260064813197	0.1970586682859212	-0.3841081259568626	0.7818257552291205	-1.2049137629984132	1.1652770573076598	0.546137110489801	-0.19127857353174071	0.1889284116393328	0.5331008972840529	0.030951191786215887	-0.23736438196523438	0.3528689359648515	0.7229294971758188
DTXSID8051704	5.232615471415846	-1.784482467102058	2.995883097766649	-1.2166725670565697	6.78754016001442	0.18021229112965811	-3.5204292734224603	0.7147360716714106	-2.7072219112380167	-1.6528953728771483	-0.4013818645084463	-1.1681108634401334	-3.1366827376156947	2.2895090451785114	-4.86907568227278	3.482481950446573	-3.788909649752526	-0.3595722589314373	-6.082365998608045	4.178352567450282	0.7873560600686785	-0.3217856996800746	-0.2726052145478398	-1.9289689912983583	1.7347428089879402	1.9420240869458576	2.799703206009314	-2.416818671155723	-0.8654622584137581	2.5895764525065967	1.7254623585843734	2.229574305967906	1.0032036330229528	1.2718731239931227	2.259509782862538	1.757066880410936	0.35515785241704045	0.8060864111849579	-0.39285025186003536	-1.3360491602173814	1.480499174734	-1.7220683446927627	-0.4798469253552902	-4.426679636830179	0.1285062264971261	0.993835888678355	-0.510953261069131	3.547173377898433	-0.9987178415233307	0.3810896262328869	-0.5831450880750434	1.27565256625694	-0.15220946666709262	0.4670633622844633	1.6742745302483588	-0.45461895621690684	1.9485822281671432	0.6143440958024471	-0.4753072249319507	-0.8558251478006946	-0.3274511837482524	-1.9105458474996737	-0.9384431457214822	-0.5629132187614502	0.2936145970432808	0.11393091520928343	1.86563666857963	0.24809303618842468	-1.3651447496799543	-0.39695460407477373	-2.0520283034955327	-0.42140722063644526	0.5752906165543434	-0.46901944297007164	0.5841599662545653	0.7788827362660301	-1.359391659555624	-2.0831279082417367	-0.07817082850557287	-1.5788929715061863	-2.415590307332598	1.5802150245845332	0.18293524186655494	0.37342707132731234	0.5133296291253352	-1.105061465101553	-2.3209775616383883	-3.294650817413428	-0.6182016996886098	1.2948674954521657	-0.9219515094298516	0.6784749060910886	-1.2962533406352874	1.4977206308247106	-0.04452002010295235	0.31494691082241805	-0.9270578794026522	-0.5246027997549575	0.4405364859363794	0.19178760695600303
DTXSID8048575	39.61885551789371	2.480079491143188	-14.376718660158058	4.82649427188978	22.65567813375903	-14.22623575694544	-3.3179613569886413	15.26500755916705	5.253331206507655	8.954342435603381	-11.232558864342556	-5.524900698455754	8.111551329010641	-0.6715177705430462	-3.429172579946648	-3.8572595571981587	-3.470633048045747	-2.7135515093561065	-2.1210749311442942	2.496588749247447	-1.7196691164135631	2.045115528699105	3.7348087157425667	0.5735965100462486	-5.020430032181264	1.2142596171126547	-2.2371367869085295	-5.941235942035778	-5.43273690665617	-1.5267369358405984	-3.9266179908405925	-0.4979168263187371	-7.534366292734455	10.376006631424632	4.82293508368416	-6.446269470805122	-6.4346788865856315	-4.72874701292611	5.228817330492436	-3.8342254690002124	7.523491194572449	0.156974655357173	-7.104238897484397	5.527067991752359	-1.8162462157225896	-0.5837802664511902	-4.9700555692336845	1.7469077803669975	1.5258697354728659	6.026502919621844	2.8400017282100114	3.018917869812557	1.0442924715002	3.3596212809484802	0.9090921798702106	2.0727351575051167	0.6293883582444016	6.469829004616367	2.5552159053118104	-0.9612939328080724	-0.7383254917673354	10.284702793180873	0.06631061768833969	-0.6496368953293248	-4.235104024603055	0.6559687971946684	-5.856769398215828	0.6363270993960373	-0.20120928158722162	0.806428533098781	-3.6406189665200017	6.74083148402153	-3.9737597584062616	4.981027516117982	0.7956324090769271	-1.112124610996091	-3.965776602439438	0.16538463353704413	2.502554429121946	-2.213979963894172	-1.2394809664904403	-1.7080108493663502	2.7925408639405402	0.7663844404998107	-4.504765697939784	1.8026952379415326	0.41046099451217327	2.2940960659080893	-1.5780853347229404	-0.5617985381416626	-1.0144965622478745	1.03763528677302	1.6341675180075517	-2.4889559897444764	3.209208061897794	2.0826893861451006	1.725048211633917	0.05178450023332624	2.0359447879211565	-3.1883910561093685
DTXSID2032421	7.737504946326909	-2.0731855362933262	-8.242030073812646	-17.47011084347028	5.041242328940194	15.126813597001231	1.4526739157372752	-7.87249017152166	10.334255014298662	-0.4213543896265303	3.6661755690445514	-2.3803162756682763	2.9072440769457764	7.3117578140376045	0.281754560817904	2.993630965419649	-2.5888322586457937	-0.7653072940099184	3.6497257463098833	-1.1419269040657798	-2.800184121808892	1.4556151119414789	2.48185776830746	-0.3770489428593768	-0.033403608674022575	-0.3399133833879739	-0.38518510492642183	-1.2160934611030838	0.9478447357684097	-0.13130210782577215	0.446749873626031	-1.8374164470270415	-0.846162987938207	0.3169301790461423	-0.730544039064894	0.20084717954968195	0.8987573917568895	0.7429861764965574	0.3057330332346799	0.7905824095435043	0.5076960735499384	-0.22522032528578195	-0.19944489106454494	0.30047377460960745	-0.28365643716865413	1.0103763952958351	-0.6932045975029809	0.2823905123861553	-0.17371794669663043	0.7904009518242578	0.15723470923664845	0.558531062530732	-0.30578700530573544	0.3540487709618918	0.6283846306936203	0.8407535454199396	0.8258771704151938	1.14926611069185	-1.0923468220381825	0.3978627987909665	-0.03789597988688695	1.1196343383327705	-0.26370683550985746	-0.8109125720393703	-0.008971190561942032	-0.6089591016155895	0.3895671492840498	-0.6613619012425764	0.06500791671505991	-0.6380439431806	-0.7678469503000038	-0.3897990897528404	-0.3742170045000637	0.14915696791717176	0.6936979089087386	-0.38653106502587187	0.4923082926292157	0.3241877100342374	0.8212740936441534	0.06467105235268042	1.1448998051956478	0.6396125174999584	0.61588901061981	0.60138095474882	-0.2033818914318321	-0.15970607249104368	0.16042562751593742	-0.17673852524332706	0.8267625277116901	0.028839642572892066	-0.3289269005657636	-0.058125403139930455	0.5409136880324116	-0.22926796554863565	1.404496632764067	0.3682023896963802	-0.41776264037693706	0.035909370085904876	0.36240064924986315	-0.05983510801408375
DTXSID4022159	-4.0562389745101655	-0.6778866797957595	3.826739102188988	-2.688626142319399	-1.3157515912714193	-1.3476611295773608	-0.07259006000270869	-0.7743978732654345	1.027989516358971	0.61453933976451	0.48644094103620855	-0.0028709811059598493	0.7701476645403822	-1.572169297914176	-1.5449385670312028	0.02333765272509225	-0.2491710383742772	-0.5099490298714544	-0.15810217209345495	0.50038935399741	-0.546985666264366	0.28427661665916043	-0.23303683756555998	-0.2939397292748087	-0.06285138014286053	0.24510159658706412	0.5930758812368374	0.7391244463558505	0.4163133449979934	0.26057270413556066	0.16883975339728813	-0.14278399691488186	0.57339084633661	0.17637828808157593	-0.19527994822048964	0.49442651301559304	0.143096899602016	-1.0469227059762705	-0.6887819908271833	-0.050907983702123696	0.5171215598392601	-0.7131624797100042	0.232250052992593	0.21913089963127408	0.31413054324107037	-0.3444600093924322	-0.006530844243139289	-0.45944586863119224	0.06397473567040185	-0.38074407620062173	-0.11359252741356923	-0.7732283505394374	0.13533866778377632	0.13791536546920785	0.016024542600833722	0.3778710005583311	-0.257539581556902	-0.007705390601238759	0.4902747102389441	-0.0009435566444017837	-0.428350421545329	0.08291979567637431	0.1560623819251297	1.3774657189664197	-0.650892867816787	0.5559597737530716	0.21567249004022146	-0.22765960493686038	0.12172875146990661	-0.4221709522207169	0.3889875928335255	-0.23788970756048897	0.06892609064897497	-0.05160683424269828	0.7264411170995106	0.2039906441653239	0.12766886358608232	0.11398481708734952	0.6472252565593237	-0.6570346463490162	0.6443950940389518	0.23252475339332385	-0.05678011258106397	0.303750204013607	-0.030362472997670316	-0.250321472137882	0.2642792372384334	-0.30046471746949266	-0.3882330359685892	0.38502699883164065	0.21481435410667074	-0.39497436606909087	-1.157674931357694	-0.5606571512755466	0.12185071942835785	-0.0786667718133546	-0.1619166784242237	0.049493130046667846	0.20582928741444492	0.02142649346667231
DTXSID1047156	-2.5650719354428193	-2.13512829589022	3.103588991967298	0.5075260867473057	-0.9242666817653744	0.6767498441683423	2.10174698391579	1.228108759371694	0.06360533384687389	-0.030682115620319944	-0.9217327039745762	0.6257426172352643	0.031217160667676398	-0.007148789342699671	2.4281353127776266	-0.0824507933155036	2.3391247090074505	-0.496462843184983	-1.1549593629094272	-2.1401618131072007	-0.3689164358671384	3.469812798313058	1.8280068988231968	-0.8898659867775705	-0.0351767217964155	2.52008080237317	-0.5516139204243372	-0.1116845068441171	-0.8451381363644686	0.19755687899253185	0.8507496554592592	-0.8400324431787226	0.15187256465368665	1.1087731234443856	-0.7846858302172863	0.7671169960658389	0.13601875987709913	-0.5176660773143174	-1.8450497675394575	-2.09429134800401	0.18140765099256712	-0.31024858957866014	0.9395354104245242	-0.5544897113065649	-0.8610748860149727	1.979007926715188	0.6767139845627759	-0.4658402250670957	-0.1543373650550347	-0.840823441990888	-0.2572490417616114	-0.09190392769892108	0.050585766057057134	0.014060625531447447	0.24006657149806557	-0.6148749957623081	-0.5798400339839401	-0.16431984862446739	-1.2649791546426046	-0.2782452159555473	-0.5052615969650156	0.6528158609516358	1.025451079441024	-1.1793255739768327	-1.2848564739838428	1.214235068354689	-2.29759448496844	0.2776036838473861	0.35435859637483874	1.929481567361539	-1.2274044122612948	-2.2372397547509135	0.301776514308781	-1.349423630330771	-0.4092089516906839	-0.655634157102452	-0.14861258628283724	-0.1420278034769484	-0.4897829326742193	0.955006885631498	-0.036590937193468655	0.18468204259943657	0.4102147055198434	0.3927297891874451	-0.373127048808736	-0.07220337409131387	-0.3838415951397187	-0.5588600313294471	-0.1326019709703405	-0.1561881059100234	0.44215400026558943	0.8473839487046795	-0.9656170370495083	-0.1508346411516637	-0.5784287752816902	-1.0185661305990399	-1.8357283871912766	2.8104708015057405	0.6591748416720027	1.7162665243970798
DTXSID3046875	-3.524355360166848	0.20622565554530706	-0.5948509993459489	1.2189256534446793	-1.3617839914128524	-0.9788544761705075	-0.7722102331983446	-0.32164614146513687	1.2631283695573026	1.0750110093600396	0.6166872152292753	-0.3337043098806992	-0.13463934573605757	0.616239116897952	0.6010622941147026	1.1620479607386938	-0.150389191664855	1.0649356457051469	-0.3005876014018436	-0.9593348400673192	0.328417840460821	-0.28711496580299134	0.9150887871236777	0.26942406865565066	0.01525830483363474	0.1911197452395955	0.8760019163345454	0.4318370236969379	0.26745735925105546	0.13588746803011315	-0.28681116939712076	-0.974167572549677	-0.7493201886055098	-1.1474507920175325	0.27930603685346916	0.6849679024620166	-0.2969942512849478	0.1816033451746582	0.3065861065786899	0.14015923987046283	-0.14198262132381748	0.3668379149546224	0.37955777936971025	0.646214567078692	0.573618365871991	-0.3474518088684818	0.5504886125346545	-0.10541148813609595	-0.03296005879674438	0.4456862076809509	0.24580327565436755	0.24379257856925604	0.7235306501165567	-0.039361473994999605	-0.4866893338777128	-0.6637913923784615	0.1220997138848798	-0.5293584400142991	0.4470445163614982	0.7500369028040326	-0.22999712263166425	-0.716985190526967	0.15269735824633834	0.02004818119262409	-0.050781748793321216	0.4825817555392485	0.7682673513022303	-0.2619955063982213	0.005130952787824718	0.25177232552643164	-0.5574498547545627	0.49987836732505386	0.19814141497790527	-0.3000143438462803	-0.07083982805701192	0.30972771706190716	0.1123882380704828	-0.24910077289188812	0.0844885179494014	0.18846855419628947	-0.25186389198530823	0.03250636719932302	0.5661260194181554	-0.2971349673085914	-0.12560522636843724	-0.155506204138746	0.5124697085498431	-0.16575137813060295	-0.27971246965784047	0.10914908500038598	0.08114323225627137	-0.10753327871126549	0.5029626571860756	0.1470894756046089	-0.019507826374104247	-0.09603830718061482	-0.3500367736713319	-0.3018372490984806	0.047260185405016544	-0.23098580682453668
DTXSID4046492	14.420084583360802	1.558564523990706	-4.870821484799846	1.5582237347351402	6.968771565745614	-5.931444000485043	1.7747865163062921	2.601287343275635	-2.017026973887987	0.3473907045526698	5.283559857812433	-1.5528089761164887	4.935114401344818	-0.23235059556408966	2.7128896795846216	1.135945969671172	-2.4104058884417783	2.434965824556654	2.8148955086428193	-3.2429713807618374	2.695995052400198	0.3044519082365875	1.3797296739337817	-0.10439702213248168	0.5229222835369973	0.8581215844665145	-1.3598738653140516	-0.4277738575496822	-1.4794784101621945	-0.5375046179772676	-0.649092085334872	1.9494579857884757	1.7549906175917558	1.663648100053904	0.39661089372590574	-0.99210673200982	0.10631061469112713	0.26429628268023536	0.036712610672751264	1.4991767569180579	0.04116078832918902	-1.0839836036347874	0.008826153362052249	-0.9857700159121747	0.47091512444508316	0.3194000755648072	-0.0631116934875967	0.7990806774673209	0.6949396188086362	0.3229825690060839	-0.30564190381157447	-0.6461440764741186	0.07202002978764709	-0.3875947262397396	1.2224232906260992	0.4137899304345893	0.6217514853564265	-0.32863806057848094	-0.6564151982157204	-0.2408775793616596	-0.26805662283160786	-1.88734624459255	0.11534491074560871	-0.3679789867169011	0.20477930837290656	-1.3221388900428186	-0.3740783143467778	0.870442772399118	-0.07675000662168963	1.598858747588062	1.6598680871703482	1.3698654112164537	-1.9584065593034576	-0.4859976078705058	1.98723758674431	-1.0381206235454592	-0.8162413650029067	0.17681099436308326	-0.49522554630068083	0.005009884737824103	0.23373789089823982	0.693586029852993	0.20521822539059348	-0.23942135215690585	0.7674099680481887	-0.3602763772461567	0.730804786898659	-0.23771435509598038	-1.9911299798266449	2.508262157854821	-0.5134853482008972	1.3520547467592083	0.14326594866333045	0.035649598792293895	-0.00459867949987096	1.134549837324944	-1.3863235336375088	-0.21939653322716746	0.19262682032662123	-0.84923800915711
DTXSID4024062	-4.696297379053797	0.7068336817214569	0.2685636832816178	1.683875003092534	-2.017853620266451	0.6274964783358151	-2.417654041179388	-3.368644115563261	-0.6405880589657427	-0.5676737744954297	-3.8169036542060004	-0.4319884736563615	4.117086083031504	-0.10568157906327731	0.7167575280058619	-0.52569029268647	-0.8765758354530837	0.20896147850383212	-0.5360834134626538	0.14192680870146324	-0.11648476722087106	0.28208025843697226	0.29661123956978686	-0.41955458692238723	1.39555346423811	-0.20788527777728974	-0.5103744266270647	-0.6637995332953306	-0.37810815465981074	-0.07037613733274577	-1.053975136969605	0.4558331989668534	0.3012635424927193	0.5460347525380888	0.755854251252252	0.5778595561948385	-0.8743107027262821	0.41460976595311283	-0.17592119972429407	0.194393582849362	-0.36717674046445375	-0.20940839298191133	0.012804472968629169	0.0400846167309947	-0.1486628864654905	0.1390802660305228	0.44015178559929613	-0.34816209582953156	-0.2641278749244142	0.09560566130438446	-0.028476643492223085	-0.43046416176253754	0.3957982147261672	-0.27337609892131615	0.03154285398071528	0.27570812131323985	-0.5341510080000106	-0.1914630336602159	-0.052585017763419964	-0.5348397418018127	0.5010787758291027	0.24273883230590435	0.08666367393839101	0.6327371371717833	0.21851778816177186	-0.5893064475481058	0.20502219881098183	0.6675313494412424	-0.20954172640243282	-0.24580863735729114	0.0670323987257081	-0.05782431418421194	-0.43194594982432727	0.5637465877095992	0.4817627468135166	-0.19546172456423558	-0.014626174361262305	-0.5288369212199118	-0.11997663011502227	0.13110481413661162	0.24391498188106653	0.7417624259653606	-0.43121133804403433	-0.3304983322497669	0.30857007551105187	-0.14325714690973126	0.008723372420902946	-0.2047469818891764	0.44019935966400975	0.3153908512877156	-0.2701606672964611	-0.024103806972797757	-0.41120113826216204	-0.1626011107570569	0.09049512560408199	-0.2728185789820629	0.15340672835444072	-0.1012486447740073	0.22931169681644378	0.08276351881047106
DTXSID0022854	4.66327201889368	3.2855615283311366	-0.9521787441346241	2.710011772589983	-0.037790842981808674	1.2511830317383135	0.5156474661141152	4.790143942428476	0.9524747327349548	-0.985403562026252	-0.20117753239150113	0.4050960781778243	-0.5626370116797286	0.9502659093460523	0.9589965915961629	-0.3852908144232646	-0.069119567322714	0.06945669355997662	-0.09619834834589937	-0.2025014983490347	0.9392111342002923	-0.07339681127661754	0.9774454558264153	0.3625310161109447	0.7966222758311404	0.5346147371241777	1.0924521523952833	-1.3832053531097657	0.05023116181657332	-0.33978580707367123	0.5476742836517153	0.17098825650817503	-1.0081836383101166	-1.0129060567000192	-0.16040672880343193	-0.21030014805816408	-0.6027119935394587	0.5715888568915924	0.45144969457454776	0.6451746409203749	-0.3825264934081	0.8235824247566019	-0.42357759598775746	0.7188039029989345	0.17763765887985436	0.21220714748199276	0.6013280355599232	-0.22121997231210594	-0.10851525975439742	0.5684784873634885	0.24499005427966025	0.3784619926879505	0.1283318345615636	-0.11960764938095043	-0.23700766201537202	-0.9777733085081625	-0.2727766475826018	-0.2385833812330376	-0.21256111231275615	0.253913097960984	0.8938449214637313	0.15547957806433207	-0.2886170620030997	-0.17372888762728642	0.18747358243010495	-0.683642218717032	-0.23155294349871736	-0.16265595611463202	0.819228310169941	1.1450727449611844	-0.604563665967104	0.34488944950657735	0.040571516255565036	0.6419948204480634	1.4022013986316353	0.7760126344397383	0.17629529397317434	0.8325402337385024	-0.13762289711586356	0.4334751278975398	1.028673162760859	-0.530250680131768	1.0403608757103497	-0.2573660580357596	-0.637412909295385	0.09971255841270998	0.5172283724923096	0.7672499261143886	0.23890208760298634	-0.307552997020283	0.8269941568735847	-0.20371678391073453	-0.37001663336267715	-0.7535833288624771	-0.13829261175603308	-0.058464846576735924	-0.5246588762900409	0.30865160256896235	1.5824123315666558	-0.4739783381449551
DTXSID8049412	-3.9254175315872435	1.4270411868829453	-2.4058603998268806	3.275718599409946	0.9002808402831806	-0.72189219583546	3.4011005018299825	-1.334308309431837	-0.4159505972511824	-2.2431658838256356	0.9977142512357342	-0.9003482588551551	-0.042239616426955166	-1.5404118780810154	-1.5223749714923578	1.5500595167746434	-1.5080202766732067	0.9243125185741771	3.0589053568942144	-1.5791982575100074	2.7180325718787217	0.8453338926788536	-0.19022115819993413	0.7656102058153272	-0.9136148878625261	1.157444729221858	-0.3583789562404304	0.3114740458190623	-0.5193974102014003	0.14283555024411124	0.2581085953173637	-0.16834674783849546	-0.48098880754315265	-0.08199485114267947	-0.36865740133758484	0.5933474432217577	-0.187664335914659	-0.152904688614879	-0.26808229400080585	0.38226033252850516	0.10720202710895042	-0.36557447484263966	0.2505977450225894	0.08429668909139278	0.3023044897725334	-0.9267791709594096	-0.17967489986934346	-0.3035749375012378	0.04098404317352575	0.04452802959292992	-0.03139533444766839	-0.421670357701311	0.028745293015445168	-0.3498388582488168	-0.4346062119899989	-0.011233658056834107	0.4875033684275797	-0.04807790761998144	0.6110882428789607	0.08635562749674347	-0.2697713000941688	-0.2994589018987824	0.5107456256743704	-0.29178973199699365	0.13356562680265627	-0.0331186653917435	0.02600961891300322	-0.09533751138828793	0.4121212411561159	0.3786853479473411	-0.09657050892334823	0.5020800090610436	-0.0312616465406968	-0.2220068278321205	0.18716393158396644	-0.5294106396140846	0.27299315279239245	0.6249779497991691	0.20208813159009084	0.08596694751087518	-0.532690766178825	0.49202223849439514	-0.7125794074773378	-0.06830382259437676	0.17713780444421887	-0.3241436036012605	-0.4238796624594358	-0.27229416021932734	0.5815169011536175	0.31420206919805305	-0.7017833026430584	0.3613926509093655	-0.47086445117107356	-0.04442191986588498	0.3687763884771784	-0.0459399677505086	-0.27288804313848325	-0.04194785537075745	-0.2688758764377119	-0.1435167389045607
DTXSID3049201	-5.046230856886931	-4.096292484637929	-3.1852384455075105	-3.395669639028983	0.18478989832931514	0.7692356447953521	-2.246209608072229	-1.3367235873282575	-1.6443159257111362	1.026205382256596	-1.6058320065378655	-1.7598643965120089	-3.5110056145643136	-2.9200654116504765	0.36164107747767976	1.4595692253312262	-0.9267048746482034	-0.9775901963931863	0.7532092729949662	0.6060911086583445	-0.37174577545596477	0.08989842563867965	-0.3989662975158367	-0.3572379615563132	0.6165856059703859	-0.6108069021842004	0.35348255961287917	-0.5984190347945714	0.60721108814641	0.08823472418665815	0.9293462548313239	-0.4435689297316144	0.21348789766483886	-0.3876156544414786	0.9017489874566175	-0.28872357959490963	0.22431833400530707	-0.17310354666263522	0.23805448117880196	0.7628670261289491	-0.29170484368491995	-0.47548964765792695	0.4388381237888761	0.3766358553936087	0.018430092838641568	0.2510002401424532	-0.3402392726124595	-0.1805114755177635	0.26235156995930126	0.5607948576337238	0.23496135311985591	-0.23666638057648295	0.23092560667456466	0.16132657437779413	0.17977809827578048	0.22252926514625154	0.039963593477395164	-0.2919510544207159	0.4020554516063893	0.30396785096309714	-0.37948848481820546	0.1754201608308483	0.4593403238262187	0.5382681780471874	0.11595250304745199	-0.2906171210901138	-0.3463553675329854	-0.18053611164627156	-0.11816318244547107	-0.03287912412300529	0.5934976146127947	-0.07303187952478835	0.06094455020572507	-0.3812252171555785	0.4781254256270584	-0.10173855542510875	0.429162971293519	-0.5254290706767287	0.3949807861745781	0.6088892950437662	0.5735458113792498	-0.27508139039023805	0.6963194728084952	-0.40095985207842144	0.2945273218640713	-0.16548500306104047	-0.6484040729525368	0.06252202383645752	0.22198974505111985	0.7974483391169255	0.12468040717571882	-0.5786562524164645	-0.02628835905150428	-0.7356547049866113	-0.45210263414392493	-1.1041594524014526	-0.20511639748879462	-0.4446461192556751	0.14628046547935064	0.16792666132791004
DTXSID4040686	-0.1351521762995397	2.552165420883929	-0.38668116050253803	1.5218688714795063	-0.478771992339018	-0.7003176162231618	-2.8141047211105015	-0.4153449903862586	-0.7936345945675837	-1.5404843151928551	2.6517733126021557	-1.014187597244422	1.0537744389824075	1.0740905496891326	1.7972682135251377	-0.6475952919337196	0.8114229548797196	1.0175675206274506	1.0767372857013775	-0.6780114575990357	0.1881364216928898	-0.47756732096965254	-0.9753362092414867	0.7799092183538009	-0.11071301231476564	0.5966916937751495	0.4857395606365745	0.25493936507634923	-0.3872948856818758	0.5771332672165068	-0.2759231510670045	-0.3904114651645467	0.49177466963499644	0.9042007725159309	0.39367548654580165	-0.3847520418685276	0.9608326266890675	-0.24081519385228697	1.0938768948497772	0.4149172359238523	-0.748108009459859	0.5149011377744418	-0.6570661004093857	0.3057344226503913	-0.7003903827174056	-0.06247969408642632	-0.10588560264700526	-1.2128685911891022	-0.013609463362123337	-0.5482805837145348	0.297368153398516	-0.10416323822219375	-0.2514344225244971	-0.1963531139049293	0.6347641368203423	-1.1726792635748196	0.4225111103480265	-0.5623667003883196	0.6048638066956067	-0.06274175161823885	0.11682401887884045	0.5241775651232382	-0.5941816150355868	-1.0819623446897673	-0.10742872859383741	0.6333157146702391	-0.13388303347426983	-0.36005585678107777	0.7747141295000319	-0.053763547803378386	0.7718964437488737	-0.9770369771138956	0.16211802284852356	0.032795227500330974	0.21878189281126517	-0.5949280520518695	0.4586728428436221	-0.3617461636563396	0.07785452503898975	-0.8968106593767119	-0.8419920522708986	0.08576916144918247	-1.0315676116241619	-0.0763013777251882	0.36054741759336745	0.6529437117991411	0.649810251501081	0.3023722513766637	-0.3016412243155984	-0.15376423396535577	0.39254849168784695	-0.7633190490016193	-0.024719648214947067	0.5290015909233812	0.17862693242111347	0.26179720302989834	0.21876091063768943	-0.15484512580409324	0.43706128322161913	0.2936190620120807
DTXSID4042337	-4.869491418877504	-2.979844273689704	1.261736794850757	-0.6519387599491887	0.8136440256766723	-0.8396110657657023	-0.8367789522540178	0.08286309835021163	-0.3292703791173517	-1.2552311463596695	-0.7311381334978623	0.17914648272451908	-0.5544355746276901	1.4489065932885916	-0.2888387626645291	-0.15167128353971837	0.21361603538307217	-0.20086959637680288	0.44008964239499226	-0.43627715562262964	0.4281618860880053	-0.14032478516851313	0.6113627832623186	-0.14283928850140792	0.2763547939123354	0.03161033461613263	-0.5155835777620051	0.005560392874972254	0.01349042435498716	-0.27672576367344903	0.03513015393436987	-0.07844004504091276	-0.07734418113783156	-0.4682314915969654	-0.023448281926721444	0.02656680006254026	0.25185247684183615	0.3506696259515167	0.018106099999425005	0.3960322427367324	-0.16141511768206568	0.014026945499130266	-0.32505097171198655	0.011081425236508798	-0.3568942105656657	0.05645827175180567	0.13605756970770647	-0.16570126177399502	0.0769126757587118	0.1418778339889445	0.05158470552352917	0.052136719990843516	0.07273931887478921	-0.18070947345318952	-0.016321908710977998	-0.14768298942856523	-0.05816895817546585	-0.014018505674158872	-0.07681400256174296	0.04205301909975013	0.17505514796818905	0.12550012212963255	0.4200661601492551	0.19322185504022776	-0.13727708971199742	-0.4523819729500914	0.270255252022578	-0.6011792746947346	-0.011415791713320146	0.5642689304754502	0.2893139619159236	0.17119246046242395	-0.032553233205191906	0.009141714994832857	-0.6914286098595701	0.10810371456967781	-0.314208174236984	0.394987641757272	0.1905640708528068	-0.2904905319270605	0.10790435208532485	-0.21901650645394008	0.024660648018136055	-0.14838036967877957	-0.1168224130117309	0.0212598458035614	0.1298299539224487	-0.08524224013725222	-0.03994460705234445	0.04307708151664987	0.37573645478817347	0.1555103185763337	0.15364000337265954	-0.12006336998627143	-0.2499018503374307	-0.07170071430577414	0.07352787480363608	0.03181125165342137	-0.11026376825751012	0.21635461782382792
DTXSID9036646	-3.1383852064736066	-3.746087715901349	1.334800284486771	-1.2371669885537373	-1.8175592432004029	-1.5341899029106603	-0.22139742706620583	-0.5449030199166429	0.3459331981398583	0.6178607556634964	0.20458342678421862	0.2298777885747403	1.1048460147977068	-0.5647547318531048	-0.7540240237321687	-0.056751901191153815	0.44499307088178425	0.3704048252094517	-0.2737532948226407	-0.7877947468618588	-0.05086388895736552	-0.3121566960413398	0.304366433582221	0.20390115402006959	-1.4189549790472282	0.6815372490614049	0.5994700781534636	0.25202696739568586	0.42292032500341264	-0.4929473617811582	0.39510650805770087	-0.18916322338144748	-0.449413257297994	-0.5827872588687635	0.07069788222393317	0.3100279337207577	-0.21036819708168883	1.0458693246715671	-0.08465969058982574	-0.3599902168370551	0.26537460430482546	0.43022814513517355	-0.04946195373251004	0.14767062393988267	0.11961929580744773	0.23750550706386822	0.29543893451594155	-0.5005333717863605	0.007458448172970327	-0.2639854534214029	0.11090612380338906	0.060805129280584985	-0.0040934579707569444	-0.00600138086678386	-0.429832427572861	-0.3580035555788681	0.21798274244646745	0.06643967305458157	-0.15568505022711998	0.28237601014791686	-0.00963123235780685	-0.2328448841044087	-0.09296288268417593	-0.5244011580563507	-0.42734633002771066	0.3683690541586234	0.1600807071580307	0.46444828373684394	0.32611241697529336	0.09796950296150794	0.07426824296172471	-0.1643668206743491	0.3884414344031706	-0.20411677807489345	0.10083181096226074	-0.19078296427228966	-0.10715847155548883	-0.05813877731106451	-0.2412054715607909	0.33424171016423404	-0.5049874464883003	0.4166072095207408	-0.27399364797826475	0.11963315658288741	0.001378597480168625	0.3915238827444621	0.8085509319932567	0.1848786390453224	0.12204466314952161	-0.42098015214021667	0.1171735289608889	-0.07467425209585178	0.14992275226829124	0.16040269153767614	-0.27004048154406335	0.16734391881436725	-0.33381873394210904	-0.14956068019076962	-0.13837387043857302	0.22479394072738765
DTXSID5027300	-6.582946233704911	-1.3156897250322432	-0.45825914855577843	1.9966189237882355	-0.025083443353339483	0.7177983043271644	2.7187885722475595	-0.2508543517877115	-1.0211682342109012	-0.8922157946689728	-0.16200430399214683	0.1408040512590368	-0.3196743608746889	0.1888362337461753	0.34634885073534005	-1.092386845112275	0.5222166725148414	-0.2872321837847346	-0.6506356302423252	-0.16319717999696173	-1.3313866428988377	-0.9158598655642839	2.0757107578459895	-0.38847611994743025	0.3032178760012513	1.4263745673032546	-0.1614887613662049	2.8068798812204094	-0.05782317368698406	0.3863240694055614	-0.6706922601112577	-2.112107943164377	1.1096054616861866	0.6336243670037999	-0.5060905248390708	1.457622245189335	1.3169253809795918	2.3989564390833564	-0.5863770453320852	0.18675907442222828	-1.942352525696583	-0.31993583762579497	-1.563293001414413	-1.0584483762679986	-0.24281089352723473	-0.6041688458449916	0.20942174714197145	-1.2526667486534677	-0.14603670583320918	0.5213079801645752	0.40277317628202153	0.17465343270093625	-0.17854353199110298	-0.6432992741610323	1.8854354203390062	-0.2510234795612102	2.091807540905156	2.473479609934928	1.1205010257615622	-0.48850535465110617	-0.23987508889912892	0.28176138765996533	1.3333067062382076	1.5097595140978692	-0.20515377410542626	-0.7102629302438294	-0.5631917643429788	1.1202388840020658	-1.2597295100215833	-1.5074421021385709	0.05474799919773911	0.8076785874960065	-0.5703704466909792	2.128246325392813	0.7034488784474993	0.02261564076538053	0.02560864870368724	-0.9241903210508905	-0.5923406544747114	0.6767742860450289	0.5021572555983195	-0.1240083656383659	0.9092684546973703	0.04239303183493368	0.23587937563556283	-0.27775672316137506	-0.1831221890112346	0.06876065905575372	-0.6797413991493059	0.06925830800852802	-0.22094637398033623	-0.234048566618353	0.0208135615169498	-0.9943200067486972	-0.3582411443440494	-1.1689806665231974	0.048555250425414476	-0.009418379303624935	0.18473748260339978	-0.1906970885448072
DTXSID1046213	7.436915335958847	6.070650821864796	-1.4821957510688044	1.2778100624591782	-3.8924819203765857	-2.6044256070998677	-0.1268549881656548	-0.5801993764601612	-3.1142017169745975	-3.7171140764615145	-3.780003946524813	1.0625858213702064	1.1406239975946175	6.333447248504167	0.9477188223645175	0.8210830151258826	-1.2409701449727	1.40038080252534	3.152996331808898	1.5489206434797196	-1.326823344274219	-1.6380115560352848	-5.558544643643044	1.839905152543902	0.4870553139220221	-1.9191714902193506	1.887137981244622	0.5770700283028217	0.9321697682669796	1.2574416778810098	2.558882138773063	-2.9110928630438178	1.9833174710151893	2.6887093762011416	1.4590084388880264	-1.7796527017651316	4.0051195746761366	-1.0292933602167085	0.9601283140248444	-0.831347676354619	-0.4539539529930242	-0.3798031714030083	0.6284455524753311	0.13486573019227005	-1.3593799139017155	0.3812516929510946	-1.281794957204992	-0.5531519620825911	0.5692789091220815	-0.23874846415039042	0.8011558061581626	-0.4172460134243455	-0.8234056145164315	-0.0045093933116469136	1.8407075154969852	-0.3740656602704129	0.7211934225013712	-0.6939875099832464	2.9084244881564687	0.23283870272569418	-1.3859188400977256	1.696596320465761	0.13823508542844795	-3.777241840326055	-0.9361261632759931	2.0099407200442148	0.03395605107696242	-0.5375084708708178	-0.20153692934027684	3.186377857893871	2.0751845676397056	-2.4754368214986284	-0.8458578461722411	0.20362276338542717	2.652817324957863	0.736105047098333	-2.2452273342265507	1.4406015080221761	-1.3280863215939698	-1.0449077169676078	1.7144872677447438	0.24946415982089098	-1.0051441119636182	1.2590842318474944	0.37777974498692724	0.6235185729540069	1.7468564213830267	0.8649763770719251	-0.8718022035233859	-1.1181335989854908	-0.3891405905387243	-0.6700277736078293	-0.18093175368446515	-0.805782131744425	0.01178735412524192	1.3116534787367617	-1.8656294316180688	-0.4540999771560869	-0.8389314919480187	-0.33917705487968564
DTXSID7025716	-1.0731915793302675	-1.4616721777417894	-0.37369452335360875	2.0011555203343367	3.208219572371938	1.0245112027961825	-3.0774225688716794	-0.24730622250511033	-0.027543587724343687	-0.6635799082422771	1.1524348107905835	-0.4692956922633677	-1.1724905166963444	-0.03078299861595866	-3.178216443081199	2.1218915896620967	-2.1888816938465623	-0.07563482657379487	-3.375281396799197	2.296958939836671	0.6657773873252324	0.4409807447575439	-0.6735536162152258	-1.0314680569305719	-0.10982436429646382	1.6833697202694202	1.8634980301427022	-1.1212535719024912	-0.3804419608663434	0.6621312345842394	1.1538131135405285	0.9414929594138648	0.2153521073034788	0.06453677642094835	1.8452408480448694	0.5555438753339986	-0.3008856548368202	0.4940498488248193	0.2703905148989491	-0.321026410421608	1.2239052566682285	0.8603253427932289	-0.5012838953484177	-1.072315431855581	0.15062833943141787	0.8572587671821064	-0.6197026059278143	0.426049151042207	-1.00812252451306	0.2893171950069656	0.037012251428543086	0.4238900850587101	-0.02618762331427624	0.7341497785967488	-0.300914822902585	-0.2426059270353392	1.3202902895445636	0.8207321622418542	-0.8512135615352834	0.06505027148459613	-0.49225962901891884	0.25132060721912575	-0.7139064136390015	-0.39904536461369833	-0.07712445386937675	0.7641748085415245	0.33173292251958486	0.22143385267147492	0.0034202446175676427	-0.9630753188677682	-0.8547496790915046	0.3807188149387997	-0.2736540261286704	0.8254670744990074	0.37471995605479896	-0.7436975857086434	-0.7289558642314308	-0.7143206158200645	0.01522814104224981	-0.8407194811477585	-1.4328380086927126	0.9529002086635631	0.3557121029450612	0.6730329198679713	0.1422375658315296	-0.5516104441254845	-0.3548740656004519	-0.40463334732001927	0.11274087617568598	0.47594934010041867	-1.237346316780375	-0.09411592987882422	0.04532772370051457	-0.7525467048665901	-0.8420201334787986	0.7991448220071716	-1.3242009225435654	-0.27312911379611454	0.004521627496442369	0.409433138916688
DTXSID0041987	1.8691854662772749	0.3553085474338589	-1.4682229221918048	-1.370335779155724	1.1386849676274753	4.6955244249253845	1.1766442640261339	2.816885505361142	2.2004585734364475	-0.41373827009999786	-0.03283279041579347	0.16478544984335328	0.21427241730415753	1.347786485499892	1.4198689171762744	-0.9387616289162448	-0.251874995819918	-0.7627102900481721	0.4975798671907629	-0.6332916325194998	-1.1210972345779004	0.22473984218518256	2.2649912753131707	0.04800827857085189	-0.003417079759052234	1.874485481963644	1.3297200496527315	0.3668225278524577	-0.11461020847060396	-0.6706671373177188	-0.4998051376254772	0.3144019780633893	0.3461951237402265	-0.37301185998509306	0.9714311577427477	0.3522445781786927	-0.4850275259633429	-0.2670577616982747	-0.6214515650179018	-0.04146295949742316	1.1461077601996421	0.38212494377837664	-0.3135278182061741	0.7802773911491871	0.117453179335251	-0.021641567203871597	0.7800375213218214	-0.4193810327035714	-0.03568868442244954	-0.5482247175417782	0.25809063651814396	-0.07264041444357848	0.5103658978511721	0.0643962581712626	-0.40495491498079117	-0.6197287635000092	-0.06066309046123662	0.8351282600917351	-0.17768148211751775	-0.48876676059118945	0.0431772137828085	0.12920354022595695	-0.7558926479187066	-0.49764689407246776	-0.4803481124772053	0.023416681330700618	-0.4053445895948721	1.1047156514242922	0.42819651655900615	0.44594787696163796	-1.009527150852082	0.19845069818624275	0.41178821356155554	-0.7317356969492117	-0.06399047329702479	0.7454239454202295	-0.8449601494253439	0.1316051139943538	1.0082017482974301	-0.47137210131820667	0.1748888978409423	-0.30085557080500874	1.0179151490130718	-0.27009865217388157	-0.9597806995332903	0.08269149828695482	0.8421112424492906	0.30066684933906396	-0.5896544561917789	-0.528805425072479	0.7629086288589181	-1.0554914287181913	-1.3082818990390426	0.6472903022687246	-0.7837547005173293	-0.8208584134184036	-0.07191358844408006	0.07968003270550895	0.2379818292907827	-0.49748642428108153
DTXSID9027314	-3.770165101681378	-3.287188762298811	0.305094127347341	-0.4472319775913169	2.9836394603751577	0.04398542474447868	-2.600955354996606	-0.07328811755457781	-1.4855741333699022	-0.8513114534299947	2.561681453356158	-1.4994572958353838	0.8051568640458859	0.13925953840209368	-0.07118048904875326	0.14013113700379082	-0.16384026321116343	0.5790994536985213	-1.6072183539542244	1.3879341327038277	0.3729523401145616	0.36915511809498763	-0.8286060272592548	-0.9365510637375095	0.8886363169498369	0.8539993425980593	0.6597755867574812	-1.2196131284463088	-0.4786503859766924	0.7713489716433101	0.03324659147646554	0.8836417076509414	0.3801706313520785	0.6441334184776321	0.7448716743001593	0.2844034167485485	0.4938808871756164	-0.13818972783137615	0.10208104330741741	0.22575076080332548	0.2620526889675642	-0.012704596268220502	-1.257320633384148	-0.9955948557567221	-0.15257809089111507	0.3728472372276479	-0.09203310033584794	0.10112676562761981	-0.2244450885820952	0.05892044562856263	-0.07996070441171886	-0.08402584053181279	-0.11308044369632357	0.06991861964626853	0.24928055334790009	-0.08370678714551295	0.6560464579873359	-0.014084247569379319	-0.5526105387293085	0.14146329669536253	-0.562646063418896	-0.3618947284453134	0.38241551347748415	0.09148891228632794	-0.33001653881459825	0.17438948890794795	-0.6916544386562355	-0.06274680522417707	-0.24879912309374433	0.1620366071344649	0.03892710587593259	0.4751692291926883	0.34889806074680857	0.19635058169818642	-0.0315838505827894	-0.4022507746859443	-0.2589373923253806	-1.2603334067230183	0.20819313923455907	-1.312113980036995	-0.5974867791881225	-0.1672147842885678	-0.3649999668177241	0.025967469167297173	0.33337139544143063	0.07479045052445116	-0.616909912503331	-0.542213513963258	-0.016525708554854315	0.0678810094452199	-0.8803762991793421	-0.2200131416123946	-0.09529817769228217	0.7077281178123009	-0.4932730442915463	0.4242600567963212	-0.33530868400500885	0.22510405656131155	-0.25107196865534337	-0.21521586621565617
DTXSID1057664	7.716779699629321	5.126450615589647	-3.9125001982299525	-0.21848722273620538	-0.6990601187452105	-3.3525780336722866	-1.0620483196097088	-0.29581872787275154	-2.6016822751707247	-4.3353586075295105	1.0540755492797749	-0.44917601399100204	1.0697721423240159	4.304609994799747	1.228642271130834	-0.44755135521991707	0.2892161068083216	0.8153658057430215	1.2140165959889138	1.0135468361121973	-0.7714119195747641	-0.3987418728139489	-5.335385971003601	1.7707094643065642	-0.7135665565892939	-1.0046522272613854	3.2097392326722143	-0.4356558762527378	-0.17544343235455948	2.2340252817676545	0.7505602464912028	-1.7174729444028585	2.667342152998526	2.0358464062232384	0.7983489552278942	-0.5386817215021188	0.4303221973974181	-3.3007753656814587	1.2314499217128272	-0.12505120758175883	-0.03698405631453353	2.521581870227525	-1.7318694609217324	1.9598428078884578	-1.8915546517934645	-0.1336420913505809	-0.6551760348284972	-2.182850274800943	-1.1422703772970557	-1.2866584125639438	0.39809310548813037	-0.7215585448934597	-0.8548790691994386	0.8440468929249825	0.7977827916374872	-1.136806658897327	0.4545807911964118	1.0144470940797932	0.026847148702811414	-0.3418952878961492	-1.100937763993195	2.368068532587739	-0.9714730043603655	-2.0388380745747177	-0.8297865294023603	1.1213171223655767	-2.131216380077926	0.23656888580686747	0.8219384503127933	-1.2077715646711769	0.14131214039211507	-1.0893879594373648	0.6252070297442617	1.1457286736039967	0.7923728199732758	-0.6328153895404692	0.2116201118178347	-1.6728866199819203	0.09498734667980485	-1.3296319612609067	1.4877959363581348	-0.06947362229010198	-0.3014415308898606	0.227232090963004	0.7046694546467894	0.3196179455987885	0.08802044387496484	2.092804588377866	0.1496975876012297	0.28333975352924085	-2.264104853741491	-0.7625491571051007	1.178791597215687	-0.525572113476334	0.03203155140334037	0.013065245880948134	-1.064910817917612	-0.18489882174454192	-0.790770310695309	0.03722435194060775
DTXSID1040742	12.361111617435542	-5.999041125658487	4.170570430860381	5.378176995240925	3.9504462948271244	5.368810795078199	-1.3905666234715626	-2.4909547363613895	-1.332204665253968	0.8917246111138064	1.4107442555490586	-0.825153594859521	0.04395175349570508	0.9655872452483354	-2.859706622046666	3.2873615001066616	-1.6899348274222847	1.815626734404119	-3.9867644179269974	0.6690240418482336	0.4833939248624672	-1.281186533092726	-0.555205963525499	1.1159649659743665	-2.6353132160880666	-0.1419110881623694	2.2618230016905865	1.496084602512514	-0.26767146884853366	0.8717270754543266	0.9470522240984949	-0.12878291316754906	0.27762750714974854	-0.4034166094358775	-2.208098710391164	-0.6511218653561901	-1.1834192713737741	0.4062844653502531	-0.3156125458477118	-1.9264444522322668	-0.8682346892208552	-0.5018301553923428	1.020877035837673	1.0405608935477737	-0.029913702633083128	-0.42150453301474056	1.1665296066358928	-1.2669785040900123	0.08922014908147874	-0.22533415383895988	-0.03291077818800216	-0.5713497183785801	0.3165247801933224	-0.17333028784816762	-0.16872423498596903	0.08895926497124416	-1.1024930269384265	-1.0432733710528888	0.9181615430050134	0.8910509126800742	1.7155504828533104	0.6074500550671524	-0.06643461743105908	1.8435573988593714	0.0698590411616312	0.7560814594173652	-0.5219626837375253	1.591073392979974	-0.3264030405260701	1.4243259866388014	1.56833751571181	0.5184797946273203	-0.13035605293804775	-0.03301130399327807	0.317166144210123	0.6581741468085232	-0.05777414620018093	-0.040136129281668737	-0.6746499391856846	0.6005242889715255	-0.5063533914503738	0.19856786856143574	-0.5678182778052787	0.37857743868895766	0.5075588868011767	0.2195561273417597	0.43902350976786425	0.8697542969179954	-0.15714111041088563	0.059352635572755615	0.4278247334011616	0.5483334211810352	0.14287104192837968	-0.17206368347289974	0.6063047128478549	0.03844097901882569	-0.09021683864531399	-0.11673387282135117	-0.8213945241380044	0.183590032626432
DTXSID7026867	-0.37273376740989006	-2.446810214321027	0.7713138351899677	-3.1132908924437603	1.950543895431039	-2.7090545337821057	-3.056000749706983	0.22311414817952932	-2.4347148909377503	0.42893719862069946	5.814130030025572	-1.625226408365614	3.4494386148098473	-1.4410970526291336	1.6757442768705197	-1.3719686002463347	-0.046272462859439374	0.5766821359553839	0.7203758415230495	0.6278421519519509	-0.5171332056685078	1.2923330405448517	-0.7858588611381497	-1.0900017694344255	1.4083641873095307	1.306243155674902	0.3062342635058397	-0.44298559070962285	0.03341704578171169	0.32544628320849794	-0.20516389309807165	-0.0027734842171613576	-0.4642947130026946	0.35194786352891827	1.2139541184583484	-0.5182795493791829	1.0307721187649772	-0.04962980471511791	1.2159504657001383	1.1638811139933583	-0.47470359209689045	-0.33795799931190307	-0.724146416745238	-0.03773318573141557	0.361711032046426	-0.07204042380443001	0.2647504216792294	-0.3300062257752189	0.3853129747291305	0.1212649313664159	0.1002613771698067	-0.11139000811679833	0.1215292861230608	-0.389318167443182	0.6093715152808871	-0.824300395367093	0.2157986495725954	-1.445188116691503	0.27646186062881184	0.5317222847240423	-0.7440188674489383	-0.8865133388057567	-0.048595733902639195	0.3266209272460281	0.13463036640611958	0.42701187862807066	-0.4370281922592549	0.05201648554537527	-0.059632272402468836	-0.34886549762186353	1.3664662243915289	0.11000851628693045	0.05928735065841662	-0.3117033630973605	-0.3053638729309099	-0.12329841606511803	0.7686227074227654	-1.1099022688807574	0.041785387544470566	-0.00038737912787295824	-0.9143788807445761	-0.8061982845790968	-0.1751191860543797	-0.3479940335890394	0.12007503021299798	0.36599650313948956	0.7813753539405859	1.173384610924145	-0.024280670296475907	-0.24337047881825283	0.3179749862878325	0.051412036025878224	-0.2111046697538969	0.20685244716507822	-0.5798044568469332	0.06571118716438588	0.17831256498898737	0.11397760552929213	0.14589249850069094	0.22111097454452538
DTXSID1045245	-3.500795366665806	1.5157728415556515	-2.887986632076082	2.749988144808264	-0.6548905788321683	1.2636648488534956	2.1812716853380283	0.3455119162008584	-1.364770625057733	0.8689011675041407	0.45594633173140325	-0.5928773361888843	-0.2762880655118448	1.9807796660225954	-1.7779871392825322	-1.9864769309529322	-0.1690854254209651	-0.07464707155527082	1.1457391356717643	-0.30284758798651873	0.8984617368617672	-0.7532658502483525	0.5975067554021805	1.1680210510141593	-0.7308245557617572	0.16173050692516924	-0.5720034354302815	-0.8485447381997583	-0.38172215267104587	0.24528168413093995	3.2757869766389924	-0.7914933969363779	0.9366252738574357	0.7402270518886634	-2.8999745032048074	-2.1233163994831816	4.60725216815362	3.1163537601661053	1.1113602261201352	1.917071113063972	-0.7966456197722629	0.7702903639089688	-3.569302094501815	-3.4063984714909212	-1.3479032490766927	5.159315430035396	3.724830707131203	3.11238257662095	7.755909715540915	-0.7787369489930842	1.8449049399555981	-4.962533597850864	7.482452611120496	7.468522069414603	-3.9438663222485153	1.727627513817809	-6.705925564541426	1.4235422317314228	1.0743176332836684	0.12162429814453038	-0.08755062290785352	0.3609690010185041	-1.3720445878609635	1.6186449452740561	0.814621570476145	1.964138989925887	1.7077919766935954	1.0211934550022819	2.5336488507958905	-2.8630487558913886	-2.3920469996146583	-0.23544324736538916	0.7191708642908522	0.7174930633390136	-0.8355801942986998	-0.7637393404557764	1.0362139849340068	-0.2673874791753157	-0.8702521421576311	0.4151138720305024	-0.8211539120404773	-0.37390357993066975	0.18085919025898003	-0.02362582868657128	0.09852231254137353	-0.15669542492848992	-0.20975633621728818	-0.3921671219619608	-0.6951535411615102	0.426314698020394	-0.6996380014512047	0.32382039084032294	0.46252085211415206	-0.6721558020347379	-0.3806175407072811	-0.11216164396890874	0.7389905736368502	0.1375038151869954	0.6564846824995094	-0.06264799713355251
DTXSID4046604	12.805798183354558	4.24490575944264	-5.252275222804381	2.0907834576729076	5.663981896580864	-6.453888777872887	-1.0571439428250389	5.176070900141132	1.8518177842111954	2.835653158786762	3.964912838719539	-1.9995951374411576	3.7692558707895296	-0.466873085880114	7.265147948383951	2.853118941925492	3.1238363545349412	-1.2442675643610037	-3.3542896143058902	-3.0765029594810844	0.28220346985924677	13.221862717785283	2.162503866683006	0.4664170401504892	-0.27492628639628697	0.2792288304929044	0.5731456043994274	-0.7724585209624761	2.185423261433301	-1.2585998332785646	1.4320248374096565	-4.019991185165344	3.1219451628239296	2.038503715938785	0.10512594902020135	-0.6341482811680162	0.025635587020025368	0.5113485661043103	5.002109468476502	-2.028942112451185	-2.5169562097624905	-7.463140262242036	3.462627802064984	-5.388984637950841	-3.4616311710102217	-1.7540182045533927	-0.7645846027656688	-1.067003604849827	2.5139535186083015	-3.439668296493902	1.2911070835395797	5.550486592062648	-1.7956703182864187	-0.3472852592895213	-2.424227127438992	-2.9518666420535467	-1.906001029440702	-5.374852957918886	-2.3746535996196556	0.8632320551499445	-5.534672036610023	-1.6823877743434692	-4.311384673624612	2.7453463736533417	0.29117202488464994	-2.6776365169590957	0.573837757264283	-0.6541802074883918	1.8586305953317133	1.5796623692256995	-0.4582114298606426	1.9650029305876449	1.7222829311647752	2.7112033200207617	1.1124491560891707	0.5897649501992347	-1.6505072236418186	-3.0896509236956278	-0.6447312619877301	-2.443026382663422	0.07353596999447859	-0.12458945261587195	0.5693442538146962	-0.5385631169364794	1.5080801111350302	1.224743609403317	0.01130364738801847	0.7439122283896605	-1.364062230864023	-0.0074242582978497045	-0.6661793131700845	-1.9626664829441358	1.6305965113384107	-1.481168336115589	-0.7414437379076502	-1.9815807657378222	-0.49257062192886164	0.9933155676405773	-0.3116023531748323	0.9710674779861187
DTXSID5042613	6.9685856956514165	0.20493721958282252	-1.9104967806134396	0.2119447370210703	0.9440271366825268	-2.849531831156094	1.9225412689914212	1.5585157921340718	1.1749815876719483	1.800981696113972	-2.524816111588237	0.3233576878186761	-1.0485707782109681	2.8550480799450453	3.2763286129956963	-2.2082044594809824	-0.910704834106043	0.7972878828636129	-0.4720934609962294	1.956561958051155	3.7744463183124664	-1.3500849474456709	0.0952896468159423	0.5895283491370678	0.07532821723153274	0.33958776469288626	0.944977142291148	-0.06460203960332524	-2.114816414664602	-0.8115138466989261	-0.28011762237666477	-0.8365931180333406	0.5037180219636795	1.752303468598489	-2.4286099472097455	-1.769236949447262	0.5481310546044977	-0.05153284074509015	-0.42479647297065287	2.634721694909046	1.8944057383657125	-2.0701728358727665	0.647637186751218	1.0687075426774761	1.2537306986103391	-1.6083601807091952	3.6191244967544205	-1.7924564899017226	1.2538821965129818	-1.8543983427931496	0.3962044362566835	2.776424184045884	0.07592640012750547	-1.7919691083875013	2.263208391463983	3.461109986194573	-0.23320192261957653	2.9770446602321887	-1.603390388934308	1.195799862521833	-0.5921769619190227	-0.4715394842990241	-3.376205508697385	-4.465910048126637	0.27561464618422304	1.3932971146250666	-0.12333104240310815	0.030329274870873793	1.4982496056379058	-0.4649333710591624	1.7572343826691337	-0.9323274972578096	-0.621560782617102	-1.1422447195278858	0.024708138391523086	-0.8771252969762083	-0.2558361092932941	0.6724695342168964	1.0997293912821138	1.3699194628190026	-0.685425065963381	1.880556288504377	0.5575753870247083	1.5060618139833504	-0.34276634903823217	3.837881244696315	-0.08918546209468164	1.0516163519648967	-2.1828495413739644	1.6230577977586487	-0.6973657057622139	1.7355350163749645	0.33503065938071724	-1.342209493376373	-0.9640201900379148	0.09393110170417619	-0.36790857916310504	-0.6115038358830581	0.1539272744934449	-0.40296402249321034
DTXSID8040270	2.1182560672089554	2.8173506950926615	-1.318009404750682	2.191529543174314	-0.18735033495678824	2.2013802896555874	0.3487490206871119	0.3535991029768886	-1.7663669372231803	0.1942522916371735	0.17069380407284523	2.8472010131948546	1.104237053265159	0.009867651803022352	1.4447916878072509	6.888126831992562	5.795049324633623	-5.335197997348062	1.4015974869790508	4.450276633182921	-2.324620699311671	-1.3676907243558816	-3.1073550129207286	-1.65923083071873	-0.25720759387371595	3.131550706294407	-1.9253837385504666	-0.5116670975199458	-2.2226044923372843	0.505273534595662	0.388411355327677	-0.10789753914540103	0.7281601889124495	-0.4535202027845418	1.4174646810278522	-0.8613759682619139	-0.3971890882054723	0.8715177618736191	-0.27787021388138544	1.3715822443207122	2.748511197526841	-0.08810460863083298	-1.452076961062691	0.9924234005145225	1.4652694383180778	-2.2262958071709034	-1.2738425528818242	0.02919539282689762	0.47680756360559695	-1.0965989922258106	0.4185427134187323	-0.7481349863166994	-0.8340536424948418	0.38529966186700604	-1.9382641060538024	0.7874090365501819	0.6725229322177871	1.4932472647222743	2.6348012220127	-0.445157037066228	-0.46203837925064817	-0.5622806775966982	-2.3702818707888755	1.6244245402590132	-0.7502345031838115	-1.5353346449529415	-0.5251563451480514	1.7839633063431124	0.08375200014202107	0.992885352317144	-1.1026867267875657	-0.5667227429785178	-2.2560889112155342	-1.2827394318145882	-0.7597836084468044	-0.3551361414305554	1.0441988018544959	-1.2762483560496676	1.5350080690120158	-1.0328664178707163	0.18194346861107605	-0.5898282742035469	0.42666468776302735	-0.1797077548898183	-0.5891858833825487	-0.9216362019427007	0.6352404328209853	1.406478040765825	-0.5244911597666512	-0.12443316580280184	0.7878582648676301	0.40219331765538113	-0.688825800462774	-0.04725466392947637	0.2793698775514674	0.8734477420290084	0.7347583741813289	1.4295559777528974	1.035739621864694	-0.46483951370477117
DTXSID1025853	-6.78742717602546	-3.897862184516458	-0.7428697760534989	-0.004342480125011525	0.9892274797123285	0.21366845943004045	-0.8167835086922399	-0.7383495314492998	-0.18929195884851485	-0.6302897205686355	-0.373454766012601	-0.3865377136805062	-0.3363542967837283	0.23363938342635387	-0.062495392954302294	-0.0617580879362242	0.484087087505557	-0.2520474067652772	-0.3110973244693288	-0.37786131204014173	0.23368417084811058	-0.13728513661981068	0.7762499788434845	-0.1411874557379712	0.012433742780547674	-0.14265536077062546	-0.36489699549402665	0.379707044612539	-0.10514748132069107	-0.0013749589699985699	0.2460006117801714	0.18057155820786405	0.1559615674691759	-0.5177733430032551	-0.10675213581820063	-0.5775209289148374	0.22741335470906068	-0.15031718630063706	0.24941334567116052	0.1565053652554273	-0.22428491970356634	0.1416403509079033	-0.29466462443272545	0.08479541438432912	-0.07566847551345289	-0.019487274338076923	0.15381736854091996	0.1643764657745527	0.0030227265368299844	0.23524296467407538	0.10778913027964032	0.1706369258368887	0.04626311302521094	0.10632606194732079	0.0811054012483696	-0.26064776343310175	0.32539093465800295	0.018174821137985405	-0.06505161628677145	0.02409641544384128	0.40938218920807684	-0.08085041629693897	0.014000670469711514	0.12011017861051371	0.0901079476015216	0.15400463731349995	0.36537230726859027	-0.40649562171762516	-0.37416177287234365	0.20190804860769104	0.1738716030432391	0.19741020669555495	0.013793672873429542	-0.07565066763113042	-0.8297999164315837	-0.290617514974805	-0.6146527168459327	-0.47725423871612743	0.12192821355221695	-0.21239220061682923	0.02271644208365227	-0.1639574405298634	0.31536724389117193	-0.5898693984435108	-0.19829113050199024	-0.5738506030504661	0.08165583438457752	-0.15105172397820765	-0.01620834131199074	0.2915097746875056	-0.4638035529049178	-0.007885366023960089	-0.058773814854192884	-0.19005565560325766	0.0013575393783752648	-0.1052225636493401	-0.6812351371800672	-0.2800723603859347	-0.6514480304204188	-0.1376419181972047
DTXSID7048663	9.271784776366248	5.006348145278085	-6.253456354625998	-3.6815560092550244	1.4315936028100662	-0.26471961414865347	-1.013653041073469	-3.9251540856384692	-2.6456120893932313	-1.2307078242233649	-3.1373684349386792	-1.4374862706343259	-4.611836260445012	-3.115650995075911	0.2941578461342053	0.23015133238335353	0.9771351401221476	-0.278142568250997	1.1297753741730974	0.26619032279372384	-0.10374438902887358	-1.4835967490882276	-0.12507619118497126	0.534329293184282	0.1388088061423908	-1.851989097602177	0.7104108863814242	-0.5197473667682935	1.870666195562911	0.008278103101154184	4.19867398933771	-2.0167405610053173	0.7983270713980053	-0.12277641873939592	1.425501739473169	-0.7954202380089854	0.4139758825028041	-0.3302791561314802	-1.7220033859710888	0.20629232710810785	1.0689405277314636	-1.0791833297194011	1.1178547061155166	0.6655100474301202	-0.9015070361729786	0.6035211513907343	-0.8239302914396925	-0.4875682976491893	0.21946775911890504	0.49187375570723324	-0.1707504787620942	-1.1504001047551449	0.09596035029937348	-0.13593759333284025	-0.25267186699491934	1.0005956538644651	0.5401673698851316	-0.20217153382767042	-0.7086314170364245	-0.05867632872441392	-2.002823312332409	0.08728301761600568	0.8829278179330603	0.17734945873633842	-0.048947773077422776	-1.315040248715066	-1.3781834031380058	0.5520907619358569	-1.7941563416391095	-2.0122539477818178	1.617249201860167	-1.6481952290127837	-0.7650386888056279	-1.0896954402789383	1.1059775307710011	-0.41554683727625613	0.9274102118310457	1.8398659825107289	0.415868095608177	0.5066587910000221	-1.8791326370555606	0.12838848137284745	0.11746151214927358	0.5089450492733049	1.8185026854519504	-0.46779222796952663	-0.24092108887175262	0.08626586314810658	-0.7148977478057814	0.8955371004684981	-1.997588276604505	-0.4583871847577223	0.5134414658560416	-1.0125470176754605	-0.11290434510611469	1.7731410423003946	-0.7652644297661977	0.7164973424956046	-0.5412133136569913	-0.37556330906245394
DTXSID5026124	-3.0730174386678546	1.3753489313199259	-0.15135095977150806	-0.11148569556469692	-1.685419485111263	-1.11636719272816	-0.20691346644342443	0.5853783503151834	1.6079323734012183	1.340148241335896	1.2749684324061912	0.20791868585480863	-1.1209107071322122	1.3123416400637828	1.8643277500710467	1.4032819314506149	-2.939450063106939	0.4634318457755463	-0.8154842536474118	0.22669598090812143	-0.9586169364596905	0.3623825190420976	-1.541965050867929	-1.361624674829207	0.7885567757149259	-0.6639604373861221	0.5017836656229572	0.5532677812807895	-0.12936113615397324	0.5447274387817573	0.4438129400737363	0.06986063190826727	0.4214815393406757	-0.516504911044904	-0.28073617385859245	0.2189806948832643	-1.500222237277031	-0.9695662455219433	0.2877068759054529	0.1196902766164878	0.021274009935394227	0.04902807517820476	-0.04742289135534979	0.5732856229193526	0.7312953487404174	0.09688225509689917	0.814812156359347	0.6625670297193137	-0.1839638409683059	-0.17563713128216107	-0.01319172191195766	-0.11244714181551185	0.5126159851751172	0.03920950936881076	0.45739047708108393	-1.048574966369399	-0.505666691747303	-0.05213329521791182	0.21740521103058497	0.348847666355948	-0.01826125559097119	-0.6629377740459148	-0.8917036884233427	0.9177061145692788	0.32038229590914613	-0.3436828877556652	0.11479772001128193	0.48071082689924144	-0.3714111481159131	0.13213533785466106	-1.0703165436761304	0.3266807243136763	0.5405686342236411	0.07539676569594053	0.03903640843681583	1.4540747062190116	-0.2580198325834647	0.2151191705647226	-0.2181307366587307	0.8184190170557878	0.30022823139028276	-0.39901804539262437	1.0889432285309788	-1.5299030968847815	-0.19819254767387573	0.026916199860978346	0.3483554788439768	-1.7213058097863951	-0.521014550358745	-1.1823079840649586	-0.024111385906947523	-0.5725887127304833	-0.9898984947472197	0.3602159539300152	-0.5049012995658014	-0.3925120676571626	0.06185927529781724	0.32708574130389373	-0.14266536539394625	-0.26189041704206933
DTXSID2034382	5.049864652284077	2.673050526842223	3.8808537530010008	1.6903914366461261	0.4406554319744519	-0.7572015689380671	0.4038715504630224	-1.2406837376955082	0.0003173967382719844	-1.5309782524118314	0.5115752072170036	-0.061164546542172724	-1.558528238251631	0.08512546312504746	-0.4386822532316781	-0.31256211067470946	1.2942860839753718	-0.7361382120835473	0.27860465106876336	-0.9391683277683511	-0.9982159844340278	-0.9081538386892809	2.1036836913801293	0.07597067721420911	0.23645417720527592	-1.4204051479692763	-0.9797366043257433	0.5695344416195951	0.30101381109810105	-1.0208098089370787	-0.35673451984874754	0.8784972597137465	-1.1118173621694893	3.2447041181073737	-0.7647914190580819	1.7957929249379516	0.7782310397681984	-0.7712231412757246	2.418705162861014	0.08632556246225216	0.13042131139666413	1.708528644942888	2.9233336993952532	-0.323059674075592	1.311155028262173	-0.22376651698823447	-0.6778890192680161	-0.5155580533063884	-0.9424317030345759	-0.6501804735979939	-0.36540516891060104	-1.7035860879009348	1.4994753443067004	0.07428053060685237	-0.37013154660759023	1.9343105682414454	1.1475633760100161	-1.2913404122116179	0.07295971002535813	-0.8199824041536413	0.8749603198531065	-0.09996160327691361	-2.213403185981186	-0.023420578608239265	-3.2261367555805074	-2.310896281390596	-1.0421742426268787	-0.8484172155383617	0.41469722776156526	-0.9213699859724496	-0.12318866448457812	0.45145920161213055	1.1573877064782718	0.2624276688374113	-1.1506286901023008	0.5765190142930813	0.7492728744712349	0.5526067965341401	0.2647900567788273	-0.10064828085117715	0.46812315609912675	-1.19488052278591	1.37284587481742	0.4907121282677018	-0.2852976005673384	0.13610850737391134	-0.7104071883469834	-0.16497393835468382	-0.49269434557486735	-0.3712846659832656	-0.636412923240689	0.029539517859158638	1.4886438280475587	0.13673752125941413	-0.9321224461061794	-1.2035915925463985	0.3308317167603916	0.2607605513520753	-0.8084821932026989	-0.33001542885523055
DTXSID1040611	5.81180937904021	-0.5369009722167767	3.044748851029026	-4.614796898354723	-3.1498012529098327	0.8381883946717946	1.1640280682952582	3.295427957235135	-1.9334072500416983	1.0057433553104644	-1.834783618689321	0.6945645216430992	-0.40199489051646325	0.4691559023215931	1.004953281827212	-0.07801769554881989	0.32976602212477396	2.8875674805698166	-1.1217519688614954	-1.8422431867785674	2.9707117236529648	-2.3504883967773615	-2.638632286452491	-1.8562145642005388	2.32130029578133	-3.0783802621462617	-1.8680485811951644	-3.698549701790109	-0.42455818769162423	0.3308209969270978	1.5296500349330682	-2.0642246890064935	0.7837346290787625	2.382686445814318	-4.44226295363037	0.11082530692780826	-0.06857345488325567	0.3464314100127565	0.852759140354765	-0.9342670775748683	-2.3165339277104375	-0.8639706565235838	-1.1973824222849472	-2.1795098098696104	0.7194505981172601	0.15200496592971377	-1.1289016418482696	1.530340021727234	-0.6510759795816894	-0.15526480859463349	-0.7960251064740093	0.23437854320550075	-1.7873498217819328	-0.3048119059392157	1.1696661500278946	-1.0595742313658518	1.5719675064414447	-1.4493623066936843	1.5663946200720136	1.734963519542755	3.29284991298908	0.3009826967175075	1.7046995101945677	-0.10852633561319351	0.4587019490967072	0.8658041137812247	-1.024734661087541	-0.9722678703873637	3.711487002325905	-0.8788087155871077	-1.2104407373202042	1.2038450675492212	-0.2781339383930792	-1.7182724368217146	0.3166002049352491	-0.02903825900535361	0.11259615517232753	-0.8658892255229947	1.2227317028778348	-0.7040737613235971	0.610993284855075	1.627666522407115	2.128689033102921	2.3858386318241145	-1.7777464257325504	-1.9356505542373843	2.9616384709630044	1.4073063150811207	-1.530447376831331	0.10253691966918203	-1.561702002302349	-0.3929630886984124	-0.8874867401370233	-1.3134476488353264	1.9720209038702188	-0.005333745642204977	1.60000502852469	0.821760058881038	-0.2573433868369261	0.18281956635269028
DTXSID3021851	-3.2138238959028467	0.4028308193527359	1.4249746138034713	0.43398912474735607	-1.487061058002571	-0.46385698511257983	-0.7641336485326424	-1.18349910680133	1.4700335530199904	-0.1833280907012662	0.5207958993484623	-0.40811520607054264	0.014978370693931766	-0.4074231887278137	0.11402416750516174	0.29983483283732276	0.7378027863190509	0.7710019550985734	-0.6642304599590366	-1.0323126923768298	-0.006804754767985123	-0.6964186207376093	0.3674492588387657	0.11672206191064304	0.1471141349309669	0.036349607262076776	-0.3243495322985686	-0.5620218441119367	-0.081519060862362	-0.1391783065652637	-0.8526189142535506	-0.04096367182224178	-0.2405135683282184	0.051258131524025786	0.514141509161548	0.45405953372863206	-0.02927937945873901	0.4621699311190171	-0.0719822253759704	0.17776215226915898	-0.048835533476395875	0.07272683288981423	0.07234683743146739	-0.005472394487714704	-0.3374955730249235	0.01621573425220944	0.016033621197497336	-0.48650544302271753	-0.07163697148533751	-0.019917134737099548	0.06545960642399425	-0.0643638549738389	0.2616000378766458	-0.31101496409517637	-0.0892271131876121	-0.2628912404041714	-0.006525762876587978	-0.16525533406169213	0.13971676400366848	-0.07230728364312605	0.31972550895080304	0.2293582245472954	-0.1635499205909533	0.18870859369053766	0.1253278964762084	0.24590553391357337	0.26210722857577073	0.4256173944976459	0.25225271391608267	-0.27612300138020973	0.20850327589905576	-0.24223825374295518	-0.01691909139317053	0.5152786213900225	0.05260114512740732	-0.0058161075633311726	0.3773934006316069	0.2875016891691014	-0.03328192700596025	-0.025463871995796455	-0.16043450712493224	-0.009734765355932033	-0.32493638354881704	0.05265802438665493	0.19360408236035878	0.25781066404468295	0.32763578743870675	0.08159891659266225	0.36339904410722773	-0.13425377904013705	0.22222246749003813	-0.22462896450602102	0.0005717246181488736	-0.0787240078103975	0.2631231779262708	0.13072129206137517	0.008068960339738552	-0.22024383642852535	-0.3211997721523271	0.43971463421355245
DTXSID8042189	-2.5222779640452315	1.6700110284892349	2.0624751497237437	-0.20791264518110134	-1.542135695848089	-0.6967387804540242	-0.10801844164937602	-0.595318735551471	1.774710717331804	0.7794352856816507	0.6334755552198384	-0.285121443765308	-0.34242398689751624	-0.015545304846730406	0.8120294373165914	0.6444525580456105	-0.6688474272233891	0.9823057749359885	-0.2916065105251622	-0.2982330898672322	0.017156764243874602	-0.040313021528464874	-0.4629851949369676	-0.6745382507282225	0.8826406735756369	-0.9204293177528015	0.034294135055598404	-0.13663931063386034	0.06293736062923903	0.4152996391245584	0.19236309581939798	0.01989915243599744	0.6690827649329987	-0.30651815728824766	-0.6904165832641018	0.8599126659106759	-0.4992868390364821	-0.42916868850317974	-0.18179732410620106	-0.7012716812978903	0.2122131648720687	-0.016594508221880598	-0.6202452410510685	-0.31649967137464163	0.30045540433858275	0.06019324418473993	0.11246992370420346	0.32953273855256754	0.08433479389439	0.08480218603643518	-0.08089826287916281	-0.14848769639535878	0.23091285624337052	0.2434496247342183	-0.18941082777163323	0.26690840371877456	0.12205905500522382	0.10238750473374252	-0.06807193620879311	0.9428477351507546	-0.8935977677649537	-0.2716355980289917	1.0161677591311002	-0.033883281434248964	-0.3915666043757793	-0.48625442163834454	-0.2009679413286786	0.17382088062209594	-0.07734766368646495	0.8406041699878088	-0.9013546157002372	1.0778546129961155	0.3235164440327955	-1.0072870389070614	-0.5052380265523203	0.7164899574918782	0.12132923005786304	0.7345527200809967	0.4321442659340614	0.06138284061604568	-0.0007448334602226163	-1.2734341399725	0.6439295870338275	-0.06011559565698359	0.08887420532539171	-0.14842625432534773	-0.5509553512567757	-0.08598817000915053	-0.2131608655010344	0.6266314491748405	0.19390118399547868	0.6562712695341443	-0.10890152631312211	0.32809292343022367	-0.0207482829589608	-0.12980832561922132	-0.2573198169709559	-0.47719523748528114	-0.08681462299535668	0.8816722487236976
DTXSID2022125	-3.4726373042358194	-2.166295440202871	3.7013080801520597	-1.432465958096517	0.8009945602714786	-1.065813770783151	-0.5433251893367401	-0.4818173708832077	0.16930739675991757	-0.3888516197213147	0.01806251476577981	-0.14668017924098184	0.361086410755095	0.019331279462632463	-1.8626340592791821	0.25652914210351707	-0.6198952757776239	-0.22086365579256784	-1.2258458408226438	0.9392736442392444	0.16734591197257526	0.0267086862362826	0.5330000632945875	-0.3541819523219599	0.022238157355346455	0.902463237412394	1.2000745783542577	-0.6598184831029987	0.05422175075551369	0.9189079016120218	1.0519632180205152	-0.030971118083769043	0.13470673610901734	-0.16244398256740833	0.6591848471585282	0.7530555995879041	0.10585258425877032	0.4974931847789781	0.045008972587416755	0.22078198189731385	0.428563963975481	-0.0925656343572941	-0.45946921139647195	-1.2557333626981473	-0.02610954485197256	0.2879410113657657	-0.01349729894600875	0.6809532771101513	-0.14047107148541235	-0.01230296976125736	-0.042151140292746914	0.45107266989399236	-0.08445596652547875	0.23629620766444545	0.2924444199658383	-0.3127908208676442	0.7052454814478145	0.22882017193670054	-0.12147550976969779	-0.06826576102852167	0.0698843457311361	-0.6058200855161895	-0.3912648248195936	-0.5104937208504179	0.0586853451155933	0.5430610161304805	0.423551179659498	-0.13819827291235445	-0.27828071566804663	0.06103073898501653	0.12046158049079192	-0.0063167597427813745	0.07042937001866637	-0.18215001268139144	-0.2128998925627463	0.14507724175350029	-0.06312895027997496	-0.357641058166105	0.059788385818727065	-0.736173489472724	-0.8649753155092212	0.04228387399495356	-0.2888457555657998	0.12667708263852231	0.19350136776558596	-0.1883292963806925	-0.18204507356943053	-0.36677962419440985	0.016373832234514402	0.1829637924352385	-0.17682047728994343	0.010796741566878983	-0.38109776792534417	0.4506335292957627	-0.21037316569344494	0.3714959426424238	0.1670232105770259	-0.005847588937993759	0.18378432969928601	0.32826810327528927
DTXSID1052539	-6.582392412857608	-2.504498715619913	1.8154131836104876	-1.1179819019007973	-1.1005011510013751	1.1933227237414519	0.17007206526787266	0.26635958238018687	0.3529075612729382	0.3323385667383923	-0.2648006424695799	-0.10697941993649773	0.2042253307568247	-0.6498519579663748	0.4277523386826954	0.2527485199894005	-0.09492038912934064	0.13458486445935974	-0.15330914611949495	-0.5355824154075058	-0.02897289323151079	-0.15224586856007807	0.2955692193365527	-0.4434154844173705	0.1995731475780654	-0.32689410704779376	-0.12606853355926265	0.10325230985375222	-0.045459863005869	-0.057930981849252675	0.0013779847794054586	0.35065320611869916	0.5639604990406403	-0.16548527245940428	-0.05537197346029235	-0.09474092359363942	0.0658235562589826	-0.1812098332843152	0.10936574526719103	0.014807190523636543	-0.08378598067246303	-0.05219199624428612	-0.397403381405241	-0.28999831431390555	-0.2932206493300155	0.05724480065669519	-0.13808256695125593	0.13401893955336722	0.2012547418416735	0.08576227268386076	0.05754852800145818	0.010811136280538524	0.07119210242182523	0.032904806190330226	0.2616889454828419	0.050278235915303615	0.32403702062783224	0.1581857185865477	0.015731172462082863	0.18711594407200888	-0.16768673231999848	-0.0005899643705384826	0.15239247514838472	-0.3045981636205605	-0.26117856250254834	0.17142871946760305	0.22152092895300304	-0.04168957486939571	-0.24196522410072752	0.7189829308258007	0.19142396394082312	0.33663318989260127	0.09373320779375058	-0.1671311750955259	-0.7178412913025904	-0.014340921945171314	-0.24460005545234179	-0.17599859653100003	-0.17413328099928152	-0.10038180193872163	-0.16371926945541126	-0.9685661382862224	-0.3014814618536375	-0.6296765417695601	-0.005446599057876845	0.15968486733831116	-0.24229693732256335	-0.03713639219009967	-0.30945701551504645	-0.23558649693708272	-0.6531531748925744	0.4163666705190644	0.7153517164996428	0.2920041764017713	-0.03633874880230365	-0.09926136685225795	0.24272914403262977	0.3872357167534092	-0.17521366810013433	-0.5395810511740393
DTXSID1023283	11.354851648125589	1.5269597959510346	-3.0809069768895063	2.7691716160397912	4.30219045938209	-4.684959372675596	2.2209296698038545	1.5707597495587562	-3.10529346995537	-0.8010794169904668	6.2980757518019175	-2.948352104895486	3.491389431928332	-1.543475901628396	2.998691062922258	0.7425960175753852	-2.5196033425322057	1.4821405407923574	2.3555606735283567	-2.2540456683977648	2.252517850970167	1.1489488084285453	0.32143352035933576	-0.06823852327446595	-0.8312306928374531	1.647604733293698	-0.3688312475842989	0.1769563978291864	-1.4956553604959746	-0.8820772717855923	-0.8333171805731856	1.6096719558815522	0.8507221982756155	1.0352634720104597	-0.8414638111469818	-2.4783416835822547	-0.185313985287673	-0.17317494107673423	0.9808784875987466	1.825631940141073	0.606449928855026	0.5598659842578276	-0.2743302726487914	0.4694261334335653	-0.2983311060003514	0.24116873769061664	0.04229094963925149	0.3027928055957392	0.6640037461335381	0.5007969376204031	0.0880067562493301	-0.46931841898966437	0.08603937673812082	0.18201937477495228	0.772663031862593	-0.2639507202137125	1.638117035024312	-0.0818444714727443	-1.0387850838687545	-0.3467074129003672	-0.09393713693272779	-1.2175631181496356	-0.5431891527037065	-0.5985179582377924	0.28592935438599765	-0.9692981334746856	-0.6840477264454472	-0.2476797301068075	-0.2381275767947024	1.130187881991973	0.7695354340822016	1.6328569216070714	-1.8389335829163196	-0.39113288833779863	1.6334622959727587	-0.33341688710874057	-0.6532575806274715	-0.6602083120864419	-0.34987190001805396	-0.719451095120235	1.012405514591921	0.12612287568785402	0.6143883978406595	0.6518575192704792	0.05657436211982709	0.2120173993787378	-0.5626852883056852	-0.343686102785138	-0.7159766848954857	0.724128796408215	0.5356897098397477	1.3109803847618848	-0.4608392046813982	-0.023597438610750986	0.49271356704979974	0.012634180528113919	-1.5276753451217038	-0.11709918710445186	-0.6277643581985343	0.12080045393650093
DTXSID5044360	-2.7658142872210063	-2.521775199536845	3.4443236074963095	-1.0528015156201693	-1.4002990181672685	-0.9425717013612679	0.20355240671770383	-0.5175650323572024	0.483327425906004	1.0835975284846682	-0.14320253718272624	0.19410336806009879	0.902198143862326	-0.38998794055689223	0.07475025446788595	0.2026318076873678	0.32351756265878895	0.7259999139942783	0.0024834171859748452	-0.8162644581901276	-0.1564114487386192	-0.21345438290045726	-0.3256167022099781	-0.13060709055969383	-0.08996399380824881	0.12017404838372918	0.029712637322138392	-0.4124408192163565	0.4137467026236652	-0.5700348709710951	0.2738918681051205	0.1381075776546515	-0.20932532089433498	-0.1405994997428919	-0.09385700260605759	0.36552322015969074	0.0008036673606664022	0.5366659518093577	-0.4366389803135634	-0.45784598490111694	0.3679202075742471	0.11564817489304208	-0.40683840281429773	-0.33842561961896317	-0.13421395369116573	0.3953141100196406	-0.051239008182255304	-0.06803591410748301	0.14847008530433647	-0.2770785885091155	-0.029058458138303187	-0.09652799351795685	-0.14472548172829133	0.02189377694466462	-0.15768679406451036	-0.22617263555068118	0.00826919818387654	0.24744099846379208	-0.20816296634570952	0.2643116021218502	-0.41153368510871724	-0.048149472167969734	0.2639313024910323	-0.5483615269222432	-0.5127678366026696	-0.1392684036628538	-0.3134952311719007	0.33838214743542594	-0.10657916935324269	0.5407524914005137	0.13874535181349865	-0.07815283879064178	0.8035646107033585	-0.15812908098147602	0.1485317475355146	0.47617530517242873	-0.04524249933976055	-0.005909717994865663	-0.14597794359837962	0.5314815229089653	0.07817661381502843	-0.23311082631316976	-0.01926003661971234	-0.16104535903408682	-0.23563472850032616	0.15672823285180565	-0.2977096899973885	-0.023103710606659573	-0.398020549569764	0.12790038110110147	0.14241780827239264	0.5121809878677603	0.1854719343533427	0.7195628185047378	-0.4515764137193179	0.15831942100613694	0.044610770943119486	0.021560620984758264	0.09526038365063164	-0.27517607991727416
DTXSID4045975	6.2012779630853485	4.824012565802069	-4.7061747177570314	-0.8320681564405114	0.5206426165981582	1.2348870457540209	3.3915232817970296	-3.5344552548740906	0.5157658633557731	-1.5047592513193384	-1.3138021627385457	-0.39106411685366077	-0.005740989090161058	1.9055941276213246	-0.4016403544374245	-2.0061929421133136	2.33638057849731	0.5250658155938777	-0.7525060476024485	0.6814826737259244	1.3751471529048647	-1.0238983374797352	-4.050625786696942	1.927908680703063	-0.1359334174343091	0.3006351389496203	1.4879954075276698	1.716728836348516	0.031799996452765225	0.040654281842654634	-0.203845650482546	-0.6378109788484124	0.8879096319004017	0.12205802768867187	-0.050113964109669076	-2.1457148904429952	1.0888991865732844	-0.742305978111777	1.1524144711747004	-0.7385503440153481	0.8483155799820299	1.1454392274097838	-0.3177192479566797	-0.1512305824499668	-0.6456648532366193	0.6534286021446911	-1.5457420320383342	-0.14654406705947348	-0.02214289379485144	-0.997117304986209	0.26118389777884576	-0.324613517917314	-0.3732981633993789	0.633762489824971	0.5994559208717893	-0.8723145668004223	1.0594350714796144	0.20122204248332345	1.058847668014524	-0.7301497433417833	-0.6197113931424181	0.7443926104132222	-0.8627063364364358	-1.3794488855815443	-0.36464959662187657	0.17423987066842153	0.109075241226268	0.15618953617438439	0.12987994710617537	0.6464978376607139	1.4757852860875427	-1.308654368246327	0.15314312673298508	-0.16637725609047138	0.5247213734827788	0.13365971285139297	-0.013894340170616077	0.6048610294500041	0.18827306616742348	-3.7481403121870956e-05	-0.5309937088866202	1.031323666915624	-1.1352977372174842	0.15059479781307372	-0.5809438994454642	-0.23450257436287278	-0.17093358735914507	-0.9120829204244402	-0.43868032584814864	-0.776577431148911	-0.5263618294824833	0.6672948940412791	-0.8288338271918637	0.8185811656584033	1.043311588224079	0.37979579686995435	-2.0019397324231405	-0.7258902835126652	-1.6883784483038682	-0.7877409073315271
DTXSID2045521	15.508669290504114	-2.133909580135967	-8.254589353541052	-1.6641522909696385	2.9639601010052727	-1.991092345369123	-2.2161811930542283	7.303422765622321	-0.6864404427042134	3.403472255484021	-1.1854288544168974	1.8332777054771827	1.7431536446949398	-1.295781889327056	-0.5210146454227088	2.593037872378382	-1.9868119054121753	1.5128969275576873	-1.4927535587111609	-3.8364160546771835	0.2337055655348422	-1.9185028777717426	0.9274588837095571	-0.6994892137540053	-3.168373250384015	0.5615397967524931	-1.3780727100627843	2.220249543718267	-0.2345028448439283	-1.2994366234178851	0.5593461096708254	0.6518211889630001	-0.21091276589249153	-0.2862122529595267	2.3154242381339736	1.0473729198220556	-1.1926197643025231	1.2132165709620428	-0.6484062938044826	-2.1327600513112452	0.09013710311594755	0.02479241989263309	0.7989441085239195	1.0779428175255072	1.492647802556081	-0.06033161771720191	-0.09973320046916377	-0.8828148579700956	0.022440028762797964	-0.22503144032805217	-0.03255730340869863	-0.3087875085584009	0.25468737470202335	-0.4510871174564234	-0.47743003005397094	0.012827179654721662	-0.3503331557473903	0.3310670517639096	-0.3467859035126005	1.157869508234205	-1.0440239942892098	-0.8289195379725179	-0.7405968461572523	-0.5162172097845921	-0.9519902812376881	-0.29320922146121675	0.8975776254042166	3.248379741276757	0.5714199002190311	-0.49042753954662904	-1.6921978955552313	-0.7285865143855171	-0.7351143157561224	0.24347644666049104	1.8880090095857838	-3.1213362951314076	-2.734873730538117	1.624075303747665	-2.2877561999015628	1.47729068410599	-3.7444674628542867	0.08183145581594177	-1.2200602023069949	-1.6373197263895733	0.43800427041709944	2.1967082190182805	3.12996733481976	-2.2892585699620422	-2.1996283274627944	-0.5139726557149593	-0.33655109680422063	0.5661452762299021	2.3092554172980195	-3.074390241676642	2.4627198207905634	0.06681740450415666	0.1746843378604379	1.3966911750362878	-0.5907351212897622	-2.038044295741927
DTXSID4057762	2.709236899550254	2.5117165031114093	-3.24073175437578	0.05337079647840468	0.6270452424339653	-0.7022118247305994	4.061592035657017	-0.5061162453529483	0.3532078787023173	3.1800144546816673	-0.2934925245038281	-0.34279528163014666	-0.803087002768242	0.506197898827163	-0.7376718172795339	-2.3698868755825355	1.059066636663319	0.7617006209962459	-1.6229405643640005	-0.2620356219518408	1.4589960934774358	-0.34275205465735004	-0.4339878088031821	-0.6957483357474992	1.6572937814658146	0.9921095971087146	0.5262871118318307	0.3891368474343168	-0.35144789538011356	0.09681879624229299	-0.5551090904950137	-0.28702918417961654	0.3091775677047585	-0.6044042714867185	0.07946390330112738	-0.18102326473625843	-0.4878814257660618	-0.22939805729379487	-0.8008326640425774	-0.034240624748358824	1.0892391847961713	1.1897745059534925	0.05642040651857432	-0.36261894985842763	0.40814036972701817	-0.1638379251197357	-0.8093171415393151	-0.3601341594886198	-0.40634431158313566	-1.1753573880535269	-0.1799531543699565	-0.5763774260155363	0.36053340986057814	0.3575729078664965	-0.9238854561236294	-1.0135028571570277	0.31639956190150814	0.01327177531519158	0.3673038557147354	-0.6562919035326256	-0.5536858039747278	-0.32467177982853135	-0.3352922112710105	0.8492530851057517	0.33619465472950333	-0.150593690799151	-0.5785327247859351	0.20914310791145468	0.7966641874831466	-0.3398877408773809	0.2212905824249784	-0.3498371839164711	0.7199845120155323	-0.23028642176748867	-0.3470039087429988	0.3330036486803141	0.5118129713694387	2.091390698704433	0.80205111043016	-0.5638042073580428	-0.7202198282755589	-0.21792452991280267	-0.6480949746561481	-0.15695354259413127	0.5239425820753993	-0.1953613278610586	-0.02016845924825603	-0.7579977043586149	-0.5912850268901245	0.5514277095052675	0.19513091329337173	0.3976781936503646	0.24951823529625633	-0.5223990136521959	-1.0320167482784977	-0.11632913908464793	0.44274787774773616	0.08197016408755861	0.0287002148146381	0.14606322918070128
DTXSID1021243	9.975453717503308	7.970171857787463	-0.0427517633208075	0.7524641601810904	-1.1865714852369735	-2.719708262740695	0.8970314108621591	-1.047920595118374	0.46057695163161066	1.5918591755704847	0.15332242023238019	-0.7871878649852502	-1.6123609985324874	0.9732892971164667	1.5564237159980026	0.9728630225270091	-1.1225916530998836	-0.4872325622369803	1.727726464538667	-1.736713140686723	-0.09109415461748763	-0.6485198109684199	0.3585401574288334	-1.296568650789805	0.9036795896131223	-0.782559991621138	-1.7736265372749789	1.3398655782339088	-0.016068512509920533	-0.8441310841946883	-1.3783136988115872	1.5090378598723992	1.5156440747537647	-0.001270200113665175	0.44177259597155627	0.43673015823554584	1.5861293371357068	2.1299170727033765	1.7591400899602974	-0.7518617825180142	-0.7857419602659615	-0.6715947722219112	0.5414046519506068	0.1655507264884406	0.2967007102541781	1.308688944555278	-0.17797652036121514	1.1920132230266463	0.6523858397235066	1.1362782716103008	0.5264517781701109	0.8906657073748718	0.650441805416012	-0.06557027112750191	1.0447444423948227	-0.14987856938515476	0.26177020262016587	-0.8474730555980541	1.339960897200999	0.5464008912561844	0.39986995196113745	0.8443716631167596	0.015506814479928003	-1.628176455592281	-0.5898189829178092	-1.806573117331591	1.999461365459799	0.35060625504504966	1.0432247153170693	3.8462681984896507	0.20539537118133103	-0.1672530854169921	-1.415990081625862	0.6421525451937625	0.5508123839080998	-0.13045417192595127	-0.8793353556927626	-1.4399934200572477	-0.30522422286689305	-1.1847117442656343	-2.016694937613049	1.3523690535216035	-0.3118157816905788	-0.6043184833747834	-0.11437527794573768	-0.5247070532514245	1.9508921671696424	-0.6646934369608714	-0.9617330347636566	-0.23062204719306206	-0.2977645287792979	0.21421620209473058	0.03324532885371822	0.18339624723965706	-1.0582214487650967	0.43829298241345904	-1.9165803983802179	-0.8515300630168737	-0.5440775878838534	-1.0554063590028167
DTXSID1044354	-2.276515515515486	-3.5956392590882595	0.19559630860291222	-1.219092635679903	-1.6748141635237175	-2.110753240435329	0.09122474308038818	0.3025718230299464	-0.15521273916133144	0.9739140825093874	-0.003170813413294386	0.6122864271601498	0.4764704442776466	0.5629545458523053	0.6319312269420464	1.2241318583332308	-1.1833193407135327	1.1418979869249701	-0.7157709055017982	-0.5925019173871755	-0.13995839075861194	-0.2590952518926442	-0.840849205600465	-0.4466680902710081	-0.5443405593258935	0.5006395567781877	0.14422685135590205	0.4128317049378196	0.4569847455366863	-0.8958894225143585	0.547002688284208	0.13560179713856876	-0.5127165040857161	-0.7954980924132322	-0.01166201045021329	0.4426599075873555	0.06931336406102985	0.6273539570293888	0.37779189609120195	0.021596924747851055	0.06818715297170046	-0.036861005638274796	0.02605560148435529	0.12329875308687745	0.09611759439329058	0.3391823195826921	-0.09509763223471868	0.09212040535790954	0.25074757560875516	0.14372954478063332	-0.028325567658920043	0.14920548980554915	0.04627784931415199	-0.10865526419458782	0.03437028781973845	-0.33365145751553316	-0.012350280696855767	-0.02086699942059089	-0.07124176351050697	0.4963379699197458	-0.24441592903956766	-0.115993505993544	0.03241595320517557	0.237738252462257	-0.6128214844825021	-0.1924327182546894	0.8946879191990365	0.04669017755999402	0.000636195014084715	0.2649909147057437	0.13999898502864702	0.07340522026541908	-0.48958278834303726	-0.11463236352186787	0.3619468547921722	0.5067460847358424	0.0771862931016087	0.5348856687833136	0.1945056508161638	0.5420096292464178	-0.47969858360258444	0.4881688796098513	-0.2414524141769416	-0.10927134879190295	0.12139664641722461	0.17192711498706917	0.4911014413417675	0.676877278763669	-0.13043520795479385	-0.5428492192575706	-0.09886917583566088	0.3675497910493788	0.7691081183708607	0.21732806990535627	0.17342931261412797	-0.5519815068794139	0.04878700686829959	-0.2032576276152283	0.3198256696782599	0.18586179694130253
DTXSID4047383	14.504381175586593	4.35625819576347	-3.8434144053326844	1.994025996568019	2.612398338269572	-2.000338666522776	7.311219536736085	2.327661304109599	-3.4241888741451585	-3.5709762310010915	1.1078140694237824	-1.8662415594844686	-0.19011941479414116	-2.8084280171688767	4.493838004309939	-2.449695685317881	-3.274879083051057	-2.2237463006298475	0.18515535909149194	5.272210779554511	0.8572868682035195	-2.262376725225254	1.5626608585443635	0.860631308381622	-2.1638000270978077	0.2829732705471291	-2.2313132709717194	2.328314488919593	0.13239805174136648	-0.7713193958032319	0.6073888948658117	-1.6680729549064508	0.5118364731355187	2.0571937203663238	2.111497917684849	3.361759919831962	2.4287504367411246	2.289374653929231	-1.0015019968229886	-1.3372291692471454	3.041280235668945	-2.4352837610993316	-1.525919341983323	3.222640926275065	0.3473286152892921	1.2049013843613838	-1.4168417884283002	2.137652631675157	-1.2667367760728019	-2.073614720598114	-0.027958179321091594	1.7601560102598408	-2.8927181754452214	3.604965901373535	-0.12460373506472758	-0.9215598743431054	-2.7006040592076803	-0.592883758549804	-0.7300646568193953	5.84264655848846	2.7660922352144226	1.9258614431353673	-0.810477784085945	0.0529416585415056	1.4763890482970146	-1.5615516853656812	2.088326522318496	-2.9616592819284153	-0.9839157587359572	0.33192363014695264	2.678032721445365	-2.2649472722154007	1.1452583930983722	-2.4391057919761536	1.0590061261082193	-1.1885869212799658	-0.13697312529376054	-0.1424301817772214	1.0628746895184848	1.018209521580052	0.7871111860018782	-0.2370219995687978	-0.16568388678832643	0.7398251338092776	-0.2712417230861081	0.8764091644623757	0.5500785695880533	-0.6254738738369785	-0.43318085062458817	-0.3146892670265187	-1.2424505427179249	0.7987585180284945	2.5420756790767984	-1.9258939565400228	-0.5557582897185963	0.5092222361665406	0.311592056023299	-1.2168992268869312	-1.1678127649069734	-0.12517903259694663
DTXSID9025037	-2.7659759371994936	1.2209423848028587	-0.13411715709978347	1.2330972590299971	-1.8398553978850238	-0.3226023202709326	-1.6888996299035117	-2.4271816500559673	-0.6071107140438025	-0.11575351333548255	-3.5727032167945207	-0.15018172443382197	3.7640783960274424	1.247170739430308	1.9301991726731191	-0.2739764776356228	-1.9546066980816557	0.642869810796057	-0.9120701013637981	-0.12845963535717525	0.19290926016872165	0.49214280540945404	0.8829393288007699	-0.8184350189146293	1.3086096811832542	0.43479422830661774	0.3679171050233993	-0.054791489471409924	-0.2463323644806643	-0.1846849501573185	0.1584665230642527	0.04331805192649971	-0.02527141892938169	-0.5549478847198553	-0.7573335396403553	0.041719756249341114	-1.0010157589583577	-0.013690342071057793	-0.13780272447341313	0.20545556284036812	0.26247782653663243	0.15977068925879256	-0.13411450037902503	0.2334095466923381	0.26113812634336026	-0.0581186249889768	0.3382490051901541	0.32014378362491186	-0.10775254636464368	0.21742380644022746	-0.0030013143085404785	-0.10417793714417083	0.5440506264558959	0.1711148478639069	0.09533723535580066	-0.6064868608453453	0.34093906084384623	-0.06319342226339165	-0.039795036066737184	0.1748620927212986	0.1677173149762513	-0.25958385393902217	-0.28777313761876816	0.6437709673521903	-0.020448325137490207	-0.692018959330825	0.42090121698292	-0.28076157858473244	-0.1191850203890938	0.29381518022063896	-0.5350142397423188	-0.17014390732684204	0.3428847085425644	-0.2533733109665246	-0.27066750604586287	0.9410740595202879	0.35282628321063897	-0.20787197760260556	0.11390588626795999	0.012189980232813782	-0.32145858318373155	-0.698848961293004	0.48790226645237195	-0.7063935866594273	0.20514241458727173	0.2597782139065136	0.5115775155552054	0.15255269456148407	-0.6783088158193347	-0.21255103460603772	-0.2648461672946241	-0.4386537438314743	0.12733326041654555	0.7802700729819841	-0.3218891292163543	-0.32984855299845145	-0.04592229624124336	0.1320399403936564	0.31259862919330705	0.22096980309167172
DTXSID5047085	-4.503703042484341	-1.6224590933813239	-0.3971942057659474	1.8260235733806016	2.587435898791026	-0.4098240476667622	2.145540830446655	-0.7723079185641911	-1.1259640211023785	-2.1407486452450426	0.2620726687770176	0.042393008096314584	-0.5411980285945067	0.3361680544709615	-1.1018862329235257	0.45321247891938365	-1.247620594159791	-0.3102980258120453	-2.0251967547582637	1.6583862255921311	-0.3709592407128841	-0.22315287356859134	0.6578198208732536	-0.4845015783415712	0.28150219752788924	0.23104971567117924	1.2349528833677081	-0.17621729048217424	0.21206411870192052	0.3856466471302632	1.226935578046194	0.3755324135315242	0.20668061965477022	-0.26203671461815653	0.25741872989062803	-0.09154721048757827	0.05005869108573224	0.17712371901908336	-0.16105192187022577	-0.2830273811858888	0.06580405344961239	0.09728832336061731	-0.5187896827155541	-1.1081979358185565	-0.12780131890650268	0.2949496433478111	-0.025442435575722955	0.43575794925629363	-0.32912854054983565	-0.08602551845243986	-0.05931224508825579	0.4667408343354771	-0.2884097382508404	0.28187704462176194	0.3313096052911627	-0.34700482597054505	0.7658695787841641	0.3617317425927775	-0.32595081189055425	0.039588603286362496	0.0830956118702848	-0.5634394571322999	-0.41736575778758883	-0.2677525887765496	-0.0003261253809073956	0.6683196101331343	0.22612982537397383	-0.4859572051191232	0.14295540400639278	-0.35895998564769355	-0.3544272938955399	-0.35668990258173267	0.4275736523434265	-0.09959144895455718	-0.5385686159237659	0.5244544554074461	-0.1721480618626895	0.5519663823365617	0.311572874744792	0.03260635848784959	-0.3317920855057626	0.4742393288049241	-0.35037715182386586	-0.36936892279096895	0.6361931336179389	-0.3135192663595296	-0.6333949003566335	-0.343275490816777	0.3416035709868769	0.5321452367732943	-0.14372296092321832	0.2640734097855733	-0.4567407213385874	-0.25574154499233737	0.509348232327385	-1.3366881793930894	-0.6582197483762419	-0.7169893178419481	0.08732964411564971	-0.12099137970410584
DTXSID8026981	-1.2313514642900505	0.5462148262682522	-1.7537726000188851	-0.227124912001241	2.3791511682871946	0.2543091838651305	-0.3865528533471602	1.3183998042533087	1.0832429818160643	0.5700958684046085	-0.7178228695875223	0.06594007394925214	-0.31795040288072063	-0.3362910830147978	0.18097143600009077	-0.5685673262694134	0.22954390394010876	0.4261593080337408	-0.8161403685760555	-0.7394272361219195	1.35197154208632	-0.36784895021705394	-0.023845101782627116	0.12217701415848874	0.7867265327584863	-0.11042509269921201	0.2570107462787035	0.37143268096878335	-0.336164264763224	0.3513139801227996	0.7786910951569257	-0.10898262720499875	0.5941081668694685	-0.5092199678012594	0.38326513991370065	-0.08587996909090413	-1.1187869060916604	-0.33238477444165376	0.25964721145720443	0.22342422970654438	0.44641209422874734	0.5400229186234019	-0.17502392220739174	0.7100446053506448	0.2652291836330127	0.11877255991497947	0.2561202135921674	-0.2533142971568838	-0.048879228519213815	-0.08372281966009791	0.17506839880580588	-0.22602539164425814	0.407939013908823	0.21327431302169914	-0.008876841362278464	-0.6533919613912882	0.16975857014537293	0.2587182064777463	-0.12323434294465328	0.0883049872863838	0.14502341634371282	0.033345797663533086	-0.7701124019030466	0.3595097861908212	0.233390052108784	-0.4170436944413302	-0.12220983766424547	0.6258787782053613	-0.09356970210976145	-0.26198360782300495	-0.38216044411408506	0.3642153302710757	-0.12418558250804411	0.39755438631985013	-0.006173407567120201	0.20221395122088265	-0.49225605028719854	1.1143825542703392	-0.06452637158483773	0.13465899786710003	-0.8245953387575338	-0.7797064199596238	0.9300218075538599	-0.405608060644918	-0.47677629510050196	-0.1755167676661364	-0.0028133675178091005	-1.2575454266302635	-0.3224347995547462	0.3339401501758888	0.7225909941631073	-0.6535879630191354	-0.44452072353669053	0.3446233215222668	-0.1922700690030767	1.4268612364015605	-0.8851793281815671	0.18888346414214033	-0.5352410858975227	-0.8183679404703228
DTXSID9046283	5.151701621288908	1.57699712082697	0.8999771326872117	1.8364033348233135	0.42898692547895984	0.5454291628168209	0.10342596627757276	-0.19927442891770242	2.8904557091734846	-1.3855836316138956	0.6497728554411597	0.4080530638174648	-0.9059286523885045	0.9865247097307006	2.67512011882395	0.039867892429162284	-2.176440640917064	-0.22465888238092632	-1.5303910197690853	4.736855753668705	3.5223016971805197	-1.3334191647275142	1.6959977832556818	1.6584044215909304	-1.2572073593944182	1.0354927067998287	-0.4480179134229242	-1.7085002429162675	-0.979280175974603	-0.13770857491359453	0.6144853867124213	0.47266030553866484	-1.5294457956656513	-0.24899152152976897	1.188590540686476	0.7856642142456721	1.624333880998016	0.5791695357257426	-1.299868373302486	-2.561491099512844	1.0091210332917706	0.3911090313012308	-0.7616404401566204	-0.1738545867258158	0.09110707163823165	0.5701860259267026	1.4085650531475227	-0.011389357111850473	-0.6701379645649133	-0.7323651511275393	-0.16796966362578852	0.8612465123471287	-0.6125406386188854	-0.16957793189897555	0.3820670317427044	-2.152292761552854	-0.3733559474832452	0.3065156936470032	-1.1118425358144024	0.5821674153839783	-0.24263973570309597	1.2495406863576592	-1.6684633989867959	-0.32687217715245864	-0.9585561439018769	-0.7162512930365744	0.6243553495878905	1.4655044324447264	-0.4916721528028443	-1.793165629638819	0.33142473985419063	-0.414276220553739	1.5661679777648458	-1.791279342062267	0.03158929218030271	1.3086237240027738	-1.1950053840382402	-0.7331728075198175	-0.419642472858541	2.1106590553034734	1.0484413967709894	1.5517666261212044	-0.951974471962332	1.1985091913673094	0.7327752128449926	0.5206675450639779	-2.269103567660124	-1.6873951505338762	-0.6867640612488467	0.569300500402634	0.02565125909011052	0.501957023333052	-2.0601088484101173	0.4176749294812877	0.8439652008482499	0.7440239493527615	0.5511541631097786	0.2856744458419682	-0.08048576614246473	-0.7217064294714458
DTXSID1046217	6.754539943742395	4.048651494618275	-0.4193542085574807	-0.1094488866797882	-2.6117734520137663	-0.07086024868293184	-0.8555408208703258	3.369908845931127	0.02732409340647457	-2.703474357902879	-1.5209226336620798	0.890059948362274	-0.29790510332756104	2.4770347717163395	2.5346689366547763	-0.73125748860744	-1.7892244496516374	-0.8875116956369078	0.9765734283336873	4.116810493021242	3.187060796118154	-1.3282014951795862	0.9369761049633146	2.2264209013164233	-1.0467658238950834	-1.382717392820234	-2.1046807959086102	-2.151192024774118	-0.631119928798305	0.1625985147843162	0.6220876025947111	-1.3313262155983276	-0.756327705822741	-0.7323079257617168	0.7832355103206072	-0.07640306127624737	2.8886273527864508	-1.2962896559831747	-0.3709235963523322	-1.8887838521502451	0.38210051092230335	-0.17398493810655988	-0.7448843702827262	0.3250327496223295	0.06768490145705379	0.26355279221458067	0.5334845132041589	0.4637614358254666	-0.4928637025830737	0.302785642059994	-0.27921982765900405	0.4240839293989816	-0.35440988727585343	-0.2317387258604592	0.738987940282487	-1.4356243156010424	-0.3806733860227893	-0.4863098882047691	-0.5232119107333526	1.4530581274163505	-0.8845510125281422	1.796693680063841	-1.0017861404100423	0.7575647901796939	-1.14569795536512	-1.1045584832311761	0.8738576437478823	0.6773497791339801	-2.6388794669580835	-2.0341701239183423	3.110022941192772	0.2720529885033198	-0.12437822877318223	-1.5547382337423903	-1.179186559942995	0.07199576729854265	-1.0862179205990683	-1.9693927972600438	1.0196536788120598	0.6821760483625163	0.6021582953019061	0.7284716612252269	-0.08063277123299367	0.25950251368631033	-0.15011496120762	0.5328611397484595	-0.3793320463540696	-0.27941226569075084	0.02721267299323497	-0.11239725423633004	-1.2664329141136115	-0.6101347421155146	-0.17033402952735563	-0.30787888515669226	-0.946651116932874	0.4473783826323366	0.5726052516010404	0.29618515954133945	-0.2364623868435423	0.010072505563892569
DTXSID4027490	-2.274920122122199	-2.0574240422709367	0.24953014082690328	-2.456551876226048	-1.5829474720853611	0.876380559523622	0.1903905060318993	2.400429955758911	-1.2103866918865336	0.3899997991604734	-0.4291142269838525	0.47026502982422574	-0.4045383621494264	0.8637035407859375	0.7699863226539879	0.532173316168919	-1.0864135495801999	0.8104608380174181	-0.4782911157356539	-0.48918399041741706	0.06822255745613769	-0.3592502729831256	-0.32838112456168744	-0.6347244593245461	0.5845608116440155	0.3081656140011293	0.18069128877700052	0.23947290110550068	0.07365994674793354	-0.15502212145131175	0.8071066861717304	-0.7721258198903749	-0.22808665600378458	0.07200910782314707	-0.34202793764171124	-0.10463387167870203	-0.12982315926444948	-0.13257097053206984	0.32946458609007845	0.7717457074175115	-0.11169103804081382	-0.5970007789678535	-0.08809626919961484	0.525498838311185	-0.07423562220754895	0.13589330210039005	0.7020787831414299	0.4517611062618143	-0.05462335334610524	-0.04912522822387256	-0.07795102291236665	0.03150175786097333	0.15990430187955945	-0.19089461181914996	0.3103317598520189	-0.9923328801177977	-0.08953775241214205	-0.08944838323992706	-0.08083969541748189	-0.5555050160371313	0.7016748246906337	-0.2288965691132129	-0.25865384637771877	1.004756807627145	-0.15219117010101374	-0.291442601056135	0.2997573358624616	-0.0728387497040684	-1.3030676552112948	-0.5070721045111748	-0.4745756833164537	0.4661488046561257	-0.2271602823601441	-1.1158708599229497	0.5269522857698941	0.7156858073889776	-0.6692040953485557	-0.7851155021562948	1.2265581437569653	-0.5850241167771004	-0.2553925760460035	-0.011915308757179437	1.0899306150608654	-0.6385528756633666	-0.7773339777157642	-0.9105427049986365	0.5675804469688738	0.32816719428628194	0.1936828252335424	-0.772469988947146	-0.199602878826788	-0.5890919695926762	-0.17818387944117484	0.34493073583835687	-0.4409521451987775	0.0653163370168986	0.3087453513259053	0.2807499226172659	-0.33704970889180486	-0.1979870109657464
DTXSID6047781	-3.0750586656475196	0.4102380833443017	1.108672358368918	1.6319356382165213	-1.4885811340783794	1.1773118344118507	-0.3328078992114904	0.0695968121386516	0.437652063197811	1.746133457706663	0.5832914972902578	-0.9462854764082229	-0.6275600341699081	-0.32402350484237996	-0.45999516587757194	-0.6178112004018211	-0.05868667527648641	-0.39511980292006266	0.26090384838653297	0.028757895105096846	-0.279611498096279	0.20184685650732204	0.24047075065605344	0.24444912682386472	-0.5386094650062293	0.5388059716564793	0.41606689531985	0.48081232874017504	0.14409424882213245	-0.40673616057369844	-0.11271858725537447	-0.04169669860323266	-0.0679556817808763	0.043839747882982096	0.16901691120424375	-0.10846565775173331	-0.4357844278414315	-0.054729845773948085	0.0012651760323452918	0.2259990811258857	0.5066202216139274	0.0949832226487319	0.024617404212912815	0.494179337583637	-0.8762122696877135	0.29099404021692943	0.1901274106828285	-0.2823315582557904	-0.030643574136133774	-0.14511346707862688	0.0423015035089975	0.073605860947768	0.06189466810134285	0.1955200965487057	-0.13392461087395993	-0.16252429984494418	0.0233460876886636	0.2993351255162431	-0.7217172332160795	-0.664719536961934	-0.09056071707104446	0.14308598588709281	-0.07572331071506042	0.29513068921049385	0.1197774264255226	-0.13202188531111428	-0.02174381123817034	0.20698889122567996	-0.5095279537958912	-0.7434882500905289	-0.1193462157404145	-0.5504780003889097	0.026888813569326948	-0.4449764316226903	-0.48113426096678585	1.2195046101064515	0.5600328475703004	0.782707061715621	0.6507502541382238	-0.29540913762764454	0.6114173478455847	-0.6527626053827054	0.5819538736587301	0.7448650669203498	-0.5909881482410493	-0.2328136654130651	-0.56415989673773	0.5196859283368468	-0.1595418317734083	-0.049285220667367374	0.47188419405837767	0.6942441858725186	0.1222868202128545	-0.17321381750407122	0.8888213331777801	0.033967368670495865	-0.3867630381322279	0.2076676767204085	-0.4106777708996531	-0.07463875562259045
DTXSID2032556	6.135836024938125	1.9115384074195778	-1.5705139372925248	-0.20227154120592103	1.765940979693309	0.5612631749330544	3.9076843391666594	2.7103699119038636	-2.7332389911936805	-2.621317604434938	-0.9987360131672887	1.3028340472329387	-1.3106773337223163	1.788884726892377	0.946860907689453	-1.0270601580950836	0.2812438147317512	-1.1430178872854926	-0.36248886040960016	-0.8806695975935277	-0.5978319826880759	0.08007489529098638	0.5816133156040826	-1.063815157854951	0.6636236364861329	1.6677203619224883	-0.7773355007801322	0.9193966659616244	-1.124190628598415	0.7221909493120301	-0.21294329622819422	-1.2351098690719522	-0.08701242554641372	-0.6950469944076956	-0.42934694666343076	0.9236926789143565	-0.18217138622026693	-2.0904110374569758	0.43468266656419374	-0.11698150947374167	-0.6060943206786534	0.5159681300670593	0.868475096350991	0.5757699668474296	-0.9788575545615845	1.6258056758132706	-0.24117082521755864	0.0426071398311922	-0.2039948587722897	-0.22099789662219205	-0.1705593002421316	0.44103694821287864	0.14806887657951034	0.05670725983303796	0.812420146105449	-1.5381589013144048	-0.3090712915274769	-0.04794369995648672	-0.8595485999715986	-0.25809399287742946	-0.19171923168231345	1.3274104234671138	-0.11028590098797154	-0.6798118137055102	-0.7350944765049133	0.7174470336708819	-0.4527125583162873	-0.8760386298520366	0.9985421221684955	0.12590001295294442	-0.6013800979462066	-1.565473433541624	-1.7558729719011688	0.2548866481816855	-2.2490040175695647	-1.2629926920349501	1.4376634032411932	-0.8576572387045418	0.06520361622045634	0.7915443739595152	-1.025462664824697	0.15049012991030605	-0.11640895397138544	-0.4935647778251121	0.09608967149104493	-0.6411715414226795	-0.6778894508937761	1.1606982807253567	0.08086560451597093	0.35131805022465834	0.5932465282450781	1.3455761141447786	-1.412247251711725	0.10988248301262403	0.7322909442431111	-0.5448834816720147	-0.08655501904377945	-0.3462281581773006	-0.20148276360031456	-0.0530959869656043
DTXSID2044210	5.778821744627778	-0.4740665195401234	-6.524969380987248	2.0427071735197018	3.0484954102012436	-3.1504560584734076	8.185652036250398	-0.4104014850353868	-4.049591340211584	0.535567789814706	0.07182021368391615	-1.2208783441629678	-0.8040757479802558	1.1893933211110814	-4.021252217167062	-0.3211543698908933	-2.5590466909749847	-0.7502753738124002	3.0349274893884	-1.006009132545577	0.4699652253388283	1.4386838229279288	0.4243863219068898	-0.6720724024626556	-1.0229324314440946	1.4150349776140734	-0.90137010642964	-0.9950913125150638	-1.5258793064247145	-0.01210700002340664	-2.117447883910406	1.59081422962684	0.7300870829891526	1.17342386749344	0.5978838620614172	-0.6718077459965635	0.1320001929802642	-0.22253210950627106	-0.1881212212737234	-0.20766063775574897	-0.21536082654607722	-0.5206589297670192	0.5029300474031615	-0.4697133555010121	-0.18685572926415128	-0.9867761595075278	-0.1175010043244265	-0.08771052632668751	-0.30116303870089917	-0.42159967529572007	-0.384161784594991	-0.17724288803223726	-0.4333511727025798	-0.43411283420097474	-0.39457324929195187	0.8502117972687602	-0.10528204824535646	0.9549205324005502	-0.09770749408627781	0.10169631795143316	-0.002249710843033718	1.1381287552778514	-0.07473462507691418	0.36867916864432837	0.614249046849533	0.2695775280430772	-0.5013134759393338	-1.0955477796671653	1.0044760558163839	0.30809263153292743	0.22639188883520617	-0.727900461283897	0.7415546416798915	-0.9807433926161442	-1.4411289763684108	-0.1511392662081503	-0.6173110894975978	1.7110071557137931	1.1332489084599464	-0.6633609509152375	0.2957788848705318	-0.3323097512214579	0.3213939825394509	0.7858850821982581	-0.8824134597320649	0.09215154310605618	-0.38539644179278054	-0.7629119198005964	-0.22462811602949387	-0.5810826406972585	0.1559462256810508	-0.6171047563287991	1.3590636198869048	-0.5578989795443365	0.3103923919987501	-0.21016959099613047	1.2530606599065786	0.23778173125602098	0.8215286783895378	-0.687914893776353
DTXSID9020118	-1.9590522393858658	-3.8726318900010375	-3.42865445556553	0.08509226702480295	2.2544689628988506	-1.7629752311171902	-1.7742308591156877	-0.4911606700504932	-2.5293317392825974	0.5100025367132628	2.3563083462461596	-1.370673374698356	0.3458531703607645	1.5531774393281743	0.2590416803895923	-1.8957240367407897	0.8507594375394917	-0.9477524552397287	0.6466606568839625	-0.18590899491991383	-0.6494681560250447	0.5060549855762013	1.1452848850142043	-0.36811795033151795	-0.5273723807038733	0.15210075721115396	-0.9691215721209245	0.20456505516386272	-0.7322128511570462	-0.042434546171627	-0.3754275927920001	1.1167367190554105	0.2707113097806557	0.5200173408783777	-0.23532377821622844	-1.9515209810388188	0.7706006484338639	-0.37747463118211333	0.7975433657418137	0.02505237802292445	-0.6675971114990772	0.06289161054108981	-0.8939951743453302	-0.13319766481071707	-0.4098120016175898	-0.046387599143549264	0.3542601602844529	-0.2641562681584408	-0.08359575658097115	0.17777611633193996	0.19584882230246856	0.1557653824579143	-0.0641389402114229	-0.2643608952241238	0.1575268445173279	-0.013900028729906002	0.4509690542403623	-0.5387772463457625	-0.37041286215426295	-0.08496281761140445	0.2565115933754606	0.10545998812301784	0.10028001657222708	0.10893122203547015	0.30340558716953475	-0.164865319854985	0.20155426771247817	-0.9464020880258318	-0.41668098961918904	-0.15456986199570164	0.21679718977607873	0.19380018201212243	-0.0842226288427331	-0.4327052662321414	-1.6526760269208394	-0.4054863108200026	-1.3202262103438225	-0.12984733862287043	0.527542812893194	-0.40240590196106896	0.04260640028631741	0.8608405548090216	0.3440203756289977	0.08724115231668703	-0.519969053628251	-0.9559100361559157	-0.997492041661207	-0.3751058498507597	0.45169382332419	0.42228618548757857	-0.3483920257841961	0.8227278039305608	0.2386277013537528	0.07329781979920702	0.8299086778241207	-0.044859106993531295	-0.15089787973615415	0.2356942580066428	0.31192819571507385	-0.28281597934090963
DTXSID0038881	4.911354264402578	5.787364948253843	-3.8900921048498107	-0.3364435203478833	-1.5563001119988273	1.239229661100333	-3.2622593523907026	-5.41907299100133	-1.6834137919028305	-0.5387637250631468	-4.7375003776251745	-1.651205340064987	0.8560507914022745	-1.925272419961556	1.7731277456187848	0.026487144404287167	-0.42640618703007316	-1.7692344962881588	-0.20608435332775674	-0.3777108231856646	-0.5386738392606372	0.1831434119398226	0.7110563713480234	-1.0084914476318059	-1.819021284100922	1.7829019144175131	0.13175963978427063	0.8633411118971208	0.5599995371193273	-0.8025759503279202	0.561626958198727	2.2963846484687207	-1.032022873784126	-1.1798903002607404	-1.067884065501243	1.511560741300672	0.1846281939475556	-1.1378800749795763	-0.3556198143026105	1.2126391429342787	-0.011132129084026523	-0.3030239040712336	-1.0669314061597546	-0.4232492699495585	-1.0991110703850726	-0.2890049829801027	0.40679543888837183	-0.38359289369844796	0.9131624739691876	-0.1883815993769467	-0.04224779363661334	-0.07935772063296176	-0.8554649465985721	-0.1751946365353859	0.5813752178392003	-1.7326224956194272	-0.2975068501281725	-0.5429234549758832	0.1182108340035053	-0.19924215130346873	1.0770126405220768	-0.8365007772997434	-0.6237162228877446	0.1696874225196018	-1.0824599055712811	1.8134699171589255	-0.3320744099397991	-1.1093042031234355	0.06622235349313069	-0.6300666721148022	0.3662874885905847	1.3667868175009035	0.7126586556421544	0.8736186893321904	-0.6843909535270208	0.3823191638652562	-0.1370914621116875	0.8729811646070067	-0.18449257944698458	0.019790230411449006	0.19264486938884107	-0.05541295778552304	0.26134179824063963	0.30441681614007776	-0.3091849605961135	-0.23934662952590388	-0.6078325572773902	-0.6040154984736765	-0.017617219040800526	0.26152609379725394	0.5178751160957623	0.42617827049199314	-0.33673940008846975	0.043399162187861724	0.10596716361113634	0.23220843262504787	0.08098445935336554	-0.10179551346157123	0.4700773238470373	0.10565797685901399
DTXSID2023692	10.913176273123467	0.09284496303373913	1.4957198922037795	1.2730390277296415	4.132635760507875	-2.8527400782152257	-0.629469184427144	1.562565340485829	0.0666550611967442	-1.487763582451918	1.6034408050806377	-1.0812949085414982	0.9015834873794831	0.2931935680083588	2.9383556008256	-1.3025435392365514	0.288635174294866	-0.2678279115882831	0.5822910677526207	1.4347573708844805	1.500937257933569	-0.16302017124309146	1.5490176660484765	0.6492346436719575	-0.03550771556803446	0.44562929108044974	-1.3993448098082757	-1.0625758995327483	-1.3963417700003928	-0.5283268532483184	-1.7502623749851483	-0.22534898720195623	-1.2185658494364775	0.11691973493074974	1.535175826226382	0.1358422777797671	1.2443451874529883	-0.03840042929398237	0.1120709857697541	0.19266480461311197	-0.2896200915838758	0.515584071433258	-1.1745220902774771	0.6448842870007658	-0.13167999848479542	-0.19364694261629004	0.4323958650667155	-1.0486693639008922	0.05323722563891339	0.4421603402153431	0.12431445933858197	0.20881442902752798	0.09990297778210752	-0.7980943530899802	-0.09557349495770953	-0.6828798657837475	-0.8094186794032595	-0.44441862153851797	-0.24614987126893303	0.12912601118851613	0.006267547161743667	0.8141093837394505	-0.19693942767011646	0.1810994099149292	0.058275574151323145	-0.7928453313429618	-0.5063875182713689	0.17485015830692985	0.22490504924502117	-0.9269657894416409	0.6965520644446375	-0.0006334269450195706	-0.7108836097827452	1.0252894468938687	-0.7653330788590148	-0.7811015039504596	-0.87764753829531	-0.030630075476473527	2.5085010543813433	-0.5108372798588481	-0.30754686033486955	0.367961012854765	0.001496201856738043	0.14927522436644036	-0.9828360327268273	3.672144530863997	-0.6744756270027521	1.52643545374167	-0.16693162100054293	0.5035362264359258	-1.2054921007980488	0.7778323150819824	-0.4396441556782512	-1.1876569598585083	0.24444439246096378	0.7349126935482382	1.264479278665675	0.24215648065264733	-0.1331676180779115	0.02277995169519264
DTXSID3048605	15.053506436001987	-0.9490104328733018	-3.8850249060905706	0.15876890782312192	1.2019973791055205	-5.232659648862005	0.5205058922791735	6.043839547039643	1.2643958050265285	-1.8259408208535783	-4.193807598239035	0.4222507688102164	-0.08224062677314979	3.7164831553394695	2.6726500751931628	0.5872354636302941	-0.6877355903034128	0.7528984640106294	1.290627019891747	-1.7835374416623262	0.06736216511563937	-2.3426327562775673	1.2127309029085307	0.6269819935223091	0.5722516295562756	2.556433946918247	0.9927167673236494	3.1908340130236748	3.6246759149286722	0.7331063980776423	0.7073421251171046	0.07462330705754808	2.6761189251961555	1.1135861221341314	-2.030387122065435	0.6683361654544163	-1.4047380565757632	3.6787234558704944	0.23524529899461155	2.387780802558149	-0.7631550784196613	-1.8714741267741615	-3.4085887095014304	0.12244733718288985	0.27501335071893174	0.06199393074099735	-4.57855433027144	3.316326181155235	-3.153133436680861	10.4679094496776	-1.598542000036676	0.07988477622337728	0.4516386015676473	-4.5954307839386646	-0.7587302901457762	3.049896602975126	-5.283353469221438	-5.197739469841095	-0.6879323412201273	-1.6918407436706622	-3.1428921855488894	2.6459483530236394	-4.692302953815305	0.15413569488648354	-0.9440615215839058	1.840030908573172	1.097472181991921	2.1064401740191543	-0.517899610590616	1.0261241383404016	0.8062231635841621	-1.9445713870456847	1.2365065801756012	-1.8262317015410903	-0.45464660123406736	2.460242236462472	-1.6710059383399642	1.2688631859491224	-1.2549579793832368	-4.5221221887507115	4.295580823191596	2.4450910110086372	1.9626972071696693	-0.6630444690998456	0.1889740734259198	-0.31969226790652966	-3.2979603121583114	-0.1879035111699344	0.2617885789536396	1.4965938217100236	1.3783871132713001	1.0827421653772045	0.07501377601506325	-2.198451604194322	0.5623213277523534	-0.5378254954991489	1.819413396947752	0.9989907757176455	0.04648057650228098	0.4670576690511474
DTXSID9044746	-3.210336200696598	0.34103178945835644	0.7346780961037539	0.30325660627856194	0.21732361074403472	-0.4836692830701817	-1.7123264011833428	-0.31917198452073703	0.48439019575758785	-1.7562952510168166	-0.04022186574028221	-0.3934543730385461	-1.1638680431192467	1.0733638595314126	-0.5461357542948371	0.012696130552435571	0.7482133351919923	-0.26262049981496405	0.11833627929263014	-0.5284256509259097	0.514954273600597	-0.37398813844235623	0.18168554658552685	0.19637859831088675	-0.08819437305013404	-0.11963294313825194	-0.7645207765496849	-0.07605957345787082	0.003675929431018882	-0.35010564340932016	-0.7118749420713882	-0.10426386623964763	-0.42588676471878645	-0.3326674408865089	-0.123880225919104	0.3520842728321205	-0.07404914918514652	0.15095246828297676	-0.42163351993934095	0.1477111259767354	-0.024357044638403675	-0.03856309543428154	-0.07328375243200622	0.07463422513132074	-0.3592700240200379	-0.053655236216319346	-0.03274405433420396	-0.4250075919838652	-0.10582701784824629	0.011869354952509938	-0.04056366178331567	-0.139169635463154	0.1638950590406826	-0.2860425399255156	-0.19321445448138932	-0.008142773632715268	-0.16168766026976736	0.027810420037955877	-0.04123139747120413	-0.09212770965808144	0.07429156392433137	0.08802484886766593	0.34790089626986165	0.5895767665115217	-0.04414560805220485	-0.36103149894655534	0.0717913115432973	-0.3512833351948043	0.3019826563586924	-0.05268232804788144	0.36589788302997817	-0.37833711532097475	0.2892618981269098	0.4489978133745881	-0.6035920879647874	0.012739799736614115	0.2075641992529953	0.299479534658457	-0.005792413709977769	-0.46951848007585967	0.23461070809099516	-0.048907819094995926	-0.33948536046805633	-0.1298384917543003	0.1799307938823135	0.48004835883258384	0.273947327846577	-0.8287140845896745	-0.08958752627801458	-0.033376253777897436	-0.06103162964253765	-0.25145148283750873	-0.11621277763271286	-0.20834933432671085	0.3937621086063947	0.001494669931094721	-0.4686763849008001	-0.15260876698557557	0.023744962955972976	0.25042640322602266
DTXSID1034260	14.311248583799397	-3.6864857717941217	-3.886952886356737	5.024659137645639	4.090714048223108	0.0429275564503229	-5.152050617415824	-2.24676722579159	-1.1618060616824384	0.7861603736418351	-2.375039765149237	0.09247155783540911	4.457505959514144	0.6261666830640739	-2.660076729574159	1.47338091470397	-4.1929544919267885	0.5735618466058318	-4.9618738803329085	1.0352232332131168	-0.09514961278617283	-0.1263517185269799	0.6320442414269984	-0.2785320243001127	-4.353172449801729	1.7503643151215527	0.31527838078210224	0.30207591087763347	-1.8661280956688717	-1.2088801337661246	-0.5498708936967884	1.3153645178085753	-1.4559020582692253	4.139307272519358	1.5808086822762029	-2.3947595329593954	-4.093232088661606	0.8213835324402866	1.0272872775306485	-0.977817816264532	1.8469225274221444	-0.08940600635497155	-0.8535832881923284	-1.5404375553054974	-0.33185528456815117	0.04758914027831156	-1.4812312620548589	0.8328934419130101	-0.49582403926415003	0.5535024192697302	0.36806320778712953	0.913415989672365	0.2917378547824298	1.0995631656785358	0.009679114947504118	1.1556634839846167	2.0103630460993323	2.4739590323936596	0.2843480416336272	-0.7796903992896221	0.3490575935027901	0.7635575060966427	-0.0767257138578037	-1.3338436829348803	-0.21917167487941838	2.1319986410204153	-0.39970828052826307	-0.9468649532314481	0.7709715546952847	-1.927467079553743	-1.9078526077076694	2.0923970620493595	-1.6746879971082036	-1.0819687584622268	0.31066146877348716	-1.5429375693075922	0.134912972009275	0.7542492294616391	-1.242081401852821	0.716702078722827	-1.1801057330814826	1.9085099957957363	-1.320788730006383	0.8728716165123712	2.4264851393664606	0.04393433481623866	0.6465915333699457	-1.7220577011022742	-0.8173683477471893	0.5560620508788613	-0.5974179566930997	-0.6618185329519127	-1.128253390997347	-1.1129918977389368	-0.3620908124833158	-0.0513681292388318	-1.5621006888556646	-0.4931554418657593	-0.839328806795281	0.21351883887849865
DTXSID1020982	-4.702517118134077	-4.029580483005166	-2.067124184541423	0.13845823678685829	2.7298815572624804	-0.45115255670959686	-1.6621681157722201	-0.9417710334986441	-1.7545760336038008	-0.4083342891215746	2.5809584710476554	1.5716065966037063	1.1712167817154937	-0.7266889812110627	1.633108110299827	-0.8343303220331314	0.4551570906874096	0.47411947735454685	-0.2958868752114039	0.039360933427369904	-0.2750356188355453	0.3019453449095952	0.1894946466829648	-0.2732519061026149	0.1994062979935157	0.5837915110979638	0.43860229987340266	-0.423333555498694	-0.3975973415983174	0.16032826402575587	-0.4923831880375259	0.3606539802090716	0.15457855727214945	0.25641215549740304	0.3042389024198945	-0.8229801556142651	0.822605888228875	-0.5109912186541373	0.6093335672050841	0.5444257982271256	-0.17054589874858636	0.7988311374412866	-0.9118784013692602	0.3786534046828656	-0.07786654400221324	-0.04600173175709087	0.3721139926337947	-0.6227580262919856	-0.051062920097872284	0.06833435352601636	0.21810807494883194	-0.21127355517070837	0.14683719458892064	-0.1327541394959086	-0.16196180603414886	-0.07760253639313583	0.49955521703830175	-0.4708999818843562	-0.27277995940002675	0.4668745476169741	-0.020992029717448606	0.1355828382940113	0.11755280175594085	0.11256257442484016	-0.1557415005199652	0.3666154503468965	-0.6673316443217452	-0.3267364678103078	0.01806291018985388	0.29097412551629315	0.17631949743510117	0.8414968233604739	-0.26529461792885234	0.2880133587955623	-0.7788169945490055	-0.323599070510783	-1.0634958543838302	-0.5036076975513637	0.387887718247994	-0.37313425398584305	0.41966926402291227	0.1833928566420851	-0.2032296073164419	-0.6731670619020038	0.22812413540562715	-0.569621378400529	-1.0016227373730764	0.7254391984988331	-0.839781095835474	-0.7823773550667374	-0.11682608200353328	-0.5396349240166635	-0.2779052500781739	-0.2719419608033965	0.5085147446949853	0.1803589942232485	0.15689696757217197	0.2248400040443545	0.10324816444276332	0.011988427121418182
DTXSID3041663	-0.4246702264565428	4.353259824261558	0.7069013101003867	0.7602437943257685	-0.521941208731948	-0.9882748061861785	-2.3728978861465393	-0.4276870259952364	1.3737812564019736	-2.15624019198409	1.0056568344289207	-0.5897269321334326	-1.7114361035358672	0.40633725768457085	-1.2138660062369255	0.5282115618263019	0.8097535189509892	-0.4451624187054515	-0.16753348000264365	-0.7618354326780546	0.015950971070863965	-0.24171456730920082	0.5268918267603965	0.23773993796218523	0.026372445246565977	0.5885577070082453	-0.4850545302025114	-0.04931708403502582	-0.06159765062248802	-0.47972402722602336	-1.0598620018177722	-0.10222919075212207	-1.3399768258145672	-0.3422064909956764	0.33546695182719327	-0.6931088301842555	0.21277162900192587	0.11910104848892171	-0.07738727388185176	0.48337848335015954	-0.28206173746506263	0.2651802113996668	0.23461272201119523	0.5347644050945491	-0.4214010022193304	-0.2233914658971613	0.08010308290165022	-0.5746594105808556	-0.13154303383471094	0.21807417546360233	0.16681469452127778	0.09708464160076065	0.3402458690271382	-0.43785711548493883	-0.2204809641311815	-0.6083963554847487	-0.11079272972961057	-0.1705413495869438	0.12500616537684148	-0.482514847672119	0.35267465906799184	0.29384065078424537	-0.35897362379721354	0.8448249691822655	0.4836802542811008	-0.08075571075489887	0.4557066276020959	-0.8223922667562188	0.2994563037707926	-0.3222841614709528	0.4294788869014301	-0.8055570538933703	0.8025603635913575	0.6938232946813507	-0.6074513299871779	0.1969276763080139	0.0861372950122272	0.055367732641818136	-0.04912687661371137	0.0059045405973045285	0.6173421091618919	0.0993012396469239	0.3705787992739361	-0.26360450028418086	-0.11294088584188564	-0.09029227841828308	-0.23030365536972658	-0.4728054071063551	-0.16555842928008302	0.23795195541408412	-0.1417396138313377	-0.11297882945827144	-0.008900710235001759	-0.003063028108849488	0.1876372213766819	0.23659306111448575	0.3107941473182797	0.3482764110084638	-0.21998093881143277	0.1172078371667182
DTXSID1031462	-3.4555922481786836	-0.44391514991496567	0.3298469567474206	-0.46905507089755644	-0.7749231432933337	-0.7188989947185995	2.027198373272751	-1.7028107929021525	-0.13512062684408965	-1.271246987039484	0.27359447459624836	-1.084595756245424	-0.688189209887175	-1.34565180213701	-0.06659871055581278	0.17060845575032693	-0.5631999194089108	-0.4912335338804179	-1.2538041750322235	0.7970898745054811	-1.5598450406861795	-0.8169892084908887	0.8075360407599302	-0.07040288812477863	0.9959436933395082	-2.0977370859055653	0.5372816395709674	-0.19942428884316968	0.7929569666330218	-0.16388916597207578	0.9311203479595717	-0.5298345086115546	0.5217579463285447	0.30774516157450404	0.3875634420825214	-0.60774973758082	-0.2134971632510967	0.41819147492766534	-0.5765715752937811	0.17175476695284894	0.09872404840904841	-0.7852504633068964	0.9993260324010991	0.7567874954791028	-0.9389486018217539	0.12348813169970456	0.43778473045375044	0.003325906402327776	0.7724669598187427	0.6883239620527295	0.29878354014238173	-0.10881190592785404	0.1360361958719457	-0.2591746785646657	0.20277176845503234	-0.22227604610536283	0.28994165888726037	-0.7157856313267122	0.2074289656748797	-0.7078456423627255	-0.4412329037683641	-0.588706499542604	0.5592624807581924	-0.4280456010873094	0.07412821071962813	0.3625438311017218	0.07193632686192446	0.8621711121709094	0.29213956485824477	0.36599652646695885	-0.24262897189902302	0.15413814831129927	0.1998826318601559	-0.3316455326717222	-0.16734529518434038	0.5690770064351764	0.39986714274486296	0.3034468967203877	-0.5479905992616814	0.4872678175300455	1.126406192948769	-0.5223894478332062	0.5366991771160923	0.3348032789202442	-0.49780525604825326	-0.2815787339196819	0.617467380453908	0.24706431480767135	0.07371254829839716	-0.33863736723102333	-0.7998034630461471	0.24936231499349132	0.021242151487957196	0.2950723320800544	-0.21126747739727994	1.0233512942020444	0.2671236210438612	0.03173535735334527	0.0798624590944696	0.5110229305198806
DTXSID6025278	-6.250942993656628	-2.5519121717878614	0.5543509818164967	-0.37796393462441336	0.6240818341619407	1.4258138759315635	0.11632818887529078	1.544713514149869	-0.8085167691990333	-0.2367006398928493	-0.7188064534933727	0.6501587601925288	0.2270497712480274	0.08287989108968158	0.39399083022714265	-0.20364939424543205	0.7354341478131333	-0.3554132714268269	-0.515561857282681	-1.2721505328592946	0.23459941140803955	-0.36336427123036913	2.0879298059071627	-0.5146326251065002	0.35550978528805766	1.7088276785977305	-0.9110971638222808	0.6073614675169186	-1.6520657057747299	1.1968344686254517	0.7227056937367846	-0.8667222034160192	-0.17275378612880743	-0.6659524236449575	-0.05762432686512951	0.42781520004837725	-0.05992503972810615	-1.3968818030177754	-0.0013147020100234459	-0.26566779520893957	-0.6005960698692421	0.14018986071450978	1.2079293139246992	-0.14891258088746637	-0.47986297223567953	1.5363869962266647	-0.09697152844818306	0.0013282716804182701	0.07764837530269446	0.29413361464055676	-0.0586171591401122	0.2277272445994699	0.5445644943255876	-0.10779841700873018	0.4413581187349693	-0.492589819947425	-0.18058208110426693	-0.4855023128123444	-0.903451941598569	0.009923290082293857	-0.051563046934821694	0.46642878612043487	0.40471553638969665	-0.3757349738572907	-0.5002961212957945	1.4729205081963357	-0.5914904294204525	-0.657021468226077	-0.14482563128349654	1.3115431235277843	0.09122013803135537	-1.4537576592394224	-1.7115114383085703	0.03525454523747159	-1.8369353861287903	-2.0123061514202907	0.5660336613075018	0.054991222674078126	-0.762837817853605	0.9852765566039466	-0.49434933462736724	0.20190198698654696	-0.1633932691585412	-0.47711900286433595	-0.12211713784068068	-0.05223032898898188	-0.09530099293734623	-0.6482858789414394	-0.21929888248989357	0.19465617329616225	-0.4750771994183794	0.031211975504220245	0.2811390272279458	0.16312414837163683	-0.4015718340701748	0.27775803867729987	0.0008982154662042049	-0.2792628270755569	-0.12456713033907423	-0.5203012723587707
DTXSID7027544	-6.466259237796543	-3.040592249233475	-0.35753343577065544	0.10570937397080604	1.237768336096986	-0.20395868457523136	-1.547815768734511	-0.7115861719754203	-1.3425838321120434	-0.6052100307832164	2.4517950095097247	-1.252392606507369	1.27034591417736	-0.2837763162257971	1.3517598567586204	-1.1475832106297814	1.1529076125392694	0.2657519171072643	-0.13012047816547	-0.16889175203134427	0.2587423015970827	-0.1889610805528756	0.7972204567612744	0.33857965415092073	0.1825740910633466	0.03723148268372789	0.2617957753754435	0.06980981790831817	-0.23730790426477433	0.3955889941393866	0.26517254411436747	0.43778876616394863	0.5293840847726353	-0.1959916672405332	-0.44431615148920217	-0.7682676707262085	0.503409588650362	-0.5561981825116739	0.3052255192352511	0.3725083015307439	-0.3624705140081287	-0.08899715931360723	-0.6060072355456694	0.3647519257710392	-0.12653535905981148	-0.2237398064196363	0.4383251312525191	-0.3789523021070394	0.02762268965875666	0.1756104334534921	0.032990570086387005	-0.24448168385384256	0.1459093028473179	-0.09722215630655336	0.2725204644950642	-0.24694233163070076	0.40430827922032003	-0.73522973479728	-0.22088279444336056	0.2294291736967533	-0.004194626940064939	-0.4759443585183924	0.19841806620379054	0.6096378997935552	-0.30031621893765054	0.06519830567453129	0.014433235944581718	-0.539034365727462	-0.41800280069182	-0.05807259099411614	0.36921233739681864	0.05395975626383911	0.009173437285953484	-0.09731375544206236	-0.14986279977190173	-0.18124128529398698	-0.019990206951337394	-0.6498538949737633	0.01780667165624924	-0.5212058229837208	0.1036397473362624	-0.035536059952143824	-0.3322803886275705	-0.4520430071614223	0.18778486015547288	-0.14326396493468013	0.047673818823766846	-0.18460643474845168	-0.14604637095295414	0.26608732537247515	-0.4903827049300409	-0.12468196550394682	-0.4800304500877569	0.16407726005975795	-0.049754906943907565	-0.1212740033616918	-0.45222728106014964	-0.04040481933025941	-0.22594156807112958	-0.2602596718196308
DTXSID9047966	8.43370552373064	2.658360580316863	5.986657643501912	-6.345485603697281	0.4158146767238244	-5.854905702182058	-0.9254683637979972	0.3345128469166497	0.23630399923044157	-1.5315221176096874	0.4588835396423775	1.2990049263691361	0.8473986087518385	0.5677726921323993	-4.4204739062328295	-1.483060435413545	0.525188207539585	-2.039774772667997	0.951337538088142	0.407816097136559	0.5984006619714328	0.7991677050343304	-0.2484957706072176	-0.04618464498355728	-1.4130658774283393	0.3879268533779969	-0.35265923236840313	0.5345971587567655	0.5719061033254261	0.07992857736217171	0.2853678159445245	-0.7694341720039058	-0.6860751466248115	-0.8893716106256309	-0.11658433629450615	0.8106461581114661	-0.35833301907203713	0.5779677731151082	-0.1568607597245199	0.5959785457569283	0.0466403600014096	-0.1864564951363012	-0.1415146266074655	0.04267691123016676	-0.1218190672932459	-0.06843263763722642	0.2583461423236187	0.22038925579687427	-0.09669316093948079	-0.03286878849582811	-0.17693186285811438	0.192702171626463	-0.06866194783562354	-0.2033413587443126	-0.22283896937967115	0.46467970924430463	-0.5549188198300052	0.27809565052355706	-0.2906129965785968	-0.6730180527330104	0.14568107695500715	-0.22746841966950151	0.4568878896532644	0.24254245563456833	0.16548982952607902	-0.8593171664905424	0.14025268251526976	0.06951659329375473	0.03438694010934851	0.18330642582848636	0.769181124069677	0.11816463862222905	-0.20013148560880434	0.1842771949822708	-1.0571720258491073	-0.013374755012236035	-0.029432758363848146	-0.6635198871739378	-0.323680370065259	-0.3095179315125524	0.08870124162022391	0.24606129405700322	-0.6132197703509267	-0.4158375042487535	0.6551815706420242	0.004135625370403141	0.34587995619106476	0.04624037737355573	0.3376992095086156	-0.0035186079349145832	-0.9199894497301245	0.6502556107424058	-0.3562596579170491	-0.030412431353916528	0.31004190885589694	0.5852423557364352	-1.0201450833623522	0.09447207163944277	-0.0384715576430546	-0.42810514459153726
DTXSID2046179	1.7644110456501203	2.4706512865961074	-5.2445390410071235	0.5339204670318248	1.4506236986385461	-1.4423192610812996	3.4717720867246507	-1.3779507212849147	-0.032675600407550624	2.295893644773241	-1.0714646569468846	0.14038043969362649	-1.048628020953203	1.9846596619943995	-0.4630346255672696	-2.896956984540238	0.8398114000461118	0.7243432547739383	-0.677250846672903	0.3600657251992095	2.0465020032482353	-0.23728007586865915	-2.3903853610973265	0.6182329759568576	1.4736783047465687	-0.20060449232413638	1.6369684746235933	1.2815879284576004	-0.21574195943028704	0.8048505067935536	1.0156563386136166	-0.41763648994641944	1.6921152032592424	-0.6761473374953106	0.24038660104401455	-0.9707330898785281	-1.128596997343213	-1.2706280626480246	0.16624787836449087	-0.31157801613192015	0.7704359538947109	1.4191563340230353	0.2305294745270463	0.3470433415643004	0.04130131174033515	-0.15366290355097878	-0.8337151037420563	-0.4772521018520981	-0.6890601051531903	-1.4160211577084745	-0.06853637217948867	-0.8784490827825236	0.059969466313640224	0.6005503746197317	-0.15160119903166822	-1.430428894624853	0.36127467112902445	-0.09909917291160014	0.584809389729773	-0.7082902413373393	-0.7306642665754546	-0.13095015899367926	-0.9226141427273289	-0.12410899480844031	0.36263542836253126	-0.058270138521044956	-0.23872647900063426	0.39233717125252227	0.6210096421916249	-1.165796964651719	0.46411177029520795	-0.7615191807049715	0.5623900625052357	-0.35607561053248543	-0.014712607924927843	0.14782887820385823	0.5914214318566988	1.5920457975031712	-0.1001798489770012	0.598689073785168	-1.2330827384543368	0.4295128242929968	-0.2451155516826298	-0.12759668200337312	0.49874021960903536	-0.4679983160019895	-0.026438591001660874	-1.1000423448724672	-0.8557675788016974	0.7014016737928768	-0.5481762189435283	0.6126074959788765	0.05775241090200023	-0.7182780311719722	-0.9059700834488927	0.2829176686519921	-1.0481228852508173	-0.15553822003954493	-0.15817230898204543	-0.43190839871060294
DTXSID6023076	6.184521057283997	4.902914268589204	-0.706440799104927	0.17124281829815519	-0.918759769829683	-0.9626572952468132	2.6109288129293304	1.4176144746423696	1.457929218801549	0.22313619952842703	-0.0014334000852209076	0.18248696159909217	-1.986622398973685	2.345668215735065	3.547779964562776	0.009294818447671584	-0.3470509181478041	1.838914299349337	-2.5853677918031126	-0.7587020877515868	1.204631818446568	-0.24500086821203754	-0.9718647183716783	0.03349563898751126	0.5543451551608876	0.8235457654420706	1.6328563663632605	0.7468108690816799	-0.7260287378118766	-0.5830660936926217	-1.0746329507984105	-0.24748254906035516	0.18740026939411294	-0.9036756087886288	-1.710262889980262	-0.9331050819270511	-2.281511546287532	-0.785457123408743	-0.5580944288396329	1.1891616546336097	1.0995180075240412	2.02071242464308	-0.19979742340555118	-0.09074699008198223	0.9530724811265441	0.06065786856709298	0.0834561419777271	1.035574087229934	-0.1444116472049843	-0.49903229347880007	-0.22463497187603634	-0.660548172054799	0.8605087480186322	0.47068337832472623	-0.9296069947797371	-0.6464499123726233	0.24823165475673878	1.2693889572599908	-0.4192450089082102	-0.6546902527376124	-0.5839629195198612	-1.753318789454298	0.22007710390140547	-0.20707350804534935	0.18165275647329554	-0.9027699082556135	-0.8810476045901672	-0.6672754270154534	-1.023884994848185	0.6034077174765304	-0.18251893189727325	2.783652971702665	-0.9957590724592739	-2.0182651432759977	1.3222424098690706	-0.8484248964959482	-0.3568309873434505	-1.6396528336462923	-0.5616094061739996	0.27579621517590047	-0.24329318813835685	-0.4869348897224051	-0.8255594520971644	-1.2426868934658202	-0.0367706478515031	0.5428332513926547	0.37970391998052627	-0.5795197363125647	0.43428889171022733	-1.046209922567354	-0.43399320223747645	0.45141535066353766	-1.194432898459906	-0.0562460966824867	-0.18185472719513274	-0.4492362265727624	-0.5348457961362693	0.21284483039241997	0.2665831309222397	0.1267298748278509
DTXSID1047106	-2.622405325908134	-2.179536308846057	2.262990935293065	-0.5163951268454166	1.1138603364534048	-0.928223811782316	-0.9749449725272258	-0.5623884564003816	-1.252864049591798	0.3079701918299649	2.4904442281479757	-1.0135837935441183	1.7044071509310699	-0.37348515793575643	1.8195547100447624	-0.9793540348700387	1.129062527456881	0.6943721453147	0.34427726220310667	-0.8636769445603922	-0.2941908851080679	-0.1702425963923919	1.3590880037476896	-0.05131000665730691	0.5654930863374487	0.302030511734382	0.3628744030653559	-0.6737363273265916	-0.176473668840083	-0.010362006701894848	-0.2020367352503054	0.7369114180496579	0.6391423646758093	0.3516146809459482	-0.5628257691338704	-0.6651096313519099	0.7065446140893578	-0.413042683912184	-0.34172532416882845	-0.3994160025855023	0.14107505713901516	-0.026669214584047564	-0.6439812184437945	0.016398181817264827	-0.007079026113649706	-0.3250223474075486	0.03139368280494364	-0.7075360577093172	0.10369306885466249	-0.1274856541054199	0.054240184223053295	-0.5679218617482577	0.18907141241287637	-0.1618475751466172	0.15393421249313044	-0.11080466310473988	0.5204706991656964	-0.5637401409932707	0.06477294018045848	0.6246293728667563	-0.5050903295348098	-0.08404978873238787	0.09431943125757554	0.05313438427935683	-0.6709179356846743	0.04845329351501376	-0.34177700027105706	-0.29246978832332154	0.2643793042859495	0.17952511750736927	0.16280897889966012	-0.19783028626451277	0.6591424838389898	-0.20414208673939274	0.2895843719595604	-0.19275472571346713	0.038212152148270034	-0.16683102749451764	0.0385863710911138	0.007231499613279572	-0.3343963824852072	-0.13752694033790694	-0.28746797632816773	-0.08453060554893364	-0.1282562694425464	0.3278455713787863	0.09290115639649375	-0.164975815997976	-0.17035743278805887	-0.09676504372794395	0.3557452841470488	-0.1412844069445288	-0.16469482502418006	0.15191147647674832	-0.24438623636652237	-0.24606164274953884	0.07198715068952095	-0.09637977094037545	0.06259215112085562	-0.08160203431563592
DTXSID6032192	4.691401306827741	8.74630880075275	0.1213421232599848	-0.07606186111623198	-3.582913297773969	0.1338383514789442	-3.041803390778746	-2.0328263339353367	0.4721744479317765	-1.1608328432603883	-2.305084481464894	0.23328276665793884	-0.9250453958916449	-0.09867967186239841	-0.9314150648354675	2.4433396630020296	4.159400234324121	10.896413946117065	3.6597786175012326	5.006752029980346	-3.615136648745237	2.5538299325329237	1.5790070538859209	1.221807573362506	0.27377373800817195	-1.3248623543149116	-1.374328892461065	-0.4145920687682269	-0.692092637106159	1.797743318112338	-2.4221311415894133	-1.5442391597907004	0.1697589786979773	0.4619228524971481	3.0645423509875243	1.3528288807801463	0.4221688445406774	-0.8017867530254765	0.4628074436937942	-0.27866571259295375	-0.5556892624942741	-0.15479291793807723	0.17440421720839117	-0.7226863141950733	0.8994761892386981	-0.6924298732624169	0.12330116688043954	0.02576827242897741	-0.4902887746275492	0.26114497867278635	0.12242699304960632	-0.17346407727135285	0.7546622373712059	-0.4648418271171825	-0.6663364696352847	1.3616496879545525	-1.0293138888603983	-0.7445695579721351	1.474174135571981	0.7281969743671702	-1.3900547352705719	-0.5128926946416427	0.9678457487269474	-0.7471974634340532	0.7000996352229102	1.5207970111766493	0.004782519454661793	0.7844613857748047	-1.7240733565942779	0.2026396125512232	0.6206236850058972	0.49565306559406064	-0.9339155117451374	0.4915222213032506	0.8367069439227192	-0.8402396535456407	-0.9185774381967867	-0.24384662162387435	0.11677640879139047	0.1534726703257351	0.7894517160995861	1.8364048249551002	0.07014533180680467	0.024797112048490635	-0.07065169446865976	-1.2766280947192528	-0.48098657764649927	-0.44561953003843374	0.5064856525008523	1.0261490138784166	-0.543303286639289	1.701203862297303	0.08149158468994817	-0.4767764605789728	0.1984790781541048	-0.3806473409210219	0.08530308037056214	-0.2310210570893983	-0.2489160249321651	0.36918153652265523
DTXSID0026549	0.05225621520194086	-7.440545047491412	-3.7148789363182706	1.4659381818359636	-1.9092779605302472	-0.6652492482991961	-2.27038967766293	-0.3015513581872404	0.3906664628192124	-1.3675178619747355	0.48080274968141296	-0.19701848087081072	-0.14879768333816976	0.3433348969931832	-2.2357503072836065	0.42938662878204525	0.35732221771386474	-0.600279524681503	-0.9638456654802343	-0.5913474653583418	0.5174346994232601	-0.27145239618738115	0.21536526102656314	-0.8726915957800668	-1.0127541711766324	-1.0398910523806062	-1.4998654246344296	1.370854096273742	-0.10820597132281057	-0.7966857969409802	-1.6317750885440474	-0.2630189681253817	0.3688843534184188	-1.3275361474308252	-0.48046117185622217	-1.0036429197941146	-0.468291452809133	0.747079496352771	0.6827147569206756	-1.0279171367776974	0.25700975380469654	-0.042597776346908534	-0.20959410541243226	-0.3614421247182001	0.6753192321303366	1.0552882240083195	0.8102782366824861	-0.2504113928153773	-0.21248122668552777	-0.2374471626545796	0.007593484858797997	0.10951894728323228	0.17457914180304784	0.0371714933633747	-0.17875638208781827	-0.6118993407670348	0.6073545996708825	-0.8647285934317471	-0.24896774119125822	1.0650352582308567	-0.03528761155163886	-0.6447588550559733	-0.27997645135413207	-0.18591950367284218	-0.5707549088048894	1.7305491605476195	0.3817565802271143	0.8889744995345208	-0.8070758894013841	-0.12589816575665083	-0.6214037306984245	0.024222009991226076	0.030870506577117634	-0.14190765440873487	0.5652689116842626	0.011020011371756214	-0.2857738223639904	0.31811654884303003	0.12241168000539461	0.36231734493116496	0.8721822062706632	0.2729874706323546	-0.03855379786829049	-0.20086681516711283	0.01488036773568877	-0.2602813927949011	0.7403699177129046	0.5588222373514007	0.23926846008012218	0.3107325281103338	-0.4298531221192991	0.12013997314292384	0.5052365545553748	0.29741942487279577	-0.029585081968889114	0.7590449575823557	-0.1764051542415502	-0.3935243819958762	-0.5785210465175054	0.4081516610494633
DTXSID5040461	-5.631906895193175	-3.896323118622947	-0.6772406128065608	-1.3851792112441914	-1.4412522857346892	1.6577180405272678	0.2972169651356776	1.0951430397743196	-0.4917861374248737	0.47082610967041516	-0.30921209611697803	-0.0411300734626736	0.21213408993841676	0.5593103766457367	0.523263359561246	0.9192890599866916	-0.33531727700353925	-0.1241808588311104	-0.13210473596838523	-1.878424596461	-0.21642323501393051	-0.33153654092379925	1.1132134316853664	-2.3781818794690053	0.2684503180642945	0.8490736625827718	-1.6241712771291048	2.557393523048172	-0.47584651527852984	-1.237998408459833	1.7641327092833508	0.40683368446164403	0.009188780246127078	0.18647185400271996	0.6785949025934762	0.23689194018659393	0.5029773683932566	-1.323738209481011	0.3384867553646282	-3.874175148651528	1.2563121385222442	7.63509482719024	-0.08461774786192464	-1.5718819940188322	-4.299637086452638	-6.648206604695911	4.1116386612758316	2.2079076899441277	1.7611717691369226	3.043381276068856	0.5010980091531703	3.0004286919411274	-2.2109626630538726	2.076359299903768	-0.592249888378928	2.854116487154756	-1.3739031431057505	-1.4100580329485066	-0.470051404076503	0.690999899222541	0.3225683645413174	-1.1797594041588704	-0.26342645605134984	-0.5008535554091257	1.3180966011265502	0.016337620958270616	-0.5647360591405679	0.9704151816770877	-0.2961727413355387	-0.14265465524025184	1.1237688219923043	-0.7633735432909813	0.9425759593850872	-0.029613822841321087	2.702166467238573	-0.14569665903617984	1.0519833346042804	-0.5199041401791592	-0.05147223801026665	0.1935328803909332	-0.16797273168140217	0.5934954726720589	-0.07934724435437154	-0.1551725842708617	-0.06687425358289922	0.058014683646134345	0.4995399495550212	-0.0014733006864528998	-0.1909446483586468	-0.21054813484900123	-0.17425172416665513	0.09924415899928345	-0.004958843900603462	0.22632712361535337	0.2026496829483876	0.36908802992005735	-0.5410987590473105	-0.3098265698119938	-0.22176541060242588	0.2703302056225221
DTXSID5048849	5.608563752928281	6.8047723142654055	1.322093640077187	0.6768650404010759	-3.404813266589191	-2.730862921077531	-1.699849181576513	0.2339446837554388	2.6815769517301518	-0.7839912125944986	2.0530235741024234	0.3363948386362829	-1.4389567514396469	0.3433940206518409	1.2539149151498143	2.450476163612395	-0.41199088855709176	1.2588892595439816	-0.8022799594363239	-2.0869749441705365	-0.9384632648707953	-0.7086275103517795	0.8778864084755293	0.029576599999188463	-1.189082203203376	1.518600222641508	0.7015887968658716	-0.7231431401602942	0.04871363416680054	-2.2668416145784187	-1.7700073007297819	0.6418622998295013	-1.436697393465882	0.7834452792666884	0.21471536577642739	-1.6916229411861397	-1.061600521016847	0.7496073350187913	-1.7786625476450457	0.6082896628786926	0.3101243007413253	1.055161508004867	1.0824600752510456	-0.44004975851435957	-0.20226179389674087	0.08871004791876648	-0.43411022215034617	-0.7076264537639103	-0.2668055361582069	-0.4348135087682536	-0.06452365462603794	-0.44472585694365974	0.4812544415438967	-0.4102727976204743	-0.7056546342035427	0.056393876161350165	0.23503818947018953	1.3904975027215618	-0.5754281079403473	-0.6663902541427948	0.2975102439660233	-0.5078008396940877	-0.6681195975218702	-0.25293680807378954	0.6669125965186539	0.7388381615739702	-0.8278540314527163	-0.8386424616916396	0.7983059390719562	-0.6683571839277819	1.1054286833163807	-0.4059393984970759	0.8690923627164128	-0.5991948503503911	1.022868623441717	-0.17110317756859048	0.19646148786494813	-0.6452505818039956	-1.2927602309834307	1.3711528813006757	0.9760408314656333	0.17002261179243636	0.2750799627803701	0.4227612747296727	1.098053116523886	0.6864754963072947	-0.23265372979206583	0.34125460413319547	-0.6143510478943455	0.19121383348709214	-0.7472818633958682	-0.06968354692336234	-0.0756924489602125	-0.9782860963170583	0.28851939086793843	-0.6871638065660102	-0.09336905272200502	-0.011209998708232551	0.042518929652424826	0.00734184735460348
DTXSID1021823	-2.089112505978525	-0.1186160620982791	-4.508582572515929	1.7023216793486529	3.730643715489456	0.4881690126205192	-1.4965735871193104	-2.966919572856268	-0.24178331843190518	3.637854265468295	1.3055598693767643	11.024529186103663	-1.7978952516515239	-1.5627690536968892	0.25139084493558134	-2.368797445807117	-1.9773793092292773	-0.14507907651386048	1.122402945034123	-0.41178239314708653	-0.7351626125102025	0.9225440130589437	-0.3733351097503286	-0.26491965039005155	-0.028314433485794974	0.08606977049098992	0.40153560338225835	-0.785165809954405	-0.079268386202082	0.2807952655437353	-1.3846213542072447	-0.07790663098967732	0.17665322498518526	0.36352249592065716	-0.6376973970954202	-0.23000516127102294	0.494029037501742	0.35996256219404427	-0.3363001547209664	-0.32966828157767303	0.26200499177903674	0.03881808916317762	0.5984087902650506	-0.4304823115324841	0.28320331250006864	-0.22759891428895185	-0.10486233125404161	0.08945780266144582	0.13444848790815678	0.04533753484642005	-0.28198746390474405	0.019601237433433852	-0.05097012529416236	-0.19841228366903618	-0.1956365480086188	0.13621976344131656	-0.24911445798907597	-0.20045572545455198	0.07097090199569228	0.22480784232157003	-0.15975916646040028	-0.3718339919281853	-0.06576298103569077	0.27299456664193117	0.1368718737389132	0.13716908995816632	0.283303747266337	-0.5157859256441059	0.5658949264915938	-0.010903137152858702	0.392375539985434	-0.6231612717732572	0.029454782074236237	-0.1055138104326012	-0.678783379372799	-0.3112193928690806	0.14422838800483392	-0.2323279442456668	-0.5161620739404821	-0.15100291196394125	-0.3154225366061781	-0.2764672228821016	-0.5676618066395533	0.4335927763646847	0.08576528859235868	0.2217090544606775	0.07964954091889892	0.7359800609284463	0.0670855180855418	-0.5120390947071161	-0.44295251133642033	-0.06393295688330244	-0.007434579066884726	0.03376879196046469	-0.2603490088886541	0.6336120648110763	0.5414715697233194	0.23611690380385697	0.33192824978355934	0.33524107439137224
DTXSID9042592	8.635810878918805	4.83886150398423	-0.7558070091221675	3.171966310971117	1.9393492461201605	-0.04919066689701592	4.800061762784265	1.659555694346056	-0.5474264362583595	-1.9191680958067732	0.6525530544445738	0.2513018121907334	-0.865329120471449	-0.5245439837682837	1.0932284995505306	2.271223770141399	-5.318991841419837	0.033135344227850486	1.6857478763251539	3.4837974093215798	5.482278603994487	-0.14106914654312785	2.706523490083365	1.3642150419020453	-1.016209910084478	2.0777901720863814	-1.7573497939399296	-1.3692031569004797	-1.612480002607979	0.3073113862729721	0.27570936498406784	0.05051206643117726	-1.1799061976957574	-0.008160862213751107	1.561961202018888	2.0535897494163	3.1337027648827274	-0.45627530128074073	-1.1296599881462963	-1.0085752045553706	0.8731157255412348	-1.1601536438329925	-0.3285291873220116	-0.33132862331043117	0.2858207811601584	-0.7892777583367641	0.5816568388097756	0.4099879469632691	-0.12658559204031228	0.023085078442367613	-0.11995683394976325	0.6356742032225102	-0.2661251843325914	-0.4715970207288436	0.6145187596437592	-1.4537826505783367	0.24598205474943222	0.11607815547661447	0.16488398327283482	0.46831548985896493	-0.9991710673836265	1.1887969564021093	-0.7698312876927127	-0.2398968370391663	-1.0700778289332311	-0.4281493798827774	1.668366212035828	1.2129735495126648	-0.6541348719358756	-0.585865111585739	0.8383433337277924	0.7861370718852374	0.14978210327641542	-2.7296229422793497	0.38316459629047184	-0.15110689795141138	-0.4419018187095959	-0.6569654271108748	1.296647974146127	0.9064849342893402	0.3754091358065892	0.6324087533959274	-1.8635255944722915	0.29568654750153806	0.49698998466860766	-0.052642776565968184	-1.305694713110198	-0.4413136132783031	-0.2231222711567399	0.8286125715785518	-1.8849776790925072	0.6255390187360459	-0.38766150245371184	-0.6709400841481982	0.9401616168573568	0.04670123702322703	0.7256962944536777	-0.17296170449355	-0.9747017925805828	-0.41754694964824557
DTXSID9032329	5.52697109443173	1.836608678645104	-0.19459200282061165	-3.639077696018978	-0.26877608258668384	0.35344457126447404	1.4585218933097286	1.4952082335373136	-0.991424716957005	0.3210261190375806	-1.9890648882239408	-0.4699959451740848	-1.479541541460459	-0.52807840634962	0.2424107899069562	-0.5028462292233443	2.8327625637290126	1.710084915028292	-2.680613744609304	-1.3764071007796874	3.0982826068878673	-1.2215192055664617	-1.3820423625111056	-0.09486072490784839	1.3382099799276657	0.9386907226591503	0.4940717347691799	-0.7641411031286631	-0.7626085220362802	0.02984756858629721	-1.350162224098236	-0.6563648570589529	-0.9953584896799957	-0.03406117326298398	-0.8977460102639456	-0.23404560376185307	0.246964395806741	-0.49826588090390994	-0.21572653165441494	0.511668790410682	0.9597198207183334	1.7039915901110383	-0.2704750948942784	1.01079735909715	-0.44978874734313123	-0.28193545411522797	-0.9205491830204382	-0.21007604120536566	-0.2673855814682591	-0.02892095245617014	0.12582899580638743	-0.6441126751226001	0.5552540286800397	0.3022256181442864	-0.9613452521799327	-0.8344826732143528	0.7611425644340662	-0.023756453709655116	0.3472937827245191	-0.9206396912418596	0.12031470777860603	0.5393605405794726	0.22719306625232516	0.8471083132247859	-0.35348797074473265	-0.5970518006870082	-0.757638485478811	0.026024592040993857	-0.670569906969619	0.3328786336574517	-0.7164833435677603	1.2295411316104066	-0.49238676744931253	0.6720054731322013	1.2935077044817365	-0.6843531853217408	-1.3193445589522785	-0.5768370670292547	0.11269612166388461	-2.1851974859451486	-0.10784729589014098	-0.7066964205883567	-0.678999419503751	-0.12832999607677006	0.19632687509875477	0.21307264532841524	-0.14115862156916417	-0.9582862745484964	0.38729150876354024	-0.8782055516654608	-1.3151107192052134	-0.9820967391319331	0.8375240825459169	-0.7744594711274942	0.3458304938621378	0.2542747417052398	0.27635295796604714	-0.22993731918742727	0.016377346895317495	0.7462374412771967
DTXSID1045112	6.70673179978743	3.845102711103086	-0.5140255527731049	1.316070911037489	0.44279801095488724	-1.250799878732373	2.0717936324059623	-0.9043937512611645	1.7280538737556685	2.838482839241715	0.1915074431862009	0.8234784446926925	0.4413863722670629	-0.6628971297318098	1.2853420556980424	2.0716912765620226	2.9019852055569335	-0.6863537885909418	-1.2808425505611258	-0.8655891050097142	3.1522989720093464	3.3403856479387786	1.8260264763764638	0.17887126749790777	1.6185838669616612	-1.941821101583657	0.6774470738591105	0.5067582366162038	1.2032340064044758	-0.6311164650295015	-0.10154167874026039	0.13248153567491378	2.048382820923557	1.226990959567986	0.5001012616697698	0.7753011838237601	-0.00961482053925251	0.8537325514336969	0.3392399417625848	0.14141879444374916	-0.6523889335651063	0.5403479926364066	0.4533535939891934	0.49937451765120205	-0.7753051171449825	1.0935768135517756	1.7038416026066123	-0.298650701078029	-0.664801350593061	0.25135101454736625	-0.1396675019060218	0.8659166182182008	0.6008925085197313	-0.5104347608348513	0.9284198727654341	-0.5387978166860387	-0.9010023022039433	-0.45779071069595645	-0.02002115985513149	-0.8914299752215206	1.1186335765928095	1.0511589912176365	0.5201812244382309	-0.5968210563264371	0.37477617823249615	0.49504369649427604	0.16667876260518186	0.17981010039720174	0.0073515922906208855	-1.7579889621249913	-0.048725955601344156	-0.05338040367316954	-0.8190192696563646	0.08676209252379288	0.5763493288607792	-0.5469845757367497	0.3360844982113794	2.536978777495523	0.6154412854178901	1.1414084928718984	-1.9187972254923193	1.0214098582698266	0.1590444506281129	0.0900726130408108	0.5245985585611205	-0.21259007512879183	0.22918990860566635	-0.022871808702721753	1.7781917880991995	0.03625172749412607	0.1999424220540983	-1.490740109436462	0.5695488545349017	0.07760710585475908	-0.4002752760938914	-0.5708914251553558	-2.440043692312057	3.4121045913478323	-0.03450335640031748	2.635071116443719
DTXSID0044862	0.26770280446310724	-2.2309102336870192	1.2100099780149378	-3.484607258428613	1.881495504487292	-3.0260955926491437	-2.9611989709578106	0.23695549392097165	-2.4008479788510786	0.5320973134095527	5.867019167844014	-1.552886321352259	3.6101786340706585	-1.5497809659456856	1.510747631723509	-1.4174991163509831	-0.05570675029107099	0.5044856027240059	0.7791909848985555	0.6233153453889052	-0.6079828943636946	1.382411131498412	-0.7393881705074065	-1.1038225959415453	1.3862113622064292	1.432288994497912	0.3766563671807252	-0.479927810382856	0.10487814020706704	0.3293257692563332	-0.2175744153804567	-0.11438306827647632	-0.5839961454451569	0.292516413988884	1.2948695432724235	-0.48217467408857767	1.0725902774991318	0.00442502816046292	1.265612401508418	1.2654587727044084	-0.4712537307183825	-0.3589550074652777	-0.6700334414991527	-0.06265452853075124	0.43010801942751403	-0.10796578922894538	0.2257197930334966	-0.26642002787023333	0.40601068333113	0.14838982346774712	0.10770089138970493	-0.06158556264885307	0.14113483351474512	-0.40169686906996427	0.6185679876324042	-0.8573062751015629	0.22405400733598685	-1.4572636303758857	0.3594039466445243	0.530565048209339	-0.7469833639596197	-0.9265227609616334	-0.1204834042072214	0.27935109499697297	0.18098421076203228	0.5032512917286791	-0.36269629892240196	0.05093918748378337	-0.03696669875327569	-0.36778867205026117	1.4925269883839387	0.08528212770880576	0.04502917060728637	-0.31123827874334004	-0.3181114614956385	-0.1723194321168927	0.8663935722350593	-1.2895918583897759	-0.0007505725422538048	0.03525228282851221	-1.0380193425960058	-0.8647645013757554	-0.23572620219493776	-0.40804592231078185	0.0937373956021654	0.34441160282752165	0.9105125992406807	1.414028533419248	0.005462467653810959	-0.30333163072835334	0.21974483836202893	0.09769811273053036	-0.1892282192391185	0.24161957443194831	-0.6465439321069926	0.1226415867272697	0.19721549169106625	0.1570168540981733	0.14466418696622516	0.17473373379836485
DTXSID5047879	-1.3988542549379592	3.9344596021475797	-0.6317491479553234	2.346330932057014	-0.64787998069721	0.3791571658004008	-4.472683673889793	-2.4204656645613465	-0.637185482896619	-2.1851049271615786	-2.7474637613595827	-0.5867930942676698	3.259600649570381	0.5454813146241989	-1.074535466620914	0.487417380007962	-1.620929150734755	0.24832176811503445	-1.1340415395696617	1.550627151879987	0.8844624736366229	0.7989410696188065	0.32167310595284604	0.03749990638115981	0.34125567543553825	0.7473718376210736	1.0755407462337299	-0.12710156879373696	-0.07692021986928524	0.15356214139440694	0.2820424888996353	-0.4885113728115009	-0.713970630364174	0.07701385364068167	-0.37812542961029716	0.7672333385039733	-1.11503287956913	0.1549835723131365	-0.549584381126937	0.14381867038370122	0.09667426703390616	0.1383378493536357	-0.38763160675302705	0.03779701977986318	0.08289372174059048	-0.16840151297413203	0.5396797931994377	-0.26242142356064885	-0.32334609131937314	0.28977961117530354	-0.19983780172534968	-0.13935450796938698	0.05058383258427356	0.02431807457815663	-0.5903950002214485	0.426873236406345	-0.16063998294170012	0.398179672860493	-1.0407867673712115	-0.3239761010032192	-0.4452315916295835	-0.44961042309327187	1.0634217615020842	0.6349150968116929	-0.08171146344535395	-0.7971030415699313	-0.34377183303439424	-0.2841450254579439	-0.19888270738852873	-0.5913414204283077	-0.9199288025226973	0.15041747198608602	0.49138741559511995	-0.9814969641031931	0.16555649968337718	-0.28295515343985506	0.9612388414791719	-0.17957849429311648	0.270057944174927	0.2929366987566564	0.2671948271595859	-0.5460771563794169	-0.46659656032919306	-0.08202823834303148	-0.04729616287375748	0.39443669911475054	0.09029744549544458	0.713891386004754	0.5846664473678234	-0.45866717205462293	-0.1303685028919079	0.030986217011378606	0.6283194561222755	0.3117304356526143	0.4180262343193839	-0.21712199846683744	0.2975942052536748	0.14215687809139227	0.2605556156517764	-0.20834758408152582
DTXSID6046262	8.423483887640028	0.2651731680706798	-6.352254799204557	-2.2567478235390417	1.2391563027079717	-0.8947593572917929	5.874830360071844	-0.3280899673158256	-5.178017935104221	1.8130524842150744	-2.7403751032907335	-0.4887611805025013	-3.8491349325811997	-0.007189734536007381	-2.4070045197865912	-1.1731673776372482	4.807019070350115	12.395052784062397	2.007052365188855	7.9360837914180475	-4.7930609642231214	4.279811078929716	5.496216411597474	-1.4981804796374758	-0.573577898349103	0.36441418463073394	-3.0475464112797894	3.0713582563257757	-1.3749575502392217	0.3290009071566258	-1.570068077917258	0.12005119229427315	1.6615861107139793	-0.1275381135406914	-1.6952759632209222	0.032574187537097496	0.4605396925061502	3.0811289624615563	-0.25087886860099323	-0.04976818423218672	-1.3186021406573905	0.8930699178352133	-1.2484775676013145	-0.9269343697469674	0.531234681612647	-0.1134995654538693	-0.2736240187266392	0.04706874159795088	-0.041865954341132904	0.6684671077421045	0.49219317386864836	1.2501983925822344	-0.3822232841399521	-0.016071089882901533	2.112878240235066	-0.6360876236683977	2.470141029944801	2.6981981015273617	0.6367897712031909	-0.9528934359061294	-0.2042944836511054	0.052199958927409536	-0.018107964712197985	0.9917619764799	0.6666764257181071	-1.3147858269903239	-0.32024928502939043	1.2786016416190282	0.24861499013958052	-0.8923222157484649	-0.39974404255037316	-0.3228579501451728	0.5266212553638702	3.9350594424666245	0.19711913036555143	0.17275007923923688	0.6044126023564942	-1.3585852486595296	-1.9369199552546579	2.0169048401437566	2.142064175067484	-0.06695006657123935	1.4126592239859335	-0.8386129641490464	0.4187105797169428	-0.30448350672021596	-0.05175282794955564	0.15973619809033227	-0.611959799617872	1.517312535381008	-1.142985904520796	0.9488535186032788	0.641859608507276	-0.5095914168121928	0.6947578986069816	0.6008499732946998	-0.5192222482919681	0.032060577309572874	0.523911259744325	0.6254329320159071
DTXSID5046356	0.2842349097571765	-6.228766252482315	-1.2385327607474548	2.2688571628892653	-2.681397463656952	-0.5850729275017497	0.5041007456400138	-0.08125047584485681	2.1698960588113327	-0.2116251779235209	0.24570540725311918	0.4821344380449387	0.22715564504900143	-0.7813819984268743	1.8438372145265003	-0.06979150314897713	-1.4160733247026525	0.12953115215708397	-0.39546922659590333	1.8272124977036348	1.5031358030642337	-0.3720851018509046	0.5843373010779084	-0.08089914664448637	-1.125629608484566	0.6525420033629536	-1.5970594005603542	-0.20810824673789335	0.3797720462732267	-0.31046922022092227	0.28029180202316006	-0.5533602643791982	-1.3507266208756596	-1.3051066788401666	0.34760250722669134	0.8520285585561453	1.3668436173878702	0.5368522527100072	0.20311168885669606	-0.5548453501044076	0.02919703333088041	0.292962762997206	-0.2749713512467781	0.6755572510142578	0.3633482263989259	0.22623611054375364	0.3323337540382863	-0.4480295403270255	-0.015332409812264042	-0.04624711316623798	0.07961174230219033	0.3370979097288046	-0.5165381260865244	0.11528926442977865	0.17311741110167259	-1.3910543068283758	-0.016326287865363234	-0.14482866525802035	-0.34344206652730297	1.6488130954036402	-0.05967953865492289	1.1901297032391671	-0.6850434950549438	0.40402154033897564	-1.0624682872068727	-0.19674668563789288	1.6146887916169885	0.8532488657739653	0.3374821591310011	-0.7949354293077318	1.2641929337764575	0.34168167491435175	-0.3890211931157546	-1.6052702695683623	0.4605444178259824	-0.9687858536452691	0.6633583916658257	-0.7367709081576564	-1.563187460963112	-0.03303512720100849	0.312741688176121	-0.6520093846625601	-1.9355701958471343	0.8650540242770844	1.39744584666693	-2.0766803624792183	0.8121582111538695	-0.5902844218333378	0.5770569410836833	-1.0254135050478668	0.7274973823283029	0.020397078189570567	0.519941399392639	-0.8756208931514425	-0.04189430529337495	-0.8470069266595546	-0.853055484111374	0.3303788326878764	-0.17135954398581085	0.050239605111859896
DTXSID3036105	-0.4355232956686389	-2.599267512828946	4.406323080575575	-0.14889721953347332	0.6923913980520657	0.020629537608944298	-0.01537789567659966	-0.35439617860447215	0.02897922305544176	-0.1484709071356247	-0.6875044074754222	-0.06144858199753815	-0.38875744902545173	0.13263199777421406	0.25265638696301407	-0.5809005955786293	0.4572225212947678	-0.2623501009090036	1.1157833754767306	-0.6187593498807991	-0.02490045477080003	0.20686107250367614	0.26077341278121385	-0.5844902184322426	0.5943981762668564	-0.22019640669396684	-0.293966151949613	-0.3163251875985065	0.21641663273293435	-0.6931546583875628	-0.18251408655294957	0.2275678150646841	0.09118235541039817	-0.06299447521507792	-0.08505516622413889	-0.28163115782680015	-0.47376277413390677	0.4327249055587323	-0.767227093182435	-0.7632113355523774	0.4408398547492271	0.28364691885758586	-0.4720493963725486	-0.21952690499827182	-0.24725659770384273	0.2875993088578968	0.12503277448492794	-0.37938119991955277	0.049379628106923985	-0.5056935599029171	-0.000299105874074011	-0.2861874220192943	-0.07823932174805848	-0.07121575381493342	-0.35472241502914853	-0.23252642082468228	-0.15433515208937298	0.4457389138253588	-0.15004713427691824	-0.009386691320853284	-0.35647957406921943	0.09496834561062416	0.34367871507005954	-0.9668052518380744	-0.15827243008093136	-0.44743131746314374	-1.1253784892038132	0.28264235163291057	0.03632223326404233	0.18965472960419258	0.05739413313136561	-0.14508272757193963	1.500230301594067	-0.38799484062314876	-0.9844041622459818	0.06670803139226623	-0.5477986411077466	-0.10853782447305281	0.23115013728540018	0.34920743659863834	0.031038574574998958	-0.1436159529673097	1.0603120826447059	-0.15122841527610112	-0.3612897388723501	0.251610667687392	-0.15952010506371217	-1.0377246932827957	-0.21554157403382193	0.07361213268742868	0.7765723933504203	-0.08528846350837539	-0.2360724703170881	0.1435069824142074	-0.46811812299085354	-0.3810857640895823	0.21952042363743673	0.12266228557612424	-0.1298833203216271	0.14656413145993832
DTXSID4046654	4.375025912216242	-1.641776946094935	-4.718870260037496	4.898402956713717	8.837401008427223	-1.2515782806633637	-1.3204917340930955	5.194363474606576	6.431304453067989	0.4566792627708744	-4.755974784610763	-1.9596073146482886	2.371666600460022	-2.4062742730112605	0.06148822642214472	-2.340429123008562	0.9089506354602084	-0.7255358644976805	2.888206343657635	-0.20344313537945088	-1.9181036534231757	-0.8255225553003105	0.07691590583988225	1.611657639268943	-0.6349309771061101	-2.2155842449882006	-0.8652538024095394	0.10264857669656484	-0.8030879540022418	1.1345512570665068	0.9525365844888584	-0.634343326463346	-1.4198992681935763	3.3075810845846583	0.3759601759201031	-1.8732717368925462	-1.6972493812666603	-0.29242168252646483	2.3668342589602016	0.33985230427357627	-0.6306662814437232	-1.5758046186958636	-1.1302672570243786	1.398565095418636	-2.645040660210628	0.16863167582549943	-1.720916137302813	1.8736709245542928	-0.11988791794611338	0.8026524860272963	0.6430958714073409	2.431446339122725	0.45787190226938523	2.448467921853278	2.2540468857187714	1.6950052988625686	2.3599695231548714	1.8298971806375302	-0.07549505567953803	-1.3764974894621615	-1.1179245983249841	-1.554851189562395	-0.30988242745601463	3.484410380711275	-1.129974739854872	3.5978882010836917	0.9047207804382111	1.0574288360707145	-0.045586992197770945	1.9445382390775174	0.9643320067986674	-0.5501602742768605	2.3436923888480936	-1.710245332907933	-0.19282167908714315	-0.4601642078174136	-0.8836562885293384	2.7247055296908056	-0.4730414385478915	1.4082280373374632	-1.6961487011860608	1.0274617423972534	0.4588817444672565	0.20104282887308647	0.16308687221234267	-0.8117035130814253	0.9820835168671477	1.2467540730085587	0.3622599607935735	0.03193190996475855	0.04266366795161701	-1.0842439089775255	-1.0930198506922322	-0.09204743290021719	-0.49648001369858163	0.08359368040146271	-0.6228962774067673	-0.35569017668062286	0.9747906142673903	-0.13888700875904406
DTXSID4021002	-2.502711040111017	0.24990436168241426	-2.35429608617907	0.9827461218982028	2.7806101366982054	-0.11377850250526148	-0.1855645750635643	-2.1215807114677214	-0.07444658046583902	0.9808105326745419	0.8621625953942887	8.017558794161554	-1.3484211735501501	-0.9707641197734711	1.6682268233619704	-0.4658158476617189	-1.3581831413561	-0.1496797026744016	-0.41125461869176066	-0.2646404366565796	-0.9214843979150051	0.3050665970802725	-0.40437974277290883	-0.18702496997831333	-1.0659157488732462	0.06055993483680535	1.1121381763797547	2.208991415501648	1.2643942509629964	-0.9124922302154308	-0.6127575095749409	0.3484429486222508	-1.5491868651666254	-1.3646740549495682	-0.31307060089880145	0.5227857905572689	-0.38772780673808593	-3.681820345685425	-2.383127739922376	0.6496984434566934	-3.5435467004160914	-1.9487462195742644	-4.091883251366354	0.7242824731392077	0.27403404806124143	0.02360811799689813	2.9599868973555945	5.481674094798169	-1.2548000839842646	-3.9213121547361958	-0.9887135008031924	1.2276301882272078	2.0515134154976513	0.34737100228310674	-3.1546162665157613	1.890713005949375	4.7290410384318475	-3.360862525566435	0.3849091475760094	-2.0522249357141464	-0.5340827936178111	3.743377257679247	-0.960983100156458	-0.6042172990769887	1.2593973293440839	-1.325456357739911	-0.5285796236819519	0.7814360778181986	0.584250445209726	0.08728618951584934	0.5939364005135238	-0.7988437809840813	-0.3676397098748274	0.2859840918475527	0.8607138028022532	0.3294042027958139	0.22671143772295	0.10817143528922721	-1.243767429598424	0.03477891669720209	0.4408509769162912	-0.5952200604799975	0.6455740832309314	1.8055476719844192	-0.22329221344211847	1.1220811834248856	0.9908937609359008	-1.1669120280436045	0.9699244070977758	0.9813352098599148	0.04591331938600774	0.2673555157124378	-0.43285228223936484	0.8143401144295955	-0.03171798388902291	0.04044827731495565	-0.20700704141547097	-0.10529448903275787	0.008539040326714164	-0.18103474654800078
DTXSID2020761	-7.601635669293763	-1.925083694570167	1.6125059231889818	0.1836933182366527	-0.531849508188907	0.19395057374584582	-0.4697744766512692	-0.9897168031951219	0.6368427775415296	-0.23215661929609413	-0.08777854619009622	-0.3072347122318108	-0.14774109302010807	-0.30238557491068757	-0.04749820162355529	0.20009615475668438	0.569174719537127	0.09096441352970652	-0.2848620789915867	-0.4296074771588553	-0.00045239655628711385	-0.481383941484336	0.985059757167232	0.07190741997445582	0.033368967460973196	-0.5848906365676252	0.10532465774843551	-0.29252006788962237	-0.0009959701215552425	0.08072999991625916	0.1962405582914352	0.5375617298984585	0.7427934283383985	-0.07523654233410985	-1.0056400238168877	-0.2950079669733605	0.4019044098631921	-0.7685307105481454	-0.5369322132209012	-0.16681952165872238	-0.02118776659547834	-0.3253933682722907	-0.07824645961678742	0.0668211243458403	-0.028365748872204555	-0.3696780250324807	-0.3510906139167631	-0.2900114717544268	-0.014694493470036384	0.2185184650346751	-0.05672656436748474	-0.5049923141054626	0.09514290865432012	0.06535932953970214	0.03835962489219963	0.48474996057821496	0.27674799919056253	-0.03698513783057175	0.14641199945022926	0.3300499945081587	-0.12629183814164305	0.24597200072514472	0.43170219304736973	0.8033296833031407	-0.683354876139388	0.06096218865177302	0.41946197416144243	-0.8173408297157714	0.10781741024173762	0.2525416212835745	0.20123613744668567	-0.07384108875196298	0.15461690281727186	0.3036330475626897	0.31370932689739994	-0.49407887606840684	0.080296439378616	-0.26941173147558406	0.12687196029631018	-0.4143057906586021	0.3728382829071025	-0.1443050309091222	-0.2566985968672821	-0.2994829336759807	0.16014659414054921	-0.1568058144881313	-0.1024001442254637	0.050366112153511174	-0.2215398984453991	0.1981345079173299	-0.6670146219104143	-0.020136764267541844	0.12179352040067923	-0.07988174634339427	-0.49740461760244103	-0.44438045397048753	-0.11718496259757939	0.013183323339090692	0.019201587504468955	-0.3991510422373624
DTXSID6023602	-4.228527141108035	-3.7984733459176305	-1.9441031869887702	-1.3721278200118774	2.188616940890287	-0.9602775205518347	-3.7869134625909475	0.07530878801741668	-2.623405310026105	-0.35296981927596677	5.512824887125809	-1.9749418907028171	2.4497190589868887	-1.0656557007776628	2.194456336041047	-1.257246301963282	0.24385376892524835	0.6557900585447639	0.6166944182270891	0.881970417311825	0.08355558076613848	0.8636657464184468	-1.3646319581394142	-0.8679480653925603	0.9442574319914887	0.6864337742260624	-0.11348942756340945	-0.035576973323898704	-0.3973915323437252	0.266001080922424	-0.2609977210346068	0.9447158889671168	0.18551699418965195	0.8941029058609609	0.806366568077483	-0.5209703297255772	0.7219263126441082	-0.23455510662388765	0.8599281010971893	0.5749984076166395	-0.7787720417921927	-0.22523393935402952	-0.9435934646496178	0.006581561912158199	0.046130045814699344	-0.04044325532582881	0.37643378542520145	-0.9368434262194051	0.1999596942226529	-0.029272130135882448	0.01972006867689137	-0.4262753506351169	-0.09655344964891212	-0.4026680016825013	0.3627529938741294	-0.21644697646142763	0.05151437108288787	-1.3131262448836694	-0.17051249341124622	0.5548204552398742	-0.6536323026963424	-0.6163787731961495	0.7018600621405785	0.5939227538209191	-0.1125567993356638	0.05278801333902286	-0.906123570547262	-0.0827227811969676	0.398440547474702	-0.19007379202751346	0.5087004187399503	0.2469175518714468	-0.005513065343574901	-0.13761945681183643	-0.23862209721580874	-0.16867960556547132	0.3191411935470623	0.038411899012125265	-0.17510247340147292	-0.3741118373250919	-0.1496515406273281	-0.3425568419903168	-0.4784779111505812	0.4424132414493542	0.6892597170252518	0.5975450597508772	-0.082782366889372	-0.015264986734003753	-0.0746909413972485	-0.06037613060179661	0.3149933005497215	-0.2553769623839627	-0.33910465626344843	-0.21090534410392378	-0.31700192308473624	-0.40849921241575676	-0.018914112871551526	0.037848879879583575	0.05870560088391127	0.09352483631348708
DTXSID7040948	-1.9890556426362938	-0.1601493295759219	-0.6187766640506555	-0.9492517893650364	1.1298317301016827	-0.8383439016805915	-2.7643928590340576	-1.3131567206971653	-1.5776959129072197	-0.6462202992633981	1.915343184597899	-2.601088289487871	-1.101099864297527	-1.5727004483809779	2.1985952355588814	-0.22137257029002974	0.5807661752544684	-0.4604880019094563	0.6156094734087663	-0.5651448860024026	-0.7096523635206432	-0.4497192556560721	1.3043865061459385	0.07126061534824965	-0.19437432971297589	0.1695032315983969	0.6828182319559934	-1.1829524399263975	-0.014464568270782817	0.6836867752129605	-0.4109747545451356	-0.35244875579654966	0.15675979198794365	-0.05397650824738278	1.3077720323035824	0.05840056770044976	0.15968510553341717	0.27321143958935157	0.4655099480605597	0.8792608615014336	-0.6272580445883548	0.09302453934847311	-0.3669941195682419	0.5992041542101263	-0.39842426402498554	0.15756698610180533	0.4281998444312001	-0.6270725952784872	0.05379813007152661	0.44046681562123213	0.23118547725167463	0.008579132334800193	0.5680152729547419	-0.25956960645104193	0.3039973921605816	-0.22094286397832502	-0.016189857349901655	-0.7404759008129167	-0.23635795236123378	0.2427439657150263	0.02860188033258198	-0.2777052241450523	-0.17941872826754438	0.42381455176321053	0.5900457682461746	-0.45472678139175793	-0.48300808295610165	0.3088357622929741	0.09328482204334897	-0.06141929236687465	0.405005038091497	-0.5949279159048737	-0.2186457224476393	0.15704851454697671	0.3953888398071156	0.4202110067211952	0.7164709701296426	0.4146514074651888	-0.10745127744728505	-0.00635901564419902	0.7381291116235495	0.34203709440447305	-0.27572967928516423	-0.09610382668379511	0.11332917775769136	0.018233390383609025	0.449476229652153	-0.3447624918023683	-0.10013880628659037	0.03652515117406853	-0.3779911826428667	0.6267888958711971	-0.157245584506117	-0.5199408021508716	-0.03407451835109188	0.01180903089248157	0.4801506016067906	-0.38360352566253825	-0.11130082906553822	0.7820107626617874
DTXSID3032337	2.7627062658354045	0.8037404147515421	-0.9880697831243035	0.009056240698830322	3.506782096381982	-0.4616189991104018	-0.5213233703907382	-1.9390122341302716	0.21667888511717803	1.9840602145218469	0.8095343141057889	9.282942076254514	-0.38288158756265717	-1.472189966917146	1.0794361988904786	-0.17279445496892565	-1.1628418139703867	1.1268830591025618	0.34458634149933864	-1.4618356041654899	0.09869941938585915	0.024718042821246	0.17050699085555227	-0.5690905795657764	1.0833891133200677	-0.09979048375300213	0.5247626965065314	-1.4746834297975713	0.3926961284352062	0.09580132027396542	-1.3958487841062823	-0.34251445826682136	-0.259707160876051	0.5578164006161667	-0.20170394047984955	0.868170516652163	0.3797530258470725	0.49942884704735735	-1.4309044096806454	-0.6616118265491899	0.39201506322046376	0.14169243770403495	-0.08226603740738966	-0.8541932012708551	0.3681463284915707	0.06465241268155723	0.08291011476548166	-0.6539644416592704	0.06927503626334487	-0.5544430760878838	-0.049885661233413585	-0.36944095647788927	0.14970849226668656	-0.2935212430070364	-0.36540495233444764	0.03200913427350588	-0.48592984172696213	0.27737320494654755	0.25551505646709544	0.5922038448754143	-0.46952348716827175	-0.17748448154428223	0.28713623324120174	-0.19293407695577233	-0.0785484580678928	0.12690246829583884	-0.9896551350785243	0.18465388604365876	1.2619278065099155	1.260436240047767	-0.053611814148739105	-0.4358092968611462	1.9815779189871445	0.043042698723927846	0.3077406453091524	0.06123758140701027	0.13122913027057884	1.0536312582137328	0.5315264883224956	0.6318052412821654	0.861877013813286	-0.09798864692653239	-0.6013048365240116	-1.5206981805592579	0.769625353156609	-0.6841769447015535	-1.4749090079150908	0.21879134305901107	-2.7710864717577097	-1.9144906944883937	1.5863719034571038	-1.028658338586888	0.31704515743301365	-1.0965217325953693	-0.048047157047995906	2.4115788520242347	-0.40228035392221806	-0.26254868424287586	0.39716402813672774	0.9730016866040815
DTXSID8046743	8.757346569844481	6.616992978236488	-1.3800330835772872	1.191709646680351	-0.5397850061653682	-0.7250091980477146	2.436239378636311	0.5360304279950322	3.525756109961168	0.22899739598348795	0.39799996472888566	1.4588795741583782	-2.6005951301440406	0.8412868484454368	4.5095567503020675	-0.27484359431838334	-0.8566465416737867	1.4649971875527277	-1.8427783565796776	-0.5088198032151565	1.244754005163733	0.9895329822718021	0.25876351357322736	-1.7831885817969628	3.9460011632591305	2.6760646415281215	2.0953468934376454	0.19527226357621633	-0.008123486019252127	-2.0634270868576525	1.0430676362951818	-0.14563951930992322	-0.3671211342795613	-5.449919651676932	-1.3495089658274513	-1.1578752099171834	0.41381851280477355	-0.32128570518577976	5.892479699127276	1.2328432260480329	0.3812280106226422	-1.8473732377218812	0.5243891744873876	0.485605705925567	0.1472129701924609	-2.2575737620020484	-1.8053472846482084	1.2186436614671832	-0.36367724217500635	-0.7099444263541754	0.046182408050349434	-1.4291262942484968	0.21066761324230995	0.4496646044981594	-1.6169018433147235	0.6475180708216515	0.6436524498255017	0.44357357497552086	1.572395529165977	-1.6154732637206521	4.648636467184578	-0.8820769780247018	3.6320308356004047	-0.7141118326756344	-1.7437509178101025	0.048021260350205944	1.8700000607568878	1.6605060872393689	-1.7604382487063364	-0.9612069265743352	0.5163522808347578	-2.6674550962460555	1.1024874615404638	-0.27487394815206434	0.12878343180413238	0.12511540395342116	0.7548207967360288	-0.3540814367649399	-0.11845858551668939	0.5147527950841304	-0.9992873527114715	1.0502514538048133	-1.492539047081754	-1.7284773105195559	1.0257506904732194	-0.1404027817400626	0.7116716701064695	-1.5155879621680814	-1.4926703090000741	0.2924829432521227	-0.6043003856106508	0.3577804876925612	-0.4187063380932921	-0.3218914545113397	-1.4471208086180345	0.8308582438586286	0.6395652492267225	0.5464748724297759	-0.024852320534718815	-0.09946116790288831
DTXSID5024479	-1.0436319657485653	-0.013636779378255874	-5.824896085822023	1.8974892404846275	2.706649811290398	0.7223417327292216	-3.1326142098968264	-4.735167926415647	-2.112553521357184	2.98285618455265	-2.433010435260601	10.547515158800342	2.571773322228416	-1.1907230971789555	0.5476611895453406	-2.9409187074724343	-3.4355255959106654	-0.43268174375140267	0.4527414970647803	0.5039120064309053	-0.6124863094092358	1.9890623435242591	-0.5576838292471334	-0.8952523508344962	0.25405469484101806	0.6536186242245016	0.6676187367948334	-0.9439249170175076	-0.5204125769910367	0.1672511942478745	-2.186876706899291	-0.010251431923798984	-0.28330114272551976	0.6607455982438458	-1.168108489163397	-0.6010447439773027	-0.21433282355512134	0.41392734948825016	-0.40025131497036387	-0.43879854415706493	0.3356818846846884	0.76785722980181	0.3921418571382905	0.15674008238896175	0.5014296114935043	-0.3623728686281041	0.07451984880045587	-0.18244863938304226	-0.17536708755583233	0.32867412576458666	-0.08571438765632619	-0.24185980689436382	0.23517213443720314	0.14586948408601233	-0.5397491986816472	0.3089444207719955	-0.016292193938907875	-0.03763607106162069	-0.007770832949059421	0.1810635882045682	0.16906355737999143	0.10501650857379244	0.018201505711029634	0.7032050077660039	0.07721096344308036	-0.27656981779018686	0.09511719089595115	-0.9103028098724245	1.0234618164710423	0.6562978428367814	-0.6574291027660485	-0.3097856077926286	0.06632505031077969	0.40893009485429854	-0.38088133970904925	0.09392169472851467	-0.6702395325989395	-0.9404530137088135	-1.019826976308224	-0.7534468020766385	0.6744367552287096	-0.48204447585803417	-0.5631947440851445	0.8675879652848206	0.2776423429924931	0.5443993724615018	-0.5212397059256242	0.9630570342997506	0.25573541616878376	-0.7097720244233025	-0.6700526923811531	-0.04847324083196991	-0.1577343767604357	-0.023917560190738606	-0.07233392110353505	0.3978176930108621	-0.3118813413135337	-0.047240103341292694	-0.1463382034602497	0.5109746949254764
DTXSID2047856	6.67745169756056	0.4207044448360524	5.793873610574571	2.5455920724008774	-2.6195456811160582	1.1255842159044411	2.5589331538546496	0.782384403228273	2.711035994685752	0.8322953727081142	0.3551592998573239	-0.05989306558161281	-0.35667539042704255	-1.8921650217535029	4.319904824241162	-1.6584185256814752	-0.7992296286771144	-0.9803807698342228	1.3403837721078544	3.4404572420222026	2.1148278689764846	-0.13056539292145097	2.1778431960367395	1.5015178528915933	-1.2288840902855662	1.4486716812300935	-0.23868625368895427	-0.0013472471977238644	-0.3567038981192634	-1.3650170519849247	-0.038663713574434884	0.9026269971373948	-1.1699519280927462	-0.4252093686633357	0.2938234761792969	0.26092933867107543	1.0932224475797656	-0.6594553832583786	-2.2787654413726792	-2.945321812824073	1.6956836275246872	0.7916801500036308	-1.0227788107764595	1.1539637366933786	0.5367552971408602	-0.2840598609757431	1.503996235423491	-1.2008148857312115	-0.08571343944251698	-1.0298133766693134	-0.05823979946545309	-0.4559432009280546	-0.15553258940713802	-0.15692670572975756	-0.15831524300958003	-2.033935773932096	-1.6258636754970024	0.7086250112251803	-0.6817671937594839	0.30676710657204825	-1.4703868484506117	1.8598873456871758	-0.8793503805440304	-0.6249016541626118	-1.9116434801604	-1.9360762045983146	-0.16880329303445177	0.21825635502427979	0.2168691533210479	-1.6702900957494597	0.5575461022520068	-0.6792744576532643	1.6756146198857569	-2.4282460863365003	0.23629251644468874	1.0221045999080625	-1.5846210811262618	-1.327438591225694	-0.6568982815263816	2.8969602672850385	0.621882382448112	2.002850337556765	-0.34457153768116744	1.9603039371250177	0.3910953626463539	0.7230534314019027	-0.11956229980996416	0.6301500765032917	-0.4392039637053998	-0.08500502342180517	-0.3200010195585906	-0.1274080013344413	0.03576731538070977	-0.6166563951635092	0.38857559022144683	0.512111327635475	0.9033599721207739	0.7608599016635325	-1.1728834620263302	-0.46400492385430153
DTXSID5046724	5.875823219844814	7.262748874879037	1.0772333250160608	-0.9166708748321644	-1.6959926136765409	1.7445248620602403	0.8647570114680689	-0.649719113142063	3.1200673050911836	-0.4641459869540034	1.9525440288170521	0.16132818933616253	-0.49586542507046644	-0.2915753097960523	0.9129727073649444	0.7251695115994833	-0.8807503915654787	-0.43279249235171996	0.2955072362379662	-1.0139040787096125	-0.3750592145673551	0.023152506314049925	1.7648998213492255	-0.30748613160936955	-0.06445836825603252	1.1122119920202593	-0.04311200726691128	1.3091805169616908	0.01566996611561113	-0.9079985818352109	0.18381780349629084	0.5886520499539821	0.37515961873273557	-0.4312684455624776	-0.6855852187903647	-0.6559119457968076	0.8025619465817396	0.24075316012735445	0.7461613148712029	0.3649020610076044	0.1712755126487414	0.2884616195707878	-0.393800003788847	0.45277301501475875	-0.8741679874401673	0.5086896722348497	-0.02584967419411543	0.15397730005008264	0.22675220740611038	0.3254711138967496	0.18009845413478068	0.5672005214612863	0.053662871859215755	0.1488287585688849	0.38962122642259733	-0.58501517221225	0.8008645485708891	0.40290559473457144	-0.5417397240167408	-0.5729304893910191	0.6214192804823201	0.8658360011489751	-0.676415995009504	-0.705747028186322	-0.3013346671074218	-0.4563097910457478	1.0717022937004925	-0.22262917124988646	-0.012014929875992439	0.6570798872171082	-0.294742926504236	-0.1346771054278787	-0.735096228107711	-0.8586458088626903	-0.3593616950712609	0.2818410302338617	0.23482864946758447	0.18870195323816386	1.0790208568569828	-0.6437282015876474	-0.8940538295099401	-0.4358802890185448	-0.37741182221037795	-0.5409281487022477	-0.44039430709070815	-0.33905322344186906	0.2097603097718675	1.4224308625647273	-0.11139657581733388	-0.5561782081247707	-0.23279582371931729	-0.6089797935033381	-0.4680278817664453	-0.232582109109587	0.3185255858540969	-1.343187609600361	0.03526303512663168	-0.5482652989206489	-0.3441101213792248	-0.2551121155568638
DTXSID2034673	9.155838067253542	1.9228819480420267	-6.763357453581123	-2.3162672684018353	5.9226347563342765	-1.8193038749002526	3.190205405765822	1.577210432550341	-0.5209222305943546	-1.7143488992528562	-4.534420468641922	-1.891186096828112	-1.4997469019143221	0.4006858398491361	1.1655343739017066	-0.8039299467573621	0.6993118226242617	-0.9066272039616053	-0.1210781428676947	-0.797481108853043	-0.9203371869177467	-1.8709249788763742	-2.6264576065807126	0.6622267681827925	-0.8096208297882737	-1.9925128033061565	1.1942942542279875	1.6368779808602552	-0.1488299879610926	1.5195145964999182	-1.392288496911931	-0.7563817887670614	2.467797768487517	0.3032377778504194	0.5486503378808802	-0.31734003348680256	-0.9876232276476412	-1.9298051323172078	0.965010053738679	-1.3862525294891097	-0.6647502889042244	0.9802323053669139	-0.654017007371511	0.22261809282022593	-0.5267050167477529	-0.08933457618247777	-0.6488145731021634	0.4369673261982844	-0.16925539957552488	-0.7100723910367954	0.41905443342754267	0.4978652355215851	0.36377528127547903	0.850946424986268	1.9589888176015071	-1.4816426958084083	0.09512138051397596	-0.05418194089623996	2.3505136762351087	-0.6312963035201282	-1.1873821145601822	-1.0415644492103102	-1.2649243879526852	-1.752677451142421	-0.37271506588146125	-0.29471443946330705	0.5848939413124189	0.868833269863966	2.9468545762756975	0.9637554881635527	0.06720012908544452	-1.5350278407624711	0.5360270645329147	0.8263831852594499	-0.7962978335926457	-1.190048650298433	-0.6449182928364922	-1.0100792726027954	-0.30110374348754265	-0.9308273826013351	1.6043027028269314	1.5226732457798142	-1.5699003610140205	-0.9515797208540696	0.7076627643313491	0.9578741678146089	-0.5808253179076671	-0.2945300541712353	0.6903091252753014	0.5994978144780064	-0.6078736577017636	1.0727818059636234	1.0233790031867165	-2.603024753968604	1.383490306826499	-1.2306872960528328	0.2744268142628552	-0.7312857464632628	-0.8701717660123525	1.0180818901819382
DTXSID6027218	-3.672608952185066	1.0784863177834831	0.709625339679146	0.613327362773012	-1.5644670640209783	-0.9666725172269265	-0.0019848607840680867	-1.2683783836115037	1.5265318438703415	2.990213854982053	0.45339912365535584	-1.057422114679962	-0.5578366666114647	0.686347607342793	-0.588626122248317	-1.4503885637319491	0.042417361115183	0.31505570964038215	0.2057957087566139	0.05585966433704504	-0.5077806713065564	0.2644758267634188	0.5119902503018965	-0.49729511019836864	0.9246440614307623	-0.586816248696863	-0.15767639328339964	-0.8729130530990644	-0.6036643879964672	0.7893637221182682	-1.0294254533467087	0.2723087761036772	0.9456714978433957	0.21127353724520784	0.5575600161531828	0.6165067147467883	-0.4444853332442788	0.47508785596495556	0.4041993787517481	-0.005432125307817294	-0.4213196013956036	-0.2998576397866319	0.1854407850414774	-0.2598018280095675	0.14629776198489183	-0.2186530490559065	0.5339027447467167	0.03477513773221239	-0.058906054614460954	0.07402883510883923	-0.01954789210964768	-0.0030080146699677525	0.4599765803165549	-0.36559627400205413	-0.19672700193636058	0.5053807175378842	-0.3822162139147995	-0.3187905166453891	0.10950226852481054	-0.09648102345392218	0.12107540938448233	-0.06920993988170353	0.5328944134994005	-0.29591611791841355	0.5304994122166085	-0.20598999258604836	0.3198479361748001	0.8800558132664298	-0.024825164238222924	0.16817168089624654	-0.32687062637182795	0.8632780197726551	-0.4214982852320887	-0.8226014546355072	-0.30830760489272724	-0.5596575438446658	0.01623824789607925	-0.21017826858006788	0.41466274136573894	0.45988840539873194	-0.503537313263278	0.08776698897914685	0.44237173638697924	0.3905310716928732	-0.27970211210208856	-0.4130802151644468	-0.3312126246064059	0.7173127623812848	1.4721424625861732	-0.13233404577415928	0.19591646134477886	0.6314228132264229	0.18758918417230164	0.37314676749762393	-0.4050549376795632	-0.007736011502170381	0.3007175157268873	-0.32735366146672173	-0.5075475800098151	0.5262765606833611
DTXSID6023571	8.611243462519866	3.2289481230056607	0.941943399885846	-0.940903598135231	-3.3260766295049726	-4.3334698827132625	-1.317526343317089	-2.025882822173063	-0.41631186941464504	0.9717778329071068	-1.8772121083301434	0.5938303925544676	3.8314202844380763	0.26896570446194157	0.29419244943722916	0.6350540698977333	-0.6929996960027989	0.888442529582174	-0.3171259214391248	-1.8344045393990454	0.09677021221048009	-0.13451061502885134	1.5756235821100852	-0.12160046622274795	-0.20946756683286258	0.8645714508369098	0.93662431020461	0.0017516982454223633	0.5776207930254273	-0.9965899730448824	0.022083544677239622	0.2301194381119178	-0.4915434627377961	-0.6481831113842959	0.2167760228751924	-0.13284418993738012	-0.0503854858107797	1.216752056294338	0.23749583751860717	-0.412528179481396	0.5112287598793454	0.4223675794519375	0.5887681924875897	0.987927784991244	-0.40360288015999213	0.4203613842115164	0.2805868765554349	0.47831097862572897	-0.21445848637694898	0.7523878888334907	0.013181273810847756	0.5004604517112148	0.6333398658962242	0.05010205020285051	0.008524670418029194	-0.6661277950406835	0.5696154491392317	-0.18641672256157907	-0.7124654171349881	-0.13072825783197758	0.14556043679169478	0.22347116930256242	-0.6164920528418596	-0.617265990581077	-0.27184773531514644	-0.8223424285210136	1.3022762175354317	0.8282625369012614	-0.9804935989689469	-0.47477505157582467	-0.30836812044087	-0.2414067038762879	-0.5059528685025029	-0.1521453378417976	0.17599494065125457	0.6256991838309008	-0.18288578654276824	-1.1453232031080591	-0.7041024642161284	0.6833598906726439	-1.3423724858235773	0.09268962032415809	0.34815214233799324	0.05682579482942377	0.05573277593418279	-0.48055507713909384	1.151787205870972	2.1759172671747784	0.30975772145376856	-0.4972537282049448	-0.7221187864777538	0.11135745197274223	0.17399629845481607	-1.188437690422002	-0.022428141057763758	-0.5225306253062008	-0.3476451130188587	-0.686619913664962	-0.6073854186896931	-0.034034738850771386
DTXSID3023340	10.92798343726903	0.15093018664444044	-0.28947326632682774	1.0228538121699782	-0.5415868665760079	-3.5622028753688633	-1.887434201758326	0.25787588894014285	-2.6322539797129676	-4.63730177902743	-5.991062241138921	1.5764325067523524	1.6949592786524141	6.074548863649008	2.454865894489396	-2.001323428473727	-2.1658784890690717	-1.1589345431710258	1.8906233415802538	-0.028530958371895444	1.3552368865335909	0.5765640550239434	1.5237343840434179	-1.2923721951066673	2.910771862383859	2.603744884704799	-0.31257844988272593	3.3506393618341233	2.565286678203189	0.18467645512545522	-0.6762365797568981	-0.1358847840012672	3.5127741559266235	0.1697849819532262	-3.3814185380530084	-1.1719783413254978	-2.3550861223923873	2.822351014466043	1.2178573980241523	2.828019862432311	-0.10564826643013488	-0.6711278478431427	-3.5511511349946727	0.20050436998711405	1.5475943939393118	-0.5906993296905874	-5.5040444387346446	1.8082480559415008	-3.9115926941352934	9.411889645855284	-1.4768923434053125	-1.461031176364286	0.02351615576061936	-4.351845125624828	-1.695526193522304	2.2525062478572124	-3.9264964549466446	-5.502350495508795	-0.07089371724074318	-0.781655751714505	-2.9641773741670514	4.7203172351059175	-5.689491110264518	-0.8144579347955087	-0.798725192463956	3.7890202545399	0.9892281085496792	0.8793162565134673	-0.34657911422989784	-0.9090937969141468	-0.47513919134540583	-1.558727187638648	1.2695159516195904	-2.0492380926599822	0.6605686540568647	1.3138864010505094	0.12420147544767646	-0.16870841864681102	-1.8259828330726895	-2.0703887082074672	1.4169495275400175	1.680372061477301	1.7456384486706398	-1.4183765731025664	0.2854969319068235	-0.3801724610351513	-1.990205566365339	1.096709105474283	-0.7473379996448988	0.6969144595129854	1.248200386722598	1.4669356822952955	0.4445967064582107	1.219300390200189	-0.27425848974775124	-0.672817006235373	1.4701405878993137	0.3182294995332669	0.1307989434138649	0.8151352023166978
DTXSID5047299	10.636560598021838	4.893050289580557	1.8156867806788344	0.4461807360922611	-1.4438163464417637	-1.9401327609105181	1.9772203997274709	0.18895927484886793	2.3429350951072987	1.1250816155273058	-0.11833532111964538	1.5376507993545097	-0.8359820092250471	0.364717920283807	4.28829062883285	0.3036335911192136	-1.301765126770748	1.7199626260653766	-0.04721277891200187	-0.6939794940164525	0.006074455674899651	1.1511657813677942	0.782764384245301	-1.096231447370486	3.0456547606484827	0.8316544206338143	2.049844005345692	-0.1472929778068063	-0.05679099186782373	-1.3607706027575492	1.826857365596177	-0.4400714225349405	1.4948134966332651	-4.2535195937118475	-1.0416543379218892	-0.9199809882418588	0.12752871440202743	-1.1166103252453918	5.556930545534545	-0.41285646779730906	0.6820785079988141	-1.7241884536330108	0.16595937727397014	-0.07953711476989031	-0.2744149827465935	-2.7869067725044125	-1.700826756935531	0.518925685161277	-0.43506881668554886	-0.32181181010215043	0.03625414332506482	-1.6727509133893217	0.3083102314037796	0.529239047229159	-1.9647634465615313	2.892712390209723	1.2228618666266442	1.2267411435885045	0.8365912709745884	-0.01712557899112429	3.819252223141414	0.0003723518436442353	4.464419230629453	-2.087621728868612	-1.89452493376204	0.6461058726248445	0.8042019241413589	1.9279028403203295	-2.2373593669438367	-1.8387269576531995	-0.3612704002345527	-1.8371306341597933	0.6688317617170254	-0.9591968418336895	-2.070603916195372	0.33495152514024573	0.2678510309717869	1.380043244510406	0.4338709292900136	0.8109636537614077	-1.0435757824527876	0.3685106529555894	-0.020681852761381795	0.5625510339536379	1.0671100349958489	-0.1865998184831298	-1.0221938150634853	-0.42003812676301094	0.36496157262212275	1.2551333813052628	-0.43594726962827524	-1.1434396120083157	1.3780472139241797	-0.48739902793458834	-0.738577710827915	1.0478701809547644	-0.1768061565985457	-0.08756887596222135	-1.6464095481895638	0.23595589478244128
DTXSID7045948	12.176974554281864	-0.30143013061729323	-5.65556480680285	1.5615742383519018	3.2646307727518606	-1.362244286581529	5.29908904653748	-1.0547379936609789	-3.691274307170011	-0.37884487751182655	2.6236179700735334	-0.042569010837596746	0.05799917353447238	1.4511822473170217	2.032152517708427	-2.682994656999691	-0.21063887893886044	-0.09563818713651998	-1.2012532792434545	1.4294799989673943	-2.081974566274894	-0.287199393895713	-0.4024007058661282	-0.4409137899148724	1.490278885884753	-1.8539843153362165	-1.4845465616906206	1.3790008126963211	1.9133615194077487	-2.5589736940962697	3.3942389456537634	0.8413359310032985	-1.8109095306505862	-0.7188998496894778	-1.1514226052844823	-0.4375498253509459	1.1824659913203979	-1.0060687666052084	-2.664038202143352	1.3368442451482225	0.8758299492154321	-3.33241950904629	3.154719879583318	-0.719649629193607	0.8374468186062056	-0.7465915807748936	0.6129619342422051	-2.181287656791478	-3.014416813478443	4.2656700706050446	1.2806104596353316	1.4688501033219015	-0.35592198620125465	6.173398861515686	-1.7281557425167005	-1.757053366291189	-0.3812420345585941	1.160974297618757	1.1264004026973806	-2.3859704275941045	-0.3925582022298905	0.44870154037893645	0.14127861414347706	-3.2111306909150157	1.9060641191409353	-0.766676926211765	-0.5436409942366843	0.25987745668486495	0.5300469818111802	1.3954754474667685	-0.6173288353711519	0.017457114480863244	-0.6334663900151342	-0.5183750440990674	0.6285330752623673	0.3253041219606203	-1.1462933959788824	1.3262135439954312	-0.6819976342279626	0.8462524577331956	-0.8400306943160926	0.40856156921673614	0.3075593274419675	0.5217115431048744	-0.13925378452106743	-0.7970006477786795	-0.7120349521155308	0.05688439107503117	-0.4296441334386941	-0.4551593622791302	-0.8908153461809801	0.4648344611045917	0.06407183917975444	0.8544077723235761	0.8824994896865057	1.9809908220017678	0.5170523696903463	1.6554940356564871	0.23887251403002052	-1.5142769793869681
DTXSID9047330	6.808096379342953	6.17014755861489	-4.129790346930489	2.1606430889700796	0.12796227784800265	-0.5755683089345279	7.189306739538002	-4.31486390497847	-1.3103621224735142	-3.3444935047304214	0.38190524463047937	1.8195028237760824	2.1283973227382864	0.5938071507724834	0.3751265730816199	2.9089602076672643	3.2546201489848876	-2.4374809293212274	0.7741852043465162	2.433933007096109	-2.585454747359575	-2.1794991373012236	-3.99071862625463	0.3903963796041088	-1.9122991075535911	0.7138189904068515	-1.9777187594864774	0.8676015163935429	-0.6598231758591754	0.13547285743272422	1.57740153993189	1.1135681520197005	0.5435125434147174	-0.7581449411718232	0.47574605197400466	-1.8765642753237837	0.07041412640890847	1.827474797162346	0.7560195997089909	-1.0946915535935802	0.010335835547246982	-0.1908846011554532	-1.8035287450260267	-0.6737067415246972	0.9151928552823483	-0.07773715826709462	-0.31878456649666764	0.1394583921879632	-0.022677454177479434	-0.8679705015070158	-0.2315144627441539	0.10318231893407905	-1.7974133502588991	0.24622506405280928	-0.5164858795593662	0.7756318852630129	0.01580687079019348	1.4319129973393068	0.37424704389043567	1.2128365274546187	0.28241774241400175	-0.07381530587040287	-1.6474468156276805	0.46457624618512394	-0.6839079443823142	-1.3755936075430868	-0.32365455004209065	-0.858258664490924	-0.6075710926843524	1.322537578177375	0.10287163452148385	-2.8172907474557563	-0.5919954684956455	-1.5472324057899707	0.5829425177160807	-0.1350326558964603	0.515968264520695	0.9329738797064917	0.9140597110878539	-1.1401058059532396	-2.1731123828925902	0.6715010775711704	-0.6760691466987099	0.091715257962941	0.21475325268212012	0.19458857059993873	-0.33316013209949236	-2.273202619296434	-1.387135054500222	-0.023776432865504744	1.5251953197386128	-0.043632888760131196	-0.047856642663991436	0.24037473285927882	0.3735617317848106	-0.18459003931178686	-1.4205423978266603	-0.4640309913947129	-1.243454091002628	-0.8234499954510044
DTXSID3021807	-5.6340490716414955	0.5123206898944993	1.6369289089120598	0.22147152488217045	-1.4944104558097442	0.27174576713425197	-0.7933494972689462	-1.544975580778068	1.6875205873656074	0.20091373958417547	0.5128257709823315	-0.3707967494113838	-0.2677851690643104	-1.4575097503165664	-0.09379896637263452	0.3699689643361426	0.03582080157901376	0.07236446921740143	-0.2642436826283277	0.041907021529470366	-0.3793019360982564	-0.19153273145570857	-0.8673432424180836	-0.5381178270391602	0.8424385536731687	-1.1812424284622087	-0.5745282358201618	-0.41922800762864587	-0.16193071663539174	0.059621664160363304	-0.7247449667475766	1.0117247696568212	1.2376523989875925	0.582917690170002	0.7764463906244286	0.5866622123463161	-0.46182748245724037	0.0820422733473379	0.21196301229503264	-0.2989630394540551	-0.1918475426989514	-0.3679603854703287	-0.18669280154607057	-0.17125979164111232	-0.48291622002698237	0.5210870399079105	0.2191748692810367	0.001210754128086547	-0.07934675237664093	0.0043013415322681	-0.09988110435899353	-0.1857346564014249	0.0046643402776973385	-0.18032975973226242	0.2950136110162079	0.567186204657663	-0.5354297996727727	-0.08882660870507768	-0.2706497393049879	-0.372015979618523	0.02891824683022965	0.38258223475945724	0.445338656321638	0.14428863648428245	-0.014706279633401638	-0.39899232689716174	-0.033030803157437436	1.3866193044520507	-0.10244718493504572	-0.08325299061820748	0.10444401674307369	0.5345623575799964	-0.6245305772404669	0.3912215442800434	-0.10582931839538798	-0.1537569704303426	-0.07032231264188264	-0.2230201357112962	-0.02266923623521341	0.5447873131385444	0.46335400926703374	0.5969476558035728	0.0020606799512912347	-0.02875396267727387	0.15638947682702162	-0.33539928493206156	-0.32905568506265465	0.20359425409406948	0.5248839771142167	0.3260805673324439	-0.26456130309829345	0.3126749656819456	-0.28366297419095315	-0.3541138727766746	-0.16858043858673116	-0.4395717849983678	-0.10672887508781094	-0.06390484899401322	0.06953311608662367	-0.20609578168452936
DTXSID0025654	-0.8317879055915142	7.048271349171424	1.3975228029163929	1.6991505542524104	-2.858898853313161	0.47527968288652633	-1.3815024506210989	-1.9129554495862575	2.5910142560070764	-0.4550495567806467	1.9368254974006884	-0.6977365156176245	-0.899956512332102	-3.3795688411486955	-0.8618959038905336	0.5400406571483662	-0.42607525913280764	-0.6402174503119831	-0.019523394395223135	-0.1860238284723081	0.5128062304661344	-0.16281630088382537	-1.0756210169167053	-0.9189393050442769	-0.619962380909023	-0.173390705160072	-0.9465979422007615	1.681277636970285	-0.38469929107106077	-0.32486204364589943	0.3660700096748968	1.724821760919792	1.170109415665834	0.3589683831497293	-0.7259476684560818	-0.7358481961117613	0.39728091154518574	1.1069536553150565	1.3925074468355265	-0.7270291358235517	-0.7321277142552587	0.663081391951807	-1.1255270253579532	0.16753397511345386	-0.7143097027585982	1.4855242193098575	0.23468171302910001	-0.2961715122232737	0.407580539374141	0.03442856051332864	0.34107648919955663	0.5557292709868346	-0.46761480592070104	0.5051504247738783	0.424165524060753	-0.12669795888865856	0.346563057462097	0.261671085459502	-0.5497342543707116	-0.4910614826473268	0.743446037753354	1.2332426049646483	-0.04008812977174805	-1.0963111857976722	-0.2732334574766338	-0.7374018749732084	0.09562293753557714	0.30090097656586323	0.45127303837016086	1.9734791781705117	0.1627356984489595	0.3937648613779502	-0.520326541792617	-0.30787996547501983	0.0457089306542352	-0.8688696589607846	-0.8695670777629899	0.0870187959899651	0.7104530667879783	-0.677401976352574	-0.19945007442903961	1.02627830325406	-0.3875843522873439	-0.4209431454887099	-0.1952241404347551	-0.46239735330162796	-0.3043857405640466	-0.7778413073426959	-0.08185304967874091	0.5396864724015897	0.2029136373707777	-0.1700461362550033	-0.7090772784349335	-0.013846813906065208	0.2846566468702441	0.070999413829208	0.2658793790403693	-0.5305059768558541	-0.3812005397754608	0.1535935585532148
DTXSID4027280	1.7983608836452287	0.5090223499537051	6.812851685704796	-6.181616575370824	-1.7274977260925541	-4.442661817559878	1.587385061584221	-1.3981404675321396	0.6590131949860244	1.5674312022718044	0.9601357049457436	2.4950172216331077	4.004603614114506	-2.25596070128384	-2.845601320566175	1.9610023543469677	2.957646366678912	-3.8318948138022955	1.048624284303443	3.1536979481329577	-1.409218695338722	0.005840131365557325	-1.4291766126092622	-0.2322918718731416	-1.4987981007689843	1.4868424550795993	0.5022482744295544	-0.1472905406551533	-0.4201295804469011	1.7289240455598236	2.0294144164829415	-1.4638682217023604	-0.25845929855187555	-0.9401537611649412	0.7633846038807648	-0.25067616089532846	-1.3240985725517862	1.1255494639424501	0.18728947239759536	1.3599745485104247	1.0141350000982559	0.01860388955163243	-0.7920403472004511	0.09913816430788819	0.9153465874868941	-1.3957952134948097	0.02659933802920789	-0.200996159152487	0.22057570337733903	-0.914683215022789	0.3320208027699812	-0.2900325802362231	-0.5857470223770748	0.3652756301403537	-0.8453708675681192	0.33357352333766394	0.24763523516110664	0.46182019040815947	1.6136412757206642	-0.5066020610788672	0.6925927294951093	-1.4446947993561998	-1.8501668649221	0.2289848379185996	0.5429741267504382	0.33414084598543004	-0.5702845101212722	1.4767812344109448	-0.08580674452998964	0.5483988314167858	0.011719720470997144	-0.2947293076326234	-0.4819380800100442	-0.9355962632939533	-0.17247825693024643	-0.016401634372488955	0.8175900923840578	-0.5122423672014351	0.11200498991974545	0.14986256385329796	0.43843759011534345	-0.05351479046203954	0.30061194628513593	-0.11812864987176513	0.16221358111398673	-0.19135446941332743	0.11810308507888474	-0.3709295126712455	0.20683244356051678	0.09093700513254747	0.1105095079658335	-0.08567252140581352	-0.013981872000771141	-0.011753937089904819	0.16471459897112445	0.3769553725659687	-0.415299180164161	0.3592829695206171	0.39942137852766824	-0.28425322903291417
DTXSID0046642	16.30171629114215	-0.6966621722292581	-10.29842487750056	-0.32616385076464205	7.037437728199375	-2.871629813800643	4.417823140724113	2.6056883596126394	-5.174007379309826	-2.9309900879923885	-0.053009307828849384	-3.5089167582488843	-1.5963094843694285	-5.0233286770435495	4.30704679590438	-0.3020831344021617	0.5231903202389271	-2.449002171694876	-0.37007611943755164	-1.05106707341933	-4.234075822665908	0.2926457441651919	4.355449577380527	-4.950673616268326	-0.06654800109806268	8.616611509849863	-0.9970122663103955	0.25811666595198945	-5.727145047026037	5.88989206959038	2.9379385634118083	-7.381248363935617	-1.994592281455101	-1.6101101695651177	-0.5728988556438631	-1.9322903635486954	-0.17139321558908063	-18.793151425027727	-2.4233503514257473	-0.9643354642315861	1.7453618464706053	5.667505400152041	-1.861926388783791	-1.3522825604239253	-9.517983194793098	33.52721938279233	-2.8803232600123687	-21.26577537599793	5.269467514106283	5.338918642091667	-42.25048718028755	19.848731868529473	-5.8959069891919595	-4.056671221162731	-10.153410637288381	17.212391247583874	-2.1751910902834877	0.5172443635237008	19.65995668266951	-0.8945688052782763	4.2857311468171835	-6.2378227450319885	-0.18371446334809796	-1.0599442287183727	2.554227254460323	-6.886206327936059	10.849412273136123	2.8446196446254706	-0.003007640811192608	-3.2913070297659877	-1.8681303237590905	2.370206851089137	3.5275264524730563	-1.894285679833786	2.0852349706088953	0.7940558830587001	1.3543794070904973	-1.1038922507724527	-2.4455553300621014	2.574839228355805	-1.1485584698662665	-1.1468371911179538	1.3420638872555875	-0.2631849296167627	1.2429066000620843	0.08245570658253239	2.1234955039666907	0.6170397674684228	-1.6197234025674592	0.8332835830487216	-1.6210052097318919	-0.3847205915478479	0.8747259287976813	-0.998794233497045	-1.056055409391503	1.6740231204974005	0.5975773157814259	-0.2776142827677185	-0.17953017707725538	-0.2616904944361566
DTXSID6045791	9.66717404424443	4.128487818175591	-0.6947098397301004	0.9540243449829096	0.08328632850437381	-2.1323935254518576	-0.09515878650328535	4.373127336106983	-1.4930565615183817	-1.1801399493219802	6.666116321483328	-1.039037937850637	1.7607925023545874	-0.12670734949126894	7.3758047872136885	-0.924247198138826	-1.7494544721725385	1.3013422739665932	-1.300932817674365	-0.4798353130829354	-0.6612120078608972	1.7204932514605502	1.6490585730072949	-1.5525290991990641	2.845999333174928	1.813656121694428	2.1544334418286613	-1.3265024071193827	-0.6533166443149145	-2.4360905121749052	-0.18627998961405	0.896852526394154	1.0863976023198973	-3.492206320169737	-1.9108971939637671	-3.642759008851214	-0.35052284353025204	-0.6548961234134916	5.67596932544282	1.3311132974940563	0.21268897804472192	-1.324219522721307	-0.43664742009981183	-0.15720271094225557	-0.49943979575094116	-1.7490098547301536	-0.8843937549153486	0.6657566785032873	-0.2101353983300587	-0.5535007005155901	-0.08947999837454146	-1.7938569293881796	0.28043017906438245	0.47413580895114554	-0.929075124077796	1.9021567110047004	1.5272519242799227	1.2002216087244455	-0.6531257561692649	-1.0995042867909484	4.5751804530633695	-1.6751703312417179	3.385946627104002	-1.3223329759572133	-1.3563032327035944	0.36099769307073754	-0.4279383385343608	1.06037138402976	-2.4205078823923944	-1.62705323179748	1.5175040815812146	-1.4136773576617458	0.8843759207304995	-1.1460280639529823	-0.40489865396917535	0.46076184619415395	0.3296698515659323	-1.7416431493741684	-0.8650856986408764	0.8425139568057115	1.2428394223549686	0.7346728064394024	-0.5226216473123604	-0.13088734886831038	1.0184036897901678	0.4623469209610915	-0.9618038427005033	-1.0392270754503172	0.013552334184124392	2.017950927913843	0.8984052297942579	1.2737844711384072	-0.5612425299405	-0.63078777215892	-0.25751250678872467	1.5705278830729803	-1.0825629404912365	-0.031223372203852955	-0.3667994860997534	0.784540138976086
DTXSID7024035	-0.9802976050758767	0.6677569728528732	-0.8933168931418294	-0.4018246925034792	-0.30862322903410755	1.167256381758073	-1.8612489603143296	2.6132651096163966	-3.1900248908784796	-1.118015520604324	1.8203253033831093	-0.08873743967265019	2.2181545193067174	1.2521751144222306	1.093411079508883	-1.5405670144963548	1.1474577699792574	0.7216093794201469	0.6596382829542108	-0.33870580257526034	0.8037109164853433	-0.6922247628618856	0.15367003787544334	1.3501461875854153	-0.3818164712477679	0.010709262583654637	0.5392857403501022	-1.4032927668304878	0.031004410343316257	0.2621061508734941	1.0085040174441067	0.02081044470419126	0.2253862534730586	-0.15983826791728403	0.1595456901010153	-0.29523924672349167	0.7834209676584327	0.13722169902850548	0.6181980923591127	0.2864066806223081	-0.5501402805633605	0.3428944591889034	-0.8496023530747917	-0.07824505203312049	-0.4490274453741315	0.23942814642818633	0.24139922283861537	-0.22558939723665614	-0.1224459244058735	0.26247252317531866	-0.03769692837778102	0.062162390634655715	-0.11080125716229124	-0.20334792074240413	0.11495335012070823	-0.15912833695362621	0.5270430163974146	-0.9777793815288823	-0.682313744202858	0.6468084518283483	-0.06960947304182197	-0.4174214781507238	0.34079882435163633	-0.12375922353218186	-0.157281127159417	-0.4105720232289789	-0.4575821781081961	-0.21484529480163306	-0.6795502034471337	0.18813620971569117	0.642525203589173	0.16792327592081666	-0.6157231404083411	0.08050316422277792	0.20256991878557157	0.9451826126400606	0.21728877481126962	0.8311483813448427	-0.06872077794838428	-0.14396067382489033	0.1478843111275685	0.17012304442178106	-0.2326275919618553	0.40676037082962674	0.18098000069064085	0.1167941581775151	-0.22476005184792064	0.3219697855813096	-0.20631963547285903	0.08835325604754661	0.6948171162446845	0.10565771023814018	-0.3425931693278207	0.23061899602203326	-0.08136527970566966	-0.03999058936374314	0.13599150561189158	0.0802580627507722	0.08067367861715298	0.1122228076950435
DTXSID6057665	-1.9013329458871058	0.9837443472426884	1.547319957803544	-0.2763745183110296	-1.5909597172471936	-0.07079735481512257	0.730477222035658	1.0315762844875667	0.48386488146738577	0.6310960246722465	0.26472720216255613	-0.20333425986477296	0.34160457583061576	-0.30185704956863685	0.7386557063972413	0.49836059647976677	0.2835908756199129	0.3165295797456798	0.20874933041148053	-1.3943610919287908	0.19075124626648568	-0.3051342312430553	1.548078181446041	-0.04141200740900497	0.07076875482620244	0.5780455509501804	0.9373848744703455	0.5422679389026993	0.3715855836592543	-0.7819901634434105	-0.37469214119459054	0.4159632566402289	0.3828609674862661	-0.2885674697852768	-0.16227928193882005	-0.2394933965175616	0.1341332473016999	0.12348129621565271	-0.3235063485292281	-0.5638039298107855	0.6573431112340109	0.23813208657390036	-0.034125918395244044	0.30964529986871175	-0.49427491880388635	0.3263921614744155	0.15654101160348655	0.0023624405331616966	0.01343863725723401	0.04412297546644377	0.013553113159097805	0.19125557420203976	0.41342370058853845	0.08926256171881884	0.04627259923476728	-0.5386679956591272	0.4932613693172987	0.3468947884335007	-0.5214132179815673	-0.2162989948458633	-0.10872210760054644	0.21584299994038367	-0.267852629578917	-0.3546840447960144	-0.4788135308978438	-0.18930424131349458	0.3651329399998505	0.2681177030904679	-0.1722520668432967	0.001994364012807232	-0.137332968823299	-0.08024937985350732	0.3107631643359161	-0.7041420236553554	-0.80179766859929	1.0173518490380271	-0.23679912480658638	-0.12211431500804519	0.21379262068555463	-0.2609892940066195	-0.4140699480724986	-0.33538634842054676	0.18527465548040734	0.3114920079445911	-0.1945370773014648	-0.5055566093143908	0.406746570901913	1.2886892519000104	0.15305317943698094	0.11793120256549279	-0.36158479078980105	-0.13670100440625546	-0.0782406020385309	-0.5360036810992	0.007875999970464672	-0.04110684052923477	-0.23449095356510208	-0.5736031906811085	0.22108317152032161	-0.14496584020893924
DTXSID9023889	5.521231225494772	5.196350713590042	-2.2132247619311944	1.2176776692381575	-0.7093882086896616	-0.6789813026886163	0.7520287603532914	0.7970011690280687	-2.9228638173785044	-4.299303860890698	-2.350098221530867	0.27426877902599706	0.2478141233617471	3.640226674258231	-1.029945086287989	-0.9144488108325854	1.2629506858749397	0.13394936783316916	1.2037824498118905	0.5559773671996169	0.08003734731342924	-0.7719883557152669	-2.4166665176587507	1.5077881350288869	-0.7101118847752224	-0.8444964087598323	0.24793917489524958	-0.476822592882398	0.7186227727748701	-0.16392135956598186	1.125370972882399	-0.3746463140942137	0.5372234899476726	0.0487536957738643	-0.6072161773504465	-0.7208803997346755	1.5711835128801708	-0.2358864770209154	-0.46365652625248444	-1.627884843142641	0.34427599841188994	0.46550419700941076	-1.117033577855911	-0.46030584910571415	-0.2830685552043116	1.12642127159365	-0.2318935407558162	0.31216994730970593	-0.20539837603176153	-0.05524472176893542	-0.2894833771178681	-0.13990768695065317	-0.36507352618268263	0.055959747373893164	-0.0418554958938621	0.7752461385590699	-0.03546635271635819	0.525799402612765	-0.7188799088465991	0.8262726953533761	-1.3211504238495897	0.6648761504359828	0.9359678844246095	-0.7347794050657513	-1.0935315600379771	-1.1997500454369805	-1.2919224458104739	-0.5727770661960215	-2.1279563686123684	0.9319353696743103	1.9096291716317626	-0.6663100785492093	-0.3354352241524915	0.29814509311560644	-0.12142012353201165	0.5375702481543267	-1.7712475225829967	0.389152985918549	0.044022773463785525	-0.7400286543965229	0.08048625774663605	0.7812517585141331	-1.0155333379369043	-0.2995290254047252	0.21287271884982215	0.1790575319961488	0.4610102171513894	0.21797388662238207	1.023931111815407	0.017196224066859844	-0.2865374242804023	-0.6992732940245907	-1.4869634289416502	-0.28854166349887994	0.3752118326683126	0.39028861088303773	-1.1156879210662227	-0.13962024779547186	-0.08467230943091841	-0.11388648175834197
DTXSID0021337	-1.7464331177795165	3.935581867023093	-3.491378934883354	4.647280304066925	-0.5768288542786992	-0.6478707842170844	7.540883184421332	-1.2985136584815338	-1.6929167358878856	-3.510582059189491	1.0796496590154858	-1.9063835215444809	0.37705576696363574	-1.1654839547115297	-2.101961061644235	0.8500840599616893	-1.2176117893609044	0.7955023938673754	2.809912955709752	-0.8783131939606267	0.40750427549624335	0.5032942522815423	-0.2308097503799925	0.5119703752734914	-1.1905554461741712	3.2195941763853644	-0.05482995874723062	3.4708707602909814	-0.8606511988494785	1.120182522723821	-2.2130059393887573	-2.406920092612178	-0.14099148359179467	0.9421871142959835	-0.67992478264072	1.5366663846050543	1.6088578049164974	2.3453579359260277	0.46278898572213095	-0.6445833468796893	-2.493607109680688	-1.3979086206825853	-1.1661252347826248	-1.80950158732945	1.299578232635662	-1.7716601622094363	0.3729810470242048	-0.44724163309339504	0.08632622224989385	0.9000772546421648	0.19069717615591078	0.3993734293957052	-0.569594896675849	-0.9520685498576715	1.6912036009956037	0.14055106464088674	2.0460852050711256	2.6759067954482423	2.2652951111744506	0.9472127282169178	-1.348895754487815	-0.10114149518715154	2.169123589338835	0.9398135200360059	-0.09572987949679845	-0.18496458057610973	0.05702634168574654	-0.6991600790930939	-1.2377553114599429	-0.18528057787058275	-0.12817190752821173	0.5282260718099249	0.11359984938686789	-0.20770117909727917	1.0769546281048896	-0.5863814504008283	-0.04815172039880948	-1.5229187909097484	-0.3707986947621251	0.18149678838877636	-0.7172712601259731	-0.5530687431617632	1.0963447332195642	1.3005421429575157	-1.055884610341798	0.32294734310409656	-0.10124277217561009	-0.7433700890983886	-0.7549775948513588	-0.8140889889301712	0.501018994495182	0.2383120968866692	0.53748242385013	0.4965331674888805	0.0521501684042271	0.40708454828522994	-0.22686296748934706	-0.32212368448717027	-0.24322441751994714	-0.11522327814155896
DTXSID5040625	12670284202973.893	4044438898773.9756	-13095946624558.527	650745719756.6864	13471381716458.15	-2300207734084.264	-6876217921059.747	2801873447751.092	24153124558290.09	18729694630976.434	-6339666863060.975	13048451621714.73	3287195007595.691	-17263869482946.578	-14072518755208.717	2998535818403.309	12152110987383.412	25079953983991.375	-2674561933355.4165	-53053717779668.97	47065830707067.34	-28036616742635.11	24788869904589.19	-7906052066004.278	52894523720674.64	-1798091058544.0308	-70993772087539.66	44432791681559.63	-15983681293648.639	4074252134550.3735	155201948236275.97	47178488217457.84	76237406545831.86	-7087005486131.05	127336603476895.22	-16156560703738.086	-21506478630519.094	17320942051688.775	-14035567769441.746	-3401578113457.7197	-36790177046245.336	-21120478098270.676	-7357987770115.77	7976965103473.493	46369267903489.3	-7813213951300.28	20674015855696.637	-55854448281366.586	-22929882450337.867	-30760443433636.94	595745516103.969	13644505491728.559	35276867390067.7	-826280318239.5979	-34381448215553.133	37840992817536.484	12280877457364.557	56230878283301.32	27040204424383.45	30682810359757.484	6048105784544.253	32794114469023.83	2355108384085.707	6487408029762.421	-8311158796938.609	57454069411710.56	-29907383659637.516	-90498747632078.2	-27636977025676.79	-10553638031128.021	2827095031980.85	6035046893560.232	32355951574876.188	24877271453003.977	-35779173310418.17	75831966648055.9	30190871304716.5	-94786247158210.23	-17889019299971.805	-17147519352405.88	83694138294365.2	11790917748512.355	-55960659945329.44	18808355714078.36	-36143531999704.055	45278864304468.41	6562298552874.927	13517399394591.502	40324561788800.58	-102656018189392.11	-4349757046791.4575	45207560193903.03	-21373671961833.082	58415756432764.26	17413506075711.08	-36715745547723.99	7698809392511.035	-30278239699237.61	17623929735463.473	44016968549436.3
DTXSID2022090	-3.2958679910149944	-4.550289477161379	-0.6859151183240545	0.6149021933366311	-1.9971769674492186	-1.4956011729090484	1.2280759579995295	1.2541330008712188	0.8782495439865831	-0.4782969945345689	-0.7794973445094	0.9688377522736482	-0.8916942251373432	1.595461020348722	3.873947855109882	0.25720753234403276	-1.657691126687905	1.4394268977519018	-0.722259899320259	0.006266043212907014	1.7080496664698959	-1.2912567281652807	0.9916684041472591	-0.6430628646192346	0.19652472276638608	3.303221381375631	0.5448700001556407	2.403768963004256	3.2256229147718267	-1.2802006584720633	1.4362978896370961	-0.13462210053630091	1.4282951968158137	-3.19652664487967	-2.8039132397436095	2.012263568003642	0.07494900315659375	5.975542188463008	3.7835926226565935	-1.2281835282749576	1.2291874496833817	-2.2186985433420543	-4.776569984715514	2.3012935039849016	0.5688334761865688	0.21104160171483827	-4.702192035107941	1.0956429107096404	-5.567455963311185	8.221503012868375	-3.010334320861085	-4.9210805358889695	-2.1405752892107595	-3.53486981988854	2.1175861398532105	7.130358460766063	-4.888585490933214	-5.929663222355594	0.6329387767699939	-5.813427309456037	-5.537596283524657	2.753318790702036	-6.748815993032161	-0.06224892160389689	4.116567349087167	5.034859101644426	-1.8821377188939277	-1.519494771882591	1.566957987702689	-0.3279737200041048	-0.4517745831931077	1.0027553943388696	0.5847173360245914	-2.074054270402792	-1.1699690795340179	-0.7071791762211622	0.661625825941594	-0.37910940038120045	-2.4473862841880165	-2.191935923330681	0.535770410663928	0.7659799812611106	1.5057107468128033	-1.8104919938864499	-0.491727638337449	-0.0020949275110423364	-0.5343563262314251	0.785711285943262	0.5290054248143601	-0.38596695076769727	0.35258787383474366	-0.7281138918640965	0.025726452006677704	1.2037901903111352	-0.07696043967115761	-0.8045369901410616	-0.06346043837285667	-0.06612463841830978	-0.3681375063696544	0.13102100286594942
DTXSID9044798	-0.44180330865565626	-2.078935509027148	2.3038463617684286	-3.760042590523663	-1.5930263486478045	1.4669054226445155	0.12874113156840689	1.2963185898344114	-2.0264335422702473	1.7836899731857119	-1.8476475130170147	-1.2523992894597311	-1.949421244781029	-2.058153953477689	1.4347787292756173	0.5409581704602402	-0.2058648244521326	-0.036551666179468624	0.5109207013570329	-1.288496642288406	-0.20487139938934598	-0.6671611120837778	-0.16674246737423512	-1.2849033750256247	0.4614967242374351	-0.2754992497273293	-0.4835600939128986	-0.7126495924059145	-0.07090338866603062	0.24037167413029834	-0.21979617089868153	-0.6821982867685571	0.4851805356538862	0.7682958624446974	0.09190045278865791	0.47590279970525545	0.08376246216599531	-0.11689135363233465	-0.2656022569202401	0.22297027279434692	-0.14015788428148793	-0.2922292706287396	-0.32194309581252734	-0.40810042099979416	-0.16794561425807197	-0.14984121199862577	-0.24138947755246873	0.14044898844314488	0.2570035454597107	-0.05164374477691145	-0.07082061687698356	-0.18967468319883507	0.21018617669522194	-0.13405174147323534	0.15660423797799378	0.1553834544927849	0.11198922614972892	0.2944822368030446	0.381611718329974	0.16199003829495628	0.1378195747545634	0.39484623236231403	0.2600417136670229	0.4815651696450495	0.11770035924471013	-0.37833001843649605	-0.47906455085388	-0.2385679929824496	0.08924214573968751	0.17175463292992021	-0.5002472280431637	0.1490171292190846	-0.10670223462184411	-0.8140143609345322	-0.013118037874960351	0.3891437100657962	-0.5481946782909844	0.5453246855890195	0.5387580303841987	-1.1239597361233817	0.5256108935333464	-0.6366279193655476	-0.5084661406225993	0.18469825670283882	0.2022178170281705	-0.6202612494859261	-0.23553170236359755	0.15750200115797208	0.03860647335261535	0.07975947152327541	-0.8752511379981947	0.41685315227804975	0.704684716447944	0.41783503108559955	-1.2120293310254655	0.5526495702005686	0.9146368711625641	-0.26917540160498443	0.05833239425330924	0.5040438829596028
DTXSID3042477	1.7486915686860423	7.225842290204962	0.4061593832096937	1.7593881351521206	-2.731010935801102	0.24930865134034746	-0.8631908648957086	0.26993337544163126	1.0313567013850535	0.011985094209593638	0.4493100265123545	0.28759523294066264	-0.7533650628918918	0.06643642869401241	1.2192263717418343	0.8543812173417841	-0.3985761477880117	0.20032119092810852	-0.39249802360843866	-2.186223524984784	-0.5526490490811349	0.06937160022013349	0.5399194894688832	0.49516429933934086	0.3200544418111489	-1.7782653839756328	0.12576662589639304	1.3022717517856515	-0.9245252689202178	3.2678623135205553	-0.39294197142200576	1.5616136842227228	-1.1704458158671367	-0.4680684400894801	1.1126754546768438	-1.1522126178176586	0.9947128005476451	0.7845724202560265	0.2102998192754568	0.10968372474034284	0.6073753613041432	0.2566612746883634	-0.14099067043192431	-0.30037052800630715	0.09154245748317198	0.09611683738595615	-0.08433604202929572	-0.10779746555071547	-0.24046472912289268	-0.21768375071932364	0.18638220138781364	-0.25160507972646423	0.3793579886375295	-0.5339498410595739	-0.1205076882563548	-0.6177590922230322	-0.30691119410997325	-0.2129092845136697	0.8817581622287772	-0.14354500051139527	0.47581598231327893	0.9231318328008697	-1.3730035983054403	-0.6700842310117453	1.0028785978327432	-0.5668572140555304	0.3574834295772012	0.1712672320260676	-2.2747827219128585	0.7900232803635523	0.12504069203728332	-0.018046669078218953	1.4592384167621024	1.2575792279719225	-0.46178858707978887	-1.6842796407214844	0.42774656925842225	1.5455773163400233	-0.09492449960418123	-0.2808020333929262	0.2283428110654049	1.6108970854792921	-0.40867245055064383	0.80348582987949	0.9089673224500208	-0.22203204199540902	1.02745553520199	0.10351754876043151	-1.2515387703207101	0.4287095598650208	-0.44912722579675507	-0.4861744814279109	-1.048860254057303	-0.031606817024604245	-0.17858304017631244	0.3141038983648833	-0.4535973204857945	0.09174933826606779	0.25066760648381914	-0.2351381304853149
DTXSID5024976	-3.6539384672137407	0.236368378186913	-1.1207573897199679	-0.41075291722587604	-0.10111563479154613	1.9493958808300136	-1.7385185616770162	1.7879554877430164	-2.110354871139023	-1.0074236130970402	2.8981097443246706	-0.7629665267997484	1.4680946434674667	-1.034013441250845	0.6971311483456301	-2.2568960647844416	1.4014707923877783	-0.18302310029864077	-0.280080867151081	0.11444467035605788	1.2172797471020627	-0.48086506576507776	-0.11951161881704037	1.241561602406308	-1.0068768496334872	-0.7076678595410195	-0.18670176082679732	-0.13164059538860712	0.17768385120792476	-0.24556651158047754	0.15592087956902015	0.2822984474006375	0.044581011726496936	-1.4592847770353659	-0.5064191719517104	1.3342261748111615	-1.0859743653090659	0.5192382964452739	-0.6185077348448261	-0.24200904653709848	0.02982602684756317	0.03793279080994172	1.188826393330669	-0.6650738791060535	-0.25289055349017187	-0.19045497111302578	-0.8218263412329941	0.6450728015155328	-0.2679217398264655	-0.09417329165137145	0.1886701156697241	0.7637212011372726	0.12223748992986122	0.44952101062772537	-0.054886712977219976	0.40214612616917783	0.015550659967204398	0.920351957614657	0.632313517673551	0.20266033854009488	1.3136063543831755	0.9271821588654944	-0.709816367571566	-0.48162297507234475	0.4806399171151417	0.5385243912946835	0.46961367008166377	-0.2671210130560579	0.61057790576813	0.22249324624438294	-0.18111541642720544	0.07558693677302417	0.05653279212417495	0.18646017061251696	-0.019013443771282664	-0.06525399845853581	0.31432720041743634	0.3164850861890888	0.13295884676550068	0.2559328404321921	0.07321453833102155	0.36606197486017983	0.364209964505284	0.29484524584682137	-0.19940106002116365	0.10524078352229826	-0.14865547260264841	-0.34284677947955283	0.16437866959138242	-0.2619184026557067	0.16011485553693833	-0.351261491026057	0.05210344997293808	0.011843823225397756	0.0013720057526561396	-0.520806917008283	-0.1455812172889768	-0.10199943800922943	-0.08694091740717555	-0.2786112810656474
DTXSID8033562	2.0707290371044254	-0.48184348377563935	-3.6485198169547277	-0.8951888121861625	4.572949603526238	1.7578343982765503	-0.9209820184077778	-1.3457387249536752	2.5824304973005905	0.74541736424014	0.431926512821756	4.8329350785668055	0.9319897734195816	0.49423574945937354	0.679095725024658	0.2951806790205797	-0.6471568208857191	0.9168861486527505	0.4089366797226014	-1.961040660685394	0.12291083686916777	-0.34568161750228416	1.0353183098214134	0.29137964946817746	0.45299797535286596	0.006235506503283319	-0.14037025154550523	-0.20909598559975945	0.19291441800973574	-0.010735640797521158	-0.04481967713133028	-0.330175864981767	0.08194582890487744	-0.3284290788531851	0.5865288775725687	0.45561173224131235	0.18224476223455882	0.16227630671537652	-0.1955086387690373	-0.047713587288009986	0.25600320515412994	0.3514076158911705	-0.04148726776482207	-0.3165118189157847	0.4236906733051391	0.10261558487593837	-0.10613383996340148	0.046158800122910515	0.11308196789870668	0.08478078041280447	-0.08271962242845918	0.055909569617709334	0.044948541061522046	-0.030857225709707854	-0.08546045129251036	-0.3419806276450443	0.014562931880071652	0.05972467224662665	-0.23364688580588655	0.7317779312652859	-0.16683876796214298	-0.2621137621671581	-0.3253251721255731	-0.20060043935241723	-0.05093825460090724	-0.2049453785117529	0.37852756381011626	0.06186048648013919	0.4735944461043698	0.009172476844139226	0.05684888494561552	0.11712026323585457	-0.024042364816599084	0.29282794785768657	-0.7562459074535466	-0.3578666660022971	-0.1961947365813033	1.066147184565793	0.086383711077496	0.404886278330591	-0.6847354816440014	-0.511635098297594	-0.19134401776730053	-1.1165163844679113	0.0985354296985439	-0.6929712386616175	-0.23771865187995256	0.992730231103521	-2.107134943501383	-0.38950226958979645	1.2975526995649151	-0.8049252272772598	-0.1687078083734418	-0.03593741532266502	-0.7800127023863499	1.516151152662853	0.5236730967408644	0.008831277735906877	-0.1245269452037545	0.21766661211223026
DTXSID0027486	-4.8163420237737204	-2.498306279239541	0.05991986597364253	-1.8919895001841813	-1.0904445094599573	1.44017933120554	0.15327974650168463	1.5551688372367611	-0.47133259084077134	0.2192349576344689	-0.4309125018857414	0.3559086306493629	-0.3994477793033556	-0.3357530852800292	0.6001351144227314	-0.07031302383801676	-0.5362093258368952	0.5196071120723662	-0.4906096100736446	-0.8073492457531821	0.5118338068255751	-0.284025525745781	-0.145020661439343	-0.5925092100803913	0.7757463339221403	-0.31561327196756855	-0.13598544387999106	0.5489023495874178	-0.453822469897565	0.4150666447996196	0.8163998672997573	0.18479384706243926	0.6283633786364429	0.14207950135360725	0.05478772935624268	-0.6666616063228902	-0.5888620260084941	-0.30653855292132404	0.40866825617290337	0.22017544277024173	-0.16411125417879938	0.08468895458857215	-0.24065132354606028	0.15995567851526654	-0.05802963416378576	-0.10765438929313245	0.3628417332568672	-0.16136724800356125	0.017335041201235017	-0.15842854783840274	0.0865061170159198	-0.2178449660741928	0.3961489022254566	-0.1373847343972697	0.3143911511880257	-0.607565978246291	0.18161878981869334	0.045753086128838674	0.05876564954194553	-0.05127754823438939	0.3397841249426848	0.10708623849617119	-0.7390337132176161	0.2796101819161642	0.32493673468297235	-0.147086159542509	0.23328383376500914	-0.025758001516759478	-0.9701946096540528	-0.3499649536096848	-0.350090626757386	0.5439651922781277	0.002933689021688133	-0.4420694983241284	-0.30005463530555687	-0.08098737669067954	-0.7270366024979931	0.9365661026091766	-0.034948366896461386	0.3394625952582904	-1.0212378370487627	-0.7752797254463643	0.45487812210565326	-0.5648726283100532	-0.17380895150131653	-0.2984663565603725	-0.412509469799713	-1.1520081959315362	0.7543721233589733	-0.24397327748752737	0.009511017566321443	-0.4361552798219386	0.2101160619205383	-0.18436083584200452	-0.20138759598934441	1.1266007418270463	0.3118822528770282	0.2953219539093258	-0.7852503638422339	0.0334174046939551
DTXSID1020857	-2.8616886057106603	-0.2518322411547287	-4.452950070485231	3.601259603077236	1.2633081498384755	-1.925354140386588	8.99325753397727	-1.5649188790949125	-1.7625601455150086	-2.717395494361585	0.8106295021072729	-1.8026527034807054	1.0589696482006405	-0.9614382963773956	-1.814113151375806	1.4237010827166399	-1.9192954888970233	0.5485059587504456	1.832786393900938	-1.0317991197562084	1.578335414055067	0.7762975516144491	-0.9280608261858967	0.20449018801275612	-0.843936569454157	0.1948974671841503	0.41523293988799287	0.1722910130083843	-0.40845777904817876	0.46305778472250014	-0.9324563453325738	1.045517328953695	0.23783550720620944	-0.34786387410086084	-1.0170263746843833	0.14748346507251406	-0.6632480260844279	-0.21889616982304635	0.5176359616660703	-0.512601631521764	-0.48181746847978035	-0.6836282046781399	0.10208949181495872	-0.3471642657922514	0.6628636691262475	-0.22032613110927868	0.7892444228629454	1.3163106446109791	-0.0840557336397714	0.11404948025911052	-0.5533725119491518	0.5032538458422264	-0.6449583760236545	-0.03487056208224567	0.6136361111565211	-0.546184491307944	-0.2571607736136015	0.41127824034617544	-0.28726856765575104	0.6801494128514701	-0.13038438912056782	-0.5511201584634503	-0.19024667353067967	0.3052535798637704	-0.03078486230012547	0.015286438951464603	0.44835234003183927	-1.1134918065215424	-0.04855795660728328	0.20705191535002937	0.24738073123086426	-0.6346050931894314	0.6630728645125309	-0.6169985982907522	-0.9304734358584436	0.5043685861150256	0.027945008887265137	-0.7161734196237727	-0.19915276347883434	-0.18598779082014133	-0.037111684814221085	-0.20418628889241452	-0.35877308585752526	-0.5783979018191886	-0.09873173770151418	0.4552344029848718	1.182173161337236	-0.09228017438476925	-0.06169600095445741	-0.31065739630112504	-0.09500488229784312	-0.7320711405365484	-0.025786621502528428	0.8831842072320711	0.20864549740450508	0.8113173533211713	-0.019202540112875064	-0.17457353549232732	1.0645882299713818	-0.7174185076352608
DTXSID8026935	2.2821131301144204	-0.40228989504991536	6.768016419785409	-6.698415236202352	-2.2859901210483478	-5.067680480816889	0.764996784650924	-0.7794955441788259	1.2545000141193052	1.560849598350772	1.1351835935510652	1.141356448519021	3.0553231896491493	-2.9937047319586982	-4.170195350269424	-0.9876471777193687	-0.4174988366470793	-1.2133140966298617	-0.19131133319606908	1.1623665844208033	-0.39598634094003266	0.9011065527039746	-0.6001275473838883	0.1764763919944183	-1.6005535346023148	0.8052897930778414	1.5905976105197333	0.34535938119784276	0.8380789704069428	1.0733913290139923	1.6801506215068303	-1.8031880916078957	-0.789836438054791	-0.8487871194527788	0.6132499492556287	0.6958735071586806	-0.8292032625926593	0.5069695970843029	0.2969956071143534	0.9782608591153003	0.2696478499301168	0.3902705591063697	-0.11469527265603317	0.20368027684125703	0.2931074028586664	0.036782596054593025	0.6546341055736403	-0.3434767748569783	0.05087447441057612	-0.5328164915442004	0.15191031942459293	0.010591768693727072	-0.19008763233709017	0.32152172982821103	-0.29321846238230365	-0.14635560306081266	-0.2639008431882288	0.10829068161389781	0.05408713391769722	-0.43851012644747855	0.3754556561703792	-0.6967645927092544	-0.682777188461027	-0.0006221062863965019	0.4825556617428152	0.9459843198723904	-0.5103841056358313	0.7763437854427238	-0.27050418746260063	-0.057980800213412315	0.7254804041430185	0.06345012263994922	0.2628320780813711	0.037322218333391735	0.6588691206614394	0.23881069242774364	0.2455235951089984	0.04477240540902434	0.15051480046132326	0.1672714793135324	0.7341982377145835	0.360618381982226	-0.009550646262199947	-0.34825484922391253	0.20784934362526145	-0.07275601521042002	0.026311454181447726	-0.5454041074948829	0.02403815634842083	0.18768793833996145	0.2942569171674197	0.07805656027796398	-0.0853012070039874	0.20810868216981837	0.09783195367785189	0.36138983642254824	-0.11145920340129524	0.4522120384917642	0.24818319494052873	-0.15488403398767145
DTXSID3024603	-1.9576712264065115	-4.713096572371426	-4.611944749331674	-4.811309520778405	-0.6814613746247259	-1.59764651240987	-2.8818228445805247	-0.560181988976851	-2.579928494334821	3.4034240171531107	-0.8508263641762074	-1.3403407013122681	-2.4550200483583975	-3.1837952643736447	-1.8225626560247394	3.6068353041614754	-2.6743812017837025	-1.6244420411385534	-0.5118514694174925	0.596603769140798	-2.6313838816874138	0.8858617107951766	-0.38959753818176723	10.47718842608142	6.775575640548507	1.8847237015238996	-2.3010831964505454	0.44080590306541007	-0.6023939582281541	-1.4809405111033889	0.2780759136059375	1.133035199863789	-0.16397673230762705	-0.2102441939989231	-1.719291810192337	-0.1149547034869537	0.016876713418412997	0.033000217815945115	0.4455306237719186	-0.8017890408788391	-0.35291472648013605	0.3967242348905082	-0.5869105129287004	-0.21200206328999432	0.28654880027260654	0.3168028162976948	0.08410538230470324	-0.2619531014935513	-0.3529797221182394	-0.49546308143223217	-0.08403165148032625	0.2705919828580623	-0.7076334294187441	0.31499115492720364	-0.2523409132673406	-0.06814983032071718	0.21569507551517544	-0.13591547144405194	-0.07643503935149468	0.16012025003710653	-0.1390813564655818	0.14064614429604946	0.38296566796591314	-0.2500094142232648	-0.35241350729351145	0.9332244418067358	0.057155076684770614	-0.02851386263396618	0.037926189024207635	-0.06309500924168522	0.4734488554657023	0.39306016055147525	-0.056783991125234363	0.11352985041801028	-0.04633847900144494	-0.795291660059366	-0.08282457031654716	-0.38603114583768616	0.8782670822653996	-0.20243819245000338	0.2591915196974072	-0.44816291995767354	1.9372716547669921	-0.485200788087623	2.0029543250963537	-0.10094420420517336	-0.052778018932852354	-0.04224784070690032	0.4272044665276035	0.03139924183270221	0.27153860576487976	-0.010814436799299883	0.07743143610167444	-0.7833399642413286	0.39453891239075406	-0.6819649518107274	-0.23497866858098468	0.2766594935328343	0.05127711961058711	-0.37554301034275267
DTXSID8026515	-0.9469896342301977	-4.203726040821836	2.3988394642155084	1.1090694200769384	1.9562027408307712	0.54634376208645	-1.8249880806291177	0.3210155998398023	0.3434561539731029	-2.6860360689724776	-0.6721339668152247	-0.2887099370633633	-2.495677380870764	0.4985243863873494	-0.9874662370591506	-1.1612686651442081	0.020483796099937095	-3.160403976867466	3.1108303155308596	0.7561826551316189	0.2953088173758944	2.2484419782117775	0.022857590397600255	-2.2165316365796186	1.5513232255192597	-0.6297907627107139	-2.5319169970967033	1.89482073270801	0.15935859485553572	-1.9683482758617326	-2.9082241257118633	0.2519803648032747	0.09913016820630839	-2.043767026981981	-0.0022799588094094703	-1.4749901853037748	-1.8478329960457034	0.7734493879146057	0.4742009386072038	-0.9121409751212836	0.8818732924684705	-0.2082167696893067	-0.5275043062935657	-0.8398157748793451	1.497332141034564	1.5295902444528375	0.9311294575750865	-0.5871530400115519	-0.43296840589938496	-0.6555406499796238	-0.12776809458562546	-0.465939233190267	0.3388043838444896	-0.021972714170015013	-0.5218611584602191	-0.9970894926202547	0.049508741177500586	-1.0864662112497236	0.15732267326672716	1.4941800002431833	-0.45944652018049903	-0.8740301096392459	-0.4712965976659504	-1.5759786849770552	-0.5013726417695442	2.1697658807331983	-1.5039248416553355	0.45836837376098716	-1.1091315277161267	-0.39759170340545	-0.8990647124108776	-0.2750632549905015	0.26369032082096966	0.08022965954992506	1.94252097478273	0.3682496207643895	0.575200998058602	-0.5585847836038829	-0.6581826608025566	0.7963504336119502	-0.5140919388436821	0.11754263389620963	-0.22178669716676055	0.7021230566142981	0.05403687110059969	-0.012665264762779304	0.08276640369408236	1.532903366741125	-0.08496264131248375	-0.6440919263346533	-0.2650769941196113	-0.4931034241777616	0.4886299648884959	-0.45613986461529604	-0.40861075879176334	-0.5959795924907015	1.1302327919389394	0.34813203939503146	-0.39337924001452573	-0.4146666939309015
DTXSID1048203	-3.59194835922878	0.5142973253271105	1.3400622826210447	1.025714776192282	0.9761394591932708	1.476989664661987	-1.4119116370178633	1.0269676580801566	-0.6200425490435657	-1.0517251412317261	0.2694071972068194	0.011060724793861755	-0.48453744932131665	0.8651227600109768	-1.45155372128901	0.8415968474587527	-0.5639537979082245	0.13261929982741658	-1.6443514415694231	0.81957781909857	0.7780720530656134	-0.579590409717757	0.9691963968957117	0.0798455855337913	0.17650175502542773	0.34989189688056627	0.9480188615916756	-1.352176432481068	0.049455157846626685	0.46209838165013706	1.0952028280485224	0.2834698007616108	0.043158102802359655	-0.18489527840341893	0.1454853915156603	0.6136549384688678	0.32448462768981867	0.4772002493560204	-0.10939959873376223	0.21007852422826762	0.15368977785013657	-0.15812859742997898	-0.5074667354793437	-0.9871407117338908	-0.41266177177705593	0.4540377457384768	0.03461976035388674	0.6810378536774775	-0.31849223477797245	0.2747695362606334	-0.1216261970078216	0.48854782282003795	-0.20652101792126984	0.11493287221367139	0.35235004795656144	-0.3246111085451451	0.7157400442496649	0.05948781529742073	-0.6839341349978711	-0.2166273090969319	0.23464374599442422	-0.5561292871251834	-0.005736673405734551	-0.2879748140004027	-0.10512938218539776	0.1294678843387929	0.34335686900185225	-0.04026116172433766	-0.43742889307920624	-0.06877298937784447	-0.19456675374425128	-0.023327882909240545	0.12194895347898944	-0.2575137299920838	0.3188677231120175	0.16652293886542316	0.2299659918033088	-0.4163250623463908	0.1560755030376152	-0.191996131651289	-0.28308263945191076	-0.03814453115202813	-0.18988694121407296	-0.3161299857315338	0.017600789908785417	0.03848229738918435	0.2359259574568667	-0.04622330618615783	-0.019199278731236377	0.0960344130296047	-0.15247833058124372	-0.1676553933140092	-0.14230264928594258	-0.023700087299151112	0.24948805542998587	-0.19516278539691506	-0.23147384275697583	-0.45982064363569014	-0.07059864320562834	0.220179880048379
DTXSID70379270	-2.818614316810732	-1.8375956416245574	-1.439958571505734	-5.761822871747648	0.9800650470491314	5.982321000477073	0.04467798997446442	-2.9310343075883316	4.73666276081313	-0.16011363250290087	1.7871975789928225	-0.6173681412442461	1.6644181817123362	2.8768850529586723	-0.14079376693202642	1.337808991996968	-1.1982342128069334	-0.12497005773085788	1.311725895245669	-0.47260024097272696	-1.217135073029442	0.5471130841955228	0.5465210484309839	-0.10985587665784381	0.07138921672496926	-0.2805455322689574	-0.18006759822530008	-0.32987576807064867	0.44316920606393223	-0.10931496284880349	0.37889683653659045	-0.27858857511176977	0.010036497955163932	-0.04369397590237328	-0.564853268926137	0.08368963619741616	0.45857726978271	-0.5526092406871715	-0.1275309949078777	0.1190002157753259	0.27882067122399656	-0.10199767644657796	-0.07009822795249554	0.17461520173539244	0.15907537369507882	0.08291094116496232	-0.49889419709946825	0.03759720640982597	-0.028855130086773515	0.30952555690868244	-0.04719909319494077	-0.2586366355751068	-0.14119370098466888	0.14244478702737803	0.2796422356011746	0.30946716127744534	0.1417344934222646	0.2684831088296984	-0.25241885122799546	0.5202123302343346	-0.3561974014503388	0.40615673418401543	-0.14784346370372206	0.28946524216281433	-0.5994729033152288	-0.21586980288965163	0.7316860176069707	-0.7990247598004294	-0.0392999407955193	-0.4126577341155795	-0.12356235336936851	-0.11793035682624821	-0.36966240740569717	0.552430892813765	0.5097314232329618	-0.2174687430483604	0.1713257446788548	-0.05883999516020011	0.014159034477050856	0.13485174350861495	0.44820966407078716	0.02007175760910111	-0.2020877488487175	-0.14903795927149185	-0.21815033334285558	0.08437412449590233	-0.10052149726156734	0.17523779657037816	0.21889400252993313	-0.1422836254985895	0.5094238069425713	0.041823987526528626	-0.6138496753873203	0.07179551159891223	-0.40677622313320144	-0.3243558127659299	0.29507750313305253	-0.03338752932530887	-0.0660883707593539	-0.21926618878777226
DTXSID9024726	-5.22919962582315	-3.8081665749964966	-4.015945177310858	0.9627118111548615	3.7199733292224826	-2.0656410683444437	-2.371007300607473	2.4650036699022406	2.8693908584050476	5.073718408393564	-2.2145863332534237	-2.056943472233336	1.1875368727908489	-1.5162322682398315	-2.5213739510850783	-1.9080984317223786	-0.005091424900702854	-0.7714462386001338	0.6173293279104677	0.3794451908340492	-2.9069256204411476	-0.2606257087049443	-0.10701491339733779	2.0608087421613277	-3.1207931392410178	-0.8110783990101347	-1.8747241612733483	-0.39121892456327734	-0.6425800921603275	-0.840293651174854	0.2517148612802972	0.15700682923655723	-4.284196413231682	5.769709201797981	0.5528132532991605	-3.2063166473972124	-3.9953691840880188	-1.4872071680335457	3.0325309101767903	-2.2976308031512924	2.0350434926326693	-4.04623476743943	-2.7492101142356615	0.5556223329917515	-2.1894413345565247	-0.49408733704770996	-1.2968446587380829	2.742526754843295	0.8351261888200088	2.382578425945197	1.0020944229022999	2.354680863662966	0.7444667944015799	1.2446025370195626	2.8102720497070988	0.397728993518481	-0.21108065111093538	0.9157747070228098	3.5342309473547933	-1.331227085096368	-0.3396753362370561	1.5492426890743372	1.749035736466315	0.10276889210232396	-2.4464161538962235	1.471680564322849	-0.9541210309625962	-1.3638231993046628	-1.2303674181097315	0.525952481119219	-0.9941494570667119	1.5775042244268471	-0.0021955559395080565	-0.6915334433898302	-0.15550667557524062	1.5539925443792737	1.883700287200685	-0.8753522855632503	-0.4391985778264743	1.121209463307042	-0.12809175165905023	0.8500766832092451	-1.5546222350966854	-1.3534383826180827	1.7465619357640667	-0.5133893899435382	-0.46346444217730076	-0.058609449779687364	-0.18181820353915257	1.3376605139612407	0.1506661563677039	-1.1864951000459358	-0.5555941791401676	-1.6843585436673472	-0.9220947619269046	-1.0762989090545325	0.15953038698788155	-0.03949170701090235	-0.8562969140760546	0.889213991712455
DTXSID2044472	-3.01654791616875	-3.1750696076473703	-0.30351990782973476	-1.9334758309309523	1.554307680922384	-1.2076873072520269	-2.213410319807591	0.14513540691810456	-0.3094633207958506	-2.262977987518574	-0.6837494666693543	-0.5258062064749885	-1.8395356444316904	1.7130576334895948	-1.1329444769704418	-0.012086951837703782	-0.22422232626122482	-0.9820612795836292	0.4658051008867831	0.16544473591097666	0.6167929267223274	0.4646714442085861	-1.1962554061772033	-0.9555745357421902	0.6028229856469901	-0.751795802996771	-1.4870767743489368	1.0116099774612697	-0.15945531163968873	-0.4962129129209155	-1.0017686448271585	0.430367786431612	0.40601837334219826	-0.27259239103125266	-0.24895483041556057	0.0028897536393457136	-0.37652050917203994	-0.18218564192823022	0.012158391198206263	-0.2903577240064363	0.06110825769344104	-0.5441382780883751	-0.1407997661495765	-0.0678666215372083	-0.08574722210590732	0.09560870467479092	0.012537481908284085	0.1279216620089737	0.13168857515926874	0.08988178324586718	-0.17937218374353542	-0.1856369297956637	0.1977387030803704	-0.32044463539640056	0.23162646749363372	0.21911053510604908	-0.43765594907835415	0.07274726725782524	0.0745068744482097	0.014464332120106548	-0.43487819368111824	0.14774339958356095	0.8056413651716449	0.8059274043740421	-0.18626985533978827	-1.1119691663929538	0.34939819369715625	-0.28740524456210526	0.20192308150695296	0.009690661415325385	0.4686313893551039	0.3609582955080967	0.09324833189757553	-0.008763428359705948	-1.8766446763916316	-0.37173763462929515	-0.35332840884852096	-0.38056842736655627	0.15248785509467558	-0.1374353471176255	-0.24366664376458944	0.178204657010477	0.32728466710392934	-0.047378749148163056	-0.25804095004405997	0.37028954731363034	0.3214042250142211	-1.0624613743735571	0.43447902188516124	-0.28017697632343513	0.0011334292719095038	-0.23551087909156904	-0.2687936963548712	-0.15115940698983021	0.06468336223555593	0.23314893120985886	-0.4731323794308511	0.31145857804150334	-0.2606730839791311	-0.034752881217560615
DTXSID2020054	-0.12899745180427064	5.077094661771304	-0.9048347920124982	2.656370255143958	-1.942303478181611	0.21843882757256533	2.1444350862966624	-0.5599204536176522	0.49059783453125644	2.325000115085421	1.3941495239749349	-1.2823609410647612	-1.2483325157695893	-0.12116273071068367	-0.3769788571418388	-1.092981728027063	-1.638986684756422	-0.36577361827455446	0.0919032600474666	0.1436167666698247	-1.1075269541249808	0.2051901911204266	0.810746459734613	-0.8839270506914023	0.4725051418207948	0.2072709824285789	-0.3861791858853358	1.5103787735144978	-0.44610933087037474	0.17648212312165243	-0.09589409714907424	0.21980412172202748	1.0018832915554872	-0.03524712359728391	-0.18647126066583436	-0.19856162299104027	0.1796085945096612	1.0227200085135322	1.0077701440909637	-0.21180734751303137	-0.405476174556469	0.014558611376029278	-0.24312509245372615	0.4940127576002025	-0.1259597740512691	0.4771139370162299	0.7954965706486398	-0.1837130066633312	0.4104380768398304	-0.1486500086675566	0.36930134494104744	0.3635971731841225	0.3421728299342976	0.29775418589045516	-0.11788585347273486	-0.329610750211859	0.18270558505077	-0.04204079091503844	0.2079514846841593	-0.29692254066217866	0.24147465949450794	0.28056433044421725	0.06914450716505813	-0.7368744279531304	0.013267234543234111	-0.46286403477018967	0.2775532615505058	0.10189566998418162	-0.04966855637172038	1.757868038581754	-0.5471588703125297	0.4866241589413984	-0.14866486649722407	-1.8052878602332827	0.10520670098929596	-0.18850033372088276	-0.4533402585802819	0.21084380177422313	1.7390954483296794	-0.9286203018049698	-0.6901034349960073	-0.04962475577100159	0.5199521995477085	-0.5078963030688115	-1.1660601834966369	-0.7736423142428769	-0.08564236564810418	-0.261243302829466	0.5148745708305378	0.4372348722399856	1.202730408989913	0.5863942244693274	-0.2772457727100415	0.08803776745345979	-0.2231276046934425	-0.591947159432005	-0.07800490445417296	-0.29538056781865163	-0.1038601264046812	0.3036500465480415
DTXSID6051778	12.448789134866281	-4.685035061795891	6.743631944855694	5.488952553023242	0.2636895466287306	2.9444842031382943	0.3087164168635079	-1.4621106490912046	-0.7250689380780178	1.660483836078163	-0.4372623655162149	-0.44534267648915904	-0.551137678790752	0.3516050146832204	0.9125782687003717	-0.5929946313606077	0.4883146317633287	-0.2485066416621789	1.9203217373156611	-1.571966454888226	0.0488240132702522	0.42094830647874276	-2.0883875152446296	0.2603679447672687	-0.7416016288821143	-0.8933277511581571	-2.9414262852744435	1.7932448517633377	0.7153846563972919	-1.8407646066241394	-1.6059079479893734	-0.9490857416096615	-1.3725982551309117	-2.2550999105373046	-0.045090188438678874	0.3071183811311869	-1.4465267554280785	1.1842702105018088	1.1076682630479193	0.4305378231609001	0.043568607805623855	0.3454102635255416	0.03740211515764352	0.6001619147878489	0.4923549006217014	1.0543175187404636	0.258010245586744	-0.11282860991601756	0.1848993510091736	-0.06906182722518917	-0.10286321902677609	0.1370226445639826	0.13256599122413595	-0.040679449742229784	-0.8946087856866876	-0.9605931667584958	-0.2931201059628877	-0.9688327553141447	-0.15179054674562387	1.1427736002010012	-0.4901152343755608	-0.8604498839232064	-0.09503037944582803	-1.4296060476743706	-0.04469120223593937	0.19632381820364125	-0.049635487767076124	0.08698145655727559	-1.6172311233384482	-1.513110689183168	-0.4704277062667843	-0.45252876526714864	-1.4553135072653411	0.7279571300650964	1.0303382848391633	0.4383424285196083	1.344948343609448	0.08312743724637377	-0.20858329642762785	-0.4402851561934239	0.23763962620863577	-0.6251650983627993	-0.5734292000334622	-0.1697361660923554	0.037463014281907396	-0.028418483623972094	0.03260750693246856	0.8791825447929558	-0.7931809005039202	0.07247690988148232	-0.6964951890508335	0.21873009722145337	0.04245947480640154	0.23599386353387425	0.15711606445241988	0.2323779713230404	0.09884127992463065	0.3419305685928425	-0.6918955201777859	0.12865685562693444
DTXSID2044844	-1.5448594095387316	-1.8294714963416012	3.00562256647599	-2.768031730341934	-1.5740174279873198	-2.9497363974324564	0.5435803544031371	-0.33416105896285286	0.39049852439049243	2.276797453138237	0.018537006163618003	0.08244790316186783	0.7425146852793113	0.23423476238574054	-0.9763879251826804	-0.8977944558141512	-0.35350310865067597	-0.14029600466075498	0.302712552641161	-0.0014286512930874026	-0.29656084840819064	0.4457397298130333	0.20146776438242409	0.06838798149567217	-0.07621769748944775	0.496777374772434	0.6357912577270959	-0.08791721394732706	0.1607552162762366	0.13660474639772513	0.6015199356197332	-0.5955425551627687	-0.36279999552976566	-0.10365824698892591	-0.027898756154303532	-0.1631626755983268	-0.16991985548544503	0.3048625665056709	0.4779920063534626	0.6092383706329102	0.23688542113596836	-0.23014249625675973	0.19294620423046877	-0.02435612643484027	-0.25079610254823664	-0.0025540389423286585	-0.01297630937300417	0.1453126395476948	0.19998269989012168	0.04424025416188904	0.1351862740334075	0.12461884369416568	0.1830786186834455	-0.002213810989111751	0.17807801068253198	-0.37342212081619897	0.20237924633508167	-0.1006074977513519	0.3420748518743451	-0.3163705453124241	0.36582484443058677	-0.02280206938169341	-0.5207025020251919	-0.24355755822808858	0.19516954973371778	0.3524222695232612	0.3929411748810216	0.0024994802923566004	-0.5676862853070619	-0.07706211199880567	0.6863795804834614	-0.0523269590223608	0.011589795151210622	-0.3376994936787655	-0.06638394367287295	0.45716876424256425	0.38410649108264316	-0.21135410513446642	0.4729246244604302	0.192369631287695	-0.4734785840018117	0.08548825447341554	0.503470713593823	0.12803098820470465	-0.825445741900182	-0.15713116985973133	-0.22647571557129414	0.021233807982050466	0.4994522580187918	-0.6019641765034357	-0.20967334661346526	-0.3173969537951857	0.5618042674763409	0.5978222884161648	0.38624229632133644	0.25085783567237757	-0.3132347934866052	-0.2288021076245645	0.8643559009053334	-0.38858641901768554
DTXSID5033468	5.549955054935055	2.464561922613153	4.151655445869436	-5.071330455488118	-3.583259022117728	-5.097319070431934	0.35701261159291237	-0.503355605735926	1.2494086049662705	-0.020183483413561784	-0.13572972412824783	0.6753344113572164	0.3591188589401414	-0.49558840269519705	1.597310349880258	0.4382838411062661	-2.040538221601338	-0.6142344245140939	0.31074324850460544	1.4161268160785891	0.2626235359039671	-0.658447334602114	0.518735902919612	2.274303887637514	-4.143216859745603	0.07574570554035398	2.097202794119161	1.0317185665458106	-0.8912353926678614	0.2551191719665044	-0.47766500364923753	-1.489287712740014	0.8006494019685653	1.525010805836052	1.0286681357136587	-0.9530234452057902	-1.5790566118184917	-0.1572013769571601	-0.8991010096193025	1.6284593453550122	-0.7023061900237164	0.5298757422015901	1.7584437658098306	-1.5655388462785274	0.7137938507108448	-0.7583872510214085	-0.49062357347761	-0.10133291763651237	0.1967378109941431	-0.11641174803760314	0.01790921903311105	-0.40629203188269586	1.1049078818139246	-0.3616467174110225	-1.4735178681726233	2.0725284117426925	0.5689548482623774	0.6709478749919542	0.25327978228399695	-0.06288427906705277	0.024789591135104216	-2.6511968887117914	0.5511849797506262	-1.2314768149206734	1.5827271246686745	1.7470042655007179	-1.323552821885939	-1.2931009663802138	-0.6405824986682069	0.22517434642649956	0.628722978841229	-0.15016382968782574	-0.6775065821299959	0.8152890878994006	0.20472377458599705	-0.35966461228466645	0.21961892462787833	0.11299106163951199	-1.2523666173895722	-0.7900833240160255	-0.7686925393105575	0.5159133224831692	0.21122975388627696	-0.43539253144385004	0.31402728589835194	-1.770399784334495	0.7040442969196525	-0.4794374290272157	0.3437401057372579	-0.17328516863245597	0.18673972915130185	-0.0264620732195978	-0.1489413578398263	0.34609306629625025	0.2488414194892596	0.091783248177774	0.48823329691410067	0.008511448840330718	0.7659007664562304	0.04728168910395044
DTXSID3029152	-3.0381018493082292	-0.11451854348078225	-0.9918137237877711	1.2379230949649562	0.8855676242537225	0.19475323976205236	-1.1037168706291745	-1.9566097053113916	-0.668344013284514	-0.7767568102884337	-0.5606112361073741	4.661589591925652	-0.33232184503821266	0.6922777899115203	0.8832725471792953	-0.5093715366774046	-0.0894944520592733	0.27172713511432156	0.841519383975326	-0.2328725773176048	-0.25793136744411665	-0.6235778173094781	-0.7038182495994962	1.0306131154457994	-0.34714116631329955	-1.0977293789451381	1.1055303212122516	-0.3772270159481108	0.03627649892504535	0.9489674058981641	-0.4449403623111455	-0.6535763407605478	1.420780966044642	0.8309649170901701	-0.049423215797462214	0.511021420293848	0.487720846579422	-0.4498716007720953	0.4399508278823529	0.004214840047020205	-0.3957501771274616	0.17590705495097078	-0.3391311608069748	0.17979025563351878	-0.9757600138778799	0.09265768343846754	0.4183620595661213	-0.4478483426778089	-0.20777647007690855	-0.43160229839961706	0.06635530989521995	-0.0118392142969244	-0.40308158902595925	-0.03903014085041777	0.6485117834774214	-0.11665667592198774	-0.22084284781643285	-0.007256575927114701	0.055820592967296495	-0.49680305087885307	0.2930490488576258	0.391143776356342	0.07390714903786101	-1.1536562366737606	-0.2725091223740734	0.3878482269380342	-0.01694482169065726	0.5748038965383512	0.21719253011474945	0.06689988036086175	-0.011172691094866473	-0.19789907669288212	-0.20036692575415632	-0.07843981756910176	0.12330863287517325	-0.5392852392399134	-0.2646195695777756	-0.7596578020861827	0.26453276928696057	0.1885414323265638	1.045707181611113	0.8401572239002228	-0.9498200371725399	-0.814436231762925	0.43960749596810267	-0.3196456892582258	-0.4392350891414997	1.3986278308809028	-0.8339838886994011	-1.355443501956884	0.5283834807214149	-0.6078669081355614	0.15246396872491072	-0.4529383942917803	0.618884998423159	0.25572773540418975	-0.49203973808173707	-0.5478840289060577	0.153549155149324	0.3735778071516549
DTXSID2025715	5.676256557650132	1.0068292339588985	-1.9835144797747533	0.05958013619344622	3.4970725061622776	-2.3290244031147442	-1.9846448759758026	0.09356024914255137	-0.644753548264193	-2.3827043309317624	0.28316217839675095	4.9386444770671964	-2.1595085323462397	2.3403006498817165	-0.5382691799021029	-0.5571926029476545	-0.9074954202772668	-0.6760280592049148	1.4661163328105868	-0.3433353287835148	1.2383588303379507	0.28720944421044264	-1.276324779714302	0.3466656512186981	0.10148140129616005	-1.6964885160968486	0.4664996077634458	1.2788285618191828	0.009773583240309979	0.8120085846083552	-1.0183150337851115	-0.6972872482950604	1.7265424362074744	0.3745024385396016	-1.0478746454909738	0.8006843387628224	-1.0118139810732283	-1.7257671087783706	0.22330546361180498	-0.4598033424563603	-0.4540796987494596	0.006748996064606929	-0.17596338985102247	1.2224525050482566	-0.739939932980449	-1.0103591816272577	0.07616971202629313	-1.4596101145423748	-0.47007132703072985	-0.8067987522857258	0.005421684698385695	-0.6985439827475824	-0.3751941670292129	-0.008335913804811954	0.40265018003254505	-0.5547409965243568	-0.6468484326885512	0.3982874352475361	0.4859960099014881	-0.5807637381337688	-0.5337671835446252	0.8055829706454674	0.3753133630060323	-0.4549380541562907	-0.7294909990966221	-0.6841581477286921	0.7261743713234935	-0.4457996181465422	2.1256459550507363	-0.978724242736886	-1.614627767872521	0.010329756417070967	1.041187536275769	-0.581858409722399	-0.006641723170836553	-1.3824852203005344	1.011983121314895	-1.2475274504809215	0.7146483046613584	0.024645905569750135	-0.29325556931596847	0.6855463617060494	0.10073656063603474	-0.22552757278637672	0.21520326308517437	-0.7092723221965576	-1.3931465674093049	-0.04518764659953757	-0.9116906853168161	-0.5626040321097191	1.399490651643707	1.4815876408083828	0.7742983250260671	-0.8095753018343391	0.6959327433126964	0.8890423213943252	-1.7252418274485835	-0.7442645109076371	-0.24464417316600015	0.4573367120146052
DTXSID4046286	1.5460044349291318	2.197555651360724	-3.8676028764129655	0.5141943341179144	0.8224434754186197	-0.5397796620039333	4.214927885047097	-0.8501560174594673	0.2121805670026977	3.009074734222284	-0.4021084092766622	-0.3747764743704628	-0.7720388605908091	0.5157318044424921	-0.6884117122138705	-2.7526980614587204	1.3525050571239423	0.5897723591899336	-1.5730014685633489	-0.25836723322502886	1.3292616749725208	-0.3525388480118032	-0.25383996537817527	-0.3835146162670531	1.6474036559104543	0.8844549210211514	0.6353311071361282	0.6558041389284137	-0.42737817702341285	0.15322331631001213	-0.6390622112627724	0.06898112521046249	0.7293636744280869	-0.6288851571695698	0.52789389815787	-0.08801753986049131	-0.5954301754895351	-0.08503232313757772	-0.337778811889344	-0.005138810513405952	0.9087171394555629	1.2121252047327844	0.14205995187124928	-0.1491487132812053	0.35510280860324717	-0.039878083990528744	-0.4159894422047514	-0.2093866967472729	-0.4419190411480069	-1.032413417617454	-0.178741969399339	-0.40602927369311714	0.45702923279246405	0.258287428815584	-0.7782262715612199	-1.0220702103893657	0.08567975263677531	-0.2242934300994942	0.20838012961952954	-0.8365951930810768	-0.32792769066808614	-0.2852656021408615	-0.42046326715511206	0.6665793038883745	0.4407869952420024	-0.32431403940361675	-0.154754998849446	0.6273703725798639	0.5434834914819896	-0.7264500146304278	0.218911151430986	0.0747004250906321	-0.16582202900859033	-0.21872229995254344	-0.5395852910964157	0.1688650748281086	0.22573873568255787	1.8006775713911614	0.5186103819926379	-0.02203121784474622	-1.002249026822895	0.4823861768411543	-0.8937916672826598	0.004769238173427234	0.3944950591249326	-0.4503578367204881	0.29586897879321383	-0.07577498753045211	0.11889012394024598	0.5918599800009414	0.2969990555364974	0.38506806109598135	-0.2462369736419323	-0.7833315980564599	-0.881829495853313	-0.05655634059420011	0.5565207733583024	0.06652502690863168	-0.09410217487287048	0.08594125978265124
DTXSID9021843	-5.778700322655512	-0.4009529266388204	-1.2969835756635113	2.2808202828131465	-0.07432336135296538	0.17453078309140554	2.147629545124516	-1.5422041665995616	-1.0282243180935577	-1.6285874013286532	0.2544465542428967	0.9430641126929908	1.099686814570867	0.8778694582943177	0.5628984535324502	2.956874944137262	3.453669424133349	-2.4562159402722425	0.023269051763267223	2.490288291824011	-2.0564860456910354	-1.7774489497443595	-0.5240358068633	-0.00624253716089307	0.09652156426873533	-0.7073598810259615	-1.3009693563199567	-0.3810071872203762	-0.2018932407344011	0.011047974449203808	2.196057117513795	-0.5913343026341547	-0.09975856871685078	-0.6391769800272848	-0.21582395281395678	-1.2780653728391413	-0.524390977742814	0.7781103702287743	-1.3107579009511352	0.6447285047401876	1.308854901354502	-0.40702478369177897	-0.2236095029966753	1.0138385124827112	-0.09854740106107832	-1.1999290856683176	-0.3129339191819436	-0.07444323779242103	0.6078112586777298	0.00021101408582102787	0.1560162041312813	-0.6084295860165669	-0.7106177603977639	-0.12815532239779204	-1.101793311036045	-0.03377171756146499	0.7581241749808489	-0.0070488468350515835	0.8422663039719135	-0.744539281977304	-0.13795750439240675	-1.3979827159936633	-0.5448868074192318	0.3517497772527625	-0.506276752059768	-0.6848737859404793	-0.15200496354338064	0.6096710977292392	-0.34590558846319897	-0.025222055296439987	-0.6514229592386129	-0.11921990090253888	-0.9482609362842753	-0.7043448340691202	-0.8932905871853053	-0.2304335433789519	0.34010606387409636	-0.7441508727191212	-0.21946661721048608	-0.4576278970205666	0.06476740970951328	-0.19993985649685328	-0.15429442845739613	0.10161365782681855	0.36345840186958583	-0.2668352721661785	-0.22995352802127805	0.0602621442746326	-0.14657554429882277	0.3258887491540653	-0.5669437766173718	0.004924370789933544	-0.2783392558820568	0.31704985722013723	0.27308549427251905	0.43424682155525	0.3753028784292014	0.196444065242173	0.7539207897817121	0.03939008889856989
DTXSID50892417	-2.799809492497087	-3.0124688676742464	-3.2337573514778066	-5.186276907130553	2.47666339517244	4.613250159095215	-1.0493032685994703	-2.3476120273870102	2.4292615487189235	-0.8296320384683628	4.0457388014309545	-1.948175676878	2.6198220400340704	2.2897351098764913	1.4342880502231528	-0.37132041562516	-0.06539891297041238	0.3977153858488801	0.9723897854582675	-0.23162562029321832	-0.6615494456251847	0.7088076342651346	-0.05247396150645887	0.02583726073853298	0.30197457672684697	0.14145398108536203	0.006789291293728126	-0.14335768383329225	0.10488678346545843	0.13265308001566914	-0.5201775532040326	-0.18748237848089067	-0.12067739259897357	0.11540544431008472	-0.20319855638363732	-0.2286003555415015	0.14670809930439319	-0.011255672000920196	0.45917517567002397	0.36753178964225997	-0.06477498829515244	-0.20309130228203326	-0.7339784362956089	0.05762682485972035	-0.08733774704338007	0.4625485629310051	0.18091828789810388	-0.1562882511275552	0.04814098779534782	0.01712259293602489	-0.013068427442778472	-0.08037365238732962	0.00931532788649416	-0.14098665381867476	0.5567955705678784	-0.2124580175164816	0.284733256247957	-0.13711592816207532	-0.5625649433031297	0.27342092133450496	-0.26374552765040316	-0.28820247523490017	-0.08430643369380311	0.21331527326152694	-0.11650297810657818	-0.3763234531398108	-0.05203458029708006	-0.23807869254418493	-0.08146362674998635	-0.3800985569704694	0.2963189932955082	-0.06853686341217216	0.13325975005271543	0.03675585384674399	-0.48898141470896456	0.3840108134363354	0.17175337013107644	-0.2680537493532536	0.11039129860760433	-0.4073107685158238	-0.002297519559414331	0.14151860077527972	-0.34469445043733843	0.0339613383141505	0.03602108539139274	0.07492236355756603	-0.24341730872710604	-0.5877188809009223	-0.014587794520619592	-0.20599969205082683	0.0034429820459108405	0.32067375973934575	-0.7018331496152334	1.182170377447082	0.3834979421884437	0.7266314096712367	-0.4689006722017893	0.1907388242194692	0.05547083380494997	-0.3409678235689137
DTXSID3021198	1.8653643271150797	2.8685217141790647	-0.26861988724206276	1.0339185392821955	-2.7610272932115363	-0.5763876351280571	-0.5972382904643211	0.4243424387567047	0.3553098332576129	-0.07735590181976847	0.006438960545149961	-0.37479280362893536	0.4361062678432043	0.15594855754197842	0.5234613685722797	1.3872665669260615	0.11710403899506634	0.8782788913064182	0.21669643900395452	-1.7610708648075408	-0.1283190688814597	-0.8609385211990934	0.7950469642698819	0.45257903311202413	-0.5208782262022262	1.1667638149831172	1.1199948176812347	0.4879799872264082	0.4559043982446292	-0.7432660436773544	-0.3762138364910139	-0.2985199153120715	0.07386580031120667	-0.24429214481952685	0.5182964162925929	-0.3338475214498726	0.904586238067496	0.5909906241887652	-0.1480933411025635	-0.9103125531531138	0.696689896881601	0.5547005408600937	-0.07516839530925304	0.045703018773774334	-0.6426742055096559	0.7202043421785205	-0.06097487100651199	-0.1658889544494992	0.21290788093583654	-0.1825754678827936	0.17382906784280175	0.3983989036315205	0.29273183503680617	0.20608096484292993	-0.020518509848428606	-0.6312995201767785	0.5650194646125307	0.3926220183481662	-0.15852728302545396	0.17472832771946442	-0.5800854473619237	0.43831293719210895	-0.45507982971784344	-0.6074303975566024	-0.5065810140673437	0.05432949909087071	-0.015083484754549431	0.09169872274755615	-0.3150760625323798	1.0913785956709112	0.6673490970022455	-1.036492854604908	0.6401714842549212	-0.30533096631589246	-0.25992688234803146	1.5706260131355656	-0.4780175628591862	0.7381832253557205	0.4891900977667931	-0.7106457068587196	0.02558222794027959	0.1870149828128251	-0.03042789061403612	0.18226540636929164	-0.49026400035807244	-0.5126638059071846	0.24314373886988117	0.5044066861728759	-0.9250719911220184	0.3104138323857054	1.0102406940705626	0.47022002309736133	-0.07603261616370072	0.2926014601580533	-0.18162147405477386	0.29048805711087144	0.7662789262642697	0.8300342142767195	0.7913398908580556	-0.6005133021274606
DTXSID9034650	8.718270558282958	0.9259426012895712	-8.440097023658959	-1.2091773292330703	6.391230302891248	-2.651446366879143	5.789738015269039	2.858132541653465	0.10594276494274797	-2.7817700510352794	-4.317731875229291	-0.13894404543150973	1.4812995607653927	3.2168817554818756	-0.06245113907331082	-1.244208291502634	0.4055722807199367	0.4197413269622801	-0.04318984518361313	-0.1993565006819736	-0.42414317093060167	-1.1028131850003982	-5.455978017309867	0.8856096903738385	0.6117080872206038	-2.063994683187057	2.007822108180691	1.9095245285870737	0.026772235470058303	1.4851780049111651	-0.17969240280123802	-1.268366049618547	2.9310029878664516	1.1993095472208044	1.2705289769412866	-0.9286242451563819	-1.4974198344284975	-3.0771555123005476	1.506636610858776	-1.5760447754201639	-0.39500969340637476	2.3484710345551583	-1.1884138224997898	0.2496648468918043	-0.6985136470179982	-0.3573211206081659	-1.3831609822856952	-0.602355245295917	-0.8219986962835792	-1.518198611907623	0.3708305212715331	-0.07595622588838483	-0.4179690792147411	1.2030127262374033	1.7243165882624902	-2.4217766195290755	0.09156263940218141	0.5594015137606142	2.4100631668535115	-0.5148432346019481	-1.4481588298884567	0.012734025754278882	-1.837716593065922	-2.4418462284473894	-0.5138349230210223	0.846113656638885	-0.1613966748313922	0.4336933542080634	3.74448357429085	-0.6505817693151782	0.435466874112372	-1.215394722540537	1.000540840733576	1.515740405534175	-0.9551808440729616	-1.6385037883378768	-0.007530424921288465	-0.9814305359930863	0.07477729180815466	-0.7818605969084729	0.5430757277656326	1.7809667245351781	-0.2620766313463	0.47215953515236075	0.15387349377459927	-0.11028348504944933	-0.6062113171342197	1.5837468248580786	1.6072730666474653	1.1076795686560272	-0.9160600477416109	0.5936938661756528	2.354457218812108	-2.902754667948605	-0.9586733470840564	-0.515749439449967	-0.1623761355183667	-0.16664328917571727	-1.2966493822043115	-0.0070323014894220276
DTXSID4046109	3.3029669159926636	1.0882973764862236	3.098008854790247	1.1780363029746794	1.0372562296585426	-2.3123540500628494	2.478224381255209	0.4147563868892758	3.1720626973033306	1.0931252363677428	-0.9147051038999521	0.12162938779685024	0.7527321025923026	-0.4402314367651875	3.5835054297137976	-1.205955642843346	-0.23622786506216048	0.09553806561873	-0.14792007950718822	1.2135731213689305	1.0479917436863642	-0.7082570240931317	2.230009193874157	0.24653022355840265	0.8927838100144345	-0.6163559327701745	-0.6375879998874215	-1.6284891480025472	-1.6147982704713115	-0.3014925396507879	-1.858501472650394	0.7500271868399943	1.150836101886947	0.4051163032693853	1.6632795967974103	1.61406352946972	0.19311711889481492	0.6885997455698337	0.004094521686597495	-1.2073360738928776	0.5946014567946865	0.23053785304954916	-0.8258883048962736	-0.2663213399398017	0.30583534448631344	0.38305386283778353	0.668782683408029	-0.1613367182863172	-0.04587138583867924	0.07656893485303812	0.14188764391319475	0.30190151755214695	0.33360120556040385	-0.530277231492693	0.2931525929772837	-0.2413734946884876	-0.9024930260719453	-0.023907983734149173	0.3151419482552186	0.08480754108214408	0.2780783862114963	1.1893965567990026	-0.552603585281026	-1.1022975136579987	-0.359348457225538	-0.6235661903602406	0.04731717596923816	2.518931388777307	0.9012342470973596	0.3210768254936652	-0.07242586236087767	0.7417267080586447	-1.1976225518035262	0.9536310288949138	-0.1363514681600356	-0.5577985353512649	-1.0905044096524066	-0.2468389074794015	2.233612751444806	1.2961965109562557	-1.1026918959270264	1.8356076600156883	0.10393183483824907	0.17835227534605283	-1.337005066012368	3.6672036476867946	0.20481100092607168	2.0403905171420407	0.2676427646030465	0.09569307103667914	-0.6168500395454926	0.6485618780973847	-0.3202661125813801	-0.07784126069671611	-0.4208828869198901	0.8944731674730518	0.5182872279822826	-0.2144744633387003	0.2948158878529318	-0.5323132001811893
DTXSID9041861	-4.553995375212705	-3.1833489304925715	0.15888143687415007	-1.590129807281307	-0.9079287535054844	-0.27103960619086626	-0.4893889826755479	0.12292138623143192	-0.21451136226249054	0.19909329289675265	-0.6327067695878897	-0.21903107130922794	-0.46004426261409986	0.3816831032717418	0.3717687097492407	0.30974323488335787	0.00587091840799809	0.8223092328929662	-0.1099375602687656	-0.5020234617348417	0.4406374531642872	-0.2698752598702526	-0.6467906793549391	-0.24142513998988357	0.38553428272907686	0.21855638124723945	-0.4028118667498949	0.06611055653701255	-0.08510272867322087	-0.128022554215191	0.22853270917916396	0.17719138972462764	-0.256310961382357	0.1356726473776825	-0.06173525484462879	0.37663826861498867	0.19818067045001758	0.2919144694951261	-0.032131875605465335	0.0994836179108793	-0.1725284746969923	-0.18941331493275765	-0.07465472089298117	-0.21372141248955645	-0.001325660009928945	0.02274915947101836	0.02454473720004943	-0.07520730559116902	0.1486657296881198	0.028387549990368178	0.021295910948671455	-0.06933918446198772	0.09909616024147752	-0.18054004312920657	0.013401578338360831	-0.10409298149636605	-0.09467934211079614	-0.13804542983567755	0.2710355319451191	0.23076262096938327	0.08664806921968701	0.1168011056181299	0.35058341873411003	0.40081659403709524	-0.2410341725564506	-0.21266975167728241	0.22779000816205888	-0.4870555949330578	-0.003775937747699942	0.4479265394820233	-0.03668737902369697	0.05539641928445869	-0.1733154287574563	0.05041355109214451	0.11145304057048899	0.45213768149598255	-0.3692664345195592	0.742151752104137	-0.20124779189091854	-0.1402098088849106	-0.05824302662026518	-0.30813667378439263	-0.376081994295748	0.3101765533834724	0.3684502179670048	0.24974061908701253	-0.3850997965417297	-0.033502924302225984	0.08066058511277689	0.23529540599161788	0.3215720514895903	-0.251565517172545	0.12851206560716735	0.0278862580296683	0.6226259595953548	0.44872058145555027	-0.07289358743607577	0.20186815732169516	0.015164577887500818	0.11606184467293049
DTXSID8024317	-1.5719563949708344	-0.4796803697838389	-1.3642694577733816	1.1166999254749679	1.5992695429099248	-0.1425883606217353	4.084193098174615	0.051123648368123	-1.6171406309237613	-1.612186807827953	0.1835351154887264	-0.17953412497642363	1.004175915582739	-1.2342273422117727	-1.4942369574932346	1.42262769957476	-1.4670432298217284	1.4277985332613508	2.288473874644368	-1.8710399723453233	2.5663139904106367	0.2915674071751357	0.013156922956044443	0.10711441456094195	0.5022267994462315	-0.22721745662624954	-1.0658325455065927	-2.264428555639649	-0.4557538523177321	0.2475921318789807	0.07992218809732425	-0.09860708884893056	0.6548827636818259	0.3874320470666831	-0.13472739085999622	1.0898989972997108	-0.23185409435556953	-0.575548802408127	-1.1333642795536116	0.47768027421555476	0.8167479786884093	-1.000289698471616	-0.057906965313725176	-0.5753385886988148	-0.1778473464345483	-0.3939967010527748	-0.46682635653195986	0.3732103562739332	-0.13226123397880715	-0.3035395892243399	-0.4612942278339416	-0.8933291101332024	-0.22851044594915954	-0.5404306139406194	0.12176920907608008	0.10951586847016595	0.2839973789714115	0.1033419282505137	-0.027411155228768795	-0.41917733526725115	-0.25236164143624423	-0.1261310096432517	0.21453267764582823	0.33081083302989933	-0.05232844588661831	-0.6630249454878671	-0.8378553188513284	1.5128462730955012	-0.4856078515598239	-0.44321268050173046	0.7637865254836769	0.5533581014562913	0.18113107276744522	0.5253228118667889	0.2401154115090139	-0.2794880604895944	0.6770586827124875	-0.19218041555963078	1.050350771746949	0.32069944863908806	-0.44823450402024173	0.34497147341099754	-0.03970101401770034	-1.0730823262954023	0.2954488680783788	-0.22177113814222912	-0.06686255262053709	-0.08005812410063039	0.43300659855381357	0.30155796466104445	-0.17632514444987699	-0.06169010986641089	-0.08388727966962235	0.635025391494956	-0.19496115948181153	0.011348119963302646	0.4242401691685118	0.14289028118968886	-0.1822905373413662	0.21327779482362297
DTXSID8027537	-2.652912265132505	4.279509588315517	0.6352951966298003	1.8168909272750207	-2.6337303801349403	-0.058436023077930145	-2.187526921511783	-1.6719013978833084	1.5246247345903072	-1.3376629425816948	-0.3926702312743778	-0.40945080718390664	0.0714829174980483	0.2435356170613679	0.2804351397976258	0.6793327647853323	0.8821050698776305	0.9643169184661553	0.7549419873492103	-0.1712890924134975	-0.71229341850141	-0.49866812352726436	-0.6523093665664865	1.1055897842436464	0.38843570039736863	-0.3388599582444993	0.7467969781727709	-0.5067416089162993	0.005700525770038017	0.7498595453689079	-0.9633167463406771	-1.330996855383073	-0.010155074737824637	0.41971490997982763	1.6494559389482768	0.009201708574032956	0.5766022923157532	-0.6344160159641512	0.17361735297648648	-0.5680278965390839	-0.1629387012988015	-0.0006389382018401215	0.3576110975770728	-0.48094111307423354	0.14484882996339635	-0.43023824171412817	-0.10778711323933675	-0.2696093654435159	-0.28762677677084875	0.07029315655117271	0.09614298282340351	-0.31307046534428284	0.5321617807891776	-0.3608273127726019	-0.2590626496061944	0.5360993855441212	-0.03370263859116129	-0.5407316111154434	1.024738665524829	0.7542463762404912	-0.7763682875053365	-0.04416642533879485	0.23040880478409642	-0.37580967638874724	0.35375075554508445	1.2307400604595817	-0.04214001628681129	0.22867630056408733	-0.9838825945200828	-0.27621116126241374	0.9723600410832838	-0.2950523878899843	-0.3042295870999392	0.1357775977193479	-0.36626564195512723	0.16900486879414964	-0.6825182729802651	0.6102862007224581	-0.050544368080190805	0.1902646600574165	0.09520398978977487	0.5908595373948606	0.18477824362618403	0.44603959523646003	0.02192675346085528	-0.12348452843612841	-0.23853354052823372	-0.12038638965549203	0.23851089701164943	-0.1220430811822917	-0.10979363229390991	-0.31729491968457485	-0.21065083231790765	-0.19679733497161725	-0.05839350837731687	-0.4972836529142929	-0.07555236890490563	-0.033915626875921895	0.20643416632294456	-0.04778865581703784
DTXSID8047264	7.3699889955763425	1.6144078030943128	-1.7973664526589137	3.093439288492247	-3.6341279149255534	-0.4998797217975301	-1.4655544227931523	-2.3218353358072146	0.8605772967453008	-1.782976624375265	-4.234449161412991	0.6602057378051863	4.263323573310603	0.9632147445052359	3.9135176793281756	-1.2708003884751726	-3.1955900874597996	-0.19763656459793977	-0.4123553324423194	4.640750348864134	3.6875823370838883	-0.6288971229880966	1.5771635298787723	1.6957125895449043	-1.06843756393306	0.4532316321589019	-1.361826247322445	-1.1724261433912362	-0.8452446866000446	-0.31792578184818	1.0045336817302983	-0.9588279150987568	-1.4285905568060793	-0.9422360856027514	0.6416240716844429	0.3005292603728169	1.6284848266304321	0.002667092391002278	-0.4267953885089652	-1.4769593434454618	0.738919733023267	0.6853946335680408	-0.5838168113456893	1.0977756250057624	-0.14177647915420877	0.3237956712460629	1.1606842992643236	-0.34842375887536686	-0.415211276298386	-0.023672415363907778	-0.11069385900923832	0.47227128232962695	-0.5044641463703651	0.20696342941001575	0.1899482008814965	-1.5818394930970134	-0.2986903893024465	-0.17968035189381887	-1.2438586390137454	1.2024438255966987	-0.4741718024747005	1.842044504434285	-1.203865610183628	0.943145311348955	-1.0656107443550318	-1.5834168282453311	1.0264943912183555	0.7392417410609886	-1.5172405609760697	-1.692094497469615	1.0919181238907383	-0.3780613822471759	-0.1384847675442577	-1.5894024536591498	0.25609079839856325	1.2571015946224695	-0.43089494037636833	0.003024668877851107	0.37438911237914835	0.8082104488498493	1.4044442567563467	-0.03826185158817263	-0.821405267856188	1.0772203682596226	0.9941952135601566	0.5139169477836161	-1.846437711899272	-0.044555984723711334	-0.9977355709662951	0.3472947768027949	0.3385319551264703	1.1541007426009389	-0.7465095625157308	0.10457084342834852	-0.47835335308944893	0.17713248632090636	0.8851519195701705	0.9076097710786162	0.29853774870289584	0.11145549799674578
DTXSID6044303	39.35940098916852	19.599130768827504	-6.393215581435813	1.0752431473162745	2.8505962780593306	-7.834177368720314	-4.460164266958599	0.41145359522684144	-1.4808903279556183	-0.29757173508732704	6.143740065206624	-1.2130931671026761	2.80911413215262	0.5035276775467854	1.1719465806203817	2.87971762144309	-0.7664360018173149	2.1694802820564156	0.9803639858403584	-3.0465845204762756	-2.484428939038382	-2.9784436416659688	0.9520519904169419	0.6879846908026157	-1.8024107768790847	1.540823485647772	-2.649714611076608	-0.14027243397133954	0.13373401886569883	0.5170265439987077	1.2157082343014172	-2.057699294543685	-1.3654779225087756	0.23271231039694734	2.9217404517168504	-0.38912734563286383	4.140982184362915	1.7579353158232383	-0.003270598518522599	-0.4797909682647364	-0.6954772483498296	-0.26429028638837243	-1.8065219371877657	0.9430818045392272	1.3314401382550445	0.4774049959971642	-0.11640397769798573	-1.3358789778785403	0.41274734593113804	0.7133344552590261	0.6078705424302104	0.008820407851503538	0.1842647738955313	-0.7201825538871172	-0.5030231588751125	0.6134465429242929	0.7443568412036872	-0.5705013315339077	0.1970488911390712	2.058656581334595	-1.375908261632853	-0.5632712025293756	0.6686833252946003	-0.6176879839236287	-1.1378128792907494	-1.5074115732142082	-1.371318814621848	0.37646253009977254	-0.3478364812102591	4.691414224819352	-0.36187891240534453	-2.272228723670799	0.8603595214147983	-0.5734563739507184	5.084479678943153	-1.221713093852672	-1.300752242446979	1.404494483913052	1.1824422619007584	-3.36474882457205	-1.7318662917444958	-0.28108398561989173	-1.089608372763411	-1.5577831759929257	-0.19203680363175954	-0.033616983044129224	1.0439759938653121	-4.439736226461537	-4.965930180120145	0.4398491562511731	-0.19017988995881172	2.5069646288790874	2.0268212005295743	-0.6967145518674298	0.3099259142821984	-1.3295836258806335	-1.2584800735041959	0.030344845161391285	-6.008364692811167	-1.3146658332426444
DTXSID2047301	8.494722918293256	2.1518646988464782	-0.796470650967266	0.7408536379692519	4.657526106361802	-1.1686940819107305	2.7200793164743344	0.3264168583786512	3.8619551463943984	1.8118355032660853	-2.173377339559182	-1.4227649142176606	1.1133489469581295	-1.4686475792612241	0.2988605360353593	-2.191153783666465	2.714430891098862	1.3747890374325467	-0.876961707532649	-2.002113859340608	0.860821339041251	-1.7728002197087809	-0.06806585945855423	0.48824259229262323	1.9633702589756703	-0.7900101969093387	-0.7070171841391542	2.1189579833122223	0.35397976182353064	-0.3673841720259283	0.05728720165729653	0.26866391884961577	-1.3675962202549687	2.7097349453971926	0.7714079758608773	2.0471521930844068	-0.4102357050413881	0.4049067470197572	3.970806838315741	0.194033759791235	0.38103188098905055	1.511781010423189	3.363713800063747	-0.5986313811953575	2.268440245014005	0.7884237632310059	-0.022734372167743145	1.2865344265634564	-0.734665595911661	-0.5699069312247615	-0.3247074677144391	-0.8372761696233061	2.302420672404029	0.36978807640419264	0.8575895431370268	-0.4871519428163912	0.5375671300930267	-2.5873758713578607	1.476080596103935	-1.844034962726883	0.7272531955882712	-2.5335240003855932	-3.4514555751132785	-0.5312288024480424	-2.820081190628339	-3.3047467293299153	0.46306933805606865	1.0373991516297723	-0.15643065207066528	-0.9594519128083406	0.9252709795532715	0.17252773825724815	-0.19164566321403287	0.4334187510277312	0.3262598245313734	-0.2090440806559263	0.4455133261933707	-0.5202136158437211	0.04157123315199147	-0.8688450084132299	-1.1537203931809552	0.05175455989526401	1.2320541275830859	0.7564054510895504	-0.2953724170252724	-0.14369169455792694	0.15772248300041236	1.0858937206854204	2.099696968248813	0.0564879397113151	0.757287994933645	-0.09467524002063818	0.5133397343300018	-2.368138959398174	-1.7678222100428367	1.1373336939287657	-0.20174487319412635	-0.7704412730810392	-1.229925817372419	1.7309300842548467
DTXSID8038801	4.451508997511904	3.145578122172646	-2.2101600266422174	3.2771545695185305	-0.293999312666487	-2.295749257345992	7.784197572186907	-1.035654047552739	-0.023085521557333063	-2.991351309322353	0.8017674970064073	-0.7628229165128086	-0.3031294908511462	-0.14289031437834607	-0.1459699146561761	-0.429395212957913	0.11057941089303479	-0.022381909288895285	-0.8337825054226413	0.4329528673725051	-1.4157312721660644	0.015039345312438078	-0.13281440635088698	-0.441146942237743	0.9519538509489633	0.017384303468381844	1.1137780399186419	0.03476123306715789	0.6075069815724383	-0.20459563210135143	-1.0415803964926926	0.8616513806189399	-0.7738781306111564	-0.47435820375347243	-0.47024039220047215	-0.6508030695973919	-0.21175803323283926	0.6619902775310283	0.33313075685054777	-0.9462798330721159	-1.25204380492948	0.010530616771844751	-0.4175628257088119	-0.6977978621715658	0.7596884795413652	0.3700367021174692	0.8683778675149997	0.5215947424548969	-0.08709576403306787	0.0019330342333515765	-0.2685317796164486	0.9002742332038863	-0.4993321834713094	-0.13373531467017555	0.3914000886240403	-0.9160158343429339	-0.8947535952562169	0.6684636413059298	-0.23996574022363756	1.0483864023066034	0.048794508840240315	0.0577189081520119	-0.49832494044566994	0.09125140156144947	0.061721732030448395	0.29622581752774707	0.15148747475352733	-2.2151560136247643	0.7204324862928568	0.09899193686059593	0.5640028614467378	-1.820604730280232	1.8023632149624311	-1.0818394155082405	-0.701555376029956	0.6891288553546647	0.8032035271926432	0.15517569291723918	-0.04377146464928949	0.435446658136371	-0.4335139173988963	-1.121704782890472	-0.5064045000692583	-0.7633818813019594	-0.11619798198629262	0.6034401365463944	1.2890936834185225	0.7002365125243829	0.5287457166922926	-0.1261321414871761	0.5223373390993239	-0.7498124196600787	-0.1437035376552058	-0.07642012016045897	0.5659310211266514	0.8086398172323089	-0.28153160951299494	-0.774295558354916	1.3553100848383965	-0.5720733840996569
DTXSID8040723	0.6970242770663256	3.956134498562404	-2.813671583186504	1.6965847620071695	3.7144544099172547	0.5315878912306373	-2.0115031167277717	0.7199838411243974	0.858806233451191	0.7154438545624584	0.801156162989204	7.192814332474187	-0.562161410859061	-1.5565904876595587	0.1441830642305127	-0.7014886231348757	-0.8935039934061647	0.6036818913014651	0.5120341597292237	-0.9447918120815504	0.6716109704113391	-0.07746996448636616	0.5988870288091279	0.9882421220427031	-0.34640116334573806	-0.33738320542465744	0.9005315653803174	-0.24963302873169418	0.23961829397636955	0.4211815356232693	-0.08331937887164372	-0.7754945689238761	-0.1312059018280463	-0.3915576939685948	-0.21041425968588406	0.8172155749925196	-0.766029394599819	0.20359452903928787	-0.29812598765546217	-0.36445252445749216	0.05411643684837486	0.2215238449553283	-0.22431084565834586	0.26947202352648236	0.2816825922811142	-0.2120136161730803	0.4384669818490733	-0.34540738513635694	0.08334592215190761	0.4586775361114047	-0.09804375726134994	0.05319014499145097	0.04965324401853626	0.009611260488671877	-0.5683648069438065	-0.025783742026330304	-0.3583469240131487	-0.0014155977675490955	-0.4150146126722517	0.47006538972384126	-0.49961864080427204	-0.8284044756631815	0.6207936081424912	0.1945326727095701	-0.3209967258909376	-0.40786135851738126	-0.10724147097657032	0.009174881983508295	0.21659780741335968	-0.05405039621369578	-0.5598333991853097	0.31814257439061056	-0.06028189911801496	-0.5147677509053465	0.2699410198296198	-0.2699111277516935	0.6723527515062494	0.41834961368461143	-0.10233590199206118	-0.41641822891141156	-0.722027546747423	-0.5814770837424917	0.4865354427920305	0.9585588003540556	-0.7319209608129602	0.541328399682591	1.4040812178327278	-0.5785957891310567	0.8624180664900549	1.031123446935605	-0.37081756282455486	0.3399371177460985	0.8464982349435306	0.6282613067737565	-0.10851247388336495	0.05539671770083072	0.19671969051367635	0.12307241956249043	-0.08258061018332138	-0.7721796054211867
DTXSID1023150	5.859025027968235	1.983703963763079	-2.387426784397826	-1.5776476044235639	4.711066935602959	0.6524407613450763	-1.068050305699656	6.07316549741533	-1.9615982873636448	1.4186371494965455	0.6883011353523897	-1.3970004986622893	1.6917810903263422	-1.1599161949971388	1.8007397612367595	-0.7070062464116283	-0.0035009119427937023	0.11671316514999715	-0.8582590923007059	-1.1982622549830446	0.7388954554280317	-0.5037496106224436	0.6233099157417676	-0.4463953622747167	0.8821330727687727	-0.33155135333080143	-1.0511986525223271	-0.2094833360927433	-0.6702916633950377	0.6593427315150086	-1.4815905602897972	-0.3741549450181967	-0.22740606554314224	-1.0713517404325943	1.4035788296806617	1.8306938556525594	-0.4347528820139805	-0.31953357552876877	-0.6528387840900097	-0.1327024359911181	0.5834176794965645	0.6385094261513645	1.3383115151711988	0.6235722778244425	0.4101681808512275	-0.5040370062813362	-1.092455072518184	1.0059788928049618	0.15036273101498646	0.512030464139915	0.678391189985008	0.7093548435942483	0.9329778408094842	0.7271947390053064	0.36160852543080463	0.1307608104093812	-0.2731573575124758	1.2780110147148487	1.4590717096568808	0.7203850765078419	0.4935979883088538	1.2921734807662397	-1.6391308690460733	-0.5811778329506265	0.44534314417695464	0.520374991038688	0.5135929416288787	0.6392279443180291	-0.3197884864139475	2.0720835531491955	-1.3613594882261288	0.22465633930676573	-0.7669804252034493	2.1474971111481893	1.489514785107221	-0.7073157357178077	-3.1043349247205168	0.36614270893912176	-1.6057477756760477	-0.9113212519788856	-0.05115097037119961	-2.685013809544591	0.17838001895352606	-1.507723768009406	-0.2664449416201188	1.465509554389853	0.19523321208421263	-2.059381580232523	-1.3426967691085336	0.36968065745748613	1.5303432272143511	0.6526810611817662	0.6290605319887386	-2.1449770432672404	2.9323300340934133	0.39027573467280763	0.6439157334942454	1.0732513488563376	-0.41315865805475366	-0.6684383722216305
DTXSID7040449	-6.187512639772074	-4.092110162216812	-1.6357879798886235	-4.865520409642706	-1.3978025002081453	-0.4222855972730789	-2.880666951637233	-0.7084475752934657	-1.5018322395284596	1.602813845155054	-1.064018157260775	-2.3704493598013956	-3.156845170905615	-3.5244094217903252	-0.33075193652436363	3.0231224524851736	-2.804217934767468	-2.1167895422550584	0.5582067991107165	0.6319338814963485	-2.5024438845690353	0.5202323135737641	-0.7793766057111582	5.468217073803902	3.246771373163021	0.06704355182423345	-0.603279502729977	-0.2952404649010707	0.03537334048662226	0.09896699932494125	0.30727387891269037	-0.10597478931702449	0.6590123332625614	-0.2883855379696254	0.11097245006828929	0.6262867093235891	-0.7517530437004414	-0.17099312466691113	0.19404804649102703	0.2487680123646394	-0.34179937761317375	-0.11948014209361556	-0.09655754641868573	0.23631107912187146	0.15730442591772206	0.20710797320772553	-0.10661464787872506	0.15452853950658935	0.2736399115246026	0.388433736540688	-0.03713169637996589	-0.14994721061354033	0.2458154359060444	0.038298320200389105	0.33864215307960843	0.24530110928659585	-0.4030064853116684	0.1819373690998371	0.1982036257966457	0.4584909713671117	-0.47399196293344525	-0.1224318040598778	0.19702726332484943	0.5920678285516874	0.32351776070625615	-0.7862162986948826	-0.41469760047777415	0.05541966048156854	-0.06279415504093336	0.07582795036518813	0.41697700532590787	-0.19130054031826893	0.1725032404613046	-0.19856416202753124	0.31734441878406083	0.4808483461184225	0.8075051575325374	-0.40520668059373877	-1.4544617498222856	0.72281387443331	0.5223856871252391	-0.38904701626448485	-2.754001301053038	0.1765456582774629	-4.0284772254650045	0.02305989564437726	-0.8705933726004995	-0.5585105864729724	-1.1077089301994039	2.0369966932006234	-0.8420830380493829	-2.1437370418764186	-0.281598343356431	-0.543580393481574	-0.586078850858454	-0.7123237283345478	0.6966911412674796	-0.2063162619960424	0.2565316030210706	1.2834012249986178
DTXSID3046297	7.950885033940379	3.345034837705697	-6.998438978426135	-2.2005887042227115	6.502425532123134	0.21961390655312377	0.5994047208661176	-3.612080739830005	0.32018163189879323	2.451024405094816	-0.024600278149159705	12.491686577667933	-3.186762457765904	-4.670342988263321	1.2791474378934216	-1.976978448829497	0.7588050972939622	1.742408762727337	-2.617407773916769	-1.064977749091008	3.49988003701121	0.7230581366647253	-3.895948712423421	-0.09608165766880894	2.6388711393842756	1.6710976212250084	2.9133698365436715	0.12819120300661735	0.0988162891616605	-0.9299091117038505	-4.21254284652561	-0.45699123835532046	-1.37340420901649	-0.8115591612329889	-0.7428723794145186	-2.2294420875308867	0.7422998463951406	-0.7057159001568785	0.5558649322220431	-0.5369354986580983	2.7152052603287897	2.1905011579540035	0.7610342291725057	1.2593196573438172	-0.6869940060062166	0.2724349612177912	-2.074092050549495	1.1483033069519561	0.35807170300987046	0.7587067889558439	0.10898623121112967	-0.25792132681720636	0.6204299865922548	1.027021837450872	-0.5868245236941597	-2.099879929558265	0.8491014014173174	-0.5928095696922228	1.023542614291613	-1.5298146302697946	-1.9368652524818217	-0.21710885274180738	-0.06299215765873262	1.0712484547514902	-0.8031124719206959	-0.7782474850260717	0.7225850143530758	-0.10359801537793943	-0.7644532776076938	0.3388841826544766	0.6790243735995946	0.36707179263653295	-0.5022549966679459	0.8113450004541337	0.7148209229441609	0.8736496601736857	0.07179927306560856	-2.816149462264921	-1.1121986459069164	-1.7851432987073197	-0.28759443495705533	-0.7358924802653908	0.5518654389460522	2.1405751422022767	-1.6855300940144264	0.5851985445723524	1.6802168342172121	-0.47201915885208745	1.965565394423199	0.27036542451926604	-2.200202636684802	2.2955691369388123	0.28197544096013544	-0.044372719063615465	0.08744911769761383	-1.1207335033530554	-0.19432430518884028	-0.2746028318545303	0.20894035602300348	-0.6756538310048238
DTXSID3025049	-4.327845642045161	-4.2237696834913345	-0.71208598160879	-0.9326726647172214	-1.6980229051671383	-1.5035498374459997	-0.6771196397802669	0.46710547423548	-0.5842423595786485	-0.5845417955917963	-0.800706329511207	0.6707864258476757	-0.6834561168227125	2.580611696161551	0.756266613040952	0.41439956050986104	-0.47595738603039006	0.7680233767865899	0.40868047901779647	-0.7097726446839646	0.5477730181965502	-0.6557595783871821	-1.4816688810682437	0.6680654624853818	-0.7751541166730994	0.04999781101289076	0.7778951471980915	1.032277474988206	0.06918771057775486	0.005719341453069911	1.021163658129879	0.4309251659866472	0.5854632681738892	0.10614689793164328	-0.1576669644237964	0.6060062395042835	-0.2639555331274632	0.14847889593691152	0.7870264613167034	0.40167489527817973	-0.7336408454566243	0.19359604046419143	-0.06785800142790166	0.9723486684755401	-0.9235386980217015	-0.00467959571905243	0.3238863992304097	-0.6561978253999465	-0.003958227643650134	-0.1832897680352478	0.15576624276924061	0.11935626956526474	-0.26202455169091793	-0.022463508262853697	0.46173765416361345	-0.7804587606391924	-0.19736486333306338	-0.02588483050562968	-0.04401309257940831	-0.3069192252250586	0.4373624118709226	0.42368621698608516	0.13321818686953232	-0.4419189359332192	-0.5858108322548585	-0.3882199002330156	0.9944580675775095	-0.38692313431823283	0.7088926664783556	0.2126402431521279	-0.8608933081868306	0.007351407875126632	-0.41706273767471075	-0.2736528586358854	0.7599944510386829	0.37190467224918544	0.21999531418929263	0.23548175876499727	-0.5022873639753836	0.014946802520189019	0.1552203324029356	0.1508410939919243	-0.35326715581845736	0.5377266720666805	0.3190612933475402	-0.06769891093092809	-0.2569562904050219	0.48041861583541173	-0.22246132680278546	-0.0012457922048825136	-0.40921448390738546	0.16311242790688643	0.18084530290218925	0.011468712969657912	0.26842332208597974	0.04629127218896924	0.1465129175343023	0.06020523992576545	0.04590322233312235	-0.011971473197533663
DTXSID6046008	44.28375393977834	4.121331537271769	-6.255175460716708	3.7650420557793742	20.615055231518944	-13.174033084843437	-0.1580620743473829	14.166469286909708	6.108031254950615	3.745036560947274	-6.321972842445733	-4.096352923411236	4.427706039582402	-2.324312027197917	-2.5849833578486896	2.6133620159644035	-0.5727536550094553	-0.4933166039014205	-1.5835422965460648	-1.00487614301772	-1.701476514532725	1.004718030135191	0.7932214219596964	-1.1652278340635362	0.11890712169298369	-0.4815600041677015	-0.5226411747564386	-5.804335257683882	-1.4273924154186113	0.15194576832600354	-4.092536450791979	-0.5830776784538527	-0.657130313313637	1.9322957450640048	2.713264804822293	-0.18597004222383617	-1.0112913948325792	-3.4335282985494464	-0.9520621669022726	-0.36523218101862714	3.7127448738678743	3.63557513182382	-3.670193485256714	2.496598751833682	0.44066069200580543	1.356089984548422	-3.608418756567215	-0.9622400372248585	0.9491570925599163	2.4998623141232734	0.5218170243568361	-0.6243643675949471	-0.5254944219188025	1.7619620427423828	-1.7791368767093723	2.6380706519724826	-0.15369316735870914	5.212476267011944	-2.649719276731735	1.1065948134722716	-1.5657208252773018	4.323021133195653	-0.8873039839440037	-0.20764828226589907	-1.7855806505298626	-2.478218185728557	-5.906988498773427	3.0051624237503654	1.6581473647274847	1.5850218349754	0.6022358076583652	3.019668327407059	-1.5974176256433679	6.6417373684638035	1.7776601717101934	-4.938348679286656	-4.946067547983608	-0.48198589491075755	2.913751827326687	-7.7426335160478565	1.3170605107847475	-3.743107321221218	3.097525429081138	1.5133776471954463	-6.3762705327231	-0.3309699208657102	-1.5743889595765947	0.9412284284798305	-0.5428147386764852	-1.1966859226133413	-0.6551781826191662	0.050378711324486146	4.524262348715639	-2.0388282086079594	3.706655349255856	0.5789010256444815	2.709928745754377	0.8561733875791799	5.099310932773237	-4.291272768142774
DTXSID0057754	-3.9296254558061356	-1.1999980527124892	-2.9505476743852097	1.464924979110705	1.0103616037522587	-0.6743921131638528	-0.008081659374082902	-1.7365716325464757	-2.8178595494610645	-2.129430320193123	1.4200954157697288	-1.5737449692572316	2.917535078140706	-0.3673568471235865	1.502307956379688	-2.1588422919056645	0.22486158945150447	0.042940124643260004	-1.0851719190113875	1.4006530955591996	-0.7153224557604603	-0.064724358211769	-0.5288291731667606	0.5004840008387204	0.7272429919363512	-1.3786123585869379	-0.14852456821424592	0.6300391031312186	0.8507673580645857	-0.7046517251841108	0.9932486899400887	-1.0023059347939638	-0.3055800433063029	-1.260548280641685	-0.1515578695816065	0.15946878112243765	-0.7738755502785759	0.12440996730336817	-1.6440407479760488	-0.3526663030648276	1.4003412948250993	0.05993700444573597	1.960872099800967	0.5355481879555073	-0.5492513290984594	-0.22573569377033142	-0.898500085330651	0.7208257308313611	0.15600550549875075	0.335000286230145	0.46822596514603865	0.22463119520784292	0.3103753337562575	0.6372145167192871	-0.3843113332084231	0.03146217848061098	0.42218291303743954	0.8906268171650207	1.0178634308737442	-0.3179893036575447	0.18761622237925182	0.9847074828141279	-0.5619322434579714	-0.7543425617368287	0.033034901913391965	1.0239613159389676	0.35357219569903364	-0.34990929772370244	-0.17372009020702556	0.4013512624841182	-0.17465300973669187	0.057288962738910564	-0.2069997668969129	0.6000669011397496	-0.11399431174982882	0.2081309813155149	-1.0803111682631168	-0.24016188490614251	-0.36731326195792197	-0.5946076293013312	0.12026853529751311	-0.16233050929473986	0.43345585496351685	0.5624285718641073	-0.26653854681005285	-0.17432099845293908	-0.18676480018470534	0.14342190710375588	-0.11679865876343778	-0.40800067159782866	-0.503193009741665	-0.1317463291018481	-0.030548837855530166	-0.1208744427913955	-0.43734665045366966	0.15894965532153643	-1.0165823353584023	0.09682046673953543	-0.43629055397786687	-0.2964171848983062
DTXSID6045165	10.089302723812015	7.284421967022236	1.385392378241087	1.3976178063610993	-1.6673827290141159	-2.8932445329089553	0.38241643470833786	3.6454825241329116	3.9282837998964193	-1.1498881314351967	1.0038509181411432	0.6194459478491082	-0.9286366974963952	0.3601872503339754	4.769653879777945	1.2581716065287543	-3.2756600519560237	0.2604902015002008	-2.015673808955835	2.514184602628429	2.2633725582439808	-1.6090433811707767	2.497216509518469	1.342340596731145	-1.963692203437387	0.8200026041529946	-2.211037215145229	-2.126357616587114	-1.5760451848043058	-1.5372006919379437	-1.4500425966344632	-0.3566608919576866	-2.446824112735637	-0.2538171694014363	1.2022619036833626	-1.3977854335379623	1.0428046408028957	-0.3786794249053017	-0.9739901203387697	0.38068162145579587	0.1487852167531072	1.341298998810066	0.007185761329451113	0.5859794464078898	0.36505666387222774	-0.16119120097919848	0.1860096884666549	-0.41849850142159456	-0.25627635266027965	0.24074853677373684	0.10578006083451306	0.39022884995680096	0.11755676461804868	-0.18454479093209555	0.01209114279216258	-1.6119009760613832	-0.12660059573820717	1.1401029235601716	-0.7546938422507281	0.5530331190589419	0.5425344827429718	1.3048528709699763	-2.2209613985972783	1.101229714956602	0.054445796392116524	0.0936836037462833	0.8140997067496683	-0.4935861146546141	-0.0472210752814859	-1.6271778907558463	2.5153465635770154	0.9324021206557155	-0.414805326836508	-1.4503482881427894	0.8440721838965887	-0.5311772633442777	-0.5718662945983592	-1.584171949930997	-0.24139492054199554	1.2051099855248322	2.466230633362464	-0.1994721047814066	0.030746332226212328	0.8741829007912317	0.6101690218411117	0.6560756104280182	-1.1597555557011976	0.4274963090774786	-1.1017742635506458	0.520324937244725	-1.7423267463755088	0.9928981735976267	0.6059141257672168	-0.9954887376334163	0.19149893283452354	0.38707269019234775	0.6109435111800023	0.2746315219755653	-1.3972576548271054	0.22251867518363225
DTXSID0052124	-4.593711266769374	-4.151435553871969	-0.35501449369114135	0.4186736945352325	-1.6110980599138767	-0.5984183702202933	0.8294854989362341	0.7984311673888986	1.031294534960103	-0.5012866923126276	-0.7805775458501029	-0.125424869543214	-0.7900147881736499	0.48223357855121557	2.0967896002826327	0.07513928958731056	-0.677691648638549	0.27056221357737414	0.24043531016941094	0.4165193679212052	1.824201876019977	-0.4745098732092882	0.07194033400861029	-0.7636979004698874	1.0029553327883547	2.252972711018594	0.9835240676519216	3.4122046501946053	3.155835834932534	0.9653979673847252	1.0251339716396564	-0.014493881378744572	2.9756006950401885	1.3158241683652212	-3.4086839112159795	0.5562054449066393	-1.993754459744712	3.575506071243555	0.4374104828036059	2.750876349928268	-0.6122915474709538	-0.5249742938113854	-3.9061384462784225	-0.2379591239360728	1.6948954231287006	-0.3300363227047955	-5.1106917354696355	1.9637921237513623	-3.557556409425605	9.517221270040851	-1.5822848727710455	-1.1617612523119345	-0.7214143968138622	-4.406789856592156	-2.2901497986934976	3.2154402083691522	-4.813688692136321	-4.580953383880003	-1.084774386825619	-1.613235726151175	-2.763572965779481	4.014004424169886	-4.0274883094454985	-0.7910093578185559	-0.9073908135540324	4.106231152297882	0.3750784011691275	1.8071667843315993	0.3246499582505684	-0.2565321339381248	0.8346364036039686	-0.24345373829458253	1.579326739476178	-2.1809397986474957	-1.1863797020907767	-0.045868398620348284	0.08621670625882608	-0.06553140342141453	-2.160505249237084	-2.3534598842849643	2.047915528707753	1.5027459111728687	0.733917395371629	-1.4218222147523107	-0.11553802014869206	0.8036285395347883	-0.3744696733681562	-0.49761492689657655	0.5105318092833726	-0.06116539654462799	0.0762199007372745	-0.7365859411097899	0.020395916874020006	-0.020391860475119785	0.6725460839229942	0.30447786587126824	0.10168567284540181	-0.26205217859250274	-0.3445185996244909	-0.09914905203327004
DTXSID5045833	9.310298142887335	-11.078981304502642	-7.953765925257542	1.9944715382091875	-6.076879777529861	-1.7552840778124816	-2.7782812653753837	-0.8716048451850366	1.4852411675136683	0.025152350747093703	1.3625616915468484	0.6985786335947117	1.2716628711250184	-0.32618356799880216	-2.254858350928103	1.5675486249641304	0.310233961085789	1.449398481893497	-2.532861672372249	-1.8708417742882326	-0.3760049829060475	-1.239990153603038	-0.6642353251398703	-0.2085140165297353	-3.008497711689915	0.1775810084981249	-0.1498026096520968	0.2898215464223298	-0.005883299539669782	-0.5924230888063401	-0.4933314279146961	-0.2940042655549286	-0.3931660626087483	-0.3639100490719554	0.45576644970471036	0.015319508581096812	0.44021109731163083	0.9391696964637443	0.6137881470216133	-0.9397385833052325	0.4042389709464642	0.946076048374151	0.4414294048396753	0.8517191584768601	0.1686737896991406	0.4912939753988735	-0.06765435916688582	-0.3388990431558455	-0.16510653902961886	0.16741191590333027	0.13484103497365102	0.35879171795477693	-0.008635469702108288	0.0509388017020592	-0.7896177545031956	-0.3813799020431063	0.8318038769901618	-0.3141518238679155	-0.5467763743557135	1.069448481748012	-0.21320946674760952	0.4579218784286318	-0.26663215077076846	0.03102910793851283	-0.6337022800819633	0.55345101393311	1.1351325456984833	1.3627977713638195	-0.1685532964116061	-0.9607609194300147	-0.6422716827745606	0.5024862953497115	-0.4959776489905077	0.5939242424271929	-0.34768450233701065	-1.2193574758511727	-0.750854681633618	-0.07412867384605233	0.34093768998696805	-0.2484891280542507	-0.15737027596824352	0.018089527883499542	0.6019281307518258	-0.0808909827571327	-0.11458294555843747	0.12271049855218717	0.18643078943726177	0.1396351788079384	0.09950185211218959	0.24950621834625722	0.1422848913398342	0.25967573425124957	-0.8267291000740644	-0.021007641920869468	-0.6606620814650592	0.7084565915876371	0.2625072963311447	0.5389923500139984	0.15835275115916117	0.3998980635187369
DTXSID3029108	-6.083282027306487	-3.5402747314800234	-0.06164884314139308	-2.2218970640176465	-2.2525197401425894	-0.9895420901158437	-0.872369246230801	0.28715540110892396	0.893284529076452	0.4466144751354013	0.2768713716125767	0.01996195189993425	-0.969880247397201	-0.17533239304905818	1.9629989026879453	1.6063695542331724	-3.21920959297922	-0.34563011235062086	-0.18652347762362587	2.0690733969623314	0.6055618381426922	0.05917225549229828	-2.677101124899475	1.2892139652827566	-0.7949891823608624	-0.49469803836115733	-0.8615572470444797	1.601120283232521	-1.0053343773594954	-0.6455725135506422	-0.06608016974805983	1.2229346962813543	0.8032641952456547	1.5378788296550745	-0.30812450978333383	-0.11043986250938158	-0.9836788966819013	-0.5131841893949873	-0.36758053012228636	-0.10494689957273924	-1.0070706313258753	-0.376706021204638	0.2907996126324873	-0.7217627930461891	0.3450554609044012	-0.16604137198323946	-0.35891724471510766	-0.01856325186402859	-0.005091708044683632	-0.11173432405639222	-0.2648325748237689	-0.2601234849363669	0.10285993729197787	-0.643896266693657	-0.6876475223280957	0.8449267691372105	-0.2823328407344356	0.027157186265918613	-0.16996640767223684	-0.056133810987885085	-0.14111313813198517	-1.1020265154143267	1.2618992000305025	-0.03006342243548449	0.04985326815041935	0.18992077647755123	-0.49470595188935634	-0.4651556503990992	0.12814638540736897	0.2647743196889486	-1.3294790946436166	-0.7982498858636674	0.3450376789962726	2.309896061227235	-0.4819040960617418	0.3082379419062164	-0.013680099306549108	-0.043645763502436305	-1.290403152178056	-0.9897479113086587	-1.5549211973373047	-0.6742185662335473	0.1771808737900209	-1.4147433328923826	0.44260986979710926	-1.831886541390043	1.102891065738747	-0.05796984581264256	1.2315411069712507	-2.2291363292688735	0.06534156434476462	0.6550797838613107	-0.8406848080828191	-0.17702908187177335	-0.22723861962313935	-0.2329236482609655	0.14486214012354084	0.006861187676222373	-0.35252841984944855	-0.9158251011961227
DTXSID2045527	6.88237840066328	0.9233591112817301	-3.266698315424111	1.3962052944341772	2.6134039201156685	0.6861772446497083	3.221960911143519	0.7575635713005242	-1.7549238028909229	-1.6298077682362175	2.70692148978012	-1.244206933329943	0.475851058628744	1.1754632943985848	3.926393577868905	-0.3048540431192625	-1.495399993801375	0.968823215437888	-2.2223319894963978	0.9757364362111377	-1.2504102175301088	0.3416855653083677	1.1980016719213757	-0.43896983476629753	2.0131025764643233	-0.036435612444000794	2.934143273005855	0.27880950886447964	0.9414536953308792	-1.8026297043288173	0.9598296356442982	-0.9541437407781242	1.198047804206488	-5.343721541184912	-2.419521860138885	0.708004289508156	-1.1721297297482325	0.9022119892708775	2.676955047517949	-1.4833444141797552	0.9743657218565702	-2.925868215344987	2.821430919241815	1.9815893568110319	-1.3943698390919517	-1.9824778123381546	-0.5439468456290727	-0.09952689356226138	0.4579657975068402	-0.8651678722119607	0.5728117261444952	-1.5419425371965187	0.8164287932516161	0.6755124356695954	-2.046779614073881	2.590246374459089	-1.2271834370801606	1.83801812201368	2.4947779341898046	-0.9822906273019444	6.87656708494793	2.1303332855260146	3.666979542970058	-0.21932942363285987	-2.024619301042016	1.050244866689169	-1.3980927194903146	4.3467175862370855	-1.3433385438976986	3.3825522177167904	2.761656304302302	-1.1547145562337087	1.8147986572191128	0.5817755747014962	-0.6060280211196978	2.1897289687249493	-0.46407042390605013	-1.5491753706683857	-0.5662045742506993	-1.1992133277152455	-1.2392447082227496	0.7289112255042042	-1.5863657983791803	0.9163336579618833	0.7849993565516076	-0.22020817570938503	-0.6584085130018142	-0.4375802606047838	-1.1389659759667186	1.0193521233061777	1.7470052466755033	0.9913023624349441	-0.6513588549668181	0.42135173666615905	-0.4195530457025045	2.03959400289418	1.7908860218325213	1.0067503075922144	-0.1563200288739436	-0.2167211251982968
DTXSID3044128	8.202153071610299	-1.6094237818077253	7.406980507545819	5.8991144893200405	0.6716084434974365	2.1937114495781223	6.552072739669752	-2.7756593062003696	-0.882846040974408	2.1926601719393135	0.5508359413963939	-1.2802366455182919	1.4645745399900723	-2.7479271090174544	0.40077167243699213	0.5663643189972346	-1.3307150405943768	1.2514627588044374	4.0751285809624225	-2.179708142000847	1.8490681999957914	1.1032647307972039	-2.3967316146441924	0.8236932475227914	-0.7747721743785453	-0.0062042682997858565	-1.6027658933753288	0.4367910211420509	-0.3119513181913588	-0.3885729543922307	-0.15411133522572176	-0.449682751798761	-0.5995960691277438	-0.026729276858396645	-0.6803630472309644	0.6637147713520201	-1.2762420212068923	-0.25387328924267366	0.22102807469618288	0.7282750589819523	0.6118920199796294	0.28749117349203007	0.26093825257475967	0.4106647639466862	-0.30778531987206004	-0.6482267697806761	-0.35296934845935424	-0.06340689827449389	0.3143060147093727	-0.2993474397628402	-0.209338826934722	-0.4841992242243752	-0.34032699770143965	-0.2518297676493424	-0.42404436944475227	-0.5943966468455778	0.15899431569434816	-0.2675108511398517	0.4203902268041297	-0.1858282736806593	-0.05678791381719222	-0.2296883876548483	-0.12545763068043375	-1.6675749123207633	0.6514505856004357	-0.4380119828565394	-0.680574106553578	0.7361163105280987	-0.44264318369405115	-1.707109807718272	-0.3478623511769531	0.2818572520644215	-0.9614873900198482	0.745194736502264	-0.7973008721749016	0.03189294535293634	0.6739782300746421	0.6865108537843186	0.3793085942972852	-0.10992453161029785	0.38519405379221755	-0.2363215175206414	0.09765606732280199	0.10932737719236497	0.1715684741966419	0.6814492317253027	-0.6791890758574645	-0.3199609801367212	0.8460639402418167	-0.13802606406630957	-0.08553355900255967	-1.604487675437444	-0.4030682014025293	0.12403688725523912	0.20714891976857983	-0.9487791315783322	-0.2811101686827811	-0.4708936787186148	-0.046828973576130195	0.5365974250914475
DTXSID9046287	0.05953012676793195	4.1546815196850275	-3.123788447090075	0.9135192171402174	0.26084562103087044	0.025132784334599267	-0.6780120471540839	-1.0047366748328295	1.793582865967712	3.389732002890565	0.18055323734495915	-0.476498500526793	-1.539291799845114	1.3958234031906542	-1.3452463064872626	-1.5384619527214922	1.5371675588442575	1.3218337275942071	-0.5601946151808351	0.10620676070801513	2.845458398716542	-0.17906640216280728	-0.722374212791889	0.6664335666636497	1.3533278658277774	0.3714926421946965	0.8051863357379425	0.5327916289996517	-0.2020112070912651	0.5236438740372688	0.5809914421541001	-0.46931433756511715	-0.02548599478101288	-0.8788902453856666	-0.49538555653132454	0.360385275756549	-0.74893247048352	-0.2184034260722056	-0.4683279801970938	0.36395400997407845	0.5910012834047387	0.5438460031702029	0.30123040001013024	0.24160624141335488	0.26963247604345497	-0.2977994087852568	0.09435673389037558	0.0625818396497533	-0.36781354610916916	-0.4434384687972301	-0.37851188868913027	-0.6715498497115525	0.2020180930542692	0.04399087550470706	-1.0304613575836856	-0.529066282300062	-0.3104946967010871	-0.6706635715505039	-0.46837402824332103	-0.8910816785330136	-0.7898314549351222	-1.1930504901085113	1.1961364930459886	0.7681335223342417	0.11982551343335827	-1.1488399492741708	-0.2460664653214959	0.2939087603734289	-0.7514549517317041	-0.7077450411442537	-0.3247519305800849	0.6235882643155144	0.17455520778482547	-1.5822011573173937	0.5864482452579707	-0.5482577246707373	0.7302339876971259	0.6063407884831729	0.07466262912155587	0.3462109226450052	-0.9943288778840099	-0.45402805489660963	-0.6099462102566239	-0.17964022803377186	0.10379827418493612	-0.08437559079915508	0.128079932564932	-0.4841893015107476	-0.2461884511293555	0.03687227945290403	0.09266656587793526	0.2398547945054037	0.1979496970827599	-0.37964439165407754	-0.8601029233098048	0.19973316274703423	0.4540411825509698	0.057363997561251066	0.052156518891741194	-0.04681134570163308
DTXSID3023269	0.471704496665879	-0.33989278161656583	-0.5456149093114863	2.299836304443814	0.4633116926231074	-1.1400315263436167	-0.48182731914319066	0.9553996999690973	1.8572901940400286	-1.7044838227711583	-2.186480344179887	-0.8895346549413831	0.2295646754593526	1.741442278995383	1.4674556340762483	-0.33981679804607495	1.4827260256599948	0.052103676219511376	1.9501268817359987	-1.709168162523856	0.21305449290417952	-0.2897190740796667	0.4454627156316013	0.7677345293182133	1.904347269815307	-3.4949249429599356	1.1893857336351799	1.4204910947408271	-0.42048728649865896	3.889070792188107	-4.023126979302736	1.3878959520570031	-0.804842455626243	-0.4647661094712243	1.5316086227526682	1.676857110365613	-0.056237014985299864	1.6075449551081493	-0.5882111758566954	-2.7919459724863924	2.2536045266842613	-1.691908807818676	-1.426588852415639	-1.8753859628995908	3.888247166426644	1.6896086114834004	0.025280355874635205	-2.5756668330961694	6.706025855196764	1.2422939127653052	1.3269439643577146	0.20709664702830652	-3.9644310666830824	0.9402000743598525	-2.2867572111799532	1.2883618027374322	2.7467198528245698	-2.2811527672781517	-2.537244500159159	-2.4279556844170673	2.489481894248571	0.9497583660848604	-0.8731198636621497	-0.4412079043952638	0.09187545019120419	2.6143043678616302	-0.8576445520268339	0.1609817947681032	0.8132332312099797	-0.939812048029292	1.659527768768694	-2.526504637109214	-3.4883951348351823	-0.4102107021215201	2.3675095992328097	4.23626080072115	-0.7936735600963057	-0.723890702898546	-0.5129939493743363	1.795946939385463	0.013027443461555807	0.5973570209254592	0.07688213741256883	-1.4161946986920981	-0.3340250056482108	-0.5354232128414451	-0.534021237640026	0.19933048482601792	1.1543737162315943	-0.5612041923731149	-0.5228117151628889	-0.02500341134777148	-0.006177821278139608	-0.37343670145118724	-0.695179520727265	0.18278164778950448	0.7976904725383445	0.4646410772672626	0.5321656952379462	0.023351455730054642
DTXSID5046728	23.772306894633083	2.9979720572613995	2.8321019452373095	1.0505884566931676	5.772800701764911	-3.601409484405978	-1.815963497323655	3.499751441520878	-0.4162079613898963	0.7119787608354434	4.0633999825901785	-2.358372187123675	0.04946153611171376	-2.550417198602282	7.80129743665738	-1.225684498145432	-3.123858498657248	-1.4791545132686834	0.03322846116680755	4.647086387451525	0.880754616640149	0.42956435888408634	0.9775633145361277	1.531343797180367	-0.09163504258972259	1.2855817839692252	-2.039506963056799	-1.726398306716103	-2.971147678725899	-0.38713311616941126	-0.7220188596083958	-0.5138639433493002	-3.2174585482691223	0.0968334031114792	3.277136801448375	-0.7891507307596104	1.586966585306828	-1.1204945515874183	0.8499018593833996	0.9662872473683427	-0.530653501852163	0.4312257534441532	-2.0565594677433596	2.1596179713773123	0.4776686495435441	-0.601966819501035	1.076642962601944	-1.2266515164283258	0.15477581631456225	0.9261996412472707	0.589866198474604	0.4540033349975606	0.2777219992702594	-0.8097890407846936	0.11267503370785217	-2.1291312427070705	-1.673376564090161	-1.0696831921495171	0.3376324432461887	-0.1069964817861845	-0.3371073145740238	0.714247379738788	-1.3962169392782933	0.6769787757868824	0.7418084505829143	-0.7831539422628121	-1.5178741556262443	0.4997033032904904	-1.1846862840861656	-0.7727421055778965	-0.2731389665877687	-0.7526530227735461	0.09565990845672118	1.5012634342532218	1.3638081089938308	0.43790964987044895	-1.5559930027178295	-0.10299178516914424	4.368551259678758	0.8549874734796806	2.0948524054742443	0.15148073117157662	2.2718539091301717	-1.0799149080646868	-3.6723648722832567	7.127032061219458	-3.13256531732946	0.36656700426614713	-3.6476117406501922	1.5569577101700058	-3.7406778563076126	2.9132758706670274	0.046222958551174594	-1.630029158625511	0.34005572217762814	0.2571474080844149	0.8607865920947583	0.6611575498842187	-1.219811395880266	-0.9706322054425165
DTXSID6047608	-1.7328592488213552	1.2569878781529067	1.4010899098581533	0.5150974997648785	0.19656663733100121	-0.8923920746036881	-1.4616799103334979	-0.24595970099366501	0.5305935856858774	-1.6539546676303232	0.20294362727106138	-0.12764644793454527	-1.114342665173005	0.9625554730259249	-0.4884533495021375	0.33277970217343444	0.7494276294962042	-0.21961438409448744	0.1759339329773536	-1.0127313613424653	-0.03452673418717281	-0.42458183538444516	0.9919791269091084	0.28144789078140336	-0.12747194611137722	0.5647794366731752	-0.5820557667527083	-0.2059644650323361	-0.20834298686056155	-0.47909957673949216	-1.0977378589813416	-0.14587935202249147	-0.9460412485876816	-0.131564791105411	0.4137842533469251	-0.2627175177498015	0.3479290581606766	0.370300848476181	-0.1687208426205285	0.4635890510188723	-0.3642315746087924	0.32844166486336274	0.03604708875282962	0.06060217984631568	-0.4228568151262807	-0.35720892365600393	-0.13259421849612432	-0.8139316687071759	-0.01155471795293945	0.04553326075469502	0.23541592507429696	0.010184230510053198	0.2612421412326958	-0.45226939407600203	-0.3294501414139605	-0.2629968919772318	-0.0083513324976616	-0.091227326177634	0.4145618757872848	-0.13613534479288783	0.4140896309232163	0.365489673473951	-0.11985640096752573	0.3646390425326209	0.32182681348740483	0.12252324267661761	0.2412259120276168	-0.9121504485407331	0.9068071718945646	0.4281605566860963	0.2980602086660576	-0.5695285983046396	0.6083708986434587	0.6973422713930202	-0.5725657779851137	0.06724067695006233	-0.011601261816958858	0.8723437865557238	0.03800358869075499	-0.2301339909222966	0.5303712386175226	0.29652874747283703	-0.24646827048305384	-0.018083043923299454	-0.10890437004228795	0.2037005120387261	-0.3212746095107251	-0.811649858531173	-0.44388904942691004	-0.02350400289350616	0.2268702269303108	-0.11997589565351123	0.6006986823145944	0.2634099145693525	0.06078917646193317	-0.1333868235619525	0.6689414041245242	0.6286656172724556	0.0825113740468378	-0.3823646159198632
DTXSID8020179	-3.404960907881815	-4.441277345800864	-0.7756255848857381	-0.4435171632249755	-1.7541501167621278	-1.2414196119769207	-0.5895291651457217	0.31943696641752556	-0.08857119358817042	1.2364793092643247	-0.2947581939081207	-0.17265151399932963	0.5524950541026249	0.1934670714613095	0.15866732129189112	1.4902466224028486	-0.3131212277066585	1.1125803651216453	0.0605105345736608	-0.8132136542584515	0.3749559129069019	-0.2862735898329005	-0.7244723021160314	-0.5093922959155944	-0.4413316521168721	0.14979422634111525	0.4970263820361858	0.006189729856259002	0.8987838735336712	-1.0922766875969787	0.6037384204994846	0.47400825717376305	-0.48287145812511256	-0.3754987907445808	-0.14916431940495714	0.4806629176794223	-0.09959691078344744	0.9591190023620164	-0.8230083498508146	-1.130650948965929	0.5164990081311857	0.12159703572946892	-0.1360796723756471	0.30890709491075247	0.06150985629377868	0.8853569935520658	0.3132127804557974	-0.3047063490152113	0.031225600140794816	-0.18120505368685036	-0.1346194006198099	-0.1908292609802007	-0.15545187839834784	0.06093162517411542	-0.3618907632215671	-0.37829311819544353	-0.35767220454779053	0.3179286907560908	-0.755409150646579	0.3601748664793724	-0.7216986763183116	-0.1911387521098602	0.6195998804694264	-0.32789618773129425	-1.1427977667005684	-0.5608184858048548	-0.5451729309547606	0.5933496887139084	-0.45355853533788026	0.3904088204672523	-0.07450684158178296	-0.26083217689474947	1.0747142909895646	-0.26472130230465946	1.083845934557007	0.1882304877812122	-0.5628322063118634	-0.6947353749477684	-0.392020627142785	0.3300995136253102	-0.2401265075134398	0.3504314887742438	0.16523359436891819	-0.04426073039960697	0.10373576737497031	0.2948252702795575	0.80152263743538	-0.27005912661714354	-0.07395581267370635	0.02780795306401294	0.47802435827526657	0.2079610770146802	-0.04161542619270579	-0.8041440224105939	-0.07132761464290292	-0.14528197777546442	-0.29665798284065714	-0.25866151264567644	0.2553822340188728	0.03842576387542074
DTXSID1022009	-1.65132219417187	-1.2100252505590363	4.14767128460845	-3.8525144554997963	-1.4536124046712597	-3.1407484372047993	0.8680124567441315	-0.4892458461270153	1.2540349936145545	1.363963115375187	0.3101252044144587	0.08884231344320237	1.8068943450667219	-1.7928117497077842	-1.4840213912164595	0.11602424375424959	-0.4551887515245914	-0.17630430826596263	0.07357727795988052	0.4691891350866817	0.37434059338693326	0.4609925958759535	-0.7153224331247691	-0.24274374155348238	-0.17722508553446564	-0.14272083211979816	0.9571461347927319	0.4022409232845336	0.5266970645922915	0.5513838270169019	0.6272156107436406	-0.8185252161412867	0.15231797012177878	-0.26969838652792516	-0.13620066314290744	0.6971223021075278	-0.6306148014307399	0.010394068205916126	-0.08851388496760326	0.01908084010717072	0.4360016926833218	0.18526989376866954	-0.25124031789958695	-0.27204927259242734	0.11173199564478074	0.3219824851508813	0.08427364063853057	-0.20999662046812248	0.1685379968263368	-0.3249876660629429	-0.022933453015737296	-0.177268832578169	-0.032705915949263344	0.273102308836158	0.04262597736007589	-0.02387027541195426	-0.1028212206415861	0.2472426622551242	-0.007918721412248942	0.046320498448339575	-0.036931559804455096	-0.1973232935259553	-0.23076713626163997	-0.005173715834074575	-0.06398960280502403	0.2670615019434561	-0.521915922220929	0.3797047880661455	0.04974677012340851	0.10457690689007408	0.6473612233666477	0.10537131988093268	0.24184637450233823	0.18367295515613805	-0.054044658341893016	0.44692072170534874	0.2646066554998609	0.5472603366697679	0.3794763056435869	-0.324765004301152	0.16808935772059555	0.40191537251966275	-0.1462098483929622	0.29404037716749787	0.15433284487646518	0.21990078801544424	-0.14980071107898868	-0.865601148482854	0.18287604553722045	0.1478097200615356	0.32201795232423974	-0.6596841011931672	0.23927595255846923	-0.05514743919420963	0.5304946491450915	0.31227772788231223	-0.015705587509418233	-0.18047743697560445	0.9542735011036996	-0.17930267298966884
DTXSID1045033	13.503261967556867	-1.254293094366183	-2.614781698744483	5.484860052672076	5.127143283621179	-0.22328018298471736	-4.1617900153381235	-0.8173177237423094	-2.0117500662909293	1.4573601330341792	-3.064710610958316	-0.06213570735175904	3.377442191913037	2.8744391652792793	-1.1117806987027834	1.706505242301584	-5.486390983394745	0.5999232331061003	-4.725487016984599	1.4959772777096798	-0.856750750850942	0.160055384537422	1.3136194871843831	-0.6484953594796136	-2.637228156673473	1.2384091777737123	1.050699247390341	-0.6038091209322836	-1.7247494043678018	-0.480032032811791	0.46853135254053263	0.899498092596088	-0.8726528108604046	3.600063813782666	0.7819355619411149	-2.351180805183091	-4.251268408253459	-0.4086760328298046	0.8036244073734405	-0.13738105272848727	2.2246188757618954	-0.4556372947685556	-1.340209917583967	-1.105410572014411	-0.1685231808223641	0.1316417148379805	-0.8018730395077018	1.812381895966027	-0.355017741959221	0.7855447085673617	0.22065867467952946	0.8078661417253424	0.5593342172084805	1.137980214627885	0.6532961869877035	0.6940781488943706	1.4391026481250477	2.684456253835141	-0.14741983659800265	-1.0321789841142046	0.04726080780648533	0.2698444205907086	-0.4205745213476033	-0.4721521961735341	-0.43921632241679526	1.0371135570338068	-0.6227113613555404	-1.351238952617709	-0.9458546418685713	-1.7420528076385629	-1.7504678615961713	2.4011270238850044	-1.526962806053619	-1.69536153890705	1.1861142826412596	-1.1151980389642755	0.30875401135297903	-0.44253859888519154	-0.2933360633275922	0.8566207919072254	-1.0686339607885214	1.3471028908643254	-0.7381709871709127	-1.1570797968947484	1.4969747452331563	-0.38438354102446143	1.4122472160434785	-1.7574470037467056	-0.6486526963511688	-0.18909473342117405	-0.4705293114577176	-1.1563029672851581	-1.006088893824027	-0.2834679222727331	-0.8650360796411928	-0.06365697662064357	-0.07797989485374432	0.3781577001342695	-0.4231567539641691	-0.021974965005092852
DTXSID9045348	7.185378696215779	8.113770470522251	1.8769876379591368	0.09793563604606642	-3.240637202601835	-0.1326396474683273	1.7334312194835286	3.622033972218741	1.500189351938462	0.04907200240447098	1.5738346701380614	1.035594691145707	-1.167113869398632	-2.023015738841968	3.105475807722443	1.1317285400469679	-2.028078653549851	-0.36161644171540197	-1.0663527174334162	-0.7118669056703686	-1.7247051096499602	1.1224152807110448	2.7650555533962944	-1.8356708170456175	1.941703021563409	1.7961698731843871	2.2021887519617604	-0.633739514906567	0.1729833605212148	-2.8076586422797662	-0.9345979645531703	1.0709399438143405	1.8312179827490505	-3.6881443331597463	-0.5858007008733078	-0.5462579791707157	0.1969691321057316	-0.6053171778732549	4.629216278397718	-0.6137220690071535	1.0248930805888592	-2.2289197923077397	0.017153069452401797	0.6041411917654372	-1.6268585256382817	-1.9467288910216367	-1.397174811524787	0.10540386914579154	-0.5618045887228065	-0.7214661812056372	-0.009414115052262443	-1.3995121154249135	0.25951703807842424	0.4821467267796585	-1.6043901936034837	2.8433830639093904	1.0367418572560088	2.137592871444255	-0.2450833778909758	-1.8157815420803396	4.41223787134613	0.6560756671532268	4.030435950716761	-1.3533231159313688	-2.408323369675166	0.5533907875331371	0.5701000340692589	3.607239879376493	-0.9622305317134561	-1.5361537233744564	-0.439216144821965	-2.516707735148874	1.6147681277081365	-0.7058862421431183	-1.8710548191238927	1.1489046069041697	0.5414768602365098	-0.45519654895585276	0.8824453380962147	-0.011912045560211016	0.6834521120197345	0.827756217559711	-0.8110761522845983	0.45674612774289813	0.13386245063956304	-0.4140488953912211	-0.4554852699300688	0.5679685124188902	-0.20627748678894048	0.483824548500458	-0.44487665334866533	0.3956173892862375	0.4286158322085905	-1.775078832170852	-0.10797597115224185	-0.706696427728112	0.3755924293057178	0.15757116603496485	-1.1348973358502614	-0.4409761382411146
DTXSID9041528	-5.715944692714793	-0.36105043103905005	-1.1517599587971146	1.940165280780664	0.06542422920489137	0.04568339202820439	1.9655248635770144	-1.1862641734975121	-1.1127533059741175	-1.289690587830523	0.44456847735538396	1.3584837922783726	1.0029833021980386	0.8374135415599657	0.6214730695570134	3.2733147736903967	2.7002770181188027	-2.3853909328106404	0.2711289897418586	2.894568534355408	-1.985707236861142	-1.5027689262877595	-1.0730923307014382	-0.3587729504392185	0.38488887040442815	-0.6498688514563429	-1.484748391504208	-0.32199276471677274	-0.15676718142232363	-0.17483500596440735	2.4287590325669988	-0.4961761773415414	-0.23311995374466213	-0.40940709488357546	-0.04008243219790459	-1.0648806873485528	-0.5421507726288218	0.9551376515623555	-1.2430751127452915	0.8237185318742116	1.2092940471422484	-0.5811240929381443	-0.12074738288800274	1.160262050014955	-0.08449450466977207	-1.242273022878672	-0.36000468195534313	-0.31111627611902765	0.5709070303445034	0.033571674212871265	0.19421061326189465	-0.7677280829413826	-0.8104558911483648	-0.1894265114892108	-1.117042915494703	0.00014275656341876454	0.5690590058057009	-0.12258086032062179	0.9638832026783789	-0.7798757546243456	-0.12994362406464283	-1.2584487362530357	-0.29929603705947116	0.38848096204354216	-0.601485564947067	-0.7104753271026886	-0.22393275438588486	0.7659275079490375	-0.09857309018670438	0.0631696006149013	-1.0298075116955259	-0.05610690107947411	-1.0831211793055593	-0.7047042523563264	-0.19668848106341255	-0.34193131867751564	0.5161111417272639	-0.5534929745730875	-0.3883131577471758	-0.26343847116118346	-0.07085804656394738	-0.4793199366996535	-0.16929162193462616	0.3634267086216531	0.41285872266640733	0.22346177101403433	-0.027066575554194793	0.26582767244673516	-0.007793758656481974	-0.11175489700645425	-0.07432932590975773	-0.22320128654016005	-0.06138911902611969	-0.4257020660839892	0.08798192972082472	-0.16113566820506559	-0.23924100342688967	-0.12030083459866957	0.31123736588598794	0.011012812129281456
DTXSID4044533	-2.516353680374234	5.021279955758102	0.5017226031919308	0.09845372688875971	-3.1230146711905746	2.142099071766155	-1.6341038367372471	1.8259471053488856	0.7045601268114212	-0.4514436285565849	1.1446379541035379	-0.07100095732100334	-0.04229902906733456	-1.0540776337445739	-0.8407520989805436	0.8694825398377886	-0.525964969454604	-0.05624100698960074	-0.06620092932431712	0.047787121639796336	-0.2833075740157326	-0.15626059466698503	-1.087077462683137	-0.03309266440152168	0.1922341075719133	0.25929688980565574	-0.3257174652827771	-0.8142311456131204	0.22395430017487378	-0.4609962621747617	-0.10353531926279534	-0.4088326574281823	-1.082739071113782	-0.29484487777626833	0.7488782037010792	-0.9677183618566864	0.6274676915429218	0.21945971946050846	0.7064161088745144	0.37112533834272143	-0.44128439538004655	-0.11680477634249885	0.1530313296977478	-0.19275845171932315	0.31656172834081353	0.186027496264731	-0.5711890374339148	-0.09164967295362487	0.04354231277892382	0.29953006852093644	0.2500750937652142	0.116427755892588	0.01165671321425254	-0.26524450429459234	0.23645397887006173	-0.6720296308734538	0.3574850376057779	-0.5206036535847288	0.8525874476401284	0.23163924773023015	0.32925128151937033	0.12480903105523782	-0.6825252631593479	0.22661884107813307	0.36340021625498514	0.6628154924067634	0.28927000902879846	-0.24405991506103863	0.3048646250854785	0.44812142199815497	1.13551570343477	-0.8020274693366292	0.6902423672935882	0.6001475130025329	0.759018607744638	0.07061767332419276	0.639320297800281	-0.762270279623078	0.2902020189574269	0.36525686204272123	-0.09769628232939832	0.23945422790907428	0.9864594054273523	-0.31552842999717906	-0.7025398409646836	0.10463591966217833	0.19962868287511396	-0.3566523301311033	-0.5131905769917411	-0.41673413793050484	0.30590923282506755	0.019199768883694485	0.3086602337012625	0.2517836009234668	-0.5714264563656812	-0.24970735456734527	-0.3786878433620946	0.4066436034854634	-0.82663123244057	-0.4681113626343553
DTXSID4021397	6.344583598068395	1.938020343746916	4.008401001777567	1.025753166530217	4.882913835537042	-0.9836997465972384	-3.3750103324973946	0.5765982321381296	-2.320552640761288	-0.9436523091028809	3.6420331830943455	-1.1043007467478116	0.1434169099021724	1.5686311855739254	-1.410790385961192	1.4548579245251951	-1.2992804281975512	0.7288503682499187	-2.5069823538966856	1.5644689777263852	0.1078528590138617	-0.15425914382332775	2.207560584018649	-1.0732845290978894	1.4313465572825341	2.1876512091998177	2.4988749740434613	-2.5750155210407564	-0.2447171501583964	1.0336049357060126	1.0566507421778626	1.4215235999099618	-0.011390683577133402	0.925696761250469	0.3539111867887132	-0.22115788890835728	1.7707012640749868	0.017400982823616885	-0.7138650750304469	-0.3001582026545094	0.5217313420162348	-0.7995563917257967	-0.4935799765086682	-1.3998535357908355	0.05492990972439281	-0.26144531853474584	-0.15470251505152804	0.5806437512229569	-0.48395334338158214	0.3628062650765226	-0.12128439449518326	0.14842478730319558	0.011990816106720049	-0.0867007063700686	0.8960576292551987	-0.37641099121534466	1.1268682466777338	-0.4682218956086907	-0.2902575389195581	-0.04170209080123224	-0.8190601112270719	-0.7399986179338974	-0.4056510883127169	0.2097850199044017	-0.6106069296929457	0.32851509513571603	1.0137933739164575	-0.874314826360041	-0.06579854374505131	-0.27319138379809327	-0.972106495918148	-1.1981327037652931	0.8912507793011949	-0.32670871564846504	2.347133436578056	0.19893109879130308	-0.10666255902121528	-0.6773925218146521	-0.20772080717812166	0.12550513572872482	-0.259400739986906	0.22157172552701745	-0.1735977636298777	-0.0384700408990248	0.4823034487294997	-0.23761629037371196	0.19886950378758328	0.331351650902359	0.23185309437515575	0.09977672616488298	0.3484742323345672	0.8228171348444889	-0.6016827267129273	-0.47352681761359816	-0.15613506208385447	0.01850166302011965	-0.10103283042211388	-0.4639843105426204	-0.37217646280264827	0.6046681513421077
DTXSID2024953	-2.057951870847586	-2.3810977667698534	2.3125209594574097	-2.1725219765163852	-1.744946012352423	-2.374389511222697	0.6925558329093126	-0.08602626100168079	0.5783374102951525	0.8762665760247951	0.08569181620243403	0.38405666012651035	0.9084475763371701	0.014917204299318214	0.3440641038727865	0.5098902170203197	-0.8234309899822235	0.8146029012864818	-0.556709863992148	-0.36566535079821816	-0.13128423191856078	-0.08456935846709739	-0.7904368844192875	-0.4093529605898422	-0.16740425391883043	0.19907393831538395	0.15284101960138813	0.2741233695020412	0.296145900833038	-0.3267889426233412	0.44230498758695874	-0.09785420355222728	-0.13911263278161617	-0.48169675733070316	-0.3073811537606512	0.5232416693255639	-0.14841032791345352	0.27796897173752744	0.13008458941182144	-0.08770750036318868	0.25869524173520697	-0.12380189249921304	-0.19175684444830768	-0.33524130026841537	0.22329947257077143	0.2802889336681888	-0.17685377462022397	0.17967333630258214	0.24275575700695057	-0.08874676024347519	-0.08190376062782363	0.02555108644027128	0.07153401795343385	-0.028095267588670394	0.1205903197199504	-0.24877305964505972	0.015454793886720745	0.1500262759893839	0.13716887905422676	0.3714685434168214	-0.18801737095101187	-0.09822863374947646	-0.12303316106444781	0.11077207543495039	-0.4063047222630665	-0.06790051906504493	0.4475307580835034	0.10618491446923707	-0.04905288438171864	0.23114757252585705	0.42900235340721454	0.05665501588130432	-0.17132191762226917	-0.07935845132855053	-0.0571010540935856	0.4504744208306012	0.22409137441540494	0.5063077329940371	0.39266221543788243	0.20220588661634484	-0.49347409668246744	0.3729410556943827	-0.24369726707752357	-0.10045478038492384	0.06017979365114628	0.26615481938811153	0.30126491337692557	0.1756138550949074	0.08238612763562417	-0.256023316209113	-0.23462830378915778	-0.09576729433234349	0.4458775231919779	0.5043751679312777	0.368779271998853	-0.0543598380984838	-0.006981811562668621	-0.31868064544408836	0.6036453069961824	0.2961354345443118
DTXSID5047033	76.41871209331083	-46.62131658798501	-35.04026899752209	27.464852859888516	-38.22718188180725	0.5065566828353871	-6.320914384600661	5.7191282672296415	24.9843694917153	-15.446157561408791	8.350293446933993	4.619001531956022	-0.27732968119800605	-11.37398456541676	-6.632672980197788	-5.383028268420987	4.438879484052302	-6.22976368473816	-0.6580388765005717	6.073922358768693	-2.0395731986873975	4.078527770066901	7.830461409896051	-0.8688403117739795	10.065489973505697	1.375465664188484	3.270351492410817	-4.602713875931181	-0.6524219945652395	6.7184086291703435	3.4698963639686142	-1.6729544608401556	4.60893798081742	-2.114880430719892	1.0027045794772051	3.4729348018272406	0.11917902890693406	-6.648446798388539	-2.6637193032494624	6.061844429480436	3.017681022888754	-0.7558373608086402	-5.240157087192813	-4.312815957605734	0.7568316160512945	-3.3164349900632817	0.5942133698803568	3.3109786597818758	1.2666303856250067	2.0497359833568196	-0.2775090680964942	-2.7549742210509485	1.0591679964582619	-1.7388408361048082	3.9291301449310327	-0.7777957940118803	-3.7865264042544036	0.8077763121685503	2.1885723402067807	-2.8275579507666455	2.146720753578874	0.6181498370778764	0.6165143433804074	-0.9770340978254098	0.753987271672471	-6.084657150630526	-1.178818736202451	-6.471556505606498	1.5921930823844734	3.487921567413327	2.1946155487423193	-0.12973468125992685	-3.19135533385302	2.5751615128278993	0.527431166650894	3.388870292244228	1.3563446984610652	-0.5432604354342452	-1.7417586945638162	0.5794907215601142	-2.222484652785117	0.25392191587497714	-1.4930790779890486	0.20180957123066454	-0.4323929569375484	0.5946691404731579	0.6447520297264399	-0.048601038115544025	-1.2246258185095402	-1.5606755707189017	1.04981200076128	1.905102804449944	0.23504428485162462	-0.21304890806964186	1.2543509340594141	-0.9865821276171276	-0.5060120013224276	-0.3999613486638245	-0.4928993824204886	-0.23330894573806424
DTXSID8041379	0.3916856159450899	1.6673849543316	1.7460918940374908	-0.2616138612122466	-3.2229267368224312	-0.8823457605290114	-2.511201798362469	-2.4937088989458815	-0.7352242370858045	-0.8298113976169622	-4.41280381559111	-0.3176709966030323	4.40237868675237	1.0637353464856574	1.2804721099661416	-0.2650995528910791	-1.7787241918409933	0.8382503787244112	0.21293703502648384	-0.11343902493601005	0.17247133816942956	0.36422211176111874	-1.1185995093232017	-0.8351635493522156	1.53738304139538	-0.4932704976150425	0.4092821427173867	-0.6915524128825035	-0.3077830766084697	0.38368591526854817	-0.6253801979711061	-0.3171405889716128	1.3130109283725233	1.1857458659265787	-0.2084091873749864	0.0011844063989479322	-0.6096354466171781	-0.6641645810075445	-0.05704613204946643	-0.4454726090338718	0.23728598119325642	0.08592028662490703	-0.28306737827427	-0.4736751504094887	-0.6217531641750541	-0.13778428315831512	-0.9243890252466649	-0.41935051737477014	-0.13083488570078203	-0.48436250338096215	0.023978173943556946	-0.5936380405498216	-0.04892783761082682	0.34120968140414715	0.6995656695348489	-0.25396767367859874	0.6548131556124718	0.5529538046404118	0.5952553271723523	0.02707458477778345	-0.4638697487250091	0.8816549027393992	-0.32171093948609647	-0.5477061688724625	-0.1432663492094408	-0.15679652171454425	-0.10125327039262787	0.03817992768282056	0.8919523280366413	0.1099883771689214	-0.012252297573262846	-0.9853544085119255	1.148323228954552	-0.19449133492224194	-0.21599142746915845	0.28795515538039973	1.0296469848223637	-0.13826082696615508	0.24000432610667335	-0.6589642657940972	-0.4369832002197983	-1.5234838874992667	0.3841355123807063	0.29757579525410777	0.36807462571162736	0.39877003604768047	-0.31981060699143893	0.42007303005710733	-0.6133192627215203	-0.23204496348636905	0.0687679985250071	0.3502490905450058	0.9507626112658983	1.033739341397282	-0.9590648865928282	-0.009218582350507964	0.25091738873508135	-0.0605320354812319	-0.06793763883722716	0.6846748290983007
DTXSID3040770	1.7229206502483858	5.781473891962195	0.32693596590165935	1.545943454182	-3.9418531767531806	-0.05316098357931295	-5.118813645653061	-5.066219165006478	-1.3354406297596935	-0.7776730137051038	-6.236109425294273	-1.1702095356002449	8.127798469112498	-0.6622306818096706	0.27772877164075055	-0.5176035089594521	-3.1860007926026124	-0.01293466278631124	-0.8747291136077867	0.7749127800195822	0.18364118026132686	1.6739109816939883	0.30167094153447105	-1.443894132066178	1.5689473998814687	1.0554423863874005	-0.14963883876869444	0.14073757609982906	-0.38627798415075626	-0.6885632025366876	-0.856922826446805	0.37769605343510887	-0.40139409181620855	0.6823598006455412	-1.2822892775423669	-0.4733683508881582	-1.1224188246999611	-0.281200492270946	-0.6793837157861385	-0.31586529463511503	0.5867617480470151	0.03944551667118682	0.13746195450135656	0.2410499926731364	0.6197687239548589	-0.2785775895947855	-0.5476486332620656	-0.521598071095181	0.005379674416327527	0.24415040002834762	-0.029693377756820943	-0.8649706634682877	0.5446406826099373	0.2228472047706017	0.04716694513525372	0.09367611304934756	0.4622585498165756	0.25231994180259987	0.18276060111081321	-0.01113564320094384	-0.3862544176619941	0.6941855042397764	-0.5226381136459399	1.38104960363746	-0.32865355281210246	-1.185374054665185	0.5754753103918214	-0.9856115952135952	0.6831672689078817	-0.6417213699578097	-0.024575294689538188	-1.199308393482932	0.6898462627205283	0.14075297316964983	0.5926115799500966	-0.4246350518854075	1.1634884598789028	-0.7720099552750427	0.20675113729722708	-0.18010903438832399	-0.9180540194071051	-0.45594326416690484	-0.5059225792192268	-0.101940652102137	-0.038539101883898315	0.9105148647429493	0.2783376058467215	-0.08544159615561366	0.052860520544481863	-0.7223663155426012	0.20397690037120048	-0.5711976494768602	0.02873702326818217	0.7099209443007948	0.16477861336184765	0.2505413182601757	0.7238641625761771	0.05064304286353394	0.16612290318702583	0.36310844845866086
DTXSID2044975	1.0633626542119774	-2.211787785071	1.4123508756585919	-1.8087796191730436	-2.19596619617246	-3.5383055863297854	1.808235037938346	0.9691136674961803	0.33985681003358564	1.0718679995630498	0.268615126176951	0.5648337776637505	0.46671869347723416	1.361866433655322	3.0693221350956463	1.9173776961422533	-2.6110507460771673	1.5132110135500858	-0.6967686612352786	-1.1756906542567371	-1.2345892320349026	-0.05282028653769449	-1.449025324748216	-1.1814002301962379	-0.07875968135987689	-0.09418580962503056	0.15190034203120084	0.8510783787261266	0.1551877472044485	-0.7992919762177947	-0.21376731797995774	0.39235004474355284	0.18336160007584004	-0.09840425950595466	-1.0085452438459597	0.07221908633428858	-0.7766427718996051	-0.37911638561839717	-0.2296270453016959	-1.127322662466453	0.4822350800775129	0.0021251643685724943	-0.3679146741697324	-0.55602621118096	0.801674585476688	0.38946317988892165	-0.357091664556272	0.6183596645624112	0.11921581281570258	-0.3189425936132113	-0.34840101572747023	-0.15802117091749895	0.43047512405098465	-0.27068878905706195	0.43126032834022826	-0.5857780725764202	-0.11424853000199138	0.8336050364147312	0.11373375789695467	0.7372911027340414	-0.3530195109882123	-0.006164301021684779	-0.9831246221861646	-0.10629499799519836	-0.4828215886728281	-0.5178073650492201	0.45254237317963264	0.24569944087985848	-0.2131813375246464	-0.32013791242343076	0.08568222541189544	0.07356269648847497	0.08024291838419995	-0.353210785535011	-0.5838754853401589	0.4255837594195453	-0.41979495703604763	0.4910289242488966	0.08136912163816509	0.9174754571128698	-1.6550308935840043	1.1112287306127875	-1.0025293498695313	-0.8592600367423421	-0.5245310244776455	0.2767728074516496	0.8206874855707078	-0.47875757202101926	0.9406886352484579	-1.870163488256739	-1.302030419199237	-0.5608255139480145	-0.3827522310187535	-0.25581109703969407	1.4593427822330558	-0.6162545132928395	0.9271072419107325	-0.5344004981884269	0.7620911755383015	-0.0981000541664959
DTXSID6038798	-2.879013126070599	1.128492408279612	0.3208594537317619	0.3011190022917336	-2.430166989317376	-0.5498029161433714	-1.8635541723260212	-0.7209012748510981	0.5155349624377631	-1.1577481326136374	-1.2109817073506255	-0.2029112694911173	0.11708242631082144	1.8104862469391405	0.3534050639482267	0.9165956598851484	0.1682595900166078	1.5724558290468478	1.2313961064167271	0.5017819123537162	0.021818403821144035	-0.18476050845905845	-1.6251813391843983	1.0046730914955335	0.4582637488904007	-0.29698133084941974	1.3182804579582654	0.1064117601477775	0.2675332681160139	1.0393897730419188	-0.4682628135618377	-2.058333417724458	-0.5396006361422443	0.5313670570919462	1.0268781379245817	0.6017931871725991	0.9254919842557052	-0.4538671413942626	0.15972992623994506	-0.6018636119575772	-0.6908271525013522	-0.6353618390586334	0.38896028391096354	-0.9612817544054254	0.8928507472605751	-0.8386060157104613	-0.08988819217057162	-0.2162455355791457	0.14297047086822817	0.27887090637342593	0.1955381486975782	-0.2411299448564397	0.656066675922123	-0.41274729641350394	-0.35200657221682563	0.9591775897890307	-0.26871709603734	-0.5508972468740019	1.7934221276392102	1.5280029300864086	-1.447168821795565	-0.5558339826163236	1.5343961946134008	-0.6241100298687018	0.06383834077146187	1.338079384478278	0.07694916169128097	-0.7378620659719145	-0.6557742013710393	1.095940979909418	0.6059078567286778	0.18170755474228104	0.12367937598738103	-1.2327886559436942	0.20689430865287084	0.220995142091838	-0.4120791112075837	1.4003372404552625	0.017341289698018913	0.44474161403711215	0.7038198169937074	-0.21657682177092047	-0.020478676696546568	0.7109700913751471	-0.21773436867000792	0.07598824061611309	0.06398300752708772	-0.003756007301281049	0.9212966675293256	-0.41095631645732383	-0.36143608333708266	0.012200526090498225	-0.07197443868438393	-0.12664276663417687	0.41014955753355614	0.2744045780439584	-0.8442545309005358	-0.6942988155674186	-0.05614908947483917	-0.1464565022771984
DTXSID0024553	-4.127429806364182	-2.144747868691299	-4.523468224159853	1.5078061348779421	7.2558379335587055	-2.1428586131767897	-2.4405801458511354	3.723296626755357	5.820518785990583	4.650087585067284	-4.658522137783424	-3.519965609702405	1.8555556004387694	-2.261776166712508	-1.0744927603075196	-2.702036460014712	0.7188451966465825	-1.3035029446753474	0.5997807852651519	-0.2720138793103303	-5.031539534060804	-1.199528650121598	-1.501389825392556	1.2953877265723905	-5.628470462645778	-0.817345547974701	-2.583325388309444	0.2745715925504947	-0.16970048108282262	-0.7950401373581685	0.8828581425616373	2.248911017336625	-4.770752804065943	5.417613865172621	-0.7271339226613669	-1.332917171663812	-4.785189597361339	-3.1656272384390487	2.5060146796579787	-1.9382981723951236	1.9976294445750233	-6.069165586587149	-4.3444302273817845	-1.0461278348583731	-2.830510413184779	-0.8290902849023009	-0.5072901710629426	3.9672533595602464	1.9819382404522858	1.902380168891194	0.5706019657094311	2.776736064655917	-0.15090159671135575	0.7071098396638902	4.806682490098065	-1.3847128979024215	-1.4791232383541655	0.31528827545094595	4.490763051556613	-1.6031715885677664	-0.1620982423165707	-1.7758187846654259	1.0110877471777924	0.13603998209902463	-4.0367133530608	3.2412741055254837	-1.076130799473692	-1.3076087544603334	-0.9301923672416503	0.4723379185330525	-0.11176635495834324	2.6920212745399317	1.2599443852959302	0.6252898064399778	-1.1223525850350553	1.4540692314815309	1.389720317570474	-0.8667489870281954	-0.815433608194756	0.11956811635470486	0.8649068920100661	0.560581735049475	-0.7452555921124573	-0.7705770586685335	1.1110204308595404	0.1235493621035217	-1.7225924199407117	-0.1462381586923892	1.5234330223704333	0.3090269149020906	0.5430288913687473	0.2507706910469973	0.022503397670041066	-2.1552535438350784	-2.044372484071601	0.31040120338974275	0.5411991413433208	0.7904533695548862	-1.375416780599682	0.9534724491342165
DTXSID6024204	-1.3534307302968267	-0.8145482769037935	-1.7967371737911062	0.6288911052974461	0.17237640930107212	-1.4903979169720054	4.422464741652359	0.3675691972821655	-1.6371827613575853	0.9178616381336481	-0.5181316509545457	0.3081492032821429	-0.10074033396292763	0.3795493181668712	-0.18493605447692596	-0.42166743048622735	-0.1937338740074855	-0.11317959474369989	-1.2425627845689842	-0.09617285949904722	-1.3030444201165374	-0.026071684937162203	0.055034574890165534	-1.6992624614785836	0.4982570448860714	2.0740216710254566	-0.8725355099419614	0.01927834722689425	-1.2332622596918923	0.9181807793232849	0.5688076548813991	-1.2210835821576373	-0.6502971219540845	-0.35359102694637984	-0.03383788240793576	0.38224377750204214	-0.056106243025956244	-1.7802144773364417	-1.2317639147123958	-0.589703030396555	-0.12596626971753258	0.574775329792599	0.8668929770802121	-0.6238979015925633	-0.4285422425228501	1.699826475475939	-0.5737573922802368	-0.5568307812368876	-0.2536313363036045	-0.46624631650834064	-0.43483800887938584	-0.1754652175114375	0.24470207158377058	0.11869064791739535	-0.3243649252200253	-0.23557768285934985	-0.6800773156753925	0.4332073349511861	-1.4248176476867473	-0.030641027998132828	-0.6906695331212861	0.9203578702097391	0.404929283090913	0.8069763133748273	-0.6008104108567377	1.4833492947012674	-2.177236936374783	-1.0370277042111633	0.1463314019854981	0.8300436140679298	0.4891282230645521	-2.4534509035931737	-0.7086214400531508	0.2324588220202309	-1.5052199226855818	-1.323365783192582	1.1997894058043506	1.0918679717212172	0.6773935063651785	0.19458070854911025	0.44957552584963784	0.23261934872897994	-0.32825315958501533	-0.574144987080151	0.41901243059362603	-0.6130069672773575	-0.977248769370298	0.4237918386753321	0.37418135665135477	0.797472982291491	-0.7583987218747057	0.5459697420646124	0.15680951806681517	-0.4463603500786237	-0.5582562905978431	-0.581410075718815	0.8439558561949142	-0.1591173034454713	-0.47454182237231607	0.13131189638346538
DTXSID1034266	-1.965410039462928	-3.4922146150660467	-2.732944069042677	-0.22686826094943444	0.3848819251770647	-1.2468857476788209	-1.3317023715138496	0.6572727760556332	-3.05242452895665	2.965665577803974	2.143995916590748	-1.3239466571293808	0.8076562270395412	1.3768971608540448	0.479561403251582	-2.1518305478703903	0.5975575088729516	-0.3231441417296112	0.7913430599049697	-0.16686497869534342	-0.4093540432774517	0.22011297777875433	1.3314867044470238	0.7089495223786193	-0.7010506886578782	1.0512060974041595	0.16113910176460097	0.24113711723664571	-0.5254483040606481	-0.17932314306804056	-0.22452941025390594	0.9066006017283178	0.30452948395878626	1.0206558830406935	0.3297592186069048	-0.9207076157157607	0.7456912267090171	-0.13105856622514617	0.4081364186012459	0.41673315050285775	-0.23278884404339792	-0.398469835790586	-0.10428950979771189	0.4312078884952127	-1.1004857176313072	-0.177998277812128	0.33557149208346493	-0.6370463238764179	-0.028203056989814738	0.05735748379842972	0.10298108034833123	-0.06656171859326214	0.13305348693001756	-0.1822055827866774	0.0067737284454212135	0.1416744568232514	0.40269806349665743	-0.5991357457257622	-0.5417090784819949	-0.5362954955625215	0.2263375626564164	0.09706138537198662	0.3015739211332448	0.2234876770737258	-0.06909773325465794	0.1332557454189433	0.04473684714271103	-0.3155278059420376	-0.6982153527288284	-0.3003216303599422	-0.16206756374565492	-0.14051980343974815	-0.319628911310249	-0.8059098186710641	-0.20368916606765303	0.8152903042364188	-0.25005273872077005	0.5362689809534193	0.39371001931530475	-0.8359780014580361	0.16487073067275404	0.07389142681615314	-0.09843730467840892	1.2500054433752148	-0.7722082661301491	-0.6390069767421649	-1.2513481327276117	-0.08581709245887824	-0.10025586832514226	-0.07323384498708388	-0.1429603105890008	0.4981333853757051	0.20525117413867697	-0.3619625377812105	1.297905774720903	-0.42300100505840843	-0.45760062963698406	-0.007384913249464985	0.4049513106642217	-0.8821237092356017
DTXSID3023007	-0.06716217886508576	1.0169547809283488	-1.059560391991872	1.5413389570006786	0.3539376944424386	-1.1528010377069369	-2.4560431120129693	-1.0808967588797946	-1.3933064571322589	-1.7252782629667072	-5.271767002707457	0.42497792360831455	4.692608515187773	2.6407408373586247	1.4323502013571412	-0.44025640209630157	-2.039756706355329	0.9417409086910978	-0.17533071146428966	0.18696683205610404	0.6350192213871392	-0.17577086824620985	-0.5233777915541813	0.40182965426784306	0.844359583580109	-0.08936848179753144	0.9655232850357195	0.33638441100774175	-0.28902153392670604	0.5258127418885012	1.1334991621464134	-0.7935430324892467	0.8298322874965658	0.6938723991309771	-0.12534538801896813	-0.1992752897922134	-0.8843805362314147	-0.5299532082733535	0.04379932193496343	0.054163792314216704	-0.18752213302228624	0.00026235952988299185	-0.5797682572983207	0.035630297618686226	-0.4353093189695014	-0.041355406608689055	0.0853309231081687	-0.6511932870021588	-0.11072383048839146	-0.5462271503404088	0.07848821165041851	-0.38152168408690396	-0.17250758068465358	0.21239591590753717	0.8373500037087076	-0.5392410305301506	-0.09704633812728218	0.5623736144999079	0.14324055098638308	-0.3937110635244984	0.1097569290968258	0.30191613902824277	-0.5192928916301901	-0.20194637393347206	-0.02206232900703659	-0.28751135981558223	-0.01902446019634087	0.042642413965310634	0.3497739541004912	0.10154424905559617	-0.04409348357946405	-1.314617148502491	0.5549461526013514	-0.6543336226487898	0.8685864700580046	0.4425802388774311	0.1981659187160633	1.664230603871184	0.12630103904350914	0.4537037662334484	0.8039523691587452	-0.455413009626087	0.025080852544815575	-0.32706772829243297	-0.19464647508516494	0.27433809512559654	1.0276595989781674	0.18143492476929352	-0.6749599217671907	0.12587935290684535	-0.02728010538968735	0.351032105688159	0.8124050884204448	0.055979653581118595	0.8668152265691716	0.495936880439834	-0.3301040509915964	-0.1714107979063984	0.16782453699031694	0.022563653956602654
DTXSID9046281	2.61955580189419	3.4290688797569633	-1.8713836967548274	2.4678554101621075	1.300761379294896	-2.469234716787076	4.859178912841872	-1.167992920846212	-2.2993833620382627	-3.1007692318446103	3.584996896047035	-1.0331340529779616	0.8901695277142391	-0.03639379998427189	1.6717113963265653	-1.0288321485955638	0.03690060754157564	1.1575278615406042	-0.7049848664596916	-0.013605411730489061	-1.9143662859002935	-0.3786899041069842	-0.02041405827353171	-0.010623255514939383	0.840116700001116	0.3212583378885662	-0.08131778947269692	-0.4184918762932443	-0.19178390926013422	0.2591757763460413	-0.9821506896814958	0.6005060189312147	-1.0759849348136066	0.25336322711400616	1.0535059617292826	-0.21308536817044227	-0.16679823422325146	1.1082964420852215	1.3305266240705143	0.12793582698514375	-2.1319204974307437	-0.3588609620350312	-0.8299266502545813	0.440825926930225	0.013443908832793583	-0.1933404563565872	1.4509647145063473	-0.5641102864587977	-0.38024764974424063	0.2297005685099859	-0.05484480285885864	0.3109845163946577	-0.3313391730423228	-0.4360930717651429	-0.25461998723686574	-0.6000384964563681	-0.9816258525044395	-0.3813374578129567	-0.46596747852043086	0.7521848675569849	0.1700118157594469	-0.2045925043843211	0.38177133442258604	0.669079574463042	0.08380315323387282	-0.11368145378105102	-0.1019350306024845	-1.6744402432215078	-0.68521839508983	-0.04509709663617803	-0.7717457675067805	-0.6962601112304576	0.594610567427256	-1.4873605269057601	1.1802232174504865	-0.007407311662042212	0.5469653787239347	-0.22180435001892324	0.7766773420797815	-0.8807524903688819	-1.3765808264172716	-0.7205194214715251	0.4104184862074945	-0.088171364465746	-0.3578223872231305	0.22184897916615584	-0.14352265267125539	-0.3395906712915549	-0.06961934395812343	-0.11728465440891352	1.2583581641261894	0.5834583099495386	1.0409601800763444	-0.19650419497744084	-0.20779220332712162	-0.8401489528770645	-0.7365849325892662	-1.024067193244037	-0.11668990265079583	0.22576425472908043
DTXSID4046280	8.149993122673854	-0.5065574382351612	4.552383622034383	3.4291397574531377	-1.0272457750461426	2.5607551179383146	0.25222102563205406	1.0752567953789067	-0.4869385117933827	0.3348543966268998	-0.8899422471053273	-0.1565151070165152	-0.020136315710235102	0.11078577258586955	0.1651376252901901	-1.0973991631155273	0.7383213214502988	-0.7855047253763163	2.2448391228043283	0.48570035625207175	0.4960233515378276	0.718355434628098	-1.5406160590735132	1.127699092291412	1.0611604215508939	-1.0500736056456852	0.719106729533076	0.5807626699001243	0.9302899663950542	0.42355294731283105	0.7715211540930811	-0.9215078887931698	0.08749046616921041	-1.4046314086292486	0.2988988925178064	0.43495185287599936	-0.9680237167916887	-1.9196126799620103	-0.15853731087661274	1.380981058134092	0.2737407702968514	0.44868354770586333	-0.9045122570331919	0.2664653662882386	-0.24423498354720413	-0.2578160492142604	0.35289050157479757	0.9792700118367598	0.6395498065358924	0.5049642986596283	-0.17136870206559143	-0.6809680099818476	0.5108522225298048	-0.31952555231167434	0.6345126151471978	-0.5068987682333671	-1.7364398014478817	0.12622692327182228	-0.1107401467370853	-1.31937321879565	-0.8341885845782573	-0.9570225920118361	0.4836457334207175	-0.8353088112124318	0.265352217310572	-2.6023243813114956	-0.7188908133826241	-2.602997819965278	-1.699849801357542	-0.988297532325372	1.7009860374042334	-0.45809637495862504	-1.3737408577277581	0.9010477798929538	-1.702101629402166	2.3859415468757215	-1.3271159523365148	-0.16797377938167507	-0.48691797088031746	0.6034715277580637	-0.12667106339685374	2.7012576134493265	1.714418811404683	0.32688759846810667	0.9266975637508295	-0.5739665156508398	1.5816920542288597	-0.5136968601033568	-1.1401506273004376	-0.41665667966440306	-0.8005232809582171	-1.8701262358884767	2.3774445983669725	0.7004933542192188	2.7155544280128714	0.05698954924750361	0.47752079237997636	-1.1146892572879827	-2.5601770705629967	0.6009030994273115
DTXSID5025237	-5.7097518662913584	-3.9719505498922576	0.5265510048295591	0.3813070586409464	-1.758785648365558	1.2100782479145722	0.7659095388391121	0.9891780284534493	0.6828728961015675	-1.5620446380921784	-0.8157663235442164	0.3462114568875759	-0.7060934657067289	0.5560445497678763	1.531606017238308	-1.304641918109246	1.0016891190875146	-0.5651239709099539	1.8664793133546411	-0.2631160913246364	0.20955708852150526	0.3487564701247402	1.1761007863997446	-0.17994546080815577	0.570730887139987	1.2123947669653397	2.3903754261782937	0.33971381695654784	0.4083754545280206	-0.4252117587251587	1.3649099523053896	1.9282291784053862	-0.49333169979242547	0.45539899124416544	-0.46942771991843796	-0.8604176134402305	-0.06252349995071815	1.0471346191590316	-0.5746555717715532	-1.1950870150845752	-0.4841433368319875	-0.018748406583218184	0.7596341227395079	0.4765713617918964	0.20819941364770958	0.4926355410930378	0.7976126800373037	0.21622003516690408	-0.15931300804806006	0.2637903527019741	0.13350530588348689	0.9655459228886087	0.19184660996711048	0.300336074898962	0.3430675589603958	-0.023187915559572427	0.8430232288826827	-0.1919476769033438	-0.029914646269067514	0.39092475502271645	0.8451232033177701	-0.1603470110763722	-0.009836024767397889	0.2853030929725649	0.5142577633819109	0.6298604800660542	0.43479045833676416	0.4336748942698385	-0.23063905556764933	0.19353792818537643	-0.5270350016267497	1.0329715636352022	-0.8894259212920448	0.2946615885166663	-0.66462713514599	-1.014467932171558	-0.1228259529412339	-0.08943802498623896	0.15157996173332478	-0.770721607450645	0.37568174959220474	-0.6573216804831807	-0.9737550477895242	-0.8952387916250463	-0.10712659942210145	0.061272150044303024	0.28804870761533397	-0.21563251576365156	-0.35008741876843325	-0.015373847519367627	-0.3313341296063103	0.7107470122549313	1.0622142055076187	-0.23277551017436343	0.6018114550474067	0.06414687213678365	-0.1405719355754492	0.17399905934262752	-0.8855301477765348	-0.2416342286284583
DTXSID8044886	4.773106301511128	1.8286849397441238	-0.7758793065208948	0.9863954055190756	3.2783776409223386	-1.207675780234867	-4.778408604415663	0.4379140555145445	0.6758830391900846	-7.068254437183446	-0.011777141685477074	-1.1167393862402588	-4.191917327892007	2.45372413865486	-4.2654892659646055	-2.2667521328650735	0.047827450544580596	-5.989819594467993	3.344433932399089	1.8523205080261766	2.1125807217195813	2.758398234449112	-1.4244305999543052	-3.05732223970479	1.540881079480248	-2.6721700385020974	-6.444374400796142	4.503542779555387	-0.5390047350513741	-2.4718347348368774	-5.707654678159737	-0.4631545398220062	1.79499578789913	-4.226300364366625	-1.512343756888244	-2.682680392142032	-3.2018859784557807	0.77407970628025	1.7745746383147667	-2.1814010172435148	2.3779961345585843	-1.005317133605592	-1.3055453253130582	-2.064466371995659	2.5756882911007413	3.6359132974376727	1.556597638331396	-0.23515911803240944	-0.8845900957622723	-1.3571447426190004	-0.46394644976682803	-0.6218316098325856	0.5702513649992957	0.44156832515942235	-0.16336477228747012	-1.0377356754129943	0.9154246921161254	-2.1224727887512445	-0.1340946127663505	2.7064445482273425	-0.8429285199148964	-1.4357373781348324	-1.4741896171512963	-0.9839808881541502	-1.2790579285784442	3.4584436504654508	-1.8332046900888284	1.3951304355586727	-2.9527859527412783	0.24026320587236139	-1.5194557938339235	-0.8699348766558006	-1.1753352823903342	0.7975386899697282	4.613280459876121	2.2062499680048	1.5285704257671302	0.652453194533303	0.13032504776283677	-0.4476848326536846	-0.2205054994887866	1.4060876552992465	-1.489215927826041	1.2546992783332591	0.6006533529088043	-0.5017821021365615	-0.560106756501547	0.8898190944856958	-0.5400714843998932	-0.3470145857901493	-0.046235033653856866	0.05902661820514728	1.1686159948208643	1.56808314526126	0.853515684184156	0.9162686347051083	-0.07695928432602712	-0.12179433453477594	-0.5175734206605705	-0.09732419610534403
DTXSID8051914	2.4136546607694616	7.624617173833612	-3.2851008989459713	3.0526360844514797	-4.078851453056854	-1.295031552503231	-3.3396393981565433	-1.2351689288078511	0.3415478657796882	3.9745050785425056	-1.2789703540656712	-1.0047539528309992	-0.18458042864801122	4.859870125341395	-1.4796251739313757	-1.4818050477286682	-0.25792605277026726	0.5368398001583145	2.417299094289139	1.3739947802010102	-1.2165067233786406	0.08555974921345613	-2.0718227363028485	0.9338022323000559	0.3458917733469693	-0.3085611394634607	0.7959913829437602	-1.8860637537259575	-0.17559291258839407	1.4747999385702228	0.6376759768673432	-1.4978915360479395	0.7495359083178792	0.48986905842458456	1.0243644467869915	-1.1579821058372655	1.8523113519554442	-1.1814753461291156	-0.2018766718299337	-0.7074221020021881	0.7900637766301619	-0.20294325784021594	1.1976007634301182	-0.676078884029334	0.3216239470325951	-0.006938888251509568	-0.34602279746183623	1.0013864238866073	-0.6252602627888685	-0.2924309261049993	-0.46326852672316926	-0.4600673765316408	0.14970689037076262	-0.19186623348937681	0.14662438822401985	0.7116917666647523	0.04487947933247733	-0.9607193709706493	0.37357410047994916	0.7049184112123958	-1.1242261729015741	-0.22668739775400235	-0.46151044551625875	-0.0010439309992565137	0.5634840401531886	0.7922795255116922	-0.6758357070114847	0.2054935499906959	-2.9724443159530543	-0.49451620046597466	2.381572846219624	-2.156761252729225	-0.4424615721798551	0.38053516770178697	0.021257804207122647	1.328462237668209	-1.9478373359880279	0.7778661122648558	-0.7172654561910093	-0.29712238125586016	0.4125580354490901	-0.2082731934544997	0.7109078943404897	0.38939547143900566	0.5999350088748993	0.6927462909238076	0.3134903708400623	0.04565156701688598	-0.9763381641557094	-0.738091760276846	0.3683914772028168	-1.2081873391081086	-0.7029678704379366	-0.25310767475318846	-0.8051833852803186	-0.4032810924734663	0.23212894717795907	0.45184174912938385	0.5253286267380074	0.6761726088104151
DTXSID3034618	6.019948235358596	1.7100494709701393	-3.8113722355965782	-2.412252964653077	2.015831275833737	2.5490394904079117	2.2928566120010427	-1.0731036095271163	-0.25215013893429766	-3.5474116693571176	-0.35573781345026034	1.1360692801652108	0.5465885245985396	3.457413060817672	-0.1752544865509219	0.20489282221455202	-0.007997262579203421	-0.31847558410867	0.8433160472520839	-0.5880417646213557	-0.5775120250035538	-0.7674150829409413	0.050567805605353316	0.611352314586308	-0.02612404696589493	-0.8021327355425358	-0.5474582299110877	0.0871749732845507	0.28402093940132717	-0.41262435835805855	0.3270510076801687	-0.4755316970861263	0.6014301361322046	-0.13648219893027355	0.21217855578632483	-1.0002154016250637	1.0087923302373476	0.0632694550619585	0.11204413474609959	-0.6322303203178874	-0.3725920954223391	0.09766907413729049	-0.3313127921116976	-1.095552068800526	-0.03292954358068025	0.07229326227204225	-0.5454539110540304	0.32548303381272886	-0.06622488372403502	0.03794273113931802	-0.046685097035959924	0.2781480688495146	-0.09956339253815659	-0.33759177865664064	0.32007305067425285	0.42288170170991407	0.5320965346962991	0.1721627525652067	0.2376051645477337	0.7155169928649318	-0.10752345926239824	0.1967634215911273	-0.1849308541136501	-0.5892126877121535	0.07966668475275598	-0.12307367185406475	0.1477146848031502	-0.4587956015277676	0.33966593172031867	0.5234516639469807	0.9909716850837977	-0.7116619923992544	0.029902736053755274	-0.006997029984502633	-1.5822195342458094	0.19310044284708916	0.13887303412222302	1.4618943048260757	0.40534498978254363	0.7748174560261577	-0.15274323463855616	0.6114272631413178	-0.4539442269393124	-0.7795261390650514	-0.134727347188401	-0.3185748478582834	0.427160976183261	0.44650074714159377	0.44064728872295206	-0.2627048693583767	-0.6517270846320237	-0.8155631055365976	-0.09248161426761882	0.12282427828234949	-0.5281845612964585	-0.5953943678593328	-0.722940553588155	-0.13884399368833494	-1.2503382780020857	-1.2206450587638213
DTXSID4057764	0.9228376404624832	1.3495286663238688	-1.7021452539110133	3.395513791674306	-0.21943666772457363	-0.7537414320727895	6.562696203768691	0.7672310703478421	-0.2430849851055907	-1.9065935539368994	0.6093408719106681	-1.3251600076926824	0.8266332606647345	-1.6578101449056821	0.4245058886381074	1.0390833992006356	-2.5781550305635923	0.55128090652114	3.188517702519747	-0.08122016048120212	4.119604498863588	0.4051382453204908	0.8700045574024203	0.9383138436139201	-0.8047117110203624	1.233484174263047	-1.6178670430210755	-2.0998485812265106	-0.5169042243817878	0.25658018652899267	-1.155698982893365	0.3941020586355887	-1.2406571683812415	-0.8244532793203616	0.1525678468676831	0.8818182299237318	1.0208019276287712	0.16303693838413033	0.5694204284278501	-0.5350273957286596	-0.09484779155952337	-0.5251476596591103	0.18627843880338588	0.34181107399594113	0.31251472720291545	-0.3363065792056895	0.4041763328043554	0.8276026308051276	-0.23981474023991495	0.3818311755761825	-0.34880705165102616	0.5573581901659548	-0.824527989884343	-0.06850664624292706	0.7463020368636132	-1.71808148459215	0.024113748933972418	0.06131594871680623	-0.3309192199686708	1.5671216313286596	0.14271573746381083	1.4571389622171935	-1.2465502774166597	0.4164117165063909	-0.5682821723670185	-0.603870535496852	1.6670992229182986	-0.27942965191389857	-0.030858328913000752	-0.6821085360171554	1.8774316397187993	-0.22930340384717723	0.06441450445111369	-1.826795310661931	0.1426430169373353	0.1457852227814488	0.9621290013562782	-1.7263123220095502	-1.7621821240470392	-0.4543482282924642	-0.09792763872251968	-0.7571217437167341	-1.2415033570221734	1.5238194319826144	0.6517343932288028	-1.87861343133175	0.9634369795921958	-1.0757954930974833	-0.13700836504640482	-1.2232641584439745	1.5626464328273935	-0.8339771018660257	1.216222611213081	0.1333956245366341	0.3309029978799046	0.48770308595009976	-0.2706974158632465	-0.4059651856256433	0.8533536961048525	-0.0364029014640707
DTXSID5046778	12.971004986761596	4.928086700529225	-2.5115489672755777	8.050145535927324	-1.8161015271416194	-0.025706622952756535	3.391831242615664	0.16783734698221492	2.435197366970557	-2.6251713733199833	1.824013717789856	-0.8909448731700819	-1.2657212132306581	-2.937770046705595	-0.03269651254098061	0.26319498295325783	-1.9257893286396663	-0.40055263673530167	1.4458616359905276	-0.04751915478740617	-0.8532926424766386	0.8656015287649904	0.13788967398428464	-0.9457699480075523	0.5797502315263751	1.2942530148038043	-0.869696300941337	3.8242802651217014	0.34055224699841113	-0.36872754377676564	0.9297756267446559	-0.7931609081579297	-1.9320010509475491	-0.5985749079210764	0.16098528339205437	-0.8224857327008042	0.7864792733575077	2.364667412533507	2.554439549072185	0.8764978160937955	-2.4756418138433234	0.29119529698534097	-0.9008047287297821	0.4412585643351652	1.2316579684027513	0.1998209571041663	0.44990284715546286	-0.879697930246848	1.3924279340174661	0.8122520042914876	1.038725295276171	0.6546104361371008	0.06036867678316253	0.1009445045293442	-0.40526932792217457	-1.216640624235189	-0.6995067983885954	-0.18046490194059459	2.2176606437089554	0.5048553811046996	0.40195274494925387	0.5365704705827722	0.6560470328841317	-2.562003835774901	-0.0554540225468523	-1.1383220558488265	0.9128613523811244	-3.597183522105808	1.4457381979790487	4.1667025822591395	0.24639766625209772	0.4087493966031793	-0.7998126034753948	-1.6533936409243655	2.155855889709941	-2.59145045671564	-0.7974327477994142	0.41161029018118395	1.279440342262738	-1.7401239730174132	-2.658259451239763	0.4187295954869356	-0.3324871902196097	-1.5270451993352947	-1.259705742690401	-1.7681135386626103	1.558540997783793	0.24405379570228994	0.9859505265071238	0.46861155787092784	0.2350595254011664	1.0420560053862187	1.10355005140667	-1.1780275064492303	-1.180388581341403	-0.1314989219206776	-1.0314413571193164	-0.9375915325352941	2.4943743086014063	-0.4048700560305929
DTXSID3045190	5.271341992662164	2.3224075114418374	-3.939260686106188	1.8271968606964797	1.412615714986411	-3.374485399021167	1.0665042214411613	1.5074897435609866	-1.781964600754324	-1.18459243693481	6.644874513151694	-2.441690665752214	1.9765322380207175	-0.06330522886111699	5.817701916044709	-0.9534105034797226	-1.4752018325818397	1.3126069805228047	-0.9034191888291998	0.8676620094313715	-1.3747550775265949	1.768147722079145	0.3557211347338172	-1.7312510047634655	3.790763127395726	0.5551298737472187	1.94183410776912	0.2359570575873696	0.5827920178819347	-1.7136235878047006	0.8973750530527601	-0.20105708389539173	0.18975218086898066	-4.233112878207789	-1.2754173832171023	-1.6381403729893074	0.8825428713400164	-0.33403471373898663	5.750390152276638	0.04025703192456611	0.05787228381194845	-2.353808574904716	-0.06087996778585428	1.3282482148912618	-0.24385901639117927	-2.2349410372062546	-0.6343786733205021	0.3114746805365027	0.6693716613273676	0.40244541231316366	0.3626621797128375	-1.4778771932590684	0.2965347106718678	0.21058077315423798	-1.5410054782588187	1.3693953499844749	1.2970476652286784	-0.5400897326739605	0.7459127166457604	-0.4714025819151351	2.9559501176688294	-1.679922064533528	5.116986099586804	-1.6229102765991203	-2.561871190868793	0.20547519117096644	0.6176183338004656	1.3848873303518432	-1.1322633888132068	-0.3607345578534682	-0.03125958409823398	-1.5368510288816368	1.456806486881525	-0.37860265970636314	-1.6797928358624516	0.8503167646493911	0.3808317093600043	-1.4300744542786736	-0.5267005735035538	-0.7429999325318644	0.014182914974025504	1.0733842219640644	-1.3086296049882902	0.48195088324808455	0.6638939485554575	-0.16937011234738547	-0.9188076152236985	-1.1889674465399984	-0.19604512119336043	1.5398896408106322	0.12230560571635761	1.086355603845646	-0.08205495815661219	1.3561116833007165	-0.8401126631159123	2.8466435729254242	-0.2594408309069272	0.0789740845679292	-0.24591539943284954	-0.005972219361876109
DTXSID1027184	8.115846833084996	-0.03710757195307595	3.179874953773656	-4.964737851746998	-3.9114975452181198	4.589124161336307	1.15387729897927	3.695657432337641	-1.1204841976405355	2.1733289218983236	-1.9231145385720267	-1.0496179368753058	-1.3526421523802712	-4.689151737021949	1.138710474197907	-0.991446797636518	1.2559641953569607	3.2928920016231276	-1.6099603553269002	-1.6097772527766065	3.962816999329142	-2.186664592049286	-3.622895581222528	-4.257467268650661	4.340866119658142	-3.6526706731689904	-4.6891093373161254	-5.9784531014839715	-0.8986475548923951	0.33325657394964814	1.6278681425801158	-4.038231577634155	-0.38094298732294274	2.8481113053137648	-5.9332204250697576	-0.059123101363446694	-0.9128916745418267	0.5037074935599382	0.23097339217007282	-1.6573451190758985	-1.7803438346225433	-0.7789682494352375	-2.0960780688968095	-3.7971855403896915	2.419248601428604	0.24522650919593622	-1.7349076942527342	2.361476109051418	-1.362161324565212	-0.3988257623062841	-1.5010638652421167	-0.3443209868272245	-2.569995292219225	-0.40989843383529917	0.20064896831864587	-0.6939740904919567	2.0851456299921343	-1.923378622563041	1.8202105030385625	2.8707925875288542	4.337033247041846	0.3251864473026471	2.3625934546588203	1.7130899916167248	1.0520654435590815	1.08378295627085	-3.0240996671259004	-1.360016335658392	4.164460738922675	-2.82458542941999	-1.65557993486952	1.8708730899024928	-1.1522064984224993	-1.6581212981431783	-0.15942091624805657	-0.5475651477127637	-1.3542233436304825	-0.8354750815251608	2.313585920151566	-2.5839155774796407	-0.4074878176114086	2.617402497672407	2.464207392031015	3.9479226207410827	-1.290915385467378	-2.0185479289642583	2.7904978533691147	1.1218563599846965	-2.155751409342704	0.7556638081555885	-0.11183570966973587	0.05768231234622463	-1.1143712460575022	-1.6991708364442044	1.5441256221447985	-0.3742190668356854	1.8315982813713791	2.2281508660874425	0.5819375455712342	1.0681942534793363
DTXSID2046703	19.384221609284054	14.15515739691142	0.3411587945048748	2.9975264818233804	-5.636290295545417	-3.1321614106409044	3.756521066704403	-5.528203371187922	-3.706603511786816	-1.9308580011099667	-5.935856806523331	-0.6028098589292207	8.848648559376725	-1.962213463761675	1.1672704220032954	0.6195601668262225	-4.899533866036058	-0.33730403635284173	-1.051566530235392	-0.22947836035012	-4.04620292914069	0.9452533300248417	-0.25289447187849085	-4.098892537054818	1.506259552494999	1.899371450515985	-2.2364250073433727	0.4723850678614967	0.5048439632718261	-2.2757247884458787	-2.3844310191735074	1.0924651773762153	-0.6039024581394515	1.3198281707843715	-0.19841683484037054	-1.411486424567202	1.2481392522951247	0.24739742831958203	-1.6560441234310368	-1.7016545903115954	-0.015634580099180822	0.046281322024247236	-1.6582661835185095	-1.8281527801935746	0.45607652385248076	0.8718143407375561	-2.053641983451469	-0.7872861792204291	0.18023524583222023	-0.7035586691936856	-0.0923417810713706	0.009504361353669251	0.028269831579334413	0.5514600895668683	-0.26966023842614245	0.2779975257680963	0.9786042211058011	2.255244065034408	0.5849226751887789	0.34883688923308304	-0.8066779979018517	2.1653049238669038	-0.729466052464868	0.7790663278757803	-0.6500842893017396	-0.5355810587093449	-0.6680616044702252	-2.1559841249244935	1.8887112681569451	1.7136799529612607	1.118439370838416	-2.616440345037097	2.3237098589630705	-0.5634196804680887	-0.7748463838559532	0.7928394841529298	0.391792076966683	1.044145232119336	3.8439401723836553	-3.9298981154312815	-0.8116598027590278	-0.4748785119736857	-0.9500287257131369	-1.1803187158753	0.9468009607139747	-2.114023056440854	-1.2117739631880349	0.607623951471164	-1.199248175659258	1.9942531996502046	-1.8211456110808235	1.3723371325970173	0.24270098355941322	0.05266239540384344	-0.8951109192195285	-2.7777502035813373	1.6676453876649713	-0.8739558111638414	-0.4192465871594895	0.8367346990721806
DTXSID0027191	-7.034956205915548	-1.6889716419041965	2.112274030950355	0.2694419275570156	-0.6131218461763664	0.7404316305921392	-0.6100040719094729	-1.0885310521792444	0.8673977478071598	-0.01141758734682387	0.5278784755277649	-0.6607870105320014	-0.21545604684335098	-1.2017392463596923	-0.6785999387187818	0.2795160152951751	-0.05658953306017675	-0.41421472128035053	-0.10627619973762185	0.3745237832611078	-0.29273869450175893	0.2212351907961307	-0.1445392269616531	-0.13278289244929725	-0.14373952401991502	-0.572081808496432	0.7514583551047723	0.5951273138163944	0.24193038192878594	0.07329665448164037	0.4985776994506542	0.7439886420633615	0.8186485127810866	-0.3003545597168774	-1.1019988881719585	-0.8820461757037344	0.08283849791445613	-1.48418932377529	-0.06277311443573497	-0.3786333059561277	0.11858822078638835	-0.30607347230342025	0.4162149948970085	0.7080993066651116	0.6248722765058696	-0.6098420607818156	-0.25925660038287235	-0.3186932049475222	0.032227331064505135	0.33969588090563435	-0.06870327076890234	-0.6696685864580533	0.11189789699447038	0.18151572843694774	0.19096240093793526	0.3683636343164481	0.0013834670710564183	-0.39153813536364557	0.289993934109811	0.6121255445625531	-0.747881942164695	0.2291691682568811	0.044333707411121324	1.4679781562787033	-0.8558124634722031	0.050931718284995875	1.1513171149583292	-1.1901975617070535	0.20781598429830586	-0.8390743608033453	0.010979784665986893	-0.16838825409143135	-0.28190692457764	0.48735399944264735	0.7843756608634577	-0.6286029341655591	0.30815036354799585	-0.4172001774404498	-0.28201244290184585	0.6072363984569856	0.4684952375339861	0.15940003091947824	0.11360308124741435	0.01368692838310405	0.015455872653332833	-0.10688666369619226	0.01360771424174769	0.7371223362974249	0.49690900323007514	-0.1577841538593622	0.19189062566296936	0.18284943611280088	-0.6091212982904695	-0.43930681316456466	-0.625000510414105	-0.013356378705413188	0.09469486690781126	0.5613844611632658	-0.0818020371928533	-0.33724172448817347
DTXSID2024666	-5.352454056274245	-4.12288913773375	-0.2938282715571726	-0.9370034373029177	-1.9193571967762835	-0.7692418278345574	-1.2733540801929841	-0.32415881788289785	0.39965631274636576	1.0716438076253505	0.30000317402916055	-0.18932778329622543	0.2789805069675602	-0.5491455465502998	-0.3939371952363945	1.1923855224108442	-1.1343650601527486	0.5948366467475993	-0.6237860131465732	-0.08177706523008298	-0.23078601372235616	0.058918794327302265	-1.2990892266583798	-0.6452325908491995	-0.14508326524992096	0.019778325098809585	-0.08154645645509889	0.43588728357614187	0.5055709203898326	-0.5191576237125267	0.4587355403294105	-0.170735854932786	-0.377514909249963	-0.6982683865858983	0.4595847344454806	0.27122528254625106	-0.049959147236676014	0.26757377731303483	0.45811630418510035	0.06838974073867006	0.218359152222708	-0.2001939980862504	0.2108864250806825	0.3534131173888131	0.2833052508216187	0.4340101319148356	0.07054007131839583	0.14348066055574926	0.23696078740205023	0.12649562299386943	0.026837960813063316	0.005229570323049001	0.07116212365679365	0.03213651948292031	0.09936199746083431	-0.4995291410995487	-0.08251015758842083	-0.2438328943890787	0.09634907519600404	0.3969415345583152	-0.5010296078962527	-0.2663854185895199	-0.06138619459724345	0.411425085601897	-0.4849463156291206	0.198585231567386	0.6835099205169674	0.29687559777000555	-0.4824391381358749	-0.24927931645091994	0.5563471089174579	0.08260666327584859	-0.08000979476173226	-0.01845667035297861	0.22991173107958254	0.034876406391211576	0.08255440773539531	-0.5228670724830108	0.16647262992611359	0.5034059729008393	-0.2482524907805522	0.06776158550264169	0.48972528063083043	-0.4609461237756969	-0.30079202213609263	0.1772832563627406	0.8066863270476781	-0.03924813095512556	-0.23866461446558312	-0.25974754559502233	0.24977026685058454	0.07481848900056716	0.18206952619867403	0.012447368817158206	-0.2019027524361863	-0.08345778385481468	-0.13808712028619688	-0.2192824469535858	-0.03413695252527583	0.4378062276812399
DTXSID3021643	-4.257776121101608	-2.3289309054830736	3.0238978847007036	-1.9219604181958592	0.12307540764228526	-1.689285084142943	-0.43969390954333926	-0.7047798370648815	0.5233452032815717	-0.5640475420779664	-0.15394575653700715	0.14242813612906607	0.8899738807158323	-0.6492197889258927	-1.4241900633164046	-0.4765853073582165	0.019773862202258376	-0.759618195782925	-0.3004100034757678	-0.23402498302366423	-0.20815189946143725	0.08697740340254878	1.679228910215024	-0.20701749712324358	-0.33996027736391393	0.34991297872430827	0.26517234492121106	0.3804253827820959	0.04720690754866634	0.06494659126424861	0.5528405804505647	-0.18908485445929904	0.11586503022483227	-0.45922178826161475	-0.0011539179902156549	-0.5293940919522325	1.4998411850594957	-0.8232091563903106	0.8543759983835914	0.598869412242472	-1.528375529076161	0.47409605634350893	0.39397174017661024	1.6212208897551899	2.47503903960453	-0.024286521399501868	-1.8351467479442667	1.7628337279664423	1.1488993858267225	-0.9097702497180186	-0.12613347056900623	1.5131479427509582	-1.4257643136699698	0.12623669529349507	0.043036821168844906	-0.7828179986795704	-1.7581395849765797	1.1601702531714526	0.33991527865466103	-0.48303539002045237	-0.3592827164772514	-0.752609545576378	-0.054990867324218366	-0.5392179465432175	1.359788970653292	0.520403656427737	-1.080968988053962	1.0268258835890056	-0.25416800232587095	-0.08649813323584216	0.1339079462123961	0.4538698263831677	-0.20410746981065855	-0.21537862680122832	-0.22668899664940584	0.7714950291678468	0.3410060503646363	-0.2080508687971283	0.15190575023999553	-0.5456303323130829	-0.6469982947300835	0.021379002165265313	0.04537407702943782	0.30786895281438353	-0.026664868845305452	-0.1091510424326072	0.04655665978032549	-0.009542726272466029	0.11580251267639358	-0.18271763826444276	-0.1947356209585755	-0.2801376166576317	-0.03650474798930756	0.23603829329357162	-0.20696012457330024	0.3407705288662345	-0.16502091233288013	0.14741068769066876	0.17175651343284873	0.13265569972255742
DTXSID7029611	5.738324264417735	3.2039609334580144	-0.9595141041867399	-1.9561645951741269	-0.1421229215376784	-3.103406832689654	-3.776116459201195	1.473742466157243	-0.5559219863238416	-3.4397415227722554	-0.24236495851954723	0.4988571558303316	-2.9294315536943083	3.968060663802494	-1.7156802795648236	0.5861981044056307	0.11946787641720509	-0.5704331725263205	0.9414662407645995	-0.027186429126936324	1.1626272147577865	-0.12263583438443725	-2.1209803884398077	0.31347329130443824	-0.6733618643129304	0.021806882964570142	-0.9330218711168374	0.673613884702936	0.2729344705881668	-1.1881214076432034	-0.07306761222172214	1.1545574697397165	-0.6927350685675444	-0.17581763693750804	-0.4295935498401699	0.9081399873847371	-0.2567488832837335	0.24607869205707308	-0.4255110087683035	0.1048472035509447	-0.1560187943584414	-0.5811372627833147	0.26834067235955306	0.7541703535836577	-0.8206292948070866	0.21313043576152146	0.255526740311313	0.11467459645950999	-0.07090648039314548	0.500271207052896	-0.4951235679819396	0.09485875626771266	-0.004540185054591293	-0.6929426476150283	-0.21426087471777522	0.6267361397637172	-1.2221271166497776	0.1252634456637839	-1.1693324728098526	-0.662384654224324	-0.4760234885590765	0.2957268146790228	1.507529013300281	1.4927258008472581	-0.6176591031680859	-2.6535881020783525	0.48265703559966405	-0.5979216371104338	-0.2974366977351494	-0.4908544799162909	-0.0820392899396883	0.08660788999312957	-0.6698476028268745	0.2960027858679536	-0.6529401592371059	0.6757490648072761	0.16952441473344293	0.249553641120675	-0.42036662766906	0.02228559425741728	0.49817372606603827	0.5939654987509813	-0.41967515767909597	0.42880203373097986	0.7127932124352294	0.2900646257671991	-0.40518154939195633	-0.023034768113377724	0.43516550646679203	-0.36757724812056214	-1.0767928264963602	-0.36071832495871153	-0.3090117665267522	0.05622140357447779	0.30481419952516725	0.10964568557587226	0.34891290672809844	0.4796057655576938	0.8778539928557927	-0.40477714716600044
DTXSID2045153	1.6675250904296555	1.3756487616265476	-4.19742051515748	4.164089243843981	2.91970537389961	-2.02721410761705	9.362915296457674	-2.2675630886141867	-2.9676491955636126	-4.922462086789859	0.6810226497558738	-0.5258171609250079	0.15779024029338562	-1.4055978383555223	-2.4067165124636993	0.778604587853179	-1.2690857032325662	0.592732151705635	2.072769593312735	-0.8919660670739399	0.73728707472057	-0.017274755068521472	-0.18357976094237094	0.432142689856276	-0.20467266331395467	-0.3337154289622749	-0.9699890262360724	-0.13410320729538402	0.018789518133688066	-0.3257529696867892	0.4212510653919928	1.4046891470762393	-1.423218205806054	3.6542793070505772	0.12332588686724794	2.754909408812249	0.3501140058489702	-0.06306793107434716	2.8261964920101588	0.2948511482517933	-0.593590687587426	0.8213558345650999	2.5997024136670936	-1.0967459642910482	1.8828540113765588	0.2802438006806927	0.331614467200867	0.5023628734398476	-1.187723116251016	-1.1872213763823523	-1.0394752013100683	-1.5173303394121866	0.20569807439547677	-0.14108823845146323	0.0391009341610427	1.564097364438175	-0.014153139641811188	-0.562287353792587	-0.7667190656498186	-0.6985059502812552	1.0549449590593891	-0.3126999933964244	-2.2974557803177684	0.15076500219756037	-2.9246297973334245	-2.574441123955365	-1.7596411696163965	-0.9574486763249819	-0.7230612946079881	-0.8966890499084365	0.6423614346714718	0.07242555968002935	0.9159959626886695	-0.6822996960020214	0.10567933875716912	0.97941497410019	0.39403556492525355	1.046208984555869	0.23924534191036015	0.40601236973168725	-0.18659847001872967	-0.7481264374146077	0.06335800310532501	-0.11814345752742955	0.018178327293109465	0.009992290855655967	-0.20036268760794707	-0.06433461168237976	-0.1800521209734343	0.234003360755745	0.6608238041606188	0.6559655045464272	0.2639726852919768	0.17340391764953458	-0.055169221311667474	0.15780908511437156	0.9268999683785903	-0.12074720485321068	0.4091310647980736	-0.03364162463251617
DTXSID6067331	4.856854477421745	-1.9734656621897322	-6.252309242387772	-13.08120112172658	3.8654965139599895	11.680432746238036	1.131358568667924	-5.4967301446522	8.98141395602797	0.03983282331553577	3.4893107864737183	-0.15871869186846999	3.4556559340106894	6.355302382169428	0.03441363468555194	2.2178462928058047	-2.1705564181002415	0.4471975833686781	2.796573533453364	-1.6270075307059753	-1.592016722410598	1.1703356267664153	1.7019783653845846	-0.4852971539006031	0.7215274301282041	0.39893308931558236	-1.147717148492071	-0.5278034366591879	0.43664968534112397	-0.47687864600133595	1.493042273904986	-1.135668865432767	-0.6810098366877642	0.45717307433812443	-0.012911662069799823	0.021765383545805747	0.32270476318392094	0.6136713595466733	0.1203872512099391	0.7264987180713429	0.5295188394014758	0.2188479846746165	-0.35923173790142876	0.08366009147680582	-0.3132664446359221	0.504259734014108	-0.7277099974910252	-0.42142311574713043	-0.4631710140379352	0.19102789481096816	0.055927652198353064	-0.00024343968045334566	-0.3926392766848251	0.13332588295991643	0.04000474026973777	0.31617566310304573	0.6111118895514539	1.0252738134717205	-0.9689885809543308	0.25622510064733955	0.24567924167513924	1.2086253296088012	-0.5341916463229829	-0.46131858067803677	0.09076015365181693	-0.3056221174979236	0.2447300360448251	-0.5084228935609159	-0.16226332947168012	-1.1726124618092542	-0.6767471096130037	-0.09345052516523458	-0.5624238354767646	0.15266685296233357	0.7199777637333515	-0.7400772127904292	0.30767063042284387	1.295366680189727	0.7770383379955949	0.10858981354232007	-0.9498537062821096	0.36847215573712444	0.6272322173728079	0.6555453551587724	-0.1720670568259642	-0.5447724857847287	-0.3025460392875153	-0.2806347626793242	0.564429552775138	0.43798189616576844	-0.10465163960155854	-0.34760030384112633	1.0092002846783727	-0.7495907182326145	-0.07874203154064373	0.46313684479066247	-0.35986342816974737	0.4366087693436527	-0.06983435609206472	-0.4121431042512068
DTXSID90275806	-2.238574317148052	-2.878732842896467	-3.0047744142170116	-3.867956428086734	2.382474967464292	5.015442989761444	-0.9703715950179973	-2.1602392481381525	3.5558408934384147	-0.3232692166866056	1.5905700939897733	-0.14146077316317973	0.9898642407544613	2.3750283287756946	-1.2139160389789154	1.6139231906314857	-1.3980409185224045	0.008887931489352732	-0.34954631680537945	-0.16706533285812203	-0.6689851723522043	0.4249530860254753	0.5303523751369716	-0.2910408536712265	0.10599362442967876	0.17537019723508832	0.08370747999895255	-0.37276618138359	-0.07424627408457714	0.026762708426229784	0.5537641409551184	0.20749971618122875	0.4173195953614337	-0.04426197918562536	0.3581114837126117	-0.26608253519997965	0.3457252922096427	-0.6645633567826164	-0.029655549508113384	-0.15370206155363209	0.49364015620904333	0.38088344796759416	-0.16359116931766665	0.13111988485219084	0.27760042802784723	0.04923985043630282	-0.6856656366031121	-0.11721517112421379	-0.3100246961644304	0.2984313545571352	0.05826578329549034	-0.39706109819180296	-0.02678859262821785	0.2701707348287461	-0.023856371895740924	0.2653805112071138	0.43433786296872207	0.3795676959940026	-0.335448320392286	0.5707671363081082	-0.4247297009887678	0.5981795442114931	-0.3319061156925938	0.3432927929838657	-0.47368791793632353	0.10184764731314912	0.6846735881730273	-0.4295289411639058	0.01632173035759857	-0.4487493402222679	-0.48099459215831514	0.21498544243096443	-0.4364405268720786	0.7688773913378314	0.372176381367621	-0.7483245548505535	-0.49487362726717715	0.16483965375702384	0.0015907281662348647	0.3032544967862984	0.1025772810606501	0.10795590117154692	0.3089969395361642	-0.3197550974242835	-0.5310371532673732	-0.20286313590869023	0.0659633414889356	0.05070545692510601	-0.07181579546781225	0.2581380927110331	0.26699347194562845	-0.13434651860342234	-0.181377561393378	-0.29035542704753914	-1.0496133759929271	-0.15446986643296756	-0.23283593134309938	0.20376639971281454	-0.620937735298812	-0.5767563816414779
DTXSID3040699	0.30838988174317045	3.9726971669341022	-0.5214073591648739	-0.167051546393784	-0.55152541366026	1.5440537860355155	-3.0486412318051674	2.5138616944181664	-1.4258041686373049	-0.9000270045272939	3.665013496297772	-0.6000670274510166	1.6193599425355656	-0.16352550039609448	-0.1377430943658151	-0.642258158939211	0.7054003699366787	0.7767807942598332	-0.2761269055812551	0.19616747870109053	0.8838558425657433	-0.2724451584884234	-0.7027148950024658	0.6118930440986655	0.09590179350198004	-0.20486738667843443	-0.1732087480139152	-1.767993800736069	0.20770192735133086	-0.05787149456626664	0.8135184096964226	0.26167512164587164	-0.2913565874014994	-0.013545859796731065	-0.42697317162924203	0.41240987901178316	0.11354436105999641	-0.09128757856451226	-0.010400744142997199	0.5927650341569491	-0.13674586177474807	0.09399962001320544	-1.1158628131837618	0.19955504362215648	-0.47079825479382803	0.5522521898557655	0.317358913584746	-0.2163495984825303	-0.1397122989169372	0.12875789728250708	-0.4093967354761933	-0.1631376529643715	-0.4731626480560064	-0.2999678653076283	-0.056366167938434235	-0.24597180044054737	-0.12304416323764251	-0.5223144354859512	-1.654705516024308	-0.07490929943179397	-0.3934848363558589	-0.40006932697225844	0.7215870605528726	0.7841503855363652	-0.41741181777040615	-1.203210048522548	-1.158595201590045	0.29958086942470863	-0.838911005878617	-1.0607891278587573	0.49518503898475735	0.3524371510639583	0.054576133892977934	0.046386593538787955	0.49783146921359545	0.1406554942812597	1.3432066445143502	-0.6212666059745232	0.442077499441265	0.06776909683641781	-0.04636262830224716	-0.3707398814438984	-0.35508515264423307	-0.37428581819794265	0.13981538679445127	0.514828188470529	-0.02476897851436542	0.7573846687487744	0.06690144535525974	0.15659468298838558	0.7149096496848729	-0.11957788846976831	-0.18161070708768942	0.5689955989231457	0.32358089581569793	0.2009709081340406	0.8894831438460374	0.3021717485791628	0.2572289627583949	0.3026019670749137
DTXSID7047487	0.32561097993834576	-2.49710099523332	0.7267497429075737	-5.545078929799357	0.47905423484325604	-1.6822261217893997	0.2114658398355132	-1.637007482007124	-0.8462002213201258	0.6590482990402944	-1.7890498456833062	-1.050096369007999	-1.6802020663812853	-2.414733920358462	-0.4420089504991874	-0.3284592455253639	0.7248685874428465	-0.915840621997988	0.04343251604272239	0.1121517122687028	0.02479881550801804	0.27258426805171676	0.09403836929963912	-0.21627824935331003	-0.7028809985037779	0.8048401248690208	1.5020883088347325	-0.7105895722698392	0.4563258090073258	0.42015530588804517	0.3607244640419788	-0.8983283286843776	-0.23274523805905015	-0.8592978238290269	0.6874847699421103	0.1696473093263616	0.1493178159997009	0.23769885950808659	0.48704134561227275	1.0539026367823852	0.35775903177526724	0.7773553543974017	-0.07915003138937354	0.7397467358867561	-0.005252588570960184	0.19269924653183018	-0.24653465051576826	-0.28777587759949314	0.23064355271889486	0.4724184930986479	0.44231393754153214	0.04511865544505614	0.5176984937676616	0.39299084854341443	-0.2648885444303193	0.29377530858022743	0.5168594868871166	0.25526098950113685	0.21636904704024748	0.4908930171194499	-0.09887578756550468	0.5450484252734886	-0.11855249100690568	-0.09723184035987827	0.11135528825127242	-0.10881193249374203	-0.42133856329390873	-0.19199475703299929	0.2948104722103016	0.712602650731413	0.5047364805556609	0.3558399077820656	-0.5773039753279511	0.3407055436091548	0.364155700174428	-0.03475826954465696	-0.015047808714789005	-0.4150635978018731	0.1957558844451799	-0.3202539682745778	0.23608313195442582	-0.309939993660612	0.1656545509503901	0.1307416844262295	0.2511126355703689	-0.13149947911063098	-0.35856308599011144	0.7292176544152944	0.2515528798993021	-0.13264017528764796	-0.742620126394237	-0.23418359222240112	-0.1271225089613248	0.024639672033351646	0.5895506675484541	0.6884121162390925	-0.20860955203787937	0.4724034716603121	-0.36260063126115905	-0.09926840112007888
DTXSID7057608	-2.843640963530802	2.3584707755479486	-3.1109969091984135	3.0677044611516955	-1.4730650214682182	0.005221722179732058	0.32057929115488293	-3.191103383707587	-1.9058133890376328	-2.4515295851783434	-3.836725014693213	-0.30444170046069396	4.320004581922827	0.19819957867702148	0.24546654442893578	-0.627736052480542	-1.3412682404716971	0.12061253393603784	-0.3535674479366212	1.149354114235203	-0.5968338185041365	0.6828460256449387	-0.7039998748484858	0.03997922802544213	0.15798713736473066	1.125926024457054	0.6323410520775515	1.233916255218996	0.20628651477127255	-0.25400329250784315	0.5965682550589708	-0.9026025741027925	-0.18078188176432677	-0.09557359731965123	0.12953850487169397	-0.2148048393789168	-0.4191390150393378	-0.06168632842966446	-0.28708840142965714	-0.2653496988062429	0.4363878525447695	0.8894673053526432	-0.9989976360881229	0.08547747791485481	0.7614726840038555	0.17220279697750682	0.06052224769070147	-0.9939013251871427	-0.27311307601914125	-0.12703926193050052	0.059371534712193925	-0.4105770734213203	0.24665804210945094	0.421350593963929	-0.9475786599032336	0.31351447346783506	0.20321954882351873	0.8859430969504127	-0.3957683079154795	0.6106127778434912	-0.650633120791407	0.4568115383978947	0.36166190738746273	0.6980729598274513	-0.4764444148627049	-0.46982748223132936	-0.7007719386569997	-1.140454044798322	-0.015595608935911246	0.1247398359810547	-0.0812664717351121	-0.05107463646922271	0.08373862850917212	-0.7581826073730353	0.14037477400290843	-0.27330754784370337	0.09708931309383423	0.872804245649379	1.2207508970075187	-0.97379847598513	-0.8253673080146839	0.20925830399953627	-0.806168759579579	0.34504813828276576	-0.3901868946302692	-0.6292256313842228	-0.11616660751704266	0.8160331972640718	0.6184569157177096	0.5258448486733271	-0.2799283177825834	0.23446700426956885	-0.03999283380453943	-0.11833722872238889	-0.5333840027529538	0.24711786110950362	-0.2677675151759628	0.543350380610417	-1.40053842857378	-0.3727417228391444
DTXSID9021716	-3.0307121997134225	1.6117750877536658	-1.4537459150337004	-1.284508449344814	-3.6295844024498933	4.785314575611623	-2.167617404433965	2.5309633673713914	-3.5438091580247737	-0.6863714820260354	-3.546292848201301	0.3613297454490712	4.849838467976567	-1.2753891678453686	-1.0670884006210803	-1.426054405820198	-1.5588130044191688	-1.1585510619903236	-0.6464097531077716	0.6850817586377382	1.079304008429257	0.5287820863548419	0.2800731304919568	-0.025923293586271587	-0.45626130795609765	-0.6008039809863392	0.1328448216956768	-1.189140208350097	-0.09975032015791468	-0.4994718661434704	-0.26314566319172306	0.602180686828387	-0.11516894618280875	-0.25962583012711876	-0.2530844594129109	-0.29217270991162086	-1.329124770585564	0.4357173143064058	0.4466991720007368	-0.14828148568467545	-1.1612063210911474	0.19990010559451035	0.12534156323149986	-0.4370066504325312	0.6184858987971312	-0.17956014392703834	-0.41952050378291517	-0.36432994151111325	-0.2393707304040282	0.44638266739529203	0.0978584047170452	-0.03948853378256607	0.1754573779788787	0.03821620855440934	-0.21099164646738044	0.2249739079073327	0.7549662689154542	-0.5199716253924598	0.3062524048435124	0.5951729148024905	0.6643238609504066	-0.2800554250742528	-0.03224081706029393	0.13187656958885752	0.49772025694239974	0.1509661114366964	0.3037800960647891	-0.22993938811346848	1.8180876120855218	-0.030247677000014173	0.09924135273690371	0.32149222072548445	0.45891136482194966	0.2536064507063091	-0.31346281945695337	-0.2584494639269166	1.4331948335461975	-0.08770698166769864	-0.1588679955486573	0.7671613349142999	0.3837210102041535	0.48889747378404785	0.6378619621840366	0.502422045956661	-0.32649249504729677	0.3092281248747814	0.0683618481015547	-0.48392496719701933	0.07587080731570146	-0.38964759849752956	-0.5361916137810405	-0.2533609544663241	0.22897440531996074	-0.12298257522074907	-0.3395525782846119	-0.6099232938801213	-0.1316602004262318	-0.14526996767751862	0.009375509407067727	-0.3416785745661321
DTXSID2041541	-2.0703117307623615	-1.7863229393510567	4.472682298675491	-0.907572672119023	0.9345689567522862	-0.48266847928315754	-0.5988589046859075	-0.20235738034814418	0.06495345008893973	0.3939704961535781	-0.184006055223331	0.0024947749678076534	-0.011173961114180866	0.322390485302525	-0.7615425625484219	1.1962763229106623	-1.0478147702077028	0.5577638707050784	-1.0336857737902003	0.5044822982581959	-0.10933659122641902	0.09675086078903036	-0.4567394892032444	-1.0720525261872842	1.2444559227835081	0.5512069080432651	0.2504185475232382	-1.269271716881241	0.16039880496269132	0.1451621975607762	0.34811923875211476	0.7371791102371533	0.13907581115718864	0.3565885332087261	0.8099928438535204	0.9398902843774493	0.6477680065966722	0.3284463560213775	-0.13795899803367312	-0.15368239856336444	0.4759847644728585	-0.5421803744878565	-0.45891482620432916	-1.802240666180484	-0.15926489085403114	0.423707429140923	-0.7903344115575041	1.1277619379743484	0.0756805098221234	0.14396562686497308	-0.1701897915289656	0.3230970483829384	-0.20236463551503664	0.13397286183777524	0.5800536251911468	-0.13538009639251253	0.6384113002451767	0.24409402537676528	0.0715847276632363	0.32145653539747227	-0.6366993840961346	-0.27069783960105254	0.09269440216583676	-0.6249794256910878	-0.24684675264645264	0.059735782934728233	0.5396591752261779	-0.11885922779395741	-0.13573261548998464	0.43964499265517243	0.08731305247901967	0.04653758885653769	0.22843474559983606	-0.05999984211066673	-0.20395025843886985	0.6144444389650082	0.13195653044384353	-0.34645554224020714	-0.15929447681762168	-0.19296174785038678	-1.0422607554706673	-0.829257435194029	-0.22031189315509705	0.13323353483064396	0.03178949617147451	-0.1602449816404479	-0.9226782051262523	0.20897436975291805	-0.5557083263649399	0.30600800291732383	-0.06725048748251075	0.8739061411183067	-0.06726175541681623	0.8675244898360299	-0.6964365520542734	0.05688029371668262	0.25587004485973946	-0.15547651091259443	0.023052966399935704	0.004684091310100567
DTXSID3044598	0.03182509892375583	-4.860761132938055	-1.8999632530329997	0.359548574951468	0.6479545160945598	-2.1552485388314175	-0.7719785595402175	1.0727927933792336	0.11496843800014755	1.001784673070513	-0.749446287539898	0.011205314676088408	1.3142332166924762	0.283191336581104	-0.18438777381862348	1.4205880567131584	0.002347261222458508	1.1952380643505938	-1.05109131563664	-1.437161086836455	0.05657965471863728	-0.8215076845031329	0.2285037743604542	-0.033697713967548115	-1.4807782773874514	0.2801992723770982	0.39708308419600447	-0.08717275942211325	0.37366638766106836	-0.8732117615306386	0.3285909084778179	0.06746613689296656	-0.48764447434984304	-0.6771807560021094	0.2692389831841779	0.14076957928886896	-0.043841155579866904	0.7637762998375084	-0.1100327414646797	-0.6570940889528952	0.5948122286526436	0.8001212574260594	-0.4179537487867845	0.9258747536617432	-0.09576186598566475	0.7320767447407324	0.21530773298340816	-0.3144893681518554	0.08122513987180631	0.22269784215009486	0.1089441527825829	0.09586326627403109	-0.08291618992751634	0.30879251271799424	-0.5338222734400857	-0.30111720803764974	0.14495995430539774	0.4208889247780219	-0.9944100542947917	0.4805355156221935	-0.3986753850204192	0.05367769334921995	0.1457997424482882	-0.2283066003340023	-1.045914686623457	-0.42077250488871726	-0.182779706914541	0.8201414838376551	-0.4009456605859727	0.533014348079459	-0.4379628523772321	0.33749879416357814	0.11539557323890108	0.4305928377592869	0.7468330084224868	-0.30930161279752044	-1.3848120474005778	-0.3095599564369744	0.0644173245399485	-0.24128582773480264	0.16020833572906207	0.29623128704459045	0.7243387280640831	-0.2659816611755452	-0.5105778228370661	-0.015991591680233733	0.7179056551386274	0.1404277549660333	-0.738564446716476	-0.09822980273767748	0.20153980303617017	0.511415636286619	0.9711195669348769	-0.032270491417005095	-0.03208648831032564	-0.08081276642460694	0.07357251529916399	0.1025469298794078	-0.06940485243246076	-0.3662144230765394
DTXSID8044462	-0.0522588593898271	1.1274464436774354	1.098432745821124	-1.5009756455595953	-1.681348758189054	-0.6023728534961049	-0.8457302344357716	0.40553137492096963	0.536954746019404	0.13626591856110998	-0.06451271571430293	-0.233353262739516	-1.259653252474115	0.4214157321381456	0.7674586737981584	1.0771254156040693	-0.14280634085475563	1.514026776106356	-0.6747650608023502	-0.9846864360871688	0.35877972504159705	-0.6753483257428621	-0.5781625877646279	-0.6587038881322854	1.2812878795632048	0.5837400360566809	-0.27593333703525613	-0.9425362189992778	-0.048894417376410204	-0.18647935340964542	0.13809411850785552	-0.6608821991685899	-1.5055533580573957	0.18005293311193174	0.047182113799856186	-0.05854144196645467	0.32219545329629534	0.3324280499571069	-0.14558659695406045	0.6678263841018369	-0.21115520630818305	-0.3117596324485996	0.26165006037020944	0.16982924299233987	-0.10375634067219551	-0.1266959196066781	0.007112065928959072	-0.10757080873964917	-0.010850543296648361	0.052876469325197635	0.0754093749884465	-0.06290185585004189	0.2777854484324148	-0.3583993320002746	0.01114274831529278	-0.8241450586231087	-0.23796508885950793	-0.3529436655691367	0.5902466681117354	-0.2027633172637074	0.48435107925160426	0.17512858861233957	-0.15273955197084063	1.126966907909014	0.23009373955422718	-0.08974828114189638	0.1048287444040195	-0.5810569408339127	-0.4095589826411626	0.233671956911014	-0.20446446286450262	-0.5155140049159367	0.46876727293706727	0.17036198412581738	1.1485821077253215	1.19229088691702	-0.3675875483554619	0.6532013833466378	0.3143936530992427	-0.0792915680691617	0.7610070828566455	-0.3525401910338127	0.9329998539593994	-0.24073763053494884	0.562744805698973	-0.17423659101932432	-0.5226391632201006	-0.13426323949201646	-0.36203612688031994	0.6575077768957736	0.13414114419506423	-0.036694149678224444	0.534808266529458	0.28048254484908497	0.23283096605764061	0.27309477651919145	0.13710197459202567	0.19012720436540445	0.5230897516215908	0.5461330649569806
DTXSID1046427	11.48726452905658	7.294272029870994	-1.247506057613215	-0.69198062866366	-3.2189592479739075	-1.327867119468549	0.29836044819252455	2.6024790572232437	-0.4327849044735462	-2.0568126874341246	-2.0195263913634256	2.0382938948746276	-0.9829742228470252	4.399505775798996	3.962109281178948	1.2621547064200187	-2.6451845156511142	0.22989078018427386	1.4600752080604258	0.45188987884641085	-1.6124993063526896	0.56738867959073	-2.2962579807542562	0.5675919874625754	1.2982005431399022	0.9051695039601322	4.866520686697746	0.49001073159535496	0.48212531513700396	-0.2836069922059046	-0.15003894056232825	-1.9578709194529005	3.743695788965652	-2.2873518642956556	0.7426889280140785	0.04161933227238078	1.6284449653463011	-3.393561638388402	6.24115568633263	0.4154754087131249	0.17869935188170744	-2.171654013675508	0.5973776266791847	1.7416928549783697	-2.4754880533470964	-2.584605742383799	-2.1776110386457086	-0.6505955675002628	-0.8217214343133995	-1.9984601078815276	0.3860102661957188	-1.7345309380329919	-0.5041625379297602	0.8865769086190659	0.3118895733451679	1.4980217292236047	0.7768924196911918	2.2908665927522254	2.06108124399709	-2.1235985941025923	3.7816967132748753	1.6378250893007371	2.802006296416032	-3.5721349167906173	-2.7762755735926534	2.5801228230781765	1.1120637720260005	2.8962077118502836	-0.7154226213029902	-2.172862663369951	0.6408629347893149	-4.674501174302038	1.572993236342281	-0.19614367978946562	-0.01211181852662002	0.6308781561415694	0.6229972918803592	-2.0239003454650435	0.1416646184077725	-1.0026666539403535	1.4953903027083477	0.5956543260795059	-1.5808696558779203	0.010433806625741521	0.891013224387591	0.03182140451219207	0.5851768832725113	0.784479244653044	-1.9555917335166118	0.35098138970222403	-0.7698807166359426	-0.03636442302247017	-0.2246691209437231	-1.2732291322087765	1.1281409353246872	0.13539461329228777	-0.07907739295218114	0.17068907103780387	-1.1388286505471563	-0.8208747348342061
DTXSID0021464	-0.5581779685550297	-1.5265542816856945	-1.3844223260037412	-3.9115377414704455	-2.7166630813934343	-0.4782162098293387	0.5491347975436912	4.440773919445772	-2.5793377062250618	0.4016894975782051	-0.7614527664903673	-0.30488371600177644	-1.8965443147346888	-0.33911729635875104	2.371899274930876	2.8448333116290137	-3.802694011888935	-0.5675752748318472	-1.9513841778929262	-2.2819219505666184	-1.7391944096367062	1.9430180056671291	-0.31442517901873135	-0.33720477464189724	1.4746166425707476	-4.291399337688583	0.3175635037349351	2.7977525310217937	-1.7742768539058895	6.769515809577052	-0.6352008189885533	3.207608816830583	-2.9732158948121774	-0.5720008569091608	0.6063337995381771	-2.268171965036235	0.6722888676992889	0.8983404692576228	0.01454103741141751	0.9729028121464701	1.6653773632053859	-0.28514724639409383	-0.560648793026344	-0.38101900442780834	0.19862845700795204	-0.3479397179374172	-0.0672428619202884	0.6159195550329567	0.19239926319046743	0.039428256625712664	-0.09865214832126726	-0.6152405862079964	0.40299773337543726	-0.793236817510024	0.14813516742082924	-1.2022930434730998	-1.1310392353856262	0.6554903139314076	0.6569925320606901	-0.6510177180141883	0.37741133287787765	0.977078867070913	-1.881149100049077	0.3389071114535999	1.7997783441223991	-2.8843926727805185	-0.11826859592440787	-0.4926400189907151	-5.418760119442388	0.6721057234016977	-2.0322013012125244	1.4278729621982647	4.470767711475766	1.362313179246574	-1.0399304664217497	-3.5635958658956164	1.6402307804592144	1.6205999002996903	-0.32714147436399804	-0.6799225600401194	0.9129682111614491	0.5522250600650231	-0.5586343593693751	2.6173284441591136	0.15645910523065928	0.077308505058344	0.22284457997733767	1.1326890210151561	-0.8059403567079291	-0.5526550235771603	0.5328097019620862	0.31663852585118063	-1.0294081603134522	-0.1664499233148765	-0.07204610709655211	-0.25454920405416936	0.8962466826696512	1.3132018100263896	-1.5114233299214415	-0.1102527447987112
DTXSID7027334	-0.5638686961586721	-1.5385588714352674	0.8977503850916088	-2.058879751886194	-1.2010435115839309	-0.4566945469121568	0.5651213861829459	0.46704133620449007	-1.263991360341585	0.9906464931917812	-0.8102291315691998	1.719145421376946	0.7889601353203387	1.859792862722665	1.7693941171060101	3.8378546012527432	2.714989171958623	-0.7105157427143084	0.413374537130229	1.1212679984822649	-0.3482808094809501	-1.6921712249747434	-2.1036103779259934	-1.0522609338173095	1.1957178985094563	0.8211147295908555	-1.615825250148233	-1.5757612311523126	-1.0353670893838127	0.37213013206046663	1.663004148464372	-0.2953697204876419	-0.6468036236445853	-0.2325707094380003	-0.24683419485190097	-0.7400433558228251	-0.16627652305745771	1.290898207302301	0.003562709803545391	0.7696139920833298	0.5397539855604963	-0.7117467430462578	-0.8244980227163552	0.00800331227032195	0.6314277511698407	-1.0188153992017603	-0.4119148432752449	0.5316216387566188	0.2316533926953059	-0.28513797801053614	0.11959470294274831	-0.2622153845806536	-0.4810567959521781	-0.09316448184883656	-0.4347133039330579	-0.3489834710112563	0.2840758549508597	-0.11794603540725873	1.668528301416529	0.1665032981804369	0.7858593512595745	-0.7833712568090899	-0.882158380397706	1.3292099329605247	-0.11832888766611581	-1.3052132326351134	0.079091501590179	0.20548848203780487	-0.6514146233471098	1.1440954515632535	-1.1523285536266161	-0.26986236170875905	-0.7775611408785839	-1.131077243762672	0.8145686420729438	1.4532354640969183	-0.18328064278607695	0.34322862656674163	0.4689415185195918	0.11587882787469224	0.6809372832248495	-0.3195148227852837	1.6173169470699809	0.29174485723077853	0.0323203361046464	-0.7991228148838624	-0.48793488917781175	-0.05188637458626227	-0.5126144150649835	0.9635703306053808	0.8071933753996091	0.6514983844208933	0.09432044259945303	0.04141089587287171	0.42483549643190505	0.3868182011908717	-0.08483741783654475	0.09099853257866408	0.20411829170052956	0.690921448394728
DTXSID9049299	6.127871560268808	0.68498016389793	1.2739643951357738	-7.216300398168597	0.5066278313238276	-1.2767585180200691	6.383193783222016	-3.56882764609347	0.9579885576825806	-1.9173416679751834	0.022289897570113983	-0.04040614272958672	1.6594114181158823	-1.7771918142543486	-2.8179938657760517	-1.563181199939436	1.7615618184188495	-0.8679577917698544	-1.5635317810422695	0.6965478169294121	-1.198364485360968	-0.011924679793531404	-0.6421386364198811	0.6687536354258158	-0.6871970600897432	-0.4166800654363202	1.3768202661135553	-0.3607205337553547	0.045860668478950505	1.0615642748978418	-1.0610456266566108	1.1303678976579776	0.33655614980411885	0.08846246969065205	1.3811227218554374	0.05475590537088351	-0.7549111622315927	0.19083867240880498	1.073402466564073	-0.14713980307958083	-1.3607481648745419	-0.08965913140509306	-0.04889730300675576	-0.058616534334219844	-0.1580535214752114	-0.054580093928917495	1.375182952599585	0.05992663662861675	-0.41794816761547926	0.024105699625053687	-0.14477182870216646	0.2435085456128104	-0.4649303366357713	0.0909948376236177	-0.018632928527007087	0.758980133786842	-1.1067373417815263	0.30625132532977745	-0.6348501543721459	0.2006631352036916	0.6026415500300084	0.2549729013306138	0.03647373634355091	0.3270650524622155	0.42409918440915023	0.8942175156235846	0.03065598449910234	-0.34300325649652347	-0.54871582047024	-0.26826070107391325	-0.345068690577594	0.14740127986917473	-0.10561282886457331	-0.6225023936517675	0.027340464189785856	-0.02008961955490476	-0.5800202119759389	-0.29475954093224654	-0.3647334109128506	0.08448764511560627	0.772013069117427	-0.4425465014595843	0.8468254980243219	0.4340548318648142	0.3969614581713176	0.009930308261157973	-0.0939104922174262	-0.1731816247368931	0.4936330350654917	0.328105314398086	-0.08777304592734649	-1.3453840855557755	-0.06279635140376806	0.3003324656570892	0.5060519970830126	0.7817082287146493	-0.25842696971893914	0.053401219065064384	-0.47257970018157236	-0.015515721349258476
DTXSID6025983	-3.5796259946915288	1.1575534393612281	-3.3449259724573097	2.059285435715413	-4.1325280175362415	1.3876925555566544	-6.706573992695576	-6.914047256862725	-3.997042550561188	-1.6919209327957134	-10.620378790728994	-1.2890396377499445	12.427519566896901	-0.5405903864356691	0.5113726316897578	-1.1187020674128136	-5.0859573011267205	-0.49038845513251483	-1.322563878218361	2.7172217676547836	0.9494619995959631	3.011066580669447	0.2323805293590957	-1.7424614797450182	2.269580833542437	0.7805640159076975	1.1075748808250738	1.239093177954025	-0.691773738179167	-0.12691300860650648	-1.076321522155535	-0.3767652533315347	-0.6621387655082974	0.8591374073589279	-0.7974078301497717	-1.001808301384322	-2.666008586705993	0.056627921901105084	-0.22814875797489206	-0.3903932830531821	-0.5711445802790087	0.10682218473599754	0.340464049667577	0.060821061342761586	1.280924412113132	-0.8126429274619191	0.6527088623338517	-0.7693257907492302	-0.2872358591115275	0.4687504770168942	0.2488916614029778	-0.7488484530420988	1.049663943051365	0.3837135526156973	-0.2911485564358951	0.45645066957616154	0.295261216421558	0.0002549720242986987	0.5880736956432847	0.04668570113592045	0.0030592711216218156	-0.29178882192927696	0.41839732408189945	1.1942255086543254	0.7249253836718201	-0.29824819276425907	0.39400025579685666	-0.9800008398014595	1.1554122385690504	0.052443689405348166	-1.2555774244531017	-0.21397095037350547	1.4797969285624382	-1.4246908744684608	-0.4761664490761558	0.12637296382179874	0.47764684781923245	0.08052778159896956	-0.5019272997069865	1.105041453414651	1.4706848522437488	-0.7962582914999017	0.41726558487586957	0.3481464807176408	-0.14810543896226944	0.2775504559510339	0.205781428021871	-0.06338648716758152	0.9952114507099425	-0.21110937753990125	-1.2083769824712167	-0.22948553069638772	0.3090451395885713	-0.3219474125569097	0.07397608033146766	0.09717305168660395	-1.1103431854427266	-0.8914678968727309	-0.39744828593348613	0.08957935820677118
DTXSID0024397	-2.1819770273618087	0.5642559747848221	-0.32620284964530233	1.6335676002609503	3.4861358575617922	-0.6077565495400702	-2.113203176325597	0.9616452487310985	1.127141695680409	-0.5000601536173827	-0.3008257201020616	-0.8859667111942263	-0.7829278942903591	0.8197352991860415	-1.1299015171746625	1.1684034277652424	-0.5644592748534706	0.3660287292028857	-1.3533271818818573	0.8081003124508577	0.5549080615982541	-0.06230787271214298	0.7639455380267716	0.030965676919516752	0.15930288079648122	0.8826372108602347	1.551525305388823	-0.6131194851462809	-0.3523399471208789	1.0173034390702782	0.014026104178980661	-0.06785753890635757	-0.07774653658146224	-0.24545045024271409	1.2012591155086507	1.406643631001714	-0.42756311798713764	0.0722924925012223	0.0033539033244333366	-0.08361850376968198	0.42704550460632307	0.6542195565604709	-0.4770866874380825	-0.4480809719362028	0.5324782385139475	-0.16135568039643977	0.12445192705656469	0.07802616373369442	-0.1886344303067188	0.4769530017023417	0.15463146704675804	0.32977114767086113	0.33464935060294204	0.26375105031122126	-0.49425158249844364	0.08575859668045976	0.5114674598020197	0.3050165245994791	-0.11478966867168906	0.6938581537908042	-0.503800916422797	-0.5622706312109175	0.3648156152668843	-0.4934537087098967	-0.11578466824504748	0.28038272031672173	0.07093754810738317	-0.12669698163806384	0.7658980477943549	0.3457806797916104	-1.2022510304909477	1.0156333223788838	-0.2144682969150822	0.10342002786517027	-0.14602533840523685	-0.40157730864843555	-0.5914505601310918	0.2590397175039222	-0.03178173177325383	-0.8556842204057616	-0.6697568467902276	-0.13766614548030173	0.09325390539884103	0.7997671617222197	-0.16637412040489197	0.07346989675712808	-0.30538912992488837	-0.5704634070536878	-0.0770699524396853	0.06252964188727024	0.40723495115050573	-0.40192949015119267	0.028375872731271408	0.2862803484144993	0.09579402119215498	0.024183750281598235	0.39209645661248954	-0.09802122704155797	0.047115422291429745	-0.1261397319434833
DTXSID2044131	3.069622428295506	5.8710287184682235	-4.605259175898485	1.6929684446574196	0.2638573560548742	-0.9655849055417486	2.687609863192445	-1.7491865076747788	1.280922291082271	2.1015315222611415	0.37558373041117765	-0.40338946234219114	-1.324001005644224	1.4358485122300644	-1.0408294831767306	-1.621699479123232	1.3710796577870472	1.0485316168997327	-0.6805661996452715	0.28174947395897093	1.5153862299321077	-0.31999216876397785	-1.1567197299067034	0.42574113718751017	1.0285567278801475	0.7045358672983022	0.6089832811298664	1.1187750930610243	0.05155982993034486	0.16536113833694155	0.36607400349020525	-0.476838223534397	-0.7199242977663471	-0.8937361993208608	-0.19792980000398067	-0.3286812876653569	-0.28517180128221	-0.10034777503410323	-0.43190570173757853	-0.1670936754278194	0.23521788911551353	0.8796502161803659	0.28932917091731086	-0.21556825371776273	0.7121211778474258	-0.4459468480355973	-0.3252539225386425	-0.19456132992942593	-0.41949267138265134	-0.6057065512396198	-0.2778315512998464	-0.5107131492661874	0.1137066031053488	0.015657981140978	-1.0861128100529043	-0.6551625586640007	-0.15959188311513983	-0.6107970445876781	0.1821153356297782	-0.3472147820129162	-0.7143533115000507	-1.0992617094572756	0.5651193275078797	0.6517870205562664	0.28275140987321185	-0.5135473990848487	-0.07594805429594194	-0.46516201893506437	0.018718033739367906	-0.5198382024902436	-0.08184969202054336	-0.28406734514671295	0.42233743636876836	-1.018132573747029	0.4597062873658924	-0.3456099941930172	0.5592200133872637	1.4563056133348038	0.1415093665448764	0.2896852484326272	-1.332677414675233	0.33461528949974706	-0.9893144106736507	-0.12415117396335731	0.6135953839766601	-0.25726098826419924	-0.24394194229479893	-0.7858991703101104	-0.11023499009709106	0.37220910776656363	-0.2935505275451679	0.6105812527683371	0.17479549679836678	-0.6737869837863991	-0.467998901113058	-0.591235198004767	0.07258824176927739	-0.23755300870437585	-0.4421857500346102	-0.003157517894943657
DTXSID7024328	2.5465995810978845	-1.461505365799713	0.43863575129961785	-4.867489580325019	-2.2764061374527094	0.5442747925472026	-0.12169838221211705	3.0560141117721833	-2.017822041675825	0.5348974601766099	-1.3796165469883737	0.2253465874206326	-1.4432042749774672	0.5988312658460427	0.29684455905284984	-0.06469809743962834	0.29242011702561144	1.4956476442601458	-0.27877645144046437	-1.0928944698206733	0.9522584467304557	-0.5612345152628339	-2.386413038616874	-1.0047627415159273	1.2535849433084363	0.5157793834376708	-1.1432811872450739	-0.40256129817494823	-0.49257824639314385	0.09620483666187475	-0.10505467757292807	0.0731324502819787	-1.416005738011242	1.1229065039644555	-0.09432580465577045	0.19761512778847015	0.2654958517306856	0.35294382208107267	0.14420748160838978	0.5479728046829916	-0.7772217189146493	-0.4093387450516351	0.32116436383664454	-0.07364306370362898	0.446920729665905	-0.5827181304556243	0.07784775404567035	-0.22312667002610967	0.13959690677083836	-0.13012536661033391	-0.0033366266558177296	-0.2947866556952588	0.374775034779067	-0.8166233165500735	0.07265448239310943	-0.6115757905011723	-0.48002100558705846	-0.49739707042818315	1.0146750277134489	-0.08780722494102312	0.7807233619617372	0.38576385891394893	-0.15181402876538103	1.1150265676331381	0.34436097565018786	-0.7033838061529402	0.521010289300504	-0.9514305026351816	-0.1988466518196609	-0.3229957403009456	-0.9802530454035945	0.4230590745649297	-0.5172053213079002	-0.017523331400425154	1.0509082831978287	0.45920106667395233	-1.4367832388222235	1.369195038568593	-0.5581381225413468	-0.11004040484710519	-0.4361366043702557	-0.5920020696831995	-0.23104054913586916	0.7017316500073103	1.2795155653132066	0.06877952548643941	-1.326321174154009	-0.4554286580148521	1.7802977437060161	0.0238974274747764	0.4999960651984641	-1.1319411642145782	-0.3897958440238125	0.20732178633394802	0.20409734838142113	1.4976776417870825	0.49933853466190015	-0.3173210944233368	-0.5165283895756505	1.2351726328792605
DTXSID4047123	-1.6260231642243619	-1.877326347907787	3.524730015247722	-3.2865750478130185	0.2765016887820873	-2.66055522089904	-0.3120713405969616	-0.1745607130286436	0.20089154506539542	-0.6319946998953586	-0.1043622720024432	0.6241209385421131	0.48009627383746056	-0.12484193165534319	-1.856499612805565	-0.7399458435772729	-0.12906363381680566	-0.9882382834356972	0.45417445720017474	0.30792319935012535	0.23852864822766146	0.45101993225365994	0.2561909675366779	-0.26637625328158787	-0.24241616073391045	0.18839100908258208	0.13752198932112084	0.35964765895586137	0.1614122691576497	0.24085126122232345	0.44731345529278577	-0.6292527324014765	-0.06276943903400653	-0.5345889189383262	0.2202119037860393	0.08501933337287619	-0.2961686582510937	0.34096756209605755	0.23124132103639616	0.5250022111043998	-0.0107033231154402	0.14812834998669983	-0.23845333682957603	0.024377617264639433	-0.15792519266978217	-0.03719031087087418	0.3094868636016369	-0.26687835617133493	0.06299957296062364	-0.1396686023911238	0.11730851516201485	0.017679233589926145	0.025696470605360507	-0.010048983031469361	-0.07639254109772672	-0.08365078482650345	-0.07582759459488017	0.020212952512229442	0.11735103030769259	-0.1923494666309061	0.3163420300094144	-0.07007925145218494	-0.005343533151523696	0.0033667647562303617	0.23159864116661655	0.03157821813403254	-0.02885914741594183	-0.06357455043097876	0.15544906566052955	0.33874608043933757	0.39054890523510166	0.2682561747433582	0.0652290476990906	-0.03176536935682519	-0.7538521967297277	0.10934908863506321	-0.22351865242720662	0.4522231430078412	0.27782739006977764	-0.09662842214401393	0.2505713972782716	0.09890533932383862	0.30281711690899044	-0.04551237535555599	-0.041993835956297	0.03326513861073774	0.021781860696097805	-0.5161488503445327	0.13303908490710115	-0.025471211459500515	0.5491247571858049	-0.05202648011286033	0.032925734518846096	-0.1023329222256506	-0.21536618388800544	-0.1033941522728161	-0.13313579922017302	0.10399777380018259	0.08183597626248972	0.022649324257359667
DTXSID9020243	1.8232407830400645	-1.227245811126773	0.47427421162427413	-0.35363148676306416	3.8550961111372097	3.3970765545969885	0.4362817951555203	6.9695158379883955	1.030548590920323	-0.7369118510344517	-2.389137765934755	-0.1453204262296735	0.9252496184288438	-1.923476499357827	-0.40036746742431756	-1.2984451882794021	-0.0033382620999149208	-1.3227546598059168	0.6598891828486599	0.3425260922591982	-1.957507971053823	0.619746161423886	-0.6622078315330252	-0.37287780600752257	-0.6321374618897277	1.101007331909186	0.5658064957676017	-0.9453054530254066	-0.4900633803021025	-0.6988336873503209	-0.13118287823051014	1.6829380681731299	-0.16797179496376968	-0.5462800434328028	0.22205292746954136	-0.778835721731255	0.7988683880135704	-0.24580779764888838	-0.42794007003578016	0.044886373215710644	-0.16441367937358153	0.9361589069868261	0.21085797004205623	1.0992711065568712	0.6157334266756161	-0.6127690625874412	-0.2990504141715624	-1.3254854180905185	-0.0660462921381548	-0.11469658490629175	0.38724175438210645	-0.773796577236488	0.12822115570547513	-0.08969571182783975	-1.0027945500596467	0.4518534006254339	-0.44756767895835176	0.6523898149336793	-0.016635096126459248	0.2899873085052811	-0.5534209754836921	1.099636610723547	-0.2506006975011391	-0.18804448932208698	-0.5057329148117002	-0.16712451112657364	-0.12786300799450775	0.11258256023307098	0.13399164735295435	0.4445927576773785	-0.17087207602249035	0.06818524344212985	0.17690762423229678	0.6564820135597684	2.2862227887536073	-2.159275867222923	-2.10773280311723	0.968691071149335	-1.6261472355155786	1.230697732207502	0.6357436042091464	-1.4960928118823777	0.7689545896609117	-0.8440424919752473	-0.8881394576925921	-0.4094922755483331	-0.4258566446645942	0.20261831039769038	-0.05572278981807329	-0.18419764332142904	-1.0398701953881486	1.5670459709715712	-0.9231900001615404	1.206692689958015	0.3691228723717095	-0.4960448741928148	-0.48489719982021773	0.001973488523174165	0.47310976558008005	-0.010635828921505592
DTXSID9023623	8.412617536514952	1.8070772778285735	-5.457607743389718	-5.07615585768445	1.1066284790253365	-0.3689861217015795	-1.4420980018082266	-1.7349904979804252	-1.4364742594986615	2.804010983729887	-2.73143589143402	-2.78106942356191	-5.862635434430605	-2.8545215640973836	2.0333634304930106	0.8331055032852392	0.8319944449659965	-0.22050990536326706	0.11271165891398206	-0.7921143937205216	2.3259024411350286	-0.6854976416257827	-0.8907549543666361	-1.3313318317409097	0.9205456280141495	0.38426323544644386	2.6312333399853856	-0.9429393234424069	0.26186718446374235	0.08417923630828866	-0.02404728373301089	-0.8807259271107435	-0.45808677904778067	0.07099201303987265	-2.0782508276232523	0.21356312620636345	-0.13143445056883363	0.24019837401191654	-0.24510999457180924	2.0258387633768065	2.657072256496554	-1.0477309499813483	0.7819238594907201	4.102861913860583	1.609521943169482	-0.7716012697479258	4.015275243246248	-1.7392440894581351	0.985437584860105	-0.3389558088779755	0.8048287507256097	2.697956770561279	1.4414011788629604	-1.1767040153574895	1.0426989723691245	3.3966777120770337	0.016802928249137747	1.9378587626060708	-2.160828288470123	2.836580414789048	-1.625349573101273	0.4016999756225935	-2.5448797325631407	-3.2277898046565365	-0.20408706903407003	-1.1237506890959246	-1.2369845250223495	1.1913139759598002	1.178265439394988	-0.04992955068197459	-1.4878193708680627	-0.24818788788470683	0.1004451616449577	1.1220333497901462	0.2316825521967384	1.1184374737888234	-0.3129541710376372	0.18343702015753757	-1.4867041347588243	0.6678236165890209	-0.8279121434492454	1.2106309336237704	0.5788388058186433	1.0453188017110902	0.4930390659664843	0.3124638634244904	0.012970012896703834	-1.3999841763916705	-0.8726161758833606	0.5636089079342892	1.1524006527990662	-1.151778094386415	-1.695354949080339	-2.2532330037732433	-0.3941794661071545	-1.0359368570130811	-0.1390217677270417	-1.0421579557225362	-0.32782054951832096	-0.01261171756145117
DTXSID5021627	-4.699530451947323	-1.7714200367513073	-1.2570167369321619	1.4446128054501695	1.355185738574812	-0.11964818471126165	-0.32280290151568153	-1.3387249116634392	-1.5726465784473045	-1.9863834431604785	2.431699572714262	-1.28408602214612	1.0694129744871415	-0.27282714375334516	0.9278554354627602	-2.151433104332845	2.1024118486546994	0.013555246304323686	-0.6586346978275598	0.5163860224102015	-0.15758148997027396	-0.9231672600541839	0.6085416540700892	0.9033824358499314	0.32624512176569054	-1.4139994445063941	-0.5703630745799505	0.7671911621248636	0.5333195906953051	-0.3259193794550308	0.5304271476299436	0.25917388150707493	-1.0137304679108956	2.004416147802405	-0.19442164931448494	3.9726489592606726	0.24421417986975655	0.023431715629861384	1.9724440869116109	0.26164172829127413	0.7450755266609176	1.8319559688332452	3.7306072082429598	-0.9248265408142671	1.5782388479752363	0.6077660475228617	-0.6258687030926953	0.8557408713123298	-1.1170102993450484	-0.9917030763035803	-0.18637627272996282	-0.7748951711818586	1.5194338105202587	0.8669849451202196	-0.157311577325191	2.113927369658142	0.2391154609692356	0.05375987443518422	0.38695518175398874	-0.8995266335082308	2.0047153090728234	0.7330676213982191	-2.87130762118309	-0.5496407384941356	-3.0017046471536495	-1.616651602651773	-1.2738549872380402	-0.29916966507635073	-0.908095930618318	0.23730779999817075	0.2855474797739881	1.1364360591960978	0.27067743856573984	0.3284100821723325	0.2578624909126176	0.4058244685934153	-0.7525990084217279	-0.3881122371514836	0.14422370346390737	-0.24232787732036634	0.7952710448029747	-0.5017543430114457	0.684448562244368	-0.27850297447176936	-0.3483033656332996	-0.34977883009271654	0.10004759762780854	0.33550080194280124	0.18014810613812365	0.4883219125638103	-0.5023704718722555	0.22612583682816578	0.16423830024694328	-0.0728567996014264	-0.07342258607948197	-0.03172795978225294	0.3523914428754641	0.39581362502052553	-0.09083122666447778	0.026487847563453758
DTXSID0046224	8.811653006777115	-11.34708237803475	-8.054669859754823	2.373598117861488	-5.9593060386153685	-1.433265670847039	-2.900915842714681	-1.2869148164963664	1.7144099730954148	-0.006563592642566293	1.4339672903128762	0.45441197759152924	1.4371561739706031	-0.5861086232985327	-2.6560422579789025	1.8219038043971982	0.3119611129873517	1.4678450259033167	-2.916134719790809	-1.8267617188598517	-0.44666644782682285	-1.3064623085733051	-0.4060085218448567	-0.33110416016210614	-2.7218546527467216	-0.10818632322612086	-0.07748151270884397	0.08294420095499583	0.032136401585392556	-0.39262795627713276	-0.6010594117851116	-0.5617497806763176	-0.25350018679546926	-0.363267304735535	0.4106602081369084	-0.15437568490464643	0.7095435313309801	0.8542219480043306	0.5777672131168542	-1.0148910420510207	0.4613510008961114	0.9241156867729899	0.2844546514341995	0.6603575257208835	0.1818287400397668	0.6520820423455278	-0.017664226696583234	-0.15481396279224055	-0.0365194938649658	0.14896025960029902	0.14338016584218669	0.4507650059316387	-0.03398383409252041	0.11725629096612782	-0.5903019707659803	-0.4244209623298364	0.885959742817535	-0.27271296957079	-0.5744786241209493	1.0995064500280312	-0.4129238344128799	0.3837674940419519	-0.2511611391004042	-0.06342525837271784	-0.5681298666404214	0.7404697982087989	1.0374779690285938	1.4533553368233827	-0.3345977639538505	-0.8197508876496713	-0.35583962322270946	0.4098119476257105	-0.11739661469475181	0.43041302516633195	-0.6023437497630051	-1.2632431126621042	-0.7933923684571123	-0.007438209812541812	0.4850823255582654	0.12549796513273914	0.5818038295250371	-0.22419676441972566	0.7451493449526327	-0.531644074611885	-0.43840193190988963	0.057097736851749716	0.6825932880946334	0.28203407411089754	0.05513269702020707	0.5302914552827387	0.33248042291709806	0.4727903903997691	-0.8238180891369826	0.009209590205546538	-0.4782727545705622	1.0590746368786346	0.536508970000627	0.5876001853748055	0.029547052368099555	0.5277057533836315
DTXSID0045096	7.98080528898471	2.974371590812656	0.9999148237280616	1.006238038474155	-2.9871128677544365	-0.5713927840545863	0.8501000171632097	0.24585344288023075	4.140141221709556	-0.9509992539008383	1.2833613740404548	0.8025603410811327	-0.965250928913235	-1.91618285032764	1.3396364898818163	-1.1158678168117688	-0.5193626734106063	-0.46787887922771476	0.42199843472090454	1.989704588406037	2.2362332734250074	0.06711584991663753	0.8941986898464689	0.5377669199377831	1.1612531889481998	0.4351110021810528	-0.8811787762347955	-0.4956049214290856	-0.03551095955399928	0.45022775449223096	1.8266140037313157	0.4345184190186648	-0.011434785860772035	-0.511805788927152	0.10332825888218834	-0.18519806917645046	0.20460084118992164	-1.097183534562796	-0.5490664599731134	-0.2983460712000682	0.8023826281724857	0.9531379069105064	-1.2347764064966444	0.28399685435033595	-0.6998958723867271	-0.1978582527786409	0.4369413970590177	-0.5087542623709997	-0.16154566619074476	-0.23461918518911168	-0.05909845826370337	-0.3280014300350206	-0.3906354353344323	0.16061742974368315	0.456703200795736	-1.1195357126689636	-0.4732550322232186	0.7646642209638179	-1.2749426186961252	0.07932584808924686	-0.13570813265373124	1.9340131805448064	-0.8673089911082943	0.5284631819194593	-0.31197094809649895	-2.187699471495829	0.2354731250160029	-0.2687900587260788	0.12870676989635652	-1.1939216132720598	0.845997068602293	0.33784665129274283	-0.14285801317306818	-2.0894588004807444	-0.2804557289890053	1.1188425262167958	0.6567945307931995	1.7798593773912508	-1.7854497978762673	1.2403620209206165	0.27704456444810377	-0.7107617336101097	-0.6612533639528747	1.935022863029666	1.8150986758061034	-3.532276061934088	-1.0878265773798341	-0.39458147057908843	0.8572343857508143	0.2847247059927216	0.23663278992377232	-0.781034839104118	2.209785089742189	-0.6998847128165085	0.2633754415237205	0.19962805122194674	-0.2878098075750383	0.48266817365092335	-0.6134179535415213	0.05929628352890514
DTXSID1046760	6.789553909662443	-1.1562894738660754	2.263280310105369	4.851798286878531	-3.853996253881771	-0.10471752447739713	1.768681214324368	0.2935777607977293	2.584382545804855	-1.5569449920270946	-1.4116688993615107	0.2737126665249842	-0.350138178684232	1.1460113495595174	6.154450079215567	-1.5747612895177578	-1.727745192355147	-0.5787878282186875	1.5452056069661317	3.8864249879689376	2.77405570724421	-1.0195202977694162	1.6676218548221495	2.5556199782170435	-0.2877698633082145	-1.4509017757392888	-1.217091992130268	-1.2992251427778136	-1.3461140847464215	0.8198813273941506	-0.06472939474080744	-1.7683154830961347	-0.7444916783306702	0.47599937904221185	1.1561420748834499	-0.6826522457673099	1.4833080974876327	-0.8850043686636795	-0.11119385104688384	1.7387154821418254	-0.5030660731454397	1.8593749491702014	-0.354604097410822	1.0490903423813565	-1.1920981501546486	0.16557414660094863	-0.7498815546343132	0.5658240220693673	-0.4328247706292836	-0.5939285332525429	0.255143211732914	0.991071519768835	0.0745735978164331	1.992977500057775	1.0252175996460096	0.4556491623291693	2.064819702513987	2.2590081536802282	-2.1202812865234377	-0.25689213198998656	-1.7855815892900873	-1.0659856227612197	-1.975082622670739	3.3541890837110127	-0.4191624491775714	2.84410337352357	1.6481680560338183	-0.4719241057628978	-0.8723829583144369	0.8343042611892764	3.7019012346044327	0.3716814695181584	1.1721991498843989	-3.2901485149058955	0.1929745278733832	0.690668758822997	-2.286036299629108	-0.004537583411730633	-0.5621688645161659	2.8105005196530906	0.8438563312988647	2.646796056807656	-0.06883819909699869	2.725176017855534	1.2200255251573175	1.314513272634656	0.6337276635268817	0.8735810137127082	-0.07568512065855239	-0.2297506106573446	0.2065908380841273	-0.5410899199110294	0.699101107941978	0.1921970592773088	-0.5432626302147958	1.3658894121303335	-0.1725117843468835	0.2558401437856298	-1.279987307061436	0.35321597899824675
DTXSID0036508	9.307957842896665	-2.5795026941914703	9.55608810998376	5.5974416444205435	3.777793326530623	3.8773124273697186	0.2480447829919781	-1.1168815550820546	-1.5907025107659105	1.88131306351448	-0.33941332599179724	-0.7829003645205036	-0.4585733756725556	0.6947820046185643	-0.22181498562279667	0.9983617751544641	-0.8886654720006496	0.8473551898531856	-0.6832341763558833	0.4297358364224824	0.18242617539334743	-0.07015399017385143	-1.2346794106878005	0.17052386407390635	0.4329324635338025	0.3698947175867942	0.09223448839595329	-0.554087866206071	0.18557054671032988	0.06647003923837871	0.5151340959021719	0.2155350752244148	-0.5954258847857465	0.029931283050861086	0.5584581876976791	0.8454514454937043	0.14755892513981858	0.7208377593080607	0.2963966750788774	0.31029345190199065	-0.1442369771436149	0.0755701365974405	-0.43101148300973346	-1.2025465543562843	-0.15615606622787617	0.39389813548401653	-0.40297517640758546	0.9318976184219389	0.2553682053855353	0.18097317315076691	-0.14047352050231895	0.6107425405158486	-0.39761335556101585	0.016208532242977365	0.108512529109456	-0.24393404040273922	0.03188396152248822	0.07331579889817483	-0.21804176552466403	0.12601683525736904	-0.4984646872468154	-0.5524727528168126	0.31334901743695626	-1.5436261930607786	0.3615942250392334	-0.4088776604968333	0.40006130731350736	-0.761521496421614	-0.37306991598055006	-0.6166523066030203	-0.5033314698164957	-0.3916885750267522	-0.6392063684686852	0.036468631605533534	-0.08074799850524048	0.4132938844043967	0.34148621642993	0.8523214172724536	-0.21879226868512028	0.03084315666638081	0.9951211366827548	-0.7225138754210785	-0.6537996513636131	-0.1805591393735885	-0.13669387114097512	-0.19739907466924356	-0.3325267413344877	0.4427393113230507	-0.05187230277338918	0.5357133200345091	0.1411691526196417	0.4689552855415221	-0.33901481484986573	0.24088647293719742	0.29381533556457917	0.6130355480167275	0.3770898457636412	0.33271441460392687	0.1576564843891279	-0.122624652958057
DTXSID4045476	27.03191544931707	-12.649916675742853	-15.26797240701664	1.339242879654155	-3.1714243144575662	-3.6063532241586147	-2.825163085599135	-0.007213113262931147	-0.8869435188146434	9.01604040581459	0.03496067562639676	-1.2151663067827476	0.6375086351993628	1.23476685250068	-5.279120186667191	0.1767993568508279	1.2070768302871293	1.4429109413039523	-1.5293058904715546	-2.4124957741552118	-0.6638752302266079	-0.692485916443785	1.3434505959975596	-0.0051955203481366796	-2.3880502301577593	0.2195873557815389	-1.5476597620768515	-1.6258660402445246	-0.7718176891506716	-1.4184576993613736	-1.2790270979356422	0.13255738499459224	-1.3794993179746013	2.0568827327129675	0.8743153424800328	-2.8455062816463887	1.6646418922743285	0.7749299822086558	0.6370175841433217	-1.1956575963756082	0.8003222590759914	0.6987408394938394	1.324224767737123	0.262067176850525	-1.4518272253239182	-0.04279470146091876	-1.4078849759127616	-0.8236167673461349	0.053508453925509535	0.5798778241825755	0.45784204739314505	0.2801862109095181	-0.4725006643106424	-0.043119882239416304	-1.1400453735743974	0.48624529938796146	1.6349670588930885	-0.3555340112561139	-0.5758167803013531	-0.308067932153408	0.25585974269703476	1.8862605273739261	-0.24760338849664068	-1.1488669109689864	0.050988139256100934	1.0791263575484016	0.5768348242790051	1.299111694192616	-0.951256549636272	-2.3402217136388863	-0.6134832218026343	0.0027273440009791244	0.11791384854099167	-0.21043447885526037	-0.7426451366330655	-1.9035045249072355	-1.3102961259000516	0.07363905559023992	2.3424240513942554	0.16258401529121264	-0.4078498268606765	-0.4108142448932649	3.124744334581316	1.8324883984143283	-1.9699401022981358	-0.6343226646246498	-3.3179470983843964	0.8399834718093766	2.344334641454096	0.9986077330453643	2.257442630667876	-0.7853179156291685	3.0653546496187407	0.029087924671108205	2.2795346382247224	-0.6581739204783678	-0.5180271049434647	-0.24957637240296424	0.9818130599679291	-1.1583820106782288
DTXSID5033096	-0.6989101228008476	-2.7991652369853	-3.601039294766509	1.4618164480311435	3.1938282685075023	-1.7569977722722538	-1.1224114069029372	0.311550302348937	-1.1013762475147515	-1.2771558641046075	2.5117789261818446	-1.1222451742491035	1.9323101168308454	-0.9103508696969346	0.175960266775314	-0.7587222337146788	0.9876433443403839	0.24833595056428967	-0.3178541117204801	-0.1976299867676546	-0.22777614992418208	-0.8470127937519106	1.6631824821077987	0.17213089180181335	0.034837093443220134	-0.6872630317167787	0.0937240637377713	1.4337457447116186	0.2600224860303229	-0.2685177733314073	0.933226444261805	0.35145212443987933	-1.0018389173236837	3.39422650032567	0.5205518677746028	1.5646909314689634	0.9132998491874382	-0.22807958554340835	3.3729245690733767	0.12546234505429177	-0.11734576105459699	1.9187904864849206	2.345940140936297	-0.7043977054815769	2.1419817019644456	0.6088126843184163	0.11763537379927622	-0.6860858504214625	-0.6854319540703405	-0.9179313208044066	-0.33266257718532855	-1.3604445566843442	1.2204103084544475	0.23614696261620197	0.05599805612835906	1.226264118402978	1.1234723492720529	-1.7559721424236163	-0.43923611886358793	-0.33104781541402684	0.8035925822099175	-1.1292424142345823	-2.6517696659752112	-0.1102703150283018	-3.067130220130862	-1.611256907067092	-1.6212734719381845	-0.025763204078209145	0.1739791552469198	-1.0626687741421732	0.8922496585171524	0.6461909906204002	0.7471820716914993	-0.31312394320419773	-1.0711742166582605	0.2689414368476532	-0.08710270295923078	1.588723481770874	0.20238942462576962	0.17189472294934696	0.07257137133204769	-0.39748588490047104	0.8826550295603961	0.43616404429976513	-0.23129116613743803	-0.10769125411241276	0.7211089808040467	0.0747449063004596	-0.4019595731435503	0.681767328958399	0.08738551016049342	0.06414006204922583	0.9867117870605424	-0.08168635137111242	-0.08970433861132508	0.4130225388469604	0.7608895909924162	0.12336004648074747	0.6547398839243286	-0.12208392185328246
DTXSID0048187	-1.2976511556584287	-2.041504737786368	4.8663585435135985	-0.37616934865372886	-1.0292133263845986	-0.21966609486205724	0.7317090688467213	-0.5614816653020124	0.47229762695275596	0.6255569865643824	-0.488383196008741	0.2143905523286256	0.3207094121318545	0.586555466260038	0.7056249838036724	-0.5067767914455003	0.04860169437511083	0.5021379962982148	0.7493854088915618	-0.5147409671674146	0.2323740660032564	-0.29019482597590096	-1.538762365554573	0.22223446379106399	0.10774404734162776	-0.785872294674747	0.17221815615277306	0.2210376344825872	0.11436300184915127	0.5213576443048143	0.3913031781759065	-0.4248414807668086	0.7440413378384094	0.42168672781814576	-0.1890637660654254	0.6740351974914424	-0.5538147833766226	-0.5013865830785164	0.31045244366144126	0.3746350616757755	-0.323612788559179	0.2669967756710406	-0.4586368421843309	0.24162396458780375	-0.7898432164490891	-0.03259888947635786	-0.17229379028490344	-0.6437400385673154	0.027533923606363912	-0.6877325871266381	0.12240352218544838	-0.2419812268377258	-0.41511548630051387	0.17556260777909458	0.4574686194677843	-0.7816771264218756	-0.1029501347126812	0.28754971793916256	0.3067621659642364	-0.3608242953839984	0.2016226690382676	0.4123386310580163	-0.26770796452763873	-0.969014967825733	-0.09479130552136977	0.13636893380283877	-0.10189931814255927	-0.02340865252196363	0.5519590962641756	-0.38068808242405333	-0.28744619533519183	-0.2901778485997188	0.4388325617947983	0.013981422863824042	0.15080543425285411	0.1440941585367769	0.6770519218928837	0.08325310726432916	0.2169851835741814	-0.4028007890690929	0.253928344803461	-0.6285972857636128	0.15830917085232668	0.03594260065328056	0.3225269304966444	0.16360114402653544	-0.6540484448197568	-0.4878013376964561	-0.5229121023022396	0.40492856513722664	0.08608886601714272	0.21708664723456067	0.17485198947105723	0.5883779406776976	0.505792490218053	0.3457636280376674	0.08705127959896927	-0.3391493000001224	-0.3947418401688345	0.4869714617092704
DTXSID1027768	-2.0591526286172583	-2.6257282414166085	-1.8704092911934975	-2.792385848998186	2.094791759401287	-1.710932640854278	-4.324016377191424	0.3163678262337483	-3.446213614489692	-0.9501524747192348	4.750609853639345	-2.8691136933443544	0.6269902780677133	-1.4101805371003322	2.4850559351092456	-0.7874836717679462	0.24441791835781262	-0.337391126843668	0.6123555545776933	0.48051719497785705	-0.8373003686601221	0.6471590078961185	-0.7337182642823842	0.14431581507325486	1.4140808485231937	0.2664023689434149	-0.2231101181547072	-0.47544896251331853	-0.5631795066865335	0.4637370250976952	-0.6288632225106764	1.5420051824407173	0.6757507851102438	0.9568279851627791	0.6474162854333763	-0.6371364136901645	0.7606401398169653	-0.5353002211328195	0.8431892331477232	0.3510020445131442	-0.8787260163967922	-0.5841293583459358	-0.7593356557983315	0.092899809207116	0.2578954650566006	-0.17071244440771782	0.06582117242750567	-0.586108855571491	0.2673401318953555	0.5349474466093166	-0.019555048308961955	-0.4356969091650203	0.387028671610933	-0.43368022249847427	0.5678239580310027	-0.052100266862861955	0.07431111275098665	-1.3645669113358345	-0.04203422968540973	0.6512162263468064	-0.8201977526911937	-0.5657584483733037	0.6665907955004663	1.0211321149920498	0.08078752351530268	-0.7656312093250552	-0.47660503862781767	-0.21170241923962008	0.30262799883637176	-0.09206460334290821	0.3165277817664548	0.1655958470073787	0.08952918780339544	-0.16839117197296752	-0.4390618585468385	-0.06598000089594572	0.67561125740613	0.03959888097551739	-0.5841613745804239	-0.043298706141329614	-0.06972421742420791	-0.40632944787403846	-0.3600352254910029	0.7738778704117653	-0.44647726028913276	0.3387650131421551	-0.2063959557308483	0.09347628506774495	0.012063602983053107	0.7657457416255284	-0.921425116609347	-0.7292164655506831	-0.159561566320877	-0.1495574387960336	-1.3111659152768822	-0.07537274548190709	-0.04973933519687358	-0.6262738926041537	-0.45089520852838094	1.0940564335726368
DTXSID1043910	2.445886448101989	-3.188858518511719	2.697438488913325	0.07588326575392698	-2.019060955420403	0.5107575520943085	1.0194463033130343	1.4386459074864753	0.054189134944125965	-0.6434496616664203	-0.9593625406042089	0.49367655003944994	-1.2542304210636255	1.035149373457855	2.1994244260692573	-1.283037754812593	0.6690063433172183	0.4224806117297393	2.5550856710716	-0.220174537140063	0.10448602254684401	0.6630229076581786	-0.9029921176618027	-0.5216037242705278	1.4304451774732974	1.4068735651565576	2.578307358851954	-0.2897337232786964	0.9005944798414308	-0.8763850168948267	2.3094500636363566	1.0453186806321217	-1.907843047515567	1.0820803178220422	-1.1552446541316481	-0.9424021993497366	-0.9499415476439589	1.5935293832909851	-1.0468717920267534	-1.474169326614302	-0.21128515870400008	-0.1004334945380007	0.8464139982740498	0.8634861606568578	0.8328946514903482	0.8948577802516914	1.450421970394491	0.3766518156848322	-0.42872743212508824	-0.263593791421693	-0.14130001046968507	0.634156696245398	-0.10230317486700896	0.05890164514315543	0.01954723739132967	-1.1730935368537216	-0.012023175713190415	-0.2378497812926413	-0.1814728357652234	0.025405749222874523	1.1763652071830795	-0.4475143085236048	-0.1729010328224449	0.2783781871407231	0.6955441501441952	-0.2651136372793957	-0.9626923674317167	0.8119789821874644	-1.096313206695091	-1.4080832043619915	-1.1302114421425322	0.7732302561862874	0.10879936387737905	-0.40896926683529783	0.7531046472869533	-0.7726138876210232	-0.4636900594944474	-1.2818642706645558	0.5192688920588877	0.07789880740675535	-0.07437213387753315	0.24422388087636232	0.5998243553390549	-0.8138094383211948	-1.0011350198015203	-0.16869250387522966	0.8528342319475241	-0.3984481109874492	0.5069894447082304	-0.5794417855379763	0.639611957695355	-0.6803429317487484	-0.4401442465407589	-0.2220169270635835	0.1685733648124132	0.3659585630922301	0.03421562355544908	0.18533555008463645	-0.9759634104847129	0.10597478632892723
DTXSID8034376	9.11488351700203	7.5426741451162	0.6993595438541398	-0.018160565163500144	1.2075626833385198	-4.16368674084128	-2.3202741956302257	0.30349038086159463	2.196705939282602	-0.06358914921626124	3.187776406532634	-0.4530150277056907	0.24817386942733302	3.723197979501572e-05	3.834247111191669	0.39232965090357874	-0.6737480329502471	1.162811185243607	-1.0886724061340332	0.20425973492909238	1.3093632582235186	-1.4310573221605416	1.0901492005886513	1.6363853479021673	-1.1192866638221086	-0.9300350089636985	-0.8277997918304426	0.3462710211431139	-1.473933668552936	-0.9794697648277494	-2.1965800401794953	1.2459835866687323	1.4004245305527039	1.3025153491973938	1.0736085133531688	1.1793171326551746	-1.8766264095783927	0.5523416164517909	-2.31170791302343	0.9537620544346702	-0.5460951307885008	-0.6406659615886826	2.516478762475139	-2.2933598921651557	0.2329230005376051	-0.5106949496552801	-1.1511681180443525	1.0778368197453834	0.15361429154730144	0.18104412313672796	-0.09562480575719455	0.400889139371419	1.1196922059649905	-0.4865052399706568	-1.0080874130209876	2.663308889610744	-0.8316762256220678	1.8247320062626824	0.1990279222084687	-0.8365439514254658	0.6946404061329329	-0.9559897676155434	1.2396875944377854	-1.119061637000666	1.387741444550175	0.4934725575339861	-0.49335349297038417	-0.3007120449386014	0.17473043929648138	1.0514503474591013	-0.6146979085321088	0.24009399600743817	-0.718279070903087	0.8547708308535941	0.8950864849665096	-1.4161894358615015	0.06430994854741424	-0.22427231193457065	-0.8405384304879719	0.2641439799518033	-0.5849645151057047	-0.06108328207361382	1.1848993725508195	-0.8780132315464754	-0.13521679124358219	-2.2764332084003196	1.7332969295844218	1.7780909355870307	0.19727778569643037	1.306365400896895	-0.01118949716356127	0.36083903707673554	1.6013016275106935	-0.024931342957796875	-0.42172504564037777	0.15615684002691155	0.34425775780101525	-0.26665089672145753	-0.1563956828103888	-0.2270050863513926
DTXSID0039229	-7.059269456483763	-3.1223168538356765	-0.8178172634224155	0.23476571744136185	1.1337485196348709	-0.08255599570645147	-1.629007107454367	-0.6959662562104243	-1.2358418236782225	-0.6793848275376139	2.4717981047505	-1.2815194168701172	1.0846374114246786	-0.40478614958946246	1.5315849570876094	-1.0659618167164004	1.074744665129007	0.24770723492553523	-0.0854814145681359	-0.2077599487816073	0.25154344577604837	-0.1273706087584298	0.6443059620544083	0.15729198089547058	0.31890475471359964	0.01632747161169181	0.11817884808205213	0.04702589919500367	-0.2841966370607406	0.2855887862540037	0.05456764249134301	0.5071590356647274	0.4335420028757581	-0.09737664849820352	-0.17567942145803797	-0.7985788060272447	0.4410831330034317	-0.3175810202657369	0.4416787001001988	0.3584354454927652	-0.4723504774265438	-0.023214376756810345	-0.6050429317764615	0.1686958251207162	-0.23791302647349755	-0.09621693552219804	0.36158791390099443	-0.24655402668142742	0.0003390821109178243	0.20597864233071134	0.05728333286800942	-0.08545671219910937	0.13764368869177712	-0.07343089220375644	0.2693628973776392	-0.26246445105949623	0.48513608941310893	-0.6917515934770074	-0.2177826466065973	0.19483489476982793	0.11959534308304115	-0.4863215467972108	0.27036149178569596	0.384183483368639	-0.03770371871731066	0.11621011867403631	-0.08493188098182845	-0.3859595079762587	-0.256905317621692	0.1679113938470918	0.3476473990610364	0.1330393683570666	0.0835225439243055	-0.1287956106904773	-0.6252387954028027	0.03336671048175659	-0.10357835259074964	-0.5199660471953064	-0.12438872294973036	-0.5157306107769001	0.19535101445262495	-0.236398519222617	-0.1875318612383946	-0.3452161187627051	0.2733642730422295	-0.26143889420408706	-0.10741769533730156	-0.044496142711430875	-0.3657192909454229	0.45777943834096946	-0.8252593208279115	0.054295382738942376	-0.3303805931964996	0.11284660692933973	-0.16482023789468803	-0.3008084704398586	-0.6062196249958517	-0.062287257594769094	-0.23888981465153922	-0.34070993710904807
DTXSID2044929	-0.9978062205611264	-0.4546525467492961	5.227609889898284	-5.266563374047129	-1.7807554122574862	-2.414604422571041	1.2103474178524596	0.04280726413193653	0.928431394920406	0.9691146020801081	0.43684809302652394	0.7775829922039742	2.000910333093571	-1.8801247511453967	-1.9581606689141051	-0.2890624239666762	0.16354608076855792	-1.0400866112333307	-0.4383811421559963	0.3214037258478728	-0.4107511704623918	0.6215018230843008	-0.06137101448517697	-0.7978999929257349	-0.35899944968869635	2.109435163237318	0.22531051351706133	0.9841479547850288	-1.1057333475416202	2.0478865402058664	1.6483735509118584	-2.099324952009688	-0.9449318507314486	-0.43489459306251	-0.1860114064778513	1.0994987740515374	-0.9141531624204965	-1.4308240779607506	0.05199261317217843	-0.04773562243902163	-0.07529776891491155	0.5373266067976312	1.2175880107370773	-0.08350642604987948	-0.46336608289497394	1.5086629556945244	0.5050329944875236	-0.15150816242631962	0.08395363108735548	-0.1745818566414898	-0.09586168972432223	0.06418864917965521	0.20012181168090942	0.23632162930991674	0.302178345659331	-0.38457805775501763	-0.716306324512517	-0.4265327740998314	-0.9370014847737654	-0.34209674098056253	0.02428762924082285	0.1038338172683076	0.10234097359538322	-0.044947302716901394	-0.1576359217035293	1.8651848242934588	-1.55317486761471	-0.05402915954187608	-0.23176231880825227	0.9990734762672216	-0.045592409802670916	-1.6400724080778124	-1.4551670251174431	0.1779711280941742	-0.7286600843024659	-1.3238845777420492	1.033708309024959	0.1185609937729225	-0.5676939975325541	1.0534847181270008	0.85153366439143	0.8622629706534057	0.09467084942968011	0.16480820862073536	0.03689928254339408	0.1942879993533734	-0.5984595334743389	-1.255162944806668	0.4382295467532856	-0.028457275247323475	0.13725080627116712	-0.5123111089140109	-0.16856664055110002	0.17774935663326613	0.16293055072768498	0.25304877816054167	0.292046303753451	-0.0014452141217056297	0.29114326724016243	-0.00013867068301347005
DTXSID1025805	-1.3630649582788794	0.19698953789140983	2.199168082389243	-1.1969862604701764	0.33033686769086523	-1.691166982222449	2.6375684379998923	-0.5057823287903709	-0.05338306553355401	-0.7836421503342548	0.25380066781994065	0.9952440577491816	0.7930496246929718	-1.3102968502202208	-0.9420289671656337	-1.0033245133865496	0.008278556251501062	-0.06095594401425924	-0.5505775574895976	-0.0058574972253769685	-0.46309316542219214	-0.11472445553194395	1.1642671370598028	-0.2952771994135953	0.38619957238844566	0.1798647478198449	0.5888123719029451	-0.17179747080406016	0.2874508293608434	0.42181723672091337	0.992234717680207	-1.03439627833247	-0.059802796806315936	-0.16111768486185907	0.834751452756532	0.2286574405875645	-0.4633978011837686	0.5061741927643575	0.03098839445575858	0.7662660707456574	-0.09697053323337325	0.28450835061611796	-0.2513118596200833	0.06829575192002443	-0.22045853617070313	-0.022564481121922608	0.38683036860875647	-0.6199336729092088	-0.1274935657678024	-0.4460414552749446	0.16386293573128538	-0.18446547413426126	0.036359453820199714	-0.03580836889718515	-0.13415115378816944	-0.42116855724881186	-0.06284608970180311	0.0724269332608502	-0.002735521775302225	-0.34207912146647684	0.5048001775987181	-0.08399718720115251	-0.7230210199599327	-0.010624899507113457	0.4652739242708383	0.40743436923182036	-0.42063056100257884	0.5523553844229611	-0.20362946411879615	-0.47952644919862236	0.4365374434101423	-0.07652755963745186	0.10663805950311185	0.053028781095061046	0.21579249187349167	-0.22139513174295525	0.41459755380595514	0.9427667218319408	0.7275530309022538	0.5243325320562464	-0.7021892340587229	0.07038423424000892	0.12435431678226481	-0.826512276310181	0.2626444315310541	-0.27257861971708713	0.19492653795197698	0.007759901816441589	0.5995759799955045	0.10697597467440999	0.4186291645507459	0.22267589427555043	0.6284772335024096	-0.22379549704408092	-0.3237463750313181	0.0520770417615813	0.14469636811628742	0.3722069210098062	-0.13628752170861236	-0.22823653093233234
DTXSID6045749	0.35681877739558204	1.2700839235076895	-3.3527082697574184	1.1571494344200388	-1.2787615218687676	1.1863284327224548	2.062551738775163	4.505297272179698	-1.514692186158187	4.911841939259943	-0.16021654907137306	0.4094876735071011	0.7774005259855327	2.213676796689045	0.17196033284891274	1.0409226550381165	1.326572724351612	-2.1252421871494565	-0.44813997090389984	0.2356216795115047	2.585650041762515	3.8780362596383595	1.7570848008229822	0.22247640329321106	-0.5138309905767583	-1.446003779718825	1.230893860783081	-0.20365870383382947	1.6092725800686338	-0.8024830460704958	-0.46311957050298	0.027925567248370493	1.6110481309479272	0.3248976085737584	-0.6402125659142194	1.581510136604887	0.5219816314745447	0.9520586250665801	-0.0821028977328547	0.17371065754407855	-0.9245556381887142	0.30724536853185735	0.5698791242317269	0.3247237287142815	-0.03565901890733745	1.0802609718541614	1.3819803298120237	0.6075904706623737	-0.5074837320110632	0.3924465695385322	-0.337492578584845	1.368360704228706	0.4674125363457724	-0.16907570243116674	0.7597879860575961	-0.27660766679028187	-0.5915080333967973	-0.4187837506282433	-0.16152254133887314	-0.0472090432906551	0.7205796212267539	-0.015103557213485936	1.2150321135885331	-0.18373994873937802	-0.17434963197539458	0.4229923765550625	0.2705846011888916	-1.0234650924670174	1.1357906992740834	0.19682480328208748	-0.019082425379682272	-0.19330421588746072	-0.1719561532300545	-0.14231380717388778	0.3696141495459104	0.9916070045344453	0.5048211534685256	1.738921432294521	-0.19106622836970918	-0.16405120916043597	-0.3839376220411288	-0.08268341146706457	-0.856747325400386	0.334014032569767	0.15845022648132676	0.2988069100856415	0.25220066758712867	0.3489350046187944	-0.17335935179025913	-0.7725828033389384	0.14496152468000373	0.6982623297531503	-0.38568138044507494	0.7832455476793337	-0.5005604620581604	-0.9353287964103677	-1.7660119275739958	4.091178597060915	0.1639949786330337	2.1110267485925878
DTXSID4041446	-1.8307446505193765	-0.18190885659480932	2.5206763421224085	1.2206755520242603	-1.659188576475738	0.31454095546031363	-0.5781745799771258	-0.8489542171207528	1.4411364116788872	0.19854865321072657	0.7561408175299839	-0.4455114201178604	-0.035657283273119546	-1.024044104766952	0.030440071042377517	-0.09521251246632499	0.5715051071775439	0.29193174200244754	0.31910750216260336	-0.6258926692431261	-0.0026011115593926183	-0.00978903748754826	-0.010561591671632627	0.1428794246070792	-0.6280620328261527	0.6441030944859403	0.7655586139905688	0.09934953127686236	0.5005152115801809	-0.8287774562065948	0.3758673743394644	0.16908443729233452	-0.6466782662058276	-0.46351201265636927	-0.14738743818697983	-0.23188242830286482	-0.679831808768227	0.8101429204143465	-0.4765616981675812	-0.7100467026080486	0.5557837762109992	0.7499452567237734	-0.0889396995209518	0.4377560824315339	-0.05973993186321285	0.4136874869853967	0.3562350902471756	-0.48993037750397167	-0.12647829389984855	-0.312962862909527	0.0175248857419479	0.008673534520484751	-0.06982759611032888	0.00813117598719153	-0.5027261398776641	-0.6221964176685157	-0.0022519095146256263	0.30433027426016196	-0.6281664463690704	-0.012589555038012007	-0.2758313136789098	-0.10922796838930224	-0.07907869070204361	-0.7876403353801286	-0.20718020643408705	-0.16001221198893564	-0.5313160208640243	0.464679674570727	0.14859915340347182	-0.6095831936274033	-0.2207642223222048	-0.6648611005987833	1.0255521170659725	-0.27494664770235816	-0.18602565928389497	0.3058368117668076	0.07657022272295404	-0.2053250562853545	-0.6002974771886133	0.9409223073122214	-0.14061695746764297	-0.056156495288204634	0.3617500425611019	0.25976426721203105	0.01977750853282297	0.45655086438736386	0.47807625150746075	0.5939140212114566	0.14690510326850875	-0.24171804117763876	0.30807483014626297	0.01725178805544678	-0.5950918661569687	-0.27554375931008346	0.09254257520560769	0.0690006219682784	-0.1613691879542154	0.0010063462110772984	-0.4848223076473439	0.43712572931864246
DTXSID9029695	-6.221315839014758	-4.106117280008144	-1.6304224130685088	-4.857623486468395	-1.397638793327846	-0.4325678801162881	-2.884947434620241	-0.7179489918765264	-1.501310089224524	1.604641392947894	-1.0671798851731098	-2.370788396651105	-3.1615243557076793	-3.5294969239401217	-0.3339280900949123	3.0258673807126284	-2.805368720739656	-2.1216891647878318	0.5623529897600033	0.6363067627016677	-2.5046997236583057	0.5253856025843976	-0.7839468110281282	5.461232697340983	3.245503878344672	0.06829112552645783	-0.6033179402513182	-0.2909751122819696	0.03845814518684133	0.09887392946467778	0.3127664841050914	-0.10113488884125794	0.6559096274485888	-0.2909239963676626	0.1077147964341038	0.6269460591799848	-0.7489867743667793	-0.17103826810076145	0.1956559371539388	0.250665002998074	-0.34737891580889757	-0.12143742620400598	-0.09803038032660114	0.23754166374118116	0.1587023152484934	0.20869320920077805	-0.10523339574802386	0.15471908668541196	0.2743875765506624	0.3904257529048438	-0.037389579319024265	-0.1490538900874142	0.24305363094448676	0.04046220831356803	0.3390267466611885	0.245742523275827	-0.406330514446595	0.17972532610810335	0.1992506402739489	0.46045807358522195	-0.4702561621053152	-0.12303694029354029	0.20333413835503056	0.5939524202429489	0.32256899315107146	-0.7851264793506636	-0.4169342643248425	0.04946250666619886	-0.0599795499103018	0.08021570918215076	0.42087669480555756	-0.18768721562961777	0.17259453488559418	-0.20060168211177476	0.32325992671245507	0.47466445262842105	0.8071220204188261	-0.4140740029020117	-1.447952125295723	0.7167907527948932	0.5307502483423773	-0.377447776838939	-2.742045895250791	0.18048159605179728	-4.026268864362005	0.01039517203765188	-0.8669371641017392	-0.5574815491991103	-1.1127075596168143	2.04225177690353	-0.8602722957108544	-2.1478223730215538	-0.2884231507900792	-0.5501041844313307	-0.5952663404672335	-0.7204481572190921	0.694288841115815	-0.21515039524269008	0.26127823397878625	1.2893728216337559
DTXSID0041197	1.2569624027563553	-0.580517843624853	4.91736727565974	-4.465259547329822	0.45004293055909006	-3.8492621381242214	-0.4505320508444555	-0.7084187496333826	-0.7705162498738534	0.7246194950105239	3.3406767414012184	-0.17797426128074081	3.373838968460023	-2.0271781310555905	-1.0946191173976945	-1.6703341340851126	0.5269980696429212	-0.5168644560081002	0.2680420818424098	0.5145897941131576	-0.37769542368824327	0.6545378314783675	0.6816016553512088	0.1615873257243476	-0.3601260166821227	0.6423309725488205	1.2166519905245128	0.06488752625064889	0.21602837843383715	1.032113388324173	0.9995540415225405	-0.3822256999557171	0.2531103915762829	-0.17221455486164783	-0.15018540077733844	-0.4119396252870788	0.3959126369493932	-0.5570867725810066	0.3848459803599802	0.5742326455847583	-0.029487193739455946	0.09346885514032156	-0.46194598153290184	0.39957832398871496	0.29324969297758763	-0.4440249044113903	0.47790944998824614	-0.5511936403391986	0.08445743486303664	-0.10482841655016545	0.098014849524121	-0.4071399705410726	0.05509956511491926	0.09519019509324937	0.21299520209961906	-0.08248570223308153	0.26111474398855006	-0.8172199122492209	0.06755394054737374	0.2698722565402996	-0.1234745518953148	-0.5123567058321865	-0.38058443567004635	0.4971432143796862	-0.13131912351948927	0.5207463557826445	-0.09057482253231328	-0.18454078708239469	-0.1927795395889767	-0.2570018698953273	0.4949187535081959	0.12067034085580224	-0.18352989103562445	-0.0327707949062821	0.6117935169381983	-0.08375774100330252	0.0637182734547001	-0.07067106022221863	-0.04214558850096829	-0.055077886745636954	0.14786618152297332	0.040936144846060875	-0.36120397847283336	-0.15076596903675765	0.23685251616376446	0.004668943427747339	0.06409392448376529	0.02615449671126769	0.05135637711513432	0.2961969551377828	0.4127695775838287	-0.05779173590638429	-0.6441494976650265	-0.2661994959661384	0.19317500847394473	0.15498537502600818	0.002490825303451896	0.06452046468150252	0.06148466142608861	0.18714787477900058
DTXSID7021027	-3.5840765084879704	-4.574647273584462	-2.067323910390448	-0.46184449040523645	-0.7879482625039347	-1.4946127066949002	-0.14747010461390592	-0.27105829137145654	-0.6675138876218064	0.638098575621371	-0.07352613842145937	1.3085312736984118	-0.19390709229915137	0.38222222355151225	0.8457477870264403	1.7496652670066049	-0.9268248613717982	0.4200714391327176	-1.0183475747399604	-0.09786302874688277	-0.8353601808957121	-0.18206533187394128	-1.1446474414746326	-0.5891828534945686	-2.1995046624326373	0.598919270575039	0.3265701980009384	2.9385319691397784	1.4377060303698719	-2.1558109298420267	-0.12897674081929197	1.013070911306761	-2.0647452774199717	-1.4751853775971884	0.6738645862198946	1.063975181024536	-0.25511774867241577	-3.078286512074408	-2.006143760290585	0.7615291241366023	-3.9821877691758982	-2.157317324355279	-3.8999660034805617	0.6564823537200026	0.4182756246375138	0.08335176026465592	2.4321595155991877	4.828832041098653	-1.2272403379640104	-3.9859430132692184	-0.932827264692542	1.0860459142728058	1.93181683959242	0.03239326425805312	-3.522137093864563	2.509472892467701	4.836871040165364	-3.318512488562998	0.38775100968601	-1.6789621131120165	-0.73603678221367	4.178044452068651	-0.3856225971358928	-0.7766314327432957	0.7447142802950854	-1.0365435016993862	-0.12749651876688867	1.0669357147976584	1.431982181482132	-0.1662730005281328	0.8012553915027297	-0.42343192616830133	-0.8503489258216372	0.20970525814611451	1.162806385947257	-0.8614927408341588	0.3115302860888084	0.7166249000218854	-0.7677934712379253	0.5843793112688148	-0.2370866180993348	0.4283882345935028	-0.27424309514508516	1.760830735545393	0.1738505893406143	1.134060657238719	0.6921595277619541	0.11922605414972486	0.11605154448833771	-0.9062589948533859	0.23660428891381477	-0.23693654870706346	1.0495943330785433	-0.3070078481211303	-0.011950065119880842	-0.5411074638391302	-0.16385641031082385	-0.22142303278792738	0.1701737268808147	-0.051117327288190614
DTXSID0044658	-2.9671639648975727	0.12789724985432413	-1.7789927181305891	3.0609902752233746	-0.6619343157862865	-0.6576425511554376	0.00960135437901024	0.7896708326889244	1.1694984514301097	2.192377467917638	0.4594546593424364	0.7997333752611232	1.8092049667945898	-0.7241734063726741	1.282165743995466	6.447079474667401	4.598204962567937	-3.401892558478732	-0.08310364556958202	1.132223193204584	1.995656525200994	5.711390176792833	0.9025550723565846	-0.672800308632236	0.8513743697963068	-0.1433132309210407	1.2147080420259717	-0.6034255448411298	1.7836261741138564	-1.7470293911268735	0.9423930392740744	-4.086094343030282	1.887255400506777	0.691042355032759	0.03187014411450907	-0.9622756920952592	-1.2513442167642481	1.565022727766719	4.800644165224537	-0.8398376650293716	-0.887183121611089	-5.27317300524973	3.487775140488926	-4.561904719810299	-3.9066823661340986	-1.791307913723959	-2.1830752603885495	-2.332702987212501	2.122198553207417	-4.372940306277219	1.5182191406317709	4.92984134668622	-2.7180524511907382	0.002058467945344994	-5.2221693634969455	-1.8789685195265575	-2.136230123679556	-2.4094961907378925	-2.44236426002149	-0.1595211309891827	-4.325499528665103	1.471293878422194	-4.1978524917838715	3.220353555906958	0.8473742364590069	-2.435534262158719	-0.07176045538634225	-1.4937826845568472	0.5198774066279012	0.09827335560416875	-0.32070880852652894	2.991346831540012	0.5821304399742535	2.8561293942704045	0.8439308063345523	-0.22751989462753625	-1.5116423041397389	-1.3354087037548283	-1.2385984680335993	-0.5964340878921575	1.0159934295089699	-0.5118681231403508	0.30527807404856494	0.06848482195372832	1.3257533819413827	0.013567031003178517	-0.02955123186458938	0.36920215208703866	-1.1433693714731465	1.1766143898121773	0.7114174541539912	-0.7232894393938362	-1.3906694769680858	-0.841870757055498	0.17590711611758184	1.0529583060532428	3.5536834022621555	-5.846321195216884	-0.4563970508839412	-3.6154692857464212
DTXSID1020190	11.404201460446403	0.7923422416737708	-5.6696752908472	-1.636237805563516	4.860636532894528	1.3591201113675562	-2.663984402642513	-2.2126661207723486	-1.4330399593761756	0.5595896456488171	-2.026371449939218	-3.811435821540138	-6.804510954323009	-2.5574260550584627	-0.46805302785826386	2.053788688615351	-0.9172961738955969	-1.8775678115325845	-1.7227672230356137	2.003776782753406	1.4849161665074262	0.24163953695200213	1.3476102894778779	-1.9611018523516652	0.25887695739652095	1.1736868501283761	3.9452703049073565	-1.7268498260927656	0.28920443045478816	1.5082958193745704	0.2833661380887046	0.7211708676100934	1.412042810034985	-1.0548788312743562	1.5854373212423485	1.46481802264447	0.18119815606895212	-0.17739123909130788	0.5411717247776853	-0.38435008220355665	1.5840881650938499	0.3013212439463687	1.0610195291070794	-0.7563729951107498	1.192592019165308	0.5273458852558416	-0.9802619731606512	1.623187942825193	-0.4205735704396643	1.2212423478349195	0.1609936648020869	0.8020556977313666	0.9117990135106676	1.08618717644975	0.3826509704428965	0.26047448874825974	1.9595385589770495	-0.3052347182874103	0.5044113731385137	1.6772350082674434	-1.3489181560148937	0.003962810614784329	-0.8490915857945133	-0.3772442681066623	-0.18360353794850282	-0.3568236360881833	1.1607370521250322	-0.3377643895994508	1.640807984520184	-0.47394000664885744	-1.1008900309047545	-0.07790545469429593	-1.2942454471182279	1.0482012586416485	0.478445660594244	0.058879941609692704	0.4791538410132747	-1.4644953903518145	-0.1488339361379859	-1.0285777548113213	-2.125195094446067	0.9935811449888712	0.5968478281902225	1.1604116019691821	2.0188590916381584	0.07242343288585837	-0.477731175675248	-0.3572039714969162	-0.5102555091659119	0.4793322944495454	0.0850268585820586	-0.9080635663824509	-1.5020747909702192	0.25002638835157187	-0.21262898973501998	0.5033610498470249	-0.9497725456810727	0.17393854968946695	2.080798769150879	-0.11245548028153499
DTXSID7024455	-3.4855203219125683	0.43420442173114576	-2.1153250761746554	1.8655799282650083	1.6407711597174923	-1.0612336530946516	-0.7899516257033775	0.746256389757875	1.24980655583284	3.32861418670433	-0.42600212972980017	-1.0131013379356126	-0.4289938281856785	1.8111879700883668	-0.6762930799449965	-1.056306396899223	-0.2863744505064661	-0.16751526569751818	0.0033150974801639155	0.2793733543070377	0.3087920444877471	0.14524524540040332	0.6372542509096056	-0.15586736504069282	0.15794561328254497	-0.23618251406078755	0.24910745657071753	-0.6125224774421357	-0.3937613158602764	0.6093252580913141	0.4944566386290769	0.07331396087672257	0.657359405395574	-0.7393863362586298	-0.413629639715457	0.37167670259620644	-0.4000879112942126	-0.11478996457016223	0.03333610968834421	0.4432336935354188	0.504031289673814	0.555355252309632	-0.10912535877579915	0.8548239279429781	0.3170581121403142	0.23226070012016609	0.5114165089412114	0.28243571341390084	-0.057898273610749076	0.2835879672780294	-0.04143996754012332	0.06253259170389075	0.13245977696509495	0.313838006251364	-0.2520519962507827	-0.1484002057963855	-0.03754043207859203	-0.018138316328071485	-0.7585206793505781	0.07140849869152104	0.18418077873145106	-0.2607003401069928	0.052852320556690424	0.25179724466620385	-0.14992175793650336	-0.6558134781856866	-0.3847834810439431	0.43584827973148	-0.1764175355143449	0.43884147437135745	-0.3092145189289099	0.45551324367871054	-0.3502016707996153	0.38449940653458803	0.04194187717530948	-0.2857091282322251	-0.7212727290677045	-0.5043941601607546	-0.04515963216616237	-0.7230165467813795	0.2082576590801009	-0.8458929963973121	0.6526580048328833	-0.4169733444351638	-0.3175275848434251	0.4458064110750712	0.8401208972484875	0.16812188521131163	-0.5296791535789352	-0.17162292008091112	0.3237194006072605	-0.990451476436505	0.027448142293432974	0.1766467076502497	-0.33235760807365566	0.09331660815970066	0.043777283187429454	0.05946259480294749	0.11595664977035383	-0.12328180103561397
DTXSID3022902	16.805804687594986	-3.3729318991372015	7.180245954100825	3.5631268622462193	8.05953455449843	4.194796498686649	-1.7080821518727127	-0.5512660493107842	-2.650654023482702	-1.4571577227470125	0.32382229491490194	-0.4339991206276257	-1.8588074752178116	3.511752743810865	-3.539887821483947	2.605757513003189	-1.8698191199454925	0.4720044799421209	-2.7187258838329638	1.2294619320185356	0.6997204911687515	-0.3627015251165611	-0.06916218754881948	0.2176911594478884	-0.3249227881609811	-0.5788857347936579	1.2078848268501912	0.32029185564762575	-0.7784413006366859	0.8875587044536165	-0.03502817930274366	-0.36325359103788746	0.5000226222907113	-0.030230368030246955	-2.160534418216794	-1.1574647519040853	-1.0823943620581484	-0.20341978489612225	-0.7052376768648189	-1.2516707355941843	-0.7559592442934511	-0.5839428523120777	0.42063422171561843	1.1051715369126351	-0.5754533161232046	-0.7213269280233972	1.0127621883193478	-1.335848231630668	-0.001980024483417074	-0.06840611450801098	0.07326555316912998	-0.9109420110150133	0.5635329656599644	-0.4457683889864869	-0.20192891292927817	0.37558448896071917	-1.560417096159297	-0.5601835016116572	1.128064273553805	0.19910310948261026	1.7696383471776518	1.5042869831437335	0.4443289027513277	2.2576757352805683	0.3680735255642754	-0.3046844431222747	-1.5465950766439667	1.0614762700317675	-0.30831685741824155	2.347777873175565	1.7965410748388255	1.2763230495627444	0.47427452239615514	0.1511646346033778	-0.6781527704696819	0.624051732419331	-0.6150380019635615	-0.4853015865554929	0.23386068152167144	-0.010937013465110012	0.14354314073021227	-0.5743293523003428	0.6257140504799918	-0.07936212281076369	-0.3656651151900614	0.10771973730773024	-0.09026144973527	0.3953811164676568	0.4120928306917438	-0.038837404299314135	0.6030998877181516	0.0996676852374098	0.8524598119380571	-0.2919668429942065	-0.4177497564271466	-0.2078970931041762	-0.31380942949677326	0.1038739413584297	-0.7907623962792	-0.1905987956147457
DTXSID9022946	7.092498565931676	-3.064685994287058	2.420724070180027	-0.46139486879327857	0.15497559594427673	-2.343994290587401	-1.3144475177449715	-0.9539973879658624	-1.9683081097519357	1.5202420476012888	3.3273130728790883	0.030367104607306503	3.0257392676797403	-0.37546145120314034	0.20115398303658813	-0.17659948785307428	0.9616825547317688	1.0328138122069601	-0.26097041458058035	-1.7209923395127458	-0.6911575067641785	-0.5890978613993831	0.9111999206917469	0.7030647610923068	-1.798359990703169	0.8676234148463875	0.023632888939039913	-0.2526371460527171	0.5235787977922709	-0.4367692989220788	0.20825829195181095	-0.11829917967635133	-1.0486629577145545	-0.6859344337266918	0.11563578504117691	0.006885738416029562	1.0737909751373231	0.4345834584692091	0.2345658368109095	0.48817118034570056	-0.33210669389470054	0.26089479789001896	-0.07557581325546991	1.2184768749468002	-0.08547300271514424	-0.344343769550111	0.12312054135736461	-0.7214642502147216	0.01798900190585976	0.35905306007127585	0.1341527991674396	-0.106982526060808	0.06615822049683742	-0.14761322052395603	-0.3425129335199499	-0.3011637355378182	0.3998938142810805	-1.0398087202587796	-0.46470474706800785	0.7281627387255747	-0.5215343717276137	-0.5641291789135536	0.12204571907750668	0.4033196592840047	-0.6315071239296104	-0.028095967764401483	0.7560135622136451	-0.15063188591292678	-0.3041056940854478	-0.4236322537088575	-0.35177184051061516	-0.5193110726412042	-0.3425948267844955	0.4340770381829916	1.5078540979505586	-0.25908108741861824	0.4117433170851959	-0.33017748291558163	-0.5139224340656563	-0.09963576952524948	0.16247859164528095	-0.4377228197303328	-0.6370674918407687	-0.33436385332009777	0.2529726922715008	0.20232142506715645	0.3569880374839821	0.8433757603019976	-1.082268810714279	0.12079782295124933	-0.06872421440463668	1.3396194529055256	0.16047653854214441	-0.5072401456635951	-0.1447746628160557	-0.31546636735330447	-0.33617246563543507	0.33076151906542706	-1.6578611320451202	-0.07004427919574487
DTXSID2020507	-5.159683788370713	0.9977858991722904	0.08465767152297922	0.7344223657832544	-1.3980604068516869	-0.38121810974477804	-0.7884770296910851	-0.22452972147354863	1.5720685570477981	0.12587407314480464	0.8964596814033619	-0.1571966463252243	-0.9367891607148812	0.5030858594420089	0.8506546111321496	1.0093405578871344	-1.0933000601311038	0.5182484492795683	-0.31810836105015483	0.014229498051064125	-0.4687114176078295	0.14436459481130706	-0.2904285171219446	-0.2596796272351834	0.1756503779547401	-0.21825830082158937	0.6630051882711727	0.506562560171052	-0.03784315039631796	0.5926673014004489	-0.011155352458549228	-0.6416953648201553	-0.3867637423267653	-0.5381887897747301	0.07577979453013133	0.33102750973705025	-0.8765700641257875	-0.5557016796632077	0.16171935872766513	0.18909109570456725	-0.4823850320837389	0.1637564773023062	-0.04449770914641046	0.4332928151226993	0.6239524303813607	-0.4614058809351693	0.6827851825189046	-0.10138520845535512	-0.1753275821331518	0.10488038276828719	0.13580267170197036	-0.09428177553177655	0.5362794511594845	-0.09172699207852508	-0.32946416628175124	-0.35745012878617205	-0.30359880007620615	-0.1515671968647383	0.39807734913037	0.5220661527266925	-0.13053594738458565	-0.6765904945067516	0.16307087916510032	0.4086436600999754	0.2935498658681553	0.31985904301346924	0.138835638312646	-0.2879226285357201	-0.17797085644508862	0.231067922914605	-0.8981212197389915	0.6489611625692956	0.48685256829022966	-0.5225122114659762	-0.04788162292438053	0.33320138097627794	-0.1789984660862636	0.10785562926531646	0.028720498321840364	0.35440286458263465	0.2941922938139937	-0.2820087340527738	0.5909492914312584	-0.7406165372282082	-0.18285376205399084	-0.3403523782617855	-0.288503296451887	-0.9798617587308616	-0.04113478394041808	-0.3609247588410912	-0.4708796134500255	0.11315816958206944	-0.4025707762779243	0.014458441480121036	-0.01959151264990632	-0.45620674220356	0.011483924224064747	0.0495995711539904	-0.23122000080387417	-0.23462622921546006
DTXSID3026647	-3.8443522627347617	-0.04528599788151748	-2.0534766679442553	1.0116798525918829	-0.5556418770178133	0.15261102688896064	-4.182967362136261	-2.9484375535769725	-2.333291662848381	-1.3253107388780583	-0.7384103536607695	-1.5742659305540108	5.1546755706792515	-0.9422637536212607	1.511740270923659	-2.096151129199811	-0.5417849188989692	-0.10312996658233563	-0.4898721452059323	1.0779464872124893	0.9063564937077012	0.8385073774562891	-0.4995932980128718	0.06631154888455701	0.41417545331092553	-0.025618606981784864	-0.04817108934922069	0.9656856526827606	-0.03766080917323125	-0.29312403669952536	-0.08768076090119466	0.23719096707709444	-0.0905141584718399	-0.9249455968272098	-0.5991862450060967	0.868605555020595	-1.6869022260844688	0.12034134055943375	-0.9864100199788628	-0.3755111111978576	0.5854718653649819	0.007086089357698716	1.4201880396735442	-0.3070520764086299	-0.031503473074019205	-0.24396231159269707	-0.5551753733171201	0.6441259526429464	-0.3198014788711065	-0.11966723186633604	0.1497018107720983	0.3169613296528337	0.4345536900301209	0.7171242071104262	0.05845888057773512	0.3828446815880117	-0.18974705701125838	1.159645437232198	0.5985877106799794	-0.11102392249560664	0.9794474726552547	1.1088606115205026	-0.8885426775424686	0.2880226644311819	0.50803244327438	0.09257342886455176	0.547605606331198	-0.5624496796093748	-0.009437974957640174	-0.21502136844730066	-0.4803135722062299	-0.41578723545512764	0.29422279092941944	-0.058539197605666476	-0.16222167477933813	0.21046253046423913	-0.3341717039131728	0.09007234252255754	-0.1152848387221301	0.1435132843881465	0.19781411789851602	-0.1647374428226439	0.43870374563776593	0.13285195911817524	0.17979823901535993	0.09780542951028856	-0.26257962421338765	-0.42254233884196385	0.08605278115082642	0.01853106566338646	-0.05182674359848873	-0.5235530872915664	-0.335762725240824	-0.19005847254347918	0.02817656950623203	-0.47120974969871604	-0.10881332949006749	-0.2610565173887847	0.1793767843365463	0.1842983240499836
DTXSID0026208	-3.8804428747018287	1.3400647327738586	-1.2401590878921955	-0.30162788505580884	-3.143637805030174	3.699750177058369	-2.205890675595839	1.2699571730777	-2.834450336401949	-0.779751513019068	-3.5248480640026685	0.2388198721108549	4.715452770945979	-0.8547717594979505	-0.4607616015495698	-1.323897637137144	-1.4983928342061739	-0.7800680676881385	-0.6864038259382499	0.42017924953076874	0.8466603755107893	0.48587144220635664	0.6308789567151172	0.031052711532453994	-0.028451615954391996	-0.28017212309735007	0.24334988585877793	-0.993608573935427	-0.10766059736607894	-0.3894382649150193	0.15387874322974163	0.30127750979374696	-0.1436746982677383	-0.5385533660927779	-0.18015424251739803	-0.4793469700180574	-1.3457536085974307	0.23404003338263127	0.3686552920533908	0.024484609054864607	-0.6577689752198247	0.41956386879034335	0.013638465783898305	-0.04809351897762773	0.3268388058628648	-0.09169698288121235	-0.17523940227432902	-0.2192529589481037	-0.2720085624173326	0.36417379629630087	0.08941642156055123	-0.07175031530779756	0.2268008672395597	0.16967012104151474	-0.21938260286782357	-0.18117474314968535	0.7433296012792723	-0.3878569693500492	0.014382613022067421	0.3531234067397879	0.6165374742479686	-0.2339749071466624	-0.35662372931742276	0.31175364329046545	0.43999090425234416	-0.11448311318632225	0.2510290759569724	-0.2854839148777593	0.8680737598555374	-0.2654529445333793	0.01055744258552595	0.230938766170138	0.39492068371350303	0.2638158162922136	-0.3642907943582344	0.30192706409714504	0.9900260246905194	-0.20854114234710885	0.03843080235047413	0.4820242791192407	0.11443007054118955	0.3069084871568362	0.9357547364493685	0.19460070712807506	-0.30668496714228355	-0.04317107279981517	-0.481846531153671	-0.6071834611027814	-0.27028135231708433	0.04402905362648443	0.07836950502701569	0.10019188179915871	-0.0566834726043895	0.2857450274596729	-0.4561937114527659	-0.6559104713827604	0.11659871176542803	0.012362682893951643	0.21805423825021134	-0.1375575466092319
DTXSID3026560	-1.73308199501915	2.404624803082904	-1.8077053331799056	1.8159377270993942	-0.7177091061510193	0.2742427095945131	-4.040271557434695	-2.579839884056887	-1.4129829996518821	-1.5531166414651116	0.8875052416559076	-1.794773054488913	3.716253711227599	-1.1375905127360213	1.2420955104560494	-1.4592416245189346	0.003773755661107819	0.15758899166296478	-0.2928332453003509	0.5048897035334522	0.6694057476198524	0.41449346612803717	-0.6347804463958754	0.2970740665696816	0.014188892356369722	0.38190790224869026	-0.24836905337516418	1.082569776394659	0.047214881793593656	-0.3806916852448713	-0.16776763235266454	-0.025466069435667586	-0.4312247769419787	-1.0411447528446303	-0.439334026552303	0.6266798605992067	-0.7707586032815389	0.5304394358059985	-0.5985454692591075	-0.31866635511295904	0.4602187428028634	0.19942143543526317	1.2269731633289631	-0.4255036915439186	-0.12521777264037096	0.0949201365619446	-0.7135528311903205	0.6882090087248119	-0.0664592548917489	-0.14656613485252298	0.2867424799871676	0.705567726365614	0.26520063156446705	0.710914692568263	0.0909824113741714	0.07656700198696502	-0.13547688616793488	1.26219763760978	0.8009539103013948	-0.08916818935113295	0.9288482507147328	1.418928800014558	-1.091578695494549	-0.2682722130163309	0.43502386259372056	0.3303947101126576	0.5719990782977022	-0.8944328953169509	-0.1580566821319269	0.5350837677878696	0.28364850423285853	-0.7003361410394057	0.32679894672952814	0.005739179826445484	0.033119941607902104	-0.22795826740285002	-0.5046430414765836	-0.09905057931353599	0.3208923141603025	-0.2965785763022372	-0.09875623325454047	0.0823265195104844	0.10676715549570652	-0.35788199775698826	-0.23583499812049322	-0.11028654665036425	0.1450164488637118	-0.16237352626428653	-0.13361896009074806	-0.045979709717056436	0.3256877762935263	-0.501981110665896	-0.10004905070372308	0.22228474166701936	-0.15050800988366475	-0.015203135710508284	0.6644848039262757	0.4521489547629288	0.39797805948233206	-0.06623682130206786
DTXSID4024012	-4.8689784719040015	1.6813730031381333	0.6521980018663636	-0.8482703711148288	-2.1161048130967055	2.2051849501359206	-1.0581537415920708	1.3512880448986904	0.853180543686992	-0.013963361899183024	0.7871415832859675	-0.47481059485497296	-0.48539702098459075	-1.601035054189707	-0.33479058213161744	0.7138446389280463	-0.6541498422472013	-0.11199658736942024	-0.5042984683425698	-0.1612741337505071	-0.02264456168590994	0.08577861836792466	-0.5691251944637802	-0.535896612617051	0.5890883070638705	-0.32969691919990124	-0.23868890398249398	0.06169137649987754	-0.0574652163690393	-0.024082689857120157	-0.38052605253894856	0.1657697725365517	0.042101176186423075	-0.07943891026558433	0.37980313160669416	-0.0547800990491113	-0.21741013435837847	-0.4986402525385814	0.1371987929895806	-0.03305047271480814	0.07905220229933958	0.02009160648441509	0.2066323382797938	0.08242060967146042	-0.03414846035737749	-0.08856396411653741	-0.32030114430349976	0.06494996723504197	0.0911122368815662	0.12790111380043354	0.027146855213520636	-0.10841209699883546	0.250397904786591	-0.029065384820542578	0.2925010790870592	-0.23697737298356322	0.1282354759176843	-0.09503811740316229	0.20173754792159676	0.12494149069969343	-0.5059119098957446	-0.018696783278685302	-0.3032977611709037	0.26464208005858925	0.09563009450462419	0.24692931613392774	0.3384727478907264	0.2973231413736446	-0.25027895165989605	-0.22602278583135627	0.1480722857433574	-0.0572267289012624	0.17075845812116033	0.3958433943786847	-0.4434352763794056	0.08317844179581783	0.18421853536265928	-0.15204292783560092	-0.8638792991238687	0.7026462785514984	-0.25887632090511825	-1.4655437171162604	-0.34008750381932396	-0.7447985478703829	0.19927753760371095	0.9575833894099707	-0.3341890856125624	-0.15682607628129458	0.03949742296163585	0.09295540605295753	0.3496212394538252	0.29822064481173494	0.05321962510311209	-0.41625927841310284	0.6271667318742662	-0.053679250960352726	0.17906443829283653	0.5862433307399167	-0.048494721459662604	-0.2527406156146745
DTXSID3051836	-6.538139126476581	-3.8632131443536672	-0.0817558317608077	-0.6900665003890056	-1.2143884955243422	0.6499082735123557	-0.08695062954611052	0.13636998588836516	-0.07389704718799729	0.5051430209981354	-0.25267896197065964	-0.1384699380002366	0.26084249326442566	0.2043838300564104	0.41015946816998683	0.6744104136954596	-0.26797046279910836	0.15131279133797648	-0.37752514584159197	-1.2289752722721141	-0.07658923035661833	-0.36933316241642705	0.7545799588978417	-1.1170307867132196	0.1130817771151505	0.3389596115381921	-0.9452544059752247	1.520892167304554	-0.209621504298499	-0.6017486382449573	1.032250631477708	-0.0363167197853404	0.11685556042337403	-0.3767389752062122	0.3818171811102902	0.1423857987864357	0.41294140244781974	-0.744098183671561	0.5472817317893052	-1.5805135123855585	0.5972514055141538	3.8096756597471937	-0.06402926624256651	-0.7218148444162557	-2.1434271969218766	-3.303946683860491	2.0402003740095336	1.2613237551568028	1.0145882498228056	1.7244203980016197	0.3017363392859573	1.6110279297714796	-0.967192726627301	1.0266823151898627	-0.1459673044057939	1.201475678953632	-0.45156793292963454	-0.8781808113911018	-0.09268884578687211	0.5326780429002824	0.26086113323265214	-0.6733615274333576	-0.2868462397842397	-0.13550986830132375	0.5595069104912657	0.2630118303449369	0.29857342827219835	0.2662039468461781	-0.3857346046983498	-0.14491063364289916	1.0014093580047352	-0.20801577718648048	0.03113041491846499	0.01967948342311404	0.9270303253315879	-0.1403276891274567	0.5925508409687723	-0.41286123460739055	0.16848173642486905	-0.04365397561046944	-0.34009636947593097	0.2640089040445278	-0.20222739921886462	-0.3977395794679676	-0.20250151591275803	-0.021646805031121406	0.6175279203672501	0.12774876536925828	-0.1815647193512149	-0.2238131320370823	-0.34555398050483194	-0.2061938544886224	0.15422209774290238	0.26125265649943646	0.238459945401026	0.181736190471318	-0.22734768317786988	-0.3860488101061268	-0.17128574268910857	0.25885772962455667
DTXSID6021874	-7.261818481856131	-2.7084409780569585	1.3415319947926163	-1.1296504889344055	-0.9926018958209194	1.0838365849598501	0.16978130313034634	0.2719152553492522	0.29518556068670754	0.022540558010300374	-0.24829972534199804	-0.1215634562466729	0.23970676711953545	-0.539085383265303	0.23460322399499184	0.015618060622107752	-0.05610170799769176	-0.025976871881650713	-0.19147606135835918	-0.4252977284598111	0.10158890934456712	-0.21386149124745008	0.7015510537924117	-0.16192629727533542	-0.017324392674229763	-0.17853247228391012	0.13416981680346884	0.3076734127413632	-0.07587679385482235	0.12412411055311816	0.3261504036925546	0.1695872614067435	0.5662408711461671	-0.3751935740039601	-0.12977734868954832	-0.21749420907344896	-0.0012306979173311913	-0.12905758352142763	0.17790836819780145	0.0968129816816015	-0.08057802873165269	0.12177664944817294	-0.37850695855602656	-0.02800975904145914	-0.27499442422696696	0.055162645548294136	0.12662537313926167	0.012553261117758755	0.1386083938757308	0.07648529653435568	0.10888923588275232	0.05492879388432122	0.11688769184077838	0.06960249064818713	0.22517217487027816	-0.07413976453592212	0.36314973600002276	0.11836886781399511	-0.087491398532273	0.1286653876651874	0.06127192505943634	-0.04898576566251095	-0.019773280635693308	-0.23003053824944808	-0.20602642292606302	0.2190413597715095	0.2813158995426685	-0.1170837392042236	-0.3501245039013672	0.6077313316867696	0.13069287651973127	0.3173501095708471	-0.05835316246573339	-0.2318043511555578	-0.6216128878986035	0.007789605864214275	-0.42503722851285036	0.012698953025606648	-0.1408733284108485	-0.1856311773666509	-0.1388705317484476	-0.7422419778049332	-0.30257182296229496	-0.5662155020632179	-0.0038786169489438854	0.12870569903521578	-0.07419975290339201	-0.2165741357080948	-0.17559964986136442	-0.1394731077855622	-0.4548972854123809	0.19723083540757191	0.4266895664456668	-0.02046587649409921	0.30644348778372965	-0.03511988346334757	0.20725553584200582	0.22525684532294876	-0.18217615321250455	-0.13027184795881394
DTXSID9027239	-1.1703209942602293	0.19673671970128975	-3.370781574726286	1.2796300666642613	2.4082350707384985	1.1748397666277786	-3.137109451606047	-4.853009068423585	-1.575206568174342	0.16454796339889985	-2.5650384086824864	8.795562670080209	3.5082862453242933	-2.1322990421479338	1.4827625906938418	-1.0775813884416374	-2.9690859543121224	0.2671278343245832	-0.09346139436521093	0.02695045004728127	-0.5897702562213445	1.2910355016250523	-0.5506557738407264	-0.8830432789965103	1.420502835886062	0.06378908940167662	0.05480119122539891	-0.716692540491602	-0.07986511228091371	-0.18716432683575313	-1.9164839836901582	-0.1542437108047084	-0.21681940281448542	0.8066008881220289	-0.056383731407946044	0.21730715904256098	-0.5073557056231606	0.31398764582487154	-0.2887791905529416	-0.2205536856764087	0.11871318986342398	0.04088586898558025	0.029824545636732726	-0.39384168115030643	0.32506000415946773	-0.055703455735569514	0.2494286096124047	-0.19184114561247329	-0.12402474883851826	-0.021515277370143148	-0.09978626130147257	-0.39051356279102195	0.2179969634167771	-0.24599114693171076	-0.03966617793067478	0.22159610632159427	-0.39937204624763945	-0.055838092474420044	0.11264330347374968	-0.03275407891030343	0.04845106339881238	0.11773868097136296	0.04238222290373917	0.48278659997247975	0.20147740344476567	-0.4525045921329393	0.1255770621021937	0.14878758933352876	0.7622798220311591	-0.06848995180021582	-0.2878962156738092	0.07178860158945351	0.255508061608087	0.16421529263949958	-0.4910599531016473	-0.19068171169123008	-0.08954585934593765	-0.6185035233402529	0.2745232814784812	1.0561653871827157	0.3960745780164757	0.7240920279092964	-1.0662321707885232	-1.2533446735116036	0.4852524839175557	-0.7750809142134563	-2.209224699554158	1.8792811731928851	-1.7929878680075986	-2.455544537497136	1.4805267438523577	-0.37869489712444193	-0.24923052924768102	-0.6867160765476261	0.12478740169929615	1.3062195226473983	-0.8170998626181094	-0.4242661508283639	0.18045735709694685	0.7644990970336305
DTXSID8026640	-3.355603796569609	1.1583485223564232	3.139299408124077	-0.6277179544326632	-1.838858068679951	-0.5967303488127712	-0.6295844273618383	-0.7150494661279384	1.7757310728097617	0.26685461126041554	0.6275637087555802	-0.4035624371580529	0.08075009741955883	-1.0571223092108513	-0.39069474250853947	0.2898139298491255	0.011733187161708831	0.36618799565660126	-0.14958435141218054	-0.2170717683614579	0.25199541888833255	-0.11457102820462516	-0.6311173071798417	-0.6306532676556758	0.33724064088215927	-0.6045607831741094	-0.30684378731576967	-0.5674997989990063	0.09541251507080883	-0.12454174100842981	0.044319138386458776	0.4920164611791239	0.5865492802492551	0.27270748059033817	-0.5883037672507019	0.2847379062382834	-0.12168420192681811	-0.03240906698762066	-0.34818856019345784	-0.4746053391513753	0.3784443013352872	0.030248541982121183	-0.5450233374932842	-0.5628699860804398	-0.45933017798815723	0.45886133957894926	-0.46489837901320996	0.039832527274562934	0.06760463992660924	-0.06631096652896912	-0.14661701387656562	-0.14970601980800816	-0.22253532042574437	0.1939419614963239	0.10029069797031645	0.3948095921859247	0.22015717233215568	0.415582284714248	-0.5061094350647748	0.18161604919463162	-0.42783115913140346	0.39137413048182423	0.5288382025230961	0.06016461856871968	-0.3328922004799803	-0.4963914950549933	-0.32158702756652213	0.2132916763063591	0.2714264022571646	0.4211951623356011	0.09289575514783774	0.02009158828883924	0.343554795875673	-0.006348267129972939	-0.49470897825598037	0.5864688218766088	0.4478260060925299	0.8035263927366474	0.14415357316379454	-0.14582283189739303	0.4294567542012008	-1.0281851942735174	0.010330679367637133	0.27503301325436985	0.36778108407903803	0.11562681575319379	-0.7007006383557061	0.4263383989077258	-0.1533639656191508	0.32403937677216965	-0.11839058816537801	0.5863539222583245	0.23803331088795043	0.28340197001554734	-0.2312763428017993	0.13539149692278532	-0.06981682478540714	-0.2879719008032896	0.1625333353677943	0.43024011937798756
DTXSID9022526	-0.2496660464027407	3.553639549879591	-0.7214583084072977	1.4507826982965843	-1.3334428388701918	-0.41244544403283334	-4.002087087110267	-2.543723396571166	-0.47565405187323934	-2.446771556645254	-3.014850576091992	-0.7456485895931494	2.8885927186972165	0.5616920201131985	-0.3848509087313822	-0.7670486953658713	-0.6804355127822787	-0.5891340198798841	-0.45013144995445104	0.018046123499631354	0.636784009927476	0.6230998918040179	0.5166294208161635	-0.11628895651423532	0.5196694848157338	0.6618331277023415	-0.2000763541842824	0.24299689364290616	-0.397311095766739	-0.5809069842042368	-1.1927132237137295	-0.02031070388278213	-0.7387345815168216	-0.16299042279686685	-0.033727394944249894	-0.5366939373723096	-1.2716496541120754	0.10433030335216531	-0.2695802675155283	-0.060788572880270016	0.215808075368216	0.5323277846008748	0.2700350942848594	0.3523217063991294	-0.1102908954293196	-0.31911136541203033	0.13592260459240493	-0.6063202982310648	-0.3278542985200172	0.0375463098277385	0.03856891257468111	-0.222615903086393	0.5818789903482616	-0.17009464261718624	-0.32854287310002767	-0.35259385072039806	0.1831390096940448	-0.002375587107844677	-0.028867235171356205	-0.3490463793590712	0.2781500534714767	0.26782418482389725	-0.551323877943639	0.9647516637853915	0.56901177112694	-0.5927852391525686	0.3648152394807101	-0.49420697658093365	0.733218952952403	-1.0104809505144603	-0.0695830589821635	-0.736416459538135	0.6398897215311217	0.5059906862181929	-1.4400561775980667	0.7750973142449689	0.42020553638037783	0.6484919921968356	-0.20153746344632692	0.2559538663647246	0.21792830711680353	0.1909015603891539	0.31721711078648773	0.4524327061614156	0.1452215045053565	0.3575779626777718	-0.3834076191838997	-0.7367032236401441	0.09184708413733195	-0.007504659015471841	0.34714543564916406	-0.3566495409241938	-0.29295275224510975	0.3966904551105329	0.22013287135640072	0.15501787756221125	-0.10953245097162877	-0.23835510087729442	0.27533336179098694	0.4880695373568543
DTXSID2044979	-3.0879843296552916	0.14452800899616874	-1.9662758028117557	-0.6856556937542568	-0.12350210304871766	1.9111586020730844	0.02177517047730329	-0.15716447354037974	0.05154292632171912	0.5627830296612945	-0.709530161830041	-1.0003091050608115	-0.9326131294094842	-0.638594634406182	-1.0907027435624528	-1.7892141888541	2.5993727660673307	0.26717741037215076	-2.016288773023193	0.1480398044781128	2.263064698022522	-0.3956520037118774	-1.388008184334666	0.9640296143558668	0.12573548427508235	0.5581479567622403	0.794163387665553	-0.38003895780555214	-0.37084590198955947	-0.38318037175132985	-0.9550283749115592	0.09973580481099013	-0.4995933815204861	-0.6660037459050875	-0.3321227056221435	-0.9031511970373816	-0.30819015540422245	-0.4375649263518749	0.37327318466126047	0.309409407838913	0.905295649848358	1.3472880560654497	-0.07859797088040887	0.46206962935794854	-0.540819510620466	0.051127616933258645	-1.0115565888520066	0.030626957385638837	-0.16620316709042082	-0.049648153186403345	0.047290159158408	-0.3914666804685791	0.12976143110959548	0.4802311220824865	-0.8187155519264873	-0.6200323246051521	0.7562722764513643	-0.28783884370734586	0.03572164914461457	-0.8960611647558869	-0.32045950470506496	0.003974901176541643	0.32112113671144743	0.3368126477116894	-0.09810837733555648	-0.24304292876499103	-0.2718216514714805	0.17970995477787877	-0.23299557095170015	-0.2815306281709971	0.5143446192272996	0.8357776290129322	-0.0945799884752417	0.3263205557367732	-0.08583928308138011	-0.28347421710715776	0.41920490230659824	-0.7661871384052834	0.014045742364196477	-0.2936410241845233	0.19816108149151893	0.07344657761426177	-0.30970640538710975	0.2557190708404398	-0.8869911072552757	0.008833980744321759	-0.580231538687156	-0.40397417337122443	0.025365464772465023	-0.9110922050286813	-0.36901062833302867	0.48943575851269994	-0.15848716947651942	0.23153247815976363	0.14112222827090803	-0.3544763108425796	-0.03539739219848194	-0.1085618790297894	0.24152927719029324	-0.09237037864396716
DTXSID3026306	-5.034709953815389	0.4384522969402563	0.1162726016999427	1.665399931717725	-1.1244287475121162	-0.18797774597928935	-0.1748771724155706	-1.5047140083038468	1.1321522632260013	3.021071975981653	0.2193278438799519	-0.6905322020881021	-0.6144976773985042	1.02700451352486	-0.24824693203587467	-1.228650129999997	0.2374042292924194	-0.035049238935435524	0.13209716109595	-0.2299148734795497	-0.6870642921762165	-0.25987976074934444	0.714824488104284	-0.3009412545029618	0.7154066181870359	-0.541055275713979	-0.7421645934793741	-1.214526022256307	-0.6139636704022824	0.46768177698991276	-1.0690147668048577	0.532091595564372	0.8141427587836451	0.20966691822238934	0.7820127441203777	0.48124083469418927	-0.056295368588354454	0.5756007148471292	0.07220300800515142	0.3508254872369744	-0.4695815785393168	-0.35740381100020996	0.4056209331854542	-0.10815379154708728	-0.13211935244776415	0.030199181276438787	0.4257960010757996	-0.014534471912902011	-0.23640533556720614	-0.10931839084662087	-0.033777325125189966	-0.07294249394770394	0.3183862977907206	-0.48071866474919467	0.046598827346624995	0.27491258585165923	-0.5073494071508251	-0.4965793481343097	0.1639410325315734	-0.5426811477353254	0.7927314526183707	0.03258824306471078	-0.10870304668756302	0.08329217756807648	0.5587505270791623	0.023829904914619355	0.2596171207185365	1.0275671339309287	-0.02134047030275299	0.21299391229534423	0.30651004558984163	-0.14944617445753797	-0.4971336468515862	0.4703034236056577	0.28931444253958816	-0.3861802197207463	-0.3264914634674192	-0.4218858207430851	-0.07183096673906193	0.1560131824844401	0.2832644830163587	0.8168265825641816	-0.13797775424101577	-0.4257144768586732	0.16060544816097622	-0.18349907644019947	0.11711467474547144	-0.2074052730305106	0.27662560499120903	0.0925398060016102	-0.32895438944015926	0.0811165516213704	-0.21339917322952803	-0.18560856081808358	0.009507409491381204	-0.36706518914729963	0.02136584961186385	-0.10768662417806116	0.09524543161367202	-0.0289070273809474
DTXSID8047349	9.491754746848533	6.448037364598154	-3.160571279861619	3.4679131488069306	-2.423102562453975	-1.4657500200974596	4.106982181490868	-0.024139205024999666	-1.2436106409493872	-3.270015510738658	-0.5676828706879193	0.031403595120372725	0.6497350416630805	1.5447241751072056	3.44532217799898	0.8892930449326328	-3.188284943624844	0.051611605864168755	0.25196515860002466	0.029400959755126223	-2.1268074386547626	0.00019567620125809205	1.730760627553879	0.1048852191941366	0.8580048747561401	1.8253162563107144	1.0677814825641976	0.9538444564300192	0.3706130225424924	-3.50025873346535	2.2275496129785615	-1.6483277030955699	0.11414792203932399	1.0396661231919089	-3.186515226229221	-2.1320409762198853	6.2563998332603665	2.2457364594733997	8.826711324300206	3.0358282435315003	0.6726600831273081	0.46252363789692674	0.29383728563520445	-4.731294194249191	0.4437944537634299	3.9019057023958643	1.2178141819320514	3.9836266213502354	7.055257016362173	-2.351575306691304	1.7168775479678202	-7.9532826967631385	9.080371785621583	8.606763187150005	-5.184539492400626	6.5124567179239055	-4.492084008527496	3.1056873099909716	2.3910913586148705	-1.8832640524174513	4.973285395269633	-0.6337539640701486	-0.5584720666500586	-0.49288874315383513	-4.331950739867694	1.955514371021381	1.0505263398390128	1.5049670897795475	0.35504949599018226	-3.9941787365573185	0.18359862485379308	-2.2156087708861314	1.6341083345480882	0.22844104338866209	-1.0947650819677006	0.11990646390334309	0.9793651924089568	-1.6282495072166194	-1.0031147297644927	-0.35485877916254827	0.5123426671229063	0.3829041868980061	-0.8686664685309394	1.0568055723576757	0.628244837195314	0.5489614496224938	-0.5391221595548283	-1.5084035184438809	-1.7273352988097963	0.9844429681617308	0.8839207055397321	0.8128626247488756	0.6514908731115088	-1.5889240481113034	-0.2610232764710853	-0.021423439995666396	0.2228193738933451	0.7270537019314768	-1.691417014290296	-0.396702431092651
DTXSID3045356	6.730476084469395	1.5202491287629618	3.2647098167231365	-0.18447893285383227	-0.3474413224494213	-1.1156560382802232	0.2184854109648515	0.5407493183448016	-0.8653835834185708	-0.34997334787022394	-0.5520741415097404	0.4667904180928884	-0.28972400309265095	0.7918510376427729	0.5767752008478382	0.8238875505982495	0.5326590388558828	0.03435386959664962	0.22127908985291064	-1.1917435752331764	-0.6625792381710296	-0.5356447284156722	0.5089685943560076	0.18880265558846657	0.07536799732659846	0.9973409261737898	0.027349400675309492	0.6443911639065127	0.13469891113274643	-1.1204572206376295	-1.8283425407121234	-0.3028925965877252	-0.15145573007582	-0.21713408912316412	0.6811720541124823	-0.6493199739860989	1.020045893293826	0.19887664447345382	-0.46494501807367483	-0.3830618878176227	0.4680422245000722	-0.19687550497370704	0.1350719157655891	-0.6982130179028784	-0.02781451623592361	-0.24854711575563743	-0.1884431552926768	0.08817146959490499	0.24571986555606576	-0.14324037786506646	0.02439430666755605	0.26731540079407623	0.5028450686978586	-0.653672047987988	0.14696378319678197	-0.03760360978680265	0.09079800236967037	0.3412822385487994	0.5615413373814596	-0.12069696845902755	-0.3581712242653233	0.046460939752660746	-0.055486691710150686	-0.3535431284534886	0.018236138628732575	0.1834352445284703	0.40453692529529467	0.20078191348397798	0.7216258005410856	0.8381481174405073	0.6150227498237398	-1.0954346554758996	0.8698012157723233	-0.6375512526005109	-1.5830280174533866	0.7394377503924782	-0.04096406480223256	0.4827916363284292	0.24826081825522428	0.7773846093446517	0.6650064072146368	-0.034714389731236556	-0.4853284101135455	-0.3290379482231445	-0.5322355227457715	0.09881346057033637	1.115495357496968	1.6010436149402665	-0.32581814798964454	-0.7775240981761903	-0.9028485765412148	-0.32769835520756113	0.7539191540166402	0.20734457920079982	0.2926459815933178	-0.21285785736919893	-0.03927928982396177	0.751837460681115	-1.7891873502294944	-1.0760749160455516
DTXSID8021561	-5.984652653129046	-2.8324215733330194	-1.550962513147101	-0.3316494501265892	1.5203688771530777	1.6691637776289288	-0.9281695207826021	2.5392276462304704	0.6801778832781298	1.7749622241568037	-0.8258952550017675	-0.47040589377208086	0.6551790515139552	-0.36844872371155374	-1.6776017911860726	-1.5625789790562057	0.02550828489069341	-0.6093641807607845	0.015939858104425216	-0.09231933885203367	-0.5772303566344822	-0.15817090591543978	1.0771788320652125	0.6934060964812111	-1.461075504659597	-0.33649788064603864	-0.7580620863720824	-0.42732867578144096	-0.7345152367211296	-0.2836964001678143	0.32465218590524697	0.28884886326104336	-1.67038039491219	2.7643702909171415	1.135362531510607	-1.9755953659373173	-1.9201283948619634	-0.8070341908112977	1.5887155968850954	-0.6797194670127631	0.9147116999636065	-1.7095045373042215	-1.5986368825175135	0.21582184755890685	-1.0220327532306146	-0.48867596580592704	-0.9137670458865049	0.4487853285395483	0.5723354842898097	0.9537299233915496	0.7181005489894392	0.8308785055463022	0.3788893859985304	0.3875602007414223	0.9584698073398114	0.45184405336692046	0.04501050165017715	0.9796676634630922	1.5436033112804874	-0.7410125324639613	-0.09827233460959375	1.668189133218868	0.7414313115110691	-0.147290117976434	-0.9183488483398329	1.2294304892875045	-0.5740386025561849	-0.5787068788172594	-0.7200146466289349	0.32332525032963977	-0.2758127457345014	1.3457957837575514	-0.04750100200323146	-0.767544443015732	-0.3394022504898293	0.2276424651814971	0.9256127739414318	1.1324393884499961	-0.14173561429743525	1.3607768356497758	-0.3969037601360593	-0.46236436295015426	-0.6786547046101321	-1.4414769446714517	0.7980442158989283	-0.3916950801337714	0.9619719950965877	-0.6026046370019802	-0.167307161934762	0.5805795188342724	-0.45435875031745176	-0.11060658900282719	0.38914980409688216	0.13520843788514397	-0.5864748975954703	0.4984345385337589	0.10467258432370447	0.0020950020485753355	-0.14662762669019042	-0.22950658553761036
DTXSID7047518	-0.21439605066752238	0.9547563758101253	0.44596240553088357	2.1638532808000446	-1.936207081794654	0.8239289096392514	2.2312265141921994	2.334528971746669	0.959775441905515	-0.9567727602148236	0.13744018537136526	0.7048347709454884	-0.6552729052738366	-0.5646974989778377	2.9330825737355792	0.9340462100995285	1.820082457306864	-1.9835346988682334	-3.1447376465319414	-1.013901662593633	0.27244163902027524	6.558687755993162	2.1762213276789617	-0.26034450033908724	-0.34146338230409884	2.275281393155343	0.14875636732285102	0.6245687002099901	-0.651595690747296	0.3557010273433802	1.836764911821595	-3.5109699625683986	1.5967656688786283	0.6072778426224837	-1.0318079851721	0.3771855761737643	-0.8092549257052323	-1.113210665173734	2.044277424174715	-1.197452145400039	-0.8468277967866501	-3.11560133361641	2.769201828170146	-2.770934548693854	-3.132636854889642	0.7807355658055998	-0.2932444386891475	-1.1977878461316653	1.0941215634860675	-2.3500524328727876	0.5396783778920323	2.6915368298520908	-0.9094171714547776	0.023200358466436866	-1.5678893081533325	-1.3137969903253865	-1.3377486217023304	-1.7693345006993901	-2.8596458522007886	-0.6154765742714688	-2.156512173324582	1.328681250801378	-1.5250650229023415	1.4357530654046844	-0.04889078397925215	0.19951429035014503	-1.0663048840209015	-0.604654499491443	0.6497402402902657	1.684205138102775	-1.293466212432537	-0.3122391914414354	-1.1312182799379706	0.17973656817775194	-0.6660221277302095	-0.2831837992077611	0.5829161411240369	0.8534490377623483	0.006230229619837427	0.6020818488315509	1.3258480846459688	-0.007185135758412252	-0.006861664998548992	0.08786470658906033	-0.09450450307946653	0.2717322714854253	-0.4155916869799289	0.11318680639569671	-0.003911422748071231	-0.4926546504201058	0.045235040387319896	0.0835821433052137	-0.1785732223590717	-0.008060040228439959	0.17423954491583618	-1.0029797608446274	-0.7662528468968806	0.6338063682426597	0.10542029544013164	0.18507176531370217
DTXSID2025505	2.2255943575016834	0.15048116477362655	5.508864138615799	-4.3904769492373115	0.5266334104034147	-4.001942158602832	-0.36450822090249957	-0.7850610970708713	-0.8509771048678764	0.8538459954331883	3.51939375616312	-0.2603658797391275	3.339842574757654	-1.990565633023197	-1.0203641958981127	-1.4238472486652958	0.6139270088708947	-0.5245982856594966	0.21028983563331302	0.17504185761100147	-0.7134693215463213	0.5749309151255624	1.278575061835859	0.31509957350378326	-0.2888739765563439	0.543101380963949	1.3966229260672662	0.062672343605964	0.24860195985828318	0.8825649410845928	0.8435743311797691	0.09907765827466372	0.6107483974370352	-0.2123139232160374	-0.7405736369216673	-0.8302559478534751	0.7981041182110309	-1.2055653208609156	0.24953969377882076	0.21899805624280133	0.10845019334637031	-0.13313106286687265	-0.13599559146242624	0.6577832319516859	0.5931122363266141	-0.8632879894266577	0.14348830062871612	-0.4859392547632474	0.10791933265428798	0.19125685456131974	0.052308763291777506	-0.6283892709283629	0.2260595533520429	0.09502742114373514	0.36560263724091935	0.11432389852441793	0.43311858115293533	-1.0202901780728049	0.3090891449177299	0.6305559144718456	-0.5406377076893927	-0.29303298489007873	-0.468913427213796	1.0027197800239276	-0.619399217172112	0.42954410576320423	0.7080393280353257	-0.7343524894765199	-0.010717975880524195	-0.5404510730262612	0.38964159450912356	-0.021376412190534183	-0.36889313172637594	0.1288971800114797	1.027937723575721	-0.3814109941491989	0.2529137953479109	-0.4731710902555765	-0.26193318463264836	0.31004678919818224	-0.09084547804673211	0.08731620296881215	-0.5273385149350199	-0.12673609346915848	-0.017750509325522072	-0.07125554891521318	0.22432908648648617	0.7827797474056891	0.19611133040929568	0.18046967963074315	0.3173795036387876	0.12048990541155177	-0.6616061003634195	-0.3574304946373509	-0.10139466515558673	0.19989573561745458	0.10947985268143487	0.14415475151204266	-0.07564762905301019	0.08630454155047806
DTXSID2044890	-1.2120984872338911	4.557264282557962	-1.4369777080771644	2.645882248084318	-3.566562545901059	0.4024442217517998	-5.429906355285113	-4.666656799562206	-1.720522379811837	-1.7713518249488625	-6.677234830363302	-0.9522279454496838	7.762737318607806	0.3338505826601021	0.6530598951448282	-0.5368500417023738	-2.6460418431285526	0.43947494754680066	-0.7517438090650418	0.9365805647305463	0.52841615979924	1.6713994910848526	0.5387782925615504	-0.5044234665531009	1.48298216265368	1.2414964800317532	0.627361235626617	0.03534350961469174	-0.25355592970010143	-0.32349303943930985	-0.6731672402695481	-0.6675406571138627	-1.4375209173114902	0.1023325401441708	-0.3064599773551646	-0.023222019676925516	-1.8481623829473166	0.08940914098566059	-0.5070373371044499	0.24211097859591252	-0.007665983856823693	0.4507153255293147	0.08765224706853804	0.521196019633875	0.5093245655180862	-0.6249905795522197	0.4196211400470667	-0.632797672800227	-0.3672573927761843	0.44976251592623673	-0.010343419715380447	-0.5653906246457318	0.7422135887893204	0.0403775303488486	-0.7363542061571098	-0.02512186558373458	0.06244864637121384	0.10797372158791774	-0.28836531716389313	-0.058216423607412734	-0.22300849868121975	-0.17392895318079413	0.3061324080384661	1.187227239547067	0.3244484318229241	-0.9462274822885194	0.2064510919682862	-0.9876221206210892	-0.029507859061995743	-0.8731562611171307	-0.9063351112619082	-0.25004201369947104	0.7703175366360302	-0.6841916693432578	0.036449241835562696	0.267318758598761	0.9273960861561648	-0.40667797594618765	-0.11463714307204653	0.1776498007114281	-0.23443933336383332	-0.9116108942975378	0.039941072103454246	0.23542966205536103	0.06066467266450385	0.16867859468726584	-0.5779016031798034	0.475264299145267	0.4048527311583581	-0.15295014093823517	-0.22254191739280338	0.2013038707202199	0.1414909740375241	0.4240131863367128	0.06018253470310145	-0.039444517031622196	0.5020949805060098	-0.0011108975855193283	-0.06534432032834299	0.471514715702455
DTXSID4048937	4.87066830224679	4.096750449386663	1.0899387458162235	1.4146653194643855	0.30097077151884294	-0.967408657813723	3.210296567787488	3.867361087991054	2.381844446983653	-0.8094669426508234	-0.24056570786103806	0.1509293313993663	-1.0429477032253898	-0.012046014259889973	4.430196828811479	-0.9447793960007642	-3.0419917027459555	-0.4647655011910553	-1.546358318324525	3.6258504243408516	1.0323145139393113	-1.494668418459779	4.259397690551911	0.44553496087946787	0.43558244196393925	2.7178882876822077	-1.4150005728803632	1.4941084367182271	-1.1303662834628023	-0.6470748479218453	-1.84729203744458	-2.8747435514020663	-0.38091561397395995	2.6707915382116254	2.7214041213197673	3.2644275916388628	2.8031702537646703	0.3622182435576474	-1.2689053262696863	0.052521154281726996	4.5726437052672235	-1.4898037860466742	-2.1856801512615815	4.701973317970517	0.3550487333488827	-0.46152916530484567	-0.556523061361389	0.4817497578768624	-1.229497225765403	-2.340871751018817	0.395796303466585	0.329409491363542	-1.2246164446578856	2.7143922784241874	-1.1999013471392264	-2.2688989137830573	-1.3743580745831823	-2.525965140254602	0.18313134527949002	5.062209256047513	1.716254041706336	0.37876738381044334	-0.20659169415732037	1.067791031176918	1.4206387263046458	-0.3328151123291871	2.3208852209192683	-0.7798528677636276	-0.3523700241310198	-0.11632957599014064	1.2694605357972857	0.47996982504738134	1.419171588121363	-1.5725094401307438	-0.2585904026227111	-0.12080069350693233	-0.4792000106003466	-0.979664722237074	1.3666918584941699	1.49817833168077	1.4770363109307234	-1.1012190967716753	0.7681151723221114	0.5853251491545371	-0.5953337472363789	0.4567945654820625	-1.1438252593184202	0.4120414300410751	-0.5130818414335504	0.21638018734980738	-0.8934497176224042	0.7722973598214188	0.9818112220502684	-0.031052381862627616	-0.13638597953561468	-0.030802767198055712	0.556618048664026	0.30534343267398734	-1.186085977691865	0.2543765551100988
DTXSID8052300	-4.594005445539871	-3.4409911635089414	-0.787064066094803	-0.4914222312329454	0.5706089122763496	-0.27058849821556435	-0.8149493830419782	0.7648888230800178	-1.4221788948353398	0.6237322344882886	-0.9493480984472104	-0.4236225506306539	-1.181927533185571	1.6120602361636416	-0.4644190953228883	-0.6520715743187	-0.07768555040790477	-0.9023012462900563	0.618274899268344	-0.30887052007900606	0.020409770343529407	0.009679257021373464	1.180207338306387	0.28860151302278236	-0.3278951759094248	0.5002967410179934	-0.5120195143240108	0.7902696997816461	-0.2684162897091564	-0.5534927210533678	-0.606179961831935	0.26823936380812624	0.6037056598295891	0.04914647037713308	0.18612801152112837	0.14225828409371669	0.08707231033539073	0.08073913708479442	-0.12033778854265872	0.20257007741085936	0.26443716420794133	-0.24921872023372285	-0.11839932858522931	0.14689188659135202	-0.8265943667592819	-0.0575536592218969	0.14983766717285454	-0.3702801510420649	0.08840285474545223	-0.0726623452611232	0.012832470089288965	-0.012686951289505697	0.2158783834024734	-0.1532736931871738	-0.09709125606939115	0.30019709955209567	0.041893700176186176	0.2808104932437406	-0.2556644391218044	-0.3965719806498304	0.08166326028752469	0.3499931350495628	0.5057648412762246	0.24251885315971383	-0.2543811696113165	-0.31054403146611004	0.24062363730873895	-0.2598206906261143	0.08345940007350426	0.20130318176349607	-0.007966042888553616	0.05836715135788904	-0.3209474369491946	-0.6329188193730569	-1.1097917964781359	0.3948682556529651	-0.1757668187170002	0.7247867738080527	0.5508126967644901	-0.7459139022681853	-0.05849054825184278	0.016669582235155005	-0.4997221819248607	0.7321803175768636	-0.9166411066791581	-0.05003956326217144	0.012390352345411812	-0.2512505442458892	-0.12336885639576126	-0.5004073190274518	0.4349426445310436	0.08486759542742771	0.3909821359397782	-0.4850039348103624	0.8510906263604996	-0.47960356908118834	-0.02244192582207444	0.3508612116958893	-0.18080339141770208	-0.5515109996555637
DTXSID1038822	3.352303821341882	3.91085205970068	0.5708322245170971	-0.534961426182344	0.8148921944801892	-1.6888882712263835	-3.360262232127401	0.6061120752478366	0.24334835083946718	-2.9618843194127216	0.36495615953149907	-0.14857744348471344	-2.236565612088091	2.3629318568163895	-1.5784962350977512	0.4868141417271031	0.5428179240908387	-0.49010499540901653	0.22830510825265596	-0.12427140619615726	0.9511763921547689	-0.17734451846940275	-1.1587423376603552	0.12497776861690578	-0.27025636534908215	-0.3245699440522338	-1.3531480374236513	-0.0191789334040137	0.15725297248130352	-0.9777117738751627	-0.9839515119972967	0.14070201534205687	-0.6829873192527399	-0.29568569150307056	-0.48766301780087745	1.0077500244339173	-0.6063767924247575	0.11726251321654756	-0.8726769674750575	0.10201079806706505	0.3418244190231117	-0.43069611512894596	-0.18754623914679827	0.3046959839553563	-0.7704882174277016	0.12246404278006655	0.07035262437418481	-0.2884929887975346	-0.17572683150634671	0.0005614882517938674	-0.39866599851758877	-0.24571030343959535	-0.03472661633595092	-0.5728703217864888	-0.3466879601019046	0.3837522260190303	-0.8819564752046872	0.39362061640993307	-0.8842309654461808	-0.7351957436366088	-0.5136655393255998	0.12734950197608833	1.106710053021816	1.2701475057313194	-0.4503164044853954	-1.7675666759310655	-0.4009550496632048	0.08930012503314115	0.07248232492905758	-0.5677907499099174	0.23085140486551245	-0.34919322520189583	0.48903367185562646	0.40093312459437336	-0.7785725591818635	0.009058148415770878	0.865568408137997	-0.35230838061332626	0.2677502568928354	-0.2907158527130908	0.20061278554940767	0.16721477476102015	-0.43735747759784216	-0.29753322769555435	0.14319382026221833	1.0066312123890044	0.3738145589944183	-0.7457268884847774	0.11579700433600484	-0.8116168875258294	-0.3255648190685163	-0.41101715779708015	0.7848982545923586	0.5709489287060813	0.10098442586484573	-0.0013963117247557787	-0.5825129177978939	0.3475088753697663	0.10184795547696242	-0.47448367851235423
DTXSID7049265	-3.726541735645708	0.6623798579349878	-0.6804489692201197	1.545935756235639	-0.5421599723178027	1.3144797399920185	-2.8335997302404774	-1.5208558812376938	-1.8455208962159544	-1.7334245119151133	-3.766716921722508	-0.21088297153121438	4.247114406134058	0.20272494827157883	-0.1758245554321386	-0.7814094435684737	-1.3387229237868072	-0.523064603698255	-1.158845502028144	0.02678488819563659	0.8007001823955806	0.24167266196514475	2.539896452854369	-0.261335462308924	0.4329006017713518	0.29836058371804564	0.25022149538714866	0.35490663661627864	-0.5647068167271742	-0.37219591429060633	0.18688573959421786	0.3712942575769483	0.42163256957528183	-0.06212029581945663	-0.7619150401218708	-1.1123940995643018	0.721866421698051	-0.8707717418987129	0.4771526195645884	0.07580845279968487	-1.4599929446698732	0.9947815465710254	0.3161735834746663	1.8989136540780716	2.1434323037431624	-0.07456373368364806	-1.6694847345211368	1.5081987868242663	0.8857457898000825	-0.73662599223779	-0.14064671024042033	1.3187992711384051	-1.2097683921694558	0.28002918926261405	0.06662277739053112	-0.5976728561782055	-1.4587665717140006	1.327827427902275	-0.39755197082168736	-0.7135519339161164	-0.32890574232646164	-0.4489523357630956	0.013387294983338573	-0.13320768896770335	1.4106719698728298	-0.4533682146450285	-1.0473551946657094	0.9222192348281477	-0.04289105807212388	-0.05637367067687348	-1.0800751764017555	0.16260474413334933	-0.052357283123068435	-0.3343013933929645	-0.2916516780632393	1.5596532015814784	0.28148763852644565	0.9533131406172358	-0.47274223516882735	0.25510007325514106	0.22817964236598107	-0.6079566522024298	-0.4430505965949675	0.28655050401004795	0.3140357754005211	0.5026628012715936	-0.4567941267298244	0.0051977645319475525	0.21852215841175565	0.018471636982927243	0.4921918477396047	0.20372331647308134	0.2859831213944966	0.09395011072573788	0.5731658317814472	0.19018482654925198	-0.3061745293413915	0.03731215621130374	-0.07077008111009554	0.0653677175723257
DTXSID6045951	2.3211787499337557	0.6846928546078179	2.177262498159842	2.522166073438264	1.0359852568552086	-1.3229516712367286	1.064215063294516	0.5785432462345467	1.0083522393889341	-0.2552261804763444	-1.5539015964945613	-0.5507403310104569	0.6467074423219118	0.6387406221499823	1.53568038245662	-1.0728374441170505	0.5377564732962112	0.5362925581056253	0.5227837215591824	-0.6459491963089882	0.27020030291966	-0.28945618573418136	0.7087315577612942	0.6025426810817998	0.6762941233881793	0.12384248305660416	0.975359046060439	-0.3458211666896433	-0.20210967778325137	0.29968766047707196	0.03777573983860067	-0.8104637141992571	0.41075728560871255	-0.38569525201622357	0.7806659875642695	-0.4345026115897304	-0.14449616803625767	0.3876329413313952	1.3066254518187606	0.34936258382210156	0.4553521624022973	0.6675199916639483	-0.11120758137154271	0.4970882414873535	-0.34832848426043916	0.4226783110753485	0.21711385278238865	0.057349455099259344	0.18606034947116992	0.4224515580955278	0.34058967012442487	0.36817429009804375	0.36180540574966386	0.1380073038749581	0.2744876492801032	-0.6220567534623602	0.26452578514972097	-0.14591045874693911	0.18679635718605758	0.21303096594999013	0.3523864420922585	0.5882377402050848	-0.9805283375286912	-0.8740477327643934	0.28746634747767175	-0.3241904374325908	0.37437567482128226	0.5587545709340213	-0.6927028770638589	0.1533156660577972	0.4014933831753995	-0.008311597372525651	-1.5411093425768128	0.6473692880716414	0.22839487415634752	0.502859424800386	-0.5647676707663639	1.140252960324391	0.5930836403234235	-0.5370900436579691	-0.4281873221137659	-0.009165772038686128	1.0968966081297753	0.5283555858715329	-0.8732771875230151	-0.12041068786566954	0.7518946495808606	1.0172843054408505	1.0814146546471992	-0.8225633363843787	1.4847349081711274	-0.4080994271326658	-0.015419475242115822	-0.006567981342749379	-0.3503555593579472	0.36199140778798217	-0.7297754019348814	-0.40184820437013036	1.339126151238404	0.2875430769729569
DTXSID3034583	-0.9927626432437281	2.8577019352905237	0.9381580170686905	1.2229671350496516	-0.17525844780084923	-0.5678634747244283	-1.8678556771314734	-0.13757190515967363	0.7974805057055315	-1.9162350530428591	0.49973439661433916	-0.2914481532455363	-1.5750840434640325	0.8980582565932689	-0.3816072168385336	0.27642174238515965	0.4741022531454936	-0.13482183694090602	0.386164764321289	-1.028404304718923	0.5188721253413121	-0.31513352381804677	0.4213567837366575	0.05574349830487458	-0.08261862726793431	0.9585538471518391	-0.8499173902235654	0.3245910670452826	-0.2481996540639831	-0.7037956415015064	-0.813700948884665	0.1062795625903406	-1.1108816211695738	-0.2752789246543785	0.22022127967517371	-0.3952811115052347	0.48374619308380074	0.9802748355172851	0.3882174226080053	0.550952983297283	-0.6112710783501454	0.4636094288932422	-0.04862755581880197	0.2957752121040869	-0.3980197006564346	-0.03636659910573136	-0.031731574347298355	-0.771929237835497	0.11646729697146664	0.19185986568716445	0.2919906412824295	0.28426493924808177	0.23593386259407823	-0.4370370649700209	-0.21920655931996108	-0.621094217949785	-0.01768286178251158	-0.15683507007132177	0.38908324675982875	-0.1892631232124803	0.6666964652876374	0.645355323699232	-0.1256840447456572	0.08281537721354755	0.32831098922651314	-0.30953523023612356	0.5936210517499749	-1.0845386074793868	0.9934395661506943	0.7231480661973482	0.3050124657612199	-0.5062754013836157	0.09550889685717612	0.5005784690282976	-0.40640555154668645	0.013078155442616634	-0.050535283390358225	0.9175111789078969	-0.08499771163272521	-0.30649783581343937	0.07114763136967484	0.18584277143588915	-0.47399342544290046	0.08407737980314742	-0.015010482288219221	0.19990541024629588	0.11371497207240548	-0.1662235025443924	0.15309145152649478	-0.08652139726437798	0.6378865198315412	-0.20279864301203127	-0.08046561111709963	-0.17792799872600445	0.01614180852900866	0.1831598881643082	0.30178133697647075	0.04145381797811226	-0.02102805954932741	0.19068268951915932
DTXSID0049072	8.828465891077853	-1.6516440625699151	-3.821448400472089	3.440305945823834	0.7597301766186453	-2.003754031148288	0.7915659772689138	0.5678482771321705	-2.0764754995481294	-0.17021574788086985	6.8126911330767035	-2.3715732292877285	2.974541615412258	-1.9712321518459042	3.2531487659154306	-1.332233865824709	-1.641154192865653	0.4245767370865575	-0.01577324530149588	2.9088801233045642	1.0139382829815982	0.7111953341201692	-0.642740287713111	-0.6427936053804146	0.907147885480097	0.3055382996648559	-1.3931389834109231	0.5416946764656333	0.2668475421952112	0.13750123433560232	0.014359238593367657	0.6765770098496893	-0.7136389244086312	-0.3459604643679949	-0.010211972116207724	-0.9814345664257061	2.1687202824237426	-0.21932906280408612	0.9929127927627152	-0.578580933686318	-0.735680841849545	0.26757955700243957	-1.8889095291740263	0.717611578294295	0.2818793387256564	0.7345774368818608	1.0737317930544494	-0.6127329214753732	0.7350314773893142	0.04952186220587374	0.18188837653622653	0.05446244759363225	-0.4312750470307835	-0.00944960623365039	1.2871343725620696	-2.0481540656406225	-0.6039501624972603	-0.8532162398369777	-0.6981632766976851	0.9684523151406275	-1.2261876666643037	0.7280592587019711	-0.24805772145266705	0.17236059127679504	-1.221815522663049	-1.9646364292164147	0.13007817187672974	-0.6362271285331388	0.05561684908090146	-0.016847742645155293	2.215565332527546	0.11566497108954	0.2076205528614342	-2.0933104390887656	0.02439290299861888	0.07532332957848428	-0.2780228533560546	-1.1212811418098048	-1.19847085276014	0.2699457888336684	0.856417370400688	0.7366338898117679	-1.514462586092698	0.06094262444687814	1.8234935749503682	-3.0466732352014128	1.5848607134845607	-0.3554334784876937	1.3251232071395977	0.37976959712878916	0.616611005244242	-0.7268381176146301	1.9879682090468374	-0.3044881169395317	0.8404125196193377	-0.34837281047543944	-1.530572555627945	-1.160099824815027	0.5901721030058398	0.33219879459779317
DTXSID3026691	0.44088242974977637	-3.403433930940173	-0.4726470885664672	-2.248852895164599	3.0417527846084442	-2.236768411840167	-2.9340850235050415	0.7965731789523721	-0.7466479063114989	-2.9620760849031638	-0.42082657411124974	0.3386703326488107	-2.016945661484182	2.2240327593232894	-2.0366027973387726	0.3566040424501637	-1.2384883447077333	-1.3854240999171938	0.45814497863552595	0.26977370266334955	0.4174222428419333	0.6866874925156607	-0.04497820648597683	-1.6978405490780932	1.619570785141842	-0.8809937358227905	-1.5640601031344794	0.7684117658366796	-0.541925908435421	-0.4264175094749698	-1.123716448513949	-0.11233956250924255	0.6715482738281972	-0.03537367728029618	0.4009565945980464	-1.1193258451382126	-0.10666960743998741	-0.3007920309868688	0.363687464744017	-0.2182754592735653	0.08463758238356776	-0.2823758878798506	-0.03920252237209824	-0.07592646444945704	-0.29875936501913397	-0.10267900122394172	0.18227065065400083	0.07023916396075314	0.14503095715506478	-0.009445468901235543	0.030063057402150796	-0.059087923525711024	0.24144263466315982	-0.41202014956568184	0.33141015214144204	-0.20904022828261629	-0.26962989945652566	-0.13280243134828432	0.41332469216464135	-0.23017483134273872	-0.24242495748696277	0.48284089919491646	0.3628799377028248	0.6012768621020553	0.35640829362200444	-0.7464894614781298	0.18275089322627866	-0.13823099755092888	0.2728561914042515	-0.03468213787902045	0.2664449741606154	0.7236592541620219	0.573202808724144	-0.2761357797911196	-3.1162195647731346	-0.02850599175269946	-1.2271407992446532	0.4976812051943711	0.9012486899688361	0.7188445902998645	0.4386427093446248	0.13100015249694408	2.010037407023574	-0.32802032237263773	-0.9138614417881015	0.0818034053824887	0.18418036141880367	-1.1519884053715186	0.4367665779538475	0.05169913943307907	1.971807549872075	-0.33766602009027746	0.21711539065964094	-0.21878099091391662	-0.5729141553732687	-0.5354152268946843	0.45345680726025445	0.3277582988595926	0.10230907293864401	0.18856004730145426
DTXSID4020325	-4.354429740894782	-4.303880966426718	-0.8420605992701719	-1.7751183763325138	-2.403873647615493	-1.49086654475103	-0.39773479800190975	0.283332057544421	0.3997471340993247	0.27453711217437254	-0.19335765103575717	-0.10763936433690112	-1.2405779442885216	0.5039160892020877	3.507840612057545	1.6372400556796243	-3.087184944755504	-0.025991961989982642	-0.7008358297016217	1.0010252801935127	0.8164126617489728	-0.9034206515302927	-0.7225915780724572	1.015756341784713	-3.313337453685945	-0.506428825482383	0.13879329165322218	1.4660813234525993	-1.1311427693370715	-1.4021402717776479	-0.6590606256896465	0.9403145841915639	1.4862153862364325	1.5101075622692428	0.15320283153298828	-1.1895954766768089	-1.719073067870041	0.1885285359845995	-0.7853695380252228	1.367601881174862	-0.6864632933704032	0.2496994630497397	1.3833323668202049	-1.2468400844523404	0.3349203400809007	0.14449561618035314	-0.6044265525558342	0.1847139746121576	0.386927579350543	0.05647018765249274	-0.20115771954767747	-0.36027895839565116	0.6590966844571413	-0.4101992230924924	-0.8866407612691508	1.5504265376975244	0.39080515440310215	0.8643098702796432	-0.7195552121627062	-0.21752714626439104	0.0795279688168701	-2.168990329791345	0.9309348766214881	-0.43026776141317075	0.6435419649667499	0.4002726526131565	-0.6572953984370157	-1.363834835175932	-0.015608456161523754	0.22044742061092956	0.09190403682319087	-0.021049231263102104	-0.9308133787783365	1.2077297001752936	0.16799975697550115	-0.39408840124354294	0.3847952402308083	-0.4319827666485299	-1.7573546742312747	-0.4837788479393944	-0.9497744936509465	0.11347297992661519	-0.21692137895678026	-0.6179852655724328	0.0314931164642536	-1.430402339854708	1.3238173544503213	0.11629931156828506	0.24326075037247072	-0.624112797802173	0.5827359497836461	0.32993243833734914	-0.19269264374819295	0.1485701659525536	-0.3095250098178896	0.08350419916893415	0.13570643764230575	-0.06547098042349277	-0.15483304294941208	0.05852659024607195
DTXSID40880025	5.6105762789973115	-2.5807201984416936	-7.532678795632757	-15.05827985961369	5.567606797392209	12.515411999305005	-0.9252202392515539	-6.384910005664044	7.7794272919874174	-0.8517206056457537	6.309844751537953	-3.4674709216075774	3.794017650099738	6.368027084724076	2.4298925516700107	2.3641126771029803	-3.270842225079922	-1.2412577585787543	4.519232700366488	-1.0328403915712054	-3.7912482943448342	1.7455699878662332	2.510450415750796	-0.5854378943642682	-0.7565549850673849	-0.28700907109712864	-0.07957485444092241	-1.7275729590773323	0.7342469218418984	0.4797070992102089	0.30764473941687615	-1.7971917037470628	-0.14609789312021454	0.5364828032288148	-0.025819025139428374	0.5091664985892193	0.2679443002055045	0.4993522154090345	0.6029142562704841	0.8684474472247385	0.3512595330020181	0.25726649543456626	-0.9547432440823157	0.6750869556075205	-0.15100128653950282	1.1083855385298242	-0.5941875843911686	-0.1636214852100818	-0.32824843299113393	0.7867405075957984	0.08185931824017238	0.27473636854734756	-0.09703574313354152	0.39580155720314036	0.5837588529325164	0.5941532076950922	0.7614635738990931	0.8963307840225164	-1.5740128594410006	0.9985593320095517	-0.4628334996780177	0.77390016331945	-0.6740883736513904	-0.5366464296857241	0.16575810484124642	-1.1713738068536417	-0.5297969911743996	-0.35180276893846574	0.1360884035834336	-1.0184027133620166	-0.6112841356808614	-0.38028831994064616	-0.5445216453560312	0.6344818697737677	0.5539387680851704	-0.19795434308882526	0.9501251152542969	0.5628356683447604	0.45543579268588186	-0.7329600171858088	0.35709695287445314	0.9503556920759715	-0.1085890745478381	0.7900582825182508	-0.6466667675891168	-0.11807996789508535	0.3542445342586462	-1.2660058185019079	0.2654695615910442	-0.7371146518612317	-0.380483709725118	1.2618499331038537	0.19231406465066017	-0.4492411896992525	-0.05966203979917996	0.45129185870378075	0.5109056853597659	-0.3545046854589724	0.8344368117225126	0.6964087823507671
DTXSID6049016	4.0077632602605116	1.6529331761809045	-1.8313184434970378	-1.5244264054865222	2.6670052137147695	-1.9854614462255415	1.7204651021256963	2.521896389810323	0.9168573248434654	1.7043903297181522	-1.5843609705755421	-0.02159634281107065	-0.27556027617546247	1.179143851244463	2.1416020319280884	0.824667798704221	-0.19343582205801813	1.7375944791454807	-2.1373530456994367	-1.3003297636764726	2.2420540574565964	-0.6290266588293751	-0.09035910201346316	0.1706754884433894	1.1182259355437536	1.1985931403840862	1.2635251137243273	1.0545061378965244	-0.2802118988374242	-1.5840882306480668	-1.2510838692095685	0.2871517517699877	1.1248633280989497	-0.5241100206997622	0.05092931401759739	-0.6769674586836587	-1.0744422826557802	-0.5777651572145986	-0.6963865465057238	1.4342560053265123	1.9535636044488833	1.329066648208493	0.34649467489170305	-0.3356930297963647	0.06676958089757831	0.7539757571466059	-1.1448850043134677	0.8671817943914784	0.47021955991803666	-0.15807846504856202	-0.18941419538880885	-0.6056894834524991	0.6962296733276803	0.7731753148442397	-0.2905283683629971	-0.19394491396957533	0.5830701636895841	1.4050204458758533	-0.6564987276413301	-1.0116970690900133	-1.0245922981705209	-1.039793066591266	0.195878008827316	0.4369504364310618	-0.40203228299984095	-0.8810479634102154	-0.34139125105680695	-0.3093663133493848	-0.2842751360490092	0.47772184378520083	1.6923447580263142	1.874567803188963	-1.8161008683821684	-1.126309632016548	0.882205280129391	-0.2723956064299193	0.16981485960444048	-0.3000701298490423	0.20480774910973057	-0.5965404681389398	-0.06308666466122867	-0.357280310079577	-0.47290223878430304	0.37410561036601087	-0.27893080584908964	0.24649050164696215	0.9875368742640449	0.7238205280168392	-1.3524044213471111	0.3847412288370559	0.620687269660265	0.38612411369903565	0.3949098653444419	-0.5721137521126255	-0.030446985241978086	0.1461087457111614	-0.09062590221243896	0.24624790331553395	0.39483340093366104	-0.8210509933299097
DTXSID1045954	12.175737421204975	-4.368169531106156	-3.806120348588865	-1.6428536751045337	4.396466196101895	-4.840248762007321	-3.5086617618732094	2.161042817275129	-4.203664884172529	1.2355822546052733	4.260751878767924	-2.687140571140324	2.7187070417966006	1.7340460177099586	0.9302525942968916	-1.647309589879465	1.520804402134263	0.6745624596364934	0.34462034763029853	-1.187407006552408	0.07342576515789319	0.18738785330809907	0.18290630078567846	-0.3136761067849391	-0.08433414210981896	0.5940233870988498	-0.497155444421803	-0.7787284036188498	-0.40229673160693324	-0.7653571996746125	-1.8558552457919857	1.4848140116632214	-0.5421587931805734	1.2020439629618653	0.09127406609824129	-1.4350724993391495	1.0979535840394175	0.6945307683678023	-0.05724415057620888	-1.1565766052868194	-0.2457823128886671	-0.2591864560395085	-0.7930582573641887	0.48194474770740925	-0.20178527752223432	0.36227922298947496	0.30531559136270464	-0.9309093945083596	0.20874099903942048	0.270341430785494	0.1565659064582985	-0.21899341829927185	0.25044021210262063	-0.4546133782397846	0.0785614285730567	-0.11346970061717739	0.1628825023130155	-0.6961688105806385	-0.6340557476951367	0.3030518088627389	-0.9992743627977996	-0.25622700936431025	0.8838935326599098	-0.2875091213261816	-0.6141528473253564	-0.919944419835021	-0.9828419233421775	0.7567024866906693	0.13455221296081676	0.6908491769058293	0.03596604044532168	-0.4926389924170986	1.5706579321356122	-0.2897022784497281	0.21203793846649244	-0.47772450621778184	-1.1930926038211098	-0.8354582670494053	-0.2970617468532136	-0.35336997632001954	0.6762131533457882	-0.06413077888289663	0.8588481881681805	0.4508430418800596	-0.9409295145354722	0.20938406229947495	0.797986880679514	-0.6536107295948018	0.5246332558736576	0.26181567361205	-0.8041567126367831	0.4651384770374498	0.1840319196235267	-0.6591496966467727	0.981663827956349	1.0004657029305932	-2.103899383160428	-1.0759118545552802	-0.4083465286475416	0.12828929341648254
DTXSID6044357	-4.0982391430486205	-0.48523641969191733	-0.6070278758397584	1.0820056852801079	-2.000830377731229	-0.42560858453449024	-1.6677921720100315	-0.6665834430491002	0.20973934906629882	-1.0210712401396347	-0.5225433573351352	-0.03159751414919223	-0.24096264916408217	1.3269792283109998	0.2647360912356553	0.27472821545232534	0.4558414795267338	0.5491739917296031	0.5085165148463742	-0.605467884657195	0.01332502698027864	-0.7432561997601205	-1.0283796763441495	1.0076420643771116	-0.7737968400013782	-0.22969830728985305	0.8534761566062875	0.26825322536933355	0.07965089832137472	0.42981001999796703	0.06329563084494977	-0.6828802165271237	0.5325095845498565	0.26332209430381237	0.5520963243817547	0.10705957084907095	0.13951414387709224	-0.4907923084756705	0.5787551069172405	0.1155428909288057	-0.27205267854345977	0.44222666330774185	0.1577920599750845	0.516579230940102	-0.64996734737389	-0.20337231421535895	-0.2028450744367213	-0.8008128444974804	-0.26507465712870243	-0.4176909695404948	0.17609390361243138	-0.11832149612973382	-0.15377968012871124	0.02011420671213946	0.35628286106479956	-0.7898543260567835	0.264888474617845	-0.10740227349944845	0.49805815865346625	-0.033703069291927366	0.060905774250807766	0.4324868557421091	-0.573466645074703	-0.7063540939543032	-0.10651436742130463	0.8015979106168757	0.4663707206734505	-0.007767881080539713	0.4590349816234812	-0.8035375459516676	0.22770376053840005	-0.8418217392054164	0.10573597818488976	0.2576076664193683	0.0764447266802992	-0.2707761500881104	0.32328036816710076	-0.18805885349797058	-0.3388616416205826	-0.14661589057967317	-0.2412560560067882	0.02497023699127553	-0.23965557412527513	0.26766644721921434	0.3426384138834115	0.3581018754121454	0.49011901441565237	0.40802951456334946	-0.29335528350850476	-0.20361185674145255	0.050236059875007476	-0.3956140127028989	0.1990314901271784	-0.02852081260874061	-0.08468807168772984	-0.16227699862761502	-0.07561784652585515	-0.1833708911102596	-0.2002022090242595	0.34703862505607436
DTXSID6047818	6.036641152176375	3.89227857275539	-1.3506764352436282	-0.32644880936198634	1.404366423039798	-2.915567316816021	0.3829630991353827	1.3607112515317852	-3.2242162559902896	-1.2535849815532698	7.101153653751205	-1.776601857881888	2.724811692652547	-0.2822594942570432	3.705982205111063	-0.9946057777533359	-0.6595544386496196	1.0004065708307577	-1.1236978104200368	-0.2916058121940595	-1.8155021056646548	-0.17893712969739883	0.6924793263592959	-0.44949912820622756	1.8330204204550924	-0.9120694442941794	-0.32424764684214863	0.07026157087872345	0.14045256658059507	-0.538160937451753	0.5311771822903982	0.6924079837213825	0.22093480220502992	0.41967534386023886	-0.46111402182181493	-2.105615702296829	0.4750178864041767	-0.744371625339737	-0.10445965011573549	-0.19101178287919854	0.23905638577779767	-0.0695725696169593	-0.4539986124519395	1.0964995949671812	-0.9863545328718187	-0.07563018543677491	0.3423286909143589	0.05333863347343544	0.47255996825864677	0.7185434358545854	0.045478136517275176	-0.3387584773444098	0.28885071590463046	-0.531533069615037	0.6440462415454825	-1.1509948631636477	1.1787545777409787	-1.4225143086846261	-0.84114108406652	-0.25950812456617367	-1.0612381820190135	-0.92204878617938	-0.18248962107529365	-0.05653302008979766	-0.25640418298435746	-0.5808475117455071	0.04232781583280892	0.3169719962189718	-0.425460973780879	-0.442332549844514	-0.6331857510625832	0.3084797792429163	-0.1538464969357934	-0.2518810650693397	-1.1002270314963694	1.494439909865901	-0.17921995681721484	0.17560736167435803	-1.0437652439460618	0.2229605716086827	-0.6777395089113253	-0.9696513729620757	-0.6446492428809041	-0.11054046069635123	0.11657849294900446	0.03934834131522403	-0.9936900128228872	0.38529574444288894	-0.3936835583682179	-0.05701304782241226	-1.0858101116415322	1.2542883352391236	-0.21965496348510524	0.15542965272143985	1.2340012880051432	0.292396385619508	-0.3700889781758548	-0.3333378669154497	-0.3637806053913706	0.26587925230824927
DTXSID1057614	2.571271766417789	-2.140383172833051	0.40777356970902756	-1.1704275385309517	-1.1389745224012056	-3.027170401131046	1.4030877808434097	0.16590561150015273	-0.919065393363908	2.8798697486841482	-0.434891369355244	0.6039843260162105	1.2224373095057042	0.3330011215060563	1.1220037252777144	2.8304567666953915	-0.21247800652008667	1.0569547517727191	-0.9247639686865061	-1.776876561670541	-0.41499400048026913	-0.7526014339146815	-1.0392327277944806	-1.1876399302525982	-0.07699786928285784	-1.6716076779660232	-1.502200603294881	0.11840007738762169	1.52926948147628	-1.8965882095223372	-0.7154802098591937	2.0817234967231686	-1.3162292802476956	0.2969146969546698	-2.327018691594696	0.999646834509849	3.1734715781086913	-4.219165206738923	-0.9055515839172339	1.749275913879212	-0.03486324431457627	-5.565186504091598	0.7956528985421742	-3.5147597311458005	2.8584337185357525	-0.5529795451210113	1.7852074826515132	-6.067382602662469	-8.142546203481356	7.682909654117781	1.2225526864266625	2.1855301897365695	-0.3448622138268339	12.907760853317175	-2.0145243529717876	-2.8482395975521375	-0.42467122590196305	1.4764153052343894	-0.09585166236084315	-1.8195990232508628	-1.4804367615024745	-0.441115084348304	0.5606552507718735	-2.1541977658458347	2.74924685040155	-2.0477226980684016	-1.7168750597491815	2.28488082312722	-0.2537334833536807	1.0708108543849293	0.9276231262416449	-0.2673721626569133	-0.09060118542960593	0.09047382806777313	-0.13236122162932978	1.1791483467280106	-0.2607864810829171	0.09140565418344199	0.05282797198344117	-0.7768370376855194	-0.7630539594248877	0.03701666808660014	-0.29200593153844084	0.21517742301373258	0.14852987715375252	0.4112444871134388	0.25675202685109155	-0.5345754171218413	-0.3286542831074536	-0.1538509515302996	0.4424138680869616	0.6139544163087352	1.707807690453427	-0.01781456394531383	-0.036786491827357444	-0.07251287695403012	-0.17575690454385864	-0.14880978147951146	0.9614499242911501	-0.5942883132126329
DTXSID5045384	6.334559465723261	-1.8211791585627917	0.12893818943476676	1.7279207165805215	-2.0367971598512726	-0.3777696258516877	-0.056757970503092274	2.5693185461373322	2.4535063437590483	-2.368527162964534	-0.19301673438918565	0.7721728652639227	-1.6634779981134673	0.22584200886441272	4.093542773413293	-0.7046052586989883	-2.494083315239798	-1.418689300861184	0.271995494967629	4.297285645697974	3.1914517827029494	-2.445494873079203	2.817448668323992	2.1235392644902475	-2.8616017040984314	7.36468301027903	-6.57706070485183	-0.7462154751067396	14.577596854772773	7.190096523539864	-2.8792350008897234	1.9833110091523596	1.2317991495595897	1.0448826727639733	-0.29939367530915983	-3.2922458584501992	-1.8323346873376702	-0.42929259409775006	-0.24687933571269607	0.18241493039851941	-0.21711005381141238	1.008553574932181	1.7691647413923297	1.480694324783078	-0.5327105301216709	-0.9779328909347047	0.9277005773604963	-0.5247652682818538	0.10317970819126297	0.26061808137038667	0.2002091473629086	-0.2323463298054935	0.8910131041095486	-0.9962697619468288	-1.6228791397421887	0.9685219117818199	-1.1786753686760725	-0.5510614634418847	-0.8034700422984207	-2.198153157849508	0.11740044243199571	-1.9243486842586415	0.4827294767117717	-1.65003125870316	0.7483900812069453	-1.1663074723777973	-1.5965585357862573	-1.0461915127190067	0.5033821552568466	1.332680897599206	-2.1116853801451834	-3.3277374541027664	0.970592480494644	5.353815580922454	-0.49330154629454426	0.5973624324002803	-4.452941692667557	-4.838003473049195	8.511388559821873	8.55416366044924	-0.9049418454966606	-6.659355743863675	-5.19643627984768	6.880873104065028	2.1616086565515764	-7.307138765295747	4.830046251467292	-3.034135135209548	-1.3787436368626291	-1.2376619908873168	1.028512722293487	0.1657868397854461	0.8559603849636181	-0.4182318093574303	-1.227759856990356	-1.7826018360590172	0.022117113070941753	0.5845174993159319	0.8263375431801327	0.41045836376579775
DTXSID0057756	-1.0922107941933539	-1.36742244522101	4.5623999257426195	-1.891816784106062	-1.1697667434866168	-1.7915675919679954	1.1431352888297093	-0.4210693556420114	0.9037543248926673	1.686317721046311	-0.29679370359434215	-0.07420614451076862	1.2414864420894454	-0.9170169091658148	0.4547328207424155	0.5984225437678076	0.14044312813585266	0.7843942658163233	0.35730829959108473	-0.8297932303708361	0.22287199563311375	-0.041324958201450615	-0.3821703727407939	-0.5709022842242132	0.700972079869925	-0.5119341026123204	0.12637958991957085	-0.47687222735757107	0.4947904960558348	-0.3735192133800029	-0.1770251948277977	0.1593065933681212	0.3650521772863221	0.2508209156004285	-0.4842474769888546	0.6181616734427502	-0.10198265774533649	0.16142883059658827	-0.7954013483932445	-0.9177159735054228	0.6387812052245606	-0.01802957193256529	-0.49364471471445714	-0.7956760621792321	-0.1776589141144689	0.5217642164501782	-0.4552474148726804	0.023760776287038966	0.22245606711373858	-0.3108993751347365	-0.1312545596679065	-0.28418659500139576	-0.0895970563043363	0.17821560347881793	0.05873973803184817	-0.003692373300470879	0.10741840114109118	0.4711091540530404	-0.10838676137537762	0.3805978002538529	-0.5980956562794744	0.1169454141486186	0.31699334236646315	-0.7091595651523548	-0.5958006698079354	-0.27361136990472285	-0.8018389001245173	0.4973732816001597	0.09800382738830832	0.6974190895671536	0.3153901067671327	-0.048999923318112315	1.0678247345024126	-0.03788454739818939	-0.15309480911506462	0.5924257403325239	0.15784007457339938	0.11050309747086262	0.12711312649283266	-0.0796024057772831	-0.23027866224530952	-0.3811866301875115	-0.025175249572764822	0.16387284953101086	-0.13181997936763598	0.2966020426361866	-0.46493550729312	-0.5073456690185928	-0.2585108648602625	0.23460923178480206	0.14200634904285375	-0.07173592722034737	0.441532825945184	0.3192636859080697	-0.13315336361021662	0.06899715128568411	-0.11273972741757293	-0.3980252498779264	0.7130276933112204	-0.47772692584821425
DTXSID3023764	0.9338378198675217	9.482102309053372	1.2817682019302494	1.9831030092470894	-3.5630072198283504	0.8770883635659352	-2.1253555817175216	-1.846794821788579	3.017456204822423	-0.615772972679875	2.7795099992342918	-1.0702932235932843	-1.4399711505657222	-4.496610572142419	-1.5540366870977405	1.147154685008531	-1.2510343467163354	-1.0494243020840928	0.24429315750857453	0.18071846737989064	0.7923168935702007	0.3536819298213932	-2.090514133917791	-1.2873361091462345	-1.2573635466832807	0.3227785622180915	-0.9890034080536811	3.073293893006114	-0.26454684108777127	-0.6718799405885959	1.0619999839351897	2.0345938286719973	0.7176738132338008	0.12231298960633706	-1.4012728756626498	-1.6376530486745169	0.6315635063333451	1.264891660451876	1.9646999359653494	-0.8545399516929193	-0.9785412325079192	1.0130904061451453	-1.291607109187905	0.5008279020465649	-0.606916759375437	1.8415090615356249	0.15969322453734908	-0.40368447728374557	0.7142794376205551	0.1415452287204851	0.4877302071855012	0.78184672125565	-0.6965953566492776	0.852036179773405	0.40361182716572935	-0.4487442419468912	0.5762918227489694	0.36037388884628124	-0.5325524522990785	-0.34112836937764796	0.6755679959408971	1.5384185592276158	-0.031386794861299326	-1.400455661963375	-0.4083074871688337	-0.90909725241826	0.06271351847203273	-0.6061457120107487	0.6777886298352009	2.6850111872186555	0.2868331930519822	0.37248147784861435	-0.3115031202679635	-0.7543509937476244	-0.020710395862216676	-1.163095911451958	-1.1677072890189395	0.04713168744899008	0.7849665830279082	-1.071474707668963	-0.13279775666815694	0.6513158912477448	-0.31421555448649413	-0.6758836543556649	-0.3427414845662876	-0.5354569193127177	-0.26821251926598233	-0.8483467575238254	-0.3041624410205842	0.6368221769642424	0.11361547981719516	-0.480805419420473	-0.8438569920556981	-0.2768569219349468	-0.04701940140787521	0.19810704439613927	0.3316649849341775	-0.46093738356196096	0.3028485392190168	0.20852999303981368
DTXSID9042465	1.2640517579806678	-4.748366938656304	-7.064407189280044	-8.346191289955096	1.9256496862852595	1.1234467705716793	-3.9807784137745514	-2.5345763109923283	-6.287334032368005	1.7354912734552113	-5.431510542391126	-5.1875956782635555	-9.938634243507353	-7.207585363788332	1.9471253907235502	3.110593602266638	0.8886312368191773	5.397733503087769	4.932798212335838	5.02368626327883	-3.4232129960930884	2.7313787008954575	3.896535472140941	-0.33877934830765855	-2.358244288057351	-1.7350420046200232	-0.07276111444841993	-1.018535976885319	0.5568385979552606	1.0938331702295374	0.42831057054941024	-1.55845150213611	1.868642147387874	-1.626753209658576	1.359559648527622	1.3301034529907108	-1.46905517894449	0.500051366351134	0.3680741954522467	1.2742312073750093	0.6938673117330355	0.06722098791343512	0.5754695694134442	0.761116877495841	0.22237397207714815	1.0570153684211294	-1.1752431928423865	0.5492091272036703	0.7218767619687968	1.098318300248791	0.5256381784778725	0.4401458031793503	0.8201132796764405	1.0427586602402348	0.7231145745243754	0.5028534995306708	0.6719215791275048	0.09580560647089713	0.24201606528743672	0.959573165296068	-1.155165242919563	-0.07375715926752936	-0.6629412169859825	0.2684238654671477	0.891401265334871	-1.9066456623055108	-0.921368256129469	0.6718093994642822	2.1127320857032723	0.18081514447874852	0.6100549781062814	-2.0552431508985687	-0.258707722602083	0.5295745076747256	0.4729486708794563	0.7230185986300759	3.3203980805905378	0.5013731322555479	-0.19460428721366255	0.7077936109900398	1.6160681843752922	0.4518061934571477	-0.9591555301667177	-0.20302216393987796	-0.20791746326491467	1.2200214318695701	1.0380451869021086	-0.7132878183514652	-1.1410678980543436	0.6060070550598537	0.5516299772272766	1.5238869274976337	0.9374429183942629	-0.39055954999629033	-0.2932921013600872	0.5260703748077898	-0.5697282639788108	-0.9131016292365775	1.1664368236624278	1.2468571847832934
DTXSID1041267	-5.317096462223136	-4.129907403511488	0.3175355836795964	-0.13486089367666138	-1.1713001587391252	-0.5220507618989608	-0.3256930449717402	-0.1040761444440355	-0.21687381241274548	-0.19148320761256654	-0.7311598441205408	0.1841491766464222	-0.08740271920271774	1.2395029146024417	0.6553901808578426	0.11699074103955344	0.5427483060898699	0.8302421692552863	0.07850614582855074	-1.0232453882118735	0.34510296371885846	-0.7247382230248911	0.3551239901361972	0.2919617876634502	-0.4485882249621025	0.35326537573524236	0.26815590758285673	-0.0775222722440295	0.22392587644072556	-0.49669998587583625	0.6328235482009983	0.39564752198509384	-0.200283208275543	-0.2803033622565361	-0.2560224489288701	0.2210165691690368	0.13014150911877684	0.8033338291016686	-0.3767073685273235	-0.2191840729043274	-0.024594929957795674	0.11818515962179854	-0.2419919159102415	0.21194336045181422	-0.3232651187465524	0.27822532037504644	0.3829140393884229	-0.4069402112199143	0.03102258333477408	-0.06422003472237914	0.05438726202843143	-0.032456781556764326	0.04662095986096278	-0.13264330002890426	-0.23961842377181394	-0.25543413145673066	-0.0033689098310605097	0.05852885174021249	-0.3003789991511782	0.16690165476324267	0.17214425190633867	-0.004079298656005817	0.4155426174585347	-0.21345238449602466	-0.5913572987134926	-0.3125735495149397	0.023274564277007644	-0.15237220090969392	-0.22387924307070647	0.7006606745513281	-0.1415161813812068	-0.05739629105335793	0.31543036797191204	-0.27260525683043424	0.511940580086852	0.30394443777925506	-0.4689407374003266	0.31198864621693634	-0.17562487140268804	-0.12668355919975058	0.006468636018564401	0.06260875646397057	-0.1335090411952997	0.022111918259897476	0.13459965176468802	0.10564369303528799	0.20730912360659456	-0.32963785300889037	-0.06609119876794181	-0.07022762318781701	-0.07020552181616507	-0.21649566037548773	-0.2683437693830176	-0.1378058536000122	0.023603790537915496	-0.010880031378407365	-0.12385793687048328	-0.188939468528171	0.004267304167107649	0.2146728808249851
DTXSID3057806	9.978016910999834	3.5302562921084317	-3.5170775340356926	1.4893208950950851	-5.157157166243617	-4.618129734358962	-1.2678045258283295	2.24644373869233	-0.9757394935283147	-2.8978140925311284	-4.0051431072766315	2.444308003684167	0.03411900810555849	8.900086312764634	5.67167167530408	1.7242688441709009	-3.093867562513696	3.1775544404591414	2.6866852473842564	0.7632334663214385	-0.6025415665651931	-0.3555526651404711	-4.168520123218936	1.7020965235948446	0.14451394911398188	-0.5512363804795589	6.867512210949256	-0.805352199533432	0.5035743656035204	0.44643409851805615	2.292527804346058	-4.372217791468925	3.310949991194465	-5.564664784848412	0.6652537199357571	1.5422462073296341	3.209148108730006	-1.881290322289906	10.114072706569656	-5.624491344045046	1.01018620687439	-2.710716975949548	-1.1049733967604012	3.7079013544652373	-2.1436494928985566	-2.5753038449672454	-0.8492234456944429	-1.5371748540099504	-3.483515238361097	-3.61073791628104	-1.0285445886221385	-5.867350013412986	-2.580915993503225	2.19024429588814	4.1919825123813785	5.767963051920374	-0.03649627317679641	0.7502657834691978	4.232761985058699	-4.875924158040985	-0.44832367220549524	-0.2591270308495308	1.8232118436586964	-5.38267518798476	1.768485068390842	4.113622982718122	-1.9374127051011625	-1.2203724661143256	-0.3465100662659086	-0.947841195055909	-1.3834159814646605	-1.8920657659869	1.2544098878350292	-1.1030297002837053	0.404132248874856	-1.269544881121814	-0.3355275574437075	-2.6004125206970246	-1.5446077951592652	-0.0008386823640852512	0.7151868090659708	0.1538697630164018	-0.13100505827514156	0.20438538408484316	0.6131039210120505	-1.0269955764725933	0.5325553723209946	1.5181637205323	-0.38255130613426996	0.683956029178864	-0.5631816244180953	0.44655995835792095	0.6635563437775265	0.5875885835323806	-0.7901890364044827	1.2113800729900113	0.521373240656833	0.5467088343819445	-0.4803113122058343	-0.1295481404769019
DTXSID0027933	7.110116635035622	2.387526347851474	4.44401568573997	-5.311037720722747	0.3078589583825114	-4.543210118496202	-1.2799449501834077	1.1988094030851875	-0.35900441803066196	-1.8420913996385415	0.3538494422227301	0.9569630990366063	0.17723640906575208	1.1006415194485553	-3.029397256570395	-0.7363649062899973	0.13252633183829868	-1.77951804390968	1.0609454251325185	-0.29800425151300036	0.25803944099958886	0.5158027723994495	-0.13971915576495916	-0.06025762953980241	-1.0040840071697137	-0.5846936874561637	-0.9522783526120813	-0.43325843385933893	0.5922741693246306	-0.33413704604207783	-0.32667627884156886	-0.7548138027513971	-0.32658157687084305	-0.6672788040279374	-0.9312114303575946	0.6834788838672721	-0.5714973056922578	0.5135828246123433	0.07936881424299709	0.08467695077178418	-0.34415605000392846	-0.2808138947704282	-0.3766659098422842	-0.5491412546898254	0.1844970940612931	0.11191842351027706	-0.29916119029882854	0.8385264698079447	-0.32659547468911954	0.36929502730068714	-0.3845507556832606	0.2301095815278073	-0.1602668778259737	-0.2631337135016774	0.08560540401655084	0.2132683129577203	-0.0007474045834658649	0.03185795105337144	-0.142317856577991	0.2286772695017503	0.5826942073446124	-0.2077466611139384	0.5254456708378417	0.2855101874680559	0.26501872667798043	-1.1192473575116504	0.2633827834400636	-0.27330197489667185	1.0612977847582448	-0.3182304903895464	0.7711038542076187	0.3555440289690081	-0.1592496443528242	0.08178608919661345	-1.7459786959300736	-0.12661333266129832	0.6521713061116869	-1.3440578534433176	-0.1962780502666347	-0.10813399878034939	-0.7577615604424329	0.8057824382946095	-0.4492172811029866	0.1583163691444171	-1.1332278963586155	-0.3949824585582456	1.2057246756587374	0.551503360889132	-0.05675858448352849	-1.0192711205775256	-1.2788789838131955	0.5457575766632836	-0.8958938795927206	-0.239882751223569	-0.19263984702393883	0.078660208274681	-0.7625764939604406	0.020897657984148853	-0.9710388636694056	-0.7008685392758333
DTXSID2045654	-1.2981674589939454	-0.18292489429835615	-3.0152527511405607	1.242006761288997	3.1171665266983823	-0.08595012689588588	-0.9480147932604047	0.16425827103418708	0.8805614667604975	3.461943078918825	-0.4677651635325648	-0.4039500899789949	-0.10936860256366525	-0.5454982102251291	-1.423762177659793	-0.744059063412368	0.48056078622974796	0.09883282683188963	0.6116709443053	-0.10395786290599515	0.5766657668872137	0.2737649442095197	1.135248920747599	-0.028617779717405003	0.41471070635168	0.09017814460212557	-0.3946683165313829	-0.45105632722497846	-0.06121015420167504	-0.610891739443674	0.034872908243129136	-0.11218557402194464	-0.34344504157577305	0.6313296480629601	0.6682373662878358	-1.1284391720426068	0.11511728178109835	-0.05647213954430384	0.10910947185219957	0.24666946094115683	0.2361934525132562	-0.18562443476765367	0.3310006714416605	-0.13088931648267724	-0.6650942991034198	0.00936166162438008	-0.7608343439239333	-0.49029972406779493	0.04993708609575411	0.037657150008176904	0.014949366335361322	-0.32329371817558084	-0.3819814243603272	-0.15712527789207867	0.04543926604207018	0.18312287078178796	0.32959188792241234	-0.025612682810175848	-0.21554020985476072	-0.4339972652111702	0.30499285901419737	0.5588297216112693	-0.19452230938378845	-0.3251063146406336	0.26834091946545213	0.3905126043674476	-0.10449821130207464	0.21813958577926484	-0.061380075607464515	-1.4647638793881752	0.6478558451227732	-0.3716749401994729	-0.22673925639823508	-0.0593543674002198	-0.41363767561052306	-0.6177530875382211	-0.34973841188464233	0.6313230773337678	0.39518546922567754	0.6881346554358967	-1.3285449224034576	-0.2541244130723636	0.42464324737869086	0.5764166424928513	-0.45353252960061025	-0.06116158031651768	-1.1036095269780486	0.479917388020309	0.0008942534054343608	-0.09358480610680797	1.4661630730626045	0.22156409893662338	1.1676168862179637	-0.28800499834119925	1.6849089137730393	-0.6943998057398305	-0.43922820567832077	-0.2503199323354506	1.0651126126902828	-1.7780977816697616
DTXSID7057787	0.9873615297900358	-0.34878091076606266	-1.2234045478997415	-1.3523152693665312	0.12143859817666904	-0.5822629442442998	-1.2153848963443186	-0.7541548573985889	-0.7385566521497537	-2.7012396343097076	-1.9211594146930797	-0.03186673545612896	-1.728734483995423	2.5201999925291982	-0.2524962901524872	-1.5071897577714386	1.5009233111200937	0.44165069069742063	-0.5822472983217597	-0.12345315158655226	2.569492200001148	-1.3590601112061576	-3.114047480207884	0.5384228291155853	0.7270451812074521	-0.7098002817059043	1.25437773160055	1.1991325966104025	-0.8852653416700599	0.8732112360841492	-0.6200680135291113	-1.255676547797691	1.1884822568059905	1.5232677317329613	-2.6849111777676544	-0.5400554729409268	0.29742331859940613	-1.311189547690858	1.1853530697621826	2.1667282007964053	1.2206025733443375	-2.1047047164253287	0.06912891919036707	2.65066044452241	-0.1816309256951858	-1.984360845001807	3.5755963431791136	-2.3574579683188785	0.9741076559878856	-2.112724949264355	0.689057387864191	2.8269609917174416	-0.13807267154607863	-1.6364911925198076	2.7142971975452346	2.6400999175233157	0.026544668006361884	2.1339922732485768	-0.8131382940723411	0.9618243264144741	-0.8814598276513617	0.5756626618521089	-3.0293358214721047	-4.404022745340929	-0.18210490175274768	1.3563582616059835	0.7546332674929958	0.6826702945771388	2.1940727464571443	-0.9135591034717524	-0.16370455189795582	-1.3679204533425273	0.6045298808765751	0.28181476875547296	-1.8838954295829378	-0.045928227236682516	0.7801681318638888	0.1779297677203201	-0.4441932577061597	0.16939127045098815	-0.35690943991463664	1.5300031967733865	0.06092214153123052	0.7860016429286507	0.09313020590664342	-0.05655441508487044	0.30611778736975975	-0.7773134879266249	-1.1484197412979547	0.8416550749343638	0.46240046406604596	0.6178432817712958	0.2689804882784903	0.15422014639429865	0.35876366016577743	-0.8051478427061228	-0.32844221767857307	-0.5674160055862298	0.1083352527246885	0.15398936268543
DTXSID8040727	2.780243398784065	3.5730235102488965	-2.3677729697786947	0.9297046851566635	-0.22035285463137474	-0.28093514867760694	3.13734083406424	-2.4246997993372417	0.9962819091017631	-2.620366095599545	1.070897089535172	-0.05895735958936853	-0.008830946141478595	-0.4568716015091237	-0.37346865656941075	-0.4010586558885073	1.1400519468018655	0.08755669628978939	-1.203057146915652	-0.05731776538186439	-0.8293452107949284	-0.6483268105015795	-0.7498180704690411	0.7434954475375016	-1.0697956565255973	-0.13878315263562696	0.8009199463217641	0.21584293431935322	0.805015109222535	-0.6899851472389477	0.1385694929581185	0.3515404682876226	-0.5651836747194272	-0.8859182071690085	-0.5999568726911824	-0.2707938573723665	-0.9647263603237528	-0.01564809044333336	-0.8641307211332141	-1.071960760687028	0.46650867773537413	0.828626866974674	-0.4562969414219771	0.025147127334603184	-0.13944244149620177	0.5433993028443961	0.31539587188146606	-0.2818151319240677	-0.2804206205910638	-0.6987894757980325	-0.42209595285760626	0.19613899378731528	-0.31085652599093144	-0.02018228109931535	-0.4776345086846518	-0.4446899582402868	-0.09611872042606903	0.7621165949693078	-1.2678202334081947	-0.006357704332239123	-0.35604551934606116	-0.29453256890378243	-0.6538998823475561	0.24546799354542298	-0.19622665412809331	-0.5190092221616646	-0.8630931103861175	0.23930254285023747	-0.17430494332537674	-1.914152472456589	0.1990341681423801	-0.8750536936913637	1.2207259301256899	0.39300732525682786	-1.2085619336319173	0.7788116884643286	0.6941544780643788	0.31526440261218214	0.6323643830476621	0.7578632071228629	-0.5640923661175966	1.1096178536590002	-0.2509914963423928	-0.6796428293919895	0.9096328036232972	-0.2252998405004721	-1.4003120445663464	-0.2319817441180574	0.4303578675487321	0.6572895813914019	0.2439510510428496	-0.4004670825422933	-1.5622598222439934	1.2712050326103168	1.090225239178386	-0.8850825352894001	0.5954268349931682	-0.06672791060277901	0.6065649919816907	-0.18178879446781698
DTXSID3020673	23.464993560167418	10.410090230455582	-4.642818684237294	-4.326796793330573	0.16157065709545046	-0.36601103405187674	-2.9990624839818008	-5.965616681936206	-3.881366820136351	-0.13481700213033532	-6.231570922024028	-2.4032243907837794	-2.442680849384518	-1.1149300948658751	1.3640427217972537	-0.0002464703239972841	1.2318221406835683	-0.06102765198949616	-1.6347163710564596	-1.0158940436079567	1.5105738261061945	-1.6926314479556543	2.5786608859841924	0.037596539180643054	-0.1424936894322502	0.08856003746506245	1.6154085451530638	-1.2057819240424579	0.6651165423448	0.22306362319109246	1.8636137150706586	0.5426216726372934	0.007135824725171962	-1.1422023267628687	-2.808381968226251	-0.9845172020120043	1.0586275850728444	-1.2707833561700241	-1.2118276119727955	0.4368015259783317	0.27318708982760986	-1.3053681661684893	1.0335543446083078	2.046110511727217	-0.023678744698982596	-0.4528519363705761	0.445149868509084	0.5599017591792907	0.22531167244404196	1.1014098557318435	-0.21953165372839328	-0.40031304939027423	0.7563288253332056	0.05074216207815325	0.4624649713068538	0.6853576079209225	0.3245950667965608	-0.6290659668881916	-0.7126302868626188	-0.2840658868766976	-0.77341767678321	0.2675884133805544	0.4032304471472984	2.648382667207749	-1.066323625970005	-3.2663156974151226	1.3192467233854637	-1.6537570286194327	-1.940378374087892	-0.9624624705136944	-0.9253728172168667	-1.7896120650053913	-0.2615162173230925	-0.9004941353708292	3.3793509525854692	0.9042550620711636	0.9516220527598744	-0.9111274249420047	1.3250457401493942	0.6103061771622662	0.9615316085215997	0.06965230848337549	1.3526857469604894	-1.5764608932127988	2.551605214784054	-0.7393671873043579	-1.1511934679027616	0.18412522245131407	-0.3855469663219321	1.3862204453429787	-0.0679798260272092	-0.5368673169913307	-1.770857872865005	1.4267200071489872	3.436071041390097	0.4414748181171833	0.895873469997511	0.5094320821785919	-0.1213631833631529	0.8953328897089137
DTXSID1024835	-4.765179999159921	0.906602561197468	0.7800720721661456	0.9720455396492472	0.16924289513158522	-0.18121861460711872	-1.9052413028309152	-0.7709681574498901	0.9690362884339991	-1.4464169162723037	0.5355371421184106	-0.3028930605411901	-0.5558035441086088	-0.4806406115427229	-1.1750391372439692	0.46144540543469137	0.26564699786257717	-0.5144435709987412	-0.5076175171305494	-0.43085078055610176	-0.15002954829858114	-0.25407342427507423	1.7333002451942479	-0.040395912377784324	-0.3456439365971267	0.4237535542096793	-0.09998457641585418	0.4329894245665996	-0.17884351418084724	-0.4526376153047144	-0.06825978870078572	0.4861405151835569	-0.23348097678478136	-0.06980294055320889	-0.3047665728749765	-1.1310519994703945	1.985305390103315	-1.2266217876201229	0.5663395166177689	0.399005665330648	-1.8039177522974608	0.5627373374408056	0.694007650483632	2.0736835171752084	2.39869254445928	-0.2580886383000582	-2.143300879111774	1.163135314647149	1.0256133203986417	-0.715202752298264	-0.10247177245292248	1.2297286349329954	-1.417631670837073	-0.08133821063416097	-0.08779782584122008	-0.693504129336702	-1.8502076620958101	1.012893666941925	0.32576716417124785	-0.5223898764327413	-0.39532227100242917	-0.21878002915874065	0.05117801089884086	0.13572881764532557	1.1709018483663274	0.34888153772139924	-0.8064951784667301	0.33632987041266243	0.24037739777443037	-0.42033175484664526	-0.15513289839516153	-0.030312505042228023	-0.09636485242235632	0.3251154022383844	0.4192402307476461	0.2863867986260068	0.3157719782754523	-0.042808507963015996	0.011725364179044719	-0.29234768629859614	-0.28920052028768534	0.45307585156596136	-0.27416693597491654	0.32758694635808283	0.21554538744893775	0.08382489883041207	-0.3247018746121433	-0.07294606368697233	0.13862145567757508	-0.1242817190355839	-0.09635345710194851	-0.5634826730863655	-0.09121327801271184	-0.11950065148499758	-0.016490034272697608	-0.09774355654381867	0.24852224455920094	0.2613005330298814	0.07985154775699643	-0.1790224963421542
DTXSID8051708	-4.6399384151180545	0.9222791518442233	0.05572398304011013	0.8070383700255496	-1.2737701290947194	1.434743241379396	-0.2803869613650632	0.2700748301386084	-0.558666488657685	-0.22869313552494241	0.20281832946015854	1.46569168407457	1.0319911734702842	0.8061671541283661	0.6275784669137805	3.109990898459118	3.7454997860738435	-2.242664643958996	0.7385264770432749	1.5444952140810138	-0.43100330648541035	-1.4924937602621153	-1.030525552324365	0.21394045162384429	-0.6219445427365564	0.6313185686631325	-1.1104068695011062	-1.0032823720239785	-1.0019681167804613	0.3408757912288974	0.9779171237513882	0.395279999322505	-0.022947151776971864	-0.6691656370096414	0.030009257500527672	-0.7180616952049421	-0.6052489160117019	1.0584541176056568	-0.00898938134199447	0.7005062453707851	0.5014096803669799	-0.06142370178878181	-0.8331672709550267	0.28348036596012366	0.3623462222333456	-1.1744979458036005	-0.44161204018572153	-0.12595575709737744	0.05257633446691975	-0.17715098256444137	0.13898202987461308	-0.2179426259905107	-0.4803816722278871	-0.054162706505053386	-0.8058544678983071	0.1775522729466762	0.511907508983232	0.15705647514726234	0.9465702623031965	-0.01056297729604592	0.5808722731737841	-0.8340653437101775	-0.9774651294147216	0.6627998515084689	-0.07076005756894811	-0.9699067493296496	0.16025185547679222	0.5652327235989291	-0.02246151100841854	0.35307483727315897	-0.7397036496056874	-0.29900533090941855	-0.872782415165147	-0.6458923975637574	-0.3675555974027468	0.10517525606335244	0.9194792082672337	-0.20657287647301245	-0.21455017504549856	0.25197874668830117	0.15276659649865415	-0.3610415507944747	0.21586053050125517	0.2594923728654816	0.10691487045691561	-0.07237456783120429	-0.07497841880403781	0.3490676389757071	0.21711646428517778	0.1490212251732681	0.10701770334508612	0.02758066229123871	-0.11865297623091246	-0.3016718485778872	0.16202941881524105	0.024950952405654044	-0.24025925508607335	-0.18777215612364592	-0.12963276373262425	0.10923652129591496
DTXSID5027140	6.7553946017390425	-1.3657248470431975	-7.209752040991588	-17.31521222633753	4.680924191017597	15.623480449980747	1.679993184647974	-7.494693625427492	11.696729047178641	-0.4497559984730393	4.558862490023076	-1.4552466935683384	4.309307166244295	8.27741320553631	-0.03801140971297414	2.8393712055811164	-2.747207008926163	-0.41941779708228577	3.9218995454732632	-1.3444856653318966	-2.9733392517914674	1.80357098022873	2.323648722714169	-0.5659799850746173	0.32594042996257716	0.09670398587233754	-1.1817457538941032	-1.1821445847704009	0.7414088839928533	-0.3741463909881311	0.8181229378498962	-1.5552946547305784	-1.1778187662023776	0.32981191335474147	-0.578538810240136	0.3036974795968289	0.9131871357642829	0.6004375758187829	0.30843417586868094	0.7998653076488257	0.7117868607780633	0.25649576749446307	-0.4701006306890045	0.32664742467352825	-0.26192433424643913	0.8114819972163604	-0.7828139013447444	0.1614850632898447	-0.44273899523973254	0.6827791735757319	0.07122368375518831	0.4363207633776568	-0.5904584462603765	0.3662222336661798	0.22175202376950034	0.6115926567386932	0.8191034592260266	1.1146662254782538	-1.2676752436154792	0.38093300626530013	0.1689537028391063	1.3319264181601136	-0.35751251177904847	-0.8205947792907318	-0.1849220736913477	-0.4338532238685277	0.4693087510417364	-0.9176702029471268	-0.11222951891095732	-1.0120052499579921	-1.0902963084622186	0.05774441765481426	-0.8273089870605053	0.6870114787122508	0.598805259788816	-0.6627830130894844	0.05761767573936762	0.16389501311661123	0.7570316192363433	-0.3844637562324478	0.36866829745825924	0.627913692077281	0.6734382781770797	0.9111825017276811	-0.018163975031317607	0.020066685634157273	-0.470135635014476	0.0479739713733621	0.5901955285597315	0.41937512441363256	0.3998275776518666	-0.337030331394725	0.6829480542212077	-0.4472122240918182	0.6924718928433164	-0.5788218074223502	-0.13469279457155972	0.3322885447531787	0.3257609112044787	-0.0975458970216471
DTXSID3024316	-0.3872942243414971	-0.358812501760772	-1.8528578856468634	0.7821815878092613	3.602302458413333	-2.107546752006248	3.8210205648964437	3.4439749975479854	1.7986311300028992	0.02131940470778909	-1.887661733941232	-0.9019259205750351	1.7732496179139472	-0.6418929113767794	1.2763085163087733	0.010061907542639158	-0.8273269760010559	0.5943384229068013	-0.9145065653349973	-0.6750011100979225	-2.0735534666867963	-1.0018281452301807	-0.44604007082466113	-0.503074568421392	-0.6669965343643061	-0.541238834824749	0.5108240210107978	0.7985212697796071	0.492586362571646	0.25716717839552256	0.09966928218134313	-0.5192302819377143	0.5177805441706808	-0.25032268308311467	-0.7655335853807782	0.4902210139277629	-1.5123406897608607	-0.41367002194747376	-0.4931221917032744	-0.8228736828686553	0.3246545370601824	-0.12207272486305763	-1.2532302041147518	-0.40352345378409993	0.23750064051060507	0.5971447932820432	0.641413647949909	0.8398586865097756	0.13842633219438943	-0.2245503357053621	-0.18090708105432962	0.6987899912503123	0.44062516318003697	0.5059214828548231	0.9904011055909968	-0.7933945937127581	-0.19352570620326476	0.75538188797048	0.02430122182593613	0.26660705912203625	-0.6959113464807895	-1.8781148833514054	-0.851939494806449	0.4948444861726109	-0.8030105422113125	-0.9241326066904495	-0.33526945127574004	0.3077496951673758	0.8872292314920673	0.8348904900723793	-0.04998612485672455	-0.762176131085024	0.946615346061008	0.4586750949698825	-0.952051845012743	0.6591697998196753	-0.30393545720771964	0.09136599839285968	1.4515094109366125	-2.268959420862595	0.5497193698388473	0.016072261199905454	-0.12406033450919278	-0.48443891294446917	0.23696070337571687	0.27683131506359526	-1.3464642694200557	0.7887587595764176	1.1647221419405236	-0.24744357553762303	0.3978911739469547	-0.14053465146710853	0.9177124397853181	-0.4541204569757337	-0.7920988840566066	-0.16922446139559819	1.070262732609445	0.707222733638275	-0.5330676194091117	0.20065584982194093
DTXSID0051493	-5.209749653864145	-0.5812022842878719	-3.637219073561787	2.556514791525283	-0.4781772863775257	-0.9624393846213272	2.1013653012459392	-0.9094665505417705	-0.5938881926848792	4.098924219701781	0.4596902381875597	-1.3730216581865724	-0.9561379247385158	2.9510715144807484	-1.8284003313308124	-2.9282699725454093	-0.6999326836935686	-0.8201170593750989	0.09836398192565524	1.619698134771656	-1.3951485543168485	0.1465088030006618	0.5241589480880519	-0.41980724308542	0.279721940815148	-1.3141744028096394	-0.6572263254416997	-0.5685889340909644	0.21618321183970404	0.09341968293266621	1.5444619723249746	-0.28740258193195545	0.24133156072596404	-0.4116316246925735	-0.9698694032075947	-0.4912384693841608	-0.06392307312783795	0.4625411589651041	-1.3148956079370295	0.42341143979649887	0.3618389520663612	-0.30037344934061333	1.2011379163740175	0.7138172781492851	-0.08697167439254486	-0.24453039041653538	0.35026214064282035	0.23161744940097428	0.28528019550255646	0.12147956204063187	-0.2344824997903875	-0.3321307062799867	-0.21499938542420594	-0.3277428317504772	-0.6688959037582112	0.003847876563918815	0.16807691349176745	-0.7314710797723568	-0.524308456033096	-0.8183085585366111	0.03492611064641759	-0.9858721203918148	0.6333608308192497	-0.06072381393108149	0.1456413597464985	-0.23458772421631321	-0.1714365554340829	-0.11894402706356162	0.31648757490142715	0.02945251466752341	-0.10063750450772951	-0.1407205603353414	-0.20158270984190796	-0.20541490902307546	-0.38741910910216915	-0.20401938557608476	-0.42637131495324737	-0.26652330686720277	-0.8474106966295994	-0.6385709583265663	0.09926796601918603	-0.38669099391316863	-0.6584199285875342	0.31759603282735943	0.6516354130533958	0.34483000490363414	-0.3742433433701265	0.12763406222708804	-0.28520869557556217	-0.22848584524721155	-0.7208386996809206	0.03788550484160531	-0.4815841799968229	0.503077399592308	-0.28564167865947737	0.3821807597372792	0.5603909142301459	0.36740646392448106	0.34711186869811744	0.19794842884570202
DTXSID50379930	5.403961430584183	-1.6106744673957747	-6.91654973380807	-15.187013492122942	3.7445415777963387	14.190020925882335	1.4008332224511384	-6.651464109872086	11.394275452429788	0.9263474617083514	5.337346434617736	-1.6547116607412748	4.802587811492321	9.111100040790728	-0.08709097196617682	2.6040942391435613	-3.7492431628033436	-0.6880567255903005	4.195180730128447	-1.0816560659589411	-3.625074011412869	2.1483030674132775	1.9017430290552213	-0.22124205990826112	-0.7282626414996886	-0.12410853985497726	-0.8836267095393063	-1.0929955604935542	0.6793345837602554	-0.3567212562758232	0.3525113971088544	-1.6518575025288407	-1.0344801835662218	0.814701866976426	-0.8243895583626556	0.37872339750121203	-0.06741215181447294	0.6916860838029795	0.37909021729399994	0.6187803776988752	0.8384784554021117	0.28482617254334036	-0.4027057295099749	0.5559350608772674	-0.4930849788635597	0.9724961275710554	-0.8080267673283444	0.04822231578932065	-0.6000359289296773	0.5240003956264349	-0.00787006006365258	0.3501604608091718	-0.5047472987348227	0.3894191242074172	0.2585598724157443	0.6087538535872837	0.6445787646032549	1.5300963353395352	-1.599045638859439	0.23231681040874919	0.20730490333619953	1.387890026721129	-0.8634178573020884	-0.884248338692408	-0.010373147717389192	-0.6252362088223514	0.2664440425772129	-0.4976019730390128	-0.20559978979637727	-1.4760937999328452	-1.1845294997933382	-0.11795347137581134	-0.6163168592327668	0.7907102519570666	0.6751128513814174	-0.204200978801856	0.45960052188849243	0.4142425819864491	0.2708291178803263	-0.39349692364791067	-0.06469593848002045	0.8012113491956144	0.025566372717733037	1.3306615911121595	-1.1956449570030934	-0.18361897581985465	-0.41519434838923924	-0.8240391084111155	0.9961721505625518	-1.3650401381938047	0.030018266300609286	0.8527880392508885	0.6141414413983214	-0.48407953854281605	0.8858970876622767	0.17581915158029318	-0.2556720070023616	-0.036440898794707174	0.6058702828099872	-0.3881780897595112
DTXSID1040792	-1.305400431200763	-1.966852139405089	-2.5672289317538715	1.130001181508941	-1.362577390206288	-0.28517516417792826	0.9630200051074335	-0.889612565819756	-2.5427632893434597	-0.7285240120955832	-1.32825701628259	0.17222349982419283	2.090084308688967	0.1208502411823868	-0.1586901637436935	-0.12117753080834542	-1.1054016033269316	0.2194882345125113	-1.114192562074865	0.33963602328212966	-1.607926877011537	-0.8013094095178795	0.34769361868323334	0.09822942347103962	0.27473887901159577	-0.7198928304555933	-0.4414237756201413	0.3877555992442151	0.921599063194607	-1.1139144245322177	0.6996694099713007	-0.7388596088681756	0.11223708755600238	0.0039917842860916096	1.4367024234465897	0.3917384821854125	0.08159998931413334	0.9478078089033798	-0.9722224676866954	-0.0214445485645298	0.8413189772101622	-0.3410628414517361	0.8697165376496427	1.154426254349011	-0.9611641172528301	0.20785466577407608	0.30143341573547194	-0.6780568728655499	0.4342235871455838	0.16810602006894348	0.21177085215284663	-0.3697166839920097	0.052976873125815824	-0.20995197743741978	-0.6088086671313496	-0.20941412026782957	0.30952872694847267	-0.38155438067221553	-0.17858755683401847	-0.7185440768157438	-0.812218994810547	-0.1866256861003785	0.584669875256043	-0.1834606898207479	-0.6305423826880571	0.08583197845557845	0.35045650883701784	1.1671899235625802	0.026278808915963417	-0.12233162443555277	-0.4894952707664963	0.00651664648875425	-0.7952585244818184	0.1256407684101986	0.4939815306251746	0.614099018327368	-0.05872643795948062	1.018034364163074	0.064418391203249	-0.6128574631304893	-0.10307983295627585	0.14447792464291798	-0.5227597369482686	1.1505183392039908	-0.03162296627538795	-0.008021831889817945	0.11970494619111945	0.438930433361607	-0.41735278751271354	-0.37444572506097784	1.5333744127604816	0.667225917185447	-0.09633970108670274	-0.40759830036051264	-0.6450003101319843	-0.4043806339321849	-0.21515773735368834	0.27483175356650025	-1.2581551589275037	0.17834781246649195
DTXSID9046158	0.49362704395238494	2.5923748858665516	-0.2519068902091156	1.5976015908752352	0.1933679790912925	-0.06733008805117535	0.3951969978782561	0.424624022911378	-1.715369279025273	-0.953646997293394	3.108401277101098	-0.7920820572436856	1.4463226611789084	0.2757268775887744	2.1753574632918804	-0.8815493238211335	0.5751290446609287	1.0372862622973664	-0.1431075103494493	-0.7095558736214191	-0.9872841456211575	-0.7799138091649477	0.4280385654575161	0.07981537400120108	1.4376928547347523	0.1637056340488884	-0.8259345214761313	-1.452263236142419	-0.2466336616032319	-0.1214637433746392	-0.8915666613029741	-0.15327972717460575	-0.4785264575614484	0.5779652972517515	1.12639739651236	-0.30193996487771463	0.909620069944901	0.6828541995847796	0.5405687328127489	0.551902850502935	-0.5699340201210973	-0.08803286696609135	-0.42784965561348537	-0.14393339817258047	-0.0660471611804045	0.011322000268080792	0.026204197327551432	-0.6076990462495873	-0.02668658640042166	0.013085258238015096	0.19993553608342676	-0.1261302831823813	0.26933641406793646	-0.6766901223178419	0.2504977959213862	-0.7616993631575011	0.2214935112247194	-1.0937284399120002	0.5784983314817874	0.23990938849602292	0.3831500825032441	-0.10313753612517257	-0.5953422752574921	0.1856182359459648	0.2760834301601272	0.1047742869548232	-0.1810879002986074	0.19209984388792634	0.22668167888142168	0.03791682981284301	0.6448409755451656	-0.61797360682314	0.08721672899309474	0.773881076385671	0.7097410560151335	0.2931419578764618	0.6642102086322088	0.2814357832693488	0.46133183638332254	-0.038195239791655684	-0.6187388306156127	0.5087239325084507	-0.18711538324443622	-0.3240310078435743	-0.07459052949028869	0.2545043117644339	0.17661283391499427	-0.3560874975579558	0.06485271026794537	0.06416574074245339	0.9144136171086238	-0.00793795440842171	0.03206354515919009	0.16257606399507107	0.17036268798010065	-0.5466845853911912	-0.27920670473389086	-0.39486385936997337	-0.6315605507362096	0.25226737172930214
DTXSID6020220	-2.3986067627525873	1.1365722131701261	-0.6190090037557047	1.2836694475575465	-3.007153707686492	0.43933461702306553	-4.4330153417428555	-5.090531116789972	-2.125216858589664	-1.2353855152791815	-7.398710563776046	-0.8257338891760975	8.186170175944573	-0.3065545402697442	1.0742101104642074	-0.9495068408884234	-2.9211055183074905	-0.07682401815882291	-0.9477676739669292	0.7318984870939318	0.48683999018751806	1.495922333937185	0.8971481194988244	-1.3591637071091671	1.6174031994945521	0.8753349596313814	0.09938220943934993	-0.097250442260967	-0.5065413864767303	-0.37374878094639036	-0.8348139256679494	-0.07468728830858784	-0.4867959735676123	0.34829631126415206	-0.4080505813674671	-0.47779788700566095	-1.632949053696014	0.1328347526183759	-0.5951438516224269	0.09312606337030775	0.12948316318726946	0.3006047235206339	0.08023099449567914	0.06761042264535252	0.2685404347564028	-0.3454551392502982	-0.08788930884075391	-0.5978597920002415	-0.25219724716111586	0.13427837327723569	0.0639425106522919	-0.6662935189408524	0.6273393863118483	0.2593483957772102	-0.20614395774224892	-0.02674806535647884	0.5528914060799007	0.21446950735771564	0.12473919534081213	-0.08030823332602419	0.28495000674111975	0.17126465881348543	-0.3548989339491055	1.0060482394138706	0.38457818609186356	-0.5391175143602637	0.057257472116394786	-0.6675001492669984	0.5811769727305914	-0.22366976389094007	-0.3501083187213104	-0.8299967865936072	1.013150715498809	0.037227517878746126	-0.2451540829739804	0.2224399445249823	0.6498806724574167	-0.08623441188532763	0.01804413553384155	-0.5123344764500161	-0.005271579746913382	-0.8166626787978886	0.26287736167211495	-0.009174521203816535	0.3858450820747494	0.44104337926280446	-0.23556021697175217	-0.7391118999915588	-0.5057616001795008	-0.28219153353099935	-0.40081741721536995	-0.3506209643472997	0.21088353444711558	0.22956364779676272	-0.27372637519627596	-0.4578653195005143	0.27470878443884406	0.013067045028030662	0.09842742292558236	0.39783900678272616
DTXSID7037185	10.673584483400775	7.104061729532151	2.458677600752654	-1.063078934595446	-1.9672902444855855	-0.2927786929618899	2.1373696379704232	2.763518776227723	-1.7713906661104515	-0.9385095288852063	-0.3950909638507292	0.791419962886425	-0.5718940234897516	0.5086106233717477	1.3665971675607456	1.0465736977031712	-1.5117895837947026	-0.013132752321130354	-0.7387011106054334	-1.5868051176175078	-1.6525282419105356	-1.3911425254585525	3.7404884139931664	-0.47899219664237214	0.10884573836033866	-0.06353758091746194	-0.2616619177095084	1.6555386149305091	-0.3347538878805786	-0.9965861253630011	-1.3335423875320596	0.5966325925276491	0.4183574102109841	4.022630568397701	1.0688581674798894	1.5487988811708289	1.9629786551945996	-0.10128866693597778	3.0310029056495993	0.6519074815111353	-0.2305266226401733	1.415890730488071	3.8209212071714878	-2.6277349915244383	2.372676035035205	0.3820509890253164	-1.1201205718140987	1.6192426521755803	-0.22451320086583904	-0.47888987285136303	-0.24972368033857692	-0.8536950977638892	2.3475282192297158	0.29987916981549473	0.6147636318406546	2.735907660759657	2.089808298266913	-0.29929594485664673	0.9947229038617001	-0.500110191889787	0.5008127924260113	-1.4257777645099743	-2.6634173040842377	-2.3939689626030844	-2.611711990341031	-0.618352034166395	0.14057166618666017	-1.0400434507254868	-1.1893811521720186	1.566432087489958	1.9308529963232859	2.1136234685318005	-1.7516589995291327	-2.3640709130193884	-0.4609110444814302	-0.47467557235466157	-1.200967381801691	-0.6631113388378751	-0.6211235029321308	0.1015745755679251	-1.0024437536761204	-1.6377851421046519	-0.5069161539201678	-0.7479307268466521	0.3907501466012214	0.21949144763094752	0.47768235097961936	0.8203398962507868	-0.7679697173570543	1.1970006768811001	-0.7040505434102526	1.8833061923981125	0.4364027673204401	-1.064450280488247	1.8843856636948453	-0.5481758191936166	0.5778353559211918	0.2461577234588678	0.004625452298087008	-0.10207263604805968
DTXSID2027759	-5.0538338860035505	-2.8035495893053404	0.45355592172839604	0.839976110462205	-0.824904461183203	0.2127670609672773	0.21436863908455947	-1.1985369031045514	-0.5115459267058369	2.0298980067566967	-0.5208591635256495	0.7656882240690346	1.1344725876436383	1.2667593922270157	0.8570144474071704	2.809285139431245	3.9493816470148144	-2.0283310195538884	1.2508293427269206	1.4023630912932872	-1.2234445821655255	-1.2077334808649016	-0.8084338927917772	-0.48759604720129224	-0.5218999354543381	0.7901048112375387	-1.2966897936072612	-1.321571179622188	-1.1230923886108979	0.20396500523251193	0.2758233335987718	0.4470742143498052	-0.0508994372254438	0.28362256271617176	0.16518754732442714	-0.9692023584349362	-0.4601082865001789	1.0458055370545998	-0.8519573860394581	0.034055696330691394	0.9455387970671265	-0.4086333717341531	-0.8705289724778733	-0.366607000099959	0.29260006094023866	-1.1864506021432004	-0.6842155407026024	-0.3973866722660841	0.13421356788234087	-0.7684709431352454	0.14568516595365333	-0.6250786680069925	-0.5736243068973341	-0.07964470231996984	-0.999236461060817	0.5430841194453918	0.3533124638224108	0.6291287016253289	1.32595598495546	-0.11972948080396884	0.216445703142443	-0.6515401939696468	-0.8369069429084983	0.051142977925695825	-0.2837966334429313	-0.38633824885644014	-0.7664705325871161	0.743525869926326	-0.22604793035932821	0.7614656019808226	-0.4188276695651799	-0.7825063858842677	0.36682071117538534	-0.9963648015465991	-0.31728012441353604	-0.29635483839702004	0.24121530325005022	-0.6345247503813425	0.1362805153597022	-0.11445526336161328	0.03728188093177267	-0.2262466250476713	0.4220738138611805	0.19187064464741435	-0.21453281675856883	-0.05052719142116161	-0.39098072853761	-0.9246634683996657	-0.04466863377281096	-0.21170188554773925	-0.14049561756289158	0.27371861165870254	0.6588968242985935	0.16075149800458624	0.5470742634679945	0.06449107677344532	-0.1261706702127436	0.04550146695643635	0.6310935492817609	-0.47792885166524673
DTXSID6046264	0.4838859351522433	0.24712157111949426	-1.2330420770781951	0.622883522153159	2.401853672332547	-2.130211975753298	-1.615556179787441	1.4558487478702393	0.13832477107995678	-1.4719922973658046	-1.869690376318531	-0.029339274322273748	-0.20596753599657266	3.590143118946272	0.14268587851382156	-0.3903912553352937	0.17769495270546276	0.11262829656334111	0.7333922662812948	-0.5120393715285065	0.8535270987121348	-0.5631672858684165	-0.7910112693889556	0.8203056398380711	0.012641671559487444	-0.6886921693234093	0.6900445077312933	0.20915186862641696	-0.24158107866619138	0.7476173915840432	0.252724033855386	-0.578808596329526	1.4095963193110848	-0.2321889001921676	0.27694016226512613	0.5117786331048432	-0.3561061232737497	-0.8413677582833714	0.575206721792994	-0.14584196562738558	0.3714742756424342	0.8332442501102766	-0.5207045639203441	0.8990151681842732	-0.5623766614623328	0.17263501146264687	0.14491669028953683	-0.13970660277178704	-0.12554248433961673	-0.20285001422394722	0.15188524692178978	0.05492375327643548	-0.1317542384274282	0.38513085162166816	0.4613327491057374	-0.6773484631759475	-0.04389508054333568	0.3189842389967692	-0.04885485846251157	0.08764305996655934	-0.3065385359448255	0.5188915491674934	-0.19838736021685283	-0.6952664194921371	-0.48235387219495746	-0.6457345332818732	-0.02405565222555598	0.24888986790252718	0.40063448365418775	0.42123980145316187	-0.294743737561943	0.029677358440149303	-0.32479802212483894	0.7396353236901119	-0.49721220924710785	0.5416702468751724	-0.849848742812822	0.15127183000871527	-0.20088779415822924	-0.7021263214029783	0.3674114567077323	-0.2171295726174827	0.7158606525139812	0.1645092211848748	-0.18201266887695652	0.21753320678790436	0.45941729120706126	-0.1752285042808674	-1.0287553943989733	0.3999831212530185	1.2618404817129	0.12382510223297423	-0.03499476038369507	0.7326314865355398	0.17632911463007758	0.6451203334545463	-0.1545655608480962	0.3046767203942295	0.3553735093260488	-0.10874522885606411
DTXSID2029167	-5.488339281073554	-3.478551137288379	-1.7044657953963462	-1.7568710118971966	-0.7638652974387434	0.29551107541169114	-0.26893384607320453	0.9349805872328754	-2.0779235351697825	0.9053140030145631	-1.6245130878660532	-1.6092869441022608	-1.8844060362710222	-1.7478817856788953	1.613003364173054	1.6345389482096522	-1.1097093900797197	-1.1942860109406115	0.1871455889993675	-1.571892111258236	-0.24127597522255084	0.47493387279473964	1.625523854320855	0.22313003572103346	-0.399166440353108	-2.8268027948469836	1.1474323101261379	1.294355176388063	-0.3269854449926956	3.702130744709961	0.25362218211637283	0.9904112833005336	-0.6383193518166059	-0.9463591749715402	0.271946073242451	-0.8822710533154016	0.3964056690949855	0.720122511901228	0.03653653702908753	0.48054900585785365	0.8076161913245196	0.2376746784291782	-0.3092550210718408	0.14420986347806547	-0.26434534130198256	0.2483674675496071	-0.011063839843842356	0.29255216749688323	0.11477955477179756	0.5348270737587256	0.0714845534273446	-0.09712065773111057	0.27833013764749565	0.07385656646301687	0.07246217619604398	-0.2073877339020814	-0.05843045416937024	0.28206460211452655	-0.18445645579323078	0.1290265547680535	0.22763966081784442	0.42006829111461264	-0.5691221378593951	-0.3169760434919668	0.687971360679892	-1.6073053339444012	-0.27863472370876396	-0.35055053779286505	-2.5572061608858294	0.7061148802578847	-0.6622878224330333	0.6019751011191377	1.7643088649221408	0.6265285539436514	-0.8229102705327569	-1.7887553188861702	0.9370572868892527	0.5192341790026206	-0.3510888277751279	-1.0483585812516223	0.8263590883036384	0.5126267061545021	-0.7699933437141337	1.4900483136591294	0.42246765135740855	-0.2077042861959598	0.6890775885916635	0.7125556735978416	-0.9021175061211224	0.08704539088473723	-0.3793725285666544	0.5714114286620542	-0.16078824920427995	-0.798690625183091	-0.12514463931026182	-0.10845326367508565	0.039639851794506374	0.010445529509153681	-0.2728796367770066	-0.31336195159818103
DTXSID4045896	13.583786771802698	-3.8226810852213613	7.195926218661517	4.770288077837535	4.952224875293884	2.6099616206796807	-0.9964139282651473	-0.657144128278674	-2.1345339187387355	0.7398840475604227	-0.12067186701484799	-0.5140355585538116	-1.0252459648969166	1.4421797273831425	-1.2854281558919138	1.3443499148265246	-1.191809281317995	0.44234612820423236	-1.3434080166887703	-0.0532528121909689	0.11319813605333058	-0.06586413958506021	-0.549810425655573	-0.259557598534212	-0.1838321918839735	0.7076986461194897	-0.23093991384141155	-0.40117919344970404	-0.21795234895340224	-0.22298581694889444	-0.48459277788086097	-0.24780093615786125	-0.7465243184892167	-0.41590033607687776	1.0931139800795284	0.38557901842522124	0.07869694062600908	0.8567181008484733	0.5349082022300331	0.27411118376379595	0.18501443819381438	0.7259126838976923	-0.19303020284094666	-0.3291968954133959	-0.032186497897434614	0.14028551314028037	-0.43912034711480197	0.43620674291359807	0.05512644956398614	0.2911248236188796	0.14384551759952613	0.5717610284586679	0.08934107311465339	-0.07069067376910161	-0.3615919333370297	-0.39799276217295104	0.4236567294141172	0.12279123857093155	0.07388982666616205	0.2613997241113842	-0.4167313328153517	-0.036776294568636306	-0.09585854627911157	-1.3433068265254162	0.4060524601535788	-0.1885239508369022	0.562939249475727	-0.4554122660201778	0.20756089140670067	-0.7496561394979252	-0.7002293726160495	0.04627360350079207	-0.7300843108078986	0.4821551008766567	-0.8591032393441025	-0.40345481998693733	-0.3934433706383479	0.37521167366691127	0.18124695458008694	-0.2745992701368723	0.6292702271048455	-0.20288560705289	0.09487630256086789	-0.3171174519891021	-0.5478149463697156	0.07643578782523074	0.5116457389761505	-0.009140525723494091	0.0973091305544816	-0.12870051816754557	0.18867927364437898	-0.20535045065315674	0.11842798152435988	-0.30623023288449	0.061485484048619365	0.24226315497303808	-0.013845128446735046	0.28417737373338403	-0.46127670441659147	0.1211821172181429
DTXSID1046552	40.36054879607993	-0.22811266396100202	-13.476175196670615	3.5926982151260303	24.886003118977463	-14.241265084782606	-3.5922343833516304	15.390784953262722	3.8347854033273783	8.073070870647	-8.942987441393582	-5.363854022125815	10.360912153724067	-1.8639855045061744	-1.2095315638432504	-4.207439886192095	-3.018869018357476	-1.9842596019100929	-2.0697845619862694	1.9003847038473867	-1.9997962014233033	2.0921918059539895	3.93209692646304	0.3324804655230952	-3.626274713647941	1.3237760547582424	-2.747760142896491	-6.0023260585745986	-5.854348324199032	-1.2667720806961515	-4.83102910976263	-0.14189700629299296	-6.875557387321429	10.908957261834066	5.777249605806904	-6.4982838097714355	-5.9618843384963425	-4.955315193394392	5.244544376085423	-3.854817768343604	6.884196267342244	-0.16474578893406128	-7.6001940316047945	4.601966088043422	-1.3340420055681301	-1.0434668506831133	-5.364141079192616	0.9481722083607638	1.6627902018465486	5.635028295679537	3.0117784470316615	2.480300699062511	1.288581055025926	3.0809985179497663	1.0989700809719454	1.9773183909512575	0.9087731569634642	5.870791305038074	3.605492919943266	-0.15877543985543133	-1.158096961388162	9.899445019534358	0.057889560594593215	-0.7892159389364027	-4.046754218074892	1.4898199513653265	-6.447012513538128	0.8685095689020446	0.8460484824046666	1.5223134312350326	-3.0743561539160873	6.696068992207042	-3.1111223050097694	5.084584271106138	0.4820936872712229	-1.8936132258418097	-3.598154690189529	0.595138904847337	2.729757224096828	-2.4969307358072306	-1.9981905292676037	-1.8306415040366344	2.595706045589478	0.2947449663460821	-4.432241892726696	1.9877190146737762	0.5198568274949157	1.1701554173051796	-2.5933420454037175	0.2854066289091901	-1.790757249885895	0.40842881317793217	2.064210773901138	-2.0335438163828887	1.5038012998841401	2.1995181437316877	1.3867948332230942	0.28796698215741545	1.8767149837674395	-3.6022188510125157
DTXSID8043814	3.8444724380442445	4.270626015134114	2.0126802761712645	3.1004542029152913	-3.148522233092391	0.9616188801851726	-0.5817567998546724	-1.1992326019519426	-0.5288576418406638	-0.6473019605031081	-2.867550012914031	-0.3858622388585722	3.717080946789754	0.024577282665453334	2.5585316920779975	-0.9045540512368041	-2.463669679246144	0.14473157997789696	-0.9171200665999008	-0.41191441607797674	0.3044017461941061	0.5225559695442705	1.06383519513394	0.0006439986681543018	0.21260465931351907	0.16336886055639868	0.1552497696816245	0.169717310380218	-0.7488984801348594	-1.1344704380689	-0.7709617797074987	0.35256412117791835	0.6349629928404429	0.11614624679421083	-0.5889464750672004	-1.908785783361527	-2.716082574129456	0.7078601195082408	0.31743669670507835	1.5437054163798243	-0.11170250092998626	1.1967634747097726	0.42736908410654406	-0.3729060318055751	-0.014605354710320425	0.5151453649920156	0.3405970810029158	0.04278796704541804	0.009305347662090535	0.003829321599437567	-0.011924129320818043	-0.2522226459640711	0.5986838271972249	0.19768031817946558	-0.026709326609382	0.05062933533625033	0.49378254218429807	0.9262189341438427	-0.787927710975238	-0.6562053296805128	1.166436362428869	-0.4725024450614999	-1.0376118743060019	-0.34105470514383013	1.3345622295162647	-0.6778761100214161	0.04894230350276983	-1.054387366190343	-0.021896550787826458	-0.6944746190059181	0.8103512032519118	1.0343980359095852	-1.7889127746538322	-1.0611188258073172	0.5857669396300762	-0.11817244456907373	0.7329828007996794	0.22835670771900032	-0.3164090769702398	0.6588472795273855	0.8125402351824024	0.1429680968751983	0.3548733912837347	0.5013746526948436	0.3135072489009461	0.06645932431802429	-0.25959052775297325	0.3193122184409966	1.0532542355447372	0.4633607351241826	1.1427654218743515	0.33085938981123475	-0.9325770912193275	-0.6763278633637659	-0.13805394261331527	0.052869607646540154	-0.7903038287353907	-0.28328626859443945	1.1595328780460044	0.9292605713908836
DTXSID8048654	13.082904751679077	4.248505516096606	-1.3627103667060891	0.7861805902651744	3.1011849192642367	-2.5597859355243893	-0.4680774681732389	1.1282826223902298	0.12730908752284953	-2.187440391177098	0.7197385050243422	7.708457579164354	-2.974439924064489	0.8368675274308617	1.7887177181814327	-1.121567997653983	-2.315654115622609	-1.6845967014636463	0.9707058791574354	1.2767538492861321	2.071316568109335	-0.11591473321707225	1.9061506605298746	0.6238745184036579	-0.23706987999628645	-0.5516588556355574	-0.3289327281797509	0.3386563958183415	-0.953140895647759	-0.45785460145845214	-1.6019034731476756	-0.31957543695336077	0.589932190807843	0.10906599095923708	-0.9325703900822493	-0.17562510522831087	0.9838847636297061	-1.298258392455292	-0.8208155827036938	-1.0410219477886813	0.5949297220150004	-0.2783942374724026	-0.40757317028818185	1.432100767507888	-1.3929424543353965	-0.5920309226086243	0.5569237514054047	-0.8645129185632515	-0.3853369652244459	-0.05063947170181327	-0.1244840531565277	0.004733431803518409	-0.20462344605384958	-0.22785223029329152	0.6530555004086516	-1.1857539401475365	-0.8591805527381664	0.2629756033266348	-0.2333223261339208	-1.1419189932640916	-0.15559823556278982	1.4384026298257442	-0.5245980113827701	1.135495503799776	-1.0036300337586124	-1.2787642299773507	1.092593475586373	-0.5495567006488696	0.3355810691949013	-0.8937827574458461	-1.0218127549340605	-1.3497169423192412	0.43994239684271147	-0.031030909611459333	0.07056461941216452	1.0438058139421857	-0.11987220527279747	-0.49949422604612	2.583208933177333	-0.9025974884699985	0.4057903033608071	0.16638830866325363	1.1025046770970888	1.0779443285628862	-1.135081473292766	3.3540830335954612	-0.5834164919325043	0.2671190717113719	-0.005918554173941087	2.049716111494507	-1.1167760235289073	3.1100901775096097	-0.3253013367519005	-1.2925607469215183	0.3299531675772404	-0.09135118390785288	-0.40829317919932456	0.005477169516310032	-0.651451024904911	-0.29005174233015696
DTXSID6047311	21.564794885503964	7.477051785995936	-0.4407046352635056	2.33222295532156	0.2628836839212007	-1.0079850707743603	8.677230292139376	2.094278191537542	4.764984764090457	-2.5408665108443023	-1.1268911018629082	0.582341975381357	-0.9465297243001535	-1.8509868749688962	5.3982285935151895	-3.20518437503742	-0.7205853554851138	-0.5804196030293147	-0.004409138743053411	5.944273521543476	4.893207233300483	-0.7523756018226457	2.118251173085327	2.161855501566226	0.6386900959030254	1.1678483404909303	-2.3890986085583115	-2.1400035767143035	-0.7335133649850443	-0.08526753888482061	-1.693277240195888	0.44562694534205893	-3.2152171039545716	-2.184490627259715	2.1215451980992635	0.6838752342842531	2.834650024263721	-0.63592853563497	-0.20560207143833562	-2.8698593381945097	-0.6266424783103	0.7579442813800491	-1.8266348685017846	1.0594023515420206	1.6318566907391077	-0.3988128062814623	1.1665217075575969	0.6066716535305767	-0.4158377297892792	0.31684458866830534	-0.21530265764336232	0.5431600492169839	-0.8397031891571131	-0.016244575642247173	-0.1533323809275593	-2.6908509916285093	-2.3047516954843648	0.6971010413522686	-0.4535978346911245	2.0782952474009284	-1.5440572922424698	2.8439937864816707	-0.4290072690162624	-0.24181648124122024	-2.1002469222384748	-2.9503290988036897	2.0472237592779834	-0.8812444910152609	-1.1002413513256268	-0.952725975688543	2.738411723284314	1.543444697980882	0.04605727069209995	-5.500942488958956	1.1647645888459783	-1.4678046857724985	-1.6247811924863773	-4.210894902909099	-1.6132087038866314	0.8999020606901562	-1.2376196931067014	0.32311619265534836	-1.9984138780837608	1.6340354234937446	0.841849034266041	-3.7766258838685873	-0.9287580859347677	-1.0815250795389018	-0.8061396842653755	-0.31155672668786694	-1.882976871366316	2.3552597789083682	0.8368407952451039	-1.6188844825071762	1.2564160037100545	-0.4598513814078854	0.4809852996192864	-1.228425159899969	0.31201732058980486	-0.47773918794817805
DTXSID6020484	2.9666285415401106	4.362270047277158	-1.9726682026047127	0.38840245539065377	0.0864231429087527	-1.2060770396047142	-1.117724100181573	-0.5691388877202057	0.03193021502021132	-2.975004381880868	-2.6098690363519577	0.5055620572042414	-1.0433323513394996	4.75932456716635	1.8664689991184562	0.8260117904784142	3.92193250844913	-2.552450727991237	-5.23392714249568	-1.8239221864750026	0.6823300192126069	16.099130936181368	-7.928369697039217	3.7109992245968604	-4.943130926179667	-0.46929422803456844	-2.5659946101713884	-1.9473878125112345	1.5354633059017335	-0.05240938528150053	3.283993486368626	-2.511612432584302	6.177115322884805	4.773400124715368	1.9892864009977471	2.4863033137161956	4.67636269915445	-3.340004248965107	-1.9556745756105807	-4.260671503103329	-0.663256277884361	1.701197002578709	-2.7010583007098874	5.4323527079575635	2.5094055548331147	0.6762040678622204	0.3232108752055896	0.3558030759103094	1.431040540871144	4.167191910488718	-0.13364245668592856	-2.4261935668850065	2.7685284199181663	-0.9572845002530928	3.0184035525871487	-0.9188743668472398	3.0117558949840615	1.8702984570761203	0.8548926103491968	-1.8095852103932757	3.5503794738743175	-1.2227259284126473	-1.7200266633988721	-3.3307235500270216	0.8945393034775944	1.5345978924890833	0.795036402687336	0.054260280391487996	-1.7428137113021522	0.3909173115562856	1.0366416779619518	-2.2722664334827805	0.34546767528232825	-1.6486146680615454	0.6174078242819068	-0.6573801570334178	-0.04319630876062097	-0.06024716394214255	0.14628241980938025	-0.4482231575831432	-0.02480954237834343	0.7844871457050585	0.03245597911278694	0.8139560298019924	0.7995067147247074	-0.0358685287897011	0.308745551502951	0.8830202933456357	-1.3401003513631078	0.7476351873543324	1.8260480489238418	0.2291407323233402	0.6110385820097882	0.751105158827618	-0.5953528884095781	0.5787689927242293	2.3062149113194597	-1.0622631131319347	0.20930782875964338	-1.0350299569854409
DTXSID1022768	7.410595891195135	-2.864131849430865	-2.762890623123561	2.7251725759595375	5.028818750195724	-2.1394563586859188	-0.274523247483437	4.068659269325692	-0.8635784204518119	0.055734700896427125	1.837104953674571	-1.6847172666357237	2.1829981679079604	-0.14144261876143646	2.195480667668039	-3.667365522282029	2.3897114371244577	-1.351051033104645	-0.2504346149196595	-0.2429839606241782	-1.29779384007002	0.9405346596616166	4.126813011776868	-1.9721498728827618	1.250970857758748	7.374028839083479	-0.2843580394610639	1.611491876781624	-6.95521586207173	5.575131560761895	0.4735415527141634	-3.3537912110639696	0.4187574550918792	2.6599081755653815	-1.4924637381640968	-1.518513757331394	-0.12678832858581116	-17.177919200632633	2.820433942178981	0.7057792132146661	-0.4740918488703457	0.9991458476854321	3.954768971040696	2.805818501044279	-11.735669044589791	29.434233029591326	6.732075128332573	-10.192840178808318	4.163699813030732	10.343879020395196	-32.739402415734276	4.638766298569074	-17.62974887783549	-6.436414948699813	-16.920772984532814	10.666440370203787	3.608310004202637	7.995490300501543	23.0568763062058	3.0873414908820735	0.6324478150484089	-4.927071759030884	-4.185468302202282	-1.7477221675624204	3.015761370892327	-5.2593370933307115	9.706304217219078	0.7749448865982709	3.062886237205292	-3.3387289749741433	-0.17169135002946137	2.926222035035029	5.750491977282648	0.8489199578397041	3.6147781905766676	1.8051174655830104	-0.5280263854753506	0.115791887285332	-1.623357389149231	1.6070557714291047	-0.28850098425188037	0.08212438497735218	-0.3843724662152478	-0.19524984016240118	0.8457514485446533	-0.01870906608010918	1.0578764861639003	1.0863112357090248	-0.08186996213593097	0.7311574478365508	-0.3482505361848058	0.06448479058066389	0.5676507347667176	-0.964986561821197	0.13539299815914635	1.1205117514128058	0.39929108442972555	0.31019516417034154	-0.5590217981149876	-0.6564120059308313
DTXSID7044922	-3.298927922063255	-4.256387713685276	-0.4665858032674387	1.487513937890838	0.7945508076749652	-1.395992769630039	0.8987398765512445	1.5997266798459893	1.7014557499383047	-0.6948357259572172	-1.3456782454182177	0.2094972431638152	0.06002266903170459	0.7064730751863315	3.4984797330642188	-0.28269264756087686	-1.6623735945377474	0.30843221238707025	-1.1465834057793518	2.2203730641123847	2.2250780398561765	-1.3233006124022735	2.020388744116922	0.7969179496475165	-1.737575633908182	0.42429650827223997	-0.5198628657825511	-1.0797680559679737	-1.1361906053876885	-1.8951981091777366	0.9391739171740802	-0.7231860089237357	-1.657817816697562	-4.3794476346824736	0.7730352641626138	1.4753156068908702	2.7159528192394453	2.13329484679961	3.2853133519371487	-4.595360336320068	1.8600197075912814	-1.182416426469535	-2.0630139319511187	2.951050960947365	-0.6177674350152406	0.7648151602344277	1.49242537593277	-1.1836871568162688	-2.25320615011478	-1.0649854617277101	-1.324336362371735	-3.506556379533048	-1.8250525595681593	0.9556593003120775	4.376046438045414	3.4450721892385423	-0.9302341880331618	-1.0616557478201947	1.1895645508452668	-4.350595388505365	-2.515524632644893	-0.6881883325585983	-2.7435973431922065	0.7973029211788105	4.345248619050699	0.9997234279242	-1.9532511676341393	-3.4773919658228603	0.7907703021668653	0.4631493723263991	-0.9831559213454135	1.660190793438486	-1.4834776034508763	0.8289591838315358	0.04870055867984108	-0.9328080648650733	-0.8813326196221767	0.19255983634790957	1.6003340547402558	-0.019680506075123023	-0.23790809834410973	-0.5815649352280207	1.1474181361005455	-0.3767467350579906	-1.828652289887419	2.519698972023638	-0.4149737365373369	1.8467401816207731	-0.522800884157494	0.17995423350774037	-1.4008669959903919	0.770694972583893	-0.7704761911918254	-0.04581128579148949	-0.328969675815261	0.7537637339045488	0.3193229166570993	0.11670635355938044	-0.2604279925375594	-0.07464757476675686
DTXSID8044381	6.604318088617414	5.4969944393578585	-2.6714393765201905	2.3403031164209076	9.758789861543255	-2.804056645535662	-2.90419055334395	6.270143083622648	6.9837811253495055	-1.3731892533243977	-2.73758449137649	0.1386041307740942	-0.10667673018775953	-2.2897845106613604	-0.21373464532525266	-1.3956960154594056	-1.2083150860087337	-0.2054686888931304	0.4848896579152275	0.850266869556583	-2.168190767294219	0.0862170780582675	-2.223146799708299	-0.8798234131389472	1.0493588511737786	0.7763224622250614	-0.9797373573380864	0.12240537671248077	-1.0198461898525544	-0.04848192602347846	2.2665043730822485	1.146440363267702	0.981206051095503	-0.7927094666183638	0.28666549775272687	0.6046982023841125	0.20106277592716118	0.1777230977911143	-0.4506216596907646	1.492516871104308	-0.34143515721304657	-0.5484677005504961	1.0067647893241074	0.1994509823492896	0.8889398508947933	-0.6836911569128515	0.24438625329351682	-0.9803311066154665	-0.2599684854970227	-0.8556797002105399	-0.3320152668399787	-1.0449391403950423	-0.39245417995511767	-0.7377880697069042	-0.6530426134460423	-0.10345030731850129	-1.2496555493879524	0.11911138034814836	-0.555265832679664	0.006852954691977784	0.04837108035236142	0.19659355160011396	-0.17956583462269732	1.7578166141206342	0.8170030987324531	-1.0378542988979953	0.4074829431235966	1.4696582106566498	0.23623355595876236	-2.4102272353368117	0.6409302669462806	-1.3020901662611626	-0.3722551959530285	-1.112560313180181	2.1149041392003887	-2.7745833393497814	0.07253867247823735	5.268083992630448	-1.1580950671908121	2.82441768109684	-2.0143518722849536	-2.8030719233247043	2.118839577359867	-0.8640308385493208	-1.1217947290251935	-1.4099838855186204	2.0600487281927733	0.3015422980158398	-2.2898430551632734	-0.06328412011308253	-1.4874305649777337	0.3232409388637013	-2.1434108622920056	3.6365006159597018	0.24950094767563996	-0.4789791563675944	-1.0906129580262116	-0.6247908986947688	-0.36442412135172625	0.8604926237564396
DTXSID2046460	14.317331018788138	-5.510214909512516	4.36487022670708	4.407670829849711	4.761583572157904	8.03372877072478	-0.9955647642782689	-2.110331635649298	-1.712428292604802	1.037775108161247	1.4440605881848512	-1.2138728494621367	-0.3261881813009842	1.3283743668861594	-3.030441379734813	3.8841961928589135	-2.0715963646050417	1.9753814780464503	-4.5238185353882505	0.6978570209319848	0.014579265446012417	-1.4043559163440313	0.04504717008898797	1.988345579263116	-3.189091103305668	-0.48298339000214724	3.277137266825805	1.827903025049188	-0.7292103188972064	1.390381783565243	0.3348196465530781	-0.1863126865499795	0.8271732099489575	-0.4063089911523505	-3.520925455792026	-1.3422671023357597	-2.6382560894006675	0.053390424229311916	-0.850921523474064	-3.2289511232598977	-1.5650025822083997	-1.1965247119451201	2.116817391900973	1.8124380666263014	-0.3407563969879872	-1.0662988465707623	1.5986050085147425	-2.618623927319809	0.1487071000073812	-0.5631495234254877	0.03968764011360939	-1.51524355548384	1.1372179610589692	-0.5271680523104422	-0.38405391395219496	0.3927459457184999	-2.211707800958174	-1.6889132974255612	2.575045723148082	1.4461395973597104	3.887356536078293	1.9443872617629276	-0.7610974692308365	3.7132515498176892	0.6957269387495806	1.5536519753126004	-2.2383622428103664	3.6310246836861726	-0.6051721783093681	3.787101399797285	5.029965348085808	1.722212293896974	0.34620516883788693	0.26681109408741566	-0.9993971248125811	1.5839302544039455	0.4496295980706359	-1.5762566186423006	-0.9600722651034862	0.10108075738777757	-4.142175393601771	-0.34553992400327477	-0.603454014706947	1.1020618816703622	0.8743728194799737	0.3243075541586382	-0.955869046750264	1.1536088887511058	-0.8152188137328321	0.009004999387535545	-0.04127716220625781	0.7749660539875133	1.15440115686206	0.7535705194431727	0.3394486691817006	-0.9049518057504382	0.6514844165913716	-0.3342607373436241	0.06958332663450957	0.21049484562025733
DTXSID6052291	-6.500266007521506	-1.5063526594009582	-1.0705856975784633	1.6696944037921846	0.35847625281731205	-0.45430786263416795	4.0374073428611315	-1.4827466562023794	-0.7874461875333293	-2.385407087213733	-0.1159242578964841	-0.3755607054692193	-0.2823594142011289	-0.04333053168583227	0.0845407032290332	-0.19901921328911637	0.23013131856843963	0.040093720871650425	-0.9107010725171748	-0.00872767044114508	-1.355550380361925	-0.4780222791584143	-0.07939347551068038	0.3556798965753676	-0.14396601782320081	-0.6109817973750494	0.14675520994882144	-0.37897301236770864	0.021510153242136905	0.28526926038275396	-0.5420771857006633	0.932926438836927	-0.21103207037425992	-0.32527858398620846	0.7342464613407034	-0.1911992640605095	-0.8863251663788531	0.1275477255013947	0.6593466269049392	0.10843212817745393	-1.5844479738965	-0.3874611751223543	-0.32411644981486526	0.3961583881245153	-0.32002019845106594	0.01447659957689472	1.2391173200228447	0.06467172882670691	-0.6620611267176849	0.19182118612603055	-0.32740434394027956	0.1983293994236264	-0.502923593021368	-0.1050817821439095	0.033038686924899585	-0.22942556808324385	-1.1564647712634146	0.30742306848271983	-0.9552822409539224	0.34219121612875536	0.6770725610081458	0.01771686978925451	0.03172248204572565	1.0888621412041732	0.15418642725338577	0.28378610937218973	0.21158819916511254	-1.3707587574328062	-1.253653871233686	-0.8143769010001555	-0.263107244790821	-0.745658290293622	0.30395167662477934	-0.6984071340158211	0.4438739916657577	0.04042351347901701	-0.14891024260261018	-0.7626114992984401	-0.27597693475593077	-0.5955542263821335	-0.2840498382299751	-0.7767929098440515	0.3411632797528725	-0.28302454313889225	-0.32519426330489587	0.1751822648514837	0.31317172191275816	-0.6625370708598965	-0.4956646203581543	-0.4565044555049259	0.13569885938051554	-0.13006632874499607	0.38667986435084195	-0.9348132330615956	-0.26952331463547796	-0.6514290148358878	-0.4491038968882681	-0.33252083926582365	-0.06772313187358635	-0.42984103899058984
DTXSID0045208	4.563457475965337	1.454973968389782	-0.9839243435070552	0.13405051611666696	1.1866319657573254	-2.46130508342914	6.521472448948107	0.09569943219024463	-2.1937373290469173	-1.858485575552675	-0.39020436431630606	-0.20525778172987175	0.05926452164055882	2.088435558174759	0.3491887182960973	-0.7936537454467966	-0.6024814339119147	-0.4708714375330699	-0.6017682763558752	-0.29059438105480945	-1.972668242321262	-0.7572211794918109	0.711467535825664	-1.0059094877014112	1.512228304864563	-1.103628481249929	-1.5292879410766953	1.0337951430365082	1.0659943474456641	-1.3583678861585715	-0.88377351236732	0.07067860401855915	0.17303089177120934	-0.2374114323132575	0.6462492362496775	1.2516127972263051	0.5648082304968868	1.439140038651588	-0.9513912045851759	-0.22666871346216702	-0.08403149388718592	-0.9418964582650705	0.5355526056328185	0.06556811712311546	-0.3437735485443659	0.35085350988237457	0.10110655730699614	0.11577260792524123	0.9846357613137884	0.29387584576596926	0.1602918495675541	0.3256503062870516	0.3166448419321251	-0.6348066846439506	0.09258582817486967	-0.42491524898665184	-0.37822796722426083	-0.19937257580777254	0.8615693877152483	-0.5557562422495191	-0.5784747878978452	-0.25617270419097876	0.7118609074840136	-0.6573283360448811	-0.6290375331558047	-0.6542452432882295	0.9489466400297973	0.2772208837587427	1.574231049572868	1.5556022044708722	0.39579343916328696	-0.05034377295854689	-0.7305014376274735	0.41935341426131895	-0.6364032230144694	0.28871162613842466	0.32146090242479936	0.0023636505167989818	0.361300321485676	-1.1113728112240957	-1.0407183791536114	1.0640426827295715	-1.8845777195645652	-0.20413835502220487	0.33672204923641635	-0.3022775670083695	1.2456060909330722	0.501542597410402	0.7218623643525555	0.22006619088124263	-0.1734548618415612	0.7060784074475815	-0.4741805313540391	0.5718743681082695	0.20422720599322036	0.6398781963194514	-0.4402100917542461	-0.1252839222093949	-0.02591912451531648	-0.571803852020661
DTXSID9048805	2.119211110963378	0.30961994938783866	0.8717284648649705	0.4939289004866626	3.9785202051514994	-0.3418826359271891	-2.5597481880215547	1.263530728995865	-2.433614185359525	-1.1860330247578406	3.0023216867297347	-0.4953145345140452	0.5685471189142643	0.7309336991187511	0.5837476838954436	0.7120486949819521	0.01781229278218292	0.4296295326857675	-1.97511574237328	0.3152575701639767	-0.11592690010828743	-0.11284434774197795	1.7867565720564516	-1.4122290459087372	1.659934317650346	2.997783721508591	0.4163256123115865	-1.1850296010477697	-2.0731201511509947	1.5104265156201833	-0.04849429656419388	-0.02576375800776904	-0.45454941210003214	0.9712382431276281	1.0155122750834336	0.7945735770789718	0.3264775656789383	-0.38670410222336654	-0.042984293173902934	-0.5578568163085503	-0.39099233004499034	-0.32112555044752433	0.6686187471312067	-1.0918535497176942	-1.0509242363172027	1.9295223801254904	0.5165983869988147	0.19186254938173306	-0.2098449027786775	0.0823318823019969	-0.12516639402666702	0.608304019781986	0.2996552337898294	-0.4442415700375994	0.9631163307196504	-0.7693137417822431	-0.16712076068342685	-0.8064952190386008	-1.462011865675995	-0.8175497785948496	-0.3853653059636524	-0.07194949273612795	0.5853201784559939	-0.811476950405671	-0.2690383480312976	1.3086863805214268	-1.5560218113850426	0.7729818691439452	0.3024327827704573	1.3212560546892131	-0.9924649488768393	-1.9872118264161838	-0.6329765913284908	-0.39854844806338113	-0.7383139080069843	-1.2465287728446446	0.8818610234048497	-0.5109411867514739	-0.6648944195150728	1.7617538293621957	0.1619574161643491	1.1034314549218125	0.13867598990442181	0.14054621395817238	-0.3286288715133834	0.2424692009895176	-0.10462368680234399	-0.3625246266913837	0.31488854988888676	-0.5134178469142859	0.41665550637138604	0.26691652946233546	0.49428922843290674	0.7014404266474986	-0.44469618055744464	-0.287912170421187	-0.14496006837751266	-0.2316998128778413	-0.046461968964348024	-0.8330331130622366
DTXSID4046232	-0.23188978368722704	1.811960251944543	-1.4656624248376142	1.5227217193341875	-1.4877563860774117	-1.4033338365740458	2.113636868989132	-0.7524893195678304	-1.466517493941154	-2.987401907188972	-1.4931778311697643	0.0726968638082135	-0.020447795715236396	3.10675564368198	0.7288306822913818	-0.2869081841495693	-0.4787829968740186	0.6570711619031007	0.9135405580027443	0.4286201735758092	-0.6878057001311465	-0.8012483842184952	-3.4315261532746995	0.9324910397066037	0.13413005713665133	-1.3065984607706889	1.3817377842464154	0.9515552249461501	0.3426499894270311	1.0536645808655056	0.4013194954497047	-0.8004109161001621	1.9635639779876695	1.2280698633918878	0.32075431817376243	0.01383603273286229	0.5817357736498752	-0.8354826349429402	1.3214893754437271	-0.3309820641613689	-1.134816252778989	0.03711764408518872	-0.5233126245615827	0.005509820824120908	-1.0392596863247403	0.273454026781011	-0.275440332626492	-0.6738895301932502	0.029254279178411564	-1.088474367671866	0.2519984699505896	0.10586085395652219	-0.7948863367438712	0.1348472941471208	1.6738966111917664	-1.1838158638659864	-0.25017890929528647	0.415808875649702	1.1903555496887537	-0.4498709439152182	-0.2457344027727767	0.9714576823969745	-0.7022814671721307	-2.031112903316291	-0.4052309503383988	0.7128011276620362	0.33358773456242985	-0.022816387377923956	0.9353194381588535	0.11887807139563303	0.8775835740445971	-1.5692912788300442	0.4179373462071313	-0.3528560891213914	0.6252603853029546	-0.2928034933127212	0.6148721593268046	-0.6476701439884727	0.09226130474773372	0.1252713585718895	-0.1262084836614023	0.39403164326520496	-1.1107481977129299	-0.5682874298295191	0.297812673242822	-0.009926680077255539	1.020029712426834	1.4575622735260094	0.8453865050519088	0.03566131446281194	0.0029268346546821506	0.42694801786499004	0.05110176979022491	0.6276646948189155	0.4499467735977642	0.2696532646091101	-0.560972831114769	-0.258121090675494	-0.14824811394373494	-0.16850972424009183
DTXSID6041977	4.518796576235297	4.029192656372063	-0.311004657514403	-0.3445516026621429	2.7604099957303445	0.005323864273101606	-1.6855529070005335	2.057042260033036	0.7570216169588411	-1.6703865798070792	-0.3948242937898427	0.8756275733467329	-0.516025303351855	1.6737744492175342	-1.006247445947062	-0.8153625112590858	0.9387716222398468	-0.07811646598553319	0.08012486166210656	-0.8039785813602166	0.7100182651351109	-0.70515868901892	0.7926647300013255	0.6149588013298887	-0.26883431960123955	-0.48822364504348725	-0.730055602883309	-0.701689543292847	0.09058609040652482	-0.4249115700137408	0.6340264270983677	0.4691462409861581	0.3493680986430875	-0.5170412848998285	-0.5355028084604245	0.7151353917457913	-0.7488766219502232	0.055655514360753326	-1.0958170804078018	-0.35312869718275125	0.3293804883500686	-0.2268563786237982	-0.7303262861928054	-0.009571632958297414	0.002905056074576725	0.35689265665193104	0.3460891632960374	-0.09192716210179058	-0.16462276057485012	-0.31336818652297094	-0.4258243605078689	-0.3400952761704133	-0.25958690939540197	-0.383024431649012	-0.31566408566374254	0.13682504392677428	-0.48549116580468243	0.481344831115244	-1.1690051301465425	-0.17949022791275865	-0.1994205108664138	-0.2830272758139048	0.5882833037452833	0.1810779547883541	-0.5289826607854596	-1.6285945783157292	-0.8315984386324072	0.8862741730731506	-0.1681139852351834	-0.5937563640773554	0.20038468251863958	0.18481875996645694	0.498919268161188	-0.29988092360153895	-0.4673987448023651	-0.8339603907766545	0.03699389089657948	-0.15761439186926346	0.5642305600503987	0.2808153948901458	-1.2535874805122442	0.0003355781195230536	0.2117336244720057	-1.087369100652245	-0.0968578968847424	0.48930806433986396	0.7805880566856913	-0.6435040631576275	-0.5051340782843821	0.08362085392531704	0.12414402289259363	-1.0941668308139554	-0.6173568857831678	0.8577401247097125	0.07012456812356273	0.20551277208643337	0.30244060422596575	0.19965046755887517	0.38543855813092653	-0.21918589191399052
DTXSID4049408	8.297289912287116	6.37637322680387	-2.406357311982112	4.380233643999157	-3.8735819438988983	1.6025865490436748	-5.635168643380484	-3.9555080598211996	-3.6240716506516186	-4.407869667718106	-9.017240106210597	-0.38112164875830284	7.167883307412809	1.0565542195352695	2.426088619586554	-1.0195850746370316	-2.965509350515758	-3.084378822611088	-0.4496165172231609	-0.831528104296521	0.5629707741875773	8.054546961641305	0.7291875044694025	0.49691586718441	1.4679803247222165	-5.852245722995916	-1.001243560116215	5.678224767283415	-2.4865659527569233	11.171482857523616	1.674660573047491	3.854718905157551	-7.262369034031861	-0.8545868187371249	-0.40716214364752695	-5.41515729564742	3.899884727631854	4.0502753210257145	-0.23140311727527932	2.8779937242400226	2.472593138389849	1.2974534856273425	-0.18410519855343965	2.094451810231499	-6.554493248866191	-0.13777432616596294	-2.1733565446212286	3.454628733736391	-10.428689167855097	-3.112663724791478	-2.365542629315415	0.2635732517461627	2.4429854465928376	0.6281194016626716	-0.39846942262560964	2.844283141014551	-0.4430148305739409	3.6440960930548756	-1.1338326954133557	2.0586134206634292	-2.5454596343433162	-2.989017912230109	2.3599104403634734	3.134319518591967	-2.184590448343788	1.5916571779151623	-0.9833192733199259	2.071268879321499	5.080170103231784	-1.4151981364120354	2.404398587429928	-0.8667230134017466	-2.0379855063125327	-1.5432709352390623	1.9950969603135087	4.709844503973269	-3.2564283383698225	-0.8117824323920997	0.29256657178066325	0.9864912804957485	-0.12098125324506259	-0.19274677231920145	1.827674461606687	-1.2459194079800844	-0.47255282083567324	-0.097520255202968	0.19171886635161067	0.5315880097696574	0.29005493678631705	0.5562497475985729	1.4303062243162157	0.19460597989915596	-0.6663787993413713	-0.5033738190541173	-1.550731157616648	1.0332275759245706	0.8615064268154871	-2.90330479371441	1.6434969708072327	-1.694552938616204
DTXSID0020810	-3.561818141169524	-0.10717260301506024	-4.365109442935159	3.7387754656243732	0.8981834364129051	-1.0299251143034027	9.707195803796562	-0.9493630232049407	-2.808068076490858	-3.7840957744609676	1.2816406447635893	-2.27066976262356	1.7567527766583502	-2.799077458590138	-3.929457604622237	2.665204265616926	-3.1173095146689165	0.9289475022393777	5.1621802892484565	-2.5832663770580826	4.040003694352394	1.6903544918221765	-1.328995360364593	0.7971997469095966	-1.698164943442365	1.4712874088867907	-0.6956814313699924	-1.2594263929987284	-1.3967525748416774	0.5012813374365002	-1.1538258209183183	1.578697273125947	-0.03561794357233922	0.4301913900486641	-0.8090067745745685	0.5453116673383387	-0.37267459193783853	-0.632703912303417	0.12424203486735214	0.14485796393947195	0.37408456579038746	-1.544420449900939	0.7791505519805996	-0.30799337890609996	0.20376428215241033	-1.2166521102220618	0.10386743190949148	1.402292928798602	-0.14227610118536413	0.19415658562648183	-0.7284257336658402	-0.13141257009473611	-0.844498257900592	-0.45562081708902075	0.5468628269912609	-0.13017938611285565	0.2725552766274435	0.1520691027541904	0.10882277465987922	-0.10884527259016788	-0.26261580986792493	-0.33959491280968057	0.019468218014530088	0.21896637911894293	0.09454739622485427	-0.10828560211299862	0.4641215886111717	-0.09897510610135642	-0.45579338081239884	0.16164242423140437	0.24778877617916015	-0.17853043520675785	0.2026832439496376	-0.045869349247123874	-0.1631560698164262	0.14335760626544206	-0.029037834199285593	-1.1213637270556516	-0.5211633879554415	-0.10762805387544368	0.250446831966976	-0.21543204959695672	-0.14535948729416992	0.09543649918822629	0.1017214587880767	0.8342540451858491	0.07180742091332706	-0.06225492835613807	-0.006044245459699185	-0.22657116660705412	-0.39083882331122566	-0.3295474542093335	0.004131847389216679	1.0004273784254092	-0.0365213498485226	0.44170359728039954	0.18270477028839494	-0.018785286735170863	0.8681016801867468	0.1245335667917579
DTXSID4046288	0.7737170132596622	-2.1777748242574604	2.512946714220277	1.2468398741837003	0.927415734979291	-1.9233585539693137	2.1671044888859283	2.8110394505924483	2.10002750213516	-0.23746406818937	-0.5850133482042793	0.25227075175526065	-0.03268855139490669	0.4931056863152086	4.609362866444835	0.6987934162804169	-3.1360238763052863	0.6595594191781853	-1.2220464323042464	0.3867778969895028	-1.2316307556659656	1.7650869510167733	-0.4222982379660073	-1.549515572775477	1.5955389308115762	1.3424992260666517	1.9485193338685165	-0.525333724276908	-0.08441207299680865	-2.537959594987887	0.24994516676403283	-0.6191154171755533	0.6895499175228752	-4.066552428966157	-0.9448805218855496	-1.7414227500046733	-1.3026135312051264	-0.598243592929994	5.339700857227696	2.0119784247678423	0.8981263883548481	-1.2057781870934945	0.29184730646631213	-0.28489471907854824	0.2673349298623969	-1.6613879793193809	-1.8481312134037935	0.9659691608290942	0.28392059777796597	-0.514059083903885	0.028279517655638874	-1.6651772851035047	0.06378176916214395	0.9345313514249002	-1.5583172096576439	2.711728606391245	0.609297031395218	2.910659329753154	0.1892846235671426	-1.0349060454456505	4.450608841825335	-1.0869448678036302	3.4773516185953777	-1.3978872024273419	-1.5431728844922932	0.8494037450451718	0.028099051483268467	0.7605150816201406	-1.8916697468567736	-1.6782575700761768	2.2192592993658375	-1.1109796459588674	-0.1928535644613717	0.004053850243682564	-0.6358324181515611	-0.6833672026948838	0.1341314119185926	-1.2339811035757793	-0.3876555004821405	0.2785219620616406	1.5775657389125446	0.73709377075053	-0.5360044123287513	0.25713828555439067	0.28382969624211873	0.842410573794519	-0.24729619965209126	-0.5452058269725504	0.1332807000131251	0.9549081311744343	1.1254254917015885	0.4466869891282451	0.04815703595952148	0.21642181450624653	-0.5644231937928678	2.0749720462277415	0.3431364258638369	0.46998914532973385	-1.1021469953177077	0.3014930099028229
DTXSID3025332	-2.171414713939608	-0.9373178660972129	-1.414127068967795	0.611222452831908	0.8510119240082111	-0.24085027540404436	-1.89383338578176	-1.0133272832101323	-0.8350602794231049	0.929434572669479	2.8821483855202907	-1.565466388150239	0.9465764033515375	-0.0275359994355811	0.9503506035178473	-1.8915723074623119	1.4614324016251112	0.19221794453201718	0.5172539998451495	-0.2557739285669987	0.00893241215649863	0.10583536748569555	0.8106150859224599	0.4518174033495613	-0.19708626200248522	0.5715946954220076	0.4833214155074879	-0.561982054482631	-0.34617767312515896	-0.10512324933838595	-0.32834645752038044	0.651540162268908	0.05647550472763146	0.5464431331090367	0.06797237108574783	-1.05393601123117	0.09773757160006113	0.1506519446954226	0.17320861645200405	-0.12541309845039147	0.0892680849998102	0.28179572790455687	-0.39494089345997124	0.1508987733582973	-0.4862966649987796	0.12543822954494455	0.3935315886246413	-0.6226238980362198	-0.07667383789716446	-0.23923902688761806	0.002319861040028488	-0.12564032752050258	0.020858227780400165	-0.2649725881197808	-0.0784601657929421	-0.320376189869191	0.4293456050771888	-0.4887505800829522	-0.6232464231257511	-0.14552679489698728	0.05161418333182268	-0.1626003803161102	-0.18390223027359387	-0.3700586845075081	0.13529784593903274	-0.030089033894326548	-0.7572945437087484	0.21858842686880797	-0.23174958645383553	-0.8771697273770698	0.24997484698887604	-0.26624895431903556	0.6163174038950388	-0.30384236976164525	-0.7192287376620403	0.20629174787043197	0.028956750264113092	-0.06957439020683856	0.03976806070563296	0.28652349973923713	-0.4094022667424981	0.392067877714689	0.17426712138510733	0.5050406596143017	-0.16117374734028855	0.03384144705138127	-0.7950083084826085	-0.3992562449348774	0.15940699287693094	-0.19584904522476418	0.5716741128118745	-0.2702568155490029	-0.5483911042102221	0.6011879431753862	0.7462968333194151	-0.14522961771760826	0.1723519084591132	-0.10070700949078569	0.655591698256007	-0.3893501227431689
DTXSID9048930	6.2420095313622745	4.9959368830936866	2.2978921778305477	1.066390544336585	-0.2701148549459061	-1.9804037647745136	1.574638263961	2.415543711903159	3.5814940321832003	0.2589825123414155	0.017897678538297247	0.05048357447981687	-1.175795267218849	-0.24647758854000962	4.801238501019537	-0.09103963485498306	-2.736331121894409	-0.27724059946490026	-0.9016259943397131	3.2672925348607187	1.9298038220317721	-0.847721600500452	3.1961760935738126	1.019948240193916	-0.45341332733189704	0.7776047595772515	-1.4748093924245913	-0.9557966943286893	-1.4003502485302917	-0.1388749900329634	-1.014970038212756	-0.6410790396627661	-1.1854935094666081	-1.0002830954251405	1.3707342698213805	0.9673358485053094	1.7296301776813632	-0.9243068706033877	-0.4242346338070458	-1.3145978068747848	0.6910150412160226	0.4135885877015651	-0.991116544663769	1.212324772096434	0.37589170187758497	-0.6590665407310508	0.9087062419128886	-0.4331907547190532	-0.0006632183440205745	0.2737335762693786	0.37090170651419946	0.728155743938062	0.3716749542742699	0.0717042170021097	-0.05952561173335456	-1.6437669114528668	-0.2176398747050985	0.3689498488379974	0.044468585196940594	1.4044953666635474	-0.8734366842628467	1.8044529197944474	-0.8916717503048927	0.6086080725962164	-1.0349143546465687	-0.41131341351383693	1.155027767660917	1.1681422436376343	0.25264362152187936	-0.22367774851459674	0.17893976709953	1.0903848332269206	0.5614458715935633	-2.556707732006497	-0.8654440082226235	0.5299569899888585	-0.3880813227259617	-0.6719307897947604	1.4548897144590303	0.5011701712108549	1.2242272903583005	-1.3161742420648759	0.31864340788882295	0.8615821766629119	-0.8778459786118962	0.17286025314628967	-1.0589218145278751	0.9387254513156358	-1.0490131618347687	0.10808219474636545	-1.584098561383521	0.9207821766853423	1.0840842366892989	0.17019626198860913	-0.5643188395178595	-0.20394113902147212	0.48820858731871175	0.6021064622128207	-1.2084815101026631	-0.5134693048065205
DTXSID8025096	-1.6795265189792818	-2.8347768796536923	0.7078300381155175	-2.0732981959340333	1.6065041141246004	-2.3382888294618542	-2.1901797809810857	1.007115458476262	-0.8762025730960542	-2.2062366412751766	-0.7809067258662153	0.6890453236969294	-1.5599428168859255	3.2404725706889046	-1.0787464857232496	0.059076689326979334	-1.4553094739462056	-0.9753056135555663	1.5869118700676075	0.156548669346931	0.5738524333370216	0.4605998813294278	-2.2665519928437985	-0.5739428825519097	0.6766161464085375	-0.9191254562529244	-0.32661505066158003	1.3072968659012587	-0.07264758804081414	0.4277870733322778	0.13274683566145562	-0.2682890574696345	1.4335056788264702	0.371743771123529	0.5296871792515825	0.29964838828425877	-0.5029678312410021	-1.0031803373613946	1.0952859736286844	0.4251222663477739	-0.66847257520253	0.40149284137352165	-0.3977017728340178	1.1098929629033951	-1.1401023612639554	-0.15772363855928098	0.0056775313749543015	-0.8525943691228132	-0.17146857522369316	-0.8514522243654375	0.17456513051343878	-0.15907744426732662	-0.6854094067585479	0.1386331235011024	1.0950794565843172	-1.4317349156996388	-0.6095990443895019	0.26219869821607467	0.47130521350716054	-0.7945535404792794	0.018052295206016786	1.0664687755967002	-0.19679382440896623	-0.9469085010636767	-0.14896416476625304	-0.4911835511659453	0.6621061723106079	-0.31069251639565243	1.6803735212610056	-0.5226705225529958	-0.741930170774431	-0.04461424412635692	0.42412972957170864	-0.15443928000525864	-0.7086894244665574	-0.25461017178346784	-0.029318307933062126	-0.6058369151401465	-0.4170764784066033	0.561724733960133	0.3404813561459898	-0.4047081816906898	0.5722757090204202	0.06787767369971277	0.04254101436375482	-0.0030146415370398477	-0.09484428578875925	0.13425955475290252	-0.7195159779685433	1.127081019493379	1.7828044255082003	1.750515929530929	-0.03618819513780728	-0.8101530878647464	0.618445153915888	-0.15203760124188245	0.472853054799815	0.08393991967862179	-0.5958614340196053	0.8758462457280843
DTXSID7040657	2.929658975401336	6.990029746072215	3.2799420662681102	0.4910211437853844	-2.388741826271859	-1.5376547808419223	-0.09249316895817103	-0.8837356921686997	2.4262585904017424	-0.1913582601156097	1.8872351970039234	-0.22711979972848628	-0.7621569663344683	-2.007866790249157	0.3233975034482355	0.8578556316603916	-0.3882004584699647	0.2700935821704042	-0.6173158293205531	-1.0034872477746963	0.03678593085399739	-0.28253189533915374	0.36656531635126505	-0.8946333670245681	0.017538781162832633	-0.4419838111664957	-0.16607961807930313	0.21399346822305274	-0.360860998788293	-0.40539004464506856	-0.10533024492924288	1.2571622110606535	1.055690628822466	0.33287516124729943	-1.4242859646374386	-1.1949264640434305	-0.22388315380233165	0.14356192389927622	0.3740669888811476	-0.7542784205506917	0.1613054681675416	0.7638136355962921	-1.0329530682071781	-0.08718403603877617	-1.1601709426600963	0.6319447311960585	-0.2974953671423374	-0.1776221120270651	0.05818476959704296	0.10404829434142998	0.062395265577426924	0.19538809938666418	-0.11904510123327149	0.302069397943873	0.2518012085078751	-0.04766006052765603	0.9936910770589268	0.7277796945780882	-0.9789135356981207	-0.28206069334476586	0.3391695167686446	1.1201660816384875	-0.23559661810848154	-0.5868591489582718	-0.04143529664176747	-0.8716514450095906	-0.137603741951854	0.2615598233497506	0.5128882097787003	0.6616272176160383	-0.6596740109629181	0.2772526860981062	0.4107079184339274	-0.6395380384006518	-1.2387221712601797	0.3665218123565466	0.1255066140193923	1.1486753176728624	0.7914239312556978	-0.24588436597664834	-0.2888028396830684	-0.9308853467908018	0.4038924356547198	0.15469750894397336	-0.1504833131819651	-0.418557342786967	-0.9997745802154081	0.7361362656788569	0.46876574265363125	-0.4679082342423728	-0.46745673175435254	-0.1357303394113167	0.8268052462471485	0.05574259539738194	-0.45356498900370235	-0.6439636663576642	0.16957666331674026	-0.6849890152021476	-0.3922898287645922	0.43271835343237347
DTXSID9046491	2.099914660220441	-1.3276757636961452	-6.259694032222803	3.4596004312949176	0.994427332869735	-3.0550165649391876	8.60171168631554	-1.6843408960464354	-3.0839080712509106	0.4618834155835113	0.8486833721830541	-1.528796739852419	0.697024002784953	0.33703135025803316	-2.539798486821071	0.8361449003098239	-2.849905440194235	0.776977144513331	1.511167488340791	-1.2781098327658438	0.4525059620454008	0.6596139963646354	-0.7785335005607067	-0.2863775823324004	-1.5225331947528868	0.7221501535721223	-0.4508260491721884	-1.5557170278847947	-0.9155069347208029	0.20758505579147551	-0.6389515345254974	1.2578509729599558	0.02812352173019452	-0.3875623364828891	0.17212331517690393	0.08578265438455682	-0.3679183903521919	0.6342306750695424	0.6692622922938155	-0.1929302240585563	-0.23043238541565933	0.0026337711684562594	0.16170575211412572	0.5287361218312515	0.1851762244307117	-0.0788233382443804	0.823930034508354	0.7997508375546071	-0.4157617648517279	0.09289192888765258	-0.383727913254513	0.31524710274374074	-0.6178587086072959	0.012274083260957157	-0.2432027523603256	-0.13827729398292857	-0.32960675970306086	0.37231402148147485	-0.8827365081453873	0.4530683574936823	0.12177142845654268	0.2769923407894685	-0.36879249078505405	0.450545286511905	0.06538467674744497	-0.37277420764180147	0.05060868385611636	-0.2333749537962552	-0.508983166763905	0.6079046425185282	-0.43736297478040875	-0.3598987416078405	-0.05544011174609509	-0.18017602493319368	0.7105190383548534	0.42916580759719314	-0.8741437671179255	0.06315118670985558	0.3198656795622191	-0.029717908112909624	0.8131001099377627	0.3744711978580908	0.6095024287897647	-0.30518986369432516	-0.424812182194695	0.23456829232116674	0.426092030373988	-0.16207924534686763	-0.4513696426459025	-0.16430313677320776	0.6948817809635952	0.6455789688473004	1.16424229628126	0.0669799797394102	-0.24187975909833445	-0.2954818847327878	0.2663912707639197	-0.34349570248738104	0.025288492674116494	0.532265129282942
DTXSID6057827	4.198869078667576	-3.495915406507437	-5.318323516854497	2.562667240845849	-0.2031853308454092	-1.0620810926546989	3.5146699876258736	-0.3808109865047552	-0.9716936335604435	-1.9313774319182717	1.3870741731190315	0.24426955129603864	1.2038506107385536	-2.373699214569631	-2.5545864156513334	1.7661942067825587	-1.5962778201172274	1.0249032857246119	1.5926147588138908	-2.338376524270763	2.4507815831945647	0.23907060949797881	0.9644426360140115	0.16864990783454564	-1.5961621844322462	0.7557250121313186	-0.2805196717480714	-0.23193593697588374	-0.6606460631835896	-0.01272053696516034	0.15334046253290876	-0.1624638875151697	0.4146900238284798	0.076480562102451	-0.339425542889692	-0.1438619458713595	0.17295466407413476	-0.30416876397067183	-0.4003652400717294	-0.18939671431578423	0.8857323190267895	-0.07143245509060182	0.4875488838728781	-0.022330769808412858	-0.05319378676808641	-0.6568179465519911	-0.42229094012607477	0.07670375837591553	-0.06954985556622564	-0.2486155335932239	-0.07087787146451724	-0.39706555734952814	-0.1785565031622822	-0.27103845413012145	0.024533343787693906	-0.2707067373315656	1.2708988370052405	-0.1091532389141969	0.0976880873956292	0.03742530631919381	-0.14009688386548474	-0.005492756974256221	-0.6316370274549952	-0.3575299030649333	0.06161761453428087	0.28237739249329274	0.3704103584319425	1.4224985611401273	0.2954494920992303	-0.4263786004458482	-0.12016193384724612	0.20836029740417997	-0.00023337553038713368	0.2729174302403888	-0.7169640447829576	-0.47687998546933197	-0.1759249316635206	1.0914029615601437	0.33503647732729497	0.984844493393738	-0.4990680512974616	0.022073068853737828	-0.33189867188375966	-0.8385101565690948	0.4109657678700412	0.30880114110031953	-0.22478692058670374	0.003010063439723158	0.20215083241769594	0.1922472185548279	0.18704434521039642	0.27997994716747326	-0.18996995442118395	0.1947504578214389	0.34997056569890217	0.04576562645830659	0.12388555157181931	0.37434140693873175	-0.38119993666576363	-0.17397654585031708
DTXSID6041925	-3.544202856621252	-1.7578196863251898	1.1450466731762166	-0.8312459151907627	1.262221823869604	-0.8613278520683832	0.5038292234247995	1.8253479656599427	0.7974698139041704	0.14849354889924085	-0.9848897278489952	0.5537431417698566	0.5117559619831763	0.14697415576235506	1.2851576944788572	0.573028853928529	-0.3211387266495779	0.5542704096809257	-0.8787097982425792	-1.1366110629693496	-0.4688562793164432	-0.336163853543076	0.6668884090357291	-1.158953705004806	0.9953844192961381	1.8133622612722764	-1.069267184271535	0.5484470145871487	-1.5588513077638297	1.0817135708648133	0.7425692539102635	-1.1801641677369996	-0.8078177754863834	-0.27976312566957684	-0.05907557397347889	0.7408273428547496	-0.5089841443482043	-1.4570036234641297	-0.19746500045119694	-0.3456489920465587	-0.4074035347496197	-0.4833902574187306	1.121872276344474	-0.5081859314529935	-0.22164486885170476	1.658177726280754	-0.27627454439738164	0.023103525745221565	0.2912890383095205	0.09883939651872842	-0.1625391999004608	0.015143722384558933	0.4348180697216957	-0.15334165013433948	0.692992919124391	-0.6808949098368489	-0.6792886629465407	-0.3058601037162738	-0.49052435038590764	0.07709433528991265	-0.25950969535040563	0.31637550130820496	0.24984157712760446	0.2121988770592055	-0.5991912206820258	1.3272032192310583	-0.8595872542163867	-0.33501390685004645	0.027365197298843912	1.3408662643468425	0.29263847179613767	-2.0257482235911666	-1.2879068282213764	0.10664614075968035	-0.9359592084086503	-1.754896532486623	0.7830069466337072	0.612277228747742	-0.05121496244620599	0.9337399942066867	-0.3642204881216449	0.3844437158654461	0.6202447694259339	-0.4077124655708796	-0.5000771178659004	0.16647238211136048	0.060901332085544824	-0.9056443867322707	-0.5416544459308823	-0.091903122262132	-0.2914681228045387	0.008239865838687422	0.582777658637577	0.6094074853005089	-0.17089119860807353	0.07366234391763651	0.19472792878323938	-0.158816443884325	0.548160780859277	-0.37394290614897263
DTXSID8043941	-4.0065818916100895	-3.210189945024303	1.0314096458658126	0.3934870318854962	0.8764432197036216	-1.1784855172318842	1.1196252487945737	1.3050124752068057	3.11326918009457	-0.6074870949915632	-1.094099327523132	-0.16840218771962995	-0.1367678391243225	-0.7770694865016117	3.441400796023692	-0.991846128312069	-2.5128901658096767	-0.9510911218703381	-0.4625752791700499	4.880162197314877	2.7259999418897927	-0.31245816496908413	1.1154534495402288	0.6220226970940207	-0.6435901717160595	0.2220476334706372	-1.9384573104972322	-0.7469393322436889	-1.2219431541072734	0.03121107451740629	0.23070344520809793	-0.5609202727744742	-1.3898345558684813	-0.7185193445844564	1.359455353873818	0.237413847971276	1.9255408036955706	-0.6846330901215274	0.10257269643812453	-0.9753288118292353	0.36655505902921304	0.29621947385407776	-0.8577062340702606	0.9775557893103157	0.7492804112735062	-0.07032697444647437	0.7453720428210666	-0.57669251098242	0.09334764966859807	0.11451064146396259	0.2963535492903623	0.42767916026040337	-0.36904021914688995	0.11624514687915187	0.44207120099290914	-1.8442767087689134	-0.6329493133845362	-0.006253380268960477	0.20818168066097686	1.3136545444169891	-0.27091670553549835	1.9247915139858416	-1.316556198583973	0.7615157244612211	-1.0582739512277732	-0.023952141075688913	1.0286457978909151	0.6741014054456461	-0.22809046607274217	-1.0537099697990258	1.832892090756531	0.7234403195240041	-0.05449250262546172	-1.1753733358473364	-0.29574429625834253	-0.8562072336499641	-1.1868539888639977	-1.3894598435985797	0.7436657759504393	0.5792824301017526	1.0337947761277864	-0.002933052836933065	0.011533875174797382	0.8140583112813395	-0.3347161780551485	0.8464930783193839	-0.42842721609497947	-0.13659300933234633	-0.17841433144684796	-0.11069863594449567	-0.9511869686710188	-0.10279725900427378	0.12834204034903612	-0.35875858977561836	-0.31668901253530457	0.580333144530316	0.40958960593171473	0.3042970999648906	-0.3654893568454195	-0.09192948759209671
DTXSID0044650	-1.2822083795683084	-0.33206800992997487	-0.8440712096668395	0.49663939390114076	-2.0658594589402313	-1.362908127741242	-0.7283581518577961	-0.21836741599125523	0.7003845558383409	1.188102004064284	0.5679869440967503	0.29931980940930186	-0.34827915364302187	1.1242427089041187	0.8399247383690909	1.0462247721811255	-0.7159894897186875	1.2062502764808305	-1.13642715006779	-0.8787192270729074	-0.31354650759898656	-0.7873975587339852	-0.5796451239815285	-0.11359362923553645	-0.37956367407143377	0.23483443260904627	-0.03928074297450539	-0.20598986117860218	0.05434467138351427	-0.4010438013036785	-0.21542074950329598	0.222358721738457	-0.5206098661631928	-0.711929412773333	0.789667244044968	1.0791739711829145	-0.44789815209791756	0.7440928429557769	0.20474601701985526	0.20088067332474382	-0.17748386440212693	0.010271911933493003	0.3466904652264613	0.5494888129323487	0.16671494911307644	0.18120427089143878	0.5541048033412912	-0.1885206552297323	-0.07152603765957091	0.010660058125702018	0.09101500257113708	0.11894587791427372	0.4088158819056964	-0.36031578834538475	-0.18583106573993668	-0.4890366601185167	-0.5625548956208323	-0.44286983891251686	0.15666850586309541	0.17617160625602588	0.10578209103083805	-0.29472980687949263	-0.1591189666389696	0.655497275569874	-0.1258036284125915	-0.19919389800218198	0.7250934671680233	0.7703541081616291	0.20675605039340597	0.30356185940545277	-0.5030279456265005	-0.1510394904041793	-0.31369310209930396	0.6621331518002794	1.0473054832071054	0.8655453498562665	0.10330167216990835	0.6775066332978172	-0.10985592923713855	0.7565837984552579	0.5273646818581714	1.0831111602484078	0.135492872782294	-0.4189733894017814	0.508714766243688	0.23921554371232043	0.5777350917499349	-0.5230980239692726	-0.49328244535784027	-0.1378570915681353	0.28298454371527026	0.14424044016470622	0.35640970797828564	0.4319417019693206	0.009719667977880566	-0.3692225790916396	-0.16801894037113227	0.12497992717263867	0.08338484641707551	0.08819976665158355
DTXSID7041201	6.90604149014907	5.44771551582011	1.302368683989369	1.9608261858695506	-0.90466617858216	1.8706149294372287	-1.6823794133922727	0.5936882261116705	-1.7633984475710056	-1.6034111347644988	-1.0510778850082887	1.8556637007483563	1.1951900692322834	2.5450308378624884	-0.0895168879321894	3.456334850180725	4.818739397464249	-2.236895658893618	2.075450335681842	1.2290425388617188	-1.5524739998668609	-1.560662562581904	-1.0463159393169088	1.4942919883611119	-1.2686360555481755	0.38028957361631605	-0.5818464403418973	-1.643924452463036	-1.1455021693651068	0.9747075503488991	-0.605040218688133	-1.02629080281095	-0.24521624289565694	-0.2823618334112551	1.4956776896063755	-1.059872494585459	0.2759804749760826	-0.47140234325653546	-0.5623513565384215	-0.010551038660905497	0.7922343326900241	0.5697060921372963	-0.7170120290448069	0.4683508518651446	0.42423116791581533	-2.0865853373472674	-0.8961759584207462	-0.7507081107429956	-0.2577772807159601	-0.17226460113700165	0.3227245138878735	-0.8471633577108966	0.12288869649613168	-0.19215600007763914	-1.8456318893179084	1.525994852636699	0.35693040746980015	0.32257297211928165	1.54010584124806	0.6605608054712871	-1.1703175560591277	-0.4171198621853525	-0.6011380642702742	0.1265223352093847	-0.12953682971160038	-0.3317944654783444	-0.6687781863465831	0.241745818227057	-1.566211185998169	0.3601708984942886	-0.22494176679145386	-0.21580412903074603	-0.7414533753173567	-0.011943834745781421	-0.9847021099690176	-0.5502374110616599	-0.7340246709900599	0.17808652743944012	0.3315820048218643	-0.4623739637808111	0.9242836336035621	-0.1748178698065141	0.8547026176542387	0.02451107746628241	0.03861311811631599	0.020156354550359235	-1.2734799083026336	-0.8379205242537178	-0.2655429777891134	0.2218595532699557	-0.4690158261190777	-0.15133702994986004	1.346125225726273	0.19704089290027427	-0.29174053530954364	-0.1979389006378754	0.38538568503921844	0.6759580282601598	-0.01614847480965765	-0.45026153434095423
DTXSID60379269	-1.705122128924104	-2.9599587265152167	-2.6122032459018616	-5.706357238375793	0.4660693493818083	5.607356548747586	0.05820735462620882	-2.5422786661537624	4.6825553301187695	0.10687616325806727	1.9858883816681767	-0.4347633308287399	2.0290597277521485	3.2086938304119377	0.10869724236616606	1.5166334795224075	-1.5097206189821752	0.5745441285868842	0.7264469490537628	-0.8121011159185645	-1.0794828762958082	0.3063958313214122	0.2523296438225419	-0.18627181435096837	-0.08206112569810364	-0.010525847281242142	-0.2714192803786008	-0.30415724515463405	0.3790551031647286	-0.26074442158018457	0.3886986844005387	-0.9797334096177912	-0.4258637459772305	-0.2452581738095305	-0.005307034418164984	0.3513954011787457	-0.043330354088685484	0.30709905735767384	0.206381940743935	0.27091668939473096	0.5174411044967343	0.24882798581496096	-0.2916676111920609	0.1223382081661249	-0.21243398292836424	0.5183460807474889	-0.06770987679771351	0.08354159874257809	-0.016669390810035368	0.021664279139426885	0.07027908392421138	0.07475534072537465	-0.15575729095142263	0.09699335748940527	0.1805926167912547	-0.3326314570668794	0.2615698742336819	0.3859311184878444	-0.5319690990447805	0.22136542598008463	-0.050174072418598725	0.13777427424535862	-0.461316680748315	-0.21169815545966808	-0.28180512025719395	-0.12752301781923125	0.30800558141657897	0.1463669749522869	-0.30100088382794093	-0.3150854848458712	-0.29208719308489944	0.00924038845896941	-0.11168078771355733	0.12781076139648503	0.01723200892161925	0.3927082820196748	0.10456735016513974	0.20861385000002172	0.4575026140456456	0.13733085712796836	0.11673452513331031	-0.0430089656169488	0.3128651894731609	-0.25747062842124957	-0.47231611647513505	0.33630276036142936	0.12628089251875438	-0.20408039604814843	0.11549450417831	-0.49118505240761356	1.0456855961576084	-0.19638591402027888	0.11028418518432777	0.7833296323551805	-0.2829430931263506	-0.20889607073515443	0.002736918425952261	-0.10866148713479779	-0.2213737690569713	0.030551087253288277
DTXSID5024508	-6.33559555166435	-1.3276886167892519	-2.3356113935921305	2.283592293404313	-0.17873970251684868	0.422077866179461	2.9272021579578498	-0.19081054658448343	-1.2049771298048164	1.6248934155218275	0.08044519896796148	-0.7101057085361643	-0.6547185113219023	1.4269318133669673	-0.8575842205540757	-2.551934688777306	0.2594636290518487	-0.8612660031413344	-0.6161196397451235	0.6220856501748531	-0.969289587915153	-0.4663144318514473	1.9316265532508232	-0.3859691425698882	-0.2042771233161588	1.4910243953549878	0.3136786775385066	3.067356851793099	-0.2689732912938096	0.8638199781530957	-0.1485912243616165	-2.2655544851966716	1.2874578520108244	0.12621412769952545	-1.6446410825722333	0.7829586567198478	1.151752595892903	2.271247297987379	-0.6637727508262548	0.01817746530604678	-1.7151099247020236	-0.11823777327917799	-1.2400477092365947	-1.1204381969578645	0.2425534083842211	-0.7274397641409918	0.3922019745422279	-0.806692583028437	-0.13699805943654508	0.3306918528643256	0.26366529644947334	0.3537650622151993	-0.16087828043408417	-0.3793063124339371	1.8273407022667196	-0.34061757956528566	2.354424646842421	2.4394088670608007	0.8993001613944168	-0.4317091590021853	-0.22344310906066925	-0.25454533280782615	1.1160440678237113	1.6757658911943976	0.1354499574547447	-0.7168633474090537	-0.630480412318216	0.673692685576601	-1.1019364806740493	-1.2728872776288551	0.0748428766870727	0.4029953877320524	0.09068332925232248	1.5470062909989957	0.055890421403857804	0.5595547930461199	-0.030512387042388393	-0.5735449893510509	-0.8977540260077131	0.8921216417947594	1.2898824522314825	-0.6307640150845986	1.1364293600478075	0.030082337640251793	0.20818285402723535	-0.1402351679287968	-0.20608587425337385	-0.07634189845541452	-0.860490591994798	0.19665899573252874	-0.4345971822565188	-0.2168877104505306	-0.26957337362663103	-0.41351495593809096	-0.3164614681371933	-0.37384930340669725	-0.0822879481545327	0.014270316877905866	0.14995947866693027	-0.003266626913760379
DTXSID7048958	8.342052953271583	5.076148576558981	-5.759646611473211	-1.005316056702434	3.042737224296927	1.3013172494416847	4.5635654554536975	-4.231313146313906	-0.5090123027134924	-3.789599453419575	-1.193884967299212	-0.7241557975987102	0.31916768367244336	-0.4513017106401216	-0.8345000206532863	0.8217238198117502	0.6394466190067641	2.084852853308244	2.1441759374436464	-2.000165255701007	3.4866195853838864	-0.14799719410491569	-3.0452994917000864	0.8781857560943744	1.4470329884138686	0.8159047479985977	-0.28361421324374847	-0.839719538180204	-0.4420534096883809	-0.06942122901231215	-0.5891584788173395	-1.3541410993823908	-0.5751914123863417	0.5986737853718159	-1.6326117012027082	-1.1503887277001166	1.6670198485925118	-1.6469050023776495	-0.4489836528232903	1.8852707218982339	2.8916610279422295	-3.4436852469660018	0.6763279420275016	1.0958043827636317	1.26066450793622	-1.9580051363792075	2.5286358438262937	-0.31412605674027144	0.9023580653296409	-1.244203666614021	-0.011936705144787887	2.0876218159864246	0.3997360337962439	-2.282386279255571	2.210288954476552	3.824829113737967	0.5919152472488833	1.889295291932564	-0.9134102086483865	1.9209398819151415	-2.182361164101677	-0.22922603839470126	-3.2515337965719153	-3.0250074404946634	0.15993465374818897	0.7609184867907895	0.32436910633725524	1.5712171556717376	-1.1799696110293016	-1.2825477164838146	2.5290721422904774	-1.5716926445482666	-0.37167101714913536	1.4819097468495286	-1.7539816324697002	0.7832312965856708	0.06160356920645696	0.4460073889431237	0.08439609877178046	0.9003163061936604	-2.112988866638567	2.490740561678874	-0.3564935001212081	-0.6202244573577963	0.48899129883344106	-1.0675424738276322	-0.26418173036289216	-0.40213049364709286	-0.7631219972295566	0.9192137160178341	-1.0388787472765748	0.09326686780077798	-1.4383731637861197	0.5009631359720697	-0.9367349903370275	-1.1206619517186696	-1.4258989469550545	-0.4630030993822977	-1.3930359927646963	-0.6891835723910985
DTXSID2045650	-3.5320060846214254	-4.521595042769336	-2.950670372209357	-0.22656138924364763	2.264223608000779	-1.2174715872658666	-3.3940492126573747	-0.20010737064677722	-3.071361441486689	1.0952528678878424	5.391679064710003	-2.2588312236887598	2.614413967180618	-0.28743343612400185	1.808576511332184	-2.121651252511747	0.917818994409487	0.545448057385629	0.6610367871750071	0.4019906194140107	-0.10142327116505855	0.6714665143102441	0.003534220163797943	-0.4578683385809564	0.34278445420655673	0.6624853888722281	-0.18635816219850604	-0.3878055620365348	-0.7148354823092674	0.3576225708510699	-0.33262170019383425	0.9478005734082569	0.20636082578967882	1.1904925987057817	0.49905601460915505	-1.3784298116313494	0.9476143262717599	-0.2738387095615453	0.8947400585120076	0.48903105483215453	-0.8355885658994182	-0.09410795158727632	-0.956058286006541	-0.0037634066171862227	-0.36301018374604516	-0.13399776117345305	0.38054834219385025	-0.8979283155844342	0.02491633036483942	0.011170404841827727	0.05823636543632797	-0.32801833873184777	-0.13635146651499763	-0.3751452750702626	0.2390785836495505	-0.1607890594992367	0.4167613987723844	-1.3122663367975627	-0.4228791791161106	0.26073667278459844	-0.176183552695553	-0.41965813746801034	0.5069478579239914	0.2524710501556396	0.07037150285211509	0.33129876625721427	-0.8695388491512194	-0.2948401542070895	-0.19531246679293052	-0.3765052343622953	0.42871899825068027	0.22098217758687208	0.05791071950930688	-0.3547588090862417	-0.5844645016110326	-0.24580272979100803	-0.2496285519267882	-0.20205992794516267	0.019194527234302865	-0.6341510051357387	-0.18409401318498286	-0.15973650229009	-0.20371723703972336	0.5184077353936457	0.30092792262389695	-0.005222186508952626	-0.6945719436670057	-0.058072025074494625	0.05332986209827784	0.07837029449628441	-0.06686405032488298	0.16726819508733512	0.09131346434352236	-0.06600687643346533	0.29438578774426527	-0.30754813748388327	-0.09909528856213992	-0.026041827124309677	0.355951552321441	-0.25590278682929424
DTXSID0034851	-1.5366203578881112	0.3218801816720999	-1.0935023720507826	-0.23765752855287928	-0.4380617449649706	1.656733443164595	-1.664492207650175	1.9712373235279574	-2.6807843541503082	-1.223621532380041	2.0450563987342036	-0.6345375079814475	2.3585903770101573	0.5696749586155485	0.8401858889972086	-1.9112357139985114	1.5863396977635749	0.5521250685207294	0.11642412977168337	-0.29550246001484887	0.9197036986670188	-0.7744477832604161	0.15069157196679034	1.3694869363706972	-0.34296107865456743	-0.3907675456558471	0.6235892459657252	-1.1450065160139595	-0.20230298958574253	0.559100571658968	0.33850679917435983	-0.1072550253537571	0.5844709341456115	0.030781121855737118	-0.07764141352090298	-0.6805021062376118	0.5643898747188856	-0.056448107249896184	0.6311707810318209	-0.1394156410941903	-0.5319602554997295	0.24767274579329585	-0.7972173944465677	-0.48807802001490275	-0.23694251244763703	0.17036448669065477	0.23590885229204822	-0.21642057474407025	-0.061832589101232384	0.02266724386179678	0.032034654331638074	0.08612575977241013	0.04301537940705584	-0.19070850749972734	0.3018440530067721	-0.2047040964417449	0.7441843101973064	-0.9418112447776618	-0.2170096878740255	0.6167295411306774	0.006243672513946261	-0.5093146447114963	0.023193314947629447	-0.28915452487909626	0.1562898722551828	0.17395784195982214	-0.47849518219476284	0.060419372798508224	-0.2984496948387134	0.14304684537732112	0.9339882777021349	-0.045218952403501156	-0.009489107655652407	-0.006518945651297513	-0.5791303087704139	0.8756083115551258	0.285490160635688	0.8978034820624149	0.10593502293610275	0.08612486263478876	0.594327074897819	0.39123195089425294	-0.004733659474667898	0.3031258696878103	-0.06898575448410874	0.1428917952700361	-0.030013174053728536	-0.3302923756974396	0.148721067904549	0.22656051118508455	0.4297341124870245	-0.24943573576082326	-0.6197251918606912	0.7172414631836309	0.23468461614111333	0.6166741395288745	-0.5049590384659336	-0.28291577817719443	0.08795614037016984	0.014803317061705365
DTXSID8044410	-0.09002781720690411	-0.41893463630834776	-5.184007166223126	-1.1914302281235716	-1.7370490866744148	1.5950813427927213	-5.259155379994178	-6.30793486633475	-4.767355297144631	-0.9685055127571276	-9.456433551741572	-2.849852973346122	4.640843317567327	-2.262601898952281	2.2786583341986715	-0.8125365537131399	-2.4771426122346067	-1.4476679337146934	0.25456234446425746	0.5295698987533325	0.25672903557041893	1.150257801928089	1.8073407382145494	-1.3576617199719163	0.3655717196785094	0.5789601631668314	1.3207258453135835	-0.3260414628416751	0.16101322448754865	-0.1575892683913372	-0.1849501968667813	-0.6782056914562018	-0.17264840928646719	-0.3906477103431416	0.044616307196426445	-0.7692063650011317	-1.5600769076100967	0.3481242128228978	-0.03380138559825124	0.3247351901416037	-0.0781088232192966	0.1645841566661242	0.7309502378705064	0.6109331413863544	0.33114994386731855	-0.10558199040230613	-0.14543449467465266	-0.1217777853816761	-0.09663049928414896	0.8386268477006007	0.24180612580563304	-0.29196405268681686	1.0101980327353959	0.543377567912719	0.09336948506269199	0.2198959337714314	0.9374155749460044	-0.134932318783558	0.1554016304970628	0.38420284012507905	0.08957526210453798	0.08130480849683952	-0.46402149410704097	1.0206320119913002	0.6474552204610006	-1.3499055882581004	0.3994485019734074	-0.8729491380576098	0.6076434483235326	-0.5699074308174736	-0.217155037231795	-1.188403816766723	0.2284398631442533	-0.5420884389918199	-0.3136949503299395	0.6373129347571429	0.7997510069383051	-0.5639526796412402	-0.13806656588445093	0.1214134704079252	-0.058447851354778424	-0.24397421644293077	0.4161959905348562	0.12112317049293901	0.9833458102669768	0.04104731660143078	-0.5481774797364838	0.09524654966658491	-0.359265745156076	0.160102603749892	-0.7122000397381568	0.4882801519583373	-0.17853830593418987	0.5086107080464194	-0.3117581439150787	-0.342783273470902	-0.08496742445694154	-0.24902897965352902	0.4224428929299565	0.3520974176131031
DTXSID3045778	0.3853804773394809	2.2004358965443864	0.8331653688413788	-0.4700256140003324	-2.350215164370807	1.8592758524575757	0.7321033219795605	3.396587955470467	-3.3364221523020268	-0.23176752451825613	-1.9894068660168907	1.7205544752961937	1.5737926363476193	1.926893359101645	1.2148528216661558	-0.18421510604133337	0.6227898579707748	0.08756645074368455	1.696917096766129	-0.7435383597026052	-1.1493665333266314	-1.6961763317758527	-1.0401194100040096	3.1599690986793187	-1.847900045656889	0.5433971376006697	0.7930755860190247	1.465261880369223	1.1288867424299724	-1.1742243941324668	0.6175031550698583	-2.2519556271541683	2.0624222891036967	-1.4849994132294086	3.4438076842969685	-2.273547753895	3.8103978679445887	-2.1705742784673583	0.7780245540935925	0.8921708680522704	3.872195344427542	-0.7832496397703073	0.7790724052956544	-2.6431566388153582	1.9497225002790113	1.2509038270812316	1.9545151426193175	2.146295737176684	-1.3928604732247	1.5754437028391544	-0.4639822251184578	0.8211469386251525	-0.5631922909645172	-2.776442444467216	1.4018915379828498	0.41540758674338946	0.3746954234272539	0.22930685662025463	-2.5651873400984573	-0.2802176265129972	2.4810935554790654	1.4448401292705664	1.1446063796475792	2.852171514708864	-0.28277139057374184	0.019907324736397	-0.4036497948780721	0.5484653689779796	2.0630982426069475	1.5774854779068244	-1.5226539488085324	1.672912264393857	0.945826463879102	-0.021695682333316816	0.793391275468194	0.6692537528113672	0.35897353942325705	0.5934629684141873	-0.06571590117423731	-0.13476395499907512	-1.0642351060373092	0.39160681196847164	-0.5651020296098797	0.4913289486042749	0.29706949285684914	-0.056021909847349484	-0.3318531638534391	-0.1687541329545752	-0.1462811387792266	-0.5140455464250285	-0.6082101295556823	0.34882961786593975	0.05735195444531431	-0.4414250412700781	0.7470442095641617	-1.0257455578100634	0.3828600544022787	-0.24057987679534834	0.31363935759448947	-0.3586112153248511
DTXSID6041424	-3.752988322286433	-2.6379410231943456	2.8457331465681874	-0.8274566754501206	-1.058946532110898	-0.6150649887785626	0.04911009405204906	-0.9508336329655286	0.7504634415365463	0.6795668016156854	-0.19911688988791412	-0.04376485566265957	0.7879715865208323	-0.31564328151836757	0.309066067341816	0.16876970298729307	0.4632516088777946	0.785230476278188	-0.2711898126286368	-0.9796429425430839	0.07161672888049664	-0.48694015507576277	0.1270886979658236	-0.23254392281402325	0.06751628705782796	-0.10987042765149084	-0.5451469882566327	-0.45886359248449476	0.1394913313490358	-0.20288567283214717	-0.36108408945926623	-0.24634809985991646	-0.03640896540710234	-0.09576920181397695	-0.06015865929711156	0.5974059179840469	0.2992668927835816	0.2775528267715221	-0.2969183538518804	0.05032204054529569	0.15825473675892268	-0.13249767988615066	-0.24169369929049694	-0.5764973886906272	-0.07935560060902493	0.0357454981091138	-0.4557716977747206	-0.14107185837284142	0.19215722365147261	-0.11038700160603548	0.013429916489656581	-0.12029128465537856	0.045616833776767785	-0.08275651247796056	-0.03543596198721452	-0.08516723242347876	0.337248637660954	0.09217171233932342	0.3639772786216021	0.4230674145601118	-0.1309846785287562	0.040430138370333706	0.16724816407295412	-0.23685309443274016	-0.3214259686699857	0.3626940609232027	0.041985280906115495	-0.011941848178866772	0.25928638461716136	0.4318789565014023	0.5358430160950074	-0.13772261904103483	0.360985570042454	0.17853876340989755	-0.23026183705282277	-0.13150686355946176	0.4513286353440727	0.003466295372632455	0.18598523069966844	-0.5335553076989035	-0.5001365177494089	-0.6842472960893369	-0.5082358025859715	-0.27612568651952835	0.08105286169402709	0.3998564692023736	0.21562013356358975	-0.20744394404487904	-0.3316466258306955	-0.26127685134129214	-0.11120069620155047	-0.05856727167530087	0.3320053459771123	0.5204006339703161	-0.047183184297689015	0.18741094715105222	-0.12032459243923425	-0.2557156786965223	-0.15658504288606878	0.038837467312545795
DTXSID2020341	6.232279208491898	-1.3312166890585058	1.7897433946546901	4.974535028739471	-3.92253470833866	-0.1090019803593133	1.5153746077616954	0.40446551232412575	2.4591083160776566	-1.875548144026272	-1.4117034752686757	0.37722195587693236	-0.5425840490044453	1.601965510859228	6.093544838799351	-1.5634275807520617	-2.038174712260524	-0.7867972050277654	1.8541217698166164	4.046894641488725	2.745313160470892	-0.996793832760703	0.8931098487292205	2.793488693068735	-0.5427921767115202	-1.91547394420179	-0.6773701231923265	-0.7668107668016758	-1.386013329630828	1.342653275406141	0.13925732089946014	-1.9877699570227172	0.1254908019320643	0.8433873843958686	1.125040195539662	-0.5688559503512518	1.088984555265525	-1.596263859054856	0.35482131067406425	1.900085446875947	-0.804901105439061	2.121181745402293	-0.5221142393154287	1.6166078017864707	-1.651798085216711	0.029335480404275874	-0.7047108250287992	0.11411281642351524	-0.6162758093876578	-1.0950223743192309	0.3323932107216521	0.9038027249978005	-0.34298708450710425	2.2068019282575873	1.4913084540547408	-0.1975165757682384	2.0113614690456596	2.497071501892943	-2.038422314464185	-0.7945959460467716	-1.6424608460491583	-0.7458531326886694	-2.3630705678154267	2.627655236853219	-0.5355034101585298	3.1651613521037665	1.7137046951944401	-0.2788050095618546	-0.2105215324365903	0.1668584296323903	3.2833477681227463	0.23229784972487563	1.5133362359702496	-3.5590355171563766	0.33516611093608106	-0.04075281620049307	-1.896436482342064	-1.1632724625488413	-0.6064821492744806	2.8428481794790654	0.6725331302644644	2.5897500677806615	-0.08370095020848828	2.5192933948469665	1.2157780182768974	1.273937334901801	0.8359736194026343	1.2819109293491524	-0.2908423705078842	-0.03409045780600986	0.0926516958274717	-0.3288253442044506	1.0206220786490003	0.22445814670203038	-0.40320368500931497	1.3125320538057683	0.024997614566528485	0.30667255101256313	-1.4590187543568112	0.41196650999178164
DTXSID0045886	2.3587412631537776	2.426973834790581	1.987975193733119	-0.4410864642375465	-1.6635308137111315	1.3618188838142251	2.2017653568970155	2.3198244972864126	-0.5745560669954138	3.941995584068882	0.4785652001992911	-0.15905583315607985	-0.06798286401698612	0.09535012267882048	0.22847141523398692	-1.8252682449887103	-1.127380120022862	-0.7176318067456422	0.029828591362689533	-0.5026968412335312	-0.5788036488307052	0.18258519783475008	1.7782540847578117	-0.38074513758610473	-0.1338300906229833	0.32494548085713926	0.10375059912966418	0.5652975474023295	-0.5765311253703361	0.3720033736342558	-0.4249020401444495	-0.12404710515528222	1.25647785690861	-0.5187652065235223	-0.2692654337527485	-0.10857979637517001	-0.4308753571347184	-0.35761427972614085	0.10751129439310617	0.17169316111731858	0.4992667860609733	0.33277104562719667	0.20708434009891194	0.23544586337248322	-0.2001133280156009	-0.34459420318189865	0.16906280507092286	0.18791714065245305	0.032689899316612966	-0.35765703209982014	0.01530865591282102	0.11571520629603882	0.5677129361585794	-0.007848640037271079	0.21935329621866437	-0.3669849152360907	0.6401611798112496	0.26763673695327256	-0.1924235020432648	-0.39239984805875755	0.2016010335912582	-0.15784861842813433	-1.1858900830576213	-0.4736929678995734	0.48573569048232784	0.13706563028218183	0.5020700112979888	0.7402524845015134	-0.34760596328743476	-0.4384258214307421	-0.46896362380060963	-0.28663158596562016	-0.40694201692885584	-0.7497021586492055	-1.3046307806014277	0.4712772103957402	-0.07919547213801294	0.7383334183374144	0.26140215036728615	-0.2363240297193249	-1.2716589863570458	-1.3987426646515646	-0.4934872147486652	-0.5259015781244891	-0.15088511086672393	0.8553797345926955	0.03428944651113732	-0.032697483167311275	0.22422737826028402	-0.8936342274700021	0.6132871840999131	-0.15637549172836185	0.0914315658389242	-0.34289964058441125	1.5545956209525826	-0.36549268288232806	0.36851956903798405	0.09221538340160715	-1.037567566250907	0.4091353673658521
DTXSID7025764	-2.8695404493334213	-0.4891352352667003	-1.7610961252511221	1.1467013244652824	1.4623720901541464	0.07061673132408071	-1.5037130322615087	-1.8045073043824384	-0.05917470750624374	0.5971276736016443	0.9297338947510095	6.87517649490978	-0.9173864616970889	-1.5626219437145408	0.5009872507272165	-0.4783603365252592	-1.0055813986970514	0.5562817984050393	-0.11604928391289222	-0.8204879429983775	-0.047385379669638066	-0.10689814101419494	-0.06537119938936131	0.32513684636726203	-0.35281570541528523	0.016990735334957437	0.6654009413284631	-0.32902415316005806	0.2892469783986464	-0.07704598149042545	-0.15594343355768217	-0.4689438624282783	-0.26209932292904997	-0.25927116238712444	-0.5836650067887694	-0.24640896940023269	0.13443974964553798	0.4419062022737495	-0.0505095231029805	-0.06445990139001723	0.49129988161897853	0.28756293493501517	-0.07098682837208697	0.5329010477703798	-0.5976262116544305	0.29548112462896675	0.3630961509712994	-0.09314366648199644	0.16747078415245376	0.3077115012830577	-0.057827372859295324	0.17351886912904874	-0.0610559630995748	0.07870569272694918	-0.025285613705962738	-0.5633179811504618	-0.0318353386269582	-0.014608107257375786	-0.5797942225778137	-0.15953411967984954	-0.06923052800177627	-0.21437934831997327	-0.13510879120973834	0.5314652145183598	-0.36308262048905676	-0.31621449121430745	0.26174597348678724	-0.16791041858017353	-0.7615679963746936	-0.22052311161891708	-0.04315416545874978	-0.41890952252461233	-0.07743144852503345	-0.06485841825586955	0.3009668716232732	0.5733372735680824	0.24501386339010728	-0.12572372635228057	-0.09587424432749633	-0.4441370070214613	0.15934784575841035	-0.4101462510482229	0.4207799426235449	0.672981967521538	-0.4070171285717583	0.5450136609810206	1.0595650162806811	-0.3183419137251082	1.2186012950663476	0.7833574521252238	-0.15689053159426003	0.3963727591246673	0.33366606506196367	0.5778605453939873	-0.0173095664066922	-0.3977541503484847	0.33372144787707303	0.026126417580423777	-0.3152253404621111	0.139289027292807
DTXSID9037745	1.5849160155096407	4.317576942647275	0.0652784497318612	1.1428590978634654	-1.6586734291792105	-0.6691417047484494	-4.130662326649272	-3.0162333360774056	-0.679441726568508	-2.478742407437129	-3.9058349503547154	-0.7409811839785545	3.7290526498848977	0.8024871002644884	-0.4116656529472628	-0.5227724563621082	-0.6331990951918958	-0.06445093055801365	0.16577348358679067	0.36963922843812075	0.5204011311201172	0.5592116511358886	0.5181171515500257	0.027612236638912838	0.41298101551587096	-0.2885299932581691	0.10524634641982895	-0.0824148323849536	-0.2540703658156867	0.21320303959946316	-0.8969188006806279	-0.9406728429848684	0.20826372198780735	0.049854240740768684	-0.35797641640690814	-0.026302864535171788	-0.8561342641933155	-0.4970553453071245	-0.635190851799593	-0.8333154406383457	0.4206349572684882	0.2907766530967336	-0.3514961675248413	-0.31610129032636924	0.062093545292109247	-0.3090373114750843	-0.01657468649012664	-0.27812308812880165	-0.33026441118375877	0.0829919947276305	-0.157653198825713	-0.5128077818760249	0.450098032571485	0.08528358010049279	-0.581900774475022	0.864445354854048	0.3305301003330252	0.3691199716605756	-0.2715778096427427	0.3988042404043325	-0.8895560806616177	0.02319635598347964	0.7744816881893237	0.2815938028298685	-0.014191940059055745	-0.6409927910787729	-0.462170354791662	-0.32130515911081603	-0.43585349730632983	-0.2883854114882351	0.037088563059593065	-0.020723551593239797	0.6040648892949599	-0.6274503764991084	-1.4794825888244492	-0.07481335720931853	-0.02726881195487897	0.2697800176652023	0.638883489527473	-0.5388513053031223	-0.14463664825972478	-0.1918181778641562	0.26495906675583486	0.19843052185392476	0.055460945303427496	0.12742900556639866	-0.45315173782301077	-0.724837472580554	0.02235490664127465	-0.08134748808241381	-0.20893939652447374	0.17577492601645306	0.49527008353468643	0.6420339338638253	0.007624849793225818	-0.16031483544112676	0.12698186130335457	-0.1108510483016972	0.17659319585836372	0.46180775909831795
DTXSID7045811	17.365476949628416	5.34092920226701	-4.65341397558398	-1.0798796967200524	3.150580833107981	-6.216024420975856	-0.7927998937602349	1.6752597355861836	-4.913936454159055	-1.0242991208561534	11.107404599873457	-3.3228570332064904	5.081302842011124	-0.2784976221116632	8.246325879613368	-4.595675059897935	-0.30468519438552916	0.5212626820454278	0.39063537015523353	4.946319519220029	2.5831765568013227	-0.028061923422297904	1.7799857401223678	0.8495225167012816	0.7260138946786677	2.1803505461574684	-1.21146766570583	2.8191882080473443	-1.8471832243301671	1.6268997785284374	-0.9478709122495899	-0.49064348099404265	0.17890582018752202	0.9837239761307801	-0.49994392253259734	-0.688350386841804	5.525263831708985	0.9023308218100119	1.240294156594828	-2.3010199143487453	-3.209899698921061	-0.29850375320049016	-3.733889116342991	-0.2742291747859897	0.8531134729309231	-0.8546258667597565	1.9539497430727202	-1.4469947767592237	0.13792409045805118	1.396843614561317	0.514452409829556	0.7243493271462873	-0.1607464532189066	-0.9240483287310237	3.4779124457940185	-2.203390057193019	2.446743964371913	-0.6138477845066509	0.477311180963944	2.3670150357955255	-2.6980456133875848	0.28444206163412145	1.2860540324259613	1.818734684706008	-1.3511483676051972	-2.318989946659902	-0.12125046680242757	0.9720435389715435	-2.426549503060545	-1.4494185016925738	1.456578975940429	1.6916486613180628	0.08253902188468004	-0.8416425770609635	-0.1996671433213414	0.9435328558437882	-1.1153732063621768	-2.661554244274099	-1.2219639052162514	1.6538335932461998	1.1702680530596734	0.14443683589217887	0.32801827597180827	1.4782824822407135	1.5125126226053074	0.083589621454122	-2.3872216409147025	-0.6856323624446895	-1.4307517705614452	1.8864398058880392	-2.9325594352143862	0.7524980562109514	-0.06157499723573696	-0.16113616834071276	-0.03192905160856357	0.9422796083137626	-1.238994076019709	-0.7408931089524086	-0.5921138586161357	0.17874574639345667
DTXSID4041238	-2.575986963364134	-3.167358768830812	2.2615390398282225	1.2230080743566278	-1.2287336232573596	-0.026151869231209986	0.26178167718121526	-0.7625800188006301	0.1230495630405879	4.611589660736995	-0.35097816538039384	-1.2000517069368597	-0.23601638448167644	0.4182018076451904	0.003803131404715203	-1.465739408493267	0.2687818003631183	-0.002052040789188	1.4466590214319694	0.05014058935534252	-0.583114214368996	0.9077991947657895	-0.7724288081360927	-0.2775550426378574	-0.17925697813434607	0.4206260949567462	-0.011501020582104372	-0.2965183246710064	0.24779457215203607	-0.9625601472659581	-0.05467394378709214	0.41366237754992186	-0.8826524816246313	0.715738742273871	0.0071395434232083485	-0.6526307105250965	-0.4803029307562264	0.36142017002408017	-0.3126988819306132	-0.5579185283952546	0.5267401307115682	-0.1854602394105685	0.2597898713354677	-0.19852024561129078	-0.06482070613669876	0.29734627743930314	-0.16486124511877204	-0.09510007215436285	0.0646343101546257	-0.36863790941153174	-0.07201093622830398	-0.2682120195738756	-0.14945380566964897	-0.20178916455694348	-0.29211576834246195	-0.29327188677449606	-0.3553832065813365	0.15629149989960836	0.003279563686674603	-0.33238963853319825	-0.2685088112463581	0.10501487988554231	-0.07338802282066463	-1.2298786741631562	-0.04551105951280808	0.18686760691160473	-0.6168259872289762	0.15198706606459603	-0.8248328135592151	-1.108569806781813	0.5352366774866347	-0.652881468005527	0.9471354547336372	-0.4751755799244432	-0.07891108671411157	0.004266241593929963	-0.1612715100258844	-1.049453157840755	-0.2660859811302718	1.1138362803440507	-0.7939805980884735	0.5049748598039411	0.6875013875955371	0.6408013739330246	-1.0151168778688904	0.26782974446160296	-0.4076466659036946	-0.4118838852640579	0.706130355073799	-1.010567804335308	-0.0013993701272117076	0.052765797004511526	0.08805385585443665	0.20624377102075966	1.4475509716278676	0.19759336462873647	-0.36654638497898673	-0.30294095269844484	0.6211289596567725	-0.799800548336373
DTXSID8020381	7.628486947876648	5.862766130297109	1.841465849337166	1.6701662622608433	-0.8936969795754547	1.725626491694677	-1.2226147982070603	0.22855467856207062	-1.6032711258579047	-1.193613959853152	-1.2151572477707724	1.6256324958019164	0.8590165713371624	1.9769175917057995	0.6884332148335233	3.670478688713185	4.524487549688064	-2.247510267548628	2.054829677797709	0.8555794954553072	-1.5430562156459653	-1.6018868267107933	-0.8209584451907598	0.9618186317706914	-0.9163923551837536	0.026939887945175486	-0.9482130508548565	-1.0853989147007277	-1.3866575239825072	1.1097993099211356	-0.7188044369154911	-0.8059481337012752	0.5180925364588332	-0.045660658793595384	1.1189410149349035	-1.0991949118315303	0.3557379471349269	-0.7047144562011988	-0.43319120482055956	-0.5299773092717387	0.9501487940725237	0.6493581603667341	-0.7866760890315524	0.40351330297962035	0.33929035780550787	-2.075297853148174	-1.0531709469424264	-0.3142312894430811	-0.2352658986660225	-0.026854698075243415	0.26350038328764214	-0.8089371013138288	0.1733229553936795	-0.010239855241448409	-1.4557856272562855	1.6702054325913025	0.7403136850616134	0.29278748203330485	1.523617369550345	1.0458095115453903	-1.3032872017167028	-0.32889398320698726	-0.5474892563192812	-0.22762769874260053	-0.16599441407528898	-0.41100225424942194	-0.4153240101077018	0.4565762463999029	-1.6388090904188826	0.5659579500329592	-0.7936222016128716	-0.06619347654134027	-1.3109975129563205	-0.1824749046237821	-1.4461647613504918	-0.5273045509533592	-1.2735433320876104	0.4649385120662636	-0.49425102594717973	-0.33896339895667055	0.36199705534879245	-1.0561624252981567	0.2529776001500494	0.04005839358678616	0.028576562602745128	0.45595657198234774	-1.0412801969449044	-0.8562488230541526	-0.5487127875268654	0.10217894862266522	-0.4028251441467566	0.27464071517062194	1.045043216152828	-0.9342045548802022	0.9313566234590209	-0.38990883397628123	0.4516837346031278	1.0079808135879242	-0.7242458586284954	-0.5033012929563511
DTXSID2046412	-4.2204740309626	-4.967826653527678	-2.142561260453474	0.42683890070053676	0.3463307163577376	-0.8617968427047982	-1.9773254497479322	-0.6072403323108849	-1.6577563233360086	1.5619102529422109	2.6137876955202963	-1.3291380318362103	1.5783265634840082	0.0074267156763849485	0.5416035990887272	-1.2709985225700884	0.8146107727935827	0.47912331111092243	0.06918492807516477	-0.2859066961684181	-0.0336496185070768	-0.027839260542095668	0.4433387288475769	-0.09289895958673797	-0.6471548973945781	0.21811690823764632	-0.27221134179730044	-0.2066693047658331	-0.3943160149337671	0.046073992093470816	-0.08475087299414853	0.5154695260333295	0.11821467081595513	0.5363646155729797	0.15814118104660532	-0.8832356547354407	0.5598948040080824	0.08825838078853641	0.4769823447189334	0.09209396744619687	-0.42529826796203263	0.06174655609414606	-0.5339025537148421	0.05448735538844996	-0.4122283395127639	0.05394466899216294	0.21177503253861107	-0.642084215071824	-0.03604532919306045	-0.02692568782921013	0.07226278304673585	-0.1593075364431852	-0.12269090076969964	-0.14663378178314018	-0.061314956489008386	-0.07831564148890355	0.4791962888475236	-0.670784148830833	-0.4098945056020676	0.19429629572272245	0.08200586486557332	-0.1639364858152109	0.2781841535561215	-0.03388162071531043	-0.12257827082789796	0.42666940572581136	-0.3003995481073967	-0.07521435916192003	-0.387310428998322	-0.275207382718553	0.23483342988570047	0.10954939852368781	0.061264765240690584	-0.24415144279517648	-0.43904454814392496	-0.3297758383560729	-0.42185301463601965	-0.07122435075701956	0.2001631801911605	-0.5958278796782329	-0.16966466748063275	0.004492400607657154	-0.01088354769409595	0.28509415743857464	0.07008431232783413	-0.08417050120594566	-0.4098738507622012	-0.41062193005882613	-0.01896292556358603	0.02344013671323041	-0.11700100684985207	0.25455777140218394	0.3208139723825524	-0.028626536343196316	0.4082364534008943	-0.22312139194617014	-0.34139848405431145	-0.34244237293670776	0.10446210014289166	-0.02930177786755781
DTXSID8044751	0.012773982661615451	-0.6290053148840485	-4.643596733000508	-1.292995902136276	1.0291807754435822	1.210619388066431	-0.6941642789251155	-1.8337546409544945	1.0697246438020283	3.628223654178993	-0.31660248612111447	0.5871735097934079	-1.2733260485637836	0.2504804692115014	-1.5194451217935432	-1.4601273908223016	1.0065860118762957	0.8875493936412859	0.268120761261572	-0.8051268320167473	1.7750817970491355	0.0749147032281377	0.08205983509119469	-0.6841019145309245	1.6815238041886515	0.9615597125122717	-1.2917367363135506	0.3430222688322862	-0.5270579564404764	-0.34266915270278436	2.022898098095285	0.631894473077817	0.22116915547484678	0.146423647985394	0.8580885141219167	-1.0661019589865484	0.40984655784331653	0.22653540527294852	-0.05176032086874417	0.49330541349502416	-0.08798661942622547	-0.025066839935739556	0.8095382301757943	-0.6188915239104579	0.4142245254230487	-0.6467231507275022	-0.5316660703579638	-0.6950344387643326	-0.3301103445623087	-0.39892193130625136	-0.1672013341815972	-0.49984499106013797	-0.0832692044875493	-0.3795100437209783	-0.5859354930297657	-0.00781820128015933	0.2408536669542984	-0.46417934507209013	0.21118867552286985	-0.03983823069625425	0.32971341761329287	0.43310008321184157	-0.052990327671183765	0.45829760235588163	0.7569932598467047	0.4814827225773	0.32148937342035017	-0.41357882986926675	0.08248110472889893	-1.4970887137363356	0.6621416404510071	-0.4589052911864132	-0.3574587113239505	-0.8192320695000357	-0.13015380242786004	-1.5929238199038651	0.37430742679836987	1.5290982273208116	0.19295355263503322	1.2211940747775503	-2.5450168418294346	-0.5439182751103512	0.6882383476057198	0.29005033742009945	1.006883442977963	-0.6142819201118235	-0.22579256303625672	1.2088414665831582	0.4038470740942191	1.963881406127225	-0.4947777443782303	-1.5754889987607643	0.8102434715335102	-1.1804634373600282	-0.7905113981333679	1.0695482804848053	-0.31105316173060693	0.951817458902798	-0.6309568040542292	-0.5180126464694278
DTXSID2045575	6.818472854816756	-1.4040895311450479	-3.3515176696705034	0.9738581018474237	0.7643969446080483	-2.5821312337117774	0.6992731995195673	1.785590376024355	-3.2175487407285415	-0.6688171546607348	6.026747545273316	-1.4667326006943175	3.187926933570583	-0.0685881595368498	5.236015293505932	-0.2504491732854637	1.29410467803471	0.03957673314553649	-4.807285213120699	-1.6743784174574277	-0.9399536819314989	5.292849809031527	1.8516445163409478	-0.12302449645007424	-0.41548610974568034	1.074759575098428	-0.23023263744499284	2.332513288764038	0.033079048054243734	-1.9303302208259414	-0.971520600428503	-2.5680312251564295	5.355295212356417	6.071935089501788	0.0966392383208993	-0.27020296426114737	0.5070632848550546	1.6492147491803877	1.8707231469314713	0.5797190976625705	2.9566303541444197	-4.827404308038363	-0.41503493771499433	-0.4582641936667117	-2.3991338468225787	0.25549317574217806	-1.7307050613952515	0.31894035407871735	0.41312836566947264	-5.07912474910348	0.4516759773660972	1.752978405800522	-2.734582934472478	2.57334997729898	-2.3085744111612607	-0.6332446337626686	-1.032643579863916	-4.304433636211444	-3.068958041429518	3.4984540826825135	-0.1660777600238186	-2.215735216848293	-0.9722808464260848	1.2455190201743227	2.8630279686448037	-1.3309915577095124	0.40296952646795553	-1.867681268160096	-0.7037256941310311	0.7292046714250042	1.9301801486892072	2.7378863754756133	0.24686894577835664	-0.38132055958276817	0.6062781426927465	-1.3143166339769004	-0.9243409193717704	-1.6418916086942006	-0.24177436846631514	1.6933890466914105	1.6462431140092681	0.801559063453325	-0.032485359083940644	-0.6796244658273296	0.543652962453598	0.7061669799431248	0.29864878054153726	-0.36692886267486907	0.5014648709219914	1.095920631023506	-0.2932864569771812	-0.02204069482139633	0.06004934088891063	1.0771394802961154	0.7102769577000434	0.28177000268896363	-1.4273640642042853	-0.1826533940311092	-1.2175231014889167	1.3841192279939314
DTXSID6045244	-0.195170673273441	-1.4965292120450453	-4.019041473965629	2.9496309266987617	5.274815449131508	-0.9287697234243489	3.3004382104619667	2.4215149606552786	1.5882605479485965	-0.4355484389736519	-1.8115295805982647	1.602998415930525	0.8399822583293215	-0.7581154414050625	1.5049859094099027	-1.5757874744860594	0.03803598672127992	-0.24350824174654073	-0.09495452591496056	-0.08152776800964233	-1.9890158861035971	-0.9103436326380863	1.142136082950896	-0.20102880765132455	-0.3532126129014462	0.8326570397426927	0.6548679045275697	3.3694128938769548	0.566043602446817	0.7657108572166188	-0.0832700469965372	-2.272974013996475	0.4318057985942643	-0.030044687156859037	-2.0823997235981317	1.1513793554782483	0.44709065981235996	2.143132139150802	-0.12852899585451374	-0.6411556881768455	-2.2038914306045703	-0.6964727029848959	-1.8887498260010238	-1.9440105020304597	0.9044453305190043	-0.2942409731039306	0.726729782117484	0.7179773579476929	0.2962875136581429	1.0931279891626329	0.22900183803470542	1.2892158599892884	0.047895283949112785	-0.3716022193026953	3.3965105506842637	-0.8742502882707495	1.913543708326621	1.989463279247639	1.7443872589792941	0.4318708816720371	-0.8121053709714066	-2.234204676460399	0.5257662986716048	1.1449424987248276	-0.3944522203150307	-1.8222480165469437	0.30779497995733096	0.5491075192340232	0.07592475657037329	-0.3130617580890195	0.3535763998079794	-0.01716122549944438	-0.0030738623620779754	2.691144405208724	-0.28008888573102037	0.47848817553409007	-0.32982043607782974	-1.0073228967679393	-1.0420423454199745	0.8232234538242842	1.5291998525573012	0.19684279859225623	0.7337674468856386	-0.40017422287928317	0.9151997034402998	0.3047696419474252	-2.4043081027180255	1.2981216781834122	-0.6342889663555263	-0.8059493977649148	0.7061210812420549	-0.06895511759814107	0.47128137343481097	-1.4219390148624813	-0.06462991014330434	0.21215411529164588	0.6627844407648122	0.40777237016866713	0.8112787596437216	0.42205631360236395
DTXSID4027781	40.20979484041632	8.194173463724814	-22.64458447050246	-9.720912666073849	4.621782142397455	-5.672537711414511	7.844753542363801	-5.294604670449101	-4.458417478905958	8.021727246655557	-3.6462882116648583	-5.132871057918931	-9.539137780865106	-2.099788669594853	4.959256403378756	2.827682094414712	-2.035790891641487	-1.4428671214163715	-2.82535245214667	-2.473493767729494	-0.9512508002535038	-1.0183851674367412	0.45094852875382446	-3.4868700526535465	-2.429831038719129	-0.019425383650918514	4.069839740638574	-0.777899642282684	1.5662607400451125	0.7677130743034801	0.11769112292467952	-0.6467463324915734	1.5658353820511126	-6.978700603272017	1.0971726486365392	3.1648210576227456	-1.3001945948687443	-0.7893953218444253	0.5096945486827099	-1.17025374544264	2.6056495833896856	5.319432788123554	0.5232581758757089	3.7860107152923166	4.315166786818237	1.0464878221810787	-0.1906778873031064	1.442889535942017	0.09201782463941216	1.749642103747906	0.967688177373387	1.93483441269032	3.0722908439121577	2.289024662275035	-1.991688990344402	-0.7654069711708158	2.0216541847098766	0.5064450440390413	0.6099107042388383	5.575652759512162	-3.254293148699258	0.3861839036863245	-1.7319442613390021	-0.28080107582390396	-1.0856920100112424	-2.2266431645058598	-1.0079279469753375	0.5305911994161793	4.564563809122847	2.4970634425733773	-2.5746433677275533	1.3248022662892665	-1.342001591983742	3.428162118437751	-1.1855335497555743	1.8465843744170796	0.9208561650287372	-1.2960777835574107	1.1952519292494332	-0.2831578436970202	-0.830632344968964	2.161322025109859	1.3406846232079723	-2.4903551688241223	4.535707158031857	1.1306177064553968	2.163732248965675	-0.41464984777301644	-2.182219368758182	2.3097021109099094	-0.9720766498171758	-4.78937355692773	0.0005422673278171877	1.4797576912989894	0.9546807990441232	-1.4389689464256838	-0.7579569764866766	0.5168954237411832	-0.8868279141204486	-0.8246621298531464
DTXSID9046071	3.8080312400062817	1.634933809223753	2.6432850831843653	0.6186801251552655	0.7315231692165055	-1.9300799880417052	2.57931139442072	1.6978618489351558	3.2845521666362427	1.2121024165634418	-0.9545422988389617	-0.025834649685110976	0.5190545793421184	-0.7512295870659224	4.343646362076521	-1.1669949712993777	-1.7391260692745045	-0.39411514006605786	-0.2017159880262158	3.3289696222118628	2.4052527679573013	-0.933851734159567	3.5031466141414884	1.2768684996687776	-0.13072140144774466	0.11736432338560729	-1.693432583901229	-1.1070213426366673	-1.5151394780443757	0.3338424549930032	-2.279362045208134	-0.7089017891965917	0.2107702546449551	-0.4420105021857727	2.4600692745945008	2.559431483470126	1.6343905073959155	-0.21032542653458858	-0.26154077806565473	-1.57670874093588	0.6930419256651563	0.2793508295522027	-0.8307315255481778	0.5322927040914165	0.6748446347278982	-0.3982891884185031	0.9993330973349684	-0.7543320841432498	0.13048004568440563	-0.0034761677308266306	0.3591556486325399	0.5627192545145026	0.45222777396444924	-0.19653113677513886	0.07614122962322926	-0.9497592587139065	-0.6914692851342605	0.19620366114004528	0.46326372760278706	1.4391601854161935	-0.7221425033789558	2.0089295060441783	-0.7481952512760793	-0.20744712955171307	-1.1266033613100943	-0.2888793313453358	1.196929063026481	2.404827089699623	1.0537966867440591	-0.36727212862597786	0.9331852924622985	1.6749291525540198	-0.8110297322184848	-1.8455189694550338	-0.918534565979719	-0.7595555284564055	-0.3627955548816662	-0.8002078848704108	1.4829987936524358	0.409362996529777	0.09800434655724467	0.5035588882814851	-1.318603007756606	1.4890443744221218	-0.6543730412409337	0.5691019930718955	-0.12745032425210012	0.7605713249495425	0.3780772885355189	-0.08345190956651231	-0.1941807296098634	0.2325530941577929	0.6875955844326624	0.1621887668568462	-0.11115872411061808	0.5418871047359444	0.7551194460898992	0.2575779542474871	-0.7033418913798507	-0.7869301044821865
DTXSID7040784	1.0078043103320768	2.6927840490247266	6.06971482672969	-4.266425727413646	-2.0562640518658424	-3.489099641268756	0.4785454877574806	-1.4541571740169248	2.081087298848821	0.452225796814675	1.2978227542648761	0.47135115704805863	1.6814529385338723	-3.0422437268154234	-2.9626927038819937	-1.053065792329041	0.3983597385671256	-1.0763216415676773	-0.24699434525123865	0.6937034715803867	-0.2176258327690469	0.4306370726253217	0.09675776843002103	0.051467591501929755	-1.0249578356005455	0.050932688797252226	1.2264492552770705	0.0914598537338886	0.2620029115709142	0.9843663341490799	0.7508443107417789	-0.5980330147174149	0.26858887611452575	-0.13999334436847313	0.4652641302097545	0.296454119315217	-0.975779551622482	0.25026618827009894	0.25952977413564216	0.4763245301070966	0.08593558377957503	0.4580528527333916	-0.29704841129774806	0.20526889405620175	-0.41091735561104176	0.10070900224466044	0.7216225079660334	-0.5025939300210438	-0.15458631579165794	-0.3644863507706384	0.10231974867924168	-0.024132197091006335	-0.09047044500877398	0.1802421624193861	-0.15346160834537537	0.22036480542740017	-0.1480281101687941	0.14051718647016365	-0.42073181080534167	-0.7348790989623615	0.6372908888555968	-0.09102737025765004	-0.4224595333065288	-0.12622127327546662	0.5807147754592681	0.48140990365845465	-0.5668370469643298	1.117204204754729	-0.012807023999261329	-0.30721151291778004	0.1311285872920254	0.3465465545045353	-0.05940976433262394	0.02057472075405231	-0.07461616206028049	0.13882239792928538	0.11906866920610525	0.402717212650548	0.14323685903048558	0.1664098046584674	0.7716074140238768	0.34377341578031945	0.1979858287911166	0.2035378233694852	0.4602043649315819	-0.2547578382551081	-0.3691538766855464	-0.13637027316656813	0.6627659492787279	0.04579575371217512	-0.12636068936423106	-0.14956814491594095	-0.07457647103418358	-0.21861025189335864	0.09812559202770249	0.010179526298635715	0.02388971871797805	0.24296364942530965	-0.03639651762042233	-0.07878780396942911
DTXSID6047078	-4.269877938688345	-1.4460137128459485	4.054754470850862	0.8277573344688398	-0.2993637869211446	0.24301205076207993	0.6955833187785463	-1.4205129709031603	0.5415936160344351	0.4878944817485218	-0.1454508119608166	-0.2442909172800346	0.37830746825037703	-0.4252991710534063	0.25475542126458994	-0.6357670803462394	1.0603423119636828	0.06496939454163746	-0.1198474638736239	-0.7587423315453504	0.06583612974084033	-0.6673848696015725	1.5788042164507252	0.4296835548100867	-0.43190237446260565	-0.8269504792940173	0.24537984606806307	-0.07395961399427468	-0.09794497950189068	0.27062592712407574	0.393186643647742	0.4660836546871149	1.2577334166789866	-0.13997205364089568	-1.6196793001857999	-0.39943725195462965	0.2154931845421525	-0.9915650479438847	-0.4922735229983959	-0.4181744596529126	0.25290034795839983	-0.07640838955009675	-0.21509945202903424	0.23495399290831273	-0.08210657347345732	-0.46983716201707654	-0.23320449536179488	-0.42669919827711744	-0.017726081850195755	0.07144420902539336	-0.03539345695011696	-0.6052686131909719	0.08429437656818237	0.16592209981040945	0.03144348493306405	0.5115752940364167	0.5063266109133235	-0.08534624185014104	-0.007408946509860523	0.4224973263532636	-0.10356924069172838	0.33449850498196404	0.08286548126534378	0.45998515571616017	-0.8198280517262498	-0.03881865273713462	0.566761174190052	-0.7513896967078366	-0.03474962099660443	-0.22640039005927276	-0.2097153866880246	-0.10973661439096073	-0.22729947020109006	0.23561414443089332	0.4268911968257796	-0.5587629590095513	0.03573447368998639	0.288087404138578	0.40722529580428246	-0.43211935943532315	0.17922542099183844	0.1340600904944293	-0.21754134801613503	-0.09267817393184856	0.07382819595903023	0.01795771997878393	-0.17631343491646717	-0.34929767926234534	0.08849731950331506	-0.06373193130758736	-0.09376526251028802	-0.23527327032616033	-0.06276460315470156	0.08183928823970792	0.016081693715771863	-0.18230690440804007	-0.24173643515029042	-0.2536253476594505	-0.04409339133772018	-0.09929332557564229
DTXSID9046526	-3.6525341404256912	-0.9557850598933287	-0.5570806155388331	1.3530163547261351	1.586935230428942	-1.0532021635523596	1.4827488233226966	-0.29508883416912385	-1.2907416128068891	-2.9016383538646746	-0.1636259794407637	0.08372051846165077	-0.6670642527567222	1.7547332864343808	-0.338578296118037	-0.7656305925588062	0.15510669885582382	-0.4565321297338485	-0.36776043465214947	0.36070489727884525	-0.474934829926287	-0.7579920068970321	1.1481056805543952	0.3108452894846656	0.4336932104068164	-1.4496485219416844	-0.8068897826228056	0.39540975612641865	0.768006642075124	-0.903358374499627	1.4711324210959207	-0.7251304086338473	-0.2482944207714712	-0.5851044772082901	-0.643145766650331	-0.31439255116492965	-0.07768675479766252	0.41448570017992914	-1.1512155924574166	0.33210208925031803	0.5034597736620826	-0.1738903505328785	0.3220291638942959	1.0810546756682087	-1.0485731825522155	0.0005446916198758745	0.3296970559533094	-0.3075203171433946	0.3962860880297094	0.4757590212822708	0.041377350801247846	-0.2859225783393924	-0.1829885026710608	-0.3594288526375086	-0.4588428164512555	-0.3870191835991845	0.32303184276516705	-0.3778627031747833	-0.5380429773029606	-0.8310145845555219	-0.16108330345642435	-0.3860713761876241	0.9129624794299992	-0.17842909116551706	-0.5520128220198701	-0.6007277967959597	0.0546915179344622	-0.2586063467124524	0.056182882390915845	-0.13198258087727782	-0.29689002387338165	0.4088547500037913	-0.4789063718035719	0.07277891767865649	-0.7381133867328291	0.023194086623972376	-0.25379274487868503	0.22117964899922354	-0.18616781139931435	-0.6528552782104564	-0.1972206895194441	0.0877346751118248	-0.5649963417415117	0.23455536784785705	0.20006900083781992	0.32318397097133367	0.07405687701582181	-0.21302730631557182	-0.05016376771432786	-0.25604323369383364	0.038786856085669154	-0.08101140833845732	-0.09301874409882835	0.054905195473591545	0.2414359140062581	0.01865372292601226	-0.374816914280875	-0.1559552504683775	0.10473297237075249	0.06302145160706676
DTXSID8024781	0.020199862497757952	0.036638279870515975	-4.184696985915483	-1.984610637897779	3.8411394910612686	4.401935636622522	-0.9859997304104535	-1.9590958048647698	0.8663798138452061	0.18641039596668074	1.6533144623833615	9.525818082699473	-0.16295004503653904	-1.3593054673879774	0.31952323549731987	-0.284910077232461	-1.6864342876572018	0.28518309979652906	0.37477840586974676	-0.7025754882124828	-0.283736855307659	0.3538059921641092	-0.5814767792905946	0.1338435775208977	0.36309054406716074	-0.43476948489579315	0.1517074258502472	-0.9107504213691586	0.2537568295736465	-0.07476184654073213	-0.8917270433328098	-0.26082375492358223	-0.08622622983145618	0.4894005958744166	-0.04911524707658857	0.16181390790066952	0.2528365891967944	0.067503135836557	-0.2617431731467232	-0.12089648859518493	-0.12939554377855753	0.08992247932040368	-0.05229130218702638	-0.8093379246845915	0.10502678639464909	-0.07020592300629064	-0.16651884306799425	-0.3385182058325704	0.03269015049031418	-0.15909638725324388	-0.11292188637060524	-0.21248865517840304	-0.20020289757303558	-0.3238848375104769	-0.11089795720594281	0.28344953719222854	-0.1850752687899439	0.03705613450136163	-0.05679271478255543	0.38480247653048966	-0.08323642381325944	-0.12812692201377116	0.16176536185293444	-0.06774105372872005	0.14254205273220102	0.22533669048158836	-0.20105250300713703	-0.024645799649775327	1.0578061591034624	0.10738785086736746	-0.004628577346183275	0.23441863043878822	0.6409694160759557	-0.13917841982705564	-0.6374216501021137	-0.504570052494013	0.5514337240175314	0.6096979003770403	0.5456197283626407	1.2873640583618788	0.5677188893406805	0.16559260683193794	-0.7234589393984944	-1.3589917738984765	0.12337046482357211	-0.75531112937332	-1.9378344244508474	1.5580682019409537	-2.0298949189814652	-2.4717492987096246	1.3614719772290473	-1.3697559023180768	0.05325527614536902	-0.7366460819245911	-0.4030352555383536	1.4499258189052087	-0.3571547024865506	-0.1547253842626591	-0.2944386133804018	0.4859289397028703
DTXSID6023735	9.016188917357228	6.206472471185438	-2.532879643145059	2.8525252016679654	2.762145798509436	-4.873872677528134	6.101472313525134	-1.1350970280344235	-2.5213956450999406	-3.339257545780999	3.0853155364446883	-2.680749678637724	3.092654262693292	-1.842579958271051	0.04358747991148649	2.6569913378409975	-2.4923599628395543	1.23555541674344	3.3934499347659295	-2.0452014803334566	-1.4668013240599789	0.6480412640498874	-2.0156662312043223	-0.8301987916569938	-1.2259677836742817	2.498269838598844	-0.9878396966670929	-2.19322652849571	0.2608808525248902	-0.2842796140948393	-0.5455283043073632	-1.9646970148954386	-2.308164953269677	-1.7989457550431887	0.8554194605687003	-3.916495139480625	3.080228748109584	-2.4438135075273717	-4.014798345143012	-0.7171086129593135	2.896658080473895	4.395250431635721	-7.412513045543007	-4.295991904049212	2.8436391340800062	0.3364821844544185	-10.619722307230687	-12.093218941311532	1.3781418095245277	-5.7583957568140125	-8.734852172850227	14.288195520677947	10.928555154769482	1.5949149294875093	7.568837930026458	5.67097004991278	-4.0414784189241875	-7.916782505193894	0.6130723722022791	-4.434162010209143	4.771364423584674	-0.7440716867341499	1.5618565911971223	-0.034955200629860204	-0.07384668278397039	-0.07761772192704078	3.5805435380498625	1.4129573281429326	-1.48058387628171	1.1723238552271529	-0.5140272908193244	0.12034995604366759	0.09374499344309718	-0.6573453137613506	1.1826694226542949	-0.023634062787331885	-1.065757464554285	-1.8616615835494699	-0.4801834721953591	-1.3321076583183336	0.31504037217421144	-1.2527079179667218	1.881950477630454	0.6670590317072901	-1.2342085601259076	0.05165703541843549	0.8273995824338457	-0.6114282793543239	-2.31893218395879	-0.8143448694107497	-0.37744952881984506	-0.3438429057697722	0.25524892677419064	1.4531809881021627	0.43319794382719756	1.0964316758294257	-0.24282911125407605	0.856639106659995	-1.282112662574012	-0.4615697434454323
DTXSID1052294	-1.0145139625801418	0.2408873228684605	0.9768128585371146	0.15244160234658596	0.9006734227844715	-0.8438576143264152	-1.5762293672387777	0.4806610412562598	0.10864082816179574	-1.3073786905057048	-0.049513640983570126	-0.08175460053435643	-1.4351187828007776	1.8430351753369378	-1.0355461006678877	1.3270068622508981	-0.6162050884556627	0.5495183220287829	-1.9088932540249608	0.5201013872648343	0.34350412794988106	-0.19543018941721746	-0.20779038987137222	-0.2641637275278335	0.6236285686441239	1.3806350505425764	1.3868436149827577	-1.7427034814723397	-0.3364225197206619	0.3882541137001647	0.27237841695434956	0.4466807483776831	-0.5432724937756342	0.11306788266333115	0.9758921521225831	0.34765201531531287	0.4379130051030351	0.1821414795772815	-0.05674511623604707	0.4655778527046012	0.6309995737527107	0.8155930070368103	-0.4103930668255514	0.004936559197327244	-0.5161703739029095	0.33626652890067377	-0.3602998959621002	0.10330122199110477	-0.4957146470647876	0.5399675600944378	0.2528593954108803	0.2535038328782865	0.38846008650332875	0.2713369524960955	-0.24911134717487168	-0.33084139886684627	0.7110872174401434	0.4632937994053061	-0.32286796400277673	-0.05921857508463928	0.06988950457953713	0.6873245310307523	-0.30566536755556867	0.18556886456978763	-0.1327517835865026	0.07592741473178362	0.08860267303735202	-0.5011689528876643	-0.28306884846097563	0.611016286630365	-0.549629380154554	0.4057754650138149	-0.08758495525859633	1.0821235792659882	0.7913291053192324	0.6692805464192115	-0.7739354079207541	-0.24490766696974678	0.00842990752977645	-1.0686085346219802	0.42576341633226233	-0.23566380311476537	0.5710123821749381	0.3072638060182328	-0.03951876030662979	-0.35677855733622427	-1.044240339407363	-0.11940086802888322	-0.056272407998305594	0.3335157604408621	-1.0780219839600966	-0.44909332762571896	-0.32560003099054546	-0.2386263841469164	-0.15304978545029405	0.43151368568750104	-0.3216184817898831	-0.04381479686284183	0.1233572280308993	0.21825108826065476
DTXSID4027600	4.403681073903368	1.4897122818322215	-6.621085645411432	-1.3629216422421169	-0.15278604712681956	1.4791088909973362	-2.8896319152631373	-4.801885360934881	-2.1735639275905068	2.899856501448113	-5.009160240093381	-1.7218159300530456	0.40650652836801543	-1.0842948686626572	0.2805239404424432	-1.6509048109790971	-1.064608802652975	-0.5738076474987313	0.40159398262102797	-0.2646652512057564	1.173332253880709	0.6734497858234992	1.2094787928913486	-1.5464904956939214	1.0335379515023955	1.1928847369251947	-0.3218850323606571	0.36536520351951834	-0.4049792895715253	-0.3361911822669191	1.0504506468125971	0.28891209162112097	0.11325525069367541	-0.43358182360316533	0.17045352876488243	-1.476059033154413	-0.03701586844465588	0.8898079396169511	0.5451520560091757	0.5872584745403138	-0.27624404246326817	-0.06433092079269835	0.9858593045530936	0.2251291660648698	0.378661482427476	-0.1192105032927718	-0.30907960467366447	-0.1742183745484429	0.10274666755561544	0.2990519487308796	0.22037566265829842	-0.04202345049899362	0.5303188244868245	0.18632783069021874	-0.06043389640534883	-0.09602375411442712	0.9302509728134986	-0.48311318469904063	0.4344164153325784	0.008596466534409604	0.47298960839372606	0.42612712793813434	-0.49347812192251034	0.28110559023125276	0.8333220549217366	-0.7513264642210522	0.6010815338628315	-0.7585127128828464	0.35306306148717415	-0.1271138675079383	0.38652257007612545	-1.0953498925355711	-0.09716114883098961	-1.2450650986645615	0.15463478569116135	-0.9395894755210883	0.47382142075983497	-0.1263441282743702	0.6419922204036289	0.3143897500308952	-1.913145468976201	-0.31015959903935947	1.0478159821777897	-0.31783322501740174	0.8392683128057475	-0.4116863040523234	-0.27152882123797967	0.34647792830238033	-0.30769132612216243	0.9944019651925138	-0.33025090209836844	-0.7862210750062876	0.3032171717873604	-0.02085105176617953	-0.25728328278878876	0.28501539880853005	-0.1318300039452455	0.5898905803664457	-0.11375949734331074	-0.12770182040120304
DTXSID1047285	5.964613529869467	-1.609662528535128	-0.08879257174663518	5.43889095193343	-1.7279674466865458	-0.8057776342000645	1.8561218580859193	2.520077870124381	4.637551358920695	-2.1532740938306385	-2.2867068327211637	0.11318655858541057	0.2644087565553891	-0.1762472710678072	5.578274264430174	-2.045260942799398	-3.092512282692397	-1.2281258114772753	2.0168637049545994	7.41860419784786	4.621191102324974	-0.5712230898119179	2.027774757837527	2.22279361304739	1.0663186434494347	0.042050884122345276	-2.2813581769136544	-2.147772836605904	0.35876074831201743	2.0579169932995747	1.54034390860404	-2.084694511368665	-1.042071552938614	-1.460319223771156	1.899624566645118	0.6588651849190297	3.7855898822291723	-1.9107964253175191	-0.4176621433104907	-1.9483627564723576	0.9190422883271525	0.3503616849276722	-1.4229334469275312	0.4382461484641049	0.4424479639105389	0.11320695899409462	1.235190556497224	-0.11969557468919845	0.3614414441711022	-0.3695876981207271	0.17079930810997979	0.3302250626627012	-0.8774219971559821	0.6399414362238988	1.9894860766602753	-2.97373932152148	-1.2828985610909993	0.34623521470199187	-0.31821631773407844	3.002435511646742	-1.3820978857712367	3.671397078779718	-2.4282892340094504	0.8322049335547274	-1.854121637682851	-2.078514152291557	1.7752925471525072	0.8609217169423142	-0.806012014182464	-1.030072883458961	5.935545223002094	0.5138054707581927	-0.04879878878535812	-4.9678585898340835	-0.09379600225499263	0.8717783225787689	-0.1615738567359811	0.03366039558256218	-4.845133609958419	0.9616665682917964	4.106627914798264	-0.3223356917480731	-3.1252165543072388	3.329994766080214	3.1101383886794207	-8.717443765499178	1.3697105338500168	-3.320897978884976	1.2210321121054766	-1.3223630611927277	1.8451348512127987	-2.2031016220303905	3.786384083127055	0.1133282671655312	-0.21986186930249946	-0.005692772599638996	-0.46275528513322695	1.3541293211884124	1.5879976305535504	-1.2025404180790038
DTXSID3044332	-3.125253989345954	0.1531905834420531	0.5199170003760347	-0.608625651169232	-2.2605234817762287	-1.1958606579361606	-0.47485078007227827	-0.18688985853068954	1.4557708606746274	-0.3746342848350567	0.8489537886395937	0.012743583639812902	-1.0074609742971068	-0.17093135873470566	2.0709153647900576	0.8246142500692512	-1.7485921552317805	-0.17232966295921873	-0.509580993822603	1.1892577853072002	0.9954099726139273	-0.5367922198949601	-0.7994071319940961	0.8893450131536967	-1.849377665485785	-0.4735862022824225	0.016494550358987774	1.1288235023416382	-1.109568780573449	-0.5209435758772892	-0.25497551168304744	1.028327452242426	0.8246357264734705	1.3691896197754398	-0.4124921443660446	-0.6935346189027608	-0.9427161861051312	-0.24689324989156636	-0.30217969611214235	-0.054574324065907114	-0.6183836635193135	0.14561277028175626	0.3942721662753054	-0.4612002644857175	-0.31314944943714046	-0.24260383245342446	-0.3297569357144753	-0.058680836992365835	-0.10827163084043526	0.130946310702175	-0.1463033713151189	0.030298664301896656	0.3542506880838931	-0.5279294386001083	-0.832825226328964	0.5981036032351018	0.3699549443962516	-0.0015021682902060629	-0.6687294844846544	-0.3912155157651872	0.19122794906389304	-0.909161926413474	0.8136059321823531	-0.13348564024538967	0.41001633992887054	-0.1829082213494562	-0.3723123606075681	-0.3003479362376827	0.11589556550864642	-0.08082926025092273	-1.8404412957776768	-1.0074216529055264	0.5269788739415985	2.0882828870103225	-1.1706277984593776	0.8974203784067694	0.32848999394042516	0.4942595486049587	-1.149334815056319	-0.5806488428718384	-1.6122737601087709	-0.6855703153372671	0.11907334739305846	-0.8860292721197406	-0.7729974271653777	-2.1262365567186894	0.5097599964493313	1.160308967527125	1.0196930276272165	-1.192107978980191	0.3497041264102471	0.08784044279983615	0.10612085969100013	0.45329915399679466	-0.4907186185395328	-0.30679451523840223	0.2333457115962524	0.05022027532565505	-0.14768986640121518	-0.3543171235309299
DTXSID0046062	2.557600549957514	4.687761022784047	-0.282648376794205	1.0679255693420986	-2.410210183420891	-1.6661637656306965	-0.8377445687622089	-0.28132048523909103	1.1940342879359023	0.27856680228003805	-1.4082795040242835	0.17190745381566855	-0.09176075203208828	2.6829534062777936	2.785101183221504	1.9027544202245217	2.3532210494481127	-0.1269170522749689	-1.1125829379164145	-2.090321227950142	0.35069869867679376	5.707368765563861	-0.48398491275017796	1.3630604919980602	-0.5668858591720445	-0.10815586955106035	0.2554539079016038	-0.9739139388696048	1.2031563843322437	-0.4550000482531255	0.4437909588563876	-2.8555356487576415	1.532314312870497	1.1589299243925428	0.8414475555824414	0.2665102232783889	1.1317105568084793	-0.11781364777827553	1.8124407619954994	-1.6892189773615138	-0.7943294087286735	-3.4574080968967964	2.7370029314597946	-3.284326868119353	-1.5535707653275008	-1.1636171088897536	-1.503465485641242	-0.7145564887495308	1.0355093321749647	-2.1203615512960154	0.6521924600606694	2.198521871198622	-0.7202128795079978	-0.4043979179329454	-1.9066716342589793	-0.6804005378560242	-0.793951592776412	-2.3821357656600455	-0.048518075879462615	1.2904032856013363	-3.0016136376150793	0.5660604974981065	-2.081273162511467	1.0009532892529316	0.34401207736401224	-0.10984891254304582	0.5907127352552788	-0.8834656774541625	-0.05930280905782277	0.6498669293204248	0.9351345951137845	0.39902006968807574	0.13178970866687262	2.077911237760376	0.3873687389937858	1.3138451473460417	-1.7048559762674165	0.35713876681395407	-1.294750822511801	-0.7816929331480614	0.0010470454176440694	0.045193371031176134	-0.2883104883530638	0.15709902774382115	1.3492889768404048	0.8421866814602319	0.7162078784642694	-1.0872941869368662	-1.4854973423342763	-0.09040449388633244	-0.6729694919519843	-1.9229069992158752	-1.1762743638446775	-0.11114770104776528	0.4472098052700375	-0.4785821504762426	-0.5786236833322541	0.12113239720990726	0.23429510092544859	0.8464068186887715
DTXSID3048867	-2.8543782325961304	0.21913285602848015	0.14011420754801004	1.375747157656454	0.750849030163876	0.8923065644745759	-1.6876773519682209	0.48629534436018523	-0.5797245303070866	0.6549191562815767	0.4218350131894687	-0.8732443974761199	-1.132311747705957	0.9419309767701003	-1.94440922573668	0.5852553271853873	-0.5959127721753337	-0.29056162247933803	-1.4387947734743327	0.9223450917512171	0.06648344085162154	-0.2720065097265122	1.2604417068607312	0.1282969397321851	-0.3773155365820047	1.3362071664102584	1.005635651499251	-0.6531327206890988	-0.21733294317832721	0.20583167205886221	-0.11170374662820902	0.29127717834762124	0.11549649033571613	0.6973468092846964	0.7107798868987467	0.7609662279194941	0.29427481636110236	0.34006938992814784	-0.6109728482447258	0.15657691852751565	0.668693809343789	-0.4455253068202432	-0.18635858107218534	-1.0030954572946507	-0.8949974556257214	0.19511499135137586	-0.08399593086204324	0.06726757790784461	-0.3024612803660544	-0.17696095538519158	-0.08103318377815996	0.31057468273539685	-0.049117115861997206	0.026118117957090285	0.09430488419445335	0.1095977997394964	0.5851829437959756	0.5774088003049842	-0.6078062972485728	-0.8587289327547242	-0.01991623634654416	-0.16967021128473678	0.05083409320117277	-0.021699153628166264	-0.0757597326808832	0.5706581162548411	0.11257216063212185	0.1793408781722328	0.012701595589598748	-0.33309357772516623	-0.3606200597971985	-0.7064533677192872	0.4510432464759681	-0.6600333790268322	0.04758762657280702	0.5201397427224157	0.5038862176978093	0.19910491673974642	0.5365181416821634	-0.8674203332193726	-0.05459660087984566	-0.14795177069799623	-0.8139650504680898	0.6625553576704468	-0.408937615466215	0.04114912095346979	-0.21811180659769847	-0.0361623465256467	0.05559059032653194	-0.4018422092046463	-0.10425502431909005	0.059030608122544084	0.3427969607172847	-0.04182418385809672	0.8639241197169408	-0.14945301158985302	-0.35515881298241614	0.08620134208603453	0.01894325164947497	-0.6356563915523681
DTXSID1049063	11.66045999616478	0.25071465574951785	-1.6538047804635447	3.416424993134272	1.280041217120835	0.31950364201851794	3.390262374254376	0.4773678844360438	-1.8641162379250704	-1.0970388106909548	1.940197022468775	-1.087529361433631	0.8034268001225964	1.8651988697322655	4.041064632828247	-1.544941916264325	-2.3539436395483437	-0.02356908807688243	0.012821279040912029	3.750336722464612	0.8615014601189139	-0.6035939794989807	-0.1192420689378893	1.8301559473932165	0.15339481570576965	-1.0106726415219849	0.7900957067918448	1.549192332839005	1.047983766744674	0.7539603753820829	1.5174318069648602	-2.170287765564688	0.26828769380776624	-1.8800871738491354	-1.104874390867358	1.2805566503979744	0.15857644501607898	-0.15853784344771596	-1.365410102453898	-1.637838471187685	0.28091404304158946	-0.5258942070456053	2.549223141578386	2.246043957957236	-0.8596875856297473	-0.137354803663774	0.6427442910226274	-0.3030347360560536	0.6844555457392125	-0.4379353636744548	0.7550455688372292	0.4784027882038497	0.28967551524065305	0.6776491789777156	0.8852605173151166	-1.9159327791417393	-1.729045475891075	0.2750850322485492	2.6360850057016023	1.0467064932806325	2.1568014812432814	3.7928734963205835	-2.0539785046104746	0.27007830412464334	-0.2510663365991336	0.7813661812991032	-0.048332035697210195	2.1241080802852665	0.35409835503509707	3.5319558187158187	4.197258136512105	0.838148709875612	-0.13285855601010607	-1.51705493251491	0.16690975549246667	2.1090597672050753	0.5209686384582972	-1.5727536082508122	-2.0964408463812587	-0.8897514027848877	-0.8635485057994817	-1.4870087132846845	-1.6918941959515164	1.8815751800627887	1.1898148192264515	-3.125799172461381	0.3762134514854891	1.1257361141548656	-1.2575957674808065	-0.1947045828476809	1.1236214097705137	0.9458455800613438	0.5132433158261398	0.026628904345923105	1.0536416332101988	0.5630503023839303	0.19908267202614957	0.5766271807688943	0.3760797737134705	-0.22894068506176213
DTXSID9045186	-1.2947516251101303	-0.1528715900395653	-4.228652686027455	3.889436689859401	3.2664981444697276	-2.3225301145954287	10.007963177038796	-2.1309297484583087	-2.5526727140562455	-3.990634189226325	1.0737605725679598	-1.5391746289486807	1.5961982893479723	-2.6847317689022305	-3.4374915808319257	2.6660755772849005	-3.0905333286757974	1.7607694767762312	5.116831845685098	-3.0937081516704703	4.347997820177986	1.5046345177291072	-0.4256029501040951	0.5402234630097039	-0.718965494837444	1.7487580633484798	-0.7304215105546966	-1.8771655598197217	-1.4843326364480454	0.5508062851707036	-0.9286562782509795	1.2144597823541952	0.15998261043563322	0.7362561559397112	0.054456031681366396	0.4424439006440288	-0.3144084608146279	-0.28559967216135046	-0.0816730307003557	0.402181134987224	0.2382398223077206	-1.4567327684667923	0.5770971576305872	-0.41481121284226286	-0.13822214110620837	-1.0923350666254437	0.23667651936927453	0.9782159241447997	-0.28783440869900395	-0.12607972243945026	-0.6253510669365353	-0.46394921701661407	-0.823400690727437	-0.6619796392777454	0.5588684640336741	-0.2073220000230788	0.08479870233174491	0.1983993342959758	0.08841559448377324	-0.23667345613774243	0.17616550490764626	0.18545251329878226	-0.174698744920856	0.23322619438937553	0.5514718904997548	-0.25832850778840527	0.10636876188594956	0.2841514431208806	-0.246533676912073	0.1608394727916694	0.26023617441651253	-0.26783210113494554	0.031537046555747426	-0.16063473302241668	0.285260416508783	0.6400783979965858	-0.34574591582088227	0.5869928573865223	-0.009401419466189002	0.5471894091741885	0.1773185753202694	0.1546316879330103	0.1691300656480848	0.17097942082864584	0.13737381880350738	0.06504872710295027	-0.02902383684054231	-0.023750576661315265	-0.2030619978951817	0.120267669350011	0.7180682969229855	0.4295918112108891	-0.15357560711846216	0.4399885043715872	0.15913977497257153	0.796769776292286	0.37215164179003135	-0.1105856777559201	0.2813985578148646	0.37367721450013125
DTXSID9045843	-4.452272976112556	-0.2197181408814066	-1.489066155509328	1.644269704302016	-2.0794894657748846	0.1772741779484698	-2.8433620262954977	-2.038689808829652	-0.7726794859433753	-0.8862749982698807	-2.336879512028516	-0.41554727986717316	2.6624790445542277	0.16534201497943957	-0.23142014370326752	0.07441248518947045	-0.48505372933062774	0.5247369953643514	-0.3433509868623314	0.350404558156252	0.399279651180454	0.24284356112287228	0.1108765608387587	0.4527636083270644	-0.35531851276131327	0.14797139113491647	0.6077532409081858	0.2889626896617798	0.14935163854647232	0.04431920968394724	0.28213891700492005	-0.7396394566490557	-0.5132907490014121	-0.418386748724376	-0.10119244192885458	0.36076398166673557	-0.7070649072043713	0.18193856751364593	-0.07747142933919521	0.0024708123602002123	-0.07882647809757103	0.32618316811527953	-0.1323648507741571	0.4742359192353157	0.14375892148701996	-0.2300749151518294	0.5028331152778702	-0.5078629565354447	-0.211747364603815	0.29941219439513145	0.016651405540713253	-0.20536085572299306	0.24081706294469932	0.13096911006717882	-0.7770713798312731	0.2406682398358885	0.05797523463926738	0.0435258086474328	-0.48226273034153705	0.2734517591791431	-0.4090779829911273	-0.3619532828419866	0.8415978767908949	0.3579534543849384	-0.24620709484107758	-0.25938758384688065	0.053718237843000644	-0.3228627184024658	-0.6602164363821866	-0.3339126372662806	-0.5448644663956032	0.47667880845393557	0.13213859807277678	-0.7998541023116977	0.10933229913938476	-0.43954498742177966	0.22700217167271358	-0.19266104910842874	0.32173225492573876	-0.16669841542025068	-0.1965643444953869	-0.3336158947234134	0.01956746921059475	0.1534760043731304	-0.10344783655471186	-0.09013637627534635	-0.16557487358303302	0.3627302666123786	0.48766535631549957	-0.15037115966552045	0.03058194283471954	0.0796712085937603	0.47724521138594944	0.08218347090147549	-0.5490287325835477	-0.4206623213230214	-0.08931616357791337	-0.07191807121379223	-0.5770045430663224	0.17767884139456114
DTXSID2051895	-5.403687011656855	0.12372360388630378	-1.0153062182568369	0.02474161540202615	-1.3733876330166161	2.055477744180736	1.505757243599142	1.734790046602612	-1.2257300628644952	-1.6099442623684055	0.44419296434027383	-0.1513591886506406	0.39278852268064784	-0.6950997489939463	-1.3238604603404847	-0.49066893858058236	-0.20896277540960784	-0.47487236912583236	-0.8419626885907121	0.891280327611424	-0.817882025599306	-0.5162818014340866	-0.3812380559531638	0.14423534237468086	0.32027735924551154	-1.9713139875949883	-0.6286866571885508	-0.71219875572819	1.0925247327290692	-0.7424911315471188	1.5173221046414014	-0.42949964021177195	-0.46080832313081044	-0.37152095310006744	-0.2013829727243665	-0.28195429324219334	-0.19229728514094677	0.0005311524710846883	-0.995822224464309	0.1464445826227147	-0.0021249087470478164	-0.3041981810092397	0.4345401295258462	0.42470082773484985	-0.2906792148897323	0.1267149481871436	-0.3294757603287442	-0.014092272468772218	0.48626188482420546	0.5474566952943625	-0.07260316515943245	-0.3279429426848495	-0.3891139226816435	-0.2913369111490437	-0.43055213869568815	-0.24836803482936895	0.39561645432472753	-0.5693090886645867	-0.19061281240224673	-0.24776510898742468	-0.4674736026581102	-0.6604022541911567	0.8118358299126285	-0.1709323294267764	-0.3242107677847824	0.07014766272412203	-0.17554373945103682	-0.18069155015021837	0.43445641636223553	-0.5083050460031904	0.5245490710644868	0.6672699280697207	-0.11768998645573311	0.47746392313039554	-0.4611630830273468	-0.21810887323443462	0.5138824155152628	-0.6267324770400525	-0.4128511601112531	-0.09427663727500356	0.0325030302737419	0.08023188729380987	-0.2927621718689961	0.24061921967355165	0.16519177798697493	-0.10131252606849606	-0.5819212815723023	-0.02884613117397807	-0.13230758663085443	0.28882453029958366	-0.6031697664040955	0.2534453627555205	-0.6963577656144648	0.37937773841933137	0.00038436187027880524	0.31182079884127795	0.7520421671677251	0.3425867290451999	0.4968383179521303	-0.20859859961789184
DTXSID6048672	-3.64789612868667	0.7589579633963687	-1.276652751729919	0.7718514168587418	1.2411762798741355	0.11842810485465297	-0.8153909963071246	1.3690477330660007	1.6171638270936142	0.25691711139738505	-0.2652106018122476	-0.8013740729632003	-0.22372152063470804	0.39312619902711693	0.33952422053406733	0.8052939452086101	0.07724747904468168	0.1412384649739324	-0.1921515616757646	-1.0768144397670958	0.08011366938376965	-0.05233134734929066	1.1025435684186489	-0.7189804855365887	0.3124738511902164	0.5575980304979165	-0.20942740946294602	1.3412242038886284	-0.5768475054363631	0.05179000542893642	-0.11513988712233869	-0.581593234566296	-0.4320230172679523	-0.30825440399635884	1.0285120260685554	0.8544102208570434	-0.27771936357267074	-1.1452706385285818	0.4934557315305491	-1.5835980313781015	0.4999007401195864	4.495283022890174	-0.011908464063612992	-0.21716091980727512	-1.4014283503957348	-3.9875167444891146	2.1251929404064205	0.6973774956624654	0.9163016911420149	2.087245705814966	0.5610523630351967	1.5510773941670755	-0.49869361743656143	1.1164826460496102	-0.9246141618476252	1.5541991695044888	-0.7067163245183855	-0.7898103096994458	0.33446448618248653	1.0959455052248837	-0.0894069511962848	-0.7831897302650703	0.15992133664386593	-0.1709120025720662	0.8990453946444378	0.3694859886601775	-0.23614577480446064	0.203474483824909	0.8530862502434442	0.3231448925090204	-0.09443278767577405	0.5371352257610188	0.11538514289381431	0.4908762415312086	1.0330078088238612	-0.5441352214986463	0.3742501574829157	0.12034588050991944	-0.08792586266479313	-0.3869213890646477	0.09964659821775937	-0.19821554251234572	0.2850027852397905	0.3213698244591425	-0.4731226578297213	0.13850001603561746	0.28649703493211237	0.013245574957572033	-0.1579050818809097	-0.08523893518639146	-0.001582319139692441	-0.41399247844918224	0.2966155298787829	0.24693502309019055	0.3492545232899858	0.35002684275687534	-0.20919828947151783	-0.12119964312060504	-0.055648838058422606	-0.3996588252915626
DTXSID9032327	0.1521548592249132	0.5697324945407727	-1.9093669648878056	2.2540066763455915	0.5580138593708223	-0.6890800522045153	-0.9049555747596274	0.5726784222577246	0.16406890729002543	-2.0723756624181275	-2.9686231056531494	-0.6930254663999842	1.337591685971457	2.609326738127981	0.5393680187729963	-0.05844638734869676	0.8195381127543004	0.9227574388693593	0.9679832040591496	0.7981717357071737	0.4095689547177349	-0.36543010654916663	-1.154563687377688	1.7680131986132979	0.15582624618775673	-1.0328802252944052	2.42929882298672	-0.6979392487394213	0.18418211609617877	1.638153379531483	0.5740523741014492	-2.6906229254381513	0.9493645033691441	0.05178360545492613	0.3189608238822151	-0.39493229773348043	0.7116009138747349	-1.067872992200412	0.5814573089736794	-0.6774314507602597	0.7938342684504043	0.6094291585476843	-0.8185453226121967	-0.11277199766774786	0.1261139719084753	0.43496414130269406	0.1554055504818781	0.289346559324159	-0.09336117505853397	0.4876397730808274	0.26003301210788377	-0.08618170657674884	0.3240753825733669	0.5864148566342238	-0.0016057778285269654	0.6942312193608274	0.343024874600566	0.2804086253245569	0.18681081664502733	1.23198587412855	-1.3128867698809972	0.19745835296244466	0.5594732640032944	-0.8366868402250993	-0.46341773726999536	0.4492360576119271	-1.1731096233798552	0.2207340431443527	-2.2569431529842423	1.425934043282301	1.1328632250022266	0.319320116615677	-0.6008042052860054	-0.013217083338722844	0.3324973437593698	0.4405867245774846	-1.7313339782559218	0.8014995641247014	0.6081742054777542	-1.1423889143239894	1.4263162408058765	-0.4860343634019337	0.7848184413678072	0.19041146116734212	-1.472790602088163	-0.03863506273843293	0.9218722401610718	0.6356735069021614	0.9132036276040123	-0.9111711478377884	0.08556642680461572	-0.5446467426770579	0.16032987537969737	0.19772402184628568	-0.6087692675752495	1.3336544924919238	-2.1467096811698427	-0.12327801041609043	0.5142969065163385	-0.8644248016820254
DTXSID7045940	-3.215350838485271	-0.043674000850762035	-0.13894366059457627	1.5450113280389095	-0.5482672468401071	-0.5408419385785741	2.796057645802755	0.5449191667303277	-1.3989481317303878	0.5490908077874521	0.08393408232028203	-0.3974143008159547	0.14561275532517293	0.6366581837713898	0.20913593983909107	-0.9229792491969664	-0.29268330869152565	-0.19807871893517665	-1.157200662918097	-1.0041585679448315	-1.7447491588322468	0.2275498205534912	2.3755807257358215	0.22044989538724125	1.1064960366976178	-2.7892273013269215	-0.3468755039342958	0.20417104200877925	-0.09475862553728405	2.251639218564413	0.4977137518418967	0.6191146295948298	-2.1264689041729503	-0.24928417054986987	0.6870156326487228	-1.517849796659203	0.9538157861501008	1.4357423571054275	-0.9367115284182919	0.9488679888511504	1.4679996213355557	-0.4243548805503047	0.6225193217011945	0.3702754483585931	-1.0187741554659264	-0.28332397660950714	-0.3299137878337514	-0.14896948984309474	0.47429756053638333	0.34318489609790814	0.23162826182143795	-0.43365817422436786	-0.11962613834546364	-0.8140162039203775	-0.5611463128743324	-0.8323999306746933	0.24553517313276516	-0.42692808747528704	0.4630547626944374	-1.3896534547470099	0.28976326934554714	0.4339983759368183	-0.4868605683188936	-1.17679982964247	0.5979239993572566	-0.4221072108503192	0.2934003205962264	0.16497728791598923	-2.0176828595093386	-0.18283328418174044	-0.34727108941552265	0.6585138286424732	1.3715058022352513	0.9569636667036763	-0.7279361773405705	-1.88704204437966	1.2593140544178831	0.33657209402683025	0.036566755556389885	-0.5703694210626664	-0.2793303417219072	0.8733149143086005	-0.43519056374818205	2.168808473056698	0.3002138620687441	-0.06931221627914239	0.11536767819932288	1.645101938736245	-0.16223456494253727	-0.4411304426603789	0.5026593332737085	0.9096576799603028	0.17042478584437315	0.8997465464503839	0.364724954891435	0.161600304708102	-0.2939495836207531	-0.16570285076802296	0.3732101496999113	-0.34624636727650315
DTXSID9025746	-1.9775910715984322	4.201037897061121	-1.0866455947016374	1.8586756508992008	0.2524644391160598	0.303722763223974	-2.2232746647913566	-1.9745212255080824	1.031928846139318	-0.6570512861369856	1.081634130620346	4.280601309146649	-0.9433278317036968	-1.239829416404564	-0.15562318001354813	0.5241283925433722	-0.39442728861227105	0.44547235654525896	0.7710916898734591	0.08607106068124976	-0.34293463314345407	0.08359056107431563	-0.9457282192237564	0.6028214470457932	-0.4186596395483054	0.5019767745718792	0.3579705488737311	0.18013283665101684	0.2682944506630987	0.13108498560260587	-0.22538174507775896	-0.9716696776612845	-0.8438720895212507	0.14954017475567355	0.2348628298907152	0.021174991779429442	0.7294151296464275	0.1990542517644196	0.013379610380743303	0.07275634893549036	-0.18734114356486029	0.11976269572529481	-0.27642776116906126	-0.15905054011711675	0.27297556291203884	-0.10974439951839254	0.1117932026865023	-0.724745152099039	0.05723264317477137	0.11258444135107327	0.09488781392586751	-0.15389935846511002	-0.05896750701998786	-0.3015067211861878	-0.5436705329925443	0.4444543063908113	-0.23806949203316144	0.053630906384858894	0.10737406032556673	0.37606971547640133	-0.3691106684551929	-0.04880990186695672	0.7083188041268762	-0.010072869008325316	-0.09870378755983869	0.1757466364989245	-0.2806124488422679	-0.5923144904059069	0.07236884756234162	0.6730557753963518	0.18276988481056142	-0.1369572216816853	0.36606509525562725	-0.6142699820236773	0.6436184568263957	-0.9245285564423469	0.10631950319118488	0.1828983749752883	0.7391036087591243	0.03401839606021262	-0.10322638365635045	0.445908032275539	-0.7401929586389736	-0.41890682990986783	-0.11423802224276271	-0.5475554053713254	-1.1590782513897149	0.4884963751844454	-0.9360834498255237	-1.5249596669069823	0.4462938682030783	-0.1951942262936957	0.5664155997177742	-0.4249688790588213	-0.03568966556730053	0.778801249422502	-0.26180806056833517	0.2971930336241894	-0.7930440923412834	0.00817322898095914
DTXSID6033825	4.862931054001275	-1.2667704737052592	-0.1344133431336326	-4.252919890580552	-1.9289949852096917	-2.1711794837456515	0.42036061345303927	2.876005914230061	-1.5946799268966958	1.5180818381457803	-0.6035695754432305	0.612949296646323	-0.815964237533196	1.4170761543976067	1.8273414251643558	2.1188216920986007	-2.1461891821214114	2.125880543494677	-0.6860902806877888	-0.9970470458596166	0.5490274284224123	-0.43541491828998735	-1.4711688144168553	-1.456453520660053	1.7305328590423905	-0.6019026199349331	0.07759332342920584	-0.5462675633624998	0.19333584489634786	-0.07440867093784564	1.4407691690845166	-1.6505151662879045	-0.9135608741154243	0.3526836924546075	-1.582448434099136	-0.4598872672940677	-0.4906447970332906	-0.05733922890252513	0.8114539135494769	0.8408307147453472	-0.32881599359006125	-0.7441917884203936	0.11243410345990867	0.5762794731302813	0.4054976944097348	0.3162521497397666	0.5178248179027096	1.4528091878917444	-0.2016802948616128	0.5107420080899446	-0.3318653306970071	0.18248501912477302	0.13161306778592316	-0.30658879968020264	0.7342728040502808	-1.7732052124765698	-0.015131351543511905	-0.4431546724693298	-0.006594029843800512	-0.2922544554967906	1.3195419309395706	-0.387387199307149	-0.651867352815192	1.2860876176078908	0.1012538090749716	-1.0104738342776338	0.1937699646704439	-0.1941120271177095	-2.028667054938334	-1.387802123091797	-0.7825397770180208	0.8043911865629925	-0.2916954488612765	-1.0579575926508884	1.07005841222822	0.4090023326591025	-0.7593665584918069	-2.2569903376307785	1.2601839227682459	-0.14438227529937547	-1.5432319563589465	0.49871788599052896	1.9359865328631658	-1.0352671583613402	-1.376666753511809	-1.133332139164072	1.095553386734279	0.561506030688803	0.9460373088064099	-1.836119849105564	-0.796265349518718	-1.7161488999738017	0.6463403838116911	0.1987628804758247	-0.5457012649856597	-0.03566415856095266	0.6883375315338953	0.3227008347840965	-0.16882590927051602	-0.8636580902278652
DTXSID9020825	-0.6422771024607412	4.12279273975421	-2.1153691004039983	3.7509047030623837	-2.2580542007937034	-0.2811215234366649	-0.09128347101592872	-1.0145299997894355	0.03946998278434504	0.5498263625494398	0.2788474777190576	-0.7537909790474309	-1.3704498347959615	2.628834707028547	-0.9240164686816059	-1.2832826669026525	-0.39977289355674633	-0.2718481271584323	1.6768084903928335	0.42799028644772524	-0.8422183429248027	-0.40533288446172255	-0.08724814670454813	0.5602137459122923	-0.4848326824168853	-0.29904442170815104	0.18340753244138164	2.0585493925060794	0.1450623356354433	0.46619777800882345	1.333606756050332	-0.5866186272064297	-1.1399171029992483	3.160451403121181	-0.2491220729479848	1.966944686738761	1.654552036218873	0.23790247234864734	4.409723144289117	0.6155053957291808	-1.1998852442168046	2.0643114100711446	2.9053329553962444	-0.1612824924773482	2.0256133704310555	0.3934719955180715	0.07036744957220026	-0.4950124193204408	-0.6645215495132728	-1.2291703548695228	0.08180516561474185	-0.9393895771084495	1.0248521086702191	0.4487441483196569	0.033713159183045835	0.6674349830245152	0.8763759556440439	-1.5357949366972912	1.1272262546697316	-0.8363150540734804	1.3550024859598182	-0.28778720820538667	-2.5577297915879775	-2.144362753053388	-2.9828586207872023	-1.3914136445487917	-0.759066958014404	-1.4821228535629543	0.1658368641286047	1.1936110434205338	0.5912949985999382	0.1935462400408614	0.8033713491650583	-1.3519431592526878	0.7276301979968235	-0.3924337740591894	-0.2855437609919498	-0.8327293661497134	0.3350591952638131	-0.8796562521931521	-0.4739283023132445	-0.43816447083369164	0.48748143508959185	-0.3598491342219545	-0.56022125914693	-0.4113274473546774	0.0819166856359972	0.0844410202446848	-0.43069172876540773	0.3710878470363485	0.20518885745003765	0.9459876503975854	0.31304968636500474	0.8102511609990383	-0.4446704972819374	0.1370680867349542	0.687341123694403	0.3313648962962965	0.8525677925971267	0.18014696037625122
DTXSID9022861	7.396626571667109	-4.055993750235971	-0.9569365358602325	2.6857144501445167	4.470255444214126	-1.3377979810020992	0.41601733107130373	4.252086728051371	-0.11945090201913323	0.815310655988164	1.5791707271605977	-2.7538991920458646	2.7102736275511696	-1.5058817794675765	2.9031771178098773	-4.005845272638613	2.224433182297535	-1.2734589038346473	-0.4439071947729131	0.404122644044537	-1.359189406910726	1.6674374333276	3.298900858876787	-2.94597705477011	1.9970227995742595	8.03315306409278	-1.3726185953561512	0.22083279497990002	-6.813929658861326	5.159606731676084	-0.3672526278733671	-4.323409483937926	-1.2487338399695855	1.8070379092185662	-0.8365202423296165	-0.39005542717371905	-0.34890154331169815	-15.68375598970334	2.73364565927785	1.1526489147411512	0.408204453629822	1.6073668034287842	3.1426872006010664	2.081049899502048	-11.435189525843935	30.577400678335735	6.658567896347809	-9.15381207805101	4.450722199987018	10.80755559420346	-32.736818594779194	5.205520808929506	-17.375566795586277	-6.233983905644818	-17.638639580001193	10.79017804432313	3.6638052438563937	8.493060424371658	22.54390773866109	3.49921856658866	0.5915957212112825	-5.3780700378915025	-3.725040148603105	-2.078613051413079	3.500750865873389	-5.741228837344972	8.03300984405989	1.5995137270033748	1.9080728573873633	-2.0630273210771906	0.7072777537371127	3.687856888293723	5.454394987164907	1.4664390956656974	2.5301727051175726	2.7507904134549173	-0.786003014258176	-0.18755951009153954	-1.0159756442481904	0.0009637229451063447	-0.40655087507874904	-0.9199039221975748	-0.14436577743276774	-0.22702888385907047	0.45212736623389793	0.7587347344178583	1.10978638396694	0.5149854004528145	-0.152355840114286	0.1827633457883859	-0.0530915730230366	-0.15148229476954125	0.5337903380813344	-0.47804202442704025	0.33462432079516025	1.1820175748769872	0.0229805971959774	-0.07991600293165761	-0.880261164394859	0.4237720273486591
DTXSID7022837	-1.5332051395852138	3.011967649057576	-1.7512344773632302	2.3147239874523544	-1.7751274702578201	2.697945499356272	0.44579691376953307	-0.3803560768915323	-3.3209910233163122	-2.1291817767364076	-3.3509074532642242	-0.20435823004497997	4.2812397043305745	-0.12375947289952174	0.2798569215734383	-1.0066531469564162	-1.853341355955842	-0.3329229848945287	-1.2124444893929196	0.478967301246247	-0.39508721058691115	-0.22688364384458498	1.5649315116388567	-0.23468123835987323	1.0159352806160094	-0.6158756715720761	-0.6868592815999314	0.20478656693211292	0.2945049211537084	-0.8434434467564046	1.0314497309282797	-0.7063074631950824	-0.7843974928475271	0.01003274966558404	-0.48953668225876584	-0.8149267754834163	-0.2510757817863858	0.9538069382410448	-0.7434743942354762	0.3721414337178693	-0.2107694558118203	0.27409927355641606	0.43886421928948344	0.8680708679868082	-0.4403761179523437	-0.1432907647099133	0.10694887268109206	-0.6127318443642957	0.6070698269110634	0.5860602720964515	0.3886094717381208	-0.24812102305069722	0.10870869988321505	-0.23068773833027317	-0.29802173791893294	-0.7232755251567505	0.8560512505711663	-0.5806788815578087	0.22825903340267656	-0.6105786079106003	0.23585185018615595	-0.24085728702357947	0.06105376847143107	-0.6195793102483507	-0.019302774623129144	-0.12824903730373302	0.316973592944155	-0.6022334981343148	0.7571381338923181	0.7692373837455296	-0.4802080639509181	-0.08619841865314168	-0.16995872326437217	0.13035257519897891	0.30677487892657757	-0.27944101107911157	-0.07322116490267272	0.40638008794626584	-0.8574484230464727	-0.3243843353147121	-0.32120500911942773	-0.6322907579857229	-1.4818775819871586	-0.3422192778998531	0.0874532839348079	0.9278902380900405	0.10305939650933209	-0.5855386909570546	-0.16554779790469784	-0.2123885967496838	0.5717962074721699	0.017470135476792797	-0.1098419904372984	-0.06325257340519454	1.1429411365433737	0.51669979729048	0.6927120210186057	0.41347243086204594	0.13802311109857007	-0.06545423953175748
DTXSID3023685	2.3879348142271537	3.371012470364481	-2.8844771884154166	2.6017925247585136	1.0014643501956222	0.8262418508674625	-5.4886881194484625	-5.850737100175041	-3.037466010319017	-1.7080066289042213	-6.274193011145234	3.9063889205049755	7.6188361520576855	-0.395114653851965	0.3040881824338247	-0.5044833463040784	-3.9889906343120156	-0.28073479028420134	-1.9864587748476201	1.4522378217128284	0.09523455723468248	1.8475629408082497	1.103200028260246	-1.4032317904562583	1.6920310170099504	1.005585286954638	0.8716473582701162	-1.0242042123538158	-0.6933754259752004	-0.20992465293549376	-1.8439176264747317	0.17968631498787307	-0.38097950167192995	0.8967163079882129	-0.38380153388378274	-0.3366718072940478	-0.9528404025633259	0.45348159080872424	-0.3397538974948165	0.011711436806949523	0.1597449083691686	0.42367235806879977	-0.17653442389313173	0.10632693763771235	0.1823459045901391	-0.03873303746125355	0.42904502246376686	-0.0004413896061478674	-0.524062530038596	0.5809305345036222	0.0653171555405133	-0.15573676469587247	0.49422304974476483	0.12506631754950165	-0.059288112519575005	0.3649413288990834	0.24308948666319505	0.3169481321171966	-0.5051793574369312	-0.642091481687379	0.4256762914018137	0.41023404034317973	0.06691771826226325	0.670368423475342	0.2746521697588318	-0.6658236464849733	0.15112994029461344	0.08633500412713507	0.6529276118720683	0.3196010801775725	-1.0465023762484973	-0.10700180736371036	0.4830884954694735	0.15174370949363744	-0.09281229594858892	-0.3025440183891482	-0.1759253374967676	-1.5670488919898642	-0.08153459278314117	0.5779130788952662	1.309152055078933	-0.05740091069290874	-0.49111596995847107	-1.1625529951519944	0.0027568981910249496	-0.16796784251378327	-0.20454866913223088	2.095280709436743	-0.664556434199691	-1.9432905684559714	-0.6131819386098089	-0.4869444374116286	0.5535676236164372	-0.703159119224675	0.5260312074034801	0.4056142269548154	-1.0451326761907307	-0.381979296012256	-0.11261404282408909	0.06990291588325528
DTXSID80382154	2.6342674412184803	-1.4177130301546668	-4.843777459965129	-12.005198931717837	4.0552495463874285	11.668752307682905	0.6297542987621686	-4.03069259713753	8.495755605801568	-0.7242226117761009	3.788559464002116	-0.6189064991391072	3.5476484528467895	6.135136798856831	-0.23160786691951435	2.184736295077542	-3.021533252568136	-0.5889750259686651	2.888441351126089	-1.0086114095435803	-2.325334005852469	1.5863612595487357	1.6473001268076335	-0.5127972820961492	0.2603366356672255	-0.26272095698507403	-1.0306907268571877	-0.5335765605605621	0.3807638482197664	-0.1665533468081468	0.4965452100375497	-0.9618936672416024	-0.1415724266377591	0.42019837384733144	0.017980762834374737	0.295922124092282	0.06863955089746186	0.14605328611222043	0.16729752995951042	0.33333564217837325	0.49181586677632183	0.2380065314737534	-0.5143408447663702	0.10538345376231675	-0.0009906335811326666	0.6840125673059373	-0.7954443821359619	0.018520669657614564	-0.34158004144689524	0.28493111031175494	-0.023388903793370407	0.02661454319044028	-0.3379709450768305	0.21218906108576693	0.32523434873911344	0.47978156378195647	0.39046146548939453	1.248087848228759	-1.1076378916607847	0.41733859171102117	-0.1697054513504998	1.0011216342759865	-0.6424817602812469	-0.6176643834189544	0.05849119971607246	-0.5229780589298644	0.30752705432598354	-0.24411471019083808	-0.06431536628264056	-0.9716042800830393	-0.6394566920367145	0.17076623711139408	-0.5529538869375447	0.5337871461374883	-0.03677140343206753	-0.6829119175293217	0.02349071706063251	1.0071236256564355	0.16774686150259058	0.1326367090293516	-0.5325058422810902	0.09913877950113202	0.006940320682251036	0.2671948764236176	-0.6887448503218405	-0.024033126563707766	0.06867563332365936	-0.8348236820239973	0.3701656893295688	-0.19818736415161342	0.20496779426388148	0.37654402174143975	0.30971861984206983	-0.6386314829628841	0.13667383948271325	0.3567499337955799	0.20556508030326429	0.17435812951025628	0.10998182802256912	-0.15883649402804345
DTXSID9045184	4.974561893972263	3.314605320884671	0.6756403043278911	1.4472665228213386	-0.4843650545123718	-2.2640027677894774	-1.8572233204362263	-0.2899133851312728	0.120520483626564	-0.8913092158535352	-0.1280576899170003	-0.07592627872010145	-0.1305860692094574	1.9499878378558688	-0.8893457718591458	2.320826987524171	0.04751517595582295	1.464380601810298	-0.8275241668143971	-0.5561453298483967	0.10890121490569028	-1.0093561179906743	1.4689810576481244	0.6113739448106269	-0.22594319895739387	1.1218963458790245	2.18898508558462	-1.2895598542498852	0.32220417902062887	0.44924116976167827	-0.07187199833617285	-0.2046174013938018	-0.6512210398913232	0.19597169082883661	1.5789990693573672	0.721085535278352	1.012702318110871	0.8322457665539974	-0.4156958367633481	-0.9677653167967835	0.047696114306331645	0.17903925286869918	0.1347339589447814	-0.9521063840028448	-0.22046582277732346	0.1629889899176602	0.18965344028096237	0.46479239315951065	-0.47898955524353315	0.4706193699394326	-0.024989632323647537	0.642410608955336	0.39762382142796265	-0.21844283244152485	-0.21025454672678162	0.11079827580943727	0.40828009981248603	-0.00783273241642762	-0.28822117034071826	0.40792578438689614	-0.5774534222850369	-0.45055636646927993	0.28179052051821407	-1.1188038576678054	-0.0871644072857793	0.4730604406590725	0.5893217055645456	0.01390867355503655	-0.8427696470392912	0.2974862735316975	-0.4556122601757549	-0.28603968087504444	0.11627309594361947	-0.428440377980612	0.5337460022572251	0.7713571408792772	-1.1575379189236858	0.26688356068241903	-0.48093144502106694	0.13121189725361634	-0.2225454556726386	1.093562008540526	-0.20716791085522465	0.6391470188987091	0.4642685719310581	-0.9412609489150441	-0.2829711115512251	0.45157147271062287	0.18722611562336952	0.49108935315161206	-0.6879703713020933	0.9030043610984435	0.041574468325216676	-0.6791305546629807	0.6834347829434498	-0.18226561935632019	0.6678217974068852	-0.32593159017668605	0.45842951702869533	-0.018899290790095148
DTXSID7046675	13.733344169979574	10.026901920853552	-4.801540484761549	1.193135295722406	-1.4822947212522963	-1.2967306988373426	4.187993940045499	-0.42670266540471286	-1.747648842192193	-1.8468854328431117	-1.21781383684945	0.19896026634836056	-0.7927883811763586	1.8394097794700228	-0.743139697763965	-0.45394765092117223	1.9499057733229852	0.5405103982771068	-0.727933156666776	-0.4706320767062623	0.86108924829797	-2.342102321276436	-1.0383446635190952	0.3934763210949573	0.821746939548851	-0.6059394045370191	0.25481360039820283	1.286628962845065	1.0603668003897315	-0.74960573111807	1.542977364132447	0.17205937018692405	-2.6959259168196303	2.551459511040274	-2.868745906580165	0.9492057272759176	3.6380523757026406	-0.1553817133959131	3.4254004216268936	1.9415238663981202	1.1103846982312184	-0.24252692941467766	2.8823263049864627	1.760012682237417	3.4189241752321324	-0.03848281153146013	3.612677640026383	-0.22542509290338733	0.4843691476945254	-1.177178607666317	0.008218970828292878	2.4347984799649063	1.4803047505107192	-1.2971333948091788	1.7115785157825594	4.809635166810736	0.9310165233970867	0.1855264501850618	-2.118666448633632	1.9647167512818173	-0.22429082750738813	-1.105483061591573	-5.032212687191331	-3.545300369344055	-3.8514680859520904	-2.3494132477612624	-0.4838761754274361	-1.402209740079486	-1.1839514376581444	1.2043140303397237	1.2884892709093332	-0.49230963638303077	0.24352201207334304	1.455549406133034	-0.5482528097687249	2.525026422257359	-1.0425667023962466	0.3349588146434734	-0.5986056726194613	-1.4284163101641851	-0.9814207363067673	1.2196532844226784	0.5357151119160806	-0.37773870885008054	1.2007274369573846	-1.9850116427309208	-1.1416843016488132	-1.3372787391458063	-2.671584524625118	2.5213383652610513	-0.25793171116775726	1.0083118801604722	-1.4298192478825609	-0.1867404961707972	-0.36709845002689256	-1.696847964300814	1.241731417102052	0.4285763481502787	0.043951538154129347	-0.8104380323597666
DTXSID0048894	-0.8975290702955661	2.0854886907713324	-1.4467053528983287	3.5356077836367574	-1.5874664157252367	-1.590989632944504	2.2483885812397593	-2.2180271691049223	-1.6906501293794152	-1.9147181366541604	-2.5292085574793677	-1.2272548024489656	4.648460106941712	0.23693752518679306	1.5067952812829408	1.7289669250930915	-4.703643058674958	1.29989966002071	1.700880096501293	-2.0813163203245977	2.232884099267867	1.2318724882524699	1.0234923205575246	-0.1737067864590622	-0.169039987208266	1.607119048955937	-0.0909603452489153	0.16214761646188086	-1.3398609692334205	-0.9983937152953081	-0.779512127291039	0.019605011255459635	0.3440316746092131	0.7974712760136867	-1.4117693377601264	-1.5716128740366566	-1.8386974886901428	0.03151809442105705	-0.4244744960757445	1.8187855862480535	1.1898134729375363	0.42111205016562114	1.001757012385006	-0.389504661902297	0.2361056549633956	-0.29084753704045624	-0.18922896356031518	0.8402357799075127	0.26153806935745044	-0.004767579317752178	-0.12255461173183989	-0.6629836927119074	0.6214879574941231	0.1519195253785657	0.454891157993655	-0.5005607325011946	1.423556237832149	0.9488660285277541	-0.047959702952424306	-0.9121835478371872	0.7692766966838757	-1.0093997900872407	-1.391313412172896	-0.11850107384434014	0.9072636089135773	-0.4262988514298393	0.18739846919484163	-0.9513251410883241	-0.38279928859216994	0.05973507818953383	1.0521746036909145	1.0320750917485237	-1.0301367696551798	-0.7814731052219307	0.5838688131479057	0.03172198773931776	0.09779264270046523	-0.8607176921879405	-0.42160128496510313	0.38180909825318254	0.25540768925648877	0.2274055702581049	0.19462739049429645	0.045788925012515705	0.025351213065832986	0.5907466278331351	0.08152567268589404	-0.3879278673593477	0.09291662701265538	-0.0513473828369905	0.7289645406330733	-0.1684040635187065	-0.7214644092128268	0.7888199129572385	0.07046196033129917	0.2942708474838608	0.102270702605301	0.039859131566974876	-0.3610647293416348	0.6276544117411046
DTXSID8020092	-4.262837747704647	1.004821105356008	-1.8965817521369301	1.3076314488615755	-2.0137877248797573	0.10328288679925555	-1.2281074739861166	0.20831181194269588	-0.13700759204476146	1.7894237688805925	-0.6495175621242197	-0.6072986108641271	-0.8456894859279478	2.886161471861947	-0.41658037607429715	-1.0197564827327459	-0.16553703898042427	0.23252473611280478	1.663852313344387	0.41818988634079196	-0.44059533708307114	0.10677816750821764	-0.18836977453188927	1.2415635959749407	-0.6843625237425277	0.13749295933028066	1.4281354107189053	0.8704562403291042	-0.23411033620304744	1.5187952231971853	-0.5032546681147958	-1.6769465923617701	0.9955976175638971	0.1985944714795543	0.7329410446779678	1.318270217019681	-0.03514663695124696	-0.9687931428166308	0.1442399797739104	0.05248305413067037	-0.5689638025905943	-0.039766572294751244	0.3073669481036265	0.3062738919048253	0.2551662903156427	-1.1852872611263698	0.41695945103071924	-0.8490629870040108	-0.25540950256853756	-0.5746317646023277	0.10769642556147457	-0.29673089975877787	0.35041977281157427	-0.07659831319962995	-0.5540711160594147	0.3345576326977036	-0.20460208033592636	0.022041706809909935	0.8740702133774129	0.29558860000704007	-0.7655501509251039	-0.40794650086166034	0.9561902466386747	-0.9447245004998822	-0.020003913859668102	1.0509702109646741	0.14932623924278948	-0.3556806398488201	0.3775148680476691	0.04403229395483834	-0.6831402151608046	0.2809291426422805	0.15611522149682394	-1.9885645972654888	-0.08442528098581983	-0.7106473187364661	0.13997999673649553	-0.301176257076722	0.5104273274714506	-0.7734202895518134	-0.3953294813812252	-0.38707546058887016	-0.5313705108397834	0.6163892034772928	-0.2454427871787612	-0.29043877559360487	-0.38724575233428965	0.3437708799349361	-0.03185672599809344	0.13147781602161637	-0.10766725906758251	0.757856968664663	-0.09186935375585621	0.08753691843921979	0.5978485268029845	-0.3640385315604671	0.35592097921698407	0.06885446379822183	-0.4466466502865062	-0.07338672746101747
DTXSID20379947	2.647251640285219	-1.6048627798286437	-4.576588147123169	-12.589340121541099	2.4011532807633222	11.865743287016349	1.2868848683854954	-4.32071741451722	8.72831875353686	-0.19258310007463936	3.907193343737153	-0.8940320218725437	3.822140592943601	6.578046680275111	0.300030187845977	2.7928584838532085	-3.111154847897073	-0.4637262295326363	2.8367255895043297	-1.6136058460934153	-2.7267890290857606	1.383659828285217	1.6646170213568288	-1.6094601875334014	0.399876632807325	0.03195805003315234	-1.714862246977007	0.3478403757580717	0.2526335460575925	-0.53760240415389	0.9882864762035697	-1.328545903081777	-0.5300257348331068	0.6574933342146235	-0.17587095550801024	0.7210019290076176	0.41985899707949936	-0.5709013164411865	0.3902640545815582	-1.2704218269376837	1.1729523680417688	3.8720832777715484	-0.43218050385850965	-0.6693966041286745	-2.319272605880484	-2.6715914281238073	1.2931944194904663	1.3729596304671385	0.544651137007469	1.9008705952494478	0.22550396582573373	1.6662994931062034	-1.4348185894705567	1.3250534721266425	0.12634621688433503	1.867506457592192	-0.2686459786142719	0.3531816120071964	-1.1003105369533108	0.5960360422146133	0.23658923221254557	0.3539309541876149	-0.7968634291075284	-0.6647932508598584	0.7307879978840501	-0.4706385854695937	-0.08481162064291356	0.14050888520340862	-0.22577136799051836	-0.9674672804227463	-0.060509120323907345	-0.3079355186472901	-0.11133724097541094	0.730090511329824	1.6453828592022202	-0.24749430804132472	0.95524615408316	0.000714292055052823	0.5275216749067163	-0.43154813659622654	0.04994466761512182	0.531038589696546	0.03283041125991136	0.31830890973706266	-0.6244633430329171	-0.03245931696823027	-0.048855152216517976	-0.5395645987408784	0.44689263654821826	-0.61133282138018	0.04600882148260115	0.11850489942858665	0.03350260921993193	0.08549599694319701	0.19027050357489841	0.19256788586671003	-0.20788257908776347	-0.3400921551231442	0.2808896837202821	0.10354782908880808
DTXSID9022780	6.147846653132613	-0.48445136360701124	-3.540661135915096	3.2607719308845433	4.783954059961389	-1.824684880975933	-1.132275682352143	4.170981328623382	-0.09346584380425174	-0.0689706998762929	2.24447071698471	-1.8808950231427781	2.359473414351053	-0.9602160478006496	1.8158350071312441	-3.360183569407419	2.6535141708445464	-0.8781390523331616	-0.8101375253772525	0.08559522218361856	-0.8686527604633881	0.9724628363031123	4.208336959905803	-2.194815566998817	1.5473361794664446	7.691567961473252	-1.3284730278106525	0.47941413730208443	-6.747186400869121	5.045750367966666	0.9667016708591881	-3.8162691882149598	-0.7056521021305714	2.1327084281686632	-1.2817008591058705	-0.668424759697219	-0.4567128552817151	-15.81329839264135	2.098053766478187	0.969416417511621	0.36910636719079765	1.2165291738331414	2.9625955996495947	2.075577009134349	-12.218420561740531	30.717611255145577	7.216355197553569	-9.420191823177522	4.1440818359400895	10.500939975290057	-33.11470356011508	4.958422524534466	-17.819497368530893	-6.450086237191099	-17.681704094764882	11.095768444889998	3.4113932472477004	8.556194199061615	21.169969702482547	2.764968689553757	0.6048878536181852	-5.529586415129715	-3.2571456227463265	-1.4653572518546834	3.2180282812082712	-6.47163453409601	7.796892842012456	1.9398321812725217	1.0269937648586211	-2.8514962402709485	0.40837666057801403	3.6036436796342306	5.753269383479488	0.5269691987507331	2.8243964261955865	2.6539340153733257	-0.756713396992724	0.3975217148446739	-0.8727353997382572	0.8700140960552423	-0.6273699156336182	-0.523600455134306	-0.5188533033370878	-0.6571148591819042	0.7679426556253752	0.2396581302601434	0.6905581579665406	0.7186565403831506	-0.23699029752724934	0.7039621295393043	-0.20745272303891277	-0.296130787498014	0.996135835426755	-0.35927027157992814	-0.14366278563057064	0.8878047338379664	0.572891346704546	0.46619866235452817	-0.1907042850565592	-0.5811921618688046
DTXSID4022735	0.8797539014883179	-0.23496537258632488	-4.194973964579892	2.006305624936394	-0.2246260142881627	-1.2478399234835231	-4.7524681180724935	-4.498059618432045	-4.9884526194668055	1.0718836772060139	-5.191868579057743	-1.8852146968239187	9.781124089634533	-0.8420739931274039	1.0266990747228717	-1.7800471268347857	-1.6589911618760649	-0.25198574112549044	-0.6228820891583199	1.6884664488253176	1.8729474758294515	2.119145611506042	1.5650002838063057	-1.3434388017476833	1.9900433883507511	0.8971938124891125	1.5646234794699498	1.558274166316099	0.2234924059718534	-0.8887534814937216	-1.599278990809146	-0.4060225927972926	-1.8717392840480978	0.8862530794788412	0.49616976671791924	-3.293092437193325	-0.3189580915334985	-1.422258107503528	-1.6374790648379351	-0.3360163084910375	-3.03743206736787	0.09583194902306688	-0.3965217847621259	-0.5761827803888441	-1.6351571914815095	-0.476624693378823	-0.9310020318453567	-1.3467482980710823	-0.24511152003701614	0.4797619470186684	0.1396790397172226	-3.431401602070078	-0.8504412904985288	0.8831656532627251	1.7561195200329658	1.5163321816461564	0.33216853730876866	-0.30178407215832787	-2.320585102795642	1.8027894916482308	2.268419465915704	-0.3933599298656186	-1.762505378040399	-0.44466665891210183	0.3623513733775817	-0.8682873310947601	0.5837425316735221	0.17250644053055714	0.12047575148156041	0.5781624987092392	-2.144013161610315	0.2807805628982804	0.36026560845322414	-0.7312266305453681	-1.1507964392090875	1.3527717013972793	0.49003459873370614	-0.3714842542971956	-0.05288597171500342	-0.14445095942022684	1.2072906309258589	-0.1162150365098292	0.1466837595629562	0.0739405346936916	0.5482941599273928	0.3658683964148263	0.3308058973305367	-0.23214145949879716	0.18293959459825163	-0.03936161735473051	-0.7132102638164961	-0.503505519143461	-0.08920238415215612	0.03151840972195886	0.3199549149113539	-0.19096665742566865	-0.5691837177658664	-0.9262667330334619	-0.10780112951977112	0.5499307609991904
DTXSID2025763	-2.8849806011138894	-0.37783625463460674	-1.7214943105875264	1.4219408416212773	1.1624989084712967	-0.06985990613036036	-1.2762653376826094	-1.3231280014997782	-0.10909390735550224	0.0628485089623424	0.6663993318137598	4.799232364379503	-0.6137910409534195	-0.5030481181079292	0.29188816842120135	0.07661763481376715	-0.4715425059833321	0.8991520127601723	-0.20065632379362316	-0.6301064099668405	0.14036451247852283	-0.22439370863792404	0.49272707897213724	0.6600553664290917	-0.40907252665236205	0.0177198842541958	0.7497514135511851	-0.11309825799234097	0.3243858045110257	0.16796656201921492	0.38071767749390223	-0.8771107606787389	-0.5478953394659961	-0.6028555147335489	-0.190405038422174	0.392403360224795	-0.07652783997335452	0.3049374953934391	-0.00601958001718495	0.2460061717591871	-0.11535786059015447	0.2892836026109458	-0.29455147657972486	0.5135438122538877	-0.15702348201418834	-0.13996568916531368	0.7570285603765524	-0.42633252793618615	-0.05873163567479085	0.22236844020443253	0.03476016140712514	0.016479745808511352	0.11979627731235115	-0.09304671544093845	-0.6719950529553121	0.007131242473733105	-0.16200736531068358	-0.0018536569295923746	-0.6506809302638146	0.20701915450265818	-0.2595114367705508	-0.5047148616060827	0.7755676678465384	0.13007344686609917	-0.208378944178637	-0.2430107771719018	0.03380662082115626	-0.1825798632577882	-0.7310131221864987	0.09913529526907139	-0.7265564062815512	0.7328309869153962	0.22313729060162113	-1.0548781387425732	0.32472834256132144	-0.32846063886531185	0.05843144966902041	0.10694410987918176	0.9074145218229244	0.4504947829252752	0.16154064891266465	0.02970373021747386	0.08345836728160583	-0.935769160226339	-0.16746863384201766	-1.0452393421362909	-1.3117036141293394	0.8638713425187305	-0.8482560896233118	-1.0280092044554083	0.6713275446482974	0.3602523398572622	0.6058913004160572	-0.3655888142319015	-0.08817475398093506	0.5396307813827309	-0.32494624059148347	-0.2440099658408688	-0.43541214166833964	0.5136503429774637
DTXSID9026766	-5.422458185311793	-1.8169081458816299	3.2853851924654722	-0.9804506914591697	-1.0706750522930788	-0.05165792854794058	-0.21912161894251245	-0.9685140359189269	1.0179057655175505	0.7371261575733903	-0.0023983972590107673	-0.3747271846448974	0.2491920903191572	-0.8956030477925442	-0.1295306632872349	0.4314893355223779	-0.034145229794599885	0.2691965719568238	-0.16014192701321228	-0.27497894689192115	-0.08342901802196818	-0.1951196214254168	-0.243560833602369	-0.7209260168419576	0.4788783085959698	-1.0752370950734889	-0.46342780024507757	-0.476086320457523	0.04241396589981651	0.05049909029682232	0.07123877458630631	0.8436841478178043	1.1809903382034292	0.31991323365842145	-0.9840695998587617	-0.021339438982564202	0.28672935661921006	-0.8541855488718783	-0.6078032276093511	-0.5948744831737377	0.16861082729224705	-0.4931839125277501	-0.3982655281652867	-0.4244051997193575	-0.05791605896495754	-0.07777267374989186	-0.6633325001874558	-0.11163668488748221	0.16449098993168995	0.039318341885775245	-0.1417158972189215	-0.6363394743636145	-0.11022054246384552	0.15626603363975047	0.2083140615810753	0.7766070939849784	0.20758512256554826	0.1946937995261637	0.12849067204150794	0.5585846860918117	-0.6570240663091643	0.4380455762833762	0.7152197023113884	0.5370813720788424	-0.8594913518086865	-0.15653645314618445	0.040683453182924115	-0.45446292330066074	0.22824225600544654	0.589651718283418	0.15863697573702942	0.119204446697935	0.35780758746438274	0.19133295297561942	0.23955600263951224	-0.19978794531548588	0.1311184082087017	0.07807435401365741	0.15619468165204473	-0.3995138265191566	0.479002680586226	-0.6948507156866346	-0.11972721023544132	-0.10483884669932397	0.19993522713106593	-0.09283084565142499	-0.6740821806354604	-0.3281424361516184	-0.2754875672406908	0.22119196736891814	-0.3254665141398072	0.542360767853382	0.08749788784137841	0.08698078914819193	-0.49858339742724034	-0.16506518129317793	-0.04099083786249753	-9.16058756502982e-05	0.0003939110494381816	-0.2564604423457365
DTXSID2021070	-2.6031389532042746	3.3700248714396386	-1.6848445542182873	4.0764380184929845	-0.3318940134241935	-0.731268416396134	5.005629527605394	-1.407756701651374	-0.36782176603325073	-2.6128612341202486	2.213185898508757	-1.5178159776548692	0.1273906983552323	-2.329339215735662	-1.8045577231815886	1.7929092088238305	-3.1212603629390787	0.5130297431912898	2.6344193378838145	-0.5797221064876406	1.1246730455797922	0.847493861123188	-0.16787750817556962	-0.1456890466415309	0.07726030984547443	0.11500306454383914	-0.8868885084690642	1.0849961337369571	-0.016698442558130067	-0.4931083360417095	1.3107770661239562	-0.7663225361038568	-0.990861287962878	0.35822874311161773	-0.6008900072727731	-0.4898924257334114	0.21515425060759188	0.6262416474621532	-0.1802525881331866	0.4902555685564714	0.4080418278288868	-0.585527910643253	1.0766710079718684	1.3077308707762487	-0.35006759477897686	-0.6919301299030354	0.06829692917147909	-0.33529857092412724	0.9151713556436174	0.6150180334334736	0.46989047160353076	-0.4346830374597784	-0.20337127568481725	-0.28642109826420575	-0.44795049089475203	-0.8917396017871242	1.0628485073792526	-0.9500486524464016	1.22236576939139	-0.734204611247863	-0.3073566098646012	-0.39932731683853784	0.705503735391348	-1.4044177822829258	-0.14757684966787563	0.2575447929427691	0.24283646892206714	-0.0031864453881918628	0.7434827590668642	1.501536237064706	-0.810249939843655	1.104373578899612	-0.2685978495251374	-0.3181771244527817	0.7026417482963848	-0.5509681019517086	-0.5860522216599613	-0.09877545881875303	0.08993102049800962	-0.6128106312904196	-0.20137160335440277	0.3614887936347699	0.18794467323158828	0.4524468148282035	-0.4219087689472368	-0.036462516011939027	-0.6576218023201226	-0.7209912461204884	0.2143028064395971	-0.07722431544424381	0.3496640045460071	0.24478739014156317	-0.3818569708949671	0.3987660265124708	-0.22797930088906587	-0.15838396549514505	-0.08660350687166615	-0.10996110254539242	0.46554019041160194	0.25117935476040176
DTXSID5020738	-2.3542237074936483	1.1428401043325556	-1.9563259474566896	3.018188950424831	1.2797019035934956	-1.1479416550706487	1.422747517028551	-0.7467044637257592	-1.607051624790404	-1.9460276334842614	3.920274965752418	-2.2199110754475653	1.5575326994934755	-1.2759815841939368	0.11680845678266356	0.8170057986056894	-1.0513770184792857	1.4685594254221117	3.171243460115814	-1.7838972602609835	2.4593531538318336	0.9078773815667462	0.817486290458753	0.5699409233383923	-0.07587195205655667	1.7548414631799758	-0.05372186467709677	-0.372858374295299	-1.0194375348866962	0.5231493263459125	-0.3826635521465442	-0.34831536236325417	-0.6951326122076564	0.43639163704898243	-0.2031887893744534	-0.04173489161672926	0.5753968902844943	0.07432832676657429	0.6309951236377538	1.0228348572325274	0.03972971587717346	-0.3247650041752168	0.025703359153712795	0.5750359106880512	-0.022055601446240494	-1.074164155871102	0.4270973564291571	-0.34882205890247286	0.18129109563809234	0.33611600891824256	0.1967804338763229	-0.25499987135649715	0.24943255288151991	-0.46720789890319564	-0.06964212232460795	-0.7865527452957183	0.9381726341525077	-1.1305960189533448	0.6433637195752273	-0.050299709750044955	-0.04521585611157257	-0.7009281260015646	0.28843017837034796	-0.3609682403468378	0.24475479880779186	0.08901912329746846	-0.031563634553706386	0.05833492515474005	-0.060379148129856425	0.6611971061194353	-0.36555407946423707	0.7814996596295092	0.07674939726783304	-0.42704676960815924	0.34381486702201935	-0.24561143704508392	0.12227561366403472	-0.3891414374062432	0.4284213001219345	-0.3845977215181253	-0.28006957617048645	0.009354986484367382	0.2146414512453164	0.07080296666970583	-0.2813113408614993	0.0646569074552427	-0.16994330204852276	0.022252849276250226	0.4090163826196272	-0.08009459886893373	0.265839165485198	0.025513552498606016	-0.0065681920116529525	0.752921846242851	-0.19172206665654717	-0.26080802383451834	0.09459657081295644	-0.0789552457935902	-0.37295284165280573	0.4326102510791054
DTXSID9020249	0.0251213771237273	0.5207359555566279	-0.6621785234261208	2.3658334706948367	0.4184213086301369	-0.7563233819754277	-0.5884041929592803	0.37127345664151296	0.8153496292949836	-1.5903334877327926	-1.9898212186503248	-0.7675077136728558	0.8770418741582863	1.7434655059653208	0.943361588044538	0.08984952220694024	0.7116588896818966	0.8670893956796961	0.9660832467466174	-0.2033084233869799	0.2092167117747284	-0.66839467056696	0.5129978893558717	1.292219069649664	0.3746314495752301	-0.7558026768217115	1.6106860811420254	-0.11740914151627616	0.1604630581223379	1.249066327452853	-0.060858556490577996	-2.268242150643935	0.19759261999909508	0.017057851445267926	0.32211012644901144	-0.4679175664214317	0.5360541148858873	-0.40467065421155735	0.4785905668682472	-0.46900582035784505	-0.12011221441148309	-0.2137447844562509	-0.17701455567198046	-0.6977713818250338	0.21961977896046198	-0.1303670907279153	0.28991275905689623	0.24576689440230248	0.16046538215249453	0.29742836734089056	0.22970539901327955	0.2136857098314726	0.365884569135955	0.048000661496443796	0.3651677849584113	0.09779139629018338	0.26038499775155316	-0.24394631422945903	0.8485032376068551	0.8954123865285244	-0.4952222600896385	-0.5452014520664314	0.09823339550671824	-0.7359580847598958	0.2369021783627919	0.8187860306090613	-0.023323344978922737	-0.1692533680502042	-1.0864557932061205	0.9856128767603959	0.8748414231740269	-0.4711036104966318	0.13829751032228862	-0.6551849858259617	-0.171037134206085	0.5396106426407977	-0.8476111910162807	1.4493984340645345	0.5197118753678972	-0.4135753942362416	0.9330690285996622	-0.3696647756778763	0.6429058493470872	-0.0037275604263004307	-0.9866921207848369	-0.22481652040976144	0.7459776257744063	-0.041849710774850425	0.546928399621761	-0.5839287606174359	0.4816128992268054	0.020345274238414465	0.23478682832920944	0.33877256694564184	-0.07409895635319443	0.6789746399069043	-1.242908491099113	-0.4331583514689745	0.6947651139624503	-0.5869516695102462
DTXSID0034776	0.13188785375515044	1.550286799862249	-0.3029331267065259	-1.7175063841730163	-2.4221873816892163	2.5969223778562545	-0.12243930817519878	3.575967998255704	-2.3584050647215244	-0.2597991733369581	-0.8464479913961168	0.8710149374462004	0.36225480696548656	0.7205617216346615	0.07135338206267892	-0.5073565524147899	0.06430057286043307	0.6069200021597246	-0.39483342168122737	-0.47724268387730245	0.5129137379457904	-0.9718358375668914	-0.5114968381441877	0.6545529810098695	0.3602400817753911	-0.8787476651932642	0.20678200888755804	-1.4066624947775228	-0.2605310388227303	0.5239475512314999	0.4208140862532305	-0.4295251604973665	0.191716735945217	0.2544281558558496	0.4974402346045006	-0.35181081719003304	-0.09577816213278317	0.24194578750390858	0.8286930977613505	0.3299826966449777	-0.7279144867213663	-0.10787371312768611	-0.027520285853021985	-0.08593893715428477	-0.12068530683357502	0.0522170600316521	0.5090770363115406	0.20838172036372132	-0.20437286572963964	0.10735925469590664	0.10629440980105209	0.10897712356602224	0.2890517559300802	-0.43443768073594036	0.36425006562348305	-0.5102331407777576	-0.003437570627254771	-0.6221608892340761	0.2662436081656824	-0.22551123919990954	0.778313980628844	-0.09393058698689546	-0.6225827310926932	0.0022535324689354434	0.5624145945515004	-0.19540057671178365	0.1314709047388771	0.6416090003947379	-1.1359321837651661	-0.1125342791326741	-0.08475342098822462	0.4043486449866566	-0.3752970109526155	0.08098304445048365	0.7241174536863686	0.6392438288059453	-0.4697027064932762	0.4601120418649555	0.11674166794601801	0.9357127456921412	0.2769529473741783	0.5368694826155622	0.8148124519501009	-0.31570220841840235	-0.4730258480751455	-0.2919242469127894	-0.16999659571743508	-0.2642856649794966	1.3823193760737176	-0.6850997532669444	0.9353581309853805	-0.5513428575047788	0.02593150234858805	0.4771981480572262	-0.6027357697525498	0.41861337115367714	-0.32919990549506073	-0.2356909335556381	-0.914696159137436	-0.1219189427649919
DTXSID4047254	3.744713945944489	4.3125933448998515	-3.718527845967123	3.830790145350554	2.91341991236727	-3.1191156494544834	4.978580670509165	0.28304925367867073	-1.048611480055828	-3.5009608124487777	0.2550721955913866	-1.3011716375123317	1.1137289069248952	-0.6162980081839663	-1.7688332282520363	1.6782686914130682	-2.1749870114040664	1.051093203273925	1.9546028977502323	-1.0061567723289062	0.8281742501321463	-0.08005175230997212	-0.04581941133199436	0.5855447093692313	0.7451745585757353	-0.5933137984989254	-0.6680387326814121	-1.0972065992397915	0.5069359431636996	-1.024611622477685	1.9481243142341795	-1.535579138320884	-0.9751935811988746	0.5860093599068726	0.7258684313376845	-0.9700306486148886	0.4812246280648191	-0.08523778083248708	-2.0542643783360828	0.5466359637462496	2.2360968686194282	-0.17025424084870788	1.6527300668394296	2.055868367693888	-1.1903630844472868	-0.554175762128869	-0.9612683929726474	-0.38622986043461727	1.0739661762995945	1.0940793676861595	0.4625939836335316	-1.0478588354767129	-0.12643171628914454	-0.5139507126726547	-0.8541552047911184	-0.7249656502956876	1.5351271323892517	-0.5463059349928426	0.7132360809136471	-1.2442277556214243	-1.2765810237914583	0.18052771121795383	0.34396060703795783	-1.322923670553651	-0.43561732044418383	0.1608324049932386	-0.660302289708241	0.9297184807147671	0.7894821260176934	1.024272186608323	0.20742757457917843	0.5540351157698187	-0.9242237445553402	2.034640416271607	0.6507883578660018	0.4417669376280601	-1.29589467586554	1.0030235020627627	-0.9541425569337698	-1.561446426996839	0.3145910411763153	0.05126231909726801	0.21336744233839616	1.7589495501865444	-0.31036717733180186	-0.08499769232187074	-0.5290797409010419	-0.12881295153100963	-1.0968393290314682	-0.5281048691209532	-0.6652635890109839	0.1460322050659324	-0.04890469561876167	0.584050415993914	-0.17624890933030024	2.182637972805886	0.18687438319708014	0.6435727954756232	0.6636638492895837	-0.22981283829631058
DTXSID4046313	9.839748377257031	-1.9735681962946536	3.0270099661010366	6.63484203640141	-1.139930124793068	2.269118599059547	-0.25375766550991424	-1.843003318182267	0.3076252925519094	-1.7838263365524103	-4.459952301897841	-0.25419801958483035	3.2066883210961064	0.5277646392152019	4.447821577818527	-1.9072949343429002	-3.836944700653605	-1.1045342560990763	0.1524240228467829	6.452559765714356	3.8932097204705007	0.6373773651102294	1.6791128094222652	0.9137443313029345	1.9287172531455137	0.1402569156163194	-0.6309974924917179	-1.2427317817369716	-1.3523363554479542	1.575014658550702	0.5526626809044006	-1.276031722609097	-2.26609227060274	0.2261687852713394	1.3585718264925075	0.9691027823026815	1.5121986153064804	0.021080105450455404	0.3667217927932072	1.0003490507698058	-0.8487808334780986	1.2269752128277414	-1.0841270393583777	1.109680166826086	-0.9691544614232952	-0.14719466362707082	-0.31217878367128754	0.6083382965635806	-0.7276309803150276	-0.09978177441036654	0.3789634846882994	1.65543005687723	0.00812453912698259	1.891737226541546	1.3448944254574482	-0.6442272562546003	1.9644874780008155	1.4006691045043924	-1.7761585356834277	-0.5630534334156739	-1.5130683813158752	-0.6903582591470511	-1.8589446541182026	3.4234396510159324	-0.43479922000629134	2.1445610332268146	2.678481153291627	0.1393539441131407	0.30849083073357114	0.5425691480728652	1.1953420153149963	-0.8755726436650739	2.501359877217317	-2.9635899605493616	-0.5366663240843403	1.3011772514403197	-1.7406467544751638	0.17369890173404273	-0.26681864743944866	2.849303434804219	-0.4204138268404616	2.2398475882713673	-0.5022882848722441	2.493274331045032	0.990287407056561	1.4069728235158756	1.4449200163301728	1.6800658750193767	0.7907346000567803	-1.1951379605393286	-0.8273240132032824	-1.3268406712594076	1.165529383615632	-0.07497726280735793	0.6868351286203527	1.2863461325572019	-0.2583125421075012	-0.6803187526272664	-2.44136532882666	0.9610138058362542
DTXSID4046155	1.7061979582905653	4.014382431432911	-1.7329374047462494	2.562323903333955	1.3881356613248437	0.25072297925078785	-0.604371682363575	3.22800633907999	2.093436300853071	-0.3916536860505671	-0.26936374899798554	0.5879683988912001	-0.6248153303914521	1.3147817320739508	1.9931145976534237	0.3949880713988481	0.5499414943777965	-0.07148026972268741	-3.2187252261345343	-1.8993925179514144	1.3752280199635374	3.0473448990078262	1.2901858894543166	2.541995655050182	-2.9296794935098167	2.754085758836051	-1.8402260416950986	-2.95721194708166	4.7618950655413315	1.3368598237464782	0.7759871481959186	1.000271751566664	0.31156178645559424	-0.7997784155104168	0.6690350331988876	-2.710389238567863	-5.494983404689538	3.0179078083957775	-2.2453715573420396	9.75796710466671	0.35166924105970343	6.760779976990141	2.703227731868072	-0.512363852715692	4.8327653453471004	1.860011842519747	4.283629870196212	-0.15380062642359785	0.6571274457996666	-2.2094821455982308	0.05933104131812337	-2.0301555506634026	-9.481934917149786	6.592546234894081	7.748805391705658	4.759342598561035	-0.37343809053394506	-6.4415817475994785	5.024447579754944	0.8255387126041691	-3.940060764818309	6.027644323844832	4.843077172220947	1.0816847982523128	-2.822292629873012	0.006263754612624741	0.6968111402697305	2.235023780892133	-1.2466643868312182	0.5090324107570212	-2.736448682922914	-2.7496797112791445	0.6659300625270629	3.512191224451079	-1.8743333264126385	0.9864811867767252	-2.946135615481147	-0.7874064121380548	3.776792727829049	1.5998448384875892	-0.33356066687589603	-2.6220492825742863	-2.1455222941845546	2.415707086060586	-0.1121245502088714	-2.092259655113359	0.605167968459656	-0.7720080981358048	0.045412980636775575	0.50018797054989	-1.4036261430098114	-0.2946931877169966	-0.39969943317274975	-1.6930637322788356	-0.2015953250136585	1.8976712158465925	2.3196716484009032	-4.029894368491829	-0.4227360625363351	-2.37526044101067
DTXSID3029869	4.741850867438272	3.914961051686764	-1.1747674491740854	0.47765784976936454	2.012579937399385	-1.2957408875532834	-2.635007058715196	2.3035711636972183	-1.2278406272072284	-0.8997930207306696	1.7680955052354606	-0.685653714842558	2.4029798118319685	0.8476271395207583	0.8384134384311103	-0.49391022350271097	1.152792810996234	1.3746383092590202	0.275350297150526	-0.7321805791528079	1.1565616754361288	-0.9425929386922561	-0.03156468515655953	1.0877808554173245	0.44445113712769196	-0.4158970496662956	0.2738581761505869	-1.027752491375009	0.1647295081024218	0.37995669537342985	1.0222299272876578	-0.21882458331457336	0.3020343553646817	0.2552139450577394	0.14732206434013478	-0.31777137536198014	0.6400539510697346	-0.3534610469777787	-0.048234791202427324	-0.07995117573785412	0.007201706198728231	-0.1637772106808658	-0.9703820968236436	-0.11338025888725652	-0.4505163523005289	0.575690892212467	0.20210622556350485	-0.11177927824236092	0.011392747559850279	0.2077093747857447	-0.27447524971296555	-0.17881165433002386	-0.1378176720399222	-0.1828602119684584	0.44611498511983644	-0.15838874505961567	0.047616805549063286	-0.4498271153619834	-1.1472424239601942	0.2308013512874983	-0.5701830967367945	-0.41797747407714253	0.22749593331932455	0.39510323157005034	-0.3063233433151112	-0.8956324857256809	-0.8455443629888059	0.42859245619343395	-1.4361171544401106	-0.4378962727970943	1.1753293606705515	-0.4663105259124718	-0.11375937556098521	-0.03896444135350293	0.425046900301025	0.5563200336963108	0.037638520471003994	1.1585820811911958	0.34643957629075983	-0.2992737651127071	0.08728086340675065	-0.3410569777452908	0.09882617947013148	-0.23989592544662564	-0.043614428991568935	-0.03624761848583844	0.6983838199993602	0.04757420808532182	-0.3078427804170168	0.5920384346726614	0.1371503507146117	-0.2529598014776626	0.06697577088208466	-0.14329803458140286	0.6057140089362074	1.083447223065421	-0.13584518423774455	-0.4801018057230364	0.31084245067835614	0.07490060481037894
DTXSID3024815	-5.047352714797589	0.5125390390682704	-0.4825278547468718	1.4063914247163702	-1.3030593532652177	0.9607983471054429	-0.22484172144437628	0.39430330809784225	0.214618805180816	2.7790089869389445	0.31350546519604244	-0.40866937368207457	-0.47924612230114083	1.251050809888626	-0.4933784036934751	-1.3847736299482445	0.16378601599154485	-0.2845970591878264	0.21553939331958785	-0.35210662008323385	-0.0934268410326973	-0.19021390682194686	1.2266855018097353	0.07681738882812474	-0.07243428891767795	-0.11397523960433172	-0.32883165406633486	-1.0818081338899026	-0.36849950723060965	0.21559663670421744	-0.19678111728556708	-0.005565229066418539	0.02098807179913119	-0.5603391609828656	-0.23171910688712932	-0.29737292450665287	0.11454508697250756	0.3275296213774398	0.09056334571415921	0.48177613463720914	-0.3794029857672517	0.08329579661010274	0.38885197290877893	-0.02845753981334555	0.19398085598154585	-0.24698682107377193	0.003570477871508385	0.10317312372627381	-0.22516345775409105	0.0804236271799408	0.010720234959448934	0.11391767942112077	0.25374059041231445	-0.21605533006205432	-0.15604345478112983	-0.256207544844944	0.3751508593750517	-0.5214496700718125	0.1982699618093976	0.023824017293986047	0.80233192567738	-0.2997384821470276	-0.4006246820367351	0.014669589808989823	0.5314967490082964	0.360770057473601	0.361270424532327	-0.16607863652908444	0.23699377046530282	0.1412959565153804	0.360109679422985	-0.3561277507216173	0.17051682583652913	0.1808478349953257	-0.23910696001785656	-0.1664041125029356	0.09348400960121903	-0.40971039914996976	-0.10677071276304734	-0.05114186557394492	-0.019176305911059656	-0.07225312632444274	0.22010824826493688	-0.4828432580938516	-0.05684928726160388	0.07304917518600225	0.13305010582995574	-0.1736554476275659	-0.4156391246569607	-0.09613715114185378	-0.50313870250617	-0.21848712522144756	-0.07468934493639247	-0.03519354937869147	-0.01924931993375096	-0.36022542496044097	-0.12829528778994134	-0.22145324829916854	0.01687172743101455	-0.008174114317872993
DTXSID2057811	-0.3113706435759884	-1.5465661578571979	-3.285731181306735	1.4457053652683451	-0.7762949464581381	-1.6274001122488964	-1.851078377251288	-0.2143839657255562	-0.2599941364316714	1.5684165559921215	0.29298830872602294	-0.44734397314184354	-0.9771143107421819	2.745775626859364	-1.7529702410380632	-1.0826635427409506	0.5576866817337428	-0.08163852350132379	0.2736185506984289	-0.5408589884002326	0.1571670992125819	-0.20770672224981024	1.0879285620150358	0.4028174555607379	-1.736999163483738	0.12952265314593117	0.03291339273064038	0.34533980748026405	-0.22718107226850048	-0.15352211723096928	-0.22719819272249164	-0.12214278824754245	-0.12617910161758947	-0.9160293622231732	-0.4908212010462075	0.09842042070064545	-0.4112982690591979	0.7386653829708193	-0.3170882387970061	-0.8058322880452409	0.008444747124774402	0.40169869578716205	0.31005031692454826	0.5115885278814899	0.3932065810494232	-0.2567587620902697	0.873967873245073	-0.22653343604542936	-0.3379117393985799	-0.1072686627951671	-0.13684124346783905	0.07890939792184279	0.28311214607528645	-0.2573211796060559	-1.086283272877794	0.26108872529775656	-0.09127501142543655	-0.14017675133894902	-0.6834169514808455	0.21787194519233435	-0.20611917619767003	-0.6251567007431553	0.7805072196368105	-0.19057131586493337	-0.2119797982183712	-0.49226978914532266	0.21638938065815397	0.1389982800894879	-0.19537484384484427	-0.11538480956592902	-0.7344704373705616	0.44844257280291616	0.37503915531403326	-1.1255152687505225	-0.9585859317307578	-0.7278356018356327	-1.0388356961146832	-0.4943225365477077	0.08587722330988626	0.29540036268424574	-0.4339701455177817	0.9111688745563151	0.34166609680270543	-0.10029194970697303	-0.08066079099143951	-0.04159972397673015	0.1757086144565894	-0.42850970461565774	0.27983656635557036	-0.03139384093599791	-0.16659281637543658	0.35536540223675167	0.11867714076152908	0.4516711537558399	0.018528282034259057	-0.18029159854468083	0.032042781289807774	-0.13344925618266432	-0.0227087976850191	0.2910964730172422
DTXSID3052307	-3.812563820786379	2.231108433529357	0.8059486972012821	-1.679313896098765	-2.5002017557182414	3.0541627954594506	-0.703030905909959	2.469522872934802	0.4357571910341474	0.27699614895171126	0.8220945985210393	-0.38763086949388237	-0.32865581538676386	-2.1376071492849036	-0.39243128248196857	0.6404901480398799	-0.9503012547091989	-0.24834686354076801	-0.6822168006696988	-0.32182784858588454	0.016711103427783352	0.10239743528315501	-0.38337578694562957	-0.7767996022574616	0.7057357357467696	-0.4868411083824221	-0.3202380037979603	0.04440624327524243	-0.21314990036763978	0.06396368876246089	-0.42530449787786856	0.20994294563773788	0.39556430909520846	-0.0753767785723825	0.3485611202693469	-0.17027991294815403	-0.3026440339729374	-0.6096470345664415	0.2707756865003649	-0.1741002865104906	0.10865357671454091	0.07918795502725401	0.14521504601095486	0.006013258925280487	-0.07645874065702891	-0.15723136036592575	-0.43365766066460437	0.2750989616781732	0.15033306918145412	0.16490389222927	0.04102865657748649	-0.0200043262462021	0.28200030183043334	0.01715087109293069	0.4451868872987908	-0.20247829116692362	0.3437683481763638	-0.0035332708514025308	0.19549542973360295	0.13010764645795259	-0.6730767058747685	-0.009480203368026867	-0.40716249843722924	0.025955367553330347	0.10455434450417962	0.25016068653902107	0.41994435846268147	0.5246871465237621	-0.3170279936657688	-0.04051485788264309	-0.059306990546349	0.10219451974323035	0.12823784921427328	0.27579692687392776	-0.7242117967456154	0.05262322863255952	0.09650130164646586	-0.3030526068610919	-1.1153370225619197	0.8846789314197827	-0.5267932648846715	-2.0206272586209244	-0.51093122147623	-1.026479095384666	0.19459241033564673	1.161412881599062	-0.5040550339987719	0.01818064710265618	0.10301611344836573	0.025213282361330778	0.44490833003124575	0.776137580976654	0.494686512446835	-0.3142309775402772	0.685938366099073	0.03145342268767049	0.3520564127754875	1.027676642246258	-0.13033480716194043	-0.54178729511211
DTXSID7031903	-4.863638039007222	-1.122775423338888	-1.9600124383705542	1.4107407825718736	1.3856284806268966	-0.5374932625579062	0.5127631139086566	-1.1683127051867601	-1.8177609324677921	-2.3157670704147484	3.0577395453879994	-1.5215701694096893	1.175496419977822	-0.5888181694627486	1.011158949102962	-1.9184594211691566	0.9908689986410689	0.019893740589673067	-0.9674049091632584	0.9731249857047134	-0.6182262234860685	-0.6093642061200015	0.13591661237702926	0.6958425451412267	0.38595835081565527	-1.7239733611492998	-0.4618842659249921	0.7688513388525771	1.0079382886161885	-0.6028184588690041	1.3743048570690077	-0.7306999817255575	-0.3071661672127718	-1.2918087735806776	-0.7064013675172351	0.6077124453921287	-0.7391140421862071	0.20758923435898302	-1.9802060127182446	-0.10251792875791155	1.0251573054648644	-0.41579143498510235	1.7986687269718307	0.30571031019893175	-0.8823969788227279	-0.185227962524858	-0.5407014933637726	0.7767007480637648	0.3476958469456059	0.15586633607949785	0.22039979473326074	0.3421255156271457	-0.019194915845431253	0.333474561604461	-0.18732385841080176	-0.03900680282071309	0.06046426592752386	0.8012022799625003	0.4751086243675302	-0.7328579629210634	0.4847475823622669	0.5008249824428086	-0.2453687751837271	-0.551544473651039	0.02036399997772873	0.587537382600453	0.2958751045074345	-0.36679096000130645	-0.20910134003768893	-0.08532319766628596	-0.24589855765749521	0.0753586331619698	0.017277145191078064	-0.0021440945370329438	-0.30280616358632584	-0.08309862306237367	-0.5746665257320315	-0.25044888943754134	-0.09410510447175152	-0.4221388136884507	0.0798679854412489	-0.10334968981287031	-0.006254925490887941	0.04244617355293614	0.10676121013106524	-0.19834693843100765	-0.3406307438335324	-0.12426270172557013	-0.05255717304002623	0.01323900735081911	-0.48794065880615045	-0.19312148507379623	-0.2386342617066801	0.3493615001529348	0.10576327310352118	0.1452186643314986	0.24774604417873922	0.18040905089988196	0.3121149442991948	-0.12503089055548125
DTXSID2022171	-2.8504397656113936	-1.6146611344563435	3.496619147521566	-3.0288686456882594	-1.5462803142090293	-2.5481197785409786	0.26767420386080865	-0.7754487587016097	0.8715663258870306	2.3597510801884938	0.3908091501726988	-0.20544501146871003	1.2238958185344635	-1.09804538283606	-2.1886374305045773	-1.1385076574011423	-0.20446329725214202	-0.644493600617111	0.2524453863593597	0.7913467459883687	-0.2404745579328071	0.7468319918255425	-0.47210343827267115	-0.06769020000177979	-0.6471333212863418	0.33887210437939663	0.6256587690659594	-0.0676977035356499	0.26685089091621994	0.4571557087171509	0.6764828646214663	-0.7894031475287888	-0.35289546245847725	0.01754871468569112	0.12793624895697664	0.13672127242568902	-0.5389432710201122	0.18473958279685188	0.20151658866818253	0.5066102274564706	0.2990090120587011	-0.01961735430465364	-0.08243997115578734	-0.21058675450420666	-0.0889790013651754	0.08237107441144949	0.08339768448359516	-0.2186195351169161	0.10886760772585868	-0.3270231779738069	0.05386774781910912	-0.10709748789449829	-0.13988541992084957	0.11242406169514034	-0.08613381975252926	0.023641915737691425	-0.08288196506036177	0.13002285014765533	0.08545473824195679	-0.3387354632750674	0.19003164028907657	-0.12997529149754966	-0.3021141664925184	-0.12078103841172652	0.25705620094674925	0.5860468728661126	-0.3442953341605848	0.21269472634236	-0.25516895006696494	-0.264941783146046	0.743240028343635	-0.09370048119639583	0.23775363310148165	-0.12700769802537226	0.034185211563254415	0.19027876037642177	0.3977546985269292	0.1128567104393777	0.31916919939244537	0.04902195231405714	0.07846146826953704	0.14629879886905406	0.0706993203359665	0.32908013978691336	-0.39919655491471806	0.05688084159102603	-0.3753237119915883	-0.4649569284859458	0.4539051941960612	-0.442935159133174	0.2503308958379819	0.05615225413056237	0.3752436242714524	0.3963224125907163	0.6550158577894712	0.4224360935129253	-0.16547548079197405	0.11824829702222012	0.7129138304419845	-0.3371652764030986
DTXSID5045382	13.584483478373013	-2.080678850674595	-3.455255530556881	4.852020031991783	4.110981481076585	0.9476518706929512	-4.605843506527364	-1.2011981062625192	-1.7080419074995639	1.0433506617512702	-2.547188648139144	-0.19512327908790858	4.0403015303240295	0.4399400686402664	-2.4181450558849353	1.3989369904395277	-4.679962034666212	-0.00180607695823685	-4.775498924780227	1.0525550934404633	-0.624291250719226	-0.030869360108207292	1.6062852760243798	-0.4452125652055058	-3.9444837364670726	2.1920985685757852	0.4962362323468065	0.6952357710050046	-1.8879265438231512	-1.330106871408734	-0.907540925852475	1.4253298073836773	-0.7126767113247254	4.260030502960995	1.7532821614742973	-2.265485124637638	-3.703665249286238	0.4516341438915053	0.8167164642593813	-0.9412967153070307	2.239764700803831	-0.45971525470342245	-0.9892145917898608	-1.5968114146959587	-0.614005753981864	0.1748832659252434	-1.4906248873038543	0.8881509979684418	-0.23688901040841	0.4052721372493028	0.4688404986099962	0.9019225404671776	0.5012721666520904	1.2241618895619633	0.2702149469728747	1.2870186432111455	2.109899697882019	2.8387834232593483	0.39574311500409326	-1.1302452389095279	0.0634665782664718	0.9573015529142396	-0.13863796290560704	-1.1688786772515116	-0.4738523976756354	2.116208880016202	-0.3522071518940615	-0.958294341717522	0.8070839695450402	-1.254366438095989	-1.6021519382732434	1.9132482971958138	-1.5890417494989977	-1.6896030354872245	0.19987654385209153	-1.055189056238506	0.22834642365385488	0.863249132389831	-0.27405547425909305	0.09434086192506852	-0.9849250125389304	1.87234985106153	-1.3683000395658638	0.7212542850083491	1.7381361977995962	-0.3075841065460648	0.7693753286128711	-1.7836379049178315	-1.3895709186615128	0.7228358750534292	-0.36158674177402805	-0.3965147396991718	-1.10538776596983	-0.8532627914549935	-0.1086050114825433	-0.1690752909049437	-1.1865639735250377	-0.020206000195204264	-0.7350009599428091	-0.2433241569983593
DTXSID8021224	24.584905976399885	15.066511514150086	-7.330445592834238	-3.320242540709978	-1.3463422474302689	1.9160576180310211	-3.7597188397063066	-10.06155161989338	-3.36521718461604	0.3759480955667322	-8.035759076753825	-2.2890821294438384	-1.4316450397955045	-1.8627040005305584	3.8663147070616697	0.7137209288183627	2.4349011309196156	-2.0351266986932424	0.8575568159565179	-2.120131160965297	-2.134353080563836	-1.8148887450319164	0.8054979167928046	-1.3180301039353233	-2.590953629421232	1.8172741456544534	-1.8695156287594783	-0.98597964813002	0.976683443390568	-0.890574937200176	0.9194204360825062	4.649960947929248	-0.30361568656761123	-0.9596032023759502	-0.5891972098774625	4.0271861473556045	3.3128478116171394	-2.247065123018695	-0.8142731389996695	1.831461274806624	0.20029367958938327	-1.8724832690733266	-2.47531006834888	-2.2386429080794414	-2.5795481988244244	-0.23692196905085533	0.5503040162280388	0.4515029152745325	1.7237879925433308	-0.2861161208832853	-0.4904552073989801	-0.21862197356544547	-2.251955801420224	-1.3245403454170355	1.7110149280503713	-1.7406516501047542	-1.381203860130531	-1.4990764315981577	0.35498507540603597	-0.6085247550959512	1.8209615202765617	-0.962563934354158	-0.20471098371650054	-0.9070547630779647	-2.911629012735826	3.222084606383585	-1.0612032957207076	-0.0005325225024005807	-2.180135101692548	-0.6399597607566972	1.8532510715051436	3.3390229680145644	-0.9543959513332263	2.0866687230824	0.41249020059380825	-0.9150865246350299	-1.6218954306903928	0.08419008486168175	0.2722438393785695	-0.02631529708556971	-1.0506889207243324	1.549185681465719	-0.3204083669267385	0.25363902195572274	-0.1421999057843296	-0.8415575393185255	-0.4838254799773682	0.2137225008750288	1.3484901459185643	0.638276156387307	0.8500705884272205	0.0908078589204027	0.3451404319856595	-0.09883642721252067	0.525415991105569	0.12143297685106429	-0.02904551391161137	-0.18815954953926073	-0.7784142984908816	0.12822773198297455
DTXSID1029910	-7.1459242202031925	-1.8358660986406683	0.6455027353497446	-0.9031922214486284	-1.2199633484657355	2.1866954473217257	-0.42890243207989037	1.420840318302624	-0.5486965832646357	-0.20398273647674722	-0.16708671325472585	0.04119955661785541	0.34643924001449283	-0.501836435194877	-0.8893967720592185	-0.2127508219527982	0.3070450583796378	-0.4007942724659356	-0.1719213864458531	-0.0676249894055836	0.145601169935244	-0.27077631048349415	0.5143617455602814	0.3873770602626801	-0.39548734686966086	-0.46716544918718467	0.14418400507103274	-0.246331744882179	0.1014549096834738	0.1444221624265155	0.38818419625476636	0.4560501225669308	0.38029715270778874	-0.41398797040825064	-0.12042543719336332	-0.10670981466624044	0.1868341299532535	-0.5399815303921849	-0.17614114978935477	0.20020311475509686	-0.21017949750728107	-0.09406245601980011	-0.08740591209861637	0.1704263296149401	-0.0023935200593803987	-0.1909514234298857	-0.05136274678279073	-0.28703480542396065	0.09018598126608857	0.1486384332127076	0.03273807963619958	-0.2547625850553478	0.0986853304979631	-0.018625977710018664	-0.0517254647423356	0.25792133285093183	0.03729736590814678	-0.01875240731481979	-0.10947210958262013	0.05298089235218812	-0.25544157345906093	-0.05949407120100167	0.13328539938696052	0.3931837714548676	-0.4554716279487734	0.044696632995496394	0.34312636958259657	-0.40105452263182273	-0.4883246209240245	0.1271897729784552	0.4293403929000587	0.28241610221377667	0.05405887377726128	0.2603921859158631	0.13174459925357757	-0.584838318308469	-0.04532432859527965	-0.4430827126260942	-0.07411450476585353	-0.07965294800969995	0.20049105602008063	-0.44493812843903047	-0.41864700234117225	-0.8279710965936649	0.3440827121525106	0.19088447198778294	-0.45895561220099307	-0.23684181999047155	0.26446992742202446	0.3868582065996566	-0.23309096417304143	-0.0786149018584654	0.19555706830885336	0.273891446878532	-0.39330662699760366	-0.029859399541316493	0.21787828465756498	0.09821212157662482	0.26795549026691146	-0.21311388233330297
DTXSID7044215	7.015194103449843	2.8061107742417355	-5.268390629638216	-1.1107300309082895	-0.13905963038753588	-0.7702629880476377	4.758946761520436	-2.368282671407036	-3.7388245910236986	-4.496635454589436	-2.4330514903293228	-0.5463299291889195	-1.29654016830611	2.402234061809378	1.023822026058306	-0.16398290850637245	-1.4635935947679095	-0.7187097280709711	2.8182382525653153	1.011381961231278	-2.6618442453445983	-1.3105826665594567	-2.145098553696238	1.3495248115148997	-1.1762206152972818	-2.270428471712237	2.787385863829084	0.33820359623135654	1.1383962991849887	1.2154796953910576	2.463927849395839	-1.62867113040268	1.9529039698724107	1.5714728911320512	1.4350467580100876	-1.392347234117464	0.3831448487423428	-0.1996831850894133	0.9108260012291864	-1.056662378106292	-1.3741486619749057	0.35014250255195295	0.348204162462241	1.242165137416933	-1.6799837545985992	0.25132827262927265	0.3694411766896452	-0.9631341440821054	-0.20617041558934984	-0.4581464074739733	0.36104518082804166	0.048365178554868854	-1.4658030469520313	0.37441876388064077	1.0165491519716492	-0.861097335901898	0.028758169779038195	0.28542729738290745	0.32759031294015367	0.18431004077027358	-0.5702077013211287	1.2995764015478557	-0.37831885962192857	-3.256915345120287	-0.24276056297699233	0.9158585501734695	-0.515726346107743	-1.1793051345523038	0.865992908945874	-0.06243380527918207	-0.6292017678975411	-2.566326239442232	0.20681405840059663	-1.7064519621979284	1.1611364604592225	0.5219254935645268	-0.6792786842804457	1.2726465408750733	-1.2614024237436408	-0.19087005208040508	0.4221034804523187	-0.36467889708174517	-0.2649633659211741	1.8298779172151947	0.5111631550739758	1.1107445539715413	0.5296668827698944	0.4940211596542135	-1.1847532763633786	-0.7239983487030672	1.672074828890852	-0.02442688179165215	0.49991099345807627	-1.4055010640624856	-0.1589913756007746	-0.3126286134643414	-0.30956706812758533	-1.2096807926065576	0.3259898633498592	0.26529839012196527
DTXSID7040283	-0.4156259695943684	4.021406122588352	0.42324667070748734	0.05605296089831507	-2.675431940952138	1.8667307049086703	-1.7827069697704918	2.0332904438874695	0.4197886740470102	-0.29528091525797806	1.0856834648295473	0.0878859639688315	0.2280367548054218	-0.4024145670304413	-1.129542735018446	0.5357151052451985	0.3223432910903662	0.6561905252513409	-0.8427931491465183	-0.5252479506596892	0.6022019395230575	-0.6674494130176241	-0.5777647414889973	0.48750074542656685	-0.14158934689074537	-0.4279752722580224	-0.4407237222740274	-1.5893092827533783	0.4128101737955333	-0.44183223111522707	0.12247318155509132	-0.19415749349450234	-0.829047692285765	-0.41635172263023235	-0.1554488163313605	0.5964873937648256	-0.1655428664698092	0.12642658361961004	-0.263409988104797	0.29746659655647956	0.05172375566118049	0.042328064844594525	-0.14391915959800727	0.05524795909081482	-0.15359897439972353	0.3299644182879532	-0.24532433439343054	-0.06294463378316907	-0.15336468487232216	0.1623833243924217	-0.2555323511751559	-0.06587638108206666	-0.13955249633875363	-0.2369995582234384	-0.2542850777851556	-0.42661714632953623	-0.017034300270916215	-0.1812306854263388	-0.6285617487623376	0.022881196004942816	-0.08846155402803724	-0.081486160579665	0.08619346544930097	0.6250858051285031	-0.17229997498082766	-0.41912519873443926	-0.25307976455210146	0.27246944529392997	-0.3886816976705687	-1.0302860045340063	0.5634826083091998	-0.05142048248567242	0.42361244300923545	0.5080219132164295	0.4488761232766011	-0.006779469976009046	1.3464202233806197	-0.6527769969896479	0.35907326047055416	0.30040328097740765	-0.2369698805333604	-0.36278953348619325	0.19527374627330615	-0.4926100377642194	-0.11890276966827605	0.4754813768861163	0.268107232930547	0.2827956325247533	0.022078856044780357	-0.02053031800360099	0.5467558610781363	-0.3789116899265332	-0.0343002184615796	0.3646674161584738	0.23833685545973154	0.1890219370729416	0.5639461056923998	-0.07395231836382314	-0.031027367981420258	0.5288500933042286
DTXSID4046949	2.261539786017298	5.2042542032950765	0.7286948448111772	0.7536860155772458	-2.5829189497775884	-0.10646226088428751	1.0153584807851233	1.476218526558615	1.7724205220088196	0.9489331753788476	1.3988469587983172	-0.0452100568495231	-1.0978821992729948	0.1309163619443633	1.9285841629273406	0.3917549350247415	-1.691939010514276	0.4762574586762708	-0.25605317718421455	-0.2460539685146962	-0.5373435007448819	0.43748020445838454	0.4980849762885964	-0.33044287477031276	0.10646367685638024	-0.0004430586776908261	1.0891332698047846	1.9399390971806745	-0.37258972828761533	0.9094588407979818	-0.6088894289727586	-0.6718573444142792	0.9445984113210402	-0.8296710365413708	-0.4939669953516381	1.5164309993266019	-1.577952342846842	-1.0344883006178864	0.2084652183821932	-0.6767056838406305	0.055798330261036075	0.34080656139227505	-0.4216171161691456	0.133447970477401	1.150964401515396	-0.8226903320434201	1.0044608799547554	0.11231178072486007	-0.05090818712537908	-0.13329057586588983	0.015546010534498113	0.04607485853127655	1.0190352298945053	0.036624803318152814	-0.6375796216275432	0.12133430874098217	-0.044809295022775475	0.24060853822133144	0.47062173990472994	1.1392154959356962	-0.9002201923557895	-0.7615662034757457	0.6137295015152464	-0.3009734584578045	-0.015643176872490908	-0.0147637408027696	0.2941818467302998	0.21932859027994422	0.5196421281918916	0.5998139397604793	-2.2375006237794115	1.8229478680848183	-0.3095215378067149	-2.0736083175356232	-1.220449841820662	0.5722353151302114	0.1114625832535923	1.301224302898752	0.6600679003943821	0.10428242299257852	-0.8805949438127277	-0.7344593172695271	-0.40111620998176034	-0.22613832578531823	-0.3003900161584003	-0.13335511052728866	-0.18672146289544148	-0.39928969203407666	0.5988700422730185	-0.551319176967105	-0.16854944659983412	0.2050324659406711	-0.5300557079778203	0.017729311290057028	0.7593477023464575	-0.6439709275037947	-0.1955167411916481	0.0354046801353438	0.3151227872219593	-0.24240438854134033
DTXSID6020193	3.2186970147675438	-1.5990789254534141	-4.918741681993347	0.37089480479754533	0.26209488209011705	-2.276415340360406	-0.900183532089567	-0.48086912098019347	-0.916574570095663	2.956364659333505	0.66938152949844	5.433135478826224	-0.5168820800256204	0.787463217605841	1.1415428991933922	1.1634290028488783	-2.0331116462915713	1.0933937620036975	-0.8437745277294975	-1.2351193822266062	0.24907058328689277	-0.5899964048780688	-0.11918713919353141	-0.12481352373397635	-1.6701161074015176	-0.03615986177047789	0.9953676381735518	0.7279982834738401	0.5090018826673957	-0.4167543317571652	0.6473200471424106	0.32490110061670063	0.10129846564131996	-1.4768805142519388	-0.27854739826791286	1.3281911354242344	-0.46207114769105884	0.6449878705117039	0.1703763829515022	-0.29900703108584803	0.24062063921459442	0.5123559757707261	0.4087025596164636	1.1301332955576189	0.4500532214597761	0.39606793389290634	0.9982882596083645	0.08961264014575776	-0.06152147198479952	0.2555279166038349	-0.036342137868045285	0.35178753064130197	0.3316489499887405	0.11238416185069018	-0.48486529713709675	-0.3364529200576242	-0.22931519675854176	-0.4093268864703705	-0.7819162783980173	0.8360460514593027	-0.34230814996084186	-0.8686674902852852	0.18263469704278643	0.4278256896921993	-0.8105177748997399	-0.6776001365374047	0.8037317706427213	0.6801817360423753	0.20593812740509876	0.555412061168625	-1.3357439573452012	0.5542618215616701	-0.457842427873255	-0.0043496688797736984	0.5963494127713806	0.47032568085282994	-0.25167060064739805	0.5395255357607879	0.24181953145800217	0.6069577874052412	0.18859972291170513	1.289054589729426	0.1080030080048361	-1.145453544821058	1.0260645730392772	-0.28312720060844937	0.4294853638936529	-0.019181637616084327	-2.4222926144974575	-1.5739491385427857	0.3234220832482728	-1.0532783549463665	1.138774221011758	-0.38876535968057374	-0.4901441032620111	0.038918405595917346	-0.3141046994490251	0.0956957798847847	0.30160576678261813	0.17068002159766144
DTXSID2045941	0.8367769136212153	-0.5505609179603235	-2.396865069519554	0.5931342777207499	4.810607460765886	-2.2791125843254174	4.773997611594006	-0.07910918655441133	-0.0016876150917818826	-1.5832149683764607	-0.11147900087617692	-0.7773067625134921	1.8642201078457505	-0.8111860663815488	-1.4549310471590373	1.3993380160842865	-1.139828853304249	1.0365076685357226	2.605690450117546	-2.2003455742338978	2.576493345590278	0.8659461069246595	0.1873926378403926	0.581969266399495	-0.4964199317785427	1.1405621752817117	0.12081752094096267	-1.0831584024100107	-0.13680412660294303	-0.031281621478007345	-0.11901899231171897	-0.6560070058754099	-0.37059083407510457	-0.56821642924782	-0.10082349242682224	0.6452932243388532	-0.36358638977942	-0.5683390212723133	-0.6296102309130347	0.4980770727617037	1.3857766208844038	-0.07359115461837128	0.031406528653480904	-0.05806724687985973	0.3238959168386122	-0.4838342721619654	-0.6976803997616629	0.6902194281276844	0.07276157122094831	0.14994911884973333	-0.2092949777736246	-0.3142899013644272	-0.03484999912983299	-0.13824700699264977	0.11797178835085942	-0.2753927209672634	0.6751190308463201	0.4968779407704404	0.0799844087209628	0.05975007792933637	-0.4144275104756518	-0.23745422847177514	-0.5481732056993298	0.048023573253345914	-0.058339652245326175	-0.4480620184041437	-0.12315259861634499	0.7553337306294399	0.5101429094663893	-0.02824143402069123	0.8188537811022881	0.12009766784309045	-0.2139380746095261	1.2830615507417158	-0.4871154821601114	0.531872654370573	0.11550535638995314	0.03812097699299627	-0.1181779796101127	0.2853691931349888	-0.2824610665496384	0.11964576664498767	-0.4767711293072769	-0.44658319193534085	-0.019459379486724937	-0.3338493480353284	0.029881979854486172	1.3626884704282578	-0.06512988208974316	0.08366938828450815	-0.6251690719917339	0.8831259782114883	-0.23325043051723712	1.0523674868191548	0.49615367105146185	1.115572962817879	-0.6694397100427227	0.38728710791490595	-0.052825715596194936	-1.1291931331869398
DTXSID9044790	-2.58090975350493	4.282568611416466	0.30280853734339636	1.6873045909289663	-1.508148182802657	-0.3390265168005178	-0.7665348639075095	-1.0099077731899255	2.6701296369525114	1.3937380369167753	1.2882783236457276	-0.6710780909428704	-0.5134820516947318	-0.11458890834185986	0.4664157328325511	0.7301047520756146	0.01588217051070256	0.7020511218907184	-0.09168464880380196	-0.6413460598809065	0.19966173227095796	-0.08728771485616939	0.44003004973005955	-0.03871498803654629	0.895563989827835	-0.7764237721563123	0.5745072625488205	0.08924151665370436	-0.03324943461314701	0.5816909951692489	-0.8529980719214787	0.004588746106021627	0.6425018604371063	-0.6108019642114091	0.27334011263068986	1.2124527480257843	-0.8834342928883577	-0.12745170411517132	0.19757112774735852	-0.46047732157845805	-0.024095734877841387	0.4233672188523626	0.026655669185416585	0.3327468092988303	0.503737736078081	-0.09995329317714824	0.7412985572361573	0.11961118652486456	-0.1792193215482698	0.29616860101850806	0.06382731762098592	0.15211873539688217	0.6603022258023538	-0.001813499680135392	-0.3361504304890989	-0.09178471207608441	-0.15356103023954043	-0.45275943454146295	0.05181071478448308	0.6531531591022631	-0.4494999145226762	-0.46017452440468526	0.5580317513769277	-0.17072057618686554	0.03858082778836717	-0.1519370186315687	0.2950699844471998	0.6760495085936346	0.515996008674682	0.27976820919794393	-1.0846412546910453	1.0885099290546714	-0.07452663095261479	-0.1819356512148956	-0.7466933254228707	0.4785814531669834	0.2089279734689118	-0.031897190841756816	-0.25808978510087277	0.5222213826905646	-0.0413501302448018	-0.20943693951961692	0.381909533033792	0.07197574959165787	0.2069649733124683	-0.11962101766964155	0.11275391190571545	0.2004474189602245	0.036296113740178486	0.5727297994165017	0.3408287452564305	-0.25913023605298235	-0.12182780176264409	0.14948881198909503	-0.3312889314329544	-0.01579346419852094	-0.3487433023382898	-0.1551026401953427	-0.05090855112091178	-0.26044991907964077
DTXSID0047589	-3.2657298807060626	-0.32521551266126153	1.2850642007261976	0.037692919786272816	-0.13687302174436974	-0.920284636486639	1.1415758545451657	-1.296343947091989	0.24929818837740733	-1.2010040224066674	0.06400083227013963	-0.22367760225754854	-0.061503451704786403	-0.4332098523992867	-0.17894682557131167	-0.799990955053963	0.80117169238317	0.003929904578763361	-0.4885373304362629	-0.3439146120800332	-0.35602284820464464	-0.5237754085308128	1.2211179147324602	0.3147475657922979	0.28733005671321965	-0.25534715663774205	0.35557102109452915	-0.2816530449992243	0.25202995778689635	0.1344195492078756	0.20083753730090492	-0.6145228844887586	0.06044121532914277	-0.1696285934515534	0.3162678816692694	0.2678382796184658	-0.09176414757549843	0.42462649454103774	0.1538653143687533	0.5516537790613766	0.08758607560014411	-0.020399368009791023	0.15467149432578756	0.3269897887789814	-0.3260954941339873	0.06624919617208717	0.38612846321822036	0.042850137482241785	0.005267850057649392	0.032064677253962115	0.13014882444555986	-0.028070093590654616	0.22039788579757463	-0.038926317731114914	-0.0028748630401214015	-0.376467864705466	0.19676220252519333	-0.2705586608889203	0.02575841400934615	-0.31450735576690847	0.42942115054398083	-0.21918872279227022	-0.39129551903155346	0.03434520575119064	0.0804754716575469	-0.03798988468390586	0.22023409531587756	0.29793982445745054	-0.32814593108501255	-0.38129911621325924	0.42334784003173276	0.0056086105908555	-0.09506678459051143	0.19512199942869446	-0.25176299107073186	0.1972803240202078	0.4021503645387763	-0.3202080714388105	0.3222341248567831	0.1426537828363174	-0.23530352592701512	0.10152757670812416	0.23135878127480783	-0.4942320082024833	-0.03978557773843492	-0.3522557104854761	0.19894869074815263	0.2758585518288978	0.41756205943667957	-0.11446164081890943	0.06198085031176809	0.019284881594730727	-0.18693771737587395	0.6507213313615603	-0.333000076332678	0.18162677867352167	-0.16580972173541833	-0.09050134621163815	-0.03981557133777415	-0.04238675303308788
DTXSID3027293	-1.3055658827943017	-1.6396099953542886	3.375345316687829	-1.5407934275470534	0.5048646922825176	-1.6590268950713416	-0.04135569955561203	-0.12141117405095003	-0.23642893024413095	-0.8621057845422783	-0.7709136128853006	0.24351696884049737	-0.15585834443754235	1.2154019715073519	-0.28133788060184234	-0.6080555550427419	0.9844465653478459	-0.22517960313282198	0.6324204923191904	-0.9827759645155358	0.2787073698348348	-0.21091724184724134	0.876466903018141	-0.027233433518590183	0.061703220278028416	-0.03275465084366236	-0.35325771695355346	-0.289568561744587	0.1819323453564642	-0.5586949283594078	-0.14829616325648853	0.41808962998939486	0.05052467609110029	-0.27646896877137966	-0.5775322427512399	0.04574682156716317	0.1633054952443565	0.48777085135969384	-0.6041946779021227	-0.43036566799793036	0.17936088097627464	-0.03352327077515921	-0.44473735168688955	-0.26161787658927627	-0.3956557476094691	0.17722318331316425	0.02648576396524688	0.0214174523251571	0.024357003371872778	-0.036843712504349015	-0.06574886727104373	-0.033064430410255606	0.04704660367551408	-0.1034102902945706	-0.11200575045604898	0.09600762303422432	0.02784871620114064	0.29013993659113324	-0.29788672126069843	0.028700182089879112	-0.09692392502088365	0.10948823971999629	0.5988739020042992	-0.3206321201276182	-0.3812593907681746	-0.818212047962157	-0.0703168870415546	-0.23881853704229286	0.03208011183227096	0.8913700396173168	0.12067136637081405	-0.004952038443089583	0.6635210081760055	-0.2123943944931862	-0.6799712900078356	0.3065690869441018	-0.4409611373032726	-0.02529814183992169	-0.13360059095193108	-0.008863119858347684	0.09802690317523775	-0.15190779947287256	0.03589470116275106	-0.10554531885025668	-0.13132025098297256	-0.10977796012123284	-0.17153106241077906	-0.12470227520455292	-0.24532954909537413	0.31980883266082855	-0.3872916389077874	0.5934145728264992	0.00569743785319121	0.26736121744623054	-0.3287321905666904	0.16938165708027678	-0.3123478037231742	-0.0018006072159587896	-0.055699647580669434	-0.14843888768056313
DTXSID0052542	-6.219664678574551	-2.8048331655882643	0.8272076542152528	-0.5521409080375916	0.7390299161346644	1.0627042417539578	-0.6645401479226376	0.7404527555170318	-0.4974440640358323	-0.3233255229098355	-0.626383055311351	-0.045618272946621366	-0.16072849959358776	-0.07986810514993649	-0.3333911383984651	0.010868784265365878	0.07677885966622602	-0.22137343254772454	-0.4035597817810607	0.08402433386530637	0.18927807933745508	0.03277412864655147	0.11315465895495182	-0.2599964485629869	0.15235260332085745	-0.2078059399375026	-0.2285828261741107	-0.5270899760481333	-0.12853942972534116	-0.016412751014981117	0.008648220749680482	0.23899985653273007	0.3245628557815667	-0.3014398098495336	0.35739821977540803	0.12981817134034718	0.1611258288632252	-0.34940837501583993	-0.032169762252054354	0.4290102860521946	0.08942870975890826	0.29848968094908623	-0.5670621470424816	0.2531481330768472	-0.13720226587742435	0.11269618975234451	-0.16808005153376615	-0.23185625532765405	0.12188085067682157	0.1264309894025356	0.12635696281338793	-0.20085232713019685	0.037081765268167644	0.06725394042757307	-0.21698120878886512	0.19645016008970664	0.06698703486963728	0.3764288539174717	-0.19746826010821708	0.08018647872157426	-0.18056539661432078	0.2987732436231935	0.3137955904768	-0.010885161820462853	-0.3225594852342854	0.01253040592057668	-0.445913094156481	0.010209774327634974	-0.3595112883718029	0.5624365199038536	0.3204108677139531	0.7364661157414475	-0.03041241902567823	0.38736411622343403	-0.19726817393220122	-0.6413487891180122	-0.4298835232105425	-0.46451072901736484	0.3045904705860317	-0.5281528963421286	0.10030340663495912	-0.6762289937887532	0.07183077499526339	-0.719665222391277	-0.24928332959369728	0.22829772671022747	-0.04220682338396425	-0.5367999606321018	-0.1737849906384193	-0.18980609107192645	-0.2787678967337257	-0.34233462042352275	0.4782133472294184	0.0954615545501645	-0.12848847454345944	-0.22873688426156513	0.021946526993830574	0.0773943492105933	-0.13644952947273964	-0.342887488918162
DTXSID5045544	7.617063566539776	6.65405991141406	0.9036785568992185	-0.16377177640663354	-1.9811179209499332	-3.464792887197964	-2.236708943057532	-0.5891914714279772	1.1070498164035638	0.6467515183466543	4.987880889895292	-1.4317386062447544	1.4475178852662134	-2.1241710961937237	0.6824277273470726	0.801615874539162	0.8286332262890228	0.893619777762011	-0.6727546911238289	-1.5343024195187158	0.2856804839858741	-0.3908515583801594	0.6404842479775505	-0.042256773005212	-0.19910744672903	-0.3387226691625511	0.34041207879066754	-0.11151073467471594	-0.05236140618510135	-0.46293440158428734	-0.5877545935852059	1.4493672083147722	0.7724255115363993	0.2039750673581314	-0.8926790339138756	-1.1521400872172178	0.14298979435578507	-0.3184129448558177	0.2602958926178237	-1.159935076242781	0.4621671641003628	0.7591158548678103	-0.759703361437491	0.38430545542122924	-1.156859115616097	0.5881116207433403	-0.06877581273488788	0.08783392738173679	-0.21532832350403486	0.5313359666817814	-0.1835040333725579	0.24202332526050577	0.09289293193614928	0.1919286025468658	0.2719006502855886	-0.10715079261628584	1.1386012011114366	-0.23317164203037571	-1.7765841055723357	0.11101075726548801	-0.548603592168662	0.28596377815787744	0.02963227366755009	-0.011510324501895222	-0.3379281746951702	-0.9232348965716763	-0.04364304982519606	0.7538801218915885	-0.12322120322720811	-0.6083015139433706	-0.6183224188026033	0.05760236145997192	0.28077575777283154	-0.2387793927918529	-1.6918715939804096	1.3506698924311031	0.23536175528960102	0.3094259300199864	-0.3092532087030443	0.031559059652156406	0.11472919276230806	-0.8957394022036291	0.3814288267149307	0.7591273664144753	0.3883567746193323	-0.526626841612976	-0.9234026939255443	1.5535701531193997	-0.3275693345606873	0.7737819516095181	-1.4770861692747317	0.612708765622935	0.8724402830422198	-0.356788426818892	0.25657560159523746	-0.08884458468695447	-0.607935438267198	-0.9681515032515919	-0.2661015724612505	0.45311072717063605
DTXSID7021657	-2.4388267629787337	0.0937850278988355	1.8152927981498657	1.0047927042948015	2.898140437825205	0.6632668144719844	-3.0405193688712835	0.011011234266008538	-0.12324230272711811	-1.3195853457928466	0.8125056825276734	-0.5465221382150411	-1.3306786777744453	0.775940519015877	-3.188976670677584	2.2806496197982016	-2.257690260242922	0.0077337363501857785	-2.89739704186268	2.945701333138072	0.8436656895044905	0.051996236222869405	-0.38933782764829766	-1.1361024821816441	0.8496547243046575	1.0263308908591973	1.7962125957611539	-1.4285699766683229	-0.10705377291786666	1.0342295161945714	1.2931743538700216	0.8800809577759139	0.36102533666993925	0.7579093156909378	0.9613367226603554	1.2685661543449882	0.37415150175671735	0.5714532158750908	-0.3769461949790515	-0.26199476093324725	0.7428140148267423	-0.6523758695620981	-0.5826617313751751	-2.3995676203237455	-0.2561306371397364	0.7859811215500199	-0.25381152959908326	1.2476527344546409	-0.4207467158244531	0.058692355989310475	-0.2977277180316568	0.6746823617051922	-0.4851485302509157	0.2635937319124043	0.7830708046069117	-0.002637826235925913	0.7846519466222467	0.5544381172455254	-0.7342550330796387	-0.49549095958024086	-0.46920907461393224	-0.7619767600872718	0.09891893691612848	-0.49729470074058546	-0.10277101707735299	0.44050974400486065	0.3243274318527668	0.24649142560275086	-0.052632697902715464	-0.25864260278292245	-0.5455194880376704	-0.3288966614853633	0.4936986514816088	-0.46001743637149717	0.30203074383165207	0.20198935501353377	0.145158932714265	-0.22664682777307948	0.030613262840967735	-0.058705533131080366	-0.3094219970898261	0.22367311408925647	-0.5575608197231328	0.23962676794226972	0.4846341599877411	0.2689779343722514	-0.10729491436107966	-0.35490969083744184	0.3347919264889879	0.05382055421735553	-0.13497688736340827	-0.187528133455407	-0.22387563862560328	0.14511578140967069	0.14783889843399464	-0.002387786828749605	-0.2875958218228591	-0.5962720560722063	0.21034599897242473	0.18276417829977842
DTXSID4023179	7.175903410792045	1.9769652601059042	-1.4180953297597925	1.506869469857935	1.718386601716127	-2.617116280238769	1.7617976801378432	0.9264296306870435	-1.539086512503541	-3.8382811576272946	-0.4291483572821778	-0.2498580186604285	-1.2778189754824254	3.7523657360925893	-1.0415131065056373	-0.6394490744221893	0.5577375754334857	-0.5015849133674595	0.9157505961605531	-0.4333139546235261	0.7045879298108155	-0.3739927539827897	-1.2164380579029213	-0.080948147376189	0.16188964415757826	-1.0874219216238348	-0.902076077811663	0.5839161993101817	0.6816342914478347	-0.674278509611081	0.0902899594381835	0.5569459719832313	0.6602676883578271	-0.09879605339657181	-2.1652930698422272	0.43636845221227394	-0.04144353271409668	-0.27063045875430236	-0.8097086200390985	-1.1436245109124357	0.16588352491141822	0.16302672523757533	-1.1514215640732322	0.40312413914599726	-0.5789677145062628	0.5847588526958769	-0.15851456866694544	-0.7291394294467703	-0.13031540349521156	-0.7311131313916367	-0.3651922722788788	-0.32045349512967997	-0.7427734183722977	0.06634335912940333	0.2702355486272519	-0.5920091244306994	-0.7679184891098244	0.9449503408895645	-0.8462764538686738	-0.3380172000350913	-0.7710462522184323	1.0586321249777149	0.4639247328017502	0.1245742318715261	-1.5368187400069016	-2.514608405863713	-0.10350968438254769	-1.1565316384540774	0.7927083004800413	-0.2095888001701478	-0.10935301062891892	-0.8289804155486252	0.9119785770200253	0.26742893807679907	0.3578248641874352	-0.28338934227300827	0.48973777168118626	-0.4505078695026926	0.6205974638713625	-0.7417164174787042	-0.8405985040225135	0.6151292860637969	-1.2007747877697588	-0.4577601897910662	0.4087863068826095	0.04678092583716026	-0.23975765113071418	-0.10592934310837701	1.2221209075910966	1.2179279494970545	1.8209363874100717	1.4451949805452153	-0.7716551345509716	0.11442130950498193	0.7695786842200265	0.7826910523741099	-0.5565343226785424	-0.28122898302621957	0.4824855990356581	0.46900803204667774
DTXSID7049392	-3.401601506912113	0.7167513373606963	-1.056566143196627	0.26239195301185586	1.5243255839713634	1.4604122178321173	-0.9583670006668682	-1.0329091016660032	-0.003921698849016104	0.32732082767831244	0.9553461398291079	6.881346321665785	-0.9460644421192949	-2.198829884264876	0.4301682996614999	-0.800125022122394	-1.0076743397462218	-0.06616696952661878	0.1621790312287176	-0.7216518605563248	-0.18850553784000698	0.17368059858814267	0.5170589584437717	0.12046679344932672	-0.08190012862030502	-0.13457545337847673	0.6929206390886218	-0.2401784857480705	0.07218933200146148	0.19104268915540157	-0.48013614573165087	-0.2678259602425879	0.13949149922763532	-0.006914273325576025	-0.6043668471829132	-0.5346571643203393	0.1728785289072323	0.07827142785223652	-0.01735093555265796	-0.08160325521374534	0.30852322673306687	0.23335594877561233	-0.11729222633430814	0.3243294466097511	-0.6621570737102234	0.06786894870901991	0.17739792792030856	0.021026191242993264	0.1679403692728144	0.3644791853187639	-0.009820298634131355	0.1909688796010816	0.0033582644889172935	0.11569884611294591	0.18470553752306074	-0.3611407755641288	0.16341684721886046	0.09788199847758518	-0.42983610054853943	-0.2718384544492383	-0.08686910321296501	-0.16133536388025246	-0.21690648425072886	0.18369335205871795	-0.1699148905168874	-0.12508819115095743	0.27072242125352947	-0.1585828235443928	-0.7591031600116697	0.02489894063029078	-0.10003399322921591	-0.28961115017878414	-0.03859355429496261	-0.1485823645079592	-0.23276844632779706	0.21385047790782247	0.06260627860911093	-0.4756065420201527	-0.43326285135538495	-0.5210701479333311	-0.1267732488163641	-1.1530252915049506	0.15252204060943125	0.35294340220765935	-0.341730269393595	0.7127852818967056	0.7955856694366249	-0.16336812740473639	1.350998788192766	0.7268967834566278	-0.6949633579538521	0.5313007598696043	0.5700299349303606	0.36644190573947233	0.07040444617412124	-0.45503627511242306	0.46784261396030835	0.385202130210566	-0.31823899583246046	-0.25942465071583803
DTXSID3048657	13.950237339303982	9.170231394715056	-1.3983172384539668	2.929690454864734	-3.807313305910287	-3.261396137688678	-2.270241524913356	-5.135005314088483	-2.97190013762083	-2.026868157838838	-4.74937858053809	-0.11552333570045735	9.94733177046083	-0.4450683817713689	5.0402570680022984	-2.0899414882662772	-4.497836930206437	-0.16300865022673022	0.20822362165521466	3.2518534387548645	0.6928181420437197	1.0024564887518839	1.6825111928273935	-0.7273243881997333	2.0920919033463092	0.9816233772116181	-1.1276229759648522	0.6034283651641734	-1.9184718406154888	-0.6315451527076057	0.36980401989445644	0.48001150038492707	0.37618866150326724	1.404465819363877	0.7171583330426893	-2.430592932617002	1.5848900696952015	-0.05608595312770339	0.6568461308313509	-1.0588962145120258	-0.20309564158932378	-0.05012601089730306	-0.8927983775860644	-0.14311891182143158	0.4458841134762927	0.12911391124878985	0.19668381823456035	-0.487851599237291	-0.22413701393618704	0.5165809861816963	0.21050245020680938	-0.40558456149368	0.41691107902753877	-0.23450393984969456	0.8687737213974062	-0.6079341622285337	0.6686076972618608	-0.9243717641515917	0.5980220664165519	0.2720155177160644	0.31968819136309645	1.3960554004592403	-1.380425973223254	-0.11588208285465904	-0.0981936297760837	-0.8287715159849258	0.40379506669284265	-0.48288659478199847	-1.2401275502851132	0.13288793493950038	0.8713487659754113	-1.3785005045008683	-0.4926223694888815	-0.5103069146399412	0.2982771480765183	-0.3178440713943973	-1.46892183313512	-0.1309638992933024	2.840413069684617	-0.10320783489174719	-2.502368111576183	1.2752862220505965	0.4274523551291687	-0.5158387878100055	-0.5580035746209621	3.0471714720172036	-0.6862980125459934	0.30299633553273947	-1.166768310420475	0.5445904809512704	-2.670861312880859	-0.10387777489692096	-0.344317804782679	-1.1192139402509453	-0.7640740639942806	-0.4579964935323351	0.3060632528809868	-0.7008482693349588	-0.7171188780504649	0.2554211662168511
DTXSID2047773	2.997454823760841	4.905589065275465	0.9932144069865371	0.19462702015430064	-3.1006219067792586	-0.9190810657488745	1.2792149265386699	3.323943535327087	2.118717493182952	-0.3059296843480555	1.608401507869049	0.29707047411868137	-1.3015058444525789	-0.8485209824136701	4.1022489378973015	1.9395866402785786	-3.5811879494938252	0.1572155768832338	-1.6078272783403291	-0.08445663717257139	-1.4554999568706122	1.424275364391644	0.9483644186686375	-1.6243097843881313	1.226973567574122	1.9713118942263865	2.425783432187636	0.5937483238514492	-0.024513055211316626	-3.2760418009147525	-1.0789216381492053	0.2968636089765813	2.3432883033103815	-3.300819024937125	-1.163608013644843	-1.0961280697257572	-1.2184022376498655	-0.9935320658032231	4.240014545530556	1.003959874409888	1.8409245260179603	-1.694075002559105	0.5418045468346561	-0.4769908531750017	-1.032845127892918	-1.6200275250099594	-1.8121668175294101	0.6011129609823039	-0.0038210952328432968	-1.149046468848367	-0.2678422124141285	-1.7725538725123897	0.32449368291362507	0.9345066232460576	-1.4926691806070749	3.3927373592396206	1.1243491719411485	3.49804926973237	-0.6832399801527289	-1.8476244937159834	3.8824882644578524	-0.567888306393356	3.881080121913978	-0.6816632955945572	-1.9952646943034993	0.7277774584557145	0.03729148749675388	1.80899346515366	-0.9929074239116147	-2.017353078866681	1.333626092240434	-1.6037899652630871	0.3225583064528651	-1.5937508260546553	-1.7688255194972764	1.0460481276401246	1.4126267935183294	-0.06264136385053262	0.2819565468352656	-0.022508293431827763	1.6511178133009774	0.25746252400181313	-1.7568272484778216	1.3462880644686492	0.6025566888965103	0.6320035312592752	-0.619285629911223	0.4439130802568995	-0.30227781294076655	0.9613241174064937	1.1952181780728055	0.6649780955305168	0.07234845465788056	-0.653899230333249	-0.349617175834866	1.0380744112193063	0.3098167817326472	0.8508611083641983	-1.132496417445766	-0.2801458599423691
DTXSID4046600	7.113239148507178	0.9751389405090883	-4.434109713788387	2.5994806151932934	1.1998089089336774	-2.2114143107095408	2.9299158660231437	1.3212463244038286	-1.2094457954133002	-3.0843597711286286	2.4841632957784596	0.11603431795560373	0.3471530932921001	2.445745530935434	6.01279298941566	-0.33167782762836445	-3.076596276382576	0.9371720097288964	-2.035442944219245	2.1263357513982015	-1.5107711833407038	0.901391058905911	-0.19929998990663989	-1.1215843445921458	2.2560577741055208	-0.34186119749085786	2.4995039978360265	-0.29220665832405746	0.6830039953607462	-2.4379019106891975	1.624486698655309	-1.597061445460814	1.313625104136659	-4.456260860619676	-1.9141439667326774	-1.199101230672353	-0.5390051163270831	-0.12507411544787	3.4065531334590387	1.604936182938763	1.4112703521236407	-1.8626405161847126	2.28709610269685	-0.7193683938087536	-0.365813547132093	-1.6799571985221788	-1.9619510053921523	2.1092824577982023	0.6243892505898764	-0.6788815536508996	0.38702044627464743	-1.0463545501406846	0.024090906211221546	1.0436227154885973	-1.3340700215253594	3.2347081816034353	0.5631760429924566	3.4211763533170374	1.274834903158669	-1.4141334578825728	4.858300319948593	-0.26415842640943166	3.471110056499887	-2.5453774249686694	-1.4360681216906566	1.6688609535656163	-0.113811337563628	0.38788954496311306	-1.643243216154589	0.6003533765499036	1.7175432394309835	-1.2713684437590493	0.15912933519806993	-0.6171537775889188	0.31962965617061334	0.029429373983626952	-0.8426152196773866	-0.03092926505298975	-0.5041343358138696	0.592271387319301	3.042987859358069	1.2386530815048844	-1.4379137859851432	-0.4566995591267082	0.8898293242277513	0.48224734305351064	0.18496461068173126	-1.0787651858777012	-0.1435783502158422	0.13366615580280072	1.3649553413440374	-0.2261925790076621	-0.824993708107284	0.7829215661343982	-0.3947669983293866	2.8421768279773776	1.2321708462503043	1.4960294211454837	-0.023512217999806462	-0.6656591218618533
DTXSID5022722	10.656824969748586	-1.648970145166562	8.342995454771007	2.5033510039915323	-1.273799147203166	0.28206068809730656	1.4672067481056386	-2.061579675101975	0.15594688438240964	3.356841181883609	0.38527586593318436	0.3198715648683966	1.8246179314681252	-0.5826281061519796	0.29943131672524764	-0.3740536526353802	1.23430392768548	1.2618704919907369	0.081429401044913	-2.2161865583012803	-0.246805393232791	-1.081521578096447	0.003635433332478404	1.1117540694541652	-1.7348800285585777	-0.7141930739182734	-1.03064740769286	-0.07368197282953143	0.5431366902132515	-0.619353461274788	0.10292041323119143	-0.176012038634003	-0.35311245472767827	-0.5469833972777564	-1.3024305001414365	0.7145108366199222	0.1793720710598717	-0.11519737046162341	-0.6406061331395294	-0.3541320968166132	0.21906599782753272	0.25554142782494305	0.17276157239464912	0.7465545140036111	-0.013198855986232386	-0.3577550798607094	-0.7095323085997209	-0.44969870289622405	0.08316218042812767	0.09977649064119933	-0.12024839480857383	-0.5428544386181324	-0.0794597754271541	0.028760064335523902	-0.6267787971077696	0.31518551904741926	0.1340942511614343	-0.22821355537857485	-0.20953485816250478	0.7022816679533062	-0.6114070358473607	0.09037779885260978	0.3133945163250011	-0.18369317936256405	-0.839274660293807	-0.583539262224175	0.7847784782515957	-0.38110332796954516	-0.3928443038080841	-1.1822134003609888	-0.6368018314326842	-0.7735586928386569	-0.722327617169417	0.9881830553260473	1.1123383428599138	-0.24824054981955795	0.6733634360928875	0.5622010448365518	-0.11427566933984068	-0.4407889847598799	0.2540639895364493	-0.38555796867214653	-0.6291410380200393	0.04622291090761288	0.46509084342348334	0.5185412222449195	-0.31745528332499384	-0.0340700913855185	-0.7811032566792936	0.38730032103135464	-0.015585456401539242	0.6515612704315745	-0.10197398423571562	0.06200687609241408	0.7537927501149818	0.15523369489150945	-0.6176432575392063	-0.5097614173568302	-1.8759964887642648	0.4687370554513066
DTXSID9036515	8.60913771252744	-1.8107723113529655	9.399904604228597	4.077692967426744	3.1990734546300943	2.539184917865915	0.6643031301399493	-0.8534868438580737	-1.205217076402698	1.2137905692044086	-0.5954249221047221	-0.48261995068444585	-0.8337027962685534	0.5233090658612201	0.34469483429664194	-0.5010447589507282	-0.2994452552362266	-0.2711528972792525	1.2019946519247746	-0.3005266662419004	-0.12221728063167514	0.47398422793248784	-0.6761198471174225	0.15945667707135677	0.6006649084152096	-0.3033040745581849	-0.9082195138693011	0.448275275964543	0.15158953701906053	-0.42187035970234693	-0.26359537745449163	-0.5261463672636797	-0.6695761279776297	-0.6157504076536217	0.31621774780363016	-0.181921062245716	-0.3146952137034533	0.14785756854871954	0.6330459941634924	0.7395734091925052	-0.403823398029861	0.20813011355472552	0.05140956119789723	0.20456987906373686	-0.08229773141156438	-0.11743837062374993	-0.1556607792500117	0.1548006210493901	0.4313575274421992	0.1661694404536077	0.10507753579143311	0.16937180206879304	0.017225342810960362	-0.23194781869051342	-0.13919838657936845	-0.4568524000078458	-0.4556217223028928	-0.2702886759110817	0.45658831397354155	0.0013146217075239814	-0.18191462592074525	-0.10647342051290698	0.041134920786624625	-0.9823023039385242	0.6757075016785037	-0.602610475283964	0.28232375143277716	-0.8863039921845705	-0.3231269566604665	-0.9286448429384743	0.21284239167879343	-0.2739519827476962	-0.6133170679635224	0.2585027664026865	-1.1088551972621976	-0.012400514503117886	0.2826111862217995	0.6701003032708903	0.44173926288977106	0.16375549716767884	0.9449018589252814	-0.5883458309123311	0.689617529526647	-0.6075902768384054	-0.6394540989164497	0.014705650559935123	0.1601351333838217	-0.13100167829628928	0.14575471620403074	0.10797952202673626	0.7449058156848638	-0.24111450243633792	-0.09815523819988028	-0.08730835141396696	-0.013555307529607383	-0.08860233294256534	0.14575807844050778	0.22083081513811026	0.372208469409963	0.04306380497793618
DTXSID6021957	-0.7440329466337382	4.111493641403101	-1.58991681794047	1.9678255825292037	-1.4839020150072184	-0.15609749015130492	-4.857109135014212	-2.9661515931382247	-0.7862349688360902	-2.9873324511992867	-3.7970848671522237	-0.754679647701915	3.4640611244705153	1.0897814898290894	-0.7733294724520113	-0.2524218952306496	-0.7197753127597694	-0.0038992445806219967	0.4747341570130542	1.0502917495915693	0.5157903720427749	0.9496467132804118	0.15562738827649703	0.6299119764642481	0.08869286173338486	-0.10059415278769049	0.714402500308301	0.6672606047824633	0.0015346342387531227	0.4893067185634385	-0.5392932379328833	-1.7066286265835273	-0.4560107691378069	-0.3772477689474949	-0.06231342295326661	0.4097178194562859	-1.0887162346106043	-0.6945602600127073	-0.37562192749187845	-0.6080819398278676	0.039476019717552865	0.2488507946380678	-0.23585813358703536	0.12039062594062017	0.619139800468073	-0.6656467693737762	0.5539436439590125	-0.32734143059694887	-0.3654400051235472	0.32337409125546757	-0.1476604506178634	-0.47821971874630725	0.5705360876626436	0.00435362549329377	-1.0582387608474182	0.9547532206371342	-0.13446627314975948	0.13454137415072517	-0.23784640040289637	0.6215281857106371	-1.306162363723586	-0.6039709673448831	1.4759841309552357	0.31484393124764415	-0.07240740761016531	-0.5012268099628563	-0.34882415118928095	-0.669630284373138	-1.0433835835265854	-0.6819742147278034	-0.28294437284794377	0.7344351162035007	0.3026723840678818	-1.410180283479668	-1.2608173178374846	-0.6641498683726951	-0.12193711327106595	-0.5247139715921331	0.6506388979549864	-0.11633351106526345	-0.39664703381905236	0.14455946472108733	0.18065577875711114	0.08543250002364283	-0.29835654380128157	-0.1457715958522778	-0.47252023042497354	-0.3648459202488374	0.5748381357211003	-0.008365422484514884	-0.287579284295098	0.44951226348420253	0.200618769814594	0.5238440234024839	0.2911061938085491	-0.26441800474380883	0.1855099551139571	0.009024467564065651	0.17517677306469462	0.09194173661977592
DTXSID6057619	23.091156082472857	-2.037820749345353	-4.85168641607803	4.369824251049959	-0.4136874522214033	-1.0611775109386599	-5.791952345149746	-2.4440586496400356	-4.5588914459829954	-5.202608643857197	-7.493638564317105	1.8840971114079503	6.235419766727062	4.984622068555823	0.2034340834416138	0.43385926607366526	-6.529264611162761	0.36799170688460464	-3.5309094897919144	2.6813140863101017	2.462896531048812	0.16881454436228424	0.41397423841769165	-1.4760205407300868	1.450343823886662	4.203618729025117	3.8216801211871014	3.027982097003913	1.4094229595605465	2.505625992220824	1.6931407107999563	0.09078452090054404	4.332771408768971	2.9078697603940986	-2.197341574078278	-0.5259692113008622	-3.2128188475541894	3.563612081390162	1.4943706340139964	2.6226055739069363	-0.8694159799131935	0.4606684688469982	-3.793051983804992	0.22767201885351163	0.19432730057420025	-1.0241480427854153	-5.328518006352442	1.3203742158539318	-4.702647211189931	8.945511224596427	-0.8846048706085983	-0.6930434872991822	-0.7914788837412099	-3.6147550077658677	-1.2693846028848235	1.8420639140650776	-2.6593676251691214	-4.109611432878467	-0.46075221958040313	-2.817261387882053	-1.500151540740003	5.281501618914164	-6.0148024553271435	-2.7200579855176588	0.28049503010074794	4.553351752196746	0.7338834614086824	2.6791586336949296	2.373544172367526	-0.8774641503402912	-3.15138567987246	-1.579532400648984	2.8288089072320526	-3.505894090495206	0.051607038114163784	-0.07899568072468854	-0.40759336606558544	-0.6136761088330444	-1.9132728777955903	-2.683749521413241	2.7358044961578556	0.6461056121935618	2.525828330914294	-1.6020683684434964	0.4567811006734452	0.45904471957584175	-1.3334911840993493	-0.41392579061935236	-0.27871267782355924	0.2460791386546354	0.2695592816895906	-0.26512987082880235	-0.048581941894780774	-0.7643441795463927	0.383706631261655	-1.4431599652692118	-1.7587472257188426	-0.7601793014661666	-0.4366227291981609	0.6008226099330222
DTXSID9044829	3.6424572768727628	3.7247257289835267	2.4172024309365643	1.2183838334600663	1.9217205675696754	-0.5717402790887265	-3.4752489956989288	0.17344495597166268	-0.6305131498083554	-2.2310252501244863	0.05245649723386474	-0.08466039598060895	-1.43825393212532	2.7488529936113864	-2.579174112932319	2.410623171361629	-1.757922063865422	0.4953101534128051	-1.9865185594419734	2.1288467546622223	0.7995419894670482	-0.7623001065154801	-0.6099228586253033	-0.2401249958876824	0.2648653727862147	0.5398482306704867	2.4042894033916236	-1.8061068107442408	-0.1820891080927635	1.5856049696007024	1.2732336222498706	0.6107148765690176	1.4779252883362994	1.592597099121069	0.8243510930687982	1.508833083080694	0.8176515943649577	-0.06414933595802894	-0.3443208595742239	-0.5343490501823116	0.5730010212211858	-0.39740266336901026	-0.774305499646052	-2.1636494893378613	-1.2558057719091	0.5786883155559611	-0.6447128850791843	0.8182313306541165	-0.748894307940298	-0.30247797152961187	-0.2981004848227697	0.5367282736602907	-0.8177432267060801	0.34712995711579653	1.1935972503950227	-0.03812142549770043	1.101477780562542	0.8634922128281888	-0.7448031890497143	-0.745424586162473	-0.5422705654739807	-0.05547939644993427	-0.011990504145489878	-1.5934368360761986	-0.456911961482628	0.5181880264563861	0.2818112230395029	0.39000644471498686	0.30630053175505007	-0.3773883892691211	-0.8285049840236212	-0.9700095134283193	0.5572901523884998	-0.6328651467484603	0.6836449342113654	-0.10445043118333398	0.3594948730610848	-0.4586841996346715	-0.08746036558778514	-0.8379748809838631	-0.6276976121732002	-0.18526366581295253	-0.9855092973615559	0.5172538296679323	0.9700367321860038	0.35314885930184	0.11912279116890709	0.3465374332496435	-0.20676665390063215	-0.1792358877247362	-0.9531941092734378	-0.22994494423655493	0.6484459308054028	0.04752206273068245	0.19681771839856219	-0.20240119896273107	-0.062471036954254155	-0.7228301605083796	-0.01824712446584882	0.5793045688724167
DTXSID7022546	-6.707752125095366	-3.7943989998917544	-1.4791001991385342	0.7089147178631591	2.5483738303691514	-0.7018944838617773	-0.29231659777924157	0.7283423490461898	0.7568559087026323	0.1485098278837389	-1.2580887154101041	-0.495386593726111	0.5629918566257083	-0.5719768552772296	0.12209336790743462	0.21040007781302367	0.18777193239121337	0.08752649112726697	-0.6084920796986861	0.31306394757570577	0.8933949956409367	-0.7576667814553899	0.5482131891398613	0.2706775436506823	-0.5832744502780874	1.718479865487105	-1.5448487474626518	0.014115800578755845	5.060387192750037	2.6478594242923137	-0.6427246992772264	0.6778494754316072	0.901992154691695	-0.10531807190943313	-0.3004748704479108	-1.8006119841903323	-0.8929874219093411	-0.4424130162069576	0.8385586510477534	0.25304881650940947	-0.13651923166272018	0.8328958991106884	0.13931764420861528	0.8346338193610535	-0.27857183406157726	0.12356386295435813	0.06039684740585506	-0.2465471075618265	0.14490035880533136	0.6067817336828956	0.27086081545925833	-0.08202696227977697	0.16414667982197906	0.23205801056307654	-0.24866333870380644	0.6071949892398006	0.19333574832112402	0.001410472541929814	-0.3355557851041004	-0.41663500732584596	0.4485153281166668	-0.44487941292857974	0.009976666483291905	-0.5554130633434414	0.1782756166933407	0.3455123328421268	-0.542632985825903	-0.3381057649748347	-0.01099624624868503	0.7627652272218762	-0.3630812439290197	-0.08903305919451043	-0.49887524438356334	2.4045214862510194	-0.46951820917913556	-0.6185451814139671	-2.6579736308220965	-1.5290723119315521	3.8403285297397356	2.2458639754838563	0.11996088324410933	-2.3693754776843714	-1.104516532182936	2.240204708739666	0.20879198275189018	-1.2749907035829244	0.7374351312988223	-1.0173307185912275	-0.5479260360996462	0.07281128253078789	-0.48348939039408595	-0.13339823478389015	-0.04872693123815935	-0.47290265670866216	0.24377238874200752	-0.3540833664681548	-0.645610873234201	-0.5196992677344997	0.32216315682828384	-0.5006219956396306
DTXSID9057711	6.666355161803582	5.52528328796303	-2.296673021656281	-0.6868401023181531	1.4738855232607708	1.00755353194549	-1.14072573191895	4.582479696705837	-2.0737512782702936	3.7909918353124006	2.4671775513351126	-0.49130852316703855	0.4339309614972381	0.3511756921184676	1.3688005791559152	-2.1338840437336453	-0.6343783946995094	-0.015328551516937359	0.4943307991467626	-1.0361274455967182	-0.06504376907191577	-0.20381254528446827	1.9710841220832902	-0.6027171791705723	0.0062663226621468915	-0.19479999981871962	-0.9605282242936775	0.17030209768705287	-1.4482749931030519	1.2957718774790556	0.004507549658077178	0.9129278909299979	1.4972461338384973	0.18783118409055155	0.29917149560543205	0.27030297328370584	0.011311227945571996	-0.5027957012711687	0.3683880145031389	-0.43958726874039283	-0.8345424493157558	0.17659912027101055	-0.37364021480893567	0.2471552123482256	0.6782066147702055	-0.9285724032273758	0.5073334632508133	0.1493896114726789	-0.0975935594781542	0.24650891128108687	-0.049662725910484096	-0.07554551937061701	0.5775951880765866	-0.30771568155715734	0.03226552293229866	0.7222879577399778	0.3772538589677107	-0.8290364606495707	-0.3745549386034265	0.933699330942029	-0.643553071474946	-0.9720193678244102	0.36118165207291403	-0.5905959548978682	0.2944950918216951	-0.5403375075944775	0.3190893946485858	0.9318223239905177	-0.34615620304487443	0.9340204811646609	-1.8841196895661736	0.89326511710462	-1.2833791743330065	-1.0395884893714884	-0.33406223241425903	-1.0458335500427298	-1.7276157465412592	1.4867493729259984	-1.796433981574631	0.48125274882084446	-1.6732548158419922	-2.4671111579663383	-1.5420937608114664	-1.308271965392666	0.9542090539167115	1.406775632619493	-0.3063958524475711	-0.9414958398525649	-0.9818672643141166	0.4981694258796593	-0.4726044162752734	1.44149903196981	0.6756382573846891	-1.5768779658611243	2.512552712529587	-0.08005874380970883	0.6896787420975361	0.7616551557634603	-0.7202033810446921	0.0052443423032746015
DTXSID1025641	-2.3608481049797443	-0.5529033690004574	-1.9319070783872423	0.987394925518563	3.1215479396354655	0.01548333227043976	-1.8692199077269587	-2.072977634806631	-1.4434073014380853	-0.344079461899843	3.0699252944037903	3.8410731866728254	0.843341091670727	-1.521884502382723	1.9169693967592354	-2.181415609238995	0.6892220054875963	0.3985134163295141	-0.05850680403591343	-0.23079120946763393	0.391462151279239	-0.2931049728495475	-0.1528659600778402	0.8128689031342909	0.080774511164987	-0.7125895506849986	-0.25901286494198145	0.08300966993993777	0.1346085295889217	0.07000800758768998	-0.40708343972136274	0.2272151872688783	0.45791475537820525	-0.8254459078903533	-0.06081023244502491	1.5358147709877914	-0.6011903766935895	0.49713721999632643	-0.942966885423129	-0.2765807817588102	0.36400200628016305	-0.23986689966003302	1.165566327989064	-0.5953805830556107	-0.5717739651810846	-0.011183173641681157	-0.2614700565833767	0.6889709338665584	-0.24199173030058047	-0.31167000719542975	0.1237905810850969	0.5728423891494709	0.16701265718222624	0.3111570305665827	0.12298317155898272	0.6314491474117377	-0.7343182397209223	1.086027816341468	0.43676201556714433	-0.2591530690508739	1.1415716765280401	1.1003768522420612	-0.5974875412463719	-0.36898453404299586	0.42859428361251106	0.26024223313205486	0.37576664089872985	0.25928469967574846	-0.30677389691796847	0.4514282017333881	-0.36328897306844177	0.03223288222975426	-0.16331027694721406	0.009319408588087226	0.3074168423580774	-0.22989635517494633	-0.7428339834625828	0.344307842161601	0.5045940231282081	0.521266116320457	0.4467633755286252	0.7562754087594957	-0.08679826923927167	-0.8941741633026589	0.18363756970107267	-0.9916033352795345	-1.1571955419632918	0.314226043520616	-0.9480393457582902	-0.871324947030206	0.6520389534962613	-0.23562020736857422	-0.12695525554730083	-0.8470748911241068	0.22870921560296367	0.417229182987184	-0.4551965790711376	-0.29111550998810815	-0.017212629048374492	0.31702697829596516
DTXSID1046009	25594555161873.418	8169952057545.813	-26454412774828.79	1314536197743.3562	27212808878282.504	-4646525112671.503	-13890275550807.543	5659912861153.2705	48790419294252.88	37834842117159.77	-12806417806861.84	26358470690932.945	6640284669384.843	-34873808093907.375	-28427133265332.016	6057179869024.819	24547821502517.215	50662657239510.29	-5402737763448.695	-107170943011620.92	95075136514462.38	-56635251607477.89	50074654049691.38	-15970587752798.805	106849363711650.11	-3632226400529.692	-143410675462412.97	89756276929087.67	-32287769240821.4	8230176161074.351	313515053154251.8	95302709852059.4	154003057546462.84	-14316076099153.344	257225778807654.25	-32636993577639.16	-43444073142327.555	34989097300175.93	-28352490579463.156	-6871343788956.606	-74317844867813.92	-42664334364812.484	-14863472740332.94	16113835340639.217	93668047706165.2	-15783050503450.56	41762460159606.664	-112828547069341.23	-46319414137090.66	-62137506440727.91	1203433264015.557	27562526844008.99	71260889960443.19	-1669124136882.496	-69452102163118.34	76440540917297.75	24807935677222.164	113588952936711.81	54622453028132.38	61980684071154.94	12217451056982.531	66245615198396.55	4757426943478.604	13104861739140.102	-16788921927889.922	116059855112896.58	-60414286575048.25	-182811620580135.56	-55827961051344.74	-21318832823311.11	5710861617983.473	12191071498283.89	65360506057639.04	50253229231650.984	-72275570955802.38	153184050359100.94	60986944619161.09	-191472566251917.56	-36136639394293.82	-34638775494289.83	169065997651751.4	23818194595310.14	-113043099501567.44	37993741112467.945	-73011592218020.06	91465382429154.39	13256144030401.965	27305766698561.156	81457464138232.8	-207369864650500.5	-8786708718727.74	91321344855726.25	-43175797580953.58	118002506999358.42	35176080873776.566	-74167489827310.48	15551948047976.016	-61163432782892.46	35601146316719.99	88916295132170.94
DTXSID4029195	-4.9292601280267165	-3.7877270259922633	1.7260532389027885	1.193703920648368	-1.0013902627003162	-0.3662361199412857	1.4903734644474007	-0.18166894386039917	1.760369989703708	0.26508774449777506	-0.7874526758911118	-0.3207337617633041	0.29666949346767835	-0.7592614721698112	2.3901151149112514	-0.6082460185760157	-0.27214463053882704	-0.2585409576131289	0.6515013345174593	1.620639659646914	2.0983940481738617	-0.44184898593880906	1.7131610486485016	0.37125946920553127	-0.158296672000223	-0.07200001889504512	-0.6680624101651631	-0.47647522471498227	0.2761939564202785	0.23565976742474745	0.2590820774562887	-0.1986749949454777	-0.2677379790505064	-0.742297662127886	-0.0650236592658263	0.3286355445543069	1.0452828447085105	-0.08559244816611553	-0.557850650428291	-1.2167021039560526	0.3582329487316056	0.5434281533463489	-0.6261927359250177	0.3372006441882364	0.0059284031920808205	0.31285428675355154	0.648866526571776	-0.45811272641909767	-0.05003242140259891	-0.2740968262124674	0.07794049203696926	0.16096693489357317	-0.30316020572631697	0.3437181515171623	0.27085111893290165	-1.2555220094550292	0.04865343619108308	0.21584003786505032	-0.5428082604718518	1.2193891965894281	-0.0007526747270881028	1.2068370892797908	-0.7324561813547646	-0.19149505337306916	-1.031103798379451	-0.2561616910090871	0.40876197846409257	0.5838733293183801	-0.03475077029761648	-0.342024224502162	1.5428081382388559	0.5219391787471236	0.7386504693223724	-1.7639613645516716	-0.492379780947354	-0.24205978616669893	-0.16773874958083934	-0.9844883242472726	-1.6363852265629542	-0.20932102782592768	0.9806355117891441	-0.0896842058435696	-1.338892880987888	1.0995015850796959	1.2347998663999016	-2.6992868812420205	0.13694647796544082	-1.808589936789322	0.5163970231539843	-0.3595319866389912	0.3050655458540619	-1.1183713952363523	0.6760254615795804	-0.4000147636493879	0.2699406115521774	-0.29377893273646905	-0.21838280916889075	0.14080445016365958	0.3831450900481739	-0.6761079603630108
DTXSID9044401	-4.367693182108256	0.585108290619302	-1.590015954665382	1.5711197991356443	-1.1538167731077644	0.26477640512653333	-0.730781908986487	0.4296504913206788	0.1031237817914013	3.3022995491505776	0.4534150876817621	-0.2677727291544493	0.0033201321214973174	0.13210055588650155	-0.40242606506644457	2.264542818247753	2.272485584109115	-2.4240969994076416	0.002847182785199968	0.5681642583731895	0.1229310798051209	2.8360334422601237	1.49262599257101	-0.13710690203067633	-0.32336145736174177	0.7124244121324973	0.4025911590174028	-0.3239315013680668	0.4850395658877995	-0.9805260484159022	-0.3012734766078833	-1.9388354352418016	1.174356541593214	0.6614734472521437	0.39356568682060555	-0.627588733796048	-0.3387199363517597	0.6896298521757499	1.877019020971985	-0.05640979470262652	-0.33699596914211816	-2.9794334450230084	2.207356611551989	-2.1514680523903533	-2.4492955033413604	-1.323322223206591	-1.1291401302559432	-1.618488683374461	0.9534584056386849	-2.536448016075321	0.7539061038870101	2.2818196989830275	-1.1331678650468382	-0.1692190222012472	-2.8908846430376314	-0.5947145865759625	-0.9130236639630407	-1.0366661996669262	-1.258458484262213	-0.7947747076962156	-1.9041134203347703	0.7697308784528564	-2.199888183042344	2.047515551835375	0.7112875520572792	-0.614735815033655	-0.09494387292652717	-0.5930123276139383	0.38481755535875983	-0.16694042670193876	0.08421353764838534	0.7919291289608701	0.6688808410628674	0.8388539358581677	0.06801165763361662	-0.09704592352409867	-0.7086719872774244	-0.6022137177024386	-0.21599231890932408	-0.9010838087857873	0.8884403920203824	-0.5493164375076965	-0.0472972351029907	0.24470045091558987	0.18069230841131992	0.015344669938671434	-0.1674989342247891	0.03890976498740034	-1.1403595597891254	0.17856371941468763	-0.310825821515585	-0.3691091403725021	-0.5447475492854067	-0.6350794153693798	0.47754343218586953	-0.08691966285093422	2.1904027854844785	-2.5880355971208022	-0.8776807420258596	-2.024193411644278
DTXSID20335700	1.7376489790317429	-2.27936836550016	-4.42375757686588	-10.189147971315297	3.3936122433902085	8.752308218975863	-0.05050527535999187	-3.951637207872164	6.984722855479082	-1.8168093554388451	2.759431341942264	-0.9306717742961897	2.0540388332214072	6.982236456869794	-0.08683024967093908	1.6236005215515235	-2.3068897498755296	-0.8108010656188028	2.9578550505020895	-0.9236184094920655	-1.7397746599103394	1.198769252461843	0.32206736455872864	-0.21173891780534157	-0.01897336819118088	-0.6734980204805583	-0.6838142862768417	0.1264471192690958	0.2956919655691687	0.03043371072016239	-0.26770435506864765	-1.1008225598096109	0.3640810893909901	0.3656211972429391	-0.3718768785228705	0.4950343637950961	-0.3267319181061227	-0.2059559130591148	0.6324764875623309	0.36293459515345167	0.222609656280351	0.391279618691841	-0.5283609081588372	0.6325219794074753	-0.7053040837292607	0.43320061217612543	-0.5115943300421113	-0.39750270677517097	-0.37993791363613794	-0.16530182964896406	0.10083227418538701	0.13999827012091473	-0.4944596183903583	0.2689468124678175	0.7316317939227489	-0.3408621814402095	0.2621370141069118	1.0939848609813423	-0.5326633266033286	-0.13829706088864135	0.06321442240056473	1.193000525366639	-0.6443737635741181	-1.0141390323821697	-0.1556932446811438	-0.49707678376482706	0.6028392948675423	-0.4240534198442906	1.1510892400578439	-0.9829962709482933	-0.8798759626534272	-0.1743358873309014	0.053200224403282585	0.4383303252461471	-0.5272530599897871	-0.5400400329473992	0.4712287412003497	-0.3438262412042064	0.2371231528210478	-0.1897911014903655	0.12802410281508	0.52127923841659	0.22572278925357683	0.5211687781433815	-0.49460994017301435	0.07896626409971923	0.08696436252173022	-0.5247851735208742	0.1653892850813563	-0.04071697062553914	0.5204776064257324	0.7077850344327922	0.36934225256183356	0.06111690902174712	0.4249717161420988	0.16887972531771495	-0.0345395555778947	0.09942589043023614	0.00415927690877631	0.19717325061429042
DTXSID4025371	-5.573887403408816	-2.444962986098928	-0.5690949671122497	-3.528590852535556	-0.7864621532438774	5.002991098515868	0.485058265595528	0.49105926599464206	1.6396323789192255	0.05916286522840446	0.452300192050726	-0.403075411319548	0.8276594194133354	0.35818099035917117	-0.04725357247199389	0.47819234428525514	-0.5612927901520496	-0.3386860594337845	0.3878451005415114	-0.4847635408920255	-0.6033654987494478	0.1801805213895607	0.8439042186467843	-0.46426654693589287	0.005256469759859877	0.32392285512658275	0.31044780646887593	0.6763602979448964	0.09654573432698711	-0.28496054554611744	-0.3764860825971357	0.3028636203754305	0.7484220465080497	0.2373617634789723	0.3702465328401679	-0.032293942647078536	0.21965631008042297	-0.3009694237516798	-0.48854855448917556	-0.4684946448369484	0.33881423329323634	-0.04225756303142611	-0.35140050988351845	-0.251493222321913	-0.2648572981146413	0.18437600219206632	0.21094497315362964	-0.11296710842145305	0.16769501231846137	-0.34603364213266685	0.04969791027503815	-0.09095463545428858	0.06063872724164335	0.012861566867960757	0.21576521824389103	0.1093866583528402	0.11399773935035076	0.6288404879702052	-0.28853760832842595	-0.14920220322503086	-0.502387846080695	0.01954829384117732	0.16427512662308547	-0.5543832708049097	-0.4920624578856052	0.37356511563214423	-0.07506701523679866	0.3249790923967728	-0.08664185854873421	0.5962417593316534	-0.25251203962932184	0.055105977824762516	0.5371854716777679	-0.845056800152221	-0.8324269728231506	0.26083374881471666	-0.7455781315344093	-0.004239322603452242	-0.15290437148056665	0.014893935651905665	0.5283774747732161	-1.0309133644438826	-0.5101253872698924	-0.5283841687515195	-0.2127894708126875	0.2576788067607833	0.3867086913861615	0.2319276947231189	-0.012875079118276065	-0.13135861172723354	0.15192545359244988	0.10393010623186293	-0.3749215383758742	-0.16173111400960039	0.3237038582754038	-0.07149108040239235	0.5894549919902962	0.6112703101199347	-0.5449503988578336	-0.5444967444427243
DTXSID4021343	-6.863529549454192	-3.395001740862605	-1.6978737272702478	-1.4222179445103105	-0.3787510991165823	0.4939939277769747	-0.3760553731727813	-1.5045464406927145	-2.554970461963333	0.7716513332354582	-1.3822412508096136	1.1809524916416527	-0.8618586366502169	-1.4922497349642097	2.1791393502131413	5.765729858554178	5.712345268938304	-5.870727648672324	1.3904392412835531	2.8606534263346806	-3.3230494800520316	-2.8103932849185504	-1.0473723989805108	-0.6853618099724806	-0.6320465504928744	4.355852132041862	-3.2801704324361385	-0.03713364840897756	-6.659234873509712	5.603166493482562	1.6400740103617435	-1.2979823287838248	0.8546004970211478	-2.115118421145235	-0.302824559339169	-1.6377537779374796	-4.53130704687676	0.40415906178990507	0.3108777483198736	-1.2935073132618387	-1.2930163006531714	-2.1342660038629635	3.828970281652966	2.1988327202933253	1.7209493416669497	0.48898232961704197	-1.7497965381932548	1.7908055002716137	2.2723499715843167	2.0970356061583573	0.1423301220049368	-2.7966213830801445	3.386629492932622	2.5704006126466767	3.762873817430829	1.368635637257501	1.3386498168547423	-2.1184684468107635	-4.6294210536863325	-0.16388002868108698	-0.7087983376674496	1.4530972099860118	3.3166900666349544	-4.891067176811979	3.1680401437656704	-2.0166879546817027	3.3241948765431486	-0.02681530380234036	2.4474451694509227	-3.9751948803036443	4.557143368199936	5.984291575608292	7.109839258382052	0.8702514583121465	3.524396618775578	3.7176404239411185	-1.980438051524447	1.162065709557221	1.7235296958129938	-1.9132494147959709	0.28361728365763733	-0.5903742397185187	-1.8909584182131705	-0.9319835813368618	-0.476740140864453	0.22076519292856048	0.9884727878858267	0.49594504227728625	-0.050028330049324776	0.7728646044209525	-0.6226671337685743	0.04094392766860081	0.1740673260681707	-0.3142435196411111	-0.16677170861604626	-0.9699154658924528	-0.332988725419794	0.1506366418162558	-0.47365139379754695	-0.09274173099162883
DTXSID3025540	2.2202467529961027	0.0957422282335944	-0.6651115543134458	-2.8677060744167506	1.421563002244463	1.4867786484288084	-2.594502997135719	-0.36120824204214147	-3.505818611437296	-0.9554299223181312	0.7096974657604888	-3.5475328278938325	-2.907283652702714	-3.3339824691097637	3.271126766410424	-0.9489044247408801	1.624508414055483	0.09251835691779753	0.7902214721625502	-1.6901433488231195	0.5799511808197716	-1.697070676449905	1.1459303788848583	-0.9452246198465666	-0.32316350250007375	-0.9651887330633052	-0.6042118149178303	-1.8103943269357523	-0.20482902184708554	1.4671193549678028	0.7828389246763173	-4.280648326613384	-0.480626826122834	0.20375057845596903	-2.100693777442541	1.090693815420324	-1.4183027298986313	0.7012349501433562	-1.2008980386863048	0.16128699954962122	-0.08012612682667473	0.4981654227240462	0.327814228813098	-0.53395014642425	0.028227615343847337	-0.5441033328375235	-0.1418256030255817	1.4813355853617454	-1.0721689335363027	-0.39302073333440574	-0.19303661293057783	0.591891775600101	-0.24511411501603927	0.24020357409999607	0.2578607585614895	-0.2926404456054847	0.025935650322583492	1.3472269273023498	0.5085653166495229	-0.21863876283491718	3.1061551578134337	1.314010879193903	-1.174802118797159	0.9106974626890119	1.508751540548792	-0.3006675482282076	-0.8119111045450311	-1.0014392272207904	0.025701179197806068	-1.8188021159976462	-2.4351218370210947	-0.708279409287693	-0.943300543835114	-1.2786826306366588	0.1960687023074585	0.006682239436157381	-3.407803572758712	0.2967394025652866	-0.23018408249724226	-1.4494545503437815	0.4233996652124672	-0.03357695747753411	-2.245384077745033	-0.4602061789472836	0.3505267469109953	0.19720781597652273	0.9551184791722277	1.2961426734178376	0.24391803175121687	-0.37873263857997097	0.5476471252919509	1.326434697845813	0.9686853786527148	0.5738224723247263	-1.5811195458908471	0.21748361406136668	0.5047731710802957	-0.10833049637898925	-0.1881724578176179	0.07243429270827192
DTXSID0052833	-3.6649617586428325	-2.564479414763616	-0.17113724965577856	-1.658161339091242	0.701284480490796	0.9050158288063754	-1.9310586653575275	0.7954535283653273	-1.9504554241249616	0.05942826818602222	1.886897999520372	-1.7908771376941939	0.44012294485157644	-1.1283900758805943	1.5700753435358805	-1.11576156336863	0.7508666720228043	0.6410160339246469	0.08756889071988534	-0.6684103899469375	0.5633276820897424	-0.5922733748946868	-0.170650147367322	-1.2816769503493108	0.5773625169711424	-0.6084906384390741	-1.152739407402948	-2.250616551564814	-0.37794203020291794	0.6783461692458246	0.6014786312434481	-1.6570296292751976	-0.2368249814764145	0.7843089414676077	-1.1830435316964227	-0.5529488289973985	-0.08406926231310913	0.07006853152007123	0.4730468756546029	0.27222185793015	-1.1761787932869592	0.057251389867883945	-1.5042362313037734	-0.8981190080701572	0.7467443832228009	-0.030326193192431065	0.13054512640095736	0.33898401240576903	-0.521122612889106	-0.0679443219264872	-0.30751993237704334	-0.09422418281923887	-0.7049013122601703	-0.48652205683598415	0.348081155481226	-0.7120554867724435	0.6977525062089964	-0.9938160478362201	0.26258398332661115	0.9661214894708438	1.5522851699665603	-0.5541405341157735	0.4438028635407007	0.8051388070076678	0.7316342026330599	0.382753802778771	-1.1671069652467247	-0.9282653476594839	1.2555373201723228	-1.125017161030658	-0.1926348801543871	0.18123505299077194	-0.33285839622286406	-0.38250508259307264	-0.41026140638225095	0.16708443084617222	-0.8669674493891408	-0.5230976369743563	0.120092448903566	-0.9572210243354976	0.23006151906009556	1.0801559493402955	-0.5329273910643147	0.5394893719616031	-0.6897259730576197	-0.49700613821569967	0.7801406354046883	-0.2695453141313238	-0.8167595014655165	-0.2540538519220168	0.3173215642754684	1.1811304811200796	-1.00271589400638	0.056773301908331464	0.404205851552909	-0.2244025152640392	0.23665943268372658	0.659493958637303	-0.7259951493651028	-1.051050536058191
DTXSID5042326	-1.4122211252582113	-2.555928571530729	-3.303320802492014	-7.2665547663583805	0.8008443424819275	6.9118643318711	0.01994272571665796	-2.7226603409701027	5.257512158830045	-1.0844304213507487	1.2898098999350034	-0.38133885971567383	1.0948518972495502	3.898397661831288	0.613909644640651	1.7694239873518607	-1.607478900193638	0.47963646372900515	1.3449532084734874	-0.5734087326743008	-0.6908512487078191	0.35881211089740894	-1.3994997052291542	-0.01840169026955627	0.6629044057197674	-0.5413824536088597	0.2937437702418821	0.2764521823206166	0.3914462632769953	0.2193715928779842	0.01877322416307895	-0.8255117695894242	0.447863423668443	0.27714229152385067	0.355768838655912	0.6460693349828506	-0.07248529693324066	-0.7364750312994358	0.4283730741134296	0.326175908137067	-0.07306202991817223	0.2601569734824774	-0.3414027496120445	0.00329289640395243	-0.7617334630403981	0.31476422726521375	-0.4479841912083949	-0.07207422009332998	0.08314207993727778	-0.4411222778494739	0.07598112599627825	-0.1182397712879202	-0.5645130917224407	0.2921720119373034	0.89165194509922	-0.7730901109517142	-0.01849311368608268	0.49598809021627877	-0.014277176170385543	-0.18967433627261937	-0.15514326108399995	0.32957898037406047	-0.3926549052616183	-1.0716979033339167	-0.39587691540870334	0.03530311322044165	0.3740372306016789	-0.02663763236080062	0.7343636369358644	-0.10280990985880309	-0.42345810299332864	-0.15294539132565985	0.4051587035482127	-0.08181062581183139	-0.4655196980017447	0.216579439516184	0.5324751021148483	-0.5379099857306776	0.19421275171749178	0.2617113452795076	0.7630694446292982	-0.8111996606027608	0.263330254665368	-0.6922972737096418	0.06186778439793567	0.5698350038594564	-0.2659579531918743	0.42825963692516517	-0.755623603317206	0.3374644730560291	1.0366994810147885	-0.5394982661733002	-0.1675114818328532	1.4249985029900356	-0.5510795797544733	-0.8801906648985619	0.8362352286129986	0.2282966687553432	-0.45558353842252475	-0.25156725506512134
DTXSID2027098	-3.513853690425391	-4.05538673794645	-3.01646592189239	-1.0820483119573079	2.6655183745484643	-1.705365760288045	-3.2182505955089367	0.45671256576204133	-2.901122212470968	0.17483936617093246	5.342471543250931	-1.892062534749895	2.6422491183381958	-1.049462208153848	2.5421861647895048	-0.5361071657206422	0.05539952467032377	0.819894027274842	0.7864993230597627	0.6974711234682723	0.5147488773528202	0.8844466169509417	-0.9308631339860229	-0.9157752999558636	0.8727425589714973	0.6447604056711244	0.4254049464379562	0.3979262249955439	-0.23730822016577585	0.09752240746329828	-0.31156777965342636	0.9673097519798002	0.2680506788581286	0.72700254962958	0.7219331141373933	-0.7655443022346197	0.7582594198154009	-0.2973637031432266	0.9576558849442747	0.4485546955063692	-0.8459087838909295	0.07144315045165409	-0.8579360781571558	0.20861557019824722	-0.07276360413298082	0.03687362331366294	0.410206860676744	-0.9973303294132086	0.1730803645446891	0.1704793211660578	0.027596517614093388	-0.3484793843688357	-0.04950528092281775	-0.35534978298568765	0.40437498220019685	-0.2458240886115778	0.1341552214104556	-1.3153642505886296	-0.4195445171806858	0.6038652824121681	-0.5115182037543122	-0.5531994134991765	0.6396023382932361	0.46932659572668434	-0.19372795733165368	0.050166816513134455	-0.8016246791599065	-0.24383997504842464	0.4946255022944198	-0.1993754616570879	0.39409354395008306	0.37704140345132864	-0.2488884949675663	-0.03466098721063834	-0.3882638617561025	-0.04831960636842144	-0.019775276683348844	0.15146040296491634	-0.22527329173959426	-0.4192834393936446	-0.20338778716678638	0.18780770545964298	-0.6064802831384289	0.6536256294237556	0.9269754480033191	0.3655245057926951	-0.13919770565714165	0.18478294597890954	0.04595588894776407	-0.12712262166350927	0.19438833852893325	-0.47488591869908536	0.16111993570498195	-0.8344295120438437	0.11008422224797597	-0.7848020869527012	0.1393277389772701	0.018525343947718244	0.46943352783281916	-0.5942213007815454
DTXSID4049323	-6.609060835182282	-1.458981237277369	2.0743433130720397	-0.9753980681385428	-1.075801571351388	-0.03460940328719452	-0.5935104744289844	-0.6202093912009871	0.8002449609714026	0.2755054232381379	0.21621748521196668	-0.3631609219987875	-0.08313429413988303	-0.8789745005365	-0.4881444782313675	0.5854886033029796	-0.24013678121920645	-0.15639112537332203	-0.10833905328611187	0.03542592228189951	-0.5927430377440204	0.10680285231150033	-0.06102947153900938	-0.4726673556479696	0.4209163281941009	0.15326794846402506	0.13556599722931073	0.5707652794961144	0.33243869017292044	-0.2389038958828422	-0.321413783843586	0.362137339176372	0.5821586013767662	0.18943478239242892	-0.21616771212096725	0.22036352563161504	0.5653013145852267	-1.0743699555259572	-0.6236701048645985	-0.12082383359252527	0.32461381909317927	-0.9009130623817241	0.34917691082402746	0.14489425775249315	0.310533937645414	-0.35812354559646803	-0.3467519027086656	-0.20531660093796758	0.1039463883705648	-0.031628773685077195	-0.13604308857394265	-0.63849048277976	0.21720402196637836	0.026780589843633972	0.1354173209158991	0.321459997288941	-0.12069270790780623	-0.058423069020068545	0.5792225870020613	0.20936212413027583	-0.6056812426437838	0.229656614248956	0.40998444285648533	1.4151777504551997	-0.8134255327596565	0.39110484164323217	0.6771534604168483	-0.6223042930092061	0.2292682142089267	-0.2847946355667313	0.46844628906077296	-0.2822080516586791	0.03605559106004564	-0.030242332652413276	0.40789151157562925	0.024030142422785204	0.23999816491324943	-0.445381448945825	0.4403704299877242	-0.5960702625581419	0.3513034798427562	-0.14416846710131148	-0.13427890205404555	0.15646459750915478	-0.16190095976976474	-0.41291966230735244	0.42272731363979865	0.5972752513826071	-0.45248365171064536	0.31151107920307936	-0.34499770934780505	-0.08540029619656986	-0.9596854310788264	-0.5494688084154846	-0.4088192763185775	-0.25073848758496486	-0.1354013758990901	0.08101509526389558	0.03051454463461546	-0.21130198432085034
DTXSID2027624	2.2128797669639257	-4.249361598478694	-4.730179398580651	-3.391155966492329	0.7462970430899403	-0.04659380708685496	-1.4806797978788748	0.6404806402653535	-1.5130766422295088	1.8660702207785154	-0.3905479437547292	-0.09216846317242158	-0.49895758293489784	-1.6644501233765572	-1.5908482579003413	1.0060624590363236	-0.41816865375361445	1.4737853777790517	-0.8089769357204959	0.20216084328422573	1.1375564598669645	0.4453639228379071	-1.2198777478679452	-1.6305027172843054	1.2710099649099063	0.49182576634277825	-1.1999529663137687	-0.04793603556624481	-0.17872965243843078	-0.9097315272713612	0.21859459260053074	0.08569369987656161	-0.8976664257681386	0.4880742077629629	0.7694114850215656	-0.8990142278696522	1.0869610448257654	-0.11154352422837127	0.0263245346880963	-0.32980516082204103	-0.03997419518123726	-0.4046417266415729	0.5043114388348601	-0.5308271080803657	0.5615162798898492	-0.03333562811401359	-0.44175645395403534	0.15803351684522976	0.18333760660036053	-0.09408439198789317	0.01904442261470511	-0.07098327315435378	-0.39822288101519976	-0.28637762667440736	-0.41753183997811166	0.1438664384400131	0.2211590991878625	-0.525225293484163	0.6118277929520334	0.006571508931338228	-0.3908268233365471	0.5241357945245255	0.6656291864636821	0.6271525300796378	-0.29415026156586976	0.7142792218627625	0.0018957402104291744	-0.29219368500346254	-0.14694170484639113	-0.9317709954386687	0.4316109742410292	0.47732892275790423	-0.21111001340929716	-0.22796922341500703	-0.8843631398356141	-0.7217155783075812	-1.7957692181030893	-0.2727343772250814	1.1455373215240106	0.6383229655111311	-0.4618470160538104	0.28053752588465425	1.0271021118766521	-0.1304809227018742	1.6720289415776877	0.10111515887892067	-1.244718616761703	1.5820149509244268	0.08467964484907713	2.0676583244016333	1.840859307570068	-0.8989637559988023	1.940846210846796	0.1643316964206818	1.944025095298785	-0.5586314205064902	0.36813987185695046	1.155482581048397	1.9226368373872105	-0.5749474024531644
DTXSID9049291	-0.37104560452311547	-0.49966323787646444	-2.4068742515734978	-2.988705890417769	0.5111226636607934	2.481268308057469	2.547888405501261	-2.726786334410443	1.0388046002155518	-2.0668362576496198	0.30433419681944	-0.9365139540101154	-0.3114350762047532	0.14189679933609006	-0.6498668713776994	0.5214075703214499	0.583969313410097	0.23858399610405354	-1.8725849306437057	0.6703135001482889	-0.9108576065888615	-0.9442229937767961	0.41680841909478566	0.020830186735277128	2.0862859151337587	-1.863102021538898	-0.03437449092684475	0.11104079543421574	0.7591593562001299	-0.5213552556526588	0.34398296688981395	-0.16103906412273983	-0.2553937677215079	0.46581103079173786	0.15265143568230924	-1.0517230596516205	0.9780163561507207	0.1965792678450888	-0.710512667725817	0.12405010230067802	-0.21616906829332397	-1.2224046230476315	1.2646509858393222	0.19779153686695256	-0.6969846159655677	-0.15518001374912363	0.3901000490291443	0.13437716031018174	0.9345102293100142	0.677959905683396	0.29723174036135824	-0.06557409139038176	0.02457258620013251	-0.5356904694274949	0.3963685968311154	-0.24609916948738472	0.22155279789918203	-1.1067983572271665	0.7578499457821971	-0.8804052344456023	-0.33786803216394984	-0.6740290292704204	0.9955009840256264	-0.2998350735791245	-0.08357757579218618	0.9629515338752163	0.6022270348025935	0.2757208079322337	0.41936437145941907	0.6478707375992946	-0.07278486269047747	0.2084909244518465	0.49784123597786695	-0.5213768654821529	-0.3848835696653576	0.22945960141071334	-0.16650334575884604	0.05748015425771274	-0.46509784586686204	1.1319383467741517	2.0271521445480993	-0.6526333139850271	0.7073379913744683	-0.1593328831888474	0.21930872586641276	-0.0880725105531549	0.5882796142555506	0.8999007580230381	0.5200231343137883	0.777298587069213	-0.8246004080531657	-1.3147435274868087	-0.14947443402209667	0.8610620050032813	0.5934606211598559	1.0842857791508023	-0.2789984733889821	0.023039777476002762	-0.5734892577554616	0.2835571385044945
DTXSID3040801	12.57961438525821	3.455178400836091	-4.826882017686785	-0.4677963437481433	6.878423626236968	0.7872705512219	-0.6396272110303827	5.549598024883966	4.258288158449165	-3.0613237796765924	-3.931161727290558	-0.5130345915161894	0.6793504951655001	3.8272130135865936	1.6506923212295541	-1.226645962948298	0.998025641238681	-1.7115087722556361	2.209060560545986	-1.2978155419113697	-3.3409251160893554	-1.2905417202577494	-1.450439927796616	1.2114504786994011	-2.4124433848557674	-1.8393862174438436	0.30584794500211016	2.341464863088638	1.0135116491715987	-0.7545053978316678	1.759560478075965	1.9663189081297285	-0.1961059469565258	1.978810748012848	-2.514682277379716	1.8493892323115289	-1.1296059243461216	-3.4531511928229253	3.8043679603150893	0.18655393660584524	1.153980876280954	1.6044891323815653	-0.6363484208992892	-1.395215049333861	0.07538340123245135	-0.35738228621055834	0.5101664433810325	-1.2796996853866933	-0.10280276559006818	-2.1716681933149915	-0.5536014169691945	-1.8978281601265785	0.9849238777663705	-2.679252444624246	2.064048512979927	-2.9917341230001666	0.33241400688334993	1.5427482558403782	-0.13126973127226566	0.6629067204836455	-1.7069499554776126	1.302390854680553	1.0886624035224706	-1.5192595492273266	5.406614395078851	0.28292441352164055	4.441662069557031	2.5267673387422622	1.3879506483554283	0.9176686487750593	-0.06217963433136748	-3.3051562039856637	-0.2772901659814684	-1.0895794952118636	-0.606673224922493	-0.2532367828067694	-1.7075513843781656	-3.1291182622619025	-0.22010289906653369	-1.9814628610842322	1.4064441140077293	-0.18387034302733385	1.652638879950342	0.08310642714049118	-0.5459699674608833	-0.6527293433796052	-0.4243069066188986	2.423887532950034	-0.1868859289110404	0.5093097876136498	-0.466350688839469	-0.5161839435996622	-2.4482825134530604	1.6826256460336757	-0.31479577416282495	-1.4774643103581253	0.4192300207959977	-0.10380920239874848	-0.036889542543047556	1.7525804088441759
DTXSID5045417	4.257599606953584	-1.0700762093686422	1.8475467712248284	3.008904145747301	1.3859837532060448	-0.9150502786044377	5.757131492058821	1.4150039713627338	-1.1275207061447527	-1.2831361636276788	-0.11444024701709272	-0.23203593986518092	-0.5311004234395734	0.9189011255755174	1.6012625603029385	1.1239357151012965	-3.4312072428680636	1.4671624297479435	1.5106792138786114	-1.0343077042085456	2.6602789606403103	0.15313012307524124	2.161867312923565	-0.8095322995702364	2.660965986187278	4.902901841953853	1.1944842913045415	1.103569405784277	1.9954769667420185	0.8309087964147197	-0.07898617278541561	0.9749981637110063	3.5462345961119355	2.009694292174475	-1.5887187913851595	2.0260769761732313	-1.8501967430431743	4.237394826560181	0.17255930410492903	3.3524039936672216	1.3339224617394185	-1.98355387477561	-3.0463407306847943	-1.1498890977955525	0.7884461058130694	-0.9235882532813627	-5.434837171152885	3.244492964003008	-3.4620737204379535	9.383548006774271	-1.6335026272414384	-0.925648239463886	-0.12080681837488216	-4.990049197427715	-1.3956148433143734	2.414551347665652	-3.660132828418456	-4.790468973584141	-0.13664506918088884	-2.715576904435295	-2.7922362552974715	3.7721380899936348	-5.221131052796607	-1.941529383201252	-0.2148617107840246	3.7128146280933607	0.6219936167727322	4.492624526765421	0.15671171145493912	-0.6892507161862896	-0.36884082315444167	-0.34536237914435897	1.3268231624370466	-2.7539168794406095	-0.4418427988112188	1.1719628887737752	0.17532529887037324	-0.9375710227602595	-1.2345203981890598	-1.3376534059519203	0.5203852188759441	2.568204172682491	1.5939715577867413	-1.156800655908576	-0.8145697212292284	0.587332311183102	-0.4504771876656308	0.7834566891486379	1.130916189052603	-0.3987418042054678	1.5244833307867212	0.16339103663909296	-0.318487893817637	1.485131649586132	-0.05387423046230495	-0.9593951447644404	-0.09804141646368823	-0.07383761080230224	-0.8552870863689496	0.37125257106820864
DTXSID3034402	2.6683040661968667	1.9062387426049172	1.7018519853035337	-1.706418810766452	0.5661997077512609	-1.6235766151009867	0.6492994910226777	1.752009310570324	0.8451917418673377	0.36409906337707465	-0.9514244117471498	0.312189953043596	-0.03815492578460463	0.6168296500623223	0.5537018911202887	-0.4677293869511171	0.09933357564227224	0.2842928129366972	-0.14771167843932295	-1.0875393280691394	-1.2628315011554891	-0.16671175167622976	1.6874452802127646	-0.2920975202608238	0.4855523758925941	0.5871039601102703	0.46073051178086083	-0.36064700311695425	-0.45420368447276865	0.21408042545648012	-1.658968147342291	0.6293297351193675	0.7928571157042509	0.07851268761688296	1.8307121414808096	1.1774733874679082	0.16575116972610707	-0.01564807482418189	0.5306108701601565	0.3544645822844194	-0.38662570395588663	-0.2229465439439132	-0.0361362884669071	0.2831164407365982	0.2603498045611438	-0.46598135541103736	0.2768528169998973	-0.08088533507922788	0.3070919746192405	0.5353320647713196	0.30023618297496446	0.2263526291519501	0.9280335183742835	-0.35276901904720626	-0.26566406973939954	0.5987579573023203	-0.2670144196486515	0.1478594541553581	0.6015450354590535	0.2527893846696736	-0.21536409644680124	0.3769761118462081	0.46038211398735185	-0.4098283956536855	-0.0773846325635744	-0.11345603710685435	0.9532232524544918	0.8397874783145307	0.45193065012898703	0.8629838041960454	-0.4651945128248842	1.7598148871413475	-1.361801686314212	-0.5760788878973975	-0.4642229186111418	-0.7433885238391705	-0.7555071840239718	-0.0804360388067995	1.0871626999498831	-0.3949664074624101	-0.7349153883033493	-0.1119475709507782	0.6251395351507	0.08189015310555167	-0.4802967055216047	-1.0618546643435498	0.36104672238753716	1.7829970896023617	0.8596602525208413	-0.17195437280259002	-0.910228028174695	0.0035872894312556735	0.04352586473121398	0.5779105338643917	-0.5572834143111962	-0.3664659548687987	1.2894224370850302	-0.18530695472975459	-0.006183419683757814	0.26047640553501267
DTXSID4022785	6.5858539287531785	-2.3159858499727592	-1.9209989008037394	3.0775371735731447	5.340214280841228	-1.725614317532301	-0.13963234017785023	3.887027496298514	-0.6056746584001657	0.725853984239289	1.967393993360236	-2.026644636044057	2.5959308905448886	-1.1205686490928661	2.1518811159054363	-3.6063045781263763	2.4949462936169167	-1.2119544616013598	-0.6080524408689568	-0.18679342956495545	-1.4580660207457175	1.0856554946026682	4.988909149268171	-2.321811614872791	1.6187633160301447	7.641157111248522	-1.0244717887588302	0.828146714602764	-6.748851314356461	5.141665139820199	0.7162230598082093	-3.4664784385837484	-0.3719893831601809	1.946651533273176	-1.5946205693144173	-1.4943098844693314	0.07690437668594147	-16.759862029238842	2.188988791798127	0.6395032686065873	0.2332703865982724	0.8859362987880076	3.742087426316279	2.447650409434809	-11.324626407146893	29.86526101666027	6.771889294423485	-9.57495971265824	4.259371827686608	10.775255865714717	-32.954509665067874	4.5567818418768615	-17.405820675107957	-6.440293682640987	-17.452218532682416	11.2407884419156	3.5942865138659013	7.975950036260455	22.375778914807537	3.547371210279649	0.2528020419357449	-5.368720344451854	-3.8156081621594984	-0.8598910011719407	2.922116473037543	-5.901662635494875	9.214719638998972	0.7954830289147419	1.5584760498091932	-3.076483129737938	0.3766883779077611	3.1928601642384695	5.370684287041397	1.1033232226742593	3.722198954354205	2.26329386332645	-0.9746461976555532	0.49514882049342757	-1.1984891927081556	1.275168048758394	-0.5342993672295152	0.04534265960012105	-0.27721226374087937	-0.5283753471200036	0.6800835173308826	-0.03570827683216051	0.8339088706626067	0.4821771810510733	-0.18459258436462345	0.7192474226268719	0.1515372037085605	0.23175261487938653	0.3465607190888512	-0.9545511669289244	-0.043239784344179376	0.9496255207279056	0.5375760464015003	0.50010168181221	-0.4027377048775921	-0.46799950098915494
DTXSID6047785	9.543612601154058	4.060750433700524	0.21538607824421063	-0.7036073635602299	-0.33019644089037176	-2.6202824862614347	-1.369769072422671	1.8793249934005138	-0.9831755291856152	-1.1137308049418748	6.533681674518966	-1.3571834234676747	2.3476070568620035	-0.44111536007381336	4.884451622389022	-2.11804849820288	0.12459869406663604	0.4217678508290388	-0.4028899795800494	1.426009661546988	1.6533677441623635	-0.43960244253343556	1.640981703655822	0.9398009189696954	0.25708196945525014	0.09004489912997864	-0.44800691539824444	-0.9718397824548343	-1.69717430955944	-0.012520855344128301	-0.39146502503462016	1.093636806039794	-0.2596215278840586	0.3995606305466247	-0.20933529184395014	-1.5591228992730315	1.4157181298846075	-0.7853845939007759	0.668059750938404	-0.6088761809066799	-0.49758265714492234	0.07714349419168147	-1.4430683815709384	0.442810865841677	-0.43249357785570786	-0.1627216925168539	0.9477980848287901	-0.3125530658376684	-0.3276026131491488	0.483654717925762	-0.01922854215177411	0.2488617685166227	0.25428531455207165	-0.5908774890213694	0.7942614988356043	-1.3913462261494798	0.4201724944531028	-1.5797284585624962	-0.7308560216253144	0.21558017575048158	0.11377224601079419	0.0620872127185275	-0.7419629547221318	0.6612574373327549	0.03551355157223591	-0.6677838484597357	0.07840084547564012	0.05995193460540681	-0.8764423674262942	-0.9027480397040127	-0.11472004399772798	-0.12112027966257725	0.26588769038113286	-0.2535124361366164	-0.7717094019105624	1.383776422232494	-0.34556426540289337	-0.05912176821235271	2.095173546670572	0.5760728594170798	-0.07083901496117775	0.22248475477304183	0.9836446842635861	-0.039824880968600436	-0.6806623363008735	2.9563484451773077	-2.0209430368716	0.8773396075290139	-0.9179668021559274	1.249279790718358	-2.627042960314735	1.3284544282679993	-1.1271660003037787	-0.3446553251824538	0.23313343677342352	0.9967305515423249	-0.2918390919715346	-0.7819002498506287	-0.5091405389985265	0.625690162190841
DTXSID1044645	-2.3372169894935935	1.7701790817020222	-3.319535659921371	2.5426539087070785	-0.42998456367460314	-0.2665913992910011	3.131184807538596	0.09888767640898818	-0.7333918996271854	2.4995138564577037	0.2503626200053681	-1.1722541740125438	-0.7117912717739606	0.13334675111349184	-1.2225710731461585	-0.24889025559538006	-0.028388062062354967	-0.8781047242915291	-0.2474283012508557	0.6865656166717765	-0.22736765141295454	0.2571933695822865	0.4734785741636097	-0.45687685745124973	0.20761151997274752	0.8094694371459308	0.8134259425940569	2.513619808813643	1.258805324355859	-1.077359735089967	-1.0497799325852804	-0.8613217673082262	-1.6758707373471582	-0.6366907261949752	0.9798513187221383	-1.2139620042153105	1.129052887569005	-1.2066746312803762	-2.0777343782615745	-0.1407807109719041	-2.6698248396117017	-0.1933191305023702	-0.16460547870520684	-0.8417905721604517	-1.4598817360990088	-0.06692768914763642	-1.1422585656436028	-0.7829964815946284	0.1629602957105969	-0.2341750911428035	0.004037425671730441	-2.5553218929376382	-1.2860555977944526	0.8096585935503606	1.400290016036126	1.0737667623840066	-0.6183100882446481	0.5264628431050227	-1.8789902869406772	1.8057758098531682	1.8018355210833465	-0.5178020418645325	-1.7510972720090001	-0.6726513923522359	-0.30132308209296405	-0.1741550503827556	0.8233237683206548	0.10567986365276531	0.4816219679046932	1.5813744840321309	-1.2209221242502117	-0.12614145237890967	0.014518766405196571	-0.5633275764531563	-0.9163430707788669	1.4677437079609226	0.9291117315870115	-0.30444584723102486	0.8259872545006143	-1.0787775944135074	0.912197785320857	0.1796611197867884	-1.2587238270428283	-1.0068072209310557	0.04129918761714626	0.11527414499439763	1.2703590553913149	0.7106846810880979	-0.06833618244331391	0.5537940923469993	-0.2057008594862463	-0.33630058973704074	-1.0190604694199337	0.36641761137092393	-0.446362702212199	-0.22376846805365974	0.16638290020910207	0.34364414925470216	-0.47490971308462093	-0.05026913043048041
DTXSID5045419	5.249462738233364	3.991357864692164	-3.5257378019783134	1.7322537596696204	-4.844456321530183	0.26600254835285664	-6.135767247788511	-5.585811299471122	-4.679996258155319	-0.6028653342882008	-10.895036455198545	-0.920443630655091	12.537960593032977	-0.3477765671581517	1.7478162386196305	-0.6040330787982793	-4.722091461044149	-0.288553997142485	-0.9614729669120341	0.21432609969703764	0.3744805892099622	2.2722841552010147	2.419207994983462	-1.8085337688545151	1.6006893791236598	2.675251312811377	1.2409875235382462	1.0578697724851482	-0.09545746186645088	-1.720826126427855	-1.544945966805895	0.3983493275403826	-0.713715298302222	0.4226939386183863	-0.08760073724525529	-0.4390418895656756	-2.345623500948422	0.5675384293299518	-1.758159770175304	-1.1398277382666577	1.265204266743683	0.6198031177373196	0.537551572371856	1.0420926422793388	0.2843905832602803	-0.05384584635903105	0.5077143794280593	-0.8748750337871841	-0.5301255874363096	-0.09241915715797394	-0.0049657350149258485	-0.8139756645173135	1.220202412582294	0.515965867310506	-0.5801364486032718	-0.405046222091584	0.6497670211035511	0.7703133237463435	-0.7000681635068225	-0.501890632301105	-0.32586363830484955	0.23826518121886944	-0.6877115905050115	0.9856707380813972	-0.15438978021553879	-1.3582441549002815	-0.09274409158949322	0.1323687070910833	0.4457661741533252	-0.7215466056134908	-1.4262578607822727	-1.6953173393276828	1.8853541736093367	-0.8896556938569227	0.10168608675765822	1.3757010431748995	0.19672079138482443	-0.7486705931328477	-0.42156834870864773	-0.2680031507962104	-0.4865609758751135	-0.6761901104986013	0.25833227236525763	0.5254800030327242	0.08162859561300242	0.3852137046413349	0.5163663860044769	-0.2665231408795441	-1.1226001229832923	-0.21610932264389401	0.15340529807188852	-0.005418381021012521	-0.7598698313086117	-1.3701870199394057	0.7188303046137223	-0.9207340225519305	0.23818943802836876	0.1748548235424387	-0.21678986508283968	-0.014271520877315296
DTXSID1026661	-4.922755807573438	-2.64018928084007	2.616697618921524	1.0472880373176674	0.8171941883193939	0.3458188048688115	-0.413733206460035	-0.8786085557595734	0.0330605160401312	-0.6717702788267451	-0.46106392008586483	-0.27754141921978015	-0.002003189228248343	0.062196774217388895	-0.03581031254028281	-0.3434829173562489	0.6784003150776287	-0.49870179005437143	0.08439701149081032	-0.9334003144546801	-0.3364314382500247	-0.22723070259393285	2.3435921087344296	0.011599995873841975	-0.30046609234696486	0.15121178681135233	0.33302050489462764	0.46031280373930406	0.05337316934407958	-0.6062160344100379	0.3887285688297906	0.9149068224631893	0.4084002749478672	-0.4153803985093167	-0.7563578113423409	-1.3868886700052476	1.8505686285286047	-1.3762726379021373	0.4234169466804038	-0.2466339033739881	-1.456360593868447	0.4561831671213929	0.6720254441618929	2.111959938848232	2.7348365447800553	-0.29341518064276045	-1.935548347689682	1.660334712363304	1.023488190151899	-0.690179054949194	-0.20854480394927857	1.2368965791385886	-1.3410496163219032	0.05965717248554763	-0.02216629385982503	-0.7411644086105732	-1.754233035537745	0.9790666734246942	0.23616872518778925	-0.09412595791823582	-0.8233155308874163	-0.47872356407495037	0.08656711289973042	-0.4069318023905689	0.7152138156511103	0.10794159763091972	-0.561356641902046	0.3218372068697489	-0.3037548217254579	-0.5638738010951001	-0.4591977973594067	0.13978793286389662	-0.10328623805813464	-0.11980193792121573	0.34747262811428936	0.41097076160170687	-0.058205050258927395	-0.709258278923264	-0.453468306605218	0.17397380814271324	-0.6707110736033762	0.30783889925042807	0.12903608064426347	0.31260465950589783	-0.07739022800994787	-0.21998480049693456	0.1088974223858908	0.5510780851552374	0.25919200534870446	-0.22268380891364586	-0.20027606621138708	0.03648065661929736	-0.6667357538905225	-0.22535323761185044	-0.34301169586452257	0.19258959299678308	-0.11375429248958649	0.2691153724707124	-0.13985583932090684	-0.12389134225843275
DTXSID7027047	-0.6018800255727205	-1.1648260788983618	5.474374285958167	0.9716001399037061	1.7355045818644872	0.4785045417081674	0.004178766356864642	-0.9910477133038128	-0.23153026062890797	0.31531146686017364	-0.061673686918511286	-0.41297213151571716	-0.24306010699029507	0.1996433606847987	-0.7646756181901473	0.5641909891441218	0.1055068347999151	0.17300194184227397	-1.2547601453868855	0.14595781867387997	-0.013928633057994999	-0.6054087093629067	1.8413402933435892	-0.35001510480607007	0.20180000948634064	-0.044793031313405764	1.2477284826345896	-1.106806915464598	-0.20216026226787462	0.5062204805269702	0.46012424049951545	1.378131055958473	1.367236861879468	0.649469570232029	-1.1573435171772608	-0.19728154205261775	0.6078746464215434	-0.6849847497198616	-1.1276125648746629	-1.2678633677857651	0.6689392195970277	-0.42783285706473584	-0.3364272255381985	-1.0350064251258244	0.07749238027675452	-0.3935183277850986	-0.5048903799027339	0.038610239036545105	-0.24423135174059046	-0.04588327246932968	-0.13822135081957132	-0.4751846228437342	-0.03439295190088036	0.2082918685225637	0.3247964455265702	0.605771249386195	0.8786690072198131	0.21138380539204235	0.029256815899711727	0.4177880793892229	-0.5975514333115982	0.11545884149158053	0.02692023343265002	-0.11021417856441297	-1.0029498556123673	0.22582531187951313	0.6363041128440309	-0.7050454283459578	0.40666416670206085	0.018263385896324785	-0.9350887056738959	-0.4990839862229108	0.6768705837239276	-0.08690105059138435	1.1424725679247094	-0.5406135397828588	-0.3440426173674282	0.04733767143421786	0.01340819824833086	-0.004084742897951476	-0.004946335965190262	0.4582475914970425	-0.28513156797189537	0.213877136579228	0.11816036245331019	0.0035854092624715626	-0.3568685131281023	-0.6955184519242009	0.1760853102902844	-0.09167639426783718	-0.027912769218987474	0.06643496470060849	-0.20813555782896567	-0.00906694665498449	-0.18784843592331557	-0.15087729437252526	-0.11034027703825379	-0.198231390610229	-0.16509553085369028	-0.22616843683478097
DTXSID7021815	-4.80497918899732	0.903752765468471	-1.3007444170558746	0.42742466608443647	-1.8148883480121745	2.0568139018474674	-0.545407554685709	2.1189930843786686	-0.70637037473494	2.4615066476009257	0.24865039187811122	-0.15707021271345326	-0.20680082953048354	1.3107511180266131	-1.55586974312363	-1.6799158274461254	-0.008290300615645113	-0.5075545621054438	0.2875903988291454	0.3642760636167159	0.5906124578945385	-0.08103576627849605	0.06075898903092536	0.36874952908979297	-0.6729785507281626	-0.5171799070766276	-0.3031043884778806	-1.2840054759911639	-0.08955972302743774	0.1505545221873829	0.7503524877977256	0.4134391392950832	0.17396593344198363	-0.611172516002281	-0.65932278063343	0.23885031952341648	-0.19890273630987632	0.4035437955059854	0.049187564667502126	0.37211025229309097	-0.5247296773094193	0.08416872341124823	0.05814644593651977	-0.010432932611704809	0.1534439225520743	0.10715958011551145	0.10035008002342126	0.15758166501710505	-0.24808468973967027	0.13469020894196096	-0.23458035368520824	0.06538591765593718	-0.19171167039083295	-0.10401466410724082	-0.29570873958137356	0.12070087939647206	0.03894123490837337	-0.43235156658135326	-0.6442525656053394	0.069364141612935	0.546724857969486	-0.40233211869034197	0.3573782938333514	0.2114684269400015	0.1611008724432101	-0.4649765227466559	-0.030056700760592966	-0.11320914455678029	0.12052376264154209	0.031738409761502225	0.15977723644990396	0.1757750651865245	-0.1894857609013943	0.06418753387192605	0.2256120444402555	-0.08389747395244171	0.45295194126109445	-0.24567831657433467	-0.31240593013439566	0.09857623861129565	0.1960475572484903	-0.10698156381427214	-0.09364638747454287	-0.013264755177181689	0.1096609651152789	0.24732542928018045	-0.11678982682276284	0.17986564053658474	-0.014000966442885317	0.01967329734149422	-0.04752596566351614	0.04156069226568481	-0.3962953568940374	-0.07735722778800898	-0.1352711557841183	-0.1880891726350425	0.14835470482204935	0.05034677719954629	-0.04844030231469222	0.04468090463499343
DTXSID8024448	-5.005154773435523	-1.4399474481129877	2.086125765289032	-1.0004271996413647	-1.3178200748557627	-0.08991201348568181	0.50840209884324	0.8884735495940265	-0.31054219658033694	0.03677949663870847	-0.34979221192077625	0.3153442758056188	-0.07754371779306198	-0.35855088613747793	0.49126206555802554	0.20248108561607653	-0.015374481463187567	0.08535247031816982	-0.4995361797117755	-1.049619243472422	-0.2763578352010865	-0.5653377006662326	1.4467542976336383	-0.09467424593352403	-0.07562448181259951	0.42436613373292853	0.2047531704254139	0.4936111891907618	-0.3063993095213407	0.31700768747123426	-0.0704408355074982	-0.5716631638628717	0.12492354031915859	0.0370734814010644	-0.32480403108081335	-0.10008982728167728	0.1377075819636802	-0.3361598742954761	-0.18478533447426038	0.2678270374872355	-0.2744640700144374	0.11806834894240952	-0.14403699071856219	0.1278717856871821	-0.2663876811894763	-0.4102059612663168	0.28485372425991523	-0.11223248044299186	-0.11095273306418962	-0.11758868051321214	0.11921973768494261	-0.07895863808824931	0.30364439458256604	-0.047266378276260866	0.15785715182257004	-0.36347647322090054	0.3204477176361879	0.07351486502364409	0.2804902586676642	-0.139022823716068	0.7178702238679391	-0.1267830486029442	-0.3745270071074496	0.3100457470777247	0.08447756645252456	0.6447168867824912	0.32292395088319026	-0.35588823953511545	-0.2648126599668155	0.5127368988723403	-0.373073618524465	-0.09514384148407153	0.02688166696901741	-0.2103402822344764	-0.1562255299415855	0.24805382400801815	-0.9789086367939411	0.20300643646506783	-0.05715908615514327	-0.6831459830264046	0.19462963568330702	-0.3233527819970162	-0.5665906961176246	-0.7451157448003719	-0.28220468727301157	-0.28861355602313205	-0.011405480358545094	-0.6458658794868329	-0.5840088726425426	-0.18136868622196908	-1.049985063649152	-0.03848335041061004	0.20988555627771463	-0.33610593233022834	0.35855738873376375	-0.2136372406566029	0.3292530409620903	0.4252239141475907	-0.2082816788244871	-0.529987837662086
DTXSID2047309	3.3603838027919246	4.861590769915092	-0.45932040009401615	2.5050699241394594	0.7039363019500176	-2.428257601143219	3.1838021718438085	-1.2607625904654232	-1.9665164472747554	-2.0234245529836685	4.0091233661433385	-0.8734188621766434	1.6538838884960934	-0.6307544942982884	1.6808160796326117	-0.7182468677379341	-1.107552728597294	0.7777675396465925	-0.30182616611604657	0.7583363866097205	-2.53131051434694	-0.5006675171040508	0.7595997050784695	-0.6774906813644593	2.0500652516706452	-0.8361649857850992	-0.5732985967550305	0.47474857715678714	0.4967001754849819	-0.2567567906386945	1.6353559748844482	-1.2512947014724098	-0.26830918142108673	0.48236710077516987	0.6002205379906583	-1.7964819544530504	1.3165498077709363	1.0265801193584068	0.5240901824007506	0.2901306615383194	-0.16513026789705162	-0.13666237315910235	-0.4531481984960175	1.0367561310064004	-0.6659368008724666	0.25245746368062527	0.6570216967728075	-0.6485524907623779	0.8603620031239793	0.5502399991206502	0.6825781410228914	-0.1479055782602947	-0.09006359991065359	-0.3214671092622694	-0.030009419106656044	-1.022095496690609	0.9200897265865596	-1.2529128665417877	0.4637783840740863	-0.3755063946614021	-0.33045799596096664	-0.350543373317919	0.31177889141212617	-1.2497551034532481	-0.3012612619148697	0.038675409493883796	-0.41931874373629063	0.07370946154069788	-0.34078008326756837	1.5935150059796719	-0.41921190910537054	0.5531234205458123	-0.14331291978216992	-1.0514735699252364	0.9617741412491077	-0.13482175572941127	-0.6209419006562078	0.04599235842525516	1.2603293073149582	-0.7806685669663781	-1.1450260702373698	0.20669892046246435	0.5802017727816378	-0.1282286204513538	-0.769000837882094	-0.5957420105093861	-0.5643020672530012	-0.3395163482570169	0.13642780311416677	-0.03315464653606383	1.4287084349474557	0.9873932096115444	0.6178114438884303	0.5677936897109651	-0.532559002334553	-0.6635657238367711	-0.4372453522712698	-0.292765941165077	-1.2307519503303792	0.11357035050704814
DTXSID6045539	0.8168822738591379	-0.26239777729792285	2.449759945221272	1.8202316169108745	1.0515719709362656	1.3524743362600233	2.0901603404288225	2.2514179901474565	-1.2539197284204828	-0.738349076965924	-0.08671890009128211	-0.8567090428760176	-0.4476315170933068	0.48978404626403427	0.6282397857989186	0.529808458076883	-1.2188725370764788	0.21028906008588896	-2.0310674534513056	-0.25418771548690516	-0.4361587811908639	-1.1977524774566246	3.0730963123188166	-0.44145786941280374	0.37346204119236515	2.9065782164675116	2.0388018563857715	2.6423229145329086	0.08926498653686989	-1.5040300692502833	-1.618541649896407	-1.3515905877550998	2.7382415259088533	4.213680734581163	1.2590316603411709	1.8414206028838653	-0.12190963145000203	1.9182757697810404	-1.8588213847977786	1.6830413613487174	5.446237085756799	-1.1036423323420417	-1.1218116286856084	1.4708993658781673	-0.5359967137697706	1.1314956362757165	-1.7637161822614442	1.982746291607735	-1.0300016664303124	-2.849775616682243	-0.27286293307976656	0.0448920022532329	-1.2216180685037588	3.19243359751686	-0.9033007925963392	-0.22936383815099837	0.3170165298183526	-0.904683117440254	-1.4087036173529044	2.949845673913195	2.2204363354702306	-2.6502545648628333	0.34952843395420974	-1.0505029670928936	2.618365984440382	0.27091398615517653	0.807577071756588	-2.43494282906842	-0.34713411832196533	-0.3743434302641665	2.0187497336560427	0.2120364686345478	0.23826962471402438	-1.1593080198506824	-0.6565034635374569	-0.4371667424720386	0.693577859170029	-1.0067957973395665	-0.22231079983727348	0.754812986040254	0.06637819852292794	-0.03418781026379493	-0.03209894642091212	1.2735274893636601	0.4594068699959362	0.5403413894481268	0.25113862350015614	0.9293704409305273	0.5691427213831047	0.6861486288009991	0.9311675225577685	-0.4046873924593655	-0.04684200771385964	0.11697566507818503	0.24920112459196275	0.9098382396280074	-0.019700344964050584	-0.15072224907895693	-0.636138362423578	0.4474439060958745
DTXSID8044919	6.6723171718233	-2.2732680921330295	-0.7007691326424713	-5.932344557903214	1.9712496451798993	-0.8444477561470287	-1.857509401557845	3.9362516572800565	-2.5475625903644823	-2.0456095180529124	-0.861135048315192	1.1191359450434961	-1.8525419793651872	3.7735154849799994	-1.6583608268589787	1.5706221746473767	-2.055130348842497	-2.1439143375504415	1.2488364991856842	-2.0474657995632954	-0.24671011126741543	0.6999172950259815	0.3978628772856598	-4.927464603111519	1.9490373945634811	0.6245659597904177	-4.939021479258882	4.0979790082209995	-1.361250115637349	-2.178191519723716	0.631005038245564	0.7174493457929724	0.11187439620463176	0.9685774058628466	2.0098731055402936	0.36756868739817866	1.021440495843105	-2.7488595887929006	0.8747425604696684	-5.390945559862136	1.5425824504152945	10.709866405491885	0.5094047866203336	-2.6976765201992197	-6.560850348674118	-10.725635807494513	5.301230725564804	3.7677779594426624	2.805676198577002	4.91467470616854	0.5593817311892065	4.432445289452143	-3.0933223461071098	2.46153032262282	-0.6364941189345397	5.128690460192179	-2.828002523909253	-2.3677261486149126	0.12576984120204437	0.8002890271643492	0.008590985010807782	-0.9855987618946722	0.14438979320133033	0.38688000068002004	2.7592049683587514	-1.4782451796369283	-0.35609241582334783	0.8345653657167954	0.5707264585431667	-0.5522864841662545	1.80278711161161	-0.36500155108505206	0.5785867256710542	0.6658878395833269	1.567342983775533	-0.08888051470063243	1.2650911301738912	0.3131333808145674	0.3429190519557717	0.39376438143827697	-0.13322346294994905	1.024417987494549	0.6653370658195045	0.3420442966257018	-0.18377167305570336	0.09677425710928658	-0.5151417274666285	-0.6950048678307115	-0.12559098073866048	-0.15747681773195482	0.9401494981378254	0.23779813994290372	0.38199379171327513	0.3153608714398401	-0.31705610032607695	-0.17580573439454872	0.4489056663658848	0.12344733586322504	0.28612094416568673	0.1847270374709935
DTXSID0022777	5.1793623647119915	5.360736345596867	-3.77220469123486	-1.031183363697256	0.5106568829097535	2.085776881603815	3.337317533323956	-3.5935435755736043	1.6003625818633471	-1.0096667336548824	-0.07697402177541932	-1.140248910539293	-0.09754592251006208	1.153332918757287	-0.58624311175945	-0.8942854644028111	2.195780821919525	0.4592015050862423	-1.3326759029136286	0.5369134265199392	0.43041310343873074	-0.7323019083543492	-2.5268985420311587	0.9188645087313112	0.40110158124569084	0.840703094250096	0.15331815710440883	0.19381938480860403	-0.046137494009890104	-0.7016740191630403	-0.9211227088574103	-0.2002898880464114	-0.5259912045229115	-0.073778630578955	-0.02218845132921489	-1.3430524469018024	1.2207247298169912	0.24386521088871685	0.5436805012069607	-0.11785096801559966	1.121530586734192	1.32644611012677	-0.7385913064820155	-0.2634621804789637	-0.6456136150177807	0.7941664575419027	-1.1939596516161501	0.0797569256396097	0.06346995252714648	-0.19511083133251927	0.1041617916928452	-0.1475697558987793	-0.30503146910299267	0.35844951958783805	-0.29841852186089035	-0.30861408159890535	0.5536664277067386	0.22264276803510288	-0.0022760300649360883	-0.9960695833453119	-0.37397086881276403	0.6249635593582968	-0.01629386149906939	-0.3249033326502941	-0.4786370572221003	-0.7393128960998663	-0.4650175466519137	0.3265579673597125	-0.4402544605697847	0.9751527048874324	0.9969693952226671	-0.3742993327736205	-0.3324969900159291	0.40408107215203637	0.9147087660369616	-0.48877847663456075	0.2502747139024092	-0.20075327908788615	0.8511303388354143	-0.4376719566442524	-0.14365753751238736	0.9969426272496107	-1.4773071875137018	-0.1784355404976739	-0.9743413433850103	0.22356993615663717	-0.020187472018901618	0.12854212581338542	0.9276607235822294	-1.3891943303006786	0.1057987935255669	0.049662757070606474	0.33057733344896156	0.7056314566011587	-0.10048310243756099	-0.992742642510987	-0.6586797432576715	-0.4504069925126289	-1.8958906740771024	-0.3717091080764451
DTXSID3021518	-4.455177732554934	-3.0076677657303166	-2.3360476213051804	-1.0675719777584791	2.1113414757029325	-0.7695404007915498	-3.6084831789273077	-0.07279944366256137	-2.5784626816023497	-0.5482620048460353	5.583861525089576	-2.4465965907133174	2.3525630357617837	-0.7539458643398342	2.123214777022126	-1.4576084513437815	0.6062634604945587	0.6107410753700255	0.11188372267784673	0.7640774595879762	0.15963041309930895	0.7567037389462946	-1.5982375364627333	-0.5065053734279394	1.2161378281737905	0.3643848745901682	-0.08055832389271207	0.026253139314897558	-0.2284545362925075	0.364688346599985	-0.08473109627142524	0.9305118905855532	0.010342773830877637	0.38223713363179246	0.3849355699358395	-0.9407217826296778	0.6560606750561461	-0.586524348418033	0.8883080774451231	0.48218078296903655	-0.673573350316088	-0.43864968643530605	-0.8691337476922032	0.2854783178118951	0.07727423312846006	0.13627244949207748	0.5899587833839961	-0.2805481985433585	0.1624627824189636	0.15912117438968434	-0.058203495489588045	-0.30061383246669887	0.03901704629219835	-0.25547836668290824	0.638448063397355	-0.5379093833793471	-0.019993579767807575	-1.3814079373686632	-0.37489394785434776	0.35112562815046783	-0.758962977434217	-0.9500777989210892	0.5297158163572837	1.1241353105981087	-0.05310055208006594	-0.34936541282341615	-0.4990700008374443	-0.22824141327620148	-0.5802951042715552	-0.22117747609027585	0.6706871432496628	0.029278089536537943	0.24935918622782108	-0.07707507285799235	-0.07398110389271417	0.5660302552800272	0.17419647914982922	-0.7897645873624473	-0.38238652766716946	-0.12239125461593874	0.5033449715374924	-0.3152268256010599	0.032115484320655835	-0.1906498613118505	0.46841334362260884	-0.1459103053323067	-0.5177292652935639	-0.2020044930267721	-0.3170626731160173	0.899051564425564	-0.2180110871647093	0.748863443578575	-1.1148345790743517	0.2785556175886503	-0.05504594431380548	0.3665065300886977	-0.7159767633299486	0.164095430314385	-0.09339403386401557	-0.05644533294665431
DTXSID5046069	0.5132841257858793	5.43048917594703	-1.0292460797164207	2.678247560006761	-0.03425892069015674	-0.7706868365791036	-0.46507096633789446	-0.7636551800969387	-0.2854609803215255	-3.533142108152619	0.5696751703612732	-0.4794564970523035	-0.9678885779692664	1.0414208984175806	-1.4538779896146505	0.5589006879279323	-0.2553431351910281	-0.22254644564932277	0.17973943796780242	1.0362910128135319	-0.8823388363741675	-0.4106191580210828	-0.12187503996709592	0.43313626867276916	0.3190525981047127	-1.2465386930895082	-0.510430819986284	0.6918508851087832	1.0140098458771034	-0.5737873337972736	1.1430541055794092	-1.6659289165774083	-1.0886323330905026	-0.23250430185467183	-0.05865021521904659	-0.5455768823559628	0.740016929761462	0.26782735913135564	-0.8602669864192597	-0.03358621983367511	-0.05406706659470719	-0.2510574757185461	0.3153288579899659	0.8737286005846844	-0.5476526528007467	0.011296107624203744	0.31805099494536027	-0.41095932762619664	0.5210910304340474	0.6405729730593062	0.16988467951578262	-0.21923502152216803	-0.19345128633068912	-0.4209400399326588	-0.7176998593790406	-0.005393930748682676	-0.02769762148642033	-0.4600609829852262	0.0014966611361599473	-0.4470991845222533	-1.0766038968204694	-0.41302067830922623	1.5637131452959072	-0.6220922612589588	-0.4732881041778515	-0.030178801791372088	-0.25816934117383894	-0.6869585745345115	-0.4534764113329962	0.5349444552978271	0.3154505966133065	0.24118832648499386	-0.0662919557570155	-0.5603940665655143	-0.2059618074242397	-0.5989603453686208	-0.668844285020389	-0.08785205727838985	0.061483730834443744	-0.5484400601831168	0.33876491857672797	0.1718363105885827	-0.5570618221685261	-0.12920913430404635	-0.17435861023655463	-0.011750656773942544	0.25242296057069596	-0.03340299924811958	0.10865975760311405	-0.10023912860314374	-0.22771216700819055	0.3765730197431823	0.03251893448660644	-0.09063275753907077	0.3530038320960312	0.3526416826543529	-0.02859948655630464	-0.00806035575749351	0.26641126859363373	-0.004565299562045194
DTXSID3024659	-5.599566507894822	0.7501760787514072	1.1724021273601677	0.5721955263003007	-1.2745125876968673	1.2728884096423376	-0.2623066863325208	-0.28473504555221263	0.8214127686736843	-0.30718508019566504	0.3095563260388973	-0.23870840810050764	-0.2285348642853562	-1.0181715049638487	0.2376525215760389	-0.019027720362840478	0.5592786342958143	-0.05023335117666917	-0.45938615911326414	-0.7793203141774598	-0.002125995783848179	-0.6196636104359325	1.030757548482868	0.1832325385359795	0.1069779134373183	-0.5735618098259097	-0.10765942898808734	-0.22252373538828588	-0.31744756221954756	0.15709262432856294	-0.40743718175798405	0.44197572958009584	0.824703858805482	-0.08091865806166293	0.25938685616843676	-0.03156359504231769	-0.22839957065939692	0.040902748295637704	0.2042753783527549	-0.0202939644596246	-0.2006847088590847	0.24982665158472522	-0.2109484850590308	0.1136447201486741	-0.6170056653481785	0.05708502648588736	0.2110403535084429	-0.13817740979745974	-0.11129636240804097	0.13590783713655524	0.09270655145324741	0.06912914866605484	0.22324347827542596	-0.07521357159791459	0.14668470749984022	0.08906578112985801	0.23590461311347208	-0.07096147957793476	-0.25539749047174226	-0.2224005634808824	0.3519072866712322	0.1693277063762752	-0.08974788649529591	-0.17473555301356022	0.12442323510961899	0.062185061593117534	0.26236498571730094	0.6050028424249834	-0.13627197854525996	0.19088015260360033	-0.15780533167873895	0.2649086406924963	-0.36475526595076996	0.24758833179942683	-0.549517936249815	-0.01789922596553387	-0.221056636301442	0.08079419022565036	-0.3868441306001202	0.2293952583813714	0.16775854790803021	-0.24031054935109303	-0.4273443524285208	-0.43985764233117763	0.15919576468533814	0.02486887879773582	-0.2927141127568119	0.10268259882280187	0.17425897922107803	0.2035680982312057	-0.3087423440262623	0.300529480800718	0.19389948486560918	-0.3181352007029373	0.29956181285490563	-0.35299668668078976	-0.014407036326324656	0.2635543922020066	-0.16525039285887025	-0.3974730492822327
DTXSID8027292	-0.026442391218059934	-0.827412586494365	3.759124579239707	-4.129675786170466	-2.0911483276606333	1.7384342846276242	0.4599576646166724	2.263691517663426	-0.8607069406317802	0.8691042346908895	-0.1451159027406927	-0.6527772793146999	-0.13071367564202496	-2.42166599875208	0.6868401041853631	-0.11086984107589688	-0.8592760333483032	0.3762065258746873	0.2735612953298707	-1.3478440195014902	0.1727368606087129	-0.737303494869266	-1.0622050250152464	-2.0330931513455863	0.24372861003184113	-1.1597566797086816	-1.0528211583643168	-1.417168653608651	-0.5266390123870599	1.4122283865200056	0.3802174825462956	-4.205219374110864	-0.3690313812832807	1.926613433630742	-2.3775663514792282	0.015146408349636648	-1.749641615510532	0.062009343967850794	-0.016721152289211446	-0.36099014563655596	-0.6632777311068232	0.5343038239875538	-1.0224569818186313	-0.9369914471187475	1.166118508051164	-0.32415390042955977	0.3671964464752893	0.9224040357026079	-1.0742239951502495	-1.0475936389836784	-0.5219409947789361	-0.34275684994393435	-0.76604276003196	-0.27425200344166134	0.307409746709812	-1.0720731163984538	0.3110618097402572	0.42636405186234244	0.5721539632478474	0.0005729105490462626	2.4435757948174186	-0.08863694507021361	-1.204034453759315	1.0025988078205095	1.146377382501934	0.5364804016895539	-1.00992168190566	-0.3156264781568351	0.5042112364977923	-2.4436171570820826	-1.8709004557056201	0.16930337666270606	-0.5866244360396212	-0.7038696849486415	-0.5750759818850613	0.0535938067055332	-3.472798677748404	-0.07193296859915631	-0.6720326753704531	-1.599890240775141	-0.5962191010359357	0.31714243466902764	-2.8168807146118864	-0.7081455220760177	-0.6675605754029519	0.01589432470571118	0.9405496347887949	-0.5344802518163937	0.2832319167579508	-1.4582626859596743	0.6011109285717077	1.6008630179042258	-0.28351275601303244	1.265128901881411	-1.358270291865797	1.1519962110318729	-0.038491305890652375	-0.19987788277148244	0.25122152448857243	-0.7034636741145466
DTXSID8041745	0.7489097641148532	5.062552946322748	0.3762615123109316	0.14387156650942654	-1.552265053215252	-0.6137233892737515	-0.1304048124031122	-1.6511515856432084	2.0108425665821716	1.1619698461657195	0.5823537669256081	0.1243849682348011	-1.087266725045732	0.9742924025894334	2.267562941678473	1.1808114860852559	-0.34036491989277745	-0.13851565125784082	-0.6205561005333643	-0.9750561026193688	-1.4499896093898244	-0.17102558295574682	-0.36658511203545757	-1.1589519744112977	-0.5935978398199043	0.753511023677129	-0.6942556479497757	0.08280658190005713	0.3952105418601002	-0.6700052796247681	0.26954816643994167	2.7292278689318197	-0.8680659060444261	-1.127221420652144	-1.2655946966112797	2.4667683215165415	0.3495391438952646	-1.9454108107253594	-0.6123660417604033	0.8570258716174018	0.303793513551501	-0.5995970328407904	-1.1974452866590968	-1.1185931333863655	-0.7057886098193581	-0.738570696874518	0.183712688656713	0.23802390924964206	0.7421617490858752	-0.37820774200789736	-0.2832928521541261	-0.2028665977097119	-0.9303626410673826	-0.6380071491964945	0.7548146172350533	-2.103759310074828	-0.8115793782786709	-0.8002725665242827	0.6599707207720519	0.4079605174932987	0.7596382252340895	-1.321188086215624	-0.5561780298358188	0.12126548873446011	-1.357766841493558	2.813797805008775	-0.1305771068236836	-0.3260831144635279	0.07765453224166834	-0.5084827023801197	0.06729339795597657	2.1438094334002167	0.8601720738732138	1.5741182970993064	-0.9155771647494374	0.7067522022851659	-0.13069508202597746	1.0951890377428284	-0.8399870112170894	0.8104172616595494	-0.12437330188972305	-0.8169599397731069	0.5092943428724235	-0.019036502548631318	-0.7234772460064135	0.48285626268082793	0.5153442037343265	-0.2721109168572057	0.12110621701114613	-0.44874212838063327	-0.01305007752123328	-0.24399978647844253	0.5306953318728507	-0.36957336345705244	-0.49760941440443884	-0.1694566784789846	-0.8436547100501671	-0.6504772576459731	0.2516703369624579	0.37084221720137
DTXSID2047141	0.502234484742837	-0.9512677805837731	6.103133219946232	-1.979024898033313	0.6151124282244178	-0.7048502429078947	-0.40986951314983344	-0.34409594452325537	0.8312386516476699	0.5895352348267169	0.6769590869474527	-0.1469220978644388	0.5311855188253077	-1.4220321540158172	-2.398928028398888	0.24840629763229158	-1.7064147721507457	-0.5279258550681095	-0.9360603125706741	2.118289906772671	0.021906535791234312	0.9367533253040238	-1.2420691435382802	-0.7063209605543768	0.6525193640134211	0.9060208280664832	1.0559398591640765	-0.30096660129256275	0.3306517202051779	0.7382081798398614	1.0603393378961856	-0.4088886911900519	-0.412494103508999	-0.24932958114697115	1.2051245542570745	0.6851338832789523	-0.3514533003892915	0.201313221694574	0.27029667078612707	0.46341109257679586	0.5806325415772868	-0.19747834712712925	0.01718321900091093	-1.1269374307751157	0.43441905433855704	0.2879038642975708	-0.26926360515343584	0.6076629991527223	-0.007210706806303834	-0.14843160490656182	-0.028037533494458346	0.3102094751301761	-0.24627097324665861	0.17824441756154774	0.3563404535425353	-0.6786199741188086	0.28302812940017774	0.21320595651902116	0.2179202517436784	-0.17066241057138937	-0.415839337641395	-0.6660504972411135	-0.771495865707369	-0.4786161405879973	0.3781900979825031	0.7029474237396359	0.28744148925523927	0.12761094238604	-0.25776537990005743	-1.122953824834719	0.312839561725145	-0.45492761885065214	0.4162953192718352	0.08728842983525154	-0.025023649867154305	0.0949274278258178	0.7257592899984263	-0.5411276324444143	0.27629043593820224	0.05642542670450429	-1.0073988879788491	-0.09890368724987257	0.39935627121754147	0.22183755275565842	0.06447087731086905	0.34286899237266705	-0.6462376145325001	-0.507911503044974	0.2861168698501912	0.017578378165391352	0.663072577942163	-0.22501675956813316	-0.6511980691456236	0.7279455541034088	-0.24065559519497218	0.36334998182307837	0.08184042349140716	-0.3455878964508562	-0.3356708826153208	0.9154275177929379
DTXSID2044266	1.0179230555424248	4.669135687570649	0.9185745875391631	0.8693932966062141	-2.5644274543551653	-0.8343356997331625	-0.5555080994936632	-0.052289763755252294	1.0881494715295013	0.01493149817956974	0.20611263367973257	-0.5044430602800367	0.18219063345413816	-0.13564967991400365	0.8305209370268197	1.1585877608377828	0.2855492826964567	0.7704493506810923	0.40203863209923174	-1.161041699665153	-0.5663550147724469	-0.630572160063605	0.9293060467807218	0.9159383316740977	0.10189266873168117	0.004786258521558483	1.2641477096377909	0.2738484612327224	0.1162451713171481	0.26740256067684515	-1.6762767005819845	-1.0218513493689079	0.764940274815366	0.21350710558646238	1.235184754409485	0.7377214622234659	-0.08053359359000595	-0.4833222947490871	-0.12356179261919256	-0.6904275773311218	0.4822070714182358	0.14450495131929292	0.23173546230591638	-0.12863865006359584	-0.3830780395570505	-0.20593153584991192	0.06937099342728872	-0.24532407694216668	-0.11016065124220445	0.004842535843574178	0.07595603372824876	0.0179043209802306	0.8494691518639232	-0.16245837525184892	-0.21290035472232172	0.32687585373613576	0.22542218286057095	0.18080644183992747	0.26533052080778763	0.25528141832555495	-0.767461201055721	0.08290834765164631	-0.07606307489624885	-0.3123014966997874	0.032512789568012276	0.538421065653095	0.1335381022508298	0.7826310376382462	-0.2820126301392883	-0.264079195621047	0.16997861642166953	-0.012811098871877187	-0.18095223334952354	-0.5113855782095791	-1.0509200593619896	1.0133460773362504	0.25007357399519514	0.8493819840300422	0.7367551541633893	-0.37818407767463535	-0.28534822002910193	0.359650211559953	-0.21485330269377087	0.7168575093055504	-0.6460273905796518	-0.5450649061769075	-0.19314038455845015	0.3390949673141464	0.3088885496569252	-0.38884753102033354	0.049279571149066816	0.03862779833050436	0.27441449055422545	-0.08925091563035185	0.4428001364363516	-0.2511081943120425	0.36911653433736274	0.024266611360135	0.3619100970881172	-0.7327887851833749
DTXSID3046405	1.8877688376414155	4.5085702020280864	-2.321220876736511	0.8990442460557414	-2.2195515555774863	-0.9960319418176758	-4.214448462469689	-0.7306046915690828	-0.6776391358099788	-3.46099465549417	-2.3521177119070353	-0.013583590185264342	0.12606075430556024	4.654245984721996	-0.8293772145303584	1.009954090628506	0.014484016053979419	1.6966626098807205	2.9255505991509687	2.1205627419750854	0.35535965932804436	-0.16433989259960866	-4.030023780304882	3.02554994329236	-0.5006107927193966	-2.3874933193474006	3.854241716284232	1.376405016744853	0.41556507665672693	3.5903928803262364	0.39719637839196886	-4.472271849083069	1.9316430690481767	1.5829101721999128	0.9333979187088767	1.3953578077185904	0.6265215526292732	-2.748665661992753	0.9741290553353089	-1.426385251191126	-1.318064628350391	-0.5017038347405617	-0.40447538915784853	-0.41481608101686096	0.525781967565641	-1.3903531454114788	0.49265270232908503	-0.8044578022076048	-0.24538463722161796	-0.5596402484125041	0.24671484046794206	-0.515550494613513	-0.08028006416751264	0.07258386328152897	0.15032812780930868	1.2292492657968845	-0.636717672711515	0.0524325572649751	1.9376007079472584	1.268990210031617	-2.9134197490172147	-0.5791986362891482	2.714137592587475	-2.9832458784260587	-0.4863113910307132	2.0358900033478737	-0.7325172368399367	-0.096040085990643	-1.0601584625509635	0.317077865223971	-0.23194856997657715	0.87287986738721	0.7536063131071021	-3.828980929860583	0.24683338751073955	-1.696020358888204	-0.3295783700496857	-0.316222001117499	0.8236143508727802	0.8459342423293874	1.136335885572765	-0.1565651585472736	0.11213872740686277	0.5350991041135876	-0.8807264345810545	-0.20349342138950585	0.5436054910526743	0.9034263987606812	1.676073342427253	-0.22876924792929404	-0.6167208662832848	0.5254456184001258	0.9742197076891613	0.39557321719611954	0.9687199590256627	0.5513346265833607	-1.3931989599035097	-1.1304379352146443	-0.7803421992791014	-0.45846788986378856
DTXSID5023908	2.05520908114082	11.09069005569989	1.049039539485918	2.105280559356754	-4.025185439733049	0.7777725022018386	-2.3171102808168964	-1.9643058388786694	3.3076362495114107	-0.6568875656190925	3.0276375453763396	-1.0646636306809807	-1.5235844939589382	-5.04006847963322	-1.7379201341720278	1.0984687008980354	-1.3876389531594724	-1.1932377661172702	0.2668333364929594	0.18090934736186928	1.0538851431986584	0.291186493882797	-2.323096298027473	-1.6157397458445468	-1.3857902651779765	0.5183832203192118	-1.341981255661965	3.3684894524124434	-0.36082578479279365	-0.6919000568004106	1.2648763119203337	2.263736389071613	0.8482746593491263	0.23372081631364144	-1.6136185054254952	-1.6895948547976476	0.9625154630901938	1.5749666841271919	2.2066274890779436	-0.9765673228975686	-1.126944874645878	1.1345342405613872	-1.6376459909206975	0.3937976033646532	-0.610025512342837	2.181492346536432	0.11223882304446377	-0.40341053675941957	0.8536774172434579	0.060484239124828844	0.5838090009792188	0.9620498175849039	-0.8619680858626286	0.9838960482622084	0.5602101808436954	-0.5983507610377309	0.710951928599601	0.5082336730520028	-0.5369323182391779	-0.44191944845608133	0.9068352680753018	1.7799190359907642	-0.2031517237547712	-1.7057515990420522	-0.49618070548729803	-0.9585382123666703	0.03149098871066684	-0.643320084847346	0.748512551172849	3.287423119165886	0.4382761691645965	0.29931144200337423	-0.26891336406578087	-0.8161542182299756	0.2478650833335103	-1.422653778609761	-1.3982608192414887	-0.03757798734322107	1.1084714750890723	-1.4553318285818364	-0.554157907405334	0.9850237567117857	-0.5018493117594487	-0.839981781551211	-0.3831346217017347	-0.4960331871017652	-0.2626699520865359	-1.5144461072130304	-0.5757130843341742	0.6873423287190196	0.44626115157434976	-0.5412971730113859	-1.157658156800756	-0.0034658611144245755	0.43447845392319806	0.36211083709400954	0.5172399763176285	-0.7918504575188057	-0.4196378790567268	0.3852643247331902
DTXSID9057688	0.7408774472920465	-1.9931391556867972	6.400373406947196	3.1318963898810264	1.1839730189299138	2.2353811933702388	0.39789729545184505	-0.889041919288745	0.17988064785656635	0.39241960200788883	0.021205807544296636	-0.6049229477999054	-0.2569767207064303	-0.5395901230597396	-0.22049229204841048	-0.5903596356627271	1.0930829619049804	-0.2453831492034541	0.551651314684243	0.1760713790836889	-0.42866173065971797	0.31580775529121874	0.9119134563015854	0.391201775134059	0.267017865243984	0.18290099547919333	1.4644001638570479	-0.10449516195972082	0.2731195350140965	0.04014871843083528	0.47863992557678775	1.0265802182133883	0.5353301731293323	0.09425385625853719	-1.2233150433216688	-0.2714238110738782	-0.3059492503176904	-1.2168453618388075	-1.42903177334339	-0.5416912452426319	0.5922554084165993	0.06364733926134168	-0.6227985858342183	0.045210519435298496	0.41777412074919507	-0.7008421046662038	0.16017218846099762	-0.40124061887583024	0.20741223361650005	-0.21939104352021868	-0.13848663717817306	-1.1541767788220374	0.061486828127739576	-0.15961019324663528	0.018624150320559082	0.2234233372026893	-0.9027479789648726	0.35274604375550384	-0.028451184061885376	-0.43003638169029634	-0.8984904190537578	-0.13049984906335962	0.5416409100803389	-0.37573953302823315	-0.9106564780699654	-1.2555164191732378	-0.41952777786904405	-1.8304847373941127	0.20169087644070496	-0.4048993788304528	-0.26593269640266104	-0.7297265022447372	0.4680148096302799	0.11551730478229538	0.9803986302402349	-0.2680616893003284	-0.8454561451558796	-0.3847623206054158	-0.5864289995190133	1.2648085673316807	0.08469598598537881	1.6323856637910306	0.2573727862591003	0.07030902309124909	0.15041204078901646	0.19379605618220178	1.1129494151530748	0.13309810366858305	0.05346469904740637	-0.5854690689597328	0.18546247565855636	-0.990428758243225	0.9648889402482714	0.24324474108935562	0.7332643388905941	0.04489160308559534	0.5712627722142776	0.1521601734683486	-0.6368118217061365	-0.2850506120362594
DTXSID7042065	5.092266853170057	-1.0887216591226503	5.318098852984166	1.444029098365156	-3.4828871190315174	11.919399308256876	1.8116875634327678	6.059681848407562	-2.3653064088444262	2.0019701796177984	0.830079075184523	0.011063557683924065	0.8209957417113231	-2.9678380177106343	-1.6450345536578284	-1.4653627707492691	-0.32855218420934823	-2.2144657886530212	1.8083440057777045	0.18960133817746233	-1.3081829290397398	1.280171895188842	-0.7820778409705031	0.684356568144213	-1.0645907370008403	0.38326638592642837	0.8958672010291525	2.2792904890413843	0.48255276021176474	-0.34298535306273875	-0.8829477109268511	1.5882407915531518	0.47606022096445494	-0.5084708621457447	0.9074984687614407	-0.18016795585406706	-0.6232579571760809	-2.5788947612601674	-0.25629940954800434	1.1160383354585544	-0.6670933520995607	-0.4014482842256371	0.0071886866444064255	1.3150374388216481	0.4519331995539527	-1.471106693558544	0.22858831710783328	-1.0442345513956497	0.985848025301189	-0.18288577295407177	0.2773491558150234	-1.5158294275247164	0.8667515578661434	-0.39011732145804273	-0.07913916818060945	0.6379639277385306	-2.223031725787237	0.2668610535175544	1.0106754218723109	-1.6880248033798249	-1.7250837797587353	0.08530651245457356	0.458893422768784	0.12304192278492712	-0.8136847539186429	-1.852481850639823	0.9700508904030622	-3.1381374574626646	0.04918498289078203	0.05950892320090419	0.15317920559795556	0.11979185939682972	-1.586685544580591	0.25770805888902604	0.9417124574384744	0.5827140982194516	-1.8189946208509877	0.2125390134185365	-0.1892610641032438	0.040462419940874	1.5328519760240529	1.869547368558872	0.5938116818489598	-0.3475765293062375	1.4827407089813711	-1.307890414489633	0.39358827282237496	0.598580000259128	0.05874583829294395	0.5651323965190653	-1.1738117557538046	-0.037551588117247924	2.7157075308090675	0.5571736581663397	-0.8023466782586581	0.497373513832781	0.4349813163523952	-0.15188260785444319	1.3564744517406788	0.1877642737680369
DTXSID0041698	-0.43973063671732354	-2.8073586519585083	-1.473514830051217	-1.4329112542250018	2.423426291693757	-0.6094965114563032	0.8062569404695894	0.30008487255102734	0.08600476710008788	-0.09600528667862265	-1.7442491174496841	-0.2759657380967363	-0.46984078602739987	-0.24430284896944382	0.41047142126259806	-0.09070263739667683	1.5791479614658344	0.9660772179174845	-2.1804681484211312	-0.7618237743715286	1.479294362805666	-1.095552092643664	-1.1554626313293401	-0.9666778404548849	1.2052613648305477	-0.18376021533481632	-0.013037908444922822	0.7178962279567056	-0.07751681881846348	-0.9764317084486894	-0.6876922138621666	0.6968801445127862	-1.5687499135698297	1.0137279579734841	-3.988829801343533	-1.1225810000177705	2.0547528435562907	-2.1652128056648787	-0.15063362387055085	3.0120689222710557	1.418745509075232	-5.385026962799504	0.34389382015097436	0.3794492953030927	2.7458213316189193	-1.9797288711143028	5.248958669943662	-4.393819639053582	-2.6285462112772002	2.7653117069408792	1.2128204262389066	4.087405511758041	0.13738801672325243	4.457133208274579	0.9613501318304507	1.9542034397112635	-0.43664646666642515	2.6745739266175255	-1.6141694360560652	0.5517139137492936	-1.3002981361602846	-0.8587444060386021	-2.251832738959212	-4.235309263844209	1.4452150562901103	-0.15670742920467268	-0.5184654945715353	1.7456994662925638	0.7026732527067961	0.5594803537719392	0.3287704753715351	-0.6580919380346887	0.3702311232112433	-0.006988124393869421	-1.5840475339146525	0.45292638916147904	-1.088823234345598	0.4642538766615207	-0.7479046514129737	0.5332088226622561	-0.7124558521686168	1.1825725216318448	0.21246951358447153	0.20416650862678545	-0.6843192333698372	-0.18239038686779668	0.5785438081156938	-0.6784829070967369	-0.4460285041165543	0.06261736802946023	0.34983997808090783	0.47013684168591835	-0.10822409378403275	-0.13653889165404048	0.03833587007417975	-0.8241846079572022	-0.2830708451463344	-0.37167998654876394	0.03178338967703054	-0.9489456129427613
DTXSID6025276	-5.576421618088291	-2.7547142668352436	1.717990501641486	-0.9072393485691094	-0.769565710857408	-1.2440796667561103	0.6422043755605773	-0.47628100823218344	0.6990275305157583	0.6847780652124683	-0.3539369416769505	-0.32442906187130094	0.7692084010420338	-0.42176224421566144	0.3470352544154754	0.4636038511791136	0.04551890551137089	0.4028120971562113	0.058788622531448946	-0.5135972980146025	0.5708460444843297	-0.18535051379832174	0.36228988179585087	-0.11024165786425871	0.0933192711855196	-0.28871360217050485	0.49275349253532874	0.3043956147903073	0.25604217624679226	0.056247443184897286	0.19947604492538346	-0.1742516608211816	0.4398206221617003	-0.38323420623736826	-0.43938933492464655	0.25307098196974886	-0.107996476491468	0.07424167906895568	-0.01643232546922406	-0.14043402738830915	0.17548708228393692	0.20350825680685666	-0.34499909020278074	-0.23720608237368754	-0.15753704213070122	0.3276797934100797	-0.029089841418310725	-0.0621566620786584	0.15766941173862456	0.051440823195945264	0.0060007987676876165	0.017771321004612865	0.10485006307886982	0.16365226673864688	0.12731821055598747	-0.13159236754834464	0.26702176884037454	0.15308942965148037	-0.12439953020369383	0.3012966973517108	0.07652552142214683	-0.0017452909351123476	0.02135585285112782	-0.16565420340268908	-0.33531346778238136	0.06919886087480231	0.033464343022666015	-0.19192485289596437	0.040108411100054406	0.44565084994873966	0.4799165979990499	0.1439747296566337	0.0065483418950257185	0.06459460226142932	-0.5352174506566929	0.33074460306280307	-0.010079263737220437	0.3635532642157605	0.27500651093368944	-0.5807219997105388	-0.15284519692322945	0.18597887509035554	-0.2764281442625247	0.1897605796229051	0.0392641395184209	-0.03613429883843272	0.11308112705937505	-0.22028435810945723	0.018282784394228504	0.04580785207672206	-0.23089423102921353	-0.4460576798234709	0.4696526059912142	-0.1358651894996231	0.35407895337539425	0.1575272800489631	-0.014507013339118953	-0.30140817633747863	0.6929927484569569	-0.21282602786723598
DTXSID8029159	-1.2553257233559962	-2.355538396389887	4.323664969722056	-1.2267666162503343	-1.562394725555602	-0.656036968622553	0.07586235099199168	-0.7300176788670159	0.701334895108452	1.5014312139099488	-0.29531311310086894	0.031078434229903383	0.7670063004133633	-0.6786244405062384	0.4728360317237666	0.4576550764409528	0.4820858986087172	0.9644155160178762	0.4592839555436829	-1.1606324925537006	-0.39841576359748077	-0.0856990706233942	-0.9377352417122595	-0.6269181667573848	0.319396293569757	0.02007963360165147	-0.43557285170720217	-0.852173601915534	0.5724647500260185	-1.064479666203006	-0.33472346129779357	0.7005547852927354	-0.15964460568481081	0.42327696799033543	-0.10228883433290754	0.7713222181362629	0.092534653409907	0.6928859562757944	-1.0915573040551074	-1.207074839107242	0.648579978160058	-0.10899049632488529	-0.461877266855385	-0.83739543633974	0.025229122263240485	0.5166961946973215	-0.5095532276741235	-0.05684595097522508	0.22139742845112007	-0.5007448167917312	-0.1868117335668661	-0.35601997072059705	-0.2530924765560793	-0.06650215399863568	-0.251516469818693	0.0748388948555975	-0.10133970465278756	0.49328998061410523	-0.07741245763562142	0.5717995658916548	-1.0119957556096877	0.10818180330641752	0.7319167756647802	-1.0666906836278636	-0.8302494190715384	-0.35748352861600063	-0.8786206452278398	0.7034416359333807	0.3437193258829564	0.6952159254389433	0.1666610282951392	-0.22956286636320494	1.417782581106421	-0.25767923095927925	0.19171478271711231	0.18050769859482338	0.07575627251545887	-0.41670871020955935	-0.6165804088624005	0.7545398824573577	-0.41367635468270275	-0.6681681453734151	-0.3859938786269815	0.02083342931857616	-0.23371650529352836	0.5885249207616094	-0.14405450053645344	0.03174356065103066	-0.51209864714609	-0.02898390497369777	0.14545020731176322	0.5665408623280246	-0.23573043695668194	0.49987592751963333	-0.5384027603811504	0.03219188110959471	0.12911460189900445	0.08869273769667768	0.08179595194468954	-0.45689535186779073
DTXSID7041544	1.883768161231176	0.9282685226738092	5.880153957528942	1.1012776706954166	0.8811622235081374	0.2640832269202608	-0.007484054381510633	-1.0782270501283426	0.5578438707023804	0.5211061730421066	-0.02424561144234637	-0.5645830684919031	-0.436435368744875	-0.20010591820296558	-0.18530811063220612	0.3769621636317493	-0.11342908285383539	0.6207538028091599	-1.1183112586543453	-0.08288752119579977	0.27714289565862965	-0.6401931239490373	0.9444866093278285	-1.0260923377156086	1.146294296262266	-0.30787725719631936	0.1544099192848695	-1.8647794709355665	-0.4467377740292203	0.3579490331625192	-0.38317799869207303	1.2499801257529466	1.4573929556834782	1.12079882151581	0.07138007921340551	0.8274754431393503	0.07190943740793468	0.9251653077810779	-0.655026815752724	-1.090283962322394	0.5937581738250933	-0.26176674438921554	-0.851144435913257	-1.9130637622917652	-0.6812673092726097	0.6933229614980451	-0.3634769341824892	0.46321495634741544	-0.1952101819057979	-0.2744197490155234	-0.16968143431967486	0.1440588977727517	-0.17819571561737438	0.03358845102956332	0.37076064212661836	0.4916535501404422	0.7132782429914182	0.6719356393639571	-0.4570016676153081	-0.22929178783458695	-0.09131397724700033	0.2853912610903644	0.3052826972150306	-1.4739750706972983	-0.17592500261568736	-0.2980543705606991	-0.33459816232583	1.0623783375933409	0.4086270596392162	0.6089056441962561	-0.6436469937219221	-0.04021720483826988	0.5018674768882991	-0.49596693556088695	-0.11694637059533952	-0.1356237402093075	-0.11623097099235538	0.4008463431341666	0.4471966135262346	-0.3755360106028887	-0.4633468540116099	-0.021248810464756566	-0.2251021084383423	0.2915499753070328	0.31684042387674316	-0.02346361774896247	-0.21327538527108347	-0.3264846903661132	0.5382820885482122	0.04505951389650791	-0.2313554082806214	-0.039809333576323026	0.16476121601054622	0.19871710436987236	-0.17072559019703415	-0.1334985692263349	-0.2277918668843982	-0.8789600392897539	0.2412681816843245	0.6499851760450387
DTXSID2041545	-3.6594820829436174	1.2303747091020374	-2.407236947536711	2.9939666751170586	0.4348390023786276	1.0912741714960905	3.25922004374888	0.2877235052720471	-2.1029274747756923	-2.658649455614219	0.8726008027190559	-1.1319678063065677	0.5565719278349591	-0.46854378007772673	-2.4154235752262143	0.9772399958253407	-1.2069551663912064	0.9448680534282281	3.6363145923056983	-2.0704315870633363	4.0817413095901784	-0.09824662228241378	0.3847360777930294	1.8571718144544052	-1.3297432585275655	1.0872684637156456	-0.4780628441926052	-1.4597848240440463	-0.8171199837232732	0.13955975630861628	2.39464827490987	-0.9106047401831789	0.49012544939296665	1.1243937432000282	-3.341216450148367	-1.5547319258498278	4.742321667403144	2.479780281116317	1.0035241770953767	2.4222675623271637	0.14293964868410908	-0.10054651605247918	-3.1059293933937218	-2.878324352668478	-1.9591132336046224	4.532233796021498	3.5864558362766705	3.6871510063184267	7.897636052517881	-0.3957394323533041	1.867715166668712	-5.274624390939475	7.444312868522942	7.227817004265143	-3.390927786536435	1.4473074691856103	-5.98054671889847	1.1082986439478695	1.607652524038673	-0.5247308729347747	-0.17793080393749425	0.2794040002186355	-1.1371585530275972	1.400738783423185	0.5752109779916397	1.8153598504993451	1.9835107486635122	2.190110271711069	2.2574529669256336	-2.5645078470623965	-2.8710123803825343	0.5331394124410949	0.46022206841822877	1.3403109093189827	-0.4346738230080771	0.019400402120767903	0.7931112631991641	-1.4800908030166402	-1.066825888157198	0.5507272752043021	0.015551177715000253	-0.2082474566177301	0.6705908020457054	0.23877919552315524	0.1270907405578307	0.13529246568798947	-0.5277826760764956	-0.3123105578833164	-0.7623740345756438	-0.31351720803051925	-0.30884457376947494	0.32853304563855756	-0.16897072463283772	0.042298136755899524	0.33759316051171295	-0.4918058101509722	-0.012790937549228656	-0.07255200705095795	0.36869559905277366	-0.07690746877429165
DTXSID8057776	-3.7621018834775946	-1.5124618728868267	-2.8104589442146932	1.7858135091445646	1.721057911129287	-0.40340192266852604	4.163120305283186	-1.5585959213032623	-1.0882187514570505	-2.20394790408803	-0.4419208051818816	-0.3168682944656381	1.2360114179763872	0.40776730887405943	-0.5389201061899551	1.3254412826607385	-1.19694511229771	1.0768426283765662	3.2282063455514676	-1.9427901826135048	2.2427843027331793	0.43074810100137384	0.2873545923009148	1.0916094306503041	-0.48076200385250584	0.7533335793294783	0.24505051107529524	-1.247218244240133	-0.6287310996420455	0.4281118570144102	0.8023261150269696	-0.6507020427405227	0.6766775579109143	0.0060121664111760014	0.01923119090088021	0.011511274428409858	0.20773524465971047	-0.8994665020190945	-0.48148658990228277	0.3175204371873049	1.341170219731028	0.316291194029738	0.04051581247491823	-0.04239530109275282	-0.19047502279043801	-0.692362949433188	-0.5788728118561237	0.22951133614646277	-0.37288123101046405	0.054144239244284735	-0.10009149205676722	-0.5446363453854273	0.09021650407532039	-0.05324822466485599	-0.15123463711890608	0.06517382918107391	1.1197183377258806	0.16854124698874254	0.21781317526711835	0.30147844495125686	-0.30014418040519075	0.25441133902033247	-0.3684409180600771	-0.2926330215080829	0.04098905107939265	0.19359077513943942	-0.5554716754347176	0.5136284242672275	-0.5263881557046239	0.08685339166311891	0.5318114384033489	0.20060143356762158	-0.5479703918736553	0.9788061283144778	-0.35740788884646174	0.45321366830226256	-0.3521123056582227	0.9241378665265672	0.058519709994537955	0.018507378519421764	0.12705072336605583	0.40838050059070297	-0.1544637620582015	-0.0032682238432028975	0.03724632236349668	-0.13136983546384867	-0.0027447214897889116	0.5771769289555775	0.13011124751514955	-0.036281934116985354	-0.9504277388784944	-0.5786767988155204	0.06447139750290719	-0.12083103459484146	-0.6349873036386509	-0.12150418293314033	-0.6180025526463188	0.287467157442787	-0.4539310120931399	-0.3906969407803821
DTXSID7047061	0.7581477135198524	0.1825581218681965	7.448516549348214	-6.977476769651562	-2.0267343469495205	-4.457217065823502	0.7456333592044776	-0.9789722255234315	1.7273300179302629	1.1818577326393398	1.071352006728908	0.8614731406048493	2.6725203668378956	-3.510684966105863	-4.175038240187878	-1.098577693103327	-0.4093650582458746	-1.5250214783218565	0.12691059287971765	1.6511793716874452	-0.39230474342639204	1.2048762823441488	-0.99860349625489	-0.21794458406530756	-1.1257030947593287	0.494714365924813	1.4648054248075206	0.25569335697841206	0.7243344499636025	1.242682877453427	1.3895456859307795	-1.525990319663538	-0.44937076407516285	-0.372159969648112	0.5068135684929501	0.685118648907486	-0.9322657528823026	0.15872384335580264	0.06272671211193256	0.8661370855664129	0.19212062910701658	0.1855286220130491	-0.24715176187019508	-0.16590831801522216	0.2900906722327721	-0.020141624680192104	0.4422134381821506	-0.44944856879104267	0.06394812777248711	-0.6451017034693053	0.09839241983877713	-0.19047811468049694	-0.2917496494276172	0.328864506308362	-0.22837972038873633	0.20492170326203696	-0.3606763535418666	0.2824791317902726	0.17977897865643186	-0.46799407852563557	0.2588903482329851	-0.5460893669573565	-0.39918667797562474	0.04218961761409402	0.5378883001491024	0.9812776249955673	-0.9641900714968312	0.6884836526685605	0.07578554784507016	0.056174189492681895	0.8466042250669831	0.08463587713323771	0.5743409706901682	0.033057891379190664	0.4089266087555993	-0.01654827834968755	0.4320205657605161	0.04157612191124047	0.2573192943749464	-0.11364100306970361	0.8345508102214907	0.046199893702038634	0.021990426347556463	-0.16326775407434826	0.34497562699006384	0.042876024702606944	-0.3222268583014904	-0.7516399544583107	0.11058650443696275	0.11434028581338622	0.005779174896874226	-0.19516910947150623	-0.12138691745066993	0.14610250340956016	-0.08192763265248373	0.2776297993110324	-0.00550679054850417	0.5954994140213696	0.4387301375905936	-0.31910473851055043
DTXSID2047060	-4.133585942152856	0.4143792855746089	-0.5949066160938499	0.6080197427877391	-2.452637926285236	-0.5663610244251016	-2.1180386632163897	-0.4157016320434225	-0.029464249503725174	-1.8427793793009948	-1.3943190834474242	0.28297456610939425	-0.2686868963818623	2.6764443802499804	0.6784136491032055	0.39045406836638186	-0.25466975895883853	0.5330399028360053	1.6733303963908441	0.1188104374779899	-0.22206968125705465	-0.548883857702952	-2.887893802974291	1.2256125778602844	-0.3003189108232959	-0.9106043058749579	1.7632859377979644	0.5927891895879792	0.1414560862777086	1.3169874938419233	0.5595317807614238	-1.298783524164263	1.7007163422971723	1.076959266450566	0.9013324410901457	0.037358110664256955	0.22007023499875997	-1.7982056087484717	1.020162240950932	0.0411612205645141	-0.5055687222260961	0.2894024916059912	0.1433785746753375	0.5870613251367568	-1.0085480472890145	-0.33402086684621424	-0.4717621022052047	-0.8334689573872137	-0.4304089738759559	-0.9649496098668088	0.18743666062344583	-0.3860280568988192	-0.5760740334518824	0.24058324787186744	1.163582880329546	-1.153145389179782	0.068776237381652	0.011879665638802474	1.144999474594032	-0.29497519362210234	-0.27252399076582756	0.778446150897693	-0.8680484776641433	-1.5336739359720424	-0.22312854425510742	1.3572015235372448	0.2608005920286827	0.050679912168238125	0.4056773262645896	-1.072227483402637	0.5685603302509331	-1.3153086023966212	0.3170418238849413	0.08682880480677696	0.3351811129434694	-0.3530011247503418	0.2541431013560454	-1.1430772780204963	-0.4461163100955763	-0.24483537413930515	-0.19690318862964531	-0.04579456364920415	0.08275521684059506	0.11158541074556157	0.4877503013860951	0.28795152372686417	0.4487824550319151	0.5845896467335732	-0.834953778312766	-0.05354645344500454	-0.19123015614197952	-0.31156577601060986	0.1415917992665252	0.06487252393471053	-0.1252128847789322	-0.310730922592921	0.07064549465551574	0.16224045952888425	0.364091993687683	0.04578359846259474
DTXSID8057699	2.4359694603065725	3.399575274528975	-0.07918685774229886	1.0310605359045608	-1.2616633808925546	-0.7173161475424498	0.8405793797373542	0.48000653419723266	3.1384632131301995	-0.21925520493829043	0.9626846481576734	0.050876767674860074	-0.6682943622011362	-0.20653672253554062	3.2214115202907894	1.3038215279571823	-1.4913063048883086	0.7327563311164639	-0.6455332420554997	0.08382102916256574	-0.22448647632764582	1.314459207821049	0.004623353491852012	-1.111437290697948	2.3258013498936108	1.085046945302435	2.298702406754213	-0.9813025283924154	0.6510962470055494	-2.1222144752542964	-0.31182403731008407	-0.6703780286441066	0.007651234127751135	-4.525315065459121	-0.9349334391727023	-0.0896599562760807	-0.13471763318569874	-0.3551976748910723	5.27589487875646	0.28409915024144805	0.9147590538431777	-2.110559590930731	0.7140342709346532	0.44031288601800334	-0.5100792655116618	-1.8711826347832663	-1.7659127721456143	0.5676981816145782	-0.1925102316188462	-0.4465788815931851	-0.08031543185740514	-1.3215507879811519	0.07940544420193474	0.3642625557282472	-1.434527992432223	2.115960806506324	0.5957117984837155	1.4101090354476107	0.551319420146941	-0.9144145095351511	4.264965245561395	-0.23510347110399452	3.480743039884729	-0.9566759799045685	-2.0727919345954433	0.4862811154692202	0.7804755710278308	2.2537070180936114	-1.3042918047360026	-2.406728748964173	0.95113472508497	-3.145562037791325	1.5874920760663196	1.15902536980597	-1.3810473867789081	0.9645966710929615	1.4511401431359285	-0.7153047409519991	-0.09348382656990839	0.3038160469092379	0.17948674662782432	1.3393744021708593	-1.2301576947020356	0.10910556938352746	0.7735917669514524	0.6994021344723427	-0.6439608683116355	-1.2352137942287118	-0.1169043010512611	0.1325155971018546	1.0836291632361676	-0.42872575665652973	-0.00307479649493451	0.45517045150491725	0.17213819487811974	1.1722009985781172	0.4832366927108358	0.15682285212434766	0.5131010104032501	-0.759008870218276
DTXSID0043892	6.234902271258455	5.7261206354033645	0.2945646061587012	2.744255374857653	0.36801432688835084	-3.1595619149860155	3.288442316494418	-1.0354360324345762	-0.6776282801217114	-1.6022288209717945	4.496438764515865	-1.6574231107174824	1.7944622374041308	-1.8233584434790004	0.9853566985549796	0.10506111807178668	-1.281511619106769	1.180537455276981	2.574425421609079	-2.0296477977487806	2.41253619378436	0.7113877708052264	0.9658534722892725	0.15536729583476053	0.30486095799511775	0.9498744785186435	-0.9489106213223408	0.00815524526979919	-0.5372709293454664	-0.4048998386436709	0.07745603922526072	0.5431220296634021	0.047111816828800133	-0.8343424216398937	-1.3916350075133606	0.9967565420479763	0.16768916071301454	0.38165696224452395	-0.21489770470454012	0.4747150166303859	1.3269225408051977	-0.948311170848507	1.6938929103238192	-0.12362205917293534	-0.7087880787215685	-0.39196269564843833	-0.8089722198191713	2.100756779952288	0.08316701642777603	0.3699376713580776	0.10328173387742984	0.8337376403850212	0.15648414484688433	0.19742373784445053	0.9987320693015569	-0.5069600019420908	0.5593199615921366	0.7308940085139544	0.9967979728941686	-0.8736322169161836	1.4360656742233933	1.4364303409202703	-1.523328352622578	-1.1413779348856663	0.3142403532552116	-0.28624577626887315	1.6128674820195235	0.5713750821441116	-0.9817217334080738	0.9461180676934047	-0.28464731452658176	0.2033540995190887	-0.9675634491861381	-0.0679364724006693	0.9612565691078168	-0.03126840814544819	-0.6269316464202989	-1.1131645010954505	0.6300238750301663	0.20203617818625014	-1.1694745982248222	0.18583261677170634	0.5388798146807822	-0.8747598066107064	-0.4474044990813758	-0.3647957790915488	0.7602113039508268	1.4579341780047614	0.6686822438106228	-0.6985974947144387	-0.5263145930637603	0.07341899018021902	-0.03391038460306785	0.1038706658926023	0.6093787566438799	-0.7258945218226812	0.09924463748590011	-0.27079438318421495	-0.040285534953438146	0.466923436112155
DTXSID4020294	-1.3525229827422482	0.45015397493108317	-0.5399010925653698	0.9448217236354065	3.4430590902881453	0.7190799345252726	-1.4324935357054074	2.5079399082664353	-0.04269969272752655	-0.016777372771018994	-0.4215369060267457	-0.4054090311297003	-0.3650710316159362	1.230114625250832	-1.264550698468119	0.9972050230586514	-1.1893877570467084	-0.15768726738792452	-1.6772699052952493	0.9704676582139845	0.6653347565888124	-0.2662436664036387	0.9823316566609192	-0.25322415273008314	0.11623099786177599	0.9713107383032109	1.480765579864896	-0.2098907044102968	-0.2112522122344863	0.5175707927038943	0.44376709105570306	0.5932782241233826	0.8021892446615786	-0.098766610400695	0.9376618997835742	1.3117198965489179	0.01104277176829866	-0.012011406262515907	-0.16533654449440377	0.08230388752830028	0.9308267629707098	0.0894284917606916	-0.4719560676207623	-0.17378518182823938	-0.0992237802054022	0.497135867918589	0.3490618123042069	0.491698295254338	-0.1259623079142764	0.24647682617759714	0.030365198689210157	0.4338805416798027	0.14975645075066424	0.42224380734935435	0.18411770940005712	-0.1300006248728279	0.44686017174936626	0.5449563070026422	-0.7551773406705308	-0.2637769892337372	-0.295200853017523	-0.33262143555371687	0.010707582489762172	-0.06427624828388648	-0.597729406811246	-0.10769002399122832	0.24792413652138703	0.6175436436629551	0.11118268401156602	0.4102584711170691	-0.9500496794980426	0.5101339416921419	-0.5042182812972262	-0.0414262371953105	0.21208051391861113	0.3806862572566042	-0.7858391187575395	0.09733839240883732	0.38989264233194365	-1.2140891122421487	0.10356929951727041	-0.2878931712250857	0.08729825095229789	0.19952121233514095	-0.1616210863284882	0.09278065655234698	0.8958144487738688	0.010966397248499763	-0.4705180203488639	0.008598472531833268	0.2824820110771757	-0.8743018907217874	-0.26120980973817787	-0.01608792799251006	0.10620560641077441	0.10626945960439696	-0.33097472803764794	-0.39325459046710254	0.10009104477050428	-0.19085462648363227
DTXSID0023030	4.037324941182099	4.5982175260638565	-0.33680826149071946	3.371968541619808	-1.3191453410538694	0.6939154786604097	6.577294057152965	1.5236836702571843	-1.505841361990343	-2.523177339449532	0.318005859925571	0.5727979630788236	0.04576089110579975	-0.6441280475501736	1.1967268430830473	-0.5032259041139753	0.4625216578572481	-0.8002863369498755	-2.9333366619746006	-0.8855516137580092	-2.7581598612433442	2.22698462393786	1.4574588622746492	-0.48833699969505834	0.6907967774532037	1.2200600227564136	-0.8960711044666687	1.5133018131894074	0.7802151524206589	-1.3671827547430022	-1.240751696102268	-1.7210726207951654	2.3078244163493657	4.378466002160614	1.9605493443257918	2.0460444813473737	1.732677254355723	1.8512028074706448	-0.7310469763948071	0.7366558390877335	3.0456452775630374	-2.374564205367697	-1.8851744541882	2.4930110757079644	-0.5784049784998622	0.6858918876332372	-1.376732365858964	0.9848884217631884	-1.2152264478125288	-2.7649885230579376	-0.15597572799946294	0.32371370201016353	-1.8714291956645233	2.2845036876946967	-0.760239557964631	-0.5656984576981481	-1.2738772405125143	-2.811541457636976	-0.025857145282289124	3.400851891715542	2.724778993695449	-0.7688629023928895	0.5501517981387847	-0.09617968288280138	2.3682654396401803	0.02812573573775597	1.2709190812179783	-1.3370202707561023	0.055209012945850365	0.1689398612486063	1.431550144169418	-0.6272584012753047	0.5862214596710955	0.4102193820539517	-0.3244966727878403	-0.23333450294432714	0.6298522278668852	0.09902774775651715	1.6192069058220202	1.1550094825668182	-0.09936567814980289	0.7780943160179018	-0.12739830725044007	-1.185083781715941	-0.050222505889842214	-1.0275047635834562	-0.064165515056152	2.045560594117455	2.229877072551401	0.21601886083796187	-0.19020037593136171	0.5261065011921382	0.6451695932101992	-0.02473316449265497	-0.7773614637262636	-2.4630640551043155	-0.9924938417247159	2.516124269205247	1.0922748190114966	2.097217673314466
DTXSID1034210	4.588618645114622	0.3880305312728766	-4.539159360585762	-2.0861801583276365	3.9819636521030644	1.6252029449837797	0.03774918404347996	-2.9328060244261387	0.7943321576404627	3.611156793009455	1.3735739129078668	9.139691358319531	-0.6070776066136047	1.66479533267167	0.47870434186675953	-1.2288109225421195	-2.247238808522502	0.3041650420848065	0.6709853304488103	-0.4249664553639061	-0.9557224341076496	0.45697969243621583	0.1672837596163363	-0.5020809950507966	-0.08596578882708482	-0.20602409853242196	0.3666255021355368	-1.3532684238068986	-0.08091613496798435	0.6829073578261964	-0.8180832864590861	-0.293665141696431	0.23910935010834888	0.05757062125354639	-1.0965446991441823	0.8140837880865993	0.6042121844404842	0.24215044020087853	-0.728146700593462	0.04920201573526425	0.05231001166727726	0.17544981131426418	-0.017019203564483592	-0.6649718785979513	0.44641119301432397	-0.1281007428587532	0.531713969441051	0.34016705811488407	0.02451733084939226	-0.3373673020589297	-0.2774046672869452	0.05353907807630044	-0.11378661752508902	-0.2390594331174563	-0.2848506798423028	0.48168469393026825	-0.45151391873336727	0.012503012174307104	-0.41218023068960274	0.3525776931224948	0.13945946770321588	-0.6055103796241779	0.3859983652471912	-0.07211000993999106	0.002466955332641314	-0.3739875876099914	-0.4172762944052954	-0.0344635231696015	0.8292125944915143	1.3998500784588848	-0.6558389870798514	0.3019528882325875	0.5709474224881549	-0.48257039664628115	-0.5038222623462546	-0.05415140947039914	-0.42884021485717194	0.3664677021520342	0.6939032240162671	0.43880215183713467	1.3600550472072646	-0.01792473331634841	-1.0045422139713556	-2.068151215411892	1.0548091054814825	-0.4334569221031761	-1.7793652986524886	1.5501143464696459	-2.631336682881571	-2.7333266246417343	1.0919466393338535	-1.7521404503936453	0.0626705791735687	0.11640769778449962	-0.3191955366416362	0.9546672331964025	0.5217292420566468	-0.07428003557465335	0.18699351300118625	1.0938349165514125
DTXSID8021195	-4.567632215182881	-3.946155944351138	-0.7830771166367996	-0.4011040901967995	-0.04275336931056587	1.0488089442125426	0.15717523960305688	-0.6466630457954521	1.0229697394980781	-0.6283155918717843	-0.933779196965577	0.6518411779762008	-0.9445483600137795	-0.25729567194645186	0.5805146169355065	-0.5981744646857223	0.6320248206084331	0.36861271392692024	0.39346374356001423	-0.138640132471347	1.2601334140085694	0.001542818097112675	0.06031243200761632	-0.528439359027497	1.0615223782637708	0.6612311079614178	-0.2100288876035807	0.5588667786229975	-0.08349353618853399	-0.02928027524027048	1.8582366322153683	0.3030403571080992	0.10299261284276796	-0.16535189298364855	0.2300288014087131	-0.2798889462487278	0.08841282555871861	0.07199643471138822	0.20400071124764177	0.776851213133528	-0.3327323661030142	0.028111628558506775	-0.32952013085939147	-0.2606147362515356	-0.08945080111800874	-0.15612788083511342	0.1436726034464604	-0.41804864587029356	-0.05521183990385106	-0.006180246051587865	-0.009337897633502816	-0.21876811544951605	-0.14714982413059963	-0.1964490993867079	0.002978479332527782	-0.09789699045583106	-0.099039232664388	-0.10363329927440923	-0.07645628243644595	0.1711947372957067	0.5592769011205879	0.25068368211786357	0.23762103791745498	0.3648684912063833	0.199840969791332	-0.0713963106436826	0.1860442192854039	-0.8118029208701535	-0.14433462602629465	-0.08182321010854196	0.10573823160939963	0.04785721724381739	-0.7403088059679641	-0.4919310075494852	0.4393504916205501	-0.3947238865876625	0.06547632066352879	1.6482973345388465	0.025490494881413205	0.20906943785900275	-0.8787735334930559	-0.5021657720506544	-0.09526133362256495	0.23198619717070879	0.6331592323007957	-0.516706391340564	-0.274223815008409	0.29236394155342443	0.21722437482493917	0.4946255423587401	-0.5177170604342207	-0.08651886614834997	-0.012150970692207948	-1.1898503717608648	-0.09687140233821416	0.718816527061872	-0.07968612355799548	0.812123920444037	-0.4505270051051297	-0.3409439748544607
DTXSID3023005	11.776847541079606	-0.023222620465779317	3.772326547001864	4.038881135722556	1.6887953663260629	1.1197141864507507	1.7661985702416965	0.0666489071833217	-0.032873718011814386	2.0220617300771986	-1.3017644603028886	-0.8608848248553261	-0.5432077397073238	0.5590318884452515	3.34030833832708	1.8563504194680223	-1.6315971355551584	1.4036705952806225	0.15786879615694718	0.06250615305368058	0.2093686826498937	1.5186336641476073	0.30656255527620496	-1.2198077652605206	3.6401723321793895	1.5023063359914877	2.45795057336654	-1.1522063324499756	0.6757264826948447	-1.5645861386557565	0.8857636014534594	-0.7573157126220829	0.10768250872283222	-4.367914613820535	0.4771974369418719	-0.3976662997036053	1.163186733759481	0.33351443022418303	6.406646691479516	0.45177570638142	0.728326993290678	-1.7236586595443029	0.5588504495213709	-0.38471674146777357	-0.7965792450983554	-1.4882080187318913	-1.8127218930102615	1.6266173824418477	-0.19735336221269437	0.3473597939104458	0.048238943395411356	-0.6241651799650224	-0.01865023963767703	0.7331417322289507	-1.2359519084385167	1.7936765677502116	1.0067715037445026	0.8778471224088166	0.5951381035002294	-0.795105334918291	4.148730047503588	-0.16595622357016312	3.7273560031451405	-3.0164595293895116	-1.7236059613542978	0.3620380412817935	1.3932914591425611	1.45197848908393	-3.2715262273182164	-2.44524211971378	0.8896117061975072	-2.767895438387417	-0.3142845755291782	0.8810498559553787	-1.3128813703806599	0.4298458014143567	-0.08938244810524973	-1.4272105094973964	-0.02971334607718923	-0.6352770556185455	-0.5273853212796762	1.3777978577565364	-0.7065313390549345	0.6302558551862005	0.8573738549693642	-0.39508220361148144	-0.4338828094714897	0.6668921464991346	1.2293016992850654	1.5782814836227295	1.3551926689201013	-0.9513477501581391	0.8632361506308134	-1.0731708710733059	-0.8554527912096052	1.3384902423395768	0.28131562644625013	0.18040703777050449	0.13912226055349552	-0.10832921630133638
DTXSID9025409	8.65336464936035	2.2909975413452726	-0.9570107877607363	3.236908698644556	-2.386417054451516	-1.8960993374201331	-1.1155246689903524	0.6881061521077723	-0.5360151590570806	-4.9444183644302235	-3.0191884862815352	0.6128666251576091	-1.0490239164685187	5.905641632941612	1.93823855827702	-0.7851045523777006	-0.6752357609953474	-0.6950667882760947	2.6837716770029636	0.9118087958956181	0.3336598640629259	0.05858383211531139	-2.3635020507776456	1.2957555924528912	0.362801791120738	-1.682172857461796	1.973696885966013	1.0050492891465952	-0.6101004851490549	0.7812922380345624	-1.7779661704618428	-2.7646928782459295	3.495356109240703	1.0852900868039659	0.3705521120964887	-3.0650772693800907	-0.43328210225846187	-1.745521360508826	1.813646116616868	0.7198720342417523	0.31453682608083233	0.8747094922856355	0.5091910951319061	-1.5556608823786777	-0.03895333366599931	0.7835255141816697	-0.3525609184227273	-0.2234528785466516	-0.456830449106138	-1.3875327080386766	0.31188545624182135	-0.43131160200821206	0.13162320605845063	0.5358623220144031	1.6216849058942564	-0.5582923707913471	1.0736246061476042	0.3870571864267553	1.7644293928288861	0.6116902831442872	-0.21704781014168542	0.1921772245985453	-2.106654698711473	-3.391191552025339	0.71911834872291	3.7094553514697326	-0.7068506107460524	-0.723838405413521	-0.7401579511244416	0.07469618417553495	2.4520492623292744	-0.8998366553893922	-1.6277914100257183	-0.8313200215601426	2.1874973115516654	0.15886255930176896	0.11374639922804271	0.48918104475272	-0.7899027782806832	0.47259148058108247	2.3113893632068057	0.0414765578954146	-0.23144254107837917	0.9066867635074465	0.44084751902909675	0.44930931046579653	1.5670058783484586	2.1834903336778204	0.4826943657454499	-0.5046811760842055	-0.016597819937906967	-0.8431404800388692	-0.2287851508486506	-0.4210668780217936	-0.07731913064705777	1.2770665470976634	-2.0199591343024097	-0.5202667201656864	1.3996842041346818	0.08182570792650792
DTXSID1041847	4.471591787370015	-0.8490484934218531	4.844452221859775	-5.082078670668452	1.1794116111929058	-4.660212853920465	-0.9995805740565707	1.0765824636801857	-0.6376543852163395	-0.8123361993302411	-0.402094825774601	1.1065987497947662	-0.0025672839107097577	1.5645242407932918	-2.1052476245522276	-0.16569938103038376	-0.8582022655218515	-1.1973960869839053	1.5123110531631034	-0.3720289515006772	-0.2510948758507805	1.105783412168474	0.11919861989668827	-1.0446536422195924	1.0083830760246348	0.7516486112374178	-0.9694983914941586	-0.0485898560112599	0.5614881806576782	-0.764357774117474	-0.473112699156091	-0.4905569890637469	-0.9040917175063563	-0.8242865407424437	0.8616012670646533	0.25931563938057284	0.7846344132840606	0.7145564430160215	0.573782624462373	0.8537690085763463	-0.030541430487094217	-0.4665833623585491	0.34183392486930375	-0.21618277876644654	0.2709112230159341	-0.15083378030943714	-0.5302613727815654	0.7582698155263392	0.3660309391226934	0.5885262559212691	0.025133312165405975	0.4302132703013905	0.3261061381113008	-0.3941824353521191	0.3071469460073188	-0.3144823035133001	-0.20895639088944087	-0.24497267589625324	0.7956780209181703	0.22466945151822157	-0.349858952084954	0.13945634251034067	0.14450709126590988	-0.042226114769623777	0.18754939230509898	-0.6848782097274652	1.2937948071089813	-0.6343488560406777	0.3252593424417507	0.4631372759284027	1.2028246365080206	0.27952074790808257	-0.45233699520604875	0.06603772201849549	-1.459895078845263	0.0864136992587804	0.08693841649419394	-0.7382536348682305	-0.42186051541038705	0.6100609686899959	-1.0456262356422767	-0.8628704013528526	0.012422537519324985	-0.33736562774537976	-0.5467582479471448	-0.10117151442907647	0.9605196152623269	1.858495383556735	0.27321973740029387	-0.12958886642290926	0.31082413356148464	0.967741734634812	-0.05077455071535594	-0.42796590346963825	-0.8919271722395199	0.13243453045308512	0.08238343269627144	-0.04648324190519232	-0.23759602191266513	0.2903264496523848
DTXSID6020309	-5.022423315626201	-0.04855865758677766	-0.5677427138147391	0.5831320964342125	-0.36821375796841666	1.6870287624613614	2.464222124530445	1.4208623557841367	-1.590298174430039	-1.1927990673753561	0.27399411461026363	-0.000513291199033427	-0.036904269626847605	-0.1112423056564565	-0.1322048326685839	-0.3275493930040647	-0.6278818985278314	-0.5950202986939179	-0.7550677851454579	0.2529059290593759	-1.7041480926813868	-0.6385757655965895	1.988341080778484	0.19515675816269026	0.6983074932784548	-0.12493588075038069	-0.028036650831125554	0.9921754379542345	0.918722966688496	-0.9891703263208902	0.6927499151981577	-0.9185156751307453	0.04381401175543372	-0.16684759740571822	0.7830630669359923	0.000748226005584138	0.44957192732440393	-0.16597476667730326	-1.4504361290943781	0.7637708760798173	0.9026854348919878	-0.6456332698625341	0.7327189379031502	1.330391366905034	-1.1130681217137872	-0.22538195303511516	0.3893189059469659	-0.672783897031865	0.5624911657828454	0.06548279996209265	0.23029048510802125	-0.40561414729653295	0.25679864767957156	-0.27644294911288264	-0.414817381825073	-0.6594440731097682	0.44675432832630235	-0.12689127069265624	-0.05635160121844074	-1.3291795377872424	-0.4456441664798179	-0.3172707983012277	0.35595936509280374	0.24991589123763353	-0.5876258102038401	0.5721604488587471	0.23793782097429492	0.24123605463791067	-0.016377157069410328	-0.29993180107852446	-0.273216111947773	0.08570045334941132	-0.24463369901315632	-0.6988872888979598	-0.23983004965108592	0.7566055050050571	0.022865624001849296	0.2429603352304981	0.7509235629446637	-1.4560387772064431	0.11073904822808052	-0.7405657950961028	-0.5224924457779891	0.339303485983878	-0.29212041837681624	-0.3282589335589351	0.17898436894360997	0.5837747086699582	-0.6166569513689146	0.07687197534990431	0.29498172934441064	-0.15483957873163076	-0.7291419517542533	-0.38812191524801426	0.08587016761037253	-0.2748450684051433	0.11743726813890888	0.1052557592773107	-0.3702831873128163	-0.06995480253701707
DTXSID5057832	-0.41422671466993966	3.1074265060225876	-1.1083603899918617	1.2320504072744392	0.46146200510614993	1.250790724774792	-1.2203196873839481	0.2931817715207329	0.19585752985482016	1.7243975350248661	0.9721173158205082	-0.2638659707413609	-0.8511212962343495	1.4538099097982873	-1.9383343346577204	-1.2303486711396248	-0.35223681982862226	-0.681982943479533	-0.7012521051241647	0.8355677028835776	0.6475457496761243	-0.22471884016658702	1.0817373276748328	0.3719824245725493	-0.6301613763883795	-0.1670571872130246	0.5195267570504231	-0.9806890520710029	-0.4257231541271808	0.4739103675356339	0.5215555914175306	0.38241571369838406	0.6484915161739305	-0.4995959500819499	-0.5135758359984938	0.025317672213545375	-0.32715424746117877	0.3950529229321415	0.01173793535013057	0.07931847745141811	0.031647440037688976	0.03911830410999488	0.2083388607209349	-0.13210865708430666	-0.11494971330235791	0.18509180919526821	0.36295137123250865	0.4192218394835523	-0.3470932575633422	-0.08377254146612166	-0.18616366413614563	0.32700063533651796	-0.10091911927565139	-0.05249260374901856	-0.028168555599364327	0.06026049231337771	0.3976118545779364	-0.22782407676615907	-0.7865275875457166	-0.4444190224808051	0.6779327334081187	-0.49787506627181294	-0.25300007920393947	-0.11020260577694378	0.4173348551085556	-0.1675084575692561	0.02336000762634615	0.5975491394171991	0.15275125539956036	-0.26962680589413823	-0.21418266466294456	-0.2272246857987419	0.11088267027726091	-0.19521801231973712	-0.3626424680506887	0.21833871318930625	0.3361966358359651	0.20952980409241767	0.170521636308102	0.45729395852559085	0.3571168170576384	0.3048434651734663	0.3648859483168689	-0.3374018255209229	-0.018893212839916934	0.3540580595774235	0.05368333504092421	-0.537842037668878	-0.38728885157154774	-0.38913562304681826	0.24786877936539087	-0.5862897785807969	-0.32188812902592767	0.3738720976847326	0.6950170174624223	-0.5317920381253254	-0.310976883517287	-0.3826000099642533	0.45718160933687696	-0.24907437486892547
DTXSID5022481	11.794607964425385	-0.944984018641738	13.539925109567614	3.401075067539814	-0.5978846688846853	2.0979157169006544	3.0284277894207636	-2.7054061230092015	-0.008660869302284232	4.682649993572839	-0.3990098551982943	0.09359418541486478	1.3220613425524372	-2.259543429704634	1.5209713149806974	-0.988044675840078	1.2361323550613428	0.5739495589677522	1.599305704776738	-1.7148745304762847	-0.7147225147550339	-0.06105917475894238	-1.5500885480172883	0.7739032388686042	-0.9994607553216837	-1.2295726777502272	-1.5960365742888027	0.5676154140089477	0.5052187990859038	-0.7531197512833199	-0.46883462824757305	-0.31576115288349754	-0.3468796529647994	-0.16500150654157186	-0.5998096858466322	0.7414574099126802	-0.4925550675349867	-0.04661090822409827	0.14967168268820422	0.2115502686580427	-0.3590502076682614	0.243823351757335	-0.15805145022305436	0.04967479146881506	-0.2553700966550433	-0.10599161624981554	-0.7772792105332905	-0.04052569674529575	0.43282682982574816	-0.11193098188371475	-0.08067925314761236	-0.2683591915375457	-0.29524029945694813	0.010137774944624235	-0.5841981433605384	0.2615707557386389	-0.16398066153653862	-0.09501782902155895	0.2615098969392704	0.3679426931999528	-0.3625857903740281	-0.05504182898582896	0.4556457384995517	-1.9135602388874713	0.02342800595041446	-0.306192660329399	-0.24240578148273434	0.03946268006487435	-0.502455607906118	-1.069622743946785	0.00839363778096391	-0.10552318172294382	-0.7418303377472951	0.42858994488216673	-0.5284671360815397	-0.79099827961435	0.8419147914270024	-0.3001596937375241	0.1877168161436062	-0.5123101470951138	0.27752753341776726	-0.8545734049826483	-0.4626237755088146	-0.597133868088917	-0.07174659606189952	0.41263273413000606	-0.7375743891010408	-0.1942716165301403	-0.6666382868616098	-0.0027292114982122215	-1.6300687250857648	-0.64940026314738	0.37542383002296636	0.6360123120546997	-0.4488577970665981	-0.6855955388649336	-0.4834938358450644	-0.18192573993259636	0.06607471212071145	-1.202890815829829
DTXSID9044875	-3.2102994743569333	-3.0009702054116296	-0.13565406990953105	-0.60830542729976	-1.9607105585780729	-2.729888300384717	0.8554008248545678	1.3655140874863687	0.4771429459866174	0.24942467649683092	0.2953933676326465	0.522858164383242	-0.3690762958472774	2.1076212938095904	3.895086319986444	2.550004628169603	-3.488734388900496	1.5196529860715888	-1.7664819486345211	-1.0764251848570212	-0.8352930248827503	-0.42129978291310394	-0.49178982656195336	-0.35260326844923284	-1.385522679617257	0.2194172155437201	0.38938519266757526	0.9992645336624175	-0.44451785826775103	-2.1269962081856644	-1.2136006003266209	0.04367300932817486	0.8715507149247226	0.49469246904068265	-0.4227284613610953	-2.2084967884689273	-2.5247734008363913	0.07089532624089592	-0.8045798631485522	2.6394310112801747	0.3352715058760205	0.8793598984435796	1.1954670377346923	-1.7365302992926508	0.7918911193408009	0.6910414383884345	-0.4493305559427413	0.7435743988263007	0.5653091115214135	-0.5218076064652626	-0.26658776169103987	-0.6841508819250661	0.7138781758555895	0.16468614852412766	0.2323328403127566	0.6023319884803754	0.4027296067796282	2.3321033496584196	-0.5755113412586126	-0.4666293585764124	0.45722222979395305	-2.18203378022948	-1.0631175608522225	0.08667979206342061	0.9648168542917693	0.9272465945358402	-0.35111668544589175	-2.211996588910853	-0.4285973092972613	-0.41082613993901207	3.2118939825863175	2.0301167399074176	-2.1163557357682565	-1.9064520660850934	1.186348409157955	-1.1496523266374241	0.25302777075405053	-1.1527187300220925	-0.6417798107423999	1.0566943638542623	0.9685410757608074	1.0670010631488247	-0.13594445279487438	0.154520010585787	0.748295089664469	0.9117738519502063	0.3209740286359153	-0.7984030647226305	-0.21298869161866915	0.2872417578067967	0.6371768671246034	0.03624802114824318	-0.23756185014610098	0.05447819028062295	0.14636167535069114	0.11649764916488971	-0.5583123758081981	-0.034596033483490475	-0.17775626299742273	-0.017715031443348052
DTXSID6032518	-4.5072613974956175	-0.3941399324372262	-0.5266075035029542	-0.5266053804461701	-1.0074604079649088	3.057251110300568	0.7211988984275731	2.803517294915022	-1.5207832403870944	-0.6303405828213676	-0.03331152453662632	0.5840421601085491	0.14080839145493507	-1.4496067562586477	-0.9521060064594834	-0.9353031300766459	-0.1592014478158659	-0.544411911188555	-0.172032870469656	-0.2342849161606052	0.255132716908922	-0.2627881014085883	0.500583599705376	-0.177251236352658	0.007915236091791478	-0.5932657062219825	-0.3059076690784446	-0.41577275185388424	0.050147778868587525	0.06760004687265611	0.7438668828222252	-0.5829050208624202	0.16749038769859703	0.0919171472958413	0.21631502608125683	-0.008033892399888465	-0.2945597504881733	0.03869815457019744	0.26937374079419873	0.16176280373315155	-0.4772961679239114	0.33072166806807796	0.06865571028732292	-0.28033379321819835	0.4867527405355795	-0.11116958440885691	-0.4325333278735763	0.020822821726590696	-0.1459731245775526	-0.0794795919736287	-0.003497547077647281	-0.1339388099555336	-0.06803873163889859	0.014814294301033972	-0.10931036035802824	-0.20321971259242144	0.5122093432112149	-0.22308158699425545	0.23402637010829264	0.5215541108861729	0.30516580809342825	-0.18869077713108484	-0.4927029572816967	-0.1122780113908381	0.3987154876741751	0.33406156310092794	0.011407253044971834	-0.1807118408139648	0.3977669649857138	-0.7351841014864456	0.4791751585357296	0.34736889039137425	-0.16529692453352884	0.3945436311899098	-0.6353548209908532	-0.6175859483565654	0.3109622616242535	0.4613528145511938	-0.28190684576935304	0.754034427910639	-0.8190222651189221	-0.13651831730825859	-0.2590739942073331	-0.5888010310036296	-0.07675623006792373	-0.1637008535210901	-0.15511637032792425	-0.43250029682966473	0.01986294308500636	0.2121169747463509	-0.10522318755853285	0.5564664642566445	-0.10548775021226417	-0.23153882401564224	-0.22412629864313	0.48338591664147906	0.8812416222022131	0.58111706331299	0.3093657179437983	-0.5691957148092445
DTXSID3046324	6.697338453931179	1.9156044371339034	0.13561379647092786	2.1192020207607394	-0.5001837870395275	-1.2034427676498491	5.994818815183651	0.5935656470981836	2.344895803859098	-0.18296132676785898	0.37386791645237866	0.451642997731358	-0.752958549437812	0.4526214547990501	6.29519098653592	0.1875455253559782	-4.232139317183769	0.47063635760629874	-1.2375231049692639	2.9335259516267715	2.9251964175580003	-1.2235995195527158	2.021372654720116	0.509656028329113	0.16157152058939486	-0.45499515135475366	-2.192803602051508	0.2291272101836299	-1.3340238735044103	-0.9835264397382717	1.5073580562513353	-0.7783310306537004	-0.17715639086902643	-0.06802353948191563	0.32799865436815934	-1.9169585393920996	0.03398379562453437	0.07536862371096976	-0.09736783838399127	0.1515413762835466	0.4228701683578788	1.5009430745119994	-0.9080389193625525	0.20524470687973065	-0.29120519268476436	0.7329355677004944	1.257593497995267	-0.3438572198755259	0.019821028584980218	-0.6126250287787381	0.1176077080535725	0.3171139435372563	-0.3674734503953394	0.3937172461510621	0.6983683521902977	-2.426520472047577	-0.26735799691762896	1.4965753607702934	-1.4622517929536933	-0.04805526204502168	0.7251702367104935	1.2286968282678254	-2.6488450267479493	0.24970125496541257	0.21711177319902364	-0.9728391779657751	0.1623532373876658	-0.19540873709769738	-1.7889047419121533	-1.9418987938059422	2.2120416536217027	1.2413646824013582	-0.72931953629245	-3.45077983110737	1.009117184566139	-0.5670356773117886	0.10782858112365315	-0.4785334738802554	1.4997376849564232	1.533214330471736	0.5003525960120444	0.38014326804880666	0.2776344003557645	0.394417305055955	-0.27985624204172216	-0.256286445541946	-1.257275817262571	-0.5860343309662784	1.4803128276896667	1.1558019667407504	0.7643355522338559	0.457651064412523	1.028825852855567	-0.9686592913902985	-1.5893338857251835	1.013525668172285	-0.1966173764774058	0.8282308920629394	-1.5751953809947006	-0.6406195199493934
DTXSID1045661	1.8130904215414974	4.5049494552503715	2.193760828440266	-0.12700625538316007	-2.997564098755302	-2.449875792792708	-0.25888624481284833	-0.4152229420823244	1.874395483867478	-0.4755548531514202	0.4444516680837675	-0.0140803237544593	-0.295627587175844	0.43297232359993054	2.139792579834859	1.1687354750594559	-0.765807916448704	1.1034384572982512	-0.480094148135956	-1.1636282575230663	-0.4080094098307589	-0.5266463131325715	0.1021333859210823	0.09567392455361025	-0.32448112580626465	-0.24599885277347572	0.760056648896765	0.006907173682612916	-0.32615835670103466	-1.16397846414898	-0.8101690803051714	0.4866690619849955	1.5690557845012028	0.6377538745039075	-0.6087809038539642	-1.8322975519836044	-0.7756624560247961	-0.43351721620538186	-0.2724470613955406	0.34682973309216786	0.9499137528064587	0.6644938922791015	0.5374634521736698	-1.5115284547204726	-0.21944317418293297	0.5081819851007486	-0.9769668419160802	0.9363513766906476	0.2578450212252499	0.014036680563927985	-0.28679091600564105	-0.14533667700980757	0.439387694100383	0.24139211411950837	0.37745399108035244	0.7741227355754952	1.1949184340883916	1.237237586037349	-0.5458795025276353	0.07206530113158865	-0.37772781609674916	-0.4269748558277008	-0.5210647829206284	-0.6374036232428969	0.3795447426866988	0.2890727833052309	-0.053771235645645725	-0.8029236971165686	-0.3340226770651	-0.5218277209282057	2.1388139486650393	0.8814817883666032	-1.3685246256858974	-1.2142937523732535	-1.3189721204678	0.18852993093465234	0.37760239783506716	0.04657270986118229	-0.17392317345722066	0.7528144835331968	-0.04746824565766784	-0.07475300156175681	0.4574369013088533	1.0549422052168345	0.6476748775041492	0.41144315544115684	-0.22896710990272834	1.6111172113174703	-0.03507208974153237	0.22304666617574234	-0.41376389838340083	-0.529487792708912	0.4955807148031394	0.6511474796499692	-0.4752459686896552	-0.09447060057683651	-0.15096620599182567	-0.25054372424626425	0.6001457299709271	0.23457972786084424
DTXSID9037749	-0.23880276779633458	4.355055013620615	-2.07704644210216	2.1556235073816765	0.014699942611718387	0.533145439967346	-3.353573582272788	-0.2756416933455506	0.07534876372595299	-0.4578820296987741	-3.437166511400916	-0.17444356228144953	4.472524549038951	0.057339489982179324	0.07982465361777433	-0.5396007769457197	-1.2593405202691716	0.3775414160298164	-0.36465305193636727	-0.13489735857439533	1.1693470427399182	0.408592515373236	1.2610372165353168	0.4596289713685196	0.40078371029160104	0.2711992455165891	0.6305511473712232	0.2436106819561249	-0.2108322262776456	0.17578317012386319	0.24673389452073907	-0.5407151741220847	-0.3887379371841247	-0.5500138096345086	0.20340836046563252	0.5592678033675726	-1.9108425961364797	0.0588360616418156	-0.21733745009471153	-0.1233822207907975	-0.1734164989185981	0.5622027594701672	-0.1351178396527831	0.3776006462365056	0.7823379793016034	-0.4462806044364364	0.48401162386793745	-0.6320597581283829	-0.26943617695355326	0.2928327220716782	0.06920091218563104	-0.26822619230640843	0.525545470900961	0.12181682869403883	-0.7124895392130046	-0.039565702562517666	0.05408179211205245	-0.047636257813750804	-0.23648877951092442	0.5258534106415707	-0.10269290012733788	-0.5928926066222663	0.2056173901253266	0.40853388161112975	0.2683748847834387	-0.5487202617773667	0.021409252033409445	-0.10657163711755112	0.7734147850014691	-0.3362088335889915	-0.9165240194545253	0.32295844980466176	0.3075956855563051	-0.3699550296355689	-0.1124940244112643	0.01781770428365795	0.5498704694262975	1.0936314810027208	-0.061166069726664204	0.3650021847483568	-0.44699264462336247	-0.2776223725558106	0.513813457088393	0.29884686446861475	-0.26809290308139155	0.04174192949714799	0.0766356194628942	-0.6063683958059303	-0.576990978131006	0.4172888596772157	0.376224314061893	0.059664008403290655	0.37193952090440696	0.205601370390241	0.08604696886783338	0.3756503694925816	-0.02951472390602506	-0.028598458978156938	0.09746862329548349	-0.4340098948228478
DTXSID7048291	9.860871213855917	7.6374164127525015	0.3033543341701364	-0.17334602392061585	0.16218669594250554	4.4825838956244795	-3.9630946686928263	2.169057316252994	-5.405999367586906	-0.5744078668957234	-0.7911039926068776	-1.5424165478945604	4.2837441759657064	-1.002424104017318	0.34766300539445116	-0.8771705261560685	-1.3404842175161704	-0.48804988952263195	-2.4083053265482524	0.11744908449919104	0.8423798712231774	-0.11338533477967368	1.930271254336545	-0.4891243761938239	0.3547552643574752	0.3621257619185191	-0.39124297413324594	-0.05659233333152437	-1.0869855413265919	0.7574327215555456	-0.8151468216229903	1.8691653415157405	1.2273826323967059	-0.07790971870866219	-1.076642474652863	1.309785253462964	0.17706218074588712	-1.5946671244683492	-1.9016532128355321	-1.5733768392039822	1.1180281152301603	0.044777573820862004	1.6632782058817899	-0.19602982112188883	0.5044076556505345	-1.3792375620257806	-1.8096409737254497	1.2527746023800435	-0.5707088720320621	0.6743758160647215	0.031121767363246032	-0.19337543695197293	1.0636307058059824	0.6863538135140633	0.6956973379718889	1.4923848958676407	0.7694037853918121	1.1435945369708866	0.749434313390855	0.7138144074488194	-0.5318464693153797	1.824895585639288	-1.5721941307101486	0.44537935846733073	-0.7636211253659583	-0.30010475704550094	2.6806694916124973	-1.3468524598315605	-0.9827019060804971	0.0025484730768389604	-2.3955224858621027	-0.617286995759671	-1.604776997866573	1.427937349335276	2.39394008353748	-1.8070343139821667	-2.238024862011244	-0.5664027236217933	-2.7253933456623423	-0.09924502693083513	-2.010972572504268	-1.970696331869623	-3.2132863607261406	-1.4303179361465739	1.2371477149284178	2.2283057539407234	-0.6427261898708951	-1.5131634440593633	0.2058847331434025	0.053357238557702455	0.41598937883381687	0.9437503863711341	-0.5812442477591567	-2.728492819702576	4.2027379999043415	0.5949150817750326	1.6132774309770739	1.4624533326035432	-1.2865227007930502	0.26852608888360985
DTXSID5023372	2.380058808980525	3.8179579147649028	-2.6885867943736996	3.3901170272678756	4.089524160441163	-0.7347020741817925	-0.9892690049204927	0.7498100849299646	2.1269562378885687	0.1452340559588243	0.7009618204262628	7.118253632417823	-1.916660009199553	-0.6175632700383128	3.1340867837655657	0.06497713355613154	-0.03459465407118264	-0.7939247856873052	-3.7178192203063642	-2.976150106529548	0.30996465009336566	7.911343426432655	1.2862444644219042	2.3115644682495358	-3.0677083226985467	0.8808480202089058	0.40143984624767864	-2.634114872024341	0.053964239948161144	-1.2069604918463015	0.6291837792349397	-0.6113854871078058	0.0828026922001153	0.10992074050085787	0.8743926167324159	-2.018460895693834	-4.016493930347132	3.6538818269037554	-3.1185115328162185	8.842302277234456	0.4463232005437557	5.699366217843346	2.812826465111755	-1.112850953444086	4.417385759072809	1.6821787662721486	4.652737711724794	-0.1817394775003211	1.1242038351438406	-2.618231728604465	0.025407568846827808	-1.6583811206489454	-9.913070202029658	6.620654861260376	8.697017193578393	3.8433392295086044	-0.39340883323779774	-6.663448552136926	5.7077484133960565	1.0129045181115728	-4.198806227443167	6.189014905154394	4.509633949339284	1.4629433821822742	-3.243939299044916	0.4859897942185006	1.4403829448252121	2.354336845690827	-0.7429649685527097	0.3234412943870453	-2.434017237847072	-3.146675897690678	1.4780537044280722	0.967774571486915	-2.172975999812855	2.37005437700197	-1.6582174646744714	0.6344661811608243	0.07444006740985191	-1.8104151865966116	-0.057064866029984514	-0.7256558124689722	0.017006025119930185	1.2254406466135626	-0.7647712090117509	-0.39227094494128245	-0.04211185143584622	-1.035546818460443	1.7989497812683113	0.6836926391982505	-0.3161527945694882	0.39387081288732884	0.5360093131928649	-0.2986357201519211	0.19493365700896123	-0.22286073162273407	1.5901676291756601	-1.043391287133044	0.19102748280567827	-0.883920012845875
DTXSID0034227	1.085647151717619	-3.3000092104216896	1.430607986365491	0.7123257395273042	0.4240786153291493	-1.751086834992405	1.5657186473049947	1.531496961459507	2.327584464433935	-0.6107552393943807	-1.4829746313872323	-0.18899865002388774	0.16375783180121656	0.7906810269830926	4.372402525620632	-1.3453269759148443	-1.2272972753605846	-0.19115082061366787	0.11501953319225452	2.780497223381981	2.409535598050269	-1.331951316776498	3.18425875786481	1.473547498854215	-1.1062282609465635	0.6883923175844642	-1.619125740437144	-1.4822096205077213	-0.7588748775107823	-0.6403398924233492	-0.05073410519368857	-0.6672852164690989	-1.902239767762925	-0.9699816075171697	0.8389057491196682	0.4770244560338814	2.0137633811590523	0.5333553295023441	-1.0509991885099816	-2.068180366636754	0.8479789424588458	0.13502775353647853	-0.7636196872115163	0.5174208169751058	0.6357904740370705	0.07986855225005565	1.016688150040228	-0.5814348147310532	0.12780307529414534	-0.3567882452703214	0.21818225171835529	0.6351536776356339	-0.24439372183851735	-0.15213996886634532	0.31625837281054814	-2.402685181251643	-0.4328349090456565	0.15618914645596285	0.049223035293003266	1.3177572716966974	-0.3903929569777363	1.372823358034801	-1.5904109974003462	-0.1444946486879745	-1.371942643098108	-0.4543121844025909	0.9293870243514128	1.141934929047587	-0.10194234686918621	-0.8824731380427406	1.876086628222871	-0.3808032667383854	1.536835998423707	-2.1357478558981273	-0.16306047559646164	-0.4560254630947752	-0.8538373481552018	-1.558112237735146	0.6879976963835757	1.19372656296569	0.2751258752768234	0.2939900188257664	-0.31348059225288283	0.4438616709313102	-0.6091169075902318	1.1117963219435394	0.2869800357942005	-0.3570712606162303	-0.29785143478325726	-0.05317210456591112	-0.26094327451251864	0.12735558117753662	-0.01282351635766709	0.5430988267714559	-0.5721348205892907	0.8547966944492804	0.5841202150455306	0.2512470638675126	-0.050178620548929936	0.17506872817016425
DTXSID3027116	-1.1147478971401563	4.511475225916841	0.9203011558493047	-0.6932021447912837	-2.370576955915988	1.8069896435027715	-1.1523072992919743	0.7025658118607497	1.7017273179149863	-0.13536369775580467	1.0441426724273977	-0.7766964824828277	-0.9110520329999225	-2.080212167688362	-0.5541447266047275	0.7894816409266908	0.4507864184880933	0.1429880428704612	-1.055724416356128	-0.4138228376237539	0.5253013879661321	-0.26330617408522905	-0.9946827768003426	-0.7139223537466307	0.04169835943629301	0.05469622062423409	-0.17313085961115965	-1.0847114969386238	-0.3152812288488404	-0.14833559705194838	-0.31148957179650033	-0.3446153346229637	-0.7301043606709247	0.24869561032204154	-0.21152916209131148	-0.32377557873865115	-0.39659974768231493	-0.43275364606992395	0.053093472442537454	-0.14528199531876548	0.0636494582730333	1.2031593471527637	-0.2765693415832232	0.24684807498309827	-0.007686622736888613	-0.15994251443001584	-0.47734162302383165	-0.3626954095049303	-0.4139232110169507	0.17379950861866977	0.021017777764482888	-0.11622887449098036	-0.0851437523113932	0.1007315287007696	-0.5507978781697088	-0.09461727559318919	0.42810178726028836	0.0658549448816753	-0.03819127805553089	0.3862127442109415	0.35474592184373543	0.6681091631292623	-0.09914822994203153	0.5517504520400436	0.35692913524773934	0.6853535224282475	-0.8049138606871576	-0.07371815243187968	0.7950548303120973	-0.519962829700666	-0.434053326014747	0.1896431833561946	0.014493219217061702	0.9801602330882284	-0.12143885342364072	-0.05213492323168869	-0.30556647624942973	-0.013961740251610065	-0.2924044523581742	-0.27089140304199394	0.9927424072780753	-0.1367239429063113	0.43711990755379393	0.351083818047091	0.2020201563264181	0.03347521832695233	0.00956302729387438	0.3224055137197712	-0.17274275282595875	0.2633123745368965	-1.3172020676441216	-0.14606404697984587	0.6226211127501858	-0.663724491098745	0.2743133202441777	0.21206843896977357	0.21327173569052338	0.27395868667012724	0.3304851951360574	0.4876936513840494
DTXSID6046925	8.80831185169107	-0.6506959203007573	3.636914864047751	-0.6880730422308604	-3.9204163588847836	-1.820261883223241	2.2581958905933073	0.5869592169441943	3.431225011596161	-0.7333608493942444	-0.4852817896306464	-0.037340067529082206	-2.414838514427455	-1.1343869843099605	6.706301439073125	-1.4642231065363045	-3.3617819105613553	-1.9473490785887102	0.7914443160662261	5.878389703896296	4.297660617161401	-1.3055248601318057	2.4328580111112887	2.801489056893892	-3.875347550207092	-0.32491824397375113	-0.22588815296895037	-0.1673423723983452	-2.184443479634338	-0.9432069039532944	-0.1685786155911403	0.3396369463975631	0.25701255210501367	1.685306176043022	0.617691706112034	-1.3137666016106537	-0.18694576813046532	0.3300939816824396	-1.8570925021147404	-0.41942061873171105	-0.044610959976771676	0.7378414649966987	1.0599689918602806	-0.4444616501421322	0.17565607113914658	-0.06926045932290764	0.7506334597307667	-0.8182078148387821	0.05930653914363042	-0.3224326902305286	0.07142228255261396	0.1625737763697032	0.2777168492841376	-0.34623336879896327	-0.7841592332103817	-0.1758764654442899	-0.21096371991262167	0.7250966801260565	-1.1023334369464228	0.07635500301234392	0.24780413210216815	-0.1752189408571041	-0.392096052505924	-1.064276305131709	0.4280083294383404	-0.3119096551959027	-1.0951107426170994	0.00415272932727561	-0.2386763759850026	-1.3077627678845363	0.7911776600238879	-0.45006527031158045	0.7794810985749149	-1.0398475140355774	0.1394219172963148	-0.20126024261216288	0.45739040185388163	-0.8694912443214932	-1.1812846721206296	1.034961356920687	0.9486189268238934	-0.01884090569630606	0.57950660786519	1.2989239106015449	0.4606254222381724	-0.3355945246891043	-0.3089286634481062	-0.3867068256522362	0.7459700721119732	0.1459727531771117	0.09329346188088256	-0.499482186795934	-0.5438716136244269	-0.5137564935687956	-0.8193108696923871	1.2241863606338061	0.33081611277515227	0.1592894315272762	-0.25505613679857064	0.4662273092830399
DTXSID8041901	2.149802461819112	-1.7122576319550695	0.42445477206091214	-4.102083316435405	-1.0498715542326538	1.0354183392679934	1.087875694726881	2.006630463973428	-1.8626024515333095	-0.0012401295273429033	-2.1875718271551614	0.13151930596573422	-1.531977949286997	0.28453651781980976	0.45764496472586724	-0.7585245853574591	1.5425579762388817	2.1804031892542035	-2.7866512597308466	-0.8974395842825424	2.886381218672847	-1.5156261411396814	-2.266303057726956	-1.1602174782006134	2.2517980378968137	0.992082993544547	-0.0032547586766813615	-0.6514879489311043	-1.185350501710491	0.06830049963523732	-0.3097845207701302	-1.0052615896024675	-1.7442111791555697	1.337469407517549	-3.296285216081282	-0.5574308972518616	1.0838184954465337	0.2109663903380778	0.33120835735336196	3.0082624077456	1.2943439692462253	-2.2983627706039576	-0.024892469732352783	2.318299326793944	1.0916632177815924	-1.9705308272855542	3.9130547079644673	-1.462972114669878	1.3686296662253787	-0.9511445041838462	0.574085440946322	2.8999261143231463	0.6488141408880884	-2.1704166350807106	1.555821850761247	3.2760991869282363	-0.1756898533778077	1.8009447244200605	-1.1993139068789678	1.6175400519185381	-0.29620396796382475	0.07640759419107955	-2.2504592121218687	-2.1627548809838766	-0.07180356930472812	0.5390217748180728	0.21287930400860106	-0.11024134258217032	0.17345391734876256	0.640266989956031	-0.903834329360454	0.14721464514923402	-0.3840334827835014	0.511015808567151	0.02685603200566825	0.538226772162121	-1.1387419888242751	1.226837985048353	-0.555875081829981	-0.4369807296538391	-0.06458012886144973	0.3335326147416526	-0.25108749609759257	0.24263500148124276	0.21762544045703508	-0.38194711351561894	-0.20580230773069447	-0.5101337676695249	0.10842957442339485	0.3670389188594496	-0.4790495968490306	-0.11479446246660319	0.6985985770992446	-0.1262230130148982	-0.1565948587746012	0.2548626528542393	0.604644059935294	0.0800051938052656	-0.18853631773999655	0.36245085576560365
DTXSID3041827	-0.9989922644811682	1.0193442288427126	0.4647191211082236	1.3210101933665983	1.2462993490554486	2.1559887068914176	-0.02542201728021146	3.452866818911384	-0.12128631292525538	0.6098187525202106	-0.6866264597231089	-0.09728575031361522	0.6311069181541781	0.4103299323213889	0.004079446764694165	-0.7339836932376754	0.48977110619534703	-0.04199424954704949	0.07409007236629186	-0.4109381678575708	0.8210593694115745	-0.22142883650503056	0.03100711141517773	0.8637155932681333	-0.5413818829629246	-0.23974447261569362	0.46663688702415684	-0.8005910454643439	0.22884455646549512	-0.18873500418323308	0.29319387348202286	0.08489469445825336	-0.2990905243204149	-1.0500512913416755	0.12990419129021652	0.8582335064581567	-0.7768741691579822	0.2500034815315471	0.5869779326675717	0.4363305118845134	-0.027327065043355515	0.8924290279352298	-0.4027504690685156	0.6476402437456886	0.34796785678363484	0.3560588563898166	0.11275005407017806	0.05401793700872752	0.06524378601915576	0.5890981982473593	0.1067128273702492	0.31966674160154745	0.06012982522597657	0.2238943581422118	-0.3301415603136437	-0.42421849477433515	0.01791473145552596	-0.19870946072414597	-0.5650590673649185	0.6182096258900304	0.06502751919327787	-0.30012283270142415	-0.004930472188990034	-0.2246908515943455	-0.13597385990958286	-0.742471495873123	-0.01794299961450864	0.1580400944994411	0.5140663645729097	-0.037363472134250286	-0.11197760295665685	0.7614270053594345	-0.8048648248046387	1.087954169881239	-0.04790238515853512	0.08447595048058583	0.43286891392130444	0.11722644205957473	-0.1251814839178083	-0.04382368701800083	-0.0813139519604887	-0.2557343910981321	0.6946034893543896	0.3229383825313105	-0.6389623319329675	0.5412053736573554	0.7740085248736297	0.6307209024440047	-0.4229697781904238	-0.2643652682018739	0.7468118520889868	-0.6199229429298785	0.19318730303620665	0.5403487410541351	0.0626521500309065	0.5863338041264324	0.10643078324505323	0.1881116670847037	-0.43509022927220564	-0.16936762279359463
DTXSID1047312	2.5488708435905085	0.3045347025004104	-4.614122668390717	-2.5762960280031915	3.2045775534079026	3.582862018440149	0.52181368669147	-1.0585686755568744	3.778578376468247	1.8489065989506677	0.30787770014466964	0.8791593891216409	2.1683172095000236	4.677234116782104	1.0276255557810403	2.236293889574903	2.8425419720427945	-2.299116933660331	1.3614162950657958	1.2182238599587598	-2.2021546979889033	-1.1035725572172899	-0.3445460868807917	0.8479655777444118	-2.1187701735485573	1.302227729855526	-1.6086920073624726	-1.4033849411337418	-1.944864620450096	0.03412838479991233	0.6108837091563701	0.06727737959277125	-2.022118820082127	1.9852570723789695	0.9530177110580782	-1.6590486927676575	-2.5409182791162817	0.2270108650122784	1.7278093307744997	-0.13154867960757696	2.4691671541048543	-0.8147685680585461	-2.3217329644220492	0.8158467643488984	-0.21398307640432093	-1.649318422458293	-1.3561338312749336	1.1305616386243509	0.505692802820822	0.7521225081942727	0.8477956091399782	0.9536174746964847	-0.09175732433375099	0.5934933485183093	-0.09154158993895195	0.46215775772897744	0.5864375295529186	1.3869621847310074	2.5002362451612394	-0.2250332701863085	0.454232199882458	1.0798562979000499	-0.7672418586383853	-0.15819824239919456	-1.2015807795749092	-0.25931698528205843	-0.4850906698534879	0.16196902661108672	-0.0007213373544244741	0.8775190196051083	-2.5367973771375	1.3152551366168683	-1.9587689183208896	-0.6076890032046066	-0.9335588163273307	1.451887841817059	1.4990003271886156	0.8935641470681323	-0.43131280735076377	1.289880176076209	-0.3759934586380836	-0.13516810116937736	-0.46314189297829034	-0.5433104915506481	0.9548811007453772	0.1995184690366578	0.8922246723095867	0.48412998711352556	-0.4294474902665558	-0.2329189096569998	1.1959307263993004	-1.466725607366995	-1.0613439362522668	1.4248603907529762	-0.46297606964255156	-0.5520002756366832	0.297038739445515	-0.09721691453013477	-0.39546284311384006	-0.12709409629683674
DTXSID6021953	1.716971188822733	1.1178869309898676	-0.19217859228433853	-1.5026749248026836	-0.8428916582743133	0.43637246602425817	-0.6597617090575066	1.6080772752674846	-1.5918419746856027	-0.5881962891464646	-1.424371915502727	0.9568968322290181	-0.9693325181991942	1.300111197203894	0.8227599749795601	0.27423652542451	0.5444742022548605	1.6829704453511516	0.03852787210367699	-0.7114888078424537	0.7198828183703582	-0.7690854197819689	-0.15666173321697466	-0.02405505133302459	1.2462029252133562	0.6424418096400706	0.47696937091332686	-0.8471397834801414	-0.05108583069810993	-0.06104937583642108	1.3030894103930784	-0.5428329664403134	-0.685556834172463	0.4493283326606194	-0.10864054297607607	-0.709662617838655	0.7404512692209838	0.1587762008406185	-0.15243087192901536	0.4303640131770888	0.15252520550277943	0.0480532889531814	-0.025385515386373722	0.5103268792635458	-0.5171923538128935	-0.12921620303798162	0.5846002996587519	-0.19406558650363356	-0.12423556195141923	-0.1583212802541353	-0.011344597732006436	-0.35876694705034784	0.041744568065556334	-0.4675529956826426	0.03553716577798029	-0.7718603747532116	-0.022918710923404275	-0.30289946258152944	-0.16961755769282136	-0.4153068530590351	0.43702087333772494	0.2410172593073586	-0.0830661227269157	0.13149003916432025	-0.12252458836409011	-0.5867544432483303	-0.5479940788245653	-0.01081952663581645	-1.9087981804854073	-0.34959819931148606	-0.6123348252670661	0.09338286587988305	-0.016885576475535072	-0.7592871374089234	1.2816563373981067	0.49310666534599	-1.5494383714789803	0.26901430224945366	0.16319710457013764	0.39679066105927685	-0.9381893743478639	-0.761406575334889	0.7236073340147546	-0.3044906176771478	0.5327391341809593	0.2527991312229706	-0.510849502101675	0.44355273266070017	0.9892193620348271	-0.6036453622462367	1.620534412503917	-1.6726048093249042	-0.1042845533885633	0.007508174381143882	-0.20904916742005453	-0.5240192988169011	0.4476789253424772	0.18047389260971755	-0.532109644554896	0.33546426115385486
DTXSID7044475	-2.208884921182364	-2.848919342263583	4.742684533035844	1.5667388814504657	1.6105155056183813	1.1525464894853938	-0.12559652266079724	-0.6056481399971855	-0.3952970360669303	0.3504121780708569	-0.5160216787136053	-0.09178007897704529	-0.2688833198960256	0.5192342240713367	-0.20910345731300445	0.6140526494234034	-0.4034678574571735	0.4023231161692317	-0.7558913718378881	0.34598011237745413	0.152870923327194	-0.1815651354085399	-0.04877666367174068	-0.3106844358264438	0.5326328065354197	0.428101411357239	0.36763937112534906	-0.8682707030677177	0.06252178393837571	0.26982505988197175	0.7425237492828038	0.6312608944186029	0.08901698276976129	-0.0021045433698469256	0.6927163806320185	0.6561429745031276	0.2706032174678725	0.388796453907904	-0.005781739139898141	0.1466460970287607	0.09706247232118481	-0.011154280603432662	-0.6810374822821973	-1.3032453624749796	-0.4977853699859746	0.3763004186914181	-0.3119953133457478	0.8001707135668689	-0.056637540536933026	0.13304463049676346	-0.08113091337956466	0.4115466046023119	-0.2701897761780053	0.16889124487016946	0.26835351702938703	-0.19197220160567405	0.5597778046882416	0.20905731862094415	-0.36202360617462614	0.07677785284221282	-0.126097674261498	-0.4322899369408395	0.13029943874887343	-0.902892818657118	0.020359592797639273	0.023546529077608087	0.30288364218493286	-0.41020843967357057	-0.44669582171155336	0.22110338785400885	-0.33305869366731855	0.03933054019919478	-0.04829956682111818	0.010681369658699947	-0.3804301835803441	0.7325660942000856	-0.2286541765685795	0.11196060870109117	-0.21534251791325237	-0.4991193312412958	-0.2710612154075555	-0.5029927204379024	-0.192089251805722	0.1804054202025315	0.23696764050496555	-0.416722024059922	-1.3314993572469302	-0.2623208491146574	-0.72466478633182	0.5510317921849593	-0.274622273908197	0.8183057378021429	-0.2654675579214292	0.6411718866302192	-0.26879902784290616	-0.11920482108450964	0.21905531493424912	0.08519107551130692	-0.5311824038043162	-0.22831882243258644
DTXSID8047347	7.908784412117135	5.048021393469092	-1.1786483717960399	1.560957728972633	0.9061585647134228	-3.239106673972651	1.7534462199150556	2.814009917356776	-0.5186362105703093	0.11800227674030331	-1.259273132720503	0.33480332790416184	-0.139081807079444	2.624030397802598	2.373795745593544	1.7642689001311351	-2.2658008633953974	1.0390229175501975	0.16221673210263363	-1.5177701812359963	0.18655320512621998	-0.7956343297817648	0.30121356606053606	-0.4180607278131363	-0.07896687703021786	0.44158781538747827	0.8515663777532495	1.6173791783570133	-0.0804943677093586	-0.8318949587183766	-0.022990423006707936	-0.40035640806379647	1.5894219039586244	0.8053519221963762	-0.13883125269227126	-0.9847461475973986	0.6312657005794204	0.06350439131503077	0.6632098940900156	1.4613710263325141	-0.0315651060764393	1.0322107623433114	0.16467244577807738	0.3365442616006134	-0.2181132720335323	1.0465533161439002	-0.3989212026944918	0.5491016667835267	0.7145492776265159	-0.013358390631100147	0.38564585227309317	0.2455825557870813	0.07629481574794891	0.8800192416057386	0.8755487975278523	-0.6887397310228878	0.7316235000012741	1.4267162850177044	0.11745969147540186	-0.44421802959241163	0.2973962990699269	0.13008388170844512	-0.6889207250476703	-1.7504442034293506	-0.4639405753050389	-0.02163426825661891	0.09454507446818125	-1.5411261923584068	0.2603048019552583	2.1348803091481376	1.5513945868127899	0.8562054476865937	-1.7239907262121352	-0.9444478259958194	1.6556351170396326	-0.7310932674579531	-1.1364036109628362	-1.4475263533768379	0.24211907857897744	-1.537039356419085	0.4770509719410394	-0.3182156175162401	0.21132898502201947	-0.4645362966581998	0.23222853135186783	-0.43665027584260196	1.6253800268631002	1.4105755731945004	-1.5339127713640808	1.228268761821009	0.7459154768656865	0.18992244115897186	0.19748809540326898	-0.5563501372970069	0.26670347354208485	0.6658748846055349	-0.2794922753517877	-0.17100394727166937	0.40471354525798026	-0.6714482199331383
DTXSID5046693	6.056203135125843	4.409474913478386	-1.8104203980806886	0.7662336493402937	-0.9135355060345748	-3.0761062568039375	-1.492855080637686	2.869696768008974	-0.9329436849537278	-1.7901112907183232	-2.7254411748426	1.032706419281604	0.5191622465004249	5.201540949078729	2.397502833024467	1.898975801418537	-1.7457367949916114	1.4328766630515148	1.481015761587641	-1.067956756962278	-0.36947049151518374	-1.561346959633437	-1.7854375629763084	2.2609189084883394	-0.9218367870513008	-0.6941890694787598	2.5519345610746966	1.100416855113279	0.031957745779862594	0.5914086277786595	0.19873295317728482	-1.772861628992267	3.0454107320561383	2.0677186981674165	1.2552079395127662	-0.986036168646059	-0.20346063025356947	-2.134733437150333	-0.1056948557869084	0.9486505362231671	0.0877643927658596	0.37568321996727544	0.48802487563937236	-0.5598469471396529	-1.1316019377614248	0.25045012422652563	-0.6277781761190295	-0.3335336926641463	-0.06988165140879644	-1.2500146077573295	-0.07749252362739407	-0.6080631500186641	-0.1540532297184964	0.3466914516990712	1.6611903301612012	-0.21237380926821892	0.06342755236398423	1.8071751556947657	0.19549025124809588	-0.8868393694025117	-0.5650813236475856	-0.09686398440124985	-1.296478303018157	-1.637273269628751	0.15521440902603872	1.2645241746925477	-0.3836077479444633	-0.5363512516473347	-0.5345534845002774	-0.8352981838320745	2.500892933423738	-1.081535406585668	-0.9931806908064915	-1.5148442437136778	1.3616732763405022	-0.02925119886874767	-0.17034490019506754	0.5043461809749553	-0.46603169285928675	-0.07050335250872689	1.2803428427016141	-0.004208818292182713	-0.5152903790278225	0.4739462397115768	0.19718607018150971	0.08022466678414683	1.4937715102604092	0.9514087132557391	-1.2749624453503674	0.5836871251580596	0.22099996389719437	0.004025340540450546	0.20854476835220076	-0.9689118265521519	0.866005858550702	0.8687887533211615	-0.016713577446972088	0.16090682065829023	-0.03363543446712645	-0.6346525772366419
DTXSID8048606	3.9610357715726363	2.2608220729952895	-4.806562298349736	-2.2676577674074094	3.0331592510764454	-0.5522137223941035	-4.927250982203664	-0.22823295124501194	-4.328298979696515	0.5410381964692447	4.198323602363435	-4.211759306477565	-1.5772850128522697	-2.834835960090784	4.059442013060596	-1.4369534417484693	-0.15892948843628624	-1.395009989040989	1.5016882876892645	0.6525742307353448	0.5076516476475335	-0.3221614351033957	0.9924957761860446	0.766079612808881	-1.6327414963800213	-1.909895115840988	1.6344257513010954	-0.2852594263583039	1.173620108660725	1.2971485447444322	0.8793471815435189	-1.6875832517986726	0.9394663216244258	-3.5393566165968084	0.33941899987837393	4.2937357831929885	-2.486230642209913	0.5590982096979439	-1.6113718958363543	-0.3408051633612297	0.7688998142523995	-0.08843751959560568	2.751391287559881	-0.08008024109209519	0.428779821220732	-0.06364196796391024	-0.9754525710644492	2.1147954942679816	-0.20976546982841063	0.5222877482433651	0.5545879840832122	1.6331374209329383	1.1898588772791348	1.5979391526916797	-0.014969525942080248	1.1772839425721005	-0.854360790451911	2.1184849589093124	1.2002598869531673	1.3794903936075518	0.6176753952634811	1.2760951044108853	-0.9066919449772448	-1.0179065732427566	1.0674455611847227	-0.45653565570549504	-0.11577063169684935	0.1324118902821561	0.3098295455580733	1.5551364560465892	-1.7088650764881947	-0.025693917555432322	0.29096342835845534	-0.9002233560113245	1.200762820286995	0.6052439973469503	0.6556807959154056	0.6211658022672985	0.5903027770469659	0.609182443388381	0.9958372419782022	-0.06782416559341085	1.7511854231246378	-0.41338890105773357	-0.4070149595909336	0.019945314968189482	0.9307838507901777	-1.3285872139093922	-0.8590279628320703	-0.2156811856957713	0.6734326428047026	0.680988689033609	0.7323660106350509	-0.6639609975699791	-1.254186694623959	-0.8418356165108918	0.685508842150647	-0.8278667615136823	0.019964176155712113	0.6086956860201095
DTXSID8022086	-2.9160951976294345	-0.24644142617799317	-2.8528191576991597	1.8972464328723253	4.497202049181228	-0.432338050314029	-1.9204582649946762	-0.6747530901756219	1.059796679287495	2.263980506053844	0.08958906170507179	6.028757010888036	-0.839628578277413	-1.8636306088719816	-0.4170013297698823	-2.261731086541894	-1.0865029307771623	-0.413601005936532	0.10554135347369879	-0.00121365438117617	-1.0387488578090271	0.3678356594313241	0.17211551513153764	0.710631154246867	-1.4539628064594077	-0.0994063428592439	-0.01646364090112475	-1.1416937727901628	-0.618400778575645	-0.24264591367491453	-0.6061212742976867	-0.46458553332431907	-2.1012965906767516	2.823021574032259	0.25860989756546426	-1.8493615043465002	-1.8718816676349515	-0.7237177904590589	1.5384816109196926	-1.0425463291208192	2.029804499090174	-0.9789399888671191	-1.5839140565497234	1.0226178052984192	-1.3671026833056965	-0.16744753349441963	-0.8610634717455541	0.7356040654449637	0.5416473229808136	1.3047277484595523	0.6613626045916867	0.9905038581326172	0.23902797102151882	0.8514839003827878	0.7247531543138482	0.04316746293250652	0.07360316184696053	0.9912037730997614	1.3122188363736274	-0.643222785349787	-0.15002767354227636	1.866843153871287	0.5244683621887524	0.22147421462747022	-1.244949758733439	0.9376544936605862	-1.0570158890671884	-0.6230244760890656	-0.9338409399767237	0.10023331031407176	-0.7586893112974668	1.0134508660533974	-0.5334667454431116	0.0884399637393099	0.18520575604745476	1.217835880389574	0.9425266756666311	0.24569524747291177	-0.20748241391466923	0.23394886407420457	-0.043504854638134756	-0.23177347014330296	0.27218029948024397	0.11915054692761466	0.11075980797999743	0.36143686994948804	1.7207953998030827	-1.0824301098933011	0.5160060621550635	1.0703579697991383	-0.020030107048424	0.024524075512108782	-0.45833624371905207	0.5051104500590027	0.17619779020639784	-0.6990512476751055	-0.09458084411040621	-0.20993047955437966	0.006263936189223916	0.056450751634399964
DTXSID3021192	2.439833820074724	5.152780854112466	0.8261624841214201	0.9317629301718571	-2.720999496272575	-0.18326622474165472	1.090808091283875	1.9088921029644907	1.919564873965533	0.750480607163207	1.3852573231438106	-0.021209797140874297	-1.3378719765400295	0.5458613474836219	2.870124042378847	0.8242419689120362	-2.1560048598665866	0.7365100901007898	-0.46391556380300125	-0.6280970897583533	-0.6497384523306563	0.32915296728951804	0.9162796373577033	-0.2695158771156061	-0.31810395529943564	0.15216933733541266	1.3346830998920365	1.7148888894263818	-0.5085549217199632	-0.15301803632060088	-1.1377219310874989	-0.26970270576594696	1.4887974867721403	-0.15859019682535472	-0.6597014871939307	0.2628672208635713	-2.5836504076716182	-0.6484578153248267	-0.8428223205281099	0.09369980785774719	0.44982844477603706	0.9207777950598524	0.038984222511727604	-0.7816192256315035	1.286418885569361	-0.3466687228473198	0.8969057552085263	0.24623261817210618	0.1030792698438122	-0.5781241591247879	-0.10815928219127116	-0.4039337167353583	1.061264909741608	0.3051229263771524	-0.8258129975011397	0.7653027665400509	0.14914247325480423	1.4826673442571112	-0.21555616385874893	0.7114897641739104	-0.919195076941725	-1.7057132603053529	0.718842269762704	-0.8324760783163601	0.37669703695567996	0.218206583707748	-0.8219938453769248	-0.5754725184879979	0.4267884052989408	0.7789139594475346	-0.9651764311904582	2.716775975323256	-0.5840304124646799	-3.2921021156498207	-0.28878117580352214	-0.10899757722498461	-0.03097611235460935	0.3549268509016201	-0.08190750642875387	0.6985066878793759	0.10752538453592962	-0.8605974176808304	-0.056280000551410976	0.30073809348726843	0.21071188829473644	0.27693088487639345	-0.40451131486142067	-0.5044072465184045	0.20543802467769431	0.6460979463028238	0.8996742284308062	0.7398338753314138	-1.121524759956754	-0.24306159134373784	0.2925065860092905	-0.31029108159644303	-0.7577436904244199	0.20131991304559532	-0.09646216704880219	0.018489772433286193
DTXSID1048885	-0.28034801676301024	0.7813043203696074	-0.10018232420937952	0.6186910071413899	-2.5873970501665227	-0.6744191408520632	-0.9388130152301969	0.1702733412611341	-1.225733608016883	0.808964679739205	-2.023580292879174	-0.13154768745097922	-0.079278513314968	3.5609250368436722	1.0936986522624137	-0.7582116382787454	0.08021271382973474	0.5472387458691121	1.8751860238556288	-0.8013186357378935	-0.9452469521091051	-0.8729525350568152	-1.3716951510547506	1.4867604808966015	0.047210960991316324	-0.5348069655837905	1.1597579877600719	-0.08630704111666343	-0.21506661846126032	1.119716545126769	-0.9764688524426718	-1.2747839489260062	2.4448093388546264	1.812168344902015	1.701388521943317	0.7668245629613047	0.5242639415067853	-1.4732587088417715	0.7704045387523609	0.08243476025637764	0.04730668646060548	-0.2976149656148202	0.3052508813532016	0.2444611685268571	-1.587462950396281	-0.3358941277406111	-0.6602970477830485	-0.8939715363578106	-0.27455841501040124	-1.2444784407143827	0.22366203231568377	-0.3953388016558382	-0.17401330207293458	-0.047834029407910546	1.269650579907794	-0.8854343358470192	0.12054578625013324	0.2900339893565303	1.389856420690389	-0.8789873063937069	-0.26082240334119655	1.2539836377174045	-1.133486510297028	-1.9155164740959998	-0.2051025884005135	1.326900143412904	0.44286779544489124	1.0059672533742128	0.2997130804955778	-1.161539634186343	0.791271834794563	-1.577327367024741	-0.02616025949355746	-0.3240221306367712	0.3988260348325525	-0.10450742089527483	0.8281293873492597	-0.9811175366009044	0.5654193722494899	-0.7825634086030544	-0.9991672273865482	0.15022535772327072	-0.41802552641241025	0.6168819313656776	-0.5648290378702332	0.09485163877505866	0.5739131645753923	0.6127082771676214	-0.3396941328259023	-0.540195832148845	0.6899157924201464	0.04721281585737321	0.40315182884375084	0.3906470687646418	0.8254147472508796	-0.09548948186424402	0.10463413245757827	-0.05658899641745252	0.21016729749619956	-0.14422526146335649
DTXSID1048596	6.824908539806653	9.284052180039048	-5.8815835267341	4.039974857758776	-2.427904092244376	-1.1993892391848104	-3.227588600472035	-6.269395123758373	-5.259982865470633	-4.604346453982868	-4.520849419530238	-1.8702588293638567	9.907727471182524	0.18935233054468212	1.030992351489292	-1.4458230964386805	-2.284515237912052	0.28027960857430406	-0.07415106349376638	3.454279179883313	-0.2711767367315509	1.3997102587257035	-2.881316984130924	0.18159522473299278	-0.1517365547133069	0.8044910422537574	0.2006966597497442	2.7835981425744722	0.5455952474371668	-0.2655345579141268	0.38660971287795165	-1.089748590496839	-0.7717476235965933	-0.5176540972635171	-1.3683426142410717	0.3781762258212163	-0.3882814995343561	0.4292161175410754	-1.275496088505322	-1.6000656142640033	0.24596140578529915	-0.1750461515462518	-0.18847927080888868	-1.3326652212261003	1.181944009269081	0.15689219986112765	-0.3087837546709181	0.3687564801727281	-0.004084511200827603	-0.059657599276718605	0.04989420727649842	0.34373005542488405	0.018441054122674747	0.7492668379723403	-0.31760456873929427	1.8566186114224899	-0.46178631188963964	2.18788094626027	0.32057714803234255	0.7012758700252657	-0.35927180597107367	1.0733224528985454	0.8337190973298524	0.05027011368758585	-0.4913676011047706	-0.9704736776228373	-0.41899873885164	-1.914298048170568	-0.5463951917950535	2.0840397504087655	-0.4695679242397117	-0.9709150680108527	0.8376264471067327	-2.491811165026878	1.3406757336101334	-0.8902642825081002	-0.648067583434181	0.2021706113782897	1.7252141385792001	-0.9084635624272551	-0.5296703901114416	0.5103021268745958	-1.5029329603019808	-0.0790670109629313	-0.20662755282852904	-0.30784630372135285	-0.014737928987033884	0.13601839445892483	1.2669269717426925	-0.47876049235729734	-0.42895055512868274	0.4605119155440862	0.4523202709029038	0.4390154472568112	0.9328397446822451	-0.6206853514376093	-0.3307191761759215	0.18322102901153514	-2.983148859693644	-0.48550890252564055
DTXSID2021028	-5.599988972845354	-2.9467200501739463	0.5120838729577404	-0.27488608462139436	0.25438305709544073	-0.7650786167696342	0.6665230932618227	-0.4100660446571628	-0.010372329904643558	0.17176538970989205	-0.40318263803511384	1.1811661034961607	-0.07027663766119505	0.705204952244895	1.2204160992471398	1.3176437986939893	-0.6378979928672152	0.47485542770475253	-0.7224712179772038	0.0006381837819775988	-0.8365489151066684	-0.07578564250457628	-0.4092749695968634	-0.8612606633536214	-0.3175621953560075	0.22346806016934276	0.11938600253556932	1.9180994230155175	1.3566728462218234	-1.438389763716104	0.15381682478450429	0.5514653907582325	-1.9770255176609608	-1.245092340868122	0.3960007918045163	0.602206109200976	0.1865842437336316	-3.7240415359720247	-2.4624418257294507	1.1585020113509221	-3.98744854021796	-2.3558775378799472	-4.462687628395003	0.24724241133943006	0.1896433831673692	0.1503584371284138	2.4604564258458517	5.2081095387459095	-1.236378204687318	-4.0836806337765275	-0.9497470301290161	0.9269151939097862	1.896266880115981	0.13983642178884742	-3.1484457200638816	2.2405253599966404	4.717513280071342	-3.187791988077457	0.4973326425729113	-1.974168725917008	-0.49341860097242696	4.292385752989272	-0.46123052154402433	-0.649335035820093	1.0775754483859386	-1.1014176730143193	-0.809959890855087	0.5344949381922602	0.3913429123811195	0.45437781747721157	1.292593765184759	-0.4781394834407901	-0.1841224721605327	0.19319018762081647	1.3034237164767393	-0.21106800594474645	-0.17168268233456419	0.5192986441556823	-0.35173359057336023	0.13106053549557542	0.5364916780318356	-0.5471033649806978	0.38042099233849447	0.8816039975665041	0.04191753060674749	0.44356476774596765	-0.143228544183473	-0.3219266539205025	-0.2604940096062741	0.3501297860113579	0.5716432515758803	0.3191018545096702	0.21907579874072294	-0.3217646035580464	0.3485522149321472	-0.08307326787408939	0.11552778497716777	-0.20424948826919906	0.4369927182759871	0.2674115785538521
DTXSID4044909	-2.6211254181271384	0.8612248647398688	0.3913109509623424	-0.3782267682538422	-1.5937725744798514	0.3084566673142579	-1.1000541710724714	0.44434238556915595	0.5417932938647486	-0.40076252580987726	0.2691317414211618	-0.3643231275032478	-1.1191459247974922	-0.12599405948970055	0.4930345041255346	0.8406183834581885	-0.021819957031815183	0.9019343615499642	-0.6459581066762796	-0.6500949381511901	0.33886477086609745	-0.6150613189059102	-0.44342445100657696	-0.3338436705385901	0.3671496063135029	-0.02472179540386317	-0.04808841692723693	-0.7471700640091018	-0.07905095566202379	0.029625049179271737	0.19690636067439937	-0.9873688860098058	-0.9614984615300927	0.20646742343465938	-0.5197547016447177	-0.19542868080186776	-0.38558154406768386	0.08477351406023666	0.027124019044210038	0.5645535970243435	-0.3794631394376927	0.02845451865408542	-0.05773803481163983	0.16399391834488045	0.02353568302621499	-0.0877268293649783	0.18458701373455497	-0.11409607892795087	-0.29407804265626825	0.0024726893172114374	-0.07400900123749267	-0.0818207766397434	0.015452251146715822	-0.29317123334747097	-0.05458252954342171	-0.7877974874155232	-0.004520846033966746	-0.23633182378898518	0.12625780306337386	-0.12425682533689411	0.8988531686896256	-0.07189794538218662	-0.23343900119419575	0.943723613067918	0.39489587081195143	0.12886647240215393	-0.2693839784010938	-0.3718688276016368	-0.08555577066011369	-0.7065665542708761	-0.22845537140773398	-0.1783436610984439	0.3678682617695163	0.046509624466207454	0.4172583314931513	0.22276845849484145	-0.018849975990425163	-0.19033464069678058	0.3410789478243813	-0.18286091961297535	0.20541834557181776	0.18649716263275792	0.481975074403004	-0.2939324203494899	-0.20797596328055504	-0.16904275834617694	0.2921286097740794	-0.1862209974240922	0.042387495084689454	-0.5537849507606558	-0.3714946321335367	-0.6417937438397909	0.16272344525028734	0.10149561610203046	-0.023903758303008303	0.03614958389501845	0.4794010798534202	0.5023927418620663	0.020722655443558308	-0.18847884938589737
DTXSID8020915	-2.1588934883498134	2.4657413404948305	-0.2864864326907828	1.4906360594592922	0.09722244530223645	-0.19729608487227926	-2.672789473640246	-0.5705497485492159	-0.10593151461209334	-1.0894492410026202	3.6932676134321354	-1.4947036655021975	0.4353690800997886	-0.8980592512016151	1.2396561378500133	-0.39875485004704714	0.8482570391594086	0.5458989116339413	0.11696544997158943	-0.5784041151176823	0.21562039150982984	-0.06307719309943312	0.1727394899662932	0.07544292119728266	0.09453433286947895	1.33372470800579	-0.11571015744848882	0.11777597610746064	-0.40589043325777535	-0.18884223730827596	-0.6483174572239047	0.32223426412581585	-0.8750051265176976	0.2023111706519977	0.3785635552884664	-0.783743689626214	0.7178036963658053	0.6470394065266216	0.8225716255629704	0.7597103629024384	-0.8013081369428954	0.49963451440474976	-0.5176254980898559	0.3267079579233682	-0.27906079408209666	-0.023022079043376508	0.2338207258540756	-1.0973057230544794	0.16628752902180413	0.08254101711106908	0.3239602234476811	0.1332514523410932	0.15418229963981117	-0.38776719297057627	-0.004780486943958143	-0.8586416748560186	0.3197319098251328	-0.7484676504163145	0.17629415582900426	0.0027881579365232286	0.42225074470252394	0.1058941944000153	-0.27468749782682866	0.09823670535107855	0.31881226348893493	0.25221653132987565	-0.08185426894849372	-0.7132450015443995	0.8331403318352413	0.33793060560560023	0.5275593129867152	-0.5283100347506784	0.2548901621169503	0.23100163413685268	-0.005197534678885393	-0.20088115424893083	0.4432353248825218	0.354327088454808	0.027760226958348854	-0.5004524979528389	-0.14444015457589693	0.04665987916278267	-0.7106335971993134	0.004014158221418697	0.17088129874862562	0.3308107224954349	0.15882629364608392	0.11481427182319011	0.039776536053939986	-0.14454692799866767	0.29223819393290273	-0.5794211068700321	-0.0912936278392423	0.1763777348421216	-0.09623163938921149	0.12672238650880585	0.3155063246684343	0.09043583640654443	0.13301274061106755	0.06187528218387477
DTXSID3047471	-6.531902820139163	-3.0292231299232055	0.6647761823663167	-0.17499639957255905	-0.9823956114280603	0.11773076709097531	-0.5934309894841144	-0.6545442648696146	0.32363429257052895	0.07073246329406471	-0.2023647305095649	-0.13222357217435657	0.2374140764484107	-0.2417678072033626	-0.12234307422504687	0.2533855135648794	0.35708609974994754	0.38999477293522244	-0.3938753624965627	-0.314999081790095	0.26883157150284265	-0.5288104908536837	0.08565559192965894	-0.09246522582951357	-0.27193421632971526	-0.28241677707933355	-0.2658038217697258	0.20185657591861797	0.17919076234556053	-0.14867384218398924	0.2001067800668942	0.08682046222535243	0.5154003509661732	-0.034384579749232175	-0.3169850782020209	0.5338368619472407	0.19727410468036757	-0.14508587279698953	-0.5349828740188658	-0.005044515964815527	0.2220103502644477	-0.32650380766197673	-0.2841767685403541	-0.06404175793877473	-0.2720148832370136	0.17646399461453952	0.047120591584731406	-0.2829421797587618	0.00202897869250415	-0.14076356110374125	-0.12533131068140022	-0.3157020634619205	-0.07196348132780589	0.05202279133058533	-0.15716791810291925	0.19538215753455968	0.07939449457081471	0.19816729105719982	-0.2722293815598101	-0.009895582419210869	-0.07176772421857011	0.025911954842245753	0.6612562035703252	0.4839772193489339	-0.6660188877930512	0.08349254324777175	-0.16895383724148677	0.02377038104234553	-0.2741535000152026	0.09795818415759272	0.23046341349857488	0.1281671135037459	0.12163547676385765	-0.2185018915499416	-0.052996745008295876	-0.19544784661760845	0.023581388376571023	-0.19613368612060333	0.5774200382969173	-1.0508934116068405	0.040937881114815396	-0.3540854735881886	-0.3312768869665284	-0.18732384983154143	0.2569971252252774	-0.00991941956120727	0.3848332055640655	-0.16660485090463228	-0.3099050751448881	0.10518618015380472	-0.3411339820232129	-0.4555914716475246	-0.1561172924446847	-0.11565048415068521	-0.1001030319076728	-0.23372958809890831	-0.354281352657725	-0.30325401730507917	-0.27770770297317343	0.09724938467727348
DTXSID3045306	12.981093466915206	-4.24585432797005	5.856519977277433	4.594742855543882	6.319941589578892	4.841195787555245	-1.2433402373694662	-1.3389952700415553	-1.9629778641455127	-0.4298021212814762	0.5629861652016849	-0.8368763450393704	-1.0956590800927881	2.3711408797478195	-2.757103872792511	2.386316494935808	-1.6471567003288072	0.9676185695804385	-3.111535502012432	1.1316585919197413	0.6845505192638729	-0.5899025370818238	-0.40424022620086214	0.796588079731314	-1.1705172851499366	-0.10410708804083423	1.9638599200417972	0.7756887041115952	-0.5969800429085138	0.9554470563407462	0.5578032888099757	-0.19932230506706333	0.4959185620147745	-0.43067514659990064	-2.036064833689046	-0.9091022659866823	-1.311358754369975	-0.13089857049945788	-0.36295872256762884	-1.4808706023704632	-0.4649504055861244	-0.11993520452210805	0.6438345885729106	1.2609647980482892	-0.2191048199307407	-0.5310369576267044	1.0097344337297587	-1.2974673650300714	0.0008620597366308204	-0.08205456858376638	0.05069568524964615	-0.7890937370934225	0.5693199795991	-0.17680376063256403	-0.30002538010455676	0.11611823431605395	-1.2659681562679472	-0.7132614070628024	0.9932461577059634	0.6780687527766622	1.699894903137561	1.2989029651864121	-0.10065293714161506	2.086403622832553	0.2252201465856079	0.04555123889528992	-1.1034361813093039	1.0546205127304136	-0.40236014988113095	1.7064458442818518	1.7760899670326935	1.1281238193724443	-0.2554018876565129	0.45060726893084413	-0.31871242200452626	0.9110761366743328	-0.4396909693175902	-0.16021765991382483	-0.2321365644013555	0.052569488949898206	-0.6019654175289307	-0.07624887205815951	0.1010702191330929	0.5053832760439156	0.013885007874364785	0.08940346577401324	-0.18212418228798685	0.6269698172805982	0.22456487413495266	0.11493705760137983	1.0035862922655192	0.2981704436927822	0.05977204077158767	-0.11132947938262375	0.23579882602784974	0.1738492139745786	0.0712229103432158	0.03488652859511829	-0.5306185447046272	0.38123003981513826
DTXSID8023004	8.159108110254158	1.2127146228994876	6.755902327316347	3.7109090294112583	-0.031901202890594116	1.3340241793857857	-0.8838421651146214	-3.3145900695388715	-1.8376896849056568	0.2833941088023922	-4.2186870446028495	-0.5555861269497475	3.8876335081066635	0.43857155484395705	1.1556306649538415	-1.9134195746615306	-0.810839257893741	-0.25340315896727567	1.119195099259982	-0.7502118849161513	0.15996973467395587	0.856725886318115	0.35448226631026325	0.05311903429620723	0.971994677133843	0.14553139857167405	-0.9965620258926359	0.4136997774947283	-0.16847061817765743	-0.5802231950370121	-0.7447785330398324	-0.4541014470053866	-0.6334190754731917	-0.5493913060700075	0.3840036201623619	-0.27809764927930875	-1.3183321772175767	0.7953964650292495	0.6244333189621948	0.6980309324295964	-0.3570805780115451	0.8115350809924958	-0.004137263364174963	0.7120012852565708	-0.36013530241960645	0.051880515574898846	0.4201272777718447	-0.2521579870469074	0.12133960993551418	0.2007807055759803	0.15789419320567907	0.04045395063992799	0.4656617971967936	-0.13185953584280263	-0.3468576635452413	-0.5008816169051324	-0.3271381768565678	-0.216798475989722	-0.025429358458250333	-0.3152568460783402	0.489596947016551	0.3251811730570161	-0.3445382649606198	-0.6708913231000684	0.9536297334503647	-1.3961280329189079	0.3319303309813773	-0.48217734089309133	-0.38014699869502433	-0.8797766750693344	-0.09425011178307903	-0.1723242595879608	-0.9504740280613387	0.22801147848023595	-1.196872595584706	0.5345569502564884	0.06264566779862729	0.7846913107615051	0.12595768970732796	-0.09587773572436478	0.4502867179584125	-0.4144764185593062	0.4374899141866153	-0.16796177044016594	-0.11624763911587102	-0.24486227948451494	-0.13272779355166842	0.11230837330798087	0.5007399156630082	0.43655152048595786	0.8286068789641569	0.0762324473328283	-0.6548047512106093	-0.257145654808344	0.04029273654002094	0.04338857222739567	0.4180229727410258	-0.03213916416638265	0.4700683859255716	0.9489689037622113
DTXSID4024018	-2.1637388463625	0.16585408838219787	-1.678794885591782	-0.5584430509554862	-0.6490221313543447	1.5931658139153213	-2.0352555517107453	1.8674396554143797	-2.809935283968971	-1.5733726357293443	1.9493689027025392	-0.5593583869396533	1.753620900050013	0.5010365068654089	1.006169528250536	-2.2565267984733346	1.14846472501722	0.04535135972229793	0.43946833075350505	0.2881390957876364	1.121509429475112	-0.7657009081675422	-1.3242035361529814	1.7809868495466836	-1.0539452299081593	-1.3380510391149345	0.8351445251825191	0.0873969374176061	0.12395940701210732	0.6007676827753181	0.2742333873673232	-0.41273075524071234	1.2854273686656923	-0.6914670673366888	-0.169766645054288	1.2364025629219375	-0.8734918057681484	-0.3151952189804585	-0.09018520694269261	-0.5117654729893242	-0.15434748041067714	0.12861599754221073	1.1900695918371573	-0.688999364797097	-0.6590678083664272	-0.3279743354571487	-1.0113095056114667	0.3707324586981647	-0.33894831685002313	-0.6887291409545959	0.324367918152966	0.6997497611914109	-0.1584200947985525	0.6152595595981354	0.6876371947240761	0.021665214310620032	0.1118657037314435	1.0314254449118814	1.3276698493396386	0.09447641277952849	1.069395838973437	1.3337970684869573	-1.182031991264205	-1.5663356235016692	0.43714388954971045	1.281188359955118	0.4631374832495903	-0.04969984393573219	1.0690055970316537	0.09903482287420162	0.04133393948968293	-0.5173561425693073	0.391225140846818	-0.0940809790436298	0.02927905405833309	-0.11760583748740754	0.36537892984212644	0.2587453660808295	0.12587022753380903	0.4275478850768331	0.4498579803357179	0.4836094751019419	0.4982711916779632	0.4302710467424799	-0.20828743784170653	0.16458235798709653	0.3032851043151563	-0.12574854638548397	-0.07986443658648983	-0.2704568901830119	0.32344977135563285	-0.3530612480796262	0.4315970649277746	0.2907671998016166	0.18371988665290215	-0.2082886976390605	0.0031570993539018453	-0.06974451615968978	0.07305502160011829	-0.18531869236551995
DTXSID4022070	-0.8898318514506829	-1.2195855942416831	5.373531656685438	-3.3582327870760147	0.40934911224617593	-2.3968992135612615	-0.2988040134145409	-0.5064620006267573	0.46750679707377907	0.016734594967563493	0.4124417680790945	0.17675931036595863	1.0827656823172855	-0.8531908818077502	-3.069892758522274	-0.025739061832750286	-0.8354510570690951	-0.6680812679586376	-1.1770157640358123	1.4758394098094507	-0.0028125094183834676	0.4329634775802124	0.1265616761161734	-0.39808832491763807	-0.27393298753515594	1.1026905367001612	1.5864692250384205	-0.6096032333972725	0.24737564343828586	1.2426173737572634	1.3360477492937068	-0.48228542365254706	-0.10723745245055044	-0.17977760779394533	0.886447267323883	0.9613140364263866	-0.16362166073721365	0.5218374664917885	0.055210683397844504	0.4256611289881164	0.5187349525504574	-0.07128484692551212	-0.4009293681731934	-1.2601568589917749	0.1334077926972795	0.2370194864337536	0.08375024260491358	0.6137223044787178	-0.14579555222535362	-0.1981986017289836	-0.03491184215562825	0.4034772273004256	-0.15535043845509197	0.30040442790648236	0.22184392679566353	-0.25198328469653203	0.5264151821673883	0.28259510981987024	-0.0365151954288385	-0.25292611152044986	0.090141942968272	-0.7607954726060058	-0.5822101264996996	-0.47962940911519203	0.273397746951572	0.758274142172853	0.15062434497545465	0.15029534400701833	-0.26158812833890355	-0.07558484654311036	0.27233800020699467	-0.028056822003990706	0.1965531383631072	-0.1343034490440249	0.030055826078046535	0.15051762823898177	0.08768340727092762	-0.39574353361275266	0.08302824404278104	-0.6292561335490293	-0.6863681511703161	0.1492422908514651	-0.25324651715291524	0.11065073303343002	0.2808335239369317	-0.1442648165668974	-0.25070889418673564	-0.5495589367113409	0.09037332887601773	0.2014720188575893	-0.059038631843457985	-0.028007105567745633	-0.4344882470373132	0.48509609278615246	-0.1737579564821105	0.45932904900420696	0.17434666810875743	0.1626763623858063	0.28673094535534	0.2294786945633992
DTXSID6049228	0.6820573180611886	0.08412849358162158	2.37591898726645	-3.2399379591203346	-0.6749004324204928	-3.2151592587958335	5.1500108519340095	-2.4029662094605273	-0.23356242095632454	-1.3901622461857341	-0.22821896080000068	-0.685702850528658	0.5311727451986225	-2.581372592712951	-1.4393663286563276	-1.3904769041716798	0.5816982971733645	-1.1145478901533947	-0.9316865147445559	0.6432788795347154	-1.8356543797922862	-0.010869836910576833	-0.8104598844387025	0.49611256192390446	-1.2145245529717064	-0.6798458913566294	1.4097490773800174	-0.8276386291440944	-0.002254169466001705	1.086602578667385	-1.078533141304684	1.002980104716938	0.8724863967192744	0.15854564902778406	1.7598333073968029	0.6585648464207907	-1.7395013745252306	0.3380405268854127	1.0618362614339678	-0.20435088261616008	-1.1047805239932063	0.1509766219152169	-0.17323889976244744	0.3428701492735471	-0.22357933338694275	0.22533242131462103	1.1576087296616853	-0.1101518885044552	-0.5248253343527522	0.07764138446991285	-0.20646584738345825	0.0824457087032999	-0.2774428868227901	0.1607332187158152	-0.17829997354428326	0.7220308085646641	-1.2408749493877793	0.6066335037378435	-0.9364681576648622	0.6106306085832055	0.2595302166930464	0.4641196601805695	-0.2448936790493513	0.48820015565063585	0.47739309832143295	0.1874115695825065	-0.35737984107731	-0.04215617822132946	-0.5022091481868979	-0.7204439065051873	-0.31396247727166626	-0.10138041159412602	-0.39629699052251116	-0.169047064363391	0.2889147368220225	0.23316547826975417	0.10255041271228434	0.010777455218342218	-0.5845866747008597	-0.47656185026369435	-0.28975299180458974	-0.3050439199280575	0.38676984039749124	1.0229143917425976	-0.3768349767082818	0.0855307559522856	0.08486194549147145	-0.8478544104714155	0.07209164136291954	-0.7696440859437853	0.11860625847435781	0.05470599519392722	-0.07502095502782166	-0.2766218783323859	-0.1322966700835367	0.8896008141760734	0.5033918626648676	0.020789475915328263	0.29339335156636465	0.4232634660137347
DTXSID7024827	2.87666865828113	5.153911402060965	0.7078599468914342	0.5098776591332681	-2.6220281592077126	0.9678746299148202	1.6152053637302912	2.834569029549057	0.6571346725936753	1.030538613215548	1.0890359410564456	0.4256209340453463	-0.71294436883206	0.3739356825251218	2.0337120770123076	-0.1150803494859291	-1.455611883988228	0.039133270221009396	-0.45919370521382724	-0.8761201097801997	-0.42757600287187425	-0.00902679096986296	1.392629236740086	-0.2006729202467662	-0.10026319300991922	0.03137743495262508	0.716858844509843	1.1899964718671583	-0.36734160832403495	0.4890027493956341	-0.4486071707930048	-0.1951289820452065	0.96798182944789	-1.1106203281245055	-0.5829590850345392	0.9772734871018663	-1.1608003544839092	-0.7340984913376768	0.37611675434921155	-0.3239224858836421	-0.08437353967253676	0.3867438031039347	-0.28970608890253147	0.16595054291533162	0.8702365355524075	-0.5462833627138538	0.7240512563707885	0.3532409802719828	-0.13343144172794433	-0.026791656295579256	0.04233574190839151	0.27025157615176926	0.9299262285816184	0.008757729113823276	-0.2277326979214189	-0.4268145208041823	0.3566661745963034	-0.01958688799478465	0.4403910963943682	0.8968029328601681	-0.09831515159822776	-0.582522306184592	-0.26536470254990463	-0.33731622323781874	0.10685878729714053	0.07824519546768793	0.7072757105331783	0.24838142512040098	0.6263327079247014	0.5660325032738752	-1.5594248324900453	1.2245825352700763	-0.47663122747971376	-1.184285418600193	-1.106090920358984	0.7264395783431579	0.22054134304400597	0.8853973601713173	0.42929590062155976	0.011158012000759547	-0.9528686560907242	-0.47217081027366375	-0.3163163848437736	-0.6811644566009322	-0.275327869330465	-0.02738623517437432	0.5297676580091324	-0.3207025505268958	0.07224620594182282	-0.6515055506842401	-0.4253380926026613	-0.29256947723021676	-0.6674400400681543	-0.222776115818494	0.6038564836058125	-0.7459390568111056	-0.2886629902233293	0.026031624682628984	0.4113975565306511	-0.27074256259598906
DTXSID4057718	0.45398987560746634	-0.6358708888578252	-2.7310464270002894	-0.8928782144395992	0.8840870182224737	-0.7005445554585149	-0.8179098327368101	-1.0354669758772077	-0.5385090439777699	-1.2316609127648372	-2.0391509696511956	-0.7022149049231172	-1.69489088519225	2.7731504128990765	-0.38782263085454866	-2.276861438752385	2.248817478708747	-0.027998545158149004	-0.4005618427248893	-0.11799270493842112	2.2948636789485266	-0.5209509859958631	-3.1537050931048043	1.4441601866163036	-0.03241350829345853	-0.1340009510698224	1.5730272632208082	1.2931506610207772	-0.731494970706375	0.5890043807920732	-1.4326014597262304	-0.5532504002725127	1.6189386106368753	0.21429471806773223	0.18415008089818585	-0.9338171471233739	-0.5035690649485359	-1.7995319213507501	1.4103472902176717	-0.16341992812211023	0.7091114778450585	1.7169950460116663	0.027166048298063874	1.0924169139939304	-1.4832717882379907	-0.399746333957375	-1.3069528731719529	-0.6545138413779658	-0.4394714678058516	-1.1877591589663394	0.3153867553608329	-0.5136555772913605	-0.24336516249692527	0.7566616818865419	0.38668208770409745	-1.7013965333537242	0.8148191452531467	0.034398607267773496	1.2414601007368	-1.4540181204909186	-0.4972237006309284	1.036056257476824	-0.6925678894772468	-1.510387812709562	-0.20128121115618872	0.3775378864150946	0.4830118217710737	0.33324111984158866	1.2424996852374623	-0.8768191217546226	0.15161065907398058	-0.1375626564359471	0.1874399203167091	0.14533766031177422	-0.8896217683819894	-0.5184428091533075	0.2363965594159215	-1.3207861048091705	-0.3233388267003616	-0.3346167500700148	-0.2256233380950766	0.557478264056095	-0.11100695450282178	0.6944378981385702	-0.5488428588902128	0.09359432575474624	-0.34525091607907293	-0.5428596095730517	-0.7658321928845991	-0.49074923515731833	0.12388972109251437	1.2817453678614066	0.06399881041681973	0.5025943005132593	0.8753203676182153	-0.09708398983836874	-0.4818415275625134	-0.37854218111552357	0.2538423505467662	0.351803661034314
DTXSID7022253	5.106323412593932	2.5511013178458395	4.0108557539653225	1.6641191723242283	0.3761466918647511	-0.6699484360515129	0.44429777283637745	-1.0335713967939468	0.028855942362858808	-1.6038700299777153	0.3823246751580045	-0.1088927578244292	-1.691288252526763	0.10256312028657709	-0.1709369738692219	-0.4528380218919601	1.6598513978677536	-0.7140195085785834	0.8121291101402076	-1.1354437602671374	-1.1948782096970716	-0.7168592594332812	2.366570044226422	-0.08705933969682017	0.3317100528627373	-0.878513235410445	-0.42712526383612714	0.37506834787125265	0.5136829802673732	-1.539185488560277	-0.285767982309725	1.386260106269022	-1.3940111006399543	3.4694314934101667	-0.8159806384091228	1.4684089576964496	0.63844682721545	-0.3322892554717172	1.698202789873684	-0.8101417099460657	0.4546549073879957	1.8767083011929748	2.894612823111301	-0.3477659538057564	1.5485228794149866	-0.04742818494956633	-0.39475231147185924	-0.7361396969358333	-1.0722401903888754	-1.0095342703427663	-0.4014883040645221	-1.8669512746729773	1.4512945886038797	0.0010355837584880882	-0.6399843608605769	1.7328753530924363	0.919654070418967	-1.0362733151555898	-0.06598366370662558	-0.8567831739052119	0.6413299857199076	-0.11370031735945646	-2.121447802854961	-0.7046484455366341	-3.483095369209115	-2.4279278862765974	-1.7527108492526962	-0.5541647327287664	0.5135227804964385	-0.7710672172372929	-0.32717999019945787	0.14783630130121167	2.2458861492001985	-0.15647928333451808	-0.8145591300335525	0.5093851172395099	0.09745746890481555	-0.09866832744815628	-0.306511273964334	0.6965943839040875	0.22287950536271728	-0.7875651090229466	1.6290745176155297	0.5391177743859479	-0.37809175585667754	0.24040680140144519	-0.38966301833582895	-0.14868977172335868	-0.35849349075238657	-0.3811764312208844	-0.48679538911620013	-0.029841400521309916	0.8668783257805975	-0.20016784379542715	-0.9672737010051733	-1.224567673406201	0.40922607296087	0.3882767906390403	-0.6392084085817926	-0.38702328541134534
DTXSID1027635	3.105974513502445	-1.8082260552833853	3.430762184728643	-2.083562024467314	1.8608271586413567	-1.6747161724656867	-1.6485795960059415	0.5010080437698556	-0.826326404506793	-1.3642552757012927	-1.0183637964891128	0.46448254208778356	-1.3864278581067873	1.851988177190004	-0.5320845712416564	0.5377155729029378	0.36822097043793095	-0.3085534284171966	1.046708458361395	-0.9814347758201013	-0.2311651291992542	0.01972616170667652	-0.09739842789750408	-0.9621519677549764	0.7089529996565546	-0.21981432591193112	-1.7414729172339123	-1.1507574606794926	-0.12388426561424301	-1.0651587460426684	-2.1654750356223174	0.16718114712259088	-0.5615104582478685	0.727792759626385	0.6085737092747705	0.7551201273402969	-0.02767942482288181	0.5477281295361337	-1.303795247974016	-0.22965895819924254	-0.022909069647818543	-0.4437482952530974	-0.3066546684316265	-0.8381610123932693	-0.5664349907177663	-0.33999985744675393	-0.6566252907166692	-1.016509989722741	0.07344017129386353	-0.5176323155426926	-0.02377523134103715	-0.611356098817112	0.039976492277836784	-0.6665633326151604	-0.5923881049047055	0.5750357325471425	-0.5668101392364475	0.4917108970458208	0.5815420462025255	-0.07532430795094053	-0.4949969243861902	0.48920403963571457	1.0547325255280158	-0.014662137038674155	-0.1071822802950988	-0.573971030269952	-1.2341463738179903	0.07860479329134626	1.398934126062758	0.9857560768928669	0.2370843233508396	-0.26233671018847093	1.9318921798242898	0.446576622368019	-0.8295649827694841	-0.546002103425395	0.22973661296315956	0.4440199834367394	0.6396344787597308	-0.3630909071508923	0.3057451351876172	-0.06632878138899148	0.2821817298556331	-0.05351411770331171	-0.35216486452024953	0.9173291023113453	-0.5487596962290336	-2.097742420290951	-0.6518107805289429	-0.7144767547838169	0.43315819753478896	-0.3038200198657047	1.747830920794907	0.7006811656563904	-1.3946239450579339	-1.0439139986457528	0.5246172372574386	0.8987829923716326	0.32100478826804907	-1.1715139321413124
DTXSID7022413	-3.073844566953928	1.216412671961067	-0.3662057729318234	1.7489092342841432	-2.122728567098117	0.1529116107098643	-2.6497523035563773	-2.9364876308210706	-1.5783517567092404	-1.7633757326615938	-4.35048944074958	-0.36566722739544283	4.278040294290049	1.6964563188290953	0.5877498017234408	-0.5742607442597485	-1.023154429708988	0.17688425419748396	0.05499515507539433	0.28187732867726634	0.5364545078253959	-0.003528743628473399	0.06742668327203363	0.6627285064225741	0.21705220717213555	0.00580832483785662	1.378043221536601	0.5547399730635277	-0.3359650951677161	0.6788598249114332	0.017483530204140868	-0.7201182218511988	0.8767071500537318	0.7829206996958653	-0.6775314623300763	-0.6125836367749253	-0.18264839349626533	-0.6136453459735326	0.253278679597528	-0.0004603476324177086	-0.40951871320217204	0.3754438538339231	-0.07017633809666932	0.36693810510437064	-0.373181544959246	-0.4421668828418214	0.04999143570129337	-0.9924095597425064	-0.17630793788725604	-0.3559916061957656	0.3199632805608216	-0.36386269437430724	0.06957597811381461	0.229668040846881	0.6879606936512646	-0.5122152428138516	0.43818463414042635	0.047305450493548847	0.7136529739610727	-0.2765917989034986	0.3075136992932466	0.5852308721968905	-0.5849870556871687	-0.37841995005161483	-0.08400969947781926	0.49468985327711124	0.5023993612774359	-0.7803127649200036	1.0057883812345438	0.2097630275798012	-0.07264251854121102	-1.3487842310921767	0.7235644604706185	-0.254539680021687	0.641030563949976	-0.15602675419415113	0.4259342865121532	0.19763837238019974	-0.3336037194270256	0.08317447342310302	0.9820908499685992	-0.08247837016348801	-0.7099681166232515	-0.04215365317158493	0.00045851175750697657	0.5359117386144342	0.9424477421251333	0.2570902212797647	-0.05398679270787347	-0.29961869388290613	-0.06259545588422916	-0.4826540070277571	0.3105419020775985	0.09600527117180911	0.570004079499146	0.5076412640968085	-0.24358141291743493	-0.0457022194582809	-0.3356325540564974	-0.11076050542662437
DTXSID1047029	14.489805930572047	-3.2930979817483923	-5.4800431870910105	-19.727264134487612	9.47390748134084	26.720171972003893	3.1608191775227983	-10.388645479299798	16.520313169511383	-3.570050057372696	7.224378796062974	-1.28243736031661	6.303108612528758	10.515090390958862	0.5305464552476433	6.0965400537049454	-5.093529628882446	1.2261179350890379	4.930595825984469	-1.818506148963422	-3.199798821710284	2.5949495825172875	0.9652081087184753	1.7800113752826652	-1.1276773841813437	0.08611036829291761	2.649261909320913	2.549443700507911	1.7938908397630418	-0.29594146888756606	2.8918642399730223	-2.4830142877041634	-1.447807378650543	-0.748719096463584	-3.695686229596799	-1.6071584941926065	-4.445122942653395	1.9201332540774598	-2.007828402085255	-3.0934350414596605	-1.0066923883222645	-0.29087787592698	1.4869896358845616	3.5444799899107653	0.5164778131484514	1.113925171358277	1.460485272927063	-3.9035357703884226	-1.2146078790429318	-0.9117926842854778	-0.34653909205765987	-2.2650113846914834	0.7878759843749786	0.07890505785530055	-1.0249635210765642	-0.09368735151990214	-3.432562897581551	1.1290456738450954	0.35960046671388957	2.12787647207719	4.194043772356981	3.75036174207871	-1.4524532985648504	2.8560887758796287	1.0772283189915082	-0.1460821606566621	-4.9156989576640076	2.9300756889137647	-1.2247403105110104	2.588801334967317	5.734819801907897	1.473147226530215	2.234374885626624	0.3148065938055482	0.20315745508195604	1.1686900922392693	0.18498024363989193	-1.2550236195220745	-2.729594587527595	0.728479293220422	-6.629790208400109	0.5535425613329463	0.21910401083743225	2.0736308535246994	0.6984215373382631	-1.5434033810320842	0.6691357918290454	0.08652351198285817	-1.42484947830415	1.7011171053953644	-3.5797907623553487	1.8105829286700035	-1.4816216835838685	-3.084592575946731	-1.2892944193399658	2.11710526122459	0.05976750244245833	0.28413515412960516	0.044490431028716866	1.592841850074205
DTXSID2045862	3.065849633034626	1.4928400772038712	-0.9442701807011198	-0.3887639294796026	-0.017743926661515155	-2.6674642966611217	-0.36266935846017456	2.4963576063508177	-0.5433659050768856	-0.753875345117454	-2.482521000821547	0.5843048449458468	0.6234846873975314	3.050078343996449	2.416142778188064	1.5212683040041175	-1.497436950246716	1.3394349692017107	0.6122414243668014	-1.0171726005985948	-0.11275759276386094	-1.135178531355806	-0.5323821203218528	1.3183053528518742	-0.425773993852893	-0.344825707446252	1.76558447602859	1.0745940159855183	0.00612104608909457	-0.34255780441880523	0.06225517482499391	-0.8515554122172756	2.8695870888082924	1.2381884489971235	0.5520517345538947	-0.6913479755151929	-0.467324122575866	-1.3010320742319001	-0.4580199783535077	0.7268165879031806	0.8305087970202112	0.02753337898489202	0.32539431304741234	-1.213122484990664	-0.577785724718469	0.5440267064737438	-0.7753800558954402	0.23832108366707444	0.42761608479779367	-0.7544953758731135	-0.26722218475884263	-0.4948770944035563	0.10149301489159193	0.389870018272949	1.095793539127887	0.5272962772176584	0.3959558173430613	1.8108705864862387	-0.2655259393749521	-0.40230160975347146	-0.846024005091601	-0.5033573125639278	-0.5059297331848064	-0.9700903248750613	-0.22798528094856105	0.5397986745766928	-0.49646106919172234	-0.3552629853565779	-0.5212087144949278	-0.392484569157827	2.763777919587441	0.012831738304359592	-1.396417356294048	-1.9078872934586057	0.26993352967850337	-0.39655225150386597	0.23706399581770934	0.4273125345874085	0.5223913485995724	-0.23078678953738166	0.16535871314595613	0.12350286824131944	-0.2929559028202321	0.7033615061190561	-0.04691145979104808	0.36873516849284005	1.4962587325393415	1.3020021501372596	-0.9555625777781174	0.5705096999120576	0.19813367063762374	-0.6994466624171574	0.9887975699776036	-0.026522221278897206	0.1371146719911656	0.5068812527162001	0.16079911526056306	0.4165741354635153	0.6922447436586633	-0.7624170095091326
DTXSID3033307	4.379275508585315	1.9615513930843058	5.279674976156499	-5.979101360352843	-1.6521206179481798	-4.668047987705055	3.2199717904738234	-1.9973557472159036	0.28344270117003345	-0.104308449961299	1.0504252679777715	-0.1293242803244345	1.4411582810393027	-3.848064373722806	-3.218719038668501	-1.0528582722507211	-0.7812485727378045	-1.9401446998661285	-1.104168229042607	1.9621521204566275	-1.87570189008883	-0.08755332738375077	0.7750830722005562	0.23368038126160345	-0.4349633713035933	-1.7229129516474315	1.9130803015695508	-0.004561780924330529	1.2153219677063731	1.0512659339037411	2.100340513500582	-1.875319298378369	0.363407860981613	0.049918627827450573	0.8128537765647589	-0.15292802512754816	-1.0436439381761464	0.5465690664244731	-0.549691359503179	0.7267489232369986	0.3669593962257602	-0.4447048515754327	0.9614305613776135	0.9197127530289113	-0.7985309754842099	-0.016424633209508963	0.9711978119837457	-0.28498902039635926	0.7197436743358758	0.19634691143850214	0.39803709146285127	-0.16742470882652502	0.016971236105763978	0.03374490245047464	-0.053263521266873955	0.059998461866421215	0.10686279565282136	-0.5108391358654283	0.16750260288056235	-1.246687077509868	-0.09454234527842847	-1.0369413485749663	-0.06883862765180385	-0.6953330521368745	0.6671813820367584	0.954569671046946	-0.8203238346495524	1.7290575475691157	0.1493038132444756	0.24232157378859778	-0.09913011714952985	0.22754647462445401	0.3926048248851704	-0.39885504292748547	0.35513828173047784	0.6643002109168229	0.5402753424108719	0.570111442785169	-0.45296661868423904	0.45940520532097673	1.7208962904405776	-0.16593478596178096	0.5118491657760479	0.2751022639644111	-0.20404340440892005	-0.2798900637089842	0.42100806715812694	-0.7114840065419352	0.19159524640980696	-0.3321892411901486	-0.5975581615254575	0.08796759204579443	-0.06357313256668802	0.1797424023095763	0.27683672079365795	1.2422498167870877	0.32297996739308016	0.3863054415245461	0.21018365772313793	0.34041012024133743
DTXSID6047315	17.321625966453713	9.188540239323165	-2.8636771209755763	-0.7551046147303202	-1.4421961724947536	-1.2114221601400446	3.2147698248125134	2.0934230616668357	-1.6140261703647973	-2.0567766405989705	1.8391988019022667	1.054662542929707	1.2679401848512348	4.659615051525823	5.559805570683905	-0.5848282988936979	-0.8501864935330331	0.6510012235262632	0.31190203286859486	-0.7472924002112666	-3.0360144592222382	0.19089786230892722	1.4237594060403307	-2.025063393527917	3.0564152043429234	4.968227777323985	1.9072538719758303	2.9843622938633048	-1.3852213058655438	0.877438566073138	0.6338364971696099	-3.874244290275568	2.178387602880847	-2.3053803419452747	-1.3371258528286325	0.15441527665100394	4.147377564075504	-0.7085298234719615	5.867667466003485	-0.5503199342787087	-2.135471641560993	-2.847442065114237	-0.11962177633021387	-0.4985470017781457	-1.5958346084059138	-0.9467448249734867	-1.1677388668184128	0.28141072626243885	-0.557756129729885	0.13405674462223313	0.28551371149310767	-0.7188917729694754	-0.05056712631296626	-0.08982061666023126	2.2997679383760303	1.0866805786149587	2.6637143934494505	2.661141824158144	1.1899752221179167	-1.618903368903899	3.384514978607355	1.111277435584722	5.220315545906208	-0.9728935156811657	-3.081601184510158	0.9622418424174584	-0.3070351832509246	2.7250896175154686	-4.4049723272584425	-1.205152061344832	0.25785865543009867	-4.582265103849264	-1.2637330939387563	1.6584212282079778	-0.712331734635644	0.258002133949308	-0.1495341455118745	-2.563841204024083	-1.230928326443854	0.7211290853519239	1.465772008641208	1.1710279640576797	0.9048225604821907	0.2845460643984982	1.3555358253303027	-1.041511988715613	-0.24224055169990366	0.17623050694735873	-1.5262626852220846	1.0071827856914448	-0.455527118994013	-0.2988466068062745	-1.0981024598704956	-0.536494697785194	-1.9705998156454263	0.4279079666503718	0.09564550472050994	-0.7244356994892126	-2.1800768296162056	0.5583381017861521
DTXSID5025653	-4.589343057846902	-0.9055315527803467	0.7807166374097633	1.1315088770607507	-0.20875698303557336	0.31459053621372485	3.213177496290508	-0.02770524639527108	-0.9954829724764368	-0.9314342174549677	-0.16621716085684352	-0.024663886418094326	-0.18691216183211207	0.12845717761327569	0.5526464654961722	-1.1699854155336333	0.7097846562338705	-0.04170468254871309	-0.9050253667010818	-0.39476696719731613	-0.9998576488469547	-0.8410191553165537	1.61828968236559	-0.42136180347389396	0.24219512381909444	1.5919924475890888	0.06424057414658481	3.0621612274236103	0.12784748351940212	0.21810903456804137	-0.5078128415183376	-2.283364381423352	0.8001843312025498	0.3292055899277766	-1.2909335922939762	1.228862351143766	1.1874986307473285	2.223403875000086	-0.679457098477916	-0.017694082461847914	-1.5485705936531278	-0.2806320985367698	-1.7050594607199843	-1.218350312123617	-0.2245475546765442	-0.62975304458646	-0.01434508991130407	-0.9667667645348308	0.026072235528423283	0.4726697621903853	0.34153458725443137	0.23028114409983244	-0.18824284415372575	-0.43475216408546363	1.9436392337208186	-0.598320700444548	2.4854557263944583	2.6618747522428476	1.0842760953430626	-0.26700210787245304	-0.5940035325903941	0.07486758116359427	1.2140948964548237	1.542400811438237	-0.35210061672328297	-0.8494192829587146	-0.5908391617691008	0.7506573502715218	-1.293620218508188	-1.4065347557183698	0.0460569120283508	0.6164107130359365	0.15400335178926577	1.7673677007402115	0.27138441474546815	0.5975691925807861	0.5264264481472164	-0.9160369041815195	-0.46663957010196433	0.514566337258235	0.23588368217644107	-0.9867071658722847	1.294888091543319	0.09662436758766013	-0.002483278963781264	-0.10120650678631155	-0.3931062442995041	0.022570646278008585	-1.0259233739469944	-0.17144534097070604	-0.3561326050263804	-0.2231680502098492	0.30722173236135136	0.012506155058424697	-0.6976826638963656	-0.5315389842594067	-0.21329754955612426	0.01872835795099298	-0.03838559926429209	-0.10364877456033803
DTXSID4052186	-4.5416679657014765	1.2898346655873303	-0.6075937875611642	0.9772271087775928	-2.437950493785369	1.9792788792801423	-2.6464393551683836	-1.4838261297276	-1.269294170355286	-0.6667463646139707	-3.556646391407492	-0.607704572373647	3.8581466643259383	-0.5632269606121582	0.5882661581113595	-0.31970112529999445	-1.4496207147895663	-0.08098632108079944	-0.6220417184270646	0.16262113600997938	0.4356032084608474	0.5511417944551571	0.29595512153361064	-0.46864495349467244	0.9535542309299563	0.01931497537244912	-0.13671851651560668	0.24038725352034462	-0.3204186846037018	-0.11659472765158205	-0.21462084343047957	0.149730072152197	0.1625627786799758	0.05856694346808208	-0.309588860678071	-0.16551486869912752	-0.8882281700540902	-0.2975852135825053	-0.17720346469137255	-0.11320501921779864	0.2207424341893507	0.3305249981452036	0.00999723723457436	0.24892865592972838	0.05131035097371432	-0.10218359807576889	0.034508997334556715	-0.04497064107470758	-0.1211258091528892	0.21553788957793177	-0.049680385677135286	-0.36067634965572243	0.4147060753413308	0.15027084618894931	0.100814056346609	-0.10752624344870274	0.33946957884560797	-0.01964487993173927	-0.2545152259534908	0.04114314681945781	-0.10143116101353282	0.015310395841946952	-0.2499088856036029	0.5752452668690536	0.0486611374340768	-0.53135133306013	0.31037356991016596	-0.10956220556542233	-0.3968523850871014	-0.44980745783851356	-0.3084717475398845	-0.10316958994671928	-0.06854501033854205	0.09085832849668707	-0.4860308962266146	0.17582862872763821	-0.03213212082138957	-0.09628594113138876	-0.8486152818516868	0.27756512245972087	-0.40934953045191186	-1.1872128636066568	-0.7235286154485187	-0.518513671802573	0.3104901802158291	0.8383369292834921	-0.19773571673062515	-0.2557627848951451	0.06126164365342198	0.167930455773171	0.18344168692519236	-0.16697412672781162	-0.33667874228810546	-0.3910805733252166	0.8282209943650497	-0.02353372206896324	0.2860076178736722	0.2201464604620444	0.004748726253046685	0.19171873333433864
DTXSID5024681	-6.905466702509147	-3.24724953370249	0.6159852695983453	-0.6490590190018055	-1.2731673619747774	-0.19829735781079455	-1.0226800782032315	-0.6702901895244854	0.47347193513336666	2.3464337629540597	-0.3122191388078491	-1.005501465517538	-0.4766184330393732	-0.2856008933328977	-0.534694288310267	0.5391967320830043	-0.8286245764146549	0.03936013671134662	0.016635552650941587	0.20835896188645264	-0.6281105093037633	0.29294111946829565	-0.7796007300388279	1.213003729099771	1.93456100582381	-0.011310606150151916	-1.3593275394512154	-0.6395102667888269	-0.12477230569831675	-0.3572983761966814	-0.1330883497481003	0.2888486933298741	-0.14888972359586625	0.37271128935122033	-0.3998781714709867	0.07553643022103887	0.10169608599626406	-0.22292603864958177	-0.24546502591313937	-0.13129871504357774	-0.10257550546885012	-0.41314161209902306	-0.3807789824237543	-0.5197984581964937	-0.13470269680007851	0.17103798297505096	-0.3500528870443055	-0.19412448369291097	0.028678360870710802	-0.31277334985713456	-0.09015326345045933	-0.2872728532172955	-0.3412343176168503	-0.03239416072339676	0.033998415507842314	0.15492384631404388	-0.06038196492659553	0.11384362917069446	0.29008057734116743	0.16988213393837906	-0.1374594510767657	0.17860188768301724	0.39949668541099637	0.01075086651199211	-0.28434186511442755	0.7958312227227605	-0.35718915398733486	-0.22434894653174292	-0.23784749811789632	0.19288597415122558	0.9135666254856847	-0.1487094644020289	0.4845859502427854	0.20673125040888002	0.18686552299730919	-0.33079639321053045	0.00605604503920808	-0.2704626424382198	0.7043914934861525	-1.0568484529641469	0.26964382457545877	-0.8836551816044927	1.3750979792271354	-0.4023329017038773	1.7884903361642617	0.1585270319144145	0.16489210489716535	-1.4061297994027278	0.24272909460023326	-1.3437331005542295	-0.14839459097205077	1.3329774335504194	-0.2057272189747452	-0.284465738806339	0.5083248428698169	-0.0009515661745363151	-0.22737005122930326	-0.33377192549814494	0.17007099156582328	-0.43904102406841644
DTXSID7052577	-0.571541857932617	-1.1320057544689728	-0.3994413787215297	1.144939276453368	2.7734696849052276	3.5796727448681662	-1.3024117524264482	0.93981221437991	-2.3826375651550356	-0.5151136428828528	0.7254681327008206	2.0995986484656983	1.6630150306965934	1.3902092254937433	-1.9765976342356866	7.972021608851567	4.616932027043052	-5.3216710159517655	-1.8987398594754723	6.316595325775688	-2.08779950532853	-1.6628490604639417	-2.4690885886940697	-1.6565595342152206	-0.3250583859694141	2.795905984355412	0.4461623346064929	-2.716364971966528	-3.1639809340626335	2.4137632007319465	1.1902325408513248	2.35471824768454	1.8643423808531476	0.05132741003079063	1.8433753421935533	-1.9245716064896767	-0.6964333077360936	0.051228832876152576	-0.28339605601402235	-0.47909251784031603	2.9546462773863977	0.011435898372954141	-1.2076055739277889	-1.1774053119284493	2.3634678313622857	-2.995077820713215	-2.2871845004583995	0.7085532588088755	-0.23826436942250281	-0.5835273184601405	0.32150724625252314	-0.787807749581515	-0.5404921043306128	0.6258595443143522	-1.2908552919619214	1.1954393896173117	2.181871147117145	1.0922703510865657	3.092849778592964	0.601402374063921	-0.9832606264939147	-1.1324341284132502	-3.655296321016791	1.2915024330551281	-0.7398432565226668	-0.3776605341403251	1.3435459799911114	0.737195523500601	0.5055212523616608	-0.20535187673273028	-2.303466935353802	-0.10796455840721929	-1.8550410234305272	-0.09359993100074646	-0.8916459150335421	-0.9975549837682364	-0.3211665313848654	-1.6004665747146922	-0.10495704647569437	0.07894236747726428	-1.0885080846684987	1.1570363063728792	1.0869884273477568	1.1381844881392427	0.44625447813790636	-0.6315491684177029	-1.9766546465406587	-0.6869947262243039	1.0404016431586003	0.9504833850596677	0.7351832541586188	0.10881451845829189	-0.5876693867616133	1.1657817481327424	-0.8234329139744154	1.214799495813866	0.8652097994277811	0.4580779897596334	1.4038586168391272	0.3491452941095654
DTXSID6038326	4.377952814022003	-0.6928478384263446	2.8367372356638816	-1.5090467003343007	-4.079331711135261	13.141746338474187	2.352539308922681	9.105203527310683	-3.769366405092364	1.8141345167677227	0.5351937487404117	0.5034818685847692	1.3487234159544137	-2.1554116287429688	-1.6261595440203145	-1.7669823337894937	-0.8280573949890653	-2.235807017515399	1.0676075411529715	-0.36168818797801466	-1.1383997162092319	0.5231119072100183	0.6212447913349581	0.46583794933672407	-1.846708421658049	1.4771087715108369	0.7738103909094126	2.656858539643566	0.22470341726366364	-0.8101457482856864	-2.150037356973956	0.9265023707601306	0.8319775311211735	-0.015509105318393787	2.074519898842523	0.7370552099330645	-0.34456108689575937	-1.6740144033560604	-0.6051736976019585	0.8440402821512915	-0.19754207965131704	-0.9220359719317348	0.5350221335512946	1.17029499764964	-0.05695837880070562	-1.2151911957579007	0.35052564441240625	-1.630766476482342	0.724179267485071	-0.9513407559883428	0.39496016992576694	-0.9992241594922979	1.1277632851875299	-0.45470682116107497	-0.4630418028813957	0.5512947198131851	-1.255416518238509	0.7582112103970305	0.94274683429745	-2.0540285510430176	-1.3032654821239047	0.11162341476775851	-0.07283372719392417	0.3773325096580542	-0.7856168419493745	-0.11966575763582434	0.9840303987692821	-0.6997373135423248	0.2730928388988973	-0.21480466779111274	-0.13774015756566374	0.04704772203367308	-0.9041267086122565	-1.0616980241008307	0.07108776342393097	0.7431781986315947	-0.9405278914714706	0.7058874113807326	1.8113599488860255	-2.0867812220800177	1.239902521904645	0.5634093509356553	0.25512911868224536	-0.06175188433495759	1.0486519866428774	-0.9345404463776603	0.636662734635222	0.12811684488245859	0.2953536422732257	0.32204962364465334	-0.882120065052529	-0.39011366149914745	1.5352647584102843	0.6326091261134661	-1.0504957628284277	0.4320278388850724	-0.20246901681836438	-0.5878718033895876	0.9283641338891933	0.5812594154747192
DTXSID1047108	-5.595301437951356	-2.8476662689642813	2.324027732169233	-0.7475511745385773	-0.9527257969369446	1.6546886129997251	0.3211088202395384	-0.1769203187914922	0.6687178382605967	0.4819693989725412	0.01728230704659834	-0.37090530372189984	0.3259295956785018	-0.8143435883127135	-0.11984048123640978	0.006183578010532395	-0.40946798903666876	-0.39757532978913923	0.24558052716300632	-0.15253118453700315	0.0038863146651386443	0.34188620388527313	-0.4532266136959583	-1.4920995585767771	0.41759414865784183	0.09945476908590221	-0.8722061107013028	1.7063953191574517	-0.06353430130411716	-0.22699048035137184	1.2225411302520264	-0.3177768657856273	-0.06954489837999228	-0.11946998340597166	0.4312452598125605	0.21410065319800153	-0.10254017508999658	-1.0474156502598504	0.4997212182522387	-1.3721613327248845	0.5157072784061396	3.7680881934783934	-0.09201026956907105	-0.7637719470916415	-1.9734137847713273	-3.2748586333662604	2.064678379666259	1.082309985589396	1.0004241405041057	1.4925684989123986	0.26184169225217124	1.410749721356991	-1.1823466928018505	1.1190614052552557	-0.1811742690442999	1.2478542098347138	-0.8879249027618542	-0.784639843452832	-0.05375999946240308	0.2965376309149713	0.1584895039834437	-0.7488431559066769	-0.24240404036532015	-0.06961887737769526	0.9409127908339996	0.26340795017882535	-0.34569974352765803	0.23683226743426958	-0.4735321300698669	-0.7807531699867717	1.137469182221218	-0.39706993843993105	0.2119789470650182	0.22093563060773994	0.9235351736221599	-0.21696407688621389	0.8881281852128138	-0.28169520457680547	0.3577913020404011	-0.2507361197429941	-0.029117186316849054	0.008032322615763365	0.3461403455115879	-0.13680559519839325	0.18695510063410173	0.16326308358906022	0.23513964975625692	-0.25905798340242325	0.09877434326856599	-0.11640305912343508	-0.04957073784974581	-0.3838700466325907	-0.3475067356508926	0.09504899186842675	0.4226559474883895	0.5162161467115964	-0.3003027877529728	-0.3533511063800006	-0.3966155639241303	0.7000400348337611
DTXSID3020752	-4.220321113227961	-2.885738361850101	-1.6351509896790075	-4.606016484800581	0.43355792816990546	4.90859519760933	0.34192534782352674	-1.0950074034183692	2.9301671778691536	-0.6594494705178682	0.6079768021905709	-0.16814921095750612	0.8522746328361601	1.4439048850510474	-0.05397906214647786	0.7513985691606901	-0.4157328399245798	-0.22801691794842804	0.8058046429489027	-0.4116047942343487	-0.6826416083155801	0.5820131927769481	0.20685073002939558	-0.12978891243187138	0.053292451327468425	0.36890360796529253	0.6100870469348765	-0.025718929586349856	0.19875227183851488	-0.2743629550944103	0.060845856585046494	0.07129889449493806	-0.035654676378002514	-0.12714945584576764	0.49868812807677043	-0.41758306434535397	0.16134825489858418	-0.22653784653386877	-0.010246934958089189	-0.10909170862392585	0.29216966253334575	0.9803612572650559	-0.3996453647659271	0.3076967958029871	-0.19015627521655293	0.24761042335290567	0.007006653420322107	-0.25903788320007015	-0.03406208525217769	0.09336320512973512	0.21245707630021288	-0.10838161185834297	-0.01720348688961552	0.16323073959626355	-0.12991214713979485	-0.09596171307074816	0.23073903789410963	0.47654935908846635	-0.4670224573325957	0.29330524120039575	-0.22911653433539772	0.41116712644064857	-0.12049004877139541	-0.8370419830147088	-0.348093541215362	0.19375683181480566	-0.2366032625817076	-0.12765309648949683	-0.05108515869312976	0.38727843643579285	-0.33596995473786273	0.585924855110916	0.1274216656555805	0.15290853231940923	-0.5886230348033944	-0.15329940796543237	-0.9813545011311544	-0.38314975403664975	-0.5524152067126467	0.38323306167565147	0.45247066769027733	-0.7815629983073925	0.03664862442557685	-0.4128098351002599	-0.25611770433652065	0.3937397714890564	-0.20805068772003865	0.4886336633826353	0.2849526598497696	-0.27741714987366844	0.22426053726523495	-0.771641679618172	-0.6591777109398756	-0.17657290258742336	-0.33011835732364275	-0.4352140845718371	0.7374213808743492	0.5106587515426904	-0.5423762093617526	-0.4090298614421552
DTXSID8048739	20.118680643828586	-11.919411106862707	-11.957006456411971	2.919875503817021	-6.185714523410166	-2.5695482109726515	-2.523276832705632	-1.1530924080546643	-0.8862779926859782	9.638478290587754	0.9051157943613658	-1.393575130242944	-0.24551043848711515	2.01391716981775	-5.053350756388106	-1.2882706091077325	0.5766495926320694	0.6872188921221175	-0.746992720440201	-1.438080304522101	-1.2013327759188677	-0.22256137711524518	0.7032528415150299	-0.19560992572373812	-2.5549266723909687	-0.2558434818670515	-1.6241251306715034	-1.7536344567262179	-0.7355962353802424	-0.9826063615593429	-0.937554540086089	0.1453457899762769	-1.1984491426975181	2.41454594065801	0.17464748551015194	-2.7679473445166654	1.0832614502984614	0.7529686205790548	0.5352090596410641	-0.8257453945049524	0.31017927626936825	-0.43300427263581726	1.4672476258828238	-0.07550976692405466	-1.7397987925483671	-0.028884550447024447	-1.1024746838278365	-0.36991305535037283	-0.0953909514291337	0.20259691383071948	0.2272783319488548	0.2147261509651235	-0.5555872457632921	-0.27778155085563017	-0.7230235238920707	0.462799024933019	1.1840395638713954	-0.4756964323071361	-0.461345016657224	-0.8652407511630034	0.45944142613503575	1.3384492936566255	-0.11328339988691781	-0.9771043301235637	0.47679576341558844	1.1021289739387534	0.5267740407618577	1.097061788012945	-1.8077682719962704	-2.4911406540423533	-0.40736622915524484	-0.7047119626082216	0.8223965766664185	-1.0581606519310967	-0.4064610657938035	-1.0833881151166789	-0.1981025582777977	-0.4980738246892736	1.95717612001229	0.19378342645505628	-0.14973316086717417	-0.7392777056851062	2.849146818410873	1.512753534860706	-2.169373449899523	-0.8547581267028762	-3.4547826303721316	-0.2435688130455244	2.194382447470178	-0.08758462439820063	1.1069777950072723	0.7737894641302048	2.1356669206185743	0.3292829871286007	1.9347575233549603	-0.31566039722113914	-1.0493087339967195	-0.13985559170232853	1.201265600597095	-1.3473245663293754
DTXSID1024887	-1.5238184192206883	5.164878826593721	1.6806917535943313	1.5365593814095408	-2.4801052832725796	0.596191209323603	-1.424905677140002	-1.45229131649979	2.393095508291292	-0.27755925664295417	1.7682925081656273	-0.8524662847465078	-1.054454281947814	-2.802633447169836	-0.8981148591200103	0.3512891501389167	-0.4627748679485305	-0.6544803528787861	0.20345606749423545	0.22430718457041526	0.45828759222096976	0.31754291147644687	-1.2687928021398098	-0.8281136220024062	-0.5511187683132239	0.04627665372603073	-0.4036270435280618	1.5570303547682145	-0.09066039616635123	-0.35544953924054074	0.5958957884758284	1.10128479502086	0.3830163543053314	0.09678202940419511	-0.8597424758412363	-0.9476640661375507	0.10266272994799873	0.5049559433816212	1.1232635289257284	-0.3681758826851783	-0.35858678744675615	0.603728738876599	-0.6286380742357194	0.36009330099357423	-0.34819132033517536	0.9924402089484728	0.05774852052469473	-0.21316249674739138	0.2683898165918658	0.13298417564018278	0.2114462032702487	0.3954209168096649	-0.36836795153261287	0.44407089633880864	0.25595116498107806	-0.3341424536436222	0.3672669295060165	0.15529634135029388	-0.5176386442303558	-0.24372732004635017	0.36046422039106935	0.8275882528938255	-0.16246357096182185	-0.5288725344035093	-0.06336796716199686	-0.547595743218907	0.24637500458480152	-0.2682480451715644	0.24620053922235854	0.5862837995534328	0.0942602821604632	0.055210780693911894	-0.2932245423524502	-0.2621276470549984	-0.3073408125170265	-0.5504571747182967	-0.35038155453903147	0.1999446865570255	0.4356751170315551	-0.34108870969842775	-0.21168341279973163	0.18958280139089842	0.20893446669766763	0.007746652038656624	-0.011818838035948916	-0.18265352843963972	-0.2248003021877404	-0.07542400431894059	0.12807252204377814	0.16208415044419025	0.044113421043729846	-0.4276619572735436	-0.6544640509505821	-0.23816692992248573	0.23928537406483844	0.16006951514600035	0.08023310264961361	-0.494535846383301	-0.37840509871700806	0.5238937224821091
DTXSID1041681	5.104006890704591	4.406014761412879	-4.364060852874406	0.7473649514313726	1.8788051598758433	2.0867737768605106	-2.897810408393626	-3.2052650335054382	-3.605313568308309	0.22388080209537922	-3.2119834535336445	11.667143786720734	3.31371366781055	-2.448654176590864	1.9970305468510163	-1.6050955523671249	-2.726044955987443	-0.21515533549680252	-0.08359191298531415	-0.8376994250281394	-0.867926108569115	0.9602365949391539	-0.6276828478162003	-0.22159081361227942	-0.3465394595790007	-0.1456976909127964	0.11944928344642873	-0.41928902082695263	0.060622665106533524	-0.594946763714399	-2.286098009790521	0.9068801264220865	-0.240015115229413	1.003267976141122	-1.7151032665932222	-0.2396176754280326	1.7548376644407335	-2.48498453686936	-0.43890550592185745	-0.1318372967079768	0.7180822427934881	-1.6433456057898896	0.4940342570381345	-1.556822261513134	1.6531555125960269	-0.8022224018299688	0.796142573139534	-2.8875073902155624	-4.206273312093453	4.307880580486368	0.5721012451186542	0.9210108442175247	0.1890858761241357	6.544514958118921	-1.142371672681667	-0.7937060427899636	0.31929965420613343	0.7560452399644503	-0.039275066630934656	-0.3667911823760387	-1.351392860990167	0.18970383535212768	-0.14185227101356584	-1.302989467377552	1.286791515162838	-1.2438442375422238	-0.36502067093772594	0.6594948523441908	-0.08824591772655574	0.4926276109347261	-0.24982569275748537	-0.29465928655082496	-1.3873733044984207	0.5239189355929187	-1.1118949449663211	0.6936316671946807	-1.2605740738500963	-0.014438403858574032	-1.9587259097790233	-0.22356401727634212	-0.8105859319488081	-0.9136023126853445	-1.9242073416665297	0.8601566477765429	0.4808814100917273	1.6996936275487777	-0.0859533475574055	0.9005986841919612	0.30598384915885307	-1.2788491647521114	0.2783486568609052	0.3452464340374129	-0.00896116632841892	-0.30760751679349224	1.553452915757111	0.5459887002945308	0.1237098547935928	0.2754030558989187	-0.2835034502812963	0.6580744622687232
DTXSID9046104	3.127576429003842	3.608342456933838	-3.2780163966825424	3.0185699807796733	2.6651575467081687	0.7432192864355733	1.2762715401086904	2.3683659731260702	-1.8103952507289	-0.8989011174532492	-1.8439674050308021	-1.2187061521918754	1.5660454434908446	0.6081054705605681	-2.199260006051876	-3.031669862040552	-0.7309227208808335	-1.1018917138736768	-1.7844042907329425	1.3290550298084411	-1.4307945145870056	-0.6988116312807552	0.6519758632046276	0.417074752483777	-1.7728015981842633	1.8018499461445199	-0.40900494471533916	1.5446461525025779	-0.4701941563064755	-1.2704356617621042	-0.17227943738311396	-1.5745470291874346	-0.6353482010354257	6.245703441712199	1.0535873148773547	0.8350806129474331	-1.146561334121992	1.026215937708696	1.0662840462192515	-0.4702838874461435	5.974537228898021	-2.124097256324055	-3.868034301267509	4.197618657453609	-1.1646880991168456	0.9085041216677564	-2.783279397703925	2.2479916291300297	-1.0912447116605588	-1.2233894879388458	0.6022908380168834	0.9424622431516104	-1.6811020895638364	4.001934770130394	-0.7807389976234669	0.22080828951039444	-0.30020009707548934	-1.120952931570176	0.3004158391082662	3.353685533393048	2.212182096540048	1.0946838496034133	1.7220417584556935	-0.3894705290852341	0.618636863881472	-0.2325631715342653	-0.1396047482230334	-2.5093471053045553	-1.1319366409487381	1.0664212869992127	0.02895033681553462	1.1167535400503512	-0.29530149215904034	1.387402312018239	0.435394319266809	0.3058509286329613	0.7306430482323321	0.03783487600726145	-0.030429990091382815	1.0656315425026348	-0.17317715785208565	0.7667109453449154	-0.6828760709389324	-0.7418785093924991	0.5237990991305026	0.01340655083003672	0.4537165707146676	-0.23106036507959812	0.007826207292567982	0.1508745916718556	0.11281765503593182	0.15381716389164904	-0.4355430490110274	0.48909353543188433	0.36761591603581284	0.14537689626235084	-1.3367690294598886	-0.327925836788328	-0.29621528626351246	-0.17820510513042134
DTXSID2045571	4.82205320334587	0.22386030982003194	-3.248747375504134	-0.3159814165200683	-2.058244288229542	-0.5068828934817118	-3.7083429889541057	-4.974389548672084	-2.7376163565275724	0.2680799199646	-7.723369735520908	0.11778317790656824	8.804410751525108	-0.14605944830195774	0.6194661491607945	-0.0396559310978711	-2.3759754137684213	0.8420360995432891	-0.8428532363386935	-0.48888180831566025	1.5896732933778093	1.202852340280003	1.7908473895705908	-1.3100681303270907	1.9030921937683332	1.6548917486632413	0.5966690864802278	0.2990536164122488	-0.04146260688786174	-1.3429138867954884	0.11527551918049779	0.5137063054042187	-0.8977037497188097	0.6136903448022797	-0.2290584065653517	-1.0851342421628178	-1.2051032283168601	1.1752656416938532	-1.4877876790467148	-1.0184986823599886	0.30458271652575974	0.494568395089227	0.2582801776853445	-0.12996591868267696	0.347553872778574	-0.11459862589760121	0.10037920994912293	-1.2422172653386958	-0.41388268420220686	-0.12458534508052725	0.12173367124838043	-0.7318021653029227	0.5648667158173092	0.1523681132147321	-0.5240430665899543	-0.12723765109617424	0.4485431003402679	0.4704901526042361	-0.2632631998460865	-0.07360531500542802	0.004380717559024269	0.32409204959415905	-0.01322592964314599	0.14168297162540366	0.13164645316443258	-0.5620715908879683	-0.4450438418087646	-0.1836714717051399	0.820137621056198	0.222117237564122	-0.8002323082459141	-1.5706261550245655	2.282716444701976	-0.9237162693020593	0.9630980906617022	-0.10392533716701953	0.21012506486524418	0.729989089619369	-0.6804645100469648	1.250028578194161	-0.22619521781201982	-0.5375005666760242	0.394757508184597	0.17682420042167943	0.3301996436013075	0.15474023299481943	0.7504312647967479	0.01535972192856075	-0.10737752596913194	0.7591917900344923	-0.7463362385766825	-0.5579041987510415	1.0671256369782047	-1.7883690833691397	0.21285419474954423	0.45110163326838115	-0.9928493706316931	0.07235969367831377	-0.8248145608336869	-0.5346765533624135
DTXSID1027924	9.20989405084963	0.7609782879292017	7.366851751261135	-8.382446093581668	0.5916537233510794	-6.748512802218407	-0.2154829052493792	1.712102067359792	-1.0681332240754564	-0.5901826448152944	0.11118404862851698	2.0724987132341806	1.56923951143254	0.4415049213252505	-4.227328593370701	-0.9127180738537531	-0.9318258775863437	-2.2288946529974187	1.5115599522535006	0.16829033950438743	-0.26188221273804496	1.053708198535257	0.27031568545050777	-0.04257238602142563	-0.3872466793838403	-0.029572009922483752	-0.3629300634914431	-0.8009112280875252	0.7609242445137167	0.3374149505076465	0.925513324500557	-1.537935145888423	-0.6374759413024835	-0.7644966416280601	-0.028973066575072058	0.44555312762912835	-0.3127096072967412	0.7610710988858317	0.41699799760580586	0.7614448087301294	-0.4820347359194338	0.2286002714731333	-0.5226513189701166	-0.36923159869349403	0.1869339326231957	0.035408594954012405	0.02324693835190657	0.64026218837878	-0.1965848360490164	0.2613612271165336	-0.10981157397366036	0.2528472449235789	-0.2209296375922605	-0.04382069467232242	0.08165748880973335	-0.06462348460443788	-0.1322544621053039	-0.16484922245407505	0.10625673391894307	0.27403803764609797	0.9599111998125348	-0.17895472877002944	0.09939541775340352	0.05903641744785109	0.8402519652556344	-0.8501519509016577	-0.05377675421152994	-0.44801954111211406	0.8304098954427145	0.42939038116328754	0.47874827209744303	0.7441340147715751	-0.2611496058164631	0.07047666768707674	-0.9266322476958123	0.8982856800069156	-0.20950333649267805	0.28387157021112774	-0.36529919298940167	0.4642811405740659	0.4428389101156364	0.5383913054567695	0.0442239612812767	0.4593122782843841	-1.5308724128303106	-1.0223539754114452	0.14429296041155884	0.21722640008089786	-0.44729868457229793	0.19082125995414	0.6345231381718587	1.300119097014425	-1.2757095838337358	-1.1389664932451737	-0.3115305593610642	-0.3227765294940262	0.25219436120252575	0.22165613013954538	-1.1564192396135629	-0.09025774923559499
DTXSID2048907	6.786788687529025	-1.9128889428858609	2.6115700231009336	5.1882831136505505	-3.801508456534837	0.22150065618562764	1.7336650917461924	0.4193732117701659	2.2825375711267024	-1.4187065519193545	-1.7006107193959616	0.2712291238049936	-0.5386179091288452	1.7305169510885614	6.55577348887092	-1.8589246893560605	-2.082581853730944	-0.7217404877377526	2.330789688924089	4.025365622470076	2.911024493292631	-0.8659301139528134	0.4831473729372947	2.8384840580804673	-0.4664574750061418	-1.784806751445382	-0.9525738675935332	-0.6176986810945166	-1.283138871691397	1.2027769785157842	0.04171619492064947	-2.122585520118552	-0.027957502533246765	0.700888352058223	1.198320951625467	-0.05470249357650736	1.0337357469231567	-1.2920890531487008	0.45299269598485	2.0715033884568586	-0.8134557788197467	2.109619081744348	-0.5137294352568408	1.5317421354119125	-1.509637368038114	0.09329975164098758	-0.8940602233157879	0.16539567152093698	-0.45676898305075275	-1.0519258391253228	0.33391836124568547	0.9731379595697001	-0.2588293170041584	2.1528232414567237	1.5191446771574135	-0.2592472163737587	1.945289501148323	2.518683752192845	-1.829478478991481	-0.6537616332585564	-1.6722148759395103	-0.7996297874141459	-2.3294700545678237	2.258049049180809	-0.4952679011971786	3.0228248280689236	1.7828934042452356	-0.2702122090467845	-0.05208255000604435	0.04399977194123509	3.6055875478687267	0.17231839392008186	1.1253812649441428	-3.52469657670334	0.11874801005040281	-0.16509528956552627	-1.51160817537204	-1.1526597305918689	-0.6713892762460573	2.730900658778865	0.09071846420911606	2.5048881081780716	-0.548026801242564	2.698782874267826	1.2365569847877373	1.6742435026250844	1.353565961722987	1.4394652612212024	-0.061416863827720054	-0.33720186507797095	0.08172435654732431	-0.6881107669984406	0.8595270681124789	0.08637903114706133	-0.07722555530009458	1.4452020964701462	-0.18889394997628983	-0.24087491878437753	-1.9477285934312774	0.7789051548630335
DTXSID1023231	4.909670678610801	2.7661809982965226	1.0612918375517622	4.11180603104262	1.684045064247365	-2.5504724528475315	5.604088391679322	1.2140757405533125	0.6625653036779425	-1.1771048080983488	0.8311265081178729	-0.9324241256719294	0.39270271850095834	-0.809251067212138	1.8885853210706491	1.7442323567749225	-3.8134284183194955	1.298811271253833	1.7167102439394575	-2.254256926668446	1.8001847973821326	0.7049043495178279	0.5977604297280057	-0.22624393466224613	-0.4156293255588727	1.0750342727897844	-0.39882087483820533	-0.07191715345909003	-1.5059940767926454	-1.0587484559899272	-0.24659794312732453	0.3703694318599301	1.0828677179181636	0.6111138568424316	-1.5141673571373964	-1.7658705621654818	-1.451362856112567	-0.14509720283433197	0.3146919565496022	1.7995422873907811	1.5836745094263422	0.6396017377583778	0.17597357217573179	-0.3284970392417408	-0.17378110567190255	0.12047221337082609	-0.5563986583568081	0.8452170476484928	0.7116777598587437	-0.04133703160746285	0.07964632759576284	-0.41571606000296357	0.06942831623308336	0.3354701492918044	0.5162536244826432	-0.31043001355982347	1.5041517095575343	1.423417017345951	-0.13859917444839082	-0.8119103549312255	0.6368328751904347	-0.362498647764225	-1.35029950027724	-1.1041432801914044	0.5399349950046661	-0.5220680637995342	-0.40322568651440793	-0.09481806139209895	0.00707870886945549	1.0366788777188054	0.8216122389048734	1.7590864484856512	-1.7589443998601073	-0.6847448167608264	1.0274806436598178	-0.3978859088201756	-0.3016999677507871	0.20198914994691883	0.7951598629761356	0.02768913656506843	0.3466105990933517	-0.0023977887800003335	1.1145252357061115	0.16571821508732967	-0.8469730461381471	0.6527224232209676	-0.19573742163220081	-0.09067863390572821	0.20160156749075897	-0.43309250761021834	1.5124424020319371	0.05404429269591173	0.03934285593250505	1.0676695122903952	0.21214783681613694	-0.42495220492480806	-0.6251944634618237	0.0039572938893497455	0.21180112258364367	0.3399018574365087
DTXSID1024625	-1.0156885039192383	4.806910202875909	1.4028148228326829	-0.5717975689857452	-3.079369959256326	0.6958003838142713	-0.4541679775371251	2.0202286469701196	0.8592738205860456	0.23102698993995385	1.2515566835126708	0.21259360714930037	-0.7927916407918083	-1.7678446509224617	0.591730500019871	1.9055098681957978	-0.06333595476988613	-0.28242267535153515	-1.685402749272159	-1.1533208757588884	-0.7752544677477672	-0.01469077187246291	0.3903525210381856	-2.379005028046226	1.1718667743103828	3.9411846615921355	-1.0670518999146756	2.3762524253431034	-2.7432048633241237	1.6805852842986493	0.14306458605660466	-1.703152552486075	-0.7032096441645121	0.24999815388859262	-0.5906211603788059	1.408137462111363	-0.738445933744994	-3.603205307713195	-0.524490577856475	-1.4788638482143306	0.2395101389982968	-0.42837428296129415	3.0695367928562654	0.6150742881328616	-1.8163605025443437	3.546538273831911	0.34443938729738544	0.40448344080988363	-0.1328064109197616	0.1776230618576905	-0.54990752706615	0.23642370602643617	0.9432047423125218	0.20856333202455193	1.0352438706850293	-1.0539165468902378	-0.9641527879338953	-0.8381608657884605	-2.4942682557790774	-1.0783664125018586	-1.0361014903294572	1.3084620491230008	1.2786102977349654	1.087305208695933	-1.4509085020224328	2.2449130508443944	-1.9473861733954594	0.09055325228120203	-0.40689032949824727	1.2010155422307935	-1.5021959115456214	-3.5623283686378038	-2.8983557026921614	-0.7382602927847236	-2.7914943793629052	-1.1012714747280128	1.8630826623615873	-0.5467178286954981	-0.6278810113796189	1.3698673292561834	1.1308062498364104	0.1258445468404219	1.4364319298942174	1.0657509415484212	-0.3993893021024946	-0.6136524279796526	-0.7372004564776895	0.49198504742438104	-0.6823076492719161	0.045044989629737915	-0.1979634297641249	0.2629824634546142	-1.076824684173561	-0.2105309216853172	-0.6629975554604953	-0.39841707815865995	-0.45249425854412834	-0.4487538504402647	-0.5283581305976346	-0.29699234038269234
DTXSID7026441	-5.259295674396042	-3.1685570549748405	0.5235457756662202	-1.2441281066963044	-1.5275045132819525	-0.6387746064964419	-1.0547154956874745	0.2108250276974704	0.29492743174082087	-0.726128308595544	-0.5235160248957117	0.17182323503552585	-0.7105547356396056	2.130776196709658	0.20867406810568473	0.7586827562625235	-1.0339770355420146	0.6503789216450593	0.47465363297108215	-0.07035551608502512	0.16816266455694123	-0.3232828842805592	-2.577887359846968	-0.26027567142395935	0.8265470797211857	-1.2668052206329075	0.8255146528170599	0.4935391643362422	0.04833123678047556	1.103975041418433	0.45320352225323157	-0.4687687956870526	1.4971525550546618	1.146002939560982	-0.014378521642522044	0.4272628382910663	-0.2899605706472016	-1.3644450008924707	0.6770061551139477	0.5926291678885441	-0.8264653528297781	-0.1897471190330624	-0.32607979884590665	0.7971634688295883	-1.0960031197222286	-0.12372084543415877	-0.010111296981644105	-0.9758999027912493	-0.054518638190395236	-0.9914649759924417	0.2345860722263647	-0.3705162448969084	-0.6224405008997096	0.186053344066867	1.3080162815437875	-1.5558211786149023	-0.3818598636520158	0.3181445177970921	0.8045449218687298	-0.9634495967662777	0.22106037415281504	0.8169427578722724	-0.44559486815897986	-0.883464063072646	-0.3986466508239559	0.653179473835893	0.23390472292655518	-0.0014538799182889784	0.9701559488258552	-0.46280525890646557	-0.22888333978977965	-0.4067760209251989	1.3374484352931078	-0.544268125930539	0.8289451868280565	-0.7663180449785951	0.7976088167576537	-1.6724499115419114	0.36231895264256203	-0.12427563363603329	0.5775884221313882	-0.9638294436651268	0.6718987017364266	-0.827551614103626	0.11040054345454031	-0.03740218273986987	0.24939335264871287	-0.01134193611648126	-0.3254254151562845	0.6601056050392246	-0.17305856335208042	-0.053959195845736614	0.2656054269053868	0.08717901932153214	0.4807054432644002	0.4618449585746142	0.3965062441792298	-0.2538003825186739	0.03658043445243323	0.5676204855430277
DTXSID2042191	-6.02082810532395	-2.72486297756217	-0.9792022384737211	-0.10964910466651531	-0.8602747204162803	-0.24333122029379395	0.4784843875689888	1.537717495173075	-0.3757513370668123	1.1151310515493038	-0.37854015452091166	-0.5670039420077513	0.5256874407215125	-0.31015898884440646	0.7419982369681355	2.215208056365745	-1.4422395749113037	0.05364988662744839	-0.4856768792876955	-0.9613593447913527	0.6750906384114044	0.9209345590097151	-0.1167128772981946	-0.38078797368238215	0.5144095504266734	-2.779423071445741	0.9536773478861301	1.9556304067190384	-0.05560737192460345	3.127856848446262	0.0417952323556742	1.0826503098742368	-1.1049498479794977	-0.7142324791392767	-0.23350960796487003	-0.6909300723198886	0.45061062471511554	0.4194280964372727	-0.13321243997467733	0.13891746939602695	1.096626980992418	0.007570085883156561	-0.398641275332975	-0.14512929432387336	-0.03006049150483353	0.5183481636028815	0.04335881969990303	0.44927863998068107	0.08779423417400589	0.11916585262330699	-0.16606571985036647	-0.1799984876330508	-0.1327724800297231	-0.041308544412246614	0.2152156294579152	-0.5455069473899924	-0.4892799894905103	0.36128128761343214	-0.32880011981411866	-0.18377167234659664	-0.02272273979514198	0.21373325587491765	-0.441630127071434	-0.14678903069365573	0.19309258221541759	-1.1229998454379124	-0.17985050790681617	-0.11713160449779067	-2.726271846090498	0.35933334551849455	-0.23107439498407	0.6951899376127187	1.9262731734601735	0.8713060575727237	-0.7175206414514059	-1.550692437234881	0.8665135854744241	0.14690920070813546	-0.176288255926531	-0.8524014563422466	0.7561621987282985	0.6470602450790779	-0.6394212604486608	1.245281093312271	0.48578000964404144	-0.05007614744915354	1.1171920457825275	0.8185593419127762	-0.455031810396695	-0.2254208925894418	0.21419147924076462	0.20740858991321842	-0.3097539158038949	-0.8514519452664842	0.7220319111706751	0.18637886503941553	-0.3856574568128155	0.11242898713817756	0.29219612770067876	-1.275193439039666
DTXSID9021762	-6.733216110011688	-3.979987702384821	0.7994080661900778	-0.0282932943815712	-1.0497551142635075	0.01975286769008792	-0.5099691119077002	-0.6392470709365067	0.30609440294066853	0.1009571806897565	-0.41096174587680484	-0.19631161936597222	0.20228756993801034	-0.05270942992373763	0.16938557884537694	0.1686433496608582	0.5732944099166644	0.478030351601174	-0.020751755106967907	-0.7044870675607748	0.07331208714971903	-0.4387871188137281	0.4092100697867108	-0.09347492320344473	-0.42496456850774167	0.15442077121785536	0.03807422888641808	-0.13577843302683	0.2946961107354292	-0.41014312387511365	0.2686726517742095	0.18090638632901096	-0.12762087783399162	-0.30080713188758307	-0.08584487462616455	0.17887297608646452	0.14052870561419212	0.5119647969021693	-0.4911635387141109	-0.29023903546230884	0.10004045407726017	0.07895192937235469	-0.28776154886844907	-0.034459337272852615	-0.022586256003242506	0.25767222641254006	0.18149455036035514	-0.3903815251857967	0.020299807645693172	-0.17404984557608214	0.01993542998460405	-0.14935137988286884	-0.03695440002215802	-0.07036701090770395	-0.2602777924095031	-0.17287701542170256	0.07342157566009427	0.16222301995333135	-0.13745572205354595	0.270803750615165	-0.05315072819394258	-0.09441755273322158	0.3348356429143323	-0.31627552344582194	-0.5546559828919454	0.20588440144497822	-0.2170418457869615	0.02559446945416902	-0.11016166492173177	0.3559958082851535	0.3039396109146237	-0.13174082155036165	0.6175305443480736	-0.2039824149969872	0.1358081885271254	-0.42263834390699284	-0.3371735413669665	-0.4649752737293486	-0.09306065672468486	-0.22297010723581517	-0.32011305409661645	-0.12970513129166714	-0.24005539473054724	-0.3386333836337778	0.10921418429669044	0.2659643694007684	0.6916204940866895	-0.3228858870269209	-0.15961031309101562	-0.18533198324948422	-0.23465565137095798	-0.22408413064597885	-0.16341471851486525	-0.24406658757742455	-0.030778702691220898	-0.11776594648143171	-0.1304839131719615	-0.24514845512531921	-0.2226646686710047	0.2726090253016353
DTXSID5026623	-2.259786405912793	-2.914184988482758	3.8066802407025784	0.13314989264254462	-1.1602286021257242	0.4331916534224811	0.10232161932814239	-1.1727905025021312	0.7860121262455724	1.3940650297000423	-0.12838267110353438	-0.2747903349398488	0.5771679896076614	-0.9096785707922149	0.35186566501383393	0.13480433589884683	0.006656001711924286	0.5475219753562881	0.1484397036403123	-0.4637406304020325	0.010227662237337298	-0.062092671763549746	-1.173095912728155	-0.38860393504686147	-0.04059152280100699	-0.4816513584643555	-0.7352768907394045	0.0006082248851316209	0.3703745702409598	-0.3692903720969533	-0.07053661057216694	-0.07113902694744509	-0.021094120323047656	-0.227102233061727	-0.008543748389889722	0.7396164436182181	-0.09784713412015549	0.18311895469627032	0.002644177958242079	0.0169780090908913	0.14046986739455938	-0.09584394825278052	-0.22706827688577533	-0.3310245815650189	0.006226600385639455	0.2932154398114633	-0.4403436271206137	0.02748977507161953	0.27535338510483764	-0.05293842792504478	-0.07977573451766987	-0.1310358746106293	-0.1397101622717689	0.023829497862739427	-0.039205914256211685	0.009246204659965993	0.022506144932501193	0.06636657838527826	0.06917457772536012	0.46265447178712027	-0.4931019609333235	-0.07064138383296033	0.35805674717868463	-0.3391698305064383	-0.3073273061605293	-0.018586073836113746	0.016566920745999334	0.11138725769892623	-0.05809344856228903	-0.22607996406265626	0.45487951402743376	-0.06660216128164878	-0.058710198251031555	0.2350832542786835	-0.3644875452259531	-0.12386100856370745	0.5521813931606028	0.05835684838334943	0.0940925475638971	-0.25275558208018256	-0.296437838766036	-0.6154087579259145	-0.22732568024494312	-0.056836150599742445	0.1448606439622574	0.4669194180286307	0.1425418145083148	-0.11936860161150548	-0.3863367698328158	-0.20660344041988857	-0.07843998116130399	0.12724181264164414	0.1118009101769127	0.37622692895873905	0.09490236650687696	0.14730046144453024	-0.11226272532430122	-0.25482553390446844	-0.6040647177925351	0.31868808063879084
DTXSID2025133	-3.8005693050821483	0.31699486181095127	-0.3746020567419531	1.391497470003496	1.9091498485091112	0.6083758900771843	-0.8684764988929029	-2.6433980984000556	0.2975671484891162	0.6531168120666411	0.4703622369656248	6.874127878583075	-0.9223083879366357	-1.8066791606031076	1.0990305979583443	-0.7565613671946408	-0.5901716490871775	0.40646052667556065	0.2245101170518705	-0.8793598010033024	-0.7039839010305481	-0.2538896149089882	0.1344136116654393	0.11756965098098333	0.7656008839241223	-0.6812176998537192	-0.07150437806128024	-1.1524688893683244	-0.007361629988188177	0.2394032130678366	-1.5164917887788076	0.020619348881462485	0.5255757766904251	0.5242929538668325	0.5207805893979596	0.6049751422797606	0.21002413642100928	0.5930420982327578	-0.11670398696761317	-0.011771389629679383	-0.05218778392441129	-0.3737191385185622	-0.018075424358473653	-0.0010714287694308542	-0.6875301588917013	0.3250828254148798	0.4074124849366653	-0.0798971568120693	0.10929885341466643	0.23483092365776825	-0.07345371793953279	-0.0037877061809554412	0.07569531869261806	-0.3238947168185829	0.23783399543031633	0.07001089826502933	-0.7318650584164215	-0.19042064304956063	-0.03491077909203261	-0.5319598105558325	0.212145611687915	0.0037950012713211362	0.11008411615483765	0.28866798621442075	-0.12408043046311837	-0.23293725591244566	0.1700377220939039	0.7892985604929613	-0.6388579200686915	0.12939106623285693	0.38316895550629443	-0.2334594293776164	-0.6636156999455871	0.4929780143804407	0.7258363593382433	-0.15606847310889987	0.1127810532121082	-0.816495621459655	-0.08066146289783584	-0.4819181741127492	0.1550689656138499	0.5247292508432427	-0.12005831863148346	0.3314885368459248	-0.35108626945009763	0.26664363197932583	1.2462393127110534	-0.5471066088729849	1.585766806962655	0.9712648632281131	-0.6384029610421028	0.5300153118034899	0.0632788027940022	0.25881346425885043	0.12579978276084366	-0.6580395119580025	0.41493827092586283	0.12384967756296536	0.010566792631827904	-0.2660867741993769
DTXSID4047915	2.694700694144358	0.6576694328443654	1.5893237909064668	-5.171907666746341	-0.165307182090607	-1.7098139746329366	5.513085841206123	-3.1436441479753054	1.10225134661032	-1.258068779807996	0.10559086304861129	-0.16390142813313557	1.2884781850802414	-1.925082492814742	-2.1440766649734084	-1.6397507860010883	0.8272323813205663	-0.9397813356156584	-0.9662039352392329	0.6689382764129523	-1.6601686386742271	0.10060098462220571	-0.5142113739416854	0.6104404299823402	-0.8172014859211927	-0.7066493388616919	0.97626606178502	-0.784039293919712	0.005115115249524672	0.9721731963643881	-1.0583536010610026	1.4530502253810755	0.6914855739761562	-0.026142498344420746	1.7294800328725437	0.6295326611520864	-1.0474639602771258	0.33646164780155907	1.0989887529841642	-0.17923046317322644	-1.2177739892151778	-0.329262374856825	-0.025895899062421724	0.2308532605563024	-0.0382775526053406	0.26939650994887343	1.153851324106866	0.21010088172916344	-0.5074830302398946	0.24095294696260988	-0.2444795816503924	0.21305462787084398	-0.47291215526195135	0.09808513415211814	-0.12817327849325158	0.8056113140385875	-1.169959481473711	0.13207240467651313	-0.8014004608621014	0.6138817456150841	0.3238057836827978	0.3398375511802178	0.25116799187077377	0.36414359631619236	0.1261331770112753	0.43099272500894753	0.07540123938972809	-0.32942700179617646	-0.6222978071741568	-0.5390453687178043	-0.4598892154659115	0.1951147905981937	-0.562056205675195	-0.15313217807240767	0.1446892140256862	-0.03458364233940169	-0.5449359047589479	-0.6170767557855201	-0.7050969073497964	-0.5343527330762147	-0.1739331358433864	-0.4954725782543822	0.8174792268165603	1.0262803453504317	0.32998584744806797	0.5458579355646918	-0.2947517853198368	-0.2186634106641424	-0.9362724355695491	0.3302680572992499	0.613360292184838	-0.6199389973870103	-0.31430314740390725	-0.04375112727271237	0.27380148560323886	-0.0379587000065862	-0.05041224617063481	0.6667349603902636	0.20158405867323523	-0.46516607333473525
DTXSID3041617	-0.8920815651491227	1.5750983927634201	-1.3938401811785461	0.4455988740764793	0.7863952452726993	1.4877540457336451	-0.3967678068484224	3.1899648914399266	-0.7133781936112369	0.04134698658362708	-1.1371318096581828	0.4121162967747299	0.7558055809300348	1.0964964797623418	-0.22463436507539686	-0.10239830118613441	0.7633437182832773	-0.2343658098630586	0.1366901525283922	-0.42183822452651226	0.39894914918213115	-1.0428838658619153	0.8825579142317467	1.3253154937494915	-0.6962678166630143	-0.2160982622939554	0.8275839630327431	0.487024991471197	0.017634139111201916	0.16872614844000502	0.046425463521966054	-0.08940798683935809	1.1304615353078051	-0.4641719939763018	0.28311732940891815	0.14250904769329154	0.31074160892275265	-0.3163789977734399	0.005666632251241544	-0.08661991716485222	0.2915486427709084	-0.10121796352787123	-0.34022602659137735	-0.022762397889278613	-0.053030465011085534	0.1261309887856293	0.660995187417962	0.2074234294826412	0.16366233312235728	0.14186422353098524	0.025159495891311202	0.221018762068593	0.08860366262062733	-0.09353737239336322	0.3135786577793029	0.19072085332995814	0.1418682504214398	-0.09016030975641133	-0.44981315176749376	-0.11356301718323475	0.1520025019786682	-0.5522835474988236	0.22650995799190166	0.09012563304120631	-0.5093158262944008	-0.3486254042711646	0.2535979818173353	0.7078721267497595	0.22330646915487887	1.0391529310476977	-0.12990450875722173	0.19610440349608685	-0.3651537145964807	-0.42245121809033553	-0.4713123643208431	0.6097283408949015	-0.5179330785759199	0.5824292394965456	0.4397466510859957	-0.2381684110582785	1.0403216446535626	0.010338667825616939	-0.0930266277918517	-0.20021478311626814	-0.436814835839734	0.10024193833362843	0.7818485464613435	0.6123310848194797	-0.6662976284625751	-0.267867410862638	0.33190248625201874	-1.2471375446852204	0.33814581189557646	0.9839137293915333	-0.5447956848945521	-0.08298720669080506	-0.3754791627980387	0.565771060178557	-0.7201785267314952	-1.63542524163407
DTXSID6044642	9.543547832847862	4.013528932951891	-3.8929317639755663	-0.46956105952649074	4.38205441672102	-2.1247247578220225	-1.6571840613172388	-2.074526003073595	-2.229028838438261	-0.06298858438054779	-0.30504210215235217	9.762553433896656	-1.8980344935570341	2.6825664010742574	2.140543634740118	2.9898348716386067	1.3867897881495361	-4.042037211292317	1.6545631420083926	0.8768108595227377	-2.240509261172752	-0.7634900295304359	-0.8110781238213556	-1.5684789738905562	-1.5725462951003124	1.3492027407081801	-1.9559309528005029	0.039585514351571656	-0.7666553618411956	-0.28474085721936065	0.20717903620491723	2.8884577539349374	0.12057423602408851	-1.4919481215166095	-1.078635907111185	1.311028996953124	0.3106908718156002	-0.9786811189746444	-1.010597284037608	0.9364153802311529	1.354444687666275	-0.9804491660895887	-1.8772905514516294	-0.45395487153570196	-0.721971491102269	-1.9105502491238202	0.2812579000183069	0.46296509574089884	1.06402783799145	-0.5920492472100876	-0.38178450949841336	-0.23030391663849534	-1.574895927373769	-0.6870871211442466	-0.1307960003090305	-1.2551984853706641	-1.0513852188133443	-0.20578562376385473	1.1801237610671318	-0.20554359366678937	0.6340173759481996	-2.1056433439961313	-0.9959773067234905	1.0132873113123921	-1.836337862841797	0.6489138778241523	-0.1842271781071163	-0.011517183596902769	-0.6213847889559526	0.11641911541381869	-0.9766886433556808	2.1627653876592783	-0.4933907440180059	0.2566183223653472	-2.6076542934931366	0.6714629016868289	-0.8734177737244246	0.7999117897737078	-0.29166627784379145	-0.17459709923710146	0.2709991070969584	-0.2426259001249038	1.716950555741772	0.9494301799499809	-1.0411199151619166	0.17220158152702675	1.2749856205011918	-1.6524549077224469	0.8697463141929224	0.7565854863135217	0.627562099862738	0.6668175295032169	0.6483912302830886	-0.22288021429273347	-0.5847731390945894	-1.2454425868345063	0.917705126207783	0.24890323641731896	0.6361211871373352	0.05392499692643651
DTXSID0041850	0.6465688733792438	0.7748053540717962	-2.646939101009763	-1.0002428844472158	0.8197357358437342	1.6606955941569335	-0.7593706678070532	0.8446044715645747	-2.3989578448271582	0.21157467610049518	-0.14797804743347226	7.676257276186327	-0.9055743008146667	-1.4140804582864208	1.0310575192742568	-1.295753835047996	-1.262040510977296	0.22656994332227398	0.18621410498427007	-0.8621170917963742	-0.05827772753059416	-0.3258460245308015	0.16324866279379355	0.5390904496087107	-0.22929478249234783	-0.3927909489770431	1.2837725633760293	-0.5696003944196493	-0.23429554157698124	0.7568783598539343	0.1489580274145123	-0.9812251962527976	0.17213497947229286	0.14942601112763781	-0.2451175159675912	-1.54252793556134	0.027445962237835332	-0.10051840697830906	0.6692205151496478	-0.13166011969801075	-0.002410773576606603	0.412376937453018	0.16650241087150158	0.43367960130215033	-0.42889817193276275	-0.19801669919545045	0.5443616310591172	0.07788077209408507	-0.08746903401893491	0.23084711403554042	0.19840277360426287	0.17408902877741125	0.314639011477375	0.04610193675482974	0.24278118769376875	-0.8885657422318676	0.5131486825524516	-0.423944602173842	0.26885392117662443	-0.16456714471533537	0.6302326816658165	-0.27034732961109736	-1.248962855425596	0.13343435426680367	0.4485592127316633	0.2594464300447916	0.1936033987715514	-0.15507437740863045	-1.4691313627488887	-0.22034079628448172	-0.39858633550937766	-0.1840122337424243	-0.08939672858210297	-0.21400033775359883	0.07401758649258222	0.9703493098134619	-0.9712917981464189	0.3700421614266146	0.062426762851079294	-0.33326571523945514	-0.06268477378177176	-0.011840480740579765	1.7827962871698653	0.6730164717707172	-0.688007961183111	0.06281959705231142	0.22783243939607012	-1.5730237252114463	1.7434803762928708	0.1164870231704122	0.11257951703892877	-0.47256525218792667	0.4406597490910349	0.7828800343497924	-0.7880912210891947	-0.6555293120024945	-0.016083000786067725	-0.04858029197961648	-0.783162861566929	-0.19347790521419078
DTXSID7029534	-2.7965656542756023	1.037560054771004	-1.1027384028125058	-2.172656228685555	-1.9526426563806993	4.873705384288776	2.91098993969428	5.0388138905840565	-2.607078739965906	-1.1554265075913304	0.582310056366812	0.46621317393402045	1.2721567834310483	-1.026081689978322	-1.707448945600135	-1.4083755880216862	-0.48986464776405586	-1.2266563803790638	-1.106299822569791	0.4906244075919488	-0.8512761560340828	-0.44228073388332345	0.7578412401433889	0.3820764693697522	-0.2514941281017286	-1.7644006925382587	-0.21746494062319796	-1.0285774465657762	0.7303457649385477	-0.7793224466505647	0.742848169921658	-0.023075039814958336	-0.38920855719843134	-0.7235614821094657	0.5915066404982862	-0.8677699250525714	-0.31671137823847806	0.06891259135285088	-0.5222258921477207	0.18052459050996708	-0.16061067151087732	0.15670413906213118	0.7063213645647427	0.830607836309578	-0.29836783734453143	-0.2164337081634666	-0.529226785035729	-0.5684075729977119	0.503757543808726	0.6133655919364488	0.4406656490830569	-0.27597943743058173	0.20418618700679975	-0.2521504264185998	-0.6147321349918852	-0.27331785397807984	0.9095033037183144	-0.4803541593556191	0.29116511573036513	-0.4275858516853845	-0.46840473330524357	-0.33098809950777514	-0.1413435572477203	-0.8303879096295931	-0.13741085610555098	0.5641460243201076	0.36695000688241286	0.2132154132971901	0.7124302072460394	0.27210638821730765	0.13909455878538007	1.0465236658003896	0.06678241197519302	0.8500579686355946	-0.352931217759051	-0.3184837792892698	0.14556375414537429	-0.2642093256572242	-0.31520069350364954	-0.016469840121240916	0.147166055308676	-0.13412275262188242	0.308865446934921	-0.13001277970057723	0.16949862092966797	0.15906291563268948	-1.2220417866589437	-0.8205050198367918	0.3570154210137044	0.17528738011051306	-0.66603367888066	0.5036701039293807	0.6112308797092215	0.8974041820986426	-0.5954321618560563	0.5454880494260202	-0.06447505879406569	-0.42493061680780314	0.4465013331082891	0.1620138916050452
DTXSID0046646	36.54881902568425	3.774285642755218	-19.076031187091417	5.008822632899985	11.70269016079621	-8.042105795962534	20.2069861897421	12.11868867424276	-10.895523069456125	0.09251934094947066	4.732549410946201	-2.0210253060448986	4.628485170026469	-2.215274737616496	4.361311780630533	-5.949444853460222	-2.135182677315922	-4.6216654928435466	-4.740167227557976	1.197749043212632	-12.834536118515656	2.66336286011118	5.165628103049891	-12.6454571146117	4.499424885165033	19.897782116371648	-6.106237334666515	9.168985444511804	-12.983647056320624	11.557568880480611	2.1347106803473297	-13.518890273731952	-2.1726167094125772	1.0921561375249615	-4.776849352400561	-1.9981157781568395	4.341045601825843	-39.69537412024158	-6.711617994430954	-1.6443324210847885	-0.18915996547474936	4.456818190524587	-5.349977802017629	-10.211135650261104	-14.290492912005993	63.700786218822074	-2.248391347728237	-49.35363497978673	1.940648650781792	16.709788683872222	-83.25874130858118	41.71593278378957	-13.138850701107955	2.8167044418944265	-18.143523504598985	30.75875571778115	-2.919039434240922	7.575236335227075	42.949155948373786	-6.615095228660463	6.513883000750294	-12.937735232716241	1.294475956772604	-0.9117376436027813	8.920311383538868	-15.299518976809923	19.29707614259992	10.49239369322476	-2.6994220782125455	-8.719976830521636	-3.464904328137729	7.654051071413296	7.066589110303105	0.08410406041369112	3.3185401004946824	5.037235282299151	-0.7448544969029441	-2.596025060829858	-7.700823076850759	8.412056366762569	-0.15557154743926355	-2.2588225932243855	5.401456857293761	0.6865447325377898	0.8902658178583899	-1.2328780486771371	1.7326294267250792	-1.197851900346566	-4.013592824899597	2.032437764823775	-0.9861182737101892	-0.1865310939548019	-0.8796757995668174	-1.4266052054099623	-2.5313731273545512	3.397326579792944	2.8843734415113604	1.0922221752424004	0.03584555624712664	-1.7908839537812913
DTXSID0042325	-3.8407396645739156	0.6888500547885569	1.2399652361177445	0.2925990596814586	-1.8245728070978091	-0.6663738835425594	-0.8802658604544847	-0.977525818354042	0.7063614734320091	-1.0473388580963845	-0.6082830998335815	-0.06688045941424457	-0.026677935743624356	0.9081176946722975	0.39968682496736263	-0.1870252169641817	0.49511507158632995	0.4034354812154213	0.6305893629191419	-0.4088283659946375	-0.12256592368917898	-0.6132523970405853	-0.8560756226254103	0.7379523500301668	-0.00326049765044429	-0.7133777610539099	0.8719931930797715	-0.0013760230211601783	-0.11100216330135587	0.7931756266572024	-0.06790055051912211	-0.34602223202120086	1.4067263939493015	0.66712764363471	0.6404708846605106	0.18724903770111956	-0.04907241868054415	-0.6529979915943642	0.65121662561211	0.004592194320970841	-0.30000834436550095	0.2532748243313919	-0.1142545416047438	0.23473976810916855	-0.8946660434968038	-0.03514180350246412	-0.03498674543056322	-0.5714239935529666	-0.24845050952000466	-0.47088119286120034	0.12400512710866275	-0.15234681872348316	-0.16858859914133947	0.012700356392639445	0.6644335897184047	-0.5079278800648337	0.058863364086377386	-0.0001054204606529229	0.3763299134387797	-0.3428061031299355	0.18303051075588245	0.6442216025910871	-0.486097891058834	-0.9449758605766125	-0.003206987154771773	0.5482309570781548	0.25646231381227047	0.5121969084759651	0.251157235893271	-0.6058160596038681	0.2785363203705432	-0.41562826038445255	-0.2013560211182428	0.09944387503891114	-0.11972809645155658	-0.20211755163882755	0.16185891212037348	-0.29724753781286906	-0.11595209959230565	-0.03438002508303522	-0.1966735451059799	0.19197466008594272	-0.09047712408942468	0.2843868761465453	0.26639052362160826	0.019833363884603942	0.22912696531220297	0.6203724041283348	0.19137078841327604	-0.052392775709042105	-0.05234684609143886	-0.24674258967088056	0.07637625946558378	0.06722020881379537	-0.07291557693397553	-0.08725185760872167	0.18712819134530959	-0.10256250030505387	-0.018179249295508376	0.2794362635051377
DTXSID9048512	10.691407728077378	8.233260170482989	4.859031264716163	0.1601530254095779	-0.21980679393397415	-5.100701605057888	3.8892702301321767	0.5388179851337872	3.7979104549131217	-0.9261555327777667	1.4908376170279074	0.512628681130558	0.4031226153388341	-2.553097926832651	2.0112454766161227	-0.9966379402379522	-2.712725312968567	-1.557916942890646	-1.2885935911646549	4.536632708559667	0.6398697180531603	-0.8692874191574234	3.1767908465261816	0.6477136228491908	-0.38193203227098355	-0.9597197840330639	-2.15800455954068	-1.1845507162355555	-0.47396205446493067	-0.727688402531668	1.2095745995754588	-0.3781386367250775	-1.4907182570450446	-0.37093525169899577	1.1896237180886593	-1.0353036735237855	2.207814519697688	-0.5759168191636389	-0.809708906020406	-1.204814489392564	0.877675458403972	0.3943300813766674	-0.11600400559284947	2.3340082475222785	-0.605168470396413	-0.3415170685076813	0.6763228438766832	-0.5531900524667591	0.29851734881822384	0.9253899814064809	0.4757324656880665	0.36597343929574316	-0.4779113219290726	-0.11723260591544413	0.19019295256222685	-1.813346478078938	0.13391983188921044	-0.45963557034612224	-0.3870105625241661	0.010787629531455439	-0.38633935114704554	2.277945136223838	-1.3872177786856432	-0.08294633855761961	-1.1062717213994258	-0.2492196393418025	1.4976094234971198	1.401316743689468	0.19323581863306177	-1.3395045152416112	0.6248096678893384	0.9671039949627575	-0.626765079825698	-1.0079428255156109	-0.14206437315290715	-0.2770472348666194	-1.37045652519012	-1.3433223354247448	-0.1774845791022804	1.0916403943434438	1.2756754607657588	-0.2962113105362042	-0.0879608160519436	1.401812911229077	-0.022438589158399393	0.008133871401960827	-1.4285991245741079	1.5163038670799096	-0.3835471678565131	-0.029019950740443654	-2.0758071927540866	1.2408894875505514	0.6138224615667793	-0.9855021017456278	-0.054171142663904076	0.20941633364897833	0.49419374397884164	0.09187066088023997	-1.23387062533415	-0.3177335024283448
DTXSID8048866	-2.8543782325961304	0.21913285602848015	0.14011420754801004	1.375747157656454	0.750849030163876	0.8923065644745759	-1.6876773519682209	0.48629534436018523	-0.5797245303070866	0.6549191562815767	0.4218350131894687	-0.8732443974761199	-1.132311747705957	0.9419309767701003	-1.94440922573668	0.5852553271853873	-0.5959127721753337	-0.29056162247933803	-1.4387947734743327	0.9223450917512171	0.06648344085162154	-0.2720065097265122	1.2604417068607312	0.1282969397321851	-0.3773155365820047	1.3362071664102584	1.005635651499251	-0.6531327206890988	-0.21733294317832721	0.20583167205886221	-0.11170374662820902	0.29127717834762124	0.11549649033571613	0.6973468092846964	0.7107798868987467	0.7609662279194941	0.29427481636110236	0.34006938992814784	-0.6109728482447258	0.15657691852751565	0.668693809343789	-0.4455253068202432	-0.18635858107218534	-1.0030954572946507	-0.8949974556257214	0.19511499135137586	-0.08399593086204324	0.06726757790784461	-0.3024612803660544	-0.17696095538519158	-0.08103318377815996	0.31057468273539685	-0.049117115861997206	0.026118117957090285	0.09430488419445335	0.1095977997394964	0.5851829437959756	0.5774088003049842	-0.6078062972485728	-0.8587289327547242	-0.01991623634654416	-0.16967021128473678	0.05083409320117277	-0.021699153628166264	-0.0757597326808832	0.5706581162548411	0.11257216063212185	0.1793408781722328	0.012701595589598748	-0.33309357772516623	-0.3606200597971985	-0.7064533677192872	0.4510432464759681	-0.6600333790268322	0.04758762657280702	0.5201397427224157	0.5038862176978093	0.19910491673974642	0.5365181416821634	-0.8674203332193726	-0.05459660087984566	-0.14795177069799623	-0.8139650504680898	0.6625553576704468	-0.408937615466215	0.04114912095346979	-0.21811180659769847	-0.0361623465256467	0.05559059032653194	-0.4018422092046463	-0.10425502431909005	0.059030608122544084	0.3427969607172847	-0.04182418385809672	0.8639241197169408	-0.14945301158985302	-0.35515881298241614	0.08620134208603453	0.01894325164947497	-0.6356563915523681
DTXSID7048875	0.4897676153680401	5.76298553445298	-1.4341151016720057	2.7319788398933453	-0.4626260503006393	0.40879865413850075	1.5679187092349685	0.06397951424353274	-0.41953159642658483	-2.2843140508090194	0.49594663141315437	0.5229962627368323	-0.539421019642568	-0.03522829232246005	-0.5865144135414103	0.3292575267192147	0.18940652042643846	0.8886849737240504	0.3985660255862679	0.14143093052523298	-0.29091746162197524	-0.44297035611741	-0.8373252419478131	0.8321025083814025	-0.34069787028984605	0.022266516398752403	-0.47971564008490936	0.21788496231134355	0.48782114195047555	-0.03994918861867186	0.3078827430494538	-0.64699263400435	-1.1000257875702388	-0.17835083900716095	0.807348579988821	1.0271362358991576	0.3249200940323675	0.7848045492790503	-0.07279427902087877	-0.1584076404258967	-1.5684893978175412	0.1563541132539097	-0.8423298600300141	-0.4083109667076211	0.6807763490174533	-0.13477027152491752	0.12691374989119733	-1.110346133694621	0.03620159649717828	0.045335024054537425	0.09084001850686642	-0.18017225621532285	-0.10979482891524026	-0.5207621704522375	-1.1526188205705319	0.8136924286733115	-0.7872583171980628	0.1827102398881805	0.2067864807853928	0.8701490609525064	-0.5514884058833737	-0.05597541101080708	1.5828198446731558	-0.36564300049469967	-0.21322955599214205	-0.4006280476935011	-0.45481842805858474	-1.04532161188686	0.3610902791332933	0.9642695812018668	-0.02590664324578229	0.6611009715233414	-0.16246392879603141	-0.8750617644452551	1.2852683673885372	-1.235798353135956	0.3829614825024853	1.203919006373296	0.9572788219410026	0.044284486767999835	-1.05157079707326	0.9734986254838613	-1.5917413809445367	-0.3856489671125612	0.18157018804676375	-0.9785587554556078	-1.1017643560999264	-0.22378853938138107	1.0516803539310675	0.9478611170675596	0.08273320733447843	1.6410062932889273	-0.1842102316986646	-0.29454390609923864	0.8622142242977335	-0.264684721316954	0.41150246424053255	-0.07506624690085466	-0.682272293855951	-0.37821244048511315
DTXSID8020250	-6.601520476062745	-1.7965342228865675	-0.08415163854259014	-3.6203708886191324	-2.3491946901803047	4.637765232504577	-0.602294365061144	3.6802499776644884	-0.31199638914469535	0.6445523595988077	0.4393606979219969	0.21973493285909854	0.9378567786168853	-1.3025687999023141	-1.6349658436293615	0.11766765560756158	-1.1323761045547414	-0.5600665041336077	0.02524105798642105	0.3176306716534845	0.013577602897172511	0.5078332927058303	-1.0439363768207004	-0.5309885658306281	0.11855650251306439	-0.41244711315244853	-0.3034784109386726	-0.0816455042077626	0.1623301464755695	-0.15474251596443436	-0.05330148120971547	0.717227130988796	0.16222500489963504	-0.2134298442558461	1.2824367682045885	-0.17100881813338728	-0.17215947101989543	-0.5087733218648176	0.059810675877490935	0.20575495239909605	-0.3968278723962294	-0.4060020667022655	0.08359476793317668	-0.19869922563654752	0.30348705027629325	-0.027767553321763887	-0.4179524505442923	-0.5185171156872135	0.31400002223376744	-0.08756562988318109	0.17642822366704516	-0.4107609222777565	0.27943575601636556	-0.25441720951272845	0.04495912383779852	0.22543041985508175	-0.276369521881837	0.24414123337804916	0.3734719003506136	-0.13015024329423544	-0.9167853678746357	0.04796579057876469	-0.13837360716706115	0.06845378683702673	-0.25016490093980076	0.40597893983874506	0.33238863287713116	0.12650898001112826	-0.3263060267791187	0.2816974487523479	0.9486834254709441	0.4724288574378718	0.552305048349452	0.11978950994689137	-0.15513910633342654	-0.5843072545678412	-0.04264741479818291	-0.22834016088138256	-0.14807372503864114	0.42167816491998394	0.012592962496032166	-0.942034961337605	-0.1379094550166023	-1.183346358270374	0.4799908130134433	0.3206744731726879	-0.7017938741155749	-0.9377480743926812	0.761393217361838	0.3025355837992913	-0.525552575553873	0.35739415069362507	0.9749731873603767	0.4959060724990479	-0.9172461144621981	0.7782993866710133	0.1926210373542585	-0.18662376169451872	0.48757818401873104	-0.013544862734721202
DTXSID1024463	-3.208030329506023	-0.07014465935352589	-2.9179257402028735	0.23527746357286136	0.020209535756748595	0.48995069864828245	-0.8503730354663592	-1.504941895583467	0.9650708299262272	2.8160172507498196	0.010449977294024047	-0.14169829116226243	-1.1415131157952298	0.5048458721421578	-1.3650476476269306	-1.37688886340118	0.6220788144695507	0.3136486072789788	0.4515480513038994	0.0731865667873058	1.0023591949713655	0.17289120407989256	0.528340370546856	0.052613623688967805	0.29110266470882745	0.2890729443316509	-0.1343104887794749	0.34511495363043565	-0.42801392021784995	0.5064679056333131	1.2149895190167803	-0.21598566378441122	0.21551079871793447	-0.2635419984448713	0.2350420776165944	-0.174838529064491	-0.23621497568055144	0.033265120963121717	-0.09074882482012964	0.2715248373630418	-0.3242738429320608	0.20572068318611994	0.36594104546701633	-0.13325242644476035	0.4652485405830779	-0.7207102970523662	0.22897948987671962	-0.6773599594803504	-0.2859939347617414	-0.2002292823790002	-0.07580791283008384	-0.3265122045500328	0.12806192423732982	-0.15909252936668822	-0.9437042927552554	0.4663704063180399	0.05099019304101326	-0.25649875299375363	-0.0586147710202746	0.1849179256411917	0.08481755797748405	-0.26309997974621363	0.639212398960767	0.09851413458023453	0.5423538336217593	0.3648676132457142	-0.14677849006018623	-0.39407511112045324	-0.0804059549670116	-0.637221494282424	-0.2111198230981394	0.3730481253275826	-0.062338542409428294	-1.244681585481825	-0.22938654054359017	-1.282991859114074	0.08401812851375429	1.011074225266095	0.47252646797792114	0.44714663311650427	-1.052554932224644	-0.17336219517290102	0.44356285801679934	0.26497114879804967	0.4514938758727416	-0.5102210146198007	-0.6818796957324498	-0.013115642976471565	0.45073758053244506	1.042020895895115	-0.4080773677100389	-0.6031279594171198	0.5212549603988371	-0.5457320587916752	-0.22912595312881434	0.10593319786717707	0.07195053299545752	0.3080647361414475	-0.3410529910089065	-0.23840953458458136
DTXSID4045636	7.329697645903154	1.774695226924013	-1.115070886675467	1.0144052870704325	6.383893527778139	-1.0483844911993871	-5.688618405507502	-0.024843097340438543	-3.0130631525413443	-4.0601679152256125	2.0094174574718933	-0.9603364054435136	-0.3189842463964926	1.8978304885926804	-0.9106012542635835	-0.6450928877158703	-1.0458735612918788	-1.2325399458327644	0.16086876294258523	1.99791096568338	0.7318411288468798	0.829677767852343	-0.6132433880654441	-0.4234875288301373	0.5748336027836847	-0.12432351132928289	-0.17860746723142568	0.24940897038141063	-0.36314803063400564	0.01567712068914239	-0.7195183053213579	-0.5286376560093294	0.9836167367933383	-1.11842063017659	1.4614341933917538	0.16749807235604633	0.2116933580023198	-0.10726583936689629	-0.04699353108627401	-1.1023645891758127	1.2955257746777864	-0.09079175305243568	1.438757342710191	-1.244477436532266	-0.032730533346122616	0.058990028294978444	-1.4876861922151017	1.7698663828469618	-0.49936749913530265	0.0738649686804574	0.2388238024368531	0.961561668518111	0.3048646806579369	0.5684531810086318	0.43224283682186687	0.8372957927797529	0.26709459307249916	1.26188178698063	1.3659696030055566	0.4509340338244925	-0.2391941137108806	1.7851158298859335	-0.8727624323146135	-1.258123086276298	0.7159346233245868	0.7595933844878194	0.5135555031447359	0.03540894236573355	-0.318372801585379	0.41089396483780366	0.6890214442351942	-0.3914576002281759	-0.5234567781351076	0.47889877431148553	-2.047734641555475	-0.2994796123900378	-1.885986709573374	0.3605643725064323	0.5304213837229664	0.2589439414645796	-0.18742057189197467	0.510751360273259	1.7621680485102729	-0.15502872014631866	-0.8725537553634868	0.24157858160430484	1.5776559897351032	-0.08612002092425451	-0.09119631151617073	-1.2564668009471236	1.3486503092319135	-0.32286303653490595	0.5341899924725653	-1.1947623407415278	-0.62490335577189	-1.2140038196911611	-1.3043190006709537	-0.15382544878918364	0.8594792977800352	-0.06921889530040297
DTXSID4046999	-2.02627484818241	-0.20766287947492618	-1.9404236067426675	0.3497150838166209	-0.7540819987733905	-1.0296276497660741	-3.206262638232877	-0.46211202196726736	-1.9944459877013936	-2.3653408589269116	1.052676821346732	-0.6397058599424843	1.4487930731996717	2.5826476263299996	1.60413107175953	-1.5962527377243594	0.9222053814500668	0.718232208652671	1.68242795084163	0.5960980587285444	0.5298173695646805	-0.6576843942723102	-3.359259513816585	2.0232286346097386	-0.7645276252074868	-1.3750929042185835	1.5978334739649949	0.9680365111631211	0.3046628508464406	1.3959100562316724	1.0074286159334582	-1.0995325453504945	2.14363288208773	0.11439544554639784	0.23844363432200466	1.4197840743507624	-0.4492568080177793	-1.52413432313802	0.0051856508553314	-0.5090063887473276	0.2335457690732536	0.2258651366674426	1.0656349369432572	-0.1020418652944179	-1.3630329373700476	-0.23157015592742342	-1.017624587106185	0.2528526062878848	-0.5237426514748977	-1.3004437443485333	0.20624328411447157	0.3545339576892716	-0.6555443862036864	0.8974616482297987	1.262318961641267	-0.4020890725175981	-0.3933123188550269	1.4659850920984214	1.2239746815619115	-0.3784805231428347	0.3543238689589559	1.9225092018863896	-1.308192680714664	-2.000335330777541	-0.07476435504520666	1.1641489849268911	0.3007586465554593	-0.1462529805113571	-0.02040823354189108	-0.6293031085068411	0.13725141357100346	-1.2156297972732453	0.22123013534453445	-0.20029942411477902	0.48412328513353153	-0.13637295865607635	-0.3845996455961117	-0.5938455610481713	-0.11551512126040775	-0.22875348877327614	0.16308690357785965	0.10665201784967143	0.21636395819145754	0.30541738749634906	0.5083541039584245	-0.08977177031982753	-0.0568997793042351	0.6475881299428152	-0.6468885303286975	0.3241480255203831	0.37694080369162136	0.08882028315974093	0.2011457642758286	0.4825225518984019	0.00942690499757903	0.020088880166932315	0.7010822959545351	0.4420578859542355	0.5513190614970951	0.15913976556961382
DTXSID4044791	-3.155053752761155	0.3259898342885072	0.8360443831670927	0.5123712248923947	0.3765235914937692	-0.6988578213016139	-1.6815085803011625	-0.13985794738063045	0.4261881427285876	-1.8662985324390364	0.03804296563798373	-0.11924728768315208	-1.0935256781274143	1.081487157012088	-0.7584259502087412	0.10501077927954253	0.7119709940009894	-0.24063182365967467	0.1468033107921431	-0.6770756298815196	0.24435572152148213	-0.2811815375547857	0.9582935245819446	0.16692069301093865	0.23580143424297617	0.2827144361604482	-0.3458645996319473	-0.4171147072403239	-0.0657973426537711	-0.26853849640761623	-0.44637868839195816	-0.25098745874719197	-0.6560463497174279	-0.38461839003592524	0.26670206420296144	-0.35705947121959225	0.1844806687097838	0.2499233784961545	-0.0979849069395762	0.5497192838535124	-0.15690736697542296	0.3492186331226198	-0.13405674577558846	0.2586245103493644	-0.555933321699063	-0.12229282174688637	0.1505122959493624	-0.44203315865219234	-0.1079057307729736	0.15312188705950297	0.08577938972176671	0.09721957018018519	0.17359888983077615	-0.29067126151994294	-0.22610899074892052	-0.38973277263293093	-0.032264862814146714	-0.05167008680671047	-0.19982665325992918	-0.2401873725116478	0.31745933145641336	0.24068497025580707	0.03736496793577954	0.5151567176750838	0.30881949030027095	-0.3109911800283853	0.14633362645283665	-0.6570327975964947	0.08007980879670586	-0.08704343994519889	0.223456864963616	-0.20954405341058152	0.4048184726761539	0.35696997606496034	-0.8694468777103095	0.30518277278238376	-0.08837997675404832	0.5698243578394518	0.1245650089947092	-0.06864739800263217	0.546000549174182	-0.3081960727269248	0.31861996839995277	-0.09227506935984633	-0.06613660773462074	-0.13268315584064388	-0.25998064121531433	0.0931621214240051	0.002830809467306978	0.29196751324698245	0.5418886360444319	0.11499616114535786	0.15238998504421442	-0.06361886803081603	-0.35571659154538676	-0.047315286856734876	0.5613917380395445	0.3056039705544862	-0.07747622322253551	0.2858778685453158
DTXSID1045328	3.9919965835620785	3.867290609413554	-1.4119223572401507	1.4808903617371887	-3.6540658657204435	-0.5508939775882391	-3.211976954962514	-1.6691180875421845	-1.197535301790514	-0.6618530386301604	-4.037033061912273	-0.6167176587712607	4.286599810944179	0.6687377319425412	1.009160245183731	0.9075646785606477	-0.580505226308926	1.0571024578844794	0.5994042606819544	-1.080544508846995	-0.3342312650880842	0.2333458068132922	1.6408792300611623	0.2977217269394629	0.17566524695589472	1.7173873147601362	1.902926565248105	-0.03834948035169545	0.617106930784598	-0.9484903341592106	-1.234407404901796	-0.8154237980618406	-0.9641280326275911	0.3323979113741097	0.5831730607056478	0.36776232354258126	-0.45742291073742725	0.3718235537908544	-2.0348419783523193	-1.8038545373691737	1.1094816511835999	0.4212999643605303	0.3228234001929479	0.27359474422723207	0.2907325633081855	-0.1222451800366474	0.391227894991523	-0.9739044405674274	-0.41435952904958556	-0.4279374175062141	-0.04658233678516542	-0.631742279864161	0.8146894053654133	-0.04761303177402027	-1.1184486082307965	-0.025239216935741805	0.07901546248220832	0.6347814464358889	-0.19205578632895667	0.36555612965963435	-1.3324502880926246	-0.19590012146040187	0.4087607395623484	-0.521728411450288	-0.6773936208772913	-0.012639786187710932	-1.1504891322276625	0.451691765715801	-0.4545408686880724	-0.19368820550188512	-0.35803070282842764	-1.1811488245180903	2.205740806811272	-1.2920602478270367	0.4469999702195012	0.5129688416175036	-0.45832013499936325	-0.7355021831761409	-0.016935550321325023	-0.1325145223232479	-0.7215067360970435	0.06067294783831082	0.10771619926091815	0.4090058387924632	-0.3103245418373262	0.296878719328089	0.7152472616584392	-0.2327366528745829	-0.4300004443136388	-0.19440240860707275	0.20417814365991105	-0.38750810873486435	-0.5347216129689754	-0.9341962854161322	0.5336528950143961	-0.6615442638742178	0.5070719491254586	0.29258651149185205	0.49280177688900756	-0.25495850210875004
DTXSID9040714	-4.300820965371223	0.6366198130492235	-0.045929120682151256	1.174227096987845	-1.4630084544576378	0.8659583985619358	0.07373270855172512	0.01681459327058681	0.2025847014221847	2.954180887408667	-0.03933586779823508	-0.3113060816278827	-0.2662762414355225	1.3582015871343929	-0.48431665818187963	-1.67670201717296	0.4851803346394089	-0.11016031951083415	0.29505569196448656	-0.3806645295001369	-0.32547342725162626	-0.4515152903985637	0.6083587774949109	0.06865553858463745	0.2632456009158134	-0.5448190520429937	-0.9428492842365976	-1.690808201977161	-0.5484155998732642	0.3049390744488202	-1.0351910708250727	0.7547269202586124	0.6021116721259379	0.12274457714643149	0.8143910631394946	0.8164500698835624	-0.0058916108032594835	0.9178396247192161	0.12361652978131807	0.3740130156651418	-0.8707834795197197	-0.3313168628484991	0.38441567392544407	-0.32387313789584987	0.006195625508904503	-0.005023174614236452	0.24793785873020296	-0.059541751152006626	-0.2577343476482933	-0.020476294906661602	-0.06538591220283832	0.017273333608902743	0.22497151265279047	-0.6047506277786628	-0.08747992938666964	0.4223717686966631	-0.516012488496144	-0.6318671495272785	0.20162367376641277	-0.28439119514638084	0.9347344011426104	-0.012578247059105799	0.103065600696728	-0.04784011990556071	0.5601942493479501	-0.11157234368746038	0.36258932160987645	0.8247385528115726	0.4666979607091625	0.4233045633852449	0.291920112192212	-0.040684366578578685	-0.7335151539750145	0.7010514852087641	0.5666468762135137	-0.3435335185767564	-0.0472931530177528	-0.15356930808038094	-0.3898875556927381	0.20095834781963423	0.2386266747211258	1.0087722165283093	-0.542086928756732	-0.061334127097845574	0.29219287156652735	-0.13041424072768076	0.014276673667467132	-0.08090984594713839	0.29509813299976617	0.12121966662080451	-0.234231814205255	0.4471111905650509	-0.3938964980701382	-0.19723157735461974	0.10394024059376526	-0.2028848402480337	0.08792373116947183	-0.08358721767951639	-0.020140587409645028	-0.04830329230216897
DTXSID3046663	10.339635989115902	9.043430934051074	4.027779354978213	-0.18072058716029105	-4.331190955287625	0.7671617179171072	0.7846772185390477	2.9913447621362406	-0.5008322003309486	1.3920076781989017	1.1264430997572699	0.8839456211304634	1.1999611739012528	-0.47282747143675186	-0.011549442714732279	0.3213836758830116	-0.39604650620384974	0.17730155972323494	0.7053054837479072	-2.2547954880514935	-0.5728968029515964	-0.6794140149479909	0.898122841175719	-0.14470222191526247	-1.0364682265829022	0.7661749701631936	-1.1582094379832368	-0.778583210008545	0.5124904808446512	-1.5000214256341045	0.10401035945679146	0.5902184328977698	-1.3145287209111844	-0.9567358869763004	-0.22702539352819648	-1.4538586198992818	2.0912724142979298	1.4517995213413275	1.1406927376346292	-0.41519438564661004	-0.8113872272458005	0.0951257527301586	0.013859364163121763	-0.3256245253672645	0.7328586377085209	0.7341509803067406	-1.0938314470983188	0.6206323215281149	0.2919785937833514	0.8394400607266616	0.35527325721613917	0.785956405215811	0.15634839755718716	-0.28144318845747485	0.2971929349933051	-0.868277802198101	1.1180902425610302	-0.5907279182931264	1.0138253983553458	0.9035037238467817	0.6328865879287288	0.6913129453199062	-1.0356777681942806	-1.8013290784602856	-0.1940393000715188	-0.005938702205663779	1.7019739254439068	-0.8238596648383764	0.1720439260270322	1.7509478703320644	1.5047818001762792	-0.7529462981640752	-0.34926281959269856	0.19188638221469617	1.1652081845480886	-0.7993600060767756	-0.28197786818037324	-1.4825783117281568	0.1872131973128168	0.1580050216690388	-1.871947924858632	0.8951673140364896	0.25369589464439035	-1.166517375399397	-0.6035036410994056	-0.518903556283337	1.5420030187962321	0.8140824920784887	-0.47997291102892936	-0.17289439186750577	-1.0551745281008649	0.5552026105543629	-0.3201091954354677	-0.8807512100488755	0.8318387934211131	-0.22553623525575603	-0.501685006866726	-0.9752557341578544	-0.32689350716352117	0.4779767045523369
DTXSID5057888	15.021830453665485	-0.8168853753270886	-4.402302857887115	0.9769116456481414	4.215723344037646	-4.065979837504264	2.615614148079078	1.8664436249455958	0.18645290082065524	5.470384014093504	0.5043149538632955	-1.505297988514425	2.76943207922832	0.012480960768800772	4.365684803669287	2.0981073053286696	3.0012976220396097	-1.7052461129328793	0.18223425535962864	5.218824824701941	7.075199241764224	-0.5055559085673069	2.5600049097334248	0.9324678996712189	1.1145682004611102	-0.9378529454237939	0.1882968659302673	-1.0631632280044523	-0.41751715645133197	-0.46222549899759235	-3.1684400818607275	-0.459520117692594	-1.3698694148991144	0.01733051442219698	0.8957400640604858	-0.17216695676664115	2.9063723752604043	-0.4231540655090097	0.3817962841166128	-0.9613888362094913	0.489262022529101	2.6851776033263426	-1.2712227328970787	2.3222754315136975	-0.06834373545752062	0.6203948745637291	0.9345603001667526	-0.15108235372769507	-0.5506050800238416	0.9363691784024906	0.36259429353287836	1.4389006263787878	0.411174534396854	0.5316249466180498	-0.27035550142365644	-1.950474723793361	-0.45654681611579706	-0.27081268478800524	0.34839364301266784	0.7290479095378704	-0.8698323767332315	2.160124868182717	0.7811557556071717	0.09026053563355486	-1.3443590850021434	-0.39285610710975877	-0.09264342667958299	-0.6475207379007548	-0.6708000128009055	-0.45722536416979703	1.1468671178436902	1.8607049026302858	-0.05349065240965447	-1.1081647013321791	0.43621887360334766	-0.9598392203105104	-1.8002383325201645	-0.6512467436659319	0.2999552157283704	-1.1072763192903519	1.6075108626992798	-0.3975532728999523	-0.8939419570389405	1.6443377214186075	-0.6093230492369215	-0.6837780693428717	-2.7270495457234096	-1.2067964302329464	-0.8320483665777145	0.4362578082374055	-2.0126853461997145	2.5544166002706947	0.42742318500250387	-0.7464720391140846	0.15958797441637917	0.34090281404531764	0.852912570923964	0.4394333732530374	0.35764699249607323	-0.7265269046967894
DTXSID5044364	-5.197143054312826	-1.48726884714933	1.5702480091733064	-3.011910721255056	-1.8736685584103623	1.6155682062576795	0.07652063070290024	1.5710847748130923	0.3759889048491659	0.6026618404999021	0.2623923835921028	-0.07790640176263382	0.44655170754144063	-1.2503653103183072	-0.31209502022449515	0.4159186718279661	-1.1856038892496228	-0.2053368480442871	-0.24524867694794597	0.04760407287077507	-0.1737468931592293	0.38090054525202066	-0.4754471105531551	-0.7095773976275451	0.38001601490407616	-0.11771130831889262	0.1464868746875535	0.5904159342102916	0.015269711143713243	0.09082167826006696	0.21952739102532232	0.09296874811657962	0.41909552493443897	-0.24675093256722047	0.25627779112719823	-0.05877078229402043	-0.24633346335662998	-0.34778220760601875	0.43489407798164154	0.02604181861776854	0.08986735197560859	-0.07498274840172232	-0.07302334163142295	0.029327435164824153	0.03750448483837377	0.0757883516466893	-0.030596124338346617	0.2658756688957563	0.2930544259744884	0.05156697743919173	0.0749298706175403	0.00290564570358845	0.18508116153736842	0.04645877084169638	0.47748970286146003	-0.18349144148454044	0.11677769048069118	0.07618975955435539	0.12151996417523328	0.11618557572117229	-0.5059642898630283	-0.14002101405457176	-0.2840044129211786	-0.1361647976686379	-0.16475831526962328	0.16414238817456916	0.5026865070386618	0.3267717033778059	-0.5472551574857425	0.30095409822256103	0.1626432167960171	0.38733348899523706	-0.1742841043887646	-0.2057298564040271	-0.48387868979461285	0.09927441987963616	-0.31861147423148756	-0.18863397602197218	-0.49252784903764374	0.5529608272925923	-0.45942734661811624	-1.1080834377654818	-0.29715908161000504	-0.7718966843169011	-0.12320410626379136	0.631685597541359	-0.12611091863075505	-0.18446517055974326	0.1338647616110035	-0.3195276185297415	0.006588851577443161	0.4381116730648465	0.4957652360501162	-0.02074375605177978	0.5599503707974541	0.23535110724522973	0.565323755336395	0.6395095779430547	0.11218983835413293	-0.17112543902082294
DTXSID5021831	-4.566104406609446	0.11597799319925352	-0.9415341226450228	1.5977176674227873	1.9899094601642942	0.7069601289660993	-1.0649145519036285	-2.399354685467473	0.253488375059744	0.19127445621723052	0.6400497793356109	6.858020385478608	-1.0209954746228556	-1.7273852680807917	0.8496441864834854	-0.7812964764283644	-0.4417036218467166	0.27613887434771417	0.1678485051269618	-0.86808867351863	-0.3722442509604777	-0.23654254767341457	0.5249176850597707	0.40960546822724303	0.1532299338492982	-0.33653982312271336	0.35683710735825425	-0.7293437465616449	0.03648201236793783	0.2362030850153687	-0.9190827943802395	-0.2424023581983315	0.17774522024931064	0.20068064785820142	-0.12311200150028173	0.02325258819270941	0.2199548009490607	0.38763228070903594	-0.19715154953311587	0.03704113994034019	0.02728055800010639	0.01161700532029421	-0.11178331049964693	0.20259710571163841	-0.7093381905875106	0.14712729164818786	0.411563192816249	-0.19299348466242677	0.046495654861802536	0.26417640150220684	-0.03696757939962338	0.06091705643567297	0.0032326372840768263	-0.1349962499702747	0.060067560693828174	-0.15344820823225688	-0.3234550990621853	-0.09653754592216701	-0.24443350209627804	-0.41366600754258004	0.3146076194850592	-0.11272013175620613	0.03851732504037087	0.36124149081808715	-0.13523313800184614	-0.0464314467153428	0.09119681724252197	0.09415914684817146	-0.5815098776214715	0.09934519112840723	0.16839943487092252	-0.3511331264337124	-0.29918294805416007	0.24794972832253662	0.3414431566875799	0.06629703674017424	0.0142642756767353	-0.5711885435761367	-0.2132367813462912	-0.7287365275414004	0.3041866388986224	0.02345038551812317	-0.04775571615695875	0.42657458934379927	-0.2770124102452745	0.3136554719763431	1.0604199016927822	-0.4756444541507822	1.2976874267096534	0.9761138012670474	-0.8650603951905562	0.33267912218946644	0.14330841166727773	0.2530933336502874	0.11686220544993947	-0.6547423355441299	0.31092766647186276	0.20788978493974306	-0.09466860430555714	-0.3349652767486976
DTXSID60377826	-1.3291936814646583	-2.435238431535531	-3.7632968263562576	-7.321762097872358	1.2165197384266697	7.304865228428343	0.33804527781999516	-3.4559065929712727	5.977887198409286	1.2649192627089438	2.475950881730411	-1.243686859557523	2.079063904193221	4.539485905849327	-0.14169143860881442	1.1251509369760009	-1.9316925348484628	-0.09386852652663814	1.9418709480693568	-0.2740355377607338	-1.6037238945929517	1.1587456066437145	0.04775993754401532	-0.2239351444239065	-0.22309949445938002	0.022029549695087147	-0.4260959713243495	-0.45409158417529744	0.31319419049573055	-0.3173718530154063	0.13061074112578336	-0.789115894542574	-0.579965110165644	0.49523637081214367	-0.14467714019645284	0.23764362180087314	-0.21303246406372972	0.22278505140410498	0.2680007102271328	0.32140415032420905	0.560500415968536	0.11381977605875297	-0.2033385901754584	-0.06558941571296549	-0.3639268945301409	0.5145472945760244	-0.43768608101022316	0.06645579443863565	-0.10610343086272796	0.11555948916881452	-0.03542447797846002	0.0670924634378856	-0.366335202280063	0.09677108409896426	0.19146542832831348	0.1848484050152588	0.15207642161808346	0.6880532683573279	-0.7446576090982174	0.07758836494607206	-0.09583458040764173	0.519888201757997	-0.33509123373790245	-0.43514570000052855	-0.0878062403002888	-0.21602346359285948	0.11657291596306786	-0.22593779592311025	-0.09371752585381785	-0.80433246330366	-0.39841692639358994	-0.16424455895122023	-0.2431894169671201	0.25215233730495484	-0.03391964899916644	0.2728109594774557	0.4979633861573491	0.401480104253702	0.12610837002257655	0.15658443293768023	0.03929245339301767	0.07317493404687754	-0.04652294912092201	0.7427757311401134	-0.7989607342764178	0.3715013612320762	-0.3857929533088469	-0.1784229493938161	0.6529350510787391	-1.1443253852485296	0.8515010793746717	0.2211788625987835	0.4081359175760985	0.5203242071394527	0.4721707347104992	-0.002290374524473294	0.1171253993195736	0.24393219817286207	0.24100023602487636	-0.5576344065645874
DTXSID7021029	-6.999479843091272	-3.3852607862794066	-0.4093261267357679	0.08473077484703856	0.2909780851650329	-0.43381532895263203	0.34008287938906157	-0.3122907446151977	-0.10794068105180987	-0.10797442605321378	-0.15888909079662222	1.1795015392575519	-0.22497366949713066	0.5099960751121152	1.0959063296248621	1.4447387876307602	-0.9643797863969988	0.09471227967840835	-0.7684629672065674	0.388429229889808	-0.9725802879335428	0.09152025491167219	-0.5146763472175812	-0.8213390450616679	-0.7738911954432256	-0.08800965551171433	0.4176640792574084	2.3979382356561505	1.316668567953072	-1.2472235486256364	0.4153906427958177	0.46154933801430326	-1.5712697496266803	-1.2468652016081039	0.20597281785931784	0.33099716603424	-0.30284275182472414	-4.0520161458996915	-2.294737420561315	1.282525667151179	-4.006488765327978	-2.2498370262380267	-4.598155276824439	0.566246746797113	0.1254580410920668	0.16316802836181796	2.8166961361692606	5.2465947118393235	-1.3579451544044425	-4.087478321408472	-1.0046761564518472	0.9059475949012536	1.8234962821319116	0.16715537916532186	-3.110551151335532	2.19221640566669	4.6928370721562604	-2.994531607677413	0.0705319677588567	-2.2720338678789895	-0.37592904855818177	4.132685654963705	-0.5922578888643477	-0.643238840374214	1.0888170894106282	-1.1328732939922854	-1.004881153774248	0.7637155516526876	-0.004002927747330899	-0.11181357016093924	1.117976906895298	-0.19201166760868577	-0.19127533937007404	-0.08045543982413078	0.9661806011459557	-0.7785906302316123	-0.1880136210766129	-0.3176977197700142	-0.31614558747051696	0.10894580432809417	0.19045844357818636	-0.5158524616367581	0.27939463761874656	0.4324589061788797	-0.3264760774468794	0.3808586697561718	0.18149001289443406	-0.36649716659190906	0.24797272520819766	-0.6111190799434121	0.15060334904589587	-0.17163390805047374	0.22014601098400657	-0.3089402932282474	-0.0629648322736028	-0.26742605086214943	0.2513951012362109	0.03057418054854666	0.03934659773365686	-0.3606588413106312
DTXSID4048511	15.49003827035107	2.9439049773636534	-3.2488939986249	1.375234922826024	4.3703275103858115	-2.9161488066732675	6.219559132740169	2.760252629818568	3.989746814251308	0.7740860473459634	-1.5488711511070943	0.9302402503481173	0.8767910297242043	4.031982528725448	5.792410851017819	-1.095973782738187	-4.623369283994592	-0.8203202548696076	1.2602830969810637	4.033607197266308	2.0259681842342463	-0.3553813950503354	1.0077625869176678	1.044861417844632	-0.7226720881718437	-0.9622595824531393	-0.6455944784385242	0.4600171664046804	-0.6308039612213089	1.1673652787782853	1.7983245650960866	-1.21369849923181	0.49592477546066843	-1.692464038520674	1.1622555265030663	1.7692171227498883	0.5441117510744808	-1.7992010119899804	0.15705654334465147	-1.5516880362054495	0.179138459088916	1.2761999351100035	-1.226579663839485	1.0079757348590899	2.2410770271924023	-0.07226621330426401	0.8538081900258832	-0.017583447775763827	-0.3389846960407354	-0.37247913172775776	0.03325523429470684	0.8919793498833887	-0.42877340826137317	0.5378701521330405	0.877249953712642	-2.602541500093371	-1.1526115096113922	0.7264877653642691	0.124399469216049	2.5971969588369297	-1.0071980105456702	1.3723006856213118	-2.4536761337861237	-0.5794430902602552	-1.0577821808209904	-0.8717782828013895	1.1780282984758585	0.8033655249489428	1.480920028707069	-1.4845500805010166	0.9951628336033327	0.12652204971485945	-0.47940523217824876	-0.888278993658814	-0.8195640766533485	-0.7271385019698644	-0.24553436848152518	0.31070303109851855	0.20226763188257812	0.8425056896833953	-0.4486269893011827	0.025742944663152984	-1.205022774513453	-0.38842351902358413	0.8991162820324654	0.6098732606154219	2.0046026061214235	0.8445876258926863	-0.9466699806647129	0.45182983392027404	-2.4244817235677942	-0.8137926453147178	0.5023926432677545	-0.5569252909823179	-1.130144642983105	1.286466817513005	0.3970446485544081	0.6330769682446455	-0.1151359726051485	-0.997453826380788
DTXSID2048583	0.1812849784458465	2.664191125066661	0.5544395311095263	2.1686476806374517	-0.15930471305985805	-0.5694298504184858	5.832961820650067	-0.7282017893203752	-0.6749584820968864	-1.7266454633250043	1.1737590011010435	-1.6908637981970807	0.3627289980316533	-1.9975032321221697	-1.326026110761592	0.9538214133536492	-1.3790425817182976	0.7128220550079948	2.323092011577739	-1.9576594751907974	1.7187338303352093	0.6866828617919745	0.11235039438108584	0.5262277227962967	-0.5286658104482478	1.2836867535508527	0.10201914892569507	-0.7411985829858408	-0.894446294535182	0.1411235178116734	-1.5611897059996158	0.91048200418769	0.3643370841852201	0.16184419797445504	0.005856830794488007	0.4266550643109219	-1.0512089225069594	-0.41391708623895956	0.25044782908905483	0.17791859997481208	0.6966620155464884	-0.9647238787589314	0.5248506415232207	0.409352396806368	-0.574960061590664	-0.7220101754361137	0.6334154490399286	0.6616621336628016	-0.39760388483860876	-0.006203190538870882	-0.5537307105513758	-0.028608076701388308	-0.2682904907346263	-0.2567494772542606	0.2709907431370823	-0.3998147465664708	0.08166794383032372	0.46499779472936714	-0.6713474410380746	-0.2658206469933656	-0.05425646203812068	0.21090488187741804	-0.38800800158381793	0.8273081352606599	0.24472995062091088	-0.2085229343882149	0.48566737647695274	0.06413193830392795	-0.6315170629013508	-1.2962482056219244	-0.6269962458428027	-0.786663978960251	0.12612669308762062	-1.1094688273579103	-0.404722842929298	1.1931130774180563	0.8839963262926669	-0.01190113193205222	0.45132259899137794	-0.726828395234593	-0.4903028806002496	-1.5586054912027147	1.0286005929165867	1.1897733871225187	-0.567988179029242	0.7970738682617268	0.4988841175391386	0.48883272456895405	-0.5103248515095233	-1.114660355588934	1.0515960637969792	-0.651510468917809	0.3432540392926017	0.10427504091461295	0.006414247041222506	0.27650076260678264	-0.2835569563356909	-0.3572268520659506	-0.05868128530066019	0.8359115527570429
DTXSID8025969	-6.965294313178166	-4.12760170243353	0.5134936503787431	-0.10386033074466433	-1.6538768498437073	0.22046606332785032	-0.5612029036976789	-0.12709983241208367	1.3434568816960502	-0.3809451402016104	-0.259649016681014	-0.1201544515319611	-0.6425074682230906	-0.3855039642548943	0.5748494140295974	0.09201958888328825	-0.6921167080658017	-0.08830584339319253	0.2753259871351949	0.6628921656254901	0.21679357845178718	0.42309610933813324	-0.6180718223647601	-0.867850639446329	1.3027951636095407	-0.21863437787033266	0.029370151542285346	0.13862379441083345	0.1591594329819705	0.13819475543162615	0.8578666027376534	0.056031048856294736	0.25728340635598657	-0.42093600335202985	0.06789895220583972	-0.16372668617331768	0.01145961486274518	-0.4254463450758899	0.32130181825242693	0.7186696990505074	-0.15204171570452588	-0.5176353859322871	-0.14550283033306916	0.015960199661265165	0.01904255168588115	0.07223700205343181	0.12360951192132119	0.30240792758290674	0.20470409561826533	0.3107470637559999	0.036731326873106	-0.09253560500206658	0.08159889886209598	-0.0943503523559833	0.44395241616653863	-0.35990840340347285	-0.14225777835839304	-0.18422940899307266	0.42388768845958386	0.03919514886770908	0.20915751220403572	-0.017800817305058874	0.15469881612626935	0.3169183064878921	-0.1416139381350156	0.17969588787580001	0.2602984090666818	-0.46824976261273515	-0.5463570807028795	0.3408860785437712	0.6940124563198063	0.2823618052984517	-0.09729118760255925	-0.12390688664473785	0.003874096817048563	0.13072648441418494	0.16081482494850063	-0.7143215830831562	0.17563917530829562	-0.24716395754614792	-0.028109711272826386	-0.6968291001477186	0.4112659992529015	-0.6125117641102665	-0.04069643082972806	-0.15783883038704755	-0.05996432101734877	-0.3320072803993204	0.11023484276153644	-0.33511945383439584	-0.4695880049463022	-0.1769828467599561	-0.6986493597843928	-0.43060497610789195	-0.2449121402142372	-0.34537957620796467	-0.37023127537236683	-0.10634674370921918	0.31619979930807457	-0.3928074578625606
DTXSID9045845	3.8312481705727235	-1.7252505852173765	1.6717415341628292	-4.539309022104954	-1.264322894465991	-3.0538718288280164	0.5126200036606338	-0.5150012148390467	-0.24017485777504374	5.2963227470761565	-0.09381963835800299	-0.4166017749530844	0.9653721554086103	-0.4926484603830548	-2.6974018334329255	-1.1731806398400895	0.5178605391921014	-0.21125209935437153	0.8442862649891186	0.07606277168398318	-0.4767111854731176	0.8699515461930453	0.6750705018788689	0.17086323692828045	0.5733639283895172	0.7047592130604734	0.010748878084869545	-1.3505875842209727	0.26208391944844694	-0.6156364975061398	0.7250260130865549	0.4366009943717116	-0.7429054903767185	1.0380646102475464	-0.21475122324499957	-0.990152375926637	0.36561749463606824	0.5934851558829093	-0.8992414928866277	-0.8591583197403643	0.8932405140748284	0.03716773376552084	-0.07362530889221831	-0.6391156939333672	-0.679137600944615	0.2563168054778681	-0.2869025124991193	-0.5357089440722741	-0.05267392630945115	-0.46871999222896155	0.0834713200003364	-0.4891016871467194	-0.4584153470689777	0.16282181100211357	-0.44871603202054405	0.23062199537825281	0.1513901367697548	0.3400757762918895	-0.29972100337281365	-0.6124757991412186	-0.09144170605686659	0.6497277346568169	0.2801702878718323	-1.0894226834076612	-0.19693763995306326	0.179821469730725	-1.2688398388113493	0.4439761547234858	-0.7428733619141169	0.12470591119579533	0.037834627043789024	-0.4254169965801967	1.748546731870985	-0.8796748381945401	0.8891756881427282	0.23459987545858255	-0.6529236862529194	-0.3083374139937536	0.3858013160345074	1.0718293152107434	-0.21116040327139624	-0.10398884232280353	1.0631819067544361	0.9405496280554319	-1.075619040335016	-0.10094344154782316	-1.987459303158679	-0.1710502301730837	0.8455223064025129	1.0895196371146554	1.4115714848133116	-0.15055458285805898	1.2067939549558326	-0.13120527154523254	1.2676945985855887	-0.37704652328979815	-1.0933128495220394	-0.6634348492864541	0.4927572055884547	0.08694807350361775
DTXSID5046516	-3.6345188347480897	-2.9368158071735295	-2.4238633565864394	-5.056226230262273	-0.21168926023769946	4.59308995932344	-0.4544804577363185	-2.037372535951988	3.9856122847538695	-0.35976489150774565	1.0698762827958164	-0.43312495655753314	0.7655619763787828	2.2839340447841288	-0.0746840316458728	1.291047550246068	-1.2801205808413199	0.13371688909761525	0.8767316847932175	-0.09247154305140025	-0.8563501427785494	0.5280023853285191	-0.9194907787493972	-0.3440318071869519	0.3199176276317856	-0.05810770411108743	-0.017279479005724102	0.22832651694829217	0.23786369387194725	-0.08693079079871191	0.29412722241223704	-0.21118342903977333	-0.04602316406956592	0.08455610575028724	0.507323911404419	0.08125368998262973	0.04385666398998082	-0.4331377100485621	0.2777620459670328	0.25227210142457474	0.12431300705465058	0.0796461564775993	-0.041048842501184686	-0.22832122917223518	-0.10247769569406402	0.23881244400691304	-0.10812329549835308	0.32651451170893997	0.21685894817450999	0.08460253573936603	-0.03200336972970656	0.033208852093753856	-0.19081281071559472	-0.08017228978943293	0.32406733189588843	-0.06776413313547754	-0.10093702056672382	0.1664083018294691	-0.21408710644671086	0.20836307467927923	-0.27787403151041984	-0.029754876829026593	-0.12854478686616405	-0.13182591306415095	-0.14439743025259777	-0.01123149839434258	0.31447096186089196	-0.29350774973536686	-0.23088068068384787	-0.36002238864903174	0.09200420679849339	0.21857053265687945	-0.27725072207513224	0.050335416394808895	-0.860629048996372	0.3462335165090463	-0.08715711195812358	0.05425630122433572	0.025323479000463344	0.3599690735256949	0.407936008601821	-0.32655236366418033	0.2210991683294241	-0.2700983665514815	-0.11882798983638994	0.2117139669633177	-0.49327044470225884	0.09454575517719407	0.16900182976773265	-0.3881577438613058	0.6134112801108921	-0.9076573393048266	-0.7175646153141356	0.911419510453306	-0.3691688702179038	-0.5276321591867204	1.4364996931119658	0.6910654379493815	0.2429048396225722	-0.5898056702956904
DTXSID5024394	-7.547080236130573	-3.9281919580133384	-0.8290810194578122	0.1038434612579058	1.286722719112221	-0.01716731580047807	-1.7935419036811424	-0.32742521057307983	-1.223329732723304	-0.14120686286833595	2.330610895637968	-0.6304879262758677	1.2662065025401879	-0.5891442198890041	1.4163973838518085	-0.9151731897547881	0.5493070901304401	0.5105167269965837	0.16184454382684257	-0.17943236931960213	0.4632658853560699	-0.005832367834746507	0.40774233765504564	-0.1796580391509949	0.8026680859263299	0.15741960246382813	-0.17188515513403607	0.11264189447981937	-0.2839541329128345	0.26610626307126506	0.7804671530625279	0.5444730982148223	0.6159567395542456	0.01183220888407297	0.5624857863773353	-0.8743703361875819	0.41866581690547894	-0.28366249826131873	0.41353621715865785	0.6262836493753623	-0.6471763585546879	-0.10475664467709658	-0.6908501073890577	0.014998508634538082	-0.1492350710601162	-0.09116266737616655	0.2964035477955279	-0.6080654107742154	0.011293441582237858	0.0374964356844104	0.07853495004158115	-0.30083655838159656	0.08087069948445341	-0.21940882758802552	0.18021872616323903	-0.3053802121901034	0.279889564303354	-0.6133636121806134	-0.10079513145930602	0.25373336637724236	0.055864948267820964	-0.3411625037599305	0.2530979173069827	0.29423816918061346	0.03414723499261747	0.388104024944803	-0.34812639672423773	-0.37031681696555063	-0.3933190849424418	0.04822101995452175	0.6963896730467244	0.20985313080188003	0.11829957918608698	-0.382828974178357	-0.379261565722537	-0.3490102662008132	-0.09612207212927915	0.027478292962857413	-0.008464953189713608	-0.37769113709862223	-0.41746217332204094	-0.49116026311534877	-0.0658810553075736	-0.5079531495980805	0.28637536190455415	-0.5442511584510037	0.14585542157338002	-0.31906367554295484	-0.3689514811111205	0.5622951803866356	-0.9130305360883129	-0.07940909331936734	-0.14466023621501337	-0.5517603240774257	-0.6145412226244437	0.020882068574908732	-0.3045657815515906	-0.015955381064150644	-0.36694093358072516	-0.29073663138074135
DTXSID8022612	5.873409147628122	-3.3792602442360717	3.367060668891631	-0.7122185341706218	-1.7841768706579262	-1.5654076037092424	1.301475782861536	1.2618883419226228	1.7353780130772842	-1.2535257027160376	-0.5236509230008629	0.3357809474654252	-1.7480677704312562	-0.5385830674746014	3.8985742966529884	-1.2534740350786189	-2.8732238886429036	-2.31012235869537	1.6283992169639927	3.850635835345572	2.1376084404636075	0.043510186617937	1.579588451795115	0.7967537590481091	-0.9423122710470033	-0.15815894646015125	-1.3837533978532848	-0.45794496606384205	-0.6704873714115559	0.15889416565071368	-0.2593950748799456	-0.37995026566187184	-0.0608748627946687	0.11597985120219344	0.8836459027135495	0.4606732427017834	0.5269250185858038	-0.41401378837890984	-0.5705297070948768	0.6921505620504674	-0.43239737420261853	-0.2183369311093883	0.03158460607397212	-0.11679856301767218	-0.024205077631454644	-0.6673716569422236	-0.1530584644851492	0.19247148651350637	0.3656193343934205	0.4045628122893551	0.13876456002898785	0.06335963635978176	0.3585978396114979	-0.47871733808001327	-0.08926122981038602	-0.5729442657830026	-0.49077120853668477	0.03555446639318365	-0.004144100229515207	0.32754727242885323	-0.24149026079442198	0.1155168089800094	0.23494409454591267	-0.3995058857214997	0.0072717822314383625	-1.8120197692667104	0.2800675364588001	-0.6801937612840039	0.29697710364872193	0.4869091789144163	0.23157403163028809	-0.9398391000887888	0.4408299341889585	0.4869490670349562	-0.5202190660695292	0.7796194260318043	0.8963106430732051	-0.9448084879364002	-2.7086652115101177	-0.8000939691606318	-1.4428935110143377	-1.208788329531032	-0.4078778243350539	-0.21082969387366932	0.3227182419211495	-4.706132463938152	1.989045200600942	-0.3546888398849653	0.6549837965274558	-2.0337871953840545	1.2209304070875062	0.40039912622496854	2.185066174475677	0.1762837154025056	-1.031158205213835	-0.7053743528914543	-0.14522331592101595	-0.07639847884501745	-0.21446936407352246	0.3218541075383825
DTXSID5027770	-1.5165273733352707	-2.6395460145902794	-1.4657422131086995	-1.1278302943262528	2.9499227100441	-0.5185465677972224	0.12463969232458705	0.1498407137059466	1.1358818337973278	0.45906901572331876	-1.3285255467845636	0.20478282450014793	0.4308936471329108	-0.6184506232478257	0.052307393062378735	0.019579519392767798	0.9895911927885069	0.9656995488064946	-0.4152705669818889	-1.21151611999931	1.4230888869324148	-0.5427067642468038	0.5678545675062325	-0.22608990380376456	0.6995871371700628	0.22497945196529376	-0.40445372542467817	0.2547581203313083	-0.3449012591947448	-0.2524594586783583	0.804969793924527	0.21104771607095674	0.3951895933578733	0.18303108914323887	0.4189969811914614	-0.47564563891884837	0.02687207197696398	-0.12362737832020927	-0.07581284855980391	-0.021013930453046194	0.2619138798719853	0.5087391524351638	-0.31683379076340773	-0.07964058730900304	0.012186994145086836	-0.15145715617197913	-0.5552888802486676	-0.794441102120672	-0.0015427784220689302	0.07797708581415295	0.11791729825376286	-0.3891685177622886	0.009854180473035224	0.07461984619152918	-0.37134686682960827	0.1588852376530772	0.4824932134546515	0.32750518839401177	0.009988130463089906	0.3678073064571626	0.22359480002793286	0.7206112010839458	0.05880068761836474	0.06283892480108821	-0.16802910969373025	0.22517298237402503	-0.23280792282590368	-0.12379189837956726	0.49009564227857433	-0.1356014924824178	0.15506309471849952	0.3566569559942747	-0.5237124436918419	0.2952432852967753	-0.1507566630637232	-1.0751384761255183	-0.6500672815566381	1.349941234979203	0.3844290207078585	-0.5186812549646366	-1.1958677590864115	-0.3430097216376663	0.4656926156149618	0.5787894252093211	0.14103184566777707	-0.3346557673849291	0.07014599475075203	0.33371301395277575	0.11415001658619134	0.8091051638233004	-0.3998201947214065	-1.0713555720915047	1.039545755821323	-0.8729044457419028	0.1882912246888218	0.6951873994779134	-0.5000313748424126	0.10853856642434936	-0.19988983700177698	-0.709011108271767
DTXSID5047908	-1.7542571734453267	-1.2628693918010774	-0.17403153046615574	-0.8082967038118929	-0.09981434606404849	-1.233929113310597	4.570727748673449	-2.408710182611903	-1.1021952094561038	-1.4958022092303473	-1.073313644108513	-0.7967222917715958	-0.9728260494566211	-1.7862675548230058	0.8045247431082763	-0.7137848222377133	0.5141453543987407	-0.4507852188164184	-0.42620121664382893	-0.6225515749940547	-1.5929728944358799	-0.9996873989974236	0.40833330222368974	0.5534700948234655	-0.6056130680608537	-1.4460153359670067	0.5969387933265999	-0.8091817435639705	-0.13823704059803238	0.7068448511213163	-0.9772394700896921	1.6196367943211643	1.6491336600782682	0.3100267139662771	1.881620511697029	0.3945921010723563	-1.4749009304108054	0.5875260995191472	0.8162647920908449	-0.49054446211910846	-1.6017084997184157	-0.6858139386427962	0.05120747830782902	-0.18520575076226475	-0.5625798755914542	0.2840920277150799	0.8801726677010129	0.112397177340623	-0.4299256354999691	0.2771017551531542	-0.31406311452203556	0.1168086819941147	-0.11916497050664299	-0.10425539822717605	0.2350342515685455	0.7409919082287936	-1.0891419676945986	0.4237761540422014	-0.9385797602444881	0.8019192666759074	0.1351532805083308	0.2656954611985945	0.0016606942817269166	0.42156868580674706	0.48380618166417466	-0.4097015099626408	0.1489037508783451	-0.13295449879694313	-0.8109645801093016	-0.5426609904488183	-0.28657471999903983	-0.7720744527653643	-0.09936436988866897	-0.8914949724902975	0.06167981220622113	0.11681072265261999	0.6510782933711379	0.6474741811509108	-0.5426666844123132	-0.14368660302200503	-1.149333310865009	-0.7175962875926162	0.36245564199037344	0.5040427945405926	-0.4310263440973902	-0.28790513918257177	0.3216478103312777	-1.0024095180265513	-0.6299828948009726	-0.518113444071563	-0.5416527664767598	0.6437559279471805	0.6387708511500213	-0.4912873520092872	-0.9282234147240936	0.8734271950782785	0.6136962543214637	-0.07721294816052995	0.040548157809975435	0.23625748343803465
DTXSID4023125	-5.064936821687621	-1.8513219683859197	-2.278022238231434	2.813260910976886	0.7140218205010714	-1.6487975160880217	5.718969024028456	-1.3260417673279328	-1.6801993505168988	-0.7179401860966517	0.2518491556684991	-1.4997277686598582	0.647937540099074	-0.038383049848042514	-1.6443893165124444	0.502769154951663	-0.9939988996689447	0.7870447585547674	2.590292346220495	-1.7777369804317324	1.9235685680317285	0.6054932568007303	0.5823574842406758	0.9542485485095322	-1.1185784017609324	0.86984083033363	-0.021605496381304184	-1.4589267274512374	-0.9106786792988569	0.30760748170005314	-0.49899315215886586	0.9897583753673422	-0.24104973697405302	0.029419040743524725	-0.43008424060257866	-0.2147332709929079	-0.6083552101881003	-0.16920226814588024	0.4580676934170516	0.4232403967733798	0.0009394550209325579	-1.0076509703447005	0.46086360925842107	0.34941028923281847	-0.6335733624931424	-0.7129805946254415	0.649150761357379	0.9880743478902447	-0.541536484148155	0.43310555870150497	-0.533738881035903	0.0797626232417212	-0.5732048781139815	-0.23348681819610853	0.24319304866030703	-0.26101483952976523	0.053099252566727755	0.09503586059752253	-0.8208225168740569	-0.15393305000572027	0.5196554087584542	-0.0717392429167298	-0.0401136364989055	0.5088674229074243	0.1775408954954058	-0.05402665959636456	0.5797110027101204	-0.695220571278332	-1.5734484047422939	-0.6909572021635688	-0.3546584871584104	-0.546477291842631	0.025475432353592942	-0.8376821716108775	0.22315049793579755	0.7012695292305199	-0.034785880205157035	-0.9926659775781452	-0.2821707975518418	-0.43678561948106703	-0.33383129606754974	-0.877839173068341	0.9546399983288566	0.7205610078582507	-0.6844666366732266	0.381586470993108	-0.012576741691599337	-0.0027825705625964346	-0.6009048631002489	-0.9795498404908081	0.09981165114668178	0.12367931789318289	0.971005726304701	0.12343124555148943	0.3736696349888669	0.05493176809376573	-0.6533628291959479	-0.4893809563974083	0.3832850310861094	-0.059730860424645774
DTXSID3027584	4.93053351915495	3.591063999687479	4.1685738142146835	0.7713267125455717	-1.4862218993103848	0.8050906363893872	4.480218527588297	0.2543860927826479	-0.0815006345079469	0.13337869809425287	1.019833558989237	-0.42525044872459433	0.15051015340744098	-2.2197900119088017	-0.4750358842992284	-1.8313224895180351	-0.15014708349273503	-0.4373244789398551	-0.47710321271164513	0.7332769816379825	-0.8637089134538458	0.12309900782594563	-0.35329470438825517	-0.588188347220654	-0.34786926678720015	1.8550422082196825	0.2735926578617301	4.952236598765428	0.2554953122424568	0.7892904190961675	-0.4679476982227231	-3.4788662092798304	-0.16765248473555358	0.0379955065321021	-1.367787841064365	1.3562456382347894	0.38960026189037383	2.107526165721639	-0.05613936575634827	-0.28428999419743234	-2.04069940316334	0.15599289906606068	-1.6182347817356881	-1.1447401731829097	0.9070077136467438	-0.872621231835765	0.1996761870842522	-1.3878072358479743	0.3474088438151033	0.169715244916889	0.574522830651771	0.3090934632931666	-0.07001752487597904	-0.42271219586273	1.590949163420377	-0.7269216283826041	2.0342210538430905	2.765117375897852	1.9471776182404519	-0.08003345806787157	-0.926266642756636	-0.26780548744206417	0.9576254215616155	0.7328440605324641	0.30373383978714363	-0.322061109961272	-0.748908416284095	0.47559934105875973	-1.059781433523775	-2.076863087809336	-0.03032189368100483	0.667336347543646	-0.04426044769320194	1.104140670771075	0.05631377237423629	-0.007370285724322923	0.4544973996674891	-0.19237056303322497	0.13822929159145617	0.7150947483168917	-0.01577114439739976	-0.2402674030376607	1.3327618386645121	0.2445312665747029	0.2985010836862768	0.18015044286574192	-0.582978272666719	-1.2140417275723403	0.28208358984728094	0.0531774421823718	-0.058364755088868105	-0.4702608147524665	-0.34538003092431424	-0.19900268201659377	1.7067149894545404	0.2851634628294702	-0.41482507130857826	-0.8747370111438972	-0.489463709142928	1.2646793130738296
DTXSID8026305	-5.031045149669026	0.4307428199253227	0.14986195764971944	1.5899071018158453	-1.1532449578259412	-0.21004154995676655	-0.12510954115266834	-1.5066653160908077	1.1485942037088814	3.018869503217073	0.26794863866456103	-0.6856312855751304	-0.5808525130103874	0.8972986893785405	-0.2974703759428006	-1.259618939034672	0.21363496467637766	-0.08992848095789363	0.12742150325513846	-0.19095454258420133	-0.6659207216735877	-0.22078075797694027	0.709778459391801	-0.331857526013691	0.6552255992757506	-0.6049627069983659	-0.6665808798855766	-1.162175864215947	-0.6214444282071272	0.45507848862046874	-0.9978986952452583	0.6337719959336492	0.9859234756973428	0.20823912244833256	0.6820772582852278	0.41480815239196733	-0.1261319764128123	0.5770325057707413	0.1267776025036272	0.26794737943460434	-0.43020504781848146	-0.3116702969438274	0.3304333396917737	-0.13117723261502184	-0.19205516769758435	0.08082233369574242	0.42855631795709503	0.03941974555419686	-0.232290448163913	-0.09291575922351347	-0.04628589017445324	-0.030719511411119504	0.27490631165700635	-0.42305419092612295	0.06284514995828326	0.3378109796746034	-0.44197424472978053	-0.43358896442755823	0.031378053590582836	-0.5515958633920384	0.7495187942591349	0.05812718928631497	-0.05173662133803429	0.02030893850340671	0.5232352572557936	-0.06659740216132091	0.24043150869271582	1.0850631054058164	0.02016958716268238	0.25674687067826657	0.22789973443786274	-0.05710904411888974	-0.5108024804191305	0.3698632882445634	0.12544535309726698	-0.353168697350237	-0.29497215376244096	-0.41348446351496315	-0.05861677587735038	0.2059268259607484	0.2922757528084594	0.7627736996744915	-0.09746421011735193	-0.3522461479398075	0.12772722908777964	-0.24662524636591904	0.04049268687639112	0.02001134787382002	0.3192588449350856	0.06262615949789323	-0.38511288691284623	0.18984301823111108	-0.08224437934263275	-0.08697006721998778	-0.1652805726771973	-0.3642137214691072	0.021228282006723796	-0.032024246485372554	0.06763957826695918	-0.1162551459850796
DTXSID4020246	-0.7885889430133212	-0.5568626742104511	-4.021610167824636	0.07480001907068401	3.8260203180670387	-0.7579627411837859	-1.957617170298065	1.7728371582212226	2.9620829234278765	3.577229183245848	-2.089184916331849	-2.8076296241746546	0.11572841762804899	-1.8653932098491677	-0.5335115217132066	-1.1951521435352428	0.7072014332034671	-0.27271909586415505	1.0688330445215497	-1.1393510194271006	-1.0905820847512684	-1.1276936883116586	0.5568153793045657	0.5338989754631634	-2.5706048370763734	-0.9822773553547358	-0.7662718388856589	-0.19153887071044726	-0.2537355932765043	0.36401257602592396	0.7427230453946264	-1.6792108129803411	-2.249281440504659	3.0473758831813593	-0.699762381831785	-1.5709938918310151	-3.1500830275100262	-0.4168956733416986	1.5211738671791208	-1.5842102269634188	0.9170004222614621	-1.820641616608467	-1.672930978274375	0.30731337238282525	-0.5397006449612376	-0.12414765132953949	0.36113279744844207	2.142752277849241	-0.15908332803028735	1.0877409542708916	0.3896539230149472	1.6832103445108355	0.4356429729301149	0.7873403707454301	1.7898656073907864	-0.6571186248298517	-0.06889683525750587	0.22928718101597223	1.8959330472544185	-0.9790138753703547	0.7476086318977618	-0.21524500887375883	0.1720775865905271	0.5210320361584594	-1.0554253847970863	0.17842696661524296	-0.2223753688484792	-0.8329259663265371	0.14376830912544986	-0.4414830847393131	-1.540600711630853	0.194553482895153	-0.2630367078236371	-0.28040720277762415	-0.6679017072135848	1.3744994419890832	-0.8635887505678868	-0.5440733856581772	-0.313951825170618	-0.6924978168560975	0.6732883380794068	1.3266405758965223	-1.5325389009169041	-0.6274342281487482	2.0576628548722753	0.47910595137595813	-0.8170459711644535	0.5473601544960727	0.3461490051773909	1.1647787611605038	1.6980725390289422	-0.433464314007877	0.06692684701573941	-0.22693618008096902	-1.477942412362017	-0.30092003374256165	-1.0657019364265965	-0.34242644834709957	-0.44467917840666416	-0.4776858595002792
DTXSID2048662	12.000840307386468	-4.545475259758715	-4.957618328803462	-3.0087548022629327	5.122705496831205	-4.969989952355705	-2.8114521241179338	2.798241979290985	-6.927730537857301	-0.40887855380083005	6.3194537812288925	-0.6154596382813375	1.0837140493420216	1.1868700815873507	9.055360250256385	1.3030204663207139	-3.9483754992264224	1.761865011557956	0.023560478191287825	1.14053663250586	-1.0428196051020875	-0.012623039201377795	-0.8146742358401955	-2.178959248136886	1.0843998949647682	1.4390255606455915	0.3512313732637728	-1.817803160915603	-0.021063690766803426	-1.676247577198825	1.5504741946601739	0.7235023378520019	-0.9481032757811193	-3.7749772032954403	1.3034194000123969	0.8105509414942053	2.760617407069848	1.9054752697141621	3.8680334935304996	-3.226186670029589	0.6897419328303388	-2.4331958683974007	-3.274401011641464	3.1293850608254266	-0.833509579810985	1.2743438677317747	1.9224493988796103	-0.8629808483473391	-1.9167541276479139	-1.201632322266737	-1.7845403302854308	-4.157274655740701	-1.6716772940170301	0.11617238489761413	5.460488545194391	3.773549533439247	-1.478230612300041	-2.1561734090176796	-0.04501874305886976	-4.292513131139905	-3.9276055977665294	-2.798153239903591	-1.6879114219619407	1.854756305810958	4.550071715973535	-1.5483980095492047	-4.297390691559552	-2.399423218506225	-0.14975401372830288	1.6720874300167365	-1.829321366523072	1.1996676014114125	-0.877161665307127	-0.6804965892876527	2.3702162661483177	0.7696700430787748	0.7062981752626053	0.4403267034371614	0.016118941043758626	0.7735484396856881	0.4219844301644653	-0.011715010945802455	0.09144008060919959	-2.2499461155920804	0.07645613647529236	-0.7422202458807854	-0.932174086161249	-0.23788167927059894	-1.4020692035145195	-0.7105768046740664	-0.521193636936051	1.8388273948421356	0.07928542029465349	-0.5194880861570006	0.7859980506877974	-3.412487258600034	0.7142423569085907	1.1424533556530003	0.8009732334216015	-1.4662263766526498
DTXSID2046096	-2.84857599408793	1.036016882616125	-0.14173559551267986	1.2109344621458011	-2.478699715136459	-0.8982981809251415	-1.8475293983135461	-1.7219533439199626	-0.6472938327762225	-0.9653128020836578	-3.275220075578408	-0.2925905535788591	3.778502892202078	1.1302406028469307	2.419834766558147	0.45104790050308186	-2.6750846030408897	0.6475519670913376	-1.1918459896683475	-0.18222480876282696	-0.016852585897906065	0.49737177912261044	0.3262571134574824	-0.33740775171467097	0.09422204048885532	0.43444975133848174	0.4537604600925741	0.44659447991588475	-0.5329781396934652	-1.1263040889640208	-0.7893393925826647	0.09670680499865303	0.4157650445832297	0.5270072554994448	-0.8186672912611003	-1.524158033473456	-2.2641991841779685	-0.0956397063565542	-0.6899258900324909	1.3493537597465164	0.4064998915704414	0.9135255198331016	0.40223010652978797	-0.7032566400932087	0.3139385729629381	0.24639795216307409	-0.04100233567802417	0.17111372992388535	0.038691741502924544	-0.14229809725339315	-0.21046676763816977	-0.6236741242304599	0.6229475444431539	0.2081548893055037	0.033810270114332366	0.2189556245726808	0.4753091326021511	1.3769089344732697	-0.8196460160599445	-0.49800756003928054	0.48918357078273045	-0.8889474323349277	-0.7893887425422795	0.5718941361791242	0.7417621506175549	-0.29739416870352237	-0.23395382041568724	-1.498189743589694	-0.22944224693335288	-0.8741746662905285	1.228283978264127	0.8264105482095793	-0.8532475821703198	-1.0594663806485758	0.05158416968644608	-0.2119871495248571	0.4452215402230216	-0.44197883041699715	-0.57923299906147	0.525607005518353	0.36904844820634686	-0.0754189693944083	-0.3327952910983013	0.28911007295206387	0.4733186974017101	0.5868525390084639	-0.1718742544037481	-0.06706641787437327	0.33212338994260526	0.01704930000557564	0.2902984540977624	-0.3664539816622449	-0.45983866024672865	0.19067853134421883	0.08293489408456896	0.2824631172033245	0.10558682955225238	-0.0852176037404493	-0.1855775340870659	0.30760947532654837
DTXSID8059970	-4.001529421078925	-3.197815100591473	-2.887397060789398	-4.321636748265349	1.889506444830527	4.01125724482134	-1.480333949089023	-1.9923586624608778	2.004922187859849	-0.5020907319026338	3.8514318007627595	-1.7177930052834844	2.3778334125907103	1.7117096961926126	1.3192996237615109	-0.05161717653541983	-0.3510646089677297	0.27481403138605	0.9791376732505255	0.008700025063302023	-0.6453927166123424	0.7330708904866351	-0.3329745541176609	-0.30596399212603603	0.5222707561418777	0.12835843006126293	-0.24983537644079507	-0.14087862143637928	-0.002851207368251631	0.15709928111191132	-0.10698218732919622	0.03970879390485482	-0.014778248888579542	0.25107403188004607	0.16883315870614843	-0.23399031173732301	0.3530999712558441	-0.23284207462096032	0.4809600090569817	0.384205994803089	-0.17471557275460833	-0.0024872068423412875	-0.7647257715630423	-0.09528962368113665	-0.06763327115514786	0.3006650961294001	0.11580884476233858	-0.18414678954061833	0.06845693783297004	0.09238603472418647	-0.007880616211118232	-0.1131509528905334	-0.12430530782898912	-0.087223336358176	0.41190141843256434	-0.14983335788410873	0.1766306696893985	-0.2880062414727703	-0.47773806338962216	0.35736930191276517	-0.3367034099506643	-0.2848872636674235	0.11452491671310144	0.1335562063232044	-0.11315536133994485	-0.10929773964092357	-0.23311104329033544	-0.2942337793687666	-0.11248279340391296	-0.21191827105186983	0.25950388246480455	0.04078688104690564	0.013825035594818428	0.10838105589371475	-0.45565591099121766	0.0948188135629626	0.15956587731563243	-0.1819091909394131	0.02507711358749155	-0.26696534944603795	0.32129400293515764	-0.09016357155597836	-0.22396809705476242	-0.08042293340790023	0.059864281122290315	0.17930407510937701	-0.12518207758778627	-0.29744518200253117	0.026275096707224676	0.036763020362790735	0.10783288644380445	-0.053927834325119904	-0.4385500022592114	0.5204625420706809	-0.10654883671549516	0.03864345175302622	-0.029737570900255167	0.10408035917900282	-0.09961431996041728	-0.13730068102868762
DTXSID5020023	-7.758100195405218	-2.855055798867165	0.48183211824021605	0.3660443462893363	0.7018990853322489	0.13625573592067905	-1.3930931629784806	-0.5965905525002388	0.027116093822319734	-1.0490012737049514	-0.37036168353374704	-0.1067346703108357	-0.2569274069993277	-0.21823597890839364	-0.8308416508860007	0.11061674552536724	0.20676757687828923	-0.560086882304325	-0.408797767748842	-0.22459898759337504	0.06184416375736811	-0.32314785489240444	1.6669541893280782	-0.09502639858145888	-0.07585585807219987	-0.3662043231421218	-0.16820254296356715	0.33069665988845837	-0.1988990742741877	-0.219587479963362	0.46101442371237517	0.8342030025643397	0.7195932050188211	-0.0732556752904838	-0.5520896950577013	-1.0406515451488507	1.8257626386318524	-1.5549378643007667	0.42139040191366184	0.07727113137417094	-1.7509341300234031	0.38993436177579927	0.4872951589016602	1.8535255684999665	2.365916645815822	-0.21277676145936764	-2.1066087977714734	1.4825379732189934	0.9882979052890974	-0.7118285129668872	-0.2455052175704011	1.0755219846517212	-1.4973473373593122	0.11273871242457682	7.159177348835899e-05	-0.24029129808074057	-1.8180826981053413	1.0850551316118957	0.12824601708609595	-0.2849455122243586	-0.49690144094216543	-0.32668972272893393	0.5527753875397728	0.14505046849022493	0.9414294043762093	0.10757314182070275	-0.9775095664392675	0.47056668223552955	-0.10330265981280742	-0.1713635327653389	-0.37835883744126325	0.6059574187531628	-0.3854371217404625	0.0913807590321932	0.07149108030564741	0.6047158936469451	-0.1679322436397479	0.18174321336638818	-0.10996057299173484	-0.38523515060809443	0.04227756437062113	0.20927946453938134	-0.14863927136141938	0.4652644094026271	0.38640604064155337	-0.29275809699875616	-0.7301890013583534	-0.21500525067321885	0.028708644132199184	0.41582258517966403	-0.24439356861755318	-0.23973108004869725	-0.332162201781775	-0.36209409370478574	-0.32262957073897497	-0.4853921295238815	-0.13313144986086412	-0.12585315093632057	0.04641634398760967	-0.05953106380230487
DTXSID9044532	11.164546887216177	12.877749877318818	-4.420758594125797	4.725131480786208	0.7934735552813023	1.763518556703313	3.1024264918245326	1.3006417483927664	-3.727331758976858	-3.135853499691554	3.1031676604663314	-1.2326274434564966	-1.1063631724564833	-5.21832394297971	-5.784273725167049	4.932581156700246	-6.3292825142267715	-0.2849779925796864	6.497139684313398	-1.7194891296408494	7.140970755995555	2.0575707584057414	-2.4243009697516236	-0.39512543345297085	-3.308933664487221	2.483298468995035	-2.027479901598543	0.7112435458556198	-1.2394280140021665	-0.933702815784445	1.9231003196672207	2.556016955291527	-0.12145559369880539	0.6967218803316566	-2.377719183815327	-0.2197179043820231	2.1427327727801186	2.1219423299607554	1.6985294446969679	1.170978165933725	-1.1539045083764006	-1.1676012429009424	-0.29787975682814716	0.9342024156799222	-0.8604582224664524	1.0242205994631397	0.08819535608729775	0.43498312876775047	1.4918333458355117	0.587792351329208	0.484936325612805	0.6774185190658171	-1.5715194976146334	0.003923668306332319	0.7575314227066059	-0.11774366064456422	0.9693950913382796	-0.09078604839958966	0.28560809268352866	-1.7533738309474054	0.7660866257480146	1.1530308218803809	1.2359360371001789	-2.432181186266513	-0.5800452832739088	-2.2197736772626593	-0.6164618260761997	0.72121003759817	1.3108712140496501	6.003798966033844	0.5904211779739947	0.8799641058610792	-0.30886012442384425	-0.6908421891677912	3.612858123173093	-1.8951119426341827	-0.09411535962505295	-0.5166459454437695	1.7845211980216815	-0.7375533228016188	2.182971936064137	1.4003530869941307	-0.5877330427579556	-2.264311927999002	-0.9729201087801993	-0.2918973013268163	1.5886517760768817	-0.8277579463924739	-0.16582510533210618	-1.0856066802114583	0.6733819189293885	-0.6879662730668947	-0.36476273788500635	-0.025527122466873785	0.16221411519368958	-0.28479495216700984	0.6550103760107631	0.09755467608047799	0.8327007347067555	-0.30360324119410853
DTXSID7041918	-1.6300397458049278	-3.926145548509605	-1.4329720111788338	-1.2926578103806725	-3.0151645371679567	-2.0158230383899243	-1.4924888791251236	0.29998076636709237	-0.9684323545556194	0.22219963217853173	-0.926350110775316	0.8570443436496417	-0.09415176493809353	1.3653599865447195	-0.06486176557699704	1.2537780151315217	-0.43968793246560256	0.7054548590674709	0.2989586429681988	-0.11273741847745905	-0.18861355136504893	-0.5887267204719121	-2.7118687993375454	0.5835288951699638	-1.032966404786572	0.3650432826741299	0.2690467643110941	0.8752355103092117	0.2513536620346318	-0.6353948284254894	0.7067416931650801	0.6972387892904149	0.02480167869547642	-0.050241688454784966	0.887882481592533	0.05354746234666629	0.6088486584227698	0.4571544744624874	0.5987485990657753	-0.34959051222800186	-0.06314638087174408	-0.1757552050360796	0.4625885406540118	-0.013276781971694794	0.1129710887665868	0.23620835648322625	-0.003762993898438684	0.1902020634687182	0.22528853404534857	0.3045524767054383	-0.07544851982722917	0.11811381818805611	-0.06530038170984369	-0.33526948740183876	0.06129781308366116	0.4160510214471828	-0.2895488733515039	-0.4260453622671152	-0.012731756065223804	0.5704419748979683	-0.4168360546719566	-0.034669866359038556	0.520067936600023	0.4267614082638208	-0.6136477787073952	-0.6357993863987902	1.0235911581526498	-0.023097204108618864	-0.1377893336476406	0.7114402488483677	-0.07587853273685231	-0.004813048355321642	-1.00480556444367	0.2065640357060694	0.40336754921788354	0.9112763696542525	-0.5658726031177157	1.1799888622062678	-0.7146385187087109	0.7350458465954364	0.4666419623001729	0.8468215179614483	-0.2961882707345566	0.929374450012862	0.27960370182986016	-0.01847231225054727	-0.755712122413467	0.44828408804992004	-0.4073987989819811	-0.2584183618041603	-0.21914098057845285	-0.17955461352603405	0.15029027468109854	0.5457217515567309	-0.8704124816469505	-0.30969826190786515	0.4557667377569503	0.8584683405693722	-0.26122654355341285	-0.6915359821732526
DTXSID6052538	-3.672966138130446	-2.2384198179985697	1.5451970286716634	-2.0923039741510916	-1.4837908375891251	0.168309163154935	-0.12064730794930946	0.4805617021063487	0.15408475048779272	0.6012041684561891	-0.6110755673206354	-0.1833180374713466	-0.33945952936965973	-0.19815624435451007	0.8430727535153425	0.45784519586543143	-0.28039277818838493	1.290489127401671	-0.5028586811210278	-0.6741848850570105	0.5705240652351207	-0.5143386529254893	-0.8827859553990312	-1.1222445977644973	1.3944391868595079	-0.6782588227158549	-0.862322954496051	-1.2227632778787143	0.007328184616046937	-0.17644928429518608	0.3566866624072947	-0.4835667340840136	-0.17283782936112957	0.2624848187379442	-0.8316212775365779	0.07965735489754264	0.08223676751658508	0.1432387659709233	0.13123742194022298	-0.001717006926721214	-0.35401237503343475	-0.5773845411427672	-0.27901205735280216	-0.7826055417311364	0.404867400699665	0.17485854468235817	-0.4475399054700821	0.49342655506601	0.029583031788536017	0.10695439967256874	-0.17815313926496487	-0.15992455102191797	-0.13910786522967813	-0.18843028250857674	0.2814920576005172	-0.4799478027212971	0.38156809213850884	-0.4898403835037577	0.7650393977171894	0.7313632966642394	0.6483939093398445	0.008201271060397667	0.40058802471352284	0.5198506336614306	-0.03579154181530233	0.17848894621455288	-0.1384660329008178	-0.47639671288470314	0.39882239459078633	0.009481441982763735	0.33668006683490437	0.3582431867869955	0.1304981729959349	-0.23978531054873764	0.05493611307782806	0.24173640862707868	0.04035302368359306	-0.350175350860483	0.7931778398517118	-0.3616615135498178	-0.40251345095543045	0.20531642183043186	1.0780415805503043	0.2829057629416798	-0.5046548949544221	-0.34445274174586615	0.5231076694082781	-0.21276376145017273	-0.4565912714621851	-0.09007388232274798	-0.06005271879923274	-0.5386172884528164	-0.22529881704368548	0.068016922507464	0.1936378952669759	-0.185251033787652	0.2524182583075111	0.07309977716361625	-0.007571248723542025	0.19445688108224246
DTXSID8049387	2.196448819596806	-3.1149211880728123	0.21457205933304588	-4.924551724001774	-0.9876783208532578	1.179491664957578	2.6986242240105733	-1.0322122860751621	3.8216457299243185	-0.7405559951635702	-0.5703281668192268	0.4116719382207813	-0.21211193340500734	0.2929591783767711	4.428896064996885	-1.079532421190319	-2.3653741965542405	-0.8513567744165996	-0.682625654965602	6.238713736966278	5.357066490699321	-1.4490459701088303	1.0026023202694074	2.431999388764602	-2.3726244854690464	-0.46673202598614216	-2.15704758655914	0.5766623079858211	-2.131054131806316	-0.2013891041905863	0.08990336790456804	0.23731251007338408	-0.6655049397471129	0.8829163858475594	0.3140715806869244	0.18667817992301444	2.2470661056759687	-0.33788348612804747	-1.0039779608822597	-1.33539220749941	-0.645951333723293	-0.44849970657403504	0.15892362551905115	-0.4470909386637944	0.3550117059023486	-0.5911466890439174	0.6842749152525149	-0.8369682611171658	0.12549605038440975	-0.24325315253481716	0.09327172794884149	0.3430493254452971	-0.25742304793850435	-0.6327800882983597	-0.3717409756974536	-0.5343687832996873	-0.391741266537856	-0.7401655970274627	0.043237605590935604	0.6203606206868761	0.13404056196129793	0.5441055042344428	0.5289281186745005	0.15762446396548796	-0.8236955481587926	0.22734893403916637	0.5587150513789172	0.2358544437092563	0.03693561637357903	-0.26921470802113917	-0.16828079244462815	-0.7071319732487106	0.9442292180764993	0.0398779021075586	-0.5712932579203702	0.07503031389319814	-0.5883674999084585	-0.2013923637451763	-0.006858817036025096	0.261849359645953	0.6704419473390977	0.2120950695863665	-0.31905010943210216	0.05321289892992076	0.7607312276912269	-0.5848068933752844	-0.08181697252303788	-0.1950661989463931	0.8306571835477825	0.5805420214244839	-0.03438182073620229	-1.6869712876580136	0.3507684029496127	0.6944315158131622	0.37984371946362194	0.5650087815834035	-0.3723030226716973	-0.17031622998050738	-0.7411446146476487	0.019392207184542147
DTXSID9026922	-0.29546193941922705	-4.578817728834672	-1.7709167801528183	-3.030842293277171	-3.1932555859535925	-2.738863155487172	-1.5813465280582075	1.359480572953299	-0.8416106229364649	0.2233914362849862	-0.5537559076579267	1.0419098161247633	-0.882338724610518	2.537652433043947	0.06642994972756394	1.2307043829030353	-1.3006490805766664	1.1353360671032027	0.3881846739450661	-0.2229710577254607	0.6028582748953043	-0.2233050491208546	-3.5568684960529526	0.14726821231420845	-1.035909802087143	0.8260279726062318	0.0573613461344549	1.1425361495823991	0.4195720883246886	-1.206967829139312	0.9314223722257943	1.513359865807629	-0.8730975098217589	0.15676764240740426	0.3408938769318511	1.2124745798082512	-0.03507766413289503	1.24102812102266	0.5494548717411984	0.020717184113592555	-0.6998951237932913	-0.556924019741714	0.7635868881260446	0.5941333634803869	-0.09643063130986029	0.22711283483550176	0.047824053566919184	-0.2175471672635991	0.29503665018064357	0.4732517612536571	-0.07380157747022698	0.15724539700828138	0.034544321824879945	-0.47768042935160593	-0.08751829648129862	0.24934000143554766	-0.8688619293720357	-0.4475046437202257	-0.032682893766904496	0.38602225595424944	-0.2641955761716035	0.18388306800976145	1.108583570766592	0.7984250885095042	-0.7926934947080572	-1.3621642167698573	1.4512257215303601	-0.44653017144800283	0.537885699259008	0.6163878665624167	-0.7751961491437354	0.22071326453729187	-1.333128723664984	0.2569258908577787	1.43235753159115	1.3289987491019397	0.11738215557628133	1.7600420980922313	-1.2220853654858574	0.6919448859465976	0.3230193631886479	0.6602787438002471	-0.6511829837729816	1.7165970048660766	0.7539354819317865	0.3314423012600922	-0.7926313274416301	0.47689289640798843	0.36614492296846723	-0.5155719910461348	-0.5475514452371736	-0.10036512603262245	-0.3417481004111495	-0.20497947450765372	-0.22602816930735603	0.0828394788328086	-0.22600184941146748	-0.07386731736833628	0.39714974880696596	-0.2150410271821801
DTXSID9047253	8.027130902600481	2.183927080943342	2.962524871150403	2.0657882071845974	1.3015927410616177	-0.598155299941711	3.4258359832962255	-1.7132135909739157	-2.1632603589056916	0.01478297706697331	3.2510180857641644	0.7493889304592887	3.277965404451525	0.07506225505965909	2.7769457000000197	1.1795045306378023	3.5781834079380324	-1.756602541297088	1.6965918700147093	1.8051272400014893	-1.4086434472558484	-0.9765199925513877	-2.2651291587591613	-0.47956191674719945	-0.19234597608932483	1.2920833339206754	-1.9421809744923921	-0.13005877072803543	-1.0052314151385302	0.22357821499624816	1.0213720204954608	0.8126873483789976	-0.11151987605124618	-0.12277007429825988	0.4105649427753987	-0.6226044939184666	-0.3194027201123159	2.002596570040146	0.7382251503436237	0.7937098745537146	-0.013661776368997309	0.6643645845830327	-1.9524856398267334	0.12357466587467231	0.2411371140558303	-0.8254214984287985	-0.317846726976095	-0.8157719312933707	0.4523113103612329	-0.565198750399318	0.24523001346964168	-0.004334509115602298	-0.8603895560607289	-0.16371414773158108	-0.7467775676637681	-0.05446047766324099	0.18235601874221644	0.07841981671245843	0.7147698972085863	0.1752277255657468	0.33546525423876994	-0.5843452843382164	-1.0714683304548134	-0.4518401923330499	0.10169212401999252	-1.7848368703059336	-0.5925067599219618	0.37972853539541596	0.5794593024333329	0.3034410202862375	-0.9258613866849006	-0.6871054061175096	-1.8306523840912552	-0.5012156329056097	-0.5126184941383307	0.33594095516266187	1.2471115557986696	1.5991065829120223	0.2343642216720728	-0.2992250911130834	-0.7104702454601415	-0.04927868068330601	-1.1527392467448239	0.7909402071099245	1.1285789224853995	0.17590042721141474	-0.49530560403699214	1.0360843871441998	1.2051241837770266	0.39333436039222275	1.2196494274762402	0.6126756315107329	-0.3892968082822537	-0.33939825379639516	1.0509027608680568	-0.199525720350123	-0.04154185830384791	-0.9258647639615011	-1.5136076580105116	1.310843781151763
DTXSID6048919	7.298076948799006	5.426500772224629	-1.3447211567960644	1.2707662909694968	0.6940303619503129	-3.168757428493991	3.82857697886711	-1.6071285207680033	-1.1390577988067605	-1.4663807763033718	0.27403456579267815	7.341661775141398	-1.2217238071362195	0.22059045422651757	2.787083615737223	0.18991610048927016	-2.2592035925821565	1.4171747705494668	-0.050079307845496114	-1.690776291807802	-1.8752310597407993	-0.5052912131408478	-0.6968796965215628	0.05077414518300238	-0.5056313397841192	0.46965502006155085	0.31970272016523155	-0.8154164803201185	-0.03666381304594771	-1.1791434879380118	-2.1372045625379177	0.8968829566042893	-0.2563290326439005	0.731777180288178	-0.14843619241489472	-1.9202738038763612	0.1723835816110328	0.894576444539812	0.0783536547794322	0.3839716652791493	-0.8929385400070239	-0.13395036540485195	0.5669964044389095	-1.4263431647206006	-0.023737161033430418	0.5532514555280685	-0.35882613929572893	1.1076439972034156	0.2354788081591178	0.4327026869928927	-0.4977329366653977	0.35763472375596245	-0.266175796535979	0.01933938636629535	0.35979505105913384	0.33984384533243134	-0.363402258065156	1.492865360734575	-0.4239167711049906	0.6429300634204436	0.031288811181722546	-0.38165225153839333	-0.4336006569292667	0.19290424743014362	0.17541512791031325	0.28749724513863256	0.5004079664274742	-3.5498644437261646	-1.3377308140117017	0.5430429746033513	2.3957203031462244	-1.0845226202870393	-1.0389071502109333	-1.774855602620889	1.1616981841191163	0.07894394520447186	0.05436537311328202	-0.9473420322697826	-0.5204265542141094	-1.4710899608602908	-0.7322510110671411	-1.038874272813555	0.46566275422007813	1.306525672226996	0.398253528631379	1.1835469070435252	1.2819631249471655	-0.2044660418580324	-0.16002908236884156	1.1607219575302745	-0.3717168170710493	0.269994722376734	0.8380433884741502	0.14277245110824394	-0.25443315119828963	-0.45452437372923016	-0.18170823613997297	-0.9216485770208479	0.7954279063175382	0.3873674409605301
DTXSID4023670	2.4354513796618256	2.3942064137627477	-1.9041950301095982	0.026085452282435688	0.9539884929253156	1.9946883361175591	-0.980430070724735	3.51633531077946	-3.9399296891565574	-2.464278159318278	2.354667669102699	-0.8514794747160452	1.5277667122342824	0.19998808215994607	-0.2720794865565905	-2.1708139298091234	0.5828927524315843	-0.291636616608044	-1.377987240828396	0.7933212606832265	0.010499271262404979	-1.121348425949382	0.887631923424048	0.4547750737288023	-0.2922137692329905	1.544535607876942	1.4055882243595217	1.197703994075201	-0.3252070154486642	-0.0627432180312339	-0.6603533475979787	-1.2826567132828615	2.4704994419276547	3.971871941669418	1.1555918337790376	1.7760454835307657	1.0191881812882873	0.941054792081998	-0.06109889478071257	0.5255851506538718	4.110219728739353	-1.143441832424694	-2.282818767440199	3.040985464193879	-0.4805379481060009	0.6629549711308201	-1.571603677569827	1.0822261054955742	-1.5020074684960443	-2.34797090191238	-0.06631964769770904	-0.06829266372200063	-1.6294799111439897	2.802891018707054	-1.078641476209774	0.00531286135868385	0.07405737062668659	-3.1355348942783734	-1.0127331548673923	4.195412865100473	2.074609396279196	-1.4931049919482446	0.890765878733131	-0.20405506007830213	2.298316119507564	-0.2166355669066603	0.33188647982846137	-1.1215016216063882	-0.34999206749803197	0.0612177720954611	1.279207161690122	0.031236662323668014	0.4349332533737955	1.0061366244214307	-0.8227317462565581	-0.16784333821431804	0.44468444144238006	0.3037387786983141	0.21446553466865853	1.0233026175561055	0.8042189249728982	0.9009616371360674	0.6210894882453838	0.5599233441948679	-0.12973964891396805	0.5597143647183804	-0.14072999794815386	-0.3057308402336199	0.6464823022012907	-0.6348085102858929	-0.313091123930018	-0.8425970273658648	0.4817262492503412	0.7664304142645033	0.36534562993073677	0.2664051771888881	-0.28293128633379755	-0.13177312142399097	0.6769693480682963	-0.14088432485058805
DTXSID1040320	3.0101530738516504	3.4965757377546267	-2.3251764205923635	-0.006554007940061744	0.7668203309241745	1.209763570415253	-2.2621486735925127	1.0359400860466783	-2.238205498546463	-2.1352387093601135	-0.9288797081920134	5.634950695574172	-0.20859674102828893	1.2608093147320913	-0.28138056222861757	-1.2457798373052	-0.22597057540522605	-0.603981728395286	1.522977221520179	-0.6055181001797703	0.3094116816013165	-0.508325231578476	-0.7217347502623482	1.4442916414460687	-0.8283785020035876	-1.3140484630753566	0.7363892491531417	-0.4830886237610311	0.15649575943481647	0.5326553280654621	-0.02433222049570947	-0.733031428772126	1.5278151019805826	0.023825223878893263	0.3710845751828579	-0.5769712472759794	0.46812775271507195	-1.0309470438387711	0.7499655195155005	-0.7408800730595038	-0.3043091920237831	0.41376930165203046	-0.041653730510571065	-0.11748632854036058	-0.6094660156958221	-0.07861951018991864	-0.4347451501853338	-0.08019194103428966	-0.49052322862823433	-0.30340371175425496	-0.03670170681487588	-0.009373581528631781	-0.28767488510331607	0.05349476325786643	0.5021795047517825	-0.16881539042770347	0.5667510936742841	-0.24810446016380686	0.3496417508638496	0.383710490648733	-0.2828823131395669	0.3524333680306802	-0.4717610940432499	-1.3356144294275136	0.017883023998775543	0.5039885337175026	0.30887036129004375	0.11344213095077765	0.09308166681499276	-0.5893367704763922	0.9219904867222153	-0.40487164592236025	-0.061922449917363745	0.13780295727933503	-1.3385093828859125	-0.24813467827640462	-0.24489883002374943	-0.34557410658521387	0.2799365421214072	0.4263832689705175	-0.29124293341995855	1.1006634079246262	0.5187360417464872	-0.45820790477749057	0.08555128246919004	-0.7121594433626022	-0.6759077041430461	0.4467937478595312	-2.027213941173866	-1.0594154044825785	0.4795376121139172	-0.13502726668731121	0.08968407657862078	-0.625414807766959	-0.03253440218988108	0.24591794756684632	-0.6032405330855837	-0.18864251713254176	0.18439701573923872	0.4564683106919547
DTXSID1045742	7.907102624500739	3.523898473485069	0.9004615739460123	1.2865826955141682	3.26647372839649	-1.8793449546029126	1.7893501759157735	1.698029519764137	-1.5985350696572354	0.2266424115347712	2.675070006348172	-0.9654077897246972	1.8658626155223754	-0.04618627369960475	0.9748003666262808	-1.9403153166141092	0.716653071927787	0.13231239030726905	-0.30635576743831383	-0.4995235059084987	-0.9479267746892875	-0.46572858329784145	1.3699808344761575	-0.6020026134840752	0.15107940216305873	2.696821824804355	-0.22522749719037383	2.8788451241817326	-0.17537105826589763	0.5737245568024123	-0.8468536540750967	-2.156920698749093	-0.06558183136476446	0.534306054708954	-0.4062485987723957	1.3379339640563097	1.927210332473038	2.3518266248689694	-0.2397029130210057	0.4245385087311463	-1.8963530236062678	0.5467057714499077	-2.2162596353274022	-0.3317052496333696	0.3898394965770125	-0.4906444870075437	0.14323825024787548	-1.5571625089731698	0.27204377865400586	0.7155224194930976	0.7059910437162853	0.2929928944958765	-0.1305678013804063	-0.3901619940135657	1.7355261056466782	-0.9095406441121255	2.243185297681624	2.1603488393418493	1.1117654553359722	0.1507745954859662	-0.8309647791532149	0.07352456548649311	0.9880257831781488	1.3816667547213903	-0.3168472258401803	-1.27202029693362	-1.2209043142772804	0.5167496541935913	-0.5927388307883995	-0.4643325559907934	-0.0784674572883317	0.4954445266459642	-0.3320837479495795	3.0081265132986874	1.4190823398627266	0.5328998378986084	-0.44202583368304943	-0.27913710012018106	-0.710636482709093	-0.6279300793648486	0.8424973734780206	-0.9501793049305708	1.287102402181456	0.11369821972004968	0.4658001358588878	0.20741271894952454	-0.18241343572664573	-0.9379850643764207	-2.3294706572643005	0.5692877610101218	0.4052476942557448	-0.2615795832800269	-0.23719788385764268	-0.22851189249078163	0.5962313379949107	0.22519339215440315	0.3683984100826633	-0.06824797919445702	-0.4448648791521028	0.41144483214766925
DTXSID1049017	-1.0938678798337063	0.16899289970600434	-0.517566843103114	1.8791076088249548	-2.0337840567289707	0.5707971736746867	-0.2772566620794527	0.08182142886959574	-0.6490045681895317	0.5075097919668292	-1.749714866406222	-0.935727223671812	-0.1695530954129386	1.7323170502688254	0.5104081439516964	-1.1084407180822236	0.8835790093695275	-0.023375011865351143	1.0006826058564662	0.0910535064830835	-0.43521102221071656	-0.07587802958182178	0.4354440533889567	0.946553510768927	0.260945649955605	0.7898623601173925	1.6703961743455513	-0.6208178135220421	-0.08268912803143612	0.1853240003105358	-0.7022095793289233	-1.1657558052771022	0.502103033659283	0.7597480236754355	0.8826802574955107	-0.9349584988701284	1.1136997227982375	-0.28993413933035983	0.06396665330180931	-0.4022465844042496	1.0109053430378419	0.19861139506577408	0.24570947199697488	-0.2508158140203901	-0.39637574515201834	0.16877510442039595	-0.15133443355721893	-0.27868360373522594	-0.07452163238441954	-0.18807278579361672	0.32903054222901335	-0.06438239337278943	0.591440821644144	0.06853281347238846	0.061145920631726934	0.04923291898200666	0.5434384851292463	0.11759887771387825	0.7715269914153821	0.27023878185042455	-0.5496423139210053	0.7854911969958658	-0.46130884842922787	-0.8552477816123507	0.08199829581749915	1.212885963173084	-0.48710968860521475	0.21649366673969828	-0.9134079031079325	0.5712315275734354	1.2483926024873524	-1.080063293908062	0.19590254788668318	-0.26175243885857524	0.0031537599832352	1.0909070596623909	-0.6716711672971035	1.119625422682121	0.30847047746375394	-0.23350842488375498	0.9540585724831818	-0.33580453919279996	0.3319015752844173	0.8306682307798222	-1.3746127189191375	0.18638657801088163	1.0913601597098654	0.6566389922898874	0.7142510537244523	-1.1341045520103525	0.3636324866922813	-0.8126950234491195	-0.49901542284938893	-0.670557947270473	0.40425010924681537	0.8036154561828415	-1.3444842289121581	0.029043758319370422	0.5676983862324405	-0.47604017881849814
DTXSID8023971	-4.208269581350483	3.2619516510718767	0.6451708203805325	1.0161530433552703	-2.0583318501386714	1.6369681982196582	-1.2642768326035714	0.28538860577841085	1.1326712701173576	-0.6765248342819489	1.1293712708565478	-0.38849793098067625	-0.5379418621956096	-1.4346790407213452	-0.6296269076181372	0.39359216201020775	-0.007958838787645606	-0.23259328477209607	-0.23742927871767538	-0.33399697863232897	0.36188456858315543	-0.22904186176981506	-0.18320239644498032	0.08747761822559884	-0.42623192385245	0.12202370731459998	-0.21143683436045266	0.2414959288022389	0.012270053546934482	-0.3034459339135526	0.10822382953354039	0.2340130448403554	-0.4944176685734009	-0.37610366428579334	-0.1423880639303517	-0.5253064556146922	0.07003455016634291	0.41284033639700873	0.5922050862026902	0.19325288529419216	-0.6168524736561923	0.42630716843013533	-0.17939411035432146	0.26466875144507657	-0.14603176692547337	0.31960542110883167	-0.0287079528442949	-0.4434652026654996	0.06101968752432393	0.1692260557484064	0.233632076496697	0.19390564412254935	-0.011386879196650207	0.045035340931381916	-0.05249449155020342	-0.5600510697803287	0.2881563436250932	-0.2557297580473558	0.13557942318081967	0.0074728971737842795	0.5644863667254946	0.25688288385098734	-0.2780724472492305	-0.08573418077008131	0.17535744782780813	0.24099492257650326	0.23377324403170152	-0.4510694947376482	0.45680554927390216	0.44213912082416196	0.4474780855043433	-0.1279641448719073	0.19509193253396906	0.28774721607695497	0.053460950510812635	-0.21085208089175822	0.1627763849236295	-0.018930726217287794	0.10348839513510276	-0.08804873613000119	0.2431828218680182	0.24701477698389573	0.10473498702244662	-0.36957059849442014	-0.18658825027687453	-0.01911990185487911	-0.017316533450622108	-0.4654902194909668	-0.1707189054959923	0.24335923703062642	-0.009510264646812332	-0.3758761035940736	-0.39824814997757957	-0.25585897468105956	0.07730047779439046	-0.13707237722481852	0.036192900413693586	-0.08451695913980027	0.28514020889331143	-0.023287730005679894
DTXSID5047405	-0.10941415443412858	-1.346883734185583	4.328213194279235	-1.5011640882006765	0.6401913123989939	-1.869236916691479	0.028297121016987108	-0.10989976537202702	-0.316013197184442	-0.2627820219917108	-0.6433986364244084	0.4087013072392744	-0.0019454028285933076	1.2226399549914024	-0.13703947040981124	-0.3483998716125523	0.6463065848131686	-0.11680833462318628	0.7759592866109319	-1.2394273564954705	-0.05895287497735204	-0.25177774717768275	1.447254135361496	-0.1144585231599529	0.4199527571515016	-0.09374096122658236	-0.41735526597383016	-0.4093626448390932	0.10526419916268918	-0.5522857409151829	-0.169674055544687	0.6361448544959872	0.41404638840374036	-0.11451784051654619	-0.8185042279880397	-0.2445726790845816	0.652038646146341	-0.08965643221542141	-0.7183871431751115	-0.6893010440317024	0.319940458262749	-0.13635693605804255	-0.14351783150772288	-0.05429557502401729	-0.04863043555340981	-0.24868466085758562	-0.3254750030588153	-0.1368978798525566	0.0709486627687148	0.08468784932651417	-0.029763810048702533	-0.3654137527750912	0.20036109139401964	-0.1331619087020019	0.025910542261123336	0.17957231040611576	0.17000945966344028	-0.0038840215532729367	0.19988799572313193	0.4949230770393071	-0.3676192707912687	0.46790979585963094	0.329871569064063	-0.04981671075525097	-0.7278568453868755	-0.676391912538122	0.5071167767226179	-0.662235007135591	0.24509652778266344	0.5891703528440884	-0.051689526754657066	-0.07981179704416087	0.31546397560054873	0.030930447743360467	-0.06202853258656151	0.049736326499827545	-0.567596489844996	0.24018290407085444	-0.25540291003846033	0.3443916473843258	-0.19421391149694828	-0.13462161097868597	-0.07990803781127348	0.0013846140789992736	-0.3031421289652944	0.07068351536820164	-0.06703029210314906	-0.03064864976218744	-0.07776210023778066	0.26776585606681885	0.49412827288089706	0.4444265168137479	-0.3821408820365379	-0.3519231909614279	-0.19456826195542992	-0.13207051733471464	-0.007233057886162887	-0.35245942167156297	-0.0865688125751645	0.20918349510206025
DTXSID3047263	3.246580876451017	2.5212216299722447	-2.7330836001941585	3.8453630037702955	1.538860678400202	-1.2094418774265812	1.788450975837163	-1.7104991843091963	-0.8452713449401656	-2.008443261392283	-4.574554753847543	-0.006566838211855602	4.613823955923208	1.1104501027691744	2.079429127203874	-0.35478251748758177	-0.4393567146392151	-0.10673165238783759	-2.218653521159389	-0.5206126379788418	-0.1968748966476442	3.724915623539554	0.3860362372189027	0.046813099616191685	0.9384960695447273	-0.3682386080528215	-1.0556541761497662	-0.6637691407292957	0.43326444879702136	-0.570449230480833	0.2803743688316362	0.01870393392934575	0.657929030865904	0.9652548000600748	0.5546652842490795	1.0718429260150912	-0.8004681769623956	0.8389562018073428	-0.7313405519577493	-0.35344269785698246	-0.5457246794287935	-0.4671879655612126	-0.4987991875077792	-0.6812241864275691	-0.011967137092970589	0.31118934356339045	0.3957834927790281	-0.40330864331347877	-0.0016452713693777996	-0.05723216038180264	-0.32954905304697363	-0.07264793035598138	-0.20706430936401019	-0.27918697922752883	0.3589287128825614	0.257165080355215	-0.9865382682149091	0.16146744058046836	-0.6018966450616867	-0.14083350260203373	0.012164849812494148	0.05707430329758715	0.03426796935054866	0.4952992962394076	-0.10958903185391712	-1.2616538333683616	-0.08870537791076431	0.4066262841930613	0.6475603801232086	-0.5186104087203891	0.01979360725656067	-0.6451157970719669	-0.5364059494897734	0.2718076426054622	0.6892622161836843	0.07338613432100505	0.711513742278762	1.6501430649075495	0.28933824630109933	0.3846195158134664	-0.8047684037500595	0.3904508147775541	-1.6124388292667013	-0.48032389992616975	0.21158837297352373	-0.06662326962507992	0.6207493193224691	0.902944790425031	1.4406151858674392	0.1458180746567534	0.20206567772168493	0.8605066522465233	0.6459613021623698	-0.35394792461003743	0.48490977812084	-1.0081734692150939	-1.2390652177192505	2.7838544992442085	1.2015249737096925	1.613919270128831
DTXSID5057620	19.315670031249834	4.777045350265687	-4.769054141426334	-0.4236371109790456	2.2016753095430572	-4.859459573647398	-2.246246947934217	-0.07167397034336982	-4.035468560500295	-2.105213099340071	-1.5578286314632845	-0.42295923609226366	-2.7505969405197668	4.474595772594589	-4.406547394608869	-1.2454527275956597	-0.6297872253878399	-2.432933869004381	1.7342504530599523	0.7928751091337374	-0.5619374853457814	0.24263471717340163	-0.2828846127887818	-0.4886067657242095	-0.9006701892716485	-0.9651076173803024	-1.2457596038716126	0.10541726835845963	-0.38145032287759506	-0.7228838560916979	-0.6100561325580882	-0.36208710907019737	0.9948424405131904	1.616563931968778	0.3914131484202951	-2.2069213417833558	2.3897373710024317	-0.09055064089041602	0.8260723335810964	-1.0576516795448885	0.6303126567833373	0.1780309652617909	0.6174263514292402	0.4972706960389196	-0.6977057646139977	0.7868879255975154	-0.9529558962029501	0.6327855611018796	0.33988579786837064	0.4896858743173694	0.3767916079342929	0.12830474145697612	0.1904832753045657	0.1623677637683125	-0.26353970484886413	1.5111143486522431	0.7555209103351734	0.21908744719072643	0.49312162300693685	0.058633420999247045	-1.0459869529395844	2.0706835092314626	0.258110979882111	-1.1404996430622723	-0.4640644964387371	-1.0677920345043797	-0.5302752148500631	-0.8375911124599644	-0.9846830799027706	1.217749443768245	2.23092149203425	0.24025565642179889	-0.5087296155705925	0.4502564643520523	-2.465098232055149	-0.38634907651825795	-2.528386722650618	0.411372737887108	1.5019093873572043	-0.7266863159866292	0.9243898217031156	1.424694894758582	1.750686680746626	-0.24105466405843423	-1.6059197746965412	-1.1661005822367463	-0.10075843511284766	-1.8335877762464203	0.38445428880814014	-0.9063779688067951	-0.34215177945997766	-0.4133681094402033	0.2719541573328083	0.20047663255477902	1.024142925824134	0.7098208810575982	0.46171413111515247	-0.17463876959507021	2.373343091267173	-0.812223400823818
DTXSID8024658	-5.423014131940488	0.9923620730075405	0.8751066403811696	-0.0820648528728652	-1.5391481416763868	1.2289558940232597	-0.7818082377217997	0.1562105168860635	1.1242907115940464	-0.48610558801916065	0.7249713949658518	-0.39848711751399024	-0.4154153654849997	-1.0354420826218391	-0.31304277206193115	0.29904246878997115	0.15263961324139613	-0.15679947167365452	-0.35218901968753275	-0.39658236842711275	0.022157414565530602	-0.1342733220825706	0.46698505019563996	-0.009996460688383847	-0.08874067450141358	0.010712929553416102	0.2467921636297598	0.07606808698058326	-0.10506584754039319	-0.008007438062090526	-0.15312528207964798	0.11018688913694692	-0.03460744892301551	-0.1913418072682261	0.05186076930721956	-0.4261336277856838	-0.21351024395979418	-0.11107667209601685	0.1686100974059394	0.18224605141181172	-0.07641778390106879	0.3579168897356028	-0.06558814262267416	0.26344414364653684	-0.40935747999878336	-0.07334419040934312	0.01849369767496325	-0.26537982517539216	-0.061066667397964576	0.13904682008923924	0.1211749146436397	0.0722177520418806	0.17599231969497925	0.0026227503361905473	0.04146994577171481	-0.23412559932575405	0.3227149663612586	0.0356995395868336	-0.2133068059139044	-0.14090350271304755	0.10509014086489898	0.08759116935057609	-0.24191222317736305	0.12255404434798894	0.20531229028288056	0.180033070278352	0.2574150437549186	-0.004433905317195791	-0.00963064529766344	-0.08402196862797151	-0.11655967446507395	-0.06038892121638527	0.20645674662434604	0.12629977016386254	-0.6008419682211278	0.17109106918223746	0.06649406131528057	0.23136232534864512	-0.40092320872377374	0.25203269181157906	0.24123486750658946	-0.8647844804200979	-0.074032743186472	-0.24357573094157153	0.12561058144933693	0.22372864757455108	-0.4036871028875321	0.2812730264477616	0.12260385292752446	-0.044360334574204976	-0.28892458017325207	0.16510811815614032	0.3729971048553821	-0.21661835560725556	0.020221762276396212	-0.12513103123125952	0.17329030115181737	0.372618606145257	-0.17801757692223863	-0.1913121880942127
DTXSID5021386	-3.8022254809411216	1.4216405643593124	-1.1548522744540348	-0.5986572863536059	-3.1834854431701003	3.816766534087317	-2.356474976320937	1.3257241778849425	-2.760391740461006	-0.6342421526232168	-3.392902727161892	0.1127388258895405	4.679756149262541	-0.9342517713895588	-0.6736515328560003	-1.1494840584992168	-1.686333759257825	-0.7195166201284547	-0.7479389864815353	0.7750587790922292	1.0795092278173828	0.5979294288616246	-0.05880376608347333	-0.1111955404127728	0.13966714078811068	-0.4082881436357395	0.15303739207993736	-0.8766936082332145	-0.08960438173614944	-0.42097271699153715	-0.04512295035150291	0.3359528904998876	-0.17958391592495523	-0.23572305029560292	-0.3106480105467831	-0.27427397476088883	-1.339120126546401	0.3440980168707229	0.30722180992743975	-0.03908033921681864	-0.7392747943462391	0.1899127267149342	0.03534344896796002	-0.25362738110257393	0.47133068596725314	-0.07229592827640505	-0.19963986901006905	-0.3043755084786791	-0.19059543549535354	0.32459517025945867	0.07828716893355123	-0.11863908945778956	0.2041113073535756	0.06792520850929809	-0.09653803848826856	-0.027685494992201715	0.5358471654015308	-0.3819654972740634	0.18411543914579692	0.3416290522629388	0.5144093713545623	-0.21436248528567284	-0.08527789879756778	0.34459923349454835	0.42191333347753446	-0.07680911661769786	0.1923367952897051	-0.170213247830946	1.2953604877106493	-0.08535314276867315	0.018491383750201106	0.13457835553345984	0.5155117686529128	0.16699335816692473	-0.15657992802401105	0.24609744889053561	1.2718202731599801	0.09880395396437455	-0.20292233445436245	0.8677601999127761	0.5548599226608265	0.15541672985924943	0.5278134772270632	0.3496716817724718	-0.331260651851019	0.37596252115907364	0.021240948420698357	-0.3948332224231775	0.18232226188436054	-0.2391700380530874	0.00900689784825325	-0.15802045867684983	-0.01548345541254089	-0.022049873324322965	-0.15187566422586019	-0.32177530866349313	-0.4302883760986041	-0.29224678075926125	-0.14851399380915387	-0.20374082876473437
DTXSID9021188	1.9536794974789333	0.6841972200452311	-0.6374825208059156	-2.077645910975215	1.4612727129255327	-0.8572847901252766	-0.10925630909211505	-0.8376670263853447	-0.569468722239955	-0.4139997620153524	1.9846359139984835	-1.2854104660212304	0.6478173098553783	-0.08942154573512064	1.8915803089349308	-2.2180606297795786	2.4166211305829512	1.494941802671494	-2.107360371899536	-0.01347566796180682	2.230544665892607	-0.45465388434006415	-2.238689098064874	0.5492723092033873	1.1230519621597488	0.9152240901994014	0.28446550573321	0.2792846059864913	-0.13126777878679557	-0.5176385088204756	-0.7564848407316783	-0.15971851484955432	-0.9458501032921783	-1.6392350346223148	-0.549315849844714	0.8454895862190852	-0.4970622435806139	-0.13659807824602171	-0.7331890492339415	0.0804265931697814	1.6398220711450344	0.9421609564228588	1.1018917046982015	-0.2903231810786338	-0.38845718229518406	-0.15259135890373113	-1.697795143507042	1.2307138900099674	-0.14483162211485984	-0.40867100964616865	0.23079272276370705	0.3244308547958092	0.44351539477171614	0.8253789081055732	-0.3730531196312246	-0.5731445956433262	0.005928104323037689	1.0615551075083218	1.2697365854784086	-0.7315011472944747	0.3051078404595651	1.185712424515806	-0.733034424852092	0.14850399014559984	0.15023554266474815	-0.05070447609121363	0.396866781473517	-0.2126649762799752	-0.500941481579737	0.6321129692835719	-0.05708333196553518	0.249906194016167	-0.188238515095802	0.2959053772553636	0.9748397505466918	0.4335599807204082	-0.46184546104986796	0.23244242582894156	0.35069585171010936	-0.27957711847455213	0.23477204101530075	-0.05662444968362648	-0.004821704587500466	-0.09175910285309748	-0.46599452522846196	0.021192048381575197	-0.24437874586203312	-0.3241082500023292	-0.02680632580655747	-0.7129149727727851	-0.0036431729015536348	0.5669043240985067	-0.16472834235180983	-0.13982914620452525	0.41016341542019863	-0.5386485484798881	0.1109647179018448	-0.48491501932081305	0.26745928253937956	0.7813423103647846
DTXSID8020626	9.970490422599664	-0.04901908796182978	-4.605721074604134	-3.2997187929783935	3.208196577444829	1.1952017557061076	-0.2573825607470616	-0.13515212248857272	3.086673612359532	-0.2945476668699199	1.6966846983216122	-0.45886307910611207	3.9464141776921915	2.6620488490994685	3.86107852144902	0.39734940063892243	-1.4766017834195926	0.5178424665167517	2.8106776693280033	0.8026818342379404	1.094086398730194	-0.1452422811649448	2.4951639846410254	1.2243777596102452	1.0665909312939201	0.24612804675058061	0.2921771563612031	-0.5672415161218721	0.3606105654333281	0.524994739788874	0.5519052222821863	-1.1214394691502367	0.5213502040879341	0.20785118884711665	1.888178335104999	-1.2526829856495278	2.690683164363224	-0.7685065819246798	0.39374086046450524	-1.6103056265902722	0.4544441684059795	0.0789279100693623	-0.22414108749324166	-0.49289089711055967	0.23941361957717075	0.2938206299463675	-0.17461410687724419	0.1208333622523108	0.08306851388420639	0.2866964466432747	0.1648581712957513	0.3950396623375233	-0.054880632666393016	0.13005972873622684	1.4672591874471455	-1.112546358456701	0.7524266918254996	-0.308426169169902	-0.13844546054245147	2.12030147910987	-1.2395582485921548	0.973364567319098	-1.6955647530335907	-1.2432390989776427	-0.6435629484870014	0.3640707036140059	0.8019844267294237	1.223473508137119	-0.6897820837462829	-0.7582051729542749	3.0699851046467996	-0.680107471346959	0.2208496098548985	-2.3023448079149564	-1.2584687453949626	-0.21235926360039337	-0.2228928533218097	0.310961429907846	-1.8821160488506194	0.9231949628107089	0.04637243489710747	-0.5830355086868673	-0.7639837138344767	0.9861201877513864	0.07384996611241303	-2.8822565933296986	2.223891693595554	0.21562867022091345	0.354510956304431	-0.9335719223937027	-0.34772122531249305	-2.2374166391269963	1.5763416324749815	-0.8414168092894488	-1.1118310958165787	-0.038262525756009205	-0.4654413994394447	0.21214622819604656	0.24039591499977414	-1.9990291361573922
DTXSID1027429	-1.3107680664948171	-2.0393438649091773	4.165552420807785	-1.8441533679700224	-1.6229772511061806	-0.6452911179267259	-0.13348675040059546	-0.9610996442476013	1.3561168079470394	1.154051452969495	0.647770243455624	-0.20490243632395352	1.1135262122470804	-2.039024154338066	-1.3956477987163987	-0.302607386681182	-0.5712775177248098	-0.20237608758729742	-0.024081837770832414	0.8043542150398812	0.05466234066769196	0.5630204257522636	-1.7619919042789092	-0.1630035982886426	-0.49227091798990363	0.04285562349414828	0.12946090286138442	0.5209091772812129	0.5306154042539216	0.06459508548424944	0.5089378288439841	-0.851976779140467	-0.4961818032279048	-0.570690768961289	0.3851067430360436	0.6258048089712673	-0.7207487962011261	0.17929673816105532	0.18995131642864493	0.3842757371566013	0.3342232614683478	0.12379490345166184	0.08525439987431215	0.06803620571273812	0.40614655334843436	0.23559156442193263	-0.029048467773709244	-0.380910227682166	0.21983003138695187	-0.3175354514781608	0.026534498231309808	-0.12123175207297703	-0.18639386495892796	0.06343409074845313	-0.17008214971407934	-0.35643758886158483	-0.26628993768722564	0.11577622560442202	0.10733017379424836	0.09627811107961898	-0.4494620335718349	-0.3072757816303611	-0.2388941796876462	0.0045734802248272545	0.04410504753161718	0.3614297677720722	-0.19419047039366005	0.37768616256451215	0.04742851738732771	-0.9907237235017867	0.6025397351863924	-0.39576356016724756	0.2989796285942631	0.296805235305755	0.026116341968159155	-0.21566517588004147	1.047013995352577	0.1050411148376009	0.3359746536998317	0.20959886562897592	-0.10509767417151115	-0.10379409556412195	0.13303662898372973	0.11593867570006408	0.05375548207626759	0.8112530304114092	0.1307390656041943	-0.46449062602570734	0.27021551505741154	-0.3778284745671505	0.766025455430191	-0.36417054038021307	-0.18451856830888794	0.44995977270357673	0.10923219689291601	0.4781342881602522	-0.06854539315762859	-0.1538898774410804	-0.5189918732246521	0.739966988336046
DTXSID1023526	-2.6729452414659187	-2.3618742242132087	3.8255629445338184	0.18363334840057538	-0.625755901660729	-0.42177849206066065	1.2807606158589322	-0.4967549176162978	0.7438369476521053	1.122242909272842	-0.1244966282843505	-0.36009927250707546	0.9646476029928139	-0.8713808335557046	0.6295871181372815	-0.09598287721652489	0.23214289792623208	0.24687863691704157	0.6058218018703929	-0.45539653120981155	0.3440931248245371	0.10700062759838269	0.0017878160423626024	0.06768211777618505	-0.16403326848758887	-0.13594527752991376	0.8950986855096399	0.46569645696773776	0.48225547399841895	-0.09851884869897645	0.30399443204439797	-0.517336805207195	-0.024914427861331693	-0.4280222332041657	-0.3017557461445016	-0.0014485810832156228	-0.7841120356821168	0.1838075079532489	-0.19247268185928776	-0.28971749987331685	0.3724049017138648	0.6272526662610516	-0.30094369589226966	0.07280462499308855	-0.027249006207903798	0.3557539992760377	0.298725417600079	-0.25997567427799284	0.04342913276929917	-0.27770724758854837	0.03714197039406972	-0.03065675515718219	0.036579642606461515	0.1422694144464819	-0.11594929989984457	-0.6358090982134268	0.01994302928993305	0.3380647305295689	-0.31314908990914897	0.04983489430806808	0.02363636736595965	-0.24715597231263944	-0.42212361024622447	-0.7411139155583071	-0.04684761247090943	0.06159904447297573	-0.566665031144304	0.14741285888463934	-0.20750545902682727	-0.413549422067311	0.18648064676090256	-0.23811387255934183	0.6407087614627324	-0.0161646718557759	-0.5370232346742245	0.40107384230805954	0.03993150063868353	0.01248561755817166	0.03423368172253756	-0.029877097420338405	-0.27494065622349506	0.18508155981991836	0.14357606717613894	0.08584241200417195	-0.1773285322696974	0.17808754558808199	0.1403112415056634	-0.4915460863629663	0.34254590828433246	-0.45504030436134035	0.25482920467569203	-0.5372899916289722	-0.07360931259319109	-0.02884565435518169	0.3453638231420124	0.35192175195126946	-0.010117771282426023	-0.2177056053291222	-0.06381644777189274	-0.24978322550204957
DTXSID3057852	12.036110598817201	-1.3682672637910798	11.839832175341755	4.006585402133667	3.289298993362364	2.486919732280718	1.3542243894972446	-1.2345960410089345	-1.2334011962198974	1.9929402447366587	-0.4513650450568264	-0.155879137568646	-0.3448055892201588	-0.407742231027146	-0.13174403074606164	-1.1874696586252653	-0.19141206516783948	-0.8424164359131837	1.6358229080407958	0.1479876102964669	-0.19544846840185068	0.8712103590347189	-1.0362904703527813	0.570939398345285	0.08397933979867364	-0.24151170196537897	-0.6991984137537383	1.1093102005029953	0.3584449108717334	-0.28188825126315836	0.23290294288458008	-0.8893935048550672	-0.9759544653954547	-0.9931001790473285	0.5593178364128415	-0.29485510277342436	-0.6181438729532267	-0.0506928561155486	0.9240840028105209	1.1386778621307025	-0.537553982767584	0.4160623441505545	0.23660017849899648	0.577833401442961	0.07936370178510448	-0.24024620398525226	0.07544042971837892	0.21104781149342244	0.43089302521477807	0.18854683243686043	0.14940578635734003	0.2570978122921653	-0.027835817436988684	-0.2094757610073224	-0.23709741222466754	-0.6855720511195088	-0.6340720617457369	-0.41430800581623284	0.45676777835097454	-0.2504179459764981	-0.029813140171034928	-0.40484276421647275	-0.26514297847348706	-1.3707764361553616	1.003853698215722	-0.41071328065497936	0.2999439025074559	-0.8710234973160377	-0.7922113118185112	-1.7688981724023303	0.27374737429581963	-0.2960537875801565	-0.9475270242090711	0.3799897482471115	-1.3476368014059628	-0.14640011605780942	0.26954118591601883	0.24635109033111338	0.3063498022668477	0.434578884777022	0.9525993072726578	-0.3009985674448612	0.8743293807460698	-0.7525469957836901	-0.5399910243411495	0.009261882510369433	0.0030340195222567207	-0.23723639758815684	0.21706944478420853	0.08696940564787718	0.42566214606584696	-0.6942822251472852	-0.4861349626503966	-0.16240982126866743	0.37701093771786226	-0.24227873282166323	0.011896970277303008	-0.018146765436932125	-0.2598820272608627	-0.10701309694248803
DTXSID4038924	-0.16830378585927808	1.123903183602875	0.6747399235556684	-0.008967100134194092	-0.7869525946410262	-1.3779981572030706	-2.8626319711525383	-2.504296582673753	-1.1850419953653424	-2.0975948397249913	-3.7940674627786906	-0.24410905155555962	3.9485789183132014	1.1109352380062232	-0.4560839299276054	-1.0908026895669496	-0.6493089412526784	-0.4331755629637217	0.16764122491276479	0.037381086333816683	0.5477006497130869	0.9160375325476877	1.3994590472967945	-0.02496444777157605	0.10626532666501605	0.6556658627865363	0.3094174288370129	0.5400305793365564	-0.07609073595960424	-0.13088075724592085	-0.711300994418215	-0.8447463104219503	-0.5672508245428961	-0.6750945994397446	-0.3440588399840929	0.27060885373808735	-0.9939909748533502	0.2791717518642303	-0.07286796659433363	0.1012866686351758	-0.03154476941061903	0.2608228754423722	-0.09885257030006424	0.07421626950593037	0.3801166039257849	-0.5730753337074842	0.30614002537046936	-0.11236224207218268	-0.10652687399459863	0.38714958167998986	0.009226054408645122	-0.00842728569051023	0.6260441716363897	-0.0561233235099896	-0.5814656479114594	0.25319058421276575	0.2565889463048663	0.1399020205937427	-0.006143769225568484	0.22026399782530925	-0.23400169753357214	-0.3435580726885972	0.5329821832689451	0.1752513042403392	0.11683474624109719	-0.6307844039012722	0.5694594302496805	-0.8080840276372836	0.1892199093329407	-0.13659821266051733	-0.14420503603880647	0.4137451927913047	0.14304228313122522	-0.8628207479341689	-1.4952925515246154	-0.36585158525595524	0.4039901689106637	-0.6388495561960302	0.2223272300216871	-0.17733403657423402	-0.8533938007514253	-0.1919708097249426	-0.24717244104737562	-0.07154393805955968	-0.189831033942782	-0.12672593858775977	0.14251919625738696	0.4839382072567304	0.4645721445282362	-0.3009482201314206	-0.6227141735194841	0.5193230505464032	0.2612957309247601	0.7468265512725876	0.05238231064860806	0.21539754603150715	0.12528979546366842	0.07810506681581766	0.10661039286287548	-0.05255750711695375
DTXSID9049322	-4.128560521268808	1.2957612274678918	0.23112476034315269	0.25560304080058294	-2.055333334613452	0.7315281751201341	-0.984122917220017	0.2260239421586446	0.6200585574473416	-1.0066929842383847	-0.2600859724630225	-0.14933294412457343	-0.10478361193266959	0.511151516906435	0.5582600252920772	0.3975586690164687	0.3251387126623266	0.6376413742953362	0.45519156516658327	-0.516918760703727	-0.17697548902596053	-0.29755593092044214	0.4006250999606353	0.8539304639147465	-0.21414701666398692	0.2334142329369208	1.0213968213553102	0.30295826772242007	-0.046972284105267034	0.42408435421851376	-0.39820790082637036	-1.0536180295183468	-0.28172834453974593	-0.23955582634603953	0.7100299622855238	-0.0850766435474457	0.22380974109078489	-0.3294685339829081	0.3739552439487614	-0.1269413442686194	-0.2846760934071846	0.18716726800831082	0.29316885355923195	-0.08971490271124548	0.17931413583540834	-0.6647369706523083	-0.057000106707008565	-0.21611375804196517	-0.02236908051319144	0.29481811877116093	0.2261325423145099	0.029326614359250734	0.6195308152932633	-0.2094463431887835	-0.2528176816947999	0.12170842917165031	0.36312780466143146	-0.30176302911912317	0.7917414404441465	0.7160724621430139	-0.5433629607588895	-0.29935391227699815	0.14705835524742922	-0.4828257886599787	0.173828674875657	0.8826062318772974	0.5495162289043427	-0.41007830442465876	-0.4716519686980729	0.25757225008672585	0.16921841455492678	0.1372873959186817	-0.17627763570658214	-0.44516851887256775	-0.6448478684035635	0.09624087938851766	-0.2885246286012866	0.47093624186210536	-0.2534099693343561	0.22999536532900045	-0.45191746341709876	-0.33319976798880757	-0.17432563917413021	0.05205416317371925	-0.09798948072028611	0.18749053379016076	-0.3066412410784305	0.14946239708487702	0.3431569553129954	-0.4609396723873036	-0.4399066369213354	0.08448912767283921	0.48755712049105304	0.19439683046623044	0.17789835772106843	-0.20675290812742758	0.10185860733248203	0.25971011615939227	0.16309653029775759	-0.4546331826485854
DTXSID0048840	0.30534820966492665	0.3745849795920566	-0.786827979946849	2.1018441953036056	-1.0131506676478004	-0.6538903406930413	0.7399042703492187	0.42751959221194025	-0.8701759383577526	1.645244012303291	-2.325496484119486	-0.5446899233266185	0.35440809738440504	0.757647016001415	0.09683802226539358	-0.36843433820619953	1.4422044230879183	0.05681693809563944	1.2635108383895934	0.4309965321188752	0.5040940381637361	0.21993633329888596	0.8125371579155938	0.5919679352871068	1.3309629172509516	0.49698802159844774	2.6094775566497592	0.6093466527374218	1.0865221687824886	-0.6409213929205632	-1.546356263475616	-1.7052709882108446	-0.6983076921900507	0.7231664875591403	2.4896131989612362	-2.101630156536364	2.0150558566413177	-1.642541622761057	-1.5048748257208793	-0.8506923943685387	-1.7047313790980612	-0.014279377624208453	0.07773575017841458	-1.1199778234918314	-2.111398728702304	0.21945670610165008	-1.5302960712418356	-0.6570316336371593	-0.07687062570332281	0.14339162756886367	0.25484672616331766	-2.9605438821189907	-0.894252064962453	0.7095700805376867	1.820909495569959	1.7596475638061233	-0.17194058299870077	0.24352606294588422	-1.3922729316225428	2.3129183492484175	1.2648924956706151	0.7193855637728003	-1.8804164708476294	-2.327615351595347	-0.2649129144912773	0.44511175511718937	0.46644639166933477	1.4597002353616333	-1.2724207354904222	1.4074261348089798	-0.43819656887983405	0.3418924302291641	-1.1628906555020755	-0.22378004799610807	-0.5276018980292516	1.8444982403093644	-0.6328513698228738	0.4024219977965273	0.31566483821202757	-0.05827763580533361	0.898092812398128	0.337123353505678	-0.033509596770180776	0.5952180686656062	-0.8602836574207371	0.2506237090401552	1.7736322566150624	1.7465244204740744	1.1173452574129805	-0.7703462077956249	0.7364955415449759	-0.9125076782398304	-1.0752862693724887	-0.7261939131362959	-0.12843698806821047	0.49815722723243355	-0.8474564577153055	-0.22627868990130848	0.47979737959116003	0.1322459746012599
DTXSID8020044	-7.686134120547163	-3.566487220587955	-0.1762631783071931	0.42719414794277016	-0.8863360458004049	0.1424138162248346	-0.49929928991434136	-0.7074751293073702	0.05790130957261703	-0.07158672487567275	-0.20368598187878614	-0.09813745916914784	-0.061620653884728795	-0.2300142054182563	0.08017537880106863	0.11498397855240913	0.4013705986775212	0.05915191112743694	-0.4087444929527447	-0.5157402076207128	0.14097946363693462	-0.5963446872387181	0.7684066911473563	0.3480322946107292	-0.8042506814191199	0.06653496143573052	0.1689640406348753	0.6571557684875495	0.05540258071554631	-0.22951838035757657	0.26172165122048785	0.16615841823710262	0.453132900776213	-0.40451703408347633	-0.12053411201821082	0.09264980996784114	0.0701125981007564	0.0378121185635248	-0.0838562966184995	0.05601917832263514	0.010432800177118142	0.04624703880064071	-0.08910194185992151	0.29950833697963625	-0.30170390969069494	0.01607436108551578	0.24995442863689843	-0.32630897469920933	-0.05598282431534188	0.007791948310765343	0.0393379063370946	-0.04441531411406105	0.08932772363434366	0.07283198261044731	-0.19041055897675507	0.045643379208932605	0.3043170255438654	0.03004574870538919	-0.21051954466456224	0.030059586985991513	0.27584213012065967	-0.044759619470370895	0.3071225238335807	0.33486064135173704	-0.39472139755806307	0.289340087895238	0.35731815821798596	-0.14888478035712857	0.05430280703349717	0.13726536356739344	-0.07752928242881553	0.09830098385368534	-0.20836677540715284	-0.19553324637638847	-0.35333905755614525	0.09717939222034014	-0.24064723540302507	0.22703317287387673	0.2092135592656307	-0.6208353865691593	0.33397954028908977	0.19181969587012887	-0.3043840134479962	0.09609486949720801	0.07963109700242435	-0.28173988874868444	0.30096191170715625	0.0006566887542818514	-0.5134372095090921	0.10883013172501148	-0.5735143027428662	-0.20761724757830627	-0.08544669598838203	-0.2733760383047454	-0.10198191930992383	-0.6056933468944941	-0.4086189451213788	-0.1565109359563178	-0.35350489184345646	-0.23731453422699306
DTXSID4044616	2.6269410470682426	-0.2052945880946274	5.453840405045687	-5.72514872005452	-2.2134152820078667	-2.4363366889298614	0.7840746458834805	0.3846557879680398	0.22176633756499456	1.417621480237478	-0.30283797884487945	0.17059788749772864	0.40299845000190165	-1.830224616456841	-0.6016534044286098	-0.06548081041067975	-0.882483847792415	0.2390451732676717	-0.10086498774515655	0.4329664492850657	0.44820216322673645	-0.1779443507167903	-1.510418958798216	-0.5513947344990024	-0.3403889741340773	-0.17497226151178097	0.23161947639772634	-0.04858875175244638	0.05775810089380767	0.5649686457788737	1.1369806825551794	-1.2206722817496234	0.14064314583046542	0.6645343799437956	-0.9426980478899226	1.3110690100142708	-0.9047197587549358	0.2620771530017896	-0.2986754243708287	0.1661524092571055	0.17893140082635497	-0.4466896937847727	-0.07079938794349563	-0.12284551572440114	0.1325117093187249	-0.03545282742946133	0.0998599695720751	0.010075873333652617	0.05840427673625215	-0.4383578513253286	-0.29350882493120256	-0.36284589449575116	-0.37180331810523076	-0.07708508417707836	-0.009498224005803543	0.4586884961528667	-0.2876198380805599	0.27535389188647175	-0.03367692734176723	-0.07687586836092766	0.22194606718455998	-0.2510121371767883	0.4613920745689965	0.4868816399470172	-0.2457734780803508	-0.17694885036338212	-0.9288571318403268	0.742047466154806	-0.040779685292261336	-0.2191978461396937	-0.7030163542622926	0.029514497188750863	-0.4034498933586377	-0.6086951930022741	1.250916485550173	-0.14404747737156606	0.08055926851634644	0.29573568999705946	0.1467535253495573	-0.9873624725518564	-0.44099513538924556	-0.20881430010730628	-0.8178079618401087	0.2709112127278653	0.5647262698114022	0.9227919089027764	0.6365943118533036	-0.7322568994243867	-0.11171277762738281	-1.0212128253919457	-0.8318590022590396	-0.763994151301649	0.9861320040990507	0.19680234913101374	0.5166128551699933	0.19950997418982097	0.5064310823430324	0.4791780639491161	1.13816588915209	0.37075214157820774
DTXSID4027997	-2.7837562969613927	-0.6283592309456325	0.06422057967281443	-1.5686838784904	0.977905553471911	1.058836865689703	0.29138992337176284	3.262780507387084	-0.08786821033233214	-0.30323377164921095	-0.5243373109899774	0.6567407331682198	0.7485081129372431	0.0500122204709281	-0.37326104668239624	0.13871119452580166	-0.6568669630625561	0.029732772862750712	-0.590255775700056	-0.41172068341234885	-0.30328946473920126	-0.43417903027749166	0.7792521382670226	0.08135956403754092	-0.05756501072976232	0.22061167133206752	0.1489295386588944	0.5461171751220775	0.022936009774298362	-0.34605185322331894	0.45238493843961414	0.5529403993764834	0.5520253546049263	0.1154078916591375	0.4331901990211782	-0.04747373427330946	-0.009091453489747974	-0.5430470509341677	-0.514981180688259	0.11305874331639114	0.028092656032263415	-0.7920043033851416	-0.3415488072685844	-0.11160226740815062	-0.18026769997903241	-0.0118294744539236	0.02220525204565121	-0.4137559358180644	0.24063968823332063	-0.1935149264138089	-0.05050380025192912	-0.30550932572412065	0.09947668573929724	-0.10701669641389545	0.12223357117877354	0.3269701275912592	-0.31016273495675817	0.656371185066997	-0.3339369487489402	-0.5227811503543852	-0.3490731282853247	-0.0028077141957894244	0.209863197099539	0.8849811968027923	-0.4891882755845335	-0.21879849172351376	0.23201593657265054	0.24231678553045985	-0.21491076046552599	0.3414783421881109	0.20522621775090238	0.0021690144977905817	0.20765453008544593	-0.8119494153506622	0.17864915518760333	0.0727650310929182	-0.3154988298418222	1.3895613596731304	1.073248149761513	-0.2534605730329671	0.6354093097458601	-0.4372828476243828	0.23643605566962292	-0.5052391326156538	-0.38855206108350676	-0.5833471490131821	0.2612624808043056	0.46544225632407427	-0.3376177978569574	0.6343171226520395	-0.9043320048689218	0.34903745968416106	0.976807806266574	0.20877162806681296	-0.39994240017583943	0.21193813531270717	0.13582873757223263	0.1554630871472982	0.3386035779917439	-0.4330012613456234
DTXSID7044976	-0.3984245648170096	-2.1695374765953583	0.9751397882673323	-1.8970567572188928	-1.8895164246587006	-1.8409569838071913	-0.32165260577338894	0.5010067373537971	-0.5034499223278797	0.031797848167523235	-0.610377972930932	0.9060798521899784	-0.45813674083332745	1.8822093486140226	0.5579391595570733	0.7044537931213294	-0.12486658382202999	0.9169344169523664	0.1296547641171647	-0.8921616889206241	0.18548458820650202	-0.7056904296648194	-0.8563564816392616	0.17596919543717612	-0.674512490012035	0.7378449147275095	0.05390805284315975	0.7092795832820917	0.33230306579501706	-0.972884692320148	0.14326123698161072	0.9176708523800573	-0.03207041552891743	0.4056364475882088	-0.12475238825762519	1.3036787227255786	0.45411297044039917	0.4595427483313154	-0.48592919370062126	0.11953882991686389	-0.047169337518756675	-0.8317332523711152	0.3185101558470277	0.32266779309495847	-0.6525515277224638	0.008198278215442011	-0.026598487848451303	-0.25766978730498724	0.12440997702007527	0.1176129399518762	-0.17506562377842097	-0.12130151437874692	0.09799472999148562	-0.26682257781876667	-0.176847960247037	0.4762570840113831	-0.33471547308803956	0.04948700347256356	-0.24125535812175417	-0.12089131013563659	-0.1513314579967423	0.26924929366762607	1.206040156276588	0.9334814211381864	-0.9610526839923966	-0.8601312849016933	0.7142675233715595	-0.28138395675966144	0.2705440232973061	0.6187207583449157	-0.6626004542773749	-0.04419135254306747	-0.6180090599900241	-0.30069266896679714	0.9162243426290162	1.1412601293796498	0.3187746375485315	1.0803448812210168	0.16623355124471506	-0.8792419314344879	0.49303769518317564	0.024654054098706555	-0.5450264109191388	1.1136638216342434	0.47221752704499576	-0.2114200807094563	-0.2654242267704957	0.7281623152462866	-0.6826072207624865	-0.2679466822924447	-1.0734226642347062	-0.0975746319899152	-0.0878051370638476	-0.028662615492103697	-0.3614668265777952	-0.38627988664276414	-0.2335415748171338	0.18685811514129838	0.02537561658045899	-0.7077528942546351
DTXSID1033402	0.9503899301113152	3.9279637107997116	-0.6291997802153029	-1.3885521027961625	-1.1209699199816128	0.0730984330947693	-2.184378230450384	-0.08040751147499756	0.3625682157041878	-1.0032731372615489	-0.16341030731824172	0.1014466266719229	-2.8639330780331327	-1.6034360945598436	-1.7199268764469706	1.7282920824263959	3.583085080268373	9.373791337739556	1.638220037759635	4.492931928251728	-1.8167363320429344	3.1042406854771536	2.493484470282002	-0.16080205157827687	-0.402375058382801	0.6246148798474034	-1.8964043474962016	0.6080983614060465	-0.8209345939019725	-0.5273582991610327	-1.644883194244008	0.9190552007179618	-0.9940240506956818	-0.36533899559571453	0.27793274018254094	-0.454518180383491	-0.7722558740482203	0.2840970366118392	0.22019693028290088	1.3050262566728998	0.2881221134860071	0.8112322579537847	0.2958135144708365	0.6109195369303896	-0.4157084940040314	-0.2081707529104322	-0.4015949796069435	-0.7322395210904872	-0.10294863853421653	-0.06704537453680445	0.25673922646478836	0.272422416290432	0.13871138234016456	-0.145138017970323	-0.0034908193123755417	-1.0728434840531647	0.19054360018407812	-0.0592209305870983	0.08597025177883598	-0.9615981053238805	0.8152198988385794	0.30872394392388536	-1.2735849302184623	0.8031877598626037	0.910633329343257	0.4142969805595333	0.5616943083252398	-0.28171287980986387	1.7806909147455985	-0.8970395514905489	-0.06683584558910853	-1.0918320305550369	0.76963873496721	1.7650273012329647	-0.316296893935459	0.4083495687997815	1.520011507779357	0.6636685370714951	-0.5847552320961561	0.2389428590188511	0.7499139205027167	-0.4382644259536258	-0.11753942167626465	0.3304073277255467	0.2549024139449171	0.516518700958896	-0.24783082772443127	0.04766510494688895	-0.1431889062030541	-0.20047088247003927	0.5133825471243904	-0.5141478425244105	0.2224229753151199	-0.06505156135346306	0.033706204763143566	0.17171633255619326	-0.07081145632181565	0.18828308351306522	-0.3346042718616504	0.1458888969537176
DTXSID8023349	8.328758785833625	-1.464580406769221	1.591254216790809	5.927487446855403	-1.2697851784071523	1.6425488080707682	-0.5561385177116605	-1.3315018438449626	0.07452596414395479	-2.4161662923591307	-4.4759220630792	-0.05609833354387747	3.0953696267117796	1.111223169054313	4.171110506459094	-1.4720612074780757	-3.8962847136588223	-0.970826734511638	-0.3471289645041224	6.197295773262301	3.9558176041418407	0.1816569253366085	2.480976980031828	0.791006366538333	1.9450839695302513	0.330643979217384	-0.5604346955896871	-1.5303256317743987	-1.4276237016816358	1.5414901663259601	0.62743595502296	-1.0021753204847483	-1.9137102412408713	0.464490786455478	1.2166400323332223	0.94546699777423	1.9465059090984325	-0.013326567411204769	-0.15015205675922227	0.8256554421038343	-0.7639688290827923	0.9985098382943506	-1.2594782235732414	1.1703416383046996	-1.3912453635934567	-0.10556772211304653	-0.16545533216344585	0.45934391838310407	-0.8686581568005569	-0.1781604849230871	0.3431677870771275	1.5697033372481202	-0.040729533429770634	1.9659481186705317	1.2891538401912117	-0.3498833007727796	2.0531321503215327	1.626865647254085	-2.1077264728253837	-0.7478801653342585	-1.4636613126763125	-0.4476147577142238	-1.4049417459824	4.09060048974579	-0.8099888743792084	2.0328217494185052	2.5518857206914065	0.06169057238985736	0.42086738931560935	1.452496000709744	0.7075085228963706	-0.8991839623563973	2.8803420554878723	-3.3082348151833374	0.12244116253556042	1.978696467544149	-2.110840668064164	0.6537536255295128	-0.04986666547086244	2.2463112962449774	0.5430627889895063	2.00846280063319	-0.5054203116179635	2.64524599932355	1.0847196134876858	0.7310087387445593	1.0658117769684001	1.7938577118502483	0.2346126475992195	-0.6063961129697211	-0.7757605735971238	-0.348034585546271	1.05432590910609	-0.41425292051657725	0.3056994058032484	1.1175834035591707	-0.31911138817043927	-0.34449364581145914	-2.200859546281341	0.7741998724477541
DTXSID7044897	-4.927663335848993	-4.178211959548386	-0.021895185848343213	-0.17040762224611675	-1.479554457878048	-0.5105447785708422	-0.8244323382274148	-0.43353106805345776	0.02543939014246136	0.9902506955528517	0.04189549552353484	-0.022767000188563896	0.23134107189779013	-0.13786588058407917	0.19538904031474472	1.0664602396217673	-0.623006707051403	0.7673651776801643	-0.766279576439901	-0.6053527198384916	-0.20298245949479496	-0.3998056290779033	-0.41384334027193376	-0.30232840250937726	-0.4006266789071255	-0.02567994717413287	-0.04991661062915829	0.16415607152907075	0.3509470943676052	-0.5240571549657571	0.3240282058623611	-0.1997309725246244	-0.345950796126154	-0.718412500780024	0.3432833731526363	0.1863379616996477	-0.05871213039062916	0.3767461110145406	0.3006470506706243	0.13298367779806766	0.1437974005896726	-0.04147871160164787	0.03478088714064256	0.3921659923898341	-0.11292356724823126	0.32246226533833167	0.16955006973241069	-0.06974053984624913	0.15647534103763136	0.06851801608932796	0.11473670097779842	0.04184806454923839	0.10049121871560585	0.04019199788191469	-0.026076960993919922	-0.48595793482752836	0.10673001381948614	-0.17170043241736888	-0.02470398182466324	0.2750135773278363	-0.21037772755323325	-0.2560669787330606	-0.09943312134332978	0.2689722587721695	-0.4227069610171675	0.22795704760160038	0.4668375917197063	0.31286347614125626	-0.46520018532948293	0.10773958180414805	0.20078560973763515	-0.0057248072970982	0.19302052755222004	-0.014498581489032448	0.33239508319251043	0.19831820143017986	0.03181624416151277	-0.20132764063115446	0.40081087479518984	0.23210644619677823	0.08808139118241638	0.10788086768098563	0.6070372281433967	-0.5724869347707229	-0.346866583851822	0.08649227779363022	0.4712667415247733	-0.524955015755875	-0.6616611988683172	-0.3403528364224861	0.11800758114819947	0.21591211264352372	0.8112355587804265	0.33972069493796503	-0.3357228346306667	-0.3890064093904887	-0.23745745341169275	-0.07711478926994973	-0.21128195591799875	0.02775250164627626
DTXSID9049403	-2.905813192814307	0.9141790453796743	1.7385351167375989	1.4214122523973973	-0.9705372980033917	0.05946758577526367	0.4084073357401724	-0.6137298032563906	1.8199916594748384	-0.38218869626409413	0.3881561152271224	-0.031346457617578365	-0.7080295125801196	-0.5173857044107677	1.2868729141255932	0.23566797446261226	0.934611419353204	-0.3893031659203826	-1.2997048894936245	-0.7237899816747512	0.2658756731871125	3.778805990838304	0.5947786370299187	0.194874685787967	-0.42972593580486224	-0.5370397788531339	-0.3197981516719594	-0.22100528769255257	0.18438307395570047	0.2409463356068581	0.4634131177145499	-0.6447671718214691	0.8830241214038416	0.46991486690072476	-0.4434790753379665	0.3401253781716854	0.05253297500932387	0.11862048214566522	0.0005613012775948834	-0.38498899221820754	-0.5016957083833011	-0.3131494081241264	-0.2886396521985475	-0.3192359772590278	-0.10532151188406823	-0.32600698423058583	0.3337044491823778	-0.32329157555150373	0.03581606582630512	0.0649489837400669	0.08833156962473641	0.028956135092566795	-0.034944110880039445	0.055882249735284016	-0.10182170157681017	0.3281845116394168	0.26887161898426926	-0.3399817833355646	0.18320744116687007	0.4951298363552003	-0.18750157940650805	-0.10366322739305575	0.7600157553713152	-0.5196225341784785	-0.09481673498158735	0.2803656748470831	0.05498230416145526	-0.16693509367433845	0.4518350331625497	0.5609630486809979	-0.90073995142517	0.7843830560700695	0.15526973596740912	-1.1891239494034789	-0.234408330021315	-0.10146189501060805	0.14414349697685586	0.8016316847696436	0.7289082501950883	-0.2217263960580798	-0.4091787343840702	-0.8781635892308959	0.30353440400286413	0.07817345996345149	-0.18339663559874037	-0.1719211323977975	-0.8265910287286143	-0.09966566995740582	0.5572092332098469	-0.322243900865706	-0.04118925158789099	0.6803872840976535	0.6659376921915997	0.0013440231907448702	-0.2909851945204233	-1.5601415698472019	-2.0864005590920285	2.4159874366543344	0.7185757616111536	2.1715847184944814
DTXSID6034849	-1.0598820014206451	-1.987182968291648	-0.16707997636328334	-1.0866979616023225	1.3136799032831932	-2.0831428298465973	0.836864192328805	3.1124201747118447	0.14573801427775426	0.2785116358499464	-1.6170731263071223	-0.5662633257360008	0.6784097651059968	1.9811797172702275	2.09663681235699	1.1241391225497266	-0.7800293724245144	0.6739620045924462	0.6081929185529618	-2.4185523084287377	-0.2524357632001841	-0.3446933105408334	0.4897647264259666	1.0118250611261264	0.49275395796058874	-1.9366191934418038	1.6962926948680195	2.817645198439798	-0.17355362409967104	3.6834662598480765	-2.564033038063814	1.132947583451969	-1.708832148222148	-0.6346024334227872	0.7371094193618994	2.4219897587236625	0.32095065561008923	0.7991028356815136	-1.0646176759344799	-1.7601134995906893	2.1113884906209908	-1.444988936376545	-1.4295334762062168	-0.7908204317284917	3.5056332810847177	0.6501089063062045	-0.6474548249426707	-2.440262653457304	7.227655684009594	1.475773033700953	1.364406883515975	0.4115790446651091	-3.883661630904939	1.087967770713715	-2.288178830586405	0.9882495256185092	2.857715329353877	-0.9574102625781554	-2.715533067648048	-3.0128541180406434	2.396209433496651	1.1442552723570065	-0.7714169028816921	1.0073372683685222	-0.03857340054225265	1.1070870229014553	0.3950919249950195	-1.5278237677514817	1.9866885487482087	-0.958286355334132	1.718866004819685	-2.159470144176308	-3.0857015683975093	-1.2382612404785693	-0.02372342829299578	4.193437108691231	-0.9073646473600522	-0.6540807506024661	0.1980056828306646	0.6288090239097922	-0.7907403163503918	-0.39562528972846195	-0.32304838659441215	-2.1506460371435776	-1.288017306423401	-0.34451115290675827	-0.3108211462703017	-0.99387895051767	0.4406074537580151	-0.9725333753631207	-0.7661835117890758	0.16207474813344772	-0.22149724715915214	-0.8286464493840712	0.08700028612204459	-0.14958037834516985	0.6085330499825554	0.46586010849804155	-0.17677275446237742	0.08287626869327039
DTXSID30190948	-0.14544746234696676	-0.9818463984178524	-2.556815841471995	-9.131871182786178	0.8222829725353239	8.704035256517002	0.7819343309240018	-0.5353318690534629	3.6211479925323227	0.6967548647903185	1.6395615778228436	-0.3473775075510221	1.3387390413655245	2.27726703237297	0.3854426410954434	1.9503691075884173	-3.3804152350055703	-0.8343638302516807	1.2331274549737425	-0.2087129737317021	-1.6459104547199706	0.9254319736145372	0.8695327813465158	-1.2169034040674513	0.6577971139660534	-0.4276073645335289	-0.19945345720416624	-0.18781459195410574	0.48557833376404824	-0.0037086960133623087	0.6595494663533079	-0.8639420747681704	0.00929562854419829	-0.448558488854773	0.6469940027575748	0.17448916328075073	0.08983636596093633	-0.33685647567477234	0.48110799382710473	0.6277736896060983	0.325502055823245	-0.29143708326511375	0.1854754180496889	0.7415836523990813	-0.37330764966459906	0.4042176108659855	-0.13706925951200039	0.5272086060370714	0.1799843614410344	0.4313341513193068	0.24063010413163696	0.11565187275300903	0.08244370563735626	0.35457481335130475	0.7454328441293326	-0.1289110575648412	0.3183778847613549	0.4260765553782904	-0.35738990481704097	0.043425184130503384	-0.590867551066764	-0.13719959438735765	-0.7224831861735994	-0.2732437977371669	-0.18025843148954768	0.011419927808101289	0.46599638206601846	0.5750534405428991	-1.3650694821921234	0.31859496076874283	-0.7131828144842568	0.02071985263299421	-0.023054011237749382	-0.10909140754698407	0.86530615879881	0.08715018767112949	-0.1961460578242865	-0.5740844778344528	0.03775727123037249	0.22610087334821982	0.12439097756464237	-1.7624967038985215	0.6858143761583793	-1.7533460779289956	-0.6691190880684955	0.9085763010743352	0.027573182108708235	-1.5597434369658285	-0.6550806698556668	-0.7691324675366213	1.1129589237446351	0.8308715913785598	0.8484836750178466	-0.550470221114996	0.2666825150686039	-1.3143343891634518	0.4632539881116362	0.7248954405287872	-0.442784593732521	-0.35326028170856827
DTXSID1045089	-1.5907207358360873	-0.6397681993443612	-3.0104272564486863	-0.6026905492168234	1.7061700911395739	0.27003807094159266	-1.357861486434805	-1.4984508406812898	-0.8946002844034475	0.39166923325317315	2.0019848657059196	-2.199425603193445	0.07966564773412847	-0.7902016423306666	0.7263709429460962	-2.9608946013778725	3.1539087871292355	0.6710294828619601	-1.820418322749012	0.49591970431995996	2.427967124895717	-0.07046005823333486	-2.296721575413576	0.9933914745002503	0.5558874942625829	0.579608737336901	0.2920940545794404	0.6628225981045005	-0.18107531315633663	-0.6259397682613085	-1.355225360171286	0.31385150946039203	-0.6648120105942102	-1.4448989327844057	-0.4219090004781694	0.2950550907264863	-0.5831150185805892	-0.22956722486811076	-0.45211728289757885	-0.09560045611500997	1.5744589403958298	0.8008509428131463	1.5387786663651297	-0.09513796691884997	-0.558415284153878	-0.15424401470419838	-1.8409652218848185	1.2079843201920584	-0.18047564468305347	-0.20435356684238057	0.2187896890378479	0.2641223643332073	0.4273272585306819	0.9646142564717591	-0.4275490034516741	-0.25573988848089746	0.19574817919981483	0.8300872114444898	1.1472230036684807	-0.8710301593658369	0.19909691810122349	1.1974052645242832	-0.4449767259433307	-0.019753232178120052	0.19978420594036403	0.17083110035565577	0.5611582454738476	-0.16036551250775746	-0.5025080936884639	0.14304805528571177	0.2433695724957882	0.4107823679798164	-0.15613460385301528	0.21753644832403798	0.2280870084319384	-0.21029603577531433	-0.3483542135907958	-0.8068533200999654	-0.21389282033045495	-0.10074511644304247	-0.02650998272261486	-0.27874639567130965	-0.08522788281775978	0.2484905253272661	-0.8747241411833108	-0.07449563914545929	-0.39313265178601414	-0.08106218527444728	0.13844336297133128	-0.9371522198069399	-0.3404060437737216	0.6045232158375857	-0.37351983623384705	-0.17061459651131788	0.2982032647468088	-0.3199512296461573	-0.4718007319529043	-0.45917551261150535	-0.012772277150858108	0.11662417318860921
DTXSID8020963	-2.156996901862409	-0.563935281083071	-4.202430537236165	1.5313918267082198	3.337419304510879	-0.3298439963143499	-2.213145976015927	-2.0820037564553773	-1.7903772359597563	2.6934375270475295	3.4257558315397376	5.414664763331713	-0.26081162652017637	-0.6390473188919035	1.4541386079402916	-3.5432872989106206	-0.3203931002422053	-0.11592083450494882	0.842619290092235	-0.025182726246281945	-0.008692240858822827	0.513594662209856	0.09456194406144414	0.3870080115901127	-0.3793939619688361	-0.16259316256984302	0.0837594371018912	-0.08029739832327999	-0.01756564524951035	0.18369452131271521	-0.8367871880676825	0.08825385940540098	0.15958797465312619	-1.0769566178421868	-1.0709340345134537	0.7233848749403246	-0.15138599935374555	0.7172699691144565	-0.9696635079412341	-0.3754176681086089	0.5566533348716846	-0.2399580535174717	1.8392764366967498	-0.4965799520730546	-0.24100076135705384	-0.3620641426167398	-0.6071128945576805	1.2397334477780793	-0.06920490697483123	0.09538047148242743	0.016344188529683057	0.9128462305479365	0.20269563959931486	0.4992781205217627	0.11596978805802577	0.3424149803307968	-0.35645756397006223	0.8842942069048131	0.6835360859529878	-0.07363185407275541	1.0500936289966665	0.6729709457520876	-0.8172805101757425	-0.1435130736375636	0.4458584028731494	0.43957422557832015	0.890093450824394	-0.796389442438474	-0.13437025371975836	0.7260368179924555	-0.18862746845501202	-0.8645329633160641	-0.03254605983104836	-0.29196998940345004	0.044921986655449	0.010816246899645521	-0.5390124718396462	-0.5893829111629184	-0.6141509116220145	-0.7108381695788811	-0.08068318549992251	-0.7305527125526146	0.40948949559964715	0.7302132188445438	-0.26425213204271353	0.43790748970083415	1.1801081210256512	0.04574331117508761	1.0125827423197993	0.5339893217125974	-1.1724883229655896	0.3836204991426495	0.2972733435304812	0.22168980809439384	-0.33185349658221425	-0.7350762100078121	0.3230354335601331	0.18671670676625987	-0.2626644493825596	-0.1436367444829578
DTXSID1045952	11.088137823323782	3.6405231416501307	-3.6283291545844896	4.059878727532172	-0.2107565397376355	-1.0185831051577194	2.569599390275367	-1.3251158991184846	-4.552697516109266	-5.423115063825037	-3.6547120838934926	-0.035047287787796554	2.582348884078119	1.9012718695155588	0.09094210654000053	-1.4267437240736307	-3.337120132749714	-1.8950533219998489	-0.019011153882913776	1.6284332192504916	-1.8690465719886284	0.517780305438623	0.565875344809647	-1.7576815277336753	2.302379457922776	-1.1888173338423833	-3.0470055525521493	2.7148740733792347	1.1411868215882717	-2.4454890980653827	1.1601974978577374	-1.4271415447916687	-0.7802443392446972	-0.6348882880199819	-0.3136728155985843	-2.4472510745602456	-0.2106040085536035	1.8480042582481346	-1.1683461242832993	0.43031304227255945	0.8116871257428235	-0.9984520250265947	0.6331564187537843	1.1697861915887369	-0.3163486814340656	1.0957813932439808	0.6603973170975422	-0.9450948705058692	1.1151987586126004	0.39002477319265894	0.41333370565949623	-0.6971135331883027	0.10990492429303367	-0.4717103641337074	-0.6586879860544362	-1.3563424274346132	0.9158581109115123	-0.898044666218711	0.34093683776762024	-0.8693748034828986	-0.35917652502906205	-0.27375478360315936	0.05773640946189984	-0.9333675281092428	-0.5876519187594622	-0.2115407786362825	-0.11888959588554197	-0.6793005698891095	-0.1295697406791532	1.741855031864923	-0.9804554239699316	-0.7102139801434526	-0.7928364136125179	-0.573103486776267	2.870700486251638	0.4918833817554058	0.22221985355857649	1.7231599573953418	0.20255172354534137	-2.367260698348524	-0.8810884383913226	-0.5210233018487742	-1.931675700829065	0.6313988221759135	-0.12991183098320386	-1.1004642920467604	-0.11813692203286216	0.008882547799317065	-0.24716566748302882	-0.9692684911979363	-0.1502670869810724	0.744504911906831	-0.7706688163015323	-0.2839215295843259	-0.7676884037079615	1.661933297125521	0.3405411319210294	0.6499120709756555	-0.41662841582782956	0.048239300282991816
DTXSID5025861	0.11341170707018552	3.8637445139117714	-0.944623111720036	1.4726005115442962	-0.3865839853540616	-1.516960281881566	-2.089201508708099	0.0856629844977347	0.7083652544383603	0.8905581836626765	0.6608524869435972	-0.6746955156448355	-1.9395563736086168	3.157968661830429	-1.5761567493222206	-0.9242415865887739	0.3440043969446772	-0.11816056298328047	0.649412759106567	0.038952691472295825	0.41322092761738694	0.1510951743881054	0.38572301227689865	0.4138542918417644	-0.2726523518064162	0.341680777466127	-0.31707754393662585	-0.4160811596404083	-0.2082757421200939	0.1218637297094146	-0.35865546163406264	-0.42085012688985635	-0.9436769549638623	-0.7030812215476091	-0.35048734968897355	0.4245774944167736	-0.2504754411535779	0.4296676717585638	-0.31518303842641554	0.46027537379885236	-0.33699238147601235	0.05330008328827347	0.22536715552659323	0.5270320010883301	-0.014191137676616918	-0.4739803353422734	0.6490169810301567	-0.17392018017568422	-0.30553525941588644	0.22624455664191004	-0.16189219962542653	0.08264086509636173	0.31161232243630005	-0.48492112949692834	-0.7993107751343734	0.20408973866578692	-0.581880650514713	-0.17561864433615476	-0.5728846499330282	-0.2802178865597604	-0.024116524023172315	-0.4126801228883014	0.9421026450202599	0.656527412503399	0.3031650866266803	-0.9455035205384483	0.17804890225500222	-0.632962934914498	-0.21879200761897555	0.04484551173182697	-0.5408648286555146	0.006613575661020676	0.2666323401895833	-0.5956475285385949	-0.18918961485907584	0.18788945117543063	0.08512552298981127	0.09489155114951446	-0.07682318959301591	0.03188379791132444	0.41298538006139807	-0.28642018265137853	0.053153343944300754	0.060361794204743864	0.05180611944635027	-0.046536983871890376	-0.5224085227475374	0.16497715131795554	0.35356604808733205	-0.020494275392051276	-0.17278716417015513	0.8432338458501865	0.18367585849958848	0.17858504289638144	0.26595837868015126	0.1732032146054569	-0.07028189612271442	0.025641563672945206	-0.3564271039564317	0.24559840420776852
DTXSID8026725	3.795808192194579	-1.4054536275950242	4.794721932426282	-5.101730826824694	-0.2177362327275144	-4.639618861465816	-0.5742565923763763	-0.46619700852779816	-0.7740069175841136	1.1413187550045352	3.3275296480339502	0.10243320660213408	3.8011132197650173	-2.0408069220241556	-1.136257158542035	-1.597974078277937	0.5840072249719407	-0.23253521733506932	0.5610218498168389	-0.029817457275818044	-0.5719716817294842	0.818619157108852	0.5717686608282948	-0.12908729658664206	-0.7165593109768814	1.6137542383973904	1.1478957947676935	-0.2692763664688578	0.5777841877247797	0.34405232823832704	0.6492268925521464	-0.8277880221658596	-0.8922622759745046	-0.36225489138382283	0.7620293707618775	0.08225240274653044	0.4124111300820879	0.8531176391748038	0.3642551574793672	0.641782775493161	0.0486577013556691	0.3133613070135881	-0.41539499901291166	0.06564978639616958	0.378196823061716	-0.029156031793496615	0.44340780414346864	-0.4193561843530241	0.13131725925146284	-0.2745290309464714	0.15665493905248187	0.09066680659657263	-0.0029378464596560667	-0.07196466181808125	-0.09389697918695976	-0.6042466877019732	0.2701855348926067	-0.5343266467411432	0.06378712756007818	0.1894422956742316	-0.12461611456742704	-0.7889066716880215	-0.420863808348884	-0.6850721475375906	0.1475712466276751	0.7122536082564599	-0.47620334839471645	0.5633964170272763	0.044443990116676775	-0.0031530704240914295	0.8626405458238727	-0.18198852619575345	0.4702126378714757	-0.3395883068220947	0.2439472037786456	-0.23002003415271594	0.2568459788394433	-0.9066921324846414	-0.3696816183262257	0.23735052473744006	-0.6969290981050755	-0.20735612030600573	-0.4992691204289738	-0.3355191981437863	0.18176654467269612	0.23420325686558566	0.8918765838612681	0.8251579183837844	-0.03790179486189449	-0.0963385367025181	0.035857668528057676	0.25055888481522226	-0.4165878044557238	-0.07761646114135996	-0.18279194997459197	0.21857671926484568	-0.04868089285839154	0.07577333307087532	-0.08405061074350355	0.10744909100132319
DTXSID0048713	15.891266030271707	-4.736137083106686	5.168672327345649	3.981991497463873	7.632910693140543	4.314445170301054	-2.090397758470331	-0.9988648910638018	-2.26224047033157	-1.4361134088371055	0.7237099876876227	-0.6408545508161407	-1.7203067656797837	2.9358216199048144	-3.3931375877049987	2.6534414457777253	-2.061979456204222	0.44556116208518237	-3.0958997057694857	0.9973719876203884	0.651997003237499	-0.33264488277056803	0.05781788578949059	0.09836108587470392	-0.5222920960734664	-0.4026876229290289	1.3417744021775508	1.0400102328388774	-0.922345299323616	0.7456843911781514	-0.4406406647521932	-0.30809515622053035	0.6899618834424247	-0.26440649193873733	-1.8694637217280736	-1.6536258765469682	-1.165416916098512	-0.18635323820350105	-0.15071695391137915	-1.6400817840674782	-0.618885198256482	-0.3771117717048663	0.8717093519696905	1.1121439861727547	-0.13675125480829267	-0.8030158914713947	0.8904121747893117	-1.2191571158179846	0.025375666957344053	-0.022808128549841832	0.16089757678104968	-0.7076119514138929	0.8112015606388296	-0.4079882408772241	-0.12213206244731956	-0.02109961000533047	-1.1128508108129211	-0.8403008331448434	1.6182668018811943	0.5531759835286759	1.7724005908513647	1.5083394512910115	-0.18598115594892292	1.992498061109366	0.5461575211040515	0.2951187264511705	-0.8341929363915737	1.1712316078116674	0.08607779430783825	1.7491587855619155	1.9510467368173594	1.3004346240702676	0.21752836989134394	0.22623762739088407	-1.7083922686707353	0.46321718087641683	-0.7648632192978956	-0.5632606878021768	0.06561542973468272	0.43302088538825023	-0.6559475764838593	-0.13026217795092518	0.8983362507132976	0.1723026648519083	-0.5224809788751784	0.09327098519632526	0.3985876408242471	0.625958079783335	0.6182035975091322	-0.11293062013014646	0.9923749808223243	-0.15696968885575388	0.3585247885678263	-0.3035474186100912	-0.25677268158804145	-0.04264628213090432	-0.3904485633742792	-0.23858444739960757	-0.7452258336160597	0.19947373895741038
DTXSID7044893	1.6882613017308756	-1.1078851018657994	5.102211418200732	-4.578285294331245	0.2886096525036102	-3.5360023520823067	-0.5348595587196842	-0.6723702177507586	-0.47870962161646313	0.7631101326752155	3.1173861707812582	-0.17851129277472486	3.188934532328121	-2.1529415498836157	-0.5549155210361334	-1.6507509098047684	0.7154686692894595	-0.30900906095456515	0.8062771712378476	0.3004617212515027	-0.4797094943264263	0.9406576522741757	0.1211423798458185	-0.3161658771551535	-0.2777172876652756	1.212529580685872	0.9783098048545611	-0.2826774580121254	0.3142170476269574	0.41103524969510746	0.29483680066329376	-0.38367472043398737	-0.4355429933701563	0.19358429145511646	0.559523673089202	0.07327154103693734	0.1431563001728618	0.47313103277740265	0.12467082596502357	0.46222599485523636	-0.03383457684721206	0.18350969962821492	-0.6574030013936608	-0.2876141886962615	0.19816005159205963	-0.09363256199029787	0.32435503841607977	-0.5829671796365566	0.1313012396676496	-0.4465244948607702	0.09365631004757179	-0.13268927755764923	-0.10787846390497385	-0.11096396016274522	-0.06568175139435802	-0.23279397233588225	0.13700451660136756	-0.3483986525244951	0.0743984285609051	0.10625370601074824	-0.1742313118618474	-0.6086375107838089	-0.09080935120335318	-0.6708826435472461	0.17573652141040277	0.6021190670382758	-1.02537568401194	0.4920066856165236	0.3955752858983203	0.15336049590653494	0.729169000222571	-0.09170152221912821	0.7521146785741127	-0.3201131499628022	-0.07421359693432834	-0.24813659690339177	0.3663085172545169	-0.5743791998989479	-0.24038586192678968	0.0925211245622842	-0.39615412133324784	-0.21899905832191657	-0.5009188906784537	-0.04391905275389132	0.23510198765292484	0.3803529746728708	0.21877782628504694	0.29971286804228237	-0.08870479704939778	-0.2717608087662277	-0.2067349926549946	-0.09136145438473953	-0.20568350432412277	0.20841288985586393	-0.2762973624937843	0.03465320583608541	0.11650989624389589	0.402503113314446	0.22078412164502823	-0.5102218656380197
DTXSID2025006	-4.568833035360336	1.1784964703872276	-0.9725260555743053	0.09789807577369244	-2.867012907420214	2.7418345323389532	-2.702274238314557	0.04219125496151037	-2.0159006108053474	-0.6419377079178178	-3.3990231154637462	-0.07097907305172513	4.460430238621552	-0.6908743849481078	-0.3693733464932482	-0.8145671381460107	-1.7181425681643183	-0.43839885579835497	-0.6376553304833993	0.6880732661868525	0.7740048137007288	0.6926577554569415	-0.11544373388732518	-0.25268560249617333	0.5528035138629619	-0.2274892385214759	0.04137718319416114	-0.6479553088325639	-0.009187291507071198	-0.3409797190763764	0.3510143711887717	0.19530778603452748	-0.21951254686113286	-0.37407925936593844	-0.2452172612191769	-0.33871821518959533	-1.200389892866651	0.001513857609128286	0.11923893074107164	0.10277297768730291	-0.3304343203095715	0.25435121641030406	-0.06169057651940572	0.09639105399851516	0.2851493576264086	0.062345449944468716	-0.06206596350762481	-0.11080093980079249	-0.21359646106238236	0.31296001422780867	-0.01587427036318215	-0.23889717377368458	0.181181715246169	0.176739448604641	-0.10645791310397341	-0.21230292068597664	0.37349978776647236	-0.2423008975558297	-0.1637212298946252	0.16659447899100105	0.307203861807324	-0.141948227562956	-0.13283366570437	0.6270891581005613	0.2384115960305098	-0.4080192000040575	0.09300392075451165	-0.30472825482438876	0.2562208960290519	-0.404213358739555	0.07079828400216781	0.13204785326342428	0.3511893139870135	0.19693053465568	-0.12379178532014046	0.4283260164746885	0.7217081409139832	-0.36416563129570295	-0.12814990340527543	0.47504382005735246	0.27929736526224785	-0.09859656264930296	0.6092608499547317	-0.049078395630503015	-0.1252518126296717	0.03232951674174374	-0.42819778837793865	-0.3991165730792021	-0.12106553583201007	0.2660188874060061	0.16392516356374653	0.0752109316102534	-0.4405968674773979	0.025572788361927896	-0.21046856593347696	-0.4128614344669461	-0.003743656921348072	-0.12203444567013731	0.104919813957475	0.031633505755929124
DTXSID9027233	-5.770262802012537	-3.401169499747724	-0.45765483307636357	-0.6387760512035732	0.7434626947080755	0.9393156009785235	-1.3459210266478816	0.5424882756200906	-1.4829351134682711	-0.500419849834667	2.3422826966029517	-1.0736072696704861	1.5455719277202364	-0.5269061263241027	1.481960983974522	-1.0643534353046955	1.0295617675675257	0.3964205643324176	0.24988689825560506	-0.5051061492735623	0.09917906755221477	-0.10058171752741067	1.1351505704180744	-0.11492278925890381	0.18808034242382973	0.36822042374756786	0.3540673544871033	-0.18717908456594276	-0.36675529042000926	0.19189576941499584	0.032237676605387025	0.6871301099020545	0.6166384365593083	0.2987589841241439	0.03481924452491564	-0.7930778124224492	0.42863645198694017	-0.0789192250093304	-0.02319810536025671	-0.16693781594131737	-0.2314729730929583	0.35621179585148743	-0.9495618329898479	-0.05542415562624875	-0.2658556194561588	0.00874732869250119	0.5080350634377707	-0.6115838986358711	0.03261735117956155	-0.1900905931146714	0.05801999491559874	-0.21372160800009757	0.02814805732686503	-0.18609914816368248	0.08613553423970952	-0.20077075804864414	0.4159370980440784	-0.3145001720784588	-0.5208796450780743	0.22731854106790333	-0.19496449963101428	-0.31997890966915044	0.275665208923331	-0.4097710402733149	-0.2803440899388537	0.11713716956208937	-0.7864849634643912	0.011902703277431337	-0.2687137566089909	0.3887790168296252	0.08912145771549738	0.2761706109380047	0.5256560803652932	-0.5084252259720087	-0.7002779747252127	-0.3195839050253312	-0.7549923416150478	-0.28864652651259143	-0.3657502567927911	-0.2185803441792325	-0.3184428884533515	-0.588374763061026	-0.6514418598937213	-0.4846282764789875	0.35064662948333686	0.35563095549887663	-0.04656431957275688	-0.191383637499198	-0.010735558019378987	0.14805308080654625	-0.051550191453656635	-0.04599354273239714	-0.06390464344578424	-0.02005339323075479	0.24396008460936233	-0.09351931751592127	0.6198886361008804	0.48370306382571643	-0.03329387249010452	-0.17285205072494453
DTXSID1033876	-4.808398605080262	1.1522025778940974	1.1936243913393896	-0.2184020098462953	-1.6062202855202	0.9508022848473543	-0.3267505289325697	-0.0011017045591372536	1.1395392834213764	-0.3759925106864887	0.6285572876219132	-0.3989284258225582	-0.26371620885187175	-1.0146332060030947	0.04774230418127465	0.10988497924046563	0.19164491572938652	0.004252091410515386	-0.4915616316271573	-0.6044318979263963	-0.08121115623687693	-0.2722824480479634	0.6489183009114141	-0.014457759254306844	0.1725345997632666	-0.22345229042047376	0.249607168554224	0.0130768094353111	-0.24268179131819134	0.006200320263650846	-0.37460735391345007	0.47435375685393094	0.5820721831193253	-0.08640630528956429	0.31204027610105617	-0.22124727693686197	-0.37332303895036395	0.07930220770238643	0.4638129199885753	0.05764492656262724	-0.09913063482721116	0.2766201068506418	-0.09839939910484041	0.2501519087708794	-0.5815324885978076	0.08628858641099767	0.23594832337030203	-0.08742210055893845	-0.0269847442260489	0.2077934913283806	0.09836579090006364	0.16864997574309643	0.26658103865899435	-0.09165745896722848	0.2337478460747414	-0.13007485247382553	0.1855573389649757	-0.02998581424753171	-0.34122390477181636	-0.2936725508712703	0.20199097967558002	0.2159901822261288	-0.2466986976342133	-0.09089002105757764	0.1838018875244139	-0.08505241226620024	0.501976265566708	0.5759575063685817	-0.10388774400502132	-0.10033949818487983	-0.19758004869178938	0.32688271169552	-0.39959514179736944	0.02770799551212081	-0.6993564472554177	0.1836208048209052	-0.018394512536691564	0.14102205427921716	-0.3709823365371212	0.5917417513426401	-0.03565327483139555	-0.3807784931137697	-0.1543263558333431	-0.11991859022033807	-0.016291881010808747	0.03551135373709956	-0.17903952751331542	0.7725839321107159	0.6698304762321017	-0.17520298765641815	-0.20339783635302616	0.29950642472855066	0.42288539267383374	-0.07437629648204953	-0.01398341977293808	-0.07066193632943714	0.3510116462229584	0.40402123596071565	-0.2092729702100555	-0.20175491250716038
DTXSID4057841	2.1519049326132698	0.3839923387805457	-0.07691763091850991	0.2058834722815671	-0.7192150355408353	-1.1666488992771729	-0.11908160315077718	1.1409228153216862	0.017732113629631223	-1.282831555705102	1.587067170844191	-0.48405914178301507	1.3716926316584999	0.31618052350140696	4.950673252492666	-2.426858994074437	-1.1210843644270676	-0.15319830042644936	0.1748319026588425	4.894000660255375	3.448167457678538	-1.0772466972781622	1.0578747380114066	2.419426028943558	-1.131058777398151	0.1063479680011494	-1.5239025360094205	-0.01314934663912019	-0.7204087354099546	0.022027968037790217	0.34833515754358846	-1.0817801719855626	-0.39480741025057475	-1.2824217401693399	0.7045736418386922	2.3414401468907005	1.936754097983179	-0.7539542507534978	-1.7487362890101756	-1.8184389351414763	1.612976796849985	-0.3485016974751787	0.592735908166374	-0.1683755803547551	-0.2896429493148144	-0.13022501474734824	0.2154165297124787	0.48633751616472004	-0.17984728118093427	-0.7444057856241016	0.013873383386616265	0.9029447441609956	-0.19891529368870517	0.41618539466340854	0.6896685192620651	-0.9348914398174293	-1.0490346822130014	1.3209835458982673	0.2842430615199915	0.8955251826384929	-0.05442623771228142	2.952268391055665	-1.6998396095556998	0.48165950243222033	-1.10931012500563	-0.07758160433884004	1.0541325164240012	0.7565116116992103	-1.4868035330549734	-1.3004539735032312	1.8482345974481535	-0.16593505407168768	-0.16236918483108856	-2.2926614647387207	-0.30498413629080123	0.608986712763337	-1.0190155456113204	-0.1354282358415581	1.6097265451418097	0.31191660492671774	0.8147774236763942	0.5125026898257666	-1.1300132570531514	1.2020037775744006	0.2317982192957762	0.8557351947517512	-0.7053571962562721	-0.0846385895469519	-0.07981193780709574	-0.13475519767702437	0.004580644031380308	-0.8749814143422536	-0.0521023227198951	0.06742224932522148	0.15799141244084183	0.31066717437002467	1.3366857544410373	0.7948293389948743	0.1494680179150324	-0.25854919931340636
DTXSID3022582	13.96767447612115	4.759045094906413	-0.24511363432274386	-4.584996313198421	-0.14626351520043845	-4.6621460588872825	0.35308856180213155	5.9164164591136394	1.3491200628516355	1.0991270306943342	-1.1598050481063507	0.0007989606506127133	-1.4624556786534408	0.3482397485634486	6.4662573299013175	3.134556769853691	-4.775183291130796	0.20651151802000783	-0.7903261836604111	0.2818002059559743	2.1173186015991567	-2.156048955014088	1.5829829242646438	1.9911402337154906	-4.517494786072189	-0.4717449185088185	-0.7581126779932096	0.06649867691960208	-2.1650121220308556	-3.554905601952397	-3.1364005389409186	1.8651005641014462	0.86094565080913	3.3769360617376583	1.0310303844844586	-2.6112251360545105	-1.8398310025939917	0.8718156926052065	-1.9319524878576881	2.761732230987306	-1.7441412902907454	-0.4209068409116374	3.423825508713285	-3.252605158269106	0.9635540282747113	-0.2484126436436132	-2.9895906366432334	0.9534379279904974	1.0505992863345883	1.246688767051478	-0.33693758838954946	-0.1381011186066811	1.4158330745130383	-1.1093369139787281	-1.546770173592003	2.942978051170158	1.2102698226716	1.1158139501714284	-0.29137379735968383	-0.5077974107757526	0.4865472449314069	-3.916375881478727	1.6409894560130367	-1.3545236203392614	1.8380867016487028	0.5749230585461004	-0.8663439091225277	-2.657539916517371	1.3196836609589409	0.7514760095010259	0.969357757122566	-1.0049115751606243	-1.5451851471628424	3.419527313445475	1.0099913666084905	-1.1679414803009902	1.3079441575301307	-1.5491441065602602	-2.729497026657097	-1.4101369365509473	-2.635372916528729	-0.3955190127627374	1.710169939152533	-0.3804234799486718	0.11485274202711085	-2.854074992008037	2.8719361720185614	3.003629870599987	-0.595649100554481	1.0551001768536794	1.2983817493812084	0.8078132113262178	1.7713071691269981	-0.12313872402114187	0.09024549900549006	-0.592125972619474	-0.4345306879306354	-1.5321975192873625	1.1296388169205023	0.3622695526948859
DTXSID3026566	0.11079272716859465	-3.014512675197421	2.009643914528712	-0.7416072075389147	1.7720729922524878	-0.9781083405713377	-1.9165413081257707	0.44504001715027713	-0.6770023079709555	-1.5738123536054358	-0.770941363418737	0.309360626115792	-1.9611383165840037	2.5417043926198626	-0.09648426600509269	-0.14954327719940513	-1.2254196495396954	-1.0491611539852335	2.065926274601132	0.10401842412261933	0.31635093540793835	0.7468237202719646	-3.026067263316557	-0.542976858138744	0.5122995508365468	-1.020901624809072	-0.6919036180402326	1.774661266788496	-0.14453879577578121	0.010146378210523999	-0.9815164458001636	-0.216531040692141	1.3788162701020514	0.5766629876605319	0.7863460358571731	0.7004113443445265	-1.011918065529543	-1.0798547945672752	1.280613386466237	0.46549045529983274	-0.677229362173085	0.27433219708122575	-0.03235812562879411	0.8471022455000442	-0.8474342172432505	-0.5152845362749944	-0.48766499077518594	-1.0360746344779428	-0.03545971601065309	-0.9172953560337153	0.1609580053518339	-0.24759961430839555	-0.5576991883835323	-0.12316242267626241	0.9555937466650107	-1.3591647842928452	-0.5927775523604207	0.21947424891341438	1.1114718006662365	-0.6701740600929821	-0.1853861659323836	1.0069642279862236	-0.3452326948779883	-1.4790123339030343	0.03490316994277689	-0.08429046292301447	0.7085475750769981	-0.10812442031975678	2.5026757850444468	-1.5764347338410578	-0.44056181228928004	-0.2434611444683045	0.29127763798311235	0.0974119913580408	-1.6829649282640213	-1.1589538810814142	0.9984736233652194	-1.1242319087480614	-0.36332774075579916	0.5894705690261376	-0.8571383123977465	-0.1374919557548358	0.1835305836977599	0.4516729395819907	-0.10147012586778228	0.8542657413149105	0.521704497978449	0.18835021953248895	-0.3908483086486474	-0.21173520170283236	1.134440218000229	0.4252045452866686	0.5771235630202015	-0.1880010747892627	0.48607956406574643	-0.4054722540251755	0.3134792504587865	0.03528380851343989	-0.940007215945793	0.29692895718099027
DTXSID7022671	17.36721842211307	-3.2497484727953205	7.577492979493478	3.4548642397234395	8.010239125128782	3.99745397936073	-1.5522479061923233	-0.5626270013363673	-2.6148491303120114	-1.3251451669127037	0.3047563291328024	-0.38868962728681816	-1.8051509036366997	3.5696636956202674	-3.4161513307239577	2.610594074326863	-1.8448864198106412	0.4980069282314787	-2.65110990029161	0.9337301647738806	0.5924640717261026	-0.42990000728103894	0.1381139983501058	0.18273495652923571	-0.2596996000772639	-0.3921800158910734	1.0974130987244073	0.22128151799306248	-0.8054016566917139	0.8699996417677169	-0.2556341956108532	-0.37839032729950983	0.22450835819296922	-0.04709795123648317	-1.8846231877006503	-1.2848350575322383	-0.8803983799582001	-0.12918539561202516	-0.6890774316538495	-1.2490185105529175	-0.9243143510306822	-0.5192613712049096	0.5787134087683676	1.074421951469942	-0.49031220994869945	-0.848670158747823	0.9006809794949211	-1.3842461708236202	-0.01006834665389097	-0.038597600914842385	0.17397668181628814	-0.8687727905546683	0.692411220755965	-0.4879039124377409	-0.19965487516634306	0.2914171244315977	-1.5022101736823885	-0.69040734715325	1.4769017128006272	0.3618639774117468	1.8936655545222325	1.5577436103341524	0.2501997608298589	2.2200277965017845	0.5613369692457439	-0.05665175363748816	-1.3161848252962711	0.8250287127615819	-0.06705367870631655	2.608172603593484	1.7920965793007972	1.094469433521295	0.4973751967018803	0.3899041474997274	-0.5783534922934227	0.963188436681681	-0.8517252926847759	-0.056625206133904454	-0.05720434235288692	0.03947394743801977	0.4323304620570949	-0.5907770493538578	0.658692918085747	0.017311430912871677	-0.22162079726875744	-0.0666605646592304	-0.32959024968079587	0.13633860785105212	0.12797203803301532	0.27818420585157777	0.613588738715832	0.5185495186578886	0.5717441575124312	-0.6032554154074157	-0.13329732071600092	-0.17508578342254552	-0.37157327132472207	-0.0410841138083506	-0.8566068758083539	-0.024806259758594053
DTXSID7021994	0.056317016846404826	3.713841785324242	-2.9310673303468806	2.4180254949910363	-1.3771088955436066	-0.703789486676172	-4.1360486783342765	-2.972915232240239	-1.2853885698669447	0.21359731054950906	-3.8303595571717737	-0.918615289410367	3.1620677764278295	2.582508570918349	-1.2268349245827481	-1.8020945981272918	-1.2489694386685248	-0.7759581374822904	0.6792431169500496	1.1570054473740614	0.27415544910032374	1.0682599092090368	0.8571946489910319	0.0603493544447817	0.03958845385156154	-0.008623704226536001	0.32316438990402413	0.1200621951042025	-0.4514316803758001	0.5581259856487046	-0.1790536178719351	-0.8861343945353441	0.18847879667621897	-0.5222283774853963	-0.4358674791865114	-0.48888557593531723	-0.8160577311601027	-0.3662008554202561	-0.28914956383428203	-0.407938313996177	0.11936036651342101	0.3052080209364661	0.23762722446448523	0.2668786174553714	0.4132926333057256	-0.4322027801500055	0.60016479844654	0.13646161536418067	-0.5397395275793221	0.14876844937625114	-0.20251881301878819	-0.291476893036271	0.4874438860707104	0.11074108003270004	-0.6682748310336134	0.6574227172317466	0.12384512285503399	-0.15057247437282714	-0.47991289473994153	0.13388066029420118	-0.3960765098994966	-0.4978795167640057	0.5299545509483892	0.42033795967812443	0.37829227983913966	-0.6336577138361563	-0.12194434986432108	-0.4509544700837962	-0.983200571329145	-0.32987357529039657	-0.12576117675413317	-0.14545067708063955	0.2336337999786596	-0.8758463098918715	-1.2384110104751596	-0.009572642966162356	-0.785559142583735	-0.3464509643306979	0.14781983346952252	-0.23237178298501096	0.1284448508709314	0.1302597005420224	0.6369618997983973	-0.12035412984311128	0.03377445521202537	-0.11784489597386114	-0.316889395434996	-0.6111032858946729	-0.28644005099154146	0.026566854053393568	-0.38158559967803074	0.3956530365901241	-0.031371762061424446	0.2214568566926558	-0.00745191895033045	-0.4445335741602603	-0.03795474871346375	0.023927186081510843	0.1984007446600325	0.2954185330354567
DTXSID8029105	-3.1413391699219715	-0.004921420004823368	-1.2634813296996648	-0.30963715062415986	0.1959379596408538	0.7571007384830537	0.007553039767012863	-1.725753725305388	0.8817087328489255	0.8306235421779424	-0.7244683941707596	-1.1348985125621684	-1.0966634861251996	-0.5123739205030539	-0.6420586557687092	-1.4402415247865563	2.5513718051277605	0.5864435221530685	-1.9617149382457075	0.13649814205143454	1.7936621241353685	-0.35140870539209984	-1.729802559690436	0.6085695583069305	0.8492275417216171	0.5268281219177092	0.44330346174044255	-0.3351980905816248	-0.45642069181253453	-0.32771592889130946	-1.5663460925524837	0.2929844698995055	-0.31210091275837415	-0.23710957556658252	0.29609518592054335	-0.4584778439905994	-0.19868775774060082	-0.26350129158572005	0.3043741883742394	0.3954417929553147	0.9129192719887362	0.9580265504997572	0.00761279629971553	0.4631505024041646	-0.6907905238263606	0.17217560598079276	-0.8154393430429978	0.012167279650966941	-0.1407287561420931	-0.11519860013980968	0.04972114940435119	-0.5100743083184305	0.24602680903628696	0.27722399356021865	-0.635079565134818	-0.45591332934585455	0.19436655994718038	-0.2772815881536489	0.18487470607489356	-1.2616529870677196	-0.37593979242318354	0.20143076757027586	0.44835503501273993	0.4174920433849331	-0.10725954124473638	-0.40969454792532356	-0.20181150238996737	0.7627758243234548	-0.534176372278238	-0.13381696422705902	0.5581906453498706	0.7374192331839449	-0.37204496525516917	0.522839282859391	0.3941786856922629	-0.4264646043841381	0.17039208233223865	-1.019308281505349	-0.0501679694641875	-0.20163902510031703	0.2539812493466604	0.33012313249717873	-0.6121627435426948	0.037060920505956677	-0.764280289982651	-0.07492370527222494	-0.4376981260700708	-0.26508864974767393	0.34108090851111494	-0.8896289095252702	-0.45971944213905885	0.6664057857990481	-0.22758394742450921	0.04490408294651614	0.15097998397712387	-0.2961077518629479	-0.3147004372798238	-0.23928648658249385	0.0800444258243124	-0.1453995288689862
DTXSID8042509	1.3464791089332855	-0.1401787847813352	3.1814968109752577	2.9050716595523993	5.652764675482081	1.7659655018247586	-3.188766439251953	0.009395920974497271	-1.2639759112068212	-1.9034869553975597	0.7485358623912902	-0.7234706155561118	-2.017056086460674	1.8148098213929926	-3.630970645360177	3.14518719049143	-2.6599389174036094	0.06436076874217371	-4.137181286056293	3.352237114741193	0.7391026486216337	-0.23879727392623673	0.8462224034915232	-1.1057352651347907	0.7798491220332213	1.9482067898091504	2.8306885421364263	-2.22095789269692	-0.4624912876595622	1.460582548352961	1.1015237656555337	1.1921396910676094	0.2633334050505991	1.1172755716624738	1.7031903621487536	1.4513140046449609	0.5572676052369987	1.1806489360302697	-0.3315126423111424	-0.24936407959066642	0.7504747090212269	-0.583829097699859	-0.8131131504252846	-3.5211519095036294	-0.6001088841250604	0.7176755105042354	-0.27970272979160743	1.5779787515355073	-0.6434673478872948	0.08214216733954748	-0.2010387504379758	1.2461778787813824	-0.48848480384957177	0.25956690441178737	0.9192603880591911	-0.0893466215100027	1.472952919357105	0.7342624569221198	-0.7546291519514174	-0.7033871822020245	-0.2653064012110119	-1.0991627220901794	-0.2919501297085918	-1.3001876123825118	0.3058393947697036	0.9807450257103715	0.5945532492191433	0.0411415322968039	0.47915290669127325	-0.05879097241729991	-1.2691567443460567	-0.6024263333469188	0.8075104566360614	-0.6437378060628087	0.18911518737491162	0.32900913284507716	0.04305708062228708	0.17250044640733292	0.10022514642373107	-0.3297723300150315	-0.34238418748320915	0.7130465307820038	-0.7566069391192474	0.5529747091559181	0.3272050144119549	-0.05773587276537932	-0.4067289784581754	-0.720040329365242	0.17022550104012246	-0.2834757913479663	-0.5829853585153068	-0.11403984172978548	0.6479892056819742	0.6735373081528846	-0.09659944892304374	0.029828322586691786	-0.04900723404583782	-0.09596769374282677	0.41678005583178646	-0.3309859382031177
DTXSID8034792	1.6173533483458882	0.7602407633713196	-2.3307863916506246	0.8663778487047602	1.7801117137669924	0.21712351232207813	-0.8279988668580438	0.46275561882344923	1.4189319407884051	-0.8903422605680804	-1.2694870845669375	-0.615951874730924	-1.2475094071094184	0.43224509509947695	-0.5180934741274197	-0.5848656234652092	1.9226119594561046	1.5100018589958148	-1.8058935948077233	-0.07834843923314509	2.796981612820725	-1.1923199176034442	-0.37352947316282165	0.27864610405548923	1.9965953083202306	-0.144874926971601	1.2058024835373198	0.13280261430769738	-0.592261396745981	0.6395387491324424	0.2069640591598341	-1.157871801722018	-0.49528916098506176	0.636803029851966	-3.1822140886783674	0.008928707459564651	0.24840211013185254	-0.5456269327293501	-0.059032541092793364	2.5614583495077987	1.6163979045523893	-2.8358750744726633	-0.042734875568821405	2.1772243126312927	1.5296085278263112	-2.061457673846001	4.402418458716943	-1.6786671958653503	1.4852447534275879	-0.6880910166779819	0.38566917982959015	2.806869058250175	0.5474020531546346	-1.9746447414899861	1.3466712303011181	4.011797168033358	-0.5798385947910161	1.8075633391582393	-1.9342367527658106	2.0643504656227285	-1.594943681240653	-0.8683624365672117	-1.3449133850509194	-2.1950046960031595	-0.41289953586848044	0.2452522828338077	0.23024450633432308	0.2568042768317766	0.588147888756038	-0.19378549390756	-0.4158779754669394	0.2041400173357403	0.21515251516609954	-0.5205351347760673	-0.689595105399055	-0.527983932045808	0.866893041100773	1.5199928650802443	0.2695844069870666	0.35779151197850556	-0.36368821541971297	0.2935127957770986	0.1191015416985307	0.2087909311091035	-0.8280105705326049	-0.5852982663416442	0.7599646470746724	-0.05653374243453036	-0.037279552972378054	0.6997437554847106	0.2885266336271553	-0.20095949679126407	0.4913610364247981	0.2423756715031264	-0.9061310868829007	0.20732304465051501	0.6831746364417697	0.33006745450486963	0.5792287152543285	-0.8418718604104611
DTXSID4022107	-6.594695705557345	-1.7501453382499972	-1.5220671671334471	2.7291105722540068	0.8510835702213535	-0.8270486456941436	5.622860665873248	-1.9108107651403663	-1.1311196688247098	-2.533528407369916	0.17326396740331834	-1.127046952518981	0.9299809508878255	-1.2217085295720176	-1.3513392338240386	1.1803537769043602	-0.7103190433049613	0.8239246251020601	2.1807966408024826	-1.8796590068342147	1.7095866001480053	0.1679056890267976	0.5137432192058684	0.9345796525173617	-0.6041265150931963	0.291682194053104	-0.15404317070371865	-1.4846232798249897	-0.9182598469292043	0.6682207030486611	-0.996156898502862	1.0535719823750165	0.4637578861693022	-0.07462982363749446	0.2893974797037087	0.4504510420511845	-0.644009222148853	-0.3433327017992491	0.26338086979161424	0.2885290663757654	-0.28897492182334394	-1.0340563025295728	0.3276217198951473	0.15418036670283058	-0.3922723388147168	-0.6709897181375994	0.9003655663278857	0.9289775420578114	-0.5724919288684721	0.2694751099717307	-0.5634599058142619	-0.0611723212309931	-0.4968924946438824	-0.3352536921904328	0.29960443742175913	-0.03396692537264381	-0.31886803104850814	0.0104950382048557	-0.5746752764268659	-0.06291058229961911	0.5028084124685597	-0.23164404393214824	0.09195495446020603	0.6336602767084524	0.15689263666555378	0.1423913610332433	0.361554481431232	-0.0666899264621457	-1.341301845696224	-0.4061058525918157	-0.08283940225106397	-0.19818448231388622	-0.1624015942265423	-0.3875328277323594	0.09241742496549493	0.18737962725259566	-0.3748717976490552	-1.3438083850498879	-0.29238474854797497	-0.4943478494084831	0.08003388098514105	-0.32813802818223625	0.5473623246835626	-0.09916281706106525	-0.1661149306562387	0.2866378509360868	0.4095056338233555	-0.35287672117340396	-0.9490883953442083	-0.2317891970131732	-0.1335737613142383	-0.2944269198761072	0.2709901524116098	0.03502091476156314	-0.16271991267379737	-0.30040906973113013	-0.010325166138711884	-0.1586186018357815	0.4033748098253109	0.012836159557860006
DTXSID8026309	-4.944529056939262	0.5116622069040224	0.08858357888995137	1.212934556132401	-1.362733602578391	-0.1714169351093899	-0.5095248290076264	-1.4576584014198706	1.3236254979263558	3.262650296257965	0.3518153424932213	-0.7706336754860622	-0.6712076626161749	0.7157607567792483	-0.49082980522973685	-0.9982440342347882	-0.17816428374203896	-0.01792156922070706	0.10017940092651989	0.14248670459248336	-0.6899614348412038	-0.07025852662257048	-0.13006603097116914	-0.5987924231665477	1.000879998774028	-0.7557822646896986	-0.9568557410951448	-1.1805516212601388	-0.5694813931943719	0.4998489746473695	-1.015337510947059	0.5877646964414177	0.8691809797517319	0.3739725071365063	0.8844414664565315	0.6308883516726099	-0.1758867374484036	0.37051796144228744	-0.016722398847668435	0.2621733515993334	-0.3892305204303241	-0.5295990421402369	0.44100849282551036	-0.15033077340795123	-0.022414898348192953	0.09751382706986679	0.3529808276592427	0.006735977596966773	-0.183648643167958	-0.19248033951076282	-0.09926329494172437	-0.2403292580741049	0.26326792038810903	-0.4883088749703092	0.09960623353777379	0.3610026804630897	-0.707535073472417	-0.4822349434746761	0.24403639813366926	-0.5169533465298378	0.5709958951561656	0.049119025310500795	0.008825769656275297	0.2756566456797319	0.5094949348759422	-0.03487423144571072	0.032306344309709877	1.1710484742029235	-0.08238944458440518	0.06673942749892228	0.3662554436661945	-0.10859638034107037	-0.42223008348160856	0.5144310726586232	0.44389403917146675	-0.3413773283064761	-0.32042513433334713	-0.44806435290849933	-0.08604527057006614	0.23526801914665715	0.39332235322139913	0.7673705083611173	-0.055971962269038604	-0.4126154589110034	0.23197382125925237	-0.06109902915765518	-0.007032246164797101	-0.6025873350790294	0.2958584648664779	0.16044630429686263	-0.09157631037555437	-0.008183536325010371	-0.48598217092920065	-0.3143067495437669	0.14423751129421145	-0.4172399008972375	0.028452917943934015	-0.17227122147826454	0.1585350574501468	0.049451927710559514
DTXSID7042352	5.654663643618074	1.092818072862919	-2.3300641126441954	-0.5966335446518205	1.322824675861161	-1.6574716265049787	4.807356595158452	1.1960888888020578	-3.8716921310367858	-3.2303538813775674	-1.6911799928030382	0.7025164765793523	-0.8278341773648019	2.4533588770875734	-0.08593514094087018	-0.7526787282012044	-0.0989742000265793	0.31436563326374245	-0.5975581284650564	0.3730231708715897	-0.8386503706518719	-0.6735134005685572	-1.494245965846081	-0.5964142753158068	0.871889841653704	-0.4128648511471926	-0.7936550718990315	-0.03870001351417903	0.3166553118848611	-0.4907502544926175	-0.10162823075616327	-0.28703952840723956	-0.314535448735728	0.35138815841277965	0.132468583754215	-0.00556427844074845	0.7599203992389745	0.4381039776195739	-0.1756159511301936	-0.1237748499243013	-0.35918822845827214	0.051381963242067126	-0.6242333977989237	0.09348736179169435	-0.19677472351229516	0.3313801926108233	0.12136224725312508	-0.307756741961199	-0.07549363826628575	-0.21923913140942164	0.00835368683036817	-0.18998216673435764	0.0636216764395718	-0.32370871425102304	-0.06135278077314094	0.11205557477512995	-0.5799625196515533	0.3725184462445489	0.12560670333521531	-0.014386663039958858	-0.0896892252513812	0.6796898371350197	0.3403724844588075	0.5675412287089995	-0.4863235791659086	-1.1343659686525605	-0.44811032422025027	-0.5324658338242692	-0.5361175584036305	0.6841515666544792	0.08695884748779677	0.006773777040014927	-0.5229169310114321	0.45620876978513647	0.4838758068050546	0.589981640370333	-1.345909575769954	1.0973835715320164	0.839503854123431	-0.4852981107769794	0.06668915176141046	0.6067282374637656	-0.7252832682780449	-0.7289600973733706	0.8147440353123208	-0.38145263816103014	-0.4503318337958953	0.26768883617649186	1.8748833574778054	0.18936504525345943	0.11243055970820037	0.05924045990169395	-0.17048953811062	-0.25504901082538173	0.23613681217186183	-0.49427508943458826	-1.2239183112833605	-0.5332996628669039	-0.8125391154369795	-0.05348207640954268
DTXSID9044457	-2.5843564747449657	-2.6533086151553507	1.7165953363973963	-3.6106794839088843	-2.145214113945966	-1.330386754360698	0.07075625420598627	-0.4335364349572678	0.9086549226951443	0.8868130914717424	-0.6086852366973403	-0.44432239766510034	-1.1302630699603913	-0.734655345130524	2.5567075834259443	0.7835608546234646	-2.338590376128529	0.08938352985522664	-0.09783581119801933	1.8351269095232827	1.3809274810635745	-0.604601579723286	-1.8669942065387042	0.17038060347554843	-1.3166893755417342	-1.0031701392722838	-0.45502226429069614	0.6235742653782956	-0.8727014603089861	-0.40923582533519615	-0.09491417784884723	0.9604665802869129	1.1414859546900702	1.630653996494961	-0.10071557944887434	0.7079713987690041	-0.5758527181146661	0.044831656561431545	-0.841619090158809	-0.3082661485825279	-0.48520419014156346	-0.938703821026816	0.627867637274048	-1.1304166438399434	0.1120611723179747	0.07971251799509259	-0.9441149837860029	-0.1476859424742292	0.38151316819643816	0.004349359813791143	-0.21699493499348088	-0.45569963493210186	0.3474021048512325	-0.4826983345638396	-0.7508146288020869	1.4034106713076715	-0.09448334143393283	-0.16013672186198477	0.1260216191157763	0.27279665493103017	-0.5798095712733543	-0.8957120464235075	1.752127992795259	-0.09764898798414337	-0.16766620734714896	-0.3715412486449288	-0.9196080369132453	0.09276460505451978	0.21582793610612386	0.9691101619898852	-1.1355850677282415	-1.2536602518325335	0.4878545748799797	2.1428647720539096	0.18117109494222616	0.6440384850641818	0.724887080308941	1.0621028324194106	-0.4123846596082719	-1.2074216957137018	-1.5371036553360364	-0.3252758874077715	0.37235102299678735	-0.5410234174597723	0.028637182770847067	-1.0658885740063098	1.0485917391783843	-0.42038263339536935	0.15997199277552107	-0.3815795003935053	0.5178371433507606	-0.3520240087011994	0.45694173434074237	0.285906962443832	0.4092289153356769	-0.2628572189566668	-0.02236283417318607	-0.6850616784661112	1.1417279055622027	0.9314331163434515
DTXSID8022531	-1.694109886507897	4.448299306699171	1.3095673099392526	1.5102932695659745	-0.13750013497698843	-0.17138393418936557	-2.533070352255612	-0.5559966189067804	1.6369230858025947	-1.377744149056442	1.6568858676578182	-0.615314799854729	-1.2788623265512489	-0.45070176219576463	-1.570922293716491	1.601453333490663	-0.23873300229059663	-0.08673436190766427	-1.142641329321224	0.21892663860132194	-0.1847849274152432	-0.18821538957330325	0.6334613882142882	-0.060182879738674235	-0.06037973768813788	0.9680355825175031	0.5304359727776391	-0.3758200152597733	-0.07235033489173225	-0.10289014939344884	-0.541367940648672	0.07507244667091226	-1.181747878599677	0.14343281596204	0.3692271458490445	-0.4405055466548288	0.5493993002276131	-0.05696168440090013	-0.23822116977720184	0.34979611531798843	-0.31434113782666673	-0.04054832627744236	0.3365235600968708	0.0541311832081798	-0.003503394314040311	-0.3216467780779229	-0.19838715896274453	-0.5008062646825978	-0.17244988700483102	0.21274267722948093	0.1704790813114735	0.0579242683943675	0.10736066829246158	-0.30353932530761735	2.0267971063268388e-05	-0.3200456480728809	0.012882622937964517	-0.16217471657448246	0.34403206047222423	-0.32194829983566164	0.20907875248622204	0.11799423851292307	-0.3614990935003639	0.7655617678200541	0.26108727064576015	0.8070743528109656	0.5292803579325053	-0.7213382761606564	0.7508757942520059	-0.12654571464950876	0.20190420893062708	-1.1159646670697374	0.8241625203402494	0.6461452621749285	0.6580725185368714	-0.24157670124858266	0.39076667850855124	0.07567235197260881	-0.20104224728334572	0.4126801787893508	0.9956066084758324	0.11489891879459584	-0.16992137413329914	-0.5081265148171028	-0.00524100777066793	0.2703021068724004	0.4507725916870339	0.018030155708455117	-0.2544866611934106	-0.23025913020512861	-0.4531661455361847	-0.2622527672769742	0.4324480502503059	-0.4542845397484318	0.5629293461208358	-0.14470037414491532	0.15685273211829723	0.33313090795639677	0.22203931243542066	-0.46928743781833093
DTXSID6048333	36.922718843596634	10.911852350594772	-0.4310293982861431	-3.0477122333008233	-6.903722646870224	-11.223256414989443	-3.7218317850846394	4.8697688609658885	-6.651951866492646	-8.056833667056365	-9.06281216728743	5.8177022356212795	-1.9432626873028604	21.199325150706997	7.583847919230191	0.9989923788185712	-6.084471403943299	1.1358113037278068	8.189754030183224	3.1725121362793476	2.906917371458597	-3.733859886244681	-11.562368944249869	7.652040569227825	-4.991495742162623	-5.095051092492255	7.869880168444017	2.9301179181972534	-2.561395530334981	3.929779272094951	1.8645829126542317	-3.4872052421794058	11.969641645836873	10.232269670493947	1.6370787816918417	-4.231211627853917	1.1068373155015363	-7.375707268304143	2.123977895759609	1.5684585669491649	-3.614205954279875	1.8824354028491905	2.3813318426724606	0.8070055231765311	-4.88074867454314	-1.7808742785756173	-2.5952407420963013	-2.4975119338450016	-1.6220010843422887	-4.301717767183922	0.7279181504199798	-1.75073408295518	-2.0522636876974736	0.3965360328736463	4.347930686759335	-0.8564402846370635	0.47348020390319756	2.5387554979256732	3.422562694674173	-3.7720340656738833	-0.7408248549265485	1.7942814136773364	-0.5997678185489889	-11.128214910076679	-0.007353663818471888	4.247665943034713	-1.227402491354461	-2.2365602162534044	2.2204543870465105	0.3526862147822694	-1.0340253390493326	-5.686888559695659	-0.057928187057387746	0.6689613693850751	6.525653569606791	-1.0852860637245219	-1.2961772945715677	-4.61050859428992	-6.353669515943333	-0.15589907315589804	2.82973146891933	-1.452002099928128	0.8977531848719204	-0.29316130960091374	1.8230602030754277	-3.0367083137515345	5.274976271734789	6.702003507980387	-1.2777475889683967	1.1044367819247976	1.74461109507687	2.7805300173361815	0.1426730692336758	-3.179315301691546	0.5709334179383886	0.4021516596372297	-4.004889484080841	-1.94128044071856	-1.9369557078344022	0.8935688863104821
DTXSID9045976	0.8167637309690287	-0.17927078227149146	-1.8299872320465975	-0.09593387220881422	2.8098679225332464	-1.306041286925859	-4.278029442078508	-0.48914273710336614	-2.318330576125109	-3.1496343082884155	1.5083655678446426	-1.0569145117335936	0.8934978823473944	1.635991419909271	-0.0011024000877382341	-1.2398212607339172	0.5032730411342277	-0.34118027400441453	1.2648694421590567	1.0925337876425383	0.5399293453973949	0.3622319303646777	-0.5086054140384065	0.4791444111396742	0.7637538930834916	-1.3318616011381956	-0.22168002611642776	0.8071558863492477	0.04928629829409632	0.4894020580332044	-0.8667892565536882	-1.8362296903727358	0.7132118583086261	-1.0095025722137256	0.5563885041994727	0.22217551292603543	0.1861479710188521	-0.45936783040608975	-0.38620687819621013	-1.1284002426016388	0.5857221071052033	-0.5255956485581063	1.3278431432095856	-1.2944889321730162	0.15769204106190873	-0.4897532047147574	-0.7125644933670244	1.212590367509592	-0.14231949179799194	-0.08503464317142523	0.2829032541648166	0.610252747049033	0.5858176148171916	0.32012485462792345	0.2914993201604894	0.9880802461138528	-0.24620205991598607	0.8745006798787289	1.7948018496636347	0.7775497882856938	-0.43312850871771735	1.033144902743065	0.0072888222116675545	-0.965634553979268	0.6648282042431009	1.0859159275616608	0.29165285966533966	-0.36633109348433324	-0.9694449701095342	0.7730535237498264	0.8302061792667013	0.05112658459725022	0.4384413237105023	-1.0169840931461205	-2.0518267890437034	-0.18660344230746934	-1.8087404389463113	0.7151802858684168	0.8436131525850685	0.8259181545867422	0.6296937070375759	0.22610176669985163	1.6429987474780388	-0.13476022907918778	-1.1548625566841537	-0.14705741151255652	0.9447361105126936	-0.3057426023980129	0.746574932573117	-0.4053704897636117	1.261006868468821	0.04193342786153067	0.6180307134434418	-0.38720240553282936	-0.5346432763261931	-0.36500346511851944	-0.7895687816884375	-0.36689118606287974	-0.32819157031293966	0.02835756991849344
DTXSID5041518	-3.4933574176606896	-0.3012016983104936	-0.3508560389222427	1.036422738433823	-2.011523701826063	-0.6575732126701546	-1.5295381641343802	-0.46170109975056944	0.13921007454385148	-0.8272465250264417	-0.5486876463543294	0.015867845579061155	-0.17256483903735073	1.6732852105953162	0.5081573555996015	0.3994174386913332	0.22628982943375725	0.7889599611102421	0.4078540240041795	-0.7313392202176553	0.015292076638059603	-0.8124480939236437	-0.9394774858125532	0.98287053792086	-0.5407278257662753	-0.1807730701011818	0.9398350267976496	0.16074213630092365	0.1110078824466281	0.42534611456195265	0.3172329661591855	-0.8254338229339072	0.4810754281026864	0.11114224784812962	0.4997762744201041	0.006148185056304886	0.17201551933422207	-0.5141501683752574	0.6220204522085097	0.1900107681080768	-0.1526307552383204	0.47253577985221196	0.10489868909051325	0.6331636033517786	-0.6979238914418481	-0.10569730556315413	-0.08884996450260563	-0.624344558048508	-0.22878519986485815	-0.38324561410056246	0.17383017815824492	-0.0636875548991136	-0.10890325442423808	0.03237038356216044	0.44758760015533877	-0.9660802328433992	0.23431444517572672	-0.10454439276832697	0.3922991197123985	-0.08124994954221695	0.056942260698372445	0.4122928813289038	-0.6982642844496902	-0.6334504950834257	-0.13402838967368277	0.6393849664188964	0.5378554341584769	-0.03932977301774339	0.11190726128490742	-0.7095530554786844	0.23730466804417485	-0.8128636564296775	0.06345996669208497	0.17120012892855585	0.24294333008382524	0.12018848867313045	0.20371181199871827	-0.10844667479934512	-0.2068914371595915	0.017428539000664295	-0.06291143538421388	0.062066659118436666	-0.018208224803100904	0.06100818889135231	0.22586602374969122	0.17742797309856778	0.4086285528784873	0.3838755894532077	-0.3963398670684811	-0.0645042251591854	0.21765535171610487	-0.15259211250559368	0.19764509917002804	0.10165391730976484	0.11953337495082218	-0.05251234249247136	0.12915688124571234	-0.125790503077296	-0.0762980009677303	0.403033627614444
DTXSID2048161	6.240367050988331	5.968209524028634	0.6313501100405957	1.7027031589121169	-2.907865666544158	-0.7760875960845931	4.13458741064031	2.2545364968397203	1.1860774539340566	0.012871154507475937	1.3316691820961615	-0.5740420352143272	-0.6230911059848846	-1.89023433627146	3.0752177316989338	1.5047101296688674	-3.4707062807491784	0.5546787753107059	-0.6342431841006546	0.0024757533813290545	-1.434576999199252	1.4636525569734882	1.151696316287769	-2.0839686195256677	2.643623015585226	1.2114381821619127	2.0305888897410274	1.776717114110546	0.4396352242804813	-1.5949655301636567	-0.15048519269962957	-0.9454318100636644	1.5748457260706525	-3.916072166571481	-0.8261629157836994	0.4587082785894876	0.3513478387490218	0.08041679472402828	5.812042398534613	-0.7616862994418109	0.42249224019249104	-2.2338157703294783	-0.6168996517865413	0.7559711294645135	-0.6573963559982854	-1.5774262519491877	-0.7442272440429298	-0.006296202572184142	0.38630391309405276	-0.5733461517012972	0.4384423886911516	-1.151175874773096	0.45757871774986264	1.1670354456186485	-1.9700264089949748	2.610439253305053	0.636067015274351	2.1049860447487285	0.7099472118339051	-0.7725379521888457	3.4379041629323606	0.19657024617864557	5.147275388708794	-1.930548802259888	-2.8405202309935893	0.06308198551159305	0.4239849686175443	2.205425641172029	-1.8720880017123822	0.7450851530747541	-0.8109368912521346	-1.11597264769856	1.4275937494120305	-2.312383120107396	-0.8018363897723391	0.6081840626538129	0.18766648449227022	0.12498257251876074	2.564057395512136	-1.8221704028663506	0.2572214416297986	0.5473205371293559	-0.873949318531492	0.1559781198264428	-1.0433892659543633	-1.2014475599582182	-1.0570800805682985	-1.3662751326696871	0.8776020910693112	2.0259700016657507	2.140896462221057	1.8306624452777924	0.16018415649303802	-0.9136236333419069	-0.1772906421296056	0.8106582131184266	0.3437346008992785	-0.1502793824923464	-0.8166026536918115	0.017365505416119163
DTXSID6042448	2.0895378765155823	1.3161299838232896	0.4059879500492656	-0.890336505787397	-0.22439515265811766	-2.5366743372843605	0.2898349839238249	1.9607778549214208	-0.16122238836152283	0.10986411756726067	-0.10331853344257023	0.28147243474086997	-0.7401508690701925	2.9236279417864717	1.8416737493078312	1.173152234151859	-1.5144381857076596	0.08066284270646007	-0.40535753863735074	-1.5501766872017557	-0.06588966886625587	-0.4277580927972978	1.5673488589003082	0.13202875428704167	-0.4788978787069693	0.479559384926408	0.19624057129432457	1.1407254180898851	-0.1498992635137577	-1.167500869547512	-1.61899363697069	-0.21485421386173556	0.9041743766465982	-0.4429709779652603	-0.1270695787032593	-0.22071832947426828	-1.1550795612207005	-0.21920264820154653	-0.8788240781196349	1.4140116456499952	0.6766217182839915	0.39765578356233494	0.7950193723769068	-0.50007910282749	0.2507696526891125	0.28225223689404944	0.15566590950825118	0.7021812872781906	0.24029240362143878	-0.20983915601415665	-0.183265365304153	-0.08942810562413184	0.9985244151487045	0.02248565576606173	0.1590088094132062	0.027577217454808685	0.14798980776787812	1.2611825757930974	-0.3674886038240505	-0.4080825139630234	0.12897020774966372	-1.2512187343786818	-0.6222952391527707	0.41971877840958655	0.3704628657807452	-0.09741359673683546	0.2926324910117776	-1.1440989421212622	-0.16823979012093981	0.07059922249309528	1.568641157983472	0.921471333220413	-1.172997030766318	-0.9322088426036326	-0.5235893788697096	0.44252135067600235	0.0007565932860726964	-0.5816206037074004	-0.08318815747269409	-0.37114035276002455	0.42161440249971677	0.47347615018660005	-0.3936303356852227	-0.2443736051201619	0.2682740539804489	0.26362309796441996	0.9392603504277877	-0.8055129233331282	-0.9385263940603181	0.5401774262614022	0.5336014814803359	-0.3295663179786463	-0.7421710809721228	-0.09973154524149724	0.6625650187254812	0.36394399875843575	-0.24802744076868552	0.21443666234442688	0.08707494701355405	-0.45146290006811757
DTXSID0023907	1.122890872593113	9.116720753232526	1.886374283215414	3.276096046968354	-3.5881432229506545	1.1914553725887758	-1.659225085522232	-2.6161048475730357	2.3444207976639193	-0.5048490468125671	1.86207496755581	-1.310350472741393	-0.6566360152118689	-3.3544933655002254	-1.1159400591176056	0.8010065760752182	-0.8534498740052677	-1.049407421281372	1.3925063706365821	0.7135056395445186	-0.05875858505021304	0.18544469742806582	-2.5455284419503297	-0.4262198919507255	-1.5384239695495128	0.3985633463577813	-0.6735305723428082	3.19723542571226	-0.3457588015956615	-0.3450507998353914	1.4512782443782213	1.0132673828041034	1.2140432024114245	0.2878906850114612	-0.9690456542026923	-2.8624031217224153	1.472313615755871	1.0436216817335735	2.3461152116156114	-1.036996116251229	-0.2832467827600847	0.9603621676781523	-1.2922555962627607	0.10069565544232692	-0.3197085691320174	1.8594534788855441	0.038212414898695715	-0.34008546178696186	0.7124649709229366	0.12951935671385584	0.5843476889918254	0.5855997714288049	-0.7463064539782607	0.6926927653100352	0.6483600290436984	0.008112721292106462	0.9508752961176132	0.19130545999501672	-0.15840616435508698	0.03757856116974439	0.5925692342321341	1.6900337293067347	-0.37173047602221204	-1.7060462477737386	-0.35898568133019476	-0.8048577342141616	0.05287001098912773	-0.639353336557893	0.18788989119795715	2.999648797805748	0.7749247586663428	-0.3831651760683681	-0.9275041177750494	-0.8221585976599834	0.2957633456649623	-1.017057912560731	-1.755219351591444	0.7799409248528385	1.0761374630933642	-1.1896850576643112	-0.2401252832968853	1.2807349472532736	-0.05194115163442795	0.22004257905983465	-0.8312537749002237	-0.49620911157496034	0.05315713937692826	-0.7830956916834115	0.05447311702078237	-0.24874225705763925	0.824671188946283	-0.7422597148092407	-0.09323780508583171	-0.10347970724914585	-0.7132797907368151	0.3329455678615519	-0.5027291164169803	0.40739124669818344	-0.5160642641751271	-0.23936345096665196
DTXSID6042072	-1.9789112544890024	1.0434124960388482	-0.1292913246878948	1.2387735197012992	0.6571283048632529	-1.1538434600595824	-1.0179143240866646	0.5363587478483163	1.3114987182371498	-0.7998394182800362	-1.0356970574665927	-0.8190942829219658	0.808349221384693	0.9645672735095597	0.38100401252595967	0.4837018373680737	0.6497931086594968	0.9377277436870807	0.588070640759383	-0.6997724635103456	0.11706538360927447	-0.5906990470779508	0.27648212256031196	1.0282164237698055	-0.25064973403705837	-0.5473108533216581	0.8238117792750916	-0.09401690619516359	0.22574022583531106	0.6656636883286108	-0.21489141459256417	-1.3773405373544167	-0.04983466482071692	-0.21622294797712752	0.10136826171345957	0.33847051908253556	-0.11530656449125454	-0.3687622825058367	-0.09910647932898223	-0.5626652187477533	0.10806091667141314	0.09512718925828842	-0.4795258236727266	-0.39661774910715186	0.13963020187003364	-0.0478748603518267	0.02355307809683224	0.07156145504740596	0.08496475241867879	0.25886777738019395	0.01274882314191657	0.03160140225609378	0.1914443324891945	0.07766155791502723	-0.11016720211043382	0.27288989551235887	0.0919986503639278	0.23534149185743064	-0.00021429317044747333	0.7027938675173181	-0.6612383880961668	-0.47050862568200996	0.44376708010463245	-0.28713408557604886	-0.22118133792166883	0.008711940774269221	-0.1544174304439335	-0.15929471494364006	-0.5742881413330071	0.41374972631699786	0.3786104492869586	0.03298330473976102	0.11217318423741839	-0.31938221718490595	-0.5082500076082204	0.23514481155828168	-0.47651090164971394	0.6376784039956348	0.3615986722726358	-0.6465968608410385	0.050718540263433844	-0.2402745208875078	0.03002289482097001	0.15462272993484127	-0.55340594591754	-0.20381230260435654	-0.22951562983184248	0.049174008270037976	0.09398905174267957	-0.10857777539698726	0.19705433630382543	0.5401412444996823	0.4667872117084096	0.7869917399838267	0.18334907588892874	0.4234953683918595	-0.22353465343065254	-0.12463253880623693	0.39458169017619177	-0.6317767151117314
DTXSID1046059	-2.552070434363737	0.5680523610798398	-1.0589447062755166	0.7806262978091641	0.09921525942068665	-0.8502869662997914	-2.4229445948487167	-0.44129761336892925	-1.5308309822700337	-1.6059680231491889	2.101579282672686	-0.9920237639543029	1.2287963846413168	1.356963489099073	1.538487797281853	-1.125331817003907	1.0610438212552897	0.6238810826127607	0.8519480814459648	-0.06486161529823456	0.32209955071376967	-0.3992856079474373	-0.9333270580016553	1.1487190044696072	-0.21033206794614653	-0.1193903819704941	0.9939135186733737	0.43273352142792576	-0.13914435586027085	0.8420550849296877	0.5822400403039929	-0.30482831206403355	1.1893411318795624	0.5080928395009897	-0.1824618937950217	-0.35947513213591803	0.6256284406244405	-0.8760797206358074	0.974388872713318	0.3680428151405617	-0.3337888727475263	0.2264365318008451	-0.7723945138529842	0.5819671871694833	-0.8163088144686325	0.07986842357001735	0.28821652178239077	-0.6044604016099272	-0.08720907115878716	-0.3725879102789788	0.06127178038686675	-0.14996079441468346	-0.34539203370897925	0.029326688199684092	0.8259108253433279	-0.9467967280499462	0.3871329836221377	-0.49096632379048066	-0.20621686692050042	-0.2763610846347535	-0.19885949567546066	0.014902442721438624	-0.26830865769305307	-0.6794616865732984	-0.4463288916106741	0.07910376349025594	-0.15536204201174955	-0.04871022517792795	-0.3869895052545827	-0.6753046117861528	0.6488680187215934	-0.5616266560734642	-0.028452017231427814	-0.3907378932909947	0.013953748654441546	-0.5488018115366365	0.463641489679712	-1.3312901486719957	0.17225725990221205	-0.6692649419197793	-0.7773977042143251	0.11177057802746072	-0.6549060524675384	-0.32824481421117896	0.1650236920002295	0.3554344921031819	0.6502414936372293	0.5903639875586183	-0.1840865853748276	-0.08275040920697084	-0.16819766134177272	-0.6509918389668582	-0.0642911014089384	0.8623601319120803	0.10878722381429606	0.28324439230264387	-0.0904835677357975	0.030080416102348156	0.003794600663433831	-0.016889667724589504
DTXSID4045638	4.082357588482291	1.5524800830925662	3.9778676619504822	-2.672147338467635	-2.3313998900075137	-2.8672016723597964	1.3936864690413198	0.44805278576466157	0.6457421072442091	1.649845629297859	0.6708331028683708	0.6529047763517971	1.8596602706841805	-1.7189015010035915	-0.6501132012527238	0.8423003000576985	0.46313166714985804	0.024342120238170895	-0.958211740773327	-1.7310405459012825	-0.028576486803682355	-0.5101334362043903	1.7541410844220158	-1.1231967571166397	-0.5027875534394842	1.707876178930042	-0.13500456093336802	0.861568295843246	-0.9885458401451509	1.1783643504157266	0.2390488317843921	-1.5772028919168872	-0.045090162279911014	-0.2855556351424716	-0.7764151520935284	1.2900669251143468	-0.26700910387386934	-1.1695310873240041	-0.5983038852728616	-1.0168024140956924	0.44722174569039713	0.2083451142383687	1.177345669459125	0.11374399995851558	-1.2447066184946571	2.0425495080279013	-0.012493202460953307	0.0010935356081592249	-0.08046358425432976	-0.006482023137917405	-0.19326299542065237	0.23509368787511054	0.48387331530561184	0.4840324913113494	0.3318107879068743	-0.35385792007892225	0.18608542357742494	-0.075585906014558	-1.5689224102199297	-0.31771229325865963	-0.2922193949982716	0.6555651930930227	0.4947660857042064	-0.16315316819584288	-0.9302798010883268	1.2939523106818043	-1.2149909516688238	0.5767022827082603	-0.1005098412315238	1.357885957977936	-0.7256521487602251	-1.8224621863690982	-1.218479355556598	-0.2638652082517479	-1.2893437458382133	-0.5179580535722451	0.9876638434883415	0.17351859590787988	0.11145155342663228	-0.46240344957079316	0.42000019786207315	-0.10963614444853417	0.40912308760314614	0.5472360131539541	0.15563667381776522	-0.4066725643291883	-0.23837122292946333	-0.2482277471380146	-0.6180935258998272	0.33087537869073397	-0.1865050993060813	0.45728585997139104	0.18474426486011664	-0.5563600662967255	-0.05863671789640468	-0.18225316109724904	-0.8184737959720286	-0.835211892569	-0.2085968789214811	-0.11129734108537534
DTXSID3021516	-6.740836711958817	-3.4195236795317	1.431589352243919	0.3765120051959941	1.1916240196998802	0.487656831249791	-1.2027150886024698	-0.4562210439622496	-0.22199343522110396	-0.8332405125489392	-0.42056829808756074	-0.5084533777481021	-0.6542944462116045	0.6926372663627577	-0.9007907713323309	0.787912902463317	-0.5380928347395862	0.06242354331872209	-1.3285770739986065	0.686094978378737	0.3120009267090264	-0.38580723552647056	0.6749139132604922	-0.4280236657815967	0.2505295532497045	0.5441440685664856	0.7273367224606202	-0.7211696549674894	-0.14782542353215805	0.6967757064948689	0.8253944885723539	0.5372597445646667	0.32967331996701094	-0.04191857444994966	0.6075516774202626	0.47780687550450757	0.3305964838522812	0.28279708929711184	-0.15471279240095057	0.07079826331244096	0.16928942275244632	-0.19141624225121834	-0.5146280842891972	-1.1540919671486805	-0.21688044204136114	0.2891264382330787	-0.03281704814126044	0.5799455749324873	-0.206538664804316	0.12940259701506304	-0.05042004203137948	0.3652835644176657	-0.0620666966113139	0.16724644208486614	0.28691264360754665	-0.16469921806178273	0.6860412740682373	0.2218555916009853	-0.21902609970870998	0.023683778624043375	0.10375622746139207	-0.46549558105462324	-0.026604471891985584	-0.25475207159782076	-0.10804710649692113	0.4000075747653856	0.39503956839176557	-0.4749624734157165	-0.36660371414963255	0.32123306472742047	-0.10761025129284876	-0.0010503346960636564	0.1566293236547071	-0.11514391803933628	-0.15746730896891342	0.0552708176131337	-0.4426085793975638	-0.3365929825664571	0.011973276322375694	-1.0249433239862735	-0.4902178808499925	-0.04456487032602771	-0.2274808288639865	-0.015335743359113252	0.3443131703945612	-0.33572333216313305	-0.36847832272948444	-0.8195411660390137	-0.37174702038441754	0.32773497961766723	-0.5400152610241487	0.08554798528933326	-0.3192245424907763	0.057532255619616904	-0.14158330206623154	-0.10393618488814371	0.1714341597352319	-0.05294792426273122	-0.12057913164663374	0.25321694092517255
DTXSID0034930	1.9093592550660692	-1.7813931367484979	1.1723065636261025	-0.7552274336139045	1.3233885346303051	0.38675583824624404	1.6916563441460013	3.504490524062567	-0.06857008468256559	-0.4907208864298628	-1.7185558835785493	1.3233011259338343	0.027801185451547906	-0.19291601721845905	1.6709605218620927	-0.86536386797316	0.9383389013571405	0.6118774192555233	-0.13189000517829555	-1.3934221146231043	0.30895333270049635	-0.43548686512538	1.9535382916552795	-1.4568729424066396	1.2558679426191683	2.860034323771954	-0.2997310397815372	0.08436921614735224	-1.7240337207837055	1.1484067254532486	1.8774877787351234	-1.7534281732754358	-1.3586618468174672	0.2626325313728131	-1.0025446775568476	0.2508039704246238	-0.7207213743378538	-0.8044262706001275	-0.8227327620323818	-0.7190587530086094	-0.20693079462548225	0.38505538372213294	0.576398401461527	-0.2667856065795792	-0.30757171316352955	1.590115794699393	0.6187196388007862	-0.27993538877949026	-0.1919702037104822	-0.5131372224969248	-0.21772771246412104	-0.031051159078343105	-0.0049753160509914155	-0.244480298967566	0.3645866846720532	-1.1419633345395175	-0.7232106251499082	-0.06684748002752265	-1.1916043506305918	-0.36102218955914384	0.712809696444333	0.4828005373634223	0.10003011286640949	-0.5645473433413336	-0.43418496262957995	0.9057521997519992	-2.0556786508860867	-0.16436603191180352	-0.17666401772192647	1.0881653980247017	-1.3087067267727837	-1.990986998392117	-1.149219026010524	-0.7643358351708919	-0.008921887679998795	-1.7368133881625267	-0.9500089847607494	1.1482183529597552	-0.6884677856066586	1.4630169667771693	-0.6619620209040846	0.2705359417110767	0.22063468887910653	-0.20593601834252692	0.05348398259098606	0.3137001859981852	-0.3273439760016126	-0.5537375939143909	0.1550222085593718	-0.2257628795183334	1.0282337004296433	0.49486570050802386	-0.072997173573077	-0.2720334213601196	0.3850227088537339	0.2263741312082724	0.6818457439471544	0.6115322157245845	0.6480690392650177	-0.49299389918612146
DTXSID7048908	6.568786359158336	-1.7969054590766333	1.7523148781696878	5.718873795008564	-4.10523525347436	1.0278114583559228	0.19020851694289856	-1.840463910887834	1.2260756482960877	-1.3442245467449814	-4.541306065652848	-0.23423862639516818	3.6270428632683336	0.2813537348342783	6.395619522003224	-2.3066506654146877	-3.556252253464868	-1.1120439821639165	1.0409767193206168	4.653034700884358	3.2718414609924977	0.29787430624596434	1.8663614901834027	1.6120321613127495	0.3583445063335547	-0.9078117675755814	-1.706566691975514	-0.6659696822186993	-1.4993943446364104	0.33842538366449865	-0.2832536598853078	-1.370319929968458	-1.223999002328231	0.30939011190474464	0.5269678901433194	-0.3982119849005786	0.07211323755813549	-0.43529745603483394	-0.2800600957945697	2.082131682987611	-0.5898269567939876	2.132606971565903	-0.5755635478076578	1.4937756357517271	-0.8633119784552656	0.2008268874638889	-0.47774612763183727	0.3679766893526424	-0.43436161867895906	-0.4486200420312698	0.216301854129095	0.8396805865232592	0.21552007399822468	2.2075177197639118	0.8354772693193676	0.3127415685007876	1.9593443214857826	2.536685357066086	-2.630109443817524	-0.5991011320965475	-1.4475548786635462	-1.174586050418766	-1.8784389306108955	3.7668822976754677	-0.26906483798130265	1.8935462908332468	1.681044752195544	-0.6959236441505724	-0.2703940411197372	0.3496968818985537	3.000649111218077	0.5719132479681782	1.273145517013138	-3.5850075559525623	-0.03218024868143643	0.2697611708827762	-1.6522797787501615	-0.7570565148770545	-0.7505319530598386	2.817249279398246	0.4943169547638687	2.173171835535167	-0.4750745886910187	2.649732583290626	1.253347285331609	1.5913755915102783	0.8436816116157057	1.0536372403219512	0.07316576652353703	-0.1568473997362352	-0.0837459024359426	-0.48637803342939423	0.5611437849511907	-0.12863241097900802	-0.04487743016969144	1.4406539829641276	-0.1127493740815353	-0.09354940816009222	-2.075473742591318	0.8471587929009353
DTXSID0057627	2.486203738762041	6.757335336784178	1.5463392341922195	1.2163682145511792	-3.1547422186540333	-1.481729468925668	-0.675777061454698	-0.5258539875653532	1.6491620153606394	-1.0040341254673821	1.3026825799363624	0.05358002289803271	-0.39302273136921717	-0.4250653144051467	0.843128842988457	1.105016381056559	-0.7711161902948777	0.33251932086036906	0.07357971522367562	-0.7696140746495588	-0.23151253505206615	-0.4297652778689813	-0.6199833105532385	0.1272363557392499	-0.8703805454674682	-0.30761123645569055	0.7888981425252435	0.9616461647056163	-0.0806677123148576	-0.24435424706624756	0.7120391295371796	0.6404392579657097	1.0097296175012143	0.030597096331894922	-0.9615767539758524	-1.4110892657930296	-0.15474779055439974	-0.1683765620610687	0.830974068540176	-1.003792391900702	0.178040213186355	0.8978823732952782	-0.6768761350093304	0.17607681987146787	-0.9339684754905807	0.7259971317269082	-0.00645606520043919	0.37257532985657305	-0.10985172279331555	0.21035631395179266	0.036140570773780745	0.4452911056888587	-0.04497961694722587	0.3892946350000815	0.3929902231741919	-0.15862415599529145	0.843934623406983	0.4343609415668453	-0.9135145389880607	0.062324523543583706	0.010884234392651572	0.7002207895787053	-0.5566558559834742	-0.6757904073899874	-0.10726942193884981	-0.6533083005942438	0.21169080374012103	0.1241862785565654	-0.4817565289687248	0.5661830127321069	-0.30832605605634406	-0.06424549629332835	-0.35336487058154387	-0.5017033886796717	-1.1916615087198965	1.3504914510233252	-0.5778057892542213	1.2769652290827176	-0.10290613327565093	0.13049628487179823	0.05558505174380883	-0.23706685186244958	0.126807295928038	0.14063759932717484	-0.307054761969419	-0.5637318625998963	-0.6092242383955534	0.8907267481531727	0.11100298490438523	-0.8487355440142184	-0.8538301357726693	0.2169932160619263	0.1142334534657149	-0.05373797064272058	-0.3979593255106373	-0.394649801604374	-0.06455072408020031	-0.06597411964982029	0.11001219161315204	-0.3332048956695368
DTXSID8024523	6.327053164527396	-2.0639973266987504	9.391365189023722	5.05862775438306	3.7723358999004217	3.7151135815881284	0.2507187465764214	-0.9084904181164914	-1.123514677350425	1.5857084013873426	-0.1750617153028881	-0.8250078807875671	-0.9308156486775163	0.21343118135613665	-0.25600179948665774	0.5947760869977772	-1.4270585237588744	0.19480836906531135	-0.3221591152994502	1.159135488098211	-0.05540110420048653	0.6083562932665243	-1.3556797215422198	-0.1589130411989082	0.8039511580685493	0.6900376411183784	0.4569327385085279	-0.04243251569509521	0.16831295600444093	0.17253501518827533	0.77412913775955	0.28779057581542833	-0.6526794892778908	-0.2296586044792596	0.983729179640415	0.427201988102595	-0.14175565299916584	0.3887277286361102	0.7473940302354946	0.5690224145062952	-0.1755098598820586	-0.025055127338036894	-0.08396637327085199	-0.9100358117873157	0.1096306675282376	0.22993710235720477	-0.3147585671800548	0.9950179153022272	0.21677536172510367	0.28295500259383877	-0.03548351829307476	0.548025802329049	-0.24408254033546414	0.019116497100855376	0.27041809048205295	-0.5919780039228338	0.006455774294713038	-0.17230504622547954	0.19619522316915944	0.009342778682703813	-0.3726321777866704	-0.635522283432497	-0.19150673956787576	-1.394040648614927	0.5927707261168953	-0.13786163810770247	0.7888295743739355	-0.9372299542226671	-0.5155476793171166	-1.1321241091072933	-0.2989277422186039	-0.3858059613922283	-0.897201027156973	0.1440122669564106	-0.259189609048192	0.326861460887581	0.2260379779505916	0.22491325960591044	-0.1722366482072388	0.13691494561979672	0.1737419835105071	-0.3224165593468878	0.11641704645410367	-0.06840453406974899	-0.1680414230720107	-0.24700364552391907	-0.42915081872327737	0.25592729804936104	0.1242000116506688	0.26162874153606597	0.25912564221818485	0.08948526893279633	-0.6758490476697887	0.12454233280843183	0.055455980439481134	0.15532448184212594	0.11225635594032664	0.17127167108319202	0.3807454183447426	0.004496509768450857
DTXSID4041284	11.889190230125479	-2.0944312436669437	-7.841253225727683	-15.163893288356148	5.272285416586532	8.463788604793615	2.022493623214661	-4.436521445564296	7.191775657655557	-0.663682537744725	5.182831685646902	-1.4627562983325852	3.5540792380593524	7.417368928916385	4.5692870455652566	1.3344472133670857	-2.6117498994608104	0.37702343945336003	0.6297812687594048	0.012654616937378911	0.7756884212117325	0.42767569349653783	0.9589121358849076	0.9874546386375943	-2.1004038920090475	1.070935048456682	0.4576507423104035	0.7274222943507037	-1.4679371702443424	-1.318968214184495	-1.5364307873444358	-0.2330509757662515	0.21694903032102272	1.6432886394765471	-0.5572392368742431	-2.209136119039912	-0.7051810694371301	0.050606347735830164	-0.11933819004214336	2.335902699736344	0.4529488128999991	1.723051874390837	0.5170879587568217	-0.048128028692912564	-0.25869512478113293	0.43749703040760074	-1.5275607968669325	0.26385292113154485	-0.2110695728604002	0.3085226036127493	0.08988381829355538	-0.2934148636141519	0.6470825338311492	0.2107730355906781	-1.0782058265270762	1.0318239218297431	1.7116297834801755	0.9773785578133419	-1.4664619578156706	-1.1303463918426624	0.1473490659627979	-1.630924629915521	0.4716320344699281	-0.9523116854844151	0.739038382605658	-0.3950440873171951	-1.0762039441570643	-1.433418744603918	-0.3758704264994875	0.09922369631484283	-1.0319753393432778	0.7654598656415884	-1.7632380065771966	1.8944407565529615	1.264381563408898	-0.5912105361406566	-0.27296052996888537	-0.9760374190778088	-1.0140080710563641	-2.139410981448316	-0.4196932442293449	1.250007568015254	0.35374040715898547	0.1423499942768323	-0.2804689218037814	-1.9607695717725446	0.5157560223741919	-1.1142417000956037	0.11004367472455698	-0.9371675112465805	-0.025685418888045555	0.912576456225187	-0.007612580144374535	-0.6466480759600152	0.3841176029819836	-0.8771932250451344	-0.7788134339067075	-0.39748045211110566	0.40893145293739924	-0.47069472697806614
DTXSID3047716	-3.7491679933020037	-3.833785645702914	2.5568300017557415	2.075050731799188	4.038679448336936	1.7842919000167505	-1.4839060783188496	-0.14947899257081088	-1.0275330872723676	-1.025096971002624	-0.39296946076695155	-0.7186537975890571	-1.5991155446567094	0.9862448880674746	-1.644676226748784	1.4655330540516422	-1.4429515802704005	-0.20264855895514702	-2.2778160957281295	2.143348797295449	0.36159119789028504	0.278550700190629	0.5302073920255616	-0.994913607707114	0.6533914627605334	1.7761455159204125	2.285324638417693	-1.2981710801325288	-0.2651978399210557	0.7477743581795256	0.9442905557273499	1.201908092935024	0.12596357971959396	0.28809154213229554	1.4755202933340412	0.46471017845127255	0.26567826948435375	0.7885369988369312	-0.07555243305284295	-0.25931975268725316	0.6654004561665365	0.3639979984684513	-0.7004819778890959	-1.699397986203197	-0.1190461132565608	0.5837807850878322	-0.11409098093200971	0.8628942287070298	-0.5202292636600137	0.2334044727890326	0.07054598546214712	0.694326669990042	-0.07156963727278341	0.3895973502534984	0.2612692962131065	-0.38039565231565914	1.1393752270874475	0.5985137076362405	-0.46271289146490363	-0.0936085725572748	-0.12508774322949656	-0.5048802546161094	-0.30444627667669466	-1.3781279479785828	0.06522254434315192	0.7405284826833023	0.24399809649879736	-0.3089590556972514	0.04456436569616969	0.1061399916312771	-0.9076009037769832	0.06982902993880451	0.3724787805952173	-0.1314024755600388	-0.0758953180347387	-0.0976792656600491	-1.0547095981315815	-0.8271392627631426	-0.3984260594896945	-0.5222221967322143	-0.8086045997503667	0.43335838014343664	0.1256309247762615	0.6330798155990535	0.08910636228480959	-0.2471695524105032	-0.30399606556521125	-0.39645181061673573	0.0889691857099487	-0.05610657706273212	-0.8238630371255119	-0.30244220747862294	-0.5117547758598009	-0.34804897927259465	-0.1575373602384014	-0.060975728859927567	-0.22062725040346653	-0.13922468546388933	-0.8274691065405921	0.1782712930282811
DTXSID3048786	9.507166258171866	8.06052692580148	-3.5053545430799873	5.495837906240662	4.013729756254135	-2.4266893112848176	2.7986431537638037	1.7447753101423322	3.0537027025239967	-2.3423253396234034	0.5249628997185011	-0.6665286964650033	-0.1975069560274436	-0.6308066532177434	-0.4865276904125002	2.009973671814746	-0.6176367229694573	0.6226804278799012	1.622808046524648	-2.688598751524743	2.8101703800863955	4.489918036595893	0.9055130001055604	1.4367433692214222	-0.9671417728647471	1.3416360906773206	-0.6811835847962833	-0.6241023660026548	-0.37309516854285707	0.5714811616315901	1.101843646835703	-1.2091228626483057	-0.5608664936954599	0.20518093686403713	0.415305774393518	1.207970452731074	-0.3436800059568365	-0.317296809068849	-0.33538619815129234	0.5777896256362443	-0.05015640283502599	-0.8216062598025142	0.0571308125454599	0.6352197314008606	0.9800645549250834	-1.1296233293876192	0.47033766083922124	0.09456060835667085	0.02879483930958509	0.5900011757014263	-0.033406193186378864	-0.18405534719611194	0.03673354859782893	-0.331795339229017	-0.5941263148675806	0.10060471868590909	-0.20655212529746242	-0.14641850743785548	0.2750512192295552	0.3209146549298327	-0.6675963497776717	-0.7127892944243529	0.6845868972961978	-0.2545869517580228	0.07600486835316639	-0.77257975286814	0.08466717254976042	0.40954116627398457	-0.049376614179985345	0.9106088468765527	-1.0587182494978247	1.180632026112099	-0.35660879986153066	-0.5795916115393379	1.7288994700368132	-0.8975694582098772	-0.501361486557153	0.7392093284847544	0.6332143600266508	-0.34469436628324973	-0.9800644591816687	-0.719920403460531	0.8035668524184493	-0.7750800677110928	-0.8986548620214927	-1.2377251082351532	-0.45547516235744084	-0.15203900106902954	-0.4687968837588428	0.5435856559547415	-1.5493816898483286	1.9253675710803335	0.12102943559445245	0.4575711394934368	0.3316122641069046	0.13212868393407548	-1.7320680740288867	3.260086721171535	0.659549815447726	1.345042716099929
DTXSID8042507	-4.20527371605888	0.5426095970764245	-2.5617336526593335	2.3704447785405267	3.238913549556372	-1.233241451018356	-1.758678840300864	2.1993118460106333	4.081821549595749	2.573340207162162	-1.6271016662092028	-2.106424210292351	0.8986562420205061	-0.3576665790494131	-0.7443650434782187	-1.0786196068555218	0.8215113523597964	0.3459220214354959	0.5571847182349918	-0.6308565485075786	-1.383304547554582	-0.8446115396555867	0.6129923960060994	1.6473885056138746	-2.2972920009965074	-0.7415849696852129	-0.24417563882423557	0.21027896555362624	-0.1832914884395519	0.33723552894605685	-0.02009040495189718	-0.8699783089959116	-2.536213367821671	2.3166791896539887	0.027248251535909825	-0.7588901598077926	-2.9685324474902606	-0.7406346463502941	1.4483361834138315	-1.2911780001167188	0.7155200150352992	-2.2589315878377576	-1.46600065830676	0.4910370022193529	-0.5592888935953261	-0.5391012785566681	0.2977023453572434	1.7687418749314976	0.4357002101610602	1.5337856984966025	0.5439744489719595	1.664866054452422	1.032354505401091	0.5698394942438416	1.436030397695985	-0.14270148937950417	-0.3464756553599356	0.10474157352922864	2.149120278096473	-0.3346542049275891	-0.5258117911092482	-0.9203081496987751	1.1377772134422646	0.02820684212671316	-1.363457324420085	0.4599622807537719	-0.13800484138600078	-0.8148030179178385	-0.3052991856136184	0.7283369945547512	-0.9945910353462647	0.7986638968304552	0.4459916784430864	-0.6372777758238594	-0.3019503652054508	0.6745786653799929	1.0854834137193232	-1.0545495165185736	-0.004236058603656395	-0.5014173370941537	0.22892992080593474	0.44170767385963794	-0.44242608002298944	-0.6507774523528804	1.2205495134604196	-0.015084721650490993	-0.5846307533002854	-0.1143844908281408	0.46811103564771694	0.5351688496957528	0.08808315761200808	-0.7043891742472298	0.00979765054839003	-0.7455894499552126	-0.7026009618014096	0.04369902073661127	0.23990413525904622	0.21278421490563504	-0.6277010370094261	0.28441455165065266
DTXSID2051764	-2.591713985251209	-3.03614805520756	-0.9496966362866662	-1.8114403548244808	1.2731242563389886	-0.8768080003870464	-1.7989329632243984	-0.042499836352123725	0.08429342849701756	-1.566171691618966	-0.5493020569547603	-0.38775615439264854	-1.3607282785252197	1.4795857168105664	-0.4714203039488313	0.07072150403027709	-0.21315190755565372	-0.2911212321573237	0.10599630780568735	0.05487466951450291	0.3269033972579748	0.2385416768001417	-1.2240282648018097	-0.4762028401400049	0.448604256841376	-0.5379568667297097	-0.5703000005061223	0.6493385277155621	-0.13526133047764466	0.04027890836467878	-0.3618500814132611	0.6400566281151635	0.5262329351107118	0.14950418852316366	-0.27710574514271397	0.4056952599572047	-0.11479596850498108	-0.3063038371904372	-0.03484336452482409	-0.28887894664674757	-0.08601016454033344	-0.6165773792021207	-0.17566073254364922	-0.19670810984185833	0.09654270592268986	0.1439129886807884	-0.17315444107827735	0.3583461342759967	0.2586190677229874	0.10844147188451499	-0.11083434906105588	-0.03295183875105683	-0.01346375835957333	-0.1416092379600317	0.3930532031190309	0.17426852867009915	-0.2548393743981181	0.12173840175773398	0.08666231610318922	0.05757241964399241	-0.23598581400969246	0.02455510268169816	0.6291612066883472	0.4699981494922142	-0.22249545978887678	-0.7200425892234338	0.3116997678593557	-0.06326736164140598	0.19336680889301391	0.18096230907331406	0.23075080795179567	0.3648377485463623	-0.048705430018761264	-0.07473341859667205	-1.0989598307168915	-0.2101573753367752	-0.1322211083430417	-0.0617154604725077	0.07898447703755719	-0.1882126031722181	-0.14692722380936052	-0.28687110440256974	0.06995860617980847	-0.06238640090647508	-0.17638030560881357	0.40404556960642163	-0.07596036057467305	-0.6342782579981651	0.1419310115533488	-0.24204667295010138	-0.30747695588404955	-0.9072973328870569	-0.6676257135075232	0.3999830090363202	0.04080546008783397	0.240383816795577	-0.5458051208332403	0.262055516855424	0.19619206256901142	-0.6795371308094653
DTXSID6046509	1.7965466279632	1.0826212511077566	0.21172571922395733	-0.826880321618547	2.544739154636082	-0.9600557423748243	0.4417026756522195	0.40301173229199233	1.8242014756192162	0.16203127671488723	-1.3322266965301268	-0.9197892120950151	-0.32606388402624664	-0.28231471325811003	0.07769383536385992	-0.5204998081480332	2.4112789202512497	1.3944524583642925	-1.9773235776423579	-0.8288036796840144	1.8886204922104703	-0.43346656157743657	-1.3024885788306437	0.27421364855914876	1.2420684919876679	1.2859047263122492	0.548154072561284	-0.8205469404855918	-0.5980870268816452	-0.5637123791305546	-2.076117438632616	-0.08576704972477739	-0.9030936604823385	-0.10922051644606537	0.4635307861968856	-0.37355820543901613	0.11977047564642691	-0.3270113351999004	0.1086206143798102	0.47644599299359286	1.3209645943060158	1.7083477607854518	-0.3645481858058284	0.47361827801302686	-0.3041682227354089	-0.09066506671673137	-1.5251447841443264	-0.36070669565872915	0.10017371155853338	0.12143105322864702	0.2839832495078757	-0.5033131845142045	0.354380615967725	0.26689984765903924	-0.8361061933210525	-0.6481855598978751	0.6098800285585914	0.23667041819186976	0.5119503676607162	-0.5443091532603027	-0.6118007677503962	0.7377626675742214	0.13895757191162408	0.16744248405319723	-0.2895726246307049	-0.41421222817770686	-0.4232754316799055	0.275739998475017	0.8129636137921787	0.4754573332236057	0.23597181278185034	0.7672440180299216	-0.3018569286912657	1.3252533163178153	0.33339934990897174	-0.4259074642427801	-0.16716648533239864	0.11016153792225833	-0.12479699304011252	-0.9657281159838532	-0.09994679149033155	-0.8369084925135779	-0.5423452715417209	0.7005820225428525	-0.9231196470515699	0.5366326659017311	-0.3116985379574129	0.44027588867711726	0.0916314710060697	-1.279937328455622	0.08427051222881257	0.05761409177283622	0.42033554793397954	0.10956219450165283	0.13092320103253885	0.0862078621803124	0.2353000737885606	-0.19886808589273414	0.04306423691114067	-0.3249950622549282
DTXSID3033989	3.2526351026322424	1.6055228391407939	-1.5021038952607628	0.13142469480497126	3.2695442807739594	-0.2686738347876603	-1.0382992505469029	0.820355592156927	-4.144326874214704	-1.6914969414042516	1.6900909424479917	-1.897884910927502	-1.2023342350462471	0.15266898307117366	1.6577892396484613	-0.1493927125103346	-0.5242273624761076	-0.4290958079644992	-0.45732575233326495	0.4798217305108876	-0.8151513766388646	-0.5856416066668969	0.9307768253366258	-0.18261405618014795	0.18014833211321496	-0.574916491119601	0.5372949495579715	-2.560664678704838	0.2387805237308914	0.6309666706231749	0.934929886852039	-0.11252350704829663	0.497931359894945	0.043704180004914765	0.8412666885385951	0.8217674334288813	0.15030450344084062	0.3175859884336384	0.2399831055483327	0.9662967436783195	-0.1612062304690904	0.16554924265477525	-1.239649092967965	0.863654711886011	-0.6727265133605057	0.8876347899611603	0.4034443388644425	0.127948617961392	-0.25604027472125673	0.7272630622826576	-0.10025095601068702	0.007262631426562368	0.044818396027767216	0.07328159443055408	0.15316472372663364	-0.09623638985313757	-0.07772754850767481	-0.22533950054493956	-1.7234251172325046	0.06009606942743364	-0.3332750287112437	-0.22122841177188876	0.35732396200899874	0.45433412111651816	-0.16695198817122456	-1.9335654882190618	-1.338209913924096	0.732209548128313	-1.3630432753157475	-0.30872415836380224	-0.29809236667573064	0.3088454944311042	-0.6029957087757355	0.3210481323354729	1.4862731756959584	0.1148509232244366	0.9134304641620027	-0.7031425841032303	0.6131009293697595	-0.43313706555582016	0.10890107964191707	-0.18633765271587086	0.016512311893444726	-1.0181603468015008	-0.3985234456771588	0.022268011155839127	0.6103998213267113	0.05319595636239129	0.19830965814729778	-0.28389870553234947	-0.11840419829246394	0.8674749014586175	0.08439095893996121	-0.5703517997564611	-0.2856058493689653	-0.6224647967667746	0.2522324472772953	-0.5835293124382169	-0.511994264976357	0.6375279831833093
DTXSID7046467	14.36797026459821	-0.6049885374031374	-3.7429297349517405	1.0962161414317617	4.192048333075315	-3.728236913575996	2.8051844836370603	2.034890751936318	0.46294201580819766	5.0251089698824005	0.461701158032951	-1.3746669870163155	2.760397926146065	0.10614550651133887	4.565030414957671	1.8819374267922473	3.301893978480449	-1.6393757800428614	0.47427005842066167	5.1386673676553	7.031615500981824	-0.4126639041746115	2.6383289697711696	0.543640944944839	1.1501185925064719	-0.6671539442463559	0.5020900728693735	-1.1690402943148495	-0.29736813914086735	-0.6516327951223371	-3.0650467321905532	-0.23552607270521408	-1.521776833730802	0.09677384926371921	0.8519547255801629	-0.29004065383756233	2.8486519677470525	-0.24844135930889708	0.03834730932821891	-1.3367363045127396	0.6090433598072069	2.7718824512563414	-1.3656040856828737	2.2947949382359583	0.049604455712980736	0.6576353709658838	1.120985749896624	-0.2446949514761953	-0.5874071479565329	0.7373917825208672	0.33830504535214734	1.346133594107184	0.35493948932333613	0.4599131881987999	-0.3368795767276599	-2.086318545316549	-0.6157294078374931	-0.15840370920877686	0.31941447439568094	0.7394686558284085	-0.9152433167895129	2.1387205792629462	0.8222740622518784	-0.23221560571423527	-1.4546937206547623	-0.4623236397889254	-0.45512684871984194	-0.5353716351472075	-0.5653337026745693	-0.3746313015589693	1.0617601752521537	1.7624505006576883	0.41647014729395293	-1.3583131207920358	0.5989200659694363	-0.9805466983448072	-2.218559251090737	-0.9493703092822797	0.003066450766905393	-0.7256696678985156	1.522199061520784	-0.220833242173911	-0.7466278188540924	1.647338692812565	-0.3964256870108251	-0.5493060097327387	-2.5487275677964636	-1.1884528422427425	-0.7285481780376528	0.3120746343244753	-1.9947934033361368	2.5830935847328016	-0.13838271712884115	-0.7914225214513003	-0.047915937243904305	0.3030158210019722	0.9103504094579049	0.44484438446217195	0.44078304087743175	-0.8001551829517771
DTXSID2020680	-4.349888833446899	-2.858904145851102	1.7368126611776793	-0.69398580171191	-1.6535033065257791	-0.782995420319915	0.3445147781237378	-0.23375474228801005	1.8674761869719996	0.5542971935911453	0.09900813304483798	-0.45852789667024324	0.5893188781793655	-1.6052392172166803	-0.17814431791085156	0.13204385292089402	-0.6556685758769857	-0.22774889496089545	0.35331315797623497	1.068398311631757	0.739427410731993	0.6637829596829089	-1.088094575509218	-0.7266619501880044	0.7709819337476121	-0.4601266486776883	0.4473783984636545	0.4482489347654425	0.41364351560293994	0.3545742762877389	0.6276199228104864	-0.48044198766450674	0.27713642935921323	-0.3667020695240226	-0.1899699497567609	0.45472996299919904	-0.507852236397877	-0.40675132164558425	0.05296027203047898	0.17872724494624642	0.31966208765718884	-0.06739857958365646	-0.2301891192257979	-0.21413662022662838	0.2699788337314705	0.39258681722056693	0.05572846634352463	-0.046732561962455385	0.14714604550800955	-0.05807264372285948	-0.08226353997223518	-0.24172258347036213	-0.10672336524544294	0.14858712475356317	0.2532056324226531	-0.24117103676553694	-0.28883082551337547	0.0601835290508563	0.040900702248660596	0.19671897591442547	-0.06352497187326842	-0.07030369866737361	-0.07280116978528636	0.21717256536627336	-0.18053585129930108	0.1583940548335125	-0.3130823016407766	-0.017916630367893552	-0.1342817655818806	-0.2025547535597405	0.6735820042585275	0.04435877706129748	0.011898504964885795	0.30751675791435723	0.13199934360025095	0.17480253568003723	0.4675363928920639	0.23680379042904806	0.32734263323499996	-0.35526937996877533	0.026076448739200647	0.08130080334330002	-0.0748834614860291	0.1513366793439956	0.210423850415882	0.4035136327104158	-0.1720321484765508	-0.9811789551043331	0.4159825203068735	-0.09098737178658729	0.5437641983546193	-0.40829981039492813	-0.469125118884668	-0.6085896966554875	0.5354104372303525	0.20501786010602494	-0.2794463602860394	-0.3275284956910761	1.0030619725553702	-0.13075519213724726
DTXSID3046166	-0.3218964771598533	-0.1844273630145509	-2.9097188447641167	3.4406958010690465	-1.583865245543767	-1.0763143720887016	-0.3308024000248338	-0.16486493566908583	-0.745148795003631	2.1870587729256328	-1.3349611826570436	-0.05400070434822955	1.887145490751329	1.9085383411057684	0.1403164914488875	4.14780748179508	3.4822312759797702	-1.1847601971554915	2.901383471343267	1.9914426354635677	1.9611498128578273	-0.046333805128763256	1.4137270397112531	0.8223542703521908	0.6670834649944923	-1.887710385945269	3.5084247933380195	0.5014726595936476	1.4793471255706703	0.15762265834770975	-1.6086197138648577	-1.9110966108536558	0.125967659412963	1.2690660619256495	0.3854285299880865	-0.544258631973527	1.0212629116306797	0.5037354544141024	0.39763883527197336	-0.6859493525308012	-0.8584307731933696	0.6024247136678954	0.47516628020580687	0.022280173291381114	0.12931876742262652	0.17527763197501472	1.1216675139749857	-0.021405701668016322	-0.49305105008941313	0.6692827927151712	0.21839843899191477	1.1060915356996324	0.8693256177420539	-0.3334451658032838	-0.11277411919014851	0.6780048807236452	-0.4809936625956518	0.008283090660753771	1.7903279273507622	0.7132803422673604	-0.453104349070001	0.12446793332197721	1.977752998381173	-1.7117492797054432	0.06790455849440374	2.219997970274567	-0.4531032716785156	-1.9963464945881784	-1.0727782666598098	0.203675636274151	0.7748175753597961	-0.14247838733947688	0.5491254299104078	-1.580490749780196	-0.16495310697421423	-0.44631262274580213	-1.2683861148511777	1.9032600553100771	-0.25262996310902713	0.5862145146501762	0.35686802166752857	0.28173632941999155	0.1697054980758675	0.9209779339686667	-0.6749458876301117	-0.7328035153299386	-0.3958981244760749	-0.05074175081822636	1.422036550366328	-0.8375769448823606	-0.7472011762532556	0.8426263504446306	-0.2741625959723009	0.19302661974306917	0.2553208665173102	0.11819516572756776	-0.49904406655598904	-0.2705364800126657	0.8935278002518221	-0.45853928909433816
DTXSID9023205	4.493267585198344	0.7469110082678339	4.170511517622404	3.878737490675108	-2.6783242769542692	0.5866062715257867	0.9927078607039819	-2.0684553754894868	1.5211106072119145	-0.30069874404357183	-3.5998008007859017	-0.04521203937263716	3.953627166592976	-1.1115845268209887	4.701889374607283	-2.7521050104723956	-2.896536322880125	-0.8971927763515378	-0.05370788846380475	4.594361916860941	3.327564608992048	0.26825981256278547	2.774632721259302	0.9955926446018735	0.3384992546254012	0.7631121082976493	-1.433780775898519	-0.40458848728097585	-1.3322077799823695	0.0018272587304152994	0.18076756568112534	-0.8276117622620192	-1.1100309425155972	-0.7062965367613385	0.24579488567406088	0.15693515697754995	0.5429269489871025	-0.9302224123128585	-0.8523551759913404	-0.5526125821761406	0.7525173528471888	0.9080029672042765	-1.2791466665330091	1.0429502202946426	-0.04342045448826461	-0.6585088932102969	1.2826385350221392	-0.8565278086902659	-0.08996589909569434	-0.26778283294745736	0.15944494155894612	-0.23222598976723907	0.03627327067598946	0.0009578168464584176	0.37455420708884646	-2.1014386562930674	-0.7623740852325946	0.3163611563774726	-0.42476773573207083	-0.10272609768862866	0.17394435100692093	1.8641006940782032	-1.3852052217118629	0.6235875827829661	-0.508212022046098	-1.8300422008560608	0.7436445378846303	-0.7491241280162967	-0.1065352070256537	-1.8258829148830873	0.7627049139267335	-0.27668579635421564	0.03257215378467588	-1.8982054504799248	-0.8077805248663769	1.5331810917678146	-0.7250761664457064	0.04065803610857962	0.7426255726176814	0.7008103430628805	0.9322481528507381	0.8341373361120734	-0.021677192964246337	1.8386238260743037	1.0337755956617884	0.28895246347344755	-0.984253651356161	-0.12746888739719137	-0.583708544251846	0.05588108477070398	-0.5402381698782555	-0.358794765807724	1.1544242540575431	0.17115256278109836	0.5931151124982995	0.18966110268288158	0.6139097784201317	-0.3093572029798064	-1.5685535467994673	0.7790383914867894
DTXSID1049277	-3.7198540405285545	0.4221832161758737	1.3292230201733808	1.2963646999136427	1.1585761947038482	1.4680976951931843	-1.2078084177505912	1.0476025541871588	-0.8202871788003306	-1.3004946205973589	0.1655891671431719	0.11473187903485785	-0.40357461286262214	1.0930762283684803	-1.4817631106776759	0.641323472632654	-0.2245106787662927	0.09308515774807313	-1.6699127046990963	0.6286386524879025	0.8936204489862178	-0.7843439039267587	1.5396496177905687	0.4017857871087394	-0.1820372986905143	0.481422245296834	1.1549890742267914	-1.4403028547779222	0.0008885367127718175	0.5272789471521929	1.269729982674874	0.24857661260710376	0.02256391350779756	-0.31457196723936104	0.03559231242063661	0.4941687418112371	0.3304323928824116	0.64889840683834	-0.1379213171645798	0.2990731939013141	0.0373991660137494	0.07732668302245992	-0.6758607895323362	-0.9063711336735897	-0.6284761832228745	0.43819745476543365	0.19751977275772328	0.5448808277432244	-0.3872621015426021	0.28328704931114873	-0.06992444250712702	0.5952449539236905	-0.24347710257073718	0.15094087966887307	0.2328469531209342	-0.29243711841679904	0.7942880676736642	0.136252849107949	-0.9299103681700079	-0.3158024690113333	0.4531868536792088	-0.5525792842081375	0.03893989402936938	-0.3558490500062102	-0.0611865916254179	0.07161636895457282	0.2821301192554806	-0.19243224812853627	-0.3874190016669646	0.22666547356442523	-0.3973616548320009	-0.036763467291316715	0.15323858558678172	-0.27920901081693933	0.35794638230482856	0.3509927434651056	0.120048095504084	-0.09890975330278982	0.13805332796900985	-0.3178893507543987	0.1050695376375916	0.03337825271913134	-0.28211023445426475	-0.2569093973671515	0.08169312631430074	-0.189876308897449	-0.02425678406375274	0.05328321104671776	-0.11500478655576477	0.23431624985744573	-0.24866893928708717	0.1564596256162444	0.07014874465390787	0.06333070527941974	0.15207057823246886	-0.15106536056835126	-0.15776160435042189	-0.2455608749817437	-0.14158485092071504	0.06136446629941252
DTXSID6021820	-5.91144986249973	-2.9259665261716283	1.8929407921576362	-0.08270515163887669	1.1805276282953248	0.21234438984171983	-1.2790504106126954	-0.08623025854552392	-0.03338735471645231	-0.6588016097047441	-0.19291234383098352	-0.2228981363686349	-0.5328329467742678	0.6779182108204725	-1.1865884093917782	1.1025244648785448	-1.0420294774258838	0.2610572164999165	-1.2398030822187518	0.9801499011650002	0.2174968349203086	-0.04485035648829905	-0.04690626387592236	-0.8041661128153054	0.7374236063384986	0.860241918411758	0.7249295771647863	-0.9183109031076869	0.040621091112691285	0.503381999326738	0.8717965123785496	0.47462701591797374	-0.19136348141713283	0.05987650132306786	0.9576903287551242	0.4974206319728081	0.47409471638266193	0.3968175215902822	-0.09661772276252842	0.1921803975500832	0.09883979633176959	-0.25522065300756586	-0.39849396903364054	-1.188715343554997	-0.1626136469020484	0.3477240700013057	-0.15248854106975046	0.5920249156114595	-0.14750689203900388	0.09700881128407099	-0.03569245834671325	0.3232083201989695	-0.17801082406537605	0.11899125278253674	0.3648103746185234	-0.30338189991602477	0.4208205786278833	0.14633956136498968	-0.09786250786544205	0.05654588451071472	-0.07506339736570923	-0.39523353826742935	-0.009276103011375708	-0.08851884788363167	-0.023660522166998415	0.3321823380397259	0.44767569429556364	-0.5354436016009853	-0.274645971092112	0.4258174448454988	-0.10474245366827198	-0.13860978288607667	0.24366777346197607	0.034483527646750216	0.3103674011313935	0.5792212210994014	-0.4480318659411299	0.01893444354060674	-0.13854218211140862	-0.5324975641530744	-0.22559936288408425	-0.26361954011765387	0.02840131350895278	0.1183480518508636	0.4301055934269757	-0.4062037794040284	-0.8348304666904222	-0.5015037585653037	-0.4811849618015943	0.5654377165420669	0.13088198017363417	0.7796056808472239	-0.49623448826547834	0.06780497803950299	-0.22622851065827676	-0.009249100030301235	0.28334461781886483	0.046670156015746284	-0.016104921523130672	0.38052866526502604
DTXSID1047813	1.8058886977952389	-3.7110256605562726	6.199303643828334	3.6644471111067993	-1.7824521184807083	4.133063585809086	1.136276354783634	-0.12380758048947851	0.6522892943440857	4.02396247602652	-0.07812357697793589	-1.0687566434152826	-0.24245357702305637	-1.998654349839094	0.4738110271846097	-2.083461901432009	0.2947542351245337	-0.9514579125065692	2.2801108660724485	0.8735960031566882	-0.9970788182854925	1.634945964083115	-1.7695180810848548	0.15618875381395228	1.1850645249773508	0.4148240448517492	0.14604624935012067	0.7903813662306913	0.7369249536406127	-0.1370274018293548	0.1324688556640138	-0.14913835453109198	-0.1897420667083209	-0.2721165164572096	0.9332279494202244	1.1322296280453839	-1.4483400835135352	-1.618877291046523	-0.9656229676637713	1.434464605620454	0.8781447177081457	-0.005793174151556892	-0.9185616618001294	0.10061103780290478	-0.22705906404951387	-0.3990750070177535	0.18622351739710735	0.12551779152615458	0.7743327658628547	-0.44489088821246325	-0.07426666087975528	-1.2589813823146192	0.3175588971861497	-0.2775697422141644	0.18386459402948913	-0.4161204657282841	-2.058987308904708	0.7697875290962808	0.21741348028427138	-1.8393320418206576	-1.0492341536945984	-0.6389024251378016	0.5811701022530301	-1.0174513864841563	0.08121068672410015	-1.8768793384666678	-1.401245870793887	-2.005158503077662	-0.8388428489945715	-1.1200881916773897	0.970377549018125	-0.8599890337782351	-0.47222721645886806	0.191578788761748	-0.6082362066719669	2.2146928988332806	-0.7617430123641524	-0.3545090896050528	-0.42050341501160055	0.4644795677876601	-0.7183276054617364	1.728783703717516	1.1239688578736118	1.061405040449685	0.39581001944134486	-0.26159844277463407	0.6693079135610243	-0.7199107618167018	-1.4729192733660947	-0.6415884755416452	-0.040925134660922166	-0.8490636245174971	1.7589238611455715	0.7578863681813052	3.202141589788215	-0.1295987844084301	0.24719260835510007	-0.831451722272433	-2.993206135888861	0.4367033899169188
DTXSID2045367	7.846078715707142	-3.3833530449144136	9.460507207719562	4.954515089230239	-1.1539450237317055	4.797389668118752	2.910822876320897	-1.1813178524619936	0.5275331144952897	3.1896870211037145	-0.177673847226873	-0.36764929138247887	0.5731790748630852	-2.1589435328592987	2.3583560447442924	-0.8084003441316988	0.5811344693781318	-0.12714015335134	1.3744421416812342	-0.7897386894772059	-0.5527212597388557	0.7649095728860362	-1.8924580737118062	-0.3280810727494671	0.26525165252707483	1.0865975919318747	-1.733063509214009	1.9272065538742904	-0.9569092437554795	0.722078777202169	0.8752562386282308	-2.0553028329272536	-1.5450946196282251	-0.9328754238066559	-0.5697792323450507	1.1931301781772277	-1.5933270554848362	-1.1776258617965665	0.9501490066904097	0.21182711465714044	-0.5886706059130669	0.8548772490295525	1.2678798953168573	0.5282319090951183	-0.6447924326437826	1.8251794425803425	0.09167778764770732	0.18600255206543723	0.45996077436253213	0.20075836835290028	-0.13267759284149142	0.22205384500948905	0.06713171700338096	0.15999909365514864	0.017689713123696615	-1.0409286482935176	-1.0864363695190016	-0.8195725134663648	-0.8394871357506172	0.06186968395903337	-0.20665539503001137	0.13832175268614932	0.48786789242763245	-1.7042013251111487	0.15671788613472218	0.8004012297159397	-1.4576734202053576	-0.37512550507292397	-0.9291376180946508	-0.547283193339608	-0.3278256232334934	-1.8488155841208436	-2.8054903888361733	0.374437538959474	-1.649911495428592	-1.8208183673497003	1.9606009687462447	-0.2202781430187258	-0.3368001168124784	0.6232943402169276	0.42923353844801304	-0.21685002378348692	0.4367618127416322	-0.0930861182489525	-0.6003794490850858	0.6190822691174662	-0.35551565215086767	-0.6599446245914725	0.33539825381664334	-0.22479705336973171	-0.19142933328827177	-0.8144850220885271	-0.3942399942666717	-0.050707930533936366	-0.4464291868696916	-0.15539326059508898	-0.6817837952453689	-0.4074208370622887	0.22824915377269472	0.0878805605273765
DTXSID0024890	-3.729590055514899	0.12837962981590464	1.1507634558362683	0.5043947208640692	-1.3972259187660643	-0.14056837007993425	-1.1345574947551536	-1.1864732349351559	1.3248952052626086	-0.07754090296224771	0.3770148646638053	-0.2712574673109617	-0.061301985132654134	-0.35279288189622054	-0.17512429045534084	0.4932913736972316	0.6385118485029128	0.7341056722244653	-0.58083671738041	-0.6223875865430702	0.009509651179619393	-0.6618968751814883	-0.19490363307562794	0.010875875702808709	0.23665669122884533	-0.2607154928049605	-0.6184774604882921	-0.7988299172112101	-0.022981913625005155	-0.06430869346653367	-0.7453194839240855	-0.019113560514589976	-0.1856756048156878	0.22466376829844822	0.5096450937168256	0.8144364754850622	-0.019454160009456923	0.4087072239971287	-0.34936618931505414	0.3007991296510686	-0.11345655692560026	-0.2045405099564402	-0.06526735177168351	-0.07096299414426323	-0.3547990664210055	0.138400956295047	0.0436230682683824	-0.5204307199696023	-0.09288213037748946	-0.10097965868182224	-0.04421828190472019	-0.24181428715522915	0.0800116795760554	-0.3622648133908773	-0.1598012922579512	0.03163287363061628	-0.3589218902791286	-0.047687167567979416	-0.03838934900972386	-0.2706739782229588	0.19368783756001426	0.1812551381280536	0.25685310359869334	0.40971685209530373	-0.05131449836440631	-0.011524349509223196	-0.16826865224739881	0.5874991761474935	-0.05076946179658492	-0.1871726134350796	0.3174355247043875	-0.2301124572730182	0.13121395311577774	0.6079525525848278	0.5367317257889608	-0.4065451535443614	0.4508927052225213	-0.17473358863075344	0.205270924889992	-0.2660990074478458	0.08669878075752764	0.10397298200645272	-0.45199370680483	-0.32831444692399153	0.3230492890627708	0.2914090452254296	0.1964275993389562	-0.2374621493868565	0.24133149386521915	-0.06727469600448924	0.05285110848564952	-0.357837190648998	0.0860964931163968	-0.009742044085027407	0.08584245477906811	-0.04156026841796663	0.0262360213534042	-0.0806829607645277	-0.18764595970668724	0.12918663631599603
DTXSID7023930	-6.38430462805316	-1.7598211313690248	0.16180534969707328	-3.2353129330568877	-2.1336606493912647	4.67770648454024	-0.02472967501506185	3.517481365596197	-0.5073677708906648	0.5554198625211	0.1390535072143267	-0.09234787474928588	0.8746131190275427	-1.105173858693283	-0.9716145259476962	-0.04704762972077283	-0.7509851814568789	-0.5225040026861438	-0.28277638619782935	-0.06678598299842185	0.018046446231520397	0.21995359618183818	-0.2848251514666777	-0.3844403031404134	-0.0058639492019278774	-0.47244974972623643	-0.20751764275868287	-0.17355350563081334	-0.12045313810299682	0.029658821916136238	-0.39063155773356867	0.6298018665891228	0.5488999748344231	-0.28489461059950805	0.8329792301845792	-0.1798004663241391	-0.028773145686383225	-0.6239149532391781	0.15240242819560845	0.03461522958742045	-0.09478817964710239	0.10825383836367598	-0.15636936794154632	0.027125171809168083	0.08706929500179812	-0.04229668693091509	-0.3622264159348707	-0.32140119730456124	0.30322191610341415	0.0583368161351081	0.2422903489228408	-0.2680482557857571	0.3989492595989187	-0.0791559575219853	0.08056804487207067	0.23676349704479446	0.1736696093590121	0.3145061509719179	0.22447339483241824	0.061735745126537976	-0.7817377152262948	0.2214113992843917	-0.23421179952792487	-0.29057460937517693	-0.36882019759686524	0.38187646880824677	0.2944275362286591	0.18351605521600792	-0.4181736457615892	0.620769816763055	0.46989083292021766	0.7951115979520099	0.11623720186138235	0.2969402721283335	-0.5279076117653249	-0.4423996417601337	-0.589915926250965	-0.3203972282883656	-0.4365014298554422	0.05011741817979242	-0.014274975371329065	-1.3183665649286473	-0.566000507197753	-1.1847138809816455	0.32031956483685636	0.6636684050887577	-0.6254158031269575	-0.8899089510405904	0.727704643451463	0.03798681003162486	-0.21961278576167348	0.31389921252169434	0.8042333790153403	0.33908628796264206	0.05848451000811961	0.6071848661190584	0.36419564932916304	-0.08124379726117588	0.1621230286572378	0.10875286397773412
DTXSID0049230	-1.9063550004620307	5.70845911696201	0.9542789453031164	1.1881180358221834	-2.7200262059396185	1.7525258136900332	-1.407436001372426	-0.012449291772528879	1.5559255978500488	-0.46157754655930167	1.7104922584529605	-0.5730569988658649	-0.7227094611538706	-2.5292120640196907	-0.8449000885071231	0.5796556835022952	-0.5626028411936296	-0.4940909968913736	-0.08030788329560418	-0.21126168890596533	0.5806848372803816	-0.04584549142889435	-0.9308968276293105	-0.40229365101758896	-0.5787987667613123	-0.1280959970212087	-0.6050102210921918	1.174540907943333	-0.06597052677404469	-0.48212559587837384	0.5056009995623167	1.028839668733966	0.21364328198450463	-0.22644460308143285	-0.7280438902235141	-0.8949889608616346	0.2170012155849653	0.6009809804835948	1.1537168478086304	-0.38210133765603754	-0.6289725427036925	0.5812829165304936	-0.5676062570680793	0.30534547166424714	-0.2581035963971323	0.9288566042879488	-0.0378744367795739	-0.23043173044858745	0.3119052862857386	0.22072387069801838	0.2675133749597554	0.36707252353155273	-0.2395226487538454	0.3659523615277741	0.1991671841226086	-0.5041570605210346	0.5014321521465002	-0.13349822639648146	-0.13639711563068138	0.0342073881729667	0.4876350246878144	0.707531286144425	-0.1908453231625146	-0.6480368174520089	-0.13189954722310462	-0.3202771444276076	0.2833216071723779	-0.3552452481639201	0.44139515260145934	1.0842341535164524	0.375629007549885	0.27644775261308674	-0.18673856646886838	-0.15642386761007696	-0.1282182731373629	-0.49824449056761555	-0.25019888046285566	-0.01853872492308091	0.33043633522310484	-0.2611037189770066	-0.1567720189084062	0.3027743078413644	0.07893730038057929	-0.4256632623912827	-0.37827431842217196	-0.12731568540696192	-0.0036640905524730643	-0.5697531762210217	-0.13051166914312096	0.3955901504234222	0.23201378867941305	-0.5101721197112035	-0.747173341729735	-0.36125711563122	0.1704249243924146	-0.0400479010404137	0.04387666628364092	-0.4453075771078999	0.32877283439279026	0.2785723555520825
DTXSID1048883	0.13038737624435068	1.0818531950579773	-0.46445314403667703	0.016743248487635594	-2.909211429750727	0.31846871586990116	-0.7715377610029032	1.5631989979085958	-1.7281418586432118	0.6644951111247789	-2.02130764126117	-0.14848955188124816	-0.16122409941852747	3.314173317423758	1.1492970738687218	-0.9632621769952739	0.08624141605654709	0.3121115680905702	2.0978162112326304	-1.0015830441698945	-0.6467540428279129	-0.7116327286079907	-0.9629728931267681	1.4824777789352512	-0.394424468429005	-0.13569576061770922	1.6623775705120665	0.3719972767516443	-0.15455882498330037	0.8532587899024235	-0.4994100748954414	-1.026699221373301	2.382831761761956	1.6664436156726685	1.039919575398988	0.24442684261963418	0.4216119532929025	-1.5591229548100016	0.45080113104366587	-0.6036968089620245	0.4400463454739489	0.13242053328401068	0.24853181298132837	0.32807276573120875	-1.430098631534636	-0.4230517284805505	-0.7073721437339135	-0.9018685997729458	-0.278191133584898	-1.3590168625479935	0.21043440411001324	-0.40188473498484445	-0.19453948725286038	0.14041304377736252	1.1501671576984316	-1.091283772799234	0.5517527835496102	0.5215838853783906	1.1565746107586072	-0.5900019170937582	-0.6361270499741196	1.1478007646268227	-1.243396908959043	-2.46893258706249	-0.4647026456789119	1.3096454051042692	0.23544337483693403	0.7689662387976686	0.3475962697130696	-1.0956733859364303	0.3420370954502567	-1.679663294307155	0.5649502518812413	-0.8060432730058193	-0.017285017245770248	-0.01675570037152724	0.4265322825144429	-0.9344904654709704	-0.20618771829139773	-0.3880003226766469	-1.603866885322735	-0.6656279382673723	-0.6085295960353612	0.6652714892369332	-0.492937979227744	0.7638045810395042	0.6106407005695916	0.6108048018809541	-0.4071221269026585	-0.7083392218423253	0.9447120322571406	-0.011271679398456757	0.27011036477832	0.09879194996161475	1.2702554629502862	0.027618567913668374	0.15628899227021223	0.1801587785376771	0.13761656288025456	-0.12582540012617324
DTXSID3041613	2.2039327669608273	1.479921339330015	-2.4111605112192414	0.9861585761143611	-1.6608632482354475	0.6798621137316138	4.31576248836337	2.5977175417920852	-1.2821320315335205	-3.319335378897853	-0.23292159183188205	0.5600149013591872	-0.20277736642339597	1.4674373546662236	0.008338754119535026	-1.3864645272128113	0.82311865637712	-0.025330654027419273	-0.7720487946416412	0.2368629450654459	-0.1971958506901257	-0.3935859993465224	-0.9181029217051798	0.6398803141867686	0.0041357377318278	-0.1152336703761267	0.5145415197562019	-1.4760524880776857	0.5451998268839464	-0.3786256497044519	0.729158397674728	0.4099311742763022	-0.8774702573057944	-0.8939211407423096	-0.6784499423044162	0.014572959763625187	-0.4068980671653672	-0.027626449605525304	-0.04729222052061138	0.20444430411767386	-0.380446538667042	0.9736692186335558	-0.9552940333818809	-0.11676106829590972	-0.11152732262370842	0.2379272570252805	-0.20799789170409416	-0.14433570181841254	-0.2598534291677454	0.27114266865523373	-0.21684537900282702	0.3634118837775246	-0.1929919160346285	-0.10577798764463144	-0.3953986514682504	-0.4545325832716733	-0.06953356793024598	0.4119091721649308	-0.8488583546483454	0.49833460870169727	0.2542557607954267	0.3658343750649945	-0.2281586881687464	0.7257264630553737	-0.0585150372719245	-0.9358996125243635	-0.3345750474686068	-1.174100423010881	0.11837362781871359	-0.6812746133533332	0.26494365571743284	0.18376908633824104	-0.10452842914665467	1.0024916835709565	-0.10941276767530234	0.9109082040009874	1.268039064750328	0.8767510913449699	0.7063299501809187	-0.15510918600247728	-0.2498988302228131	0.09668511135148262	-0.31841517007276976	0.018268004363578293	0.33211827831101515	-0.42152409167790716	-1.4557724349770058	1.101586168685304	1.6673956370866652	0.5528150944235792	-0.1717543671465564	0.22891834550394008	-0.8873332373150034	0.47292587989245277	0.25959541756249493	0.02872422233206691	0.472750353104778	0.11700846591156777	0.4458115624047721	0.3150996246607306
DTXSID1048704	-0.16346727249664275	-7.2921026003657845	-3.757875999664504	1.0805187949607873	-1.4386367090973855	-0.8094147955391717	-2.924652991329742	-0.44852904843294106	-0.6040950141853304	0.5200187811788806	1.0194716231855865	0.01664685649565987	0.7167693109089162	0.17169401031652626	-2.887973083624229	2.4613814778273624	-0.9677313784004009	1.1617233198291192	-3.1786789558590396	-0.35767883636532927	-0.18929906789166795	-1.0807048400779617	-0.1143017367324122	-0.4742984053331824	-2.346750508182936	0.7117060883381368	0.6374589459795947	0.1687773584790288	-0.011911467647507735	-0.22297272804321913	0.294274120708626	0.556745458324806	-0.1837910980475111	-0.1462556377413264	1.0858700318382437	0.199842087586488	0.5127386057132677	1.0946176044566402	0.4018818976485533	-1.1775516201641938	0.24942540058149373	0.3157020375938714	0.23826639749998138	-0.679821252869946	0.23594410779712613	0.585588270710844	0.029427274082660954	0.32783875027842846	-0.2830984496558262	0.017705311741532413	-0.025139317033402907	0.5876320901994943	-0.17076780718193282	0.1001913038812747	-0.1911462847926479	-0.3809649325621231	1.0107130866722953	-0.19232726415437013	-0.5476070759689287	0.591277371579493	-0.365879053793042	-0.5421628619469591	-0.351814847864329	-0.29794695276023425	-0.5332848977181625	1.0267044117977868	1.5337781821715892	0.7184660125871085	-0.10234897469255728	-0.8833522371898194	-0.6466433174007282	0.16190681544041738	-0.14740729193786065	-0.09581992015481851	-0.5633459576047763	-0.5864856323293776	-1.3803002482040114	-0.12435251776643573	-0.04247196266215239	0.2551769390390405	-0.6788605449329442	1.3280693769542795	0.17015190058367693	0.1565897687090809	0.43706212312136145	-0.2568220599330428	0.37420327354282573	-0.27028376718434144	-0.1243515155953353	0.5068370199044169	-0.13189299511032435	0.22639841645477737	0.2382469119351953	0.4983663662342684	-0.3954683368929313	0.157188921631016	0.3708643168250479	-0.39301971673406	-0.10397013321115321	0.8525778936988017
DTXSID3047899	6.62598494789776	2.0264691088524596	4.422321800268434	-3.293957077777378	-1.5829900396569436	-0.6918620578671052	1.1420811671432904	-0.8982060690983403	0.5053846940310891	1.4515335269078145	-0.8846251029554801	0.5535335802025372	-0.7053884789649634	-1.3706124507040256	1.2102881519612232	0.06533581387506895	1.1417553759352892	1.64239168602967	-1.061708568369364	-1.4806870704805575	0.8257097649573003	-1.1722212343659493	-0.973166930058082	-0.9518633466841612	1.2560736113754756	-0.556062953474647	-1.4984976158028602	-0.6932455634481487	-0.6188000290453174	-0.40427762266116496	-0.7828905978085039	0.5165628483968372	0.48282882341309125	1.2586667595007772	-0.9306425456346797	0.8345776335995005	0.08675455108026628	0.16898596476993438	-0.3262574028306339	-0.37001009759947684	-0.20739855515537947	-1.0070858415133888	-0.08374894417313272	-0.9123909516974448	-0.5578809314711941	-0.2536954048091034	-0.5293884135636214	0.5059178573081987	0.07535604343871828	-0.3277814952936001	-0.35347671850645174	-0.22096589909538963	-0.28058475881768846	-0.5016723490240874	0.21826774214044578	0.6863511560663235	0.1709408213512983	-0.05372548738516763	0.4806716399042932	-0.38685718536404917	0.4659088003760874	0.32214379424166606	0.934864014938702	-0.07035935652661646	-0.3108137090871789	-0.2423350806539746	-0.2716418221543157	0.9599909317363661	0.09243747802070316	0.24240534869473115	-0.897012896812517	0.3040757992940976	-0.43890180877141977	-0.3496087229217305	0.18341493160724065	-0.2013276831004358	-0.47617614412194414	-0.5235801662447223	0.4809939391856796	-0.6893225740247602	-0.7359629409315841	0.014025451011460355	-0.1620844838741823	-0.08936152307821295	1.0439690858838244	0.05619989085209646	-1.0223992924252117	-0.12469794958062427	-0.7343710140672642	-0.08518146552556781	-1.736119184847957	-0.5134961070079502	1.5119045229686607	1.6048999208404686	0.4921243799093789	-0.7637112730412655	-0.01863432931774137	0.8184008533395976	0.7912809920232988	-1.371387115133928
DTXSID8026488	-2.232781392012758	-2.973702001579765	5.687819076516304	2.5859615034205685	-0.8846995296695777	2.337064272149026	0.9406598382150465	-1.1921564519322654	1.0111936607919108	1.0209616213521115	-0.2460714409332357	-0.43531826897103837	-0.08207033305356963	-1.3863059452431585	0.9174720494165767	-1.0287609419005872	1.1700838960146893	-0.21543446311724015	1.5637496601218412	-0.30325420418464705	-0.4620904312803801	0.5650224004271487	-0.13724259752675724	0.03249903072544098	0.32094083999035533	0.007917818779262219	0.5930923015407089	0.2438368388459386	0.4670907192548826	-0.3954599305498797	0.3437757090405763	0.7888980604400674	0.030095935313088205	-0.11548467143199774	-0.5475566086735991	-0.08896075076748197	-0.7223761054082656	-0.45649556633759153	-0.9685599755586616	-0.24322727115500076	0.19714329166852035	0.33556263728065044	-0.7748211961553859	-0.007500043255463346	0.0581350895288201	-0.12727617361755642	0.23324198673699753	-0.3328862161431674	0.24561042312894896	-0.3266100680855462	-0.024831619107257875	-0.8684133437013067	0.02061267283438954	-0.06686732119951305	-0.1922736037543552	-0.07376100751411724	-0.9525551055984901	0.4297313091978427	-0.001047295650681086	-0.4903561643866295	-0.46719727594724825	-0.16292659748878943	0.6740974372685012	-1.1753443799053445	-0.4081694340722739	-1.1587797979295067	-0.9926421988065074	-1.34644540476925	-0.025420098357411415	0.18493378462430962	0.17674008038132216	-0.43346792539404905	0.5265922023353278	0.0651452464127544	-0.02932781054363289	0.3662541079462528	-1.1991416377460382	-0.4615464000579896	-0.6793385598360352	0.6548304991939303	-0.09487052659440201	1.292711822426805	0.8000017547730893	0.23698260476192262	0.5289889225548273	-0.20680567363346256	0.39770007687241504	-0.22708585566769185	-0.7574474051585101	0.011851908238170825	-0.8473704678146438	-0.6040669697681788	0.8184203508740057	0.20857682903141686	0.4432268721794418	-0.28086144467540797	0.041406290134314426	-0.3132328125652399	-0.5818538621839997	0.02221576771516611
DTXSID1035286	1.2140321810611923	-0.5875588257424741	5.337031943810232	-4.430460018533224	0.23651869073106643	-3.782702064682948	0.133828884538409	-0.4348177540746446	0.16903210904848814	-0.22089791412950344	0.2126895798488138	0.8631736551719086	1.0080316401904448	-0.6484347549557945	-2.5725756840066647	-0.891137804086394	-0.0072634880361656115	-1.3962290608985666	0.43087002357139065	0.25220213225986476	-0.11105055248843301	0.4820466741845455	0.9463749584470924	0.039520292567195525	-0.5631947746410582	0.0826515596224874	0.5702082917959583	0.5152180402579681	0.26060642414305324	0.469800983941942	0.6821802713867432	-0.45700223129770584	0.32062917307009425	-0.623469053651636	-0.3628288799940113	-0.2298099920503534	-0.0597363243967721	-0.3542957972511632	0.06658362831716139	0.2608183457015357	0.16339809835659197	0.023358442188073907	0.0740129974306316	0.4056074257255047	0.16657520673260562	-0.4993430774765289	0.1847229394544708	-0.30037406799628746	0.022203978499734305	0.010159189834568975	0.0898265411037642	-0.27721697122804295	0.16137253172569405	0.09093963659459767	0.00584041059379543	0.20217723214219213	0.056173506623530975	-0.19947825083487494	0.3283281560764745	0.031236340579634588	0.11556900915468794	0.03040878843712171	-0.2506341754992974	0.45424097639602823	-0.1130512016592385	0.10826931376796176	0.5438182134280592	-0.3938526996277278	0.15630089916046763	-0.027765678737580124	0.23249144490539925	0.21084794965358683	-0.2064328336960337	0.12408209368639109	-0.12154823331218939	-0.22070061689310436	-0.26946469915022064	0.19842799779480483	0.07674449625848988	0.1551765804733229	0.21060948802593069	0.3526934896933613	0.1384639530068883	-0.07066404794241507	-0.12999412905538657	-0.04960691441057475	0.11517663026601532	-0.3475012675050964	0.23527373913419977	0.04313285660767459	0.5114007568260398	-0.11707247710788198	-0.28377887931274637	-0.5088792228213536	-0.10423810920423895	-0.17986905021227254	-0.14238743600425316	0.04359410768299723	-0.02943689540263108	0.02874916761426243
DTXSID0032493	2.3359249070323673	1.770727954415583	-1.4637998735762976	1.2629162778957832	-1.365125468282257	-0.3356313034887271	3.375366669291191	0.0013329790547831296	-0.9427398132039175	-2.1974677031231318	-0.48703727803585317	-0.005199970469060725	1.1137124254899944	0.7858332386845667	-0.06226902299252041	-0.2840264220258927	1.3249449283502992	0.8832700636400108	-0.8133418818919733	-0.5735592353524687	-1.3524665610191466	-0.7932112437260312	-0.9218263834141716	0.6137162331592177	-0.7284045175379774	-0.06559966001049089	0.8882874236276392	-1.6708282910928944	0.8801403245257168	-0.6936760086447292	-0.016549247490645805	-0.3250842171169846	-0.7208941340574788	-0.39828446855443045	-0.16377692465660404	-0.18341734710857582	-0.07917594133715922	-0.15308706387133547	-1.5286267111617329	-1.7958553790851466	0.9486149922647626	1.3429333314397474	-1.0310898602290754	-0.6605811012351541	0.22818576998414616	0.6387028535131805	-0.45437738673576084	-0.5334032777402953	-0.4040607017238392	-0.804350676844026	-0.29047028479547077	-0.25281691180897087	-0.24463566050174784	0.11466410626237204	-0.8868686673431907	-0.21432484024626428	0.09125317752478693	1.0573686648395855	-0.7113449439451058	0.9809508534005811	-1.201120327913478	0.24050167879477102	-0.3587225949878585	-0.4448928486936675	-0.6943930613407137	0.10556322753571627	-1.992868736679737	0.1375364700297281	-0.4768903553191904	-0.7233506753651999	1.0443417654023859	-0.8948307795471474	1.765890722648023	0.8240368928943512	-0.378348302310625	0.4276562696186632	-0.20682222499493905	0.07057745649684162	0.6464176712720269	0.26566810792573864	-0.3739661908614725	0.9084382152744085	-0.25411537225062036	-0.7160137237473151	0.18198871095079883	0.25283819644995353	-0.34389773517063194	-0.1257025838821059	0.58926859910654	0.616881938322834	0.11507340778298861	-0.23787282176612848	-0.6392908234046666	0.8072107784458697	0.3759625901240964	-0.3163226595556156	0.6262786931458062	0.249969308380991	0.750229534139403	0.22386305503448184
DTXSID4022448	1.3595160175344376	1.395476240515471	0.7743104891370439	-0.16318833405625266	0.5906609906550528	-0.8088864221794428	0.4772490290727456	2.127340887115855	0.5022080639073964	-0.26977772767322755	-1.268191424278468	0.2750346241732762	-0.44799877477142075	2.3955873045502147	1.59502564759348	-0.7040808352105602	0.47205911760108477	0.7659061443158195	0.2132697978229012	-1.5350342463663753	-0.9687653639966006	-0.8244028653391446	0.9160972487611324	0.6368408377496764	0.10036207913407205	0.48237554466565824	0.902660262702567	-0.2908644619960297	-0.6275657377319505	0.5148188373415437	-1.729688715075518	0.2962793571623477	1.141930271791031	0.6575483778562021	1.733385679601305	1.8761502802145607	-0.6088000161834799	-0.08106673668772232	0.14005243959055935	0.10111198521606753	-0.516533775830844	0.1558360497932603	-0.2993225398325589	0.7968393919540725	-0.17317180843188937	-0.6369230526131857	0.6171402026708968	-1.162616032771575	-0.05034897549904776	-0.4918351770453526	0.3961776072221399	-0.11653813334506449	0.5824984994427325	-0.4201007291679301	-0.23271270568523697	-0.22122594139203022	-0.713510074997968	0.5327005110086876	0.8104297808820389	-0.4022169043947042	0.07050277874639417	0.5874767004390171	0.16668055990415592	-1.219405353444589	-0.3418988293389174	0.04102267718342146	0.2989166508763145	1.239911745604418	1.5263713588875278	0.6714057189391269	-1.347591093352091	0.9001970539413677	-0.24538860578879967	-0.5851256315505734	0.7565541032756169	-0.9276386248722689	-0.3427116228556133	-0.5179172129288976	0.6650972880143972	-0.40157514596756505	-0.4766373091352547	0.45959870625573257	0.048376880333997896	0.13191879471993506	-0.43236121459287624	-0.44837044277083826	0.6341574598425053	0.8157176429176789	0.4604296626169048	0.006890716866458603	-0.2554951485272381	0.1480377009060473	0.0004572411961075633	0.7378122249140764	0.22941304186088765	-0.0732129925235356	0.8538328324974225	-0.0814111963610909	-0.07701950234762678	0.18728552251273056
DTXSID1048679	9.363470112674436	0.8435745417910533	3.4912577957928073	1.750618329489126	-0.7013831874612977	0.013251591780617963	2.9901079276825393	5.157145756859892	1.5864029239289654	-1.2635595686925445	-1.0574788900772705	1.2686919898866662	-0.2640413872181163	0.8034970684940881	4.883657982742272	-1.9885155904512266	-1.757144912859988	-0.8345635744647859	0.8286016421617368	2.0217280940479205	1.9603209093659713	-0.22434869070345856	1.240024616855171	1.466840235895923	-0.13255863810990762	-0.8551285107702068	-1.2890037510556058	-1.379827945695149	-1.4525297083994269	-0.5187270035878168	0.13315093007640094	-0.47261657174087535	-1.6474272970690975	0.010974507175359517	0.33261548401688196	0.07457629880272376	-0.622270917048007	0.21539679838476133	0.39422414532756533	3.388940558738568	-1.329931117187568	1.8078107081771073	-0.29890277851931557	1.3273782988973626	-0.6956099747665095	0.34212679435799553	-1.6004633008212432	0.421030877298836	-0.4785512087962119	0.14526744499253233	0.16408034651110714	1.0816002390781059	0.1541597303714481	1.7214178549457373	0.08452344927464683	1.066693662041972	2.2432992775397698	2.301881781328085	-2.1929482361664534	-0.8109089522324828	-0.10381292406372217	-2.008686619945832	-1.5668828564839998	3.5094960960385824	0.21427136861237223	2.9380237775529636	1.1060218583799348	-0.3527382663053628	0.36257272573280064	0.9821323062132085	1.7108302799234132	1.3671524609506824	0.15284115473734927	-0.8670902272151593	1.350318625329	-0.979879735459789	-0.8781161619687236	-0.08750108073418614	1.9577583821630982	1.7550226337964894	-1.8081881231216643	1.9276574521680667	0.6487499126149203	1.2088756437042163	-0.6560740961375121	4.94919235726145	-0.3065254967786724	1.821416262735183	0.11019577939319697	0.2786573167731979	-0.22233035584904282	0.2765005310904336	-1.8108607536982468	-1.059926906827293	0.6374535200791002	0.8585332424010792	0.010214174501450223	-0.8031202148070956	-0.45865349698306995	0.9686255642744713
DTXSID3049047	12.000797694124376	2.804449198370378	-6.101421973211347	-1.8799499865235831	2.108815853374346	2.030142461294158	8.034840187077059	-2.59581602465034	2.31332937628687	-4.435672511534942	1.8785750830907975	-0.4859739674919912	1.2012752967652645	1.3818828347304566	-1.2988214003928817	3.1587983880194392	-2.9848164346758623	1.4934845354820658	6.464187208627087	-3.5575146609597796	5.814238615206152	0.8618528854883926	0.551621196877957	1.255455544413959	-0.7803060263721255	4.359004338049853	-0.28435677182871355	0.620502138309509	1.9760448888196929	0.9621728226902003	0.21946515261702035	0.7608495255728058	2.297762150132587	1.5955559191508288	-4.260359072004871	1.6480071132555423	-1.6975606876770406	2.4356131297694223	-1.1595756013587057	3.6004896511276177	1.2730265166618433	-1.153370988471474	-2.9769759993662	-0.19647561987543932	0.23189555342150223	-1.9111158005462616	-6.188845058589286	2.6726815057873488	-3.714660069531108	9.507916623237733	-2.0719664183999846	-1.6742829120156182	-1.001189221869584	-5.020564096371646	-2.050876171721258	3.590232298843513	-3.2136995945940408	-4.537027615733332	-1.321828747776072	-2.374154829704968	-2.598524209361333	4.01695259151727	-4.514225819598504	-1.2721096959544815	-0.115094348575618	2.769713252914178	-0.5686290859223392	3.8787971531925955	0.547997576334838	-0.9326104721935441	-0.6470599946423297	-0.07683532820976133	1.5094400884637216	-1.2787272921955857	-1.2204598938730777	1.4057766793775617	0.22305723331967126	0.8182404389076172	-2.0804258050819864	-1.6823007815876947	3.3892949813378324	1.4083397824446313	0.7179496453632999	-1.3150867640810093	1.2760934092404963	1.2021281528188144	-3.05793263509585	-0.02668913345478179	0.6228293108404177	0.40988488884716634	0.4039844781118952	-1.5349790456129229	-2.0907499667305895	1.3090662809678293	0.8651644497093243	-2.2814637238262305	0.3413931792325048	-1.010287955356046	-2.0344658430558877	1.026689767748302
DTXSID4038346	4.377952814022003	-0.6928478384263448	2.8367372356638816	-1.5090467003343002	-4.079331711135261	13.141746338474185	2.3525393089226805	9.105203527310683	-3.769366405092364	1.8141345167677225	0.5351937487404118	0.5034818685847692	1.3487234159544137	-2.1554116287429688	-1.6261595440203145	-1.7669823337894937	-0.8280573949890652	-2.2358070175153983	1.0676075411529715	-0.3616881879780148	-1.1383997162092319	0.5231119072100183	0.6212447913349579	0.46583794933672407	-1.8467084216580487	1.4771087715108373	0.7738103909094126	2.656858539643566	0.22470341726366364	-0.8101457482856864	-2.150037356973956	0.9265023707601306	0.8319775311211735	-0.015509105318393787	2.074519898842523	0.737055209933065	-0.34456108689575937	-1.6740144033560602	-0.6051736976019585	0.8440402821512915	-0.1975420796513168	-0.9220359719317348	0.5350221335512946	1.1702949976496397	-0.05695837880070562	-1.2151911957579007	0.35052564441240625	-1.630766476482342	0.7241792674850711	-0.9513407559883426	0.39496016992576694	-0.9992241594922979	1.1277632851875299	-0.45470682116107497	-0.4630418028813957	0.5512947198131851	-1.255416518238509	0.7582112103970305	0.94274683429745	-2.0540285510430176	-1.3032654821239047	0.11162341476775851	-0.07283372719392417	0.3773325096580544	-0.7856168419493745	-0.11966575763582434	0.9840303987692823	-0.6997373135423248	0.2730928388988976	-0.21480466779111274	-0.13774015756566374	0.04704772203367308	-0.9041267086122565	-1.0616980241008307	0.07108776342393108	0.743178198631595	-0.9405278914714703	0.7058874113807329	1.811359948886026	-2.0867812220800177	1.239902521904645	0.5634093509356557	0.25512911868224536	-0.061751884334957145	1.0486519866428774	-0.9345404463776605	0.636662734635222	0.1281168448824588	0.295353642273226	0.3220496236446531	-0.8821200650525288	-0.3901136614991476	1.5352647584102843	0.6326091261134663	-1.0504957628284277	0.4320278388850725	-0.20246901681836438	-0.5878718033895876	0.9283641338891937	0.5812594154747192
DTXSID0047111	5.463698327895312	-2.1376143428608345	7.067292093134498	1.5679750355259328	-0.9587924263350207	0.9523292340193539	1.2036468479216569	-1.5316269125451762	0.2052764533873282	2.467120406714434	-0.2813060909802472	-0.05098968395993584	1.236411417398694	-0.5780325554288274	1.1191123479346525	-0.17390872861234305	0.9261029355939301	1.3087754756477818	0.3079633857659962	-1.7485851980872853	0.03414258198483122	-0.8441647284679198	-0.7486220298764377	0.37379605763860857	-0.57351029747532	-0.4444743120330731	-1.3510788734034016	-0.2113603494515914	0.3994359239964622	-0.6227672971375124	-0.6034501295166832	-0.6358459956092358	-0.2724628147047117	0.009411077274318117	-0.36410434213910337	1.487569358789637	-0.10113657871055322	0.4147749074713969	-0.7413789027705711	0.040050738841117546	0.3181668519411731	0.07345202443820424	-0.3301240321636057	-0.2328228690481367	-0.4103464491214152	0.14975443735392477	-0.5960826376851155	-0.3819526491528682	0.19853858828697507	-0.3947689882369349	-0.15928282916979067	-0.30124891223579525	-0.13858706229519033	-0.014926517831848911	-0.6041602493436103	0.16931217253490413	0.026616363948294905	0.31929479067037975	-0.11238437016244114	0.3000126234786652	-0.317029690302767	0.042046036685032526	0.6371476881858212	-0.5347949481942932	-0.37799280066449753	-0.21454405569591412	-0.5636788578192545	0.26661243186076405	0.016848618319543693	-0.338711674725439	-0.00026992743234190196	-0.39682805909787994	-0.015387874475668008	0.24420483887809363	-0.03157712993686232	0.21906847393472892	0.9087252793090858	0.737749484289065	0.581117077213315	-1.4025795186120695	0.17929771852495044	-0.9804381427922222	-0.8208552517799714	0.09673209602960174	0.32897139337224207	0.4565324815680099	-0.09700036331231923	-0.4140688855595795	-0.9610389703308695	0.2052490587596584	-0.24533435971018075	-0.054005118515381874	0.05132480473684287	0.3795571230578297	0.422659667624717	0.16992111139837315	-0.2250923349111012	-0.25829714729902403	-0.8081702504671004	0.24096506885148616
DTXSID0040705	0.42066818636306375	5.618575289945718	-1.8842408842319343	2.698273796127813	-0.16314159360006258	-0.7812572711572425	-0.6764440579490617	-1.3021530197962015	-0.8396828033689211	-2.9127115568960495	3.960058460438435	-1.8045664690624628	0.6327101356595647	-0.41669158170028847	0.7121210323434745	-0.766648115110478	0.5216843506165733	0.5915935223490746	-0.09911980095139288	1.024012119155425	-0.8624046366851468	-0.5283279346621407	-1.3924873591101827	0.7718572027088227	0.036315435837688335	-0.3187275540415421	-0.9763411953373372	1.4163985267381205	0.9951010791522746	-0.842369325826287	0.9865059165885701	-1.2649343296042173	-1.8048754677922512	-0.9784113722862174	-0.08779193767097695	0.4588830197076982	0.42852448756395944	1.2921139497353542	-1.3687663696895138	-0.06836425192941253	0.2736286450266021	-0.41338257558082325	1.5353784698590598	0.12656202699193392	-0.46185240058523386	-0.14688427184828695	-0.7031133924831658	0.18547840852575695	0.7251359952645823	0.32019785715560034	0.6390710991512624	0.570529020472653	-0.07557729405401382	0.018670603605914757	-0.47420214606492117	0.0914071115922429	-0.18863874408159048	0.7930874832393964	1.3940175651055708	-0.4051259212532273	0.29580444739111283	0.922185669650759	0.2737749399117018	-1.1159201188791805	0.015477799474459158	0.5090816103813094	0.39183082376488076	-1.3085697672966885	0.4914807698559671	2.189459284651759	-0.2929147422330977	-0.5223289866163773	0.26715438769496136	-0.45739615216812163	1.5557000645051648	-0.4069668193635113	-0.6907004243525525	0.21957381678007148	0.10659556793186628	-0.9743004771548068	-0.18021162356859768	0.17288905550120007	-0.6725317817958749	0.4698001007825205	-0.3673666760729478	-0.2620551458126266	-0.6965647052345159	-0.5086306884525917	-0.17157115818847327	-0.42027950571179673	0.2910880637657484	0.9938250505197704	0.20362285059482638	0.6944735173375882	0.2133271433293515	0.7151688263518164	0.03854481024514165	0.772905617346869	-0.983482873652651	-0.57940524477879
DTXSID4048191	3.403611168800853	5.06219744271619	1.7069405729473417	-0.06456864811386079	-2.63456399332052	-2.978471469333179	0.784050078462716	-1.6394928910510063	2.1989621470766827	7.128717673738441	0.9926358851656425	-1.605523290834813	-0.7939222646202567	1.5692136053980879	-1.3772002167826964	-3.3142547631131976	-0.3667637189726334	0.05157734564686351	0.15175496654945725	-0.04636591219611292	-1.2562720732461858	0.4544226991456596	0.5267848900104034	-1.6817009630687076	2.243979054953731	-0.9867919660107939	-1.3605904824952797	-2.6805888393315573	-1.3479555980864868	0.9055953282834003	-2.1269356574227554	1.6918188438953272	2.225615050864889	1.1542431260750055	1.0233613353400992	0.6465554750053487	-0.4181473362663495	1.1188802469030492	0.5252949714533273	0.08051320629434787	-0.07894037851683212	-0.8606511994319869	0.7659131279145166	-0.5630394975415739	-0.28647180883564266	0.26516678230725693	0.41108452893068864	0.5759699403373987	-0.13853156934406935	-0.17591053185200012	-0.24107729699916514	0.023845137865738705	0.5492162521420205	-0.797558736079075	0.5418838696086719	0.5160402231362574	-0.7429641753947727	-0.5058948076072997	-0.08524527245344123	-1.1851895681377822	0.8446207759640408	0.7144129840574862	-0.49229951657643417	-0.2764992471575513	1.201493081597852	-1.0732238268964052	0.5688875337466175	2.657281349219143	0.0381973890143428	-0.3866215766920712	0.08550765259529482	0.17437028847807648	-0.9838794056888521	-0.05426264218771184	-0.00429559443533267	-0.39413420951682326	0.2200147649929165	-0.4318644340101554	0.45224699625723414	0.9479255942485577	-1.0467570506390749	0.44500190172379056	0.8769485687124802	0.6672131979052889	-0.11719712922512103	-0.12633592804282928	0.08075110063652466	1.2885059120106959	2.4475586448411626	-0.661180922757823	0.8416684474553001	0.15672174073126108	0.13157813364046905	0.587376712216046	-0.8007012141988562	0.2602513584539544	0.6079316965354076	-0.7733130829892924	-0.765099846075838	1.402128711052853
DTXSID0020311	-2.433704182182545	1.2152180674816544	-1.7786911616052286	1.0674975440458825	2.7690553782610423	-0.37817353308581236	-0.48690368272492	4.1320624143695	2.457193850506363	0.4689747949898071	-1.502614450339248	-0.7644983037456194	1.4073019030262386	0.22615120704885175	0.7350680660863214	0.21756819512805858	-0.30890732149090633	0.6183535574438483	-0.2790871874603957	-0.8339587581250052	-0.6183340931263887	-1.2725382582484845	-0.24600369346667927	0.9884848262720141	-1.0935670717076322	-1.1990551068166966	0.27339846058593825	0.3923727048702667	0.4693948288135027	0.4191682212972834	1.1548125045823892	-0.30882619515040227	0.16161683284710077	-0.7188795270267999	-1.2197335515974557	0.49576118804408004	-1.6800562973664945	-0.22653592810115875	0.002894923152348896	-0.20161679870653237	-0.2347736512151055	-0.8010001705149882	-0.653879819848825	0.20030742285054703	0.053416391608094436	0.6118762973751677	1.267669113660895	1.4051075037713558	0.07687543728540129	0.4323757180805875	-0.2907179510133889	0.7642997851794903	0.3670553074351349	0.14664347744590134	1.2755763824210988	-0.9819519061024554	-0.45016969194775003	-0.25388159542718614	-0.36593675673002884	-0.23100931947877956	-0.04889986514218717	-2.6388907118102733	-0.5455318684370063	0.5301622798976088	-0.6576072019895632	-1.4980020497245354	0.36648053031347344	0.5655727658622024	-0.37938836267024617	0.2805972149975099	0.08048650504046558	-0.5693919097755034	0.49586582288580605	0.22845415808196426	0.053023894899489644	0.10843262957321717	0.028076096775161048	-1.5507647701801885	0.5119905947077376	-1.4572258078852787	0.4377376783055487	0.3752942652413279	0.28239497612763376	-0.8372863665979026	-0.25256149021602814	0.6567372015302582	-0.6067580626554249	0.03052146750697758	0.8376075196530294	-0.7417143675071568	0.2434596835630864	-1.1042081539342863	0.47320429536170383	-0.5030352107029648	-0.509560889972837	-0.00018756209665795118	0.6405860137966028	0.5006594367101769	-0.3875231966614055	-0.012222728733767847
DTXSID7042273	-2.338451670639862	1.3329315534685398	1.8331258824460748	0.5146803585396416	-2.418840924854498	-0.2403512561451887	-2.231340626915051	-2.7303824680998563	-0.2541676924473449	-0.4205652582323153	-3.4923664395614487	-0.5292627871281296	4.51756593502682	-0.14935509365338137	0.417310177951578	-0.5508332542730855	-1.1719078909391034	0.4277373515004649	-0.45940125013474103	-0.02825780922993686	0.5171652241302761	0.5324889512364582	0.2590804301922132	-0.7734020853842457	0.970795823117621	0.19918186785690117	-0.1886277380892712	-0.6111377238730386	-0.15086261343593826	-0.2968953059038904	-0.25422828052729407	0.19515840147177227	0.07988037464149704	0.27420154819177617	-0.722846187448174	0.14791414668661418	-0.7128206132456032	0.2292525752801449	-0.5750889272788741	-0.2595176885024326	0.38675202051774316	0.2614161156347237	-0.4553944152070226	-0.45127333228957434	-0.17213426679626662	0.1934881306008773	-0.34131481679702363	-0.10042573956368855	-0.05953082937228264	0.0403157311062289	-0.11180418515197037	-0.3178490609052269	0.1091051902421534	0.23473265876758084	-0.03871787695860704	0.22149406198468374	0.3892743084194912	0.42620570137608255	-0.44114914070622885	0.12410011596911522	-0.1822073804424933	0.33971926760901494	0.23295745045250138	0.3907502081243688	-0.13718996814316717	-0.8682293334512268	-0.07901291666574124	-0.32939587653738905	0.3597833562659892	0.3145507276568056	-0.11645402107003419	-0.3931318899951258	0.4776205195893563	0.004421780341483029	-0.3696561972419144	0.7467972532981101	0.6054276016738774	0.6411035019209642	-0.06623444587497625	-0.2970838338767028	0.17167479554566126	-1.1127303800219612	-0.32039998327952224	0.21937452865001444	0.4248350303164461	0.25488347556261925	-0.5475628100600192	0.4153807640014959	-0.264326319096475	0.23066521252365502	-0.004306759389612242	0.6211329391586271	0.14146359065699532	0.5606863804835409	-0.10257902961856942	0.3184468979441954	0.22927951855860956	-0.10986129387654707	0.18489666269589666	0.5448614488395842
DTXSID6049357	-0.6249380913521742	3.5296726819707116	2.5866846234882432	2.972456890716447	0.3229607235833178	0.8998527730337966	-1.6029623655250271	-1.4198352872148983	0.8285534682451975	-0.8007521393953997	0.8864987591464802	-0.9444578132406246	-0.9662681960890451	-0.33996206270624557	-1.2985896658790026	0.8814480411938764	-0.7196354340604938	-0.2821412810601199	-0.738247478738287	1.1283978670046646	0.20363680967416267	-0.16933221700194417	0.03753607822689799	-0.19313919937976975	-0.23075082320597554	0.817783002658006	0.8710750351978832	0.28470433772476733	-0.3693983643105825	0.4576621636896754	0.7828204963215863	0.4462599820785373	0.5545616555273896	0.32714059255368794	0.2116646352949578	-0.877469201435394	0.7423388706487252	0.7024181820222127	0.841336752924153	-0.3443409311060409	0.36112869923052726	0.2349365590283533	-0.5198156030607065	-1.0612832169948065	-0.30477480970709353	0.749862093947892	-0.06835653678936325	0.37995164791663316	-0.09561717762407186	0.18143731327903057	0.1649030548321558	0.6142318191155473	-0.2244054043559182	0.20548065419337297	0.5766170192610044	-0.1749409520896471	1.0958753966592287	0.1346101356584013	-0.20908846427984573	-0.17145453860889726	0.3478593262642636	0.2795645010303496	-0.5580200821691474	-1.0991416890170171	0.18056066970076656	0.20579053450465395	0.6027280445025011	-0.2440423902970535	0.07766026765355437	0.44862623533295076	-0.06416886105275928	-0.595250197097608	-0.3908272868740914	-0.4536017719193801	-0.1563449156090747	-0.23454134218307104	-0.5442531757739776	0.5517901141141061	0.4110571035435018	-0.45696143716874144	-0.5066648888177431	0.6138979799222549	-0.08694123702180132	0.4928654572704271	-0.12639657738135376	-0.07316467094647851	0.27739204463570727	-0.0701993437344476	0.5818535010099639	-0.4529798495559443	0.11388478671044899	-0.8045528376330412	0.06476441894846154	-0.18252943342280042	-0.11320664312652651	0.07991960803775526	-0.7027712805161976	-0.33683781251715866	-0.012731922754566414	0.2592661783147177
DTXSID0021757	-3.9486573006122923	-2.785610259003452	2.8286628163682184	1.1323312576889153	-1.1156487995427418	1.05852208696904	-0.03480439230713406	-1.425040162305561	-0.20190433450724704	0.8756206321070148	-0.8891922432128726	-0.05053585467940736	1.3578080337515352	-0.5713104465679676	0.568213043256826	-0.1661980738021297	0.9137337852597706	0.07287285769409355	1.459572851353967	-0.2518206034950929	-1.2220940289801963	-0.7469528140954957	-2.0096542430280624	1.758180733234794	-0.9989411129426096	0.2014451705538138	0.04579824651872248	2.1728597084878762	1.1443945294150344	-0.9307939249164449	0.2170755109389243	-2.635543672286515	1.3897284013289442	-1.6702088476811423	3.479965871244684	-2.5788966783855582	3.2208940877325736	-1.9694372362945671	1.117488011815699	1.146836918471796	4.172809126014071	-0.6228806141767191	1.1164030571013877	-2.437899330352065	2.6654107103691125	1.2772373181402468	1.9659469163172472	2.112701098966535	-1.104004091798971	1.5578721278043208	-0.32621388778011845	0.7917826438982715	-0.6532543456573305	-2.5744569324588977	1.3212870816871314	-0.19435642796803182	0.19451011878887123	0.060659083826243215	-2.0842286358862334	-0.2659982839603789	2.2308342648598387	1.2341647110171445	0.8831997536737726	2.746829172164269	0.05939751623437317	0.5788927235506311	-0.35533057376797644	0.4584232875294988	2.2702884653124724	0.47609234094278213	-1.1662723613854429	1.5684507037193802	1.6321115041326708	0.3845789812047559	-0.08242658085384083	-0.8781198690073058	0.6638905385173668	-0.9473675835501021	-0.3118004134155676	0.1043585654112399	-1.5077530958438305	-0.40635856132012566	0.2547425763203938	-0.02723335455521203	0.56915008069696	0.3612457182652928	0.2961739437500083	-0.2942150443213627	0.25687040762028895	-0.11725825366084562	-0.3990825508543981	0.059241267891198324	0.13275077475404246	0.027842248896620722	0.3763559547962645	0.18208619523071487	0.2112453127603797	-0.6158224952294845	-0.13694465969050623	0.8606211403708487
DTXSID7027596	-6.059313765174747	-3.620510310570692	0.014335986060552976	0.21187334915381753	-0.9379874140448555	-0.9874362879759032	-0.09698434195262913	-0.15111360260427484	-0.3550517048842334	1.291459009769047	-0.7120720076820275	-0.19157074888772255	-0.5013753543400962	2.1588107689299636	0.6366053033914093	-0.48723914016521297	-0.20064691598557002	0.29855285280922955	0.5443584641314514	-0.6441595620350187	-0.009827744002280382	-0.2617894024209952	0.15247430674339554	0.41588644305847294	-0.05349145198681439	-0.2142726255979419	0.5992618254141894	0.28005935197710446	-0.12844305483194743	0.2951342867979464	0.5740316786477889	-0.20024179771021483	0.6823095785502585	0.22993521472182682	-0.2670216954776668	-0.3922827203824509	-0.067994404220698	-0.44981656332478426	0.80957985545857	0.6310078586951631	-0.358716549127943	0.036337979895545075	-0.12596014259876612	0.6533814698000181	-0.9969934367820776	-0.09731694921260511	0.053815445831308276	-0.278760347074232	-0.039422026227296014	-0.2005953402118418	0.2138964212309898	0.09611863918895329	-0.16165857064695172	0.09355519511561122	0.6721572787868393	-1.068296296313811	0.28270995152394424	0.05440016738755663	0.23451524483266406	-0.6520084417566396	0.6514020067602875	0.47688372860468553	-0.5644346822940476	-0.8845521672979375	-0.1912847615355824	0.4096057187159538	0.7355210858623739	-0.40241417074528457	-0.13425322974939294	-0.3536389785740421	0.008522494955531864	-0.18293404658595205	0.19104556998163322	-0.5923364661003594	0.010539479695252112	-0.18663719864861678	0.23918051300373802	-1.2312778696961004	0.2955733919923189	-0.13761084743930685	-0.4906760924782866	-0.15869040230485668	0.3924618644144963	-0.23950599773718373	-0.6807518550285679	-0.4568764726522678	-0.023146793164582378	0.3891858100033457	-0.09578812382276596	-0.23073583320688856	-0.6006183036598818	0.22135186915682237	0.8238888962642665	0.30546656864905575	0.7668523874445048	0.019113378945251593	-0.059705415532141703	-0.33375628795038437	0.31230951199908336	-0.1952314105260558
DTXSID6023658	8.897948345383291	4.916805327443576	0.3747342711776916	0.7628322484864692	-1.6054256178602218	-2.0722654037457273	3.8673153628390584	2.4491516482148197	2.0767977293228164	-0.8264847184356758	0.19382521236145384	0.4674849912794419	-1.944663640023869	0.9154704350585667	5.648911191152148	0.548155036600005	-1.8199041930894415	1.5179755840413405	-3.519189098701639	-0.47238675425415444	0.67968676833234	1.0011916128834164	-0.0435450898612961	-1.4847761062886358	2.568839768570965	1.9310629521055722	2.595985407194269	-0.0873121305006717	-0.6112477320050106	-2.8325040458294914	-0.35405121900891257	-0.439689703192021	0.7577632239955321	-4.585096699978726	-2.9970644812323224	-3.0051896012364288	-0.9143066131292529	-1.1171335216647915	5.529400804418801	1.9981149547221717	1.743554928789423	-0.42954881375210613	0.2344177381098541	0.28782825029132203	-0.5665382199848665	-1.624246007272765	-2.279445696138666	1.8221902414191162	-0.18573677911025258	-0.5473619062556605	-0.09917461991075693	-1.8268685658458732	0.39420595687681004	1.1972230087207127	-1.6558973688688394	1.6765642585739904	1.5633407916734252	2.6425828760383197	0.01327600733213759	-2.499950753675744	4.587049208641801	-0.949006267939363	3.2920089498170655	-1.087701471002557	-1.8789711591740508	-0.08498033072622553	0.5830057330285641	0.9708871303180551	-3.2840613780517867	-1.3281656863091365	1.6367719170640145	-0.5763763729030484	-0.4425479000848074	-0.9012866398857317	0.29472578400369326	-0.8994050149036743	0.17554035136916699	-2.7593900960474986	-0.13989695835928725	-0.32746312965581703	0.48968162681533367	0.7864454256565493	-1.774526358995361	-1.224698893485978	-0.0003101172761039984	0.4908415204863763	0.03848097996862895	-0.8391017270675054	0.5869182127010268	-0.4712512013718853	-0.5529485315290381	0.8269496162880128	0.13311176775692693	-0.6433087551282964	-0.47018130552515836	0.9264743064884683	-0.25048381117521046	0.135534820203508	-0.03283392020795933	0.20201558146829912
DTXSID5044445	-4.402762155231168	1.5296316479554868	0.9958292996231924	-0.6507993456010783	-1.7938786041779473	2.1058486174139226	-0.3135077003603157	1.2040891750644507	0.6566262865566616	-0.19248410232309646	0.6666256477709549	-0.33010752550710754	-0.21597097740140134	-1.2650486108906136	-0.09982599560968505	0.13025956301358163	-0.06576245148389319	-0.1863889188891046	-0.5020495249415506	-0.6666920920778802	0.09024309821103861	-0.20098501907518979	0.7522202234150741	-0.10562045021368599	0.10974367629774968	-0.21352499475481107	0.13153964640271223	0.1016075729361575	-0.2487559781469637	0.07065307302433352	-0.23151118842518548	0.2220346379723687	0.4303541413955208	-0.23259946582766744	0.0008137126307426502	-0.40934174924541566	-0.24833556929773554	-0.24102335496497154	0.2955191125824799	-0.03784901183001971	0.1133556898894028	0.40115987999974584	-0.09008380976629311	0.19390252383763432	-0.44398642034934316	-0.08891524277234952	-0.08859702968838284	-0.016885937545578704	0.03846243917315855	0.17205973419987758	0.1279018140075843	0.11883987543899963	0.29084895162385754	0.05833967583016678	0.2542653953584643	-0.25735777345194943	0.5614693612122952	0.05784852825479144	-0.2108672320684679	-0.04415346774595125	-0.13455912639993753	0.08998367053722559	-0.4522060518325248	-0.17534130654394522	0.14473191441956296	0.07117815181321675	0.45497420544387523	0.3039979779920941	-0.23715476778151653	0.011251028736844353	-0.26700013366963204	0.12308368760264828	0.018300573826946876	0.03797903236242698	-0.8789107538803484	0.19935615364854092	0.012511451283575796	0.2573303075895048	-0.6389195743285384	0.5074807227526597	-0.3101118331060687	-1.4327548646879549	-0.3130199457319987	-0.5278448155919112	0.04804425106003158	0.6441304785343105	-0.44721517158596785	0.23844025396132162	0.25825394433225424	-0.0968601267725723	0.19783318229285654	0.3927303759369908	0.5348187491181999	-0.1366173391626153	0.41193214853802895	0.025793807447286085	0.24928027811126754	0.5143459525896611	-0.3064412339467725	-0.19453107207254616
DTXSID4047416	-1.7114895409667463	-1.1968579225286002	3.1629647118796997	-0.8758299553731597	0.7639094750646254	-1.4453113833704874	-0.43250213043126057	-0.4859788843518908	0.019748696688053437	-0.8352906707232575	-0.4657089089028601	0.08744504397147071	-0.2754905790217551	0.9440329318747793	-0.19618006164200413	-0.11737690030462603	0.6059368353134864	-0.10272710143578169	0.12440695804884128	-1.162601072854903	-0.014187949827321097	-0.5041982044833354	1.9710726306787805	-0.29825224085787155	0.5788073352427087	-0.5246015858214887	-0.5970796954374894	-0.5977430294248638	-0.11273203769754078	-0.19730836027212376	-0.6347877953873983	0.12630942432107128	0.6549620603416556	-0.17564154578962163	-0.8604134618268833	-0.28710916953731597	0.7596597760071803	-0.5577500431323474	-0.5624850150385884	-0.24503110952086254	0.23978796915223718	-0.39109324129562173	0.06096191109982097	-0.12569074594986943	-0.0472252879975937	-0.5076701965617619	-0.636249478096065	-0.1804022656174869	0.07891052580719765	0.23163335281723335	-0.023474398917480092	-0.4415356904131898	0.3468507877574421	-0.1285985817659407	0.08167168285607182	0.2559662255861216	0.48640693575589955	-0.1143674138596038	0.5525150293382529	0.44632397361459863	-0.22661520219657974	0.47362204017844706	0.1513956716333375	0.5651348942987575	-0.5930803097155682	-0.14047367600712032	0.7421067087241208	-0.8306865665989779	0.29127952933622403	0.164358256937371	0.4862540828026713	-0.09703005824079435	0.22507899305671197	0.30170021947483333	-0.5618670818392153	-0.6375654031584996	-0.002643661202380821	-0.08461528360181825	0.7104168058448531	-0.5330210105383435	-0.42607664087784386	-0.1563715823227892	0.2560450866432977	-0.40778601059720065	-0.19820345688236723	0.06685088183434747	0.4452077091615845	-0.23641824455410076	-0.1444168267124665	0.044805608843185886	0.1537336601833481	-0.18400029214102062	0.4231530900605818	0.09711619700599522	-0.5799453206128498	-0.33670471517915335	0.17835360224089208	-0.4091364356259518	0.20942934726791426	0.42813160261353755
DTXSID0047955	8.690084723902103	0.5597215546761772	-2.682764917643203	-9.719901444354424	2.7392368936814147	3.201362306573283	7.757856436022392	-5.803121619279538	2.8054287703303094	-2.659612007479923	-0.661004849868924	-0.7299746821361347	0.9469588071398598	-0.6694496696919328	-2.1219445238511994	-1.768513479440326	3.8177688553441382	0.46598543895635697	-3.6864261296228307	0.5137739239802213	1.4482359616242868	-0.7974691583408496	-2.2205252769925345	1.0549238727797652	1.5184101040339224	0.3560880008863459	1.7725771531180274	0.9111669030849516	-0.3781374093322068	0.3555737807116106	-2.6332471512091886	1.4897219043202803	-0.18218670205228138	-0.2718636965324562	0.9262721452515138	-1.3297808930483606	0.3160503147588988	-0.27828570724187845	1.368074324469751	-0.30520200102065054	-0.6675530194450882	0.491966470731112	0.1541463997857934	-0.8173061973918399	-0.4964986296044373	-0.11405311185314039	-0.15242976653894932	1.2823161891619008	-0.10814091437754014	-0.22618785539061287	-0.24333447594109642	-0.029486283644035362	-0.6435256381124833	0.5253207215091161	-0.08142905208527496	-0.5103890967691397	-0.5780316311737325	-0.8763336997824728	0.3832889147825051	-1.3249554060896918	-0.6204682768386065	-0.8704273150264981	1.2066554001796725	0.39888730032510916	0.13516448832405442	0.30930724151980277	0.8659077235686345	-0.3281714741513146	-0.6369478957362857	0.5838150869173562	-0.14906549590546198	0.5178927775771371	0.046626591229878285	-1.9234822650884402	0.15819112829554696	-0.5009907493784037	-0.2892068300583469	-0.11581573456000342	-0.7247411520338198	0.7206077752850446	1.8518084458206263	-0.5621094162125075	-0.5239013959476282	-0.14580908826044853	-0.4932987811136005	0.3889937703041103	1.0178683162707056	-0.08650648504565041	-0.616108460282618	-0.6297971462760239	0.07090017502402096	0.07366950851766355	0.04975901411861143	-0.31916462532527307	-0.4318880322118956	-1.172053195415896	1.23254892865269	-0.3555773612228929	-0.42260421741700155	0.7359211101383389
DTXSID1027764	-1.2664832042754193	-1.1285702387877246	3.1965730544734066	-2.5498541853245533	1.1338741340481382	-3.149524321035522	0.6342868669115135	1.1231345029628232	1.2059318530384797	-0.006340986963467575	-0.24767415656926609	0.36617611824314467	1.299045519762661	-0.6528090187813206	-0.6085192255286733	-0.1290825316400919	-0.9946167720228677	-0.2761886970008351	-0.6712185222093194	0.35092889755474044	-0.8585184279644281	0.4045791983099853	-0.28167350067857627	-0.30506981755161244	-0.3650460213062608	0.5552872331237608	0.8513114349220059	-0.09628401350892091	0.05362516519113509	0.5144335060212204	0.532947766069105	-1.0433790287365194	-0.5134484183075648	-0.4746804967967111	0.5127153544492883	-0.016626278905242934	-0.7744836997152252	-0.21026372341052693	0.3901001213870093	0.855704824398623	0.2671705709708391	0.45333245644535924	-0.5596981717598256	0.3956193924582689	0.27620372672152504	-0.010248567046326084	0.2030453894066406	-0.18309276367108776	0.16371909883698707	-0.08640674677372066	0.2377971174531783	-0.03687406392706305	0.10048784586367636	0.17566952133920039	-0.010608474787470897	-0.4521584520335534	-0.12198330468848347	0.5811865568163816	0.17200200040728547	-0.10366442998054608	0.3123452524389308	-0.15233508028526457	-0.9214287984092691	0.17828641502733109	0.22725622140070034	0.4136261061045007	-0.4037883751512712	0.3948568652618488	-0.14221778845051722	0.28218941040533124	0.3694144924138648	0.24760110949355843	0.081996837471325	0.41404592145725133	0.3384671023359955	-0.15916816652266472	-0.4202787993764534	0.027596579046963932	0.5049691471188074	-0.3462669664527143	0.1377868983494742	-0.33073828950791667	0.5543086027040968	-0.7819542038644146	-0.9664415837285547	0.02592431284861016	0.40658062346905566	-0.33273407992525716	0.12827681730144883	-1.0877314217634755	-0.035679571113257626	-0.13589927460807713	0.11922526940319106	0.3660796387044664	0.16070787969543093	-0.01791940359275664	0.2625236153277374	0.362459476956165	0.0986704638916337	-0.3780909128825122
DTXSID7045786	0.23031490245497854	-0.8681170396487342	-2.6373381284916486	-1.0518036943453173	0.6329104100692614	-0.058558416326110425	-3.229218531610182	0.16979186632098947	-2.9977931836824734	-0.12812083915794104	1.940531310978275	-2.1008994588399665	-0.5451969460686452	-1.2670401384543937	1.5886148396054582	-0.23369867196485378	0.7359212424152984	-0.5248169786994956	0.7525831443470594	-0.7579566073656537	-0.21829707979187452	-0.6179181283418226	1.383082714257375	0.9642851921607754	-1.4242906451770898	0.0610296946454909	0.7336693880754656	-1.2002160827127073	0.43143460366718595	-0.09041954787610895	0.5399305531896366	0.09322052152456259	0.14220551661554184	-0.41406915965632196	0.1352642621438745	0.16263522677851733	0.19193011470185545	0.581172817390062	-0.03338342232650422	0.014771804543933677	-0.19539595316982003	0.22454198050337115	-0.49535711696404816	0.6784728442040349	-0.1337040435306927	0.5297354448049355	0.25545032275480684	-0.3820385819932633	-0.11557841483091397	0.49144325875982825	-0.05501466078394202	0.0005195613329970367	0.16547253426289366	-0.0484175840904628	-0.13852876088509325	-0.0790245638043623	0.3567777944068756	-0.5604079216198378	-1.1675152088769911	0.5832735939450601	-0.5301900454733897	-0.5377752064562034	0.4467488110878398	-0.1082742092022476	-0.317420231327645	-1.0758973240645586	-0.7414332295282569	0.420234446289638	-0.1952916095727362	-0.36341362507477676	0.08417935563938402	-0.4926812388861837	0.13484161267034	-0.2704214880392687	0.536754197770092	-0.16886238972534373	0.966881668927533	-0.6536329452156127	-0.48872930183728286	0.31653464825205385	-0.22512070588875693	0.2913604877515658	-0.6810312657450892	-0.16570861104143667	-0.2716503551011387	0.47191503797905987	1.06036836212303	0.34274388017908874	-0.38700504727658575	-0.03506371143070826	-0.45755492491182115	0.384850167075917	-0.17036334959347904	-0.6429844244918306	0.10415377454263039	-0.07462125702117994	0.02927611721365054	-0.500918009341082	-0.2680689581273069	0.6429159228765368
DTXSID3047891	-0.5128738931026267	4.620872671439194	-1.0125749196808667	1.8884220243694005	-3.7219662448177107	0.3915407869990687	-5.597927430872003	-4.8715380508102335	-1.3911264513706922	-1.3594857417013277	-6.475472506223431	-1.0713901184250096	7.744063849797671	-0.41434215440594124	0.616854836869423	-0.2972973954701114	-3.181572404378822	0.10519169717190646	-1.0386022902423018	1.0715994782120437	0.3612957241478128	1.7013071804075837	-0.08089206295635583	-1.249439472792493	1.7058438808070984	0.9853813008476956	0.1494860230820311	-0.21073089989031904	-0.2511930113193807	-0.7029790836246758	-0.853285154279958	-0.11067055744674635	-0.9002707269122208	0.4276151438383143	-0.4334711891812587	-0.10771171872538685	-1.8937315660317124	-0.058467896100045234	-0.7489281207971502	0.10315164530775987	0.5706942301883504	0.229933748371665	0.18812740867320446	0.2836276888080837	0.222720923426972	-0.1694328124267719	-0.10825760931778658	-0.4294542671167413	-0.3070735150228431	0.17264311493212642	-0.14443682971773303	-0.6929631217490615	0.5137664750840604	0.15023243649920456	-0.21707353797488332	-0.07315932009030851	0.20267477925741936	0.301886112210799	-0.3595215835654344	-0.3222453634580817	-0.20379207431017354	0.16951124360569897	-0.29268560408557687	1.4409711080778176	0.20710286293491856	-1.003451802948043	-0.10823010560367653	-0.3219054123986917	0.33605242149441505	-1.1731404374827918	-0.24583414518501065	-1.024824614420974	0.9579769442681065	0.058361124191363266	-0.11797337548210395	0.3571954889281477	1.3356047407552862	-0.590825370347322	-0.10667489864325239	0.03343053125167839	-0.2613717403590321	-0.9820204575684939	-0.0015072981409034192	-0.025273850657474256	0.2571764713961941	0.8965751498420087	0.1475899198487316	0.15238157256733081	-0.2547891976197997	-0.6893094179764965	-0.3104421140850789	-0.5802423063063307	0.36359385078332834	0.3881623958681973	-0.03352581031140226	-0.29482782195644036	0.45412773257921135	0.22983342431694587	0.3374459022651187	0.3449239977442261
DTXSID9022603	-2.1952051797407437	2.138053206400387	-4.038787135497957	4.184923096954295	1.025789475632542	-1.8490758708316286	5.345789024199651	-1.4530579125613297	-1.7574799712611173	-0.03338536609254034	1.4251126139454948	-1.2782520269104103	0.40561057669929146	0.28162979301212593	-2.3359583821867727	0.3459601863020138	-3.197016332848308	0.38390704116729013	2.727703150324219	0.31075239868628013	0.12284213823012703	0.4259471446737668	0.5193482274605673	-0.10786074832324466	1.1800275675312686	-1.0941709270521236	-1.4225562996621084	-0.7885552494790878	0.3620376223428577	-0.6733524293424814	2.9119657905891496	-1.6131039218603946	-0.09376687105054556	0.4911682767838262	-0.31444980871391515	-1.1667577883102747	0.5974645376268773	0.11757580327072219	-2.210951361101212	0.996593269448541	2.206609823623581	-1.4074877827368473	2.2458918387606452	1.4291216048717155	-0.7884876702611684	-0.8762828208224127	-0.3827103093385599	0.10841586424013268	0.9833740150981308	0.5863975034379386	0.06117119808756286	-1.2706714978746694	-0.43896214293297553	-0.9005829212833235	-0.435688696920345	-0.7316477252361484	1.4895805684850645	-1.3154151251806725	0.6238910264619182	-1.7834055654330982	-0.7039830613499529	-0.8827859983060943	0.46946335758135077	-0.9997535773670305	-0.15121991039943355	0.2532842065123335	-0.3257414414512166	1.263923077751101	0.410582244107137	0.24506871867609462	0.028834374451425504	0.13488901731713399	-0.4837804785356241	0.1645707943245249	0.6852456722679064	-0.47220738741113877	-0.26845590925982815	-0.0940944302723708	-0.5175122765562761	-0.5529359115973296	-0.9179901429243479	0.04318733358051098	-0.06716462025746071	1.1017407930980871	-0.15910503786151964	0.7296650430597532	0.30562173550467364	-0.34307277110011175	-0.7950147846317015	-1.3878026461216506	-0.043363701177347024	-0.6565999874173787	0.36035986287346505	0.7779981646640295	-0.9878992161708172	0.9206377591809045	0.2828039248779878	0.8544835637492664	-0.7071281808739122	0.06295479312299868
DTXSID0047290	4.4986112094683	4.133159455653059	-1.281393230894632	0.1274398020682724	-1.2199818600068206	-0.20932064806967082	0.8043980825119623	-0.014899357382344578	-0.92874731633749	0.3318806339890666	-2.2881079640286512	-0.16776238939134702	-0.24921020061626997	2.2792521563321158	1.3017609808570265	-0.6720946359743482	2.7595109540446074	1.445148613372301	-1.866446766303662	-1.1045614095048608	0.6675692902420668	-1.2146689630871168	-1.278716517889348	0.70231262763105	1.2606110761816105	2.5900699788827337	0.33649499249852033	0.003296999078825867	-1.8623886168690844	1.3142406503736426	-1.3165635233299542	-2.022129170061753	-0.7140588171504957	0.18270138731637445	0.6048712974551164	-0.1558158089529875	0.6765713009730489	-2.536973620322621	-0.15320946077065847	-0.5672232067621147	1.1069188981234839	0.8046812403360819	1.5311581518255761	0.32189351824963097	-1.474145859617685	1.7875717212449755	-0.7075087731950502	0.4969304839876046	-0.45803795830330923	-0.2295531382494724	-0.25325223213575154	-0.5285099588190191	0.9940036611007108	0.11638610683763877	0.06303406948700653	-0.9460574508704878	-0.273305151185863	-0.7407241239272845	-0.518549423214814	-1.3011118708697593	-1.0187559515435352	0.871585908967519	0.2805068838341739	0.4905872706901515	-0.6483586254615025	1.0832974384898864	-1.3312204369128773	0.4177288449621363	-2.69580389478214	0.7185559386527983	0.7098482977532714	-1.9460270602461498	-2.346996705904356	0.518436396095296	-0.10026483416779808	-0.312125137373885	-0.32680373643569055	-0.11493254277852892	-0.19953227893537087	-0.3098900195301936	0.5057958449581351	1.2295308744508429	-0.3526438806427952	0.3068121419557384	-0.9816047235432833	-0.5566528611352578	-0.5331692717275417	-1.184501460748937	-0.0018655093923413864	-1.560203639223266	-0.060615153564199824	0.33557040758515544	-1.310896285775061	-0.301162857614593	0.515950092165149	-0.41527129309451627	-0.0022011281103536794	-0.4434213620371506	-0.21875011747187195	0.07481748073136477
DTXSID4045551	10.781426158638777	0.4249775908152088	-4.525970910671652	1.9696330837986185	4.404047191693367	-0.8295889437905088	0.6295294063126209	4.353404902574617	-2.381320010125105	-2.7736195617831916	0.7085206453982259	-2.1886503022606782	1.3380004119998687	-2.8561759483752236	3.152918378664902	-2.7604560288460087	1.8747364646299929	-2.2375577823605015	0.25191895624042737	0.5076412972552584	-2.2682708788433237	-0.020834897922596556	4.196852410231083	-2.527124877991212	0.6861615061696877	6.542636204493531	-1.2561872563107674	-0.13932894996035178	-6.20721320770214	5.631044717360089	1.6362398510744849	-4.504663856597955	0.6167613033350667	2.0656543190081145	-0.46140450773954444	0.26519241578545916	0.03550113984220898	-15.067207707037705	2.316561833616798	0.6938910050857141	-0.16645555754820618	0.9799957708804291	2.4124406221639747	1.610882521280822	-11.537569870122665	31.440978356757352	6.928250630928686	-9.307371470646888	4.295090797199155	10.76007678222975	-32.995241838205764	5.05674066867547	-17.865266778145084	-6.2429998500932715	-17.407101807968758	11.81064661649926	3.4253659028148378	8.634509000088974	21.535167169796082	3.639362610015484	0.5929913159307183	-5.5413456424116605	-3.177155969636701	-1.9652077502069734	2.9424414548802993	-7.221798650150182	6.983674223681012	2.602732611178372	1.6991881967818498	-1.2746183902904031	0.9703646829217392	3.35085453801181	5.136485858688875	0.6845436033517124	3.9096665247589835	1.6581290187305302	-0.2174610046823674	0.39236354981118515	-0.021823842648763022	-0.0686266553954861	-1.1293354282033912	0.680974809769587	-1.090414556970737	-1.2837269454400595	0.94070975141698	0.5421044463046744	2.0889037870267924	-0.15964527130624115	-0.48014263811740804	0.47637205486891127	-0.679502361879326	-0.3347890422723615	1.3262286602361717	-0.7206937705695302	-1.867496803514756	0.21356982774910171	0.8635755420386791	0.2018459550655247	-1.1039432798013713	-0.043386110443995415
DTXSID8049389	0.26632113994464934	0.9222992676711664	-0.3363025369895122	-3.718581588390287	0.35319428684321763	2.2539932013030093	3.0982867887556877	-3.0468137445532864	1.6001150540334508	-0.7464178224469824	0.3049306662803099	-0.5309234897183993	0.146372958537157	-0.9046820126256855	-0.4980984364856092	-0.5379074806686309	0.14121205906445844	-0.07882809980936775	-1.214833165660094	0.5917376283144905	-1.3274470125962814	-1.0104844983251768	1.602420007297856	-0.4654043282073788	2.036555385114898	-2.500734266263888	-0.2875949541776397	-0.9964064608507379	0.7604680409032888	-0.20298570743045338	0.6753657058664606	-0.2124323515228632	0.8061058310863635	0.20196696121326257	0.7334762724447932	-0.20184714432452686	0.5916393768425181	0.7354087629455393	-0.5247964748174829	0.17239487401674736	-0.015522885070194434	-1.597548322473509	0.9835403875877785	0.3837946286986184	-0.9663503940828039	0.3270634550142647	0.543027330807518	0.549413648632959	0.7269519306980146	0.7498742482846278	0.24600932684993723	0.009338256421194955	-0.19240661946011622	-0.4644793062282602	0.4527571407938071	0.09761649332227959	0.30073522103665884	-1.4011616016742345	0.40008165611115437	-1.0140054322248286	-0.16893763502891226	-0.6293258727940827	1.299922778999497	-0.7707138746774328	-0.3813415045058481	0.44020903773177056	0.5647272724765676	1.304019457739182	0.2512544916485892	0.6346823023906668	-0.5741203573679761	0.6176683743551904	-0.5670576495823992	-0.3644500804753011	-0.1830658749996988	0.382971665994298	-0.7436444874099505	-0.6637149543778722	-0.3526572224479783	0.6113670025263251	1.24744570601251	-0.41590102027193976	0.9609668276897162	0.0638571355123884	0.974775282017682	0.6191157964712423	-0.1589192596315897	1.2964384279580512	-1.051439707425071	1.3110578454562665	0.9206017585119236	0.05856148625505987	0.1345775866633698	1.4045437422910083	0.08545460263170926	-0.7035188458608399	-1.030253572083997	0.8226905227292723	-0.11057154183112246	-1.2952749048596017
DTXSID9044536	1.0768037991048365	0.8864062549267464	5.136270892028278	0.8021470686702671	0.922220702467371	-0.06767637571866962	-0.2395928204791657	-0.8212244830771248	0.6143435231980611	0.07341501780459934	0.20029342832627658	-0.7267697302447996	-0.5645243310029948	-0.05163869327779068	-0.5651564553006299	0.3013258753260054	-0.38403089055362166	0.42792523853730924	-1.357828257929288	0.17502590484231043	0.6315961373365918	-0.46699729930230566	1.2039994015637816	-0.9691005385700189	0.8274421267178135	0.009937155938851682	0.40202814855139635	-1.3606573387783425	-0.4581303197492516	0.5898787045956349	-0.03443802750215731	0.6611073097761951	1.1043526183802403	0.6409401120310788	-0.36963944843169017	0.43196373267554883	0.267145574857042	0.6123206361041311	-0.17467857999188985	-0.47402070203337043	0.6406313575506479	-0.1358034944839757	-0.6705496048245483	-1.7285474798271405	-0.5437859333854146	0.43279276678765694	-0.6053760665804199	0.5348629375825554	-0.08736632430159509	0.025376479591813543	-0.08403260015968697	0.33912890811991075	-0.0639249161549734	0.19301389413571032	0.48717351401421605	0.1450750948047173	1.2597833417820097	0.5469498973641151	-0.30335416703838314	-0.009158473160452242	0.018128691966066784	0.1979563507784019	-0.10204052629842687	-1.000690424217841	0.016555263023167708	-0.029467456534228696	0.30888029310394294	0.19085601038321012	0.46039190393744955	0.20431091955058775	-0.41846345847820077	-0.1428581648205157	0.24874113973714682	-0.5204934995231059	-0.6599908496551236	-0.17665459183630403	0.4432607698632124	0.792356680261086	0.8256429671414225	-0.9159580262272657	-0.9166079243702498	-0.7447073299697897	-0.026924248555468103	0.4416857828919358	0.3105329640568259	0.18506981312585383	0.018752432591905923	0.0014553684289816996	0.6320424965255026	-0.3181534628263123	-0.15029884584346923	-0.5671141848264576	0.5046597551177069	0.36193009528337733	-0.16833669413315555	0.14906776839990965	-0.28041125497048236	-1.1592412977290927	-0.007679163590376928	1.2425885451511804
DTXSID9045344	20.680361898320665	-2.8407298886330667	-4.080059326205697	3.851350196956884	6.2930453587127415	-2.4899887578131508	-4.728058061027529	-1.2840434673668872	-3.86495741579075	1.5499261206693733	0.09137509027500264	-0.5153495443783583	6.578186819928293	0.6078720122379625	-0.6291288156452602	2.4142411002903637	-4.24448751667117	1.3317900292700109	-3.86331149953897	0.5048946845245423	0.9016699299621592	0.46668765733109213	1.5694434438312526	-1.4945383602029636	-1.9418648686314413	2.1520929273144773	1.8955693448001838	0.201298054354641	-1.1155632649814295	-0.7644725391128019	-0.464428133036563	1.5603826719323433	0.593908211709546	1.9066876059257973	1.3268025352602026	-2.2689653511887187	-1.6015383525251758	1.1196950997860642	-0.5503317845175426	-0.38991859283866886	0.6927459274698409	1.745402658649305	-0.010279803068881077	-1.796082936259587	0.2960217016144603	0.790799960784257	-0.4164586619331124	-0.08083155363400217	-0.7925173548128267	-0.22864528267538645	-0.19013665033689983	-0.07188871183825375	0.01675958027294299	0.6635274722453204	-0.4528335555017733	0.5392181073059421	2.140606762102942	1.4565416672220277	-2.0191376098904987	-0.1809302609406346	0.10247083271428188	-1.062905581728764	-1.138224284670424	-1.7158963115168202	0.7307565619814881	0.8250889438726117	-0.6989429300284703	-0.3667474489827781	0.6662779793657643	-1.797855432551367	-0.7889674496059136	0.8933378395038332	-0.8440274116535351	-0.9061968222272188	0.36817655967744883	-1.6128715237526396	-2.147293094838404	0.12819420221142624	-1.0824517089965258	-0.4623328667865073	-0.5591268797582318	1.6946322402696887	-0.09955660942526298	1.7538881664126378	1.3550577068754568	-0.5378904350980055	-0.9373901861592694	-1.287433358395539	-0.5069361819647272	0.8038651839104402	-0.14140750581150305	0.46434418752547085	-0.22938810261885123	-2.3709573003751774	1.253477585590741	-0.15253338323941212	-0.8992866371819397	-0.5486818574629545	0.44989704789740326	-0.9295480040908108
DTXSID8047846	3.9232435070823226	5.7045109508224705	-0.8308026503412096	2.3953562150058767	-0.6890706415327251	1.41401520800017	4.673121511969926	0.5186251799501629	-0.9048618585857146	-2.530760793879363	0.12504156212866946	0.6659251776963584	-0.682963944221627	0.028492804631829825	0.8419672490639651	-0.12392393896527885	1.217585749023917	-0.9932652823341539	-1.5198428441994767	-0.8435540106674357	-1.2995550212774565	2.9393738678791546	-0.21223033014802858	1.3397245467012426	-1.2116646279066206	0.42883400408520433	-0.9873417683762706	-0.7815747102510925	0.4766455632815751	-0.7422146764929551	-0.996110765322353	0.9486152141269092	0.2162324783354769	0.3638267885656633	1.675463225380364	0.6295313742273667	0.49137571356459686	1.0211351935591209	0.49383779476250333	-0.10444990547712175	-1.8687028594756623	-1.175516719539873	0.23878373494135682	-0.09664593736589143	-0.3785337489408287	0.09567726235588912	0.8733741664850675	-0.060133852011031684	-0.4196212964832056	0.008463912356137351	-0.37721559503611507	0.4784834722102505	-0.6837653380531533	-0.5844697239594896	0.17412223814863398	0.28415964522531156	-1.225965424098656	-0.1359807587269684	-0.4056896714203543	0.38121466571688545	0.47388290191056637	0.49173662525256867	0.1299635005871045	0.527957319557823	-0.08715057976420183	0.017313794769662678	0.7653614239005073	-1.1131464635411699	0.10163373259720604	-0.17252513519515822	-0.04114927526996906	-1.4886026693254093	-0.5710900145448351	-0.792293082921298	1.2207551891034418	0.7309787425347695	0.5694046023361901	0.3275162522971739	0.15026558571414805	-0.8791459026003398	-1.041807469700212	-0.503240844964794	-0.8566786923741092	0.1462075809221059	-0.08531847049627721	0.23569419580848952	0.010347367838955132	-0.0908528911448676	-1.0263545977960127	-0.7323533186752161	1.018031182958597	0.48169854223877207	-0.322566397546083	-0.9404461358247461	0.3938414339556076	-1.9114641353607644	-2.0196793982277517	2.5977085734781014	1.3128618116930655	1.3406095871524606
DTXSID5044578	-1.5761025005175489	-0.5233971494043307	-1.1597904121866622	-1.457802334424088	0.20720035498053063	0.8905050283579417	-0.9658324087555036	-2.56275154828484	-0.6676233385124649	-0.12935917084705553	-1.7505880252965302	-1.432239311409346	-2.5500576902234466	-1.6036487362468583	0.8175193394937332	0.031852382170636795	1.4617607716625851	-0.20721044684198597	0.1608287292342632	-0.5786052069935981	0.06224378079517504	-1.1080565592776468	0.5426218789404709	0.1769618201027022	-0.008970366262727993	-0.9274151856612369	0.008819035843799053	-1.1653882627168943	0.26548786897740767	0.3391332819130165	-0.22949924497626822	-0.041835879297384165	0.8661390877500282	-0.08489934053230566	0.8056084331640431	1.0933767411089315	0.021284018886074358	0.5298882209192335	-0.009674047299823614	0.5460185804151403	-0.26586199959142515	-0.5878150537192325	0.03026668243443807	0.19498470914487834	-0.6618983730313607	0.5784395883777362	0.3618847345277274	0.04536417172355359	0.08032591910509174	0.2655628918974114	-0.07728802558619882	-0.014242167808230689	0.19443058893079437	-0.24942538452042579	0.22246103874420634	0.6552173324536983	-0.43507967142928156	-0.1707628258575657	-0.46902861242649546	-0.4142200770915981	0.1422395213047987	0.13500561771388714	0.5940339194490938	0.2322383440888252	-0.017237626205591425	-1.1419741330792275	-0.24680364633162827	1.1019357563646404	-0.71438880966586	-0.31617663479956026	0.486420824138078	0.008826778741604122	-0.9838624784496184	0.00255289783164573	0.682912741405004	-0.5699510583826773	0.43899878786239543	-0.878619666858032	0.6401856825788089	0.046785660102002455	-0.008018194759957565	0.9798686340906322	-0.4489174753143804	-0.6041969931837365	0.7407504329384383	-0.2611384822927154	-0.07987465719065022	0.20961607793449002	0.5904554237925579	0.38570412026065953	-0.23142923748910965	-0.07931364732418866	-0.35544787208934	0.3601880504545503	0.5211558300581931	-0.16333751419031167	0.42584219591851624	0.21127310622211526	0.2441182614641842	-0.11825181767442838
DTXSID0038338	5.7275286100658	5.175579836449991	2.1714503796854974	1.4537957618556088	-1.3685310635908148	1.6026175303223344	-2.2326160105376363	0.9208990455360748	-0.967923595689902	-1.846383578890584	-0.9762193242281527	0.19147889677727237	-0.5025167296847146	1.2605266129309667	-0.5123865678563309	0.2287920547371086	1.5408572578736954	-0.10135208843134884	1.6510419627592012	-1.0251681390011802	-0.8861412323370125	-0.5340147132184836	0.6243489069792411	1.6504362592808053	-0.7404915435514328	-0.22614952540011624	0.34962736503512626	-0.7247255958954274	-0.020513027569401716	0.2730018113309407	-1.8432617208310362	-1.095648119724448	-0.8087732479128885	0.11910479851440767	1.7440007607476802	-0.5233003474776825	0.8453178021886983	-1.0469058040230088	-0.23354980370667885	-0.3691645857374177	-0.5518346844755029	0.3215362907997229	0.6049312301322926	-0.09282159787394063	-0.025688461602210486	-1.2735858401641975	-0.5503139311916896	-0.9682875621668441	-0.2589588376570071	0.2127853557567388	0.2630083178574444	-0.45106314678129816	0.808934747475821	-0.5753155525290489	-0.8783672828298439	0.8746229235754104	0.09030461313121875	-0.5193675822776809	1.1708906283261677	0.8132926983817481	-1.094849112662321	0.05944709096036973	0.09415809758814343	-0.40420686965641184	0.483577680815854	1.06062828958334	0.13713538422964944	-0.8520154547428153	-0.6878503876292855	-0.4468597322345303	0.8396842865085081	-0.4733865034949974	0.31973398987419094	0.6549359929779959	-1.0394070608810986	-0.41236501251562235	-0.7088774760174774	1.185383309166976	0.16304733118099282	-0.16609319989202853	0.44512415503307756	0.2011459258055782	0.5947642947554844	0.2236240804228995	0.19181647555496587	0.24786341129631792	-1.181325354816263	-1.321932640802677	-0.30445276890028283	-0.1723590270564682	-0.4180094371317327	-0.5463766258879111	1.3258198214985246	0.1631101924681184	-0.5459267969512323	-0.8561780480579961	0.7065302312801144	0.38006573586277637	-0.08245475248889646	-0.295711262603937
DTXSID0049286	-1.335012447870488	-1.7173184781508355	-3.185217450700595	-1.4229013812363216	-0.04803444469042605	0.5752702280759524	3.7705286720769142	-2.43661758416739	0.2986906692289141	-1.8261397574665144	-0.3664673267260606	-0.7784772935872862	-0.2746117646864244	0.20308960789338157	-0.5301788516048365	-0.20859146600402362	0.8103446328533663	0.18210226276349512	-1.251369065616526	-0.2577371859370124	-1.5448069637489856	-0.5741784470408751	-0.6321940414585104	0.8697286375225892	-0.7284219845784035	-0.13445349490954153	0.2716663974439706	-0.9830134864941515	-0.020788308969619727	0.02053651986410606	-1.6345340712094734	1.4849900768369229	-0.6210391206335717	-0.3324859783282482	1.8230674063649184	0.31957987452847114	-0.2819745480784351	0.3844061769709858	0.840850292301334	-0.06676321292403031	-1.4340773688762884	-0.32879999308056346	0.42611707480237	0.4806244351079968	0.22405570791053972	0.07396874222464594	0.7248830155898506	0.058275214522183205	-0.46102942818368065	0.5327498840162317	-0.2213927888256145	0.2725754965185945	-0.29286923082162347	-0.23165615502623368	-0.375127740410473	0.2274909086681702	-1.1227621253375109	-0.09953220435182719	-0.4714667000885712	1.1696752978056248	0.029296487105047765	0.3000837222908983	0.31806115753699205	1.0371858840559605	-0.13257361628107525	0.4890942596849674	0.6926823940100314	-1.602562204808298	-0.5142913366853582	-0.6793695884549767	-0.3302534381350345	-0.5843742837588816	-0.13689971615558258	0.3166547906850422	0.4215625648657555	0.10923797412658165	-0.5223219706005868	-0.5293499079975424	-0.9492151971616536	-0.602973168855446	-0.09597378352879982	-0.6040756827243807	0.6599652774445289	0.7864834109568479	0.27027306210231894	0.7292921612662205	-0.162615977451366	-0.3898950321056012	-1.761757954398977	0.41190771849329055	0.6484320316819802	-0.5074389351921551	-0.17173020017461071	0.15313893235186052	0.32248652179246945	-0.04920675386918537	0.4482649612135179	0.7861343511104621	0.37237292477341677	-0.33945798704199504
DTXSID6049432	-4.347982771486746	2.1598696227164043	-1.1692516443893353	2.048943491526633	-0.47837135643077616	-0.4421865134838721	1.3510657392302035	-0.7407305924902852	0.5607798035513735	-1.4917976525701602	1.072875912774205	-0.26617181470617723	-0.8518368804859595	-0.74208901076282	-0.4016337170010433	1.0485594930443063	-1.3393697600848757	0.5621313408674482	0.20851018500929488	1.1260804553969512	-0.9801628758378869	0.7150842875947601	-1.221197983643554	-0.44408132656004273	0.5019634918213272	-0.014104709667751708	0.02762266714426386	1.0967315720219701	0.5909656400660442	-0.023741149552067246	0.15130460340902308	-1.0239741687285124	-1.3907455240011533	-0.3038676943829878	0.2947815851648937	0.518542277831593	0.01081225113447825	0.017159311132684117	0.24750696292875007	0.005321401090091965	-1.0660016169060593	-0.019737955870839465	-0.35289458815842184	0.05213487138931836	0.9918148254021174	-0.44187735277659046	0.08757223801354552	-0.7775406181487916	0.22782008085774083	0.21885863394121594	0.18291802388927444	-0.15622688067253201	0.05380377069366518	-0.1633386934589894	-0.869592934365607	0.15384929667281416	-0.5179648351304152	0.040783352801390026	0.7550891995616698	0.9635382105975584	-0.9507972958265356	-0.351080880910053	1.3320488830445303	-0.13634382777512036	-0.2544304625561054	0.41488641125211084	-0.2243718705093943	-1.3112613635200012	0.17123733466155897	0.22768322381182624	-0.3174454070201772	0.9279085551962405	0.4192924880828565	-1.2486628680953773	0.40270488569653906	-1.3344963964465064	0.31377254910613334	-0.21139688024067455	1.0234952803567967	0.1412581597666473	-1.0999414742861509	-0.18667300675204448	-0.46447787294171383	-0.6091546317067997	-0.2003749665997396	-0.26019076741451796	-0.7772664826464416	0.2288938978498428	1.373854723213929	0.344659958160682	0.3986058656455537	0.6634532389219153	-0.09191676969807362	-0.5316347708009606	0.549341067719312	-1.483193028848031	0.027759781733614895	-0.5920882219735493	-0.0593654606010294	-0.15861601806288922
DTXSID6045901	-3.3374185927790196	0.2002812693720885	-1.2641991711562863	1.5893410308516505	-0.5687533209946105	0.008602104692212353	-3.5144489869911384	-2.6568239740312127	-1.9910593377313581	-2.3852364077423287	-4.5184951403375155	-0.09172886815695735	3.8638881494933823	1.1626559279921564	0.0029796631913026226	-0.906949185482982	-1.0464884145510793	-0.6996428286104746	0.22608010006656784	0.5147154260723781	0.518228212411988	0.5416621887977209	1.1964150560600808	-0.0008691610098432912	0.4669082140255853	-0.02431222398002586	0.24428702114262718	0.3187928335980583	-0.3276766485768366	0.003530773616110528	0.19955969052506753	-0.5606245491081853	0.44629662116935487	-0.28500743496815484	-0.12184053355799151	-1.1495725018730722	-0.5393788627354046	-0.27931483446121375	0.026338191133071634	-0.15815298629050098	0.18205240732112904	0.5019729118894602	-0.1657080063147865	0.2775655783516085	-0.29132903432661644	-0.07637926391552198	0.323875703952486	-0.18588646093864958	-0.4014701217495582	0.17683606385206782	0.05643818193542473	-0.2813085569013145	0.32008726808837423	0.23062091350467803	-0.08524674714974086	0.017944171688362206	0.5494309680623907	-0.07785811217989429	-0.2719292694824521	-0.04310174383992843	0.19439493755910034	0.13671050538724153	-0.13428957541375866	0.31528793307191755	0.21612978205946592	-0.3387346641759028	-0.014989131087878763	-0.42298069405105604	-0.7611597773606309	-0.21970316342723936	0.16637417284547354	-0.27716621959249405	0.055427952326746334	-0.09155943565934188	-1.3198281815923663	0.37423897973514714	-0.9244235466149763	0.19160169623309503	0.12077936204028321	-0.29305850516910414	0.23455959973380985	0.11978235337045225	0.6826176148854776	-0.11382310141787205	0.0044704792899177065	-0.035420389168972256	0.03783858822433815	-0.5099755109531026	-0.3013420985028195	0.0019737091339006624	0.2591031059133219	-0.37043589114179615	0.0443188828719093	-0.24091009166191496	-0.6183785261844498	-0.8296603807715824	-0.3923524678099723	-0.08867747782207847	0.03392276165629331	0.11431526751248419
DTXSID7047647	0.4545513531454567	5.228970611223621	0.8297471299555428	0.5041246907075841	-0.7579755000254614	-1.2617627043111501	-2.372556481217214	-0.3931169898474673	1.4793502797357165	-1.999962637222168	1.271959018904471	-0.6615714418362189	-1.7558464102344287	0.14402845923165283	-1.2456428171169325	0.8248110006762325	0.422544644171545	-0.5276180795409338	-0.20987749436460626	-0.7102675752626535	-0.18617934529468624	-0.20774313258689425	0.4122695687576787	0.1254637818525735	-0.12661301039000775	0.7284634381650661	-0.5359731684328579	0.30621549763866773	-0.07896748769365546	-0.5893627725247569	-1.1742492813180139	-0.09882523702774433	-1.430105647507211	-0.2960822557676054	0.31830633934509844	-0.7527198081642889	0.3349707165916336	0.09282853946955595	-0.013602073681613936	0.42117440587085603	-0.2949171707259495	0.1930579454407605	0.3682674838817248	0.5721178580151317	-0.24383368888173562	-0.23400172157702132	-0.01569151713335952	-0.6839296811006715	-0.010720171331099938	0.19160473845839748	0.26293043665681765	0.049512598579236164	0.37743787442399424	-0.4598134655661156	-0.17853146666796654	-0.612375980486724	-0.1103661557871424	-0.1942979782776349	0.449933488962215	-0.46621692065650067	0.3226603613895471	0.3409908977991745	-0.5305700617878527	0.8536262096540962	0.3663775400594408	0.12739094835753156	0.5665018525799883	-0.9439565077733051	0.5782804413214264	-0.02964111961481822	0.6104642948044784	-0.985709728390004	0.8799180093906156	0.7313214227331692	-0.28279854195555393	-0.10028730207774499	0.09179900076830694	-0.09789704065425119	0.11536055757835126	-0.0737548263783466	0.4763904075843235	0.5551989148739096	0.19551749680048544	-0.47454021288084425	-0.26779372446196026	0.13584743588446394	0.02355148479030214	-1.0616211008299117	-0.4114500729923167	-0.009369560177213639	-0.2627074198272293	-0.42053159358110287	0.22036672482554595	0.1392128973250305	0.5510688628531851	0.1630467852683107	0.47704298693330105	0.5602965489740108	-0.04590302755385976	-0.16012718625677003
DTXSID8033566	-5.619059761793371	-1.9135336186061294	0.16525184315530936	-2.5000992208399158	-2.0677148514555137	2.64104261537506	-1.1380866550301325	2.611945059108172	-0.7255702549089171	0.2997988623109781	0.38028512903172035	-0.5845015248961941	-0.4563959695367147	-1.4479287854380014	0.14678915526958214	0.8253852883727583	-1.8002894323743939	-0.46652521587173235	0.17262111119988735	-0.42501033524468657	-0.5693330893445564	-0.08051753175118546	-1.3000034333486599	-0.9347973660901859	0.13971411537048353	-1.2636309544622792	-0.6584529900539753	-0.41703959679609004	-0.36304584798284584	1.010553964470492	-0.18013491178237576	-1.8399891842282028	0.3972070773026679	1.165094244840175	-0.5743547499143755	-0.13692827727743753	-1.3398868527563343	-0.7208067455624181	-0.07156866035689072	-0.011170098844756919	-0.49372445453281955	0.22056954204938067	-0.33741314449146365	-0.281344737771598	0.6878493994251134	-0.2399349635105435	0.07547578060871066	0.38417276846743365	-0.4876811675501984	-0.47179437185356826	-0.19191654319654589	-0.5460684095441272	0.027715562655067544	-0.24002390572445448	0.43218895955379644	-0.5517341171023088	-0.18189756486918543	0.6848757606071286	0.3318685772125419	-0.2097644005437424	0.7895301668213083	-0.05453135267130249	-1.0913653911675056	0.8342751153988239	0.7370884914573437	0.046970211226271014	-0.35776909302367366	-0.037140914654485796	-0.3832110404561278	-1.2431864898781264	-0.806499846916916	0.28884737916543257	0.09932346763632366	0.1682474025856078	-0.5789352460851847	-0.09498671794435633	-1.9731071724076386	-0.4414964618233691	-1.521010113137109	-0.23125919089376792	-0.5032445486109922	-1.0200157261486267	-2.9362452773464667	-1.8520078248263354	-1.0419867094075308	0.39371022307159526	-0.664199082170274	-1.582812769962514	1.1711691326212772	-1.184418621827261	0.5897177159371323	0.8102568591620558	-1.0351249736301698	0.8313590289596471	-1.3420608604434823	0.7035187219296445	-0.020386373855345547	-0.2334658865047117	-0.6159849010440137	-1.6571150919382434
DTXSID2021656	-4.324764772764979	-0.18599638770580126	-0.6013419325796523	0.6475943294852466	0.6263150971117805	-0.3623461808908333	-2.5454419507594412	-0.4302810740661809	-0.6352156708542591	-1.0265583421460553	3.121150199503668	-1.211541227633702	0.7200562396436253	-0.45145571562798287	1.0906292723538507	-0.6207933737141892	1.0408735125057953	0.495783751081558	0.030449917749078258	-0.10398106956355643	0.2659317141210823	-0.05552061721009908	0.26348425932313596	0.25237906058370413	0.12409415112573573	0.6483052064138851	0.23075939369827486	-0.29955681386823807	-0.2659128171531581	0.09760040443466413	-0.1759464828995688	0.2590003128658	-0.3095556327857487	0.2078657060071489	0.1993964574544727	-0.4116433733983567	0.30916122514019345	0.04426025221367414	0.30890796398418857	0.7323527025869334	-0.4476544252839852	0.26601805912387455	-0.5752827276588737	0.34251541819721015	-0.41665620103172796	-0.15070482932108853	0.40695685656159797	-0.8631977667764072	-0.071311228385328	0.08418735825466349	0.0451023266642657	-0.13107355235333734	0.04547260286106389	-0.3440198354582432	-0.06103067072105472	-0.3739643060902702	0.17879134281968878	-0.6365363166426388	-0.4748821659493247	-0.04797232765143507	0.13501206998852594	-0.2614240794294082	0.23844687644897922	0.5163916950953478	0.1030200608650302	0.020181554496383487	-0.4689893155111266	-0.2683872914120796	0.17894398012037085	-0.4354238162651205	0.20089840211605786	-0.12464908388407005	0.15609527341949533	0.055102907321729976	-0.24213440533336567	-0.10008850373127946	0.5050606583730364	0.10105196279245351	-0.06008648106344512	-0.34687255990378685	0.09099548360182352	-0.29496293778232957	-0.516977055754844	0.14058092192591898	0.4139401940233555	0.34857719269434645	-0.004243520274316809	0.4449353603227479	0.15232056870533134	-0.19250380764303324	-0.15114462605416779	-0.61671095576135	0.08401608672828717	-0.016056375305459832	-0.2360264302303324	-0.2895037905694595	0.1663245593548286	0.1489745357132755	-0.10550526222049635	-0.07080563259886806
DTXSID5020235	-6.505455338966707	-3.9089807619996084	-1.913891003982019	-4.154545889739584	-1.2978265583518875	0.6275575903525179	-2.7721050350014003	-0.17757709618847525	-1.6429157838661643	1.5556121567062309	-1.0923512824826003	-2.4202740998204177	-3.1229603593265365	-3.559140614916033	0.25141950342497843	2.4610389284224534	-2.7937286025642667	-2.0395793396901705	0.6897344199051468	0.5626338587751358	-1.6093703425927277	0.4074718691720103	-0.806749665240686	2.2308358620624067	1.3572213937671525	-0.5661238062175155	-0.21744473468051653	-0.1647512825313859	0.306201949594236	0.2566358739963699	0.45395238681176975	-0.47699455723163176	0.7485099763963171	-0.4610201999915966	0.45527782845542725	0.7523257214338804	-0.7507711159943796	-0.20270342555568	0.15094584354512997	0.2523332903071317	-0.1671541103762147	-0.2803620677130538	0.10999795800033732	0.21951814320272842	0.3691822000593875	0.2959565911785258	-0.2606810954997882	0.20637591047863135	0.34680500347769766	0.39290500446027204	-8.145353060476274e-05	-0.11897315991035398	0.263737655927452	0.174606310829095	0.3257824323576143	0.332217244765581	-0.368661039026862	0.3239433699473126	0.34139501982116566	0.5187557395917485	-0.7023474576147927	-0.16784458381254444	0.20788452392382561	0.5225153954085449	0.14087778494591835	-0.5406787820430133	-0.39293153661461566	0.13976049455921125	0.09587641522887497	0.2532433678067258	0.5946434191982118	-0.14305932402657942	0.11395943990599063	-0.1812050025761171	0.2857187172451818	0.07783025243038777	0.7219521431107289	-0.48536956025535677	-0.8821380128431873	0.31545553787873487	0.5807010529117707	-0.21103948394114402	-2.152145211915381	-0.40246654903159623	-2.168944730614551	0.45077294172845567	-0.15598648492829625	-1.0146742691192896	-0.9405972187096094	0.9859289433951054	-0.605343698245666	-0.5973616681711489	-0.18556909612401706	-0.6631815420130794	-0.23017792882244437	-0.9863343207593567	0.5427608804904168	-5.1396598265364367e-05	0.7976228262349975	0.3301482107079323
DTXSID2038732	-1.7713536742402405	-2.862639469917256	0.45842304717967985	-2.0765667012846407	1.7466887399320208	-1.7756498092019093	-2.293140993198187	0.7299725149592121	-0.747465688661232	-2.060251945482966	-0.8026906561430616	0.22003766089419227	-1.7105230392073327	2.099817315214771	-1.0339090954577526	0.22327961542892835	-0.7214962111486994	-0.7672150544975891	1.0102569832696582	0.2626079665432133	0.6655163869525154	0.48523426086136373	-1.1080944981527778	-0.9324094452319114	0.6379422079863125	-0.2897040630973739	-1.4133931215181534	0.5688825774600358	-0.07564961312217518	-0.719809058570067	-0.5726280995361137	0.41278336772850893	0.19940279927614232	-0.026680334259881023	0.16782999988800468	0.5826746169314341	-0.13553580361075024	0.298478448879515	-0.04232630879827406	0.01519935568532599	0.035806568821337315	-0.3133764554789486	-0.15465116618589303	-0.07677046601057357	-0.27793348785299266	0.05370840792290512	-0.13048190553104713	-0.23132791286202975	0.17937486477395964	0.08841992444083911	-0.15541368051809598	-0.1953076986463207	-0.007731530268827775	-0.3963070160146215	-0.0016640209664653479	0.37067514234393234	-0.5755589618704535	0.06572547864017274	-0.04472847325890591	0.13563466239218702	-0.47216374538554995	0.3899798174658041	1.0845796356804907	0.5543267122687372	-0.29274127542694967	-1.3257655389060463	0.10707694187169571	-0.3243691133089437	0.7168482576704167	0.2246138007582591	0.07161399474251985	0.4375950941674263	-0.313578824569641	0.08663810909494549	-1.3087133610271438	-0.12143058270466663	-0.08349684822561886	0.8767151495482703	-0.022512969641783145	0.041595324308530864	-0.27877065279822705	-0.16311747149211128	-0.15186809960659378	0.611744406156836	-0.09444193857257148	0.8439579042892531	0.2971803098663277	-0.4203525360425617	0.37166573769834754	-0.5930498781744726	1.2538279149251215	-0.18032907238834273	0.12182704576692505	-0.611669951226775	-0.23559198130648903	-0.44748290729083634	0.23095817992683942	0.28557215918511036	-0.1919309739844608	0.22072895403467963
DTXSID3031862	1.0932098748578323	-2.3363048123971173	-5.062305854614052	-9.921022338176796	3.650240093792199	9.116567945175282	-0.6409867023442525	-4.095342025351331	6.145847950538846	-0.7497826578895851	6.025842728873288	-2.1736798263083217	4.461552497757314	5.259235445834686	1.5544504168011792	0.9415044472026717	-1.7011829056076462	0.2424806135183936	2.444780923287012	-0.5685186226678363	-2.009934495445684	1.4495369980484423	0.5249321159423211	-0.23655796151260305	0.4399205612889832	0.2027323717203678	-0.47551611308724256	-0.7899165818537399	0.2538372484343727	0.0540807177718784	-0.16006739467012318	-0.826038181873565	-0.4447713680722415	0.5334239250838061	-0.24335919888771937	0.18957472029947814	0.20486174691222778	0.2159068871219827	0.5209643233729455	0.5310878801703058	0.37118315056436424	0.18906496591873495	-0.960879277793815	0.10188190706357594	-0.1252918395701571	0.6811848554462704	-0.19444286134480587	-0.23866465199924228	-0.16428444075682988	0.17340306734855931	-0.015200255302643047	0.04256468984057061	-0.22796262305495288	0.03968649048817624	0.4700034390653157	-0.033934430379221225	0.4277149435367332	0.38658368106474567	-1.0433604674159818	0.4781319641705017	-0.36834750721237947	0.31039875015679846	-0.4187054449750972	-0.15351060503746286	-0.08424336754535944	-0.5395542866890527	-0.24567087175569513	-0.3003360850798315	0.0759377366022619	-0.8509583593257238	-0.23756795218918975	-0.08632600108925825	-0.10915410897180461	0.5041104004736712	-0.028079319844898858	0.16262559734741888	0.6592592963278182	0.3162334495395515	0.33179748614024596	-0.35674799209497143	0.08205186055164561	0.42939516126409294	-0.2629522320035061	0.5923226328603981	-0.4674609163610587	0.23201820017098776	-0.0927966453356808	-0.6200296093182992	0.5396074770515813	-0.41748230131887903	0.5699559179772914	0.29134626791732127	-0.10185722956854555	0.6688349482320894	0.09638860031213821	0.6375809549923583	-0.05821701108155253	0.09350645288111081	0.3337187522750729	0.10268887828132264
DTXSID5020231	-1.6767592309603476	0.8082917278938779	-2.9167949695344695	1.516850890611616	-1.2698557778873534	0.18929895274762046	-5.392514269337628	-4.792136223733636	-4.444639730737354	-1.535372372721675	-4.38374554693898	-1.8132549527464026	9.664585861248538	-0.5202349803386964	1.7662936154038482	-2.156827498052687	-2.454024333605318	-0.36523412568776825	-0.9144046060598676	1.433649322006615	0.9103442778015622	1.810475085320281	0.8196786732559063	-0.9719088323779311	1.4609124724798	1.0445324679798518	0.6480352908744519	0.9315545603580309	-0.770832293490417	-0.11786933270510926	-0.5102388537511539	0.6148691414553032	-0.10367651520582725	0.5949697719551886	-0.8486292203468845	-1.6745585116868946	-1.0257618068430063	0.201688705903052	0.4680154333022554	0.04471501393507194	-0.5822699138031989	0.2704868762538287	-0.34553398608099833	0.3885274339510777	0.37318184718695907	-0.16242937337555788	0.7740183110794496	-0.6730806564270674	-0.1029074941607941	0.36824566410329646	0.2693585011329296	-0.3437457496132187	0.6570818001199717	0.25143740339986714	0.3676437433997514	-0.34305742727428035	0.728666452117181	-0.6746367313670694	-0.10514555697094508	-0.1714832606343511	0.4009879170860289	-0.30472251264972694	-0.28513701624314414	0.9041670769084259	0.45033487370672315	-0.5321312549370703	0.29561478772409133	-0.7700255343093163	0.5876197787811954	0.23731132305192437	-0.37050715906926984	-0.6598914673670658	0.8003039063390014	-0.6355676055245597	-0.36132710830459225	0.45340764680968226	0.17926739663121777	0.01837229064491559	-0.42857379827452574	0.2750159685827854	1.0133802187390062	-0.18137823203544223	-0.03237633598432726	-0.02582639437998982	0.12605969895939906	0.2263606407501492	0.39192358054264415	-0.32367698259096506	0.13844934066828424	0.14065360456747797	-0.8304427971393159	-0.34192473766888576	-0.2870825094210208	0.031717680045079695	0.31378335797321555	0.3714633462986471	-1.0811365969613826	-0.7137323604797882	-0.39599788318252815	0.1818286452865469
DTXSID5023532	18.068963627750097	-3.68243606963739	4.554406139594572	5.137665601206364	-2.1911733807276255	1.7339209023881985	1.3518640926262278	-2.429700516100878	-0.10233818882879814	1.8365184373559023	0.646052782711524	-0.31884568549917675	0.11555719788772159	-1.2589433597031021	0.4880431279228759	-0.21429907886985267	0.6881131796060875	0.806678694386799	0.44964041931647775	-1.9614524755056328	-0.8305136859936876	-0.7619660805157923	-0.7283743911734905	0.7801928430864381	-1.4183589241269114	-0.9748424639999167	-1.294529107867912	0.7310592141752035	0.7996422276620707	-1.0053053201816748	-0.36811755623041226	-1.0887840955118777	-0.8880191550132422	-0.4562783087298579	-0.5519788409469665	0.567412924213631	-0.09452443312496561	0.7165382866979602	0.30321532949217966	0.21981288906010552	-0.06454310810739652	0.10631754911620069	0.9089570838142557	1.088555711882819	0.09053857818157386	-0.0413243850605351	-0.5901073126425836	-0.05348963422602187	0.3416253302239075	0.2905341919625076	0.048614297227467525	-0.025723770092263582	0.06271528274956238	-0.10026469815938234	-0.719151773187037	-0.2816995993468059	0.3248094557858813	-0.5162179025857669	0.3182247574470037	0.5753992838545451	-0.37714468119036654	-0.10911361855690829	0.016580723487144764	-1.1156078794056765	-0.20052260262780996	-0.4440106846314717	0.7093082919771662	0.19289692804567787	-0.2920008856714923	-2.0394976368135023	0.13755029314593972	-0.6176455014418785	-0.7676890129765441	0.36670129152960373	-0.3227314261386184	-1.305578287389264	1.6287963691596354	-0.6726003717480697	0.44762202587548316	-0.641152459118204	-0.39912605152708674	-1.3142885862319909	-0.10022841112285097	-0.8729023261957175	-0.14770927522113195	0.45647775622815984	0.862619626064228	0.5340881800794737	0.27812772897665156	-0.4395394109312395	-1.1162172048466845	-0.9079525867829329	-0.7492976088597968	-0.34422272158814654	-0.47292455717029624	0.045000417728856754	-0.9395259901794922	-0.47460956909367724	-0.05691163024297602	0.24751924296946903
DTXSID1047362	2.5650276425255454	3.288391331497818	-0.592147019783848	2.461402463301677	-0.994562228776093	-1.0764224907948663	-1.9604231671706567	-0.11862464075189076	0.8490744315266356	-1.2361599902012939	-0.11442666348938811	-0.9022692236819345	-1.5844603228455871	2.318416549703597	-0.6754948454165537	-0.7638564510853337	1.3154868657561856	0.1675160281852666	0.6209546527695239	-0.32973259552354517	0.15267851392314175	0.041694640322915436	0.22671764838283467	0.9595855267741129	-0.09054365151576703	0.5233393948847402	0.26753296761834044	-0.8988511568866157	-0.3967871506757521	0.14686676398669302	-1.4201281248157203	-1.405036770492986	-1.277069963163549	0.08854311840532256	0.6241138379825478	-0.532399798567696	-0.07373596105779712	-0.054934414598182546	0.13982854254761973	0.16396112568203144	0.0754885998448741	0.5487174764465884	0.16033206925690394	0.29248271118826497	-0.3617432615297241	-0.6483338304772438	-0.0685076573278248	-0.7773170983561991	-0.42377172118944234	0.2096314707241162	0.2807807132071215	-0.13625050298130084	0.5923810018836474	-0.3716137002518884	-0.9402332658516747	0.15198418118800514	0.04959058298788221	-0.06273570941541512	0.5121624431124161	0.17709930492205816	-0.1919529289003519	0.5619794181807496	0.2411438583993813	0.08906399865094225	0.5563823677295299	0.31114932310748455	-0.22146957435114614	-0.6828434455165198	-0.29438230774223306	0.01213919745463174	3.929019766937357e-06	-0.21805312767373614	0.39789055288844516	0.19860514124898693	-0.3074789182627994	0.43219749710926725	-0.07533529693520997	0.7245703136504255	0.3582512886852391	-0.5362372287667624	0.3998922796272186	-0.2702773962011821	0.7720021094653065	0.8662427810463253	-0.7892058037683809	-0.14613151426536003	-1.0254290719790642	-0.30590091327256863	0.8560966328430327	-0.6636921397428385	0.09962719201715517	0.6024961947593686	0.5720798029196299	0.2200093711544861	0.15378363878385262	0.5051370627012144	-1.2510108805312854	0.1340331533071798	0.42792200181315226	-0.23736290522459347
DTXSID8044834	-0.066690593072109	-4.534853842584358	-3.0442879676666	-3.0391765424035286	0.5293279785972409	-0.13795582101209544	-1.1102563659650295	-0.40210491753855715	-2.741394962364133	1.1501441336578058	-1.9307956613144621	-1.5264413224487046	-2.6181596598781995	-1.6106082905943442	1.1093138251878485	0.4352905860133049	0.09476584038694116	-0.06756680652888594	0.485215238618348	-1.0149927605145386	0.36782984568079385	-0.5673116395328163	1.4199105614733751	-0.5754490168950066	-0.5518743726245223	-0.003494337242084042	0.4307674866451389	-0.8288006178091456	0.2733538261757438	-0.31736827669049916	0.8306951186058364	-0.566895561409384	-0.03982530953664379	-0.4482816590144884	0.15840310649677955	-0.34994636129810036	0.17960592887583565	0.6944639136382821	-0.04283699799182363	-0.32679066192441464	-0.0610838777717241	-0.09004881341782407	0.29439589569412716	0.12780719746313604	0.2501380823916366	0.3105540825754782	0.03855369892120321	0.28760191005051944	0.05620641458815217	0.38267686115783	0.21629944717906663	0.27907527208052674	0.23123003710601633	0.154081817917641	-0.22514030627387546	-0.08105857759404331	0.7414802536784411	-0.34454247790520826	0.24723168674929633	0.6102816800791729	0.11139216320710196	-0.05165152420954175	0.212072387183183	-0.20451535913747512	-0.04310548651855251	-0.15184593033082283	-0.4265560807125633	-0.014328018815716964	0.20815358007247167	0.11434612366240307	0.02202663189445633	-0.2966012414939776	0.2741289519814372	-0.7624196435908904	-0.04200983841300085	-0.10619591499687621	-0.4288053373451157	-0.5373725402748689	0.6579090910047176	0.29445597494831843	-0.12260403188161169	0.7626691344648219	1.1354703301372047	-0.08860228527848947	0.11281881316473491	-0.21085420791451273	0.5517531871891157	0.08928902219231408	-0.5366131366450406	0.4540324096033105	0.03856036226429258	-0.15862572288383883	1.0211584297857068	-0.40396868439231803	0.8040572512360915	-0.2729209209167461	-0.12871369386997586	0.3331754914890525	0.6166389519418296	-0.10842904189259836
DTXSID6047606	-2.334707116685871	1.1986948990309916	1.027302635258407	0.5875154813067239	0.2664123350157671	-0.9682111376485071	-1.471488666075033	-0.06235149950952941	0.4253146503163846	-1.8382053580014746	0.21964084451785676	-0.09616437905994873	-0.9937400558335713	1.180639602248411	-0.7014768975964631	0.20913031414266933	0.5934883106564345	-0.22628735538792283	0.11209760304955903	-0.8277010444865763	0.16075862414395378	-0.39992844496504454	1.1610103169321022	0.3299554852673061	-0.00970532685424954	0.5266288938494873	-0.3514433305858801	-0.12927826599375308	-0.102950064863951	-0.3561981047827279	-0.41966649054933824	-0.28661419820243017	-0.8036997043423274	-0.42865050693270895	0.1428376356148091	-0.4428962170956846	0.3945031878094426	0.34739514016821355	-0.024812956383302914	0.5389851538607505	-0.20914785325449578	0.4076861332690093	-0.08872374116835258	0.3216172617380675	-0.4666835523211887	-0.12054258477309285	0.13797245927030902	-0.5294539672836275	-0.017359372908872923	0.15488956179737773	0.1883432534277902	0.13076973939617176	0.195698169678215	-0.31088711153878895	-0.21016731373885672	-0.465653372086447	0.003569591425183824	-0.08755353596780367	-0.006393474202571978	-0.2424258844102351	0.4176159774992549	0.29171124376352925	-0.13631121537771604	0.46115518957965634	0.2060044173236182	-0.21315256027823254	0.33117380241675304	-0.9143470032095796	0.266498186361867	0.31543081034807846	0.2975666145807459	-0.39487109252818664	0.36731501010956613	0.41189435447901157	-0.5088201046451003	0.22099607036826752	-0.20550426245742823	0.6252530531898113	0.16560198910815696	-0.1468892353400763	0.5044652456360905	0.1535831295782547	-0.01568351330899712	-0.2618029004070157	-0.19085638800060367	-0.027531226686979358	-0.12591336948785312	-0.297978560387228	-0.23575161563637684	0.2524777326713658	0.5393861575159549	0.054094309435810166	0.26269064896457023	0.14672982765746062	0.09444368450871775	0.06754751540823256	0.7267059976626394	0.5278924593395967	0.057914229426760507	0.04479207418100769
DTXSID8032417	3.9597812843521916	1.4253081363216094	0.25682383568385264	-1.1902567313731678	-0.1977376202945345	-0.9193495204462453	-0.8245285553765651	1.2995464417155116	-1.5277121938514986	-1.2967174912609047	-1.8132014200966409	-0.2488945611563606	-0.40702382967364437	2.013942625156714	-0.21611139959034992	0.05120103059079543	1.7990026002241626	0.9566817336385929	0.9094482113948077	-1.3228539532476322	1.1131439494797348	-0.8498323848113618	0.4333530937488158	0.5742568580440709	0.22322070625336596	-0.5273270731832337	-0.08346664829791413	-0.5990051183565842	0.23175971886144148	0.3026154078560048	-0.5423773170712718	-1.2218821202189987	-0.4079379530135119	0.0432629592242478	-0.5336201850943039	0.5107564182519674	0.4394383654619652	-0.0697072487426335	-1.02553788042885	-0.9057388182165684	0.15351370543636433	0.007245149942178781	-0.38660460738927965	-0.29478555487318714	0.044951389160458	-0.20086965278745872	0.24999999133458178	-0.163759843094528	-0.18388631735146443	-0.07764189707130385	-0.2010234987860952	-0.38355250969410637	0.35489368254638043	-0.36816837859902357	-0.561163923636675	0.3310163719556551	-0.1378624233216996	0.21343027975775491	-0.1114657716594409	0.4057761166722466	-0.605695055616054	-0.1781695131908869	1.0006181866002912	-0.20661050141059314	-0.4538316530290279	-0.7908201957715942	-0.7242847270118377	-0.37527131654510787	-1.3954222474329259	0.1142722609119389	0.00555494944929337	0.31632146569001873	0.5026065716567301	-0.7920446137259013	-0.2241552019323555	-0.32700647530502497	-1.4229893145933277	-0.1848341305607853	0.40939214863385187	-1.0740686989355508	-0.8849834568755776	0.01153720248220979	-0.2999952139681622	-0.09969008843510042	0.38166144679883784	-0.07170505787332078	-0.19491423925121007	-1.0191347846861532	1.0228028516214134	0.25643082266164585	0.2531622046663137	-0.4336606091738298	0.08051389638667782	0.009655365286873021	0.5450901023839434	0.6060643945968494	-0.14809128801857302	-0.5321303400936004	0.10364362585168553	0.5131175484288487
DTXSID4025745	-3.725174888736576	0.4111668963806801	-1.3349328688833997	0.4102475784467417	1.4995604816302117	1.7443694804810914	-0.9819434395360003	-0.6224329768347958	-0.42794789999543864	0.3960453107090711	0.8230336882803049	7.035638454314241	-0.8968355319010662	-1.8036528951087822	0.23870367501919323	-0.9179618780673231	-1.0260751816202578	-0.16234571734590109	0.29788388152973566	-0.5569363630299679	-0.29928964117711104	0.16214028867305044	0.41578836440635786	0.21724145353545923	-0.17246136588147418	0.3797899139461538	0.7350778154000294	0.1304279479279133	0.278683525861673	-0.053862275642545816	-0.6110647184230682	-0.27104345641613314	0.09473135223803797	0.07226831609390252	-0.1743987115035525	-0.16045679145174374	0.4231569057684125	-0.02151876064589844	-0.3320069752922942	0.11375492780674305	0.4371276122951346	-0.14900442864070756	-0.01999299026246494	0.4887273432402927	-0.7114020547846265	0.12209090701419409	0.4056655886370143	-0.18218139953251983	0.16088949676651604	0.12086196718004795	-0.04431488282363477	0.06660867289150693	0.05241036640454935	0.07478904852235185	0.026721102574861443	-0.37324205704192964	-0.1454304934572235	0.1790020857133867	-0.41488232827208366	-0.6155773701331392	-0.09634671666319813	-0.1251222348203187	-0.01839997449954142	0.7035225200966618	-0.3856242400518407	-0.06888365539430846	0.25784943628996204	-0.19822890076850738	-0.8417201827862093	-0.10832490679582531	0.002797942286531615	-0.3962401232007457	-0.0626195209907583	-0.46651001093105343	0.09672843845557871	0.7205830964620704	0.02277749787598245	-0.3466052513813292	0.30459651720394715	-1.2222303818369804	0.4042313086960526	-0.7740324912030655	0.3916670857059624	0.6723468720332464	-0.3580872426666226	0.09593781434754699	0.9506682737337803	-0.05874954994298761	1.0938868150697398	1.126719623602471	-0.5670681991334083	0.3808122444270519	-0.24585546287956273	0.26235596037804254	-0.18281232838302874	-0.5068737231013248	0.1496000771365272	-0.04584359135507264	-0.3185000837958402	-0.03835440052438953
DTXSID3040774	-1.1700574017960825	-3.3498456148552616	5.672049573835182	3.142581481802466	1.8438000588051846	2.3742604906072	0.2663463910383051	-0.7589525998581764	-0.47619351457447595	0.5446368129793967	-0.5924241455406595	-0.2920087949075999	-0.5818947675801776	0.42726291075213924	0.3230461768150455	0.32757265155324466	-0.07847393441355402	0.38271694658847794	-0.0888051870051425	0.3186326913101271	-0.05477430561331382	0.1045157562382251	-0.3483528374557262	-0.21344387950367252	0.28119206181968676	0.7523131816832489	0.7785198172565045	-0.5090583946677094	0.21321250343173428	-0.11533683290067309	0.7320983915321108	0.8561743813734746	-0.39075758337343214	0.07824728235077327	0.6633479459636692	0.37342693932083815	-0.16157094499444483	0.714214657673272	-0.10852849314351909	-0.19221907711464237	0.011680293186847695	0.2796147591194548	-0.6681239648284034	-1.0815625552016972	-0.4183821724703721	0.49604492536545136	0.004700210726000445	0.5880607031860591	-0.13528287935618138	-0.059794789494072194	-0.06980997328478972	0.38841693822788376	-0.3359410522460623	0.16033421544477108	-0.013704269310125371	-0.36437730196615936	0.20537289667305442	0.2651080720228186	-0.5372126225043163	-0.050180347725629806	-0.12326589602290784	-0.5314693680090937	0.18646890010034603	-1.3938146059476715	0.14091887141139342	-0.18688237766283516	-0.11031228466765534	-0.41130139619935824	-0.5060063334827004	-0.06491115408536147	-0.5642278399964712	-0.1734186124166283	0.2364246030073849	-0.1231200816478324	-0.4380660991449532	0.683924417076845	-0.6163271017176287	-0.03560860093837487	-0.397204198989003	-0.10946602583419086	-0.13848324150355473	-0.056664398948362706	0.2840547417341653	0.3487601542881101	0.22064523957370302	-0.4270515857563796	-1.1865861924246452	-0.09365719159499343	-0.7243111653552863	0.5391892512461517	-0.4973283225102927	0.6078044316693475	-0.2588243533141146	0.5269521363362843	-0.3074988302892049	-0.09928919756298596	0.22857303527938994	0.37707285398278884	-0.4790378611246613	-0.3014478451327229
DTXSID9048693	-0.2550915242164987	-0.3581475184532699	-1.5752523184400986	1.076939218407678	1.5449591866447079	-0.8260440626264591	-0.7485954682549524	-1.4196190013314434	0.021584506622336477	1.1514031722771307	0.7513633397955225	6.9478644661589675	-0.19670882002704324	-1.1263137380461525	0.8654194788354884	0.12516457684823037	-0.8074319165716706	1.1497646656075395	0.2081238807091125	-1.5235835161786175	0.3072499802045758	-0.31695306067617907	0.2812935953687889	0.20642256652934382	-0.22128438084039773	0.12625570090424723	0.9179532052142981	-0.734691011363462	0.6622601405104188	-0.3802291336820672	-0.3611420599727503	-0.46547078545394194	-0.5968943949747113	-0.13707122311455555	-0.7700959009038222	0.09297373186185359	0.2556724195158991	0.8605449027106298	-0.883419538397032	-0.810288021775081	0.7467003817527424	0.4188660278413506	-0.20733130169137493	0.308027431367292	-0.645969312287986	0.5979084927611678	0.2838181594703402	-0.21738605994154453	0.0797433093852536	0.09949249494410817	-0.1224771562361487	0.08449144827752075	-0.13478039435509767	0.1368700827482376	-0.1829721162598849	-0.6369705444204607	-0.175553295862498	0.2716067922132564	-0.7915073948879043	-0.012901644014724234	-0.3099175953750372	-0.19757432957538948	0.06435281084180478	0.10801393118729855	-0.7151781932361835	-0.556961206408722	-0.3872130434665929	-0.005447494170499152	-0.6906079438446763	0.41943648514563253	-0.2170905675518858	-0.8952926373108228	0.7446131550009567	0.10610203892879483	0.9498505517938238	1.1139956321530662	-0.09221461407680884	-0.08099878407280832	-0.4586608790282282	-0.7116367288397697	0.2255374082246564	-0.35908529200076683	0.2398253714269336	0.8244752366007361	-0.16214190144226898	0.6032968620888404	1.0497857769400762	-0.6514361283110472	0.8346855594506267	1.2044452795486236	0.24422833448102116	0.9680609069950522	0.29924013977404273	0.005443717946936123	0.5001692572935739	-0.20624783020786516	0.010994796938235006	-0.05325981055506328	0.053402107139691145	-0.11273489802821376
DTXSID7047930	6.859399624985636	-0.06062906537217007	-3.9714423759478166	-7.966179386743021	3.0497902459385635	4.510359385596188	7.297765037898667	-5.658574848584586	2.6865999784953467	-2.6732787693496483	-0.8635741809484014	-0.4654972590802061	0.30764840140473476	-0.009285059122374052	-0.8080460885193751	-1.2594110177785194	3.627563726075657	1.3246404109115046	-3.4252454394540615	-0.2761496067671172	1.7209431746366273	-1.3163685097301334	-2.08145278631589	0.9918586840161416	2.5933744137759294	-0.0036231019295832664	0.9115003128726658	1.0319164680062978	-0.42219360869265327	-0.08282185626245506	-2.493741842439096	1.8651776199853862	0.16294429340530622	-0.02728891742733918	1.0183902589891498	-1.361636684948654	0.31920284634198315	-0.05834825828221138	1.0956391491035549	-0.5458157858546167	-0.9162451739282229	-0.3338528779450637	0.2561716290732885	-1.5615200814585877	-0.6136297759378019	-0.10811653633802355	-0.3713037349309334	1.4521622967724839	-0.008128471936733368	-0.3962452030013705	-0.43969113171233914	-0.1211424651657933	-0.7009232268284329	0.17162548509691902	0.29226577060817716	-0.6860370915214857	-0.7255000635648838	-0.9892843137454511	0.5065249843657447	-1.3655390449465803	-0.7942069391383598	-1.1209012428833762	1.3671134856258726	0.5535083707216231	0.17256382083940133	-0.13821502950625275	1.2296637404181812	-0.2736744979517999	-0.684632741073727	0.39735149694570526	0.07279644963582557	-0.09808325579865311	0.4653835360866561	-2.6153276351840327	-0.016719643304207294	-0.39187425661801406	0.45538785860257913	0.5422596113893997	-0.5149617001103214	1.3604794913732712	0.9462503123523304	-0.7457157817560751	-0.6026933806795367	-0.45793083966649395	-0.6474008923976069	0.180868637300743	1.0761925569452588	-0.05781509747747015	-1.020933970505061	-0.33648279737671644	0.1422360599687869	0.4467825613992716	0.6091754901403825	0.10131193770988094	-1.3269618848185238	-1.024033621250712	1.2000858952314846	-0.3173697351583425	-0.4955066027010522	0.3957683495903069
DTXSID3027291	-3.478521846583863	-2.9245019369236265	-0.349030860718498	-2.6715030700580384	-1.579127496396942	-0.5043485769848023	-0.7526475310036119	0.6914705058857427	0.06367481886768957	0.41597173305217405	0.0289179133839868	0.03806040354463409	-0.989909628399496	-0.00075832327276911	0.617892087949636	0.9219004540535178	-1.7782145939167566	0.7646648286697408	-0.5261413702266013	0.399577458534943	0.05863773666181843	0.26413345892092965	-2.1465938509255555	-1.2140001855100127	0.9826195686869157	-0.1738279718470301	0.2425474086045754	0.5902226689166885	-0.12340134632232613	0.15782992546471034	0.8500480633421957	-0.3311950555981098	-0.283413547164063	0.33212435284185665	-0.025550526162979863	-0.5816857187273902	-0.769025119493906	-0.26643214557931877	0.6728216205814261	0.4614722210618195	-0.11333343355296523	-0.40209138692122504	0.17444427897974005	0.4417325173289021	0.22074973415859137	0.16820454665948756	0.5854509583122486	0.22000105751952595	0.04546376701465587	-0.13128619267149225	0.045854424916486426	-0.15018641769129	0.21036197898733666	-0.13047279575997073	0.39962330337305807	-0.9557902098730033	-0.3835602011245178	-0.1459638201785485	0.30951998769650557	-0.3947737952043315	0.3638677397940466	-0.07802634487357897	-0.6199977355021666	0.9441114284730263	0.23202066281891165	-0.27608592746124383	0.11736515454725184	0.04257736520678298	-1.0817267803628867	-0.57235245409762	-0.4607417871137879	0.3667386203072044	0.2565776934117597	-0.40183085257415924	0.36431284594292296	0.7060234691491897	-0.6803594329354778	0.0016277520594040417	0.6053402631573422	0.5553618288147856	0.0163127570498184	0.11656459232918058	1.6554380823368704	-0.4515335790707582	-0.35545917490343454	-0.35254602724040435	-0.6045946747106448	-0.9517449533965909	0.7794379792555516	-0.8157374807493788	0.5040261468855728	-0.8449545891876921	-0.13566847191093603	0.5801504618814116	-0.5312100018019229	0.23061312736834338	0.04078059557284216	0.07022362299301797	-0.07523652429832565	-0.15441215491562876
DTXSID1023869	-0.4224602226545974	-0.3632889603875408	-1.8054770146284425	-0.06878967861234879	0.5587091117560872	-1.861838753139462	5.690680993373268	0.8200434058304947	-0.297332541199963	1.3267842379324428	-0.2747846373938193	-0.20052700814221486	1.2471975772838038	1.5361388615144238	1.3488765733366712	1.2142652154002143	-0.617238387634819	0.49191526007250924	-1.5883735237563004	-0.6872879934958233	-0.45052193397889667	0.23686857752846546	-0.35239765448675164	-1.9133881881959451	1.5087625278911498	1.1396041920077753	0.028348029119752212	0.02132978406005492	-1.0236964702537585	1.360637807642511	0.40240811271347243	-1.0989045714427317	-0.28338179394585233	-1.3368557528631113	-0.7841903181585447	1.5424889662761843	-0.538694614870525	-2.0106807925377224	-0.4353522207840555	-1.322924128583083	0.4869082383681522	2.03818351998421	0.3810039309465176	-0.03913879894310622	0.4528123629057127	2.203134977673577	-0.17223304706337522	0.42819984378459264	-0.05711951752235769	0.438855221538579	-0.09053878644466143	0.5537737222662892	0.7428289857346101	0.7716779890362818	-0.0388797319060769	-0.9195272994636108	-0.41613212452270965	0.20925299738229772	-1.20616661366422	1.4877916737284058	-1.2878264472902747	0.8419331912665191	0.34039445200277196	-0.022582705882675833	-1.1485761095098084	1.0257438242089114	-1.887902785786771	-0.9665747662676868	0.8365484801972344	2.3644329382052987	-0.6788326309110705	-0.9919411344703424	-1.2671749660084957	1.8495906107894922	-1.8069272561082075	-0.12173730102574372	0.7729050716231503	0.5487325516010114	-0.6161851498045238	0.5849145494804808	1.128650355954802	0.20057297864940607	-0.1251618804917625	-0.4046225259942756	0.39732975797128856	0.08019751244489876	0.045236096894818216	0.26118235725242933	0.6549609827524667	1.2673475132944059	0.18638449381039016	-0.4477783466678674	0.1735470993076795	-0.12042925543396624	-0.24075711733665653	0.5677356755685908	-0.2741883504341999	-0.5312527791409595	0.09591314066720798	-0.19623279220649242
DTXSID5025738	-2.960922895374036	-0.33131874491073626	-2.4928806580498337	1.0025474530419571	2.8131524570711526	0.025079455707799583	-2.481833022947221	-1.904769692405774	-1.048704095708137	-0.6614028141742422	3.37848391235223	3.5006505269188493	0.6506126106511853	-1.7603518865045555	1.4985522053677287	-1.7927389996683227	0.5611580553084534	0.5111882767284444	0.20355521312935268	0.06690897166322833	0.3596855246926042	0.2140819793965643	-0.15960317378174216	0.922279866493242	-0.2246373750795073	-0.3982437687127733	0.3714498601073155	0.6342099671850179	0.3120163205624132	0.28150253324360314	-0.42173096671578175	-0.6169340437443867	-0.2532770978865293	-1.1389032294468373	-0.2814413048078863	1.4366922769351314	-0.635524652012706	0.03857722369396445	-0.9252952813651305	-0.4145699258629689	0.2710205864792674	-0.07908684812594323	1.244870293693412	-0.6853395559747927	0.1291094532061148	-0.5786878427589283	-0.41779791095373514	0.6208861794318302	-0.14798175269258546	-0.11455113195559966	0.16373768333237687	0.5877367328728664	0.34172392551687886	0.4041537600071263	-0.39926287345910316	0.7485113229265004	-0.49838034175230034	1.1477362172021794	0.7970881888566566	0.4526795168520379	0.42914336062028424	0.6741046992774787	-0.09490720330041023	-0.502230324353778	0.4364240647274421	0.7763474761502523	0.40577875577318334	-0.6914521206069345	-0.1855034487177354	0.28089524238783287	-0.5126544822512662	0.5254640502037152	0.3707281652225797	-0.8973969376048099	-0.3909663687920448	-0.7424669732909979	-0.5463651326946343	0.08924530892441068	0.7559558326269596	0.5409563735849092	0.012968024264857679	0.1977999365940092	0.16009710849220102	-0.7359077381132018	-0.10399983080638193	-1.1774618724976038	-1.5147839267376157	0.6318149833357022	-0.7538613373481124	-0.826386039684438	0.2852219393740709	0.00697901026340139	0.1295770201471318	-0.492303759149781	0.16045022065830236	0.5169172453134254	0.02126573267819614	-0.21687890179864835	0.13394979462239848	0.31563955758858103
DTXSID7041910	1.7511948732073788	4.813700341331852	1.333105987321554	-0.8220225357063513	-2.0186593171848095	1.0466612926016396	-1.1810485645062057	0.9578742711309429	0.9054059400413308	-0.22550837256075942	0.692160855036677	1.293212191370403e-05	-1.336195667515776	-1.0040265533854311	0.17169508990520024	0.7493822520637793	0.43461647327670966	1.0607952811103427	-0.7833806693631086	-1.3581769545964866	0.5283203822705338	-0.8015486959730216	0.05437367529041504	-0.608872106044013	0.815624915619392	0.7518487441421566	-0.7562632281047129	-0.4605782494204577	-0.5121440807221574	0.15146224827761073	-0.4189545693482036	-1.301002710687141	-1.6639986493733459	0.6684534044048065	-0.29271440995927556	-0.05930411697440932	0.06179754935991218	-0.08272162264225608	-0.3040828798670316	0.4818885270140333	-0.3315496806082284	0.33358600485680556	0.30844237344582776	0.38542917540680127	-0.0019989266517279466	-0.6923769481842221	-0.008975261163421344	-0.46080153887739994	-0.4325315737913403	-0.2740345326216854	0.01413832830643433	-0.1837515792934346	0.22361357068657958	-0.5032886965011363	-0.13707449137671057	-0.8663086021780187	0.14605488924151067	-0.37885630614384025	0.7124239566449702	-0.29389620963964475	1.0940265153655098	0.30001166956536623	-0.7825610099039754	0.8233495671968573	0.7008689002869699	0.7989879367378301	-0.09439494233592297	-0.3475997065318098	-0.0478006891955073	-1.1694721073734118	-0.7505461776170135	-0.5986317451980026	-0.04405384693788881	0.5716239751090977	0.5034806234125498	0.17831622529416982	-1.1374542887790868	0.7317927182101223	-0.6268560419417368	-0.19104750558630545	-0.05645217771381577	-0.4728726412845621	-0.5042561333119931	-0.34764924486307996	0.9550381222804251	0.5300383610626633	-0.1455486359787938	-0.8566275663392514	-0.12240465925578334	0.08323655255331869	-0.07364936550138097	-0.5232075088507655	0.14216064518202334	-1.0069073367152253	1.6555482001215425	0.13757193691617103	0.3531423016297441	0.14645248473085626	0.34005327691636417	0.4594518348674706
DTXSID4023620	3.209311618344717	2.3830934243003252	-3.5483512018474537	0.6500823021610227	3.3185252916312407	-0.7176532096346149	2.6114926656274253	-0.579284197657292	1.0293858443580126	2.6679965627731534	-1.1064728170519829	0.32290114343489357	-0.9805222038501793	1.6911952701439616	-0.40154696777005966	-3.12368014418329	1.2623965080029793	0.9476479597173397	-1.3988703366342228	-0.24504167352794376	1.2002007025094337	-0.7269760229733356	-0.9899328125877638	0.025601732768884805	1.9510770841759477	0.3751611626597262	-0.5348257529550723	-0.26903672225247105	-0.6658990104238357	0.16990278525274427	0.8964022414103764	0.49082000047669805	0.619217645975452	-0.3962034044076639	0.6596712666008169	0.06989388094235834	-0.8395187912808868	0.21608387545685764	-0.30140809484461334	0.36937633845351725	0.7531109771348008	0.6286130971028391	-0.1875650349351346	-0.21485993746606008	0.4658093645103166	0.0681930012212425	-0.49263643322274486	0.045587745970127755	-0.34050808413675615	-0.8342605295879951	-0.2515799582481091	-0.7091832554385809	0.08694459306403862	0.09340816291052358	-0.760227111001929	-0.5404329174290757	-0.4107134684145146	-0.22769858571884116	-0.042280016223935284	-0.8802615755762945	-0.3779654826292031	-0.4563893032930167	0.007395680787699403	0.8012170464490344	0.32965376368920035	-1.437927972617015	-0.3801642558560125	1.0866211460518702	-0.02307296209722419	-0.28756701482711916	0.20732605682380983	0.10324066314505234	-0.43656885440698273	-0.17297604144584924	0.9432255258444685	-0.5930494508697445	0.2916707140660001	2.164802232103825	0.25335476998605766	0.7552102098746429	-1.0133603534991595	0.11747525776208227	-0.30175787441541074	-0.6278810337739996	-0.18653047665777325	-0.4821479703840315	0.26028749943479645	-0.4551200787158385	-0.5191056331314969	0.6807469636110262	-0.3376773874224037	0.9881890102130092	0.08925551115503187	-0.21145807118648516	-1.48976962286243	0.5615564766714133	0.043856413761179866	0.07286514448055878	-0.30828022124373283	0.24875176879253497
DTXSID8046323	5.298209557200805	1.4693040297565128	-0.789366747815987	4.755977205234375	1.5874204979550375	-2.6227983808082973	4.914148908416824	1.1996197808489981	0.14236398706798556	-0.6073643885265985	0.7506260231469031	-1.2340213252255499	0.790956264501681	-1.1231699902312178	0.9699512267412688	2.2538428233512326	-3.2703680534325867	1.1544754334488625	1.988482235021663	-2.6406698919187637	2.4139750885289373	0.41493586657567083	0.9623685483155628	0.2875861731389399	-1.4853391876863862	0.9924799856298185	-0.08965368235809731	0.17404592192425797	-1.1720141404571214	-1.1642607784610366	-0.3099096962674818	0.26077235670037946	0.8950893737370885	0.3778070416987547	-1.2020951531276534	-1.529021321019843	-1.3773876021790101	0.31700843001879925	0.29022552410779684	1.6315985814128733	1.4921568347368022	1.1157921008462126	0.4114135621176755	0.2326674302199243	-0.3709435314298329	0.32496228874454014	-0.3617003679507423	0.41444900256468525	0.5953841927594247	0.16471485739683375	0.16728006360137157	-0.2973235660497957	0.03765107556298106	0.5059162206189568	0.1884446580866816	-0.19126916199975136	1.558156564782069	1.2883308352174005	-0.6543943254360398	-0.6722907436555936	0.6249748247659841	-0.41851644220468903	-1.1442897090493394	-1.1754027790055088	0.37862731890730444	-0.5432399833858506	-0.37429019207000314	-0.05024110190529269	0.19926884241588214	1.0218181295634472	0.5455770043080519	1.6924640951261587	-1.8860871318506514	-0.25986379822526484	1.4130203423443422	-0.46600329718145217	-0.4737056709861013	0.3862382269282962	0.25717426967106205	-0.34476349813581486	0.8491605522772948	0.21932272420084345	0.7995209203717208	0.7086662012949354	-0.5978865198983261	0.5430909254295825	-0.12355133464117393	-0.3636059038197871	0.014588804535967535	-0.12080520247365735	1.8197396132055432	0.34564751221545253	0.2407148141123471	0.17877925058487826	0.15713084095947463	-0.18709402768295016	-0.8034505692458119	-0.05696907190841896	-0.10137252286621397	0.0975898306171712
DTXSID4049296	0.29637934817417944	0.8817040602394364	-0.225633984679621	-3.9010517525464428	0.3067827291801755	2.269271307859665	3.030644316674107	-3.1272825069024033	1.635130168488796	-0.6266966664372329	0.26056441399642216	-0.6362259274509193	0.19833598179293824	-1.0157737070460962	-0.6157444566720838	-0.5554983502015884	0.14276357473431556	-0.1049141394200114	-1.1232037000670723	0.7030589216253755	-1.3239939640989473	-0.9362575053100984	1.255903784477466	-0.5158715680251124	2.0758177312527213	-2.606995205598836	-0.41706839915305055	-0.93654958786865	0.7971143332755235	-0.2013963004202736	0.575863575651776	-0.12069003035487284	0.871802646202969	0.31304019776815356	0.7495042683267329	-0.056930143572116926	0.6457067562261486	0.621949425700576	-0.582590689752327	0.05773758431106032	0.03253770517863958	-1.6747861768970487	1.044415964181572	0.26983143180490965	-0.7887880501900355	0.34510345582855656	0.4502654841382874	0.5661332740286977	0.7663616698116372	0.7290019107520546	0.18763950128737739	-0.0734535188052537	-0.19959276283242244	-0.4986137273356035	0.4794175897117576	0.21524561980876344	0.20986795373913592	-1.4229021794328147	0.47530479740125003	-0.880812957744882	-0.32320117486381844	-0.5947783408204396	1.3633364739505	-0.7235744228587095	-0.44758776275616025	0.4448199168351123	0.5807402023298356	1.2658676724211537	0.3243209596006241	0.46625820336779145	-0.4326892297995028	0.6480781430898469	-0.674667356917284	-0.28754587740426185	-0.19408114690416783	0.22478875803920143	-0.7242889170714535	-0.6075827811519413	-0.4707844529502323	0.686766923695254	1.1549056929380501	-0.3690318850916329	0.7053803716355923	0.1500579675071694	1.0615174119174362	0.788575480931756	-0.04212476538401865	1.2308487679144025	-0.9233036112928807	1.3392207958698854	0.9902748120717456	-0.12719453586173624	-0.1331260646165312	1.2652664805839258	0.3736251808408085	-0.5444185250930189	-0.9019125489574232	0.7252591460621746	-0.05801199086997694	-1.1382440724340601
DTXSID5048639	8.687908221362955	-2.943502883320991	3.0686145617825913	-1.9149865334950356	5.733536030261328	0.40050806648811643	-2.0688298223226287	-0.4729902536383363	-1.9715382282838725	-0.048816653136878635	3.3374966339823744	-0.5742261021954925	1.7415860348828789	1.8033884655614927	-1.1815499066581163	0.9858456387959924	-1.5855438498791037	0.44527903802947066	-1.8871127934770653	0.9986649019768987	-0.5066263146570361	0.340882764169914	1.4219963423703688	-0.8928262778223146	0.12271502916094337	2.540314973836974	1.7550961101521145	-2.25144002122493	-0.23288367831483794	1.0371063676198167	0.8923220779062031	0.22627627876131787	-0.47087783282999723	0.20614888778683382	2.0947037320047235	0.8965426954333873	0.9829327079921198	1.1379781155193107	0.5430824146978842	0.7467173621606007	0.6809001510403424	0.5873521577017482	-1.1199219190635579	-1.2482645472407725	-0.5129383843043782	0.4523316202863025	-0.2789396913842461	0.7793121986293605	-0.5086127452413516	0.3573503273527879	0.1919040676508932	0.8497715778203764	-0.01526666037167557	0.3437296424753748	0.28394967935647025	-0.5952544276499221	1.8038531756746141	0.022354961805309236	-0.8108218895044271	0.1872546448282045	-0.16550154483362525	-0.7697399826982418	-0.8403412577617521	-1.3625974960259182	0.23431802665807994	0.5018223143333536	0.2356836711190082	0.20303784519856277	-0.2526816338745935	-0.12355825958814978	-1.0022871763029437	0.24543495634754972	-0.4092631609752591	0.06821163920840774	0.3858622521123639	0.27571432092065506	-0.46340276311408635	-0.7833752488887793	0.1313993121812947	-1.5063394788726687	-1.5437101591649367	-0.16635595604028613	-0.16975261275938955	0.43657098887377493	0.24469036446046316	-0.3143758547001771	-0.86534389884607	-0.29623824939539817	-0.7240405587979889	-0.04305442002317918	-0.3585261901879876	0.5496246005288896	-0.10089542644167117	0.11510022302280813	-0.45716045580143666	-0.5332768162153949	-0.13181496619464103	-0.132536788020068	-1.1287971149943012	0.2641268738973387
DTXSID2023775	2.6121541968513267	3.0426611902775904	-2.759721199048109	1.8788194520689137	4.896826006616146	-1.5977279360808463	-3.051413699523502	3.8403489616415953	5.676059167273876	-1.3166912257451076	-2.3784980552863044	-2.99538622134019	-0.3815357622674321	-4.21490660352198	0.1487361341534807	1.3786285762718404	-0.16371230716997642	-0.5738133054768128	0.9022628264099901	-0.018725957609576946	-2.6474027771185624	-1.2388676369596963	-0.715689901378071	0.04289333243913547	-1.5429388265775639	-0.17652621671402158	0.5606068939151369	-0.5119157393564971	0.08723125561557615	0.3718356362732475	-0.35599618191577287	-0.5436136270502966	-0.5979220728386678	0.3936053167450637	-0.37258186203751115	-0.1220916292779293	0.2413409927012235	0.7325416237199324	-0.29260592082189757	0.36102401947435625	-1.180952917595899	-0.656772916698494	0.5041506395899505	-0.24383007805057913	-0.3087161077599121	-0.002818268529327026	0.5318755707453757	-0.072529952171191	0.11581747150519871	0.3743142944288353	0.15395820548793043	0.5814841706646212	0.28532565050271924	-0.2727628539036104	0.8795524413038956	-0.23348689107973106	-0.6072617199416762	-0.4118161735830061	0.5525804440819738	-0.2387765105339448	0.3347622928942277	-1.3357298430526545	-0.3969809852984602	0.7722852297240091	0.4365869385773427	-0.4402032105190064	0.1675174951758448	0.19497970941169016	1.8193995327419206	0.4679413554600552	0.6871908783445148	-2.6011929248895336	1.1802728951717685	0.2532652868594577	1.0012215849882926	-0.6208181193384235	0.05653579714628779	1.9775646361103427	-0.7501181317947077	-0.34761501603583556	2.804147093696711	-0.8422603215499057	0.26042621933196186	0.42969381010458113	-0.12417627740711011	0.2695674770494149	-0.6972798095979967	1.2181329473103435	0.37678371113696385	-0.6814508422640143	-0.4582657310404907	0.25354958507361497	0.1553120408238867	-0.15221227816723878	0.7365836853267543	-0.6746010659856705	0.5100761337899656	-0.6915134685522054	-0.3941908965227541	1.2946424218027817
DTXSID7046251	0.3170461721537712	-4.109504562069517	-2.191164488427252	-1.7983877713169103	-3.2799945467112703	2.483270257289949	0.0798780412349156	3.7444890403625615	-0.7903746866426284	-0.15478812031906355	-0.12249860638622008	0.5908019656879338	0.23915111309998757	0.3892861803031734	-0.262401693413942	-0.4338845831373507	-0.119040527179531	-0.09239698991183147	-0.6173112843191285	-0.28712991175110136	0.4296150691350941	-0.06278484749006977	-1.021309443679476	0.3560148418543273	-1.3483381433460828	0.5302372418532948	0.6655791844407705	-0.2526827788612996	-0.26475884177465675	-0.569772031927641	-0.7605295629025477	0.7277731467784995	-0.16093869126489052	-0.4399809520042543	0.9219059826330821	0.4580026197274269	-0.5015941854170324	0.35655258777402987	0.6689883282953816	0.282193725066983	0.13312097913838197	0.8477561666274983	0.18854718290143488	0.8269399746505482	-0.02410890170523125	-0.1563825138377139	-0.31131897837388556	-1.075939985711543	0.05976782268693578	0.2899800564767481	0.4831444058244213	-0.11697460595109688	0.6327979580008387	-0.13667528065103324	-0.6915277010320052	0.1762238781145771	0.24028064524457157	0.19513711834644185	0.2101798250580167	0.27383853568262373	-0.2694463084415081	0.7868469103562521	-0.37640008533368124	-0.1133573596131881	-0.5334923165535939	0.05986675326160772	0.5935574750720364	0.4180829681705384	0.7753849597488743	0.6467821321013262	-0.4573798962758989	0.9946387350136763	-0.6370305023365748	1.0568907321906678	0.4509636070644801	-0.3604945552294998	0.16825364570313533	0.6764463347425617	-0.11409847801682477	-0.30308821724296714	-0.03169363391797927	-0.18433419202043544	-0.29151991012574924	0.36041217172092616	0.11620565531842586	1.1140873965544806	-0.5520828079376877	-0.4392022419028002	1.2051187078271564	-1.2593521287294422	-0.5323807111460463	-0.6374002767413132	1.3802372500409976	0.8611528101321396	-1.0569708257085138	0.7458570204083121	-0.8080020384196264	-0.17321197937666202	0.314852035264083	-0.13867205228787785
DTXSID0048975	6.679997851003746	-0.4775527315393025	-1.7472599202857217	0.7620841423452216	4.25783605154428	-3.363462952471074	-1.7270647521079627	1.4972083549386415	-0.5827115402958043	-1.437503778809815	4.755679525264904	-1.9041597504714423	3.125022994233237	-0.394001901640659	4.294356035070516	-1.8667407831887108	0.6569391608318275	0.7770013173611995	-0.14439610961910376	1.9074154171000064	1.6735157814331236	-0.21664786864661978	1.3205818944492886	0.5959029758150716	0.24776356741197866	1.082458141228686	-0.5318879196393081	-1.4529056045114903	-1.703296263761363	0.15956328003203382	-1.0734201858866101	0.41611783319851064	-0.9912606904711978	0.8140600004157718	1.5907552065435948	-0.36449146018327455	1.853437797671615	-0.2428393182840006	0.40701697814825755	0.09566763348567282	-0.5519551975927386	0.6154465781129768	-1.8773384035933653	0.5440836374888693	-0.14668612639362405	0.009065720070830962	0.9636145230732732	-1.2852371050593558	-0.050667767412149796	0.27332865902217046	0.10482584943880055	0.0892880819796609	-0.12177458067275435	-0.7009828738560722	0.2723060139298466	-0.8790931394230388	-0.608176755838758	-1.104147638499994	-0.8011959406940545	0.39961949046834894	-0.08409939425258131	0.44167494275282126	-0.15617953553873215	0.6888992003165786	-0.08038966995164634	-0.5668424059673779	-0.9918304815027761	0.22506378991027848	-0.07870746936592558	-0.45972907381716216	0.33178952325237115	0.012653050458787108	-0.6353806728743652	0.9557390928139851	0.33572365261861253	0.18912018962363827	-1.3603500214989634	0.7184483946267056	2.019548921243456	-0.35275574293308026	0.403233780424553	0.49778129295192824	-0.2844892176535017	0.5272967354106064	-0.3174502610691388	3.3635230593823784	-1.570811230577802	1.5725311400706934	-0.7115170772212999	1.4072765991883203	-0.6559777918669816	1.8646048927909222	-1.1662687296565875	-0.9975084351758081	0.855668811901657	1.2438243852519164	1.3804186070061801	0.440436455576249	0.09683033251135102	0.09976312660278092
DTXSID1023368	1.2875111527015202	2.114534251827886	-3.743355167342869	-0.47713543292529104	2.014295174722788	1.0806911055499082	1.254725114542526	-1.8826667406589357	0.5954881336719838	-0.7869128473134602	4.07383247424845	-1.6124515676630717	1.7999867452921154	1.161510822912393	1.598836950768171	-1.658629548925802	0.42410006536995404	0.16286254919069423	-0.4593070666567237	0.2622582020020953	-0.4347029312308624	-0.43921423444475005	0.7110933168129792	0.7041204047039984	0.8273729269458225	-1.7165623687592921	-0.01751866134367086	0.8038802088886087	1.0453865537634373	-0.3516298088381112	0.9366385769342018	-0.7916808322052743	0.05295220489518673	-1.9494129785933092	-0.5291020675517342	1.5225415128197362	-1.171829685763427	0.27885331083534437	-1.8554246972854933	-0.3668845073252067	1.4309530726506596	0.21306033255319742	2.13093308688829	0.38339142170800533	-0.2733073960368198	-0.16314955734731013	-0.3333545163986729	1.1842362857036113	0.3266353509345573	0.14742814026172638	0.26957433117564444	0.6833859331833123	0.33854351954810646	0.48556851101541226	-0.22236259040074757	-0.5388284744659798	0.2286058258830788	0.5761864802977248	0.6428644773482981	-0.14097886660212633	0.32516294350628466	0.19634390677708422	-0.830820866155714	-1.1258894303359823	0.12338399215509883	0.4078366027451694	0.6241547433973698	-0.0036967847294869923	0.8136294825937002	0.14476346868939186	-1.0402666831814205	0.2839485670536523	0.015221373257886165	0.5292772774369569	-1.048965378774277	0.8852871548400555	-0.15157836359386787	0.36057231490617153	-0.42213339328300425	-0.1475498911767364	-0.14199971227416402	-0.19813929748195158	0.28708097910168856	0.21782504689325935	0.4882713297895853	0.351799284106691	0.1022501021022419	-0.4180617825519415	-0.6622412680527979	0.10385330107724942	1.003875093070445	-1.4861723416081132	-0.6948442035453068	1.3343447135893964	-0.7261045066188061	0.1587317025705835	0.4381560707226169	-0.013334722631276268	0.2902780797850516	-0.21428177575897936
DTXSID5023114	-1.019682950093315	-0.86738077270437	-2.2745567814433043	1.4614747663040086	-3.028501523049548	-1.0057985469592121	-2.3055095644376675	-0.516562626666083	-0.5960119158951366	-1.4039571556644916	-1.2775895535304904	0.14563623657328897	0.4985731821973567	2.8053045020231195	-0.018786801064015434	0.8770486677242586	0.6542670057901757	1.7605796586056766	1.0450320957029076	-0.27225613057354087	0.035231533505848234	-0.9598232131297092	-1.2470915860809637	2.0667695822166308	-1.5547904035440998	-0.4701288264642591	2.5668280726976693	0.6757624262520797	0.3736344709556133	1.1399672139232042	0.3391245426880431	-2.140655444336959	0.4602870114659651	0.4210241828958167	0.6745231864667743	0.5933866039969172	0.34033553924265275	-0.4586398139117249	0.3561213405296802	-1.230918133485375	-0.5014891001358956	0.403690294234352	0.020059517537022127	0.11987917495990347	0.17644015837587906	-0.6025388321025135	0.575125373123396	-0.9219446414880207	-0.20044905779106886	-0.42969532518330267	0.22995298787545357	-0.1314152420131125	0.09925386384020637	-0.06760287910272346	-0.4427577736474102	0.20270548663139815	-0.06490982779025743	-0.06970165982162731	0.7415509818283529	0.9963922184986148	-1.4047557843335783	-0.3899452835663362	1.118876746515561	-1.8462539897551313	-0.57903139623352	1.2506978617389144	-0.08306606690464935	0.05723410369402329	-0.3668965679258379	0.1568498541679194	-0.4336511513564416	0.1690521935700424	0.6340837583865633	-1.9661569921305853	0.3402135878656787	-0.5831257156671094	-0.6371657642908581	0.3374253511187317	0.06030317840851158	0.8497032726493399	0.42848394692847785	0.6339112196471466	-0.02777686123870742	0.5263974754347884	-0.3154312941456419	-0.09724207772534871	0.5876743825537348	0.5234202868053344	0.7086547967567531	-0.15815504694328433	0.043827344519010165	0.3881590891840636	0.5622462798911217	0.4126813624341699	0.38627593495051404	0.24790845074406093	0.04885120078509951	-0.3067151471056856	-0.11905398424272633	0.08228791358242396
DTXSID4047339	16.357009791035406	6.769933212407584	-1.7444833985536041	1.4186608510687302	3.3711288912884076	-3.185327794963186	1.9983415364657882	6.447099459340301	6.128625926313742	-1.735560718032176	-2.0789961859110972	0.602431784428289	-0.28696984006671394	0.9399793437309905	5.82761767277724	0.17099038627414861	-3.104280685983717	0.11995987013839952	-0.5751849784792741	3.1702095167825637	2.782061818632626	-3.0521216777819657	2.3736372054873174	2.1565632222480517	-1.2949411500745398	2.554515267545656	-1.599190226710241	2.6745552752001	2.558195338367197	0.44824401705381384	1.4417223236926786	-0.26633389922555856	0.7689175431891072	0.6380737431109225	-2.6205956774577923	1.198893320970255	-0.8017723112189332	2.940056910143136	-1.0151434834001476	1.5857765627588352	-0.541238027367516	-2.2184515710549015	-4.769012572432798	0.9695790214700015	0.9392913308615463	-0.14332979396825454	-3.5341702055074795	2.6527553681686094	-3.439610683283395	9.815838766422333	-1.8751523882435743	0.2633127187338998	-0.6320205615184498	-4.782215150673393	-0.4958010335802337	1.426900153046914	-6.197418550200309	-4.239287335898216	-1.9906761630784364	-1.759094484096665	-3.2189010545074335	3.630032811909679	-5.8713869580278715	1.3040184245882998	-1.994824799317306	1.3672987563906627	1.1477464935792454	3.6413790985540877	-0.42085156098559656	-1.5517967593012352	1.7018082641945274	-2.1994397807669386	2.867969169228749	-4.436036252352923	-0.003607985448513863	0.6836265162448305	-0.5663740694076035	-1.3023020813846176	-0.8494342799398982	-2.9727156526658924	4.627098444183708	1.369977300844646	0.01761833136163525	-1.5280391466066932	0.08238218980420077	0.924920087106315	-3.0750344394659117	0.5496535990151091	-0.3221736038873281	0.29379219300507853	-1.9728874571866322	0.7003269390553164	0.7044842997918879	-1.6424622391068333	0.9811901754075946	0.2806075187708448	1.2237123326332748	1.1757825133078441	-2.1659538431165712	-0.7965938606546906
DTXSID2034885	0.21189924750025166	1.6286051726904145	-1.0348682702113294	-2.776556690792375	-2.962580778747562	3.3762998165300626	-0.2044557553776352	5.062102477883357	-3.0002977279180687	-0.32986859838452187	-0.6588834627648245	1.2103881737994209	0.33889805131008877	-0.06459045943959044	-0.3968034235880694	-0.8372404132334972	-0.37400036998975755	-0.14224287715240744	-0.21140048923643381	-0.2917779813160005	0.6954391706928673	-0.6592214404735344	-0.36558277387565863	0.6301734118380279	-0.5676766976670977	-0.7275062186442188	0.5417793448511324	-1.1083576154101544	-0.1504130556167384	0.33832452560716586	1.0339987847014644	-0.3070117783941692	-0.0382764156614841	-0.31477869334274	0.2917933264565404	-0.9953675828864579	-0.41101967521225496	-0.0030104457910933983	1.1185656251513418	0.20682529312253367	-0.8576439161625972	0.2574785711331854	0.13950347092813037	0.14722670462617726	0.08179314601509398	-0.1434959745049778	0.17386609674756826	0.12609512922941024	-0.308492238708187	0.22651019017422291	0.20396272140668245	0.1666406445386883	0.2408795072335775	-0.12178710153697737	0.10711986173260177	-0.6783464294950903	0.6515870488652301	-0.73242568033051	0.3540111686537261	0.20245802747448696	0.8565778576138068	-0.25352501699833296	-0.9551231921602878	-0.11732730967054239	0.6716203735861128	0.15111264550863907	0.2520580374927251	0.13279413481853833	-0.7198806585098896	-0.2857276911396005	-0.24712810531169652	0.5218995038577697	-0.12252043133988692	0.11775720495584042	0.26873455339236113	0.7154592443524022	-0.3433765032024268	0.45278464311188105	0.18598612408746365	0.7005147886205687	-0.14074867938734073	0.5024909992747952	1.783866587029358	0.06489398540978014	-0.4491031635442607	-0.38367070579802987	-0.8966248723689597	-0.9749214625615599	0.6388696572260115	-0.734233830904156	0.7937747851163272	-0.5286816345775948	0.06287254387190043	0.3732526369851894	-1.0690773327889014	-0.3806172688531718	-0.41138463112860557	-0.22109821584957193	-0.7591424578360982	-0.19630753201744527
DTXSID7024320	-3.9346332489990803	1.6107979739192528	0.008793290988894028	-2.433197797542482	-3.1161511557852704	4.378038304210098	-0.8632467565577207	4.932107323347211	-1.3608892844644516	0.023590551693161134	0.4699653103286718	0.7862249641152764	0.7151064492972177	-1.2402441968030782	-1.873741177288323	-0.6320614652319181	-0.42542090678480615	-0.6736785999684909	-0.03153327458422811	0.49641474726404095	1.0379411561617555	-0.0075924427952702095	-1.7755738669907093	0.25081577158301616	-0.7029467887530307	-0.9571505994610621	-0.5577982599360105	-1.4297093255891484	0.42861770267927657	-0.5114164191658674	0.5156518819322677	0.8117600130225378	-0.39929798311863524	-0.421520631895147	0.19330205884600063	0.502026028037547	-0.5001774757700956	0.3042498552188211	0.5004393513476946	-0.015203220751056576	-1.1173507281092647	-0.1457405041601135	0.007210477896340143	-0.4890294730977429	0.5293755803509831	0.23768797059054958	-0.6508639615482337	0.027661749882929847	-0.10587560429310143	0.34471097215300933	-0.13650684462800505	0.03820808323802228	-0.3378186577598949	-0.16228715820697037	-0.14499417147589078	0.12929217506588295	0.02089768493712177	-0.6048655246373202	0.10852666025424153	0.7193291191971828	0.16489706144904473	-0.2365031223426788	0.48219870430182377	0.12594127089230087	0.12055137296721692	-0.13351590084608883	0.1555396136739974	-0.0680326339150765	1.0656017451686195	-0.15558243710355688	0.46380081752144053	0.6218101160007992	-0.13936442365405144	0.793540865659688	0.39149881173085915	0.12846508162584838	1.2548230390999804	-0.07111662528717745	-0.5368417440591141	0.9340879078013851	0.23282219709439328	0.37270756573121144	0.3809477889466736	0.5905289743004764	0.025167979850282938	0.19496114477414617	-0.6396631207379752	-0.20071823500539704	0.01996931345595106	0.29468147835615044	0.30856221664648653	0.6320786043904829	-0.860255579531388	-0.3104008646230558	-0.08421579800894004	-0.26657816513515037	-0.17224895246866964	-0.17352332170794896	-0.07566549537527065	-0.20364756775393136
DTXSID2029117	-0.8911053548625301	8.035711992543089	1.1862313132092357	1.255504303669999	-3.71955833226837	-0.2602209749527031	-2.4222727713334873	-1.8574447639687097	2.873178827582273	-0.7461496364692081	1.8494555108492707	-0.9819887851811718	-0.4275765314418316	-2.293447548501035	-1.1121029953081107	1.4031549821741003	-0.3667054947554174	-0.32275129723199847	0.5923226105208607	0.7454240077361014	-0.5404743180022447	0.001739352946087522	-2.3746575381085173	-0.2874867948052024	-0.555467649080957	0.08725912974169737	-0.11658261162380022	1.084750009937865	-0.10520202736494597	-0.28745211394687215	0.5063839730053095	0.4471698368425665	0.819743218512762	0.6450842360292707	-0.19211080203469597	-1.925411142260157	0.9086547139535628	-0.07318990775494913	0.8551214720295318	-0.9875655833042667	0.6603636109952922	0.4586869949372963	-0.7282056936503994	-0.3592831722613019	-0.34053357421602354	0.9862722081136467	-0.4582346023009043	-0.11303812629226928	0.17751943281553112	0.06852768815492194	0.15366528558394665	0.06330708607183541	-0.4761485333122158	0.23896949805341047	0.514425287343747	0.40347462341646084	0.7796650630264873	0.28560633509404487	-0.35929870244876433	0.10557481912777408	-0.20035056101851056	1.0769001858981782	-0.2501667977795296	-0.2883409853230194	-0.24441784897486576	-0.29676584991625	-0.3283976943755477	0.1931735418605466	0.2686536743430222	1.121085834054087	0.524941951581164	-0.783129696751613	0.08417641352947869	-0.2314224952167575	-0.2338360200960907	0.24782983131638828	-0.5083095822810066	0.761982544820211	0.2887135123120763	-0.036612670296189	0.06755529228943173	0.22468412267988577	0.22478390834656017	1.0098478007951563	-0.42541267444020403	0.10637729283893962	-0.47844607964968217	0.13587738925743106	-0.21526360395408276	-0.6890825644834218	0.28391443996799515	-0.1486226423169762	0.7018754132507773	0.2895185889711532	-0.6547980219309786	0.06827849667663452	-0.4306698069208794	0.7451760025444629	-1.726384930443979	-0.5628622191231278
DTXSID6023313	4.0018175347887555	-0.13088047502892525	-4.583058284602052	-2.0718995864601824	0.46306735653741543	3.2427720786623575	3.1806704144414817	1.2884905526035009	-0.23721563201452128	1.6786963758387337	-1.9465526066656484	-1.1474586752208948	-1.3131590451499515	-0.11730498929757308	0.16176303178170767	-3.117585691155091	4.022062762604874	0.52439187505474	-3.2070616767392766	-0.4216975565381253	3.735965405050353	-0.3404533105070237	-1.4904639087636629	0.6840648427623981	1.0137241227379767	2.305014821596776	2.2544776963032027	0.5174020845460623	-0.7966575873651476	-0.8784835549816367	-2.6086930326590845	0.46020543943952225	-0.43957391770349524	-1.3104355838686115	-0.04482811502159166	-1.4407369419927702	-0.3426200591536275	-0.8450555282913564	0.5252098463211594	-0.06363970168590767	2.089973701459899	2.7024331877934067	0.12583573997532302	0.8066699009905736	-0.08154446171026458	-0.15085669501804366	-1.4658892934558074	0.31445653652906064	-0.2800648401111871	-0.5231485587270979	0.27261189759418436	-0.5110909434007803	0.7374220844254364	0.9162254294319008	-1.5862538513730609	-1.6160694442256185	1.260860826530615	-0.3877880645026729	0.948233280359988	-1.4078548629015442	-0.9063958722748335	-0.04223292847097006	0.041108857187270136	-0.031292880547770116	-0.3653813560134498	-0.21106916717229451	-0.13142754291169398	0.5433547581414215	0.3334742631617203	0.5788942371697503	-0.09659841630962326	1.6668150906028265	-0.2825268467179646	0.08465318848068432	0.022547937762592108	0.013254939847069032	-0.48135236512688256	-1.0615694724431006	0.1290166879387143	-1.2454653891521534	-0.07507366168598269	0.556473059418081	-0.47877262686050653	0.5388665971571263	-1.26382770294852	-0.4945050761341711	-0.06512995661053952	-0.550876385776789	-0.2588371137013586	-1.6252459783174396	-0.5822067373824292	0.857361092551534	-0.8944452660959045	-0.1765775157452317	-0.5077002887420525	-0.6822561776022263	0.01370385407113057	0.047350009489570036	1.3072645731615087	-0.10244239388092077
DTXSID6047498	6.03626051490825	7.056963104976317	0.8443248565691173	-1.4319957280717337	-1.1349508254764873	1.714773733049532	-2.8709577290394597	-0.2720557031219066	0.8862246779413975	-0.5929681966329375	0.835741432615884	-2.6208748035773315	-4.318987997497825	-3.9821742282592014	1.2527074782457033	1.5818471998934136	0.22158940519665465	0.5190033728991854	-0.0050702253578968955	-2.019019943014312	0.4964861466756494	-1.1619997844200236	-0.6584429126509836	-2.9174903739279983	0.7123940607043104	-0.29937070998413956	-1.669445415717809	-1.1964172029956979	-0.8040267392166004	0.7819382870600255	-0.4164507791139827	-4.274578510454483	-1.8849828983838688	2.146386117021819	-2.126849064952037	-0.8170794147496004	-1.2092924290882683	0.007955756736907186	-0.3372728321893704	-0.612907712694894	-0.5269122734591629	0.6769040045957189	-0.45798228803202906	-0.05831922177143625	0.9251558084961908	-0.760927108510937	0.47942186490418676	0.7770759851765184	-1.5958907527008666	-0.7719220146865545	-0.6050170888239553	-0.15854679210494194	-0.8373264634795741	-0.5323076597453957	-0.15210955376747012	-1.2255598434484223	0.07045454318465363	0.04069905180263623	0.5097341337553029	-0.7996955709956496	2.658049229903896	0.6003272802065133	-0.8396091514371538	2.2676214402437695	1.387597890615792	0.5084454952433688	-0.7431624750784283	-0.7152961468259239	0.9389505242914525	-3.731845926804181	-2.9041384727722197	-0.932479520936519	-0.8592559730606598	-0.8019476424830576	-0.949293685022921	0.45502645725917434	-4.835348365757923	0.1382370423300495	-0.9042829982420489	-1.7139066901719937	0.8728812103215738	0.6643082734966386	-2.4188643250114694	-0.11281201455040116	1.7091091197056998	0.5347247691539699	1.243912460778768	1.689626906574826	-0.9345759700865073	0.3807508223923656	-0.110238675350198	1.8525175484344205	1.0542091642983564	0.4684581629789683	-0.8356789645439563	-0.17771874130461748	-1.5287248424151096	-0.5334510387135483	1.3336055049383293	-0.025398309138618548
DTXSID0028038	-1.9170709443162768	-1.4309586551267897	-0.04954633240639978	-0.48594135316511816	1.5775798590719299	-0.8214656827695203	0.5323822838770947	2.483382982882295	-0.31077728066208565	-0.008090303924064068	-2.0403976597604867	-0.2997314603893085	1.0451419056910245	1.0538093637139674	1.1916938904599947	0.8150596467580219	0.28095291240956605	0.24742748073531082	0.5260971007918103	-2.083068844021918	0.09818539375178223	-0.7677226172363156	1.3698575476666888	1.239774261609282	0.7533919938791805	-2.8330200347182104	1.967190158182357	2.101935589339716	-0.42068357769142073	4.458589422807985	-1.83434764017181	0.7233134209009253	-1.3596333649587857	-0.8368150534744772	1.015171918362523	0.9130892525192038	1.1067097101014194	0.9249358094197068	-0.4097100220979077	-1.7452880658487036	1.87105179329573	-1.2789369870322627	-1.3537241291251458	-0.8221514035001121	3.274112732491446	0.4950601426987804	-0.4207003208084461	-2.0983742563267573	7.208163658002825	1.9207548075744478	1.6842550445808033	0.6452758680943782	-4.065209454489982	1.2406457965494602	-1.933422446010564	1.1440713451939069	3.50451182840536	-1.6856866251180118	-2.523461024626052	-2.9939707340567048	2.6534126139471086	0.805275545656541	-0.7923435460675774	0.24196808199323339	0.32758306481253674	1.7012954681313583	0.3140420409853122	-1.051958770627101	1.1661494613643288	0.24428872227449086	1.6167423128863097	-2.2404677581681534	-2.6935968438819318	-1.2127231449300497	0.2187449146730034	3.6439106523869222	-1.719510050295507	-1.3709090508387847	-0.479495725487362	1.4788709634519355	0.022587201514926235	-1.373866376727516	0.875162233154908	-3.067354903003021	-1.1838928658717784	0.006703488031639634	-0.4199310335329591	-1.1106827625603517	-0.05452706457273805	-0.5787233042561142	-0.4989011579291868	0.4428811925981266	1.2141052332628706	-0.781476034895659	-0.6536061285392936	-0.4397947958409147	-0.40558657766984907	1.127530027734643	-1.2817491758233919	-0.5343978075727556
DTXSID0044654	5.203091313335053	3.117678799865197	-1.8861594832354431	1.642384288526651	0.057510178740340596	-1.9378114971729439	-2.2533928181253615	-0.04270538240293354	0.1915412885818463	2.2643204273245154	-2.8835415488810425	-0.630830071476252	3.3855055010118424	-0.268220045104068	-0.3853902776892132	-1.1075419883542068	-0.27641494793263904	0.05341643004478599	0.1467870721761701	-1.4304475429308237	-0.7925022436533979	-0.25211402790378457	2.715214780455508	0.682218481631192	-1.536340789833668	1.1627366428496053	0.022237384704844744	-0.36217959511412867	-0.32764918955819516	-1.5425668240348278	-0.6427312653637849	0.4866484295957776	-1.902030447843583	3.0503326309907326	1.433607580079249	-1.2851775131273317	-2.497858611213631	0.21880153350685183	0.25504168611282724	-2.146990316110831	2.220033779043024	-1.2239695261343544	-1.2585033303546078	0.9180349138869031	-1.4857211117965845	0.030305618797368407	-0.5061528530451563	0.10252074105719801	-0.02247923340081972	0.6319980219687216	0.5390296675986904	0.7314997611212073	0.7242352835670107	0.5630601678742652	0.3558175317572696	0.2147733738738205	0.08544324684449871	1.473499555041314	0.6118345666349838	-1.0711243899334668	-0.28026699724869936	2.102978837290248	0.5124661174446247	-0.4801842302170124	-1.351478720720604	0.39811084574606903	-1.1137474310608884	0.7590178538665903	-0.6222324152837445	-0.34674520265853315	-1.2286435221045802	0.08676935044094494	0.47195894840649216	-0.9992642601424084	0.4724548863613194	1.4418595330090835	0.8373526588625804	1.0137086148183785	-0.24274709748344656	1.1817099921747902	-1.256404769632004	0.6157489782954694	-0.5383543335050985	-0.11919916644913839	0.6238929988134041	-0.6198801062625566	1.8223632278463178	0.029928737074613188	-1.0351903946261323	0.42840396938433967	0.2823254198363411	0.14671005337970777	-0.45563441638609237	-1.5805166594307283	0.16878066368254765	-0.4736740783632443	-0.2664020401848836	-0.031303265254674195	-0.493716998369073	-0.3334672373004397
DTXSID4047468	-2.962367934966519	1.2739270862384142	1.270954467957066	1.067292523352556	-2.281344682791648	0.05107624194426957	-2.264556049588252	-3.2327315036962916	-0.1098460516286708	-0.5921708259251429	-3.6295840872052447	-0.6459342228912975	4.132286185919068	-0.26147243548248233	0.861719996370038	-0.30990653405626983	-0.9254728591031682	0.6728749180611797	-0.3992016203470431	-0.2014571512915238	0.010372703432004877	0.500856437717192	0.8429440661916369	-0.6027976872013877	1.3352246846795686	0.10619545611896661	-0.1329001802870742	-0.5947424412864751	-0.4029746207614359	0.12645933545830895	-1.4513510600593222	-0.24260972592319408	-0.17989927397891534	0.3947004171400027	0.37142036331474315	0.5060235745003044	-0.8416515695553856	0.3171089819049746	-0.3113089396652364	-0.12246708977375056	-0.41863444013721135	0.0012206948965102805	-0.1533084805949433	-0.3990795666446542	0.25677648097404815	-0.4756820471941054	0.020629937622553534	-0.5222110605293359	-0.11606623320192214	0.2185985157725432	0.10727556883803185	-0.3920968174773879	0.6265601689402878	-0.15933032816562545	-0.44542169313271174	0.5339906671852356	0.0428327472080355	0.07677985207975678	0.4439274331194849	0.29064762706810854	-0.11818480348048298	0.07029307665549167	0.6390575987426216	0.1768668177264117	0.2746412425490478	-0.18158271609989932	0.1590713199886495	-0.21236562040155182	0.4978969417169327	0.4910909181491209	-0.47294799792046094	0.2728579134729903	0.45011076842365066	-0.3916977801960492	-0.14104031597088407	-0.26712325677827137	0.3972491466173159	0.06627654968447423	0.24805221730880495	-0.18154257101547594	-0.055366017133990385	-0.3960196042743997	-0.09374806661614715	0.12873007499830577	0.09674268424674927	-0.3121167625235832	-0.7178457755527966	-0.039263485678235684	0.32252180594554614	0.21782316005574012	-0.4399786049267093	0.8645565258322202	0.38765027899005944	0.3671087405729449	-0.10237296699482547	-0.13588909414607797	0.30067293388310057	-0.146510505737784	-0.23403813882982624	0.23819214355549795
DTXSID2020268	4.851273763635605	-2.2711796273378138	-0.7417261503435469	-2.3300850815167737	-0.20705203278616346	8.390520945741395	-1.741581153256054	7.103514865935261	-4.834134325006877	0.4288095334672672	6.269196570980475	-1.368972658153136	3.762294540040577	-2.1736201126519386	1.4207244080759955	-2.994352332440024	0.9480350506130311	-0.6480861620729357	1.9923591637978626	-0.10179680566857308	-1.147616305673878	1.4952396392006544	0.352745368078621	-0.5770337240740631	-0.022318360938602566	2.4905524295764	1.5743279864772883	0.4756847343907248	-0.20798894358889566	-0.9535076141606721	-1.9709679332098513	2.615978339474589	0.24987476104215264	1.647842112194628	1.6106415505995506	-1.046188964603795	0.09104179200995503	-0.8547579208595923	-1.219654462070995	-0.8941327991132414	-0.10352820549034439	-0.2617199461841648	-0.8284492832658579	0.45720158053548376	0.6567844157293603	-0.9699504969042901	0.9028138781957611	-2.3145679172379032	0.31604764982997696	-1.3901190159017833	0.16831059662875725	-1.5563163991764946	0.5958279632560541	-1.016740570589243	-0.38750685225473036	-0.11270473300466448	-1.1664592047120683	-0.19163147544095455	0.18865971167628426	-1.0729010405945274	-2.112775025349618	-0.44246207728567705	0.45540275085634563	-0.7894704865359128	-0.9960308896920502	-0.5759218183629988	-1.7616088262876441	-0.17082845088553758	1.0085163095574208	-0.18142829218712478	-0.3742574421649168	-0.4213071748381279	1.8464910873570428	-1.1424249834978446	0.5465348966105336	0.03271307267787464	-1.7789435650883592	-0.8862424897327696	-0.6590881303410909	0.747580935931714	-0.2829785701522872	1.4919786307796523	0.12325290784962019	0.4758267172450803	1.3598690870442327	0.4281433021790536	0.6078466867300452	0.024324941973469582	0.5006396490078578	-0.07724146117214464	0.1769927567929653	-0.22482548535999336	0.6953964878443135	0.6022166202417948	-0.5687798626153843	0.5116426787770972	0.3905481776619848	0.26968631805324794	0.7264601652160616	-0.09034428340807038
DTXSID1024259	4.0034565741790304	2.5131332777871638	-0.9347927400334467	-0.7822612075077151	-0.8449625150248696	1.5597193169386183	2.9238075730249395	3.1133769038525427	-3.550008933736859	-1.9846444376241048	-0.789701799173258	0.4113824038934803	-0.7386488430838595	1.0844329376674455	-0.4480547430399811	-1.1480552945263554	0.69285397651338	1.2347607112094965	-0.04523459587571118	-1.3883589849453368	2.036762999959548	-1.6043241040899343	-0.6175281739258377	0.866470475256881	-0.2745281392800587	0.7148191743516565	-0.859551926311674	-1.2234684028773246	-0.6300593913611933	0.010278683207122101	2.504611796853549	-1.1442201807769197	-0.38621551244091834	1.5209468563422297	-3.140154424327548	-1.7057760364070553	5.042623488596375	3.228021637589513	1.2484970913196674	2.1133192067501376	-1.0511926163311316	1.0282132140503362	-3.84152630737517	-2.7942390046191536	-1.5125096246486662	4.855388980211694	3.6425155361286365	2.8974615975954423	7.832972947114209	-0.6033239361574838	2.094268434570272	-5.065119053827272	7.738643058454685	7.179446250500863	-3.9816379532240105	1.3212382037782557	-6.605630482690674	1.4062774895791779	1.7763406689354815	0.09212983705511595	0.39961140700081155	1.1691137772864444	-1.3435650491558884	1.8114272173848835	0.5049904746819225	1.555573502773193	1.6956790138934967	0.7616223465908016	2.387958465461856	-2.487034871409735	-3.8242855976177372	0.6731119452387861	-0.014613583009461497	1.4734687606260122	0.29000067493798926	-0.15473354357052257	-0.39567275427817256	0.0490294188167269	-1.2090364387895152	-0.27662425768840915	-0.8121505991805767	-0.8119524675296981	-0.10895711794968939	0.3525809410598864	0.9584849632209559	0.14318945639002534	-1.1251398365115133	-0.6635441265236566	0.2022303723261282	-0.006934451204248575	-0.03362936690117387	-0.12211275948152954	0.10792371677287328	-0.5664549390505906	0.9126667981227791	0.4305063225592791	0.29791709378125586	-0.5351570174073609	0.03942001018074139	0.6723292493870768
DTXSID30340244	7.282992295875436	1.031325710602524	-5.057648830926099	-11.561537743018665	3.56244354674284	10.21575609597927	1.2981676642101605	-5.874168008971923	8.332449415855018	-0.5735681812969705	3.0140357031169676	0.046511133428328244	2.6090326673723694	5.2899192135602835	0.15234160118289974	1.350233758012543	-0.7443196725289123	0.256002042759845	2.4108879007485817	-2.1475833811480864	-1.4965039434516147	0.6286817103074713	2.3018282344431977	0.12306716227727253	0.48019977649983697	0.35059150945208195	-0.8982491578022479	-0.5075088130968699	0.3845631451218603	-0.459657673863971	0.6623739509757252	-0.6143589709616013	-0.410047425010814	0.23467465699818663	0.29615107867011004	-0.04740678921928439	0.4370001794400902	0.7399713170623501	0.38652207768574814	0.8128933522011824	0.1249979497563881	-0.05733466401068687	0.02215619962788396	0.316303657733948	-0.3696087429619683	0.48578185100437515	-0.456332231224889	-0.05897434093584853	-0.527810512909621	0.3727630178659772	-0.011911329061701491	0.2487357109893519	-0.06656735069528324	-0.19520368553860495	0.263070602590561	0.3096295325962785	0.4958309249744369	0.7063670727284451	-0.9169072955376965	-0.10935659280564888	0.6276225202938519	1.140240506933256	-0.7555970943492344	-0.5385213143322288	0.33551932725103983	-0.5660448552568041	0.999627706834261	-0.11802949825063896	-0.3810285800776194	-1.5946040936754755	-0.37613252780869094	0.009509923540097612	-1.2118313972904635	0.2578432189868625	0.2934443786494451	-0.7881352557940093	0.07262252479417942	0.4781501629822609	0.3120659047540434	0.49354390960825695	-1.3894937450542	0.9382098395523961	0.1590963711800906	0.32566245801992877	0.21677695868388697	-1.1906133917247586	-0.3771624202948949	0.5309658981976444	0.6423951002824798	0.5384011080352203	-1.1444068815552446	0.028637367017529756	-0.13825023200573588	-0.44523939197691353	0.3137339910747067	0.6511957591310037	-0.20183949180636723	0.43080619401942627	-0.19466323848995226	-0.8254254502978411
DTXSID2044898	-3.360171672928543	0.8584874290368615	0.5043493423821106	0.7707447298920685	0.17315069558632165	-0.468577898670902	-1.8293724665652082	-0.6231875576871071	-0.07006478540552341	-1.8358545817218457	-0.6162126694185401	-0.06974795839690734	-0.5226649592899114	0.9295215158529169	-0.6659719661921663	0.04246336271110932	0.4489209546385079	-0.42570022981058153	0.6875617032813858	-0.12327014764038866	0.2036759189237361	-0.3102306445877778	0.5379932598103296	0.2781366209146762	-0.05161618613897083	-0.4073564662297004	-0.2737355659116017	0.004022232024233181	-0.0009594225909578313	0.003964078170882356	0.18446398710418208	-0.41483088216952413	0.43472629331658014	-0.21760922956258957	-0.07176771762377011	-0.596343586476315	0.7234104365960333	-0.19753389440882554	0.047792813763795655	-0.10628928165325922	0.10048249096722883	0.14098249633227028	-0.3252111536929833	-0.050435838082889775	-0.46277484816677067	0.2345647612497737	-0.08688966039087208	-0.08237535937674692	-0.0796567078194646	0.13874315843493398	0.022629581072106435	-0.08538941110931123	-0.02948993911769193	0.02601553952397089	0.04013190006060355	0.16074736000682474	0.26640343515396037	-0.02807954090478109	-0.14978942046306526	0.09366118481120257	-0.13920804402983358	0.3117813444414541	0.2910994284478019	-0.026371435235892502	-0.17499814778626768	-0.1786556014303019	-0.12390831104538368	-0.4028675401446929	-0.7237863726712337	0.37617721146636707	0.8416126057360752	-0.2368364408041255	-0.05993824238519455	0.11032189181297192	-0.813942418876579	-0.24258118923669636	-0.7623766321703663	0.15448769887185126	0.42313154308291134	-0.5399542625566391	0.10801882173476378	0.1893689839810266	0.14653605207877046	-0.3500590980821086	-0.13733460698380778	0.085645287694276	0.3665039116292075	-0.2929676416932827	-0.32177129233701385	0.028552280476889926	0.29702382724349413	-0.3651274310091871	0.24227993895679162	-0.17429048272376474	-0.44743084130297917	-0.5001351081736612	-0.0282601761644955	0.11068447366355691	-0.023684048400241763	-0.004064070680814308
DTXSID6022927	1.6522404438278668	-1.5409356604779325	-4.404863110599268	4.108784008335746	1.1149125583477248	-2.008291521661578	8.669245805832222	-1.3439491742160072	-2.0812752412560904	-4.094747101405031	0.5741522357785921	-0.6417872283868992	0.5980960315425512	-1.2736987641638444	-1.8804199343706007	0.672849228248437	-1.5266587181107458	0.6444303852194024	2.3585366436242245	-1.0502327489821208	1.8058348587710145	0.5789134332671584	-0.6251068890313636	0.5721689092842646	-1.0911762941338568	0.9503519093261555	-0.009004000146581561	-0.3934412874962761	-0.39602523804797285	-0.011406499182958321	-0.15535435630057157	0.9878501877168371	-0.15319294001852038	0.019320113712786795	-0.44348586089443764	0.3401875156748689	-0.39374158515414026	0.47026343361673245	0.27777227924267117	-0.04666982092816964	-0.5234357884235202	-0.7520974324210592	-0.00024374998253827616	-0.5055044160832085	0.17609468039855147	-0.3757347815902944	0.3259529847539702	0.3384478349536232	-0.1804496484863499	-0.04781413509464948	-0.49578037978274353	0.14829411388580868	-0.9065864955843438	-0.3376038711086465	0.2195324406484873	-0.09001220366575315	-0.24846535268787925	0.5575759913851038	-0.4070175601060092	0.6164804736486285	0.10043631462297353	0.16156597387626512	-0.03410902595380272	0.24770740409077951	0.017736910284943345	-0.13291617615684784	0.26784853689450816	-1.0501201580876958	0.44735432231725225	-0.1586193519796333	0.3392814651990686	-1.05172039950334	0.18011902945966032	-0.8498206807853581	0.17653644136360144	-0.06384086942250772	1.0146116752204253	1.4161360777914318	0.17825064253148384	0.048615914562337686	-0.659968057281041	-0.5880593260427021	-1.0072180314331063	0.18773376001449407	-0.03368876440236896	0.8713116526419824	0.9282379899749967	0.17423692894439913	0.2988515512681059	-0.6304063661462324	0.32854158314856885	-0.25578618286187893	0.2711630071088753	-0.3022871952117955	0.21090313378473954	0.6929470330689885	-0.36300630783391286	-0.5097450208430611	0.6968710298675804	0.00542318426273321
DTXSID4023412	15.688803009436283	-4.298684869205084	-5.0169647865739515	4.755782629012625	4.03762273892712	-0.4763768245793249	-5.479467550794322	-2.2897558611427202	-1.6544795726382773	1.5646124454145063	-2.4827038594620943	-0.23187843594704194	4.26979659611952	0.4484006756450199	-2.6699191692808832	1.6919511138925958	-4.252299422511776	0.4661321911247372	-4.730760266272426	0.9221760413727994	-0.2861550633698005	-0.013541994499076126	0.8420621059265516	0.15296671396763364	-4.320495975437853	1.9925321771715114	0.5082532084380107	0.23403956877905244	-1.7776819570613756	-1.6090163114892773	-0.6441377927264742	1.650535806973271	-1.5753414554922118	4.3275784156424	1.6052305456243374	-2.6719080337626124	-4.167703328531237	1.119419891875186	0.6382422327584345	-1.5732583766179922	2.0705490327532754	-0.028681959732123515	-0.6934798485939789	-1.5140989589092837	-0.20430185534380554	0.24430064148022024	-1.436086616027379	0.6922154610566255	-0.6217614070028016	0.4227632849965909	0.3621496121332811	0.85191870278723	0.3257388692881404	1.139785770526159	-0.26259596662177587	1.1411640651725623	1.9853774168847127	2.623887500921568	0.1336415181878216	-0.8518468401729021	0.08439037043964141	0.7878915420227899	-0.002358196375406931	-1.709747384982104	-0.3878918098527237	2.1120798868747084	-0.7336744679525546	-0.7352074109702248	0.6919934202864979	-1.8655284305147062	-2.040891831788126	1.842157914891687	-0.9859838919886013	-1.2038219424120835	0.4985237888728591	-1.6452210237438243	-0.036713288890096486	0.33829664175118734	-1.4976092438179112	1.1257013287813877	-1.3604399164197194	2.1490758509435	-1.1669060884658005	0.9106547597683937	1.950617677631896	-0.08493542464962739	0.7811943796870727	-1.7450381136338315	-0.8178385294416861	0.7724599267897153	-0.45370910993042557	-0.7663679475506453	-0.9500391206993355	-1.5843426276995811	-0.007688462355757009	-0.027680269611085894	-1.5679511917508666	-0.31852924270714134	-0.7588642515547717	0.25812379999299806
DTXSID1047609	-3.004727474319142	-3.5376443273381875	2.1028441382243965	0.46503431083394603	0.5313353498818305	-0.7154330252213748	-0.10361953935311363	0.037565089968518976	0.5021557698635832	-2.3207324781264687	-0.7264630320212226	0.13606234735252692	-0.6730741389483418	0.7462515292420123	-0.39198821324875727	-1.5993494297928512	1.0233662120096405	-1.5819496505816013	1.3846896079955786	-0.19939939717978267	0.5172784175533911	0.5236036656777443	2.184741002172435	-0.6389511428913293	0.6578587746677013	-0.08233214668424611	-0.5307644064939683	0.42210253196452346	-0.0060792567142512344	-0.47633197238887287	-0.8335794120964578	-0.39864792415845235	0.38483890415578925	-1.486003751411085	-0.46123364464386335	-0.9413426973597137	-0.6699351796522609	0.6037488483017677	0.20989828201049723	-0.1871755657212177	0.657820248383997	0.29026807966258505	-0.6807573048524417	-0.5016504670412114	0.3668762863465127	0.786865307564525	0.8207339224885457	-0.33585735682551926	-0.28879045916472046	-0.3461635207816564	0.06851230677594669	-0.0180942914046707	0.25774644136515773	0.13286003842367097	-0.20627935271053646	-0.8252313714864199	0.6073167813864612	-0.4963143712482724	-0.1868105323711555	0.730638692079313	0.44204467003263986	-0.43360791686272837	-0.6730176549594442	-0.9300385732326718	-0.2267148354257001	1.2375203311663514	-0.6200394075289161	0.024222838159453034	-0.8279426783822753	0.32357408051714004	-0.3694095750248416	-0.08052226834652557	0.15002535555647786	-0.2174972630150924	0.8276062270317228	0.5529640049957575	0.158442856898922	0.381750154856331	0.21478695728395236	-0.1634396897426661	-0.28940997288096154	-0.20030884193386722	-0.042374834343920115	0.15184547431645698	-0.017303703363020857	-0.27776192523062626	-0.01590457217236853	0.6921835330544018	-0.012756729862245492	-0.09445896074308087	0.32279425740227097	-0.07344169663254171	0.10482285313702652	0.10086992382249316	-0.17981992409277134	0.04447314780523284	0.7499065097966267	0.03015386629356205	0.143613824221169	0.30387649436639236
DTXSID2033281	-0.4657837740550362	-4.556608465301696	-3.182526884588141	-4.734754441866704	2.0457583901638023	-2.788144013119614	-5.031096827601734	0.49047674491514276	-4.995538182570478	0.917412748219623	4.150371244453674	-3.721793376865018	-0.08558969319211313	-2.40217136234435	2.1764501696930973	0.7821224067475364	-1.3485146155046932	-1.108272671523324	0.4569405098629565	0.42012596273193253	-2.479357038644235	1.0035813522864374	-0.27136744884390906	5.590386381057589	4.8841771092416515	1.4529484385345068	-1.2042408095428352	-0.5533509257301786	-0.9057676639875567	0.15286043087612378	-0.5285285845101192	1.2326470002938203	0.554764563057739	0.5101917169466519	-0.014049492530083214	-0.5741809165039001	0.47390095531811643	-0.25744998602821895	1.1787607912469962	0.1782819943893875	-0.8741112195461621	-0.07063074218746358	-1.4391686510754362	0.05732971699052606	0.30332385523243943	0.1023800303029276	0.5080643951454651	-0.4545499385400891	0.18985274111712216	0.16699672918214434	-0.0026367494553925118	-0.06403595706684027	0.19237591317496747	-0.29532241260131425	0.6551654760264836	-0.6326725567166112	0.13600248127211262	-1.2131939193656436	-0.16906828527213347	0.6537116059576983	-0.6823990922748329	-0.7053270306759947	0.1469270785208247	0.5454247858374663	0.21014989231082068	-0.45786628135808227	-0.6336574434977359	-0.013829450320665985	-0.15411696008457088	0.0022045393876668267	0.6347898333715557	0.13665823959388992	0.20257719420340703	-0.36995576598203933	-0.41366108183766803	0.044024991194191045	0.5828988077433991	-0.18477595156110316	-0.056886703959948395	-0.2961490837203706	-0.12612077487727447	-0.6804098885770002	0.211407104631853	0.14888578903958682	-0.556076416187114	0.22774441257609787	0.2067553251375581	-0.41866007368490316	0.11204721853931837	0.43442875344753096	-0.22092517412027454	-0.34092849960685145	-0.20602979269197289	-0.04164072938691908	-1.118732163976969	0.2798345639440659	0.2879382524301686	-0.6377966429455912	-0.7100316094574481	1.4593346493775934
DTXSID1047576	-1.7804900237821324	-0.8293909455772662	-0.2462015734458231	2.8304032300135393	1.9068970418952114	-1.4549213934667617	3.130752943900744	1.1322841637039864	1.253687885989951	-2.4918631868681773	-0.3434456015001865	0.0006599200711876498	-0.22347330995277764	0.19966700187565423	2.4599361526638197	-0.8746560940739251	-1.5915910366214496	-0.67435520978745	-1.0780961728448728	3.044045185552347	-0.08739963130662119	-0.7685115880403066	2.086102937211022	0.6784464192499734	0.1637322928685407	-0.837021355293692	-0.7891000717372347	-0.544767095069874	-0.5316516224022496	-0.8681675247745883	1.356507978654743	-1.40790132611827	-1.5255828935332998	-0.3228311601282514	0.6973693907098061	-0.5508793392950871	0.6445671830694156	-0.06156887693154755	-0.9892814481867492	0.31158339257691287	0.625755942053887	0.19970384455634968	-0.13485201409145647	1.4703898851947486	-0.3366515997511031	-0.37958881189427723	0.5083107043324658	-0.8295560097086438	0.3570083081945404	0.653370054795886	0.4092750842767482	-0.08406687436508116	-0.22207591409637847	-0.4409495544164827	-0.4058409604043224	-1.3429770129751881	-0.0730903839542765	-0.3976905660689751	0.2145899882083598	-0.5384149176206412	0.11226340543454022	0.3106414777863735	-0.3988873950094931	-0.11455149002093823	-0.38708637817783703	0.42785750081052154	-0.09127933107017532	-0.012015626087772251	0.22240311734136453	-0.4818968488189076	-0.31241215009657924	0.08341953313146597	-0.44101909583826016	0.7400725667248251	0.35503791275955726	-0.3348532996206638	-1.1297920917564315	0.23586945972401652	1.9512716636426153	-0.15808206105139772	-0.13043425899944774	-0.06584596760084269	0.4153810419937345	0.12054200338005476	-1.4493653080095368	3.819897238618008	-0.7416314214411533	1.1155145223692393	-0.9361378668599709	-0.3514646117764601	-1.2951667861246736	0.9550828130005448	-0.4810997175376178	-0.7402296853036282	-0.1779678257368706	0.6515557760161235	0.4317832153974022	0.03362695402607076	-0.24327233886067354	-0.01560776896669506
DTXSID9022104	-2.8156153178201753	-1.9132868970384969	4.1236139901354525	-1.914805019862931	0.6961752751279031	-1.3978740461845343	-0.48544764033089377	-0.48211834680440674	0.254844054071631	-0.28840255344158455	0.12552059947093858	-0.07205338981093333	0.5435474659555242	-0.19732372986714092	-2.1668974153002245	0.18808798778584876	-0.6840539309060067	-0.3251570741899163	-1.2135895801279708	1.081547063964706	0.12454523599509533	0.13770779886454215	0.4029757188089832	-0.3701940007980992	-0.04368893476923446	0.9589527383354611	1.3008887279026096	-0.6483543770348623	0.1055722679906793	0.9955565289511296	1.115842029330867	-0.1505089664173812	0.06544140348294955	-0.16283439946149628	0.7182632105647474	0.8158887937431444	0.03025475492920695	0.5100212662717207	0.05129737800923309	0.26887084537405426	0.45930297243078205	-0.08797355975820613	-0.4422261083301171	-1.2613357483429442	0.01875732330398482	0.28049292495135664	0.008096632484642296	0.6622754569418793	-0.13851096922820824	-0.06370774999717689	-0.041225846822051715	0.43774853646117473	-0.10303614742492041	0.2517006158777295	0.27535195785506533	-0.3037760047375731	0.6543486310680112	0.2416328467581633	-0.09848192404911865	-0.11225472718944209	0.06309698594021176	-0.6444270372077623	-0.44274532929866656	-0.4991056292719452	0.11234376090219242	0.5914046897359855	0.3562164752496126	-0.05894847144191103	-0.2653730363815535	0.017475818325158658	0.16237239800870784	-0.016979785550787392	0.10416485659004705	-0.16766591198341368	-0.14868056535856336	0.1542772504566269	-0.007521976939194028	-0.35316106176507495	0.07125743335920144	-0.6955436183702899	-0.8266713476628911	0.07328832308935981	-0.2748977494946794	0.1353569340911499	0.20774591160184278	-0.16415034094531725	-0.19765652506163778	-0.4046905793178678	0.04867273455423208	0.18119769511816394	-0.11659022363744746	0.0007203474049955486	-0.3936001087036099	0.4765073916284042	-0.20754854953921367	0.4132053676987653	0.17415707991799256	0.042924490082966296	0.226737311320369	0.311364034196142
DTXSID7022120	2.205195393152218	2.064173682586807	1.1387513119031618	-2.7141873321999728	-2.515200650039788	2.1688244178023526	0.725190235464121	4.547106917672308	-2.306265166682373	0.11060224144068835	-1.0529835402548775	0.9662418209992886	-0.62702554997358	-0.020424567807163927	0.49306309537028986	0.14860648795129602	1.1851861694493617	0.6196378651909947	-1.4389767452869155	-1.9182583089681533	0.717397892006657	-1.0790026926381715	0.5364029570231624	-1.0648829928237498	0.5311182016600959	2.422670589110578	-1.3226525301484122	-0.04560324891994104	-1.981285326218732	1.1817722721302113	0.11733844489984667	-1.4615358107097582	-1.3957792940202518	0.4875260484917977	-0.8299241726278966	1.1748523453670028	0.20977553569000434	-1.4636375667061154	-0.37756281953073684	0.012877591555014754	-0.7047300479595858	0.18298558930760916	1.3712119344995002	0.6466998150129114	-0.5964122673626217	1.177049104246808	0.16134149590662197	-0.1711185650356007	-0.3380128656500291	0.20296319053364942	-0.21724639850972532	-0.00829569059824487	0.6976497782421188	-0.3046287057671166	-0.010701070840250296	-0.7674913148177404	-0.3536669646711175	-0.6768550694606407	-0.7595971293162408	-0.4344378590170473	0.7194647189058133	0.9956185386741484	0.6446150762442436	0.8493911615502732	-0.6480843530160169	1.2112473223268068	-1.1240789061240621	-0.7334884407575882	-0.5771863433093785	0.8358545832413943	-1.4813609006883575	-1.0599274441321698	-2.295589661708558	0.21125699507251472	-0.04707025821118954	-1.5625613043486941	-0.584265123392119	-0.4191892549163935	-0.5588598883417518	-0.7432601972759031	0.11828256458713152	0.02116463125510862	-0.05241645775949647	0.24028903860739184	0.5118962454455375	-0.21823609344344602	-0.1870831485376647	-0.3710306345942396	0.253704497770624	0.0695580731447841	-1.1289691086045341	-1.009816041408659	-0.2884189191788607	-0.6577914854328373	0.25293828012603026	0.5837329556129238	0.3017104555600533	-0.27713265797646663	-0.3858737533304292	0.6003819494665262
DTXSID3020962	-3.6839889596693114	0.2472407282693275	-1.7359369342652542	1.342018556315066	0.6929973270498013	0.13668851030116314	-1.7131890304053978	-1.7629545427725117	-0.3525507011501043	-1.1128252726247896	-0.26614783911342454	4.372466158645321	-0.6752702300351419	0.5789518965172393	0.5744137323520723	-0.10765975882610379	-0.3183319014091268	0.6582039859923148	1.2529836914450858	0.30674756238916856	-0.11804912955589833	-0.04113359089041799	-0.6494996685576767	1.4132770086114805	-0.7658325803962246	-0.9160072741512099	2.028317966165079	0.5306413564175483	0.17760827880566846	1.5667612648522022	-0.4402603896244715	-2.0573562470080615	0.5478872864368027	0.4079892379344113	-0.20355040228911425	0.8799564654015546	0.10057368246229895	-0.9346468166300231	0.4697490423902363	-0.26536517125731107	-0.7750759141266927	0.31118245069545425	-0.3599840626207438	0.23060533503866776	-0.016586411336198262	-0.8880391347593617	0.6331533771570007	-0.8475387512843902	-0.1432276691815469	-0.1898264146125346	0.22467693823073104	-0.13012141073578454	-0.03201786221989707	0.03884894013123091	-0.3336733932865312	0.3560124489196482	-0.1256250024619056	0.009344769230282525	0.635907499570548	0.5094900965487825	-0.6806242409273342	-0.3853210422763577	1.2824126508588563	-1.4985767039744886	-0.28360718449263106	1.0200168101344942	-0.1426725566729842	-0.4446318472508143	0.2786369740926519	0.278363036902759	-0.9638181261962838	0.9766519548998049	0.4074814644565683	-1.818146039915335	-0.19385919193976578	-1.2905859481186048	-0.12752119514844382	-0.7348634589574375	0.8478342142052325	0.17096393212916275	0.5931120789428449	0.27665910365478313	-0.4883804719301863	-0.40660979254923296	-0.06132140814535717	-0.6341168379583066	-1.288561715170506	1.0595269709502375	-0.33349155380251455	-1.318377343424614	0.38433785230562234	0.042828497373282266	0.5768497971201307	-0.25724181789996614	0.9104321114369739	0.005624869407828201	-0.5190513578246527	-0.8633371218814984	-0.18103531755053737	0.39582657995149284
DTXSID2032390	2.4738337532793206	5.557344319686052	-1.2886450359886579	1.1930378999068474	-1.6290829867416061	0.8381918741972093	1.6290761558997626	2.1161760724436247	-1.017995479511167	-1.9940433172820913	1.1587920725828889	0.40069571134670184	0.21380157808143285	0.1226878150555588	-1.2372080429896004	0.1369745901351375	0.3200398221522251	0.5097128030651891	-1.3963472531993955	-0.10212964989855253	-0.17069215363170182	-0.7946823331949884	-0.4619712752427888	0.6927506487436706	-0.3632310382047883	-0.5821704159893547	0.21678395391707728	-1.5403577370727022	1.1368967736325797	-0.8926615886381477	1.3193392526765921	0.037140623829819974	-1.2285203570136543	-1.0443471907121689	-0.9080359848706504	-0.003027009095332218	-0.5030868629679894	0.15567273894672978	-0.9829605773679397	-0.33354484724890027	0.16467224386605667	0.3648318287762168	-0.7204037836935311	0.49031260007161964	-0.3512671203236644	0.772065019213968	0.35900068163828064	0.09286950475138142	-0.406493342660432	-0.07776796060704669	-0.4729677217694651	0.03784251903402935	-0.5382419695958032	-0.03856002706242445	-0.47180389163238606	-0.7046131182362488	-0.3243740033405616	0.39279400604217635	-1.8222730400352238	-0.2637608695706027	-0.39264508404002985	-0.44144017523162565	0.17417395680686673	0.7805217175153957	-0.6444843370846254	-1.1909437511943133	-1.0064614422403824	0.11468110532437265	-1.2826574732461187	-1.2600746206640172	0.2009539314439081	-0.41635847806271165	1.3740913739445189	0.13084547973656882	0.8308436948412997	0.7592119086134032	1.068616224861684	-1.1341132376281413	0.5785136875459128	0.7625805671581604	0.04960047403759597	-0.06795534221527581	0.40198203788114284	-1.447649225109201	0.15824067689999755	-0.26950688911335435	-0.4106585120136155	0.6565754787607752	0.2445763636941903	0.7539359662086715	0.21369017118140696	0.7311228383868434	-0.4824948760969698	0.36335803436037745	0.5259569184929062	-0.5151265622751895	0.3091324754866475	0.1555027369803754	-0.014162694969588807	0.22376037166616825
DTXSID4020248	-2.647767618256569	4.658694961271179	-0.7110601290347234	3.008860701662696	-1.6622631763998899	-0.22810689026536218	1.9259865658937108	-1.364865278865429	1.3305435367397198	-1.3155306142746328	2.473826818490302	-1.8621434497900016	-0.1695213918862889	-3.1848170026241416	-2.1643835903673705	2.5394571457852906	-3.000403740205148	0.8632158956811096	3.1971538043278582	-0.7836067496053298	2.445326874272128	1.5887865635841807	-1.2978224048412164	-0.19106073524523784	-0.3969111915606056	0.6489063054805626	-0.11998859954479467	1.3329294871056718	-0.6792373018610226	0.5046934006358007	0.3135551803625483	-0.25162264775020166	-0.16119456586057715	0.252068496499275	-0.8288221272445712	0.1701248499639046	-0.33159645990751374	-0.05795984972039759	0.9690691770758161	-0.2099021401724122	0.13100904698421878	-0.34379161812562103	0.03447537961274628	0.5291696511385705	0.33034351592554695	-0.5082020563950407	0.3489397387181494	0.1774532508326904	0.46996972796851877	0.4116674874372796	0.2447924197387928	-0.13834657156796654	0.026907468657816947	0.20724095008139767	-0.296627745291815	-0.07365183828941106	0.6319943009487926	-0.301617296707717	0.737931931038426	0.15328859427586608	-0.757566241679405	-0.25914121336559676	1.1110372268757094	-1.0508264060381534	-0.07454666017032814	-0.374682030584967	0.04268257673841522	0.2107732636033184	-0.24971789129963948	1.6736029746880796	-1.0539595046100692	1.9031481757682234	0.0978508323024545	-1.583279103813092	0.2332075243162181	-0.5708148883053843	-0.48116362207759183	-0.4686714687515464	0.9527199778994536	0.09510394753970876	0.035470993991001835	-0.03086030797052475	1.1863169675171024	0.023280893940397934	-1.0215372302074768	-0.685589420493396	-1.1730528787473737	-0.47776325468123443	0.7699294888336883	0.48798928173031764	0.3890835672077095	0.9764834774007202	-0.16153130235164773	0.6497534808534193	-0.30632591350351246	-0.30162809459618023	-0.15541258374446992	-0.2533921090068719	0.0850345421638694	0.30415111386323823
DTXSID1047601	-3.8247920684691823	0.13046061852363913	0.9092520060684933	0.5815808626744889	-1.4089443097580114	-0.24911312519924572	-1.1936100063806252	-0.8131448741852566	1.2997476139307467	-0.3168567134333284	0.5557167935253435	-0.3092597255894459	-0.2408185333560315	-0.13238235477823493	-0.08530818415188687	0.6111195848918648	0.49531095431049116	0.747282635766946	-0.6382883013333749	-0.8133774259165187	0.2054917976588661	-0.6422648945281083	0.12182997030156092	0.14594861379827023	-0.06598517047999329	0.3079845773934917	-0.23416796255566757	-0.49700162708935874	0.038438597974506515	-0.1529515642662708	-0.31509539101437034	-0.36865383014848274	-0.8751444284587859	-0.14763938012424566	0.21341649212552233	0.14876057820206393	0.0636235688983203	0.30714711465246464	-0.3239086724250225	0.3923730115562033	-0.08597758197455563	0.18450266695296835	0.03878849876913733	0.18445905327349493	-0.3086792460019156	-0.10316469901886033	-0.017186726080052832	-0.645798075956007	-0.10442260714806116	-0.058843456292259365	0.09678901324943077	-0.13415565245958547	0.15033179004544855	-0.2184496620113704	-0.26947563859748563	-0.42138646616703485	0.04653686272649785	-0.09513143307806379	0.11314072279473752	-0.020844835312056546	0.30806724585216144	0.07621732762416143	-0.09036490096333313	0.5325467614598547	0.12483723861140535	0.3395126573231811	-0.021309680458877087	-0.21973211784948077	0.16929060926184045	-0.041641774874568015	0.06830827758365556	-0.5821562835809603	0.5772046217211252	0.5329785407070693	0.42012956050136835	0.36122053481699395	0.30563649759500705	0.566970993522019	-0.07002392072523712	-0.3302830341380578	0.4763970720866011	-0.44902243096889327	-0.07545794240705307	-0.09394000598131985	0.3427031655349371	0.24771224428503522	-0.1578253234592567	-0.531985097503334	-0.30776970457411484	0.0805825233030879	0.23638065430106234	-0.09432899034601365	-0.027232869518514034	-0.18914025481227154	0.3171302391441855	0.008727566967550393	-0.1095838491636385	-0.07145586746546657	-0.2931140927916913	0.318513968285032
DTXSID00194615	7.231183692841216	-1.2241277456596789	-6.302834648666338	-15.193260372768526	5.351988280558923	12.787447515107786	0.9927506515879811	-6.234883353639205	10.140857645919054	-2.144774469366647	4.707947858087761	-1.3074853489715206	3.777992578386974	8.985314737458538	-0.4945500444023697	2.4755625755129245	-2.86373760490106	-1.279757383777573	3.5157703030786824	-1.4742353518228946	-2.9807808655526786	1.6650993582434974	2.868645602657852	-0.17771177913127986	-0.48132003312333277	-0.7883085222148698	-0.8702054668343058	-0.38114955973532055	0.6200529078629967	-0.27921951746357215	-0.47465927459038415	-1.4910933142340836	-0.47301016112226724	0.14560711908811474	-1.4288378106600457	-0.28774156710058835	0.0915610883913205	0.5263585223352446	0.31155233128028614	0.3546758129904722	0.45991737480285605	-0.11007858926113949	-0.3755879295148669	0.8621059435259628	-0.4380813924359463	0.9122873805936527	-0.3251135723355479	0.31573540213242424	-0.5847272762865854	0.6893441458908018	0.051457851197466306	0.49538193711068124	-0.035774650526617095	0.2404318963379359	0.6552736438321095	0.5699465796404233	0.7769937865350828	1.3812918569604349	-1.3900345018076525	0.10136228909851557	0.37988647180194807	1.153750087119038	-0.6772181116122417	-0.40625653965658826	0.07135878827148705	-1.041917457737829	0.8683762142078337	-0.627271218883204	-0.05725097611280783	-0.8750089457271515	-1.0124943726736135	0.1133760263140841	-0.19678101265462516	0.47217812049241015	-0.5250425251077798	-0.19572616344736704	-0.4797768316161883	-0.06171692341102425	0.3221726237720597	-0.40708110085310334	0.6209097730064642	0.9847374586903397	0.49578405695442473	0.40548637418256556	-0.9818975113205494	-0.7739078371366945	0.11947638751475728	-1.2872146443931713	0.6176613887672701	-0.7198335960221083	-1.144582929987872	0.9209257522421569	-0.13776068826993038	-0.4939936140930673	0.8992548838936921	0.6398494271002696	-1.0364321507049008	-0.0880685210708919	0.10973307458324766	-0.5134854218353259
DTXSID6025010	-5.782174484606144	-3.257339375312064	-0.6627804752002878	-1.5615926536976132	-2.0016983826818042	2.4181593820061242	-0.12963296317921436	2.2915431581376353	-0.808292228199389	0.6663622027826508	0.04854017269763888	0.1363216749093535	0.4291315888619327	-0.15322929611712544	-0.22449774450460797	0.3070645418290333	-0.8493300858590657	-0.04245935619702503	-0.46220412449638004	-0.3222576169534116	-0.3460652521879142	-0.20215133964523233	0.15073101061829255	-0.29028242250877806	-0.5999924646224843	0.963772069566218	0.28760940461350654	1.3736230793174304	0.24291794196226305	-0.6797637479379359	-0.4816946103425438	0.09192499482815027	0.4549934026682191	-0.22863265728681054	1.0339265079171447	0.6129729936501321	0.12865909696031932	-0.19605320744147217	-0.16346406806139424	0.1889584139501224	0.4389076442232958	-0.6107154485130696	0.17099425194103177	0.457324228549181	-0.24068503047950568	0.09924942946735034	0.4254036558809734	-0.45559324380463573	0.2041316648820249	-0.459554383863168	0.10410722444603096	-0.15440313463418318	0.39788122771719864	-0.07369470383419764	-0.056849332598821876	-0.22436049849960277	-0.08939132896026633	0.2845601572862177	0.0765281368634175	-0.5023788131692901	-0.3898415111330622	-0.03660156233651686	-0.012601448838646166	0.7587044817774864	-0.7127681206161244	0.4730473921589312	0.6418601492436744	0.5084275874466165	-0.24785276229273845	0.0035388693378397345	0.06519283839959307	0.07946019782758953	-0.1281835996728817	-0.9185264565890966	-0.12415746907919417	0.8091671270198572	-0.21321857102595274	0.20330932198903928	1.2850614326960064	-1.0267401209115976	0.2511569498770397	-0.03322856171002469	0.16432914415526806	-0.0227114300067505	-0.22037479784179886	-0.37231020195607845	0.6442428367225201	0.010131375648964975	-0.3882461611006944	-0.13438162006683863	0.17758212089148265	-0.06126787826825914	-0.1829948300738586	0.16718390739908023	-0.23595662954087185	-0.1036838188752266	-0.3385290881090321	-0.21465410754118097	-0.18364426552225607	0.10447261718861336
DTXSID0049367	-0.014952192303108116	-2.759223260600994	1.3577550883784681	-3.7891925582944452	-1.812558722860066	0.10239040107311569	1.989336418708697	-0.676187946964782	4.071291912356753	0.11251292932293462	-0.3432468795830407	0.4859039517088099	-0.22577477252727723	-0.2895130180132843	4.521231631175212	-1.3313498709974274	-3.3460560889817534	-1.1849917688402987	-0.04301381653600477	6.42637645645461	4.838386324688484	-1.182176434272828	1.0949754274730228	2.306874181527313	-2.747822149375698	-0.6970299281725338	-2.3813743179769324	0.19630663088501796	-2.085838627513252	-0.10903654297542034	0.2843493568929571	0.36848619517392917	-0.3847894955498339	0.7302281357687056	0.7610458249461323	0.7870090740221888	1.8813681683984838	-0.19451027257015496	-0.9741264121339251	-1.2494338666718785	-0.5265093684072639	-0.668287070662943	0.19792576838726395	-0.12157690226598727	0.5279411295649022	-0.3094233471395236	0.5353750758218738	-0.7242551618751141	0.010514338791254218	-0.08615574057149994	0.009023575871528378	0.3008214734781523	-0.3018538471921555	-0.5854366463819741	-0.5320189016081116	-0.4268776590483713	-0.5009442784634272	-0.8941687065791064	-0.10018766927063258	0.9307945061960895	-0.07218817799497566	0.5538916874260189	0.6790939471564899	0.1601927484513953	-1.0279584418423313	-0.07308119135332826	0.49806325421472675	0.34194766573892477	-0.07326319685182532	-0.5408128635885672	-0.2227913205879222	-0.6348490699769215	0.5210481604657071	0.5215461160850529	-0.3472821505865983	-0.009424823852585187	-0.5880926601348073	-0.615860587704076	-0.3463341452157249	-0.4058403875559286	-0.14391312083618146	0.19580662122883166	-0.29799692768700575	0.5599516582342182	0.8515875676751951	-0.11189921818094115	-0.30844355239756804	-0.37598934418720203	-0.5969803794345109	0.5931723593398311	0.5522868920493098	-0.9406013601165695	0.04446879037450594	0.23658843999434104	0.1886761484028505	-0.2978745910614753	-0.18449427609240096	0.4938799957195915	-0.06982449886526633	-0.5293500775343937
DTXSID8026931	4.966463609790605	0.6174839073343633	7.41129268195366	-7.093519581773904	0.0592344701478525	-5.855026250830186	0.1320067798117073	-0.8702478088085265	-0.5395118429155124	1.2429785768784243	3.75823381481127	0.41229792343333815	4.482206586116974	-3.2089053012336737	-2.7672240690201035	-2.2622403862638314	0.507525422892844	-1.2770311395613063	0.3454948249429007	1.0495972747257567	-0.5804453091230357	1.0442773815228183	0.7954469560967785	0.3301747377425428	-1.0530734531447126	0.9373700515661214	1.8347863014773256	0.16461956475287096	0.43243122473343265	1.5884444086141332	1.5399544396413642	-1.0381449708388621	0.015540445222738787	-0.3377876694699321	0.07553767662883484	-0.27177657740559963	0.1140351359329556	-0.49578150197316784	0.40070766372883765	0.945168120055615	-0.020111178693775492	0.24504306946174634	-0.44589399215278486	0.4956142514260852	0.39633182155999575	-0.5961738392988668	0.7230112556473611	-0.6855316133593745	0.020815056569384656	-0.30530967865321385	0.15697266018186656	-0.4075100760286173	-0.013316672498468261	0.20976788634649865	0.06354652265005103	0.0340916237277291	0.1699742715463204	-0.7498718408640292	0.12062640013833736	-0.03735152605422352	0.16160984725467867	-0.7492084079825952	-0.673480422753706	0.3859328560746141	0.20211013357146904	0.9329792184965408	-0.43323954559403743	0.11418274263031694	-0.2412712322482293	-0.28649246597767325	0.6182115400989627	0.14795709166994012	-0.08869759519658243	-0.02582461005408268	0.8884511537860126	-0.15719950835510257	0.04168627320820958	-0.17363941327828133	-0.04869559055653817	-0.12013596853743462	0.4771775293011749	0.24281368326813202	-0.41135716615487067	-0.2913537274666508	0.42447424520190835	-0.124565412086519	-0.02984873661598945	-0.29633350200187647	0.04464332645584498	0.3925884623188635	0.23132951892207956	-0.12829947982395784	-0.7059830479809774	-0.4047994574638504	0.3320482383022707	0.09770099648611903	-0.05124127839687878	0.23431005373575484	0.07759512698180061	-0.04420335183842829
DTXSID3047972	10.937267346880224	-11.837366621108032	-9.220927885684706	1.5996813071089173	-6.831510378965193	-2.1297066620364147	-3.8459907346134625	-1.1050966376964138	1.209327574735034	1.016403183551901	1.6168844891554555	0.2599524190651283	1.2057611916578876	-1.0882981046842037	-3.1024080262846074	2.5104499178990083	-0.3818999337852326	1.4667343481801585	-2.705734020009146	-1.6628932300067554	-0.6540210111374504	-1.2983189672106934	-1.090266466824091	0.07181237545725305	-2.473413693845128	-0.38032496555347833	-0.5792259624930475	0.36556598761589754	0.17578252176623957	-0.6627973156325307	-0.6501478911911922	-0.2703696621929564	-0.2737244475781885	0.048544474799910205	0.5399585822545654	-0.022233124984641046	0.621666486560938	0.9468550322516002	0.33392921873627085	-1.3636177754516188	0.24526677357363005	0.1571416644521709	0.7457486535659572	0.1506762866858284	0.25153979858528724	0.6680985331078433	-0.17729923397470831	-0.05228741989897033	0.07209385854039996	-0.020270476857386126	-0.02940686948147884	0.37036327633020655	-0.18317340432861637	-0.07164948735917055	-0.4749839275498214	-0.27186974014070564	0.6154122552815625	-0.44607844698857735	-0.4116982309380948	0.9205592328818648	-0.7189257794864476	0.011058176744627555	0.007666531002249548	0.07803549331113704	-0.5799525431974948	0.69413978669599	1.154868088294072	1.7100002209047955	-0.36711371777954466	-1.1237215500246913	-0.21137179708836332	-0.026396041900176	0.3510278917751016	0.05818561180262365	-0.6409986638429485	-1.172384952863444	-0.201232607189485	0.008988228189780893	0.48746389396237505	0.505114251154438	0.2661062715883177	-0.2619226585748455	0.5783140793244097	-0.5230863471552629	-0.6604713827712267	0.058931917296402715	0.36565921689223924	-0.0062722003839594895	0.017410368472091115	0.8609146587005165	0.7490879180581849	0.23951822787411065	-0.46157364607172174	0.06395490362195101	-0.43547679277248114	0.6348321961679964	0.7356983939761971	0.5871268961680882	0.33395465026432203	0.5608602001195299
DTXSID8033512	8.779738840879952	-3.7218116196150826	6.7884381790532045	4.469548163962387	2.1458040949977106	4.969486900184249	0.3691559420876273	-1.8183247691484221	-0.5269817386660015	1.6211463514934026	0.2981502104307632	-0.7729895422823945	-0.001938866647408156	1.007243962655908	-0.11941536774401812	1.5319474827734754	-0.8669208635137802	1.7641648242036112	-0.977614202571343	-0.4313288474465972	0.05811434380062121	-0.5805188707100821	-1.4623832107279384	1.1599905721586103	-1.2476786833207019	-0.1334187590307271	0.5321481334087106	0.9476256732843933	0.24931200775199355	0.07191956364471155	0.48067538083480427	-1.0647470223660196	-1.1191298233952949	-0.9802342692062954	-1.4956267358091113	-0.08848853268242235	-1.4978390804107486	0.812367378189414	-0.12317519983153928	-0.5587703155520568	-1.2062670792644166	-0.33253746250751604	0.9678879796448198	1.5702445540211603	-0.3514707769946978	-0.1805723642813958	0.8890279550818394	-1.396581480928321	0.3933755640899836	-0.21087393695715628	0.06576113933594588	-0.6553005086188571	0.37579761996345296	-0.39328540787413313	-0.5234697731066349	-0.4363447864675387	-1.929849150946642	-0.9921997134287661	1.2623114396160644	0.8278499785830942	2.0377398362256494	0.8439986638199443	0.04290297968816829	1.6378795260723285	0.6937461784459552	0.03513314723887305	-1.4665727191860387	1.3607033077457449	-0.9097322481687031	1.9665102924271587	2.882998980989179	0.4129445021841489	-0.26239294483553655	0.48368525805727713	0.10183843229528976	1.6191122407917675	0.7210825264596586	-0.24239011317226442	-0.6437583897564789	-0.3341839910792397	-1.2841344817720688	-1.3830853214878134	-0.23438013625299833	0.18243287640251757	0.5386795787133865	0.16599994469319854	-0.33144832744942687	1.0851266497882346	-0.9812007412703044	0.3741193073563613	0.5857211179908703	1.349010544713737	-0.00020925799564500285	0.04276179917365976	0.3382438530143459	-0.18681654525601307	0.1322013692293982	0.030723661377739825	-0.11418128464810252	0.7363459434383679
DTXSID1020279	-7.344404226891367	-2.4027192477052126	1.044334809769199	-0.3502354304114962	-0.8601380848056326	1.3939866803971028	0.1366010540749736	0.5431628224296713	-0.21489194736863823	0.04266121943026817	-0.3539147681889495	0.044259433374124524	0.09437285962697273	0.0883184671306705	0.1805760865628309	-0.08404809611852578	0.25967069814309623	-0.1351822751115202	-0.14355849553695751	-0.6408532284100491	-0.1083930616187888	-0.5010313311267036	1.4697055262000864	0.06781136807512524	-0.2017604202541509	0.19681883530103145	0.17774908800858963	0.4074471223258099	0.02426235244592618	-0.14275217205389035	-0.02443778002833581	0.4003488363336888	0.6874752211521116	-0.22419599261688455	-0.11170622343520743	-0.11041095811764766	0.5813057010412864	-0.5411021968411149	-0.3826632773216183	0.17400414887423718	-0.03527034067782807	-0.41016439354102424	-0.05518720902798911	0.2383392408606493	-0.2735896276373874	-0.2348018316694075	0.0628575268444457	-0.2610769973906671	0.041286594428275994	0.019014348081209543	0.07167167989253741	-0.22790919880050886	0.29715218082028	0.015350215072582293	0.04706251212465495	0.1661986916310446	0.23960085035719533	0.09625949732545366	0.1325211909793179	-0.1199657687696882	0.08843883207636269	0.14101646868830947	0.21444598155755024	0.5832197686714503	-0.5668403346601166	0.31281426469468865	0.6350333694626644	-0.5303770328481658	-0.2548930896371939	0.5159272565976152	0.12233351401832246	0.02196215410458438	-0.10543773450170511	-0.2939009805313028	0.004600664422402298	0.22853713372668855	-0.4677938038210846	-0.03887731695309429	0.5530449357581039	-0.9840582008517575	0.5312821994001434	-0.2240520952369139	-0.13459252969310576	-0.3750394780757047	0.12867037665076314	-0.6563883835522298	0.05327205841588786	0.06407267318674369	-0.5349094263836912	0.40265983119713095	-0.7301320546747734	0.2085898163202169	-0.2852231711397955	-0.24995684069492924	-0.16564254800209188	-0.4267578766834637	-0.2581407169418705	-0.2331799195811842	-0.1650643586072178	-0.2524064537505817
DTXSID0048719	13.403414841730031	-4.068751598317929	5.982387536526802	4.499608343384215	6.287240829360735	4.915724704412691	-1.1880086170002029	-1.356980454826711	-1.8286276490579765	-0.5610107725131336	0.587588907608597	-0.8613879234297619	-1.3078871683819275	2.1749107641620444	-2.580780038398569	2.5336788185654417	-1.2641716895777009	0.9643202080012765	-2.876044657580042	0.9281023309634572	0.548399950311286	-0.5453652235542824	0.22198429279886153	0.49945640897313365	-1.0003514689623683	0.05079608130837858	2.515673376250033	0.6054951618958784	-0.5000813316997024	0.4723025242020964	0.4039407718532163	0.538173460945365	0.5356251643633532	0.0914865993168095	-2.500811279053555	-1.484756136459521	-1.265605445832836	0.1891780084613117	-1.233195606381055	-2.5983867978784234	-0.31750984137234484	-0.20791727043913977	0.6373262289443721	1.100234908701144	-0.04713611523447513	-0.4433863310301347	1.2635352777031195	-1.5496981039371813	-0.15392866316610093	-0.3644148731965284	0.03077508363397162	-1.024490712873645	0.5550896350976392	-0.26100039496082145	-0.4648693421122932	0.1949444436622629	-1.3772795450778867	-0.4803177446363256	0.9631065303369747	0.5633473810163397	1.5618301678050617	1.350052448405533	0.27016983132650413	1.4019428894509527	-0.10693593263367338	0.15190741919212747	-1.8057627360277786	1.4096775981505687	-0.06324633073399033	2.238775578284906	1.4623548125659604	0.8399756322899892	1.1309016231694458	-0.17277687425539462	-0.047842923981251353	0.5923211676084265	-1.1884669710558622	-0.8477758922603258	-0.7664939950483535	0.9031300063211289	-0.30795522599282243	0.25318128811430296	0.4401696823668242	0.4153597535654872	-0.1138171529102905	0.1912469969667578	0.4954194693619965	0.7375552758041899	0.3675192161699022	0.07322273978484696	0.30680860415532146	-0.10110648177235755	-0.14562568320949584	-0.7555669281437836	0.21134585459055433	0.006185380980188998	-0.4160843563463518	-0.16917558434170127	-0.5830862939822842	0.1185250591186229
DTXSID4021214	3.1167299361324186	2.9419572504457587	-2.8137394839120216	3.5121068052591613	-0.43441566951137717	1.9507790880221345	-8.176351805344936	-6.873196435780502	-4.515930060050837	-3.067942543089017	-9.819309582089057	-1.0722029132412647	11.540426316844508	0.06640873882090292	-0.885569332107205	-0.1640539854061657	-6.533072132671462	-1.1036253863628294	-2.822718174530652	3.6632611723605195	1.3252116370590552	3.042896402232024	0.909490443672818	-2.4769132600352437	2.156607682222952	1.670963999762818	1.4148694645472288	0.8774010755807903	-1.0583570610416844	-0.2835286595807677	-0.6056547890285913	0.5553645421214073	-0.321923908893858	1.0523889240228248	-0.5670820747100311	-1.3097322257782325	-2.4125126587219006	0.6527187537461925	-0.07580238572385006	-0.2865325012950275	-0.23772192060998767	-0.07574457173863948	0.2911043744558377	-0.3711053313953697	0.7519193633027356	-0.2543667269202733	0.47489715566049423	-0.005311928154606124	-0.4929132045240125	0.44702679638579496	0.09862954766135906	-0.13264059885696886	0.49071448129549444	0.42806223714208713	0.34039086517748274	0.23545872800759612	0.6326258127235264	0.2851246074545248	-0.13299391721188963	-0.7895526998575346	0.43790919086204033	-0.10507319988557984	-0.11838831244116574	0.9189010650619603	0.9423918231772771	-0.5766114373056185	0.5372091833765569	-0.45409991249741666	1.5382782587609058	-0.076400045147173	-1.5067412932618687	-1.1347215226230813	1.266658167931451	-0.9913302839580813	-0.49635161668968897	0.13834206737654844	0.6565637094451257	-0.0034348663846320905	-0.5933673482874015	1.15672364081053	1.6126605430958567	-0.7909751988268542	0.3952326769506029	-0.28014350956586276	-0.04114462953775081	0.6484156058233201	1.4726303664331688	0.6599671938602046	0.31776002632122097	-1.1672204158758144	-1.0349353237207117	-0.5458467329893613	0.7504856202528369	-0.7698750632085125	0.2975958138508837	-0.4243614258713654	-1.3648974874503106	-0.20901292174044903	0.6314818535399478	-0.5371860897293438
DTXSID6045248	8.751697338334875	1.3643106138653602	-5.609986411177682	-0.7629030380757399	-0.6969509309779676	-2.7907148131453408	1.3289575089567884	0.9355058149891006	-3.8954658794208763	2.856880490342931	-1.312519375884882	-0.3282190436473685	-1.0617531652476886	1.0692164017222214	-1.7118723807931333	0.6389445486762007	2.143942456635814	8.991943834261134	2.781837117358244	4.364677545377393	-2.720103384214215	2.9981333982000526	3.128292449042388	0.3492775456079063	0.002438370085151041	-1.5613729679938433	-2.3531551901113565	1.8054541461361748	0.04566798416500467	-1.2021990182636402	0.17501144088079917	0.7818545038914256	0.3798397799529902	-0.10058728036068147	-0.06436278857976568	-1.766272240806549	0.5111360971451524	0.3516473045671759	0.08410164137743276	-0.5355075704104721	0.6778460967648007	0.22393791427091245	1.4903541837066163	1.360753759041638	-0.5439383387204306	0.3851027075149527	-0.7772667801663774	0.20702330257798632	0.4366924497832484	0.3769934838326498	0.730484872518795	0.42154836394572187	-0.29179476475184024	0.4542383731407502	0.29213209944571467	-2.0334303714252617	1.3301669486131091	-0.8604541484503443	1.1122511540910827	-1.3723484548807658	-0.18498971930375172	0.30411674388069665	-1.0750349699979254	-2.438405064541214	-0.47499260756744555	1.1442315150663067	1.5763048290897537	-0.009417273618835336	1.3342542804358213	0.40974405931699737	0.03371312262545855	-1.0682543027994449	0.7758284110570015	1.2361250744898753	-0.1872816559083983	-0.45103986774275623	-0.5136081561322877	-2.5120771992685302	-0.9822128008675143	-0.5480403125254741	-1.0112298001559994	0.688294890538177	0.46282559831885367	0.02917599552873743	-0.30809667472466373	-0.1373552085717646	0.5423949531240972	0.10278656711250511	-1.4318364052203263	2.0093270780170873	0.24841083276602552	-0.07611459191560999	1.6031562401478805	0.10306617705706068	1.2538240552599342	1.3175406944906296	-2.944729625182846	-1.111853942484241	1.4645262469058387	-0.20540165606781896
DTXSID5045099	5.05350091301702	-0.9541604008317938	0.7562992716236887	2.244272297185711	-2.065973425658201	0.5058835431084964	0.43193022618702737	2.0679103721547336	1.8756229429633642	-2.118995809781326	0.430379816414083	-0.24780792047195022	-0.8895260519835156	-0.3016963099545289	1.136347715702358	-1.2104005430559315	-0.6274750194184727	-1.489980878184596	0.3621735175373605	1.8609204675700766	1.0391484444683263	0.018431008201340856	2.348222061216277	0.38306161051304954	0.39368529675838765	1.158603150574774	-0.862788970394216	-0.24600257354717942	0.2712728548720199	0.13259110216852585	-0.8376228042240509	-0.9513879881069308	-0.5204166130169942	-1.0976375516613441	0.487143354837507	0.8700097393745054	0.8121491600516044	-0.7828978589288883	-1.3014689208869863	-0.34045217717291676	1.241067225420534	0.3070306809083035	-1.1114364542156248	0.5371075075762226	-0.19981340101237455	-0.07665543532744169	1.0895377046945902	-0.2810335443436592	0.14769155822651234	-0.6737597587979864	-0.000826464427769207	-0.08586063373712578	0.1639599121499504	-0.07195837269841719	0.5153971906847388	-1.698361792073197	-0.9486344450217026	1.0250762444461123	-0.6122960789143308	-0.14543876016694898	-0.5899988942807871	1.2036458995197927	-0.8939236476778929	0.6583285053707345	-0.780354095298472	-1.7216336452670697	0.2979560359906933	0.09460760432381803	0.13679895183922877	-0.48870325288950095	1.6842246357409871	-0.25034111946820786	0.8857298581186069	-2.3432486956078513	-0.8555174668498836	1.1260720892342642	0.02759965635618835	-0.4460832339854779	-1.1804673606799423	0.1478394292647601	1.1940967831430447	-0.19290922887103132	-1.4821751523234596	0.638384710256982	0.6112785862983907	-2.8873766928565776	1.4808252801673156	-1.047422026883976	0.4084111351344937	-0.6783669023731309	1.383386519148868	-0.15769357572962683	0.7426435663317589	-0.2589845268963814	1.043227174694043	0.2499937067747756	0.09726518788021993	0.6439916662476001	-0.5900847939432583	0.17681143565593554
DTXSID0045410	0.8287099102680756	1.766306791378382	-2.0541520201157644	2.303679296838116	2.524974675657774	-2.8441545137150444	5.91598766832757	-0.36292150094262715	0.2300058104506961	-1.921967999727815	-0.0074150769732613106	-1.5637762449611654	1.1333045290735118	-0.19002702970814656	-1.3713723375396394	0.38394005376551027	-0.8678532785290436	0.8581759074736404	2.737890289487845	-2.51583002700783	2.363678372007309	0.37409248371376663	-0.7410784914200126	1.0098953052737605	-1.0728674860199474	0.7510876888400723	0.400768629065156	-0.43714094508385143	-1.437014206109643	1.1606918698672024	-1.7714374133310218	1.3121543061502128	1.277916282780774	0.43596363396558174	0.27700892315905135	1.0830458238488367	-1.214025862284884	-0.22107168627831036	1.3691258037349685	-0.050084845331459196	-0.35434144614252205	0.14770892164960125	-0.11706955819351055	0.716228870313527	-0.32885244425503884	-0.5668940642760476	0.6265216730324324	0.17345843032112024	-0.28457004178711875	-0.14043420075672342	-0.06779172807137014	0.2221862445778667	-0.6395901058402234	0.04508702153783183	0.7747190013254406	-0.9485825610396709	-0.13877641509544372	0.4588647526193098	0.16632069405331223	0.0361641399622315	0.7587322343319952	0.8570694701701266	-0.786957810097651	-1.0322346356255008	0.047638410962144766	-0.09645894354124429	0.7988429620682971	0.07960344755513825	1.5756801757048482	0.4770034197236211	-0.9345431269082702	-0.10586902199476446	-0.48203108849329135	0.2307722540667025	0.029582941654549135	-0.08772960873142377	-0.4800895044178229	-0.6502193452772657	-0.7348697668478297	-0.8865161233956623	-0.5480714159268317	-0.31336459191575045	0.1429350196418563	1.0920678461306144	-0.32528835385401933	0.9784539825565519	0.719650280632389	-0.052044832150324516	-0.8700446884917992	-0.26653051523810695	1.380040470047081	-0.5442649782351607	0.17888350403842473	1.0675994317848096	0.4860927020407813	1.358312225870927	-0.21244927721606507	-0.4349280539863688	0.3717887699751887	-0.01522884891897191
DTXSID1040459	12.904906740041815	-1.4575175497274613	-5.305107971892124	0.9610903116250232	4.108640616608195	-2.2776288121101396	7.060130876825858	1.4657564799246998	-2.2790720732074883	-4.813756026824785	-2.165140225023064	0.23034759110496472	-1.947155855056257	-0.3860292278694825	-3.001928238380005	-0.24212060610129948	2.813504265693797	7.787600562789452	1.3956647702409517	6.401438799979375	-2.8026918304170194	3.624123067138113	2.783158225683535	-1.4742021967909376	0.672830130729611	-0.7603474862644717	-1.4921190225253826	1.0140693324670451	-0.8142849925957627	0.17392521927975474	-1.6357954037228235	1.9650158830400535	0.39886791998674476	-0.4453383688197723	-0.759550289005524	-1.562892264002479	-0.5255100167070477	0.5807309209262198	0.7878484155937253	-0.4108857972331564	-1.165325592536464	0.7120774241695395	-1.3162046388944149	-0.4986786365143091	0.7214463664386755	0.688312869092193	0.8449904178151979	0.5269370820489075	0.17555082520198073	-0.06054937718506757	0.05472367046550651	1.2165078871976367	-0.9859850394315345	0.37327036413543535	0.7406031555346326	-0.6067490787974459	-0.9995043347068167	1.1526895499816907	-0.47032807496569057	0.49653458461377603	0.8057283166233392	0.6333311371165623	-0.5539931984564367	-0.039491636009404696	0.48331978119836677	-0.1142249162370901	-0.20576855259701082	-2.093081774586113	2.2849902139323546	1.8013210683096281	0.03737337672218841	-1.0831522367673148	1.5589598662798079	-0.06255152765952032	-1.2635652312532781	0.21211980445948872	-0.5675141683765698	1.7188493032870773	-0.0016775208526029815	-0.0417729852504258	2.358123526219481	-1.7195805940658921	0.039350507746566135	-1.0286620190630311	-0.7274961609938927	0.34566089074394224	1.0090769334521956	-0.32025990315456826	0.24521593318256338	1.0456989165278294	1.6443628967346513	0.15286669493731317	-0.8533783134538878	-1.0400802520705767	0.8882808667284451	1.2771864679478715	-0.6724344531063259	-0.5875904007526614	1.7100264920978263	-0.6467263220112717
DTXSID6046214	2.26009523295187	-0.7789685338528143	-6.246994754664559	1.4606438064557143	0.9025942796004276	-2.145421525288943	7.180356370443431	-1.1283925324952424	-2.971504055017407	-0.2360850559518915	-0.13539422803238765	-1.0128129342164467	-0.8310218638155439	1.397071992447208	-1.8929772263167723	-1.90623991316694	-0.36272475231202994	-0.15398079628909303	-0.9498334328134805	0.940079125514969	-1.320104388615447	-0.07734221691862404	-0.9886501165149489	-0.480499067570751	-0.47160715893804545	-0.1908442053421448	-0.12432810411295972	0.19997989570277772	-0.1701731034144364	0.020563338292307796	-0.2812316751421955	1.4609994725177455	-0.24728292201736526	-0.1524368554906114	-0.49336352784508264	-1.1921685457100497	0.08073035559908111	0.9045827680697233	0.6392506493086322	-0.8910175102404244	-1.762246390435989	-0.22561104530488507	-0.117229676597402	-0.6058374547353804	0.5810051505787962	0.2661135032976591	0.8468437039528989	0.5023432499375451	-0.12429237952184029	-0.18811269255971413	-0.3823313379607776	0.8293877860857334	-0.8086516667384823	-0.06869420782262477	-0.08315722989335646	0.14614779338986297	-0.7746046983957461	0.476242353067335	-0.6920086745743226	0.7049993631547335	0.3166015083585047	0.1572729238930022	0.09427956720387161	0.7417967188173612	0.16634718766025308	-0.11415732405536293	0.25608232760689636	-2.4943956729012826	0.14893718558313698	0.1334486765289615	0.2932650428777599	-1.3950240291080718	0.7665370745183244	-1.4184580044487372	-0.8469153831021214	0.21303840018349354	-0.6151694109391875	0.9059666846671215	0.49510603957376365	-0.18865121044233757	0.039753954265466705	-0.3461221728088818	-0.22734723563240647	-0.269388574134456	0.5891944272221542	0.14261393556481985	-0.45667195981741354	0.2548646219722134	0.2622090372794269	0.8166043203076736	0.6388308926229236	-0.26562544406591143	0.7419913971726908	0.34239967670587057	1.0709711175200096	0.30078320736822806	0.21949997673434857	-0.1970558747014598	1.3816331445852987	-0.39924624005569226
DTXSID8022292	5.783987370375654	5.053630627453607	2.3014523806498195	1.4275234975337112	-1.4330398037005154	1.6898706632088878	-2.1921897881642813	1.1280113864376364	-0.939385050065315	-1.9192753564564675	-1.1054698562871523	0.14375068549501568	-0.6352767439598462	1.2779642700924967	-0.24464128849387484	0.08851614351985804	1.906422571766077	-0.07923338492638478	2.184566421830645	-1.2214435714999663	-1.082803457600057	-0.3427201339624842	0.8872352598255334	1.4874062423697758	-0.6452356678939714	0.3157423871587144	0.9022387055247436	-0.9191916896437694	0.19215614159987077	-0.24537386829225785	-1.7722951832920135	-0.5878852731691707	-1.0909669863833535	0.34383217381720055	1.6928115413966396	-0.8506843147191845	0.7055335896359501	-0.607971918219002	-0.9540521766940084	-1.2656318581457353	-0.22760108848417135	0.48971594704980975	0.5762103538483401	-0.11752787760410553	0.2116793895506036	-1.0972475081255293	-0.2671772233955331	-1.1888692057962889	-0.3887673250113058	-0.14656844098803343	0.22692518270352327	-0.6144283335533408	0.7607539917730002	-0.6485604993774132	-1.1482200970828302	0.6731877084264011	-0.13760469245982945	-0.26430048522165217	1.0319472545941841	0.7764919286301775	-1.3284794467955203	0.045708376877826876	0.18611348071436848	-1.0854347365848065	0.22661906718724661	0.9435966846973399	-0.5734012223961682	-0.5577629719332198	-0.5890248348944118	-0.2965569634993728	0.635692960793629	-0.7770094038059161	1.4082324325961182	0.23602904080606849	-0.7033375008123504	-0.4794989095691936	-1.3606928815838955	0.5341081851846797	-0.40825399956216896	0.6311494648632362	0.1998805042966683	0.6084613395685406	0.8509929375535941	0.2720297265411458	0.0990223202656263	0.35216170532385205	-0.860581184805108	-1.305648474171352	-0.1702519140778016	-0.18225079229408744	-0.26839190300724325	-0.6057575442683804	0.7040543192315628	-0.17379517258672217	-0.5810780518502252	-0.8771541289177988	0.7849245874805928	0.5075819751497416	0.08681903213200921	-0.3527191191600515
DTXSID1044805	4.138757572119618	-4.141414680174628	2.930343336251681	0.13639275759304628	-3.880739143332971	-1.0032677446456901	0.8760342747595683	1.3711351517377446	1.9656215494466265	-1.465611429537193	-1.1354282383635934	1.0004714790348572	-1.8803382777787445	1.791110496958467	2.9948062953947145	-1.9485349243996224	0.5776070974345204	-0.25275454303569284	4.553587084529305	0.6910683932976293	-0.22556271826424043	1.8821142539863782	-2.528097327527261	-0.8808909241959486	3.1113527945772352	2.4155160681083823	4.095230353398121	0.22938774122907904	1.3938916331173044	-1.4457524811938514	2.1140994816646552	3.505009019760255	-2.250774728832213	1.9589715137981443	-0.10365517426302977	-0.5089280291412364	-0.5079061095718358	1.7964418905902135	-1.2484631908193817	-2.3328109640501915	-0.35156625943815883	-1.2154425093575252	2.7959927552670205	0.5399930518207948	1.3777564212276638	0.9820690239535689	0.6454747595979397	1.065769947252845	0.07979452186916382	0.34440031878266963	-0.12255995582797592	1.5253968195106593	0.3562944157547436	0.1543222449862074	0.7662567074698134	-0.35566035480398045	0.3887402192491505	-0.7741456758034484	1.1828898180046863	0.7179720895371662	0.5866457654447995	-0.24668903767410352	-0.110837953920404	1.2103364207571568	1.3227850345223253	0.5272596387910378	0.5405007905448668	1.3331351290514868	-0.31312096162544634	-1.7462193856402155	-0.1174738185520975	1.5434696335803006	-1.5856801863716485	1.2406106254189335	-0.6367664870766224	-1.3123408664373837	1.721649743151627	-0.7170771934151338	1.0085484399424856	-0.3889207032800479	0.1308642557436378	-0.32282063758771296	-0.5577086464259713	-0.7561795056143388	-0.7209904714692394	0.441674993616599	0.15195839804837785	-0.46428287321251227	-0.03671126332512688	-0.1614511033438663	0.5257061605819179	-0.44946215102470005	0.67348079136303	1.0684789174672817	0.3862995644878087	0.4089331486611527	-0.017835126082588356	-0.3823685306050719	-0.5905630261573308	-0.2952029822380497
DTXSID8024602	6.70190746617556	4.510658093452274	-2.0965652434069675	3.4482902431724947	-3.6664740270711325	-0.34575648634473505	1.5990518202210013	-2.2552144055803542	-1.749581725736775	-3.923483505016413	-3.1426431802127635	-0.9721726646142551	-0.29437198244144575	2.9832954787688832	1.5367549532326301	-0.5860934258114392	-0.7658974298868468	-0.4894881437715445	2.0422379927573724	2.312953899191784	-1.6075326839581783	-1.0427044751899108	-3.5929598475437405	1.6651283826701035	1.0166747206057551	-2.7946502808738307	2.961031783959657	0.8802795683438758	0.08584453490110237	1.9220476532028496	1.4073405314028185	-2.41897578730538	4.027908184229197	2.638386767010224	1.7129703741513538	-2.392108117911015	2.5233328947720284	-0.5886013609794682	2.8490019175736085	-0.40284246606985713	-0.48316592766188826	0.18498964187068231	0.6172934712446332	0.6838517493232573	-1.4800218311700475	0.7107124272913484	-0.15678043140353404	-0.4641826284809365	0.782818941407277	0.24883783398810147	1.2143215901006883	0.2194857403540183	-0.35666753303954307	0.26063250637396607	2.1150425769912253	-0.5832556439118997	0.8702655978551435	-0.8500593133162098	2.785429751157699	-0.2448796925174991	-0.6499287788283709	2.1627179049798353	-0.5582735864457475	-4.7606891464138945	-0.07319963931032007	2.083664419265351	0.2593170374071292	1.0586519644010461	0.5755612049144828	2.9333302411568587	1.3941921851838024	-1.0867161733375734	-1.7389813552136915	-0.3349579991738188	1.5885228516809187	-0.8237942879721156	-1.27429289741319	0.37156587846509775	-0.8493139113892656	-0.06512123614091964	1.9234283861488959	0.45210279885093074	-0.20740833376960432	1.0403069105604843	-1.7362172650030885	0.10531458589670256	3.9453493006761424	2.6365060202642177	1.7864909847667223	-2.1202015781726664	-0.7368270035191687	-1.3468998684878353	0.11907395532318565	-0.6853734554388383	-1.2955638204855047	2.664236981666787	-2.1832487136786742	-0.28972247484804997	0.08368022036294231	0.08108834100747289
DTXSID0048181	-3.800926673021912	0.8375159568026791	0.655844422641697	0.482795830883341	-1.6419960443597137	-0.6062998700312254	-0.5515635475041989	-0.8391373569920098	1.468301514636578	3.0218855104663067	0.6264959888655542	-1.005451288754178	-0.7592923798332396	0.5580155097667264	-0.7183276217163876	-0.8950744206187229	-0.33344692895846656	-0.04080648685752725	0.14310359456474744	0.0744797257113912	-0.14158558827931983	0.18465792808623138	0.10834994147133943	-0.8520053239390508	0.396282079662936	-0.4008859521250193	-0.43522378331293726	-0.8445282987100144	-0.4057705100525103	0.275266704917596	-0.2786063295699713	0.4344666199531172	0.6463005203058493	0.0877544624057828	-0.6084195147815685	-0.14702654926486677	-0.09727872035841878	0.07669463779129594	-0.26920293359808445	-0.06285015013964788	0.16213188017513352	-0.0566897968480578	0.10901892355415618	-0.3189963390299503	-0.06807723571840853	0.016939673948006707	-0.20594454299372883	0.051832123440321315	-0.07599380860919339	-0.13565857161757558	-0.1398803653323936	-0.16282475513783498	0.059771526028905814	-0.014594644481467961	-0.05355020657099888	0.24354379877201573	0.24866118608066465	0.002819483865021775	-0.17959141968012865	-0.008078734148993759	0.12902501164976043	0.08289673927345315	0.09421476960185206	0.1942347211347591	0.2190961152035975	-0.11380507449121613	-0.17228480544342625	0.12666515878738546	0.36656014703274137	0.2911593936737933	0.10883880465492442	-0.29585736986840794	0.5087657952088017	-0.1560761735848584	-0.4993816922303793	0.031757457900821684	0.173100604067971	0.2625248083196278	0.09922566872379136	-0.32443824112151654	0.16349955156900856	-0.8948957155246601	0.31548197456935256	0.05598276437046557	0.2531649723113142	0.2817434914735009	-0.2906258819620445	-0.05114229610774066	-0.1454523778162353	-0.1746167176415576	-0.34391186663883067	-0.11421485758183443	0.30966254864888204	0.14824779382833853	-0.42017072834939995	-0.14573899800143977	0.06242416130707338	-0.18622309745012705	-0.00964790070982193	0.4628111741734934
DTXSID6048701	-2.9024837676767326	-1.3886812831047222	1.9731840108807408	-2.303398337665441	-1.3633894969160998	0.9440269631933653	1.322321797372787	2.2432897608360625	-0.6537408468137887	1.0375437952444653	-0.35556189747879	0.39379252041953133	0.37915593240958595	-0.005994025959000373	1.0684566925627312	0.7333568051828001	-1.523439444329439	0.42846576736420716	-0.42959272492586376	-0.5460210667845308	-0.6568929818026161	-0.10855205852174006	0.3107608917904952	-0.8776725423516051	1.0959631442776232	0.665472365157283	-0.15032587084702112	0.6782089444411258	0.2972235201403503	-0.693366140379186	-0.5227258623377078	0.16785383720321823	0.9668091891541047	-0.008375489396319243	0.39223490327085675	0.8835203991785512	0.521436369653536	-0.5410247288818855	-0.59271676210372	-0.029049168969748074	0.7830870042162174	-0.92237641975453	-0.32797407257995753	-0.2961187789353376	-0.4583245012585896	0.29223421798144544	-0.18455441435993317	0.1321853112302459	0.41316221764393984	-0.4753688786586081	-0.08420599682897432	-0.25675256488405945	0.32413712861990307	0.05909354048810978	0.4020266027347282	-0.09991338571269416	0.056952885381371464	0.6651216447949353	0.14076482055070486	-0.22325088628119746	-0.7033559489175626	0.22120065175706638	0.1897411519042619	0.6204526342905405	-0.8354220032769747	-0.03231073922091805	0.2466057325295052	0.5191226873251762	-0.41178527248539193	0.6944010009550042	0.2682352589830074	0.050897638053135595	0.04604453514632672	-1.2056167622945397	-0.20913125480090436	1.4456041444914167	0.06957694755530494	0.6170970371891344	1.7021503202647623	-1.1783533751430073	-0.17695252997985322	-1.0378709440262914	-0.027466292736138754	-0.2887493195968202	-0.4756397267021623	-0.39717262623406846	0.24236345981907853	0.4195146424415471	-0.7652359932513755	0.295674610558035	0.5148980211768622	0.3901612637082881	-0.36175905528849206	-0.05979562480674648	0.402236162101052	-0.6324042755623723	-0.023948018917265054	-0.2585289542217553	0.0781210004008266	0.39395284233838124
DTXSID5041641	-2.753720338047943	0.058557759621289375	-0.344274176389474	-0.03341458861842831	0.44002578008013093	1.0771237543882763	-0.4361923843467587	-1.7626776039745025	0.8281990167448596	0.19032257873074837	-0.538333531397994	0.5560495804051766	-0.3267327080126022	-0.3209403756731651	-0.09406245331707269	-0.2948897621165295	1.4533480351640407	1.0326970819048302	-0.2776927876632288	-0.8785867120400371	0.9574751200854027	-0.8696082808462574	0.13203168471977594	0.2735483499010105	1.3152661471473848	-0.30507063133545675	-0.9714677347445471	-0.584419738970944	-0.1905223246003838	-0.09055648787133506	0.7002637446598511	0.4489510695793127	0.766114660964168	0.3982125266217763	1.091659284372906	0.7625252963132078	-0.09589585433282657	0.54771996360404	-0.15796982070381363	0.51329685220273	-0.15061176273311178	-0.24821395468170374	-0.25766793371411206	-0.24129171986730422	-0.6234788714111317	0.2461348585222447	0.3186222146342029	-0.6312812665877884	-0.22012334308377723	-0.23963312521875835	-0.1643529078813153	-0.3796472124289335	-0.11388879776169165	-0.4825724942076052	-0.182649707060164	0.33691061212681545	-0.6296063777339168	-0.06151265353842194	-0.560959137231053	-0.6934255347847347	0.38451544288816747	0.4619420735648194	0.4921587928256331	0.30220342999912964	0.06092649807798034	-0.5366413441482041	-0.2574181131149814	1.0666757235874478	-0.7249406040062526	-0.8284048849349763	0.4346449399108288	0.25080012642045063	-0.9358389694058172	-0.027268732259209817	0.8276632552973406	-1.1442721674307827	0.4762906302507513	0.4947365223191002	0.6301028856426881	0.6130217258211939	-1.0304502225452858	0.7094633987979204	-0.43276119704780347	-0.3285318172319245	0.42278355416451235	-0.49105005885024405	0.176759622052467	0.6061312876855045	0.9703190699675309	1.0267379272958808	0.06004379075746015	-0.7682073366732333	0.4845164978657544	-0.4843634571402897	-0.23425534513860133	0.4815404618002251	0.058765721351238594	0.5748094684225332	-0.33530484315672376	-0.4849385409653967
DTXSID3047186	-1.475201922944305	0.6763994928907469	-0.2159859653113478	1.153030115978167	-0.5689435377033132	-0.36383166413127543	-3.1521265684413144	-2.518289791865069	-1.2834240942217947	-2.1949634734990657	-3.9763634731218347	-0.40931423567586794	3.4978786004366222	1.5216111106633978	0.11032293819907324	-0.849812482770358	-0.5333201836751008	-0.04359346698370852	-0.06258162790349094	-0.036935789419990143	0.7414684833620633	0.5661944458399556	0.9180293206274129	0.165465908759299	0.31046782592761396	0.3497993599470703	-0.08080092545577935	0.34358046352201227	-0.3186253912811231	-0.16458565897864103	-0.9538443997424653	-0.5859314367468976	-0.5406043590215299	-0.32358065672021563	-0.30710670543035007	0.3520317210243949	-1.1725032548896583	0.14369991658595646	-0.43379157118302114	-0.1423395842693951	-0.10881325225514113	0.31445843852335376	-0.26901013904556925	-0.021736523709227816	0.14018152915016657	-0.5634922681981933	0.3288486709185635	-0.4994917808146354	-0.16900820715144976	0.13879210370649844	0.011363410837362658	-0.2685422120891307	0.5629775310898386	-0.117648213395866	-0.7093772562215853	0.37068283168240257	0.029383783866472002	0.19737049476467797	-0.04372483251007881	0.19482395093669397	-0.2325066606578756	-0.20368906897019626	0.7367034203726804	0.42049692471920025	0.13082086230951973	-0.7875851091583042	0.09212425500704942	-0.833690077060371	0.31888360303988306	0.10728925788146718	-0.557770244719365	0.2743328103012313	0.5199681856256406	-0.5269076355737828	-1.1531492480649916	0.16747764785349728	0.20164332812367558	0.38609384034836564	0.25581456180487017	-0.18025123850319663	0.030912840738173165	0.07880676940964458	-0.1613881985076932	0.18974564510153882	-0.1189818394443282	-0.013991576919903697	-0.8154499895646087	-0.8590625486531699	0.04338182849886344	0.10331979959388123	-0.024369902128050028	0.6488969846234509	0.284319154183837	0.9581378453856328	0.3237204615665051	0.07172038728320634	0.1079819283993467	0.12783546035782026	0.12807999637480347	-0.223738547221465
DTXSID3057779	-0.1495391172806827	-0.6058919094884581	0.25634008878644404	1.1419455414410224	-3.0913931430126382	-1.284828823971138	-0.4891922931915489	0.3976410467063811	0.9214053311613962	-2.6136519115914063	-1.2777375941526588	0.6205071464583899	-1.1514520389838143	2.9132384066355583	1.9180361290063124	-1.1225969780356804	1.124788855555293	0.20353408349803515	2.8174960921304817	-0.4460774061045259	-0.06097712751652088	0.014812230109051534	-0.730410297605881	0.764363558960754	0.8973409022002603	1.003787487098835	3.4490363571207086	0.08534342825219504	0.4998232745876302	0.09410027558679686	1.4002827198056638	1.249825773822425	0.021600083765650147	1.3970540761868135	-0.05661176243513508	-0.7918109024445277	0.12129200439590175	0.23153539386261626	-0.10860722312990298	-1.3190927612089018	-0.3450877009186795	0.1146743070598207	1.2021498740639278	0.7130853177468705	-0.2876772525721511	0.3649920683019563	0.3801644940976566	0.044011484326263964	-0.3534320887502076	-0.20005359571387293	0.09056765042687526	0.8659469725380159	-0.011160164981987556	0.2907529408492447	0.8884912004866334	-0.8056236320185416	0.7680971953270734	-0.2880364019328453	0.5332540426375898	0.14958118986052987	0.6283572654447751	0.49787289807324125	-0.7579307091690325	-0.25046763732987143	0.6261468047989204	0.7154855031567935	0.625994662244048	0.47356911421027814	0.004887969325755937	-1.168859086777022	-0.1651181412579499	0.20412845373449803	-0.7500830961908109	0.4479300592701482	-0.5609954300908765	-0.5392942720770184	0.554563602508296	-0.15743892936596765	0.4076548697083189	-0.4823539565280197	0.11872765234239507	-0.1221829469599394	-0.2381697083058423	-0.10885588215326221	-0.11985020024943112	-0.16044273274688356	0.08686324273746025	0.5997393861283449	-0.3592552613197921	0.2523829824394614	0.23156653135120572	-0.08525225557441928	0.5606574222329788	0.6333843582973432	0.19900446112150297	0.3285785062538637	0.6289591691547537	-0.025098446565216925	0.0884794817868147	0.3080845098987392
DTXSID5020782	2.212901901466587	4.946793264302061	-2.198328373945827	1.5318446522661533	0.11595384590113046	1.1278017887104494	0.9341848122180662	1.7782261879018557	-2.5430951600415708	-2.3903303659596027	3.614134240390295	-0.6227266980804891	1.4487386219657241	0.012663397994086879	0.4778816736403067	-1.3094826358822957	0.7690941409459455	0.6544433291929816	-0.5147593880111399	0.25174204824471896	0.30914813351358267	-0.5429770438063686	-0.26649505885086106	1.0028072328437556	-0.503613460874761	-0.3991505228130679	-0.4229872850663859	-0.13304777317293323	0.7464848323772467	-0.4035655234965421	0.694638644916703	-0.43770849532362194	-1.3889746740657105	-1.569847838859964	-0.9288445606506737	1.4570765594625688	-0.22667143924665506	1.0259888677258715	-0.7263890921198665	-0.1368117096765908	-0.6526440430814422	0.29112266516614815	0.3084416220224966	-0.7378352730812426	-0.06202921749423234	-0.0291039327441276	-0.5549593209360052	0.542217241412023	-0.06568199412852568	0.12214936972341996	0.18451537010994373	1.1186244488133963	-0.1595461267779937	0.36783951952930555	-0.4197157757661473	0.20518732627236425	-0.5150015533548795	1.2854627055701942	0.2579522477990204	0.44311071839961064	0.8033714813256161	0.9089301490411252	0.08371413426248227	-0.6930774393128962	0.16148806448221367	-0.029452287860499676	0.10924701290177005	-1.4429559587319833	-0.04018421619610633	1.0086205908402495	-0.39729865559450717	0.2253019529033398	0.5009148746050581	-0.7257142817173348	0.9865381573748109	-0.5175591202415257	0.4468079741212791	0.3229571499518502	1.0956460841029259	0.28666344876837174	-0.016231639853886228	-0.08484534843212652	-0.30838018616888024	-0.8837775214189071	-0.4437198334526675	-0.49983485664569666	-0.21320092017502096	1.0034245331889389	1.246987165371568	0.47120100485371896	0.369050711319631	0.7212640663576247	0.4870841513627464	-0.1786852148358728	0.6154889587697329	-0.6600783794650236	0.6714176272754891	-0.2951901851693758	-0.5824959224526991	0.12620287334608665
DTXSID3052511	0.3559933982188228	7.60872310584576	1.4137666179836004	0.16076513781489868	-3.5018861056740453	0.7937040202826524	-2.40252316905822	0.4477847953706354	2.783214291948249	-0.5085544664163039	2.383182175362533	-0.5718497213811204	-1.1374502008060219	-1.9331229777569394	-1.2596132353017973	1.4561418296294069	-0.016684373798723638	-0.1810545660546928	-0.45653584638078554	-0.4517738994478704	-0.644378399827196	0.03742325593983133	-0.2634015657922329	-0.42065546022517264	-0.21011381031437326	0.8301358751079798	0.062239503128417376	0.04997843478112541	0.15811780300477854	-0.7822355113162529	-1.4531768617814838	0.4861796626664995	-0.9393721268849137	0.43714263652694085	0.8112909593536023	-0.2975538090982862	0.034154323744266524	-0.5079608396251043	-0.4611241722299376	0.09740386560892351	0.0641117068053864	-0.07653161323430628	0.49681093924464137	0.412054580458989	-0.4767090307481839	-0.21004988227743293	-0.29463919790249266	-0.5809062571561248	-0.29974441349158404	0.011912007981273828	-0.03450601129257071	-0.09093657928150913	0.27058041009426814	-0.3184158406482755	-0.2791741873994867	-0.0854692965893359	-0.07561759869231523	0.17230536641195277	-0.1423473768909795	-0.6544574583934725	-0.21900561087125084	0.5070679439825043	-0.20385223177966072	1.0336924571480763	0.20487113074317523	0.5443697437965808	0.267048510970561	0.08685879348163836	0.5133707026171611	-1.10085574035072	0.06442158018637105	-0.78300970162683	0.7493560874153037	0.2611424451605511	-0.5785881381702179	0.6217585494503317	0.5065149748375047	-0.06166598360511749	0.008718097614419598	-0.1377814967941856	0.8698149544231641	-0.7524726466954361	0.3998444315533825	0.24814138506260483	0.5855831439932718	-0.3312519904548914	-0.31642939161646705	1.210756594197821	-0.403246387977098	0.11112980296659451	-1.6254976077741954	0.04105825540994997	0.21812515320906808	-0.5743806072558169	-0.14490896955740354	-0.25606824748568285	0.1440490176417207	-0.05777003755461183	0.09061474799435368	0.14550823110640987
DTXSID3046902	6.5108152358291544	0.52462238668131	-2.8905633677472196	-2.012408784529371	3.060968978132554	-0.6996053446583282	-3.153216928989199	0.39883697522198847	-3.6229566269055904	-1.6120930162860996	-0.24447372918884033	-3.581524395808865	-1.7075585356085172	-0.36612193815999006	3.964809676548837	-0.4654534446186027	2.152874966852704	1.0405571659048058	3.375184786874027	-2.5833441829601957	0.464862384537616	-1.5412897169902589	0.33520138076128214	-1.6185121951298842	-0.40871521900249097	-0.4082519832541281	1.1805332865650136	-1.7579212943917741	-0.3599975817651339	2.7208516698104277	1.685685091259435	-6.254954494757015	-0.2189892361629558	3.940579162720698	-1.6807011779632697	-2.3494466500927627	-0.7248898190799706	0.5789086412087006	-0.5318280937462807	-2.7682901285039363	-1.5291985499090013	2.1549916241493823	-3.412979967005301	0.19008270098416746	3.231004245462836	-1.2182335363972476	3.671557008337127	0.11512116724866732	-4.665980024821204	-2.6480585149487257	-0.7763165676315271	-1.4406074402398745	-3.2338961299587416	-0.3547023775616784	-2.3793780140939824	-1.4613256963611405	-2.572757660153566	1.689266635674379	-2.3806046885355623	-4.87023619982065	1.1514982718325861	-0.12743881127699103	0.8145496994472229	-1.4400022553824134	-2.5154774154740847	1.1395104071342692	5.883481997464862	-1.0955105433257064	-0.7504431791860745	0.7644904336851748	-0.21072522629380208	1.3667633033499047	-2.0103548599030647	0.7158866357277702	-0.1893411874363752	0.3218981162248924	-1.229376798693215	0.1676648147095793	-0.28514754208688364	-1.3055404614305792	0.3861780632324263	-0.3851853998763917	-1.0664375928554957	0.3898201542847517	0.4665015474147787	-0.571123813002034	-0.9306915094161192	2.191934840917006	-0.055733164244079765	1.0227889114023647	0.2548449642066323	0.5576624975541057	0.2923160382550978	0.7780559913601345	-0.7632595369729409	-0.291641756080137	-0.42335598171606265	-0.5119921477972169	-0.5370782723402842	-1.0007500017861284
DTXSID6046393	-1.475752923710095	-3.9616686889314554	-2.4894322010703096	-0.21837531291554232	2.2491251600105615	-1.0916106176959544	-0.5202436211755581	0.760825577585656	0.01071710030313455	2.3156751018230906	-1.0501732750741752	-1.0868672259201433	0.5222302047162655	-0.42737382082797604	-1.0910000912321536	-0.39438979535132324	0.5104085661887963	0.2836543661937899	-0.1636446256572016	-0.3881161478945081	0.567531083956548	0.06447287583448945	0.48996892722026375	-0.2877527216554515	-0.2304092730795463	-0.0684295251546838	-0.4240854757987892	-0.40998356416651344	-0.375466137842794	-0.21235327301848192	-0.3581160937404206	-0.0014970397682416594	-0.1133187671291591	0.5124916033461345	0.3038321133758331	-0.6820376169830723	0.17965461503433364	-0.03758533289417352	0.12020750092950289	-0.2634535926571522	0.33742455623202605	0.3529502502673085	-0.16305254694292	0.12182605053567963	-0.11949970839971329	0.17599105634452586	-0.4697839684580122	-0.3622765010750467	0.07985533987734407	0.21858279341436634	0.21712184868335777	-0.06438789044529171	-0.12901286474391105	0.2265802614637546	-0.3868654201180981	0.2611184443988512	0.5194433075937867	0.24214572824887848	-0.0785535469623722	0.07006076258869441	0.11546702481400054	0.6989656084896454	0.08326547178291994	-0.24423177993731693	-0.2289866415520688	0.3944398329031691	-0.40470971038749765	0.11728368759091198	0.03956991831878656	-0.15280275780854363	0.16005073635999412	0.37680060042073704	-0.19245144244251214	0.5324486899660211	-0.4736341112517042	-0.8028468925524369	-1.2820096975181812	0.01826140485800661	0.5484284354739284	-0.9202768348293904	-0.25276998793740607	-0.29465147227688	0.775402125404332	0.7127558971211205	-0.4224255412867977	0.01395554008115615	-0.598861438061981	0.11970916590127341	0.29182203513104327	0.35283219160406465	0.7233441056655656	-0.2523485291452565	1.2633057230924132	-0.3223928106447048	1.4058802773610544	0.2246302860736724	-0.6803765698280841	-0.2076331953622442	0.8207779833862019	-0.6885209735425757
DTXSID7044841	12.756213007426487	3.413629851079277	-0.7661526187994663	-1.659982240522905	-1.9779946125329966	-4.1674821263834545	-3.99619435144315	-0.41474808056635937	-0.18715382421990462	-2.591343988601245	-1.0040342235521749	0.13646040649107602	-1.1844848446573675	2.6473265238439456	-1.1026960003696142	1.1630202997993382	0.8168739357693824	0.22368415892382038	0.733808095632319	-2.1540163035270425	-0.9323315146092255	-1.017047144887148	0.32495028452737645	-0.31904858190724955	-0.3035192638167539	-0.4090792331806737	-0.23598835049325723	-0.9131973376859641	0.05492865718242891	-0.9031521153625792	-1.7394528570056778	0.21423131027748746	0.31027124665609523	0.4305096363655756	0.8942757901778201	-1.5436490401106757	1.1167165131430614	-0.5197771328758429	-1.1567312426996539	-2.6186116628707343	1.0359389518235147	-0.09621078884748903	0.8364201783830992	-0.3914727061410503	-0.3128338518739255	0.05503955833271291	-0.7520230181578862	0.2966673756773871	-0.2931851153637976	-0.18653222022861002	-0.19559100249513917	-0.33884443004041315	0.6315939836178514	-0.4154313475293838	-0.21947540151034628	0.5289424316601226	0.5103057427956644	0.04999824685680556	0.48867386128838486	0.7469246912634875	-1.5346485480926864	0.6270735045917291	-0.13027827365263508	-0.26300881941785165	-0.2928835798372681	-0.23132092788707348	-0.13254102234056517	0.43910312861069295	-0.9200139198216956	-0.16031984710914463	1.2324466515922128	-1.2175508205747083	1.5813955651079956	0.3354386240278682	-2.231705691513386	0.8134898267534915	-2.258481023212965	0.22036900418328634	0.24021237372489457	0.2513513375543095	0.16148785466149915	1.2124283329280292	2.422545449378662	-0.03518446923504945	0.18579192990577711	-0.4870419113420183	-0.2369656227518137	-1.9945587408952121	-1.4676639139119287	0.3621962604005594	-0.5227376381594241	-0.11904264229381055	-0.24476175400223787	0.3279438718835689	-0.6172489572995796	-0.7701110339834818	1.1715315083714883	0.442784871030283	1.2810124878529148	0.4960369915301397
DTXSID9046994	-1.9045774187276092	-2.9929845806567763	-0.6000628929697363	-1.3951498075839242	0.7281722087216544	-0.6434909103785792	-0.904857073978322	1.290404291967547	-1.584866991122412	-0.16333868893270742	-0.8784137598281992	0.8999055713736792	-0.04204987992080276	1.472357085130019	-0.6527466670766889	2.350016906256605	1.207051145874697	-1.6195340310675965	1.0210370532580848	0.5832842591811546	0.7492244618272179	-0.3504579351587861	0.3832089937162758	-0.3551205446664905	0.593901296167891	-0.017581134308940618	-0.35646753432735634	0.8886686852795261	0.019847292277307693	-0.4922694702909214	-0.7980444568730352	0.3734920692733239	0.9548491183018424	0.26077533312054757	0.2379440360409663	0.5047500240054784	0.36474105116979966	0.4382144941401337	-0.2807966170189636	0.3017114299888099	0.2247750397302145	-0.4610546632521285	-0.09536844846700257	0.2696623423774791	-0.5407332314148119	-0.13537641532469732	0.2036362373294828	-0.2826029134602943	0.24753522566840588	-0.10778732515688558	0.03676353847379446	0.15851003668578342	0.1253690808857525	-0.20141402335049166	-0.09022434690125732	0.31211111343363124	-0.2966894624762294	0.2861449701221867	0.35524448309930484	-0.37386016497634467	-0.11557425742635861	0.23168707313833764	0.6277374032614846	0.6312711472830782	-0.5439224681189467	-0.6554682284845319	0.22817126775849642	-0.21378498113995326	0.29418175792750206	0.4442703540390526	-0.02915656198871508	0.3303601105680731	-0.3854636540451201	-0.6530680061815695	-1.1337495196411962	0.18394993645847352	-0.2775167553281029	0.8175425529022695	0.448791727387557	-0.6614955385497823	0.353225832249172	-0.4254233296974777	-0.40736871947362646	0.37792207759448593	-0.23829381943149838	-0.0445576956651162	0.2892276041026533	-0.05649281468213604	-0.09503980387567772	0.17937441830839182	0.6837621576119879	-0.7505082715642024	-0.5659874070197585	-0.6872149919466218	0.28690405825205795	0.020826704474140142	0.9239316604184304	-0.36680657108002357	0.16785721918152577	-0.6286088088669756
DTXSID0024503	-1.5207614148244777	3.124220140528477	-2.981812887536552	1.8661021225095704	-1.8386238527267016	0.8074727566955714	2.205566094162474	0.8601527806482845	-1.3555830613373632	2.18149223502147	0.5830441494653241	-1.2798265608360972	-0.8861689955903815	0.8706849821994768	-1.0962859538413405	-1.7512308541337034	-0.5151883008867412	-1.099322364740441	-0.2646561061794516	0.7172372580441809	-1.9647557801515356	-0.368206680593376	1.1175976686782232	-0.2001240438057431	-0.2036057890542379	3.142766155325616	0.19551461780559587	3.8682285831169545	-0.2945957705458527	0.2723508113423632	-1.5269238801640141	-2.724272957119642	1.169803312681197	0.7828795002360149	-0.3473004374152677	0.9357701307439056	1.9748000585870102	2.490517649589928	-0.7342718244305686	-0.13887137498780533	-0.9442802637193418	-0.5232305832515656	-0.9394216244682732	-1.4889810777734656	0.336953194879176	-0.578482598185002	-0.07888096492206648	-1.2307166446597078	0.17091778630733787	-0.12749036194934082	0.45516842508670874	0.3524744493772546	0.10080364830915756	-0.5710845614321562	1.9363288591969792	-0.33757789437087843	2.420353403595853	2.8140892938645248	1.6677312526017474	-0.6838187343362206	-0.8384166603329322	0.26400233472719875	0.5903515130631656	1.8929671880579528	0.05640626945907186	-0.33366066071270495	-0.560410272167244	1.0807643320070734	-0.3080096369594737	-0.6282214020548447	0.6503557939514915	-0.9205461946143199	0.4521857305031688	1.360905293297564	0.4801860772082453	1.2683945956306288	0.6503824744198936	0.20015019303336734	-0.05133416574507154	0.3128089266537154	0.8583647778177418	-0.4733244910835272	0.5686904410175135	0.9032076934987068	-0.8235798258205516	0.17751745787811002	0.19041934218193893	-0.056263605663658574	-1.3339977508544536	-0.4317930808957553	0.9795715034166019	-0.13426894169695222	0.13335144619535613	0.025887839164409312	-0.0979988575324355	0.20348357516343912	0.016859739854782594	1.0928845951709352	-0.8478057521065686	-0.5027658986139641
DTXSID5020441	-1.5208187820731152	0.2860106319467209	-1.1888856292842716	-0.20222456084225915	-0.38572895637615684	1.7208162710276775	-1.6705692308037892	2.1226765437346606	-2.7735697339623546	-1.3293348932283249	1.9789123974340717	-0.6567732903658994	2.1619459089167328	0.6087430182419485	1.0574797858796334	-1.84537874955495	1.6689702780041837	0.5647239340472441	0.2889449709064354	-0.37485070971320983	0.7417005700123315	-0.6989084087806975	0.4594841570523164	1.2544134082668492	-0.2535501895665839	-0.16245713615585738	0.9867410100797392	-1.296885358439233	-0.0809557477040566	0.29469543148565985	0.38985672011365263	0.06645811394512062	0.4741811715146032	0.08717304213420451	-0.1459988209205433	-0.8499920336402428	0.4364502336826984	0.14675044388483643	0.2636696915472503	-0.49295543645078593	-0.3227871972225706	0.2601110036840281	-0.8127404891298258	-0.3949603952040799	-0.22023159630508266	0.2467328609370245	0.43783915932941025	-0.33461328231391924	-0.12504665376004934	-0.13252864575193374	0.02773470574093026	-0.00628104418566782	0.03281025164128773	-0.21291126802480956	0.17812802825693802	-0.33935467052312623	0.6632424845018074	-0.7915117322160117	-0.3429270124011387	0.49970672775168606	-0.11429302244544466	-0.5857536435001838	0.07094624611308653	-0.5696836554954957	-0.01842133044395026	0.11139728423607341	-0.916224257493767	0.3342401640459451	-0.3682766937033949	0.2137147575255022	0.8090561482247177	-0.20118470044025646	0.6689419161139397	-0.35482411184279183	-0.3141898707628674	0.6876185169742215	0.11456679453906422	0.24714112158464893	0.05020280657071246	0.36963883921940366	0.35006404381302775	0.49439728282827805	0.3099409046766423	0.126728774223029	-0.27995179516455687	0.2558194652912558	0.3318544360200423	-0.33071735902899646	0.18489307986241033	-0.04200592078786286	0.4195131325332613	-0.4880843455315362	-0.592991677160924	0.6323445824054342	-0.020508253960884633	0.382121710609132	-0.513700687681702	-0.09928456950144195	0.1459729640566669	-0.13335856690651446
DTXSID6032514	-4.116409196139774	0.0155304256091907	0.2819890217985064	0.8146042330124056	1.6959622797134277	-0.12305099867268765	-2.965206334262894	0.04928310652386128	0.2877484132683823	-2.0097526249672906	0.24790958246535244	0.052433298226725156	-0.2086499951951822	0.5539352938891361	-2.2808206944660387	0.8965680674915663	-0.6716966434240061	-0.43668841997921753	-1.1114411322023152	0.523666440337024	0.5623298547756984	-0.16982882048049827	1.4131648817075975	-0.5718294814044492	0.2807142968558146	-0.17476069186430865	-0.30481064567653815	0.12734328565575354	-0.015157329284590728	-0.7338156576245967	0.7327956358741242	0.5892612539915683	0.12427577763617292	0.25955510185248215	-0.6975267637825273	-0.9335389502585323	3.3709157025128427	-1.9325057772421557	0.8547365906322723	0.5346094502344217	-3.1143640821933465	0.5317796616121854	0.7618308189913494	3.3189425629386893	4.498952432274864	0.4263647469880978	-3.7812405360915915	3.4816735229829097	2.152356620225571	-1.7475097909509416	-0.6350287468079705	2.771707177452293	-3.430650814354893	0.007825114762494412	0.22080107485434794	-0.8770806173341023	-4.511958243060224	2.5932402578427376	-0.48221353904598635	-1.4133112761420303	-1.541069195880023	-1.0078384658250514	1.337301587552212	-0.21585667729203656	2.2056718776597903	-0.4222487553153453	-2.993707110394744	2.344919112202023	-0.43240769719330024	-0.279423586465347	-0.7694924356209719	0.5793758322563441	-0.09010523516357408	-0.4838818516736217	0.927320218738455	2.0476838046663235	0.9690353125483928	0.5975804959356364	0.013479631383594924	0.33884256812208197	0.7936458025503639	-0.2718805725872371	-0.3667208820574654	0.5929568459877665	0.3487223237169647	0.4181562557869292	-0.0687545416195636	0.8254718676883293	0.6507798798431498	-0.19455300359358144	0.479614787318393	-0.0023649433518897344	0.23844719743374657	-0.028768512612205855	0.267033914239398	0.549846201143655	-0.5992472113838353	0.0031648785056765092	0.036349245971875464	-0.07290605610476579
DTXSID6047072	-3.6387129870603543	-2.845061051591177	2.7754290982391594	0.7537509791719597	-0.8636214003598489	0.26545170940687113	0.17783458729759039	-1.1449277201587669	0.5153143895580772	0.6588640602209913	-0.21898194702827237	-0.2589552148110353	0.3824542532247504	-0.34936396110240314	0.4803260775080896	-0.15617864685858512	0.8478332501803647	0.4482334139714891	0.06027105963984126	-1.1671497792500027	0.0042272185375661665	-0.5699531858935245	0.9275941665310106	0.025402358460213804	-0.5594749657348869	-0.1348825314475596	-0.0409853676243849	-0.27079052271441156	0.19735040808149054	-0.424297093573518	0.11355109298032888	0.3397435457839655	0.2674648890276338	-0.27199113368408373	-0.648394955741501	-0.0805333984368463	0.15581742115531907	0.22281891146729954	-0.5342426276169153	-0.5409420814943882	0.21754105754633052	0.1867659117479112	-0.24262167113093747	0.012013402239283093	-0.0356415625864531	0.012349586968678635	-0.1464928228126336	-0.3916859482769814	-0.0013663829983898148	-0.0899181418787096	0.0031806427755413035	-0.2350537806660627	-0.022695894354454405	0.010312768381796948	-0.26597840757890845	0.0704510537827615	0.3676885948954358	0.1439224567624001	-0.1130148434719022	0.4622419357710253	-0.20466529604010783	0.12723996306865498	0.2678106023442827	-0.4093543446131198	-0.6256699906939318	0.07960065286633887	0.07747627897511596	-0.22135431037145947	0.21413033453495253	0.17456209348786944	-0.09837664672762636	-0.31408751149832037	0.4390414388286707	0.0032021283212769827	0.20119534004886555	-0.3752745974123511	-0.13168372494546338	-0.09175281981656472	-0.2263055427882609	-0.12578943745831034	-0.09553669867688036	-0.14520895936017222	-0.3168348952238885	-0.10968191464707745	0.1534492437934444	0.11147849534730543	0.33065119576787716	-0.0186912858632817	-0.19771914032692436	-0.17095453321402268	-0.1881468589389332	0.35349875586828644	-0.16332116416194759	-0.16338276542992713	-0.036405989762587916	-0.08665955682963103	-0.18215157021608766	-0.03783716153429865	-0.327239824276178	0.01099828955443601
DTXSID0022191	-1.8567639441238568	-3.1782543820434888	1.033539378594318	0.5250059805747057	0.12662929996521027	-0.8902824412008545	0.004187978447917191	0.2956529152470193	0.08504058998701004	-2.192528176569628	-1.047932292475853	0.1278154255190106	-1.1253101268203745	1.9018935435048863	0.7378175558928235	-1.1230795732960142	1.0755410172097846	-0.5217761054192339	0.9311983655138525	-0.7162539304745795	0.4608651853070378	-0.12500931060492426	1.720061460371609	-0.013249086616744973	0.6237441428180789	0.18436332374540174	0.15717821796927736	-0.10920094287383088	0.050050105208090015	-0.40924224135400095	0.07145806660215888	0.3161113088315356	0.10106156581770359	-0.5797451388264069	-0.6646689577757703	-0.390082112846067	0.20395792386265083	0.36481839114757986	-0.1340543983967674	-0.0416734942537639	0.12154936700814746	-0.06983292485214708	-0.19067092062853197	0.036946034085993194	-0.32916392205994405	0.0692631292523729	0.30962018874154257	0.21501757602038363	-0.03705066577601201	0.2757932832800919	0.011788846810665046	0.15731553432764553	0.2553491296495771	-0.15708568888150878	0.12437974394320803	-0.3714715797652598	0.14259922164406347	-0.05345976972162931	-0.1306956394599701	0.00835937284586804	0.4149992237880189	0.10540165841904331	0.1385788666266536	-0.16013996801438826	-0.16674590387270002	-0.7766865362876666	0.4941733386641026	-0.5819500170150402	-0.2668444241472748	0.5314160125341696	0.19412228755413088	0.004321588311183802	0.17228613114969957	-0.32080964372094267	-0.7551865387444653	0.14340586206213993	-0.33263178413168476	-0.1501152598511472	0.16830388028264132	-0.1643537312600401	-0.4411777596315271	-0.12293936372141721	0.5035137814031556	-0.20494539149299046	-0.3192496174921718	-0.162230385169991	0.23847662428914068	0.004700343341736458	0.17479747804052903	-0.0015728381027988918	-0.21862562290606302	0.1440703261675889	-0.5522316226375075	-0.09970700908210725	-0.34257872836881914	0.12766622041136133	-0.35558345813271414	-0.028644155017548953	0.44914038248165394	0.14903501634357935
DTXSID9045768	4.002200618736446	-1.9656972038798368	4.144442119411319	-4.96296901204352	-2.6398530765182304	-5.008054915001974	0.46874819865133804	-0.9728792208857435	0.5621043806510599	3.221589001215556	1.0615934865937142	0.7291564274825684	2.691721362959309	-1.8963380903334803	-3.9713914114890705	-1.3743210875391725	0.08215457736146639	-0.8419106930830904	-0.22741377072565075	0.2901328933101702	-0.423036375134982	0.47159389703526783	-0.0034105544118134697	0.39848058879383363	-2.764414283769038	0.8991042210414786	0.949172326077524	0.17855611953232098	0.513770494538269	0.4345229986762173	0.8588065419673189	-1.3514241223439942	-0.9172619511944294	-0.36183937556487505	0.4229676621124995	0.55175395892579	-0.6613857490411787	1.0091207945672327	0.2836245194124265	0.5542409314199627	0.2785730643599068	0.34476204408463895	0.20194124276015604	0.17358038857734498	-0.054273105120075174	-0.0910282051858279	0.20041746746470768	-0.6107804466937985	-0.03894348648416909	-0.45211596114413594	0.17382816184970895	0.07686386065757714	-0.19740635150520533	0.15602695732780122	-0.5790993552291339	0.12851024959013518	0.1823269235944104	0.10713792045452981	-0.03489780390677493	-0.37242638662301236	0.4506159562666758	-0.38277774856126273	-0.5297847016602573	-0.46197008696910075	0.31463097672946977	1.0167091164957793	-0.13902070776588052	0.9399212192209488	0.14352210789731884	-0.380728760690172	0.2891231177180911	-0.23724432983000435	0.11521975253569965	-0.0471231960740714	0.5238720602931017	-0.2456712085757693	0.511782516634705	0.08079979966712056	0.06547998452806847	-0.07214141868582123	-0.11136514583034997	0.4156851223531684	-0.36093337473347287	0.431801157294913	-0.03955007266413713	0.275580963041359	0.01971422581446035	-0.36921713780752896	0.3635417825108197	-0.7657800706000972	0.05073071037936377	0.3212896599645198	0.7821112058032399	0.22333703269183053	0.466922674864114	0.1357891089451706	-0.7899822221667085	0.08125413300230494	0.001203389548330731	-0.5604574839066533
DTXSID4037584	-2.3785429558837343	1.8387506807439749	-1.92445415904188	-2.792117496661866	-3.540972405422743	4.893560652108311	-0.391249810941202	6.142522799733361	-2.484132525768675	3.031801671197372	0.4033860025482089	0.4809570347071425	0.17674939150100688	-0.4397738813499281	-2.737989921644989	-2.1485807277496827	-0.8707228041344394	-1.620552142536282	0.42286564895671186	0.8618033396108776	0.7092432478670986	0.3075729005704993	-0.9544427674061154	-0.11802101005256788	-1.4751115622347861	-1.137253527380652	-0.6298928108998656	-2.0579383395710305	-0.05204006893451546	-0.2771076600030238	-0.09541484149125494	1.1847871890326243	0.13835140196995163	-0.49579600855125827	-0.006454460570390057	0.40688977716735325	-0.7499443032122406	0.6329827637646892	0.588846317014223	-0.04632189157898109	-1.5092169047466784	-0.23716599965879195	0.5747254230969404	-0.6998159061804128	0.919270845465222	-0.17163255665170593	-0.8143163669798761	-0.061248053697647256	-0.24435482623234223	0.27769505804182293	-0.12892491791544286	0.07341829747579898	-0.19338112689493248	-0.24332197046411885	-0.41119310380132174	0.6384452328688642	0.3764203989878838	-0.8831942573690309	0.3868802371323449	0.85201863332598	0.6053769568973639	-0.5336593499841914	0.34400220925720315	-0.12595914759702886	0.5512574554070299	0.23805562200103278	0.11484444206878967	0.2115601510281786	2.223036845771449	0.1571971418568809	0.3856133905449578	0.5205862291494743	0.07775366195961	0.5109972416115743	0.16414688179192477	-0.8760320201034921	1.5993867184197472	-0.44405640579652916	-0.30604392729117946	0.6051425334872856	-0.1834081894989849	0.6800586767692106	0.7053920516490352	0.8043307930874628	-0.0732343255639356	0.6237191919642915	-0.17159728257140933	-0.618166220742279	-0.15836852702798748	-0.754204451154063	-0.5541845945903479	-0.05124517456804101	0.20647596687237715	-0.32248679595308305	-0.7646778684211485	-1.027094337369326	-0.05465913552937894	0.0609366751621585	-0.09226992395974812	-0.4264396458910644
DTXSID5046435	7.621419820591106	-3.090336766475635	-2.998911593037356	3.020487992331124	3.467480993998952	-1.1619383626478712	3.8301254598797576	2.2731996918052264	-2.0406427826822107	-3.1430509900994843	2.052335075745276	-1.299766523255292	1.175820647095882	-0.799565519637706	4.193760231803163	-3.2665843167121436	2.0128934151916478	-1.6161025176020842	-1.333026207641179	0.6126117240117149	-2.6564596657731476	1.1068980129152874	2.9041568517540304	-2.9758694088337783	1.0085871855345216	7.958256162168286	-1.6696755175022682	0.5426464029886221	-6.477514036331824	4.626681938196235	0.5122967190948545	-3.712174554730597	-1.3904943168446426	1.428084266791039	-1.2172019251566575	0.47813854599125033	-0.41062093744468253	-15.227445844751157	2.370868224682728	1.1963216286645664	-0.2546821241742694	2.0013432261973088	2.604873241111651	2.3407695143155576	-11.487649920152068	30.32408849205668	7.002058625503978	-9.951847792598928	3.9277164795990784	10.59520864240809	-32.851985976856824	5.210077503388725	-17.602465452340187	-6.338163146925043	-18.406123865115603	10.96198595189458	3.472225571026615	8.520794759186368	22.169790520558724	4.041272436170021	0.5331582646060522	-5.343925717193602	-3.079793663197426	-1.7027038003860384	3.0810839517339668	-5.948184925893931	7.635987629440345	1.3576004754177284	2.527603854826601	-1.8282372001077147	-0.7688707071387071	3.730061717668887	5.3991090400242	1.551538168808627	3.6394551693402932	2.2942755106186468	0.27960822102268973	0.5252292461131717	-1.1861557040462614	0.2285866935882862	-0.5516291382673199	-0.5659377473594832	-1.604748346340849	-0.8913532086357242	1.4383596407015566	1.3196611028624612	1.6530542965271267	0.7885984839763196	0.41901336271256157	-0.12417659019763842	-1.4923821336624858	-0.911921985157137	0.6291882832352136	-1.7173583670615027	-1.564899701622847	-1.1890162159321367	-0.9769708535823153	-0.28465940661033734	-1.6944983351402305	0.5515255251100178
DTXSID6025355	-5.15426771620468	-3.0876486209163896	0.9202313588318999	-0.8509537487058386	1.1538552179557005	-0.9268182612185256	-2.1350295443815526	-0.10207645437030244	-0.02301974189159982	-1.4162653114896429	-0.5153926625636391	-0.15303058085488394	0.077215260259948	0.46194550032726467	-1.5190957156925067	0.2923411570633722	-0.7199146586949973	-0.7289588759537243	-0.6108821374991413	-0.30139842079538276	-0.21692314009756242	0.015410350250857663	1.6239738267298893	-0.7626887407342612	0.3385561746371181	0.17460733754741414	-0.6294106645562172	0.4409374466246571	-0.09102750472199814	-0.569498499825088	0.6044293738605598	0.7468086623205225	0.12895241453614323	-0.20966922327207616	0.08657133415267594	-1.0974329937220364	3.319713855656448	-2.025324888155855	1.35670515753441	0.5193533216477362	-3.1168231562174147	0.5611814667357002	1.0484784801219507	3.3910748815232945	4.984083184762774	0.1891793773702501	-3.986469197229775	3.8531958192912836	2.2490855630311355	-1.6050718296263866	-0.5103605933800816	2.859550707940843	-2.990175675135286	0.09241221494463438	0.19138584763693722	-1.302871091233549	-4.155829710483056	2.274547137157434	0.33110815006032035	-0.8339252102701369	-1.4819172576493929	-1.1429128627912672	0.583706364972832	-0.3782691444239736	2.4020693174872636	-0.16032032775335892	-2.2275501512534133	1.878473791191607	-0.7595307181645818	-0.3269342718471181	-0.47697493320349865	0.8320483824760979	-0.5496341541091805	-0.14275310693773866	0.35725309760305757	2.146820433072544	0.4007212701955244	-0.035096808529103414	-0.2119652843980018	-0.5210494347763336	-0.666838912221967	-0.07372625426872866	0.256733592226639	0.9556256707190409	0.13352543128666236	-0.2748023793022949	-0.6694165978212473	-0.06296749092269152	0.03176066238265637	0.26659839909665756	0.35967970676086	0.3746837983102238	-0.5686153829617397	0.05799977353439277	-0.222430249414828	0.6179065031992484	-0.07942739594191606	0.28882873277805005	0.08378831406133212	0.4909885702544612
DTXSID8026145	-7.005803081730191	-0.6299254673468577	-0.2079970010861083	0.36188975068801854	-1.11251379886265	1.4473376528315267	0.15556451501120577	-0.05910318719971597	0.6184543836381192	-1.217712021166917	0.498023130179432	-0.5917262231483056	-0.38739024636024	-0.68193015790465	-0.7118440409247347	0.0538520959813299	-0.19157777656996225	-0.3177761077683975	-0.6693282641491543	0.3338870203309299	-0.7830279226366741	-0.6516936124287559	0.022797331308563835	-0.6568500930231523	0.6161428147998416	0.7812723620794952	-0.2865690848122828	2.1828943925876034	0.2910172393458931	-0.5350468204347056	-0.004204240900439118	-1.4859589084926492	1.0378598821858254	3.5075309137700765	0.585073497851524	1.9962898605725516	0.5545286718342863	0.9603127164433801	-0.6762088190646842	1.1203856340826301	3.743091072173004	-1.334557812178318	-1.6226069453965593	3.4444149845842196	-0.40628459078686663	0.370278677873315	-1.7063619347741015	1.0834732037608086	-1.263971001387349	-2.120137465470253	-0.11070374176302368	-0.3675065289557149	-1.888397698618959	2.8299133965323957	-1.2035308283141477	-0.20559427394877103	-1.021058756542169	-2.7684582434930345	-0.6297219582163375	3.9412278753939676	2.4314521195339824	-1.39965591878762	1.1766571412637183	0.3768395054058074	2.3891348716075913	-0.33505751200834033	0.8642461265844269	-2.052580788021556	-0.791385839136992	0.07057377289416351	1.1076456749333623	-0.28492567606961117	0.9628202872735306	1.404659196528503	0.04697747166354617	-1.1784410343001313	0.39045405501465386	-0.7438466025093761	-0.900335572407113	1.6398521698915678	0.8998893899951772	-0.2719550010773833	0.22244072064484996	-0.6044295645360958	0.44467290436033763	0.5307370517172785	-0.7880656772796455	-0.42883355445793936	0.9473474417489606	0.14475379344524456	-0.9439484908869852	-0.40300256682577085	0.6203601051797907	-0.4294607951544917	-0.158589104242858	-0.4225326128944455	0.20821915112031647	-0.14462159533098673	0.2715455817576557	0.19801989773101566
DTXSID8046084	8.213780358167568	-1.5796567716195684	-6.315898971170892	3.260126572208318	5.418787919998262	-2.1235054071621846	2.8762430827870284	4.2315399296055665	-2.2187444490070245	1.4108516854256161	2.41246036001417	-1.1033962413322673	2.257570039629588	-0.7712802367369279	1.650321871807339	-4.5384944397020925	1.915817984146406	-2.0415451830742466	-1.6175275339823898	0.1687651794160789	-2.7244287642444807	0.5896973905271271	5.688806043628075	-3.8199358841149538	1.7358104573944249	8.543151656190958	-1.8171481597690984	5.163192254199023	-6.482267061034041	5.042053415346818	0.2784728383459237	-4.220930033818264	0.6977893680769993	2.7458013613657473	-3.3650017701745885	-0.24516142073608818	2.510797355914795	-15.960743638094407	1.4159166935777934	1.0484100638509648	-2.1669961209147806	-2.5575207974044987	3.0677427692465296	-1.5366407043894184	-9.14162173396562	28.912154433519078	8.31883673236972	-12.994258556529365	0.09540821286552903	14.488734122122585	-32.197415873431005	6.405248745627811	-17.90931742289357	-0.6299954820443334	-16.282499311552645	9.647515521020642	5.476957502540219	11.11236156446654	23.58334553569598	2.0072629660342556	-0.6981080970774053	-6.308685140495157	-2.392338807419952	-0.9476303849005981	5.285196021934615	-7.389340289457065	7.745570601541446	3.578878555549554	1.373760939723469	-3.721346891039727	1.0157805434544624	3.592206370878901	5.6672937846193445	1.404140349912034	2.196601017161628	3.047013667855357	-1.053575136151265	0.9727826318842364	-2.3326642036799603	3.360948998431461	-0.13270752160028385	-0.19528971517778493	0.8254748691769964	-0.4938639504287981	1.3224131333351679	-0.22031359543251827	1.6326199085415114	0.6341464898774894	-1.6460960943735135	1.316267697759805	-1.175077636856143	0.06503778974243993	0.9626911812721654	-1.169897832100872	-1.5951400804048763	0.956818808566039	0.8123937576231071	0.5112282804899729	-0.19812246707154735	-0.4357264518808795
DTXSID0059879	-1.703500562912134	-3.0667413114720703	-3.4785207218556335	-6.481642208311357	0.9138294197592234	6.433641209394931	0.17818234763028548	-3.089335950254672	5.174181147814802	-0.34864666592103755	2.126751759018025	-0.8800085209142907	2.120794696595373	3.452150115518769	-0.08980966321522421	1.2200034613379214	-1.1715302371982563	0.3100755845457854	0.945629789948452	-0.709053906802577	-1.2174712442908577	0.5029732374527942	0.16139819911426193	0.15359205512411642	-0.6065799684256388	-0.039015925671613036	0.03590056279074873	-0.04775738642964216	0.5372296162969517	-0.2925069161416804	-0.08988519165153715	-0.9190302938941273	-0.4948436395645162	-0.3136772801533766	-0.17933857388312566	0.30256634888737355	-0.2269693163526515	0.34107939639070345	0.257467898191903	0.18043985450004588	0.46567824308939215	0.09205169670694732	-0.1443219576913073	0.2372321949215405	-0.02014626054680978	0.6599080911621062	-0.058582550797329457	0.11161131123912445	-0.04140211804590794	0.023847771521430836	-0.013986001610110555	0.1284511798026534	-0.11541241255855385	0.02617397695811092	0.24826360781979742	-0.1559372197278714	0.2277596998342913	0.5414497084226227	-0.6726527157629246	0.25724088325041145	-0.14350194780504918	0.12969518713149208	-0.5147053557385435	-0.07795271823403731	-0.2668849314068818	-0.2750478814390959	0.5610657585473509	-0.06836941344809627	-0.13976109207794657	-0.815470698332867	-0.10864658942317776	-0.04886966879920099	-0.16178533008863236	0.2421351117091116	-0.2979085995668769	0.33351467882211655	0.020119937824624838	0.06403117054869532	0.2219865188351538	0.07628213967713847	-0.08998635499763648	0.44806219746515186	-0.08795507698666696	0.05760941487941002	-0.27196757898403995	0.11812704749897855	-0.024115501556911372	-0.39894759792565165	0.12871308951094146	-0.6190949118597728	0.6113001117731514	0.23259767501680045	-0.3874899116226364	1.2531225829138386	0.29668180417548573	0.5494101202281995	0.16927801646386603	0.30902391481421015	0.21172182830247557	-0.2539235171330182
DTXSID6045874	21.77016986475725	1.0499458344388557	-11.199884586903835	3.4341637013448296	14.345909597349571	-7.268924260671679	4.190758213352416	9.625795904756416	-0.39966602603952855	-4.4600144226873635	-6.201087584805582	-3.7232858308783077	6.87511383219498	-5.434245587700057	8.129198236438416	-0.8611122795219127	-4.816208307831742	-2.454385638164524	-1.3989564387581015	0.4886417585829837	-7.996126926625016	2.432772484329178	3.2652098103179745	-6.756237504537225	1.0468808866930124	9.487979998323992	-0.10461189202874417	0.3005203008356427	-7.163579303222133	3.7654855616761376	1.995842363338992	-6.577918738017333	-0.3888796140276591	-4.110181361450599	-2.3863397164792124	-3.9771324212549493	-2.474701006362982	-19.34944286374086	2.258853138497772	-0.3289837448117545	1.8298332328505467	4.208103949946004	-1.5323006081565214	-1.6601408852532404	-9.47206284962252	31.4425456724649	-3.5742856000373213	-20.404641903142277	4.967150293934046	4.432797231434562	-42.28337736198538	17.99497421007253	-5.78409538564699	-2.9403732797912583	-11.233642828216432	20.449899355759793	-2.1265033743886885	3.2459541004974195	20.023047531280206	-2.872027527868482	9.670202139048975	-8.34785338288139	2.891088221003498	-2.1178726826312433	0.9297754831474437	-6.627762227711746	10.902170781162358	4.725919783970059	-0.6093768711668227	-4.226090049254433	-0.8390355128465882	0.7670929207880134	3.766090142799024	-1.1457893296571044	2.149599364372033	-0.7177902540745233	-1.3922758023586637	-1.3765071120659564	-3.841579123038243	1.1666141796293243	2.3844191599987576	0.2591831413044615	1.553914779974952	1.4262363953881012	1.3361498062244255	0.7610309365128743	-0.7508068976509884	-1.5865960350507977	-1.319211509845826	1.6992164023180902	0.6104232736097356	0.12433364646572378	-0.00021128377647901587	-1.390815893432398	-0.9930396668065791	0.5849355063009205	0.813625951742669	-1.172722520189994	-1.3984106129855072	1.040811303325083
DTXSID4029353	3.9946158429029324	-2.4689546073554434	8.885441889850911	4.4108322171951615	1.2299586344447553	3.132788010868179	0.8703054733961288	-1.1404435645145774	0.23188580335288725	1.4134157396392244	-0.3822639623930219	-0.48165303557253536	-0.34305192501495035	-0.36116662266568816	0.5094807202635474	-0.7937718102353891	0.46883888184515865	-0.21571040455473808	1.0189981921594906	0.5584886568361299	0.17139033959219044	0.34933312915613	-0.7762661855866861	0.15982185870327947	1.6264583013846228	-1.2831543796712903	-0.36452173158378753	-0.8318828093446294	-0.07080483075496276	1.4877288444150158	0.663977696384708	0.7016687212290386	-0.197660950602735	0.7786169348827024	-0.13864228971909062	1.7840385128193843	-0.2423685183971015	-0.6371128410725292	-0.1420403729460469	1.8393353255166316	-0.9715350641776523	0.8615952517985357	-1.2229841180422156	0.4369785924632969	-1.6137333414945598	0.08581140945960107	-1.924174968452612	0.9842856142569358	-0.44039247267567005	-0.30605072655124443	-0.07315134354405942	0.5152416214807978	-0.16891272014313635	2.006461215900712	0.47571116911458133	1.9005072826895701	2.048468185317703	1.907110734152626	-2.1419971821065107	-1.2700827688028762	-1.9222255685726115	-2.106571975857407	0.1620945549639896	2.8597084450223456	-0.7001837450449823	1.847817199659085	1.2093394201881278	-0.8289110224788813	0.3361048579140659	1.656655114708537	-0.39332342922469093	-0.19504576367092738	1.7549571343397976	-0.231101101879914	0.1831864136619562	0.7874258635882602	-1.7235150794038114	0.7124701977625055	-0.5877796159006401	1.0258188156043726	-1.6124422422998224	2.6620598972400042	-0.3287024523987692	1.3713410266647097	1.0440617753002392	0.21924302693188621	-0.04340931830026471	0.104399414505429	-0.26439529152401037	0.10752989957011393	-0.23322174728659198	-0.45835825281769965	0.6717128002901176	1.1053271621914806	1.0820881130832463	0.4423678358621706	0.40887103386046886	-0.6197154565997021	-0.8804794397075859	0.23501380958289741
DTXSID4047258	9.798195760852707	1.336369358238619	3.131657668352788	4.0672446471556984	-0.0025331057445199044	-1.925269467495761	3.827675083717609	1.9563272612226574	2.727239093677433	-2.327194280306129	-0.45448900986589125	0.4282604374840438	-1.3332881251870807	0.6290483043758544	5.152252881313875	-1.7025155263743896	-1.8530177571906117	-0.9625096188556611	0.8348801325811048	2.297984560768952	0.7529183138998454	-0.4684862889078594	1.9824619644824102	0.9176323335415815	0.716811483254423	-0.7934479977059115	-1.8046517616253333	0.9097964946146839	-1.1406741600981012	-1.0085801951366629	0.6413623289151067	-0.6128459371193916	-3.3594541981879824	3.337536111511369	0.2283270250199884	1.933241962269169	0.6933293198482697	0.24574820320766885	3.527274844787364	3.856478456377645	-0.996616320297795	3.4397817587443704	2.677625002370621	0.9169434393126998	1.3281751422878008	0.8919127679208333	-1.6408676005226557	0.29560343989320814	-0.9790520223678374	-0.9220440339983933	0.05780624835117347	-0.16382272129407205	1.5381327544544559	2.083090609842081	0.18855955695497467	2.0616482262411897	2.99561905781989	1.21205728304687	-1.4837608151704764	-1.9157770357583672	0.9354244220876656	-2.334214039682835	-4.417867369073424	3.008266526994486	-2.905222415851598	1.396924315612171	-0.06263011566988211	-1.099895426809658	0.06702015270575055	1.2384010305817126	2.3225767304204403	1.4360511572706098	1.110319122119668	-1.3071421522646123	1.3440126704727184	-0.4728418184215981	-1.170873828105678	-0.18824783078630902	2.1414359961949883	1.2585679158513479	-1.933787248487446	1.1411026688763724	0.9885152090335653	0.8583232362858437	-1.0138069391109072	5.002826165308152	0.12850575108901602	1.5367473105858143	-0.09190774073047966	0.285468814327451	-0.10555566047062159	0.27636058439981304	-1.5318486935001558	-0.7556784290213867	0.4668122200844567	0.9509086103384443	0.15569152348157858	-0.5493754064654955	-0.09780496353572504	0.9865995755441289
DTXSID8044915	-3.261085064535607	0.22339109935135434	-0.3610589634781013	2.5586818564295086	-1.7426202206027765	-0.14642429404182908	-0.4097077027400328	-0.6425564598391046	1.3294812261137117	-0.4334728237344968	-0.7752427092572202	-0.43772201239535424	-0.1653029071422173	1.2269224863233121	1.2238765369244191	-0.03499038388379617	1.0882110308821427	0.8577172498558673	1.6021138494610274	-0.49819795683426715	0.3852584096051935	0.019168372974204293	1.158981333469306	1.0126105827768792	0.008099635620480385	0.1302284163060196	1.7290710664476392	0.48649990144939365	0.23289493808861594	0.8128064560231449	-0.30452348991213946	-1.357272342703447	-0.24254503280808323	-0.6107612959116717	0.38479919461894296	0.724906410923124	0.003828924646113057	-0.0075178378834301895	0.09660042500032885	-0.7293124889499136	-0.46280403042571394	0.4223416025407762	0.16972020805583118	-0.2403202893582215	1.0864529010011381	-0.7668625701399282	0.5902096516756249	-0.2845313234344028	-0.13920534122023753	0.32606181387370603	0.21594279009414807	0.06332496053719429	0.706893998499817	-0.10270987294847865	-0.9944394330083105	0.2937287008289174	0.08393970726612168	-0.4932682884820738	0.9781476632555643	1.6493477280669113	-0.8203505406994713	-0.7807539601561825	1.1945138348783597	-1.3310682947375845	-0.061661733778912126	0.835664361234367	0.10478532666866602	-0.8422332649003068	-0.06605430443417701	0.9502619091180918	-0.5710311715390122	0.914706957143084	0.10111399047277678	-1.1958926774576262	-0.4130874549792447	-0.2859443649340424	-0.6510201670851531	0.23168454189255908	-0.27558780904764807	-0.2275035106766327	-0.7665107452700515	0.013497507812351948	-0.007295691866328254	0.5819190501015196	0.049531211331480245	-0.44902665802357467	-0.07457653953010826	-0.009193309545168806	0.4888124012715398	0.14277241957399772	-0.1354885312928684	0.1524243073979563	-0.6098849378048804	-0.15874669881202894	-0.32115903510988875	-0.043582181583909765	-0.3342581193383898	-0.10820161745736626	0.9626144607471936	-0.4306655670208349
DTXSID2021818	-6.274976294932442	-3.3530961646693087	1.664152142466548	0.293750850738328	0.6158785066733968	-0.03283753386094076	-0.7013706035005925	-0.6399302310051693	0.09156405646362187	-0.8866229584028068	-0.7711111516075837	-0.1726321797411787	-0.058650254759984886	0.3461005245098146	0.1494566650089555	-0.09331303486833323	0.6810480154469997	-0.14489953382680823	-0.12855819640228403	-1.076897196588766	-0.2461707600350066	-0.45070030593490257	2.244373978500269	-0.19008056251289576	-0.044196602793830295	0.3204106239841821	-0.08564882279835413	-0.07937980689250931	-0.108270930471454	-0.5619555981030141	-0.06694320961095018	0.5478296143707523	0.023769970187846545	-0.10534191706917143	-0.08489666034337326	-0.7992025629779818	1.73429695221899	-0.706491277175437	0.14313688618596368	-0.015729709456819844	-1.5705410817155758	0.47770990040715405	0.2951535895898838	1.510366423902628	2.3098524239216798	-0.019137338971818126	-1.8925865760227807	1.4801768786139726	1.0404760556243213	-1.0253549631688883	-0.13414446466679672	1.3455185430599788	-1.3812820848496945	-0.06718961195429574	-0.159663748077438	-0.7884014189971246	-1.8009217673877882	1.3194899920776575	0.2923813003639844	-0.3702363052149022	-0.4438814858007496	-0.5719882594430151	0.2696620644816827	-0.8261489834085357	1.0863434695113097	0.35634139631956147	-1.505120097621315	0.8897855349269865	-0.1257136355529966	0.30385260549287163	-0.20093777858135567	0.15205712324100706	0.6196749724094193	-0.24374868666660615	-0.037651752658436816	0.6794037959295861	-0.10162892292200412	-0.362795480295652	-0.06155525532016699	-0.45046998289612533	-0.5414633741981056	0.07475548613775596	0.10666293741715148	0.1903370078147922	-0.04201059954353484	-0.01133052920766926	-0.10330432274055995	-0.5456312319589814	-0.30191611042311256	-0.18903312488593285	-0.46136428729363715	-0.2637373724390762	0.05589286678435022	0.15779255306448356	-0.26380773751525616	-0.06865323619242279	-0.08902278109026851	0.17957719749610346	0.0011581945584057747	-0.2188254748161694
DTXSID0025862	-4.434123566208205	0.327468734235231	-0.990929035936333	1.853716915773754	-1.440461747087457	-0.5428469924991414	-0.6377439800970096	-0.8131630543113467	0.2670285604912716	1.946309576133347	-0.5851869213564632	-0.49048746065126075	-0.5336329947649515	2.582408682985251	0.10532701549391853	-1.260515677275501	0.37022165046856503	0.2102171863836233	0.7579464650073412	-0.293358468383536	-0.2081214638706432	-0.3948680397302594	0.8446935678587404	0.5488064817049334	-0.1812085304811248	0.21743704268785238	0.40436296365291646	-0.689268297757552	-0.35657523288076465	0.528598642130505	0.16506323645610746	-0.47430361510483454	0.2082420278470642	-0.2996219046968553	0.04538648932020622	-0.52473893593054	0.5762159565028647	0.12042826960427737	0.06021460167083441	0.23914420717871465	-0.09914890967518064	0.13102791189797122	0.5306855561233359	-0.06296194512639068	-0.07464798110556281	-0.2933900012863211	0.06728713213460484	0.07452109406373794	-0.2439585270580759	-0.00957622851189549	0.0409188734709677	0.0406914497510903	0.33048120349463067	-0.1636677609138179	-0.07190171135161995	-0.09294346951420572	0.3852778432635692	-0.5268056804427906	0.35433722815305335	0.1942330392780615	0.4700964411741634	-0.1890075695114955	-0.38644088803586346	-0.0917809128164251	0.4351164941753782	0.5455738583615943	0.2739526594203856	-0.3661511919230259	-0.4439836166068944	0.40209373189437225	0.6039052087836421	-0.8647016061921707	-0.12669652377525378	0.1140888984440743	-0.22542017741574663	0.5853462170563857	-0.6112238047016482	0.5802715272629024	-0.307192312817268	-0.43744616779926776	0.17635232580152715	-0.07684924923759152	0.13282044900694628	0.04131989655265128	0.26018026130580074	0.16759947593323637	0.1464029173683368	-0.1577288355246989	-0.47072345115028286	-0.3841423121999093	-0.33046307284383786	-0.5236452745210927	-0.1304463742556714	0.017143783979023292	-0.2659835648583996	-0.3146319098624391	-0.21808285012053544	0.00306850716230994	0.28627355339904564	0.04259051125732118
DTXSID7044639	0.6716225295042304	0.2532825311499733	-4.167831353574118	-2.502203549994106	3.1703709789581733	5.421934936240588	-0.7472810424121085	-0.7398574719972361	0.1682910518777902	-0.01837552281406573	1.6364928269109829	9.364066392750606	0.25286659621741825	-1.3716426991118342	0.00586490221529896	-0.5767143672402036	-1.3450441409593175	0.008907827523128289	0.3016653927595601	-0.7596100596851589	-0.3737046258692401	0.18615099185862008	-0.21909378780486818	0.35467309677298503	-0.2195596287580542	-0.6749433008363024	0.17275638611950428	-1.527249073684472	0.18960887009344576	-0.016769229690081086	-1.4235883526854471	-0.34461305397648145	-0.22583120729925504	0.43756357125660006	-0.39920566993317225	0.1545429129257664	0.4182008041919537	0.13868354689867263	-0.10413241203313292	-0.2713956359756812	-0.3920316139523008	0.3180455631336059	-0.16061845104515665	-0.9907864290888226	0.20480603369686562	-0.12859355680526244	-0.21253668372261414	-0.13429819525021633	0.018531574208928397	-0.024460141309472914	-0.09733875955283779	0.0071896753823801	-0.2889792817968856	-0.3429999173061628	-0.1690398976526894	0.31685252012826476	0.08541658350119503	-0.14847428638379603	0.017753419670040498	0.5360009013438283	0.21355738163162907	-0.1917543949102526	0.1987653173713651	-0.37822794668587667	0.1282176487431546	0.38401765075312916	-0.12463558462880177	-0.18298939490965127	1.45853695220551	0.3034999752269177	-0.08349367677775528	0.582102352686702	0.535400896397265	0.1281442180553565	-1.077594826670607	-0.46781400720418176	0.3550422080966263	0.04966384899323933	0.5564629253703948	1.0976245371933608	0.9415794313660899	0.546687296826909	-0.8235012609745569	-1.215711038110098	0.14996210530650333	-0.5828202852497042	-2.216799771529293	1.743193561923674	-1.8410792480317473	-2.599705820454664	1.6808669290554321	-1.454974416310473	-0.11824222992478504	-0.20821165410185086	-0.03250464126777131	1.0342297326732677	0.06675058536388327	-0.24894849478543782	-0.014373462394875488	0.5694682733091266
DTXSID3022247	-0.7378386578012976	-0.3964160329586044	4.29479231630163	-0.9841468300095177	-1.0784070096687348	-1.2790163441882156	0.45176048578454514	-0.9467898810888918	0.6807224914599562	0.8898108120348246	0.2816545909327263	-0.12749277720210725	0.9909976160854523	-0.22079662872346933	-0.04454148299218431	-0.05341351453246362	0.9132473405339048	0.6431379797138829	-0.297268117275023	-1.3679048623127605	-0.3913910416181775	-0.7060102527635224	1.7205423108275228	0.09882348119348179	-0.14166109510689456	-0.18412824010657047	0.3692851096695176	-0.3240026722634966	0.25529923518128655	-0.4124680747102442	-0.18691885844010456	0.7479832931538113	1.270835389874307	0.23094940058683644	-1.853487187551259	0.10012711831243773	0.7176375297632913	-0.9488747661516125	-1.4021660084321692	-1.3306163540537634	1.1746485034120335	-0.5769118367285562	0.14224022624662414	0.07897313790974801	0.3492039329992051	-0.4888029318103662	-0.6504794401165097	-0.36575098311466353	0.05020985387573081	-0.11884420129431239	-0.24051694980147498	-0.9262325070513973	0.23593374920034615	0.08107119845051189	0.0010858059038983607	0.5272216350858173	0.5224754541565582	0.13787209134865502	0.17212664615309933	0.6844615568755327	-1.02474221927266	0.5531319067364135	0.23292617174800279	0.7403547153757726	-1.6917481765313462	-0.2673167021262202	0.7352847439207693	-0.3695799657655603	0.34784782781085155	-0.40300994578745164	-0.11289155254839692	-0.4981447119657672	0.3650179012606025	-0.11835073372858644	1.0082960952538842	-0.6006459079277701	0.4758981773778585	-0.4682145285233824	0.3965338005765759	-0.12874807526778312	-0.8950313012938909	-0.06546726415611616	-0.5708610570530328	0.17347871280469782	-0.28951911980774114	0.37487583707773897	0.8052779330148514	0.7689911492695861	0.23893136776335386	-0.28413836237658036	0.48077079862324257	-0.222918733136094	-0.47880440639841026	0.08265297285472584	-0.2326432171706934	0.2571533541421451	-0.14622129221302604	-0.3666285784952267	-0.1063707797938809	0.26343440214541736
DTXSID5044570	-3.811713211951796	-2.2501397258305222	-1.658447817062602	-2.7603281932716954	-2.3679496021351296	1.5485897382949914	-0.3993756546417679	3.4224017780902996	-2.7324633635853983	5.060142781489174	-0.6813030342304898	-1.40835981058254	-1.1334008589104239	-0.46067061728743647	-0.9999191726092603	0.17066276035919736	-2.347984554498257	-1.5237353767047512	0.22063146607786174	0.33985717928648174	-1.9845911182649194	0.7594147608646494	0.5721871782239847	1.1085618067325607	0.8244023623495893	2.3998781486127974	-0.18000934305718796	1.8189376194178613	0.0615055122834197	-0.983040930367847	-1.4671679206684094	0.04447892084707058	1.1568250623507828	0.7937729353060864	1.5870827263136345	1.4882851665508263	0.2831474562777254	-0.8147278332475874	-0.8231724441443556	0.2800642066818615	1.5736173258623003	-1.4939634669342274	0.30011063658352494	0.23586737180106807	-1.0732103188101638	0.14023474682486872	0.11991233783661276	-0.18096592162281416	0.5154052264764408	-0.840535670390361	-0.07876959767729926	-0.2574765756427735	0.574295648499357	0.06412716574851393	0.23467908722152023	0.29716950987199003	-0.41810657218891745	1.026964907939745	0.009853665864948786	-1.2534244451113847	-1.1968794662505726	0.3643361975408307	0.23009290195943688	1.2596710288298207	-0.7286291032513529	0.27785159787145725	0.10704356636853533	0.902881226503365	-0.7035746198672843	-0.06231636652746101	0.3683139752384786	-0.7803513290188631	0.016622509370055848	-1.960165640191141	-0.09040298081057616	2.4310265451270516	0.7403994900629859	0.5757841920232387	1.600863082014311	-1.35354336097704	0.27384572015526726	-0.8533164419271007	-1.5056593111542946	1.2552257461834222	-3.384744381623757	-0.6176969986410769	-0.446801994059923	0.13375735412609452	-1.3585271147461342	0.27425890037805883	1.219818590926672	0.7836072155174435	-0.3344160806967552	-0.5608865615826899	2.163139774376882	-0.12746570075657795	0.13788177101381585	1.1146363245044597	-0.1165651515670746	-0.968323671875843
DTXSID1049065	9.570014614627413	1.7316562025922746	-1.989803822021491	1.001727766515395	-3.380742690372901	0.3190776020909164	-0.6660436075947832	-1.0799993466621718	0.3633956543047803	-0.34633530020561315	-1.4412916873288861	-0.14690172784049757	0.8345099873226701	0.5947738035927443	0.27975408065620866	0.33376046203047427	0.5524420268147844	0.4291620535835059	0.7615873345556157	-0.754009848133501	-0.510649120607335	-1.05134211305684	-0.380426188742611	1.233735681826857	-0.06136896230400475	-0.7111866288194756	0.9166699713698583	-0.4063632051776378	0.7374818875899044	0.2819904062888272	-0.4218606831092664	-0.7177830365813328	1.695734330105095	-0.25153754546018153	2.129721544950365	0.9335517913208591	0.8547280196779812	-0.19898255707110754	0.433688629046738	-0.5697438275182032	0.9198334737044414	-0.33885974415078457	0.5816861825808621	0.15837109059774018	-0.7621353440498445	1.2142535602366724	0.31056477879544536	0.7715415289410761	0.11190775414651806	-0.04223153437140826	-0.28537197627576294	0.25187300816768887	0.2872962629083436	-0.007099982392357637	0.4480344368711919	0.4598842638069626	-0.212349782197663	-0.277380400182356	-0.5751185072152016	0.42037171195333	-1.087196462381227	0.24262337370444828	-0.4023958519449888	-0.32031577262183175	-0.3027386071680104	-0.6225859964063118	0.2692745260434542	1.8518226880374375	-2.5173646178762143	-0.7863581103923254	1.4486307449905418	-0.40161309419366126	-1.8522469372300545	0.4089966221950161	0.2729865202480845	1.4913620779696535	-0.4520042996511426	0.8922863993138158	0.7413987994456561	-0.6503919958983052	0.05383065608671865	0.7920553871310587	-0.02833262818014308	0.1083046444000164	0.07527849312442471	-0.9960025640073176	-0.20945305121137736	-0.20581662253856492	-0.45206974711364906	0.48952240816460857	1.9101571142603138	0.6062745025010541	-2.614772642220374	-0.2749347413225079	0.25008060699214246	-0.2847488020083654	1.2658273557421382	0.9390099979876242	1.9448966725146346	-0.18716308958524977
DTXSID0048769	3.1935796988129543	4.979359525843832	-0.48244429128716987	0.4797163353722709	-2.5859140567907968	-0.9687505612197919	-0.6310398640953199	0.5629357888783657	0.5688555413853161	0.558813333478979	-1.5469308284544367	0.16518894458824743	-0.176825163689562	2.4197162290223866	2.7513553887605835	1.9251415083172856	2.098093122238302	-0.5385746694839509	-1.1002660984781707	-2.171402535490794	0.006094664323878335	5.705924576324909	0.06848191836985013	1.4243713724947464	-0.6776508929662064	0.413484338114828	0.3427434346796861	-0.3847895443148129	1.2383804607209061	-0.6121600997959883	-0.04489320925250446	-2.858241472716909	1.9751782256052415	1.2326232186591481	1.2782200632653318	0.7034102818760138	1.3158125656824529	-0.3355022638816441	1.53145926545985	-1.6564061728667903	-0.4916360560333013	-3.7365098492438933	2.8263668309333356	-3.1785983339339006	-1.7178855864036666	-1.2032524742542472	-1.43031822333995	-0.8298197975205085	1.1107317857668606	-2.3195368901251783	0.6582491138134291	2.1672811208292537	-0.5191344963668438	-0.36393933426874964	-1.904766173544845	-0.5587946153802023	-0.7915124404999226	-2.1416358697294435	-0.02333718580316147	1.0567231629837999	-3.231904170152272	0.6119106696134717	-2.0392055008889045	1.2253669414213124	0.16434210610427966	0.03828749082632677	0.6504328790820908	-0.6173001809409387	0.013137788949660618	0.7146457208845429	0.9097797902690886	0.2824774839505366	0.06358584235208418	1.6503462756661134	0.2515695892338119	1.632719072647306	-1.600010750299608	0.48798569271202585	-0.8226849819273931	-1.3457038943596802	0.05974107129028686	-0.127686521853341	-0.5879136876490647	0.286213190150986	1.0576944370032473	0.6951138239959768	0.9370781279958215	-0.9987601767871259	-1.8946977789473929	0.0022254088243993287	-0.5442770086884503	-1.9018777960389162	-1.526607616009074	-0.4269547400109436	0.7320095824741215	-0.6605482998472427	-0.47436352408419996	0.37769762992122186	-0.033809109917524026	0.6336847552385266
DTXSID6045325	3.692945560009873	1.3648806886693867	-0.3667899636898353	-0.8797853066530862	-0.9887599030341586	-2.8045635184056468	0.08161102596776959	1.574609224893703	-1.191681831070228	1.6296977617369606	-1.258666920853461	0.1463441887115761	-0.8557665003786231	4.824990331491128	0.8729822166522476	-0.6609313411122992	-1.276141054215907	0.02803562687581732	0.5453419892437481	-0.8029872663062412	-0.5293819795998039	-0.3503673835061797	1.0876265729070305	0.21062725888367412	-0.571107726161131	0.4671897514581755	-0.07544182006687158	-0.03431543306877311	-0.4276839112188658	-0.9915431081543962	-0.9307490241183579	0.1005630919914402	1.6459774912686203	0.003929796676097614	-0.31981245236688394	-0.8278051429193924	-0.04632254717894208	-0.061081534137105105	-0.9852637461477651	1.0238875950028195	0.8452073354757196	-0.08736038634004263	0.872890238012588	-1.3484475036618047	-0.04542229509083245	0.4150270824587774	-0.404470861793314	1.2239372301044136	0.2919037606094136	-0.3240436942744622	-0.45787871100647615	-0.11355597657658405	0.5991550394124333	0.03588523032301707	0.16274127051890624	1.0799807677848945	0.3548419686842308	1.2617540919961112	-0.6357897763114954	-0.3680437721092347	-0.35751956054222345	-0.9684179109899029	0.036710051526331146	0.09945227732299808	0.26689324518617946	-0.4576994717982556	0.020184608765321754	-1.2038330560671604	-0.9979644872094386	0.6408057665788286	2.460803154341281	0.4369145841671738	-1.5295376642847627	-1.5878118025585366	-0.6280635337614926	0.5554312761941885	-0.47301294856197373	-0.08095562968633237	0.3162976631017775	-0.5311940852230458	0.6433444202745666	0.2612610626971213	-0.0540327933217823	0.3493696352096559	0.5047065380580704	0.11702386556393916	0.10376031093057886	0.4240785100906182	-1.097245274391324	0.905785185061771	0.24338614817937682	0.5468413022389925	-0.31160255166282713	0.6123578097782674	-0.006202050309293586	0.16453748608082688	0.1832382754761216	0.5075054338267719	0.6583079498925035	0.19244054488144818
DTXSID0024216	-3.5028907059763323	0.8429566946259607	-1.0833381751246356	-1.368529390206482	-1.6491356952072176	4.001143642523184	2.3858571741951367	3.78363613077607	-1.944115954605162	-1.510167391037721	0.5060064196064534	0.15952664043296338	0.9930566389917757	-0.45162871082886574	-1.6967824862882015	-1.016435596913603	-0.07781660991782625	-0.8725323726945937	-0.9212831500669467	0.5482812612739382	-0.8692635118723427	-0.4527463037976236	0.4006420722762236	0.4743393660730576	-0.24236540553049543	-1.5575104151584942	-0.34392749357399116	-0.7634279010344535	0.809923204299902	-0.7640172550875786	0.8346819214952412	-0.038167104848011196	-0.49708803825809916	-0.45533033736932316	0.31682248247621697	-0.4749261782647278	-0.050225411714736094	0.01701993594480814	-0.9391674196015336	0.2832885613288933	0.05326808462184288	0.11047080460081603	0.5035387755682853	0.8855676804938435	-0.4634031826108344	-0.10723729942865841	-0.4052048769201897	-0.5884356614089611	0.5113171634822063	0.5844475471605339	0.2556178389914732	-0.3892509927116053	0.0464138537056685	-0.31895891385464564	-0.6974812185610422	-0.044865617843747596	0.5281755308184548	-0.2195840310889237	-0.20932598387608373	-0.6222231899391168	-0.7156143207262335	-0.23663829147387008	0.37330122912731556	-0.5816962460744877	-0.47024087419976035	0.10861001580894013	0.1537559294774835	0.023083184944169142	0.25009550089450067	0.11170398102423526	0.16388021333250663	0.9732387582024769	-0.1742435378833458	0.7673916508551255	-0.25578704396938884	-0.5709229901722658	-0.058940180691575854	-0.4061632991669589	-0.5657053185328362	-0.38631442062657123	0.11036633973442674	-0.4901217955577335	-0.6612394557471059	-0.19680994004082283	0.551300007044132	0.29843178119832503	-1.0228762276460799	-0.10653496238848176	0.6396518016725354	0.22608600744524002	-1.0486925678067194	0.2950339458602166	0.4762510966687185	0.8127751523598095	-0.44815263217840673	0.9344680905969811	0.2932267154189772	-0.21535047609857774	0.49874001160765835	0.22996770287311807
DTXSID5052042	-3.7159017391423927	-0.4492670314169968	-2.8225331314026714	1.265589602241525	1.7301610279404211	0.8541228054111939	-0.41629481890670417	-2.1634093660640534	0.3641593917945754	2.832098249811357	0.6643496353211855	3.8376921170125873	-1.0055888789759566	0.5757734087891008	0.030841944375800404	-1.5963694140838234	-0.5650833281589438	-0.5577531780510698	0.3625472092121528	-0.029652137245764227	-0.6094852763419282	0.4300949725793269	0.7083081145401855	-0.020618312673606396	-0.3590403369986302	0.0234306247246903	0.329737689239103	-0.977866337590845	-0.36959677630208465	0.3539402439799421	-0.7687309749579841	-0.07767950527811976	0.2515487038538952	-0.40546520227506805	-0.6127559653348621	-0.2631472234776628	0.4104962441336374	0.08036194521218094	0.16380023987581432	0.3040708035741086	0.21882868158580926	0.787770365843564	0.1998179514269345	0.42361496282274663	0.154040912989206	-0.11468166599822793	0.2286248593893987	0.1793176288830715	-0.23320131463118624	0.2132727926403766	0.03826988179676263	0.16258405253720845	0.17901697997259175	0.08067592011008669	-0.42474546559539467	0.12755267991291114	0.347936051605425	-0.1894846740429209	-0.2513996831256892	0.15765135555178503	0.5512173664260208	0.04208231323816311	-0.18125497699503726	-0.18150432891736668	0.17970411816894108	0.20065219412932114	0.013246079582937605	-0.16681226466131618	0.31098705299872204	0.48808709436634523	-0.2304801974465095	0.33947972777671315	-0.25264104581996644	0.4384636800478001	-0.6780216061025048	-0.40016810717743	-0.76315721349862	-0.9759414565544581	-0.010012803048035486	-0.1408017562416233	0.661918869974605	0.11461325202789298	-0.2875540281066275	-0.8781309942751198	0.09286336012658497	-0.2906333630293038	-1.1076453055607538	1.2239540834952147	-1.2882215775597663	-1.5080275160098342	0.11231690038128525	-0.9158696809114432	-0.4402975712765335	-0.48040267044734264	0.11217928070680555	0.052952855439833565	-0.5642105683535161	-0.39868569190449143	0.016417084459281767	0.3491328333565086
DTXSID6045163	6.955432422812745	9.380329713049047	-1.046945203863112	3.8226670265476272	1.5572290502226331	-2.6920030163880466	2.916207783710161	0.5981331594281455	1.8518198430141104	-2.2958090487871035	1.8627780396564664	-0.255542440567531	-1.5959886154118714	0.38677179765186487	0.020345452744443392	0.5833184636537018	-1.68179768054307	0.668986439957743	-1.1901075881756944	1.5816244589078818	-3.374744402549372	0.01672725234514195	0.8368180767357646	-0.8138865851756942	2.8093940859285933	-1.54724441557208	-0.7074613494379349	-0.38134402282685864	1.411304243443037	-0.7168622781536153	1.3606350850144178	-2.45490913425868	-2.9682216951619576	-0.31392549687836435	1.1110098191383282	0.10434417864516729	-0.16348776443832758	-0.30918372397352695	-2.0945409552407104	1.0334189523165205	0.20311308403603587	-0.24170159670071015	1.5269847021650498	2.549636430603764	0.5551567566203013	-1.5394253900013455	0.3992577175974141	-1.0505824253121383	0.8101418183879073	1.3836972825106262	0.48820649400354993	-0.9816376388942598	0.3773895672666139	-1.060722834688339	-1.9667069902341674	-0.7503351716057464	-0.11201924189802363	-1.3261884350488296	1.1838808958263665	-0.10685588400328212	-1.482098543345336	-1.0354209921349153	1.838916412002047	-0.5471178026205266	-0.20778984909410986	0.8614973424223427	-0.129193392095571	-0.4974782166870549	1.3189101607295965	-0.321778973305491	-2.101120848549887	1.8270426500755803	-0.3856010678963232	-0.034935885186009555	1.0776877262291658	-1.2071566581746322	-0.5217023092666642	-0.014493202178026727	-0.6609508559816725	-0.453538217067102	-0.7800530654413202	-1.8320046823439318	0.36985261917156204	0.545787512094483	0.4253452387850148	0.3766675453640059	-0.3720607204627116	0.5539127280150692	-0.17430489344830763	-0.46280499451576107	-0.49475369243880224	-0.22883043104684492	-0.5804019009466264	-0.88979360806668	0.6231630832812317	-0.4810107028089258	0.4684760931713088	-0.6752632759537343	-0.18524941428837755	1.1223131121387169
DTXSID9045215	-1.5116330901317283	1.9375297488779188	-2.9155957931623004	2.767952531825833	-2.875084801736931	1.256132361605163	-3.498639342035899	-5.976376144440998	-4.27650052403571	-0.6236724769839891	-7.125985180675814	1.952205260299613	10.956967387873	1.1857745922463074	1.8671289361724759	5.523202246436737	3.4195885156260633	-5.296724965789439	0.6088352183215582	5.284278228461654	-1.3256760574183046	-0.6091146546373885	-1.5246676815962954	-1.5201940318298026	0.4107884049598561	1.9696371299257731	-1.334003885428365	-0.23629847624104103	-2.767317344134539	0.9128631729205597	0.9812448226914743	0.7153050404370691	0.7529999497645595	-0.06386595692784826	-0.7035473117472981	-2.7873830447980037	-2.395966935754286	1.42700260889946	-0.4696161715385456	0.23743862098395735	1.6641165298167349	-0.18294222477516958	-1.2061006806229027	0.3911732593574513	1.850565808750893	-2.6984740294487226	-0.6672664990195997	-0.31539430908475463	0.24509990136971901	-0.6300173483160565	0.4184421993252582	-1.0734871012490785	-0.4003566795006069	0.5798049168126628	-1.287829290048734	0.9571093722171372	1.2214501185864637	0.7718274758332098	2.5760000366289706	-0.23991569915784494	0.554203622321613	-1.4255282075655609	-2.699047169140279	1.9301708520991234	-0.030117008204142662	-2.048268953283824	0.40131289905953643	0.7838903592212386	0.455814854713556	0.8869929136636425	-1.8987262935769358	-1.3828872589004393	-0.7188675223128673	-2.1088508143038487	-1.1620512175698605	-0.06451596345907426	1.0568402513983584	-0.3635132528613921	0.03173050877172844	0.8728660885025511	1.1964895488389728	-0.08278823497612833	0.8237938732958174	0.212738073544354	-0.0238192419746639	-0.14390169969286284	0.3498900384937988	-0.39928391531105434	0.40570712148513577	0.38231620216282564	0.08847067751050056	-0.3437911992886893	0.2585842245091638	0.24586291988513384	0.34411728946473413	0.6528095197169943	0.14901852914507827	-0.30730449484701033	0.739928190047451	0.3468529488276288
DTXSID1044770	-2.281906170771674	0.08772731113700144	0.00828887986391794	0.48036753889042333	-0.2290200924413775	-1.0317346585069251	-2.029220653356576	-0.13772286346016924	-0.22323164436656495	-2.285221500767178	-0.950886579411293	0.1900428984794096	-0.9564950152210767	2.456378778469151	-0.11223906880217038	-0.09264362497271808	0.35512451100955417	-0.11362089387393388	1.0927526945119637	-0.5138122544155351	0.13703080095593448	-0.439928992873802	-0.47871337699537175	0.6367863827357207	0.18123660240656653	-0.4255710926207233	0.3800285001348303	0.13564644017443112	-0.15326504747165773	0.48414299207483596	-0.23059510237046688	-0.7390198807056646	0.7617546200504587	0.3023717342157334	0.6467189985296744	-0.38198672487445945	0.25449399566695874	-0.7572862804560355	0.5576679089841214	0.20677665373384796	-0.2669050739744011	0.39907951058160407	0.003965882373326549	0.39561302809411186	-0.8527200418655676	-0.3027573778094533	-0.16574457287334998	-0.624193190669306	-0.25647218355330154	-0.3965664511982511	0.16450557263411789	-0.10470970123420073	-0.0850012457245014	-0.09761547097951012	0.4901437839507171	-0.8318371128687224	0.14389221548036826	-0.06511118028775521	0.5725849163250526	-0.26312102334840876	0.1014650823940137	0.6685160003047114	-0.5281747276223038	-0.6374297514089243	0.1688107899896733	0.35568020218802604	0.3419863768553881	-0.3613002360680236	0.3165199359960608	-0.6644209789895399	0.3720344115224217	-0.6126826978218349	0.28351538454492986	0.21281585565298342	-0.9429580111447389	-0.04105349358284217	-0.17632428737548492	-0.0034660838641923015	0.009641928082248568	-0.13137133316836883	-0.05243560706934301	-0.049464307677605526	0.46565529651629234	0.11568631474838778	0.05691638377144178	0.04814279221316824	0.08639211189424756	0.05305653505650753	-0.2690454321800909	0.17915176210059164	0.7453847902503254	-0.22666700648241883	0.04703426336609681	0.0019157163613462485	-0.2310024268359309	-0.23499832616707766	0.426602227106083	0.024595032059736344	0.06067746052502077	0.4447050075238388
DTXSID3038771	-4.558478902772624	-2.555128586556801	2.681413181948381	-0.31280754183460835	1.0560447546898484	0.39722384153773527	-1.4541839291870025	-0.30618507524296557	0.14746872925175866	-0.08917316936064627	-0.1277374224630184	-0.3103429829179303	-0.7336186528215957	0.12172125435625382	-0.9821788131934136	1.6254330491294826	-1.1961527740689304	0.3698782971964107	-1.2911460811346747	0.9557254197687122	-0.19318834043708433	0.06962698814164288	-0.7260849173724571	-1.173372356415237	0.9903894716107515	0.5954473762320621	0.3049095833526503	-1.2433735547540226	-0.005855321615612217	0.3366786118557151	0.016108528901688873	0.5246622963265133	-0.2999406249507291	0.5303520825004069	1.2793630735799517	0.8217290276970487	0.31450721101765783	0.2020189765946241	-0.3868994727297271	0.1284344570035935	0.08353700559332915	-0.5660325164360014	-0.3389597801298972	-1.5677810193442305	-0.17152151085208028	0.17874444209432164	-0.5608053718713105	0.3628338729797314	-0.07916728338220706	-0.09613715077722737	-0.0449651095666032	0.04539406294457623	-0.1673311225868054	-0.010201326962594695	0.28112739852443286	-0.04155428800942896	0.28613478114960944	0.2373470966698279	0.3448498678117495	0.060532838598782245	-0.35003340899848484	-0.3465607745364867	0.10958907510527156	-0.08627579629890468	0.028039044362386346	0.6371644936671164	-0.008026372433465656	-0.22888456236273744	0.1771459615899311	0.4608242894792596	0.057275678916629116	-0.2833262197542267	0.8736750390454495	0.2868200399952243	0.3386943155422845	0.25264705558967293	0.026214958251461994	-0.19072594005776572	0.1265509973258252	-0.5786003513878125	-0.12718563352626436	-0.23175790064931018	0.11920562681437334	0.011461457722900255	0.2732215521620539	-0.07192518404371982	-1.1218977815919418	-1.3186133198570762	-0.8329671154977619	0.14173416442522163	-0.2363866224521731	0.41013510598594627	0.2894010337574957	0.5489629598955299	-0.6322722488877593	-0.4473025219151444	0.3412232352280829	0.36186921539106814	0.18207248418973973	-0.43922568871517603
DTXSID1047316	18.818825240301255	3.077005194124871	0.7623447767160746	2.5629733817878733	2.4306153315214285	-3.8388946070650625	0.4027993904846161	4.452582357488235	1.5785654012485029	-1.3097191821099388	-0.16619882264723557	-0.3698326636862726	2.3115701093486742	-0.4917606249489281	7.163510193401267	-1.9458468060750949	-2.0043678621139875	-0.7000374284939721	1.223115084475465	4.380102203625272	1.7856686726274889	0.6390229699095248	1.1210096082173788	1.339921971165396	0.7871017320270758	0.526359066520614	-1.1017587813869973	-2.1604133206203127	-0.503365145131086	-0.8284343432614164	0.07576187371537868	-1.8651691813523432	-1.8698439239187257	-4.966944552511637	1.8488833484893739	1.92779774658636	3.32564450365846	-1.357701347073648	4.302092111736048	-0.1329279754030944	0.7815524914021257	-0.43419603823034353	0.5248454475217516	2.742385461361228	-1.619255520288364	-1.9593391761606895	-3.770236539688904	1.350153360336174	-1.0604519796436869	-0.5775532445474882	0.5199835031807125	0.723936461920005	-0.3055877066625131	3.382234053777555	-1.4087436607280117	3.7745516691009278	2.1055528825215624	4.67211480885984	-1.067405219378343	0.14134251845578105	2.38995127080958	1.800830842627045	1.799041068377511	2.4965484387480394	-3.573634999228335	3.8478720015376116	2.521843206920575	3.52547315013459	-2.653089690676322	-0.19043832441007907	2.6634094291596395	-2.516500749166944	2.715352198741129	-0.5821990914747984	-0.8528123129623004	-0.050007820642978776	-4.077183840579726	-0.7871648236545109	0.16477882472259409	-0.052481074742111826	1.019809541675844	1.6730310227885439	-1.6101141416847398	2.3291429681618725	0.5727634260876395	0.8543482764126283	-0.4934459518273851	0.7774672226047781	-0.8485539036721486	1.093177435931089	-0.16444330742832813	0.48898850194403315	-0.22420107480720203	-2.037168468159797	-0.17322245430897062	1.9208055651044054	2.3127325269790857	0.9829272196191173	-1.67749509072356	0.2920137191794439
DTXSID7033105	2.083667273632391	-3.2176035719448954	-4.401498132663047	2.575452218072414	0.46723628116018673	-0.7714130238568873	3.97225116830759	-0.04691569277031604	-1.22168181272783	-2.094289173454176	0.7917150251350752	0.21645355844428768	0.652931504067968	-1.8231460475386498	-1.4246145879598906	1.2596891902025307	-1.4948856066136933	0.9595675748429633	2.16046294893119	-2.2270655826304147	2.5856902184005572	0.33857321096816123	1.157403546056273	0.3237856143448632	-1.0797799269675388	0.7848785391911047	-0.1046265956553333	-0.5740609760458987	-0.628135636609142	0.03269953375226685	0.3355561212218219	-0.2067647376157946	0.44562325616286236	-0.13375511624466502	-0.2550170308869354	0.21449748731218596	-0.3422626539989695	-0.48140159986668246	-0.5492915740574238	0.12763934533038307	1.0722261926440175	-0.08018250431489866	0.47904585822429246	0.15907747302960296	-0.27602789881259926	-0.8369443981286943	-0.3535589689098415	-0.003676496152385948	-0.24149751625007276	-0.23219625570420577	-0.13185229768187234	-0.57457185535923	-0.05069125884719061	-0.2777166619138947	-0.038802246921945185	-0.2742617745777847	1.1841087274992523	-0.11065728022067861	0.012131416733990022	0.005027768096923259	-0.013777929067260627	-0.08663633280316936	-0.6556468779715224	-0.13567507262168724	0.12014193436570995	0.048526363387090043	0.15093073185563086	1.3725853907296501	0.15931384158160897	-0.7449188280433614	-0.348703135272766	0.26106578458669344	-0.2595123772100776	0.3710061904582668	-0.5184221984380811	0.012874764058758108	0.16664775331213527	1.3011329654311297	0.2975558515574566	0.6434714840495716	-0.9149467295367832	-0.21872657735687262	-0.17678739977765529	-0.4434477723210933	0.5790544702688718	0.46063734857972227	-0.4842467937461014	-0.2550359275716078	0.12693528932752773	-0.1652777213645335	0.3178546431276888	0.1676574417587323	-0.09087655377107204	-0.11858492643587926	0.25588648112060003	-0.47997766698017724	-0.23229142981864054	0.23657321147502797	-0.20948053228361121	0.05340633192680313
DTXSID9047623	6.2929790151681875	-0.2956620265928486	6.060016321862998	-6.332581040717951	1.0434851316879816	-5.659834984903943	-0.6439557270163677	0.937944158052319	-0.5539711569174399	-0.6222420999370529	-0.2107695104588826	1.4463141228379224	0.5834504287276541	0.9601864840230191	-2.9899683443960963	-0.5684030994453207	-0.7768119688061232	-1.6171263646068037	1.5006857239893214	-0.10177630828971149	-0.26557832196106645	1.2147805450381333	0.3278619178805904	-0.861152381624351	0.512156836765852	0.8403046058630715	-0.6130998738649062	0.041957077741838135	0.6057157438212497	-0.3877702325096619	-0.10130259552477193	-0.8340824981357439	-0.9231391576208439	-0.8974801213961086	0.8842865562367567	0.30202269030508916	0.5708632106572337	0.7438227623703201	0.5376779216451956	1.0038083252919572	-0.045358922964708795	-0.3017264410000596	0.2695222504694641	-0.12205635536931933	0.22854528750527223	-0.22215412751396524	-0.31424857623547975	0.5885646072384733	0.29312024552658733	0.4312183690935568	0.07072036352880304	0.4027383389074404	0.2717885751069396	-0.2983636193098368	0.18396190672927165	-0.21131662154718708	-0.2255268558771366	-0.18623590679722435	0.7283134792832693	0.017837168921457053	-0.09548162252920239	0.027546967829697396	0.008002968319552968	-0.12256894497500152	0.3723486493303746	-0.4849781554137846	1.0044336358508426	-0.44742477171499556	0.2837442556280996	0.511558222024234	1.1332807055560061	0.32382432069302064	-0.39815590301954645	0.05712638401633951	-1.3001509542669336	0.08830840152907213	-0.05802658861316958	-0.5750901810682745	-0.3601343394612016	0.48216030564390905	-0.7025088972593269	-0.6421386312734187	0.023975123325797442	-0.37188183409540554	-0.3923628467452668	-0.19206845135375933	0.773738935288792	1.4094774662804912	0.23310814705925928	0.0004011697894487968	0.25845825190262434	0.8752247276643755	-0.08591992353006539	-0.5456161981825349	-0.7336557645322412	0.03013007142482284	0.015262259904144258	0.005984869988234784	-0.21047322457894632	0.17866838928962436
DTXSID4047961	-0.6520741495512916	4.009713826944545	-0.5212224573190583	1.7940235921419352	-0.9613791477610992	1.5164996896643328	-3.986953127106713	-0.8709046445393949	-1.6745368273403707	-1.5116801585751976	-2.9330319700627934	-0.2798017014726599	3.681693387589554	0.5523473501198027	-0.916809499844662	0.08151058423247097	-2.0209639886703834	-0.007937688268707143	-1.41720638780321	1.3401268232895893	1.0944391219515102	0.5184384237908887	0.07340094405113164	-0.21024108677056993	0.8447087437403438	0.18067816347201823	0.4477701031238053	-0.800233019294913	-0.03130012832107482	-0.19442267120716247	0.7644638282618947	0.18892124755660356	-0.18783243975011216	-0.021544027146704097	-0.554656377116015	0.32237825859887637	-0.9635502407364819	0.07356539782534842	-0.37431144830281365	0.05469493813147245	0.4022816417816403	0.04142493593965098	-0.30748101749036727	0.017750411390881012	-0.11988105925421695	0.4245852614199887	0.25815923343752056	0.2506831662161407	-0.29956614565377804	0.2490303033065446	-0.27877291111129077	-0.13361495101483367	-0.06973188499804057	0.14525844878265723	0.0701591665184288	-0.1400077299756102	0.1072338738799841	0.11093543670783997	-1.1263445076432834	-0.42952977211057397	-0.015554492183698329	-0.19339567496532883	0.12585755008026586	0.8035660744674951	-0.09232629378879319	-1.0792633979627941	-0.17469318728540784	0.16557474492652308	-0.5269347844574778	-0.9226900376346047	-0.3024466006684995	-0.1740019795334277	0.21997643069420353	-0.21320534955976933	0.3021830780627223	0.46143552089433987	0.8435393885042723	-0.1376722507846751	0.16479424986452465	0.5758506775312248	0.25640556847933293	-0.40302026344973757	0.07832315627757544	-0.41115780117979034	-0.1274604951224748	0.6228785668183107	0.5263438232021278	0.0856916604249021	0.1511952511589333	-0.15549656499570816	0.6672605494396521	-0.5034126693162649	-0.15946490072998115	0.008034450063499909	0.7084434411911456	-0.19238226980768597	0.01787282776390172	-0.4471270267904384	0.4467497836988221	0.46676217838345563
DTXSID8021646	-3.3069493062537934	-4.118882985459318	-2.3338385115910145	-0.5970258741177777	4.464664760876407	-0.4517999343709244	-4.4540076284518175	-0.06099044804016767	-2.884296539024751	-1.046206217718483	5.656832456902936	-2.041845863980143	2.0143419187120495	-0.5638726831050502	0.8761483671649589	-0.7922725632300797	-0.14112072758386088	0.5913418480611433	-0.8179593684170126	1.3733783213648598	0.35761709926304935	0.7450278518288962	-0.46003670259694424	-1.1207564744412568	1.3225155325227345	1.3087974414190595	0.5730806280009698	-0.3530935718964963	-0.7622171813421357	0.9992422312631845	0.39890325913767055	1.5211235030458117	0.6614130191655178	1.1362965756902559	1.4982118830354296	-0.8187491269973097	0.8340917717491532	-0.23151598098292703	0.7588273112703416	0.17759164134698407	-0.5754102936447251	-0.3552654668242337	-1.1511925801643137	-1.1871691794820782	0.15543061151975374	0.08898479192358921	0.18131901997735972	-0.2468816115818965	-0.26461198431215244	-0.019611072654428126	-0.10247186782272226	-0.14892755537787639	-0.04259737701803808	-0.26233477298175656	0.6840731386149678	-0.38308279514016347	0.7769156674618806	-1.0645179038247592	-0.3866873474709052	0.4207963292085012	-0.5611045381419373	-0.9126979714431949	0.11329224028850321	0.33463108360727023	0.26942002261245573	0.4508053665360282	-0.2942676089244867	-0.3274757800719807	0.0072184177214402664	-0.7153309665036651	0.3350734208275848	0.1410648758485213	0.11573777537207088	-0.4111328218651534	-0.6729456067718788	-0.40016001076557406	-0.3989311545670054	-0.18925569207562903	-0.2850154902215308	-0.5754276877314984	-1.2679138915009076	0.34628536564046286	-0.4033399013821408	0.4551403134327003	0.8890707481078359	-0.4841059141407	-0.6657598926227797	-0.6503776560998322	-0.20520726496855937	1.028488976395843	-0.9619392650940723	0.1402491383019019	-0.7549726134431309	-0.2235188405091249	-0.5598389374202636	0.5141205316199688	-0.14262656640616062	0.1632420601555926	0.015265959994129882	-0.040016680939615176
DTXSID5045170	0.6299405349005992	-0.6076527911743818	-3.3349357012600196	2.090434082811402	0.027021784110622185	-1.2237923962427655	5.079004360308728	1.7253135056583675	-1.6789693401980783	0.01204868617220515	-1.4295411469853607	0.7291948386090662	1.7941002549491585	2.687670015111508	1.7151683129671944	2.2048433777733605	1.7343405463612367	-1.1326067250415262	-0.9078996826308368	0.3717025042711693	1.5016439058311197	3.345670369518716	-0.654525685252513	0.5781367080660712	0.3291881898457268	-2.8460944970067277	2.2429868892070695	-0.22295843395105852	1.9587812305387906	-0.08287419011114915	-0.35055792666949126	-0.8749145421056402	2.32293937337061	1.0970294962548959	0.10305802645991252	1.1110808002467791	0.592486902996139	-0.20314824895479558	0.5413935139846757	-0.5575231579756464	-1.130049514537216	1.4096169422302958	-0.43291080374873697	0.16456729391690228	-0.39292570795438464	1.3244334519548353	0.903718724224577	0.2148212489760955	-0.625128888398156	-0.031830997119403105	-0.08085937220863217	1.2702925434686303	0.02466270890586705	0.16789286298149347	1.4217344231651425	-0.7831392333085152	-0.7493730356191987	0.2538111803827636	0.5500669223427436	0.3941001667930793	0.09706629707977898	0.9800595012340463	0.5070564058058558	-1.4223196575136527	-0.4482777782642596	1.1635696958633452	-0.26542490979247485	-1.1816728398413943	1.2552117274749797	-0.1341112258404374	0.6186769947217508	-0.32944722452978575	-0.007785175140546388	1.0756182928447995	0.0850218177342202	0.7239236749053345	0.0016798271332668952	1.6303472514437325	-0.19190796500524634	0.5425094323985648	0.21674026358038848	0.9665728352370977	-1.1007244746506946	-0.35857050250162853	0.4994641759165287	-0.3486075623517941	-0.051105993375293306	0.9809322561550208	0.9003916725055696	0.23240348386339846	-0.39574175161804326	1.2570794646851198	0.005277540367086407	1.2130142826061086	-0.20488610095883342	-0.6847156756464984	-1.6547185091870562	3.855057870483796	0.6524129882714526	2.210557827446616
DTXSID3034957	2.1382366870197447	-1.6738631404774489	-1.001539367920844	-6.545553186828465	-0.2802875015522568	0.569231116184421	-0.6148354689285898	1.2217309450356204	-2.9217524424583825	-0.10236272834268717	-3.6129739817187847	1.570220762444332	-3.875098816479331	-1.4847930331882793	-2.066058129926188	2.277963302390523	5.616482939520002	18.64219510689605	4.266211259265374	10.390120049043224	-3.1629961217591616	6.498953782732451	3.6688182269208487	-1.6254485757379422	-0.5767262925969473	-0.5717610625874342	-4.217345961679672	2.4073859072932815	-1.4772575555245968	-0.40661411292078203	-0.5940166013520439	2.306674631901676	1.0711865884527652	-0.5722919382200591	-1.4296637291397456	0.3285839025571194	-1.3451851433603954	0.08916859538679987	0.6831009808016136	1.6631738864834607	0.9835471900898981	0.5957491026948805	-0.4814556784691323	0.40905898787917755	-0.33258134696966707	0.46684507587330176	-0.5430853170001869	0.09986100115723943	0.36772050625974145	-0.3519107631884924	-0.010906068306793719	0.26978408900827866	-0.5220687331672383	0.4210470570010604	0.8340599212406437	-0.8796857463074672	0.11424340012468859	0.24722571842559699	-0.4535806607016175	-1.2076867447871695	0.9791642329724994	0.1419587894020089	-1.0271994098328574	0.6034055062927096	0.06128088258485194	-0.5298376483870662	0.6899252063293766	0.063531682455829	1.7825333580794023	-0.3450841551167191	-0.352058481496495	-0.00648443344809556	-0.5850774702819659	1.5795347952277405	-0.057073610065575674	-0.2834766953392336	1.3405000872556432	0.306819885548294	-0.02950044391253362	-0.5530078387567596	0.1282079091081478	-0.04895396512330404	-0.636841968505262	0.009537728242666407	0.5682739341811569	0.91618282852307	0.4424530347444091	-0.7431369344171637	0.050438651505895944	-0.5547289405403025	0.6105659404344083	-1.3229151357990967	-0.011096646469504416	0.2936167699177275	-0.09643695466914966	-0.007953932841563411	0.05366726428644412	-0.17651024834556428	0.37557543079480205	0.5792883280866289
DTXSID6032354	4.080498023146369	3.227258544853284	-1.711300449238431	0.9005587066969288	-0.2560849042111352	0.8102862075008115	0.6603137232728656	-0.6185929193886646	-3.2978418660548803	-3.6255591347196603	-2.725905560700421	0.7851774771429021	1.6786149938827597	2.993264312435843	-0.6399048084414777	-1.0151967967342261	1.7064517702335604	-0.2770533457966574	1.7574153581145078	0.7156020347869212	-1.7860904876202803	-2.1754744937011226	-1.938746063258686	3.564255761007576	-0.329663448310428	-2.525072596642336	0.572496918096664	1.6411894063412236	1.6349044689820371	-0.6405959721362915	1.3742799606983964	-4.0689389140465675	2.9135344034109725	-0.6205391732925707	3.5608343548471795	-4.483175317927048	4.345942737285568	-2.61168980503363	-0.1290149082024792	-0.30126259593723875	4.679090844960312	-1.523142411720864	1.7211398513819363	-2.9497586447844757	1.672690731603913	1.2616364378033762	1.8438590753837085	2.357733685649493	-0.9434696213852235	1.7123084155264001	-0.3344580529226836	0.3183770404273127	-0.6028778743210952	-3.1008793956861704	1.6950960490249387	0.8188039380284454	0.9548636672163066	-0.46230742918809603	-1.7049791560915024	-0.5755954519200357	1.1178440622623353	1.033822466409117	1.6179808305936743	1.8159672167851397	0.0624462415166539	0.9085956336017241	-1.0783491067574316	1.1443656343510655	1.522819154190808	1.2532791851782155	0.047292182962755586	0.9752201352828185	1.7902904678427298	-0.11067822205800293	-1.1046018139995923	0.04640118319984922	-0.6052341285200745	1.169342246594432	-0.6614486617739664	0.6298198789939142	-0.12104631478151205	0.563665126000667	0.2867936086751191	0.7229653447059954	0.09644683565101587	0.2126111929421334	0.6438934279208006	-1.2040120564340226	0.33920366658748646	-0.6512916493960176	-1.497357724752757	-0.8805363751740828	0.2699916818121619	0.26848152254273444	-0.17052235625582343	1.327784740106616	-1.3294862440609876	-0.36370204657018673	0.1430746965168878	-0.7677559090760125
DTXSID0049288	-4.514340332497405	0.40856148959266814	0.8506304220248904	1.1615897334434284	-1.3153266497695384	-0.3877780487509438	-0.7212562865653512	-0.8873701335218315	1.006953028578031	1.3455235101394203	0.5671625022803664	-0.8402126153407348	-0.451374422502326	-0.04573861180265794	-0.4794601966007145	-0.4185571967744498	0.4938105381098121	-0.006281952673204492	-0.023156830007461583	-0.41070509749181944	-0.10607225367535551	-0.12916366406425211	0.7677976172170665	0.19495705814948108	-0.38617821320365425	0.058519585048694554	0.05645344432143934	-0.576127828727987	-0.0898724168088215	-0.1930918364323838	-0.19943582205174032	-0.0733394275969523	-0.3224788370400842	0.12258887298791378	-0.21211264981073288	-0.47789469677254615	-0.17717017180409278	0.14494468761553927	-0.010463909017200219	0.17509244550505987	0.19374542241527015	0.18366922947744252	-0.027517728341916903	0.060035355593240726	-0.7043729141848636	0.04310727250315619	-0.18242189295403746	-0.3158943444758919	-0.12106649512325798	0.04840309081221765	0.09447424007925681	0.03972772576461416	0.027644892655115775	0.020062907342383786	-0.14509887196375182	-0.1070911337705694	0.39954506701141135	0.09804147678016654	-0.28183877875612784	-0.2952085250203742	0.2904714652786507	0.2573441143993629	-0.19100915410876343	-0.022530923721403934	0.19499842524970998	0.2634356152515727	-0.0379468046324781	-0.06269598624825039	-0.0863222532483414	-0.3280174791649086	0.15015698995689716	-0.4628059353203592	0.4602194220717921	-0.005217014036355798	-0.3385527191567612	0.35558191890982593	0.49962796731705256	0.2524403242724386	0.2014098557134058	-0.07133574080452262	0.19551362524459245	-0.45030478531995854	0.2981424768762442	0.3339839550556737	-0.4226026996800865	-0.029468942743205325	-0.5298524184227127	0.08277041440886311	0.13506999655988702	-0.4070115337310712	-0.19442735426889365	0.34717271959983886	0.7974188354506914	0.10030806610554353	0.3916983550444161	-0.1213657552408047	-0.46573209345512845	-0.17515686245660542	0.2965921298437249	-0.2731248838276326
DTXSID1045740	1.3393468321488775	-3.621098879442028	-3.031563055856001	0.6068296610295122	1.777157731395238	-2.0440610183467074	0.18691925964291087	2.0688184268808123	-1.6704860531933279	0.026715789203510244	2.25739714967243	-0.29248720709609316	1.3738825181595256	0.1282639706945994	3.7587208656965574	0.10029622092071296	-0.8199780112479647	1.311389570122002	-0.4802529704420278	0.014742858522226392	0.46096854709970203	1.3798086718177527	1.5494501834288632	-1.3927375072239943	2.448611541642469	1.6496720402563456	2.1892169403100703	-0.9981870537943192	0.10809574848344441	-1.5901680163687941	1.1647725181083008	-0.320145454684479	0.1482427910655397	-4.120677320457324	-0.9122051282762266	-1.6041862464424144	1.2972083863586337	-0.29246155341968194	5.7188460667256775	0.5390503704540158	-0.02663403432413008	-1.5855179624025242	-0.35040021334496807	0.7560977741038477	-0.7632710035023522	-2.0089210307171874	-0.8600439492915528	0.01676961153218874	-0.32886405630883786	-0.243184539750179	0.1819750013858061	-1.334848370408922	-0.268970330914377	0.5479546582485617	-1.6455748379730322	2.051904130577069	0.9350936291840711	0.5383179347099027	-0.1705719466152953	-0.7826988269329347	4.6070967456899075	-0.3559008710008086	4.4067113443143615	-0.7880848662569622	-2.256683811724842	0.5610126843891173	0.2771185795423823	1.2711562102488398	-2.1529150060780364	-1.2283913987833806	0.1971340451491019	-2.2062673718640466	1.1562802717701817	0.41957689319505154	-0.9163561605902588	0.7691835090468768	-0.8316098907790372	-0.020904469186388025	0.011800894116500461	-0.35054596141747246	1.4571638368706248	1.0894234791728237	-0.997534094634264	0.1475462852007198	1.4566770897275332	-0.15527815578967752	-1.3426294988678722	-0.390066902878718	-0.07376298429265066	2.2458355954123568	1.7552612425508436	0.6285678825168801	1.0192423239057278	-0.8874189826527806	0.14580814140968118	1.1636932696408404	0.5404142022747719	0.7252586137969219	0.03378470286850954	-0.35634314661963956
DTXSID5046194	0.3513763444060327	-2.988736905648923	4.475935639074661	1.4242211243354497	0.7147057019434901	-0.24627790579104736	1.7126023613524008	0.5117335068318812	1.8441819841512834	-0.246797106276536	-0.47349165315233815	0.096023285128597	-0.5251335632218036	0.15975411096116998	3.167743438840473	-0.6799696692857142	-2.9996607134535664	-0.6183012357109486	-0.8388570231550889	5.397662262429185	3.1882019749166144	-0.38841657796634127	1.7245306712970512	0.6756068295029466	-0.366886443782195	1.0954082699735448	-0.7334676369008268	-1.1979473523788455	-0.995344179029227	0.26700129517081067	1.0916667628799968	-0.1912861827248042	-1.4069148099082414	-0.6644589630026346	1.4827030892898396	0.7988429269834123	1.8432209227283218	0.1685046930332105	-0.4567263990895617	-1.5732809021936294	0.7593298403022581	0.21543769192416548	-0.8502782543106636	-0.4579488855718756	0.5033616449035078	0.17396985829997225	0.9098670128093068	0.12872804600126198	-0.2698017099332915	-0.30978872523114515	0.05075902825153214	0.841443150146956	-0.49119154472407783	0.04301795166548054	0.6205358959785229	-2.3697419939223403	-0.18289238891780335	0.05354825941816802	-0.16964610966691787	0.9471879267520754	-0.3035548665183064	1.158924284239831	-1.683678692791443	-0.41552121749514626	-0.800366852852379	-0.044285458997528816	1.214533273292807	0.5666045708763356	-0.5949338144662893	-1.7237610258837968	1.1897880578780424	0.018166761779065888	0.6321637472553312	-1.9702726950989264	-0.5050590062572662	0.2634932662588483	-0.7854544218259185	-1.3159572767899792	0.4888364347735848	1.07061703730823	-0.034464343501708954	0.9842153709518715	-0.5116882194920358	1.288993514471062	0.4771576350369157	0.7233124440772943	-1.2986466250152293	-0.8125984684092408	0.005935812277188739	0.27194089513142156	-0.5204445698158048	-0.0033247809236951896	-0.4161600970736981	0.14638796146602678	-0.20398133682229413	0.5508273817878492	0.6444031253505523	0.16403341157457427	-0.47862674716386594	0.19963416135419548
DTXSID9024304	4.677842922781164	-1.7021658139119573	3.823831224646854	-0.2785315430605598	0.9737968532629354	-0.40131928533989325	0.7424255925230484	0.8883544960464848	-1.796050261087293	0.3501737461994215	-0.6311098989678456	0.992852677856256	0.20069358760071826	2.2162895243587637	0.08396841888389839	1.696976819282541	0.6815894904171053	0.6097367991575258	-1.9374698237888752	-1.6880850357211827	-0.8351076348909311	-1.0253520621315682	1.900815272405616	-1.241274828758748	0.03745957742500652	2.8241726978384847	-0.22715007621904676	-0.8644032680698461	-0.9357532975483122	0.2786423314875344	1.1809598944856514	1.2125409719170104	-1.7042507876786448	0.336435721205258	-1.3743717860043614	0.9799746067911869	2.295768874450743	-2.7399444014965146	-1.385088583403392	-0.5979019831827377	0.043264263106563845	-2.371993883825466	1.659934790509477	-2.705193188229687	1.0178323076462867	1.0098133925362403	1.0337955053518646	-2.4707093044707644	-4.312809893941855	3.9372878668881155	0.41578503074661927	1.5884256307894735	0.05980844322063911	6.338738119662507	-0.6532525784162438	-1.9418011049126769	-0.19160758302188557	0.3699603330389018	-1.1671055484333448	-0.7818494001158712	-1.2414267709907447	0.07705369554155006	0.5847363402761936	-2.0338531724940037	0.5894794185853085	0.10553327960906952	-1.2161310813506094	-0.022786950116990574	0.0894843696973895	2.0243229444336155	-1.2769982140302856	-2.6615200074575514	-1.0359654235320888	-0.1875172565671105	0.1496783343650973	-0.34243866359057945	-0.3250409516793323	0.39232832451654265	-1.8442350920004664	1.7893102213800824	0.11710790124596152	1.1175439983035913	-0.31834413995626776	0.6883957818843831	0.20339684272933536	-0.24491752901549768	-0.7005834749786063	-0.28957389047666127	-0.08159055247839751	0.32388635014370376	0.6978534507683906	1.7912678173467889	-0.7268606134139743	0.4908686254963055	-0.43336242690771876	0.4306746172985718	1.0451999570151922	-0.009762386909021183	-0.16185003149927468	0.5040756028124037
DTXSID0045626	-1.6111892937601215	0.08109937192453964	-1.8357613648587798	0.9509475873791637	3.3208745853009365	-1.5856471736659776	-2.568760085182204	1.184128407350989	-0.42432218481073064	-0.5445692774737111	2.4401452837825808	-1.0081236488905434	1.4907192875801683	-0.38839319932711097	1.1550334363606254	-0.1293396596685022	0.3826971618965604	0.7926619454927959	0.20510477563130064	-0.29272899430073174	0.706593195643073	-0.18889115128005013	0.37404112861691885	0.29424284115969035	0.26564826108215883	0.3113385614909508	0.31452498706349713	0.05604206444436787	-0.02524912808282308	-0.003870714442105419	0.7066400551904628	0.14544163805579682	0.09136977048666674	0.09347471419969203	0.4042555476606504	-0.12432659575814196	-0.20027226503413786	-0.03652977451972685	0.15652172636985706	0.45132046432322764	-0.054291720943941364	0.08881552784743836	-0.8426637098980744	0.37696615745628353	-0.3995070921173992	0.26526780677059114	0.35751102092382747	-0.7808171470722809	0.06955113169149278	0.11320521900438923	-0.08802856168040178	-0.21143436140371882	-0.1623739451321049	-0.12225436219880699	0.11509666699301771	-0.26943879258920667	-0.08431455135019623	-0.24884333299876552	-1.0915724795208503	-0.0270674581798733	-0.27341401218501876	-0.4390866289535302	0.2136868006681535	0.6173910454142743	-0.24305982123567071	-0.6436903795500661	-0.7792877144718007	0.3467495062888367	-0.09008350623066459	-0.5917623054477039	0.37243374844795724	-0.20095822013806489	-0.06837304785730895	-0.11584221677337832	0.1742405871457779	-0.25858752279932085	0.4520772349202125	0.8655435365713221	0.3179776503819581	-0.3599981010623248	-0.4494914313780514	-0.26392941312636864	-0.19140716477585595	0.04400436462109944	-0.11602506080859186	0.2511316545535461	0.645151289346473	0.2925886486368431	-0.34228274287511967	-0.02464710064485745	0.1886375017223407	-0.2969098689721128	0.9748458317478877	-0.31089065230007307	-0.10095268895043201	0.07261913371007883	0.09087241124902035	0.22774480891177934	0.46873741985120293	-0.6637189619222551
DTXSID3026726	-3.1514848210688746	-2.2763384655641548	3.1298035221480522	-0.3199060406211151	-1.0832796138902003	-0.8256896666259448	0.31252391619744807	-0.6843594191620093	0.29317942925489626	0.9395988707086187	-0.12337007571993099	0.01522610752008372	0.7826947025544989	0.07343198254419546	0.29488706528947917	0.03776288039759949	0.6030159298894289	0.7018958006485986	-0.13902793370243657	-1.2050689848260134	-0.1650823727660528	-0.5822717914227489	0.8834274317185271	0.19396349653761472	-0.18643651948048848	-0.11293444456845565	0.2531283805442027	-0.3437883513070539	0.276434022370307	-0.42198730412332924	0.4240357547689209	0.5111222415056457	0.45438984702316526	-0.264689849728786	-0.9471423329910073	-0.10388992781460063	0.3349763306272551	-0.08044396514908449	-0.6053939006385406	-0.8446061088055857	0.5610587373684927	0.04116052224656692	-0.18515326205030988	0.10099768964811603	0.0699631067699804	0.023294569704971027	-0.1299108116433365	-0.141797545562425	0.08262441881674834	-0.05874639502020989	-0.04425406434024825	-0.36511072225635943	0.08273232476181427	0.08401746014290178	-0.02307892511602534	-0.03215475586907097	0.3041299300867059	0.017748025976809755	-0.09727392532834521	0.584302958378045	-0.48416144266047	0.18630809179483243	0.0657245443638996	-0.032583699820497865	-0.9680510332269711	-0.2665796437804279	0.42212809978577165	-0.19785872641035543	-0.14345918474717168	0.2366809947513922	-0.11545564765902686	-0.1689380652259624	0.34160942628861074	-0.05460705241281653	0.6325495203051111	0.18113284364613064	-0.26210927939289236	0.0478970823734492	-0.19770047989546438	0.5203901014464866	-0.14087110418403653	0.04398341487868232	-0.17005154068023978	-0.11544659811273125	-0.2685931583893669	0.08578757393169284	0.06760771987113122	0.07099759780032233	-0.1286048261750405	0.1781482251138497	0.47572827817087904	0.4422429414267208	-0.31623831916341455	0.19443633234586225	-0.07393393416361448	0.1646373681662512	-0.0619076108231549	-0.28331249172967526	-0.02809876935500729	0.15202978587337962
DTXSID3020093	-4.177388752782505	0.6859798739776035	-1.7075401583380692	0.9821755896595709	-1.907594104015509	0.25931565078935354	-1.1431101379762156	0.2457261319122549	-0.3335862953133037	2.074944077554837	-0.631457584034493	-0.5563491967538348	-0.8082328676445593	2.5936233907396566	-0.35363258404679676	-1.0600464301487151	-0.47901804564882056	-0.3247952273229145	1.1609711496008315	0.3030348190038147	-0.48598440498529766	-0.11004983477790713	-0.5429513244829941	0.6095768447061172	-0.30144496199263304	-0.0070375962861166045	0.8220218345434117	0.4256432345106076	-0.20347646078087858	0.8475267100479896	-0.009410724466159941	-0.6193714196120688	1.6736841714590127	0.36286406180637076	0.33495912508783227	0.49992775149940355	0.23417907404283103	-0.9943453402449328	0.08927292971958173	0.3048029803704766	0.20274409201976673	-0.11856263367567012	0.3944312738088099	0.45668964830636594	-0.5291759087775247	-0.2483930243744517	0.053732614680967614	-0.3400158111522027	-0.259244505026394	-0.7936521122145153	-0.08158886431848437	-0.25446752102174	-0.05145126220901911	0.08900177956894924	0.44561077859341275	-0.4284095550773617	0.028517609389875822	0.08083673274548368	0.24649604573220166	-0.5573352275404041	-0.09743237396211951	0.1909620650945477	-0.4221696800707337	-0.38730634487405724	-0.12205770697769505	0.5970403624665545	0.12071431416127269	0.3550825510076477	0.09864904566921748	-0.6409117361482046	0.3958032783158892	-0.9572268044322615	0.03084508477677522	-0.621847613729042	-0.1566525362331961	-0.07310815020738182	0.24233491385193665	-0.7112976046409717	0.205247810735844	-0.8198230651605817	-0.2429035258131689	-0.4367759056810316	-0.4515630779146077	-0.0012763066051046394	0.008431977349745335	0.36425429129778586	0.7417626829726227	0.5329214684046321	-0.7185075221705266	-0.21625198993454406	0.012878389578911688	-0.6165233203726189	-0.3745263535811122	-0.1094111259974185	0.17939138667791107	-0.3358040771220028	0.3245565266989009	0.31177566789360395	-0.0007845584655595241	0.017757828769555804
DTXSID9048774	4.642001056557794	2.228765704313616	-1.7994580712801507	2.080605287239408	3.0120194463872387	-0.8949087619060018	3.725877190964102	1.784148199610862	-1.36121658548088	-3.9694753898158694	-0.961780386278967	0.32420124707159975	-0.7272420158762468	1.0228185792191253	-0.24096917997644657	-0.714457505156784	-0.20143873728994752	-0.6440026636241903	0.010163690601814202	-0.1490107017289779	-0.7094028217295554	-0.5222442560765606	-0.1929417293133356	0.19046360453791805	-0.58152781821882	-0.383173702152918	-1.141348109278667	0.6777468538280876	-0.3889669887826448	-0.17241932547225577	-0.35505302784505327	1.1253652652502526	0.2394448329174385	-0.2075918394611275	0.23417264699084467	-0.46546181108926465	-0.6014377502795439	0.398357050684301	0.7134632554480288	-0.5236125839994588	-1.3890300071508033	-0.5512528962532773	-0.7829804210987861	-0.4068702552747403	0.06430312947250952	0.12498967866143536	0.6268916634365694	0.19955500921239017	-0.27472223706947685	0.10931045985242752	-0.504149613244134	0.2994562228304255	-0.7964376613957387	-0.3642318910748227	0.26907594253040573	0.5110819238881796	-1.1641066440898435	0.9092434299178119	-1.0053334162753593	0.7408518804044287	0.17109759209657494	0.42830435194830424	0.20182486216930717	0.5758487228844694	-0.0724201573655828	-1.0054947000663421	0.4278768372844875	-1.4868209814726028	-0.41338998051977005	0.03345473857060586	-0.006721040560694908	-1.177350623875763	-0.5557961715321759	-1.150638265996002	-0.19941498647424025	-0.9196657993107397	-0.5891341176033679	1.4735218626066704	-0.34409809385054935	-0.5869691791531304	-1.5127184890613585	-1.3662613508407566	-1.1545071997149674	-0.602161841907207	-0.3674465738619359	1.0790504208731262	1.1602647390490943	-0.6027869229482318	-0.3357968414424611	-0.9129473935824841	0.4072891619852323	0.27294485546861696	0.9646918660932533	-1.3419735640194481	0.7713153012253271	0.22111518785426026	-0.5684348496606307	0.04430204031088196	1.0747062438837869	-0.5786696116560738
DTXSID7024081	1.2055192940941082	-5.7293465913061254	-1.0453268789131227	1.3901298872060666	0.613905124817411	0.5402228350370767	-2.8165129656183954	1.1213245038402164	-1.1928040609058825	-1.6853616021995808	5.405010256500655	-1.7202129048368555	1.781648785403307	-1.3376294019662311	3.3754876854843765	-2.9251022716840716	1.7336806202657804	-0.09794021772601195	3.0516201232804114	1.2263459322884038	-0.3648094343631304	2.0843163482081573	-0.7572500403898506	-1.0390374378385132	2.13412159488825	2.1037433657063804	1.3175390013678223	-0.6841525684528578	0.09397503173908997	-0.383522984349144	0.14718518713372933	1.9959446913634522	-0.522346862572206	1.3674865746124603	0.5024295971196376	-0.6345614297038217	0.04559764760892037	0.23599858042534608	-0.7149004314932059	-0.1800218110788045	-0.16812394886696402	0.1167147592841702	-1.7795256601704206	-0.23467085742698465	0.3404676703549212	-0.009637413991149082	1.1957055625487623	-1.2774894727226531	0.04418235592563124	-0.6483063372674183	-0.04012779512788889	-1.1519112204494684	-0.2338367039090157	-0.7354185552794529	0.08459513871775334	-0.693162511096793	-1.3312578645188429	-0.6927898117808565	-0.3570507704483192	-0.20154212442558012	-0.7272886540697887	-0.5267802737273007	1.197396535719636	-1.1356232592560929	-0.4167705126298929	-1.5145625511159242	-2.7512031180170036	-0.70915241423698	0.8884221239568377	0.7702809230517327	-0.032790930019641625	-0.3694270402116433	1.4772342725144887	-0.6978318850162921	1.283100620802046	0.406500430989903	-1.0113777734984908	-0.7017094353169478	-1.7909920097962484	1.168842327695933	-0.9118088341510382	0.8129246869736761	-0.10526982941260633	1.1385972595358305	0.778940631785957	0.7146503792431598	0.2821856892463465	0.038071940063817394	0.05218631003018984	-0.39237151397734915	0.5253517601218669	-0.08896630205613551	-0.9654253651097009	-1.0962790074193904	-0.2955457873573549	-0.26706134034804774	-0.47495439016972124	0.2486099726204465	0.7474424863564287	-0.3425463532272378
DTXSID9021631	-5.818176087844482	-1.7858698679397405	-1.8940348927273876	2.3451368931018597	-0.2590782870677028	-0.3469417841548449	2.139021197135209	-1.3953769233182618	-0.4263749503048509	1.5022286487965764	-0.1965633742414418	-0.5799825043500825	-0.33764621073187556	1.5772845541097542	-0.5427654926688376	-1.5447494477166739	0.28646582680156213	-0.226284216287385	-0.2433773272158008	0.3147543875288479	-0.7763819609804662	-0.4896330534855355	1.131936894509034	0.016971503781429916	0.14736715050408944	-0.7439279281550287	-0.053017525426937516	-0.5701897537830023	-0.18279812521956823	0.4791911396605906	0.2885823637873782	0.1262706244278688	0.8059281115130466	-0.09468820141170428	-0.3233561006716636	0.0480406216002571	0.17243709944133975	0.4849671911037743	-0.12843607861406692	0.24297513223633005	-0.37536094553527427	0.04348136021362451	-0.03960134004429946	-0.17851991255828725	-0.046548500151130386	0.1279020715508866	0.5753113462424544	0.17055810815202252	-0.1596261395894313	-0.13042298527718466	-0.14149911357906456	0.16531270181931074	-0.029064206630326963	-0.06283830376647	-0.09984412373108174	0.1577886520778644	-0.13628601123567774	-0.21984037045026142	-0.4607658573854407	-0.2138522682902631	0.5824765061364701	-0.38711011666434153	0.15240751127965596	0.04258977727811991	0.1365879405281176	-0.11410091006157694	-0.16898611256931098	0.061015637910839325	-0.21528144957321563	0.2983773736431423	0.20395445720256014	-0.03792585226102711	-0.06782375691454953	-0.11960075283699532	-0.4532261956778083	-0.21572853547405801	-0.27813683146800766	0.025708176801133593	0.07051997039891508	0.06861640324507648	0.5927233057163105	0.0970230693457148	-0.5041732709865371	-0.8245236826646547	0.259376593813884	-0.2673017537641801	0.3132119537510298	0.7213747497481199	0.4676188585514799	0.36506490157002314	-0.5734019047303445	-0.027349610147882036	0.06621694901342313	0.059427523748618774	-0.22911687294701089	-0.3933132772579571	0.4186381174984539	0.14687641566802376	-0.09902867645045144	-0.16919947838878527
DTXSID0041270	-1.6841981674246866	-2.321466214797724	3.5679887281389946	-1.0383760016573185	0.6049757316409035	-1.0117123508884045	-0.12741070967957527	-0.04601518773850842	-0.1707083623931447	-0.35302312832164484	-0.831762339806682	0.32052849916342724	-0.17710332482751087	1.0884146073308338	0.2703995415888466	-0.2899747836593171	0.5079036930517616	0.14392707355400497	0.7105695309639417	-0.9805446164114409	0.31997812220196525	-0.21690976348580382	0.4028789553058804	-0.4700399117143332	0.5912123571864035	-0.31168144094571887	-0.8024413950363581	-0.5489386856329428	0.005962264928316113	-0.6229519592338213	-0.26942353062954844	0.48199964703076004	0.3507544366981685	0.09994073424747266	-0.3271401648702599	0.1290986614330323	0.09343288870186812	0.4783006601871951	-0.6229853679821593	-0.5405944893377146	0.22776362749674667	0.03584519638162938	-0.6516256897457445	-0.5528296020942948	-0.49822143919641965	0.2263801671227586	-0.1704310011938491	-0.14775486700313417	0.09326650544669725	-0.2292819414955565	-0.05493814542065701	-0.1792984360008159	-0.08111258517748571	-0.13122165229272237	-0.12482738567989834	0.13909260167003432	0.0292716806024984	0.3610811276840509	-0.1603116218330236	0.16973602120171374	-0.2075425833264157	0.35252965712025075	0.7088087889330408	-0.5761252654718627	-0.37853628251111	-0.7242976405532603	-0.5154394243064745	-0.04215421829207195	0.2894461518389086	1.0290014689728826	-0.08377992134407693	0.18061732500829794	0.786866502794912	-0.1888411276587212	-0.7793737472036822	0.442176969248843	-0.4786933308733768	0.5973168255656658	-0.010232532795083717	0.04593120994206357	0.16200838359091488	-0.4376228475794063	0.11106300420438019	0.048304047174514	-0.14420060542274898	0.12453002799172604	-0.5286500824039433	-0.5435546786409264	-0.31383755911360106	0.19918992041376812	0.5221924046136598	0.5739913839725239	0.15515382644228204	0.2983865046560398	-0.4724151900918504	-0.18290716481409403	-0.03127394315126028	-0.029116228098389457	-0.021959265933235876	-0.22189956615491896
DTXSID0057752	-3.479777010155869	2.4372779922106087	0.020101936579804594	2.0093071552439516	-0.9726071948299951	0.9845063538361056	1.9263200631325543	0.10017977974533339	-0.24580871393375908	-1.3582064202815702	0.9429787963028281	-0.07501436965306243	-0.17627262307587307	-0.6885299415235795	0.09293913342056577	-0.04377977102662769	-0.5652590361667648	-0.05754753048744903	-0.6995971000677772	-0.05483511377864662	-1.3935935306760223	-0.7424197673367133	0.787867190289018	-0.2503610296150012	1.0591103807339197	-1.0525600548431397	-1.1015246507100076	-0.2637639010796837	0.6155140630249882	-0.9970979007911379	0.5331142589661402	-0.40969210999118066	-0.791139256145899	-0.07890795359451463	0.6625408560524044	-0.5860173585121288	0.4152094761760597	1.0760871909491005	-0.26962591504593847	0.5674728637087169	-0.4747062674575435	-0.27411998809354154	0.6904031274472711	0.7475318601127083	-0.6133578951363973	0.08839410137559374	-0.13810897178419487	-0.5479280809181658	0.6442873644822639	0.5733668601531324	0.4701300753218086	-0.0800729619636935	0.005520752943691703	-0.5500234517939881	-0.21880896603257155	-0.8957116387149839	0.43517899752500583	-0.9033779334712122	0.8648341514062664	-0.6863980916023174	0.38852065742581493	-0.031125800444281284	0.04456249024161895	-0.8982913841691138	0.0640163325927207	0.5802636802370411	0.48243156404571447	0.04766968620787345	0.9457088509786274	0.6406009142185392	0.35520981220442055	0.137885713718679	-0.3885520001859892	0.6354439637701533	0.4071573339672315	-0.5372997337818719	0.04084778274854814	-0.3962709027083434	-0.1363707967840357	-0.29818151087685735	-0.5092069467583046	0.6393364147749656	-0.3446565746098965	-0.12957638934958116	-0.23029209947341836	-0.06683431477152739	0.1167814630723739	-0.23612735902148824	-0.08575602646890634	-0.1473959052604106	0.06238415273156983	0.02020134796803312	-0.2561899481123554	-0.043189624049575104	-0.0716926446264934	-0.14210460347422865	0.026847917983758372	-0.21025718116124356	0.31677309522605585	-0.1826779887629262
DTXSID5025819	-1.9404418014108338	3.823261113977211	1.049276833111707	0.026322535072294904	-2.368336197448513	-0.6036932550316367	-2.089732198527188	-0.4597701230660147	2.106699051664989	-0.9986088981001432	1.2676712410746214	-0.4187628081950178	-1.3022808319958543	-0.5170328850049608	-0.7899124175418173	0.7579210449698045	0.370466227380767	0.32649296866444133	-0.14877944195285386	-0.1958903234948169	0.1886579770930134	-0.08853485512925625	-1.2591708869568428	0.07641519123290516	0.1603223838463899	0.37608380488128124	0.09948418039271219	-0.33840290035477966	0.06627399150729599	-0.3525230703869098	-0.3616298149847106	0.5243260460825	-0.8997793507608186	0.40691514796502326	0.26539091583887187	-0.037567245163016696	-0.3155277325878404	0.1804333221066689	-0.1585029040858484	0.2597654365129159	-0.15469720862695166	0.187527744707766	0.1524856845372072	0.30562365313583156	-0.5976822345057152	-0.05612383992766087	-0.08404915216912455	-0.6886464713471349	-0.13518336448938298	0.1086466154981555	0.011167203490944822	-0.08016512594087459	0.07718814828997952	-0.30139431475459455	-0.21620782605649147	-0.1696379785700856	-0.22707739053782222	-0.03132878736292046	-0.25668387258230024	-0.32178498523969984	0.07169502514536079	0.4541845764231496	0.1484387522939365	0.8062183713290858	0.31423308963685287	-0.3591812679561308	-0.03902055992101701	-0.22139413784044673	0.5872572497316606	-0.526363900648609	-0.2691146680262764	-0.4774188270292737	0.52624443196041	0.5260492570479938	0.01730052766856452	0.9152992251668989	0.787217512644223	1.1049368604475391	-0.5380080409600351	0.36405987863673084	0.8272412088002489	-0.7882196675833506	0.18191709993358018	0.9648680838528061	0.44676102245363775	0.18983610647389187	-1.0935747049933888	0.5334000744949587	0.410991652065193	-0.026077792728971073	-0.037600530552390904	-0.25060428849751826	-0.16909934875009336	-0.25197399375546253	-0.32229139436050275	0.15115339648785733	0.03930646550890584	0.0458227870336998	-0.2506702882648702	0.19199626916767676
DTXSID8046298	0.4141719918585675	-3.807409603240028	1.8805180267869142	4.53299388137073	4.877931342092882	1.6709165482099388	-0.37745128787522847	2.5893397367285664	2.9629843038876724	0.04620575845981184	-2.1032600310709166	-1.400223447484616	0.1670132512129855	-3.1847643981256253	0.24574698716420035	-0.3466475502695781	-0.09992076425223001	-1.2365178530173333	1.5658756174219828	1.3846646776859175	-1.7603706030956245	1.3715927818331028	-2.427659175315222	-0.25201998980948137	0.04541416174728565	0.25690576231556433	0.6123395291432581	0.431111680138511	-0.2780422905904753	-0.26306443230446025	-0.22868797734508473	1.0393925412962157	0.46269737419930895	-0.6324296059864448	-0.03188492609488048	-0.030378010000285685	0.19206629515632287	-1.022635515221805	0.4735449595345628	1.3238028321023465	-0.13620720382229362	1.235676894428698	-0.23206664218044595	1.361065411019615	0.13895548881946296	-0.5667476203212918	-0.2448392180541677	-0.9162069012709197	0.4181867601964916	0.462963420105027	0.2826133375076117	-0.997175285614084	-0.07776637145515511	0.15749690422133447	-0.6332222357580385	0.5656807531135092	-1.1119886055767902	0.3301777866157303	-0.023704828990815767	0.04240576768346663	-0.4181640199806698	1.0983826950584543	0.7546638617829581	-0.1164249941007296	-0.3452785461837505	-1.3128526341788924	-0.41483155433773705	-1.5052373455827341	0.864700837378874	0.010025443885187068	0.19468267150555013	0.46938591253936346	-1.8100827882616528	1.3545104916132278	1.1599747174306463	-1.3490107118475887	-1.6694867475057205	1.293552764662518	-1.4412701710971336	0.40603384235733986	0.8501475365538205	-0.30252236875593314	1.1102107460180037	0.8280935839887081	-0.9633149169093383	-0.8672443066676903	0.396067166558222	1.2574255783792625	-0.9026191733918163	-0.9919512078521264	-0.70648297188196	-0.1741509188805194	0.30460891062589157	0.9845129116807113	0.6110263888498761	-1.5594677671060702	-0.3217185672983437	-0.136027299318129	0.4795749913870096	-0.7786760725748281
DTXSID5044815	3.84029609545195	-1.0509526246969854	4.409929334235689	-4.711623928091353	1.239841131416807	-4.337869154966313	-1.099482596606679	1.0758627646061543	-0.655514428966935	-0.9159539444812385	-0.4426652375306661	1.0238013196490496	-0.15815442828527684	1.6804063996856258	-1.9356804587469636	-0.1179785351373615	-0.8598085705552674	-1.105426010970205	1.4474719167319747	-0.35777460417175316	-0.15836706746190285	1.0240249247908215	0.028923978197035453	-1.0388749744448589	1.0465895779705152	0.6351055269020836	-1.0345133712666588	-0.01765828641501297	0.49298857526932105	-0.7739671595139256	-0.4724949083399199	-0.3897762167929104	-0.7950767544110747	-0.7580687090315535	0.7872185670001034	0.24064756325763223	0.7261649670882504	0.666885157758111	0.5245396488409884	0.7476690171826436	-0.01514927713890167	-0.4458418952466838	0.286743081771012	-0.2017857333253545	0.20906254095320567	-0.10857117882671542	-0.4932943209323378	0.6925993056297135	0.3506504460371913	0.549076427995723	0.015297838055175426	0.37781952100484906	0.30499987283897345	-0.38526197863367934	0.2993368945455816	-0.2919536714751607	-0.2274786229172241	-0.22890067982564966	0.7149707226698726	0.22696155092288028	-0.3648688095442587	0.17942903214020542	0.20771170149020665	0.012388305796679534	0.14016379682019958	-0.7695676428271891	1.2129347681154168	-0.6203828688137337	0.3140006186721613	0.466718428475397	1.0835206854800845	0.2962372422625752	-0.4293543197588433	0.06858770122376386	-1.4467816260290602	0.1537357461700016	0.018602614012798824	-0.5360900900610392	-0.3682617870158555	0.5939771209780504	-0.9347422756157818	-0.8047101069742371	0.07722671496808006	-0.2608187338374399	-0.5306343491522209	-0.056158044290676626	0.8360576941926186	1.6235855907417245	0.25971710068616605	-0.08909994854948598	0.4625900452958863	0.9226339181785901	-0.06404326693295431	-0.4245165171651373	-0.826888752447602	0.10835465346222407	0.07464517018306245	-0.07761614390790302	-0.22626929881038685	0.3475357224996198
DTXSID0045414	28.438409391232383	2.3569438503725726	4.472508434735784	7.7861064589153	-8.363799582989305	-0.37253112846672415	4.644542938743918	1.0096900260180695	7.5073682389394625	0.8703528021746212	1.1557510847461507	0.021005293751761866	-5.297190581863887	-3.1640918739394075	11.318472535547926	-3.1926449285174625	-5.532490941312566	-3.7912432934500937	4.2886578122074965	8.830218804629144	4.188356336235376	0.9421859145911702	1.949658741061282	2.6523662804891743	-0.4408615776728418	-3.003166230790985	-2.8275098020415497	0.014979144827189745	-1.5659199453749546	2.545898410356295	1.3187942157242858	0.23911005981450242	-1.795501720959953	0.008450348016615969	0.5908669605061826	3.190997788118028	-0.2674616955427046	-1.9217078206537135	0.1771865389051729	3.57966238524858	-3.6996303550951706	1.4642289308269574	0.2754656173846706	4.5722484504343575	-1.4461499497217711	-1.4379765701118359	-1.9547718782712793	1.5399020818513678	-0.8883108592668082	0.9629818846640448	0.23881422696309246	1.9701226760526822	0.7785076988041079	3.216904208912683	-1.5881184430237452	3.296830275581039	3.093669996418806	2.0773162424325933	-4.653257049850424	-0.012647440553375302	-4.294696820067193	-4.223774469307223	1.9204664034517238	6.960716072731631	-1.5904638880272057	2.068285652023135	3.2957030016984903	0.08561432750324524	0.8061423643848019	4.240046661728022	-2.681892049374892	0.037794227069365915	4.14894852904583	-2.005019893454602	1.0417104553938	1.5406575860019238	-0.2642832096466359	-1.7131652390828267	-5.382890898579231	1.0687740613284458	-4.962245076351801	1.7472982838615718	0.4298440343173293	1.7905482410020417	2.8291806287825363	-9.556661667180533	3.8604745004269976	1.8505587377241137	1.2149523239767597	-2.277203218611746	0.6257219252214216	0.23460079321584965	4.158547775386407	0.4491656150836098	-0.34972242985177343	-2.84289838952025	-0.7779450986167669	0.47028099388619476	1.9719265860797262	1.0043278606021642
DTXSID8042426	-1.190683371919349	-4.293574047215453	-3.799272953770041	-2.039241459894667	3.535528337016927	-0.10746203576574204	-3.306977481557763	-0.4690877731640764	-2.5554714487130843	-0.020633289020880883	5.116637003930785	-1.3136425957367082	2.425508029205997	-1.0469895899033363	1.9278221059821241	-1.5976181517965131	1.4411505331697798	1.4430293431900716	0.4894092012616306	-0.11124015033509779	0.9840525569207978	0.529733102343293	-0.18834699029517224	-0.9280083904912917	1.8275102460490362	1.3216362429139867	-0.21358877167512527	0.07580795728925435	-0.6326123444623859	-0.027186603421735494	0.7625630929932113	1.1624229362146448	0.15221472259678046	1.3292964044043671	0.9797685895428164	-1.7124850366254698	1.1041702035643535	0.04103072023692667	0.41636245840707053	0.20518247758640815	-0.7653405670648626	-0.019753441199476036	-0.9717391039841401	-0.3550698272269804	0.08813443035381864	-0.2496323068763338	0.5004980141411516	-1.449158387956328	-0.0279210379596494	-0.39510341408893357	0.06090163080725932	-0.6186684295920074	-0.17298500886897605	-0.6009686995517628	0.078434590864217	-0.3813999119350905	0.22998673601844336	-1.2545411800427233	-0.22666078990427935	0.35214039127836394	-0.38728262005222636	-0.2840917888682735	0.6803108686233666	0.22857453395957092	0.15778379776060839	0.43504724570016773	-1.2549484109951732	-0.15898879739579905	0.206049576466773	-0.5219259296342549	0.4406626210458939	0.000649064553999294	0.600916925933508	-1.037368487173219	-0.11142969814107916	-0.9061804745457452	-0.3483600234763257	0.7574527630186192	-0.02850567525325072	0.7143329966317491	-0.8040193370081877	-0.20488547901325077	0.18462333072528808	0.3231670908604549	0.8979649767611673	-0.11120086153258205	0.08540856290411288	0.5782831383349004	0.3735104152943118	1.3292967596203502	-0.08867089050773978	-0.8896133385390361	0.20322410913191716	-0.9780896322062653	-0.20282206483932985	0.6099776982606159	-0.2396787702397136	0.6187267422121235	-0.30880267269888356	-0.35091413394771326
DTXSID2047197	0.897691810804796	-3.5608253878709473	5.290878403295278	1.9430916345013445	0.5257255166264965	1.746991599117749	0.37343870658281414	-0.3949575363819456	0.26268832409400833	-0.0734181952641506	-0.5833867084316183	-0.2702769300602673	-0.8616878001294598	-0.5406170993567719	0.820039301330079	-1.1177009160682447	0.7902971381373298	-0.6342865851211525	1.9951077414231315	-0.4563969008450279	-0.41742823263216816	0.8029663678331832	0.23032150747052121	-0.5709810919988714	0.9115500841269808	0.13006268823557532	0.35884266527646425	0.09482069030544787	0.3761642864955279	-0.7911926250941353	-0.09233120971874807	0.45040737110440154	-0.11053191510573114	-0.21328029535096188	-0.006704234042468102	-0.4219056116256509	-1.2101678529500122	0.14221741631152512	-1.1089398477095807	-0.5345446208101814	0.5380603249240554	0.607840743925221	-0.9018369372740286	0.03333068542698598	-0.21751146777196234	0.06996573340901077	0.5623944104505995	-0.48303127850849525	0.21203633277850994	-0.6786773267379039	0.06688622765088667	-0.7567657015782515	0.08100202644813745	-0.16013452470474435	-0.3855126792471678	-0.5231706678253648	-0.9962485961776419	0.7173302899745789	-0.07204832603924165	-0.7986738857466467	-0.48425677223341235	-0.16347199696408674	0.549598869289394	-1.6999880851932128	-0.09038760276018046	-1.4355639087001095	-1.8437858781980563	-0.6818721807212444	0.11398917067472748	0.34994792964446964	0.017456659790220427	-0.38213688720403277	1.5935119779106552	-0.4711071117466638	-0.9733036229632973	0.5266422695746191	-1.574392671922809	-0.5275000499038437	-0.20144478271931457	0.8913911759064331	-0.3052095590279569	1.2557713879547454	2.0021006371148062	0.05219891932400236	-0.032632197451524465	-0.03726967278220545	0.6907934874013962	-1.1286752911941236	-0.7574969995367833	-0.2716070501013132	0.34475073682090396	-0.774219444001133	1.0768837872734918	0.2384649363095427	-0.1184470966390378	-0.7626260867526383	0.2664063003968869	-0.027901425777505946	-0.46873021894873756	0.26748021809662126
DTXSID0047581	-1.5857430026845194	-1.864425617556934	3.4685659285337294	-2.663318120116688	0.31454217019642106	-2.378053184894183	-0.3574348203416472	0.07028471750128248	0.006381543589909306	-0.5814513853469675	-0.35113179732701283	0.47112969901287916	0.2075927410577426	0.5989897683615407	-1.0555245128436606	-0.31473483991938217	-0.11066771537807962	-0.5912551726159744	0.7289971048465789	-0.36282064808885	0.0047882540779333165	0.403803465397055	0.4871105336446104	-0.4277248839180072	0.3119310186615681	0.3730510200096698	-0.27758903264679147	0.014432260019289147	0.2983591993343178	-0.2800224947317757	-0.01809086386265041	-0.33852576734036915	-0.2917766821206985	-0.6133949805160765	0.24483939585552467	0.1245680929267416	0.35031303988162316	0.49377100946035213	0.3303448175062932	0.527464712032817	-0.047329899051993245	-0.08067988907190869	-0.07987940676597177	-0.17390356859274603	-0.029308499194476756	-0.00520480498889019	-0.1481436169519861	0.21988189926946658	0.20575261608460862	0.25650929167648706	0.07204650488216233	0.24026328634669922	0.14785734928685096	-0.12812709542118647	0.12501424693567023	-0.20736192104269538	0.07257007393481493	-0.07390694631214782	0.29845318366806756	0.17013077435572213	0.0005425308132670726	0.04397265740592174	0.11311832154821136	-0.11630964946443045	0.030466118217179126	-0.205108329458465	0.6547939912854464	-0.44994488473766125	0.20994113793786476	0.496729464319245	0.7240075894220728	0.19369550277511874	-0.17922826215457463	-0.04661629604688526	-0.9603132725981619	0.06596226386412084	0.0342775127390423	-0.1266924869102714	-0.061272108336396	0.056085922937487424	-0.4382021020663382	-0.5129452153447944	-0.050379165600641686	-0.16402382800809556	-0.27327837936136323	-0.07931337538453324	0.4713375533666375	0.9077042908056547	0.10839202986260191	-0.07683155343617205	0.06632462196272874	0.4348268716356454	0.08123053031944484	-0.08807687895194066	-0.5362362556039046	0.15219062182135962	0.03506261741370838	0.015788250143344194	-0.02898960092678987	0.18965569599979304
DTXSID6026664	-5.665869007276449	0.5369645466491465	0.5256929667393228	-0.03569082423940576	-1.4147398307715933	1.0930237318421054	-0.751414393280423	-0.09980269508756838	1.102632360444553	-0.37911036538039444	0.6277669941714488	-0.435202992534165	-0.48977854892033096	-0.5779824348988	-0.21096337028860124	0.6387744182701738	0.08837225896377585	-0.2613937354662318	-0.2718528509198378	-0.8225705936704604	-0.08098886502432003	-0.09577194714885924	0.4550449651896037	-1.140609437477999	0.4741131431508346	0.31630047333999894	-0.8476519551634956	1.125812656112571	-0.32683606899276635	-0.44354127815970645	0.569580043829558	0.04991720401786328	-0.2227210425423639	0.1364368027825675	0.41763140930635667	-0.12332409608344534	0.1484884872587407	-0.9829486390844833	0.32804695016457297	-1.467768709225862	0.5076833028984861	3.9206859919224524	0.030688806037354296	-0.7023474087020749	-2.397870018164744	-3.488372377431084	1.8906691910113143	0.9537321726371379	0.7934587420304272	1.6806992668233602	0.28490698193572017	1.5004282673274758	-1.0220513610534347	1.0025913828231867	-0.25305439414963515	1.2674702484350897	-0.5715528525241853	-0.8123000662931762	-0.1950979376044953	0.12778103434251728	0.37235138788270705	-0.45360049519244966	-0.3088116922996951	0.21214501193046198	1.087984009164227	0.18878786783636722	-0.1705941502058857	0.2806422816119657	0.001122737341878976	-0.5727607254872658	0.7479462501683376	-0.5484503393969216	0.5589890640430806	0.3443885884856261	0.8679044756074371	0.05627172930619421	1.0788126588342937	-0.12839651639327695	-0.053063159705594574	0.08857689556485589	0.2602102630425129	-0.26910484288065967	0.09338057215832662	-0.02245904376455233	0.06662582272329005	0.014564006880212223	-0.18208081261129594	0.4271805900731428	0.08974009809897603	0.018580650723889675	-0.28184561948975545	-0.23750661834045939	-0.07708425546089184	0.029938088229491934	-0.13056040197402963	0.05999924018707569	-0.3102477481604597	-0.15369461729014644	-0.16274663961415942	0.07286533621768912
DTXSID5046221	4.933967102322539	2.888630021560282	-2.5388579512746894	-3.3471888042924616	-1.4612051143499925	3.5415367681599847	1.182937431731918	3.3755400357925085	-4.423229993521556	-0.949270283083259	-2.2650954976268483	1.422288304786403	-1.6049747377998478	-0.8773574414853712	-1.3319164247396165	0.19308277758831285	2.555805509967896	8.245574028610054	2.3355941442873394	4.769185288867199	-2.4729826614038806	2.367039302195899	3.7252215670787336	-0.018909501115793224	-1.4173740207135002	0.005413436418996912	-1.534136215675319	2.1945310021950313	-0.5773513311252471	-0.5090532937418921	-0.48819263070959146	1.1906798539528622	1.7897228834424872	-0.26418646932872625	0.7644342825217655	-0.0887760915694559	0.3107841655861413	0.12601899254832358	0.841658493105183	0.7336598985277465	0.38370966326580647	-0.13341191594537913	0.20367124235766246	0.9205350490426369	-0.6559550061524009	0.6383473164562466	0.25245977253663016	0.10146631646462172	0.24520157595415012	-0.36058477151102114	0.35236013634955266	0.3003497872430423	0.2577459749213181	0.382325117099108	0.4695832467148694	-0.28724518488110135	0.4891372855931658	-0.03044905479653586	-0.00647538148471802	-1.2839484567131396	0.6181603592927086	0.24474873730268712	-1.1449182105959763	-0.0043788229201323055	-0.30437773673301854	-0.15136249813887542	0.9868179250325051	0.6809075703651216	-0.012357877634181651	0.6391646463673222	0.30938534734434286	0.022494070428488243	-1.1135099944634226	0.20664192299154166	0.1272504697452944	0.7642722413033561	-0.38405926437658544	0.2993235942432212	1.6034336529799178	-1.3697123498896147	0.6036885313967327	1.5004541549262949	0.42473670043253936	-0.5836891081779555	-0.05613890586526594	-1.2583634315832612	0.24180595530534268	-0.977278719560851	-0.8650672413298706	0.23440064304205505	0.24482981648149987	-0.14826534791740714	-0.7653319314400628	0.45203883426598324	-0.44755409427287585	-0.5327573556303095	-0.1835724353375223	-0.2081699250749603	0.49022241044888387	-0.32582892761444326
DTXSID2044214	10.944280549108527	-1.9654513680078165	-1.0456014171253363	2.573021949962844	-4.248499582390136	0.43208796749681083	3.66710044594633	4.405410683098687	1.5158090780254527	-5.040956108169695	-0.5847145346727167	-0.1876556878279602	-3.648491778890514	-0.22095823259675929	4.862576019858048	-3.2943827328358206	-2.784449454763583	-2.974779225023686	0.6254670017146969	4.243051030654104	1.4161951105369612	-1.823982028332319	3.0245804939926693	0.2590739083561564	0.05516864737102639	6.359284389494466	1.0221189729375126	7.487331367284125	2.755695689490302	-1.3848710146402583	-0.6872091201227891	-1.3872653591019897	5.310197997305062	10.092611947803	-0.5850044925745445	3.2215325350379778	-1.1099317273097609	5.920918579165918	-3.7493941114866995	4.6193748041102864	7.733581190059972	-2.873873627777598	-5.225060493568482	7.025965541144903	1.356833728178959	0.8648641889629449	-8.13932399243262	4.6466348023863056	-5.755214624200025	4.611331476034055	-1.829486610468516	-1.324944152845076	-3.416198556232125	1.522906550771256	-5.48036856547665	3.4384887552306984	-6.308921406119156	-8.707189636045918	-3.1567064798128075	6.048183683868468	1.7659225271060974	1.093408331891809	-1.9127656307010434	0.19921907282171172	5.109024719991856	1.676289944591026	0.36156520385405044	-2.3305729645797197	-1.228750154179421	-1.0551888556617055	3.163197542862456	0.26337690099422284	2.2275866924638215	-0.17660417930288486	-1.5210377042968466	-1.961947051924843	0.13633211841988083	-3.052034908052319	-5.5240385764457525	-1.4827857812303624	4.525835983183287	0.8512224287680606	0.929649480440405	-1.8648913935346394	1.1933045352637353	-4.4000371928792035	-0.8791053442203994	-1.8092275719891666	0.8880088800275149	1.8075272244064355	2.5177985317273603	1.31746330096035	1.8105555463039333	0.5345519172315064	-0.056240833619057046	0.8141168883996768	0.9412473104773336	0.4113789257715824	-0.9231238790501085	1.9774951518936272
DTXSID3046241	0.96943004595775	-0.9462756900948796	4.658237424007117	-4.606851297781359	-1.9010312517220294	-4.276810755627534	0.8480267958987997	-0.39715120088668465	0.6148068679544776	2.661141526025958	0.3586126619804797	0.4366518265232376	1.4672039199497335	-0.6015115454648478	-2.142169878437961	-1.2372760182528533	-0.46646167976456326	-0.6192643820951835	0.34636127795907506	0.4501035744177454	-0.44981181266496617	0.7747745811876346	0.03125154170895292	0.11520788224101855	-0.44083650080089865	0.6851737942849717	1.0279794546028538	-0.04078100884132133	0.32573427168969477	0.4883647242141201	0.9217925658231187	-1.0421591293323071	-0.5565085647084861	-0.1646313829855162	0.16323984243944253	-0.010375041798567798	-0.4048442417739061	0.32627274253586974	0.4802604871915219	0.8399159989063333	0.29355093369449264	-0.1711848558214168	0.23166082118139128	0.002748777444447696	-0.13699011512253292	-0.08601484554816544	0.10892101971629663	0.06976216972139669	0.176315007527023	-0.11621145048024234	0.15624870896613788	0.09750593548236569	0.12730413740679106	0.06650754261185317	0.09495964063152425	-0.30013478152137807	0.08313200884842145	-0.046500119503823156	0.40780367573459214	-0.5142924682200727	0.47171046006562456	-0.1788239595964476	-0.7153957266669877	-0.2555250684119011	0.4211869190561024	0.5928613488309621	0.1278256655875157	0.2511751727855236	-0.5744004899907192	-0.1647053411608885	0.801629048836266	-0.055802004336561156	0.11302114019756855	-0.30695965391906227	0.14557777671194572	0.43995590504858495	0.4630208862962152	-0.2727617410804654	0.4743463651604536	0.22898673316719334	-0.2718172550313208	0.19567566996643254	0.4888338699131514	0.06812770336551638	-0.7217739453961459	-0.17408433085778233	-0.3020574470287092	-0.18290925826444096	0.5342992080911381	-0.5542383999074916	-0.2029932631439325	-0.36463399575150224	0.5095257929969291	0.5762774565913633	0.45025657810224073	0.25875134776513464	-0.3331824606796473	-0.08740518917408002	0.9062574143658018	-0.53218917835422
DTXSID5033757	3.101537749378267	1.9769871648013915	-3.70999289416291	1.8280819670270696	4.976435351618513	-1.3376013531666626	0.5089512435782636	0.2735329324125792	-0.8949394165538784	-1.5533637315700046	-0.6505248262387456	2.8991959539347	-0.29691184207848326	0.3347985531244973	-0.7503308795673871	-0.9396241519471935	-0.10650976590588324	-0.6730975325144323	0.6266652429790897	0.29117685281016653	-0.796239515208921	-0.08601533379016904	1.7198838769590001	-0.3361287815488905	0.08231686701390953	0.6115632246305486	0.2922326708191863	3.5008393128721758	0.10480493700843872	0.7981481286470979	-0.8615309687102117	-3.015671719935905	1.1269341882758237	0.3622812879315608	-0.4989462222486867	1.1178987645985694	1.2378454628284938	1.640185958889445	-0.29538692868678057	-1.0740777378363566	-1.8689973236678346	0.12874355293686982	-1.4971455338770645	-1.7589157959392483	1.2324223075171408	-1.0213742324121502	-0.14374593442146982	-0.9386060821628976	-0.08127537537847848	0.7455804611754651	0.3435833071111899	0.1393794329825332	-0.134194425636239	-0.5696149216284765	1.576137974953851	0.5234380398493448	2.267479442308643	2.373258311241276	1.5530680901124887	1.0892111937850801	-1.676217231775369	-0.22506750312726162	1.7903395718614232	0.5080280144312747	-0.055795206731234524	-0.7133519792625572	-0.6713326073821305	0.9232976123399396	-0.4783582884693959	-1.5723197170980971	0.2690274381832922	1.528132823621155	-0.3751676926910344	1.709981527034613	-1.4723101001457912	-1.215454039339727	-0.9584179002950372	0.15553902686885324	-0.6760705568045295	2.2444933292234377	-0.3399002776715523	0.06643856379129937	1.4507249778505327	-0.32858956853456006	0.18748438172194293	-0.12034644184923123	-0.42744962259274555	0.14372066248256268	-1.5483795862197298	-0.7609938592008718	0.5978426455068746	-0.708515430309647	0.9464807434558953	-0.8861260712164076	-0.3553336822371091	-0.31080396548935346	-0.0073307017238998734	-0.3629878108710563	0.8101177093869976	-0.3310041576137501
DTXSID3024441	-2.5824038508335625	0.6643983190050311	-1.2339683789163303	1.2714700090387852	0.2986105121324334	-1.2113864702335089	-1.2646669089013782	-0.4209550860539796	0.060092996088476784	0.930575571753466	-0.014506195564543514	-0.545121665321799	-1.384283846916005	2.8251381285182315	-1.4873624714579183	-1.5034423191484547	0.6426628488046221	-0.5459063245045371	0.6664094982277489	0.0653163237468276	0.41251276855883173	0.00852764635647603	1.3543474651150669	0.46916598226074846	-0.7073260806271948	-0.3791512238970088	-0.13511374244619853	0.008007391617235833	-0.3623676707047861	0.44866474392376976	-0.03683542832834518	-0.20793061844733163	0.3050851555050287	-0.7546777128171921	-0.9352222324581116	0.18164297849931324	-0.20314023129891481	0.04702753520159931	-0.2824737287152798	-0.017281641325328247	-0.25860225245846913	0.05701203937078686	0.01204484747563093	0.2677084276830417	0.0429947110755622	-0.42799451164900265	0.6548515898943017	0.047449896518935206	-0.28485876487564377	0.19015987186489564	-0.1991612389431407	0.02516276821272169	0.23764519453667043	-0.1715548380827253	-0.734871609576685	0.6506907194502368	-0.1212834880344033	-0.1049987560081532	-0.6845446406960869	-0.03330335534052397	0.027771574052693447	-0.49615394449240496	1.111636835939154	0.2577099342572749	0.011029813611406352	-0.7480013165030159	0.12981745057010627	-0.5623146372725943	-0.3861049645186493	0.2651824234226744	-0.4636844211415955	0.6085293275823359	-0.0054470961711264336	-0.9751998671066822	-1.037967806762093	-0.5213923044533643	-0.5191779277030982	-0.2470400020570098	0.35661767623895313	-0.4103153575158443	0.12631502144028497	0.14205935735669883	0.10436621278441878	-0.18188484103923616	-0.0037294116731735696	-0.3112131871940409	-0.40343199986447403	-0.15084533728238228	0.15411541775870424	0.22924754179219684	-0.7440877302304086	0.433726226940354	0.2853449021667193	0.37968049197543696	0.06424870054934408	-0.20077919924560525	0.045735512487105535	-0.010189132716157043	0.06759885387229439	0.01375551320815623
DTXSID4020583	-5.839637787735216	-2.898979238802215	0.49913705654414625	0.03369072799018505	1.0304100254524138	-0.5620268743172524	-0.6117043132878431	-0.47373318943714415	-0.4163605468746627	-1.6282273250866122	-0.8438505733897437	-0.08585077027949123	-0.9277500367219421	1.354281869658753	0.07580721727989315	-0.445564159385306	0.8165055773295828	-0.4842532352088469	0.15693850105087132	-0.7418982678952047	0.5601720148312568	-0.45189169511806376	1.3138032195237306	0.21104552569140045	-0.08566711200952969	-0.3930697387328877	-0.44231593633176675	0.4231111452037172	-0.1477116305561596	-0.20174403572083302	-0.03635160701011352	0.3026300313459779	0.4763091352918234	-0.6451810644428149	-0.6039620711435212	-0.35659996161091484	0.13602718620286927	0.0514846872176204	0.03595333903740143	0.08014571302754214	-0.18201002071966269	0.011872301763725961	-0.29354285136465863	0.18903007143022163	-0.5096427408240131	-0.03825106788983738	0.22698883165317957	0.060182387372054544	-0.040486077429450006	0.31376128739947134	0.013523663466363441	0.10455509773088591	0.1949288964206173	-0.04916913815593104	0.06414701959187007	0.029904405473534623	0.2886809583557088	-0.037903763787911784	-0.24897152290216298	0.0015384251540959222	0.38106049738125525	0.021966611122257555	0.4566334544568439	0.21053108008761748	-0.16940716653899934	-0.5094519216152765	0.5301193057489634	-0.6241074946893362	-0.16480363912373194	0.544689734877971	0.0507033365562391	0.2579286631129472	-0.1597515731075209	-0.10658031860004198	-1.1870667280061613	-0.014963049079401245	-0.552616368997681	-0.0436359095708046	0.014642987817663261	-0.5041742158974075	0.1212669881716103	-0.036872794662140364	0.027053940107425664	-0.26593605060839415	-0.08571622476727461	-0.2808670511958075	0.16460970582377304	-0.24650161148137134	-0.253970211296928	0.18038972070138692	-0.6449710554524724	0.11866294330928766	0.027727704783152743	-0.20877319376246053	-0.0361478921262414	-0.2964079968819263	-0.4912671175174683	-0.007365883028157482	-0.3815202565815877	-0.16623604533058267
DTXSID5044948	-1.6174690437666552	-0.25778753878294963	-1.6872708107256746	0.26540698626561277	2.378675381118017	0.6187838853389735	-1.291746678954985	-0.07232967707014759	-1.0507415568519571	-1.3577545403889597	0.12149508457130373	5.035540848108187	-1.1889307711882073	0.3310251899218214	0.08406868425243247	-1.120812776390846	-0.36569690454816606	-0.7751980263997343	0.6073212788867036	-0.9974026031284924	0.423638929628087	-0.1997139053981659	0.30993707274993687	0.4995392803366611	-0.4715857107267449	-0.8026428609913419	0.13655534199316036	0.3186156024599701	-0.09578383947656455	0.1390378817120876	-0.6339256336002886	-0.10089925790778616	1.0195968305494565	-0.2188286568366544	-0.22865707414547107	-0.18343990977073119	-0.2760583378818819	-0.4906979976040418	0.5859360816718688	-0.0636750989877333	-0.4925033281556712	0.4511751422393685	-0.1202280314095921	0.3353192938329113	-0.561588410863625	-0.26945251849151325	-0.0701490075283115	-0.4817063682144495	-0.26573792720402145	-0.3348112076598165	0.09228236364685738	0.0937360580893294	-0.16850796155512962	-0.009003009884122525	0.3689323333928712	-0.6821174825330146	0.2927380950091581	0.015815055972328802	0.2418030213117309	-0.17939066202786935	0.43246286996422906	0.307594949761605	-0.4644368747320197	-0.8402387196788571	0.10145532720896648	0.2305180666825359	0.7053408714800503	-0.18559762920756812	1.3657100632382593	-0.48914940407118773	-0.08699439165131205	0.01424419038909951	0.3711317650548111	-0.08855550150867451	-1.4465204102027533	-0.8122930400614263	0.3002654488165503	-0.7861209097085701	0.2857270648556074	0.48896806092467965	-0.2874299099456601	0.6924906159156847	0.03130229457197356	-0.9204997832231998	0.044172545706894446	-0.7651505800888155	-0.6806198893156767	0.4849105218813052	-1.7014533181519242	-0.692853192119947	0.2125167006143192	0.18202761799367304	0.16499395140543208	-0.5861298868214951	0.5237025941957858	0.5622531088896413	-0.4997393011039043	-0.33084169732276847	0.02385857274316152	0.45714556279260704
DTXSID6044721	-4.748352715445694	-3.277187599615025	0.3965343128449232	-0.24024305465425375	-1.5457211287968047	-1.1951433775453313	-0.006917431568583613	0.2850522006828736	0.5051382931865147	0.15707276172203635	-0.015185009512301522	0.005012324604651403	-0.11532122763992	0.9953481417775761	1.9441030003510102	1.5108968260693203	-1.5158534134798678	1.0756441545749278	-1.0763971651432807	-0.8824325285432284	-0.3661287352560053	-0.6092392900707924	-0.33981298651532826	-0.31688957261677697	-0.948022258238729	-0.067566648588174	-0.15776632487639372	0.23796769759596034	-0.194445418569105	-0.9931159306594142	-0.881200454106376	-0.1740486552193523	0.27115399595709344	0.3184867351591753	-0.06818598365173943	-0.7557569761009918	-1.2137410744307109	0.1043522658075072	-0.780428111288119	1.3366154715378613	0.08789438547989797	0.4569903965487336	0.4822867004714626	-0.9966208020990482	0.3890748237355293	0.34108969181462007	-0.2896411867532641	-0.10775485866829221	0.2617064552194547	-0.46715913785329727	-0.10044086745573673	-0.6033664148271162	0.37947720577024285	0.0012433717323773084	-0.05830140590444111	0.3737847948768488	0.15769337206533693	1.2318390054400241	-0.1264632422955419	-0.01843051657956527	0.2757921217972471	-1.0835504756224226	-0.4499785605682479	0.26213125167390217	0.3903017959459273	0.7895501041015685	-0.4061905548646414	-1.1922421802951517	-0.05504619299903753	-0.05075521009878668	1.7972288025388936	0.807307780402057	-0.7365023848388055	-0.6380707708706524	0.8895426840525573	-0.8069786094768215	0.06066023827231949	-0.11698209754721677	-0.21824034023316677	-0.05803305193730219	0.727755045932175	0.37936020677035975	-0.37534622801585665	-0.09423532280695082	0.7081050753499867	0.7548699851131316	0.3075572876658348	-1.5265294655456387	-0.34069143741809177	0.04931583434861949	0.42166555047857773	-0.10947000020580995	-0.18782590238031846	-0.24108755155051886	0.40782945725694836	0.08145248895319632	-0.21539937972815648	-0.20716035128910257	-0.31245574353864425	0.4119231177189676
DTXSID4023387	3.25580572665482	3.6540195250763294	0.31054775980827837	1.481222097845462	-2.981332574608841	-1.3023257805931294	-2.3988998020452215	-2.6916691460403164	-0.061805501247389504	-0.18656250016014153	-2.983538908584415	-0.7026120173065904	4.383079551522313	-0.42443670662193417	0.8121128831517577	0.3835445838743	-0.3607625947476749	0.9218966035659636	-0.2404852501961422	-1.2745091444365746	0.22356736846006234	0.27178371841524734	1.483322626379234	-0.540763557428864	0.6723333175705913	0.8448440844780881	0.9914395735156073	-0.7877491785205735	0.3969113211832624	-1.363347922635401	-0.7528225833645938	0.7983512931474986	-0.5029904977383479	0.3587928702521482	-0.43316503967924447	-0.1027551502867664	-1.1836237536548697	1.2012801964486488	-1.5377499335350833	-1.6679908614948251	1.0378610477923353	0.7483361415020208	-0.14089196185007996	0.4634200008820358	-0.29593034474025887	0.6499609482137546	0.5226338853282672	-0.6146471081559192	-0.47447194271965476	-0.21602421742366756	-0.1746429662886607	-0.37666806010575665	0.3033160065346755	0.008806833480194783	-0.5591421095927013	-0.4675357088298058	0.04263020334223209	0.624611028384629	-1.3010484199384011	-0.36445884716240035	-0.31398614293659766	0.3067923772701452	-0.02384379478260344	-0.6066561579114413	-0.5655495193247083	-1.2316591089386768	-0.9673693600506067	1.234863482050949	-0.02400974898612082	-0.5682159389043385	-0.7886321722604793	-0.8463583344586643	1.8123199364156894	-0.4933567228404123	0.44449275010263684	0.2572271926360055	-0.088203502105243	-1.3083071812477063	-0.793655946645249	0.8938668283751927	-0.8921580831333588	0.013166561453109606	0.15364759267052042	0.2618443619289845	-0.017508947698958516	0.4938375178332131	0.9322227359559127	0.8885012728615224	0.5503413523643048	-0.28303617135423886	0.19852727488480848	-0.2631585941627702	-0.19444647793024575	-0.9081585770572735	0.009212218904175323	-0.25272616996051894	0.0963055177436278	-0.1810089117801083	0.05645723117300303	0.22498333537487622
DTXSID6047440	-4.151015538576229	0.8957927483847508	1.2334784422922864	0.8310160265198298	-1.3051151818574553	0.06267590974782627	-0.2810115075531712	-1.2210863600031272	0.6335600872833426	0.15512987322939897	0.4145532308199873	1.1287442321450203	0.9779785296870329	0.4461491119010125	0.9455131255034392	3.4396259249703003	3.572606768332675	-2.0242451715987184	0.7856718010438197	1.4785603965114507	-0.7567042881341335	-1.3658770135198177	-1.2497318408688753	-0.37459744906496806	-0.3088752710351447	0.7023116284815167	-1.3159884983562007	-0.7677712026839286	-1.113632778839985	0.36997878236419923	0.371339394915239	0.3732361976374055	0.12078520019055669	-0.24094471812092513	0.09752635719803456	-0.5765579232881655	-0.5208429365914099	0.942743412741184	-0.324872086543464	0.32885684450278896	0.8080877501927164	-0.19088628818545095	-0.7477429392418481	-0.0871432197188892	0.40643180344305796	-1.2131625184540231	-0.7546239900528963	-0.2125695914492462	0.1053888277785724	-0.4240507660280555	0.15806500251023306	-0.39099462838793153	-0.4323966031370112	-0.006970989027035003	-0.7442121693126792	0.41138749449874396	0.502476194839408	0.38155810036103116	1.3344266078527751	0.07939929197033653	0.2890308750795005	-0.6149365734384609	-1.0126126759260143	0.5971746349306051	-0.12126629986785055	-0.6591271307014387	0.07538902910403396	0.6843242852163195	0.3397715414944515	0.6162647472036947	-0.6630959729681621	-0.7012977800070618	-0.6034562635481793	-0.5269487712755847	-0.5844749092351409	0.19388701520048682	0.7624450300599469	0.2615846020778667	-0.1798826695006618	-0.021107692196809125	0.22443597207587007	-0.5477255208305235	0.07150856050538695	0.33843455110909004	0.4378678506114021	0.14620130739841727	-0.12307099707314809	-0.014470356343029107	-0.09231339298380634	0.1822257165172023	-0.10153405245011217	0.12456283604342712	0.08855100461075736	-0.24056288487995425	0.36088457165808013	0.07066674744891166	-0.4977763585854638	-0.4427738647600946	0.21852786440202568	0.3198382930163203
DTXSID9046782	7.523524906339059	-1.5529604402594386	9.499258376234932	5.9209774538786055	1.526452052331462	3.6909641685299692	1.3134736504640014	-1.8772466434150212	-1.81307020124895	2.624779868257868	-1.1467759183964994	-0.15765085929445755	1.0012001640630315	0.20478642373373762	1.347965150399094	-0.2008417196514791	1.0492375632483673	0.42714307414152175	1.9549292253690933	-0.8000103539550744	-1.4767185245913477	-0.8597569960021119	-2.1670660216131554	2.7290144497575315	-1.0575051783165181	0.09970915826051997	-0.2053998749955028	2.142079450891201	1.1919258268944772	-1.2518568528535503	0.3633821746030558	-2.2473174187566936	0.951254431617215	-1.7266540238315602	3.0262106031287317	-2.8068754016999704	3.3565749162900897	-2.0101922911271783	1.2896225739106342	1.3084476695431895	3.6640421521057416	-0.5235572431990518	1.1448382726818052	-2.126794798957073	2.483789492514749	1.0286112668844811	1.8126831282095712	2.340188606400345	-0.9095662236309993	1.8413354323756914	-0.34420497187697224	0.8705230717562187	-0.7992441042378345	-2.657263749204102	1.1566198357861117	-0.03263404943535092	-0.23280339093278218	-0.19518260896417755	-2.1126936669723326	-0.27498909029072477	2.0570115590222007	1.3016953439757661	1.2152172119373754	2.0788498759361604	0.2164054135891431	-0.3080632455036891	0.04437905706021242	-0.4911532013073997	1.9627047915435871	0.2838863959072646	-1.9486087486180854	1.2250759593947715	0.8503828732011603	0.66867433724519	0.6615230010824821	-0.43588266120923697	0.7227382119375666	-0.07183871322212486	-0.6020081209245768	0.5553895887778219	0.1892892904131179	-0.5981764771406797	0.098584271804656	-0.277607813379403	0.14846030885470338	-0.1860509197015549	-0.3308021428411803	0.3483502541540059	0.06514803310412237	0.5094993635515304	-0.3513136696892314	0.8603020470794428	0.14863831434195734	-0.050216024633923856	0.31857408002352045	0.2083466376402852	0.11338806725152482	-0.12469404674527478	0.4638980308495372	-0.0052346283026409686
DTXSID7025502	-3.627206463372185	-1.8120892053510274	2.5362414613422803	-0.2087333337842315	-0.8584200712401178	-0.48371957893168654	0.15531962262104254	-0.862575194584656	0.4815470210945672	0.29552343777945467	-0.05492755897231208	-0.1382456824581894	0.6253872605990168	-0.021054989544828543	0.2197250020467173	-0.07924382354442082	0.9768408150676257	0.6110770282638888	-0.25725638731863915	-1.1705050747840355	-0.057572041325216074	-0.7387443057306826	1.435350397346413	0.15472047866909178	-0.3033828893091545	-0.023546097148161874	0.2826231904290943	-0.1314968528815721	0.1989683157390838	-0.39678321205885747	-0.027301639252856516	0.48091311154683336	0.8864137867396898	0.08512893207723851	-1.2197073879673674	0.2056537449951278	0.420741944982551	-0.3282731921062305	-1.1341012423973507	-0.9018068130733305	0.8224496924132112	-0.2568211532361306	-0.1577665669469792	0.010989054365949873	-0.01784054118455634	-0.1298550332685172	-0.19339640887416504	-0.4048160878135975	-0.017576429416419296	-0.2254383677007153	-0.16545855599785622	-0.5873891573282489	0.10162593319533972	0.06589194321511621	-0.16721600067597664	0.2677811821274527	0.3988960504810858	0.2542359813651461	-0.17166561797123578	0.34873827125754797	-0.5012849238713953	0.293901444480759	0.40374942065270647	0.30911678589401265	-1.2161252832224179	-0.14899049567796754	0.13477063048776747	-0.11184852894028534	0.1387129863523198	-0.035383110638236445	-0.10947892146605379	-0.28353691253067975	0.47396215412009507	-0.32853480023164655	0.429799177538208	-0.3550233640567678	0.11359310348940012	-0.30263386331559194	0.36148721531775496	-0.4445904970145779	-0.5403307111136234	-0.13890545534876164	-0.48869387437672474	0.05923018680665853	-0.10622994188895832	0.22880961676507128	0.7156898305540217	0.427055487787391	-0.028070957723461486	-0.14682660501692749	0.19328544600419575	-0.3111680964468957	-0.3974367117477192	-0.009620245141509012	-0.12303024055790093	0.05892997599213926	-0.17803096193135165	-0.18872512952114667	-0.18692769934294876	0.11897294019007335
DTXSID6033247	-4.167353231975935	0.8697726164818566	-0.4903606376434133	1.215990682346136	0.698250459650223	0.0114405104912827	-0.9573022974247904	-1.3298691283162059	0.5029811388848178	-0.6637303718519351	0.7025360736382212	2.283281936287427	-0.7048101515472096	-0.9686836275083426	-0.14844524957901234	0.2370285674216268	0.20522515620042397	-0.11945886266092774	-0.4760874395123564	-0.02358478830442606	-0.23949299553669845	0.08940994113707586	0.021563706940039687	0.23076358063573893	-0.37540947393741536	0.48260699677948393	0.3332518118725313	-0.26762103166985945	0.07821085702623554	-0.3413303685077789	-0.40860906413809944	-0.022492294174264287	-0.6304955492183019	-0.17485715217218	-0.10937540089208038	-0.2132958818963449	0.49409919770090904	-0.11770040751968079	0.19108947663225764	0.5896883754071747	0.10549775500395124	0.7645422892953857	-0.24074389559053877	0.617284325814459	-0.14308170367645087	0.07669314385235536	-0.032628557613043375	-0.5002647364799674	-0.11758906843458966	0.21985780842634817	0.2279031270177194	-0.0491062740397666	0.08311542175450626	0.012407310732172327	-0.439457186437472	-0.08735262504646502	0.25958972285020876	0.1384650788101154	-0.18229823513624213	-0.04488410788116097	0.18115430191216925	0.5192919033814242	-0.05636067455918751	0.13444592655990875	-0.1597633807546009	0.17208272823337203	-0.1350827317311064	-0.3668844297996535	0.18841197704453305	0.19893446183475147	0.14471404628792742	0.20024399407083246	-0.03689337903250464	0.6942360137672006	0.006393524136256172	-0.611590882284811	-0.25758895782826213	-0.8110446242232643	0.27440559478692894	-0.0865172548904008	0.4081440922949962	0.14613098493719553	-0.40589484796006325	-0.8423665682434586	-0.1395208103122966	-0.27537534744233816	-0.677261807494483	1.026294775396132	-0.6377322711347568	-1.0572644023044424	-0.1967779397764362	-0.7279711193123078	-0.12013705463773007	-0.37283089234309674	0.34318507726599906	0.19361625376973537	-0.25734007658437724	0.15057324710490663	-0.13048509389127433	-0.2141646057378271
DTXSID2057817	8.067878192364175	-0.5450902374756614	1.0662115602106879	3.869879673589296	2.7281880272882146	2.698594509492742	2.807864694508574	1.4784807337757238	1.0450185748312453	3.129746812381547	-1.7053845318451324	-0.8257172939212165	-0.6237169569557025	-2.0267668766201297	0.6599585794019482	-2.4808658152570833	2.751469687672462	0.042244736091730975	-0.017771262812449593	0.5611641440755005	2.3036850702931364	1.0998765375846045	-1.979825506642964	0.7918777599013355	2.0619053085636225	1.1056973483751518	1.6553997160890581	1.73528253005395	1.0868584444105376	-1.6414520064497158	-1.1581349782482009	-0.7867436337483867	-2.9743445417059315	-1.3878993785960438	1.561080569069017	-2.2663105998513906	-0.9824230497897898	-2.2704941449613	-1.331048074737218	0.6451957430839724	-1.4862469779621459	1.0801699936292526	-0.8656258285909918	-0.3961255799147276	-1.6077087777303605	-0.19613527746308512	-2.3715085269216614	-0.3380154423269991	0.4244707351166572	-0.06544368382731355	0.09502592171594595	-3.7909178172626703	-1.1625244873355747	0.8449972312618623	1.0741253008846845	0.24544571863035483	-1.2638971597542978	0.42276757960495503	-1.296662800577542	0.5739990621426183	1.1651458855851304	-0.5423445539769797	-1.7820078073783099	-2.177839104683178	0.1378705634957575	-2.329913334322683	-0.048600333430813186	0.08683737631788804	-0.5282557518292891	0.23739734502145954	-0.5292770374281432	1.0350221466912477	-1.3216547431261698	0.43150788968941034	-0.10571477195793753	1.2503358416988504	0.2623662050149714	-0.5178954736409248	0.08311905301803398	0.6418296436100124	-0.7078089860203608	1.9299735752090073	0.6568682683867301	-0.05979210924641797	-1.1137684099426783	-0.09401700883355694	0.6291623058114403	-0.8662936658843085	-0.6904471578889213	-1.0695222089679515	-0.38589706695933745	0.3931353923779414	0.5865263086812186	0.7107174764236378	0.873171206844009	-0.1705532175641885	-0.37528720251114933	-0.38959127127422744	1.0970315730628895	-0.17832811249823105
DTXSID1029207	-5.4917407216807	-1.0467662893343501	-0.5488130623386526	1.5899898526419387	-0.03682559609629648	0.288514548293126	1.6393120416185443	-1.8741389946896851	-0.33240579235623263	-1.4800585761154292	0.35054676304992266	0.015516384317723871	-0.10423441308008582	-0.08022118552349577	-0.10469755134575498	0.1935314905229191	-0.02211950344997958	-0.23100658994957346	-1.1605849093800082	0.7038728300660322	-1.3281280065068926	-1.0219193562555173	1.074411275228565	0.033375876027704435	0.946524671707216	-1.8987840148403865	-0.28649567322857367	-0.18086917994650017	0.7512666121562048	-0.326642357513233	1.3510795038722543	-0.6946200684586099	0.029586905180556802	0.15086545447013133	0.1632906537588704	-0.3120075358583221	0.28376684469632174	0.4563024281724854	-0.7959262916404193	0.6754832186456191	-0.057931477219311654	-0.7152275720114862	0.6702931607150097	0.8965364035881862	-0.9238836964402282	0.00824201798574575	0.6794511863649974	-0.0611419139075935	0.4995257371113665	0.6318581464216318	0.2360062837204675	-0.06677466875511504	-0.1271905591341852	-0.38820151800580444	-0.09023412057238249	-0.34200795056388705	0.10059805837008738	-0.8003143602547738	0.02226997940349134	-1.1151392915601441	0.044067704808037546	-0.6886012828627825	0.8320412578527082	-0.42529599872645424	-0.1563170959132968	0.47840793998295683	-0.009883373548037694	0.6949444082147651	-0.2524083003851611	0.24739933942423395	-0.2231010270929302	0.2812767449068173	-0.16069023398045415	-0.05783531569320758	0.308061952171254	-0.4087811483387547	-0.030165842427416406	-0.7321292245285901	-0.30690440751366316	0.19471120908379774	1.223172983931745	0.0251144027031406	-0.04327384038025343	-0.6407928728466336	-0.22888243933481528	-0.3254831613848761	0.8780746943830064	0.5013294437549108	0.03518125095674677	-0.23264817773209084	-1.1469029785135356	-0.22230113724617426	0.0640056838443608	-0.1405233363062536	-0.3483152925939499	0.2473954029333601	-0.3364324878799408	-0.17331512042920752	-0.22997409310546416	-0.34987892289142486
DTXSID3025590	-5.7356361865291134	-2.8562987024592004	3.3375641622040706	-0.05136179263901929	-0.7623192148273374	0.723792995845196	0.061734644525089345	-1.0439681707676358	0.9234663205193683	0.45345282783202406	-0.08120246905336985	-0.30350612022558426	0.2175574749612702	-1.2281041491968643	-0.20520338144599742	-0.27741072753129703	0.049585129901942276	-0.17096526573598692	0.3428163339900869	0.4287913048328576	0.06619187263444123	0.3308407833235229	-0.9269730492927538	-0.28129078312841427	-0.15890544665882544	-0.2095872122868197	0.11780938009289317	0.4734739573741281	0.29804111239224684	0.051647196153440024	0.4508728057259151	-0.1663116097002117	-0.11406547655758438	-0.32505189206871593	0.09649909437109361	0.07315245246077484	-0.38943211966665725	-0.1005653356550019	0.18390584391838316	0.3859760508651746	-0.19848542955550122	0.06913283804563179	-0.24115535204133248	-0.02017672770141151	0.0034791229512191346	0.16202772295590784	0.12426938761350786	-0.20445515195998476	0.13153720025930077	-0.08694800744553993	0.039732788616361335	-0.08559027992675991	-0.15026259079764412	0.07088036958930322	-0.054498779675622104	-0.12199852721330133	-0.19689970839879925	0.030462095823651794	-0.01530432833194575	0.030633075277863697	-0.02400778892674781	-0.21370526928062825	0.1708833756524051	-0.06398368278892252	0.03923260733282715	0.2775833415454345	-0.1777141749814621	-0.25188577824752084	-0.21264139602261956	-0.2633396110750204	0.49226212384011	-0.008993158254870999	0.0921084830293832	0.11629367854655874	-0.4608578151026709	-0.11177145195307399	0.16337554292818096	-0.05973298605455507	0.2224062967185035	-0.21125794347397264	0.3227900692908193	-0.20885952565935428	0.33176137137860034	-0.10871852377289612	0.236149439182749	0.0856987362256652	-0.17200552971086286	-0.24157446084616396	-0.1455539029344006	-0.124199659439988	-0.43427783051491264	-0.2541605460586155	0.017255592957523134	0.17323131483172471	-0.028525945821651875	0.05977598429682177	0.0152412720362904	0.0784623278886493	-0.3667378085718146	0.022205657362604055
DTXSID5024051	-2.721595670684825	-2.4058431132953264	1.1607869219949432	-2.5091248579912557	-0.8926634514545646	0.02823527731566928	-0.4081117755472231	-0.132632114637952	0.17827611973713658	0.39905745872394316	-0.7694286334201805	-0.09354569187812592	-0.7002485105952135	-0.22253620015748754	0.4592945650840194	0.4251046524372159	-0.005547916017617327	1.1409205832938312	-0.3057335580344228	-0.47293062018048443	0.47292620460594254	-0.4118697531507734	-0.773994016908439	-0.9534237058877615	1.2188755377574556	0.03601850702715042	-0.7957169559845781	-0.5999363962484557	-0.1371615910914024	-0.04695789708172012	-0.16813684576725954	-0.2354522868753975	-0.40036985252134044	0.4968528774381107	0.1006243875874266	0.4765283813557902	0.36991420848229006	0.15630306958712584	-0.3435123821777436	0.34684437993424466	-0.09079334712209962	-0.5507697826455045	0.05768188752929451	-0.42578052998419985	0.014907396208625906	-0.1913025389493534	-0.3555911028090931	-0.4490128523235792	0.22494879684895616	-0.2259880967392906	0.05890336955974044	-0.44307179947052105	0.1229003785218295	-0.34024285532526105	0.018613818005877577	-0.10107695928709377	0.002311339433626819	-0.1772402919718749	0.8990910161512027	0.17996790352982683	0.1389171757062639	0.25544686720186255	0.3216099231158092	0.47715989096569067	-0.15562249656510932	0.252441624104426	-0.24342896507973866	-0.263314392857222	0.23962707534832636	0.30069857962110724	0.16185426953163415	-0.08351499921334307	0.3150777475846575	0.021418378034105873	0.5277490331302978	-0.056099505961100575	-0.09924011279471745	0.6036439485136201	0.5476400482995101	-0.6124383902843417	-0.32820822456888776	-0.6692858848878205	0.20568203528824716	0.07359200377915609	0.6749481642015909	0.6284774416739389	-0.32656151939271943	-0.9398605886376556	0.06373670077269719	-0.06731370498616035	0.7229030741807217	-1.1121863438489943	0.23930034000842912	0.06139277597571059	0.3987803588899155	-0.256923214435239	3.5628753814711068e-06	-0.10779033358977541	0.06533690055402216	0.4075989321379954
DTXSID3049380	-5.518868207128538	-2.8210764687306153	2.0661198912367262	-0.31467374766451733	0.3558777871252352	-0.3267618117048781	-0.9000226627636362	-0.5490057360207757	0.31150867769536783	-0.5539226492324505	-0.5475553528505247	-0.15440274188995934	0.14134331512213894	0.2627685202279319	-0.2146572736600033	0.1891442197398199	0.09383635377523505	-0.028269019685825226	-0.2957672249637939	-0.7139188380240387	-0.2119689046018322	-0.2500294362796044	1.202175417727276	-0.41877261436233687	0.3323658293907786	0.10055239920573066	-0.5767393804835854	-0.06304723423293407	-0.04641935724049377	-0.41286537482113944	-0.0940050966954502	0.2725692746023804	-0.09018115682963058	-0.10625765499159098	0.09186247692040378	-0.3999788744647572	1.8901762145203762	-0.9617315535985281	0.524194328296025	0.4322298768273538	-1.6489813875695218	0.16820672640459616	0.4196475680447602	1.3887067822332506	2.431044093064326	-0.011239662687134083	-2.207537204792141	1.814787921088144	1.192881679990947	-0.834464506541526	-0.2053384817147205	1.384827592598955	-1.4188105108706366	-0.0792550506310697	0.08784733512228071	-0.7513004063016727	-1.9345477664736173	1.147462158446823	0.49702360700177417	-0.26669930142229215	-0.6503067378225003	-0.5517524854208387	0.28830151120303493	-0.32391788968055	1.1505777915296125	0.26618380350063553	-1.0574041881296208	0.740244915391453	-0.264828714923816	0.0576434512837508	0.1194652367587868	0.2615010795897254	0.01131332688645176	0.07105956860489276	-0.004323069055421998	0.8816125725004255	0.3670981576713606	-0.17740996796727365	0.06155793943555477	-0.567541096457573	-0.5554972633138816	-0.26785050438771085	-0.04674157369992118	0.21946457550964427	0.026575425483502283	0.006774508265086875	-0.24483995804600123	-0.23229049714962047	-0.28263203774847323	-0.08345393528777693	-0.27987349700589426	0.010613252409400387	0.0929270476045026	0.38498962563228106	-0.20145298479095713	0.27429985498789067	-0.042996784222235865	0.0589070433060036	0.027856583584245108	0.05219148689508169
DTXSID1034973	4.945579489901617	0.813871162814826	3.808277843149516	1.3933440994996449	0.8116223763649302	-0.8355192449126644	0.051707849282095944	-1.290447044576575	-0.5333410265810768	0.45513732892016023	-0.006356525550929123	0.6056025860979908	-0.018261507801050562	1.0930757835266975	-0.45652259776314474	0.8766847568130082	0.38810675013360024	0.8152695979732161	-2.192596401747217	-0.8085260510599448	-0.8391875992410996	-1.5933667792975958	0.9201704389456581	-0.3869062979805387	0.39582008720817946	-0.5607008406189298	-0.3429213287237448	-2.0514222922673486	-0.11466315103511623	-0.21418519948998951	-0.677443053536783	3.077921805802155	1.0000464099599544	1.2384580354887462	0.3202874565051122	1.4573172236468592	1.783236607228382	-1.0991780837698268	-0.7514922721193678	-0.061965872537873966	0.00895646156432911	-3.1055732344159415	0.1602838443121553	-2.7424280324818864	1.0032716529351662	-0.06471123302989659	1.5081563624281626	-2.7520983990406274	-4.504345199230292	3.561566395826107	0.5257757634433212	1.224950476285239	-0.13103550888077245	5.934340283725166	-0.6825129736787431	-0.6200896164142479	-0.47744582823937204	0.6603924414023328	-0.38712380886353187	-1.5300874432627147	-0.5198799180523543	0.12345801891085696	0.18638546728532748	-1.6791296536377636	1.3766442548560662	-1.6837029067660088	-0.03403387086335682	2.5644524503070714	0.15463198102920064	0.6048535677222389	-0.883307716928959	-0.1628605037291477	-1.10095107520859	0.40479313262473693	1.3512080429293176	0.8542817715710167	-1.1381238493827146	1.1569249410161853	-0.48282063394085	1.0300935502974227	0.2483044964666743	2.306728487236706	-0.7479464807734348	0.6586270527278345	0.5799658488334852	-0.6466661894040241	-0.5856926395293031	-0.36804767451146536	0.6940861831355067	0.6123888685011576	1.402597290083891	1.9363836972255355	-0.8676933566647264	0.34093041457839474	0.3800065938681934	0.1658078048973673	0.7376185008804239	-0.03807520220122026	-0.07881216169157897	0.5910177657537407
DTXSID1021087	2.031157058845289	3.593298810143426	-1.9902150414149555	3.115047331703716	0.936971546142643	0.24110035372110142	-0.6361532255887099	3.2431229527336236	2.233203174781806	-0.4575391697214692	0.1762694011915714	0.40816766149058953	-0.591679095200206	1.1324700980923592	1.8578098536376093	0.5537386390485883	2.0162616558720083	-0.3754380399286325	-4.474499271392602	-3.4892226270416815	1.1751210853096508	7.111405812717584	1.5252861482832616	2.8033282294024526	-3.444423816346001	0.8212245164663108	-0.35836407741606907	-2.825199449919026	0.24660740048700105	-1.7636625924757836	1.8497173597259589	-0.12997475800895977	-0.08154848073561362	-0.4634246781782808	1.0574347451360742	-1.6769694052517137	-4.539870324061813	3.9507114723722108	-3.537853988119681	8.633501946201909	0.2864919452573643	5.689873992604231	2.444167887869514	-1.2107846716255366	4.831611226208328	2.005823069108064	4.674610567949778	-0.37223312472812675	0.6849673308041755	-3.007487747370205	-0.0915325630747622	-1.9591517919761903	-9.901271294488303	6.452051647890665	8.334299588993987	3.7596829302465022	-0.3289462486744572	-6.501192497617212	5.1120186963156735	1.1409568709808966	-4.242496438460836	6.179774596440165	4.794582372726486	1.1842615484254202	-3.362411869741738	0.04143371311415735	1.067018090448808	3.0472156741232572	-0.9504245345710062	-0.14831257328321099	-2.211983476044378	-2.928433488022477	2.197436162487354	0.6729032357848005	-1.7688464892262965	1.5393317243959472	-1.4970226034012184	0.14358712799825496	0.08771086987002566	-0.6839668806003206	-0.91204857233422	-0.34297800912489307	-0.3905166315063164	-0.12398064835572878	-0.7508836436922914	-1.0117497737433052	-0.2334837192042078	-0.35865089461768873	0.7645440599067361	0.3462986683833914	-0.3388914597442697	0.24261522164730798	0.018687315954106377	-0.9098215645736514	-0.1512851647000871	1.318026877762672	0.5086301291347576	-1.0322401038146674	-0.5001382946992502	-0.9156040670581506
DTXSID0020523	-1.8459715539441788	0.08142934386772152	-4.133507288015353	1.7776057210446743	2.7204855981585303	1.41088641778166	-3.4905345013378346	-4.806345640103362	-1.9349562336909054	0.05721352044784393	-2.3431098102038623	10.865071970949648	3.038717987797281	-2.4377662032839345	1.3630182244952076	-1.529000648513771	-3.174949210953595	0.15063737022824494	0.1117514592644513	0.019880828560860864	-0.30027605804339275	1.4175926176580889	-0.5097851777372479	-0.482350272877846	0.7370806425290488	0.37871401842074975	0.8160465434634377	-0.4183677509114454	-0.005065522207142342	-0.17504251659763015	-2.0258985418483846	-0.4212321673607886	-0.5943591807826885	0.8229064040069531	-1.1133723521547447	-0.47030990460238353	-0.15535495935996085	0.42281544606311583	-0.36182757969222623	-0.5244713930839374	0.26714273474940986	0.23787436423291092	0.15750496204179312	-0.27840117735340514	0.1702303017577095	-0.2001152137422649	0.1387187129122863	-0.1382283000449982	0.15666678779696394	0.3385519548120631	-0.07171253504573723	-0.07389097594839779	0.11842268265340364	-0.018666323356531123	0.03424636349535602	-0.09575709621644028	-0.0844849617976006	-0.05070290100763441	0.185155862949469	0.07785623080589034	-0.0848387557694315	-0.12862071225458724	0.04670484770789234	0.6400281033720913	-0.066226206601916	-0.18520105720331362	0.40383097787030514	-0.8715218205939298	0.8474580122636453	0.20876213232366908	-0.3023285880044791	-0.5961916334183185	0.396968339937912	-0.02837771015816362	-0.5659048658169255	0.5515917068748395	0.19168797031491758	-0.40305833719754275	-0.7265155896865588	0.08583537157591395	0.7806768438489667	-0.45928951769969883	-0.7869747303158942	0.6328872009024622	0.011916259418384199	0.5668103329215904	-0.02769797667870978	1.1363441517685118	0.6697453894396315	-0.6464938898241644	0.12703500597137285	-0.02665244366611918	-0.11517369986231459	0.27522446357071767	0.3625356287492167	0.582024087194717	-0.2542603500854184	-0.27179801106693546	0.06096000311543149	0.3758004190559786
DTXSID7048906	6.154013169614883	-1.2909803329221934	0.8631425757067955	4.788347831990841	-3.629735162207892	1.1363107571094304	1.0394324413393188	0.7727987819086133	1.0675286810042073	-0.977944392335622	-1.618998270875123	-0.13843890947820348	-0.012513485966033404	0.6289193129700924	3.282417871136423	-1.4219407015247665	-0.2454875690062829	-0.9177255977085942	2.7824525631613817	1.840057844163603	1.4968530464864458	-0.4323440087878818	0.6959668018338799	1.8383272159281892	1.0277344344384454	-1.2978519513840963	0.37870415840109406	-0.2471568799289649	0.3380889582128769	2.278331839337384	0.22053861524176585	-2.1312250767868446	0.32935457886874275	0.11225030053411755	1.340619680940801	0.9887916059385651	1.5637880516403888	-1.672592365068896	0.8740403881623929	1.3626507312604146	-0.6606932996619125	1.4529609881830172	-0.5681656567961789	2.5895004297237456	-2.292980250168518	0.011159073333717053	-0.8807830038286046	0.05783793293995339	-0.6260242520988288	-0.8400148922852784	0.44244476104098607	1.0986300033116894	-0.17766956235296738	2.3948334934844877	1.500981982691431	-0.37079772342643136	2.2399288877328725	1.7796394463875758	-1.8047586915446618	-0.6171239198381161	-2.073033824010028	-0.2759583222020097	-1.8603764450423836	2.891665255582501	-1.1438015936953938	2.831291097904513	2.19335022372234	0.9317639969563808	0.14051336581622764	0.9510951549060218	1.9098308447446968	-0.8907658230780344	2.455447626181047	-2.776692299703338	-0.09516367281734486	1.238937995327596	-0.9730680646900352	-0.41248654874281027	-1.683453193650103	0.8785380257402883	-0.07005754337958232	1.4687735818596463	-0.5987135006320192	2.3534930111657615	1.3414295617208463	-2.7741532222600247	2.2628555597790667	0.8170819364288817	0.18234591524138996	-1.177007348512064	1.2109236619267216	-1.203848062734353	1.7265845586208577	0.02013642693620934	0.4782623468007897	0.11252104365969393	-0.24577026754478648	0.4491137685783085	-0.711472777699829	-0.23035493577206223
DTXSID0041220	-1.6560994108495914	-2.916061271216093	0.38028597182799323	2.2962664628321736	5.010104530727087	-0.3089702176404749	-0.7772421456648286	2.7471552730247546	3.0144286249437657	-0.42532385106864806	-2.1901871985444603	-1.2427478577004876	0.42115638518901233	-2.5003943241222557	0.02765797880964979	0.01990958074317985	-0.19230249630794974	-0.8568032597029224	0.6385110592447091	1.05849950354122	-1.5002826594905845	0.7221295060177291	-1.4277152913958469	-0.6099153681109198	-0.10805475729409737	0.35613197774814476	0.4417232146556817	-0.27922244345125846	-0.47051255665498815	-0.2698289000064368	-0.6280328322887114	0.6017843804292967	0.3995390600104028	-0.3601261599594871	-0.08417904925230035	-0.13562964094914706	0.8572361004403131	-0.5803927819358513	0.3671940145571703	0.7761746628207218	0.013637353369035553	0.8998486796560942	0.44179683414472315	1.1133185160886496	0.3832339601882571	-0.552268787613942	-0.6054809477050629	-1.0412318110512888	0.05571766017092913	0.40224006050182803	0.2771299383282728	-0.6415450729632655	-0.06626854236797165	0.14193680477681112	-0.7038303033528266	0.52047521718004	-0.10524428813732971	0.12187124750487027	0.19963690025815906	0.7217646691953812	-0.11082358821970674	1.2109360005049026	0.11758882506809831	0.4787246211965054	-0.3745218898681126	0.25486797058261257	0.10240567601254176	-0.24238732614005876	0.9894452901538294	-0.4538093598743756	0.2533373045978144	0.22190636251232673	-1.068645709141779	1.271971035620754	1.2619915719283137	-2.2418066477172034	-0.8109408630125723	0.980748690732156	-0.858419266615594	-0.044495793814418406	0.4303325492383527	-1.2861081886420291	0.7334749425007949	0.5215453161835183	-1.2656147336139405	-0.25170497399988895	0.4137426389276957	0.9921789534916629	-0.367486483225231	-1.2033587353761668	-0.40774509677026505	-0.1214065920619002	-0.9470023908133238	0.7817613059209253	0.4592558962329569	-1.4393770532478531	-0.4928470146230359	-0.2355222040849754	0.4038673758240575	-0.576481639141664
DTXSID8057643	6.917697568961821	0.8659143801958102	4.355252775251109	0.08298898102110874	-1.1514599276212603	-2.3623798316908253	1.3595480654451786	0.4561625670820104	1.7879797595807139	-1.2181620961840778	-1.2638943858960747	0.5251038151776812	-0.32239327034899384	1.433748192338613	3.631934507272698	-1.8524152894619648	-1.4723548789043115	-1.0061120763657905	1.44564360573279	3.8703369140163852	3.266540348118319	-0.788499845290075	1.3989563962391909	1.6647864141926012	-0.9979269982069727	0.08133016484090194	-2.1676775151174725	-0.6422821692479651	-0.7503034643457804	-0.28093488471644806	0.12315714130760938	-0.9898179542409646	-1.5574065123314984	-0.8759127781582984	0.9517769363770853	0.3430146089395889	2.382238079561536	-0.24985017036833945	-0.7020915886428931	-1.9829694604063985	0.5287006631545269	0.17720041917466464	-0.25889527789248773	0.5361296928914022	0.4670560043108496	-0.13734934226362958	0.6900857394124319	-0.3577518931868046	-0.24670583578686964	-0.20905333403544132	0.06335911606773276	0.4261401621327909	-0.13099687729369736	-0.2711591783960703	0.37316754757033266	-1.8041801089178837	-0.6557414709006694	-0.3083886297262564	0.37428428203603675	1.3817944808356606	-0.5172790240532016	1.7910341812453179	-1.2928783162241146	-0.04626069667456627	-0.8649617801254889	-0.5731918994072943	1.1622482366171405	0.4523267851426181	-0.9065187689718747	-1.5183287894633228	2.1678009465860395	-0.5589496000578391	0.17462050714687974	-1.41250827853296	-0.9244397013536538	0.5332866333534717	-1.2072277031133711	-0.483806165171813	0.06079137192388543	0.8427303774784941	0.6554658546202852	0.7772996565660073	-0.5988799969022891	1.2793197535241665	0.7612815436566385	1.118291831913452	-0.45311620167773536	-1.108355702680401	-0.13254177547501736	0.2772738613606621	-0.8495230398756262	-0.21408225594962196	-1.0155722726691394	-1.061659554385275	0.5679318895686634	0.6379556812137589	-0.46096400407980015	-0.6020927544520859	-0.6436355312962196	0.9060344830656768
DTXSID5057707	-5.556719186902187	-0.363545597950521	0.6864523921678003	0.7812014152665481	-0.9584674673886112	2.2324178500543974	1.8446305936025307	0.95180811677852	-0.7321303140785831	-0.8957899826606117	-0.17631127481016842	-0.17293337398610278	0.0056522652948039435	-0.9307020579659099	0.3148454904173556	-1.0569463546534619	0.3355303550997512	-0.24800269284811116	-1.1164888752560824	-0.6495805542896633	-0.6781910504947649	-1.5353343585205068	2.030472936340078	-0.29763115831656356	0.6266951700364256	0.42009152836823355	-0.16216475946763959	2.5240431185371754	-0.16624741013796218	-0.31611656976708363	-0.6663640983549801	-1.121620212694691	2.9991760005234007	3.6858850477541436	0.6271384598462019	2.3532762936036993	0.47009937691694725	1.0869925967340157	-0.6552844433093787	0.703528909537204	4.076504359532859	-1.6274335346944473	-1.953964305721813	3.564261330140777	-1.045041328122917	0.6308979922142451	-1.1459299301171997	1.29970615263674	-1.3094821658816633	-2.4208323269153	-0.10306224070854406	-0.2557107036782501	-1.5579495090925102	2.8779033575454926	-0.8932827456137735	-0.012739081852042325	-0.6220627145541568	-2.6185835609921364	-1.0116339877927312	3.4146885137547676	2.7151355935460915	-1.2063575356151572	1.0892911559491048	-0.10840778046440053	2.078181689050528	-0.6978667977558874	1.1286877517404887	-0.7891567375003911	-1.2517291714657153	0.4570346476416721	0.3937588755965924	0.37700296826635965	0.12126712314431244	0.5603629923641684	-0.5891520916369136	-0.6529679583374838	-0.39669885510790265	-0.3853582725644646	-0.3038417708205456	0.993768355118228	0.32638515578219107	-0.2888479665685128	-0.0718111385016441	-0.6571520239880942	0.2379886954405862	0.19251639596150397	-0.5586171409506022	-0.25578135372214805	0.6995832994620397	0.2502161154207314	-0.3445151461900606	0.057595573805937286	0.39112932600068634	-0.24731040394761156	0.4899543265682516	-0.39635490011228247	-0.05334419041520982	-0.05199133492345159	-0.22750149159343677	-0.02985250184391189
DTXSID7044423	-6.148154800839688	-3.0940606171623664	-0.9000988346276719	-1.4106365990768692	-1.167167827442997	0.6980491159124314	-0.29161983135111114	0.5372561830048841	-0.5471251572848358	0.07631766366901042	-0.7239795054078851	-0.5702656742187459	-0.8686302787891628	-0.46280922846596695	0.5226127849187477	0.5434252419660642	-0.6495001512966686	-0.7343971189763985	-0.3800816231268242	0.09715385165687171	-0.7019410459875015	-0.040317039462106574	-0.2816302955006731	0.32371484479138907	-0.6688796051035567	-0.3582177817826423	0.5234722066094692	-0.03833287443093835	-0.04173244962849022	0.2654555788348262	-0.10282170064936401	0.29265016964424867	0.40841513403729685	-0.3294603707784757	0.4768133802769811	-0.17833831400040034	-0.2734619971592371	-0.7128358013774373	0.2393698472108094	0.2926126741463439	-0.2468991688779813	0.279532030871111	-0.010407510204514863	0.4552950159892711	0.19560225368323528	0.10480616192025886	-0.02115452337868224	-0.03210762213879836	0.05493671881051398	0.3027192073978596	0.1506725245112034	-0.14195840100833604	0.4181980014926525	0.0489140543422781	-0.03652426186522985	0.16001928873287524	-0.049081208891441575	0.3108175504235109	0.044744822807396216	0.41827457864806644	-0.18649809958778402	0.06099401225941039	-0.35960979714360164	0.23937476785130435	-0.0025183437730116297	0.1319129500569855	0.05211932899494777	-0.23995598342121935	-0.6785662204368414	0.18702165191817	0.37244820220232683	0.39202100067051227	-0.1701977934254743	0.5800351900229713	-0.13968403269760254	-0.2590582301239193	-0.6250342725394377	-0.48738481711036113	-0.291057340336213	-0.4022937600891031	0.13475831179651687	0.020446150947296734	-0.17882150719319448	-0.8380722873643041	-0.4454384622190539	-0.36684201999705646	-0.23281718281388375	-1.282467930007211	-0.18329133261079972	-0.3551190601748204	-1.5608110482346362	-0.22622143897692099	-0.6733123557460553	-0.08588995635193948	0.5786072549758112	0.29619870855002706	0.9019825508517932	0.24788654018058717	0.529320132864283	0.16019587309433198
DTXSID9021635	-6.90173688306497	-3.3117346619636523	1.1308772696576446	-0.09995776179664603	0.40384844614753435	0.0714759785001028	-1.2363611093501623	-0.6594854768703287	0.29041005628211003	-0.7317278919755988	-0.5378243846397193	-0.271156150978574	-0.18715382984379375	-0.03181134219215327	-0.3068245658924748	0.34257015972274374	0.004210849186228363	-0.22563688512539204	-0.43940793611721385	-0.4867627633760975	-0.17648371201130092	-0.2750311128995709	1.1815160248916061	-0.5111911990517831	0.16912726955132187	-0.1423490822088798	-0.5228830211419803	0.06016933727039069	-0.155450621229145	-0.3087659771285752	-0.06919413830660087	0.45375642947992506	0.17986313656950162	-0.050432769090249546	0.10905623033518701	-0.5871881973905944	1.6920359369976796	-1.1297248466904504	0.45907194587042327	0.3758325748475975	-1.7515943707360988	0.19430472771100676	0.3443452169901255	1.469533149417785	2.2999897846863764	-0.04284080347171635	-2.1043810874251188	1.6062476190812993	1.1367085585397285	-0.8745209138495885	-0.1775766410122728	1.280814270934456	-1.4449034338599065	-0.03473130414305659	0.019502398287604413	-0.5527471485701199	-1.9377361631218197	1.2189514664498524	0.4116256504161953	-0.36957834575330695	-0.5855387556028155	-0.547407784036578	0.4380309683779338	-0.21689732586456956	1.1664171304125184	0.3662827248991807	-1.333248648965878	0.7911627279551363	-0.17398696685920467	0.18507620553933735	-0.027257437482864577	0.35204201315508205	0.20956762354614816	0.051362619826933124	-0.07114051541612637	0.7306638476251893	0.24121392338249262	-0.16295646897254526	0.15994987184258763	-0.72909557675674	-0.16592882445452134	-0.15524762750583165	0.13615839589224876	0.17040531925858662	0.1158195872386669	-0.06542241730952503	-0.45368949030769806	-0.7579975747873222	-0.3854197845274237	-0.13772411930822398	-0.46691752496738215	-0.13936809079230497	0.28528998945193657	0.23264060414294122	-0.323500193605004	-0.13574201568543068	-0.08830921330218267	0.2504248931472279	-0.05984427866952573	-0.2944283573821227
DTXSID4034497	4.108553325983232	1.814919647386957	1.3553236038629448	2.1568333516470255	-0.631421871664307	0.40136388672270945	4.307744598505007	-0.023187812921813464	-0.7180172114658909	-1.0630341962847543	0.35402357496239806	0.0839438506108088	0.42569442442617367	-0.1330532514906983	0.9975643009444211	-0.3769000985554876	1.0150092626433471	0.7820209493795478	-0.26164996932396273	-1.1595738100937494	-1.277419783389474	-0.5498547057232152	-0.116136419724828	0.17961224216759608	-0.3528923506181648	0.2908077165917687	0.09231594870505853	-0.947856814098483	0.8674247156550969	-1.3584473983289769	-0.3111827917752224	0.23223354544524394	-1.451265497057252	-0.4505340071226638	-0.3632313677495272	-0.09978371468418099	-0.5678929135158028	0.6118055455974376	-1.2070059306966971	-1.0673093422441893	0.1604775560209848	1.0655048511646654	-0.6848859575403579	-0.5081796425037601	0.16763742885190097	0.15601703432982916	-0.31145949091688185	-0.7610724027766536	-0.2303396154032196	-0.6259864687657806	-0.26024100622080854	0.02259261980886902	-0.24089927308956996	-0.29313648978640844	-0.8278651413430897	-0.7464349981124149	-0.06416837824117011	0.6958257184187996	-0.5252248793010968	0.5514188137567053	-0.3553271797343606	-0.039185188578911886	-0.4217106507348013	-0.6962199973344506	-0.14701648132105194	-0.07985860975077691	-1.1897385437997348	-0.25141610769003414	0.6555237261031176	-1.4265219573161398	0.1759855275214487	-0.9937929909634433	1.6266341001128322	0.30714145466735204	-0.6676386434703366	0.1542678747143992	0.8778654293875174	0.3645455255685372	0.3105287513302076	0.8207356779929941	-1.1949991730442693	0.40842290679080095	-0.5565098821124643	-0.3170943785541355	0.42362761163017676	0.42924826759068785	-0.13456269627575274	0.6787993962816933	0.933284276435484	0.0956491893008868	0.13423374348523961	-0.4043060218339787	-0.1804785776466321	0.10775739702216677	0.6987632183470447	-1.0145447684992364	0.8108470046473006	-0.2467582370964123	-0.38828359618114383	0.46278528411558295
DTXSID6022688	1.3871417064550855	4.399663758175228	1.4487248581752423	-0.1948555443470153	-2.934067903157657	-1.1227680478860211	0.016865487736938616	1.3348258499909686	1.4967880102222844	-0.6393875926968602	1.3246386516852986	0.11926892027346497	-0.8863839375405146	0.21892477753277034	2.0252066799673702	1.1914868942817012	-1.108926849180832	0.59895909106264	-0.7900863699600515	-1.4983833947786038	-0.3005092641638411	-0.5382278135692679	0.6126277954646222	0.11770338039972957	-0.9982865199187951	-0.09683222582949153	0.9326674252866325	0.3810224737475566	-0.4701056335508647	-1.3467803777478762	-0.7288334901354352	1.1822234387412296	1.3574784472988413	0.6743284393743603	-0.9760146720096098	-1.801088568122928	-1.9167239763963875	-0.07166989721039332	-0.7209643308710391	0.14530249732876804	0.7738285153468176	1.2636020641080767	0.29689717114490993	-0.7484592019806654	-0.4700697684961052	0.505469279810559	-0.2042336128597078	0.3599061099777917	0.037238282994115	-0.27062661129125226	-0.2145945700745598	-0.1908117574389277	0.43772694002521223	0.21773336820264716	0.0909142764818518	0.4712359966169076	0.831003278077904	1.6590813053319389	-1.3850814347815381	-0.4786248932239146	0.028832962350082487	-0.5493954235498028	-0.7295429656892107	-0.6554627674930037	0.4490704316964408	-0.32078795296662377	-0.4795775199867114	-0.4751859094812338	0.05898399907462732	-0.44174016584350756	0.6007716786596908	1.1253403491235645	-0.6363852444320499	-1.352076976841923	-0.7658532579415284	0.330631802887318	0.1101198877681803	0.27309823392205357	-1.166211727872815	1.4348265655319112	0.3791934696899852	-0.45051232195708124	-0.1021135435141465	0.6383386683073268	0.4698441721746665	0.6744161733624395	-0.870240166299054	0.49534068981151275	0.3535450076615413	0.006912438872735812	0.0731483565572913	0.1522983892516527	-0.09919039003463558	-0.05333297493136081	0.30613766071681375	0.10241349514692108	0.11826204531484365	0.25879727869575914	0.018692121234735803	-0.22184688123027102
DTXSID4045555	9.048692782628143	-3.4617573852446433	-4.6578709830579434	-1.4262691725493215	6.236807151751827	-5.994822732852906	-2.2522274747043363	5.527722595718094	-1.092006153025215	-0.6766875207465813	6.837770258734749	-2.637907010410616	5.302007991413797	-0.09488031863207176	8.85695898248191	-0.5233483967515505	-2.328354677312352	2.687784865873724	-1.3107866146454143	-0.4271773318236772	-2.615658862187371	1.1144931240686164	-0.6511056990370355	-1.8746414295573797	1.9012032364130482	1.7653790214088079	1.1323425274937653	-0.24203963810435566	-0.8143444719195108	-1.9422795853043202	-1.1564764007173205	0.8807587884002875	0.8175706242064167	-2.0928120333927946	-1.2661944542299077	-3.1225862250554606	-0.10009886368915034	-0.7298807074571303	5.833880609449835	1.2198953411439462	-0.9704005697473709	-3.4330820979988275	-0.7181009494188721	-1.3610468604713346	0.37531885002159765	-1.9615304565506697	-0.7609120802947321	1.1140601417175093	0.4454809732780457	-0.4662105555288607	-0.1991982575546639	-1.4891572533934287	0.6686097220725217	0.06995857759001299	0.4876375205575625	2.097661823461034	0.8205577634468934	0.36310429878040906	1.021908600120951	-0.6557004780106267	3.708655020935302	-4.208364825956894	3.6928818187615953	-0.36502120930783294	-1.9626147236487896	0.5808423632349579	-0.0701723538445016	1.0996630891889994	-1.0701756967409755	-0.6498591082611868	2.8183514908099645	-2.496605883974403	1.330225529191614	-0.7761744688627559	-0.6738614529135906	-0.9164166743999824	-0.06291471829056064	-2.496379506767301	-0.14751069242526882	-1.5399785991815864	1.838485643684991	1.8170843698086798	-1.398842158078067	0.18142988429736137	1.7414507254440452	1.5820323450423472	-1.3329291208787069	-0.964492484228172	0.5989204508538922	1.4974244710971116	-0.08072661633105357	-0.08525680040963982	0.8720137331459454	-0.9973290604472623	-0.7626884489118102	1.5589700526232597	-0.14535703466834324	0.06983040001429901	-1.1727227350970464	1.2735090091418746
DTXSID4040684	9.191420429985694	-2.3662232439099573	5.128221729181395	1.7282805892175952	1.8277341606715838	-0.8286747699942644	-0.4632774755286271	-0.13445771660765196	-0.801360990268033	-1.3812504407199147	-0.6006392754155354	0.4346453934518915	-1.2307995390545294	1.5163526406657433	-0.505955339178768	-1.0631425117930609	1.0171727933448054	-1.6533237925342503	1.622295481389512	-1.4752096561482457	-0.05265674814382563	0.15688970072859226	2.028276804315691	-0.2764388378223861	0.25765363288029786	-0.9801474017165123	-2.1366663388660077	0.2664842451850746	-0.13374128612624214	-1.1578484353763643	-2.2160266266306103	-0.06744199146472249	0.6542823638926072	-1.4725964186174936	-0.7665730574049603	-0.8064335887924952	-0.40444024679128276	-0.24117325239234363	0.10119508677012233	-0.27353795009890447	0.6586447686889298	-0.070927845740639	-0.08123409921008248	0.005302530299549051	0.30738895078570955	-0.16084043917115823	-0.22663660676285874	-0.6116812462072564	-0.1278538681021699	-0.0008189291122874102	0.0016847268580830266	-0.4561178001911623	0.4335938432973884	-0.17927786487321662	-0.42580177547890985	-0.07697568916243039	0.6283802818579268	-0.8311595578651192	0.3828589457053038	1.2375415816556796	-0.4426286723381434	0.12383033021071393	-0.46648328080231405	-0.26091862894173445	-0.6277844658653897	0.5582509013777359	0.4299801230810307	-0.4723488986892916	-0.01928882187687122	-0.49935257027596425	-0.9965007764349142	-0.3372487207514601	-0.4642154612635141	0.753093070666391	1.113855794435525	0.07931290638377694	1.2326207296481502	0.8946578580597543	0.24695891461788094	-0.08019220694068614	0.019380929353418324	-0.48311632080224787	-0.47023008251482556	0.31406008652853473	-0.5091069495470049	0.06083580440041963	-0.708838919597117	0.3848722311308224	-0.20776889135343354	-0.5940978770571902	1.019012756780308	0.5883616600821603	0.6884099531507875	0.31426939973982404	-1.0418951737653046	-0.7206653910994766	0.7211856787258525	0.5816343516350436	-0.24440119969538934	-0.744969506599444
DTXSID1047491	-5.311514112248834	-0.8581074825577831	-1.0199250654003282	1.1431285559274602	0.19804326841128578	0.044221429961429096	3.2217572163635433	0.4592698135015088	-1.3990657554352892	-1.6334627412075928	-0.23642751980509388	0.3295715865312283	-0.03326320794531449	0.16077018788229838	0.37550111848171985	0.1754786256307675	0.30614946938930326	-0.2646722868600425	-1.1454338894965617	-0.03475652344912015	-1.035687142981718	-0.31551349168903475	0.7870831177949947	-0.7010760167907688	0.19268510256617372	1.623236636097596	-0.39020277725259056	1.2987108253072766	-0.8144316244908065	0.8163418060286813	1.0048919902360978	-1.3053821480219856	-0.5317474313826969	-0.5330752144976301	-0.837845190453032	0.9141357976155322	-0.24659877769726768	-1.8300477300362552	-0.7397184504040306	-0.32854552992226327	-0.11462865694435521	-0.1126700015823661	0.9782176323998185	0.35646546142861785	-0.8290254113746549	1.8522451430713966	0.41503228645158546	-0.10594961018649407	-0.11622806157220955	-0.04897701242807676	-0.42960535967059416	0.052713504664297986	0.15778995376218122	0.08303238024982275	0.26803281576203913	-0.5834376457931816	-0.6738183009328446	-0.06614953682800166	-1.7820129142664967	-0.4236988098200685	-0.4756089335414675	0.2818995296597313	0.8843778924425906	0.8717243346718102	-1.2084920893015605	1.0270650984375478	-1.402408942645441	-0.7508564651387292	-0.723002288358412	0.11314089461319865	-0.2542868825353219	-1.8731225490605266	-1.3938930374782066	-0.3248300441588435	-1.2567753648096713	-1.3152307119087459	1.2237667725270243	-0.653469863782498	0.3867473902089084	0.10182695333704625	-0.11227288996018683	0.398489412706993	-0.4977781488009409	-0.5331700606629569	0.23100719706929412	-0.25903143714615096	-0.15200892164013016	0.4449357802445455	0.47470782395335975	0.10038802318632206	-0.28432468947049955	-0.27898624789713833	-0.7076683983828134	-0.13501953289765525	0.0804595916815465	-1.067394981269281	0.0046060711008695625	-0.07338954285451708	-0.13096614850688398	-0.5279845667529159
DTXSID8020543	4.074927694442789	1.9189316713700317	-4.232833653717165	-0.6070514693369762	1.5048004025407047	-0.835631505803639	1.8854318779281216	-1.9373031905097768	-1.8385266229339479	-1.1965044539079113	-1.4499983362254438	-0.4868843324458892	-3.10981943842026	-0.23908275393935685	1.1430617893624777	0.495637910227054	0.07256484204289973	0.2117704046910851	0.2026091706395949	0.19523313038050039	-0.7242684726135207	-0.6564600727024091	-0.1673652555581002	0.029580407132526118	-0.7293515679298274	-0.45625064912517216	0.8820650778219856	0.018129946090396365	0.7974786016306086	0.5058399324467953	1.4337258084032085	-1.230871678488135	-0.15387440514987444	-0.7012864807425417	0.01743379606695042	0.558342967370826	-0.2689721357427552	-0.27054227068696496	-0.5481434962558727	0.3735529509589986	-0.40803878882422623	-0.01214085053612834	-0.5935319620130713	0.08989083723719675	0.43845105737215945	0.06594032907712567	0.31497793115098033	-0.2689406102276125	0.0016432425584453655	-0.08059920293168307	-0.15169346603907752	-0.20792176496942805	0.06434169707081173	-0.11120069537765014	-0.5637747299690108	0.4869089670235208	-0.3331607582927018	0.5327097818496935	-0.5609606685894103	0.7015627906256409	-0.7276133600304545	-0.4625582314099785	0.6899238216250931	0.435073454137517	-0.08145727392752074	-1.212549802473871	-1.1262752938442406	-0.5736114883024871	-0.7263300130352169	-0.44854155959551406	-0.14622270842508517	0.013140003600633898	0.28475307025099517	-1.1851250547984065	0.3943099519441565	-0.5125618819558679	0.6395684360577613	0.6033379356993749	1.6212813935440915	0.07701264887914949	-1.2054890459621008	0.4359685869681447	-0.4075352788306528	-1.3100094359204055	0.974125083970087	-0.703458664401775	-0.9637304789916357	-0.5932147253199866	0.41407917224017726	0.08152665382960451	-0.6732532480632814	-0.06446309001056214	0.10031992311076857	0.9789756707521624	0.3114338274916819	-0.5234658546141626	1.1009083065721763	0.7448658925140693	-0.3010769625862333	-0.7863299735153505
DTXSID0046858	9.29886764893629	6.763044675391043	3.5915294332566283	-3.648383121065031	-1.4816358066049962	-3.330723285466055	3.045704931679653	-3.2585253105129204	1.022685621069038	-1.1257775361881492	1.221834455375576	0.19482740615009558	0.5168964208268849	-3.565054798375704	-2.9505896470788175	-1.254586149268546	1.1285509542441001	-0.9970541878710284	-1.9243916387815352	0.7390090237266209	-0.9216705904367681	-0.9211398583593979	1.1048141843550443	-0.034242545324263206	0.20694455409050508	-1.5029187746590804	0.3481486923686799	0.5262069213554115	0.6465043045721293	0.27856912862324185	1.3240108421612915	-0.16627575851094856	0.503419747167036	0.34031811118404837	0.1647849014159109	-0.7739976781157012	0.19589820833653177	0.8815199612716699	-0.24819719793098388	0.3519125695321158	-0.1267710155833728	-0.6354980719592087	0.6978687349584365	0.8857472950710523	-1.3342045782619256	0.22169085830504254	1.0405756541446256	-0.17006447395987745	0.7661331068590793	0.27352670427037007	0.38497418793403476	0.1213776011209439	-0.17470653553836435	-0.2655608008385259	0.08791355756771647	0.04203087655215839	0.3605855074565972	-0.7520457162470265	0.07276999168745413	-1.9216792526776254	0.5458964432543332	-0.2792865810569352	0.3616598401503502	-1.168402954102542	0.2553862881035764	0.49653375082667883	-0.07858877990984366	1.5705911256936926	-0.07475481078995196	0.6815419293789629	-0.13782650874836297	0.601890370391089	-0.30879250540862674	-0.5212781295437137	0.15734217567982842	-0.40203827335871356	-0.47789826339414865	-0.5340324394725489	0.23100883369187145	0.0025327300316418328	0.8405804646118201	0.5849965199737477	0.551192296645157	-0.3007081291013832	0.6471617562514322	-0.9001947315733296	-0.21496087221712862	-0.2306798469377793	0.4530932832677059	0.48307290402101766	-0.9867988055401397	-0.6859559345194225	-0.5316531284030436	0.7005919798467455	1.1431894900534403	0.8025084800175014	0.06661672987164524	0.36704356064532717	-0.11061746453654124	-0.2111443002945557
DTXSID9043988	17.223619969701673	7.979494750181113	-1.2578590613185268	0.7340337272642087	1.658601510183915	-2.3428916583782073	-1.2303878792476055	-0.20976563678965335	0.5970237121633348	-0.5721882068913148	0.9738031233787808	7.644667421711485	-3.7543020249980086	0.12644906525347335	1.1967008236298575	0.07684445600074735	-0.00590947167307253	0.5215855160559305	0.8564524841183987	-1.721032345039057	0.4521848956990946	-0.2661373441073388	2.3383730521834996	-0.21978983899838367	0.7569990872289937	0.49133780253697884	0.6110163789580316	-1.3996174272599136	0.09641667600605393	-0.06658620461325278	-1.2860925760428557	-0.10561525624442299	-1.4690796737495477	-0.04614080949797169	-1.6936555577130945	-0.08325647837333848	0.6959744055729828	-0.3563133865481897	-1.6838784929681267	-0.34718367331936045	-0.2854776052351207	-0.40130612469506105	0.46379449208473467	1.0400174543596428	-0.07566803428069528	-1.4912070821938328	0.3995545889152784	-0.7542007960197853	-0.4639109783211522	0.7769929520299159	-0.0973408792626183	-0.4405879481248167	0.5122319826541194	-0.6449372913547531	-0.9112835098700619	0.3064848926981672	-0.6603799178852114	-0.428360310812148	0.3821253132916573	0.06861775078883192	0.0039436909944469255	0.11939849485136383	1.00488675838754	1.5176671364475276	-0.7065223101812899	-0.9121850018826594	0.384592753227854	-1.7477461226196167	0.2382186001668172	0.7951445900574864	-2.1278226588588107	-0.7243792580664621	0.7835540675452991	0.03532440517102838	2.490677415940254	0.3826417121856799	-0.18770244435292494	-0.08064778440501173	-0.293868700761581	-1.3398449896124902	0.6226188082477383	-0.5414818977088296	0.8220392449774618	0.8750178022982187	1.0571746306749104	0.09995084852098175	-0.23989563052550383	-1.1516128623698285	0.7626539844449246	0.9876091982143893	-1.4486966801570862	0.9750854035457849	0.8844299238236205	-1.0856995364489406	0.39429379422637173	-1.7650728814074679	-0.5775622457366474	0.44177858500190237	-0.04140657989219207	-0.8519022354481894
DTXSID5045704	8.348928078838584	0.7406846406264654	-1.9487802655435722	3.1590319343383038	2.068873792900058	-0.6120825717038599	2.870698236381517	0.3645338633536734	-1.8641434330968671	-2.0156955411320303	2.1803307587741267	-0.961614238879246	0.8255747987877557	2.872826837619584	4.3385175247425085	-0.5492597097231764	-1.8388599125988394	1.3458024723864093	-0.7959097524064819	1.5052336962720967	-0.7926033460084233	0.6231021969501426	-0.8649098434205953	0.04311529719267735	1.5721827091467027	-0.4527698871216318	4.075659847896353	0.6846126790201773	1.1531797214219492	-1.0842498032990142	2.2878951434838153	-2.007673186268131	0.9594424686290755	-5.046896495306025	-2.9445861417442982	-0.07951397253168718	-1.0458558018876287	0.35746281964158794	3.685516753392712	-1.5703271052575167	0.4399319124189429	-2.1560672389908837	2.8636784952553347	2.098003615475305	-1.2939367656373502	-2.1921860181479667	-1.024060003940142	-0.21570550588409734	0.26803851836645637	-1.043428454687757	0.7708948529054812	-1.3906324991195969	0.24621876080440666	1.0194268952661467	-1.4505568694819726	1.6953232983309525	-1.0446626216445334	1.6111194722882307	3.203126764764104	-0.6096855474316396	6.79417945880081	2.3490078652643076	3.0577541304922753	-1.723838720226444	-1.726841599766821	1.7265960510914065	-1.0653423552865298	3.36426006491578	-0.8929445081072753	2.9072857029381773	2.8910207040726372	-2.1774121416804073	1.959138917261406	0.8676122385341117	-0.46209789885256297	2.09148155742721	-0.4159445964851669	-1.2023369602312757	-1.5552648668906126	-0.3583801403299464	-0.8424766676243298	0.5624372397835822	-1.1256487166489186	1.3095287454669369	1.2504784544805914	0.3248669148371103	-0.021291581546007448	0.484957272286951	-1.245623881532588	0.9856603024341067	1.4290968102733832	1.2854805894869992	0.18874327521591833	0.16156133181815832	0.005983633853280889	2.7758707205926596	1.1245828511308982	0.2435970206079631	-0.36594233892553873	0.7298828436395971
DTXSID9021477	-6.044632544715505	-3.12453589966142	-2.224011014901809	-3.9751393403459976	-0.13632935382885625	2.5368050492454075	-1.8637764831725891	-2.011578728571761	0.7049231345020377	0.838907547900858	-0.7499177639489587	-1.8514375794179971	-2.0565096572365427	-1.9991955645637327	0.07994119294748991	1.0113114965634538	-1.1488996396710844	-1.0076001443530782	0.9624598448555541	0.6945434688338928	-0.38675415099074506	0.1939107946037957	-0.6189989001522134	-0.3956810932178986	0.06620649507049224	-1.0576749440291457	0.21389616166861303	-0.5623399096238063	0.6829635778345333	0.28964673617253484	0.5781188046868929	-0.42806338295231766	0.40069991732256854	-0.5619177014116926	0.8624338239492435	0.47027876087785825	0.062051067631120685	-0.11404826670017544	0.12334085444612383	0.5224943762530359	-0.18391244102049736	-0.7995802077755709	0.459252797742151	0.15306994545176028	0.3422922571115719	0.48437360483049835	-0.3675435962537723	0.32068499251248933	0.3172224364621308	0.6005793344723102	0.026464211892288883	-0.07621799544958341	0.08390711928037023	0.15782870335892057	0.2741847756178487	0.4120023081877158	-0.13168347163798447	-0.36011076341845555	0.29513629028258687	0.6000575530293333	-0.6472740319903456	-0.25173498968827107	0.7505891085646258	0.3742540104630389	-0.17871204682602485	-0.2328218668765519	-0.13064467238677924	-0.15405113053730846	0.04352093506624973	0.07770697225309764	0.6320859486038227	-0.15322901447639659	-0.052564469558543894	0.030156017847722715	0.13603787281197147	-0.04455398744799146	0.5286509028205973	-0.8263636833190953	-0.3400878522608851	0.16780214322663714	0.803859348296591	-0.5570004695824033	0.17269304967565122	-0.27229529680786535	0.6798679106209512	0.714086137198949	-0.09059206330824954	0.05733753780442295	-1.0375028822498953	0.788159745135793	0.35421424959927517	-0.13283498817810113	-0.7394107306845747	-0.26330431210002014	-0.23012348320765147	-1.1550837889371326	-0.15199433491820522	0.4302275497071309	0.4121103988128934	-0.7887818267187218
DTXSID2047351	24.60546782273594	10.09484569919086	-1.1648321032093458	0.3876932454174934	1.9420551972520521	-4.665953173321928	2.147838222565826	3.736359860175422	1.9452116613952	-1.8775712160887412	-4.345722753481332	0.007980468063932109	-0.3865790750037908	1.7348465516344638	4.256865792806414	-0.10213290729333943	-1.0237337193267033	0.19605370611275677	-1.3194831433338223	3.7729763599460595	4.564195175160007	-1.928809102237074	-0.04276542642987366	2.620135503770918	-1.0456904178176167	0.3879354159737698	0.5231702960782297	-1.402716587238893	-1.7436642671504283	0.03097766677548941	-1.6021102072195443	-1.781920024308747	0.9799295785495729	0.8270615458387035	1.2868289941563975	-1.9865185707714001	3.1821626613394356	-2.5635007452541996	-0.41420628975749557	-0.3919514347289708	2.262607198366985	2.9595098938053006	-1.2692069395544294	1.5990996255250347	-1.1144840942791934	0.990225020728882	-1.060873980792696	-0.5361100065661317	-0.1097850265787942	-0.22274520354634986	0.5404381027493119	-0.36623123197739094	-0.24502639605020643	1.5972915275816844	0.29423502791581774	-1.0685320124133981	0.8767363411250945	2.262421259571644	-0.6521808622937277	-0.2457418809404541	-1.4124521008057493	3.1798336823686917	-1.3558951587709935	-1.0710243759857896	-1.6495289588624025	-0.33911550564243004	-1.2751810761346627	0.9530961288685953	-1.8602127808194795	0.683325372697409	3.7573874848268116	1.707410845107973	-1.8062558190666604	-1.777761089362603	2.5286178352046225	-1.9646409500053486	-2.8933313490324157	-2.3517792188633746	1.4105137477432996	-2.9298214329901473	3.2637122532857217	-1.3966245542320694	-0.34798868113445797	1.2985497357714213	-0.8199419182783222	0.686606687645023	0.1577573032707555	0.5056421000746086	-1.2155439864328375	-0.06422328902893916	-1.635515845346048	-0.4543590321465776	0.12899371591043968	-3.144271289060949	0.1877736428049298	0.15275135959069175	-0.8742817531356969	-0.5769964455053744	-0.6497776286048388	0.11922946438875706
DTXSID2045579	12.165977451848807	0.07947370960320116	-7.428369086503032	2.49731653404067	6.199024589722924	-3.338555056735548	5.102706619584614	3.836518851889707	-3.9810391464448163	-3.138040474732453	1.392762103951318	-1.922294048310799	0.9536236990925979	-3.3505573165430436	3.5621181426376576	-0.5865440964169051	-0.09582628384759159	-1.9006379099813813	-0.8912890661969703	-0.5288483608195467	-4.219906195935026	0.5575275808255189	3.4940309876955205	-4.554938161447931	0.31180424103320953	8.273270067452422	-1.5883085448912404	0.5896329885973606	-6.077470959430989	5.967496895880752	3.1854281402034275	-6.663804449450372	-1.8452021733426884	-1.0838517485688948	-0.6229259809137601	-1.5393859314920297	-0.7221949724472503	-18.796279119599628	-2.428305886196585	-1.017858705160625	1.3603068232787678	5.865055548848346	-2.5472472279535405	-1.2014052655148515	-9.951040597390133	33.695144228964985	-2.0706492881071457	-21.582837938172233	4.891289570784213	4.995184097763787	-42.36488181460135	19.627796445614713	-6.306625757489448	-4.1366224513399965	-10.247986667842365	17.020822892535694	-3.0836783757313615	0.6019088071963552	18.970563413601376	-1.6041710275050522	4.872573575214914	-6.234312772939564	0.03339546628365385	-1.043270248328318	2.4429699185932514	-6.825916114117767	10.618333171231669	3.4327941926998458	-0.752600822349215	-3.0109926401772373	-2.6100597247013413	3.0913593106831656	3.3446992990186555	-1.419111608820548	2.896710540793772	1.0236133505069764	0.5348093760328106	-0.6717880885837685	-2.9745630936382703	2.622533787168759	-0.2745169615138974	-0.9481620511323747	1.0469276296363055	-0.3434779782685215	0.6655472661772338	-0.04498836869036612	2.184469150902534	0.1111444401844066	-1.2482998610927987	0.7083844359869619	-1.207633317968218	0.008121829971908107	0.6455457556821101	-1.7636826169525428	-1.57645123975773	1.3924622422871828	0.07693517388261525	-0.5367605304357116	-0.8812903430730392	-0.4935689565046815
DTXSID6057821	8.353150986673905	-5.772030395028417	4.11182593229669	4.697870763560228	-2.804565533551132	2.2424036976727435	2.3379824416586708	0.7987746799887262	2.37753544564964	-1.9526069082813273	-1.0776859327582566	0.029500506107944156	-1.5878806254808149	-0.39075483787124726	2.301222628692548	-2.6962029150541222	1.814960822680288	-1.140637322126387	2.503231898375609	1.138194257052788	0.38567247176231884	1.4408002629986054	-0.3873387472226755	0.13485524886609226	4.582459116534334	-1.1317891350346025	0.3232056952508086	-1.6928432582301673	0.12475279583212477	1.5287127955511945	0.19919573310024663	-0.27801524995866533	-0.9755923676031032	0.3131307342892851	-0.46179651026822316	0.918359251895036	-0.11750031482104753	-0.6038796421044819	0.12162185876191806	3.2285521267765502	-1.216147147316525	0.6939100536805882	-1.30927236619569	1.252373547092221	-1.8442696881526741	0.10747007906292176	-1.0707688909847977	0.8481671112522997	-0.06643442381590058	0.10883979813272676	0.4449518524149648	0.5316111283409323	0.40285575180423705	1.7155713142230073	0.8593040361974327	1.0202383687754613	1.2823257389939982	1.7517256744998644	-1.237392333022571	-1.6322315691149691	-0.7432165754549732	-1.465207480808072	0.0398203586264738	3.1491342254841768	0.04864806823331393	1.5780965682871424	0.05891728158360722	-0.5446589901063785	0.3311037028518044	4.0319489055695	0.6514914749029015	0.07397900246558536	3.0967772671265124	-0.7068002896181057	1.1088590216240013	1.5965018873470542	-0.6147590755500438	0.4456814438091533	-0.2555070238970358	1.5325495879332252	0.1267226826632106	0.10145948841556235	0.7320402275950952	0.16256444197925582	-0.7065336230465851	0.1577401932750729	0.04854712743414985	0.394233007479985	1.0729970594080755	-0.3108671934542981	-0.41082356460559405	-0.716022679552054	-0.8440284415994264	0.15481420368512067	0.18773797272870255	1.5472335254055514	-1.5457003849314472	-0.33498670230644195	0.3625404325969023	-0.6294297713669341
DTXSID4020878	-4.245981267426275	2.9602644880386815	1.3785617556005205	1.2411928970356492	-1.8097814067092661	0.48485170984929815	-0.9701454539078701	-1.506751381463792	1.917986167910332	-0.4726632893874502	1.1646828687740591	-0.5791768591236417	-0.5640167022408032	-1.9444967332205563	-0.37045363775235934	0.3663844854294498	0.0941369771258154	-0.22324828518097864	-0.20304625262222672	-0.2184498548703088	0.12463683969255766	-0.20737607133747654	-0.3826009457543103	-0.22795672328646338	-0.19830868629717593	-0.43942655487267107	-0.21331942681780755	0.6071101276814633	-0.21274770596890638	-0.16152012086461495	-0.05254394411445918	0.9966372117946983	0.8977413505020675	0.13661989429788537	-0.18915991381881517	-0.3094033955610131	-0.235203363242245	0.4866420442807653	0.6831000749219965	-0.3482855142668351	-0.29658450396605074	0.3993907859628579	-0.548791044123261	0.1437406866304153	-0.6635641571744529	0.7181244650959671	0.25614855564880457	-0.2619810067439879	0.08501107561319027	0.07799192463934736	0.1269334557071793	0.2078826570959411	-0.14174455887728835	0.1773041836346695	0.15156192086540124	0.08944533066340034	0.12228000925973218	0.08750103453545581	-0.5268368985504006	-0.33223764795973937	0.3435783849207703	0.6120506771262435	0.15798760615151497	-0.36579543372168666	-0.06755462612891626	-0.45194943893560724	0.05341312542003922	0.4830533507044413	0.3309452958703198	0.666204761476983	-0.030280917439838795	0.3627688282750071	-0.3746312820148447	-0.047707717768786566	-0.437288079109303	-0.17632287577080105	-0.166564890147933	0.24091261673366027	0.15673659033597015	0.057903244505707246	0.36701996522215696	0.42491001517599775	-0.15977364490137752	-0.020287890875315105	-0.08893717176933194	-0.3509231895463105	-0.3537121728078921	0.29167177940614275	0.30942770114538415	0.2747549887231389	-0.14371750046612156	0.053518554748539664	-0.104397903226497	-0.05370157854611292	-0.34024916476939987	-0.13472212403430478	0.029918555326187514	0.05676668727617128	0.2173789097080028	-0.22824249812235198
DTXSID8045307	17.191768963899356	-5.163101887593729	5.895650858387486	4.489403810446547	6.478233326962936	7.024911086680067	-0.6890775549969579	-1.7783622031567747	-0.9109263502434234	-1.8433863842233982	0.8542824032642404	-1.1629468696491077	-2.031517115851243	3.0969979315506424	-3.236177736081346	2.8282040501530727	-2.0015007177755173	1.153452080005904	-3.7402502858531657	1.9636181467738323	0.8208531717638909	-0.5961013032871267	-0.16191347891319277	1.1218857677661216	-0.8409453160514787	-0.8460022051981744	3.3921120790515946	1.5749613748692488	-1.2655259753252988	2.0697595826858506	0.12348449735645872	-0.5524491439942667	1.3631148916581288	0.27640773525177315	-4.267091024365703	-2.0304506518533594	-2.485735239514319	-0.3041708914069784	-0.6767288365749088	-2.6493004547119865	-1.6928567375322277	-1.403220518909957	1.712274026318196	1.766055099822675	-0.5302996356839963	-1.2297422051353375	1.9255158212450931	-2.6893255731410344	0.199400772193828	-0.3400524409975207	0.2312638789911816	-1.6739114255939398	1.3524023868671846	-0.7258306574551131	0.07439792080718793	0.3517636144701657	-2.588687758755718	-1.6349053694108644	3.2367561475188626	1.0057891151574727	4.610323168685504	2.852839235509912	-0.3448490766722701	3.962101474948221	1.1472846136907422	1.069295700294384	-2.8134127613335944	3.041519504185967	-0.13642865401762824	4.734584885992889	5.164921240381437	2.3267450281566373	0.39333999347448706	-0.06305519464401113	-1.4305187042015162	1.6234725402804355	0.14356969252512086	-1.0313683686354793	-0.3547923689115187	-0.24482961901757946	-2.830625369828121	-1.2013063110731892	0.2119687594496388	1.2350258872450919	0.15617914911896685	0.4441587504445523	-0.40370020661806294	1.3967960816994165	1.041091989203839	-0.3417528374147202	-0.03571384225880085	-0.7680423625014681	0.05221799511872816	-0.22518255861125924	-0.19276520863750096	-0.1802986892608779	-0.6743968276909429	-1.0209992718787162	0.5710992261204891	0.3957670148620709
DTXSID4021559	0.9365016241182329	1.4883086492701558	0.10627072958754259	0.107147831414859	0.38175612506230516	-0.09000396630306642	-2.822705386606657	-3.737114392975877	-0.981496890279872	0.30720365989605836	-3.0581614397939916	6.539515998664549	3.41490985622701	-1.6841421689684182	1.2553408981054202	-0.8542544870023158	-2.8276831297494542	0.7451874634110369	-0.3742292198148178	-0.45483969281747894	-0.10870142473115206	0.8348341643739176	-0.013666973604725553	-1.2419542165295365	1.6876817634646544	0.4442430123986734	0.018678516371979724	-1.5700167233978097	-0.13758222863687947	-0.018121378625528217	-1.668679937395614	-0.6298186813352319	-0.8334563339432652	0.756839424660345	-0.3684692220247119	-0.17027343722849758	-0.3682996543760691	0.4924782192270578	-1.0439307156294995	-0.08966644657191038	0.3311820759105575	-0.07299763285211273	-0.03148415814765311	-0.3865922414394937	-0.28737747793399593	-0.1832518959738049	-0.40432885789700823	-0.5795703108880988	0.157853700910088	0.04703296861990604	0.02646452619613701	-0.4921969090819372	0.260572569360464	0.05624466445840253	-0.07344355246612191	-0.19629365899231427	-0.010346661216704156	0.35084203387587376	0.4641420841482685	-0.07204737657324994	-0.12833806926381577	0.12334377758601411	-0.16961422807356893	1.0907475078742215	0.13938545555147314	-0.2865773779456838	-0.39404264069519757	-0.6743884484586407	0.3562242173240137	0.8473010323403725	-0.03840724398304417	-1.3742123590076951	1.53817966075934	0.35340285678441763	0.9047895314472864	0.9415493583882892	0.8396005248441035	0.40789056630128256	0.14245524583213437	-1.3786233352702868	0.7010868705337387	-1.5387103100926918	0.7749965115854904	0.6914368338602297	0.06466559408909299	0.7821223857945699	0.15966341635304612	-1.7409534867161656	0.39680138592684167	0.963819764035044	-0.18410685585291559	0.9731461086672085	0.7985294123285753	0.9865958066306036	-0.4355970059343853	-0.3749048116152993	0.62440638503588	0.2264778678555911	-0.21768188150983958	0.5560771671551715
DTXSID8020410	-1.5421258805607772	4.527918949621398	-0.6998962688083372	2.58796210145646	-3.794743622862207	0.6477591895775006	-3.3917887956638877	-1.701839984318697	1.3876747035010133	-2.2358085681745106	-1.3742816376087963	-0.871516193230109	0.43825911061683165	0.9009553043286109	-0.3954170317236207	1.5402079165732592	-0.022174245256592322	1.6716805137354853	2.22431691407407	2.2952776996220283	-0.5664269293840082	0.7607967417562381	-2.54449091013388	1.6248444348610576	1.1778198782674922	-0.9203984965311918	2.662466319358359	0.7942039441840332	0.42094814245805706	2.425526745437447	-0.9944351320305099	-4.417727213577868	-0.6982806707002427	0.7378998115663462	2.088131361496169	-0.08177342371200567	1.5018416111077588	-1.5911334340216676	0.9193246017229473	-1.2479993679422938	-1.190882106082365	-0.935626785860471	0.6607282361420025	-1.616270781725547	2.1570737114553142	-1.6233652031284906	0.225503724665147	-0.09476214280155405	0.10251998720044843	0.5405676196209142	0.38284254588835115	-0.36993278714665595	1.0555488106073256	-0.44048803276390563	-0.6750313484423115	1.7586470895051358	-0.3783185918175481	-1.0989104710128865	3.262841080510889	2.730605174810697	-2.9369364479185402	-1.2582667936439507	2.5237302605747605	-1.623360226291724	0.6015743247855172	3.1944688080687786	-0.2344575842675254	-0.9963250095837025	-1.8331635601256113	1.24551446089574	1.1345782414671624	0.7719191480206558	0.3895888150095329	-2.9280814217206244	-0.18804410888679668	-0.9401740749503888	-1.2043815625903673	1.080029032680298	0.3274013794739723	1.257051508792178	1.244873859799253	-0.5434040030574371	0.6546597500405212	0.5734961269609357	-1.2153511950552607	-0.36840089575195595	0.6451219806857077	0.6422929823292868	2.1321882301476243	-0.687093882263905	-0.5975879055339498	0.247270752606479	0.042460211379341535	-0.9111199419212206	-0.003407623197101863	0.012980011768835547	-1.9006730138724375	-0.9426758181508322	-0.18712859058893588	-0.4652255519028688
DTXSID4024644	-5.036481446864423	-2.3190278791371997	-1.2150170604995572	-2.045683835884914	0.18652646443881743	3.1386303876779036	-1.0224052820920362	2.500334377590841	-2.019561426759017	-0.11606721293703981	2.682520949179373	-0.9931913004923282	2.046486661965186	-0.7954211972078996	0.8900716577896466	-1.4650236545494573	0.6129164543696506	0.07630261033462725	-0.11398836264084301	-0.532441192857895	0.37661444341469236	-0.031071493320858446	0.6096783320995413	0.12836412976897485	0.1778522837316571	-0.034630367917938575	-0.07421704375819745	0.05590209936353293	-0.4955795448274305	0.37277158443580766	-0.3323126955912106	0.7276452791807333	0.7810654497454768	0.010759030919846192	0.5563570250546025	-0.7340452601199563	0.168941128799655	-0.47022305850254925	0.43467685057692357	0.10738460567628316	-0.4064859051710847	0.09272955988773462	-0.6511264028338422	-0.10326238901016735	-0.08147771736225691	-0.17520810912139748	0.1247133495505039	-0.5905415401689479	0.17102580849898583	-0.08358071203963338	0.1613564129574008	-0.2656883913688195	0.40860705173505674	-0.24769193641153237	0.32416261906626515	-0.12393235653385141	0.4737717185796298	-0.3881926606675261	-0.14434989741528756	0.15301403394366261	-0.5104068261729537	-0.36395420978766396	-0.26802506632808	-0.02241832399328002	-0.0292689781499371	0.15588465757551745	0.05221527452412249	0.10684911694154826	-0.37748358944725274	0.19962133330790002	0.45394108314890663	0.3832732292553848	0.12638016776339814	-0.18529068754224587	-0.8608957730640863	-0.25574383843320597	-0.26638838953107313	0.2709200054376647	-0.3760693700472982	-0.05845386415165397	-0.4630178801684305	-0.8598079219281084	-0.8932247949217959	-0.8844258468062965	0.46856705878315524	0.4260532449462335	-0.4123285719235124	-0.8663357411540047	0.3972488488012891	0.47810938515481705	-0.3518182057080982	0.4092285669385136	0.5926756045956305	0.563576821011868	0.12728476151954968	0.9722600359061586	-0.02956334380220449	0.11756072312030183	-0.08347819158212323	-0.046818897964216774
DTXSID6049066	22.031589326446618	8.670155894571305	-4.947707658000358	2.2967708165957066	-1.5751984279755584	-4.516913291020201	9.237348371321136	-1.0317527434989457	0.5635886386398641	-3.4090247151148096	0.15028058554790463	1.6428810823155846	-1.3005051198206128	3.0361689403748247	4.656330087148532	0.1996314631039821	-1.6155994368519324	0.44314886279455395	-1.201800363252244	0.130810044071415	-3.6262101414295604	0.49859217848670123	-1.0747036529268732	-1.5178919899337957	1.3936088504202147	0.5365371437961406	1.6935123608086005	-0.8646637411850387	1.4897167103986422	-2.043253994767289	0.9972478347119563	0.009519603445744484	-0.4032863132182968	-5.73288107508924	-1.7428906729753855	-0.6703626010071787	0.9129500048319541	-1.3083737430577123	4.442217744390682	-0.9407587999276668	-0.008892197088581463	-1.9621065621888745	-0.18777763833538122	-0.12961921736861312	0.47794410951424954	-1.9711017523822019	-1.825371674723097	1.7413025186202136	-0.6839112745520659	-0.5282541120985187	-0.4770844870392097	-0.7776889604472533	-0.16129605707722425	0.3765888690284635	-1.5006371973187183	2.2846271143750685	0.4484244568171091	1.7969816444446358	0.5725025346844671	0.5340732495206343	3.8006377831764357	-0.680145522278244	3.2471439642461193	-0.7256325956056778	-2.395841036952074	-0.003415447228011358	0.849810823289296	1.0213887536806585	-2.288055058685507	-1.7850143434746273	0.8459628207560809	-4.17469677519456	1.6386973036796935	1.507950166384585	-1.490439464681786	1.8482214576189302	0.5860083866646925	-0.4373154123887018	0.4386816777919058	-0.46700892509190656	-0.4522147772752731	1.5765478819592293	-1.9399076413142629	-2.4119088055321463	3.0856578396427534	-0.5942974126597933	-1.6768238910599373	-1.5651851103264485	-0.4425966737950911	1.6401562292076015	-2.323901149356084	0.18055353328630433	-2.1251189573043456	0.22796754645145645	0.400705092540942	-1.1744558058289987	-0.4487118271582133	-0.344067075062867	-0.6150001023839096	-0.399980087003584
DTXSID9025879	-0.5515944461847498	1.1791221462755053	-1.5067188992849325	-0.536296943355548	1.6632174573327592	-1.3207862035534998	-3.6530740914109145	-0.16223049208582876	-2.075785630779177	-0.7203534533079446	6.334793883520258	-2.5280018245838782	2.3837745383706013	-1.0378312132874414	1.866668784134677	-1.5629856786488352	0.823531026129672	0.694796288077782	0.01364959843445606	0.5692306177872516	0.25905558446388555	0.6542874216383239	-1.3404509968812794	-0.26377202605359806	0.9427143785277358	0.7776052774161636	-0.16841507981294518	0.30287927127693043	-0.23741391519397353	0.11568844809442501	-0.10711927551166696	0.8294661570825573	-0.08469246053427519	0.39715713329993585	-0.18509923444993914	-0.8291875587755031	0.9170035316919606	-0.23489738466120905	1.065192328854416	0.5720494712977411	-0.3298424771148096	-0.3839401858661354	-1.0523801735859726	0.33527011756045466	0.00619839179377695	0.4148662147750796	0.5346000700647252	-0.32302836600267665	0.401470353370838	0.13402255438451482	-0.013778239218352193	-0.147132717484862	-0.03966874705894799	-0.3077793902404638	0.7015977156978038	-0.8792922386485258	0.17532846885321973	-1.2126008391127354	-0.5175478039830956	-0.018116700403030823	-0.7455337794088881	-0.7035052218966449	0.16716449809604922	0.7463294019226009	-0.3446263828342192	-0.6986666632114881	-0.45995523928620496	-0.09313176074652137	-0.6196405276026333	-0.34014124608740837	1.0822688402079028	-0.21524168744908095	0.27588761072545226	-0.3414166183086676	0.10044151443355472	-0.29147013875216754	0.8660110522115029	-1.558670242311851	0.41686753594116815	-0.3547120330929753	-0.8656322497449155	0.03726385512271871	-0.4895927358123764	-0.5925464594151689	-0.10315137906757799	0.48520414473448803	0.3611887460107642	0.0813737407899921	0.15417875240323203	0.06673547639345907	0.2039044646736479	-0.3451462243475248	-0.6230555419644284	1.3785451156342579	0.08071750202314906	0.8698324325097435	-0.3842333260613451	0.05319918072982624	-0.1814028460335715	-0.05676244377454569
DTXSID4045391	13.554827956486783	3.2681281709420245	-7.193745478527522	-0.10041197575492869	-5.499320963317679	-2.2725224325229108	-8.054447300397841	-8.574991592418375	-6.13985677315528	0.8246060214227172	-14.457203378540996	-0.5926361946089185	17.758340246319815	-0.47889202973076567	1.2374395390955442	0.4970764860745047	-6.632479569056096	0.6090634044428236	-1.6871963395494527	0.5381236075403877	1.382223763569228	3.2250244867151383	2.0579882755233307	-2.818077852451396	3.0145068740333314	2.4342152583252923	0.8629407128137956	0.2347813089388581	-0.06057310859981849	-2.286609912958659	-1.165661753296403	0.7985818074325689	-1.954681551864726	0.5433249510879636	-0.4000205353725462	-1.6298035386535834	-2.6176939525050917	1.1106579604001767	-1.7906656384319883	-1.8127184334390811	0.934734297828012	1.1813979377635175	0.8568832610989154	0.7882905370695373	0.5095277221937802	-0.05972048783447026	-0.05635704598590947	-1.0885875733115464	-0.7661685685132399	0.4843871549533915	0.1681999314549326	-1.1262622116394096	1.065766149167406	0.8797776386658839	-0.8125014750731542	-0.2798895265678771	1.0353733017003637	0.3625895626816266	-0.5963164315241599	-0.1265158418974084	-0.18703024714128524	0.6022948579662049	-0.5899709062440793	1.0390293933182477	-0.019943203273813905	-1.7806239216745692	-0.13696693130239004	-0.4071917493899514	0.6932800183402156	-0.14244330895568705	-2.1276870446058247	-1.9301200649220538	2.8246029829651484	-0.04023370502758446	1.0630787993915274	1.4624072355980944	-0.38666871460661767	-0.7810029400877935	-0.747240408532187	0.6364831994840426	-0.04405651095470681	-0.2405853914206634	1.776253509884765	0.7595464491148151	0.9578240419557619	0.28803021057189776	-1.2964383993634943	-0.7795751114906483	-1.3198652704856735	1.3102693790274909	0.7586918118545625	0.07026303684699214	1.416337158413593	-1.5153790358226211	0.5221714170122957	-1.9216895839413146	-0.9272305466091099	-0.6313534000956124	-0.017051623895333816	0.14278697591148004
DTXSID6044723	-5.128474047724316	-4.037691535805333	-1.5669669228630208	-0.492290229980729	1.1213818957681532	0.10936424075863564	-1.1315257280073467	-0.4119989741025022	-0.377839746375987	0.0977376845601808	-0.4676592256343556	-0.12316031758799968	-0.5903154968607783	-0.28226032974649845	-0.1552717877916329	0.1291302503865049	0.06719027340104745	0.20089329203244694	-0.24595147223824482	-0.7401282818463311	0.5850283556225361	-0.23745203191177008	0.7948936665807669	-0.2637448473612896	0.49005111970856513	-0.07992083749878626	-0.5207011545459953	0.38022727682514457	-0.2574609445794893	0.0375627152785608	0.7544556034165947	-0.21766120372500805	0.32634253146683967	-0.06279125226366875	0.21578266920749026	-0.768755955495647	0.035941742527646196	-0.005429065434425144	0.1528062697895224	0.2127244010163847	-0.23774430954643147	0.041916066911708634	-0.15375434933238086	-0.06352152120724677	0.10705892116650718	-0.05776383758446993	0.02118665498251465	-0.1485178771149646	-0.16237673263504027	-0.006956564284417973	0.07335685475166984	-0.08649897452913209	0.03207546424990837	-0.034266461700106506	-0.03537392550046002	-0.3671488803278425	0.2586908195965751	0.0860288417841529	0.05275992537869009	-0.05911104983708408	0.4882446500020803	0.1911000590228714	-0.1187968349707754	0.27603786370618233	0.2446741232731536	0.23937898471019012	0.17076009191874816	-0.348230935795939	-0.37311114484312463	-0.3135558266113046	0.1145558040110669	0.21359319435031202	0.035119840314134725	-0.3912227287928742	-0.6632494782611011	-0.523282205641496	-0.78925256999401	0.2314967673409428	0.13203909974617636	0.027799572617012384	-0.8057412958204141	-0.27936507638091324	0.086645839229854	-0.5129821305554866	-0.27735536801796856	-0.6049999672136694	0.05687639301843507	-0.044641868610496266	0.04534208175953847	0.6504132630396471	-0.09665943239885982	-0.18508650519760034	0.29874304832907683	-0.4332498479168724	-0.2327730936870436	0.346087228032993	-0.5792712434394955	0.1833817157469681	-0.48637093670151443	-0.6774673917314827
DTXSID5042089	-0.5668921824890651	-0.38698601004119076	4.514013114461002	-4.210951326473643	-1.6964225257805734	-2.4864245922348736	2.102603661960152	-0.5989195723999441	-0.6396650077150344	1.375748418655691	0.2869639094859233	3.8303322896763303	3.5985602971432775	-1.31320529747073	-0.33199265026440417	4.519637166519001	6.301030714823112	-5.658257716516831	0.3954604087656958	3.2327051047243476	-3.147717457277487	-2.0970596114078206	-1.3243879757113848	-2.1492133474457185	-0.9888973737433109	7.030684146527364	-3.3682731356582885	0.9262547909220078	-7.91908590575343	7.085191482943398	2.9101658224915967	-3.0998238335688297	-0.526420911947717	-2.13137747038609	-0.7016216535721479	-0.48483494328375204	-5.092833115549508	-0.7743050038714439	0.25580546445212443	-1.7282418888462319	-0.974960019786467	-1.7895847433146892	5.081735124760355	1.8406279053463268	1.3937229477476414	2.074704551582199	-1.3078905595367492	1.7367961990613234	2.172240234212992	1.4164619812499546	-0.08417757737084706	-2.5993886981718446	3.236219761938723	2.693646070733731	3.8227301286860116	0.7515919946626474	0.648699312759481	-2.6033571731772382	-5.663492480641746	-0.9065845165993973	-0.8079649909238721	1.6285998359074152	3.295544988544929	-5.415818038707213	2.6284171972900645	0.25290549081991665	1.975373110664169	0.39384104721848096	2.159625799215281	-3.312112415600656	4.387628618253021	4.515190249207722	5.597819293087071	1.1392162579997527	2.763441840590501	2.3955217446535015	-1.1070223698568196	1.299781048173368	1.7946289779789228	-0.9314453210094448	0.27304768467211227	0.3461827240674986	-0.7748117825816232	-0.646267616656941	0.08818555582634448	0.5534788317349317	0.6811025526881708	-0.18602902869449525	0.39731312860611473	0.33256584821531515	0.6400478832163159	-0.12457445424794002	0.1963554170102479	0.5759765887227392	0.20672747081020476	-0.38205454414294876	-0.1114616438337012	0.42126750636668925	0.23417408473634013	-0.36148709762383374
DTXSID4026765	-5.487647376916466	-1.9305797330284482	3.2128450111342985	-0.7274101901374672	-0.997049492434013	0.010431522842744383	0.06682649114212169	-0.8277935475546071	0.8236404081982585	0.6922046579487857	-0.2346588171806123	-0.2596937881447007	0.27494689068148637	-0.5799132837492256	0.25207606714694736	0.21671598118540855	0.1901245470317386	0.35157824356443096	-0.10307164017252966	-0.5768475763193689	-0.07538528922725082	-0.3617276677632166	0.2573120266205784	-0.6342538477486294	0.4693412973650871	-0.6248018225744142	-0.5330118510910798	-0.31988182673945353	0.047047611885045554	-0.11393486386450771	-0.18978445156001306	0.5704387133167492	1.117060581462078	0.3364016463925488	-0.6638792246514896	0.32929211482125287	0.42576203884641317	-0.5595990762474075	-0.703051180767147	-0.3704279801177544	0.26968414347234204	-0.5576575325232499	-0.4559161445459855	-0.5446582239812376	-0.28352048483025605	0.024673730078207917	-0.5477730703063926	-0.06793821277312556	0.16153703520427365	-0.09888025132257103	-0.13529225201909426	-0.46826683130115776	-0.03779533865150743	0.1086439660407665	0.12989955504108291	0.6138601813097274	0.28820860472625254	0.34304642688898523	0.11046910358273399	0.30104113753598477	-0.41498011623246794	0.39709469926093166	0.7513767355667303	0.35248980124305596	-0.7614400881684966	-0.013785849080811903	-0.06392649582226921	-0.2708336212794486	0.21052050828740007	0.6836234477030226	0.25676352823779386	0.06972599890471047	0.3113650882611582	-0.1322276081323976	-0.17819078984759643	0.1343615647605593	0.1156359347615427	0.14148162973549228	0.5427509345309315	-0.9776623865051839	0.341154377379447	-0.7339169912687273	-0.2291130494444086	0.0013561447367409377	0.13038932575241569	-0.3244103205935915	-0.33882466822991913	-0.079680913824746	-0.5745845997431417	0.28544587996187637	-0.5475371917890186	0.41966399615441585	-0.03724926259324919	0.15773464111695173	-0.4125111018123323	-0.21229565047443522	-0.18854850202365062	-0.19189493109318734	-0.06082626528392736	-0.24422471520132946
DTXSID5023669	0.15857569206973757	3.0118298983140877	1.240834321568452	1.6615479025325215	-1.5929706351924062	1.2108194729636577	2.5055773655115714	2.1565726163476078	-0.07214694992378679	-1.3683474077635993	0.6835944964523712	0.18980566814820649	-0.48046922540348663	-0.6490289368170192	0.8294503209171454	-1.0438962190137338	-0.09244785668136304	0.027802916557750326	-1.2960503461974864	-0.6567654879230079	-0.6910826739883699	-1.0547508538762047	2.3443728818783414	-0.5486865942939939	1.2595581183221056	1.3941282531231447	0.2669683298953878	1.8539354578400968	0.03235681949210509	-0.8595392715643191	-0.5880176941128996	-1.664623144135036	1.431712903769878	3.1815611377353026	0.21703130983135174	1.364929007196601	0.454185936449686	1.2762968264023187	-0.27709845495525876	1.372691975095883	4.021176191845369	-1.4374902455119694	-1.8350914717595221	3.5706487469090136	-0.9005180340002314	0.3879948617247258	-1.4535849445241367	1.1388172672841004	-1.350099001325455	-2.279777049418676	0.01472900481094926	-0.06266508667668161	-1.4969595120524746	2.695722049202941	-0.9916725539015285	-1.1071498553509447	-0.23660012600499647	-2.789304968762587	-0.6049615700178993	3.4866203048201725	3.210119614111966	-1.0386075892219018	0.2340420081888408	0.09244762566857598	2.6679462761571124	-0.5006202927967012	1.402310809608782	-1.6364973799535922	-0.6761831496483098	-0.07989601280999385	0.5059504299050789	-0.20572450213810495	0.9158456584673649	0.45031536738300515	-0.3444802294323553	-0.006147729164954186	0.7810133697945205	0.12364264868460675	0.6161626027397727	1.2604754019486788	-0.1117995041329871	-0.5536087155384501	1.3425295351999467	-0.25424861320559167	-0.2891286441976074	-0.06092319248745032	-0.679099204168997	0.5683885626490741	1.0868284167460962	-0.4515740665985884	0.12437263415555616	-0.31860478801579195	0.6588459924907359	-0.046017013709152524	-0.14665960587779742	-0.7622598335048492	-0.41128549994901836	-0.5936840709696154	0.24884245100200403	0.6121953945816689
DTXSID7044342	7.483122193823317	0.8288834984932075	1.61019100158115	2.171173886532951	1.9666511828268711	-1.4392225082325107	-0.024782747288597372	1.2651901227868547	1.0164058341730218	-1.2564315148536855	-1.479340768704833	0.3028587650053984	-0.6568856211855719	2.2900103600002777	1.6214219986986826	-1.1282927627297905	0.926586498255768	0.14067463290418572	2.338469732492059	-1.7210367527993893	0.5477631305962608	-0.6875144934170763	-0.694501415809383	0.9678234972475572	1.8673945151760647	-1.7352549310170393	-1.3463211301526499	-0.3563302092115337	-0.2907297706577955	1.1759816028331442	-0.5952790370985444	0.23883836520964605	0.0569506640128306	1.1841444787212114	1.5961909023048373	2.1423794016522564	-0.4301986385604865	0.5235976601911999	1.075377209872541	2.1606855281865647	-2.202173613019098	0.585950576943637	-0.21159846529933984	2.0563913016305504	-2.1513219300782827	0.41695120378110156	-1.6031358215121139	-0.3332697690504711	-0.5378198634309737	-0.48491256343419253	0.294522156678024	1.0527804659712907	-0.12975501459042535	1.4737636355626496	0.7849623598970725	0.955007121252929	1.3880016447787724	1.630255574638754	-1.6072965961530976	-1.6947279361132674	-0.6359898292897735	-0.9167442607634539	-0.8448556584392004	3.1455818310522754	-0.2661782345149285	1.9610483063530886	2.0240505161272093	1.566598223034001	1.5536352791443693	1.6105706251469851	0.17617763763387703	-0.3918593322783491	1.5561683381753473	0.10069016702111402	0.9694692579578713	-0.7498630322241645	-0.41374289749799875	0.6522876192494921	-0.10710571579713954	0.7164728754609052	-2.424311778024456	2.1077330918954975	-0.6173599353446874	0.7903150952406794	0.13216697254431414	0.04721270713889415	0.8285122787946497	0.9454555267411021	0.62722443771698	0.5397870704869959	0.5895301732958074	0.14637478781443328	-0.3527573527253349	0.2575022457320877	0.5967589318894507	1.4592465515338613	0.2902354253443252	-0.11744107520373501	0.2963599960356434	-0.05048328924391442
DTXSID2041709	5.509912697957297	5.833309511695158	-3.454859534419985	-0.08902439748890453	-1.363264092861246	1.2437292084092832	-2.877886095014361	-5.638911565178663	-1.929924730499208	-0.4484164879422618	-5.081477044022268	-1.482463514505298	1.0656020752032365	-1.5699211793434844	2.0237275261827823	-0.11604292480677217	-0.05288567537049928	-1.565634458429301	-0.21790878531347804	-0.6852569690242443	-0.6927293269351646	-0.17420510382299365	1.0260880816173368	-0.8576381252413702	-1.5611867712730805	1.4850274561338241	-0.18408377793760888	0.3267428146885469	0.4654769451679646	-0.6969440305656712	0.23803276495686582	2.500052595850835	-0.6599350244256783	-0.9826583421147205	-0.691308032860991	2.0020196263871983	0.2772827052929402	-0.8199786729534266	-0.3953301992023345	1.2822377989736882	-0.2049007636296652	-0.47706997044338734	-1.2167801204920483	-0.5048088436828936	-1.3370510534009181	-0.1282382536304713	0.6318184954225792	-0.34457329775039214	0.8703561463954507	-0.1833396930319093	-0.07875397168380252	-0.07011235317967875	-0.8515681456367156	-0.3481355702465217	0.6345597169554581	-1.4678892860379162	-0.639251203249521	-0.5660319977048645	-0.05107413613187352	-0.4550539439648148	1.2539455566654347	-0.7392679719629233	-0.3988169918346577	0.07753127000859464	-1.1257261880418967	1.4787663136663696	-0.3575141381835951	-0.5858974088080711	-0.19314600048966	-0.34938449329070936	0.3573785534826768	1.5754243700330721	0.2838716390854752	1.0159392031270624	-0.2303413111485711	0.20276667415916172	-0.27913002055807745	0.6769782057498711	-0.099621637607695	-0.013264379690572207	0.29280684707340743	0.38969963107221545	-0.08599394289858997	0.08499692117181226	-0.27756022200351066	-0.5081009253001877	-0.5467844798219808	-0.4445815630863091	0.19918093075404034	0.43641908070739904	0.4979095184055146	0.7518602325251331	-0.30375897495429094	0.0559851693534271	0.11575978622416991	0.25756009115112777	0.2619211451845166	0.007069165878211726	0.38332771527212545	0.038020560657138894
DTXSID9049324	-4.332779745747115	1.4175809356564113	-2.397745810672636	3.571612134198611	0.4152979814276055	-0.0741506801588868	2.62976706851357	-1.3075713589292497	-0.7712125603412388	-2.760870505754048	1.1267796285139084	-1.7084580479342426	0.05857433669465404	-0.6763569302100949	-2.278916318230828	1.6025900476288637	-1.18131286916788	1.5858863091265964	4.182544514796708	-1.7251458308796892	3.656443024581053	0.5015108719577974	0.23908929745701774	1.9311294999722581	-1.1685858879435602	1.3438157427022674	0.03093036967515623	-0.4491041010779641	-0.8626243791462429	0.8087959771106399	1.374959129685619	-2.1232353491724782	-0.2101695876872623	1.2561904052769939	-2.7571200800686073	-0.7572161777886006	4.546797111644882	2.131115572718554	0.9750649026320758	2.1234771394789536	-0.28439539107891865	-0.2718959537659085	-2.8968365942846024	-3.0330927866576367	-0.9577957143273013	3.515372104243209	3.801822161292055	3.2119778976641915	7.99878001489391	-0.25254536286876245	2.0274631601044057	-5.4946501589735695	7.997230725305724	7.016719554857212	-4.250908860061658	2.1490730037304533	-6.331744162244865	1.0856957861162886	2.616115852586208	0.2942987232058017	-1.172279213777801	-0.24229166374064845	0.0676365553468091	1.000871563745155	0.669947853662695	2.5906588493266813	2.0668954079245996	1.606977405556329	2.4160396047182777	-2.435644983766044	-3.596896344653112	1.5520787815486405	0.6790738600658871	-0.06027001091643548	-0.7318971471181095	-1.1251031728588836	0.6326846981725833	-1.608383195707422	-0.6802988854450406	0.5841708356113277	-0.6218241802847013	-0.29400922493360476	0.5368757036117492	0.6384132719459161	-0.11323483786745106	-0.21523376245175221	-1.1406021276137621	-0.45447483136801026	0.1284314361155447	-0.25865007737858875	-0.7683721359600505	0.9149214958155318	0.05698387923824322	0.10112564652191915	0.795302628998478	-0.571728562139317	0.046549087910103155	-0.4916707152436258	0.17484134273220125	-0.05281886314384056
DTXSID3042394	-0.6673946143900192	2.0381492130353025	-2.0071817895952035	-0.8909004804712908	-0.36845237606671755	1.188374652024817	-1.9972072614740066	-2.0273601787660893	-0.2971944197511609	-0.8395562383405362	-0.8453614787900146	-1.852170914351996	-3.1723693244162634	-2.1162481255317114	-0.0716449148700304	0.47144854593266233	0.9597965696505573	-0.5470836019907395	0.3389870648732324	-0.17270186358273285	0.7291850196653527	-0.6314589527460355	-0.037566739943287256	0.1633780905785395	-1.0928347917487056	0.0543770535570282	0.4577228257116609	0.07672157449457201	0.5312373875978322	-0.050157070100032626	0.9739741257437278	-0.32113542285689617	-0.13127070296832563	-0.6092226714581819	-0.5344942762197854	0.12456153642555527	0.2907685934128965	0.5625681826466172	0.24028048538050556	0.6586169410213152	-0.14650499254271993	0.032294894284310025	-0.23698271425904996	0.5903732486402975	-0.5498139482185204	0.7579293564583037	0.14877155934014316	-0.1585799581822356	0.32509880933044366	0.35446496064915	0.02887123452436694	0.2461550977095118	-0.13484849267972585	0.19167633990601216	0.008889839442106319	0.05164271575463272	0.13156607569762424	0.1356304147024084	-0.7923993007099318	-0.248988416603916	-0.01931147459807551	0.21312966399078012	0.4950857188047116	0.18412912890496919	-0.26551616701862885	-1.2354126841421955	-0.3880197497692637	-0.3502187879136798	-0.45535308968366944	0.014934021115338005	0.6089902368869123	-0.3965332961520259	-0.2614920383300532	-0.5590940450897197	0.4940897697611205	-0.6652104631508551	0.7331113019526209	-0.782367692329757	0.8287960435430588	-0.5242508041955538	-0.20570067990589555	0.12660041678411937	-0.48136480087363903	-0.6614476379559191	0.5587481675142014	0.12266395135513096	-0.01527735263906998	0.38994853255745254	0.2600661264985145	0.13473677067516257	-0.11659157694685987	-0.6587339683079501	-0.20090301726524348	0.6929944943869651	0.2649701290529054	0.22364735801389146	0.6482312663813958	0.4676788609738896	0.5454098747722737	-0.12289092422689274
DTXSID2034259	-5.798677688304966	-1.3972947119887122	-0.9038679573331548	1.5712534850803677	1.0183770494495494	0.4383779645519449	1.7589271553006776	-0.4579526404337587	-0.8794299043768733	-1.4305503257033325	-0.2794346080294489	0.6161912977057675	-0.45339525880852394	-0.3104623789572338	0.1175872554805934	-0.3978674242320822	0.10923234019014216	0.04173232442582656	-0.568088918985182	-0.1537919159742733	-0.30317941305932616	-0.4959685594444792	1.2616785730022895	0.06429494499403839	0.3576517769811523	-0.5433911091099372	0.07379293798947945	0.05531483519214941	0.12069538263839887	0.18352118916289498	1.1946638307265813	-0.28348945917301466	0.41420747914164335	-0.055606464022731054	0.3353749291347297	-0.09128350169371213	-0.3566841315927868	0.048950794203602176	-0.07889506433149757	0.6889181646551163	-0.4362549537535997	0.22378727837800358	-0.5104522742540287	0.45214545601911127	-0.6320888564094747	0.10442819780421002	0.5704017992145861	-0.5319121531885044	-0.2836292197154837	-0.151821384453739	0.029945938943339107	-0.25829474250374335	-0.10740829281038247	-0.006678191282279749	-0.10453743404330365	-0.2741285828701295	-0.14848611264525247	0.13822646411030598	-0.7105530929620124	-0.41110054072101143	0.5683657453401341	-0.020192006235212678	-0.12560082757425256	0.1993048022757841	0.14330095226050518	-0.14433854956552447	-0.5042668101608668	0.2080203950649681	-0.9617618427626125	-0.6256713391527727	-0.04335739964409524	0.2861308107051928	-0.09413344794882712	-0.10152963839308689	0.17626024785166264	-0.606906675054637	-0.09358915414059503	0.3605100460614732	0.474130483764216	0.26832513555630155	-0.5295129043161292	-0.1254187836539565	-0.14796953461983073	-1.2026920724144778	0.02729351856884415	-0.5119292458826978	0.027907924907162696	-0.1598408272041948	0.5054188612451257	0.055406345821963805	-0.280937080146762	0.024491903162686488	0.451121521381812	-0.7038115067623838	-0.5356362328520756	-0.6502900249194118	0.1718817521748589	0.3824392105208586	-0.6278575965151921	-0.7498434615357931
DTXSID8046163	-1.814933182075476	0.9603142162316102	-1.220913461498439	1.3365659385822435	2.9432802667505706	-0.8559329488119813	-0.0198371978162525	3.90788118148605	2.4327614740900114	0.5304026301815934	-1.8796574320301922	-1.3867935159019495	1.9129498739672453	-0.5883216311754726	0.5917119460436033	0.5198452429163443	0.8086143644170276	0.9113154707542049	0.12204450938237828	-1.894416882193763	-0.03894017849487168	-1.608050648373565	0.7257236582272021	1.2493607498623742	-0.7806462936407118	-0.7694559967723467	0.29043732748322176	-0.1263346200710416	0.6500856642368276	0.008591438533175951	0.1623481025064138	-0.4654653295495714	-0.5808646050341797	-0.566844409338024	-0.5494904252314593	-0.027316508228250228	-0.9123111175442531	0.40486640543440716	-0.01656499640822529	-0.43387779687183836	-0.3654435334281309	-0.4889446080835257	-0.34231666641487524	-0.07630086838520843	-0.42947303316037483	0.559839569256237	0.5864246894591701	0.9097000888050168	0.18793085484216404	0.6885942592501471	-0.040445996770265266	0.9416652473326648	0.5400332838438414	0.13286710483361597	1.2150291782924414	-1.0254154321888531	0.023512676655165664	-0.4089083290140539	0.06568080517773488	-0.043583071583962844	0.11054677570870794	-2.09553096868238	-0.7639783954420423	0.21988434865123926	-0.36708081529255593	-1.0254873528951114	0.6883837840478049	-0.07268240193091384	0.4031140014465045	0.7208259617750833	0.5450451500795763	-1.312022561146436	0.733108467184436	0.8826690672713331	0.011316475255988844	0.9336853140350724	0.04942753290899613	-0.3605120022081853	0.1620611785577729	-1.79385366922939	0.9980347073989193	0.38966234086258494	0.3440075706196434	0.5313306898241814	-0.07225946151644967	0.1570091363554491	-1.5034422840643307	0.38838752473394494	0.7145045487338636	0.33673808851964526	0.8424369446642086	0.12188158596685303	0.9950853383796786	-1.4133064196588854	0.16268868791327906	0.4382564199564877	0.3371093467015186	0.01587520563518272	-0.19112443518638125	0.20926988348898587
DTXSID4048193	0.9137442013880126	5.277818377287082	3.9194893322670556	-0.9127755602590691	-3.163469687638468	-1.0775979899934258	-1.054277887183529	-1.359400033009654	2.637259453902509	0.3497041857574096	1.181645563611169	-0.8366555911209808	-0.06054747918803861	-2.20633640493863	-0.6246074275100868	0.821000907593344	-0.2779080998028631	0.23047532490530515	0.08777068121227628	-0.009311382533676438	-0.14401034924219347	-0.1396307037736285	-1.4423676077766996	-1.1894245918352664	0.409115296978415	-0.870544932267397	-0.6936917292914618	-0.4233637046557526	-0.24054593147613784	-0.11687150806719658	-0.2772917413864879	0.8463020342364399	1.4783582403268263	1.0402649499368517	-0.8166433365178716	-0.7168026959303415	0.3777250322969452	-0.06684895620619308	-0.0884293287547	-1.1712467304980227	0.7687885421158126	0.018063743483967346	-0.9191637497504767	-1.052132871209038	-0.6261475074752689	0.7872263798996921	-0.9838265032866631	-0.09078295363230435	0.23605336343163738	-0.11336479930445151	-0.05850412079565365	-0.26539710962421853	-0.37606705584506894	0.2867400725199497	0.39236393725170077	0.9054328638531937	0.825282395183587	0.7449354261206278	-0.40798918309272464	0.23645637908761327	-0.5429279015741645	1.1262400429276391	0.4155729282980236	-0.29915880188060057	-0.3951162693073422	-0.6706179304141243	-0.7740451280724047	0.5810023104596258	0.6960219907897528	1.2474439857834356	0.16659350796131236	-0.2699689418163936	0.7532492922098102	-0.31359157762243134	-0.5662767347700558	0.12595413371771277	0.3538046713171819	1.114768720090276	0.8693154058245034	-0.6591432848890721	0.026134245750069784	-1.0401145444198563	0.43308911269946815	0.8541174799151572	0.03292366670278123	0.2167493517342725	-0.9594662692496789	-0.051011197464588216	-0.07003701982623028	-0.3542806760851354	-0.017018269558735425	0.11485964908459222	1.2556650002620577	0.6963575942679567	-1.050764826486817	0.003956814777629257	-0.19331429918430643	-0.0395001986743648	-1.0187347829675835	0.2957205170240442
DTXSID6051564	-5.9544296344919845	-0.12286629115591695	-0.547411203481465	1.174747475790979	-0.5192599772849363	0.9125333258211104	1.998991578854813	-0.1985683070543725	-0.41023491552644326	-1.6615989265762423	0.3952707041254902	-0.5677805920830369	-0.2265482924928809	-0.5816396579584909	0.026266175135933312	-0.2744998072558	-0.030212013952361443	-0.25852401774188233	-0.9818380048292064	0.17065345326557063	-1.157481994127043	-0.72172125368255	0.9264674029809915	0.055143204337404765	0.6692861093857903	-1.4926184989337106	-0.4695819532498276	0.33602930878263926	0.6905726649508306	-0.5198552695499128	1.0092986706403677	-0.6536543070358324	-0.23100419191307442	-0.31906223111596793	-0.15115899216117812	-0.6522251071765615	-0.009130385923900631	-0.15391855479723962	-1.010220869660355	0.12339815994065094	0.3931556270123862	-0.10616140776514628	0.6929586993995592	0.8777888878082664	-0.6190687520221414	-0.2431910420088131	-0.06936074451573189	-0.18356809726117848	0.5046059396182189	0.47997817256734443	0.15775973047547842	-0.33862361030398175	0.06679955485366092	-0.2476883357547911	-0.23374418181469128	-0.5284731019338762	0.6897929664531345	-0.5368060205265032	0.1366134236495879	-0.45634341787638255	-0.3621660297016566	-0.5364250154768797	0.210987489071513	-0.35976590797801317	-0.22159874811895552	0.5045609935322194	0.29688863971566765	-0.10605824944007948	0.08875293931239578	-0.3068718085726066	-0.02997314603669595	0.22750910225181156	-0.2565327397378005	0.34365886493442266	-0.7341508427637441	-0.09886555861682499	-0.27256760459354973	-0.13623086284336064	-0.8841380243308969	-0.33117089252074106	-0.3398497119295073	-0.6526241683175132	-0.7882785996396536	-0.12403922280355384	0.38616831199467755	0.39064087150039406	-0.32471865488889284	-0.3741846697654654	-0.2263750167109273	0.08572612654986145	-0.5782816420327985	0.007666169323009264	-0.45262609928220393	-0.1596633495713957	0.7519933127338967	0.1962715234691083	0.1449841972459111	0.19472301118427715	0.18715331912692137	-0.08668888821264606
DTXSID2021286	-4.185940431983103	-0.5700368588472295	0.6668078048039617	1.6436880795923312	-2.2974739050106168	0.13332503942307483	-0.6460794291097772	-0.21315529284397775	2.1280617658332632	-1.9290381088070367	0.20037598268285187	-0.09365242129398207	-1.2418159540829519	-0.032090199576325404	0.652495903286009	-0.8395356168451008	1.1635872083999395	-0.5482394369856594	1.803677694912227	0.21181863504929394	-0.007746203076237551	0.5768039435417729	0.12419378774196257	-0.049649227269222204	0.7742408391679674	1.2702840411471958	2.3972756135657374	-0.11941144750318342	0.5984697638883286	-0.5398718846138586	1.005022385029655	1.7179535778201742	-1.178218969675063	0.7643974387301118	-0.31975951348988274	-0.7097969202249731	-0.2908994256702636	0.9422034068035369	-0.86207066591701	-1.2444614508594816	-0.251517035739018	0.0439926757491496	1.0238965686351627	0.46182556362133415	0.29242450285080634	0.579591764943298	0.5932796740198111	-0.003204683344820737	-0.33297038715754024	0.1289020396155625	0.0069029859632518484	0.8076491107097006	0.05698324596594034	0.2747915304529985	0.07971722899812442	-0.07676029794741741	0.5149792315946956	-0.23408916051915601	-0.09688049264265523	0.2625708890874945	0.6800281837865104	-0.03265890502087433	-0.05116630994879477	0.9089166873498397	0.7950084939742371	0.5929474013201128	0.010150529515926748	0.5022031876444957	0.16025477271518765	-0.767867263456422	-0.2490297843273754	0.5216192504036017	-0.3978393648158658	0.7941198143457262	-0.5541836624900057	-0.7346841866646924	0.6034620904689549	0.13966785049669098	0.3184388502799522	-0.44440361738939066	0.9842491377406068	-0.26583062125417817	-0.5230612865003604	-0.3718543368796695	-0.09248899393250813	-0.012959113183846332	-0.05062633550290679	-0.0156629323380852	-0.3518971717487253	0.44127260378717353	0.020150126146598404	0.32106200322488243	0.5152382530968053	-0.09181946302843966	0.24133564816363623	0.06412302750900327	-0.03426743262210685	0.043690812862953024	-0.24729667689663584	0.053363907139269966
DTXSID2046410	-0.9095849622329081	-4.864403883459391	-2.1236682735199786	0.8761557818667898	2.0287828727587605	-1.6213387531260544	-0.7261526679147509	1.4125019780556742	0.4481347213185431	-0.9442079945055754	1.7380637962987335	-1.0572280446723668	1.4206726827060363	-0.5173314174313812	4.105021950407454	-1.2264138600776253	-1.1527641971220508	0.3335664557416916	-1.2867835895663962	2.5982368774481133	2.0489555337438605	-0.9756725092844682	1.481044452552923	0.4524347231608365	-1.4709489509730653	0.3413198970931551	-0.6933014620587633	-1.1683600299855894	-1.5494065636351222	-1.439317244095423	0.16687855712072852	-0.37272599529836925	-1.282793965216202	-3.681376391533337	1.0329142626398604	0.8985084381282284	2.7487648848865875	1.701486797510225	3.469576946134104	-4.841818978122835	1.6322241852342203	-1.2920242544362688	-2.504324214097137	2.826219399523285	-0.5758548965239894	0.6745273096715309	1.6367263535043488	-1.7093670362117532	-2.2658207774805814	-1.3895572671492118	-1.301260559648059	-3.825993152752444	-1.838401180165561	0.8761967992642602	4.503978911312184	3.4473802429326503	-0.7113660530861114	-1.561258426022151	1.1930641001057745	-4.22984645041863	-2.8679091591939576	-1.0371784276684402	-2.7349250378817525	1.0519405125919992	4.55838196964938	1.2722053695166016	-2.8329957142663673	-2.963744156308532	1.0111122474497825	0.09656906025948529	-0.8241904761160833	1.6099891016457095	-0.7987291418715495	0.7231751308665636	-0.3906221603146719	-1.237690915633942	-0.7566315652158669	-0.09187962719350848	1.9601218236577904	-0.5027680286662688	-0.17543955193491373	-0.6037141394868204	1.4901157518763906	-0.29868816232580453	-1.6887186327489305	2.672813181458501	-0.8957786551104917	0.7664615162578422	-0.6192775579983585	0.5296272273826012	-1.3368986605831852	0.5367919112689137	-1.0946370382438537	0.2826233017476759	-0.5494018735287565	0.7527000880020517	-0.03607817142994742	0.1143130744686425	-0.20111530631524982	0.042349406803686825
DTXSID3049336	-4.912244979147844	-5.212144607560725	-1.3122358929211762	0.0867088417917831	-1.7567843593027839	-0.9378961427831565	-0.7644448230093308	-0.22571230110428678	-0.32087737495527174	-0.18525198881493785	-0.43238172980105516	0.29498996862915466	-0.1851132949206082	1.2435673958263505	0.5176648511111702	0.3604276123776144	0.040267041984017565	0.6512186057046225	-0.05802073577552682	-1.1667740927279662	0.12240617728853807	-0.8323592390099408	-0.24714912326635477	0.4546683545495225	-1.33873747579018	0.023915554657782997	1.025083449406933	0.9260262950921698	0.07777576179291748	-0.12695233827277927	0.6316393275758398	0.22418092334208417	0.7289048199358906	-0.10555910748733381	0.005876450293756167	-0.019205172395803466	-0.4276897060335159	0.18286204703187656	0.4336334180356341	-0.38900977712033324	-0.26977653712902383	0.6509082225958396	-0.11273613252483924	0.9562318270946466	-0.6733178715251059	0.07264056261979897	0.4682175321127935	-0.9068028262932597	-0.16548134796437047	-0.5820859910051628	0.23894625408955886	0.028743571048804012	-0.2358392115524993	0.12760071111410767	0.15689555958839524	-1.0496460713376579	0.23663284283097694	0.1446688364259503	-0.06003747928912989	-0.177300404212426	0.32976103228718145	0.27698348551136204	-0.38873792837437837	-1.0641990542038344	-0.6051383507156495	0.4137363342683639	0.4950618833638307	0.27921225362821533	0.7422621944733944	-0.20105357766497217	-0.7582894153211781	-0.19344125665434278	0.573505051734331	-0.5003907785404208	0.17716030127178292	-0.34352266259467534	-0.33466940169791104	-0.5795777162871163	-0.24137926927662692	0.2732054641085477	-0.2184783256669044	0.5456228394029216	0.2661795010471149	0.0012056337907501455	0.11339833870374111	-0.02897208246927002	0.43795947973823257	-0.124546762315107	-0.5045210582936379	0.030124018981784868	-0.10295265685718245	0.0900042654074276	0.28616434426578363	0.02180390573927152	0.21063020449378683	-0.28342320915061225	0.19792138986973526	-0.05099830093145673	-0.1421481632249796	0.22042329170264985
DTXSID0027222	-4.263706146959462	-1.121611587318596	3.8459032665247603	0.2349215157335798	-0.5838544626594582	0.09483748809531803	0.2654828227423099	-1.2473997443034606	0.795291264778451	0.6074134627254252	0.1548412424525012	-0.46856214981346894	0.3502875533407228	-0.581427380909455	-0.3828419565268691	-0.4649373975887643	0.5480176171012062	-0.057569435669306994	-0.16600894604212882	-0.23502683792820053	0.0037910214867186713	-0.401350254067272	1.067084346220082	0.07502723517809759	-0.2835758522160606	-0.9594861071417059	0.2914867769946124	-0.06506748659700595	-0.030448726561486717	0.4215156093331646	0.5949567191569429	0.5414195293454778	1.4226074446328962	-0.026923192634674773	-1.8660850610542303	-0.42200945429825143	0.21412586539071746	-1.3509270916792961	-0.6109475647221791	-0.5555682735639386	0.4199317952666305	-0.31094296676954736	-0.11192263477604755	0.3874242801364896	0.19410573069815518	-0.4939125140662025	-0.29653606723724857	-0.48884792458934895	0.006231319745432797	0.06982017534583407	-0.1030009034932222	-0.8498915500545073	0.042265545581638614	0.19634585994869244	0.1467507952623972	0.6705040699616137	0.303741200035604	-0.08083531477283064	0.010052783657124942	0.492799663394444	-0.47101326193567117	0.4361929722406652	0.1267006476280034	0.9911045702515848	-1.0799897109035816	-0.21995752366688243	0.6732988157176161	-0.8533511466942834	-0.1073902303273414	-0.5345899790752043	-0.15895550076843093	-0.21213263598591586	-0.2779550227780578	0.30429946376089756	1.0093153527013514	-0.805893146252959	0.135119749717929	0.14607221393622427	0.5214173183260183	-0.3507058902281201	0.17383556576802206	0.19814262992321136	-0.10519193489994631	-0.061829595459136626	0.13501073419414353	0.12820471792189184	-0.048825435892216155	-0.37928071813916914	0.49504876883742	-0.1538449121756109	0.37035999263512476	-0.1988620967889738	-0.3322921331313974	-0.16711103282880124	0.10091390156245189	0.037704735572298184	-0.1376500394405374	-0.22144955966211774	0.030603316524513063	0.2779715461820057
DTXSID8048814	6.842706362638893	-2.6270897225340675	9.057820401375515	5.148003508407243	1.593305603606208	3.31584534668424	1.2351704553811922	-1.6957518315046753	-0.7447129529506974	2.5708578822550288	-0.2617630113882105	-0.5282446349375278	0.1668345545220637	-0.49581227185886784	0.8259075836472792	-0.3985173036696069	0.22920144693217853	0.5124413834344536	0.6083304797064213	-0.5352722380264223	-0.10968267831088839	0.05432188996434946	-1.329666672560377	0.9583199511918323	-0.5456898934300105	-0.0931141310919821	-0.4531881706395288	0.7263096658346051	0.3459120013369022	-0.46298141849120883	0.15482036262274257	-0.4069028538772118	-0.8072971103944642	-0.6583471361799118	0.16066927531232383	0.42091426539757765	-0.4981013327415874	0.41061544179936327	0.6518956108385124	0.6166043628642478	-0.34469755934333773	0.43917549365707603	-0.02380490840518923	0.237018818947938	-0.011837054203132056	0.03309840913455983	-0.08662037068213974	0.024392100874832894	0.44248976199362794	0.045245576881307085	0.061356849300994394	0.19907995103059026	-0.1563351888679958	-0.13170477430130206	-0.30868759609504015	-0.43523837885566063	-0.381055416299377	-0.28771796860953336	0.1492889965086086	0.19497986996143712	-0.21326490647440435	-0.3608687684088011	0.05743943177310146	-1.3248850196104114	0.3950515598511078	-0.3351124907544422	0.30025592714478794	-0.4988610111272063	-0.31846434604242385	-1.1381990976170784	-0.08260887629942028	-0.39643972642344105	-0.9492491550496814	0.3520128460127863	-0.3201405994472032	0.018169949888685352	0.7142858580852679	0.7666958473293473	-0.13431476332689674	0.41097504319324923	0.8665673970727471	-0.3990395203075592	-0.39688748571240917	-0.31799777557915854	-0.4472785425922528	0.36705300732214147	0.13500219386002868	0.24214532599456623	0.06805996925469363	-0.12321069317937038	0.39012688431141046	-0.2760725675242238	-0.25556022169458525	0.24634024473115212	0.39449535989783535	0.17441764606447502	-0.18477121090749327	0.21999379734919072	0.02348686545763303	-0.5181281974413182
DTXSID4048933	4.835423380443451	5.084556151136053	1.5623094261980028	1.110397251652345	0.052998823278319805	-1.8427275351577979	1.139093804939235	2.601540756946024	3.7674585698785514	-0.12139520247776439	0.15377383836736663	0.1118768564084536	-1.1944297556518109	-0.18396477358556917	4.314225374069909	-0.042908437922719096	-2.8333896204144757	-0.2649963824195005	-0.9161934176491666	3.6914865726316752	1.971462378667837	-0.6348674470880507	3.069277352125373	0.9467659429223412	-0.11068691719155015	1.2544571498647388	-1.4069371051376625	-1.1158013613350104	-1.2790484652150884	-0.08409859945510355	-1.0652679223025885	-1.1060937902187151	-1.8672646051862016	-1.0666547816325083	1.8494267867233358	1.0072531916900682	1.928410899738649	-0.8675002053405785	-0.4681808334936217	-0.8903911574770279	0.5885666859419684	0.3830591220247095	-0.7656893759565219	1.280616232278232	0.5980509230895922	-0.7992484395543223	0.9378296681424549	-0.729728139606779	-0.01381802091104058	0.19372505107425797	0.43692229798718146	0.6035691399461466	0.37914533283492724	-0.09762314710153647	-0.08705528688327828	-1.9435031314992388	-0.46764028332445173	0.20470386209226177	0.3886492438241405	1.346417764019629	-0.7934975594069321	1.7761685918505528	-1.0886312805076293	0.9195465521515184	-0.8481631544319025	-0.06600758325488983	1.1688941435847746	0.9213104154142532	0.3303010184671247	-0.5405597830323228	0.5311120847217624	0.7833942744602309	0.6568560471004844	-2.2619229773690814	-0.42923606489011773	0.4277551897963129	-0.370234512313887	-0.6715478739994504	1.4461114211885984	0.6325952722650545	1.089402179186788	-1.219959510715147	0.2725162372824488	0.7739119338047371	-0.6990727513577684	0.3485335483921135	-0.8103145822256894	0.9014735645997587	-0.8493080495530573	0.08710307576214957	-0.7693391944635075	0.7961454847004636	0.7389538321011871	-0.036885733628200953	-0.2790152007351495	-0.06404788509935797	0.599237332199725	0.4854749719560773	-1.2312174673334468	-0.0400381879142494
DTXSID8027793	1.9358118586118889	1.1042110867418504	1.5025410210441221	1.545880246946162	4.4520564881441596	-0.32941510092388265	-0.7346525396907743	3.2536533560743885	3.074643566064154	-0.9156989785710914	-1.6932019108782155	0.11396520890822434	0.8283811509182136	-2.197976106654551	-0.5296275432370373	-1.3167492406169656	-0.25719608615220485	-0.2920397609919367	0.675430254155793	0.5810853121777577	-0.582994091993918	0.01065437375310195	-1.4394974125502373	-0.04472866806920469	-0.38582167433430453	0.36249957495635104	-0.626399220675634	0.6036434635777632	-0.23753515033399458	-0.0630306112357364	1.901031225743944	-0.10125533764153223	0.26574857926887496	-0.6541598962902871	-0.3261244333208826	0.5363390258363436	-0.04887192505066177	0.35157224198536924	-0.1696081938202569	0.9237224105983549	-0.21523317190397998	0.02547031840388831	0.045269440709780145	-0.0030289475177734514	0.11413119062410075	-0.03133471710839061	0.03161495796419702	-0.7024644892775218	-0.05959085499201647	-0.5831774916236203	-0.24764586288346754	-0.4474074161496858	-0.5998127064922104	-0.2157675783065207	-0.4453916245716672	0.06809012145152352	-0.6636779134059313	0.4620267180232855	-0.785257844240085	-0.23183699561239987	0.15931476172986034	0.10652038321158545	0.02363819960170472	0.3745132463526552	0.2822481895098348	-0.5671749066639781	-0.15966978494489387	0.5944131758991957	-0.5563480376905308	-1.7233190574924593	0.8884260637118877	-0.814698882615098	-0.8409137968571923	-0.6186767257853387	0.8826112326871083	-1.915414856535518	0.021838264814536646	2.796204836036933	-0.30872731994343244	0.7875412686232256	-1.2000937369386893	-1.2793706692226439	0.09496701827973583	-0.612393748535448	-0.29454107713942135	-0.42889956322770384	1.0704962450747784	0.35026692651971997	-0.5644700356489983	-0.049172901283834045	-0.9997495723295121	0.41653523038779383	-0.8950447777058985	1.3249730589429962	1.2787415536849698	-0.14354771066454294	-0.6456260857491567	-0.5559166650192514	0.24486206650067743	0.7230807568091214
DTXSID2049218	-2.2431719184041095	-0.8683629609782789	-1.8503611174107744	-1.8878845794160384	0.3039728733048789	0.82252402168132	4.4064675170029455	-2.854271723160869	0.753552493729525	-1.9224914915576528	-0.4513712520149339	-0.9001888374417211	-0.3231638349507299	-0.3764367376265585	-0.19956491624606493	-0.5949609931714379	0.8074937908049026	-0.06823252330728255	-1.0113692590598273	-0.007602659758026346	-1.651471835696407	-0.33027390585057237	-0.6402950399122253	0.43516059167522486	0.2072416418660892	-0.8074022256034082	0.03681382481899967	-1.1076830363503598	-0.19801123122494815	0.2382661492521084	-1.992365091199407	2.082464735268944	0.3891461862301933	0.14624456146376213	1.8546780905650253	0.45680758728809556	-0.43418476036046955	0.2530993247785805	0.9933502288622754	-0.2641773555833824	-1.5308139793134032	-0.7023553601330973	0.21822967848603533	0.15793373909474598	0.02241498605542612	0.23295119389750463	0.7316000998600124	0.32312654822890263	-0.45573455209134994	0.589431191894749	-0.275671543157678	0.19909433412670566	-0.2954488716790742	-0.2096452095741523	0.004896584611891137	0.5805860234744349	-1.2472543622377548	-0.07486737794615027	-0.4620853765432113	0.9595990563603823	0.09260400322872869	0.5474976756592911	0.5821420464314909	0.7368765655605172	-0.10281085648399504	0.23658205887744957	0.6072568967227165	-0.9900784061240093	-0.5480356300577479	-0.47160110354915646	-0.3215699778858523	-0.10146155529559357	-0.5100189818882096	0.1187377357013699	0.14825549860435305	-0.1796492202578947	-0.519176931867063	-1.011438587525982	-0.9133456235185715	-0.5354297131479404	-0.4453988994519839	-0.7586312071139292	0.7076196344383547	0.8583963095458145	0.13579038494204196	0.6068328259019575	-0.046678612850626376	0.1567697682081368	-1.1623667775588709	0.34889793825644755	0.3670301004002478	-0.5352723449326593	-0.31098814594318364	-0.14084242148074094	0.060947759732604086	-0.1926567436369326	0.03003923671193371	0.5698066851710206	0.1266424951533693	-0.40092047510534345
DTXSID9044744	-5.265019255703236	-1.4690649674226008	-0.7377012193368042	2.253829085146872	0.6004597867442845	-1.31037823136599	6.130573082698649	-2.0157402965110136	-0.8706868044263093	-2.338807410720765	0.11894582724772099	-1.1464648482450766	1.0216635836067758	-1.225200324308717	-0.9716207958247006	0.9750541671030644	-0.6477566305559473	1.074838631665715	2.121880796746662	-2.249691307120375	1.4147526659765122	0.13738844986683427	0.5428647855211274	0.605510186472483	-0.05679878433538556	0.39173178784028717	-0.3830386408734131	-1.8725663008112325	-1.1114743334308996	0.5992415614993117	-1.90235971361142	1.4128048211478872	0.5703357216462245	0.2935472768971717	1.0310211848214734	0.7106642099978332	-0.645338223410306	0.11920403923726132	0.5366271350554337	0.23937812785994345	-0.5231029219110872	-1.2613966615701784	0.5145759197860663	-0.13945001205779833	-0.4302695903610224	-0.70266149369187	0.829419735431111	0.8998736062096546	-0.5033694960307814	0.26436929638281675	-0.46562528745083087	0.020301434978545543	-0.29799901244337357	-0.5834464467286422	0.4728686720679781	-0.03236491847589825	-0.4947374142127873	-0.13394747116501043	-0.09894513725339131	-0.12032840224802546	0.641032728665438	0.004687605739947973	-0.0877145294730704	0.40218259593913885	0.4243925946957544	0.18234885449724483	0.7501774473237488	0.4122600936255386	-0.8877172213356852	-0.19012184829466552	-0.06466990505459304	-0.20231297884760116	-0.40023481050645143	-0.16524343818209306	0.15570219410441066	0.29228329609661324	-0.24826013858875176	-1.1048020347554341	-0.32254282103424203	-0.2095441544826266	-0.2539996051800431	-0.05751724992503302	0.6892145146336749	0.3138782480743061	-0.22285271006688614	0.18497176507425764	0.4574407213763107	-0.02503415881522832	-0.4773849809331191	-0.4182744688960636	0.1755804670987721	0.09230652345347427	0.39696864790976266	0.24481932496780745	-0.42103108360065467	-0.09882859441715142	-0.03210289647620576	-0.270502547428303	0.1700613531428928	0.2362061664129516
DTXSID5023588	0.07729218555133108	-7.536552070608426	-4.655542364194235	-0.08260768392932798	-4.494086775590607	-1.5053175385847313	-2.9056208350734014	-0.46463728072061755	0.18519964512438364	1.7710938568099257	1.2833008238852142	0.20334564518067808	1.413241040888565	-0.9335088542611755	-2.28000236148638	2.2921899712775247	-0.75359876050854	1.5016262259507764	-2.0281822833808185	-1.233474882383714	-0.5911024552408987	-0.8511719530159796	-2.04744345647755	-0.5513528774971876	-2.8098618157713986	-0.07905091592418928	-0.6721088240254847	0.8227931845582279	0.5166043244896598	-1.14195769173447	-0.09427493449019402	0.17889332113555004	-0.7300431308297053	-0.483518222995776	0.8012811674725613	0.3283386541388843	0.13835773835351425	0.8550620889096433	0.38879490721478255	-1.192809909868116	0.1317310140779227	0.2384884135916034	0.6181296496265266	0.5383324400428903	0.5071905528330831	0.6511924182852722	-0.061658042133127026	-0.2720251718612472	0.006552561628009879	-0.11219010579843408	-0.07061990197191166	0.012716852597728952	-0.22030347116773855	-0.0017997475969385444	-0.6336099889171127	-0.28487197564269223	0.11946369804894746	-0.3815488755047227	-0.4282875448148196	0.9031030611737518	-0.8938436254085615	-0.24223799674592497	0.08574090630807542	0.4809332227115235	-0.9550713771140797	0.49530846436476916	1.1547677286886324	1.167861622993399	-0.3517050343167454	-1.1394091953941268	-0.07709887510105447	0.1833235972995144	-0.16388991636408615	0.32000970819734653	-0.05013950209250362	-0.7455995284981212	-0.8933456190761976	-0.4069357952967212	0.04479682515731961	0.5367753850181238	-0.4138941399926239	0.8993129635555199	0.5790985714914996	-0.17333356840488984	0.39006204413378276	0.14534265824494608	0.5985326117889271	-0.1512987666245041	-0.39753905825394265	0.4375269669516535	0.28632973028313236	0.5061168660692653	0.30242550714232536	0.451792662284831	-0.7574531310146354	0.03789021212247268	0.21577163195268861	-0.2950973583765518	-0.06948596845331488	1.0100602561455796
DTXSID5022984	4.9098151272704555	0.40757013491142635	-4.353713810867097	2.55868725861952	2.3817049032051867	-2.156331638421107	5.586669237455171	0.40528737908355406	-2.0286735926625994	-2.7105858464715307	3.0547357343878647	-1.3279567348612553	1.0358033158631181	0.8694865536761548	4.25047289465609	-1.2476962517530668	-1.8217111880799444	0.729565896017734	-2.4429871533608964	1.809275483100314	-2.088995476425563	0.45400033825116515	0.36428436994898017	-1.4538816304359072	3.9899692692300537	-1.688412696782741	1.1616889569719857	-0.4092260492492552	1.7836004813782353	-2.601023209999645	2.1168382199182916	-1.586084272113291	-0.0076537923821302185	-5.178654960429289	-1.2305328307367094	0.20611542090417106	0.09115917085985646	0.9868876308190226	2.9110959437615755	0.16878848561123935	1.5249385454685525	-2.611384811301886	2.6451848224291616	1.311899339539646	-1.2189752311701272	-1.8427215059274211	-1.7415442646805408	1.4398834281483592	1.0733808624538934	0.16335080166239907	0.7445101980905551	-0.8424264693482796	0.020237081923876573	0.6562602487777004	-1.8711258802615365	1.952851627365637	0.49061745284343883	1.7443018537767585	1.832485340885676	-1.8984200764781884	4.4073269935005115	0.37299692362900977	4.213530833255642	-2.744000754719547	-2.302210225552644	0.9099082750014476	0.7981737338754485	1.8014675179488373	-0.4896654028151917	0.859014101054156	-0.24413795579529277	-1.8199248554069656	1.1334474842203455	1.1210592339147163	-0.3530094384800958	0.852600684650856	-0.7349517858530018	-0.20575275109856264	-0.687703780712924	-0.6430493700194276	1.8788553784170694	1.2758400926324827	-1.4299949124186881	0.2867557545236498	0.503209756592435	-0.27127016911700047	-0.26663010037268325	-1.1990566242545977	-0.017260389442939422	0.7867525563937692	0.997648537498103	0.5290390718326343	-0.2665802660578787	0.9893650972885886	-0.528176908052013	3.6909158373526885	1.2517406170687062	1.035590524207033	0.07882142197115308	-0.41234326047479064
DTXSID2044422	2.0110280236594584	-2.2922587467793347	-1.1852546271857243	-2.0077674138453916	-1.3852919066680156	-3.214027442616103	1.1785935175210562	2.0332222363736174	-1.2686778286647957	3.656094100513732	-0.6376829223288959	-0.07872624831095335	-0.15662710542295716	1.8114342863983333	1.6275645992661707	1.8722761133216004	-1.9822634724641142	1.5682498864721548	-0.06966388429651742	-1.0379633537649662	0.5899936005543746	-0.04781431882469083	-0.1426518745787018	-1.069423498137077	1.2028154507135997	-0.3336142647405369	0.6157637793293718	-0.1677305462856473	0.41773206763979825	-0.49993878440821965	0.8855996252947218	-0.8878839551838915	-0.7482772451873854	-0.09458026518542734	-1.0647827428005567	-0.7609390284450949	-0.13425582069972064	0.1369572525054517	0.8405705714210651	0.4297621594562567	-0.05424536565073498	-0.556724661732037	0.3776523140524477	0.5767910834136757	-0.21696485162459433	0.5141598874779918	0.14724837732702575	1.275857255000296	-0.012322302714270322	0.7917110247229506	-0.13155105521709365	0.42950301099346805	0.26289239109068935	0.009487860534870385	0.7002890326597245	-1.3721655810275803	0.18816036217320833	-0.31950701721304686	-0.2030114153650252	-0.2894648955679632	0.8042840830463246	-0.19333707215655443	-0.6094148915625832	0.5159448750938821	-0.11960024484369151	-0.6817388594748017	0.6587136164159642	-0.31850733414681753	-1.9292856644891028	-0.4799972560625461	-0.24466569897523308	0.23496847821264613	-0.17327342884883212	-0.6233121587511594	0.7360559856730708	1.1298414132170698	-0.5190636181158557	-1.7409098181293268	0.8939689925579991	-0.22390720931288322	-1.0982097096676302	0.6278490399442204	1.815557342462621	-0.3381182704948115	-1.3568739111233148	-1.2997850422168742	0.39298260161117937	0.6191915459690659	0.44080318788472955	-1.2066622825072348	-0.7702299109665274	-0.23156588325860064	1.754238772755432	-0.2532987660166452	0.295560833989409	-0.2653605674914095	-0.32405337216623836	-0.20172066498569644	0.8858814779234441	-1.524254453532757
DTXSID7021603	1.2569624027563553	-0.580517843624853	4.91736727565974	-4.465259547329823	0.45004293055909006	-3.8492621381242214	-0.4505320508444555	-0.7084187496333827	-0.7705162498738535	0.7246194950105239	3.3406767414012184	-0.1779742612807406	3.373838968460023	-2.02717813105559	-1.0946191173976947	-1.6703341340851126	0.5269980696429212	-0.5168644560081002	0.26804208184240985	0.5145897941131576	-0.3776954236882433	0.6545378314783675	0.6816016553512089	0.16158732572434756	-0.36012601668212235	0.6423309725488205	1.2166519905245126	0.06488752625064892	0.2160283784338372	1.032113388324173	0.9995540415225407	-0.38222569995571704	0.2531103915762829	-0.17221455486164783	-0.15018540077733844	-0.4119396252870788	0.3959126369493932	-0.5570867725810066	0.3848459803599802	0.5742326455847584	-0.029487193739456057	0.09346885514032151	-0.46194598153290184	0.399578323988715	0.2932496929775876	-0.4440249044113903	0.47790944998824614	-0.5511936403391986	0.08445743486303661	-0.1048284165501654	0.098014849524121	-0.40713997054107254	0.05509956511491926	0.09519019509324943	0.21299520209961906	-0.08248570223308148	0.2611147439885501	-0.8172199122492209	0.06755394054737374	0.2698722565402996	-0.12347455189531474	-0.5123567058321865	-0.3805844356700463	0.4971432143796862	-0.13131912351948932	0.5207463557826445	-0.09057482253231322	-0.18454078708239469	-0.19277953958897676	-0.25700186989532725	0.4949187535081959	0.12067034085580229	-0.1835298910356245	-0.0327707949062821	0.6117935169381984	-0.08375774100330263	0.06371827345469994	-0.07067106022221874	-0.04214558850096836	-0.05507788674563709	0.14786618152297337	0.04093614484606085	-0.36120397847283325	-0.15076596903675768	0.23685251616376457	0.004668943427747256	0.06409392448376529	0.02615449671126769	0.05135637711513424	0.29619695513778294	0.41276957758382854	-0.05779173590638429	-0.6441494976650265	-0.26619949596613857	0.19317500847394473	0.154985375026008	0.002490825303451757	0.06452046468150252	0.061484661426088556	0.18714787477900058
DTXSID3025209	9.977515607721669	5.016611059214696	-4.704405056466238	3.440908094771817	2.465600430217802	0.17364185329905787	-6.3969238173488945	-5.059262383731333	-3.041534430390547	-0.1331613680684527	-5.8876435520637695	4.33122211299107	7.051545661308771	0.24738623634410115	-0.32838863137217267	-0.21702496003544286	-5.122333730326157	-0.3912395662545857	-2.1311019297594838	1.4265196115038694	1.1397631976240714	2.370655986632129	0.38005953781874513	-1.8291859795152408	0.7732251714607471	1.8003654656099866	1.206856535228431	-0.05574344407796127	-0.7394611933572552	-0.2232080073396571	-0.840613538339762	1.096432515977565	-0.02895464237806052	-0.27598570328676914	0.10769015006910362	0.4510342843332186	-1.664332691068149	0.28152961794455994	-0.15737822566868326	-0.5298397227496827	0.7613178731167339	1.61446948389702	0.16854843444930886	0.9330683650937304	1.318645632184883	0.07278411561889606	0.21932654782817046	0.1318357166072852	-0.9069281248524521	0.7195361420432711	-0.02979825916711974	-0.12977132656453771	0.694378984423855	0.6223773908780718	-0.9717020604112824	0.1614822191453677	0.5805019540895856	0.3260234043426297	-0.8577231484017461	0.5852786342281489	-0.21000402138316088	0.4644333130082064	-0.14350149211458635	0.4929900061809609	-0.07551019949593807	-1.1922637757345322	0.41269852691874015	-0.219127303134336	1.2953328229173946	-0.11987282970965012	-2.096360100336603	0.7010213456250362	-0.5663179445988781	1.066503872781837	-0.41627023420547354	-0.45607215241710103	-0.7219432513120895	-1.0830595205156457	-0.7860495025932833	-0.4354882261318039	-0.579646555303611	-0.130565796750881	-0.12101927721553336	-0.6168256079977557	1.1927960963365085	-0.13150147827238826	0.058077430450294856	1.1221657604032702	-2.0745512342597356	-1.4616426682820656	-0.515977595785946	-1.617707980060339	-0.3416125981759512	-1.5304716777768073	-0.3157173524901069	0.5430117453058398	-1.0672019894556366	-0.24398033926086293	0.7526884033490877	0.5249010230309767
DTXSID2048614	14.537910390210008	-0.9040341177713798	5.022509561396656	1.0345440045080128	-4.894151129646901	0.30286404757470686	2.0982680591493077	1.4679331042404442	-0.45132952396722564	-0.10536050834934134	-3.210452209434544	1.0078891778547732	-2.11154881534594	2.7152868428659263	6.569566011403833	-1.4798358396661235	-0.9925319976556005	-0.10942906309952537	3.9580832330452527	0.662366279564838	1.0271613879124892	-1.0520779089071506	-1.3464271046062566	2.213170713976394	-0.45622295123858986	1.9360765624532639	3.173890163168432	3.9943112559975433	2.521374971449526	1.095487087984355	0.9747252741459518	0.40416907354108556	4.858790678352405	3.4547533438242173	-1.8945706595706393	-0.1805856617766829	-2.023763736820571	1.9048398016210604	0.21151096588845533	2.745006430440424	-1.4905463458445034	-0.4306913382517251	-2.790743981129795	-0.28054128986918114	0.6251904454049555	-1.5599740763343835	-6.409410286538434	1.8558609021323373	-3.1094480204830472	8.974611499636685	-1.3065052924091647	-1.5106273562920736	-0.15764554704865866	-5.098397721102938	-1.9365379279907264	2.7302109633793217	-4.980816288328788	-4.71171828290495	0.6961152997674699	-2.630642471982112	-3.7746292381380884	3.52442236304544	-3.9066611302066945	-5.753032762271647	-0.2184166820422447	3.7996954640398704	-1.1513634927377303	1.0295609757949546	0.2540973915691443	-0.9039295956712056	-0.29237693654402197	-3.570861322857712	2.954886464245177	-0.9489729325627577	-1.6418119945622338	0.4155477506444794	-0.7522987437911727	-2.8662047624369054	-4.571508039555799	-1.3805357435779282	-0.960169084694522	2.1127688914723466	2.52458090468116	-2.724473814331805	0.088719031861295	-1.0842468524501738	1.8721514652378644	2.2086917269635746	-0.5917992797003989	-0.27932909471478673	-1.1920830426772224	-1.322130515522021	1.7117592295504196	1.4379779052079615	1.0361053618053202	-0.543756195080576	1.3184178414382122	-0.44253119192749496	-0.7363330928128623	0.3242438187301335
DTXSID8024652	-3.1493388186229647	-4.396389727408886	-2.4343714287430975	-0.36931793369462884	-0.42297570679918906	0.4967110932037356	-0.7049534896008622	-0.19556289103898242	-0.6944051228113226	0.6613569759463147	0.46493886036275084	2.7553246629586456	0.35920367180174856	-0.9050779235018009	-0.033528432037155935	0.9196260250634205	-0.8724253239185498	0.4979938608191244	-1.035702033531691	-0.7523097516920183	-0.6036056047598146	-0.37300727243849235	0.32216682797941265	-0.5925058685546789	-0.8870774108599979	-0.22334975381150807	0.09190368999159464	0.41574827523592617	0.14440808695025026	-0.34789674068575244	-0.002051624509878194	0.06821038376966194	0.02314485612676455	-0.3600244881679902	0.15719549152874995	-0.5601329073334486	0.39086262430565777	-0.1428476496708051	0.43160339144006843	-0.27317603686613257	0.017492428976931117	0.2636118866660199	-0.020460385371713567	0.3579357749728966	-0.06598290628766963	0.18135598331351274	0.3832966929104991	0.12744376392434592	-0.005227067320228727	0.009491490166259733	0.1012056073567067	0.06267494558069228	0.03179785696766364	0.0011249457010868472	0.01811883388763646	-0.21457176620600016	0.41170843904273663	-0.18873888323235002	-0.31705527599053496	0.26298280611614766	-0.16561081159878177	-0.16382397906553006	-0.2644255890794117	0.044776445483676944	-0.39365256534693344	0.38395885939561425	0.6672807810586763	0.3721413458257597	-0.8297278314095136	-0.04874385684092982	-0.332178185324198	0.5020195528703036	-0.1210312095162978	-0.22842969482590036	-0.628036459155484	-0.23703580937783014	-1.4758812825530334	-0.5414390097346405	0.3724874050062487	0.5483188268815486	0.055097582063395684	0.13321952428129588	0.3883806358092785	-1.5522115658914204	0.2657147717748317	-0.5092958558157985	-0.702884766243174	0.22396753551317977	-1.1787871281468054	-0.791338540736607	0.41558017338193187	0.4388746205556213	0.6133110439121834	-0.10260921324397504	0.5762240117233145	-0.0860713672372925	0.3013804771803391	0.24750601376568962	-0.08600627911522551	0.2803986490109999
DTXSID7021863	-2.414859124589304	-3.221558080761962	0.028151102559822783	-1.8056029450945814	1.7357890280415575	-1.509178908746847	-2.407323600532222	0.35950774029573235	-0.4721828919125249	-2.114782029991271	-0.6627972591647376	0.0681729888613632	-1.6735618483748476	1.6231751282695561	-1.1887043075358565	0.32754090263471713	-0.6293686194303821	-0.8885016164937569	0.7609426218081407	0.15405551701299827	0.400850192691748	0.4526308436318149	-0.5344808395476266	-1.0978182419614886	0.6983421289717744	-0.550975082883978	-1.3676298222490635	0.6334108190359119	-0.23054640126387904	-0.5067816706918055	-0.7289098653160835	0.2894899800126288	0.5021131257492781	-0.0032713265939841737	0.12494514276324475	0.03249105362574937	-0.0896915128087416	-0.09976497120261114	-0.008699887605499763	-0.09091062418877043	0.049195159758827496	-0.2710453624121036	-0.15722723514673234	-0.08759005890954247	-0.22124757464838335	-0.01813176557590866	-0.08637522419733613	-0.1617018254962804	0.12254544018520157	0.062209045538885274	-0.12972220511024987	-0.23410232647781995	0.06953401186854484	-0.35338226259812905	0.03841951363992703	0.3001800511518972	-0.3456482150506313	0.03650636727415839	0.04600039670001223	0.0937116478125767	-0.3448246487559868	0.39669721827784626	0.8279143065222498	0.5320006596996099	-0.1872475550285933	-0.8993881246837145	0.06345602534613919	-0.295727533793013	0.4367494712277733	-0.039697676454360155	0.30204391872622655	0.610120869207889	-0.11291613134688284	-0.036862019045326176	-1.9126472989776762	-0.5659326550485236	-0.5090368582007372	0.2521142061721696	0.35368075302285296	-0.09523788913923413	-0.37239376838860155	0.019984702606507015	0.31741101826170126	0.136736883325896	-0.21097485630324792	0.5308809344623775	0.31882065565123496	-0.6498735290666162	0.31767270286176924	-0.4157642719339479	0.7909580930416673	-0.6420467165980556	0.15251454791068295	-0.5266740777556208	-0.2824191014010424	-0.6059760596840581	0.5608387631461178	0.3723165886529668	0.09268527479132702	0.11952321548504233
DTXSID5022980	13.252396933938575	3.445768786666477	2.4315124250926097	2.8631605110436356	-4.4583684294370025	-3.0505548724620746	1.1598055614536622	0.8268603922300631	-0.01851954525322486	-1.4708555913441228	-3.273118731848442	1.4570495005196358	0.5750021459192869	5.173692372688615	4.1187161503440235	-0.5231480795082389	-2.164504739292666	0.5569229815124792	3.9726013144988412	2.672432246782706	2.011039862980611	-0.9490543632839539	-3.856320797136531	2.357158209080685	0.5777534319681209	-2.8287347725836884	2.204362635865641	0.42681540381679106	0.26355153576257007	3.207650280048638	1.4840884254212845	-3.017222318212117	4.003393799592283	2.133455478059603	0.2986137435739088	-0.013704911837397265	2.1769307690310904	-3.383319263912287	2.371441080967692	-0.9686885531386749	-0.861565732792245	0.40591246263517244	-0.578586187278102	0.8811135764230301	-2.1240461075605257	-0.1577997146955187	-0.331721177684763	-0.8273123141165714	-0.506798066924283	-1.8364970357594805	0.39678796667492766	0.11085019003234567	-1.7349192285406183	0.8335276024655744	3.579916008309162	-3.0419833522392654	0.1406257496626329	0.3572437114232656	1.7346608644454278	0.17310112072116246	-0.39868676813539655	3.3100690039176666	-2.33109576059106	-4.533666382419602	-1.0110814092837488	1.3782444269806544	1.2833740249799328	1.4687583515164784	0.7523909559702786	-1.2755207460179898	1.6632954871045413	-1.6974216463515428	0.39751753174998383	-2.9931995304573262	1.2500818584376532	-0.5681382549895538	1.1070452712815697	-1.9416292461115603	-2.0811191666493256	0.3964130190979392	1.8717781845487917	-1.5762811670537702	-1.7120425950312315	0.8431480568088972	1.359465898171917	-2.464997191412699	1.8765834722578514	1.622644301982828	0.8523357482695771	-0.928394440452325	-0.047041562571978675	-0.8007712303044389	1.4988930677600572	-1.20691354173267	0.4550836550346171	-0.3606071347191768	-2.118584690918766	-1.1050103676565595	1.2733347765423162	-0.6050220929322615
DTXSID9026710	-5.023022838129	0.39825402237194585	0.4955084399254544	0.775697707306173	-1.796835623547012	-0.12736208960674283	-1.3597553900782837	-1.0313867668892107	0.7077186820403158	-1.0236907402644757	-0.5892803359990999	-0.010378245772987852	-0.2492621086992828	0.9107501639202862	0.3800844713938435	0.23154107880725847	0.28898783222951735	0.335177364217928	0.6995975696644197	-0.19116224173188562	-0.2831754738649443	-0.588370365901013	-1.3057824587669526	0.6669934852292604	0.0423626289862177	-0.7992599224913942	0.6407876952192428	-0.031227618860583665	-0.06721597025248455	0.7486817354072278	-0.22928638948861257	-0.3688842335396485	1.1787338310854174	0.742616262725243	0.9342715227175903	0.3207720119658246	0.005412688194762539	-0.7343731652881449	0.5176124943688634	0.07323858324993912	-0.5023422820471718	0.07698533316690853	0.015635276404090077	0.2452281702657171	-0.755974472300736	-0.0635971525245585	-0.06889405486224096	-0.6373161550121174	-0.30835177549026305	-0.5011942484680271	0.11365395958219383	-0.2671639658712497	-0.1996206973785899	-0.06860463541160274	0.599661913842973	-0.37652374679911005	-0.215920927379684	-0.0874485766929325	0.5670713794102742	-0.3666116654557976	0.13878636627212854	0.5472489139536066	-0.3362853753876092	-0.7156878188877416	0.002487637144527922	0.7051452460936523	0.14879808822720864	0.49968982063102996	0.2529667225643387	-0.5062289951461604	0.40162357873090854	-0.5729139809642884	-0.10431255432662286	0.40276251395600393	0.24023382101803473	-0.34586415314310115	0.03101458464418091	-0.5572272705253221	-0.2509425351105306	-0.04010862165799358	0.231801360942183	0.4815852580996891	-0.19064691196516628	-0.03626523675706392	0.4016211735748448	-0.022148876420577033	0.12698818268396447	0.16896648161477565	-0.21287037533607517	0.15963089733176866	-0.3424350915676081	-0.12809856154121185	-0.048291757011003716	-0.17670633604071484	0.03708945548240564	-0.34099386184593267	0.06866217682391544	0.06860783885215843	0.23051015513671988	-0.11341186611334883
DTXSID6045872	8.386698397005354	-1.434130428021048	-3.115041278325441	1.501883457880925	5.430412991004722	-1.6588101596668534	-0.9470324651046631	4.011195243976915	-0.8284227975207198	-1.9400742254510372	0.9051312971187564	-2.6555768116992238	0.30739196876632285	-2.5849375183692724	4.1373164863347505	-1.7162001827355424	2.905872318114512	-2.5652942869841215	-2.08530016143861	-0.19966302412574163	-1.257253529059988	4.275505885293767	4.330603728227962	-2.500030429031327	0.0632836374104501	6.901655160676554	-1.07864944243753	-0.5223806227037762	-6.317232324507014	5.629403265533345	0.9996262933858658	-4.794958774828913	0.6218592235144556	2.621535420265405	-1.3565600937806601	0.38966365349702714	0.11068397203906082	-15.648405853682183	1.778631529041687	0.7441723016511494	-0.13981247784536957	1.0808389187801253	2.717031290903937	2.318463804675812	-11.871847879345934	30.82110785709504	7.24865829567857	-9.461867262543533	4.295067146387815	10.968819866823484	-32.88731861720994	5.094089301932397	-17.597724550887893	-6.135852954979862	-17.37516837075658	11.687197442712316	3.511941363578992	8.474969660066444	21.5943066366979	3.4709416123848826	0.4917364649322147	-5.368629858125339	-2.7446722088804556	-1.7792545624368237	2.9335913517056005	-6.559047630765568	7.0093054626609455	2.391579716424585	2.277744571545641	-1.3240557330402816	-0.1990760198037361	3.9364010916126473	5.557090650389952	0.5040582253848018	3.3557828868025026	2.24501718568643	-0.8304467001168501	0.046932621396864486	-0.6880830696870017	-0.03373478550640755	0.41105174311655124	-0.8876198776038974	-0.9407097498281959	-1.1939549953193267	0.9014780296756386	1.2629844853058236	2.0732509583461076	0.507082033485902	-0.03465988659771964	-0.2108394950811954	-1.43749379555394	-0.9975425010897686	1.2910391852006355	-1.262721169616501	-0.7244849946818943	-0.5690502491780003	-1.276838202467025	2.1675626476747905	-0.29596711611970755	2.3946585087341283
DTXSID3041580	-5.6143832769467075	-2.421062186471008	-1.6199850845064092	0.28468600545872225	-0.44929497104919336	-0.16097894063328338	0.5710106898784145	-1.0183445704216256	-1.1438153825863129	1.2174392004367005	-0.27179038684963364	2.690587848622745	2.280418582803194	1.133562068152079	2.005345135193525	7.63597303713923	5.759989859446246	-4.523660149407594	2.1032994509048386	4.064616928808416	-1.458887341492039	-1.8625444649584815	-3.277003100347015	-1.060009466223547	-0.6004802692927608	1.4543268899852453	-1.833547825045243	-0.24726309547531838	-1.9333160739700228	0.7102073819557821	1.1140536559551388	0.6861291693324171	0.4540981465600848	-0.6668496214225411	0.6990448475734926	-1.3238277282703974	-1.202434173423664	1.6596065752809819	-0.12531069221284227	0.6724410700100782	1.3704582344519796	-0.5258160157351263	-1.1094165357121557	0.24550175689961592	1.322340970193067	-2.438610280890805	-1.1702620638266203	-0.24598783799829457	0.4359269287073981	-0.690739409495795	0.34262299101942134	-0.728565084210213	-0.8799764735772536	0.07617130673053338	-1.3246008915373084	0.8955504947662967	0.5867864919707603	0.6176899505023622	2.8082874971253378	0.24084611455696114	0.3674316402766091	-1.6038332551705439	-1.9778239562512279	1.096037187319114	-0.38045396201974685	-1.3005287888675934	0.12374860434244077	1.3787299921556109	0.5957550354239224	1.199957301230813	-1.4056451051914616	-0.7510495201456093	-1.7048149326323105	-1.3873837677259004	-0.8790675581196787	-0.09136380628584742	0.9429221482955438	-0.3100672140995359	-0.3298571858207692	0.22754135802203196	0.05501132830539725	0.13725685934429224	0.2683607987176747	0.9060411061403457	0.4649485534108619	-0.042169226207801176	0.04414173559393131	-0.20664463314902715	0.19610037203498282	-0.12462263602538448	0.05233420054862744	-0.25897839193954786	0.6481403849119234	-1.1058720690509296	0.5073653157759991	-0.39579036902205905	-0.5317993174009965	-0.21780308565255851	0.783389063211981	-0.6556082721646973
DTXSID1021160	-1.7793417143705093	-0.18950374914039214	-4.045576980277323	-0.2038449251146132	-0.0891939613378297	2.2156588070814838	1.295949956570413	2.963332939675556	-3.93489159698524	0.9109638905442533	3.1850477504571146	-1.4805015649528377	1.7230836790552804	0.2977507615085875	-0.8722476578910281	-3.738394948238916	0.37454378512402353	-0.7798087013490731	-0.9350268176843889	1.4994046881644103	-0.3348139246369494	-0.4263185372198256	0.07961855239903771	0.49405554988959294	-0.1366753688772121	-2.3743216555100486	-0.7093408025316646	-0.9436817333245381	0.5768189119116091	-0.40670213746632333	0.5499286513495361	-0.26659936304003934	0.05169880653901124	-1.1514634979148923	-0.8588668525756403	0.5514232006129398	-0.8705897651986576	0.8672536914298229	-1.6824504772384221	-0.4104905993126049	0.05997253520334858	-0.6358456993069115	2.26944199948205	-0.8408200029266066	0.022738525293883163	-0.4928089592926769	-1.0033539269742475	0.9769892430523296	0.37686847578514165	0.09297670188188892	0.20158628921868216	0.6102872816123323	-0.011300763471714	0.023158951543582593	-0.23855702257848127	0.4590879149638312	0.319736453449948	0.2797795041720077	1.1794178581984334	-0.20340635658169665	0.8669179465079292	0.09947496521785415	-0.2278266966210426	-1.0270097203643087	0.7333556591739083	1.0994531425827634	0.3512720123017837	-0.1667207536270061	1.8902778901392725	0.7986258775828525	0.058376406627589084	0.14066484408379853	0.6033203388935294	-0.11226555715160645	-0.5917605020246386	-0.32508687931637326	0.33702289358410087	0.24607221557985143	-0.30722351297829664	0.5537871847020176	0.7775698104235326	0.24069487927461913	0.25205408427990017	0.5624757192347071	-0.380741939864773	0.20692620145596277	0.09957067941692639	-0.10774896319672872	0.2596097388668088	-0.5631191362162694	-0.5604117954995423	-0.05246391052821476	0.3892488917523573	0.8353104997075105	-0.10442067798743311	0.6429744332832814	0.5253421662410278	0.37132123010237666	0.13972870402212376	-0.40217547536262716
DTXSID8046749	14.151936460422373	5.2800978167908195	11.821422203120324	-1.3775085597869705	-1.5458824931871178	-2.964271219460865	1.48579659094889	-2.84952534535414	0.9961058173696086	3.7834047287532675	2.711721548585478	-0.30228309048069524	1.8367746015753723	-2.859660859074567	-2.0980481745938415	1.019921951253016	1.066053043270346	-0.08603277855487819	-1.881405860097809	-2.465244657923663	-2.1527276561184916	-1.5727370699767693	4.329006812380609	0.5760953198632215	-2.1776899950966886	-3.0517285101338145	1.5899511687598225	-0.535629194034207	-0.11747858759893892	0.11676631815267584	-0.26768084860359537	4.073741252242032	5.149077480368999	0.6728658883505249	-6.861082069277312	-2.9445680736086968	1.578570669151275	-6.237832654166113	-2.8034096780869064	-4.399732686876228	1.8497243418051528	-1.4947408363509904	1.444974000546519	2.15893423588662	1.5654079633921354	-3.5799032793274703	-2.6907014314734283	-1.5958998979844634	-0.17540780606197184	0.9268702794502981	-0.45873318817260955	-3.472212522153497	0.6039532221595892	0.6808471931367622	0.33164632430655405	3.7426271180383255	1.4823857043274635	-0.7180535038342881	0.9721003925284799	2.671751836678733	-3.7435306015482235	2.3863290534760377	0.03869215848351427	4.755180159179755	-4.872532199919211	-0.8685810428899979	4.432866950983457	-3.2158320580345676	2.165842777239712	-1.880411548619431	-2.797032904340677	-1.4404441742252223	-0.2541646177095115	2.0648689746962265	5.4806545417271435	-2.4998662562310194	1.4721870278200673	0.19483226684091587	0.10201879830554703	1.500108031339604	1.4637764588088156	1.3876313873956343	-0.20724478991492398	0.9030590639845428	-0.3907550251408029	-0.164194061213929	-1.3853529159432985	0.9114652472750493	0.4453912527972986	-0.8611672565018677	0.9005725559920915	2.4228448379044276	1.1459351330215009	-0.132074657671804	-2.0304987040129636	-0.5087790910063655	-0.029697853258155937	1.0851058110130238	-1.3803306482942512	-1.5323459525031171
DTXSID5052838	0.966097407807326	0.15851303458885127	-1.7699360080881836	-0.8767734529907973	3.4795392559615403	-1.9027740117583598	-2.8020229579095064	-0.22655095652599097	-0.39825490045138473	0.4161981201868959	1.200702734481043	-2.6365314254678602	-0.4969057330713181	-1.3166248335371542	2.2815723579963447	-0.17417996608471542	0.3683549569566357	0.17008940353540236	1.0135645886546132	-1.0564903517737283	-0.7513637108632326	-0.24545845489710377	1.7273116727026554	-0.33560855970205367	0.8655518131182647	-0.23362730208717078	0.44126708565494316	-1.07233038916699	-0.26418162225549124	1.279561721725436	-1.098410115226149	-0.37274822826441	0.5982242441572807	0.22790601814681055	2.579746548826403	0.9153600837378084	-0.24208416838715924	0.3059377191031634	0.6871870073288117	0.5737262821023459	-1.1887893695982321	-0.4199583086402231	-0.27821481279575583	0.1567235472983729	0.676713791000359	-0.20764763510707002	0.5331674449526146	-0.5764674943207486	0.21961035574565363	0.679376354064768	0.26749138834247843	-0.046429141484722415	0.9163069072448544	-0.47977066168463767	0.14286322507301055	0.17603834056015547	-0.6280894677642205	-0.8386031631130133	0.4497277877772972	0.8989107827414794	-0.5176211033912468	-0.6049241013479549	0.42912697195546895	0.09034058095018174	0.7836989190220601	-0.5173642381664768	-0.1549409636902579	0.7635003091102717	0.5221344609084467	0.27043998261729657	0.1156899249087099	0.36975743516860016	-0.4803714329249661	-0.2831183272158999	0.3654751701147001	-0.832322587728144	0.32939336979169	0.539669082881176	0.13052790711198822	0.19544958940435367	-0.49218754540968723	0.3554192810319881	0.3740830339563526	0.019780707253635375	-0.24176476687841605	-0.706700548764839	0.8796204364104342	-0.16000332411297344	0.18860945565367354	0.672135464152762	-0.2976259153060043	1.1833873031445725	0.2859757769504549	-0.2274800920050697	-0.812286313944629	0.9270334651959641	0.923738994840735	-0.22408381894392174	-0.20043914541427957	0.3744319598328318
DTXSID3047138	-4.563428946490168	0.8312791345580289	2.2051570333458153	-0.29863030004176966	-1.7128285386103292	-0.15199558996194165	-0.8770964144869164	-0.8521450160640451	1.7803005063331692	-0.12937573234288877	0.6929798721055657	-0.5289703295488403	-0.32068591951253334	-1.2502292446951833	-0.3336584321748636	0.48096815608076376	0.04786183235109176	0.17458074166486187	-0.2229346651686178	-0.16679572959422276	0.19223800069234048	-0.06293546072185427	-0.48289005233809523	-0.6082614406624766	0.249833908198943	-0.5920056741858355	-0.15525804311976157	-0.2665065946173022	0.015109554612840902	-0.12963984870218992	0.0024928596061915935	0.6361067216344105	0.5776902032979087	0.229696566773539	-0.5365772059048223	-0.1439013356142473	-0.19526353286181608	-0.12271130857878168	-0.14770277290232164	-0.36033900032718247	0.16093511415193903	0.10468170512727948	-0.4586638723051041	-0.2824983953946142	-0.49406871314072026	0.33102997082277724	-0.30023944904973326	-0.07379454797149843	-0.00046320726281009876	0.0646957559542577	-0.10265689798047417	-0.11463329146325692	-0.16099940200077292	0.17100826516377707	0.06047230331388231	0.31563466857659245	0.2881598760422275	0.31166702009998903	-0.5338253825577071	0.09666658550190689	-0.23466076832405056	0.3734900702227861	0.499379856550684	0.1711204776172085	-0.20212370392831974	-0.3305165862787339	-0.22495255811184303	0.07469187309062486	0.27572561059605777	0.2331861739998231	-0.06502324144404283	0.14923530123952042	0.3711153543483844	-0.07184770936590591	-0.6963695562252297	0.30514811109962464	0.28911555616727247	0.5066270018666438	0.02344480237869274	-0.1360117891599445	0.4711394606975202	-0.9863019331288698	0.2079996359255343	0.2965469221042982	0.3106226047543273	-0.08097358807484215	-0.6704283707258699	0.5535746553109372	-0.02571366282326312	0.2012466991365265	-0.5201448494020479	0.33307989858246145	0.2956315170104597	-0.0034549146206301973	-0.525045244356823	-0.07084172977042212	-0.019750957625306712	-0.05186326620143458	-0.08577405158049745	0.2036963744553152
DTXSID0049280	1.7464153098782271	0.6253322524701491	7.202519193315907	-7.537803650833394	-2.194598998702922	-3.5885537242364998	1.2915718690241922	0.03246145940851479	1.1728945169060778	1.2711988566557249	1.0476155669692577	1.1078042783400692	2.833816955945808	-3.5308163421302843	-4.004374557605314	-1.240826858356244	-0.5273369213528123	-1.7478136292841902	-0.01371336834171867	1.2925764713585073	-0.3991040903837902	1.0421862984853845	-0.10925559149974193	0.006189098435865489	-1.4160638544766257	0.5319065537671188	1.6466316192676171	0.5899542499263738	0.5216902599838495	1.370774148756326	1.4846039938228424	-1.4860703625756617	-0.19434050148471688	-0.5567387798194173	0.47181247044528507	0.39330178297996915	-0.9467645680945893	0.05685487092781033	0.2763632795832492	0.8393206539827553	0.12680404323129374	0.4049704506913521	-0.2176985575589296	0.1270987855196221	0.13480238315334644	-0.15330012937465037	0.6173713477089708	-0.3672868078651947	0.045215587740418846	-0.5457604472756713	0.19474402710371924	-0.056416934218670486	-0.11618463371094	0.365647769590089	-0.10640908296377974	0.12645541088436288	-0.10457890643101124	0.2447972549458282	0.0658636555550912	-0.5592222583418672	0.3998125199630544	-0.6101373647927854	-0.7335063966971924	-0.2562350902462578	0.6025498211158858	1.0195235334265502	-0.6325727550369796	0.8322007200269873	-0.29265689607438633	0.20184193537808529	0.44177721088387795	0.2744024223764767	0.24633101465414484	-0.11064427815318276	0.24966743660299676	-0.0035933670900175916	-0.1046486849425032	0.11761165618722823	-0.052127526224684695	0.049601754980485344	0.6673381284928482	-0.12628228265978986	-0.18846598511992796	-0.5473104452285175	0.33225582824290906	0.16451807570041613	-0.40721894025365896	-0.9810843058541105	0.10398703973437481	0.07703996479633636	-0.13741954743521642	-0.03144807790485639	0.17628560117731185	-0.09228892784897552	0.4748227715822577	0.16600992196244552	0.1681784080458108	0.7753818419452114	0.31818636014454815	-0.4617111079705159
DTXSID0051570	-6.429991892295441	-2.752647034337753	0.2739297800868926	-0.6760243707498518	-1.0637859542220593	0.8194141444746308	0.2139013679326632	0.616824063100756	-0.5529126577097533	-0.6066831150762187	-0.6640890135359552	0.41644603141124575	-0.15478091731178792	0.6702971617748796	0.18400935401049917	-0.3665208834863729	0.5271508651667776	-0.2902521703805974	0.1971725369980092	-0.6744221572300012	0.11793974470828163	-0.566436637475864	1.1635920412686171	0.5833838316967431	-0.7364814613057057	0.43335168014708336	0.43165117057164554	0.9225311218586274	-0.016686885886323766	-0.20262848719020643	0.24865757710041492	0.6951562906893206	0.6422803342781426	-0.1192523875540676	0.026976933845743553	0.0682696995965351	0.42626289987130433	-0.10620286268848762	-0.09135594470241581	0.19530267125105377	-0.29556502964338366	-0.16723403320000027	-0.0004391156182598378	0.32788903154738824	-0.5693986281795383	-0.1373490173160551	0.3372061421280462	-0.26796687620916404	0.00705592167637242	0.08490056867601906	0.06738761043048046	0.06466058360715987	0.21771258631003598	-0.01976764946694687	-0.07750495023085831	0.20790101268127298	0.20871002636748884	0.02850386646896423	-0.2013052553725916	-0.21820187588520373	0.3786247543219717	0.1065622712011825	0.41482512751926903	0.27694914441379886	-0.40280027027891274	0.03620329618225214	0.6927832884520178	-0.5300265879854703	-0.14651987797753116	0.5308795674038036	-0.26026711326307744	0.28273021099224327	-0.5679181974482861	-0.43486142466338246	-0.45452385532345085	0.601827359725913	-0.6633037342605521	0.6479791609450879	0.14101387610592525	-1.0058975425723466	0.5433275026161711	-0.04994356656760229	-0.3590369711678424	0.3410344461564736	0.294469366013564	-0.7382747351295487	-0.36509368167038764	0.2992654825731365	-0.45281558120092924	0.4664963406866437	-1.0273158452572941	-0.15538557570019687	-0.6007594354881781	-0.3352122953293955	-0.07020971232037289	-0.3954183590407015	0.03151471178163263	-0.026948999952303473	0.13034439297975772	-0.2946124715169557
DTXSID6049430	1.214371110811024	0.5968731623706343	2.3002571422304023	2.7734628369793812	3.5201682095195364	0.905872666602008	-2.6360420681305157	-0.40012741868490664	-0.36889268673862236	-1.1279069611551624	1.2162793991936989	-0.8542001735203367	-1.123182988183323	1.224018765590342	-3.0346573814337003	2.3779576878896576	-1.5464342379138065	0.38928478669043426	-3.913116636858197	1.8116725544605643	0.44028658150170036	-0.5748053295902896	1.381434691590289	-0.38166349365917457	0.07482132524666166	1.2924930499523442	2.494913825898083	-1.880233127582446	-0.3853240575385493	1.013378472367249	0.6542999801511523	0.8880312554120064	0.6769354139109046	0.2529098352093239	-0.0025349994263636506	0.5433201503729232	0.6856240592001666	-0.30111759864219123	-0.6567326371733233	-0.6325128910027014	1.331136241278621	-0.09527789102573452	-0.22957276719816902	-1.2245503352867293	0.17342403724619962	-0.09381071842721683	-0.6037966456189431	0.45986274929427773	-0.571167966488681	0.31527543815547787	-0.06699174677129445	0.118498543481522	0.08124060302141445	0.3695077202934654	0.3535469416262664	0.14983840714420185	1.3124196245866202	0.3955817215377203	-0.2552918028061676	0.1312741572485368	-0.8888931237181967	-0.04039587153475764	-0.5784741051805515	0.4253254525025419	-0.9160347310276431	0.645009261186398	1.2444101088253328	-0.6261972731909269	0.5604515381348892	-0.5853565515572335	-1.0522166768544887	-0.6704295850191601	0.23547537893829776	0.5765556227347544	1.638555168215542	-0.4697848261329568	0.2589574967473306	-0.3466527216299373	0.27976048711815754	-0.22341157492218988	-0.08520361612815654	0.9119041545415645	-0.5632234487711149	0.1913019184854837	-0.1275453900595942	0.29719082562776905	0.4859819424667106	-0.024052931513925586	0.560252671315828	-0.5406457612668979	0.43395071057295237	-0.14726169627530122	0.19311462421599176	0.2896367910724394	-0.17526244359829607	0.4595494466174444	-0.4816721217449429	-0.11278838824732057	-0.02125559794163638	0.13454030212078455
DTXSID7026811	-6.295280357941729	0.4691463683757338	0.3078664435608031	0.3322025667215773	-1.649751079873646	1.2940526305504656	-1.179938130153792	0.40538592593153605	0.7381743847958544	-0.2621898699820729	0.5426166807227675	-0.4849168008764347	-0.7537997951011469	-0.9272251958142929	-0.3123555628548181	0.80381042162344	-0.2664572023192782	-0.2935191679093051	-0.329229632278479	-0.6372866409801692	-0.2987574093909271	-0.08580073919595023	0.21177194213481876	-1.2707684448453038	0.5323371690858093	0.7155351977599127	-0.8606523499400234	1.6464896703432945	-0.1188301613867297	-0.646063279538334	-0.15204953770860613	-0.16204694197042685	-0.1554041835334933	0.3218252028931424	0.9347561689916895	0.4160716467595492	0.3822877482870378	-1.2084160688742323	-0.12589585368007614	-1.3064763375811639	0.6155576458001079	3.107216677309403	0.34315239241238044	-0.5118425997767143	-2.1618056292656416	-3.4136862468617304	1.9199167437905924	0.7934998118663468	0.7743232083176992	1.355558410651856	0.21050994121659597	1.2656492955927285	-0.8206764599702948	0.8963249577058248	-0.28048075388953375	1.2598947243269727	-0.8784136515259763	-0.7722268541688476	0.18085994404292993	-0.13878227398390036	0.13854817324433424	-0.4760087225790633	-0.06651376877179538	0.8520024822575041	0.7905496228698314	0.5011707562291547	-0.11933476958819901	0.3969329511643333	0.05751964389069113	-0.7563157636794569	1.0687854055898107	-0.7272763877200604	0.6468060929663024	0.08169239597400327	1.0602195359118605	0.4068649281753319	0.9330998532808433	-0.4167228497817257	0.34577728955398285	-0.7539375858048982	0.4128148518744178	-0.28099874914486356	-0.08490135053506029	-0.00526726955661695	0.14517960188927084	-0.22264792789346835	0.2633528619453565	0.30472022976174257	-0.6798639126219076	0.25800697750884927	-0.28987619913691326	-0.19381942238390462	-1.1935165163847834	-0.3497439938890078	0.2125399395822062	0.017623019488123916	-0.5462811766555165	0.02091397176696138	-0.03669385995050656	-0.27847059325832346
DTXSID8044591	-0.6140939606936504	0.7297005080352229	0.1473345826305744	1.6031798346120347	4.731446707840351	-1.466645274645284	-1.348307273992544	3.108617309783431	3.3021883181965683	-1.4176024504444669	-1.6348595274270044	0.4038269740180291	0.7394286500674871	-1.1759321432727334	-0.2501956107974907	-0.47345419733595284	-0.5174461140812645	0.18193097924442397	0.6187399087468722	0.3630938354393514	-0.8238020656216631	-0.13925086857839186	-0.9369395009134195	-0.20131598877596232	-0.09001836039794478	0.6139592967065011	-0.5057097134260885	-0.08197632519586942	-0.22931699670575442	-0.3937382883104106	1.676729618195897	0.17932879042152586	0.2192242919995338	-0.3840583293632296	-0.07409233515507524	0.5337666088774635	0.4191166303923564	0.6489374462307463	-0.30175502795809767	1.00742483178928	-0.2475557477776822	-0.1467111490110528	0.01662712768637226	-0.24010386780174112	-0.07637538911335835	-0.01027123301618123	-0.16383291775024894	-0.811341291061579	-0.07368239926862366	-0.4819980440622597	-0.24109987001469602	-0.4698667475248251	-0.625402113240511	-0.3338614333779872	-0.4854842468366918	0.22594128017996665	-0.6227132540142628	0.47773289880610603	-0.7614234370344548	-0.11964456150102712	0.17233634908439996	0.37407035963674395	0.3086285557862847	0.5670028505246044	0.05558081119949671	-0.5743620748833498	-0.114967365438741	0.46595506636988965	-0.06718702225371972	-0.9950604698408494	0.9318664014522445	-0.7239104943881298	-0.5962566398565531	-0.6693063966855399	1.2287189573374433	-1.7612751853008348	0.1748221891111135	3.000260484695891	-0.21679428992785016	0.8742717082614813	-1.0906652391832872	-1.3483033188551699	0.0010705700062696975	-0.48992949727074603	-0.47843375286531964	-0.605290222454576	1.1379090064314106	1.1193084448141968	-0.7814196364339486	-0.2445422769779145	-0.798567075430826	0.6291235208977833	-0.4425522561109342	1.4044979851708819	0.38510055918722386	-0.7071204411674583	-0.33801267774155347	-0.33861753616154316	0.8604588339233781	0.1793786098178673
DTXSID9047338	2.4837157125634297	3.560242346358893	1.0887732675426471	2.8853560279778563	-2.0190585059397392	2.2294827363892136	0.42890709308161623	1.7651083237905028	0.4644347265118459	-1.0357308134775318	0.5982719115835547	-0.054299238052874635	-0.8357108482716159	-0.2769519339986554	1.4435310322280037	0.3776582026583035	2.6726048653364	-0.4470180669812527	-2.22322140108763	-2.336073869424316	0.16681469499262316	3.152785582051106	1.462406051931738	0.35994493833709107	-0.684310395066287	2.4712776717039615	-0.45697223835759937	-0.5743475053981244	-0.8784772894825196	0.21634362591211656	0.4452426104620236	-1.5317367042849626	-1.640267674366686	0.0460070486318315	-0.6697564690209775	-0.05865188869465566	-0.29003352038608343	-0.10274175873361582	-0.5765632787630253	-1.0197840035572585	-0.6914104226647153	0.18446280646137622	1.7568225417730032	0.27427396271333504	-0.6441066689636846	1.6810814556953673	0.8049373699567698	-0.49743412065559395	-0.21002272287885718	-0.05179295295517245	-0.09389772793300508	0.541596269066786	0.3813944968940378	-0.39901292994236937	0.14469445880788276	-1.511939264908061	-0.5716789693078873	-1.005918670707244	-1.0546008566030514	-0.44769919754019777	0.06515429703404596	0.3647309386750506	0.06873335215757302	-0.7296258511442258	-0.2525513611056792	1.306220655185726	-1.2534493124996322	-0.2788942062352135	0.4254098980429798	0.6092209023264928	-0.6807542449279762	-2.73835800131502	0.0360173544547635	-0.3567856156765731	-0.36026388985545654	-1.1607462288416905	1.3289992851953227	-0.692528783458987	-0.9435703681212259	2.0345660564018613	0.2555272082205257	0.4280920453890008	0.6784284227304818	-0.37165260752862606	-0.5962792063223358	0.13793471726517323	0.39854103117310036	0.22294505188355757	1.014697720871376	-0.7545034970345919	0.15394883410611684	0.09681609832508957	-0.25489423669520866	0.1875204801780603	-0.46303376186287515	-0.19557507752510803	-1.791124119497482	2.9502806741878813	1.227196694381775	2.072351919831794
DTXSID3023845	-3.4114130279394104	3.510265140402721	1.497566494643051	1.2437567011499704	-2.0486067678190625	0.6693476747490418	-1.0204178023246764	-1.2491253497833155	1.9682030248668299	-0.2993258872277311	1.5537754647641806	-0.8688522523797667	-0.734395325361028	-2.4981292665728536	-0.9942976475129462	0.2679673234458688	-0.5312150013499143	-0.7049122550826359	0.1991937296119099	0.38959041347416434	0.27727285454256095	0.3727828235083208	-1.2039034136973013	-0.6809743938194551	-0.5934487210747827	0.006999275488167505	-0.2249729081536717	1.568268017354418	-0.037681380090714714	-0.3065635546615441	0.6435728452229967	0.9627814443565403	0.43455532161118177	0.06251146997017148	-0.8408315551128656	-0.8957388460538467	0.11857998810772515	0.44248167796604	1.0474953689283029	-0.3544846722022512	-0.276269134587309	0.541576877995843	-0.5999705457104508	0.2539115025383037	-0.23906819700675258	0.9165230558755392	0.020587498899782477	-0.25852514567336154	0.35437860715856356	0.09919864019562011	0.265090205285941	0.31369469534522165	-0.3904121221182572	0.4672392424978087	0.2509467312413451	-0.23263290240015436	0.33742230375982585	0.16509981739297247	-0.39374453198524106	-0.15143668053341933	0.16573206772994026	0.6889151272190088	-0.08195960506861148	-0.4081227872098926	-0.1813275622062248	-0.4899427860935743	0.2373433455340975	-0.42460458243458665	0.43775873762525574	0.8768190791991978	0.1406421320107101	0.009988004402915088	-0.16274807851525566	-0.24752975527383397	-0.14259648638906156	-0.5381574025436012	-0.22867612304002713	0.25165149459924013	0.4038121864903728	-0.2610737683771202	-0.05033676368950888	0.268445906587358	0.015545409642837875	0.011861077252686363	-0.21481425508603683	-0.08103503307007506	-0.2655840587698858	-0.1054506283931492	0.09086174370744286	0.13510606393132926	0.3286833649758036	-0.16232667946020896	-0.3755565707614739	0.14653066901632802	0.0924351022473656	0.3391573981559114	0.17662195046075574	0.12115986315961053	-0.2986395165553777	0.0776074940816587
DTXSID4033390	-1.0068800392683066	3.170805384867168	-0.6950053133772754	1.4382975415883088	-1.3756002983310889	-0.720128418023354	-0.49448933130989975	-0.8101413721113564	0.09718054229053574	-2.454861651950969	0.03908326743554219	-0.15480927772252748	-0.6335587625120901	1.2397525878766822	-0.2831725383914151	-0.1994452832626833	0.4970737313220894	0.19316154687472054	0.5561827453920082	-0.1834566285373897	-0.1844574271277852	-0.8158521833119666	-0.9093201640254014	1.239249366563734	-0.6374371181558897	-0.08087459971772924	0.8382243024978651	0.5493195975396529	0.2284464346688344	0.4094686018785258	0.6314979815026667	-0.9755290374463983	0.19220016858505262	0.6571410643127187	0.1424127321821474	-0.07676694826779253	0.4775973052822103	-0.2807357992615194	0.46364858198343356	0.2460679661232647	-0.2833903607851482	0.4613245197798333	0.10613425209078467	0.6561881868851608	-0.6879680706287122	-0.025916936907060924	-0.15056479818105642	-0.7541230522954028	-0.11982082045547895	-0.5525885732244388	0.3191023267465298	-0.1852466998592796	-0.36082129389886014	0.12759373213758385	0.32294537689634195	-0.8923293251241613	0.25611306192716177	-0.046670024778305744	0.5512560622580129	-0.419335697115419	0.16740463941775569	0.5196921880376655	-0.7322579681563502	-0.6919434218081938	-0.2304809963388695	0.3044518140213057	0.17203700399104402	-0.626677589112286	0.6096381606205181	-0.16477011671878194	0.38820337730335414	-1.2501019406917822	0.48465301067132305	0.4322240140114878	0.6044218162736122	0.16437937527986535	0.41370089044022673	-0.047340574799756785	-0.13248522010159386	-0.2720029572842222	0.07306107276376105	0.35984740730822823	-0.4626894608200749	-0.08523517424789259	0.29039701240622284	0.04909110093686378	-0.3188840297467664	-0.14163984329331922	-0.6015012765406632	0.17052296747604437	0.3665470547426809	0.13431061211816825	-0.15290389883515026	1.0087755299621572	0.2521632982140201	0.5929267823919635	0.08008571155038852	0.3112575358918754	0.08012212484164463	-0.2723037374828638
DTXSID0046989	-0.8791105433074131	0.8820821586378225	-2.6219554883173912	3.539034743651834	1.025793246287001	-1.6675190078081183	1.5793844995462618	-0.7454319866368384	-1.894470013579782	-0.10032728296834012	3.9636444709073113	-2.5722333560899573	1.6206126474387452	-0.6100514942183118	-0.3744165088883273	0.3001845893193215	-1.0378103641082248	1.438787141957423	3.2791392174852496	-1.956437909443036	2.085741362762074	1.0266022053201653	1.2704690605763567	0.536602228282372	-0.18992272331551038	1.8169739313494693	-0.2295442012262685	-0.9000154198204123	-1.162073316802701	0.4839464112967837	-0.5142352106791837	-0.365786594215068	-1.0105120840409032	0.811003619228726	-0.13023519013935905	-0.7189849287265953	0.7640165695445756	0.03614435999372148	0.694518065701256	0.9689195719056244	0.07706312450282732	-0.4029186706197866	0.18674063361977286	0.5273970301519852	-0.2940326612451713	-1.0756311460658556	0.2783928313758753	-0.20358242192481482	0.11900639142303142	0.3569953472932755	0.23466899707460215	-0.19602317964693336	0.20957693088300913	-0.45663845022087207	-0.07889245636271139	-0.8214322088035385	1.0522442634140012	-1.158413290460306	0.6112287865703397	-0.2746962613434188	0.08201758162063279	-0.5175089110710988	0.04493437184164153	-0.4833271956222214	0.47618514418505703	0.27568324546544704	0.008821445151014101	-0.06542765842543496	-0.6237406079001598	0.48457158422282764	-0.3301491577687146	0.5555827520949028	0.321456264204415	-0.5040921972953268	0.400696875101586	0.11390206139064102	-0.18978290430814046	-0.45793128792345	0.571840887919721	-0.31743703811891966	-0.11428336062016753	-0.028281269046523137	0.838120346854402	0.2399055227732566	-0.7526850612611956	-0.4705094338513453	-0.9488666511385735	-0.1720564490015817	0.3952872237595607	0.09518003401992411	0.4048066427254979	0.9277081546728275	0.328279780738483	0.9026917586579053	0.3877835283855057	-0.07351431448473206	0.05465509190930693	-0.09198615020498756	-0.0022896806232053143	0.2603849613720911
DTXSID4025242	-2.213807198758684	-2.685897716586407	3.6155994263432216	-1.6960761010375378	-2.052704254336404	-1.705116782485464	0.9222233458346419	-0.18082618603247944	1.6362020453592916	-1.1101650085198596	-0.23647646546338877	0.6505684166909009	0.3798361665996095	-0.5785532132190963	-0.34417767014165096	-1.9116767252153029	1.014057653599981	-0.9770346380026506	2.0811642320345425	0.7705344572931149	0.1214524865994807	0.9667659687431921	-0.019097451382271976	-0.25783929194029276	0.19869534757077084	1.435519287631227	2.870620924354467	0.16725644372948184	0.8385857164274108	0.012481952849231938	1.7877245563659676	1.0805421300183098	-1.026819031479695	0.5910854419054671	-0.30440801733970246	-0.1987372120762637	-0.5013361120088062	1.2641661392907086	-0.7646653308128832	-0.9664147305169807	-0.1900428046763813	-0.04225841715553232	0.8115699058089922	0.27868431750352907	0.5316273473439492	0.5919996466539085	0.8605891416765534	-0.09877757820323396	-0.18435352138993036	-0.18480496077260183	0.0778053986709708	0.7446412702569571	-0.06765084114117158	0.42327417644599763	0.07027067359904761	0.058455196884018755	0.43361598713629973	-0.13418941769842987	0.10202455554917261	0.22460688206892157	0.8373307954485895	-0.31551481493549394	-0.10144881885039399	0.5047188854035058	0.7689548015733246	0.8603290185593606	-0.2731958319056408	0.8189771005451106	0.13085336693607072	-0.2846420287579783	-0.07950651994831968	0.79781555514592	-0.5192539106194717	0.5092011484448447	-0.06265399530479505	-0.9585185685714246	0.5836617790181512	0.24141089673178687	0.6353351140158878	-0.7933739235628615	0.7688058959904395	-0.09333029341153534	-0.6326784668870136	-0.3650211882377414	0.0711904162243803	0.16392379549357983	0.21199053899768158	-0.6026330905484719	-0.0779046086022122	0.110821551993376	0.37013703148568294	0.24833788130815782	0.4937777302256883	0.013226222025835798	0.338133173006144	0.392544164768051	-0.36364224691868735	-0.01807709136450074	-0.3977691459513379	0.05782789673350012
DTXSID8021856	-3.865361669888689	0.9073000868480965	0.7470555322115846	0.6273449309442312	-1.3128380393746362	-0.952088863383973	-0.0034372718303523316	-1.1652021680075026	1.2930613931811512	2.7740736520592213	0.5451463607192444	-0.7960000151443809	-0.35519952177733743	0.721522779902234	-0.858546382359344	-1.631465644145859	0.2136974734804106	-0.16377861088971782	0.011333249113028288	0.018086149391396626	-0.19985344204705968	-0.011108927074648972	0.7527726771875612	-0.17559862626298156	0.14985966298362383	-0.18562240259421153	-0.01873829601045671	-0.6994900352755669	-0.5060771145614329	0.5942577035998378	-0.2115071902412067	0.19724340125826623	0.6817866543740991	-0.08561881543707943	-0.02418373332821401	0.040365867614305884	-0.35736414476235856	0.3778121193242807	0.08609472601820019	0.26396868185887473	0.007948905172415817	0.13548645998984643	0.20311491723649738	0.05198254035231718	-0.1903634359820917	-0.009215278472356566	0.4732188625177841	-0.11440356978871023	-0.17728971370372698	-0.21182226990826308	-0.0316693283608152	-0.02641589514636706	0.21744572472648035	-0.16622805250508035	-0.05295510688576833	-0.02657559704139919	-0.03525833064751531	-0.27356703064207993	-0.22582336647921822	-0.4076879217912326	0.6925534123086935	-0.02520316603899893	-0.34852098283089317	0.05561698083586368	0.5340394309292259	-0.014849725155111007	0.039711401341971514	0.6088541972149325	0.0387554693636815	-0.1051888541928418	0.03413407747013449	-0.11918445592271852	-0.15421870497615814	-0.030342843134023304	-0.25152437912608167	0.09973949002698151	-0.10796310905577433	0.35090053838219964	0.04456669154329968	0.07632430523310531	0.10656799786049594	0.09133484900712477	0.18431732726172304	0.1319380298373761	0.13332154641845131	0.15548991429707287	-0.011720089947537789	-0.12809863483614947	0.4778059343156117	-0.18114161374526994	0.26383901094231493	-0.32145108780160286	-0.12864128221852422	0.08247036458354408	0.044442144424889175	-0.0033408997990937613	0.12700108019611842	-0.18055047580701203	-0.08921747894301799	0.4840216850949376
DTXSID6041185	-3.9833469045271848	1.1918462613547838	-0.06197602135347386	0.48387029717154373	-1.4308642758531889	2.4747217183565278	0.11282042507298491	1.7381920724679856	-1.5139843194836011	-0.21467637872225695	0.006113357701881803	1.8527058444554347	1.4792682225285079	1.0706541155703162	0.44748040929585237	2.670574540695836	3.8707594416806965	-2.292745166715727	0.6565550239879191	1.3877056316751006	-0.12550467107125163	-1.7263200478167733	-0.6431742283381645	0.5628810223025001	-0.832575627496002	0.42709368511996937	-1.1312074752144738	-1.5586523565772508	-0.9523007285913812	0.3389070878664268	1.2931074290077937	0.3284609585264017	-0.010634638828583677	-0.9468949440375125	-0.12522750040078354	-0.6531051142473585	-0.6325246856660709	1.2298534048811025	0.09120862418936038	0.7962166353634129	0.3126344719173388	-0.001246171927280328	-1.0007386584549993	0.22970254160917997	0.35760297357518683	-1.1045767253486993	-0.4242304719091154	-0.025237209990370654	0.016958278672839257	-0.09497901560349944	0.12936717884505347	-0.11414688345213722	-0.5484288253150155	-0.05487916846591575	-0.8434009304337415	0.09584390475424355	0.6447239018710827	0.06203650496727047	0.7927031121323659	0.04345104479004471	0.7762900685015939	-0.9579791663266807	-0.9711611328508442	0.5109753303903554	-0.08336339256207956	-1.1136074162456355	0.14576815163431098	0.5788799395167019	-0.10006769598308153	0.4749760965381739	-0.6995874675811662	-0.07518437856395672	-0.9288891728529483	-0.6608579794446826	-0.17064097506554052	0.12062057107185167	1.139959615321048	-0.3634977011717753	-0.020243485058322415	0.30428762042747354	0.09008028889761704	-0.1894402089970206	0.37094411766451657	0.12825266520602632	-0.10935092283400513	-0.16671563094156344	-0.06389282722340575	0.32338179053703764	0.21764025809046383	0.20767749127969332	0.33532504480822467	0.19331574313159663	-0.05909684756081778	-0.09530849873011707	0.12147751364253116	0.05389604590470222	-0.1777659692019065	-0.18089241064305436	-0.19077335631402234	0.08456262917457347
DTXSID9044825	-3.5925550228097216	0.9508627796378554	0.773040769915625	0.9520643031558804	-2.162087329282312	0.23361957296352648	-2.565196939962951	-2.9125397915547655	-0.39865055719008957	-0.8493879463427153	-3.5757467824536366	-0.6630588679020809	3.9940849532319236	-0.23383466103069017	0.5195522685946531	-0.35255957591847503	-1.0305022210470802	0.23246892969565341	-0.5528767901222487	0.012147013077774126	0.43889274190430616	0.48365694665030845	0.6155511378696803	-0.6546478529828336	0.8459794212177189	0.22648299984620326	-0.08161077382014666	-0.3798927826111102	-0.23258475424985947	-0.24811041174696927	-0.35984666541484034	0.16685164712017472	-0.036144374191986	0.21226162327957435	-0.6293379010402941	-0.14709245721560618	-0.7366681360536164	0.09454487640161656	-0.5071626666786251	0.013383422188167052	0.15352904223106417	0.24580585563299068	-0.3068446266262687	-0.10662524271069716	-0.18931656808486244	-0.015057217437543784	-0.1395974150201593	-0.33028793278414603	-0.13739780386715017	0.1416971018201486	-0.06199024917129945	-0.36552487411239754	0.2209268637575114	0.14178479861386284	-0.12959774865332568	0.1333952790038663	0.40691786887021375	0.2942050941588325	-0.3743126976914837	-0.0239166545214817	0.10047113632699642	0.2506776887885735	0.1715318898714112	0.5736636679552084	-0.014700748655894184	-0.5804871450140272	-0.08185195139137781	-0.4532891403995088	0.2480055275752052	0.00728950944144412	-0.1408979424694395	-0.34847985359932604	0.5585063129979745	-0.033765583846411346	-0.37514792123988366	0.14467025274564246	0.49545811532081274	0.09593513778064752	0.0033582380887446964	-0.5170511417427927	0.0733168204610544	-0.9584655486720276	-0.20050208109661963	0.009699901974806528	0.36220411035580186	0.22528837044184155	-0.23628376784730476	0.16990431645522472	-0.16694797271501471	-0.058762373435602644	-0.5113646756057451	-0.10605835670384199	0.2582619306057151	0.1997595671256323	-0.25476785421078574	-0.08689765846390687	0.30389649140518693	0.037959620509024516	-0.0328154743081165	0.32905489036674634
DTXSID6025272	-2.9542866679149435	0.2557168366352869	-1.2217649590388893	1.3224152717995628	0.4058823852896833	-1.0194213280440456	-1.2993666293774726	-0.1187930385895339	-0.18537631654193532	1.0420251801444855	-0.24753444471349625	-0.5459185840525561	-1.402424286301415	3.3455645564730796	-1.3041992072451882	-1.5402394563662254	0.5210848196018897	-0.34064147450492	0.8673428012781103	0.19587281675193557	0.6690909668115156	0.05154633457311848	0.7903912996588424	0.48062571490883244	-0.5775395511929226	-0.25713453319522683	-0.3758792214630256	-0.04143976416000739	-0.2526990160610777	0.38527263595268163	0.1354322821666245	-0.3253859842718697	0.07203162134665746	-0.8073762200906204	-0.8947803929881244	0.6570847515490629	-0.2004196065065285	0.33877639990918834	-0.2957066531025501	0.20780381122423427	-0.26969794552816856	-0.025108974251555387	-0.12597843083947377	0.26747284231293444	0.045990717324125976	-0.2898028700575952	0.7064815554809443	0.0355537385163412	-0.21549902779993232	0.1711346617278786	-0.23282881246614764	0.034270815312969306	0.16143586571037152	-0.23493698433817842	-0.709184698261766	0.5767365175713466	-0.3728599191279322	-0.0638469763855453	-0.7600253647653477	-0.03742836877607701	-0.030532582242275053	-0.5427387740089351	1.3155019992353547	0.23812230000355894	-0.0902469939354917	-1.0541689462124808	0.04377691678890726	-0.5350772247731724	-0.4950725162437101	0.39996263763312295	-0.44987638655723605	0.5628958284724925	-0.19111750166796176	-0.9882720159811109	-0.5475639616568826	-0.4662343519947486	-0.29680125091500453	-0.1832436297962574	0.20953771369787952	-0.4722968266970821	-0.02421999362788343	-0.10097549524895531	-0.34533090706025593	-0.16868541445014038	0.03699895599862566	0.0018056081103830844	-0.13110552383000035	-0.08934998139907084	0.4110681366226881	0.011590673356008399	-0.3227232269915716	0.503646888709575	0.06626893048096047	0.21200221822109788	0.2589711496756898	0.019563308104025644	-0.20015353107018352	-0.1384403430637198	-0.21011984708767414	0.1715175229072196
DTXSID4051586	2.0306733068891027	-2.694372286195482	6.621714677449369	2.541237467330885	-1.4486115505400388	1.489086951049457	1.660370162697855	-1.1065971830858405	1.26880497890595	0.4979207782450382	-0.626434240522196	-0.04760479309859665	-0.3295381362195172	-0.650103988091468	1.5330330626812352	-1.8060468931506888	1.1668505400483686	-0.39635583249548834	2.489236332756253	0.011086267200002324	0.08281544846832152	0.5324577636339561	-0.7799790033555817	0.1669293964599693	0.7557916345070181	-0.08708233405063158	1.201065808780602	0.21349037196926232	0.5835275025970899	-0.21721043742510363	1.1353122111073142	1.5112612397444494	-0.35406234869015185	0.7809242827368372	-1.088228531816914	-0.05443991349529201	-0.5052609097401786	0.4571646594937903	-0.7235697783512492	-1.014116423712791	-0.49197716588543094	-0.22873536190985277	0.7241526702034697	0.3337468303920611	0.1983782686706699	0.4557576829682333	0.09133573340865409	-0.01349802632328775	0.038479583364302385	0.11685640196377685	-0.034060834311970566	0.39824394735961743	-0.08474525270501172	0.44780726208397775	0.09151157673555213	0.5672564612324935	0.45734616936558553	-0.27476004519951575	0.22756521741869368	0.56224334526307	0.5039352774873769	0.04355341482658259	0.43388657841084927	0.4331932291934374	0.6353710160269593	0.20093927137963188	-0.08271911300454945	0.27156295660291824	-0.13568861477181227	-0.8526776164382046	-0.2790324529968355	0.8156766165736438	-1.3742075161744285	1.0268179103215562	-0.47783234145731535	-1.1324741783151335	1.0811789851396993	0.8115291566731402	1.1202520487823309	-1.6586795126854568	1.2287965061188764	-0.6905987380557576	-0.7354758369662002	-0.35903091849626034	-0.042739154142287475	0.19799688565064824	-0.5698797901118422	-1.1263977953309077	-0.5278124512976446	0.6171960005313116	-0.13353935580969148	-0.04095645458439882	0.8045847541097771	0.1335695653403035	0.4190673796840887	-0.0203033790832902	-0.6792471927985241	-0.591713485494408	-0.7915321580565139	0.30127409478945943
DTXSID5032600	1.3020553181549603	0.3796658912837747	-0.9584104137236669	0.870021485734334	2.7198194031398093	1.6152619898326501	-1.527417514068204	3.717594181825586	-1.5989251892624106	0.21267309728665057	2.19469326573131	-0.8487269109995694	2.266187992156183	0.12609192515944698	0.9049553207614985	-1.5713288963952803	0.9823238872597629	0.3924819358532855	0.23989142311968428	-0.2305582629965671	0.9564159863565165	-0.02385734881143362	-0.2932147295056239	0.6924727599120473	-0.35185151308315515	0.10308178776199706	0.37793255658004216	-0.9350877295499131	-0.18566584488030913	0.14458880384765282	0.08250033455915876	0.5667981529204087	-0.13122565152921284	-0.3693565322683029	0.38497303395332927	0.3497063858061538	-0.3479002733697333	0.07960100576934952	0.8285566119159739	0.35929112742125296	-0.4568915125880022	1.0694415202871657	-0.9775633905280302	0.5577723782671024	0.3723472040306232	0.2867000564213614	0.3749056161849698	-0.42132669653163546	0.010786344888878177	0.4123506771486818	0.07185686523827813	0.11741867707454737	-0.05463496011148327	0.053143912652535756	-0.29970670271688515	-0.39483418339355253	0.0628045358815583	-0.7894497568996622	-0.8329600198101769	0.8552957081244676	-0.09843311750333944	-0.4554826209548268	0.2462353984843983	-0.0043769900687411255	-0.06554915759829553	-0.775745654486142	-0.657644274636801	0.06891964046981215	0.7168586756342706	-0.05924369088607904	-0.18583192494115433	0.9718205264727253	-0.8213252116642392	1.1219794095166749	-0.2851922569323848	0.28504384598969307	-0.013884451199768966	0.7228433284069157	-0.28591497461178766	-0.27764391209460665	0.27171590966512343	-0.058582891325349815	0.43545135410502644	0.7027958146249811	0.009859663126404175	0.4596495739795916	0.1602746454442951	0.41948651811115434	-0.6133190742099489	0.39092008311524473	0.9955983119519665	-0.37318478475418965	-0.2008692891827291	0.5572207395315926	0.2526465472823839	0.7877086668958726	0.47143093498910127	0.26335528185200724	-0.2517736759099052	0.11855356185981217
DTXSID2027620	-2.1462240769415897	0.28238550258467304	-2.6688501741194206	1.961300310060647	1.162285864966884	-1.566794250079824	-0.9196152242360748	0.9711842892401317	0.29309998787979763	2.4769994044017647	-1.6177455475386433	-0.5331700125232235	-0.10781723722491021	3.817239216609313	-0.2449425469616705	-1.4986377596209575	-0.021421800741499096	0.04446679528570938	1.0678004899076357	0.13821918909210845	0.4154966486111605	-0.3257399327071436	-0.3542664397560601	0.852071383859259	-0.5482164586246541	-0.5449020553042777	1.1730891823703722	-0.3782327470990115	-0.4654134300624247	1.3566151529278678	0.877242230919917	-0.37387879370579225	1.7505609215800102	-0.10820649786883861	-0.1112719867284752	0.5147625719702044	-0.22358174027814015	-0.6791354298053756	0.47018681998355605	0.24382500463302686	0.1573415574841357	0.9411261993488022	-0.24958563183673108	0.9789195601483953	-0.280629754904049	0.04175283890199238	0.3413638628130041	-0.20742440078757535	-0.28464659648262813	-0.283340347785945	0.06735302153435951	-0.0019375462364342188	-0.2586263739008231	0.46915953982533753	0.1920876335599791	-0.37695102835001737	0.04151756905966219	0.1451765720869677	-0.40418498964062266	-0.012016998387979672	0.1583656380200288	0.23015270940406338	-0.21148823002335085	-0.8876711916100102	-0.29356205605954794	-0.27713557240141606	-0.334742041589949	0.34243015699725926	0.39103927127791605	0.46717550048760814	-0.4760845348982924	-0.09118409630046029	-0.4635348672323358	0.3732095011301474	0.3251991473344127	-0.1740934173169665	-0.8398602743560412	-0.19572507894515118	-0.455725523406588	-1.0002307055748099	0.3537853437170093	-0.5883022897771205	0.21556231229263761	0.18763411521037568	0.12751796654914613	0.39585353614232593	0.6322709839789886	0.4760434685691604	-0.945797479399815	-0.018769836223474157	0.4642757984801576	-0.5107738166219068	0.2046860487619763	0.37766543441834866	-0.2427849518422386	0.2912709157662812	0.2152652551332747	0.2706147810621338	0.1359175651139112	-0.10597161722712944
DTXSID0046800	13.041542160017151	0.31847096345985165	-7.938419027470718	2.2687462857376466	4.907158351207812	-1.5585633935423069	7.00451805046914	7.249595071033032	-4.963506249904866	0.744858929502766	1.9317693949510215	-0.31883980932136835	2.166013998209369	-0.8538129713277393	2.1181434155582606	-4.666520061828754	1.1532485593631727	-2.9499708588047886	-2.441090668325326	0.053752706604215966	-4.378297304093368	0.5416934335248668	6.288149962828909	-5.165923473447239	1.7919333695638033	11.29576491419206	-2.4510458254671597	7.35854557055853	-7.663800113007679	5.960623035203137	0.39912513465542215	-5.687988873773974	0.5996153716140499	3.0087575239881623	-2.9148529945346406	1.4558226458064158	2.2717422629343837	-17.798791513153365	0.5823074522985163	0.5046228673479306	-1.9603752208213947	-2.840100735730801	4.156811687272923	-1.4648295196946994	-9.876844779848993	30.77174622514931	8.855069470385954	-12.887153050987587	0.08394397689151517	13.804780223290157	-32.609605645950865	6.750644228083202	-17.456312058637725	-0.5821622097538374	-15.959074110826618	9.101406575063157	4.601622643649275	11.519132454618251	22.15796992777477	1.1320834602871044	-1.3406822000355647	-5.85441394913129	-2.0026062418015544	-0.5066612503468205	4.503813369175311	-6.235195980114581	6.112071995629473	3.702336906617161	0.883019337055961	-3.4433433785732266	0.28354867493362007	1.7300232168739973	3.865125126348725	0.4435141978585952	0.3476691915217343	2.7723818360173853	-0.35341722716933016	1.4867669192745294	-1.4759506190807135	2.9278262470513505	-0.20433742021700074	0.3151033720351295	0.25665005423775195	-0.40148768527306894	1.4142575022169626	-0.8214094872492139	1.2290015636527856	0.4517695243900181	-1.520225120795575	1.6285963326107433	-0.9781396000700102	0.13862470598479848	-0.5363382851772367	-1.6176662477168704	-0.7213604408506241	0.14972605399697708	1.6869448754141705	0.6143316896127871	-0.5788691502426367	-0.8377139523288778
DTXSID6024175	2.3526239235659503	0.7468965199432357	-0.1150491586771168	0.07660459687891231	2.371776852421668	-2.3873861227142985	-1.2347990320056779	1.0149465977209366	0.9746504573531961	-1.517406016688788	-1.1997520803947308	0.8350340137731502	-1.3140654990848757	3.206282189210371	0.7944473592757548	-0.6307070597396973	0.08728662162423143	0.5555265882774116	0.9802323276728675	-1.3669007371700417	-0.4482281066797221	-0.6716279061486184	-0.5833715991935727	0.4006443087126055	0.921097404619428	-0.8230062425409023	0.23881655395169904	0.42594610006862055	-0.7590386057730072	1.06989006357809	-1.3176732759025036	-0.13515234111699026	1.8289066182279377	1.0562959768708975	1.916780481283179	1.3692066173560518	-1.4461853608668758	-0.7425450926029646	0.5102212766420955	-0.12126208835886071	-1.2266523740849224	-0.02101344000810315	-0.2350829329252521	0.5469389676263386	-0.2966601487168496	-0.9070806517386901	0.48898828218620566	-1.5656581935641265	-0.27234938912905227	-1.3087726633403265	0.30121627039083204	-0.47679463801014554	-0.0011772727638611864	-0.6359960257054498	0.5183666594608048	-1.0092310370923896	-1.2053149684330904	0.3471772842984575	1.4456544296496041	-0.7831615946637135	0.2448858097282499	0.634812671100822	-0.3586391906370269	-1.7084828812970865	0.25433062891231234	0.15589196803838043	0.37328670008127524	1.2908814231007095	2.4244519942840843	-0.6372800336937682	-1.0372968945088374	0.22754540398573678	0.7741622774690613	-0.6810937121104432	0.010091800893066735	-1.901072747585637	0.011092894332281002	-0.7854630718447914	0.40294645971793963	1.138334982095845	-1.1239521376462198	1.2744912350420556	0.6035919367768641	-0.5227533017312611	-0.18546425389538254	-0.5208878815256174	0.2649907446835074	-0.588883204958409	-0.03660315198527318	1.0252260105190074	0.398970140747716	0.7029993314083091	0.24893240837320757	0.9042138680317898	0.44813700758517994	0.19963923134692715	1.1085615705839942	0.1853637892922677	0.2365174499550748	-0.05113550989172205
DTXSID2022915	14.597930614129679	-9.582048492815387	-7.205163531952647	3.7939384586842353	-5.8380975438439355	-2.613478363208484	-1.4589571325371282	-0.43019160400886614	-0.6277858055973248	8.530053781163124	0.48130282167171895	-1.4544840622580033	-0.617169770967219	2.8906464877872184	-3.8327468273241445	-2.351897978452773	0.11306919900308311	-0.08541092872110143	0.45760712072290904	-0.6034908503212816	-1.064364411423545	0.1732432911247065	0.1336254955281817	-0.07462604017406294	-2.295443373196482	-0.43430719671395984	-1.1634833928787383	-1.766662230367731	-0.5496842903055056	-0.471798939085957	-0.4787559092230774	0.18152169096947232	-0.9965567852982179	2.3080594749526386	-0.3381050137514015	-1.9728637559825561	0.4959644885884632	0.7404133814566386	0.44023017152867255	-0.273629180511839	-0.026628825605312125	-0.8655688348694486	1.07816587476832	0.031008366109409623	-1.6895764848981143	0.1612332177380566	-0.8094433557660932	-0.035537389945542036	-0.07057259848623293	0.282116391117146	0.1190021372828357	0.2650670319175734	-0.4587748315916426	-0.2727573678870144	-0.3077114921859686	0.5575281333144769	0.5328267577584112	-0.21846871132125664	-0.5457993456987292	-0.9466083575081192	0.6198654973151587	1.038629283515546	0.09102720488365114	-0.8159686783857527	0.5797088497960164	0.3514859013315738	0.3535676916817735	0.6334714465140201	-1.8192444111915036	-1.5917881546272135	-0.30982504815963036	-0.8930156592327367	0.5337832187820833	-0.9804858505637353	0.3892173706829661	-0.05633667124861388	0.34802926592441563	0.039202802017998556	1.0005293381010165	-0.3325986076798091	0.5444408087572017	-1.2924857199264246	1.9317340251978743	1.6581692934479175	-2.2281406494104643	-0.8631273805520797	-2.9705188386552694	-0.6723523071790873	1.9208232823780855	-0.9684054484244007	-0.032811428197601133	2.016017053586199	0.8798537401948755	-0.34321086240257764	2.0471579185763713	0.4692638242210769	-1.4556496530857568	-0.3869634764889332	1.2339774111137831	-1.336879609151194
DTXSID6024048	4.438180912329412	5.942330738881092	-2.142341104650775	0.3473647383995653	-1.3421662885885701	-0.9254889678441374	2.2754592161583655	-2.2187832828112724	0.45360120804178633	-1.7695914364072265	0.25266613576405994	-0.8331855053309454	-1.4058833569190694	-1.0949856249345573	-0.03718524302188326	0.7946316352940505	0.2410837846453931	-0.2852891211379058	-1.1261423799267665	0.6761678947348647	-1.3980063121127326	-0.006704713971229564	-2.3905355037768197	-0.41385356794103983	-0.15460837909203512	0.6860405738982954	0.4340934002894347	0.8917882789153425	-0.4828148533696085	-0.4264067329871467	-0.10602687047738797	0.7795436041444432	0.6875873668416643	0.8460948410517332	0.006602030271058795	-2.821380778527977	1.446299417999532	-0.5888878458390122	1.2672594716498249	-0.546528500724778	0.7597425498100038	1.606523857666613	-1.1514021506846548	0.4830191924488789	-0.46599033568631837	0.6784464143646662	-0.6077853239705392	-0.36594441856551957	0.09109885215841498	0.3968619450031293	0.5979407883310386	0.1457665377471917	-0.017568963386239544	0.5421164420791651	0.08712265697198712	0.19635858759816494	1.3374839031542216	0.8539605919211137	-0.12142751114773524	0.4639225512722764	-0.0934372939740013	2.0591975096246427	-0.6075822961220576	-0.49480708443112087	-0.23660484018343664	-0.06418028061942799	-0.7711842003035217	-0.5203776617309456	0.14069888762054233	1.7393036171818506	-0.5166790449780952	0.1247920498094466	-0.0881619490363113	0.4201057350198232	-0.2495542212466414	0.35493781198215646	-1.5485194741102588	0.5517329958633923	0.5522620271578489	-0.582168472838003	0.11064610237406546	-0.5746507022522974	0.9613793620680732	0.9359771477104493	-1.2353016478872036	-0.7001791246344975	-1.133423703668739	0.8495310532345826	0.8469276735819667	-1.085995255905731	-0.6990494061875381	-0.9597613211342033	0.2944417166908604	0.2973048450743619	-0.2730191243468215	0.23376685026286453	-0.9691549976380854	1.151435651980438	-3.7884676111378393	-1.1857049307068723
DTXSID0026204	-2.943616981997799	0.8211768944730393	-1.4586620998509319	-0.9476288243447998	-0.20581586950665942	3.71062860096343	-0.8737330993908453	2.177751355917926	-1.6174831544968054	0.13493816587811677	0.6320558698088738	4.695729551275475	0.05213766753319358	-2.151129014853475	-0.6480785631503575	-0.9137427937991034	-0.5730646855017127	-0.699709807478557	-0.10888681904863824	-0.21264625898409042	0.08699869559958959	-0.1254363409881175	0.06055639680652741	0.37815307604705883	-0.7808629807372867	-0.982470145687937	0.1501508614985212	-1.6112258795532635	0.22001575003226606	-0.0771814464353877	-0.6275590097645316	0.037461319104087454	-0.00584033387644334	-0.3591497283446015	-0.2694878366872999	0.061874911053440486	-0.10667546289161231	-0.024886745374584063	0.26963848730871576	-0.1736247211976248	-0.5159194755134795	0.3357246812288325	-0.11071410033589021	-0.4636794775351646	0.25381048196643596	0.029272987960597276	-0.3051387191775918	-0.005495033326904362	-0.02882652011961249	0.21527386260199238	-0.034108951817076474	0.14314911564082372	-0.13631891212826136	-0.08589753471619666	-0.20776314304177862	0.13450544767845338	0.45395735702068324	-0.39565009447588406	0.06875242138229432	0.6225077221559681	0.30868599248545353	-0.2795999751068125	-0.005909966458891882	-0.2245797189051203	0.15804330060350968	0.3816399637456623	-0.07429941339242065	-0.07663267168433364	1.0479797508798103	-0.10628945093218586	0.42027516598305575	0.7002716665477213	0.2336549925880552	0.4600812975640034	-0.8336770981478959	-0.3373209031923548	0.6054440394510369	-0.5076679502667305	0.5811495988488756	0.597549387542127	0.5535652561147224	0.9033657040787767	0.1438447071392293	-0.5674941310792901	-0.10274598217781335	-0.35357269902096117	-1.400682453830279	0.15372957532130413	-1.1654373320317195	-1.2640099884085736	0.9699032901587767	-0.533756494535295	-0.22078572652391665	-0.13703676275525878	0.3026126101327125	-0.19423446663511176	0.44415011168802865	-0.21585228049184657	0.6120327040586896	0.34567840170527064
DTXSID3047631	-6.010494054582465	-2.3055184102621262	0.8012047412286749	0.2948102989138697	-0.7785940057690772	-0.30220827372240394	-0.695700297790167	-0.7857444810150036	0.13348802463628792	-0.16376617945812638	0.16780849410857124	-0.21675443428336877	0.09798901284444747	-0.012209094785198745	-0.5332241747053936	0.43029043850629556	0.5854992885843878	0.1827302319530904	-0.6409958061745324	-0.5304191313367091	-0.13637533840477192	-0.6694000645506532	0.9811452714751422	0.8448175562534275	-0.9186114404187558	-0.06936928893289121	0.5896081595864907	0.1534394138890442	0.13915471874927623	-0.0304155811270794	0.3663917434817069	0.20911600663698016	0.20123297803387963	-0.5052334939054915	-0.9175594887841888	-0.21538744993244635	0.25883177095957666	-0.6636426634452688	-0.4130812119390771	-0.07040893946145263	0.04505558430519209	-0.06443993903112345	0.2755627050842576	0.7646444350846489	0.20593120706080323	-0.6060999625200219	0.010862306078266383	-0.7313407804387486	-0.06739977895869252	0.20964916821914442	0.011887891883596837	-0.5546383066276851	0.18691510304250872	-0.04364904120825179	-0.19551668940547945	0.21049759163121823	0.0891616660299939	-0.31398021793380443	0.07890073021633492	0.40360066018219704	-0.19675050667799074	0.05217342810835793	0.06490670220257713	1.2719811594434236	-0.8847472378418076	0.16808698434250827	0.913766431190706	-0.9128120243864754	0.17029369816327924	-0.37633471302991045	-0.1143205693918112	-0.3491145753548297	-0.09333215241850035	0.5006970320013887	1.1957124143156748	-0.614601793069037	0.24275848181306167	-0.06332139363206979	-0.08876848944442414	0.06134514053894595	0.391086285138149	0.6189388169005234	-0.6204392755650858	-0.13225630982789513	-0.09343029146827574	0.2106708757380491	0.30807519870064703	-0.026071653291213765	0.0624245813848457	-0.20794436560658622	0.02712303160084195	-0.32603540021675737	0.16895649138883376	-0.10569427066104439	-0.2763790872218438	-0.20172842596326412	0.1099108974447967	0.3839549841589609	-0.1011082008259512	-0.29174887152759
DTXSID0045624	1.3823183685248532	-0.6057163167680578	-1.3888749616810387	1.7320376058491838	-2.525098253312909	-2.3207588469863896	0.8817948895534117	1.5774357222014013	2.1333231481193047	0.5783147537296042	0.7961353261709923	0.7912880490446601	-0.6257793478611292	1.1532917341613873	4.608496952671308	1.6952176876902088	-2.7783919593557806	2.183097551060999	-1.6737318507435257	-0.32609143284285114	-0.11333527249846848	0.5131141047792833	1.2241072084682274	-1.5262764189415534	0.7077821185269801	1.5863695999407819	2.466294679970084	-1.1723020397581114	0.4055667342545612	-3.4114632871764234	0.9882416356580896	-0.9431991618822474	-0.8103650501778646	-8.503919730407068	-1.140462357990978	1.444324471333342	1.532875651268349	2.170727930301852	8.237520508195429	-5.132377157637507	2.279820389081375	-3.2205104254921633	-1.0012760523406212	2.9742802723837256	-0.5694486293757158	-1.5864206966246108	-0.01494374663651636	-0.5240749916342035	-2.6489692028779963	-2.0040660205980076	-1.4630993491493967	-5.286578221209311	-1.4960499227996593	1.5365756371931754	2.1054066628477552	6.5044674363613355	0.021079823628507882	0.30698196763115965	1.794054689798017	-4.703303179975366	0.9724866473937038	-1.976232789603292	2.342968549010393	-0.981671949657105	2.352150839981875	1.6138503571914622	-1.5394811352415194	-1.1120921495779803	-0.10833203375916954	-0.7008173847777287	-2.029461277606546	-0.31015251691386164	1.033186182402393	-0.17124138944601247	-1.1961092312264494	-0.29852660773337886	0.587715523241355	-0.3895637560663193	-0.955827854468164	0.8439774662415634	-0.08003318812407498	0.19444874600238807	-0.2924246712163638	-0.14733008805265038	0.14961282240809115	-0.4595426299179021	-0.06532575022719511	-0.2672042760199969	0.6826830030071352	0.42053409513086815	0.7660199216309337	0.044831489584894836	0.080573540951208	0.5664898417641516	-0.8923793604401355	0.9178923894078601	0.2983477806579064	0.3185668550598043	-0.7061176034977641	0.12734503475185704
DTXSID0045466	12.674346446379683	-0.9107757109578681	-3.2290441969881862	1.10558893312466	4.687994103799475	-2.1542695315671194	-0.28846545892877723	5.948742340709566	0.24598211969934783	-1.5422156089892967	-1.3518796823355763	-1.3222595739432386	-0.3021082043321748	0.8253986320841826	-0.341628904667273	-3.0960462063174408	2.46441782093132	-2.642054356785903	-1.0041238439039124	-0.10615666505740382	-1.3636513687849643	1.2981584360040104	4.4755646637821345	-2.870263655706509	1.4287447290224544	7.671622264705136	-1.679137959582526	0.4193219119761802	-7.044057098100653	4.642453553282471	-1.1259834613710245	-3.825627728333014	-0.20137853454344445	2.16176037336766	-1.445462356272777	-0.11725497057826471	-0.5348005803282168	-16.25030052407128	1.1022772125075047	0.05337657066892742	1.554734491950518	1.5210217754658677	3.1036805989148566	2.7519537159777956	-12.168655070021497	30.802205241627664	6.836695543452129	-9.088327776862677	3.9732529497300098	10.566538920253093	-32.895421247473024	4.932026397450967	-17.23580791129513	-6.110127433459593	-18.279434864289374	11.530780702598113	3.402718272840238	10.004322887469122	21.621532464587364	2.3008431593849945	0.5738037420817151	-4.144203537253827	-3.044242928616121	-1.6666781963916195	2.6764323004997657	-6.800586962644158	7.416809979722077	2.5398516570505016	1.257331902639843	-1.7520379665000314	-0.12279333318597624	4.53903832120701	6.194577408229502	0.9753428848126899	1.7412956068768497	2.1371212838184714	-2.3770192376774433	-1.5938865693325361	0.007391639293726319	-0.8231035305396225	-0.16268063342465805	-0.8772545495359924	0.7285093043010564	-0.7856971130175082	-0.5688595620321361	0.4049476506282678	0.9767479730292926	0.05814120953858143	0.1923518773181425	0.35715640466405824	-0.749580278166641	-1.659743316840938	0.009750090194407106	-0.8795014889957942	-0.13708578458693718	0.8226515753648389	-0.5056048604635814	0.2649817618528415	-0.5624448192599238	-0.722361395822412
DTXSID4047967	5.087519873313664	-0.39316681985089946	-5.209500571378087	-7.353625713596128	2.982346039203965	5.085177987736663	6.805212251890885	-5.420930430703048	2.6952133847941138	-3.1351206908408815	-0.9586518318553264	-1.3982498306679743	-0.2364229747519997	0.5713160122129207	-0.681881304410685	-0.8958874387255447	3.668811553993907	1.3020337991382158	-3.78035821731575	0.09871022110595434	1.3998294249577825	-1.0201488557218585	-2.750368149737209	0.9531408561138512	2.5410463690145577	0.46810296902344	1.0947840595424925	0.5327439889599354	-0.48746428656555635	-0.24895651180959888	-3.5075681686968485	1.7619197216439313	-0.6620395546648224	-0.10051948381944115	1.1792457901509263	-1.2425074768726674	0.6449878533230077	-0.2685139005175174	1.264249878813308	-0.30160262188195003	-0.7567013240622414	0.17322827493085857	0.389095869194713	-0.9782865046336209	-0.34520208714013617	-0.1456912707697218	-0.5253631506158363	1.3207825685699541	-0.002727065399248659	-0.0731245749074998	-0.2791817246536566	-0.07839554951995677	-0.49026935726532744	0.20801620389058087	0.020110976085660728	-0.8162493576126655	-0.7876036355691516	-1.0156402226360985	0.781656848444841	-1.065689846548145	-0.9483161101214763	-0.7391271804294156	1.3452244568797807	0.8135990572798466	0.007154473494162584	0.1463091152012015	1.1962763416336655	-0.7617421540228421	-0.4289129110197578	0.4843096520588721	0.10569217544650197	0.13579766788484965	0.2321909943923586	-1.6285589170696457	0.2615448449978431	-0.4282135061486028	0.08576283841624903	-0.2801363368063136	-0.8351739094592163	0.9228600481989623	1.5460005460384125	-0.7389862958541791	-0.6923476383509368	-0.14784540079172886	-0.8354635960411965	0.6672242719159829	1.2589422179600136	0.24688269009900113	-0.657969898785636	-0.7484070140337692	0.3774392545550445	0.08888999929717162	0.12336971336330652	-0.006273984411715312	-0.6223067081984406	-0.9861267874782627	1.422078091358128	-0.26454078895037586	-0.33820914996779533	0.8404765351400856
DTXSID1057822	-3.885529024595007	1.1328595513857678	0.5931573999708643	-0.6146577066859304	-1.0294445897502746	2.7317470561409642	0.1211697984833772	0.8951655625989277	0.2656767826465737	-0.4932400405142225	0.1505182531835976	-0.0932679871416614	-0.049487305921571606	-0.4643477957856134	0.049393611137188966	-0.3123527775877998	0.5477429379845267	-0.20439266858850133	-0.3834535471911006	-0.8820789310682571	0.32004960733721566	-0.5838538926698459	1.2685748404751096	0.5843304264531817	-0.28048877626390206	-0.25103493214446715	0.27430468031394056	-0.08264649528225416	-0.15307570870284642	0.15177235981693937	0.012062616080394523	0.1651764293891106	0.5197250562528767	-0.567944762623458	-0.1374941680647366	-0.19548284186730508	-0.12367950258543597	-0.04587319728042245	0.20338646886185888	0.14034886771254393	0.04024246514437445	0.4427758651031918	-0.21274886541627394	0.3009697001974238	-0.6324131465006925	0.05770551817160514	0.14644127392050293	0.11495641265443939	0.05125034045015831	0.18140960626701783	0.07844322717870747	0.24995422265441788	0.22345152821745906	0.04891256717520678	0.21613164184725994	-0.13988653554845376	0.5363231821572471	0.10710309270231481	-0.5928051674239414	-0.11210010060452008	0.021776921641866474	-0.09821224945366169	-0.3352584917193642	-0.267202824595847	0.03995241696170187	-0.30843494206107464	0.43435415705398656	0.20663017744683315	-0.5784390258402262	0.22986977889513263	-0.2772746838782198	0.13754558623949328	-0.17408558434621862	0.0673226530464594	-0.704749389936105	0.40173203094708887	-0.08254095408752746	0.2972548416979425	-0.632399237438874	0.30051002215999373	-0.12871106226010737	-1.2255688492609829	-0.6471707107494312	-0.7795125865237343	0.18651697581179671	0.3766910787730965	-0.8012887952551652	0.0165254369861221	-0.15836844522067364	0.13648321660156423	0.3322683271635733	0.6438398066894383	0.05352733909048004	0.3396970030746241	0.7182317883753944	0.11975192360052427	0.5305126890527272	0.8043994477183268	-0.21968591395189277	-0.5211768580653641
DTXSID2020181	-6.93244652466997	-2.926231862331241	-0.5728531360514644	-0.9862394877525602	-0.5627511612979453	1.7358911910160015	-0.614123578967438	0.327762710412004	-0.5386056128848352	-0.3091742551370172	-0.3496285214459358	-0.6092275553900519	-0.7528390068880358	-0.8682091159171446	0.5180508522884301	0.1420615510696888	-0.03047197669274406	-0.3161106113573847	-0.0752155553215467	-0.8118996316933357	-0.015767307936023142	-0.5481550557021071	0.8030410342478437	0.061812811886052636	-0.15989438617213234	-0.6191925874549782	-0.1517397829089088	0.013859525266578477	-0.3297379392625226	0.6699054986093923	0.26001463749353326	-0.9133282020545723	0.6151817660943248	0.0893010408660802	-0.46016198695699667	-0.41882992597410074	-0.45127650745479125	-0.29654442379854923	0.04488422105868652	0.19236513096080476	-0.22562405112815767	0.39287557867671313	-0.3955580952956049	-0.004667568151545846	-0.0002310078217065887	-0.2323746929971066	0.25902198876403043	0.09102603671212589	-0.2676470806129183	-0.09782988178494173	0.04190093954669201	-0.11459251139355826	0.16059956200937053	-0.044263992759732126	0.19679030795196195	-0.35668443262844657	0.36860027077686613	0.2956549901549754	0.05000586605428239	-0.11777367954679188	0.7678013169215949	0.015058031848096806	-0.5081065676224719	0.24934697923883314	0.34915469900331136	0.06824705246496728	0.07018297094381169	-0.2645909853570069	-0.3130930103362801	-0.23305171710200506	-0.4415763873752053	0.278650928485476	-0.17572974149628298	-0.1527027899496887	-0.903515565680826	0.01614851442720184	-1.2288514876725745	-0.08433288103061788	-0.7932192071403983	-0.2131243828582074	-0.2825087680022084	-0.7460139230911644	-1.8412124966331145	-1.0472191977224483	-0.2803267098438827	0.31607333976930363	-0.5511053233060409	-0.4014690731087049	0.4593308975089901	-0.15244963486021415	0.339381269662145	0.20537050262128898	-0.5376026213783236	0.18680953827582916	-0.040246132318107204	-0.136051311934023	-0.28809312429347683	0.18088142981372324	-0.7592299058713694	-1.1927877182523443
DTXSID5032577	7.093523925709944	-0.2584110338073507	0.154484713200045	-3.579137342588335	2.833068669462399	6.6598622922423365	0.4055194472499862	-2.3778742642514894	2.2390103237239707	-1.3161674815264028	1.025858761934728	0.6900182224619713	0.7500458407206282	2.4704386879523286	-1.2811319867769957	0.2786521371273885	1.0262010584420813	-0.7165709335068484	0.4939713195581732	-0.6309807251314254	-0.26133233788173976	-0.38090132900453055	0.3970725084153137	1.0250241417219939	-0.3745217869303071	-1.4877590260818347	-0.34210885496016424	0.07603708035474727	-0.01964936892082455	-0.17316867989764176	-1.8694683554464306	0.3926313655333184	0.4831141703059226	0.4059981891172368	-0.6997317730677992	-0.6521457625097323	0.4014115510090621	-0.15979768375375603	-0.03491893720312829	-0.10473064716787485	-0.8949436620464011	-0.9070352339153146	0.3568020397734963	-0.13947300433734378	-0.21760883457117808	-0.2685730933668828	0.1802410240380206	0.20679510896193237	0.1467552916355604	0.036249855135046534	0.03049856293678193	0.10166451689703866	0.0959722897382487	-0.6255382162504025	0.5433802218598783	0.8410427038275867	-0.1802599929394988	-0.20459746188825606	0.19632229829424114	-0.3564372069519249	0.1614282500978923	-0.13217539883122753	0.2856358235918311	-0.16392562504500605	0.1378411588364658	-0.341377305561277	0.7166131631678514	0.16059843338668053	0.4732974044218781	0.1998080313327724	-0.26383530479629647	-0.11630674950563515	0.728207067789056	0.26741133536884676	-1.1384275359188465	-0.16425360035486355	-0.1179887283249747	-0.2439788106748408	-0.3070260299660695	1.3782225049439345	2.0622292537534306	0.11416013619125949	0.1143776861324402	-1.1648210573077937	-0.2415704975296926	-0.15875545765506582	-1.0056514063858473	-0.3449227052862272	-0.25779647742994066	-0.1828063074758068	-0.8876962530234754	-0.77463519305124	-0.9630643201270759	1.747302705259259	0.4461783084850337	0.55296162485108	-1.049612037956445	0.3769169949156184	-0.9322758284925906	-2.7173900524732386
DTXSID0025286	-5.754312433306051	-3.383747235138318	0.05737048478678039	-1.4175426964550597	-1.5918726217022034	-1.1780483788945901	-1.0402076282531332	0.4891855878503972	0.032944247114368386	-0.8218394170954748	-0.6995640065697707	0.46712218346167916	-1.0591017361047523	2.557629890204496	0.6795796295152906	0.7281091716748841	-1.3508932143417411	0.5587584829432307	0.842818166553847	-0.01590449526410769	0.2974893474109088	-0.15911258648079565	-3.0005969775250514	0.0695486976550366	0.37693044033506523	-0.7969723487612311	1.0219740895651004	1.129883876566564	0.09105618897612507	0.801318069311626	1.127271633010709	0.06348553713431303	1.5320904637052828	0.8173345830447839	-0.07308453440187951	0.6293531524964138	-0.5874912688131266	-1.1554309814509478	1.0066493389101294	0.6386916383394744	-0.8768839488125749	0.049004021059516206	-0.35869922719165453	1.1996388988872702	-1.2640554957005152	-0.056512730416357224	0.14339538758809992	-0.7890526410586374	-0.08584286242792365	-0.7768638914429811	0.14767631365859377	-0.20051585031388874	-0.7251544702904797	0.23288526213689828	1.2500915813320068	-1.477848776288839	-0.507005266113052	0.32125811771983376	0.32300441141035713	-0.9060927251627208	0.24103045743150994	0.805565635475348	-0.20952593936928812	-0.8938939619477964	-0.5857841898764886	-0.05770383332205843	0.5831580086950009	-0.20774757902076096	0.9544470164896973	-0.38311107703871966	-0.7884332161870203	-0.1695731622398214	0.46107698107618633	-0.521689223654736	0.9424955090390291	-0.20693911154451128	0.7046988855689316	-1.419714974031889	-0.2986238694640785	0.038682937911236503	0.18867342343088783	-0.6540629088895156	0.1939843089498399	-0.15887411930601922	0.20723371657853593	-0.19383330474130367	-0.3312384106424333	0.5896940313185919	-0.5989549907793353	0.5227621828601898	-0.27411778338844034	0.5508813686468212	0.09454215833997653	-0.032117594031153926	0.4881090092170945	0.09049755418259856	0.6100402277732413	0.29151582837326434	0.01439543214673877	0.1086241995956995
DTXSID0022858	12.248837422004796	-3.5193779031902923	7.372976283304206	5.298160100956709	7.652484703700265	3.4272918309542204	-1.6669638761179069	-0.1092190579769053	-2.8427265985159256	-0.352043986207828	-0.17590925129759338	-0.7802557697239801	-2.175238721722143	2.0601220907258018	-2.0236915457677487	1.9577441703034935	-2.477117387759537	-0.029644850962998962	-2.404546110893585	1.7794470839054273	0.3905618103322955	0.31206683213384495	-0.3104329591723267	-0.7871138980141753	0.8958856985143595	1.3072728631833352	1.0792267202052086	-0.9448778251479895	-0.5835416747014435	0.5900631397263226	0.25258346251910485	0.4498519921008145	-0.1860591668829546	0.022452503768017724	1.7637182113789542	0.33442829544012387	-0.09769829754686792	0.7530485258200886	0.6107727239523221	0.2189958675447037	0.4748841884453325	0.5371882375464688	-0.49686855258353047	-1.4275801434464843	-0.2721950518818455	0.2939433845055234	-0.3355320873395545	1.0916828080441365	-0.20714478888991653	0.3132409188737998	0.10716667379961228	0.9022628473045311	-0.015280333229647081	0.16320585051769157	0.10382560663583948	-0.5242790887237369	0.8712341348848409	0.3573363647472675	-0.12183014802174673	-0.19815360653640984	-0.3460134171405179	-0.38120915384993803	-0.43417822240839316	-1.6105025994298312	0.7317316521820504	0.010260889369581456	0.5305430848001799	-0.6245452230200991	0.10458026884034372	-0.7271092448359701	-1.2808224263728654	0.15567265799442842	-0.4342843677815342	0.1615950783401248	-1.0255186932116198	0.1587386624852998	-0.6928361250183968	0.4217052509665833	0.4001837677696502	-0.44108137300168526	0.36901530383435277	0.2066116611591886	0.6514371098843127	0.12691072626618438	-0.5891097220127297	-0.39045883828223515	-0.5016809467774124	-0.7746629490416995	0.18693752797409463	0.03114105240019584	0.4988790712819881	-0.3247692590722474	0.061398949909128225	0.034362550262990024	-0.24458843934205957	0.019502649483956157	0.1725411793794076	0.45911117030411636	-0.08612731559469924	-0.016351769175718213
DTXSID2046543	-4.06005257931935	-1.7997441198570063	-2.179869477023697	1.3667467697339393	1.426678473830022	-0.18608023288415992	0.3170472772084335	-1.859490027347603	-2.0111991943979954	-2.0241323962471003	3.0435302088867533	-1.1865985854137178	1.313121134194396	-0.5768807560462694	0.9088750936326204	-1.6497483952155312	0.9940060268638174	-0.28825871566244216	-1.0330816140000356	1.015794667869324	-0.6297335896307992	-0.8710429459393555	0.7048562453084277	0.7010307268771224	0.26067060572533923	-1.8681241066549104	-0.28538682984812114	0.7673641123556941	0.904082744862983	-0.40647401189311555	1.4946126049065676	-0.6877041286306984	-0.14176889592938008	-0.9657057171035602	-0.5483452278884651	0.35961830479033674	-0.18117400809618542	0.4154822003676389	-1.687180361110466	-0.005753840807667365	0.6172743615155553	-0.5315766885209869	2.055553582458529	0.14171561765575252	-0.7763414787655447	-0.32904834578125236	-0.32361493283931475	0.9314309685227692	0.43360358458518394	0.3685780218289723	0.40505639753518863	0.7022546875874071	0.02280223419849135	0.3229833454795774	-0.02812771386197426	0.050634135349821224	0.13595538793477693	0.45005097638722164	0.8768962420129226	-0.6567758463457778	0.6707563724750519	0.40785562642760903	-0.14266236120937018	-0.9394713309432454	0.28559622820178326	1.1546285680571216	0.5504276361327974	-0.3879925258903058	0.07796609657073864	0.5227426116442498	-0.49449934179544097	-0.03356792682028589	0.10204806093583457	-0.18366642768457947	-0.23686093337261338	-0.030016509181097432	-0.7455552132721213	0.27288213010231144	-0.5044188308625509	0.32498594726714514	1.4680784661116997	-0.2039302783614909	0.2012151771718055	-0.15111369349587786	-0.15559132799495679	-0.4885521119354424	0.4206575414535674	0.31385854534415597	-0.14394055834235017	0.10513337482500805	-0.8411614367814115	-0.1375075208795509	-0.2640440639653273	-0.1387247431794215	0.10643708391597795	0.5639212513635095	0.13551703699797982	-0.20777864965800794	-0.028639354128621418	-0.051098187746043605
DTXSID7020552	6.735074834953521	2.5690622831877086	-1.8127739705067638	-0.326664981775751	1.2629297347121873	-4.493717110260081	-0.6991999687350268	1.1994967861365595	-2.7220452214409354	-2.1492005579221742	6.7988191056611464	-1.1970837627337083	1.798151938737258	1.0116404463737532	4.558729893471949	-0.12306478208869898	-0.891747013064997	1.6268245140340882	-0.5712744077212943	-0.5061000146301591	-2.0726320141869565	-0.2958402115912421	0.6491626164374912	-0.3411324684389983	0.9390254561766804	0.4724042127418154	-0.08383698603371349	-0.40152242926806236	-0.20228148012646022	-1.8123465243407215	-0.9304184809849074	0.7696128217615551	-0.5515904608919842	2.035515685064566	0.5117234709647218	-2.6082143068574073	-0.24050810797613376	0.3263786445165875	-1.5048171892832751	1.4265378811285698	-0.1634319863396391	0.4068634246114374	0.6977202074928478	-0.07345472634398446	-0.5203843777062239	-0.4070668505554061	-0.11747524318545982	-1.307349576930668	0.5721868500579537	0.00858027133170143	0.07573133011662529	-1.1254915856404466	0.419727659401602	-1.015057895193875	-0.29018949070244465	-0.28777958733036857	0.833380654155449	-0.4526065387824495	-0.31177657706829204	-0.6383930053107665	-0.3578901542830363	-1.4860277914138853	0.11830150734872097	-0.35953748084338655	0.532997064234449	0.6235242207485268	-1.4448167763634674	-1.1810301085718897	1.381245605381645	-0.6048567881002495	0.9218126387456966	0.7522703050995652	-0.36338851380243903	-0.745827862732231	0.4239201399872059	-0.2706796550525258	0.19064713335117914	0.26326793342627436	-1.5402800183734027	0.11607237948114142	0.05866868274639045	0.08437765718832053	-0.9918005971879864	1.614477870143998	1.4162096529374157	1.1573698756619586	-0.8130620663155628	-0.1480003986046154	-0.31911545481325965	-0.07784238567651793	-0.20993308030830288	-0.66114759092139	-0.45079683195967685	-0.488266453816495	0.169290471238537	-0.29718602411540423	0.14956722436738007	-0.28096275527642395	0.004937489009537361	0.35668705786607346
DTXSID5022271	-1.4067531500945454	0.8781653466090513	-0.34799622682908715	1.419484088171466	-0.2749732864826119	-0.6108138870740212	-2.349877836874114	-2.143645153296219	-1.2200533168580734	-0.8889374565476215	-3.8770725267940813	0.1173016310800203	3.8649626616054507	1.9585907437104884	1.2330951903543066	-0.2378670101310154	-2.107248553597255	0.3401448310231632	-1.3049592040865496	-0.1874875988577747	0.3456708855147616	0.2830547361753548	2.2332897208987874	-0.958533651726257	1.2142517096123289	0.6278056965975999	0.10317501433016517	0.0305148306153577	-0.4607424114050604	-0.4936025046574746	-0.008712926235871632	0.25750722037673723	-0.05578031658457406	-0.30506850154461346	-0.8260140947476514	-0.3777972765700505	0.8429562848005105	-0.7857862378650536	0.2837048009985483	0.4010172699925467	-1.4709738528740681	0.42024717268652145	0.5039570016696545	1.7454488977180918	2.7329356894440457	-0.1759943932386244	-1.672257499941236	1.8929482724921325	0.9740953907723282	-0.7452977440733984	-0.18896947166805064	1.3079490928530275	-0.9855002258388177	0.05354378318276832	0.135224424727518	-0.9780456416593639	-1.7904894332302308	1.1251846834632135	0.31148439100404274	-0.37583017861508977	-0.36374494784168865	-0.7522962679066821	0.07775414851301303	0.18655749135143943	1.2842517016395583	-0.5011075418695404	-0.8951563568460865	0.8179910903046548	0.19558106561818375	0.398732430677973	-1.0267641480553749	-0.05079401610964977	0.2160286008882279	-0.3565630772233721	0.3052616274329538	1.7778689591556913	0.671145187882545	0.4322937338029205	0.06593993729745656	-0.03756194008764555	-0.23238862059065185	-0.3932174713389714	0.11230410812400875	-0.175500952159773	0.42882591523773383	0.5638671885046165	0.6447771825201842	-0.07274100457792927	-0.4626021479673023	-0.5186054936686946	-0.00588603000399231	-0.5832493040183083	0.31194831615537594	0.6748906760211423	0.14243656482698355	-0.09454198166975472	-0.46171348520910954	-0.08978337354856705	0.23447796185032432	0.26079353869757305
DTXSID6052536	0.6561324837843487	-1.4051502571054502	3.2718980924278265	-4.281689651472123	-1.3034820905782545	-1.7884469356763035	0.4481041954477801	0.2095484837153949	0.017119600049741807	0.7262448253060335	-0.6827431865092367	0.6373293760483233	0.15511643656250876	-0.08147455622576331	-0.15106078544683488	-0.01872757732328122	0.12263360500734682	0.7558381979898647	0.40929761816201793	-0.6327448977614566	0.3054299165212888	0.058335723899521026	-0.5212780833297997	-0.7450739888153655	0.5541599018311557	0.8397903730847864	-0.20705748552585676	-0.2466477880115322	0.258978499492031	-0.38276799536074024	0.37167756825038456	0.02745756291369758	-0.722285347839286	0.12186441810780542	-0.06815743346851853	0.5073617664901784	0.7910277093386919	0.7102365829274436	0.2850423734213242	0.5727207625881575	-0.24959857764017518	-0.4549768645992303	0.20625945677020766	-0.4387836588250536	0.20425064841254825	-0.12309195246313857	-0.4576808327331982	0.3444715729582101	0.3011934592373754	0.2757068696520204	-0.01975997225717576	0.196333467461052	0.03988102248962846	-0.2753591807013386	0.16473508593785693	-0.048056236149377644	0.1146939844133904	-0.24486862733851225	0.5945042934266542	0.3121033994654919	0.12583093818636826	0.18684178280991368	0.379185162896189	-0.03380176533881281	-0.20553599929870348	-0.20455509527795096	0.7838459085247628	-0.6098766488969327	0.2710136780971687	0.4723862764488974	0.2200290970887312	0.1931215642733438	-0.6926819510763113	-0.22407464736152402	0.17208441651658082	0.13182718965783344	-0.051033148052045764	0.08508250077772397	-0.3528087809094714	0.02534162950298809	-0.9709047403467516	-0.8594637713001069	-0.5116108729873915	0.38262637443922287	0.7705627465493632	0.0805131571137761	-0.10034157222425394	1.9183175144207572	0.3289028505747991	-0.10242695815688183	-0.4721795287951822	-0.05617897455099866	0.25835870405130934	0.18997665933488753	-0.10660122189463579	0.29433701093451314	0.17414254238556667	0.12598871813056747	0.06451682104624779	0.022288654028775383
DTXSID9024770	-4.408560110651618	-0.032854116703752594	-0.9675020176805482	0.5401453083439754	0.43549128081582733	0.9933536960997493	-1.938245706563969	0.4959653308158571	-1.5615321844620806	-1.1396070200947523	2.837679296508486	-0.9641812300057083	1.265744728879097	-0.4910912624640585	0.9493882679970391	-1.8573312880765982	1.5262235911356945	0.15619978549414476	-0.3195177779124621	0.06147995477384834	1.066668122320349	-0.5320203979139123	0.11983287564557246	1.2266155255899793	-0.6170102014424247	-0.6202576869532567	-0.14579821442781932	0.07922895823625781	0.2512615719604204	-0.10263811674057366	0.5391059785652175	0.05574003115723445	0.021480287242512233	-1.487952757061486	-0.746488334069039	1.2344803605388603	-0.7821519458256511	0.3165205427792401	-0.8376209245971752	-0.047521801191171636	0.3191271080136247	0.009464803472021378	1.0044796135827732	-0.3631748090873984	-0.5199597469104905	-0.02874640165428858	-0.5006562237275735	0.834951475929665	-0.2721099874070591	-0.05924896562521801	0.11498614884519476	0.7326725441827227	0.07969491811656607	0.5259342467607336	0.038497577026606236	0.2669603233171642	-0.17847306572025493	1.0627993019106727	0.18416852352001628	-0.0938749279321288	1.2175857079242416	0.9360191258713834	-0.5787366293362852	-0.2366312874261245	0.27671981993365186	0.2317962692974004	0.3683496542391216	-0.37879418031418877	-0.41387606142607025	0.17195959445282627	-0.1969272285901428	0.01855649252006891	0.01096879564741596	-0.04331146664412038	0.16541416738803882	0.009406025857830028	-0.18959149840736692	-0.051214434938397974	0.20789979829992686	0.015502954070214476	0.25377773589873653	-0.04491327382204929	0.2615720740372584	-0.26743831713542654	-0.14581583650366237	-0.1269399738823978	-0.038932377467512096	0.016574404341331086	0.11489814837866358	0.07896466033704783	0.044207915970585925	-0.31543255620456834	-0.09064788325172143	-0.09356705806724244	0.1287360692104189	-0.36498150006107927	-0.012471358519685682	-0.043016423266517945	-0.10424969402421536	-0.11496545271145345
DTXSID6024886	-6.095093804844109	-2.587679186149521	2.8038590118754616	-1.311709949815332	-1.3942990267662982	0.5807728299965725	-0.8523033937271032	-0.7542226378095732	1.5232176248887188	0.5917304470766757	0.4608584648211081	-0.5572961218499343	0.09674008185461344	-1.8942714683660227	-1.1410836277192897	0.2218057491553868	-1.0485360786535631	-0.32409372831212035	0.3565777924031673	1.5063921506786224	-0.03578895133840093	1.0363102064056906	-2.7762130457992664	-1.0175988847314639	0.30774222944693036	-0.23600728075545174	0.07633272573792804	0.6700825753441496	0.5339982308925962	0.05826520268775993	0.6120451329515628	-0.21642720680765734	-0.3925090473527981	-0.146206986413723	0.48391880049399005	0.25598197441736936	-0.6540055809095675	-0.32490264580051753	0.2179076544947581	0.36453558213401066	-0.06547170244468954	-0.25745814316400245	0.026156101888338522	0.034754213059257445	0.4493765478543549	0.33175783489678706	0.04961974941667019	-0.18327006641659885	0.2207400947144119	-0.1844861105831924	-0.04952468263211069	-0.28912234139264376	-0.2529030333470178	0.05369848614565632	0.04277520272139009	-0.142580589902489	-0.711789146904311	0.027940357638507253	0.1531541470711513	0.029864563166893742	-0.5598931077124839	-0.2427328946424228	0.25052048032476887	0.48773151489180966	0.013898868526116616	0.2242555678957476	-0.32821157995957473	-0.07885918651309748	-0.2188279609066745	-0.72365047563333	0.8053129241559045	-0.08635657498034918	0.2605463494226953	0.24950538307535933	-0.04447239807212083	-0.10123720334447166	0.449299913383078	-0.2706679315656393	0.18931828923677396	0.19933882864027822	0.4349972128613834	-0.24373740884376888	0.7040521680180352	0.02188726592979801	0.33543091378126483	0.328484462037769	-0.16543779199433736	-0.4048611142692588	0.2115617290459854	-0.13099850733822702	0.1316834245316751	-0.2599209948205888	-0.4893123877121014	-0.09139423269254371	-0.04297558786859517	0.2981107139333381	0.12691509090228945	0.1556985740669541	-0.10844388698533032	0.3675469109436947
DTXSID2025137	-3.817780200352917	0.23376345267762252	-0.23188215792653638	1.404813192651973	1.58138643730025	0.5554033721421054	-0.6864362257987047	-2.1787925424747896	0.1954589315931528	0.1916363218372664	0.1891973261579373	4.7699676627295124	-0.5822618372468483	-0.9442402992610149	0.754597177490735	-0.29354606550371914	-0.01329465265991308	0.41204264160292225	-0.0004938726943884734	-0.7362357699618856	-0.4892735126689332	-0.4872042418725245	0.3650291250934799	0.22728274398318382	0.6627356105435572	-0.68432709698782	-0.33340618483056816	-1.137281773299033	0.026341125924882653	0.13497501132502893	-0.8698873507110786	0.26907007979283204	0.5348573780342646	0.37372772454258374	0.7642149808716437	0.9455018858356666	0.14697485104886343	0.4882203061582826	-0.19391273095577397	0.35570221715048356	-0.3509537437431633	-0.33734381277073844	-0.21189694462632802	-0.06628268364897359	-0.5845406323463258	0.31910083585219134	0.5428481762253413	-0.29717006673419283	-0.1305507371959631	0.003557909183932563	-0.09450090392761996	-0.16181060736747918	0.02578907608843135	-0.4600270944666523	-0.0030727420591534706	0.4446892054049464	-0.8080554551568742	-0.09940933730009446	-0.41852353567513223	-0.5099193235880684	0.3401119912490786	0.08218119890328769	0.44853273681260364	0.16282881269967567	-0.008573161697956536	-0.38492605995496004	-0.11371538792601989	0.9980084571244721	-0.43783747213354224	0.1450571609971336	0.24379854078040733	0.2733923251663283	-0.4833375753092169	0.3269042523332724	0.6517620543519518	-0.7777138443124909	-0.02265190919848045	-0.47407106933535575	0.5587770227461216	0.36789272933387673	0.36524528438253795	1.0339511797852607	-0.7889681363140335	-1.3244424445878316	0.22726556599869108	-0.9437447158237386	-0.702184666000991	0.7495941166786414	-0.7737550240169948	-0.9585321897237413	0.13509370908019286	-0.13567554100722334	0.1302900904721518	-0.8528481196492212	-0.019246472945601507	0.43322233701427065	-0.10978741314359561	0.043942136466826265	0.09915864527330677	0.12993684269155187
DTXSID0047375	10.007907518372123	7.061347921248799	-5.733995512137837	-0.4896023607292592	2.5941299905518433	1.0157418933907374	-0.7113893311270431	0.35630304046852007	-3.4374445573148766	-1.5680145681590196	6.602386522773001	-1.3613549040369026	2.466765305455847	-1.0751370779028875	1.50495434837952	-3.0759987724991666	0.8938830626290867	-0.4228417837686374	-0.32127045154250844	1.3495865517358074	0.7138567895814201	-0.4213824538324882	-0.8304207197762408	1.2376876192708217	-0.9716215230261616	-2.176228797452765	-0.5781809627848051	1.574397061029759	1.1768593575124022	-0.579118804164791	0.6753870527963732	0.0020978665199353386	-0.017368627057303358	-2.941611198472826	-0.6584655681376795	2.7048310150041686	-0.9287215005170181	1.2304186575880485	-1.873811688385156	-1.0132890784459323	0.3329252795127176	-0.35413348704420944	3.335965812343864	0.1249569566684385	0.32624065427118587	-0.2255337102326852	-1.1862020224585765	2.0185918941841505	0.3264614189642394	0.5412545898535708	0.7494372667044031	1.632144180345371	0.4045657604040478	0.9458813031380513	-0.5992607841306572	1.1159595289910929	-0.024958487789199204	1.490194519095743	2.0160415624044163	0.5238714580853996	1.0688132495258815	1.5308957202819153	-0.1631138532475335	-2.4961215108603625	0.11213769596868024	0.818486532722284	0.9110348405678143	-0.473306275545648	1.516210999432439	2.937473937588497	-1.5963499159931704	1.16622986514854	-0.1882995698509901	0.013197250724224447	0.7823291330592342	-0.9280869145944839	-1.1065354287801887	-0.9369609231394387	-0.14430866722950958	-0.7427164937956529	-0.30928208557795683	0.5245067041000869	0.7294973915361131	-0.003711472816863543	0.0965706884116868	-0.5221847540691467	-0.11467658594704941	-1.1941331377607345	-1.54454787340541	-0.45902211389592457	-0.6063772175156005	-0.67291231222578	-0.8712430748890171	0.26188158096105757	0.16818954436229458	-0.2586370557438186	-0.4490781428875469	0.20994076044793059	-0.6855255677038956	-1.5931089078309542
DTXSID5048186	6.751107148504658	5.706176322810249	-1.5321165183538954	-1.562695989750586	-3.0139073654309954	3.9779534323648926	-3.312349757782801	1.8394273398616376	-5.716048565008867	-0.3942446189711456	-2.6268434631907978	-0.6464344257913355	6.075110694624828	-1.2238958722593882	2.4650982293722663	-1.4911698011067558	-1.0154299311019808	-0.08416124049778033	0.4972890204857254	-0.6248845890708371	0.39970048034203604	0.04115394787785492	0.6920777483818955	-0.491517278428234	1.0294044004353695	-0.6683982829147201	-0.44121366127275496	0.3470994161743093	-1.327977254845834	0.9938054143975317	-0.9797912856120538	0.7522448294521442	2.53355719687288	1.5638226641732198	0.4223951571467668	-1.1131595503449414	0.9649384724094361	-1.2192758625930338	0.6409718561389126	-1.63580649397635	-0.0361475592522957	0.4837849087469334	-0.28695630839389213	-0.47006284248215535	-0.14795967449517786	-0.44536600450680836	-0.42067849011555847	0.5776759709827626	-0.08876234743366994	0.46012292372710156	-0.053953358640067624	-0.35916900255433337	0.7538072033867449	0.031792287883892566	1.1475683057364545	1.0164623858453907	1.5713184573620083	-0.9044950408029383	-0.029867718171570752	1.237274042934092	-1.3830034605636587	0.07008226711318628	-0.31429980483118686	-1.115550770954284	0.045908697047744855	-0.23144134064355606	0.4791410414173246	0.9275792543325596	-1.7222212841118243	0.48013213035882163	-0.5882321519270101	-0.024708528993895813	-1.7913029830086387	-0.10905779222990604	-1.5352220509392525	-0.04668425696029604	-2.2877986652189035	1.3312181230487996	-3.045564119925437	0.5120634653574894	-1.655757875247529	-3.0869114639485016	-2.8056419854160493	-0.6917545197719235	1.3887061844517081	2.531360740652994	-0.28086697764176155	-0.39943448761130956	-0.16142071343312708	-0.19335587118483727	0.2813530413866611	0.331173718272567	-0.03338518223660695	-2.31931330763234	3.030125602897446	0.005409673769118517	0.5649447412265339	0.912401233715596	-1.0655433961933072	0.08858037121266073
DTXSID3024869	-3.7798862684240486	0.23730898758783162	0.5350970860984233	0.45502532179368266	-0.8733217604029695	-0.24666475853792308	-1.1389213787531252	-0.8568796425395558	1.063673800967865	-0.527224560675362	0.3949995868951573	-0.272755123954312	-0.5002182298229124	-0.4801733804924891	-0.2834750144348359	0.5387131624169522	0.8461169789729972	0.5262003268801376	-0.49317626817249466	-0.6409368439094443	0.07094564620554976	-0.3368761603713011	0.26488553477237553	-0.04766749268175669	0.17945682454596235	0.30725411372112804	-0.15503120115403712	-0.35503492456449387	0.041766629967928105	-0.2161241373258371	-0.7562272872224817	-0.0888828493904938	-0.8371367608759968	0.010723827440265819	0.21382786109113205	-0.25824946301901963	0.31463190422478937	-0.013153937590498807	-0.2772140497713502	0.3138930544589068	-0.26161546811998293	0.1402590991692669	0.1702565810910403	0.016297826082641288	-0.2546585134494341	-0.21272405443147774	-0.17834763559649403	-0.585917133962623	-0.08239597447888183	0.006364138034640637	0.10457679422287036	-0.19413056585037142	0.19212354000004692	-0.2247675602179575	-0.1681251072330238	-0.2978938402269455	0.1419083830991264	-0.14426845774262198	0.26515062654649335	0.006632372094157009	0.33625458699664396	0.16270080397420908	-0.16099800930428315	0.4984052024409451	0.2507346940069204	0.5082038017371387	0.12358020443598046	-0.42279708820483597	0.2375031790794294	-0.2539176819943532	0.399384030764168	-0.436779149324714	0.599678840889229	0.4889355950438675	-0.18015779990142064	-0.039271480616345396	-0.010183410650378916	0.19631153914126429	0.07786598279335553	-0.1590280462174099	0.15147821268346964	-0.3807988753743982	0.10340263356058882	-0.24517325231573875	0.4752606892241585	-0.1088384612766386	-0.4366972025758233	-0.24700346362699743	-0.06766528989400963	0.16006098873511604	-0.2582456587520798	-0.4974166668199495	-0.09851028852766652	-0.13778261504210537	0.3274084708788934	0.00047534595855598145	0.1650416296465238	-0.11851306027728814	-0.06156971024928777	0.2804357732956548
DTXSID60500450	-0.07323032346895615	-2.7290821131154313	-4.631216388445485	-7.452230233406139	2.7345511105328018	6.869806763028714	-0.8786140654751364	-2.6906239251474346	3.8507826780735814	-0.8521723978608309	4.662552358421835	-1.884486852947294	3.084348171664515	3.7833130736529004	1.46873538167204	0.05541939586518842	-0.6962444747576113	0.3615064279424495	1.5877073209061041	-0.5736563161540172	-1.3256008309324356	0.8727693493692575	0.32581068985073836	-0.03266808438967646	0.501082713839958	0.6808656772082169	-0.009238517250828495	0.11766247516177007	0.17314024103987224	-0.042199567081426866	-1.0468988684026812	-0.5248096377629995	0.17265847236813747	0.6072232842453651	0.2588325916502772	0.2887940750970567	0.4243408526384429	-0.14524368908515786	0.11857487505658401	0.4925114160841593	0.35985617981668894	-0.45245464034820865	-0.7739111663874264	0.01591208704269465	-0.37927081188818756	0.5625925747144872	0.086147528751752	-0.3098743103172691	0.028360483770358456	-0.24656907770672515	-0.01582721866448902	-0.12114860591010067	0.08607164726707617	-0.1295571765939826	0.5699135838097925	-0.18193848363214227	0.31497735452453507	0.21872155598557477	-0.6512720942615624	-0.0729330469957579	-0.4180472740171276	0.05554063513191267	-0.06867412843085577	0.23808000987489164	-0.2857795451219142	-0.41044746337064303	-0.046436614315504256	-0.03374237659513397	0.14788923841922288	-0.5476116188601815	0.03789043381456698	-0.13881033081162183	0.0410534048907339	-0.31578029710692296	-0.8286585677646615	0.9857001694157445	0.3502379945751395	0.25908199298074563	0.8894595267699926	-0.9795181155141106	0.34805127733924146	-0.03506533399630152	-0.2541949144698566	0.46598366427965715	-0.3019995140564568	-0.08674163360209808	-0.2477278912584448	-0.15309155530434787	-0.06805863496859753	-0.16885481583428866	0.7519241710786777	-0.16000183714464414	-1.2866086913944759	1.2472005662630195	0.00784277243766716	0.44092730901105615	-0.1921193065072937	0.32278992123505246	-0.21480553321033574	-0.6725739637271774
DTXSID7027835	-3.5506040562689027	-2.7731411498791703	-1.1536712713505262	-2.2731640563684667	2.121908533623883	-0.4861327441414422	-2.92797495887267	-1.6273330075583443	-3.224715770957775	-0.2513339386080686	0.9876046998317314	-3.186655741419659	-1.8467901159738493	-2.3110023129361865	2.2105515506872275	-0.03369678458672599	0.3302106568432939	-1.5294500750957243	1.3583526943468445	-0.05726499202916296	-0.9352453656086511	-0.43859130614370223	2.0723791339056987	0.43881498276355807	-1.3642287220694225	-0.6153408107178189	1.5828079469481429	-0.8655573391200051	0.4159134302907064	1.0453561888037552	0.7635349827319442	-0.35543494111452556	1.3878120248062031	-0.3993032506382689	-0.3900004177528061	-0.09761457891215045	0.37728537288416436	-0.9131241352159446	-0.06102453448775571	0.41616446447986366	-0.3192299364918041	-0.3159527426556379	-0.24642215339104673	0.9994714399870386	0.17698985362467334	-0.25571972967000944	-0.020446200375768993	-0.588758040639695	0.15027030818145898	0.8012727238781887	0.053749348130141185	-0.5895602692822466	0.4932595858541253	0.1864906223720166	0.4131913573154777	0.6689898365378423	0.28934992566905476	-0.7072305421449105	-0.3102833088093349	1.0285466653901736	-0.8073219236691903	-0.32169178141735477	0.3001532867026896	1.1799966282901033	-0.5479303179885795	-1.011025566222692	-0.2259144869883535	-0.7133095827480734	0.18920085869990635	-0.28709501008396515	0.27796561929983943	-0.7622102993415174	-0.4482504791638369	-0.09989732953338966	1.2437714505783473	-0.5748996207518732	1.1048479279765662	-0.36605021246779884	-0.05281821577185128	-0.22439611837248497	0.5955712582639778	0.6065058580878671	-1.114608881524886	-0.27675495559519503	-0.049667636436723825	0.4210026635694885	0.781226685708796	-0.17731527997503638	-0.23604940936443533	-0.34007177063125793	-0.682016005893473	0.4659349696069687	-0.09880225236685274	-0.39761950767961923	-0.9128488493957414	-0.30658958793987523	0.26528013327162886	-0.473695832155827	0.11837814427278018	0.24250939332855886
DTXSID6046131	3.483331957820094	4.520858807143597	-0.6586929931882864	0.0246046934333067	-1.6307591539337838	1.6738943989162218	-3.6375917899172903	-0.3211458589831557	-2.755512452625026	-0.67006173217702	-0.4425352228343905	-1.194396619514754	5.00224929590803	-1.3301183745119152	2.328924769882756	-1.2248564033706781	-0.5237031795471646	0.2612225934371798	-0.2179263815172632	-1.0773747928308348	0.188722610541767	0.5100519641699498	1.6738477381500627	-0.8294949327593528	1.0301390389898883	1.173972607957639	-0.3060325039911463	-0.13234719419294794	-0.9860037681673648	-0.24635301108726593	-1.5888826835221868	0.9712711914134496	-0.07103692084170854	0.9495219802660967	0.21353468468676343	-0.8931469888352909	-0.20765401265930677	0.028187397045781878	-0.16427652234232235	-0.5872664252734142	-0.16597589557797776	0.728612662863358	-0.19301528767056036	0.2586403423173697	0.018918683481860724	-0.5995917974031977	0.03872050039589235	-0.6263260997575905	-0.2666240059520042	0.12595619676857123	0.08245855228698054	-0.3616412232251305	0.721399772611928	-0.34354590734827944	0.1365533641401933	-0.2602751586930469	0.8826261921488687	-0.5928035119534671	-0.1324344234355668	0.3268485249268604	-0.19984939771047172	0.04341357382011726	-0.562229212070581	-0.20947470073366917	0.3539288490972336	-0.27796609058204713	0.08306438758707846	0.17575628361611406	0.38611700574071384	-0.2925208943974701	-0.9773047024438162	-0.5624577543111257	0.23569847019912835	0.1026464269412205	-0.7365643878866235	-0.0432411406275385	-0.57147154221614	0.1762669378086203	-2.068414727776473	0.5626638149515679	-1.268344038344683	-1.7266887171115113	-1.5930650533389843	-0.2895218300604203	0.9759683552458722	1.5954339221361598	-0.2850563903652141	-0.1756900455997289	-0.2756022795756969	-0.09087089393893232	-0.087257842604567	0.25725115609730903	-0.3091188754512373	-1.3403063545343823	2.082439896515452	-0.06791031765932169	0.6378426228422679	0.5484302996886972	-0.5157842466935861	0.17460585574597773
DTXSID7048669	6.126635890110203	2.9869762576891548	0.1500796958373507	2.125275615359519	-1.6650434193074006	-2.550604071649907	7.243857157228246	1.5832789182849987	0.9133084038036549	-0.7413239713708007	0.48467047321427265	0.8262542338918455	-0.6299210621214117	-0.06926834366900914	4.961211322188211	0.04427273399733278	-3.052893632088564	0.6880718485176256	-1.7693626418623418	0.3917807375811041	-2.997104389296928	1.4287697588988202	1.599940934485855	-2.5335531646886276	3.9054035478371993	1.2298564995412709	2.369717604832182	-0.16710588148419894	0.33519612523265013	-1.4827616279292108	-0.4974543742269384	-0.6929051821156946	1.6714406954165633	-4.606523676612271	-0.010353906417089633	0.5747918900824596	-0.3623222336280228	-0.7940083982654633	5.379597192684563	0.053524054998124675	0.6638220649784554	-2.512648838770515	-0.3658804514825347	0.035336686645527284	-0.07808333437347911	-2.2372860627289897	-0.6121275752689819	0.6078613265009217	-0.2340960214709818	-0.9658869078598115	-0.03206224496102785	-1.1182297081957713	0.5907880112762897	0.4400213927724012	-1.637593446845854	1.9605156948495992	0.05013256676194607	1.8078345000906995	0.9787539051175488	-0.8622217162979423	3.9356420686343125	-0.2671145425916873	3.8827962939366207	-0.8767950691206879	-2.136922563321103	0.6751481971979617	0.8114792366584109	2.927151093948562	-1.7890724684764232	-1.6200890214601427	-0.4182387574137758	-1.632086270059492	1.0293626450580153	-1.0965661332823309	-1.8136029694715303	1.2444852544444809	0.9513963817581249	0.03336296370849254	2.556702001412237	-0.176070502521627	-0.34772120008031665	1.2825210536617535	-0.6258580272671638	-0.7313623520435464	0.13299478203608084	-0.9553345449104466	-0.21903538629084196	0.5821392573316428	1.5989401081750796	1.2898936264541758	1.5170731966659923	0.6251569640256803	-0.26079085034041627	-0.06690446008750593	-1.070482571491995	-0.6138943938511185	0.7972762927812854	0.04445890988562402	-0.609038521189407	0.4267202036289896
DTXSID8024608	13.944075682698065	9.222509741959453	-1.407966129237552	-1.1974690820634266	2.193445304172528	-3.6443870919154033	-6.795589332988714	1.275813196397877	-0.36823260197427626	-6.216097712960771	0.7143447360798205	0.2503302656082433	-3.970092552356178	4.336194720040136	-4.720775542643411	0.9523662890325922	1.178307334603019	-1.9664864088846932	0.6214935226356557	0.23306908437876478	1.4609088256872964	-0.09350839904449691	-1.4398197348040662	0.29958314163485766	-1.3883530973383271	-1.2680231422575003	-2.4765027942463975	0.7024839403664713	0.36462238259774965	-1.4597117380554636	-0.6960673052490232	0.8509359220996111	-0.27210637318179903	-0.6598848507859606	-1.4741220001507611	0.8369375264027449	-0.5231045843968032	-0.8881062357064189	-1.4887721764632182	-0.32194912946211274	0.5943616387832797	-0.7421119682487162	-0.47273700854229894	1.1319323866134912	-1.3538050269034905	0.5640663673555699	0.7106989582136322	0.6808068753283422	-0.535196296232927	0.39736129079996135	-1.179317616054109	-0.1437408893378354	-0.47077310093922486	-0.8253494816369551	-0.5657299855341441	1.2045671855957132	-1.6782035045794317	0.7857601364603591	-3.051550539318432	-1.681037654420102	-1.1477095436170452	0.17148142296006283	2.3378602575528347	2.257234816887184	-1.2165371322140959	-3.926515041631276	-0.6860375378901141	0.10327227242798896	-2.024919331649158	-2.3104272552400054	0.5581101214152663	0.5158885355245081	-0.10428007041431127	-0.019414131074581308	-2.7594890123054157	-1.136293236981283	-0.3624370826273839	-2.9448969648910586	0.6421816506015608	-0.7342776640522747	-0.04220154421592948	0.9093280530937193	-0.33540775779601906	-1.6205744812109861	0.5559817963993234	0.31947095862959357	0.713641926264393	-0.33419679107850847	0.18456044298038576	-0.39191697922999474	-2.341421872728502	-0.9473964973685086	0.3428942173252398	0.5612064693484031	0.5873436714915208	-0.056338254441459415	0.8193926487125373	0.9376562070024191	0.9639664305619245	-0.5627270990763172
DTXSID9022520	-2.8709547895802294	0.9506265906440013	0.6165790400952195	0.4474504388348501	0.2919693130344429	-0.7788465811125695	-1.3947841855465337	-0.30130955655309055	0.30420962139815017	-1.885410521351762	0.0854851546872833	-0.2580901842737973	-1.230409277094132	1.0750986515237333	-0.6173330755602014	-0.0669667971143339	0.7458262542320301	-0.46451741863222207	0.06186663223593009	-0.6359409471200437	0.45598319606421517	-0.3826648656076909	0.7810032234891178	0.3627387860786173	-0.26923151779787907	0.17334734147599248	-0.5032433606282244	0.39520092991086375	-0.08731082635664932	-0.35423528264043624	-0.32746403959524034	0.01311265314378917	-0.4892741284201201	-0.5321086013436866	-0.3103504246033923	-0.33784642453480174	0.18564749365772057	0.2623945143878419	0.016977410270320712	0.3587687531630474	-0.24368198269148444	0.13779094582496726	-0.0966965816955636	0.45048687686193334	-0.45271578355287256	-0.02677412484338394	0.24254570164674644	-0.3651841395523123	-0.03907038128355917	0.21857524328920325	0.11909840294854841	0.08981279956846519	0.20853945686150632	-0.23477332731939718	-0.0965041674427409	-0.3171663937988151	0.008599942164682831	-0.0928771666241161	-0.11242134427981319	-0.3225075403782544	0.44903693788931637	0.1466056898149469	0.0787152428062994	0.4752622966824588	0.03288337307718153	-0.43167113416013664	0.4535209250227652	-0.7082658747512831	0.039170233443867136	0.27647906705381936	0.2284755965088676	-0.29923083441474535	0.18383279554021914	0.23859113667623796	-0.488049290282667	-0.08714312208891253	-0.2060226171276834	0.014045447181726766	0.10399586496071324	-0.3756837663531655	0.24958191702833882	0.2982671487361748	-0.08886217952297032	-0.3579132515247124	-0.1197529344144554	0.05584164483196526	0.1539661757697132	-0.6317932688460242	-0.08061780319420575	0.0660447364682748	-0.2142531047384965	-0.25935244326758783	-0.023693074784396757	-0.042894733135195234	0.2786481491313458	0.03794354788170258	-0.24908906445653428	0.09891619038785943	-0.2609078668566414	-0.0822514394432781
DTXSID1049358	-3.7210552735159013	-1.8184266454285918	0.7554370438958897	-0.05276290493178681	-0.9866626032364083	-0.4357036563049737	2.1208954779960822	0.8866854838702803	0.059458481348359134	-0.4073945408663966	-0.034752309402983975	0.3554714031226413	-0.10291152345675887	0.08069177796769615	1.8176831725376366	0.18865933420675185	-1.15198901335175	-0.12844535147590463	-0.6330899316916934	-0.059125054037884046	-0.612614466436058	0.0015993955583273962	0.7814295636032089	-0.4327757770705879	0.20427086105829703	0.1686270954232689	0.6837859504392312	1.0391831513417549	0.09912728296999576	-0.19438365954712275	0.23048492694744843	0.0574797656201698	0.84896098456834	-0.5562992396253618	-0.49196443069717166	0.006382170393480013	-0.4382444485993317	-0.6032874844857823	0.033590127573851485	0.06910685288433097	0.44229791756921216	-0.26567186192530573	-0.4586146104002435	-0.032771012209857626	-0.2976983333099568	0.12856514310763162	0.34637301553897093	0.1112216068518123	0.013242110130178961	-0.2513934139906544	-0.030789115713539216	0.018996203157320833	0.22112375393560157	0.18712656693481824	0.29760792547147547	-0.39722002184847227	0.2261286740550886	0.457375732843198	-0.2029682290681705	-0.115100350565293	0.06478863453285545	-0.11263640835236183	-0.4463705673640671	0.5524924374530541	-0.30774789291599264	0.06815753519554625	0.2903727094657625	0.1549568813264501	-0.3507138575901037	0.22219518403208333	-0.3183066011737352	-0.012000750084330524	0.01166770712618226	-0.7861437553214147	-0.32707766900499513	0.976400233344643	0.25668262622047877	0.7906361234199396	1.1164324313245633	-0.6403328481344905	-0.2461212738025981	-0.2426158178109547	0.060520175925558084	-0.3202741431339379	-0.5449759568834743	-0.2497814364843398	0.1992482025363134	0.12668736491369392	-0.1599356192630182	-0.6782151027327646	-0.10275041833771759	0.21145546736926807	-0.04748906129792832	-0.3486049431363151	0.41216370740748426	-1.0025362651980834	-0.5574452100606608	0.34059504780088456	0.20690702490291188	-0.34251423221588706
DTXSID3045144	11.41729367514939	8.722237096000983	-0.9813368599147133	-0.6650151910910708	-2.6505977890293484	-4.512043580460721	5.6944693677186775	-3.3158006399171236	0.15600983566481652	5.4473115881052525	1.864931708011253	-2.103934208249081	-1.6726497350209404	-0.7415323109248866	-1.9961588375599006	-2.793399993548819	-2.9124426839402027	-1.9212458107994062	-0.6265876243165951	2.5590607884896253	-4.475971580251183	0.09917240937400837	1.3913900737598848	-1.5499301064251134	1.3149143458155113	-3.2921949919877846	-0.11158968702416273	-1.0117803960467888	0.05402107736560589	0.9769842920969761	1.0371347611424648	-0.7589767718632152	1.8010705009053738	1.0387430477522346	2.055377359386485	-0.08141720007198419	-0.5258836724181217	2.2118457017383806	0.2090712921299155	0.24400173744696665	-0.4441229669161387	-0.6156706332596089	2.174859866657398	2.1776514217583665	-0.6830915224343815	-0.22763846824271167	1.2341882171776075	-0.03041967076185282	1.3324082491422697	1.5131793334385741	1.0084383460648991	-0.011562442394272253	0.7308923219553161	-0.47702688432650436	-1.2239815745612326	0.9901598889824064	0.12023608397575813	-1.4561417277777855	1.104675534446988	-1.4553917049512872	-0.5640271928698388	-0.34412762673530267	1.5604629358749702	-3.1697141795360815	0.8265710032320008	0.09583523709387405	-0.3574675843522543	2.9090963761286965	0.8503705218854866	3.043302500876373	-2.236818703745085	2.393739442801107	-1.6608970848433562	-1.335921862041737	1.4508252206299042	-1.4047598815567088	-0.9548671888887358	-1.1483119218950544	-0.16279763575524592	-0.4891491725676621	0.03172846048291303	0.6046825559987301	1.5562152362472803	1.122779026319857	-1.5854606543351528	-1.4878765211807152	0.06302268386294162	-0.23081510566951846	1.3337475676796278	-1.0819621765945169	-1.3386168730795491	1.869301174672572	0.3878915506461491	0.5487788607661812	-0.9257489629400064	1.2840316523691342	0.44912037606889826	-0.6801285458606038	-0.5507640153039614	1.1936520676017057
DTXSID7048661	-1.5348512565413992	2.283064039966967	-0.27277914711208917	2.1261909408186264	-0.0675549242860461	-0.8208269709315889	5.908538441832291	-1.100878681483699	-0.8074545838821614	-1.6974303201939356	0.9315029510935685	-1.1587772850053861	0.7573072156829492	-1.6874524332564707	-1.157239373683724	0.9618136525075448	-1.0263739151216804	0.716335303505458	2.2378933274375	-2.1543432301740055	1.457015783741055	0.231569726821846	0.4235198741658303	0.8281098729201863	-0.5155941561582063	0.8132965393781008	-0.2946529580683525	-1.153609273628167	-1.079306658138046	0.21725720895631626	-2.0825127475492335	1.4139760353856714	1.1118655765710004	0.542255369811057	0.4879623075790621	1.2048528128678093	-0.9516158031835745	-0.20700768537136144	0.02676578268809114	-0.1356824750612349	0.526291632772026	-1.2679206880217693	0.4342164440842339	0.05965674140546439	-0.7528437146133903	-0.6144291385544085	0.6972780093212143	0.7139194625523355	-0.5229534467578925	-0.09036610924154562	-0.6011683047652429	-0.11344718355626157	-0.27412239419213325	-0.4270851867354249	0.3514353061696033	0.19102769575360384	-0.1793050788543163	0.4109429823656809	-0.6592003449220885	-0.4192556065305166	0.06900195551339572	0.2425469248982385	-0.05794244945416901	0.6554660236836588	0.04414112715899147	-0.26839678808057205	0.46647245684049043	0.9085198058024675	-0.5015813539963777	-0.7473479081776798	-0.6665741026720556	-0.5675152779050944	-0.2852582160803472	-0.7353547549996358	-0.13221985670257208	1.0743228657386246	0.6123209587199694	-0.1861527048538918	0.2045843046422558	-0.544321574750072	-0.39794821879950104	-0.5836818314580211	0.27076469814451926	1.0931109410742519	-0.5351565273807991	0.7244897952917488	0.25900120308827734	0.07148741039947806	-0.7811561655764723	-0.8082032283883194	0.786060406446151	-0.2799080801792456	0.2486294856901144	0.15763210961327892	0.3141730858613681	-0.07975694797107814	-0.5660378017987144	-0.4256052090340501	0.00853597843106867	0.07693299122206068
DTXSID5024922	-4.295392859488658	-2.6358691998899935	0.786629725711068	-1.2499411469410866	-1.7374677626868014	-1.7168797056299643	-0.5439664349312405	-0.502656189843534	0.42177239422646706	4.19146062055518	0.12475442210842001	-1.0765264336963702	0.09453686047159415	0.2321083993544518	-1.38097537527233	-0.7884947364885936	-0.7877312730771593	-0.24196837365645288	0.6416776031167182	0.6742640808789722	-0.5403674073248945	1.0470672161882222	-1.1611535405259712	-0.6236457481020129	0.03891726234998758	0.24760919842904427	-0.27143428568740136	-0.30735903918020246	0.18466358418062417	-0.317623595856557	0.020561096544804938	-0.11557928658786307	-0.6647405959691517	0.5226450825311392	0.23158761958909516	-0.2541861690858374	-0.05563381422984596	0.02338708839120375	0.4229389477406278	0.32614675439571317	0.30947665730349005	-0.6523430291439384	0.4069231884953211	-0.3279881021138914	-0.018401794862276635	0.1807592705204458	-0.5184344102598615	0.29685779833272086	0.22884731181077386	0.06713303900131809	-0.06647039937902421	-0.09034865208924489	-0.07140384357392322	-0.09941029007458768	0.16409608622003627	-0.013502211965165472	-0.1592645678529688	-0.08299976594063617	0.3345357185581794	-0.19796483436689385	-0.22862292725686767	0.1686324489167399	-0.1271192305095262	-0.0767646136723867	0.05392645213570043	0.4068487558254286	0.31126444964041033	-0.1402782867168172	-0.6932640093890455	-0.7826008563016693	1.115510815150965	-0.25804008978445564	-0.016461524534571337	-0.18297837814470463	-0.05028624339322435	0.05067661129552739	0.49258925770255513	-0.7476698592859965	0.13038491768561455	0.44646115110283763	-0.7329853887808041	-0.030817462803861134	0.27737142887554156	0.5478357859126608	-0.9918296655395964	-0.012010322119655996	-0.2760888449258573	0.1771035258274158	0.741050119786422	-0.940770970304876	-0.0741091615577913	0.46975616200591913	0.6183608007781973	0.22754461978844334	1.1531353400057622	0.4528173928197328	-0.31746146480918885	-0.2765089563234959	1.010847531742014	-0.47404811484286535
DTXSID2046709	2.628838120188942	0.6455892364324001	2.132022033988814	-0.13286406790895908	-0.6819058428791462	-1.363256834401525	1.2083571496853829	1.64901562909262	1.519873202535823	-1.523496647206244	-0.5769836026107614	0.31627118957200734	-1.1013567106739754	0.9934435838180946	3.3129913091973546	-1.312081141136102	-1.5742459201989876	-1.3578207493157823	0.2779910632651032	3.6168521686166417	3.2483289213850153	-1.0020879235920905	2.941405347695759	1.4933371490487357	-1.2516530010275533	0.7619073853595948	-2.1310027329255723	-0.2608138941572973	-0.9630120550360004	-0.7173446003331351	-0.49795323087745225	-0.3923884668647515	-1.1655419499272779	-0.8505056498589992	0.661991392302741	0.9580402180893864	2.0349008664294543	-0.10136213292451111	-1.308639112440651	-1.7321468320807567	0.7979204553279774	0.037551644516053306	-0.7237223723247771	0.8690134644974941	-0.1500483629816485	-0.073501605315936	1.2238605592888774	-0.8327380444442355	-0.24462019317812705	-0.49032611696504447	0.018497299938031755	0.44752914314553305	-0.11258081010803027	-0.22678830577056694	0.15623753954986003	-1.728858092267388	-0.7490349551794452	0.3066735477890041	-0.4963216775012464	0.5788810314893059	-0.32387753186842944	1.8620430810890485	-0.8657521484536097	0.810403318925747	-1.298407393165553	-0.9494521676349068	0.9142306663026607	0.8431704256184175	-0.1818490749751039	-1.0158240175094315	1.2847836476660757	-0.18582485970419632	0.77474482626771	-2.193508377841177	-0.8214447286342818	0.578863581950682	-0.6704722081169723	-0.6503682801872555	0.8472944325504594	0.39172902558184974	1.1641445110288897	0.5574183483701192	-1.1932738089537755	1.0753679128579268	0.1585377044507744	0.83821188553132	-0.4700841965466785	-0.7336790933524575	-0.46313864078080447	0.41331965312679614	-0.7276579193204225	0.28494745166042645	-0.3918619310989447	-0.8195595275053621	0.4379938047529246	0.4227948341361489	0.02747431863627362	0.34386123462116347	-0.5573690311828076	-0.07044531697921014
DTXSID4044820	0.12459099943055099	-3.1699897194033833	-1.4983824150359382	-1.886050030700428	3.3222741157169273	-2.4442474495699167	-3.3128501488695123	0.38220710010892384	-2.2542750504729887	-2.593911532980487	2.161450145234001	-0.8196414858130832	-0.3956637494328234	1.4030866446091044	0.267699002570317	-0.817231325718599	0.20850762983810972	-0.8602131827594331	0.7750997295829041	-0.17846721704908863	0.19749801836070663	0.544989945282992	0.4003599487277389	-0.8773385215988165	0.6575247906678925	0.010880255651011252	-0.92261270150887	0.7205535836993909	-0.6057444392750472	-0.36145367415343166	-1.2070144171373134	0.8544382177597531	0.6122996427775486	0.10206742916991073	0.31750328510319176	-1.0087158997474925	0.350069101418997	-0.24732048132835183	0.6538226314479094	-0.0866085371398959	-0.3779564465409673	-0.11304277368066486	-0.3325440507580238	0.1560004548090529	-0.3130931247013268	-0.28618432814354905	0.21229380203825204	-0.28992665859256633	0.08592875771569533	0.25433861401478197	0.003058305241348041	-0.06816574124237416	0.30775120425428565	-0.4426343692825908	0.2591915945423861	0.016620471698581326	0.20343824779096872	-0.7580974656789282	-0.018343467130160822	0.2783525853202955	-0.3504770155113501	-0.03196324695360157	0.5442683356224582	0.5906106568107469	0.08553843004740871	-0.7386102794739341	0.2470680798479115	-0.4599451827999245	0.6238062437486591	-0.07664246413137704	0.21375519584862945	0.5288413083447718	-0.09599272135949913	-0.13624970474610806	-2.5224859810019535	-0.1694232561700077	-0.67007313804917	0.19727413993534093	0.14423877628527038	-0.10576348955946095	-0.2961178422730695	0.34339486701999367	0.6084026215416458	0.3436550240870443	-0.12171918131020788	0.05236900544822863	-0.0199304276507558	-0.4780576889676707	-0.13610541621006378	-0.04597985989683126	0.22929047516870674	-0.09031902580996695	0.15833134958915626	-0.1542709531455998	-0.44392002180886625	-0.6235128194881355	0.3563715632231869	0.5066441764284847	0.1441960824347682	-0.058635278209877115
DTXSID8048787	2.4481024879028217	0.8899437730909466	1.02228086823229	-0.9525526528821405	-0.32139991059490886	0.7831482224429053	-0.34539253143995596	-2.484654909235263	-0.4741974002415878	0.016794555083002604	-1.662028583069905	-2.0859489187073756	-2.2749118819913443	-1.210313001034873	1.1251206703693064	0.036856381073795415	1.4359557039559323	0.03967958739120717	0.817515919858674	-0.9418765024952752	-0.4595439403695077	-1.0382775435463036	0.4550437601110937	0.2403524588870653	-0.03267493229121253	0.20624621220185418	0.03766761592645579	-0.8992897325464276	0.23822800382167916	0.2244137923898394	-0.5231817582643684	-1.0433628109212547	-0.30553932290117825	-0.06947356865436412	0.8870005144547295	-0.2957349481201889	1.0877053622099144	0.6031515008395555	0.21043866806758552	0.6261261709910612	-0.005191102257194951	-0.27724190898186685	0.3729373401550008	-0.15344987629524132	-0.061720785097014695	0.15680643309994113	-0.4619079734790297	-0.41526200327579776	0.4134734429314484	0.2573481170755157	0.3605431210466825	-0.09712679525395497	0.42535594723486214	-0.32742570644344976	0.22993519450814434	0.1871781034027571	0.2331393419865462	-0.3472161933750857	0.9123375682716214	0.2519749196135127	0.08176613939118128	0.47653937195514706	-0.3437776623499941	0.013823858713375818	0.3591828322110858	-0.48161729636044165	0.30834477038767133	-0.45100425849787756	0.21498874200075765	0.5833729620043657	1.067446516225217	-1.3971798658629548	-0.4459109810335703	0.35639590387318687	1.0390251711459926	-0.044374600743053445	0.4199068066967208	0.7496741367837048	0.7563777250879885	-0.4190491905213231	-0.02547314747646561	0.6152660553558018	-0.07366256922064335	0.25291258498056274	0.5011393516214623	0.027614544694926753	-0.07907677057061586	-0.3821440692643812	0.30373101396750096	-0.02942120164241951	0.7501860411155686	-0.015903418209097273	0.08843862201614305	0.7652233813641395	0.5125932054166603	0.6692447654345838	0.3381228599293715	0.7177491307244559	-0.7522527863744762	0.46930941268822823
DTXSID3048310	2.115012328775035	-3.094849163711824	-3.394602928081724	3.9010394122005834	5.488035344992354	-2.4739683217870407	1.0512412321339089	3.696856422141533	3.276508013102604	1.8726838259601408	-2.4668462607205313	-1.179343387069035	0.7214116394797322	0.9181087188760542	3.0815929139007743	-0.4417265326411463	-1.0025249606608808	-1.0476659722375363	-1.791034837045755	2.3742391066873365	0.16734719639915882	-2.0162777912371808	3.857139428836135	1.9488708254282987	-5.315297206627015	-1.5490519021132547	-0.5499180083043003	-0.2417772452362069	-0.12713638274313194	-4.027501857276238	2.466949566122607	1.669287226378578	-5.39971391484998	1.1983892642512768	-1.819806861571933	0.04873167035053397	-1.7944574684515053	-1.3465945957078622	6.260134250629674	-5.120968232901927	5.4135285648768745	-1.3937295792861908	-3.2373354147197437	0.11528140733018137	-0.484586698212286	0.5995162681100994	0.8729853184426523	-0.6896168024646095	-1.6469332684638736	-1.4548635159199597	-1.7377982818870714	-5.254483741049048	0.01549506977829017	-0.912476978381767	6.733383139253494	3.036509856318518	-0.3348248632373072	1.8066051871237399	1.2603630227981557	-4.312333334144505	-4.821947061691908	-0.1436003591536917	-0.23899512939843398	1.0933800019888906	9.393733118976275	2.5890661969657485	0.0029790859378519548	-3.319966816546164	-0.4625243682739008	1.612858617363903	-0.6279415932248947	0.5087265837111082	-2.1251663136709045	-0.6143678412976312	1.905253720985252	0.04063356682821784	-0.6316109135461551	-3.7838340961403087	0.8014466049789094	-0.37599142876957703	1.8952519086761297	1.365859296269911	0.9733972226749841	-0.15607778043091272	-0.01965030600230277	2.686772733773294	-1.8170912558227026	0.8336608223508709	0.26320577218808083	1.7625609552500003	0.3878325839064771	0.8042875796537154	-1.8363113751295617	-1.720273356644371	-1.33283729751837	0.6469191149631107	0.2450700918750375	0.808603163742218	-0.8818403915972892	0.4572481831553953
DTXSID8020969	-6.968033335541721	-3.7335910212124572	-0.42198319514270655	0.2461403136173436	1.328360698414669	0.11726991675171633	-0.11023163582892757	-1.2228280800321605	-0.3200485912545272	-0.03834369044944813	-0.44418968823346805	2.4070881698342146	-0.43056253622448204	-0.5404984960412119	0.7902959487908271	0.04775400001769515	-0.19023640367446973	0.04733517726154122	-0.46783419982067787	-0.02051262846411133	-0.16691973484340433	0.02214148315315399	0.28733676473914055	-0.29300286689346133	-0.06471516117808092	0.0751157538390782	0.44477244614196165	-0.263115932291541	0.00780381857168673	-0.0883969957893167	-0.040106736350020294	0.05950636839497989	0.12825482951628894	-0.39373659596723404	0.029453842981676755	-0.2787128854762016	0.33284014159930303	-0.32937838413007403	0.22404538367115928	0.46543884562677057	0.14830756038796125	0.6603395243439965	-0.528684258940547	0.4580055812166368	-0.18984501883628607	0.1463934172768959	0.20073116423234352	-0.2663877900614656	-0.02829489308708506	0.13654793499004245	0.24515905803719018	-0.08508708280914773	0.1656914350887756	0.13816158960455677	-0.25860871350309933	0.08670448620490254	0.3598302156432124	0.22658370361316132	-0.11911036714941538	0.26423049928456993	0.17686026484245773	0.3656309642264893	0.05772231214728596	-0.07271161246302854	-0.29491393843052643	0.3400742640184831	-0.29261577861500837	-0.2724556630931388	-0.1886674726652638	0.7435861509451539	0.09179953218518314	0.6860973891126955	-0.1401033901127042	0.3257925985478598	-0.31049483422414553	-0.24647827779427173	-0.93081774844206	-0.5026972463078541	0.6032823498152884	-0.37210135506122033	0.6804207492998232	0.05839910302118435	0.23915455712868883	-0.9699227404541115	-0.08441407329418052	-0.6599402738825751	-0.7086818309226164	0.1864005343217886	-1.065899293996716	-1.1339139697999217	-0.3364809096779082	-0.3733184470737861	0.059573042674911356	-0.5769659636564785	0.55229708030956	-0.07340909058034675	-0.2547024517207569	-0.016293613118385317	-0.17636336726443952	0.010433917300698052
DTXSID1040326	5.7412444074944	0.8077142507710937	-6.228494140017194	0.9475346356738262	2.4992048019705626	-2.3412312712521866	-4.994898000743063	-2.1333464169050895	-6.402132177933049	-2.703366023934449	5.877952903822689	-3.0837013439540812	8.436081067600888	-1.0070175251304783	3.213019986321863	-2.146717697717791	-1.1279530660988493	1.338049648057268	-0.6439648724199312	1.6444857404679765	-0.9673409834881391	1.2911750206488004	0.01233439882861308	-1.0672868266542428	2.0647037990230808	0.6822636318541021	-0.3660852537175322	0.6939213638679786	-0.29176120475933276	-0.2252291050739784	-0.11946731036455177	0.18953573874002683	-1.0259275904040415	1.5439095292945886	0.3972878456836613	-1.9057362819087151	0.9084134058801785	0.34439613921906775	0.21264989687167643	0.38243978399863077	-1.2197812990189192	-0.1810399312331278	-0.8282049470354401	0.9718284878826611	-0.005348734434132845	-0.57072330419265	0.9814153169848822	-1.8144484608554141	0.6833272550227972	0.6186436660274526	0.3592129161542134	-0.8401814376701068	0.15160080354682184	-0.725803612597288	-0.34342218031262617	-0.6653916861115126	0.8024495131418221	-2.3434354128457344	-0.12166546446376326	0.14810546164846086	-1.2717257600742482	-1.3135892979161563	1.5906777289320464	0.13247915569702706	-0.2549726531791112	-0.055414182197279185	-1.1615979215154468	-0.7051363037617341	0.870393448972575	0.3714454525870346	-0.5209965317035096	0.7058687586820512	0.5408781449801834	-1.179995681822564	-0.16233020112876456	-0.8244160641014975	-0.10226017053155718	-0.5038166390146009	-0.15424021762662246	-1.0780164075170284	-0.5276492625930936	-0.23228621838812719	-1.0291833771647214	0.5300143362659631	0.6722792064530635	0.2928043955306404	-0.49188768505384	-0.05193260663032832	-0.1743189142662063	0.43175563252004245	-0.3672557711734813	0.19951075806286242	0.047382551699802475	0.5759890146473525	0.10903281178430821	0.3854511178193801	0.18142088378270593	-0.18612877370221095	-0.04208266475297381	0.490565297578367
DTXSID9023170	-1.6710429951020735	0.3934251635934102	-0.3046651822840821	0.9401383862701603	0.316815390506175	-1.0882993637361658	-1.1537788706048524	-0.06384070941244469	-0.21512617776898166	1.5193958542898212	-0.2993082547118089	-0.44560732387975005	-1.2961752392612131	3.3389333084912116	-1.1379911042341198	-1.4021789950845767	0.454071706153659	-0.39502963748634834	0.7118538289409128	-0.1184016940122117	0.4920003199289724	-0.10782400982316588	0.22916830628447296	0.11521753840088564	-0.26580823115989516	-0.1956750442381954	-0.99135193419185	-0.596373258346779	-0.22914546367495636	-0.08223103244073868	-0.06452010600695568	0.3154511090016826	0.03012978741292032	-0.4689739993496976	-0.7580397380183125	0.4882941436832103	0.07057324411169967	0.42011700896007287	-0.5309973395753507	0.29657159125605004	-0.024711013669699373	-0.13384200981251135	-0.040994330022673046	0.05886084909096816	-0.3315855114997214	0.07593069703622507	0.2819785486196207	0.14504621181258356	-0.1797666845324254	-0.035199201071854036	-0.2996193227805295	-0.031418598274275476	-0.023680790547676123	-0.2821417197005519	-0.27353710138021037	0.3044547135166268	-0.4246146828057411	-0.052176460557874345	-0.7557270863660501	-0.32386890888698927	0.21064114718910248	-0.15139808686812994	0.6860297690850677	0.5259711630874833	-0.0411969588390959	-1.1962086577987079	-0.038876799317067126	-0.32701268602073724	-0.26115222495388135	0.4001566096329594	0.07817915622834494	-0.2908606894689378	-0.02432898191752066	0.07224127062415764	-0.2987076024593138	0.25819512918848064	-0.22537397025536357	0.20051477910859294	-0.22769159267739145	-0.4265385152083406	0.46053563948288706	-0.173391074696564	-0.4978558095550483	-0.2484954269016967	0.2993352415363057	0.35634810009458995	-0.1165341321509554	-0.42775786796412013	-0.3113046390757326	0.046652377223331175	-0.16286933689573088	0.3106720806152588	-0.0400457597244163	0.24283337066278202	0.21422715169726922	0.1737399250077262	-0.16040419668309097	0.08401364770624856	-0.00667895392545221	0.04312791088049415
DTXSID7030432	1.4216832377288413	-3.8851480037497477	-5.628541087809064	2.73262235892192	-0.34474431730400135	-1.8640088555432357	3.9572418423161766	-1.0703518686438926	-0.6793447389687791	0.5848205489245675	0.1832786239983514	-0.38576105774022407	-0.45963294489572964	1.3555513854539416	-0.5710076633590652	-1.6380263548908838	-0.03231700853349415	-0.3563133379371358	-0.942385586719373	0.27124178990115333	-1.3740973640083698	0.05335953584385296	0.3513391890148604	-0.45010990446033416	-1.1175468180699597	0.10637166200218637	0.2991238948190579	-0.4426736306516429	0.04147917153694017	-0.05906750873441218	-0.05303867541716393	-0.1464650937857676	-0.04670038282315057	-1.1780388597590934	-0.4971024246169897	-0.4412163299772733	-0.2574974631451681	0.01194956407738048	-0.2605707199885491	-0.382619133431222	0.20079202860665013	1.2495192332783434	-0.3488552381570067	0.009487332803220373	0.47185093756533186	0.02322659702759823	-0.14656006282667075	-0.17860524807033973	-0.34051613429906075	-0.2807890162155757	-0.05937660606904199	0.2150160003987506	0.006661779266654828	0.16836992501168163	-0.7186102663687939	-0.11841374010227836	0.478925602245412	0.4892411767021744	-0.48120060250133095	0.7533969730984282	0.11688539861242483	0.10823567381171008	-0.7556097174613134	0.2544724243510726	0.06651970997373959	0.23596305525009129	-0.27050067284429274	-0.33210635252743637	0.6927973441993581	-0.4828580908355971	0.21619444375867589	-0.3615712860699403	0.14303089191334903	0.5556646625525802	-1.2056233759646982	-0.23041968662612566	0.0019335593354469652	0.5674369645657223	0.8741211049663495	-0.4445878913537184	-0.447108744993955	0.34481265219642787	-0.5206571290449203	-0.735833286167753	0.4781032934451925	-0.06509483617873954	-0.4927673165436807	0.4259340192663158	0.7164576428127847	0.09582993580422154	-0.6342313362443907	0.2282796687969374	-0.20502632601747983	0.14004072200242326	0.14751042917570825	-0.8227851675802518	-0.17606839891698398	-0.10994710908055996	0.23818343836059985	0.20438129206674766
DTXSID3057858	6.17075177198836	0.8811837009206163	2.8444575342865246	3.188271995947607	3.0507240498094035	-1.574554010032225	1.8291890486550006	3.0425466872526195	3.005642178556571	-1.1069090495568035	-1.0588987616829204	-0.6250923655413398	-0.48816969646162095	-1.0379872215136623	3.601827345361499	-0.8404641151036005	-1.2207027646951805	-0.24335814676374895	-0.48787866150757514	0.3867173780311023	-1.6048659220260044	1.9846712268832298	0.28768472185037697	-1.2649006426533091	1.9288007778466867	1.979472633680848	1.9354284083147526	-1.3102474806267776	-0.22215824255918443	-2.0334768877316947	-0.1783552706533686	-0.12271047658052535	-0.0544360532775774	-4.300947455009007	0.05332333305934069	-0.6253815816516795	-0.7678793749903303	-0.012665163525903446	6.021179870219296	0.5854108148837107	0.8717003381504869	-1.0223898925861268	-0.4557213180929426	1.0807666045857705	0.008637821293651681	-1.961603938801344	-1.5114405196721117	-0.17882683839372382	0.03658160152428314	-0.19907962490469922	0.39020424534165465	-1.2872153352480844	-0.020180705896966408	0.6088508353956655	-2.1117557519096977	2.4145588980723596	0.15276513548685489	2.152253787282819	0.610017821961074	-0.7173458382871256	4.468182651223471	0.64611373550688	3.5325098134478052	-2.0208779188644526	-1.9436711615658844	0.18572669869187006	-0.004068883195711748	2.6273199640581457	-0.46182697013459156	-1.385026419744511	0.3939437577366595	-2.0390803113049993	0.353958910037773	1.4524134171381187	-0.793573892571255	-1.0467350522976835	-0.22192686130578748	-0.15527449404956675	-0.1945633748885454	-0.13154494212959741	0.7275284171303494	0.6556696286504085	-0.7382092795605613	0.5299759054099534	-0.8540927089610204	0.7832688187097535	0.6306849080623065	0.49829549147584645	1.3021707757823793	-0.4874501363168505	0.6460687774437593	-0.09222140126154989	0.24420598599523885	-0.5795832452558369	-0.5944406537238307	1.5184296493665876	0.6459205980933179	0.5930491823543194	0.06287736329721008	0.3441320801209873
DTXSID6044852	-1.5753484158769833	2.682195522728063	0.24146599057837015	1.1501702210991571	-0.29518931963994355	-1.7602789115771467	4.1771056777403395	-1.3225926167067297	0.071042627485533	-1.8897183288123833	1.6286987303477007	-0.4955533888343681	-0.08062397593153806	-1.150857994536429	-0.1492247408792896	0.06608681602800014	-1.8449831615246166	0.2831128070132125	-1.7018036594809793	1.5581938362995245	-3.250432846588652	-0.4635275410898736	-0.4002209250087805	-1.245135846699324	3.4334833521690293	-2.91630333351782	-1.2913550377810192	-0.32463601239336837	1.4635608542602703	-1.3113457239491024	1.4457423954680737	-0.9948984620000665	-0.5958262152825109	0.7356141504575229	1.3824902290996617	-0.6459278009459305	-0.3368161713074299	0.303371139902519	-1.6497399202390681	0.3086463130206259	0.947946911707985	-1.0033482164217615	1.7944228282757815	1.6672787830183922	-1.101222481354694	-0.08191606674470238	0.08183439684298882	-0.5192423078885551	1.0244098077590689	0.6901435307463885	0.27084872800379123	-0.9846329534878835	-0.06388460125607125	-0.9263154574203688	-0.26320505950123657	-1.0597508357872083	0.04599683851404477	-1.3501248748924335	0.6625860783095313	-1.5264360564758286	-0.8716188895554875	-0.3225447112712213	0.4325288005940151	-0.4476971124583406	-0.1582607136187206	0.5020245976501697	0.11444461493931453	1.3338124750144482	0.5861128452292268	-1.395396608386771	-0.39016138348494006	0.7341721603494809	-0.8014860384432487	0.7279128217170178	0.29570347333583274	0.1997677043447333	0.024704340138459614	0.13986789868838856	-0.6990124024544665	0.616341413414502	-0.6842940011438515	0.07990248590849401	0.21207869386874317	1.1814930847965006	0.13511388528262086	0.41975044688614116	-0.31859396056573003	0.15654421120328757	0.7765828705060279	-0.45533105147987946	1.1560142521882575	-0.13856868354148208	-0.71703130215942	-0.47444387132750987	0.2953034329285945	0.058378575425423136	0.42831763055527083	-0.4527485071426899	0.022618320293247972	0.937322877316362
DTXSID6021373	1.6237448090101438	4.078812743466668	-7.371603904590228	4.165418375762612	-0.6888408032155764	-2.1067133903850572	5.821020066339554	-1.6877648043141193	-0.9647042103269771	5.986338017061664	1.1955787497781578	-2.6905657854386282	-1.2368693502776245	3.931769784539354	-3.39555757345281	-2.863119766986439	-2.3002278937776914	-1.4650989879540768	-0.09588485190309289	2.8977970228622887	-2.722253527900716	1.1154054876647839	-1.8138454622962743	-1.8380492545691547	0.07236441000801166	0.09143220515638055	-0.57795693344679	-0.5909250730633199	-0.5485747517037002	0.6446689364182108	-0.029406405249025536	0.13083810957256847	0.2202218278965339	-0.030646316614188106	-1.2467362999808735	-1.9048115839479693	1.3859403535237564	0.7515980923507215	-0.055946931192742244	-0.5142121667073252	-0.4999539845343304	0.7699518306847051	-0.13987027644158884	-1.2690604248302781	1.563725397861771	0.3802004384604621	-0.17523846401234117	0.35052206467557223	0.2966130034077661	-0.6458702867833653	-0.041084642550928224	0.596044552234477	-0.3477031499833492	0.028403638730383124	-0.11093392023164078	0.448007269499172	-0.1706962670480805	0.46901043540407805	0.3140636586541169	0.40657500341087516	0.07836254965069463	0.012380470597909058	-0.5916247146678605	0.03157451649872026	0.8005891034966328	0.33343713441856776	-1.000688413020291	-1.3854646461066011	1.8524896255568772	2.5487781066657607	1.4499862399190735	-2.0207977569807802	1.5707383199040277	-0.18257723470343118	-0.3673295354440113	-0.15370756553344203	-0.5568202920355165	1.3441985668716403	0.4661768252190785	0.35063661756315556	2.2185782487382886	0.2978377550199659	-1.3096513988116831	-1.2689725651022652	-0.16212045606110426	0.0876452656295186	0.5590647207652564	0.6714392196705227	1.38755897848704	0.19326180788077835	-0.8592102891503811	0.4272360482359159	0.5303656088208838	0.5386790065303986	0.29516892592882954	0.5074109633229624	0.4712689900569085	0.5122167478588647	-0.7190670425939275	-0.23605484626982898
DTXSID2027333	-0.19467666680337534	-2.029181915568254	0.9711183826891514	-2.188549091445656	-1.5365378386703998	-1.1934966909237252	0.08949526854647952	0.8568537994438076	-0.7218182089469749	2.556264783120035	-0.8639821753930464	-0.2585155878381148	-0.6028106914439451	1.5654433402970847	0.59331497946026	0.03259668327150958	-0.46523985829163317	1.544866461155956	-0.16861915919239087	-0.8147977514930758	0.37175123583308833	-0.38570464239316127	-0.74143767058094	-0.7904281628927906	1.3539391243786314	0.1862612669476487	-0.7786398210031928	-1.3864929601515157	-0.03149726622857272	-0.34288696884543945	0.6916672923850248	-0.5348958774473702	-1.159699894821477	0.4621711546275625	-0.5397998802255443	-0.18727367609516082	0.4592488842690569	0.4792347209792569	0.19660453853468132	0.4655674763328795	-0.15540377638557967	-0.6882527536866987	0.09618321091744149	-0.26038694441160815	-0.07059655795586929	0.18066197904903256	-0.2442045649702563	0.5638435459827665	0.09031266918079611	0.18863285540904545	-0.07673320446250874	0.022294643185617885	0.0004851893447250093	-0.2659549313603818	0.24021854395504585	-0.6615146794684859	-0.008859298716422872	-0.47137544890513217	0.4970117304661893	0.06250341710347138	0.6306973021034573	0.20875173806914415	0.11748091547143974	0.6810374467378548	0.046832022517874765	-0.35986757102005135	0.23799928844201937	-0.7170974770778377	-0.8342624217553675	0.11955895365249744	0.005113898321269461	-0.07718339466110531	-0.07329412181181125	-0.3527525253912286	1.1165552573783581	1.2635317724588508	-0.46346991925104336	0.27729647730614465	0.6293858901493362	-0.03002699408722721	0.07657881082711658	0.004242378748955361	1.2461950378573614	0.40833662241334695	-0.46485141743219666	-0.6682022273438285	-0.5574447372262561	0.016726463546044356	-0.16905124151677434	0.27143843396808875	0.3825756738835857	0.5270322024839269	0.44930533678660783	0.2948447920422361	0.9489052344535938	0.37865051799795585	0.04520343924812494	-0.0784769462690731	0.5628084351935465	0.3684577372267207
DTXSID7020893	-0.5013168503161719	1.092988928169388	-0.531997327496636	1.343262003054682	0.7688058049814596	-1.538553105803713	0.005453778760117052	0.5673307158087312	1.2394392829870284	0.5863902005582803	-1.0651309869172296	-0.2861923927331945	0.5651443122851019	1.9652624087773132	2.150973986694211	0.6466346570365668	-0.6702007974078112	0.9501424049094518	0.0017998073648698126	-1.0786490822308326	-1.0850618526231317	-0.8461309383900403	-0.17296529350813433	0.17207156490344033	1.0027842447019413	-1.0033607717603212	0.14073582931844228	-0.6361836270591907	-0.23565877709698546	0.7870862014747076	-1.1952456761850538	-0.6245668428368051	0.6988319189953107	0.07403664111686398	1.4722966829002193	0.647219768219435	-0.6025582365194327	-0.2395662174395404	0.36692473602986847	-0.16266614504572396	-0.20327739513775894	-0.4008550716858277	0.05444106306859722	-0.19905401759461921	0.3148316042517108	0.2539776970646501	0.5203529366256212	0.5566121232345765	-0.05571440581400365	-0.02126030709371	0.09509005562489091	0.05118323951022158	0.6328517776483749	-0.39320143111252237	0.7588529528159794	-0.47249397493559736	-0.7238310162141595	-0.24884508029365612	0.8039237284282176	0.10257298036155559	0.2729929348518778	-0.3916561494745084	-1.072034351686366	0.10081476403182872	0.43540623097420217	-0.017332004555597674	0.35969513067135894	1.3749045625128076	-0.6387874709004789	0.38146292039766866	0.5182244541471502	-0.3977701684893776	-0.46842644643178294	1.1199510547995595	0.3153170635463578	0.8484913702569484	-0.9826388884448448	0.20361740497043598	0.011381248740660273	0.14599175533665779	0.19119273028790149	1.3262381793112685	0.34331848344173665	-1.0432475643085724	-0.6112840835964511	-0.33554766063822844	0.7405189609973643	-1.309983390617483	-0.0942193274230148	-0.7274941166168847	0.5124304234661627	-0.03777775335976078	-0.49304553918808547	0.7392881257497969	0.004571619909210994	0.12761418529843496	-0.24735505919263973	0.11138252284753417	0.49932205515201145	-1.0748381494555073
DTXSID1046710	-2.339573545416308	-0.3063445960024894	-2.2958957689812034	1.682885960110764	-2.4795007886740743	0.6089924897435122	-2.6948762474436716	-1.8675435393447175	-2.1150043102693727	1.115227245522628	-3.6610331697424114	-0.8014166137924043	3.8604303686487733	0.5003687241957774	-0.037103136366560395	-1.015393305769155	-1.0977864292265427	-0.30238563183732947	-0.3709966657006779	-0.06995372563350555	0.002241932394230255	0.5101212102078199	1.5935257595394754	0.0900274282317903	-0.5836938232416233	1.2910400277015774	0.557946956495551	0.39830259872738255	-0.09164755266575138	-0.9317284952811048	-0.3197289781066746	0.20974801532927007	-0.12045997204227481	0.19832352377507648	-0.23109148606697485	-0.10807078828190583	-0.9435349625333641	0.45676918707840947	-0.800858299669486	-0.3366004858295657	0.8212218396627385	0.22869922425077793	0.0682328526681237	0.627200170899201	-0.5498348351131931	0.1403840565466737	0.4320953809314361	-0.6616873215422147	-0.2767541695993057	-0.22788466491628911	-0.02312025291878248	-0.30408513196815135	0.3298312647666852	0.2070873573455164	-0.530409018121944	-0.014981058987033804	0.3343735432738368	0.512479851799598	-0.9274396359933679	-0.6554414014221153	-0.013180601473438433	0.16037332568599932	-0.009798985936096774	0.3464468602441729	-0.35825091700692363	-0.5131178669742079	-0.18365409493299373	0.30805170320451464	-0.27359585721157476	-0.5938343095430783	-0.5798831530087356	-0.7287025335505126	0.6766385244522117	-0.8755334503911174	0.014723490044168888	0.5562107924379454	0.2555492174069486	-0.21988425412977083	0.2856700802031279	-0.27386162874128295	-0.15233209621653018	-0.09726222918583648	-0.19879996601004377	0.4740055026199377	-0.5730863823202043	0.15715662703721747	0.14901743986995425	0.08389010408827964	-0.20903737852948054	-0.5301907364248685	0.2052681909953028	0.10125291771923516	0.1303085246301926	-0.18226909358177962	0.6770051991574734	-0.4638059126596012	-0.21063959062006085	0.17981324062787118	-0.008351870235640815	-0.40463912455840084
DTXSID2049006	16.2452893235436	-5.062600205337949	4.246382234793343	2.96243398037827	7.26894015951655	2.2149135241000724	-3.3274839702404555	-1.1763115457085553	-4.989003339023385	0.46513830689194874	1.5603044383413152	-2.668160530798889	-1.955163538395177	-0.1665916446463928	0.7297803301922955	1.082642514422398	-1.3807510565646377	-0.6271740903582913	-0.32527700173099794	0.3257779773152745	-0.3912804757851304	0.0462358039182488	-0.01669187891365097	-0.7409036815678652	-0.96139973887802	0.43043960553928695	0.40988177373252704	-0.6802413739798284	-0.3100808304572587	0.5222353177910684	-0.4705434380028588	-0.17362877290220674	0.12556250734038188	-0.05750342863496704	1.6121783415372188	0.11769788058487682	0.1361081060230287	0.6443557892499876	0.903280030921505	0.4541863944897551	-0.3383587707509183	0.5852951894691304	-0.5866922597618776	0.06532451415017435	-0.06553343713821569	0.24615878747393732	-0.21717813569582717	0.07142394463623149	0.11208121421612142	0.6313221868683268	0.2529926311531286	0.4611027301907513	0.35970558690422	0.004320572348873421	-0.06085905722255933	0.03223133817321639	0.5972902944231855	-0.40096626677969316	-0.2445346627094028	0.7098434756149843	-0.77836469181102	-0.3844467480947815	0.18053345322613615	-1.212244597194177	0.6558435196833317	-0.7452712267239034	-0.3712174139234938	-0.1614057532031844	0.5078581116797738	-0.5584174110659254	-0.7982252121442431	-0.11683777997263135	-0.8714768641428777	0.05665398104268273	-0.7656372763271522	-0.5486263029065647	-0.07416708787680057	0.460778281122495	0.14487117601111502	-0.6350109234052216	1.0953916917342084	0.09008391485183727	0.02170969048498203	-0.21242585377041504	-0.2730912684356858	0.17764645076650243	0.803232411629663	-0.79100200603571	-0.20799018428451618	-0.39631782894876433	-0.7607650264969029	0.056819470004736104	0.14272086066829748	-1.0721300265482083	-0.07907568499214303	0.0027759307153422687	-0.07135584402956462	-0.16507622332855962	-0.5054585391016119	0.4001495528638872
DTXSID2049395	-4.569729769813202	-1.2381387987157895	1.9973613919305082	-3.3691941510420986	-1.9244512739026916	1.296379161553603	0.20987885863145084	1.5551857484128477	0.42048864138205005	0.6565634838330574	0.3426761258307435	0.006009648435737739	0.6529268743071981	-1.3971746553217796	-0.5612988339066388	0.2762331828298305	-1.1605518121037501	-0.30183437052138584	-0.24232051658596646	0.10770843724989493	-0.18991497785801092	0.4332994500290904	-0.4311051323785368	-0.6303850559038231	0.2580424672724953	-0.034167512420841366	0.28534474842291657	0.5936293534861291	0.044993418401609434	0.17931935330616508	0.29438956404327893	-0.06162584937261132	0.3655741784609333	-0.2907396226710874	0.27790313266280503	-0.008154410490541279	-0.32232224515234836	-0.2948292446335849	0.4534486757820037	0.09119601524789799	0.12215845932060249	-0.015461681324366523	-0.07386506071342172	0.04266944108089745	0.04575355831274311	0.05492249243789686	0.014899268148924812	0.22164835536819927	0.28958691668966885	0.003707843775595128	0.0912283352538027	0.012678759822431438	0.18254780977178486	0.06432446754170283	0.4439935781785348	-0.20004615674480183	0.11519159495253077	0.08477056681850895	0.12431701911440754	0.06633831936257499	-0.4608524992107435	-0.18160432407588703	-0.36625629122644676	-0.17130315164159773	-0.10149977565081134	0.21828915839926996	0.45519766233175724	0.38913144824634704	-0.514908205544988	0.2770540424772494	0.17835822003483573	0.37303997004220035	-0.16404391792901088	-0.20295687102845594	-0.4468083492737346	0.12855783706280827	-0.2588294821624699	-0.12485717775033504	-0.47370614433561903	0.5732407440204733	-0.4288927277928708	-1.0446389263737286	-0.32120001772360296	-0.7464105037240879	-0.12977094040052764	0.6485696788867565	-0.1350393317212231	-0.2053201301657893	0.1907680405857432	-0.32797738526907927	0.0920012056421452	0.41324874281602963	0.49530295706552446	0.03490532878103444	0.5651217799203816	0.29206487516622665	0.5724510953296373	0.6895198971546144	0.1736061891719006	-0.192882211969456
DTXSID3057804	0.5997788402605804	1.0859562503102027	-1.6451951451269897	2.4136384058086318	0.024828101521849666	-1.3920261527812494	-1.1307444372938145	0.2826485823420021	0.724368287042755	-0.9913243705284046	-4.154289318737872	-0.19350266361931875	3.3167893885635924	1.117908196039041	4.229762516983198	0.0008562804430338206	-3.687402107939183	0.49815058691264874	-1.7620737765683994	0.8754628085903429	-0.8731369384326877	2.26902535645323	0.8273328106781863	-2.2499388993244085	3.163655974326668	1.825934428260832	2.068762923444079	-1.0808887457900376	-0.32481107685924443	-1.6806293302092699	0.372842185526367	-0.5189796446297136	0.10294147932263717	-4.467849793373934	-1.198944188913495	-0.5091996663870417	-0.9595859853059368	-0.7223290214331407	5.315055320422973	0.6704849047039194	0.9446000521078826	-1.673872547834104	-0.0853868927226487	0.9753424947568771	0.33838321233385854	-2.2843929763067212	-1.2500272110131176	0.5173580347339318	-0.27039711940749045	-0.13326569044367248	0.1521255181606945	-1.6417757998764773	0.3954243690962715	0.8245102519172961	-1.720836461706843	2.0454386983360453	0.6353311653268794	1.6479269711225448	0.638168015971814	-0.6536059746478269	4.414870486714648	-0.20543189181843616	3.6392314738236884	-0.31165650883992096	-2.1492042916644034	0.01389153617499138	0.5731854343537683	1.851861569322642	-1.39827308833953	-1.2741684594449634	-0.05944655686336786	-2.3759733930755265	1.4322839750094203	0.7901736769851438	-0.8948037684290485	0.05005675132003558	0.18714848873517329	-1.1376971882962472	0.06389711481438148	-0.3248669716470811	0.5908519273237021	0.2027575735549282	-0.33351446856690087	-0.6399596121699904	0.03844746467338556	0.9533366373850936	0.6840878632800478	-0.88339473113524	-0.29639599172913317	0.03417636980662149	0.3865752350557798	-0.7514607889348499	0.5581606597911031	0.4634467844548101	-0.9141430073522484	1.228322664657209	0.7989680434463661	0.7169171844577611	-0.29363443756887236	0.2863597051204027
DTXSID2021739	-7.3303315192445755	-3.972185537771406	0.45997170833621664	-0.002033360516370868	-1.0220833272731384	-0.11068535059656046	-0.5242494210339993	-0.5627784715206359	0.3057338365205194	0.21896697692530626	-0.2597433175734648	-0.118087389743036	0.2259826630288227	0.08953923645161256	0.13566485425575658	0.40305296553605	0.03885715398338559	0.49389768081340746	-0.35721230297519385	-0.5232070441929255	0.10990563404169378	-0.4049906915654504	0.18829980073150507	-0.04787104420443889	-0.21811362741666943	0.044308335062086666	-0.05318461219012376	0.11100475505680135	0.206947525110283	-0.17859884193514292	0.4977688890478418	-0.06936234605017264	-0.1391771792617924	-0.6044924321491963	0.06252942156365075	-0.001769751380982277	0.21736172565141285	0.24755259809242922	0.1382203703344071	0.2458607217156814	-0.12198405973764806	0.049332909679766127	-0.21965079890071684	0.14224030931803064	-0.10483249491629275	0.21763685920469233	0.20733481810211135	-0.05831577758958687	0.09016608191933467	0.1113472366178854	0.07933839886869465	0.060844531449491285	0.03577397259315604	-0.005825271147765314	0.005690186265007925	-0.3229698771144668	0.11857781621941799	-0.09087337165688235	-0.06083152293591454	0.24675763199691803	0.11934668596093653	-0.1288421111636399	0.10972261149418512	0.14586326768367477	-0.3228075532305949	0.22988521486155647	0.40388067256401466	-0.30639425732856146	-0.41581598280031545	0.3707963761198733	0.35695766325605766	0.05602240685197022	-0.015584050312654397	0.0009454882441130514	-0.005016198772310912	0.130094924737201	-0.3245466241702822	-0.0846387262453463	0.045366076961317496	-0.19888841092276088	0.14024134255031692	-0.1424391820146041	-0.005464037433968652	-0.43792877554071924	0.007172259430438837	-0.17154478918442662	0.29380922281395094	-0.12542655173949688	-0.40822956372485847	0.1064456838504803	-0.228435598577928	0.2486971848762967	0.06777115556019155	-0.03263957709538089	0.06611782812914173	3.3770957780248196e-05	-0.09712137546911044	-0.16185642858956642	-0.2406739158151089	0.23282231520208896
DTXSID0033673	-6.022263163028094	-3.7226218105315514	-0.44752342493092273	-0.7497549071272468	0.7343818959333367	0.27888168075633835	-0.6021392563752611	0.4838338351452189	-0.7614403157344602	-1.5179964437173241	-0.8377893543825601	0.21756372326119414	-0.9751254586284367	1.8588205700464	0.16490453470225208	-0.06506242134675658	-0.09395927127449877	-0.951910693142219	0.7119606978691714	-1.0833258089540672	0.38545446250344945	-0.28440901979572386	0.74690912464459	-0.9553242133469614	-0.057981154467973195	-0.23484072874851813	-0.9099347863139515	2.265785939376069	-0.7016733655473465	-0.07237186300894655	0.6268872139890982	0.11518533383098276	1.2963327985374813	0.2591489610137688	0.30423353712819656	-0.009668510036864711	-0.0065507665182505444	-1.3796501573434188	0.8912151862870814	-1.490780184178144	-0.03548920621244366	4.216827908890288	-0.3209729640787258	-0.28970511319166714	-2.938818999230175	-3.7785418995058713	2.0536574643313195	0.4400072038403116	0.6858897745803741	1.216034977456275	0.4278336781206977	1.5022682884683962	-1.3217674512174413	1.0950377361931067	0.19692942121523632	0.9837407385798299	-0.5346097342291773	-0.6044573952661849	0.09965050878531986	-0.11047004894260518	0.8028355603223827	0.01560833547681476	-0.2983464329884666	-0.8993078011532272	0.8097919651156497	0.18751050010037318	0.22099221171251268	-0.012281473472149173	1.1189051782801578	-0.31786788233486674	0.12073366228510916	-0.22912602347279926	0.2836195667719282	-0.05265543179651574	0.15559145855746165	-0.8215469565402892	0.4959246957076545	-0.4244648853994681	-0.06965249576400111	-0.31537061819063456	-0.08773125157611059	0.3585834906938484	-0.23383182435688107	0.052561848662420946	0.15364346814237226	-0.015544032696921097	0.27632451820708415	-0.05640801340115097	-0.3791689249764485	0.1316482236048617	-0.13444985674120583	0.12847463032778383	0.398688882403758	-0.3212891745479557	0.5062918742990622	-0.30479278291040424	-0.11979848962999318	-0.15501280230656442	-0.49761140560317774	0.11140379584011109
DTXSID2020474	-3.208931544148532	0.14217587541610952	0.3265299849877683	1.7599099698997527	-0.21276203468907617	-0.12824525562835776	-1.576491418389185	-0.8181800541136814	0.589625299473965	-2.2037917475231126	-0.7422110241626096	-0.3235920537047052	-0.8988102406939641	0.7027178453605727	-0.1985650313582035	-0.36007971543918127	0.6759982140635981	-0.43885427869013105	1.2143661605427423	0.09761733019432209	-0.09500439438877416	0.20968198396060822	0.7337070600463713	0.36854214791143336	0.4743040666086515	-0.18755928533502178	-0.00582955223331921	0.13731682179402857	-0.0969768226030226	0.41497710680269045	-0.7892885736415547	-0.9754158282732723	-0.0815644096401938	-0.3357378246362467	1.23115458096581	-0.11239363994303973	0.3609809541919047	-0.026000538096681975	0.6820947409877415	0.18540576059938366	-0.6894581481340211	0.016577497132283153	0.14011801409928118	-0.0890545025731997	0.19340998099293058	-0.45685646768699123	0.31773767778193907	-0.2894781982065936	-0.174772928803004	0.398508349165925	0.177187499191143	0.007845963174621566	0.4408408042538528	-0.36977353683409314	-0.3248638867701288	0.31259478699532545	-0.23572151470102376	-0.5846669718144237	0.758500904720709	0.5870748046097904	-0.16424755831447477	0.007726598778691929	0.6194707845185334	-0.40441331098451677	0.46756588344116434	0.4856907682514356	0.5307388086112788	-0.46272396677255323	-0.393914695647739	0.13391683277551616	0.42517270051265604	0.4955164763350366	-0.7794703219540178	-0.225210724890281	-0.755699033216826	-0.6666594173968143	-0.7648748892701871	0.2539542282614496	-0.017806399803756125	0.047272318941207585	-0.16998841141949012	0.376843458465119	0.11765678045408055	0.1864547549184437	-0.1989479610182317	-0.45649756082520015	0.18955343908850644	0.28007373348457165	0.8856996684309723	-0.013949718173405113	0.22766288634600682	0.5968947766401607	-0.42139839196883044	-0.996833394574272	-0.4224143496505868	-0.5674661412850008	-0.30729227430646144	-0.06544214999463985	0.17815391097812214	0.17689137234262933
DTXSID0020074	-1.5607679169333755	-3.1523388690793386	1.498095043042715	0.5994031408016002	0.9210054072461837	-0.4563894907032197	-0.9983983897650793	-0.45806232829306937	-1.5569947148319105	2.175083279974508	2.42421478571136	-1.5310986519117662	1.4713389008985998	0.09777207114119017	1.4278054223766565	-1.842158381199846	0.6343604670956245	0.407957389224091	0.991751576872888	-0.014319844292184239	-0.044183043691597056	0.5283969609023159	-0.18318551592538693	-0.03116907682862414	0.006187401747030232	0.6491092966217967	-0.13802628756621302	-0.281232994119639	-0.12086367626441913	-0.13343270584859093	-0.1462368073196441	0.037590510195835536	-0.45770063562444774	0.25987810301094294	0.31094058875399433	-0.41693813884440767	0.28431014565051704	0.21125452003176914	0.7341610114493085	0.7766797317296172	-0.28132356343307396	0.038080082451128136	-0.3960162005274408	0.0014744903097566727	-0.2267401141734538	-0.03918446835860404	0.005602125912426323	-0.3959849356290615	0.21281102413093936	0.08907750293780702	0.06915344462616436	0.015627146072277755	-0.006729373000331178	-0.28704505472705566	0.06234165939750876	-0.35617825208055387	0.19931253555836323	-0.6542557300734049	-0.11220095058734093	0.14256187873646914	-0.11539134644829667	-0.29880509738091965	0.024086279863981132	-0.2998694284182356	0.1684910833332558	0.1475615938085862	-0.19093448188054155	-0.4172164951227083	-0.18519565394654192	-0.7270759870043348	0.6883209569790043	-0.24060723888599253	-0.2863229208466739	-0.11496936323498617	-0.5133595463379004	0.0852255272495612	0.6605019737902306	0.006740394145758741	0.12457871119368692	-0.2559906428742497	-0.558941411164533	-0.2000404481519833	-0.2985738224025278	0.5237442467654069	-0.08117514145347282	0.2521698018671887	-0.07216317182848991	0.45356451936919323	0.26509244915071967	-0.7363945653495129	-0.04203549687855989	0.2285303461914605	0.5236411368496339	0.4532216335652283	0.6907853881771382	0.3064675802826609	-0.044279844432765975	-0.1693515281120729	-0.10155470346436898	-0.02801543690920998
DTXSID8021800	-3.768593838614308	1.2519400078448	1.192722768772287	0.19126215452289635	-1.3883988563643845	-0.7073473171313066	-0.14842019465398673	-0.5442376111516026	1.6772939151486077	0.5647456049897943	0.6114128243107001	-0.18119307679673438	-0.64859932154945	0.2674197686136109	1.1617639037514167	0.6315141911537487	-0.7065422786049772	0.8660369210106278	-0.32466726536155177	-0.28232320516823706	-0.10269935112963145	0.03430454269161877	0.016316560966704755	-0.48747398581931084	0.6427541321201009	-0.4270798264426304	0.4634414791312276	0.3060240496352862	-0.026060442931676368	0.3097411202881911	0.07421344672528472	-0.14453522893960796	0.3134830223861745	-0.590802908160047	-0.4505792377450418	0.5740027175709173	-0.5553588935868454	-0.3743630528120093	0.17096440214735364	-0.31141450679369087	-0.005688178482847675	-0.029758281522598747	-0.23932722295438827	-0.04077054697472679	0.48459054255500666	-0.21801097519440088	0.28287977690396154	0.3014105857695851	0.06050371455815896	0.2173726276232856	0.03210477720168076	0.014222084185974206	0.4601846762245899	0.07891744098527508	-0.19276900506175973	-0.055549195600740515	0.13122988712256592	-0.12716770766782107	0.29449557896844397	0.7965997024080991	-0.5389854491168575	-0.4516278429902972	0.6152283376917848	-0.036595818696425725	-0.1850233190198075	-0.06522728819868821	0.27639106355937004	-0.025998679436849345	-0.013176288938777148	0.5856762217018723	-0.7474133905065632	0.9522887622966498	0.17667735476925728	-0.9579455320228246	-0.6359656052559783	0.40368981903555556	0.14178423079074753	0.17488225810699556	0.4601751010359366	0.31697980885602434	-0.34448449161098776	-0.5879445824281175	0.7664022595135838	-0.28567342186716105	-0.043614815485386496	-0.13638948983670232	-0.09640428322983152	0.08952635064673535	-0.12050859462968613	0.08007373575940974	-0.37682280518338035	0.0584968951881978	0.18942384299158674	0.5245581977227393	-0.10803036791448385	-0.43180185039089103	-0.2649274549292201	-0.3178169762802762	0.15633005438028133	0.24831014973896498
DTXSID6020856	-4.961829247196632	-3.57195393110809	0.3949907304893205	1.3995365990137745	1.309436901910247	-0.7756763495956956	0.9479036354914206	1.2873443121382695	1.9838140723552349	-1.139610075778238	-1.1677150867304784	0.04295467116335827	-0.18026295577228083	0.21989577010256395	2.7668179013420104	-0.6525053815407156	-1.2395551599368604	-0.5788025544279901	-0.44998993144104765	2.4374200115988307	1.3053562024084908	-0.2952364453808852	1.5040570642584234	0.4902970595166487	-0.4358379862244529	0.1903039873062579	-0.38742926930477734	-0.23083259418205224	-1.2793338644593653	-0.1791649572264703	0.5747893535054528	-0.4090565650114196	-0.7199320949324378	-0.5778685786445497	0.6033058967326881	-0.3360889824279834	0.8014134878476208	-0.38751865480545084	0.3552266551541049	0.18325920612862112	-0.003097251187934013	0.2512459252909474	-0.9473563094941838	0.6036967955531867	0.3040416417720741	-0.09390617625538	0.654859768803627	-0.1680126099490335	-0.005412292205659412	0.4730138334406603	0.2503338124052181	0.3677529302721582	-0.046451789936153634	-0.10666051411727161	0.21401815409023103	-1.0131070294474456	-0.41632141764915437	-0.016596733292842263	0.16860350138217453	0.17606394680842216	0.5254458457272393	0.5787760017516228	-0.6430712488982764	0.23291405898642692	-0.29647186260613645	0.1739346862493523	0.3398750664764916	-0.3104882574321663	-0.655452889368843	0.07349793560411577	0.24108774143738124	0.2196556105392163	-0.524100816664572	0.36796482088225124	0.05182473724757259	-0.385799550179832	-1.5977296044092912	-0.46715410178815336	2.2703394186578727	0.09488954619601211	-0.03973016399418936	0.09986346383831049	0.8971223513534642	-0.6851233526593787	-1.6170334908883144	3.2149605379501094	-0.42777639488873026	1.285598489255977	-0.8453479965782981	0.009080504228217545	-1.8132326676737118	1.1290727102909397	-0.659869517683721	-0.6855826588145069	-0.31665585574113236	0.6380419163189032	0.32342586276457824	0.05062308320016376	-0.41555905761361817	-0.2753477659644166
DTXSID4044535	3.7682198860099643	1.624025733589845	-1.252048261140982	-0.23705480885207622	3.2888557483646177	1.4192321322464958	-3.1078460071421468	-1.6577066508792104	-1.0586292484557753	-1.1222383751949874	-0.3341628834513318	-1.8556881890338022	-3.9790150153510444	-1.7400084369633753	-1.067211224444974	1.414291555660295	-1.0270393043517339	-1.0049077758692875	-1.1581665211339347	1.345518741040329	0.7767976291135311	-0.15823630676736533	0.5824050655592952	-0.8069665206848666	-0.1091268611242653	0.2065510515992709	1.398077063377352	-0.4138264918307368	0.19071571164128706	0.3290317035031876	0.7262856175197588	-0.143524717678932	0.24163026736935125	-0.43136808101298424	0.5666699328129992	-0.139500551363871	0.0798669486145772	0.3611060053849127	0.44188431190078237	0.29768922595717856	0.14508017739897555	-0.5543432092429506	0.4065932067414214	-0.19886637435356688	-0.17309236003574419	0.5173842180141199	-0.03546263413159437	0.673859401370652	0.10322320888556273	0.4337485893879768	0.049707493716316546	0.6086494260869189	-0.002486291632912318	0.15937959434987573	0.5314824943156604	0.05935687932013675	0.4372139389388597	-0.028031202687552124	-0.23653095165507124	-0.33640515629576717	-0.2432228214922287	-0.224689713994332	0.03147761634769101	-0.10401335314324693	0.42800433172919794	-0.31690631681617426	0.15876587388526475	0.37284942667118587	0.10011404312349156	-0.5112958794661987	0.09178559041204562	-0.6982794317245274	-0.0027657530319528207	-0.7194035065211746	-0.14008627338352836	-0.10243406354355854	0.8593931254030245	-0.1030061085642827	0.8266067764978888	0.8877125946423959	0.6367694688872919	0.05419699009798363	0.9203174047281232	-0.8318528218798886	0.29719036287842915	0.18516628906915703	0.8372267776698183	0.3102523899055679	0.19251825135718348	-0.33311020408802106	0.25632470945852387	-0.4903967976032528	0.19334501190434147	-0.1416195060198083	0.926191713373097	-0.6128379453257846	-0.6326832789795138	-0.31658359941013064	1.3311856485000204	-0.12190700713994228
DTXSID0047296	5.641768885148976	4.382063460066368	-3.34621894689289	-0.026068760253234523	2.4379334691614734	0.8666313140253998	0.9999591917580513	1.0039833009216321	-2.7934324017539405	-2.1960942462354835	3.559064466797678	0.1985056898015277	0.5799296932612169	-1.8092302904703477	0.802774314439521	-1.3037546925182242	0.07472087155281093	-0.037321550914655034	-0.3107638227510622	-0.2335518808284768	0.10012047315239377	-0.19266357138955725	0.526091260040738	-0.10904210355609868	-0.17681995954842963	0.20091795135382579	-0.2250163397408575	0.1532481299053945	-0.09702325880727419	-0.3603045106716394	0.4881795346560081	0.7776112223645881	0.32838738611084056	-0.07959412507567346	0.25722481328293173	-1.1260013134221547	0.23503028831889194	0.23663877971212569	0.5484136205821254	0.07225042565914068	-0.9100928020060364	0.613360505988309	-0.9096056811170815	0.17728655588423095	-0.22843304070796305	0.19877602729221508	-0.009706659098128421	-0.9057833207696565	0.016862562787973857	-0.25425022125652297	0.11359046883136988	-0.07667172311365779	-0.15314868673372317	-0.27446209362835317	-0.03749210885673809	-0.3742074829135603	0.7126523757631223	-0.30924858437549413	-0.54601490534082	0.25871286648128206	0.07266202288093049	0.1376070979340676	-0.5438747445010995	-0.25220990567038293	0.16108211636415537	-0.4668723157494933	-0.6285399113405665	-0.09410521013742223	0.7439342350093102	-0.4723825643426395	0.3790945540879395	-0.02886036457943795	0.11384952398784719	-0.08175996993324099	-0.7998467812604053	-0.37225131717772014	0.6531235275547078	1.247185617819583	0.7760676261351193	0.365859880303414	-1.6720316375573874	0.18778080273886233	-0.7469103305945158	-0.9578398012093021	0.7475410661924822	-0.07126537748371557	-0.9993945245029019	-0.369478241450348	0.04523054277349257	0.19263160109996885	0.5908406433493477	-0.21377589782328837	-0.4063159223816814	-0.009515408950688545	0.5568661292594564	-0.8998074942666934	0.2854075518701915	-0.14237565155785267	-0.16948254816493566	-0.5983753568977778
DTXSID2040731	0.9883656444274435	0.545694930455482	0.6538644463167086	-1.2954232716803291	1.360830673897933	-1.3422225394752416	-2.734928623513869	0.40328549702047867	-0.2405436781300827	-2.642679428431287	-0.32763772925800155	-0.3408774930104042	-1.572291100274035	2.191305915728058	-1.6433933368183602	-0.18634907816901194	0.5083974118053609	-0.5748114678333294	0.3800853146901721	0.07493645638416106	1.0884400932337046	-0.07410092216299306	-1.1627027678365558	-0.23039126694793094	0.18227065105365767	-0.9747198391820521	-1.7804685777889684	-0.043183568243500794	0.1198649860045048	-0.6071241764371839	-0.8966407216132829	-0.02327920152471174	0.27090510424203157	-0.16802870853430904	-0.8493611367922729	1.3641174552793165	-0.4763968397012541	0.03159483684892571	-0.9335230170106505	-0.22995652523124216	0.6666609250693927	-0.7108113905932951	-0.44260502459718315	-0.21649079602005744	-0.45522776255700476	0.32717209900638433	-0.15597853967230754	-0.10885483873870729	0.023916803806279707	-0.18382325132861366	-0.4565764430470885	-0.44978073835510624	-0.10487144079143947	-0.38984306286515863	-0.133372232889507	0.5507814756772312	-0.6404655083842412	0.5079135902303077	-0.6597304616254316	-0.3733246921342274	-0.7704660533088357	0.14018727126594843	1.2693836372526528	0.94011142440299	-0.7535776507191937	-1.7887395076657167	-0.5583093499474662	0.3871507677604169	-0.05337085133241287	-0.49322677922308256	0.6872069113341037	0.04285078619118352	0.31952602416989695	0.03683471747117934	-1.1331869875934122	-0.7704981161625318	0.8904169088977636	-0.6840306169683382	0.813930253945026	-0.8542059255877685	-0.8242604623179695	-0.16499421203824008	-0.6121194785571775	-0.3806229249687589	-0.09045295906612764	1.3551730529244475	0.9822371225374403	-1.047795345271372	0.6678564286173961	-0.7593716448993317	0.4349055480889081	-1.0327635795139063	0.20940765989269386	0.5725391395760041	0.05368894277389141	0.28154631934799784	-0.8083902315239341	-0.2564857758415619	0.09421394924061408	0.37780135015010596
DTXSID7049053	1.1178663021128847	1.791675967732655	-2.6236074314971534	1.8711111782524847	-0.3575337335571462	0.5516043403770137	2.072281349656426	2.7117104738759266	-1.0292405210262339	5.360590438174192	-0.2875558903322236	-0.15772285147380152	0.28917122106039095	1.840201262121453	1.0693948709193193	2.837154341814633	4.042065650212136	-3.584987371390802	-2.92863312138879	0.4203021588282814	2.062673842707047	7.960042856139859	1.4900263818578836	0.21240489339099472	-0.44712497696605263	-2.2840613746964027	0.6359937368967564	-1.5619770636475019	2.463021371795142	-1.78132872447191	-1.846349472634041	-0.8478570729782559	1.5602391085633909	2.425687736934714	-0.07023698088815608	1.2536163341210527	1.1532431458747412	-0.06352781671185656	-0.6476145271386422	0.42791903571933576	-0.27899704797152586	1.1234217901195587	0.02297837530448777	1.138616991802025	-1.0572337714902917	1.728022178403546	1.3922144853368201	0.17996932425088705	-1.0189430941588307	0.3556612175531568	-0.20499877980823478	1.3787939667347582	0.9516625317739562	-0.23270394057140406	0.9784547394230423	-0.2395268297441413	-0.8909673198591842	0.6284042661299961	0.6313283616180914	-0.6571931619581183	0.48943633113743845	2.009316907328702	1.5808710459591735	-0.11703861409883082	-0.40219298511576734	2.1211851285026797	-1.1044900043150934	-2.0953038783224343	-0.03240766037359461	-1.4968784234922432	1.0006541324828233	-0.31112545431156896	0.47569926087476894	0.5890139305280129	0.8725638690627617	0.2275723712461436	-0.038856413826057846	1.7013500803760948	1.0881236123848663	-0.6161922257328567	-1.285978709932659	-0.47730380182411536	-0.4259771674170986	-0.46713897022490375	-1.362625849245503	0.23683590838773433	-1.5675986222779004	-1.643352765477189	0.5253653534971866	-1.908314177508236	-0.9132928976336893	1.4208543545295207	-0.6774969115980348	2.9241592702213888	0.37088277317218693	-1.9229437187879688	-3.5585187102449582	7.763109099665525	0.061603856964744276	5.951506385248802
DTXSID5046433	8.377539138522968	4.668590208148213	-3.5025460652588305	-2.406302299548281	0.6192666739593177	-2.1844056394033893	1.5378348529974775	0.19322038087720955	1.0910541817429797	1.6059774081279299	-2.085696364356407	-0.12313213446076914	-1.6354256758677532	2.8568691665962604	2.0050658246034607	0.2339990189837589	1.8513671282693729	2.6142778646880456	-3.085232077733598	-0.6622146627083505	3.8299347740602583	-0.5610210500265648	-2.8012898065331124	0.6110703339265587	1.9406680070862303	1.6933251267311598	2.6720876781037175	0.3625721909954402	-0.5693231747517079	-1.191739316992445	-2.049968715942107	0.09538242272745175	0.061828076476275536	-0.9439550646400083	-0.0975104109107443	-1.9791439866907843	-0.21324868332522964	-1.339628791912976	0.1437279225565686	1.8361156280481192	2.312921757197468	3.004976892013835	1.0261101478934151	0.5795205383884695	0.3129870014025168	0.4851263852400042	-1.6729894116084068	1.710844917465382	-0.026225039870826604	0.24229188753073183	-0.059556160770656064	-0.8154108882836418	1.0565893542416083	0.9295390567102466	-0.9105228897930983	-1.0644467782038034	0.9855713863287346	0.16268080613339184	0.11824955799331066	-1.3006956052246699	-1.4491325320295614	-1.0910714496804998	0.35607728951192386	0.340563971529153	-0.20548899310682656	-0.9619701907809883	-0.09848187318688635	-0.8901581830943751	-1.5602688473205517	0.4528040591404587	1.66610205055488	2.8862602973816363	-2.5017557023393477	0.01584427338156629	1.4381217963965842	-0.2359596021765746	-0.9774754837145818	-2.178814530482248	-1.2887991119880369	-0.4094147656206534	0.39076286413335237	-0.0817427032339796	-0.5322429721708593	0.17190130397315687	0.3810645220638922	0.3540213323951062	0.4503755648111109	0.5318769325267699	-0.9409321637198709	-1.0035413371095014	-0.13692567349760268	-0.4042791013131519	-1.001547997590708	-0.7601892980800772	-0.8373368651949467	-0.5146411773732064	0.49631240823394096	0.08745888877759825	0.36946499539176175	-0.2850098032348221
DTXSID7022679	2.3221179321231307	-3.5365870436361275	-1.7141012668440492	1.5076337863093368	3.8906530354379227	-1.4890899738595573	0.454835196497576	4.057905360793774	1.8469575200054191	-0.002442670581242729	0.4765302549023025	-1.92431212912951	3.3222763324641624	-1.8588842924131372	2.9848749100815644	-0.8375312337693258	1.2870019061974258	-0.1306355450631449	1.1052914297533818	-0.9823522866336745	-0.5879597476378954	-0.1587455632051772	1.5384691517463256	-0.7710842066532558	0.48943621108378255	1.85376482901124	-0.05794979047964727	1.118644759935926	-1.0592668092240651	1.767191549614597	0.8370411445239454	-1.643385076687011	-1.0167160051251927	-0.2975999885118239	-0.822923820508409	0.3127908833235121	-0.7174292574215491	-1.269954220032725	0.7673496609786982	-0.3798610675576514	-0.9262986581811453	-0.46660923742446586	0.6296451867449276	-0.24343588385685444	-0.6882012414489604	1.861635563298309	0.9855536557006053	1.0604030036952432	0.28536378947342816	1.0648948649754815	-0.1396639565839655	1.127962064605229	0.6782900416369971	0.1952624482440098	2.0738872271383237	-1.4709399723535865	-0.43797684341267706	-1.6183214873253404	-0.684364327300446	0.15470736330377968	-0.030847709152866425	-1.9731968498923156	-0.20653274782458617	-0.1856820917517408	-0.6584545333480015	0.572069371968385	-0.6541991474613215	-0.48448685534032515	0.5425741401984454	1.8801413402702316	0.15020058856025362	-2.9733549770960863	-1.6399799713765937	0.5257543672278433	-0.8460473752093697	-1.5379145749483414	1.237717095769015	-1.1368944228295463	-0.4571386283717115	-1.6733556388720199	0.4564289071485305	0.2863616896528115	-0.002200274388025823	0.8000691806148288	0.05954077964723304	0.5902274246554178	-1.2164667737789312	0.5176189022909239	1.2561111728622205	-0.47540073530023547	0.34208503375693583	0.44361041456212896	0.7692104518322243	-2.3287646113805027	-0.8710675154541798	0.0480734777993434	-0.3815566420664403	-0.17024707203126968	0.4900774677692332	0.08430659106772986
DTXSID8045191	3.0275115461363225	-0.11317554417681687	-2.2550994351497966	0.7252812014125676	1.0383351720689835	-2.57901639964116	3.220473253499773	0.7814918022144023	-1.5261285897044556	-0.24776488355489548	-0.026028194451048803	3.5677203486837543	0.3633128859015778	1.1495075223457007	1.6925470063121706	1.9230191959913994	3.698575971531484e-05	0.4763184970670858	-0.6339786382649927	-1.6650757958427507	-0.637805148888586	-0.9169802341699204	2.0380258657957526	-0.7811316740182819	0.7987178114023019	0.7612946904677572	-0.3125294776202123	1.9943014101860055	-0.39138110635959666	0.31673109349755785	1.0833557947564239	-1.0695164826511523	-2.624887633558221	3.0049352786986683	-0.9917478208530278	2.841533047130633	0.9385092759252918	-1.9030886449879836	2.620493528816384	-0.25064894150681416	-0.46888650313905306	2.0865470051224313	4.374226107678957	-0.8557573123441935	1.401947707976819	2.044315962697453	-0.10719626755410998	0.4388492293212385	-0.9955644689721955	-0.3172084142489058	-0.7327080358698087	-0.9929557842556265	1.8636429062539899	0.05976958563886595	0.5026947424444026	0.6028868520569779	0.2351188456513201	-1.5807738525359585	-1.400886547173848	-0.7848534233824002	1.0204124002416433	-0.3524127812349749	-2.4632561800941226	-0.23815217674304073	-3.585594883847952	-0.9736512425874102	-1.8798018739808264	-1.27982823748045	-0.8893758939617524	0.23951527046998766	-0.14356739354594003	-1.3260592995998282	-0.76481286158804	0.10243620816079207	-1.4223408298658322	-0.5060259074182237	0.9761042481413877	0.12769982850259218	-0.8491839939581575	1.354668408274988	-0.15768626163683436	0.26154833677919087	-0.054901750043548615	-0.6140302888111827	-0.272181333470522	-1.1107774889754378	-0.3440723965162601	0.9661394224735975	0.05156234594408556	-1.358102266061428	-1.2270935703138433	-0.16979274661016058	1.080863671319062	-1.3471717067379383	0.07396544358319314	0.47847427197437387	0.43097905192301483	-0.5152815581753988	-0.027934528842984606	-0.8897605573193741
DTXSID4038922	8.239516374466938	4.460190647481063	-0.33275429075998336	-2.5485166827308228	-5.357890987899279	1.402287299872589	-1.0317973867528778	3.215380648946264	-1.7923373242128975	0.7458098752664558	-1.134422999488872	0.6088550070162844	0.48056391907188656	-0.18728526328709244	0.6757485921527746	0.735386770736091	-0.5370232915562355	0.5256288371773943	0.3338540285495867	-1.9042301289235046	-0.2448195050399169	-1.2724116973267694	-0.3903906370262904	0.005703341752899727	-1.1236137874256802	-0.9253418536333069	-0.2745401674080562	0.16086436358134393	-0.28008074104738817	-0.025185511569092166	-0.6300755496785508	0.6033151784629218	1.6314964615898062	0.4682850420133738	0.9073440110922427	-0.04434012489378667	1.236553976270964	-0.6900340532942675	0.5682761519362112	-1.9019222366239195	0.368003338632147	0.03985153560267847	0.9932858162960901	-0.3471123243020774	-0.14397062493505364	-0.17434805400520484	-1.2640206454809084	0.8296061446111512	0.08135732094591552	0.4793998561064593	-0.06719727202906876	0.047185564242078454	0.6345859005668045	-0.02956179224168653	0.6091224685594137	0.9277073023853307	1.2894950796093816	-0.5244737343159153	0.6345712948968871	1.5595363962641522	-1.551003019361861	0.3831515433557362	-0.5587203107801159	-1.2444704259760864	-0.5378976596264474	0.4451254173304108	1.5409698072187725	1.0758004515575956	-1.3464860288670306	0.06126982339958058	0.1997261033573681	-0.24623814600347707	-1.8453418198695362	0.5014821097773716	-0.9907437305048348	0.14324183308260585	-1.5751992620665372	1.3397156570398618	-1.8200519004625302	0.2648806401099742	-2.0551272799809523	-1.4400785453326737	-1.0702862467997594	-0.10488568444850278	1.3592395998885813	1.800829453967082	0.2085982136771337	-0.5550168409463142	-0.5632573913892027	-0.7931525834434653	-0.2908746379103878	0.02978784008537737	0.556012594878372	-1.1713715010725718	1.5425134482726945	-0.6343008293500031	0.5174224215157617	0.06415006332549056	0.21002764080751526	0.5910668067102867
DTXSID0026547	0.13291866738998345	2.5438467857300755	-3.9009096004210977	1.5594172498312393	-0.9793173296382005	0.9470375956481893	-2.4972090096569852	-3.401665070270623	-0.9774786167396459	2.43003002282934	-3.5533928920921367	-0.24862513238655926	2.974726170386383	0.8940830038850592	-0.6709210741510758	-1.8912238431461685	-1.4510529439904745	-0.011477887450465437	0.063536536456075	0.22360684753430748	1.4089054410781583	0.8705026610134137	0.7042762739455618	-0.8460404628837817	1.1145946228094596	1.2267692914486348	-0.622177504759673	0.6039386381324593	-0.6174444660392442	-0.3115135839958814	1.7270891106423911	0.6253894688462011	0.007152465830862347	-0.23398632420510984	-0.42111640000303274	-1.1784636654384615	-0.36302943194717513	0.8605907571188525	0.2472594255564003	0.5117925977370539	-0.23397380561606723	0.47957191003532407	0.17333058580316324	0.34182413466122535	0.06620279269777773	0.06159358915081175	0.29778146971142827	-0.4583499745323045	-0.20265917766428415	-0.026874079792861858	0.04109334528676384	-0.16720599697682018	0.05197671038460151	0.21517391882881762	-0.36130479187645714	-0.27863038336272355	0.3621930194404463	-0.17270734457279227	-0.5320570663737495	-0.46100924857262726	0.7696570782834552	0.3734026153456253	-0.23951848149127214	0.3951196548391216	0.5300758087080015	-0.8604345340229871	0.24829639229574477	-0.7749457644105127	-0.23331441644996662	0.12523859255743533	-0.12651434739287482	-0.6352496320032902	-0.07624934093084686	-0.8559962976208014	0.5960981899495983	-0.5228751855736056	-0.04932981060637354	0.7637200658417784	0.2398077436182148	0.13997489959995021	-0.9763948337271977	-0.410383176780928	0.45839267896805774	-0.2661317212354691	0.3769980436043374	-0.448721476951488	-0.2684546579973709	0.12494251591206003	-0.27484996624745933	1.1186889983935775	0.15026044454313447	-0.4560734873634305	0.2249487331067294	-0.5236255194202983	-0.48211804553347726	0.4287301308810971	-0.01987065141437647	0.5438420036194246	-0.26814164277550273	-0.013828234928055917
DTXSID7025005	-4.576832994534716	1.050517127146009	-1.0117131081681194	0.3354944020988256	-2.7804731129453293	2.737434056341431	-2.490652306350713	-0.05600658709070033	-2.1622717272546543	-0.9369335408634352	-3.5690658823821435	0.011965308822668115	4.469087612299992	-0.4667380344358419	-0.28275145834511106	-1.1790826886497863	-1.1994217620501462	-0.5284050491718232	-0.450585146236616	0.5056580595005522	0.9424339309270755	0.5308649089105807	0.18918217867780013	0.09592466197720535	-0.03719505990021903	-0.037531368193724206	0.10815715797049642	-0.47537403773135045	-0.09066395006479559	-0.3944708997754981	0.20678871347931577	0.36828019565473274	-0.21489784069129364	-0.2940554325102447	-0.3694634449950242	-0.1530855373222015	-1.186739152030295	0.2560849520056302	0.10626469872028169	0.033712046369211275	-0.4846747079331807	0.3936985205380846	-0.04977625613357243	0.03369513250039303	0.2620260232257818	-0.05062875344612144	-0.0620508259041655	-0.32502554798267835	-0.27723206145664353	0.29755439172893106	-0.01188534578041221	-0.19232643789710505	0.1546226422652756	0.11706949902374379	-0.2660074671981114	-0.02376527962346866	0.4345602710241567	-0.24867044140986908	-0.21432191728671685	0.2289271668833297	0.48754829902610397	-0.10654218951807187	-0.02253371792923782	0.4317538769819019	0.21362116898323638	-0.40297377625930586	0.23988391197287082	-0.4259699449047383	0.6837142227376064	-0.3604092318149575	-0.1134273368862245	0.10546112578662126	0.06212949373888491	0.278107035314094	-0.22149819123809278	0.24229211231620565	0.7528985883474404	0.04561205956545494	-0.37210473772741376	0.29295124466553246	0.07921702421592616	0.11412729590005195	0.06269889097272363	0.3908107849026226	0.1180568844502029	0.21790451749084594	-0.35876227687732876	-0.22928693869186456	0.017214323351109204	0.06759441567535256	-0.06399776145187197	-0.09910167545470237	-0.4206549976489149	-0.029199102194027497	-0.1068987812520338	-0.35320756163338274	-0.07473122050650069	-0.17757979668648957	0.08674905306558997	0.014819528507165043
DTXSID9051454	-5.655400137363944	0.8993492307765449	1.5639826738689364	1.106755156728059	-1.039694585069207	0.1167681239964434	-0.3177602000042225	-1.3899222258891162	1.2669254937451189	-0.5030686809080308	0.4171306657785239	-0.3060402456814601	-0.251453995699612	-0.8043274210034758	0.030884210382782894	-0.06182018404431697	0.8341794401726206	-0.0003265814980139445	-0.3031995063033307	-0.69181006905661	-0.03768351446338558	-0.6620959549660906	0.9975776146044081	0.25671668582602053	-0.1412076226560733	-0.34340125572132774	-0.13459122429140716	-0.20287864400551536	-0.2799471423764919	0.05255338236033703	-0.3578394366800017	0.518862778631801	0.584530962719785	0.1122930871126824	-0.020098842611349473	-0.09066814171915427	0.03470517729863539	0.36866633669829085	0.11617866961276321	0.011121942045911335	-0.34954569180637124	0.21484730576464367	-0.3433521420063168	0.01379902653570017	-0.6335021380680661	0.20747204284578102	0.18767867240206532	-0.45287148716151066	-0.07523759163908672	0.05874228177732886	0.16539969360305348	0.029062518846061328	0.06858393772354175	-0.05791640690196812	-0.0054854171937257935	0.17378437753716208	0.16496377905597104	-0.00034897947555606146	-0.18651545266681183	-0.31743332118198836	0.6243704530595996	0.3842854061217482	0.08869767775399186	-0.08770503396867362	0.04447033424652393	-0.004283509374274126	0.10978725236410437	0.19783740094049296	0.3059806946661883	0.6508291826322001	0.014404103232986989	0.02064562597150843	-0.11193722107968705	0.2846080088764939	-0.08723525251911574	-0.18186844003248043	-0.1602491950687195	0.30972040268441375	0.18643968762803595	-0.26233958700958343	0.5145313704433162	0.5362854057036643	-0.2976786858290302	-0.11344518673430987	0.07276465110495393	-0.3259341723995782	-0.3229255189308384	-0.14685221910434	-0.017579047732845174	0.3073832461287036	-0.47015538795146405	0.056519678379334325	0.24376285050655339	0.04516963389979458	-0.041933720357774006	-0.28689761694867455	-0.04224981501180535	0.07780252622776318	-0.057792589523315493	-0.3609618427099861
DTXSID2037714	-1.6943036679128933	1.8033290903655674	2.1807069818495495	-0.49491790412617587	-2.38754858744778	-1.1150897897298773	-1.936993439524882	-3.026552468948675	-0.3275757564887594	-0.6425759310124661	-3.295965887718041	-0.2707716118215268	4.930982903075865	-0.7681099682059832	-0.6036417199688385	-1.2024204997222714	-0.8174805341924997	-0.16377498755387632	-0.6081891882258764	0.5034480238028932	0.21764363900047692	0.7082779423737552	0.5227728268188485	-0.224614840709229	0.49911085000273164	0.5504015498042065	0.5689090637049338	-0.2520462060989242	-0.13105382781191324	0.2415579850960519	-0.12183571886985498	-0.35300341759545767	-0.2464951163738618	0.11023856884872676	0.20667466303989548	0.23989253701418578	-1.2301697243352097	0.3998669039939369	-0.1367832247418908	0.4503401270763401	0.06981052906114428	0.3492986897161182	-0.12240867257606633	0.19771812328996335	-0.1143683086505592	-0.034200529566287254	0.559505072162747	-0.562034215551343	-0.20917498016362424	-0.09105010520235061	0.041195604985617494	-0.31937506917998293	0.31374305541520364	0.007372305289212533	-0.17257689547196614	-0.09954540680313893	-0.11981650255446599	0.04642738958752508	-0.27701487769670624	-0.5480335683287274	0.5503033791006722	0.04892778362920773	-0.38832542653631075	0.542423515560738	0.41021886019086923	-0.3095515965203963	-0.07896223425106018	0.2762305832522906	-0.040291992682880744	-0.5468135074317123	0.011399594007855658	-0.17980484085666246	0.0599234164603507	0.13990512907995334	0.11730380572564238	0.2475433431091765	0.3852678368500205	0.11889361692887705	0.029192174351428922	0.024756391945330015	0.12839353382207871	0.10819901065394454	-0.1618826152113368	0.12277586735093064	0.34651495911426033	0.15656250822479406	-0.016676216739221646	-0.04583547969351223	0.6874604445621494	-0.08696497987934557	0.2398764212675544	-0.34983192823137044	-0.1724475047833153	0.2563715487931431	0.06620339496791254	0.2564549929094345	0.33503264617691564	0.05725896647761974	0.10475764207353935	0.40782996609379213
DTXSID8045696	-2.892544630183052	-4.146156997683989	-2.5503524783736475	-2.2736110885213385	0.2248483121506854	0.8670538885085608	-1.5910532790429888	-0.023406384126259453	-0.621438066786716	1.3779575418185723	-0.2149207837349256	-0.6261939188116442	-0.4127929434460891	-1.4854034685230413	-1.3099801896264622	0.6654457147147513	-0.2552804194772645	0.922562018757276	-0.5978822467893912	0.3664763945743846	1.1732741273853071	0.26846704074723177	-1.0935297572948985	-1.2048924280088966	1.1806816530627509	-0.02481293792305732	-0.8935626123385901	0.05883813900835257	-0.13123084358961903	-0.41668901938090397	0.25422445532450133	-0.16699573793514255	-0.4243887629014284	0.42555656064406133	0.32682898132159444	-0.5828273347885334	0.6580746644699231	0.061013360122829485	0.10667738043323763	-0.05729521489271843	-0.117678624101732	-0.48714795397124905	0.2683893594459878	-0.30448522110355924	0.38590543170706354	0.04288975031702714	-0.05799049669654418	0.04203982119776992	0.1938719250097248	-0.009568789879375192	0.0855264821478314	-0.04474062567870582	-0.24706403800492743	-0.19630870752917928	-0.09907789633977085	0.03388254789741942	0.12137717236339052	-0.43537097525017177	0.5684674996888646	-0.07632461586517661	-0.18928569155251418	0.2656567603806278	0.7222220301866629	0.4634054823890806	-0.21707249955617333	0.7503176006602915	-0.050132663898088424	-0.18604109522462295	0.004723281022610515	-0.3393694289265696	0.3374914217963438	0.25627649100828154	0.1331379281437367	-0.35108014166842194	-0.4097056201194671	-0.5658134207595911	-1.0376899200259828	-0.3381135569094106	0.4750379039514878	0.48181490181777625	0.3851676045088881	-0.2890955706812311	0.5805429253437184	-0.16815707575013453	0.8299231670628866	0.2781038281467944	-0.025290836749728537	0.9168876707647358	0.2920943805722109	1.1051743499505513	1.0441875394083462	-0.6906472547523687	1.2978646861656284	-0.2350440964356636	1.2697622316761483	0.2708517190806394	-0.5491556278363676	0.5027791665748697	0.6888976791195963	-0.40882602929258677
DTXSID5048976	0.9414562556336522	-7.941364557946841	-3.1313378775426126	2.7847223329955013	-2.52515094012304	0.5731581588335641	-1.6262199898577456	-0.26828579238515	1.6769982672165455	-2.2362480683136807	0.5200503993709057	-0.4508991923931969	-0.5323522670095154	-0.5771290723080958	-1.7185289331462013	-0.2490670875905253	0.7868521665024888	-0.8321956416906153	-0.2924139782642845	0.21504917113444227	0.15664612739980538	0.31927261639925436	0.5945567264130748	-0.6941958944575038	0.4768807647158856	-0.3488991446955938	0.3027313054714739	0.5295329972216711	0.013999103611890053	0.14816456106191878	-0.4213171411931193	-0.047839084070595006	0.38361222955435675	-0.2644335337658808	-0.44590046118820903	-0.715947584624699	0.021661576294579318	-0.0955731361471135	-0.17066569038384374	-0.2560286676547281	0.030013551590787967	0.042870607739742446	-0.7250322726603265	-0.39284494214440296	0.1149766123404606	0.07638666354303658	0.7852166278830267	0.13957408987873918	0.2962522617036581	-0.0023511493947781566	0.09657798121934973	-0.17255721906930777	0.11527495359228185	-0.25912630749491145	0.47103948317055055	-0.41800834538640286	-0.6164321268713121	0.05779588387567434	0.12759342516103064	-0.4234564221581161	-0.048719313127093225	-0.14293757517110697	0.5966651065054042	-0.44865823067857863	-0.044085129335105326	-0.6243859366236049	-0.006263060283877131	-0.7180418707747817	0.4048414982902662	0.8835277054760537	0.42581848160395147	-0.06054810599034238	0.7032535737121736	-0.5747133912797995	-1.1611605488628727	-0.06003048178655542	-1.365483651178197	-0.007493838512603212	-0.3871314909008255	1.1153180841837194	1.004044587941995	0.5438358780601228	0.7782252679803897	-0.4979367892169907	-0.3379083926214031	-0.19122414959729017	1.838032270485319	0.11899942175185792	0.545844596193684	0.14931828769326294	-0.035167936418211344	-0.023689521596491847	0.31636645255852336	-0.524399686989873	0.2477963711849858	0.9643304972531992	-0.6496978666915121	-0.2152059489092783	-0.1497488267818732	0.307181510208295
DTXSID0044496	-1.829467003761458	-3.2063500783426435	2.871423338218686	-0.18089840116631462	0.40724355212357877	-1.1603526471195424	-0.00637028238032607	-0.033993158135179245	0.5436565158130009	-1.9778659869970763	-0.7017947925311706	0.24302350129663702	-0.43459429731647053	0.47897873057099216	-0.6259015279373147	-1.648807119163118	0.8971494183476235	-1.7072308904870892	1.474269358845128	-0.17626011272848968	0.45309204795610514	0.613565840145712	2.155602672155483	-0.7030415728137422	0.7288775506943858	-0.12972743316531818	-0.6684473801568283	0.4096473015395374	0.07208377651059955	-0.3993968615098187	-0.7320863969323935	-0.5257723671852861	0.3972398000503971	-1.5627235274308027	-0.39226359357880725	-0.8541729325085587	-0.5672707162371328	0.5308668672156656	0.2094292928452627	-0.09325648643827052	0.677336758441974	0.19830273889911326	-0.6027675446724561	-0.4921929682964932	0.47909268753514134	0.74465925109165	0.7417820388041976	-0.23159829168930376	-0.24457863674757685	-0.3066718975623691	0.060234109142894524	-0.043732116811242866	0.2887816174347901	0.12001912900419423	-0.16733237140090945	-0.8233503877117004	0.6284958720593803	-0.5413281709191432	-0.026863732296109114	0.7661481710606015	0.4204571676734612	-0.46702461035338577	-0.7219365113391163	-1.0317053102536655	-0.22874351123069744	1.359511451838307	-0.569615011123537	0.05818664531019184	-0.9352219185741995	0.25515922814263076	-0.19094211931940872	-0.04283114219224461	0.05573921202329286	-0.219789369747669	0.8793789227400836	0.42834866795749643	0.15025757845861162	0.08678204656642882	0.11883854487578846	-0.2168076340282369	-0.4560100787128456	-0.3030750619799754	-0.17686126992314213	-0.016572123711386166	0.020452388901856636	-0.2822060109597186	0.11663956770949267	0.6081017594206065	0.024345263947214955	-0.0598947774126337	0.2032291191389204	-0.18129575441928217	-0.23140960503488275	-0.14955114819176643	-0.011554764918614182	-0.033732555723245135	0.69885777814309	-0.18261434171103397	0.14439232064506502	0.37963762731404155
DTXSID0046692	8.12500674897092	1.291630823238177	-1.3193536233347825	2.718642978414022	2.4586389974754232	0.43668140842325776	3.5519128855823525	0.9476047986117405	-1.8394975626348058	-0.9963107666342088	2.7862858450644903	-1.1357671363024746	0.4581088252572375	1.0179466831165724	4.4534134668650704	-0.5718162335634092	-1.8269758780166576	0.9259427538666739	-1.5346433378380193	1.0650522110099476	-1.4201455999830814	0.7128303352041856	0.7836306695407311	-0.625032360322608	1.8810812848477023	0.2752837512200853	2.784100631435928	0.5293537835834156	1.1393911249349744	-2.036926156989288	1.2626890296721645	-1.0645265354960753	0.7543155472462049	-5.55460458635743	-2.2822102488915643	1.1008115283473825	-1.4307546888158236	1.0499708528095448	2.809379409777433	-1.365898406576923	1.1288528345078426	-2.6949275390676224	2.847854388064817	2.2347622378522463	-1.3157874270121581	-1.9020105261560039	-0.6672344852971608	-0.08070689264232159	0.37462490491696204	-0.7913093784438809	0.5613977172348616	-1.557770301939978	0.7499763633304344	0.8061765505762704	-2.212608427263901	2.4598853348492833	-1.421201021839451	1.7983791673286778	2.344360280095293	-0.9318632057122593	6.708737158441922	2.1099209883669627	3.610239341454633	-0.33450791803134694	-2.0022678878498468	0.6864999748192215	-1.2895882497904125	4.298537628926731	-1.5796943165602917	2.927050910516035	2.6184797561716175	-1.393970462273315	1.197015209522824	0.9067203350831027	-0.32848587970412835	2.1969176760071485	-0.23615522921592275	-1.4185586929904426	-0.5329170803184805	-1.3810762687341775	-1.7876790721509312	0.7769759675932346	-1.3943896061019347	1.2102736649154953	0.9516402844339759	0.08198495708320137	-0.4399151846626793	-0.104930313764249	-1.390775777320654	0.9245500456427665	1.882288494669199	1.3403685709867286	-0.2711836231921006	-0.06562786418908341	-0.20824072522454756	1.8724510579957445	1.5419628640904985	0.8260983723307566	-0.5776533362312856	0.4797427533345189
DTXSID7057783	1.421618910485797	-2.145045472884556	2.308085747394809	-2.621499363698258	1.6699187336378378	-2.0261938507019006	-1.9261001933485626	0.744779434789056	-0.5927648001713947	-1.6724308517226072	-0.6318738592530304	0.4446044679610374	-0.9754365211566113	2.0623909999590944	-1.4609114384375868	0.40477467871240075	-0.3798615990369626	-0.4187757265217998	0.7906300585946001	-0.17127021772245643	0.4418580022611716	0.31415297786117746	-0.7081751259941588	-1.0915956789153993	0.9565773625137487	-0.36129574305209006	-1.6626116659682135	-0.11137882416516315	-0.05355784165114266	-0.6328675171786994	-1.1146478248187819	-0.11248291859580613	-0.2649462803268736	0.2662641022421593	0.17075568709471836	0.40039267950461854	0.4203839594413717	0.266853087183193	-0.3254776555965037	0.1445136408632217	-0.15614969573701828	-0.5722858759372282	-0.1143609077943632	-0.503944645251935	-0.08541599135031	-0.08557704933219945	-0.3393807337051736	-0.1432724485116066	0.2087616964703895	-0.0010932210779064763	-0.10854062681373268	-0.19651789688140614	0.0649015620309455	-0.5612642100354487	0.035222065212608136	0.2646638233984164	-0.5640956333532722	0.042058029508559025	0.42409917474036746	0.052946604808403575	-0.34510312688426237	0.4218540058512319	0.9297684422019037	0.4854589083392019	-0.11994314232302407	-0.784034071015362	0.039243205177908816	-0.37932597382936956	0.6476956904206636	0.46415288263208154	0.5861498747535664	0.2702930430699322	0.3392175926195517	0.09175978522019868	-1.2679807121365743	-0.3555347247534926	-0.22228996416241845	0.43240295646427107	0.3108242421572845	0.08353649038242947	0.22723908637942183	-0.3334580353362489	-0.0012093379999779119	-0.15936685230541128	-0.11088186555601613	0.6088783120993562	0.46529726747133865	-0.27044330462142063	0.36654655659273344	-0.2418247512729472	0.46795662708770075	-0.31622404822941935	0.4341217263896342	-0.20096508272265182	-0.3539573168974814	0.06598126677165808	0.21629805397226975	-0.05839373434807047	-0.005929578939103426	0.14741986211183847
DTXSID1024702	-0.37880558432761363	-0.04660693055912301	1.5715102995671402	0.989101315906929	-3.058550791749558	-0.724317294568476	-0.307251058603972	-0.1828988545098301	1.6434313328561936	-1.987382313783796	-0.9422349086175251	0.04564629369572326	-0.6030004905986988	1.0233468301032491	1.4214353928467889	-1.0318575396056477	1.4149949720189299	0.16862617401381547	2.2728279128899573	-0.2738223736966989	-0.10780451329654313	0.11871318307134313	-0.08673691103689303	0.07059505344127787	1.1391537183023477	0.859243584641843	2.5944363947424054	-0.8038936742344569	0.5056091221380555	-0.26677554353603966	0.8896677299997083	1.5375046972008148	-0.24468208176705716	1.2765602804362248	-0.29289768877875055	-0.780330009653742	0.2951371251434804	0.7070145879542316	-0.9707987767225497	-1.9766358244687612	0.22814819088355986	-0.0667058299709501	0.9154518149771229	-0.36616924360947783	0.14150754559419265	0.7008461999284359	0.047910981280964854	0.3765221966258985	-0.19443260310518745	0.027497773645305413	-0.09260887298607186	0.7115500347615553	0.12082126467887991	0.3189200240443218	0.3322420635507395	0.3794577359032328	0.9449087365345485	-0.10633397800541658	0.16428375725230307	0.8167423099511907	0.081811731996567	0.26664532567734095	-0.03410001300815477	0.3923343993027458	0.5965932406439256	0.4851419585664268	-0.19689474088146924	0.6646854518207448	-0.2731630245991913	-0.30924110042117847	0.3058920202031795	0.3760067341607523	-0.5426680122255295	0.6803950204504295	-1.0371360403122014	-0.19289539486634855	0.3455150350564968	1.0790925948269643	0.7365283145746742	-0.8585643750261357	0.5795095009937167	-0.44031582364702143	-0.34259367789386325	0.07348413216930552	-0.048441129062582224	0.012013993474577881	-0.25271235029797323	-0.05603753190553414	-0.4265217585883813	0.23863963109247463	0.40454378252719053	0.14828030587780475	0.7901056455639139	0.7645418063808995	-0.23401949105914874	0.3347019574293037	0.49097954802598254	0.07972687532208232	0.1462691708245154	0.4193125944109509
DTXSID4045711	5.892026128541091	4.205846906443561	0.4690631893094794	2.100521226925818	0.1109109961731956	-1.8741561098674029	0.011033103963664737	1.2217283577401976	1.2826543310604883	-1.41283613280731	-0.126823220576354	1.0274125522804276	-1.4371459809822387	3.783709694704757	3.232429464539219	1.6721597930259204	-2.7502067723052463	1.5630275908705544	-0.8547463920662031	1.1604775580807731	-0.5582545095235097	1.0950731161167058	0.5958006767588162	-0.5773558631710112	2.1912612742480464	1.4693898454636254	4.4005246191434795	-0.8588065797251598	0.13985769100437387	0.11371266645930488	0.9961220690619188	-1.5886867342936966	1.083171982004068	-4.1004831706562195	-0.2915389539404242	1.1326700494402744	0.4818027190838342	-1.1098520990725311	5.879328372528115	-0.08495967024220574	0.07832776336529639	-2.23371586791346	0.13060142660784071	-0.4568787395781557	0.07979138998099143	-2.938796002165215	-1.283946511901295	1.1038268669444655	-0.6706144878728768	-0.4596887115082625	0.10441641267364087	-0.9611460788871034	0.1574249780969137	0.5413491771333867	-1.335000181535808	2.204901477125667	1.0993188985635658	1.3585684575367625	1.5168409486172194	-0.17950767130683554	3.563345790370009	-1.0301464112866578	4.461015246566054	-3.1615315549061718	-2.2779281528826143	1.6244304371574252	1.7196559032515133	1.574945679434301	-1.490379573217249	-1.4524592298488785	-1.0050434832261497	-1.8283977118676948	1.2503137579928978	-1.379760601742821	-0.9514950175326562	-0.14041856876780667	0.33735311258501594	-1.4855703694971025	0.058086090355165036	0.24554402915411416	-0.9119201599835538	1.2924041348106863	-1.3585086193389893	-0.058174162664942505	0.8765466978753124	-0.054993764686088624	-0.4732168672195631	-0.6903058782996602	0.10733084738021942	0.5958992847166888	-0.20741425872948904	0.482231607524247	0.2036301137683859	0.6477293982485731	0.3273221636365685	0.7592613346005468	0.5069212015266242	-0.5799176282198091	-0.3910019770294458	0.17713945273492995
DTXSID6020147	-4.825529884331108	1.0475462834831077	-2.4254166313531154	3.7004648503165383	-0.12170886584338636	-0.7320497881438348	4.506196980026651	-1.3173916986856107	-0.3711824579399867	-2.0827958317286903	1.1907799700173745	-1.2592434766295515	0.4712331220416768	-1.6529184494093299	-1.3164734590729503	2.0414982199535796	-1.846276389335244	0.8258641379072275	2.8535105079459697	-1.5207852463565732	1.5691468985745596	0.9261703061809842	-0.022290107875343586	0.22945034951794735	-0.8841574161602537	1.440470950515522	-0.15165902026895603	0.2369105080260255	-0.39014644796197945	0.04696672066828989	-0.5299930049441907	-0.3197146152716641	-0.7633673448652469	-0.19982186302779634	-0.3481032148238179	0.3560260552079113	0.1946401127995422	-0.3346322015975119	-0.16702704752959507	0.27484132777335174	0.15665137859417544	-0.10456667711708217	-0.03124806076858155	-0.1339708921948922	0.3483317115618963	-0.8613637934704952	-0.23693851458410706	-0.32886902507616395	0.08604002829557042	-0.0010543830703012272	-0.006202795350382439	-0.06641412406969208	0.03950484117681302	-0.23627377718463557	-0.3476741263542244	-0.3581195857876411	0.5758499050326461	0.050316194110372324	0.7591501118982684	0.2129320285475698	-0.28308746333323875	-0.19274388758666627	0.24912450207355885	-0.34382562717534626	0.09755759129923718	0.5557184889612685	0.0864730848982232	-0.35829878321404474	0.5191702047269895	0.38679779869444847	0.006949702959969169	0.5385410120534695	0.08544291448424887	-0.22506085462163078	-0.42899921246397693	-0.30770157333874315	-0.11446820952094137	0.22796237053226523	0.828619595311876	-0.31502915244517626	-0.17995467762736755	0.6134004316041965	-0.6236712910530127	-0.17127191914513143	0.1014419462038384	-0.3600189977194855	-0.5088443520235169	0.5320165594160843	0.9460488880627651	0.5594979770994588	-0.20859922454253496	0.2119900970473813	-0.5195881911311574	-0.04815166346382736	0.4668508275188172	-1.147248716210541	0.5512337477484562	-0.156141033677431	0.026754705632176246	0.22937968873970138
DTXSID2021284	-6.134448778332514	1.0765383458369706	0.9490930030048081	0.7753839144395701	-1.320349769201805	0.20754385395477762	-1.1967623553515603	-0.9180178551163246	1.4986602162245146	-0.7026697876797361	0.7360259979446532	-0.510921418723596	-0.6251528908752445	-0.8476759424537487	-0.4602059629248618	0.5193491931077561	0.3239152649629419	-0.032825752683455604	-0.23331856827164071	-0.232884687649141	-0.0030703052447459546	-0.22463350385818312	0.10143057391621009	0.035665839512632705	-0.1760316965134063	0.20671036210153781	-0.01836450032463996	0.04026367366732673	0.003617335625799773	-0.12544073725867244	-0.15691613933344942	0.04776762540964181	-0.536745132614574	-0.0366579870446926	-0.04222273501848927	-0.2852212683699454	0.1589925979494668	0.0880013513163793	-0.06040125390992752	0.29230829115451396	-0.3341379329159411	0.17291801485277092	-0.025934852831549074	0.14916885607796665	-0.21308543077879255	-0.008232375932646252	-0.08697986487484653	-0.5830010686072382	-0.03233852697016524	0.05993722522112597	0.16268699870945444	-0.08166972937999249	0.0418147079481974	-0.05424169732049259	-0.1451362595348106	-0.17883167309769332	0.07350594779357086	-0.051162627662866576	0.15491534082399575	-0.1051450685519416	0.34052316176071684	0.18850250159659418	-0.007630706676129997	0.42271468393378475	0.10822301895795454	0.3673395001534475	0.06296203124328868	-0.5538329159960302	0.4140986910723693	0.318125672140516	0.314659821913429	-0.45646588454693265	0.4946005304072307	0.4296575764079007	0.14699916899325027	-0.10293159214295657	0.10785461119153741	0.20261588430284883	-0.027594657329599856	-0.2847146499019826	0.6431379450999387	-0.008069307323007792	-0.1329431781340525	-0.16930558454588981	0.18365542322103803	0.03355119517624383	-0.2664504963954647	-0.36219265549064683	-0.34417636207286056	0.25076114774530067	-0.4794505483216646	-0.208002372166994	0.05093660661236148	-0.14389060613936078	-0.0019242000583859099	-0.19758547034199234	0.041874512827996	0.21068462285933875	0.10289613128741616	-0.2565425381414484
DTXSID1024170	-3.242037655020474	-3.7535050379856556	1.2316119229851692	-1.753415844638127	-2.5132352522855603	-1.0718273926657667	1.0353372007673987	0.22807799332738213	2.7358817631822356	-0.06797663334119047	-0.5059959368098942	-0.09883849363916501	-1.326930126837109	-1.0791707709407246	5.101837677847208	-0.556696590233062	-4.187705662367857	-1.6484364393926463	0.16218908432966583	6.713395153220453	4.371257411527428	-0.9782387427302104	0.14666033702250705	1.7982115087460495	-3.194484182136578	-0.8462748591739938	-2.0427987246537365	0.45310633362695973	-1.9969784342434458	-0.03281302286486828	0.26809082587433647	0.1551553493570646	-0.23572121641304267	1.0097304019426463	1.0217178072770416	0.5739243490987721	1.1534842127541505	-0.4546556754700302	-0.8538333972828621	-1.2244039840134529	-0.6834687709574847	-0.30114201956798436	0.15740459094121184	0.17847127587066036	0.48872232335077836	-0.3226759580238409	0.5900742996478496	-0.8966213335467007	-0.06145724617690428	-0.10441869060815301	0.016376514499044145	0.14799367814438827	-0.13276967857190275	-0.5401328140085058	-0.47552417080146	-0.4867875711684166	-0.7780701145967444	-0.4390719010547987	-0.27339546345603694	0.938744346227245	-0.23187468757008226	0.6231210645690256	0.2219192387000964	0.4517928082339588	-0.6350716930808458	-0.29935245220114054	0.2076470533766838	0.5065496447584922	-0.16392884677739314	-0.8819791815711563	-0.08090182460052767	-0.8117013469872565	0.6315714887398401	0.561502667581281	-0.19496427137406214	0.042036330005419516	-0.21048188538341706	-0.5301981751760108	-0.6465359301773052	-0.21271602310942664	-0.17574042871151044	0.20146678989856417	-0.7135724066500865	0.270049643483685	0.1009053688497056	-0.845427305615968	0.091332811093493	-0.9787408788088274	0.4807981753745615	-0.7941213576446997	-0.43915212786730334	0.002569336260287865	-0.15899736008272863	-0.5588308830161696	-0.4014573400902814	0.5045753158535811	0.4711269497035043	-0.018633223907751368	-0.31487927581476066	0.06334721088971726
DTXSID3020960	-1.1855780366215791	2.8097286964442603	-0.16809189537737632	2.2351657077604394	1.3327372237510373	0.8221212912541656	-0.906253467445894	-2.7007514939926827	0.7998694556489798	0.219211461437956	1.0329801875833835	6.258844394738755	-1.5115417881970126	-2.470509151852565	0.8871133243031074	-1.1535142441044017	-0.5906271213542433	0.1636946135942631	0.44123898648558174	-0.9535121658312665	-0.4018771218128277	0.060425303927163825	-0.16900513303376938	-0.046025775514006356	0.3780516600490321	0.13084303965194352	-0.003336652926360572	-0.24504815059164803	-0.11997271278352367	0.01866942720422419	-1.509876984959175	0.31397244457781603	0.03804918556463054	0.4961065946808335	0.34138176054119196	-0.01406040974121968	0.3415933145187776	1.1452482734176095	0.7313232884964641	0.0844692658093778	-0.40994762003931035	0.08372447493402155	0.009082190076788479	0.27957100292907433	-0.5829795547907931	0.4787896471356677	0.46124488600365643	-0.3422864370967323	0.3110488504284369	0.3570771534529851	0.14292014272664808	0.36960995680544884	0.06664076953651409	-0.2648231766945933	0.29317039256305794	-0.506279133423195	-0.5737644197413494	-0.28334917966329803	0.08999364199961443	-0.5625172898907005	0.5732818670856225	0.40003960435421604	-0.3857091211870924	-0.08247723296588617	0.18021200656969247	-0.31452386283205613	0.7507684328044322	0.14908489296036728	-0.1404193437196998	0.08926977290129019	0.3668593878619922	-0.4137536208888405	-1.0152570766934994	0.36191552672721	0.6548637005936708	-0.43361035059207165	0.11475136367770182	-0.3521927627478473	-0.07456332633146752	-0.5875027665871974	-0.5404165792148198	0.6387187961728892	-0.10003177465048554	0.9369840435155267	-0.43042470561058127	0.3478467690435379	1.6306832966179587	-0.0548845185288532	2.34357985208421	0.624881509279664	-0.004920813208137247	0.14877851713808396	-0.3339439928662847	0.2542051679429407	0.25768607052830605	0.001479554773125497	0.7835157910618745	0.013192511341429057	-0.5461706732491609	0.5200741880641736
DTXSID1027267	-1.0809349398875825	-0.4124340629673998	6.2021040064602735	-5.743141324907041	-1.8766134480980392	-3.4565202059699685	0.39874623421015776	-0.8797540502554057	1.6486346651016213	0.9586100162815189	0.8856299632432917	0.5515300576563826	2.1094052564764176	-2.96034205407164	-3.368763521593723	-0.7527343513020257	-0.46944891799436195	-1.133494569147509	0.08811463517220622	1.4327335599146238	-0.3026663539983082	1.0485064634250576	-1.1887819879221557	-0.3669228846065953	-0.729208052729675	0.33407940319305873	1.1262210125202265	0.20272667514421816	0.6298299952195486	0.9546197992292699	1.1126583076564798	-1.18701896005696	-0.33898991685894486	-0.2662682420019038	0.42253448207762234	0.6353639965064244	-0.8001462358196212	0.10744648795671326	0.0465199763522372	0.6723195435685184	0.1965123994946519	0.07731711745539077	-0.25014816727475886	-0.23045527790325726	0.26203041876351185	0.06648088511322357	0.30242092944088345	-0.37109525405279	0.10691844521738067	-0.5532065115821231	0.059571987687394086	-0.20790331634562467	-0.26677102102418	0.2644195390491216	-0.14432330128538956	0.1537789983407656	-0.34908788093646	0.2548761533687093	0.17093033740457156	-0.31101198817658005	0.07033744413636356	-0.4248739116052015	-0.23423837913997125	0.12095907671928136	0.3580239083040399	0.7709358317673983	-0.808217057301404	0.5523054597512667	0.09966312312707003	0.05978165677486577	0.8132260581855459	0.07208626541325282	0.5460107500974467	0.036798829478080046	0.28428613272408315	0.02505259604818964	0.46286596819405623	0.06673172916444037	0.25909954161160553	-0.06160232442645978	0.6701292897271709	-0.07584927690299355	0.06278006085510449	-0.09441609115099528	0.2542735493584285	0.12171983498421958	-0.28093302690869837	-0.6047680244916983	0.11795880407523898	0.05470563501117899	0.11418071981793812	-0.15152177970483446	-0.1044931191121655	0.21798409714603462	-0.15580972122894715	0.31698140706020184	0.03365681224453389	0.5166038350188741	0.4360893736175131	-0.20056708653073413
DTXSID4049400	-0.7240496885814705	3.6601934488383714	2.212358035817004	1.9012895964746677	-0.07103657151239594	0.39989501098113966	-1.7738590047369915	-1.0444194752433003	1.733429349833654	-0.6975058081321895	1.296405821116199	-0.9246419125555119	-1.339889922001242	-0.8641307734288135	-0.8624268853261535	0.8358615288028147	-0.5602406865523355	0.06680816907430741	-1.067642869730267	0.44398590182250297	-0.2858298720721704	0.10166194348671162	-0.22239258254788766	-0.5201329685603671	1.1584409731110863	0.2113345060876792	0.12506036207387577	-0.5941927792580658	-0.296168387525059	0.037024506874625406	-1.0777673806701822	0.5473859174975025	-0.23765789195150566	0.38688992417805856	1.5743849143396522	0.05055819254614372	-0.2915633513264063	0.5555348033096358	0.6923925627606377	0.44963671187173226	-0.48650185132944135	-0.33164458375763595	0.39321780095462777	-0.03379498671686835	-0.2992494099651717	0.2222984075205115	0.35974737121703754	-0.07538999161175693	-0.1174184814281169	0.21540043148028842	0.10714832430805088	0.2892231006779322	0.21784215477892677	-0.5102672762956586	0.35821176655624815	-0.3650400370294476	-0.621682679819655	-0.3492913035626838	0.21395512810410303	-0.7924382899175814	0.41436578039041383	0.29054539200299917	-0.34855806030051323	0.1365853288488193	0.822812398187841	0.18433521359161356	0.6210330522414166	0.850438921364377	0.17348960625059115	-0.7592368634069198	0.14418577121445633	-0.2965619171384863	-0.34962407973357235	0.47117545203152733	0.19529401825719994	-0.14607817031820616	0.3936574438119858	-0.04909886435620653	0.017149105605560763	1.1153299472326694	0.6013923609763162	0.4990955739768524	0.5482258825158776	-0.2214215624178721	-0.16874580750445067	-0.18010540218917842	0.7892354494797149	0.9194756849143183	1.2957099830732053	-0.3077740744291739	0.3374883813851282	-0.11905482637482033	0.0010732673821572099	-0.609174179519138	0.04697524643998953	-0.14882282596589247	-0.11565282352157781	-0.08092190169492135	0.4997799633922265	0.2473486359821343
DTXSID1022843	5.7165716858124735	8.848274178493236	2.1057461660132826	-0.039445325188737966	-4.108858332249622	-1.9787603204519801	-0.8971818677870421	0.8666757872732546	1.8195495558035357	-0.6109913034820323	1.1445197695162272	0.35239403539675657	-0.652126577271535	0.3586996983621931	1.4097453240054232	1.8869696017524988	-0.8688673694356206	0.7482877383644256	-0.3551713520395399	-1.7308007713969729	-0.8801001426923002	-0.6980478492011404	0.8039829969502773	0.1069139690791564	-0.8859735280612435	0.7368098783775363	0.19304052466025517	-0.24643135533314572	-0.24773022880802986	-1.5641789170220533	-1.466741631412332	0.5858027247057814	-0.14902352104301816	0.5923121966507957	0.1612775908151852	-2.178227144110571	0.33489969770488137	-0.011920987091692065	-0.3114891721101814	0.9887407519080328	-0.10665990440550488	0.47708475467368167	1.04416101659288	-1.181289972291938	-0.06779794393024727	0.17772064773240087	-1.2708127700739487	0.4624913741798045	0.2416057175670064	0.30893000929722264	0.07180351386189955	0.014302932327128497	0.6160646708025113	-0.10763542869339372	0.17257572370687738	0.5431388660346899	0.9884880899463827	0.949685022089054	0.28639729060876673	-0.2320708589703487	0.06120481696095307	-0.27693899402211136	-0.8767789791577109	-0.6142952772701787	0.6043187911005179	0.9948601772609957	0.5873909516955466	-1.6513540286661603	-0.13905535334091085	0.47386822320178085	2.612963157405573	-0.026679619640559857	-0.8824911264170974	-0.44805457283772154	0.11373645902704099	-0.47823677070151593	-0.004507474934529432	-0.7891847496337041	-0.4833395078820288	0.2250134046635101	0.3183684333875893	0.1757162742184801	0.18647396914296135	0.0171171502697064	1.0881821491160442	0.23354878748521682	-0.2407435055502496	0.9207335535212536	-0.8923840523905736	0.599359313953605	-1.7274297171752158	-0.0431491192385832	0.8921937980871778	0.154144813775197	-0.13487129158817074	-0.28180873760235253	-0.2653269855928198	-0.2990901210870026	0.5171506320825371	-0.060289156126795355
DTXSID5051446	-3.9409504845696204	-1.0552336000516382	-3.499278584986237	2.786176299030058	2.2938998050246955	-1.720333831462728	1.5867451849497922	0.36977295713118086	0.3810389918017837	3.179733762809717	-0.4342492367548459	-1.579566634107734	-0.17352516515934713	1.5345670553860085	-1.9470382139859053	-3.4108440120517147	-0.2803524610178001	-1.0522132810509581	-0.4154389537340985	1.4058489112527142	-2.0973919653492543	-0.05386061097963609	0.8905251440410805	0.448127888339165	-1.1882444312129137	-1.1322152848222147	-1.0905680068850394	-1.0026019982762937	-0.31882234705142254	-0.6497112508724561	1.167737074282252	-0.4937963237527797	-2.17228296864817	2.4479241389033657	0.28480637175981766	-2.0990504753426276	-1.9928836439143858	-0.42983275907363216	0.5758135715059143	-0.6383293935515965	1.9730687808225447	-1.2708130584850417	-0.6314280397934774	1.4612828578154207	-1.2181875286243644	-0.502397788585666	-0.8836561225759073	0.8066032160586492	0.7846532301638959	1.3284674258157596	0.6861186784201032	0.6869314169896416	0.15070586400362437	0.4506823285609527	0.12235133886138283	0.163857332428414	0.4983426384521743	0.39611790401941455	1.340239201052288	-1.1498347293990712	-0.16930542805520182	1.347789350458627	1.1108156023798408	-0.5193292908228488	-1.0428969970577382	1.030381602915785	-1.0155396418012093	-0.5863709493059712	0.004094758705008429	0.20248992979880076	-0.9602661523564417	1.450096629607629	-0.8254052613910975	0.17265162728496464	-0.3961549856287689	0.8915964525141368	0.4259322579066047	0.6105100880101751	-0.784719007491972	0.3590804002528819	-0.1547630461844928	0.10608315822233155	-0.7133547659181244	-0.08853976389164694	1.027281096439203	-0.14453435049383379	0.27764678013969385	-0.3900781060446243	-0.8514496210812607	0.18887235469886146	-0.16361038761524446	0.07338610941838095	-1.0590976682670927	0.5968497241712579	0.04928757096419438	0.30730149022141573	0.00037195327033263633	-0.13802780784608404	0.32938892945800907	0.24265290214350616
DTXSID4044161	-5.956870983801142	-1.99575905548961	0.026777386317942374	-2.4197554073399736	-2.0203580058312105	2.6074399959580052	-1.2015622372612087	2.562415722850617	-0.7151666810314321	0.24093314433434546	0.4343353907500206	-0.5410979616678769	-0.4081593721316357	-1.349389403874223	0.07294149274281012	0.8483560325811601	-1.8507597511871323	-0.6069642427679249	0.2615453213156217	-0.32653182344146264	-0.6811154545229294	0.0164626489097135	-1.2353482769276245	-0.8183785583151483	0.02518355148804787	-1.2727366724099005	-0.5717278166529948	-0.3314385546741164	-0.2823694081976135	0.955050067873197	-0.20259680118184975	-1.6180084272522604	0.44613935738462956	1.0401747175440517	-0.42153028823146704	-0.12352288891520476	-1.2753067270228085	-0.7298673745027763	-0.041281126770123355	0.0017589075780847644	-0.5030803346213856	0.18626212729635946	-0.2930509881982841	-0.21777433952783953	0.6433826057463381	-0.19177045549985444	0.06289641213726714	0.3460497687948341	-0.45124666138453073	-0.39871917398274936	-0.1607850715201999	-0.5375618510296578	0.07790753428394143	-0.20528173970495117	0.42535635688393336	-0.49268575000113624	-0.21308108658739774	0.6690341643994705	0.284402032262519	-0.19505514629427984	0.6653031589735612	-0.05290208314152997	-1.0575238221868335	0.7739703259583783	0.6703762183567112	-0.005054154728716246	-0.24406320921168317	-0.022253166905651395	-0.408264178297308	-1.1056590765002912	-0.6650175394143388	0.29171491546198486	0.12955880906159634	0.202234727212168	-0.5761207291881094	-0.08613640359593935	-1.7726593599074014	-0.45683310303221053	-1.4720483734224399	-0.13204284870231758	-0.4530362536461563	-0.9942951561888063	-2.7607073806478133	-1.808667942014226	-1.0001400073083828	0.39403340639637996	-0.6957423092561913	-1.5490224094354834	1.1220526564100706	-1.1476444794623502	0.5112911667574991	0.7941766041383622	-1.1210051623374762	0.677955786809616	-1.2940253393853876	0.5958625741318074	-0.08053603033615761	-0.312921610309579	-0.6427358698543083	-1.5569757600122864
DTXSID1042445	0.01678032695551676	-0.3844237556149452	-2.3611735690558073	0.20051073917187665	0.2794533102151242	-2.5305524904126777	4.56417705060611	-0.024855115897117138	-0.3068078411485857	0.6256148848083343	-1.1075216775002303	-0.3174655199407103	1.0912152881953425	3.2282879393634683	1.6906309403012563	0.9319921526063581	-1.1954060413416676	1.012760768910285	0.07367206754646825	-0.3087023638197	-0.5377038053124542	0.01663622938383123	-2.2268111446307097	-0.6600920182645411	1.1357341212317846	-0.8573044830567536	1.1295930198043058	-0.6065263132094177	0.44669924093601954	0.8585056471001683	-0.02728098952571166	-0.9927893063783195	0.9902732697969946	-0.5993348459529371	0.3377650424833538	1.1755746906667475	-0.1612405843996919	-1.4085765551996605	-0.13933974960139114	-0.7717824797400511	0.6055844370596406	2.1663851178615703	-1.0427501284228677	0.08110853068825993	0.6380325788314565	0.24526073517772293	-0.7136336404728517	-0.37232680866789347	-0.3566547384723674	-0.43698665672880166	0.22371447334625472	-0.058841856396791584	0.12167177538653218	0.8373463087660301	-0.0759589845717231	-0.9949666694429014	0.08482725259554012	0.8567535601282037	0.7139770608386895	1.632970779970302	-1.0712202834675093	0.8754073537904314	-0.7388497628747662	-0.7237436420387867	-0.6595529480179756	0.5977240996543675	-0.9814567977661406	-0.6745752607942486	1.4758208868246898	1.0075361939320833	0.014517568356520984	-0.15036837448157003	0.49112427073458226	2.0754480203655263	-0.1737453012338511	1.0615774530144464	-0.08303263562736077	0.527448146507673	0.03786285142584916	-1.0251876531541813	0.593397475590873	-0.044602441244809506	-0.492918099712748	-0.4040305377602947	0.8684161378038768	0.2692138725407666	0.45603954301206945	0.2111428026779494	-0.15744375494480028	1.4234292770707817	0.4184127645378795	-0.42563306330376766	0.5190621902788932	-0.3709409232769892	-0.1389464979500075	0.14551395088491229	-0.5764705643325599	-0.38130811098997763	0.1820810679315499	0.11986953572692646
DTXSID9029649	-4.002117799768896	0.03065035762109053	-0.5445894571572815	1.373210076119618	-1.4785906154772541	-0.7373458041756842	-1.1653637032793926	-0.5440823355010028	0.4639426908837802	3.2114986201408735	0.4078321376239145	-1.2799970190321364	-0.969448601966055	0.9150827350625906	-1.0896941393376318	-0.7352309095516463	0.10632942272696963	-0.009075818708395402	0.30399807719686395	-0.015339132440947914	-0.3064863996842	0.3839241266557104	-0.05924594316337331	-0.11051218221761659	0.12392552125435873	0.3038243446370727	-0.41818317496169605	-1.1382179371461083	-0.07868236964559337	-0.3824300893499523	-0.23762374855384516	0.0904916847973411	-1.1456240211533366	0.5948203934347189	0.2018739848025231	-0.8617988561102603	0.10265382138233262	0.25500110941723514	0.20272436585643486	0.5696208685255901	0.034123347812830926	-0.26764194872115593	0.3180869878676629	0.16087714553990007	-0.797832393695823	0.07306662960807658	-0.32517190526516526	-0.15586294471551754	-0.07443243723294321	0.2304049380193411	0.07053168670646716	0.02201005474710159	-0.02219974323946526	-0.1552642596779686	-0.06842531322264295	-0.275452870285777	0.0017149044810952168	-0.09564562054415851	-0.1794451884791013	-0.6294259049809569	0.27067499374807874	0.4472845956491645	-0.156246001856361	0.28478242484305927	0.45891378196467236	0.01992087159662615	0.13920324731215106	-0.3944083480287745	-0.8112130723588158	-0.6959818326137878	0.28850075406450904	-0.7077847507503173	0.5457843601181532	0.08177708949584978	0.4037035390328205	0.6677886781816115	0.4988816926748452	-0.035113337995886645	0.07659232139952493	0.26861740569807285	0.2575316369438685	-0.6378711185968577	0.8710600297494066	0.7068632653115978	-0.8534392222114733	-0.4405586379960176	-1.2355908941737856	0.2369426694620107	0.5872589030856377	-0.4074178577213528	0.4234123494059929	1.127371332338611	0.7524170099098033	-0.028840814356286094	0.7144438349529253	0.18359505916428578	-0.5626737360933102	-0.27872019246064317	0.19586165525222243	-0.28682207602476884
DTXSID4038847	0.9468115510286033	-1.7325739648423228	0.912042714106228	-2.8983908977194535	0.3485222937031884	-1.4570012119174598	0.9177798395782039	0.9210846011898574	-0.8485746939661263	-0.07095206745476394	-1.7082514180576793	0.43568463705687804	-1.4197213823029764	1.7014743069634253	1.8095885425020355	0.684865244289289	1.9229598581392415	-0.05354650939998553	-4.228034772316484	-2.1132411792322157	1.151045604083587	7.666353380885917	-2.611772639427094	0.4783664326946988	-0.983187291379471	0.3560957992145792	-2.5071568450037636	-2.072066104625682	0.778228698983282	-1.016467144178484	1.7093117189321572	-0.9340759577095802	0.931791794314896	1.7254960855680466	0.0993711041821451	1.178837869551546	2.3543536838840935	-0.3245140948940819	-1.4211599449392793	-1.4597866739624337	-0.9734496320516526	-0.04628942297583568	-1.0261264751074044	2.6762850534576432	1.7903407831986136	0.28118337443045754	0.48341079055772934	0.9088712481702517	0.8558142737124973	2.879700781467908	-0.11995893975335112	-1.0415634399860534	2.0331900694569147	-0.9167882630317381	1.122828884765684	-0.6606621851148631	1.4326550564150495	0.2089647389640233	0.6684241540421144	-0.5774793652108478	2.879178362701231	-1.2217779732169785	-0.15735666428389136	0.17037338597677237	0.7681332098254092	0.032597570295572365	0.9762066353874479	-0.84843584240391	-1.3741710173140287	1.0785961545960414	-0.2287077761740901	-0.35359318398037304	-0.002129666074500997	-1.1119487226516347	1.1669365429428358	1.090153566003038	-0.9674419144161128	0.6142997002171127	0.3282792352347949	-0.2528924460218334	0.6667143267731026	0.213953315178423	1.2648565361497346	0.22798536115157308	0.4973964331523696	-1.0812094295100105	-0.44222289761934813	0.037850707819293825	-1.0110300954119034	1.1055384206157692	-0.1057370204182354	0.6885935081644026	-0.04871013334960556	-0.23281990031918426	0.4911955707330002	0.26182699126731257	0.6226074766714415	-0.853281056675126	0.26420504041713816	-0.16410424787378344
DTXSID7046621	17.370175649824155	0.6758393134813456	2.5704800589945616	-2.6039163612804828	5.041995951526425	-3.0948064239025808	-0.7131905670839809	1.713066864349802	-1.535343360803447	-0.9274137832034509	-0.11299877441084087	-1.1244401372869022	-1.6706288937098244	-1.0359859516740852	3.694690654331738	-1.478136290827488	0.4558132424820436	-1.1369754725199623	0.8628084344429708	1.340645957596072	0.4602094130340842	0.029559943324568305	2.2845286722235025	-0.2357115358768095	-0.3449121759689238	1.5998645212509226	-0.3048833520927829	-3.1525058521631624	-1.5558174529987132	-0.6133918961190176	-1.1876225285460014	-0.49717615443355856	-1.6809861393250052	0.38207240932900444	2.3511962979660788	-0.37480322364587143	1.4458250939914716	0.2877331263533568	-0.2541780475288194	0.45546476250655676	0.14132583862775383	1.4076165591396435	-1.417728630710523	1.7902277954265604	0.03402732466249143	-0.21486469876479763	0.34574447038936	-1.3473552674270743	-0.2714634971336667	0.6828523723522113	0.5666916981959768	0.0033697743765842354	0.4535644356050139	-0.5683605786028716	-0.8886262346909769	-0.454004497266917	-0.6543700104051356	0.06719999808173445	-0.1492780925251179	0.21018156047242534	-0.03631738013084022	1.750270827111702	-0.1283072555500713	-0.6099300283137364	0.05100022840797386	-1.0157238586487	-2.180395926100084	0.7214558704535243	0.08279524448663599	0.24888612563136983	-0.40517778213626277	0.4204213483589324	-0.23584177053032626	1.094229805095241	0.8864775264662904	-1.0666383889003748	-2.491412383476144	-1.4900404016884363	2.0614295587951843	0.09411146165067981	0.5074797392865561	0.3120720457929065	1.4827318984977433	-0.22916118446906256	-1.3250448737254497	3.493996396546542	-0.9447246352314214	1.9905988033308326	-0.8105445538688175	0.25826822990429316	-2.9166700584884144	1.1320899875238648	-0.12539672021285195	-1.5002555675766247	-0.5242849454273387	0.42395193044664015	1.1647968448879227	0.6201396844906374	-0.9310124825955368	-0.25516876474122835
DTXSID2027832	-2.3087187723935294	-2.0587235613311106	2.4359173640030667	-1.619854721158802	0.227919974037476	-0.10238538709463792	0.41943683743535287	0.9043189316478821	-0.4659168974399053	-0.43864270467608785	-0.535789468448157	0.4138440821557437	0.4377689906248942	0.8143924258391343	-0.008751930044171921	-0.8185545734518916	0.7354440341239091	-0.053202921700596296	0.25835882633992335	-0.9190179071001657	0.14058484131525492	-0.2133274271598807	0.9356185063736595	0.3553860770458361	-0.15844074491932716	0.33268154024520985	0.3212912768860075	-0.20713220733618604	0.1270645822749628	-0.26425461686021295	0.16698981473564145	0.3296204985368397	-0.09539492702014031	-0.43251922023471073	-0.1031210392276669	-0.01909760569449693	0.027896872089169123	0.48242732934216487	-0.21585103202829226	-0.2406203581560792	0.010572412550934059	0.10142455681537474	-0.33286218948581203	-0.1325332841913767	-0.1150299149804129	0.07939208602311637	0.17797176148655366	0.06413991872566316	0.13045020817533393	-0.11907699255767286	0.12575245769334686	0.16292504886888617	0.09040485169179077	-0.08045351608693109	-0.009095953195721058	-0.34376808301931805	0.13511451933983218	0.17118947029904735	-0.040261364675324325	-0.028193919345477735	0.11130425884656595	-0.16616332642826165	-0.05196439425329572	-0.6458689658779503	-0.18538227094603857	-0.21338058279685443	0.12437638538019506	0.045912160094036286	-0.07313569822448646	0.8435661054529441	0.03160638223319719	0.06681401326506475	0.5913876408670823	-0.2685165827653979	-0.3749901026422424	0.461877683507511	-0.4548285179471822	-0.05000729114722571	-0.28172762182607886	0.34011167075114646	-0.14123272431587622	-0.28266545301964324	0.06316417019427636	-0.40162894440508273	-0.21775875422619387	0.07900381468113629	-0.32435873731956516	-0.18144272696229427	-0.1535182919779936	0.1717460687764252	-0.04415387825834887	0.24768103268347036	-0.11236501161898926	0.8440742505708493	-0.2740192922161925	0.3561245289853488	-0.5686346161540554	-0.051056410121965046	0.18239850832917023	-0.4855399426650619
DTXSID6022341	0.16106951062147473	-0.2536152633387229	-2.443665390968584	-0.3386805480822419	0.08538705502061296	-2.509129955077578	4.124726330688595	-0.011610963183544546	-0.19345508713387694	0.7628516540140463	-0.9342189184344624	-0.450063834508031	0.993442396410281	2.752750438317261	1.213443885720546	1.2069560006431888	-1.5448014897935867	0.8712538436125103	0.11885922093613867	0.08832039216269694	-0.6920800265307919	0.2787266034215019	-3.0053955448602045	-0.9374847608848399	1.3069394585796343	-0.9847612397529628	1.018666215081384	-0.6539768848530414	0.5839402152603829	0.860912865525518	-0.05245254891902839	-0.9683265224773732	0.9114160970407343	-0.4420444991736523	0.5518186119027636	1.3361616099850617	-0.25660158662524213	-1.5444038096487795	-0.239645782443535	-0.831189867005734	0.683380468626937	2.0325003872903045	-1.0109232943109556	0.06347552667059597	0.7148539858850012	0.3337385134861803	-0.7924192201225704	-0.41997557666095825	-0.31450315070210005	-0.5088514434979095	0.1892786547911515	-0.18433024175934748	0.04939106420709916	0.8703142922572384	-0.0634130451596444	-0.8876298866424156	-0.11324834995122056	0.9027843734238055	0.7302541762052613	1.6572007153985904	-1.3630673019938093	0.8803836996622255	-0.6228051419079091	-0.5085437467768632	-0.6709093217833778	0.5366729191616905	-1.2380589059050644	-0.5034668886426277	1.5009574071616	0.8674828332359343	0.11437176438984502	-0.16785487280165132	0.6714330490804663	2.1167654053631773	0.008426297918544797	1.0577951407520896	0.06831847221657672	0.4926345624124464	0.050045013819479005	-0.9341515094344711	0.7624508265660678	-0.22661069726924016	-0.3607275413958911	-0.3259170731867124	0.8289847578820454	0.3742808870995609	0.3391204279015302	-0.004240399525982418	-0.17272736800381425	1.4828893715247242	0.652213943492075	-0.3837816356742992	0.401128053916606	-0.5742058199879614	-0.20082837888017546	0.10540381056279921	-0.528221141231576	-0.3326189120860765	0.14900344101862945	0.2543269151992327
DTXSID2020682	-2.370500506955884	2.2692629031462683	-0.5704889756139017	-4.296658069670752	-4.054033019012181	6.380601257033275	-0.755455453078857	7.58607987997144	-2.7726112279627384	0.2974013476943238	0.45868946496228846	1.1122006150668433	0.7935698259407296	-2.3250479072338135	-2.519547382241579	-0.8250858907854717	-0.8879984511456029	-1.4136420765182556	-0.04050628691500503	0.6906954631319882	1.0034247399658909	0.1106477887972725	-1.8679334678246036	-0.016674941715817203	-1.2670084374136403	-1.4875380398773244	-0.6877727902316406	-2.0810186785912936	0.43875931731387185	-0.7462495101096599	-0.07494579583253451	1.1414609632512682	-0.29997186975118034	-0.4120267759709159	0.43079528915757165	0.5883602696781212	-0.8643202630117872	0.3812826226682081	0.7699934225247259	-0.18365068021973754	-1.6768917989624654	-0.3774998181039333	0.2620724509792337	-0.823522134189076	0.8890962730538682	0.03768127200308838	-1.1675798782065838	-0.13824846516452882	-0.12886450988320752	0.4784287989276941	-0.06857534804119236	0.023300958353798723	-0.3106643624765956	-0.23543714420011733	-0.23797124176360887	0.4867811282792315	0.36198621721037	-0.8378493301381394	0.6176570018801427	1.121103268801722	0.256210195277412	-0.39167601552699	0.4787566137763186	-0.060456264096730425	0.2856723053330958	0.3382194339787442	0.11295551658611704	0.25684463479040254	2.2373585218606	-0.15356104881390126	0.6556109487478498	0.8988987025967765	0.13948659757347884	0.8557839064026649	0.3530788935763257	-0.8355838501780535	2.130316064320693	-0.7033336474445027	-0.13405176179042194	0.9747890959565952	-0.23681251448812887	0.8170326646991246	0.9892466960761763	0.7743681862398241	-0.3083677020650771	0.5143218980522868	-0.23990538975002745	-0.7005493616073688	-0.07281453508623466	-0.5542507976475437	-0.362840646726452	0.0915525377284367	0.06663479409451133	-0.4450422562368884	-0.6596542612482978	-1.079291697792608	-0.15668148562678164	0.0029438315616581016	-0.08784174126742027	-0.5914305231462668
DTXSID1027471	-0.44702732589609206	-0.24626712289764602	5.705648662599278	-6.006950829151605	-2.0793365259595844	-2.3229118149823096	0.9802761421513723	0.5272155411529721	0.7216155591910299	1.1596612162201414	0.7367258064462567	0.9115644637350072	2.2756596930496453	-2.575704287600418	-3.164492180350492	-1.00935414650991	-0.5769829558126539	-1.4086505381724836	0.08727309570312297	1.0881248912104347	-0.5130639177651375	0.8928863407735201	-0.1893036526517466	-0.08995934486645292	-1.0180606685567257	0.9801366933901693	1.354327041695167	0.9123024894388249	0.6172153407803549	0.7411041544155125	0.8488291400098689	-1.2059245654250763	-0.15372642375683593	-0.4158932441014001	0.8622948202815929	0.6797510989745168	-0.5005082888192552	-0.07578849425966634	0.037580476467119595	0.8800939778181751	0.2919725444379344	-0.1432237764672585	-0.01429749049812556	0.15149161236018738	0.1379749665824123	-0.09131025871520987	0.5874817251376083	-0.3949107960468295	0.11973573238819868	-0.6374881992024354	0.13973838825105775	-0.13820363060404017	0.04236420198748143	0.2064527871261029	-0.1280858610969727	-0.03840640430304429	-0.28175825649823677	0.2550782893476595	0.263740268320061	-0.7068835645081778	0.19380822166404432	-0.4736499206196762	-0.4999273511400499	0.21937940557470814	0.22596619418905078	1.0122466738189368	-0.28958851812228803	0.663843386217172	-0.2495620885791187	-0.02650372422492718	0.6754213301608267	0.10760451573683552	0.17323050040482463	-0.462766096282821	0.20844434754578492	0.3658951536413799	0.06213706780742252	-0.061404902093304584	0.7289193189445734	-0.551807488161027	0.6246901814339919	0.09352908733219711	0.06665799192478764	-0.2524714285784539	0.09535989456316513	-0.2898205802076094	0.10620808219865431	-0.40273809900221463	-0.055931409183714614	0.15616701471242536	-0.0700855745692727	-0.3236680335248126	-0.4712857944834606	0.04498642793334563	0.013286707009236589	0.12237968046279668	-0.1487724017190344	0.22748964205739852	0.34094774450079685	-0.22658478696652015
DTXSID5046146	-3.262643508732972	0.8435729611939641	1.690666391853734	0.3589526033284914	-1.6681747821194763	-1.183569926066136	0.17293601854951757	-0.01252615075981663	1.4151067431074906	-0.41151319254852803	0.8035398405707961	-0.1680270595753589	-0.4242628097186657	0.21121407539751416	1.8229972173758322	1.075957408891371	-1.1193725206742686	0.6207330200606934	-0.8695748129780764	-0.9044920248703056	-0.2251322337188135	-0.39065576333801466	0.1495335414522221	-0.024810289489291006	-0.7003694892243213	-0.44073456584280774	0.3244933868651069	0.36176087719348166	-0.3562242921271202	-0.9221186044140014	-0.5209717608897992	0.4598769936511778	1.2402885490906843	0.4575544615889074	-0.9296156338884722	-1.5144623496864793	-1.5938087359413435	-0.19904783975575935	-0.46992232967679615	0.9345444806152414	0.4763200961915078	0.9842786927968301	0.043585020723066095	-0.8946533439687004	-0.2247682648042751	0.5745545953413499	-0.218944921430456	0.369053842046103	0.15009169672915024	-0.22651500634445498	-0.21689554795993865	-0.30466180138659343	0.2598568169349202	0.30465867161037835	0.1635954312429813	0.46677988186275216	0.6730655103216292	1.5009314522976906	-1.1468529640919605	-0.3014421391822763	0.2876194290932976	-0.7232577261440726	-0.4654938532226339	-0.11651069302283146	0.5511281835920997	-0.05772974105334916	-0.47034683973732033	-0.9563136234675127	-0.13524110467944858	-0.4266210087916557	1.1686405373230169	1.3041432058888562	-1.0212050253800087	-1.2053791054395415	-0.4368067694798017	-0.13031355186943905	0.25824487255648637	0.16113024682783147	-0.5157241594319475	0.5418441543966577	0.7152022734276157	-0.439242081199806	-0.18839957624313552	0.5314123349604123	0.34885739023671714	0.2738085762332153	-0.5248807479703399	0.3036297644382387	0.28341628652498596	0.293695848445472	0.2701013139294824	0.1883613531021223	-0.4210168028399195	-0.17726418715228875	-0.055111759109599964	0.23770826453379576	-0.15806955588258187	-0.14759482682029867	-0.5060226145466928	0.27481637602330194
DTXSID2020470	1.5367583497411732	-1.330150646232628	-0.79007007341636	1.7053640186219194	-4.800253299164397	-0.8297313173880028	-1.1302636508917159	0.6202570731654214	1.7717123878163374	-3.7350738144609568	-2.0468275994845317	0.5027716328981641	-1.4719330954119614	2.360502312641794	2.395073394314816	-1.5477987275340188	1.5055262033156376	-0.3310777169315314	4.795799056549962	0.7670202076371733	-0.7934288300697047	1.0905144660116295	-1.4337898858185558	0.16129168069918146	2.336791682629835	2.2839787571768317	5.342789437068079	-0.7080306190671392	1.3102313821601925	-0.5646323462965901	2.109087101435472	2.4943496732908432	-1.4747449819946938	2.1763247379456194	0.6828672579684544	-1.6087949021807193	0.5732978183484464	1.0278925064323936	-1.5152259399392571	-3.2983840042554715	0.06991600998688786	-0.6407169761771963	2.7439618689471357	-0.0002431788619416198	1.175819030273984	1.0393590114495068	0.47212311341305485	1.004218350444423	-0.33776063435595965	0.15150328656003825	-0.10592687246539587	1.4483869767822988	0.3545250080247732	0.41538931313383903	0.7090738891003527	0.3151003326192197	1.0839756991639649	-0.7515744473491172	1.1696305557987163	1.4207372896711319	0.007527393728066845	-0.11124691102291329	-0.4474569672788446	1.1374027235570987	1.4195989961574167	1.636796915395136	-0.14455975753954786	1.2805857067997473	-1.0817573588419176	-1.3703615218070089	1.0230713718285576	0.6663472199433308	-1.373962623900904	1.5101573523659846	-1.1537145398983757	-0.851864361633148	0.3937900396357545	0.34909720304555364	0.998089112997691	-0.9871547160484813	0.9945146475192173	0.16982905206568613	-0.48719234325975824	-0.5498273564992007	-0.4974417636668746	-0.01624247402894974	0.27329028659982063	-0.6813528499121337	-0.9041380478230835	0.13680614316805365	0.9106324880270312	-0.07239308098300117	0.7680298798563431	0.8700925490188215	-0.22022823748076076	0.14112293678537863	0.8888310980996003	0.5989132912882253	0.5034885106357492	-0.10493975790796979
DTXSID3020756	-4.742721211047108	-0.953122841752316	-1.9363327215145556	2.3466414298290963	2.6880100739589596	-1.2471534949765235	1.088525341237725	0.6230653811312319	0.4742555538704601	0.4167248252833024	-0.3154239591803542	-0.861457955234913	0.14978414566012765	0.05642003791602396	-1.2142634470198748	-1.5781564434619373	-0.572583858317479	-0.5428055250228507	-0.8360030787624799	1.2613939659795794	-2.021357032621161	-0.2567512375528068	0.7298255227489827	0.4460916068915541	-0.5672081470456194	-1.2997707902041304	-0.9269419799156605	-0.8366944782641136	0.14606597373684366	-1.0306665081638566	1.6220519421569328	-0.9268153247236489	-2.5380994898201905	2.569314716173127	0.5903949329598226	-2.0458369341055094	-1.9386817110557069	-0.7180524935573708	0.6501260369079047	-0.39093005227072286	2.1284819628107168	-1.35289417577047	-1.0658464147619746	1.816627911106993	-1.646171052673193	-0.2748001870828968	-0.8816588361691817	0.5537343471984467	0.8435209828168233	1.5389842857146792	0.8006011726069656	0.5438458633398342	0.01649140661652253	0.5275665191544336	0.2945837712681674	-0.17129865022165866	0.44915509610433374	0.5414808279532298	1.2235787240712925	-1.256672638442753	-0.4245476209762498	1.6074783372461587	1.268481513103455	-0.35634915152017815	-1.4789102807213823	1.068079563635062	-1.2521649889404542	-0.4250513034738897	-0.6409181403711106	-0.17436538062199403	-1.0129766429680407	1.814039212668623	-0.7724198398193294	0.15833246663444858	0.183254619009406	0.7185011967211488	0.7304077046789982	0.21326599275998337	-0.24153437348174425	0.5093069495729963	-0.2987927807910413	-0.19069805793362432	-0.3399800680364021	-0.527180802185616	0.6359816981991984	-0.07939394535437855	0.6570983162887417	-0.09193229689963435	-0.7154085204777024	0.07361557216204317	0.3515685201486997	-0.33232657136296534	-0.6418992772646298	0.05016081669213238	-0.06643470893519263	-0.3035405066557743	-0.17808963394771063	-0.2347994501506175	0.18556620133140078	0.1259566401115593
DTXSID5042378	-5.983800037119662	-1.8034129830442376	0.876757731861409	-1.3262211570189233	-1.3461531305331769	2.2003258511746764	0.1290828739989407	0.9034389431261204	-0.03448970778606871	0.18143052167624887	-0.333066633674262	-0.10770760654616832	0.262855489163071	-0.4735047408790977	-0.36579799866050977	0.11640035487323601	0.5020267143152745	0.20153544489389535	-0.6426926104110697	-0.4952822737547784	0.5025234348011557	-0.737686998374272	0.5433109695003993	-0.5546864671023521	0.3234969950691518	-0.6091383231699832	-0.650213003930117	-0.9680067592904061	-0.12007207781711393	0.0061173466164175655	0.15750982685388565	-0.2676501729170738	0.17486657178015716	0.387166798172753	-0.6957382693684283	-0.1017907971150191	0.4240777169140921	-0.20375930582245416	-0.2837049258269162	-0.05590851359309227	-0.6557565937445597	-0.23640614202406016	-0.4097184440542968	-0.91507847916209	0.04462216685085392	-0.23358463943794838	-0.2485404051850833	0.04617460333907861	-0.07197439032879359	0.04435256492076311	-0.083414295809758	-0.07378626302782229	-0.29410209080907884	-0.1400122118167931	0.06365640544312855	0.17945444767167862	0.4746266367345298	-0.22271902601927684	0.4878619961012223	0.4564736058453765	0.8118971194802092	-0.10661412600764195	0.6849829082419143	0.37440565109985874	0.13717184236096555	0.998272102777152	-0.3709792753594871	-0.5572729914277869	0.8358390803008707	0.3898187898266444	0.19356832433847962	0.08201559758788107	0.3856047945124935	-0.20029283089501232	-0.17285355017934223	-0.21091827876218205	-0.07147734220454711	-0.053418836082429255	0.528863130173756	-0.6026083075510561	1.124293811979467	0.1839031504211013	0.21013911772460908	0.03599619209381599	-0.45095771755201147	-0.6114427372563103	0.7302169365849724	-0.22266529753184205	-0.44731441960271356	0.31917129152574997	-1.0022303267736081	-0.17726187519605704	0.077427713547323	-0.5359001469175287	0.3438897594048699	-0.37424240771115563	0.08442291532782426	0.13412853109025755	-0.41351040504504055	-0.44029368951820613
DTXSID2046092	7.835518601778222	9.296414869040925	-3.291022917569296	5.875691171282819	3.5065142072038014	-3.4162237693489006	2.1514433805486366	3.162372031368507	3.5769951590099334	-2.24728624375282	1.2154536513646466	-0.6085869435537258	-0.9550678980444487	0.04621143301317508	1.691733568765837	3.6963988363067006	-1.574561954172917	0.7280870500648023	-1.4888107652237887	-5.021782224281244	2.30986511770417	8.346285919005094	2.3031573744127627	3.0343926205974894	-4.125231113161199	2.2080069661051853	-0.7823566871100249	-2.0770397910696796	-0.996056615665593	-1.5986932389467126	0.439267020787204	-1.3331174887995818	-0.656176483027053	0.7298138806672865	1.74864419793701	-2.302946826655892	-5.519101641717968	3.0274748274949697	-3.999055869939736	10.866035954151556	0.11437703066524275	4.932531446164085	3.810630864932459	-2.0237800982826144	5.989772323087698	0.38274839722083953	4.1137097214306575	-0.10598904664126405	1.1924348378069909	-2.7515261530762887	-0.004916491044724125	-2.7284216485270134	-9.267373376451841	6.163730409376018	7.934155926830167	4.822783809372126	0.03864039102882198	-5.547173145356909	6.541979653057703	0.7302661772905354	-4.574751401885521	4.55839150695771	5.024978371793405	0.7705812994949537	-2.0932975212286866	1.2721131215843309	0.9565421895675431	1.7830978613531085	-1.0093355669319635	0.4049334815145646	-0.9637311244077865	-1.0257692569065304	1.1652157275012196	-1.1245387290095394	-0.6996125675984086	-0.8756666987171559	-1.694666673124826	-0.5485948520110058	0.742663345425114	-0.999312633226844	-0.6748444611908405	-0.2953445064612512	0.4408998620224855	-0.21829372092971638	-0.8940912725673861	-1.6122752615903406	-0.8097243095786678	-1.2640428431701811	0.5452185866033941	1.177204856163211	-1.815441095256359	1.1973009697005255	0.8936528140938557	-0.709462305527313	-0.1904671212827151	1.1984579291720692	0.5447514566358531	-1.2969041082164132	-0.6744764557277741	-0.8887034411542647
DTXSID8037754	0.6552356761881876	1.3351712586632003	-2.2196980147948633	-1.0281600236649222	-2.049842966111525	-2.2495465388452853	1.6665836801070695	-0.7945453817108846	-1.9070117493396275	-2.430718609009879	-1.8315162191192447	-0.2579711234824442	0.5309899101224547	1.1477429905010197	0.3311693076987226	1.0621659335143725	-1.2875643444173632	0.29455842819527356	1.1891107134875631	1.2093019658693365	-2.6685822449120367	-0.08118118986333463	-2.7152301616768875	-0.13849378321778233	0.16931045284594942	-0.9281489694823991	1.456829026146363	-0.08061498827637349	1.0088600429040024	0.17434976398319876	0.18224105874306354	-1.2056310020011027	1.5619440641395295	0.8642581398281003	0.8430135394098784	-0.3254291936586465	0.9492067811191001	-1.9942013833215215	-1.0577535580841066	-1.78949863704454	1.1928504180287287	-0.574831543712545	-0.31450025853436775	-1.4745991333375215	0.2140093352522653	0.3849546699265411	-1.1780690348725997	0.15474227284450748	-0.2009759050180144	-0.6047661677625655	-0.43909514067592514	-0.6164821589994651	0.016619401388005443	0.26375952084511706	0.1754947065335839	1.293498330773815	0.1511705061671655	0.8285900469593336	0.4782084386799056	1.1509066431620814	-2.4056884430512473	0.5302132269708608	0.3023870903893796	0.8530730837017382	-0.8860837432382996	0.6314471738525643	-1.25125188459429	-0.2565625317357356	-0.8531709964744009	-0.6585075275453539	2.3879755775795077	-1.3244007633051662	0.26687641150818836	-0.10422373986627524	-1.4855657295302849	1.4016186271136897	-0.2579257516178606	1.7787358541555487	1.9447518529125374	-0.9349417040274411	0.5182026486605747	1.080811046306867	-0.195538959477642	0.5921510626101626	0.39238734965221456	-0.14977335533607594	-0.09164046708210716	1.0535275213768929	0.0905162693544735	-0.1864240917984998	-0.7200617837737616	-1.0145381850528699	0.7142218461072969	0.16432611704128058	-1.671442722927569	-1.8705331832118317	0.16829863746119905	0.7151695742254984	1.2673669804542054	-1.0702154879846923
DTXSID4023753	8.067431735533557	5.148395798363085	-1.1653486029967786	2.909207690326443	0.18337725466665236	-1.2594334048257514	4.387078838298037	4.392695027958175	1.6966575614057686	-0.1792509460814824	0.1558514723105651	0.5152844909845171	-0.7845234805006658	0.49390404167197316	4.213166388046931	-0.16642350268754477	-2.4999225881639933	0.14159099330382038	-1.0578523949964402	-0.25683489209914867	-0.8475640496092458	1.505336091397992	1.7348809910103729	-2.358040431493844	2.801903675830578	1.3553991198157442	1.9191942496077121	-0.568333290425095	-0.042352645248440915	-1.7991693346090207	1.1341741366822922	0.03811450804746723	0.6674809373521213	-5.10288763823014	-1.6950960087085614	-0.6478104825115807	0.18497340434345313	-0.03493954599119551	6.642883171734934	0.41447936252751955	0.39401432884253135	-0.9485803436651102	-0.31323808992012514	0.9024921197297143	0.43904916045235803	-1.8847549384170217	-1.325105710026066	1.197544740562279	-0.002625323587568673	0.23513848011482902	0.3183979904917162	-0.629525372844037	0.10614875340411195	0.9741851530578887	-1.4725147821238105	1.352611182530887	1.1771152861135397	1.1807492916335685	0.7557340053505348	0.06090375473647749	4.85718396786371	0.0384613857521552	3.249136269314746	-2.0392718191490506	-2.263444143534101	-0.05706835167947266	1.3325685994775056	1.6075608101493908	-0.7203124791449322	-0.19522580975310935	-0.31508652474129883	-1.4542566308147968	0.2700116609768327	0.9411428612230823	-1.3647297348253526	-0.12450798377347902	0.03085173003598458	-0.7260902016728114	0.0447488989291807	-0.16351844017032988	-0.7924097850391854	0.21572135919180815	-0.5522531938031481	-0.9082201335943101	0.21565205816867672	0.5038526797690781	0.981924433936975	0.40108385209279235	0.4011020682239875	0.3525075100545728	0.8180550671607812	-0.7841252624079638	0.5809113560688819	0.06133089106576534	-1.4104853128225412	1.1076877974291879	0.7024788806880885	0.2055471591558369	0.0920959546580601	0.09072217838232452
DTXSID4046525	-3.4122031457482382	0.6942654718426082	-2.595335607453649	1.5855435828709274	-3.6699172165756107	0.31616090677276537	-4.952972286451558	-4.526613900009917	-3.1775849840983086	-1.9316792466287682	-8.051931158916815	-0.27514265738172866	8.289769116570287	1.1087341302019516	1.2446219712865305	-1.1889264607412278	-3.5992440213315935	-0.32283830561394633	-0.0016833341851404096	1.4799035079282932	0.4257523454769557	1.5702106207931712	-0.8620677029364067	-0.5086082240657934	1.175036327458362	0.3390910337748013	1.5403405362302105	0.8813988435659769	-0.4253243986886248	0.3161641315575357	0.30539309145167803	-0.4513650526668494	0.7614931658007088	0.6370127006241197	0.08369696108467736	-0.986333063657131	-1.9460536302275788	-0.8016778879847529	0.4947283718395018	-0.13739341420994464	-0.12781058520945524	0.6164149238760426	0.23921626841380408	0.7441632507080832	-0.2079211489168622	-0.3801275469811967	0.13053375203609013	-0.7308829008788793	-0.519717419288121	-0.3090699062063371	0.23983593544013468	-0.6263295783177045	0.2521251073780677	0.6435802139503541	0.4685734117208774	-0.7240817728193075	0.5612677618377669	0.09126039324622313	0.46484016021757857	-0.3974277362143165	0.20701923417378218	0.4164073919811662	-1.0044369631834271	0.08801901413719188	0.3441299391726954	-0.04998131890536672	0.3489791843785055	-0.38105852089660486	0.5093137220939734	-0.7758198777330509	-0.6082296499686406	-1.061909546050502	0.7988760148689799	-0.2329287225612051	-0.16269246289850797	0.7980414244682402	0.2569542068267234	-0.4573107106334416	-0.38101644858703304	0.08991741211622024	0.2517042046594777	-0.23491844829094832	1.014318377078928	0.40005554451178665	0.35036861136847114	0.03859041246641341	-0.5438309209522608	-0.3648435682668528	-0.7541283877848968	0.05836777002833466	0.048646263739825245	0.12290878273387869	0.10224211844640023	0.39567521018914104	-0.7022115362514321	-0.6791040842307065	-0.34213374512718187	-0.06439275304086725	0.3621445706132023	0.18886244976758382
DTXSID2057655	20.331706032210416	1.614848548412157	-7.5758553717112225	2.287839798625993	9.21233004596338	-0.7373562831427048	5.0679994066918646	0.08421983452512719	-1.0867148053408566	0.09423129054539366	1.7351832397324112	-1.3836783841048108	1.043841617712343	0.33565652836230836	1.7942898130245346	-0.8235763576340622	-2.301088801895873	0.13348822229297683	-2.07522961471105	3.8937988338121703	-0.27680866532681747	-0.7298286485840176	-0.07078995398812793	0.5208079968931413	0.9237248446182691	-2.334793157191575	-1.5266461561930809	0.9481265871026197	1.182398282039903	-1.1519394603436388	2.1648555664172067	-0.9449134459769318	-1.2001614288405102	-1.2558381711107887	-0.24500775905066832	-1.3789344911740218	0.3548775686653284	0.469522996976209	-2.4078396581192556	-2.0979262965499936	0.7091133973469417	-0.7149355847101708	3.1670929455857686	2.9591172591064927	-0.7657914258722458	-0.04762487805289847	-0.37508950440546757	-0.565418021652002	1.6514272760662165	0.9418930060884192	1.0471318489133679	-0.06700987914284405	0.02151721550455701	0.26939773844899534	-0.26932571166854347	-0.5852463421672562	-1.1461961224585895	0.31886214302027593	2.2619871369096436	0.8644989980582605	1.583629198695152	4.018989316848035	-1.0551223739284614	0.1774099395470457	-0.38480356049886216	0.4094610870283323	-1.0147233880982565	2.708727734571809	1.0011018486618737	4.130976011307445	4.122303443443146	2.171806755335177	-0.2511183999231046	-0.3987455049216152	0.06250209492672971	-0.059877790408877564	-1.5380895014806617	-1.4747026606297016	-2.3564627543892698	-0.5920435709361773	-1.4386483654504396	-1.55781704525333	0.1613705309532389	2.39306160021694	0.23381114846727097	-3.974823163009588	-1.388607680679667	0.2652502203512209	-1.5099712670195782	-0.3557160960007234	-0.7372561477967968	0.16732243570446187	1.8809803526803652	0.4318147468459597	1.1628421861125229	0.9737356092698681	-0.249648433323122	1.1810254305794419	-0.09434382458069981	-3.0726994087795902
DTXSID2047145	-5.805599684148529	-2.807919124704821	-0.0549026626862903	-0.28106189882426785	0.9974621306749177	-0.31028282135215973	-1.7435843462384142	-0.5953212270909011	-1.1708178076355795	-0.34746800780561754	2.486804098008814	-1.3092188575363581	1.3143213582797644	-0.27270988130685997	1.2243647577277577	-0.9506472116131423	0.89988517173467	0.4587594994754616	-0.13634496497582757	-0.007354786349474755	0.25554331804291996	-0.09966831143468292	0.23855546480417494	0.012524861884962575	0.47298900313801245	-0.1383063372251359	-0.0243720535035011	-0.16699265136173663	-0.1768464132411777	0.38284170264708833	0.22848373863288662	0.44675438083806207	0.5704761017123529	0.009964766598205086	-0.4961657713989358	-0.455373184267983	0.5244514506795014	-0.6312665965907842	0.09604958107144866	0.3183638972202834	-0.22979526396363673	-0.32687630727206757	-0.6905584323651517	0.1879860001326497	-0.09353034191292059	-0.10840086359238241	0.2928982524205803	-0.3310761408988233	0.09876818724343342	0.10014882074079984	-0.059664856785790726	-0.39918023306934813	0.061892425947747284	-0.13742264875862664	0.31673580717130434	-0.1189477354869632	0.23785571008905845	-0.626103188619479	-0.23638932247006203	0.22806777299918365	-0.27247243096868135	-0.43014946326555925	0.4102595031507392	0.7038103836567248	-0.47272812894531463	-0.11130835632688532	-0.21521821580420578	-0.3903080016982475	-0.5376882045084198	-0.0796142011348564	0.5330362833211107	0.04910954079466212	0.12405348927496175	-0.10145370192045168	0.05527149968417942	-0.2937813058883281	0.1476006352481512	-0.8083820234091283	0.20844635193851396	-0.6501256957339829	-0.021727089200506707	-0.21747433903772834	-0.3521797570002789	-0.5442028256346387	0.23510884311837155	0.044305663148147045	0.09486927145069819	-0.35129144717773014	-0.06299649260128158	0.17833489313731393	-0.3663921727461617	-0.2015310471216082	-0.44938787436870353	0.28012675251633556	-0.03038977647156068	-0.02355549735267588	-0.3765687876319871	-0.10193640640770608	-0.12077726890601793	-0.13380751107350256
DTXSID6021294	-4.76207737251103	-2.7340743107588446	-0.6988722493712812	-0.8594030975486808	-0.681987965900846	1.2355367399051174	-0.2762447096810961	-0.7264222703907488	0.5013813276148321	-0.9654640770894195	-0.87741292735471	-0.6058005660773035	-1.4753971192889181	-0.8427132358386648	-0.4913184070909633	-0.5392738697124262	1.1139387755682673	0.5296037268219927	-1.707550632207312	0.9854096397406231	2.0441241474062104	-0.399902252429137	-2.166369837793172	-0.8876241590299874	1.691981278999931	0.15276208341291336	0.443090214301182	0.23249110133160536	-0.3125707517577179	-0.14002394791867737	-0.02391479539020773	-0.48879006998307695	-1.072345348830316	0.7730959887280711	-3.005225684735046	-0.6140863303102325	0.7976172749808196	-0.2656330192016664	0.33048896469648964	2.9643059111094745	1.3721223377335812	-3.02904488586601	0.18639775717139404	2.083063469818054	1.110324468604678	-1.542499559632613	3.9643539994832646	-1.3742886394234028	1.3702420422299184	-0.7753621190642317	0.3837222105659892	2.823965406123627	0.1785917070125102	-1.9354720989512653	1.8079677039208402	3.794100738252804	-0.5325800782554485	1.693241692116711	-1.7668227660276072	1.6428744390108234	-1.0622934947233458	-0.5188020861654438	-1.7049541497132807	-2.1267795929953452	-0.2741468559795928	0.7630354576013928	0.4064817722072068	0.1034740115785426	0.33632341699525803	-0.09656293872104676	0.2944546933668553	-0.4268077072546727	0.04306326435119447	0.32640152742636824	-0.486407150618295	-0.19032599422766058	0.6437055402219527	0.0729797300820541	-0.5361516372663835	0.1850057920433927	0.001739260696161247	0.47090753694997917	-0.338921100501366	0.05586498032489432	-0.1441696753256008	-0.22584178316270664	0.4275045211719999	0.0015400358732424078	-0.2632858650384664	0.10025259619824696	-0.6927715333182609	0.2689221446859534	-0.20416664518957803	-0.8262274085156942	-0.6564240500273216	-0.9871313835107483	-0.18781531478398958	0.1571260365323064	0.06107171467335209	-0.5268708474054873
DTXSID3044251	-4.003583485197389	0.6490595942864056	-0.8948108966787316	1.5382421473495287	-2.4256043403210072	0.3247166228707407	-3.1204063784562486	-2.727512173750365	-1.4845452303858468	-1.5470349937062164	-4.591127425712117	-0.36552293349689025	4.176772986545785	1.130376842150216	0.8013939408363304	-0.5317430053739974	-0.8578545054485491	0.34605663886850513	0.17001992556589796	0.44710835417210115	0.42387091921544523	0.31983890551943883	-0.09075751017278061	0.2922245491836372	0.43320540670657703	0.22281241106750302	0.61121655671516	-0.0245769868529399	-0.045937240639881916	-0.02284982232109179	0.3044361793361737	-0.37656121034089646	0.13449375674903127	0.17832943022140277	-0.26634866854843603	-0.15148293922856873	-0.421217559695884	-0.20156337433678462	-0.26604791815976087	-0.1040426339497444	0.27945759912447665	0.16975025602437702	-0.010117792813328384	-0.010647231759054241	-0.07980413394273649	0.010737082899509962	0.025456752581101503	-0.1546660530350901	-0.21326673002903443	0.15995530439575542	-0.10623752131484512	-0.40994914708949554	0.2701711654213952	0.11564151823719553	-0.05666595642015463	0.19564628804888723	0.30072418038929494	-0.03726756889861131	-0.20737513190077672	0.19657572273783352	-0.14712578069150084	0.05333903330815918	0.08359190444522778	0.46359650323467433	-0.1694592996908206	-0.41486039259392776	-0.03924844813010919	-0.4223545075533586	-0.7325867454149406	-0.3884251635797597	0.4675874400561965	-0.510277068645614	-0.19747208610588365	-0.01737512984992691	-0.2552917371982534	0.34550486470412656	-0.01141358186084425	0.1658615241016052	-0.1246525604406114	-0.4703661880928391	-0.24422841902002992	-0.2001927851215173	-0.35749998096640484	0.1876129059727024	0.3547114362975361	0.4777567830543033	0.27832800323102774	0.09808274252497169	0.027916553564611615	-0.4675062780699736	-0.3373878185105234	-1.0836578981394	-0.17642570360491802	0.1793236812582117	-0.3092349064308492	-0.2154355416681787	0.0984008805682863	0.01976594456449428	0.5106148437484093	0.15317673489307962
DTXSID6024599	-1.8644204952475698	4.51669008654551	1.5146924696914053	-0.3793470344567713	-2.4726399505277294	0.2343436721398028	-1.011452900953264	0.10245192513679251	2.1004275102555257	-0.22780928512939772	1.575875913208084	-0.34446171184722524	-0.6995900915404666	-1.499031225619111	-0.13836215877589692	1.2781041096807324	0.30652423029331316	-0.07148620608877221	-0.9838841896030499	-0.6708228412133715	-0.24672284967726776	0.13042630945091765	-0.27351506468694986	-1.2662685122867054	0.8730455421090985	1.557403827251071	-0.5775328268942118	0.4698033032494179	-1.4949078569558907	0.8624715993199129	0.452242246484407	-0.48979047826255206	-0.6332244567717487	0.08591569650703061	-0.6397806152266736	0.09361647031764497	-0.8169961451545165	-1.7169788652985052	0.11518382278025716	-0.8556780672962924	0.16778024824599097	0.6244922361626838	1.2601292948507055	0.15432513704216527	-1.30562284740505	1.7467635156118415	-0.033718582666481894	0.18701508878299655	-0.07359588054434854	0.43114127847322303	-0.23897783927231395	0.26897566446847304	0.28702432846084047	0.1375512786859976	0.5201038518253758	-0.624765512956002	-0.20557684775368612	-0.394018466379592	-1.7202903419861857	-0.3967790883399045	-0.5091438708227571	0.8615419563527719	0.4226747666439607	0.2882348714048738	-0.31132243704791274	0.7701335574678307	-1.1327079829610378	0.01815874783655017	0.010447937858104085	0.2889346008229576	-0.9482707896961632	-1.8022115328015305	-1.1399074885182698	0.05892117834145958	-1.9222879657082421	-0.6228626321473091	1.6506240759362731	0.06530726684850872	-0.8709241699835404	1.7999841273209571	0.6167335560268451	-0.5379243828922636	1.0189837122782248	0.774314911579222	-0.2722327160561765	0.05150946217870233	-1.1076535199525355	0.8848221179055935	0.6255232911442907	-0.25427317434733526	0.02265900928511925	0.04401777551742759	0.46571443397296686	0.24402479262281546	-0.9823324157486837	-0.13323169576061167	0.028822003657233843	-0.32745126921739065	-0.5590913344779398	0.23328533643409116
DTXSID0042668	1.6665942214604001	-2.494597890343351	-4.808861458796431	-0.8695100988022731	1.3858876790659356	-0.6698067410785831	3.0871138428186136	-0.9415215049550334	-1.9403751511806533	-0.35778801699597024	0.012175813338963427	-0.09235622142583841	-0.21301918182436527	-1.7740244618732643	-1.5621508203250722	-0.37395279973129497	0.41221933923154486	1.0285778453340668	-1.232450844896367	-0.21943626698134983	0.363120427080556	-0.14386315449022516	-0.7025400309230674	-0.5019901866615032	0.3831345780333952	0.26692132697816434	-0.8444267095623932	0.02207715296777543	-0.14926633956319205	-0.6016218923674588	-0.09221197279283343	0.6262499197030548	-0.977786584962873	-0.062117857280831475	0.966942259198037	-0.9309121601401324	-0.16714627157420703	0.6034435578129823	0.6701771176566913	-0.6124380936175609	-1.0065039629267885	-0.48269292093405164	0.4250114456057654	-0.07721525775095361	0.548483251102919	-0.13391215311317667	0.44313854827378485	0.12383621460603596	-0.6415605097903458	0.027081587159458315	-0.29522944864321377	0.2579162800485643	-0.7543514161320348	-0.1085180951534389	-0.520731907469738	-0.20170934899139845	-0.3594185736681785	-0.11537644923463186	-0.36498335024457507	0.6159980525468262	0.11567893781560373	0.45204036096321215	0.23961975563250382	1.1637089479478815	0.028505544313881918	0.7739172373945804	0.5233584762723433	-1.3974020945186354	-0.5533744585555305	-1.8745763389598322	-0.2658816906824259	-0.9853147398581708	0.21187658321960645	-1.1137106171216733	-0.2486908977267241	-0.6818588007297051	-0.6202443895154929	-0.14701934130828792	0.34087661903303557	0.16202911765972974	-1.5360951831939456	-0.8723064434309628	1.16877026402538	0.45696984453257733	0.8961169415999367	0.665929892037059	0.11513111477204992	1.0599404008095643	-0.7883242767600785	1.4134828330735634	1.6082511478062025	-0.6120592197326605	2.280537986003695	-0.9468898660115127	0.6953484218783539	0.19847150086037602	-1.6199813938545462	-0.09833589878638652	0.671519639272454	-0.30069532871054405
DTXSID5022061	-3.6466710145647556	-0.20291934846216436	-1.407380904872083	1.152279464871894	3.126532542366383	0.24072048797369006	-2.127742334648721	-1.8670180178059532	0.011115791798143078	-0.38417498629714425	0.7415918950085707	7.095941492397	-0.973340437979621	-1.7443890061698872	-0.19243894476548393	-0.7205079317705512	-1.3588113866926264	-0.34357898423068517	0.00020643559972439537	-0.44226359841551105	-0.08001516521111053	0.16750446898355148	0.9559636741266335	-0.14850180363324497	-0.056947206163014616	-0.09998154035348078	0.2973959724193333	0.04301852262513862	0.035367433472550586	-0.20228710540390232	-0.10332843618120809	0.12395094554423694	0.167254908672834	0.0838508245221378	-0.5914325737275902	-0.9960911478853169	1.793724169415918	-0.9598591162038617	0.43169711605739325	-0.14409044511155802	-1.2318717897095923	0.5918467723326835	0.5278923648277022	1.947427561601944	1.9503382709118149	0.20572865132328702	-1.8615518032343257	1.7253952302177658	1.139132447642903	-0.6779792694906419	-0.31050714566255766	1.4312599961042258	-1.6943423710091856	0.21016174216748923	0.08613680761032433	-0.7855693408950346	-2.0898737695391754	1.154266437479123	-0.17467714958229688	-0.5914684019025701	-0.6750546976519644	-0.6017952114298311	0.18379836173174477	0.017658962728934205	1.0468879748887616	-0.08242695107529498	-1.195963241238435	0.7853538291365375	-0.6380012722354906	-0.29541593337931316	-0.4669862350119385	-0.021801002901249353	-0.4007998859198006	0.03404344953767554	0.27890269251521815	1.5644029267588027	0.07126406096866576	0.2649815679891055	-0.3354406281229659	-0.6898749208537898	0.04955993420300269	-0.14263121694107644	0.4882179541497932	1.3351615277598432	0.0595220583201136	0.43160093903501573	0.18578065898628238	-0.9183332938041258	0.9578519657946228	1.210913139291929	-0.047993605970010615	0.5897285892425286	-0.34028959621947563	0.17533469079532774	0.36171238500569286	-0.6140557350429702	-0.003056240948397966	-0.12644991383137205	0.16933302381366783	0.12244651083822786
DTXSID6025480	-4.101510953573219	-4.212080736795684	0.9622703773037385	0.5828476781023691	-1.863491198838426	-0.4072340643948876	0.4684376995405788	0.2399895390631097	0.9196775321616266	-1.8456027881602548	-1.1674696594167304	0.425323880594986	-0.9342938520615653	1.6589640155393544	1.7083108134266354	-1.3183403586046067	1.4059592079150052	0.0014877150960514983	2.1630347526811358	-0.45107324931075676	0.2723936667838182	0.15057185115506436	0.45710728684388313	-0.015948883794801298	0.909473793708831	1.37157901965337	2.15398163315277	-0.18275765830100446	0.532759505690317	-0.5436320877014224	1.1245508161404483	1.8802276826808062	-0.9697473017900003	0.8494499607390682	-0.41555192666558477	-0.2936052427843626	0.20127236308348825	1.3312733023953303	-0.9015955935815754	-1.1398521066376317	-0.5152656310594804	-0.32373602999054324	0.977768845903468	0.16455071844558197	0.2970806047960427	0.4737298845445039	0.5309441167958964	0.03368068614464758	-0.10425032110670009	0.17792889458619743	0.0592253962986363	0.8151389954679729	0.18576848645333657	0.0958459101708728	0.19494359866064753	-0.013763166890511658	0.5757354972440158	-0.32504107632414364	0.36287105961036425	0.5503823410471007	0.8812620532375208	0.002229187058647391	0.21878423448050943	0.5908600877690844	0.4918576995564006	0.4678197047331297	0.3449613432093809	0.1151250186097123	0.13627543335686076	0.08080679658247697	-0.17469605405303582	0.7260589203787204	-0.7585777203508058	0.61633536293006	-0.23344768443696362	-0.7771079628815275	0.3536999087188815	0.4291729625415552	0.46341768731971505	-1.1465155413848607	0.36894978110208193	-0.3141187523488517	-0.868729911524735	-0.2656678162632472	0.01698864585050389	0.03062420850181872	0.15777404471270606	-0.4575484576683744	-0.25833366291218407	0.19311327424507874	-0.02496892932438787	0.04241879099080325	0.3614144349970828	0.08232096961303646	0.3672196297103917	0.326174227934579	-0.07835546132808732	-0.26562133781000946	-0.29976173791522676	0.25162172736636723
DTXSID7025269	-3.416671121548048	0.7713985925545782	-0.548042734998525	2.037581447029918	-1.587030937104217	-0.1758993490131993	-1.6573831385351903	-2.594283454032658	-0.7766035978381817	0.41060562431850195	-3.8612569221215645	-0.34076111328664094	4.327505626080286	1.1147373504715155	1.5419627900889155	-0.29281908177318516	-1.1136387208867196	0.564085291101026	-0.5285832213319037	-0.5139498169469913	0.550441137961542	0.22587371918801713	1.5834849236562427	-0.3691120741742284	1.413737802908331	0.14118305387133792	0.3792665825876563	-0.3108653366500531	-0.22716088815843688	-0.024086716840400712	-0.5784811639001661	0.012504218319169681	0.16539120463156368	-0.37590877548750695	0.0006725302624632553	0.4430998649587454	-0.9098968912661692	0.43117360934109394	-0.06071445297886555	0.2702584409765369	-0.048678354582293214	0.24176630960232567	0.11849398626274538	0.3881320029119076	0.08205321927658822	0.039161748245656935	0.6266378278700018	0.03948050483909177	-0.23276026097085345	0.34770489140988275	0.10319537877494887	-0.03922983466863084	0.6746070711936246	0.04288104075599738	0.03520170974866553	-0.5056547984855487	0.06665454777476039	-0.32447105757443157	-0.032114805733965364	-0.1025332716246289	0.5471818934187458	-0.19082125730323696	-0.27227958370118205	0.4344609638686717	0.10170607136880101	-0.565953467122495	0.5318565539859446	0.11902242191236308	-0.0553562568603104	0.3444265514897521	-0.4123232881720267	-0.08094779600709295	-0.008691592088012855	0.37048858685751995	0.0745872885316134	0.6406999746699076	0.08544685779443648	-0.5977977683919227	-0.1393476007133384	-0.24681114820794656	-0.11253574983755317	0.10276954089146045	0.16503390268701787	-0.4930469799932852	0.27823418247925397	-0.08970978947678712	0.6020958834274731	-0.04541161667503209	-0.3408295565099145	0.16906485325474818	-0.024635732404573632	-0.46261646676451457	0.22550709388368348	0.3542411630990733	-0.4577179703131542	-0.029192183989546712	-0.2208687768734884	-0.01494121755345915	0.3504007443110851	-0.3044748481083737
DTXSID7047568	-1.4288437865250394	2.230373900858229	-3.018668960942795	3.070935519035646	-0.038207274098044926	-1.160188782542453	3.1525292903415845	-1.4389530267465727	-1.230017853301844	-0.1018982323986656	-0.013997846843427633	-0.21804130283462902	-0.38178907667095274	0.382566690423919	-0.9711707101230033	-0.22390372441815176	-0.25949520591852393	0.05967073143161143	-0.5870059065582095	0.9625600037414718	-1.2599976071811563	-0.5511405053921691	-1.018841268161419	-0.14088190572738646	0.12737144280859455	0.1643645439304797	-0.10746406625222568	0.19372428455524046	0.31222262921267324	-0.24600007969004722	0.12724952628241074	-0.3280082867556121	0.3797834969437158	0.13985286758023327	0.49735315023069504	-0.7552748452256149	0.9325934528285352	0.2122025663006138	-0.6728111986768182	-0.1416572718318902	-0.20748000240598952	-0.241015227398771	-0.6110884655304841	-1.079045882498475	-0.04131851631703102	0.5177439558800045	-0.020455522095796302	-0.4674112696681253	0.01553519909882678	-0.742366636429127	-0.23985273054268363	-0.048428467674599254	-0.3571007633752668	-0.299485186179246	0.033806326467829745	0.2963681405020554	-0.5453805704126905	0.6367406330953412	-0.36026514414922844	-0.47869032431004993	-0.06032706133810976	0.15700081581961053	-0.021111030706060213	0.7178019392421358	0.023229051446906828	0.17044004274076416	-0.8931137992533014	-0.03898504719657697	0.13289758171601587	0.4935075782495694	1.5574943012253586	-1.5301754729503243	0.7316835737599439	-0.6811350650442021	0.013333190551610962	0.06718897798299665	0.34124542129038776	1.3992346919882546	1.409193981590844	0.20530220195924664	0.8169848777832744	0.7276824163903852	-1.418936920457217	-1.131582985624829	-0.06745626570608523	-0.6527752335769755	0.7026891410481558	1.3886349471439927	0.7660148979299207	0.33745441277795785	-0.4630668190338577	0.26318922675903533	0.41218500389812857	-0.25316158667998656	-0.1019643818198575	-0.3130255398703628	0.26414809421676233	0.5235726181422176	-1.3652119343012397	-0.7918262003775732
DTXSID4020032	-2.985418593153961	-2.800831635899326	-1.556826633454816	0.43221472729972493	4.322424559912018	-2.3892074957224025	-1.9116816233139624	2.7093037119846723	1.7209176145149163	4.064353761160397	-2.0691867645310333	-1.732101773032239	0.33813375364839876	0.4843688421944022	-2.3995120373133374	-2.4549716046995504	-0.5164978378121696	-0.7497491035992588	0.059223330584380444	1.0432519268635307	-1.902537748173533	0.6412301300795913	-0.6422046013053578	0.5511254024024194	-2.2410717403154576	0.2837550597246573	-1.436459392317591	-2.2081622384857953	-1.0489934496276776	-0.8942937215681629	0.22851289586836182	-0.10068519814972719	-4.760545138759244	5.388524704012107	1.9730229181968104	-2.66239515034381	-3.472312868856111	-1.4921062883873226	3.3856690268722036	-1.1571644226113502	3.155969976739169	-2.5189967110742857	-3.338143200962308	1.6522405919037821	-1.8626352376765662	-0.2639309828169698	-2.0311149307703023	1.8404009336766445	1.0800443013110606	2.440624802527655	1.3425359540266635	1.8666288604431507	0.4914779098654489	1.4143186793898228	1.47458469336319	0.6631223900622458	-0.2579899606333831	1.9829926932887363	2.785243891939596	-0.8480924989758276	-0.6536308112872665	4.0029053719331165	1.8739907731097127	0.15290303177031092	-2.3737705924242083	1.325437744937046	-2.0816771200205983	-1.2608705389697565	-1.6061897560283271	0.8306040477935077	-1.2386989878523125	3.029498861243048	-1.1843420662977102	0.11165609305248805	1.0384863001327858	1.945013667577388	1.5949140752652429	0.7650530701902714	-0.28583007372304836	1.6562795578671885	-0.03995196520116042	-0.6191868398040724	-0.3011553823688749	-1.3688907523812999	0.9482995887559247	-0.7240224261581908	1.538759585930605	-0.1494291232257309	-1.1633843260801655	0.646376433024384	1.0379705073693892	0.4244971475476197	-1.3792179730413214	-0.06548395030978328	-0.19006436899386694	0.19892823589578054	0.30635420288327136	0.03981868676248391	-0.296934488344309	0.7074173453682557
DTXSID6048753	14.273126862973443	11.009649723880681	3.799809705178413	-1.1183124862966844	-5.699423255088676	-2.7690098140652304	-0.16190944825618026	-1.6231888023754422	2.2118962779646494	0.9816193751261124	1.9036157561355214	-0.80853898369074	-2.387256835153868	-2.785775580972212	3.685946455800058	1.413809198774685	-4.749183432437399	-2.1967406942449914	1.2980315788720123	3.563242851740749	1.2029197353482588	-1.1927085036215097	-2.1610411386919743	2.024793073344891	-6.460158981242078	-1.2299350926961667	0.5676865618743078	3.3676744417154056	-2.1014466390413804	-0.3835424513679165	1.2020714949142814	1.379312163129255	2.650653571568906	2.843626014029389	-0.3156459534291554	-3.175738361628435	-0.9218359159805454	0.3189284671819198	0.7010574685798139	-0.7045794750075343	-1.1391755479332841	0.4586877557753898	0.8660319189069783	-0.2962614179887746	-0.7806972417550547	0.7628548563167672	-0.6069925900811264	-0.05118107110055072	0.1767772724583572	0.6195505455311853	0.1641767710268782	0.4408537558112518	0.4169174358194357	-0.4783740547413711	-1.3514041002437602	2.3389879190308536	1.0553121590418815	-0.008244533537197552	-1.4739965036278542	-0.676640193300653	0.36200635959723737	-0.8886256193792703	1.118849727430158	-2.0473049319375662	1.0854110977885632	-1.4247564267201107	-1.5690289462945985	0.08015688410371093	-0.7896675429799881	1.91295473820482	-3.6563112496873877	-3.2871811597679605	-0.14496344250905913	3.5817766563170195	-0.0448436820334312	1.6222858807044693	-0.5384028911954416	2.161767266261051	-1.3721010580074937	-2.260284124665092	-2.333796428258454	0.11522176491912721	1.4224936012341536	-1.5174225247527688	-1.2854775235850864	-4.688177424865267	1.7281184711192672	0.47911096043424284	1.1386805218389695	-2.548948381953159	0.6246793372952101	0.8863802605391738	0.9346264752668317	-0.4325109773506747	-0.38786717563064155	-0.44411960610956064	-0.3180847543807248	-0.022189172971332993	0.38078897334798223	0.2756334824892683
DTXSID7044970	3.802513687485437	-3.134531342856305	5.869667840714192	2.9453045107138083	0.36959808839157865	2.0559532662276174	0.6606723562769177	-0.30759902060140326	-0.5151669467244385	-0.3093813279915833	-0.9049677967357983	-0.20182158367666803	-1.5461003630617607	0.4767934373997474	1.0072086094764283	-1.5316720907525982	1.8479826379860982	-0.8864446224771773	3.2055053406496854	-0.9053787423721684	-0.6333365455278557	1.0651406608560303	-0.2868070479209363	0.4004243903720689	-0.08106767555473583	0.9655720190960457	1.3800128508258116	1.3091276542104506	0.8348155323251333	-1.7260791968217406	0.39729787085903534	2.149797957208633	-0.7902214972696655	-0.28787653498854443	-0.6150506014473429	-1.380670642726142	-1.0112757052506705	0.13864299790554357	-1.3910298226250102	-1.5644582959092885	0.17877326817096223	0.6155148085934184	-0.1604866241477332	0.9862825490241602	0.4004517953155338	-0.16228667696806712	1.0860345852050104	-0.6008370503774279	0.11504826327635008	-0.4256314182043164	-0.03904951516024163	-0.9145732436912335	0.2161294997541287	-0.40225472870936413	-0.6768314812047687	-0.5271429107039665	-1.774165276295107	0.2543701736379161	-0.13674497413143466	-0.5975530577656218	-0.8632696275012129	-0.07690485718114794	0.905378276918277	-1.8365720403297126	-0.7109260239058788	-2.3449067559703356	-0.9547113002373893	-1.8122862989704398	-0.03995396953243609	0.06978331723485481	-0.6032253860911488	-0.6875984841231667	1.3162244096386724	-0.45256986748425676	0.19337054152464606	0.5718200299097208	-2.735191258910615	-1.2245915003172485	-2.129246714024046	2.5165923622299906	0.17596013418813253	2.516461812696397	1.6557310815827926	0.4663732090955252	0.18818590989575376	-0.5859217178276649	0.5000918527842294	0.03498402115727109	0.014344456594844016	0.22654032562256152	-0.4881569339235979	-0.5668647594914872	-1.0055981994871397	-0.7790069051640809	-0.06400492727211346	-0.20145732175162853	0.13889216145507968	0.5448155366716894	0.47658150661879023	-0.6227067215567798
DTXSID6023600	9.50995685468864	-1.3041486522840675	2.806762957253323	7.077274658522282	-1.2863103034476966	0.46705590478631753	3.184600298396202	2.7220062413549355	5.309118002546173	-1.7927906066718569	-0.7156304391506566	0.38583075020932284	-2.069868302856836	-0.9914910744413312	5.620413037207326	-3.702368459867641	-1.7426991883065732	-2.1752263776171916	2.668450527340515	5.826007598844266	2.9558592732574795	1.019485388611939	1.6106937683217102	1.2156228875564639	1.7786053842212668	-0.45369292371897196	-2.273318073476222	-1.6874317080598864	-0.24341854678376867	2.406442428113842	1.5334834785529825	-0.886245039656683	-2.2687350153043906	-1.4833252494671738	0.5775480513975029	2.3175558833274454	0.8017953419420774	-1.2384303066199007	0.5402298765961924	1.661114155220312	-1.1802786645655885	2.112026610706223	-2.1065821346867137	3.4107192463234823	-0.9858604062067915	-0.3812919810753945	0.2551378327265257	-0.09230043646478377	-0.5967515041532142	-0.04055717248116054	0.456644946516563	1.1562840063083057	-0.6324219181528229	2.4714013812961317	0.33064991641109454	-0.2924368372836428	0.9193934482191362	1.978516253537869	-2.971799099145059	1.0213250287490212	-1.5104884997562462	0.5868817241758909	-0.8941531368568633	4.351007621030309	-1.5324812002749633	0.1791904479697549	2.108442940647354	0.7767542437217956	0.9677894507940579	1.8475828177149305	0.8785776240671058	2.360067438200451	1.4274323278861132	-4.293000086913736	0.9546305121198523	0.5125411245101803	-0.934494945139252	0.07595929455166332	-3.4967056513280164	1.1699519632253377	1.1448627583188975	0.12074448415948193	-1.6868958901671969	3.5632927065448605	2.5442081472095017	-5.47115818537229	-0.481304359417049	-1.1242958933552323	1.2908829412339269	-1.3372514639284845	1.1693980107832909	-0.5655858761583916	1.8330722109503623	0.01646232762393576	0.21550230288613673	-1.2419415024580536	-0.7088755124736318	0.9949606572641448	-0.08595109699556444	-0.293664158423746
DTXSID0049070	6.769928656725987	0.601198533340948	-0.4840758352002572	-0.6225951793307051	0.868528379989215	-1.5738176957655605	1.780924873087112	2.44554510697529	0.8275307068811424	-0.9968526485248121	-2.7472995359294345	0.7043453726763951	-0.5775301077169561	1.3993113747296089	3.881420682667851	-0.8692706727419162	-0.592523623469679	0.9737888320336484	-0.8815053343039885	1.4149318202023646	3.775593976003491	-1.7678523490887574	0.1753690751857131	1.111499735288651	0.1922315588694067	0.7675747839047047	1.0919009196330782	0.802852855681115	-1.6305972904665067	-1.299905391817561	-0.5936330954731576	-1.0974418734046454	0.5503455275148234	1.9083688789169377	-1.8462484244744375	-1.0695435080117925	0.8257156277563891	-0.5266786313932452	-0.7595136077347413	2.6058055770230313	2.348307079732761	-2.2752048333972397	0.2224792174698278	1.1888790271957832	0.8229575384919414	-1.3639525173631624	3.60274405972851	-2.0096134991764187	1.4419116907941756	-1.922733797313005	0.4069277273674364	2.689472508517019	0.16895928075950223	-1.7261440732368878	2.4053653831215045	3.3509242686930594	-0.33237742731554554	3.430987119178372	-1.7336365372540339	1.0611273509264307	-1.1692901107125522	-0.20271294035739987	-3.158805603480981	-4.150232846751734	-0.3206392127775568	1.375903879610305	-0.09817316836782784	0.15487128068297001	1.0825971476020373	-0.7924407552223072	1.9410895998416389	-0.7788431013541119	-0.8540275171027646	-1.312016795380988	-0.0368923742180336	-0.36748195834014086	0.026730209735918022	0.8588022242632855	1.638174065120219	0.9547076846999332	-0.651841215782924	1.696684087788234	-0.10719027783067511	1.5034666686564655	-0.6950837960121318	3.5804171318324958	0.14729878793114126	1.4141747845572519	-2.3082471090983026	2.131647365264415	-0.23637295927070232	1.7912358910962798	-0.4336812096473713	-1.684141928073807	-0.24124661771914221	0.3190304785611527	-0.15801043418154073	-0.4452553860380007	-0.05128246004926036	-0.5554804471541618
DTXSID8047501	-6.302940664180323	-3.0623575723853516	0.6972205766247169	-1.083976101463168	-1.1996214889448245	0.7814573222355634	-0.3472408869373279	0.2795859941866181	-0.004115131211899724	0.025129737360815647	-0.4384727986269812	-0.16829406218715376	-0.13187083329549415	-0.27314647892832233	0.08752352665245408	0.5204173363324522	-0.265311645090637	0.6113725638886812	-0.6809373620923568	-0.00776839792017772	0.6520266698700836	-0.5050966291480063	-0.6855114205321902	-0.6508060670902799	0.5909402996792189	-1.1119640592784454	-0.26980153266029583	-0.6625236937079386	0.041160565977767176	0.13310413680692543	0.6858374146606799	-0.1912257828835069	0.4389014303007765	0.28771924501527185	-1.0643775162407931	-0.20616220017241652	-0.028737693064749933	-0.038960031624791454	0.19205186222298815	-0.03290594767051696	-0.6455956557459822	-0.4382242301168046	-0.5435844215915425	-0.6521334233537592	0.17590840682648864	0.3177978431952783	0.10083310769420269	0.4235630819020651	0.03958007952461785	0.1258334668385338	-0.17057759708759754	-0.0049283137167662186	-0.3182822367948011	-0.094307266185789	0.41047042853045257	-0.14718027250230778	0.24042506959981744	-0.28803465374980425	0.143931882441937	0.5286314084666192	0.6696324069524437	-0.23528108888584862	0.6691993400170493	0.30157746939335855	-0.019816731637103516	0.2784567360290373	-0.37847317519123974	-0.3130831700014838	0.2526736337922771	0.26372156504365396	0.24513825191778507	0.5395864751145966	0.29941737601928947	-0.5708436534467487	-0.19014443781144205	-0.0019503296639484856	-0.01853087241376312	-0.2339686613141643	0.4011694177410806	0.018765423073517785	0.610963835959336	0.018221321733388158	0.6054917001916067	-0.07347888011891086	-0.8911342129221524	-0.5056376958192288	0.953571198227541	-0.2260866043195643	-0.09240592562734623	-0.5099604184944829	-0.6297847827301234	-0.5491458963409411	-0.536094682723563	-0.42011136205173916	0.5146387947064096	0.06431474618286788	0.3690320513046617	0.1888579061872146	-0.5822107698372738	-0.27895085511808587
DTXSID7024873	-3.6685847535946405	-1.2149475554338354	-4.796427946197989	0.9927620111908867	-2.2892780345023604	-0.2499175573277066	-0.1288522669854489	-2.804219347194331	-3.1070064456342155	-1.2951839726578591	-3.942535146587663	-0.8252652403928363	5.339360944842336	-0.5181336466594072	-0.07983961961297648	0.3360701282647141	-3.194064812268777	-0.0873907923078721	-0.06619493136115215	2.2324149937957665	-2.0718436195387677	1.4395431311937839	-3.065262476434605	-1.3829920439534922	1.0674732764798451	-0.18007192520227175	0.06526376331597974	1.0228410889904784	0.7192376887414808	-0.3340521005900104	-0.18153616329653724	-1.2986195294422331	0.25668948594927665	0.5712053106374566	0.9749933885795748	-0.9585265337055583	-0.2245019085753282	-1.3065144582850516	-0.7945287339253797	-1.4876977744113111	0.7776120164889948	-0.10874836431591912	-0.32587116461074983	-0.9809469282572527	1.1976331879434463	0.2551659642862141	-0.6748378261770193	-0.10541076007672284	-0.6205799272767029	-0.6585117828179207	-0.24516552229598326	-0.6908542197886705	-0.0030386468369623916	0.5567783214623812	-0.2077129456697956	0.326779465386116	-0.08397574425423561	0.798233225821601	0.660762079760764	0.6915277623672501	-1.5721596205418642	0.422532491262434	-0.0808866083043914	1.1761051221095697	-0.391533074640166	1.082260679507889	-0.5592053878868188	-0.5709932393097711	-0.5988024905689591	-0.9825364342031288	1.4847946112235735	-1.1660914665900883	0.4812792566260412	0.11539008985692831	-1.176287124507843	0.9719053590147348	-0.8992338589535677	0.5643406894323875	0.9103592965248783	-0.5930126211788027	0.2760981053620343	0.4329960108583436	-0.5204527981135401	0.2510905532215619	0.37119144156920064	-0.3824244517618348	0.05319289397621142	1.4844855894154267	0.5987272323193844	0.6048660848225681	0.2784211676654381	-0.08976005679907026	-0.2949803514515662	-1.5763205083620107	-1.2995978668783095	-1.7880921930534106	-1.983260842379767	0.10659846592530423	-1.2318542893218964	-0.9416078640525487
DTXSID8045804	4.484774095646098	4.716164954098262	-0.44335857807159385	-1.0760104025852038	-1.2983286874735023	2.3019777341528305	1.4035197428384178	0.8082336471292131	2.452785018870693	0.5910851608829466	1.1161737630927082	0.3655390020070812	-0.611650737167083	2.648650778409863	2.1974908055599274	0.49852512814824423	-1.3892487152743584	0.3238593599353194	0.37123800939837887	-1.065224898047716	-0.8154871382709472	0.10314652195164649	1.381408815242451	0.10644937834898102	0.08217306476797348	1.0442650183177375	0.4096755939003963	1.0341543899914507	-0.0897588181421594	0.40463619130684547	-0.5637864856239576	-0.9405666755823173	-0.47674999695020037	-1.0985034532442437	0.12412750599380695	1.59924074276354	-0.3800588792023432	-0.39793698452358983	0.017755559705633108	0.6596143129771656	-0.3337175662992538	0.1973042854118731	0.07820434397984563	0.33553359732980903	0.9637397278218898	-0.7306619795422862	0.735658143773733	0.13793989151313105	-0.11880672593277503	-0.0036174580528173083	0.0649986540482689	0.25534227704813334	0.9095314741826255	-0.31691871291543194	-0.39174073953039	-0.6153164503019546	-0.30156118792918735	-0.005364651140414769	0.6884772726060043	0.6583286350598255	0.08398274434139083	-0.6455476928896338	-0.27084897321134604	-0.1362606222739759	0.1906828713268264	0.1517340480907459	0.9006185797872028	-0.4399373599301499	0.2584122655904491	0.5467939794435507	-1.3345985145341186	0.49972904706271837	-0.5724681446034454	-0.6270675025326131	-0.023369701808358647	0.5732798939829573	0.17729160389357637	0.7529474721801057	0.1378063375305598	-0.3858276077981124	-0.6111771449576808	-0.5728829260993296	-1.1152240415086758	-1.1354876372682885	0.2191483672965343	0.19907241934589295	0.6740533819374096	-0.24906112434099842	-0.038531749104632355	-0.5598654336450041	-0.19675331867946813	-0.7012676047867498	-1.376024508469621	-0.21482639994789354	0.5699278312273762	-0.9214316284039767	0.11261544918054735	-0.04842823357880626	0.18478272222208633	-0.28106791077323956
DTXSID4045478	4.186099029328361	-0.03480280683198521	-1.0754113753246712	1.3585793658047611	0.0924737320594821	-1.7389520468572417	0.389861675949656	2.2023311020761653	0.6921278394538756	1.2752731225924252	-1.7895231259899664	-0.5126268244070619	0.9319795613517589	1.16939888846963	2.320312067516992	1.0166086610211447	-0.5542629342272898	1.2473043268034072	-0.14311693097660458	-1.6153714929131338	0.6816988686418631	-1.3494097333997752	2.3426705847990403	0.10640451464599862	-0.10390545008420128	0.4761420102605069	1.1101882432729966	-1.173835666069706	0.3087849638208309	-1.5090529099337802	-0.31468109536147026	-0.965381201514739	0.10962742479987327	-4.133260633237628	1.0433959033991724	1.7425283663292057	2.3786519328220055	1.8909752000067084	2.7084072239048655	-5.3530055148613656	3.0740341302899736	-0.8994728105768977	-1.2341423895149402	2.643490511309176	-0.8775972734442156	1.2682117147987517	0.8127841913422211	-0.6026399461070943	-2.1076381288195614	-1.3572956488662382	-1.3837819256841275	-3.7515780824380474	-1.1288327522887658	1.5205346161420183	4.372202469566208	3.8713415751252795	0.059824837793090495	-0.664681958315946	1.2327287168030727	-3.7692355614640354	-3.694593482664371	-0.999019557857227	-2.801875071766799	-0.045834232960723656	4.269778245482	0.9759261518899297	-2.6522438940468795	-2.6443644054260593	0.8796121707106083	1.4294649975004226	-0.8833867722171159	1.2816162605029071	-0.7608476277592392	0.8027454177815473	-0.40708993148237504	0.5880247318999552	-0.5452412509715826	0.7846838295227619	-0.3561467233557215	-1.5933023891792697	-0.3918076630314838	-1.9277552580191821	1.2908322728421702	0.09584299338971634	-1.1608892844865124	-1.1982585342677377	0.9520668126574968	0.5843173264544	-0.8042215669891594	0.19258654345965598	1.4759907646201367	-0.6207094255046864	-0.9950996864840567	0.02123999637892138	-0.30229572482895445	0.25837250000329137	0.2594293653965178	0.4924577665251917	1.0393677890245347	-0.3920713176391835
DTXSID7042011	2.3340318965989018	-1.1989933359555836	2.615364827827668	-3.7478271158875405	2.5305720644194185	-4.74094365183534	-0.5226057109493544	1.5083602832478018	-0.3544282459667248	-0.13060641881700458	2.492613485046518	-0.245031529988554	2.9754879585537504	-0.8911341161592726	0.7007393461584421	-0.994448968304313	-0.8959336031478496	-0.00446902754898111	-0.7381774358381963	0.49616247516084006	-0.7449732555582815	0.6257385390446971	0.112388175309815	-0.06923157745378165	-0.9916945017303971	1.1650911930592405	1.196425047601614	-0.1909928635162529	-0.40975140762320883	-0.005563076976089488	0.018211241283473522	-0.5896656421351153	0.3300351637116704	0.35037298465229927	0.7190913161976654	-1.3275406611448475	-1.226367171147102	-0.08759865007191169	0.1805710649392502	2.3253202128306976	0.3347911218815327	1.0996657079188523	-0.4796029034510328	-0.5579434326976175	0.44293778529896255	0.2604543553458079	0.19582432327809768	-0.26204697408429267	0.500326599471428	-0.378760822801643	0.09328521280147183	-0.39368768068450927	0.12652211394577162	0.30172961307308566	-0.03844988602539962	0.3766790843362064	0.3478623525089941	1.0394048547221908	-0.6750987551872296	-0.32388539096943686	0.1495120450336646	-1.4055677058044755	-0.7201143509710963	-0.08845593512034934	0.7622550972241622	0.7321392596613427	-1.564082994749485	-0.5555391775484351	-0.03596729221520545	-0.018721504832609814	2.1557761092137375	1.5613352633904092	-1.2088111287252692	-0.7358644883170357	0.5901438527176613	-1.0372852087511104	-0.14741408662456293	-0.48627326340862126	0.11201975056142428	-0.1606194885668196	0.9622859719000462	-0.028066347396335112	0.2580244276311833	0.1689216960424681	0.19214251207049468	0.5421830204241428	0.06916162091068451	0.06278493717237837	-0.24226316311935586	0.37420995282243213	1.0007854348161138	0.04738784254389744	-0.11463994719405625	0.6139866665030755	0.023388624015771665	0.3686597010380345	0.32351376168370816	0.6270840063935565	0.20478355305459087	-0.05887635245192525
DTXSID2048795	1.8020990478933903	0.6412056933338649	2.6230607161765	1.8302115834742618	2.692398857873308	0.0511533357864176	-2.302828898586752	-0.10054269648519513	-1.1613321575792803	-0.6196157771110421	3.364211253487965	-1.510097967595763	0.666279726657914	0.4759286120883	0.5798933964384084	-0.1921250211672381	0.13589739962925027	0.7549123373665269	-0.6681257695930668	0.3477552864910061	0.13193359482653608	0.05899683544056186	1.0420092752368284	-0.291955394736826	0.9432053974949273	1.8943273065035546	0.9933834479149802	-0.9875309580906483	-0.29279498835129053	0.21737725074555972	-0.12978257395902884	0.7204336819599035	-0.516800941572368	0.5488951849738587	0.5770626728427858	-0.22897060724321955	1.066773131492128	0.6390017732743922	0.057452037684551094	0.057137628111738385	0.11341079397691538	-0.014524044542119011	-0.45402988341317096	-0.9425004001520448	0.21661545009274089	-0.04267267428424106	-0.07159462565575533	-0.12250411524565619	-0.046688672855816876	0.0672489797361362	0.10118070816388045	0.22061728880944126	0.15094802536099014	-0.3915174817686107	0.4247125668460583	-0.89651982247953	0.7627495653302633	-0.5432480529390744	0.19562736542175985	0.12649168928730223	-0.25814485177013197	-0.4777950795792529	-0.5282741262089786	-0.6670952748123538	-0.005137631700689062	0.4439544034159072	0.3709194150489371	-0.6221032355858535	0.5365976942145018	-0.45751856799128215	0.1648434354581389	-0.9526287729405245	0.5140132901734565	-0.1479722328177643	0.23967679503486572	-0.2099061927438931	0.2922660194536015	-0.41369911006861937	-0.318813766456503	-0.012855152158629379	-1.3622989035538111	0.20869539467481002	-0.8676092408648561	0.2555162383893678	0.19877299227462963	0.6396363294605609	0.7459517466474723	0.3813688283664722	0.49883864857526894	-0.29636686062675976	0.43535352634549634	-0.6310792472390496	-0.7695272613818377	0.18130621463145144	0.6135216283444282	0.5646229555323151	0.030036291706592673	-0.5768505509156845	-0.6154326857408333	0.7458857967371391
DTXSID7049009	60.29084330181407	8.398193295620453	-26.96337458833589	6.375343154768281	35.144290048483484	-20.903393398005996	1.1485850473199497	15.09276273915242	19.534333726014445	18.187615530649165	-10.994134157803268	5.652107587559645	17.283706631624394	-19.255157960812927	-13.008845986162827	12.71239639678747	4.287517669648108	20.59804062405751	1.1745736994036515	-44.5187980103225	46.37259127312031	-20.53003368894135	23.994150808263385	-7.238556531006744	43.787302331407574	-1.468950673348078	-57.97616783035033	31.362359242757286	-16.512529691445593	2.409406097661738	121.56164469371821	39.352540177876264	63.527078970004865	-2.7353924868847654	108.51515857573138	-14.915310318557097	-19.488032006364005	11.15914687023251	-12.196069678918631	-2.420389773436178	-26.291785592764665	-13.576910954487195	-8.013692403730733	10.707403228853794	39.15733961129862	-6.042461674970547	15.577075103636595	-45.65164784276659	-18.4256867026373	-21.690733605896956	0.75709604497551	11.106882879963043	29.40626595314176	0.7905314928759014	-29.011728056200283	32.598514360157594	10.666050387491572	51.58505551072892	20.601773323861288	25.897188678056153	3.445254496263296	30.32995192098501	1.2873460695985002	4.883700556828077	-8.340844311447569	45.889975108654056	-29.999433030041242	-73.57904680541014	-22.022280540208897	-7.413919497752901	3.217755984052285	9.381616211891888	24.383338970039258	25.13184174030055	-27.028024235115886	58.47485532859732	17.928560316670623	-79.64021168659032	-12.059134540963703	-20.486253628559794	70.05057405027446	6.384640286290441	-40.37713008567194	18.61530559176371	-36.18749097580222	40.15573884139393	2.989047689681012	10.83911898475583	29.926356517745887	-83.77857655817473	-3.8476904340534293	39.21084982556334	-14.552347901033555	45.66471582964335	16.36535855657276	-28.701406971832753	8.401783580549832	-25.625886554489767	16.30981008694453	32.93856465333483
DTXSID7027120	-5.11476920068573	-5.1844069909079895	-2.0990582408295437	-1.705455593021869	-0.4249275349909164	0.32057382435322324	-1.309399097888657	-1.0639300971437875	-1.338314522121248	0.4833754874710604	-1.4379882104971635	-1.328233445140944	-2.1109339984913427	-1.433303218182426	0.9169779417757326	0.8494000456908517	0.15555443534751395	-0.37366246155618704	0.6271300643401981	-0.8213111984425931	-0.500636426130351	-0.5623704024119435	1.1370846994259545	0.05338366232003022	-0.8179539753641358	-0.028336935053986476	0.8453364080839202	-0.2646060946432874	0.39807488419559095	-0.04443664879416806	0.6347075916762032	-0.2648123391128487	0.24230919407489795	-0.34898376371310336	0.2926867839508625	-0.42942771354550247	-0.008350472548354259	0.435182573981453	-0.11151359273850309	-0.10779365079590277	-0.12765625990661048	0.30863305212585346	-0.051075433878064964	0.4084200218907245	-0.06425374350467024	0.348382155619825	0.3466101718865666	-0.39654717895658675	0.025776250291371716	0.14216432499215506	0.19892555966399647	-0.0847877437946554	0.2767480120846899	0.04232694424008172	-0.09902576672133717	-0.14473315572745102	0.2500836528656809	0.04622494938806549	-0.1984587192178711	0.442416109726275	0.11113931422170176	0.09599256200725456	-0.06098687528715494	-0.220270458260739	-0.1158859169177071	-0.21340205535142068	-0.3100685843274601	-0.11782827714146818	-0.17515558696503988	0.0523653904200889	0.04016385886819239	-0.11253768262293805	0.33539460426355555	-0.6106883539498779	0.011673589551928017	-0.17193969094733305	-0.765214288205138	-0.1388648895926717	-0.07544304195043901	0.3789319309041445	-0.10150918658002188	0.3728036370061451	-0.06420995147208627	-0.27553572826813555	-0.1586767409591694	-0.18906422914281223	0.08867672407663492	-0.3487084064849728	0.12281814403519437	0.003249520821944044	-0.17874898250141874	-0.34432493029426103	-0.20565957078400773	-0.4221004908372282	-0.08412868529757804	-0.14853845341145586	0.5004328099198518	-0.3620147510390708	-0.19789236933857532	0.4690598784083809
DTXSID1047447	-2.942203238449233	-0.014585731546847959	-2.08060269435613	1.6549265657671302	1.7516052788631427	-1.4150509144550647	-0.973441454185708	0.4290003721144836	1.1332306418612	1.1524641012697503	-0.8538659693877101	-1.2382376807549464	-0.6330558499655471	-0.3506749394047546	-1.2371463746017812	0.056646955953477594	1.784096458376213	-0.34485535631754877	0.12500723732630253	-0.257313502600786	0.6759586512300664	-0.036177101520504004	0.8965407179891741	0.45949555118638324	0.05342462689517621	0.1563957818062085	0.8549341516047922	1.11991625824194	0.9508643210392492	-0.8491787643068475	-1.5337188779896607	-0.9149758777765662	-2.6358344547917074	-0.1079468068667406	1.4508088174542597	-2.10193128290737	0.5940607337284936	-1.5883196283473142	-1.7685909102036648	-0.06986908956164671	-2.861992705993117	-0.32912032190570134	0.057275882559236435	-0.6825574797235854	-1.8981401930702486	-0.4037706592361627	-1.604569182421224	-0.8521033295339968	0.04932736777584177	0.4563335254779751	0.1089110650314788	-2.8405120841017824	-1.2951447538775378	0.5015045001051692	1.5896499363741705	1.346463386820454	-0.4203095362787095	0.18547909934801013	-1.7975119347848219	1.7747150918759906	2.306214694026524	-0.3330227826968501	-1.9369417675914504	-0.7849279479247127	0.14063023930898322	-0.1991575449714561	1.161458146599303	0.33203559884429784	-0.025120932747787338	0.36896898361807934	-1.074194523611944	0.252816093118202	-0.1850129168696716	0.45096621613943955	-1.087615777665916	0.7145990235880745	0.1803250062746907	-0.6609692113664432	0.09286865513572219	-0.5102628273458408	0.668990151922275	0.32143708135485854	0.25981058219759373	-0.1799216176273335	-0.13637260344346153	0.034142563293152475	-0.0425611076832579	-0.12754290974450488	-0.08862759234818623	0.06487661253642317	-0.56623607996417	-0.35688741028836213	-0.3356921470480162	0.88313128673972	0.16742221806943017	0.11561479071902701	-0.05170384513493274	-0.10404232205465877	0.4463880865426275	-0.20647080536741563
DTXSID6028492	3.7675877710312924	2.1198990214000357	5.065548525817885	-5.133606639047384	-2.7464146371848233	-4.306639167315626	0.9190317682946985	-0.7487455149580111	1.642088103487533	0.5138778773210336	0.9925697682743612	0.5778668712646906	0.4536257712000389	-2.1700343608524735	0.09684985515702066	-0.351098115630253	-1.5405338559332282	-1.3915174042715681	-0.19363334495490844	1.7396945197459803	0.7867399470756735	-0.3295183267719472	0.18254267240576436	1.2377319851457251	-3.3041948538810515	-0.20145986344009661	1.3042909258027846	0.9022063263863053	-0.7324917235508248	0.47353579838604104	0.6372813756247241	-0.15425292705335714	0.7494583029738383	1.0089132743202969	-0.0017137358601344071	-0.25283791409730516	-1.3189570819380902	0.12564576794365798	-0.3479455587633206	0.48187109898964064	-0.5226829067580702	0.32618152159591723	0.4758414877521853	-0.31525801623404587	-0.3239401538952564	-0.342713751178094	-0.027377817980675474	-0.3471504381896345	-0.08207562976304388	-0.06982750834658075	0.004710254583924193	0.05476581210123502	0.3837531175195401	-0.28697596048501056	-1.0678273816366433	0.9572627776816873	0.39539106672167507	0.07475128557066985	-0.635531618066061	-0.6426636280057484	0.5518633860022403	-1.2296555658659913	0.3925167470352438	-0.5644812572981134	0.8896222344786328	0.265624212889731	-1.0120412537098233	0.35847135059261576	0.03823623329787428	0.16721756798524492	-1.6147784211648804	-1.157127184818051	0.6070768194058331	1.9933054725568249	-0.5309985365292926	0.8915942985976053	0.5793641775346436	0.849888752697403	-0.844867781081955	-0.9610068073425195	-1.1276784105883544	-0.30279455597228194	0.31757908293541776	-0.8869430607041785	-0.2684040231286249	-2.1148827477383527	0.6819926149379328	0.3198584245479025	0.7370864149926839	-1.014199306365769	-0.011224434904771744	0.013966790961328537	0.25701788506170564	0.28501847449181444	-0.04154105338001129	-0.18264533663386637	0.35789651216855994	-0.03884776030960503	0.31527763983492646	-0.006757688008546851
DTXSID6045531	6.558750564820652	-0.7859532402771103	-3.365583597767608	-1.530281485033905	1.1751502502051705	-0.10156811857504874	4.871589622005897	1.0409124020248155	-0.973908118746134	0.6004834379736557	-2.557160526849636	-0.15346041465170446	-1.7499020765582765	2.0014480796840575	1.6225274263243148	-2.4046514737618327	2.136477344619842	1.98874816421632	-3.475996959707374	-1.3315965489909953	3.606726435276638	-2.003367704173437	-1.145952812782673	0.43712093470344715	2.2707848124824723	2.70872520520148	2.018689721434874	3.5411889903081484	-0.4668015277654017	-1.6252774814258681	-1.025938501882473	-1.9678975838397867	1.9866002116599142	3.3442782453777213	0.1631029584243798	-0.8325365269040759	-0.4940991602970167	0.34843347588272766	-0.48447546640949657	2.948826896937966	5.471824138746478	0.6540569598422654	-1.199425713937129	3.387594137064126	-1.7617289519553068	0.8661699919857994	-3.2380978595981293	1.8352049586072012	-1.290533552801201	-3.5647409383864717	-0.11078228390786961	-1.1058291518303096	-1.6557994724669995	4.039563257349572	-1.420238007594783	-2.0321984570974427	0.09503764386078072	-1.866444823920209	-0.5771324688856126	0.8710536403016728	2.1479783196478275	-2.1822594550999654	0.722229838496772	0.09020896824188637	2.760977602386164	-1.2312999925969113	0.9065144247654229	-2.815723433979402	-1.670053033014436	0.30674389571214994	2.2044125639565726	1.1565200008503513	-0.23544642023762016	-1.340199153957726	2.343778634271874	-0.5850425199831824	0.5042196463944242	-0.5401937456669863	-0.2616540482644787	0.9374243672336309	1.6353440435993247	-0.01852232754128551	0.3750859203872724	0.17701200913889448	-0.05245564658691128	-1.409541997874764	-1.856612097631267	-0.6834238026341528	-0.9982078335844993	1.366078123910696	-0.2577288711635751	3.9810921822048924	0.8010562212682193	-0.9167263604058659	-0.2708008775431033	0.389542325113134	-0.03780294307038229	0.12680414067356097	1.0381803133250342	0.5051145503166425
DTXSID4044901	4.461299500911234	1.2010211153108699	0.04734483093664951	-2.5415550105195184	2.105479445228932	-3.0886203541579733	-3.045791729421138	0.20948693197996177	-0.266434928140407	-3.6474803285514774	0.005168577857813927	-0.08987926733280385	-2.363795516994912	1.93652601708137	-2.2046548020032968	-0.4749390709825135	0.19676956728194694	-1.981346000435478	0.41902409227253856	-0.2303995536432989	0.7191998772748511	0.21902856815352728	-0.19161885799734413	-0.6029420024427736	-0.2826305575670987	-1.0910889297278439	-1.5055175099022562	1.113669788011723	-0.3447499966781818	-0.9421457142705106	-1.811149722299655	0.9316973881191958	0.8508066040073387	-0.4368540580240264	-0.4803151154503208	-0.3339662072671821	-0.7126318278285327	-0.5535530349616959	-0.3068032389133854	-1.2417321985385792	0.42149692260329946	-0.4592714321146222	0.42170816355263246	-0.07097499180961912	-0.22227250943620608	-0.15730508833793927	-0.3227330166044565	0.18976742492570414	-0.11624863303699493	0.03862192615182555	-0.26089493673453273	-0.1691385484096185	0.40358651522162475	-0.3290050196951484	-0.07332706410031288	0.7701038391665016	-0.12015342387735929	0.14168465224074359	0.0871319479032446	-0.14183204491766632	-0.6429638015431557	0.3951147767235636	0.543870677183398	0.9801512246699859	-0.17365577371539684	-1.308143289939808	0.7012137042609091	-0.1432518330538032	1.049454354394823	-0.41757966155054776	0.4483510927738864	0.14612504279015198	0.332340113636529	0.48121237877124634	-3.4017876410664516	0.18822896751576845	-0.37044469473711167	0.357306260145995	0.5090367780447185	0.1502658648590977	0.19898029612105644	1.5765647538298846	1.133032676256272	0.3278652742847309	-0.03445451654509275	0.1072033385262642	-0.3350148433028864	-2.0258372307755077	-0.3861285051016034	0.14727285403631477	-0.47614531735863136	-0.0010231065991901814	0.18907257577188982	0.7391370349830317	0.03928722235470074	-0.2682448135594941	-0.628632036547785	-0.10538251171125662	1.0966687160812596	-0.1667362248841559
DTXSID5024764	-5.051865941010971	0.2751754066864019	0.22745997492712758	0.7805617051949743	0.2356051678114501	1.2107430671395298	-1.5890245789537785	0.8629573367849637	-0.24486754440231856	-1.5149944904295918	0.09018743502023695	0.23216476289559682	-0.002065013183965448	0.24776466654145934	-1.3196393789384242	0.006502838647993175	0.34743486097485227	-0.39659375012441045	-0.6620197962308819	-0.1229144363704471	0.7078658135632858	-0.5434680305412903	1.6220774783088918	0.3801028853200505	-0.5156626267374703	-0.28336975226161815	-0.04594823992775152	-0.28900633073968524	0.013113907535895511	-0.4278388861057576	0.6614034938929085	0.3330291589549526	0.1135420750466422	-0.28368412394281217	-0.7111775007703853	-0.47071224434010295	1.6335161740190138	-0.7919784937449255	0.5329638588819853	0.501114878483854	-1.8752955470797719	0.4778461513096089	0.19584009111984854	1.7505638099239422	2.0604961647300026	0.18928087821974637	-1.826247670552989	1.6232910848554933	0.9373312583459813	-0.6725629788542895	-0.31696182254969524	1.5113754693127348	-1.7451293502451661	-0.034006407075335456	-0.044652043534944626	-0.5002853276260801	-1.9192282655180144	1.1645653039582113	-0.5424920148969213	-0.6865187640666504	-0.29816017713686654	-0.6277851199964566	0.7576400183430267	-0.2553874961310055	1.072293663208987	-0.17319933502271392	-1.3809345126456478	1.0356129741650966	-0.15971079213428213	-0.24195327624571886	-0.3040436751369345	0.5034200180318708	-0.22199805543083992	-0.21766526582629891	0.25878838485768263	0.6732325537386268	0.7922364732117451	-0.038657592061847684	0.0379867854732669	-0.0004617694668375166	0.1787653807251883	-0.017703652492649366	-0.40319833367044355	0.16033287679000127	0.11837599449898506	0.23830527285708564	0.21513307764087716	0.6708766189664673	0.4094491040011939	-0.2627272923899173	-0.24684061081763103	-0.3846192607262666	0.20230058312591473	-0.06343862297597437	0.08200990429308104	-0.023608717194931014	-0.38581202239264106	-0.07514965517684759	-0.07960032121553459	-0.2651561959613087
DTXSID7020976	-3.9218357048659005	-2.744423556558537	-0.4109933969435393	-2.585061605741454	-1.9814521468324828	1.427777937225876	0.5373694037160306	3.4710223372660733	-0.3613815818679395	0.05226521505352675	-0.8809795825783636	1.0794623250150697	0.10242992820583066	1.4793354698313055	2.780516976257097	0.3942375487312482	-2.6122581097498365	0.22656927901454602	-0.7628925651721689	2.601367479240215	2.4568818027177737	-2.756079365699877	-0.8586188515329742	1.8256521247005595	-3.8603999356315306	6.71341303884337	-5.774964698601976	1.4534336223975792	14.460363718240679	6.907333705824817	-2.375306958744131	3.1437144165567554	2.7692284479509452	2.243770252323462	-0.7083754738376316	-2.813198776659545	-2.4246953473926682	-0.49189796171553857	0.7324731382205442	0.817721270895809	-1.1401172817359455	-0.17983479375514788	2.38382608051995	0.6712802384056014	-0.5149293594247452	-0.5780743124513267	0.2715271103727443	-0.12014376898559576	0.34021675153074626	0.41179618788199124	-0.08486772379368304	-0.24081654329871052	0.98928080359264	-1.1021624932863312	-1.74300376624072	2.948415938741542	-0.8835869239655059	-0.8698190126944073	-0.6251142407509556	-2.6636910216070593	0.1751558275157952	-3.112957136350991	1.8560295645240148	-0.9538551557709252	0.718703030129817	0.10077960657387557	-1.0855165370504833	-1.2354633897295897	-0.23187962748151608	1.9570209220227615	-3.523802003338412	-2.731292438018192	-1.070209583692313	6.786950328932832	-0.18707389210546044	1.1823235713760754	-4.620536829758628	-2.7464388050233315	10.68579959915883	7.206260687420862	-0.9578584527290688	-6.5985334694941145	-5.558701139678476	6.3829844824352096	1.8354180911683506	-4.947403899268609	3.518640424163615	-1.311977725299546	-1.138730598191925	-0.23704752005653135	-0.6349605626913905	0.75382794828624	-1.2042421643987307	0.24822669458871127	-0.7396057389620369	-0.4513057526154803	-0.09338404869225377	-0.30434271456322043	1.2404105353372692	0.23436086664614492
DTXSID1022766	15.424158831341279	-1.6634451943493558	-6.388175910716645	0.8254465814674055	5.820463961599706	-4.023538285176813	3.1890914894487405	6.159448847124504	-2.094706279756557	-0.7731535834115393	-1.4095051934902647	0.6524263845173338	-0.9554296068856115	3.2726902999691094	-0.05690909782141817	-4.317425193858731	1.0755324682511342	-2.877285154490514	-0.9930504377927311	-0.35356356812288176	-2.4982552516246646	0.6064797301305783	4.314843382175469	-4.007618308736753	1.9975995857370819	7.821375930603423	-1.9349285157988791	5.358524053644645	-6.810949697063556	5.1690798240671025	-0.1620175657825916	-4.463585281386274	1.447790552698583	3.26794200110017	-3.1376840226787093	0.12095943752579996	1.5455934779862257	-16.294941727943844	1.193367399411324	0.6661940792441787	-1.9419794185405233	-2.183913370291537	3.264295728159267	-0.7681734028673428	-9.7194464828863	28.909937466830385	8.170205988280909	-13.105076263151263	-0.14014366874876852	13.848098933459802	-31.95444539951131	6.3498991909745675	-17.89149018483781	-0.6474354324591296	-16.194967331912206	8.929770298038324	5.008572625416371	12.430103275702493	24.17998899390384	0.8792371803656455	-0.16034199402694418	-4.927563929182257	-2.922125555550248	-2.151822850801632	5.382670803262478	-8.103448112189795	7.598975783107714	4.183786316738863	1.9736550607948777	-3.6385930613080553	0.19194014786987415	4.1238650845956455	6.560619963526044	1.3257657070553088	1.4483180501051471	2.672874352366312	-2.06400242944115	-0.0961883093456327	-1.9482183910422413	3.3093221697761472	-0.37668979538943226	-0.1840149823925875	2.4693386345038664	-0.7883936008214202	0.5662634237744013	-0.36150016450456035	1.1663517898809703	-0.6791288700669197	-0.9750126375927691	1.232238930584812	-1.203406392573694	-1.1494445249635046	0.2568153731633936	-0.8789065310272288	-1.723453734058289	1.274527564820555	0.5022985987172003	0.06444562797454725	-0.1452394602208742	-0.3693253174855667
DTXSID8047896	2.9512953073561494	0.5563533834958416	6.591728642745965	3.739954250247066	0.6410116601210555	2.4755541443039646	0.09073581820499242	-1.084255121399805	0.8979523463247895	0.535594646031534	0.6004804326036391	-0.8199804066187115	-0.8843157940533213	-1.1093401574585982	0.013552680995178335	0.23489851922995042	0.1412330719869754	-0.07218566317199762	0.051392427124637485	0.22837824406033064	-0.5374113101970828	0.3327665329244785	0.33767028446967606	-0.5640311664801715	1.1714199356193775	0.5231370144609866	1.0962946493004229	-0.769419098032765	0.011584049349954698	-0.11572087946413978	-0.14370023878206542	1.904043688807484	0.791099933215484	0.649610824975389	0.3320184141384537	0.28230652138641554	-0.3849295520628265	0.3634095100349427	-0.6642823117454614	-0.7823236120521567	0.4931277700637222	0.2079227341892207	-1.0751150840252068	-1.32201320157798	-0.3363419020583921	0.3364621974072553	-0.019457882365724762	0.503061460592387	0.1237787549739484	-0.10085481806229196	-0.03007946506795516	-0.17604726964050846	-0.00024332596825162045	-0.07923808751831084	0.42236515865268603	0.028163402183575367	-0.31843246014463256	0.7113400669669754	-0.266784013123246	-0.8775525090394432	-0.5833193802622282	-0.02200197178291864	0.38219122183470133	-2.025653306234772	-0.2257767544611386	-1.3348556169612262	-0.3531206848305673	-0.6703179462509684	0.6545444234248845	0.612310170789698	-0.4814290886018711	-0.43137230397925164	0.35097639736204306	-0.20992574695049612	-0.16343486823770104	0.5774259225525102	-1.068635677786743	-0.4278666172372681	-0.8724442498532821	1.0684112932833312	-0.6597877954891467	1.6546153201398537	0.2213115521560962	0.6765404138189003	0.2985373402588095	-0.5245828139641268	0.3077158841942555	0.5795182319492528	-0.16127008272498725	-0.09928384655291203	-0.7477886728154287	0.046899183301316975	1.1245096133440495	0.5466801898233131	0.2799787022858162	0.03145470282686421	0.25502644679028824	-0.28384392258131963	-1.0811701061293062	-0.024295923918584122
DTXSID6044644	-1.179196322048176	0.5334705763940442	-0.33279867934874635	1.756038585843449	4.7099109754955455	-0.995622960851441	-1.7093453483049668	2.9164250161444665	3.3769405500691616	-1.402500965733009	-1.644610948827316	0.1707304049603184	0.42475683502356065	-1.5470256694063216	-0.2749547415157382	-0.19743425255093072	-0.669869100786148	0.1252186126287508	0.5323528828141465	0.5209689100655566	-0.8800125899492404	-0.1645571190681136	-1.2678573469128709	-0.4229030764871377	0.12107530700498183	0.19910069714493422	-0.8629924853875629	-0.13057058109180605	-0.3048733892809803	-0.31679571500448994	1.4369197635540738	0.3054538451591903	0.40986277362903345	-0.09912176211771277	-0.07119182152025096	0.5866281055204845	0.37623480415924637	0.4013003629326524	-0.5394563281020303	0.776358433943924	-0.26401698508674243	-0.289585387822071	0.011273434961332396	-0.29386051176360667	-0.07614784596301728	0.0022632139408171625	-0.26655486556124786	-1.009116423461743	-0.11224814655127452	-0.5925267842294086	-0.26156760315579397	-0.7278453801155887	-0.6607755497859226	-0.3000621903106042	-0.5067241180525798	0.41723318145279636	-0.6772667834878331	0.49260019275443484	-0.6707148747293241	-0.059597091756618384	0.067920464799221	0.44399951975816565	0.468526958360243	0.7404081129399197	0.0086220193818746	-0.47511350061349594	-0.4272808379320541	0.6148150051220772	-0.032101932270565584	-1.0438261789794439	0.8827020013875618	-0.7419816024995866	-0.34961935264762456	-0.5952428421509584	1.3706632240747136	-2.039621153529167	0.07020903570646393	3.0585827483653376	-0.058656516788387084	0.5954805739765605	-0.9236279677828941	-1.4206299253844905	0.17062008553967478	-0.5079429038020866	-0.44483610699821463	-0.431177536777115	1.0518907490940053	0.270509915885891	-0.9519165711660939	-0.09704282868908648	-0.7484336074425394	0.2674192091273792	-0.537796420722074	1.0043686022631775	0.5024487796531414	-1.0319626902141312	-0.4667888210314169	-0.5412663337493239	0.8278241991990161	0.45930985414259534
DTXSID3045980	8.814050330911842	-4.564749661411977	3.402383863186734	3.1445327142895962	-0.5687168895137131	0.4364919799885573	-0.4805069653166323	-1.131905385317289	0.042337747500402735	0.1831677654671445	-0.13938840219561177	0.011115687852585411	-0.5035841356709011	0.49598555298269154	-0.058003682120874235	-0.3405952174067567	0.9466894158570422	-0.5278226213397681	0.7029549232316683	-1.6872539700326943	-0.02162817691437071	-0.25421955994045475	0.3384515789907728	-0.15167732519489913	-1.0682792667864451	-0.9116293621820085	-2.1324297398147123	0.9167572929989064	0.1906952131905599	-1.348021960205655	-1.8921266700782815	-0.0658744368667952	-0.10487959523604541	-1.7200172409512964	-0.8460075985604841	-0.19748295997670898	-0.7112610397586477	0.27540437008111096	0.2172087228322088	-0.4974605026517854	0.3628168813151922	-0.017548803043675877	0.03889714902571853	0.23032106186272444	0.5471744095615546	0.3815295715162958	-0.09804484190893205	-0.36253261801912406	-0.14350076775203444	-0.014663730511844898	-0.1269593825267449	-0.3099933848019199	0.29719162265871957	-0.023619808417095316	-0.6320078565718129	-0.1236687667334105	0.42503135243540124	-0.857403309037369	-0.02336328011614213	1.3808663817524582	-0.4078295703698265	-0.4412685401146154	-0.21500768780609741	-0.2877841459518007	-0.7484521979453531	0.7437999611183476	0.521722043762081	-0.07549165303599685	-0.6762058320579952	-0.7897038026286755	-0.9269362762944884	-0.5727142999777431	-0.8182021432745235	0.9167258235865667	1.5325654620974587	0.12045936436451238	0.9612819801679493	0.35858298875989536	0.0009647171922096085	-0.4782985176922866	0.2587189011464204	0.1542676241513647	-0.5886342769313876	0.19254062596191532	0.3391935728835458	-0.12081628663147555	-0.45623952787199035	0.31950191967668856	-1.173704401892611	-0.11518208050194817	-0.9117659538694519	0.7820677471500855	0.6929468513355289	0.5398488991212831	-0.04190645701368944	-0.23124953655704367	0.42100817522442924	0.4097213209733919	-0.9408504850575301	-0.4113129166344308
DTXSID8020462	-4.611350688513037	-4.716999943885978	-1.3190167292792319	-1.0674595574700076	-2.1571303564764994	-1.1501296474915992	-1.2954636008178313	0.025617387789216167	-0.11608226434416404	0.37769865673640446	-0.16685448099565509	0.19835531262616465	-0.2976966300257769	0.6276861124285026	-0.055028395083007574	0.9685520018570889	-0.7303786855926956	0.6937084468951656	-0.24720751719234968	-0.2620556932565933	0.2895725116984908	-0.27050710986090765	-1.7335159126676876	-0.08571624962065741	-1.025658691067984	0.30930783503710596	0.009088394578958358	0.9244742519269229	0.29503354511613045	-0.7312499904118971	0.5749082692857286	0.6715965791689154	-0.3135963144097593	-0.32046256298740045	0.22016350166627527	0.6087640128561774	-0.13591452455732955	0.7153713002346355	0.43047190188302886	-0.08414476921216933	-0.2676783733682728	-0.10221939218190233	0.26767426746690925	0.43151409632076854	-0.02260451804629476	0.27100760129573304	0.15849119282160076	-0.24279899484887177	0.17046566490239828	0.2146079926099376	-0.0031733197537989278	0.07663275132850839	-0.012008263188608254	-0.15598958127573131	-0.11668026329817394	0.009699591516078993	-0.2586165870351946	-0.24615251957354625	-0.15094140854323368	0.4233615883221642	-0.21807339394200884	-0.05389872672668436	0.5615522143607712	0.402065666535824	-0.6214414264606327	-0.349567745572027	0.8791983586521757	-0.08317640335163945	0.253672867866254	0.20216751330636815	-0.27040401629929844	0.1583447233842148	-0.6836851367308012	0.0928048912879719	0.45935414535166974	0.37042426644180865	-0.03308364962403162	0.7422998389560175	-0.5517392467106782	0.3177624853849253	0.052512582433419136	0.4310990667505102	-0.3599600415386235	0.6850498729995401	0.33093954326812414	0.31368630088774724	0.13417901339472993	0.07687757033622614	-0.027680328913521172	-0.5069398805884094	-0.24425535951206007	-0.01000847814658501	0.08348092533282783	-0.2178482485320271	-0.034438269319043736	-0.12000398232882345	-0.1565002330262416	0.015447212066184867	-0.052548308132585514	-0.0013597193968372745
DTXSID9026267	6.095916316530134	9.97203494602606	-1.076636074359441	-2.043209045418148	-4.475089133730478	0.4483896533283611	-3.912121850951808	1.4607497892065198	-1.2918716442910398	-2.4612229928013534	-1.5260060992615865	0.7261679380610343	-0.3430722954167985	0.23313063580772664	-2.147246173454577	3.017640376216198	3.0872665781029287	10.127197567983664	4.119621830783281	5.655729320861149	-2.7663213525183115	2.7035769355420918	0.8009110533780756	2.185904034908061	-2.1161262472530002	-3.7076926116144784	-0.7470728742804725	-1.831230164623151	0.43243988886927404	2.0264095240371023	1.0828187842859314	-3.2618244247167016	0.5912945195195695	0.06623766627384758	-2.1071970209458852	0.7551543846499541	-1.1922731340446315	-1.689125365933895	0.3840325002080333	-1.1107258951797074	-0.8312788922066948	0.8256163259726286	-1.9674561956441956	-1.4386327807142918	1.3924627537506489	0.2651943265631952	-0.24203854361085173	1.6015699045708442	-1.4542340114680747	0.8567086656627101	-0.9049370863264249	-0.22783124447239483	-0.8968102892333207	0.5193146745456619	-0.6104326218120505	0.8301861077993493	0.6146162148065898	-0.45809264318941845	-0.9642946605516625	2.6040996897994875	-0.03082352409403342	-1.3486535975937797	1.9145900329038599	-0.16844162212981958	0.49304817738587947	-0.11377213787593865	-1.994817952096019	-1.0670499374012477	-0.7255042913742609	-1.8724541033965165	-0.24549087506340608	1.7744848558200093	-0.19727517546470402	-1.0894240168125342	-0.5474478757474299	-0.4080767785454641	0.5685661594079623	-1.4260978317678163	0.6993817190942988	-0.34946852685642493	0.03400833190897585	2.2505584666954017	0.5294655752985853	1.6963128974467556	-4.023740568772571	-2.327972985673578	0.8145727538726525	0.40278579086440985	-0.7539788568541478	-1.3928397991551342	-1.0922602096598057	1.1211663402161887	-2.234321480400359	-1.1317846315885733	-0.5531784995533044	-1.1416278297616187	0.9891914467307699	0.21009416553844446	-3.050033252815469	-0.5504981302460605
DTXSID7032004	1.1677161362332624	0.1777796521702918	-2.693517712743206	-0.8988206150303416	4.8251586114082095	1.9789346344380705	-0.4774464078199596	-1.0680769937453005	2.4268239622446446	0.5669643853043849	0.28039393302385485	4.449317663442263	0.5976965367447687	0.7093771956306817	0.7588532727995093	0.17419312767788075	-0.49016230128351557	0.5606642038208759	0.20483667021036828	-1.2665165106969913	-0.18622028674615934	-0.01585343514394762	0.7528358470415144	0.30496659540867177	0.41719163617145366	-0.07591334995036969	0.2924311027146878	-0.8505440055604876	0.002367035825109992	0.12880732710691217	-0.5082976086752564	-0.3065418198030187	0.13290816924027013	-0.21459364386978722	0.1343441636043204	0.5667790269223029	0.06152989467826388	-0.1305542335732988	-0.12577700565561362	0.23435044527581306	0.531192027593756	0.779659819204706	-0.5274558737595951	0.174873391771289	0.033460950148320304	0.16367086681960688	0.04216156769096828	0.015097578265008542	0.09050538943877855	0.2652842489402101	0.05799017037913308	0.0433612260657164	0.015574560319707458	0.15595847221145676	-0.24939354645636305	-0.09790642942673693	0.048260399913442185	0.36518621279776403	-0.5391773069956192	0.45160820905375615	-0.11608190497877836	0.06401171763153043	-0.027638723726320116	-0.2972109117253325	-0.31414693422706963	-0.4157737215274154	-0.34325525505582466	0.2153834600106987	0.41096333100366605	0.6328241656302493	-0.41909173480308104	0.7322083099411898	-0.03732769761264238	0.6664095108623771	-0.5482376405073404	-0.30029667461690546	-0.43494246650605295	-0.0013485915363012518	0.3454982098376795	-0.21186552273279827	0.1748194195930941	-0.7041320448918899	0.03856092989783841	-1.0413499665505743	-0.36198452709044393	-0.3290009634915	-0.7029613738106218	1.2281361715203987	-1.7684048003086739	-1.1896742587736058	1.067026919069031	-1.3325467804886253	0.2903897455374451	0.5193246093458158	-0.8433921955641122	0.921365529371396	0.20649988700535152	0.19052732276022605	-0.12079122969373289	-0.3222898205503193
DTXSID4045472	-0.12726729878836343	3.0167039110481007	1.4528675187043592	1.8338157223988913	-0.3427112583257941	-0.23714299411144651	-1.8443461974246182	-0.7448011015266379	0.13108885269612872	-1.8443241929830032	-0.2212822658343779	-0.517903019052419	-0.9023483425738071	1.643755746557457	-0.4812685636453238	0.6345421826594005	-0.4263540117000537	0.42285562969443324	-0.5937744622205017	0.12007329932773463	0.22211117004058747	-0.8742669297241904	-0.5064694562364517	0.4937308507800607	0.0317339967308598	0.4202165355710137	1.3625257454497646	-0.23140206963314777	-0.4521714317867574	1.1769552480710888	0.4466101397871215	0.3313004017033149	1.440937228352354	0.8306296178785377	1.0982383213774303	0.455647436687549	0.4532967231694918	0.18748749127313566	1.0164201902650658	-0.23679757351668163	-0.0881804669598974	0.35089985744711655	-0.49898094178050123	-0.7149957295521642	-1.000452598682531	0.48587609997530706	-0.13010854758609017	0.08920171726216358	-0.28751944826946346	-0.3559083525281496	0.17780341183673823	0.5356036600539933	-0.2506306655361562	0.2175972066406942	0.9900944034617793	-0.9879161618597346	0.7624559918636402	0.19943284281729773	0.23914529614922012	-0.5555629364488385	0.302834099355185	0.5581329687314165	-1.0340402120116194	-1.7548051652775554	0.009757500526702868	0.42767562415032295	0.8383692659494976	0.18243710054532528	0.25005929555124595	-0.08246267697570014	-0.06708642281558443	-0.5988378283701679	-0.34847582139067285	-0.11284011798595316	0.15888600696389965	-0.23250317610339855	-0.15448333658916208	-0.47496517036767744	0.04965495427489399	-0.7789947645954283	-1.3076982024273252	0.835890121335948	-0.5543859353483085	0.38599906188047906	0.13670787252491165	-0.1848796188527005	0.09585293206370887	-0.04858177075730826	0.17594291757708214	0.1858967838949816	0.4388907915909226	-0.27975981918381126	-0.33362843876113213	0.5797890945370328	-0.0621154386166335	0.337530635505514	0.5887615460462552	-0.19088615921440621	0.1392824878002599	0.6560413891978826
DTXSID5023453	0.3072885524807263	3.173667425682698	1.9601405262792493	2.812467123422413	2.5019786954339533	1.2296577565155007	-3.605749696763336	-0.1149081391877091	0.6339495601174937	-1.931530781212815	1.6479464315791026	-0.8807061029947326	-1.9444302485513338	0.6581797308846034	-3.249866781509685	2.655053401724614	-1.9612034496093504	0.034676089330647426	-2.919466005638418	2.5952600258760907	0.5665833912233341	0.026451023073277104	-0.09482004651075568	-0.7601682879187649	0.44087962770497974	1.6553872349044776	2.061292892327772	-1.4490477724298547	-0.12385921164121258	0.7881357571604065	0.7700451488730821	0.6692626734725713	-0.5833292904516806	0.641205852374184	1.223433913998081	0.8484940486126686	0.23224934214509743	0.7359086471575755	-0.2449453351179849	0.011117255716329566	0.47424153062914803	-0.29632727845338547	-0.2746883360606866	-2.015216156821779	-0.3206328582335731	0.5638689490773086	-0.13782422337210862	0.928600938166036	-0.6083145974580645	0.14169019751675072	-0.21856323984051182	0.8491840600143109	-0.39642164210254854	0.058173439003831644	0.4823822899706872	-0.29180237004334303	0.668036122420271	0.4372955902049382	-0.7456950858675387	-0.7170780705556012	-0.2541360073495597	-0.6858640343059235	-0.25500494520462946	-0.29638297913171435	0.29971057202529855	0.6648539556749266	0.5215934573834324	-0.1294416550794802	0.26555397810843195	-0.8063784398961462	-0.6194360395886446	-0.8711137880159625	0.6092332086384171	-0.11978968998002733	0.26540339370410104	0.29199576854974985	0.3469583827851067	-0.12544554828825755	-0.15336281442548175	0.03154297323916935	0.053716633938643316	0.4039050834026669	-0.4355032387011487	0.2856372444630851	0.5931505565436829	0.06275536846186204	-0.025809679165621737	0.31238837469038805	0.3202389956970574	-0.0865887657982339	-0.6293378174373393	-0.13859722549973139	0.12940158845426114	0.10317178987627254	0.12424446058607841	0.20713983970506517	0.01884154586108435	-0.04413559370140052	0.706134171435055	0.21775374907528416
DTXSID0041517	-3.506402088691965	-3.9716143388790908	0.016553061147887356	1.7323209136663185	1.1927152056527297	0.5536890648708002	-0.9489888779395318	-0.15841537074107398	-0.15772356825562553	-1.3667581713075627	-0.47424254774227637	-0.5387847974377978	-0.7913528902815471	0.8691821698523132	-1.2748486917560102	0.44525533685838303	0.29275450997332975	0.017345374129611357	-1.907163353682687	0.8723161870064323	0.4318214242255477	-0.14460907003537582	0.6888866722362219	-0.301951085743209	0.13699899804277832	0.8882223124460215	1.7222992035273301	-1.4640754831218432	-0.29595934044829	0.46179396261491	0.34133338004007024	0.750880168933777	0.5140514476053253	0.16757940904401916	0.21482927679411104	0.12290727982801657	0.4743111377013036	0.09363969158057646	-0.326268121720684	-0.4884686091637149	1.000023884199714	0.8712626739611243	-0.6093787736012568	-0.42094318072137005	0.10167133235311109	0.3659971946486155	-0.15288960695238663	-0.018563936721814094	-0.4540361453758233	0.2080427806329815	0.12021283500938289	0.043572899240890826	0.11291853825960137	0.429460853477918	-0.3466241158491748	0.00522209722040578	0.9062106016609935	0.5195692879628144	-0.43662718144120827	0.45517071680216376	-0.3008507774093038	0.515308988443208	-0.09709195164815117	-0.3870196518245883	-0.6646028010778552	0.4173366545755273	-0.09776302798845739	-0.27194492803005615	0.1009934116123638	0.31538097710519775	-0.56969467250572	0.5471411734254525	0.15348340361295704	0.573135003238803	0.5278236559393007	-0.6497123583445522	-1.0391009671892684	-0.5582059617409197	-0.1520191992620834	-0.7038201937419976	-0.009283771913356966	0.06994110897555209	-0.0623972508719102	0.3648610829631987	-0.2677474186943945	-0.01488410211109218	0.21559571868068447	0.1341738971021165	0.6226615355716236	0.0314351219608361	-0.36955716467050453	-0.579539563267253	-0.923837503260988	-0.3402040256076484	-0.4569681514194489	0.7281990974954898	-0.3417843824529531	-0.04899530749598939	0.007470911337592302	0.4344267169123464
DTXSID4042256	2.162450960446146	6.201970135482991	-0.6022274165642343	1.2055248813580905	-2.0583770211695582	1.0158728995324102	0.38124636216760976	2.136166830959603	-0.6125594703152443	-1.622094626489089	1.7316375540165538	0.44952045155012105	0.22033601413504111	-0.07441148675503581	-1.5164091113688376	0.671386690684495	-0.4693715540278824	0.5557386147172034	-1.4926912961354353	0.3121678149200569	-0.6667892196966926	-1.079246089976464	-0.10635679428863565	0.4419651933043515	0.5124480498304207	-1.547852888102734	-0.7342631227508672	-1.6710829905708708	1.3469773362654174	-1.142218806164658	1.932281250409805	-0.8405863160058941	-1.5919913388065803	-0.4669675856167475	-0.2107946322036775	-0.056141964300545806	-0.03435070775453909	0.3175076293728307	-1.4154800912900634	0.5813887097064879	0.3868236588421292	-0.12250221201734067	0.43949084390251514	1.3007119494061128	-0.9786182784853443	0.3253825532803642	0.03789436578151964	-0.281123836389824	0.17090219100348975	0.6291112012904629	-0.1616518049265398	-0.3698407879878303	-0.5003188769714307	-0.4409803243576105	-0.7131409462110975	-0.8031999219713656	0.10126074300905692	-0.626753706352124	-1.131139429717391	-0.879700049706367	-0.43554929665096254	-0.4375913505052296	0.697721128179062	0.44022502863387686	-0.5165512252259611	-0.5482132313152859	-0.5143759855196619	0.25651392372397736	-0.5684530828374432	-1.1253794993274215	-0.17282906164226522	0.18764146035044119	0.24586441097889092	0.6176750001049471	1.1540764231163916	0.4270723509969312	0.9506106955168774	-0.4666351876019524	-0.0924450297424444	0.10582716491274631	0.3116249146570125	-0.562379172583618	0.2445672526160347	-0.19866010989906377	0.22064394125974585	0.23683334418144042	-0.3738508453895969	0.464843040885615	-0.520109962695529	0.1763997706121239	0.45923473526401865	0.29047948969793075	-0.026876777551860995	-0.0706638344745147	0.38900694594405744	0.08888863848784839	0.7336978563497801	0.021014282633872464	-0.053094850640680424	0.6810465157040284
DTXSID1034634	-0.27985464262906284	3.8055907886178235	-3.2525401204179882	2.1242010090574075	2.978224040030105	-0.905542326611975	1.208513206974008	3.480171052749667	2.7652480343384247	0.33359388636218784	-0.7728134865295737	-1.6106839775856214	1.5375867046835832	-0.2536640787395838	-0.23446349025844831	-0.015506952538941125	0.031754537669920424	0.6577216003191306	-0.387359364145697	-0.3135908050781696	-1.3313408720844893	-1.3130339258047021	0.32704627715178436	1.0805699364786963	-0.08600560022571364	-2.284861650912847	0.30124287708442515	0.6571231075956324	1.3533881540902568	0.19915472754480806	1.229385486657257	-1.4010296142219778	-0.6861187968651655	-0.9404514666838641	-0.5706452921024707	0.8620756628066294	-1.7096298032724297	0.016061222624615828	-1.0970131946867971	-0.6332043157202849	0.020368667903178834	-0.8358054916309946	0.5537512565430166	0.8397928872558957	0.4415228026117966	-0.04336473770906853	1.2608362276858325	1.0723051666347727	0.6288823783049134	1.0276251429393688	0.008759152195941245	0.5500406527403251	0.6456876294656714	-0.08566071076414289	0.30320852848963503	-1.012498515120637	-0.13811618919260255	-1.1884975460890554	0.5218312394468181	0.07372124974516966	-1.2607575816746204	-3.4434947785225423	0.6572778634628316	-0.29897191677609125	-0.7677949496846561	-0.7772001776729219	0.5410300090164935	0.2488646404790726	1.1631524398448507	0.6454757662624281	-0.6351292793526381	0.1571439151799508	0.6350834647808884	0.3498775142695888	-0.49358244428124487	0.30664424133934465	0.09834128181948336	-1.3353875871633532	-0.39584413463693846	-1.5761673511275511	0.5644227857908362	0.21985545132014228	0.3036774488824021	0.6042312473359571	0.3635645052187034	0.5036882114856114	-1.3876433297570674	-0.07292310643628964	0.2855420477952323	0.36740638091540884	0.44378880376906044	-0.4124221626032735	0.3642981673157899	-0.04024360300424232	-0.5024867121290605	1.166306716540155	0.6259625491946721	0.5365506304678875	-0.0977173087698211	-0.043145176319696395
DTXSID8033649	-5.704010115223992	-3.397962382492231	-0.7058868950196147	0.6104177083358764	1.020742253461614	-0.3101186678341415	-0.4954498312604191	-0.7514512549476698	-1.224152545352067	-1.4648361933080074	-0.8294896252546363	1.66350392791713	0.35665942036848547	2.5284117353222575	0.7887715100513185	2.7578721894919473	3.5744969016919503	-2.949245206705703	1.5070972282454003	1.394550587493974	-0.4712777074134509	-1.4520977851770132	-0.6442727524075262	0.05974939001183469	-0.7561116517094826	0.19464479281437852	-0.9682898812489633	0.42733718164439627	-1.4914756729608045	0.9506195506573163	0.6688286392266712	0.10922741681343935	1.5445424178644385	-0.3307672626458817	0.11630503035069498	-1.0212104365423451	-0.7886756426121916	0.30021507173967915	0.4462582290512912	0.5989468537039573	0.2973762948176834	0.3165532076704414	-1.0928719458285083	0.6713644023979006	-0.2182322396624396	-1.561350325643475	-0.2666463342629633	-0.680925845098798	-0.046085256551833265	-0.8423353435654585	0.33962174507812803	-0.29058358575262955	-0.7106916546645662	0.13021411447745085	-0.3186793949381288	-0.25452265839122434	0.5991210715174358	0.5093227799993256	1.4143892454716436	-0.45469764475144003	0.842996411068566	-0.3004135863226616	-1.2962389619917871	-0.3306388305216917	-0.14797113587807956	-0.5539804290480301	0.36710785905996823	0.4054604139828379	0.9471873669496856	0.3063369800335997	-1.2080974627035157	-0.2261253422338418	-0.66570322672256	-1.0885132325535354	-1.6912639320679212	-0.7929425330561273	0.0988082624284686	-0.6841896095721667	0.0031400964148817676	-0.179221464409191	-0.027147045755285606	0.04264142248525839	0.26998591267129896	0.08993574072256255	0.13639497284658186	-0.256797227838657	0.1813706184325943	-0.10564343112229879	-0.294172263813125	0.4928569937327003	0.26695391049519973	0.21433042817443448	0.46714787589155116	-0.3080936070684988	0.4237268558649653	-0.31345455840336106	0.17240457527644526	0.036547591474901664	-0.10924948632329064	0.1149345569620715
DTXSID2045103	6.68368735763258	-1.9028632548128877	0.42187432258458474	1.1065737983790667	-2.5646957028774984	-1.3492697955518342	-0.11445059369110452	1.1819892315024902	2.3284962837574423	-2.092503662326153	0.28626716188498214	0.13400378872846477	-2.425630641146314	-0.3234868728063033	3.602546597581898	-0.6721703878951628	-2.469695443825989	-2.0533509754899137	1.0864691677397798	3.370785009731188	2.1315188764148725	-0.4439291756297214	2.2110813461567402	1.2816812882513853	-1.9142299820337099	0.5487947764600074	-0.8276029149862449	-0.3663174846344829	-0.7574035795792379	-0.17177066337624047	-0.3363918803139856	-0.2704903526284811	-0.842759787598288	0.007733735339863437	1.0793557610841151	-0.09363091588151116	0.2286793794866156	-0.055082577495349366	-1.021626513918119	0.23400339891869776	-0.4054181537474951	0.4058969639392809	0.27342152402880027	0.6079311418302782	-0.11268699917629262	-0.7004116306701351	0.4214018575902672	-0.500653730899299	-0.030376835424924486	0.17828093083412758	0.19410147481353776	0.022078653477533225	0.43728816082310745	-0.6565849331079363	-0.6398506129035176	-0.8911691829860928	-0.6444078466687612	0.03383395383744308	-0.43972663668183776	0.05280279181437899	0.04518160377326908	0.11108398493158969	-0.03348557498462451	-0.22840683563858086	0.09807849222423802	-1.618550341378729	-0.012731791347084532	-0.5563941804033575	0.39583428200644183	0.02664059733499278	-0.3681745212212759	-1.5237346197998451	1.093165760627288	0.6639634465680314	-0.09438128054852732	0.9361255785731731	0.17504977246034192	-0.6917079378948924	-3.156045353189838	-0.3317868200530328	-0.7825550184496692	-0.24231244056289772	-0.13502327076769965	-0.13427040656476572	0.6473107775830921	-4.716934311679702	2.087612496061713	-0.949218050675049	0.42045772498203493	-1.8359818095989056	1.362249884590343	0.2895862241751629	1.8511116257453677	-0.42984228205735364	-0.34711792236572425	-0.956490678354989	0.14205829081149726	0.28339650442767284	-0.08513681359610313	0.412911111183086
DTXSID6034924	-4.1171989969473985	-3.07319731928247	-2.284928031797357	-3.718174598348025	0.5695126355907463	2.9345688455770897	-2.196958794809218	2.146341406172924	-3.155111046485815	-0.03089997128179206	1.6824103909421921	-2.1848246185809623	-0.08949664021691818	-2.0224533187203306	1.186911145201308	-0.6006761852334125	-0.3348473932095259	-1.4130337883093294	0.7819274591280474	0.16612244172300208	-0.5565735270626595	0.24600801929070698	0.5735501394838249	-0.22273803590545393	-0.9059631392734422	-0.1855401362121112	0.7080602647071954	-0.8520867156012502	-0.0719652584011438	0.5872126325560336	-0.36510981029867356	0.316539337119195	0.6950073618495739	-0.2136067937301846	1.356542015112854	-0.3329089910200766	0.19723272739635903	-0.360005503465133	0.6167780649641144	0.5712329638186489	-0.6455322911461117	0.17060378868288445	-0.4392730079931163	0.5013602325216037	0.13825211339197682	0.06571234840573596	-0.1831446279787862	-0.7019842160920992	0.24941126501398184	0.4962151764809834	0.3693460384566047	-0.20270775923491785	0.6087895596938454	-0.01045149582205291	0.13819501860365285	0.36809167961788825	0.30732694208804423	-0.29589259920795125	-0.07404670028625521	0.5301750413092681	-0.8431701232783161	-0.1469876447159985	-0.04230917608822742	-0.01856622178970371	0.0362174616693599	-0.20710610960430348	-0.4358918795191121	0.12122443470408407	0.08424737482612459	0.6667753604384834	0.502640764418708	0.25250646596668586	-0.04391404352070137	0.20590917854939356	-0.07708728036713008	-0.443500180696037	0.1519389212018037	-0.23801920821514164	-0.28777124267585696	-0.33121586558500427	0.5897868608267137	-0.4538232540026178	-0.45814084513798137	-0.7244001401234363	0.3880762600170995	0.4619807521384449	-0.13821841692015216	-0.8331227571275991	0.22429388276562143	0.04075716658104397	-1.15585308528308	0.7237281638548955	0.7212154819013223	0.08764218194573864	-0.7777943408044067	0.40575709164633067	0.08108734755602587	-0.5999385159594838	0.27046874611998045	0.5194264215546358
DTXSID3027617	2.3336641269302913	-4.419289257771165	1.071409926150504	0.7007594737848202	5.701551967868151	0.13602968982551109	-3.9875351886343466	1.0476461157950838	-1.5562977273287506	-3.347791922931403	-0.31258863845549606	0.039872304214871375	-3.269260679887673	3.866772645043208	-2.4663157728612357	1.700468113523294	-2.6573547639363997	-1.1261567336125549	-0.2495614581899236	1.6868166405189364	-0.06159588266456582	0.9085300590469146	-1.3525654684908606	-1.7868263572435954	1.21200011613241	0.9677382841318849	1.5488472535634192	0.19790094483287954	-0.6679258334629453	0.7034197253292968	-0.22989061723774773	1.5213633623967684	1.6422340136690052	1.6419076763490268	2.22737640994589	0.18538692980845278	-0.6122353862543986	-0.3852427576911712	0.5047490344056392	-1.058763355494649	0.0851462020147027	0.3043993555294042	-0.4367002604098931	-1.290216384990008	-0.8179785207227509	-0.11623224699239618	-0.4842873157283648	0.04753342125682418	-0.8602816755223976	-1.1651871304528667	0.017174625673927062	0.3511834624747036	-0.806619000311638	0.0681745332484851	1.194495982270493	-1.741120140671303	0.5949006488088244	0.822811603312156	0.5639128583587207	-1.0335032480890318	-0.32620197548480484	0.505231198899563	-0.9481095883477034	-2.882943074712141	0.18368343219716238	0.6448270283337498	0.6900652067041911	-0.02106464850989661	2.4259443692011495	-1.7886588011704436	-1.77471869855107	-0.35808026814791005	1.7251806838193582	-0.6656460815748245	-2.0184627390675987	-1.159314766521074	-1.1071638649431002	-2.606695457571636	-0.8411388877130248	0.6264201353039297	-2.410731084582825	1.13940431778152	1.0121502992208455	1.0502966994676355	0.22949633677460052	-0.2549442391105518	-0.9538927122260883	-0.5402867162349931	-0.5151317456064591	0.7808514993337993	0.7821972079988933	0.775190404781744	-0.441076715868421	-0.06416687818891885	-0.17162086008247773	-0.7445978919381223	1.194712516423601	0.6244096484356794	-0.24610297086521313	0.16436998074394574
DTXSID4028040	-1.9331897171520986	1.2565904908010723	2.589362837366952	0.16519340890488718	-1.056207422927242	-0.969874406730037	0.7364595136635564	-1.2544029282697844	1.6373888214867667	1.6749941332199814	0.26224939797652	-0.16449062934075728	0.7037083142891085	-0.3241525492331852	0.6814678442504605	-0.05375955728530545	0.33602958505644787	0.6769301081409018	-0.29981891895669044	-0.8824529678783622	0.2901358480813738	-0.6702295698375597	0.457190954390603	-0.28697174245373036	1.1055565682468382	-1.4008255671674164	-0.16773159744077631	-0.6927602536405378	-0.20104635308828386	0.47910213402640206	-0.6531915456744251	0.6113543105149288	1.807711960333738	0.1568369679799309	0.248994573978099	1.2936154688388313	-0.6484341089430948	0.345862881701471	0.026713961011863505	-0.5699315089175073	0.3206427251636342	0.05437082973017837	-0.37549335470251893	-0.17794427582982994	-0.4569531811876224	0.6682339374445901	0.5372223085622594	0.18814123210662212	-0.06993100910218648	-0.11051964592128577	-0.02753600700874187	-0.019878139870226737	0.2535655229062188	0.039546954384023184	0.3117151917677236	0.1737338497379021	-0.2114355225960163	-0.13450433472157258	-0.37574735008238414	-0.07633169342667206	0.13508764058781908	0.19398252591565068	0.13806210467864952	-0.3117119415745226	-0.15844324678668342	-0.7294166387789128	-0.10782736605986891	1.7416154944190576	0.02099698234209473	0.5744958937684306	-0.468153791507511	0.6884297981344595	-0.5792699840631124	0.45169550626318944	-0.09843027826753858	0.7482455761965775	-0.06640213872663518	0.5513220689312035	0.2518668787889763	0.08597039100595084	0.19805744244961607	0.5326944751339467	0.16327256724385375	0.0789836726350589	0.2525701152052863	-0.12009756208522741	0.008046257603833202	-0.5086344602129359	0.14131370751143915	0.5662985176299646	0.9387892470686051	-0.08120150991150517	-0.02238944614194304	0.23645710948014306	-0.03900787330354861	0.1837336286403087	-0.3768245506442712	-0.41851515657731786	0.24379986598068698	0.0683485814380806
DTXSID6021371	14.50139769640844	-5.136439718311532	6.005965580829422	5.821582523486763	3.7456109866800795	5.852661176167846	-0.43686026337215994	-1.6883855672729529	-0.9277813716360815	-0.4135082592077857	0.7570460578131893	-0.9539798610297009	-0.9110699380623664	1.9133787705580383	-2.2750004351971613	2.3080221263560396	-1.2587140607842489	1.4708699805917134	-2.9259378851544993	1.296379263122529	0.7334920643092907	-0.9482174949402917	-0.37203310297391773	1.2013262504203845	-0.9323404303285813	-0.37843471169077986	2.529746716078578	0.8384298896882156	-0.4525546396286317	1.4545184309649979	0.9709818398037249	-0.24351651398689755	0.5231057941650767	0.2740755967922777	-2.7781323143087184	-0.687266870443398	-0.9968527895631822	0.17789331873601696	-0.42936072194827746	-1.3118019873378493	-1.173409244406649	-1.0770994608185076	0.8637602979540021	0.545052117078973	-0.23767407128285917	-0.6313621876397274	1.2287986040537306	-1.2319571366131727	0.25842374753530334	-0.11275665499711959	-0.005750210522320831	-0.6783694063629931	0.3926701937794698	-0.443323379452445	0.2263725487999461	0.18067113524653713	-1.441457215389592	-1.0571335445810934	1.4272497191896762	0.5123144570904326	2.1932552259352973	0.9470622849899994	0.1673052763547867	1.8614387697592005	0.36276369632624994	0.4289180429464383	-0.8598849165467246	1.001062159818257	-0.28479358600852267	1.9764359745194284	2.0257558646212166	0.5859990897908941	-0.030815753571572718	-0.414872506311414	0.5592897885670742	0.6311962809797386	0.6115468061639193	0.2859049955129136	-0.17534187419063132	0.07099017592540664	-0.14658788334071154	-0.729207256169446	-0.682408427419759	0.29364832052753215	0.19171252462148375	0.31291817302804137	0.3470962278267758	1.0568665082827684	1.1394201085601872	-0.13525615177014386	0.11540916570818793	-0.6583889666843847	-0.25671653063822125	-0.2309090158960096	0.12736912902389683	0.6199249023654896	-0.26715555959299986	-0.22030557197074868	0.6019256746156184	0.1298902797669563
DTXSID4029692	-5.732569053986429	-3.972278061258222	-2.6216023572482174	-1.9885777038267247	0.18341005282426776	0.5688247117999479	-2.0928378883681904	-1.6522464454715147	-2.1932272351555437	0.7719958371917044	-1.4638953493736808	-1.558128330555223	-3.159087714416838	-2.710754910529647	1.2117993818768293	1.328433200445797	-0.7279178910790167	-1.691253645406335	1.2508324725924373	0.23078495470328592	-1.1313177343044098	-0.26841429665307626	-0.01743523097763415	-0.06177672111390479	-1.095472174776325	-1.20417941687996	0.454482792229427	-0.7494241475031738	0.7582954698198672	0.4175167041739713	0.4739521290242625	-0.6995266505571229	0.6199059192909476	-0.58314610107821	0.7708749693174572	0.5063466600328358	-0.37272827252840113	-0.18049335212485523	-0.08697400830977839	0.46001106575837253	-0.3212059437528949	-0.2737014713341311	0.1107027631118935	0.21853515026364703	0.22675813303395706	0.3144602003582917	-0.2365595755299659	-0.024343243192321198	0.02919644241028186	0.4819910607432606	0.19000828435538075	-0.12786503459225912	0.38379335097907835	0.2402946777442422	0.01605244002434279	0.5187221052265647	-0.0007255120788443503	-0.0062950616555549855	0.255310194788547	0.550396859220979	-0.34216689639426406	-0.15848869212075126	0.1484868328588161	0.47621652287348126	0.15400334983766353	-0.555807921175273	-0.532941084610266	0.0778260418857004	0.3269308066282326	0.049277506247893545	0.4865156721064175	-0.4081249823476001	0.0524458738292588	0.043430803470384964	0.14173354698205703	-0.04910364407661894	0.5782917064590861	-0.3790137449396226	-0.029100571321918164	0.2799427294037118	1.0707005898665436	0.4681847160011133	-0.6579911425627629	-0.8200132346450067	0.06499906788475975	-0.21626530300642713	-0.19485242644669004	-0.4538034104837175	-0.38627770608185463	0.0536597040710305	-0.8903317132089463	0.4084932706615071	-0.16548594293324645	-0.5080873778777836	-1.0371479562846115	-0.7291516198628855	-0.6150621245570398	-0.8460838491106555	0.07859224042071494	-0.1894041859733654
DTXSID5047291	7.914633469536396	6.0279506840018025	-3.846069433539379	5.014713775381489	4.120544693280636	-3.32509526868926	2.404735597776126	2.7119401531354987	2.1577164215484372	1.1348512371780797	0.07783666566548679	0.13504413019139563	-1.0457109491526622	2.1614482652890947	0.5344422983122045	-1.429525556218927	-0.10742019935803314	-0.8136796202260985	-1.9090546156082628	-0.15521991006422772	-0.9679984553632616	3.539482036249194	1.3528136614739334	0.09178971366188357	0.5958176666383882	-0.47776314911453377	-1.260951326982092	-1.142780309424225	0.6155794159122552	-0.5922244585956086	2.7016435558172067	-0.9182070443934571	-0.3239664761520582	0.0417817188244537	0.5705251134799174	-0.40603524225696813	-0.4072340420518831	0.41013681382580314	-1.4270403520633386	0.7582228169839396	0.26030803462692853	-0.49103194675245015	0.763576423068422	1.1855205360749135	0.1375881387346631	-0.31264954640758097	0.29820932312798437	-0.38715689025104333	0.17463459309025403	0.42450093606457623	0.018882046718027404	-0.30098901001011485	-0.2918914658957515	-0.48297129735782385	-0.5106738028222945	-0.6286305548507545	-0.34269197425271936	-0.5170368705806277	-0.4190059785458335	-0.7089300549194935	-0.042973380728173034	-0.4374326143039236	-0.2539547054776161	0.24547417329677562	0.20503859379450728	-0.4861206777291691	-0.03864719831752782	0.4042227547098841	1.0500836281729475	-0.23981716066075526	-0.6737988928561095	-0.5646045370496152	-0.5081118591427024	0.5063428149810805	1.5137526281456526	-0.09521816619923705	-0.33031612749609246	1.8533587324990244	-0.4798884063229169	-0.3623597089270179	-0.9634525532949745	-1.174307122633637	0.3418278870738698	-0.037596919740605604	-0.19832629293780246	-0.09934865247229163	0.414008346132261	0.4233205119963074	-0.9140380129615385	-0.37209151650384	-1.0027680934992522	1.0143037515442133	0.6321666452267692	-0.4785229196795985	-0.25174868671647194	0.3669582491891386	-2.3482777901715095	3.042363042929982	0.9660818723248382	1.600924535357787
DTXSID0057831	0.030304566068282912	3.509736149937548	-3.8707648805909822	2.0065624405136013	-1.6668652384464373	0.5715956397286748	3.3820189589702783	1.4505394233018045	-1.6043522089964488	4.410553807709167	0.12559431122906212	-0.8509259542072898	0.05286420886024041	3.2170830586032877	-1.8212798057821642	-3.171652723708497	-0.486579292312058	-0.7210521179998154	0.3859382164070275	1.0404263468808637	-1.2779153418008895	0.11155008487990489	-0.9696152965796386	-0.14087011709106287	-0.35167512500539944	-0.2236800560518058	-0.9595846798890008	-2.157556195041015	-0.4826632069907879	0.2582770804556414	-0.09034065001118026	0.4354758435010794	0.5628311022198811	-0.4393744556398946	-0.06610739399646845	-0.14069404037706007	0.48919491608730264	0.8571532113723302	0.14552034327857208	-0.12368874157831847	-0.23259720431401384	0.6913303376874573	-0.20167097366634443	-0.7705504865801499	0.8856722652643703	0.320631217463945	-0.4218813082043966	0.2539382028468392	-0.19520817545485097	-0.2169134926778319	-0.17711580975598099	0.16573370662494927	-0.17214344950011942	-0.23833174672715685	-0.4620502664361718	0.5259916808623875	0.025162126346627872	-0.048244175453598	-0.14103831140050932	0.5069916396316988	0.429493281420362	0.17471984856286593	-0.36315911517540683	-0.14886582451931815	0.3496040146109188	-0.533789097192387	-0.532882493498465	-0.08015980106643403	0.9995926717162334	1.2014564122382807	0.8831804711469411	-0.5451946133637466	-0.31882813838599844	0.8745408471075774	0.3901877058904827	-0.15500059691844403	0.09805701160672128	0.18157493571382055	0.16658679213501182	-0.15933078755824526	-0.2631663108047151	1.0143518114568142	-0.9114444245819465	0.019671160372337026	-0.1031725038545229	0.20302581639214726	-0.31042344211656975	0.3330575795931474	0.6933269497943843	-0.16932026834371036	0.26556984744127476	0.652855351184404	0.041610422876647964	0.8452734781140382	-0.2967542531913062	0.027142739164890337	0.3257243738542052	0.543799650791625	-0.9279485152568075	-0.09396105561681643
DTXSID2040735	-1.3119373868171995	-3.8319037265974414	2.169909303913015	0.3187008592681991	-2.6077382690785798	-0.04719572835365298	0.4227146525157073	0.2258031679640368	2.12223713581709	-1.021606433971383	-0.3861380174459608	0.15563991021158521	-0.7721237728657682	-0.4463502191194864	1.1845147827477267	-1.3239612621755625	-0.34856535939703404	-0.9219121800945888	1.8993075921012987	1.3632229108182505	0.617551813115476	1.0420730257687687	-1.2697741017515813	-0.6197421328489942	2.574261807518333	-1.20146567355559	-0.3537973872707772	0.021337767905396387	0.1472804364984738	1.1808054955734584	0.9090087011985891	-0.25464689936516255	-0.7377908223642801	0.26136826945120906	0.04457839454189783	1.1057602400688098	-0.08830578400990571	-0.023497345708818656	1.0628167906516077	2.4678428722889314	-1.360743738059231	0.12025838661776862	0.051839430349659155	1.5180168385468928	-1.186906351611796	0.3270502595466714	-1.3380757004640558	0.7220548463592511	-0.37140321827072276	0.041223416373325904	0.180634963118093	1.000141763378205	0.06035758800807303	1.828103213577313	0.7348209996016855	1.1235787523090892	2.0690633401011507	1.0579992071548991	-1.2810558495629571	-0.7384069737191427	-0.9661837355971448	-1.7673543815284471	-0.42256254296372825	4.081079240996802	-0.36936155192071507	3.099658132620306	1.6468567746854668	0.6405149618582878	0.24592248229091412	2.003929364355534	0.6122395206781901	0.18437118379931997	2.1107688854702626	-0.8601368890910758	0.5374992676940988	0.1041239874280938	-0.07927966917690972	0.08038216931015359	0.001367596184092371	1.1162954838724912	-1.8621866057450758	0.6213371333887066	0.20285970089022098	0.6141436718921929	0.02837791207651814	1.0632054632356078	0.7949531606439719	0.5052160167921952	1.2830580507232718	-0.9177015205030479	0.4941138851723313	-1.0067938859037109	-1.5017156148240398	-0.385911018675588	-0.06018210359831226	0.49162280906483175	-0.760172030561946	-0.5246159187659643	0.9783519983441931	0.2583954348831139
DTXSID8049383	-3.7856664985183834	-0.29024354786140283	-1.3961329909937357	1.4481264141477719	3.3093799281732426	0.21295643702803563	-1.8758829554986725	-1.9120872097002357	-0.1258618658443599	-0.6338714225518359	0.672680450122939	7.186141737740686	-0.8975773857280082	-1.609297765859264	-0.12957363436041816	-0.93250243849924	-1.0026879866674168	-0.40333600486406335	-0.04579196149979873	-0.6886849436583969	-0.02214613679680396	-0.016046711896972158	1.6743333946246044	0.15057523471559775	-0.3967198556488035	0.05735910887778078	0.5300963544712894	0.013634026629003938	-0.04047021609970919	-0.15921940574785495	-0.06549010463723465	0.04589024155619598	0.1686446978605048	-0.0631599664312038	-0.6900348914124117	-1.161907930404023	1.797503709600687	-0.7987406954623997	0.4628229575597115	-0.04901662596218846	-1.3329050460246852	0.8036919711787728	0.42728440117448185	2.0044148215346236	1.7819553054938317	0.13185330568704992	-1.747808674656453	1.6054895058455974	1.0796949443279644	-0.6525778297718282	-0.2402779736894069	1.5539530411155034	-1.6767064847292912	0.22973122953444944	-0.012845432145011954	-0.8127300714689937	-1.9218017659073228	1.2006122117283764	-0.2985714595787621	-0.6799082631101555	-0.43325586514432896	-0.61293773575102	0.1286371770985726	-0.13029507535627793	1.1171239468136973	-0.006710625934988627	-1.169039477666436	0.675513440846132	-0.5227029363499691	-0.09096670574896543	-0.594001285679054	-0.04659466290855899	-0.3566299217373912	-0.013981695071901707	0.15256125774256904	1.580373999149246	0.043542779758982256	0.3797495813382187	-0.2919665473893191	-0.8115080975862851	0.1863641005849546	-0.04445530156737033	0.43033749007714145	1.3406114392609747	0.04143258712792496	0.2703072036739176	0.115628555418313	-0.7408155553939624	0.926202644352779	1.182517891237457	-0.2626892268306604	0.6952943257588621	-0.03055794057127186	0.3289693879236354	0.17653832782777507	-0.6302656809590577	0.012855959884837108	0.031906972407045334	0.1185134251187776	-0.08535731684440576
DTXSID3025170	6.602352758069709	6.588000503746933	6.3157418889557135	-4.567052069933452	-2.379305681758511	-4.872866583011194	1.1958147411417666	-1.6822076956967202	3.11056142772003	2.7312384439472686	1.8426137803353826	0.5351703908986805	1.9153865179364542	-2.8489252821446294	-2.849574883702054	-1.2030364205943933	0.14085445959273413	-1.00552492134486	-0.37178733138961984	0.2662397268762391	0.06133676933367637	0.32045428429777084	0.7551353182279501	-0.4617747990838214	-0.2887946715273489	-0.9253104801077315	1.27601789150384	0.006160852157020288	0.06421433378741201	1.6841498686734038	0.46843414406791684	0.04601908387355226	1.570084573392429	-0.3323608921472786	0.4952270038488021	1.0947436175739476	-1.449738134663897	0.05408107237104586	0.24997032896847507	-0.04387931006316294	0.26417500042633085	0.655966293611854	-0.19853713827324113	0.568384861830602	-0.16188197832100903	0.3213952379575386	1.3569851889121487	-0.07808093546511989	-0.3342109439769927	-0.29751941415321204	0.0896786252573748	0.06968264638318965	0.29532746718289843	0.35243302359041134	0.015357415819890025	0.1453750893933544	-0.2544184137171856	-0.2138001914532254	-0.5666306863891178	-0.5681385141222024	0.7252721958700135	-0.20028471851952598	-0.5086588825406484	-0.41253912291844047	0.6346178612992643	-0.00477949748973185	-0.5529918477042917	2.244096240536957	0.053262418037921026	0.025024211832102704	-0.894997387743717	1.0739001108232076	-0.39123732508187703	0.3102861748766498	-0.17942349865512283	0.618957826960391	-0.4278451708598675	0.36966706706778685	-0.052622708711764464	0.14976527547620128	0.7644452711918017	0.42351189327209293	0.8774816292304517	0.07968889558579402	1.1785884341656907	-0.26309394460775953	0.03436290158027508	-0.9899835897283262	0.39062176134271903	0.6939149960606757	0.4196864489427796	-1.0590764142013984	-0.5515598718222092	-0.5989692511876562	-0.015206747871163192	-0.1748671870456651	-0.41112646187660395	-0.3419364852844311	-0.36827276773308937	0.11838979518669104
DTXSID0038839	-3.1709748512499543	0.11568583736180761	-3.505762780494877	2.3794717132888223	1.9973417060540486	0.33869287712701496	-0.367242778074995	-2.6393611046236654	-0.9435745962132029	3.4857464052980633	0.7346341844732857	7.874731812984051	-0.23468525925463388	0.4266656089853153	0.9804827945301153	1.0247695015235374	2.065663749010929	-2.7251587854691173	1.5650607473189897	1.644608908634358	-1.3280156655596849	-0.7283783640094399	-0.28604639300135587	-0.2280226499026409	-0.7358581701774314	0.6575736020748872	-0.45814363969070165	-1.0963942967303797	-1.3844030087933998	1.0569208100769514	0.2030810361975885	0.03651847226806976	0.7542850121212903	-0.505230988412256	-0.6698860070274537	-1.3841013894370306	-0.3464380334604015	1.166700062804988	-0.2528746550798304	0.24522997544434194	1.0755517873432605	-0.013149124148533102	-0.3032463779989774	0.31372018696727666	0.38562832087597865	-1.333165305072969	-0.1534058216917127	0.2229455122235711	0.1620341132404863	-0.2780667600492955	0.037312192380045864	-0.0885751627940931	-0.44546974905289055	0.1862803438181805	-0.8014213032835964	0.24839552020288788	0.5119627682194641	0.1438951881123921	0.9795320351222441	-0.24091058706717727	0.5829023456290084	-1.2394252747551804	-1.4423555984891046	0.6699570813502049	0.06107697893841171	-0.7269555797722991	0.1465678833952288	0.5263401387883571	-0.32470268828565524	0.723683304296279	-0.7846109428824094	-1.0020308931641713	-0.7905677970470186	-1.1050833770867563	-0.7221388815652736	0.1364363836077715	0.30538680744987423	-0.592075001033869	-0.2777567727966181	-0.6654186361934878	0.19374228875683694	-0.49163929030680986	0.8089504155461243	0.8225920665574027	-0.1869329353220111	0.3814509114563036	0.9850311033285356	-0.6527048806183703	0.8809658543759636	0.8779003649459882	-0.6611294337310056	0.3391012445009598	0.3655027231748771	0.4373653643131826	-0.052596695966106125	-0.641010644002785	0.30433963556598587	0.048037128845360225	0.2641112693226618	0.045492718262467986
DTXSID9025742	-3.0015923022410127	0.26542850859124945	-1.7646218081352123	0.6189392110900215	3.150123991124028	1.2478306104864156	-1.630310411189791	-0.765037267666727	-0.3592610393491189	0.1853918913671079	0.9120777494371618	7.427892951781949	-0.9964425908727835	-2.2248169265172275	0.004909405620407935	-1.0729687099935883	-1.3898133074008463	-0.2717647513523291	0.20516782409555503	-0.46244573695066876	0.2092357138163222	0.2922147959532309	0.3032658845465404	0.05814928959301404	0.15419498049081923	-0.24272688683219845	0.2590027286608159	0.017138492092892324	-0.007194777592636507	0.1269280836940916	-0.05951553863840072	-0.10891515282313981	0.35998158801592306	-0.03965142485107727	0.040526602170431386	-0.571673453862534	0.0045725197729370734	-0.11204216833198284	-0.11444265465915299	-0.27671233312234295	0.2637988471377026	0.10152240506695177	0.05535181695710453	0.1979433662944084	-0.21020213718075403	0.04663269028426909	-0.02916905828010473	-0.19722871328969838	0.1029780965833038	0.0907221554175886	-0.013869597331782576	-0.11260055989914393	-0.018584478127020656	0.07156033938596428	0.05806991903238174	-0.2727877799291548	-0.0666424725742446	0.04577871895979029	-0.11509562371987737	-0.1304378962824925	-0.11354030542440312	-0.10772028010950216	-0.3925195067640055	0.33152409212549905	0.024747522095221932	0.07556594884430054	0.16879037685098344	-0.002909732630544156	-0.5326675212416806	-0.3277119167557704	0.22875421839767188	-0.31464875975799894	-0.12909314643826658	-0.034898529423944925	-0.18424208306758338	0.04081864754871297	-0.14703542436297093	0.5068688660655839	-0.22466611147495064	-0.10198839603115474	-0.37754056009980413	-0.43176178195648524	0.6230044657931532	0.3419385149879139	-0.30691765198936555	0.5160083341817103	0.9285397880102431	-1.3867983931547645	0.8626296636302314	1.4231901392755124	-0.4013526313678256	0.32349456453066056	0.11604176852492198	-0.10105963708811039	0.15880320591044567	-0.4106782015899796	-0.21980640771602175	-0.28394984982559207	0.06514294124153916	-0.15348923674684653
DTXSID9047546	-4.00373917572797	-0.2476386910643082	4.095475850590273	-1.5194438162296349	-0.6110876387698568	-1.3625468173348738	0.20656683334761272	-1.2203638911731463	0.7362340458497181	-0.0177152527307526	0.5679316456306999	-0.0516352289271323	0.7688710285831082	-1.10154523326742	-1.4320775949160909	-0.09988289914759027	0.7107816576852944	-0.4773972743992603	-0.4713227861583874	-0.19137254917270025	-0.4436474206266637	-0.30738238449124583	1.5881118512298726	0.7587000400300115	-0.7478019385202971	-0.334291662563883	1.2634027621061499	0.11622793319172346	0.15119428740540491	0.5113553915955876	0.6324713022788971	0.44759833280954725	0.9650152612422905	-0.2940177377895182	-1.6894397612934287	-0.7110855544343743	0.29109922153868784	-1.5419640693095626	-0.6631201525530198	-0.438282401764422	0.2598653975734334	-0.1935719384979814	0.2418120237213572	0.7351704115962481	0.3833087587368807	-0.9937436230912321	-0.16696006037274866	-0.759257219580726	-0.07237452925516688	0.17747527524254564	-0.014034345422555864	-0.9145061887707295	0.21305520921390805	0.20089792354398583	0.00232190861190875	0.6711608697126465	0.2441633080657236	-0.3098144154806939	0.28140950641983153	0.5080578442690952	-0.4145792338169723	0.29077781246542406	-0.10295306076582872	1.602853238663762	-1.0681901625732795	0.23481547014389118	0.9980762069420154	-1.2566978571479364	0.37467589299320003	-0.3401181044016397	-0.18634605601206575	-0.3228761471874865	0.031341531839799854	0.5341314808900668	1.4502097596829269	-0.6256303075148484	0.24253973585840716	0.040130893130957745	0.0011059130643059363	0.19658078774584936	0.7436115409552947	0.6147799073377523	-0.3619217412050752	0.037448484660801105	-0.17467267166684153	-0.09862670394401475	-0.21153627998427138	0.11032544600286368	0.17691193648188616	0.07089008614189048	0.07905285270822969	-0.09229170648689776	-0.042079553208475014	-0.1613212192967689	-0.4683511262523111	-0.004169816970897425	0.20235083245312163	0.5629186343146217	0.11450328023026839	-0.41368971592330694
DTXSID6045161	-0.04767064901311999	0.3800076750308469	-1.3160925584835772	3.7612277692453038	-2.006057328560205	-0.5642489918120357	0.459051800031072	-0.013756792290066436	0.9270994785558374	-1.7059189863589228	-1.7590476560170916	-0.14210484011046773	0.015748833153383768	1.7706471595208946	2.927717670774573	1.58424685621265	2.4858263151911335	-0.22485967201444665	-0.5925039348895805	-0.5178227785945162	0.7279936146235574	6.577516921061598	0.9498988651177581	1.7275733255610373	-0.3183652468725815	-0.061562017197548904	2.6511283031547017	-0.13558812771596807	1.3186587752361372	0.1597461787476622	0.9063979103546306	-4.660954854799482	1.490924786571902	1.1712856489034855	0.3918673795658353	-0.5378638023353921	0.7081329270948123	0.28186129389753767	2.5568241015760456	-1.9359124819293592	-1.3269559446910901	-3.273343937338346	2.153124930838414	-3.829355285645416	-1.0273962696456787	-1.6145240163223065	-0.43305544737971463	-1.1583730631346902	1.2439926431572046	-2.0249482192695765	0.9200683545816492	2.5704921753592123	-0.7383514018975067	-0.33399912365826756	-2.465186918297592	-0.20632892501901817	-0.8675077816759907	-2.101169398454138	0.0053705488424285585	1.6219014811998744	-3.4729907292600957	0.0019223922027372293	-0.8561436351468835	-0.4359021627528923	0.6113100595705225	0.6465362458612431	0.004181035901384137	-1.2033502852057756	-0.0765744933725947	1.3833570075182668	0.16530277160651144	1.7191569839815892	0.8435447281627972	-0.9813422138109308	0.18892663530296538	0.05920470828330318	-1.4914087834670817	0.8247991650686017	-0.10669109128782431	0.7789167412540662	0.7392703016456993	0.1401731655547621	0.07704211209826627	0.3525715976821257	-0.4963725967494817	-0.0646472238042132	1.0341824117365968	0.9500718398044498	1.3388088389061228	-0.8039397934035327	-0.4030861002052862	-0.4084902306792775	-0.03876113386330708	-0.22944853794928566	0.2485550520217878	-0.20353918517064318	-0.8353442542949306	0.23516134126087013	0.8264142473064944	-0.037389315665310334
DTXSID0040965	5.447012213663449	-1.9850433596739525	10.346998062613654	4.899906530554967	2.214832528119167	3.6493017566235983	1.4139135213817164	-1.693184271554671	-0.6530384163788299	2.239553445603119	-0.23532464477024265	-0.5762707338623664	-0.25560461264957696	-0.7275973057839492	0.37144080039424227	-0.22308816358689185	-0.3390044447142189	0.09392616962674451	0.30975203862354483	0.4510715467104567	-0.224091848020971	0.3640274209870032	-1.2130014989591034	0.5068584829023306	-0.06782974058189017	0.08566596088328769	0.3790200018136498	0.5602254857333073	0.24269384474487846	0.13944668571432406	0.9222982625112474	0.3527041690350321	-0.22874430147748953	-0.4114235114274933	0.19560927565665506	0.12586487531257465	-0.5108924741829199	-0.1613701475583659	0.618280150461767	0.3223179423514729	-0.1900850554341096	0.28787242534747937	-0.13526528220395054	-0.269051300050018	-0.030976436544801415	-0.008407320117581624	-0.15616852017972174	0.49061827235196137	0.11049667612911084	0.14458743116745348	-0.039355970854152926	0.13569001778041778	-0.2267000463685577	0.1887090025943366	-0.03910756166958812	-0.37756533250158847	0.044681210448195154	-0.2716193464506338	0.04870968478859148	0.13566510797673764	-0.2663914079202386	-0.46699103674277304	-0.22732403791872963	-1.2416855884683713	0.2416002790125091	-0.1826725008073135	0.6442327173492575	-1.0227554027068062	-0.782664825526588	-1.4324456735996762	-0.5395077356028889	-0.18803652554498906	-1.062332450012877	0.31918659058153426	-0.12253384683276458	0.1128904650803953	0.015832424651860008	0.021746296543407505	-0.14666263192308737	-0.23714162612735815	0.11769486769188123	0.07182599629266509	0.09766124063390992	0.06189358311698539	0.038544049221879643	-0.32917226469093624	-1.173542045105751	-0.24113309116997395	-0.08429151351384144	0.450015062302313	-0.16702494754522962	-0.18810240618787655	-0.8355962234451579	0.295865586111442	-0.268981935401	-0.10588784545915564	-0.016612124278031864	0.24821551219866414	0.2551950121047921	-0.3092997332526894
DTXSID0044947	-3.200094468251837	-3.1088197992644693	-0.4144059921745318	0.9470514455403699	0.9312906084135841	-1.2562196120600797	0.7429253485833642	2.041423174092103	1.1398944239805344	-1.6681958448341987	-1.5866078585700245	0.3973017493003667	-0.8905466409831084	1.4798440909563355	2.235019428083237	-0.7800551543751875	-0.44858797506960624	0.34086692453806305	-0.30638004394667784	0.41850925311156223	1.1088001684843711	-0.6733461610297272	0.16983721364652016	-0.12972053614896845	0.7795698577652144	2.999019778628762	0.6511577065582596	2.558024338773199	2.8917712080759306	0.6696452306867964	1.6723265430340462	0.5988151731474034	2.4278015336628704	0.6957435840243487	-2.9906167260386467	0.5737031613200572	-1.9944870245340804	3.439579848451323	0.495598128568419	3.348837028708154	-0.24922264064568073	-0.11879403056560985	-4.39097888981187	0.44805009608686525	1.2529428050714	-0.2736036786536981	-5.41961515981317	1.7263813620297952	-3.3122111498587317	9.880468662256273	-1.4309135971799163	-1.1343626656245027	-0.6554845511519288	-4.195525659229331	-2.540654490014368	3.4231877240936393	-4.6831410190270635	-4.39217933701322	-1.43475123366748	-1.1997638249002007	-2.777113668839462	4.414025392188343	-3.992015347154811	-0.19010234860350314	-0.9025061831748321	3.1125386171874245	-0.4331527388732523	1.7012517731023893	0.24632618161039796	0.04136579132085306	0.12764943623635547	-0.0423187012557292	1.0550832030493036	-1.8223546626906093	-0.24854795467499102	0.23525492068136203	-0.8594930655979778	0.6929399325466535	-1.9743197397329322	-2.5677438182804027	2.6344491323980095	1.2174070692518302	1.3488567968777965	-1.2580934242461062	-0.35317928740951277	0.6182666833584518	-1.446993114875686	0.13867381166428303	-0.3162209717617372	0.6919776544885446	0.720832571441751	0.5951719819548253	-0.08088973062479235	0.45251550137158253	0.5253661583707143	-0.2577264935880426	0.3216282047977246	0.2987235106700788	-0.5513216374100054	0.4110522878598559
DTXSID4022658	6.800258508350357	3.8983893112581858	-4.085723875118545	-1.0853499683146677	0.761735090736199	2.160850375755258	2.7530674063780065	1.1728938828103914	0.3399156549202054	1.2603309137167844	-1.8706443951536162	-0.13663682732259538	-1.8343227313718777	-1.0582718361063872	0.9527354143510697	-1.4107289705329105	6.773088752419297	-0.5077860172997454	-5.6237264430744744	-2.4449582913454386	4.689072335372032	5.589320221944466	-0.37258892020787954	1.0131124493935804	0.8129268878487369	3.8246037712948437	0.42779945644113193	0.8783734320336585	-1.040987524634351	-0.5332683050891841	-0.28412716383582787	-3.103005200730159	0.18202168325383652	0.11951026893868003	-0.12416681869995122	-1.2388987161235312	-0.47799483169484563	-1.4860244869412365	2.1046070400949755	-1.1976561028848614	0.16868419440673327	-1.6339762423976378	3.733870371041322	-2.5693151940553136	-3.4082678919066796	0.4020589017142342	-2.579475112049077	-1.020186408462517	0.8477068855496822	-2.770126950430813	0.4698853154851926	1.7862685334333104	-0.6128763988287959	0.3651325249281708	-2.9047361749544107	-2.48692082863458	-0.511534583306481	-2.8088214417115727	-1.7615325768462402	-2.199553914852675	-3.2581325347540355	0.9419656156593915	-0.9666519620820271	1.995758997046539	0.12735817703426727	-0.23064383016937184	-0.7093335020980664	-0.6997125352624706	0.48695961875459254	0.724036082622697	-0.1223031675202669	0.22847147512146251	-1.0879477939273665	0.4559692510923752	-0.18176516170141888	-1.1205626322719702	0.7135736954871389	0.04764815003335507	-0.7923955931158934	0.06366642064639917	0.07295219645352474	0.7254502885903479	-0.6757768523323906	0.97934819975281	-0.5221014357932939	-1.0060339884372562	-1.2200357338847663	-1.3009686371240579	-1.1768695307536854	-0.6915110876269053	-0.949233417489984	1.7449071436632135	-0.6955612421633043	-0.5079610676729963	-0.4533950789910752	-0.6199454760807971	-0.04991470768947342	0.49367421439482617	-0.011429321569522205	0.1372535768816795
DTXSID1029889	13.72324404289831	6.937189816721135	-10.295784287673923	5.341063994505711	-8.09732187695507	2.015864559156765	-16.6640640797883	-18.086458593119815	-12.33569295308033	-6.191262148689	-29.391555113901596	-1.9910609495185703	33.259226800039194	1.4574612799215418	2.6195748304830335	-3.8319523369171744	-13.248141553336378	-2.265394421562641	-3.232743499518263	4.966082310786838	1.8167372789826048	7.2469333832427845	3.395613407863361	-5.168983479905172	6.369390221915802	2.8081506323921483	1.5197391618921436	2.034173616475038	-2.307388562011311	-1.2969914150201742	-3.5497482115655834	-0.1989861201129977	-0.7474453293932424	2.282829603754424	-2.1921637089440362	-4.610184154488698	-5.557579287659544	0.5163226747345002	-0.5149513349505045	-1.036055454895872	-0.25928911746602396	0.24202430803903302	1.2047461257777243	0.24086236450043566	1.8619729182735725	-1.4660917980932573	0.8497303692183483	-0.40039998395270443	-0.9797709961156723	1.1867272915421347	0.4927914545623811	-1.2147120679656243	2.583916282767304	1.0055712306282685	0.6714854064924809	0.3951847439087394	2.055069498045761	0.09737405167089717	1.1191560463674872	-0.7261139111527554	0.8845129505352252	0.48721939487558064	-1.351912421490759	2.538294057346915	2.225955777993998	-1.849740122679609	1.5580859785031025	-1.7671712878798045	2.384649010305943	0.1993315742987212	-2.2908791644035884	-2.905805026184076	3.3386559292135063	-2.103380370725059	-2.1182555703337735	1.4715043474650014	0.6979877362100346	-0.7779150896780485	-1.6571760256760983	1.6295403618794246	2.4514834417251983	-2.499592692418659	1.683991455622156	0.0079504979552197	-0.5255155574527829	0.743486531664491	2.053624483051472	0.5728350162103207	0.093293707562555	-1.939553872626277	-3.2386539461232084	-0.47912848300240624	0.7211519631943185	-0.968853338922778	-0.42509531504250586	0.13738230347384764	-2.752852649672793	-0.5746963464534751	-0.7900054193521957	-0.25652463424360555
DTXSID5027308	-3.6131287000371928	-2.0929544993851814	2.721900008402364	-0.9991918846161886	0.6236959839197459	0.23682094999144523	0.22304856718229207	0.8196689590461155	-0.3776894197785569	-0.052316370573675955	-0.6015461911717583	0.0907502909385207	0.32446233102194527	-0.036833438290467736	0.0952766757363851	-0.46651660738841655	0.5533382058105564	-0.13389927688276673	0.049021646819299367	-0.757752839601139	-0.19903630520021875	0.11434664412240228	1.129070714498992	-0.1495288194144647	0.2120396610566108	0.6466567862370332	0.2260845848897975	-0.7691176070146134	0.0072415313460097615	-0.41183204816111096	-0.4395343541692675	0.09288303604974951	-0.2069188123904503	-0.4027968758772851	0.5089487081275416	-0.07217995603229053	0.32208453047000923	0.24806865157720845	-0.11603690775217199	0.06143345072549646	0.3296287714023294	0.5613896106310482	-0.3049555522332368	0.0841904386310526	0.18248874232668907	-0.006656467020721389	-0.29608175316234636	-0.19154544778472385	0.1353186993517402	0.018794354578804125	0.25416459118243345	0.003987291902529466	0.27831783715248126	-0.028980439187215924	-0.29360298657663236	-0.28572758015672345	0.35635231263672706	0.3458551303192992	0.2673187886617942	0.3120326598944184	-0.14806765261685226	0.29686276056573174	-0.28035132632500864	-0.8253521393155075	-0.1779906854156397	0.343669800765809	-0.16902372823804568	0.0794747559303334	0.17576408025255255	0.6360260711932119	0.4498980598620655	0.3174962919244321	0.3893232490638187	0.22947071965071003	-0.3823831265622287	-0.47571295657241003	-0.44624712811611156	-0.6433794054990465	-0.13006677483393334	0.10831053527624379	-0.6716904799188331	-0.5845306019699159	0.06808321276040458	-0.5158478118426781	-0.5751242473789164	0.31102764149332	0.48621968185975073	0.2078568921606144	-0.03411546653251061	-0.33635118221318006	-0.1960609223161544	-0.19264132246274496	0.18441783587230456	0.15809868549243555	-0.16822233750170054	0.15456849651533855	0.007359428604149131	-0.09209671043639679	0.07479790538914764	-0.10375629066296996
DTXSID2049341	-4.911614340089711	-1.6870055832477033	2.7180525153646684	-2.6805347285126553	-1.38399436073964	0.2937879236896237	0.5492337715834426	0.39912343755532836	0.3832958861057688	0.2892811759023322	-0.00253106211368953	0.06905196531098338	0.8219557557840753	-1.4623942948208661	-0.8217113604393816	-0.3900956043865686	-0.029427989852795388	-0.5316909757965573	-0.1309052452523064	-0.15255346668122782	0.04654235646168857	0.02284145188138955	0.7032634065922668	-0.08403289355766373	-0.5333982468273412	-0.0670870030125527	0.4662688896497575	0.48032549749399034	-0.05495921621065686	0.5024550835646036	0.5071099381450146	-0.1828588452171165	0.5742163335971685	-0.31643027847290156	-0.11193606427071452	-0.07317249009497098	-0.22728304027092489	-0.08384817361138285	0.20026002705770043	0.10137791190221171	-0.05301126819898009	0.3461713190341644	-0.39542939101494845	-0.029249664632405154	-0.2181596973668093	0.0009963868274713646	0.21181873533400244	-0.15374901845046016	0.10435188254730379	-0.08149835426904609	0.1372376116726443	0.02775718060119725	0.0687834005645187	0.17509030500584205	0.13261359727739463	0.08305134915949522	0.3618270013542125	0.1720706091922215	-0.1491672880883771	0.038562797032438825	0.11549084708994889	-0.11585902351920352	-0.17610752540094338	-0.3732035469670768	-0.013256983762013402	0.3993462709438336	0.09663349239399553	0.12232276824410475	-0.23632819812076802	0.5575172953909048	0.05652644021465613	0.3563523125478339	-0.12792584301543347	-0.19358204854089675	-0.5832182570311153	-0.11645804782870475	-0.5110249154478217	0.34998195989211733	-0.3050234146917461	-0.10335062508624575	0.01536400176389258	-0.6534043312100506	-0.5817396647306848	-0.46303978122960854	0.15401857877657582	0.31116336131850514	-0.29247578752057035	-0.45401190148865955	0.046100664188554664	-0.006914256674948016	-0.36471375225518543	0.17681119719278102	0.41294167747508964	-0.2209930287076196	0.621604520597035	0.19479082581705442	0.414770614887755	0.5383321683665078	0.038178017803758096	-0.18127605483809867
DTXSID6022131	-2.176781467271668	4.675025136636471	1.2252590026102599	-0.021477090814703403	-2.5323896239613255	0.5838395568793139	-1.8479942405356342	0.6248423061993551	1.6698798596384685	-0.5849184527851763	1.6108745521653942	-0.3973353333554013	-0.8697436842910159	-1.678331804925869	-0.7016222006461827	1.2018268728955468	-0.506470339981597	0.1706136021644602	-0.718447163137089	-0.042154957894790575	0.059574734624182016	0.010138020392348304	-1.1164006307283394	-0.4879052346474176	0.17388159298431904	-0.41012517481752525	0.05371292369010511	0.15612660733813366	-0.03499515765673698	0.07294914323467364	0.15155472616245996	-0.11384158424447934	0.07978927502000659	0.3537017094393403	-0.7251162490217852	0.09192036267103054	-0.8024906054420978	-0.6352760452794819	-0.19689405236987476	-0.24058275235168408	0.40028042859315666	0.37421105940358573	-0.3531595485316131	0.3284406313211471	-0.4754282668172595	0.19546548299711636	0.10729585265770845	0.0551006149444242	-0.23632394831609474	-0.07500382033143832	-0.252005978518124	-0.19217233586853574	-0.1288713761928037	0.10048961187763614	0.12491735069532378	-0.21551369365947204	-0.012836863045205415	0.33656136838249406	-0.9089174901401067	-0.34900295059287656	-0.23133032764046704	0.1153293080846715	-0.08184839434578602	0.6888277887404648	-0.03142603464704197	-0.4412853711450546	-0.5313548315225477	0.5953218165877929	-0.48209811454578555	-0.9859887591859213	-0.5041578618417402	0.09154723039470417	0.2761363350105073	-0.011725062656433123	-0.5085030461276187	0.2533237425228396	0.18962445499354091	-0.06507179533184174	-0.47085331066191083	0.4610388537851205	0.03025489511984989	-1.1874190836277945	-0.36724581460809763	-0.45857843873951537	-0.07787844476378863	0.5586955461184827	-0.2404641495069343	0.28383745929303844	0.3499759293236413	-0.5181526369089391	-0.28440551688573606	-0.13572205591106018	0.2992521791305138	-0.2638027429609402	0.10343766306142209	0.13767612983966726	0.4074474144369572	0.5257614208402219	-0.1128518077634076	-0.14278378409380735
DTXSID9026265	14.638535464528166	2.3626188519411935	7.410107901573686	-5.88781665981513	1.7298202724705047	-5.602265544746661	-0.9765020421524974	0.895832890331782	-0.8502262305823499	-1.3696019077399195	-0.6511175971888572	1.078986666354804	-0.8714135385919342	2.1092170856050703	-1.6550262530623197	-1.033598374170615	1.07825839757603	-1.7945306254996334	2.6342788940663757	-1.9892160262223337	-0.22743803541237784	0.8718039173326756	0.5742776245077713	-1.1086426764710464	-0.11452289461272833	0.6146540792136562	-1.7794791098122935	-0.08689075109086479	0.5836996958162172	-2.375366014226176	-2.392522244913658	1.2820153349427992	-0.7123325019728544	-0.24450402884405825	-0.10938778019629823	0.32468391382065803	0.2746632376991065	1.3183298363730425	-1.2819303704752545	-1.7503264509826435	0.5188905356187578	-0.6788349122943981	0.34312788974349934	-0.8751734284176461	0.2853320483389482	-0.08871478610640944	-0.9849159974842203	0.65455389550266	0.02589016248230244	-0.05330970901745029	-0.21672857840751222	0.19258490125067013	0.3945946405695042	-0.6719563748103828	-0.2766062927683775	0.4715092674758477	-0.18846029279323034	0.6594290812176014	0.7021145471526877	0.18507930969702155	-1.0307396579956096	0.3945843806884263	0.8297858427638121	-1.6459728848131323	-0.486860894319107	-1.4963440927162592	0.382258914240091	0.3905621321139501	1.6417541744109012	1.104188412661916	0.763602291180173	-0.49356605973967965	1.61678627293313	-0.23190398647137164	-2.43075380485306	-0.32710025278830596	-0.3288936011250123	-2.2017504969176693	-1.3694511121812658	1.171657109324563	-1.712147731548043	0.20327846740455893	-0.25541084393442043	-0.21096122241392176	-0.338842309369047	0.40772939007527187	0.7607933376274547	0.39245515523451546	-0.2242373636981665	-0.6052758524145626	-2.2546784089822713	1.1291749355536247	-0.3723547377882911	-0.031806077358050314	-0.7658345868297434	-0.17809793620443784	-1.6708472704328017	-0.6603963837369645	0.04518223310810892	-1.1753484471380116
DTXSID5021968	-2.676806218178528	0.0864664823872586	-0.7725268854287733	1.8874957313678546	-0.5409317398079515	0.007789439379219121	-3.1479509184047294	-2.784955564418046	-1.9679911290395455	-2.22609480747448	-4.753623600300883	0.0010798395952644818	4.594661462269946	1.7171492573221767	0.22617924525946673	-0.8247231093078992	-1.039643478057286	-0.05716779673838173	-0.4689305687610146	0.2170842346487682	0.8416582312346065	-0.016565655463251786	1.9225178454514034	0.2322784083847228	0.35582949464002067	0.36800676968022455	0.7147235208592269	0.28540576655773814	-0.4396480237846914	-0.15331120404936985	0.3655506954628495	-0.12210911382780067	0.4446642028961474	0.2982833754212058	-0.5172718838096556	-1.2202416435550778	1.4224144980582014	-0.7870179153833504	0.5003639183227252	-0.11734055956845676	-1.537262442724391	0.7537728580900983	0.47330737686060054	1.4783886460453992	2.209111751112315	-0.02392788103732762	-1.7520238320735644	1.5376086154014459	0.8920678591002518	-0.7930038308333262	-0.10804896546144732	1.3170118174575411	-1.1876593228203922	0.18309087166654897	0.20507837411217	-0.32863035913076893	-1.4833856921604642	1.1090036683671147	0.14528927674225864	-0.3392896675084513	-0.3854547157136624	-0.3656213874112714	0.19412952177173434	-0.4030198335144551	1.4552797979587258	-0.08065936438570744	-1.131081606208971	0.6551792968605296	-0.1596546929848924	0.3817072644521164	-0.4515371856740315	-0.4026090830321611	-0.23796667449893075	-0.3084360968757155	-0.03169115309220619	2.1333093129404395	-0.09422845689451051	1.9604684723550816	-0.4190067080639322	0.10771552008751822	0.952552108269225	0.09912031538828421	-0.3279693239007023	0.9574228218464702	0.3968289992524419	0.3226263195325495	0.024598117708656872	-0.07192700789453836	0.09857763950361867	-0.2941622718523779	0.29874713516759016	-0.29961126564972673	-0.20076544780398764	-0.0871283452510813	0.5639442176405085	0.34423848260059503	-0.817999484420457	-0.4179486996458305	0.07270041478594857	0.11149945222245392
DTXSID5023661	1.7183970448638632	-3.604281288026817	-4.015792399405713	3.1989360024974802	0.8713286426518091	-1.699892885268865	3.899956964732844	-1.1919698239908387	-0.8871492683596085	-2.1187716718400855	0.6669003662881873	0.3848852548278389	0.7608404008496069	-1.329081643662623	-1.409459471156432	1.3803067783452956	-1.3135696503907588	1.2535975465115523	2.1716250790558678	-2.060629461091729	2.3193481754070775	0.22731160261059336	0.9083696352072514	0.36384184956519083	-0.6079122732008516	0.6275724631109652	-0.25065823049318203	-1.1439128957885654	-0.5067752091826103	0.06062976778083724	0.3071053731611518	-0.21029040743870497	0.3777164628537694	0.0002352653997473299	0.21449574207095698	0.5729618536584582	-0.2881086962706041	-0.13510847266558879	-0.574378146839409	0.4657745849867873	0.8372312021007992	-0.4244180303001318	0.3852688069097921	0.20487872478497984	-0.4531740687596418	-0.5515837261613019	0.0125268415373161	0.02130071030197829	-0.3259156868393929	-0.24570746746560207	-0.18047221186159634	-0.5923629935686937	-0.16194359415350768	-0.4428790259408208	-0.040931073106559385	-0.2177708183553352	0.5760845980897785	-0.18832252186450182	-0.13591774063892634	-0.43015973248948225	0.2712026171413505	-0.05427218568420841	-0.358751522235827	0.1223072269732835	0.1450397388327342	-0.25071397164574644	-0.06187019218365413	1.7693604185931018	-0.23906931059649425	-0.6661251848976131	-0.1311766456933631	0.3240446334678726	-0.37477927538565475	0.5065053116053471	0.2619532377930446	0.005930826192544356	0.15495964915090454	0.7480317556151634	0.8044231080241143	0.6176933869597575	-0.3447026377496449	0.6732580538569881	0.20882107345626344	-0.6271662275667829	0.44857284592460084	-0.3007412546102111	-0.4068397543563189	0.005477206204614133	0.22717306375444832	0.11681129454277987	0.17340378789966376	0.3981546079104227	-0.2775520100314811	0.061025454227853805	-0.3420477404818338	-0.5986360755560213	-0.28850165407709427	0.13724720804628493	-0.13981077952560847	-0.015399371601805158
DTXSID7035272	-1.1710139462725913	3.7789786910307446	3.3431908179272267	-0.20912510255283698	-2.426139725025577	-0.4569968402446252	-0.8782607404832894	-0.9050093301536123	2.234710571855215	0.247971412627491	1.2455990463431923	-0.5954677787939076	-0.12177372388981203	-1.8815676745309748	-0.6844226403707742	0.4621925289003747	-0.33464431608817674	0.2103021562979056	-0.09498022600706567	-0.18534793511097514	0.42610713916789905	-0.02912603225527949	-1.1711726980586072	-0.8761917435917662	0.12052809878871364	-0.4606054024684006	-0.5963969151158811	0.08237701751911342	-0.003441023730445137	-0.27048828008450976	0.18516576425741707	0.8641446797643404	0.7017809563678742	0.36364724375812535	-0.878593366383792	-0.0014436530643120622	0.029440054069840727	0.331550128864406	0.08461527580865155	-0.6926329154985263	0.235723571573515	0.23933878456729815	-0.8023795661934404	-0.5068698525383936	-0.5310930350456785	0.8650173088167372	-0.47183298943808377	-0.05424087264427544	0.28756196476472096	-0.10141138900948632	-0.025213461189188907	0.019505165605418706	-0.362563716701196	0.3595174913730732	0.1935016018355099	0.259897140631594	0.3081117696732556	0.5159358127381463	-0.5099082223165462	0.0860592116098982	-0.32291180702106476	0.7700763431608193	0.4300858542373543	-0.33176031135688056	-0.40499761271184304	-0.7861457611634775	-0.36662890714537805	0.13422462969741586	0.48933765456010153	1.0829652416020785	0.15627233232394047	0.052235229261067266	0.29275092885105497	-0.16773772018991098	-0.3462299797592143	0.3345638780190776	0.2793318217290061	0.9017204513030075	0.4170878781776566	-0.36565674518862035	0.2739842004547634	-0.7818138357334249	-0.13021865288735013	0.1303597590075936	0.1923569200931833	0.0968862364446798	-0.7253021675456639	0.09760575474607695	-0.12680496431260707	0.4233537120219673	0.2762441364870924	0.4486524262732813	0.0797447690091479	0.4457074776062624	-0.22198367134123798	0.3318142040893437	0.048086709755909944	-0.37973431303072774	0.3101630497125678	0.5036861912331392
DTXSID2021026	-3.0707489420235548	-1.94590206656036	2.1983637441136223	-1.5553939073625518	-0.06868447495558647	-1.8876743437741872	1.1279561411826302	-0.4142246656942971	0.2835279361562981	0.592153257933901	-0.0671047682190234	1.331778851615973	0.4948973614778833	0.11565538811104062	0.951481267601993	1.1962871861426954	-0.7396225593741188	0.2851186690877316	-0.5536116025289785	-0.14068745892196044	-1.268629158145483	0.34641908655859727	-0.09363158144330162	-1.028991958902476	-0.18164996819049548	0.520453328077727	0.3659744362381784	1.8791017469530915	1.5553378505709075	-1.615775558658361	-0.18361522910449135	0.2812686495195303	-1.99923598811254	-1.4039979432295764	0.39623938217860655	0.7077381424582102	0.28618004997417407	-3.5934250844856517	-2.150240709277327	1.2861200453561716	-3.6994199728328505	-2.5245696359272176	-4.236878192289451	-0.01811038171810842	0.46289533258567006	0.053574584922948976	2.0653656092068027	5.667183971496661	-1.0773966338574217	-3.8936858639694893	-0.967670792252497	1.1606210579607519	2.0158150607131176	0.1326474680962377	-2.969155887299635	2.082630569618699	5.049126026734041	-3.165411478067796	0.8054793675772793	-1.8949520361542733	-0.7444122802970534	4.214936929888993	-0.7715177166759787	-1.071904932549499	1.088623381029574	-0.921943200115273	-0.3522095125248176	0.7968802449090516	0.6259514201856317	0.11295791233890243	1.8361508936531727	-0.44422150422969825	-0.26573822500509453	-0.056847513370989367	0.6399769870442095	-0.7555245861650938	0.6352200330847021	-0.6481225769164025	-0.2667270597367783	0.421646383436684	-0.7805387520449578	-0.9131921877573516	0.206712404115622	0.7010421868163641	-0.45563856638497024	0.6254474755383901	0.7141144654573497	1.247547295840981	0.20330700670929405	-0.3517762434192082	0.02680080380069729	-0.0019693265364667434	0.7513331613483821	0.2659263636607459	-0.40937999100719796	0.08682637837526246	0.09477145590057955	-0.1986825344793804	0.5224391927315859	0.027814511308071804
DTXSID3027401	-5.957050273256885	-1.1182561015009815	-1.5858093281987793	2.353043358872609	-0.08680662956307766	1.015309386610473	3.1827476935832637	-0.6945744388842491	-1.8472158108365107	-0.9282707285402838	-0.11254385798356274	1.1886558802465417	0.9870213846331048	1.0222892376294876	0.6471031523094213	1.8111745786450881	4.0169369549004825	-2.913780788692558	-0.004964673803125801	2.0972811001576406	-1.764032917700124	-1.901053794163077	0.5957308542048205	-0.34763271906106097	-0.6921470141410062	2.2111574825758917	-0.6526015816795296	2.9110956011712457	-1.071471807450968	1.0434478316565479	0.3864256196288279	-2.07947192707361	1.2931139404335554	0.09569245060631336	-1.1828298384157285	0.2052934978790588	0.7125461639381591	2.9580304055840907	-0.7330822803550844	0.17824966138536513	-0.89117113764576	-0.3662662629208442	-2.2640705960410594	-1.0956801039431363	0.603116910377929	-1.8036832371527571	-0.28051197377436	-0.9215442315842696	0.1253317652981888	0.0392431807771302	0.4933156141093713	0.09713353555656039	-0.7275917749179279	-0.3052583331361201	1.2537385181454206	0.0702021586204273	2.7542221741218254	3.0130368252655195	2.198419257591219	-0.36165448823283153	-0.281044697409713	-0.8019964054956705	0.11593571637167657	1.9954718598474495	-0.27014928402529553	-1.461727852658087	-0.5638748204634195	1.4418608156069985	-1.2455416716947183	-1.0631420134298843	-0.6564815238568088	0.1873190442939514	-0.8725252561698303	0.9153037683035214	-0.42407340622130807	0.43272776356452763	0.5956979223491606	-0.7232460025605909	-0.6950229366047149	1.0576978802090389	1.1939452219199798	-0.4639255484362002	1.3104813832869318	0.3439753642736549	0.2428123346518512	-0.4307563490761561	-0.19511442635464651	0.03268140136163177	-0.607229179863629	0.4747021032540061	-0.28006969510955215	-0.07497073978107313	-0.15122038192406256	-0.47724968173353655	0.15367284803351663	-0.1314411531794098	-0.19386137891024877	-0.12290875941593928	0.5882514432766491	-0.053539372678984794
DTXSID8057645	-1.5792945178097633	-0.8371204174080841	-3.5953697781007996	0.21062182803167326	0.5665714060112733	0.6600708564808953	2.675148076918673	1.9503481428255214	-2.417773318640466	0.015136246414736666	-0.06939271570847262	-0.704177656621275	-0.6518523515388976	2.5808915267376875	-2.136906224672524	-2.1262716126527432	-0.5027694746609301	-1.327186934202473	-0.6063170179740679	0.9611580753797798	0.034977439776721325	-0.14327515001981683	-0.6044014209722985	-0.047220698985505814	-0.2667170429694955	-1.8584796217559263	0.18183567811016976	-0.1294279984846438	-0.21551946164677657	0.5638813584400161	-0.8470077352899796	-0.13252091701830787	1.3903853422812573	-0.16035570133177804	-1.148021822278806	-0.5025096064404645	-0.6475233187972562	-0.3353552390864226	0.2853790355925308	-0.5430344226171844	-1.0238308018361246	0.10594474950383563	-0.2137123955273598	-0.7460549054740412	0.20703144130103124	-0.21948351743322703	-0.047199701408746894	-0.15950839450464682	-0.03260212243198243	-0.7864288154645287	-0.03759608063912885	0.3543492178225295	-0.2768524759517206	-0.10728605948236929	0.7271415289888965	-0.38800155824103033	0.10284789295496484	0.191698818423555	0.5466411977997968	-0.0961864622279367	0.28586480027951017	-0.29144588513303815	-0.318712770690809	-0.607297348731016	0.5074836413677186	0.5301600481531206	0.08451091841531548	-0.2121424156263133	2.678473761406675	0.1403031613805126	0.5030867710014636	-0.6794002081251374	1.7002311158002466	-0.5394710989680356	-1.9710732086172662	-0.21666372627214547	1.1476224931030403	0.2253001059739786	0.2078055828215337	1.4337048219088233	1.613748732619024	0.4552719675546949	-0.31962695754344145	-0.806969850690739	-0.3180745825780076	0.25687549960564704	1.0159324548883089	0.12835303088468522	0.9017706936044672	0.2823555745945028	-0.5813362448115605	0.5377063974679936	0.5097711359555668	0.6490036183231933	1.358033760245126	0.5086078472816128	-0.44241817341642886	-0.20918418184148607	-0.32812849521813603	-0.385364800398378
DTXSID2021288	9.447648128928845	-11.214286234891139	-8.071302803756373	2.061048513609414	-6.342525332243181	-1.7604594690474797	-2.946480573786228	-0.9347032665200321	1.649986788731304	0.04601633804396625	1.4378156846178314	0.6305126098423236	1.3583693305944857	-0.49730193087035185	-2.4913427738472027	1.7417321871308655	0.23606249232844073	1.509362514237635	-2.7046093311799257	-1.9129920106411324	-0.5628230333599623	-1.2557950629345382	-0.7311064797114787	-0.3284895712466672	-3.003513323727857	0.11136607012884632	-0.14299412883929366	0.193428062597505	0.03343681349578215	-0.5655324935987146	-0.5063559963069426	-0.3771116842792293	-0.37322445668574084	-0.41485602473937333	0.578620660588849	-0.03469557443620436	0.49706024414620215	0.8320187758280885	0.6233391314347977	-1.0387492674150887	0.49449130305072797	0.9830317641170936	0.44694826027618917	0.824539759499159	0.23944892640173757	0.5642492330901979	-0.10006637939983688	-0.21474986067114438	-0.11859402596409674	0.12943200203196387	0.09864583443781258	0.35762450842429067	-0.03432011351867756	0.06970157833107371	-0.7718785322060648	-0.4231360627214335	0.8325933012415041	-0.3076291299688991	-0.5791507408581232	1.149979215570315	-0.3907534708456369	0.4221708940235366	-0.3568537058002711	0.08055055861863972	-0.6532699823352082	0.5967428886069528	1.157650267478872	1.423027378430635	-0.3480534372753582	-1.136877605887163	-0.47000046101543613	0.5301099297474563	-0.4512649488550589	0.613909087682922	-0.5352558977707667	-1.227502658512901	-0.8798902105355951	-0.15508690504291262	0.4625390814456937	-0.1413075126078558	-0.10787528538425338	0.08654559630973903	0.7955195406780247	-0.2526441424151607	-0.14718942329551818	0.01807748787662972	0.18008199581388973	0.1001790774160817	-0.04537550420779322	0.44729036116733156	0.27578729320035045	0.4093428567979377	-0.9067577308071797	0.23851821992691982	-0.7493050059328437	0.7450442400682566	0.7527468023972012	0.686581628734484	0.383454293736126	0.551841179920182
DTXSID0024501	2.9884122804805	4.855295232227816	-3.4691434336443834	2.1251308020601605	-0.3849882250862621	0.8735502131974009	2.2782538001535255	-1.225169771349777	-0.7288528989380086	2.0710298323402747	-0.1468928497290809	-0.08871607979225707	-1.0468588440291473	1.2909934087990678	-1.4055341185344215	-2.266041281963354	0.684883470069544	0.03516921419206765	0.30455382173086487	0.04794777261940994	-0.3028912882770424	-0.8641086495684189	0.20870735744476257	-0.6983357623459853	0.5602295731571972	2.419310365750642	-1.4735712638626914	3.4014334635260055	-0.3859219959996272	0.311099118710926	1.1751254937188136	-1.6807905062812545	1.3160382196287095	0.9669566398535037	-0.7685887562163929	0.6656537834973263	2.5167729740115186	3.272648030007995	-0.2549470874964942	-0.03456995352100541	-1.774338514067077	-0.2527536895448721	-1.6939999045920868	-1.5574545192608011	0.10897286335820942	0.09934143930235523	0.06476479131493355	-1.084674384896599	0.05130249874107457	0.09794845381952405	0.18797154824492546	0.22526251762178023	-0.7997739575364176	-0.6568769934955978	1.8175029812158048	-0.007459109224182687	1.941037705430915	2.530506883411018	0.6222814463971166	-0.7095507031836186	-0.21290269513248075	0.8923741203690071	1.3620373591622754	1.353053263935099	-0.13942596975991256	-1.9010153322015224	-0.8498660985804498	0.7878440329169648	-1.8571319651971183	-0.7334158364978766	0.7575976514998741	-0.03163111269456518	-1.1312141418516126	1.3112620909585895	2.057516987476786	-0.6987360514013071	-0.4573054887915731	0.15153787245255756	-0.016229449878423993	0.511063368314626	-0.8592943136229364	0.3098725618562991	0.6502128069371134	0.2130357387143582	0.5006498038898368	-0.7168753649015914	-0.34498782459952554	-0.04070295652883544	-0.8579787188852395	1.223387799930819	0.6616644944533148	-0.36665424772535127	-0.008005789004568274	-0.5782055273317154	-0.4174159832852188	0.7599965247970834	0.7190744406402082	1.193288188599164	-0.4834366963983836	-0.040589636237407196
DTXSID2026074	1.1012377777389504	1.1585407104477323	0.13989695540964706	-1.973910735871494	-1.3674675908016924	2.017672069203121	-0.8615161884879369	3.874344428753302	-2.546416109672671	-1.6568208218735472	-1.152570329156899	1.0187321422567224	0.32738728140548423	1.8318617657157927	-1.1986207498614658	-0.984825797577564	0.6979821323831693	-0.5809325839067477	0.5304289872861951	-0.5040324516269543	1.0435205206560607	-0.7699639627339413	-0.24545336025399936	1.0511071555892841	-0.8882135713389075	-0.867274831207182	-0.24782896635901286	-1.1912609182088576	0.05750307317293224	-0.2788401866961966	-0.1562726864317003	0.20263974098329807	0.047764267567589905	-0.34058357603559003	0.20141779944541913	-0.2425631443122314	0.2717470288605694	0.3688241012151796	0.4074276082103944	-0.3319445930254525	-0.9918645159974278	-0.07698359978935902	-0.06799721125126201	-0.7156160193106793	-0.15674585007412625	-0.019529095408357077	-0.3514049091527641	0.06649062842679716	-0.10620704638249227	0.31136604186627137	0.04833192798777284	0.26834175654128245	0.07816852509255687	-0.35767394729477886	0.03910470056747961	0.3591705808100915	0.30773930114409614	-0.5582526503593624	0.39321104860990014	0.6254650648724713	0.2271054564340808	-0.06592020955992976	0.4047443222356054	-0.33060912900312384	0.2815593573674893	-0.13952341315991232	0.33400492972152374	-0.3790086726179975	0.6007019803014617	0.9189139078595195	0.6874399082344199	0.07121380609239981	0.002651689953400315	0.5234996950911472	-0.6655701862906576	0.9045882514554067	0.0905329704282363	1.2000241341361693	-0.2633472493453445	0.5681335454295505	1.1070825661473223	0.8557192146502623	0.5460664675957996	0.5640909796892389	-0.24521327543604018	-0.09191490571516936	-0.4125905356464224	-0.8007340444344718	-0.1726329584986619	-0.05507101351136951	-0.07844393551115936	0.45327774640697927	0.002280048406661127	0.27349306231633713	-0.118736728937646	0.11677885995157312	-0.5390462602263746	0.04178451452494003	-0.1046147228068683	-0.6733065804723101
DTXSID5021544	-5.341302883947625	1.0186633864274066	-1.1227997157148057	1.2194076658432411	-2.354213934839849	1.7486975032087406	-2.9677168863600514	-1.3900511376672036	-1.4752962074790286	-1.2815742999624544	-3.5714924331220765	-0.3479153270198961	4.045946678278154	-0.09719760059667969	-0.15555741059459438	-0.5853440089844363	-1.0081046821367303	-0.008934834230146549	-0.26779477929915735	0.7023423502765578	0.706324505703758	0.6971629466255771	0.45676882893922227	0.2658612696099831	0.0869055181627125	0.04779802153318492	0.5102651589680528	-0.00030241063500710975	-0.023060767574700925	0.037068952122053196	0.11546017837664167	-0.4160472753702913	-0.4736245155069001	-0.3051973624556813	-0.4449611040546766	0.31535871142649025	-1.1857739778219256	-0.00568343313803262	-0.1522076089100645	0.11447617858663216	-0.4797585330532256	0.27835024981897977	-0.23554446004699262	0.21804513176140128	0.40926571166901543	-0.40568125568363905	0.3554870075827261	-0.4780650416762989	-0.2500997291935515	0.4111947708130298	-0.02855371288270881	-0.3213899796690392	0.307094625151786	0.08098582373736617	-0.7089942138712144	0.3638279742399425	0.127092948947958	-0.03426936588104269	-0.3396912976507402	0.30768559302150217	-0.07785130114161852	-0.43318798058361274	0.8786337634721876	0.45212516575328326	-0.019610302822257956	-0.4284788801005887	-0.03781571151331839	-0.6729176815189041	-0.01818529705042657	-0.29921098493860177	-0.5494333473794668	0.6834109828043134	0.2230438335334592	-0.7665742160950736	-0.1327013316308961	-0.5398931822295294	0.5997040599159885	-0.5777899090632955	0.1271581878233894	-0.059962590614851104	-0.19434617918722852	-0.2856923073705723	-0.1407316660211465	0.07378468183007138	-0.06622334990589669	-0.03490165185658752	-0.4122544428895326	0.1288011256316824	0.483710961146124	0.015454380320807957	-0.556708883746722	0.02825480557116102	0.09147983449439095	0.130701503981111	-0.10745925931660329	-0.43635483411610415	0.16722175862676014	-0.0686324168895911	-0.08859593366214624	-0.07823161075140622
DTXSID2047519	-2.375786026857061	-2.2970032202675528	2.9090996590150615	-1.9659933158421965	0.5524209943680578	-1.7488149178449646	-0.4397136774613662	-0.21673100766748887	-0.09733134447413602	-0.8373294306059216	-0.5222945499076813	0.4489221828592992	-0.08976539615646971	0.5997664879168494	-0.8763857624062895	-0.39746750942931974	0.3658770321716359	-0.5942295085056698	0.5639695590916293	-0.367546056551509	0.18875366066758426	0.04477400782641882	0.5328388131723767	-0.1630224675984971	-0.256224568440804	0.13085293825747488	-0.38294128101007524	0.04951946264997414	0.0053797830903812	-0.14095257254539043	-0.31609271649109155	-0.16440040645483678	-0.1493042859852724	-0.25058286559386433	0.21761756330976947	0.2468578630171397	0.028333763952975495	0.4326139824470076	-0.04409461763988769	0.3893556273142736	-0.2601521547153342	0.056082711357898746	-0.24914800320688044	-0.2187648652555334	-0.3198900572577554	-0.17759708361554136	-0.02019279145503541	-0.45471808009887366	0.05905477235171426	-0.045375645915992316	0.11597833054954192	-0.030242595140352987	0.077069982157193	-0.191816803324756	-0.18243481777803308	0.1562188034436228	-0.023251819437858635	0.035521280253990054	0.24179977359400887	0.024743220800146695	0.2727951998617706	0.11015580923004702	0.33016862573419264	-0.06052265199332921	0.09569048725391432	-0.025444911640828818	0.04555055407817566	-0.3742525440319749	0.6187739706045471	0.6842767458767006	0.2699468133318233	0.10986735692204994	0.1604324628049347	0.20224792705203823	-0.7751047259908193	-0.06772029405114117	-0.13372068975216228	0.6696640224033106	0.0961688726793375	-0.36786581156060844	0.23858419067084455	-0.0017305811059345206	-0.15781425413817626	0.1121598383506837	0.06272228370255013	0.16723718647189784	-0.1308639811730126	-0.5659353647214849	-0.16785496961947163	-0.19996077483570415	-0.005292973361906127	0.008763184719773127	0.4902677706676496	-0.032499195306823714	-0.32680510261713536	-0.27773914313741893	-0.040848343733691284	0.1986598635294775	-0.02751541008541389	-0.3107169842682472
DTXSID2046624	7.331577949538483	0.9903926974521299	-2.4072253852565737	0.7696835679524532	4.268974777183167	-1.76262390159909	-1.319230961843874	-1.2052410147979966	-1.461587506885895	-1.8081666229315374	0.2423143416399489	8.447512240048908	-0.8801423971417218	1.972197846010366	0.7419465652986784	2.0132256743271917	2.929768678880242	-3.1452982629116577	2.2785366291769633	0.5429656589931569	-0.14523703618157133	-0.9893584855390255	-0.8454517733183224	-0.16499821162692102	-0.29535991775576115	-0.2309032476722054	-0.8334907281817415	-0.2742759535834929	-1.0506494704418434	0.49705001207877436	-1.0846645153947776	0.20765725931735976	1.4567658843997418	0.0343608477897988	-1.4207662254299813	-1.0800081732089486	-0.7180395678694522	0.10299073526105162	-0.925476192636003	-1.0024442465448962	1.4135667892617891	-0.18950507746775946	-0.6846916920946498	0.8158595508686495	-0.19078954446000737	-1.6481862906734708	-0.5856420560913213	-0.6207659771584938	-0.042222537938343276	-0.7705172802540665	-0.06462133395365277	-0.6979672623656654	-0.6789119539311755	0.025932053471994045	-0.3575170204472303	-0.14256287985224672	0.06338186454338533	0.7396708385409501	1.304239501580564	-0.5197797203184006	-0.26471506516321164	-0.12220801354371011	-1.2326233533241453	0.5623308626384099	-1.0437843685405217	-1.86843723504906	0.4231031280792488	0.24179833908774692	1.0455677996871928	-0.044088409559943746	-1.3894318799063898	-1.4215314196446	0.2033952003520084	-0.5693831316440211	-0.8269235134826102	-0.27791201128782583	0.7197724981409915	-1.464760364023746	-0.3619126548487035	-0.8205501202973489	-0.3986260533920773	0.19978799431043684	0.7138259695979151	1.319799972741307	-0.1783792390864689	0.5060224873604382	1.10551772514971	-1.3219866433138758	1.2784454006613806	1.2985841597528707	0.5147050195019929	1.3715930578729785	0.07851942927864815	0.014907879551358312	0.593705863873777	0.11993469940726036	-0.6342861983735183	-0.042264366718934895	0.34334741526644	-0.07333831461115596
DTXSID1025807	0.7200991010817526	1.092346763965253	1.6135231692871792	-1.5988123086322812	-0.2782453512443667	-2.346236655867903	-1.79595596467182	-0.7542000526871033	-1.1314237532614893	-1.0669937534337146	2.2303858377489347	-0.5020964170180674	2.460462337243008	0.09517651837351955	0.2517032163213724	-2.0559297038281086	1.666422346003616	0.38453753597592594	0.576683817300962	0.4988053930048213	0.6346505563949999	-0.2513684959255264	-0.8593105027525897	1.3759382479833895	-0.9179989616204166	-0.15207280105653564	0.652514236842722	0.24012130689965624	0.6120062411882276	0.44956018814615184	1.0212840797327423	-0.8528335210238641	0.04616761823561505	-1.090606976043763	-0.3439299004734935	1.656457441497088	-0.2705302816644689	0.22655180336712888	-0.9775397878890584	-0.09162122752062771	0.8459794237171205	-0.17944298615303947	1.0815028164455172	-0.7428180742968907	-0.49023110291218547	0.008900620881656812	-0.5672749391332438	1.04588884236462	-0.18603554565261565	-0.2929823754760827	0.014026223132026283	0.6173666733895784	0.009918266341733479	0.5370733638397097	0.14164830462643432	0.6920493765585828	-0.4005856487336357	1.2073336530414704	0.3747408945534146	-0.017987440663172195	0.6188937813581176	0.9357518980758653	-0.5524054705555624	-0.5393418027110976	0.12705541291348613	0.3860030962069256	0.0615298544954067	-0.15949683801628778	-1.2559634292275066	0.2547905508276681	0.570091292829135	-0.4183263111135417	-0.3776492975952036	-0.1341925752993614	0.3902843208647737	0.275693982151865	-0.5479616523312364	0.27504595131748916	0.12930398871262613	-0.3950195139846888	-0.06406336023869	-0.1518656919934223	-0.24663168430003898	-0.00707533019986451	0.3469229788981606	0.12605441789308197	0.3177555891956597	0.5276895558013568	0.3427833822049408	-0.46098053532549454	-0.05590214893775003	-0.6890625785273612	-0.09950212646907941	0.2041719575129083	-0.038273702873013044	0.2068695882118594	0.13350260384752174	0.2661928756486021	0.3312104951442494	-0.09583800027191845
DTXSID0020024	-4.363465014537671	-2.5353061838162887	1.1158595680134977	-1.0976758154029653	-1.074575909940894	-0.8125984511650547	-0.3832479781620641	-0.18666969018500792	0.041173206672763245	-0.43098436870693246	-0.6380862616256935	0.14193403826421877	-0.4985059241354032	1.1939823845720356	0.25691236898714226	0.5666770804268714	-0.03133190807071085	0.6071271227003258	-0.07942631317922061	-0.48310345720111647	0.222737527328931	-0.5277060442027312	-0.0675444226159812	-0.039088678138581454	0.7632763176252527	-0.4048433230468668	0.16386108247649023	-0.28661925466614985	0.12221713850102504	0.049524007674187485	0.4252040601097806	0.2437975815296264	0.08991641094965303	0.19723112630560988	-0.4038275138317643	-0.036400516264880875	0.5251794078259455	0.026212893641252517	-0.14989906687672327	0.2413987531110694	-0.3205121296999067	-0.5068451948379213	-0.030588781720175064	-0.002764584720784202	-0.44578504252909634	0.12385070575842909	0.11230055494532941	-0.016860673819500724	0.19556582092219596	0.2627782007453934	0.07014491951080874	-0.04488585121767694	0.18708167312511206	-0.09408812810844354	0.3080158473986872	-0.0412226801093913	-0.04587493326219344	-0.1779036298076709	0.1368174514171115	0.0010650632593679028	0.1658529457055167	0.12791672001830504	0.4851375806193382	0.48397630716247153	-0.25411855586923243	-0.2185149580131415	0.2859328710312629	-0.4891474107926094	-0.4664513209887115	0.8623758699557826	0.25220037058906664	0.07665414588940456	0.31685153403452887	-0.23519917460360157	0.35517908099494655	0.5379450426277278	-0.13404001578269614	0.5673092552343934	0.3088336472306734	-0.15495443594380712	1.0916294319953501	-0.5983894867013474	0.49447739378874966	-0.3034401477097552	-0.10439695581936768	-0.24113148423445277	-0.1267914037975517	-0.24621201289472483	-0.01794464657316171	0.400709642883042	-0.6793902644921787	-0.6409894201927342	-0.09587171267156498	-0.24184688397697301	-0.009633591111637163	0.1351306326855	-0.03386669587789355	-0.2932085143660542	0.33757192916359896	0.1921384065501985
DTXSID4047331	16.78412591119623	4.1699829155246615	-2.015070468893056	-0.143294730819739	2.3147085972563533	-2.8977908180633243	-2.535671364720898	-1.7108895887549052	-6.635592578323071	-2.5154519227738397	1.8390845495115657	-3.6580663602934873	-0.7605888328502635	0.6851910797866866	5.220484821446458	-1.0944937900264846	-0.03267360435058258	-0.6526115671295867	3.1972721067098258	0.36634158293302177	-2.9581428701775456	-1.019519311745135	0.2860794679893002	0.5424692206686391	0.18384171920191258	-2.000599774716783	2.2042423086895244	-2.8404407568509358	0.9240003405927545	1.7575585316146176	1.2851963842578649	-2.905670944075928	1.6648569466063474	1.4349942595225689	2.5375708693926455	-1.2120040442176305	1.9763072200834337	-0.6038493706518127	0.7573578507842414	1.0382552866592507	-0.4642479671902825	-0.10688716730115164	-0.1240664051655589	1.8046841622859633	-1.5890102273820952	0.4068626806796826	-0.17974369814588498	-0.6977857237660066	0.28509697796520295	0.9660925235984712	0.6614013724021981	-0.34670667871115923	0.39252473213179007	-0.19944270449926524	1.0122225509205225	-0.2878100577320211	0.8251914565707721	-1.6178677008503135	0.4021517884582176	0.3640164963301727	-1.6291166180006107	0.3093643454983446	-0.030840520566319692	-2.173768098067654	0.4375488031359959	-0.2871895527863616	-1.685063676417241	1.1214336809366638	-0.8475764254761015	0.45536488709736983	1.1146383746078024	-1.5410623072942142	-1.192631436828405	0.12324152156906437	1.7667331215190272	0.7583886553033983	0.38811835239990083	0.3539755695021576	-0.4165467376343641	-1.0079482258811179	1.696695564502535	-0.309072358268022	0.06297570906673355	0.2187266119212587	0.3041956674660055	-0.007481945863998322	1.404737752803643	0.8172705211474136	-0.5963782135154297	-0.9800506571330944	-2.0863321681726448	1.2725924191434825	-0.07453057813683035	-1.397553998767134	-1.0350142670923905	0.6796328924883608	-0.9900137362347348	-1.4503993579271706	0.6610486056558681	1.1916767907312296
DTXSID4020375	0.7179866948860961	5.706642321830522	0.6167929651001388	-2.422443679543096	-3.4909917773071673	5.071553373756514	-0.8543561137605487	5.608593017433497	-0.7876562624261145	-0.033913933453371396	1.2143909586709287	0.6401481709812271	0.7553952160976426	-0.8862979248410683	-2.036704173608778	-0.09224345798863887	-0.14564341349144952	-0.5937644559011164	-0.4970401354143745	-0.3165025074099133	0.38359606701507937	-0.19806531001511113	-0.06364276202573715	0.5611661887072792	-0.8165780139337304	-0.36107750434853186	-0.1914951673349082	-1.8186528638898067	0.25270347014284694	-0.5067212075840891	-0.3994791742556455	0.5171487099787563	-0.8611656317788485	-0.5463717108905808	0.5474055830966945	0.1870757849201564	-0.08074905689727485	-0.1464790932482103	0.015007332435525133	0.42092894325249314	-0.45853072194826794	0.23984333380096778	0.08464565691588573	0.4171167693430631	-0.0188161626240381	0.027962488253010395	-0.5768409355331315	-0.44671089438796496	-0.18244170530778536	0.40553800400995044	0.09770737527084902	-0.09894226615131282	0.23118345864347586	-0.2444500844497023	-0.4188611305025296	0.05658669405361812	0.10339521812006659	-0.020503525514737882	-0.3178752773922346	-0.16262373921336598	-0.25282938023190543	0.22460355026741574	-0.27067062514850154	0.13715771673927218	-0.14962186474065414	-0.049480169759637954	0.17820026617628063	0.3178400910280573	-0.2353097675269115	-0.27055133987453867	0.47737514030730194	0.4594941428758615	0.26420829630052894	0.9218003967120771	0.6838570617638486	-0.5398796991762526	0.7091827565957858	-0.9483410867595149	-0.013732671829748806	0.22793856179301156	0.18990353566705975	-0.5863845994568345	0.2077631818150871	-0.9956739646224412	0.2721370596766944	0.5596503069563262	-0.34298227066568837	-0.06346114067495685	0.4838770307727225	0.09383791688790617	-0.9377607006434914	0.005764709789972772	0.9762974162501415	0.1784523906996362	-0.21756989413731548	0.20105553014516295	-0.05241017622175674	-0.6733072145711372	0.39336828140205965	0.5464026550606073
DTXSID8057693	0.05325474094045592	3.771681893987228	-0.9510454136594327	1.2643569724535335	0.050825068792742185	-1.3691080118093628	-2.4617799355316645	-0.1876162525814669	0.20118949446807075	-0.1632748117134602	3.640783557806768	-1.394097512259891	0.8333841477149304	0.49357182090592827	1.278016210266235	-0.5380015013924044	1.26398155891218	1.3015642647828436	-0.10625915974902024	-0.2428077865541654	1.1897374126393334	-0.23059589675704528	-0.16468763095013492	1.0667642641363988	0.09307878379857275	-0.16128990968077284	0.5433379426874423	0.40432648339022353	0.433420784886603	0.19465960026610274	-0.03293222033901047	-0.5423602959273127	-0.7652969082044059	-1.6060475263060767	-0.5369237040223335	2.129772442580085	-0.9968366422683204	0.2779342545979147	-1.0756736293448366	-0.1540874173946426	0.45290684573562195	0.18669049722600753	1.1816665134338542	0.00573389542737011	-0.08310616750240545	-0.34462809622806745	0.004430454426837116	0.8450897429073048	-0.27926576935869996	0.171811160164436	0.12995221606617527	0.817909495493543	0.5100458525795318	0.4001013177855447	-0.4148798314622532	0.17709391034478586	-0.7379213450835375	1.0286405168447377	0.19809202330262876	0.2293224043842114	0.4212331849904005	0.6169937076073502	0.07483076891011671	-0.03900663465130519	0.2061105590266589	-0.14492909985755822	0.43733841367637005	-0.6377042574855778	-0.43287112942263023	0.494032268146717	-1.2292203607806214	0.3758067582065634	0.35221784123466454	-0.4817930391597026	0.47053061987885564	0.70926650346238	-0.13836572887652346	0.2016365723563818	0.006697231967921761	0.15151192429738727	0.3648432508452093	-0.6190117156203796	0.41123408046064186	0.0830008069504637	0.12445255724609958	-0.3635325257475977	-0.3605464502863871	0.5760345104228338	0.23423043173571914	0.33223164557648516	0.3348082834887287	0.13787706958864548	0.40341802530074555	0.20690449071538689	0.1105612635506761	0.36328432723786885	0.2637915243784756	0.16789765647378002	-0.1591208922596883	-0.20705107195230285
DTXSID8045228	9.847919080074401	1.5710074343523233	0.028529229728651087	-4.299966165798295	4.996641431958755	-3.0922186419878703	-1.2830598813925562	4.718656755945209	-2.54062638876427	0.4497480217926445	0.49656422850910004	-1.131167619036264	1.4420509664087497	-2.152837971807457	1.5676324905224506	-0.6426493124119856	-0.48426821259330166	-0.8814571570749334	0.9413316550750294	-1.324543346268472	-0.7181523828151168	-0.23730861850876236	2.1472243088563774	-0.22805757245191632	-1.0021157534452967	0.34609969464159995	0.9158826429732276	-1.9586136255438378	0.38965827823770793	0.019808306473898953	0.6835606009826617	-0.1042224748945373	0.15358339024817924	-0.6248075057910562	1.369185804611276	-0.1365334717977366	-0.17106399998838512	0.3509903354837929	0.3904866737207861	0.08520285285202882	-0.19590245866478556	0.2620470532020856	-0.9628867703550161	0.1819061020147298	0.6004178897973844	0.4485849964369509	-0.6859578857997595	-0.06068371093998409	0.37088630753525165	0.7784810511958382	0.19336933703402828	0.22356720829965027	0.3124767983335675	0.17542100146875245	0.2035638322144232	0.022181449013911503	0.5778939221082445	0.1286431470330305	-0.35972527860318315	1.1682072805048254	-0.5130170982010979	-0.35889927468394034	-0.6093966903956142	-0.721225181950279	0.06096341781935201	-0.9087947187211881	-0.9151367057493526	0.9583255054624551	0.9386214084976482	0.645310982467545	0.9949091963067809	-0.13231961213577909	-0.12947952762217974	0.10457304593926883	0.42996709565306235	-0.5245331056392993	0.3518598071744399	0.29759337526152746	0.26469688751238374	-0.011369775480511306	-0.9158883872421728	-0.03617060653283646	0.8317416009601708	-0.3276123524535996	-1.1592854481663397	-0.23240731307704557	1.4592016013760674	0.4423766355172238	-1.0990435660379443	-0.1898166077745833	-1.1924916163112123	1.3356584483445422	0.7500716460407961	-0.7410350546353351	0.05023588806343215	-0.025596146647488726	0.4673190361926722	-0.7004631431202888	0.6851954649743239	-0.06233378453051081
DTXSID8047682	-1.1302257843348587	-2.1436059287028013	5.370558389669889	0.4258545387625631	1.1528198551773259	0.49826624403155845	-0.022571395397351552	-0.7941748767969924	0.06812960296895555	0.32886692048913657	-0.21343266966431076	-0.40434128236853867	0.07710280715954826	-0.05232761321289074	-0.7174700236711677	0.12340167517242177	-0.39369016095736437	0.16825778020404392	-0.9912914484472493	0.6771189807161495	0.2741555092759294	-0.15302164185110806	-0.05368991724844249	-0.3006796410906992	0.20254138093380208	0.3519100236975639	0.5946244558201379	-0.7145701589911948	-0.04850216013111404	0.6682730914711593	0.6824247964325275	0.08791002257021369	0.2587413977580606	0.040150066272425414	0.4714213682331569	0.9071244169213848	-0.19021086160625944	0.30410586295163755	-0.12059557729832432	0.05512534820078318	0.4709619047844639	-0.034313073697396064	-0.5773668696162522	-1.3622068514222228	-0.19433245453283374	0.30250579170499786	-0.24985448467065285	0.6077270065516245	-0.09381453463306434	-0.12180115211550213	-0.10305283286255935	0.31280755497981216	-0.16712359406476496	0.19956580603032378	0.18606349906122954	-0.2335526326503367	0.6412074904091608	0.3438020260483959	-0.19788536289527248	-0.04382449469689759	-0.11258002956778727	-0.529818885999762	-0.2405881066129243	-0.7750199243034726	0.07158156017403154	0.29037137802354557	0.05708679631055287	-0.07107841509584041	-0.29684312442658684	-0.3681576964900104	-0.1226397905035503	-0.12796008998063993	0.14182769093722425	-0.010729148119544242	-0.5013284201670886	0.21595911018903408	0.2216284970611116	-0.014258617607386363	0.33565167886250763	-0.8709331615130345	-0.7455047112971016	-0.016922167475179044	-0.11253592019512186	0.25867507791591404	0.26919550740530995	0.08630419850164331	-0.6306346738832139	-0.927575536815829	-0.2436389627704849	0.037462556908943824	-0.23178929552818464	-0.19608509333054636	0.02514486255114378	0.9481268731614659	-0.05584539125107023	0.24889080055664534	0.17567624782744473	-0.1692381879704868	-0.2919033787059717	0.3032525839254979
DTXSID7029241	3.7282882366500063	8.086169765544817	2.3974846647698804	0.7833126515322595	-3.831998427680276	-1.1031228759557403	-3.3012416228082992	-3.0113471316684555	1.4473922148511713	-0.738922269556375	-1.7190410163093095	-0.6870838751123873	3.3630296327527462	-1.6025614169925795	0.13024110084462137	0.5114182895009811	-1.416187381663696	0.32762218524430964	-1.1160869611188207	-0.36543266539986996	0.15019172279593956	0.46368078025862675	0.6340306755752001	-1.1823045928277685	0.9516785427035652	0.28752657606219245	0.04322984876335807	-0.8158105098151787	-0.39977861223623773	-0.5482645440584452	-0.9653837771844844	0.5822806919282909	-0.2924514784511145	0.6375758771593154	-0.6717717652487961	-0.8415881000343061	-1.1566450962891808	0.024390739513343786	-0.6027340165637833	-0.44773685299421156	0.33700079493696167	0.5160591204835315	-0.1753747804742772	0.1373077766687485	-0.7941362317267571	-0.07254345363628383	-0.3405211937061109	-0.4690638689496619	-0.43166026815846514	0.17476421359905864	-0.015001917718193031	-0.30028470421897646	0.26524659212319446	0.1833876743770425	-0.19572856419637277	0.13358312681656484	0.7010989715692086	0.47716843632424827	-0.6866512357824769	-0.4647610360706873	0.11457853775323432	0.7158371119918948	-0.17638890167291973	0.735129709411354	0.3430997516360351	-0.6252884404567026	-0.19974479702365353	0.11016121359204852	0.7653646951589632	-0.15504360245666557	-0.9564493878469704	-0.800757492812791	1.3340116029863913	0.04736243910842374	-0.55966738594374	1.1303498166997203	0.8432048901284437	0.7252917277602505	0.04155596498456683	-0.12093196901877355	0.8173578820463586	-1.498304642704299	1.0475975516647527	0.46068498047154527	0.5548459736570968	-0.040055857285831144	-1.12150054712348	0.4684266952228699	-0.6543294039093819	-0.1357169308312167	-1.1173953274128543	0.49779750800649186	1.2799969661708037	0.07908720124200054	-0.5321727388692935	-0.5675818722939941	-0.09240659484635759	-0.17304153616077889	-0.2777242733837335	0.5169035462820989
DTXSID9048198	-3.082652065245873	-2.703699631794986	4.194507580274473	0.9991767264445675	1.5462948687668359	0.6426781164417817	-0.1431642604857221	-0.5739313731096679	-0.07714813280776403	-0.026879293153023873	-0.2243564446388763	-0.2087252262736803	-0.19497873308189823	0.22921913512076175	-0.4644672537689657	0.28228505627552625	-0.5913655429003793	0.09372961536243023	-0.8662913705903301	0.6215116704513702	0.13537997414222785	0.05866143126419518	0.5733848574933158	-0.36961272407874995	0.4964278682033758	0.9247859539029719	0.9016862124803688	-0.4553721799130796	0.06826891959875613	0.39515603863795273	0.7407088563255029	0.10440980017946118	-0.09976756376788216	-0.3910129874815436	0.8439172143498345	0.3766838713854054	0.22392192491965676	0.42983397752259556	0.37705986537569575	0.41503520928984433	0.24157092273595923	-0.006509996259993949	-0.23953706922059353	-1.0894969609479377	-0.06777939451823838	0.17712839597002245	-0.21000321167787903	0.8212993562336568	-0.047647433387919186	0.22185230492363803	0.029993137585137414	0.5686660383888897	-0.013657813286771564	0.11134738211141317	0.38146275213476266	-0.6803735175647054	0.7960412745015084	0.023551250916541845	0.08101129833877949	0.04265631407008599	0.06659249590952705	-0.5848263755678083	-0.5355546306095662	-0.8780840409050852	0.20385831058301224	0.5674809849586653	0.834700123058877	-0.44573830584700114	-0.32903102565291464	-0.4379355927737899	0.09647258443820303	-0.14944483102760614	-0.2113221411437751	-0.10798043712653899	-0.7098861434934286	0.20062594385627663	0.036927510261076296	-0.566665074309187	0.02952205277948939	-0.40973834746743937	-1.3056984317248277	-0.16735072444031837	0.04270748383077402	0.06321628003537877	0.10295250283734642	-0.1796136131337009	-0.17269871888273844	0.21946140664831057	-0.1300413140572646	-0.10850909677100756	-0.207156049736248	-0.0039531618600655875	-0.28023292746192024	0.5881431683828687	-0.18475654775685207	0.03409694528832374	0.09915296421488573	-0.28015971213691676	-0.4962853105576974	0.3534147415271402
DTXSID4048696	2.3395556244281126	2.5080305487453165	-4.591810302550382	0.7070793017475956	0.5550501835099831	-1.1079072566916617	3.4061847749877714	-1.1543725681185621	-0.10688733401101046	2.7350561671687035	-0.9372661418228038	-0.15481456446708078	-0.5964237463926022	1.9093368067196468	-0.5619427815170852	-2.237986606768531	0.9152461780804225	0.840986863883393	-0.9478897641779183	0.3883696229410371	1.5743316586599123	-0.4395707014949312	-1.364890084324351	0.2172075347123179	1.4386289410223803	0.5814758052060549	1.2259480796040734	0.7950658164963985	-0.1068318245329494	0.22954200611355488	0.32192915923739696	-0.3452207590238859	0.8803549091694848	-0.5489743472480165	0.18698389671462953	-0.5709176007287139	-0.02099774385415259	-0.556512014306123	-0.5127754477579851	-0.3527921402056715	1.188256811473329	1.0556241147358953	0.2199075136469052	-0.19533325253652795	0.31768559530820406	0.06795011889102609	-0.622032595504042	-0.03624257629423591	-0.4418843192179245	-0.9231239963445349	-0.1856179223103854	-0.5637999660671688	0.3803751400388513	0.4178195192064004	-0.6642224621188791	-0.6649235241258362	0.2851936454935004	-0.2942273710211814	0.3244141102804935	-0.3954784901909732	-0.8949859011201193	-0.32257220505959	4.27388206908134e-05	0.6240955751683065	0.09866781981376634	-0.19864228731551767	-0.44824187962979906	0.18406666522445292	0.07014609766283499	-0.15877877587486275	0.5315287051915493	-0.4295393583520799	-0.007026503999984743	-0.40376427687293515	-0.21664901164032704	1.223826601588287	-0.09869081313083919	2.708956482628041	0.20563621401736734	-0.054928300070060186	0.1678038482742958	0.190803669386416	-0.6870688497280095	0.4002043410690945	0.38649378094549475	-0.3083409602536498	0.3876867624729162	-0.3018554187707127	-0.4311727447004201	0.3786513557206456	0.02050648246671459	0.011914513569283037	-0.6225213454759203	-1.2606819902897943	-0.7980470442354296	-0.20426044873446736	-0.5974453032619703	-0.40313151455934754	-0.14643888951419798	-0.18484391712582968
DTXSID5020027	-7.110195114261828	-2.943392812119506	-0.9890103473985808	1.3692671396271427	2.262158532504108	-0.6044689286885953	-0.9975523596752064	0.3587022763663365	1.2111885220746748	1.415851520749345	-1.1792977890485232	-1.0818186821655453	-0.10410423252924067	-0.0986872715611075	-0.7363209374466008	-1.4762346319741677	0.6439516323493426	-0.5304627485274213	-0.21948694512897385	-0.06128752992315697	-0.7948361539337968	-0.18833549344519565	1.1584245457775004	0.7184541604922299	-1.4654991791019623	-0.22729119358578168	-0.6373588064164145	-0.8344530526118804	-0.8407881455208037	-0.3175279827463103	-0.013547662257521324	0.15677490700763444	-1.70249486736643	2.569071349575662	0.45066395940058784	-1.8284734123721642	-1.682125406373826	-0.9982634897531457	1.6536527361997702	-0.66070223060948	1.430488708617248	-1.0369316045111494	-1.7723646436518208	0.8167148772075076	-1.1475017536300245	-0.41009451198816294	-1.0461429739706403	0.7766604873648714	0.3776119735115352	1.3678446946760086	0.712801034776543	0.9140732937014873	0.37268793555717733	0.760849646943705	0.672126882991162	0.46992840066984415	0.45880404745831427	0.972526194542013	1.3845310511481717	-0.3668569844374304	0.18763157161710542	2.0608670973271743	1.009511238117037	-0.0638046771777712	-1.182064169370701	1.064533045831084	-0.8452647623383671	-0.9089290218109436	-0.5877430492195316	0.47278400399013937	-0.6927075881661013	1.7058657752273754	-0.6724238797464561	0.04040074191998961	-0.43369416041047615	0.41395684123758286	0.5562662333444922	0.11306849813005486	-0.25626448807647445	0.42567406612592856	-0.17660151833347024	-0.30042010017361787	-0.5325635069759828	-0.8448201339101636	0.5786542633334856	-0.4671473663012132	0.8991036063451167	0.07596472857192924	-0.7055166036849463	0.3552583769704503	-0.5205802742993795	-0.40726475201249235	-0.5569156946509268	-0.22915114951798365	-0.1674739368814551	-0.5457415330997046	-0.1148621115555529	-0.016713280285109162	-0.3861870751104219	-0.21634132743721635
DTXSID4021216	7.284027459413009	3.6672408196240367	-3.1504151663782705	-0.19347385925427724	0.9217734987861965	-5.032918451631626	0.1541057095445598	0.8750133073833162	-3.3114179894179645	-1.927644416790015	5.926360057835913	-1.481707221491164	2.0202993130466087	2.862474214254197	5.614488008871585	-0.6035746630560813	-1.418040813155257	1.5992970547939698	-0.9750538440978602	-0.2892831619013763	-2.2560020030121297	-0.49979024881006257	-0.803475998747436	0.2851271053806709	1.1799524583969596	-1.0490956243536456	0.857678336237149	0.6092346916270993	-0.10122168078934698	-0.44453303882144585	-0.08538524258674522	0.1764071249240555	1.4211069249972361	1.120833107394904	-0.06457355389837663	-2.8326390190827726	-0.5115477993227587	-1.6327857566128283	-0.28604293538900305	1.2493459852221749	-0.021602162447332016	0.24761306048903395	0.45430657849503026	0.36638026941698226	-0.5411130261357787	-0.19122967626246026	0.1752977274681185	0.1539427131709378	0.540888925710847	-0.12226702440354954	0.012793254887747548	-0.82552577987068	0.41854370990178486	-0.33767442506921624	1.0970186286473538	-1.2687989488468476	1.107196398880372	-0.5741603320123345	-0.06524036560961421	-0.6103718973679406	-0.9188548619998216	-1.9924522962322824	-0.7834339482464027	-0.6908975965535785	0.3557047712551508	0.5631150131209901	-0.3472776172873852	-0.9645360424577091	0.06605644250475937	-0.8014533978288814	1.227576982558933	0.6575003364469488	-0.6689180870126957	-1.1122572496725431	-0.2233697053042245	0.6127406762211841	0.13671849281502188	-1.576210089449115	-1.3501236963024073	0.19254735150562702	0.14728734459824952	0.13375413073344447	-0.01371020132423517	0.25768400329355157	1.1173608870414722	0.16462128138373525	-0.42491532682084293	-0.047380814830651916	-1.4772039818194092	0.8642190031421576	-1.0509152305769878	0.4135809616687187	-0.7842756066144817	1.2084714298597858	0.2927514650978828	0.7007758663879289	-0.6778269719420695	-0.05150990551342451	-0.3167418684758812	0.4435560947044189
DTXSID7025342	-6.512187456968589	-1.4868586723954509	-0.5579595682319001	0.5197426920331424	-0.6152809124814659	0.7444847780599938	-0.1159454115802805	-1.4695455772271255	-0.944633934472689	0.790873743382301	0.2356466653936751	2.6124284657549866	2.14404903881364	1.0786884446959466	1.3505893114435412	7.115685201692642	5.780379353891809	-4.793347117875511	1.6287597756489713	4.403319891954295	-2.094704958584293	-1.8144950122393273	-3.216055889295082	-0.8801892317549128	-0.16996128364825738	1.102591098232478	-2.010230589491744	-0.6553096101516164	-1.9867945471157544	0.9995912312338989	1.7291732852638617	0.7499194045624286	0.8027238667502099	-0.7747896502910127	0.029539030076162258	-1.801347201367521	-0.9771749420200208	0.806138689001708	-0.23014965692280379	0.7294701945400685	1.6850128694903312	-1.0936429265146754	-0.9928765017181903	0.6114351612651914	1.6976258648434772	-2.7398075913963287	-1.196920039630314	0.16224947608780155	0.41286126384014293	-0.5871328261685022	0.22569224451277825	-1.0278371754921	-0.8775791393456234	0.1802376590404862	-1.1225317567737858	0.8227862941599721	0.5386500378498813	0.40500657075076324	2.94463521860085	0.14870243177674838	-0.10112164266722767	-1.6407965690077573	-2.079166636250102	1.9306542730158534	-0.7324567024549347	-1.5322366505133065	0.5923481305520032	1.1991985256215738	-0.3628224549502076	0.5653724602741632	-1.297546027198578	-0.8157636696068787	-1.5735309940977715	-1.4923635188291138	-0.17417914910627422	-0.5879818318927837	1.2658285281811332	-1.6491550500629564	-0.11125192028835668	0.8063411452296033	0.11061066798738962	-0.28911171762548493	0.8513685859355752	-0.040579314317089846	-0.1916965219064627	-0.1892852110792	0.2549690171980645	0.3482602046110538	0.3668996133199911	0.20322970637811769	0.3850383850249536	0.0938524401018067	-0.1449641448499912	-0.41180921032701273	-0.4348694872363274	-0.10652308054321893	-0.6808662335161818	-0.026283144062315134	0.34688729406600366	-0.3291104726996148
DTXSID8020967	-5.686176856230359	-3.1889612995377434	0.35645462269645817	-0.045816703481462905	1.2662625262676581	-0.32990172304826426	0.08367183318463274	-1.0863891716923804	-0.33998425270808	0.03225353580976543	-0.4348523461661997	2.4777161347878778	-0.1633695598437324	-0.2855592719920109	0.6900926409106002	0.010575104175160012	-0.08296768634605428	0.16132620865533903	-0.35515747575845363	-0.256022680555473	-0.27947261726670436	0.02407609186905574	0.40536850405825364	-0.16376160656188676	-0.019086716421018363	0.36620302684205336	0.4676763769056356	-0.5361426476466898	0.12905479003173906	-0.1306652454155243	-0.14046523243015901	-0.18016437562742388	-0.23145272873931616	-0.4662166375667785	0.12169835285420211	-0.05522785284561528	0.5041769604757349	-0.11806738034211471	0.1969439644866279	0.6163867591364213	0.18039665142467257	0.6894755368910477	-0.4737137187013103	0.39286979124204113	-0.12617748798988557	0.1214603261233277	0.10036302255289752	-0.2221683811599023	0.01568002834104249	0.17000974547824715	0.25543967628582975	-0.01539965201888486	0.21388001081116878	0.0880555537179101	-0.2734432514496874	-0.010850098647344271	0.3277885997803268	0.19299168228194657	-0.027907351807398197	0.34047300322754964	0.13260526182125623	0.3413741643728559	-0.02988971714629454	-0.08371170586930538	-0.25087222604222886	0.30093161158880277	-0.14925596612059605	-0.38632589620566404	-0.10054011232981251	0.8263559652899816	0.2492311103670353	0.5381557096075034	-0.19045106593329522	0.42789615150832655	-0.1114756177510352	-0.0773330651525406	-0.7373992827944703	-0.3874389915245125	0.4591476260880208	-0.31109982816537424	0.6068839368005878	-0.08168671802855529	-0.03456518027396218	-0.9391387799691795	-0.13382402629843282	-0.6344614504782046	-0.60735675199221	0.5728068187115853	-1.034268397101713	-1.0597380663247233	-0.19666157638184484	-0.12793567023926194	0.0010674367859905434	-0.505612074307161	0.5889766955770773	0.25235532420459944	-0.08850008400940494	0.08255973649786115	-0.07618855258158692	0.1613061198286852
DTXSID4035839	-1.2390560656756882	-2.224192107733237	-1.6530887507483905	0.4212390889607651	5.642336086861986	0.6377503565890826	0.36046436901148055	6.727708201492893	4.026646375380284	-1.284694576345226	-3.5408500432492067	-0.5116591072422462	2.363531239437747	-2.0049077222749303	0.48155029965628215	-1.3299570277685453	0.16452303948947145	-0.040015182090739	0.4278905264435744	-0.3556530515179661	-2.5020734344148203	-0.9459501726631294	-0.7059829312454527	-0.06050342715601813	-0.6097524541367256	-0.1802182555396532	-0.46395645524909734	-0.0002776813064881626	-0.0555848135080908	0.02512483207124194	1.3240643381034165	0.647560973953686	0.2136134879971775	-0.5350051376125772	-0.8890174500952449	-0.47602089632998307	-0.023743508209177883	0.1709141817207553	-0.5512199577165982	-0.2321205620551813	-0.6814856504124387	-1.0591164995443967	-0.3144912850626562	-0.7221317082263858	0.05947996522987805	0.0036755105317901183	0.7566886885458259	0.6267752701056265	0.08561470505121292	-0.3509684698173468	-0.16371292081722744	0.18528249765355778	0.05128818088695507	-0.2151762194396757	0.8902587345547817	-0.5654300407188928	-0.5568509535590906	0.05544244130974662	0.2123389896606152	-0.35603512610752275	0.018146431826188653	-1.906764408940029	-0.6106435820155276	0.18274206146179456	-0.33916699738191775	-0.7317147844208615	0.44908625766237287	0.6652747134523695	-0.6118993477380941	0.3385952508746742	1.0911354792005838	-1.4346463618287193	1.0552252084947562	-0.7455352159516797	0.7645499615736737	-1.5789790452638244	-1.2292396454006094	0.25186374682208906	0.015316473803363075	-0.47682871359292756	-0.15714561942812472	-1.0284589248219267	1.0358116570589408	-1.2709708525012422	-0.1915935521967491	-0.3194629216927794	-1.3842521625203104	0.28461870148827795	0.5785243782733984	0.3203990468009252	-0.7964227972288574	0.6104059330069769	-0.6020448355169408	0.9043734772313563	0.1216333057200195	-0.8155477656514362	-0.343614313523318	-0.46456293396615345	-0.17280147993050535	1.4009079756462235
DTXSID0046305	22.41767034189982	10.511104202296035	-2.3966747035527964	0.6697670309676768	-3.52927478663109	-4.971735277493383	-3.4930026382615247	3.9872905426284184	-4.705690499143559	-5.686236699165428	-7.292092134885685	3.2060009643846756	-0.4131902172561305	14.903796986123698	2.5412326506961196	2.4122658018904595	-1.504884834592378	1.7215361927390993	3.526638709834098	0.2447799164333387	-0.6775509606181248	1.0994429278575768	-9.766420350984319	5.853978788013697	-2.839140694576759	-2.529655390539488	7.991174648302532	0.9999039788644377	-0.05559318707330667	5.628467789848662	2.9351072847104023	-4.844620699957539	7.671549494694192	6.044590773146213	1.4773516191489393	-1.0767486486956308	2.1454447822015723	-6.160465541754555	2.676249476197504	-1.747592694827516	-3.2708280316075373	0.6428200835405973	0.5616281547793158	4.176240453840562	-4.62723783764753	-1.5425001417949342	-0.16090364517787178	-4.407359274448412	-1.5890459203070655	-3.528983411869598	1.1687509760725034	-1.4866142341102178	-1.7544196072260796	0.7411406327205132	4.610807564710411	-2.9148290107885777	-1.9446540921320177	0.4077268719082465	5.093843829686323	-1.3415885845910993	1.4266620637913954	6.222305426577211	-2.642321073139141	-5.207521234416576	-0.8021559826327763	4.643468530718458	-1.661298585445206	2.684771541698631	1.8930107835533316	3.129003774467891	2.901394222169582	-3.497256678655978	1.1359263751859003	-0.5736037102272888	4.6991207226950165	1.5819829770231184	-1.6550581604273582	-3.082197356967823	-3.096533045431919	-0.5677480165251265	1.4236530133092051	-1.8138490436534653	-0.38599969582494587	1.5645083988968973	1.447859731013484	-0.48390810186032446	1.8714835350583674	6.1853084959105225	-3.0091607330012673	0.37774937034509387	-2.8230998436772774	2.947309306339501	1.6558890869575889	-2.7987657669441077	2.288075776053135	-0.8865823160784934	-2.675119860345773	1.5538204336657906	-0.8400145764164574	2.746392757268579
DTXSID1049356	1.7869196292438807	-0.8321171189009773	-1.7026247574289346	-3.6615811844954558	1.1482049972911998	1.336093820957145	5.598095229800684	-3.3784117539595155	0.5793702300618375	-2.3041516496488708	-0.5322063388248496	-0.10338214458689245	0.2678921975131351	-0.324831206307533	-0.3802164218849581	-0.6940425696033558	1.6873586904865683	0.40519207106526706	-1.3300528442987745	-0.5335082160397747	-0.8019260636821266	-0.8565607668267214	-0.28079041565706775	0.5815571231389783	0.7383227466105639	-0.9897704218334986	0.10475850458873316	-0.26740279340968565	-0.1651393422125895	0.2812861144939776	-1.2291562747160463	1.9936549372214265	0.8854100339064188	0.3998705011055414	1.2752230474312203	-0.16314259257126898	-0.48201281208241303	0.35871840799604104	0.7938159130514735	-0.6156884940528021	-1.7062143934451217	-0.990320472025151	0.030331934922035456	-0.8120046126219055	-0.3921002391104882	0.021714029393872018	1.0271735632419645	0.3255720220278423	-0.30935808320290004	0.04311317043407439	-0.3632321211674248	0.18206027363531654	-0.46635428392656453	-0.3188763959517295	0.4454587602935934	0.5451112475799508	-1.1279355933454094	0.1293153565512434	-0.5779070356344838	0.3576317380597074	0.35653902166153467	0.15889343614555393	0.4115643580590688	0.5053294571000382	0.25128997248654106	0.20845448853145374	0.6629008891478145	-0.5503992964431309	-0.6264442092315236	-0.35350475632821327	-0.258555301777157	-0.4509927954013487	0.197032183043275	-1.3447894339314497	-0.3511334515523541	0.05607256226871626	0.012324741224274243	0.3551038696716548	-0.19248577092286934	0.6664814270792073	-0.3047655276624618	-0.7415444022143372	0.7744772849508733	0.14256594233905265	0.1462896057215741	-0.22902222364752295	0.019669549447818183	0.05668877242362323	-0.010439798380529573	0.6466707617302608	-0.16277830348876718	-0.9343930998915032	0.5365860619512055	0.6465263938990827	-0.45272127944652396	0.823375366306388	-0.31063514554908256	-0.08292073973153621	-0.6314175262723879	-0.2296215313557199
DTXSID9025245	1.591014956090386	-1.3052912477917855	6.100179888306736	-4.5060735403351435	-2.5877540724832393	-3.675006558955205	1.3295229487004159	-0.25892914663577227	2.035021044578907	-0.5230560840230386	0.3169284702741918	1.1619516244055101	1.4609963928431613	-1.873612066920133	-2.1319488069540715	-2.388218478133539	0.7729912071316918	-1.6795670304133397	2.1553373315915585	1.5263777985318268	-0.1063621395748476	1.5198347511351773	-0.465420434342746	-0.3082643474395272	-0.3223096414019506	1.7038319149368313	3.454437344589634	0.24479795711900226	1.1126038275063088	0.5221635736790684	2.2465705397579594	0.412618876131544	-1.3517727762984801	0.5357979916829194	0.019402361466511687	0.05583532445427387	-0.8731516246659721	1.2871389581343193	-0.7543756378877223	-0.6370306496590961	-0.08852027109348416	0.011298976762925931	0.8986514049293148	0.30429844873638584	0.7437850572153217	0.48904782132154473	1.020857615815672	-0.20468584634483536	-0.2124444327643028	-0.4393413679004956	0.09784567862823772	0.6864359597560381	-0.16574169799123561	0.5273723136579483	-0.048264362718458374	0.16670827616894887	0.20990411806614687	-0.05713422803463138	0.21466299822960394	-0.06448275671797657	0.9312813213831596	-0.5501708607663373	-0.38387131647336953	0.524910822195571	1.1010412876993159	1.2143006149463842	-0.6740504893179566	1.219771961035231	0.12895628308098195	-0.4612905612716152	0.11968252503415015	0.7841673456606235	-0.34960219237316414	0.5769660113089815	0.2839593839124134	-0.9917535560581986	0.7491531424744249	0.1432269483125456	0.6525875756070886	-0.6955128758081464	1.0658665299478345	0.05260348956230566	-0.5832111031928205	-0.4424376886605913	0.2750646034253458	0.17895589696440226	0.10885159956511771	-0.898423431115662	0.011752068962789002	0.14937718919187662	0.44796081919079866	0.20597385240431101	0.3943608410482706	-0.007633212342841069	0.4074274604580389	0.4441951714483594	-0.37900131665899695	0.2157326996832954	-0.3042466846223409	-0.1451277425481854
DTXSID8047262	11.160958275069948	3.581087155135194	1.5323801778494706	0.7522987958013131	-1.5636585730175028	-2.6212254001247257	-0.40315008381160805	-0.41747102811526854	0.49358144786269914	2.0830004910271334	0.1704254763272315	-0.021822834624708402	-1.1175000239401003	1.6940115071015527	-1.0871450865379995	-1.1854913594390784	1.6555558807904736	-0.9589869652583617	-0.41417995869332186	-2.693268174266032	-0.7066093883214302	-0.7075911907591301	3.2613701852165873	-1.950941610855479	1.0031342604670896	0.5374423611646207	-3.7347603014073565	-1.25734828766744	-2.283414686265296	0.8072098473634135	-3.2391852661218463	-0.6619390758422529	0.03330746959613226	-0.8359683509901698	0.043541723653846516	0.545001934025572	-0.30633309052157887	-0.17726029796347909	-0.18796167281999213	-0.8987250842163719	-0.1706359373395454	-0.4273282533990236	1.8272171723854629	-0.4887472264170645	-0.5769147985747846	2.1942244766612737	0.3072598700843984	-0.01937032606034736	-0.6090489452462939	-0.019162518636257824	-0.2939747544758807	0.12222181182396477	1.1033755690043798	-0.4508525875936041	0.008224470584250533	-0.39229494702612444	-0.0018598158016358017	-1.5649813507394457	-0.9680337525388008	0.1203574257056412	0.3743235637560542	0.5183746889606353	-0.23652014459729004	-0.5000480624835968	-0.19192661169147965	2.0890981986958996	-0.8411192795064116	1.2579031048560503	-0.8749010553804181	1.2513068467769355	-1.1671444985440138	-2.317458689457211	-1.6401550389787913	1.0313074214904827	0.6915329774937087	-1.4141134973138025	1.1069241733572988	-0.2890290049801451	-0.37693051466030714	0.1674062579418546	0.26727217592008756	0.5276379242547539	0.37809615240348315	-0.0633101814233292	0.5919488895565103	-0.7340308834689828	-0.8327694590317058	-0.5151597903972341	-0.6410765965100748	0.24168774903477014	-0.8299502906678735	0.9450547651684683	0.7977769693482047	0.4002578068271298	-0.5423011777425286	-0.3995466982640511	0.9171829107323396	-0.8239514151604601	-0.9306506785352444	0.9992859604107477
DTXSID7027174	-3.3033004766775	-0.41185793566832146	1.6463308214265935	1.7949760347639434	-1.217130316822808	0.3536454841414765	-0.4492989144672426	-1.3730464381516732	1.0977416838465397	-0.016239917878963072	0.30517654003411177	-0.5414554682109821	-0.2206598487631778	-0.5364624187075538	0.3297193162878456	-0.2668484563818913	0.9516333775200188	0.30401124531883866	0.020917964926535075	-1.085800129979018	-0.12789868556903775	-0.423075864995699	0.8775128340004317	0.31630198991967595	-0.3824633185198025	0.4093080689598024	0.13080900522001723	-0.10757041234753688	0.12800611955018953	-0.4952191365380916	-0.43229295688286135	0.1677964079735203	-0.3711480430049208	-0.417956621241909	0.49354258055344713	0.0055071719289303276	-0.16391192007836583	0.9332311665952432	0.17209416239759073	-0.006313606377133478	-0.08441334992643908	0.38715117301836344	0.17076500537203831	0.4364780151362544	-0.14820347597911254	0.2017575843620596	0.38984930774041815	-0.4901523296271166	-0.10464482938386276	0.021646431751031776	0.13618621598205327	0.15963381108071778	0.22932547894723818	-0.2686906531457227	-0.2627290630129689	-0.5382348638361453	-0.025146904280018877	-0.18911365119140164	-0.08001435414622388	-0.07117026631276066	0.33835671905673986	0.1235561464426473	-0.2756338780866431	-0.5884108206755215	0.09344367630903426	0.131997248104195	0.4123190600047795	0.4009840281548348	0.0944190335490638	-0.5446752776650097	0.11560083392764607	-0.3596837212703665	-0.11154231542942294	0.16271485391842824	0.04261167784724826	-0.44022326200608575	0.015822714078534236	-0.3445800823353721	-0.3873020961215789	0.48333327762915307	-0.4351189479238549	0.4337953248379488	-0.16028461547701175	-0.045709213689034967	0.021750089263253853	0.09034540883681293	0.9951410930856022	0.7367260443015374	0.7333376421505036	-0.3188493923970333	0.1256979557792923	-0.18807124326171615	-0.5941711656252986	-0.5972363433730189	0.03854381210034832	-0.022963455311534747	-0.15692727008851048	-0.22832928579203485	-0.07452310282255657	0.4782000915093661
DTXSID2027258	-6.205003235045752	-3.3575172311116877	0.36738370163819173	-0.20618575095925593	1.041016254426153	-0.195021311971742	-0.9300074706972726	-0.3345665197557087	-0.018613196698126104	-0.8283544835202634	-0.7922206394257428	0.361480529953455	-0.4684394782924575	0.5388641259307398	-0.17129509816774705	-0.1543875570807643	0.32983152255988446	0.19036689879438562	0.15559469158722217	-0.4490856872400934	0.6991090051952001	-0.2964027430443361	0.3580559003703808	-0.059216225349668694	0.42740016859301827	-0.17829900235521903	-0.4542988847720443	0.15789357060387826	-0.062270497622476585	0.055616181513083014	0.9362326557080213	0.31280511297413666	0.6081043034207814	-0.032750775299589995	0.15695234095165658	0.07903507297827998	0.1231211462518953	-0.010619819642033512	-0.2517063161368282	0.30494090806002544	-0.22247802958729318	-0.14826818045649515	-0.47631935032824274	-0.15529427539772006	-0.2260083831670462	0.08863041497390893	-0.0711597466396801	-0.3463730048636627	0.04597461803366495	-0.03410595214839784	-0.06212523211517885	-0.25539679242394714	-0.09461877660243012	-0.11830829126121177	-0.02845973747194861	0.14198852514515328	-0.05620317324863509	0.2542225790183442	-0.3012037176687952	0.0746273458559487	0.09851551581566881	0.1834415018876976	0.5257866455942973	0.2167618413120119	-0.11865147076399958	-0.29734680051709933	-0.14025830027033045	-0.323184198928985	-0.2874481102313753	0.12079863742918356	0.40797103230171666	0.2439754106232289	-0.12885627153982157	-0.3305364617456414	-0.27648156883889885	-0.5789058954945387	-0.10144596897683741	0.8385642705077758	0.18411354668547633	-0.3625210116414744	-0.5876022553208488	-0.615636818546489	-0.2536789756563976	-0.24874919003793353	0.008142008706255912	-0.27334676324609186	0.27473051999862175	-0.3764630372468696	-0.15085927067034755	0.30532566269973105	-0.49653722098867514	-0.34829547842627945	-0.04710555118745278	-0.6544333941419178	-0.335320168541705	0.35497594410105404	0.12027645258335541	0.17505103618153797	-0.285833784665717	-0.1827217010052762
DTXSID0041224	-3.2449159281396045	-4.927900068616385	-0.7129697060937714	-0.3733097954597356	-2.1325613002185806	-1.172293546854218	-0.9989060844979093	-0.22295262460259385	-0.2414274644602662	1.0059765582452087	0.07990038972394758	0.1783297281206074	0.706255918392936	0.14012334342932256	-0.4067717187327261	0.7885101015931983	-0.1337824177980274	0.8540164322627368	-0.47140389209969863	-0.99716323228409	-0.03504654049805384	-0.5245846992857508	-0.3897810114043694	0.02963623621793767	-1.420278781742757	0.5399045518711934	0.15913731410048587	0.383760234832003	0.5995037962506586	-0.935628538801706	0.6482462106685956	0.1624245184303403	-0.6781045167951499	-0.7792767798369168	0.21520684974827423	0.36038736168253077	0.07524508647945047	1.1197275811848877	0.023658188240280143	-0.5503043504566135	0.2266390791780854	0.312390621505427	0.1256557183060976	0.5610867317804871	0.17092929298437437	0.5364793671572934	0.3652598274586842	-0.28420670367886686	0.033600912651779814	-0.03469727372187386	0.051728974399266735	0.08197983047345245	-0.008951800215686681	-0.002938072550146895	-0.38460423096990076	-0.4703306764279226	0.013417735595006182	-0.15421437152773687	-0.4030526396402897	0.5255682163793091	-0.3157714864671417	-0.2462202214867202	0.12609492416447518	-0.18286352317368385	-0.7759256304912777	-0.045553568671660334	0.5905876964799387	0.4261819680537281	-0.22463644546676567	0.04725378270866593	-0.11949110824579813	-0.09089133896044915	0.020476198742542476	-0.14116445839116398	0.6903454840285221	0.08211452145702315	-0.5587057968672023	-0.026741751336620913	-0.4827794747704109	0.6392650639023885	-0.25960433207989375	0.5154529574053507	-0.0708643533082953	-0.021645544260243316	0.0469581952395541	0.2436195422279109	0.9157846581999616	0.09058546869577422	-0.21355925824996363	-0.05568414239769592	0.34929534467254963	0.4416746803293377	-0.17091026876726037	-0.3879089731626334	0.02101289176407967	0.04385924134047417	-0.34347379165074543	-0.4113506676206596	-0.32747942643358197	0.6916341380005135
DTXSID2027204	-7.790724792209196	-2.732946502838589	-0.06532161722877783	0.18092104083903982	-0.7495882115328406	0.8725239155069684	0.3954705772124546	0.5704683369629222	-0.6927743043428155	-0.6707258671087964	-1.3775402969525041	0.16032858630899147	-0.4003193603024688	0.09498160587123639	2.618255875274883	1.1392085328785517	0.9136103629156686	-1.9855454624850106	-3.925356250282627	-3.7615674741741136	0.18876242930292275	8.982908575792669	1.4394782286081962	1.4976378685136489	-2.001242654577556	-5.413654236424381	-1.174940316805723	5.2864543032461295	-1.9008226154835068	10.372285434021054	1.9817523165026127	4.3236028677401865	-5.239987881965748	-1.0360831903475198	-0.428347555418102	-4.268357634763401	5.322783958966846	4.320304698502434	-1.2772495924973455	1.6184774408335953	3.174144724816861	-0.3273861394413298	-0.1026777255923541	0.05374889386690835	-5.3141786146472105	-0.7369346002329892	-1.0469334713014626	2.7942364090223477	-9.039718043096867	-3.238104161697377	-2.408792312090674	-0.2676170616969103	2.1423541368723455	-1.861465973062783	-0.17323147035330974	1.1039803561719772	-2.6968518907227286	2.1788183252774855	1.2122525722129414	3.004788535912828	-0.7842781297176593	-2.0235742766417433	2.8811645225477305	-1.4922533038177355	-2.502181479488807	0.3069460385483191	-1.9194949076275738	1.99798837412548	6.188699151455548	-2.9628500561962396	2.4583608581708623	0.13161631302010063	-4.333379154475611	-1.0018449529975446	2.084048099018008	3.380980432457578	-1.2175406987929656	-1.739370778425785	0.9449215359770593	-0.3006438451197656	-0.367316669771986	-1.4720780924354955	0.6580433794149596	-2.2780216610958415	-1.01836949006336	-0.4917639919785903	-0.16252175677642702	-1.0468355079986527	0.29918174139348147	-0.12192520086206803	-0.1869291617507118	-0.1694939803896055	0.40935202294542417	0.18210910615712883	-0.015449487165444942	0.3366092853194431	0.7564041851542455	-0.3875406821846707	-0.603601452083401	-0.46888304069839515
DTXSID4046523	-3.240844456251686	-0.9041143789146832	-1.5419821080489757	0.9004127999166415	0.18258258068719602	-0.30047015189247467	-2.7696244899920797	-0.5291185705456773	-0.8686711704369006	-0.8900428652174356	3.296051212677717	-1.376218760240538	1.3546559513266967	-0.23657026017741312	0.23054416126321006	-0.4571047207629244	1.292309366385035	0.7563097087674338	-0.6548275062444346	-0.009995818331842621	0.5544892225587845	-0.3597264921943163	-0.21237064679420692	0.5256758983715615	-0.4735763112759847	0.1032122004929539	0.27358358660760534	-0.20495189719811824	-0.015657674454089544	0.1324731582602249	0.16596042509423373	0.12106364202546731	-0.09292416433252944	0.02971351306496345	-0.49326263044964525	-0.15500681872533936	0.30905245514363905	0.11134408975033479	0.12845109016361161	0.3213307690482613	-0.19572747864850212	0.12024784030290676	-0.8566327828848425	0.2944710621081411	-0.4380348666869542	0.34835248221169496	0.694203011704091	-0.48348730701639203	-0.028247325739998625	0.018461351022488935	-0.13545275121102354	-0.018486749194033526	-0.17869270119039682	-0.17196602834009642	0.02885765254465018	-0.24961487759766907	0.035624014934560716	-0.4441502500233657	-1.1807860728310187	-0.15814264082662016	-0.26048487435675083	-0.5493382673594627	0.613936662295776	0.6436393492403715	-0.3366809944856928	-0.3893924857506392	-0.5847028247076111	0.21623030088669998	-0.5386428412379162	-0.4448553935251932	0.3430306181789991	-0.07901569989432997	0.34568514407404094	-0.29898364401629196	-0.1442284616966065	-0.16345400484936676	0.5032449718292629	-0.3853901048288786	0.14592269241937733	-0.11819833322721308	0.6911066684711107	-0.22502224452316405	-0.686649302707475	-0.4790485435366817	0.2468996793469067	0.31703015392293143	0.5847367911461793	0.708583957052417	0.35969869481320654	0.15605558072590572	-0.44344759381373366	-0.30744031021401746	0.13854999729034395	0.5526889658187413	-0.03041966968966927	0.6153171067124626	-0.24999789371717399	0.04741123293726883	-0.1434698666520216	-0.0024421687528672987
DTXSID8029157	-1.8068954447692498	1.6251452340833903	2.8478140633516773	-0.04308836633297526	0.030362101678544737	-1.3706339778775154	-1.0848422246012006	-0.8679913562304176	1.0661373645358296	-0.944291278340513	0.5098192507370951	-0.010374336706582221	0.1134376630322049	-0.5135371748225632	-1.1757508301707384	0.08308272380220141	0.5392453105648923	-0.5154345547069573	-0.3426402493893652	-1.0016351209713026	-0.3768997748626562	-0.3183215392333186	2.650488330023048	-0.07577061550301098	-0.4371125114315321	0.7242252013400597	-0.09329552538078427	0.18361796924956006	-0.13502958259249187	-0.39350668084139684	-0.28937878923215254	0.2175563119697038	-0.3691716890161814	-0.16934591872460047	-0.2464566968874056	-1.0692671293157725	2.3058971121222247	-1.0210576635613178	0.586502684059069	0.48538138857305474	-1.7568785587560438	0.5719789426436526	0.7526451259601118	1.8682771459261407	2.4732871318938425	-0.3992205324463932	-2.3300648104698034	1.3029285612049835	1.077570206721708	-0.6764777205170383	-0.016777170736632166	1.365837542647166	-1.2580538252543645	-0.11848261861002309	-0.028146352133480327	-0.7703704501498596	-1.5393134774320947	0.9804227864204981	0.6787211451783065	-0.3883972089265475	-0.23011778671070576	-0.19624338129568644	-0.2993808189712201	-0.3016604180899945	1.2787300309686338	0.6641904173044285	-0.4974859615380837	0.3109722580893142	0.36794496582483577	-0.21177988822926688	0.09156952134251371	-0.1520505303978577	-0.1763531213506415	0.31037793058257684	0.2698768206843585	0.24637354008022103	0.30729280852244634	-0.11178359563465746	0.03263300842371076	-0.49202370512444515	-0.7975536227856598	0.27769394960966626	-0.4005700181495664	0.22413622982648093	0.2261881700632802	0.019965147957913612	0.017370566454560206	0.12914578167911697	0.03171214961447998	-0.2437964503990823	-0.4379353898004622	-0.4435238163332144	0.013648394333611034	-0.12584205063257184	0.2536914408886828	0.09312093256499178	0.15687602898257916	-0.09655834597272077	-0.0036386168817378554	0.10070153903015654
DTXSID9047592	-1.4618299568027018	5.787599580526579	-0.23262388666874798	2.767268280534183	-3.1578169706960066	1.0958787900456397	-3.652111637937723	-3.189194673304998	0.43658662399927833	-1.3018394531603295	-2.172993330953713	-1.0709257899568214	3.073329927389461	-1.5647251983973427	-0.05976808217363525	0.5015307318812352	-1.989700976892951	-0.28149241192740826	-0.2853451559852026	0.12856262622628348	0.295494355617488	0.9420164655785006	-0.4954841806773215	-0.8819025874760683	0.33886618546311625	1.523256160189123	-0.39827887053406336	1.3457757658685556	-0.24680110209689704	-0.7887465923431143	-0.36378383100702516	0.40295160213628084	-1.3665727980624929	-0.06108911570155106	-0.16157394408023915	-1.1543948747214572	-0.15783699288094338	1.014240846766152	0.8186588578190034	0.329699176287604	-0.8517397745401819	0.6300398353819605	-0.06790745775936363	0.5562140588936103	0.12536135729949482	0.4070848429363057	0.07087245839982115	-0.7085054248709572	0.2332127343426411	0.2832315070490776	0.43780489002995143	0.1787043510200092	0.21125342677324963	0.1938683657535617	-0.0538980974791115	-0.8560406639300904	0.19822645097696845	-0.10557358903793468	0.48912905096144654	-0.2464136373570794	0.6754146722239851	0.6935590540439341	-0.5487689858157035	0.11382602284043633	0.34918271415389396	-0.27266710748956835	0.5753680684162384	-1.341526124340731	0.7677569308537615	1.1761010686262932	0.39168643825697413	-0.8529171099892053	0.45626530006073485	0.1637111481424417	0.48220790750159964	-0.31295960766072634	-0.09901816622298568	-0.3053795509441355	-0.08095345619865633	-0.5123301508432406	0.17156133217282227	0.06424894693372617	-0.2971252062493679	-0.6820883362536809	-0.12740427061972107	-0.10410662023523978	0.09511166386431893	-0.35675145335242653	-0.42574357086486464	0.27195186499631474	-0.06985116236703483	-0.18093365412550894	-0.483282171444923	-0.10546055011587757	-0.2135771121910106	0.19890945196002247	0.3978582785212683	0.2869459838318182	0.7794718547993794	0.0068174662426690414
DTXSID2025185	-5.430707765506822	-2.6014100317936655	1.6241452059816046	-1.3921756213549872	-1.0662239562301432	-1.175329553029612	0.22935535073734808	-0.3899125577100354	0.9509423377612746	0.9252679332422716	-0.17676739343644082	-0.43727707279420036	0.6488521761865819	-0.7394162157871526	0.11780278590580201	0.786167211431982	-0.4669600309282702	0.4602204589644415	0.03662499851661951	-0.052132223528457984	0.5419099659932777	0.06554815596182723	-0.723634076439856	-0.5022927393901697	0.4591164903436291	-0.5324837553321482	0.24094231771817531	0.3623122405230344	0.31476112736545886	0.0251303288019884	0.18432387052920376	-0.039713645172153034	0.4615758622370997	-0.1189254625811894	-0.33649303626533533	0.4280110460993936	-0.2313297577377627	-0.16091589432260414	-0.12919194599286507	-0.3305176989253061	0.2907930493489235	-0.023927369662545495	-0.27504052956030745	-0.31104817153473063	0.0008425140282121869	0.44247156225130696	-0.1406954502918742	-0.030630266883636407	0.20481042506702554	-0.05261152860526395	-0.0808358358798167	-0.18404686655483674	0.02157116479315321	0.16290218527329434	0.2000638620480364	-0.0438295016474223	-0.002043636971759823	0.17219144523999375	-0.06043295694977757	0.34241090556780857	-0.2569413362448929	0.040995927644990306	0.1599305087493219	0.08969144391920436	-0.4256777031670728	-0.0633251368051606	-0.16585002138613805	-0.004442128662230113	-0.02924827546599391	0.23704145217478156	0.5248620911166612	0.15634762023785032	0.12017930342049997	0.1499791376165559	-0.3255943535749365	0.3795998026486302	0.04433739839500797	0.39427108937989364	0.3033846507150199	-0.40324769848669956	-0.06581353884472689	0.1383871425531113	-0.07893940708947039	0.26932256355837336	0.086950131273931	0.1741651303275285	-0.07520263933152997	-0.6452522385348178	0.03185264594779783	0.13001371741196893	0.0789520538554123	-0.5559098510092195	0.23279483311426546	-0.2253370139986946	0.45905909175687326	0.1412179810802424	-0.010141421875868249	-0.42605649930171996	0.7786085079564413	-0.025212641554469718
DTXSID0027270	0.43349649998840417	-0.9903911722253798	5.528638185178728	-5.4151860055655225	-2.1147074900831413	-4.0584929414333715	0.4480753956725166	-0.6758749915486453	1.1690583358274114	1.318287841069687	0.9445664246953945	0.8263154686491122	2.50415504859926	-2.406108319908958	-3.333120478079043	-0.6721183249627233	-0.4436477005645632	-0.8005101067106922	-0.24129210675505716	0.9175800962671642	-0.29281753424048806	0.7231344499693289	-0.7490322046344158	0.06491414864268007	-1.20998522094372	0.6610251166016053	1.2719271756949624	0.2800558905487951	0.7349932977630538	0.7873459174303775	1.396382704503957	-1.486096940661086	-0.678708057487857	-0.7523373546054447	0.5179479728879469	0.6541344139161043	-0.7115157860499569	0.4734050355427345	0.28098840276090364	0.7868404559402851	0.2927246879316282	0.30284039194194423	-0.12663594726447833	0.1346779455852164	0.25465357603089656	0.12062170302273308	0.5225765360246213	-0.27530602688260536	0.09479644947358885	-0.4510078395541159	0.1162180221243407	-0.0008109113938562432	-0.15958009587400362	0.25450174916799134	-0.2141965227154487	-0.21319534185775196	-0.24032630879941813	0.08550026981136154	0.03924647396465541	-0.2842985223297639	0.19630398440087687	-0.5760626316253777	-0.5376297362297336	0.06960603237163354	0.30746264001216594	0.7299094971117764	-0.35778216466665086	0.6442275089053691	-0.23116119155666684	-0.058906829485363923	0.6847529166862129	0.04217298241851346	0.23630824263989506	0.03864055058285648	0.5218832101526681	0.30467678625914674	0.30148153989113435	0.11190121039871823	0.16540812143672798	0.22442338920782054	0.5553806329804104	0.2479018773360216	0.015108453735321815	-0.2619063976131334	0.09983778697019757	0.023212552277479884	0.07370582663050428	-0.3904807032999037	0.04763626046056204	0.11157210686533826	0.45593014444342816	0.11451299791362286	-0.04933073459295388	0.32950539073483837	0.02829155008136946	0.4296314930952734	-0.0655793857891193	0.3831644429560357	0.2505827693953376	-0.03214595335530676
DTXSID8044830	-2.784928160235643	-0.32527598171001915	0.8333076582076805	1.2261617224927137	0.9015338109025197	0.2335179977819452	-2.0649740243749184	-0.6579680289008585	0.37173711802604464	-1.1048244773119678	0.6334098883086188	-0.30775847822207597	-0.4125464603614632	0.3680774459640883	-1.7630077333814898	1.2851769346639095	-0.4240333967254662	0.40204843482123775	-1.9848910179095562	0.8727628841171463	0.7123104778553105	-0.601715974499453	0.5009634411919451	-0.051438800711645354	-0.2602765724841586	0.5443641858460925	1.048793214354875	-0.8299100503732761	-0.022451701219943127	0.5010141977250326	0.7984755073402023	0.1356154776430488	0.10896400522451342	0.0850373480971986	0.18749133301461587	0.7637712017555156	0.15926973383955476	0.45653536250802723	-0.40570358753062213	-0.06760132702420765	0.5411724040681243	0.015153179276092334	-0.4951528572807037	-1.0477900292254587	-0.4405125341045736	0.47945526231281493	0.04397276926201109	0.3593162758259643	-0.31919349523728663	-0.034456082756423694	-0.19052950485402845	0.37041233710351396	-0.2841098650734335	0.163904432929394	0.1137476755903375	-0.14060951817123743	0.6248145930084238	0.3717684076493444	-0.8566384272035473	-0.3155236127023022	-0.06650937907153309	-0.4301983769961353	0.065536931295264	-0.1701577295197156	-0.21880739446471925	0.25042822226003325	-0.0002728044501841237	0.19805770716934087	-0.2531298414416138	-0.37140833115873806	-0.2628702363936486	-0.22375608603128683	0.3860752013973176	-0.16876217332345061	-0.0440680841446594	-0.04136764572183397	0.2007449245348576	-0.05578110826883903	0.2819878828814031	-0.3873043944361333	-0.16674860318214033	0.12356395239571218	-0.5311801988299151	-0.1372525573230699	0.37479977974480155	0.22320326069044658	0.12234114244705133	-0.18282608012548057	0.021467963989569575	0.03973726007383544	-0.055882993491687884	-0.3899463863469373	0.13605263154166403	0.387501309162111	0.16271178073378312	0.0674368475454337	0.14656429101667076	-0.17386956832717299	0.14993526246367786	0.18298685349438817
DTXSID1045168	8.483444663049397	0.0811453262031995	-5.675765517416703	3.9753350884963576	-1.4628666079590704	-2.668128885048229	6.59189198554463	-2.0434664182473736	-0.4246017544919538	-2.389577360363931	1.1763736716174193	-0.2569176580838355	0.6467013411045486	-0.26370367192866856	-1.7903327187401268	0.6082060635603498	0.13963902954914137	0.6282473105728549	-2.3988668067915926	-0.1995505182136858	-1.4633559403550904	-1.13360241076643	-0.7150788473288973	-0.2521194842529035	-0.7906894240743232	-0.7584449819339102	0.19687187106845672	0.047000140564951366	0.4310357566547202	-0.013254686597470694	-1.4317474397238938	0.9808927533157473	-0.49085861929024177	-0.23644889731432522	0.2053372174108241	0.030369689825485865	0.13823832773287512	1.2412839369362574	0.5328144004336587	-1.2480020202360933	-1.878522589383585	0.04289203976008765	-0.41205080621599915	-0.4845980440894928	0.4425852710887376	0.7511289540483216	1.171257031456318	0.2975396513182682	-0.17548714081429953	-0.059787292739736465	-0.3057452938510327	1.0440175434702217	-0.7622473925649833	-0.1923592452151777	0.16267315462084087	-0.19962328864322595	-1.2011375581099015	0.4435865485450433	-0.8333316355977819	1.089828291030703	0.12662858593300433	0.09034321927867167	0.07623259045259874	0.47394388254339237	-0.040384707080985974	0.2216392850716408	0.5127854292862856	-1.1932123203835963	0.4971606562010428	0.3191482093110787	-0.029336470076696597	-1.5261332956453175	0.9646785383437179	-0.5193048276078032	-0.07389522452576912	0.40855318031161425	-0.003865151635537739	1.1920185791989797	0.04202723819953205	0.31603640849568093	1.271580551744271	-0.2357315252431571	-0.8851959035200065	-0.9278140604158996	0.46326641147599984	0.11002750283136682	0.9509247043215034	0.026463777927817733	0.003100417341239215	0.9358046311361219	0.7100038883288916	0.49679289609568794	-0.14874467220888962	-0.3867398927034263	1.043875767927294	0.8067376486214598	0.03601949176997297	-0.5840714173710548	0.8016030525163336	-0.4945711983649016
DTXSID9045635	2.8783997984250616	4.399005944484795	1.8661145452917718	1.0140027026748086	-2.9231859527214326	-1.077088757882918	1.232805046127504	2.076835590594605	2.0720455169228584	-0.6687392039778064	1.4895295420556924	0.675899602747553	-0.5507299126486718	-0.028764102633399468	2.744522828771009	0.7973570037600035	-1.5659409695255073	0.6638808020148891	-0.9130637264409387	-0.5792137048777042	-0.11999945509544307	-0.08653602220753602	0.6833279698528056	-0.26015508703409557	-0.059141954610762715	0.1608371503931447	0.8518997811938496	-0.35103792514778426	-0.19490781140906535	-1.5733739523854924	-0.31151836309424863	0.6259325777363861	0.5909168732558113	0.04315718642620798	-1.209726540378122	-1.6782539252625346	-1.895788104093642	-0.022016767469826292	-0.6341521060915363	0.7361898221348444	0.6531803858900728	0.9331299833449888	0.0829712614505979	-1.1378011483200312	-0.009276013455746213	0.5500815167788635	-0.3483155167400631	0.4966837935800011	-0.033425968369015	-0.27452086525286135	-0.27595187078391986	-0.2764292388034896	0.2029736453950115	0.08723710253456328	0.1496694639829631	0.01658440297828299	0.6143327561644396	1.4455976963152037	-0.9672204396685448	-0.4093765991805365	0.5571167168567488	-0.7159023207107232	-0.8890395602009059	-0.5023573060172093	0.5740382313899907	-0.004273076913558961	-0.6208824107470493	-0.6015241214362237	0.23700316429589482	-0.5333578499475389	1.1339465440536904	0.897270750749142	-0.5907944580759998	-1.2749017494845933	0.15936653101442977	0.2820444579420452	0.865633925745256	-0.048275628795387854	-0.1778064575230133	1.4794191701615016	0.09081974515052904	0.2835067975267524	0.4094458233758054	0.41815138878218366	0.33230149995284064	0.7078037605373678	-0.3877779501707079	0.642103982504791	0.24372477399580864	-0.08298126463039375	0.41515652199884323	0.25609691006836643	-0.11767001657236191	-0.2313877212341156	0.5368627820823229	-0.7236802456844291	-0.8192461180398991	-0.3913590236590439	0.5418729113749653	0.04218910891034942
DTXSID1020805	-2.1607524325379637	-3.3132018444096434	3.9456164289394424	0.9658407412184419	-0.8828018234672679	0.6963240292320504	0.3686357100156283	-1.2564868257359336	0.3623304741731884	1.2823786909068993	-0.3507408116847911	-0.07550093934333554	0.6034079390520247	-0.5934671711346646	0.5538506702173486	-0.02995059203685634	0.5892383992615082	0.6174103336534438	0.17348229814508329	-0.8813028365501206	0.023945233807726292	-0.3756234543520605	-0.6765805541577613	0.19375751869431448	-0.4941241670576052	-0.3973200235161414	-0.5932299590356236	-0.045171302025960945	0.30910747430152746	-0.3942838460545435	0.013354944967377123	-0.04410716144646254	-0.07498351857402298	-0.3141903520130402	-0.04503870066729719	0.6734181678837753	-0.1429017972555835	0.328192436051185	-0.06306088684583933	0.10079035998012285	-0.01952359933470547	0.21424408640079362	-0.4477479531595337	-0.20841964527795404	-0.3420285997058621	0.25054146920424925	-0.24408951816334326	-0.1340760949215363	0.21701070563561545	-0.09116883183860068	-0.02203635648931683	-0.031110227255873597	-0.183636447230869	0.028892508819802293	-0.22385809780086433	0.029516961343374296	0.06385781810434943	0.11736525700349033	-0.22544088797647494	0.3460146987726117	-0.24287189740093154	-0.11409763576518975	0.4326075934494526	-0.5578153684207772	-0.2373371645270767	-0.10609385684524159	-0.1484716209418565	0.07061304477194805	-0.07069639839786852	0.07140483723133481	0.13994404954257292	-0.023033564217952357	-0.004162847281866582	0.20720669566583655	-0.3853542077550504	0.15532438969678006	0.4391611529465126	0.3981101340155321	-0.030095153977845318	-0.24616342033837404	0.23255911817871733	-0.6228642887027354	-0.43608781054315743	-0.03071759324960105	0.03327490657380617	0.30152638881012395	-0.40075004468360653	-0.17775300899338622	-0.6020877416807088	-0.0066949746963772165	-0.1874829379369523	0.3433740436816143	0.19826109107205905	0.5420043543293492	-0.06863863709095035	-0.023480063497398767	-0.029935667172585195	0.09263422268496913	-0.6837792099712489	-0.33327988966339805
DTXSID7045813	1.3284855046284119	4.013368988843416	-3.874922792108489	4.90859911691908	0.9660403278777727	-0.987551274907502	9.696964930796158	-2.162969589063788	-3.4483892211516314	-3.6488106696894405	1.2580786787411369	0.12487177324318048	2.2031846894316582	-0.7747685655801163	-0.5559306151029509	4.492995554727525	0.3694547105801502	-1.8364004457345489	2.59118089409067	1.0557995351992366	-2.5401666055597047	-1.530030896090485	-0.10372458220045547	-0.07693565604133815	1.1072413317143937	0.05606289791579976	-2.559025132206708	-0.9867446135447274	-0.7199757756325014	-0.3881491271539858	1.3482574966548266	-0.8073682484925254	0.07440563324753906	0.5397188889890387	2.046225798244309	-1.6695118551547292	0.005599430975576356	1.21983892631201	-1.5222814900613084	0.8130961758954492	2.078058236529754	-2.4013505796521537	1.575896303684308	1.4753010532582864	-0.3539613587060222	-1.955814133654813	-0.21488901479955272	0.475613385826671	1.0052604992218417	0.16593175440947017	0.18835967688074107	-1.1117587152410517	-0.9932407229132098	-0.8902936123293083	-0.8139493924547719	-0.6036662558962994	1.0147755436095762	-0.46189402930148044	2.1711387727589635	-1.4319597205369459	-0.5513420289078705	-1.158813793948058	-1.219268166804328	-0.0758639398548263	-0.29012498209248405	0.19516856082186151	0.4805088016458446	1.2078652543091803	-0.30903834768207245	0.649244209664795	-0.4490665839516241	-1.2717515759238014	-1.0871862692159286	-1.3613136631256713	0.4106272331735916	0.11038542730913393	0.16485763201093057	-0.8594683412772467	0.1410674028656765	-1.381993082889514	-1.3124996980012147	-0.14589456849406343	0.9083028161215208	1.2429964576317325	-1.0891209861485163	0.0751996985459874	0.8374608575414884	-1.365580308992127	-2.3564003150885795	-0.7760127320137638	1.0869785823311853	0.17507521213687283	0.5734989905039628	0.7096015337162392	-0.5641746531690736	1.648671557090815	0.4690567153709104	0.771907578790757	0.482929510897569	-0.12075107750930766
DTXSID8045511	15.565514068933838	-3.4953322102428626	6.012607233022742	2.553320186422546	6.729080648103331	7.321184500927692	0.10533489353928244	-1.2600226082451318	-1.4556973750185327	-0.608168645138188	0.5005419487280353	-0.5959891432024447	-0.853397222990747	2.7378515622609987	-1.9985411581153318	2.705410414376535	-0.8643498208679621	1.1081920613933467	-3.136506692691106	-0.11193347845526849	0.053410572798838235	-0.6802642417304813	0.27129449517804083	0.8338427873033584	-1.4325990398429964	0.27296466580132234	1.3032518359275578	2.370111985592011	-2.2402448253534857	2.2012639182107816	0.1061090841329861	-1.9473341079634607	0.2581917929592398	-0.7566879193723441	-4.781509696901886	-1.4139896185189444	-2.9355149225120125	-2.1006227559770534	-1.0060066924008697	-3.121271455819644	-1.9913726638052	-1.0510914474115114	3.1836765805295615	3.1943685306088114	-1.0901456152700577	0.5277256556229967	1.8234182022606895	-2.7554430962053154	0.4268757270423685	-0.28866074872649855	-0.06601400957744433	-1.8473582765466996	1.5533292097491658	-0.678206572388128	-0.0250476060515073	0.17186729865370687	-3.697027437962103	-1.9929984664064933	1.5607635125188049	1.015832821670132	3.7292032581191124	3.349778489466459	0.4814886030350115	4.416374505263584	0.23903264597934806	1.3385473316473802	-4.329704594050786	3.004284348092709	-0.9814386830654621	5.5276575582128675	5.074593251933505	0.71121122044507	-1.2139576198338307	0.5544125754048673	-2.549073630505247	0.5179382154941813	0.7869815802274164	-1.806839979896869	-1.1247624020473108	1.0567300281745913	-2.631930509500376	-0.7924565177069348	0.7907283062523627	0.782954787355129	0.05153483623696759	0.2244851881798012	-1.3313366016177557	0.9384269076639404	-0.6877417428665956	-0.1447532427452349	0.6682621729312322	1.0108211426971767	0.3257909809023405	0.917939452164097	-0.06057829097636898	-0.7329190013665349	0.4803888184247048	-0.368489596661624	-0.1777270988139827	-0.20546087746155767
DTXSID4044826	-3.0370516293744236	-2.2171835971295764	3.8221702516691405	-0.9715744023647981	0.18637833221372757	-0.9192454799859816	-0.23209141770009586	-0.5984305511448913	0.36237813394593654	-0.17050533954277314	-0.5062633369665984	0.10325141756831632	0.604562714322592	-0.2316292685302231	-0.2634498307280262	-0.19146276662406034	0.4880449497254826	-0.0666593336229275	-0.06481129318032057	-0.9610992259336497	-0.30447023674301466	-0.19550535697433066	1.477106054251632	-0.34171007475029475	0.11885272326240408	0.14088829318239515	-0.1888162675198485	-0.22231566052026633	0.006624200179497539	-0.626386479272461	0.018692462080743884	0.6045158829064913	0.22855315006954482	0.12069037757001903	-0.25100811760507125	-0.4936051943416486	1.5978332352060214	-0.7271274612977976	0.0952316021011554	-0.2815630588965043	-1.2827261111291526	0.4283180887083206	0.13049757137635565	1.1690947498804614	2.2692968057680303	0.14088806806507767	-2.1439914226238956	1.7231024632710503	1.1581102380734356	-1.137873387347062	-0.2408105412322767	1.3140854318303798	-1.5619817809956928	0.02807715920059746	-0.0859203124828976	-0.6476320608238093	-1.8195876613328832	1.490080943852844	0.14384221922581927	-0.3497470763923773	-0.8480571022712268	-0.49619515080121174	0.40865491503269313	-1.076376352781195	0.9637944432974505	0.027182538898029626	-1.705651179984649	1.2683726320785076	-0.05295377644367362	0.32201930611146357	-0.2744389175292786	0.29452367917611627	0.6984932954121208	-0.32792589896828267	-0.16267291166491804	1.0418903025595425	0.24220018324978979	-0.1938139265639373	-0.061625163196844204	-0.08478407886512654	-0.5802083697630336	-0.17976330843402372	0.08118148975346703	0.43226238502436737	-0.18816956085797804	0.0856511207572751	-0.6477607281338461	-0.19057043926216094	-0.21607246666244392	-0.1061414319700415	-0.21196308474990377	0.05329681071331962	0.2222299117819718	0.7913555517965899	-0.6299077794855757	0.1850787676804411	-0.04370341956050018	0.18173304142638674	0.15388809682856913	-0.4034439529598303
DTXSID5023746	15.301639734852651	8.474272750501846	-1.619215946403711	1.8274134815791583	4.502210242449445	-2.4731652767484507	1.6628451177022288	0.48149035760201836	1.4766643196002593	-0.20771573576083782	-2.057602457992958	0.45611128304411475	-0.4061034953222868	1.2024439643336577	0.33091148728897246	-0.9046140646306259	1.4968015721160453	1.2764624895217662	0.24054591312821158	-2.061667526930444	1.3788929062492854	-1.500984414655662	-0.7883243963224177	0.9894839736454462	1.9818210729627912	-0.5306391928816113	0.049176739830551305	1.414904582036364	0.25461702663945707	0.2950954838414944	0.6215578955125306	-0.14985725162894512	0.5842286495762371	0.18900325323859893	1.6414856725059828	-0.5253513285883282	-0.02201665856871696	-0.39818645206350056	0.9208469275594965	0.4280336475907331	-0.638916208409601	0.018816863757798116	0.08907306083330674	0.9994978905583058	-0.7768934563046764	0.42632981140056464	-0.4084628343541154	0.11044718947278363	-0.15312724648933912	-0.2795947682702036	0.07588024007009392	-0.2863743539941041	-0.24803856337954822	0.1381314815773296	0.8424408242974396	-1.9058412215767773	-0.6546425776417877	-0.49578025597497366	0.4244441529112726	-1.803027824629357	0.06238641782937488	-0.09042003194959539	-0.8136335501099274	-0.7831458077172994	0.13713853408443968	-1.2327739388391337	1.1045702015189274	1.0571238537658347	-1.1308512567943039	-1.1312394497372582	0.9639756422456268	-0.7929039702815186	-0.8214524738647483	-0.11708183706362398	1.675865076967105	-1.4981944223637995	-0.46247952721727165	-0.34721167756315846	0.24555327035534488	-0.3415061865269606	-2.1679866348184036	0.28834035799489893	0.45663788156597407	-1.5485603431982087	-0.35266205375598203	-1.6109377711953832	1.4455163243988856	-0.2772234758509229	-1.2162910811336927	0.8821261638881304	-1.1152154219523198	0.8761360323195475	0.06025433122829396	-1.3241339562883956	-0.48931870511543374	0.19607190604437252	-0.05759119933632274	-0.7798154653471129	-0.5117504858569796	-0.4520868153060451
DTXSID1045376	-0.6062373222101677	-3.6520649167924817	-3.96805619800057	1.7413453022910257	-0.0077454715157913145	-1.3934656279606625	2.337289734356147	3.2190081552968635	-1.866135702322742	5.253056638011118	-0.5672463669111617	1.8422659341655225	2.546011838661305	1.3584843787147536	1.264657013291476	7.910267844634753	3.7829474069107816	-3.9563106621096336	2.2294050168111013	4.12558547747846	4.801007999315859	-0.31239319547611705	2.2031099030552657	-1.7379406054376114	2.791712290510443	-0.07629953333519242	3.1643055601587267	4.07934975224102	5.740138455233922	-1.2224223398324405	-1.6020355472494092	0.43368499584602327	3.4923515310447097	2.7027061028122255	-3.2026497703848644	0.9773768774416202	-1.1850907212590254	4.93570994864583	0.3940879968104639	4.0695974240413815	-0.8284089349791061	0.45377686473968354	-3.6524164074078223	1.6614588261080303	-0.007474254902870101	1.419557857033068	-3.734560875607526	2.1023943181114597	-4.151239985412777	10.107489003709055	-1.612342155179568	0.880142359961095	0.051274713327777555	-4.656074192713139	-1.3454135059456263	3.035668863123399	-6.0183820928790475	-3.5670123378825678	-0.021591341257784856	-2.924905337025506	-1.792511906388812	5.484233627936704	-2.350200253841474	-0.3563827554340106	-1.1150827754981214	5.0556224381250185	-0.7927023220338821	-0.44344809465953294	-0.08976978050149992	-1.8461398754222744	1.1863682942035638	-1.169445129085376	1.8102030390626709	-2.5913700739802503	-0.28802081966599324	-0.015620410819545964	-0.5058916220652717	2.3197453696689676	-1.9035858531676104	-2.2631055938488296	1.7625494328384539	1.232148207870686	0.40151676710751966	-1.112709509560171	-0.11139080701905038	0.3766490234072991	-2.1581190526825647	-0.6483161640062983	0.06325985431467127	-0.17434470540064206	0.802723880162778	1.4113519576608642	-1.0553282977468994	1.3922820641762508	0.5041403757154832	-0.664345325226071	0.6893800575874893	0.5043235603422838	-1.1256795929371581	0.7506168181042557
DTXSID0047959	-3.444263219668309	0.661276643407545	-0.753826016226552	-2.466256087017464	-0.9624005178701799	4.769581682784649	-0.19161709838502855	0.9889602422393853	1.1181396680815778	-0.45768005272965534	0.6801838516724712	0.16001360462726702	0.5525439270379263	0.5164036922228569	-0.217837162241867	-0.09675427280877465	-0.04522931461841694	-0.3371222070626451	0.3434292132625762	-0.6010841813186292	0.2589014420692383	-0.20466027999568476	0.5242137200746463	0.5168592768017427	-0.29333867669607305	-0.38520073665429144	-0.23564166667542769	-0.8378180613062717	0.20199991034182324	-0.3879858649905838	0.10958663215150811	0.09468165474194185	-0.15710294816716483	-0.5969461142747307	0.05285516427659024	0.0993451966639072	-0.05306880360082828	0.2416344181270458	0.48171858042438315	0.34274272005078427	-0.4829521062233776	0.18551788492914317	0.027115355341710355	-0.16441318545992298	-0.012365978386502031	0.038455861427863586	-0.41111355007853584	0.09749741570361618	-0.05918750668464387	0.4083010841612087	0.04249027849833194	0.20725294722145002	-0.010616005085587153	-0.0890919135930033	0.010458058215034717	-0.22774333585057416	0.5538823148995962	-0.3138037895500128	0.014450535135752224	0.39414362830753447	0.46587590146068114	-0.11091875917826813	-0.17256088034328254	-0.3951473427457721	0.11397492617534273	0.1358637625761271	0.5445723751113551	-0.171509797475974	0.5778831618300874	-0.2251312897094201	0.2261099792197232	0.2892141992230374	-0.2429153319231652	0.3306891080047926	-0.4717425432638619	-0.12270414393286798	0.9447562402410564	-0.31540491178431584	-0.09712831403702217	0.3587719701539623	-0.31718266442315723	-0.13178003540799674	0.15300380191944085	-0.05766149605773194	-0.3185129869682076	0.27495207150847784	0.1376506157301561	0.3980780599672335	0.0677762002756811	-0.34805857694673725	0.16265355079426386	-0.6440009201596759	-0.4303299916574428	0.15223686433849462	-0.5073724468398456	-0.8734597196736379	-0.04774583008626496	-0.4144941491207552	-0.447621349955411	-0.23239999704683506
DTXSID1049273	-0.32272934107812157	-1.0600696761532098	4.049458800409404	-4.956379557809999	-2.276542295914837	-2.1979711235826676	0.464370971281413	0.5072614845689858	0.6399890953426137	1.307408680801268	0.8049655337164912	0.7042323990109267	2.036466398304439	-1.971881744282659	-2.4086641038606014	-0.26599179947503654	-0.8548311735203139	-0.6084728563865299	-0.35890803698966417	0.4565649572626107	-0.31708187268401467	0.5743603849364632	-0.4563299109684925	-0.08992832956705755	-0.88546609820636	0.5460215749582744	1.0061481073576652	0.532323384559887	0.5210292509411854	0.5232629907290316	1.1094398220827635	-1.0584292953248653	-0.42285870077249516	-0.7745584646995459	0.5196279783106836	0.3713665225744802	-0.5351890300074965	0.2797460753322541	0.5062715253295104	0.5715854297015787	0.24062995646514748	0.26153254404078846	-0.0016747214411727358	0.2977184736940669	0.20332219808245308	0.09611532323450131	0.42608594523680565	0.001875899517964433	0.167619400517746	-0.2147077799337379	0.1398643911932122	0.1034430622576776	0.035709044947596906	0.19445072145617515	0.053146263059637926	-0.3483418272824805	-0.0646737616159471	-0.0009012544752349204	0.032942529991929974	-0.1607463708988634	-0.02982585727463004	-0.5160354909024755	-0.663337265302377	-0.07398457291817086	0.1637527322528522	0.5477498189303432	0.2070492969285296	0.6498091768540983	-0.5648464333099603	0.0138822000488729	0.4030911273313133	0.19686648971801973	-0.10088825585874313	-0.06775593904757339	0.2625399694684674	0.30132811655766817	-0.07737325694153303	-0.037637626448701916	-0.20649704252680892	0.5562342992221058	0.09362095286101368	-0.1796876505558543	-0.1287368266112421	-0.6147572556116105	-0.02937560322140962	0.25787338497650475	0.12411038548423148	-0.2458070442311048	0.07560031998159444	-0.03127719233764069	0.3677347194759163	0.38875335950232115	0.22299186783680064	0.15452961930512943	0.39898670631888056	0.399933803774292	0.1808917244590699	0.5077694002593475	0.15131459507135153	-0.05495427752721247
DTXSID4044589	-3.2392906068655414	-3.5172493468887485	-0.622378947603084	-0.8406430492665097	2.428937541383757	-1.52962663896824	-2.4206761087526902	0.360063574864787	-2.090474122402489	-1.512248493357599	2.1403568092770513	-0.6242000901929954	0.4949192026096526	1.4343372509309609	1.1663665153514398	-0.954684487016613	-0.07063989291822963	-0.08555071731497102	0.8698388755384181	-0.11198396250279515	0.38948393852589175	0.1833722743540827	-0.22013528150940345	-0.22610044278933475	0.6092527485117569	-0.06742668565224791	0.0970882564877754	0.5247290745586152	-0.4278090087541076	0.4806219414159634	-0.030798933000807115	0.03555922376133304	1.060407995713815	0.2865343190578906	0.4084507460833981	-0.44890005628332275	0.10191779464497382	-0.5243554539928255	1.0284448707346685	0.5917924613289413	-0.6124766425162049	0.4256049712887795	-0.84046916596475	0.7302704750812906	-0.8645481769849003	-0.1867305045563416	0.42367260254454353	-0.9983725990692046	-0.04126185534506502	-0.4301796823089078	0.23887861607298147	-0.14191136682259933	-0.21778304052377026	-0.060050937387355625	0.6906739188888947	-1.0675215035733172	0.18370904691865428	-0.5075803257970245	0.026894797267551195	-0.2226125305444586	0.0895262100895951	0.1901945256937347	-0.12076741415090134	-0.4606110899979212	-0.04543803301789365	-0.054251220999934166	-0.0828185550690264	-0.19040201886346705	0.9294960163901574	-0.1991173247774811	-0.2550697078736083	0.09752462749744227	0.2879865414646431	-0.36834252435966036	-0.7778169159043203	-0.16848113316247174	0.06431124564670301	-0.1548644026730781	0.13369444701448602	-0.1365674269746748	0.023106074935605646	-0.2244649631134293	0.23564569186178153	0.01101751539030103	0.04540560448686568	0.1608287924562484	0.09128721239733943	-0.12850687824375961	-0.509198985052967	0.4076279205469423	1.073455547408461	0.4946905964747336	0.2804289127517965	-0.25065619277785983	0.1690514409408128	-0.43967713481240295	0.2133434224439505	0.008173434744392446	-0.33094602344341206	0.47181971056099986
DTXSID7034676	1.7899238291849504	0.06257065256263722	-1.429847618595599	-1.6662581881472633	-0.37771481252372086	0.22625885812747848	4.491920112676176	2.176735960072706	-3.1400059815799417	-1.190296616508775	-1.5148758344361155	0.6282167243126485	0.3106844777557837	0.9732971294214682	1.0010923993760974	-0.27462280084181884	-0.26897319635888733	0.9422421991225927	-0.672068406374131	-0.3376682472837554	-0.9771500745182897	-0.6045972865791752	-0.8809028477268506	-0.5981405247976479	0.735833149663589	0.05390000115329701	-0.061940573983206154	-1.2056848269996099	0.26718613038332284	-0.11575911997284904	-0.007752059918885365	-0.8753052704942242	-0.6794010823712469	-0.09890877195307778	0.3313675306948473	-0.3341300210693991	0.5267205485983429	-0.34649405104505104	-0.3259848461261288	-0.2028363086275896	-0.03538203351109902	0.7549203547323896	-0.7581736893773052	-0.5721978186135824	0.2903081444563675	-0.12267266575947953	-0.621038087019436	-0.5870417420919084	-0.19532077874116488	-0.37377066565916	0.10447230517136602	-0.26876782622253886	0.2465898889384238	-0.10102400869981239	-0.2354305953289322	-0.399333461938896	0.33669628985612116	0.37682159698901835	0.6997445344339301	0.9163981168256953	-0.03532553882239597	0.6018647979920619	-0.7320885899583219	0.3785188334305005	-0.005521243981143189	0.43405330614897464	-0.7133289379446555	-0.8065927088111999	-0.0052257102739895174	-0.001712854721412663	0.3948270634347065	-0.2221788637976323	0.08044899567861868	0.5971325360079852	0.14668092778560787	0.8263290925632799	-0.7473952447646314	1.8302084744964189	1.2266424206276603	-0.5113956334922684	-0.44616839822112936	0.18753385016286298	-0.1481764183445248	-0.23822467620770527	0.6391637627355333	-7.247436954197669e-05	-0.7101442940020068	-0.10432025588999963	1.2747375138884203	0.1353224564026918	0.7054522038773187	-0.6937146557201649	0.2597299365885688	-0.3858629637611236	0.3419528864277813	-1.0250417215759948	-0.4376690206510834	-0.87163086750434	-0.7429930014939335	0.7933886272146757
DTXSID3037545	-1.1354050209533348	1.3586466391287113	-0.6676437510992443	0.8095950281670454	0.7075258554799054	-0.6457728151202549	-0.24516745328066655	1.5825355039767928	0.6180883932849051	-0.809133663297053	-1.270468159331743	-0.3674444215328753	0.8776781278669072	1.614923362290465	1.094870462396053	0.8773707904438746	1.1106594494031603	0.828454892540445	-0.029459599597859848	-1.3756689901880648	-0.11282386730329919	-0.6700420594878913	1.2218364418661924	0.4146980272259694	0.29123271810276835	1.3880286524605456	0.25986716390079434	0.5200190955177103	-1.3221854193061997	1.8630036486457386	0.6056550720362551	-2.6287887235641407	-0.8570389738995376	-0.48824309357720064	-0.39696910704379096	0.837753690470296	-0.38798339179691255	-1.8024557741744143	0.03382542063356614	-0.8593272701880894	-0.07713630788898901	0.3737712395831085	0.9608880031549251	-0.15400999872500246	-0.6608051961439761	1.4086982864826985	0.35493453196524344	0.4025410118698755	0.11298721570455823	0.6421936749243282	-0.1448674818434702	0.36773307236315583	0.573623277125596	0.08258691294239587	0.3675582024599913	-0.46586540749167044	-0.36029080457008167	-0.37429607290839667	-1.1953716948430035	0.2996883292260957	-0.7444375346469659	-0.11787278556845818	0.748348548313101	-0.3796066179003631	-0.6493652381528698	1.0335182746006057	-1.1229425720407342	-0.44758883310964825	-1.2382157306759867	1.1694157939736307	-0.3215324348201018	-1.6434283107387435	-1.5576188807254785	-0.42537529785683376	-1.4059774505236633	-1.3298966322868397	0.5907448307877846	-0.20291725263182347	-0.08464058801156343	0.5020969071320377	-0.07708895096716122	0.3320994499213926	0.5296472278446488	0.12520952641023148	-1.0999988722868448	-0.17472513160773206	-0.33622260044891306	0.0160558960781297	0.6901725074385989	-0.5666757715591202	0.37158133891113904	0.062100829094994744	0.8353924425084239	1.2443343496931056	-0.46260103961927146	0.29155556785923253	-0.07556193389484898	-0.37643070554081254	0.029019411380029128	-0.7335772721604983
DTXSID4057637	-0.860571066277173	0.7048874156929466	-1.4571597211151517	0.6216453474239193	-2.4285154125181774	-0.9381553999493978	-1.452403446294018	-0.308461340304099	-2.1887285384958033	-1.9815874604054449	-2.821176909004311	2.131101886261976	1.4490983132579076	5.9986846302462835	1.6059035642804016	3.1792384875870034	3.0754319974862088	-1.3725817065447425	3.166355239803661	2.571058361288809	-0.40673058857395245	-1.9080112422593307	-6.127067765074708	1.8301840986669269	-0.9165497067432955	-0.791062331998998	1.7584369399553146	-0.002282174802894405	-1.0776207941095104	2.677855757851862	1.7919246210878996	-1.4194079826441577	3.4632772870635367	1.7174253778247102	0.7866838990186565	-0.32134156765736477	0.023306824353608042	-1.417992961478382	1.3853232518159906	0.20783366121021463	0.3100337663134608	0.528417186424258	-1.1557627389211091	0.9670666605655399	-1.0191589844735969	-1.3451296102058903	-0.9934731811661417	-1.124209467310007	-0.36171494780145963	-1.7631700610130179	0.4387840936675429	-0.7097965689619632	-1.4908106527478497	0.5918365800452798	1.0385372680518343	-0.6677172401464636	0.3218738565452005	0.8879270952302337	2.291375646670542	-0.5182139740076926	-0.4173282506771395	0.8719975967467013	-1.625226260169285	-2.287526416179202	-0.8323198467883213	0.3126163542976719	-0.17477194628043993	1.1361990037701752	0.825203404868181	0.11179765200318734	-0.6796780472388605	-1.7019059392100153	-0.7553425242127069	-1.014102661636494	0.8116571668308413	-0.3135820378745452	0.6898290225476781	-1.0175532548497874	-0.9523291055414329	0.0433990489436559	0.9833879634639733	-0.5657931371750918	-0.3823571914626139	1.0005216024516475	0.4746793232078234	0.474997857923439	1.1188493636371368	2.050893116190865	-0.08153616263464533	-0.11649259936597141	0.049195773096577335	0.011931167686332513	0.553451145590884	-0.15447797137567287	0.42802119883749584	1.1295741401025583	-0.8321663288216575	-0.20891449234342427	-0.41268345695183845	0.2443898850531468
DTXSID6020517	-5.287502839450275	-2.4081233416643824	-1.3416258678755972	-2.200854711700687	-0.755407521905491	-0.5833259189298223	0.012374093176147866	2.4782466580829325	-0.6471181309515369	3.2795157232960475	-0.39765567061011725	-0.895929913730155	-0.03855036920306557	-1.6974753001916647	-0.6954042967287452	2.8990543859177547	-2.00891123157542	-0.8714686185023695	0.6692243690154522	0.5628579380463935	-0.6183742215287009	1.1348453384924548	-0.037124192275819284	1.159571572557067	2.3724632455381305	1.113558147835802	0.9910155393609575	2.7709876700736253	1.4711916168482657	-1.2756569089004464	-1.884115964259329	-1.1933889436302518	-0.8904120685025951	0.1267108633689994	1.9667717824027986	0.04671729112114911	0.5112142445041112	-2.226602678840141	-2.293557154211021	-0.2640406412066688	-1.7476923536403188	-0.7182519317284454	-0.23464160063492898	-0.7009473624777515	-1.6376492537312348	0.12533383307325235	-1.4213431049797898	-0.861141338699753	0.30349397755057783	-0.2436725514275046	-0.09597226738225625	-3.2408171004493704	-0.9873876446913137	0.5648629811612964	1.9954142007684381	1.488344088315567	-1.0152768385546922	1.0627421993877602	-1.8310329164494417	1.9000693396178516	0.9889190381805892	-0.011340167313918468	-1.7807866405667414	-0.2616753741977935	-0.7211534531455708	-0.46635596916790945	0.7916056843363564	1.078160227536679	0.05558825010817432	0.40232668929603455	-1.085542632253711	0.5641292932857271	-0.7134544952521115	-0.46104139105023123	-0.7083543092038296	2.114513843148142	0.8123666099719533	-0.18500296171753267	0.6105554842417794	-0.9788833443276079	-0.11361297580503607	0.6251615379813102	-2.3192629492472605	0.6412199849055523	-2.3667415091397834	0.07299238094085009	0.6009511359451544	-0.1837251885325052	-0.5762715952963301	0.3942032495753525	0.7133518094538337	-1.3380577207263091	-1.0431536010054703	-0.8257366762687609	0.9174745028799712	-0.08846380533589676	0.7871065247894432	0.3173796225811163	0.48036033767414293	-0.027730612979461267
DTXSID9033896	-5.0750713017130655	-0.8453778794170289	-0.5016565485120799	-4.22303355377294	-2.7101752327825195	5.564985011110748	-0.8166620853844813	4.918810363087902	-1.9738465614792418	0.9399793217441051	-0.10102922037647791	-0.3710610501155338	-0.061009183177126204	-2.539768796616519	-1.2321819184766616	-0.14528750879962313	-1.026506335610158	-0.7894477080187107	0.09490173325849177	0.039589674936669345	0.19623537848420547	0.08182184680113055	-1.184406390991827	-1.1334266088561393	0.4550823296315248	-1.2121872488253622	-1.023581447818716	-0.9376849958172708	-0.08834979685429083	0.4624641863011616	-0.15311293418707914	-0.6380298001373719	-0.007389243414760774	0.2657807257276245	0.4920060914170542	0.002714187654166648	-0.4341091414926473	-0.6314591371415835	0.024430534440137208	-0.05870725444725893	-0.46781798073232905	-0.28251440024843094	0.10655987250237439	-0.43852284852388096	0.8192275243585873	-0.41609129423121227	-0.3386834017470027	0.18212990738425003	-0.029337527036960413	-0.1592619230131832	-0.0075822169203279485	-0.4776588544525059	0.10106624421383004	-0.29502905913847427	0.17536886173170416	-0.0858491219029993	-0.147703978799825	-0.08148014738416683	0.9075181546761402	-0.13074195005505815	-0.1467936013898377	-0.11027903843327391	-0.41813129789666065	0.6140467624146232	0.15202636715638462	0.38008231627975	0.16707075261507565	-0.0033116080077842244	-0.28045198688824136	-0.774527673685547	0.049907849756391454	0.4942851178725849	0.03496975648488065	0.2902234488755423	-0.37577445036005264	-0.5505949760371445	-1.6218757523024934	-0.9146145627766993	-0.846374816276391	0.09080229488426932	0.005930893523309424	-0.9052133336070496	-1.5692243357883813	-1.6827971227557386	0.9303554760515553	1.259715777107236	-0.9989546858105642	-0.7929155501899752	0.8926371760631452	0.9218297158581188	1.1914780711852795	0.5950401245485888	0.5492253187516023	1.4267807494594178	-1.4797670309534452	-0.008758029263661848	-1.2492054022163996	-0.8137388274939582	0.7064982672929032	-0.9091862111635877
DTXSID9046102	3.5852051187874996	-3.7427804760475976	-4.55048990061487	1.691456929296862	-1.393914534807753	-1.3239555654871171	-2.588420347529908	-0.8416783936072564	-0.048612778514777	0.20803484722947274	3.421394059727162	-0.9537165890241337	1.6547192961247676	-0.5300811397643386	0.6144451983157634	-0.7692593216821674	1.2513900198497099	0.729980052354515	-0.7046745751147356	-0.5983571800554945	1.007310891750698	-0.5975637385237466	0.04773573516898995	0.44874169326967656	-1.120046384773184	-0.4251831304128836	0.4079154179875167	0.891035027285168	0.4433720107961086	-0.2452874883008033	0.13362858884478931	0.24517787759889179	0.1638136868101846	-1.5162118721877684	-0.5650675420268774	1.5089395217225452	-0.6953793599746793	0.7635469913801616	-1.0757809329243453	-1.2564988835743072	0.8491734808942573	0.3090235888741666	1.5096076051492238	-0.12137609671298044	0.06383141651276937	0.30588828831001413	-0.07539584679739218	0.9799138794520832	-0.26112761629579706	-0.24483601967074736	0.13244400471182102	0.9357455599374883	0.1969535943069696	0.6431543101043732	-0.11469588017305696	-0.04361504843416902	-0.22342358975219628	0.9044607163765969	0.1660119190260649	0.5149621656644167	0.6801534422320643	0.7867568596490649	-0.664645213414028	-0.7624954801286393	-0.06267141810822238	0.3897001374418042	0.5699641196910995	0.5495239768354988	-0.11108682937706198	0.2783115508470368	-0.9594361754403657	-0.1510165232407396	0.5283054365372941	-0.085696467527011	0.042673777328815166	0.05353688196521631	-1.0183597501707675	0.12161892045324209	-0.2894925837269776	0.4335429502791964	0.4420053164697458	0.056693329103117994	0.6826143389554234	-0.21913458900443875	0.2287424179684568	0.09168803381471266	0.6854814967938511	-0.41586672346040227	-0.3208846124205985	0.45947819377193605	0.7062736195908621	-0.42633346701176844	-0.9049302497454736	-0.5266644027581645	-0.05800739545085255	0.11277747204667218	0.024341515237617913	0.09982315283764687	0.31816240317969996	-0.13026137686696992
DTXSID6025640	-2.370246203588565	-0.3491394870625295	-1.989427635454103	1.1003203982177174	2.968388801348051	-0.020937192846284532	-2.0476949890367404	-2.197056066665267	-1.1820945376283378	-0.5253952284468595	3.117053286821182	3.6849833619977774	0.9299833789424413	-1.629729152249705	1.6860467358314049	-2.0563993762277475	0.8722639384818209	0.6515824287497974	0.1307745105602834	-0.13668244693710485	0.27495700641967685	-0.12523835218234527	0.03668654083757131	1.0610783542905564	-0.03516240555894591	-0.7203110319880253	0.11952349222268029	0.2287157899014741	0.14857536866060916	0.47119764518336504	-0.7136444023295504	-0.4085654581503474	0.20479987904276195	-0.913113134017168	0.15793128524594613	1.8613249033866817	-0.7097704113574342	0.32803285490572426	-0.9427076776686029	-0.4508525465037881	0.09773078948614042	-0.1593631928677478	1.084730763786039	-0.7739581161034533	-0.10145060728371401	-0.4236089863424499	-0.1349615487262035	0.5493615336025847	-0.20331312330511206	-0.2257868148321182	0.16523823500013654	0.5614251557021243	0.35445863239362435	0.2634023699852975	-0.3678934352541224	1.0051831669532716	-0.8288604378880089	1.1277022870981321	0.6915019728910184	0.19296828190088205	0.6605721772692388	0.7941882211360822	0.014651758244688536	-0.6316225977814159	0.4812513112571786	0.539371388953835	0.2960214056438611	-0.08826072321877372	-0.31690771780239546	0.5736408565726688	-0.6162542257486048	0.7300320573042169	-0.0001226934266952583	-0.6991605016233626	-0.0067576135289276725	-0.7194252448020185	-0.7896693775254031	0.29231452005772407	0.8626459352171426	0.5867684182003224	0.31802049354562034	0.8261757837183099	-0.03718062640870908	-0.789114975523275	-0.021204765586736295	-1.4391805393619468	-1.6939987076630176	0.3458434457670302	-0.582228095332756	-0.5725050825759144	0.5166863349904625	0.34789174661023364	0.05118488358110637	-0.4697133915011632	0.32147782888822224	0.5432596979676115	0.11899849782159365	-0.21532668636853688	0.06711719729046337	0.30704163988710736
DTXSID5026259	1.7959841452340193	-1.351497631910145	-0.29079975335394675	-5.933443692852773	-1.8495697318867306	3.8193252943766702	0.5772840121594978	5.0708224627579455	-3.0972309042073456	0.5698513046879112	-1.8926017162525517	1.5629132369004985	-1.4288173533413542	-0.7615095414814319	-1.1979984421173555	0.8525439521704399	2.44134939314771	9.001837195716403	2.75761995769959	4.49640266585234	-2.5893929152068735	3.441051076096241	3.2420287758783144	-1.3602516440137529	-0.3782100231651539	1.84536336092538	-1.0372365826816052	2.2218353071680252	-0.26478830176100543	-1.6537450576460024	-1.3857574705727975	1.9794434923424578	0.8504022928623315	0.5111000499085601	0.4795830753591354	0.4184361268290152	-0.319001149960041	0.11518625783251409	-1.4930149637487813	-0.2177351553780287	1.5419618648974145	-0.5744075203188567	0.02982941894936462	0.639376256016646	-0.3068742350339535	0.3664233642422429	0.45760793962388213	-0.8877662627249855	0.15248243296639008	-1.4756040499605407	0.0372792143880406	-0.5112394990300577	0.2109658783415969	-0.056742331832470995	-0.0350978027039161	-0.7449964878759346	-0.42250609145165313	1.0719029192235938	-0.261800578443053	-1.8010973397053565	-0.2535172796676958	0.27008223276402815	-0.3803012954510011	0.08402996873018925	-1.0621459334735424	-0.011539988174526726	-0.3719073349285083	1.4205679583782829	0.585580163818359	0.07550792389555946	-0.6778477932004532	-0.32316883429250315	1.4135345227377436	-1.345633924019829	0.5955466320698632	0.6429304809036475	-0.6605295912545118	-0.8451063946776494	1.2092262501065354	-0.9181963284440148	-0.17516082177159786	-0.10130950629272478	0.36827040182952714	-0.07214410683483477	-0.11830938722840985	-0.07023456512165459	0.9706384559290925	-0.12166937970470076	-0.0600935877171661	-0.07615447276282374	0.6743421081361712	-1.150824908319459	-1.655203952031814	-0.3971124359953748	-0.5763507245315536	-0.4191232294236361	-0.35131786207684734	-0.40692417494356087	0.26562763688213553	0.2233353422781442
DTXSID4044452	-3.9061831764198973	-0.9742789557462762	2.4147261192100036	-3.8584252678766124	-2.0340879721291145	0.9680942561590966	0.2631324840635326	1.562523694243294	0.5092004563964264	0.756137538266022	0.45655074961902836	0.07964141174086224	0.8337507963543589	-1.6176504008623838	-0.870913714359976	0.2099390785264029	-1.2279048358104077	-0.4065596640244473	-0.23104460109200545	0.2614033497057851	-0.2367254327618592	0.5501923988165517	-0.5821932180965447	-0.6490397853020337	0.1971322736472267	0.022331062240331153	0.39007428016634643	0.6055301729730547	0.09885792515577681	0.2540616455993084	0.3511589263202715	-0.17904243842210246	0.28899012433710075	-0.28359900477669037	0.3413126738482461	0.058862291865009644	-0.4037275433857581	-0.28522330786437994	0.45914914459340955	0.13615161331327744	0.1589490643516605	-0.014145616656841007	-0.05115101611935954	0.03374360350778668	0.09579641073130583	0.04853746300751186	0.03353426535180552	0.20579202321950482	0.2906986446434186	-0.051102400493711786	0.08965119047114607	-0.0015951306615263037	0.16278443196830616	0.08089433397062404	0.4293674417429963	-0.19095658720403025	0.057683264902833445	0.09778277743260073	0.1477140442288806	0.022665809753187702	-0.47276246426325746	-0.22151460904945627	-0.4220944646719368	-0.1492354071643328	-0.04359271981007757	0.2606143261717753	0.3834556954054195	0.4758874154307786	-0.5036030817141509	0.2209836573943853	0.21876280505157933	0.3590741561167958	-0.1262882792037077	-0.1845816416045774	-0.37891028267130694	0.13853970077940836	-0.19631484075185116	-0.11875034799779514	-0.46125982774383134	0.6246088483466645	-0.3938604485341535	-1.0163749548906598	-0.3015530724618682	-0.7342310792924012	-0.11634817041041953	0.6813066392055566	-0.15035454070464024	-0.2381961246538606	0.22023159939873016	-0.32885254093722627	0.1615142495793831	0.40223851271966826	0.4888680347885215	0.06941063949533569	0.5658303854947636	0.33572353210319694	0.5780489668351672	0.7397734771188572	0.21008833602930843	-0.2037631711726646
DTXSID6021456	9.28775164809404	4.625070449736522	-6.460877849515628	-3.257754813215259	-0.5379310675336474	1.74238929944334	-3.543726293828498	-6.720176120740753	-3.2821744438160922	0.04803667281574634	-6.454371248858638	-2.970821761887249	-1.5211585265462009	-3.5728657126187815	2.6526542581336767	-0.06301667498747024	-0.10209782787248585	-2.3759971847881847	0.3488220587649239	-0.6207086205057909	-0.39431819443035143	-0.025754609320929284	0.8662239294309235	-1.476662622280458	-1.9950400564163857	1.5093647346092327	0.44771668267700426	0.6726181099218678	0.9280214566722174	-0.7862855653666037	0.693712374553739	2.1313399748330264	-0.5413339263187421	-1.5176314887553684	-0.8449264225917903	1.5130392446743337	0.45632321647085206	-1.0504791883272468	-0.04315469795623086	1.1946573289839355	0.14651358342534698	-0.7773599481888603	-0.5519177851892969	-0.44232288556507027	-0.912667451318803	-0.0928153655931099	-0.004924717598677242	0.16620033005508283	1.250917847120601	0.14658956749660157	-0.00787536501847443	0.09642362838835251	-0.5925710773403813	-0.0354505878033591	0.9263988013657762	-1.4271203503032066	0.13105623604960026	-0.7179515957740199	0.4530277215507156	0.2296095621374269	0.6115133381158545	-0.7829516282271343	-0.6023551486485785	-0.038046187666476106	-1.061644213524606	1.2067019840596291	-0.06358264365128982	-0.9944620509634653	0.11147220378733595	-0.8826834067815398	0.7616209294077143	1.204700071389599	0.22830912339089798	0.344294159344951	-0.9418133231088784	0.3343463967309075	0.336236806467254	0.3514251319006793	0.18464690731778985	0.3131492240031215	-0.6275265544030649	0.032374337523219644	0.6321752977999129	0.37503358486870864	0.16149345467850024	-0.3107508158211625	-0.837134047441929	-0.2690460862944412	0.06817162456762989	0.4444459166280447	0.6065864235187425	0.480824671416773	-0.808119554895805	0.5531343876497784	0.5275510117858506	0.3073357317059731	0.045776565506190324	-0.3163380720847079	0.6523656211052576	0.28202866940283233
DTXSID5046489	6.154996896150722	-0.7706542512627006	-3.2756341405184055	1.6896131150753304	2.9987270073072785	-2.1050580852442495	1.1170238229417755	3.7795737111218237	2.698009591708138	-1.8377159809604853	-2.1823305797889003	0.6226924533484421	-1.6641866683706563	3.581011569535097	3.0195644665126533	-1.9656421980093668	-0.3098780841221867	-0.4783062811624053	0.593229157395441	0.5229280336115086	1.7832794956980282	-0.4256645710198504	0.4993114640125861	-0.1573194126356114	0.922872033181655	2.6964258099960827	0.5357666055934157	3.2649292122417486	2.7424825679416704	0.7890692385574671	0.5225517782777601	0.6386874583038594	2.9984182198684826	-0.8055415253366615	-3.3487410241779814	1.5812461907259803	-3.7348647179297716	3.756352870268479	0.7795967403202969	3.12276500152238	0.31624044750381575	-0.18931676789610502	-4.5908409039027	0.13953743489440806	2.4715101950166574	0.4086185494078356	-4.4224830136122275	1.9840792097748285	-3.3974411156325055	9.578763445066551	-1.5222909852112845	-0.9252643086621334	-0.32440012747029556	-4.125219934412401	-2.5447410236493577	2.883919508253927	-4.7720235629144065	-5.086667170637247	-1.474973975573469	-0.1335389106454371	-2.612612791931346	3.1972357793252226	-4.733950616787697	-0.6905245426999757	-1.1557494750550508	3.463731204110016	-0.934378968317745	2.735375147639151	0.6364124724681288	0.5234273377665339	-1.434065628041943	-0.09154981251686775	0.3354163565592091	-1.2452103744064533	1.601846809543646	1.7911068916970228	0.13328121029722992	1.95167084780815	-2.3005119366889875	-2.781715042044682	2.3355155718142937	1.2822830061050274	0.7165480333304591	-0.7384290683695844	0.5181531632867891	1.082345125189508	-1.73195056535118	0.17869034626418276	-1.2226347615301776	0.09312377843140714	1.4772287810991371	-0.5554507355355905	-0.4387841963736547	2.441586698162164	0.7120279138681168	0.10155695936982512	0.8437218478279098	0.7152379340307831	0.25792363150151026	-0.6593571074577413
DTXSID3022742	16.713673150308384	-0.3916548359889891	-4.130028724264822	5.173176326359141	0.34399809228890105	1.0797920284247775	-8.308069492202206	-6.48975702434361	-5.689406002350068	-2.205930724578528	-9.900261179997253	-0.631451182108661	11.031429610965807	1.6253008674864242	-1.8782196217391254	-0.5896595890812537	-6.749990551889703	-0.8508247846512708	-4.268927379249178	3.1651294886154426	1.4366045892024395	2.503842494819279	2.5211663900390375	-2.7223331510201247	1.5584867663967645	2.657166170842523	1.590697288729754	-0.58524841080534	-1.9120905802203338	0.2213867103885726	-0.679598361360985	0.9612104006074482	-0.11414745812674883	1.5619200193637457	0.12449564951139638	-1.4872431249697615	-2.1634288972045854	1.423685196483292	0.05362729771574205	-0.5125852046309153	0.3073781664602283	0.3984161846892555	0.25780977987274195	-0.7385997860609701	0.02020472048767196	-0.37700641304379956	-0.08696494035355525	0.14221640810309055	-1.0898124795138826	0.5987827037698559	0.35767942174142925	0.19968257919901652	0.6526314371789964	0.6572883773568605	-0.07619674896664375	0.04141342292460845	2.1850412459547215	0.4971748657922451	-0.1557795904219423	-0.8954225042985196	1.2372869908666932	0.5277370711000049	-0.9265786502779806	-0.2924089633858614	1.159324558163096	-0.23026627360290736	0.8482550263968356	0.017895061478248955	1.3241575959783274	-0.07646119430098627	-2.962004845342245	-0.8087959263186972	0.9713628704292157	-0.8703696037325455	-0.15678966022122764	-0.18816831140193152	0.013999382500383725	-0.4155695226191021	0.043806798717717005	-1.018722316839603	-0.25231410301681745	-1.3259259360625077	1.2160340129463476	0.5090934818813568	-0.25651148108232724	0.1602624630461472	-0.2814289634496601	-0.6635846699966106	0.511682176251752	-1.4750464064624693	-1.072248394942052	-0.6662633503806481	0.24890177538666935	-1.168350419697315	-0.15418727601757562	-0.9996801737305437	-2.652501430447273	-0.9680456136003471	0.4334509961794483	-0.10515442077754024
DTXSID9021134	-4.392075810466618	0.9191795510806537	-1.243012475368166	1.5459263654537063	-1.3605137815531942	0.22178668120051215	-0.5997044578799854	0.5739228172495884	0.48597233151316516	2.47432114177191	0.2853863387533568	-1.035487590079633	-0.466397941790699	0.48904063651024315	-0.02005786057617334	0.5635146424687585	-0.16170771108316004	0.04341300085085636	-0.3420250950719067	-1.2361083062861007	0.27248458831854444	0.931687865486537	1.2976414867898467	0.49848672197080107	0.17746003835272436	-2.026706496373432	0.7471455186981997	1.287014649281424	-0.6604474951245822	3.493770262615666	-0.8086222577146923	0.7111110875568522	-2.0061167678551732	-0.6514125148341514	0.2559841704910753	-0.44912572637921855	0.5426069744573506	0.611836357234941	-0.14410744318229904	0.27779028835684516	0.7845121281878304	0.11942682351475266	0.1095184098478725	-0.17496194324936779	0.41745572632225364	-0.5487771836992926	0.08046891460299768	-0.008097043536737236	-0.07177531604991018	0.19786410561985815	0.11968689072778772	-0.14961846398891096	0.337088175874275	-0.3231814613382495	-0.6758887811508002	-0.21428714212212996	-0.28925051893923365	-0.23494651695485258	0.6445919871466529	0.1777077461924833	-0.053619522635505665	0.03262979697346643	0.07100973251063067	-0.5967193287700889	0.786873716384838	-0.2669176256217655	0.1687025739259477	-0.5464659871426618	-1.9206745512723653	0.5075179496217782	-0.9909051212879689	0.9348491071920183	2.1317103399319612	0.3666840048339407	-0.8950008774775569	-1.7437749535508564	1.111780726110987	0.6396508843685382	-0.3444412529251897	-0.23574141200444207	0.8862648462131056	0.41882352382077304	-0.3147660022236857	1.885073559813539	0.40135623912581286	-0.006982253358359304	0.3834045816999359	0.718545676568245	-0.5851138236251482	0.3704260181752783	0.36325127384803957	0.6561220180229761	-0.20281331802238262	-0.054438657832017776	1.2434782867684548	0.2245730399387361	-0.7881546169374319	-0.05435914446919914	0.1289922575328765	-0.9552778473681584
DTXSID3024497	-5.265170750987418	0.4150628577138973	-2.3526108661757554	2.3182807461596093	-1.8722760468198159	0.2655302048056975	-2.5806118444407584	-2.748186057477983	-1.2191938731181517	1.8184394993708446	-3.506494253093749	-0.8851842683685773	3.400693153165958	1.4368935350310759	-0.380947227804777	-1.7864861316360103	-1.543644807140839	-0.548691025022202	-0.13829947855104036	0.9295161918060016	0.2999259454088694	0.8938206364717483	1.0352565698301828	-0.41428711901251125	0.3460363061495865	0.2940898125639603	0.2469235489838394	-0.20763760902549577	-0.49335415424589546	0.20198602501206608	0.4775164570470621	0.1475143225410024	0.22209707563359	-0.3510975473578012	-0.8867843693435192	-0.5443500879021426	-0.9503427850213524	0.1530643708341601	-0.25449175879125535	0.40273162315561944	-0.006236539715397249	0.3237857023552321	0.19910766639588026	0.5159071328913727	0.05511495133330077	-0.14372801367877383	0.5643242784701192	-0.06136061671208365	-0.3732841420462669	0.11250625478251186	-0.1178877319658848	-0.23402525661881732	0.24548070689992627	0.20591160919502813	-0.2955532067061663	0.002117966988867901	0.23867933564729896	-0.12345484452920188	-0.7256322267525595	-0.4285794649716864	0.6439253241009552	-0.29046473615787544	-0.0721882776006666	0.7457282580940184	0.327884690023919	-0.6323250010795456	-0.015706567425033333	-0.3581922705417901	-0.3058312904499627	-0.17187278977801682	-0.35828018759689995	-0.3601207386942678	0.2643263935234918	-0.3971520036989977	-0.19816860236450157	0.09698950755363969	-0.10627717964332581	-0.4967926008695495	-0.21183234432321985	-0.31537483612678174	0.31811174784368396	-0.5069141452334449	0.15015205608876422	-0.31728644114481447	0.26857088470448137	0.12386113818067311	-0.092984119231665	-0.0026044154879137165	-0.2318531205595876	-0.09133049818240808	-0.5742847108765411	-0.37892928177347523	-0.034264863585582735	0.009082274729262495	-0.46424056255337154	-0.5460344512109511	0.05538017558933147	0.056264390316807876	0.08067341936140768	0.12451004965092141
DTXSID3025758	-4.294893968188592	-2.657181349747914	1.287985510973287	-0.9501096870172653	1.0038394960585237	-1.0139633561914603	0.2676423033840777	-1.1448965601193293	-0.11549257742661946	0.33431624959442774	-0.1940843586673305	2.5821195271922255	0.14573627669867728	-0.8203774872147911	0.34079225525833834	-0.02696821930656997	-0.29335380591003896	-0.08971984212529624	-0.2005252368385793	-0.17259144692804346	-0.5516430056441212	0.38834622608541486	0.36003952528597677	-0.399503560410982	0.005870041195303818	0.5198096750243191	0.6168145756974516	-0.44352297725576006	0.27854217589392943	-0.18839951029452065	-0.2599842114787699	-0.3137256670816648	-0.29613028598262486	-0.5442130564624248	0.21674555926589045	-0.03650603985366089	0.5426572034454687	-0.06031600907236437	0.446523627468234	0.6975102730321758	0.24518428097125147	0.5721415731708479	-0.2896578029192645	0.29940764688503857	0.08853006282171755	0.08166508200465725	-0.09047216026728015	0.025231862903529877	0.09081160142930465	0.2785885456049292	0.25613969156319305	0.09968077806732616	0.2627309064507166	0.11265541950169135	-0.1757702501691313	-0.07040637672631138	0.44662841305469864	0.14070211796529072	0.19521867917044894	0.3924011848093161	0.007603108464377806	0.27551594877407365	-0.1941235571113309	-0.29000840779716486	-0.1926468973712664	0.4858433683935185	0.13570142638405666	-0.24669180607367888	0.017490500999390753	0.6406044837098498	0.5597846475986926	0.5815187099780216	-0.286407512578104	0.32650767310379963	-0.40345682989330606	-0.38956477229696695	-0.42774589369381677	-1.02560253434921	0.4264069312625819	-0.12485720951161604	0.03310741086024813	-0.21572240016137545	-0.010581924228622808	-1.0243475761445902	-0.3050515556717626	-0.619127232703915	-0.18093323145496096	1.334821464155466	-0.8132793199636663	-1.340792946318338	-0.5487892702335652	-0.22422699444188016	0.10066616764172434	-0.4230808486351595	0.21636760554091417	0.2959789660624126	-0.1439399326329327	0.09269842464577546	0.0478279218637199	0.040288629492790516
DTXSID7052860	0.14271307894933874	4.32604665072337	-1.0991073957647	2.799585397446862	1.1245526371355843	-1.3799780596157685	-1.132096466547913	0.15862217736241124	2.2897238596575376	3.745036843974665	0.12326408663797936	-0.5819745011431323	-0.33963601594176146	1.8887846950613694	-0.37967327367593834	-0.7009263541157378	-0.04039892864910707	0.8625245754144336	0.41919750880019224	-0.5400375216273372	-0.18141055287292257	-0.3022986400583507	0.9228886041944039	0.14593330188835354	1.2119176762056796	-0.5873496073060497	-0.5423812409444042	-1.1518651070300254	-0.4216044720033052	0.8169600681517606	-0.6301574755966417	-0.18741916146532134	0.5103858634791926	-0.10838979641680237	1.2351056716644844	1.733451624167551	-0.7062258469469138	0.47337508152203894	-0.2539538386180786	0.28330626489929805	-0.3138305623723302	-0.49304969183234043	0.24537508492418422	0.0695779866951585	0.5818048920320291	-0.12524156605202902	0.7827816375159327	-0.0030173995575864003	-0.1751500236112511	0.06905902085207792	-0.15312646166734575	-0.15690911395900337	0.4523648852097777	-0.5375547420464682	-0.38712714200362974	0.39351327352892035	-1.1682035182091381	-0.35977718906102474	-0.13171158121786558	-0.13229197836493894	-0.0716090323230777	-0.5910599669599121	0.5743074133784247	0.19582460591753387	0.32585445619456005	-0.6877996615945253	-0.008771722878011574	1.385213648134731	-0.19509167658691576	0.09434536738965409	-0.22101860214608934	0.37228527482328017	-0.4933833933676851	-0.16541102851918077	0.92925316051483	-0.8118856312161968	-0.022591585332239077	0.02076279611529801	0.23109414254643562	0.40213413328914505	-0.5400439969867753	0.3052266728054958	0.12753969007884347	-0.6247048102692058	-0.31659400396762827	-0.23784561387942635	0.7582989771819771	-0.06303384094097092	-0.009389790094504954	0.4723803781400052	0.2772181489326552	0.377795744950177	0.46038897266688295	0.19087557215917353	-0.07020453533774941	0.5177695251915558	0.250473167449321	0.0005027335731114649	0.1454575985819879	-0.3541609720714049
DTXSID1048178	8.727188313488805	9.094587015108294	-4.126727042036871	3.1609515608359993	-0.5141584395505795	-4.280993901548863	12.007383022830092	-4.070669583863615	-3.3446322388727974	-4.775525518132838	0.762241700730611	-2.2989923881206984	-1.0335143270311073	-3.135380644751396	0.5415042442453868	1.9281898801637554	-3.1906094856122253	-1.0618388021322518	0.8773500843339009	0.7477384164226996	-6.9553888869140446	-0.654025415586021	-1.8937538061832537	-2.0530430920558818	-0.7420356537676166	-1.2294366022176026	-0.6386840241479941	-1.0829264016946918	2.5936412288090387	-1.32559971375443	1.2267147347474716	-1.8574903657002888	-1.8054371071760293	-2.463317752662866	1.554073607917459	-4.916255309184197	2.2333722147796204	-0.4573972346303164	-3.4721992978609797	-2.156992616695774	1.010288569760827	4.5480614312285175	-6.679687729751016	-4.061998438849272	2.493108914171997	1.7620743895607156	-10.178788347705812	-11.734341853031527	1.6272844193100375	-4.874586216859229	-8.771245522423934	15.085792689984778	10.084302447662827	1.89009657544925	7.366093832679468	5.813281322023077	-5.057115280148384	-7.460213574525964	-0.2834587160847584	-3.6697251221805716	4.624514300402552	0.05723109779504016	1.8994662296619045	-0.964000558762364	-0.319950502848485	-0.4155068311217519	4.524791886128399	-0.9550587233555888	-1.0919073695867525	0.19886472569945193	-0.6870107254615043	-0.9986679604169781	-0.536616708542427	-2.4911880046122548	0.5271627078837298	-0.49220136700738537	-0.161454865165944	-1.7989615282149343	-1.011943312426821	-0.78602153104885	-2.237231105981317	-1.3756385263954956	0.8932015208555494	1.2739208065908176	-0.9929433006621152	0.22721558313753623	1.4094321204803364	0.5421931169138784	-1.583251155966208	-1.4113245526938814	0.7308333220932298	0.11640707483963401	1.2431922959182247	0.2508528377531551	-0.9317640898531395	0.8959088800623981	0.05847198249182017	-1.0949101245328874	-0.0633007720040898	0.16909084172382352
DTXSID8047050	0.6527949655216779	-1.422727693993353	6.3529011869922964	2.441843771202596	1.5833572609344242	1.2831184029391765	0.6471954596463348	-1.171096707850268	-0.21285437925322553	0.8689458417318403	-0.225189167526643	-0.34558057037999285	0.02026406589357731	0.15277659359668208	0.14278976046339692	-0.21100490499267682	0.48087422362111454	0.2759952439283434	-0.36046579563674214	-0.4347307614529702	0.11703941136136224	-0.5181530300369045	1.0520740827518844	0.30514606687421897	0.06811648781050025	-0.5457266439318047	0.17506599190089578	-0.44312996784519265	-0.1653211647237175	0.22607296711080407	0.2603994089000463	0.5498905903315111	0.8379416677048873	0.07434208085200325	-1.1225179263260123	-0.2257691748348209	0.31440507172747884	-0.6605346430656583	-0.3803748030522049	-0.27708005244746	0.034857717147392775	-0.13849212803689312	-0.29154324948656457	-0.23881326448872695	-0.10513103172190129	-0.4084525160491751	-0.4074200573818139	-0.08918522936939756	0.11643270623920197	0.1086561324292862	-0.03119066412637245	-0.33305314188714447	-0.049636730995930384	0.05021927753966563	0.13133588078229477	0.45076206602271285	0.2904296356827481	-0.04546184731204089	0.08988419130127948	0.3240871173312072	-0.2173255207124202	0.20047227919239619	0.21666948769575162	-0.006508485536954827	-0.40952978860349276	-0.18057571943347459	0.5424637901184561	-0.8839634070174269	0.1423835179652334	-0.05491996233362483	-0.44527124093763226	-0.3420197182768916	-0.18289896584400622	0.301654663570201	0.41567476983825885	-0.04762572406938861	0.1585595886352517	0.9996938546708737	0.24108532949448486	0.03793168887538585	1.0474688072997052	-0.1695140589090497	-0.18129968597498022	-0.11943993225433006	-0.13171441545881007	-0.0691118003556886	-0.3645557116095844	-0.19075086126346913	-0.03634183747648604	0.12434154195059448	0.26627638976245716	0.33721800310107797	0.09778336895136236	0.22488590467299824	0.2340952488090417	0.0225648819341325	-0.15455514043815718	-0.04807897021723788	-0.07915336336846161	-0.4221248160425535
DTXSID3026932	1.0360969673399587	0.5200359133795076	7.552007920108057	-6.41522527975944	-1.7401493299639246	-4.401105090844325	1.0856339354396027	-1.0818704307276745	1.3741412448731871	1.1185236139100454	0.943047205364084	0.9428517988309806	2.624262989215202	-3.1697766071349065	-3.891921370715297	-1.2277201843191181	0.015948085017016955	-1.5785257433265059	0.029037556300509457	1.1771880085893596	-0.542792415425235	0.812137723503663	0.17092768175176087	0.1615748522706128	-1.3634118270104305	0.6814964129275326	1.630792119982309	0.5745105122109379	0.6572937332242138	1.2129423567447637	1.2284944440879502	-1.380876475498692	-0.054979857297303814	-0.3491731866768112	0.1829116614789161	0.5971890233754543	-0.5565660854976449	-0.2749546438362217	-0.27248886858730775	0.7212918672325836	0.32132372883617855	0.019368011385991465	-0.0786733711951185	0.16038354627307247	0.24207440054299884	-0.33802369964780554	0.5190578617483756	-0.6234757162583321	-0.028044181032756924	-0.6420417958772542	0.08797332325098857	-0.39408327094415796	-0.08779736977455783	0.33554572197691795	-0.26958669398489665	0.3312998371904049	-0.20503833446202804	0.17871437532040318	0.2772341238741619	-0.48598235527475836	0.35503150577034287	-0.41420669769402485	-0.42682147913173185	0.46701834677630777	0.21621860220505293	1.116399360671032	-0.5544493750519004	0.3710834421743504	0.06242503372549426	-0.0895348229874175	0.5937566507113167	-0.05267035661866845	0.30917129789922476	-0.06692797699900167	0.6805688304334975	0.049634286492830734	0.14883424126023648	0.16297131581386173	0.4956855615006204	-0.5784096830530515	0.9623246142291793	0.3952129222427402	-0.13289104495492707	-0.024296914683428174	0.27459833431173675	-0.2801890902320531	-0.04628682307028064	-0.7368438387089568	-0.1744006500482989	0.31033518851042213	-0.1042801901472385	-0.3740010187982268	-0.5671803707486756	-0.2754116007971226	0.19465006629256812	0.07071597878089127	-0.14670978624255235	0.42110016406688167	0.2951735566963635	-0.30729993170772174
DTXSID7041178	1.6588734588597285	-0.04804417384224179	-2.1332023582409856	-0.42239859946004865	2.800143803848231	1.176382209923614	-1.1436424255395423	-2.223794155855108	-1.5195236467915523	0.10596378864847286	-0.7400287409803245	-1.3750677932585957	-3.7483572382689196	-1.6011177620141543	-0.3193597936057481	0.5141589231370282	-0.6580427648811883	-1.316833128483334	-0.7841981123384804	0.5740364066157819	-0.0011820448376933797	-0.2663620110060367	1.4665530532766593	-0.7411245658896063	-0.6578128271914379	0.7132588021196035	1.0489000832423143	-0.07863549416334041	0.03960400873959695	0.4497037793308617	1.6907229344566876	0.7114080685139518	0.6044889961781124	-0.4305471552370281	0.4664743348153958	-0.7923397034974116	0.3635293673049216	0.21531758635392462	0.573691017506997	0.1322972828707894	0.026296567380818807	-0.33218902099651443	-0.03793937194890001	-0.6845393915327541	0.051508024569081115	0.3427143570231184	-0.3673807769926999	0.3360662576726192	-0.11273974585206409	0.3716883060216577	0.3434933959633171	0.4549343836591898	0.1104635348567955	0.34774058971679817	0.44598571190321074	-0.09519778765518364	1.185147633225497	0.08942894413421237	0.19260551011799987	-0.00708342432658792	0.015536214897322348	0.06654164544882654	-0.8436779908023097	-0.29154134379204194	0.313325371797985	-0.13271359785677836	1.0974296289705883	-0.7950363602549212	0.07900011150554208	-0.4532772195394498	-0.11134365849327763	-0.9237796212776028	-0.34650033071924363	-0.7262826659548456	0.4939673442676789	-0.7138381082272697	0.07684386322951213	-0.0022582044660276386	1.1081515329123348	-0.08543822978236018	-1.3782490906130562	1.400062330338297	0.5481656503403165	-0.24309849063259154	0.31459756230667024	-0.9412581565016431	-0.6747594109674085	-0.6724978748392233	0.13785333889510445	0.5459350167446668	-0.35361409547356054	0.2318905696120187	-0.15271876542566684	0.1686184437235213	0.10026402410592926	-0.03846523238564671	-0.8038774916615762	-0.07096886886634088	0.18699892041128133	-0.03978341685405217
DTXSID2040363	2.4940434118136876	2.9054460092958934	-1.0405867270058067	1.026341530042629	-1.3687861852705023	0.7940556580271759	4.055399669844099	1.5700140134537706	-1.643968489577825	-1.7540636632986353	0.4285392305405608	0.3075988525746985	1.1610275397540415	0.31407488677051365	-0.6222826459926112	-0.3619516667876895	0.795170793362793	0.5237423238035452	-1.2029054746069916	-0.9024060294785459	-0.8179481406168355	-1.0940293792382874	-0.02837211745156381	0.4939140272069425	-1.1269152762048704	-0.2620221588728803	-0.3911700932601422	-1.2661515675744122	0.8884366954393499	-0.9784485917733593	0.41272027051641696	0.20526517082382012	-1.0424341276967473	-0.8286416163749842	-1.0519554510326234	0.22058971900812077	0.09884881188376841	0.6609144409459835	-0.9609154758973104	-0.9195190822053533	-0.14005243802600204	0.7423204426358396	-1.28364468898927	-0.7780405683752442	0.065615794947908	0.7278753108518707	-0.3740044692187008	-0.397276467852293	0.006817170640897187	-0.47428815354647624	-0.26133860970093103	0.20089242401613486	-0.6043568384950178	-0.03837624350421155	-0.5262697825176593	-0.47773927130836724	0.09049665238175414	0.768938587328147	-0.910902180720688	0.526468080862043	-0.3504646784163531	-0.11355177371015673	-0.13575296206447354	-0.18748967865225172	-0.7060576064818523	-0.5726834523122467	-0.9640176486456407	-0.5059942484957789	0.1656946163922656	-0.04526934031251806	0.8021990587891147	-0.7217872832711023	1.4534395108427718	0.3538642207477288	0.30279935927080714	-0.2561224141158172	0.9928788586675173	-0.14764365570856558	1.241138751227633	-0.046700014130423996	-0.9059152488037283	0.9664452077458179	-1.0393176324574995	-1.3675235481602648	0.028464797199112418	0.114343888781951	-0.2854170476099624	-0.29535421005089796	0.4447567809249798	0.7511353907422089	0.44661380141010226	0.48514437988659387	0.069449936702226	1.3862354720584866	0.7677144614051244	-0.36277815489418136	1.1132611012164713	0.2879668202737582	0.13844629855777857	0.06598023075889839
DTXSID0020652	0.7835047111806589	0.6998303547096415	1.6061092601798015	0.4716339833030574	0.24653755536172725	-1.2041259304264524	-1.4336817026932525	-1.078709857678687	-1.3051263942534725	-0.4136869568260879	1.6339271467698513	-0.4352251547323923	2.067605449779651	1.107526076035122	2.3839163806998775	-1.0919973083552925	1.7900420413289382	1.5075955322793841	0.6825061507949729	-1.0269465900349692	-0.31194261019062675	-0.9779182229046208	0.10996460921993838	0.7001111255558915	0.9075634770129729	-0.20218038688944734	-0.45143506802114436	-1.5341345228806071	-0.4390511346604277	0.4484626153497655	-1.1219746597110125	0.26872566222954014	0.8477544111032955	1.1128290331233393	1.3659263180703807	0.7279091095568962	1.0684441148257646	0.34513725959950203	0.22090492039697276	0.13905727530242154	-0.47460841808568416	-0.3935970520360201	-0.556987393354692	-0.5819348324218041	-0.6421429799357723	0.12376344018944181	0.2305012857137258	-0.42168446012836736	-0.0873341691531426	-0.10480813090295549	-0.0497747294369043	-0.3148309979139061	0.22203175139202352	-0.7339185565666378	0.3296941607452833	0.3765901709865318	-0.2417881970845203	-0.9454452541558532	0.13244003714972474	0.12056810522948941	-0.04449353933975122	0.0746116042721975	0.3731271969180362	-0.31093835909972767	-0.0611918327952362	-0.149749256596368	-0.41808464465152867	1.0627572077693894	-0.6856886242829298	0.2433493372959817	0.8762688166778939	-0.09672379617574257	-1.0552427203025354	0.6364734070290521	0.4443852016421853	0.13510466128179424	-0.2560202419338681	0.45822045715940046	0.026703421173488933	-0.4252156964494	-0.30485760080164115	0.9106128002394144	-1.1514319154462966	0.07288547753812433	0.5989526209251985	0.23029333844502278	0.1505515699998793	0.013756644866571669	0.2295879064592031	-0.06911652268626614	0.10368526925216626	-0.35033039695432217	-0.211736155685388	0.3530300682396437	0.08175400411393306	-0.11777337077845532	0.02277297252252864	-0.2432735755081614	0.2752336133186582	-0.07302890956325896
DTXSID2042014	-5.76846133884231	-3.2284546592847745	-1.3402674895539697	-0.38458564738637707	-1.1415445113375298	-0.38466250792766216	-0.6535079101626902	-0.7737978253611044	-0.47324156790927363	0.7725292056145132	0.16194794335430593	0.4838339524180344	-0.04518604619664871	-0.5985686045023254	-0.23006347243340447	1.177853976021801	0.1317295749664943	-0.4122038524731488	-0.9600447550047628	-0.238367507524747	-1.0329754080504474	-0.05998795802528111	-1.901695244902244	-0.4943442572708708	-0.7543300073691757	-0.9025767512127499	-1.561425011453	1.1488445762631654	1.0083187484708467	-1.657885685020378	-0.16848893005970167	2.423346543209547	-1.4667417730137609	0.20010576543852684	-1.6366432888145224	0.1602634515669531	2.8504503197859195	-4.462402877502292	-0.03985764304209222	2.3477536445099907	-0.5964697412647388	-5.421214991724707	1.180749559014065	-3.181466535441808	3.530845513421657	-1.1672401275360704	2.2470198519251983	-6.24686840496314	-8.282092976573537	7.594669224317049	1.3341236803579506	2.228058258518634	-0.4330620586390611	12.654281712893624	-2.1750955492323785	-2.9074416608328093	-0.6205347559919947	0.9881421606498562	0.4271456740470608	-2.001089706204318	-1.0887975412450077	-0.5974807353352083	0.4091450622706333	-1.8990600466873468	3.411089267937401	-1.2944426973832077	-1.0429200242774779	1.804227945410103	0.271188305485666	-0.01224743379878296	0.9968421390913899	0.010707093957832151	-0.8492013701878413	-0.058697502189258115	-1.0417114714583178	0.36473135343023	-0.5173363040937349	-0.20672160865541742	-1.0484949943596897	0.7059462009486944	-0.6614854484095738	0.4450438200253999	-0.748996978377093	0.3786048935289004	0.02489474328990653	0.5099225544537697	0.2980753122897519	0.3879216243300667	0.32031227996453276	-0.24169302492514957	0.2949270893843233	0.17389674145539705	-0.24283371717528474	0.21598408200117136	-0.39251667456408923	-0.05532895597540369	0.031046865221257165	0.4149987241673873	0.2668046311893675	-0.3293683745554441
DTXSID1041421	-1.1577370767490676	1.5228058860936287	-1.9113993423644795	1.6360660963913174	-1.583065003373723	-0.517686075167541	-0.7706698678445751	-0.5334776128555055	-1.3092794805672359	-2.9372223946192455	-1.4793393549311704	0.35319084890659763	-0.4887221763592411	3.1878445180961728	0.36682647389279843	-0.3713900654784767	-0.15843769195683702	0.3844621127279404	1.712829937213374	0.2740308048039442	0.04226494009615523	-0.9157891796125522	-2.6296212245997754	1.5903647725347503	-0.7201218289630347	-1.059195809688317	1.5962228172809567	1.1122672024407754	0.3679719407397341	1.1766930228315577	1.924396508090107	-1.3291115910646285	1.946377137944396	1.0604790685797902	0.02568387456160686	0.07101174527539726	0.5763006774068421	-1.0375648620096807	1.2922516512041047	0.09569927893717349	-0.48959409778925655	0.3976884450211725	-0.2680141409913702	1.0312039678967113	-1.346069281443369	0.31352685140437003	-0.06522292049923095	-0.5488604799650364	-0.2024134100364407	-0.9540149501244571	0.25471511484611514	-0.215127043221534	-0.9557853494618429	0.5697802108792821	1.130651540064034	-1.2399284547980374	0.22041242838125816	0.12340324602739253	0.46537425651564973	-0.6045922055972884	-0.13006613631586514	0.8430471147203022	-0.6198882642721368	-1.8927549198592835	-0.7684406367552109	0.10549679163960914	0.06598174737073197	-0.24981121764661904	-0.14499576349639204	-0.2783986557968992	0.38712124303547785	-1.1296550586887306	0.014230635516078989	-0.2994350333915711	0.9558201937441413	-0.20003406740117546	0.09900202900152438	-1.192384410774708	0.053764674525646976	-0.6963802780211097	-0.3642255861736114	0.17246126050772687	-0.1574413602536188	-0.3532148417320283	0.3249011655321763	-0.21377371178034713	0.10661009205981904	0.5333823560976729	-0.8061437626223946	0.2570878946985049	0.5359595375611245	0.30487621505161916	-0.19693914563264103	1.0190403496250706	-0.35185489119120206	0.334778047758062	-0.09088886082756514	0.24713865827654682	0.5188383702017041	-0.1524310352448502
DTXSID3020047	-6.848666702006181	-2.0370520353254076	0.28239203043330435	0.24428380626442006	-0.6794273710473169	0.6590320496129104	0.7977808378392404	0.5291225200791578	-0.9287765177814635	-0.8325676201456846	-1.5523424881064918	0.31360981032044893	-0.3442699578027105	0.30494620751777124	2.6140512503077207	0.8014835245981045	1.5781546423588089	-2.0260345135730824	-3.8608306469905003	-4.1359754869257	0.2735450340141724	8.680600579676014	2.206485131819226	1.9276999911236614	-2.3686846372140904	-5.015069819901045	-1.0996970734007794	5.4444602498152355	-1.905523065506684	10.134164531650928	1.747413720493426	4.601327779066836	-5.05416048115022	-0.9190911095934363	-0.5820475843301923	-3.9242077145264807	5.672222921983719	4.433238041168015	-1.6129221554052984	1.4723897942391395	3.281571200712444	-0.41970032506329125	-0.03697884087780776	0.005146175228039797	-5.524295137792744	-0.8526983718778359	-1.1320827318910742	2.6144184141391045	-9.079021107773858	-3.2589628806702358	-2.4524488095479198	-0.27909629840025907	2.174116123472218	-1.8547497827527362	-0.3687484463536084	1.4335983816423232	-2.569593683042972	2.2162001412698427	1.111880684065306	2.9505806446417764	-0.758859688522083	-1.8666471711494739	3.270252346099367	-1.3713216231611316	-2.7473579488369846	0.22686900003808932	-1.7474082058836493	1.8484652672734752	6.643402442380621	-2.7586560816150287	2.2168938136962	0.018133110002414823	-4.595899696096022	-1.1316608603580292	2.0629493932501046	3.6907715975208295	-1.1517938003318522	-1.1570371936156745	1.052006807730532	-0.7749757461830605	-0.14141194332316678	-1.2950854283457238	0.24444771618905523	-1.5761148957297904	-0.7933509330864208	-0.66336859468132	-0.1999507339504824	-0.39325537337851396	-0.028934086848253417	0.3545256503759561	-0.44021462841981673	-0.1091121337957659	0.35655134308464853	0.07722851061948427	0.03650680749179149	0.24351538855332272	0.5644708245888012	-0.41044867397166634	-0.5304604881814721	-0.4790110398613755
DTXSID6022002	-4.035800822886102	-4.029463327183051	0.5931075121751188	0.43067907886887624	-1.7149924449355862	-0.5798399693594013	1.0211916519350825	0.9505006509798699	1.2468920235414511	-0.30673653644510934	-0.9508372600703899	-0.045992572286614866	-0.638455472874358	0.5627343079111088	2.3915871739401275	-0.14989516763088895	-0.16867501457506737	0.621900642908956	0.9475621290654255	-0.15901486619372085	1.4637124254454996	-0.2893977888401283	0.3143656872825696	-0.9038129016160006	1.647852853184464	2.8617169720832996	1.0590103655215992	2.568035774541705	3.6450458154099956	0.13911589209648248	1.2082361883125023	0.7108807502152312	2.4551693326515402	1.013753543372273	-3.154590111455615	0.5462812773347373	-1.9328252426619101	4.090403868277037	-0.38983555801158004	2.0623793585298644	0.08996045557758478	-0.3987243274332872	-3.957048963381928	-0.15252733001605284	1.4251518541364039	0.08708463278352659	-5.349982629222382	1.7649435459502438	-3.409175715013734	9.38166557079258	-1.5656120631208947	-1.2838311946923684	-0.6320312550024054	-4.294257355761918	-2.4785762414923904	2.890433498677217	-4.6613941365318565	-4.4745907492888515	-1.2122080237057555	-1.100903071996222	-3.2928643752414786	4.1436358667756705	-3.893389830479223	-1.2926150054150594	-1.1294021813858057	3.453251741491884	-1.0128874518338702	2.1500224826490233	0.20314250254650315	-0.16413392817602201	0.49131252496449335	-0.7486011529104798	2.8959352292914415	-2.64381723640041	-0.4604127122289285	0.36922694453152183	-0.5059957804554479	-0.9710742314881279	-2.6126809008048597	-1.9823150819759106	1.442552083476995	1.1447207177299659	1.382429283261478	-1.229777414436706	-0.09477565298315738	0.798289792171118	-0.8046674568259815	-0.21051316064503184	0.10678203032278583	0.744023908649591	1.2060183697720435	0.30568974819270617	-0.7565799063688532	-0.35123431797026	-0.008523695859569714	0.029470366512206057	-0.15068037739903173	-0.08419028155174295	-0.34290692271733686	0.3249625271165979
DTXSID9045766	12.812248228590231	-0.053092464363476206	5.16433197286445	-10.593255913742462	-2.665355906411944	-7.650247109771425	1.8785765287644425	1.7451977551113265	-1.0372641293266676	0.1314995652304107	-1.4485128074000948	4.024462412158037	-0.29368819138441954	0.14845659730301064	-1.0478765471632083	-0.05289201060582995	0.6734853644603709	7.992184386151612	2.7587002600403996	5.7867895086708	-1.0185147512101471	2.8415868181523	2.757160441090683	1.5574829828144001	-4.961370348336914	1.0076651850399085	0.8607254480879794	2.7991984403307044	-1.663950498956442	0.09773873703869666	1.322967596139802	0.7464509949653559	1.5182420332071638	1.5696832163890553	0.4546389252793893	-1.6702465435136575	-3.1430542855086667	0.4286692226116139	-0.839102826038082	2.7429004799383514	-0.5928587252870193	1.6029429374870332	1.2347483228000091	-0.26975767208487184	-0.04036041528046926	-0.4489035746220448	0.12826461049008359	-0.9197291886801807	-0.15431434482588594	-1.6048282308125223	0.2316594677576843	-0.16152172865650807	0.2040382627111959	0.018701605302538418	-0.8633497727118642	0.00306368721062108	0.09473938388344857	1.4693451472214296	-0.4611227369748536	-2.5017864229240474	2.0171467657789326	-2.090632359961573	-1.4453406927249033	-1.8753281926428609	2.0022108859223176	1.3185910598435158	-1.3477844820807605	-0.906653717705773	1.2257343642441356	0.09251101800714125	-0.5769641694164235	-0.7914909170768389	0.6075750853572137	1.5187338710886322	1.6117562730387915	-0.23556177492718894	0.2421820395273354	-0.08950075250971119	-2.3515244019851718	0.06191770730653127	0.0936979887244197	1.0361487320903247	0.605747971393451	-1.1047775598787897	0.9087267878372369	-2.698924264637186	0.32688457725770537	-1.1133884118632322	-0.35186673656103495	1.4154398462889004	0.27738755282376787	0.4195659520767684	-1.206740834364291	-0.39003923800662066	-0.17559928442665065	1.0568729341859093	0.6598577357318721	1.145224937766834	0.7322894222771034	-0.8629624971608448
DTXSID40235137	6.309369785563394	-1.1686204870390298	-4.118773627631306	-13.125977476013627	2.3763268648062255	10.906387894461252	1.6325683282577228	-4.186334536505426	8.019248949248471	0.053577878840589656	3.3265393955367544	-0.520884254262	3.2994856934396672	6.384160632645658	1.0084082533808116	2.3720229618850563	-2.757657806898926	0.41107675444064073	2.494220694808317	-1.8023701303479849	-2.095869468725579	0.8299823035805534	1.7766248469719066	-0.8802472735551267	0.5123412796294461	-0.47399896064407454	-1.0726484364014839	-1.593429986056609	0.4878122745435214	-0.2845410516467046	0.9122507864678978	-1.9425886768233511	-0.8896863753892056	0.3370365992445533	-1.3652936904702568	-0.027652255179352415	0.30808392782890426	0.6380580841015426	0.6734321369204846	0.6196727601283077	0.06689110613425849	0.014801193908954917	-0.46853911733160575	0.07978591478317532	0.06260887177053522	0.7036153077106753	-0.6453893169010356	0.8967647777962657	-0.5481343413305338	0.6759505044695121	-0.0786588112605091	0.5112014423497385	-0.45237041441794823	0.21025294498202501	0.5344715490970763	-0.29620486889712	1.101491008991692	0.47504873967031525	-0.617237896362763	0.7103169531549592	1.1564424393482093	0.7181549002459316	-0.6527493328034872	-0.5572344135766326	0.19580632078765947	-0.3234293527404093	0.4425510792050568	-0.6437337102055767	-0.03783209062789901	-1.024582570083891	-1.0915990866992773	0.4152440786560429	-0.7522263881872523	0.11631173632514032	0.38282981815438466	-0.09074813424530673	-0.15544242493670962	-0.6235315211673008	0.8430537383341741	-0.44193610865741645	-0.4107059385367264	0.7935608151043937	1.270615271049533	0.4773579096305005	-1.157856609275577	-0.8075987347615328	0.5166946359768707	0.07155326732697043	-0.028876244620267243	-0.775750766514737	-0.34705707852849865	-0.0040816557765567	-0.11961369430970477	-0.4237385703953732	0.22509289690650613	-0.7111276719732139	0.16550878917545236	0.13909252072299433	-0.27797140630645467	-0.3457274889798273
DTXSID8048945	6.122564864612585	3.872482491067725	-1.0589580671387526	0.30377282819171464	2.7027209605473512	2.3607933014676794	1.144873940080827	2.8482370152433307	0.5786705066244835	1.705044479681744	-0.7582490047826848	0.6658234478096676	0.7352193990598213	0.9624688885130313	0.4877275213791958	-0.3868367752787446	0.6103489512648088	0.14361746970355943	0.42835590449136346	-0.8229624215087697	2.1153471233695007	-1.297543589216424	0.8973091998690393	1.3132028853637494	-1.0309945422504916	0.8988674464138229	-1.5177443176560272	0.5260579527099757	5.409944159030456	2.606323556188081	-0.7940863840323066	1.6240036674555387	1.5384360548551714	-0.4956262481981748	-0.9082012246474948	-0.0730664299793916	-1.3048048571437323	0.21847251537863616	0.7843415758048738	-0.27198237761588784	-0.7948682152145606	0.29616075167837264	0.7638142047408125	0.49324007731312786	0.3631239775512395	0.2608797617991172	0.4358544244478653	0.746579085935929	0.1933006772450443	0.7977711296696082	-0.10195257303258955	0.46986442124475064	0.3895788350811001	-0.20807098864316578	0.2325350002170529	0.8738933487866325	-0.21561067279264604	-0.6487212295538218	-0.7809201708447008	0.035444977661030705	0.12774838100232241	-1.5102449073882576	0.31394199860652644	-1.2643756148782843	0.2987116433590945	-1.1071198796941122	0.5580927240041318	0.3987682237504226	0.7247390315664444	0.6812166979771673	-1.1909833142401796	-0.2908447505895138	-1.3118987682551242	2.245658893152817	-0.7723844565440987	-0.034831929633390095	-1.4715271499780378	-0.23280808430099212	2.106611925759481	3.900294583422817	-0.8805319490210269	-2.8381877940692313	-2.653846378512656	1.9855997356242905	1.355352851690376	-0.23066229648177286	1.8475308339755319	-0.5143318714013776	-1.2617840702749032	0.17752627444296093	-0.9889564649311627	-0.8030177460519912	-0.5600170251745793	-0.2868376923707055	1.52801065543926	1.2092557373338786	-1.068291296982667	-0.18978623204407252	-0.33049477879250777	-1.585406002325659
DTXSID8021808	-5.42776002623149	0.8201528455240233	-0.328165164718774	1.8556799846809509	-2.111287441685995	0.6163271110287519	-2.8107071624136344	-3.0851179102132935	-0.47067794413739206	-0.9998583253391738	-3.567822926200892	-0.5863288124598692	3.869316310921774	-0.08314667606420005	0.5271215235499961	-0.24181897537072478	-0.9245138019746312	0.3479270270449708	-0.3134114312751903	0.2882822464861894	0.02150756884728846	0.6176172216779061	0.5871821253220443	-0.11217508906540097	0.938070562630617	0.25222809753128234	0.1861092544765625	-0.052490936180071335	-0.25441098448310046	0.13892257898967353	-0.9239343827231974	-0.37037177653382836	-0.5454162567721156	0.10561656562228253	0.5575910529140167	0.37763552039517034	-0.9458118104756695	0.15551014532178964	-0.12519228840734803	0.1598429501938639	-0.628910062770791	0.07092909035062697	0.0574510281468503	0.13104296484915298	0.3804842046356278	-0.5077510640325799	0.4561162631242276	-0.5725444373969052	-0.24509980956987903	0.30935991069030205	0.11538545536306447	-0.3634728713093559	0.6067735139338727	-0.17612791714743203	-0.5386136036230943	0.3150018492850986	-0.26228195948733046	-0.18741847016818788	0.30567444746888933	0.10347622251080779	0.07190312167097344	-0.20172998549142976	0.574094806664216	0.4807206348965505	0.3126512415657427	-0.06014846533691401	0.2822562409273122	-0.36105770782728946	0.0192377267201537	-0.02689415329934265	-0.4466264935751615	0.35391418401073454	0.1113383382884527	-0.31981734553550645	0.09256580144090987	-0.3360169236913096	0.03472379039366051	-0.3784360009453067	-0.07888416164000704	0.11248320159590436	0.16997182287202842	0.13030129623334424	-0.1701569537359045	-0.06904758861138827	0.10083229923500217	-0.3960535685288404	-0.5313551111463916	-0.08224991240674183	0.43917383239543295	0.3918267978814366	-0.5695773010485008	0.5252793992142475	-0.12181062851904705	-0.07298227176525206	0.11559198682638425	-0.32757546630367446	0.12988080980450567	-0.1205309223634534	-0.05466313008230224	-0.0015578371834843808
DTXSID2024163	-1.1252993302427092	1.2553886360551818	-2.2884709309988365	0.3250036976192354	3.0020816682080254	0.3237266032004339	0.20567267569171369	6.044729951347778	1.9033221363828334	0.07920058799471719	-2.0237930358933713	-0.14434915455256983	1.8628327945799572	0.4905027483479467	1.1752350206322697	-0.6437942698937462	-0.12580949297650035	0.8793483587234373	-0.6761879117432913	-0.28468692189068023	0.792416585374531	-2.7610684928072766	-0.24544871793812112	2.0972951312254984	-2.614960017010866	2.9211314569883715	-3.463875089349988	-0.22507054622213582	10.428952878524768	5.471849211142702	-0.6295759233207681	1.528647302573429	1.4527592996275291	-0.02197635222929103	-2.138997364462799	-1.9948825332822206	-3.4309023477842513	-0.0072177369325942715	1.3742102312528877	-0.24444681013844696	-1.127461569095586	-0.04759170433954661	0.657026389076357	0.40742627343854704	-0.04882484164875569	0.147054777438339	1.1141301833467294	1.3203222178315663	0.17495780590688598	0.8622370045156835	-0.13558336278270752	0.7587043838036489	0.7080943412380742	-0.27008428191909767	0.7134996650640567	0.488632278507636	-0.4639095752332064	-1.0636998659294488	-0.15114285439993375	-1.098374339836528	0.6135683174740668	-3.8686314710057403	-0.48907273496321696	-0.868545321434774	0.44779503085604816	-1.2599531642726014	0.01864483869805067	-0.23284097711120041	0.9438805940660693	1.3772446545332817	-1.396490607137131	-1.6209287427100143	-0.27887053615587953	4.095290903285645	-0.517235134091834	0.3482967731404997	-2.718702607784862	-2.7912722077055303	7.309935744373933	5.16207846755462	0.09628986525921374	-3.4185347031092124	-3.3386021215075705	4.953417343027652	1.253226625216129	-1.0884240319234249	0.20548936964162945	-1.6362660191523057	0.27300461695920697	-0.7458272004792942	-0.11663274108188654	-0.5894112093089636	-0.2492701942093332	-0.03606261652586326	-0.856721103419041	0.08775246899063761	0.25161618516392276	0.036563210855296374	0.12157668840179658	0.2611887802451214
DTXSID4021131	-0.9881156813961602	6.753059697757829	0.02577421588766006	1.9893604280021138	-2.1739545611712283	-0.17707976490326624	-1.3966613003113355	-0.908229269203935	3.1266935505032802	1.0665786671657325	2.075095953363448	-0.9381472604082108	-0.9514079665857003	-1.016335018889761	-0.12191879593287536	1.1576737106073436	-0.5103545164189871	0.34309979466200363	0.0631670836247794	-0.4401196535995255	0.545127804509081	0.24856472398855425	-0.12082433941103338	-0.3120993251852776	0.21075672315886398	-0.24203271770670798	0.6350756980964919	1.202948417064733	0.05279544557892002	0.28949500338025114	-0.19804469841516315	0.21064778117864819	0.24723822317634583	-0.8288399397288393	-0.483333794227354	0.40774555400101437	-0.6090242558023269	0.0205614268409288	0.62397849088757	-0.6084924644102888	-0.15296258857306527	0.8479657968822254	-0.20440469609777295	0.5845434342798325	0.5514222126534161	0.18609684570195661	0.628131581535713	0.019639218580317273	0.03589539625722767	0.38064598722240317	0.2015058609398767	0.39675482018301955	0.4356944815065297	0.34207103635178016	-0.36494575871668833	-0.43106210173919784	0.22607235956925617	-0.3051967019653266	-0.06031055558153728	0.7627441537715357	-0.4547116448461158	-0.2152386307956166	0.46028763948724116	-0.45104943333227515	-0.10580814120552515	-0.23046690088403307	0.3258079431703855	-0.14425514891973518	0.782463526851996	0.8880102747183538	-1.0437739317656791	0.9703673714878629	0.21955093216629978	-0.5616946334013884	-0.8828969722943478	0.3075334834150857	0.02958412528395161	0.04675288125524807	-0.16396053390163987	0.13699374489015853	-0.12710534396421108	-0.5534230175355707	0.4282819050031858	-0.024988726219464547	0.09883945692019591	-0.09663735845787672	0.08327151312110455	0.12399946658566958	-0.2780544593513403	0.5905280830352414	0.29765449533534905	-0.4877825294818999	-0.19452230238787005	0.11447307154883105	-0.4426475730219484	0.17281649442264474	-0.22780472203819901	-0.14442051435701012	0.07275168323567617	-0.16908558874314067
DTXSID0020494	-5.143936406469534	-3.1368566212972646	-0.08295415341769244	-1.732461141991521	-0.6231553057406758	0.05990250509791634	-0.29382630707289925	-0.07693958298372608	0.18078234712613728	0.10363408338280251	-0.3810383001009276	0.12828577362327176	-0.7821469322961363	-0.16161678736409713	0.6977063535639784	0.47841717512187143	-0.7613531754911338	0.7101002837586363	-0.48833140958547144	0.011735828830994492	0.363749483906298	-0.055118682284136876	-0.5626070516572795	-0.899021084910621	0.82813825905109	-0.03680938273472405	0.1968147980674662	0.5067249027180212	-0.19485935106717603	0.13383248007704404	0.7998751615991284	-0.1327372995115012	0.12049925752195398	0.014152167854237957	-0.13594909139022865	-0.56013240824963	-0.2353153374262112	-0.15900255805518623	0.4708270543896902	0.4287718662422086	-0.06774436074996722	-0.12086025262308049	-0.11114168001803007	0.2786784565716487	-0.1880807458630486	0.06456835239373263	0.46251284703061357	0.0679368822079178	0.09607465791954903	-0.049112007583719995	0.0944483121806852	-0.06951902936216375	0.10679449405145389	-0.054474595902703045	0.3307654341414381	-0.5933282519968435	0.06805747070983467	-0.15183606372581696	0.11993068485401548	-0.19218220453394858	0.40714387231901766	0.008404718044773203	-0.219051104143344	0.38173832260879276	0.04066527856790036	-0.033368680752133395	0.09547908244977556	-0.11499498874332321	-0.7735135321626324	-0.03422895855230504	-0.3630674191925512	0.3860853409753309	0.007936941049527883	-0.42663740452617344	-0.08631935028340429	0.3939171837938117	-0.7226164895510071	0.17881303221906508	0.4600150190439113	0.2730372097203376	-0.11968349913559326	-0.30543516921107844	1.0131873255238624	-0.421829181744079	0.05766867810591903	-0.08776345614679137	-0.5436775563054016	-0.4720037091973409	0.22295882690102106	-0.476606719942093	0.6237549756052316	-0.6144108341862061	0.10137923473364219	0.22917694852112305	0.1700587076009323	-0.30498928638926065	0.1484536480303654	0.3934061607509509	-0.32280337822733024	-0.43250062060517785
DTXSID5045625	1.0041125625859524	1.531407776877634	-3.393986349961216	2.7493879160289323	2.0739289646369823	-2.704341705066815	5.145532654948848	0.07502405834985612	-0.5075028575773974	-2.5048826359473844	-0.8925033988889144	-1.2835222858507085	1.0800181051392093	1.2789852298912734	-0.7579129822981016	0.8989361330204909	-1.1112824242947552	1.2108331635742866	3.5052196191120535	-2.4442368731889075	2.283263755183839	0.2981065230645186	-1.4532968594938793	1.3963125138370338	-1.2200260322941234	1.0672351986120867	0.8199771026449827	-0.37339069606771047	-1.1820359519789214	1.0519526251585394	-1.3715024013263541	0.7220662067621384	0.8450436347127747	0.3758770447247553	0.4041795508683981	0.6549228038498788	-0.4321415405641126	-0.5671870369306339	1.3512110137027025	-0.21826372326407817	-0.2890914776209038	0.009236330569769278	0.2302649340031044	0.48619384559743845	-0.10185447704057927	-0.7244851027079836	0.12058019847792756	0.4522904605234745	-0.2808347443864064	-0.008480316718634404	-0.059350854647086296	0.2199499264355202	-0.6092492098902617	0.08532914383176239	0.8323398838681929	-0.9480342511871926	0.13751494679825493	0.2744056949003416	0.7292965372518798	0.6622472882694392	0.21360298688509077	0.7198096021481835	-0.7644192272954428	-1.0903649933161104	-0.11716798221054577	0.32599512478436593	0.9133871171401039	-0.6783753293404243	1.121928760299821	0.830178309445055	-0.29826019494309397	-0.8110874355573408	-0.36279534350004045	0.3504677757232658	0.07171880804787206	0.4695879015226272	-0.7745986213105279	-0.4344158454878171	-1.0299401259264962	-1.1571696929696116	-0.5394778390669323	-0.5795755766305655	0.2695418103007091	1.1437750184342128	-0.23387980820383195	1.1331675372054946	0.7716137384328442	-0.01012436572706987	-1.6968264230807535	-0.5413536559415765	1.017024315038354	-0.6858898009156411	0.20125189487923273	1.1626151775244662	0.05080282836907533	1.198144486887646	-0.5165439384866775	-0.22399310622940058	0.8239029348720884	-0.38309320348280224
DTXSID8021939	-4.147507029903803	-2.1137298970558773	2.665944438229894	-2.045466760734032	-1.3327927891628446	-1.8868692673974035	0.16830684157902454	-0.77725931038485	0.704763823615312	2.1423733211947216	0.1760389104052289	-0.3540384701425294	0.8668584926198104	-0.6507335521927359	-1.5726761626629173	-1.0082048106417092	-0.07318869537191545	-0.42992962267560586	0.2334228978511309	0.49711031305433007	-0.15016069499747958	0.527950999528593	-0.2031017330336506	-0.035151677015063616	-0.529539329127994	0.24201576934706376	0.43757211648449645	-0.08279190193510652	0.16620609403819406	0.29902021740258095	0.5462483799336079	-0.5588332208086965	-0.22400731422783682	0.012258070380553468	0.0026402835120893997	0.015373894180809942	-0.38728009817773357	0.1804610417428172	0.20122169558097236	0.4069254391744101	0.23439735955216115	-0.019756710640973014	-0.11952499422793715	-0.19710914209897812	-0.18039141254542812	0.10557906644159622	0.04671610742721132	-0.1888210266169232	0.10634630714563936	-0.22494068295810943	0.055786485967323836	-0.07560397546416489	-0.10255823239682027	0.08386746506655147	-0.05590042057296043	-0.005035669434280409	0.02219893550312098	0.09827505201016387	0.03414899626793333	-0.24641177813568185	0.2022109308866239	-0.052860662640048336	-0.20342969234728106	-0.15633752231433645	0.14626953315199326	0.48955216711372274	-0.19292318876067902	0.052998167382573014	-0.27114399144608364	-0.17258026826763123	0.6599127865793595	-0.07499433837666758	0.16162952836705946	-0.15866257580225077	-0.094055196896305	0.17434498582441973	0.290736031471705	0.12877587099788895	0.30697760462716556	-0.028902437542531075	-0.004294308553446573	0.1022906947201532	0.05403303128451586	0.32667468760685014	-0.433552110395488	0.01236753885438202	-0.3355984319902172	-0.37532446603260766	0.40501897770782225	-0.44561297961099694	0.14755388500623165	0.07707585182432145	0.4028821859511721	0.3512848969704553	0.6414613377809144	0.3666973392524017	-0.17309782019678566	0.024396976998671202	0.6599955099495752	-0.28688526390891667
DTXSID0021410	3.2830359958093562	3.8311174938810897	1.1196601492093572	1.312767895888945	-1.5832571508710456	-1.6812929730730912	3.927809632190396	0.16112157829752893	1.429112662266449	-0.753205013796055	1.3381801909811186	0.1846791088708799	-0.2883907329310135	-1.438340163043271	2.4222016326515132	-0.6161566469806571	-2.0969920593496485	-0.7260414090429091	-1.1887245832173623	2.8691481324175836	-0.15321717464781057	-0.8511299886765222	2.3208631972774496	0.643098488157621	0.5759809761092911	-1.0220928797196955	-0.8552226182515367	0.4784119721820376	-0.6702743942712464	-1.3011596244540877	0.39743734631903843	-0.40008254262208265	0.29930770727584083	0.4965625808344881	0.524379480808469	0.006503509930017721	0.5171827437258232	0.021093110546737216	-1.2631213045015657	-0.843299519677984	1.2472183538777823	-0.34526457559995083	0.14166083885360656	0.7978263248326649	-1.0444313380839245	-0.019177249103511217	0.5158166656616215	-0.8636390292418166	0.3686454319629663	0.03740747666627383	0.22383481007752337	-0.20601378855333008	-0.047577143798487584	-0.553908584279423	-0.0846842680009219	-0.7913196633268871	0.08616998691568122	-0.31882967422246944	0.02181433835624607	-1.2316778376407835	-0.2305570126475711	0.8355230655508284	-0.30837431693241735	-0.3820709314663302	-0.6046411661993735	0.1304181862413406	0.2065564424109042	1.264542695429037	0.7018980640298608	-0.6953410968043194	-0.6757981131447227	-0.05164419810383156	-0.6156783616886107	-0.1709894109842432	-0.4999802401143869	0.8226430763054006	-0.22341505413906726	1.3529503107740801	2.8509613380974486	0.4955980450225857	-0.6046625387310254	1.2359017150784322	-0.22684468926203494	1.0954559296370656	-1.2344342020093118	3.707988388619771	-1.4715929142925357	1.0429157002434644	-0.7091881148303419	0.11815469528966303	-0.5333061540919548	0.7010641370967727	-0.07602624965258106	-0.5018094462983708	0.827206999865831	0.2862361283366058	0.39975090767227606	-0.10919619745479843	-0.011333822482914284	-0.17263900972321414
DTXSID8048785	9.507166258171866	8.06052692580148	-3.5053545430799873	5.495837906240662	4.013729756254135	-2.4266893112848176	2.7986431537638037	1.7447753101423322	3.0537027025239967	-2.3423253396234034	0.5249628997185011	-0.6665286964650033	-0.1975069560274436	-0.6308066532177434	-0.4865276904125002	2.009973671814746	-0.6176367229694573	0.6226804278799012	1.622808046524648	-2.688598751524743	2.8101703800863955	4.489918036595893	0.9055130001055604	1.4367433692214222	-0.9671417728647471	1.3416360906773206	-0.6811835847962833	-0.6241023660026548	-0.37309516854285707	0.5714811616315901	1.101843646835703	-1.2091228626483057	-0.5608664936954599	0.20518093686403713	0.415305774393518	1.207970452731074	-0.3436800059568365	-0.317296809068849	-0.33538619815129234	0.5777896256362443	-0.05015640283502599	-0.8216062598025142	0.0571308125454599	0.6352197314008606	0.9800645549250834	-1.1296233293876192	0.47033766083922124	0.09456060835667085	0.02879483930958509	0.5900011757014262	-0.033406193186378864	-0.18405534719611194	0.03673354859782893	-0.331795339229017	-0.5941263148675806	0.10060471868590909	-0.20655212529746242	-0.14641850743785548	0.2750512192295552	0.3209146549298327	-0.6675963497776717	-0.7127892944243529	0.6845868972961978	-0.2545869517580228	0.07600486835316639	-0.77257975286814	0.08466717254976042	0.40954116627398457	-0.049376614179985345	0.9106088468765527	-1.0587182494978247	1.180632026112099	-0.35660879986153066	-0.5795916115393379	1.7288994700368132	-0.8975694582098772	-0.501361486557153	0.7392093284847544	0.6332143600266508	-0.34469436628324973	-0.9800644591816687	-0.719920403460531	0.8035668524184493	-0.7750800677110928	-0.8986548620214927	-1.2377251082351532	-0.45547516235744084	-0.15203900106902954	-0.4687968837588428	0.5435856559547415	-1.5493816898483286	1.9253675710803335	0.12102943559445245	0.4575711394934368	0.3316122641069046	0.13212868393407548	-1.7320680740288867	3.260086721171535	0.659549815447726	1.3450427160999303
DTXSID8057722	1.5565545258423397	0.37187104156240586	-1.0617695600320025	1.3307198955698243	-3.1604068994851464	-0.8664464487434519	0.2717053147586215	1.5524735199907447	0.17618958691777925	-1.4872160311221303	-2.1269878252219248	0.06274369459957015	-0.3757520782002911	2.826622648178418	2.9700186165835305	0.25897069864707745	0.17458938704328356	1.6073312269434494	1.6153075213259265	-0.1785273670389424	0.9544424787952644	-0.897558651281315	1.086175812504423	1.3051398865017556	1.350274008897666	3.4262592106062573	3.070995713140802	3.2771006875906394	3.483920788521331	1.4244604482278422	-0.14667060342820437	-2.1470009350540282	2.504937496421832	1.2496567801002627	-1.623408020063283	1.2017321143328106	-0.9390428497249741	3.2382482665292174	0.0965173100437124	1.9553761033607717	-0.1194893409521007	-0.8022534138628988	-3.1793683188330846	-0.75387324585154	1.9664620666463908	-1.259908631236643	-5.251886934761023	1.6915334256181067	-3.2355104025690453	9.61399834572159	-1.2536679157468371	-1.0518813066025428	0.5176655264179051	-4.671872426970512	-2.838764373779069	3.740639410944171	-4.38777173472141	-4.9030716874404465	0.5706542635178372	-0.14791992340053206	-4.507404675060956	3.5244395715892898	-3.384920225782288	-1.791448419638964	-0.6541417622534925	5.128246419797162	-0.3531814202110895	1.7294996337310664	-0.3704404783869043	0.2676797758806529	0.8904905167607582	-0.6392461207485931	2.2902216731952874	-4.246399771524332	-1.2548384008861182	1.0534699621993042	-0.3732803710515857	0.893682881116631	-1.4117370196952583	-2.0591591511234997	1.8376574789829248	1.6142760209764715	1.125646190741806	-0.4330806460225119	-1.1364858731475806	0.3830839874346144	-0.52019850859692	0.27775354884434733	0.7219361967706215	0.07555321771512721	1.2352202196359987	0.00816338259499178	-0.05462283096175773	0.6315596600320724	0.643209915027777	0.24078824923185813	0.03694461401825649	-0.029497177169271006	-0.24804069801927073	-0.4440278155724108
DTXSID6046686	6.467224372036255	0.803835998944341	2.2307864070190857	1.8972859866695098	0.2566796827682712	0.033772665032023676	-1.1371699846696735	-1.2349748408363175	-2.8586926499116916	-0.409558415737219	1.036266099475655	0.809381220566573	3.269234405650191	3.279125356884002	3.257797271934425	1.720684237690026	4.2376125669809435	-1.0551690080628588	3.1819576409463797	1.898152205210793	-0.44325427005005447	-1.4970143956344482	-3.719313966634983	1.3281712186399948	-0.3623123192150397	0.7017043339328463	0.06691436791007851	-0.36011380749856625	-1.0058955212552627	1.6077279861210028	1.0421215531153412	-0.9753526272298663	0.8945053189804348	0.7380003202737787	0.929280150154075	-0.7057954470313662	0.4667993077603346	0.32158710133304985	0.925861165364507	0.7076086295638994	0.2197889622019933	0.17309163085103138	-1.1076730353342443	0.21081039188380973	-0.03235739008391723	-1.358839108776324	-0.4818852210526244	-0.6502002112010771	0.17837291191139562	-0.9047978646002944	0.28735233508454977	-0.35694058090093095	-0.743104443372474	-0.15049687980933782	0.19482629520418898	-0.20422862353492716	0.3488166714535617	-0.43893644833429624	1.762327675339469	0.3399075666029521	-0.3860906881516699	-0.7595170300100363	-1.2318493609585601	-1.0603526126116671	0.14090529426842224	-0.44307622364733396	-0.3554463253013482	0.5752315877201784	-0.09192465095905425	-0.15055506269251007	-0.12180596870109796	-1.8174749623169224	-1.4811256657185976	-0.8039108948573755	-0.25968199157418265	0.942656668222729	0.9116898246633892	1.4746339364695653	-0.8881555214305665	0.11840918381081063	0.8447357384143711	-0.6940020796420574	-0.6632786857090283	1.2902384520492864	0.9269376430136983	0.8217294027664522	0.9331989448357245	1.1256361192192215	-0.10274459422312605	-0.20999243241353424	0.7675306791572113	-0.17249868234391422	-0.49649559244406394	-0.49016098886178616	1.6315580345647345	1.221777439362731	-0.5830553849449892	-0.5579016072882886	-1.344973218271566	1.168634303901089
DTXSID3021853	-3.1182909418454816	-4.156347329407144	-0.8794451257604411	1.1967615790842465	-1.4475486506279034	-2.071011280012989	1.715108475360004	1.8050725670918795	1.1813013137781285	0.5137206494457356	-0.3858546144098335	0.5511693487971504	0.1182342188315108	0.7953609605738406	4.481095546560406	1.8399829986189604	-2.7019810453555184	1.6190282313563296	-1.1656893055937072	-0.11751809808596991	0.5429714893611128	0.5708894234900805	1.2537741047381323	-1.7951711804513095	1.2772780706026903	1.233866931548066	2.0626407367718183	-1.1801586408490554	0.6418720430726765	-3.50842813321785	1.1408876942734356	-0.9099622138028198	-0.554568835094447	-8.330663535667853	-1.0764402522697238	0.8545093506415372	2.387081325191259	2.0497320537023325	8.648259310611992	-4.276859057903757	2.020419811298373	-3.593193361941651	-0.9228421784583695	2.7766904629443916	-1.2560154842144344	-1.1062389775814376	-0.5825712913193312	-0.24276054109046055	-2.438291390141218	-1.6621572012008654	-1.4925336033202876	-5.155743202633925	-1.782655576707995	1.6706680014743833	2.939917191191548	6.345704439350209	0.15478244871098895	0.25612494107045525	1.744468028549378	-5.225234166750379	1.6838256621823688	-1.5319180416125	1.797285769359299	-0.5849633696384922	2.3730903023019607	1.778095339144926	-1.144305403634666	-1.803173214793424	-0.6614890616564716	-0.7603350635962888	-0.4276832868714765	-0.8965121230278201	0.3198080962925446	0.9352292130198963	-1.2219434736421448	-0.31911079121634683	0.5479205698769465	-0.8187835465132937	-0.8237443480431117	-0.46172876837330695	0.09881483204201308	0.27954941700520064	-0.670239750433361	-0.19731922801482185	0.25605862578002586	-0.8559883801123085	0.10214553364264162	-0.09456566079657973	0.6194609176096038	0.5085821335157799	0.2861477550770111	-0.18983518848693626	0.4584799450322601	-0.1894187193932793	-0.8292941582072423	1.2525936243686404	0.29084990222044377	0.1293634157066283	-0.031007168296128026	-0.355489994952361
DTXSID7031294	-5.38873162286181	-3.9142253409485224	-0.8548407612501363	-0.2641896826564415	0.9249996592549363	-0.7328125648867014	-1.3881265953710933	-0.3434425449865521	-1.610875463876513	-0.8617605298649227	1.9448933205703582	-1.1181810219891968	1.0124764102805657	0.7229568619849245	1.9404453114625124	-1.0827957658878486	1.0644242519387295	0.6733802598869654	0.042502021040309174	-0.5116476667763158	0.3708540902376436	-0.351178840505967	0.5606659692390193	0.2770191126985148	0.22743822845168668	0.2927665244010354	0.3910665397547399	0.11766925096436519	-0.3158457454753181	0.3425893912641756	0.32366820186269873	0.4826698681715492	0.4632904241710541	-0.08566884905278671	-0.20399349603105726	-0.5930216313463668	0.4328825756772114	-0.09236726852738657	0.5084408371973858	0.42655100652049766	-0.41978281191278977	0.07843835598972046	-0.7922233730941007	0.21285267419220794	-0.47893208622659883	0.05851590235930054	0.654996780229193	-0.2507168414358749	0.1469286954727025	0.14259946808274707	0.058411017679752916	0.05678177167126558	0.17483289765358834	-0.16237108530194264	0.3235103737955912	-0.37078182489058	0.37326130336025287	-0.6316695550426853	-0.4499831719358284	0.1921528173531555	0.1470176245289525	-0.44536857748884345	0.23113725341963193	0.29995304750530344	-0.15757048308717084	-0.25307525236787726	-0.10292251061206052	-0.47809345932670694	-0.5500744528162764	0.34584056098880606	0.32096795456285804	0.2585128742071718	-0.13680258382450924	-0.38058791353527804	-0.58370979831209	0.41126714674917414	-0.24646037751063912	0.07956969507630697	0.21697900466663034	-0.6708646040664406	0.13110526828679878	-0.0452910881320093	-0.1326951259859988	-0.20067343216159994	0.20970057096954278	-0.29314616936088667	-0.224338344060171	-0.30819226285826584	-0.20732412060005642	0.186567219088627	-0.5474444266109025	-0.23882036197945472	-0.2949732362989916	0.5084710816915294	0.23044098919520184	0.2035186820975615	0.29970297808335233	0.29724560920207427	0.22530376223832424	-0.10267687551276138
DTXSID6049305	-0.1589631702954677	0.5262537467119366	0.42433475627458567	-3.339077931252713	-0.4261812746328008	0.14113186236282296	2.641970723586387	-2.5305465450245914	1.3369373051808844	-0.9155675077095662	0.7827487050354169	-0.3963840380245318	0.5030736638005404	-1.1645833323894694	-1.3276442331109375	-0.35570113891911587	-0.3997992860116169	-0.5282228316110876	-1.3087743957568796	1.1183227204065394	-1.3374897294478323	-0.5704081192539021	0.8995989518408029	0.060093937094411916	1.1733811553463098	-2.1964554039693263	0.32583286116611937	-0.015028319501880357	0.843603478168336	-0.03589420404144507	1.2673015115631152	-0.23129965948599696	0.515018979280777	0.13488349140830555	0.2907038833065615	-0.5261907586091124	0.21582565782756613	0.38079269346635575	-0.5366365079799704	0.13948460951170036	0.14150597009440788	-1.1704598673610818	1.0459752188385243	0.6650597349683853	-0.7711700606031071	0.2265604109325763	0.5849537647851136	0.2759199683134269	0.782244345477582	0.6917296270983091	0.24536515569120115	-0.04020002168377944	-0.13361551166310615	-0.2183937670731715	0.22899759872101538	-0.051444942796518116	0.3294614030537159	-1.1284235727387517	0.2113762599058429	-0.7957808051711122	-0.36146432391127126	-0.763431709418528	0.9861040616468454	-0.6063306855535154	-0.24424167415529502	0.5967305562775888	0.2577825217825819	0.8456920064719308	0.10592993666492598	0.4656056945138479	-0.4739664914864899	0.5749315487648505	3.5059312736463e-05	-0.40274327695404066	-0.27814310830383226	0.41150744548327106	-0.2946567197064958	-0.06795418594909466	-0.5806530545407981	0.4517747837168699	1.357344815251009	-0.6028876404387297	1.0308259575093432	0.4525149221921828	0.26788797098592027	0.2394474622359805	0.11788851793476902	0.5471989689245778	-0.8556742124256104	0.7923499686190664	-0.0240982757305347	-0.5362049899862532	-0.33193063353653957	0.5278871850306369	0.3909354924340652	0.15385204409197	-0.318859245860784	0.6551132317755295	0.04668492359379459	-0.286367136762208
DTXSID4026050	-3.0516225398638066	4.839087056042606	1.2996377121396812	0.3755796308414501	-2.454283339550855	-0.19058422341506914	-1.9571243767853614	-0.86710715814193	2.58241440720324	-0.5548064726639753	1.9521405068685338	-0.8147635855598242	-0.9091953167851474	-2.008059595661669	-1.2315827539686628	1.120238649372355	-0.3432272648943157	-0.19502572366807502	-0.3102112186746522	0.21039559321150164	-0.16895473488983737	0.2252362803832858	-1.1914014752439175	-0.4234052514428909	-0.1441651285111456	0.26285417887167595	-0.06183834151657762	0.4489391583357708	0.07398336485128672	-0.3888035785713843	-0.22681447981709896	0.49003675463502155	-0.5564043781183682	0.2500427215716921	-0.04901392911164239	-0.5234266713162207	-0.06898064465223258	0.02093848771947216	0.18481021560234356	-0.05920130773400651	-0.0866178570690503	0.2897451761407617	-0.08094479685030778	0.2150628061297289	-0.25733392248820464	0.3052757009970028	-0.18962592043671542	-0.5334687692046068	0.07581139573956029	0.046968876087536936	0.1458569347602456	-0.020272199143192855	-0.1199105600461956	0.01766119564793797	-0.018457497495697684	-0.19301295403925942	-0.00417193049497642	0.10123916771353618	-0.10883733460150768	-0.24491776147135522	-0.08194229474120582	0.4795903526738132	-0.10645047089587757	0.4681521704072769	0.06923222645374333	0.026373543300223967	-0.04072998313291295	-0.27440367865150417	0.6861013315819784	0.11431420523965613	0.20117322355927492	-0.5137616615614702	0.6643002099704073	0.3212926581920755	0.030278663061229397	0.08515497035994915	0.4091950040962066	0.2540929934029122	-0.10545764757988335	0.23600255238961537	0.6011167993212397	-0.18046330095581908	0.02495251471382076	0.1288514133725451	0.004227961439206381	0.20315138796951906	-0.5430322434928063	0.003521867371459379	-0.14119273406408497	0.027019894434576617	-0.16076074234120913	-0.06775857190053199	0.1565644810016353	0.04234709423781055	0.04503562524537302	0.1240551582783554	0.2747773062763711	0.4538259988939039	-0.09901236045775938	-0.2440484043878619
DTXSID2047779	7.8556498686888245	6.1326324933620615	0.04050938781408291	0.1356159400120979	-3.484194596777677	-1.8042927432165043	0.6726738546051042	-0.024888431067090773	-2.2767179191816456	-2.12198999466637	-2.295010592832946	0.6618636449367087	0.5448971690816796	3.318907426788969	0.9074534658362642	0.9525656708055475	-1.0908473460176382	0.9903625119014108	1.6143312411224024	0.5495674979669344	-1.705275252960118	-1.287961978153208	-1.591659101975482	0.589868927401231	1.3820905700827488	-0.7563504904517706	0.5372355851852878	0.3723918689673305	1.0714490825873806	-0.3533514681868134	0.7057084078561321	-1.8351842878728206	0.1663024163809283	1.744858734929182	1.5809676547872957	-1.2010895108792334	3.6971048936790525	0.08757109975265924	-0.5116228206263612	-0.7154429902786348	-0.042636253979319826	-1.7283239284648744	1.7436880610395402	-0.6201984289249465	-0.5946760621443093	-0.04026222889620034	-1.0219584854041954	0.311935393682024	0.9116226112182982	0.6266318209994168	0.47122036513530197	-0.14596070595477806	0.4381274390317454	-0.6728339756593777	0.9008284794489961	0.3785549646822605	0.698291004151547	-1.2105174841163748	2.7059355061502646	0.4158098076475653	-1.470585067132536	0.3739564113509091	0.7012297506305721	-1.6929894825602576	-0.3665739297288745	1.8750799527013144	0.8108269269065499	-0.3378754175551297	-0.739212635744948	2.5034379588400606	2.2549585008010204	-2.0079246249267073	-0.8919041020448415	-0.1955081813267727	0.8488576545528778	1.7561201919577605	-1.545479098672498	2.5572826510924194	-0.8146296517099143	-0.7061436697751431	1.3026864052479363	-0.4296601415664111	-0.7702451469612723	1.0602622916839353	0.23988991663958642	0.5273545856490114	1.9375641347544703	0.7908192803833469	-0.44684664175901384	-1.3680652853559614	-1.05071734096544	-1.489174423628692	-1.0231830031475246	-1.544954046805807	0.2675145947070435	0.38945066211716173	-1.7803691860219282	-1.1507496297818995	0.028395511955263353	-0.3123149708897187
DTXSID0044448	-5.8371641804996655	-2.9620278999908916	0.042124570860766784	0.14595026137839304	1.3551946786981388	-0.32320619232406855	-1.398478422005306	-0.35896060265068114	-1.6116034952357192	-0.49756416790018143	2.389375696876436	-0.9543675690554622	1.3997534188768064	-0.0574390726947535	1.4603163517695803	-0.9744878471797895	0.9781412799847914	0.41147662065131424	0.04770441865374683	-0.34339208254314857	0.09267010535503704	-0.290123246305716	1.3109967605146933	0.24376541114306172	0.19115039504875295	0.4493278648191417	0.3916280221741176	0.039046634245206664	-0.21666779177299814	0.24293536712268912	0.22679219976464812	0.3984463303758936	0.71319084500326	0.07045648150447678	-0.25459323846484944	-0.4737354616082139	0.7527798294510731	-0.451276796244237	0.060238854871934644	0.392032182886271	-0.16581512251475014	-0.037658036673287786	-0.7511555909276605	0.3544303830148539	-0.3950376407111344	-0.17653034826582972	0.48500089879464753	-0.6259787024964312	0.022514821897994412	0.0169949630751451	0.035934670807039215	-0.2945394091071213	0.10666795967743292	-0.05831683508503261	0.14267913477389188	-0.12060511466284461	0.40688751182747424	-0.5822586376441395	-0.4159202799706831	0.17176511093551586	-0.03879553025734228	-0.23485215115976074	0.3933725798795501	0.6999427453457561	-0.47554229969014555	0.0069390241962898926	-0.18491062724108145	-0.5055178122228986	-0.1769132855616168	0.14933075972391324	0.09497290640784317	0.10266270971654165	-0.11374502929259529	-0.380395204421121	-0.04268099017417834	0.2266090257124092	-0.10061955816813108	0.18651930543872214	0.44592826539944364	-0.876933565866818	0.3616974992154408	-0.17328425210284049	-0.4006456380965419	0.001150989023991871	0.12332801622998138	-0.2891930919948675	0.0991607110123349	0.3013244547196846	-0.450497165317205	0.34887512269203824	0.06586546802225161	-0.01610443881916074	-0.3268640252790992	-0.12746874570435474	-0.17810251958233092	-0.34863078650165025	-0.018947889799619564	0.05871536960706456	-0.23082533606222802	-0.05534704737981714
DTXSID50226894	5.699648802394219	-1.8865116394805563	-7.0557503261326175	-15.089114585080837	5.519419033404747	13.181937610895666	0.22268657007507706	-6.235049515500749	9.326542886145338	-1.179542828969353	7.6896644685723485	-2.545338871797474	6.052685740302582	8.01443512026272	1.5232456547242041	1.52933914837228	-2.486090253008809	-0.18447219274318266	3.744988901447126	-1.1522919037859483	-3.1805307909443337	2.028360376589006	1.8668934184776587	-0.0953847405518866	-0.14533665154964245	-0.0022317522003337063	-0.5880624982431579	-1.0221844912951623	0.5875635781664238	0.028417358205112445	-0.338052294189884	-1.3078589798974392	-0.7363503421898024	0.5852647247612306	-1.0069276248496877	0.11094269473394353	0.2359529043685693	0.6049161685453683	0.573560086990997	0.6839016231013173	0.4092169367448768	-0.045822438061461655	-0.9947542475371604	0.7146464505632876	-0.19291602250851853	1.0899442415044596	-0.3372605445481052	-0.1875444279284734	-0.5021354236177993	0.4441148267330116	-0.003742487668031695	0.2221950839672333	-0.17984348424961114	0.18691560077116195	0.6592106211856787	0.2764648055746982	0.8064948324255437	0.9449078396466137	-1.5780367001030775	0.49291455740296214	-0.06428210644693354	0.809213779185628	-0.7439661245966592	-0.29088346892155764	-0.06803294910673843	-0.9478434887014543	0.07461571495925613	-0.49625665813477887	-0.11368685395357825	-1.2740493149571297	-0.6023327581542052	-0.07150876418219446	-0.24520509456466638	0.7235026717141207	0.42728379268901845	-0.0798025544619522	0.34166840944679744	-0.108005422973929	0.39121209580197086	-0.983010353301814	-0.2032346785830529	1.0508824237257015	-0.22738052873296258	0.8916020114261048	-0.5405758712413757	-0.450647966809849	-0.2592317896253726	-1.381916757195084	0.5195755962043406	-0.5956727844476671	-0.6582112013000605	1.118114341111691	-0.3744501339391306	0.2120574381509984	0.8569547830325854	1.1865362596844984	-0.8489154723845732	-0.10013103380766199	0.6624693240395845	-0.031240525616286822
DTXSID8057803	-1.3703993219899084	0.41882913389250787	2.2950550925023023	1.080773004277531	-1.8683804301872198	-1.2289702144128953	1.1724052397060114	-0.3899160297217636	2.8455327450430397	0.2558399572144769	0.2297856922946233	-0.6193355126206074	0.22532841522369512	-1.3430703051226387	1.8948335358764408	-0.6647161885176963	-0.48685196301360656	-0.10302135546196965	0.00727602299832286	1.7031706936492894	2.127566526142954	-0.5413911803266083	1.3494652773337894	0.37337376830129243	0.32963145027944096	-0.4797988265364207	-0.9303171978886506	-0.854258110375821	-0.020891493473092316	0.5239344469879431	-0.3835444303726365	-0.21661364215754833	0.21009114286739153	-0.4537533114782985	0.2254405488586364	0.731234172314526	0.6663615165452286	-0.11117864071292002	-0.05311494818946019	-1.029334834744362	0.5592206721679372	0.5052649392586677	-0.46216292697833844	0.3467268996789067	-0.3242037714779333	0.3968165629644098	0.5178823774741036	-0.3318073125633962	-0.06667613746177818	-0.12700331761152295	0.026698096744803577	0.27234225159367653	-0.1563973983295687	0.2513913739079218	0.5552832617575605	-1.1421183634953604	0.009066559275906065	0.13471639805972135	-0.7051210161633004	0.8651928605244427	0.06250730240563537	1.5935850798231352	-1.081640829112615	0.2675290499051216	-0.6479413792285128	-0.692500794865347	0.8539927720015176	1.3713346271242242	0.14973460075981015	-1.117549509146433	1.4506200061498962	0.6615191366870964	-0.1220435250248691	-1.4189393973331175	-0.7484812038758081	0.11100453619432665	0.7177072258124902	-0.25780551563718296	-1.248476838520473	0.06980897352891448	0.8156622122735061	-0.0512237676411007	-1.3110703025031862	1.6434661892505227	1.2508338735068276	-2.606083839387832	0.037526050513654645	-1.0152276678197023	1.4447089434792753	-0.47297918382015647	1.0228409136208594	-1.078607222318409	1.0169012448781063	-0.02960040945633312	0.32761097594754546	0.012860951532004943	-0.15682007544954885	-0.1934621351904279	0.23319807776132226	0.030744555906020064
DTXSID3023897	2.168258050680638	2.4105753386036137	-0.76454046653178	1.5458487592740358	1.5346771670928896	0.06646194308125335	2.8584668923127627	0.411743101387431	-1.5052022443049957	-2.9017683490240787	-0.49166985795965135	0.3105221223299918	0.19699357165141124	1.305065775772046	-1.0424388138740266	0.22193473052520307	0.11104850141767712	0.6096528280277247	-1.8533879931473949	0.6976684384057743	-0.7630373106844088	-0.6065520124312348	-0.5291031754638056	0.18605927834974828	0.22198286308664383	0.4954490139014108	1.418401176373826	-1.900383482679224	0.4447283108155228	0.20316779064912704	0.9107174874868349	0.14983036941041805	-0.1498179178100901	-0.04110421719041944	0.7998080029662339	-0.004241547399918298	-0.051275491229174415	-0.23854224999211962	-1.254900788127882	-1.3344958061911372	0.8167865686740047	0.9041265458560278	-1.2070857429776136	-1.8921577523822237	0.09717155093446568	0.5379269015455272	-0.7916166682896325	-0.005697974731304162	-0.7458958350543123	-0.6115068340207268	-0.327520574737445	-0.03003783574772568	-0.23240213269835538	0.1909360306821804	-0.37416400586420745	-0.17507654309604054	0.6489455135814364	1.1433645735874245	-0.6407194671683797	0.7042475334809978	-0.9103297405411435	0.008183274363194533	-0.7476862632209251	-0.392513801113901	-0.15516062058804134	0.4618569473709495	-1.2832026665805876	-0.2988232653566425	-0.41860275734389724	-0.95864821821253	0.7725487719959048	-0.8809749242350733	1.2862284214123045	0.6141030576297875	-0.42173677289550504	0.38174580356630167	-0.07463171618765796	0.740212808525166	0.7557394561910029	-0.19477194370499606	-1.4271255863573071	1.004099261118508	-0.4108413155633936	-0.34763735877113805	0.4479090875310114	-0.3604420517620406	-0.9486846206337206	-0.5894469442499058	0.540677927375874	0.9739928979255227	-0.80604264952557	-0.21882615822994494	-0.26254819898115234	0.4626440493832205	-0.20399078425911799	-0.03977252334116256	0.07606090614382809	0.11070468636315772	0.3568934503657408	-0.04460844780742334
DTXSID4024484	-2.6259223197373456	1.6821085577090098	-2.6436491422503487	3.068616868914669	-1.5128861808270364	-0.23198754151102596	2.117193273320587	-0.41714887743798806	-1.000617042116702	0.6985420301855026	-0.3815486933168182	-0.7725222130270142	-0.7378823812671912	2.7955858200387596	-0.5496710807625119	-2.5456920172938386	0.27037472062881157	-0.21531205503974074	0.8392870399602179	0.4743961043680467	-0.8859756046764501	-0.4873230280240507	0.2230973192513028	0.46473533582606685	-0.74720477116619	1.207799642348374	1.0499605159072394	3.4509847581150943	-0.46910614981698406	1.77022326388016	-0.2821190318246277	-3.134133154535349	1.4783698964983745	0.7495869932753493	-1.3568403145841395	0.8822577070381649	1.3617429529047582	2.1732540397165976	0.572427979869418	-0.4358948789007008	-2.714978449169407	0.4853656991027156	-1.3290726922439924	-1.344805875202949	0.47830292594073565	-1.1139894863404727	-0.08471067365365843	-1.370486718871866	-0.02011575270454346	0.08440628046329463	0.6010902317243734	0.4827071613497994	-0.3932593405914689	-0.3986816410843119	2.010087505674356	-0.6146974241779577	2.45887760914181	2.356878055941066	2.1497305133981293	0.19861295282488267	-0.6472951853240162	0.2000121341443796	0.9626946028147978	-0.48270358195908425	0.23422736362817304	-0.13973906429435798	-0.27085726440580543	0.04668564099382256	-0.14316849653443167	-0.8214441014910863	0.18211998658596637	0.35376507005604785	0.09571803442613108	1.1953464137184409	0.24208717637336657	-0.7969975336711149	0.08282851752333541	-0.819268184533379	-1.180153672120571	1.172568315214289	0.025759280033650057	-0.09513312217576925	0.6256511872641985	0.34613324605088386	0.1822565446054667	0.15016692361588824	-0.5284472080023996	-0.08420563319795128	-0.3164234893568045	0.024417438256965393	-0.12574362935482855	0.18449039741600726	0.5062989960678129	0.650986008720507	-0.07282775030606	0.30938867771344636	0.7197994285626076	-0.04906132296763473	0.8731690088709742	0.27359083651091576
DTXSID9057686	-4.09589079964192	-2.590329918442091	-3.9592838879851775	2.030100397389156	2.0493773742078796	-1.7935497232123765	4.954354206427404	-1.4817175970587113	-3.3899551546273896	-2.883712993461184	2.6045946242223943	-1.607876063585132	1.4439820809163424	-0.8598313823618656	1.7848148470838259	-0.31966751472550636	-0.8885906877887884	0.1714380269810773	0.32211605306487584	0.07791671238509758	-2.7652311563607364	0.13548641637790415	-0.8446638261808886	-1.0165251227174197	-0.671455774065467	0.07889163298270713	0.19600795894637352	-0.5658687607958705	1.3044764971883926	-0.3358392154164228	0.9484107003696353	-1.239196830049651	-1.0530992298957556	-2.764262665373418	0.23153838178008068	-3.0247189201567397	0.8995911254351656	-2.346461209967009	-4.059819476163115	-1.2193475138076686	1.6799644312207245	5.254827057168295	-7.585043999854228	-3.792494043775076	2.569272752861391	0.8064112017462325	-9.334455810282142	-12.669473737916633	0.8711346451745439	-6.079012237397496	-9.084059525062584	14.405787724133315	10.933036401721157	2.0536967304017515	6.822593586008728	5.669139793481354	-4.986777461542364	-8.106535574405234	-1.0992980702842448	-4.074622281045004	4.794283102018047	-1.4123822242632418	2.5001689800420777	0.6032463484004956	-0.38256897425051356	-0.37555356579579746	3.674007290454251	0.335255797685944	-1.7644985810639013	-1.9298937941650622	-1.635185648965391	1.4321432614612533	-0.5158346846900471	-1.7485602189640295	-1.0856355979364658	0.06475300739229052	-0.07258528911826859	-1.285428220388941	-0.8796117742636312	-0.5297351248015971	-0.6005035877133208	-1.2692145447542031	1.1860799196686629	0.8158040155933484	0.13418566270427584	-0.21260831188900864	0.1805143029523516	-0.05007378452600819	-1.0227857018472553	0.40901216046991296	0.3114017522669688	-0.9068307683359468	-0.8817133529705768	0.2308727839291412	0.33556120895055275	0.20333425470934208	0.41358737266122064	-0.05805558240586039	1.130922349995424	0.09776608734082777
DTXSID6023864	6.655305702388596	1.9178319673896385	-6.475097401623618	-0.5325799030852228	6.597762579783047	-3.0477561207969606	3.3309139963476495	1.1398050435679	1.9552591687547047	-1.786055078336479	-3.419715534054956	-0.7404172377562684	0.6185734213059819	1.4064296544883619	0.19059215981518657	-1.2484030829658936	1.4563976222183181	0.5111801277801118	0.03346209995930452	-1.1038310191605238	0.42325006646666247	-1.3160091240156166	-3.725005013792065	0.9517416721189541	0.42561357499342256	-1.4668645651936398	0.8604547050235718	2.4780552016622726	0.16600821013336167	0.7798832997195395	-0.5735020960999676	-0.5056154700267576	2.189596901303521	0.058235762408383185	0.6082056232793812	-0.3458115924495178	-1.933980373037387	-2.0482268317162275	0.5909960909822669	-1.6317440622517945	-0.009516331701154162	1.0411584888814067	-0.759939712360912	-0.2887816419619755	-0.5599395132709036	-0.061663712372631255	-0.8014002806015051	0.20499488365918112	-0.4759133735976872	-1.326207319103896	-0.08810373977838175	0.11430506730032167	-0.09983723891848036	0.6809006204855006	1.613488998112718	-1.9971358032797426	-0.22950302564133165	0.26040610026899	1.6271042455549727	-1.0163632439803665	-1.3220764182627067	-1.1792592315822508	-1.3744148329900963	-1.16603168756793	-0.4380477132207106	-0.5133425939441283	0.5781374508122212	0.7701074813645519	2.7984584734800517	-1.0135673381953147	0.8356275829176748	-1.6341045095480309	0.8202866607293128	0.7894431317619832	-1.6188816510438675	-1.0470575081577895	0.42680418124128616	-0.7741906439648217	0.32882276684974815	-0.8963905173173093	-0.5171468197658283	2.2485052414602134	-0.9883176198295905	0.06502274309539088	0.8203246250487942	-0.15846683473329268	-1.1780353891974211	0.385664997540577	0.8613748587092516	1.2620788211498517	-0.36793078372800775	0.9047695111769427	1.4300190009009324	-1.785948780792684	-0.48699246456520967	-0.4581521783858396	0.058563640941353835	-0.12497194144521408	-0.2619884299645586	-0.032951358891021305
DTXSID1029255	0.11079272716859465	-3.014512675197421	2.009643914528712	-0.7416072075389147	1.7720729922524878	-0.9781083405713377	-1.9165413081257707	0.44504001715027713	-0.6770023079709555	-1.5738123536054358	-0.770941363418737	0.309360626115792	-1.9611383165840037	2.5417043926198626	-0.09648426600509269	-0.14954327719940513	-1.2254196495396954	-1.0491611539852335	2.065926274601132	0.10401842412261933	0.31635093540793835	0.7468237202719646	-3.026067263316557	-0.542976858138744	0.5122995508365468	-1.020901624809072	-0.6919036180402326	1.774661266788496	-0.14453879577578121	0.010146378210523999	-0.9815164458001636	-0.216531040692141	1.3788162701020514	0.5766629876605319	0.7863460358571731	0.7004113443445265	-1.011918065529543	-1.0798547945672752	1.280613386466237	0.46549045529983274	-0.677229362173085	0.27433219708122575	-0.03235812562879411	0.8471022455000442	-0.8474342172432505	-0.5152845362749944	-0.48766499077518594	-1.0360746344779428	-0.03545971601065309	-0.9172953560337156	0.1609580053518339	-0.24759961430839555	-0.5576991883835323	-0.12316242267626241	0.9555937466650107	-1.3591647842928452	-0.5927775523604207	0.21947424891341438	1.1114718006662365	-0.6701740600929821	-0.1853861659323836	1.0069642279862236	-0.3452326948779883	-1.4790123339030343	0.03490316994277689	-0.08429046292301447	0.7085475750769981	-0.10812442031975678	2.5026757850444468	-1.5764347338410578	-0.44056181228928004	-0.2434611444683045	0.29127763798311235	0.0974119913580408	-1.6829649282640213	-1.1589538810814142	0.9984736233652194	-1.1242319087480614	-0.36332774075579916	0.5894705690261376	-0.8571383123977465	-0.1374919557548358	0.1835305836977599	0.4516729395819907	-0.10147012586778228	0.8542657413149105	0.521704497978449	0.18835021953248895	-0.3908483086486474	-0.21173520170283236	1.134440218000229	0.4252045452866686	0.5771235630202015	-0.1880010747892627	0.48607956406574643	-0.4054722540251755	0.3134792504587865	0.03528380851343989	-0.940007215945793	0.29692895718099
DTXSID4052689	2.20786528937506	6.27172838999934	0.6883050963476091	-1.9458461981909818	-4.103551753956558	4.354937811687497	-0.444173581600729	3.640864380196028	-1.1859876244606489	-0.1871620943715571	-0.6952630235239767	0.18777803476153335	0.5025880781900222	-1.5744365969065348	0.24580452450684495	0.25944242385821636	-0.3143018786603755	-0.3933692344566291	0.26577396698367445	-1.056158816760448	-0.16136088135500298	-0.6059831351250043	0.4751019577902629	0.016365365621795785	0.15605867210466687	-1.0734538138426493	-0.02817590525623387	0.3386717023541556	-0.5204468188974564	0.6670270643865529	-0.7917330136919575	0.05070914521200933	1.6518998905717353	0.5059146291725468	0.7267346314613341	-0.969446601614612	1.2336796625278994	-1.3221312189739312	0.7039986657014391	-1.3879864031794684	0.005655632522520747	0.08248501624994964	0.6151667081506602	-0.531524597026262	-0.07237684533734852	-0.4674911542966546	-0.9361934657401109	0.9169686951759294	-0.008839102138732671	0.47072516361960026	0.09300657277045983	0.0736056658958048	0.6484780849930006	0.037728156290814795	1.0316464801537615	0.502671200944501	1.3014364115804238	-0.5713288147846755	0.9097372592090478	1.030256763959307	-1.201086536149894	0.13685438662595034	-0.7999944295295758	-1.4443768917332631	0.09120260606639438	1.2589686602865966	1.241721015620951	0.8396345074523411	-1.600854230947403	0.330648160606835	0.433681986392093	-0.29399560661896085	-1.17040235442253	0.29916747245561287	-1.5155014466867796	-0.2247568049644198	-1.7484516586175518	0.4077069211865558	-2.413701825624327	0.8562291991583153	-1.4531789583657821	-2.6292085911358645	-1.3261762685711584	-1.0676801728697747	0.7484081474027421	2.0418968143887493	0.42366655941532744	0.14534387028040344	-0.03084837187721625	-0.4621982329693902	-0.3577155513058812	0.08180500791706839	0.4324346925917341	-1.8214961052972474	1.8502486754969116	-0.20936400288515922	-0.28398468544343763	0.6052571101478308	-0.5572672410636811	-0.29735882684448406
DTXSID8047686	3.957779610908281	-2.8734941372006353	6.916361886692652	2.525727623750029	0.4250491480598869	1.614751645703764	0.8828952605848583	-0.6334108044583575	0.4279043705452479	0.3122070280354579	-0.6825169410773103	-0.16084396841914067	-0.4174704513187687	-0.2767170236915431	0.6833997497695671	-1.1732174452447903	0.33302295178985203	-0.4731455885496885	1.7268494384058282	-0.06638500029528797	0.29292939398352363	0.5295655859887964	-1.0360233735487248	-0.22780131477935936	0.7113604346252618	-0.7560368180533792	-1.2874271995086377	0.1454385650346357	0.1494660882172928	-0.27965445765824287	-0.03294761818904127	-0.3652388888688862	-0.1059800191584681	-0.32012697941893636	-0.24899421973477945	0.36566093982357906	-0.5572927788151183	0.16718473221812075	0.2467818076412347	0.507248031286102	-0.28737907928324824	0.2435190857926021	-0.6035227556947632	-0.1746639174619937	-0.4000070171887149	0.19233323888334294	-0.130667070279528	-0.04154521739782599	0.2414477763094364	-0.05767428999181428	-0.057640949612858074	-0.1099615928618675	-0.29666180626838523	-0.0465656934425315	-0.22013665247796288	0.03374406488760156	-0.490065479917134	0.05554470827164897	-0.030828464306950278	0.1159399615034671	0.07056138940663764	0.19230983806791926	0.6299351114686453	-0.687345513263142	0.32389828247989105	-0.8568306161850386	-0.5390626533313215	-0.4940415244925239	-0.09070810985683882	-0.04716745932854134	0.1717161453765262	0.19996562110561342	-0.46440823466441716	0.23094326034564508	-1.0165550903302158	0.21633123001773277	0.27277061974058653	1.0005150772810951	0.3753748378630881	-0.7028577715677502	0.7022367314418099	-0.913973150752353	0.1469493884255229	0.008783022406112308	-0.04654849305540074	0.11711577786087585	-0.8073601711333769	-0.5657366548264505	-0.19424668070314197	0.37445622379080645	0.41954806595637595	0.4437172934860698	-0.23224013175940272	-0.08345456273146036	-0.44962692658317693	-0.059895065461040106	-0.11070939455560591	0.2249850815433596	0.49509671114850556	0.10807254100828145
DTXSID5045964	-0.2305965244706374	-1.1645993843723785	5.069790881553391	0.5419161564896136	-0.60757270955842	-0.4678065327938304	0.9522820801187978	-1.4048074711650358	0.4927000253627483	1.2122886687107264	0.05649916797138288	-0.1869373191640217	1.0583047639367882	-0.03716986432669049	0.5579756008075588	-0.4705711900488656	1.1478994547239203	0.7119090046587033	-0.24643352443102245	-1.6999597715898247	-0.12192534699381782	-0.9223857048398699	1.7819377587166878	0.4833483181678253	-0.3644768313232991	-0.4955481519776854	-0.051918056091037605	-0.3954194664958822	0.05388640357235633	-0.08534295063972792	-0.1560317739158508	0.256648717229876	0.95268338245536	-0.2784094620612906	-1.669797259434941	-0.12317419831077274	0.6543038676177237	-0.8278135581085639	-0.5413985615714559	-0.6051773803404815	0.619679700734328	-0.1652577675061037	0.1547502655419769	0.15073002851897477	0.32174176621163725	-0.684225530343292	-0.7617960029076515	-0.26179097512750027	0.12098997242075378	0.1705204464696393	-0.04966394723938577	-0.5661699167412745	0.30155237791170986	0.04872813028927327	0.09170746529376617	0.2728924391894858	0.7627776255789552	-0.2371427340518741	0.4785485605868218	0.9416190404893678	-0.5186606271539681	0.457689862888818	-0.29303626668181554	0.43881355097069646	-1.0774788666363508	-0.008692132120984285	1.3158285991846335	-0.8289741140978248	0.3167616359533271	-0.4987870209792987	-0.04917931979381337	-0.4598400726175154	-0.40188293804436	0.4789631964487622	0.7367245476187585	-0.5639625974252217	0.6390969457906384	0.1771362638120471	0.14119704167942274	-0.15441970566048951	-0.7474737647437631	-0.25142423611112363	-0.7664734795021897	-0.047105227890049915	-0.11613669959485261	0.3566437498453348	0.4122459644917611	0.44212442501202964	0.2859112115286392	-0.35609946995195063	0.5860863548186152	0.16875425671941088	-0.2991083680105325	0.27768279638802434	0.14046248982743445	0.4434376174717375	-0.23133520187368753	-0.46756375000336	-0.3300122237834185	0.30858285941818603
DTXSID3045988	2.491006895846854	-2.205611295177631	-0.28324923691026443	-0.08589041742326592	4.530670825151557	-0.9949060123510364	0.26466548883802204	2.4312464201622404	-0.03966469071540848	0.1627305810091354	-3.3040296009952486	-1.377644539567278	-1.345310749316631	-1.7859326083356732	2.7718077350892356	1.0160030679228744	2.828187330813345	-2.1832941528691703	-1.0518980904567732	-2.5612104664706314	-0.4730942489041462	6.015669231353268	2.7250104280614904	0.4525348075373085	-1.5252650110957213	0.13487853808347544	0.6595124240707104	-1.4658074481403904	1.1640046536761308	-0.961011621539243	0.9999587242114926	-2.1201610550987535	2.135774341969895	1.3133543650432131	0.7860162978817632	-0.514396679389432	-0.4389171652652342	0.3843740432034041	0.9528304485814996	-1.6662353704972583	-0.42618994987868486	-3.0412349737071454	1.3247439259761118	-2.5184210757282584	-1.6509676817150656	-0.9058212808158864	-1.249600311004446	-1.9800441400071263	1.4040006857360827	-2.173409559564715	0.8438383896815097	1.7828736444632618	-1.0156123458847421	0.10843930399510705	-2.51208319893969	-0.17083635497032337	-1.0135441826005658	-0.5962011974436207	-1.5683532002167826	0.6921323823554562	-2.8333512640632	1.1683116009180985	-1.9342040229989252	0.9382679209031966	0.015494879267827734	-1.6822256375762343	-1.1634849795670958	-0.2054256461397394	1.3827286427560515	0.8790545516249186	-0.1905727229496352	1.1163943916191177	1.4187506917929975	0.8135526281956816	1.3616516785109611	-1.2011000530187195	-1.933376450265825	0.029790374818754344	-0.18329964837046778	-0.6346580596551625	0.2800782707602127	-0.29349137768549943	0.33005733303701834	-0.05769412757098073	-0.7486907744017387	-0.24627565497746912	0.7411940637447832	-0.3511436458351605	-0.8210015641666547	0.07720102378494051	-1.2442389130375433	0.18494262349415827	-0.009253884671673897	-0.48689987348902775	-0.8307469497161557	0.17107615610798033	0.3464185619020519	0.481243208013928	-0.24073421423695515	0.15541620922107488
DTXSID0020286	-5.045434452900451	0.5854471103275101	-0.5383954195319318	1.416730039595055	-1.2577888581216257	0.9566849839521362	-0.11594982024249954	0.2581342890817352	0.11388492242164244	2.6875388164996745	0.15886728909047482	-0.3924818565808205	-0.37812127507535875	1.3430032052487237	-0.5873797591899458	-1.5012321110914753	0.2897353139618558	-0.21065246122177408	0.10007524201269996	-0.2919371498610336	-0.1371836872614348	-0.3466778812805764	1.1583474290685627	0.16466720701654164	0.0941881025916729	-0.4121752956103773	-0.42413244057389854	-1.351840036340492	-0.4090553973553137	0.3480207130552184	-0.24199318708587314	0.2666878078937947	0.39986469367450006	-0.39961282916263885	0.10777832673975256	0.09451114477265535	0.0006598761103184334	0.5105551497082997	0.12672214656556874	0.4961431362121243	-0.5314188880013829	-0.042204377573936164	0.2559231614208383	0.019603837640877236	-0.042024208446379795	-0.027537716164654096	0.323931421274358	0.09878757700875575	-0.26724531750506525	0.06985790944483648	-0.041154130747894264	0.09427760796585562	0.20144558760418907	-0.29475770572386695	-0.09811417716648987	-0.033847483180852275	-0.039699795496673775	-0.5365647019601231	-0.10622362158948559	-0.257574541842907	0.890138430338949	-0.2240580464794489	-0.15467655513373846	0.05679376673665577	0.4875162692806243	0.008113069739704134	0.2644885106311536	0.3526742282829643	-0.06953366546761992	0.22067121634349496	0.2892485840908522	-0.0643166314068863	-0.24413764370653246	0.2475792503206897	0.16047174387837287	-0.1988645965541716	-0.06357993961843056	-0.47355377324891873	-0.07276625366553548	0.07297034351260351	0.21747732278839457	0.3614894091317452	0.0790534505790001	-0.5026983410191306	-0.018309062185632753	-0.14382399627808445	0.1390360657292815	-0.04587554513733261	-0.03764138032186171	0.10128069659803456	-0.29284168887369283	0.08340895519531667	-0.16228000848675528	-0.0956846890601677	-0.046851518033266246	-0.3412558787490241	0.05608480776611984	-0.06918741878503117	-0.05585510291216737	0.01013256206311377
DTXSID3021142	-1.770334896403338	0.07666279802237289	-2.0395991996324008	1.5439227697123494	-2.3357440805504797	-0.1496069085176066	-2.123671856298208	-1.1335190969047515	-1.7542999194102162	-0.23231220625095503	-3.6364869328402354	-0.41498779545295494	4.38511979430933	0.8100948979579383	1.4995660155200334	0.7359107099000014	-2.0359124592833022	0.4134617573369853	-1.143881216967403	-0.6569022704836089	0.6030728894641171	-0.0076361120240194475	1.7259178380588351	0.4378254795868722	-0.9503181504746577	0.8169442951484718	0.8336072912727298	1.0397676485133494	-0.1116358410949034	-1.4081996893712594	-0.9659180066908344	-0.2964465032422329	0.881140979597685	0.1399223602603701	-0.5588969263683083	-0.4332957882545271	-1.909037426435426	0.27430879755688586	-1.1958089864832209	1.311726146325673	0.9656972209006931	0.9094024526344081	0.47935217036913647	-0.16207402854166458	-0.2495951396280398	0.5492212899199042	0.23347895022877146	-0.15824721281086837	0.05224169197471839	-0.18925538922156987	-0.2273847073406733	-0.507109249001288	0.6148617529020132	0.4906645045957589	-0.30926370187243435	0.48843963969356397	0.6339562930113051	1.5776963523394332	-1.5978489432995993	-0.7822421583938467	0.1380497544996064	-1.01743678385054	-0.19903010256989856	0.5824151086985029	0.013467458553497845	-0.4002284943596731	-0.4226200495027185	-0.8690252077857645	-0.376354477917202	-0.7564680566255302	1.1069599579792455	0.6767827180365209	-1.052878463881245	-1.3862182192548504	0.33238548982208216	-0.2419661404268677	0.7897718136062505	-0.8690006958828494	-0.036731995556366914	-0.72461502518788	0.43617159187296894	-0.12515237614048844	-0.9827590061841872	0.5717989902702055	0.39666439321565045	0.6676714666192457	0.6326823835035782	0.33513917977495555	-0.4315145158508963	0.4061148548184148	0.8207929310174492	-0.4072378512069506	-0.040937064066668354	-0.3096532683911984	0.189423737329823	0.19398549249528857	-0.25905714518290546	0.22024992880733157	-0.3990180690189384	-0.35467188274810924
DTXSID2045448	5.320507230017996	2.4170744136635403	-3.255414862119083	-2.0414856531703642	0.2807297047336791	-0.010937027356465897	-1.3606172748472702	-0.6300720473191845	1.7834176308960732	-0.34570425808709093	0.6836605207766204	0.2499981776375646	-0.9795486902264464	3.762687644456062	-0.09716997016698536	0.4800346493118468	0.04969389640267405	-0.0009056028089670193	0.9408426150756166	-1.1570065257139452	1.018890316663032	-0.31468858613733275	0.8753800671017894	0.8500669361995199	-1.274063141198671	-0.11255879995775131	0.4529140448022122	1.2364828195456379	0.09351267078046954	-0.1140722208224543	-0.38275049981396486	0.026447609549275334	0.08743356284983081	-1.342064272061211	-0.2553167651833628	1.6443601857203105	-0.7696162234615406	0.4751876121406187	0.19894897746194837	-0.25838666332175536	-0.19564446557563878	0.5643521400464958	0.4387670476157508	0.923248593665322	0.3372993270562278	-0.3785680062578985	0.820877536242753	-0.0800396660488484	-0.18706894053918266	0.5439408482732089	0.020290039666549964	0.4464338989381952	0.67137587242691	-0.17403276859020134	-0.8031519983161075	0.19752238825843885	-0.04158734961187593	-0.3362049763820058	-0.3727707051090944	0.6973545758680951	-0.2122188889585849	-0.6094097536845814	0.9018410528954908	-0.3196246470590751	-0.4087552193434368	-1.0241642030410385	0.9917039558178137	-0.07936339652420364	0.9232755304463488	0.2783196523547722	-1.6710015720989457	1.136088315984006	-0.7019004500134985	-0.30818887870589434	-1.2078373022181674	0.11089922091379678	0.2527339565384487	0.4601663191750405	-0.19508767439489624	-0.13144055631569296	-0.5150150495266451	0.5723568383865011	-0.09345965921605126	0.41105010466663666	0.6632843306006285	0.5532114323419107	0.4989769226384087	-0.5312773396807373	0.015809427714892594	-0.5528496600573736	-0.021161747216810613	-1.7240997712139872	0.002142801674456248	0.5545211725275832	-0.6148406828477322	-0.8845535737194489	-0.4399183873118861	-0.5514822461788252	-0.27197717529932197	-0.6023985312240084
DTXSID9047419	-2.3863536468281343	1.3786626946292073	2.541032361752247	0.8234764079452841	0.22201242728496473	-0.6366466746242945	-1.2323611213069385	-0.7404937115295486	0.8771280611187846	-0.9049768385909128	0.4155351352375282	-0.10860433736888755	-0.22028452453545272	-0.11328872415104269	-0.6301795924983424	0.5055190990424896	0.5169210869011724	-0.12318368896330352	-0.5369676656846727	-1.2012431809042643	-0.40523794869270335	-0.5191425055604436	2.4172862855910533	-0.08310946369566606	-0.09832949838835574	0.4380721999114716	-0.2436189371321827	-0.12491547570402015	-0.2106116847191208	-0.5958690256990113	-0.4573405540778319	0.6833111198921455	-0.11548538317164685	0.015813886217774416	-0.5402213882643085	-1.159652225613149	2.343134910672406	-1.3223740118916532	0.34477047821558027	0.20751082027852671	-1.7153736036835152	0.4097249975248472	0.6463669674510191	1.8210982952195947	2.3289633153023215	-0.4858301176243848	-2.51485863656547	1.27530459814473	1.1052826419215067	-0.6559556266841297	-0.0794657763794664	1.1737937344834644	-1.306343237516286	-0.11687829039283136	0.022665476362130964	-0.584907020629546	-1.6285214330156481	1.0281048561425152	0.61573606108637	-0.2818464646145855	-0.5757778885104143	-0.030843120435622384	-0.024110290048737795	0.05977340216292342	0.9698771903299808	0.30092733086787793	-0.5139616647784699	0.13963948043315114	0.43907909641350873	0.02435288200966742	-0.22797716803146478	-0.21670439881802792	0.07814056959490082	0.4468191628273156	0.625952991984735	0.5702915073479214	0.46749939670485313	0.08472743086567798	0.047833707398221285	-0.2853706519238519	-0.35777360004348896	0.1550556788999586	-0.289976803023106	0.2685981942736698	0.042725131373512755	-0.06084509308070822	-0.5573038418867149	0.1548707375043319	-0.2002239169638325	-0.17846203325105914	-0.12046208577214798	0.10963502533695894	0.3790824769098714	0.3617639531026471	-0.2703989166076871	0.01995527293685904	0.19282471153890118	0.24659609059492107	-0.08884027665788743	-0.3733381983541205
DTXSID3024780	-5.0573830655800665	-2.400052633824666	0.6322388379628882	-1.4672616412279744	-1.5284615948910734	1.4210244510289052	0.8550693063513438	2.3266968279671776	-0.8091221852979782	0.47917283715132547	-0.3543358224175151	0.06210765475139685	-0.027772524549758468	0.3734196919035549	1.3503418939272613	0.6863169625379958	-1.2045670583401666	-0.022000660014106593	-0.14306653379971787	-0.8236857238848052	-1.0935568368285724	-0.19593827064015654	0.8885783846591174	-0.2924755679364479	0.1115647892529897	1.1279223774231342	0.41168276271506715	1.096363594177848	0.15579174051594671	-0.600482698778513	-0.8287684708923888	0.03277272422009796	0.5406656404966547	0.004031778932171388	0.656811018847694	0.4474968387116173	-0.011197779440199378	-0.5088400131121876	-0.9129517021881229	-0.10531887186870618	0.5096874108042392	-0.5022894831466153	-0.17233398113376056	0.10720206005004727	-0.10335118061459599	-0.0013432924641936879	0.3852388104364633	-0.41164386889323207	0.11969240291188153	-0.7177745447527586	0.02347357113175432	-0.31307123897763306	0.6106610642616048	-0.21028108387465436	0.04287798728968218	-0.4050526381252399	-0.19360740933926487	0.8271420475770694	0.2768839911561225	-0.41627356549417044	-0.2181734650383895	-0.014897927058748895	-0.38071676054945924	0.4274633474692513	-0.5189125363407004	0.4944718719736877	-0.05354619690475102	0.27300287657813493	-0.2342939604046612	0.33961481222620715	0.16910149717777917	-0.3246141759964142	0.7033598951924969	-1.0428840584488925	-0.17328741291753758	0.919500370138937	-0.4972338069752456	0.07751693556911686	0.9792626825260345	-1.0231951645933035	-0.04442843307331203	-0.026949959569351145	-0.5839468531577131	-0.6094785083600457	-0.7785994241303547	-0.4691975528906687	0.6904083414715875	-0.7609618715593207	-0.39783577304367895	-0.5275005698334838	-0.3559177937928588	-0.2730942661537993	-1.063541842183108	-0.5830426735242215	0.6860118302781538	-0.5046642923730461	0.39299884878398583	0.14639904986549102	-0.09762529512553407	-0.4047607223130481
DTXSID5024506	-3.1379595123967863	-0.41600020120930137	-3.4419500232634586	1.7020564555109423	-0.25929562337104517	-0.49373172486408784	-3.191108852071903	-2.4326356768743302	-2.382505734292534	1.6778061956202097	0.2639830160474328	-1.7827082869177404	3.690168787132736	0.8492958434005297	0.6620365130790054	-3.226993062166664	-0.10880114313188412	-0.4225278671325791	0.14671093652103787	1.0577978094634315	0.42163791147502555	0.6543946306411002	0.39476166364886917	0.19934991481829653	-0.15670767063443	-0.20485375942054654	-0.05328231822378699	0.3806473562874338	-0.2940194930044188	0.3004886112405473	0.24278769862818966	0.20480329046885512	0.4307073949840624	-1.2287913824444532	-0.7631730075894376	0.42444515638080427	-0.9617585706893221	0.20303423923663622	-0.9565726040171536	-0.3687175054081054	0.4719225906646655	0.06915396568379101	1.7117647001741725	-0.37548745766431224	0.056730226397113864	-0.298410686204139	-0.38611231079384395	1.1145992125949493	-0.4903692458164796	-0.18760844230563117	0.07021788927884941	0.5728610585637867	0.3617332655434175	0.7758064606789392	-0.07067680059269427	0.5988212294574882	-0.08305412501864172	0.9539896163902608	0.3999442326111692	-0.1000466547534193	1.2545663962263656	0.88876898594288	-0.9745799453564515	-0.05048341722323382	0.7579796691764308	0.36948928166494127	0.5838086072366526	-0.627684979884173	-0.5777454803397016	0.332510250684378	-0.28002898332897025	-0.5246259423996081	0.15426293462068216	-0.2615265889957483	-0.2807391018446217	0.0738651134622695	-1.3020302752412891	0.02551140554852647	-0.11195228740835789	-0.20899843028032225	0.47887766153766426	-0.11456577178785247	0.7632176724123768	-0.1347150835942395	0.2376344965181481	-0.4010505650034805	-0.3106421136233435	-0.2695593943597681	-0.41184781875563015	0.254394776093078	-0.41474420854244126	-0.1717845476122529	-0.14125709203627104	-0.3310710521892413	-0.3301794428956481	-0.5843363502642182	0.26528674873988917	0.08632838138986126	0.11940348215969993	0.23890730175918728
DTXSID7045576	0.9560657409286117	2.1256429963816417	-1.2693285343568925	0.18710286706493673	0.16501387418512695	-0.7658351436174479	-3.45261298152077	-1.0456960657987455	-1.8842903149496912	-1.436577784582309	1.5642848123002155	-2.3306002770000385	-1.0667746453793994	-0.10766093315316279	2.715659551621248	-0.008420745611412041	0.11717231315510425	-0.1416527141092442	1.6747390209184472	-0.7422984443784999	-0.5286526008898136	-0.6677345864765133	-0.05807557527437911	0.4394679343781408	-0.8128063909925562	0.10237092814521734	1.2185208126552318	-0.3160318686285898	-0.01463689740418999	1.0645786120290017	0.1160618983988652	-1.1074251148909944	0.8935736196546418	0.4143037337356674	0.820296715760112	-0.33521817035594065	0.7536112741229111	-0.25939946852642337	1.1838526903191842	0.6601087434708093	-0.8017728342870052	0.3751554946683956	-0.5819488590276863	0.7135075376328758	-0.7198916440822987	0.22407646351835858	-0.16058500827404154	-0.8930617694646862	0.097218102189288	-0.1066330980869174	0.42429420422819314	0.05409183327216022	0.06778097597059123	0.09628349473372311	0.8964442942700501	-1.0394472660858107	0.5080153418906889	-0.4577797586425367	0.4972204320754221	0.18989242780391735	-0.1509281983905854	0.3389898775067609	-0.7630698311311327	-1.0399778578816312	0.16834231943080163	0.085878023624297	-0.40886117891901563	-0.1481353457996753	0.5189249525676977	0.30128682274965957	0.8611292020533666	-1.4583163499575487	0.27014638393122997	-0.23228001122861297	0.6076821202028857	-0.3350935283544821	0.923780098705203	-0.6209509711358463	0.268083143872082	-0.8641152854786259	-0.2338402179248665	0.14114025318342416	-0.45897379147038725	-0.6036756745292047	0.058228648380083396	0.385004351386196	1.0683094294864777	-0.21161357505622513	-0.8315634939814611	-0.2688571930825707	-0.3239544850107715	0.22856970466573984	0.22584213981729703	0.2734369810576449	-0.27501637666625484	0.24088922898928136	0.33084661880015953	-0.41784968695691127	0.42705049010605833	0.6056730609225861
DTXSID1024255	2.8698135713616564	4.192826251827594	-2.5367416039614934	1.6050865350940244	3.1389443316172096	-1.9262452986564373	-2.0979607503873985	1.6844599172299457	2.462825304692142	0.18843278719631187	-1.2647119467253278	-0.3889591411937223	0.4217738980563417	2.504441984654775	0.2970116852106024	0.38698143942412633	0.19740024643030823	0.7600514512486988	0.7798256438616059	-0.7618603861297761	0.3895557146734728	-0.7940724718718111	-0.8382242184656876	0.9824653361430089	0.543833419643257	-1.1942155074972078	0.9429769218116059	0.18092136085244273	0.02709289020682724	1.1562841328824194	-0.19429883029052275	-0.4475085470219959	1.404334541111374	0.1199642992232843	0.7546361334420986	1.3564031550571545	-0.7938725970612023	-0.9323479044465949	0.35001588824761204	-0.31112040067308194	0.022849034881049193	0.18330058971831462	-0.29368222252656373	0.6909397749649953	-0.2333063642984926	0.26302659706546283	0.6029601083098467	0.022482878371671906	-0.02878454763269672	-0.24343109724073292	0.04842455829937455	0.020896699316125936	-0.26810675423859287	0.14981818858714194	0.9904803461020473	-0.8241355856755261	-0.6993515314806585	-0.14069670744038615	0.022818919000463705	-0.16915314516330646	-0.12282146113810767	-0.18506032634461822	-0.3153498954338103	-0.6081620263540386	-0.4032012024995416	-0.5426302044510667	0.16745074427465756	1.3537314847907471	0.912475003943096	-0.030051536215056966	-0.3444914923835576	-0.25828472605126757	-0.2865156555043595	0.9095900078806157	0.12343797030601639	0.4207090047851314	-0.7080642810917976	-0.1813427152523875	-0.5175182786366218	0.03161276970862386	0.47127831744140014	0.040818808807745105	0.4001974732568803	-0.23730242978831312	0.22476158329247486	0.4903019460711097	0.7142076264116356	0.11810274503616468	-1.2802655784743033	0.5981403755757949	1.6794197462009428	-0.6127016078455244	-0.16997744131957093	1.2663653251448606	0.1856810059347988	0.48094819806626393	-0.22232216777685698	0.23824869074488053	0.6771083529619156	-1.17105351598299
DTXSID5035589	11.461633390743746	0.9566813165526311	7.314951326165789	-10.317068184997876	-2.897553085385738	-6.983449465443112	2.5136539361233265	0.7472427232509864	-0.19199993133719717	1.8746931514350245	0.20851337405658363	2.0613631491644537	1.4089813165874048	-1.7491966989031253	-0.36842118372118543	-0.7874445428559878	-2.4580136962032335	-1.0487792723342524	-0.47596558693653573	1.9908274795278844	1.071284890793458	-0.4616673562783937	-0.1027190164665995	1.1222027667475958	-3.1774317369872276	-0.13191591204224767	1.4598770744342415	0.6174165879292371	-0.6787589810234408	1.2260232501738837	2.2640087285641535	-1.8643449130683154	0.08246745728271553	1.068224072586705	-0.6683590041863953	0.15110100532599746	-1.6099920978962476	0.38132861071396223	-0.23497284864796195	1.3937371165440042	-0.8500654483396516	-0.22333079204487652	0.551511879528456	-0.020809778365297082	0.11808945478039222	-0.5664270973665816	0.566001311289066	0.00633915354211245	-0.23157859903762726	-0.28893792218554837	-0.03288661710380837	-0.0872388919576831	0.31771949509691416	-0.37164256809172425	-0.9888762865273797	0.44493664983151837	0.13377089162846867	-0.22052386079815275	-0.12720092541110997	-1.1231349550999523	1.7874360194819006	-1.7953957751526473	0.07606925965585651	-0.1598710291109421	1.1507766829891775	0.2969023176885156	-1.5030259167024502	0.6233723662681518	-1.0530023216503392	0.13369964460872932	-2.109951543368701	-0.767523161499649	0.3775343444356825	1.405159660249351	1.3519845411800677	0.7523618284074074	-0.1632226345135299	-0.0497595415619065	0.07449420532339396	-1.5026141083511488	-1.375809656747364	0.6952633129834922	1.021656042759498	-1.7069775034531125	-0.5630625890840304	-2.399616007036466	1.1803322124130253	-1.0737410468099757	0.7702895357260725	-1.4222218717104107	-0.24275901051832602	-1.2464839133624184	0.34156677285304216	0.2840890648469681	0.31512971192468975	-0.6790766365499175	-0.03809731672605513	-0.0915479007096819	0.2567099662057404	-0.3937490782660442
DTXSID7046706	-0.793202214220464	-3.944616103016793	-4.576010677359498	0.19698203796924404	6.633721008566819	-2.9391439602776996	-3.490080240677452	2.6558911780129244	-0.15561852698590375	2.142431632102914	3.1686507746327015	-3.931960995079133	4.270233271070127	-1.488930513784232	1.7364529016433166	-2.7791424860480896	1.3684789336871044	0.6082445536683205	0.836565081874475	-0.42845994273261995	-1.6571859740252572	-0.32934281174019253	0.046766042141977195	0.674767438225006	-1.6284092421700969	-0.12067885276390082	-0.673503994968394	-0.08984373174092104	-0.6647572677994958	0.30849311793279016	-0.5081783695298487	0.46557044133819275	-1.9130367125307084	3.5166944427510822	0.4831438981103987	-2.494675609975645	-1.728325646034851	-0.9625718122746795	2.24236538562908	-1.2179050153016946	0.31973496806312834	-2.4941337934336025	-2.496076524751943	0.21433453874678893	-1.1545320868058955	-0.0922056506517862	0.23390347157854055	1.330833147390914	0.6860518305891179	1.3195992273801465	0.5082429434420657	1.4484034987441303	0.7326536209810145	0.382821943694169	2.4735369235535045	-0.4892780164864481	0.2038006998308337	-0.8491902436895851	1.6346974509813053	-0.282666527401192	-0.7569103926605748	-1.062710227127123	0.6662468856475752	0.3975041662970315	-1.3576023740631746	0.3438850465474905	-0.9995992632582379	-0.5930932535832182	-0.4158643477494313	0.4921094270939538	0.18188254340506865	0.16111184855718302	0.48287991697875243	-0.34954245141745854	-0.6952506570945065	0.938577356619659	0.8403401568720753	-1.0194542668544215	0.10370170012197089	-1.2711198091338196	0.1759587077001007	0.6884614306485175	-0.6496303810072118	-0.382721122324853	1.6282496760927778	0.022083435273306164	-0.805936965066943	-0.4266010648785213	0.06278407721441427	0.7378769786014692	0.035668613102135226	-0.29250174465953466	-0.16820136514282794	-1.050774998769549	-0.346198450270799	0.08869050861878697	0.36520049765890517	0.3466964139363416	-0.2983214682135814	0.5525973516549747
DTXSID6029626	-6.229601873818674	-4.249575770202555	-2.330071214909086	-2.177962221595303	1.155530368494086	0.14852405890368256	-2.694070456744277	-1.1274996512926876	-2.6838704470021195	0.22952629703277322	-0.926451770606133	-2.7391381955048373	-3.1080908963632137	-2.6027412801314993	1.5255737582721791	0.7923516381776218	-0.6717119702243898	-1.8914462790468836	1.2482851832786042	0.06847568263434685	-0.9654022838812893	-0.28780995188258485	1.2277749607399906	0.588440882804633	-0.658855032086157	-0.7905808113662919	0.8184634783030573	-0.6720349036181842	0.49655757034549486	0.7332821337092158	0.7495962489610257	-0.9281737033987548	0.817364292280125	-0.8718084980521698	0.6387850437054339	0.24220849788669405	-0.33588707173515314	-0.07345550414045678	0.19126216188502027	0.6177341920365451	-0.35551844368912305	-0.030338645105985544	0.049815882609009834	0.4877076557452928	-0.08800062879028181	0.2656044814182426	-0.11886282946166458	0.08716702771347587	0.20472162301522848	0.6961123167666022	0.25753398705835395	0.10065308116114509	0.4984386613995955	0.3643945422261073	0.3710499301418308	0.2390813782965883	0.17502838758313483	-0.029059973231974325	0.09674635683941785	0.6744111226501481	0.009210574841665995	-0.15494648047968537	-0.0664703234170418	0.33305518771439296	0.453956838737255	-0.6457825799676672	-0.5943728742192645	-0.1357898202336083	0.07914203845536293	0.26876024097444806	0.34441849549563125	-0.45061066786753595	-0.1064945726736411	-0.4149087949408294	0.0832130990744977	0.2353299174349381	0.2571954724043984	-0.19580900683857527	-0.2084408455637488	0.030438403483591368	0.8848890292886854	0.2205090587007191	-0.6550849151068411	-0.4969098974405145	-0.792524550424798	-0.14007684231150674	0.29543875786485907	-0.5942050731323283	-0.5524956468900745	0.4259676363742647	-0.7713564620055838	0.31425251972419044	0.021268108309013222	-0.5068657839903831	-0.9890442844681343	-0.6879570389372612	-0.2532569639267079	-0.9835610281488771	0.10293325805301408	0.48264552154599805
DTXSID2044921	0.7205367417665439	-1.8975097856037952	2.928580440137568	-2.202942292751363	0.8474897817217414	-1.5295090449178255	0.0492531206936644	-0.14532796590612698	-0.18725899937278023	-0.5373692802522532	-0.8028889143075949	0.5258189704772454	0.22686367571773602	1.2341207607890785	-0.1574801055589301	-0.23685720085248543	1.0163409507690526	0.37360702872673784	0.5445394697002296	-1.046983939784789	-0.045339979364942065	-0.08143927118961425	0.6873239598989741	-0.26524185234710923	0.32767786782882335	0.19799719443679417	-0.418135511583854	-0.707054542316171	0.2239701190937705	-0.3910635160488392	-0.042567638955488804	0.49028601216737083	-0.07538952095558218	0.18499223002005868	-0.4828691975388557	0.39008652413809	0.7916624666312746	0.2854541334619658	-0.7443777120178554	-0.29539442995490955	0.08824161384680117	-0.19450551620798331	-0.5032622052814141	-0.6463078906333896	-0.07845348417309236	0.13636446272457614	-0.3153870866724177	0.2593832394528211	0.1880922805848617	-0.015015373442606382	-0.12347292648803947	-0.08400794081555836	-0.14444987223942019	-0.1684401655911006	-0.03596539086436648	0.1181964018815681	0.06644660511674864	0.37736222613367754	-0.19507806273725523	0.16686803609403839	-0.1311117919914915	0.15600947544154664	0.5938484429764004	-0.5374141354032541	-0.4618617707471443	-0.6057067286541951	-0.2185404606725604	-0.14957547150726774	-0.17068303355138673	0.6398719039114514	0.39316151428645907	0.19438109088821212	0.5119198438841129	-0.3271686865471764	-0.4322489811055033	-0.5276944825135922	-0.36465753393167977	-0.5700516773702157	0.16872187193055369	-0.1019531855965961	-0.7826652205589286	-0.6443771445522845	-0.28239714635695556	-0.5617545229102607	0.038426490910053845	-0.051270437761943954	-0.05482181869568344	0.5790897310331125	0.22795205655894848	0.10779152571901855	-0.6408399212507229	-0.5237047018862472	-0.2111384593318849	0.5348241095401682	-0.40402066046021723	0.2786168004450098	0.2108703048731796	-0.2199255972070233	0.041944065601056915	-0.036938855843098944
DTXSID2041046	7.6802501750925165	-2.2192250781922946	4.648518324269732	2.3104941922338464	0.5975140860100909	-0.20572222087021588	-0.44012887603796946	-1.1668537618491714	-2.930893335620949	2.1581097976160737	2.06789452596743	-0.07827485657713594	2.5235991726507794	-0.3389588428912751	1.9553852296719414	-0.5500315387697823	1.6823912188359644	0.7965210471806101	1.1397174795993161	-1.450936582751285	-1.3707524396531496	-0.6117202092364029	0.19323715034592498	1.0691274157697235	-1.206992395666953	1.0004804247136436	0.07657262876753144	0.4347544393814233	0.5043955147026628	-0.7443381342140197	-0.29280219966164794	0.021696390258331495	-0.24008647674400746	-0.10052979499482644	0.787012450821833	-0.4257531967382357	1.4455733794009447	-0.18342903581553152	-0.25484577428148447	-0.08400829014446722	0.2618117569729895	0.02701793437521522	-0.23323299252054092	0.7661700523374925	-0.08346165014678979	-0.2872511998629762	0.2889063156157138	-0.6353129543874896	0.04135941751849669	-0.12188458130513677	0.03433216613709825	-0.4715485268608662	0.031337359133648796	-0.29134550804356796	-0.3134730375486082	-0.00010622639266362583	0.08378065329713724	-0.8679936479311231	-0.26787096069123084	0.4746533426778428	-0.8235206387725634	-0.5618354987264791	0.3323864284112015	-0.13750022532514086	-0.7629205084359664	-0.10223118577596434	-0.03556914640646664	0.19360921216738175	-0.751995548698464	-0.23158023205394015	-0.24299017014273813	-1.0130502444264637	-0.19084457348933243	-0.09342770069919579	1.1034628728484868	0.25822666343685796	-0.26782256650430164	-0.2741494980485014	-0.060978799131148086	-0.27605184574929353	0.604405926132096	-0.015392167851340502	-0.32349960486482715	-0.02543287076793935	-0.1689395848745805	-0.003937058186580958	0.26433097925087784	0.6811682837690121	-1.780435613627012	-0.0005024085435669047	0.04049806390840936	0.46422880462151833	-0.37109480498961556	-0.40627546496388806	-0.48533123386806837	-1.0166749287117784	-0.5334699342792988	0.877745902156989	-2.5330155463730386	-1.0528005825203963
DTXSID0024341	-2.497569571788362	0.8765846278707834	-1.0044282963097397	-0.15723274718684097	2.1611524539516047	0.09064178210449665	0.35386360309556053	-0.07886369130968654	0.8583620813099767	-1.6641161079979032	-0.7472982780872673	0.050817016665757775	-1.656941770917003	1.6530902019594769	1.6481755961493216	0.7111957928469836	4.21653601420684	-3.0271441825829086	-7.558236379676606	-2.3696515986306506	1.2274328559118488	16.587146970552197	-4.520179369474191	2.5137724861096413	-4.538360157572781	-0.1287287427188828	-4.111910279934672	-2.937283278259502	1.547808111251269	-1.487800627603918	2.3449332975293102	-1.3128749481805153	3.8901857209082054	3.3618288994602126	0.7038833680319161	3.04303126450398	3.1507260221413995	-1.6265528014243111	-3.1431450934167606	-3.8215213407308286	-0.8759921684474897	1.4560378386263202	-2.6201104999160063	5.208849253725959	3.3897691937860808	0.5703472232984352	0.9931189253950444	0.8352613527661105	1.3967187920739306	5.317570757186593	-0.3797434803236632	-2.249712913578944	3.5629476645221554	-1.3006607149877896	1.6299600867452424	-0.3147745941960776	2.9011796025384906	1.4388600942957068	-0.21567534414687559	-1.3460169619275473	4.569837024100372	-2.5261800960735052	-0.6424879397252966	-1.0206481321637502	1.534608656514373	0.6733025318917787	0.7165080354317224	-0.20565769389410488	-1.2841831171559026	0.335063935519208	-0.08335535756790292	-0.6800011643663644	0.3703186372704955	-1.4065115486263309	-0.1992172203987569	-0.1045546430167461	0.5543129688905971	0.8368347799355481	-0.07393702456088823	0.14065448444082457	0.5934127759468524	0.47949679822759	0.11685905674756017	0.7951461243019474	0.03017078491792442	-0.18181337378778017	0.25045934183446167	0.4468164548373512	-0.5796160965209666	0.3802881630680099	1.0446781845933564	0.08412078908090735	-0.2218425171750009	-0.5018979288881505	-0.42377611499321155	-0.05054315720085163	1.4297964794299396	-1.6989766247737803	-0.1651006868015694	-1.303304597918809
DTXSID5045835	10.08388262861896	-2.04922988911426	-4.991795778924521	0.8252071607455984	3.7471148912669907	-2.600003364899078	-2.593019658957793	3.881581873595893	-2.187414400122363	-2.442945486874514	-0.8437835559711779	-1.9766664108224528	0.9327475905875333	-0.10870938771856918	4.077830405799392	-2.61426379855364	1.2833668211840128	-1.8333300550340175	2.0340065662412905	0.49439718273167427	-1.4314303520454228	0.2733623179548292	1.841444492120092	-1.3323246223644694	0.3987933169895482	6.02159015928547	0.8344765152229366	1.1122124380177583	-6.4400191655733385	7.139855364008984	1.9488379419932291	-5.475021076945474	2.4222168419209282	3.067891716779731	-0.10233352629773727	0.35377405636156556	-0.4896952158188483	-17.318253580963948	3.08713573729252	0.4793548331931719	-0.361625371125798	1.3413865530986937	3.013198426380831	2.522388433133566	-12.511796067386163	30.649922560391747	6.532973867400677	-9.98904124535409	3.810795967396378	9.75955930404618	-32.82713647651591	4.656208921837991	-18.168762040372716	-5.766818159932162	-16.334162568418265	10.728235083000122	3.5543709154343066	8.783528645844559	22.643899319041196	3.2696237448078986	0.06795252241404182	-4.830417576921183	-3.929915573603086	-3.640533838488949	3.007253796992809	-5.734472133188053	7.533473433178644	2.6468456559442703	2.2900644338575056	-2.7566164505490716	0.47461651763423945	2.3761725640721325	5.482848680933961	0.3678269334191923	3.6234684959537495	1.910205252939683	-0.31682545227371445	-0.1203397265987219	-1.2652116564944833	0.0347134639457218	-0.8089068327672175	-0.04168126276369429	-0.6945564506459748	-0.42916731501550986	1.5022717063839999	0.8048934647648399	2.1143295111722447	0.21975351527820303	-1.6030543901214878	0.8504383284834319	-0.8953788964329986	-0.3087082732100027	1.1339812636238291	-1.363369153776213	-0.8954328786491405	0.5431832582713199	0.34627464125289825	-0.3556359243960475	-0.12477694176777855	0.5821689754011098
DTXSID0046357	12.294825924922817	4.93164813462771	1.4971826919282516	-3.4749053692473746	0.4004597264394507	-6.113211466447196	-1.1594828733718114	1.6824995920097725	0.7508457462882203	-0.37701970480590963	-1.5801240754499577	0.9538395179255746	-0.6806310581056901	2.737289308739935	2.0373450157590915	0.7254891469060802	-1.8063551790313164	-0.252732222703301	1.238976002192882	0.15996175785309572	1.564638694466925	-1.2116549714129266	1.0676967550573864	2.1652845432739367	-3.534212985011607	-0.48786720126938327	0.3952149213120063	1.009651193762486	-0.8086987933204967	-0.6694717498825576	-0.21804065561761	-0.10871256264822343	1.337087622737258	1.1219943186322223	0.6884931117177016	-0.01905584622889905	-1.0684700062638333	0.13069745317880074	-1.4018495367858737	1.07691879150263	-0.6484984667929363	-0.07887624140107478	1.521357305166233	-1.5002723711098933	0.7142100524405137	-0.2656592605770179	-0.7685763124073851	0.6986561990915484	0.2896594943192196	0.6070725292534076	-0.3732914570213463	-0.18534553634366058	0.9778056470797616	-0.4586156623800771	-1.3567403032154024	2.6461890825647645	0.07957506468728569	0.8005214403837954	-0.7162443918965206	0.33222132832547546	-0.7832379230854851	-2.528567390037768	1.9846422089008078	-1.0208828877463676	0.6123602255664365	-0.5525517966620688	-0.6644786960787585	-1.4313721861085316	-0.7011900615005062	0.9656770258769011	0.4017813252246897	0.08671672327681426	-1.653853466870847	0.8588503506662285	0.08237382742951367	-0.5223551852107269	-0.21528424214012237	0.4628359853435154	-1.7358961086988902	-1.0949509180349872	-1.5155258965445235	-0.15825874874700377	-0.0012930039660487768	-0.552534799604707	0.6978583600836658	-1.90893595292159	1.7742512983809902	0.542759758289194	-0.7402038348811756	0.8677214564524984	-0.33681687125061865	0.8761081453608727	0.21119872223784314	-0.19762837351291232	0.12170692003923639	0.75828775495623	-4.3451004234508165e-05	-0.268896628673787	0.8052993809242698	-0.016951006466939613
DTXSID4046735	3.760201301282913	-0.5324460128750942	0.9578530966033123	0.7953940580017657	-0.2675490115542295	-2.325135519048894	2.6743809347690353	-1.2192935006850598	-0.8949456689104088	2.317254538051866	0.10115288736691666	0.23546395113397878	0.6981731005579962	0.8227127124547576	0.6246547519728124	-0.3166160858823375	-0.018489036643212595	1.0663007706178274	-0.384649668435994	-1.3356238858698588	-1.7025863741799923	-0.9282041968243818	1.152616261400734	-0.14506325323996894	1.2161830634243291	-1.1829502678612966	-1.5324971669841527	-1.3978478811203	0.7891424826439054	-1.62200776373015	0.5417120562709509	-0.011100099896604928	-0.3751339838947613	0.683947860181425	0.6550774656826905	0.02026580120896669	0.26347111837979553	1.135916534522895	-1.6576590521290744	-0.525324931063099	0.9320874245427399	-0.4742773228191232	0.6554859432499774	-0.004963626282696573	-1.0163298309881315	0.18563819861320607	-0.7634432772725662	-0.3414503021859517	0.48738804695529997	0.18641038748769095	0.06779005142334711	-0.5492594190401132	-0.037201892652682124	-0.5339248939362511	-0.6103907870454955	-0.13222009040160856	0.424770587383559	-0.16787798671546741	0.04264601476009574	-0.5148594041079882	-0.7381832169793234	0.25109913627785635	0.4467993011585537	-1.3464580814156697	-0.4276008419647681	-0.20448258023939864	-0.2085241231822186	0.9968445207316421	0.29525651156070226	0.007221009545158603	-0.017499643436341857	-0.2626212957276666	0.3179326891233023	0.21901676499990577	0.4825553715284126	0.08846561444559471	0.47097683638805815	0.7125418439933727	-0.28265862204433373	0.6964195020661921	-1.0705103061842782	0.23057857938115503	-0.4596397988610979	0.6035274843450271	-0.6364887211167849	-0.3068557064578967	-0.5410242554327492	0.0041415394726551855	-0.3101618944550473	-0.05452288990201423	-0.22296900963545735	1.207458299630577	1.173752332803129	0.24695688057122833	0.10671885494621902	0.6688997079174098	-0.22805428413457704	-0.4748157433922095	-0.019673758980070954	-0.3441394077486963
DTXSID7027178	-5.894118344842162	-3.3866100585837704	0.28327489404656153	-1.0009253821214283	-1.3008807979321884	-0.7175020864726415	-0.941390077762264	-0.03788797997723242	0.1627212886075122	-0.8580449865229336	-0.6312874839504002	0.11086476719902658	-0.8925392173800387	1.9931119174452718	0.3687688217068712	0.7447739658392076	-1.0113408871180676	0.43068460158124544	0.4771161618572144	-0.08186977337392598	0.15870739960253316	-0.3233641405254192	-2.2094962689728517	-0.07780357137943747	0.6385816851350047	-1.2325291027588323	1.0899204735063797	0.8118883682688834	0.02064540338187055	1.136541824778406	0.6405782167866496	-0.3763853407579238	1.7596890983183198	0.9748056092879501	-0.13273521029938926	0.30090762643742497	-0.3714350324071115	-1.3630408445365054	0.8509153080943888	0.5593792517995616	-0.8046797897243478	0.00966577182476672	-0.4286574786989414	0.9328975170279066	-1.25541908217523	-0.09227373583748338	0.1508654287132726	-0.8745826594580455	-0.04370815212580079	-0.8924744295817382	0.24736109743745022	-0.2058075264846193	-0.6369916586024779	0.2956260000494381	1.3721793654371117	-1.532614112182316	-0.24390841306787323	0.3484681758849922	0.5584732866150348	-0.9420470224583202	0.25728318128088135	0.7577335553077383	-0.43142743820433804	-1.0489951485412743	-0.387445229703161	0.5665217575633703	0.304801990987317	0.0067555287881522486	0.9694878351236035	-0.3901335021410843	-0.41878626102551597	-0.3168755542214249	1.1424459604003556	-0.7280630676768346	0.5399102799977519	-0.687872415400323	0.7714978930419696	-1.571372290419254	0.20301846909036123	0.014462189143758436	0.6326682391024778	-0.9975430621248251	0.549149124547715	-0.7234539716588008	-0.09757785377822017	-0.11389351109320908	0.35164693960214793	0.2964815157858176	-0.44499761012425687	0.5422054881315687	-0.26342729654939323	0.07252056673872148	0.3584097808653074	-0.10487562718278412	0.6124047364332995	0.2951221323182026	0.5852187590915139	0.06191860225414892	-0.15218930747804166	0.36481001985272526
DTXSID50382621	5.053216651617519	-2.0843211080618773	-5.790222305203201	-13.546348689727246	2.851140140755416	12.437962125678107	1.0154229822585898	-5.6437455631274105	10.09955749636388	-0.16248908493349834	4.824565418590374	-0.8492476770253212	4.665856018640341	7.662612270824666	0.1203082164982716	3.048292528468473	-3.3887669875357713	0.0323559872687068	2.9268551939795215	-1.5439665773679978	-3.0707976398937613	1.324244964253508	1.8412752693252006	-0.28382029384188684	-0.4860466886179385	-0.16502764632628644	-0.7714735702708796	-0.9527612903388442	0.7474379607569877	-0.32281299648405765	0.5535291906771832	-1.8157642569632897	-0.8934185338969312	0.12667559267993805	-0.608220875153527	0.5447883386202338	0.10281058240163056	0.7303920617913995	0.29483622942054194	0.5342788438980216	0.8061873774229295	0.3768509106779331	-0.4731859138940425	0.6518453233402803	-0.31953009057264253	0.981994857523225	-0.4866938422703166	0.1041068861991933	-0.4702057031825247	0.40051022321198193	0.08209382723318169	0.3226615717572254	-0.31306970358782477	0.37279372990007775	0.27176627230992767	0.09385457580379114	0.6909432713787925	1.2097515082327674	-1.335319254152032	0.37664192487177794	0.16935616114200244	0.9730641552265608	-0.9494984149792283	-0.646810334134898	-0.21545633491477342	-0.5551726255823917	0.4368757290681909	-0.07239139013781112	-0.3898942234093872	-0.9678272179197329	-1.0363744193746982	0.03837054328162591	-0.4585749186060042	0.6627948628725319	0.6900159205634127	-0.04153520337095567	0.09581530373895514	0.21707023858030366	0.6102557853274606	-0.3362543085013302	0.04751124582150746	0.613473503366283	0.41108641439539895	0.28909052898576876	-0.8460669553936127	-0.1374561747187163	0.06217440320316328	-0.7986706749711642	0.45237679291788163	-0.7103726841053599	0.3450010718258878	0.39099113638828087	0.2926675791238417	-0.10145734078456739	0.04329205323290842	-0.09136393691538228	-0.31861630722354894	-0.3803849388085321	0.13165264029380225	0.1652950213121295
DTXSID2022179	-3.0442486149509755	1.1423609478788892	-1.4600129325948075	-2.4856439785734423	-2.6731455631696517	5.150368102658206	2.109871151547705	5.825024139404932	-3.1720622534826908	-1.066480945045357	0.633462602690535	0.3647409734371928	1.038429917981488	-1.7698608498477726	-2.3169127879976625	-1.0327621026451572	-0.9366736846694871	-1.1755299031082957	-1.1865016153405232	1.3089854399467742	-0.2975338385885971	-0.4455196744336478	-0.9574232481811604	-0.013444077072936158	-0.0436800202318819	-2.6928615884934266	-0.6417296028734147	-1.680045980791212	1.0497252079573507	-0.9970645614745035	0.7197795552499967	-0.11893426193326283	-0.44306282267324487	-0.2186499013985667	0.015054593490581802	-0.2423044626422576	-0.6288716247660825	0.5108483819170336	-0.4112699132879179	-0.19499087094115738	-0.9112435247147196	-0.6283812338458776	0.7582894677550993	-0.41298445596656724	0.35653706090866155	-0.06603673609956559	-0.8944876243573828	-0.17415021338794945	0.6083267111390648	0.6322974529922138	0.12631196843319745	-0.13561932242598732	-0.32349632801144	-0.490507070322506	-0.2779849979218693	-0.022926821563915636	0.7438465574259088	-1.0329168851911728	0.8393357510123985	0.3184113567715547	-0.26216039982587425	-0.8887655504515011	0.7354004099790991	-0.6513746223468451	0.1586639355094816	0.8264766021511077	0.003710610256707336	0.2665549072939563	2.5769425530331045	0.07470792466405711	0.6944666477599387	0.8309314291023077	0.4686205628907612	0.5378145632995317	-0.38323081199290854	-0.43710447660307616	1.9043465896590859	-0.09896086094614286	-0.3542464466465903	1.0922445906684797	0.5759215939890464	0.6157447617548683	0.3642373840094397	0.8635038783501231	-0.5593078443809278	0.48738696687763544	0.07823786104249308	-0.427534778083323	0.3010317179015529	-0.585252473664772	-0.4892662487300231	0.09811608583437968	0.07152794372358191	0.360485937108424	-0.12209605238137158	0.2985600353714643	0.006425153820979669	0.05218317047266123	0.10499481815551447	-0.6603223289193807
DTXSID5021330	-1.0491571320006232	-5.971226683407327	-3.3544941903323813	-1.5313000117065236	-3.1763256320122313	-0.3403743264697548	-2.0200614380500204	-0.25295103164830773	-0.7757936321800052	1.8443976864233687	0.11887270284732837	-0.9205448606599457	-0.10269357504860334	-1.409328664121092	-1.404709120817294	2.5076437398741294	-1.4449593148928819	0.8395596347151852	-2.05244406080251	0.06487766072940883	0.11831463255542461	-0.8747407246362965	-1.5476281344901925	-0.6991388181493472	-1.2349195754365445	-0.7030140565152359	0.4936588853601967	0.5667305238630678	0.33997245344653254	-0.39040788402953414	-0.02051063161703082	-0.3738756071516389	-0.022186140232475605	0.06402446931780294	0.19446149865418294	0.10265765168079402	0.3650413814365863	0.7441550574483206	0.5358322084317476	-0.7014500762185579	-0.22209737269865928	-0.5145776740095869	0.7000253053879585	-0.03257950915692847	0.5222350250938096	0.6030889820789843	0.3554275400587883	0.17048042851904366	0.5630982953953436	0.16135130137633252	0.052609491465869046	0.42086562017295726	0.029200187280464283	-0.09380362812685109	0.3184608367369307	0.1280425654152705	-0.1391207554003008	-0.39560361530392985	0.1556402992663825	0.6329862347562173	-0.8681564408785726	-0.5427261451104864	0.46433290538296335	0.4079686596715657	-0.4538169962547989	0.8182604022822978	0.6542220008488437	0.956156408554313	0.14737290062932343	0.14447100789504225	0.14988668290242893	-0.27871254209243385	0.4244328360150617	-0.7317397119653136	0.22632169540120947	-0.25074571294538756	-0.28229175754256913	0.8430878885354063	-0.06707414256258383	1.7187879838474935	2.2006079721763396	0.37023262979891997	0.20913351157769103	-0.6496607929926388	-0.3387478362787124	0.5537613009081765	2.611109226338366	0.2384812145361208	0.11857353799261405	-0.2805092923489744	-0.4681472918493043	-0.11587446934398705	1.5674319075501004	0.021701114737830655	0.7519276239165511	1.092804450205259	0.5140499793028925	-0.1270491408789166	0.2781375886645459	0.6438627167546397
DTXSID3052301	-6.001305573463407	-2.470983447480578	1.7259071797037202	0.3000599574173889	0.9186217777935812	-0.288107322136841	-0.9091049358855835	-0.7701173004063687	0.13447082866785964	-0.926796278552472	-0.4679410166944167	-0.07854454953882067	0.06670743199921206	0.26619527156276046	-0.5202045473928117	0.0031845587982001645	0.5632413726198399	-0.2668610537767271	-0.42587650695689233	-0.8168945431129534	-0.1612420469020191	-0.514462514713773	2.63963351878464	-0.03045135419056403	-0.08324812202877038	-0.010832208601650014	-0.1323710101750458	0.05088493221085576	-0.18949372521641308	-0.2344359445990561	0.059441675159722186	0.5383836625351441	0.5333548156400095	-0.1704711770718187	-0.7564985633544105	-0.9411271277309343	2.2323487066841743	-1.599349436271361	0.2525965135521714	0.21165257893246384	-1.6166130656503273	0.23153079889841321	0.5919252939163894	1.8223735395964362	2.545991269184646	-0.5003774530659076	-2.294509191350661	1.4224696105697545	1.0694928598162508	-0.6785020934931606	-0.21159741609144725	1.0217574733573567	-1.3227341186949546	-0.047735303799240104	0.06382654242617102	-0.37396828378060964	-1.652898008907	1.0112550090679426	0.48685834589508864	-0.10839266604761101	-0.57627678988119	-0.2848037844433497	0.2445328814243572	0.12067799056976819	0.737270712686394	0.32932269561926236	-0.5669998161006723	0.1992867804549506	-0.045295972247123006	-0.31235114340897147	-0.09859205031899654	0.2347197060968562	-0.36756238539043073	0.17077794584384592	0.40679777365895065	0.07875516006861233	0.17331318144094343	-0.25446414698922215	0.1719862868033944	-0.6012276872983779	-0.7130654994422484	0.20120059265054818	-0.40341797020602244	0.17928807094865526	0.19609127900580414	-0.00603477591554378	-0.010612277796997542	0.028390004464343796	0.14532447597147277	-0.2055224666104479	-0.20807273991312858	-0.4526299367549672	-0.07528726096533452	-0.10487074176930702	-0.11856871237960656	-0.12756090961559158	0.1119426501559569	-0.06862009769615897	0.003355274073326066	0.057570369902557934
DTXSID7057816	3.9159209163990605	4.130899862443991	-2.3550822902423896	3.3539862251906327	-1.0033289782850008	-2.6498872883324323	7.591831775748113	-0.4600491090991597	-3.3049755619222076	-4.148359358222607	-0.6278141413648128	0.04758036210774412	1.1490476822611653	1.9104418127489586	-0.15749721838037617	1.540043497374728	-1.9002110068377533	1.2113277843149393	3.2318506761480013	-1.9088215278844303	-0.24995843928100903	-0.4428114430635829	-1.730336827468845	0.5103077468436631	0.6085795471393167	0.5530737641649711	-0.39171839579752105	-0.43477879153350446	-1.774165370682389	2.078168734869835	0.06911322706387484	-1.654060018842076	0.7601826848537658	1.8919100890595415	0.7712535910730377	0.7461878211808106	0.1375172905602687	-2.169550940311321	0.634457331859504	-0.36349411066511317	-0.9627929127827102	-1.453101752340717	2.782295157865073	0.958203646288497	-2.196161097308776	0.5932714313251529	-0.1363960882860315	0.25950876455981803	-0.10707093237183726	-0.11429216608947868	-0.20606479685653453	-0.17989596621294465	-0.8991095793824351	-0.6057976240955434	1.8601965128814988	-1.9417192815368427	-0.34555045851221755	-0.883585647756334	0.5521151306864079	-1.354472236158087	-0.523527263744581	1.2754122895296518	-0.042666318138661743	-2.633372236928687	-0.7390988149860364	2.4625973526344245	-0.07773449504976365	0.02419660145442757	0.3501636029458323	0.5852446902242415	-0.4363177652856316	-3.3956693698575844	-1.5378190872692594	-0.31470901207248486	0.22329430958570673	-2.0770353516789433	1.1237993824634303	-2.7926277914586524	-1.4838786936010357	0.026875120495386505	-1.2112373066619515	0.1614954587940883	0.3184284341064545	0.9302074837374411	-0.1773407908992932	0.9918329873619426	0.6825925172549582	0.40241067552800025	-1.271030455800728	-1.3798718542139183	0.18558013847827484	-0.14050522699922963	1.0305820879037852	1.04106082233975	-0.7406022387621767	0.3879823898951418	-0.31177650710293714	-0.8596777275906303	0.5483445425850283	-0.06473875320732035
DTXSID0020789	153.95780756330885	-83.47452092523767	-15.466389904168881	-439.8806536592306	-85.86210992986005	-313.0887248470865	-105.18269438738703	66.46155937111166	-260.30761298077334	238.62862210703997	-49.74834575741599	-81.75563743250473	-134.3140912055137	-269.0090778200396	-163.54712537649797	396.29980337432625	-308.70321276225206	-277.1719618593717	-14.29416476694844	-24.481044852714366	-508.8879271968225	96.39034017143018	126.47172213834791	1635.897865564723	829.4673482552461	342.70320981533683	-216.34390399508627	64.40803546367218	-107.82139897511485	-80.03997289208347	-8.322617696462075	28.068129542308856	-10.06646824772126	-44.093655849301086	-311.55168404026233	138.89845764850017	-102.7821496071324	36.37907329791728	33.00469436101246	-125.27411297474607	-31.004731559077523	133.6757589331853	-162.69829848370645	-46.70335165173156	31.71173223311341	-11.186619191387102	78.02778275734674	48.33697652363262	-42.90674049735299	-74.34004695909779	-30.94809881824643	44.64506417415254	-56.57453299835709	9.872683812791522	29.93093326637008	-38.953189543302365	-34.218573476215894	29.068318684486403	-14.175966579744218	26.589222421317327	74.06517653849086	-33.092632494683784	-70.92606697686051	-16.025049197264426	27.558125244441886	-51.95943913576911	0.0050152711216380486	16.99997021297957	34.36753625386895	18.312522704350236	-47.02744589737081	-12.746871991215858	-56.845814567163615	-53.326063037095054	22.2501561392794	121.10920550369691	-79.2999837855101	5.100577475269491	-282.47375528003926	151.06051617502754	-27.837801796764566	176.07545636019196	-788.6251406805812	90.83100997829443	-1050.7546380647525	10.58976228890939	-200.7065865014193	31.324200600700962	-340.78256373076545	631.0656227227922	-172.82528906694506	-595.4362277782122	143.43599646960416	142.26241886991386	9.580099017073284	-56.03508032191232	-71.62578023824024	-96.38406087106489	167.5156168767071	354.44510661901546
DTXSID4048850	3.5642796837952555	0.4215107166278559	0.25449015403408615	0.7178720325948279	2.361115401105431	-2.8371113677656012	0.48549516482544874	2.51652474473907	2.455071329711278	-0.921730951313274	-1.3170338093010414	0.11078181439410761	-0.6659959728519059	1.9902682113330468	3.148277131827132	-1.1422692949084507	-1.8838513609375638	-0.7700145352944114	0.07407531075618355	4.292883636226918	4.2062114766895276	-0.7398702785838821	1.3451864886272265	1.3351218085592422	-0.8957308561008963	-0.06811226010343446	-2.322189811465827	-0.7858161389056975	-1.1693582691444773	-0.2591265880711387	-0.0252152041878046	-0.3277768079736506	-0.9858130042722493	-1.1089217197095103	0.4610500849228338	1.6964488181142041	1.5661267538111272	-0.334340687864819	-0.5918293632983433	-1.3469472985726099	0.9204693994523202	0.6509364265137499	-1.113250030833437	1.1304318479077273	0.45944310947339395	0.1700162559925625	1.0018056038347165	-0.47655941433424137	-0.001502797141532609	0.13998090874431418	-0.04606759999710825	0.47643019473575005	-0.36133816165713806	-0.057692728222489865	0.17948063453162014	-1.462558432449749	-1.0537932414155662	0.2277124522043474	-0.8564493433237018	1.2979527474808161	-0.5980499640993417	1.9687310103898497	-0.5031011900819189	0.9200877843589573	-1.5930882547326246	-1.9303573867535992	0.7981252737627947	0.8484607343443616	0.28221404900434505	-0.9121449471795917	1.1545237018439534	0.9937452048348072	-0.60939623643644	-0.9001914553655973	-0.7228851636090594	-0.12672810868120277	-0.8287935341732348	-0.3672207312836416	0.43584786223532707	0.427881144586824	0.8494736471711565	0.32005379989394794	-1.3122050396916942	1.305707652562513	0.32043510582613555	1.6096000019113275	-0.10394819682705084	-0.21902459401865806	-0.007529185962997186	-0.14058057808825755	0.13900373720234496	-0.5880835355094437	0.26258622646695123	0.07951477727422077	0.2313234005959314	1.1520025269930854	0.48313703340366076	0.30674287251210014	-0.10951096864966949	-0.2597993363150787
DTXSID2042276	-4.049033264063024	0.9567136167022033	-1.0045818322562874	1.9839175241007565	-2.2656192684278227	0.3655188878085131	-3.037173621117902	-2.792028484779741	-1.404166009898966	-1.750693881595945	-4.484034183850515	-0.505513869124536	4.219736038230864	1.5257032896591955	0.5635101658140521	-0.21269300943774444	-0.7534556623220425	0.985461672173634	0.23931895081041685	0.8147694084726647	0.7017052056810861	0.44935751915586397	0.4345814491497915	0.854982812313013	0.43570494011728955	0.08992388146895468	1.4803426734433098	0.4296086629988709	-0.09489268423909596	0.8175382971989862	-0.19160682041024193	-1.6963445930381431	-0.4728018151848128	0.16053446854615283	-0.20980134633165332	0.3792205033470616	-0.4919226468060258	-0.0678827939521878	-0.1409029791311425	-0.289963863249315	-0.6453649498151603	0.02929479752980146	-0.16173194611044026	-0.2583590372999765	0.6642785912540996	-0.8569475712219288	0.680388717688734	-0.5847705094835647	-0.09364610357201283	0.4227393061162735	0.1842706773251793	-0.29864793037384335	0.7218829890751022	-0.06855064735696005	-0.7300349697666946	0.8656898196461899	0.025650282756939133	-0.14646703966050917	0.5311845228170978	0.8460355843684684	-0.7006143222375977	-0.6610857293714056	1.561414574844219	-0.15201372434666707	0.05140549116776584	0.28607197686992714	-0.031587934620990285	-0.9783936847368788	-0.4091894675668942	0.8151918381851634	-0.6260185024352681	0.5998676432590431	0.38006100546183996	-1.8416822901568703	0.010656699619615852	-0.1393478455876716	-0.059689144450164384	0.8329905078185069	0.2145759438131274	0.20437774250499469	0.7629028273584353	-0.4461194191759148	-0.32831063001708943	0.3965326015545201	-0.32177566568915855	-0.09279355232740769	-0.010613588158522801	0.22669167030926246	1.1355087346863055	-0.24455210693305607	-0.6169612696073917	0.12578253148846535	0.39606986488402823	0.09190357867547623	0.44774296178172673	0.1969296039960753	-0.5542475047625331	-0.588977325840415	-0.38613674737540726	-0.06670025895383674
DTXSID5023031	0.6578153660128515	-0.7975540181357476	-3.942395146745905	2.2581524261539965	2.0958081881342183	-1.6566797240524138	6.8132201805935075	-1.5622336391390326	-2.4377967285234465	-3.022597244188814	0.31385494190239493	0.23166023932573668	-0.48123767905697146	-0.5628887623781814	-0.4810461589243574	0.06829870535535153	-1.141031915228911	0.427704674846181	-1.5474038673731054	0.5056088150282385	-1.6228676322068039	-0.20979017332539374	-1.5541995890909608	-0.5508648621622144	-0.06646248493331892	-0.5330800326298405	-0.09092622256269511	0.39643562637480345	0.347008199426945	-0.3271462825964175	-0.04698514940500632	0.9678859136670185	-0.4100395565800194	0.1136812142917674	0.7765389011426843	-0.6574997156565333	-0.770564317276125	0.874077959389913	0.8657922683873506	-0.3401842654272579	-1.9761419049493154	-0.2039316326034537	-0.8159030230179195	-0.17619450064049333	0.014721128930593396	0.586707442791888	0.9905124111165599	-0.33944420073470344	-0.2633643283784249	-0.3524312195610919	-0.2374905816668992	0.28134641247954306	-0.8718373423444391	-0.15802577315030544	0.10612441178003262	-0.4340144130917148	-1.3692083009592297	0.8637779029470561	-0.9033211923688053	0.5474285878399823	0.26117724316385926	0.5270811687323139	-0.24838495630525279	0.7016127451493447	0.2648540769363428	-0.18228759781485754	-0.17247968642897155	-1.4642272147165898	-0.23776157894750857	-0.6629732903429517	0.07678654135989088	-1.0907287787957802	0.8387655649197361	-1.191951787752502	0.3133326799147523	0.03561830273981994	0.2925731959515002	1.556603009197053	0.6955391883973862	0.8275829938387863	-0.5483759535154801	-0.23283809169992054	-0.1832444988641918	-0.7012065069301071	-0.4790664396678447	-0.11894562660311808	0.36776374481953567	-0.31377248686286957	0.7023749024195787	-0.472014576432775	1.2920622594186395	0.2981098302732484	0.6534266704381417	-0.5498426360803198	-0.27317436979830184	0.05428998304968798	-0.3014633475617558	-0.7569174728308966	-0.40505660508234054	-0.7150077639935821
DTXSID4034788	8.127849559237728	2.9378295025862777	-7.629946592241883	-0.3123420385480848	6.934994932027517	-4.351192202396062	2.42286483615439	3.513937530882305	2.4209739903964977	-0.20166500622189387	-4.020622111808876	-0.4065927196750697	1.8509494130939632	2.1216440878575344	1.1536921564306362	0.4017743319241977	-0.7676018342750068	0.9252561360526516	1.1795490271192306	-0.018663568943075956	-0.7029436050034702	-0.5745968452023761	-3.712446660298945	1.052815353718991	-0.9978143777852059	-1.426286892358125	2.6693581058816984	1.988697548555864	0.2342779831001414	1.959838166322041	1.099761600241645	-1.8856003799548762	2.121676093575828	0.4141007890508813	0.8194479169917198	0.6362604503452235	-2.022321957181609	-2.713437523625833	0.9342298744638409	-1.4438532474841341	0.014506114812616506	1.8550510267362301	-1.125558195879646	1.1010686251188242	0.43401948237980387	-0.39413836551229026	0.057976983441494226	-0.5857454164515591	-0.5432285674999043	-0.5085507777124515	0.42604003822392034	0.1041856409503791	0.11426560519387828	1.1357017629501034	0.955922091098097	-0.9181608079719011	-0.06314359384998207	0.9606402260787329	1.4031856806265037	0.9758890678761046	-1.3604302861518465	-0.5957866651448732	-1.2027434655347755	-2.055584614230809	-0.9912983354998675	0.4747288639053181	-0.7419164138406299	0.47619941087082	2.7296599218557067	0.18691263774710007	-0.9002722827058859	-0.40032348218275304	0.06400294930523952	1.4053638611877874	-0.08100853089894718	-1.197834316619721	-1.2596070682072378	-0.5996667032615983	0.44872570641501175	-2.0705284785051843	0.029271041552705927	1.2332456994904564	0.5709073889086834	1.0111271071874175	0.7624086563798441	0.552729740205179	-1.3982050336185603	0.8288133263534335	1.107681056521705	0.3624622535767691	-0.1079159709850242	-1.6099306533496578	2.081871916942703	-1.838876565205529	0.1240623876509853	-0.4678288283038357	-0.9768522768611375	-0.05671802706111009	-0.8145363563596972	-1.131358869233617
DTXSID1041261	-4.243333228805395	-3.441914078120088	-0.45451156342640664	-0.8557684902296889	-1.6306709809721254	0.5376154357741078	0.13420152417772904	1.2190695109660092	-1.0804890698839917	-0.2628476551310827	-0.6100025551553007	0.5763949982127059	-0.12468359676013432	1.0021574681616303	0.3698422784377505	-0.1896934031726186	0.6102758595122214	0.05824142707446077	0.17989572190897873	-1.1560715660360044	-0.006392498029903541	-0.7831918029680979	1.3094908750564955	0.6093208291462537	-1.5116745651919732	1.1794661457458075	0.7119427818601485	1.2413754440773312	0.1562139132486172	-0.9275159953584503	-0.09957603017903043	0.8820018005077811	0.4160095815621006	0.02253364032611111	0.09702631493655081	0.4822831245037646	0.28310631319031887	0.523208554813761	-0.6309685664093465	-0.3301431362115353	0.08218766075431004	-0.2413968805595125	0.15292943764402264	0.5646730771414957	-0.5452014322846126	-0.05902093318377405	0.5599580585330622	-0.7903370750380516	-0.07507508441908413	-0.26359573590001356	0.06659019241117489	-0.08892609324955253	0.3037878398492547	-0.16545513709228002	-0.4618663010412843	0.16424006471096878	0.09976505099754966	0.2572690400537235	-0.3342200357216824	-0.35706745314996985	0.21737818644787188	0.12340118968343171	0.5964137917308279	0.1360404618748676	-0.8876906635275289	-0.012667542931316113	0.4990788355786262	0.07840597767748429	0.32899096678838835	0.5056434595263936	-0.696578646237163	-0.014975351480573542	-0.1341173872963049	-0.9477895977562175	0.12757397862743708	0.48060474397456976	-0.6337705035347484	0.4940273711590047	0.3248831229108746	-1.0209973280663627	0.13188775762829166	0.4941176820136742	-0.5050434547589618	0.7488146861451819	0.18544205563076185	-0.36475366521871944	0.4804631656690222	0.42133723743030205	-0.2864466882521117	-0.18496867000757217	-1.0184811189086782	-0.6219943559048449	-0.4625122887001128	-0.5098859790477774	-0.2771152985426888	-0.562424459035916	-0.5305642110191499	-0.20886687870811468	-0.15957045090863797	-0.3650157481670325
DTXSID9020160	7.096335305881151	4.8241060993234965	2.3216487104304613	-0.13788693521692252	0.15403161469947727	3.3000392827815563	-1.0743188654535831	-1.1781314989806564	1.8511879357645595	-1.1586028237222523	0.9969373365082352	0.08985654754071312	-0.08468504695508505	1.812467418497646	-0.6378446937239296	0.7302558627937522	1.212773594709405	-0.42538656112975415	1.4443098005648711	-1.6616595119554656	-1.2240278041065342	-0.5333186644940194	1.2611736455147293	0.8040705414595463	-0.7181914427241323	0.3416685548397155	-1.109640779562189	-0.5232846507746665	-0.24395451533317108	-0.5908640401471529	-1.5638875128471448	-0.20412815413949253	-0.7338239307276607	0.35009448548619365	0.23738754693102876	-1.1329338559936069	1.349374262749968	-0.23647130329404606	-0.18598271537364047	0.23119942828088644	-0.319586051256944	0.21479079197052778	0.020752110723815116	-0.022787293700598926	-0.2996212547013932	-0.6249108831549957	-0.7577253241233433	-0.7541765889451228	-0.08665699161330895	0.2030876167302051	0.23507730165269627	-0.22861812349028152	0.14490929261152355	-0.6302276208065541	-0.25207789749261694	0.3501349838024461	0.29246383176951984	-0.06081360662847301	0.4893905946386222	-0.12050722824960772	0.27595131687867513	0.8411978302700494	-0.5118586215831971	-0.12023409757418402	0.06230923477685152	0.004824775658310762	0.5799540682078723	-0.9937170244467445	0.36696467496301255	0.09879495289361875	0.43060049752586904	-1.0056780349249002	0.28731959697898857	1.07529781144165	-0.32456615970188	-1.0702983397414605	-0.24479484785148578	-0.1722065658943005	0.5135100334509318	-0.5076546866501014	0.024151739826854285	0.5140394390955114	-0.15720293463942736	-0.44198401160642165	-0.2635542071364341	0.23949483608408684	-0.6749229035175733	-0.40879226393305185	-0.3786577398543504	-0.5424477953072445	-0.3835558289984842	-0.9392602950871245	1.2431700813597826	1.0332141608372407	-0.9598736022008549	-0.5339788056648339	0.5606379837238468	0.7312768494714712	-1.3018328554160266	-1.2313520981656494
DTXSID4020539	-2.318546057120824	4.402345210660114	0.5861229355738085	1.2351754244346977	-1.993390790734032	0.03599002945440849	-1.6867864076269101	-1.3045822881439773	1.8029156646816786	-0.3577238983707591	1.5389852058937243	0.8220137397862471	0.2006949384560956	-0.07839587717929247	0.4528272983825129	4.378667675641894	3.3458513723579277	-2.0106440633204827	0.5147203881354346	1.6227439766631497	-1.15307304625025	-1.1419449608139838	-1.8107150797758238	-0.3443912073508617	-0.33199122350292115	1.4352476479566425	-1.1060093314598243	-0.8813531738883016	-1.0138621736663407	0.08226890827880175	-0.34886621981439403	0.016495474075795782	-1.1350983522443883	-0.19237410712197586	0.8118827268982373	-0.652411325651868	-0.74921882543958	0.8975020191427325	-0.4293882855772656	0.7473551886484021	0.7366721291790269	-0.1312742852580968	-0.25501199536388713	0.26824073579649715	0.4950068428817864	-1.5178952994671406	-0.8222732173220727	-0.6080032466349461	-0.025321963493913996	-0.4242696959332782	0.20595859342836526	-0.39264943817116915	-0.27981806709406537	-0.31807908972761834	-0.9616245542871074	0.10053696739116877	0.1790861173496754	0.2906721330231145	1.6048668599353242	-0.20428586078210453	0.23241841529861246	-0.6331130880641529	-1.3817387779676944	1.1719171680704452	0.30613065238972315	-0.23110236003421894	0.01276055296792434	0.6298266072835197	0.8300215531287624	-0.131805175486488	-0.5179489606897207	-1.4132650297696305	-0.031100556167097216	-0.02174113256220724	-0.31739345843938793	0.28037653272084284	1.4368410227367936	0.011616564372251496	-0.4638697398184714	0.46436471566896304	0.582326643235612	-0.4284268297679639	0.15261466152109449	0.37804892164331483	0.43218148014092955	0.41071282104731166	-0.032779280429408926	0.1735513652892083	-0.2381789705580848	-0.27797253546699785	-0.3854725293489974	-0.0034958247086569892	0.4340808872099094	-0.35473200467034555	0.4503021966701374	-0.0041348096616749316	-0.17479711655922867	0.19293861217047417	0.2721284008951389	-0.12999017585304828
DTXSID2026600	-5.110325811632521	-4.417704100243467	-0.780657490394827	0.4697268258721387	-0.19542427983930313	0.011489370412530352	-1.3135952668411535	-0.032744514668966294	1.1281827202822095	-2.720417257888016	-0.6326920130806117	-0.2973239219721064	-1.6488586112276467	1.0157073853488656	-0.6702429558683067	-0.9563350968940304	0.24235805767851187	-1.8969723582704667	1.240846712250708	0.6126313317562909	0.7050033557387839	1.044068870594241	-0.04564786593509552	-1.3785100566723918	1.2111072640469354	-1.089869495780889	-1.5683163182158713	1.5773128792677966	-0.16424424663716672	-0.46423223841512956	-1.6316407053993989	0.25979706160855837	0.966572183463677	-1.8478528994485954	-0.6711607867442146	-1.2304842989586378	-1.2978710002792568	-0.04125631717582324	0.9099123808356309	-0.4300860520303266	0.5687143592629527	-0.48277863694975914	-0.6868036465458752	-0.9759060600118835	1.1918515392763311	1.620605002344671	0.9601590366618152	0.13533690183439503	-0.3192959203968266	-0.32433345779236766	-0.1630790896517613	-0.13508909421715157	0.27920471752841863	0.3463157071757212	0.1222831534340314	-0.8264605966517565	0.5891841578787507	-1.2442907277117152	-0.17076956744313151	1.5209296205005376	0.14752637044035222	-1.0091039646613098	-0.7800128113256036	-0.4152809643193014	-0.5798043312626326	2.4264097027593343	-0.636524046469052	0.05788950298970544	-2.1253999410368003	0.14763459457898534	-0.959866702015983	0.11019027235254053	-0.8131374616871269	0.249596151124979	2.7886605349731832	1.588351725878956	0.6396236667619308	0.6046826969977745	-0.15333640428376075	-0.35595756144426827	0.49048727151110727	-0.28263260843932114	-0.49508341376526366	0.5506854152714551	0.7646081564685941	-1.071740096512416	-1.4345274759911306	1.3994977313488313	-0.5174484248873171	0.4021257495493627	-1.123085669535667	-0.3320125443474294	-0.12527179439918387	0.932547648473803	0.2826998394147645	0.43083567395117	1.6508681861459542	0.4533768669750342	0.5379170585617125	-0.49504765367398473
DTXSID3022089	-3.3818047063202306	0.49669393750499224	-1.9411772512494903	2.1362239707175674	0.9266250964697544	-0.3426772934165192	-2.5543316040248514	-1.300308225038431	-0.5322699553313843	-0.35212841336425194	-4.393795950881361	-0.6894735318479045	4.277847288198454	0.46674720137153364	0.6704037382913097	-0.614406276187182	-1.2349947996506234	-0.11788052378740861	-0.8285641723117935	0.22266527372087086	0.7736914269263755	0.5024347275852321	1.348319733819968	-0.11918532647286084	0.5892253532942935	0.3095226003731063	0.8305278794048588	0.02487665935750918	-0.3949781376988419	0.12342263908055463	0.27223678780352206	-0.05759274201394554	0.23848896955889987	-0.6114965997938785	-0.29702071239627287	-0.09514718443212428	-1.3465054976743538	-0.11767486344453142	0.032064999858640544	0.28508419276334457	0.4608787543097144	1.009098858010587	-0.4182107275188974	1.0826670519998558	0.1305538523950176	0.0929747357637865	0.5828327890440598	-0.25062919162315134	-0.14882335440906477	0.4986333080148165	0.20849669410856625	-0.10561574879819365	0.42206127527872006	0.57535773811857	-0.30220033869763335	-0.32342083599406124	0.39503884947592616	0.23193799364677406	-0.669588165882928	0.06594458512167911	0.31785661390431197	-0.023808813829838914	-0.2117699886489699	0.4958335975019782	-0.14534350192815404	-0.7659194639387662	-0.22401787841143658	0.01867431875944638	0.15423742782060154	0.36015898192357054	-0.8164132572615468	0.4041194131155801	-0.046897420565791284	0.47502426988288704	-0.16647525054135578	0.2254478414333357	-0.5160683970881262	-0.17148740499258322	-0.04888550631435892	-0.7392241068913576	0.41162852014990114	-0.732303365618202	0.7988498985856678	-0.16906845243526175	-0.3283795177092206	0.18976912555488704	0.4700247417234896	-0.10371668924423194	-0.6464150272308911	-0.038933292206544484	0.2476334935481822	-0.8412511537285067	0.2556768351583536	0.30237538273210723	-0.4717805946890574	-0.12472232333240131	-0.14947549431731097	0.08506657580531102	0.11498693621182346	-0.3033500136096257
DTXSID5048633	5.712758422246839	3.3174574572311495	-1.1895071821777508	0.6768547094312125	-3.7481386551630487	-2.06781578781164	-1.4229332164816528	0.1802307746020256	-1.1187861947336526	-0.8709888345590144	-2.2635579135882726	0.476449833194382	0.5926310597218641	3.8491662370230633	1.55747261140791	1.3529341150183913	0.35680411515186944	1.3203254146800265	1.8537929140854772	-1.706663912102846	-0.7423210395086157	-1.6614132040703307	-0.9649608845111568	1.9596124062169455	-0.37804329147915444	-0.34819648851642976	2.704787030800343	0.4491176510828987	0.2878511323783945	0.9544444454305179	-1.1252110224029812	-1.5862366505222416	2.301973823537187	1.6361607413471146	1.9544647875525953	0.2090911483655957	1.4736126871204247	-1.3818393522032384	0.5329085099714568	-0.9488959858873025	-0.08285532676751861	0.043556405714259214	0.7565038525646349	0.3345126560094804	-1.2711649012957549	-0.20354202727864235	-0.35521829809347866	-0.7127676993282994	-0.39159180615277017	-1.011003390818479	0.2576677894457694	-0.05272528032001737	0.1609049809920023	-0.15264808449724795	1.424368210555877	-1.050861986187166	0.22700709633250507	0.036428207001200016	1.5518121703256804	-0.36036189137658464	-0.597497451526752	1.0486913338726955	-1.2682912563635773	-2.454476229801473	-0.3996083852972325	1.8870601595111456	0.6745995942645318	1.1053931815683595	0.16377992779150355	-0.623399036428038	1.0830971907673927	-2.20899636341773	0.31934494528451707	-0.2705160942189893	0.2808330852821542	0.3992169832914777	-0.44197841732322496	-0.7256541155176734	-0.34908113814599756	-0.023725094564158434	0.09345287334002753	1.0241917755985004	-0.4759806474597187	0.30814832862294295	0.026840991634638465	-0.08842281897843984	2.116998636763048	1.4438603988239576	-0.694253253182325	-0.3008892894289508	-0.5986842358876137	-0.8554398305795995	0.19792778404366873	-0.8185245720086223	0.9719512833602765	-0.06651625983288602	0.29619461697933613	-0.12261381210436255	0.41816231687564487	-0.5687505271077046
DTXSID9042093	1.1755704204560091	-0.35646308215639483	1.5085121173007674	2.541578885353955	2.128026536480609	-0.8181702215951943	4.989044764170576	-1.4424821864897457	-0.7485832190350813	-0.7303839973776985	0.5756506803935579	-0.9592581913812958	0.50296337791756	-1.8871744113217677	-0.5315931760074627	0.7711359657899881	-2.0380899083038115	0.9983702771147185	3.219840140357469	-1.74604501942842	1.9845040822268811	1.4041020241670212	-0.101463045885678	-0.12799996242047992	0.8452168694893122	1.0525258080015756	-0.3481316747074063	-0.9356631963866131	-0.18832421115688047	-0.1256337134330438	-0.20962638511276482	-0.7565768992936226	-0.39291690151322267	-0.4180586289704599	0.6412195708999764	0.41297302241079525	-0.5207857326856895	-0.1740415432127678	0.15841449432822557	1.2401803167734535	0.9509077519656026	-0.6793579439111015	0.8598704518215862	0.1032144968207683	0.3313479827347962	-0.6227597696722755	-0.45658379650303926	0.5843843443699037	0.16462421337999297	0.04185421253134477	-0.1067166085970212	-0.2791095226053032	0.2687132460093733	-0.5443500779735868	0.34976703927204167	-1.0256101680462462	0.37827523786448425	-0.226006917409051	0.8402174876486088	-0.39860864036703686	-0.2984669173300101	-0.21886803598621843	-1.073243753810076	-0.2772446344151311	0.7832315835087742	-0.21058395245991152	0.5283451052226266	1.0137627957817223	-0.2373745022554555	-1.669058835737768	1.1544874084712202	-0.22379313636558018	-0.4768668054700949	0.5507119802475436	-0.538941117508249	-0.009772382230598791	1.4041233859845423	-0.19172487697286295	0.7896145566501592	1.1601435044780175	-1.4028439808170403	0.13773298845587695	0.6861535555135994	-0.5796375830283194	-0.12454574131124084	-0.17782832836579238	1.0221808167676378	1.6051599290161258	1.2912388534809005	-0.6434011013081489	0.15831729320550952	-0.08192124527570178	-0.24038945349661295	0.4570815221597658	-0.3057525660299424	0.5407815558739851	-0.03146071425882968	-0.23612746356156497	-0.6274756139919806	1.0247351054518152
DTXSID7022598	3.753718914867033	4.321942637947472	-1.2864825503055055	4.136692873410526	-2.973241252893017	-0.2969969609986358	1.511361590785747	2.491603839289944	1.633035041194847	-1.3732846385901298	-1.038755271313808	0.2677870271341339	0.11406637681790527	1.6571925087584505	5.257445253209795	1.8169341336198963	0.9103139975203979	0.028258465658560005	-1.692746581143569	-0.8211715889876536	-0.11702236914296255	7.812968807524135	1.239308830087903	0.7895039847557805	1.2858288045064061	0.8195211459706535	3.2167298859298996	-1.4665662581397454	1.44763258071628	-1.4619680197169473	0.937679148129083	-5.066644692078353	1.4271526771449603	-3.6842539616395515	-0.37637035970470506	-0.8226030343909874	0.852952601871572	-0.4456512180796208	8.15341336323572	-1.4288997926451734	-1.0516236118537767	-5.332409178850101	2.463434963197901	-3.2690221447756387	-1.2264324566749747	-3.9303003789397515	-2.3843813943369576	-0.3738072133929143	0.8586663422573073	-2.2469848961094687	0.9082855616467901	1.1713597433500764	-0.6923038640821783	0.20484127113287753	-4.199541820390241	1.9926430168418516	-0.05534156923811754	-0.9434215610184026	0.8062419669969747	0.8324390227131053	1.0756661021556815	-0.2797695039536657	2.686511540759741	-1.156732616145729	-1.345982320096938	1.2590183717059433	1.1953921712030477	0.44085162259102756	-2.020374871836512	-0.6863561826571788	0.9316260517298722	-0.6237585663684531	1.7546555253276346	0.37940899771050585	-1.0140474766041487	0.1719565195331138	-0.8215889733499772	-0.9075150208626747	-0.09118858844610278	-0.1088266844168622	0.48451252064347045	1.3614680015309177	-0.8456938755889241	0.10050954242763528	0.10461483541168237	-0.020392903125255813	-0.023660756825310544	-0.8557125824472396	0.821129896053218	0.43219812614250985	0.1296925303183295	0.08011271104418176	0.3217410466192317	0.09957546128896934	-0.47519317516209214	0.962296139181152	-0.4486425271659335	0.3151771849091161	0.02082446997177534	0.46725283388261346
DTXSID8047424	-0.4810755964062751	-2.4669913454887955	5.951105835065734	1.2709767716897151	1.4400175618874396	1.326968440680021	0.0022103087351890076	-0.6603575299104858	0.13263399066533582	0.6074376628632788	-0.027532836963478347	-0.2981590029728137	-0.10463754649767142	-0.5265754268021825	-0.8241953456930928	-0.08232665091272949	-0.7315085695836063	-0.13476414510319898	-0.280481928831508	1.3284165921873354	0.08899000415502457	0.6001695360189876	-0.8609149299002612	-0.31535535194076786	0.37170279001127865	1.0040818998434862	1.1585246374039189	-0.1327879670487459	0.35667241430779884	0.28404112901476036	1.1710027705282653	0.0487203915224026	-0.5736108972571293	-0.2851813912010835	1.0454148390390037	0.4640377648049339	-0.5024523797257855	0.45473462038188733	0.03911399888573453	0.1293294178442202	0.40301959941911536	0.2312223840339474	-0.21800805160646705	-0.8185012436910166	0.17188390853153948	0.360945894927564	0.14585640305173142	0.4827372240114239	-0.09942123531736845	-0.2121125370445947	-0.028324815058709027	0.2950694745173225	-0.2249350453523717	0.1048513720878942	0.06120206730200286	-0.8240174444228577	0.11642033087847795	0.1505123971034115	-0.14224706404288281	-0.19706258869731136	-0.21161436727641952	-0.7784454017910531	-0.5036797401530249	-1.1447699650249108	0.3185307826417873	0.36756886473163813	-0.0350595619557926	-0.1190832802567877	-0.5650044867075018	-1.1390211999726476	-0.09874241153702712	-0.41930403918074877	0.2883689883159012	-0.04157748498736629	-0.2785173955371502	0.4191929389366803	-0.13309305548238118	-0.44954112850446426	-0.2325926934923111	0.2420750841318186	-0.776404143552675	0.3305495757837951	0.4676838070979349	0.32321065383877984	0.2420574806831549	0.12983976967016078	-0.5982609786659652	-0.6245515297870765	0.014572435196607062	0.08793075875306579	0.42827710530753543	-0.2834617771151567	-1.0886567834228642	0.39256936359693606	0.3015496323115415	0.14862034258413964	0.19753605955384287	-0.13758920588113746	-0.662450812964412	0.46156480594716903
DTXSID9020794	-1.611756614400091	-1.7165816398717049	-1.0088721987637257	-2.332433281070951	-0.3985947343943642	0.8438897317282257	0.998665850287286	2.288908274642281	-2.46019657551133	0.964090169523558	-1.5000546982158007	-1.8787281243940042	-1.619372880638548	-2.155642196736829	2.500341530199811	1.49110768972414	-0.11907308123477524	-0.3032523548745612	0.4700361768238108	-3.3089102749073844	0.5153548762121662	0.35029020902722174	1.8293989176623875	-1.967112579466716	0.6763738089048486	-2.2616140028664544	0.3766656614691978	0.9200248593713463	-0.7664041150460789	4.1124125530632165	-0.555736434569543	-1.5070366572413496	-1.922569831454298	0.6759388699119856	-0.833298942083172	-2.1091899041807443	0.3220354552766128	1.1888491037838878	-0.17552155364699035	-0.6546948470918516	0.29444694533428545	1.3042909397075897	-1.1887565080277354	-0.5176146660145935	1.6547571429201	-0.7586685615581277	0.9692385441083678	0.7839706477640399	-1.8207922728961874	-0.6947255894762298	-0.32336518846079937	-0.5449559916407095	-0.8882381433105406	-0.4304592164205704	-0.8367713146768688	-1.5216955488967243	-0.8904084682055085	0.9088362434317115	-0.19942530046365783	-2.033633366728136	1.5555634346382283	0.6615286127318963	-1.2746659636861992	-0.5064547397338824	0.24413266256474112	-0.3352740781526718	3.2167347125109083	-1.3422646024674698	-2.1445861633091816	0.34391633498918117	-0.7711776886522816	1.2186665733870288	0.6635980805275744	1.8135126159744042	-1.8942772338439213	-1.6335932573224476	-0.39411798788299396	0.721751428507075	-0.8615084413767174	-1.4510318300590672	-0.17842609808235907	0.413668423276078	-1.9835038711877466	1.6352831304686535	1.1894936790106412	-0.0027580821808567755	0.24715687827174354	2.0147007146842735	0.056454096293283594	0.1439676730814657	0.77863817348484	0.526805021537652	0.0012368227898680985	-0.09536304377183952	-0.6273651274282119	-0.01587164725263344	-0.5741058100787606	-0.2454235504697114	-0.6973093828956389	-1.438618602687201
DTXSID0046143	2.850064971738873	4.012422836212476	0.15646801512393516	0.561847818430314	1.0701421931103812	2.7625053267927364	-3.552990831285387	2.5831221936511946	-2.3389967667760074	-1.9796925663923477	-0.5169060234360504	0.1558001837942535	-0.5296722727305792	2.6989334100380304	-3.0860399834253194	2.1960708387111665	-2.1966008788921583	-0.04954874795652727	-1.7254771148124808	2.932323300788351	0.2379306993957627	-0.4481621608982336	-0.5045715991354606	0.0916874753951884	-0.0828574224455385	1.7592221416161289	2.6499865787179555	-0.513324891910085	0.17478323882684968	0.9268239209593888	1.077488164410186	0.5227714933103325	1.4344962037838656	1.2998279277790283	2.203750993146115	1.636802717663189	1.6834125697637277	-0.44778288364419505	-0.7654375446786407	-0.7974437957558613	1.5271281325114114	-1.2655269108131495	-0.15355092294572814	-2.219072299228761	-0.6510802328005368	0.7938803556614803	-0.16012030114970252	1.3765147617910027	-0.5527067762477341	-0.23715483276126148	-0.4911576854170191	0.41261516559973527	-0.1417162938270781	0.17100567443825848	0.8428996532854373	0.7403805296323851	0.7762458123871624	0.6715482247723148	-0.8437073066688769	-0.6815161099516	-1.521373142676648	-0.5660579753455188	0.23218717508599457	-0.3667343949437419	-0.8669505036504487	0.6597027621849357	0.5095030635917549	0.77974884860424	-1.8150099544867226	-0.7101774588017674	0.08618465552243279	-0.7543857343765432	-0.8115045452826727	-1.2575336085868172	0.3384506571943393	1.2051880277156817	-1.0372272972366638	0.4386852407023125	0.7179010543835481	-1.4725053343287564	-0.4395750353541844	0.577780122954217	-1.1013751826378873	0.891866648175403	0.7216638411562609	0.029177566938543995	0.8062223862516266	0.32084778715035767	-0.028384896559123927	-0.3919120227182059	-0.34261112210670136	-1.1495389389045574	-0.9649658019676804	-0.40049319935999744	0.13312963426448565	-0.34981774429275286	-0.34690919365162914	-0.6894811593313953	0.31762562341655765	0.3072506404342468
DTXSID3047760	-5.991043829842142	-3.0864939571576895	1.2839863912978426	-0.5331117547121259	-1.7827644678284	1.0068900342711335	0.48046932305134005	0.37859286681911813	1.253474291475279	-0.13808600167372967	-0.1949903204905051	-0.0032427033443412833	0.08299416229001827	-0.9972421594509813	0.5388447604043517	0.04130052151557954	0.11193137190318066	-0.5645379930873076	-0.1958032661660904	0.41479766940160545	0.1552213241582295	0.4797541989331153	-0.3111051154804406	-1.5674357208959537	1.0021300159724058	1.443998378345506	-0.662340241230884	1.0344169731488881	-1.401057645470615	1.5047134151548722	1.4077369025659674	-1.0806548741567625	-0.2948765093885576	-0.29303462521711954	-0.6720638581166213	0.7572315095787077	-0.5304189904015649	-1.9111327122060031	0.18016004804775684	-0.406045299234373	-0.16597592242967973	0.1880180822462565	1.0592823538405585	-0.2272552694628542	-0.49150721412856363	1.7732104656676437	0.30074837094086426	0.33428430653015506	0.09645124899765568	0.2470176560276256	-0.2502468080147553	0.02627073793851735	0.12434327338993989	0.1636040079407786	0.7000974234536456	-0.4921177015481224	-0.6951359354272496	-0.6297963087327091	-1.0882165618463808	0.06075778645732683	-0.1412991235234349	0.42137265361168225	0.6139491911351387	0.08767030034202763	-0.6102591176577891	1.2828461399646884	-1.1001478379557847	-0.5350500060748489	-0.48813248495989625	0.9529188236024355	-0.22543185127481744	-1.4520484417992279	-2.008706749875045	0.0846020038799278	-1.0537453025631471	-1.501840920614069	0.8963932237274658	-0.06870104818928831	-0.572293729693851	0.9404983349004418	0.377186513979846	0.30293677690882537	0.2754438259371131	0.14224881484003796	0.06413754896951764	0.311723197881836	-0.4794574975820923	-0.8905091481949792	0.47911029323356524	-0.21985008335894485	0.16056533482163537	-0.18489435477899668	-0.6931531764049741	-0.3453790419196488	0.03158890962388741	-0.001243031680064786	-0.00638595803713595	-0.46527487462238687	0.2697720679283961	0.2897602356762559
DTXSID0041513	-5.33442216859169	-0.8997713075921433	-0.9761909804308492	0.4951938058082658	-0.6478623051111948	1.2640314064266647	1.5191788195638574	-0.3141183703439739	-0.8460267546105307	-1.3656142666637763	0.5832098522171658	0.16694262286549222	0.17401231140423074	-0.6313542703492468	-0.8864515399998824	-0.23374428975811112	-0.39184049309526975	-0.7164409228740027	-1.0195848859730057	1.1360644046558603	-0.7583080186767716	-0.7168074508703323	0.3068011978764187	0.11201835159324822	0.30240553368739576	-1.8642074586165873	-0.11986697425336451	0.046684943224798915	0.8734852613943853	-0.4399122643715215	1.8877213140381512	-0.5609080479369831	-0.25446131729684446	-0.07738492926986149	-0.15234099442870763	-0.683676014503727	0.08135385101151112	0.2912106823073209	-0.6381681372920034	0.35700086613830384	-0.1722126833234431	-0.3984068998996193	0.7710722355347082	0.7319902646558969	-0.4805440647078183	-0.07125481678624038	0.3057125468816182	-0.12147855122869967	0.5170843002031205	0.6156049397812589	0.25673014654306064	-0.031785397692448	-0.24679128409440546	-0.19022870168692882	-0.21568565376289411	-0.388918681062763	0.4414150690729297	-0.897100833442498	0.21209572154040612	-0.5479890454369523	-0.06434610548288745	-0.7518349424617354	0.7147390467711127	-0.4735813511253176	-0.009251768502185159	0.6853587344105846	0.0421124727395051	0.07142027220149215	0.5176858209639459	0.199919234089266	-0.3097391375235322	0.29464137083914654	0.057074299545694866	0.09546578912983228	-0.01235151025179748	0.18222053783230605	0.14481713602360516	0.304386883855195	-0.7469836241709321	0.5948181454507822	1.6068942199797813	-0.06814415232686924	0.21266180009378718	0.11784166754245533	-0.07758613618614234	-0.16004357701207633	0.1955619934842484	-0.03156121068494306	-0.22883206088998928	0.09402114603730416	-0.6255735252320491	0.0729310724922829	-0.5490301855383657	-0.32112738787821987	-1.851306737126093e-05	0.41583379394146475	-0.4821035214896777	-0.43339848952905385	-0.20453709534351597	-0.16600542509396668
DTXSID5042247	0.20488641596573914	0.6950900678798428	2.8705817423799798	0.4045549137255702	-2.6961671536005154	0.5375268804590515	0.6833159650266827	0.9231700992761237	1.465431264415327	-1.0553941400408038	-0.10744573273896044	0.20233323749570895	-0.5779911201230687	-0.14787743027945704	1.439673674320056	-1.3519034349457766	1.3644761491797748	-0.06803957264362197	1.5774988949555253	-0.691625806866124	-0.003295972105727247	0.1143235246101012	0.5792819832113192	-0.2616788034568464	1.4040613461903844	0.5540152884562737	1.700543891521458	-1.2918760374130693	0.3846972115201334	-0.6885329390992051	0.04301019435827959	2.090553392247074	-0.45249789322899925	1.1302614898262318	-0.19061487928189258	-0.07557554601438761	-0.40638213803883294	1.355315868104633	-0.7861060474421904	-1.5211215773967055	-0.2944188985870211	-0.3170791764224031	0.8751278158380082	-0.15370471250542198	0.1277259699714669	0.620704730396918	0.1946676163484976	0.113649540539224	-0.2313349691528462	0.13017191210836415	-0.0058629285195676215	0.7513535588512361	0.22512747580504155	0.06289412590669896	0.28696864942727335	0.14215058680525447	0.7457250883191094	-0.290351066992721	0.24913891822008724	0.3785371411311379	0.7951726048503066	0.22208288590063144	-0.07478173433838736	0.30880552938383515	0.7765549939103918	0.3976571995029182	0.06075084016313613	1.4600274847739785	0.6500632473591009	-0.45382587729906415	-0.23773212793268145	0.9368969956813215	-0.5552807717307106	0.783345645339364	-0.4510924375214951	-1.0240483821689714	1.3295828198416273	0.0134226666738217	0.8365487457364734	-0.40588428833285095	0.05353698709742723	-0.1875935183302719	-0.4494255440985392	-0.22828016754385821	-0.5105276665704054	0.25771783798083936	0.331697384941946	-0.08419772947715733	0.11670522374620568	-0.15914289175098356	0.2352116285585921	0.24386118290587094	1.269541297929195	0.4219123663187994	-0.039618187054133176	-0.018160796369572286	-0.26291190612588966	-0.425172039903863	-0.7771190928381642	0.2086620218788104
DTXSID6022058	-4.102189270588615	-1.6182407386796405	3.0852052578568556	-2.980428827324647	-1.585314958129234	-0.566325469423797	0.6888233324176488	0.22029011550520777	0.6892975595675331	0.6985848263331962	-0.05790477144445608	0.2566220767981897	0.9032984015473589	-0.9953166192707958	-0.21739999514407757	0.3481797058895431	0.09737115644453133	-0.21128433535970023	-0.560713360593482	-0.2549014389445515	-0.1027704408737744	0.17747720640926354	-0.30706354425819143	-1.1945795868356457	0.5297392862921906	1.4858219744179113	-0.6244261169718879	0.8784144529068291	-1.3906207949205511	1.478253868989114	1.1841974259553463	-1.1690298256729594	-0.24187394638377901	-0.0913578855925841	-0.699001974354659	0.9824098860587966	-0.5881683277889053	-1.643212074338047	-0.07068800561069606	-0.7500625450835409	0.017105597289491098	0.3050517241550333	1.0396621270784752	-0.3823758131436311	-0.6471058938644546	1.7641208867631855	0.1112656451760208	0.18897437889360283	0.18344128477154006	0.020372134111112924	-0.23416090149245766	0.008016331207568532	0.18487939723886632	0.21343234622342444	0.554274982334858	-0.3007108046180008	-0.5054190677040845	-0.39168478408750257	-1.0986690123764324	0.029741397156188256	-0.3827724880142184	0.4447252226400397	0.6155616819720081	-0.08149787720746453	-0.673807928479415	1.2335816123379046	-1.310750982130737	-0.18747042965183608	-0.23457769714762217	1.1927182863917152	-0.28060811673501795	-1.4606969712893392	-1.6188927161967421	-0.010648117493314712	-1.27471471421857	-1.2234647835517887	0.8873319749041997	0.2225929067063556	-0.4790278733586487	1.033007303603416	0.4410051048586225	0.46344074887752534	0.18972302673854646	0.3300237282589278	-0.12557790068674857	0.2860330933816408	-0.6463049806296268	-0.8947830415985447	0.31596830383301616	0.00967766795191675	0.11895471205206909	-0.4566399466826344	-0.035352526975605744	0.34411787447394576	-0.09107968667113396	0.10659278528759356	0.27577666146314406	-0.4899514602130364	0.21206170711447345	0.37046188893624954
DTXSID1022685	4.4489200017542085	3.999022312308	0.6210418420808457	-2.14257137636017	-2.2127068407481536	-0.4750273645673047	0.41417672325243104	-0.35740700118792607	1.2771373452588555	-0.5460632882884557	0.2747475720651813	0.3612090227900906	-1.3753878167161537	-0.6556255109135657	2.040595519950603	0.04814816807769963	0.011315609550693382	0.2403909486688471	-1.3209079628241327	0.17133665625555178	1.5584016733767159	-1.4167016491004245	0.4466393822643535	1.0997592897789108	-1.356185112005549	-0.529573548809113	-0.5122321514593741	0.5741011885748641	-1.4627548972336888	-0.5324641952227274	-0.9965102492850179	1.7032572221941413	1.1785707497351294	1.4521215862547754	-0.26346327640890266	-0.4436262091861845	-0.28715881340528737	-0.09554408175802546	-0.4219683304255456	-0.14394036116448955	-0.6121217411069395	-0.2972066260727385	0.5988882581937158	-0.608113248532555	-0.7868518563780593	-0.37942565243407117	-0.3711664568950464	0.15846707941358928	-0.028983633427864027	0.1871154367004224	-0.18737678463319987	0.13338863715141144	0.5337313342207972	-0.8360729792510282	-0.6615176484932972	0.9571490996216028	0.5705212511641805	-0.2736884997771133	-0.6208280011179678	-0.8691379397555367	0.3099075283319294	-0.6988525151251999	0.9347817540599977	-0.5039701086512187	0.3395178463865531	-0.49954369614901156	0.008345782470766384	0.4926726849633899	-0.4675260996500089	-0.050080978571000453	-1.895229986065631	-0.9029953635221878	0.007128988958829816	2.105170251053713	-1.08964137421462	0.37236830055342374	0.12696162097147945	-0.11754541379871859	-0.7674498024144616	-0.5246934105133525	-2.4704539531952423	-0.5416505461809743	0.2344116200410676	-1.3301483078784595	0.14545952301108947	-1.929224573050746	-0.06084767047913086	1.2620503247238812	1.0466546473644704	-0.3561025179898317	0.1953944290301362	-0.34203842216019725	0.3873422759571008	1.0830354184765918	0.9080913266323097	-0.4391112796509848	0.3055233332896771	0.3930564263999425	-0.11859510216575704	-0.4140725852157424
DTXSID9045138	-1.7803874569424525	0.6240049933477594	-0.3883704042830273	1.6044751165580335	-1.6395821570706464	-0.21087641443078953	1.4769586825050447	2.4675479989619022	1.494307080314408	0.4393823363572301	0.3585170398227852	0.19933197492291446	-0.37165639455225913	0.5360808709116863	3.535614090843042	0.6548185593856488	-1.6510730295613538	0.5685841660912933	-0.8226971301121331	-0.36931161384927447	0.0072675419141505024	1.0977526465066538	1.520638839085589	-1.2969370936658302	2.2345901638691834	0.8011987970346366	2.417071178214643	-1.1177095678421824	0.3024083286468273	-1.5172953066286494	0.6328721621233491	-0.6299422829625343	0.5170482583719584	-5.025705652811612	-1.3747643228228175	-0.3941317288134112	-0.1077854143697129	-0.283979468547693	5.668346799558937	0.3702286934365419	0.38571467662610803	-1.7199316128880497	0.3002634454562869	0.6061712995053562	-0.15119888671538273	-2.060162981562541	-1.2077667066640656	0.7132300423619921	-0.3548852287458169	-0.14591436949073044	0.16737576482676556	-1.101789498052025	0.2842596625693545	0.6832460599877044	-1.5267675788568298	1.6715771518920242	0.9502278271770475	0.9346817190622431	0.7131784166175211	-0.4577191664644137	4.80273734425328	-0.5337393578074184	3.637885999829563	-1.1585860715356284	-2.0142633367084883	0.7679722564608051	1.0382082217213822	1.8078970833123493	-1.3455815853178017	-1.119164191633346	0.2931812649866715	-2.3156783333682673	1.4964005153920132	0.7855491243135458	-1.2998785197416436	0.8589332363724237	0.6868355298858597	-0.8550509720387343	-0.19779668141374188	-0.002351196942731208	0.6814156231183179	1.0809365748074538	-0.4588781542566834	-0.22589833808650353	0.4646137895157284	0.3276962869436434	0.32849935779738293	-1.1912669366067097	-0.16927106725073532	0.7302712679803651	0.6580977652860566	-0.3882478018593926	0.5878561938920547	-0.12296366766106726	-1.0009113392509075	1.5226694310314177	0.1433015263964087	0.2297857414052598	-0.1609030182645715	-0.20733049054946331
DTXSID5041778	2.853973498914735	3.855956857065569	-0.008187298031736238	-0.615669830694187	-0.7579309168701683	1.0842373937119236	-2.1211670824385895	2.735795042337617	-0.8393063524450028	-1.7369975298077822	0.2975329384391715	0.24999365853760347	-0.2461881719355283	1.307233896561443	-1.9239793113451182	-0.05884986611433341	0.9912364052222286	0.22860866775856525	-0.8924784739010949	-0.490992678461779	1.4405910167503806	-0.7339373819471221	-0.6811218485887311	0.7851966106727964	-0.4086944168246656	-0.812654755615148	-0.9116179073432897	-1.7653886130319243	0.2790513432743938	-0.527110506091487	0.14110645377432876	-0.08078891966053722	-0.3136625517229481	-0.7386930954270673	-0.8742316771842884	0.9386265834109649	-0.2865112806434209	0.1085198020417664	-0.5610576129421248	0.21634671223736465	0.5416548451983147	0.45762151759441194	-0.8900822541271849	0.5426556303765588	-0.5835654013070436	0.6754192303425309	-0.01158357339329992	-0.07295356861340999	-0.28305104069552894	0.3008037701942924	-0.3876834794846722	-0.17669628172546878	-0.1749928365583998	-0.1050190490853223	-0.5890127015838079	0.007842212247813863	-0.1620430051870593	0.35630985405600224	-1.659929926119742	-0.19613766972799818	-0.3214280931760577	0.3605632650804921	0.865491908079267	0.8544431954820015	-0.739368374952843	-1.8101717758376716	-0.8618355540642608	0.3630587383912945	-0.8765612757857608	-0.631411522332856	0.28738949340856335	0.7718649198140584	0.07577040440280013	0.5913908057678727	0.12890286673072743	-0.3378208618676813	0.9054903834285214	-1.051703389586108	0.7007620060055498	-0.44454851943712786	-0.0809209025719864	-0.4309624567192053	-0.020286765663842684	-0.5989087080983189	-0.4247028471523404	0.6003361081703014	0.468295585476972	0.2958148927379966	0.5046060386770503	-0.04389871365637374	0.48999769724854014	-0.5491508081363454	0.07606147786897254	0.42146908095116914	0.1597439147380358	0.7965426556517654	0.08468711163915771	-0.02725965901834378	-0.6739177308358685	0.7116523988673428
DTXSID0033960	32.591850467084946	-0.6948309141061222	0.7295508442115545	5.730622176424922	3.7118166510071893	-2.4515738082546026	-1.1058839422943605	1.679673685871661	-0.38053349378659496	-2.96662564607002	-4.597434957458256	3.0395362893836433	3.051170484666574	2.3089872107201703	2.9461574041753833	0.5331038055219519	-4.661508355773351	-2.5840395444990905	-1.8346659514755173	4.915933544940991	3.607602754713959	3.9317168521196706	3.6128868881541183	0.6582015572816476	1.4922464433441476	-1.4797414298737317	-1.2361762470724103	-3.217749192864299	-1.3921869893578718	2.3665805537111266	2.294352757699737	0.06388349748928034	1.734192413201105	1.7460013128006397	1.6359941925674142	2.012935067219714	1.0482553975004767	-2.6208412291078087	-1.9086008923564384	0.09416889750821679	0.1509801372107807	0.0726050351911131	-2.3225663657599473	1.3126184771189264	-2.328794783410095	-1.171392044587017	-1.6410849577059816	-0.0914730086742147	-1.7384797345838365	-0.6115142611354155	0.09194468178025884	-0.3781053064219724	-0.7155872060827183	2.4992827186847713	1.5909275934143268	0.38557287994815825	1.9266767100692528	2.7659976387861294	-2.336400978970244	-1.9985224463953917	-2.829049207221794	0.7105602696876664	-1.6420083984836937	3.461336278678606	-2.7823735443391637	-0.3299570426630069	1.9015527833753774	-0.07424084741666989	0.9058930689721483	1.1490992233150408	-1.191415365596582	-0.5873186970238793	3.4618236417007093	-1.989790428489898	3.2050747341315544	-0.30873024942022126	-2.9947720902687402	-2.290339251480648	1.0407806622735414	0.041394414591132626	-4.051927023586496	4.164364724213224	1.361550087243001	1.869637623030538	1.139882180694585	-0.505654941620319	-1.3408265506010801	-2.038575406824914	-2.6700277506766112	-0.5458797293638363	-2.119672847907211	0.622312346425892	5.970506291909216	0.11306349772994373	-3.2057115629720756	-2.42789502573837	-3.4827917717923556	2.776625208326563	-0.34325247178441265	-0.439588000928187
DTXSID2025503	1.4630610914341833	2.1444246180624402	1.3402970657774302	0.6232046605012787	0.11524946482690031	-1.899782895446455	-0.8358102825903796	-0.3708842785940444	0.2978122437036549	1.4407998944998657	0.03609362343650386	-0.5147105767100415	-0.8354068359801206	3.1852096285853673	-1.5126155337183838	-1.4603632379497755	1.2025689772624106	0.033245922557473266	0.7968078640226615	-0.7276173330622928	0.07514619006654502	-0.294146289312884	2.0048517519151936	0.3335629269025522	-0.2555950639438166	-0.3685693734159728	-0.3254463393257078	-0.9407853936875324	-0.21239355212143082	0.2983886244663512	-0.39259099578147777	0.0614921430293479	0.26540589728988884	-0.26606066699296127	-1.6533998424823597	0.2516544133475097	0.39628375719269415	-0.3111113958058051	-1.498925153835014	-0.8582817671473194	0.19079037989290254	-0.3044957673595309	0.09956284967079498	0.11109535912836416	0.4475456781671712	-0.7359668306754789	0.23712314875910262	-0.22558812745478288	-0.32971982209146433	-0.04640732773047674	-0.3284932733742339	-0.6375902753435045	0.3135546494736032	-0.32025049817562345	-0.820642962490011	0.8686163399763038	-0.23380568039578153	-0.027710932622931804	-0.32066336882880353	0.3190531162420519	-0.5384898522078866	-0.17080408424661678	1.190959991065885	0.4713661028099629	-0.7049009431336696	-0.8830685913762375	0.016861506197360914	-0.7899288534373307	-0.33276715113938476	0.31705949469463646	-0.4650427079379158	0.04111194734173934	0.7547889412546829	-0.7838886382649249	0.28037903848995027	-0.8642435042913578	-0.6628119337808746	-0.6052601161129619	0.2185667110737701	-0.3727626241120643	-0.19975890435218763	-0.030262359400739777	-0.1406673762714423	-0.3733834079519249	0.07603677281206074	0.031596278732476134	-0.14705627344541752	-0.46844826080207846	0.235817622073244	0.43925674842470697	-0.26972907596644574	0.5205942238487502	-0.30917881075317666	0.10288919904637614	0.3668847507334647	0.21499068761409726	0.08955609238932444	-0.35829681071457814	0.023212855846385216	0.6152527053912361
DTXSID5048631	11046.900693575113	3508.462530885785	-11368.34983820743	572.947194029045	11702.667583477287	-2002.6622732084058	-5961.404791997594	2444.124731827899	20958.72027866654	16260.318162097019	-5507.810911644328	11319.657684451822	2849.7636827758497	-14979.496444478818	-12211.259915331224	2593.493080784402	10551.63076525239	21763.32352495098	-2319.242609822713	-46027.74299411067	40821.60709730078	-24308.27071588227	21516.27360312326	-6857.60785541786	45884.52641408606	-1557.4981007165666	-61600.11510727529	38537.17413404103	-13871.028489893864	3529.572315087497	134651.49646676204	40936.661774919354	66131.66925351635	-6127.778589944287	110481.22464246216	-14028.531240794777	-18670.163685895735	15023.436910299346	-12175.163327958404	-2960.430807601894	-31908.78389572102	-18331.92828044928	-6396.232979399981	6925.273725532239	40225.13228620592	-6781.967480009394	17932.4907027535	-48455.6341562028	-19891.711206703207	-26683.270049171682	520.9753714111752	11839.927666988495	30606.941757225522	-714.2514103925182	-29825.560475295504	32832.215588625426	10650.264561885895	48793.98680426702	23469.520922477754	26614.230016419715	5245.482683974563	28466.01248825479	2048.4942500585958	5622.461308574025	-7219.934942112135	49847.12820584038	-25960.165674572636	-78521.48163408866	-23978.06965505999	-9149.124784453761	2444.6284929015915	5241.123491375816	28076.428394699342	21581.524766035174	-31030.449385961903	65796.26944600327	26190.807057900845	-82238.99590046088	-15524.424914577112	-14868.26259126217	72608.26267301502	10234.71402101542	-48548.93584817162	16312.191808821985	-31356.157535192786	39279.99905658656	5700.277497140465	11721.623506477015	34979.5531518405	-89063.67320055603	-3771.752999840311	39222.40273990564	-18544.185225700236	50677.99540044145	15106.499405976709	-31860.554352122937	6673.396379385041	-26262.06555298015	15291.025119196558	38192.57748149439
DTXSID4021391	4.470356433456851	9.221290656637516	-1.354567345409574	-1.0430326596109296	-3.9025940596684974	0.4861457949216501	-4.08133579582006	0.236121515785864	-0.7056159550945267	-2.3841181029212994	-1.7926498158715038	0.4165070557372144	-0.7956134963991047	0.2778402729895729	-2.204950324778357	2.7714371186042674	3.528302217614162	10.3355742482794	3.95426769491045	5.996739613652095	-2.473411937324483	2.879140673255219	0.865705352846885	1.9585919450526663	-1.7931016336298138	-2.4292855104790445	-0.4512039430884772	-0.48124150641697133	0.21613124139029913	1.8604042220216483	0.8560785420171091	-2.6866636103619377	0.2748205421216895	-0.18210268941116833	-0.9502469358225325	0.8020633009299422	-0.5332072479952427	-1.675670413719174	0.1736136736790912	-0.6461995855453823	-0.16013254559451806	0.6363563346232838	-1.3215495948927103	-0.7169498471474055	1.0249445318514705	-0.030184422248687524	0.04468106030845573	0.9220364094732593	-0.9522570080954361	0.606400991432744	-0.6071872085133063	-0.21151042720819974	-0.47596343166887684	0.42878067927773705	-0.8324175757653491	1.0235673422757054	0.10977512737352865	-0.21729243268597273	-0.8091270730923777	1.7074277909662423	-1.0956454476283053	-1.183258059514659	1.863639008678919	-0.21931031783097388	0.04873401971168014	0.17243110487997115	-1.5257790590208966	-0.7571950247089179	-1.8504360608423327	-1.3321876841194358	0.006671872947253785	1.2994574304249662	-0.28670056976759295	-1.0472421657236266	-0.1804482897989924	-0.7423048519121457	0.12684431695696752	-1.0693629949604768	0.6610018981731469	-0.5367404046204433	0.1601587113711827	1.1015171582940082	0.2652864917550619	0.8258351040028263	-2.0250430395819103	-1.370379906353752	0.35965645885376657	0.46903557172028715	-0.11747492777007365	-0.5788156963922677	-0.9053932936298082	0.7211591047701876	-0.8524903596722792	-0.585789781857966	-0.3760335405922626	-0.6634786067175527	0.6715061057157817	0.14228350309081556	-1.616771197234638	-0.03785745084167581
DTXSID8027294	-4.838799509713934	-3.1991973470698807	-1.1234178608220828	1.33478301302801	3.74896698877129	-1.5827381246557621	-0.2747299126093684	2.333827205313422	3.0237639108583245	2.4667289434395556	-2.6735969452499693	-2.000819681071874	1.6466000814022277	-0.5700269159499303	-0.014269893681560447	-1.3881638909298852	1.1795137465076768	0.2738070141291024	0.7399032642505954	-1.3793156267653661	-1.5790282575429293	-1.1960935382139246	1.3036867847352092	1.1979284739831617	-2.257492357444876	-0.47405473296965245	-0.4512314494635334	-0.3366453469080689	-0.04490358496387109	-0.39264621002225714	0.02674537736793256	-0.23149527640119139	-2.30811986705053	2.6927765471454372	-0.12389656952644183	-1.6782689290191837	-2.454328981561858	-0.20244907528910028	0.9623936378257412	-1.7671088974241147	1.1032157195983983	-2.278460280398754	-1.7493587476380847	0.007471412939296419	-1.1919112340428806	0.027101731147878408	-0.14311232886884276	1.6429143738493925	0.5425613912139668	1.1368935284377228	0.555749899670559	1.602760267272817	0.757929840857735	0.6068881452058429	1.8781422980193163	-0.396826086862138	0.022412189822482536	0.581994268785622	2.0219730311237964	-0.6472935641746386	-0.09552473663072239	-0.351737871345218	0.3850789217815087	-0.5069127183199374	-1.592860230122911	0.5286563235347472	-0.5556951677403534	-0.6280930807883676	-0.30018675599616773	1.1210628284339186	-0.12641456960692238	-0.21955088409334061	1.0752419672445415	-0.32100057696512246	-0.16025588050946452	0.9198717668693042	0.577710253202504	-0.9326367456644501	0.00839749993239388	-0.851107683682551	0.05344170841754769	0.6708632773987581	-0.4972275814439625	-0.6328066113284907	1.094078604268758	0.033075323798690215	-0.2593936736316188	-0.4247248919746515	0.26026681596327517	0.26713334518178183	0.08912650249463099	-0.546288192049272	0.06726799420270695	-1.300548296817802	-0.3974734107993171	0.004332404608389639	0.19565043277839425	0.01526202704534738	-0.41788009814448146	0.5362441804653774
DTXSID0057835	12.353820126013792	0.1965966744581808	-3.6392609907783573	2.4527142254031347	4.293541145339121	-1.3126077776524367	1.0847384321272597	4.463575187041352	-0.11651653655209072	-1.5749895679788846	-0.8471391857000679	-1.8047068217548552	-0.172930284581719	-0.6077584101643885	-0.6159309347148108	-2.8806184807998814	2.4132624176844883	-2.6842461366435844	-1.6712820478050772	0.4462988929696933	-1.7901766293526051	0.6161163560746974	5.065955542378968	-2.7202152418239978	1.8597189965492265	6.723913505983773	-1.6950775135567728	0.47279147650001885	-6.868999883260584	4.977994567203266	-1.6700868495915118	-4.482410226377421	-0.10292663101222307	2.862653876140898	-0.8814268392011593	0.06856377301360472	-0.1967406836540053	-15.697705621226575	1.5473151734224455	0.5012722835461678	0.7541569419855825	0.7102137632799153	3.812387514233304	2.1022808065809167	-12.157013918749337	30.69508236560806	7.252444569835088	-9.026575754720623	4.2295684584965345	10.487410761806752	-32.773775259232494	5.1662238636173425	-17.12333626022408	-6.392292341774636	-17.725318327088054	11.770166714873012	3.1995613009121397	9.269499684362307	22.351451507692538	2.0402265412698677	0.9019885519590055	-4.728393118698789	-3.298197073432125	-1.4693243945582124	3.34241772632157	-6.04141565609399	7.992170056852742	2.7901037916585154	2.0107877591125827	-1.8400790353678518	0.3667688692805052	3.8010044722274605	6.31275854516287	0.8394416042149798	1.863117120531248	2.589533043851238	-1.2640546322212034	0.05878824385117475	0.08684247961488213	0.6031525797189123	1.6644979130636532	-0.3602394486938858	0.2744576956167427	-1.026166384611058	-0.42257823522235866	0.01674113978007263	1.8251824349935977	0.30766037735077956	0.7316720524473909	0.3705780916029959	-0.5373530788698841	-1.068125214943211	0.7467920881797642	-0.8647153391993074	0.5407058396321733	1.4157961882927386	-0.37474674780074746	-0.2661936944082259	-0.8500733844433741	-0.5158733042821093
DTXSID2044927	3.1525689273402255	-0.9758970749579605	5.2039299316311665	-4.626150293304354	-1.2868226800474176	-2.041352253186631	0.8566817948859061	0.07297391321777223	-0.08024761829633144	1.210446671851934	-0.7500648434092723	0.884656084368952	0.5460384685727452	-0.562627635555328	-0.34397445024324486	-0.2425248965817955	0.8365456271921878	0.5857579071695471	1.0015827481647699	-0.9185743083353999	-0.20437174536581093	0.19094170673203942	-0.24823960738049491	-0.3997090648133756	0.36283449851643773	0.9963335139671674	0.239711590836041	-0.7265870308326495	0.5132013881801102	-0.7678070933611512	0.40314630377076577	0.6129312697490215	-0.8485734083255884	0.5386014512667705	-0.08383952943050904	0.31876685493230844	0.5303306071171157	0.9645293898568279	-0.8198560703214268	-0.4696473760040275	0.14325163492104126	-0.10896022977654109	-0.16202338495192117	-0.5869503652038057	0.056108825265606344	0.13351041796691276	-0.20391924675080653	-0.09309647063226938	0.14545865383814555	-0.2965979828703821	-0.03952638759494151	-0.1145130391464405	-0.1419448596985324	-0.20855255531961198	-0.2633057682701337	0.014859122792306096	-0.17751000789225413	0.2560639146533207	0.11357014502908305	0.13964051343427533	-0.23184813284148315	0.23208202510955878	0.5696591694924127	-0.9601807204611725	-0.4057367977759037	-0.5041426908950882	-0.5778904837480382	0.03418936122017764	0.20053015384899933	0.882016308394607	-0.18544794074753118	-0.07265708453296611	0.9647647769140173	-0.5100261723016855	0.6221927213268341	0.3431588628216798	-0.6038060324500976	-0.1535006197730636	-0.784917154715664	0.950240312250611	-0.40196384940132696	-0.5693844636309066	-0.23766877209382542	0.3618106620841382	0.3759161967661447	0.12364408412908136	-0.9867330376706775	1.0688604841408977	0.0395987240000611	0.4336926174731912	-0.29495911877584596	0.04333712198545435	-0.196427982739045	0.1752578955559658	-0.33680985496695304	0.04657749137935193	0.2642698336900956	0.27236297669996523	0.06467753035890642	-0.5556681772964566
DTXSID9045924	14.503469239147213	7.773019755201548	-5.300096906220203	3.645891915139379	1.238760690693574	-5.078020884997482	11.516960354044503	-3.6077607865431878	-4.027619806087899	-6.46339967778675	0.6437008807289136	-1.9263695047880962	0.8284584762495953	-0.4433827752315155	-3.375053492094582	3.355328608220771	-2.3579761122274454	0.47270442780837857	2.2482092701639544	-1.7245869525872135	-2.2948491718187825	-0.4424715623943976	-2.0073471162396412	-0.8877301037491082	-0.8545732107136019	0.3663767404427027	-1.7223600195621716	-2.835443245198246	0.5915462856080473	-0.27103558580245335	-1.7867306938736234	-1.261954647138278	-1.2950104569024463	-1.2265977306560025	1.3867426394276385	-3.016198597555688	2.9482520979003093	-1.5753762741658992	-4.230971532001457	-1.7774656144708578	1.980250337208687	3.527750216535453	-6.713925208167248	-4.442159919649806	2.5178617322300263	0.8870210383501153	-9.340909665094667	-11.03222376929227	0.6338040801465412	-5.6524120394237425	-9.329286475037014	14.712358948477657	10.456699144882197	1.4848133778342474	7.396572249079788	6.6021252259620065	-5.724778316487436	-7.151731021898411	-0.4772310217346958	-4.731002175405979	4.96664114766321	0.12579653544705954	2.4826600442025284	0.8341307960260186	-0.3113910302060646	-0.7809405661518455	4.067050173916859	0.7881973971006101	-2.7038011926476733	0.5572270945162392	-0.7961897518467945	-0.2685003532730707	0.2762787400763916	-1.6909201059656602	0.8922778831039212	0.10650508375213426	-1.1801193112826425	-2.3700670957298677	-0.23884896390337884	-0.8600697297008019	1.523475926616902	-1.2556816484177133	2.293084794541598	0.27868795268966134	-1.3619573750598257	-0.5950479745614946	2.2899106205976856	-0.1636329742725331	-1.3979843415148125	-0.28163732418909593	0.07049858954052401	-0.7225640767447626	0.4619406478118664	0.18763203854556856	0.03861146838840981	2.170508247496129	-0.4755302588117921	-0.45541589833373036	-1.676572974259772	0.39544931420997953
DTXSID7023146	0.49646069633391404	-7.619879094705574	-4.2038975841283035	0.6623432182562794	-4.6774629545223725	-0.30860271905812786	-3.3039048235293973	-0.794224224907354	0.7134458692316415	2.0627509812736498	1.4345819788805831	-0.3651183350138887	1.345716022087122	-1.8695444803846235	-2.6174068554828613	2.522839950292927	-1.133505543654105	1.327934966699998	-1.9265876864749598	-0.6833541366193752	-0.8485881737992416	-0.4205825843199849	-3.0515359381608174	-1.0853688353920192	-2.150570097985747	-0.527245526256719	-0.9777238084045125	0.602819451785472	0.720144608421626	-0.9947161957660406	-0.21019913550930264	0.028748965583053693	-0.7588308034128163	-0.4594215792782949	1.09703985950088	0.295803175114308	0.0690749746517911	0.4030676251513447	0.3775413873364371	-1.2123138217065887	0.21268510492076398	0.12127244146160887	0.5934273832373135	0.2764644953567902	0.7402851862483671	0.8563879258189446	-0.31291209040971635	-0.04541806497750057	0.13831888962116445	-0.14190729212846842	-0.18763225741841522	-0.11205961022262366	-0.35040478088706184	0.11514830313600362	-0.5642838952112523	-0.29838833361323486	-0.15060544596984135	-0.33011530596604627	-0.35264181726755606	0.9791377713657671	-1.432700878155107	-0.29022854238299195	0.1287168398552949	0.6642227433841927	-0.8120704325381906	0.4878917312583065	0.8059039095942869	1.0311533977915006	-0.79878945276375	-1.7842697863936121	0.584848127328084	0.09914988891028746	0.048841291772481595	0.5838388310463752	-0.5993552989353301	-0.844958681782777	-0.8643242929100675	-0.7468066951956445	0.44311189744164714	0.4061676054639614	-0.24225105386841603	0.7924845219737572	1.270058586322963	-0.41182481648930086	0.4675571961762993	-0.16968882119576723	0.5230477937493417	-0.22468423274566315	-0.6426429713507632	1.0048868834499582	0.574990592760502	0.7259336672478863	0.1583570054490621	0.7789367025327529	-0.7613377118279131	0.41778355201175593	0.9924832468538451	-0.1430759641625205	-0.09689383874542903	1.907041422154523
DTXSID6057615	8.850072714062712	1.4168327343832032	-0.6035838676062507	-2.4715988858722655	4.424695830024613	-3.1660356428825533	-0.864750322489656	6.096647922667333	-2.274281881561776	-0.2319063001034585	1.1930457552772127	0.7286850760056367	2.8247443909095673	1.0254326626679346	1.2730615412043234	-0.8911189456043312	-0.5312694905942767	0.576322361639544	0.46547578022321096	-1.385392119098575	0.20743272441736166	-0.4503886005036051	0.6715004549983807	0.3575929334476165	-0.12782368290454962	0.2603810225048467	0.8812733260211956	-1.0226315004922748	-0.06778082735079625	0.076584964950236	1.318752006181189	0.5408417114913415	0.48189188288712653	0.07109177609316028	0.8014498945464424	-0.584598808863301	-0.1772688890990928	-0.34185184476407576	0.8124503466121996	0.21168167479293115	-0.6682900991356028	0.607957786639258	-1.252482711102202	0.965602352649916	-0.3808828835752358	0.20092407280793642	-0.1120125663736135	-0.7210890180643417	0.016594900240489496	0.03934373553623553	0.24790556258797705	0.06817203704904963	-0.3431278776936902	0.16705457739430368	0.5486033014907045	-1.0933952773092246	0.30177761845947376	0.10681179452015836	-0.5245814539274545	0.07325388437648583	0.20866780628490691	0.19166264736399416	-0.7738647402374079	-1.0669966835467346	-0.35778188339937533	-0.6053197521761137	-0.4956703563696523	0.6865300407775078	0.8341894174537641	0.28124378675044714	-0.10809653102321774	0.2830399150024209	0.2084927850656085	-0.04501868689850493	1.0958500379882183	-0.4406047655200944	-0.4476050204565459	-0.11697056617421021	0.32945877803948126	0.007339269182831339	-0.5308617927107472	-0.16266260029061905	1.4519799960427813	-0.39594662586107227	-0.84689542931097	-0.7186598456603175	0.33506411257187624	0.6342536509963984	-1.2758421407919989	0.807896819088082	-0.37537801478965765	1.1201320105472077	0.7224930145274494	-0.6764957540347927	0.6965403700174951	-0.347420321883184	0.47845043058921616	-0.3557899892435413	0.5537511690807319	-0.3132760911781149
DTXSID5049281	-3.5853248877141164	-1.7071527878920851	-1.4631566648042715	-0.2073985372960314	-0.12357339769710872	-0.6826572450758798	4.081387182959852	-2.259615607595134	-1.1912411944587988	-1.9487086094586832	-1.2392453800795964	-1.6524799962263899	-1.5579038009514878	-1.28034862881256	0.8821411638025367	-0.3439688412690433	0.6061570762254987	-0.6154105132035859	-0.7341990050744006	-0.2890003353126716	-1.930358419673206	-0.7424024927065396	-0.012418478212356983	0.5019449749533726	-0.7799495023319191	-1.051952620549904	0.7300621315228351	-1.2540947586533318	-0.21443208824346213	0.5762260068928348	-1.9092297291067148	1.6057356709961155	0.8897153071391251	0.204034378531837	2.0164763853848506	0.38407832427270167	-1.0292599453290787	0.3211643532751557	0.982749306716583	-0.2226801037677523	-1.5822677997041237	-0.1900565911716049	0.19307050885516355	0.4728412189452341	-0.3235058348262368	0.20972141321921287	0.7416288068126391	0.004285203263859478	-0.46808919317557457	0.6828456548944943	-0.1406230228408814	0.17464672605476794	0.09077947090105312	-0.0414830789258199	-0.046282994080474475	0.6895370724769044	-1.0964858805594018	0.37083919668365495	-0.6819004995734154	1.0900162751277416	0.09133456269515425	0.6460018223581984	0.048853565153298334	0.636022065148804	0.31857777475258414	-0.0576637140800898	0.16884691574403335	-0.7034433374772212	-0.6507625890388679	-0.35302478759210537	-0.2904762839472803	-0.4744155477422926	-0.3937858618028242	0.0829989942418698	0.3394304947658842	-0.06761814852030282	0.06078010027880722	-0.35902372140400785	-0.9382248489744328	-0.7183647393412324	-0.4542195619001713	-0.727851178453855	0.28516941056179407	0.678554632082939	-0.5025271965330802	0.030512383873870542	0.4799140803028686	-0.7462200081617211	-0.3875846758160818	-0.8150826962795703	-0.7026625075574907	0.30679327683308294	0.08163249885329998	-0.896269414826906	-0.2095133737287188	0.6754796509123941	0.7592666265609631	-0.10842184838524527	0.10379642706049781	0.6029091843226682
